0.51265,0.04590,0.00608,0.43538
0.09380,0.27548,0.20845,0.42227
0.05503,0.25807,0.32415,0.36275
0.02695,0.02611,0.04401,0.90293
0.01022,0.00814,0.74495,0.23669
0.01282,0.01329,0.01412,0.95977
0.08756,0.07383,0.33626,0.50236
0.97666,0.01610,0.00213,0.00511
0.00769,0.00867,0.08705,0.89659
0.39986,0.02970,0.51419,0.05625
0.94863,0.03943,0.00422,0.00773
0.10081,0.34589,0.35651,0.19679
0.00902,0.00911,0.02758,0.95429
0.89122,0.02900,0.00489,0.07490
0.66786,0.05543,0.19636,0.08034
0.92996,0.02610,0.02795,0.01599
0.01820,0.01700,0.35426,0.61054
0.06708,0.56639,0.01021,0.35633
0.16366,0.74970,0.02870,0.05794
0.38975,0.05318,0.00659,0.55048
0.75832,0.04301,0.00987,0.18880
0.27065,0.32954,0.00553,0.39428
0.37071,0.55798,0.01936,0.05195
0.05914,0.62301,0.05336,0.26449
0.76979,0.13626,0.00755,0.08639
0.07064,0.22745,0.00849,0.69342
0.03868,0.62498,0.10733,0.22902
0.82127,0.03659,0.08755,0.05458
0.01155,0.01526,0.01248,0.96072
0.98301,0.00691,0.00220,0.00788
0.07942,0.02827,0.01427,0.87804
0.01353,0.40164,0.56556,0.01926
0.22114,0.73343,0.01088,0.03456
0.56663,0.07927,0.00714,0.34697
0.79831,0.03108,0.00733,0.16328
0.93120,0.02314,0.00383,0.04183
0.29242,0.31637,0.01717,0.37404
0.04167,0.19633,0.02591,0.73609
0.85035,0.11845,0.00250,0.02870
0.07020,0.16120,0.47783,0.29078
0.70233,0.22504,0.03457,0.03806
0.89438,0.01225,0.00806,0.08531
0.04445,0.04561,0.01743,0.89251
0.07943,0.43374,0.35457,0.13226
0.00783,0.96650,0.00757,0.01810
0.40511,0.02626,0.36972,0.19891
0.61811,0.07462,0.19690,0.11038
0.04783,0.04062,0.88962,0.02192
0.61666,0.19475,0.02042,0.16817
0.96876,0.00863,0.00310,0.01951
0.04213,0.07888,0.86071,0.01828
0.11331,0.18117,0.02239,0.68313
0.81968,0.03497,0.00991,0.13545
0.77480,0.01851,0.19892,0.00777
0.04708,0.05661,0.12623,0.77008
0.04963,0.07840,0.17654,0.69543
0.19221,0.15083,0.64749,0.00947
0.05621,0.08481,0.18714,0.67184
0.01092,0.47119,0.01245,0.50543
0.92598,0.01394,0.03645,0.02362
0.04701,0.08747,0.51793,0.34758
0.89521,0.07653,0.00304,0.02521
0.85416,0.07712,0.00812,0.06060
0.02268,0.01501,0.07568,0.88663
0.21133,0.20458,0.33077,0.25332
0.18819,0.39909,0.00447,0.40825
0.14727,0.82100,0.02202,0.00971
0.07481,0.13578,0.76803,0.02137
0.37865,0.41125,0.03983,0.17027
0.66728,0.02659,0.10038,0.20574
0.56019,0.41452,0.00392,0.02137
0.43799,0.02909,0.50034,0.03258
0.01976,0.03240,0.00556,0.94229
0.02467,0.91104,0.00506,0.05923
0.92940,0.01620,0.04647,0.00793
0.12977,0.32130,0.01454,0.53439
0.03984,0.13568,0.80626,0.01823
0.50630,0.44984,0.00751,0.03636
0.72956,0.12799,0.06331,0.07914
0.74857,0.01816,0.19148,0.04179
0.02526,0.04647,0.00664,0.92163
0.05234,0.43147,0.00801,0.50818
0.14940,0.25667,0.56588,0.02805
0.89570,0.02124,0.04731,0.03576
0.28191,0.02433,0.60751,0.08624
0.91506,0.01005,0.06057,0.01432
0.05384,0.06346,0.86571,0.01698
0.01599,0.01434,0.04031,0.92936
0.17987,0.10520,0.01121,0.70373
0.01625,0.34461,0.00963,0.62950
0.01601,0.07393,0.88384,0.02622
0.94653,0.02405,0.00931,0.02011
0.03132,0.60552,0.03838,0.32477
0.03099,0.02966,0.34811,0.59124
0.06546,0.01559,0.17203,0.74692
0.03519,0.05144,0.90020,0.01316
0.11855,0.26865,0.57921,0.03360
0.20247,0.49553,0.10012,0.20189
0.35768,0.33295,0.01990,0.28947
0.14326,0.82048,0.02822,0.00805
