0.05731,0.05161,0.38048,0.51060
0.08973,0.07801,0.40371,0.42856
0.06268,0.05495,0.38058,0.50180
0.07170,0.06512,0.23820,0.62498
0.07337,0.06800,0.37360,0.48504
0.07504,0.06720,0.38760,0.47016
0.04841,0.04206,0.37179,0.53773
0.04693,0.04187,0.60720,0.30401
0.10759,0.09033,0.29099,0.51109
0.05500,0.04947,0.28185,0.61368
0.07445,0.06720,0.34436,0.51399
0.03666,0.03512,0.53959,0.38864
0.05929,0.05171,0.38015,0.50885
0.04825,0.04170,0.48427,0.42579
0.10107,0.08803,0.45804,0.35286
0.07432,0.06400,0.35740,0.50428
0.06917,0.06320,0.46985,0.39778
0.05973,0.05544,0.32216,0.56267
0.06970,0.06717,0.35563,0.50750
0.06260,0.05446,0.49418,0.38876
0.05882,0.04730,0.47634,0.41754
0.06317,0.05372,0.50205,0.38107
0.11334,0.12071,0.28735,0.47860
0.07487,0.07259,0.44824,0.40430
0.04178,0.03922,0.50920,0.40980
0.05736,0.05023,0.46791,0.42450
0.05968,0.05387,0.49291,0.39354
0.06687,0.05622,0.42161,0.45529
0.05403,0.04592,0.61414,0.28591
0.08856,0.07078,0.29405,0.54661
0.09037,0.07863,0.37139,0.45960
0.05174,0.04600,0.35934,0.54292
0.06091,0.05017,0.39517,0.49375
0.12601,0.11821,0.27514,0.48065
0.09133,0.08052,0.33286,0.49528
0.05169,0.04863,0.54255,0.35714
0.04075,0.03237,0.50557,0.42130
0.03673,0.03291,0.37315,0.55722
0.05992,0.05072,0.44636,0.44300
0.12240,0.11284,0.30767,0.45709
0.08006,0.07046,0.43580,0.41367
0.05913,0.05493,0.40250,0.48344
0.07150,0.06676,0.32761,0.53413
0.03917,0.03445,0.57879,0.34760
0.07980,0.06983,0.27405,0.57632
0.05995,0.05303,0.48734,0.39968
0.05628,0.05034,0.55139,0.34198
0.06462,0.05961,0.43624,0.43953
0.05602,0.04825,0.45225,0.44348
0.04480,0.04191,0.57717,0.33613
0.05536,0.04756,0.45698,0.44010
0.09187,0.08683,0.40757,0.41373
0.08080,0.07103,0.40952,0.43866
0.06383,0.05253,0.54456,0.33908
0.08594,0.07356,0.33083,0.50967
0.06469,0.05961,0.37240,0.50330
0.05962,0.05598,0.51765,0.36674
0.06768,0.06335,0.41110,0.45788
0.05670,0.05268,0.30828,0.58235
0.03742,0.03299,0.58075,0.34884
0.04549,0.03809,0.65978,0.25663
0.05533,0.04864,0.39828,0.49775
0.09510,0.08360,0.40551,0.41578
0.06926,0.05999,0.36422,0.50654
0.03570,0.03170,0.39428,0.53832
0.05026,0.04529,0.36409,0.54036
0.08533,0.07260,0.44637,0.39569
0.04447,0.04189,0.32027,0.59338
0.07049,0.05930,0.53850,0.33172
0.06926,0.06294,0.51416,0.35364
0.08261,0.08071,0.32097,0.51571
0.04179,0.03587,0.39236,0.52998
0.07754,0.06935,0.37604,0.47708
0.06155,0.05277,0.47601,0.40968
0.11133,0.09240,0.32864,0.46762
0.06245,0.05696,0.33532,0.54527
0.03680,0.03227,0.41330,0.51763
0.11065,0.10520,0.37767,0.40647
0.07645,0.06923,0.36746,0.48687
0.04054,0.03287,0.56330,0.36328
0.05200,0.04745,0.39507,0.50548
0.05973,0.05199,0.44672,0.44156
0.05980,0.05203,0.34067,0.54750
0.05029,0.04371,0.39931,0.50669
0.06813,0.05928,0.29260,0.57999
0.05464,0.04186,0.38262,0.52089
0.05940,0.05458,0.33946,0.54656
0.06228,0.05693,0.35354,0.52725
0.08265,0.07749,0.29521,0.54465
0.05134,0.04707,0.29816,0.60343
0.08587,0.08117,0.43055,0.40240
0.05604,0.05845,0.35147,0.53403
0.04432,0.04057,0.65097,0.26413
0.04020,0.03053,0.39161,0.53766
0.07533,0.07047,0.38678,0.46742
0.03733,0.03179,0.39758,0.53331
0.14824,0.13085,0.34293,0.37798
0.04435,0.03834,0.39244,0.52486
0.05530,0.04701,0.49988,0.39781
0.04420,0.03992,0.32049,0.59539
0.12869,0.12568,0.29835,0.44728
0.06025,0.05402,0.44349,0.44224
0.05352,0.04959,0.39471,0.50218
0.09399,0.08714,0.37767,0.44120
0.06868,0.06214,0.38071,0.48846
0.06362,0.05577,0.49944,0.38117
0.03288,0.02695,0.47084,0.46933
0.12007,0.10493,0.37777,0.39723
0.08375,0.07374,0.39078,0.45173
0.04297,0.03578,0.50534,0.41591
0.08104,0.07331,0.45782,0.38783
0.05115,0.04335,0.60078,0.30472
0.07390,0.06396,0.39743,0.46472
0.05489,0.05088,0.43159,0.46265
0.05226,0.04829,0.41699,0.48246
0.10369,0.08588,0.37531,0.43513
0.06687,0.06034,0.42739,0.44540
0.10280,0.09690,0.33633,0.46397
0.06737,0.06464,0.31505,0.55293
0.07051,0.05929,0.32680,0.54340
0.05050,0.04829,0.44041,0.46080
0.05473,0.04944,0.21043,0.68540
0.04666,0.04287,0.58612,0.32435
0.07893,0.07626,0.32522,0.51960
0.07399,0.06558,0.35010,0.51033
0.05818,0.05788,0.38990,0.49405
0.05617,0.05365,0.44908,0.44110
0.12987,0.11237,0.41839,0.33937
0.06307,0.05582,0.52517,0.35594
0.05232,0.04660,0.52936,0.37172
0.02923,0.02616,0.19125,0.75335
0.07744,0.06301,0.45122,0.40832
0.04914,0.04676,0.46763,0.43647
0.07133,0.07045,0.36197,0.49625
0.06746,0.06106,0.40579,0.46570
0.04895,0.03862,0.25723,0.65519
0.05913,0.05527,0.52977,0.35583
0.06537,0.05672,0.42965,0.44827
0.09228,0.08131,0.46802,0.35839
0.07482,0.06394,0.26704,0.59419
0.05100,0.04706,0.39936,0.50259
0.05364,0.04547,0.50401,0.39688
0.06956,0.06139,0.38504,0.48401
0.10921,0.09951,0.34420,0.44708
0.07873,0.06025,0.37323,0.48779
0.06705,0.06387,0.41810,0.45098
0.07913,0.07190,0.46120,0.38777
0.07585,0.06838,0.32797,0.52781
0.06861,0.06050,0.31234,0.55854
0.07884,0.07050,0.40505,0.44561
0.08949,0.07123,0.35504,0.48424
0.05050,0.04813,0.51611,0.38526
0.05003,0.04733,0.47221,0.43043
0.04392,0.03778,0.50494,0.41336
0.05600,0.05024,0.40663,0.48712
0.08254,0.07645,0.39271,0.44830
0.04797,0.04259,0.39589,0.51355
0.04896,0.04467,0.44640,0.45997
0.08504,0.08100,0.42346,0.41050
0.08419,0.08133,0.41847,0.41601
0.07451,0.07216,0.35941,0.49392
0.05940,0.05310,0.43236,0.45514
0.04249,0.03634,0.31081,0.61036
0.07949,0.07284,0.36266,0.48502
0.05223,0.04880,0.33000,0.56898
0.09028,0.08214,0.36368,0.46391
0.08380,0.07486,0.39591,0.44544
0.05663,0.04918,0.47643,0.41776
0.05137,0.04581,0.48660,0.41621
0.08199,0.07208,0.35403,0.49189
0.08560,0.07729,0.26409,0.57302
0.05780,0.05007,0.43040,0.46173
0.07217,0.07135,0.32206,0.53442
0.05229,0.04572,0.44043,0.46156
0.08944,0.08152,0.35383,0.47521
0.05274,0.04673,0.30230,0.59823
0.06144,0.05443,0.46185,0.42229
0.04923,0.04506,0.40856,0.49715
0.04678,0.04507,0.31279,0.59536
0.03900,0.03406,0.30605,0.62089
0.06887,0.06264,0.35442,0.51407
0.04413,0.03763,0.29143,0.62681
0.05261,0.04841,0.35171,0.54727
0.07231,0.05941,0.23403,0.63425
0.04952,0.03840,0.33038,0.58170
0.05174,0.04691,0.35846,0.54289
0.07235,0.06436,0.48986,0.37343
0.10036,0.09693,0.32312,0.47960
0.04793,0.04423,0.54571,0.36213
0.04207,0.03589,0.51586,0.40618
0.04316,0.03468,0.34137,0.58079
0.07496,0.06620,0.41676,0.44207
0.11582,0.09949,0.28497,0.49972
0.05160,0.04835,0.33317,0.56687
0.05734,0.04823,0.41014,0.48429
0.03682,0.03133,0.48835,0.44350
0.05876,0.05225,0.30313,0.58586
0.04651,0.04077,0.51903,0.39368
0.03433,0.03277,0.45232,0.48057
0.06518,0.06160,0.39103,0.48219
0.06850,0.06137,0.29267,0.57746
0.05260,0.04515,0.41620,0.48605
0.05418,0.04599,0.50639,0.39344
0.05340,0.05055,0.43165,0.46441
0.08832,0.08486,0.35734,0.46948
0.06605,0.06335,0.40639,0.46421
0.07284,0.06685,0.51048,0.34983
0.06449,0.05452,0.37843,0.50256
0.05818,0.05159,0.39818,0.49206
0.06227,0.05138,0.41759,0.46875
0.06774,0.05510,0.33872,0.53844
0.08248,0.07283,0.36721,0.47749
0.07336,0.06857,0.54694,0.31112
0.07524,0.07196,0.32371,0.52909
0.04728,0.04179,0.47797,0.43296
0.05700,0.05207,0.46924,0.42169
0.05096,0.04548,0.43375,0.46981
0.05109,0.04498,0.36614,0.53779
0.06138,0.05298,0.31919,0.56645
0.04425,0.03899,0.55476,0.36200
0.04629,0.04367,0.55545,0.35459
0.06414,0.05957,0.49519,0.38109
0.04123,0.03496,0.44436,0.47945
0.03168,0.02780,0.61173,0.32879
0.04908,0.04263,0.49348,0.41480
0.07604,0.06901,0.26941,0.58554
0.05468,0.04951,0.55030,0.34551
0.06331,0.05660,0.42038,0.45971
0.04144,0.03725,0.44521,0.47609
0.09304,0.08520,0.34234,0.47942
0.05801,0.05441,0.33298,0.55460
0.05346,0.04520,0.30280,0.59854
0.09161,0.07840,0.47809,0.35191
0.07529,0.06551,0.32984,0.52936
0.05327,0.04121,0.55260,0.35292
0.06929,0.06199,0.43818,0.43054
0.10629,0.09730,0.41351,0.38290
0.06162,0.05857,0.66460,0.21521
0.07313,0.06432,0.40860,0.45395
0.07134,0.06759,0.35047,0.51059
0.05978,0.05472,0.50946,0.37603
0.07017,0.06035,0.25120,0.61829
0.04441,0.04068,0.37288,0.54204
0.05980,0.05278,0.54135,0.34606
0.10371,0.10274,0.38765,0.40589
0.06808,0.06439,0.45843,0.40910
0.04927,0.04156,0.41448,0.49468
0.10527,0.10002,0.45938,0.33533
0.07540,0.06418,0.50262,0.35779
0.06042,0.05190,0.36257,0.52510
0.04590,0.04113,0.25380,0.65917
0.04974,0.04291,0.37061,0.53674
0.05482,0.04528,0.38463,0.51527
0.05438,0.04886,0.38523,0.51153
0.10414,0.10212,0.34779,0.44596
0.05148,0.04589,0.54550,0.35712
0.08775,0.07781,0.34451,0.48993
0.03941,0.03535,0.44367,0.48157
0.11582,0.11677,0.34813,0.41929
0.06715,0.05734,0.47505,0.40046
0.08029,0.07644,0.42102,0.42225
0.04579,0.03932,0.56041,0.35448
0.08768,0.07977,0.25526,0.57729
0.06036,0.05539,0.52220,0.36206
0.04664,0.04192,0.26595,0.64549
0.05483,0.04951,0.25291,0.64274
0.08194,0.07792,0.43752,0.40263
0.06754,0.05832,0.50909,0.36505
0.06054,0.05246,0.29393,0.59307
0.05803,0.05277,0.37508,0.51412
0.04678,0.04188,0.40328,0.50807
0.04702,0.04211,0.43973,0.47114
0.05505,0.05240,0.31729,0.57527
0.06165,0.05310,0.37938,0.50587
0.07903,0.06794,0.27529,0.57775
0.06027,0.06166,0.35569,0.52237
0.09448,0.09220,0.27579,0.53753
0.07157,0.06386,0.19483,0.66975
0.05926,0.05231,0.38356,0.50488
0.05808,0.05079,0.48056,0.41057
0.06549,0.05898,0.29130,0.58424
0.05648,0.05051,0.41483,0.47818
0.07148,0.06264,0.45209,0.41379
0.04632,0.04028,0.58027,0.33313
0.05268,0.04927,0.48991,0.40814
0.06176,0.05562,0.50514,0.37748
0.05009,0.04158,0.24905,0.65928
0.05342,0.04897,0.44540,0.45222
0.10049,0.09468,0.34049,0.46435
0.07229,0.06656,0.57731,0.28384
0.08840,0.07791,0.43025,0.40344
0.07481,0.07003,0.37515,0.48001
0.04663,0.03787,0.57900,0.33650
0.08373,0.07357,0.28300,0.55970
0.05824,0.04652,0.38893,0.50630
0.08910,0.08197,0.35490,0.47403
0.05786,0.05460,0.28081,0.60673
0.05563,0.04971,0.28347,0.61119
0.09016,0.08016,0.38549,0.44420
0.05354,0.04526,0.44463,0.45657
