0.02709,0.01853,0.02491,0.02337,0.01987,0.02660,0.02450,0.02430,0.01891,0.02943,0.13180,0.05307,0.14054,0.11177,0.04030,0.03088,0.03648,0.05319,0.10443,0.06004
0.02466,0.01753,0.02069,0.01840,0.01748,0.02347,0.01995,0.02286,0.01638,0.02433,0.08269,0.03916,0.15100,0.14825,0.06639,0.03834,0.03531,0.08346,0.05313,0.09653
0.01587,0.01202,0.01326,0.01374,0.01264,0.01544,0.01371,0.01553,0.01083,0.01836,0.17342,0.04488,0.13553,0.11785,0.04592,0.03194,0.03354,0.06139,0.14445,0.06967
0.02146,0.01650,0.02034,0.02120,0.01846,0.02100,0.02138,0.02025,0.01544,0.02444,0.12860,0.04407,0.13790,0.11291,0.04294,0.02793,0.03967,0.08594,0.09953,0.08003
0.03828,0.02151,0.02808,0.02461,0.02091,0.03522,0.02509,0.03033,0.02028,0.04061,0.12221,0.04123,0.11022,0.09944,0.04225,0.02794,0.03405,0.06869,0.09735,0.07170
0.02258,0.01523,0.01839,0.01877,0.01574,0.01922,0.01676,0.01852,0.01351,0.02474,0.10548,0.05684,0.17925,0.14643,0.04582,0.03005,0.04065,0.06664,0.07086,0.07452
0.01676,0.01059,0.01335,0.01322,0.01230,0.01534,0.01364,0.01377,0.01003,0.01584,0.09301,0.05189,0.20326,0.17298,0.05652,0.03297,0.03847,0.07620,0.05073,0.08914
0.03234,0.02158,0.02864,0.02403,0.02294,0.03163,0.02626,0.02993,0.02006,0.03614,0.13085,0.04199,0.11021,0.09860,0.03984,0.02772,0.03908,0.06515,0.10678,0.06625
0.02211,0.01753,0.01968,0.01994,0.01684,0.02054,0.01906,0.02092,0.01600,0.02476,0.10376,0.05740,0.15587,0.13232,0.05152,0.03534,0.04418,0.07474,0.06809,0.07939
0.02757,0.01610,0.02181,0.02146,0.01795,0.02572,0.02140,0.02197,0.01789,0.02867,0.15739,0.05224,0.12974,0.11143,0.03384,0.02509,0.03376,0.05177,0.13114,0.05307
0.02661,0.01982,0.02480,0.02218,0.01918,0.02842,0.02268,0.02402,0.01806,0.03047,0.13108,0.04357,0.12931,0.11398,0.04522,0.03084,0.03462,0.06320,0.10339,0.06854
0.03124,0.02146,0.02782,0.02467,0.02268,0.03041,0.02688,0.02802,0.01951,0.03853,0.09025,0.04978,0.14487,0.12322,0.04565,0.03020,0.03834,0.07250,0.05980,0.07417
0.03259,0.01954,0.02569,0.02362,0.02024,0.02970,0.02459,0.02821,0.01719,0.03667,0.12967,0.05090,0.13272,0.10924,0.03905,0.02701,0.03932,0.05367,0.09771,0.06266
0.03004,0.01872,0.02430,0.02367,0.02059,0.03072,0.02469,0.02742,0.01996,0.03343,0.09066,0.04881,0.13633,0.12842,0.05846,0.03338,0.03908,0.06805,0.06067,0.08260
0.03783,0.02188,0.02791,0.02556,0.02420,0.03267,0.02754,0.02847,0.01963,0.04115,0.12645,0.04118,0.12053,0.10494,0.03926,0.02701,0.03153,0.06009,0.09917,0.06301
0.02647,0.01751,0.02427,0.02400,0.01936,0.02453,0.02270,0.02401,0.01783,0.02869,0.13271,0.05367,0.14074,0.11493,0.04196,0.02861,0.03950,0.05484,0.10397,0.05968
0.02127,0.01527,0.01712,0.01601,0.01486,0.02014,0.01825,0.01913,0.01385,0.02454,0.13104,0.04858,0.14859,0.13360,0.04696,0.03106,0.03463,0.06939,0.10274,0.07297
0.02092,0.01495,0.01677,0.01739,0.01561,0.01931,0.01801,0.01862,0.01405,0.02274,0.14107,0.05947,0.17206,0.13066,0.03659,0.02808,0.03784,0.04964,0.10774,0.05848
0.02667,0.01653,0.02278,0.02001,0.01938,0.02520,0.02115,0.02380,0.01604,0.02848,0.12051,0.06084,0.15712,0.12500,0.03392,0.02713,0.03980,0.06122,0.08779,0.06665
0.01918,0.01498,0.01683,0.01777,0.01242,0.01964,0.01557,0.01963,0.01366,0.02049,0.13317,0.05473,0.16961,0.13761,0.03856,0.02772,0.03633,0.06053,0.10228,0.06929
0.01631,0.01133,0.01559,0.01459,0.01140,0.01601,0.01349,0.01559,0.01162,0.01887,0.15681,0.04880,0.14937,0.13002,0.04716,0.03131,0.03578,0.06293,0.12079,0.07224
0.03419,0.02435,0.03265,0.02918,0.02528,0.03031,0.02799,0.03108,0.02451,0.03573,0.09504,0.05930,0.11028,0.09657,0.04385,0.03410,0.04681,0.07610,0.07176,0.07094
0.02943,0.02126,0.02708,0.02406,0.02155,0.02972,0.02358,0.02540,0.02006,0.03091,0.13833,0.04773,0.11022,0.09448,0.04123,0.03199,0.03915,0.06433,0.11260,0.06689
0.03341,0.01788,0.02600,0.02178,0.01959,0.02936,0.02481,0.02924,0.01661,0.03880,0.15571,0.05051,0.12503,0.09776,0.02717,0.02222,0.03381,0.05169,0.12650,0.05212
0.02444,0.01486,0.02228,0.01741,0.01584,0.02232,0.02006,0.01950,0.01429,0.02756,0.09855,0.04550,0.15896,0.14031,0.04876,0.02776,0.03560,0.09243,0.06325,0.09032
0.02919,0.01628,0.02135,0.01910,0.01657,0.02446,0.02052,0.02279,0.01500,0.03110,0.19434,0.03407,0.09836,0.08849,0.03928,0.02410,0.02967,0.04834,0.17042,0.05657
0.02980,0.01665,0.02162,0.01951,0.01793,0.02593,0.02051,0.02395,0.01553,0.03019,0.18290,0.04075,0.10240,0.08725,0.03483,0.02575,0.03171,0.05490,0.15836,0.05953
0.02921,0.02132,0.02561,0.02195,0.02026,0.02846,0.02371,0.02810,0.01842,0.03143,0.10916,0.05299,0.15098,0.12189,0.04527,0.03111,0.03810,0.05770,0.07655,0.06779
0.04411,0.02575,0.03753,0.03370,0.03013,0.04303,0.03337,0.03998,0.02642,0.05439,0.10058,0.04382,0.10008,0.08789,0.03844,0.02706,0.03747,0.05818,0.07555,0.06250
0.03944,0.02048,0.03172,0.02733,0.02555,0.03581,0.02842,0.03174,0.02134,0.04196,0.11289,0.04432,0.12166,0.10516,0.04061,0.02717,0.03381,0.05939,0.08730,0.06390
0.02993,0.01971,0.02499,0.02244,0.02009,0.02857,0.02543,0.02681,0.01755,0.03629,0.16869,0.04102,0.11262,0.09458,0.03169,0.02480,0.03201,0.04703,0.14274,0.05298
0.02443,0.01542,0.02022,0.01945,0.02018,0.02255,0.01998,0.02317,0.01560,0.02711,0.11169,0.05266,0.16524,0.13527,0.04806,0.02896,0.03689,0.06525,0.07684,0.07103
0.04495,0.02455,0.03631,0.02963,0.02625,0.04062,0.03097,0.03922,0.02321,0.05519,0.10786,0.03851,0.08805,0.08566,0.03638,0.02290,0.03822,0.08019,0.08174,0.06961
0.02401,0.01507,0.02071,0.01830,0.01824,0.02272,0.01920,0.02139,0.01604,0.02533,0.13475,0.04373,0.13358,0.11719,0.04221,0.02628,0.03511,0.08143,0.10549,0.07923
0.03080,0.02278,0.02446,0.02526,0.02379,0.02842,0.02340,0.02850,0.02016,0.03603,0.14072,0.04018,0.12237,0.10309,0.03729,0.02735,0.03260,0.05434,0.11843,0.06004
0.02364,0.01543,0.02157,0.01913,0.01670,0.02266,0.01907,0.02174,0.01637,0.02666,0.15024,0.05075,0.14609,0.11318,0.03787,0.02863,0.03497,0.05559,0.12009,0.05962
0.02363,0.01469,0.01707,0.01700,0.01527,0.01895,0.01823,0.01838,0.01391,0.02305,0.15607,0.05741,0.16435,0.12518,0.03309,0.02463,0.03457,0.04933,0.12079,0.05439
0.02652,0.01820,0.02320,0.02121,0.02002,0.02502,0.02106,0.02502,0.01694,0.02904,0.12380,0.04392,0.12382,0.10984,0.04754,0.03099,0.04046,0.07786,0.09654,0.07901
0.03533,0.02286,0.02752,0.02617,0.02259,0.02973,0.02558,0.02899,0.01989,0.03836,0.14388,0.04690,0.10784,0.09291,0.03626,0.02764,0.03616,0.05432,0.11948,0.05759
0.03070,0.01810,0.02724,0.02071,0.02121,0.02754,0.02245,0.02636,0.01943,0.03434,0.10388,0.06954,0.17514,0.13400,0.03022,0.02636,0.03878,0.05211,0.06268,0.05921
0.02781,0.01739,0.02425,0.02065,0.01808,0.02555,0.02101,0.02444,0.01692,0.03068,0.09060,0.04605,0.13774,0.12735,0.05804,0.03628,0.04549,0.08137,0.05805,0.09224
0.01917,0.01466,0.01899,0.01708,0.01562,0.01864,0.01576,0.01813,0.01190,0.02166,0.13382,0.04950,0.12920,0.11912,0.05343,0.03173,0.04427,0.08341,0.10246,0.08146
0.04071,0.02328,0.03220,0.02916,0.02582,0.03552,0.02880,0.03459,0.02268,0.04438,0.09362,0.05078,0.13361,0.11105,0.03922,0.02884,0.03924,0.05852,0.06484,0.06315
0.03148,0.02135,0.02780,0.02476,0.02189,0.02839,0.02663,0.02923,0.02096,0.03708,0.09664,0.04849,0.10668,0.10658,0.05348,0.03560,0.04453,0.08211,0.07000,0.08631
0.03366,0.02225,0.02871,0.02460,0.02150,0.03576,0.02785,0.03059,0.01942,0.03813,0.13388,0.04372,0.11428,0.10009,0.03892,0.02775,0.03449,0.05758,0.10603,0.06079
0.03175,0.01984,0.02906,0.02372,0.01952,0.02836,0.02612,0.02761,0.01633,0.03918,0.16053,0.04270,0.11480,0.09460,0.03456,0.02527,0.03195,0.04732,0.13392,0.05286
0.02902,0.02121,0.02477,0.02357,0.02068,0.02929,0.02664,0.02708,0.02032,0.03144,0.15994,0.04338,0.10130,0.09211,0.03840,0.02781,0.03612,0.05574,0.13211,0.05908
0.02837,0.01783,0.02421,0.02155,0.01898,0.02626,0.02172,0.02503,0.01610,0.03291,0.11650,0.03882,0.13494,0.11992,0.04531,0.02788,0.03496,0.08047,0.08887,0.07936
0.03249,0.02366,0.02917,0.02822,0.02515,0.03510,0.02759,0.02990,0.02322,0.03535,0.09726,0.04821,0.11419,0.10390,0.05014,0.03516,0.04278,0.07129,0.07011,0.07711
0.02897,0.02255,0.02918,0.03031,0.02392,0.02985,0.02479,0.02865,0.02073,0.03264,0.12106,0.03719,0.10705,0.10096,0.04506,0.03010,0.03685,0.07416,0.09832,0.07766
0.02666,0.01936,0.02566,0.02100,0.02180,0.02783,0.02412,0.02622,0.01833,0.02824,0.09388,0.04398,0.12592,0.12385,0.05740,0.03390,0.04002,0.08955,0.06170,0.09058
0.03130,0.02242,0.02688,0.02676,0.02232,0.02961,0.02562,0.02897,0.02009,0.03153,0.12661,0.04361,0.11258,0.10281,0.04464,0.03050,0.03642,0.06612,0.10219,0.06900
0.02727,0.01711,0.02336,0.02073,0.01815,0.02787,0.02318,0.02521,0.01670,0.03210,0.08667,0.03390,0.13156,0.13604,0.06003,0.03240,0.03563,0.09488,0.06039,0.09681
0.03693,0.01833,0.02627,0.02243,0.01904,0.03322,0.02539,0.02708,0.01777,0.03840,0.13627,0.04658,0.12020,0.09730,0.03298,0.02604,0.03690,0.06216,0.11062,0.06609
0.02206,0.01577,0.01843,0.01700,0.01684,0.01888,0.01895,0.02042,0.01483,0.02393,0.16315,0.04770,0.13905,0.11400,0.04009,0.02711,0.03324,0.05702,0.13227,0.05923
0.03637,0.02245,0.02945,0.02409,0.02244,0.03162,0.02519,0.03053,0.02097,0.03800,0.08512,0.04558,0.12630,0.11718,0.05603,0.03416,0.03990,0.07796,0.05646,0.08020
0.03133,0.01854,0.02272,0.02384,0.02152,0.02972,0.02311,0.02778,0.01874,0.03430,0.10015,0.03955,0.12233,0.11421,0.05061,0.02877,0.03673,0.09483,0.07395,0.08727
0.02795,0.01771,0.02440,0.02054,0.02027,0.02516,0.02091,0.02445,0.02021,0.03067,0.14404,0.04978,0.13727,0.10822,0.03552,0.02527,0.03499,0.05949,0.11562,0.05756
0.02134,0.01670,0.01769,0.01831,0.01606,0.02151,0.01753,0.01764,0.01375,0.02147,0.18836,0.03864,0.11175,0.09739,0.04065,0.02702,0.03169,0.05722,0.16287,0.06241
0.02475,0.01669,0.01916,0.02037,0.01681,0.02182,0.01714,0.02175,0.01534,0.02780,0.14282,0.03718,0.13052,0.11519,0.04365,0.02648,0.03460,0.07480,0.11523,0.07791
0.02249,0.01911,0.02211,0.02100,0.02043,0.02635,0.02126,0.02298,0.01738,0.02505,0.11928,0.04694,0.14270,0.12741,0.05085,0.03656,0.03683,0.05904,0.08966,0.07256
0.02392,0.01396,0.01809,0.01785,0.01556,0.02249,0.01820,0.01934,0.01402,0.02635,0.09453,0.04383,0.14363,0.13477,0.06049,0.03429,0.04393,0.09868,0.05893,0.09715
0.02612,0.01944,0.02428,0.02325,0.02038,0.02807,0.02194,0.02569,0.01849,0.02927,0.10438,0.05455,0.13036,0.11887,0.04700,0.03078,0.04266,0.08052,0.07518,0.07876
0.02583,0.01940,0.02405,0.02400,0.02046,0.02399,0.02304,0.02551,0.01914,0.02773,0.10491,0.05149,0.13929,0.12121,0.04961,0.03526,0.04081,0.07477,0.07467,0.07483
0.02734,0.01917,0.02390,0.02486,0.02079,0.02628,0.02253,0.02528,0.02033,0.03124,0.12085,0.04737,0.10713,0.10506,0.05141,0.03579,0.04582,0.07106,0.09427,0.07950
0.02045,0.01581,0.01982,0.01910,0.01586,0.01963,0.01821,0.01914,0.01322,0.02235,0.14614,0.05444,0.13376,0.11951,0.04339,0.02991,0.04193,0.06577,0.11187,0.06968
0.04173,0.02392,0.03121,0.02744,0.02526,0.03416,0.03083,0.03615,0.02110,0.04657,0.09459,0.04087,0.12330,0.10687,0.04088,0.02662,0.03643,0.07280,0.06775,0.07151
0.03805,0.02036,0.02856,0.02444,0.02432,0.03622,0.02876,0.03232,0.01964,0.04245,0.15047,0.04062,0.10992,0.08951,0.03170,0.02313,0.02885,0.05054,0.12691,0.05322
0.02376,0.01764,0.02101,0.02125,0.01793,0.02530,0.02052,0.02314,0.01539,0.02815,0.17247,0.04167,0.11430,0.09786,0.03856,0.02830,0.03398,0.05540,0.14159,0.06178
0.02360,0.01540,0.01964,0.01904,0.01728,0.02128,0.01884,0.01964,0.01369,0.02233,0.16686,0.04394,0.10405,0.09432,0.03505,0.02519,0.03979,0.08391,0.13883,0.07732
0.02970,0.02047,0.02507,0.02343,0.02259,0.03058,0.02382,0.02832,0.01830,0.03376,0.10414,0.05522,0.15211,0.12706,0.04206,0.02800,0.03825,0.05728,0.07238,0.06747
0.03074,0.02061,0.02615,0.02364,0.02237,0.02622,0.02565,0.02619,0.01751,0.03421,0.12235,0.05554,0.14401,0.11681,0.03582,0.02684,0.03540,0.05923,0.09130,0.05939
0.03002,0.01960,0.02580,0.01990,0.02327,0.02589,0.02486,0.02369,0.01941,0.03448,0.13260,0.05994,0.15098,0.11346,0.02826,0.02685,0.03580,0.04902,0.10584,0.05031
0.02384,0.01591,0.02101,0.02030,0.01763,0.02309,0.01949,0.02289,0.01484,0.02591,0.10027,0.05600,0.16241,0.13607,0.04738,0.02980,0.04161,0.07751,0.06478,0.07927
0.03758,0.01982,0.02971,0.02359,0.02297,0.03463,0.02901,0.03148,0.01982,0.03947,0.14943,0.03327,0.09440,0.08489,0.03822,0.02475,0.02878,0.06644,0.12828,0.06344
0.02836,0.01835,0.02299,0.02078,0.01966,0.02986,0.02191,0.02527,0.01703,0.03183,0.13678,0.04689,0.15081,0.12137,0.03858,0.02545,0.03174,0.05143,0.10289,0.05801
0.03567,0.02376,0.02998,0.02725,0.02480,0.03432,0.02691,0.03241,0.02059,0.03909,0.11776,0.04288,0.11154,0.10119,0.04589,0.03007,0.03500,0.06058,0.09514,0.06517
0.02361,0.01785,0.02166,0.02080,0.01709,0.02152,0.02092,0.02092,0.01564,0.02614,0.14645,0.04738,0.13600,0.10714,0.03524,0.02429,0.03700,0.07335,0.11702,0.06996
0.02835,0.02037,0.02558,0.02476,0.02186,0.02664,0.02216,0.02745,0.01774,0.02969,0.13328,0.05256,0.12655,0.10725,0.03880,0.03242,0.03809,0.05876,0.10648,0.06120
0.02385,0.01378,0.01798,0.01795,0.01535,0.02040,0.01790,0.01923,0.01330,0.02615,0.14885,0.05056,0.15334,0.12178,0.03550,0.02462,0.03352,0.06133,0.11853,0.06608
0.02564,0.01619,0.02094,0.02236,0.01947,0.02493,0.02028,0.02200,0.01503,0.02587,0.10339,0.04569,0.14582,0.13719,0.05766,0.03512,0.03790,0.06792,0.06909,0.08753
0.03270,0.01994,0.02588,0.02281,0.02056,0.03153,0.02422,0.02835,0.01906,0.03582,0.11370,0.03900,0.12728,0.11830,0.04736,0.02902,0.03476,0.06930,0.08643,0.07399
0.02846,0.01927,0.02388,0.02082,0.02065,0.02632,0.02188,0.02605,0.01603,0.03046,0.21634,0.03534,0.07942,0.06768,0.02810,0.02119,0.02873,0.04589,0.19820,0.04530
0.03074,0.02433,0.02969,0.03086,0.02496,0.02881,0.02802,0.03005,0.02457,0.03407,0.11991,0.04165,0.11030,0.10610,0.04838,0.03239,0.03659,0.05691,0.09396,0.06768
0.02132,0.01642,0.01957,0.01976,0.01769,0.02225,0.01865,0.02049,0.01657,0.02409,0.16048,0.04168,0.11501,0.10238,0.04393,0.02811,0.03308,0.07156,0.13351,0.07346
0.02522,0.01745,0.02146,0.02072,0.01652,0.02501,0.01941,0.02190,0.01610,0.02788,0.13017,0.04129,0.13278,0.12007,0.04894,0.03065,0.03647,0.07029,0.10122,0.07644
0.02097,0.01343,0.02043,0.01836,0.01689,0.02071,0.01924,0.02012,0.01363,0.02505,0.08660,0.05460,0.16677,0.14561,0.05783,0.03590,0.04042,0.08541,0.04736,0.09066
0.03145,0.02041,0.02764,0.02212,0.02216,0.03247,0.02717,0.02897,0.02147,0.03698,0.08377,0.05213,0.13922,0.11744,0.04768,0.03207,0.04322,0.08043,0.05554,0.07766
0.03181,0.02143,0.02690,0.02405,0.01985,0.02918,0.02325,0.02675,0.01732,0.03343,0.10499,0.04457,0.12820,0.11929,0.04935,0.02903,0.03812,0.07499,0.07917,0.07832
0.03962,0.02263,0.03585,0.03051,0.02710,0.03818,0.03199,0.03628,0.02344,0.04821,0.12904,0.04784,0.10327,0.08428,0.03266,0.03102,0.03562,0.04899,0.10306,0.05041
0.03264,0.02289,0.02804,0.02729,0.02350,0.03098,0.02406,0.02862,0.02251,0.03458,0.13403,0.05478,0.12419,0.10149,0.03639,0.02625,0.03610,0.04769,0.10997,0.05399
0.01940,0.01437,0.01578,0.01571,0.01508,0.01949,0.01719,0.01857,0.01326,0.02211,0.15150,0.04619,0.15897,0.13189,0.03858,0.02682,0.03159,0.05522,0.12420,0.06409
0.03479,0.02346,0.02895,0.02223,0.02224,0.03218,0.02745,0.02842,0.02054,0.04106,0.09105,0.05082,0.14826,0.11882,0.04469,0.02771,0.03747,0.07034,0.05985,0.06968
0.03035,0.02087,0.02621,0.02365,0.02113,0.02955,0.02601,0.02638,0.01847,0.03239,0.10521,0.04521,0.11330,0.11138,0.05261,0.03457,0.04503,0.07760,0.07620,0.08387
0.02770,0.02064,0.02502,0.02176,0.02010,0.02794,0.02149,0.02580,0.01702,0.03161,0.13028,0.04022,0.12024,0.10895,0.04367,0.02668,0.03867,0.07373,0.10298,0.07549
0.03311,0.02044,0.02761,0.02537,0.02302,0.03229,0.02445,0.02940,0.01996,0.03554,0.15431,0.04494,0.10497,0.09108,0.03539,0.02663,0.03529,0.05057,0.13044,0.05520
0.03389,0.02057,0.02859,0.02228,0.02004,0.03182,0.02613,0.02830,0.01993,0.04316,0.09105,0.05465,0.15734,0.12439,0.04022,0.02916,0.03848,0.06647,0.05618,0.06733
0.02510,0.01814,0.02061,0.02068,0.01682,0.02484,0.02153,0.02299,0.01527,0.02958,0.11600,0.05550,0.14641,0.12322,0.04421,0.03042,0.04082,0.06851,0.08275,0.07662
0.03596,0.02539,0.03161,0.02888,0.02713,0.03364,0.02914,0.03344,0.02377,0.03965,0.10195,0.04338,0.11929,0.10450,0.04344,0.02956,0.03709,0.06601,0.07561,0.07056
0.04338,0.02246,0.03259,0.02851,0.02441,0.03645,0.02906,0.03309,0.02182,0.04607,0.12385,0.04131,0.11156,0.09510,0.03647,0.02525,0.03213,0.05836,0.10075,0.05737
0.02193,0.01631,0.02141,0.01952,0.01782,0.02126,0.01926,0.02110,0.01543,0.02545,0.15025,0.04346,0.11673,0.11145,0.04771,0.03335,0.03709,0.06422,0.12319,0.07306
0.02798,0.02254,0.02373,0.02285,0.02069,0.02334,0.02331,0.02475,0.01842,0.02711,0.12110,0.04754,0.12574,0.10578,0.04263,0.03012,0.04101,0.07916,0.09599,0.07621
0.02726,0.02010,0.02427,0.02254,0.02107,0.02669,0.02526,0.02650,0.01907,0.03334,0.11575,0.04927,0.14684,0.12145,0.04049,0.02794,0.03490,0.06250,0.09006,0.06470
0.03144,0.01964,0.02695,0.02285,0.02143,0.02897,0.02370,0.02742,0.01730,0.03358,0.11210,0.04265,0.13595,0.11700,0.04588,0.02653,0.03501,0.07240,0.08526,0.07394
0.02927,0.02175,0.02572,0.02396,0.02330,0.02857,0.02475,0.02634,0.01928,0.03098,0.08874,0.03787,0.12578,0.12704,0.06074,0.03574,0.03753,0.08074,0.06443,0.08749
0.02645,0.01690,0.02197,0.02176,0.01899,0.02389,0.02111,0.02492,0.01678,0.02971,0.11530,0.04865,0.14918,0.12870,0.04356,0.02902,0.03764,0.06911,0.08023,0.07615
0.03351,0.02479,0.02950,0.02806,0.02503,0.03525,0.02856,0.03456,0.02183,0.04127,0.08143,0.04690,0.13863,0.12033,0.05144,0.03402,0.03673,0.05798,0.05680,0.07339
0.02783,0.01797,0.02442,0.02490,0.01959,0.02675,0.02260,0.02536,0.01599,0.03025,0.10949,0.05526,0.15555,0.12657,0.04575,0.03267,0.03862,0.05389,0.07733,0.06921
0.03669,0.02181,0.02798,0.02546,0.02307,0.03212,0.02545,0.02969,0.02187,0.04220,0.10218,0.04004,0.12626,0.11440,0.04750,0.02853,0.03598,0.07002,0.07401,0.07476
0.03164,0.01816,0.02349,0.02038,0.01931,0.02996,0.02247,0.02665,0.01663,0.03603,0.15937,0.03641,0.11252,0.10030,0.03613,0.02504,0.03076,0.05938,0.13344,0.06194
0.02380,0.01618,0.02051,0.01979,0.01733,0.02293,0.01847,0.02123,0.01528,0.02564,0.15775,0.03914,0.11608,0.10183,0.03931,0.02349,0.03724,0.07440,0.13495,0.07464
0.02815,0.01987,0.02274,0.01990,0.01980,0.02570,0.02292,0.02425,0.01874,0.02930,0.12457,0.05496,0.14466,0.11980,0.04391,0.03147,0.03798,0.05322,0.09353,0.06452
0.02551,0.01656,0.02126,0.01835,0.01702,0.02394,0.02191,0.02321,0.01578,0.02755,0.16739,0.03492,0.11167,0.09900,0.04106,0.02530,0.03063,0.06878,0.14259,0.06756
0.01954,0.01446,0.01701,0.01629,0.01606,0.02066,0.01716,0.01787,0.01264,0.02342,0.11336,0.05691,0.19127,0.15357,0.04461,0.02932,0.03752,0.05403,0.07460,0.06971
0.03824,0.02576,0.03319,0.02847,0.02656,0.03989,0.03200,0.03693,0.02404,0.04644,0.11609,0.03783,0.10368,0.09306,0.04424,0.03148,0.03389,0.05712,0.08826,0.06284
0.01980,0.01534,0.01818,0.01620,0.01682,0.01979,0.01712,0.02055,0.01525,0.02332,0.12994,0.05191,0.15592,0.13044,0.05183,0.03620,0.03753,0.05663,0.09480,0.07242
0.02567,0.01883,0.02566,0.02457,0.02156,0.02802,0.02217,0.02418,0.01791,0.02828,0.11571,0.05670,0.14950,0.12507,0.04135,0.03127,0.04008,0.05405,0.08445,0.06497
0.03133,0.02085,0.02241,0.02108,0.02162,0.02848,0.02416,0.02527,0.01833,0.03581,0.11324,0.04837,0.13666,0.11457,0.04230,0.02837,0.03601,0.07301,0.08682,0.07131
0.02230,0.01335,0.01776,0.01632,0.01481,0.01908,0.01560,0.01965,0.01281,0.02353,0.12467,0.05120,0.16076,0.13895,0.04218,0.02679,0.03528,0.07604,0.09266,0.07627
0.01949,0.01386,0.01843,0.01711,0.01426,0.01741,0.01600,0.01994,0.01357,0.02195,0.18367,0.04206,0.10777,0.09570,0.03812,0.02566,0.03693,0.07005,0.15972,0.06830
0.03000,0.02050,0.02495,0.02660,0.02089,0.02556,0.02346,0.02595,0.02098,0.02884,0.10109,0.04502,0.12073,0.11466,0.06215,0.03777,0.04053,0.07366,0.06967,0.08699
0.03636,0.02141,0.03242,0.02308,0.02503,0.03532,0.02970,0.02998,0.02171,0.04186,0.09660,0.05171,0.12505,0.10945,0.04549,0.03063,0.03950,0.06757,0.06553,0.07159
0.03157,0.02015,0.02665,0.02300,0.02171,0.02950,0.02429,0.02869,0.01913,0.03458,0.15542,0.04583,0.11795,0.09830,0.03180,0.02481,0.03369,0.05152,0.12704,0.05439
0.03290,0.02222,0.02874,0.02831,0.02518,0.03367,0.02761,0.02964,0.02150,0.03332,0.13181,0.04022,0.10069,0.09210,0.04142,0.03030,0.03782,0.06355,0.11060,0.06840
0.04132,0.02823,0.03703,0.03265,0.03160,0.03921,0.03175,0.03844,0.02665,0.04782,0.10829,0.04135,0.10385,0.09269,0.03884,0.02633,0.03171,0.05472,0.09056,0.05696
0.03150,0.01750,0.02407,0.02178,0.01953,0.03080,0.02492,0.02589,0.01725,0.03524,0.09967,0.06462,0.17159,0.13101,0.03564,0.02797,0.03784,0.05714,0.06656,0.05945
0.03693,0.02058,0.02676,0.02349,0.02180,0.03469,0.02587,0.03190,0.01937,0.03669,0.15224,0.03899,0.09648,0.08878,0.03472,0.02375,0.03570,0.06138,0.12754,0.06234
0.03056,0.02105,0.02403,0.02270,0.02032,0.02848,0.02413,0.02617,0.01759,0.03396,0.09582,0.04501,0.13804,0.12630,0.04885,0.02992,0.03932,0.08110,0.06668,0.07997
0.02116,0.01579,0.01982,0.02072,0.01727,0.02042,0.01883,0.02087,0.01441,0.02292,0.23157,0.03808,0.08400,0.07370,0.03164,0.02170,0.02892,0.04261,0.20825,0.04733
0.03644,0.02106,0.03034,0.02990,0.02645,0.03699,0.03062,0.03526,0.02379,0.03880,0.09527,0.04702,0.11556,0.10387,0.04704,0.02999,0.03792,0.07102,0.07220,0.07046
0.03414,0.02130,0.02862,0.02422,0.02164,0.02832,0.02551,0.02988,0.01953,0.03414,0.11904,0.05046,0.11548,0.09755,0.04186,0.03188,0.03911,0.07019,0.09614,0.07100
0.04123,0.02287,0.03181,0.02664,0.02475,0.03658,0.02869,0.03224,0.02334,0.04444,0.10598,0.04511,0.11911,0.10162,0.04252,0.02967,0.03716,0.06053,0.07739,0.06831
0.02594,0.02105,0.02546,0.02322,0.02074,0.02769,0.02408,0.02602,0.02001,0.02951,0.12853,0.04824,0.12333,0.10600,0.04601,0.03278,0.03588,0.06248,0.10714,0.06589
0.03309,0.02080,0.02661,0.02407,0.02050,0.02708,0.02460,0.02362,0.02000,0.03520,0.10671,0.05248,0.13569,0.11735,0.04213,0.02964,0.03806,0.07288,0.07591,0.07358
0.02528,0.01876,0.02072,0.01904,0.01741,0.02333,0.02044,0.02202,0.01484,0.02799,0.14002,0.05574,0.16340,0.12604,0.03299,0.02429,0.03426,0.04810,0.10748,0.05786
0.04337,0.02687,0.03378,0.03273,0.02718,0.03987,0.03321,0.03640,0.02462,0.04987,0.09855,0.04304,0.11036,0.09236,0.03918,0.02688,0.03700,0.06437,0.07773,0.06265
0.01983,0.01305,0.01737,0.01578,0.01422,0.02004,0.01533,0.01846,0.01187,0.02118,0.14540,0.03672,0.12849,0.12116,0.05154,0.02838,0.03412,0.08321,0.11620,0.08764
0.03808,0.02642,0.03271,0.02939,0.02592,0.03915,0.03070,0.03399,0.02431,0.04599,0.07145,0.04419,0.13180,0.11804,0.05179,0.03221,0.03865,0.06692,0.04498,0.07330
0.02928,0.01995,0.02387,0.02317,0.02110,0.02846,0.02618,0.02659,0.01882,0.03316,0.13312,0.04373,0.13068,0.11166,0.03937,0.02787,0.03647,0.05567,0.10736,0.06350
0.02726,0.02044,0.02256,0.02307,0.01956,0.02459,0.02171,0.02326,0.01836,0.02803,0.10094,0.04912,0.13693,0.12318,0.05164,0.03519,0.03984,0.08048,0.06983,0.08400
0.02598,0.01622,0.02160,0.01965,0.01711,0.02320,0.01968,0.02215,0.01635,0.02881,0.14154,0.04384,0.13261,0.11457,0.04147,0.02749,0.03463,0.06767,0.11342,0.07202
0.04695,0.02449,0.03321,0.03049,0.02460,0.04093,0.03267,0.03764,0.02310,0.05693,0.09011,0.04064,0.11375,0.09845,0.03931,0.02728,0.03773,0.06869,0.06378,0.06925
0.02580,0.01660,0.02260,0.01997,0.01823,0.02483,0.02228,0.02332,0.01535,0.02706,0.12679,0.04814,0.14513,0.12749,0.05157,0.03501,0.03679,0.05153,0.09442,0.06709
0.03000,0.02055,0.02523,0.02269,0.01844,0.02865,0.02333,0.02806,0.01739,0.03547,0.09791,0.04953,0.15369,0.13430,0.04294,0.02830,0.03518,0.06473,0.06919,0.07444
0.03036,0.02169,0.02644,0.02573,0.02114,0.02864,0.02420,0.02709,0.02000,0.03453,0.12924,0.05233,0.13129,0.10985,0.03321,0.02541,0.03618,0.06233,0.09822,0.06210
0.03030,0.02066,0.02590,0.02205,0.02128,0.02764,0.02356,0.02426,0.01973,0.03219,0.10506,0.05502,0.15960,0.12910,0.04424,0.03131,0.03769,0.05230,0.07560,0.06248
0.02455,0.01382,0.01868,0.01713,0.01467,0.02163,0.01768,0.01775,0.01356,0.02695,0.09690,0.05723,0.18863,0.15011,0.04090,0.02860,0.03776,0.08009,0.05598,0.07740
0.02839,0.01921,0.02433,0.02377,0.01995,0.02576,0.02041,0.02458,0.01926,0.02922,0.13432,0.04624,0.11874,0.10487,0.04453,0.02974,0.04026,0.06794,0.10477,0.07369
0.05216,0.02983,0.04112,0.03576,0.03005,0.05161,0.03871,0.04606,0.02874,0.05854,0.10259,0.04117,0.09461,0.08044,0.03318,0.02450,0.03228,0.04636,0.08079,0.05147
0.02846,0.01865,0.02611,0.02457,0.02188,0.02637,0.02138,0.02513,0.01979,0.03067,0.17206,0.04171,0.10226,0.08434,0.03557,0.02464,0.03253,0.05816,0.14729,0.05841
0.02547,0.01700,0.02280,0.01841,0.01865,0.02372,0.01993,0.02119,0.01673,0.02576,0.11260,0.04857,0.13864,0.12577,0.05171,0.03324,0.03976,0.07564,0.08486,0.07956
0.03040,0.02102,0.03102,0.02329,0.02276,0.02894,0.02685,0.02676,0.02099,0.03758,0.08380,0.06490,0.13533,0.11742,0.03904,0.02948,0.04932,0.08557,0.05135,0.07418
0.02333,0.01611,0.02077,0.02034,0.01701,0.02096,0.01886,0.02108,0.01627,0.02514,0.11953,0.05358,0.14389,0.12308,0.04066,0.02693,0.04067,0.08386,0.08834,0.07959
0.02077,0.01679,0.02051,0.01863,0.01699,0.02176,0.01873,0.02070,0.01601,0.02465,0.17366,0.04004,0.12892,0.10708,0.03883,0.02786,0.03074,0.04850,0.14974,0.05908
0.03571,0.02284,0.03223,0.02690,0.02355,0.03446,0.02965,0.03173,0.02041,0.03937,0.11597,0.03847,0.09851,0.09451,0.04332,0.02932,0.03961,0.07931,0.08650,0.07766
0.02190,0.01829,0.01937,0.01851,0.01682,0.02136,0.01938,0.01954,0.01540,0.02417,0.10329,0.06128,0.19572,0.15061,0.04041,0.03019,0.03828,0.05249,0.06989,0.06310
0.03182,0.01918,0.02571,0.02404,0.02157,0.03024,0.02508,0.02595,0.01788,0.03196,0.12454,0.05123,0.13882,0.11383,0.04011,0.02754,0.03604,0.05790,0.09658,0.05999
0.02347,0.01740,0.02231,0.01838,0.01857,0.02226,0.01906,0.02014,0.01534,0.02418,0.08441,0.04902,0.15545,0.13963,0.05371,0.03277,0.04189,0.09635,0.05104,0.09461
0.02494,0.01889,0.02165,0.02259,0.01737,0.02703,0.02205,0.02308,0.01722,0.02804,0.13437,0.04548,0.14108,0.12173,0.04510,0.02926,0.03296,0.05765,0.10155,0.06796
0.03023,0.01668,0.02476,0.02003,0.01701,0.02578,0.02164,0.02237,0.01708,0.03356,0.11644,0.05578,0.15841,0.12408,0.03370,0.02465,0.03685,0.06715,0.08640,0.06739
0.03167,0.02426,0.02958,0.02760,0.02452,0.03573,0.02744,0.03314,0.02119,0.03845,0.11877,0.04497,0.10196,0.09229,0.04158,0.03132,0.03917,0.07055,0.09777,0.06804
0.02378,0.01433,0.02007,0.01930,0.01556,0.02160,0.01888,0.02088,0.01409,0.02392,0.11944,0.04961,0.13365,0.12101,0.05412,0.03476,0.04311,0.07974,0.08758,0.08457
0.03086,0.02361,0.02943,0.02549,0.02442,0.03129,0.02715,0.02924,0.02380,0.03469,0.11288,0.04607,0.11746,0.09923,0.04452,0.03002,0.03826,0.07059,0.08922,0.07177
0.03512,0.02467,0.02911,0.02772,0.02577,0.03561,0.02766,0.03138,0.02095,0.03908,0.10146,0.04861,0.13774,0.11113,0.04223,0.03110,0.03614,0.05603,0.07413,0.06437
0.02769,0.01975,0.02371,0.02418,0.02034,0.02881,0.02224,0.02677,0.01918,0.03118,0.15965,0.04819,0.11670,0.09255,0.03382,0.02956,0.03495,0.05288,0.12993,0.05795
0.02271,0.01566,0.02112,0.01732,0.01570,0.02039,0.01894,0.02027,0.01516,0.02493,0.09010,0.04083,0.13491,0.14146,0.06924,0.04089,0.04205,0.09037,0.05294,0.10502
0.02121,0.01409,0.01874,0.01625,0.01565,0.02040,0.01890,0.01934,0.01374,0.02516,0.10870,0.04209,0.15512,0.13246,0.04905,0.02942,0.03653,0.09352,0.07905,0.09057
0.02179,0.01366,0.01943,0.01631,0.01613,0.02146,0.01829,0.01963,0.01355,0.02866,0.17133,0.05040,0.14565,0.11646,0.03187,0.01994,0.03022,0.04981,0.13976,0.05567
0.01803,0.01343,0.01556,0.01501,0.01535,0.01924,0.01559,0.01625,0.01209,0.02097,0.13490,0.06543,0.20539,0.15147,0.03011,0.02241,0.03441,0.04715,0.09062,0.05657
0.03960,0.02812,0.03668,0.03141,0.02723,0.04062,0.03029,0.03532,0.02311,0.04654,0.11885,0.04285,0.10800,0.09144,0.03624,0.02587,0.03194,0.05422,0.09818,0.05349
0.01761,0.01284,0.01640,0.01542,0.01345,0.01796,0.01463,0.01620,0.01229,0.02204,0.11346,0.05411,0.14734,0.12694,0.04209,0.02879,0.04699,0.10943,0.07598,0.09605
0.03410,0.02070,0.02705,0.02501,0.02330,0.03220,0.02590,0.02850,0.01970,0.03796,0.18362,0.04028,0.08243,0.07350,0.03004,0.02410,0.03197,0.04722,0.16163,0.05079
0.02806,0.01759,0.02484,0.02184,0.02135,0.02711,0.01959,0.02486,0.01772,0.03018,0.13220,0.05224,0.15857,0.12556,0.03157,0.02138,0.03360,0.05403,0.09729,0.06043
0.01981,0.01237,0.01487,0.01409,0.01270,0.01710,0.01353,0.01786,0.01242,0.02083,0.15511,0.04503,0.14825,0.12357,0.03979,0.02521,0.03518,0.07580,0.12181,0.07468
0.02633,0.01649,0.02141,0.01991,0.01844,0.02461,0.01890,0.02400,0.01558,0.02771,0.10899,0.04421,0.13322,0.11473,0.04172,0.02568,0.04083,0.10851,0.07643,0.09232
0.02506,0.01502,0.01974,0.01757,0.01545,0.02318,0.01700,0.01982,0.01388,0.02706,0.17650,0.03930,0.12058,0.10362,0.03776,0.02662,0.03241,0.05874,0.14556,0.06513
0.03297,0.01965,0.02498,0.02412,0.02108,0.02913,0.02205,0.02693,0.01758,0.03690,0.15984,0.04832,0.12077,0.09757,0.02735,0.02208,0.03379,0.05384,0.12893,0.05213
0.03491,0.02175,0.03017,0.02697,0.02371,0.03204,0.02617,0.03127,0.02078,0.03904,0.15500,0.03197,0.08720,0.08196,0.03943,0.02608,0.02963,0.06051,0.13797,0.06346
0.02242,0.01681,0.02027,0.02012,0.01649,0.02136,0.01989,0.02085,0.01502,0.02816,0.13541,0.05747,0.15717,0.12307,0.03772,0.02983,0.03600,0.05550,0.10575,0.06068
0.02139,0.01753,0.01771,0.01996,0.01557,0.02073,0.01825,0.01990,0.01434,0.02557,0.10683,0.05178,0.17844,0.14755,0.04488,0.02886,0.03629,0.06612,0.07499,0.07331
0.02969,0.02062,0.02476,0.02403,0.02322,0.02894,0.02556,0.02558,0.01952,0.03114,0.11322,0.04688,0.13105,0.11301,0.04764,0.03277,0.03903,0.06618,0.08410,0.07305
0.02948,0.02111,0.02818,0.02721,0.02417,0.02896,0.02491,0.02777,0.02134,0.03309,0.09370,0.05759,0.14311,0.11801,0.04657,0.03237,0.04158,0.06658,0.06546,0.06879
0.03366,0.02028,0.02638,0.02401,0.02218,0.03137,0.02577,0.02628,0.01832,0.03433,0.09483,0.04127,0.12081,0.11730,0.05485,0.03406,0.04000,0.08185,0.06644,0.08599
0.02433,0.01760,0.02061,0.01842,0.01909,0.02370,0.01991,0.02246,0.01717,0.02586,0.12353,0.05251,0.14584,0.11777,0.03964,0.03034,0.04185,0.07351,0.09036,0.07551
0.02258,0.01653,0.01864,0.01706,0.01530,0.02090,0.01868,0.02089,0.01507,0.02439,0.14429,0.04825,0.13862,0.11807,0.04595,0.03175,0.03556,0.06280,0.11709,0.06757
0.04954,0.02744,0.03711,0.03440,0.03142,0.04173,0.03659,0.04066,0.02846,0.05204,0.09509,0.03977,0.10536,0.09154,0.03781,0.02862,0.03321,0.06035,0.07119,0.05770
0.02801,0.01867,0.02253,0.02160,0.01862,0.02884,0.02093,0.02497,0.01776,0.03249,0.11900,0.04277,0.13768,0.12903,0.05058,0.03272,0.03580,0.05920,0.08576,0.07306
0.02354,0.01778,0.02166,0.02060,0.01783,0.02338,0.02065,0.02046,0.01574,0.02652,0.14610,0.05180,0.13193,0.11045,0.03606,0.02761,0.03993,0.06275,0.12068,0.06454
0.02788,0.02136,0.02381,0.02381,0.01989,0.02477,0.02308,0.02435,0.02009,0.02996,0.10187,0.05966,0.14317,0.11940,0.04768,0.03374,0.04398,0.06825,0.06952,0.07373
0.02913,0.02018,0.02550,0.02392,0.02112,0.03015,0.02664,0.02746,0.02014,0.02937,0.08029,0.05395,0.15545,0.13464,0.05887,0.03909,0.04126,0.05815,0.04466,0.08002
0.04987,0.02783,0.04267,0.03487,0.03090,0.04417,0.03565,0.04628,0.03075,0.06197,0.09819,0.04408,0.09777,0.08505,0.03032,0.02446,0.03377,0.05095,0.07990,0.05056
0.02700,0.01872,0.02562,0.02245,0.02038,0.02709,0.02148,0.02313,0.01586,0.02866,0.15447,0.04921,0.11279,0.09491,0.03724,0.02979,0.03931,0.05792,0.12553,0.06844
0.03414,0.02018,0.02827,0.02211,0.02284,0.03064,0.02905,0.02927,0.01878,0.03950,0.12589,0.04765,0.11896,0.10081,0.03725,0.02740,0.03768,0.07051,0.09146,0.06760
0.02301,0.01737,0.02100,0.02159,0.01878,0.02301,0.01994,0.02337,0.01576,0.02388,0.15199,0.04475,0.12545,0.11533,0.04443,0.02946,0.03426,0.05683,0.12168,0.06811
0.03258,0.01827,0.02538,0.02161,0.02001,0.02769,0.02536,0.02498,0.01926,0.03374,0.12464,0.04321,0.12384,0.10422,0.03953,0.02736,0.03572,0.07969,0.09971,0.07319
0.03074,0.02015,0.02538,0.02647,0.02085,0.03118,0.02521,0.02460,0.02012,0.03450,0.09176,0.04715,0.13145,0.11568,0.04854,0.03242,0.04326,0.08136,0.06318,0.08600
0.03185,0.01923,0.02614,0.02215,0.02143,0.02884,0.02540,0.02695,0.01758,0.03676,0.10776,0.05676,0.15688,0.12639,0.03249,0.02601,0.03831,0.06299,0.06989,0.06617
0.02747,0.01628,0.02124,0.01990,0.01746,0.02463,0.02191,0.02517,0.01661,0.03150,0.13664,0.05390,0.13345,0.11596,0.04163,0.02923,0.03766,0.05975,0.10288,0.06673
0.02394,0.01871,0.01960,0.01968,0.01683,0.02365,0.02026,0.02099,0.01647,0.02449,0.16293,0.03723,0.11153,0.10546,0.04324,0.02720,0.03326,0.06467,0.13929,0.07057
0.03118,0.02413,0.02648,0.02548,0.02334,0.03093,0.02761,0.02748,0.02144,0.03370,0.10514,0.05256,0.14991,0.11745,0.04181,0.03138,0.03821,0.05246,0.07722,0.06210
0.03163,0.01919,0.02630,0.02435,0.01933,0.03059,0.02567,0.02649,0.01962,0.03355,0.11061,0.04456,0.13139,0.10989,0.04189,0.02661,0.03688,0.08182,0.08313,0.07649
0.04238,0.02199,0.03210,0.02522,0.02249,0.03686,0.02672,0.03236,0.02142,0.04788,0.08841,0.04876,0.14166,0.11515,0.04374,0.02863,0.03516,0.06434,0.05709,0.06764
0.02592,0.01816,0.02253,0.01944,0.01858,0.02641,0.01834,0.02279,0.01617,0.02811,0.09290,0.06177,0.19299,0.14472,0.04525,0.02997,0.03891,0.05335,0.05726,0.06642
0.03246,0.02058,0.02710,0.02778,0.02253,0.02828,0.02344,0.02720,0.01890,0.03033,0.10765,0.04672,0.14261,0.12167,0.03962,0.02742,0.03634,0.07162,0.07760,0.07016
0.01693,0.01128,0.01377,0.01329,0.01161,0.01627,0.01429,0.01641,0.01087,0.01913,0.19296,0.03583,0.11613,0.11080,0.04271,0.02590,0.03162,0.06326,0.16694,0.07000
0.04329,0.02895,0.04090,0.03581,0.02999,0.04356,0.03640,0.03878,0.02699,0.04802,0.12727,0.03892,0.08535,0.07738,0.03321,0.02525,0.03166,0.04817,0.11044,0.04966
0.02121,0.01543,0.01853,0.01695,0.01518,0.01993,0.01725,0.01925,0.01342,0.02340,0.16902,0.05651,0.13854,0.10920,0.03204,0.02412,0.03564,0.05432,0.14096,0.05910
0.03034,0.01841,0.02232,0.02113,0.01746,0.02660,0.02090,0.02388,0.01825,0.03227,0.11179,0.05634,0.14616,0.11921,0.04055,0.02923,0.04250,0.06950,0.08234,0.07084
0.04474,0.02707,0.03660,0.03175,0.02737,0.04136,0.03496,0.04231,0.02383,0.05709,0.08815,0.03619,0.10375,0.09594,0.04472,0.02977,0.03450,0.06401,0.06675,0.06916
0.02745,0.01984,0.02310,0.02284,0.01945,0.02728,0.02294,0.02419,0.01757,0.02970,0.11314,0.06090,0.15778,0.12662,0.03888,0.02879,0.03719,0.05987,0.07780,0.06468
0.02242,0.01700,0.02094,0.01905,0.01880,0.02260,0.02143,0.02075,0.01657,0.02443,0.10397,0.03672,0.13239,0.13938,0.06567,0.03787,0.03897,0.07759,0.07131,0.09213
0.01899,0.01370,0.01774,0.01500,0.01467,0.01892,0.01646,0.01837,0.01246,0.01873,0.08905,0.05574,0.18270,0.15149,0.06133,0.03966,0.04261,0.07297,0.05130,0.08811
0.03567,0.02818,0.03352,0.03217,0.02611,0.03926,0.03131,0.03421,0.02507,0.03981,0.10184,0.04368,0.09808,0.09525,0.04349,0.03371,0.04047,0.06786,0.08020,0.07010
0.02705,0.01978,0.02440,0.02266,0.02212,0.02748,0.02625,0.02424,0.01904,0.02929,0.10490,0.04943,0.12504,0.11904,0.05898,0.03863,0.04358,0.06175,0.07998,0.07635
0.02772,0.02164,0.02549,0.02297,0.02146,0.02756,0.02535,0.02564,0.01774,0.03059,0.14725,0.03977,0.10343,0.09640,0.04168,0.02948,0.03795,0.06692,0.12184,0.06912
0.03189,0.02054,0.02463,0.02227,0.02126,0.02832,0.02106,0.02792,0.02178,0.03138,0.14142,0.04869,0.10225,0.09366,0.04201,0.03275,0.03879,0.06263,0.12250,0.06424
0.03429,0.02591,0.03127,0.02864,0.02637,0.03564,0.02994,0.03416,0.02127,0.04302,0.09977,0.05130,0.13635,0.11370,0.04021,0.02931,0.03318,0.05416,0.07270,0.05883
0.03015,0.01855,0.02848,0.02323,0.01985,0.02812,0.02254,0.02574,0.01621,0.03623,0.09970,0.05194,0.11222,0.10928,0.04883,0.03384,0.04894,0.09121,0.06765,0.08730
0.03235,0.01845,0.02378,0.02167,0.02042,0.02814,0.02362,0.02626,0.01691,0.03368,0.10530,0.04574,0.14561,0.12643,0.05158,0.03003,0.03715,0.06521,0.07372,0.07393
0.02850,0.01529,0.02180,0.02022,0.01650,0.02431,0.01997,0.02249,0.01672,0.03333,0.11229,0.05652,0.18073,0.14095,0.03042,0.02283,0.03771,0.06246,0.07271,0.06424
0.03889,0.02455,0.03304,0.02966,0.02345,0.03693,0.03005,0.03500,0.02342,0.04668,0.09924,0.04271,0.11198,0.09440,0.03705,0.02798,0.03976,0.07742,0.07784,0.06995
0.02963,0.01597,0.02226,0.01815,0.01853,0.02723,0.02174,0.02144,0.01524,0.03059,0.18188,0.03916,0.10537,0.08701,0.03236,0.02336,0.03242,0.05931,0.15807,0.06029
0.03133,0.01614,0.02665,0.02424,0.02010,0.02996,0.02473,0.02661,0.01771,0.03706,0.08858,0.05535,0.14970,0.13132,0.04868,0.03420,0.04093,0.06492,0.05211,0.07969
0.03170,0.02174,0.02688,0.02397,0.02248,0.03115,0.02434,0.02985,0.02127,0.03614,0.10802,0.05693,0.14674,0.11884,0.03306,0.02926,0.03725,0.06114,0.07699,0.06225
0.02390,0.01493,0.01909,0.01987,0.01611,0.02443,0.01980,0.02083,0.01474,0.02548,0.09746,0.04539,0.13572,0.11683,0.04688,0.02995,0.04860,0.11235,0.06908,0.09855
0.03434,0.02125,0.02902,0.02700,0.02410,0.03204,0.02663,0.02752,0.01907,0.03525,0.09528,0.04577,0.12537,0.10918,0.04215,0.02829,0.04404,0.08546,0.06908,0.07915
0.02471,0.02077,0.02149,0.02111,0.01838,0.02405,0.02212,0.02343,0.01686,0.02892,0.14679,0.04134,0.12145,0.10694,0.04463,0.02630,0.03500,0.06403,0.12190,0.06977
0.02001,0.01409,0.01901,0.01837,0.01423,0.02162,0.01636,0.02065,0.01338,0.02468,0.13566,0.04661,0.12655,0.11311,0.04624,0.03006,0.04136,0.08657,0.10890,0.08253
0.02479,0.01346,0.01685,0.01708,0.01454,0.02233,0.01835,0.01955,0.01309,0.02838,0.11817,0.04474,0.14981,0.13278,0.05313,0.03085,0.03781,0.07562,0.08607,0.08258
0.03499,0.02174,0.02765,0.02355,0.02177,0.03200,0.02614,0.03300,0.01875,0.04307,0.13738,0.04389,0.12476,0.09983,0.03360,0.02484,0.03293,0.05428,0.11089,0.05496
0.03279,0.02208,0.02743,0.02434,0.02027,0.03319,0.02845,0.03463,0.01815,0.04432,0.13484,0.05185,0.13960,0.10641,0.02669,0.02544,0.03261,0.04070,0.10989,0.04631
0.02436,0.01700,0.02099,0.01938,0.01658,0.02378,0.01943,0.02381,0.01532,0.02803,0.09511,0.05346,0.15259,0.13639,0.05448,0.03570,0.04428,0.07161,0.06181,0.08587
0.02689,0.01632,0.02030,0.02190,0.01788,0.02501,0.02218,0.02254,0.01599,0.02771,0.12862,0.05277,0.14461,0.11927,0.04177,0.02873,0.03985,0.06017,0.09666,0.07085
0.02494,0.01754,0.02353,0.02163,0.01995,0.02499,0.02099,0.02501,0.01840,0.02869,0.08867,0.05039,0.13929,0.12965,0.05836,0.03553,0.04033,0.08357,0.05754,0.09098
0.03902,0.02059,0.03042,0.02642,0.02279,0.03584,0.02805,0.03079,0.01901,0.04331,0.09610,0.04587,0.12740,0.11046,0.04531,0.03117,0.04060,0.06661,0.06697,0.07326
0.01981,0.01461,0.01713,0.01601,0.01456,0.01842,0.01504,0.01730,0.01342,0.02209,0.25096,0.03355,0.08872,0.07299,0.02584,0.01934,0.02506,0.04238,0.22524,0.04754
0.04575,0.02332,0.03435,0.02718,0.02641,0.04231,0.03310,0.03864,0.02306,0.05537,0.09743,0.04462,0.11343,0.09451,0.03459,0.02671,0.03647,0.06484,0.07346,0.06444
0.02655,0.01596,0.02167,0.02071,0.01815,0.02429,0.02019,0.02281,0.01515,0.02969,0.11854,0.05019,0.16070,0.13494,0.04234,0.02701,0.03502,0.06303,0.08568,0.06739
0.03184,0.02128,0.02612,0.02311,0.01991,0.03032,0.02368,0.02658,0.01807,0.03547,0.19912,0.03048,0.08433,0.08030,0.03462,0.02394,0.02588,0.03976,0.17912,0.04606
0.03099,0.01961,0.02562,0.02454,0.01966,0.03069,0.02228,0.02574,0.01898,0.03409,0.11818,0.04671,0.12418,0.10961,0.04125,0.02729,0.04009,0.07755,0.08923,0.07370
0.02455,0.01797,0.02020,0.02013,0.01616,0.02393,0.02124,0.02115,0.01508,0.02758,0.11694,0.04794,0.15609,0.13260,0.04539,0.02917,0.03596,0.06591,0.08982,0.07218
0.02982,0.02213,0.02599,0.02590,0.02086,0.02989,0.02411,0.02962,0.02016,0.03291,0.11461,0.05192,0.12143,0.10500,0.04496,0.03011,0.04124,0.06837,0.09141,0.06956
0.03377,0.02009,0.02695,0.02398,0.02308,0.02855,0.02275,0.02858,0.02056,0.03454,0.10568,0.05485,0.12509,0.10524,0.03969,0.03084,0.04775,0.07887,0.07854,0.07060
0.03270,0.02086,0.02838,0.02640,0.02108,0.03513,0.02991,0.03030,0.02009,0.04085,0.09836,0.05249,0.12359,0.10670,0.04601,0.03271,0.04348,0.06977,0.06981,0.07138
0.02869,0.02043,0.02459,0.02058,0.01938,0.02828,0.02329,0.02437,0.01745,0.03283,0.10393,0.04746,0.14300,0.12740,0.04849,0.03109,0.03939,0.06891,0.07408,0.07637
0.02533,0.01634,0.02014,0.01796,0.01651,0.02403,0.01915,0.02277,0.01613,0.02805,0.11393,0.03977,0.12662,0.11263,0.05032,0.02706,0.03662,0.10128,0.09311,0.09224
0.01933,0.01176,0.01475,0.01356,0.01259,0.01743,0.01484,0.01665,0.01053,0.01989,0.20011,0.04340,0.10931,0.09641,0.03041,0.02179,0.03520,0.07363,0.17499,0.06343
0.02860,0.01742,0.02097,0.02185,0.01917,0.02417,0.01988,0.02107,0.01667,0.03406,0.11953,0.05280,0.15243,0.12408,0.03639,0.02540,0.03555,0.07282,0.08506,0.07207
0.03854,0.02469,0.03397,0.03219,0.02639,0.03649,0.02907,0.03399,0.02445,0.04685,0.12831,0.04818,0.09843,0.08278,0.03155,0.02498,0.03645,0.06110,0.10432,0.05727
0.03507,0.02249,0.03361,0.02862,0.02368,0.03530,0.02905,0.03363,0.02086,0.04233,0.09518,0.04371,0.09666,0.09687,0.04850,0.03374,0.04341,0.08441,0.06794,0.08496
