0.04913,0.04714,0.04807,0.04580,0.04897,0.04796,0.04710,0.04568,0.04970,0.04827,0.05188,0.05909,0.04734,0.05313,0.05117,0.05191,0.05037,0.05102,0.05551,0.05076
0.04857,0.04638,0.04934,0.04879,0.05115,0.05250,0.04968,0.05037,0.05036,0.05143,0.04975,0.05088,0.04889,0.05136,0.05080,0.05088,0.04937,0.04877,0.05353,0.04718
0.04868,0.04760,0.04608,0.04475,0.04894,0.04935,0.04925,0.04996,0.04929,0.04987,0.05254,0.05599,0.04800,0.04985,0.05133,0.05366,0.04966,0.05071,0.05502,0.04946
0.04958,0.04934,0.04674,0.04571,0.04901,0.04874,0.05052,0.05278,0.05038,0.05087,0.05057,0.05137,0.04900,0.04614,0.05379,0.05653,0.04883,0.04969,0.05183,0.04860
0.04934,0.04906,0.04985,0.05069,0.04975,0.04850,0.04938,0.05068,0.04905,0.04936,0.05063,0.04783,0.04890,0.04707,0.04993,0.04993,0.05232,0.05391,0.04978,0.05402
0.04922,0.04773,0.04984,0.04921,0.05067,0.05092,0.05220,0.05447,0.05037,0.05117,0.04893,0.04691,0.04703,0.04994,0.05015,0.05040,0.04928,0.04845,0.04963,0.05349
0.04916,0.04943,0.05171,0.05319,0.04844,0.04909,0.05446,0.05467,0.04957,0.04865,0.04884,0.04738,0.04849,0.04703,0.04829,0.04864,0.05075,0.05107,0.04848,0.05266
0.04939,0.04874,0.04893,0.04870,0.05085,0.05002,0.04856,0.04922,0.05037,0.04906,0.05010,0.05045,0.04808,0.04996,0.05148,0.05239,0.05112,0.05146,0.05252,0.04861
0.05080,0.05211,0.05228,0.05374,0.04898,0.05101,0.05075,0.04993,0.04789,0.04777,0.04774,0.04681,0.04916,0.05133,0.04775,0.04879,0.04988,0.05074,0.05267,0.04987
0.04766,0.04571,0.04916,0.04722,0.04941,0.04909,0.04924,0.05182,0.05287,0.05567,0.05133,0.05181,0.04848,0.04866,0.05242,0.05224,0.04825,0.04843,0.04997,0.05055
0.05047,0.05074,0.05011,0.05000,0.05010,0.04857,0.04929,0.04707,0.04917,0.04763,0.05067,0.05087,0.04766,0.05633,0.04937,0.04731,0.05006,0.04850,0.04908,0.05699
0.05130,0.05109,0.04914,0.04922,0.05394,0.05507,0.04912,0.04879,0.04757,0.04411,0.04746,0.04981,0.04742,0.05026,0.05045,0.04999,0.05115,0.04995,0.05420,0.04996
0.04846,0.04876,0.04849,0.04737,0.04949,0.04889,0.04856,0.04963,0.05019,0.04996,0.05106,0.05025,0.04821,0.05539,0.05016,0.05176,0.04940,0.04861,0.05251,0.05286
0.05055,0.04998,0.05081,0.05073,0.04857,0.04663,0.05025,0.04931,0.04843,0.04673,0.04941,0.05036,0.05102,0.05038,0.04987,0.05086,0.05214,0.05305,0.05174,0.04918
0.04904,0.04847,0.04877,0.04828,0.05214,0.05178,0.04953,0.05052,0.05106,0.04999,0.04859,0.04772,0.04843,0.05368,0.04887,0.04956,0.05004,0.04952,0.05473,0.04928
0.05057,0.04986,0.04870,0.04749,0.05227,0.05218,0.04969,0.04995,0.04914,0.04822,0.04993,0.05173,0.04880,0.04751,0.05027,0.05009,0.05040,0.04958,0.05013,0.05349
0.05083,0.05173,0.04892,0.05053,0.05188,0.05307,0.04984,0.04913,0.04899,0.04763,0.04815,0.04880,0.04810,0.05228,0.04921,0.05046,0.04860,0.04758,0.05166,0.05260
0.05153,0.05278,0.05114,0.05124,0.05059,0.05068,0.05131,0.05046,0.04859,0.04834,0.04736,0.04633,0.04769,0.04948,0.04989,0.04868,0.05110,0.05125,0.05028,0.05129
0.04827,0.04777,0.04824,0.04865,0.04967,0.04999,0.04840,0.04969,0.04999,0.05212,0.05055,0.05323,0.04866,0.04115,0.05395,0.05607,0.05089,0.05253,0.05350,0.04668
0.04983,0.04955,0.04888,0.04911,0.04959,0.05057,0.05006,0.05330,0.05048,0.05169,0.05060,0.04987,0.04949,0.05042,0.04972,0.04923,0.04840,0.04844,0.04907,0.05170
0.04870,0.04774,0.04706,0.04634,0.04978,0.04949,0.04810,0.05072,0.04940,0.04792,0.05259,0.05604,0.04972,0.05208,0.05128,0.05168,0.04971,0.04903,0.05367,0.04896
0.04734,0.04674,0.05047,0.04988,0.04923,0.04772,0.04925,0.05086,0.04821,0.04773,0.04987,0.04963,0.04897,0.04782,0.05131,0.05191,0.05326,0.05628,0.05336,0.05016
0.04972,0.05058,0.05001,0.04979,0.04932,0.04726,0.04994,0.04926,0.04939,0.04672,0.04950,0.04772,0.04859,0.05160,0.05131,0.05156,0.05137,0.05250,0.05099,0.05287
0.04757,0.04461,0.04959,0.04903,0.04831,0.04938,0.05014,0.05321,0.05462,0.05947,0.05059,0.05012,0.04998,0.05038,0.05069,0.05030,0.04714,0.04551,0.04772,0.05164
0.05355,0.05735,0.04985,0.04928,0.04976,0.04868,0.04885,0.04836,0.04869,0.04890,0.04799,0.04785,0.04848,0.05013,0.05040,0.04938,0.05106,0.05076,0.05060,0.05007
0.04709,0.04518,0.04956,0.04845,0.04950,0.04938,0.04989,0.05051,0.05329,0.05643,0.04950,0.04914,0.05152,0.05509,0.04920,0.04982,0.04863,0.04676,0.04884,0.05222
0.05069,0.05086,0.05012,0.05112,0.04875,0.04900,0.05388,0.05571,0.04932,0.04926,0.04931,0.04701,0.04749,0.04812,0.04958,0.04984,0.05018,0.04947,0.04905,0.05125
0.04953,0.05135,0.05270,0.05506,0.05016,0.04862,0.04943,0.04803,0.04870,0.04830,0.04969,0.04671,0.05032,0.05089,0.04822,0.04766,0.05173,0.05143,0.04982,0.05164
0.04816,0.04603,0.05078,0.05071,0.05140,0.05063,0.04862,0.04789,0.05244,0.05634,0.04911,0.05200,0.04828,0.04890,0.04930,0.05064,0.04851,0.04945,0.05291,0.04788
0.04970,0.05019,0.04801,0.04605,0.05128,0.05148,0.04923,0.04849,0.04949,0.04864,0.04999,0.05183,0.04957,0.05055,0.05103,0.05180,0.04958,0.05062,0.05187,0.05061
0.04797,0.04687,0.04886,0.04640,0.05083,0.05008,0.04768,0.04957,0.05094,0.05097,0.05322,0.05576,0.04885,0.05114,0.05007,0.05015,0.04868,0.04961,0.05007,0.05228
0.04894,0.05082,0.05036,0.05094,0.04835,0.04519,0.05034,0.05036,0.04945,0.04801,0.05030,0.04866,0.05209,0.05720,0.04876,0.04801,0.05001,0.04887,0.04943,0.05391
0.04945,0.05031,0.05287,0.05368,0.04991,0.04928,0.05031,0.05046,0.04842,0.04705,0.04889,0.04856,0.04981,0.05061,0.04827,0.04854,0.05144,0.05230,0.05199,0.04786
0.04850,0.04775,0.04760,0.04697,0.04981,0.04840,0.04950,0.05155,0.05289,0.05565,0.05100,0.05170,0.04847,0.04957,0.05104,0.05013,0.04812,0.04816,0.04889,0.05430
0.04942,0.04799,0.05063,0.05073,0.04982,0.04824,0.04880,0.04926,0.04851,0.04589,0.04916,0.04968,0.05017,0.05122,0.04887,0.04874,0.05353,0.05636,0.05279,0.05020
0.04852,0.04904,0.05159,0.05139,0.04943,0.04813,0.05034,0.05127,0.04779,0.04466,0.04809,0.04500,0.04932,0.04722,0.04954,0.05138,0.05530,0.05948,0.05356,0.04895
0.05055,0.05210,0.05439,0.05686,0.05019,0.04903,0.05001,0.04722,0.04780,0.04707,0.04930,0.04742,0.04848,0.04747,0.04848,0.04789,0.05204,0.05440,0.05126,0.04803
0.04745,0.04646,0.04982,0.04951,0.04930,0.04917,0.04815,0.05090,0.04868,0.04686,0.04942,0.05028,0.04966,0.04746,0.05012,0.05050,0.05488,0.05727,0.05295,0.05115
0.04969,0.04991,0.05343,0.05440,0.05093,0.04936,0.05101,0.04777,0.04882,0.04845,0.04915,0.04834,0.04972,0.05032,0.04901,0.04657,0.05102,0.05007,0.05060,0.05142
0.05024,0.04975,0.04957,0.05003,0.04839,0.04835,0.05281,0.05457,0.05052,0.05071,0.04915,0.04653,0.04914,0.05200,0.04953,0.04958,0.04856,0.04826,0.05007,0.05223
0.05030,0.05121,0.04917,0.05026,0.04919,0.04691,0.04895,0.04863,0.04836,0.04668,0.05044,0.04951,0.05047,0.05627,0.04947,0.05100,0.05026,0.05024,0.05264,0.05004
0.05010,0.05081,0.05187,0.05326,0.04720,0.04609,0.05048,0.04951,0.04956,0.04892,0.04898,0.04729,0.05103,0.05207,0.04931,0.05005,0.05081,0.05068,0.05024,0.05174
0.05473,0.06015,0.05184,0.05115,0.04961,0.04818,0.05059,0.04805,0.04739,0.04538,0.04853,0.04766,0.04965,0.04994,0.04945,0.04785,0.04954,0.05045,0.05158,0.04828
0.04729,0.04764,0.05058,0.05066,0.04940,0.05028,0.05181,0.05207,0.04900,0.05005,0.04981,0.04934,0.04842,0.04782,0.05029,0.05178,0.05110,0.05118,0.05125,0.05023
0.04860,0.04940,0.05052,0.04879,0.04814,0.04607,0.04991,0.05048,0.04961,0.04793,0.05074,0.05019,0.04895,0.04714,0.05070,0.05113,0.05337,0.05562,0.04994,0.05279
0.05064,0.05102,0.04956,0.05041,0.04893,0.04850,0.05210,0.05311,0.04920,0.04856,0.04926,0.04712,0.04919,0.05043,0.05071,0.04975,0.04996,0.04984,0.04841,0.05332
0.04864,0.04643,0.04543,0.04303,0.04908,0.04877,0.04653,0.04891,0.05043,0.04920,0.05298,0.05759,0.05002,0.05132,0.05222,0.05374,0.05103,0.05004,0.05602,0.04860
0.04975,0.05060,0.05135,0.05163,0.04904,0.04649,0.04991,0.05039,0.04693,0.04455,0.04903,0.04744,0.04844,0.05050,0.04883,0.04919,0.05413,0.05686,0.05388,0.05106
0.04975,0.04960,0.05019,0.04953,0.05069,0.04982,0.04873,0.04879,0.04974,0.04851,0.04881,0.04782,0.05151,0.06067,0.04775,0.04638,0.04901,0.04786,0.05190,0.05295
0.04861,0.04644,0.04931,0.04910,0.04988,0.05104,0.04962,0.04947,0.05103,0.05217,0.04992,0.05071,0.04793,0.04959,0.05248,0.05353,0.04851,0.04872,0.05088,0.05104
0.04897,0.04809,0.04757,0.04716,0.05172,0.05250,0.04987,0.05038,0.04885,0.04744,0.04976,0.05089,0.04740,0.04852,0.05172,0.05332,0.05103,0.05153,0.05318,0.05008
0.04965,0.05029,0.05068,0.05253,0.04903,0.04830,0.04924,0.04918,0.05040,0.05127,0.04998,0.04915,0.05082,0.04930,0.05086,0.05076,0.05033,0.05000,0.04848,0.04975
0.04947,0.04958,0.05273,0.05474,0.04870,0.04933,0.05142,0.05040,0.04857,0.04847,0.04964,0.04822,0.04942,0.04897,0.04829,0.04884,0.05063,0.05183,0.05075,0.05001
0.04923,0.05029,0.05418,0.05575,0.04831,0.04783,0.05031,0.04874,0.04871,0.04875,0.04893,0.04701,0.05206,0.05208,0.04725,0.04654,0.05085,0.05206,0.05076,0.05036
0.04827,0.04729,0.04985,0.04932,0.04847,0.04808,0.04962,0.05204,0.05061,0.05003,0.05088,0.05011,0.04872,0.04809,0.05238,0.05390,0.05028,0.05205,0.05026,0.04977
0.04912,0.04883,0.04898,0.04801,0.05062,0.05185,0.04909,0.04937,0.05135,0.05186,0.04944,0.04949,0.04968,0.05209,0.04990,0.04962,0.04940,0.04873,0.05128,0.05129
0.04893,0.04777,0.04871,0.04806,0.04905,0.04832,0.04875,0.05017,0.05213,0.05241,0.05031,0.05049,0.04923,0.04978,0.05169,0.05265,0.04932,0.05062,0.05160,0.05001
0.04763,0.04752,0.04986,0.04883,0.05397,0.05604,0.04958,0.04842,0.05029,0.04950,0.05059,0.05163,0.04829,0.05078,0.04892,0.04812,0.04959,0.04942,0.05090,0.05014
0.04925,0.04799,0.04857,0.04808,0.05011,0.04921,0.04776,0.04933,0.05016,0.04948,0.05103,0.05179,0.05053,0.05084,0.04993,0.04968,0.05197,0.05325,0.05098,0.05005
0.04703,0.04590,0.04923,0.04937,0.05292,0.05320,0.04911,0.05078,0.05170,0.05283,0.05105,0.05147,0.04894,0.04841,0.04879,0.04903,0.04892,0.04842,0.05042,0.05249
0.04820,0.04731,0.04802,0.04833,0.04955,0.04930,0.04960,0.05026,0.05222,0.05411,0.05027,0.05189,0.05050,0.04919,0.05106,0.05059,0.04862,0.04906,0.05292,0.04900
0.05165,0.05088,0.04907,0.04747,0.04919,0.04716,0.04832,0.04843,0.04904,0.04651,0.04973,0.04958,0.05178,0.05292,0.04928,0.04914,0.05226,0.05342,0.04997,0.05419
0.05317,0.05776,0.05055,0.05036,0.04996,0.05047,0.05018,0.04864,0.04793,0.04577,0.04864,0.04970,0.04971,0.04848,0.04889,0.04900,0.05085,0.05158,0.05237,0.04599
0.04926,0.04895,0.04914,0.04928,0.05153,0.05104,0.05053,0.05023,0.04937,0.04915,0.04983,0.04937,0.04853,0.04810,0.05131,0.05158,0.05096,0.05120,0.05120,0.04944
0.04887,0.04805,0.04661,0.04646,0.05018,0.04857,0.04776,0.04993,0.05090,0.05035,0.05163,0.05282,0.04707,0.05343,0.05063,0.05040,0.04954,0.05002,0.05121,0.05559
0.04842,0.04853,0.04891,0.04959,0.05259,0.05541,0.04741,0.05036,0.05015,0.04921,0.04894,0.05039,0.04733,0.05280,0.05024,0.04991,0.04847,0.04854,0.05488,0.04791
0.04787,0.04653,0.04655,0.04450,0.04920,0.04720,0.04861,0.05009,0.05002,0.04919,0.05317,0.05607,0.04906,0.05253,0.05229,0.05361,0.04973,0.05042,0.05492,0.04843
0.04981,0.04926,0.04833,0.04811,0.04978,0.05144,0.05020,0.05091,0.05241,0.05734,0.04999,0.04954,0.04728,0.04872,0.04969,0.04912,0.04801,0.04654,0.05243,0.05112
0.04603,0.04377,0.04953,0.04744,0.04899,0.04707,0.04917,0.05195,0.05491,0.06222,0.05260,0.04988,0.05059,0.05340,0.04818,0.04826,0.04784,0.04646,0.04936,0.05236
0.05352,0.05555,0.04890,0.04872,0.04961,0.04859,0.04941,0.04760,0.04822,0.04618,0.04883,0.04802,0.04831,0.05608,0.05035,0.04846,0.04973,0.04919,0.05163,0.05312
0.04650,0.04417,0.04877,0.04886,0.04931,0.04876,0.04973,0.05110,0.05335,0.05675,0.04982,0.05087,0.05117,0.05072,0.05069,0.05065,0.04934,0.04883,0.05132,0.04929
0.04950,0.04746,0.04881,0.04939,0.05299,0.05486,0.04879,0.04867,0.04955,0.05004,0.04992,0.05286,0.04840,0.04929,0.05075,0.05042,0.04958,0.04903,0.05170,0.04800
0.05016,0.05083,0.05106,0.05063,0.04825,0.04725,0.05022,0.05045,0.04665,0.04339,0.04903,0.04885,0.04777,0.04676,0.05077,0.05370,0.05458,0.05758,0.05443,0.04761
0.04939,0.04883,0.05107,0.05101,0.04994,0.05078,0.05007,0.05035,0.04979,0.05077,0.04994,0.04935,0.04874,0.05030,0.04990,0.04962,0.04972,0.04885,0.05120,0.05036
0.04874,0.04752,0.04832,0.04687,0.04970,0.04742,0.04912,0.05002,0.05029,0.05045,0.05153,0.05196,0.04815,0.05186,0.05118,0.05210,0.04993,0.05195,0.05087,0.05202
0.04925,0.04859,0.04883,0.04919,0.05224,0.05444,0.04975,0.05154,0.04867,0.04967,0.04963,0.05136,0.04721,0.05016,0.04990,0.05074,0.04944,0.04798,0.05260,0.04880
0.04973,0.04763,0.04642,0.04453,0.05086,0.05135,0.04766,0.04890,0.04931,0.04837,0.05166,0.05746,0.04915,0.05156,0.05043,0.05146,0.05013,0.04920,0.05137,0.05282
0.05326,0.05654,0.05052,0.05158,0.04973,0.04922,0.04787,0.04689,0.04718,0.04545,0.04780,0.04676,0.04904,0.05466,0.04833,0.04772,0.05054,0.05169,0.05053,0.05470
0.04879,0.04734,0.04950,0.04875,0.04965,0.05018,0.05030,0.05051,0.05238,0.05431,0.05013,0.04831,0.04923,0.05272,0.05090,0.05018,0.04780,0.04676,0.05127,0.05097
0.04982,0.05125,0.04925,0.04834,0.04844,0.04742,0.04901,0.04964,0.04892,0.04805,0.04994,0.04918,0.05148,0.05894,0.04853,0.04728,0.05008,0.04906,0.05025,0.05512
0.04942,0.04769,0.04788,0.04877,0.05314,0.05582,0.04942,0.05071,0.05040,0.05015,0.04959,0.04992,0.04824,0.05026,0.04973,0.05040,0.04960,0.04838,0.05157,0.04891
0.04909,0.04748,0.04703,0.04593,0.05107,0.05224,0.04877,0.04879,0.05123,0.05218,0.05045,0.05278,0.04951,0.05160,0.05144,0.05199,0.04830,0.04722,0.05357,0.04935
0.04881,0.04789,0.04841,0.04830,0.04988,0.04984,0.05125,0.05105,0.05033,0.05201,0.04942,0.05013,0.04688,0.04604,0.05429,0.05602,0.04970,0.04938,0.05157,0.04880
0.04767,0.04677,0.04795,0.04727,0.05093,0.05026,0.05059,0.05190,0.05061,0.05167,0.04978,0.05012,0.04943,0.04931,0.05206,0.05208,0.04934,0.04977,0.05310,0.04938
0.04792,0.04663,0.05038,0.04903,0.05014,0.05030,0.05360,0.05551,0.05067,0.05147,0.04812,0.04829,0.04930,0.04867,0.04974,0.04978,0.04967,0.04999,0.05228,0.04852
0.04984,0.04947,0.04891,0.04905,0.05508,0.05885,0.04769,0.04903,0.04932,0.04953,0.04939,0.05082,0.04641,0.04534,0.05103,0.05095,0.05005,0.04915,0.05199,0.04809
0.04911,0.04852,0.04901,0.04727,0.04949,0.04972,0.04942,0.04928,0.05122,0.05275,0.05012,0.05298,0.05079,0.05020,0.04983,0.04947,0.05021,0.04904,0.05045,0.05111
0.04900,0.04846,0.04897,0.05049,0.04948,0.04963,0.04952,0.05105,0.05077,0.05062,0.05032,0.04954,0.05047,0.05179,0.04974,0.04963,0.04940,0.04929,0.05037,0.05145
0.04712,0.04483,0.04629,0.04257,0.04851,0.04724,0.04804,0.05038,0.04898,0.04950,0.05284,0.05623,0.04942,0.05211,0.05177,0.05250,0.05110,0.05160,0.05670,0.05225
0.05021,0.05042,0.05196,0.05091,0.05037,0.05094,0.05008,0.04908,0.04873,0.04861,0.04867,0.04904,0.04872,0.04680,0.04982,0.04926,0.05240,0.05348,0.05052,0.05000
0.04667,0.04619,0.04918,0.04805,0.04847,0.04721,0.04982,0.05170,0.05304,0.05773,0.04929,0.04909,0.05008,0.05271,0.05041,0.05180,0.04915,0.04789,0.05177,0.04976
0.04942,0.04807,0.04878,0.04812,0.04932,0.04779,0.04943,0.05036,0.05050,0.05026,0.05098,0.05192,0.05113,0.05432,0.05082,0.04924,0.04909,0.04826,0.05148,0.05070
0.04931,0.04892,0.04796,0.04739,0.04971,0.04844,0.04810,0.04786,0.05018,0.05040,0.05034,0.05087,0.05065,0.05903,0.05057,0.04977,0.04848,0.04790,0.05342,0.05070
0.04914,0.04950,0.05029,0.05048,0.05181,0.05279,0.04831,0.04902,0.04973,0.04897,0.04804,0.04970,0.04915,0.05545,0.04830,0.04839,0.05029,0.04910,0.05272,0.04881
0.04964,0.05065,0.05179,0.05205,0.04907,0.04919,0.05031,0.04982,0.04947,0.04677,0.04825,0.04827,0.05202,0.05506,0.04832,0.04766,0.04988,0.04978,0.05275,0.04925
0.04839,0.04790,0.04831,0.04784,0.05021,0.05086,0.05134,0.05593,0.05053,0.05118,0.04797,0.04739,0.04848,0.05044,0.05043,0.05065,0.04992,0.04961,0.05041,0.05219
0.04887,0.04808,0.05028,0.05109,0.05458,0.05705,0.04881,0.04776,0.04947,0.04994,0.04967,0.05054,0.04792,0.04804,0.04862,0.04826,0.04965,0.05074,0.04993,0.05071
0.04940,0.05084,0.04942,0.05035,0.05283,0.05482,0.04956,0.04778,0.04816,0.04694,0.04917,0.04875,0.04739,0.04769,0.05033,0.05069,0.05111,0.05237,0.05063,0.05177
0.05082,0.05212,0.04928,0.04859,0.04891,0.04592,0.05189,0.04981,0.04676,0.04340,0.04893,0.04652,0.04887,0.04851,0.05167,0.05233,0.05463,0.05667,0.05184,0.05253
0.05081,0.05203,0.04900,0.05001,0.05366,0.05640,0.04990,0.04854,0.04740,0.04548,0.04834,0.04852,0.04770,0.05069,0.04966,0.05010,0.04955,0.04950,0.05300,0.04972
