0.07042,0.04880,0.08825,0.02763,0.02877,0.11102,0.05916,0.06940,0.11055,0.05085,0.05280,0.03720,0.05014,0.04509,0.03063,0.02618,0.03983,0.01414,0.01294,0.02620
0.03821,0.04811,0.06616,0.05552,0.06591,0.02560,0.04750,0.05085,0.05830,0.03329,0.03605,0.08355,0.03745,0.06824,0.06973,0.03963,0.08359,0.04544,0.01932,0.02756
0.01970,0.02303,0.03513,0.04056,0.02271,0.03379,0.02910,0.02287,0.04627,0.01678,0.06986,0.11432,0.04018,0.12470,0.15838,0.03849,0.06327,0.03769,0.03565,0.02751
0.04364,0.03465,0.02759,0.04407,0.05602,0.02322,0.02995,0.03873,0.04102,0.02667,0.02056,0.02358,0.05487,0.13082,0.17658,0.07711,0.03721,0.04016,0.03180,0.04176
0.02645,0.01988,0.04428,0.02566,0.02387,0.05568,0.03242,0.03684,0.02876,0.03827,0.01959,0.13429,0.14851,0.02060,0.03259,0.02124,0.22142,0.01247,0.03999,0.01717
0.03426,0.04739,0.04046,0.07525,0.04309,0.08272,0.03741,0.03566,0.03927,0.03579,0.05112,0.01684,0.13260,0.05214,0.03483,0.04955,0.12174,0.01804,0.02287,0.02897
0.02491,0.12482,0.01458,0.05021,0.02988,0.03521,0.06497,0.02049,0.06895,0.01752,0.03015,0.13901,0.05823,0.05281,0.05864,0.03524,0.11353,0.01438,0.02490,0.02159
0.05805,0.01772,0.03055,0.05604,0.04746,0.04998,0.02697,0.05153,0.08388,0.04055,0.05505,0.14975,0.04332,0.02302,0.03188,0.02042,0.11952,0.01561,0.03632,0.04239
0.04795,0.05477,0.05269,0.04473,0.06105,0.08472,0.04349,0.05698,0.03808,0.03969,0.05191,0.03727,0.07968,0.03678,0.03240,0.04492,0.07642,0.03815,0.02999,0.04833
0.05878,0.07927,0.04244,0.05072,0.04044,0.05564,0.02753,0.05085,0.04079,0.04044,0.02389,0.09204,0.04255,0.02292,0.03472,0.04332,0.08166,0.07007,0.02936,0.07257
0.04734,0.05904,0.04034,0.04998,0.04120,0.04825,0.06227,0.05359,0.05908,0.03651,0.04045,0.07248,0.02006,0.03711,0.03362,0.03865,0.05353,0.06918,0.00917,0.12815
0.03847,0.07724,0.03121,0.04815,0.03675,0.13050,0.04864,0.11666,0.04521,0.03946,0.05046,0.02720,0.05465,0.03518,0.04016,0.02917,0.04659,0.04844,0.01474,0.04112
0.04525,0.04813,0.03876,0.07771,0.03315,0.11201,0.04665,0.06722,0.04876,0.04694,0.02587,0.03850,0.02445,0.03448,0.06779,0.04131,0.04065,0.07193,0.02870,0.06173
0.03716,0.05041,0.01436,0.06169,0.01573,0.10010,0.03774,0.02955,0.04558,0.02324,0.08827,0.18575,0.02014,0.01676,0.02218,0.03636,0.10369,0.04296,0.01523,0.05310
0.06867,0.06919,0.01800,0.16788,0.05418,0.17555,0.05184,0.02285,0.03449,0.04227,0.05730,0.02693,0.03907,0.04167,0.03188,0.02353,0.04417,0.01040,0.01096,0.00916
0.05339,0.09230,0.04028,0.03401,0.03170,0.04451,0.08273,0.02913,0.05003,0.03997,0.04213,0.03417,0.07470,0.03067,0.06102,0.03788,0.04433,0.07082,0.02752,0.07872
0.04242,0.04899,0.03100,0.03397,0.04569,0.28707,0.02949,0.06240,0.02631,0.07396,0.02920,0.02530,0.05400,0.02048,0.02611,0.03457,0.05261,0.01658,0.02990,0.02995
0.02940,0.18612,0.02395,0.01995,0.02931,0.02286,0.08785,0.03973,0.10857,0.02989,0.02782,0.03976,0.09223,0.02699,0.02652,0.02508,0.08996,0.02629,0.03467,0.03303
0.03264,0.04635,0.14601,0.05038,0.03361,0.04610,0.05298,0.14300,0.04582,0.11624,0.02849,0.04390,0.01164,0.01118,0.03803,0.01656,0.01684,0.03240,0.04275,0.04508
0.01081,0.02971,0.03941,0.08167,0.06141,0.15044,0.01433,0.01818,0.22385,0.01104,0.02956,0.10302,0.01360,0.01543,0.01434,0.03766,0.05715,0.02269,0.01902,0.04668
0.03858,0.01643,0.04263,0.04722,0.02598,0.05166,0.03609,0.03085,0.01674,0.02871,0.02882,0.11331,0.10038,0.08935,0.09595,0.02528,0.09061,0.03718,0.06829,0.01594
0.03146,0.02762,0.02595,0.03095,0.03872,0.05750,0.02684,0.03056,0.05463,0.03632,0.05578,0.20912,0.05874,0.02854,0.02771,0.01905,0.17120,0.01760,0.02614,0.02556
0.03591,0.03406,0.03172,0.02122,0.03200,0.03496,0.08312,0.02510,0.03204,0.03699,0.03682,0.19066,0.05817,0.01834,0.02912,0.02949,0.20667,0.01889,0.02779,0.01692
0.04464,0.06103,0.05641,0.05399,0.03670,0.02612,0.03806,0.05439,0.06038,0.02392,0.05054,0.04228,0.08552,0.05788,0.08143,0.04748,0.08341,0.03804,0.03638,0.02139
0.07955,0.11342,0.05494,0.06122,0.07386,0.05791,0.04832,0.04632,0.03109,0.04707,0.02971,0.02748,0.06710,0.01544,0.02883,0.04975,0.04804,0.02994,0.03259,0.05740
0.03245,0.06338,0.01849,0.01597,0.02468,0.01886,0.02253,0.03414,0.02056,0.01526,0.08455,0.08862,0.19330,0.03554,0.03743,0.01985,0.09236,0.01800,0.14306,0.02096
0.04083,0.04096,0.01820,0.03413,0.03410,0.03627,0.02971,0.02897,0.02977,0.02195,0.06440,0.01378,0.20577,0.08711,0.05234,0.03224,0.11992,0.01524,0.07937,0.01495
0.04504,0.15735,0.03481,0.11209,0.05717,0.04776,0.02694,0.04567,0.03623,0.03662,0.04652,0.05238,0.02473,0.01933,0.03786,0.05257,0.03981,0.05086,0.01187,0.06439
0.04000,0.06077,0.03501,0.04417,0.05440,0.02926,0.03314,0.05134,0.04816,0.02852,0.05529,0.14486,0.01941,0.03733,0.04522,0.06481,0.10441,0.05128,0.01188,0.04074
0.02291,0.01664,0.02484,0.02638,0.02810,0.01800,0.01940,0.04889,0.02373,0.01773,0.20558,0.25625,0.03505,0.02235,0.04380,0.01347,0.12987,0.01354,0.01555,0.01795
0.02764,0.05368,0.02583,0.10447,0.02631,0.09918,0.06730,0.03351,0.02970,0.04944,0.02475,0.06899,0.04689,0.06776,0.10482,0.03466,0.05924,0.03810,0.01721,0.02053
0.02786,0.03247,0.03083,0.07412,0.03407,0.09546,0.03066,0.03054,0.02792,0.01974,0.14011,0.03277,0.07190,0.13894,0.04334,0.03741,0.06667,0.02266,0.01101,0.03153
0.04205,0.02546,0.04244,0.05174,0.03317,0.16231,0.02384,0.02609,0.02484,0.02441,0.03009,0.09133,0.08259,0.05740,0.05802,0.04351,0.09103,0.02966,0.04099,0.01903
0.04915,0.06193,0.07121,0.07468,0.04750,0.07356,0.08266,0.05252,0.05740,0.05012,0.05104,0.04447,0.06389,0.03030,0.02915,0.03585,0.02740,0.02998,0.02697,0.04023
0.02643,0.02642,0.01939,0.02939,0.02295,0.03024,0.01644,0.02392,0.03035,0.02535,0.04157,0.22074,0.12785,0.02964,0.02706,0.02197,0.21271,0.01446,0.03389,0.01924
0.02097,0.02523,0.01284,0.02194,0.01974,0.01867,0.01497,0.01728,0.01577,0.01592,0.22008,0.19277,0.04193,0.13727,0.02665,0.02708,0.13499,0.00873,0.00984,0.01734
0.11142,0.12173,0.03012,0.05943,0.02701,0.04380,0.03495,0.03487,0.04421,0.02900,0.05978,0.07539,0.03309,0.02004,0.03356,0.02943,0.04713,0.06103,0.02537,0.07864
0.05124,0.03480,0.04563,0.06891,0.05346,0.05668,0.04641,0.05260,0.05499,0.06766,0.02271,0.02795,0.13269,0.04742,0.04147,0.03289,0.04041,0.01308,0.09033,0.01866
0.05060,0.08080,0.04815,0.08347,0.06022,0.07675,0.04515,0.04853,0.04266,0.04232,0.06920,0.05706,0.03932,0.03128,0.05592,0.02833,0.03869,0.04152,0.02565,0.03440
0.04195,0.04948,0.05071,0.02743,0.05827,0.07477,0.01519,0.12488,0.02022,0.11683,0.04392,0.06151,0.06001,0.02804,0.03405,0.03399,0.09316,0.01856,0.02465,0.02238
0.02247,0.01582,0.02604,0.02445,0.02576,0.01533,0.03727,0.01689,0.01827,0.02329,0.02649,0.04567,0.10248,0.18790,0.22498,0.03878,0.09490,0.01062,0.01294,0.02965
0.04420,0.05040,0.04330,0.06659,0.03426,0.07751,0.03997,0.03408,0.04836,0.03342,0.16336,0.03889,0.02084,0.16338,0.03133,0.02069,0.01904,0.02132,0.01959,0.02948
0.02971,0.08073,0.03451,0.03600,0.03854,0.02813,0.04296,0.05228,0.05236,0.03473,0.11055,0.05849,0.03447,0.08932,0.11911,0.03420,0.03047,0.04122,0.02490,0.02732
0.02269,0.03384,0.01469,0.06116,0.01711,0.10171,0.05645,0.01762,0.02882,0.02032,0.07644,0.20089,0.02394,0.02022,0.02830,0.05104,0.17465,0.01529,0.01318,0.02163
0.01596,0.02691,0.01580,0.02894,0.01824,0.02000,0.02362,0.01323,0.02263,0.01655,0.02487,0.31610,0.04625,0.01563,0.02415,0.02136,0.28556,0.02094,0.01516,0.02809
0.01481,0.03572,0.01032,0.01999,0.02165,0.01543,0.03153,0.01613,0.01613,0.01327,0.19332,0.15365,0.01451,0.21062,0.01697,0.02813,0.12063,0.03174,0.01761,0.01785
0.04176,0.15410,0.03256,0.11508,0.04999,0.05113,0.02646,0.03498,0.03532,0.03901,0.03669,0.10668,0.03976,0.01918,0.03680,0.03416,0.07878,0.02007,0.01817,0.02933
0.03463,0.03642,0.04897,0.07820,0.05654,0.08306,0.04941,0.03810,0.02945,0.04530,0.02891,0.04016,0.05547,0.04432,0.05159,0.10266,0.07169,0.04156,0.02002,0.04353
0.04831,0.03668,0.01757,0.08081,0.02857,0.04447,0.03331,0.03061,0.02585,0.03431,0.14710,0.12730,0.08783,0.01866,0.02356,0.05330,0.04030,0.02441,0.05980,0.03727
0.02748,0.21787,0.02078,0.02423,0.02765,0.10733,0.02583,0.15166,0.03409,0.02550,0.03169,0.01461,0.04108,0.02680,0.03124,0.05114,0.03049,0.05964,0.01339,0.03751
0.05230,0.03695,0.02886,0.03899,0.05000,0.02384,0.05577,0.03551,0.03774,0.03736,0.04538,0.03991,0.13214,0.02323,0.07935,0.03551,0.02641,0.05765,0.06842,0.09469
0.02105,0.03655,0.02761,0.03986,0.03653,0.03995,0.04999,0.03218,0.03568,0.02228,0.04473,0.04755,0.18942,0.03196,0.04538,0.02806,0.04885,0.02666,0.17029,0.02544
0.03711,0.02849,0.02193,0.01995,0.02790,0.02653,0.01532,0.05635,0.01705,0.04978,0.02134,0.16650,0.09448,0.07592,0.08265,0.02150,0.16119,0.01070,0.04896,0.01632
0.03384,0.05304,0.03740,0.07377,0.04331,0.04080,0.07680,0.04770,0.03433,0.06482,0.03334,0.08172,0.05331,0.03831,0.04503,0.03283,0.07961,0.05980,0.02247,0.04777
0.04431,0.02676,0.03113,0.02305,0.04555,0.03031,0.03042,0.04262,0.04916,0.02158,0.06830,0.05599,0.04321,0.03358,0.08405,0.07650,0.03812,0.12183,0.04584,0.08770
0.03025,0.01542,0.01832,0.02501,0.02397,0.06491,0.03847,0.04962,0.02797,0.03477,0.10482,0.16779,0.07079,0.06588,0.06586,0.02134,0.12296,0.01259,0.01958,0.01968
0.03478,0.04214,0.04319,0.03694,0.05431,0.04689,0.02649,0.03065,0.03592,0.03487,0.04424,0.17421,0.03677,0.03178,0.03224,0.02990,0.14612,0.04345,0.01658,0.05852
0.07528,0.02687,0.04648,0.04280,0.03692,0.05540,0.03926,0.05858,0.07742,0.03759,0.13081,0.10853,0.07510,0.02065,0.02755,0.02446,0.02600,0.02108,0.04084,0.02837
0.03942,0.04444,0.03206,0.05192,0.04004,0.09769,0.03904,0.03523,0.05241,0.02829,0.04751,0.07733,0.01957,0.06439,0.08010,0.05595,0.04396,0.08432,0.01573,0.05060
0.02683,0.01709,0.01922,0.01590,0.02002,0.04866,0.02964,0.04015,0.03892,0.02088,0.17042,0.19825,0.08644,0.02018,0.03886,0.05659,0.08315,0.01024,0.02134,0.03721
0.00906,0.01090,0.01218,0.00874,0.00955,0.02310,0.01568,0.01342,0.00749,0.01185,0.20092,0.07394,0.15458,0.20202,0.01860,0.02206,0.18041,0.00532,0.01128,0.00888
0.03155,0.02820,0.01660,0.03238,0.02942,0.02968,0.03197,0.02036,0.02612,0.02630,0.04610,0.03644,0.12804,0.14417,0.21341,0.03671,0.04841,0.01469,0.03705,0.02240
0.01619,0.10505,0.03165,0.03206,0.02192,0.29590,0.07156,0.02949,0.05330,0.02976,0.03361,0.06338,0.03142,0.01177,0.02224,0.02196,0.05153,0.02532,0.01513,0.03675
0.02338,0.02638,0.01636,0.01786,0.02223,0.09519,0.02152,0.08943,0.02518,0.01481,0.12251,0.21985,0.04167,0.03385,0.03479,0.02229,0.13172,0.01521,0.00856,0.01720
0.02086,0.02127,0.01258,0.02591,0.02036,0.01757,0.01639,0.02602,0.03452,0.01895,0.03549,0.03315,0.08629,0.19434,0.21588,0.08463,0.07032,0.01310,0.02866,0.02371
0.01392,0.03894,0.03037,0.06639,0.02248,0.08578,0.08535,0.05874,0.03692,0.02260,0.04606,0.10622,0.02065,0.04408,0.06576,0.05952,0.08057,0.05878,0.02262,0.03423
0.01932,0.03054,0.06158,0.02367,0.03499,0.02581,0.01630,0.13878,0.02488,0.14565,0.01778,0.03633,0.15500,0.01190,0.01393,0.01577,0.16888,0.01741,0.01672,0.02475
0.05160,0.04970,0.07868,0.05100,0.04664,0.09047,0.03005,0.04429,0.05918,0.05019,0.04408,0.03227,0.06186,0.03352,0.04957,0.03319,0.04196,0.06867,0.04597,0.03711
0.06587,0.03225,0.04732,0.06179,0.03926,0.04976,0.05681,0.06930,0.08414,0.03117,0.08220,0.04583,0.04875,0.06104,0.07353,0.04159,0.03420,0.02440,0.02401,0.02677
0.03671,0.04278,0.05179,0.06192,0.03314,0.07000,0.03678,0.04683,0.03621,0.04143,0.05744,0.13836,0.03016,0.01433,0.02623,0.03368,0.09987,0.05437,0.01094,0.07701
0.01488,0.03142,0.04774,0.05415,0.02909,0.03599,0.04904,0.03146,0.04829,0.04133,0.06842,0.13334,0.09158,0.05131,0.05802,0.02868,0.12104,0.01732,0.02407,0.02283
0.03344,0.03636,0.03066,0.03004,0.02811,0.03393,0.05353,0.02053,0.01896,0.03579,0.07989,0.06109,0.05748,0.11244,0.17150,0.04699,0.07451,0.02006,0.01808,0.03660
0.03247,0.03402,0.03245,0.06885,0.04589,0.08306,0.03558,0.02121,0.03686,0.02041,0.05533,0.02002,0.18157,0.03722,0.02450,0.03186,0.15979,0.03010,0.02329,0.02553
0.21947,0.02552,0.02146,0.02589,0.02404,0.00899,0.06108,0.03706,0.03287,0.05010,0.03876,0.02240,0.18060,0.03084,0.08017,0.02478,0.01667,0.01433,0.06962,0.01537
0.01728,0.03425,0.04362,0.08673,0.03740,0.07823,0.02523,0.02131,0.12012,0.02918,0.05109,0.04789,0.08969,0.03468,0.05547,0.06438,0.04218,0.02658,0.02829,0.06639
0.02736,0.03966,0.02713,0.04604,0.04066,0.04033,0.07657,0.02771,0.02735,0.04042,0.06372,0.06838,0.05595,0.12697,0.12836,0.03026,0.05933,0.02542,0.03117,0.01719
0.05079,0.05697,0.04239,0.07219,0.03192,0.04596,0.05438,0.03009,0.02505,0.04374,0.14795,0.04851,0.05877,0.07170,0.03742,0.04576,0.04799,0.03745,0.02408,0.02689
0.06070,0.04291,0.07942,0.04683,0.03803,0.06089,0.07047,0.04270,0.08334,0.06412,0.03205,0.03882,0.08013,0.03463,0.03142,0.04349,0.03608,0.03635,0.04345,0.03417
0.03150,0.02256,0.03024,0.02846,0.03877,0.04353,0.03571,0.02981,0.02060,0.02317,0.03212,0.06871,0.10620,0.12828,0.15298,0.03132,0.12738,0.01213,0.01478,0.02175
0.01638,0.02968,0.01896,0.03145,0.02647,0.03243,0.03170,0.01984,0.02440,0.01635,0.04073,0.25439,0.03752,0.05594,0.04433,0.02693,0.24312,0.01329,0.01475,0.02133
0.05475,0.08483,0.03564,0.04675,0.03358,0.04490,0.07055,0.05056,0.03547,0.04361,0.13699,0.09752,0.03157,0.03136,0.04694,0.03234,0.03869,0.03225,0.01574,0.03596
0.03896,0.01645,0.02747,0.04691,0.03228,0.04194,0.02429,0.02509,0.03570,0.03991,0.04133,0.14784,0.07631,0.02624,0.04651,0.05604,0.18387,0.03746,0.02628,0.02913
0.04461,0.09174,0.05155,0.05180,0.04447,0.03539,0.03867,0.03182,0.04628,0.03201,0.06999,0.03782,0.07413,0.10255,0.08331,0.02544,0.03922,0.03466,0.03914,0.02541
0.02551,0.04319,0.04244,0.02444,0.03709,0.03851,0.09749,0.03205,0.04283,0.02152,0.03459,0.02220,0.11270,0.06764,0.09301,0.05609,0.08230,0.03593,0.05456,0.03594
0.01292,0.03548,0.02257,0.02785,0.03017,0.01112,0.02353,0.04270,0.02319,0.02505,0.04321,0.06760,0.06220,0.20667,0.20062,0.02846,0.09265,0.00965,0.01789,0.01647
0.11518,0.05963,0.04488,0.04602,0.04888,0.05328,0.03990,0.07659,0.05254,0.06305,0.05141,0.03121,0.05043,0.03740,0.04797,0.04564,0.03697,0.03418,0.03218,0.03266
0.03873,0.02238,0.02815,0.02662,0.03205,0.02661,0.02802,0.02767,0.02202,0.03130,0.12593,0.22988,0.03301,0.03930,0.04399,0.04263,0.14947,0.01655,0.00899,0.02672
0.07603,0.04464,0.02608,0.04306,0.02571,0.01704,0.03804,0.04494,0.02859,0.03803,0.08087,0.12131,0.06526,0.05616,0.10416,0.05078,0.07082,0.01809,0.02194,0.02845
0.02429,0.03564,0.02081,0.07515,0.02425,0.02848,0.03200,0.04517,0.02026,0.02105,0.05202,0.21647,0.03119,0.04336,0.03838,0.04002,0.19242,0.01615,0.01391,0.02897
0.02263,0.02550,0.03339,0.26463,0.01550,0.35113,0.02051,0.02084,0.02234,0.01898,0.02689,0.02895,0.01607,0.01757,0.01351,0.01029,0.02931,0.01572,0.01102,0.03524
0.12618,0.17184,0.02497,0.03470,0.04464,0.02293,0.09549,0.02437,0.03240,0.02660,0.08342,0.03507,0.04451,0.05584,0.03381,0.03701,0.03130,0.01995,0.02056,0.03440
0.02713,0.01848,0.02460,0.02964,0.05100,0.06260,0.02503,0.03718,0.04006,0.04193,0.04809,0.02914,0.20028,0.04799,0.02809,0.05385,0.07322,0.01866,0.11180,0.03123
0.08119,0.14629,0.05419,0.03263,0.03561,0.02838,0.02767,0.08356,0.03872,0.03711,0.07174,0.06757,0.02307,0.03103,0.05177,0.06242,0.02327,0.03761,0.02758,0.03858
0.04296,0.04476,0.04004,0.04274,0.06021,0.05249,0.09761,0.04229,0.05821,0.04764,0.07715,0.02015,0.09752,0.08608,0.03343,0.03697,0.05554,0.01370,0.02997,0.02053
0.02834,0.04300,0.01748,0.03019,0.02148,0.13005,0.04562,0.11368,0.02769,0.02379,0.12365,0.10667,0.05874,0.04415,0.03368,0.02498,0.07857,0.01602,0.01394,0.01827
0.02508,0.20133,0.02288,0.06420,0.02480,0.06791,0.11337,0.02402,0.09489,0.02185,0.06947,0.06125,0.01836,0.03485,0.03284,0.02660,0.02096,0.02691,0.02031,0.02812
0.02142,0.02825,0.02358,0.02628,0.01712,0.01668,0.02466,0.01905,0.02194,0.01824,0.03438,0.01561,0.30798,0.02586,0.01710,0.02255,0.17319,0.01622,0.15117,0.01873
0.04336,0.02950,0.02857,0.05324,0.04533,0.05557,0.03682,0.03699,0.05734,0.04483,0.02296,0.03122,0.18744,0.05226,0.07433,0.04451,0.03455,0.01327,0.09113,0.01680
0.03791,0.02362,0.02528,0.02793,0.02523,0.02170,0.02959,0.03672,0.02226,0.01578,0.09812,0.04206,0.16066,0.09803,0.07653,0.03104,0.16827,0.02357,0.01809,0.01761
0.02364,0.03503,0.02204,0.07051,0.03320,0.11030,0.01879,0.02891,0.04334,0.02526,0.04375,0.04982,0.18293,0.05200,0.02455,0.02017,0.05884,0.01445,0.12604,0.01643
0.04792,0.05738,0.04054,0.07561,0.04146,0.25601,0.04529,0.03822,0.02775,0.03278,0.04741,0.03114,0.02331,0.03296,0.03298,0.03494,0.03856,0.03190,0.02307,0.04078
0.02098,0.03068,0.01673,0.03124,0.02739,0.04346,0.02532,0.02656,0.05321,0.01817,0.22671,0.09723,0.02222,0.19186,0.04120,0.02506,0.05190,0.01558,0.01167,0.02282
0.02886,0.08797,0.07911,0.06847,0.05643,0.03391,0.06137,0.04688,0.07946,0.02696,0.05303,0.07184,0.03317,0.06647,0.07131,0.03132,0.04147,0.01683,0.00966,0.03549
0.02565,0.08741,0.02913,0.04439,0.02158,0.02955,0.02191,0.02685,0.02364,0.03012,0.06822,0.12801,0.08467,0.09491,0.02228,0.03403,0.16451,0.02142,0.01384,0.02787
0.01844,0.01571,0.05482,0.02810,0.03283,0.02400,0.02967,0.01502,0.04087,0.01734,0.03542,0.01814,0.25383,0.01892,0.03855,0.01630,0.26344,0.01930,0.03134,0.02795
0.02692,0.03595,0.03865,0.03135,0.04246,0.02034,0.02105,0.04633,0.01408,0.04627,0.06619,0.07610,0.13459,0.06394,0.06608,0.04625,0.15905,0.01967,0.01572,0.02902
0.01434,0.03614,0.01738,0.01426,0.01561,0.02994,0.01623,0.02163,0.02092,0.01630,0.01305,0.01677,0.02974,0.31500,0.34328,0.01724,0.02280,0.01439,0.00828,0.01670
0.05598,0.04863,0.09121,0.04560,0.04811,0.02303,0.02263,0.06700,0.04541,0.07543,0.03801,0.03065,0.11614,0.02856,0.03652,0.04139,0.10383,0.02560,0.02524,0.03102
0.06556,0.02047,0.04863,0.05611,0.02972,0.06291,0.03890,0.05296,0.07823,0.04070,0.04825,0.06669,0.13026,0.02603,0.03114,0.03048,0.06565,0.02104,0.05340,0.03287
0.03495,0.03074,0.02905,0.01929,0.02691,0.03086,0.02802,0.03598,0.01950,0.01781,0.26726,0.19459,0.02388,0.05788,0.03221,0.02199,0.06962,0.03408,0.00707,0.01833
0.01154,0.04367,0.02433,0.03240,0.03075,0.06153,0.02702,0.05320,0.03317,0.01714,0.21708,0.03933,0.04234,0.22816,0.02669,0.01648,0.03841,0.01263,0.02664,0.01750
0.02287,0.07556,0.02373,0.04884,0.02435,0.03211,0.05135,0.04223,0.06716,0.03118,0.02393,0.02512,0.01950,0.14163,0.16810,0.07073,0.02641,0.04756,0.01534,0.04231
0.06922,0.08040,0.02884,0.02684,0.03613,0.04568,0.08397,0.02658,0.02962,0.02573,0.03635,0.03178,0.05264,0.11003,0.15675,0.03414,0.05105,0.03665,0.01038,0.02722
0.08137,0.05557,0.02344,0.03856,0.04708,0.29615,0.02792,0.05382,0.01674,0.06681,0.02435,0.02907,0.06158,0.01827,0.02851,0.02227,0.02561,0.01330,0.05771,0.01186
0.35860,0.32032,0.06835,0.01090,0.01097,0.02891,0.01200,0.02098,0.01863,0.01198,0.02910,0.01344,0.00995,0.01176,0.01644,0.02210,0.01087,0.00773,0.00533,0.01161
0.03928,0.09163,0.02343,0.02866,0.04429,0.00811,0.06697,0.04506,0.06123,0.02853,0.06252,0.03428,0.13673,0.07465,0.06489,0.01228,0.05683,0.02107,0.07396,0.02559
0.03424,0.09559,0.05096,0.10768,0.06100,0.04861,0.20760,0.03517,0.04198,0.07300,0.05178,0.04068,0.01608,0.02633,0.01528,0.02397,0.02105,0.01538,0.00815,0.02544
0.05496,0.04569,0.05816,0.04363,0.03501,0.09694,0.02963,0.02894,0.03600,0.02841,0.04360,0.05774,0.12026,0.01329,0.02028,0.03801,0.11168,0.03499,0.07092,0.03187
0.05786,0.09504,0.02491,0.10327,0.03433,0.09777,0.11482,0.03798,0.04223,0.04167,0.04064,0.04613,0.02998,0.04401,0.03558,0.03276,0.04923,0.02361,0.02197,0.02619
0.01676,0.03328,0.03299,0.04192,0.02257,0.04219,0.04777,0.01533,0.02911,0.01935,0.05663,0.03220,0.09265,0.11674,0.19171,0.05211,0.03135,0.05143,0.04146,0.03244
0.04833,0.05061,0.02665,0.08237,0.04258,0.09891,0.03803,0.03819,0.12227,0.02802,0.04753,0.03961,0.02421,0.02414,0.02363,0.03813,0.02689,0.06908,0.01706,0.11375
0.03178,0.08561,0.05655,0.07740,0.05481,0.07911,0.03372,0.04868,0.04862,0.03086,0.04776,0.03244,0.05709,0.02879,0.04197,0.06540,0.06196,0.03560,0.02594,0.05591
0.04254,0.09769,0.04526,0.04241,0.04485,0.05420,0.02580,0.08015,0.04760,0.03346,0.02285,0.02114,0.03308,0.03707,0.06228,0.16469,0.02473,0.05347,0.02050,0.04624
0.01438,0.02434,0.02760,0.13642,0.02325,0.17205,0.03613,0.01891,0.02399,0.01602,0.06585,0.10331,0.03700,0.06126,0.06868,0.03236,0.07804,0.01767,0.00763,0.03509
0.13464,0.29465,0.01175,0.02365,0.02673,0.03069,0.08107,0.05902,0.02793,0.01877,0.02584,0.02544,0.04021,0.02046,0.05405,0.03762,0.02760,0.02832,0.01557,0.01599
0.03920,0.04120,0.03895,0.01706,0.04496,0.01943,0.03368,0.02317,0.03910,0.03466,0.02540,0.01118,0.18944,0.05687,0.07908,0.05846,0.03311,0.01129,0.18684,0.01693
0.07290,0.12234,0.03575,0.05499,0.04090,0.06848,0.06915,0.03325,0.05435,0.04321,0.05439,0.05284,0.04135,0.04156,0.03430,0.03647,0.05043,0.02593,0.01931,0.04811
0.04574,0.08659,0.04773,0.08390,0.03419,0.05673,0.04694,0.06011,0.05529,0.03482,0.03914,0.06274,0.02738,0.07880,0.08068,0.04240,0.04581,0.02481,0.01556,0.03064
0.03350,0.04045,0.01988,0.03799,0.02332,0.04518,0.04344,0.03073,0.03114,0.02098,0.07088,0.03196,0.18904,0.03131,0.03395,0.04038,0.21979,0.01447,0.02101,0.02061
0.06272,0.08696,0.01190,0.04651,0.02103,0.12867,0.02376,0.08821,0.06068,0.02094,0.07346,0.02832,0.03738,0.10430,0.06498,0.02540,0.03774,0.04014,0.01063,0.02629
0.02606,0.10930,0.02785,0.02842,0.03558,0.02286,0.04868,0.02645,0.06453,0.02198,0.09572,0.03621,0.11542,0.08982,0.05408,0.03240,0.08444,0.02984,0.02705,0.02330
0.20663,0.17844,0.05627,0.04899,0.05157,0.02799,0.05114,0.01839,0.02341,0.03166,0.02936,0.02196,0.02826,0.02044,0.02431,0.03173,0.03239,0.04127,0.03936,0.03646
0.01979,0.03107,0.02594,0.03014,0.02427,0.04016,0.01969,0.02559,0.02336,0.02344,0.17262,0.11069,0.04097,0.18427,0.02574,0.02883,0.12517,0.01397,0.01686,0.01742
0.01891,0.02914,0.02159,0.02897,0.02310,0.01941,0.01479,0.02283,0.01498,0.01969,0.22974,0.01794,0.10644,0.23690,0.02642,0.01660,0.05152,0.01389,0.07321,0.01393
0.14906,0.26513,0.02724,0.00864,0.02781,0.01350,0.14669,0.02656,0.02409,0.02354,0.04510,0.04750,0.03130,0.01900,0.04655,0.02108,0.02421,0.01459,0.02402,0.01438
0.04510,0.17108,0.04729,0.02305,0.05572,0.01667,0.07295,0.06020,0.09390,0.02964,0.03811,0.03311,0.06141,0.03670,0.02867,0.03082,0.05009,0.04615,0.01996,0.03940
0.07822,0.02462,0.04563,0.03567,0.03168,0.02939,0.03531,0.06359,0.12945,0.04276,0.07900,0.08830,0.05792,0.03983,0.05369,0.04624,0.04599,0.01265,0.02737,0.03269
0.03886,0.04292,0.03049,0.03495,0.02755,0.07674,0.03312,0.07101,0.02592,0.03714,0.10844,0.10623,0.05096,0.08087,0.08998,0.04583,0.05686,0.01282,0.01349,0.01584
0.02633,0.02296,0.03167,0.15108,0.03312,0.18214,0.03333,0.03722,0.03549,0.03001,0.05059,0.06767,0.03103,0.03728,0.05959,0.04322,0.03530,0.03424,0.02247,0.03525
0.06290,0.07435,0.08571,0.05188,0.07292,0.04436,0.05586,0.08380,0.07120,0.07165,0.02976,0.02320,0.02126,0.03423,0.04642,0.03841,0.02052,0.03708,0.02908,0.04540
0.05106,0.08203,0.01506,0.08627,0.02381,0.03236,0.09182,0.04155,0.05095,0.03061,0.06107,0.05684,0.02252,0.06183,0.07920,0.06877,0.02303,0.04551,0.02081,0.05492
0.02469,0.03659,0.03071,0.05417,0.03389,0.02947,0.06815,0.02426,0.02078,0.03927,0.04770,0.03664,0.18767,0.03971,0.04388,0.03692,0.13189,0.02059,0.06775,0.02526
0.05457,0.05165,0.04318,0.08008,0.04017,0.05574,0.06021,0.02983,0.02672,0.02707,0.03555,0.02484,0.06543,0.04901,0.09921,0.06917,0.05648,0.06145,0.02409,0.04555
0.01866,0.01749,0.03162,0.02181,0.02602,0.04696,0.03595,0.03830,0.02810,0.02389,0.02414,0.21109,0.08973,0.04837,0.05074,0.02303,0.18814,0.01128,0.05130,0.01336
0.09004,0.08310,0.03565,0.04872,0.03125,0.02237,0.04616,0.03568,0.02695,0.02857,0.04682,0.04689,0.14107,0.02521,0.04064,0.03433,0.13318,0.01787,0.04391,0.02158
0.03185,0.07032,0.02667,0.08365,0.04667,0.10752,0.03128,0.05312,0.04882,0.03830,0.05907,0.02096,0.05586,0.05782,0.03793,0.03957,0.04165,0.05635,0.03249,0.06009
0.06669,0.10034,0.03306,0.04141,0.02399,0.21938,0.02470,0.14988,0.09056,0.03231,0.02452,0.01197,0.03143,0.02476,0.03312,0.01625,0.01659,0.01681,0.01004,0.03219
0.03822,0.04797,0.01992,0.04940,0.03092,0.04096,0.03134,0.03729,0.03593,0.04287,0.07066,0.17029,0.05145,0.04814,0.03743,0.02256,0.15396,0.02183,0.03165,0.01723
0.02542,0.03904,0.03955,0.03264,0.03673,0.02700,0.02348,0.01704,0.02782,0.02839,0.02669,0.01071,0.07527,0.06361,0.12540,0.19297,0.08729,0.05404,0.01014,0.05679
0.05717,0.08197,0.03641,0.05965,0.04203,0.09438,0.07321,0.05746,0.03669,0.02662,0.04009,0.03490,0.06392,0.03422,0.10790,0.03783,0.04308,0.01687,0.03517,0.02043
0.01853,0.03418,0.02714,0.03221,0.01700,0.10931,0.03360,0.10777,0.03703,0.02038,0.04210,0.04964,0.14936,0.04100,0.06625,0.03106,0.11649,0.02235,0.02725,0.01733
0.03040,0.03850,0.03697,0.06724,0.05060,0.07488,0.03527,0.02540,0.08301,0.04317,0.03845,0.02375,0.13128,0.02297,0.06055,0.04062,0.02547,0.03347,0.06543,0.07256
0.03484,0.06490,0.08067,0.08746,0.05412,0.04844,0.05020,0.02826,0.09588,0.02204,0.06875,0.05827,0.05023,0.03982,0.04209,0.04038,0.05928,0.03154,0.02078,0.02205
0.09635,0.05064,0.02840,0.05233,0.04409,0.06351,0.03579,0.05325,0.01307,0.04848,0.08816,0.05957,0.09873,0.05089,0.03715,0.03343,0.04998,0.01617,0.05193,0.02809
0.02353,0.05236,0.03389,0.06422,0.02390,0.33647,0.04827,0.01661,0.01635,0.02022,0.04319,0.06960,0.03161,0.01724,0.02925,0.01808,0.04853,0.02414,0.06256,0.01998
0.02806,0.04099,0.03420,0.06899,0.05336,0.05830,0.03752,0.04461,0.08267,0.05374,0.04545,0.04215,0.03703,0.04810,0.04968,0.03670,0.03763,0.08789,0.02534,0.08760
0.04201,0.03867,0.03918,0.06532,0.04472,0.07761,0.08995,0.03092,0.03314,0.03437,0.04503,0.03779,0.08708,0.05883,0.05751,0.04642,0.08585,0.03378,0.01583,0.03601
0.01872,0.26907,0.01916,0.03392,0.01731,0.03001,0.13575,0.02599,0.13498,0.01760,0.01664,0.01803,0.01795,0.08363,0.07687,0.02625,0.01840,0.01614,0.00977,0.01380
0.04235,0.07582,0.03445,0.05559,0.04157,0.05703,0.03255,0.04977,0.02494,0.02312,0.02347,0.01435,0.14853,0.03856,0.06367,0.04429,0.16835,0.02026,0.01393,0.02737
0.03537,0.05067,0.03515,0.08444,0.03897,0.04172,0.02801,0.02298,0.02811,0.04176,0.06334,0.07889,0.02660,0.08693,0.10197,0.04872,0.05806,0.08035,0.02498,0.02300
0.01799,0.06599,0.05282,0.03231,0.02332,0.05372,0.02481,0.07508,0.04026,0.03759,0.03510,0.19018,0.03342,0.01778,0.02551,0.02421,0.17099,0.02834,0.01826,0.03232
0.01856,0.02772,0.04884,0.07891,0.06101,0.04777,0.05633,0.02982,0.03132,0.03105,0.05187,0.11480,0.05001,0.05915,0.05299,0.04759,0.09768,0.04870,0.02118,0.02470
0.13103,0.14808,0.05698,0.06253,0.04549,0.10004,0.03072,0.03784,0.04960,0.03043,0.05440,0.03791,0.02115,0.01411,0.04010,0.02606,0.01414,0.03771,0.02680,0.03486
0.01348,0.04208,0.04121,0.03280,0.02300,0.48880,0.03551,0.02897,0.03861,0.02809,0.02724,0.03503,0.01781,0.01238,0.03282,0.02024,0.02160,0.02817,0.01019,0.02197
0.02017,0.03116,0.01466,0.02425,0.02670,0.02241,0.01997,0.02359,0.02898,0.01483,0.04258,0.32285,0.02538,0.02096,0.01660,0.01639,0.28061,0.01519,0.01228,0.02045
0.02976,0.05872,0.01799,0.03105,0.03631,0.04066,0.02703,0.04548,0.04182,0.03753,0.04846,0.04207,0.10778,0.11439,0.13904,0.03131,0.04993,0.02578,0.05493,0.01996
0.03252,0.02238,0.01828,0.01925,0.01831,0.01268,0.01366,0.04399,0.01948,0.04437,0.02807,0.05525,0.20181,0.08629,0.11822,0.02152,0.20965,0.01274,0.01280,0.00872
0.07719,0.05768,0.03015,0.05447,0.04372,0.02674,0.03461,0.05084,0.03083,0.03813,0.04883,0.06051,0.10764,0.04219,0.08949,0.05183,0.07129,0.03158,0.02052,0.03175
0.01876,0.04316,0.02720,0.04489,0.03888,0.02982,0.02527,0.03522,0.02753,0.03348,0.03062,0.11932,0.03883,0.08381,0.08596,0.05462,0.12046,0.04733,0.01012,0.08471
0.20381,0.17333,0.05489,0.03261,0.07890,0.04119,0.03102,0.02407,0.02531,0.02655,0.03850,0.03611,0.02046,0.02476,0.03230,0.04384,0.01827,0.02989,0.03563,0.02855
0.01458,0.04120,0.03045,0.06201,0.02275,0.05748,0.05015,0.03520,0.02065,0.03061,0.03159,0.09598,0.04537,0.11014,0.14412,0.05184,0.08278,0.01982,0.01429,0.03899
0.05432,0.05433,0.03180,0.11855,0.06504,0.03105,0.02267,0.04636,0.03159,0.04079,0.07506,0.04413,0.09350,0.04602,0.04299,0.07034,0.05495,0.01799,0.02891,0.02960
0.04112,0.03196,0.02126,0.03127,0.01669,0.08185,0.02668,0.02130,0.02121,0.01953,0.26148,0.22967,0.04294,0.02708,0.01516,0.01643,0.03845,0.01267,0.02316,0.02009
0.04928,0.08285,0.03588,0.04303,0.04233,0.05504,0.03182,0.04476,0.04742,0.02788,0.06575,0.11755,0.04980,0.04862,0.03809,0.04904,0.09143,0.01928,0.02628,0.03386
0.05796,0.05732,0.02746,0.02542,0.03459,0.03197,0.03578,0.04507,0.04771,0.02673,0.04432,0.01892,0.16434,0.04189,0.05592,0.03605,0.16845,0.03272,0.02210,0.02528
0.01556,0.06530,0.02662,0.13977,0.05074,0.12716,0.11111,0.03854,0.02217,0.03988,0.04055,0.03751,0.03674,0.03910,0.05791,0.06070,0.02601,0.02925,0.01268,0.02270
0.03697,0.07559,0.02907,0.04233,0.04000,0.07330,0.03633,0.03894,0.02898,0.03272,0.06037,0.03660,0.12629,0.06173,0.05066,0.03003,0.12314,0.03056,0.01574,0.03064
0.02952,0.20370,0.04847,0.02129,0.02894,0.08539,0.03829,0.13621,0.05005,0.05157,0.02494,0.02967,0.02449,0.02314,0.03825,0.03701,0.01972,0.05854,0.01510,0.03572
0.09802,0.05109,0.04119,0.05072,0.03805,0.16585,0.04201,0.06171,0.03391,0.06582,0.01664,0.03477,0.05451,0.04230,0.04109,0.02096,0.02885,0.01599,0.07458,0.02196
0.08848,0.07417,0.02864,0.06946,0.02053,0.07434,0.05894,0.02856,0.03687,0.04468,0.07359,0.08243,0.05711,0.05835,0.03595,0.02837,0.05915,0.01748,0.04513,0.01776
0.02227,0.02482,0.03274,0.03977,0.02125,0.03019,0.04563,0.01594,0.02744,0.02138,0.04271,0.04119,0.21610,0.03357,0.06206,0.05517,0.07294,0.02114,0.14922,0.02448
0.03425,0.03726,0.02946,0.03323,0.04359,0.03147,0.03535,0.02731,0.02577,0.04005,0.06728,0.19160,0.03105,0.04443,0.03931,0.04099,0.16161,0.03263,0.01968,0.03366
0.02187,0.02588,0.01481,0.02509,0.02058,0.09922,0.01857,0.07131,0.02435,0.01691,0.07263,0.04989,0.04414,0.19608,0.20126,0.02494,0.03274,0.01220,0.01458,0.01294
0.04097,0.04191,0.02378,0.03310,0.02871,0.05379,0.02547,0.04062,0.02513,0.02985,0.18905,0.16965,0.06021,0.03726,0.02985,0.03769,0.06222,0.01965,0.02662,0.02447
0.02690,0.02877,0.08175,0.02656,0.06756,0.01747,0.04324,0.16857,0.02734,0.13151,0.02969,0.06537,0.05810,0.02292,0.03984,0.02505,0.07656,0.02299,0.01799,0.02182
0.09909,0.15348,0.03958,0.02085,0.03891,0.02310,0.04507,0.02600,0.04683,0.03704,0.10294,0.08212,0.07133,0.01944,0.04289,0.02308,0.03922,0.01821,0.04786,0.02296
0.01950,0.02853,0.03045,0.04699,0.03385,0.04922,0.03366,0.03113,0.04206,0.02698,0.04446,0.20827,0.04644,0.05044,0.05579,0.02370,0.16405,0.02648,0.01829,0.01973
0.02163,0.05186,0.02523,0.04575,0.02937,0.02583,0.02994,0.01649,0.05248,0.02281,0.26878,0.05599,0.04066,0.19028,0.01964,0.01742,0.02710,0.01351,0.01539,0.02985
0.08270,0.06725,0.04702,0.07118,0.06838,0.03536,0.03474,0.10791,0.03813,0.09991,0.03455,0.02598,0.06575,0.04137,0.04623,0.03068,0.02141,0.01274,0.04709,0.02161
0.01671,0.02257,0.04323,0.02139,0.02740,0.01216,0.02032,0.08095,0.01690,0.05153,0.05093,0.15891,0.12047,0.03375,0.02774,0.02705,0.23231,0.01265,0.01161,0.01143
0.03520,0.07955,0.03314,0.05636,0.04978,0.06124,0.04519,0.03686,0.04545,0.03246,0.05702,0.03801,0.08068,0.05747,0.05061,0.06507,0.07515,0.03259,0.03174,0.03643
0.03929,0.06277,0.03604,0.05732,0.04503,0.02041,0.03548,0.04135,0.07428,0.02738,0.07612,0.06059,0.03636,0.11572,0.12528,0.02580,0.03647,0.03547,0.01805,0.03077
0.02255,0.04713,0.03287,0.04241,0.02242,0.04707,0.05439,0.04417,0.02379,0.02980,0.07069,0.19289,0.03775,0.03460,0.03883,0.02521,0.17030,0.01678,0.01715,0.02922
0.10172,0.05912,0.04702,0.03458,0.06777,0.05382,0.02117,0.13261,0.02313,0.11897,0.03112,0.02104,0.07997,0.01692,0.04036,0.03311,0.02073,0.02192,0.05344,0.02149
0.01968,0.02901,0.02552,0.02974,0.02484,0.02316,0.01875,0.04271,0.01982,0.02449,0.03083,0.04373,0.03091,0.25809,0.26199,0.02807,0.04283,0.01785,0.01156,0.01641
0.03882,0.06754,0.02087,0.03474,0.01887,0.20464,0.01818,0.25691,0.02024,0.03640,0.05051,0.04488,0.03735,0.01130,0.01761,0.00872,0.03375,0.01378,0.01431,0.05059
0.04885,0.10953,0.06721,0.03247,0.04889,0.05818,0.08546,0.11303,0.03982,0.07899,0.02799,0.04370,0.03512,0.02368,0.04289,0.01727,0.02172,0.03921,0.03811,0.02788
0.05885,0.08293,0.04294,0.06237,0.04641,0.02666,0.06275,0.04157,0.03589,0.03726,0.02199,0.03980,0.08503,0.02162,0.02637,0.09521,0.09375,0.03986,0.02570,0.05303
0.03321,0.02849,0.03149,0.03624,0.05187,0.02794,0.03706,0.02267,0.03018,0.03807,0.03574,0.03162,0.16035,0.07439,0.07410,0.05850,0.15743,0.02411,0.02090,0.02563
0.02280,0.02473,0.03057,0.04588,0.03279,0.03890,0.04374,0.03282,0.03435,0.02448,0.02908,0.06398,0.13694,0.08871,0.12428,0.04598,0.04039,0.03219,0.07428,0.03312
0.09560,0.09661,0.05763,0.03843,0.03363,0.03131,0.05132,0.05574,0.06876,0.03826,0.09681,0.08040,0.05404,0.01950,0.03010,0.02345,0.06677,0.01497,0.02203,0.02465
0.03348,0.03998,0.03681,0.03163,0.02912,0.04101,0.02650,0.02253,0.02986,0.03624,0.11872,0.14876,0.09831,0.03223,0.02615,0.03072,0.14102,0.02834,0.01869,0.02990
0.08313,0.03110,0.02997,0.02380,0.05880,0.02238,0.03641,0.03210,0.02747,0.04312,0.03885,0.04163,0.03424,0.08702,0.09249,0.15996,0.02440,0.03465,0.02430,0.07417
0.06811,0.04146,0.04838,0.04774,0.04278,0.06649,0.04271,0.04009,0.04989,0.05020,0.09976,0.08714,0.05272,0.04357,0.06094,0.03490,0.03948,0.02682,0.02495,0.03188
0.02278,0.02622,0.01455,0.01579,0.01703,0.03343,0.01762,0.03149,0.01421,0.01583,0.03855,0.01919,0.32189,0.02944,0.02441,0.01374,0.03222,0.00864,0.29023,0.01272
0.01489,0.03950,0.04798,0.11583,0.04605,0.07781,0.02647,0.02625,0.13583,0.02137,0.01915,0.01680,0.02104,0.02976,0.04644,0.13441,0.01868,0.06798,0.01723,0.07651
0.02694,0.02574,0.03187,0.07558,0.04792,0.08576,0.02355,0.03120,0.04067,0.03643,0.03803,0.01718,0.18650,0.04031,0.04407,0.05387,0.07058,0.01916,0.08501,0.01961
0.12496,0.15108,0.02935,0.03455,0.03456,0.02528,0.07790,0.02265,0.01881,0.02803,0.06531,0.05636,0.07842,0.02367,0.03138,0.05079,0.10258,0.01316,0.01083,0.02029
0.05162,0.15367,0.02345,0.08146,0.05042,0.04836,0.04217,0.04491,0.02631,0.04058,0.04817,0.02054,0.12701,0.03953,0.01450,0.02257,0.10515,0.01309,0.02060,0.02590
0.06425,0.06588,0.04657,0.04408,0.03876,0.16638,0.02508,0.13324,0.05639,0.03555,0.02941,0.03005,0.01105,0.04526,0.07150,0.02383,0.02320,0.03068,0.01181,0.04704
0.03368,0.06715,0.02326,0.15427,0.07161,0.12870,0.04270,0.04871,0.04237,0.03997,0.02439,0.03902,0.03348,0.02337,0.03409,0.05416,0.04045,0.03425,0.02086,0.04352
0.07730,0.06514,0.02350,0.04516,0.03278,0.04462,0.06925,0.02512,0.04244,0.07054,0.06517,0.08498,0.05050,0.05936,0.06822,0.03878,0.08552,0.01788,0.01071,0.02301
0.04149,0.05491,0.03297,0.09771,0.03048,0.05765,0.03483,0.04028,0.03411,0.02585,0.18047,0.04099,0.02767,0.14017,0.02639,0.04367,0.02930,0.01684,0.01542,0.02881
0.02189,0.06344,0.03140,0.03691,0.02399,0.04624,0.02589,0.04610,0.03214,0.03138,0.03286,0.04347,0.14619,0.07361,0.15473,0.04644,0.03256,0.02976,0.05158,0.02941
0.01729,0.02264,0.01866,0.02832,0.01991,0.01881,0.02001,0.01224,0.01947,0.01823,0.33126,0.20625,0.03533,0.10826,0.01893,0.01725,0.04042,0.01525,0.01189,0.01957
0.02914,0.02246,0.01969,0.03558,0.03515,0.03925,0.03278,0.03243,0.03739,0.04845,0.15988,0.09087,0.07221,0.11838,0.03511,0.03676,0.08029,0.01747,0.02835,0.02837
0.02714,0.05147,0.03563,0.03796,0.04115,0.02739,0.02815,0.05760,0.03356,0.02626,0.03372,0.12370,0.06368,0.08134,0.13092,0.03192,0.11458,0.01853,0.01189,0.02342
0.08870,0.06914,0.04671,0.05620,0.05166,0.02475,0.03538,0.03788,0.03776,0.05746,0.08626,0.08882,0.05725,0.01368,0.04073,0.05196,0.05999,0.02278,0.01474,0.05815
0.02530,0.01909,0.02061,0.04038,0.02576,0.03177,0.06223,0.02462,0.03264,0.02959,0.05728,0.12046,0.07469,0.09538,0.09880,0.02423,0.14159,0.03394,0.02139,0.02025
0.03684,0.05188,0.03775,0.04783,0.04460,0.04643,0.03796,0.03504,0.02241,0.04303,0.02277,0.03411,0.10495,0.11507,0.10873,0.03319,0.10955,0.03109,0.01317,0.02360
0.02805,0.02116,0.03688,0.03978,0.03731,0.05212,0.02222,0.03403,0.02716,0.01969,0.04077,0.03247,0.14882,0.03416,0.02683,0.03514,0.17209,0.06575,0.01128,0.11432
0.02958,0.05838,0.02650,0.05165,0.02314,0.05291,0.05603,0.02926,0.03448,0.02400,0.13013,0.14455,0.04315,0.05798,0.03841,0.02832,0.07458,0.04072,0.01986,0.03639
0.08967,0.04715,0.05100,0.02722,0.03697,0.03947,0.03798,0.05756,0.06100,0.06380,0.01873,0.01699,0.06144,0.08494,0.14737,0.02170,0.02157,0.03042,0.05489,0.03012
0.04891,0.04897,0.06093,0.03105,0.06082,0.04473,0.05112,0.07394,0.04443,0.06052,0.02804,0.04175,0.04259,0.02188,0.04528,0.02823,0.05021,0.06067,0.02166,0.13428
0.02503,0.06921,0.01932,0.05150,0.04870,0.03525,0.05652,0.03143,0.04378,0.02623,0.08303,0.04638,0.14235,0.04841,0.03615,0.03927,0.08946,0.03097,0.05024,0.02679
0.03516,0.09401,0.03597,0.07625,0.05166,0.12383,0.03008,0.13296,0.04319,0.06091,0.02275,0.03190,0.03092,0.02040,0.02894,0.04397,0.03078,0.03758,0.02354,0.04519
0.04929,0.08040,0.03866,0.06140,0.03769,0.02679,0.06296,0.04667,0.05456,0.02856,0.09820,0.09729,0.03668,0.07457,0.09016,0.02683,0.02677,0.01928,0.01746,0.02580
0.02683,0.05052,0.05100,0.06048,0.04186,0.10981,0.05328,0.08378,0.06812,0.05633,0.03955,0.04573,0.04709,0.03547,0.04626,0.04071,0.05314,0.03837,0.01220,0.03947
0.03132,0.08269,0.03548,0.06707,0.02895,0.06513,0.03326,0.02752,0.03900,0.03075,0.09578,0.05316,0.08229,0.05263,0.03976,0.06267,0.07950,0.03667,0.01539,0.04098
0.02681,0.06777,0.13308,0.09583,0.07672,0.03823,0.05282,0.06870,0.09581,0.03347,0.02990,0.03611,0.02846,0.03125,0.05472,0.03052,0.02904,0.03081,0.01258,0.02738
0.05357,0.07072,0.06433,0.07188,0.04929,0.13480,0.06296,0.06252,0.11840,0.03944,0.03775,0.01452,0.02340,0.02645,0.04339,0.03757,0.02018,0.01444,0.02418,0.03020
0.02056,0.02806,0.02019,0.01935,0.03351,0.03138,0.02396,0.02062,0.02105,0.02119,0.05958,0.03051,0.28371,0.02024,0.02998,0.02318,0.03523,0.01778,0.24084,0.01908
0.03042,0.06536,0.01304,0.04776,0.02801,0.03812,0.03432,0.02914,0.01650,0.01584,0.03288,0.04155,0.21988,0.01523,0.02745,0.02602,0.25588,0.01801,0.01307,0.03152
0.05420,0.05527,0.03400,0.05132,0.03614,0.04300,0.05528,0.05194,0.03360,0.03495,0.14005,0.13932,0.01956,0.02445,0.05054,0.02613,0.05475,0.02680,0.02130,0.04739
0.04468,0.04041,0.04279,0.03696,0.05251,0.03062,0.03744,0.02077,0.03290,0.05354,0.03925,0.07306,0.14920,0.01849,0.05683,0.04780,0.05722,0.02210,0.10403,0.03938
0.02748,0.03637,0.04447,0.05770,0.04233,0.06674,0.05187,0.03676,0.03519,0.04247,0.08012,0.09619,0.05041,0.09260,0.05356,0.04088,0.06659,0.03695,0.01840,0.02293
0.02714,0.06241,0.03292,0.05335,0.04695,0.03095,0.03725,0.03020,0.02705,0.03823,0.03693,0.03875,0.17117,0.03412,0.04806,0.04012,0.17521,0.03162,0.01846,0.01911
0.04405,0.06340,0.03814,0.04907,0.04238,0.06040,0.05423,0.05370,0.04851,0.05463,0.05557,0.04782,0.08640,0.03902,0.04910,0.02680,0.04559,0.04711,0.05106,0.04302
0.01226,0.01650,0.01251,0.01905,0.01343,0.01591,0.01977,0.01142,0.01479,0.01598,0.24194,0.03336,0.15978,0.22131,0.03120,0.01792,0.03087,0.01092,0.08753,0.01354
0.03118,0.11362,0.02780,0.04364,0.03335,0.08856,0.06368,0.03958,0.06011,0.02752,0.03288,0.03874,0.14539,0.02694,0.04370,0.02810,0.06649,0.01901,0.04623,0.02348
0.04264,0.03579,0.03784,0.13328,0.04137,0.15289,0.02904,0.02830,0.02720,0.05066,0.03056,0.02899,0.03200,0.02046,0.05016,0.05045,0.03056,0.04839,0.01240,0.11700
0.02236,0.06074,0.02775,0.03280,0.04624,0.16793,0.03761,0.04423,0.03582,0.03214,0.03423,0.10608,0.03740,0.03515,0.04765,0.02994,0.09715,0.04578,0.01453,0.04445
0.02715,0.02305,0.02367,0.02742,0.03438,0.03135,0.03035,0.03218,0.03636,0.01668,0.04098,0.23334,0.07074,0.03898,0.02838,0.02535,0.22977,0.01047,0.02022,0.01917
0.02101,0.19050,0.02015,0.02437,0.02820,0.06663,0.02879,0.12650,0.02534,0.02533,0.03312,0.02366,0.09171,0.04550,0.05284,0.04528,0.03697,0.06305,0.02981,0.02123
0.03418,0.06867,0.05610,0.09417,0.03284,0.06360,0.12524,0.03579,0.07745,0.02666,0.06613,0.10305,0.01572,0.01960,0.02922,0.01993,0.04297,0.03659,0.01138,0.04071
0.03812,0.05203,0.02366,0.04324,0.03313,0.09185,0.03328,0.10276,0.03896,0.06313,0.06676,0.08009,0.05466,0.04306,0.03360,0.05115,0.05949,0.01588,0.01995,0.05519
0.05576,0.04254,0.02505,0.07361,0.03258,0.03511,0.02416,0.05168,0.04444,0.03374,0.08332,0.03294,0.08027,0.11015,0.07268,0.05886,0.07111,0.01861,0.01847,0.03493
0.05349,0.05140,0.05533,0.10387,0.04250,0.02577,0.04063,0.02109,0.02922,0.04683,0.08525,0.09096,0.02816,0.01640,0.03762,0.05700,0.04998,0.08241,0.03787,0.04422
0.02457,0.19852,0.01767,0.03283,0.02664,0.03470,0.10368,0.02587,0.10495,0.02405,0.02536,0.01895,0.03024,0.06158,0.10178,0.06934,0.02123,0.03550,0.01130,0.03123
0.02481,0.04752,0.02598,0.03815,0.03562,0.02868,0.03244,0.02845,0.03602,0.01780,0.11770,0.08843,0.08683,0.04393,0.06132,0.08832,0.07277,0.04707,0.03073,0.04745
