0.02545,0.02582,0.03047,0.02315,0.02614,0.03472,0.02591,0.02524,0.02208,0.02269,0.11970,0.11174,0.05305,0.06469,0.02768,0.18125,0.03693,0.08943,0.02016,0.03368
0.03664,0.03325,0.03725,0.03207,0.03536,0.04668,0.03315,0.03102,0.02623,0.03120,0.11666,0.08957,0.04566,0.05723,0.03280,0.15813,0.03588,0.06279,0.02547,0.03296
0.02542,0.02301,0.03359,0.02382,0.03163,0.03728,0.03091,0.02547,0.02471,0.02302,0.12784,0.10842,0.05326,0.06313,0.02953,0.17238,0.03702,0.07171,0.02084,0.03701
0.03045,0.02717,0.03410,0.02717,0.02908,0.03377,0.02619,0.02640,0.02297,0.02346,0.08698,0.14247,0.06687,0.07394,0.03238,0.13126,0.03575,0.09075,0.02180,0.03704
0.03247,0.02684,0.03681,0.02794,0.03244,0.04293,0.03071,0.02901,0.02611,0.02608,0.12265,0.09930,0.04527,0.06059,0.02632,0.17131,0.03171,0.07911,0.02063,0.03178
0.03429,0.02990,0.03496,0.03141,0.03137,0.03871,0.03541,0.02634,0.02961,0.02776,0.10905,0.10479,0.06060,0.06223,0.03343,0.14394,0.03949,0.06361,0.02334,0.03977
0.02534,0.02158,0.03338,0.02337,0.02933,0.03372,0.02787,0.02238,0.02464,0.02116,0.11538,0.11349,0.05945,0.06994,0.03293,0.16784,0.03886,0.08135,0.02370,0.03429
0.02588,0.02035,0.02777,0.02145,0.02880,0.03247,0.02387,0.02087,0.02387,0.02416,0.19890,0.07311,0.04255,0.04864,0.02677,0.23431,0.02916,0.04891,0.01822,0.02993
0.03979,0.03710,0.04315,0.02972,0.03869,0.04939,0.04014,0.02849,0.02893,0.03358,0.08948,0.09919,0.04667,0.05878,0.02430,0.14743,0.03009,0.08266,0.02080,0.03162
0.02699,0.02352,0.03227,0.02480,0.02876,0.03518,0.02996,0.02762,0.02451,0.02358,0.09291,0.12025,0.06218,0.07365,0.03606,0.14752,0.03693,0.09316,0.02295,0.03720
0.02921,0.02466,0.03234,0.02362,0.02954,0.03720,0.02920,0.02851,0.02133,0.02484,0.11595,0.13218,0.05730,0.06672,0.02959,0.15476,0.03290,0.06871,0.02267,0.03876
0.02040,0.02106,0.02750,0.02152,0.02400,0.02728,0.02229,0.02216,0.01948,0.01996,0.18713,0.09290,0.04318,0.05020,0.02675,0.23512,0.02682,0.06898,0.01623,0.02705
0.02904,0.02635,0.03159,0.02351,0.02866,0.03360,0.03011,0.02558,0.02511,0.02518,0.12081,0.11162,0.05488,0.06222,0.03309,0.17047,0.03562,0.07634,0.02215,0.03407
0.02502,0.02188,0.02947,0.02360,0.02576,0.03433,0.02795,0.02638,0.02226,0.02050,0.15858,0.09262,0.05191,0.05834,0.03039,0.19912,0.03226,0.06772,0.02130,0.03060
0.03392,0.03152,0.04048,0.03055,0.03560,0.04195,0.03407,0.03114,0.02686,0.02879,0.14583,0.08971,0.04223,0.05252,0.02716,0.17255,0.03444,0.05208,0.01737,0.03123
0.03122,0.02279,0.03404,0.02642,0.02928,0.03512,0.02713,0.02795,0.02616,0.02569,0.11525,0.12054,0.06096,0.06354,0.03708,0.14968,0.03991,0.06606,0.02221,0.03897
0.02713,0.02709,0.03424,0.02261,0.02924,0.03775,0.02701,0.02309,0.02331,0.02557,0.15358,0.09814,0.04502,0.05785,0.02756,0.19245,0.03251,0.06152,0.02014,0.03419
0.02968,0.02259,0.03294,0.02218,0.02777,0.03655,0.02800,0.02336,0.02251,0.02404,0.10530,0.12962,0.06059,0.06686,0.03106,0.15394,0.03980,0.08393,0.02186,0.03742
0.02913,0.02458,0.03532,0.02497,0.02863,0.03958,0.02727,0.02668,0.02710,0.02492,0.11941,0.11424,0.05851,0.07064,0.03282,0.14860,0.03741,0.06979,0.02412,0.03628
0.02871,0.02388,0.03258,0.02435,0.02922,0.03841,0.02709,0.02491,0.02272,0.02500,0.16399,0.08887,0.04685,0.05151,0.02568,0.20127,0.03019,0.06389,0.01846,0.03241
0.02766,0.02434,0.03269,0.02349,0.03045,0.03386,0.02899,0.02618,0.02212,0.02314,0.14902,0.09941,0.04963,0.05524,0.02946,0.19770,0.02962,0.06587,0.01725,0.03388
0.03051,0.02595,0.03347,0.02318,0.02958,0.03670,0.02886,0.02584,0.02533,0.02467,0.16112,0.09085,0.04757,0.05253,0.02648,0.20068,0.02988,0.05874,0.01883,0.02924
0.03593,0.03361,0.04094,0.03421,0.03948,0.04469,0.03531,0.03132,0.03078,0.02950,0.09255,0.11080,0.05537,0.06319,0.03356,0.12158,0.03955,0.06150,0.02667,0.03947
0.03012,0.02917,0.03454,0.02794,0.03200,0.03526,0.03019,0.02833,0.02597,0.02427,0.13571,0.09397,0.05470,0.06556,0.03032,0.16997,0.03998,0.05666,0.01992,0.03544
0.02513,0.02212,0.02925,0.02071,0.02302,0.03139,0.02475,0.02114,0.01850,0.01970,0.17011,0.09555,0.04763,0.05675,0.02426,0.21840,0.03087,0.07323,0.01784,0.02965
0.02789,0.02386,0.03278,0.02648,0.03043,0.03555,0.02981,0.02642,0.02381,0.02274,0.14844,0.09480,0.04839,0.05308,0.02723,0.19355,0.03119,0.07352,0.01913,0.03092
0.02494,0.02130,0.03043,0.02149,0.02715,0.03387,0.02679,0.02275,0.02266,0.02141,0.16181,0.10188,0.04894,0.05884,0.02820,0.19836,0.02949,0.06569,0.02264,0.03136
0.03049,0.02319,0.03225,0.02532,0.03046,0.03646,0.02935,0.02719,0.02283,0.02467,0.13239,0.09184,0.05080,0.05842,0.02517,0.19076,0.03218,0.08236,0.02068,0.03318
0.02637,0.02101,0.02729,0.02300,0.02831,0.03201,0.02719,0.02364,0.02100,0.02198,0.20077,0.07819,0.04252,0.04988,0.02630,0.22676,0.02960,0.04495,0.01822,0.03102
0.03064,0.02718,0.03929,0.02905,0.03523,0.04030,0.03145,0.02715,0.02681,0.02923,0.08900,0.10040,0.05919,0.06636,0.02905,0.15154,0.03224,0.10205,0.02196,0.03187
0.03155,0.02719,0.03675,0.02612,0.03069,0.03996,0.03409,0.02593,0.02668,0.02799,0.11330,0.10323,0.05184,0.06497,0.03333,0.15134,0.03688,0.07273,0.02797,0.03745
0.02537,0.02068,0.03055,0.02175,0.02536,0.03371,0.02366,0.02144,0.02164,0.02126,0.11686,0.12056,0.05728,0.06542,0.02821,0.18020,0.03691,0.09254,0.01991,0.03670
0.02951,0.02243,0.03634,0.02052,0.02768,0.03275,0.02727,0.02474,0.02201,0.02333,0.12656,0.10067,0.05345,0.06280,0.02860,0.19151,0.03541,0.08242,0.02034,0.03168
0.03943,0.03719,0.04554,0.03119,0.03686,0.05029,0.03412,0.03148,0.02707,0.03272,0.09125,0.11309,0.05212,0.06023,0.03055,0.12349,0.03837,0.06246,0.02300,0.03957
0.03104,0.03111,0.03975,0.02735,0.03569,0.04231,0.03425,0.03022,0.02759,0.03072,0.09968,0.09775,0.04777,0.06432,0.03396,0.14871,0.03843,0.08109,0.02332,0.03494
0.02682,0.02205,0.03159,0.02247,0.02938,0.03175,0.02833,0.02208,0.02160,0.02146,0.17755,0.09557,0.04425,0.05264,0.02422,0.21440,0.02939,0.05533,0.01808,0.03104
0.02281,0.02101,0.02769,0.02057,0.02614,0.03303,0.02410,0.02370,0.02042,0.02039,0.16753,0.09347,0.04951,0.05730,0.02678,0.21832,0.02798,0.07235,0.01821,0.02870
0.02269,0.01925,0.02486,0.01839,0.02386,0.02718,0.02252,0.01824,0.01905,0.01895,0.12838,0.12975,0.06133,0.07009,0.03111,0.18765,0.03131,0.09221,0.01924,0.03392
0.02896,0.02374,0.03237,0.02244,0.02745,0.03833,0.02621,0.02259,0.02377,0.02168,0.14378,0.10257,0.04950,0.05858,0.02658,0.19168,0.03333,0.07146,0.02037,0.03460
0.03749,0.03524,0.04619,0.03409,0.04026,0.04726,0.04197,0.03476,0.03684,0.03189,0.08988,0.09562,0.05493,0.05903,0.03576,0.11951,0.03703,0.06238,0.02147,0.03841
0.03129,0.02623,0.03455,0.02665,0.03029,0.03693,0.02676,0.02593,0.02445,0.02396,0.13829,0.11166,0.05178,0.06007,0.02925,0.17470,0.03310,0.05810,0.02128,0.03473
0.02571,0.02428,0.03183,0.02343,0.02913,0.03404,0.02701,0.02352,0.02215,0.02158,0.12882,0.12001,0.05615,0.06572,0.02966,0.17011,0.03268,0.07706,0.02153,0.03560
0.02685,0.02412,0.03667,0.02726,0.03336,0.03560,0.02768,0.02541,0.02737,0.02566,0.10546,0.12117,0.06160,0.06863,0.03443,0.13880,0.04109,0.06914,0.02532,0.04439
0.02177,0.01860,0.02561,0.02078,0.02339,0.02896,0.02297,0.01862,0.01682,0.01943,0.19566,0.09602,0.04468,0.05384,0.02699,0.22929,0.03361,0.05331,0.01684,0.03282
0.03177,0.02729,0.03516,0.02473,0.02831,0.03941,0.03239,0.03076,0.02650,0.02436,0.09715,0.12303,0.05652,0.06846,0.03130,0.13959,0.03505,0.08463,0.02416,0.03946
0.02794,0.02199,0.03266,0.02340,0.02820,0.03173,0.02855,0.02216,0.02421,0.02476,0.15895,0.09446,0.04780,0.05976,0.03013,0.19233,0.03297,0.06287,0.02037,0.03475
0.02435,0.02116,0.02861,0.02253,0.02583,0.02946,0.02495,0.02454,0.02315,0.02167,0.16794,0.10241,0.05287,0.06165,0.03117,0.19076,0.03690,0.05218,0.02167,0.03619
0.03091,0.02589,0.03650,0.02475,0.03265,0.03837,0.03169,0.03283,0.02525,0.02491,0.12810,0.08774,0.04770,0.05858,0.02804,0.18468,0.03524,0.07338,0.02137,0.03141
0.02757,0.02032,0.02802,0.02554,0.02680,0.03191,0.02657,0.02258,0.02338,0.02091,0.14741,0.11137,0.05510,0.06276,0.03205,0.18450,0.03304,0.06339,0.02248,0.03430
0.02472,0.02002,0.02907,0.02102,0.02717,0.03180,0.02826,0.02499,0.02283,0.02096,0.18956,0.07810,0.04697,0.05146,0.02563,0.22581,0.02953,0.05369,0.01958,0.02881
0.02664,0.02286,0.03171,0.02443,0.02775,0.03447,0.02800,0.02307,0.02193,0.02523,0.15007,0.09701,0.05107,0.06052,0.02678,0.19081,0.03421,0.06905,0.02107,0.03334
0.03394,0.02697,0.03981,0.02723,0.03533,0.04038,0.03419,0.02705,0.02583,0.02593,0.12510,0.10499,0.05508,0.06259,0.03038,0.15223,0.03983,0.05367,0.02216,0.03734
0.03153,0.02677,0.04068,0.02753,0.03136,0.03987,0.03366,0.02791,0.02574,0.02386,0.12007,0.09540,0.05252,0.06288,0.03295,0.16099,0.03745,0.06805,0.02456,0.03619
0.02728,0.02628,0.03234,0.02337,0.02861,0.03579,0.03037,0.02562,0.02231,0.02291,0.18417,0.07989,0.04406,0.04993,0.02392,0.21155,0.03067,0.05168,0.01923,0.03002
0.03541,0.02755,0.03934,0.02693,0.03470,0.04582,0.03587,0.03081,0.02549,0.02501,0.10294,0.09714,0.05206,0.05922,0.02744,0.15823,0.03571,0.08429,0.02221,0.03386
0.03048,0.03103,0.03787,0.02703,0.03134,0.04067,0.03019,0.02598,0.02649,0.02801,0.11134,0.09578,0.04859,0.05814,0.02740,0.17219,0.03070,0.09169,0.02179,0.03330
0.02799,0.02598,0.03529,0.02629,0.02973,0.03654,0.02825,0.02600,0.02516,0.02236,0.16169,0.08313,0.04398,0.05080,0.02700,0.20685,0.03005,0.06240,0.02050,0.03001
0.03241,0.02533,0.03690,0.02566,0.03247,0.03993,0.03316,0.02623,0.02506,0.02572,0.12347,0.10375,0.05032,0.06152,0.02917,0.17479,0.03266,0.06758,0.02062,0.03325
0.02807,0.02467,0.03169,0.02080,0.02636,0.03455,0.02678,0.02455,0.02328,0.02388,0.09952,0.10744,0.05652,0.06834,0.02931,0.18141,0.03073,0.10773,0.02197,0.03239
0.02200,0.01987,0.02555,0.01716,0.02231,0.03150,0.02286,0.02014,0.01810,0.01753,0.19695,0.08629,0.04674,0.05414,0.02541,0.23710,0.03071,0.05878,0.01795,0.02890
0.01986,0.02114,0.02628,0.01717,0.02084,0.03152,0.02051,0.01999,0.01637,0.01804,0.23820,0.08232,0.03760,0.04503,0.02205,0.25505,0.02484,0.04193,0.01593,0.02533
0.02754,0.02243,0.03203,0.02353,0.02960,0.03906,0.02956,0.02388,0.02198,0.02328,0.14311,0.11754,0.05103,0.06106,0.02909,0.17464,0.03157,0.06584,0.01801,0.03520
0.03457,0.03558,0.04276,0.02968,0.03446,0.04372,0.03279,0.03140,0.03199,0.02914,0.12162,0.08849,0.05043,0.05772,0.03113,0.15062,0.03830,0.05614,0.02542,0.03404
0.03204,0.03069,0.03671,0.03082,0.03314,0.03420,0.03716,0.02971,0.02884,0.02960,0.10437,0.09937,0.05238,0.06230,0.03146,0.14999,0.03464,0.08059,0.02460,0.03739
0.02267,0.01964,0.02700,0.01832,0.02303,0.02632,0.02066,0.02007,0.01854,0.01908,0.12676,0.11690,0.05988,0.07415,0.03081,0.19315,0.03993,0.08847,0.01951,0.03510
0.02581,0.02078,0.03006,0.02308,0.02622,0.02909,0.02618,0.02302,0.02537,0.02329,0.11080,0.10068,0.06164,0.07211,0.03029,0.17503,0.04299,0.09291,0.02188,0.03876
0.02880,0.02613,0.03508,0.02855,0.03118,0.04069,0.03013,0.02665,0.02705,0.02804,0.14428,0.10337,0.04957,0.05684,0.02818,0.17455,0.03397,0.05370,0.02110,0.03212
0.02623,0.02344,0.02859,0.02308,0.02657,0.03215,0.02526,0.02131,0.02316,0.02302,0.09780,0.10833,0.05802,0.07238,0.02742,0.18522,0.03147,0.11423,0.02120,0.03113
0.03192,0.02890,0.03748,0.02563,0.03258,0.03795,0.02931,0.02850,0.02535,0.02476,0.16772,0.07372,0.03918,0.04392,0.02489,0.21128,0.02939,0.05788,0.01883,0.03084
0.02592,0.02702,0.03283,0.02417,0.02842,0.03683,0.03052,0.02398,0.02329,0.02340,0.16799,0.09549,0.04704,0.05257,0.02863,0.19795,0.03039,0.05083,0.02027,0.03247
0.03276,0.02861,0.03556,0.02987,0.03752,0.04313,0.03600,0.03217,0.02718,0.02494,0.09129,0.10381,0.06119,0.06697,0.03910,0.12401,0.04714,0.06805,0.02593,0.04476
0.02409,0.01939,0.02743,0.02055,0.02357,0.02976,0.02543,0.02097,0.02004,0.02108,0.11811,0.11051,0.05827,0.06557,0.03030,0.19845,0.03386,0.09979,0.01957,0.03325
0.02773,0.02361,0.03290,0.02567,0.02940,0.03551,0.02816,0.02381,0.02336,0.02302,0.12340,0.12535,0.05580,0.06715,0.03120,0.15646,0.03677,0.06928,0.02427,0.03717
0.03146,0.02529,0.03648,0.02702,0.03226,0.03891,0.03291,0.02534,0.02572,0.02786,0.13865,0.07795,0.04648,0.05498,0.02837,0.19473,0.03388,0.06800,0.02240,0.03129
0.03364,0.02816,0.03617,0.02828,0.03469,0.04147,0.03338,0.02920,0.02926,0.02919,0.11002,0.12086,0.05792,0.06446,0.03398,0.12666,0.04037,0.05973,0.02136,0.04118
0.02927,0.02538,0.03231,0.02645,0.02993,0.03576,0.02614,0.02581,0.02320,0.02589,0.10571,0.12459,0.05355,0.06630,0.03195,0.16512,0.03401,0.08271,0.02050,0.03543
0.02129,0.02152,0.02571,0.02003,0.02151,0.02707,0.02198,0.02185,0.01866,0.01762,0.13858,0.10334,0.05226,0.06329,0.02560,0.21668,0.03371,0.09803,0.01939,0.03190
0.03487,0.03586,0.04358,0.03158,0.03749,0.04587,0.03482,0.03020,0.03255,0.02861,0.11496,0.09805,0.05211,0.05580,0.03217,0.14276,0.03491,0.05705,0.02207,0.03471
0.03253,0.02840,0.03834,0.02856,0.03295,0.04059,0.03308,0.03018,0.03050,0.02837,0.10935,0.09818,0.04792,0.06299,0.02859,0.16420,0.03323,0.07733,0.02187,0.03286
0.02285,0.01957,0.02847,0.01938,0.02432,0.02583,0.02031,0.02112,0.02011,0.01953,0.19299,0.09483,0.04590,0.05824,0.02906,0.21643,0.03290,0.05602,0.02039,0.03175
0.02905,0.02562,0.03074,0.02345,0.03611,0.03329,0.02944,0.02416,0.02246,0.02643,0.12845,0.10349,0.05015,0.06181,0.02625,0.18966,0.02986,0.08116,0.01676,0.03165
0.02949,0.02340,0.03429,0.02541,0.02834,0.03461,0.02670,0.02578,0.02762,0.02538,0.13644,0.10716,0.05365,0.06128,0.03081,0.16731,0.03318,0.06843,0.02320,0.03754
0.02787,0.02464,0.03266,0.02568,0.03134,0.03636,0.03090,0.02457,0.02341,0.02432,0.11064,0.11071,0.05479,0.06457,0.02781,0.17054,0.03229,0.09204,0.02005,0.03481
0.02431,0.02339,0.03094,0.02098,0.02561,0.03274,0.02696,0.02122,0.01978,0.02276,0.13710,0.11665,0.05308,0.06140,0.02971,0.18490,0.03080,0.08386,0.02121,0.03259
0.02843,0.02835,0.03587,0.02186,0.03236,0.03414,0.03034,0.02458,0.02546,0.02589,0.09620,0.10807,0.05295,0.06961,0.02843,0.16643,0.03195,0.10280,0.02061,0.03568
0.02310,0.02001,0.02915,0.01963,0.02514,0.03053,0.02240,0.02076,0.02097,0.01901,0.13054,0.09746,0.05203,0.06071,0.02578,0.21892,0.02454,0.11497,0.01614,0.02821
0.03430,0.02558,0.03654,0.02763,0.02978,0.03991,0.03168,0.02984,0.02382,0.02670,0.09843,0.10636,0.05695,0.06254,0.03284,0.15488,0.03856,0.08526,0.02251,0.03589
0.03200,0.02670,0.03632,0.02522,0.03370,0.03757,0.03485,0.02586,0.02786,0.03047,0.10654,0.10682,0.05815,0.06145,0.03244,0.14711,0.03783,0.07579,0.02679,0.03653
0.03051,0.03052,0.03934,0.02767,0.03461,0.04276,0.03297,0.02869,0.02690,0.02607,0.09001,0.10688,0.06092,0.06934,0.03163,0.13803,0.03986,0.07603,0.02652,0.04073
0.02940,0.02463,0.02872,0.02280,0.02534,0.03834,0.02699,0.02093,0.02325,0.02010,0.09811,0.12578,0.05593,0.06972,0.02750,0.17002,0.03212,0.10435,0.02078,0.03519
0.03176,0.02903,0.03802,0.02683,0.03169,0.04280,0.03421,0.02781,0.02691,0.02718,0.13274,0.09509,0.04636,0.05604,0.02885,0.17259,0.03628,0.06302,0.02117,0.03164
0.02801,0.03151,0.03239,0.02803,0.03070,0.03682,0.02854,0.02662,0.02430,0.02508,0.10486,0.10429,0.05314,0.06327,0.03083,0.16694,0.03159,0.09716,0.02257,0.03333
0.02098,0.02080,0.02505,0.01954,0.02384,0.02866,0.02308,0.02091,0.02125,0.02037,0.22853,0.07548,0.03714,0.04414,0.02205,0.25799,0.02552,0.04146,0.01587,0.02735
0.02166,0.01817,0.02492,0.01837,0.02298,0.02653,0.02342,0.01819,0.01782,0.01916,0.13768,0.12488,0.05812,0.06568,0.02458,0.20269,0.02984,0.09204,0.01823,0.03502
0.02697,0.02556,0.03701,0.02847,0.03043,0.03565,0.02941,0.02781,0.02645,0.02571,0.12375,0.11589,0.05554,0.07028,0.03211,0.14858,0.03859,0.06250,0.02097,0.03831
0.02162,0.02089,0.02628,0.01901,0.02564,0.02854,0.02495,0.02053,0.01857,0.01979,0.13599,0.12011,0.05762,0.06851,0.02945,0.18850,0.03378,0.08329,0.01916,0.03775
0.03933,0.03646,0.04071,0.03641,0.03953,0.05226,0.03190,0.03628,0.03236,0.03454,0.10455,0.09829,0.05143,0.05500,0.03643,0.12233,0.03544,0.05282,0.02528,0.03863
0.02416,0.02194,0.02931,0.02209,0.02458,0.02916,0.02403,0.02232,0.02020,0.02137,0.12900,0.12617,0.05890,0.06508,0.03077,0.17896,0.03573,0.07992,0.01937,0.03694
0.02537,0.02427,0.02961,0.02236,0.02753,0.03107,0.02530,0.02288,0.02346,0.02164,0.16783,0.09173,0.04691,0.05495,0.02661,0.21497,0.02799,0.06814,0.01923,0.02818
0.02556,0.02091,0.02834,0.02160,0.02406,0.03081,0.02399,0.02103,0.01960,0.02197,0.10303,0.11317,0.05905,0.07146,0.03303,0.18215,0.03446,0.11123,0.02234,0.03221
0.04014,0.03574,0.04194,0.03126,0.03713,0.05147,0.03757,0.03814,0.03096,0.02931,0.08560,0.08671,0.05999,0.06151,0.03313,0.12579,0.03733,0.07069,0.02791,0.03768
0.02916,0.02679,0.03286,0.02468,0.02748,0.03824,0.03199,0.02344,0.02613,0.02468,0.14087,0.09314,0.04758,0.05877,0.02621,0.18653,0.03371,0.07325,0.02061,0.03388
0.02460,0.02413,0.02749,0.02040,0.02737,0.03276,0.02571,0.02504,0.02101,0.02152,0.12878,0.10768,0.05819,0.06666,0.02663,0.19067,0.03310,0.08864,0.01880,0.03082
0.03174,0.02959,0.04267,0.03265,0.03723,0.04151,0.03400,0.03043,0.03198,0.02933,0.11298,0.09235,0.05207,0.06566,0.03301,0.14384,0.03780,0.06128,0.02124,0.03864
0.02913,0.02638,0.03540,0.02346,0.03255,0.03920,0.03020,0.02682,0.02449,0.02416,0.11680,0.10524,0.05063,0.06263,0.02552,0.17906,0.03184,0.08341,0.01922,0.03388
0.02640,0.02373,0.03032,0.02413,0.03341,0.03636,0.02936,0.02485,0.02371,0.02454,0.15926,0.08964,0.05007,0.05657,0.02667,0.19702,0.03926,0.05280,0.01936,0.03254
0.02083,0.01867,0.02284,0.01742,0.02080,0.02757,0.02257,0.01785,0.01873,0.02127,0.15841,0.09630,0.05141,0.06140,0.02300,0.23339,0.02777,0.09270,0.01838,0.02869
0.03880,0.03973,0.04666,0.03350,0.03945,0.04875,0.03818,0.03316,0.03288,0.03060,0.11038,0.09234,0.04689,0.05548,0.03258,0.13624,0.03367,0.05019,0.02151,0.03904
0.02893,0.02476,0.03299,0.02610,0.02887,0.03685,0.03041,0.02772,0.02418,0.02430,0.13042,0.12358,0.05489,0.06628,0.02914,0.16166,0.03240,0.06362,0.01979,0.03310
0.02380,0.01909,0.02683,0.01786,0.02479,0.02997,0.02220,0.01799,0.01819,0.02158,0.17610,0.09784,0.04772,0.05520,0.02504,0.22753,0.02572,0.07359,0.01832,0.03063
0.03145,0.02853,0.03741,0.02542,0.03228,0.04042,0.03323,0.02825,0.02748,0.02666,0.13357,0.08883,0.04992,0.05838,0.03063,0.17138,0.03676,0.06023,0.02337,0.03581
0.02369,0.02048,0.02863,0.02046,0.02413,0.03123,0.02176,0.01859,0.01809,0.02138,0.20622,0.08283,0.04199,0.04683,0.02819,0.24271,0.03098,0.04869,0.01676,0.02636
0.02779,0.02669,0.03794,0.02744,0.03548,0.03915,0.03563,0.02919,0.02742,0.02819,0.11370,0.09555,0.05506,0.06074,0.03195,0.15869,0.03841,0.06796,0.02064,0.04236
0.02720,0.02302,0.03206,0.02291,0.02669,0.02968,0.02898,0.02812,0.02116,0.02154,0.13639,0.10816,0.05709,0.06562,0.02957,0.17824,0.03642,0.06683,0.02391,0.03641
0.02849,0.02354,0.02846,0.02407,0.03006,0.03567,0.02833,0.02219,0.02234,0.02170,0.13042,0.10985,0.05490,0.06132,0.03315,0.17427,0.03845,0.06772,0.02379,0.04130
0.03473,0.03370,0.04175,0.02850,0.03161,0.04653,0.03538,0.02958,0.02901,0.02738,0.11658,0.09614,0.05086,0.05860,0.03199,0.14952,0.03599,0.06325,0.02321,0.03571
0.02981,0.02416,0.03046,0.02244,0.02713,0.03919,0.02492,0.02545,0.02234,0.02342,0.13647,0.11852,0.06141,0.06457,0.02943,0.17140,0.03253,0.05872,0.02145,0.03620
0.03475,0.03474,0.04212,0.03056,0.03998,0.04872,0.03640,0.02947,0.02769,0.02827,0.09810,0.09082,0.05531,0.06438,0.03197,0.13677,0.04145,0.06710,0.02442,0.03699
0.03019,0.02768,0.03300,0.02510,0.02961,0.03547,0.03195,0.02738,0.02554,0.02533,0.09567,0.11005,0.06011,0.07215,0.03207,0.14839,0.04080,0.08499,0.02474,0.03978
0.02688,0.02478,0.03537,0.02466,0.03399,0.03740,0.02828,0.02525,0.02467,0.02496,0.10971,0.11316,0.05636,0.06860,0.02869,0.15651,0.03946,0.08079,0.02096,0.03951
0.02602,0.02302,0.03052,0.02194,0.02875,0.03277,0.02823,0.02409,0.02393,0.02476,0.13696,0.09763,0.05637,0.05946,0.02940,0.19178,0.03334,0.07643,0.02066,0.03394
0.02492,0.02557,0.02688,0.01990,0.02510,0.03141,0.02695,0.02252,0.02097,0.02328,0.08109,0.13747,0.06250,0.07875,0.02783,0.15909,0.03246,0.11845,0.02020,0.03466
0.02227,0.02163,0.02859,0.01871,0.02483,0.03103,0.02527,0.01943,0.01895,0.01886,0.20640,0.07740,0.04015,0.04669,0.02349,0.24368,0.02704,0.05957,0.01665,0.02936
0.02668,0.02233,0.03205,0.02329,0.02760,0.03499,0.02592,0.02415,0.02360,0.02338,0.11083,0.14426,0.06672,0.07476,0.03620,0.12946,0.04313,0.06641,0.02422,0.04003
0.03248,0.02687,0.03397,0.02443,0.03548,0.03774,0.03399,0.02902,0.02559,0.02515,0.10606,0.11482,0.05955,0.06440,0.03264,0.14835,0.03650,0.07277,0.02126,0.03894
0.02581,0.02407,0.03160,0.02233,0.03093,0.03566,0.02762,0.02221,0.02065,0.02441,0.12946,0.12265,0.05965,0.06690,0.02826,0.15811,0.03723,0.07151,0.02357,0.03735
0.03103,0.02298,0.03292,0.02645,0.02980,0.03230,0.02961,0.02502,0.02446,0.02483,0.13657,0.09010,0.05216,0.06094,0.03257,0.18324,0.03979,0.06855,0.02170,0.03499
0.03135,0.03367,0.03955,0.02994,0.03428,0.04360,0.03386,0.02928,0.02468,0.02701,0.13484,0.10114,0.05406,0.05773,0.03061,0.15353,0.03371,0.04796,0.02427,0.03493
0.02716,0.02379,0.03172,0.02377,0.02803,0.03692,0.02645,0.02678,0.02150,0.02390,0.17569,0.08928,0.04790,0.04782,0.02690,0.21298,0.02871,0.05286,0.01834,0.02951
0.02681,0.02327,0.03305,0.02336,0.02697,0.03381,0.02624,0.02400,0.02416,0.02219,0.17497,0.08966,0.04812,0.05366,0.02575,0.20703,0.02870,0.06019,0.01760,0.03047
0.01778,0.01535,0.02059,0.01457,0.01755,0.02177,0.01853,0.01467,0.01471,0.01531,0.06803,0.13225,0.06048,0.08272,0.02320,0.21632,0.02220,0.18563,0.01342,0.02489
0.03363,0.02555,0.03753,0.02622,0.03382,0.04087,0.03153,0.02943,0.02584,0.02534,0.14354,0.08252,0.04852,0.05340,0.02952,0.18408,0.03017,0.06664,0.02149,0.03036
0.02381,0.02657,0.02862,0.02115,0.02561,0.03162,0.02701,0.02352,0.01977,0.02044,0.15547,0.11131,0.05539,0.05886,0.03103,0.17869,0.03681,0.06640,0.02289,0.03503
0.03217,0.02772,0.03463,0.02755,0.03394,0.03550,0.03115,0.02798,0.02742,0.02697,0.10864,0.10838,0.06101,0.06541,0.03592,0.14645,0.04166,0.06583,0.02541,0.03627
0.02820,0.02734,0.03344,0.02813,0.02759,0.03893,0.02745,0.02783,0.02209,0.02450,0.12455,0.10700,0.05679,0.06697,0.03156,0.16449,0.03643,0.06614,0.02265,0.03793
0.02390,0.02411,0.03063,0.02254,0.02402,0.03127,0.02329,0.02288,0.02151,0.02196,0.09250,0.13699,0.06275,0.07406,0.03002,0.15900,0.03754,0.10683,0.01965,0.03452
0.03310,0.02493,0.02936,0.02175,0.02577,0.03590,0.03072,0.02167,0.02077,0.02204,0.16699,0.08867,0.04843,0.05737,0.02864,0.19863,0.03666,0.05100,0.02398,0.03363
0.02717,0.02283,0.03338,0.02351,0.02835,0.03412,0.02812,0.02192,0.02419,0.02334,0.14328,0.10420,0.05241,0.05888,0.02782,0.18823,0.03398,0.06749,0.01994,0.03684
0.03120,0.02716,0.04035,0.02893,0.03579,0.04208,0.03433,0.02919,0.02543,0.02781,0.14764,0.09356,0.04532,0.05228,0.02840,0.17739,0.03099,0.04995,0.01971,0.03250
0.03413,0.02832,0.03577,0.02913,0.03095,0.03794,0.02877,0.03011,0.02468,0.02767,0.08305,0.10932,0.05626,0.06571,0.02888,0.14973,0.03491,0.10816,0.02172,0.03480
0.03017,0.02687,0.03499,0.02416,0.02753,0.03591,0.03017,0.02633,0.02485,0.02339,0.12073,0.10782,0.05710,0.06263,0.03115,0.16628,0.03574,0.07887,0.02211,0.03322
0.02502,0.02060,0.03052,0.02194,0.02689,0.03355,0.02632,0.02145,0.02288,0.01980,0.16489,0.09555,0.05122,0.05522,0.03093,0.20345,0.03351,0.06165,0.02046,0.03416
0.03098,0.02672,0.03551,0.02362,0.02966,0.03610,0.03185,0.02469,0.02546,0.02348,0.12119,0.10333,0.05114,0.06011,0.03155,0.18152,0.03011,0.07793,0.02277,0.03229
0.03252,0.02592,0.03729,0.02696,0.03472,0.04406,0.03290,0.02792,0.02546,0.02835,0.11453,0.11359,0.05578,0.06241,0.03539,0.13626,0.03995,0.06042,0.02422,0.04133
0.03167,0.02389,0.03631,0.02601,0.03162,0.03714,0.03188,0.02639,0.02395,0.02616,0.11844,0.10502,0.05363,0.06416,0.02961,0.16976,0.03305,0.07911,0.02027,0.03192
0.02853,0.02532,0.03347,0.02371,0.03153,0.03655,0.03307,0.02744,0.02418,0.02440,0.11974,0.09064,0.05888,0.06429,0.03609,0.16894,0.04052,0.07070,0.02417,0.03784
0.02908,0.02621,0.03639,0.02451,0.03172,0.04024,0.03033,0.02905,0.02418,0.02580,0.14646,0.09132,0.04708,0.05491,0.03102,0.18065,0.03400,0.06250,0.02092,0.03363
0.02957,0.02870,0.03979,0.02682,0.03143,0.04122,0.03113,0.02934,0.02545,0.02729,0.10318,0.10486,0.05587,0.06651,0.03088,0.15185,0.03696,0.08222,0.02234,0.03459
0.02861,0.02907,0.03767,0.02637,0.03114,0.03713,0.03165,0.02451,0.02614,0.02405,0.09285,0.11356,0.06289,0.06261,0.03272,0.14796,0.03999,0.08629,0.02311,0.04166
0.03362,0.03030,0.04117,0.03032,0.03552,0.04101,0.03183,0.02963,0.02685,0.02861,0.12617,0.10067,0.04723,0.05530,0.02797,0.16589,0.03254,0.06474,0.01951,0.03109
0.03146,0.02674,0.03345,0.02531,0.03524,0.03740,0.02832,0.02812,0.02491,0.02793,0.11915,0.11689,0.05479,0.06183,0.03257,0.15421,0.03480,0.06726,0.02174,0.03790
0.02802,0.02845,0.03036,0.02463,0.02662,0.03258,0.02627,0.02140,0.02303,0.02330,0.16557,0.09014,0.04705,0.05256,0.02719,0.20989,0.03196,0.05801,0.01928,0.03368
0.02484,0.02274,0.02907,0.02070,0.02786,0.03204,0.02699,0.01982,0.02025,0.02323,0.14833,0.09824,0.05252,0.06173,0.03080,0.19784,0.03406,0.07145,0.02109,0.03642
0.02660,0.02062,0.02893,0.02220,0.02646,0.03093,0.02601,0.02258,0.02055,0.01961,0.15922,0.08991,0.05201,0.05564,0.02964,0.20647,0.03746,0.07291,0.01959,0.03264
0.02758,0.02642,0.03035,0.02585,0.02871,0.03622,0.02959,0.02530,0.02494,0.02306,0.13112,0.10547,0.05129,0.06089,0.03072,0.18212,0.03146,0.07414,0.02222,0.03256
0.03192,0.02689,0.03452,0.02635,0.02927,0.03759,0.02889,0.02687,0.02596,0.02659,0.12771,0.11119,0.05459,0.06437,0.02973,0.16359,0.03614,0.06242,0.02070,0.03470
0.02670,0.02117,0.03152,0.02352,0.02575,0.03482,0.03109,0.02167,0.02316,0.02188,0.12679,0.10700,0.05425,0.06400,0.02836,0.18229,0.03604,0.08630,0.01947,0.03422
0.02605,0.01977,0.02958,0.02213,0.02645,0.03414,0.03021,0.02304,0.02087,0.02031,0.14816,0.10447,0.05103,0.05933,0.02503,0.20053,0.03338,0.07347,0.01738,0.03468
0.03019,0.03051,0.03480,0.03046,0.03507,0.04667,0.02971,0.03019,0.02854,0.02757,0.12214,0.09875,0.04763,0.06305,0.03612,0.15124,0.03799,0.05804,0.02485,0.03648
0.03078,0.02888,0.03652,0.02598,0.03244,0.03791,0.02639,0.02782,0.02815,0.02778,0.13047,0.10965,0.05174,0.05941,0.03399,0.15655,0.03730,0.05963,0.02283,0.03578
0.03071,0.02496,0.03554,0.02656,0.03461,0.03645,0.03304,0.02273,0.02360,0.02659,0.11113,0.10400,0.05449,0.06119,0.02980,0.16652,0.03737,0.07986,0.02282,0.03803
0.02793,0.02916,0.03187,0.02296,0.02972,0.03559,0.03195,0.02642,0.02258,0.02568,0.13087,0.10441,0.05723,0.06438,0.03220,0.16558,0.03610,0.06294,0.02443,0.03800
0.02370,0.01933,0.02726,0.02030,0.02626,0.03069,0.02471,0.02252,0.02061,0.01941,0.11247,0.12970,0.05842,0.07202,0.02939,0.17626,0.03109,0.10436,0.01859,0.03291
0.03095,0.02778,0.03467,0.02661,0.03048,0.04086,0.03189,0.02596,0.02123,0.02672,0.10986,0.11226,0.05463,0.06497,0.03166,0.16058,0.03875,0.07383,0.02185,0.03447
0.02693,0.02352,0.03387,0.02247,0.02636,0.03479,0.02941,0.02431,0.02138,0.02195,0.10753,0.11366,0.05817,0.06993,0.02819,0.17232,0.03082,0.10116,0.02041,0.03282
0.03228,0.02545,0.03686,0.02635,0.03001,0.03828,0.03511,0.02907,0.02650,0.02526,0.11304,0.11137,0.06218,0.05996,0.02974,0.15084,0.03972,0.06649,0.02572,0.03576
0.02839,0.02786,0.03579,0.02200,0.03236,0.04183,0.03054,0.02424,0.02378,0.02431,0.13746,0.11259,0.05357,0.06345,0.02931,0.16121,0.03292,0.06407,0.02203,0.03230
0.02810,0.02525,0.03257,0.02366,0.02654,0.03864,0.02706,0.02478,0.02567,0.02340,0.15772,0.09358,0.04731,0.05442,0.02724,0.19895,0.03154,0.06498,0.01716,0.03142
0.02523,0.02032,0.03109,0.02106,0.02719,0.03269,0.02557,0.02160,0.02470,0.01944,0.15358,0.09891,0.05239,0.06069,0.02872,0.19187,0.04322,0.06101,0.02365,0.03706
0.02987,0.02469,0.03204,0.02687,0.02945,0.03977,0.03045,0.02549,0.02325,0.02350,0.10515,0.12563,0.06534,0.06888,0.03457,0.13782,0.04432,0.06695,0.02456,0.04143
0.03207,0.03055,0.03897,0.03231,0.03260,0.04019,0.03600,0.03123,0.02947,0.02736,0.08139,0.09601,0.06000,0.06980,0.03465,0.13340,0.03940,0.09014,0.02781,0.03663
0.02984,0.02735,0.03512,0.02406,0.03173,0.03400,0.03240,0.02750,0.02100,0.02631,0.13432,0.09358,0.04913,0.05764,0.03113,0.18334,0.03611,0.07421,0.01967,0.03157
0.03334,0.03185,0.03528,0.03063,0.03277,0.03808,0.03287,0.03006,0.02637,0.02857,0.10133,0.10326,0.05419,0.06746,0.03645,0.14082,0.03542,0.07721,0.02674,0.03730
0.02645,0.02106,0.02792,0.02207,0.02686,0.03299,0.02750,0.02063,0.02043,0.02064,0.14898,0.11417,0.05084,0.06096,0.02845,0.19195,0.02953,0.07463,0.01953,0.03441
0.03109,0.02849,0.04026,0.02771,0.03717,0.04147,0.03203,0.02966,0.02552,0.02517,0.10763,0.10364,0.05469,0.06155,0.02708,0.15713,0.03853,0.07279,0.02081,0.03759
0.02715,0.02614,0.03399,0.02431,0.02625,0.03363,0.03026,0.02496,0.02237,0.02321,0.09667,0.11881,0.05776,0.06920,0.02971,0.16482,0.03297,0.10337,0.02214,0.03230
0.02811,0.02533,0.03256,0.02630,0.03059,0.03648,0.02688,0.02542,0.02533,0.02534,0.14594,0.09706,0.04921,0.05570,0.03105,0.18994,0.03295,0.06184,0.01961,0.03434
0.02340,0.02617,0.03005,0.02288,0.02595,0.03329,0.02502,0.02546,0.02274,0.02288,0.13982,0.09907,0.05019,0.05842,0.02664,0.20203,0.02995,0.09001,0.01730,0.02875
0.02437,0.02215,0.02967,0.02133,0.02338,0.03174,0.02719,0.02426,0.02214,0.02119,0.10838,0.12842,0.06288,0.07340,0.03231,0.15614,0.04084,0.08995,0.02242,0.03786
0.02211,0.02198,0.02522,0.02083,0.02348,0.02867,0.02330,0.01868,0.01953,0.01778,0.10156,0.12247,0.05713,0.07321,0.02561,0.19885,0.02592,0.12683,0.01710,0.02975
0.02810,0.02400,0.03448,0.02972,0.02902,0.03673,0.02886,0.02753,0.02557,0.02671,0.11375,0.12154,0.06050,0.06635,0.03221,0.14384,0.04019,0.06824,0.02494,0.03770
0.02458,0.02175,0.02896,0.02241,0.02601,0.03048,0.02531,0.02135,0.02372,0.02122,0.10473,0.13208,0.05741,0.07046,0.02814,0.17388,0.02678,0.10802,0.01856,0.03415
0.02744,0.02345,0.03414,0.02162,0.02791,0.03420,0.03043,0.02435,0.02422,0.02408,0.11864,0.11416,0.05317,0.06509,0.03127,0.17174,0.03091,0.08761,0.02073,0.03483
0.03100,0.02900,0.03248,0.02843,0.03558,0.03652,0.03122,0.02520,0.02843,0.02393,0.08536,0.12568,0.05429,0.06903,0.02840,0.14629,0.03330,0.09706,0.02099,0.03779
0.02434,0.02143,0.02984,0.02042,0.02871,0.03241,0.02591,0.02145,0.02161,0.02186,0.12024,0.12680,0.05767,0.06719,0.02535,0.17654,0.03122,0.09527,0.01674,0.03498
0.02814,0.02588,0.03395,0.02582,0.02730,0.03484,0.03148,0.02407,0.02422,0.02450,0.10557,0.10141,0.05492,0.06425,0.02859,0.17521,0.03475,0.09907,0.02148,0.03456
0.02899,0.02737,0.03615,0.02340,0.03061,0.03760,0.03139,0.02589,0.02236,0.02349,0.14812,0.08345,0.04740,0.05683,0.02804,0.19667,0.03244,0.06624,0.02207,0.03151
0.03323,0.02919,0.03994,0.02940,0.03717,0.04293,0.03519,0.03059,0.02773,0.03206,0.09390,0.11092,0.05988,0.06468,0.03282,0.13470,0.03836,0.06438,0.02419,0.03875
0.02446,0.02292,0.02925,0.01902,0.02515,0.03039,0.02639,0.02094,0.01981,0.02101,0.18175,0.09208,0.04482,0.05639,0.02516,0.21992,0.03315,0.05799,0.01827,0.03114
0.02351,0.02237,0.02688,0.01917,0.02581,0.02757,0.02545,0.02128,0.02129,0.02015,0.17669,0.09946,0.04577,0.05688,0.02473,0.22034,0.02606,0.06916,0.01815,0.02928
0.02407,0.01928,0.02756,0.01864,0.02489,0.03000,0.02316,0.01890,0.01988,0.01871,0.12403,0.11656,0.05632,0.06685,0.02413,0.20453,0.02782,0.10654,0.01726,0.03085
0.03099,0.02395,0.03513,0.02368,0.03480,0.04159,0.02712,0.02803,0.02482,0.02447,0.12687,0.09364,0.05788,0.05982,0.03011,0.16943,0.03953,0.06997,0.02207,0.03612
0.03619,0.03463,0.04099,0.03134,0.03458,0.04675,0.03450,0.03428,0.02846,0.02752,0.09543,0.11914,0.05763,0.06396,0.02999,0.12196,0.03558,0.06823,0.02111,0.03773
0.02576,0.02463,0.03152,0.02271,0.02600,0.02923,0.02424,0.02359,0.02117,0.02237,0.10602,0.11308,0.05600,0.07284,0.03259,0.17825,0.03304,0.09926,0.02267,0.03504
0.02603,0.02312,0.03184,0.02092,0.02618,0.03388,0.02598,0.02294,0.02376,0.02048,0.13561,0.10033,0.05107,0.06280,0.02654,0.20312,0.03272,0.08483,0.01778,0.03007
0.02172,0.01992,0.02643,0.01822,0.02162,0.02734,0.02281,0.01908,0.01694,0.01898,0.16643,0.09881,0.04996,0.05821,0.02613,0.22770,0.02832,0.08396,0.01861,0.02882
0.02795,0.02610,0.03385,0.02367,0.02510,0.03763,0.02870,0.02464,0.02269,0.02519,0.09770,0.11552,0.06008,0.06854,0.03038,0.16456,0.03342,0.09926,0.01998,0.03506
0.02369,0.02132,0.02752,0.02134,0.02334,0.03091,0.02632,0.02031,0.01979,0.01906,0.16920,0.09526,0.05145,0.05505,0.02727,0.21471,0.03340,0.06496,0.02143,0.03368
0.02244,0.01969,0.02649,0.02071,0.02404,0.02770,0.02337,0.01965,0.01973,0.01997,0.15537,0.09963,0.05179,0.05880,0.02522,0.21860,0.02724,0.08821,0.01914,0.03220
0.02951,0.02764,0.03141,0.02780,0.03448,0.04072,0.02819,0.02619,0.02358,0.02453,0.12361,0.10383,0.05293,0.06008,0.03153,0.16389,0.03513,0.07515,0.02171,0.03809
0.02569,0.02408,0.03287,0.02052,0.02919,0.03646,0.02633,0.02615,0.02393,0.02371,0.10898,0.13698,0.06229,0.07063,0.03264,0.14642,0.03652,0.07467,0.02299,0.03894
0.02653,0.02145,0.03246,0.02492,0.02947,0.03395,0.02705,0.02517,0.02605,0.02124,0.13216,0.10150,0.04793,0.06093,0.02687,0.19584,0.03374,0.08202,0.01834,0.03239
0.02961,0.02377,0.03243,0.02341,0.02729,0.03545,0.02889,0.02476,0.02419,0.02245,0.15225,0.08502,0.05050,0.05582,0.03005,0.19933,0.03546,0.06275,0.02397,0.03260
0.02954,0.02336,0.03295,0.02577,0.02829,0.03721,0.02556,0.02463,0.02195,0.02446,0.13974,0.10658,0.05205,0.05823,0.02938,0.18198,0.03363,0.07016,0.01998,0.03453
0.03409,0.03124,0.04096,0.03202,0.03524,0.04423,0.03536,0.03070,0.02809,0.02880,0.11281,0.09946,0.05059,0.05641,0.03242,0.14383,0.03289,0.07120,0.02368,0.03598
0.03000,0.02667,0.03716,0.02680,0.02847,0.04159,0.03023,0.02522,0.02557,0.02502,0.12247,0.10428,0.05283,0.06415,0.02954,0.15938,0.04178,0.06884,0.02257,0.03742
0.03136,0.02718,0.03773,0.02497,0.03035,0.03789,0.03055,0.03106,0.02281,0.02459,0.15315,0.08543,0.04815,0.05175,0.02830,0.19387,0.03274,0.05165,0.02227,0.03420
0.02873,0.02447,0.03212,0.02788,0.02872,0.03404,0.02955,0.02548,0.02419,0.02527,0.12105,0.11663,0.05473,0.06793,0.03257,0.15932,0.03465,0.07435,0.02259,0.03573
0.02730,0.02365,0.03255,0.02449,0.02806,0.03525,0.02735,0.02360,0.02224,0.02095,0.13340,0.10131,0.05104,0.06180,0.02625,0.19368,0.03306,0.08317,0.01967,0.03118
0.02872,0.02442,0.03640,0.02456,0.02891,0.03664,0.02762,0.02358,0.02237,0.02278,0.14409,0.09900,0.04746,0.05836,0.02407,0.19456,0.03024,0.07595,0.01816,0.03212
0.02866,0.02437,0.03332,0.02465,0.02806,0.03579,0.02881,0.02511,0.02514,0.02514,0.10571,0.10302,0.05547,0.06529,0.02574,0.18208,0.02924,0.10278,0.02032,0.03129
0.02903,0.02703,0.03819,0.02715,0.03594,0.04013,0.03191,0.02837,0.02538,0.02573,0.11424,0.10709,0.05338,0.06000,0.02933,0.15384,0.04048,0.07050,0.02598,0.03629
0.02983,0.02692,0.03340,0.02557,0.03059,0.03952,0.02820,0.02330,0.02325,0.02384,0.17702,0.08325,0.04314,0.04975,0.02498,0.20931,0.03146,0.04751,0.01908,0.03008
0.03203,0.02746,0.03661,0.02328,0.03053,0.03774,0.03465,0.02750,0.02795,0.02680,0.09794,0.11431,0.06105,0.06700,0.03775,0.13735,0.04312,0.07224,0.02460,0.04009
0.02397,0.02203,0.03130,0.02222,0.02471,0.03138,0.02392,0.02024,0.01950,0.02365,0.16370,0.09746,0.04283,0.05612,0.02484,0.22474,0.02658,0.07322,0.01733,0.03025
0.02557,0.02283,0.03214,0.02334,0.02684,0.03421,0.02585,0.02693,0.02350,0.02351,0.14279,0.09313,0.04936,0.06230,0.02974,0.19974,0.03518,0.06820,0.02130,0.03356
0.02694,0.02345,0.02935,0.02480,0.02724,0.03233,0.02591,0.02310,0.02260,0.02476,0.13666,0.11106,0.05858,0.06697,0.03375,0.17129,0.03684,0.06823,0.02001,0.03612
0.02774,0.02274,0.02917,0.02292,0.02473,0.03533,0.03008,0.02404,0.02185,0.02339,0.12088,0.11098,0.05030,0.06419,0.02827,0.18547,0.03302,0.09471,0.01929,0.03090
0.03211,0.02716,0.03319,0.02889,0.03251,0.03861,0.03161,0.02759,0.02675,0.02521,0.09187,0.09924,0.04953,0.06400,0.02794,0.17416,0.03019,0.10736,0.02168,0.03040
0.02486,0.01957,0.02617,0.01988,0.02231,0.03158,0.02358,0.02214,0.02052,0.01890,0.18950,0.09165,0.04829,0.05286,0.02472,0.22468,0.03131,0.05809,0.01878,0.03061
0.02641,0.02045,0.02727,0.02099,0.02521,0.03349,0.02643,0.02172,0.02264,0.02138,0.17090,0.08952,0.05154,0.06044,0.03077,0.20573,0.03336,0.05459,0.02179,0.03536
0.02634,0.02604,0.03118,0.02517,0.02815,0.03621,0.02997,0.02665,0.02289,0.02473,0.15579,0.08984,0.04737,0.05644,0.02841,0.19465,0.03732,0.05614,0.02064,0.03607
0.02569,0.02137,0.02937,0.02104,0.02305,0.02745,0.02588,0.02146,0.02217,0.02046,0.15222,0.10449,0.04831,0.06116,0.02788,0.20354,0.02876,0.08256,0.01941,0.03373
0.02100,0.01772,0.02282,0.01550,0.01971,0.02634,0.02147,0.01772,0.01606,0.01705,0.21403,0.07775,0.04046,0.04623,0.02181,0.27116,0.02530,0.06719,0.01599,0.02470
0.02658,0.02333,0.02724,0.02285,0.02462,0.02983,0.02545,0.02323,0.02382,0.01879,0.16648,0.09363,0.04812,0.05348,0.02690,0.21610,0.03037,0.06648,0.01975,0.03296
0.03093,0.02866,0.03606,0.02606,0.03025,0.03818,0.03044,0.02683,0.02620,0.02517,0.09046,0.11835,0.05463,0.06447,0.03163,0.14800,0.03762,0.09229,0.02451,0.03928
0.02447,0.02059,0.02998,0.02021,0.02642,0.03295,0.02346,0.02152,0.02120,0.02143,0.17855,0.09738,0.04656,0.05746,0.02756,0.21821,0.02700,0.05488,0.01770,0.03248
0.03014,0.02293,0.03216,0.02440,0.02915,0.03649,0.02952,0.02773,0.02515,0.02265,0.13935,0.10691,0.04999,0.06128,0.02883,0.17524,0.03410,0.06590,0.02089,0.03721
0.02482,0.02134,0.02624,0.01925,0.02344,0.02791,0.02786,0.02101,0.02030,0.01932,0.14971,0.12128,0.05548,0.06429,0.02885,0.18153,0.03676,0.07440,0.01874,0.03748
0.03979,0.02968,0.04480,0.03085,0.03548,0.04314,0.03640,0.03301,0.03095,0.03017,0.09912,0.10149,0.04963,0.06472,0.03642,0.12363,0.03878,0.06541,0.02650,0.04000
0.03050,0.02477,0.03575,0.02495,0.02848,0.03533,0.02922,0.02276,0.02280,0.02189,0.10325,0.11722,0.05783,0.06672,0.03406,0.16392,0.03761,0.08309,0.02373,0.03611
0.02461,0.02353,0.03338,0.02676,0.02968,0.03451,0.02716,0.02481,0.02449,0.02595,0.10055,0.11857,0.05527,0.06875,0.02938,0.17141,0.03089,0.09649,0.02121,0.03260
0.02918,0.02466,0.03331,0.02599,0.03020,0.03926,0.02903,0.02580,0.02212,0.02328,0.15483,0.11624,0.05036,0.05805,0.03106,0.17043,0.03095,0.04805,0.01979,0.03741
0.03108,0.02712,0.03594,0.02566,0.03558,0.03859,0.02873,0.02755,0.02582,0.02764,0.11576,0.11605,0.05274,0.06445,0.02510,0.15900,0.03181,0.07683,0.01948,0.03508
0.02353,0.02073,0.03023,0.02128,0.02445,0.03051,0.02414,0.02199,0.02069,0.02174,0.17985,0.08309,0.04420,0.05015,0.02398,0.23707,0.02853,0.06752,0.01810,0.02821
0.02956,0.02207,0.03314,0.02394,0.02841,0.03514,0.02920,0.02452,0.02175,0.02429,0.13774,0.10848,0.05631,0.06273,0.03025,0.17798,0.03347,0.05972,0.02337,0.03793
0.03967,0.03141,0.04182,0.02962,0.03828,0.04441,0.03704,0.03213,0.02818,0.03058,0.12204,0.08925,0.04852,0.05756,0.03000,0.15328,0.03520,0.05448,0.02065,0.03585
0.02401,0.02175,0.03098,0.02309,0.02481,0.03266,0.02441,0.01995,0.02185,0.01975,0.22217,0.06884,0.03825,0.04292,0.02523,0.25112,0.02675,0.03403,0.01704,0.03038
0.02996,0.02830,0.03487,0.02836,0.03414,0.03571,0.03274,0.02933,0.02633,0.03102,0.12431,0.10339,0.05516,0.06265,0.03146,0.15537,0.03727,0.06233,0.02180,0.03550
0.02931,0.02703,0.03525,0.02554,0.03062,0.03750,0.02785,0.02582,0.02456,0.02475,0.11518,0.10225,0.05478,0.06122,0.02606,0.17395,0.03636,0.08812,0.01931,0.03456
0.02533,0.02555,0.03228,0.02650,0.02704,0.03393,0.02869,0.02340,0.02414,0.02455,0.16535,0.09345,0.04765,0.05297,0.02797,0.20133,0.03162,0.05606,0.02058,0.03159
0.03155,0.02962,0.03622,0.02872,0.03306,0.04007,0.03131,0.02844,0.02833,0.02630,0.08313,0.11339,0.05912,0.06820,0.02923,0.14520,0.03241,0.09798,0.02395,0.03377
0.02914,0.02430,0.03220,0.02354,0.02581,0.03185,0.02616,0.02275,0.02397,0.01905,0.12368,0.10527,0.05439,0.06695,0.02892,0.18479,0.03156,0.09373,0.01924,0.03271
0.02758,0.02910,0.03149,0.02407,0.02893,0.03667,0.03074,0.02137,0.02113,0.02241,0.17403,0.08565,0.04351,0.05154,0.02673,0.20768,0.02825,0.05476,0.02130,0.03307
0.03119,0.02549,0.03800,0.02689,0.03089,0.04190,0.03724,0.03329,0.02925,0.02779,0.11784,0.10879,0.05363,0.06080,0.03758,0.14369,0.03861,0.05167,0.02639,0.03908
0.02881,0.02399,0.03318,0.02295,0.02913,0.03412,0.02830,0.02398,0.02484,0.02355,0.14557,0.09918,0.05256,0.06556,0.03099,0.17720,0.03838,0.05908,0.02421,0.03442
0.02529,0.02439,0.02914,0.02128,0.02566,0.03168,0.02522,0.02237,0.02300,0.02384,0.13943,0.11275,0.05280,0.06545,0.02644,0.19143,0.03013,0.07557,0.02094,0.03317
0.03494,0.02848,0.04102,0.03005,0.03755,0.04268,0.03393,0.03502,0.03482,0.03048,0.12403,0.08425,0.04287,0.05807,0.03264,0.16240,0.03562,0.05187,0.02105,0.03824
0.03112,0.02645,0.04156,0.02857,0.02988,0.03696,0.03788,0.02958,0.03207,0.02868,0.14787,0.08181,0.04271,0.05215,0.03412,0.17839,0.03479,0.05165,0.02071,0.03302
0.02713,0.02618,0.02974,0.02368,0.02660,0.03429,0.02958,0.02832,0.02192,0.02387,0.11889,0.11876,0.05317,0.06514,0.03031,0.17022,0.03470,0.08391,0.02008,0.03350
