0.25737,0.22870,0.01033,0.01086,0.02555,0.04631,0.38872,0.00325,0.00493,0.02398
0.01246,0.01692,0.00843,0.00900,0.01430,0.36755,0.19213,0.00807,0.01090,0.36024
0.16101,0.09776,0.01913,0.02763,0.16299,0.01315,0.45256,0.00686,0.01620,0.04271
0.01906,0.01408,0.01158,0.01534,0.02123,0.16775,0.53170,0.01825,0.00727,0.19375
0.16938,0.17435,0.01737,0.01124,0.00749,0.05520,0.46376,0.01308,0.03759,0.05054
0.04970,0.07286,0.03013,0.01434,0.02064,0.03014,0.64502,0.01862,0.07800,0.04054
0.01668,0.51936,0.03680,0.02156,0.03105,0.03840,0.24803,0.02157,0.00919,0.05735
0.13505,0.25557,0.02840,0.01147,0.16417,0.00799,0.34050,0.01878,0.02213,0.01595
0.61354,0.02190,0.08874,0.00907,0.13426,0.01634,0.08422,0.00931,0.00848,0.01414
0.05340,0.04854,0.39873,0.01200,0.41951,0.00601,0.04115,0.00508,0.01064,0.00493
0.17098,0.19834,0.02073,0.10496,0.03425,0.03443,0.36915,0.01590,0.01296,0.03829
0.03748,0.11270,0.01073,0.08429,0.04545,0.01467,0.63187,0.01441,0.01925,0.02915
0.02339,0.01471,0.00927,0.00952,0.02367,0.03606,0.82530,0.01973,0.01080,0.02755
0.01984,0.01206,0.01829,0.01096,0.01182,0.01221,0.77292,0.01038,0.05942,0.07209
0.03934,0.01685,0.28902,0.01155,0.33388,0.03022,0.19157,0.06575,0.00430,0.01752
0.02382,0.04433,0.01857,0.04576,0.03206,0.02485,0.76297,0.00913,0.01727,0.02123
0.04047,0.04334,0.30033,0.01314,0.01566,0.04044,0.48543,0.01545,0.01713,0.02860
0.05417,0.11046,0.00254,0.00757,0.09673,0.01723,0.67247,0.01864,0.00756,0.01263
0.04861,0.04487,0.01518,0.01577,0.42645,0.01554,0.04512,0.37337,0.00294,0.01215
0.09186,0.25388,0.01675,0.25304,0.01952,0.02082,0.23734,0.03510,0.05682,0.01487
0.03570,0.03250,0.07484,0.03160,0.02506,0.02536,0.71328,0.01259,0.02628,0.02280
0.06186,0.27383,0.01319,0.24308,0.06398,0.01348,0.29506,0.01509,0.00748,0.01294
0.01255,0.00832,0.00373,0.00520,0.00797,0.00441,0.93973,0.00275,0.01016,0.00518
0.06035,0.07588,0.01559,0.02061,0.04049,0.04339,0.67609,0.00804,0.01874,0.04082
0.17705,0.40242,0.01372,0.01507,0.02121,0.09124,0.16069,0.01141,0.01738,0.08981
0.74180,0.04065,0.01695,0.00580,0.02308,0.07050,0.02558,0.01273,0.01211,0.05082
0.02044,0.00733,0.01528,0.01452,0.01840,0.02636,0.78945,0.07376,0.01813,0.01631
0.04647,0.05912,0.00847,0.00813,0.08280,0.01078,0.68199,0.00999,0.00966,0.08260
0.02743,0.09198,0.01252,0.04845,0.03214,0.01471,0.73942,0.01074,0.01047,0.01213
0.06085,0.09185,0.01143,0.01478,0.05950,0.03053,0.61790,0.02609,0.05251,0.03456
0.00649,0.00933,0.00737,0.01122,0.01148,0.02709,0.87178,0.01493,0.00584,0.03449
0.03320,0.02406,0.03047,0.01496,0.02254,0.40071,0.04091,0.02406,0.01914,0.38996
0.12141,0.13328,0.02886,0.01408,0.13505,0.02452,0.47177,0.03812,0.01767,0.01524
0.02139,0.03616,0.01831,0.01779,0.03964,0.02235,0.72589,0.04640,0.04037,0.03169
0.17596,0.20732,0.05159,0.14137,0.08844,0.01886,0.27403,0.01870,0.01153,0.01220
0.25218,0.24107,0.03200,0.00965,0.02069,0.03372,0.36739,0.01183,0.01186,0.01961
0.04157,0.04997,0.00537,0.05174,0.08643,0.00538,0.71037,0.00773,0.03088,0.01058
0.07972,0.09695,0.01505,0.04696,0.02855,0.04012,0.61315,0.02004,0.02050,0.03897
0.15865,0.17478,0.01595,0.01068,0.01062,0.01605,0.54021,0.02939,0.02417,0.01951
0.45516,0.38601,0.00342,0.05345,0.01888,0.00859,0.03328,0.00409,0.01081,0.02631
0.27616,0.04086,0.01346,0.01251,0.22387,0.03033,0.29597,0.07473,0.01621,0.01589
0.25001,0.29693,0.00785,0.01731,0.27960,0.01131,0.02958,0.01273,0.03584,0.05884
0.01071,0.70436,0.00601,0.00740,0.00686,0.00539,0.22873,0.01419,0.00745,0.00890
0.01837,0.01107,0.01280,0.01347,0.01728,0.05374,0.81148,0.00771,0.01510,0.03898
0.13245,0.30623,0.03662,0.01689,0.27129,0.00779,0.19068,0.00563,0.00544,0.02697
0.04286,0.05716,0.01364,0.00977,0.05085,0.01105,0.73707,0.03933,0.01374,0.02455
0.01200,0.03504,0.01942,0.01157,0.01938,0.06597,0.62399,0.08108,0.06005,0.07150
0.11433,0.03969,0.40733,0.11081,0.05084,0.01282,0.19790,0.00628,0.03155,0.02845
0.05963,0.02045,0.01264,0.01525,0.03507,0.02056,0.74817,0.05004,0.01523,0.02296
0.26592,0.23225,0.02044,0.00641,0.20323,0.01256,0.19140,0.03791,0.00805,0.02183
0.50938,0.05506,0.03875,0.02842,0.03646,0.04100,0.17315,0.02094,0.02141,0.07543
0.22190,0.15010,0.04734,0.06823,0.22028,0.01204,0.24897,0.01078,0.00995,0.01040
0.04403,0.02197,0.02327,0.01111,0.01857,0.41561,0.03353,0.01739,0.00530,0.40922
0.21185,0.17957,0.29950,0.00964,0.01663,0.06320,0.11549,0.02865,0.00858,0.06690
0.08651,0.04052,0.03103,0.00694,0.14971,0.01147,0.57463,0.01967,0.01963,0.05989
0.13596,0.35713,0.00954,0.01488,0.34277,0.00825,0.05949,0.00666,0.04350,0.02182
0.14124,0.46901,0.00813,0.01403,0.01463,0.01719,0.28943,0.00726,0.00776,0.03133
0.31366,0.27505,0.04142,0.03236,0.08273,0.00975,0.20160,0.01061,0.01628,0.01654
0.16545,0.17044,0.00559,0.01549,0.06184,0.01973,0.47524,0.05625,0.01370,0.01628
0.14578,0.06152,0.03056,0.01938,0.03004,0.02444,0.62376,0.01522,0.01485,0.03445
0.00994,0.00412,0.03864,0.01174,0.00633,0.01488,0.79127,0.01849,0.06520,0.03940
0.38053,0.36478,0.05093,0.01411,0.03264,0.06938,0.05095,0.01632,0.01065,0.00970
0.05778,0.04961,0.28641,0.00867,0.04072,0.02934,0.43570,0.08191,0.00339,0.00647
0.59538,0.02128,0.03550,0.02296,0.08129,0.00894,0.20291,0.01491,0.00853,0.00829
0.03266,0.01883,0.04480,0.01251,0.03598,0.02881,0.74511,0.04562,0.01992,0.01576
0.08681,0.10691,0.02953,0.00867,0.01152,0.12416,0.56793,0.04140,0.00661,0.01647
0.05818,0.63135,0.03612,0.04058,0.04263,0.01765,0.13533,0.00820,0.01258,0.01737
0.00648,0.02946,0.02255,0.02129,0.00796,0.20252,0.50237,0.01465,0.00946,0.18327
0.02415,0.05490,0.00512,0.03622,0.04810,0.01187,0.67936,0.03435,0.07337,0.03255
0.04459,0.21010,0.01593,0.01178,0.01993,0.03085,0.60683,0.01314,0.02217,0.02467
0.11978,0.03472,0.11971,0.03188,0.10459,0.01323,0.49928,0.03075,0.01631,0.02976
0.83900,0.00665,0.00843,0.00981,0.01185,0.01736,0.06583,0.02298,0.00509,0.01299
0.39799,0.40355,0.00869,0.01187,0.01452,0.01055,0.12194,0.01091,0.00662,0.01335
0.07185,0.02458,0.00940,0.01197,0.03386,0.03756,0.65463,0.06270,0.02622,0.06723
0.11038,0.03998,0.00616,0.01156,0.06359,0.03473,0.66985,0.02919,0.01411,0.02045
0.15279,0.03947,0.06455,0.04879,0.06539,0.02293,0.55658,0.01155,0.01043,0.02752
0.03240,0.04041,0.02535,0.01996,0.02085,0.17720,0.44894,0.06103,0.02516,0.14871
0.02370,0.03492,0.02552,0.02818,0.00752,0.03090,0.77482,0.01293,0.01658,0.04492
0.40636,0.25748,0.02087,0.01530,0.17853,0.00759,0.05041,0.02137,0.03058,0.01152
0.02583,0.02937,0.00527,0.02547,0.01924,0.01931,0.80332,0.01978,0.01184,0.04056
0.10226,0.03295,0.01660,0.00430,0.11260,0.01675,0.56478,0.02038,0.01180,0.11757
0.11535,0.11921,0.02015,0.03987,0.01426,0.05891,0.54591,0.01648,0.01781,0.05205
0.15235,0.13351,0.01426,0.01991,0.11450,0.02688,0.45691,0.02842,0.00774,0.04552
0.03308,0.03052,0.01894,0.02963,0.01373,0.02831,0.63147,0.06305,0.10357,0.04768
0.12386,0.02729,0.10718,0.01980,0.16126,0.03551,0.41268,0.02389,0.03801,0.05053
0.11809,0.08793,0.09197,0.04320,0.06436,0.01715,0.52469,0.01601,0.01589,0.02072
0.62543,0.08132,0.01248,0.03333,0.02900,0.01781,0.16668,0.00802,0.01095,0.01498
0.02069,0.01359,0.00922,0.03204,0.01060,0.09065,0.60373,0.01687,0.07423,0.12839
0.04294,0.02129,0.01169,0.00416,0.00923,0.01577,0.86305,0.00632,0.01027,0.01526
0.04627,0.02122,0.03400,0.09656,0.02632,0.24849,0.22425,0.01390,0.02160,0.26738
0.69288,0.01839,0.02144,0.02357,0.02514,0.00630,0.12401,0.02136,0.05061,0.01631
0.01900,0.01359,0.01321,0.01812,0.01574,0.01331,0.84816,0.02322,0.00883,0.02682
0.04008,0.02469,0.00907,0.00670,0.01220,0.00935,0.83016,0.03581,0.01263,0.01932
0.22645,0.10387,0.04360,0.03359,0.07921,0.02872,0.39528,0.05646,0.01649,0.01632
0.45614,0.05196,0.03035,0.02180,0.38489,0.00630,0.02621,0.00631,0.00496,0.01107
0.02424,0.01643,0.02780,0.01733,0.03101,0.02935,0.70509,0.01895,0.09464,0.03518
0.02592,0.04034,0.10385,0.03870,0.10854,0.23840,0.16744,0.01183,0.00873,0.25624
0.04656,0.03691,0.02301,0.01088,0.02806,0.04186,0.74565,0.01511,0.00906,0.04290
0.01259,0.80951,0.01135,0.00868,0.02208,0.01775,0.08132,0.02008,0.00512,0.01152
0.05568,0.02724,0.02427,0.01271,0.02612,0.13602,0.52981,0.03778,0.01914,0.13124
0.40329,0.38671,0.05282,0.01531,0.03115,0.01193,0.05753,0.00665,0.02510,0.00951
0.01995,0.01870,0.01925,0.01564,0.01900,0.02869,0.81613,0.02338,0.01625,0.02300
0.01290,0.06608,0.03800,0.04563,0.00984,0.15119,0.48515,0.00903,0.03656,0.14562
0.01963,0.01771,0.04144,0.00810,0.00930,0.08837,0.65925,0.01206,0.01145,0.13269
0.07574,0.18578,0.06489,0.04595,0.03622,0.03982,0.50257,0.01038,0.01704,0.02162
0.10293,0.11007,0.01246,0.03609,0.07718,0.02243,0.54439,0.03434,0.04262,0.01749
0.18303,0.13298,0.02557,0.01715,0.14974,0.01578,0.38069,0.01466,0.00745,0.07294
0.04675,0.00807,0.01670,0.01407,0.02359,0.03274,0.76944,0.04444,0.02536,0.01885
0.00952,0.16535,0.03806,0.02498,0.02715,0.29698,0.10196,0.03220,0.01401,0.28980
0.10711,0.21806,0.37527,0.01013,0.19205,0.01512,0.03058,0.02346,0.01062,0.01759
0.12659,0.03144,0.00761,0.00951,0.13580,0.28734,0.11992,0.01077,0.00655,0.26449
0.02138,0.05258,0.36366,0.00668,0.01455,0.06673,0.36845,0.02992,0.01707,0.05899
0.07234,0.06997,0.00811,0.02996,0.02456,0.12196,0.55035,0.01398,0.01258,0.09619
0.56231,0.01856,0.01795,0.04143,0.05527,0.00496,0.24111,0.02138,0.00795,0.02909
0.03856,0.05103,0.21888,0.01369,0.18704,0.18696,0.07791,0.02620,0.02593,0.17381
0.03445,0.06020,0.05060,0.04497,0.05097,0.29115,0.15341,0.02154,0.02084,0.27187
0.04797,0.02052,0.01440,0.00938,0.01533,0.00955,0.77068,0.02372,0.04866,0.03979
0.42351,0.00777,0.01167,0.01781,0.40066,0.02218,0.06546,0.00946,0.00523,0.03625
0.07835,0.08019,0.02127,0.03519,0.02935,0.02570,0.68622,0.01006,0.00959,0.02409
0.08422,0.34744,0.07519,0.01812,0.34416,0.01258,0.06623,0.00963,0.02463,0.01777
0.02550,0.01761,0.02267,0.01858,0.01497,0.04366,0.80344,0.01720,0.01443,0.02194
0.02469,0.02088,0.01438,0.00828,0.02413,0.01692,0.63998,0.09993,0.06448,0.08632
0.21554,0.03679,0.02762,0.07074,0.23904,0.01126,0.35196,0.01422,0.02043,0.01239
0.14547,0.17468,0.01256,0.09500,0.06641,0.05919,0.33632,0.01454,0.01702,0.07883
0.05111,0.06403,0.02903,0.01036,0.01762,0.07569,0.51753,0.01804,0.06436,0.15223
0.01731,0.01361,0.01107,0.00538,0.01377,0.01255,0.87260,0.01524,0.00276,0.03570
0.24509,0.09366,0.01116,0.00560,0.21150,0.00771,0.38693,0.01039,0.01258,0.01538
0.13490,0.05160,0.00721,0.00978,0.04137,0.02405,0.69039,0.00986,0.00960,0.02124
0.57308,0.12925,0.03690,0.02265,0.03532,0.05457,0.06924,0.01687,0.02385,0.03827
0.15929,0.05839,0.03691,0.01561,0.10831,0.02650,0.56282,0.01144,0.00978,0.01095
0.11750,0.01644,0.02713,0.01090,0.07576,0.22634,0.18167,0.03258,0.01274,0.29894
0.03979,0.02307,0.01780,0.00820,0.02225,0.01042,0.82285,0.01505,0.02292,0.01766
0.03343,0.57972,0.00921,0.00635,0.01044,0.00638,0.32575,0.00400,0.00618,0.01855
0.23999,0.13605,0.01857,0.01270,0.02241,0.02029,0.38131,0.00759,0.00892,0.15217
0.04146,0.29009,0.01038,0.28333,0.06032,0.07860,0.12724,0.00848,0.01334,0.08676
0.12543,0.05618,0.02995,0.03451,0.09941,0.14884,0.31422,0.01622,0.02498,0.15027
0.32048,0.02700,0.01329,0.01719,0.29001,0.03256,0.24147,0.02605,0.01725,0.01470
0.35040,0.36676,0.04920,0.01900,0.04167,0.02438,0.04082,0.02315,0.05240,0.03222
0.33000,0.22537,0.07516,0.06563,0.09631,0.03826,0.05505,0.01988,0.04175,0.05260
0.10285,0.02907,0.02293,0.01036,0.07843,0.00999,0.69763,0.01309,0.01630,0.01934
0.20077,0.18265,0.11215,0.02021,0.04519,0.16360,0.08349,0.01295,0.01869,0.16029
0.15333,0.17513,0.03759,0.04392,0.01131,0.07591,0.40278,0.00918,0.01616,0.07469
0.07321,0.17824,0.01000,0.14345,0.01320,0.00824,0.52705,0.03024,0.01117,0.00521
0.02552,0.02491,0.01820,0.01857,0.01203,0.03954,0.79721,0.02513,0.01212,0.02678
0.18402,0.16042,0.00576,0.02101,0.01708,0.01319,0.55336,0.00907,0.01513,0.02098
0.01382,0.02004,0.01622,0.00552,0.01014,0.01074,0.90088,0.00683,0.00690,0.00890
0.01290,0.03428,0.00630,0.02092,0.02060,0.04855,0.79017,0.01445,0.01568,0.03615
0.02905,0.20970,0.02065,0.00966,0.01086,0.01212,0.63932,0.00825,0.03572,0.02466
0.42601,0.08542,0.01738,0.01181,0.37712,0.02329,0.02400,0.00971,0.00888,0.01639
0.27518,0.11155,0.30793,0.01402,0.09541,0.01717,0.15053,0.01138,0.01149,0.00534
0.03155,0.01280,0.01686,0.00930,0.01301,0.01646,0.84244,0.01031,0.03047,0.01679
0.04473,0.54779,0.08324,0.02526,0.03119,0.01227,0.18752,0.01064,0.01341,0.04397
0.36926,0.35857,0.02419,0.01253,0.03703,0.01295,0.13540,0.01967,0.01120,0.01921
0.07025,0.07739,0.03819,0.02138,0.03252,0.17206,0.37030,0.00956,0.02553,0.18281
0.10647,0.14661,0.02520,0.01908,0.08371,0.04133,0.50809,0.02571,0.01915,0.02465
0.07506,0.04252,0.01019,0.02055,0.02721,0.01448,0.73372,0.02104,0.03474,0.02050
0.07173,0.04772,0.08759,0.01445,0.11655,0.26252,0.13364,0.00755,0.00519,0.25307
0.01862,0.00979,0.01283,0.00787,0.01164,0.04535,0.70310,0.06159,0.01114,0.11806
0.01707,0.01761,0.02878,0.00645,0.01791,0.08262,0.71448,0.01098,0.01219,0.09193
0.31185,0.29328,0.03139,0.01131,0.02065,0.01352,0.26759,0.01139,0.01829,0.02073
0.19956,0.15319,0.00988,0.05613,0.05266,0.03044,0.40576,0.01943,0.05894,0.01402
0.02794,0.02526,0.07756,0.00744,0.03726,0.01362,0.72278,0.00796,0.05417,0.02600
0.09813,0.24187,0.10401,0.07374,0.01415,0.09820,0.24696,0.00463,0.00877,0.10954
0.04103,0.54569,0.01201,0.00992,0.01483,0.02173,0.31010,0.01085,0.01897,0.01485
0.08423,0.08602,0.00609,0.00849,0.00664,0.34994,0.10407,0.01088,0.00780,0.33584
0.04605,0.01111,0.03037,0.00593,0.11403,0.01668,0.73023,0.00672,0.01045,0.02843
0.39121,0.05266,0.01796,0.01252,0.38693,0.01730,0.07753,0.01992,0.00646,0.01751
0.14830,0.10168,0.22469,0.02852,0.03446,0.14885,0.07719,0.02761,0.02860,0.18011
0.06121,0.38715,0.01925,0.01633,0.37486,0.02294,0.07794,0.00738,0.00694,0.02600
0.03410,0.02345,0.01681,0.00616,0.44786,0.02117,0.02873,0.40614,0.00472,0.01086
0.05771,0.02648,0.01359,0.02698,0.07238,0.00832,0.72480,0.01799,0.03323,0.01851
0.35767,0.28565,0.04494,0.01998,0.08916,0.02579,0.12118,0.00899,0.01358,0.03305
0.02606,0.01673,0.00304,0.00383,0.00847,0.01970,0.84002,0.01519,0.01323,0.05374
0.04131,0.52787,0.00857,0.00871,0.01500,0.00607,0.36439,0.00573,0.01333,0.00901
0.02632,0.03233,0.02758,0.04493,0.02089,0.01816,0.74259,0.01768,0.02851,0.04101
0.05649,0.06011,0.05647,0.01870,0.16657,0.16824,0.28905,0.02428,0.01609,0.14401
0.33674,0.33974,0.00255,0.01389,0.02285,0.05506,0.15651,0.03457,0.01125,0.02685
0.21240,0.21135,0.00715,0.01610,0.02318,0.14052,0.22686,0.01663,0.01765,0.12816
0.02648,0.03076,0.42199,0.01069,0.06045,0.09608,0.25565,0.05449,0.00806,0.03534
0.04043,0.03233,0.01311,0.00352,0.02245,0.01270,0.82366,0.03397,0.00627,0.01156
0.37282,0.09599,0.03608,0.02531,0.01980,0.00845,0.36590,0.01269,0.04949,0.01347
0.23765,0.03129,0.04225,0.01323,0.04348,0.25221,0.12159,0.00636,0.00622,0.24572
0.02852,0.02093,0.00727,0.00997,0.01740,0.08337,0.72764,0.01874,0.00881,0.07736
0.02134,0.00814,0.00800,0.00928,0.00665,0.01341,0.85660,0.05900,0.00908,0.00850
0.02502,0.02793,0.03054,0.03861,0.01920,0.02570,0.75863,0.01066,0.02914,0.03455
0.02782,0.01131,0.01830,0.01277,0.01030,0.01722,0.82849,0.00717,0.04699,0.01962
0.07980,0.12676,0.02750,0.02326,0.10660,0.04115,0.43407,0.03472,0.05757,0.06856
0.03756,0.82809,0.00958,0.00665,0.02120,0.04707,0.01528,0.00660,0.00331,0.02466
0.01423,0.02221,0.04641,0.05455,0.01343,0.01948,0.73615,0.02996,0.04895,0.01464
0.05755,0.03429,0.03604,0.00565,0.01640,0.00862,0.75620,0.01313,0.04355,0.02858
0.02938,0.01891,0.00503,0.00939,0.01917,0.08713,0.69435,0.01658,0.03263,0.08743
0.06095,0.14491,0.02769,0.10779,0.03837,0.01232,0.40989,0.04343,0.08370,0.07096
0.23154,0.18087,0.02818,0.01242,0.05596,0.01628,0.41667,0.02158,0.01580,0.02068
0.18824,0.01681,0.01111,0.01228,0.01601,0.04036,0.67370,0.00575,0.00659,0.02915
0.11443,0.22422,0.05348,0.03823,0.07601,0.04396,0.35763,0.01655,0.02932,0.04617
0.01427,0.40121,0.00553,0.01758,0.38188,0.07582,0.04374,0.02643,0.00681,0.02672
0.26401,0.16267,0.04427,0.00738,0.06073,0.00880,0.38217,0.01808,0.02048,0.03141
0.33352,0.30438,0.00558,0.02741,0.06079,0.01342,0.20349,0.01892,0.01602,0.01646
0.02571,0.03651,0.02217,0.02901,0.02332,0.09058,0.65723,0.01578,0.01600,0.08368
0.08748,0.04666,0.01691,0.01030,0.10434,0.00925,0.68640,0.01123,0.01091,0.01652
0.25047,0.24293,0.02281,0.01537,0.09548,0.01323,0.33847,0.00947,0.00580,0.00597
0.04058,0.05942,0.00959,0.02566,0.02630,0.01792,0.74861,0.04260,0.01227,0.01706
0.39613,0.02959,0.03457,0.01952,0.03711,0.01103,0.41238,0.01349,0.01567,0.03051
0.14624,0.17037,0.01301,0.00946,0.01753,0.01145,0.57972,0.01660,0.01105,0.02456
0.43815,0.02342,0.00694,0.00347,0.40759,0.00689,0.09313,0.01137,0.00383,0.00520
0.14926,0.01924,0.02409,0.01535,0.03706,0.21831,0.30551,0.01099,0.01589,0.20430
0.15527,0.11428,0.25554,0.03199,0.03485,0.01626,0.30141,0.03164,0.02534,0.03342
0.07603,0.02419,0.03024,0.04084,0.02597,0.13089,0.51510,0.01689,0.02781,0.11204
0.02782,0.08772,0.01699,0.01132,0.02059,0.01080,0.78222,0.01484,0.00627,0.02145
0.18976,0.20893,0.06213,0.00929,0.02889,0.10574,0.30379,0.03257,0.03000,0.02891
0.16583,0.01517,0.06087,0.02506,0.04870,0.01534,0.50833,0.05933,0.02997,0.07142
0.01710,0.01230,0.02682,0.00757,0.01227,0.03957,0.75515,0.01434,0.03656,0.07831
0.01519,0.03500,0.00474,0.02120,0.02407,0.09206,0.64784,0.01291,0.04562,0.10137
0.44022,0.02090,0.01247,0.00561,0.44668,0.00553,0.04687,0.00617,0.00499,0.01055
0.05002,0.03602,0.02737,0.02550,0.04679,0.09832,0.32139,0.17675,0.13716,0.08069
0.01363,0.37045,0.00375,0.00864,0.37816,0.09063,0.04267,0.00354,0.01003,0.07849
0.02509,0.17664,0.01657,0.18690,0.01490,0.02536,0.48014,0.05885,0.00706,0.00849
0.14778,0.51669,0.05011,0.02763,0.03796,0.02763,0.11584,0.03172,0.01115,0.03348
0.07597,0.02275,0.00734,0.00872,0.01281,0.33195,0.19600,0.01646,0.01627,0.31173
0.01213,0.00905,0.00847,0.00618,0.00971,0.04270,0.85395,0.01631,0.00952,0.03198
0.11496,0.05826,0.00901,0.02220,0.07195,0.00970,0.66832,0.01072,0.01508,0.01980
0.31814,0.30893,0.17404,0.00873,0.01462,0.01088,0.14302,0.00801,0.00445,0.00917
0.01273,0.02329,0.02580,0.00790,0.01967,0.07013,0.70700,0.05782,0.02581,0.04986
0.34575,0.24871,0.03598,0.02900,0.10140,0.03383,0.14272,0.01510,0.01485,0.03267
0.02963,0.15908,0.01101,0.01356,0.15983,0.05191,0.48915,0.02157,0.01711,0.04715
0.13796,0.48544,0.01254,0.01323,0.01792,0.01492,0.23949,0.02995,0.02568,0.02286
0.13716,0.01859,0.02947,0.06926,0.04419,0.21247,0.30234,0.02480,0.01145,0.15029
0.03338,0.44746,0.00903,0.39706,0.02316,0.01747,0.02723,0.02633,0.00483,0.01406
0.09640,0.05934,0.02318,0.00398,0.05147,0.01222,0.70815,0.01369,0.00905,0.02253
0.35605,0.37259,0.02195,0.01396,0.01596,0.00727,0.18310,0.00979,0.00904,0.01028
0.22464,0.22295,0.03053,0.01964,0.02959,0.00880,0.41882,0.01117,0.01947,0.01439
0.07159,0.05571,0.00508,0.00310,0.06913,0.10429,0.59298,0.04388,0.01690,0.03734
0.04517,0.03467,0.02176,0.00710,0.02107,0.00981,0.76590,0.00592,0.04935,0.03924
0.01905,0.03863,0.02245,0.01634,0.12675,0.04433,0.57278,0.03493,0.01358,0.11116
0.24046,0.23723,0.00526,0.00917,0.00681,0.03459,0.42706,0.00901,0.00614,0.02425
0.03046,0.07309,0.03165,0.04220,0.02761,0.00964,0.71390,0.01042,0.04736,0.01367
0.05658,0.72071,0.00647,0.01327,0.01002,0.01581,0.11736,0.00985,0.00686,0.04307
0.36262,0.32687,0.00733,0.05083,0.03322,0.06204,0.08468,0.02283,0.01143,0.03814
0.01433,0.00969,0.45580,0.01237,0.03633,0.01471,0.36009,0.05372,0.02099,0.02197
0.08600,0.01846,0.34784,0.01541,0.36955,0.01675,0.11751,0.00874,0.01056,0.00918
0.04011,0.15526,0.02011,0.16363,0.03008,0.02750,0.44245,0.07783,0.02245,0.02058
0.18901,0.19442,0.04913,0.00956,0.02602,0.05690,0.41947,0.02893,0.00346,0.02311
0.11379,0.01601,0.01716,0.02063,0.03490,0.02969,0.69520,0.01154,0.03240,0.02868
0.72539,0.00733,0.04358,0.01819,0.08487,0.04982,0.03103,0.02026,0.00501,0.01452
0.13032,0.03321,0.03739,0.02520,0.11355,0.01758,0.57750,0.01967,0.01791,0.02768
0.14153,0.07906,0.04626,0.02403,0.12083,0.04172,0.47413,0.03061,0.02094,0.02089
0.00936,0.47169,0.00433,0.46635,0.00525,0.00744,0.02558,0.00333,0.00248,0.00419
0.05911,0.10992,0.01290,0.08354,0.01409,0.09284,0.53310,0.00954,0.00781,0.07715
0.07141,0.01724,0.09155,0.01842,0.09898,0.00864,0.63626,0.01581,0.03040,0.01128
0.02267,0.00723,0.03791,0.00480,0.01572,0.13746,0.51604,0.03802,0.04940,0.17075
0.23169,0.20152,0.10829,0.02817,0.09584,0.01781,0.23613,0.02694,0.01744,0.03617
0.36766,0.02152,0.04056,0.02253,0.35154,0.00934,0.13933,0.02140,0.01390,0.01222
0.05669,0.10568,0.02191,0.10111,0.06402,0.16264,0.31817,0.00400,0.00835,0.15744
0.23914,0.24530,0.02785,0.00695,0.01014,0.00509,0.40405,0.01142,0.01906,0.03100
0.08666,0.02238,0.02751,0.00711,0.01034,0.02061,0.79297,0.00852,0.00597,0.01793
0.38056,0.36501,0.01142,0.01282,0.01182,0.00968,0.18055,0.00737,0.01042,0.01034
0.02180,0.08308,0.01715,0.01281,0.07668,0.02544,0.72635,0.01414,0.00727,0.01527
0.01522,0.00848,0.01577,0.01498,0.01062,0.04720,0.79278,0.07532,0.00648,0.01316
0.36012,0.11125,0.05256,0.02265,0.32883,0.02436,0.04426,0.00903,0.02311,0.02382
0.40146,0.39765,0.03508,0.01449,0.01210,0.02568,0.04381,0.04591,0.00977,0.01406
0.01175,0.01128,0.02155,0.00522,0.01401,0.04060,0.82159,0.04365,0.00933,0.02101
0.01394,0.01665,0.03422,0.00733,0.00618,0.02644,0.72456,0.11139,0.02282,0.03647
0.38757,0.05791,0.01610,0.01313,0.34700,0.00644,0.10885,0.01788,0.01595,0.02917
0.01925,0.21592,0.01156,0.00530,0.01152,0.34945,0.02195,0.00947,0.00665,0.34892
0.05760,0.03363,0.00405,0.02144,0.02786,0.03631,0.76499,0.01888,0.00659,0.02864
0.08415,0.06152,0.01663,0.01599,0.03097,0.01995,0.72318,0.01011,0.01443,0.02307
0.15540,0.04154,0.00907,0.00603,0.12329,0.01382,0.60556,0.01403,0.00538,0.02590
0.07552,0.03229,0.06316,0.01640,0.02180,0.15983,0.45757,0.01013,0.01062,0.15268
0.24933,0.23629,0.03408,0.01433,0.02399,0.02783,0.33002,0.00709,0.02092,0.05612
0.02496,0.01437,0.02037,0.00862,0.00977,0.28140,0.31190,0.01859,0.04493,0.26509
0.19955,0.04326,0.01437,0.01129,0.16147,0.16329,0.21317,0.00801,0.02140,0.16418
0.35731,0.04758,0.02064,0.01656,0.34440,0.00657,0.19009,0.00446,0.00411,0.00828
0.04014,0.05592,0.02827,0.04424,0.02508,0.28965,0.20977,0.03647,0.01372,0.25675
0.01614,0.00751,0.18337,0.00699,0.01714,0.36950,0.03447,0.00335,0.00533,0.35620
0.11562,0.03924,0.03258,0.02831,0.03058,0.10243,0.48448,0.12163,0.02398,0.02115
0.06292,0.06390,0.05119,0.02888,0.08492,0.17763,0.33409,0.00688,0.02498,0.16461
0.05493,0.01561,0.16981,0.00861,0.18203,0.03711,0.30858,0.11686,0.08912,0.01734
0.01435,0.30540,0.00618,0.00594,0.28664,0.01098,0.33827,0.01015,0.00406,0.01803
0.44039,0.38127,0.01754,0.03696,0.01715,0.01838,0.04259,0.01712,0.01409,0.01452
0.05794,0.14739,0.02130,0.01500,0.02113,0.01565,0.60826,0.03679,0.03610,0.04045
0.53480,0.01834,0.03967,0.01312,0.01992,0.01797,0.14999,0.10044,0.07685,0.02891
0.03990,0.20141,0.01979,0.05341,0.02183,0.03849,0.55037,0.02750,0.03188,0.01543
0.07225,0.02287,0.02195,0.02998,0.03027,0.04344,0.74260,0.01575,0.00379,0.01710
0.12010,0.27864,0.00779,0.01548,0.17946,0.02015,0.33292,0.02686,0.01091,0.00769
0.03745,0.02968,0.01224,0.01179,0.01077,0.03072,0.77359,0.01849,0.02164,0.05363
0.03447,0.03107,0.06154,0.03962,0.02114,0.00895,0.74348,0.04568,0.00751,0.00653
0.04570,0.04372,0.03082,0.01381,0.09722,0.01114,0.67964,0.04000,0.02417,0.01378
0.20088,0.22474,0.07506,0.06268,0.06435,0.00567,0.33284,0.00561,0.01456,0.01361
0.08421,0.17832,0.01548,0.01966,0.01096,0.01112,0.60815,0.02496,0.02387,0.02327
0.17676,0.04588,0.04185,0.02727,0.18542,0.01906,0.40856,0.03305,0.02583,0.03632
0.10150,0.14035,0.04500,0.06996,0.05797,0.03199,0.48423,0.01881,0.02821,0.02200
0.01864,0.02152,0.02055,0.01576,0.02920,0.02570,0.73915,0.06861,0.03124,0.02961
0.06310,0.01993,0.04877,0.01601,0.05865,0.01722,0.70639,0.00720,0.02267,0.04007
0.28632,0.21542,0.01721,0.01636,0.02550,0.01615,0.33122,0.05677,0.02699,0.00805
0.03159,0.00783,0.19660,0.00653,0.19749,0.01149,0.52411,0.01233,0.00556,0.00647
0.11550,0.16710,0.34414,0.02527,0.14338,0.00939,0.13077,0.00986,0.03481,0.01977
0.11002,0.11161,0.07621,0.02377,0.06116,0.01733,0.47699,0.06070,0.04911,0.01311
0.14518,0.14681,0.02010,0.01263,0.02517,0.02383,0.58652,0.01431,0.00307,0.02236
0.03227,0.03798,0.06029,0.02017,0.02601,0.10035,0.55526,0.07586,0.03966,0.05215
0.15894,0.13420,0.02825,0.01476,0.04234,0.03170,0.53308,0.01603,0.01738,0.02332
