0.01944,0.01941,0.00949,0.41115,0.01669,0.00995,0.44671,0.02179,0.01144,0.01151,0.01107,0.01136
0.02345,0.06067,0.02598,0.13527,0.31677,0.02362,0.18457,0.01448,0.01580,0.06898,0.03495,0.09546
0.17858,0.05318,0.02519,0.29399,0.06009,0.04403,0.07598,0.07946,0.05568,0.09813,0.01318,0.02251
0.03146,0.29969,0.29834,0.01186,0.00705,0.02994,0.12756,0.02588,0.11606,0.02560,0.01450,0.01206
0.00791,0.04090,0.04146,0.01230,0.02612,0.38119,0.01727,0.00841,0.02457,0.03619,0.00752,0.39615
0.03119,0.02186,0.02279,0.05749,0.12925,0.01929,0.01711,0.10561,0.03636,0.02231,0.00972,0.52702
0.10379,0.01984,0.02444,0.05346,0.09770,0.06721,0.05684,0.04055,0.03661,0.02913,0.02051,0.44993
0.01003,0.50661,0.00995,0.01353,0.03068,0.01962,0.03052,0.13577,0.13914,0.01913,0.04622,0.03882
0.01318,0.03510,0.01842,0.02626,0.06925,0.02491,0.10964,0.03238,0.57815,0.05622,0.01738,0.01912
0.13115,0.02115,0.02052,0.10713,0.12058,0.19875,0.01291,0.01719,0.01816,0.05863,0.12081,0.17302
0.02200,0.07563,0.25953,0.05219,0.10837,0.02130,0.23239,0.02405,0.08415,0.06234,0.02569,0.03236
0.19237,0.13397,0.01612,0.39774,0.00727,0.07824,0.00897,0.06963,0.01774,0.01720,0.00706,0.05370
0.01663,0.06748,0.27767,0.12704,0.10066,0.01483,0.02049,0.18139,0.11230,0.04060,0.01097,0.02995
0.09894,0.07760,0.02111,0.08530,0.08106,0.05751,0.25815,0.06623,0.15399,0.05706,0.02488,0.01816
0.57656,0.02063,0.00762,0.02702,0.12169,0.01465,0.01756,0.02350,0.00918,0.03792,0.02307,0.12059
0.02173,0.07875,0.02490,0.06070,0.06107,0.05473,0.32828,0.09951,0.04587,0.20135,0.00735,0.01577
0.02156,0.09054,0.03437,0.04739,0.05552,0.05513,0.27764,0.02729,0.02922,0.33357,0.00916,0.01859
0.01425,0.03518,0.50248,0.00957,0.01931,0.01942,0.04395,0.01355,0.15632,0.03491,0.12513,0.02593
0.04758,0.02250,0.01799,0.01645,0.10725,0.00834,0.01119,0.00483,0.00727,0.71417,0.01739,0.02506
0.04314,0.04378,0.01967,0.02135,0.02203,0.03346,0.01926,0.06887,0.42968,0.09877,0.17784,0.02216
0.01911,0.15583,0.02447,0.02571,0.19116,0.05203,0.03171,0.05821,0.01433,0.37861,0.00912,0.03970
0.00849,0.05770,0.01157,0.07450,0.09592,0.19402,0.07041,0.16986,0.02607,0.24519,0.00835,0.03794
0.04361,0.04023,0.07320,0.15213,0.22373,0.09084,0.10838,0.01786,0.01102,0.20148,0.00628,0.03124
0.05389,0.15441,0.07624,0.15857,0.08435,0.01675,0.30935,0.02453,0.03771,0.04394,0.01029,0.02996
0.05096,0.25781,0.02044,0.04316,0.03197,0.06608,0.30802,0.03258,0.03308,0.12571,0.00442,0.02577
0.07546,0.00703,0.00749,0.55719,0.00364,0.01162,0.00392,0.00281,0.30130,0.01767,0.00231,0.00956
0.01269,0.10618,0.02765,0.00937,0.14517,0.07575,0.05145,0.19816,0.14622,0.01955,0.17676,0.03106
0.27576,0.01906,0.02312,0.19880,0.02470,0.03203,0.03334,0.01021,0.28154,0.04723,0.02108,0.03315
0.02097,0.01905,0.12176,0.50913,0.09249,0.04366,0.02306,0.09522,0.02219,0.01320,0.01083,0.02846
0.00777,0.03636,0.01088,0.01634,0.02486,0.51437,0.02250,0.29204,0.00783,0.04357,0.00760,0.01588
0.57751,0.01070,0.00955,0.11514,0.02547,0.04409,0.02716,0.07359,0.02966,0.01256,0.01253,0.06204
0.01056,0.02178,0.14306,0.01297,0.41854,0.03703,0.11743,0.00968,0.01791,0.14227,0.00823,0.06055
0.00373,0.00897,0.00495,0.01877,0.01230,0.11529,0.01286,0.02118,0.01208,0.00799,0.12480,0.65710
0.08334,0.02497,0.07075,0.25159,0.23154,0.04803,0.06408,0.07512,0.04323,0.02529,0.02771,0.05437
0.02745,0.37948,0.03394,0.02172,0.02839,0.02058,0.08578,0.11280,0.23629,0.02009,0.01463,0.01885
0.24263,0.03472,0.00736,0.05999,0.01074,0.01247,0.31475,0.01411,0.12827,0.01399,0.01530,0.14566
0.27436,0.04375,0.01316,0.10393,0.02418,0.02225,0.02409,0.21486,0.17727,0.05858,0.01965,0.02393
0.01566,0.01902,0.01624,0.33404,0.07760,0.13755,0.09695,0.10899,0.03345,0.02943,0.08924,0.04184
0.01306,0.04677,0.24203,0.09398,0.06205,0.04444,0.23968,0.04370,0.13231,0.04204,0.01772,0.02222
0.01654,0.60714,0.03027,0.03369,0.02747,0.01908,0.09521,0.03143,0.01852,0.01891,0.01847,0.08328
0.00803,0.09144,0.02605,0.02981,0.02794,0.23974,0.01577,0.01439,0.02763,0.37311,0.00706,0.13902
0.02478,0.00422,0.03350,0.01829,0.24783,0.01595,0.05069,0.02116,0.54223,0.00546,0.01331,0.02257
0.08230,0.11220,0.02542,0.01609,0.03460,0.04361,0.41807,0.07849,0.05435,0.09321,0.01364,0.02801
0.55047,0.03295,0.00538,0.01158,0.10144,0.04536,0.04578,0.06582,0.00708,0.06051,0.00902,0.06461
0.03329,0.02250,0.01220,0.03312,0.02807,0.18837,0.04696,0.02145,0.02613,0.02459,0.04213,0.52118
0.26088,0.01048,0.00807,0.09686,0.10942,0.01485,0.07811,0.12360,0.01349,0.01808,0.01087,0.25528
0.09788,0.15638,0.02880,0.37027,0.07372,0.03237,0.04741,0.03446,0.02995,0.09172,0.01681,0.02022
0.10371,0.02893,0.10042,0.22104,0.02639,0.20205,0.22625,0.01708,0.00536,0.01783,0.00691,0.04403
0.21974,0.06963,0.16586,0.07285,0.07678,0.01621,0.04466,0.20943,0.08034,0.01344,0.00917,0.02189
0.53044,0.03237,0.01007,0.01853,0.05818,0.04635,0.09247,0.08030,0.05987,0.04138,0.00758,0.02246
0.05852,0.08500,0.06500,0.05357,0.28662,0.08332,0.16418,0.04061,0.03282,0.04581,0.03464,0.04990
0.48076,0.02148,0.00947,0.05056,0.06433,0.08523,0.03566,0.12082,0.02508,0.03371,0.01367,0.05922
0.45502,0.02941,0.01411,0.01410,0.09955,0.15403,0.12452,0.02131,0.00784,0.03876,0.00640,0.03494
0.01446,0.07268,0.14384,0.07853,0.09890,0.02349,0.04840,0.22451,0.18003,0.08022,0.01320,0.02175
0.00747,0.02663,0.02610,0.01903,0.03224,0.03847,0.02050,0.65938,0.02236,0.09678,0.01555,0.03549
0.00326,0.10859,0.84434,0.00230,0.00360,0.00569,0.00364,0.00430,0.00254,0.00427,0.00603,0.01142
0.01979,0.54049,0.03295,0.03079,0.01428,0.14748,0.07239,0.01655,0.03058,0.03523,0.00875,0.05073
0.40456,0.02022,0.01376,0.18009,0.02417,0.02669,0.03446,0.02593,0.01260,0.02153,0.00679,0.22920
0.05772,0.02258,0.01641,0.03173,0.27655,0.01847,0.03362,0.03751,0.02170,0.03840,0.04490,0.40040
0.50920,0.01778,0.01125,0.02820,0.03802,0.06393,0.08142,0.06966,0.02364,0.02394,0.01415,0.11881
0.00703,0.17293,0.48425,0.00346,0.00823,0.01237,0.00850,0.00750,0.17085,0.00765,0.10001,0.01721
0.01930,0.05006,0.02113,0.03201,0.07012,0.09605,0.07333,0.06728,0.08965,0.43922,0.00776,0.03410
0.03139,0.04413,0.02460,0.02020,0.04737,0.13123,0.02509,0.05161,0.07742,0.47510,0.04567,0.02619
0.02906,0.54590,0.03304,0.03778,0.04280,0.03303,0.10167,0.03781,0.03356,0.03320,0.02080,0.05134
0.01270,0.04704,0.04019,0.04389,0.02861,0.02625,0.27890,0.15191,0.27460,0.02671,0.03878,0.03042
0.03267,0.03847,0.02420,0.06894,0.04444,0.06564,0.29092,0.04016,0.28950,0.04489,0.02959,0.03057
0.07523,0.00596,0.00659,0.64935,0.00410,0.01022,0.00400,0.00309,0.20837,0.02065,0.00226,0.01018
0.55802,0.02174,0.00680,0.02665,0.01661,0.02315,0.03871,0.01349,0.13658,0.02431,0.00974,0.12418
0.04774,0.07148,0.00964,0.02549,0.03679,0.27926,0.41774,0.03900,0.01227,0.02937,0.00416,0.02707
0.10133,0.02571,0.02969,0.03618,0.21333,0.07096,0.13529,0.23046,0.01930,0.07713,0.00804,0.05257
0.20457,0.04339,0.01185,0.11606,0.05279,0.07037,0.04824,0.14958,0.08376,0.15539,0.03631,0.02769
0.01358,0.01284,0.39188,0.03407,0.26817,0.01193,0.01598,0.01224,0.01589,0.01409,0.04496,0.16436
0.03326,0.30066,0.05234,0.04225,0.03484,0.04522,0.15212,0.16780,0.03625,0.10142,0.01030,0.02353
0.18972,0.08950,0.03131,0.03434,0.26096,0.07272,0.13111,0.03812,0.01125,0.11048,0.01077,0.01971
0.02561,0.35810,0.01633,0.15364,0.02528,0.04846,0.27288,0.01178,0.01226,0.04357,0.00367,0.02842
0.04067,0.11794,0.08113,0.04538,0.05408,0.11365,0.26107,0.03729,0.02971,0.15767,0.01906,0.04234
0.02302,0.06905,0.19939,0.08196,0.15021,0.12203,0.17534,0.02928,0.04045,0.08266,0.01062,0.01599
0.03844,0.03701,0.11845,0.05033,0.02701,0.02213,0.04004,0.51396,0.06753,0.02895,0.02902,0.02714
0.01368,0.02115,0.02547,0.01724,0.01948,0.02289,0.01677,0.02043,0.01005,0.01462,0.01227,0.80592
0.01871,0.16640,0.49563,0.01583,0.01554,0.02430,0.01852,0.01359,0.01058,0.01740,0.02402,0.17947
0.06494,0.12285,0.07070,0.02633,0.02924,0.05263,0.03654,0.21083,0.24620,0.06120,0.03052,0.04801
0.10219,0.04179,0.01291,0.06753,0.02240,0.04829,0.01520,0.02730,0.09854,0.52120,0.01243,0.03021
0.35987,0.10700,0.11147,0.07731,0.01314,0.02530,0.01378,0.01656,0.00703,0.02898,0.01152,0.22804
0.05602,0.05026,0.02703,0.11727,0.31072,0.05720,0.13055,0.01865,0.03439,0.15989,0.01201,0.02601
0.29146,0.05007,0.03425,0.13508,0.07064,0.02272,0.06997,0.04347,0.02222,0.04839,0.04727,0.16446
0.01197,0.08783,0.08614,0.00717,0.01590,0.01635,0.01230,0.00879,0.44567,0.03391,0.25423,0.01976
0.05788,0.06149,0.02742,0.02459,0.04904,0.08796,0.02664,0.33672,0.11437,0.18117,0.00773,0.02498
0.04183,0.01698,0.01921,0.64604,0.02158,0.02191,0.02867,0.03031,0.05113,0.02512,0.02575,0.07147
0.02459,0.08237,0.04636,0.06765,0.03527,0.05481,0.52861,0.01484,0.07653,0.05248,0.00570,0.01080
0.00706,0.08432,0.14347,0.02818,0.02910,0.43331,0.04296,0.01840,0.00901,0.05189,0.01430,0.13800
0.18820,0.06258,0.21499,0.05671,0.05143,0.04121,0.21931,0.01760,0.02092,0.05965,0.01491,0.05250
0.10601,0.01872,0.26965,0.12261,0.11480,0.01642,0.04120,0.02189,0.16808,0.01299,0.07987,0.02776
0.00731,0.08637,0.00916,0.00692,0.02828,0.01334,0.01350,0.03953,0.57271,0.01996,0.18664,0.01630
0.26615,0.10280,0.03555,0.20030,0.05819,0.02317,0.07455,0.03591,0.03081,0.04898,0.02569,0.09790
0.02291,0.10772,0.46717,0.00990,0.09420,0.01985,0.04168,0.01178,0.11617,0.04448,0.04310,0.02104
0.02436,0.29251,0.03527,0.08018,0.04285,0.06438,0.34597,0.02584,0.01164,0.04926,0.00802,0.01974
0.03900,0.41414,0.34468,0.05117,0.01247,0.03244,0.01598,0.01275,0.01224,0.01967,0.00502,0.04043
0.10581,0.01816,0.04744,0.05425,0.08172,0.13869,0.44230,0.01827,0.00698,0.02739,0.00433,0.05466
0.21535,0.01904,0.01327,0.36681,0.00467,0.01306,0.00660,0.00888,0.31857,0.01208,0.00486,0.01681
0.01888,0.00940,0.64421,0.01690,0.20205,0.01486,0.02545,0.01826,0.02502,0.00718,0.00525,0.01254
