0.01095,0.04850,0.16288,0.01928,0.00961,0.00934,0.01030,0.01366,0.00892,0.03246,0.01397,0.04708,0.53433,0.01386,0.01178,0.00972,0.00955,0.01077,0.00909,0.01394
0.01490,0.05364,0.09635,0.02653,0.01227,0.01275,0.01306,0.01976,0.01297,0.03662,0.02522,0.14150,0.38618,0.02629,0.02325,0.01448,0.01665,0.02096,0.01535,0.03125
0.02108,0.04962,0.04277,0.04950,0.02041,0.01798,0.01717,0.03125,0.01787,0.10551,0.01644,0.02862,0.47525,0.01790,0.01422,0.01306,0.01306,0.01539,0.01203,0.02088
0.01235,0.05153,0.06447,0.02930,0.01260,0.01265,0.01079,0.01856,0.01319,0.06352,0.01726,0.04606,0.54394,0.02004,0.01554,0.01060,0.01221,0.01460,0.01288,0.01791
0.01229,0.04385,0.08322,0.02170,0.01170,0.01071,0.00907,0.01455,0.01072,0.04504,0.01724,0.04176,0.58729,0.01617,0.01272,0.00898,0.00943,0.01320,0.01035,0.02002
0.00991,0.03938,0.07616,0.02121,0.01066,0.00946,0.00941,0.01574,0.01015,0.03282,0.01714,0.03460,0.61959,0.01477,0.01565,0.01048,0.01085,0.01244,0.00996,0.01962
0.02058,0.06003,0.12042,0.02956,0.01675,0.01871,0.01668,0.02501,0.01744,0.04245,0.01629,0.07682,0.38718,0.02942,0.02167,0.01799,0.02140,0.01889,0.01717,0.02554
0.01453,0.03654,0.04763,0.02523,0.01469,0.01362,0.01348,0.02030,0.01323,0.03417,0.01750,0.02178,0.61260,0.01651,0.01667,0.01391,0.01263,0.01848,0.01285,0.02363
0.01485,0.03318,0.05400,0.01965,0.01267,0.01333,0.01298,0.01748,0.01396,0.02677,0.02126,0.06504,0.56585,0.02158,0.01880,0.01232,0.01387,0.02093,0.01355,0.02792
0.01814,0.05003,0.10255,0.02552,0.01786,0.01950,0.01665,0.02726,0.01728,0.04338,0.02189,0.03465,0.45301,0.02538,0.02163,0.01652,0.02105,0.02014,0.01640,0.03115
0.01458,0.03133,0.04540,0.02268,0.01440,0.01482,0.01272,0.01911,0.01370,0.02876,0.04243,0.01339,0.50013,0.02453,0.04254,0.01829,0.02355,0.03515,0.02501,0.05749
0.01841,0.03934,0.05858,0.02713,0.01437,0.01630,0.01600,0.02162,0.01589,0.03558,0.02385,0.04340,0.50513,0.02389,0.02829,0.01851,0.02142,0.02138,0.01883,0.03208
0.01625,0.02903,0.02990,0.02318,0.01242,0.01498,0.01456,0.02247,0.01489,0.03721,0.02391,0.02132,0.58800,0.02175,0.02310,0.01808,0.01906,0.02146,0.01670,0.03173
0.01234,0.03241,0.08649,0.01650,0.01095,0.01317,0.01196,0.01711,0.01128,0.02149,0.01737,0.03503,0.60201,0.01885,0.01713,0.01191,0.01409,0.01503,0.01355,0.02133
0.01322,0.04079,0.07286,0.02156,0.01440,0.01415,0.01421,0.01902,0.01605,0.03506,0.02142,0.01692,0.55475,0.02010,0.02339,0.01883,0.01885,0.02123,0.01643,0.02676
0.01482,0.04506,0.13792,0.02257,0.01366,0.01309,0.01327,0.01857,0.01199,0.03128,0.01780,0.02182,0.53337,0.01680,0.01610,0.01269,0.01375,0.01371,0.01376,0.01797
0.02210,0.05002,0.08337,0.02955,0.02381,0.02450,0.02340,0.02816,0.02164,0.04045,0.02739,0.03387,0.37518,0.03183,0.03544,0.02431,0.03727,0.02632,0.02522,0.03618
0.01160,0.05902,0.13945,0.02959,0.01339,0.01298,0.01306,0.01962,0.01344,0.05884,0.02137,0.02666,0.47955,0.01672,0.01628,0.01084,0.01055,0.01657,0.01119,0.01929
0.01537,0.04260,0.04820,0.02894,0.01390,0.01365,0.01358,0.02291,0.01490,0.06398,0.01426,0.09637,0.51454,0.01938,0.01372,0.01262,0.01081,0.01192,0.01277,0.01559
0.00612,0.02563,0.10199,0.01134,0.00538,0.00530,0.00518,0.00772,0.00563,0.02332,0.01216,0.02892,0.71084,0.00988,0.00729,0.00515,0.00485,0.00789,0.00558,0.00981
0.01094,0.04876,0.16070,0.02027,0.00998,0.00978,0.00896,0.01462,0.01066,0.03740,0.01722,0.03428,0.52934,0.01542,0.01155,0.00956,0.01094,0.01223,0.00931,0.01809
0.02030,0.06658,0.09698,0.04615,0.02004,0.02176,0.02035,0.03637,0.02205,0.08501,0.02773,0.02651,0.36280,0.01923,0.02331,0.01889,0.01842,0.02252,0.01585,0.02916
0.01261,0.04013,0.04903,0.02724,0.01390,0.01442,0.01223,0.01902,0.01388,0.03879,0.02964,0.09522,0.50855,0.02053,0.01798,0.01254,0.01404,0.01982,0.01437,0.02607
0.00958,0.03771,0.08151,0.02017,0.00945,0.00996,0.00982,0.01284,0.00808,0.03318,0.01114,0.03317,0.64402,0.01554,0.01220,0.00846,0.01098,0.01006,0.00849,0.01364
0.02303,0.06705,0.08048,0.03416,0.02325,0.02695,0.01892,0.02948,0.02414,0.04866,0.03044,0.02619,0.35273,0.03249,0.03447,0.02510,0.02932,0.02942,0.02643,0.03728
0.01099,0.03142,0.07251,0.01559,0.00997,0.01074,0.01073,0.01382,0.01076,0.01935,0.01733,0.04560,0.63350,0.01530,0.01472,0.01082,0.01069,0.01525,0.01071,0.02019
0.01488,0.03587,0.04408,0.02473,0.01393,0.01551,0.01357,0.02121,0.01568,0.03693,0.01281,0.01753,0.64954,0.01302,0.01266,0.01179,0.01098,0.01093,0.01002,0.01432
0.01719,0.05749,0.18861,0.02392,0.01445,0.01513,0.01398,0.02022,0.01228,0.03453,0.01581,0.02619,0.42928,0.02498,0.02035,0.01595,0.01759,0.01632,0.01620,0.01953
0.01461,0.06454,0.13928,0.02867,0.01465,0.01447,0.01364,0.02196,0.01395,0.04815,0.01706,0.01339,0.50236,0.01319,0.01589,0.01137,0.01005,0.01304,0.01115,0.01858
0.01522,0.03949,0.04842,0.02969,0.01216,0.01521,0.01480,0.02286,0.01482,0.04177,0.01870,0.02003,0.58370,0.01958,0.01808,0.01563,0.01546,0.01514,0.01504,0.02421
0.01983,0.07174,0.13069,0.03793,0.01761,0.01869,0.01878,0.03106,0.01937,0.06751,0.02490,0.08129,0.30329,0.02654,0.02160,0.01816,0.02083,0.02139,0.01632,0.03249
0.02109,0.08532,0.10327,0.05452,0.02160,0.01912,0.02081,0.03396,0.02321,0.21407,0.02792,0.02352,0.20841,0.02134,0.02264,0.01463,0.01571,0.02419,0.01709,0.02760
0.01233,0.02515,0.05395,0.01464,0.00945,0.00957,0.00889,0.01281,0.00913,0.01974,0.01552,0.01952,0.68124,0.01973,0.01523,0.01120,0.01284,0.01497,0.01292,0.02116
0.01081,0.03031,0.05897,0.01410,0.00912,0.00923,0.00885,0.01334,0.00916,0.01949,0.01193,0.02317,0.71024,0.01226,0.01034,0.00798,0.00884,0.01062,0.00819,0.01305
0.01780,0.05037,0.04593,0.03491,0.01536,0.01477,0.01447,0.02442,0.01503,0.05548,0.02283,0.03224,0.53969,0.01990,0.01779,0.01218,0.01420,0.01766,0.01338,0.02161
0.02159,0.04780,0.06854,0.03365,0.01924,0.01901,0.02113,0.02638,0.02189,0.04881,0.02146,0.02359,0.49314,0.02411,0.01862,0.01641,0.01700,0.01848,0.01476,0.02438
0.00994,0.03275,0.02927,0.02950,0.01098,0.01058,0.00878,0.01802,0.01108,0.06483,0.01559,0.05456,0.61699,0.01577,0.01208,0.00939,0.00889,0.01254,0.01046,0.01798
0.01245,0.03479,0.07255,0.02088,0.01179,0.01173,0.01183,0.01675,0.01245,0.02846,0.02554,0.02570,0.57954,0.01852,0.02128,0.01365,0.01416,0.02129,0.01367,0.03294
0.01717,0.04407,0.05203,0.03467,0.01781,0.01628,0.01442,0.02546,0.01830,0.07303,0.03531,0.02948,0.47153,0.02135,0.02147,0.01646,0.01736,0.02357,0.01499,0.03525
0.01833,0.05408,0.07676,0.03387,0.01605,0.01558,0.01610,0.02384,0.01754,0.05097,0.02094,0.05730,0.45200,0.02575,0.02278,0.01638,0.01878,0.02005,0.01723,0.02568
0.01693,0.06541,0.07471,0.04145,0.01504,0.01491,0.01401,0.02545,0.01510,0.09047,0.01814,0.04091,0.45201,0.02135,0.01802,0.01201,0.01234,0.01762,0.01271,0.02141
0.01148,0.05262,0.31119,0.02289,0.01029,0.01069,0.00889,0.01403,0.01124,0.03732,0.01335,0.01627,0.39965,0.01282,0.01238,0.01042,0.00847,0.01156,0.01071,0.01374
0.01650,0.06092,0.07968,0.03159,0.01612,0.01553,0.01586,0.02582,0.01451,0.07317,0.02058,0.08811,0.40612,0.02560,0.02045,0.01625,0.01644,0.01831,0.01567,0.02279
0.01199,0.04311,0.10425,0.02303,0.01095,0.01293,0.01102,0.01921,0.01227,0.03700,0.02193,0.01589,0.55672,0.01827,0.01826,0.01205,0.01448,0.01578,0.01200,0.02886
0.01449,0.04622,0.13263,0.02552,0.01518,0.01510,0.01493,0.02026,0.01414,0.04234,0.04775,0.03421,0.40207,0.02494,0.02813,0.01667,0.01706,0.02993,0.01614,0.04227
0.01254,0.04790,0.08761,0.02365,0.01448,0.01332,0.01303,0.01924,0.01284,0.03906,0.03099,0.04773,0.48996,0.02118,0.02387,0.01244,0.01528,0.02681,0.01465,0.03343
0.01202,0.06122,0.13519,0.03063,0.01084,0.01170,0.00966,0.01721,0.01190,0.06533,0.01338,0.07167,0.46198,0.01501,0.01208,0.01052,0.01037,0.01295,0.01007,0.01627
0.01424,0.04303,0.09074,0.02534,0.01297,0.01520,0.01367,0.02184,0.01574,0.03765,0.02399,0.01796,0.51120,0.02236,0.02783,0.01648,0.02028,0.02491,0.01733,0.02726
0.00986,0.04218,0.10371,0.01779,0.01060,0.00949,0.00924,0.01459,0.01161,0.03251,0.02200,0.09211,0.49893,0.02304,0.01893,0.01293,0.01380,0.01572,0.01323,0.02771
0.00835,0.02715,0.04017,0.01695,0.00935,0.00866,0.00820,0.01116,0.00896,0.02685,0.01630,0.02429,0.71244,0.01308,0.01218,0.00812,0.00958,0.01203,0.00793,0.01824
0.01126,0.03478,0.10277,0.01969,0.01102,0.01024,0.00964,0.01573,0.01094,0.02842,0.01851,0.03044,0.59815,0.01665,0.01473,0.01161,0.01080,0.01418,0.01093,0.01951
0.00724,0.02580,0.04113,0.01367,0.00679,0.00664,0.00689,0.01013,0.00659,0.02124,0.01352,0.05351,0.71140,0.01332,0.01181,0.00749,0.00846,0.01079,0.00861,0.01495
0.00743,0.02446,0.23214,0.00909,0.00797,0.00704,0.00756,0.01013,0.00720,0.01250,0.01923,0.01867,0.53995,0.01289,0.01529,0.00969,0.01186,0.01365,0.01050,0.02275
0.01097,0.03396,0.06965,0.01725,0.00890,0.00906,0.01037,0.01171,0.00907,0.03129,0.01427,0.02654,0.65690,0.01438,0.01389,0.01019,0.01279,0.01094,0.01048,0.01740
0.01887,0.05640,0.09765,0.02867,0.02017,0.01969,0.01914,0.02457,0.01799,0.04473,0.02784,0.11498,0.30205,0.04213,0.02860,0.02156,0.02288,0.03104,0.02457,0.03648
0.01240,0.03521,0.04529,0.02052,0.01105,0.01106,0.01094,0.01359,0.01165,0.02917,0.01817,0.02920,0.63742,0.01989,0.01729,0.01209,0.01347,0.01592,0.01229,0.02338
0.00974,0.01900,0.03604,0.01407,0.00865,0.00894,0.00840,0.01171,0.00892,0.01774,0.01794,0.01889,0.71996,0.01476,0.01441,0.01016,0.01191,0.01567,0.01214,0.02093
0.01106,0.03814,0.07478,0.01950,0.01066,0.01029,0.01134,0.01568,0.01058,0.02981,0.01931,0.03828,0.58617,0.02137,0.01689,0.01405,0.01417,0.01982,0.01439,0.02370
0.01488,0.05304,0.08986,0.02746,0.01499,0.01202,0.01268,0.02085,0.01422,0.04616,0.02170,0.05108,0.51203,0.01854,0.01600,0.01321,0.01276,0.01607,0.01207,0.02037
0.01525,0.04070,0.04432,0.03812,0.01504,0.01776,0.01408,0.02107,0.01783,0.08885,0.03683,0.01354,0.47967,0.01673,0.02765,0.01570,0.01602,0.02661,0.01782,0.03640
0.01758,0.06346,0.11183,0.03635,0.01598,0.01761,0.01433,0.03010,0.01825,0.06695,0.01250,0.01776,0.48263,0.01460,0.01391,0.01244,0.01275,0.01390,0.01059,0.01649
0.00825,0.05224,0.22514,0.01805,0.00779,0.00844,0.00725,0.01102,0.00762,0.03626,0.00851,0.01952,0.53132,0.00934,0.00840,0.00715,0.00716,0.00847,0.00678,0.01126
0.00967,0.04141,0.05296,0.02354,0.00991,0.00861,0.00908,0.01460,0.00927,0.06417,0.01503,0.06706,0.59839,0.01433,0.01179,0.00967,0.00855,0.01064,0.00836,0.01296
0.01884,0.04111,0.05174,0.03494,0.01883,0.01848,0.01912,0.03060,0.01656,0.04405,0.04949,0.03939,0.39435,0.02801,0.03513,0.02069,0.02172,0.03646,0.02289,0.05759
0.01145,0.03443,0.04376,0.02176,0.01138,0.01279,0.00992,0.01631,0.01125,0.03497,0.01886,0.03654,0.63630,0.01680,0.01520,0.01276,0.01170,0.01435,0.01113,0.01833
0.01124,0.04240,0.10314,0.02001,0.01059,0.01112,0.00978,0.01416,0.00929,0.03524,0.02910,0.08543,0.46912,0.02580,0.02050,0.01570,0.01539,0.02050,0.01481,0.03668
0.01353,0.03518,0.07579,0.02337,0.01119,0.01168,0.01232,0.01700,0.01367,0.03221,0.01848,0.01608,0.61053,0.01558,0.01829,0.01369,0.01239,0.01466,0.01239,0.02195
0.01773,0.06135,0.10590,0.02995,0.01820,0.01619,0.01663,0.02318,0.01699,0.04906,0.02666,0.03571,0.42721,0.02745,0.02357,0.01764,0.01570,0.02194,0.01727,0.03169
0.00929,0.02382,0.03701,0.01522,0.00819,0.01033,0.00802,0.01188,0.00886,0.02178,0.01505,0.01787,0.71778,0.01601,0.01450,0.01049,0.01150,0.01291,0.01193,0.01756
0.01738,0.05713,0.10237,0.03102,0.01589,0.01535,0.01530,0.02209,0.01480,0.05386,0.02712,0.06461,0.42497,0.02456,0.02150,0.01236,0.01333,0.02029,0.01570,0.03039
0.01093,0.03131,0.05156,0.01816,0.01162,0.01163,0.00947,0.01476,0.00996,0.02975,0.01155,0.04084,0.66414,0.01588,0.01260,0.01110,0.01054,0.01098,0.00896,0.01428
0.01937,0.06062,0.09273,0.04081,0.01893,0.01667,0.01934,0.02590,0.01674,0.07351,0.02046,0.02964,0.43502,0.02077,0.01878,0.01536,0.01524,0.01935,0.01572,0.02504
0.01483,0.04097,0.07377,0.02437,0.01311,0.01449,0.01505,0.02013,0.01611,0.03730,0.02870,0.04604,0.50708,0.02539,0.02149,0.01491,0.01555,0.02232,0.01723,0.03115
0.01721,0.04703,0.08575,0.02860,0.01441,0.01684,0.01370,0.02227,0.01687,0.04446,0.02361,0.05531,0.46495,0.02650,0.02352,0.01577,0.01789,0.01941,0.01730,0.02860
0.02002,0.06532,0.07113,0.05401,0.02013,0.02222,0.01976,0.03612,0.01897,0.12937,0.02424,0.02305,0.36994,0.01852,0.01769,0.01498,0.01516,0.01765,0.01602,0.02572
0.01777,0.05276,0.11710,0.02686,0.01719,0.01562,0.01690,0.02218,0.01769,0.03231,0.02208,0.03109,0.44540,0.02664,0.02547,0.01955,0.02160,0.02227,0.02001,0.02950
0.01111,0.02896,0.03598,0.01682,0.00995,0.01020,0.00947,0.01470,0.00915,0.02637,0.01519,0.01781,0.68626,0.01613,0.01780,0.01136,0.01439,0.01404,0.01232,0.02200
0.01379,0.04834,0.09142,0.02109,0.01108,0.01195,0.01288,0.01753,0.01007,0.03733,0.01379,0.01788,0.61148,0.01310,0.01209,0.01000,0.01160,0.01117,0.01033,0.01309
0.01572,0.03862,0.04566,0.02940,0.01598,0.01714,0.01655,0.02287,0.01770,0.04618,0.02103,0.06541,0.49806,0.02620,0.02165,0.01601,0.01687,0.02012,0.02018,0.02866
0.01474,0.04830,0.11756,0.02464,0.01484,0.01262,0.01163,0.01832,0.01419,0.03464,0.01642,0.01220,0.56177,0.01246,0.01634,0.01278,0.01174,0.01501,0.01152,0.01829
0.01260,0.04110,0.06551,0.02284,0.01054,0.01094,0.01138,0.01725,0.01095,0.04656,0.01160,0.07970,0.58420,0.01468,0.01042,0.00931,0.00880,0.01113,0.00810,0.01239
0.01075,0.04660,0.18722,0.02077,0.01017,0.01036,0.01007,0.01432,0.01060,0.03496,0.02953,0.10499,0.40430,0.02033,0.01519,0.00919,0.01036,0.01739,0.01134,0.02155
0.01534,0.04971,0.17501,0.01919,0.01445,0.01366,0.01295,0.01924,0.01364,0.02674,0.01930,0.04365,0.45423,0.02077,0.01886,0.01386,0.01519,0.01789,0.01333,0.02299
0.01371,0.03936,0.06479,0.02374,0.01359,0.01245,0.01337,0.02010,0.01208,0.03441,0.02333,0.02398,0.58707,0.01793,0.02040,0.01261,0.01398,0.01762,0.01380,0.02167
0.01824,0.04497,0.03733,0.04612,0.01658,0.01520,0.01411,0.02808,0.01448,0.11043,0.01621,0.13466,0.40853,0.01579,0.01452,0.01092,0.01173,0.01402,0.01070,0.01739
0.01590,0.06820,0.21007,0.03159,0.01384,0.01284,0.01286,0.01835,0.01208,0.05594,0.01526,0.03905,0.39022,0.01966,0.01545,0.01280,0.01461,0.01343,0.01114,0.01671
0.00957,0.03695,0.07433,0.02030,0.00992,0.00880,0.00904,0.01288,0.01030,0.03128,0.01274,0.05254,0.63640,0.01468,0.01184,0.00738,0.00863,0.00994,0.00867,0.01378
0.02071,0.04518,0.05239,0.03573,0.01818,0.01968,0.02030,0.02634,0.02041,0.04889,0.02210,0.01892,0.49705,0.02361,0.02410,0.02009,0.02294,0.02023,0.01660,0.02655
0.01352,0.03557,0.05060,0.02370,0.01043,0.01159,0.01291,0.02098,0.01202,0.04474,0.01792,0.10581,0.52283,0.02265,0.01671,0.01230,0.01360,0.01672,0.01348,0.02189
0.01051,0.04663,0.09479,0.01974,0.01116,0.01019,0.00954,0.01505,0.01138,0.03662,0.01664,0.02318,0.60100,0.01394,0.01446,0.01106,0.01070,0.01304,0.01123,0.01914
0.01018,0.02821,0.05273,0.01632,0.01039,0.00944,0.00924,0.01401,0.00963,0.02430,0.01855,0.03251,0.66391,0.01556,0.01680,0.01001,0.01143,0.01423,0.01096,0.02159
0.00973,0.04023,0.24910,0.01594,0.01043,0.01205,0.01064,0.01455,0.01159,0.02471,0.01695,0.02278,0.45177,0.02012,0.01570,0.01197,0.01227,0.01530,0.01292,0.02124
0.00874,0.02207,0.03177,0.01329,0.00849,0.00725,0.00637,0.01000,0.00787,0.01975,0.01248,0.03786,0.73423,0.01489,0.01149,0.00801,0.01018,0.01174,0.00826,0.01526
0.01314,0.04910,0.08992,0.02825,0.01535,0.01223,0.01089,0.01681,0.01276,0.04641,0.02349,0.03259,0.53574,0.01759,0.01696,0.01207,0.01252,0.01657,0.01262,0.02500
0.01158,0.04433,0.06881,0.02335,0.01117,0.01243,0.01162,0.02038,0.01314,0.04017,0.01047,0.01475,0.65434,0.00923,0.00944,0.00861,0.00743,0.00861,0.00776,0.01237
0.01814,0.05319,0.06418,0.03366,0.01844,0.01658,0.01512,0.02177,0.01679,0.05796,0.02592,0.02588,0.48968,0.02436,0.01954,0.01585,0.01674,0.02118,0.01528,0.02972
0.01475,0.05732,0.07378,0.04046,0.01729,0.01791,0.01484,0.02336,0.01600,0.05675,0.02908,0.05384,0.41411,0.02747,0.02712,0.01857,0.02245,0.02315,0.01665,0.03508
0.01020,0.03445,0.05051,0.02043,0.01108,0.01030,0.00990,0.01464,0.01078,0.03395,0.03113,0.02583,0.61576,0.01761,0.01788,0.01176,0.01227,0.02196,0.01294,0.02663
0.01293,0.03653,0.06813,0.01861,0.01156,0.01143,0.00986,0.01625,0.01263,0.02339,0.01427,0.04825,0.60677,0.01807,0.01562,0.01302,0.01454,0.01474,0.01223,0.02117
0.02020,0.08251,0.15845,0.04066,0.01795,0.02038,0.02040,0.03032,0.01854,0.06040,0.02356,0.04761,0.31793,0.02091,0.02090,0.01861,0.01776,0.02117,0.01638,0.02536
