0.01979,0.04817,0.07478,0.02638,0.01620,0.01778,0.01792,0.02374,0.01918,0.04072,0.03046,0.03057,0.47507,0.02274,0.02497,0.01816,0.01876,0.02468,0.01860,0.03133
0.02393,0.05186,0.05900,0.04356,0.02194,0.02272,0.02218,0.03065,0.02099,0.07422,0.02112,0.02838,0.45379,0.01815,0.01753,0.01680,0.01610,0.01876,0.01553,0.02282
0.01813,0.04856,0.07219,0.02842,0.01678,0.01894,0.01696,0.02487,0.01804,0.04627,0.02348,0.03962,0.45859,0.02624,0.02795,0.02021,0.02249,0.02151,0.01979,0.03094
0.01075,0.03670,0.05510,0.02021,0.00975,0.01048,0.00989,0.01439,0.01151,0.03597,0.01337,0.01630,0.65888,0.01531,0.01314,0.01104,0.01310,0.01261,0.01269,0.01881
0.01357,0.05760,0.09981,0.02639,0.01268,0.01309,0.01300,0.02059,0.01345,0.05017,0.01598,0.02669,0.54797,0.01506,0.01351,0.01051,0.01018,0.01351,0.01120,0.01502
0.00989,0.02695,0.03754,0.01779,0.00967,0.00995,0.01036,0.01542,0.01089,0.02530,0.03932,0.03643,0.60372,0.01918,0.02472,0.01136,0.01250,0.02702,0.01613,0.03586
0.01213,0.04603,0.09512,0.01602,0.01075,0.01148,0.01112,0.01369,0.01114,0.02262,0.03300,0.03242,0.53368,0.01991,0.02460,0.01384,0.01616,0.02445,0.01843,0.03343
0.01228,0.02377,0.03162,0.01704,0.01086,0.01136,0.01221,0.01470,0.01153,0.02360,0.01543,0.01984,0.67944,0.01781,0.01824,0.01349,0.01550,0.01737,0.01195,0.02198
0.02432,0.07557,0.16131,0.02364,0.02144,0.02471,0.02511,0.02530,0.02079,0.02836,0.02108,0.04239,0.33560,0.02713,0.02725,0.02145,0.02255,0.02512,0.01668,0.03021
0.00981,0.03155,0.04981,0.01677,0.00941,0.01003,0.00975,0.01574,0.00921,0.03029,0.01732,0.01762,0.67729,0.01288,0.01603,0.00961,0.01097,0.01621,0.01042,0.01927
0.01825,0.02738,0.03188,0.02161,0.01495,0.01531,0.01713,0.02175,0.01655,0.02932,0.01717,0.02464,0.59231,0.02051,0.02630,0.01790,0.02327,0.01885,0.01527,0.02965
0.02663,0.04714,0.06527,0.03551,0.02442,0.02700,0.02628,0.03568,0.02309,0.04705,0.02623,0.05699,0.35932,0.03303,0.02757,0.02592,0.02640,0.02705,0.02439,0.03503
0.01812,0.04396,0.03897,0.04001,0.01523,0.01659,0.01499,0.02684,0.01531,0.06599,0.02685,0.06577,0.46533,0.02651,0.02121,0.01767,0.01444,0.01975,0.01708,0.02938
0.01396,0.05155,0.08974,0.02634,0.01168,0.01346,0.01161,0.01956,0.01280,0.04075,0.03406,0.05530,0.45658,0.02879,0.02484,0.01512,0.01585,0.02668,0.01774,0.03361
0.01354,0.04556,0.07986,0.02364,0.01117,0.01181,0.01350,0.01766,0.01164,0.04039,0.01565,0.02699,0.59781,0.01528,0.01350,0.01072,0.01004,0.01354,0.01074,0.01697
0.01212,0.04143,0.03710,0.03799,0.01393,0.01436,0.01190,0.02192,0.01312,0.07146,0.02410,0.02704,0.53637,0.02013,0.02125,0.01635,0.01880,0.01900,0.01471,0.02691
0.01586,0.05941,0.12116,0.01953,0.01678,0.01931,0.01546,0.01948,0.01872,0.02396,0.02197,0.01731,0.49783,0.01672,0.02197,0.01626,0.01801,0.01991,0.01541,0.02494
0.00884,0.02534,0.03830,0.01623,0.00794,0.00930,0.00814,0.01279,0.00912,0.02479,0.01510,0.02997,0.69951,0.01763,0.01410,0.01019,0.01188,0.01388,0.01059,0.01638
0.01023,0.02839,0.04948,0.01373,0.01064,0.01128,0.00994,0.01416,0.01166,0.02048,0.01158,0.02031,0.71637,0.01104,0.01168,0.00931,0.00944,0.00937,0.00856,0.01233
0.02097,0.02960,0.03350,0.02693,0.02152,0.02407,0.01851,0.02794,0.02624,0.03145,0.01738,0.03871,0.56973,0.02173,0.01606,0.01374,0.01363,0.01636,0.01256,0.01936
0.01659,0.06573,0.10199,0.03774,0.01468,0.01487,0.01499,0.02578,0.01597,0.06666,0.03085,0.02338,0.41235,0.01839,0.02663,0.01438,0.01757,0.02631,0.01959,0.03555
0.00863,0.03004,0.02864,0.02607,0.00877,0.00924,0.00871,0.01484,0.01040,0.04495,0.01922,0.01659,0.68976,0.01101,0.01295,0.00965,0.00824,0.01448,0.00897,0.01888
0.02201,0.06637,0.10617,0.03727,0.01967,0.02001,0.01951,0.02876,0.02150,0.05502,0.02150,0.05784,0.37952,0.02738,0.02027,0.01750,0.01695,0.01925,0.01815,0.02535
0.02209,0.06270,0.08693,0.04493,0.02008,0.02055,0.01990,0.03179,0.02180,0.07287,0.02737,0.03371,0.36048,0.02636,0.02548,0.02196,0.02253,0.02331,0.02013,0.03503
0.01410,0.04205,0.06000,0.02436,0.01338,0.01387,0.01402,0.02035,0.01370,0.04235,0.02546,0.03295,0.53056,0.01999,0.02528,0.01652,0.01911,0.02343,0.01628,0.03223
0.02143,0.06291,0.09477,0.03348,0.02248,0.01993,0.01974,0.02641,0.02044,0.05751,0.03027,0.02510,0.39360,0.02329,0.02703,0.01970,0.02192,0.02572,0.02103,0.03322
0.01314,0.03627,0.06308,0.02122,0.01114,0.01360,0.01159,0.01826,0.01150,0.03315,0.01429,0.03305,0.61928,0.01851,0.01452,0.01206,0.01261,0.01344,0.00989,0.01940
0.02612,0.04576,0.05656,0.03505,0.02265,0.02448,0.01982,0.03068,0.02435,0.04914,0.02462,0.09727,0.36191,0.03811,0.02501,0.02144,0.02372,0.02291,0.01980,0.03058
0.01458,0.03463,0.04907,0.02386,0.01560,0.01509,0.01532,0.02079,0.01406,0.03488,0.03029,0.06686,0.47746,0.03217,0.02817,0.02043,0.02343,0.02701,0.02165,0.03466
0.00867,0.02196,0.03797,0.01134,0.00848,0.00721,0.00846,0.01137,0.00841,0.01513,0.01321,0.02432,0.74468,0.01312,0.01292,0.00944,0.00866,0.01032,0.00914,0.01519
0.02784,0.06638,0.06222,0.05943,0.03162,0.02791,0.02816,0.04022,0.02758,0.10491,0.01864,0.05097,0.30773,0.02671,0.02025,0.02158,0.02014,0.01870,0.01686,0.02216
0.01316,0.03746,0.05134,0.02578,0.01182,0.01133,0.01276,0.01783,0.01142,0.04070,0.01447,0.01920,0.64611,0.01446,0.01189,0.01083,0.01034,0.01255,0.01100,0.01554
0.01174,0.02605,0.03033,0.02593,0.01084,0.00986,0.01145,0.01684,0.01061,0.03671,0.02516,0.03384,0.63601,0.01913,0.01564,0.01234,0.01185,0.01887,0.01417,0.02263
0.01645,0.07420,0.15776,0.02555,0.01463,0.01512,0.01672,0.02347,0.01528,0.04334,0.01692,0.03023,0.43920,0.01704,0.01727,0.01249,0.01258,0.01478,0.01418,0.02279
0.00923,0.01980,0.02859,0.01643,0.01059,0.01051,0.01021,0.01404,0.01111,0.02194,0.02287,0.06927,0.62482,0.02737,0.01886,0.01289,0.01305,0.01935,0.01456,0.02450
0.01537,0.06236,0.11692,0.02961,0.01367,0.01411,0.01465,0.02299,0.01545,0.04795,0.02183,0.02769,0.48282,0.01858,0.01709,0.01341,0.01334,0.01692,0.01431,0.02093
0.01313,0.04971,0.07516,0.02764,0.01297,0.01300,0.01379,0.01980,0.01313,0.04454,0.02910,0.02678,0.52419,0.01549,0.02375,0.01422,0.01437,0.02369,0.01513,0.03040
0.01390,0.02864,0.03790,0.02124,0.01394,0.01512,0.01412,0.01933,0.01400,0.03031,0.01744,0.03767,0.61532,0.01933,0.01771,0.01507,0.01427,0.01618,0.01417,0.02436
0.02107,0.04169,0.05775,0.03151,0.01888,0.02131,0.02113,0.02705,0.02025,0.05017,0.02887,0.04618,0.44947,0.02548,0.02532,0.01874,0.01715,0.02607,0.01872,0.03319
0.01355,0.03702,0.05734,0.02606,0.01263,0.01302,0.01458,0.01903,0.01435,0.03916,0.02139,0.02119,0.59395,0.01615,0.01873,0.01421,0.01288,0.01802,0.01459,0.02214
0.01584,0.08891,0.14510,0.04054,0.01449,0.01395,0.01547,0.02485,0.01376,0.07567,0.02004,0.05372,0.35246,0.02141,0.01985,0.01412,0.01582,0.01733,0.01419,0.02247
0.01992,0.03196,0.03911,0.02761,0.01597,0.01591,0.01580,0.02471,0.01606,0.03881,0.01773,0.04841,0.50889,0.02688,0.02640,0.02077,0.02818,0.02343,0.01944,0.03403
0.03186,0.05116,0.06398,0.04029,0.02377,0.02393,0.02749,0.04242,0.02238,0.05937,0.03361,0.09923,0.26724,0.03933,0.03088,0.02280,0.02318,0.03112,0.02565,0.04030
0.01618,0.05091,0.11012,0.01597,0.01644,0.01574,0.01499,0.01765,0.01580,0.01997,0.01630,0.01989,0.56401,0.01656,0.01622,0.01461,0.01616,0.01292,0.01244,0.01712
0.01089,0.04557,0.07965,0.02480,0.01051,0.01087,0.01111,0.01618,0.01083,0.03516,0.01595,0.02009,0.60850,0.01369,0.01531,0.01210,0.01218,0.01558,0.01119,0.01984
0.01748,0.03766,0.03878,0.03057,0.01752,0.01661,0.01871,0.02343,0.01773,0.04783,0.02115,0.04281,0.53138,0.02361,0.01815,0.01447,0.01695,0.02143,0.01668,0.02706
0.00801,0.02596,0.02360,0.02687,0.00612,0.00702,0.00692,0.01495,0.00627,0.04725,0.00762,0.01606,0.75564,0.00880,0.00691,0.00531,0.00552,0.00699,0.00531,0.00888
0.01824,0.04476,0.05352,0.03475,0.01999,0.02143,0.01864,0.02407,0.01981,0.05442,0.02286,0.03429,0.50781,0.01937,0.01918,0.01371,0.01522,0.02010,0.01458,0.02325
0.01422,0.09839,0.20222,0.02769,0.01577,0.01410,0.01607,0.02113,0.01560,0.05732,0.01529,0.07690,0.29661,0.02945,0.01634,0.01485,0.01708,0.01464,0.01513,0.02121
0.01526,0.04247,0.07244,0.02322,0.01126,0.01287,0.01194,0.01679,0.01328,0.03803,0.01518,0.02334,0.60271,0.01649,0.01583,0.01216,0.01409,0.01327,0.01127,0.01810
0.01644,0.04115,0.05055,0.03252,0.01553,0.01648,0.01581,0.02224,0.01880,0.04759,0.04548,0.04176,0.43427,0.02345,0.03283,0.01667,0.01723,0.03942,0.02283,0.04894
0.02067,0.06600,0.10548,0.03912,0.01732,0.01854,0.01810,0.02720,0.01881,0.06121,0.03377,0.08763,0.30997,0.03174,0.02532,0.01842,0.01949,0.02409,0.02056,0.03655
0.01356,0.02721,0.03544,0.02295,0.01428,0.01423,0.01398,0.01923,0.01437,0.03146,0.03065,0.04518,0.54235,0.02732,0.02778,0.01625,0.02216,0.02798,0.01872,0.03488
0.01416,0.03702,0.05870,0.02347,0.01079,0.01265,0.01250,0.01824,0.01168,0.03486,0.02035,0.02967,0.59842,0.01748,0.01667,0.01347,0.01491,0.01797,0.01325,0.02374
0.01536,0.03715,0.05568,0.02511,0.01481,0.01208,0.01313,0.02219,0.01381,0.03865,0.02763,0.07121,0.47662,0.03067,0.02996,0.01611,0.02195,0.02375,0.01788,0.03626
0.01079,0.03568,0.05521,0.02136,0.01210,0.01066,0.01109,0.01590,0.01111,0.03385,0.02074,0.04622,0.61091,0.01821,0.01534,0.01207,0.00990,0.01480,0.01275,0.02130
0.02096,0.05094,0.08498,0.03198,0.02031,0.02132,0.02016,0.03085,0.02122,0.05179,0.02330,0.03795,0.42950,0.02589,0.02329,0.01916,0.01876,0.02088,0.01595,0.03081
0.01269,0.04864,0.07055,0.03446,0.01276,0.01339,0.01030,0.02103,0.01459,0.05722,0.04227,0.02162,0.47207,0.01845,0.02646,0.01561,0.01528,0.03247,0.01775,0.04240
0.01604,0.03317,0.03771,0.02896,0.01657,0.01575,0.01549,0.02228,0.01557,0.04203,0.02089,0.03601,0.52353,0.02814,0.02621,0.01898,0.02501,0.02296,0.01936,0.03532
0.01487,0.03754,0.05220,0.02378,0.01574,0.01617,0.01518,0.02250,0.01522,0.03526,0.02019,0.02574,0.57771,0.01932,0.01995,0.01420,0.01739,0.01826,0.01376,0.02503
0.02320,0.04701,0.06897,0.03953,0.02346,0.02086,0.02166,0.03067,0.01900,0.05373,0.02383,0.04084,0.43736,0.02420,0.02253,0.02081,0.01815,0.02223,0.01569,0.02628
0.01167,0.03305,0.05453,0.02168,0.00988,0.00993,0.01091,0.01452,0.01178,0.03281,0.03156,0.02478,0.59886,0.01500,0.02209,0.01152,0.01387,0.02303,0.01491,0.03360
0.01657,0.08534,0.11166,0.06757,0.01642,0.01960,0.01801,0.03495,0.02002,0.11763,0.02196,0.02155,0.33397,0.01500,0.01885,0.01349,0.01326,0.01914,0.01299,0.02202
0.01511,0.04733,0.08507,0.02725,0.01504,0.01458,0.01336,0.02020,0.01238,0.04128,0.02193,0.02579,0.53926,0.01910,0.01986,0.01416,0.01331,0.01758,0.01518,0.02224
0.01009,0.05082,0.10431,0.01437,0.00982,0.01008,0.01048,0.01242,0.00971,0.01976,0.01679,0.02210,0.55004,0.02224,0.02634,0.01807,0.02394,0.01761,0.01621,0.03481
0.01390,0.03396,0.04850,0.02223,0.01303,0.01289,0.01170,0.01686,0.01250,0.03419,0.01431,0.02585,0.64758,0.01531,0.01311,0.01198,0.01178,0.01279,0.01127,0.01627
0.01657,0.04005,0.04989,0.03081,0.01810,0.01705,0.02072,0.02609,0.01721,0.04919,0.01696,0.02591,0.53599,0.02019,0.02216,0.01817,0.01843,0.01771,0.01647,0.02232
0.01958,0.06106,0.09055,0.04219,0.01817,0.01919,0.01855,0.02939,0.01754,0.06766,0.01583,0.02041,0.47283,0.01599,0.01668,0.01543,0.01593,0.01345,0.01194,0.01761
0.01127,0.04088,0.06242,0.02312,0.00979,0.00965,0.01072,0.01770,0.01072,0.04082,0.01178,0.01589,0.65551,0.01246,0.01176,0.00998,0.00966,0.01166,0.00879,0.01543
0.01962,0.05413,0.09250,0.03189,0.01819,0.01734,0.01754,0.02223,0.01726,0.04691,0.01956,0.02049,0.48833,0.02017,0.01992,0.01612,0.01789,0.01882,0.01827,0.02281
0.01446,0.05007,0.07753,0.02599,0.01524,0.01484,0.01537,0.02024,0.01636,0.04176,0.01758,0.02075,0.56085,0.01703,0.01604,0.01401,0.01412,0.01439,0.01237,0.02099
0.01095,0.04054,0.06907,0.02010,0.00951,0.00947,0.01008,0.01378,0.00999,0.03458,0.01278,0.03242,0.65531,0.01450,0.01043,0.00862,0.00839,0.00950,0.00709,0.01289
0.01237,0.03227,0.05261,0.01776,0.01251,0.01257,0.01234,0.01625,0.01259,0.02486,0.01702,0.04095,0.62751,0.02011,0.01611,0.01124,0.01362,0.01429,0.01242,0.02060
0.01727,0.03437,0.04641,0.02569,0.01684,0.02017,0.01832,0.02534,0.01794,0.04099,0.03159,0.05625,0.47011,0.02645,0.02654,0.01989,0.02108,0.02669,0.01913,0.03894
0.01177,0.02698,0.03755,0.01965,0.01012,0.01097,0.01182,0.01643,0.01097,0.02814,0.02462,0.03419,0.64738,0.01741,0.01723,0.01178,0.01189,0.01720,0.01243,0.02146
0.00872,0.03063,0.02281,0.03401,0.00908,0.00829,0.00898,0.01766,0.00805,0.05974,0.01602,0.07288,0.61347,0.02478,0.01092,0.00888,0.00906,0.01209,0.00870,0.01523
0.01033,0.03363,0.05045,0.01916,0.00935,0.00899,0.01020,0.01555,0.01038,0.03417,0.02418,0.06874,0.56405,0.02943,0.02167,0.01302,0.01513,0.01994,0.01298,0.02865
0.01758,0.03815,0.04341,0.03200,0.01566,0.01669,0.01790,0.02395,0.01687,0.04590,0.03015,0.03663,0.49248,0.02341,0.02639,0.02004,0.02111,0.02679,0.01833,0.03656
0.01535,0.05434,0.08407,0.03343,0.01405,0.01256,0.01281,0.02378,0.01801,0.05831,0.01348,0.15788,0.38924,0.03811,0.01253,0.01059,0.01047,0.01262,0.01072,0.01765
0.01800,0.03722,0.04376,0.02757,0.01656,0.01745,0.01450,0.02401,0.01725,0.04360,0.01570,0.03165,0.55400,0.02316,0.02098,0.01796,0.01948,0.01798,0.01380,0.02537
0.01523,0.05941,0.12751,0.01993,0.01189,0.01492,0.01245,0.01775,0.01401,0.03442,0.01950,0.02448,0.52162,0.01722,0.01592,0.01233,0.01172,0.01509,0.01377,0.02083
0.01587,0.05090,0.07781,0.03144,0.01415,0.01492,0.01529,0.02233,0.01526,0.05306,0.01785,0.02532,0.53410,0.01660,0.01885,0.01366,0.01505,0.01537,0.01148,0.02071
0.01272,0.03623,0.06341,0.01860,0.01461,0.01222,0.01164,0.01587,0.01108,0.02719,0.02012,0.02771,0.59168,0.02105,0.02126,0.01914,0.01833,0.01761,0.01581,0.02372
0.01652,0.04652,0.06867,0.02878,0.01609,0.01614,0.01571,0.02179,0.01549,0.04384,0.03614,0.02891,0.38491,0.03196,0.04271,0.02775,0.03781,0.03546,0.02612,0.05868
0.01412,0.03816,0.06789,0.02126,0.01466,0.01342,0.01389,0.01924,0.01424,0.02742,0.03274,0.03926,0.44557,0.03094,0.04093,0.02227,0.03531,0.03247,0.02512,0.05109
0.01547,0.03118,0.03904,0.02448,0.01589,0.01702,0.01867,0.02245,0.01865,0.03523,0.03798,0.04291,0.38690,0.03816,0.04655,0.02978,0.04204,0.04114,0.03123,0.06523
0.02646,0.09717,0.14933,0.05201,0.02452,0.02383,0.02352,0.03746,0.02470,0.09054,0.02179,0.04840,0.22807,0.02724,0.02487,0.01827,0.02040,0.02002,0.01606,0.02534
0.01628,0.04029,0.06072,0.02618,0.01477,0.01762,0.01590,0.01920,0.01655,0.04103,0.01809,0.02316,0.56398,0.01861,0.02037,0.01657,0.01575,0.01789,0.01477,0.02227
0.01323,0.03307,0.05311,0.01944,0.01150,0.01242,0.01117,0.01544,0.01202,0.02953,0.02198,0.05748,0.57221,0.02469,0.02136,0.01421,0.01751,0.01748,0.01496,0.02718
0.01362,0.04233,0.06167,0.02800,0.01352,0.01310,0.01282,0.02014,0.01245,0.04462,0.01541,0.03772,0.59472,0.01772,0.01234,0.01079,0.01117,0.01189,0.00999,0.01598
0.01454,0.03961,0.06592,0.02323,0.01630,0.01418,0.01475,0.01965,0.01349,0.02889,0.02238,0.02022,0.57086,0.01949,0.02085,0.01882,0.01711,0.01921,0.01669,0.02381
0.01505,0.05043,0.08904,0.02304,0.01633,0.01639,0.01504,0.02002,0.01691,0.03472,0.02325,0.04583,0.49841,0.02189,0.02127,0.01627,0.01585,0.01826,0.01554,0.02646
0.02017,0.03280,0.04561,0.02597,0.01647,0.01610,0.01624,0.02569,0.02103,0.03308,0.02836,0.02845,0.46444,0.03073,0.03818,0.02460,0.03082,0.03128,0.02495,0.04503
0.01149,0.03401,0.05486,0.02209,0.00970,0.01141,0.00994,0.01452,0.01193,0.03169,0.07421,0.04074,0.42094,0.02107,0.04402,0.01533,0.01727,0.05301,0.02704,0.07472
0.01604,0.04987,0.07803,0.02764,0.01742,0.01709,0.01731,0.02267,0.01565,0.03986,0.02584,0.04009,0.45472,0.02684,0.02902,0.01851,0.02342,0.02299,0.01765,0.03935
0.02296,0.05224,0.04803,0.04740,0.02210,0.01969,0.02210,0.03160,0.02184,0.08392,0.01743,0.02987,0.47952,0.01655,0.01489,0.01302,0.01431,0.01436,0.01198,0.01619
0.02140,0.05590,0.08251,0.03662,0.01990,0.01867,0.01932,0.02722,0.01895,0.05970,0.02496,0.07743,0.35757,0.03193,0.02552,0.02062,0.02145,0.02605,0.02125,0.03305
0.01221,0.06531,0.13308,0.02187,0.01279,0.01416,0.01119,0.01804,0.01256,0.03501,0.01846,0.01879,0.53518,0.01358,0.01391,0.00995,0.01089,0.01343,0.01110,0.01849
0.01115,0.02192,0.03152,0.01521,0.00959,0.00990,0.01035,0.01421,0.01069,0.02243,0.01525,0.03439,0.69888,0.01731,0.01404,0.01042,0.01187,0.01216,0.01173,0.01697
0.01443,0.07652,0.14045,0.03090,0.01433,0.01425,0.01458,0.02287,0.01776,0.05905,0.03265,0.04010,0.38037,0.01819,0.02181,0.01185,0.01254,0.02821,0.01724,0.03190
0.01683,0.03885,0.05485,0.02768,0.01730,0.01438,0.01376,0.02174,0.01576,0.04517,0.01580,0.04349,0.56680,0.02030,0.01474,0.01191,0.01329,0.01473,0.01376,0.01886
0.02062,0.09097,0.17952,0.03020,0.01929,0.02008,0.01980,0.02685,0.01930,0.03922,0.01881,0.04145,0.33138,0.02442,0.02071,0.01617,0.01961,0.02014,0.01627,0.02518
0.02163,0.05865,0.05952,0.05081,0.02130,0.02113,0.02089,0.03423,0.02104,0.09196,0.03152,0.02449,0.36749,0.02413,0.02951,0.01993,0.02006,0.02661,0.02070,0.03441
0.01254,0.03521,0.04004,0.03458,0.01291,0.01069,0.01190,0.01960,0.01130,0.05654,0.01505,0.02454,0.61261,0.01596,0.01573,0.01259,0.01311,0.01374,0.01091,0.02044
0.01767,0.06454,0.10079,0.04089,0.02026,0.02173,0.01859,0.02969,0.01980,0.06464,0.01731,0.01902,0.44053,0.01807,0.01957,0.01580,0.01736,0.01623,0.01459,0.02293
0.01529,0.06475,0.11764,0.03345,0.01508,0.01325,0.01555,0.02053,0.01324,0.05672,0.02068,0.05693,0.44012,0.02440,0.01585,0.01290,0.01201,0.01583,0.01501,0.02078
0.01444,0.05866,0.08270,0.04173,0.01509,0.01375,0.01333,0.02432,0.01264,0.07404,0.01225,0.02447,0.52014,0.01452,0.01346,0.01216,0.01115,0.01378,0.01094,0.01643
0.01451,0.07636,0.15090,0.03036,0.01710,0.01476,0.01550,0.02441,0.01430,0.05577,0.01446,0.01597,0.46623,0.01303,0.01356,0.01109,0.01143,0.01311,0.01098,0.01616
0.01917,0.07037,0.13493,0.03788,0.01815,0.01946,0.01910,0.02369,0.01873,0.05276,0.01853,0.03175,0.41997,0.01858,0.01699,0.01487,0.01338,0.01661,0.01405,0.02102
0.01306,0.04141,0.06511,0.02307,0.01452,0.01343,0.01172,0.01891,0.01291,0.03876,0.01575,0.03387,0.59216,0.01726,0.01655,0.01237,0.01229,0.01489,0.01278,0.01918
0.01124,0.05474,0.11313,0.01908,0.00986,0.01079,0.01199,0.01461,0.01286,0.03068,0.02467,0.14122,0.41061,0.03834,0.01603,0.01064,0.01303,0.01627,0.01316,0.02706
0.01214,0.06107,0.09679,0.03213,0.01402,0.01337,0.01342,0.02089,0.01338,0.05502,0.01530,0.02606,0.53662,0.01461,0.01331,0.01032,0.01076,0.01346,0.01063,0.01671
0.01329,0.03371,0.04723,0.02320,0.01158,0.01264,0.01260,0.02049,0.01338,0.03715,0.01977,0.02869,0.61836,0.01712,0.01627,0.01172,0.01147,0.01681,0.01241,0.02211
0.01411,0.03112,0.02916,0.02898,0.01324,0.01323,0.01504,0.02014,0.01364,0.04641,0.02758,0.02599,0.58004,0.01719,0.02393,0.01470,0.01518,0.02365,0.01558,0.03109
0.01176,0.03525,0.05587,0.01940,0.01095,0.01154,0.01046,0.01451,0.01073,0.03132,0.01656,0.04146,0.62205,0.02026,0.01560,0.01094,0.01418,0.01552,0.01171,0.01994
0.01381,0.07128,0.11069,0.03391,0.01457,0.01462,0.01584,0.02427,0.01465,0.06221,0.03681,0.03177,0.38527,0.02070,0.02969,0.01662,0.01816,0.02808,0.01797,0.03908
0.01164,0.05206,0.03458,0.05347,0.01161,0.01222,0.01241,0.02725,0.01186,0.10635,0.01999,0.03768,0.50878,0.01743,0.01490,0.01013,0.01058,0.01545,0.01125,0.02036
0.01505,0.06613,0.11794,0.03166,0.01529,0.01380,0.01457,0.02522,0.01534,0.05486,0.02710,0.02425,0.43634,0.02000,0.02277,0.01461,0.01603,0.02282,0.01672,0.02950
0.01128,0.08086,0.16330,0.02877,0.01119,0.00987,0.01034,0.01720,0.01074,0.05119,0.02472,0.02251,0.43607,0.01716,0.02047,0.01184,0.01255,0.02030,0.01394,0.02571
0.01629,0.04523,0.07903,0.02830,0.01664,0.01522,0.01755,0.02271,0.01629,0.04051,0.01843,0.02470,0.51912,0.01953,0.02154,0.01734,0.01806,0.01954,0.01629,0.02770
0.02182,0.03475,0.04074,0.03345,0.01831,0.01877,0.01876,0.02692,0.01914,0.04751,0.02447,0.03067,0.51388,0.02029,0.02262,0.01773,0.01841,0.02478,0.01786,0.02912
0.02311,0.06742,0.12182,0.03680,0.02212,0.02116,0.02034,0.02940,0.02605,0.04891,0.02608,0.03284,0.36646,0.02340,0.02391,0.02133,0.01959,0.02067,0.02099,0.02759
0.01427,0.04190,0.05513,0.03268,0.01442,0.01465,0.01356,0.02246,0.01541,0.05089,0.01557,0.04576,0.55623,0.02011,0.01425,0.01203,0.01433,0.01519,0.01231,0.01882
0.01950,0.04648,0.05622,0.03638,0.01782,0.02061,0.02197,0.03411,0.01995,0.06559,0.02087,0.07741,0.41058,0.02897,0.02230,0.01559,0.01930,0.02121,0.01852,0.02662
0.01944,0.04789,0.06897,0.03429,0.01973,0.01980,0.01734,0.02472,0.01979,0.05547,0.01933,0.03206,0.47008,0.02270,0.02299,0.01685,0.02152,0.01899,0.01985,0.02819
0.01448,0.02525,0.03597,0.01912,0.01392,0.01329,0.01404,0.01918,0.01374,0.02550,0.01787,0.01481,0.64478,0.01555,0.02218,0.01606,0.01744,0.01720,0.01442,0.02519
0.01472,0.05644,0.09691,0.03369,0.01368,0.01350,0.01343,0.02205,0.01330,0.05024,0.02158,0.07268,0.44279,0.03226,0.01880,0.01300,0.01430,0.01637,0.01492,0.02533
0.01563,0.05342,0.06943,0.03989,0.01414,0.01718,0.01424,0.02540,0.01515,0.06909,0.03580,0.04436,0.42950,0.02307,0.02390,0.01494,0.01424,0.02685,0.01759,0.03620
0.01928,0.10878,0.23009,0.03375,0.01720,0.01827,0.01847,0.02596,0.02111,0.06677,0.01837,0.02057,0.27067,0.01853,0.02339,0.01327,0.01836,0.01754,0.01536,0.02426
0.01462,0.03100,0.04150,0.02512,0.01454,0.01465,0.01409,0.01941,0.01465,0.03593,0.02306,0.02937,0.55345,0.02406,0.02871,0.01897,0.02367,0.02310,0.01845,0.03163
0.01419,0.05144,0.05103,0.04501,0.01307,0.01303,0.01341,0.02725,0.01415,0.08188,0.01519,0.01861,0.54905,0.01422,0.01382,0.01168,0.01206,0.01303,0.01111,0.01675
0.01483,0.03147,0.03919,0.02484,0.01517,0.01350,0.01314,0.02271,0.01261,0.03794,0.01944,0.15337,0.44441,0.04252,0.02083,0.01471,0.01972,0.01835,0.01474,0.02651
0.01158,0.03987,0.05683,0.02824,0.01245,0.01114,0.01112,0.01921,0.01122,0.04602,0.01908,0.06483,0.55031,0.02530,0.01638,0.01269,0.01361,0.01565,0.01143,0.02306
0.01020,0.02681,0.04336,0.01495,0.01243,0.01203,0.01221,0.01497,0.01157,0.01942,0.01690,0.03474,0.64952,0.01981,0.01774,0.01380,0.01666,0.01618,0.01305,0.02364
0.01583,0.03869,0.04769,0.02870,0.01637,0.01572,0.01476,0.02535,0.01576,0.04628,0.02919,0.02660,0.55076,0.01605,0.02169,0.01399,0.01447,0.02040,0.01396,0.02774
0.01133,0.05506,0.10810,0.02202,0.01161,0.01110,0.01198,0.01697,0.01257,0.03490,0.01925,0.04379,0.54555,0.01650,0.01227,0.00918,0.01022,0.01449,0.01192,0.02118
0.02204,0.03905,0.07141,0.02408,0.02366,0.02501,0.01939,0.03068,0.02084,0.03030,0.04389,0.06953,0.34747,0.03546,0.03208,0.02289,0.02887,0.03531,0.03032,0.04772
0.01471,0.03047,0.04723,0.02146,0.01505,0.01428,0.01299,0.02050,0.01546,0.02961,0.05284,0.04762,0.42888,0.02977,0.04288,0.02226,0.02460,0.04291,0.02567,0.06079
0.00652,0.02290,0.02929,0.01447,0.00697,0.00708,0.00590,0.01068,0.00639,0.02507,0.00998,0.01531,0.78168,0.00919,0.00883,0.00615,0.00791,0.00887,0.00591,0.01090
0.01319,0.03862,0.05575,0.02677,0.01254,0.01244,0.01158,0.01800,0.01216,0.04157,0.01519,0.04430,0.59632,0.02022,0.01516,0.01120,0.01339,0.01204,0.00989,0.01966
0.00959,0.01537,0.02162,0.01332,0.00981,0.00993,0.00833,0.01392,0.01045,0.01648,0.01387,0.02667,0.72151,0.01673,0.01849,0.01237,0.01678,0.01271,0.01083,0.02122
0.01524,0.04880,0.07807,0.02822,0.01450,0.01429,0.01339,0.02135,0.01510,0.04502,0.03045,0.13655,0.36894,0.04140,0.02124,0.01490,0.01661,0.02568,0.01755,0.03270
0.01956,0.03758,0.06080,0.02451,0.01831,0.01880,0.01662,0.02311,0.02031,0.03240,0.02892,0.02858,0.48869,0.02491,0.02902,0.02100,0.02536,0.02421,0.01964,0.03768
0.01404,0.03672,0.03658,0.04414,0.01421,0.01294,0.01563,0.02667,0.01230,0.07529,0.01712,0.05322,0.54292,0.01868,0.01391,0.01253,0.01196,0.01370,0.00971,0.01771
0.01565,0.03860,0.05100,0.02499,0.01607,0.01529,0.01582,0.02143,0.01389,0.04130,0.01630,0.03858,0.56578,0.02342,0.01757,0.01533,0.01547,0.01680,0.01478,0.02192
0.01883,0.06982,0.11493,0.03723,0.01969,0.01947,0.01709,0.02967,0.01979,0.06277,0.02463,0.03347,0.38195,0.02337,0.02249,0.01733,0.01796,0.02259,0.01883,0.02808
0.01239,0.05676,0.10062,0.02004,0.01266,0.01164,0.01014,0.01791,0.01206,0.03554,0.01451,0.02169,0.57714,0.01505,0.01531,0.01275,0.01228,0.01362,0.01139,0.01651
0.01726,0.04512,0.07154,0.02474,0.01377,0.01533,0.01620,0.02286,0.01556,0.03599,0.02092,0.02018,0.53530,0.01921,0.02187,0.01713,0.02018,0.02157,0.01778,0.02748
0.01604,0.04149,0.04791,0.03765,0.01402,0.01366,0.01599,0.02412,0.01460,0.06446,0.02209,0.06226,0.48323,0.02573,0.02139,0.01581,0.01648,0.01992,0.01504,0.02809
0.01662,0.04785,0.05655,0.03960,0.01554,0.01684,0.01477,0.02592,0.01620,0.06849,0.02482,0.09610,0.38191,0.03933,0.02276,0.01984,0.02082,0.02368,0.01948,0.03289
0.01589,0.04591,0.07150,0.02856,0.01519,0.01507,0.01617,0.02225,0.01665,0.04673,0.02041,0.02605,0.52492,0.02053,0.02165,0.01531,0.01637,0.01858,0.01680,0.02547
0.01405,0.03175,0.04724,0.01943,0.01289,0.01345,0.01193,0.01876,0.01230,0.02767,0.02918,0.03152,0.57996,0.02273,0.02347,0.01644,0.01705,0.02371,0.01651,0.02996
0.01446,0.02642,0.03715,0.01945,0.01284,0.01221,0.01337,0.01842,0.01462,0.02862,0.01742,0.02956,0.62799,0.02068,0.01842,0.01458,0.01796,0.01685,0.01508,0.02390
0.01157,0.06280,0.14284,0.01385,0.01146,0.01126,0.01072,0.01421,0.01149,0.01888,0.01238,0.02687,0.56271,0.01410,0.01470,0.01053,0.01189,0.01164,0.01111,0.01499
0.01887,0.04620,0.07763,0.03192,0.01680,0.01787,0.01712,0.02544,0.01609,0.04302,0.01689,0.05304,0.48190,0.02533,0.01940,0.01679,0.01975,0.01765,0.01549,0.02280
0.01097,0.02531,0.03457,0.01646,0.01036,0.01168,0.01040,0.01484,0.01036,0.02777,0.01656,0.03319,0.68587,0.01588,0.01335,0.00919,0.01031,0.01418,0.01088,0.01786
0.01482,0.03082,0.04042,0.02272,0.01499,0.01700,0.01521,0.02120,0.01689,0.03552,0.01714,0.02798,0.59405,0.02183,0.01871,0.01564,0.01912,0.01633,0.01699,0.02261
0.01886,0.03169,0.04496,0.02710,0.02029,0.02115,0.01827,0.02539,0.01989,0.03518,0.02867,0.05249,0.42884,0.03220,0.03670,0.02453,0.03632,0.02826,0.02319,0.04603
0.01582,0.04656,0.06783,0.02639,0.01625,0.01507,0.01381,0.02282,0.01453,0.04787,0.02488,0.02160,0.47677,0.02156,0.03402,0.02192,0.02748,0.02564,0.01858,0.04061
0.01628,0.06209,0.10926,0.03403,0.01424,0.01337,0.01603,0.02122,0.01459,0.05763,0.01563,0.06586,0.45600,0.02229,0.01416,0.01314,0.01155,0.01470,0.01017,0.01778
0.02021,0.04441,0.06224,0.03325,0.02093,0.02011,0.02088,0.02880,0.02156,0.04655,0.02521,0.04611,0.42412,0.03002,0.02888,0.02642,0.02196,0.02448,0.02254,0.03132
0.01948,0.04420,0.05983,0.03129,0.02007,0.01994,0.01738,0.02689,0.01879,0.04938,0.02091,0.05251,0.46589,0.02900,0.02232,0.01973,0.01881,0.02000,0.01872,0.02486
0.01393,0.03067,0.05385,0.02082,0.01268,0.01224,0.01206,0.01456,0.01162,0.02580,0.01577,0.02973,0.64964,0.01682,0.01470,0.01218,0.01141,0.01438,0.01139,0.01576
0.01392,0.04741,0.09590,0.01980,0.01348,0.01343,0.01440,0.01824,0.01441,0.02487,0.01480,0.04657,0.56242,0.02142,0.01314,0.01087,0.01114,0.01437,0.01239,0.01700
0.02143,0.04874,0.05937,0.03228,0.02140,0.01842,0.01983,0.02491,0.02234,0.05081,0.02609,0.02903,0.43612,0.02432,0.03065,0.02442,0.02666,0.02554,0.02007,0.03756
0.01286,0.05661,0.08137,0.03624,0.01255,0.01105,0.01141,0.02120,0.01230,0.06723,0.01246,0.11093,0.44934,0.03084,0.01195,0.01078,0.01085,0.01243,0.01116,0.01643
0.01456,0.05779,0.08386,0.03288,0.01527,0.01554,0.01346,0.02489,0.01592,0.05751,0.02899,0.04928,0.44233,0.02460,0.02384,0.01352,0.01576,0.02296,0.01619,0.03087
0.01349,0.03377,0.05695,0.01833,0.01358,0.01366,0.01421,0.01955,0.01533,0.02617,0.02760,0.05229,0.51583,0.02806,0.02978,0.01711,0.02134,0.02681,0.01858,0.03757
0.01742,0.04882,0.06896,0.03099,0.01622,0.01518,0.01552,0.02489,0.01714,0.05425,0.01550,0.07223,0.48435,0.02693,0.01709,0.01220,0.01526,0.01410,0.01313,0.01981
0.01276,0.08441,0.15162,0.03113,0.01121,0.01262,0.01376,0.02071,0.01204,0.06363,0.02481,0.06903,0.36517,0.02343,0.01812,0.01135,0.01342,0.02159,0.01342,0.02577
0.01495,0.04846,0.06683,0.03316,0.01394,0.01478,0.01495,0.02427,0.01745,0.05797,0.02196,0.09100,0.43980,0.03161,0.01784,0.01569,0.01387,0.01913,0.01453,0.02781
0.01781,0.07803,0.13979,0.03985,0.01695,0.01852,0.01664,0.02690,0.01736,0.06371,0.02180,0.06660,0.33343,0.02888,0.02037,0.01577,0.01620,0.01949,0.01538,0.02652
0.01305,0.03601,0.05663,0.02089,0.01418,0.01420,0.01306,0.01873,0.01504,0.03346,0.02367,0.01811,0.58488,0.01919,0.02247,0.01625,0.01694,0.02078,0.01628,0.02618
0.02313,0.03959,0.05910,0.02769,0.02019,0.02185,0.02010,0.02682,0.01987,0.04197,0.02457,0.03493,0.48212,0.02501,0.02222,0.01878,0.02093,0.02285,0.01966,0.02862
0.01478,0.06543,0.12684,0.02394,0.01544,0.01336,0.01335,0.01935,0.01396,0.04139,0.01164,0.04491,0.48850,0.01922,0.01568,0.01269,0.01413,0.01311,0.01301,0.01925
0.01836,0.06009,0.12382,0.02505,0.01816,0.01728,0.01769,0.02174,0.01967,0.03795,0.03275,0.03847,0.39542,0.02324,0.02659,0.01755,0.01733,0.02903,0.02168,0.03812
0.01464,0.04956,0.09564,0.02269,0.01706,0.01507,0.01367,0.02100,0.01627,0.04293,0.01802,0.02286,0.53028,0.01930,0.01728,0.01516,0.01733,0.01744,0.01397,0.01984
0.01359,0.06207,0.12251,0.02233,0.01492,0.01379,0.01360,0.02042,0.01578,0.03385,0.02133,0.05774,0.45643,0.02405,0.01777,0.01366,0.01685,0.01922,0.01350,0.02658
0.01546,0.06550,0.12172,0.02838,0.01625,0.01627,0.01350,0.02388,0.01627,0.05251,0.01515,0.01788,0.50150,0.01540,0.01418,0.01275,0.01238,0.01246,0.01042,0.01813
0.01386,0.02493,0.03367,0.01825,0.01208,0.01256,0.01242,0.01593,0.01388,0.02762,0.01136,0.02419,0.69443,0.01381,0.01248,0.01158,0.01175,0.01129,0.00963,0.01426
0.00970,0.02720,0.03985,0.02105,0.00941,0.00992,0.00948,0.01604,0.01058,0.02937,0.01856,0.13967,0.54880,0.03398,0.01296,0.00973,0.01091,0.01352,0.00949,0.01978
0.01555,0.04514,0.06566,0.02889,0.01470,0.01464,0.01676,0.02102,0.01547,0.04354,0.02893,0.03171,0.51325,0.01971,0.02353,0.01662,0.01756,0.02188,0.01777,0.02767
0.01820,0.08221,0.17593,0.02377,0.01574,0.01680,0.01737,0.02362,0.01521,0.03668,0.03166,0.04238,0.33341,0.02621,0.02377,0.01679,0.01835,0.02628,0.01973,0.03589
0.01962,0.05888,0.08848,0.03560,0.01676,0.01805,0.01788,0.02687,0.01768,0.05698,0.02276,0.02133,0.43434,0.02070,0.02596,0.02029,0.02225,0.02286,0.02027,0.03245
0.01078,0.04649,0.07171,0.02631,0.01166,0.01121,0.01133,0.01683,0.01027,0.04776,0.01324,0.03626,0.60091,0.01785,0.01113,0.00913,0.00978,0.01132,0.01048,0.01555
0.01809,0.04324,0.04632,0.04072,0.01668,0.01810,0.01628,0.02678,0.01918,0.06812,0.02063,0.02289,0.50013,0.02186,0.02224,0.01818,0.01728,0.02080,0.01675,0.02571
0.01526,0.06199,0.10351,0.03017,0.01495,0.01318,0.01630,0.02050,0.01291,0.05349,0.01950,0.03633,0.47089,0.01986,0.02118,0.01449,0.01649,0.01774,0.01613,0.02514
0.01810,0.03465,0.04970,0.02526,0.01715,0.01766,0.01713,0.02209,0.01563,0.03284,0.02446,0.02699,0.50807,0.02454,0.03156,0.02284,0.02493,0.02744,0.02046,0.03847
0.01352,0.03871,0.08221,0.01534,0.01054,0.01153,0.01233,0.01682,0.01165,0.01977,0.02007,0.21668,0.36715,0.05576,0.01628,0.01398,0.01617,0.01924,0.01376,0.02849
0.01505,0.02145,0.02852,0.01717,0.01330,0.01403,0.01276,0.01837,0.01422,0.01936,0.01689,0.04193,0.66076,0.01832,0.01550,0.01331,0.01221,0.01448,0.01224,0.02013
0.01850,0.03550,0.05077,0.02666,0.01707,0.01772,0.01769,0.02462,0.01852,0.03616,0.02497,0.04082,0.52811,0.02219,0.01995,0.01700,0.01851,0.02176,0.01610,0.02738
0.01987,0.04492,0.07697,0.02684,0.01764,0.01666,0.01470,0.02604,0.01742,0.04159,0.02447,0.03493,0.48792,0.02091,0.02422,0.01671,0.01996,0.02307,0.01653,0.02863
0.01666,0.04428,0.05611,0.03416,0.01706,0.01555,0.01684,0.02512,0.01804,0.05570,0.05613,0.05115,0.36602,0.02571,0.03844,0.01991,0.01973,0.04127,0.02316,0.05896
0.01364,0.03635,0.05995,0.01982,0.01388,0.01357,0.01404,0.01878,0.01418,0.03288,0.02087,0.07301,0.53091,0.02917,0.01805,0.01479,0.01685,0.01863,0.01449,0.02616
0.01975,0.05817,0.08673,0.03515,0.01718,0.01613,0.01661,0.02768,0.01903,0.06452,0.02073,0.07832,0.38790,0.03109,0.02147,0.01571,0.01906,0.01942,0.01717,0.02818
0.02054,0.02876,0.03099,0.03036,0.01779,0.01898,0.01795,0.02884,0.01502,0.04542,0.01538,0.02063,0.59984,0.01708,0.01462,0.01543,0.01594,0.01387,0.01476,0.01781
0.01660,0.03733,0.05990,0.02495,0.01369,0.01379,0.01575,0.02175,0.01449,0.03487,0.01689,0.02771,0.60609,0.01596,0.01466,0.01215,0.01174,0.01182,0.01224,0.01763
0.01666,0.04401,0.06146,0.03191,0.01478,0.01608,0.01749,0.02344,0.01393,0.05149,0.01858,0.03484,0.52800,0.02139,0.01857,0.01455,0.01527,0.01640,0.01543,0.02571
0.01560,0.02735,0.04115,0.01906,0.01233,0.01358,0.01369,0.01746,0.01589,0.02362,0.02070,0.02117,0.60641,0.01961,0.02540,0.01623,0.01921,0.02135,0.01844,0.03175
0.01361,0.03478,0.05595,0.02247,0.01428,0.01435,0.01369,0.01863,0.01333,0.03268,0.01447,0.02196,0.63050,0.01634,0.01506,0.01322,0.01301,0.01273,0.01226,0.01668
0.01486,0.02987,0.04188,0.02305,0.01480,0.01558,0.01570,0.02286,0.01627,0.03248,0.05631,0.07502,0.39292,0.03228,0.04409,0.02082,0.02117,0.04436,0.02606,0.05961
0.01383,0.04591,0.06269,0.02514,0.01258,0.01547,0.01619,0.02136,0.01522,0.04166,0.03763,0.04137,0.45367,0.02607,0.03290,0.01804,0.02184,0.03185,0.02074,0.04583
0.01238,0.03974,0.06949,0.02054,0.01185,0.01175,0.01155,0.01550,0.01091,0.03104,0.01904,0.02089,0.58377,0.01891,0.02367,0.01571,0.02142,0.01962,0.01380,0.02840
0.00972,0.03366,0.05655,0.01838,0.01150,0.01025,0.01005,0.01334,0.01108,0.02981,0.01547,0.09064,0.58302,0.02550,0.01435,0.01082,0.01224,0.01351,0.01231,0.01779
0.01792,0.03785,0.04008,0.03580,0.01530,0.01700,0.01662,0.02531,0.01680,0.06179,0.00980,0.02799,0.60231,0.01359,0.01071,0.01090,0.00928,0.00996,0.00916,0.01182
0.01534,0.04521,0.06212,0.02678,0.01284,0.01273,0.01295,0.02071,0.01285,0.04938,0.01446,0.02167,0.59454,0.01355,0.01476,0.01270,0.01146,0.01523,0.01187,0.01884
0.02426,0.05521,0.05261,0.04579,0.02160,0.02245,0.02277,0.03681,0.02342,0.07814,0.01965,0.08163,0.38828,0.02880,0.01718,0.01429,0.01452,0.01686,0.01453,0.02120
0.01123,0.04668,0.05330,0.03711,0.01100,0.00991,0.01075,0.02188,0.01013,0.06714,0.01031,0.03179,0.60947,0.01441,0.00912,0.00893,0.00831,0.00936,0.00798,0.01118
0.01126,0.02953,0.04528,0.01688,0.01118,0.01084,0.01000,0.01366,0.01282,0.02752,0.01217,0.01612,0.69645,0.01227,0.01255,0.01157,0.01157,0.01124,0.01052,0.01658
0.01462,0.05674,0.09527,0.02925,0.01481,0.01352,0.01449,0.02063,0.01354,0.04873,0.04010,0.03716,0.42134,0.02345,0.03144,0.01678,0.01744,0.02915,0.02091,0.04064
0.01825,0.06688,0.12687,0.03428,0.01717,0.01803,0.01707,0.02338,0.01638,0.04857,0.03205,0.03181,0.38075,0.02365,0.02514,0.01914,0.02184,0.02667,0.01781,0.03426
0.00906,0.06276,0.14965,0.01177,0.01084,0.00988,0.01045,0.01290,0.00977,0.01712,0.01266,0.01553,0.57314,0.01455,0.01473,0.01111,0.01287,0.01274,0.01044,0.01806
0.01678,0.05450,0.08579,0.02958,0.01609,0.01686,0.01565,0.02394,0.01670,0.04747,0.02107,0.03560,0.49707,0.02161,0.01806,0.01326,0.01503,0.01754,0.01403,0.02338
0.01851,0.05401,0.09437,0.02364,0.01931,0.02012,0.01612,0.02454,0.01757,0.03427,0.01780,0.02704,0.50909,0.01938,0.01850,0.01758,0.01703,0.01593,0.01599,0.01918
0.00905,0.03117,0.04579,0.01778,0.00728,0.00853,0.00871,0.01434,0.00914,0.03275,0.01549,0.03241,0.68686,0.01381,0.01171,0.00771,0.00856,0.01268,0.00915,0.01709
0.01391,0.03999,0.07416,0.02007,0.01442,0.01176,0.01165,0.01639,0.01511,0.02791,0.01580,0.02767,0.61253,0.01568,0.01500,0.01162,0.01209,0.01465,0.01097,0.01863
0.01350,0.03728,0.06012,0.02236,0.01301,0.01394,0.01263,0.02034,0.01423,0.03237,0.01825,0.01538,0.61550,0.01608,0.01674,0.01255,0.01446,0.01550,0.01379,0.02196
0.01820,0.06447,0.09035,0.03687,0.01805,0.01866,0.01634,0.02705,0.01880,0.06639,0.01686,0.02915,0.47160,0.01739,0.01547,0.01465,0.01348,0.01377,0.01361,0.01883
0.01767,0.03015,0.04379,0.02082,0.01595,0.01953,0.01902,0.01960,0.01686,0.02761,0.02077,0.03578,0.57519,0.01949,0.02020,0.01646,0.01811,0.02053,0.01762,0.02483
0.00897,0.02677,0.04231,0.01522,0.00996,0.00990,0.00914,0.01232,0.00858,0.02500,0.01582,0.03263,0.68709,0.01638,0.01494,0.01054,0.01241,0.01358,0.01114,0.01731
0.01938,0.04786,0.08611,0.02909,0.01671,0.01541,0.01660,0.02264,0.01459,0.03553,0.01686,0.02994,0.53579,0.02037,0.01648,0.01517,0.01592,0.01402,0.01212,0.01940
0.01312,0.05136,0.07435,0.03500,0.01196,0.01263,0.01176,0.02237,0.01217,0.06611,0.02152,0.03207,0.52768,0.01755,0.01575,0.01223,0.01154,0.01604,0.01243,0.02234
0.02209,0.05312,0.08233,0.03346,0.02087,0.02323,0.01932,0.02847,0.02154,0.05686,0.02682,0.08245,0.35273,0.03316,0.02575,0.02155,0.02333,0.02359,0.01851,0.03081
0.01889,0.07806,0.16178,0.02174,0.01639,0.01821,0.01635,0.02361,0.01699,0.03435,0.01566,0.04429,0.40136,0.02338,0.01878,0.01614,0.02008,0.01689,0.01544,0.02159
0.01918,0.05795,0.08159,0.03756,0.01674,0.01871,0.01591,0.02948,0.01659,0.06495,0.02248,0.04751,0.41773,0.02611,0.02300,0.01817,0.01964,0.02103,0.01382,0.03185
0.02353,0.07369,0.14996,0.02530,0.02061,0.01880,0.01816,0.02592,0.02043,0.03885,0.01974,0.06446,0.32614,0.03323,0.02707,0.01784,0.02285,0.02243,0.01953,0.03145
0.01410,0.04122,0.05440,0.02683,0.01313,0.01169,0.01360,0.01994,0.01303,0.04424,0.02026,0.03473,0.57498,0.01864,0.01741,0.01307,0.01338,0.01736,0.01563,0.02236
0.01865,0.04097,0.05315,0.03020,0.01668,0.01574,0.01578,0.02532,0.01556,0.04275,0.02247,0.02034,0.55635,0.01887,0.01854,0.01546,0.01603,0.01789,0.01526,0.02398
0.01864,0.05850,0.08021,0.03055,0.02041,0.01861,0.01975,0.02838,0.02011,0.05151,0.02503,0.03587,0.44717,0.02302,0.01924,0.01725,0.01915,0.02171,0.01677,0.02812
0.01094,0.02851,0.04502,0.01850,0.01217,0.01172,0.01174,0.01481,0.01164,0.02566,0.02777,0.03263,0.61230,0.01897,0.02059,0.01379,0.01378,0.02175,0.01558,0.03213
0.01451,0.03884,0.06411,0.02030,0.01523,0.01436,0.01698,0.02016,0.01626,0.02911,0.01653,0.01653,0.60815,0.01447,0.01790,0.01424,0.01570,0.01470,0.01154,0.02038
0.01333,0.05460,0.07208,0.03258,0.01520,0.01396,0.01307,0.02297,0.01562,0.06233,0.01642,0.09047,0.47044,0.02610,0.01328,0.01286,0.01113,0.01366,0.01159,0.01830
0.01877,0.04638,0.06072,0.03233,0.01817,0.01677,0.01840,0.02727,0.01934,0.04745,0.03484,0.02725,0.46534,0.02207,0.02769,0.01764,0.01748,0.02666,0.02089,0.03457
0.01597,0.04416,0.07229,0.02300,0.01446,0.01610,0.01347,0.02134,0.01537,0.03565,0.01449,0.10098,0.48037,0.03403,0.01509,0.01538,0.01774,0.01601,0.01371,0.02042
0.01007,0.02457,0.03935,0.01592,0.00889,0.00912,0.00931,0.01423,0.01075,0.02455,0.01665,0.02281,0.71085,0.01187,0.01254,0.01058,0.00927,0.01338,0.01042,0.01487
0.01494,0.04379,0.07435,0.02540,0.01659,0.01525,0.01496,0.02091,0.01361,0.03775,0.02736,0.08274,0.44622,0.03428,0.02262,0.01979,0.01788,0.02313,0.01846,0.02997
0.01355,0.04668,0.08700,0.02567,0.01612,0.01406,0.01445,0.01874,0.01559,0.03618,0.04106,0.03176,0.45315,0.02488,0.03310,0.01841,0.01999,0.02807,0.02126,0.04027
0.01386,0.04500,0.05835,0.03942,0.01541,0.01393,0.01563,0.02480,0.01503,0.06293,0.01799,0.02428,0.51631,0.02033,0.02184,0.01626,0.01956,0.01867,0.01497,0.02542
0.00913,0.02067,0.03103,0.01358,0.00704,0.00836,0.00691,0.01113,0.00750,0.02003,0.01283,0.02594,0.75477,0.01209,0.01006,0.00873,0.00827,0.00981,0.00839,0.01376
0.01205,0.03013,0.03634,0.02128,0.01283,0.01386,0.01208,0.01720,0.01259,0.03411,0.04354,0.07069,0.50488,0.02950,0.02603,0.01578,0.01584,0.03005,0.01956,0.04164
0.01062,0.02975,0.04387,0.01822,0.00882,0.01029,0.00943,0.01343,0.00963,0.02885,0.02272,0.03014,0.65101,0.01890,0.01744,0.01141,0.01352,0.01665,0.01269,0.02260
0.01728,0.03218,0.04090,0.02156,0.01467,0.01386,0.01530,0.02098,0.01503,0.03168,0.01172,0.01890,0.66222,0.01264,0.01235,0.01162,0.01110,0.01104,0.01003,0.01494
0.01673,0.04000,0.05973,0.02558,0.01334,0.01403,0.01233,0.02210,0.01307,0.03924,0.01363,0.02498,0.57286,0.02058,0.02054,0.01405,0.02104,0.01601,0.01363,0.02655
0.02114,0.05024,0.05008,0.04540,0.01910,0.01944,0.01960,0.03098,0.02057,0.07441,0.02234,0.07811,0.41332,0.02711,0.01827,0.01358,0.01586,0.01980,0.01632,0.02435
0.02413,0.04573,0.05334,0.04048,0.01992,0.02194,0.02116,0.03084,0.02203,0.05727,0.03651,0.07400,0.34669,0.03361,0.02905,0.02588,0.02361,0.03095,0.02451,0.03836
0.01690,0.04097,0.05389,0.02795,0.01682,0.01702,0.01387,0.02282,0.01632,0.04064,0.01875,0.05171,0.54348,0.02221,0.01552,0.01349,0.01496,0.01671,0.01376,0.02222
0.01390,0.07070,0.13936,0.02815,0.01254,0.01348,0.01285,0.02010,0.01295,0.04269,0.03484,0.04394,0.39908,0.02168,0.02391,0.01614,0.01750,0.02440,0.01736,0.03441
0.01342,0.05166,0.09303,0.01974,0.01317,0.01264,0.01146,0.01864,0.01129,0.03175,0.02210,0.03279,0.47349,0.02970,0.03164,0.02189,0.02553,0.02527,0.02104,0.03975
0.01696,0.05020,0.08886,0.02270,0.01412,0.01680,0.01384,0.02246,0.01393,0.03769,0.01726,0.05021,0.50950,0.02316,0.01938,0.01637,0.01562,0.01565,0.01366,0.02165
0.02237,0.05628,0.08546,0.03780,0.02029,0.01902,0.01887,0.02852,0.01947,0.06190,0.02436,0.04294,0.41067,0.02377,0.02405,0.01731,0.01881,0.02008,0.01819,0.02984
