0.00969,0.11916,0.00094,0.07419,0.03369,0.06663,0.02154,0.05171,0.10347,0.17892,0.02890,0.02233,0.01435,0.00675,0.08691,0.07757,0.00063,0.05369,0.04837,0.00056
0.00160,0.02586,0.00875,0.01477,0.01185,0.01137,0.03142,0.01930,0.05889,0.47685,0.01632,0.03553,0.10649,0.00486,0.05051,0.06785,0.00275,0.04579,0.00798,0.00127
0.00219,0.09683,0.00311,0.02642,0.00688,0.05135,0.02476,0.02017,0.03375,0.34529,0.01203,0.02319,0.15404,0.00217,0.00816,0.09747,0.05742,0.01646,0.01446,0.00386
0.00518,0.11353,0.00643,0.04040,0.05762,0.04937,0.02826,0.02017,0.06224,0.19361,0.03616,0.06706,0.01689,0.01231,0.01297,0.20111,0.00910,0.01330,0.04384,0.01044
0.00342,0.05862,0.00406,0.12334,0.00755,0.02110,0.01177,0.03767,0.08986,0.24643,0.02004,0.02375,0.05832,0.04316,0.03938,0.05255,0.04178,0.04395,0.07116,0.00208
0.00616,0.10438,0.00078,0.03354,0.01341,0.02877,0.02730,0.00374,0.07394,0.33208,0.00930,0.17326,0.02149,0.00492,0.05267,0.05827,0.01100,0.03452,0.00728,0.00320
0.00187,0.06488,0.00596,0.04325,0.00908,0.02328,0.05535,0.01675,0.03223,0.40104,0.00321,0.04068,0.01217,0.01672,0.07570,0.07539,0.07018,0.03908,0.01018,0.00301
0.00890,0.02097,0.00362,0.13533,0.01356,0.05163,0.11377,0.01622,0.05322,0.08262,0.03894,0.05349,0.03465,0.00971,0.16706,0.07800,0.03533,0.07261,0.00913,0.00125
0.00785,0.09953,0.00142,0.05685,0.02231,0.07008,0.02313,0.01246,0.09515,0.39657,0.00592,0.04049,0.01441,0.00008,0.06433,0.03220,0.03925,0.00447,0.00769,0.00581
0.00226,0.06203,0.00124,0.19741,0.00539,0.01602,0.05097,0.01769,0.03309,0.37861,0.02804,0.02789,0.04618,0.00440,0.02353,0.04614,0.01035,0.01098,0.03644,0.00136
0.00535,0.14241,0.00150,0.08202,0.03262,0.05950,0.18884,0.02018,0.08879,0.11141,0.01011,0.09200,0.01811,0.00272,0.04105,0.04305,0.00266,0.02736,0.02986,0.00047
0.01067,0.07457,0.01559,0.23875,0.01097,0.04788,0.02611,0.01027,0.07365,0.22502,0.01100,0.03974,0.01093,0.00341,0.01464,0.04211,0.00036,0.09697,0.03257,0.01480
0.00407,0.14002,0.00270,0.05221,0.06832,0.01537,0.01327,0.03714,0.07172,0.11836,0.01759,0.03259,0.02724,0.00577,0.04679,0.11164,0.00615,0.21350,0.01239,0.00316
0.00573,0.05860,0.00049,0.15690,0.07054,0.02253,0.08848,0.00663,0.03319,0.26669,0.01035,0.01230,0.05488,0.00390,0.04101,0.11633,0.01036,0.02581,0.01440,0.00090
0.00945,0.11917,0.01049,0.08656,0.00946,0.13096,0.01558,0.00598,0.11812,0.10629,0.01544,0.04642,0.06825,0.00043,0.05193,0.14535,0.00935,0.01348,0.03670,0.00059
0.00721,0.10419,0.00090,0.04197,0.01499,0.07708,0.14689,0.02346,0.05769,0.09853,0.03019,0.16066,0.01590,0.00869,0.07010,0.03480,0.00085,0.01074,0.03438,0.06077
0.00126,0.13740,0.00545,0.27917,0.00532,0.01762,0.01809,0.01619,0.03757,0.22474,0.03886,0.06461,0.04624,0.00721,0.03160,0.02983,0.00709,0.01516,0.01341,0.00318
0.00028,0.22430,0.00974,0.05294,0.00342,0.06886,0.02936,0.06983,0.10183,0.17144,0.00910,0.02139,0.06055,0.02612,0.08334,0.02157,0.00679,0.02484,0.01177,0.00253
0.00923,0.14653,0.00221,0.03452,0.05179,0.10154,0.06252,0.00837,0.04727,0.27622,0.01189,0.01859,0.02102,0.00385,0.01471,0.04324,0.11020,0.01952,0.01430,0.00248
0.00343,0.03603,0.11593,0.18101,0.01148,0.03327,0.05759,0.01126,0.07745,0.07029,0.00831,0.05400,0.12241,0.01178,0.09840,0.03277,0.00487,0.04000,0.02645,0.00328
0.00318,0.09192,0.00127,0.04690,0.01313,0.20492,0.08820,0.01983,0.01297,0.34870,0.04228,0.01628,0.01815,0.01347,0.00539,0.03611,0.00061,0.02295,0.01131,0.00243
0.00357,0.13101,0.00340,0.10379,0.00800,0.04513,0.01217,0.03820,0.09150,0.15151,0.02468,0.15512,0.02162,0.00737,0.05322,0.09978,0.00347,0.01861,0.02677,0.00107
0.00532,0.18282,0.00414,0.15382,0.00506,0.04811,0.01059,0.02362,0.07027,0.25260,0.00890,0.03010,0.01244,0.00249,0.02152,0.03811,0.00245,0.11785,0.00795,0.00184
0.03461,0.03715,0.00161,0.12935,0.02224,0.10180,0.02311,0.04511,0.11266,0.11010,0.02385,0.01955,0.02528,0.02891,0.12081,0.07293,0.00633,0.03533,0.04512,0.00414
0.00691,0.20182,0.00753,0.03007,0.02057,0.07813,0.01778,0.02369,0.02406,0.14157,0.01200,0.01262,0.03274,0.01648,0.01258,0.07038,0.00149,0.28001,0.00514,0.00443
0.00485,0.18904,0.00027,0.04793,0.05430,0.09373,0.00795,0.00880,0.15424,0.26190,0.02232,0.01522,0.01305,0.00225,0.05665,0.02389,0.00357,0.01645,0.02105,0.00253
0.00356,0.07704,0.00413,0.04382,0.00996,0.03895,0.04448,0.12082,0.08411,0.28064,0.02778,0.02862,0.03259,0.00876,0.01026,0.04670,0.00459,0.11009,0.02251,0.00060
0.00349,0.19037,0.00606,0.04586,0.03912,0.01704,0.01235,0.03448,0.04755,0.13673,0.05222,0.13331,0.04599,0.00042,0.10162,0.08287,0.02958,0.01123,0.00660,0.00311
0.00994,0.22500,0.00548,0.07874,0.02749,0.03524,0.18022,0.02165,0.03347,0.14189,0.01855,0.02832,0.00803,0.00510,0.02190,0.06446,0.00118,0.07701,0.01117,0.00519
0.00389,0.18103,0.00188,0.08244,0.01429,0.02626,0.08770,0.05795,0.03236,0.12150,0.00925,0.10832,0.02028,0.00128,0.02081,0.15911,0.00143,0.03934,0.01573,0.01516
0.00301,0.02983,0.01312,0.09867,0.02648,0.16620,0.10821,0.00736,0.06054,0.24938,0.02969,0.04297,0.03398,0.00283,0.02118,0.05692,0.01325,0.01922,0.01452,0.00266
0.00896,0.04089,0.00053,0.22699,0.00189,0.03107,0.02645,0.01851,0.01293,0.43678,0.00525,0.02764,0.02750,0.00841,0.02335,0.02237,0.00129,0.02010,0.04671,0.01236
0.00824,0.19589,0.00074,0.08135,0.01572,0.02818,0.02448,0.04457,0.15450,0.11004,0.03644,0.05385,0.02768,0.03854,0.06276,0.07340,0.00123,0.01295,0.02258,0.00685
0.00616,0.12494,0.00115,0.05115,0.02403,0.03342,0.07959,0.02575,0.04539,0.22744,0.01097,0.04739,0.03471,0.11807,0.02176,0.03701,0.00019,0.04405,0.06078,0.00604
0.00677,0.07908,0.00027,0.19290,0.04160,0.02046,0.02531,0.03606,0.17183,0.14569,0.03940,0.07593,0.01906,0.00241,0.01304,0.01703,0.00174,0.06673,0.04096,0.00372
0.00205,0.18405,0.00038,0.18490,0.00764,0.09341,0.01921,0.01801,0.07427,0.16830,0.03457,0.03848,0.01468,0.00910,0.03840,0.06327,0.00335,0.01467,0.02507,0.00619
0.00284,0.13414,0.00338,0.02610,0.02737,0.03406,0.02562,0.08766,0.07001,0.11881,0.01372,0.04758,0.01420,0.00225,0.20181,0.10857,0.00225,0.05201,0.02341,0.00420
0.00509,0.09947,0.00150,0.09969,0.01847,0.07577,0.03060,0.13670,0.06214,0.12203,0.03039,0.11475,0.01647,0.00333,0.07241,0.06351,0.00741,0.01747,0.02156,0.00127
0.01073,0.04103,0.00019,0.06478,0.14688,0.02100,0.00823,0.01162,0.04140,0.50400,0.02809,0.02161,0.01511,0.00210,0.01085,0.02202,0.00005,0.03743,0.00976,0.00312
0.04032,0.03039,0.04827,0.05032,0.07379,0.07572,0.01452,0.01427,0.05081,0.13177,0.02357,0.10176,0.02232,0.09296,0.12330,0.05003,0.00963,0.01578,0.03031,0.00016
0.00346,0.07168,0.00458,0.06012,0.00678,0.05452,0.02033,0.04681,0.28799,0.08110,0.02020,0.05744,0.03505,0.00213,0.03281,0.10684,0.00717,0.07794,0.02079,0.00227
0.00306,0.04354,0.00113,0.07959,0.02292,0.01760,0.02137,0.01211,0.09441,0.27114,0.00812,0.15752,0.02300,0.00455,0.03344,0.14647,0.00048,0.03192,0.02298,0.00466
0.00347,0.04797,0.00277,0.04004,0.02447,0.02046,0.18077,0.02808,0.04572,0.30827,0.01311,0.02086,0.02465,0.00058,0.05570,0.15955,0.00706,0.00749,0.00851,0.00046
0.01255,0.07973,0.00184,0.16069,0.00319,0.11525,0.03258,0.08538,0.07019,0.17909,0.04549,0.01605,0.01526,0.00075,0.01545,0.04798,0.00252,0.00970,0.10293,0.00339
0.01206,0.08043,0.00630,0.11041,0.03781,0.02877,0.06192,0.04485,0.12791,0.19744,0.06376,0.03804,0.00809,0.00394,0.04944,0.04801,0.00775,0.05655,0.01203,0.00450
0.02912,0.15122,0.00184,0.03526,0.00743,0.03157,0.07987,0.01341,0.05448,0.22001,0.02953,0.12037,0.05471,0.00406,0.01708,0.11028,0.00111,0.02261,0.01573,0.00030
0.02247,0.11328,0.03962,0.05314,0.04626,0.02702,0.03599,0.03414,0.25222,0.10890,0.01646,0.02140,0.02757,0.00376,0.00634,0.05215,0.00298,0.06187,0.05532,0.01912
0.00418,0.16872,0.00147,0.14568,0.00847,0.12163,0.04815,0.00663,0.07563,0.16075,0.01481,0.07801,0.01957,0.00563,0.04639,0.05129,0.01042,0.01631,0.01106,0.00521
0.01277,0.02781,0.00483,0.10177,0.00387,0.03405,0.04338,0.01489,0.03111,0.23161,0.03327,0.09162,0.10380,0.00227,0.02423,0.20456,0.00201,0.01496,0.01222,0.00497
0.01098,0.07268,0.00013,0.19600,0.03275,0.07127,0.02149,0.02810,0.04859,0.14840,0.00952,0.11525,0.02424,0.00089,0.02076,0.11797,0.00592,0.06320,0.01038,0.00149
0.00276,0.09189,0.00401,0.08938,0.01456,0.03878,0.01987,0.01724,0.15014,0.24785,0.02403,0.01880,0.01507,0.00068,0.02370,0.13816,0.00077,0.02945,0.07154,0.00132
0.02297,0.09319,0.00300,0.05966,0.04971,0.03693,0.07301,0.03415,0.07502,0.21599,0.03052,0.14592,0.01621,0.02477,0.01424,0.06040,0.00056,0.02786,0.01227,0.00362
0.02876,0.03110,0.00262,0.23721,0.01260,0.05200,0.02954,0.01504,0.02650,0.21670,0.00562,0.02773,0.02452,0.01714,0.06909,0.15328,0.00145,0.03519,0.00995,0.00395
0.01488,0.13509,0.03972,0.10265,0.00648,0.12749,0.02629,0.01970,0.18243,0.05769,0.02195,0.10047,0.02880,0.00104,0.02586,0.02510,0.00152,0.04462,0.01611,0.02212
0.01071,0.03451,0.03445,0.07394,0.00690,0.02280,0.02734,0.03540,0.14899,0.28869,0.01769,0.02352,0.01886,0.00270,0.01195,0.04606,0.16198,0.01452,0.01805,0.00094
0.00691,0.18964,0.00550,0.06203,0.04933,0.04703,0.02663,0.02631,0.14706,0.16286,0.02750,0.08554,0.06583,0.00915,0.01622,0.01837,0.00157,0.02393,0.02106,0.00753
0.00876,0.16458,0.03533,0.04569,0.04123,0.03878,0.03704,0.02978,0.13919,0.06210,0.00665,0.05446,0.03575,0.01065,0.04500,0.04965,0.08671,0.02560,0.07946,0.00361
0.00703,0.12421,0.03205,0.16598,0.00749,0.04004,0.03341,0.07468,0.09428,0.14022,0.02084,0.03552,0.01242,0.00613,0.04912,0.11346,0.00102,0.02824,0.01302,0.00082
0.00170,0.07991,0.00137,0.05372,0.02497,0.04724,0.02447,0.00827,0.16229,0.31347,0.00588,0.02901,0.02575,0.00245,0.02789,0.03719,0.00321,0.00945,0.14040,0.00136
0.00414,0.05183,0.00060,0.10177,0.03628,0.14562,0.01838,0.00114,0.07569,0.18195,0.02715,0.02242,0.02319,0.00046,0.00587,0.02389,0.00383,0.25697,0.00748,0.01134
0.02048,0.24988,0.02038,0.10103,0.02772,0.05521,0.03250,0.02523,0.05540,0.21550,0.02705,0.03045,0.01814,0.00671,0.01984,0.06496,0.00184,0.01614,0.00687,0.00467
0.03726,0.04223,0.00463,0.12512,0.02514,0.01799,0.10261,0.06983,0.07156,0.06097,0.04333,0.05381,0.09856,0.00505,0.16115,0.01347,0.00071,0.03597,0.02701,0.00358
0.00535,0.15883,0.01014,0.06104,0.01939,0.04484,0.05008,0.02981,0.07095,0.29928,0.01945,0.05231,0.05912,0.00291,0.02659,0.03652,0.00293,0.01537,0.03396,0.00114
0.01092,0.06820,0.00008,0.16773,0.00996,0.01228,0.00561,0.04592,0.02233,0.28943,0.00778,0.02182,0.05265,0.00600,0.02392,0.14643,0.00077,0.03621,0.00892,0.06302
0.01211,0.12978,0.00204,0.11362,0.02566,0.02519,0.09703,0.00907,0.04151,0.10411,0.02696,0.10313,0.01833,0.01125,0.18448,0.05492,0.00328,0.02438,0.01244,0.00071
0.01856,0.13489,0.00766,0.09293,0.01062,0.21146,0.00770,0.02941,0.03511,0.15205,0.02756,0.12803,0.04584,0.00208,0.01319,0.01457,0.00671,0.04781,0.00919,0.00463
0.01219,0.11380,0.00065,0.09999,0.10793,0.05116,0.01150,0.01084,0.12628,0.23383,0.02819,0.00927,0.01691,0.00135,0.02368,0.07873,0.00384,0.04598,0.01869,0.00519
0.01907,0.09428,0.00495,0.03964,0.01268,0.04390,0.00776,0.04031,0.12487,0.25165,0.00318,0.02152,0.01125,0.00373,0.04157,0.21601,0.00140,0.04780,0.01406,0.00036
0.00738,0.09545,0.00536,0.07889,0.00711,0.02532,0.01692,0.00567,0.22382,0.20297,0.01118,0.01757,0.04770,0.00376,0.04189,0.08677,0.00575,0.08363,0.03273,0.00013
0.00814,0.05811,0.00163,0.06126,0.04727,0.03166,0.10537,0.01456,0.13768,0.13333,0.13233,0.06826,0.03389,0.00501,0.02068,0.03309,0.01076,0.05740,0.02831,0.01128
0.01067,0.05103,0.01267,0.12034,0.01804,0.09559,0.03086,0.02413,0.03725,0.33281,0.03666,0.02617,0.01221,0.00208,0.02136,0.07256,0.00511,0.06674,0.02242,0.00128
0.00387,0.04788,0.00266,0.06314,0.01679,0.05202,0.08603,0.12101,0.04097,0.26103,0.02397,0.02403,0.03248,0.00350,0.05208,0.12301,0.00828,0.03179,0.00468,0.00077
0.02646,0.08520,0.00676,0.27267,0.00107,0.13410,0.05585,0.00846,0.06781,0.12070,0.00951,0.02437,0.00987,0.01322,0.02748,0.10627,0.00055,0.01225,0.01029,0.00712
0.05717,0.05287,0.00212,0.08494,0.00412,0.05940,0.03797,0.03053,0.11236,0.26028,0.01094,0.03769,0.10103,0.00774,0.00909,0.04349,0.00096,0.02730,0.05880,0.00119
0.01073,0.10885,0.00153,0.07252,0.01133,0.10324,0.08884,0.00251,0.05851,0.29507,0.00660,0.02539,0.00586,0.00133,0.11110,0.03192,0.00126,0.03427,0.02609,0.00304
0.00484,0.08893,0.00796,0.08226,0.01301,0.18170,0.02489,0.01314,0.05513,0.17220,0.01275,0.04374,0.03045,0.01214,0.03913,0.10592,0.00842,0.03168,0.05305,0.01866
0.01727,0.17935,0.01092,0.03704,0.02340,0.03452,0.01562,0.02126,0.19694,0.20047,0.01663,0.06418,0.05041,0.00201,0.00634,0.08206,0.00281,0.01505,0.01056,0.01314
0.00296,0.07663,0.00111,0.05176,0.05609,0.03393,0.02358,0.00679,0.19736,0.20702,0.01211,0.05375,0.01018,0.00303,0.12950,0.03091,0.00103,0.07322,0.02586,0.00315
0.03597,0.06222,0.01457,0.08572,0.00884,0.02825,0.03032,0.05310,0.11318,0.17555,0.08146,0.03662,0.03642,0.00204,0.04231,0.05131,0.00959,0.08221,0.04189,0.00842
0.04493,0.05946,0.00468,0.11682,0.13920,0.01779,0.08657,0.01463,0.03676,0.30049,0.00992,0.01761,0.01958,0.01154,0.02876,0.04633,0.00572,0.03114,0.00471,0.00335
0.00823,0.23543,0.01338,0.02338,0.02054,0.03884,0.03436,0.03828,0.04442,0.15512,0.06119,0.01978,0.02313,0.00047,0.02713,0.10102,0.03407,0.07633,0.02464,0.02025
0.00435,0.07960,0.00342,0.06391,0.00979,0.03412,0.04521,0.12868,0.09073,0.14641,0.09194,0.02978,0.03440,0.02221,0.01808,0.11268,0.00448,0.07237,0.00729,0.00054
0.00307,0.19526,0.00402,0.02810,0.01165,0.13385,0.01381,0.01525,0.01592,0.26886,0.12379,0.00924,0.01029,0.00134,0.04598,0.05479,0.00186,0.01796,0.03848,0.00647
0.00379,0.14079,0.00090,0.02984,0.07613,0.02312,0.03602,0.01554,0.14965,0.20010,0.10333,0.03108,0.01370,0.00769,0.02691,0.06103,0.00263,0.05607,0.01030,0.01138
0.00224,0.03862,0.00108,0.08561,0.03222,0.04869,0.00838,0.02099,0.10292,0.43960,0.02807,0.07182,0.00746,0.00596,0.01192,0.04633,0.01882,0.01283,0.01489,0.00157
0.00617,0.11863,0.00378,0.08354,0.01277,0.04597,0.01109,0.00903,0.13660,0.45410,0.01974,0.02047,0.01390,0.00283,0.01153,0.01305,0.01159,0.01142,0.01158,0.00222
0.01213,0.11560,0.00300,0.17557,0.02362,0.06507,0.01530,0.01232,0.03163,0.18701,0.03919,0.01398,0.01874,0.00457,0.04374,0.17758,0.00472,0.02329,0.03113,0.00182
0.00124,0.05153,0.00199,0.09384,0.02333,0.06049,0.02447,0.01884,0.06624,0.35130,0.01396,0.01733,0.01393,0.00525,0.03991,0.16390,0.00218,0.02808,0.00877,0.01343
0.03447,0.29597,0.00156,0.06512,0.00057,0.09612,0.01909,0.03467,0.05490,0.13140,0.02358,0.04584,0.04488,0.00000,0.03165,0.08279,0.00069,0.02261,0.00909,0.00499
0.00299,0.03826,0.04291,0.04773,0.01443,0.01425,0.02843,0.00552,0.03388,0.24075,0.09588,0.18631,0.02292,0.00145,0.04395,0.12237,0.00201,0.01105,0.04122,0.00368
0.00591,0.21787,0.00137,0.10863,0.01615,0.02688,0.05107,0.03370,0.03897,0.16019,0.02058,0.03358,0.03055,0.00780,0.13588,0.04352,0.00221,0.05069,0.01186,0.00260
0.00905,0.05868,0.00531,0.05604,0.02712,0.10692,0.01719,0.00649,0.11223,0.06963,0.05952,0.05380,0.03068,0.00298,0.08837,0.14880,0.00281,0.09825,0.04278,0.00336
0.05234,0.11845,0.00207,0.09574,0.06804,0.03683,0.01049,0.07761,0.02314,0.24270,0.00805,0.05503,0.04869,0.00098,0.01819,0.04389,0.00325,0.02717,0.06183,0.00551
0.03390,0.10609,0.00057,0.13479,0.00832,0.07112,0.04862,0.02577,0.05406,0.14899,0.03308,0.02873,0.05375,0.00803,0.02414,0.16490,0.00376,0.03541,0.01413,0.00185
0.01305,0.11905,0.00227,0.03351,0.02420,0.02955,0.05830,0.01372,0.07781,0.35932,0.02803,0.04077,0.01414,0.00733,0.02568,0.08401,0.00840,0.03847,0.02110,0.00128
0.00624,0.12154,0.00534,0.18140,0.00340,0.02213,0.02308,0.06650,0.04434,0.25204,0.01561,0.02327,0.02560,0.10910,0.05079,0.01669,0.00292,0.02113,0.00566,0.00322
0.01468,0.10254,0.00950,0.15752,0.01464,0.07028,0.02741,0.02728,0.07234,0.20676,0.01667,0.02764,0.03977,0.00141,0.03551,0.12055,0.00472,0.01413,0.03438,0.00227
0.00499,0.14619,0.00070,0.02270,0.01971,0.05968,0.04606,0.00603,0.21447,0.33900,0.00639,0.03077,0.00544,0.01203,0.02222,0.00991,0.00315,0.02995,0.01937,0.00123
0.00045,0.34567,0.00580,0.07648,0.02142,0.12901,0.01617,0.02513,0.02514,0.16482,0.01690,0.02429,0.02047,0.00429,0.01707,0.04982,0.00892,0.01982,0.02683,0.00149
0.02614,0.19026,0.00223,0.09167,0.00187,0.01994,0.01358,0.01664,0.06340,0.13810,0.02939,0.10179,0.01349,0.01088,0.01981,0.03050,0.00180,0.19287,0.03307,0.00257
