0.14050,0.15114,0.06858,0.03466,0.09709,0.09169,0.03799,0.03049,0.04887,0.05789,0.03658,0.03089,0.11345,0.03243,0.02776
0.04991,0.05346,0.03602,0.03179,0.04396,0.16225,0.08736,0.04691,0.06598,0.06558,0.11867,0.04328,0.10178,0.05200,0.04106
0.07956,0.09082,0.04479,0.02955,0.06838,0.14827,0.06750,0.02867,0.09421,0.04683,0.06853,0.03059,0.12867,0.04522,0.02842
0.05289,0.06205,0.03412,0.02775,0.04391,0.21915,0.04971,0.03215,0.03068,0.07362,0.07124,0.03352,0.21306,0.02857,0.02756
0.02932,0.03212,0.02195,0.02069,0.02853,0.19367,0.09694,0.03026,0.04187,0.10554,0.06273,0.03329,0.24142,0.03787,0.02380
0.05715,0.05890,0.03329,0.02349,0.04522,0.12568,0.04686,0.04290,0.04971,0.13353,0.08869,0.04443,0.17519,0.03971,0.03525
0.07256,0.08684,0.04482,0.03595,0.06447,0.18529,0.03859,0.04960,0.04773,0.05077,0.05638,0.03421,0.17300,0.02791,0.03186
0.07907,0.08462,0.04520,0.03283,0.06047,0.10194,0.04203,0.02710,0.04458,0.14843,0.06304,0.02902,0.19195,0.02780,0.02193
0.04782,0.05203,0.02875,0.02000,0.04054,0.26446,0.04264,0.02872,0.04282,0.04170,0.03913,0.02934,0.26704,0.02961,0.02540
0.03726,0.04189,0.02652,0.02080,0.03501,0.20600,0.04246,0.06011,0.05124,0.06710,0.09198,0.05433,0.16542,0.04727,0.05260
0.08486,0.09461,0.04784,0.03236,0.06858,0.17683,0.03128,0.03677,0.02905,0.06479,0.04230,0.03580,0.19989,0.02809,0.02695
0.07157,0.07043,0.04305,0.03115,0.05517,0.15367,0.07809,0.04731,0.03719,0.07226,0.06223,0.04267,0.16926,0.03575,0.03021
0.04153,0.04288,0.03053,0.02712,0.03819,0.11979,0.06731,0.04840,0.08158,0.13409,0.07750,0.04239,0.16847,0.04448,0.03574
0.06922,0.07181,0.04352,0.03039,0.05352,0.19417,0.04151,0.03908,0.04031,0.06342,0.05365,0.03663,0.19767,0.03486,0.03025
0.02988,0.03288,0.02454,0.02029,0.03071,0.21348,0.05973,0.03560,0.06568,0.07633,0.08546,0.03640,0.21290,0.04200,0.03413
0.05057,0.05867,0.03758,0.02912,0.04461,0.19302,0.05728,0.04055,0.08145,0.04250,0.07178,0.04066,0.16531,0.04733,0.03959
0.05426,0.05704,0.03924,0.03072,0.04561,0.10739,0.12305,0.04074,0.13460,0.05039,0.05835,0.04092,0.10754,0.07260,0.03753
0.05468,0.06043,0.03457,0.02602,0.04738,0.21871,0.04646,0.02837,0.03003,0.07667,0.10609,0.02812,0.18935,0.02814,0.02499
0.09483,0.08728,0.06487,0.05930,0.07690,0.13888,0.03956,0.03998,0.03758,0.05158,0.06230,0.03843,0.13659,0.03423,0.03769
0.09863,0.10783,0.05362,0.03699,0.08963,0.15803,0.04507,0.03573,0.03836,0.05528,0.07399,0.03053,0.12294,0.02722,0.02615
0.06621,0.07155,0.03991,0.02857,0.05500,0.19724,0.04468,0.03799,0.03404,0.07801,0.11118,0.03222,0.14891,0.02621,0.02827
0.07735,0.08846,0.04598,0.03307,0.06235,0.14855,0.04770,0.05140,0.04862,0.06440,0.09617,0.04708,0.10520,0.04564,0.03804
0.05270,0.05791,0.03235,0.02323,0.04596,0.26542,0.03427,0.02621,0.03620,0.04731,0.08451,0.02385,0.22273,0.02513,0.02224
0.07375,0.07770,0.04697,0.03460,0.06211,0.10029,0.05911,0.04961,0.06237,0.10347,0.06300,0.04403,0.14473,0.03923,0.03902
0.05874,0.06053,0.03591,0.02780,0.04718,0.20243,0.04599,0.03519,0.03207,0.08575,0.08416,0.03215,0.20109,0.02660,0.02442
0.05614,0.06186,0.03460,0.02680,0.04725,0.12850,0.04309,0.03824,0.03895,0.15071,0.04411,0.03515,0.23644,0.02951,0.02865
0.07484,0.08026,0.04179,0.03302,0.05797,0.18253,0.04320,0.05300,0.03813,0.04494,0.07659,0.04512,0.15067,0.03919,0.03876
0.06786,0.07271,0.04265,0.02960,0.05991,0.13858,0.04386,0.02963,0.03644,0.13125,0.04039,0.03054,0.22715,0.02688,0.02258
0.08005,0.09449,0.04252,0.03039,0.06510,0.13879,0.05650,0.04686,0.04071,0.07833,0.07775,0.04656,0.13079,0.03686,0.03428
0.08060,0.09482,0.04943,0.03743,0.07021,0.14599,0.03781,0.04883,0.03178,0.06811,0.09358,0.04235,0.12512,0.03350,0.04043
0.11034,0.13243,0.05611,0.03458,0.08598,0.11410,0.02972,0.04537,0.03295,0.05063,0.08107,0.04976,0.09066,0.04146,0.04482
0.05658,0.05648,0.04003,0.03348,0.04671,0.16484,0.04439,0.06504,0.04830,0.07779,0.07781,0.05020,0.16060,0.03364,0.04410
0.07045,0.08056,0.04374,0.03238,0.05400,0.13961,0.05295,0.04972,0.04810,0.06687,0.08568,0.05342,0.13107,0.04803,0.04339
0.07639,0.08075,0.04917,0.03559,0.06354,0.12573,0.04655,0.05159,0.05186,0.07629,0.07060,0.05106,0.13865,0.04305,0.03918
0.06502,0.07458,0.03738,0.02845,0.05834,0.13651,0.06664,0.03371,0.08028,0.08400,0.07530,0.03385,0.15071,0.04552,0.02971
0.07593,0.08481,0.04411,0.03490,0.06343,0.12103,0.04062,0.03988,0.03340,0.12892,0.06386,0.03255,0.17795,0.02895,0.02968
0.04985,0.05841,0.03423,0.02750,0.04511,0.08797,0.07004,0.09179,0.07470,0.07186,0.08287,0.07889,0.08292,0.07299,0.07086
0.06953,0.07678,0.05128,0.03768,0.06147,0.10324,0.09597,0.03633,0.09039,0.08033,0.06421,0.03515,0.11776,0.04887,0.03100
0.08497,0.09590,0.05305,0.03605,0.06919,0.14209,0.04537,0.03660,0.06910,0.06886,0.08132,0.03067,0.12478,0.03424,0.02781
0.05297,0.05350,0.03355,0.02896,0.04410,0.18029,0.04738,0.04704,0.06216,0.09431,0.08016,0.03581,0.17037,0.03499,0.03441
0.05565,0.05797,0.04033,0.03351,0.04968,0.12515,0.08515,0.05336,0.06357,0.08072,0.07131,0.05444,0.13041,0.05349,0.04525
0.08265,0.09392,0.04632,0.03264,0.07250,0.14078,0.03762,0.05077,0.04388,0.08594,0.07657,0.03882,0.13049,0.03386,0.03324
0.08814,0.09132,0.06259,0.05464,0.08206,0.11025,0.04622,0.05553,0.04749,0.05246,0.06996,0.04943,0.09752,0.04395,0.04844
0.06508,0.06560,0.03827,0.03142,0.05149,0.12460,0.03027,0.03890,0.03349,0.15426,0.05062,0.03417,0.22651,0.02620,0.02913
0.07502,0.08674,0.04762,0.03860,0.05804,0.09126,0.04795,0.04354,0.06619,0.10364,0.05213,0.04878,0.14886,0.04792,0.04371
0.05913,0.06338,0.03451,0.02502,0.04728,0.17559,0.02636,0.04494,0.02621,0.12845,0.03741,0.03485,0.24771,0.02208,0.02709
0.08429,0.09647,0.05265,0.03425,0.07307,0.14301,0.03276,0.04564,0.03545,0.08497,0.09276,0.03988,0.11926,0.03118,0.03436
0.07179,0.08105,0.04891,0.03824,0.06245,0.15509,0.04878,0.03605,0.06935,0.05863,0.12801,0.03989,0.08793,0.03886,0.03498
0.06293,0.06803,0.04264,0.03668,0.05340,0.14572,0.08803,0.03540,0.05728,0.07882,0.09938,0.03547,0.12725,0.03938,0.02959
0.04910,0.05039,0.02917,0.02209,0.03974,0.20655,0.02987,0.02572,0.03574,0.11923,0.09666,0.02226,0.22593,0.02272,0.02481
0.04697,0.05089,0.02817,0.02431,0.03829,0.22854,0.02846,0.03722,0.02488,0.10372,0.05494,0.03222,0.25650,0.02163,0.02327
0.06563,0.07573,0.04628,0.03809,0.05867,0.08981,0.05196,0.07626,0.05129,0.08797,0.06474,0.07105,0.11740,0.05458,0.05054
0.05966,0.06628,0.03604,0.02815,0.04881,0.16004,0.03941,0.04638,0.04569,0.09420,0.12259,0.04250,0.13951,0.03454,0.03621
0.07216,0.08722,0.04215,0.03035,0.05943,0.15004,0.05099,0.05008,0.03522,0.08156,0.04403,0.05222,0.16883,0.03934,0.03639
0.05815,0.06440,0.03553,0.02848,0.04930,0.17430,0.05260,0.03468,0.03388,0.10139,0.04814,0.03700,0.22579,0.02971,0.02665
0.06063,0.06956,0.03907,0.02793,0.05247,0.19631,0.06259,0.02681,0.05910,0.05684,0.16009,0.02851,0.09678,0.03675,0.02655
0.07320,0.07897,0.04591,0.03314,0.06184,0.16902,0.02757,0.03572,0.02700,0.09791,0.05931,0.03325,0.19778,0.02826,0.03112
0.05831,0.07088,0.04078,0.03453,0.05661,0.10250,0.06799,0.08264,0.05354,0.05943,0.07165,0.08364,0.10729,0.05997,0.05025
0.06224,0.06474,0.03645,0.02706,0.04944,0.21617,0.03195,0.04826,0.03307,0.06958,0.07934,0.03867,0.18559,0.02558,0.03187
0.09135,0.11502,0.05401,0.03734,0.08089,0.13436,0.04629,0.04914,0.04092,0.05041,0.05707,0.04349,0.12109,0.03929,0.03933
0.03583,0.04139,0.02457,0.01860,0.03259,0.12892,0.04632,0.06935,0.04485,0.08265,0.09186,0.08856,0.14173,0.08176,0.07101
0.06374,0.07052,0.04402,0.03108,0.05483,0.13812,0.03763,0.05699,0.03621,0.12320,0.06305,0.04515,0.16744,0.03298,0.03503
0.06453,0.07437,0.03591,0.02257,0.05143,0.20937,0.05177,0.03622,0.02883,0.07217,0.06090,0.03567,0.20699,0.02631,0.02296
0.06855,0.06889,0.03949,0.02879,0.05723,0.15976,0.06000,0.05035,0.05572,0.06620,0.06347,0.04543,0.16934,0.03624,0.03054
0.08944,0.09783,0.04836,0.03272,0.07067,0.17151,0.04584,0.03736,0.04662,0.03621,0.07131,0.03613,0.14568,0.03773,0.03258
0.04302,0.05140,0.02864,0.01772,0.03530,0.20926,0.06813,0.03891,0.03525,0.07219,0.05336,0.04733,0.23074,0.03711,0.03163
0.07027,0.07775,0.05002,0.03681,0.06460,0.16088,0.03728,0.03395,0.03325,0.09602,0.04837,0.03181,0.21223,0.02333,0.02343
0.09130,0.10700,0.06267,0.04299,0.08036,0.10699,0.05845,0.04035,0.06335,0.07315,0.04845,0.03716,0.11600,0.03878,0.03300
0.05941,0.06735,0.03877,0.03026,0.05139,0.23160,0.03402,0.03715,0.02767,0.05669,0.07135,0.03157,0.20695,0.02639,0.02945
0.04202,0.04534,0.02915,0.02315,0.03882,0.21503,0.06554,0.03175,0.09873,0.04375,0.08047,0.03150,0.18027,0.04415,0.03032
0.09027,0.10045,0.05304,0.03658,0.06996,0.17072,0.04115,0.03747,0.03019,0.05037,0.09858,0.03667,0.12473,0.02854,0.03128
0.06247,0.06785,0.03595,0.02883,0.05202,0.17862,0.06545,0.05121,0.05428,0.05657,0.07134,0.04554,0.14780,0.04249,0.03959
0.05265,0.05744,0.03467,0.02680,0.04525,0.13669,0.03770,0.03983,0.04092,0.13396,0.06197,0.04318,0.21175,0.03892,0.03826
0.04398,0.05026,0.02740,0.02218,0.03777,0.15105,0.04008,0.04055,0.04220,0.13903,0.07253,0.04289,0.22093,0.03719,0.03195
0.07948,0.09372,0.04820,0.03466,0.06362,0.12185,0.04481,0.03844,0.03744,0.10925,0.05757,0.03749,0.17105,0.03065,0.03177
0.03793,0.04092,0.02591,0.02115,0.03284,0.13146,0.08664,0.04538,0.05607,0.13292,0.08855,0.04341,0.16901,0.05183,0.03598
0.04817,0.05649,0.03128,0.02204,0.04240,0.17794,0.06432,0.03872,0.04391,0.08982,0.08899,0.04011,0.18244,0.04126,0.03212
0.05939,0.06579,0.03897,0.02935,0.05047,0.16794,0.05832,0.04264,0.06468,0.07492,0.05907,0.04058,0.16906,0.04262,0.03621
0.05933,0.06707,0.04061,0.03019,0.05093,0.15429,0.08346,0.03848,0.05854,0.07447,0.08377,0.04076,0.14248,0.04264,0.03298
0.04156,0.04743,0.03012,0.02637,0.03798,0.21529,0.04359,0.05540,0.04419,0.05799,0.07829,0.04974,0.19514,0.03678,0.04014
0.08953,0.09362,0.04787,0.03432,0.06759,0.16349,0.03971,0.04488,0.03566,0.06338,0.06834,0.04058,0.14110,0.03237,0.03757
0.06690,0.07149,0.03940,0.02909,0.05629,0.11962,0.03161,0.06517,0.03920,0.11294,0.05873,0.05526,0.16615,0.04024,0.04790
0.07452,0.07160,0.04472,0.03836,0.06304,0.12475,0.04631,0.03822,0.06488,0.09994,0.05293,0.03454,0.18039,0.03443,0.03138
0.03591,0.03836,0.02347,0.01704,0.03137,0.27514,0.04554,0.02691,0.03285,0.06075,0.08575,0.02714,0.24898,0.02803,0.02277
0.06639,0.07103,0.04022,0.03202,0.05415,0.18604,0.04258,0.05151,0.03981,0.05907,0.06492,0.04436,0.17672,0.03272,0.03846
0.08326,0.09700,0.04848,0.03113,0.06464,0.11914,0.02649,0.06496,0.03197,0.11696,0.07936,0.04735,0.13063,0.02418,0.03443
0.05824,0.06538,0.03386,0.02636,0.04816,0.14159,0.04829,0.03428,0.04264,0.13383,0.09736,0.03355,0.18236,0.02963,0.02447
0.04761,0.04901,0.03324,0.02908,0.04389,0.13957,0.06882,0.04213,0.05166,0.12238,0.05657,0.03969,0.20331,0.04165,0.03137
0.05324,0.05702,0.03426,0.02510,0.04629,0.22599,0.04172,0.03648,0.04100,0.05000,0.12054,0.04002,0.16463,0.03538,0.02833
0.04061,0.04371,0.02440,0.02029,0.03676,0.12616,0.07980,0.03668,0.03707,0.16403,0.09263,0.04080,0.20057,0.03225,0.02424
0.07335,0.07324,0.03980,0.03249,0.05671,0.13959,0.04084,0.03431,0.03724,0.12185,0.07809,0.03256,0.18243,0.02896,0.02853
0.08154,0.09287,0.04924,0.03817,0.06474,0.11665,0.04187,0.04132,0.06439,0.08900,0.04690,0.03961,0.15640,0.04008,0.03722
0.07810,0.09876,0.04886,0.03330,0.06869,0.19598,0.03657,0.02898,0.03304,0.05222,0.09090,0.02820,0.15195,0.02848,0.02596
0.05701,0.06120,0.03790,0.03677,0.05035,0.12219,0.06245,0.06164,0.09865,0.06410,0.05744,0.04738,0.14055,0.05448,0.04788
0.04591,0.04657,0.03602,0.03376,0.04131,0.17078,0.05978,0.06138,0.04976,0.07549,0.08055,0.05039,0.15096,0.04713,0.05021
0.06212,0.06991,0.03890,0.02718,0.05174,0.19005,0.04131,0.04315,0.05055,0.05685,0.08946,0.04346,0.16537,0.03731,0.03264
0.07027,0.07391,0.04415,0.04104,0.06289,0.14657,0.06037,0.03884,0.05588,0.07444,0.10338,0.03766,0.11308,0.04278,0.03472
0.06815,0.07482,0.04397,0.03174,0.05576,0.18811,0.03332,0.04300,0.02993,0.07050,0.06533,0.04587,0.17831,0.03353,0.03768
0.07982,0.08931,0.04525,0.02984,0.06359,0.15589,0.03666,0.05287,0.03689,0.08306,0.06591,0.03847,0.16454,0.02647,0.03143
0.04697,0.05055,0.03632,0.02857,0.04689,0.18864,0.08933,0.04421,0.04119,0.06348,0.05216,0.04815,0.19108,0.04071,0.03175
0.06884,0.07907,0.04209,0.02889,0.05766,0.09577,0.02974,0.08457,0.03734,0.15866,0.06594,0.06110,0.11450,0.03161,0.04424
0.04007,0.04226,0.02721,0.02402,0.03181,0.13031,0.04096,0.03871,0.03007,0.17211,0.04712,0.04421,0.25874,0.03793,0.03447
0.05790,0.06610,0.03425,0.02356,0.04742,0.20672,0.07778,0.02949,0.04562,0.05842,0.07253,0.03078,0.18798,0.03645,0.02500
0.05065,0.05631,0.03241,0.02538,0.04560,0.16239,0.05462,0.06337,0.04113,0.10170,0.07294,0.05376,0.17075,0.03284,0.03616
0.06053,0.06697,0.03654,0.02703,0.04851,0.18413,0.02896,0.04057,0.03197,0.09672,0.12914,0.03522,0.15510,0.02683,0.03179
0.06358,0.07117,0.04287,0.04233,0.06001,0.16461,0.03330,0.06253,0.03761,0.08815,0.05479,0.04670,0.16198,0.03066,0.03971
0.06323,0.07380,0.03522,0.02607,0.05250,0.17017,0.04417,0.04078,0.03776,0.09163,0.11232,0.03828,0.15485,0.03155,0.02767
0.05353,0.06148,0.03167,0.02552,0.04541,0.15572,0.04497,0.04403,0.05516,0.11076,0.06173,0.04022,0.19776,0.03656,0.03547
0.04232,0.04261,0.03150,0.02753,0.04107,0.16545,0.07138,0.06235,0.07019,0.07932,0.06678,0.05262,0.15451,0.05038,0.04199
0.04189,0.04617,0.02599,0.01992,0.03686,0.18190,0.04187,0.04745,0.04301,0.11884,0.05649,0.03755,0.23789,0.03053,0.03363
0.03805,0.03962,0.02434,0.02102,0.03260,0.21134,0.05396,0.05351,0.03379,0.08399,0.09297,0.05307,0.17930,0.04142,0.04101
0.09865,0.10593,0.05967,0.04254,0.07701,0.11303,0.04046,0.04043,0.03996,0.08693,0.04325,0.03889,0.15037,0.03068,0.03221
0.06213,0.06474,0.03801,0.03185,0.05197,0.12704,0.03635,0.09461,0.04021,0.12978,0.05531,0.06531,0.12302,0.03229,0.04738
0.04658,0.05092,0.02911,0.02088,0.03804,0.25435,0.04117,0.03066,0.05029,0.04384,0.05871,0.03177,0.24308,0.03263,0.02796
0.04469,0.04723,0.03063,0.02404,0.03559,0.19604,0.04133,0.03232,0.04219,0.11518,0.07138,0.02956,0.23606,0.02750,0.02624
0.03988,0.04510,0.02402,0.01981,0.03494,0.21782,0.03963,0.04682,0.04118,0.08866,0.07159,0.03829,0.22574,0.03323,0.03329
0.03955,0.04685,0.03210,0.02920,0.03926,0.17973,0.03936,0.05636,0.03796,0.11035,0.08636,0.04722,0.18845,0.03052,0.03671
0.06482,0.07287,0.03786,0.02634,0.05519,0.20929,0.04389,0.04017,0.02900,0.06945,0.13274,0.03550,0.12901,0.02669,0.02718
0.07966,0.08992,0.04521,0.03004,0.06454,0.15872,0.03923,0.03625,0.03568,0.08859,0.11773,0.03171,0.12902,0.02708,0.02662
0.04468,0.05381,0.03221,0.02508,0.04118,0.18100,0.04895,0.04514,0.06051,0.06878,0.08986,0.05178,0.15766,0.05204,0.04732
0.04248,0.04788,0.02722,0.02123,0.03424,0.11266,0.05026,0.02590,0.06505,0.18329,0.05853,0.02692,0.24565,0.03475,0.02396
0.08641,0.09749,0.05063,0.03448,0.07108,0.13988,0.05861,0.03592,0.03305,0.07923,0.07029,0.03617,0.14574,0.03421,0.02681
0.09929,0.11607,0.05613,0.03961,0.08190,0.11117,0.06371,0.04620,0.05298,0.05651,0.05441,0.04202,0.10148,0.04298,0.03556
0.06974,0.08235,0.05583,0.03851,0.06182,0.11968,0.04240,0.05876,0.04490,0.10631,0.06723,0.04924,0.12913,0.03546,0.03865
0.04975,0.05521,0.03399,0.02775,0.04507,0.17509,0.04544,0.03738,0.03049,0.11738,0.09393,0.03500,0.19937,0.02723,0.02692
0.08109,0.09430,0.04595,0.03415,0.06591,0.14981,0.03013,0.04900,0.03009,0.08706,0.08761,0.04334,0.13889,0.03043,0.03225
0.06632,0.08097,0.04469,0.03298,0.05987,0.15817,0.05589,0.05184,0.04412,0.07268,0.06242,0.04642,0.15204,0.03545,0.03614
0.03838,0.04427,0.02682,0.02296,0.03224,0.24232,0.03805,0.03074,0.02823,0.07979,0.10585,0.03143,0.22187,0.02943,0.02762
0.09150,0.09700,0.05509,0.04215,0.07281,0.12353,0.09220,0.03978,0.03830,0.05581,0.05059,0.04235,0.13164,0.03801,0.02924
0.07363,0.07793,0.04450,0.03097,0.05590,0.19163,0.04362,0.03879,0.03620,0.05880,0.08735,0.03633,0.15248,0.03733,0.03455
0.07972,0.09058,0.04944,0.03426,0.06202,0.14858,0.04446,0.05418,0.04809,0.03873,0.06016,0.05209,0.14099,0.04986,0.04683
0.06356,0.07425,0.03557,0.02508,0.05156,0.17152,0.07629,0.03839,0.06191,0.05445,0.08892,0.03884,0.14616,0.04301,0.03049
0.08913,0.09569,0.05200,0.03795,0.07040,0.15407,0.02779,0.04022,0.02696,0.07252,0.10666,0.04016,0.12043,0.03188,0.03414
0.06186,0.06729,0.04110,0.03007,0.05145,0.15731,0.07778,0.03636,0.04159,0.08582,0.09561,0.03862,0.14903,0.03756,0.02853
0.05756,0.06235,0.03905,0.03534,0.05046,0.16546,0.07255,0.03480,0.04702,0.07118,0.05809,0.04265,0.18965,0.04258,0.03124
0.05568,0.05711,0.03330,0.03280,0.04872,0.11912,0.06717,0.05105,0.05468,0.11144,0.07650,0.05001,0.14748,0.04775,0.04719
0.07866,0.09018,0.04271,0.03598,0.06868,0.10123,0.05249,0.03444,0.03976,0.12770,0.04083,0.03381,0.19396,0.03270,0.02687
0.05434,0.06070,0.03419,0.02640,0.04382,0.10686,0.04745,0.07243,0.04570,0.09450,0.08652,0.07834,0.11800,0.06620,0.06454
0.06528,0.07628,0.03955,0.02642,0.04912,0.13551,0.03786,0.03446,0.04234,0.13775,0.07050,0.03092,0.20131,0.02772,0.02498
0.03801,0.03662,0.02999,0.02548,0.03309,0.21174,0.03986,0.04208,0.03539,0.08087,0.12826,0.04482,0.17102,0.03999,0.04278
0.06663,0.07134,0.03636,0.02719,0.05345,0.18497,0.03851,0.03591,0.02685,0.07563,0.08359,0.04363,0.18526,0.03543,0.03523
0.04683,0.05382,0.03235,0.02451,0.04313,0.16686,0.06009,0.05062,0.06216,0.08229,0.08980,0.04753,0.15263,0.04615,0.04125
0.07023,0.07622,0.04416,0.03743,0.05864,0.16095,0.05855,0.04337,0.05266,0.06360,0.06483,0.03614,0.15785,0.03911,0.03626
0.06756,0.06895,0.03314,0.03926,0.05437,0.15495,0.11729,0.03829,0.03919,0.05084,0.05832,0.04245,0.15565,0.04708,0.03268
0.05441,0.05837,0.03330,0.03006,0.04876,0.19709,0.03867,0.03432,0.04370,0.08532,0.06961,0.03166,0.20726,0.03531,0.03215
0.07528,0.08007,0.05679,0.04976,0.06975,0.11105,0.09055,0.03585,0.05008,0.07316,0.03995,0.03906,0.14835,0.04844,0.03185
0.04681,0.04770,0.02754,0.02411,0.04079,0.21101,0.03343,0.04119,0.04131,0.07391,0.12976,0.04286,0.16542,0.03599,0.03817
0.06875,0.07643,0.04056,0.02547,0.05510,0.19893,0.04980,0.03325,0.03863,0.05895,0.06631,0.03398,0.19686,0.02853,0.02845
0.06397,0.07264,0.04007,0.03058,0.05205,0.13448,0.03998,0.04751,0.04433,0.12165,0.04639,0.03914,0.20412,0.03138,0.03171
0.04682,0.05263,0.02879,0.02246,0.04048,0.20025,0.04451,0.02501,0.03467,0.11357,0.07508,0.02740,0.24143,0.02481,0.02209
0.08679,0.09729,0.04793,0.03289,0.06657,0.12917,0.04356,0.04359,0.04415,0.07582,0.06333,0.04247,0.14880,0.03788,0.03973
0.08307,0.10371,0.04299,0.02966,0.06178,0.15943,0.03050,0.03460,0.03134,0.07277,0.05915,0.04175,0.17719,0.03684,0.03521
0.07522,0.09225,0.04690,0.03135,0.06279,0.10314,0.08016,0.04331,0.10741,0.06458,0.05371,0.04010,0.10786,0.05489,0.03633
0.07552,0.07817,0.05108,0.03694,0.06307,0.10262,0.07955,0.04702,0.04956,0.10102,0.05130,0.04622,0.13877,0.04639,0.03277
0.07002,0.08058,0.04033,0.02928,0.06359,0.19806,0.04272,0.03305,0.03293,0.06451,0.08200,0.03378,0.17204,0.02805,0.02907
0.07720,0.08053,0.04114,0.02426,0.05558,0.17259,0.03179,0.03487,0.03081,0.09761,0.07619,0.03060,0.19765,0.02376,0.02542
0.06355,0.06805,0.04135,0.03457,0.05592,0.13056,0.03911,0.07086,0.04194,0.07638,0.08346,0.06452,0.13054,0.04698,0.05219
0.07198,0.07507,0.03706,0.02612,0.05440,0.20002,0.03532,0.03384,0.02615,0.07873,0.07844,0.03330,0.19804,0.02687,0.02467
0.05621,0.06186,0.03810,0.03064,0.05097,0.13279,0.07577,0.04699,0.07896,0.07522,0.08824,0.04984,0.12159,0.05114,0.04168
0.09472,0.09771,0.05053,0.03778,0.06968,0.10947,0.05005,0.04594,0.05990,0.06771,0.06964,0.04701,0.11307,0.04137,0.04543
0.03592,0.03917,0.02531,0.02197,0.03120,0.19672,0.03839,0.05360,0.03836,0.07487,0.10213,0.05900,0.17774,0.05455,0.05107
0.08378,0.08375,0.05784,0.04282,0.07476,0.12065,0.04823,0.04178,0.05562,0.08094,0.05745,0.04165,0.14032,0.03550,0.03492
0.06322,0.07710,0.04094,0.03271,0.05228,0.16069,0.05268,0.05627,0.04011,0.07636,0.05113,0.05354,0.17019,0.03627,0.03649
0.05915,0.06458,0.03928,0.02895,0.04977,0.15546,0.04894,0.03951,0.04055,0.10678,0.10022,0.03838,0.16400,0.03370,0.03072
0.07207,0.07674,0.04429,0.03893,0.05884,0.18311,0.06522,0.03570,0.04014,0.05316,0.06888,0.03695,0.16205,0.03419,0.02972
0.05134,0.05598,0.03613,0.02793,0.04380,0.12924,0.04131,0.06291,0.04065,0.11576,0.05403,0.06057,0.18825,0.04557,0.04653
0.05803,0.06501,0.04088,0.03317,0.05262,0.12408,0.04922,0.06109,0.04527,0.10201,0.04806,0.05492,0.17160,0.04576,0.04829
0.04080,0.04720,0.02670,0.02079,0.03507,0.22191,0.03663,0.03194,0.03351,0.09490,0.11343,0.03100,0.20969,0.02833,0.02811
0.07036,0.07486,0.04471,0.03242,0.05838,0.17626,0.04170,0.05030,0.04086,0.05305,0.09256,0.04779,0.13520,0.04041,0.04115
0.06354,0.06872,0.04142,0.03218,0.05337,0.12972,0.05362,0.04279,0.04258,0.11716,0.04557,0.04428,0.20010,0.03427,0.03067
0.03149,0.03188,0.02268,0.01738,0.02776,0.20614,0.09190,0.04232,0.03927,0.09435,0.06966,0.04301,0.21202,0.04142,0.02872
0.05572,0.06226,0.03946,0.03054,0.04865,0.17109,0.07216,0.04155,0.04413,0.07425,0.09348,0.03785,0.15646,0.03945,0.03296
0.07350,0.07788,0.04000,0.02500,0.06066,0.17057,0.07517,0.03429,0.05972,0.04638,0.10762,0.03704,0.11759,0.04511,0.02947
0.06457,0.06421,0.04167,0.03655,0.05503,0.12491,0.05790,0.08436,0.05983,0.06580,0.08027,0.06013,0.10513,0.04328,0.05637
0.08105,0.09603,0.05527,0.04142,0.07279,0.12508,0.05706,0.04754,0.04315,0.06322,0.07636,0.04485,0.11870,0.04053,0.03697
0.08190,0.10285,0.04675,0.03292,0.06905,0.15786,0.03064,0.05433,0.03134,0.05943,0.05495,0.04659,0.15868,0.03255,0.04015
0.07511,0.08952,0.04215,0.02405,0.06438,0.22882,0.03127,0.02162,0.03878,0.04777,0.03519,0.02080,0.24159,0.02108,0.01784
0.08214,0.09281,0.04755,0.03127,0.07452,0.16859,0.03221,0.04611,0.03932,0.05047,0.10761,0.04015,0.11654,0.03218,0.03853
0.04210,0.04587,0.02614,0.01997,0.03617,0.21379,0.04706,0.03248,0.02707,0.09681,0.07136,0.03862,0.24321,0.03138,0.02797
0.05824,0.06636,0.03607,0.02480,0.04953,0.19444,0.04249,0.03103,0.04548,0.07865,0.14115,0.03193,0.13697,0.03406,0.02879
0.06049,0.06835,0.03982,0.02761,0.05193,0.16072,0.07023,0.04189,0.07747,0.05696,0.08501,0.04010,0.13190,0.05092,0.03661
0.06485,0.07134,0.04011,0.03675,0.06079,0.10466,0.06796,0.07565,0.06229,0.07767,0.06180,0.06318,0.12273,0.04727,0.04294
0.08531,0.09320,0.04980,0.03734,0.06761,0.12514,0.04371,0.05372,0.05057,0.07060,0.09809,0.04890,0.09030,0.04045,0.04526
0.08811,0.09985,0.05199,0.03679,0.07028,0.15172,0.03648,0.03618,0.02775,0.08861,0.07620,0.03315,0.15127,0.02505,0.02656
0.07268,0.08621,0.03925,0.02703,0.06136,0.14419,0.05865,0.04112,0.04430,0.08545,0.10277,0.04086,0.11825,0.04083,0.03703
0.04271,0.04402,0.02885,0.02220,0.03646,0.25445,0.04985,0.02836,0.06531,0.04423,0.07693,0.02563,0.22081,0.03496,0.02526
0.05958,0.05876,0.03335,0.02630,0.04804,0.17515,0.07283,0.04701,0.04611,0.06216,0.10491,0.04413,0.14218,0.04432,0.03517
0.09555,0.10678,0.05532,0.03600,0.08234,0.12436,0.04324,0.05998,0.04375,0.06802,0.06634,0.04788,0.09503,0.03613,0.03929
0.04747,0.04986,0.03199,0.02343,0.03950,0.24901,0.04718,0.02543,0.04200,0.05670,0.03654,0.02824,0.26863,0.03024,0.02379
0.04472,0.04424,0.03218,0.02782,0.03645,0.26730,0.03061,0.02814,0.02341,0.06519,0.12016,0.02682,0.21074,0.01921,0.02303
0.07018,0.07646,0.05045,0.03741,0.06249,0.16610,0.04577,0.04069,0.03365,0.07734,0.12055,0.03831,0.11790,0.02781,0.03490
0.04456,0.04919,0.02895,0.02318,0.03945,0.14570,0.04389,0.05277,0.04444,0.13119,0.08017,0.04611,0.19547,0.03748,0.03744
0.05094,0.05642,0.03065,0.02697,0.04200,0.25616,0.02621,0.03481,0.02966,0.06302,0.15364,0.02673,0.15588,0.02128,0.02561
0.06538,0.06314,0.03992,0.03235,0.05048,0.20835,0.03173,0.03860,0.02857,0.08331,0.05983,0.03029,0.21780,0.02267,0.02756
0.07001,0.07731,0.04382,0.03320,0.05786,0.12041,0.05363,0.04603,0.05603,0.09914,0.08049,0.04245,0.13778,0.04459,0.03726
0.06608,0.07507,0.03935,0.02892,0.05579,0.14321,0.03458,0.04511,0.03329,0.11954,0.09173,0.03877,0.16696,0.02800,0.03360
0.08466,0.08860,0.04914,0.03601,0.06681,0.12776,0.06667,0.04687,0.05080,0.07537,0.05466,0.04138,0.13773,0.04136,0.03215
0.04771,0.05290,0.02529,0.01892,0.03940,0.22556,0.03521,0.02956,0.02407,0.10147,0.08954,0.02791,0.23796,0.02205,0.02244
0.08102,0.09446,0.04581,0.03507,0.06730,0.17709,0.02795,0.03886,0.03452,0.06810,0.07109,0.03281,0.16720,0.02482,0.03391
0.08025,0.08941,0.04006,0.02289,0.06109,0.20964,0.03949,0.02112,0.03351,0.06681,0.18202,0.02034,0.09250,0.02317,0.01770
0.04291,0.04852,0.03153,0.02364,0.03940,0.19995,0.04977,0.03547,0.02984,0.10595,0.06920,0.03430,0.23296,0.02922,0.02736
0.04713,0.05265,0.03167,0.02211,0.03869,0.17509,0.07399,0.04989,0.04813,0.09854,0.08983,0.04168,0.15842,0.04032,0.03187
0.06242,0.07305,0.03620,0.02451,0.04625,0.18538,0.05417,0.04438,0.04327,0.08195,0.05350,0.03719,0.19473,0.03376,0.02925
0.05339,0.05945,0.03820,0.03185,0.04821,0.18336,0.07462,0.03154,0.06748,0.06564,0.07933,0.03139,0.17062,0.03929,0.02563
0.06540,0.06618,0.04129,0.03559,0.05433,0.10284,0.04081,0.04578,0.05228,0.14033,0.07694,0.04051,0.16370,0.03674,0.03730
0.07820,0.08927,0.04944,0.03846,0.06864,0.13648,0.03273,0.05841,0.03725,0.09365,0.09552,0.04478,0.10730,0.03011,0.03975
0.06896,0.08334,0.04439,0.03469,0.06253,0.10806,0.04660,0.04889,0.04991,0.11778,0.07238,0.04363,0.15124,0.03358,0.03401
0.05942,0.06710,0.03656,0.02774,0.05037,0.16668,0.03901,0.05422,0.04341,0.07529,0.09047,0.05039,0.16010,0.03579,0.04345
0.05084,0.05295,0.03824,0.03032,0.04843,0.14616,0.03279,0.05945,0.03220,0.12914,0.05127,0.05210,0.20442,0.03182,0.03988
0.07411,0.07968,0.04234,0.03230,0.06271,0.11784,0.04271,0.08044,0.04630,0.05164,0.05815,0.07210,0.12953,0.05112,0.05904
0.09444,0.11489,0.05040,0.02902,0.07232,0.11443,0.05929,0.04612,0.04249,0.05668,0.07243,0.05523,0.09645,0.05251,0.04333
0.04083,0.04158,0.02963,0.02605,0.03642,0.18787,0.05058,0.03357,0.05939,0.10122,0.06158,0.03422,0.22729,0.03505,0.03471
0.08002,0.08573,0.04403,0.02812,0.05883,0.21263,0.04036,0.02682,0.03898,0.04832,0.05949,0.02500,0.20233,0.02626,0.02308
0.05517,0.05790,0.03603,0.03196,0.04499,0.22316,0.05393,0.03533,0.03257,0.04740,0.08417,0.03898,0.18255,0.04083,0.03503
0.08103,0.08927,0.04231,0.02614,0.05969,0.19231,0.03906,0.03076,0.03159,0.07461,0.04754,0.02583,0.20944,0.02636,0.02408
0.08138,0.09005,0.04902,0.03367,0.06738,0.12013,0.05647,0.04002,0.08104,0.06428,0.07356,0.03669,0.11509,0.04991,0.04130
0.05007,0.05442,0.03294,0.02698,0.04436,0.11931,0.09820,0.04685,0.05232,0.11712,0.07515,0.04498,0.15574,0.04758,0.03398
0.08806,0.10405,0.04602,0.03099,0.06671,0.12235,0.03732,0.04560,0.03435,0.09279,0.06652,0.04569,0.14710,0.03646,0.03599
0.05047,0.05639,0.03164,0.02591,0.04220,0.12757,0.04948,0.04937,0.07504,0.12222,0.05031,0.04284,0.20090,0.04246,0.03322
0.09647,0.10264,0.05125,0.03186,0.07293,0.12696,0.05801,0.03791,0.04055,0.07599,0.06443,0.03649,0.13854,0.03687,0.02910
0.05630,0.05901,0.03415,0.02515,0.04449,0.17807,0.03403,0.05758,0.03825,0.09171,0.08785,0.04850,0.17573,0.03106,0.03812
0.07087,0.07535,0.04120,0.03538,0.05582,0.19494,0.04126,0.04799,0.03338,0.03980,0.12552,0.04502,0.11855,0.03641,0.03852
0.05435,0.06367,0.03832,0.02905,0.04774,0.14748,0.05023,0.04859,0.07514,0.08900,0.06179,0.04041,0.16547,0.04901,0.03975
0.06383,0.07071,0.03746,0.02536,0.05408,0.20395,0.04898,0.02863,0.05382,0.07218,0.08399,0.02415,0.18321,0.02800,0.02165
0.05130,0.05562,0.03194,0.02544,0.04391,0.15255,0.04346,0.03501,0.04664,0.13060,0.05475,0.03379,0.23061,0.03399,0.03038
0.05671,0.06115,0.03328,0.02437,0.04742,0.15450,0.05750,0.03524,0.04164,0.11906,0.05761,0.03681,0.21222,0.03357,0.02891
0.05887,0.06723,0.03855,0.02871,0.05009,0.19193,0.03773,0.04082,0.02807,0.07021,0.05066,0.04655,0.21461,0.03909,0.03688
0.04708,0.05439,0.03003,0.02438,0.04336,0.21129,0.04045,0.06304,0.05228,0.05627,0.12356,0.04799,0.13277,0.03363,0.03947
0.05042,0.05346,0.03519,0.03051,0.04483,0.17249,0.04131,0.06091,0.05206,0.07797,0.07285,0.05223,0.16807,0.03904,0.04867
0.04373,0.04706,0.02913,0.02194,0.03498,0.22138,0.06974,0.05066,0.05640,0.04161,0.06565,0.04431,0.20052,0.03961,0.03328
0.07360,0.08018,0.04068,0.03035,0.06103,0.15079,0.04378,0.03025,0.03733,0.10980,0.04505,0.02915,0.21601,0.02737,0.02465
0.04521,0.04939,0.02836,0.02191,0.03591,0.27430,0.03591,0.03544,0.03080,0.05143,0.05702,0.02921,0.25608,0.02442,0.02462
0.09894,0.10033,0.05100,0.03979,0.07691,0.10161,0.04874,0.05077,0.06216,0.07637,0.06131,0.04207,0.10733,0.03928,0.04337
0.06859,0.08896,0.03938,0.03082,0.05972,0.15853,0.08979,0.04198,0.04724,0.05381,0.11652,0.04184,0.09602,0.04031,0.02648
0.05933,0.08180,0.03920,0.02795,0.05811,0.23411,0.03511,0.02654,0.02709,0.05044,0.12485,0.02741,0.15901,0.02463,0.02444
0.04539,0.05119,0.02712,0.02199,0.03672,0.18355,0.10247,0.02833,0.03677,0.09755,0.06929,0.03331,0.20786,0.03745,0.02102
0.04128,0.04626,0.02819,0.02546,0.03739,0.16879,0.06310,0.06044,0.04111,0.07730,0.09113,0.05971,0.16825,0.04692,0.04467
0.07875,0.09036,0.05060,0.03784,0.06651,0.13339,0.05667,0.04981,0.04567,0.07129,0.06831,0.04835,0.13193,0.03639,0.03416
0.09045,0.09178,0.04514,0.03427,0.06492,0.19106,0.03268,0.03170,0.03005,0.05762,0.13144,0.02678,0.12385,0.02422,0.02404
0.05921,0.05898,0.03332,0.02534,0.04278,0.19085,0.08313,0.05123,0.03590,0.05064,0.13265,0.04851,0.11023,0.04022,0.03701
0.06464,0.07364,0.03913,0.02672,0.05401,0.15291,0.06573,0.02975,0.07555,0.08211,0.05187,0.02827,0.18442,0.04410,0.02717
0.08453,0.09614,0.05201,0.03490,0.07060,0.15968,0.03942,0.04014,0.03852,0.07438,0.03749,0.03542,0.18078,0.02736,0.02863
0.08015,0.09421,0.04315,0.02474,0.06059,0.21782,0.02966,0.02713,0.02519,0.05859,0.13181,0.02355,0.14113,0.02135,0.02094
0.07574,0.07588,0.04681,0.03783,0.06492,0.16014,0.05492,0.04695,0.04919,0.06116,0.06586,0.04439,0.14432,0.03651,0.03538
0.09259,0.10151,0.05039,0.03711,0.07657,0.14423,0.06536,0.02434,0.05382,0.06325,0.07230,0.02793,0.13512,0.03406,0.02144
0.05968,0.06876,0.03879,0.02615,0.04789,0.16971,0.06576,0.02782,0.09848,0.06019,0.09740,0.02863,0.14074,0.04136,0.02864
0.05512,0.05730,0.03391,0.02856,0.04554,0.22905,0.04229,0.04369,0.03326,0.05897,0.08819,0.03782,0.18533,0.02911,0.03187
0.10032,0.11411,0.05852,0.04689,0.08336,0.08295,0.05562,0.06382,0.06935,0.05582,0.04955,0.04728,0.08548,0.04533,0.04161
0.04945,0.05645,0.03399,0.02363,0.04202,0.13759,0.10593,0.04234,0.07111,0.08092,0.07423,0.04417,0.14271,0.05762,0.03784
0.08400,0.09316,0.04999,0.03539,0.07109,0.12921,0.06391,0.04564,0.04627,0.05716,0.10114,0.04841,0.08940,0.04531,0.03992
0.08691,0.09341,0.04922,0.04011,0.06999,0.09829,0.05227,0.05997,0.04459,0.11114,0.05024,0.04790,0.11711,0.03973,0.03912
0.06788,0.07787,0.03644,0.02154,0.05407,0.21831,0.06437,0.03249,0.03347,0.05019,0.14015,0.03013,0.11972,0.02853,0.02484
0.11218,0.11900,0.05134,0.03167,0.08001,0.16951,0.02928,0.03090,0.02531,0.05647,0.04072,0.02782,0.18004,0.02369,0.02207
0.07559,0.07701,0.04963,0.03058,0.06392,0.12075,0.02432,0.03276,0.02254,0.15878,0.08274,0.02803,0.19200,0.01952,0.02183
0.08499,0.08532,0.05175,0.03836,0.06464,0.13862,0.04865,0.03935,0.04502,0.07934,0.07182,0.03721,0.14331,0.03717,0.03447
0.09116,0.09994,0.05333,0.03121,0.07518,0.13026,0.05417,0.03999,0.07005,0.05682,0.05813,0.03778,0.12886,0.03691,0.03621
0.06825,0.07255,0.05041,0.04235,0.06407,0.16468,0.05342,0.04872,0.03718,0.05301,0.06921,0.04840,0.15388,0.03657,0.03732
0.06331,0.07092,0.04310,0.02980,0.05509,0.18254,0.05101,0.03926,0.05885,0.06433,0.08836,0.03594,0.15093,0.03513,0.03143
0.07749,0.07909,0.05303,0.03299,0.05934,0.17508,0.03258,0.03477,0.03258,0.07754,0.11245,0.03451,0.13747,0.02936,0.03171
0.05978,0.06485,0.04215,0.03194,0.04950,0.15865,0.06422,0.05990,0.05918,0.05543,0.09772,0.05496,0.11012,0.04698,0.04463
0.06239,0.06577,0.04909,0.04462,0.05870,0.11582,0.05159,0.05665,0.04478,0.08949,0.08763,0.05698,0.12631,0.04478,0.04542
0.05496,0.06407,0.03693,0.02897,0.04913,0.16172,0.03758,0.04035,0.04714,0.11329,0.09247,0.03346,0.17607,0.03148,0.03240
0.07893,0.08267,0.05776,0.05034,0.06436,0.16288,0.03903,0.04165,0.03969,0.05685,0.06888,0.03835,0.15129,0.03455,0.03276
0.06717,0.07746,0.04235,0.03112,0.05794,0.14493,0.03670,0.03150,0.02612,0.12724,0.08942,0.03183,0.18209,0.02761,0.02652
0.02622,0.02861,0.01721,0.01514,0.02191,0.22856,0.03151,0.03142,0.03307,0.14355,0.08060,0.02321,0.27363,0.02273,0.02263
0.05054,0.05220,0.03161,0.02761,0.04204,0.14839,0.10573,0.03854,0.04607,0.09517,0.07293,0.04473,0.16938,0.04415,0.03092
0.03390,0.03566,0.02490,0.02073,0.02836,0.14854,0.04152,0.04998,0.03940,0.17060,0.06036,0.04200,0.23486,0.03383,0.03538
0.07475,0.08391,0.04760,0.03165,0.06026,0.15145,0.04631,0.03076,0.04198,0.09583,0.08047,0.02939,0.17211,0.02955,0.02397
0.06484,0.07282,0.03777,0.02453,0.05203,0.17807,0.04786,0.03967,0.03116,0.08980,0.07223,0.03765,0.18858,0.03336,0.02963
0.05636,0.06353,0.03820,0.02828,0.05341,0.16932,0.04606,0.04494,0.03989,0.09526,0.05852,0.04100,0.20741,0.02809,0.02973
0.07011,0.07059,0.04619,0.04539,0.06287,0.15776,0.04434,0.04584,0.05353,0.07032,0.06483,0.04232,0.15421,0.03700,0.03469
0.06882,0.08455,0.04424,0.03506,0.05777,0.16318,0.05401,0.03672,0.03568,0.07919,0.08092,0.04106,0.14948,0.03636,0.03295
0.04444,0.04887,0.03009,0.02366,0.03878,0.26615,0.04788,0.02309,0.06482,0.03162,0.11022,0.02466,0.18957,0.03350,0.02264
0.06362,0.06490,0.04215,0.03464,0.05250,0.13706,0.03656,0.07984,0.03600,0.10696,0.08825,0.06766,0.10037,0.03988,0.04962
0.08664,0.10285,0.05184,0.03581,0.07101,0.15143,0.05620,0.03333,0.05429,0.05183,0.09743,0.03075,0.10664,0.03687,0.03306
0.05249,0.06009,0.03636,0.02636,0.04751,0.17416,0.08935,0.03241,0.06964,0.06202,0.04832,0.03408,0.19245,0.04480,0.02995
0.04322,0.04969,0.02822,0.02130,0.03442,0.18762,0.06671,0.04650,0.04460,0.09565,0.05378,0.04496,0.22270,0.02998,0.03063
0.05014,0.05569,0.03469,0.02433,0.04337,0.17385,0.04898,0.04328,0.03210,0.10823,0.07803,0.04046,0.20631,0.03022,0.03033
0.05429,0.06162,0.03555,0.03048,0.04593,0.13549,0.03891,0.10125,0.05643,0.06420,0.05153,0.07216,0.16814,0.03300,0.05105
0.07786,0.07571,0.04963,0.04458,0.06531,0.15965,0.04927,0.04131,0.05770,0.06024,0.05638,0.03547,0.15796,0.03316,0.03577
0.07163,0.07650,0.05024,0.03925,0.06282,0.15552,0.03600,0.05608,0.03855,0.07499,0.05702,0.04576,0.16104,0.03491,0.03967
0.09004,0.10751,0.04671,0.02990,0.07207,0.17242,0.04452,0.03321,0.04305,0.04438,0.10813,0.03273,0.10987,0.03629,0.02919
0.03875,0.04037,0.02492,0.01915,0.03408,0.28726,0.02695,0.03893,0.02857,0.03535,0.05305,0.03587,0.27573,0.02637,0.03466
0.04970,0.05697,0.03049,0.02276,0.04119,0.11573,0.04810,0.04642,0.04981,0.14400,0.06490,0.04637,0.20373,0.04171,0.03813
0.07070,0.07284,0.04457,0.02929,0.05518,0.19604,0.03430,0.04778,0.04041,0.05003,0.04317,0.04117,0.20861,0.03084,0.03507
0.06188,0.06884,0.03837,0.02681,0.05014,0.15246,0.03875,0.04692,0.04514,0.09539,0.08105,0.04590,0.16882,0.04084,0.03869
0.06031,0.06700,0.04161,0.03270,0.05354,0.16000,0.05180,0.05212,0.05206,0.06933,0.07772,0.05085,0.15462,0.03840,0.03794
0.08038,0.10060,0.04949,0.03637,0.06160,0.10541,0.04566,0.05081,0.03886,0.09057,0.05221,0.05021,0.14683,0.04389,0.04713
0.09638,0.10260,0.05279,0.03600,0.07293,0.20753,0.02728,0.02167,0.02723,0.04348,0.03281,0.02155,0.21798,0.02106,0.01871
0.07784,0.08127,0.04123,0.02479,0.05689,0.23172,0.03827,0.02958,0.03537,0.03824,0.12323,0.02884,0.14375,0.02687,0.02211
0.06185,0.06700,0.03818,0.02499,0.05166,0.13796,0.05140,0.04413,0.04020,0.13228,0.03399,0.03923,0.21736,0.03119,0.02858
0.05507,0.05905,0.03641,0.02541,0.04170,0.19765,0.03303,0.03757,0.02452,0.09909,0.09358,0.03626,0.20028,0.03013,0.03025
0.04034,0.04516,0.02792,0.02203,0.03405,0.18752,0.05902,0.02960,0.08803,0.09051,0.12569,0.02746,0.15667,0.03913,0.02688
0.07006,0.07711,0.04019,0.03235,0.05659,0.12720,0.05614,0.04793,0.05350,0.08728,0.06148,0.04912,0.15387,0.04161,0.04557
0.06666,0.06521,0.03883,0.02519,0.05026,0.20843,0.03432,0.03192,0.02927,0.08287,0.07079,0.02885,0.22090,0.02290,0.02359
0.08052,0.09528,0.05363,0.04208,0.07355,0.10909,0.06099,0.05378,0.05157,0.06542,0.05655,0.04896,0.13277,0.04018,0.03561
0.04244,0.04029,0.03283,0.03084,0.04226,0.21375,0.04056,0.05776,0.04267,0.05850,0.09062,0.04821,0.17862,0.03323,0.04743
0.07830,0.09556,0.03896,0.02514,0.06399,0.20096,0.04559,0.02845,0.03688,0.05800,0.06918,0.02581,0.18552,0.02618,0.02149
0.08198,0.09152,0.04496,0.02916,0.06413,0.16711,0.07656,0.03217,0.04710,0.05032,0.10659,0.03513,0.10689,0.04034,0.02605
0.04989,0.05630,0.03260,0.02683,0.04435,0.15177,0.07141,0.04192,0.06362,0.09409,0.08709,0.04169,0.16022,0.04380,0.03443
