0.20109,0.05856,0.00005,0.00116,0.00243,0.06083,0.13964,0.02731,0.50643,0.00252
0.41902,0.11196,0.02952,0.02904,0.00000,0.02201,0.00020,0.01341,0.33077,0.04407
0.09924,0.12840,0.08560,0.19068,0.01080,0.09736,0.00000,0.00444,0.38254,0.00095
0.18909,0.00375,0.00103,0.08801,0.00307,0.05577,0.00192,0.00017,0.65664,0.00056
0.06472,0.02485,0.00837,0.12245,0.00089,0.21832,0.01500,0.01404,0.53137,0.00000
0.18805,0.01051,0.00030,0.00243,0.00032,0.13877,0.01436,0.02468,0.62055,0.00002
0.13868,0.25711,0.03805,0.02815,0.15832,0.17034,0.00006,0.00487,0.20442,0.00000
0.05105,0.12307,0.15059,0.01093,0.03025,0.18014,0.01414,0.00003,0.43980,0.00001
0.08385,0.06429,0.01126,0.10845,0.00168,0.04674,0.06280,0.03739,0.58354,0.00000
0.25332,0.08621,0.00656,0.00490,0.07806,0.06663,0.00016,0.01257,0.48226,0.00934
0.08558,0.06126,0.00641,0.09245,0.00178,0.15390,0.02474,0.05644,0.51734,0.00009
0.01716,0.25896,0.00012,0.01476,0.00643,0.25713,0.06216,0.03685,0.34639,0.00003
0.03465,0.09062,0.01576,0.00352,0.00075,0.03172,0.07675,0.05806,0.66279,0.02537
0.16018,0.14501,0.00257,0.00004,0.00624,0.16590,0.00288,0.06049,0.45443,0.00226
0.03155,0.42119,0.00057,0.00407,0.00005,0.00800,0.00000,0.01286,0.47096,0.05074
0.03757,0.13221,0.07567,0.00313,0.00039,0.11720,0.00000,0.31901,0.31482,0.00000
0.26573,0.11390,0.01639,0.01488,0.04724,0.04118,0.00033,0.17502,0.32532,0.00001
0.09193,0.12450,0.12169,0.02548,0.03127,0.08046,0.11357,0.06992,0.34118,0.00000
0.12085,0.22043,0.02345,0.04548,0.00057,0.00879,0.02106,0.00454,0.54699,0.00783
0.16990,0.19006,0.07090,0.05865,0.00155,0.02842,0.02868,0.00723,0.44446,0.00014
0.27755,0.03738,0.02986,0.26653,0.00999,0.09875,0.00022,0.00593,0.27367,0.00012
0.08068,0.13957,0.01027,0.00956,0.00001,0.19222,0.02201,0.00053,0.53598,0.00918
0.17396,0.09613,0.00741,0.00028,0.03042,0.10969,0.00395,0.01174,0.54939,0.01704
0.01772,0.03700,0.01686,0.18353,0.00290,0.09258,0.00077,0.09953,0.49428,0.05484
0.28209,0.00611,0.00000,0.01286,0.00001,0.06744,0.00000,0.32048,0.31075,0.00025
0.02151,0.20084,0.00096,0.01358,0.02003,0.19598,0.02103,0.00354,0.52254,0.00000
0.09548,0.24277,0.00210,0.27485,0.00010,0.03119,0.00090,0.03331,0.30429,0.01501
0.32779,0.08126,0.00116,0.02577,0.04570,0.13657,0.00000,0.00010,0.36711,0.01453
0.08241,0.27064,0.00046,0.10831,0.00000,0.06099,0.00490,0.00296,0.46562,0.00370
0.01522,0.04599,0.04105,0.26855,0.00026,0.14633,0.06743,0.01194,0.38129,0.02195
0.13200,0.03497,0.00000,0.07108,0.00015,0.04085,0.00700,0.00303,0.71092,0.00000
0.04094,0.33991,0.01179,0.01008,0.06958,0.03993,0.00023,0.00787,0.47412,0.00555
0.14117,0.01101,0.04260,0.03551,0.00147,0.03975,0.00004,0.05144,0.61715,0.05986
0.16810,0.16216,0.01388,0.05718,0.03692,0.02515,0.00050,0.13987,0.39562,0.00061
0.02514,0.07997,0.05188,0.02654,0.00198,0.17257,0.00076,0.04354,0.59763,0.00000
0.03794,0.17068,0.01438,0.20084,0.00350,0.19798,0.00000,0.01873,0.29042,0.06553
0.01175,0.11256,0.04127,0.00858,0.06951,0.17685,0.03753,0.06133,0.48062,0.00000
0.16054,0.04404,0.00004,0.03375,0.00453,0.05043,0.00000,0.04352,0.66304,0.00011
0.09272,0.17230,0.02023,0.00203,0.00865,0.16938,0.04325,0.03178,0.44524,0.01442
0.16261,0.01166,0.05830,0.01117,0.01516,0.28989,0.00216,0.00202,0.40922,0.03782
0.10487,0.09430,0.01859,0.01176,0.00000,0.02570,0.08077,0.11932,0.40621,0.13847
0.12443,0.04626,0.15862,0.06522,0.01153,0.24152,0.00770,0.03954,0.30518,0.00000
0.13236,0.11281,0.09306,0.01727,0.00583,0.28211,0.10512,0.06891,0.18249,0.00002
0.45623,0.09823,0.01367,0.01784,0.00024,0.05166,0.11301,0.00148,0.23610,0.01154
0.05623,0.27050,0.00784,0.30003,0.02448,0.02523,0.00000,0.00037,0.21715,0.09817
0.04726,0.04196,0.02446,0.03063,0.02121,0.07629,0.01070,0.00001,0.74478,0.00271
0.20895,0.11699,0.03582,0.12087,0.00172,0.20244,0.03342,0.00129,0.26421,0.01429
0.46269,0.05639,0.00016,0.08339,0.00031,0.05698,0.01265,0.01081,0.31485,0.00177
0.10743,0.07105,0.07768,0.00457,0.00000,0.12093,0.00518,0.06206,0.53749,0.01360
0.26375,0.03271,0.00625,0.07633,0.00426,0.31096,0.00070,0.00744,0.29760,0.00000
0.20353,0.12455,0.14538,0.00551,0.00111,0.19257,0.00017,0.00029,0.32234,0.00454
0.18255,0.11893,0.14381,0.00256,0.00006,0.04700,0.00046,0.11141,0.36925,0.02397
0.07685,0.13379,0.02112,0.00715,0.03997,0.06441,0.00001,0.00841,0.64661,0.00168
0.02124,0.15151,0.03968,0.00517,0.00669,0.09129,0.12621,0.11517,0.43948,0.00356
0.05176,0.02366,0.06391,0.22723,0.00004,0.14298,0.00286,0.00073,0.48681,0.00000
0.15062,0.07456,0.00017,0.01634,0.02650,0.36301,0.09718,0.00285,0.26756,0.00120
0.24119,0.12102,0.01986,0.05859,0.00065,0.12820,0.04150,0.00085,0.38441,0.00372
0.17467,0.14243,0.00268,0.01842,0.00105,0.07805,0.00095,0.00704,0.57264,0.00207
0.36029,0.13533,0.00283,0.03054,0.00949,0.12091,0.00815,0.00650,0.32595,0.00002
0.18327,0.12712,0.00108,0.04328,0.04065,0.13663,0.00005,0.16708,0.29728,0.00356
0.07007,0.10112,0.00892,0.00004,0.00040,0.17762,0.00000,0.02207,0.61960,0.00016
0.08619,0.20319,0.00000,0.04410,0.00000,0.35710,0.00035,0.00131,0.30577,0.00199
0.24514,0.00538,0.00413,0.30437,0.00341,0.06873,0.00000,0.00330,0.36554,0.00000
0.13057,0.09458,0.01329,0.11999,0.00245,0.04748,0.02155,0.00003,0.56707,0.00298
0.25890,0.12669,0.01379,0.16051,0.00000,0.14331,0.00086,0.01429,0.28164,0.00001
0.22669,0.10187,0.04032,0.00765,0.00004,0.17149,0.00187,0.00019,0.42197,0.02792
0.26667,0.10154,0.15218,0.04252,0.01226,0.00572,0.00044,0.00027,0.33139,0.08703
0.21940,0.01550,0.00930,0.24871,0.00000,0.06310,0.00067,0.00002,0.43425,0.00905
0.41992,0.18091,0.01641,0.02213,0.00000,0.05345,0.00619,0.01133,0.28301,0.00665
0.24419,0.01302,0.01163,0.00013,0.00299,0.05817,0.14252,0.11599,0.37657,0.03479
0.31313,0.04769,0.06681,0.03646,0.00700,0.03752,0.00190,0.12710,0.36112,0.00128
0.20871,0.02938,0.01303,0.01781,0.00155,0.11564,0.00001,0.01346,0.59966,0.00075
0.16967,0.01987,0.00002,0.07499,0.00268,0.26864,0.00020,0.00004,0.45769,0.00620
0.11098,0.01743,0.28261,0.00291,0.10891,0.09427,0.00024,0.01166,0.37096,0.00004
0.23833,0.09805,0.00040,0.01587,0.05851,0.29070,0.00022,0.02253,0.27364,0.00175
0.15861,0.11089,0.07050,0.01528,0.00335,0.22201,0.00031,0.00076,0.37309,0.04522
0.18526,0.23622,0.06402,0.06591,0.00198,0.08249,0.01863,0.13793,0.19323,0.01433
0.06509,0.04755,0.00623,0.00233,0.00028,0.50242,0.00003,0.02411,0.34951,0.00247
0.16303,0.17060,0.00209,0.18378,0.02929,0.18630,0.00034,0.03160,0.21825,0.01472
0.12988,0.04318,0.01154,0.07066,0.00306,0.22244,0.00002,0.16497,0.34005,0.01421
0.10664,0.05051,0.00137,0.14417,0.00055,0.13354,0.04783,0.28191,0.23346,0.00002
0.20561,0.10463,0.03938,0.16102,0.02581,0.04728,0.04617,0.05415,0.31594,0.00000
0.02629,0.10122,0.01180,0.10795,0.00022,0.29712,0.07958,0.00222,0.37360,0.00000
0.11399,0.00779,0.00028,0.02060,0.00000,0.29294,0.00000,0.00153,0.56190,0.00096
0.36079,0.19905,0.00034,0.03585,0.00057,0.07581,0.02831,0.00035,0.19475,0.10419
0.18286,0.14326,0.02194,0.11711,0.00000,0.04157,0.00084,0.01034,0.45657,0.02551
0.22287,0.05753,0.03337,0.00530,0.00061,0.06874,0.01550,0.00042,0.59564,0.00001
0.00731,0.09549,0.00496,0.00230,0.00002,0.20770,0.01410,0.00000,0.66670,0.00141
0.15022,0.03737,0.00043,0.08971,0.00040,0.19478,0.00022,0.02145,0.49810,0.00732
0.20642,0.00377,0.00517,0.01325,0.15669,0.11899,0.00075,0.12729,0.36767,0.00000
0.23457,0.02820,0.00627,0.08733,0.00002,0.23838,0.00019,0.03396,0.37107,0.00000
0.26631,0.04403,0.01675,0.07756,0.02848,0.26064,0.00357,0.01504,0.28724,0.00040
0.03003,0.14642,0.08190,0.07983,0.00025,0.07471,0.02087,0.04821,0.44174,0.07605
0.11122,0.05051,0.02231,0.05558,0.00007,0.12490,0.00084,0.32290,0.30204,0.00963
0.29463,0.14679,0.00005,0.02204,0.00357,0.03552,0.00398,0.00374,0.48967,0.00000
0.04320,0.23128,0.00039,0.00216,0.03886,0.44103,0.02798,0.00522,0.20978,0.00009
0.27321,0.08886,0.00187,0.28404,0.00001,0.18055,0.00006,0.01348,0.09100,0.06691
0.11655,0.01236,0.00000,0.02885,0.00061,0.12718,0.00000,0.04362,0.66749,0.00333
0.02559,0.06446,0.00001,0.08044,0.07805,0.03264,0.02872,0.06640,0.62243,0.00127
0.12949,0.03531,0.00712,0.09571,0.05242,0.11131,0.00004,0.03476,0.47289,0.06096
0.15349,0.17520,0.00509,0.03721,0.01647,0.02221,0.05138,0.00394,0.50109,0.03391
0.16923,0.23728,0.01434,0.04361,0.00001,0.11592,0.00165,0.09329,0.29250,0.03219
0.06386,0.10879,0.06125,0.03687,0.00001,0.09423,0.09589,0.11763,0.35141,0.07007
0.30239,0.00984,0.00333,0.02305,0.00007,0.16817,0.08724,0.00791,0.30770,0.09030
0.13240,0.06765,0.12250,0.11614,0.00357,0.22934,0.10450,0.00226,0.22163,0.00000
0.12889,0.22513,0.13908,0.17305,0.02555,0.14099,0.00829,0.02643,0.13259,0.00000
0.31653,0.09867,0.00320,0.00318,0.00006,0.07167,0.00016,0.00684,0.49932,0.00036
0.16097,0.05683,0.00337,0.14661,0.00001,0.37107,0.00272,0.11445,0.14368,0.00029
0.11444,0.03607,0.05598,0.06197,0.00860,0.04224,0.02192,0.00674,0.65070,0.00135
0.07013,0.04244,0.16152,0.01623,0.01259,0.03660,0.05968,0.12855,0.46872,0.00354
0.11330,0.14942,0.11999,0.03215,0.00019,0.17991,0.04309,0.03745,0.32446,0.00003
0.09601,0.06226,0.00004,0.01975,0.00482,0.02448,0.06276,0.00651,0.72337,0.00000
0.11854,0.14692,0.03304,0.00409,0.00000,0.16992,0.00138,0.01762,0.50794,0.00056
0.20037,0.06390,0.12770,0.03584,0.03815,0.08481,0.06805,0.00545,0.36603,0.00971
0.02380,0.22777,0.00372,0.00297,0.02641,0.23542,0.03536,0.10440,0.34015,0.00001
0.11146,0.04672,0.00023,0.23856,0.02419,0.05678,0.00043,0.01955,0.50109,0.00099
0.00551,0.03178,0.18089,0.04520,0.00000,0.29092,0.00035,0.06223,0.28331,0.09980
0.36742,0.05309,0.00167,0.01529,0.00001,0.00820,0.01934,0.03465,0.50031,0.00001
0.10722,0.05268,0.00022,0.10446,0.00247,0.03944,0.00767,0.00249,0.68334,0.00000
0.13795,0.13516,0.00004,0.11414,0.00000,0.07644,0.00007,0.00020,0.53482,0.00119
0.11900,0.04168,0.11005,0.11852,0.02071,0.00076,0.05517,0.05583,0.46636,0.01190
0.04647,0.09032,0.02565,0.18763,0.00000,0.13190,0.00043,0.08795,0.42924,0.00041
0.20961,0.08416,0.00600,0.06242,0.07882,0.09709,0.00594,0.00038,0.44516,0.01042
0.16126,0.26548,0.09951,0.00001,0.02655,0.14382,0.00343,0.00644,0.28879,0.00471
0.07514,0.21239,0.00126,0.07997,0.00001,0.24497,0.00568,0.00380,0.37212,0.00467
0.27892,0.09561,0.03877,0.04462,0.00003,0.09513,0.00030,0.04294,0.40086,0.00282
0.17266,0.13036,0.00027,0.05085,0.00000,0.04547,0.00526,0.00047,0.43358,0.16107
0.07371,0.17392,0.03370,0.11352,0.00062,0.18861,0.07230,0.00664,0.33640,0.00058
0.23013,0.03633,0.00010,0.05552,0.00407,0.06598,0.00038,0.00219,0.60451,0.00079
0.15307,0.14937,0.03280,0.09081,0.00000,0.13738,0.06837,0.05892,0.30928,0.00000
0.07103,0.27502,0.02867,0.05596,0.00876,0.11308,0.00248,0.02596,0.41900,0.00005
0.08926,0.10303,0.00150,0.02148,0.04883,0.07266,0.01370,0.02567,0.60440,0.01947
0.01023,0.10968,0.28707,0.01133,0.00002,0.14746,0.00005,0.01306,0.42109,0.00001
0.06842,0.22066,0.14957,0.08842,0.00933,0.05770,0.01240,0.01649,0.31927,0.05772
0.01777,0.28240,0.02085,0.02694,0.00052,0.04346,0.00037,0.00003,0.59305,0.01461
0.04053,0.06680,0.00351,0.03570,0.00003,0.36013,0.02244,0.01741,0.45339,0.00005
0.07966,0.09080,0.00260,0.20851,0.00165,0.09939,0.00002,0.08957,0.42779,0.00000
0.14690,0.05469,0.03383,0.15045,0.07481,0.19168,0.00021,0.00329,0.33610,0.00805
0.04960,0.22444,0.19859,0.01227,0.01002,0.16006,0.01352,0.00620,0.32495,0.00035
0.17625,0.02027,0.00048,0.10043,0.00027,0.15184,0.00003,0.02710,0.52326,0.00007
0.10236,0.18640,0.00137,0.11844,0.00968,0.15518,0.03523,0.08268,0.30349,0.00515
0.05780,0.02916,0.00233,0.01216,0.00000,0.07203,0.00000,0.00405,0.82197,0.00050
0.02012,0.22039,0.01212,0.02822,0.04727,0.10872,0.00251,0.00226,0.55769,0.00070
0.13724,0.08934,0.19598,0.01644,0.00441,0.22343,0.01579,0.07439,0.24220,0.00078
0.11313,0.11387,0.00024,0.12679,0.00037,0.04358,0.00003,0.09316,0.49709,0.01172
0.06926,0.04847,0.00006,0.00039,0.12799,0.36057,0.00030,0.00229,0.38864,0.00203
0.02428,0.07665,0.01502,0.15443,0.00026,0.12575,0.00004,0.07240,0.50544,0.02572
0.02044,0.13800,0.00445,0.09128,0.01091,0.04603,0.00048,0.07808,0.61030,0.00003
0.02771,0.06375,0.00527,0.05567,0.04055,0.30710,0.00206,0.18761,0.30855,0.00172
0.19669,0.09797,0.00290,0.07611,0.00045,0.08913,0.04388,0.19069,0.30217,0.00003
0.09603,0.14467,0.06055,0.03368,0.06047,0.19203,0.00314,0.00090,0.40843,0.00011
0.20642,0.00728,0.04812,0.03627,0.01116,0.49729,0.00000,0.04570,0.14738,0.00038
0.08219,0.21954,0.00008,0.11791,0.00550,0.17301,0.00007,0.03939,0.36086,0.00144
0.04122,0.08658,0.00277,0.01046,0.15743,0.33923,0.00147,0.10164,0.25920,0.00000
0.04235,0.16654,0.00724,0.05782,0.00000,0.10324,0.03999,0.13816,0.44422,0.00044
0.03689,0.14453,0.00372,0.00019,0.00001,0.16031,0.00021,0.12839,0.52558,0.00017
0.18506,0.06958,0.02787,0.07307,0.00001,0.16809,0.03406,0.00663,0.42293,0.01270
0.07860,0.13747,0.07227,0.00538,0.00020,0.13390,0.00231,0.04241,0.50760,0.01987
0.14936,0.00438,0.01399,0.00879,0.00288,0.27053,0.00001,0.02613,0.52393,0.00000
0.07061,0.20528,0.05643,0.00873,0.00009,0.03364,0.12283,0.12401,0.37656,0.00184
0.24936,0.10076,0.00244,0.08490,0.00030,0.17424,0.00083,0.04121,0.33442,0.01153
0.16647,0.05563,0.01056,0.18427,0.02476,0.33045,0.00623,0.00130,0.18179,0.03852
0.08352,0.26132,0.06549,0.05121,0.00017,0.00400,0.00201,0.12905,0.40205,0.00119
0.36994,0.20296,0.00713,0.00169,0.00000,0.01109,0.08326,0.05605,0.26670,0.00119
0.28963,0.13362,0.05748,0.03317,0.00000,0.06921,0.00002,0.00043,0.37794,0.03851
0.44916,0.03926,0.00122,0.00046,0.00002,0.09389,0.00407,0.00003,0.41184,0.00007
0.11954,0.29361,0.01523,0.01103,0.00459,0.13579,0.00568,0.01540,0.39914,0.00000
0.05499,0.14556,0.07374,0.01443,0.00710,0.21207,0.00283,0.00005,0.29030,0.19893
0.07981,0.14136,0.19328,0.00927,0.00005,0.27011,0.00409,0.00001,0.29983,0.00219
0.09475,0.07161,0.00857,0.24681,0.00720,0.22521,0.00722,0.00977,0.32884,0.00001
0.15858,0.06689,0.00005,0.07102,0.06254,0.18648,0.01229,0.18366,0.25801,0.00048
0.26700,0.27406,0.01113,0.00549,0.00146,0.10051,0.00021,0.00003,0.34011,0.00000
0.25986,0.04572,0.01617,0.04325,0.01644,0.38966,0.00000,0.00196,0.21047,0.01648
0.04673,0.16290,0.26597,0.00439,0.00007,0.08299,0.00001,0.03071,0.39512,0.01112
0.04965,0.13487,0.10781,0.21184,0.00010,0.22500,0.00582,0.08918,0.17574,0.00000
0.04169,0.08077,0.00296,0.12375,0.00002,0.22705,0.00001,0.04717,0.45298,0.02359
0.01367,0.46498,0.00102,0.00299,0.00036,0.13953,0.00001,0.05258,0.32485,0.00001
0.03925,0.12230,0.00288,0.03162,0.00016,0.11298,0.01069,0.03004,0.63684,0.01323
0.23949,0.02069,0.00121,0.18061,0.00188,0.09512,0.00175,0.06465,0.26652,0.12809
0.13480,0.21811,0.01687,0.04954,0.00060,0.14706,0.00428,0.01438,0.41435,0.00000
0.15117,0.45034,0.00521,0.01470,0.00000,0.13699,0.00003,0.00002,0.23831,0.00323
0.09146,0.01263,0.00448,0.00005,0.00790,0.09806,0.03494,0.01261,0.73592,0.00194
0.04053,0.14396,0.25630,0.02112,0.02115,0.15055,0.01736,0.00301,0.34601,0.00000
0.05108,0.11341,0.00305,0.08650,0.00022,0.26170,0.00217,0.00000,0.48163,0.00024
0.12181,0.04467,0.14399,0.01291,0.00002,0.03357,0.00372,0.06345,0.56393,0.01193
0.18107,0.16025,0.00054,0.02112,0.00237,0.10897,0.00015,0.01176,0.51376,0.00000
0.03383,0.09656,0.00000,0.16083,0.03114,0.28705,0.00235,0.00291,0.35382,0.03152
0.17820,0.10881,0.01734,0.23757,0.00000,0.10508,0.00462,0.00553,0.34123,0.00162
0.04058,0.08647,0.01951,0.01007,0.00011,0.24364,0.00259,0.09066,0.50543,0.00095
0.34070,0.13110,0.07660,0.01682,0.12611,0.03708,0.00641,0.02201,0.21100,0.03218
0.04304,0.25120,0.00868,0.08733,0.02156,0.09743,0.04405,0.19405,0.19455,0.05811
0.17263,0.10144,0.08909,0.00426,0.00000,0.04531,0.03819,0.00167,0.48108,0.06634
0.13049,0.00774,0.06438,0.09364,0.00447,0.38263,0.05056,0.07185,0.16807,0.02617
0.14148,0.10552,0.00200,0.00540,0.00000,0.23712,0.00311,0.08660,0.41156,0.00722
0.06140,0.03475,0.01619,0.00295,0.00148,0.16705,0.05802,0.00594,0.65194,0.00030
0.12989,0.02115,0.00370,0.10246,0.03075,0.11255,0.00353,0.01427,0.41921,0.16248
0.03277,0.03030,0.02233,0.02110,0.03871,0.11759,0.00172,0.00069,0.73394,0.00086
0.17642,0.07188,0.00169,0.18988,0.00122,0.02421,0.05327,0.17909,0.30182,0.00052
0.27744,0.02664,0.01064,0.08943,0.00415,0.18856,0.00021,0.06032,0.34260,0.00002
0.03247,0.20633,0.00423,0.12235,0.00102,0.10489,0.32617,0.00374,0.19881,0.00000
0.17532,0.04794,0.01011,0.05378,0.03688,0.02903,0.01701,0.00034,0.62955,0.00005
0.14250,0.03258,0.07014,0.04359,0.00027,0.19327,0.17620,0.02278,0.13840,0.18026
0.29342,0.00457,0.00031,0.18466,0.00268,0.21395,0.00000,0.01068,0.27878,0.01094
0.07691,0.11167,0.05706,0.04092,0.00005,0.20139,0.01658,0.01276,0.46038,0.02228
0.17544,0.06169,0.00422,0.00793,0.00023,0.06018,0.00038,0.00579,0.68399,0.00014
0.06417,0.14803,0.03175,0.02312,0.00923,0.19554,0.05550,0.02708,0.40222,0.04335
0.04457,0.06619,0.00966,0.04510,0.01597,0.27533,0.03827,0.00461,0.50027,0.00001
0.19623,0.16622,0.03862,0.00077,0.00000,0.05166,0.00003,0.00527,0.53065,0.01055
0.02031,0.03893,0.01577,0.00289,0.00302,0.25841,0.05348,0.02994,0.57725,0.00000
0.28385,0.06697,0.02769,0.00904,0.00088,0.06741,0.00306,0.00179,0.53218,0.00713
0.06745,0.01004,0.14577,0.13119,0.00000,0.23324,0.04024,0.02706,0.33839,0.00662
0.05514,0.23283,0.00670,0.02668,0.00000,0.07552,0.14237,0.09072,0.37006,0.00000
0.08119,0.27174,0.00148,0.01229,0.02971,0.06994,0.00055,0.23379,0.29932,0.00000
0.19920,0.09678,0.00945,0.00102,0.07758,0.19478,0.05512,0.00325,0.34186,0.02097
0.11468,0.30431,0.00021,0.02844,0.00000,0.06696,0.02132,0.01070,0.44351,0.00986
0.19827,0.12101,0.01907,0.20591,0.00065,0.08501,0.00077,0.10179,0.26752,0.00000
0.13967,0.09642,0.01149,0.00775,0.00016,0.22186,0.00000,0.04531,0.45966,0.01767
0.28547,0.08443,0.02421,0.02614,0.00397,0.03007,0.00016,0.00088,0.54353,0.00114
0.17301,0.00760,0.00035,0.02908,0.12283,0.22395,0.00242,0.12026,0.22869,0.09180
0.31639,0.06875,0.01497,0.00031,0.00630,0.14819,0.00000,0.00200,0.44310,0.00000
0.11563,0.17060,0.01523,0.04698,0.00270,0.02297,0.17407,0.01675,0.43327,0.00180
0.14869,0.21390,0.00485,0.02132,0.01275,0.30227,0.04043,0.00533,0.23797,0.01249
0.26071,0.16368,0.00001,0.05438,0.06681,0.10550,0.07674,0.00003,0.27041,0.00171
0.16834,0.00523,0.00113,0.01345,0.00000,0.31102,0.02200,0.11324,0.36550,0.00008
0.00997,0.03002,0.00011,0.09697,0.00086,0.07697,0.00671,0.00693,0.77147,0.00000
0.03253,0.07336,0.00516,0.00074,0.00885,0.35354,0.00220,0.02269,0.50089,0.00004
0.09065,0.10699,0.00384,0.11083,0.00060,0.47786,0.00002,0.00872,0.19768,0.00280
0.44302,0.06409,0.00200,0.00852,0.00002,0.10333,0.06583,0.01160,0.28669,0.01489
0.05502,0.01024,0.00710,0.12718,0.03065,0.50762,0.03710,0.01181,0.21328,0.00000
0.06185,0.01630,0.00039,0.12970,0.00014,0.12432,0.00058,0.00225,0.66446,0.00001
0.09192,0.06219,0.00506,0.08681,0.00079,0.03175,0.00000,0.12158,0.59989,0.00000
0.09540,0.24530,0.01474,0.00035,0.00005,0.04004,0.04964,0.00169,0.49090,0.06189
0.24338,0.00373,0.02938,0.06102,0.03877,0.11942,0.03258,0.13587,0.33511,0.00074
0.05014,0.03671,0.07638,0.00148,0.00001,0.05923,0.01912,0.00611,0.73850,0.01232
0.09906,0.05482,0.00008,0.00125,0.00114,0.24164,0.07499,0.00040,0.50967,0.01694
0.02870,0.04790,0.00814,0.18824,0.00000,0.19702,0.00207,0.05219,0.42405,0.05169
0.10587,0.22033,0.00319,0.19532,0.04284,0.16824,0.00042,0.01027,0.23244,0.02108
0.07601,0.10292,0.07645,0.07147,0.00000,0.07505,0.00301,0.07650,0.51858,0.00001
0.14334,0.04272,0.00358,0.05228,0.01888,0.23995,0.00202,0.00310,0.49412,0.00000
0.04628,0.11367,0.00002,0.14099,0.15466,0.30010,0.00000,0.01382,0.23005,0.00040
0.03081,0.04792,0.00025,0.09755,0.02173,0.16875,0.11367,0.01073,0.50517,0.00343
0.05541,0.08732,0.03587,0.00933,0.00039,0.08087,0.02558,0.03050,0.65803,0.01671
0.05660,0.26444,0.06794,0.08617,0.00001,0.15626,0.00045,0.00556,0.35202,0.01055
0.07298,0.11926,0.02361,0.00362,0.00012,0.10182,0.00003,0.07392,0.60462,0.00002
0.07935,0.18856,0.11716,0.02198,0.00020,0.03632,0.00025,0.00682,0.54743,0.00193
0.28847,0.15442,0.00422,0.00036,0.00000,0.13290,0.03189,0.00007,0.38685,0.00082
0.11139,0.10122,0.01022,0.00327,0.14397,0.16849,0.02560,0.07564,0.23048,0.12972
0.07543,0.03486,0.09744,0.04112,0.00004,0.20967,0.05860,0.00587,0.47671,0.00025
0.19417,0.14139,0.00091,0.09117,0.00002,0.03940,0.00276,0.00042,0.52976,0.00000
0.06023,0.20724,0.02835,0.05577,0.00030,0.05107,0.00000,0.07432,0.52251,0.00021
0.16639,0.03629,0.00357,0.01268,0.00041,0.16865,0.00000,0.00584,0.60486,0.00129
0.09635,0.08631,0.00002,0.00143,0.00010,0.31133,0.04907,0.00016,0.45513,0.00010
0.00738,0.00243,0.00531,0.16098,0.08467,0.04465,0.00016,0.00664,0.68606,0.00170
0.02302,0.03454,0.10955,0.16855,0.00106,0.05225,0.00065,0.00759,0.59448,0.00831
0.07148,0.00129,0.00009,0.09273,0.00000,0.12696,0.00000,0.03096,0.67557,0.00093
0.10068,0.30278,0.00604,0.01751,0.02392,0.11821,0.00625,0.00091,0.42260,0.00110
0.10502,0.06481,0.03390,0.11630,0.00100,0.14486,0.00014,0.02567,0.50808,0.00021
0.10776,0.31451,0.04928,0.22970,0.01944,0.09879,0.03024,0.00010,0.10865,0.04153
0.41040,0.08772,0.03052,0.00335,0.00014,0.18581,0.00000,0.03900,0.23912,0.00393
0.19072,0.02900,0.01437,0.06635,0.00739,0.07152,0.00094,0.00189,0.61782,0.00000
0.54145,0.02261,0.00962,0.00163,0.03775,0.11409,0.00171,0.03100,0.23932,0.00081
0.15571,0.21222,0.00000,0.02059,0.00153,0.07305,0.00759,0.10148,0.42735,0.00049
0.17317,0.02965,0.04491,0.01021,0.06939,0.39263,0.00000,0.00806,0.26946,0.00253
0.03020,0.45890,0.00003,0.10602,0.02831,0.15864,0.01869,0.04573,0.15348,0.00000
0.11442,0.04175,0.01149,0.08186,0.01662,0.10668,0.00000,0.05406,0.57055,0.00256
0.02551,0.34996,0.03607,0.00537,0.00296,0.19205,0.00589,0.00635,0.37580,0.00003
0.05673,0.09926,0.00140,0.04326,0.18002,0.12529,0.00381,0.00644,0.48322,0.00059
0.20092,0.01372,0.00139,0.13635,0.00003,0.02377,0.00005,0.00098,0.62280,0.00000
0.02091,0.09516,0.02757,0.11309,0.00990,0.20312,0.00045,0.00002,0.52702,0.00275
0.07311,0.01945,0.00018,0.02830,0.02883,0.18178,0.00009,0.00029,0.65133,0.01664
0.13201,0.02225,0.00280,0.00440,0.13004,0.07905,0.00011,0.02826,0.60089,0.00018
0.08214,0.28239,0.16429,0.08259,0.03325,0.01186,0.00011,0.00018,0.29512,0.04806
0.17034,0.00727,0.00718,0.08621,0.28237,0.14836,0.05850,0.00986,0.22950,0.00041
0.07069,0.08114,0.04398,0.02279,0.05876,0.04222,0.00211,0.21473,0.46098,0.00260
0.16210,0.13964,0.06133,0.00233,0.00827,0.06140,0.00404,0.00952,0.53948,0.01188
0.03234,0.03798,0.12876,0.00244,0.01525,0.18600,0.02829,0.07673,0.43791,0.05429
0.01290,0.02070,0.19831,0.00146,0.00000,0.04575,0.12289,0.10661,0.48152,0.00986
0.03452,0.12307,0.01062,0.02521,0.22132,0.15835,0.00000,0.00390,0.27577,0.14725
0.34460,0.13694,0.01811,0.01464,0.00003,0.20023,0.00272,0.00001,0.28251,0.00021
0.49251,0.05003,0.02076,0.04235,0.00407,0.05082,0.00001,0.00198,0.33525,0.00222
0.06320,0.04304,0.00000,0.03501,0.00001,0.45335,0.07769,0.01191,0.31555,0.00025
0.32175,0.05535,0.08120,0.00254,0.00301,0.11004,0.15415,0.06686,0.20115,0.00396
0.04389,0.13305,0.09729,0.02988,0.00985,0.40832,0.00001,0.00348,0.24131,0.03293
0.14717,0.11280,0.00872,0.04293,0.02202,0.22786,0.12529,0.00002,0.30522,0.00798
0.32786,0.00341,0.03837,0.09905,0.00963,0.11249,0.00170,0.00005,0.40188,0.00557
0.28701,0.09341,0.00000,0.04392,0.00060,0.12196,0.00180,0.07884,0.37236,0.00011
0.04476,0.06551,0.04996,0.00085,0.00004,0.21531,0.00035,0.00828,0.61494,0.00000
0.06659,0.05388,0.05021,0.05377,0.00283,0.10569,0.00712,0.02511,0.63468,0.00011
0.07241,0.00427,0.00483,0.00376,0.01535,0.28811,0.01830,0.00240,0.59057,0.00000
0.10144,0.09302,0.07020,0.03381,0.00001,0.21297,0.04979,0.00004,0.43869,0.00003
0.20919,0.23566,0.04498,0.00145,0.00004,0.20116,0.00000,0.00838,0.29852,0.00062
0.09097,0.21389,0.10655,0.00570,0.00000,0.17371,0.00000,0.05260,0.35574,0.00084
0.02231,0.14427,0.00001,0.08477,0.05061,0.32875,0.00031,0.03924,0.32972,0.00001
0.05752,0.01433,0.06436,0.00062,0.00042,0.23955,0.02852,0.00026,0.42243,0.17199
0.17086,0.06182,0.01551,0.00534,0.01728,0.16896,0.00287,0.21050,0.29565,0.05121
0.08504,0.12783,0.00208,0.02448,0.00610,0.36258,0.00008,0.00002,0.37374,0.01805
0.14884,0.03926,0.02846,0.03228,0.00000,0.21753,0.00353,0.01447,0.51560,0.00001
0.00851,0.10307,0.08832,0.01368,0.00001,0.12944,0.00015,0.02830,0.62852,0.00000
0.21361,0.19048,0.00003,0.03375,0.00246,0.05710,0.06728,0.00022,0.41018,0.02489
0.11601,0.09292,0.02312,0.00408,0.00016,0.10739,0.00009,0.05436,0.54918,0.05270
