0.06514,0.05687,0.27182,0.13369,0.06238,0.06597,0.10284,0.24128
0.23150,0.07073,0.16887,0.10968,0.14495,0.14741,0.05076,0.07610
0.02283,0.20153,0.25814,0.07070,0.19425,0.01648,0.01686,0.21922
0.12635,0.09128,0.22154,0.16691,0.10756,0.04651,0.05005,0.18979
0.28454,0.11628,0.07447,0.06818,0.10931,0.25228,0.03123,0.06372
0.15323,0.16939,0.04599,0.05864,0.20067,0.21863,0.11853,0.03492
0.10318,0.24947,0.10611,0.05988,0.19944,0.05373,0.03972,0.18847
0.21547,0.18412,0.07868,0.07693,0.17145,0.14726,0.04033,0.08575
0.02145,0.06920,0.38452,0.35492,0.06953,0.02195,0.02097,0.05747
0.01520,0.40333,0.06897,0.04301,0.39181,0.00967,0.01696,0.05106
0.09374,0.02217,0.35289,0.30264,0.10121,0.02092,0.02221,0.08420
0.10090,0.14874,0.21847,0.15725,0.16590,0.04926,0.02834,0.13115
0.17765,0.13946,0.07641,0.14438,0.26809,0.01746,0.10835,0.06819
0.05290,0.19265,0.21116,0.12174,0.19754,0.03577,0.02770,0.16053
0.05725,0.22819,0.15727,0.05705,0.04528,0.05622,0.05133,0.34742
0.05995,0.36755,0.05290,0.03956,0.37245,0.03512,0.02096,0.05151
0.07141,0.08043,0.28948,0.28026,0.07391,0.04697,0.06424,0.09329
0.28939,0.04666,0.15014,0.11520,0.25864,0.05904,0.01873,0.06221
0.02055,0.22004,0.22369,0.21072,0.22479,0.02924,0.02314,0.04783
0.03262,0.08651,0.23856,0.30255,0.10497,0.02119,0.14020,0.07341
0.04397,0.07895,0.05776,0.32329,0.07269,0.04924,0.31932,0.05478
0.09596,0.02072,0.34679,0.34733,0.10680,0.02924,0.03158,0.02157
0.01458,0.16653,0.26995,0.18701,0.03323,0.01720,0.01432,0.29720
0.04695,0.03775,0.39913,0.35913,0.05470,0.02786,0.01657,0.05791
0.01400,0.06765,0.38447,0.33270,0.07353,0.01940,0.03731,0.07093
0.11880,0.09891,0.17270,0.15073,0.10115,0.10951,0.11200,0.13620
0.02202,0.22020,0.15721,0.21999,0.21599,0.04020,0.09067,0.03370
0.01614,0.08725,0.12373,0.08620,0.09372,0.28481,0.26988,0.03827
0.30634,0.07457,0.06330,0.06657,0.07897,0.31077,0.05106,0.04843
0.08876,0.16670,0.18011,0.07958,0.13174,0.06722,0.04264,0.24324
0.23184,0.10068,0.11097,0.05241,0.24320,0.10717,0.05579,0.09793
0.05696,0.03823,0.38020,0.38009,0.06557,0.01857,0.02220,0.03818
0.25056,0.11885,0.06848,0.06327,0.26738,0.10107,0.06263,0.06776
0.02778,0.07903,0.28014,0.19971,0.07796,0.02957,0.11062,0.19520
0.12118,0.13269,0.21516,0.11186,0.22022,0.02483,0.02150,0.15255
0.07956,0.32497,0.07794,0.07308,0.34742,0.03932,0.02143,0.03628
0.08707,0.28428,0.08520,0.05965,0.35515,0.02054,0.03270,0.07542
0.04129,0.08137,0.06648,0.27563,0.08394,0.11175,0.30121,0.03832
0.03172,0.11219,0.27151,0.30935,0.11031,0.04018,0.07204,0.05271
0.02878,0.09746,0.21255,0.13132,0.07903,0.15505,0.14690,0.14892
0.02836,0.10878,0.21841,0.28689,0.06568,0.02744,0.14915,0.11528
0.13481,0.03726,0.30471,0.26402,0.16929,0.02701,0.01726,0.04564
0.01675,0.21976,0.24099,0.21928,0.20726,0.01508,0.01959,0.06127
0.19799,0.09072,0.07431,0.06153,0.16074,0.19076,0.11847,0.10548
0.17815,0.05569,0.11624,0.07040,0.06546,0.24855,0.14873,0.11676
0.17463,0.04604,0.16545,0.18905,0.19134,0.05186,0.10334,0.07829
0.17774,0.03817,0.26696,0.14235,0.16923,0.03528,0.03697,0.13330
0.06249,0.28580,0.09619,0.07113,0.22656,0.04793,0.04787,0.16203
0.16322,0.07314,0.06776,0.06567,0.08669,0.28235,0.20297,0.05821
0.03037,0.15098,0.28366,0.08371,0.14313,0.04607,0.03817,0.22392
0.26472,0.09757,0.08370,0.07632,0.09196,0.22174,0.06270,0.10129
0.13580,0.24742,0.06870,0.08762,0.13799,0.03940,0.03160,0.25147
0.36587,0.05213,0.06850,0.05833,0.38845,0.02386,0.01793,0.02494
0.05509,0.04611,0.23892,0.21580,0.07020,0.12159,0.15249,0.09980
0.14029,0.09909,0.15511,0.20390,0.16323,0.02875,0.08547,0.12414
0.17569,0.17180,0.07847,0.09978,0.21612,0.06015,0.05912,0.13887
0.04273,0.20876,0.22950,0.05205,0.22031,0.02175,0.01266,0.21225
0.04084,0.07847,0.30864,0.11925,0.07303,0.04932,0.06510,0.26536
0.03236,0.14203,0.26437,0.24991,0.10736,0.03705,0.05356,0.11337
0.06547,0.06487,0.33628,0.32787,0.11436,0.02619,0.02052,0.04444
0.23273,0.15380,0.06672,0.06325,0.28064,0.10241,0.04975,0.05070
0.04689,0.37797,0.02978,0.03440,0.34231,0.03414,0.03320,0.10132
0.14561,0.16897,0.07397,0.06146,0.24279,0.11210,0.11071,0.08439
0.06442,0.21052,0.20076,0.12650,0.24478,0.03205,0.01882,0.10214
0.10090,0.05267,0.30494,0.14475,0.11420,0.04372,0.02861,0.21021
0.01235,0.07159,0.38209,0.29440,0.07737,0.01861,0.02386,0.11974
0.01932,0.24264,0.15891,0.11133,0.06978,0.04835,0.05729,0.29238
0.04710,0.06061,0.14503,0.34790,0.07296,0.03171,0.24033,0.05436
0.07978,0.24448,0.15164,0.11515,0.24650,0.06218,0.03299,0.06727
0.06587,0.26462,0.10609,0.06925,0.25581,0.08729,0.06504,0.08603
0.12868,0.09812,0.13521,0.11659,0.09685,0.15557,0.14758,0.12139
0.09520,0.04430,0.21972,0.27384,0.04917,0.07711,0.13309,0.10757
0.12719,0.09670,0.26663,0.05713,0.09391,0.04984,0.01685,0.29175
0.11056,0.03570,0.32879,0.24650,0.12249,0.02690,0.02677,0.10229
0.10770,0.18252,0.13549,0.12949,0.19249,0.10684,0.06830,0.07717
0.02342,0.12391,0.20101,0.25252,0.09950,0.06714,0.15706,0.07543
0.18302,0.04974,0.24196,0.18586,0.10906,0.08733,0.03119,0.11184
0.04665,0.18578,0.24924,0.04827,0.14540,0.02486,0.01954,0.28025
0.02013,0.14135,0.25509,0.31330,0.13411,0.02142,0.06804,0.04657
0.10915,0.14202,0.21147,0.16184,0.09562,0.07924,0.03011,0.17054
0.02652,0.25939,0.15189,0.15446,0.23852,0.01842,0.04079,0.11001
0.13446,0.11073,0.23174,0.03318,0.15783,0.03930,0.01911,0.27366
0.19316,0.07715,0.18759,0.02766,0.07690,0.16879,0.07334,0.19542
0.12978,0.09865,0.17494,0.15641,0.20116,0.03984,0.09674,0.10247
0.03169,0.39334,0.03795,0.01866,0.09102,0.04870,0.03257,0.34608
0.03835,0.25755,0.15139,0.11524,0.20797,0.04057,0.03939,0.14953
0.14391,0.15822,0.08735,0.15486,0.09303,0.12143,0.09900,0.14222
0.34246,0.07368,0.04152,0.04210,0.12400,0.29663,0.03170,0.04791
0.07608,0.08908,0.17339,0.22120,0.06866,0.07323,0.16240,0.13596
0.34099,0.04744,0.10178,0.04516,0.05287,0.29440,0.01847,0.09889
0.11209,0.09277,0.28811,0.20209,0.11645,0.06213,0.01640,0.10996
0.02679,0.10222,0.27966,0.30906,0.09670,0.03873,0.08243,0.06441
0.20510,0.21096,0.04660,0.04710,0.21365,0.18096,0.04626,0.04939
0.01296,0.42803,0.05050,0.02968,0.43083,0.00889,0.01103,0.02809
0.01759,0.03899,0.42278,0.40390,0.03718,0.01518,0.01526,0.04911
0.04304,0.09356,0.14007,0.31418,0.05966,0.08875,0.20496,0.05578
0.05368,0.13666,0.27513,0.08328,0.13274,0.04960,0.04168,0.22723
0.01932,0.04097,0.19091,0.38043,0.04068,0.03111,0.24008,0.05649
0.05558,0.26984,0.07342,0.13795,0.28604,0.03977,0.09353,0.04387
0.07810,0.12978,0.19122,0.22747,0.04358,0.04687,0.07568,0.20730
0.10762,0.10070,0.29023,0.09854,0.16137,0.02830,0.01565,0.19760
0.04327,0.06367,0.32053,0.03454,0.03772,0.10897,0.08228,0.30903
0.12388,0.23935,0.07452,0.08795,0.31333,0.05500,0.05017,0.05579
0.04016,0.18335,0.22472,0.21950,0.09786,0.03598,0.04299,0.15545
0.03494,0.03941,0.39212,0.08340,0.04623,0.03751,0.04014,0.32625
0.06593,0.05907,0.25422,0.33149,0.06515,0.08163,0.10903,0.03347
0.13438,0.12808,0.21898,0.15978,0.13630,0.09360,0.02005,0.10883
0.04737,0.34839,0.07140,0.04623,0.28521,0.02884,0.01627,0.15629
0.01182,0.34895,0.12325,0.11120,0.34300,0.00755,0.01661,0.03762
0.01761,0.25058,0.18249,0.18286,0.22255,0.01275,0.03879,0.09236
0.01488,0.11438,0.33097,0.09820,0.09475,0.03924,0.04082,0.26676
0.06415,0.10373,0.30467,0.22705,0.09381,0.06498,0.03493,0.10669
0.06346,0.22371,0.05270,0.03980,0.22586,0.19033,0.15786,0.04627
0.05790,0.15423,0.25633,0.20259,0.18259,0.02719,0.02539,0.09378
0.03852,0.07794,0.26157,0.12321,0.04842,0.06722,0.11413,0.26900
0.07094,0.14362,0.24840,0.22999,0.14427,0.04662,0.04105,0.07511
0.06006,0.03945,0.17754,0.11131,0.08710,0.23517,0.22400,0.06536
0.12058,0.24449,0.09398,0.07963,0.22625,0.09612,0.04309,0.09586
0.08270,0.16207,0.21936,0.06309,0.17183,0.04787,0.04170,0.21138
0.02573,0.18198,0.24894,0.24055,0.20406,0.03789,0.02804,0.03282
0.18053,0.11913,0.10329,0.07693,0.15338,0.12949,0.08809,0.14915
0.23129,0.12935,0.10255,0.09754,0.25706,0.05724,0.03859,0.08639
0.01763,0.05301,0.13697,0.30557,0.05280,0.09630,0.28332,0.05439
0.02983,0.07795,0.26573,0.33431,0.06683,0.04043,0.11519,0.06973
0.16808,0.20620,0.03786,0.08311,0.17795,0.14934,0.10241,0.07506
0.23440,0.09772,0.15082,0.12878,0.12203,0.19240,0.02852,0.04534
0.10763,0.12458,0.16589,0.22009,0.15911,0.05324,0.08662,0.08285
0.04122,0.14091,0.21665,0.19336,0.11370,0.11276,0.09491,0.08650
0.02588,0.11961,0.30279,0.14183,0.11320,0.03602,0.04690,0.21378
0.11913,0.09173,0.18202,0.10891,0.08906,0.12466,0.09375,0.19074
0.03856,0.17972,0.23266,0.24273,0.18923,0.04115,0.03724,0.03871
0.06409,0.08991,0.31713,0.14826,0.10269,0.04103,0.03171,0.20517
0.18917,0.05996,0.11654,0.18983,0.24915,0.03698,0.13523,0.02314
0.01850,0.39755,0.06427,0.04664,0.40843,0.01755,0.01478,0.03227
0.04405,0.19628,0.21520,0.13877,0.19435,0.03916,0.04229,0.12991
0.14831,0.16748,0.14727,0.08425,0.23897,0.05125,0.03460,0.12788
0.05793,0.13128,0.25156,0.15534,0.13648,0.05659,0.05509,0.15575
0.05384,0.24018,0.13736,0.11428,0.24310,0.04333,0.06574,0.10217
0.01831,0.06599,0.27781,0.31341,0.06558,0.10781,0.12547,0.02563
0.05460,0.37488,0.04970,0.03460,0.37921,0.03883,0.01749,0.05070
0.18477,0.06106,0.18174,0.20731,0.20674,0.02740,0.05672,0.07427
0.10398,0.09517,0.27737,0.04821,0.16779,0.03634,0.02740,0.24374
0.06474,0.10851,0.31516,0.18695,0.10804,0.03962,0.02121,0.15577
0.04839,0.15308,0.14975,0.10513,0.15321,0.15099,0.14615,0.09331
0.23680,0.09317,0.12777,0.11784,0.28025,0.04911,0.03029,0.06476
0.08812,0.09563,0.26106,0.22373,0.07843,0.10149,0.07549,0.07604
0.03373,0.19301,0.24079,0.16258,0.20473,0.02605,0.02960,0.10951
0.03142,0.12263,0.30379,0.31059,0.11075,0.02562,0.03931,0.05590
0.05442,0.20600,0.22940,0.05590,0.17074,0.04072,0.02709,0.21573
0.11417,0.25593,0.08844,0.06418,0.23252,0.04876,0.03489,0.16110
0.12102,0.13466,0.16763,0.16093,0.20505,0.05586,0.07443,0.08042
0.34022,0.07524,0.06820,0.04817,0.08597,0.30841,0.02172,0.05208
0.08999,0.12079,0.03029,0.12129,0.11562,0.21380,0.25550,0.05273
0.14207,0.08419,0.23633,0.16746,0.13836,0.05746,0.04577,0.12836
0.04710,0.20205,0.18525,0.06697,0.20238,0.04285,0.05551,0.19788
0.03093,0.18585,0.26634,0.16029,0.17311,0.01847,0.02724,0.13777
0.03674,0.15603,0.26431,0.25634,0.16716,0.03338,0.04589,0.04014
0.07367,0.08946,0.12869,0.31057,0.09983,0.04952,0.20393,0.04434
0.01207,0.07373,0.38238,0.38673,0.07714,0.01415,0.02415,0.02964
0.10657,0.25862,0.07420,0.04031,0.11547,0.05985,0.03930,0.30567
0.27124,0.05219,0.06154,0.03581,0.27328,0.12584,0.10919,0.07091
0.08184,0.06867,0.11748,0.07749,0.07915,0.26461,0.23907,0.07169
0.03932,0.16118,0.18009,0.06515,0.14552,0.10441,0.12699,0.17734
0.03971,0.22501,0.19616,0.13844,0.23841,0.01898,0.02289,0.12040
0.16713,0.08151,0.17072,0.14225,0.09626,0.13368,0.08195,0.12650
0.15222,0.17233,0.08085,0.16449,0.21958,0.05961,0.09650,0.05442
0.02392,0.15353,0.25091,0.28386,0.14794,0.01917,0.06528,0.05540
0.11326,0.26071,0.08393,0.09109,0.29626,0.06090,0.03822,0.05564
0.16467,0.18317,0.07608,0.06022,0.21287,0.10360,0.08186,0.11752
0.02484,0.06841,0.38315,0.09578,0.04566,0.02334,0.03120,0.32762
0.11186,0.06246,0.26840,0.08174,0.10400,0.09279,0.06807,0.21069
0.04845,0.13075,0.27120,0.09000,0.10825,0.03229,0.04643,0.27262
0.14687,0.07283,0.26999,0.25549,0.07324,0.11055,0.01880,0.05224
0.04985,0.30451,0.11506,0.07031,0.32781,0.03013,0.01325,0.08908
0.09968,0.05988,0.28465,0.30466,0.09728,0.04596,0.05909,0.04879
0.05823,0.03986,0.36150,0.30208,0.07375,0.05552,0.03424,0.07482
0.08863,0.11949,0.07713,0.24885,0.11339,0.08053,0.20842,0.06356
0.08557,0.24013,0.14708,0.10398,0.23977,0.06057,0.02158,0.10132
0.04645,0.04438,0.37344,0.06777,0.04239,0.04691,0.04058,0.33809
0.30541,0.03697,0.03990,0.02611,0.29990,0.14093,0.11972,0.03107
0.05523,0.30767,0.08265,0.03736,0.28642,0.04186,0.03139,0.15741
0.12467,0.18018,0.13235,0.07969,0.15180,0.12395,0.03039,0.17697
0.04637,0.29895,0.04963,0.12343,0.28464,0.04603,0.10199,0.04896
0.03331,0.14148,0.30477,0.23278,0.05173,0.02135,0.01905,0.19554
0.00803,0.09806,0.36426,0.05753,0.08937,0.02563,0.02372,0.33339
0.04420,0.10563,0.29537,0.04394,0.06421,0.07636,0.05092,0.31936
0.07417,0.05048,0.35836,0.14492,0.10602,0.01008,0.00944,0.24654
0.06272,0.25382,0.10373,0.09813,0.16788,0.04158,0.06677,0.20538
0.04584,0.10197,0.30381,0.19890,0.05341,0.04952,0.03014,0.21641
0.17382,0.11811,0.12974,0.10092,0.16651,0.13374,0.06012,0.11705
0.01943,0.02890,0.43346,0.35959,0.03146,0.01539,0.01587,0.09589
0.09471,0.05727,0.30758,0.24582,0.06820,0.06003,0.04652,0.11987
0.07886,0.06737,0.24561,0.17270,0.08473,0.11333,0.11091,0.12649
0.16632,0.08951,0.22793,0.13130,0.11849,0.08568,0.01612,0.16465
0.05155,0.06062,0.33810,0.33759,0.08654,0.03955,0.03809,0.04797
0.21243,0.07583,0.12305,0.13563,0.17809,0.08130,0.08382,0.10984
0.09407,0.23680,0.13798,0.07104,0.23018,0.07691,0.03920,0.11382
0.10185,0.11636,0.26057,0.21723,0.12084,0.08475,0.01937,0.07904
0.11767,0.09459,0.23339,0.06901,0.17332,0.04387,0.05591,0.21224
0.02780,0.18742,0.22864,0.09416,0.15845,0.02277,0.03935,0.24140
0.03799,0.05299,0.39282,0.14153,0.06207,0.01903,0.01914,0.27442
0.10416,0.07837,0.08881,0.24271,0.05788,0.10440,0.22627,0.09742
0.06425,0.12787,0.29142,0.07574,0.11353,0.04357,0.02720,0.25642
0.15389,0.05491,0.06227,0.25434,0.19267,0.02707,0.21076,0.04409
0.27141,0.08308,0.11931,0.08489,0.08298,0.24172,0.03130,0.08532
0.16788,0.03984,0.25883,0.06704,0.04795,0.13773,0.04053,0.24020
0.03237,0.09649,0.09727,0.33320,0.12238,0.02201,0.25787,0.03842
0.02482,0.19739,0.25752,0.24959,0.20390,0.01904,0.01550,0.03223
0.02245,0.06004,0.36038,0.27286,0.05897,0.01927,0.04883,0.15720
0.30561,0.09887,0.08020,0.06178,0.11747,0.26256,0.02027,0.05325
0.08454,0.29000,0.08861,0.04881,0.19432,0.05196,0.02191,0.21985
0.25673,0.08864,0.10312,0.08310,0.12769,0.20881,0.06237,0.06955
0.01911,0.13484,0.30121,0.30905,0.10056,0.02775,0.03947,0.06800
0.04779,0.22085,0.03072,0.03303,0.22268,0.21303,0.19876,0.03313
0.03972,0.21373,0.17054,0.06080,0.21767,0.08468,0.06275,0.15010
0.02609,0.06285,0.36159,0.39691,0.06760,0.01737,0.03778,0.02980
0.04990,0.07748,0.25893,0.12800,0.09287,0.14148,0.11126,0.14008
0.17020,0.14824,0.07120,0.12835,0.13002,0.16915,0.11315,0.06970
0.14490,0.18003,0.07212,0.05691,0.08265,0.18873,0.08349,0.19117
0.04038,0.11883,0.31609,0.32088,0.08375,0.02544,0.02007,0.07455
0.07091,0.15020,0.16286,0.12596,0.12311,0.07330,0.11282,0.18085
0.09711,0.19268,0.14542,0.17779,0.13297,0.07363,0.06767,0.11272
0.06282,0.10658,0.23816,0.27754,0.08370,0.05062,0.07257,0.10802
0.07812,0.21790,0.15446,0.12665,0.21818,0.07900,0.05488,0.07081
0.04635,0.20457,0.05137,0.22103,0.11807,0.04595,0.20237,0.11028
0.28702,0.14720,0.05334,0.03816,0.38287,0.04753,0.01145,0.03243
0.06201,0.06608,0.36412,0.30480,0.07233,0.04581,0.00918,0.07567
0.05845,0.07649,0.34985,0.15210,0.08844,0.04064,0.01985,0.21417
0.03207,0.13567,0.08724,0.30282,0.13598,0.02496,0.23511,0.04614
0.25755,0.04654,0.09437,0.13569,0.26746,0.01972,0.09691,0.08176
0.08741,0.10004,0.27151,0.11468,0.10239,0.05727,0.02172,0.24498
0.08977,0.12762,0.19266,0.10483,0.12880,0.02973,0.05806,0.26852
0.03632,0.28485,0.13147,0.07407,0.29890,0.03275,0.04637,0.09528
0.16785,0.13433,0.09037,0.13865,0.15858,0.15004,0.09044,0.06974
0.06046,0.29853,0.05360,0.03973,0.30967,0.10904,0.09112,0.03785
0.03410,0.22218,0.18885,0.13115,0.08177,0.03165,0.02640,0.28391
0.30938,0.06999,0.10046,0.07907,0.05156,0.27455,0.02260,0.09239
0.19473,0.17677,0.12169,0.06494,0.25455,0.07656,0.02302,0.08774
0.15255,0.11914,0.14601,0.19684,0.11366,0.08768,0.06800,0.11612
0.04053,0.14550,0.27659,0.08324,0.13288,0.04436,0.04646,0.23045
0.01909,0.06715,0.12630,0.05009,0.06757,0.29571,0.29195,0.08212
0.06315,0.21816,0.17309,0.09092,0.23494,0.01876,0.03460,0.16637
0.03837,0.22422,0.20934,0.15050,0.22271,0.02891,0.02695,0.09899
0.17123,0.06699,0.22066,0.16027,0.17613,0.05345,0.05314,0.09813
0.03740,0.16059,0.12576,0.15862,0.14716,0.13665,0.16250,0.07132
0.36208,0.04501,0.05941,0.04200,0.34554,0.05695,0.02716,0.06185
0.03727,0.14294,0.23678,0.22723,0.15977,0.08669,0.06784,0.04148
0.18749,0.16674,0.09746,0.06882,0.16680,0.15790,0.04611,0.10867
0.03272,0.05936,0.28670,0.21081,0.06668,0.03941,0.12396,0.18037
0.07890,0.23873,0.16524,0.07688,0.24630,0.05851,0.02921,0.10622
0.04490,0.05801,0.33397,0.11085,0.04831,0.02975,0.05183,0.32238
0.03652,0.21815,0.20952,0.11883,0.09563,0.04149,0.03639,0.24347
0.02383,0.15041,0.30352,0.28596,0.15691,0.01772,0.02013,0.04152
0.05693,0.09543,0.20086,0.24660,0.08265,0.06678,0.15517,0.09557
0.29158,0.05881,0.11202,0.03962,0.31859,0.03719,0.03443,0.10775
0.07834,0.15209,0.08003,0.06245,0.06198,0.22484,0.19314,0.14713
0.14086,0.10315,0.17807,0.18521,0.11364,0.13751,0.07069,0.07088
0.03105,0.08537,0.31301,0.30338,0.09121,0.02633,0.05930,0.09037
0.24873,0.10819,0.09861,0.06615,0.30452,0.04473,0.04170,0.08738
0.10728,0.07497,0.24909,0.09057,0.12413,0.01826,0.05617,0.27953
0.19492,0.09576,0.20441,0.10100,0.14897,0.08836,0.02233,0.14423
0.04114,0.06635,0.33287,0.31401,0.10730,0.02999,0.04890,0.05944
0.08183,0.01149,0.38547,0.38134,0.08569,0.02449,0.01643,0.01327
0.06449,0.11445,0.30700,0.24536,0.12001,0.03527,0.01393,0.09948
0.05522,0.34302,0.08360,0.06159,0.33107,0.03072,0.02224,0.07255
0.02384,0.27291,0.18113,0.10803,0.25982,0.02175,0.02039,0.11213
0.11227,0.33361,0.02684,0.02529,0.39172,0.03874,0.02754,0.04399
0.07344,0.10696,0.16135,0.15499,0.16485,0.14521,0.15390,0.03930
0.32036,0.11877,0.03389,0.03694,0.20084,0.16857,0.01777,0.10286
0.08340,0.31405,0.05678,0.04168,0.34579,0.06093,0.04619,0.05117
0.10615,0.18682,0.11792,0.13625,0.09724,0.09073,0.09561,0.16927
0.13182,0.04699,0.29042,0.17975,0.17888,0.02292,0.02229,0.12694
0.10492,0.05159,0.30965,0.06141,0.11969,0.04170,0.03828,0.27274
0.02458,0.07724,0.36892,0.36838,0.08881,0.01978,0.01822,0.03407
0.28769,0.06377,0.11991,0.06546,0.33776,0.02179,0.02876,0.07484
0.07931,0.06526,0.06273,0.30256,0.08876,0.06392,0.29601,0.04145
0.12857,0.05515,0.13183,0.20779,0.05414,0.13703,0.19010,0.09539
0.06097,0.33038,0.02912,0.09292,0.26224,0.03023,0.08283,0.11132
0.08353,0.12185,0.23745,0.23177,0.16719,0.03467,0.04409,0.07946
0.03310,0.07114,0.37042,0.31256,0.06837,0.02331,0.02447,0.09663
0.07344,0.14576,0.24522,0.11051,0.14414,0.06337,0.04385,0.17370
0.08046,0.11492,0.26263,0.20846,0.07955,0.05929,0.03857,0.15611
0.02721,0.35071,0.08631,0.03158,0.06454,0.02363,0.01816,0.39787
0.02710,0.11574,0.32317,0.07776,0.09335,0.01809,0.04561,0.29918
0.33280,0.10785,0.04334,0.02746,0.12668,0.30826,0.01381,0.03980
0.14368,0.08402,0.27568,0.12584,0.13437,0.06183,0.01519,0.15938
0.08878,0.09848,0.25976,0.17059,0.13014,0.05073,0.05348,0.14805
0.14912,0.04971,0.30016,0.04466,0.08886,0.06661,0.01967,0.28121
0.04665,0.07877,0.33333,0.06809,0.06217,0.05355,0.04199,0.31545
0.03855,0.04881,0.15081,0.13404,0.04855,0.27658,0.26379,0.03886
0.08263,0.06867,0.30232,0.10829,0.10770,0.08103,0.06355,0.18581
0.03445,0.32587,0.05693,0.11117,0.32694,0.02885,0.07850,0.03728
0.02145,0.16963,0.28337,0.16330,0.14964,0.02614,0.02031,0.16616
0.03889,0.18958,0.25355,0.17464,0.20785,0.02167,0.01882,0.09499
0.14934,0.08265,0.21408,0.05475,0.17443,0.03846,0.04121,0.24509
0.04474,0.07838,0.07115,0.09172,0.09214,0.28520,0.29963,0.03704
0.07220,0.07435,0.32009,0.17129,0.08783,0.03666,0.03612,0.20147
0.03649,0.18618,0.24944,0.23124,0.03436,0.02401,0.02369,0.21458
0.05473,0.09068,0.28130,0.13581,0.11191,0.03286,0.03400,0.25872
0.24783,0.17973,0.05098,0.05076,0.19770,0.20703,0.02687,0.03909
