0.00947,0.02661,0.04672,0.09945,0.01358,0.02118,0.07696,0.00566,0.02658,0.00960,0.33005,0.14184,0.08486,0.02628,0.02855,0.01064,0.01976,0.01099,0.00340,0.00781
0.05931,0.01158,0.01917,0.02860,0.14156,0.00604,0.01124,0.01859,0.03593,0.40528,0.00599,0.01902,0.01430,0.07067,0.01638,0.00928,0.09399,0.00291,0.01048,0.01969
0.02244,0.00795,0.01236,0.03632,0.02811,0.02374,0.01872,0.01513,0.01869,0.65423,0.00680,0.01077,0.00861,0.08722,0.01004,0.00620,0.01121,0.00604,0.00598,0.00943
0.01716,0.00774,0.01285,0.02630,0.02102,0.00626,0.04348,0.01124,0.01640,0.68649,0.04535,0.00620,0.01255,0.05839,0.00852,0.00334,0.00696,0.00194,0.00387,0.00393
0.01583,0.01844,0.02118,0.02889,0.14709,0.01425,0.06226,0.03204,0.03641,0.46970,0.00920,0.01954,0.01195,0.04690,0.01310,0.00995,0.02043,0.00397,0.00461,0.01425
0.02410,0.01623,0.02283,0.02081,0.03332,0.01375,0.02504,0.01093,0.01894,0.68142,0.00709,0.01428,0.01330,0.03998,0.01160,0.00515,0.02233,0.00254,0.00396,0.01241
0.01253,0.01380,0.02040,0.33567,0.01437,0.01991,0.01124,0.02951,0.03736,0.08670,0.00832,0.00778,0.02360,0.02343,0.04090,0.00744,0.00477,0.00626,0.00354,0.29247
0.25294,0.01101,0.01147,0.05767,0.13055,0.01643,0.11153,0.01390,0.12177,0.01667,0.02205,0.03221,0.02374,0.00948,0.03809,0.01311,0.03027,0.00556,0.02443,0.05712
0.07011,0.02387,0.03004,0.17566,0.01631,0.03936,0.00720,0.17203,0.04029,0.03007,0.14483,0.01885,0.03936,0.03442,0.03646,0.01039,0.00810,0.02425,0.03279,0.04561
0.02917,0.02451,0.18282,0.01927,0.03143,0.01932,0.14141,0.03338,0.01677,0.11130,0.19458,0.03358,0.02331,0.01540,0.01760,0.04873,0.01325,0.01136,0.02331,0.00950
0.01331,0.05705,0.03998,0.02138,0.26594,0.27757,0.11292,0.02209,0.01712,0.01935,0.00825,0.02176,0.00840,0.01466,0.00739,0.00638,0.00663,0.06794,0.00300,0.00885
0.03424,0.01670,0.03011,0.02118,0.37472,0.02337,0.14193,0.10050,0.02574,0.02942,0.01430,0.01367,0.01349,0.00670,0.08455,0.02965,0.00604,0.01131,0.00660,0.01577
0.01504,0.01126,0.01354,0.02284,0.48364,0.01748,0.12427,0.19001,0.01552,0.01335,0.01528,0.01207,0.00644,0.00684,0.01889,0.00561,0.00572,0.01099,0.00299,0.00823
0.02592,0.04444,0.37824,0.03404,0.02875,0.18801,0.01253,0.00774,0.03371,0.01318,0.00561,0.03379,0.02415,0.00632,0.01138,0.02529,0.01355,0.09467,0.00599,0.01269
0.08352,0.02731,0.03012,0.08286,0.02736,0.01190,0.02376,0.39542,0.04085,0.02622,0.03345,0.03080,0.02469,0.04282,0.04062,0.01271,0.01319,0.00546,0.02067,0.02626
0.03093,0.00692,0.01187,0.02241,0.00728,0.01284,0.01506,0.00783,0.01464,0.73269,0.02839,0.00740,0.01126,0.05217,0.00941,0.00528,0.00757,0.00370,0.00801,0.00435
0.03941,0.01182,0.04908,0.04148,0.01175,0.04330,0.12160,0.00620,0.04216,0.04332,0.30258,0.09401,0.07344,0.01698,0.02905,0.02905,0.00877,0.01262,0.01162,0.01177
0.05467,0.01559,0.01659,0.14891,0.03020,0.00895,0.01994,0.41520,0.01871,0.01866,0.11893,0.01868,0.01320,0.02791,0.02578,0.00467,0.00469,0.00424,0.00678,0.02770
0.03041,0.01763,0.02197,0.06594,0.25302,0.13725,0.06386,0.02293,0.04364,0.03991,0.01320,0.01764,0.01590,0.04334,0.03531,0.00799,0.03491,0.11013,0.00504,0.01998
0.03870,0.01765,0.02370,0.02224,0.01518,0.01543,0.00572,0.01817,0.03328,0.67056,0.00831,0.01412,0.00936,0.02084,0.01656,0.01301,0.01507,0.00467,0.02662,0.01080
0.04387,0.01698,0.03025,0.01618,0.03302,0.17692,0.07589,0.00301,0.00727,0.01586,0.00571,0.03509,0.01108,0.00368,0.00540,0.00802,0.00783,0.49495,0.00344,0.00555
0.05545,0.06977,0.06798,0.08409,0.35183,0.01262,0.00729,0.02456,0.01699,0.05987,0.00896,0.06086,0.02017,0.07764,0.00949,0.00926,0.02467,0.00422,0.01636,0.01794
0.01253,0.04748,0.07133,0.02100,0.01804,0.03407,0.07141,0.07323,0.02726,0.02983,0.24553,0.08693,0.01573,0.00950,0.05821,0.14241,0.00823,0.00927,0.00798,0.01003
0.03291,0.01872,0.02241,0.07778,0.06603,0.03884,0.07374,0.02505,0.05025,0.14132,0.04531,0.08389,0.01753,0.06384,0.05779,0.03391,0.03614,0.07148,0.02161,0.02145
0.02048,0.02589,0.03280,0.16790,0.01078,0.01319,0.00801,0.37831,0.02339,0.01454,0.10053,0.01054,0.02091,0.03252,0.08475,0.00828,0.00759,0.01151,0.00743,0.02064
0.02285,0.01218,0.02237,0.37269,0.02345,0.00826,0.03137,0.21328,0.08189,0.00897,0.08289,0.01710,0.01460,0.01593,0.02654,0.00983,0.01344,0.00380,0.00692,0.01165
0.01578,0.09208,0.08096,0.05617,0.01190,0.01406,0.03887,0.02737,0.04118,0.01426,0.04134,0.33893,0.13229,0.01997,0.03295,0.01055,0.00983,0.00413,0.00943,0.00795
0.01136,0.23524,0.03588,0.04617,0.00804,0.01190,0.02644,0.01168,0.03182,0.00771,0.01077,0.49103,0.01552,0.00751,0.01219,0.00867,0.01450,0.00383,0.00457,0.00516
0.02671,0.03159,0.02117,0.08751,0.00874,0.05516,0.00976,0.02913,0.53121,0.02267,0.01771,0.01983,0.02081,0.02140,0.05507,0.00652,0.00737,0.00689,0.00589,0.01484
0.01274,0.02310,0.15164,0.10353,0.01544,0.07325,0.02421,0.05083,0.24232,0.00641,0.01331,0.01256,0.01670,0.04368,0.13728,0.01435,0.03200,0.01433,0.00439,0.00792
0.11082,0.01817,0.03068,0.18887,0.02067,0.02388,0.03853,0.14274,0.03603,0.04699,0.13546,0.02128,0.02289,0.05770,0.02084,0.01492,0.00661,0.00725,0.01419,0.04146
0.03591,0.03263,0.04300,0.04453,0.01932,0.24935,0.03938,0.30594,0.01522,0.01103,0.04681,0.01313,0.01501,0.01152,0.04378,0.00971,0.00663,0.03622,0.00567,0.01520
0.01498,0.03027,0.02226,0.02126,0.22128,0.00493,0.01012,0.24711,0.00840,0.03252,0.00653,0.05088,0.00863,0.00693,0.02621,0.24810,0.00502,0.00418,0.00484,0.02554
0.19375,0.05258,0.03724,0.05320,0.01773,0.02304,0.02150,0.01492,0.18776,0.01222,0.01670,0.04412,0.25246,0.01344,0.01771,0.00556,0.01134,0.00388,0.01049,0.01038
0.16351,0.01272,0.03358,0.01901,0.01455,0.00923,0.01306,0.02981,0.01420,0.35021,0.00982,0.00784,0.00996,0.02123,0.01704,0.01139,0.00632,0.00459,0.24073,0.01123
0.02533,0.02325,0.02273,0.03205,0.14732,0.29656,0.07148,0.02333,0.01338,0.01951,0.02162,0.02657,0.01412,0.00904,0.01304,0.00716,0.00736,0.20843,0.00455,0.01315
0.02163,0.02508,0.07339,0.01227,0.02400,0.35603,0.01867,0.00469,0.00844,0.00640,0.00888,0.03269,0.01231,0.00261,0.00526,0.01270,0.00467,0.35734,0.00562,0.00731
0.30890,0.06521,0.03184,0.07581,0.02288,0.01558,0.01713,0.01136,0.03410,0.12800,0.01989,0.07105,0.07615,0.06617,0.01421,0.00500,0.01157,0.00719,0.00669,0.01127
0.09430,0.01265,0.02096,0.15605,0.05634,0.05404,0.05900,0.01167,0.07220,0.04272,0.01299,0.01332,0.01831,0.01265,0.03636,0.01153,0.02013,0.02282,0.00750,0.26446
0.01492,0.12746,0.09045,0.03314,0.01223,0.01945,0.13434,0.02023,0.02831,0.00933,0.14696,0.22500,0.04702,0.01318,0.01399,0.01446,0.02818,0.00478,0.00830,0.00828
0.06219,0.01105,0.01650,0.18699,0.07534,0.02586,0.07886,0.04680,0.09918,0.13246,0.00994,0.01246,0.01106,0.04865,0.02582,0.01271,0.01200,0.01011,0.00601,0.11601
0.02916,0.02524,0.10617,0.05408,0.00732,0.14559,0.02032,0.00640,0.01816,0.07492,0.12488,0.04123,0.04661,0.01547,0.01247,0.01087,0.00440,0.23633,0.00744,0.01294
0.02988,0.02920,0.07664,0.04805,0.02773,0.10688,0.00935,0.03353,0.03531,0.26615,0.02153,0.04425,0.05661,0.04546,0.01764,0.03639,0.02422,0.06856,0.00772,0.01489
0.08043,0.03462,0.11570,0.02344,0.00925,0.06425,0.00740,0.00457,0.02324,0.06516,0.00787,0.01178,0.03120,0.01422,0.01331,0.00797,0.02528,0.44768,0.00754,0.00507
0.05991,0.03599,0.03137,0.23933,0.01314,0.01758,0.01615,0.29041,0.04095,0.01648,0.07346,0.01424,0.01461,0.05575,0.02566,0.00707,0.00948,0.00518,0.02365,0.00957
0.05060,0.02196,0.04752,0.03943,0.01935,0.12148,0.01015,0.01970,0.02971,0.11373,0.01315,0.01815,0.01457,0.03251,0.01271,0.07290,0.02209,0.29366,0.03173,0.01491
0.01425,0.04051,0.06806,0.09959,0.10635,0.03982,0.01916,0.01402,0.01888,0.01179,0.00674,0.01626,0.01137,0.37502,0.01786,0.01330,0.03653,0.07569,0.00806,0.00674
0.02539,0.00904,0.05586,0.03559,0.00849,0.10399,0.02268,0.00683,0.02266,0.06612,0.14516,0.02004,0.12364,0.01174,0.06057,0.02593,0.00606,0.23438,0.00645,0.00937
0.05329,0.04694,0.06164,0.11870,0.03755,0.01172,0.01101,0.27447,0.05993,0.03081,0.09779,0.02756,0.02751,0.05464,0.01793,0.00923,0.01407,0.00713,0.01163,0.02645
0.45410,0.01596,0.03264,0.04732,0.03410,0.03547,0.02314,0.02409,0.03559,0.02993,0.04038,0.02410,0.03138,0.03137,0.02112,0.01969,0.01807,0.02324,0.03142,0.02690
0.01362,0.01367,0.06091,0.03693,0.00748,0.02679,0.07426,0.00456,0.04039,0.02143,0.53737,0.03679,0.07588,0.00906,0.01326,0.00777,0.00580,0.00320,0.00597,0.00488
0.20776,0.02369,0.03576,0.07737,0.04779,0.01227,0.03756,0.18136,0.05536,0.09172,0.04909,0.01448,0.01455,0.04104,0.02918,0.01154,0.00843,0.00458,0.03127,0.02520
0.03674,0.02098,0.02263,0.03670,0.26581,0.02171,0.03443,0.03477,0.01889,0.27794,0.01992,0.06684,0.01504,0.04066,0.01982,0.01361,0.01568,0.00761,0.00962,0.02061
0.08536,0.04992,0.36194,0.02845,0.02322,0.09163,0.00983,0.04407,0.03030,0.01560,0.02023,0.03888,0.02443,0.00358,0.02199,0.08670,0.00447,0.02386,0.01184,0.02368
0.01853,0.01080,0.01588,0.12283,0.01155,0.08358,0.02575,0.01490,0.48838,0.01394,0.01135,0.01165,0.01041,0.01643,0.11820,0.00415,0.00687,0.00493,0.00434,0.00553
0.06922,0.03263,0.04337,0.03279,0.25513,0.01188,0.12584,0.04173,0.03106,0.09543,0.05413,0.02649,0.02635,0.02462,0.02772,0.01240,0.02109,0.00390,0.05416,0.01004
0.03571,0.02731,0.10692,0.06496,0.03348,0.12284,0.01489,0.00419,0.01699,0.01293,0.00489,0.02065,0.05627,0.01077,0.02187,0.01268,0.06795,0.35000,0.00589,0.00882
0.01227,0.07052,0.05419,0.01541,0.01315,0.12623,0.03952,0.00527,0.00786,0.00510,0.01293,0.02752,0.01459,0.00388,0.00584,0.00556,0.00421,0.56863,0.00255,0.00477
0.02764,0.02127,0.04768,0.04853,0.02456,0.05049,0.03114,0.00937,0.03978,0.03403,0.38216,0.07228,0.04295,0.04151,0.02185,0.01770,0.01990,0.03117,0.01198,0.02400
0.10435,0.00535,0.01089,0.02987,0.01494,0.01124,0.01265,0.00646,0.01641,0.65533,0.01389,0.00715,0.01380,0.02680,0.01724,0.00565,0.01078,0.00326,0.02542,0.00852
0.05298,0.01481,0.04891,0.03549,0.02813,0.01991,0.18590,0.00714,0.01441,0.03802,0.30428,0.03206,0.08203,0.02167,0.02012,0.02081,0.01856,0.00984,0.02579,0.01914
0.01659,0.00890,0.03852,0.02879,0.00545,0.01956,0.07862,0.00480,0.01871,0.00588,0.45489,0.01659,0.24569,0.00484,0.01984,0.01033,0.00460,0.00281,0.00833,0.00627
0.03310,0.01079,0.02016,0.08432,0.00800,0.01227,0.00658,0.01825,0.01332,0.08266,0.02514,0.00930,0.03692,0.01728,0.02522,0.00717,0.00360,0.00791,0.00558,0.57242
0.03102,0.00714,0.01817,0.01764,0.01578,0.00812,0.01248,0.00974,0.01706,0.73043,0.01016,0.00755,0.01117,0.06516,0.01128,0.00440,0.00826,0.00349,0.00360,0.00736
0.04139,0.03352,0.02851,0.02588,0.00929,0.04598,0.01072,0.08970,0.03017,0.02234,0.02590,0.10419,0.01985,0.00541,0.00945,0.47017,0.00495,0.00616,0.00802,0.00839
0.02484,0.01046,0.01190,0.02587,0.47666,0.04203,0.12251,0.08074,0.04442,0.01681,0.01137,0.01371,0.00976,0.00942,0.06821,0.00471,0.00594,0.00606,0.00380,0.01076
0.00443,0.00378,0.00829,0.00696,0.00431,0.02528,0.00576,0.00469,0.90169,0.00383,0.00370,0.00471,0.00379,0.00276,0.00396,0.00402,0.00204,0.00146,0.00245,0.00209
0.02911,0.20027,0.39228,0.03842,0.01811,0.14944,0.00949,0.00913,0.01942,0.00769,0.00404,0.03448,0.02404,0.00381,0.01184,0.01258,0.00554,0.01628,0.00493,0.00910
0.03081,0.00449,0.01176,0.42064,0.01104,0.00547,0.00668,0.00301,0.00512,0.01317,0.00498,0.00402,0.01712,0.00486,0.00628,0.00509,0.00445,0.00459,0.00384,0.43259
0.26510,0.01657,0.01739,0.04016,0.24191,0.04019,0.02926,0.06663,0.02646,0.05161,0.01934,0.01137,0.00970,0.02150,0.02235,0.02464,0.01974,0.01339,0.05107,0.01161
0.09342,0.02430,0.03658,0.18625,0.07050,0.00932,0.05704,0.24944,0.03483,0.02164,0.02713,0.01612,0.01496,0.05250,0.01018,0.01442,0.01802,0.00428,0.01620,0.04288
0.01200,0.01231,0.05033,0.09092,0.00983,0.01069,0.07395,0.00543,0.02816,0.00258,0.44115,0.18057,0.03835,0.00291,0.01050,0.01020,0.00677,0.00401,0.00290,0.00645
0.02742,0.04375,0.09016,0.04459,0.00934,0.27775,0.00990,0.05083,0.01865,0.06087,0.10565,0.01853,0.01681,0.01352,0.01679,0.01101,0.00303,0.16320,0.00452,0.01369
0.01062,0.01872,0.02299,0.02261,0.40401,0.04247,0.15956,0.20707,0.01252,0.01129,0.00865,0.00739,0.00715,0.00583,0.01720,0.00417,0.00320,0.02698,0.00219,0.00537
0.02675,0.02193,0.03205,0.01338,0.51709,0.11113,0.11508,0.03350,0.01571,0.01225,0.01769,0.01381,0.01020,0.00418,0.01253,0.00655,0.00492,0.02064,0.00266,0.00795
0.12399,0.04238,0.02511,0.08714,0.02194,0.07486,0.01247,0.00695,0.02738,0.17442,0.01628,0.05517,0.16346,0.02947,0.03111,0.00653,0.01421,0.07067,0.00770,0.00873
0.04720,0.01760,0.02137,0.02012,0.02018,0.02031,0.00933,0.01246,0.02752,0.61712,0.01896,0.01437,0.01184,0.03980,0.01061,0.00900,0.04718,0.00626,0.02160,0.00715
0.01442,0.00791,0.01833,0.05384,0.00753,0.01727,0.07831,0.00384,0.01291,0.00597,0.47092,0.02597,0.24139,0.00548,0.00942,0.00651,0.00659,0.00367,0.00340,0.00630
0.03047,0.01904,0.05669,0.05750,0.04026,0.02300,0.04486,0.03007,0.02961,0.09473,0.03128,0.08768,0.07939,0.02881,0.10280,0.06554,0.01908,0.03536,0.01964,0.10419
0.01752,0.04811,0.05767,0.01105,0.01817,0.31758,0.02622,0.01695,0.00845,0.01040,0.02105,0.03582,0.00912,0.00429,0.00608,0.00978,0.00436,0.36494,0.00457,0.00786
0.09864,0.01734,0.01796,0.07857,0.28303,0.03381,0.17186,0.02639,0.02758,0.03596,0.02074,0.01783,0.02362,0.02326,0.03191,0.00793,0.01442,0.01588,0.01077,0.04250
0.01920,0.13533,0.09745,0.06366,0.01174,0.06067,0.01304,0.01730,0.03803,0.01042,0.02180,0.28166,0.13211,0.01493,0.01716,0.01668,0.01336,0.00992,0.01270,0.01282
0.03533,0.00824,0.01265,0.07870,0.36671,0.04867,0.18263,0.00823,0.01608,0.07667,0.01059,0.01803,0.01416,0.02453,0.02046,0.00858,0.01416,0.01697,0.00644,0.03218
0.04104,0.01115,0.01571,0.01880,0.41574,0.08684,0.10761,0.14556,0.01331,0.01911,0.02175,0.01248,0.00945,0.00751,0.02406,0.01064,0.00969,0.01321,0.00651,0.00984
0.01092,0.14043,0.07709,0.02544,0.01204,0.02891,0.06488,0.03357,0.02609,0.00662,0.08383,0.41575,0.01555,0.00721,0.01222,0.00977,0.00944,0.00779,0.00563,0.00682
0.04817,0.01492,0.03346,0.02598,0.23233,0.01967,0.03263,0.03397,0.01713,0.31769,0.01369,0.03166,0.01026,0.03286,0.01506,0.03392,0.02211,0.00619,0.03992,0.01836
0.02795,0.02513,0.64252,0.05210,0.02338,0.02555,0.01167,0.00868,0.02309,0.00824,0.00726,0.01396,0.01115,0.00477,0.02128,0.01273,0.00636,0.05173,0.00513,0.01732
0.04451,0.04402,0.20489,0.03907,0.02517,0.05655,0.02651,0.04394,0.06259,0.02595,0.05762,0.10092,0.08125,0.00789,0.05190,0.04665,0.01118,0.01972,0.02018,0.02949
0.01461,0.05470,0.42834,0.04928,0.00621,0.06331,0.00709,0.00654,0.19077,0.00476,0.00533,0.00829,0.01922,0.00362,0.10718,0.00962,0.00454,0.00524,0.00360,0.00774
0.02866,0.11903,0.08941,0.04213,0.04065,0.07333,0.05201,0.04612,0.02175,0.02114,0.02408,0.10536,0.04303,0.02208,0.01211,0.16917,0.02134,0.03825,0.01414,0.01620
0.21095,0.01858,0.02875,0.04789,0.04371,0.01180,0.01317,0.11140,0.03185,0.06429,0.02923,0.09112,0.03787,0.04937,0.01746,0.02065,0.02204,0.00488,0.11270,0.03228
0.03477,0.03386,0.02740,0.09684,0.01888,0.02654,0.03476,0.19572,0.05891,0.01810,0.19285,0.03413,0.02196,0.10200,0.05513,0.00723,0.01057,0.00728,0.00698,0.01610
0.03985,0.01157,0.02032,0.03560,0.42907,0.04005,0.04858,0.06013,0.06733,0.07163,0.04012,0.01332,0.01144,0.02392,0.01956,0.01196,0.02488,0.00579,0.01162,0.01326
0.01921,0.02461,0.05617,0.02140,0.03238,0.32404,0.05646,0.01296,0.01736,0.00955,0.01852,0.02784,0.00712,0.00529,0.00935,0.02475,0.00699,0.30805,0.00619,0.01178
0.10444,0.00702,0.05123,0.03437,0.47920,0.00616,0.01591,0.00969,0.01003,0.03545,0.00392,0.00860,0.02472,0.04445,0.03531,0.01165,0.06588,0.00298,0.04275,0.00623
0.04672,0.01404,0.02284,0.02177,0.36383,0.01410,0.15634,0.20781,0.02304,0.02562,0.01139,0.01005,0.01017,0.01352,0.01918,0.00885,0.00878,0.00406,0.00657,0.01132
0.00928,0.02079,0.04728,0.00937,0.05734,0.36527,0.01812,0.01506,0.00758,0.01130,0.00581,0.02521,0.00518,0.00448,0.00429,0.01868,0.00475,0.36232,0.00237,0.00553
0.02601,0.01134,0.01924,0.03607,0.17637,0.09301,0.05723,0.03297,0.01777,0.36314,0.01028,0.01080,0.01639,0.03220,0.01447,0.01235,0.01021,0.03864,0.00291,0.01859
0.00990,0.02649,0.07016,0.03526,0.00895,0.01977,0.05438,0.00885,0.04448,0.00809,0.52174,0.08091,0.04266,0.00650,0.02070,0.01515,0.00908,0.00704,0.00435,0.00552
0.01967,0.17566,0.03732,0.01407,0.03059,0.18367,0.01703,0.00695,0.00697,0.01007,0.00698,0.02109,0.00528,0.00306,0.00422,0.00680,0.00456,0.43603,0.00293,0.00703
