0.07146,0.01331,0.03408,0.03471,0.06418,0.04753,0.07071,0.00418,0.01633,0.23767,0.02468,0.01125,0.01640,0.29784,0.01437,0.00603,0.00712,0.01854,0.00461,0.00499
0.03823,0.00534,0.02051,0.08165,0.02579,0.12095,0.02387,0.03603,0.06378,0.12702,0.03501,0.02937,0.05032,0.14896,0.03028,0.03494,0.00367,0.06853,0.04323,0.01251
0.03011,0.05486,0.19880,0.03753,0.05079,0.09870,0.01903,0.01303,0.04124,0.01170,0.01473,0.02561,0.06999,0.01478,0.10932,0.01809,0.02246,0.14400,0.01437,0.01085
0.02454,0.05620,0.12078,0.03907,0.06084,0.27036,0.03550,0.01922,0.06191,0.02417,0.00708,0.01706,0.01249,0.02230,0.00986,0.02437,0.03024,0.15187,0.00315,0.00900
0.06807,0.16106,0.02968,0.02738,0.09200,0.13416,0.06993,0.02649,0.02483,0.01712,0.01682,0.16732,0.03048,0.02083,0.01876,0.00978,0.00718,0.06722,0.00843,0.00246
0.09241,0.01877,0.03763,0.05278,0.03554,0.16537,0.03827,0.02800,0.20355,0.01211,0.04333,0.01758,0.04556,0.01656,0.05951,0.01967,0.02628,0.03671,0.03997,0.01039
0.04469,0.02449,0.02571,0.14718,0.07732,0.17887,0.01800,0.01839,0.02357,0.02207,0.01630,0.04073,0.08760,0.06225,0.01863,0.01404,0.05351,0.08898,0.00513,0.03254
0.09537,0.03569,0.06861,0.05452,0.01456,0.01366,0.22395,0.06440,0.01573,0.04786,0.17483,0.04427,0.01960,0.01217,0.01945,0.03501,0.01553,0.02334,0.01716,0.00430
0.03077,0.02382,0.03561,0.04265,0.22916,0.03115,0.08551,0.06056,0.02571,0.02078,0.04577,0.03854,0.00999,0.02972,0.03894,0.05757,0.10017,0.04430,0.01469,0.03461
0.02366,0.27133,0.28341,0.04111,0.01780,0.09331,0.02432,0.01677,0.02321,0.01194,0.02060,0.06321,0.01374,0.00662,0.01045,0.01516,0.00455,0.04108,0.00961,0.00812
0.01535,0.02443,0.03850,0.01968,0.06843,0.27118,0.02663,0.04345,0.28790,0.02922,0.01328,0.01542,0.01459,0.02091,0.02093,0.04254,0.01663,0.02050,0.00498,0.00547
0.07883,0.02228,0.03192,0.03570,0.27909,0.02148,0.22962,0.02573,0.02969,0.03016,0.01742,0.04861,0.06247,0.02062,0.01993,0.01411,0.00846,0.00993,0.00399,0.00994
0.05603,0.02666,0.07980,0.20478,0.01188,0.07711,0.04535,0.01322,0.01299,0.02245,0.03583,0.02154,0.02525,0.00746,0.03280,0.01277,0.01861,0.03381,0.04230,0.21934
0.02803,0.05298,0.05639,0.03512,0.06103,0.04267,0.03860,0.22283,0.03559,0.03751,0.01721,0.03261,0.02265,0.02352,0.01639,0.23615,0.01297,0.00648,0.00975,0.01154
0.02697,0.05214,0.05261,0.02276,0.05888,0.01841,0.04448,0.24811,0.02311,0.05534,0.03524,0.04817,0.01545,0.02373,0.00747,0.21813,0.00856,0.00335,0.01602,0.02107
0.03314,0.08223,0.05767,0.06226,0.03106,0.02432,0.03480,0.18517,0.02046,0.04678,0.21458,0.04994,0.04419,0.01382,0.01287,0.02519,0.00500,0.01971,0.01874,0.01807
0.01894,0.03996,0.08474,0.04098,0.18155,0.11444,0.11666,0.03636,0.13816,0.03191,0.04165,0.01374,0.01152,0.02938,0.01745,0.01535,0.02897,0.00579,0.00769,0.02476
0.01547,0.02376,0.02476,0.03417,0.01297,0.04663,0.04787,0.01750,0.06609,0.27893,0.00837,0.01788,0.02922,0.30754,0.00619,0.00993,0.00562,0.02113,0.00855,0.01741
0.03312,0.08475,0.09629,0.03099,0.05122,0.05574,0.04158,0.14998,0.04260,0.02430,0.16119,0.04231,0.04072,0.01983,0.01066,0.02993,0.03681,0.01600,0.01206,0.01992
0.10265,0.02216,0.03252,0.05536,0.19825,0.03618,0.13907,0.02571,0.04924,0.04575,0.01567,0.00623,0.04229,0.03797,0.05519,0.01946,0.00580,0.01829,0.05954,0.03270
0.04027,0.01958,0.05714,0.01940,0.02739,0.06280,0.31978,0.01348,0.07378,0.02050,0.23540,0.01491,0.02142,0.01660,0.01290,0.01145,0.00573,0.00389,0.01824,0.00536
0.05965,0.01054,0.02530,0.07482,0.01454,0.02625,0.26991,0.01526,0.01951,0.02795,0.21462,0.02549,0.02764,0.03255,0.04788,0.02468,0.01906,0.02400,0.02308,0.01729
0.01432,0.04332,0.08854,0.03217,0.25608,0.05642,0.03785,0.02280,0.02911,0.02260,0.00750,0.00838,0.01601,0.03844,0.01832,0.01843,0.24680,0.02679,0.00778,0.00834
0.03905,0.03498,0.04956,0.09496,0.05226,0.06401,0.08709,0.13581,0.04245,0.02298,0.14215,0.02616,0.06694,0.03112,0.01389,0.02459,0.01114,0.00888,0.01085,0.04116
0.01314,0.00943,0.03598,0.04254,0.01767,0.36769,0.01042,0.00506,0.39978,0.01423,0.00892,0.01304,0.00826,0.00995,0.01680,0.00657,0.00814,0.00310,0.00776,0.00152
0.01963,0.03480,0.05061,0.01803,0.02911,0.02587,0.04946,0.03346,0.03270,0.24625,0.02338,0.03128,0.01968,0.27734,0.06166,0.00668,0.00551,0.01404,0.00538,0.01513
0.02287,0.05957,0.09024,0.02351,0.02581,0.24410,0.03140,0.09178,0.01153,0.01193,0.01664,0.02822,0.00661,0.01199,0.01893,0.10820,0.01201,0.16606,0.00772,0.01087
0.22093,0.06307,0.04109,0.02928,0.02270,0.02173,0.01974,0.03437,0.02303,0.12460,0.02700,0.02229,0.13591,0.11099,0.03395,0.01476,0.01719,0.01715,0.00639,0.01383
0.03030,0.07460,0.09431,0.03855,0.09485,0.07252,0.05212,0.09179,0.04252,0.02195,0.10857,0.05067,0.02857,0.04816,0.02942,0.05874,0.01886,0.02348,0.00663,0.01338
0.01032,0.01397,0.40720,0.00777,0.00941,0.00826,0.00567,0.00419,0.00810,0.03451,0.00426,0.01372,0.42535,0.02231,0.01127,0.00352,0.00501,0.00246,0.00131,0.00140
0.09629,0.01687,0.09795,0.03444,0.06052,0.03226,0.19365,0.05589,0.02859,0.02484,0.11176,0.02002,0.06860,0.01913,0.02433,0.03557,0.00548,0.01876,0.03269,0.02237
0.03458,0.04485,0.01496,0.02260,0.30718,0.03705,0.27793,0.01608,0.03778,0.05144,0.02317,0.01184,0.03787,0.02268,0.01235,0.01977,0.00510,0.01063,0.00259,0.00955
0.03474,0.17788,0.25524,0.00772,0.02247,0.08163,0.02251,0.01367,0.08428,0.02135,0.02682,0.06124,0.01392,0.00469,0.02310,0.04054,0.03906,0.03004,0.02172,0.01740
0.05249,0.06284,0.05663,0.02179,0.13018,0.02269,0.10136,0.19035,0.02142,0.00673,0.21091,0.02356,0.02164,0.01289,0.01110,0.00876,0.01063,0.00944,0.01403,0.01056
0.01844,0.01177,0.05259,0.11656,0.08849,0.24716,0.01887,0.02654,0.01508,0.02489,0.01796,0.01531,0.04564,0.01924,0.00915,0.04171,0.03581,0.14695,0.00331,0.04451
0.01830,0.01317,0.02164,0.37488,0.02627,0.00759,0.02011,0.01430,0.04063,0.02285,0.01345,0.02365,0.01399,0.30017,0.01621,0.02650,0.02179,0.01045,0.00515,0.00889
0.05945,0.01445,0.03903,0.06051,0.03025,0.07363,0.03145,0.12683,0.06430,0.06912,0.14048,0.07000,0.01055,0.02792,0.01673,0.07879,0.02082,0.01410,0.02418,0.02741
0.03816,0.10746,0.10770,0.07768,0.03280,0.01642,0.03236,0.18984,0.02299,0.01813,0.20336,0.01965,0.02061,0.00928,0.01188,0.01213,0.00469,0.03681,0.01845,0.01960
0.04015,0.03028,0.05070,0.03093,0.34819,0.01585,0.27487,0.03472,0.01049,0.01887,0.02620,0.01971,0.01817,0.03329,0.01802,0.00426,0.00863,0.00403,0.00652,0.00613
0.03418,0.03140,0.07165,0.13279,0.02572,0.04552,0.04189,0.11615,0.05490,0.02666,0.15742,0.03797,0.01522,0.00895,0.03391,0.01676,0.01103,0.01203,0.01242,0.11342
0.01814,0.30382,0.29336,0.01444,0.01914,0.00999,0.00902,0.01029,0.01842,0.01109,0.01345,0.11996,0.08022,0.01476,0.01262,0.01555,0.01449,0.00437,0.00852,0.00833
0.07834,0.03197,0.03109,0.03738,0.17383,0.02538,0.23364,0.01155,0.03040,0.06020,0.11489,0.02774,0.05650,0.01847,0.01437,0.01405,0.01828,0.01059,0.00658,0.00475
0.04095,0.00810,0.06247,0.03379,0.02369,0.26143,0.03011,0.02632,0.03515,0.04519,0.00956,0.06569,0.04078,0.01724,0.02197,0.03485,0.02371,0.18590,0.01450,0.01860
0.02218,0.00999,0.02545,0.12417,0.06091,0.23986,0.04283,0.02597,0.02203,0.01420,0.03781,0.02717,0.01539,0.05618,0.03565,0.02185,0.03493,0.13706,0.00444,0.04193
0.07303,0.02784,0.05148,0.04366,0.07072,0.02857,0.20746,0.01152,0.02702,0.06081,0.14982,0.02634,0.03855,0.01754,0.03147,0.01521,0.01812,0.02215,0.07003,0.00866
0.02686,0.03571,0.02971,0.04802,0.16169,0.17666,0.12019,0.04298,0.02006,0.05706,0.00672,0.02133,0.01054,0.04716,0.01332,0.02950,0.02683,0.09191,0.00407,0.02968
0.06168,0.01964,0.04178,0.08966,0.14650,0.08099,0.12822,0.09269,0.02671,0.01216,0.13016,0.02747,0.00915,0.01826,0.04899,0.02842,0.00916,0.00992,0.00570,0.01274
0.04946,0.04492,0.03624,0.03845,0.08345,0.02989,0.21173,0.02124,0.02617,0.02861,0.12517,0.06356,0.01626,0.03021,0.03038,0.06491,0.03287,0.02027,0.00873,0.03748
0.03936,0.02793,0.02036,0.30506,0.02715,0.00344,0.01880,0.03889,0.02935,0.01701,0.02774,0.02125,0.00827,0.21389,0.02719,0.01260,0.05608,0.00742,0.04194,0.05629
0.04613,0.01978,0.03170,0.05247,0.32076,0.03788,0.20918,0.01823,0.04573,0.02948,0.01086,0.02433,0.03248,0.04117,0.01605,0.01112,0.01077,0.01172,0.01257,0.01758
0.04230,0.09055,0.08348,0.03835,0.06533,0.21550,0.01926,0.02101,0.01943,0.02493,0.02487,0.02786,0.02992,0.01916,0.04547,0.01067,0.02094,0.16190,0.00694,0.03213
0.04323,0.17027,0.25892,0.02888,0.06901,0.03863,0.04690,0.02230,0.05987,0.01696,0.01912,0.02693,0.02518,0.01195,0.01900,0.06429,0.01687,0.01924,0.00667,0.03579
0.02142,0.01279,0.04788,0.04272,0.29898,0.04892,0.24655,0.07924,0.01361,0.00927,0.08070,0.01980,0.00818,0.01400,0.01092,0.01262,0.00490,0.01854,0.00165,0.00730
0.03380,0.02929,0.06095,0.05441,0.32104,0.01757,0.22567,0.01744,0.00727,0.02918,0.01426,0.02959,0.02080,0.01854,0.02429,0.01158,0.01906,0.01051,0.00765,0.04711
0.01326,0.03197,0.09322,0.03380,0.02405,0.28999,0.04922,0.01774,0.03290,0.02462,0.01270,0.05001,0.02663,0.01861,0.00578,0.02314,0.00719,0.19585,0.00572,0.04360
0.01697,0.03897,0.05928,0.01508,0.29585,0.02221,0.00869,0.00876,0.03314,0.02668,0.00684,0.00602,0.01722,0.01926,0.02597,0.00630,0.32890,0.00685,0.00917,0.04785
0.00823,0.21838,0.31966,0.04001,0.03108,0.06836,0.01260,0.02303,0.02996,0.00944,0.01280,0.03092,0.04966,0.01508,0.05487,0.01802,0.00877,0.02163,0.01394,0.01356
0.06146,0.02314,0.03374,0.04981,0.21871,0.03566,0.16100,0.03256,0.02809,0.01962,0.03221,0.02153,0.02321,0.02559,0.05301,0.05189,0.00183,0.08134,0.00802,0.03760
0.03584,0.03552,0.11814,0.01174,0.28808,0.02340,0.12498,0.04633,0.03998,0.02401,0.01818,0.04164,0.02258,0.02409,0.02226,0.03538,0.02315,0.00369,0.04576,0.01524
0.16465,0.07435,0.03015,0.02378,0.02418,0.08069,0.05577,0.02909,0.03830,0.04417,0.04915,0.01285,0.04466,0.01009,0.05071,0.02308,0.02629,0.04612,0.15339,0.01855
0.09801,0.02222,0.04961,0.02672,0.28882,0.03870,0.24797,0.01050,0.01833,0.02502,0.01329,0.02265,0.07609,0.01808,0.01543,0.00861,0.00600,0.00734,0.00440,0.00222
0.00969,0.37744,0.40468,0.01212,0.00882,0.02002,0.01377,0.02269,0.02813,0.01206,0.01156,0.01763,0.01940,0.00549,0.00773,0.00794,0.00844,0.00358,0.00553,0.00327
0.02074,0.01872,0.03447,0.16660,0.02220,0.09553,0.04463,0.04933,0.05878,0.07559,0.05617,0.01047,0.03622,0.06287,0.03497,0.00232,0.00392,0.04205,0.00438,0.16003
0.01338,0.02217,0.01478,0.16346,0.05224,0.16951,0.02516,0.02123,0.03081,0.08907,0.00846,0.02483,0.01204,0.14778,0.02069,0.01030,0.04907,0.11009,0.00285,0.01207
0.03895,0.05638,0.04983,0.16923,0.01689,0.05832,0.01023,0.10032,0.02527,0.03218,0.15124,0.02608,0.02587,0.02044,0.02342,0.01231,0.00837,0.01838,0.00517,0.15112
0.02328,0.26926,0.05856,0.04581,0.06074,0.02057,0.07147,0.03713,0.01556,0.02461,0.00916,0.23865,0.01395,0.00724,0.01988,0.05600,0.00810,0.00949,0.00487,0.00568
0.02988,0.07814,0.07844,0.01669,0.04533,0.17026,0.02351,0.10956,0.01899,0.03231,0.11716,0.05722,0.03172,0.02317,0.03861,0.00939,0.01632,0.09344,0.00438,0.00547
0.05829,0.03917,0.02481,0.06060,0.01458,0.03520,0.02001,0.04685,0.01235,0.18674,0.01885,0.03048,0.01373,0.20935,0.07318,0.02877,0.01675,0.03054,0.06667,0.01309
0.02152,0.28221,0.24242,0.02911,0.01944,0.03096,0.01392,0.01559,0.03830,0.02249,0.01927,0.11951,0.02976,0.01609,0.02841,0.02227,0.00545,0.01106,0.01832,0.01390
0.04137,0.02354,0.05578,0.06371,0.07664,0.01411,0.28498,0.01491,0.02525,0.03660,0.17038,0.04800,0.02922,0.02026,0.01820,0.01611,0.01015,0.00836,0.02233,0.02008
0.02081,0.00991,0.04233,0.03301,0.01689,0.01787,0.34833,0.02822,0.05523,0.01367,0.26494,0.02221,0.02305,0.00733,0.01432,0.02175,0.03362,0.00686,0.00351,0.01614
0.04819,0.01787,0.04152,0.02251,0.02631,0.02077,0.30482,0.04251,0.00933,0.02773,0.21372,0.01592,0.02310,0.01225,0.01085,0.10835,0.01018,0.00727,0.02981,0.00698
0.02255,0.02264,0.02097,0.07392,0.03130,0.17552,0.03163,0.06015,0.17278,0.05409,0.04190,0.02515,0.04044,0.04871,0.09941,0.01090,0.01234,0.02546,0.00382,0.02631
0.04218,0.06223,0.09162,0.01632,0.08718,0.25496,0.08595,0.03039,0.03441,0.01621,0.00978,0.04199,0.00632,0.01529,0.00537,0.01152,0.01058,0.16492,0.00662,0.00616
0.01891,0.04815,0.04431,0.04624,0.22185,0.01597,0.02052,0.03847,0.02783,0.08050,0.02186,0.01524,0.02623,0.06054,0.01496,0.01645,0.21583,0.01012,0.01085,0.04515
0.05213,0.08879,0.11316,0.03588,0.02729,0.10240,0.13368,0.02086,0.06781,0.03610,0.10219,0.03448,0.05028,0.01353,0.01477,0.04539,0.01671,0.02532,0.00424,0.01498
0.17308,0.01778,0.06197,0.01765,0.06761,0.02563,0.02321,0.02269,0.01886,0.08762,0.01029,0.02986,0.02299,0.10668,0.03787,0.01402,0.07256,0.00391,0.15950,0.02622
0.02538,0.02588,0.07293,0.07654,0.13398,0.07039,0.11282,0.02408,0.10987,0.03390,0.01320,0.07329,0.03341,0.01939,0.01502,0.01287,0.00673,0.02398,0.02517,0.09117
0.01610,0.03398,0.02072,0.00713,0.37548,0.03359,0.31040,0.02527,0.01085,0.01929,0.01048,0.02658,0.06070,0.01047,0.00463,0.00542,0.01655,0.00726,0.00277,0.00234
0.05078,0.02724,0.03266,0.03416,0.30522,0.04837,0.23011,0.03393,0.04848,0.02984,0.01032,0.01127,0.01895,0.01133,0.01361,0.04317,0.00597,0.01817,0.01562,0.01079
0.04458,0.13923,0.13706,0.02144,0.03172,0.11032,0.02308,0.13661,0.01252,0.02809,0.16493,0.03421,0.00890,0.01266,0.02352,0.01549,0.00573,0.03334,0.00838,0.00819
0.03067,0.05031,0.08201,0.03047,0.09571,0.07225,0.02474,0.21625,0.04901,0.00642,0.22604,0.01363,0.01941,0.00535,0.01062,0.01414,0.02005,0.01486,0.00344,0.01460
0.03697,0.04837,0.05502,0.02748,0.04285,0.23941,0.05166,0.02577,0.05586,0.06464,0.02441,0.01993,0.02033,0.04761,0.01348,0.00517,0.02765,0.14769,0.02685,0.01885
0.07810,0.04103,0.05263,0.01232,0.02477,0.02629,0.01535,0.02425,0.02178,0.21758,0.00965,0.02548,0.00738,0.29120,0.03077,0.02268,0.01239,0.00866,0.07119,0.00652
0.07055,0.01911,0.02148,0.01496,0.04141,0.31558,0.07484,0.01122,0.01805,0.03367,0.01605,0.07360,0.01610,0.01617,0.00827,0.00593,0.00917,0.21112,0.01061,0.01213
0.03422,0.04187,0.10764,0.09857,0.03465,0.03514,0.21967,0.02758,0.02602,0.03294,0.14942,0.03050,0.01120,0.00911,0.07102,0.02957,0.00829,0.00980,0.00668,0.01610
0.02928,0.07004,0.04662,0.05410,0.02661,0.03132,0.01687,0.04338,0.04367,0.21140,0.01037,0.06582,0.02037,0.24732,0.01739,0.02596,0.00699,0.00812,0.00439,0.01998
0.04553,0.03179,0.07637,0.03520,0.03076,0.01482,0.05062,0.17831,0.03533,0.03355,0.23472,0.04184,0.01164,0.01722,0.01448,0.01850,0.03668,0.03934,0.02036,0.03296
0.02927,0.04602,0.04359,0.10075,0.08268,0.08046,0.08866,0.09200,0.04137,0.02901,0.11731,0.02258,0.03387,0.01609,0.02639,0.02400,0.01234,0.04182,0.00658,0.06524
0.00781,0.05202,0.04993,0.04286,0.29100,0.08319,0.21152,0.04392,0.01652,0.01424,0.00929,0.01573,0.03290,0.02042,0.00901,0.02407,0.01284,0.04393,0.00340,0.01540
0.01064,0.04124,0.05025,0.04840,0.08127,0.19594,0.06316,0.02337,0.02338,0.09426,0.01777,0.01875,0.02295,0.08532,0.05359,0.01282,0.01053,0.12295,0.00300,0.02042
0.03557,0.02128,0.04620,0.04902,0.03691,0.24420,0.04050,0.04932,0.28215,0.01074,0.04016,0.02125,0.03820,0.00644,0.01459,0.02342,0.00300,0.00683,0.00469,0.02552
0.02480,0.02438,0.02639,0.28785,0.01836,0.01640,0.03076,0.05131,0.01775,0.02559,0.08252,0.01626,0.03029,0.02071,0.02479,0.01465,0.01086,0.00898,0.01327,0.25407
0.00991,0.25344,0.29901,0.01273,0.22714,0.01519,0.07435,0.01085,0.00393,0.00607,0.00565,0.01080,0.00929,0.00500,0.01724,0.00839,0.01388,0.00933,0.00308,0.00472
0.01301,0.01295,0.07786,0.04148,0.04573,0.14892,0.01685,0.08690,0.05037,0.07365,0.08684,0.01266,0.05546,0.03046,0.03569,0.08005,0.02305,0.09338,0.00107,0.01365
0.02201,0.22678,0.36093,0.03321,0.01127,0.03988,0.01728,0.04558,0.04153,0.01282,0.00836,0.02410,0.02154,0.00655,0.04128,0.02570,0.02639,0.01727,0.00343,0.01409
0.02443,0.01509,0.03248,0.02475,0.03007,0.01450,0.03034,0.02862,0.00795,0.01048,0.01773,0.00693,0.01949,0.01155,0.31122,0.01963,0.01292,0.35953,0.00733,0.01496
0.02467,0.04740,0.04772,0.01995,0.04959,0.00799,0.04965,0.01378,0.01690,0.27954,0.01734,0.05100,0.02959,0.29408,0.01071,0.00802,0.01889,0.00306,0.00588,0.00425
0.31565,0.03178,0.02175,0.03864,0.02227,0.03323,0.01023,0.02196,0.02752,0.04346,0.02610,0.02625,0.27466,0.04287,0.01118,0.00822,0.01412,0.01230,0.00855,0.00926
0.06232,0.05373,0.04531,0.04255,0.08268,0.03589,0.30304,0.02631,0.02217,0.01814,0.19697,0.02194,0.01733,0.01456,0.00902,0.01444,0.00705,0.00742,0.01257,0.00657
0.05929,0.02264,0.02904,0.06678,0.04475,0.16402,0.03852,0.04338,0.19514,0.02657,0.03986,0.02103,0.01564,0.08665,0.05246,0.01865,0.00859,0.05807,0.00598,0.00295
0.05930,0.01375,0.04650,0.13180,0.01338,0.08570,0.03876,0.11023,0.02706,0.02859,0.13109,0.01687,0.02664,0.03195,0.14065,0.02200,0.00540,0.02489,0.00750,0.03793
0.02376,0.01893,0.01392,0.01454,0.33851,0.02987,0.02689,0.02954,0.01672,0.05120,0.00942,0.01123,0.01893,0.02027,0.00284,0.00526,0.34529,0.00601,0.00649,0.01039
0.31555,0.05082,0.02075,0.01506,0.07302,0.02195,0.02750,0.02435,0.02235,0.04268,0.01551,0.02557,0.24668,0.01505,0.00824,0.02239,0.02119,0.00626,0.00644,0.01863
0.03782,0.03586,0.05417,0.01456,0.01353,0.01960,0.31695,0.01832,0.02748,0.02039,0.23202,0.02423,0.03069,0.02951,0.05066,0.02848,0.00776,0.01249,0.01751,0.00797
0.02834,0.04584,0.08480,0.02308,0.30182,0.01674,0.17848,0.02691,0.01621,0.05454,0.01369,0.03746,0.01193,0.03152,0.02125,0.04038,0.03591,0.00988,0.00903,0.01217
0.05494,0.01055,0.00628,0.06379,0.01346,0.32038,0.04411,0.00478,0.02611,0.04433,0.01141,0.01464,0.03489,0.01916,0.03544,0.01010,0.06465,0.20771,0.00280,0.01048
0.00824,0.01921,0.02913,0.01783,0.33230,0.02950,0.03016,0.01751,0.03562,0.03280,0.01518,0.02104,0.01808,0.01432,0.00645,0.01790,0.33744,0.00435,0.00701,0.00592
0.22148,0.04037,0.07835,0.09590,0.05649,0.02497,0.02951,0.01393,0.02520,0.01543,0.00938,0.02708,0.21070,0.02807,0.02885,0.02780,0.04102,0.01254,0.00589,0.00704
0.21616,0.02643,0.02109,0.05753,0.13398,0.04702,0.03930,0.01699,0.01894,0.04672,0.03073,0.04563,0.14911,0.03055,0.02700,0.01099,0.04744,0.01079,0.01161,0.01199
0.07032,0.04785,0.05014,0.08544,0.10869,0.10415,0.04639,0.13002,0.02685,0.01531,0.12021,0.01704,0.04265,0.02316,0.02564,0.01012,0.00869,0.04420,0.00497,0.01815
0.03956,0.02767,0.07622,0.05247,0.03340,0.02432,0.05364,0.03582,0.03306,0.19563,0.01982,0.05435,0.01698,0.24216,0.01427,0.03705,0.02282,0.00785,0.00505,0.00787
0.04092,0.04053,0.08681,0.05739,0.25854,0.01804,0.19976,0.02155,0.05024,0.02825,0.01205,0.05478,0.01077,0.05607,0.00685,0.01259,0.01870,0.00742,0.00747,0.01130
0.00796,0.24253,0.03264,0.02282,0.18913,0.01528,0.16156,0.01061,0.01152,0.00815,0.00809,0.21233,0.01568,0.00572,0.01600,0.00914,0.01082,0.00734,0.00664,0.00603
0.04123,0.02211,0.11055,0.15821,0.02328,0.11600,0.02503,0.02932,0.02080,0.01706,0.01649,0.05332,0.15670,0.01185,0.05090,0.02185,0.00669,0.05088,0.01005,0.05768
0.06771,0.05527,0.01749,0.02956,0.08496,0.26281,0.01990,0.01412,0.02802,0.06590,0.01559,0.04381,0.02298,0.02608,0.01275,0.01264,0.05399,0.15675,0.00115,0.00851
0.03210,0.01590,0.05574,0.05682,0.02629,0.01600,0.19120,0.01681,0.02794,0.02179,0.12397,0.00474,0.01296,0.00823,0.15600,0.01462,0.03352,0.13272,0.00901,0.04365
0.04162,0.06680,0.07935,0.05114,0.01045,0.06262,0.17978,0.03192,0.04129,0.07854,0.14640,0.05006,0.02474,0.03338,0.04043,0.01273,0.01847,0.01768,0.00605,0.00653
0.32310,0.01256,0.05180,0.01055,0.03207,0.02636,0.01222,0.03833,0.00753,0.03080,0.01292,0.00894,0.01347,0.02408,0.01481,0.01304,0.01250,0.01215,0.33862,0.00414
0.13779,0.03667,0.05835,0.01511,0.15429,0.02459,0.02133,0.04627,0.03373,0.05183,0.01298,0.02461,0.02573,0.04751,0.00974,0.02149,0.14944,0.00973,0.11406,0.00476
0.01632,0.02361,0.01857,0.04020,0.01743,0.25017,0.15261,0.00814,0.04572,0.03710,0.12305,0.02506,0.01627,0.01617,0.00803,0.01095,0.00744,0.17247,0.00548,0.00521
0.06028,0.02984,0.05280,0.04168,0.07611,0.02730,0.02584,0.03243,0.02159,0.19414,0.02615,0.01272,0.01442,0.28116,0.00998,0.02493,0.04893,0.00665,0.01026,0.00279
0.03569,0.01417,0.04334,0.10570,0.11854,0.01957,0.24728,0.01597,0.03078,0.07274,0.10879,0.02074,0.01436,0.03777,0.02823,0.02004,0.02079,0.00546,0.01208,0.02798
0.02008,0.03400,0.02843,0.01687,0.02727,0.35006,0.01230,0.02446,0.35949,0.01874,0.00658,0.01638,0.01284,0.01232,0.00802,0.02206,0.00733,0.00902,0.00548,0.00826
0.06574,0.03678,0.03342,0.06135,0.20097,0.07175,0.16681,0.04924,0.03942,0.03932,0.07174,0.02059,0.03533,0.02809,0.02436,0.01870,0.01218,0.01039,0.00638,0.00747
0.05286,0.04028,0.11582,0.04877,0.03944,0.26999,0.02936,0.03428,0.02004,0.01050,0.01184,0.02483,0.05144,0.02049,0.02381,0.00952,0.00593,0.16477,0.01691,0.00912
0.29480,0.05212,0.06413,0.04066,0.03972,0.01729,0.03720,0.02585,0.01669,0.02462,0.03346,0.01978,0.13170,0.02363,0.01910,0.01021,0.02661,0.00691,0.10510,0.01044
0.02973,0.01363,0.02396,0.28394,0.02619,0.07118,0.02042,0.01163,0.01929,0.02835,0.01203,0.04885,0.01119,0.02075,0.00592,0.02700,0.00670,0.05113,0.01534,0.27275
0.06166,0.01391,0.04120,0.03259,0.02832,0.01717,0.03413,0.02457,0.01991,0.23140,0.02360,0.02365,0.03160,0.29259,0.01902,0.01100,0.03824,0.02503,0.02117,0.00923
0.02941,0.06581,0.01608,0.03352,0.18917,0.10068,0.16448,0.03137,0.05160,0.09089,0.02697,0.01683,0.02690,0.07590,0.00599,0.00897,0.00337,0.05497,0.00333,0.00376
0.04207,0.04614,0.05095,0.13359,0.05397,0.02691,0.02109,0.19909,0.04229,0.01705,0.17430,0.03961,0.01952,0.04500,0.01953,0.01614,0.01988,0.00595,0.01616,0.01074
0.06524,0.01783,0.06742,0.06778,0.00651,0.17333,0.08283,0.08893,0.02190,0.02240,0.03091,0.02458,0.02723,0.01392,0.06415,0.03647,0.01994,0.10631,0.00568,0.05664
0.04814,0.02772,0.04532,0.06928,0.05344,0.02897,0.02963,0.04687,0.03055,0.17782,0.02120,0.02930,0.01335,0.21977,0.01168,0.06142,0.01417,0.01067,0.01978,0.04092
0.02511,0.03060,0.03571,0.02354,0.19839,0.17816,0.19604,0.01789,0.02063,0.02988,0.01749,0.02983,0.02223,0.01855,0.01215,0.01831,0.00526,0.09813,0.00574,0.01636
0.02255,0.07865,0.10840,0.00601,0.02626,0.02445,0.02275,0.26789,0.01772,0.00923,0.32262,0.00764,0.02178,0.00993,0.02287,0.00699,0.00728,0.00887,0.00519,0.00293
0.03710,0.02923,0.02152,0.01807,0.03394,0.03673,0.31357,0.07173,0.03677,0.00625,0.25887,0.02350,0.01411,0.00694,0.00468,0.03121,0.00688,0.01163,0.00404,0.03324
0.23244,0.04082,0.04739,0.02170,0.02035,0.02731,0.03749,0.02350,0.05297,0.02745,0.02478,0.01322,0.11017,0.00924,0.02647,0.03334,0.01827,0.02696,0.19213,0.01402
0.03739,0.06031,0.10347,0.03031,0.10883,0.22524,0.04020,0.03879,0.04446,0.01212,0.01189,0.01919,0.00602,0.01767,0.03614,0.02009,0.03273,0.13318,0.00807,0.01391
0.26516,0.04346,0.04622,0.03046,0.03802,0.05901,0.03468,0.00726,0.03175,0.06214,0.01425,0.02503,0.20584,0.01984,0.02653,0.01452,0.03051,0.02725,0.00685,0.01123
0.01865,0.04179,0.09862,0.03806,0.21248,0.01963,0.09025,0.01260,0.02139,0.06706,0.01367,0.03513,0.01298,0.05560,0.00594,0.02117,0.16782,0.00836,0.02028,0.03853
0.03480,0.05731,0.04290,0.03998,0.28293,0.02300,0.24197,0.05942,0.02192,0.01694,0.02705,0.03202,0.01213,0.02365,0.01598,0.02529,0.01706,0.00891,0.00644,0.01032
0.04199,0.03754,0.02282,0.25524,0.01651,0.03683,0.03257,0.04497,0.01926,0.06300,0.06475,0.01391,0.03284,0.01881,0.02950,0.00954,0.01003,0.01441,0.00422,0.23126
0.02632,0.34181,0.02369,0.03574,0.01845,0.01866,0.01869,0.00863,0.01150,0.04085,0.01122,0.33707,0.02005,0.03828,0.00616,0.01540,0.01293,0.00927,0.00136,0.00393
0.01613,0.01966,0.06827,0.05603,0.05947,0.12191,0.03277,0.03551,0.02330,0.12569,0.02010,0.02489,0.08333,0.15181,0.01924,0.02611,0.01682,0.06187,0.00709,0.02999
0.08515,0.02535,0.08352,0.04421,0.04229,0.03172,0.03169,0.02824,0.10889,0.07777,0.01946,0.19375,0.05690,0.05773,0.00910,0.02478,0.00600,0.00502,0.02356,0.04486
0.07216,0.05674,0.02223,0.04086,0.12176,0.03212,0.06051,0.10372,0.05835,0.04443,0.11005,0.03540,0.01217,0.03349,0.03298,0.06961,0.02502,0.01498,0.02649,0.02694
0.05566,0.02561,0.08813,0.02241,0.02208,0.03356,0.05744,0.20035,0.03030,0.03096,0.25529,0.02742,0.00797,0.04596,0.01713,0.01336,0.01940,0.01905,0.01317,0.01475
0.01663,0.02036,0.07481,0.07607,0.01090,0.05171,0.31350,0.01879,0.04469,0.01305,0.25513,0.01644,0.02302,0.00995,0.01448,0.01340,0.00836,0.00903,0.00505,0.00466
0.02520,0.02534,0.03309,0.22916,0.07387,0.05251,0.02414,0.08857,0.04405,0.05372,0.05646,0.01397,0.01029,0.19074,0.01824,0.01437,0.01022,0.00593,0.00464,0.02549
0.03863,0.02564,0.04571,0.05427,0.02575,0.05688,0.30887,0.02151,0.02304,0.02309,0.23355,0.02125,0.01687,0.01652,0.02645,0.01706,0.01166,0.01674,0.00222,0.01430
0.11034,0.01165,0.03752,0.04962,0.04167,0.20019,0.03221,0.02176,0.02169,0.02927,0.01775,0.07325,0.01326,0.03782,0.03317,0.02456,0.01758,0.12220,0.05909,0.04539
0.06465,0.07600,0.04695,0.09640,0.04454,0.03603,0.04070,0.14758,0.01321,0.06054,0.22451,0.03451,0.01813,0.01874,0.02277,0.01035,0.00229,0.00539,0.00895,0.02777
0.02693,0.06047,0.03379,0.03755,0.02537,0.01894,0.06685,0.01408,0.03979,0.26796,0.04447,0.03348,0.01745,0.26086,0.01228,0.00759,0.00613,0.00292,0.00795,0.01515
0.02650,0.02134,0.01985,0.12255,0.01629,0.01907,0.32330,0.02003,0.02801,0.02943,0.25937,0.01911,0.01607,0.01518,0.00998,0.00967,0.00972,0.00927,0.00606,0.01919
0.01476,0.06088,0.04903,0.04055,0.02373,0.18086,0.01617,0.10624,0.16309,0.04172,0.03319,0.01225,0.01170,0.01908,0.17007,0.01679,0.00937,0.01341,0.00504,0.01209
0.03495,0.03067,0.03324,0.03861,0.01792,0.30584,0.01773,0.01421,0.32125,0.01753,0.01303,0.01688,0.02292,0.00762,0.02298,0.01966,0.02915,0.01967,0.00739,0.00873
0.06910,0.06648,0.04556,0.06093,0.01634,0.13011,0.03163,0.02930,0.03361,0.07701,0.02613,0.03770,0.07198,0.05642,0.04728,0.03437,0.02848,0.08302,0.02524,0.02932
0.01491,0.03443,0.02400,0.05077,0.01910,0.27952,0.01602,0.02278,0.30509,0.02147,0.03412,0.02925,0.00674,0.01413,0.05734,0.00822,0.02046,0.02051,0.00570,0.01543
0.02104,0.02301,0.07947,0.04073,0.02183,0.02139,0.01612,0.22779,0.01179,0.00895,0.26282,0.01044,0.02014,0.03613,0.03979,0.05101,0.04359,0.04596,0.00894,0.00907
0.02176,0.02476,0.04198,0.02243,0.01265,0.00608,0.24014,0.12678,0.02237,0.04132,0.20841,0.02329,0.01595,0.02294,0.02838,0.10937,0.00679,0.01482,0.00654,0.00323
0.07168,0.04765,0.04739,0.03680,0.02150,0.02426,0.02503,0.01485,0.03704,0.19983,0.01736,0.02301,0.02855,0.26276,0.02239,0.00829,0.03094,0.00968,0.06253,0.00845
0.03547,0.07806,0.09448,0.01163,0.04261,0.01401,0.02791,0.21312,0.00665,0.02098,0.21195,0.06609,0.03360,0.00935,0.00928,0.07055,0.00931,0.00885,0.00708,0.02902
0.03412,0.06321,0.05049,0.02354,0.20731,0.16410,0.18788,0.02003,0.01663,0.00920,0.01481,0.04692,0.01137,0.00969,0.01097,0.00408,0.01044,0.09235,0.01113,0.01172
0.17148,0.07905,0.10113,0.04658,0.02999,0.04411,0.03046,0.01870,0.01764,0.07581,0.03881,0.01875,0.13631,0.03144,0.01550,0.06529,0.02857,0.01752,0.02430,0.00859
0.01724,0.27978,0.05051,0.03890,0.01181,0.04584,0.04245,0.02544,0.06062,0.01382,0.02726,0.24669,0.06441,0.01301,0.01146,0.01499,0.01142,0.01414,0.00543,0.00477
0.01218,0.02011,0.02776,0.03468,0.01281,0.01513,0.36804,0.02347,0.02656,0.00527,0.30225,0.01987,0.01014,0.00845,0.00486,0.01035,0.07246,0.00719,0.01097,0.00745
0.04923,0.05399,0.10180,0.05892,0.09537,0.02693,0.03805,0.05312,0.02193,0.07558,0.01267,0.06951,0.03879,0.07500,0.03795,0.04495,0.08302,0.01333,0.01308,0.03679
0.03416,0.09904,0.12352,0.02657,0.10877,0.10000,0.08625,0.09427,0.03177,0.03284,0.08515,0.04355,0.00453,0.00825,0.01120,0.03295,0.00855,0.03681,0.00658,0.02524
0.06954,0.05752,0.06337,0.02962,0.01014,0.06627,0.18732,0.04643,0.04726,0.08487,0.13596,0.04307,0.01402,0.02303,0.01479,0.05929,0.01781,0.01147,0.00671,0.01150
0.03071,0.02659,0.02334,0.16483,0.03199,0.03013,0.03000,0.05979,0.07447,0.06627,0.09389,0.02857,0.02290,0.03584,0.02882,0.02469,0.02134,0.02291,0.01108,0.17180
0.03526,0.03331,0.02730,0.03265,0.01561,0.03170,0.36384,0.01434,0.05800,0.01026,0.27913,0.01668,0.00875,0.00182,0.00889,0.01467,0.01752,0.00362,0.01570,0.01096
0.04761,0.06621,0.07436,0.07996,0.01560,0.05881,0.14527,0.06901,0.03661,0.04164,0.11795,0.03880,0.03317,0.01927,0.04596,0.03460,0.02534,0.02804,0.00608,0.01571
0.03180,0.19724,0.27842,0.06096,0.02393,0.09792,0.04003,0.01476,0.05676,0.01868,0.01065,0.05627,0.01704,0.00757,0.01124,0.00969,0.00553,0.04247,0.01105,0.00798
0.03901,0.02465,0.03407,0.02487,0.02457,0.01411,0.07206,0.03843,0.01187,0.24290,0.05162,0.03303,0.01205,0.29453,0.02257,0.00943,0.01805,0.00923,0.00422,0.01874
0.02795,0.07029,0.04313,0.01058,0.03435,0.33133,0.06074,0.01388,0.04441,0.02422,0.02036,0.02492,0.00933,0.01150,0.00734,0.01392,0.00621,0.22367,0.01156,0.01031
0.01802,0.04944,0.03011,0.05516,0.12241,0.09468,0.15391,0.10815,0.04054,0.05956,0.11253,0.04707,0.01044,0.01169,0.00745,0.00587,0.00835,0.04422,0.01098,0.00942
0.03459,0.07714,0.10135,0.02343,0.27616,0.04598,0.14531,0.03389,0.03503,0.01008,0.00638,0.02755,0.03549,0.02092,0.06011,0.01060,0.01765,0.02250,0.00946,0.00639
0.01436,0.06480,0.05139,0.09413,0.04629,0.24441,0.08074,0.01069,0.05216,0.05289,0.02523,0.02104,0.00438,0.05934,0.03039,0.00333,0.01522,0.11627,0.00429,0.00866
0.03100,0.03389,0.06905,0.03132,0.31257,0.02196,0.16645,0.02376,0.01804,0.03972,0.01237,0.08660,0.03342,0.01353,0.01171,0.01306,0.06226,0.00632,0.00622,0.00677
0.02204,0.26940,0.08190,0.01105,0.02348,0.01047,0.08335,0.05933,0.01228,0.02372,0.07664,0.15788,0.01092,0.02259,0.02135,0.04265,0.01598,0.02701,0.01111,0.01686
0.02906,0.11196,0.10335,0.03440,0.01455,0.10850,0.06447,0.15230,0.02844,0.01576,0.17690,0.03740,0.01449,0.01677,0.01755,0.00392,0.01109,0.04751,0.00736,0.00423
0.06359,0.02597,0.07868,0.03495,0.07648,0.02632,0.07062,0.03695,0.01246,0.13184,0.07186,0.01882,0.01635,0.16501,0.04885,0.01555,0.02136,0.01492,0.04507,0.02436
0.14830,0.01393,0.03024,0.04072,0.06520,0.08061,0.01732,0.07090,0.02054,0.02019,0.05822,0.03416,0.05527,0.01750,0.03630,0.04348,0.03486,0.05342,0.14641,0.01242
0.03905,0.04800,0.10354,0.01072,0.09235,0.01438,0.01355,0.02457,0.01349,0.15691,0.02293,0.04282,0.03490,0.19291,0.01943,0.01440,0.11259,0.00569,0.01739,0.02038
0.02986,0.03780,0.04278,0.02422,0.33208,0.01142,0.27059,0.01346,0.02899,0.01442,0.04826,0.02771,0.01060,0.01529,0.00610,0.02414,0.03825,0.00404,0.01386,0.00613
0.05599,0.02325,0.02773,0.03797,0.05504,0.07650,0.05045,0.02563,0.02136,0.20292,0.02040,0.02248,0.01457,0.24680,0.02312,0.01327,0.02928,0.03789,0.00467,0.01069
0.01920,0.05276,0.07812,0.02494,0.00895,0.31046,0.01024,0.02413,0.21575,0.02539,0.04072,0.01573,0.01157,0.00967,0.04853,0.01426,0.00889,0.05621,0.01351,0.01097
0.21812,0.06088,0.13812,0.05949,0.02980,0.01241,0.02764,0.03714,0.04240,0.01272,0.01302,0.01796,0.18088,0.04878,0.02610,0.00982,0.02467,0.00746,0.00763,0.02496
0.02718,0.18563,0.03744,0.05685,0.02420,0.18598,0.03245,0.01542,0.02970,0.00570,0.02605,0.17834,0.02833,0.01813,0.02068,0.01073,0.00947,0.09644,0.00531,0.00596
0.02469,0.35545,0.06982,0.03997,0.02625,0.02354,0.00843,0.02036,0.02292,0.01866,0.02484,0.26687,0.01763,0.01008,0.01937,0.01878,0.00913,0.00587,0.00999,0.00738
0.02914,0.02250,0.05982,0.10304,0.01498,0.20790,0.10362,0.02354,0.02484,0.00716,0.08396,0.01447,0.02646,0.01173,0.07682,0.01776,0.02059,0.12411,0.00559,0.02196
0.05917,0.04419,0.02916,0.06396,0.03349,0.06177,0.06458,0.11347,0.04034,0.05590,0.16254,0.06208,0.02527,0.04668,0.04418,0.02144,0.01707,0.00861,0.00814,0.03796
0.01175,0.01821,0.04120,0.33654,0.09470,0.01414,0.01114,0.00465,0.01630,0.01326,0.01194,0.00577,0.01057,0.01389,0.01602,0.00814,0.03724,0.00956,0.00778,0.31717
0.17177,0.04675,0.06734,0.07092,0.03054,0.11046,0.02224,0.00892,0.05653,0.04842,0.02084,0.01548,0.15834,0.04036,0.01471,0.00911,0.03333,0.04645,0.00556,0.02191
0.05204,0.01662,0.02796,0.04982,0.04981,0.04145,0.26809,0.01285,0.06803,0.02643,0.18906,0.06855,0.01242,0.00564,0.03293,0.00606,0.03678,0.01098,0.01176,0.01275
0.03829,0.03636,0.11266,0.06576,0.05468,0.19540,0.03101,0.02079,0.02511,0.01724,0.02132,0.02104,0.04210,0.08032,0.00802,0.02777,0.01448,0.12598,0.01590,0.04577
0.01842,0.03904,0.02341,0.02527,0.33657,0.03119,0.27884,0.02299,0.02444,0.02117,0.02611,0.05404,0.00979,0.00839,0.01780,0.02205,0.01183,0.00524,0.01155,0.01186
0.03202,0.02811,0.05746,0.03030,0.03312,0.07275,0.29688,0.01770,0.08297,0.01499,0.23486,0.01411,0.01475,0.01465,0.00694,0.02036,0.01231,0.00205,0.00459,0.00907
0.07540,0.03279,0.05553,0.02852,0.02741,0.15296,0.04283,0.14981,0.04468,0.01591,0.18328,0.03528,0.01291,0.02405,0.00600,0.00722,0.00930,0.07226,0.01415,0.00971
0.08406,0.08567,0.03759,0.01723,0.16275,0.05788,0.11970,0.05133,0.01329,0.06878,0.01850,0.06110,0.02146,0.05233,0.02065,0.01816,0.02173,0.05206,0.00906,0.02668
0.01144,0.16790,0.20999,0.02518,0.01072,0.12291,0.11128,0.02451,0.03187,0.01199,0.06675,0.01380,0.03534,0.01299,0.00516,0.02047,0.03631,0.06202,0.00935,0.01003
0.04457,0.02140,0.03036,0.03568,0.23550,0.07467,0.02399,0.01019,0.06297,0.04802,0.02474,0.07293,0.00872,0.01853,0.01795,0.01091,0.22925,0.01302,0.00151,0.01511
0.08463,0.04313,0.06792,0.05862,0.01546,0.07341,0.03553,0.10228,0.09481,0.03813,0.12143,0.02929,0.05885,0.05569,0.03025,0.01099,0.01425,0.01986,0.01184,0.03363
0.02386,0.22568,0.26696,0.04961,0.03468,0.02904,0.05523,0.03184,0.05758,0.02657,0.02862,0.02228,0.02638,0.03262,0.01657,0.03334,0.00704,0.00488,0.01965,0.00758
0.03247,0.13330,0.11627,0.03107,0.01298,0.07617,0.15427,0.08297,0.00798,0.04376,0.10398,0.10422,0.02196,0.01098,0.01058,0.01352,0.01147,0.01650,0.00847,0.00707
0.04011,0.07781,0.12133,0.06462,0.16863,0.06264,0.11747,0.01974,0.01501,0.04265,0.01812,0.02531,0.10143,0.00800,0.03246,0.02127,0.01106,0.02272,0.00834,0.02127
0.01103,0.43926,0.45586,0.00650,0.00844,0.00481,0.00853,0.01451,0.01069,0.00345,0.00257,0.00903,0.00487,0.00206,0.00282,0.00362,0.00265,0.00476,0.00164,0.00289
0.09559,0.03135,0.06335,0.05707,0.02619,0.02205,0.02188,0.03270,0.02897,0.13235,0.03830,0.02881,0.05300,0.18622,0.04367,0.02017,0.05443,0.01703,0.03017,0.01668
0.01486,0.04257,0.02821,0.04160,0.03197,0.04644,0.02482,0.01863,0.03345,0.22953,0.01209,0.07189,0.01042,0.33970,0.00988,0.00860,0.01414,0.00864,0.00438,0.00818
0.05378,0.04301,0.03758,0.04929,0.24026,0.02708,0.17479,0.01445,0.04961,0.03286,0.01453,0.05582,0.03426,0.00723,0.01549,0.02125,0.06290,0.01276,0.01867,0.03437
0.02206,0.04599,0.05012,0.06321,0.02080,0.29380,0.04829,0.02246,0.03916,0.01239,0.01953,0.03987,0.03414,0.05621,0.01874,0.00757,0.01016,0.18040,0.00409,0.01101
0.03047,0.05497,0.01492,0.06880,0.04005,0.01880,0.20830,0.03367,0.03602,0.02609,0.19334,0.02688,0.02883,0.01726,0.06626,0.01312,0.00800,0.09226,0.01280,0.00918
0.02296,0.14612,0.24939,0.09397,0.01050,0.02514,0.04797,0.01587,0.02241,0.01372,0.04097,0.02585,0.07373,0.00919,0.12069,0.01747,0.01694,0.02303,0.00771,0.01637
0.01399,0.03711,0.06302,0.04258,0.05817,0.30290,0.05921,0.03022,0.01698,0.01820,0.04596,0.01092,0.01495,0.01160,0.02378,0.03145,0.01172,0.19363,0.00466,0.00895
0.02792,0.04928,0.08298,0.03203,0.02150,0.07234,0.11642,0.09979,0.05070,0.03991,0.10206,0.03005,0.04065,0.01284,0.03879,0.11586,0.02137,0.02579,0.01334,0.00639
0.02885,0.01169,0.02205,0.13098,0.01498,0.27726,0.01814,0.01591,0.03712,0.00753,0.01471,0.00739,0.03008,0.06885,0.03901,0.00710,0.07570,0.17944,0.00515,0.00806
0.04091,0.07620,0.03578,0.06546,0.21721,0.02580,0.10065,0.01887,0.01365,0.01915,0.00446,0.08028,0.02836,0.02908,0.01606,0.02661,0.11459,0.01032,0.01072,0.06581
0.26190,0.03620,0.04218,0.06294,0.02479,0.06236,0.04611,0.01110,0.02820,0.00978,0.05027,0.04815,0.20281,0.02152,0.03207,0.00651,0.00804,0.03142,0.00317,0.01049
0.01384,0.04710,0.03620,0.04535,0.02291,0.20839,0.02847,0.15134,0.12898,0.01691,0.12956,0.02334,0.01384,0.01686,0.00553,0.00893,0.01811,0.06739,0.01075,0.00620
0.18580,0.02365,0.11036,0.01562,0.02679,0.03123,0.02488,0.02118,0.02431,0.06635,0.01268,0.08289,0.02210,0.11878,0.02091,0.03941,0.00748,0.00581,0.15402,0.00576
0.01902,0.04427,0.06204,0.00834,0.04887,0.34390,0.03200,0.05663,0.00712,0.01373,0.06062,0.01719,0.00932,0.01466,0.01320,0.01257,0.00935,0.22075,0.00217,0.00425
0.05824,0.01469,0.02025,0.02617,0.03188,0.04276,0.03001,0.02615,0.05846,0.25161,0.01011,0.02060,0.01604,0.30371,0.02262,0.01368,0.01067,0.01231,0.01863,0.01142
0.04620,0.03907,0.05791,0.01762,0.06100,0.05321,0.03082,0.27945,0.02582,0.03704,0.02170,0.03175,0.01533,0.01624,0.00380,0.23283,0.01042,0.00460,0.00681,0.00841
0.02042,0.02131,0.01919,0.27030,0.04474,0.03667,0.01547,0.11406,0.05697,0.02601,0.07870,0.03083,0.02061,0.20542,0.01238,0.00108,0.01054,0.00627,0.00230,0.00672
0.02631,0.24133,0.30347,0.04995,0.02626,0.03757,0.02535,0.01787,0.06128,0.01967,0.02412,0.04135,0.01685,0.02530,0.01391,0.01634,0.01437,0.01014,0.01412,0.01442
0.01505,0.01740,0.03837,0.03359,0.01555,0.34166,0.02188,0.01356,0.37972,0.01528,0.01351,0.01142,0.01342,0.00672,0.01193,0.02094,0.00786,0.01693,0.00104,0.00419
0.08231,0.04012,0.05682,0.04168,0.02386,0.05316,0.03158,0.16062,0.05087,0.04585,0.18167,0.02129,0.04642,0.03029,0.03505,0.03230,0.00885,0.01954,0.02173,0.01600
0.02004,0.02412,0.03337,0.02967,0.03027,0.09323,0.04637,0.01146,0.03904,0.24637,0.01502,0.02392,0.00532,0.27453,0.02199,0.00534,0.02486,0.04125,0.00758,0.00624
0.01246,0.01781,0.03902,0.02590,0.01779,0.29195,0.03006,0.03690,0.35544,0.00542,0.04269,0.02155,0.00654,0.01539,0.01640,0.01705,0.00907,0.00790,0.02399,0.00665
0.03814,0.07525,0.18931,0.07280,0.00961,0.03029,0.02515,0.02058,0.02037,0.00983,0.04129,0.01986,0.12494,0.02998,0.15877,0.01230,0.00723,0.09308,0.00644,0.01476
0.01269,0.26526,0.33172,0.06263,0.02461,0.01124,0.00497,0.01278,0.04499,0.05310,0.00861,0.02096,0.02631,0.03882,0.02129,0.02781,0.01608,0.00774,0.00086,0.00753
0.21035,0.01376,0.03421,0.03431,0.01711,0.01581,0.03806,0.02392,0.01350,0.10670,0.03264,0.05253,0.09929,0.08960,0.01695,0.04515,0.03238,0.00983,0.09902,0.01487
0.04587,0.05597,0.03004,0.02796,0.05075,0.28079,0.13231,0.01358,0.01957,0.02577,0.00935,0.05152,0.01749,0.01803,0.00974,0.01313,0.00363,0.16649,0.01917,0.00886
0.02131,0.10153,0.07090,0.03001,0.04604,0.10667,0.03377,0.17756,0.02505,0.01596,0.18250,0.03700,0.01097,0.01198,0.03280,0.03178,0.01937,0.03713,0.00455,0.00312
0.10188,0.08396,0.07171,0.03743,0.01962,0.20868,0.04740,0.01582,0.01914,0.01093,0.02865,0.03061,0.03519,0.01806,0.02188,0.01382,0.00694,0.13632,0.07469,0.01728
0.35179,0.01951,0.01610,0.03757,0.02111,0.07600,0.01476,0.01573,0.00955,0.00920,0.01034,0.02046,0.27633,0.01494,0.01040,0.01330,0.02274,0.02248,0.02646,0.01122
0.01715,0.00896,0.02396,0.04120,0.03618,0.02930,0.35587,0.02535,0.02059,0.00526,0.28246,0.01657,0.01489,0.02737,0.00647,0.02690,0.02539,0.01423,0.00665,0.01526
0.01483,0.05685,0.15198,0.10109,0.01302,0.08503,0.14176,0.01516,0.09048,0.02201,0.10205,0.03834,0.02283,0.01355,0.03417,0.02197,0.01524,0.02518,0.01872,0.01573
0.03508,0.13121,0.03537,0.06446,0.01784,0.01329,0.02634,0.03580,0.03405,0.14027,0.01046,0.11675,0.02702,0.23095,0.00800,0.01290,0.01932,0.01393,0.00623,0.02073
0.00775,0.02342,0.02337,0.02706,0.04056,0.34089,0.08795,0.01440,0.01876,0.06238,0.01424,0.00462,0.00939,0.04465,0.00938,0.00813,0.01036,0.24281,0.00465,0.00520
0.04508,0.07654,0.10791,0.02694,0.02772,0.12094,0.01220,0.14924,0.05112,0.01754,0.02459,0.03160,0.01809,0.02300,0.03231,0.11317,0.02467,0.05531,0.01819,0.02384
0.02100,0.02030,0.02469,0.02823,0.34151,0.05513,0.03535,0.01019,0.01398,0.01322,0.01132,0.01444,0.01726,0.03864,0.00980,0.00680,0.30991,0.01132,0.00995,0.00697
0.03446,0.02684,0.05306,0.04469,0.03473,0.04351,0.29654,0.00897,0.04469,0.03042,0.21894,0.03591,0.01350,0.01033,0.01480,0.02413,0.01162,0.02334,0.00671,0.02282
0.06299,0.05326,0.04993,0.04461,0.06985,0.07087,0.19473,0.10632,0.03685,0.02223,0.12249,0.01868,0.01127,0.01167,0.04727,0.02474,0.00392,0.01660,0.01295,0.01877
0.01381,0.01816,0.04240,0.04772,0.04364,0.01191,0.05147,0.01487,0.02732,0.30321,0.03433,0.01855,0.01012,0.30752,0.01430,0.00462,0.01272,0.00468,0.00527,0.01339
0.01166,0.10050,0.06346,0.04019,0.06982,0.06396,0.14190,0.02892,0.07291,0.03964,0.12873,0.07357,0.04234,0.01711,0.01281,0.03810,0.01294,0.02625,0.00806,0.00713
0.05433,0.02119,0.07114,0.07550,0.06391,0.01299,0.04162,0.16729,0.01452,0.02150,0.19650,0.01671,0.06708,0.01098,0.02511,0.01529,0.04630,0.04869,0.00989,0.01946
0.13608,0.03828,0.06245,0.08019,0.02964,0.12930,0.02426,0.06094,0.00519,0.07550,0.02773,0.00895,0.08552,0.06990,0.02618,0.02261,0.01056,0.05915,0.02744,0.02012
0.02137,0.01708,0.02851,0.03535,0.26027,0.02502,0.03225,0.01197,0.02234,0.04316,0.02794,0.06290,0.01976,0.06019,0.01262,0.02079,0.26946,0.00664,0.00964,0.01272
0.23766,0.05999,0.08502,0.03334,0.06804,0.05628,0.02009,0.01382,0.02049,0.02248,0.01173,0.03213,0.20821,0.01150,0.01672,0.02777,0.03391,0.02448,0.00350,0.01283
