0.15049,0.14614,0.15308,0.14029,0.14332,0.04825,0.05554,0.05302,0.05449,0.05541
0.12186,0.10710,0.12824,0.12076,0.12761,0.07229,0.08438,0.08216,0.08078,0.07483
0.11787,0.10963,0.12152,0.11773,0.12255,0.07980,0.08750,0.08263,0.08259,0.07817
0.12839,0.11861,0.12168,0.12630,0.12638,0.06829,0.07912,0.07799,0.08463,0.06861
0.10987,0.10604,0.10942,0.10367,0.11306,0.08294,0.09119,0.09870,0.09949,0.08563
0.12045,0.12093,0.11376,0.12377,0.12102,0.07194,0.08387,0.08285,0.08076,0.08065
0.10576,0.10859,0.10009,0.11201,0.10930,0.09217,0.09581,0.09561,0.09390,0.08676
0.12269,0.12619,0.13315,0.12389,0.12130,0.07190,0.07576,0.07814,0.07444,0.07254
0.14531,0.13570,0.13525,0.13952,0.14515,0.05659,0.05919,0.06578,0.06192,0.05560
0.13444,0.14102,0.15721,0.15049,0.15435,0.04668,0.05306,0.05593,0.05350,0.05332
0.11115,0.11048,0.11324,0.10451,0.10967,0.09055,0.08256,0.09715,0.08573,0.09495
0.11347,0.12196,0.11077,0.12473,0.12424,0.07891,0.08533,0.08101,0.08527,0.07431
0.13756,0.12743,0.14178,0.14199,0.14446,0.06188,0.05954,0.06046,0.06348,0.06142
0.11760,0.11023,0.12489,0.12408,0.13830,0.07189,0.07961,0.08287,0.07806,0.07248
0.11535,0.11799,0.13281,0.12066,0.11603,0.07436,0.07528,0.08516,0.08328,0.07908
0.13768,0.14120,0.13588,0.14735,0.15055,0.05448,0.05717,0.06022,0.05896,0.05652
0.13399,0.13311,0.11753,0.12217,0.13367,0.06459,0.07077,0.08179,0.07339,0.06899
0.12526,0.13674,0.12810,0.13283,0.14111,0.06718,0.06658,0.06847,0.07153,0.06221
0.10738,0.09700,0.11350,0.10528,0.10888,0.08857,0.08809,0.10125,0.09417,0.09589
0.12145,0.12525,0.12970,0.13210,0.13349,0.06954,0.06952,0.07480,0.07318,0.07095
0.11903,0.11793,0.11662,0.11985,0.11722,0.08193,0.07902,0.08210,0.08159,0.08471
0.10161,0.09870,0.11245,0.09519,0.10328,0.08756,0.08818,0.10710,0.10078,0.10515
0.14151,0.14127,0.14641,0.14224,0.14491,0.05663,0.05604,0.05737,0.05719,0.05642
0.11634,0.12622,0.12221,0.12129,0.12906,0.07068,0.07390,0.08628,0.07384,0.08018
0.14274,0.12791,0.13922,0.15344,0.14128,0.05376,0.06279,0.06225,0.06045,0.05615
0.09772,0.09995,0.09406,0.09792,0.09550,0.09441,0.12070,0.09361,0.10446,0.10167
0.11764,0.11031,0.11725,0.12158,0.11634,0.07605,0.08522,0.08639,0.08726,0.08196
0.10348,0.11007,0.11092,0.11962,0.11210,0.07709,0.08877,0.09378,0.09770,0.08648
0.11342,0.10856,0.10453,0.10878,0.11605,0.08905,0.08714,0.09148,0.09174,0.08925
0.11257,0.11093,0.11449,0.11032,0.11101,0.08372,0.08935,0.08655,0.09693,0.08413
0.11622,0.11710,0.11222,0.12173,0.11868,0.08351,0.08293,0.08216,0.08800,0.07745
0.10297,0.10184,0.10179,0.10438,0.10614,0.08834,0.09708,0.10625,0.09818,0.09302
0.12547,0.11544,0.12852,0.12314,0.12084,0.07130,0.07381,0.07561,0.07998,0.08590
0.13608,0.12610,0.13611,0.12828,0.14366,0.06295,0.06395,0.06999,0.06741,0.06547
0.12105,0.12536,0.13483,0.12580,0.14094,0.06913,0.07116,0.06785,0.07303,0.07085
0.10898,0.10960,0.11537,0.11582,0.12364,0.07992,0.08419,0.08795,0.08920,0.08533
0.13824,0.13890,0.15605,0.16167,0.15606,0.04466,0.05313,0.05127,0.05202,0.04801
0.11848,0.11951,0.11387,0.12096,0.12050,0.08022,0.07922,0.08594,0.08248,0.07882
0.11618,0.12642,0.13232,0.12705,0.13741,0.06582,0.06899,0.07727,0.07205,0.07649
0.08476,0.07717,0.08353,0.08213,0.08419,0.10226,0.10982,0.11937,0.13986,0.11691
0.10968,0.11797,0.11208,0.11439,0.11100,0.08318,0.09050,0.09521,0.08214,0.08386
0.11659,0.12736,0.11882,0.13468,0.13837,0.06960,0.07529,0.07281,0.07441,0.07207
0.11574,0.11588,0.12177,0.11278,0.11698,0.08474,0.07912,0.08330,0.08321,0.08647
0.12124,0.11351,0.12568,0.11611,0.12692,0.07504,0.08107,0.07763,0.08646,0.07634
0.12362,0.11893,0.12210,0.12389,0.11758,0.06733,0.07350,0.09089,0.07710,0.08505
0.09524,0.09777,0.10090,0.10136,0.09816,0.08553,0.10050,0.11458,0.11301,0.09293
0.09621,0.09472,0.09433,0.10342,0.10130,0.09257,0.10134,0.11109,0.10825,0.09679
0.10987,0.10516,0.09895,0.10390,0.10619,0.09105,0.10359,0.09696,0.10046,0.08388
0.13020,0.12280,0.12635,0.14079,0.12451,0.05945,0.06694,0.08033,0.07314,0.07548
0.12924,0.12930,0.12445,0.13294,0.14013,0.06893,0.06825,0.06949,0.07244,0.06482
0.12798,0.13757,0.13660,0.13328,0.13493,0.05864,0.06716,0.07036,0.07165,0.06183
0.12160,0.11775,0.12118,0.12418,0.12796,0.07498,0.07017,0.08466,0.07965,0.07788
0.10288,0.09917,0.09881,0.10573,0.10863,0.08483,0.09600,0.10973,0.10417,0.09006
0.12546,0.12394,0.12929,0.12448,0.13771,0.06336,0.07145,0.07600,0.08090,0.06743
0.13229,0.12724,0.14216,0.13935,0.14213,0.05797,0.06086,0.06954,0.06586,0.06261
0.12324,0.12783,0.13634,0.13967,0.13555,0.06625,0.06484,0.06653,0.06938,0.07037
0.12324,0.11601,0.12324,0.12346,0.12245,0.06962,0.08945,0.08161,0.08104,0.06987
0.12067,0.12397,0.12796,0.12334,0.11978,0.07406,0.07363,0.08129,0.07464,0.08067
0.12876,0.13047,0.13125,0.12901,0.13249,0.06308,0.06958,0.07281,0.07462,0.06794
0.12602,0.14191,0.13908,0.13132,0.13879,0.06434,0.06251,0.06649,0.06351,0.06604
0.12127,0.13175,0.13322,0.13448,0.13774,0.06564,0.06471,0.07288,0.06800,0.07031
0.12173,0.11944,0.11866,0.13179,0.13017,0.07023,0.07308,0.07479,0.08029,0.07982
0.12603,0.12994,0.14533,0.13622,0.13349,0.05796,0.05930,0.07177,0.07066,0.06931
0.12900,0.12539,0.12842,0.12597,0.13678,0.07034,0.07063,0.06952,0.07185,0.07210
0.11148,0.11770,0.13136,0.12748,0.12055,0.07470,0.08407,0.07592,0.08165,0.07508
0.11960,0.11200,0.14072,0.13263,0.14338,0.05908,0.07401,0.07187,0.08231,0.06440
0.12858,0.12793,0.11687,0.13282,0.12310,0.06802,0.07363,0.07607,0.08065,0.07232
0.11349,0.11173,0.11024,0.11250,0.11936,0.07512,0.08135,0.09382,0.08746,0.09493
0.11783,0.11512,0.12579,0.13011,0.11632,0.07167,0.08294,0.08094,0.08539,0.07389
0.10827,0.12330,0.12370,0.12133,0.11386,0.07826,0.08154,0.08252,0.09005,0.07717
0.12762,0.13932,0.12796,0.13708,0.13144,0.06589,0.07037,0.06566,0.06836,0.06631
0.14259,0.13969,0.14223,0.13173,0.16012,0.05933,0.05748,0.05746,0.05477,0.05460
0.13115,0.12435,0.13340,0.13171,0.13082,0.06678,0.06798,0.07295,0.07270,0.06818
0.09413,0.09803,0.09828,0.09618,0.10064,0.10313,0.10472,0.09950,0.09285,0.11253
0.12699,0.12895,0.13329,0.14413,0.14811,0.06409,0.06264,0.06189,0.06349,0.06642
0.13507,0.13132,0.14428,0.14128,0.13573,0.06028,0.06074,0.06622,0.06615,0.05894
0.12225,0.13033,0.13322,0.12301,0.13365,0.06986,0.06812,0.07238,0.07043,0.07674
0.10720,0.10692,0.11853,0.12917,0.12346,0.07993,0.08167,0.09345,0.08075,0.07893
0.14032,0.13056,0.13216,0.13294,0.13963,0.06261,0.06399,0.06308,0.06857,0.06616
0.11322,0.11378,0.10397,0.11324,0.11415,0.08757,0.08532,0.09323,0.08375,0.09177
0.12310,0.13818,0.14378,0.13719,0.12737,0.06451,0.06428,0.06782,0.06564,0.06814
0.13499,0.14171,0.14670,0.13871,0.14211,0.05668,0.06034,0.05956,0.06059,0.05861
0.12541,0.11062,0.12014,0.11490,0.12410,0.07592,0.08504,0.08150,0.08220,0.08015
0.14006,0.14681,0.13647,0.14681,0.14959,0.05436,0.05621,0.05723,0.05788,0.05458
0.09671,0.09887,0.09400,0.09394,0.09441,0.11621,0.10161,0.09850,0.09780,0.10796
0.12283,0.12913,0.12082,0.12428,0.13434,0.07275,0.07495,0.07087,0.07585,0.07419
0.12524,0.11942,0.11897,0.12512,0.12103,0.07404,0.08179,0.07946,0.07969,0.07524
0.12127,0.12504,0.12710,0.12662,0.12205,0.07431,0.07873,0.07400,0.07935,0.07155
0.13036,0.12614,0.12685,0.12806,0.12352,0.06632,0.07711,0.07931,0.07500,0.06732
0.12254,0.12257,0.12588,0.12754,0.12753,0.06820,0.06870,0.08478,0.07863,0.07363
0.12896,0.12337,0.13110,0.14018,0.15167,0.05852,0.06186,0.07285,0.06295,0.06856
0.12803,0.11828,0.11756,0.13150,0.13550,0.06768,0.07769,0.07853,0.07605,0.06918
0.12002,0.11824,0.12501,0.12467,0.12856,0.07363,0.07247,0.08978,0.07186,0.07576
0.14162,0.13939,0.13574,0.14287,0.14349,0.05760,0.05810,0.06467,0.05499,0.06154
0.12687,0.11568,0.13878,0.12215,0.13024,0.07024,0.07568,0.07478,0.07969,0.06590
0.13165,0.12253,0.13294,0.13093,0.14382,0.06275,0.07227,0.06792,0.07093,0.06426
0.13888,0.13208,0.14462,0.12679,0.14380,0.06493,0.06012,0.06122,0.06153,0.06604
0.11411,0.12090,0.13082,0.12577,0.12591,0.06923,0.06813,0.08857,0.07530,0.08125
0.11759,0.11563,0.13386,0.12310,0.11894,0.07418,0.07535,0.07890,0.08081,0.08165
0.12940,0.12736,0.12011,0.13044,0.12414,0.07669,0.06608,0.08040,0.07039,0.07501
