0.04440,0.04843,0.45029,0.45687
0.71407,0.02756,0.12325,0.13511
0.13973,0.01786,0.41532,0.42709
0.06071,0.05482,0.43843,0.44604
0.24964,0.02673,0.35536,0.36826
0.33738,0.42092,0.12440,0.11730
0.40689,0.09363,0.24682,0.25265
0.03281,0.00702,0.47143,0.48873
0.38292,0.36533,0.12387,0.12787
0.07949,0.06898,0.42709,0.42443
0.18022,0.15100,0.33798,0.33080
0.02861,0.25973,0.35175,0.35991
0.02395,0.24151,0.36480,0.36973
0.07992,0.02757,0.44109,0.45142
0.03254,0.49000,0.23748,0.23998
0.15901,0.14518,0.34316,0.35265
0.09344,0.13816,0.38096,0.38744
0.02979,0.19617,0.38614,0.38789
0.13925,0.05390,0.39883,0.40801
0.18283,0.04674,0.38372,0.38672
0.04417,0.03482,0.45799,0.46302
0.15852,0.14790,0.34311,0.35047
0.18389,0.17019,0.32495,0.32097
0.02552,0.02106,0.47635,0.47707
0.12876,0.39704,0.24122,0.23298
0.27964,0.21955,0.25405,0.24676
0.10997,0.02912,0.42690,0.43401
0.14973,0.11598,0.35871,0.37558
0.57286,0.08427,0.17326,0.16961
0.04870,0.12580,0.40433,0.42117
0.04431,0.03445,0.45769,0.46355
0.13976,0.12944,0.36064,0.37016
0.29296,0.14302,0.28068,0.28333
0.10350,0.12080,0.38448,0.39122
0.08884,0.25032,0.33146,0.32938
0.02400,0.02006,0.47424,0.48170
0.14722,0.13017,0.35721,0.36540
0.24887,0.14659,0.30420,0.30033
0.19428,0.10690,0.34390,0.35492
0.06533,0.06234,0.43857,0.43377
0.11568,0.16896,0.35692,0.35843
0.55296,0.01396,0.21693,0.21615
0.12616,0.14702,0.36302,0.36380
0.07435,0.27904,0.32094,0.32567
0.24085,0.19220,0.28332,0.28363
0.35650,0.02492,0.30622,0.31236
0.14985,0.04641,0.40152,0.40221
0.04780,0.28494,0.33364,0.33362
0.22818,0.17610,0.29514,0.30058
0.06344,0.48937,0.22004,0.22715
0.19792,0.18680,0.30603,0.30925
0.29665,0.27117,0.20888,0.22330
0.12757,0.18867,0.34307,0.34070
0.64795,0.03111,0.16321,0.15773
0.09631,0.09023,0.40286,0.41060
0.37533,0.03371,0.29215,0.29881
0.09235,0.04068,0.42265,0.44431
0.04849,0.02725,0.45804,0.46622
0.54397,0.02584,0.21664,0.21356
0.16246,0.11174,0.36372,0.36208
0.10509,0.18289,0.35514,0.35689
0.12017,0.11238,0.37775,0.38971
0.17721,0.06646,0.37816,0.37817
0.04798,0.05581,0.44651,0.44970
0.11594,0.28004,0.29972,0.30430
0.06891,0.05976,0.43542,0.43591
0.04286,0.14684,0.40547,0.40482
0.17737,0.15619,0.33160,0.33484
0.03434,0.04778,0.45826,0.45962
0.07273,0.05942,0.43588,0.43197
0.08447,0.07031,0.41955,0.42568
0.06043,0.05327,0.43924,0.44706
0.06705,0.05599,0.43602,0.44094
0.08725,0.07192,0.42135,0.41948
0.12830,0.47957,0.19764,0.19449
0.05214,0.06345,0.44005,0.44435
0.24031,0.01394,0.36127,0.38448
0.02154,0.72926,0.12332,0.12588
0.02048,0.05061,0.46508,0.46383
0.17699,0.26249,0.27877,0.28175
0.16336,0.14189,0.34319,0.35155
0.05667,0.11593,0.40695,0.42045
0.03794,0.03122,0.46644,0.46440
0.38674,0.18005,0.21582,0.21739
0.11070,0.18164,0.35159,0.35607
0.12088,0.16434,0.35953,0.35524
0.05618,0.04653,0.43774,0.45956
0.30884,0.10031,0.29329,0.29756
0.05889,0.05236,0.44126,0.44750
0.11566,0.11758,0.37575,0.39101
0.10940,0.10341,0.39289,0.39430
0.02401,0.11036,0.42863,0.43700
0.08200,0.17304,0.37250,0.37246
0.06134,0.02855,0.44422,0.46589
0.11334,0.26189,0.31003,0.31475
0.14497,0.03249,0.40872,0.41382
0.16869,0.04181,0.39370,0.39579
0.26008,0.23893,0.24763,0.25336
0.06092,0.43963,0.24894,0.25051
0.09599,0.07833,0.40603,0.41965
0.35729,0.10874,0.26408,0.26990
0.03844,0.09572,0.42808,0.43776
0.17127,0.01576,0.39614,0.41684
0.14856,0.13147,0.36040,0.35957
0.19331,0.18009,0.31218,0.31442
0.31100,0.07090,0.30588,0.31222
0.13783,0.12477,0.36427,0.37313
0.10484,0.20121,0.34231,0.35164
0.06233,0.05781,0.44052,0.43935
0.21831,0.20661,0.28560,0.28948
0.13238,0.02081,0.42499,0.42182
0.17227,0.07458,0.37258,0.38057
0.13256,0.30534,0.28022,0.28187
0.14805,0.10911,0.36984,0.37300
0.30720,0.08840,0.30227,0.30213
0.07664,0.17987,0.37289,0.37060
0.05513,0.27416,0.32914,0.34157
0.17983,0.17072,0.32223,0.32722
0.12710,0.11541,0.38040,0.37709
0.07165,0.06282,0.42240,0.44314
0.49219,0.06084,0.21976,0.22721
0.06033,0.42630,0.25454,0.25883
0.08000,0.04978,0.42684,0.44339
0.03254,0.20937,0.38005,0.37804
0.02976,0.02497,0.46974,0.47553
0.31022,0.17029,0.25620,0.26330
0.03863,0.03680,0.46081,0.46376
0.05444,0.05274,0.44531,0.44750
0.06624,0.06180,0.42969,0.44227
0.10325,0.06480,0.41663,0.41531
0.24360,0.17116,0.29261,0.29263
0.23584,0.20332,0.28056,0.28028
0.03545,0.03012,0.46475,0.46967
0.10336,0.08537,0.40850,0.40277
0.38924,0.02461,0.28756,0.29859
0.19239,0.21404,0.29879,0.29477
0.11907,0.31678,0.28317,0.28098
0.04480,0.14171,0.40796,0.40554
0.14809,0.13311,0.35377,0.36503
0.05038,0.22260,0.35902,0.36800
0.04763,0.02931,0.45319,0.46987
0.05315,0.34838,0.29862,0.29985
0.11406,0.03352,0.42254,0.42988
0.03326,0.66450,0.14858,0.15366
0.09861,0.17986,0.35352,0.36801
0.23681,0.21547,0.27422,0.27350
0.17689,0.30959,0.25453,0.25898
0.24350,0.17704,0.28595,0.29352
0.07144,0.03300,0.44071,0.45485
0.28151,0.07665,0.31897,0.32288
0.17844,0.01979,0.39565,0.40612
0.05776,0.05199,0.44206,0.44819
0.02349,0.40096,0.28828,0.28726
0.06087,0.14422,0.39759,0.39732
0.16673,0.19516,0.31235,0.32576
0.23681,0.20794,0.27686,0.27839
0.02529,0.32176,0.32362,0.32932
0.20918,0.17056,0.31408,0.30619
0.26176,0.02356,0.35565,0.35902
0.09499,0.11633,0.39324,0.39544
0.10922,0.08966,0.39590,0.40521
0.21541,0.23529,0.27868,0.27063
0.27056,0.03790,0.34232,0.34922
0.16473,0.17163,0.32727,0.33637
0.22851,0.16457,0.30106,0.30586
0.04476,0.08872,0.42980,0.43672
0.16145,0.16247,0.33475,0.34134
0.06347,0.24796,0.34269,0.34588
0.17191,0.21597,0.30859,0.30353
0.16859,0.14853,0.34033,0.34255
0.05542,0.04459,0.45227,0.44772
0.06113,0.11491,0.40543,0.41853
0.59506,0.02459,0.18296,0.19739
0.04976,0.08458,0.42040,0.44525
0.10028,0.09500,0.39984,0.40488
0.24859,0.10351,0.32319,0.32471
0.20020,0.18263,0.30724,0.30993
0.03823,0.03153,0.45492,0.47532
0.05711,0.02446,0.45649,0.46193
0.30480,0.08235,0.29592,0.31693
0.49367,0.13039,0.19150,0.18445
0.54066,0.03597,0.20893,0.21444
0.33053,0.30007,0.18451,0.18489
0.07025,0.05346,0.43156,0.44473
0.04724,0.04671,0.44959,0.45646
0.31792,0.08485,0.29194,0.30529
0.23725,0.14600,0.30512,0.31164
0.08144,0.12036,0.40033,0.39786
0.16390,0.01311,0.40592,0.41707
0.09452,0.11818,0.38822,0.39908
0.03453,0.01625,0.47272,0.47650
0.15539,0.03236,0.39739,0.41486
0.12573,0.55992,0.15820,0.15615
0.07146,0.04413,0.44245,0.44197
0.22038,0.05446,0.36244,0.36272
0.08648,0.02451,0.44295,0.44606
0.04065,0.12911,0.41767,0.41257
0.27109,0.25339,0.23937,0.23615
0.30155,0.02895,0.32713,0.34237
0.17172,0.05181,0.38334,0.39313
0.05987,0.17898,0.37622,0.38493
0.17256,0.06334,0.38141,0.38269
0.04565,0.08892,0.43056,0.43488
0.18994,0.05874,0.37296,0.37836
0.23238,0.17925,0.29108,0.29729
0.05644,0.02519,0.45669,0.46167
0.10816,0.09504,0.39844,0.39836
0.12626,0.14135,0.36662,0.36578
0.11099,0.12164,0.38279,0.38458
0.14875,0.12286,0.35707,0.37132
0.12495,0.08656,0.39360,0.39489
0.32653,0.08688,0.29178,0.29481
0.09897,0.02645,0.43890,0.43568
0.02186,0.36379,0.30324,0.31111
0.42494,0.05880,0.25666,0.25960
0.13879,0.03450,0.40819,0.41853
0.34920,0.31400,0.16795,0.16885
0.13871,0.12081,0.36770,0.37279
0.04663,0.10711,0.42325,0.42300
0.32625,0.29632,0.19088,0.18655
0.11129,0.10487,0.39090,0.39294
0.09075,0.06543,0.41955,0.42426
0.19231,0.11795,0.34298,0.34677
0.47879,0.06707,0.22892,0.22521
0.13548,0.05333,0.40154,0.40965
0.16838,0.02535,0.39786,0.40842
0.04295,0.11377,0.41981,0.42347
0.03066,0.01723,0.47410,0.47800
0.18634,0.02678,0.39619,0.39069
0.14062,0.15914,0.34914,0.35110
0.12363,0.05010,0.41038,0.41589
0.01556,0.31127,0.32995,0.34322
0.31906,0.30171,0.18630,0.19292
0.08283,0.07206,0.42035,0.42475
0.08490,0.13745,0.38784,0.38980
0.02925,0.02807,0.46785,0.47483
0.03142,0.02810,0.46823,0.47224
0.10973,0.09801,0.39274,0.39951
0.17453,0.15752,0.33284,0.33510
0.09627,0.06555,0.41864,0.41954
0.06774,0.12851,0.40148,0.40227
0.15336,0.04621,0.39534,0.40509
0.07387,0.07771,0.42012,0.42830
0.10986,0.21357,0.33796,0.33861
0.05458,0.05371,0.44514,0.44658
0.04033,0.01597,0.46990,0.47380
0.04156,0.01768,0.46382,0.47693
0.21119,0.18738,0.29572,0.30571
0.05853,0.05369,0.44347,0.44431
0.03631,0.12317,0.41945,0.42107
0.31096,0.20622,0.25306,0.22976
0.06965,0.05820,0.43384,0.43830
0.13914,0.04496,0.41024,0.40566
0.16735,0.20091,0.31845,0.31328
0.34484,0.33412,0.15801,0.16303
0.28106,0.25976,0.22792,0.23126
0.12158,0.43355,0.22133,0.22353
0.10634,0.04509,0.43021,0.41836
0.04073,0.03457,0.46219,0.46251
0.22376,0.13823,0.31137,0.32665
0.21051,0.04462,0.36935,0.37552
0.33384,0.14269,0.26787,0.25560
0.11213,0.08406,0.40764,0.39616
0.12435,0.10461,0.38663,0.38442
0.02987,0.63422,0.16780,0.16811
0.06525,0.05016,0.44023,0.44436
0.16469,0.11863,0.35796,0.35871
0.25010,0.06656,0.33988,0.34346
0.33735,0.01769,0.31450,0.33046
0.05378,0.09420,0.42102,0.43100
0.05785,0.25898,0.34300,0.34017
0.21579,0.08206,0.35046,0.35170
0.17411,0.15179,0.33154,0.34255
0.18533,0.16355,0.32439,0.32673
0.29558,0.12982,0.28612,0.28849
0.07270,0.03588,0.43997,0.45145
0.03772,0.03468,0.46252,0.46508
0.12229,0.03247,0.41498,0.43026
0.01414,0.01972,0.48073,0.48542
0.12638,0.29486,0.28414,0.29463
0.07799,0.29216,0.30923,0.32062
0.28281,0.15494,0.27822,0.28403
0.04632,0.04702,0.45223,0.45444
0.06393,0.01558,0.45141,0.46907
0.18239,0.15657,0.32939,0.33165
0.07979,0.06890,0.41889,0.43242
0.29651,0.01045,0.34264,0.35040
0.17217,0.14887,0.33748,0.34148
0.61777,0.05204,0.16349,0.16671
0.16251,0.15007,0.33985,0.34757
0.44122,0.01294,0.27869,0.26715
0.02914,0.05884,0.45071,0.46132
0.06218,0.09694,0.41281,0.42807
0.05631,0.30993,0.31361,0.32016
0.12188,0.02030,0.42725,0.43056
0.07848,0.06449,0.42784,0.42919
0.11516,0.16874,0.35640,0.35970
0.11190,0.08992,0.39130,0.40687
0.20255,0.01912,0.38869,0.38965
0.06371,0.06139,0.43162,0.44328
