0.05012,0.14565,0.14793,0.03126,0.05519,0.01684,0.02757,0.03434,0.07673,0.02616,0.02489,0.12229,0.09800,0.02367,0.01895,0.02056,0.02131,0.02446,0.01458,0.01951
0.04337,0.13391,0.12782,0.02819,0.04372,0.01719,0.02701,0.03226,0.06456,0.02321,0.02483,0.15497,0.13340,0.02437,0.01980,0.02025,0.02158,0.02684,0.01373,0.01897
0.04300,0.14391,0.15755,0.02714,0.04870,0.01742,0.02798,0.03147,0.06820,0.02199,0.02553,0.12831,0.11115,0.02545,0.02070,0.02133,0.02256,0.02218,0.01472,0.02071
0.03993,0.14017,0.14573,0.02777,0.04355,0.01497,0.02351,0.02867,0.06604,0.02108,0.02011,0.15983,0.14553,0.02030,0.01626,0.01841,0.01908,0.01984,0.01397,0.01525
0.04563,0.15326,0.16853,0.02826,0.04671,0.01673,0.02465,0.03011,0.07152,0.02552,0.02115,0.13038,0.11191,0.02082,0.01679,0.01629,0.02101,0.02133,0.01442,0.01498
0.03232,0.10865,0.12082,0.02380,0.03333,0.01264,0.02004,0.02450,0.05121,0.01962,0.01812,0.22812,0.19979,0.01800,0.01503,0.01374,0.01698,0.01788,0.01081,0.01461
0.04717,0.16942,0.19036,0.02303,0.04046,0.01372,0.02193,0.02694,0.06693,0.01750,0.01873,0.13400,0.13157,0.01636,0.01331,0.01513,0.01419,0.01612,0.01010,0.01304
0.03599,0.14267,0.15740,0.02754,0.04336,0.01634,0.02575,0.03106,0.05795,0.02291,0.02368,0.15171,0.12944,0.02040,0.01940,0.01865,0.02091,0.02408,0.01255,0.01822
0.04169,0.10437,0.11016,0.02597,0.04375,0.01941,0.02833,0.03013,0.06298,0.02411,0.02696,0.18559,0.15095,0.02274,0.01871,0.01920,0.02340,0.02616,0.01509,0.02029
0.04243,0.15608,0.16989,0.02530,0.04154,0.01786,0.02684,0.02929,0.07114,0.02409,0.02171,0.12768,0.11563,0.02043,0.01722,0.01741,0.02026,0.02249,0.01397,0.01873
0.03406,0.11183,0.12714,0.02432,0.03704,0.01342,0.02260,0.02552,0.04743,0.01828,0.01947,0.21372,0.19341,0.01736,0.01426,0.01455,0.01725,0.01947,0.01258,0.01628
0.03805,0.16966,0.18342,0.02137,0.03782,0.01269,0.01988,0.02478,0.05764,0.01764,0.01637,0.15685,0.14713,0.01532,0.01178,0.01393,0.01520,0.01780,0.00986,0.01281
0.03720,0.15653,0.16689,0.02706,0.03906,0.01588,0.02140,0.02457,0.06038,0.02106,0.02123,0.16126,0.13670,0.01753,0.01461,0.01614,0.01745,0.01921,0.01133,0.01449
0.03161,0.10055,0.10779,0.01898,0.03274,0.01192,0.01985,0.02247,0.04768,0.01604,0.01746,0.24581,0.22271,0.01668,0.01409,0.01469,0.01638,0.01919,0.01027,0.01309
0.04519,0.12548,0.13382,0.03171,0.04970,0.01881,0.03030,0.03530,0.07485,0.02588,0.02601,0.13407,0.11842,0.02438,0.02064,0.02369,0.02243,0.02464,0.01509,0.01958
0.03929,0.18861,0.20636,0.02508,0.04226,0.01597,0.02279,0.02724,0.06532,0.01996,0.02002,0.11022,0.09906,0.01889,0.01666,0.01667,0.01829,0.01897,0.01225,0.01608
0.04619,0.13466,0.14456,0.03114,0.04736,0.01826,0.02682,0.03019,0.06599,0.02540,0.02416,0.13521,0.11656,0.02521,0.02103,0.02111,0.02572,0.02464,0.01568,0.02010
0.04468,0.14725,0.14928,0.02820,0.04785,0.02039,0.02660,0.03234,0.07179,0.02502,0.02496,0.13295,0.11684,0.02065,0.01929,0.01788,0.01945,0.02257,0.01329,0.01874
0.04692,0.14886,0.15902,0.03257,0.04941,0.01927,0.02666,0.03183,0.08130,0.02536,0.02430,0.11490,0.09632,0.02404,0.01974,0.01993,0.02147,0.02466,0.01401,0.01944
0.04682,0.17624,0.20355,0.02618,0.04455,0.01607,0.02118,0.02751,0.07014,0.02015,0.01898,0.11529,0.10436,0.01617,0.01564,0.01589,0.01611,0.01833,0.01261,0.01422
0.04236,0.11005,0.11567,0.02901,0.04566,0.01518,0.02639,0.03202,0.06322,0.02260,0.02568,0.18996,0.14127,0.02310,0.01831,0.02110,0.02382,0.02327,0.01345,0.01789
0.04181,0.15428,0.16601,0.02654,0.04152,0.01685,0.02393,0.02789,0.07283,0.02086,0.01971,0.14174,0.12738,0.01878,0.01621,0.01582,0.01782,0.02108,0.01321,0.01574
0.03888,0.14390,0.16010,0.02346,0.04197,0.01659,0.02264,0.02905,0.06443,0.02250,0.01998,0.15824,0.14148,0.01914,0.01536,0.01604,0.01839,0.02071,0.01186,0.01527
0.03294,0.12120,0.12703,0.02390,0.03611,0.01447,0.02227,0.02412,0.04912,0.01986,0.02277,0.22019,0.16713,0.01925,0.01638,0.01585,0.01913,0.01956,0.01191,0.01680
0.04364,0.11764,0.12278,0.02862,0.04476,0.01729,0.02620,0.03216,0.06332,0.02491,0.02565,0.16068,0.14337,0.02328,0.02041,0.02031,0.02458,0.02603,0.01560,0.01877
0.04730,0.15925,0.16992,0.02489,0.04736,0.01654,0.02450,0.03044,0.07547,0.02170,0.01892,0.13342,0.12251,0.01801,0.01492,0.01543,0.01582,0.01784,0.01176,0.01399
0.04119,0.13093,0.14589,0.02699,0.04447,0.01644,0.02509,0.02874,0.07169,0.02170,0.02129,0.15562,0.14536,0.01935,0.01742,0.01802,0.01955,0.02087,0.01259,0.01680
0.03372,0.09650,0.11112,0.02230,0.03758,0.01540,0.02134,0.02553,0.05548,0.02097,0.02402,0.22591,0.18888,0.01993,0.01709,0.01730,0.01874,0.01869,0.01208,0.01745
0.04540,0.13763,0.13661,0.02937,0.04685,0.01856,0.02513,0.03049,0.06579,0.02366,0.02498,0.14708,0.13415,0.02096,0.01791,0.02069,0.01993,0.02085,0.01445,0.01949
0.04478,0.14579,0.14811,0.02592,0.04651,0.01518,0.02649,0.03155,0.06593,0.02157,0.01916,0.15303,0.13595,0.01956,0.01630,0.01768,0.01798,0.02033,0.01275,0.01546
0.04453,0.13645,0.13872,0.02925,0.04979,0.01787,0.02618,0.03437,0.07153,0.02582,0.02555,0.13287,0.12230,0.02497,0.01833,0.02281,0.02062,0.02332,0.01392,0.02080
0.04043,0.13279,0.13784,0.02956,0.04393,0.01681,0.02546,0.03172,0.06564,0.02338,0.02261,0.15189,0.14308,0.02221,0.01853,0.01851,0.02109,0.02216,0.01349,0.01888
0.04008,0.17935,0.18001,0.02391,0.04205,0.01504,0.02409,0.02710,0.06489,0.02091,0.02103,0.13806,0.11444,0.01775,0.01568,0.01555,0.01724,0.01628,0.01194,0.01461
0.03729,0.18121,0.20087,0.02805,0.04052,0.01649,0.02582,0.02664,0.06583,0.02184,0.02018,0.11786,0.09686,0.01810,0.01593,0.01745,0.01909,0.02084,0.01264,0.01649
0.03449,0.11572,0.12470,0.02305,0.03675,0.01356,0.02200,0.02589,0.05375,0.01951,0.02188,0.21682,0.17013,0.02099,0.01513,0.01707,0.01826,0.02049,0.01282,0.01699
0.04126,0.14130,0.14920,0.02538,0.04278,0.01595,0.02322,0.02824,0.06491,0.02207,0.02203,0.16012,0.14336,0.02062,0.01649,0.01678,0.01815,0.02028,0.01215,0.01571
0.03439,0.10848,0.11342,0.02538,0.03999,0.01557,0.02221,0.02746,0.05527,0.01951,0.02006,0.21274,0.18223,0.01939,0.01793,0.01714,0.01900,0.02161,0.01275,0.01546
0.03295,0.16230,0.18780,0.02056,0.03243,0.01167,0.01814,0.02502,0.05401,0.01534,0.01646,0.18101,0.14504,0.01631,0.01396,0.01436,0.01487,0.01496,0.01010,0.01271
0.03508,0.15224,0.17295,0.02702,0.04002,0.01543,0.02324,0.02756,0.05972,0.02011,0.02294,0.15124,0.12809,0.02085,0.01626,0.01766,0.02013,0.01726,0.01444,0.01778
0.04264,0.14511,0.16574,0.02793,0.04187,0.01672,0.02468,0.03130,0.07133,0.02021,0.02243,0.13557,0.12715,0.01884,0.01831,0.01699,0.02027,0.02279,0.01374,0.01640
0.04848,0.13243,0.14300,0.03015,0.05038,0.01874,0.02954,0.03509,0.07087,0.02705,0.02555,0.12727,0.11352,0.02290,0.02098,0.02026,0.02018,0.02611,0.01583,0.02168
0.04291,0.13190,0.13762,0.02950,0.04415,0.01900,0.02764,0.03219,0.06785,0.02524,0.02343,0.14529,0.13499,0.02083,0.01835,0.02126,0.02040,0.02178,0.01560,0.02006
0.03917,0.19275,0.20647,0.02517,0.04495,0.01443,0.02372,0.02714,0.06787,0.01910,0.02076,0.10790,0.08886,0.02022,0.01703,0.01638,0.01848,0.02044,0.01184,0.01732
0.04031,0.10248,0.10916,0.02616,0.04156,0.01765,0.02329,0.02830,0.05858,0.02135,0.02270,0.19746,0.17863,0.02188,0.01795,0.01985,0.01975,0.02192,0.01335,0.01766
0.04007,0.12252,0.13353,0.02445,0.04351,0.01658,0.02540,0.02970,0.06900,0.02237,0.02229,0.16743,0.15723,0.02064,0.01626,0.01859,0.01878,0.02058,0.01378,0.01726
0.03975,0.15522,0.16496,0.02683,0.04127,0.01557,0.02344,0.02903,0.06456,0.02068,0.01941,0.15681,0.13180,0.01939,0.01555,0.01589,0.01590,0.01814,0.01166,0.01417
0.04782,0.13818,0.14195,0.03281,0.05199,0.01930,0.02784,0.03329,0.08193,0.02586,0.02425,0.12628,0.10345,0.02493,0.01879,0.02128,0.02161,0.02610,0.01360,0.01875
0.04495,0.12258,0.13662,0.02925,0.04544,0.01772,0.02811,0.03377,0.06787,0.02479,0.02715,0.14213,0.12997,0.02470,0.02049,0.02182,0.02402,0.02321,0.01720,0.01823
0.05048,0.15266,0.16538,0.03065,0.05295,0.01982,0.02938,0.03465,0.07753,0.02701,0.02660,0.10631,0.08918,0.02063,0.01826,0.01931,0.02157,0.02443,0.01461,0.01859
0.03306,0.11567,0.12796,0.02198,0.03561,0.01505,0.02082,0.02587,0.05609,0.01976,0.01806,0.21267,0.19642,0.01582,0.01427,0.01383,0.01580,0.01675,0.01071,0.01381
0.03913,0.12815,0.12940,0.02639,0.04183,0.01427,0.02258,0.02826,0.06276,0.02268,0.01979,0.18109,0.16386,0.01969,0.01449,0.01691,0.01912,0.02028,0.01329,0.01604
0.04456,0.13230,0.13761,0.02893,0.04789,0.01973,0.02786,0.03135,0.07156,0.02455,0.02487,0.14002,0.13081,0.02099,0.02019,0.01928,0.02060,0.02550,0.01258,0.01879
0.03711,0.11804,0.12339,0.02557,0.04131,0.01564,0.02262,0.02823,0.05776,0.01848,0.02157,0.21066,0.16115,0.01969,0.01622,0.01587,0.01668,0.02074,0.01220,0.01705
0.03798,0.16397,0.17478,0.02749,0.04699,0.01609,0.02607,0.02996,0.06801,0.02008,0.02290,0.13242,0.10837,0.02088,0.01788,0.01720,0.01800,0.02070,0.01315,0.01704
0.04270,0.10748,0.10976,0.02664,0.04406,0.01921,0.02600,0.02932,0.06304,0.02541,0.02800,0.17812,0.15024,0.02388,0.01804,0.02246,0.02536,0.02527,0.01416,0.02086
0.05014,0.16424,0.18058,0.03495,0.05203,0.02092,0.02921,0.03440,0.07610,0.02745,0.02649,0.08344,0.07705,0.02246,0.01927,0.01975,0.02042,0.02260,0.01917,0.01935
0.04610,0.13179,0.13616,0.02655,0.05054,0.01632,0.02663,0.02911,0.07549,0.02174,0.02178,0.16286,0.12833,0.02078,0.01729,0.01746,0.01949,0.02224,0.01302,0.01631
0.04161,0.11447,0.12307,0.02484,0.04066,0.01648,0.02514,0.02943,0.06150,0.02192,0.02417,0.18175,0.15895,0.01989,0.01896,0.01931,0.02142,0.02534,0.01356,0.01753
0.04321,0.14597,0.15131,0.02845,0.04225,0.01584,0.02572,0.02862,0.06753,0.01992,0.02240,0.16000,0.12011,0.02206,0.01703,0.01801,0.01914,0.02222,0.01288,0.01732
0.04230,0.13695,0.13689,0.02922,0.04789,0.01824,0.02541,0.03486,0.07380,0.02553,0.02430,0.13768,0.11971,0.02269,0.01731,0.02039,0.02448,0.02578,0.01475,0.02180
0.03911,0.13442,0.13631,0.02612,0.04332,0.01400,0.02234,0.02769,0.06377,0.02179,0.01968,0.18036,0.15735,0.01765,0.01668,0.01648,0.01687,0.01799,0.01302,0.01505
0.03803,0.11924,0.12279,0.02611,0.03950,0.01547,0.02353,0.02533,0.05582,0.02150,0.02298,0.19371,0.17014,0.01997,0.01739,0.01831,0.01938,0.02011,0.01320,0.01749
0.04118,0.18250,0.21287,0.02304,0.04222,0.01559,0.02281,0.03122,0.06944,0.01926,0.02183,0.11062,0.09252,0.02055,0.01401,0.01665,0.01682,0.01905,0.01297,0.01484
0.04331,0.12844,0.12982,0.02931,0.05241,0.01827,0.02530,0.03244,0.07084,0.02384,0.02066,0.15675,0.14085,0.01948,0.01550,0.01855,0.01956,0.02186,0.01442,0.01839
0.04441,0.14665,0.16367,0.03174,0.05083,0.01716,0.02749,0.03471,0.07010,0.02321,0.02221,0.12527,0.10910,0.02136,0.01708,0.01870,0.02028,0.02414,0.01294,0.01896
0.04893,0.13218,0.14937,0.03418,0.04763,0.02098,0.02927,0.03590,0.07060,0.02452,0.02825,0.11648,0.10216,0.02219,0.02299,0.02244,0.02589,0.02758,0.01573,0.02273
0.03886,0.14834,0.16076,0.02644,0.04033,0.01465,0.02239,0.02994,0.05989,0.02087,0.01848,0.16225,0.14865,0.01746,0.01466,0.01566,0.01743,0.01822,0.01106,0.01365
0.03335,0.10545,0.11271,0.02258,0.03852,0.01539,0.02008,0.02719,0.05465,0.02041,0.01958,0.22466,0.19046,0.01958,0.01547,0.01432,0.01804,0.02208,0.01050,0.01499
0.03985,0.18461,0.19127,0.02632,0.04853,0.01771,0.02765,0.02726,0.06540,0.02319,0.01959,0.10680,0.10066,0.02000,0.01715,0.01641,0.01800,0.02058,0.01315,0.01585
0.03349,0.12474,0.14538,0.02280,0.03652,0.01472,0.02008,0.02596,0.05630,0.01981,0.02046,0.19992,0.16350,0.01940,0.01630,0.01638,0.01816,0.01812,0.01110,0.01687
0.03165,0.09762,0.10662,0.02297,0.03544,0.01418,0.01950,0.02439,0.05638,0.01773,0.02211,0.26461,0.15935,0.02013,0.01693,0.01628,0.01953,0.02516,0.01162,0.01781
0.04157,0.11762,0.12681,0.02771,0.04169,0.01677,0.02554,0.03174,0.06182,0.02329,0.02563,0.17305,0.14442,0.02248,0.01956,0.01962,0.02234,0.02426,0.01434,0.01974
0.03522,0.11875,0.12936,0.02385,0.03830,0.01530,0.02254,0.02788,0.05707,0.02028,0.02223,0.19815,0.16872,0.01817,0.01845,0.01666,0.01872,0.02091,0.01242,0.01701
0.03472,0.17056,0.19488,0.02227,0.03791,0.01391,0.02179,0.02335,0.05916,0.01822,0.01938,0.15582,0.12609,0.01555,0.01407,0.01483,0.01669,0.01616,0.01010,0.01453
0.03911,0.13804,0.15811,0.02562,0.04387,0.01537,0.02192,0.02703,0.06445,0.02083,0.02198,0.16848,0.13431,0.01880,0.01662,0.01676,0.01891,0.02238,0.01119,0.01622
0.04522,0.12377,0.13666,0.03133,0.04676,0.01843,0.02881,0.03312,0.06795,0.02606,0.02714,0.14267,0.11978,0.02459,0.01980,0.02093,0.02341,0.02682,0.01601,0.02077
0.04000,0.12083,0.12532,0.02553,0.04063,0.01655,0.02517,0.03001,0.06352,0.02362,0.02437,0.17671,0.15047,0.02167,0.01924,0.02121,0.02013,0.02428,0.01418,0.01655
0.03405,0.13116,0.12768,0.02359,0.03869,0.01521,0.02229,0.02619,0.05899,0.02030,0.02171,0.19825,0.16741,0.02018,0.01350,0.01537,0.01797,0.01870,0.01302,0.01574
0.04225,0.15546,0.17015,0.02894,0.04575,0.01832,0.02652,0.03311,0.07265,0.02448,0.02026,0.12507,0.11104,0.01845,0.01679,0.01955,0.01933,0.02272,0.01202,0.01716
0.03982,0.17247,0.18172,0.02788,0.04741,0.01513,0.02518,0.03070,0.07260,0.02204,0.02320,0.11711,0.09137,0.02183,0.01791,0.01782,0.01890,0.02449,0.01435,0.01807
0.03859,0.12556,0.13815,0.02437,0.04176,0.01618,0.02481,0.02956,0.06615,0.02212,0.02490,0.17111,0.13236,0.02324,0.02100,0.01954,0.02134,0.02690,0.01244,0.01992
0.04281,0.11829,0.13921,0.02786,0.04421,0.01844,0.02413,0.03072,0.06773,0.02278,0.02439,0.16609,0.14491,0.02025,0.01706,0.02006,0.01912,0.02146,0.01278,0.01770
0.04555,0.12526,0.14271,0.03110,0.05069,0.01835,0.02933,0.03304,0.07021,0.02430,0.02695,0.14119,0.11991,0.02106,0.01961,0.02189,0.02172,0.02394,0.01421,0.01898
0.03357,0.18679,0.22334,0.02456,0.03748,0.01383,0.02189,0.02620,0.05707,0.01816,0.02273,0.11577,0.09167,0.02059,0.01851,0.01765,0.01840,0.02139,0.01217,0.01824
0.03238,0.14102,0.15087,0.02113,0.03585,0.01359,0.01946,0.02303,0.05622,0.01750,0.01593,0.19719,0.17875,0.01530,0.01299,0.01363,0.01644,0.01668,0.00997,0.01206
0.04388,0.12832,0.13536,0.02975,0.04819,0.01869,0.02771,0.03219,0.06751,0.02429,0.02055,0.14261,0.14518,0.02182,0.01783,0.01881,0.02196,0.02235,0.01502,0.01796
0.03798,0.15784,0.18050,0.02115,0.03855,0.01414,0.02138,0.02518,0.06308,0.01688,0.01644,0.15621,0.15190,0.01500,0.01404,0.01503,0.01580,0.01601,0.01034,0.01257
0.04115,0.12563,0.13645,0.02688,0.04399,0.01713,0.02397,0.02969,0.06506,0.02205,0.02510,0.16774,0.14446,0.02070,0.01848,0.01800,0.02094,0.02166,0.01339,0.01753
0.04059,0.13738,0.14326,0.02728,0.04674,0.01841,0.02585,0.03218,0.06595,0.02459,0.02581,0.13638,0.12826,0.02403,0.02013,0.02039,0.02186,0.02484,0.01503,0.02104
0.04418,0.15739,0.17796,0.02182,0.03912,0.01346,0.02121,0.02716,0.06731,0.01925,0.01553,0.16413,0.14242,0.01429,0.01192,0.01328,0.01348,0.01568,0.00882,0.01158
0.04959,0.13588,0.15027,0.02911,0.05187,0.01758,0.02916,0.03165,0.07366,0.02375,0.02236,0.13630,0.12217,0.02034,0.01692,0.01933,0.01853,0.02107,0.01310,0.01739
0.04315,0.14945,0.15235,0.02589,0.04514,0.01864,0.02519,0.03162,0.07139,0.02320,0.02026,0.13935,0.13361,0.01907,0.01573,0.01687,0.01768,0.01962,0.01442,0.01739
0.04030,0.12014,0.13166,0.02764,0.04036,0.01609,0.02288,0.02952,0.06286,0.01991,0.02216,0.17682,0.16243,0.01962,0.01733,0.01736,0.02193,0.02082,0.01268,0.01748
0.04248,0.10611,0.11026,0.02795,0.03994,0.01716,0.02405,0.03135,0.05995,0.02207,0.02270,0.18986,0.17457,0.02115,0.01699,0.01903,0.02053,0.02181,0.01368,0.01837
0.04226,0.13636,0.13814,0.02962,0.04312,0.01802,0.02582,0.02649,0.06498,0.02249,0.02189,0.15606,0.14766,0.01956,0.01692,0.01810,0.02068,0.01997,0.01371,0.01817
0.04492,0.15265,0.16207,0.03089,0.04747,0.02031,0.02753,0.03358,0.06996,0.02531,0.02365,0.11398,0.10244,0.02228,0.02018,0.02214,0.02066,0.02618,0.01528,0.01850
0.03625,0.16506,0.16173,0.02246,0.04293,0.01523,0.02102,0.02582,0.06241,0.01890,0.02115,0.17153,0.12454,0.01836,0.01447,0.01501,0.01725,0.01926,0.01145,0.01517
0.03627,0.08909,0.09435,0.02366,0.03556,0.01597,0.02367,0.02763,0.05392,0.01934,0.02058,0.24945,0.19587,0.01960,0.01490,0.01782,0.01694,0.01879,0.01131,0.01528
0.04007,0.11814,0.11525,0.02818,0.04209,0.01700,0.02417,0.03007,0.05977,0.02223,0.02214,0.18137,0.17359,0.02002,0.01775,0.01879,0.01919,0.02110,0.01253,0.01656
0.04000,0.11542,0.12198,0.02326,0.04215,0.01547,0.02370,0.02880,0.06754,0.02220,0.01932,0.19413,0.15972,0.02030,0.01773,0.01841,0.01914,0.02091,0.01308,0.01673
