0.04365,0.13980,0.14814,0.03014,0.04927,0.01602,0.02753,0.03359,0.07117,0.02623,0.02377,0.13619,0.11943,0.02169,0.01638,0.02073,0.02079,0.02099,0.01353,0.02093
0.03886,0.13131,0.14025,0.02695,0.04240,0.01600,0.02458,0.02998,0.06477,0.02115,0.02350,0.16057,0.14690,0.02172,0.01839,0.01866,0.02025,0.02300,0.01384,0.01694
0.03806,0.17445,0.18958,0.02524,0.04323,0.01539,0.02183,0.02690,0.06713,0.01887,0.01976,0.12732,0.11290,0.01852,0.01688,0.01747,0.01701,0.02049,0.01287,0.01611
0.04543,0.10671,0.10956,0.03025,0.04327,0.01764,0.02739,0.03507,0.06444,0.02961,0.02404,0.16907,0.15251,0.02283,0.02016,0.02097,0.02408,0.02370,0.01338,0.01992
0.04012,0.15553,0.16759,0.02699,0.04282,0.01538,0.02395,0.02809,0.06845,0.02154,0.01932,0.14022,0.12893,0.02082,0.01473,0.01637,0.01813,0.02102,0.01360,0.01640
0.04705,0.12668,0.13220,0.02758,0.04617,0.01867,0.02641,0.03352,0.06391,0.02646,0.02598,0.14868,0.13626,0.02360,0.01794,0.01980,0.02214,0.02322,0.01432,0.01941
0.04335,0.11180,0.11822,0.03327,0.04621,0.01752,0.02754,0.03019,0.06419,0.02425,0.02410,0.16361,0.14508,0.02438,0.01840,0.02248,0.02289,0.02494,0.01724,0.02034
0.04098,0.21460,0.22471,0.02486,0.04284,0.01482,0.02251,0.02639,0.07723,0.01932,0.01736,0.09108,0.08115,0.01773,0.01406,0.01360,0.01521,0.01753,0.00988,0.01414
0.04684,0.12805,0.13630,0.03331,0.04836,0.02098,0.02828,0.03777,0.06760,0.02397,0.02460,0.13242,0.11574,0.02321,0.02106,0.02346,0.02351,0.02663,0.01655,0.02135
0.04738,0.13067,0.14243,0.03128,0.04728,0.01960,0.02733,0.03700,0.07315,0.02482,0.02210,0.13847,0.12902,0.01932,0.01498,0.01896,0.01913,0.02371,0.01475,0.01863
0.04149,0.11800,0.12580,0.02631,0.04372,0.01627,0.02376,0.02922,0.06701,0.02418,0.02439,0.17017,0.16015,0.02137,0.01719,0.01909,0.01785,0.02157,0.01452,0.01792
0.04328,0.14293,0.15167,0.02835,0.04692,0.01734,0.02482,0.02820,0.06830,0.02405,0.02242,0.13977,0.12313,0.02282,0.01889,0.01934,0.02157,0.02351,0.01327,0.01942
0.03184,0.12473,0.13630,0.01819,0.03295,0.01347,0.01877,0.02227,0.05312,0.01629,0.01827,0.21405,0.20014,0.01610,0.01471,0.01364,0.01439,0.01725,0.01052,0.01300
0.04221,0.14057,0.15114,0.03058,0.04415,0.01902,0.03027,0.03111,0.07044,0.02445,0.02356,0.13019,0.11514,0.02008,0.02165,0.02025,0.02237,0.02727,0.01557,0.01999
0.04577,0.15643,0.16786,0.03097,0.04765,0.01679,0.02773,0.03544,0.07773,0.02453,0.02281,0.11063,0.09950,0.02215,0.01939,0.01825,0.01966,0.02364,0.01449,0.01857
0.04496,0.11443,0.12007,0.02737,0.04468,0.01634,0.02727,0.03561,0.06848,0.02276,0.02836,0.16201,0.14814,0.02278,0.01898,0.01947,0.02098,0.02463,0.01325,0.01941
0.04948,0.10815,0.10410,0.03012,0.04688,0.01735,0.02941,0.03620,0.07312,0.02483,0.02945,0.15662,0.14062,0.02463,0.02190,0.02210,0.02266,0.02513,0.01709,0.02015
0.05496,0.09168,0.09368,0.04124,0.04878,0.02449,0.03456,0.04554,0.07190,0.03225,0.02874,0.13196,0.11926,0.02595,0.02598,0.02561,0.02790,0.03352,0.01871,0.02328
0.04014,0.15289,0.16285,0.02410,0.03886,0.01442,0.02126,0.02635,0.06835,0.02289,0.02013,0.15333,0.13455,0.01986,0.01839,0.01702,0.01976,0.01806,0.01309,0.01370
0.04407,0.14128,0.14600,0.02936,0.04676,0.01853,0.02696,0.03237,0.06915,0.02500,0.02225,0.14226,0.12785,0.01874,0.01685,0.01620,0.02093,0.02196,0.01435,0.01912
0.04316,0.11935,0.12062,0.02899,0.04549,0.01947,0.02857,0.03205,0.06514,0.02465,0.02147,0.16067,0.14748,0.02288,0.01940,0.02107,0.02181,0.02366,0.01388,0.02017
0.04026,0.09898,0.10663,0.02598,0.03783,0.01696,0.02496,0.03062,0.05677,0.02231,0.02330,0.19770,0.18746,0.02096,0.01670,0.01906,0.02259,0.02203,0.01189,0.01702
0.04893,0.16616,0.17402,0.03042,0.05373,0.01833,0.02945,0.03441,0.08057,0.02621,0.02337,0.09598,0.08147,0.02065,0.01869,0.02039,0.02060,0.02259,0.01611,0.01791
0.04264,0.13314,0.14372,0.02786,0.04472,0.01912,0.02672,0.03172,0.06547,0.02306,0.02242,0.15112,0.13153,0.02344,0.01815,0.01910,0.02083,0.02192,0.01390,0.01943
0.05151,0.13215,0.14402,0.03573,0.05495,0.02147,0.03498,0.03599,0.07822,0.02822,0.02948,0.10501,0.08984,0.02336,0.02276,0.02532,0.02129,0.02708,0.01689,0.02173
0.04660,0.18003,0.18782,0.03109,0.04682,0.01979,0.02584,0.03053,0.07293,0.02366,0.02138,0.09487,0.08340,0.02024,0.01939,0.01801,0.02053,0.02388,0.01474,0.01846
0.04218,0.11033,0.11593,0.02794,0.04731,0.02177,0.02559,0.03073,0.06301,0.02544,0.02725,0.15610,0.14101,0.02712,0.02091,0.02462,0.02366,0.02867,0.01789,0.02252
0.04528,0.12019,0.13275,0.02717,0.04516,0.01955,0.02372,0.03218,0.06546,0.02388,0.02359,0.15791,0.14330,0.02066,0.01985,0.02127,0.02143,0.02264,0.01416,0.01987
0.03502,0.18181,0.19890,0.02305,0.04470,0.01489,0.02138,0.02619,0.06957,0.02063,0.02001,0.12117,0.10424,0.01813,0.01721,0.01658,0.01797,0.02062,0.01188,0.01605
0.04951,0.13494,0.14440,0.03188,0.05115,0.02153,0.03033,0.03455,0.07101,0.02815,0.02496,0.11988,0.10289,0.02231,0.02040,0.02350,0.02512,0.02563,0.01550,0.02235
0.03614,0.11785,0.13079,0.02507,0.03595,0.01600,0.02230,0.02699,0.05698,0.02064,0.02461,0.18662,0.17484,0.01904,0.01503,0.01862,0.02122,0.02176,0.01397,0.01556
0.03591,0.14703,0.16477,0.02444,0.04432,0.01767,0.02528,0.03077,0.06597,0.01971,0.02413,0.14062,0.12770,0.02211,0.01639,0.01882,0.01895,0.02364,0.01353,0.01825
0.04030,0.13482,0.14593,0.03113,0.04698,0.01888,0.02958,0.03492,0.06939,0.02715,0.02338,0.13911,0.12500,0.02176,0.01665,0.01963,0.01892,0.02399,0.01396,0.01851
0.05335,0.10839,0.10755,0.03741,0.05580,0.02185,0.03168,0.03955,0.07540,0.02973,0.02605,0.12312,0.11684,0.02897,0.02245,0.02142,0.02599,0.02968,0.02087,0.02391
0.04054,0.16970,0.17994,0.02864,0.04354,0.01772,0.02712,0.02776,0.07100,0.02405,0.02094,0.12026,0.11019,0.01824,0.01672,0.01718,0.01731,0.01999,0.01212,0.01703
0.04742,0.13666,0.14572,0.03229,0.04694,0.01592,0.02609,0.03574,0.07588,0.02461,0.02607,0.12692,0.11049,0.02162,0.02097,0.01940,0.02452,0.02586,0.01670,0.02019
0.03997,0.10959,0.11698,0.02713,0.04021,0.01665,0.02566,0.03086,0.05936,0.02421,0.02531,0.18041,0.15978,0.02342,0.01885,0.01893,0.02324,0.02595,0.01583,0.01766
0.04032,0.10580,0.10924,0.03136,0.04226,0.02122,0.02753,0.03357,0.06620,0.02549,0.03207,0.15768,0.13303,0.02900,0.02333,0.02394,0.02538,0.03097,0.01747,0.02413
0.04437,0.13249,0.14192,0.03000,0.05019,0.01971,0.02958,0.03794,0.07402,0.02639,0.02733,0.12815,0.11145,0.02328,0.01879,0.02112,0.02289,0.02471,0.01504,0.02062
0.04827,0.10079,0.10651,0.03581,0.05207,0.02324,0.03124,0.03854,0.07317,0.03240,0.02684,0.13694,0.11883,0.02814,0.02156,0.02467,0.02583,0.02814,0.01979,0.02720
0.04935,0.11871,0.12257,0.03735,0.05416,0.02059,0.03200,0.03957,0.07384,0.03160,0.02637,0.12697,0.11666,0.02470,0.01994,0.02110,0.02137,0.02559,0.01656,0.02101
0.04266,0.18975,0.20104,0.02897,0.04883,0.01591,0.02618,0.03157,0.07629,0.02390,0.02497,0.08954,0.07279,0.02226,0.01964,0.01790,0.01841,0.01848,0.01336,0.01755
0.06002,0.12455,0.12294,0.03445,0.05967,0.02066,0.03284,0.03862,0.08253,0.02702,0.02357,0.12283,0.11133,0.02281,0.01916,0.01781,0.02018,0.02542,0.01413,0.01946
0.04754,0.11960,0.12330,0.02948,0.04720,0.01867,0.02794,0.03358,0.06708,0.02405,0.02380,0.16212,0.14273,0.02342,0.01827,0.01910,0.02151,0.02248,0.01141,0.01674
0.03917,0.13175,0.13803,0.02308,0.04087,0.01448,0.01973,0.02899,0.06381,0.02102,0.02154,0.17582,0.16376,0.02065,0.01471,0.01644,0.01832,0.02039,0.01318,0.01426
0.04361,0.12651,0.13372,0.03033,0.04617,0.01877,0.02751,0.03106,0.06651,0.02497,0.02096,0.15752,0.14122,0.02000,0.01708,0.01996,0.02049,0.02369,0.01318,0.01673
0.04414,0.16029,0.17780,0.02577,0.04411,0.01692,0.02388,0.03042,0.07060,0.02398,0.02237,0.12442,0.10651,0.02036,0.01768,0.01749,0.01990,0.02343,0.01312,0.01680
0.04101,0.16712,0.18816,0.02657,0.04456,0.01632,0.02310,0.03077,0.07532,0.02267,0.02035,0.11387,0.10138,0.02177,0.01524,0.01811,0.01968,0.02296,0.01374,0.01728
0.03815,0.10686,0.12272,0.02533,0.03869,0.01652,0.02396,0.02831,0.05645,0.02284,0.02171,0.18948,0.17576,0.02086,0.01783,0.01961,0.02042,0.02121,0.01516,0.01812
0.04451,0.17142,0.18427,0.02725,0.04781,0.01511,0.02234,0.02771,0.07140,0.02153,0.02182,0.12387,0.10780,0.01920,0.01608,0.01569,0.01633,0.01947,0.01189,0.01450
0.04697,0.11656,0.11316,0.02739,0.04946,0.01980,0.02597,0.03543,0.06490,0.02434,0.02183,0.16775,0.15344,0.02172,0.01836,0.01884,0.01958,0.02279,0.01296,0.01873
0.03971,0.10483,0.11062,0.02434,0.04096,0.01573,0.02541,0.02927,0.05838,0.02277,0.02422,0.18865,0.17891,0.02041,0.01958,0.01834,0.02077,0.02388,0.01530,0.01792
0.04928,0.13985,0.15253,0.03398,0.05308,0.02140,0.02831,0.03431,0.07985,0.02649,0.02484,0.11146,0.09828,0.02347,0.01879,0.02117,0.01965,0.02603,0.01664,0.02059
0.04675,0.10624,0.10988,0.03564,0.05313,0.02174,0.03260,0.03694,0.06632,0.03226,0.03368,0.12842,0.10852,0.02992,0.02672,0.02766,0.02652,0.03323,0.01785,0.02597
0.04620,0.10609,0.10785,0.03153,0.04518,0.01868,0.02785,0.03173,0.06651,0.02265,0.02566,0.17161,0.15344,0.02065,0.02105,0.01974,0.02470,0.02577,0.01385,0.01924
0.03243,0.13352,0.14001,0.02198,0.03812,0.01356,0.01869,0.02297,0.05632,0.01812,0.01833,0.19161,0.18012,0.01732,0.01552,0.01521,0.01719,0.02164,0.01072,0.01663
0.04355,0.11168,0.12262,0.02632,0.04421,0.01780,0.02290,0.02927,0.06263,0.02144,0.02263,0.18288,0.16808,0.02079,0.01807,0.01666,0.01953,0.02055,0.01219,0.01621
0.03795,0.14924,0.16113,0.02586,0.04202,0.01503,0.02346,0.02627,0.06141,0.02092,0.02269,0.15277,0.13993,0.01994,0.01501,0.01844,0.01769,0.02079,0.01233,0.01711
0.03949,0.10744,0.11748,0.02475,0.04107,0.01517,0.02436,0.02802,0.05990,0.02131,0.01920,0.19429,0.18225,0.01982,0.01529,0.01864,0.02056,0.02121,0.01289,0.01686
0.04924,0.14928,0.16312,0.03449,0.05255,0.02259,0.03007,0.03514,0.07445,0.02626,0.02634,0.09807,0.08217,0.02340,0.02083,0.02297,0.02239,0.02765,0.01798,0.02103
0.03940,0.14861,0.16289,0.02328,0.04220,0.01768,0.02254,0.02663,0.06492,0.02228,0.01959,0.15234,0.13369,0.01993,0.01662,0.01753,0.01990,0.02101,0.01317,0.01578
0.04913,0.14459,0.15612,0.03579,0.05432,0.01928,0.03079,0.03737,0.08101,0.02524,0.02462,0.10972,0.09404,0.02153,0.01906,0.02002,0.02187,0.02342,0.01423,0.01784
0.04701,0.13206,0.13964,0.03130,0.04773,0.01912,0.02855,0.03567,0.07382,0.02858,0.02438,0.12881,0.11134,0.02447,0.02131,0.02350,0.02285,0.02443,0.01600,0.01941
0.05676,0.12026,0.11762,0.03357,0.05548,0.02240,0.02918,0.03509,0.07899,0.02789,0.02736,0.13099,0.11309,0.02569,0.02104,0.02217,0.02248,0.02349,0.01555,0.02089
0.04931,0.16209,0.17176,0.03221,0.05374,0.01845,0.02636,0.03188,0.07802,0.02492,0.02320,0.10611,0.09410,0.02031,0.01723,0.01957,0.01812,0.02200,0.01346,0.01718
0.05236,0.12655,0.14024,0.03794,0.05380,0.02282,0.03325,0.03948,0.07828,0.02861,0.03247,0.10333,0.08198,0.02801,0.02396,0.02517,0.02410,0.02945,0.01665,0.02156
0.04764,0.14171,0.14466,0.03350,0.04917,0.02097,0.03148,0.03467,0.06825,0.02856,0.02271,0.12862,0.11996,0.01903,0.01748,0.01655,0.02023,0.02390,0.01409,0.01683
0.04592,0.10721,0.10665,0.03342,0.04687,0.02018,0.02996,0.03107,0.06564,0.02708,0.02741,0.16033,0.13899,0.02832,0.02146,0.02129,0.02393,0.02693,0.01745,0.01989
0.05643,0.14407,0.14711,0.03759,0.05568,0.02406,0.03043,0.03783,0.08407,0.02908,0.02451,0.09874,0.08200,0.02524,0.02207,0.02152,0.02112,0.02400,0.01469,0.01975
0.03863,0.13456,0.14834,0.02622,0.04042,0.01426,0.02095,0.02786,0.06213,0.01894,0.02205,0.16953,0.15777,0.01852,0.01587,0.01653,0.01944,0.02018,0.01238,0.01545
0.04820,0.13262,0.14816,0.03337,0.04696,0.01902,0.02748,0.03581,0.07146,0.02733,0.02092,0.13237,0.12049,0.02067,0.01646,0.02103,0.02123,0.02376,0.01412,0.01851
0.04565,0.16532,0.17534,0.02650,0.04738,0.01546,0.02488,0.03080,0.07502,0.02136,0.02306,0.11565,0.10378,0.02059,0.01762,0.01821,0.02038,0.02211,0.01341,0.01747
0.03615,0.12803,0.14047,0.02507,0.04189,0.01579,0.02283,0.02751,0.06386,0.02096,0.02076,0.17350,0.16574,0.01738,0.01645,0.01757,0.01982,0.01866,0.01271,0.01486
0.03990,0.12603,0.13540,0.02682,0.04531,0.01820,0.02378,0.03141,0.06414,0.02454,0.02232,0.16658,0.15132,0.01980,0.01758,0.01671,0.02027,0.01991,0.01263,0.01734
0.04375,0.11795,0.11742,0.02789,0.04508,0.01550,0.02680,0.03226,0.06423,0.02262,0.02337,0.17426,0.15634,0.02165,0.01918,0.01828,0.02050,0.02210,0.01290,0.01793
0.04362,0.16156,0.17795,0.02815,0.04207,0.01606,0.02636,0.02937,0.07278,0.02196,0.02124,0.12420,0.10895,0.02133,0.01639,0.01744,0.01987,0.02127,0.01207,0.01735
0.04434,0.09561,0.10490,0.03019,0.04576,0.01785,0.02652,0.03528,0.06473,0.02502,0.03116,0.16180,0.14122,0.02901,0.02263,0.02406,0.02472,0.03252,0.01862,0.02406
0.04397,0.13955,0.14956,0.03023,0.04598,0.01723,0.02553,0.03095,0.06953,0.02210,0.02178,0.14147,0.13220,0.02109,0.01627,0.01704,0.02219,0.02218,0.01433,0.01682
0.04479,0.09950,0.10142,0.02870,0.04417,0.01743,0.02644,0.03403,0.06464,0.02353,0.02102,0.18877,0.17526,0.01859,0.01729,0.01985,0.02247,0.02137,0.01276,0.01796
0.03837,0.12320,0.13560,0.02619,0.04198,0.01564,0.02506,0.03060,0.06783,0.02043,0.02366,0.17465,0.15980,0.01847,0.01499,0.01692,0.01754,0.02089,0.01249,0.01569
0.04314,0.11139,0.10630,0.03448,0.04696,0.01641,0.02894,0.03132,0.06714,0.02608,0.02360,0.17016,0.15636,0.01986,0.01836,0.02014,0.02176,0.02448,0.01380,0.01934
0.04311,0.11081,0.11792,0.02923,0.04403,0.01719,0.02640,0.03001,0.06481,0.02318,0.02551,0.17332,0.15570,0.02246,0.01945,0.01943,0.02177,0.02343,0.01326,0.01899
0.04328,0.08619,0.09275,0.02740,0.04133,0.01783,0.02695,0.03140,0.06011,0.02385,0.02251,0.19725,0.18599,0.02329,0.02064,0.02009,0.02358,0.02329,0.01390,0.01837
0.04322,0.12960,0.13729,0.03076,0.05055,0.01969,0.02913,0.03232,0.07458,0.02560,0.02421,0.13461,0.11957,0.02391,0.01869,0.02037,0.02274,0.02592,0.01582,0.02139
0.04315,0.15729,0.17033,0.02439,0.04956,0.01838,0.02468,0.03107,0.07041,0.02424,0.02288,0.12122,0.10891,0.02258,0.01839,0.01887,0.01884,0.02203,0.01551,0.01728
0.05237,0.11435,0.12382,0.03317,0.05698,0.02358,0.03372,0.03974,0.07608,0.02998,0.02670,0.12040,0.10767,0.02663,0.02155,0.02469,0.02345,0.02578,0.01645,0.02289
0.03660,0.11527,0.12376,0.02153,0.03880,0.01457,0.01988,0.02491,0.05672,0.02073,0.02053,0.20375,0.18938,0.01604,0.01399,0.01766,0.01860,0.01966,0.01137,0.01624
0.04454,0.13444,0.14717,0.03070,0.04945,0.01824,0.02776,0.03631,0.07652,0.02602,0.02360,0.12710,0.11718,0.02384,0.01952,0.01969,0.02134,0.02190,0.01522,0.01946
0.03879,0.16379,0.18400,0.02652,0.04451,0.01651,0.02270,0.02834,0.06938,0.02376,0.02337,0.12535,0.10905,0.02167,0.01668,0.01737,0.01858,0.02155,0.01173,0.01636
0.04143,0.20070,0.21617,0.02645,0.04540,0.01579,0.02433,0.02698,0.07203,0.01936,0.02190,0.09265,0.07747,0.01846,0.01814,0.01566,0.01820,0.02039,0.01323,0.01527
0.02885,0.16185,0.17416,0.01938,0.03424,0.01252,0.01884,0.02025,0.05827,0.01787,0.02094,0.16667,0.15434,0.01869,0.01444,0.01466,0.01817,0.02002,0.01122,0.01461
0.05445,0.12471,0.12347,0.03408,0.05038,0.02242,0.03113,0.03789,0.07433,0.02882,0.02413,0.12998,0.11766,0.02447,0.01985,0.02110,0.02210,0.02575,0.01366,0.01962
0.04771,0.12199,0.12726,0.02704,0.05383,0.01936,0.02772,0.03478,0.07357,0.02301,0.02653,0.14813,0.13080,0.02409,0.02198,0.01947,0.02013,0.02350,0.01226,0.01684
0.04835,0.14568,0.15809,0.03333,0.05313,0.02174,0.02949,0.03619,0.07962,0.02885,0.02834,0.09938,0.08239,0.02675,0.02145,0.02261,0.02222,0.02437,0.01709,0.02093
0.04610,0.10366,0.10999,0.02951,0.04314,0.01766,0.02565,0.03242,0.06700,0.02471,0.02345,0.17252,0.16541,0.02343,0.01648,0.01893,0.02175,0.02388,0.01448,0.01984
0.04284,0.11504,0.12651,0.02910,0.04282,0.01868,0.02458,0.02946,0.06532,0.02331,0.02348,0.16231,0.15416,0.02489,0.01797,0.02026,0.02032,0.02453,0.01510,0.01932
0.05117,0.11798,0.12129,0.03300,0.05627,0.01991,0.02787,0.03691,0.07817,0.02732,0.02579,0.13955,0.12344,0.02107,0.01970,0.02048,0.02292,0.02353,0.01398,0.01966
0.04421,0.10914,0.11796,0.03068,0.04472,0.01459,0.02780,0.03249,0.06778,0.02309,0.02407,0.17194,0.15660,0.02184,0.01805,0.01929,0.02139,0.02396,0.01257,0.01781
0.04498,0.16489,0.17332,0.02974,0.05257,0.01766,0.02805,0.03390,0.07183,0.02280,0.02067,0.11279,0.10404,0.02009,0.01778,0.01666,0.01709,0.02086,0.01351,0.01676
0.05480,0.12807,0.14287,0.03797,0.05465,0.02214,0.03444,0.04020,0.07800,0.03257,0.02650,0.10311,0.08787,0.02583,0.02181,0.02000,0.02436,0.02587,0.01788,0.02106
0.05052,0.13893,0.13897,0.03433,0.05163,0.01987,0.03420,0.03999,0.07787,0.03155,0.02895,0.10157,0.08948,0.02591,0.02050,0.02290,0.02693,0.02482,0.01909,0.02197
0.04439,0.15105,0.15428,0.03123,0.04450,0.01724,0.02710,0.03046,0.07046,0.02293,0.02217,0.13473,0.11933,0.02211,0.01721,0.01677,0.01818,0.02334,0.01520,0.01733
0.04459,0.11749,0.13066,0.02936,0.04222,0.01866,0.02887,0.03008,0.06311,0.02507,0.02590,0.15705,0.14254,0.02332,0.01923,0.02128,0.02272,0.02364,0.01399,0.02021
0.04118,0.09882,0.10613,0.02892,0.04648,0.01873,0.02594,0.03235,0.06025,0.02325,0.02603,0.17820,0.16334,0.02243,0.02165,0.02050,0.02443,0.02514,0.01587,0.02034
0.03817,0.14327,0.15450,0.02390,0.03883,0.01323,0.02102,0.02759,0.06387,0.02017,0.02123,0.17247,0.15439,0.01645,0.01480,0.01470,0.01687,0.01791,0.01221,0.01441
0.05132,0.13881,0.14317,0.03291,0.05063,0.02010,0.03204,0.03272,0.07775,0.02906,0.02257,0.11934,0.10812,0.02266,0.01844,0.01852,0.02192,0.02471,0.01544,0.01978
0.04177,0.12775,0.13442,0.02815,0.04778,0.01623,0.02267,0.02972,0.06577,0.02121,0.02130,0.16897,0.15395,0.01941,0.01517,0.01784,0.01855,0.02171,0.01096,0.01665
0.04853,0.13979,0.14712,0.02976,0.04863,0.01706,0.02691,0.03168,0.07129,0.02428,0.02398,0.13341,0.11669,0.02320,0.01810,0.02104,0.02105,0.02457,0.01428,0.01864
0.04363,0.13581,0.14655,0.03257,0.04739,0.01951,0.02933,0.03343,0.06970,0.02390,0.02817,0.13331,0.11305,0.02551,0.01955,0.01996,0.02091,0.02363,0.01371,0.02037
0.04242,0.10910,0.11226,0.02655,0.04194,0.01923,0.02823,0.03046,0.06176,0.02237,0.02217,0.18153,0.16548,0.02232,0.02066,0.01908,0.02112,0.02229,0.01327,0.01777
0.04659,0.14526,0.15434,0.03528,0.05032,0.02034,0.02698,0.03541,0.07900,0.02361,0.02175,0.12323,0.10293,0.02147,0.01873,0.01887,0.02114,0.02286,0.01372,0.01817
0.03858,0.10711,0.11273,0.02534,0.03782,0.01676,0.02437,0.02844,0.06106,0.02182,0.02341,0.19564,0.17236,0.01871,0.01694,0.01997,0.02310,0.02368,0.01366,0.01848
0.03747,0.14298,0.15949,0.02508,0.03978,0.01592,0.02466,0.02671,0.06508,0.02402,0.02170,0.15573,0.14315,0.01882,0.01461,0.01603,0.01834,0.02154,0.01307,0.01584
0.04630,0.12835,0.13662,0.03125,0.04782,0.01898,0.02642,0.03450,0.06861,0.02662,0.02993,0.13225,0.11207,0.02506,0.02397,0.02512,0.02244,0.02698,0.01528,0.02140
0.04471,0.15095,0.16271,0.03182,0.05235,0.01999,0.02818,0.03717,0.07659,0.02851,0.02779,0.10458,0.08332,0.02560,0.02098,0.02265,0.02037,0.02489,0.01459,0.02226
0.04742,0.14228,0.15758,0.02977,0.04659,0.02016,0.02799,0.03189,0.07409,0.02273,0.02341,0.12889,0.11369,0.01951,0.02183,0.01923,0.01988,0.02341,0.01265,0.01700
0.05096,0.10998,0.11011,0.03351,0.05435,0.02092,0.02812,0.03844,0.07442,0.02998,0.02732,0.14389,0.12520,0.02463,0.02073,0.02087,0.02261,0.02767,0.01533,0.02097
0.04584,0.12864,0.13775,0.03102,0.04890,0.02051,0.02861,0.03554,0.06563,0.02527,0.02392,0.13804,0.12553,0.02237,0.02024,0.01926,0.02096,0.02602,0.01492,0.02105
0.06198,0.14579,0.15785,0.04094,0.06146,0.02488,0.03305,0.04071,0.09542,0.03244,0.02330,0.07173,0.05920,0.02314,0.01781,0.02408,0.02392,0.02516,0.01750,0.01964
0.05038,0.13578,0.14328,0.03511,0.05396,0.01965,0.03071,0.03810,0.07547,0.02699,0.02443,0.11804,0.10282,0.02474,0.01748,0.02224,0.01933,0.02599,0.01374,0.02176
0.04145,0.13015,0.14175,0.02758,0.04228,0.01934,0.02664,0.03085,0.06439,0.02240,0.02449,0.14951,0.13260,0.02497,0.01931,0.01983,0.02209,0.02499,0.01554,0.01984
0.04329,0.14874,0.15727,0.03326,0.04647,0.01723,0.02877,0.03213,0.07009,0.02348,0.02265,0.13144,0.11250,0.02131,0.01798,0.01738,0.02074,0.02267,0.01465,0.01796
0.05091,0.12388,0.12475,0.03382,0.05402,0.02478,0.03279,0.03841,0.07564,0.02859,0.02507,0.12121,0.10717,0.02772,0.02235,0.02237,0.02317,0.02423,0.01669,0.02243
0.04364,0.14727,0.15327,0.02972,0.04770,0.01586,0.02686,0.03345,0.06673,0.02368,0.01918,0.14013,0.12764,0.02131,0.01669,0.01826,0.01866,0.02029,0.01198,0.01768
0.04242,0.10016,0.10136,0.02560,0.04044,0.01703,0.02409,0.03183,0.06098,0.02170,0.02382,0.19907,0.18194,0.01987,0.01721,0.01995,0.02105,0.02190,0.01231,0.01727
0.04454,0.08887,0.09435,0.02921,0.04740,0.02197,0.02686,0.03310,0.06293,0.02266,0.03251,0.16549,0.14742,0.03046,0.02522,0.02656,0.02739,0.03058,0.01861,0.02386
0.04717,0.14461,0.15735,0.03515,0.05524,0.02384,0.03249,0.03720,0.08052,0.03127,0.02555,0.09779,0.08323,0.02375,0.01924,0.02198,0.02211,0.02631,0.01610,0.01910
0.04871,0.13434,0.14571,0.03465,0.05397,0.01984,0.03203,0.03400,0.07553,0.02512,0.02432,0.12333,0.10816,0.02353,0.01782,0.02087,0.02166,0.02220,0.01279,0.02142
0.04047,0.15075,0.16994,0.02911,0.04298,0.01830,0.02646,0.03055,0.06798,0.02507,0.02187,0.12165,0.10627,0.02232,0.01924,0.02148,0.02325,0.02378,0.01684,0.02168
0.04457,0.17308,0.17510,0.02925,0.04812,0.01750,0.02516,0.02841,0.07216,0.02318,0.02187,0.11393,0.10053,0.02045,0.01561,0.01684,0.01899,0.02447,0.01250,0.01830
0.04230,0.10834,0.11170,0.03020,0.04480,0.01851,0.02695,0.03253,0.06177,0.02441,0.02984,0.16549,0.14087,0.02511,0.02325,0.02200,0.02528,0.02728,0.01714,0.02221
0.04523,0.16351,0.17577,0.02893,0.05119,0.01691,0.02499,0.03178,0.07659,0.02502,0.01852,0.11970,0.10684,0.01684,0.01572,0.01688,0.01771,0.01887,0.01278,0.01621
0.04131,0.14608,0.15811,0.03103,0.04473,0.01812,0.02448,0.03139,0.07210,0.02459,0.02668,0.13121,0.11377,0.02179,0.01894,0.01874,0.02079,0.02372,0.01377,0.01868
0.05208,0.12109,0.12781,0.03383,0.05321,0.01972,0.03168,0.03806,0.07809,0.03098,0.02699,0.12478,0.11199,0.02433,0.01954,0.02152,0.02212,0.02640,0.01519,0.02059
0.04203,0.11074,0.11954,0.02808,0.04293,0.01713,0.02791,0.03121,0.06267,0.02578,0.02473,0.16914,0.15414,0.02492,0.01991,0.02052,0.01995,0.02428,0.01611,0.01829
0.03944,0.12540,0.13313,0.02970,0.04374,0.01584,0.02499,0.03021,0.06350,0.02170,0.02561,0.16316,0.14148,0.02374,0.01939,0.02221,0.02015,0.02475,0.01445,0.01741
0.04616,0.14632,0.15151,0.02788,0.04680,0.01728,0.03078,0.03406,0.07504,0.02536,0.02258,0.12676,0.11576,0.02153,0.01705,0.01974,0.02072,0.02116,0.01570,0.01781
0.03974,0.14730,0.16102,0.02910,0.04669,0.01819,0.02603,0.03028,0.06851,0.02423,0.02391,0.12788,0.11393,0.02263,0.02035,0.01904,0.01981,0.02692,0.01622,0.01821
0.04065,0.13335,0.14782,0.03147,0.04765,0.01874,0.02856,0.03287,0.06996,0.02595,0.02303,0.14375,0.12769,0.01901,0.01731,0.01987,0.01954,0.02113,0.01399,0.01765
0.04435,0.11061,0.12122,0.03293,0.04643,0.02108,0.03146,0.03582,0.06919,0.03009,0.02411,0.14413,0.13351,0.02480,0.02091,0.02242,0.02293,0.02552,0.01777,0.02072
0.04375,0.12369,0.13484,0.02999,0.04816,0.01819,0.02709,0.03151,0.06363,0.02389,0.02573,0.14709,0.13554,0.02507,0.01940,0.02109,0.02105,0.02452,0.01635,0.01944
0.04974,0.12056,0.12988,0.03389,0.05285,0.02044,0.02994,0.03716,0.07824,0.02753,0.02817,0.12712,0.11433,0.02553,0.01884,0.02040,0.02220,0.02532,0.01700,0.02085
0.04716,0.11348,0.11613,0.03451,0.04818,0.02052,0.02990,0.03504,0.06790,0.02677,0.02892,0.13671,0.12292,0.02695,0.02568,0.02509,0.02484,0.02773,0.01755,0.02403
0.03660,0.11341,0.12496,0.02178,0.03590,0.01590,0.02217,0.02778,0.05267,0.01998,0.02131,0.19544,0.18758,0.02113,0.01500,0.01964,0.01947,0.02189,0.01128,0.01611
0.05161,0.12773,0.12204,0.03488,0.05493,0.02430,0.03302,0.03745,0.07616,0.02781,0.03057,0.11147,0.09157,0.02552,0.02499,0.02469,0.02817,0.03097,0.01874,0.02340
0.03931,0.11687,0.12728,0.02478,0.04008,0.01450,0.02232,0.02624,0.06058,0.01937,0.01984,0.19387,0.17604,0.01948,0.01624,0.01620,0.01924,0.02099,0.01215,0.01464
0.04619,0.08342,0.09409,0.03133,0.04253,0.01897,0.02894,0.03511,0.06964,0.02528,0.02999,0.17899,0.15921,0.02567,0.01910,0.02317,0.02596,0.02748,0.01474,0.02019
0.04214,0.16208,0.17673,0.03009,0.04599,0.01652,0.02683,0.02702,0.07399,0.02252,0.02157,0.12454,0.10961,0.02204,0.01639,0.01623,0.01690,0.01950,0.01292,0.01639
0.04674,0.16468,0.17459,0.03153,0.05136,0.01772,0.02800,0.02989,0.07654,0.02175,0.02220,0.11772,0.09930,0.01947,0.01708,0.01617,0.01869,0.02001,0.01156,0.01499
0.03635,0.15612,0.17135,0.02421,0.03993,0.01529,0.02249,0.02920,0.06598,0.02095,0.02014,0.14344,0.13470,0.01812,0.01539,0.01578,0.02078,0.02130,0.01233,0.01616
0.04208,0.15256,0.16511,0.02808,0.04861,0.01731,0.02804,0.03391,0.07076,0.02304,0.02472,0.12716,0.10887,0.02117,0.01800,0.01730,0.01895,0.01967,0.01586,0.01880
0.03148,0.09806,0.10572,0.02195,0.03527,0.01566,0.02125,0.02581,0.05482,0.02115,0.02049,0.22291,0.20685,0.01898,0.01514,0.01675,0.01902,0.02021,0.01401,0.01447
0.04159,0.12016,0.11788,0.02749,0.04461,0.01869,0.02635,0.03234,0.06538,0.02280,0.02237,0.17576,0.15836,0.01754,0.01704,0.01895,0.01909,0.02278,0.01305,0.01779
0.04153,0.14488,0.14995,0.02748,0.04669,0.01559,0.02539,0.02977,0.06361,0.02023,0.02236,0.14614,0.13871,0.01810,0.01704,0.01778,0.02075,0.02162,0.01539,0.01699
0.03651,0.10345,0.11250,0.02173,0.03554,0.01361,0.02035,0.02348,0.05199,0.01857,0.02096,0.21874,0.20562,0.01836,0.01451,0.01604,0.01952,0.01937,0.01327,0.01589
0.04601,0.11960,0.13319,0.03101,0.04637,0.02006,0.03075,0.03385,0.07038,0.02293,0.02847,0.14296,0.12540,0.02404,0.02042,0.01990,0.02190,0.02536,0.01629,0.02110
0.04370,0.13124,0.14451,0.02808,0.04630,0.01914,0.02841,0.02950,0.06967,0.02101,0.02592,0.14188,0.12324,0.02480,0.01900,0.02000,0.02227,0.02621,0.01441,0.02070
0.04036,0.14387,0.16254,0.02849,0.04094,0.01630,0.02533,0.02984,0.06831,0.02196,0.02140,0.14138,0.13117,0.01928,0.01799,0.01995,0.01877,0.02181,0.01163,0.01866
0.04358,0.12567,0.13668,0.02733,0.04402,0.01825,0.02617,0.02995,0.06536,0.02272,0.02568,0.15499,0.14074,0.02105,0.01791,0.01821,0.02378,0.02444,0.01520,0.01826
0.03432,0.15002,0.16787,0.02203,0.03788,0.01636,0.01890,0.02490,0.06587,0.01854,0.01938,0.16063,0.15135,0.01842,0.01428,0.01511,0.01678,0.02087,0.01141,0.01509
0.05080,0.13147,0.14225,0.03236,0.04997,0.02085,0.02757,0.03605,0.07589,0.02661,0.02625,0.12478,0.10796,0.02243,0.02011,0.02006,0.02280,0.02360,0.01670,0.02151
0.04880,0.17812,0.18628,0.03104,0.05292,0.01819,0.03001,0.03048,0.07230,0.02692,0.02060,0.09883,0.08779,0.01903,0.01668,0.01565,0.01756,0.01916,0.01350,0.01615
0.03972,0.15909,0.17306,0.02965,0.04342,0.01675,0.02606,0.02962,0.07382,0.02395,0.02389,0.11816,0.10640,0.02151,0.01942,0.01800,0.02158,0.02306,0.01502,0.01783
0.04789,0.12205,0.12877,0.03385,0.04403,0.02206,0.03027,0.03512,0.07327,0.02702,0.02557,0.13962,0.11866,0.02304,0.02266,0.02113,0.02475,0.02414,0.01492,0.02115
0.04786,0.11472,0.11655,0.03470,0.05252,0.02171,0.02923,0.03643,0.07298,0.02924,0.03005,0.13536,0.12017,0.02489,0.02077,0.02493,0.02518,0.02569,0.01623,0.02080
0.04539,0.14342,0.15848,0.03366,0.04948,0.02069,0.02837,0.03291,0.07175,0.02766,0.02762,0.11337,0.09652,0.02391,0.01994,0.02275,0.02016,0.02481,0.01669,0.02241
0.04880,0.12804,0.13533,0.03106,0.05288,0.01774,0.03227,0.03482,0.07464,0.02813,0.02359,0.13092,0.11385,0.02407,0.02052,0.02313,0.02350,0.02325,0.01318,0.02027
0.04606,0.16433,0.16427,0.03186,0.05081,0.01796,0.02955,0.03161,0.07069,0.02781,0.02279,0.11057,0.09630,0.02208,0.01796,0.01883,0.02114,0.02355,0.01403,0.01780
0.05162,0.14237,0.14818,0.04056,0.05334,0.01876,0.02993,0.03693,0.09036,0.02630,0.02669,0.10261,0.08843,0.02265,0.01907,0.02190,0.01927,0.02474,0.01786,0.01842
0.03753,0.16274,0.17613,0.02467,0.04106,0.01419,0.02266,0.02653,0.06693,0.02023,0.01963,0.14042,0.12634,0.01947,0.01677,0.01795,0.01723,0.02064,0.01182,0.01706
0.04507,0.12875,0.13339,0.03081,0.04862,0.01947,0.02773,0.03052,0.07062,0.02550,0.02758,0.14669,0.12204,0.02254,0.01922,0.02133,0.02168,0.02376,0.01519,0.01949
0.05254,0.12777,0.13856,0.03798,0.05222,0.02406,0.03604,0.04063,0.07300,0.02999,0.02995,0.10055,0.08400,0.02718,0.02359,0.02506,0.02550,0.02827,0.01932,0.02381
0.04895,0.14712,0.16194,0.03135,0.04832,0.01844,0.03147,0.03620,0.07431,0.02673,0.02385,0.11353,0.09657,0.02124,0.02254,0.01973,0.02121,0.02353,0.01469,0.01828
0.03819,0.14513,0.16608,0.02832,0.04079,0.01760,0.02703,0.02824,0.06953,0.02389,0.02278,0.13403,0.11855,0.02179,0.01869,0.02092,0.02148,0.02300,0.01528,0.01868
0.04972,0.09501,0.09873,0.03433,0.05180,0.02261,0.03088,0.03860,0.06962,0.02837,0.03066,0.15307,0.13947,0.02524,0.02140,0.02157,0.02358,0.02635,0.01690,0.02207
0.05023,0.14790,0.15131,0.03101,0.05334,0.01852,0.03020,0.03349,0.07936,0.02724,0.02272,0.11588,0.10348,0.02153,0.01847,0.01932,0.01984,0.01991,0.01522,0.02105
0.03637,0.15757,0.16488,0.02712,0.04318,0.01716,0.02598,0.02974,0.06512,0.02569,0.02820,0.12285,0.10617,0.02361,0.01835,0.02112,0.02342,0.02827,0.01572,0.01948
0.04670,0.12653,0.13832,0.03039,0.04744,0.01805,0.02604,0.03228,0.06965,0.02347,0.02503,0.14674,0.13150,0.02233,0.01762,0.01885,0.02176,0.02375,0.01511,0.01844
0.04003,0.13381,0.14042,0.02686,0.04228,0.01567,0.02620,0.03275,0.06712,0.02072,0.02284,0.15029,0.13416,0.02529,0.01937,0.02021,0.02184,0.02701,0.01496,0.01818
0.04264,0.16028,0.17214,0.02782,0.04809,0.01567,0.02626,0.03117,0.07108,0.02115,0.02528,0.12026,0.10294,0.02286,0.01917,0.02100,0.02058,0.02053,0.01264,0.01844
0.04868,0.10798,0.10954,0.03267,0.05113,0.02113,0.03118,0.03616,0.07724,0.02430,0.02321,0.16055,0.14776,0.01974,0.01701,0.01686,0.01968,0.02146,0.01436,0.01936
0.04637,0.12884,0.14071,0.03298,0.04689,0.01993,0.02986,0.03589,0.06811,0.02691,0.02895,0.12416,0.10611,0.02423,0.02256,0.02574,0.02315,0.02736,0.01701,0.02423
0.03867,0.11792,0.12306,0.02495,0.03729,0.01721,0.02341,0.02873,0.05578,0.02262,0.02357,0.19055,0.17181,0.01971,0.01501,0.01903,0.01907,0.02254,0.01224,0.01682
0.04810,0.12273,0.12689,0.03415,0.04821,0.01909,0.02996,0.03458,0.06577,0.02424,0.02646,0.14225,0.12510,0.02494,0.01887,0.02412,0.02224,0.02566,0.01586,0.02079
0.03845,0.13797,0.14660,0.02545,0.04280,0.01736,0.02309,0.02591,0.06595,0.02044,0.02304,0.15461,0.14280,0.02278,0.01896,0.02081,0.02032,0.02319,0.01236,0.01709
0.04455,0.16981,0.18505,0.03024,0.04920,0.01665,0.02830,0.03226,0.07528,0.02576,0.02043,0.10262,0.08599,0.01946,0.01801,0.01960,0.02181,0.02214,0.01364,0.01918
0.04162,0.15077,0.15585,0.02936,0.04661,0.01710,0.02667,0.02839,0.06633,0.02240,0.02416,0.13515,0.11666,0.02668,0.01933,0.01879,0.02204,0.02234,0.01256,0.01718
0.04125,0.14865,0.15737,0.02701,0.04517,0.01896,0.02571,0.02881,0.07103,0.02156,0.02218,0.14666,0.12994,0.01896,0.01664,0.01578,0.01746,0.01998,0.01133,0.01553
0.04320,0.15185,0.16444,0.02854,0.04553,0.01646,0.02735,0.02929,0.07218,0.01975,0.01990,0.13815,0.12589,0.01926,0.01579,0.01701,0.01853,0.01909,0.01192,0.01585
0.04802,0.17169,0.17749,0.03237,0.05460,0.01942,0.02663,0.03473,0.08644,0.02283,0.02288,0.09413,0.07783,0.02271,0.01850,0.01862,0.01844,0.02272,0.01182,0.01814
0.04316,0.11991,0.12194,0.03069,0.04440,0.01798,0.02671,0.03214,0.06182,0.02334,0.02492,0.16377,0.14163,0.02132,0.01982,0.02111,0.02181,0.02616,0.01539,0.02199
0.04420,0.12392,0.13169,0.02890,0.04652,0.01773,0.02852,0.03314,0.07139,0.02728,0.02562,0.14320,0.13200,0.02215,0.01800,0.02172,0.02406,0.02722,0.01398,0.01876
0.04630,0.14437,0.15651,0.03191,0.04870,0.01808,0.02768,0.03073,0.07071,0.02669,0.02449,0.12779,0.11176,0.02127,0.01882,0.02138,0.02061,0.02105,0.01379,0.01735
0.04667,0.16425,0.17325,0.02953,0.05099,0.01881,0.02885,0.03358,0.07224,0.02516,0.02807,0.09657,0.07991,0.02529,0.01907,0.02253,0.02312,0.02481,0.01737,0.01991
0.04145,0.12302,0.12800,0.03022,0.04317,0.01925,0.02821,0.03163,0.06718,0.02174,0.02527,0.16096,0.15055,0.01976,0.01605,0.01817,0.02284,0.02263,0.01277,0.01712
0.04451,0.15807,0.16984,0.02786,0.04819,0.01931,0.02890,0.03414,0.07292,0.02442,0.02220,0.11637,0.10503,0.02022,0.01805,0.01860,0.01937,0.01979,0.01514,0.01706
0.03593,0.13515,0.14565,0.02280,0.03806,0.01227,0.01854,0.02274,0.05748,0.01690,0.01876,0.19119,0.17363,0.01867,0.01427,0.01628,0.01772,0.01803,0.01228,0.01365
0.04510,0.14042,0.14737,0.03096,0.04186,0.02083,0.03062,0.03530,0.06957,0.02764,0.02478,0.12494,0.11084,0.02393,0.02190,0.02091,0.02264,0.02369,0.01607,0.02061
0.03909,0.11256,0.12137,0.02523,0.03915,0.01764,0.02349,0.02754,0.05851,0.02107,0.02128,0.19307,0.18122,0.01882,0.01479,0.01781,0.01900,0.02051,0.01218,0.01569
0.05107,0.13529,0.14317,0.03415,0.05211,0.02085,0.02782,0.03653,0.08432,0.02927,0.02705,0.10592,0.09301,0.02730,0.02028,0.02354,0.02278,0.02733,0.01573,0.02251
0.04484,0.11607,0.12877,0.02991,0.04787,0.01796,0.02838,0.03213,0.06436,0.02408,0.02457,0.15782,0.14042,0.02290,0.01950,0.01882,0.02178,0.02230,0.01625,0.02125
0.04823,0.12857,0.13979,0.03108,0.04949,0.01669,0.02598,0.03247,0.07456,0.02472,0.02273,0.14926,0.13140,0.02107,0.01631,0.01729,0.01992,0.02021,0.01225,0.01798
0.04175,0.11446,0.12999,0.02591,0.04400,0.01943,0.02864,0.03313,0.06640,0.02325,0.02633,0.15321,0.14069,0.02241,0.02028,0.02321,0.02293,0.02681,0.01635,0.02083
0.03877,0.11576,0.11711,0.02553,0.03869,0.01592,0.02315,0.02776,0.05974,0.02328,0.02274,0.19039,0.17462,0.02155,0.01604,0.01857,0.02022,0.02235,0.01195,0.01585
0.04139,0.14166,0.15652,0.02767,0.04696,0.01753,0.02598,0.03092,0.06808,0.02223,0.02503,0.13559,0.11593,0.02165,0.02136,0.02070,0.02376,0.02297,0.01379,0.02027
0.04626,0.11903,0.12152,0.02646,0.04934,0.01716,0.02608,0.03226,0.06919,0.02296,0.02215,0.16843,0.14529,0.02261,0.01950,0.01970,0.02005,0.02331,0.01203,0.01667
0.04053,0.12341,0.12887,0.02664,0.04061,0.01660,0.02290,0.02911,0.05841,0.02140,0.02542,0.17456,0.16325,0.02042,0.01630,0.01796,0.01967,0.02332,0.01350,0.01714
0.03147,0.14984,0.16229,0.02145,0.03930,0.01538,0.02073,0.02620,0.06058,0.01993,0.02138,0.16621,0.15350,0.01822,0.01466,0.01597,0.01795,0.01904,0.01143,0.01447
0.04368,0.14751,0.16247,0.03338,0.04915,0.01998,0.02634,0.03203,0.07006,0.02435,0.02183,0.12282,0.10811,0.02074,0.01770,0.02128,0.02164,0.02327,0.01408,0.01957
0.04624,0.13853,0.14863,0.02978,0.04821,0.01791,0.02722,0.03518,0.07351,0.02476,0.02523,0.13319,0.11590,0.02060,0.01859,0.01970,0.02139,0.02296,0.01420,0.01826
0.04751,0.11393,0.11588,0.03096,0.04947,0.01886,0.02886,0.03394,0.07324,0.02811,0.02575,0.14939,0.13235,0.02271,0.02105,0.02111,0.02358,0.02471,0.01697,0.02162
0.03531,0.15102,0.15728,0.01914,0.03818,0.01360,0.01842,0.02422,0.06215,0.01773,0.01927,0.17554,0.16368,0.01606,0.01383,0.01556,0.01688,0.01592,0.01115,0.01506
0.04007,0.10185,0.10564,0.03110,0.04492,0.01815,0.02367,0.03344,0.06247,0.02223,0.02350,0.17875,0.17180,0.02299,0.01643,0.02068,0.02416,0.02310,0.01574,0.01931
0.04186,0.10941,0.11400,0.02891,0.04408,0.01796,0.02497,0.02958,0.06352,0.02287,0.02887,0.17265,0.15644,0.02309,0.02020,0.02126,0.02155,0.02480,0.01459,0.01939
0.04163,0.11248,0.12050,0.02681,0.04635,0.01896,0.02659,0.03050,0.06148,0.02279,0.02475,0.16825,0.15109,0.02554,0.01876,0.02058,0.02197,0.02401,0.01714,0.01982
0.04209,0.11252,0.12045,0.03021,0.04554,0.01697,0.02754,0.03465,0.06306,0.02380,0.02844,0.15359,0.12884,0.02910,0.02371,0.02604,0.02411,0.02752,0.01692,0.02488
0.04906,0.12185,0.12905,0.03671,0.05130,0.02178,0.03351,0.03581,0.07544,0.02769,0.02574,0.13053,0.11864,0.02384,0.01802,0.02124,0.01967,0.02449,0.01544,0.02017
0.04456,0.15366,0.16226,0.03166,0.05156,0.01874,0.02705,0.03340,0.07479,0.02739,0.02383,0.11716,0.10030,0.01973,0.01911,0.01784,0.01917,0.02349,0.01421,0.02010
0.04347,0.13253,0.14151,0.03058,0.04839,0.01910,0.02749,0.03318,0.06662,0.02368,0.02224,0.14583,0.13212,0.02127,0.01686,0.01816,0.01969,0.02340,0.01543,0.01845
0.04063,0.12015,0.13223,0.02928,0.04260,0.01941,0.02453,0.03099,0.06545,0.02562,0.02267,0.15846,0.14741,0.02291,0.01995,0.02043,0.01977,0.02340,0.01410,0.02003
0.04609,0.10402,0.11199,0.03468,0.05178,0.02346,0.03476,0.03915,0.06923,0.02885,0.03072,0.13526,0.11519,0.02850,0.02282,0.02528,0.02592,0.03000,0.01764,0.02466
0.03734,0.10183,0.11782,0.02593,0.03845,0.01731,0.02376,0.02722,0.05918,0.02205,0.02246,0.19144,0.18131,0.02172,0.01914,0.01852,0.01963,0.02343,0.01468,0.01678
0.04367,0.10650,0.11344,0.03097,0.04533,0.02011,0.03091,0.03521,0.06531,0.02672,0.02617,0.16063,0.14443,0.02429,0.01900,0.01972,0.02427,0.02540,0.01599,0.02192
0.05453,0.14548,0.14776,0.03674,0.05362,0.02520,0.03328,0.04082,0.07955,0.02853,0.02564,0.09228,0.07544,0.02620,0.02099,0.02476,0.02417,0.02773,0.01527,0.02202
0.05009,0.14086,0.14451,0.03421,0.05012,0.01973,0.03104,0.03360,0.07772,0.02819,0.02626,0.11973,0.10474,0.02310,0.01975,0.02161,0.01993,0.02108,0.01539,0.01834
0.05032,0.12226,0.12203,0.03147,0.05061,0.01950,0.03201,0.03519,0.07593,0.02665,0.02471,0.13787,0.12101,0.02384,0.02093,0.02188,0.02122,0.02780,0.01563,0.01913
0.04152,0.15618,0.17028,0.02292,0.04213,0.01619,0.02144,0.02759,0.06620,0.02144,0.02009,0.14451,0.12894,0.01802,0.01706,0.01725,0.01795,0.02171,0.01293,0.01565
0.04573,0.12316,0.13334,0.03122,0.04887,0.01945,0.03044,0.03579,0.07367,0.02536,0.02397,0.14270,0.12625,0.02057,0.01991,0.02202,0.02033,0.02398,0.01378,0.01946
0.05555,0.15004,0.16677,0.03474,0.05740,0.02353,0.03112,0.03707,0.07791,0.03033,0.02777,0.08671,0.07119,0.02513,0.02006,0.02102,0.02003,0.02603,0.01798,0.01963
0.04541,0.09236,0.09583,0.03084,0.04473,0.01729,0.02366,0.03062,0.06147,0.02279,0.02944,0.18316,0.17073,0.02525,0.01945,0.02328,0.02306,0.02519,0.01509,0.02034
0.04592,0.12003,0.13182,0.03380,0.04814,0.02115,0.03142,0.03408,0.07064,0.02898,0.02623,0.12826,0.11589,0.02484,0.02083,0.02270,0.02535,0.02781,0.01931,0.02280
0.04419,0.10308,0.11208,0.03022,0.04304,0.01793,0.02418,0.02931,0.06430,0.02294,0.02469,0.17086,0.15555,0.02582,0.02117,0.02365,0.02232,0.02928,0.01529,0.02008
0.05521,0.12829,0.12926,0.03578,0.05778,0.02238,0.03143,0.03848,0.08080,0.02901,0.02672,0.11653,0.10193,0.02230,0.02058,0.01913,0.02231,0.02670,0.01485,0.02054
0.04912,0.12483,0.13199,0.03868,0.05365,0.02280,0.03234,0.03824,0.07501,0.03257,0.02796,0.11323,0.10425,0.02620,0.02063,0.02267,0.02399,0.02514,0.01545,0.02124
0.04504,0.17616,0.18366,0.03032,0.04382,0.01639,0.02776,0.03131,0.07580,0.02461,0.02213,0.10697,0.09166,0.02134,0.01708,0.01619,0.01878,0.02020,0.01336,0.01742
0.04491,0.14361,0.15070,0.02994,0.04698,0.01951,0.02663,0.03415,0.07142,0.02490,0.02580,0.12174,0.10511,0.02506,0.02119,0.02233,0.02325,0.02593,0.01536,0.02146
0.04546,0.14439,0.15596,0.02865,0.04665,0.02111,0.02743,0.03332,0.07708,0.02510,0.02305,0.12317,0.11161,0.02049,0.01834,0.02135,0.02096,0.02417,0.01378,0.01793
0.03751,0.13011,0.13650,0.02708,0.03964,0.01718,0.02451,0.02923,0.06108,0.02274,0.02026,0.16987,0.16042,0.01832,0.01643,0.01952,0.01892,0.02050,0.01507,0.01509
0.04168,0.10844,0.11680,0.02830,0.04527,0.01630,0.02684,0.02921,0.06459,0.02323,0.02757,0.17215,0.15911,0.02284,0.01896,0.01893,0.02209,0.02338,0.01506,0.01925
0.04478,0.11626,0.12339,0.03331,0.04601,0.02233,0.02807,0.03488,0.06956,0.02525,0.02361,0.15172,0.13542,0.02401,0.01969,0.02008,0.02277,0.02484,0.01601,0.01802
0.04651,0.11921,0.12909,0.03108,0.05012,0.02103,0.03322,0.04014,0.07274,0.02778,0.02578,0.13588,0.12041,0.02323,0.02122,0.02172,0.02321,0.02425,0.01460,0.01877
0.04175,0.13573,0.13700,0.02810,0.04541,0.01637,0.02423,0.02941,0.06597,0.02280,0.02451,0.15863,0.14106,0.01889,0.01805,0.01746,0.02120,0.02235,0.01417,0.01691
0.03181,0.10847,0.11725,0.02362,0.02878,0.01385,0.01973,0.02529,0.05005,0.01766,0.02239,0.21224,0.20304,0.02113,0.01698,0.01817,0.02092,0.01911,0.01316,0.01635
0.04764,0.12336,0.13567,0.03358,0.04756,0.01907,0.02931,0.03572,0.07221,0.02719,0.02111,0.13844,0.12500,0.02301,0.01767,0.02026,0.02344,0.02464,0.01572,0.01940
0.04423,0.16030,0.17486,0.02916,0.04923,0.01701,0.02830,0.02929,0.07566,0.02189,0.02325,0.11402,0.09705,0.02261,0.01780,0.02022,0.01965,0.02441,0.01362,0.01742
0.04346,0.13992,0.14196,0.02483,0.04798,0.01700,0.02381,0.02887,0.06938,0.02057,0.02202,0.15544,0.14055,0.02312,0.01929,0.01631,0.01905,0.01951,0.01108,0.01587
0.04969,0.10335,0.11045,0.03280,0.04962,0.01776,0.02989,0.03583,0.07554,0.02573,0.03066,0.14484,0.12811,0.02729,0.02083,0.02284,0.02642,0.02843,0.01669,0.02323
0.04379,0.13187,0.13998,0.03092,0.04803,0.02216,0.02883,0.03502,0.06923,0.02624,0.02917,0.12564,0.11114,0.02347,0.01993,0.02304,0.02401,0.02665,0.01773,0.02313
0.04205,0.11552,0.12902,0.02945,0.04561,0.01810,0.03001,0.03097,0.06397,0.02448,0.02366,0.16903,0.14688,0.02103,0.01788,0.01830,0.02026,0.02261,0.01416,0.01701
0.04939,0.11111,0.10972,0.03323,0.04898,0.02302,0.02828,0.03544,0.07088,0.02729,0.03006,0.13892,0.12067,0.02546,0.02504,0.02405,0.02565,0.03180,0.01683,0.02419
