0.11446,0.21014,0.12649,0.01245,0.13552,0.09574,0.11842,0.00000,0.18124,0.00556
0.09365,0.08077,0.04513,0.01550,0.13294,0.02828,0.47312,0.00000,0.10454,0.02606
0.03332,0.06014,0.21085,0.05511,0.11837,0.01152,0.12150,0.00000,0.19685,0.19235
0.08411,0.22002,0.02927,0.03039,0.19101,0.00318,0.17165,0.00000,0.14041,0.12996
0.11983,0.19262,0.18337,0.18204,0.10425,0.01272,0.06991,0.00000,0.09870,0.03655
0.16704,0.01753,0.13568,0.13296,0.01071,0.00226,0.25201,0.00000,0.22979,0.05202
0.15636,0.01025,0.23425,0.01861,0.09383,0.00020,0.13734,0.00018,0.11513,0.23383
0.08885,0.12986,0.19767,0.00852,0.23907,0.00368,0.12067,0.00000,0.11955,0.09212
0.04336,0.04146,0.25371,0.05027,0.06329,0.00001,0.27130,0.00035,0.26595,0.01028
0.04235,0.22369,0.21089,0.02237,0.18741,0.00219,0.10634,0.00000,0.20351,0.00127
0.01634,0.12102,0.15788,0.00893,0.08862,0.03553,0.39346,0.00000,0.14086,0.03737
0.07854,0.03796,0.22617,0.02929,0.22860,0.00001,0.29992,0.02129,0.01921,0.05901
0.17356,0.26521,0.04561,0.27045,0.06547,0.02366,0.12191,0.00000,0.01412,0.02000
0.03917,0.12193,0.11337,0.04157,0.12541,0.01800,0.18890,0.00000,0.31079,0.04086
0.03569,0.15867,0.23490,0.04302,0.20615,0.00915,0.06752,0.00000,0.20761,0.03730
0.03551,0.14684,0.09514,0.01472,0.15422,0.01003,0.18953,0.00005,0.26314,0.09083
0.02337,0.26372,0.03471,0.03420,0.07020,0.00800,0.25675,0.00000,0.24727,0.06178
0.07739,0.08964,0.23454,0.00129,0.08907,0.00000,0.15372,0.00000,0.28031,0.07405
0.01016,0.07208,0.25190,0.19380,0.05844,0.00185,0.11787,0.00166,0.21295,0.07929
0.03995,0.24279,0.06430,0.14863,0.01321,0.00787,0.29383,0.00000,0.02203,0.16741
0.03767,0.11801,0.02840,0.01992,0.17955,0.06379,0.22475,0.00000,0.22747,0.10044
0.01738,0.11391,0.09672,0.06605,0.10443,0.01139,0.30294,0.00000,0.17941,0.10777
0.01412,0.12566,0.07552,0.00109,0.11370,0.00015,0.32820,0.00000,0.28720,0.05436
0.07068,0.14810,0.10403,0.09867,0.06907,0.00076,0.22989,0.00000,0.24694,0.03185
0.00941,0.07642,0.20105,0.00859,0.23921,0.08628,0.15538,0.00000,0.03003,0.19362
0.01244,0.30168,0.10598,0.00743,0.09638,0.00228,0.30618,0.00000,0.09597,0.07166
0.00689,0.13504,0.15595,0.19643,0.00704,0.04377,0.26018,0.00001,0.08053,0.11415
0.02331,0.34414,0.10588,0.10874,0.11699,0.00690,0.15717,0.00000,0.09633,0.04054
0.12331,0.16611,0.12472,0.00148,0.11393,0.08067,0.23664,0.00000,0.08941,0.06373
0.06125,0.06820,0.17080,0.00214,0.00818,0.00592,0.36548,0.00000,0.03891,0.27912
0.04423,0.12804,0.07057,0.03180,0.35605,0.00000,0.21268,0.00000,0.07239,0.08424
0.00044,0.04156,0.47837,0.01446,0.01343,0.08601,0.08900,0.00000,0.15191,0.12481
0.00801,0.11677,0.22733,0.02899,0.04007,0.02710,0.44556,0.00001,0.04316,0.06301
0.01736,0.18194,0.02526,0.07074,0.06780,0.01174,0.35966,0.00000,0.23165,0.03384
0.00229,0.19388,0.02143,0.01866,0.32191,0.01851,0.22161,0.00000,0.04684,0.15487
0.10007,0.04669,0.06432,0.08783,0.22397,0.00461,0.19200,0.00041,0.25486,0.02525
0.00648,0.16420,0.33867,0.09250,0.05296,0.00230,0.01851,0.00000,0.26924,0.05512
0.19052,0.31935,0.09091,0.01220,0.01725,0.09710,0.21926,0.00000,0.01900,0.03441
0.08350,0.17913,0.12658,0.00145,0.04943,0.01091,0.17370,0.00000,0.23920,0.13611
0.07715,0.17350,0.18779,0.10205,0.00781,0.00221,0.06989,0.00000,0.25346,0.12613
0.02860,0.18915,0.10167,0.00080,0.07200,0.06049,0.27218,0.00000,0.06569,0.20942
0.05354,0.20718,0.09915,0.00080,0.07267,0.01267,0.16196,0.00000,0.32762,0.06443
0.03260,0.20229,0.09464,0.03928,0.07111,0.00058,0.22304,0.00000,0.11124,0.22522
0.00403,0.12718,0.09720,0.03390,0.12023,0.04764,0.50725,0.00000,0.00863,0.05392
0.18921,0.12724,0.06019,0.01360,0.10393,0.08519,0.26783,0.00000,0.09022,0.06260
0.00829,0.20504,0.03824,0.18089,0.03738,0.00587,0.11261,0.00000,0.38026,0.03141
0.00630,0.03420,0.10284,0.04353,0.25522,0.00112,0.21923,0.00000,0.22421,0.11335
0.01959,0.08970,0.01642,0.00018,0.07409,0.00333,0.29892,0.00000,0.34606,0.15172
0.11329,0.20532,0.08964,0.02449,0.14094,0.00410,0.13157,0.00000,0.16638,0.12428
0.09099,0.08740,0.15634,0.02264,0.17331,0.00085,0.15252,0.01544,0.22255,0.07797
0.02641,0.05054,0.11031,0.03228,0.23911,0.03891,0.10311,0.00000,0.21899,0.18033
0.02753,0.27059,0.02006,0.00294,0.08238,0.12314,0.29416,0.00000,0.15043,0.02878
0.00104,0.14173,0.16034,0.08524,0.01422,0.00004,0.23754,0.00000,0.10605,0.25379
0.00794,0.07327,0.09083,0.03544,0.20338,0.00569,0.27589,0.00000,0.28158,0.02598
0.15810,0.10397,0.18762,0.12359,0.03900,0.00045,0.15068,0.01208,0.12113,0.10339
0.02795,0.17687,0.28461,0.00939,0.17535,0.00785,0.14674,0.00004,0.08788,0.08331
0.05059,0.18498,0.17280,0.00549,0.06652,0.00518,0.32927,0.00000,0.12918,0.05600
0.08116,0.15851,0.06764,0.01117,0.19639,0.04611,0.32183,0.00000,0.02266,0.09454
0.03747,0.33067,0.07739,0.05081,0.19684,0.00290,0.07773,0.00243,0.12922,0.09454
0.01695,0.13866,0.12487,0.00045,0.11091,0.15231,0.39583,0.00000,0.01743,0.04260
0.07228,0.03335,0.41429,0.00484,0.14126,0.00067,0.11910,0.00000,0.02819,0.18601
0.03975,0.23730,0.02697,0.05134,0.14188,0.00331,0.33183,0.00224,0.05602,0.10935
0.17562,0.13738,0.22223,0.06814,0.02114,0.03957,0.13138,0.00000,0.02482,0.17971
0.00146,0.42806,0.08590,0.00288,0.15949,0.00117,0.10711,0.00000,0.15218,0.06173
0.05705,0.20888,0.11302,0.03798,0.22880,0.00314,0.16290,0.00000,0.18720,0.00102
0.12923,0.02657,0.15171,0.00321,0.30585,0.00006,0.19449,0.00000,0.05277,0.13612
0.06553,0.05288,0.11766,0.02648,0.12181,0.12003,0.34801,0.00020,0.08153,0.06587
0.00063,0.28857,0.10872,0.07567,0.05459,0.01191,0.20206,0.00000,0.17555,0.08231
0.03361,0.18726,0.05420,0.05901,0.04822,0.01125,0.36098,0.00011,0.09918,0.14617
0.01414,0.16643,0.19619,0.01032,0.15218,0.02420,0.12015,0.00000,0.18029,0.13609
0.03129,0.37298,0.10554,0.08381,0.09331,0.00042,0.11773,0.00000,0.15991,0.03501
0.17915,0.15101,0.09671,0.00461,0.24189,0.00327,0.12877,0.09499,0.01628,0.08332
0.01193,0.18323,0.24355,0.02268,0.14870,0.00141,0.16125,0.00000,0.11899,0.10826
0.02369,0.27005,0.07145,0.04129,0.01702,0.00212,0.35021,0.00000,0.13733,0.08684
0.09411,0.03400,0.02826,0.20942,0.11407,0.00570,0.20830,0.00000,0.19340,0.11275
0.00012,0.06793,0.09824,0.04272,0.26014,0.04596,0.36210,0.00000,0.05751,0.06530
0.00118,0.42383,0.12314,0.00142,0.03457,0.00031,0.14688,0.00000,0.10060,0.16807
0.05312,0.42484,0.07511,0.00301,0.07386,0.00523,0.09407,0.00000,0.19137,0.07940
0.00430,0.12830,0.11179,0.06009,0.15036,0.00001,0.15374,0.00212,0.20079,0.18849
0.00454,0.04455,0.19628,0.04547,0.18401,0.00125,0.11978,0.00000,0.34893,0.05519
0.12295,0.11782,0.03207,0.04867,0.15391,0.01691,0.15779,0.00000,0.20407,0.14580
0.00549,0.19972,0.04530,0.00908,0.14088,0.04786,0.12076,0.00000,0.07489,0.35601
0.05913,0.29674,0.06208,0.09706,0.12318,0.01567,0.10292,0.00000,0.06811,0.17510
0.09755,0.27856,0.05526,0.00572,0.12513,0.00766,0.20208,0.00021,0.21667,0.01115
0.00239,0.29751,0.06523,0.00364,0.37895,0.00417,0.14787,0.00000,0.07153,0.02871
0.07736,0.07925,0.11588,0.03892,0.14442,0.06456,0.09687,0.00000,0.32895,0.05379
0.00906,0.09397,0.08023,0.06512,0.08576,0.05863,0.15575,0.00000,0.20040,0.25109
0.01158,0.27822,0.02250,0.12244,0.06278,0.08465,0.08870,0.00000,0.11061,0.21853
0.08599,0.04228,0.33324,0.00827,0.17030,0.00593,0.15167,0.00000,0.16796,0.03437
0.11285,0.19806,0.08917,0.00726,0.31679,0.01526,0.09713,0.00000,0.13122,0.03225
0.10548,0.01949,0.10566,0.11369,0.09797,0.00159,0.25479,0.00000,0.10637,0.19497
0.02628,0.12644,0.13704,0.02573,0.17925,0.00479,0.38301,0.00000,0.07508,0.04238
0.06159,0.05563,0.03706,0.02601,0.33761,0.05088,0.28307,0.00000,0.13984,0.00832
0.20994,0.10526,0.05688,0.04928,0.04606,0.19023,0.04406,0.00000,0.11793,0.18037
0.12904,0.04741,0.16398,0.07094,0.17236,0.00770,0.04871,0.00002,0.07194,0.28791
0.01525,0.05495,0.07709,0.11609,0.11847,0.00501,0.25245,0.00000,0.33049,0.03020
0.07352,0.10604,0.11004,0.07439,0.05289,0.03295,0.35564,0.00264,0.13557,0.05631
0.07006,0.01769,0.18257,0.01961,0.16310,0.00228,0.34163,0.00008,0.16330,0.03968
0.00898,0.39896,0.04618,0.04746,0.09867,0.00004,0.11604,0.00000,0.15572,0.12796
0.00208,0.16882,0.12676,0.00011,0.14810,0.19756,0.11002,0.00000,0.16069,0.08587
0.00027,0.24798,0.16550,0.01484,0.18951,0.00078,0.21760,0.00000,0.11216,0.05137
0.01629,0.14482,0.12373,0.00179,0.04339,0.02369,0.53961,0.00000,0.04678,0.05990
0.07451,0.21357,0.03836,0.10531,0.19545,0.00422,0.24520,0.00000,0.10007,0.02331
0.02363,0.09261,0.20664,0.11707,0.19408,0.02082,0.10903,0.00034,0.13172,0.10405
0.09821,0.01927,0.20183,0.02058,0.06522,0.02664,0.23560,0.00000,0.14009,0.19257
0.11997,0.11241,0.09047,0.07880,0.05645,0.03202,0.38909,0.00000,0.08142,0.03937
0.06714,0.18798,0.06090,0.04569,0.10674,0.10189,0.23149,0.00000,0.15535,0.04281
0.05843,0.06055,0.24436,0.02642,0.12467,0.01076,0.19763,0.00000,0.09741,0.17977
0.13393,0.09039,0.22320,0.05928,0.12411,0.10940,0.06357,0.00000,0.13117,0.06497
0.07282,0.05514,0.08591,0.10153,0.22594,0.03932,0.20308,0.00000,0.17748,0.03878
0.19048,0.18078,0.11580,0.06861,0.02481,0.00640,0.16110,0.00000,0.16468,0.08733
0.04921,0.13871,0.09450,0.00148,0.02112,0.05816,0.23675,0.00692,0.28132,0.11182
0.02530,0.22537,0.01801,0.03552,0.23943,0.03848,0.19804,0.00001,0.16411,0.05572
0.03733,0.02950,0.13794,0.08187,0.05677,0.00026,0.10807,0.00000,0.28438,0.26388
0.11438,0.13575,0.11457,0.00924,0.10619,0.01333,0.24572,0.00000,0.17888,0.08193
0.01556,0.10235,0.13728,0.14672,0.35180,0.00837,0.15704,0.00000,0.05002,0.03086
0.02907,0.24152,0.04447,0.02030,0.15003,0.21494,0.19214,0.00004,0.07061,0.03688
0.01632,0.02007,0.20760,0.00395,0.13903,0.01610,0.14328,0.00000,0.36338,0.09027
0.01085,0.04937,0.27514,0.09804,0.21128,0.13505,0.13553,0.00000,0.06731,0.01744
0.05737,0.12536,0.22840,0.01466,0.08805,0.00000,0.16266,0.00000,0.18218,0.14132
0.03516,0.07758,0.09757,0.01283,0.12773,0.00430,0.25067,0.00000,0.34968,0.04447
0.05459,0.15567,0.17954,0.03101,0.15131,0.00037,0.08896,0.00009,0.23917,0.09928
0.00529,0.08106,0.25667,0.02925,0.18598,0.01740,0.18804,0.00000,0.16810,0.06822
0.00995,0.08328,0.13944,0.02036,0.07891,0.03458,0.36187,0.00000,0.19390,0.07770
0.39253,0.08300,0.08506,0.00194,0.14540,0.00815,0.14732,0.00000,0.06308,0.07352
0.00010,0.08234,0.23585,0.00941,0.22439,0.04434,0.22769,0.00000,0.09682,0.07906
0.01078,0.11286,0.15530,0.00607,0.20748,0.01761,0.11513,0.00000,0.28810,0.08667
0.23186,0.24597,0.06713,0.00915,0.07461,0.04882,0.09089,0.00000,0.04635,0.18521
0.02070,0.42802,0.20922,0.00497,0.06746,0.00156,0.02512,0.00000,0.13410,0.10885
0.02973,0.10471,0.19937,0.03180,0.26675,0.00172,0.32176,0.00000,0.02054,0.02363
0.06768,0.06788,0.18358,0.09808,0.17541,0.04603,0.09094,0.00000,0.08330,0.18711
0.03660,0.29835,0.03439,0.01425,0.08818,0.00791,0.31723,0.00000,0.04620,0.15690
0.01147,0.20902,0.11881,0.02085,0.11330,0.00943,0.22457,0.00000,0.11387,0.17867
0.03371,0.45154,0.16168,0.00280,0.06163,0.00118,0.19382,0.00000,0.02727,0.06636
0.00894,0.09460,0.08870,0.09630,0.02668,0.00082,0.40663,0.00000,0.26059,0.01675
0.09140,0.13079,0.06980,0.00336,0.19703,0.07762,0.06804,0.00000,0.20271,0.15923
0.01466,0.05501,0.05213,0.21957,0.25127,0.00382,0.27206,0.00000,0.03478,0.09669
0.02327,0.17529,0.22329,0.01420,0.15117,0.16223,0.22673,0.00000,0.01725,0.00657
0.00432,0.11278,0.16027,0.01903,0.05314,0.07618,0.25630,0.00000,0.23105,0.08692
0.10472,0.03060,0.07679,0.03709,0.03623,0.17733,0.21550,0.00000,0.13939,0.18235
0.00151,0.10556,0.09771,0.02767,0.23157,0.03373,0.24747,0.00000,0.13537,0.11940
0.05607,0.27715,0.06928,0.07728,0.03662,0.00057,0.32395,0.00022,0.13301,0.02584
0.00161,0.13222,0.03313,0.11067,0.04454,0.00990,0.23907,0.05613,0.33863,0.03412
0.02236,0.02038,0.23340,0.03795,0.23028,0.06237,0.16500,0.05769,0.05702,0.11358
0.05521,0.33327,0.09960,0.03462,0.08584,0.03287,0.11118,0.00000,0.13219,0.11522
0.01029,0.19503,0.10786,0.01469,0.08365,0.04323,0.29617,0.00000,0.16139,0.08769
0.00177,0.07831,0.22889,0.04469,0.22484,0.05638,0.11629,0.00000,0.21480,0.03401
0.00019,0.02526,0.19999,0.04149,0.06897,0.00027,0.29954,0.00000,0.33557,0.02872
0.09656,0.11987,0.12213,0.00537,0.06672,0.00002,0.41074,0.00000,0.08168,0.09690
0.00676,0.21791,0.04770,0.03308,0.20109,0.00975,0.21390,0.00000,0.19266,0.07715
0.07903,0.08365,0.32279,0.00074,0.01172,0.00358,0.23245,0.00932,0.03393,0.22280
0.02886,0.13986,0.06025,0.02841,0.03800,0.04962,0.31346,0.00000,0.12793,0.21361
0.10730,0.05707,0.13032,0.11627,0.05450,0.05769,0.17843,0.00000,0.23631,0.06212
0.09302,0.08446,0.10600,0.11144,0.08041,0.00810,0.24738,0.00024,0.14608,0.12287
0.02236,0.03689,0.04134,0.05663,0.08615,0.08439,0.25126,0.00001,0.34790,0.07308
0.11189,0.15456,0.06355,0.02441,0.09139,0.00120,0.06630,0.00000,0.37701,0.10969
0.03980,0.05006,0.12420,0.00415,0.15269,0.00503,0.51345,0.00000,0.04754,0.06310
0.02878,0.38474,0.11191,0.06919,0.12960,0.00327,0.06876,0.00000,0.08502,0.11872
0.05096,0.07797,0.02274,0.01126,0.12691,0.03002,0.20886,0.00000,0.16407,0.30721
0.00621,0.25535,0.09247,0.06100,0.12288,0.03552,0.31843,0.00000,0.05770,0.05043
0.08879,0.17971,0.07018,0.12612,0.04951,0.02315,0.24465,0.00000,0.09359,0.12429
0.10670,0.28363,0.02975,0.05532,0.04928,0.00082,0.15433,0.00000,0.26240,0.05778
0.01076,0.10138,0.23551,0.00124,0.04144,0.04248,0.14510,0.00015,0.09818,0.32377
0.02166,0.08045,0.08708,0.22922,0.28161,0.01189,0.13169,0.00001,0.08366,0.07273
0.16233,0.17859,0.12223,0.00552,0.03359,0.01845,0.31141,0.00000,0.14726,0.02063
0.11079,0.12883,0.09953,0.06320,0.07997,0.03363,0.24959,0.00000,0.10886,0.12557
0.02810,0.07139,0.08980,0.21628,0.01072,0.00018,0.30551,0.00000,0.20032,0.07769
0.24163,0.06674,0.04493,0.08042,0.19014,0.03272,0.22320,0.00000,0.04461,0.07560
0.03058,0.08405,0.00727,0.05310,0.38206,0.00203,0.16234,0.00000,0.23902,0.03956
0.19498,0.07314,0.09511,0.13329,0.20983,0.00000,0.16251,0.00000,0.08491,0.04622
0.03637,0.23826,0.15384,0.09018,0.09772,0.00010,0.11636,0.00000,0.14660,0.12057
0.01946,0.09886,0.22103,0.05466,0.12952,0.04948,0.12575,0.00000,0.13754,0.16370
0.03744,0.04481,0.07966,0.05944,0.18536,0.00518,0.30814,0.00967,0.19840,0.07190
0.03917,0.29558,0.21715,0.03332,0.23835,0.00353,0.14566,0.00044,0.02418,0.00263
0.00608,0.25676,0.23210,0.00516,0.04700,0.01838,0.08514,0.00027,0.16845,0.18066
0.06150,0.19468,0.13167,0.07665,0.06519,0.00206,0.11189,0.00374,0.09835,0.25426
0.01232,0.16428,0.05172,0.03761,0.05961,0.02105,0.40196,0.00000,0.14902,0.10243
0.07825,0.31145,0.05774,0.02820,0.00510,0.01606,0.21263,0.00000,0.15855,0.13201
0.01238,0.24020,0.02508,0.03698,0.14563,0.01466,0.41396,0.00000,0.06204,0.04908
0.00547,0.15305,0.10774,0.04354,0.05043,0.04571,0.38229,0.00000,0.06172,0.15005
0.06507,0.26533,0.03842,0.01633,0.07551,0.02329,0.25322,0.00000,0.09444,0.16839
0.10662,0.21602,0.02644,0.08403,0.15359,0.01596,0.14593,0.00000,0.12593,0.12547
0.08960,0.01928,0.12258,0.14956,0.00552,0.13743,0.27456,0.00000,0.17844,0.02303
0.07131,0.00483,0.14736,0.07678,0.12907,0.01114,0.37194,0.00000,0.06488,0.12269
0.05862,0.15170,0.10294,0.03672,0.07408,0.00113,0.15706,0.00001,0.29423,0.12351
0.03993,0.03151,0.16642,0.00107,0.13557,0.01773,0.19465,0.00000,0.14948,0.26363
0.00400,0.10195,0.02225,0.00952,0.35788,0.00098,0.33550,0.00015,0.10177,0.06602
0.11316,0.26050,0.06788,0.00760,0.10756,0.01854,0.14891,0.00000,0.06963,0.20623
0.01319,0.20024,0.24912,0.00354,0.18342,0.01125,0.10845,0.00000,0.17458,0.05620
0.03764,0.13612,0.13802,0.00236,0.18650,0.00001,0.26026,0.00000,0.05755,0.18153
0.00040,0.19159,0.18032,0.06118,0.04193,0.00111,0.19131,0.09951,0.13514,0.09752
0.07320,0.20090,0.09577,0.03718,0.12357,0.00024,0.18395,0.00000,0.21734,0.06785
0.00819,0.18390,0.20522,0.08222,0.03797,0.01259,0.29793,0.00000,0.10298,0.06900
0.00141,0.03926,0.20033,0.03924,0.32118,0.02850,0.25281,0.00000,0.10549,0.01179
0.03832,0.14263,0.07274,0.00094,0.08271,0.02593,0.27259,0.00000,0.15907,0.20508
0.04660,0.09919,0.19230,0.05565,0.11367,0.00331,0.36884,0.00000,0.08052,0.03993
0.02061,0.29351,0.11076,0.02170,0.23875,0.03605,0.12889,0.00000,0.05016,0.09956
0.08262,0.17055,0.08782,0.07611,0.03569,0.00305,0.11528,0.00000,0.29764,0.13125
0.09966,0.13422,0.12773,0.00198,0.13043,0.05110,0.06847,0.00000,0.32555,0.06088
0.03957,0.14835,0.05088,0.06316,0.10709,0.10746,0.18455,0.00000,0.03282,0.26612
0.05882,0.09474,0.19996,0.00221,0.06418,0.02188,0.09256,0.01756,0.28380,0.16429
0.01143,0.02800,0.08244,0.04435,0.09186,0.01844,0.31657,0.00000,0.05246,0.35444
0.03849,0.24259,0.03200,0.01271,0.07869,0.02071,0.34691,0.00000,0.02955,0.19835
0.03672,0.12597,0.05221,0.03818,0.23355,0.09321,0.05782,0.00000,0.08795,0.27439
0.00031,0.27503,0.24373,0.00894,0.09090,0.00258,0.15754,0.00626,0.03625,0.17847
0.02762,0.07977,0.27038,0.28977,0.03460,0.01087,0.06350,0.00000,0.17685,0.04665
0.00583,0.14590,0.11638,0.00930,0.08166,0.01779,0.36179,0.00000,0.14400,0.11734
0.00772,0.05226,0.23871,0.14237,0.23720,0.02955,0.10705,0.00000,0.17349,0.01165
0.00444,0.20579,0.10942,0.03399,0.08434,0.00015,0.40451,0.00000,0.04908,0.10828
0.04705,0.24009,0.14426,0.00275,0.08580,0.00092,0.36521,0.00948,0.03874,0.06570
0.32925,0.11640,0.19993,0.01158,0.10499,0.00621,0.14675,0.00000,0.04285,0.04204
0.06476,0.05261,0.24038,0.02143,0.01702,0.03757,0.32401,0.00000,0.16890,0.07332
0.10270,0.13681,0.13981,0.00639,0.16461,0.00048,0.20204,0.00000,0.12714,0.12002
0.01585,0.06401,0.14083,0.00203,0.18254,0.09165,0.36794,0.00000,0.10527,0.02988
0.01429,0.06642,0.08544,0.01425,0.04480,0.00329,0.18811,0.00000,0.22339,0.36001
0.16744,0.03382,0.14725,0.02726,0.03284,0.06961,0.20667,0.00000,0.09339,0.22172
0.12311,0.07323,0.15146,0.00778,0.18874,0.00229,0.21382,0.00000,0.12109,0.11848
0.04352,0.10783,0.02500,0.00418,0.23748,0.00249,0.17999,0.00000,0.17201,0.22751
0.04624,0.14755,0.23731,0.02716,0.18429,0.03109,0.17922,0.00000,0.13120,0.01594
0.14965,0.10730,0.20713,0.00156,0.24710,0.03407,0.17097,0.00000,0.05337,0.02884
0.03415,0.09843,0.02963,0.01382,0.24961,0.00208,0.27398,0.00001,0.26291,0.03537
0.10222,0.20272,0.28306,0.01223,0.06566,0.02665,0.04559,0.00000,0.15907,0.10280
0.00600,0.04117,0.09919,0.03817,0.39320,0.14278,0.16581,0.00000,0.05260,0.06109
0.14662,0.34156,0.11413,0.00842,0.04055,0.00150,0.13981,0.00000,0.09454,0.11286
0.03130,0.04346,0.20252,0.00032,0.13580,0.03764,0.05874,0.00000,0.21881,0.27142
0.03663,0.07809,0.22836,0.00105,0.10924,0.01321,0.33638,0.00000,0.12334,0.07370
0.00845,0.16689,0.33920,0.09245,0.06783,0.00813,0.17868,0.00000,0.06549,0.07288
0.02425,0.05567,0.12788,0.01571,0.26965,0.04569,0.09852,0.00001,0.31260,0.05002
0.18491,0.13581,0.00508,0.00187,0.08251,0.00884,0.38777,0.00000,0.16814,0.02508
0.19866,0.24014,0.12244,0.00058,0.05672,0.00177,0.06762,0.00000,0.19905,0.11303
0.13719,0.08028,0.06514,0.04162,0.04883,0.04702,0.40282,0.00000,0.14713,0.02996
0.00868,0.14418,0.12379,0.02943,0.07450,0.00581,0.15094,0.00000,0.07653,0.38614
0.01853,0.13837,0.04171,0.06179,0.20809,0.00049,0.24437,0.00412,0.26349,0.01904
0.03980,0.11652,0.08335,0.08446,0.36859,0.00123,0.14392,0.00000,0.01517,0.14697
0.05215,0.38857,0.09977,0.02505,0.05957,0.00594,0.08892,0.00000,0.12817,0.15185
0.00248,0.27157,0.06044,0.05545,0.00519,0.04207,0.13819,0.00684,0.00957,0.40821
0.21099,0.11908,0.15193,0.00088,0.10472,0.00126,0.16396,0.00000,0.21686,0.03032
0.00221,0.12016,0.22181,0.00481,0.05023,0.00002,0.34863,0.00000,0.19973,0.05239
0.01217,0.18687,0.32766,0.00202,0.06933,0.05841,0.27367,0.00000,0.03520,0.03465
0.02128,0.05843,0.10312,0.01006,0.16984,0.04817,0.27972,0.00000,0.20451,0.10487
0.10068,0.33659,0.14464,0.03376,0.08299,0.05057,0.15369,0.00000,0.08278,0.01431
0.19537,0.12284,0.09089,0.03148,0.07092,0.00422,0.21909,0.00000,0.18508,0.08010
0.03747,0.07868,0.11210,0.00134,0.24411,0.13273,0.16324,0.00000,0.01939,0.21094
0.05741,0.11764,0.15336,0.01503,0.03980,0.03019,0.21175,0.00000,0.14230,0.23252
0.02551,0.13037,0.27254,0.00573,0.01897,0.07271,0.31098,0.00000,0.04975,0.11345
0.04743,0.06220,0.14955,0.01433,0.05846,0.05704,0.32048,0.00198,0.09868,0.18985
0.00629,0.09766,0.13028,0.02877,0.17834,0.03255,0.30190,0.00000,0.19221,0.03201
0.00638,0.12585,0.22847,0.09887,0.14322,0.01433,0.22142,0.00000,0.08595,0.07551
0.00656,0.11688,0.05658,0.03092,0.04969,0.00185,0.55998,0.00000,0.02575,0.15178
0.03509,0.15676,0.14430,0.06702,0.20827,0.07638,0.08735,0.00003,0.08187,0.14293
0.09807,0.15318,0.12917,0.10025,0.13172,0.10974,0.06253,0.00000,0.05377,0.16157
0.08557,0.06388,0.04685,0.03288,0.16444,0.00002,0.40155,0.00000,0.12923,0.07558
0.04296,0.39816,0.05723,0.00878,0.12262,0.00814,0.19526,0.00000,0.09707,0.06977
0.04041,0.06183,0.27405,0.01747,0.06348,0.00257,0.16499,0.00000,0.12410,0.25110
0.04618,0.27634,0.30383,0.00035,0.04997,0.03871,0.22864,0.00000,0.02300,0.03298
0.09214,0.21520,0.13761,0.17900,0.03716,0.05601,0.07629,0.00001,0.16641,0.04017
0.07146,0.03832,0.04688,0.02448,0.22317,0.07620,0.14360,0.00000,0.31384,0.06205
0.13380,0.07425,0.34237,0.00036,0.09665,0.01250,0.22814,0.00000,0.02689,0.08503
0.05704,0.15186,0.12286,0.09771,0.05160,0.02380,0.03544,0.00128,0.09918,0.35923
0.04660,0.07837,0.14278,0.00491,0.22804,0.15914,0.13807,0.00000,0.13216,0.06993
0.05579,0.07904,0.20341,0.00432,0.17316,0.01417,0.16057,0.00000,0.04204,0.26752
0.10165,0.05260,0.10563,0.02405,0.45350,0.02014,0.09719,0.00000,0.12477,0.02048
0.05951,0.15731,0.02874,0.00342,0.19639,0.00468,0.32661,0.00000,0.16596,0.05737
0.04156,0.06994,0.16409,0.04431,0.13723,0.04956,0.18671,0.00000,0.14504,0.16156
0.00467,0.16195,0.08471,0.04672,0.08945,0.02008,0.19728,0.00000,0.16381,0.23135
0.18084,0.12590,0.04889,0.01396,0.01553,0.02891,0.04379,0.00107,0.39345,0.14765
0.10874,0.16661,0.11219,0.00361,0.11743,0.04729,0.10331,0.00000,0.17711,0.16371
0.00006,0.26126,0.18297,0.02425,0.11130,0.10180,0.23523,0.00000,0.02024,0.06290
0.05273,0.10435,0.08323,0.02723,0.13254,0.00014,0.18320,0.00000,0.31115,0.10542
0.00446,0.35150,0.04614,0.01792,0.20020,0.07498,0.19063,0.00000,0.04424,0.06993
0.04119,0.05831,0.28758,0.00371,0.01482,0.13592,0.12986,0.00006,0.25124,0.07730
0.00027,0.04861,0.11269,0.17554,0.04907,0.00054,0.24914,0.00000,0.23648,0.12766
0.04972,0.12023,0.23640,0.00858,0.09544,0.00055,0.33532,0.00000,0.09307,0.06071
0.01366,0.04112,0.10339,0.00352,0.23387,0.00037,0.22494,0.00000,0.29228,0.08684
0.04141,0.17265,0.12855,0.20272,0.02280,0.00259,0.19258,0.00005,0.10692,0.12973
0.06178,0.04724,0.10186,0.00904,0.05586,0.00001,0.24740,0.00000,0.23565,0.24116
0.00827,0.16084,0.07014,0.03254,0.31138,0.02433,0.33441,0.00000,0.02618,0.03192
0.02563,0.12151,0.09044,0.08788,0.08948,0.06050,0.25308,0.00000,0.25384,0.01763
0.07193,0.01990,0.11576,0.15992,0.25715,0.00909,0.14730,0.00000,0.07707,0.14188
0.13341,0.09775,0.29205,0.00996,0.15376,0.02029,0.15910,0.00000,0.07368,0.06000
0.02995,0.17505,0.17427,0.11502,0.07958,0.01334,0.13793,0.02091,0.19002,0.06394
0.02663,0.16824,0.10593,0.02008,0.14619,0.08268,0.17202,0.00000,0.27479,0.00344
0.04725,0.18289,0.03224,0.05274,0.22180,0.04708,0.09945,0.00000,0.27721,0.03934
0.01553,0.11323,0.04885,0.35265,0.01105,0.15613,0.17646,0.00000,0.03687,0.08924
0.00650,0.15905,0.20830,0.01545,0.22535,0.00022,0.11187,0.00000,0.10366,0.16958
0.00412,0.21106,0.09898,0.16725,0.14450,0.00243,0.23425,0.00000,0.12640,0.01100
0.01331,0.17713,0.18478,0.03033,0.18497,0.03629,0.03658,0.00000,0.12988,0.20673
0.00041,0.07995,0.13916,0.02240,0.10694,0.05960,0.11586,0.02023,0.40970,0.04575
0.00280,0.11621,0.41499,0.01631,0.03288,0.00019,0.08041,0.00000,0.14627,0.18993
0.00021,0.09879,0.09484,0.28330,0.03864,0.03875,0.22819,0.00000,0.13751,0.07976
0.12849,0.05480,0.10676,0.00547,0.24690,0.00077,0.06210,0.00071,0.28880,0.10520
0.01844,0.21009,0.21266,0.11515,0.07749,0.08551,0.04221,0.00000,0.11334,0.12510
0.01469,0.07916,0.07318,0.00725,0.12958,0.04521,0.32974,0.00000,0.20049,0.12070
0.02920,0.08433,0.05775,0.05578,0.12590,0.00011,0.41266,0.00000,0.09554,0.13874
0.23790,0.07107,0.17510,0.01307,0.14050,0.01805,0.22888,0.00000,0.07728,0.03815
0.12427,0.16817,0.04497,0.03880,0.09103,0.06226,0.18679,0.00000,0.11759,0.16611
0.02799,0.28287,0.00454,0.02404,0.16810,0.00569,0.22040,0.00000,0.14978,0.11660
0.03430,0.15581,0.01094,0.03345,0.20719,0.02568,0.30045,0.00000,0.17745,0.05473
0.13808,0.07129,0.08444,0.00000,0.28493,0.00008,0.02556,0.00000,0.22367,0.17195
0.02522,0.21043,0.10864,0.06351,0.10227,0.00238,0.37324,0.00012,0.07966,0.03453
