0.01925,0.00201,0.00000,0.39994,0.00005,0.00000,0.17708,0.02306,0.00434,0.00466,0.00295,0.15259,0.06950,0.06238,0.08218
0.03748,0.00380,0.00030,0.22650,0.00001,0.00000,0.29481,0.03125,0.00977,0.13922,0.00095,0.08835,0.12380,0.00070,0.04307
0.01924,0.06813,0.00000,0.16958,0.08295,0.00000,0.01731,0.00479,0.15526,0.19129,0.00136,0.24071,0.00204,0.04642,0.00092
0.01009,0.00674,0.00038,0.25763,0.00086,0.01324,0.13594,0.25347,0.03359,0.16945,0.01560,0.09124,0.01091,0.00000,0.00086
0.10174,0.00956,0.00000,0.20635,0.01202,0.00002,0.07906,0.13515,0.01324,0.13418,0.17699,0.09829,0.01208,0.02033,0.00098
0.04614,0.00985,0.04293,0.04010,0.05376,0.00000,0.36724,0.03059,0.13260,0.07245,0.13964,0.00854,0.05551,0.00048,0.00018
0.20115,0.02869,0.00000,0.26931,0.00000,0.00000,0.04888,0.01199,0.01617,0.21232,0.00387,0.05995,0.09657,0.04662,0.00445
0.02721,0.03179,0.01701,0.04679,0.00004,0.00000,0.27475,0.01235,0.10930,0.21010,0.00321,0.24297,0.02289,0.00144,0.00015
0.04503,0.03382,0.00000,0.10213,0.00000,0.00000,0.47387,0.04732,0.10402,0.05609,0.00003,0.09526,0.00589,0.01182,0.02473
0.02509,0.00062,0.00269,0.45288,0.01188,0.00004,0.07324,0.00308,0.08413,0.14506,0.00735,0.11988,0.04903,0.01989,0.00515
0.02359,0.00855,0.00000,0.17118,0.00547,0.00157,0.28947,0.00441,0.08971,0.20644,0.00155,0.07088,0.09625,0.00038,0.03054
0.11910,0.03269,0.01611,0.28511,0.04152,0.00000,0.00820,0.07764,0.01630,0.03200,0.02803,0.28040,0.01255,0.02910,0.02125
0.02585,0.02202,0.00220,0.30145,0.02194,0.00000,0.21027,0.05659,0.10107,0.11894,0.01095,0.05774,0.00948,0.00268,0.05881
0.02021,0.04468,0.00000,0.17301,0.00000,0.00000,0.27330,0.10696,0.14643,0.09051,0.01261,0.02181,0.09723,0.00109,0.01216
0.00002,0.03409,0.00000,0.10403,0.02422,0.00000,0.27397,0.09046,0.00101,0.12685,0.08398,0.23409,0.02297,0.00010,0.00421
0.09398,0.09460,0.00000,0.24352,0.00000,0.00000,0.01509,0.01507,0.04178,0.08756,0.00465,0.17710,0.05066,0.03155,0.14444
0.00245,0.00162,0.00027,0.46828,0.02832,0.00000,0.13468,0.13499,0.00835,0.15372,0.00502,0.01653,0.03151,0.01425,0.00000
0.01236,0.11781,0.00007,0.24373,0.00002,0.00000,0.35910,0.00040,0.00558,0.07091,0.02718,0.10086,0.04666,0.01360,0.00171
0.02278,0.04353,0.00001,0.18074,0.00000,0.00000,0.12334,0.14163,0.25787,0.08021,0.01027,0.06418,0.00336,0.05793,0.01416
0.00014,0.00764,0.00000,0.27963,0.00003,0.00000,0.18348,0.13825,0.03474,0.05563,0.00763,0.23227,0.04997,0.00183,0.00875
0.00275,0.12535,0.00030,0.19089,0.02292,0.00000,0.14390,0.24534,0.08758,0.08675,0.00373,0.08657,0.00208,0.00165,0.00019
0.02557,0.10235,0.00013,0.20530,0.00794,0.00045,0.12479,0.08153,0.00919,0.11495,0.19976,0.04354,0.05555,0.00519,0.02378
0.00439,0.06261,0.00000,0.35708,0.00976,0.00000,0.26255,0.00275,0.02343,0.07185,0.00024,0.16178,0.00149,0.01839,0.02368
0.08236,0.12311,0.00000,0.11291,0.00001,0.00000,0.19268,0.04841,0.01081,0.10314,0.05409,0.14196,0.03355,0.06970,0.02726
0.12604,0.02584,0.00035,0.33217,0.00016,0.00000,0.04079,0.03963,0.04202,0.04948,0.11662,0.13028,0.08389,0.00975,0.00298
0.00341,0.01282,0.00008,0.41726,0.05896,0.00000,0.17178,0.12773,0.00790,0.00359,0.00912,0.13417,0.01090,0.03779,0.00449
0.00194,0.00411,0.00152,0.15235,0.00180,0.00000,0.05304,0.15138,0.23976,0.11001,0.00312,0.14154,0.02119,0.00001,0.11823
0.02227,0.02252,0.00000,0.25664,0.02349,0.00000,0.05709,0.05000,0.00717,0.30870,0.02256,0.19464,0.03353,0.00043,0.00096
0.16406,0.03324,0.00000,0.15346,0.00035,0.00000,0.15000,0.06566,0.16651,0.07285,0.00068,0.10853,0.02796,0.00532,0.05139
0.20441,0.00078,0.00000,0.07157,0.17779,0.00000,0.24231,0.01129,0.05293,0.04001,0.01160,0.07020,0.08038,0.00430,0.03244
0.00509,0.01486,0.00388,0.12594,0.00473,0.00000,0.19982,0.00009,0.08343,0.32342,0.11043,0.01758,0.00526,0.07108,0.03437
0.00685,0.11049,0.00000,0.14127,0.02478,0.00000,0.07452,0.16800,0.00006,0.11103,0.12610,0.18923,0.04534,0.00183,0.00050
0.05174,0.01123,0.00000,0.20355,0.00129,0.00001,0.12095,0.02823,0.04809,0.30044,0.03390,0.01591,0.06034,0.09294,0.03139
0.28152,0.02247,0.00000,0.15023,0.05242,0.00020,0.08986,0.02033,0.02312,0.17540,0.00006,0.06610,0.01333,0.00000,0.10496
0.06152,0.03050,0.00000,0.03077,0.00000,0.00205,0.06744,0.01456,0.10505,0.02763,0.06275,0.34194,0.06237,0.16005,0.03336
0.06337,0.02072,0.00000,0.34915,0.00068,0.00076,0.08100,0.08026,0.01968,0.20056,0.00004,0.01377,0.06932,0.03679,0.06390
0.18186,0.00582,0.00000,0.16643,0.04004,0.00001,0.10431,0.02794,0.04164,0.32219,0.00237,0.05029,0.04187,0.01524,0.00000
0.00227,0.01049,0.00000,0.10478,0.01288,0.00000,0.28148,0.08716,0.00795,0.00660,0.10203,0.19857,0.10654,0.07503,0.00421
0.12843,0.00632,0.00000,0.21226,0.00000,0.00000,0.07508,0.10045,0.11448,0.11697,0.00622,0.03276,0.19258,0.01431,0.00012
0.00376,0.03329,0.06454,0.31037,0.00019,0.00000,0.01637,0.04709,0.10140,0.20932,0.00307,0.03813,0.08674,0.00001,0.08571
0.08568,0.07633,0.02791,0.01907,0.00191,0.00000,0.03693,0.16571,0.05367,0.19996,0.01190,0.00584,0.00681,0.28725,0.02101
0.13886,0.18032,0.00000,0.05978,0.00001,0.00000,0.10514,0.07499,0.01135,0.25325,0.00196,0.07353,0.07693,0.01148,0.01237
0.07738,0.00494,0.00372,0.26027,0.00017,0.00000,0.14510,0.13724,0.04697,0.11478,0.10000,0.01776,0.07723,0.01400,0.00046
0.00019,0.08315,0.00002,0.07917,0.05059,0.00000,0.15705,0.15037,0.04317,0.09652,0.00175,0.05884,0.12165,0.00133,0.15622
0.08741,0.05973,0.01971,0.14498,0.00539,0.00000,0.36931,0.00821,0.00607,0.07122,0.00565,0.18915,0.00843,0.01105,0.01370
0.01482,0.04029,0.03211,0.20267,0.22301,0.00000,0.12527,0.08660,0.01609,0.07080,0.01890,0.09674,0.03478,0.03207,0.00583
0.00841,0.00082,0.00000,0.12737,0.00019,0.00000,0.31644,0.00671,0.06997,0.27207,0.00750,0.06763,0.12236,0.00008,0.00045
0.01415,0.03277,0.00100,0.24720,0.00688,0.00001,0.31624,0.00939,0.02836,0.07637,0.00055,0.03426,0.09000,0.00504,0.13778
0.03564,0.00278,0.00000,0.20867,0.03548,0.00000,0.04914,0.01546,0.08354,0.23672,0.08078,0.05472,0.18741,0.00772,0.00193
0.00232,0.00393,0.00000,0.13161,0.00002,0.00000,0.11908,0.09588,0.00458,0.12346,0.06431,0.37281,0.03365,0.03448,0.01385
0.00016,0.00117,0.00054,0.13086,0.00000,0.00000,0.15185,0.00572,0.02527,0.21346,0.16250,0.04713,0.00342,0.01117,0.24676
0.04214,0.13555,0.03443,0.13147,0.03768,0.00000,0.10489,0.02088,0.02189,0.25510,0.00075,0.03549,0.08144,0.05258,0.04573
0.05018,0.08403,0.00164,0.06299,0.00027,0.00000,0.18971,0.16400,0.02226,0.15447,0.18961,0.01937,0.00028,0.06072,0.00046
0.05100,0.13387,0.00048,0.19622,0.00247,0.00000,0.12428,0.00285,0.01346,0.01906,0.07958,0.32894,0.02546,0.00085,0.02150
0.05640,0.11250,0.00190,0.36260,0.00006,0.00000,0.07244,0.01524,0.07082,0.10235,0.00661,0.07863,0.11942,0.00027,0.00078
0.11346,0.03366,0.00003,0.27004,0.02952,0.00000,0.01575,0.16156,0.02213,0.12831,0.01985,0.10865,0.07868,0.00112,0.01723
0.01414,0.06595,0.00005,0.30379,0.00000,0.00000,0.08781,0.00852,0.31273,0.08349,0.00153,0.08221,0.01761,0.01857,0.00362
0.04663,0.00931,0.00000,0.15094,0.00971,0.01069,0.40364,0.02105,0.01594,0.02203,0.02605,0.01769,0.05674,0.00308,0.20651
0.03260,0.02301,0.00059,0.25941,0.00026,0.00000,0.36454,0.04874,0.04347,0.05831,0.00375,0.13305,0.01986,0.00001,0.01239
0.00001,0.20851,0.00001,0.21415,0.00043,0.00000,0.21627,0.00347,0.01621,0.13667,0.00002,0.16651,0.03759,0.00015,0.00000
0.00380,0.01010,0.09416,0.14683,0.06874,0.00000,0.22137,0.03700,0.06055,0.16577,0.04274,0.12836,0.01979,0.00002,0.00078
0.00604,0.00549,0.00362,0.16646,0.00005,0.00000,0.07912,0.09884,0.00044,0.45587,0.01526,0.04828,0.08560,0.00300,0.03192
0.04557,0.01193,0.00033,0.16000,0.00000,0.00000,0.13387,0.11288,0.17938,0.19526,0.04393,0.00271,0.03193,0.00118,0.08102
0.03773,0.02112,0.00002,0.10245,0.00000,0.00000,0.04129,0.03402,0.12369,0.33784,0.17567,0.08214,0.03794,0.00610,0.00000
0.04069,0.09602,0.00067,0.07248,0.01575,0.00000,0.29037,0.00759,0.01597,0.08085,0.23557,0.12275,0.00938,0.01187,0.00001
0.03346,0.02692,0.00447,0.05665,0.02274,0.00000,0.13889,0.04768,0.05639,0.36039,0.02043,0.18008,0.02798,0.02308,0.00082
0.01566,0.00298,0.00442,0.13110,0.00619,0.00000,0.20196,0.04351,0.10254,0.10328,0.12269,0.15887,0.10578,0.00008,0.00094
0.00095,0.03174,0.00000,0.24804,0.01086,0.00000,0.04572,0.01975,0.05604,0.45066,0.00045,0.12168,0.00002,0.00052,0.01357
0.04975,0.00768,0.00000,0.20636,0.00129,0.00000,0.19250,0.13448,0.01165,0.15410,0.06705,0.05135,0.10654,0.00056,0.01669
0.08433,0.00078,0.00541,0.19170,0.00433,0.00000,0.14293,0.04195,0.06754,0.12620,0.00030,0.11650,0.15318,0.04944,0.01541
0.01810,0.00337,0.00000,0.38543,0.00273,0.00000,0.12109,0.04820,0.05224,0.17863,0.00032,0.04100,0.14698,0.00188,0.00002
0.07227,0.10160,0.00021,0.14698,0.13374,0.00000,0.18753,0.20963,0.01060,0.02831,0.00165,0.05687,0.02927,0.02129,0.00005
0.03852,0.02001,0.00014,0.59580,0.00003,0.00000,0.03092,0.01821,0.02941,0.11424,0.01542,0.11810,0.00308,0.00117,0.01495
0.04220,0.02190,0.00012,0.12203,0.00388,0.00000,0.04798,0.00097,0.07995,0.57385,0.04328,0.02556,0.02801,0.01024,0.00003
0.00926,0.04444,0.00000,0.13572,0.04699,0.00000,0.40866,0.00089,0.02160,0.15519,0.04904,0.10350,0.00699,0.01665,0.00106
0.00314,0.00023,0.00004,0.04428,0.00000,0.00000,0.06199,0.08515,0.00157,0.65390,0.00029,0.09649,0.00017,0.05274,0.00002
0.00738,0.05075,0.00000,0.00825,0.00932,0.00001,0.06107,0.17734,0.25683,0.12360,0.04851,0.10140,0.11826,0.02862,0.00868
0.00875,0.02482,0.00011,0.38611,0.00503,0.00009,0.10795,0.00069,0.02190,0.21783,0.03737,0.12900,0.03824,0.00338,0.01873
0.00253,0.19650,0.00182,0.03756,0.00467,0.00000,0.17072,0.09592,0.00041,0.27895,0.03700,0.09068,0.04962,0.00064,0.03299
0.05755,0.05356,0.00000,0.27969,0.00025,0.00000,0.05675,0.00000,0.12525,0.04357,0.10291,0.09603,0.10062,0.04800,0.03583
0.08005,0.18273,0.00079,0.04750,0.15171,0.00000,0.14517,0.04590,0.06894,0.02856,0.00626,0.23170,0.01047,0.00008,0.00015
0.00605,0.10760,0.00000,0.46130,0.00280,0.00000,0.07093,0.03171,0.00020,0.05974,0.03769,0.08000,0.10330,0.03509,0.00358
0.00948,0.00431,0.00000,0.10757,0.00169,0.00000,0.19245,0.06769,0.32179,0.15571,0.01948,0.06214,0.03215,0.00401,0.02154
0.00217,0.05512,0.00000,0.15438,0.00655,0.00000,0.36002,0.00539,0.00004,0.08065,0.00008,0.24666,0.02060,0.03749,0.03084
0.11524,0.00645,0.00000,0.04692,0.00005,0.00000,0.23484,0.14286,0.07272,0.16279,0.00844,0.15325,0.02940,0.02689,0.00015
0.01095,0.00161,0.00002,0.10177,0.02120,0.00000,0.41545,0.00434,0.02311,0.16477,0.04589,0.05094,0.15860,0.00117,0.00018
0.13464,0.00021,0.00096,0.12856,0.10393,0.00000,0.01019,0.03413,0.25561,0.22092,0.00100,0.02111,0.00384,0.03329,0.05162
0.12988,0.07750,0.00000,0.08796,0.00022,0.00000,0.07942,0.01544,0.03954,0.19704,0.05792,0.18897,0.10261,0.00081,0.02269
0.15574,0.04730,0.00000,0.19313,0.00091,0.00000,0.07848,0.07886,0.06881,0.18560,0.00256,0.04860,0.10737,0.00079,0.03185
0.04200,0.10571,0.04633,0.19722,0.01231,0.00000,0.03939,0.11701,0.03591,0.06154,0.00048,0.08310,0.04099,0.21791,0.00010
0.04869,0.00035,0.00830,0.15473,0.13524,0.00000,0.02440,0.04743,0.04675,0.18252,0.00255,0.06067,0.27666,0.00873,0.00298
0.00071,0.08604,0.00000,0.06846,0.00087,0.00000,0.42031,0.04985,0.06059,0.02677,0.02406,0.25959,0.00221,0.00006,0.00046
0.00653,0.02687,0.00000,0.08936,0.05859,0.00000,0.17578,0.00254,0.01142,0.19060,0.01863,0.34548,0.05030,0.00009,0.02381
0.02303,0.00580,0.00000,0.24430,0.00024,0.00000,0.08437,0.01707,0.00583,0.32296,0.08562,0.10255,0.03651,0.00109,0.07061
0.00013,0.17435,0.00000,0.13383,0.06577,0.00000,0.04987,0.01068,0.10160,0.16634,0.01068,0.24787,0.01600,0.00711,0.01577
0.04996,0.04572,0.00000,0.10413,0.00102,0.00151,0.21069,0.02081,0.18407,0.22346,0.01639,0.10325,0.02428,0.00760,0.00712
0.03588,0.00160,0.00000,0.37909,0.03632,0.00000,0.01150,0.00068,0.01437,0.07799,0.02848,0.07444,0.11760,0.22201,0.00002
0.06463,0.04963,0.00316,0.22641,0.01523,0.00000,0.07466,0.03638,0.15453,0.10250,0.03628,0.21857,0.00866,0.00885,0.00053
0.00313,0.02404,0.00001,0.13593,0.00066,0.00000,0.21602,0.00881,0.03494,0.09306,0.05277,0.17483,0.24023,0.00001,0.01558
0.00067,0.09851,0.00000,0.14015,0.00851,0.00000,0.21601,0.00095,0.00002,0.13663,0.00176,0.02671,0.06429,0.24433,0.06148
0.07183,0.00011,0.07458,0.19541,0.02968,0.00000,0.08382,0.02083,0.03532,0.30792,0.00428,0.11853,0.00160,0.02317,0.03293
0.04310,0.01251,0.00000,0.46025,0.00061,0.00000,0.21910,0.00375,0.00000,0.13672,0.06465,0.00287,0.02283,0.01682,0.01678
0.01109,0.02363,0.00000,0.13945,0.00003,0.00000,0.30353,0.02004,0.06192,0.15375,0.00091,0.19728,0.08755,0.00003,0.00080
0.03769,0.00013,0.00293,0.21246,0.00539,0.00000,0.01709,0.07818,0.03043,0.13061,0.00861,0.33443,0.05256,0.06669,0.02280
0.00446,0.02599,0.00036,0.22140,0.00182,0.00000,0.28690,0.01513,0.04902,0.22423,0.00388,0.10874,0.00037,0.04791,0.00980
0.15097,0.01190,0.00148,0.25994,0.06107,0.00000,0.04395,0.00938,0.13650,0.14551,0.07118,0.08268,0.01865,0.00674,0.00006
0.01697,0.00097,0.00040,0.11947,0.02779,0.00000,0.00639,0.26054,0.05413,0.29431,0.01044,0.08088,0.09258,0.01332,0.02182
0.01081,0.02165,0.00008,0.21416,0.00000,0.00000,0.00903,0.18270,0.11792,0.08175,0.03235,0.21868,0.10648,0.00131,0.00308
0.00051,0.00767,0.05002,0.11413,0.00001,0.00000,0.12530,0.12191,0.10694,0.30252,0.00615,0.14091,0.02279,0.00000,0.00113
0.04489,0.03493,0.00006,0.21399,0.12335,0.00000,0.03254,0.02814,0.11525,0.19478,0.03907,0.08927,0.06584,0.01487,0.00301
0.08061,0.09774,0.00012,0.13842,0.01116,0.00031,0.18547,0.00786,0.08745,0.10857,0.00119,0.06452,0.17934,0.01993,0.01732
0.02467,0.00423,0.00010,0.00810,0.00180,0.00000,0.01220,0.03094,0.00761,0.39299,0.13415,0.01412,0.35085,0.00069,0.01755
0.01276,0.25792,0.00025,0.15330,0.00000,0.00028,0.05810,0.00644,0.02906,0.17021,0.13444,0.13503,0.02793,0.00446,0.00982
0.09608,0.00729,0.00000,0.12411,0.02578,0.00000,0.33463,0.00813,0.08400,0.13126,0.09226,0.07688,0.00722,0.00883,0.00352
0.18144,0.01236,0.00000,0.07510,0.03561,0.00000,0.19852,0.07619,0.00206,0.12594,0.00076,0.08346,0.00645,0.18129,0.02083
0.00543,0.00202,0.00000,0.04335,0.21637,0.00005,0.03875,0.11903,0.01499,0.03352,0.22846,0.15770,0.13441,0.00133,0.00461
0.03436,0.03138,0.00012,0.10385,0.00498,0.00000,0.00462,0.02232,0.00097,0.43874,0.00855,0.07512,0.09588,0.06759,0.11151
0.06789,0.07845,0.00000,0.12177,0.00466,0.00000,0.13170,0.09397,0.11777,0.14695,0.10563,0.02575,0.03618,0.06274,0.00654
0.02112,0.04849,0.00040,0.44137,0.02097,0.00017,0.03911,0.01033,0.02915,0.08362,0.00000,0.13450,0.14812,0.00465,0.01801
0.02763,0.00762,0.00000,0.08634,0.01464,0.00115,0.12690,0.05565,0.03183,0.06075,0.08178,0.14691,0.34178,0.00023,0.01680
0.05710,0.04249,0.00382,0.16097,0.00001,0.00002,0.08005,0.04965,0.11133,0.19210,0.00044,0.08190,0.14396,0.07612,0.00003
0.04073,0.03503,0.00280,0.12387,0.02759,0.00001,0.24529,0.14372,0.02903,0.14870,0.03486,0.10918,0.03527,0.00008,0.02385
0.05391,0.07956,0.00000,0.11967,0.00000,0.00000,0.28390,0.05572,0.05446,0.02580,0.05961,0.13161,0.12297,0.00286,0.00992
0.02920,0.01228,0.00158,0.49130,0.02019,0.00000,0.08975,0.00185,0.04973,0.10255,0.02476,0.14675,0.02872,0.00012,0.00124
0.16056,0.00073,0.00407,0.15896,0.00014,0.00822,0.24986,0.03781,0.05880,0.07105,0.01028,0.13554,0.01887,0.02317,0.06193
0.04289,0.10707,0.00000,0.04966,0.03502,0.00000,0.23554,0.01917,0.05143,0.10834,0.15958,0.09668,0.08585,0.00793,0.00085
0.03850,0.02425,0.00743,0.13470,0.00000,0.00000,0.17742,0.03524,0.01985,0.16603,0.01502,0.27929,0.00054,0.00017,0.10156
0.01012,0.00045,0.00000,0.16526,0.00039,0.00002,0.25296,0.00077,0.05084,0.20703,0.00119,0.05433,0.01003,0.00001,0.24661
0.00598,0.01330,0.00000,0.12765,0.00038,0.00000,0.21109,0.06986,0.14207,0.11160,0.07083,0.01401,0.07723,0.03470,0.12130
0.00365,0.10323,0.00000,0.20335,0.00050,0.00000,0.02594,0.00293,0.07337,0.27648,0.00030,0.12676,0.00849,0.00188,0.17313
0.04601,0.02668,0.02049,0.17704,0.06167,0.00000,0.28473,0.00308,0.11272,0.13738,0.00486,0.11501,0.00065,0.00716,0.00252
0.02151,0.09296,0.00000,0.43679,0.00253,0.00002,0.03108,0.01999,0.00068,0.19628,0.00000,0.03330,0.07255,0.08722,0.00509
0.00931,0.00451,0.11057,0.29421,0.01194,0.00000,0.16551,0.07340,0.00027,0.11710,0.09375,0.01525,0.03892,0.02887,0.03638
0.00677,0.01744,0.00000,0.05453,0.00603,0.00000,0.46280,0.11251,0.03159,0.22070,0.00353,0.04643,0.03607,0.00148,0.00012
0.00802,0.00122,0.02208,0.03234,0.03113,0.00000,0.09954,0.02489,0.04611,0.28736,0.01923,0.17020,0.25724,0.00012,0.00050
0.01040,0.04007,0.00000,0.12696,0.00004,0.00000,0.01692,0.00623,0.01970,0.15827,0.08410,0.19341,0.16296,0.02361,0.15733
0.01584,0.07614,0.00102,0.08541,0.00002,0.00000,0.15257,0.04957,0.06154,0.07626,0.02093,0.20895,0.18848,0.01598,0.04729
0.01769,0.04308,0.00000,0.14686,0.00000,0.00000,0.16618,0.00499,0.03372,0.24793,0.09178,0.07094,0.12356,0.01719,0.03608
0.01423,0.03358,0.00000,0.34994,0.00102,0.00000,0.08238,0.00759,0.03698,0.14139,0.01506,0.02464,0.27079,0.02240,0.00000
0.10778,0.02119,0.01635,0.08244,0.00008,0.00000,0.38633,0.00329,0.00466,0.05549,0.04584,0.13800,0.00653,0.02639,0.10561
0.02595,0.00076,0.00000,0.16312,0.00135,0.00067,0.35050,0.03870,0.10100,0.03395,0.04192,0.14607,0.04054,0.05174,0.00374
0.00912,0.02115,0.00387,0.04255,0.07509,0.00000,0.06561,0.18993,0.10089,0.19818,0.00145,0.15910,0.11359,0.01614,0.00333
0.04204,0.04101,0.00000,0.10348,0.06070,0.00000,0.22905,0.07239,0.09373,0.25598,0.01414,0.06306,0.02116,0.00321,0.00006
0.09132,0.00192,0.00004,0.18853,0.08020,0.00000,0.05541,0.03343,0.00847,0.14077,0.21866,0.06493,0.06802,0.00350,0.04480
0.01476,0.00005,0.00000,0.00492,0.01260,0.00485,0.57396,0.02612,0.00187,0.14339,0.08262,0.09443,0.00892,0.01656,0.01496
0.15156,0.06558,0.00000,0.14511,0.00005,0.00000,0.03728,0.00392,0.01544,0.18530,0.05053,0.30907,0.00266,0.03340,0.00009
0.02176,0.11671,0.00149,0.12758,0.01700,0.00000,0.07455,0.04959,0.04998,0.08367,0.09982,0.10148,0.24689,0.00839,0.00108
0.01151,0.15899,0.00001,0.12268,0.00006,0.00000,0.27867,0.03352,0.03723,0.16245,0.00405,0.07615,0.01478,0.03051,0.06939
0.12896,0.00255,0.00543,0.19899,0.00237,0.00006,0.07613,0.01722,0.05112,0.10755,0.06207,0.16815,0.12578,0.00821,0.04541
0.00410,0.01579,0.00154,0.13704,0.00066,0.00009,0.32751,0.07664,0.02322,0.21778,0.05653,0.01449,0.06923,0.00334,0.05204
0.01933,0.04550,0.04479,0.26600,0.05038,0.00000,0.12748,0.13261,0.00589,0.05748,0.04156,0.11909,0.05219,0.03715,0.00055
0.08801,0.00514,0.00003,0.33228,0.00200,0.00000,0.05666,0.04239,0.09334,0.05812,0.01101,0.07157,0.17404,0.00803,0.05738
0.04188,0.00795,0.00241,0.06753,0.04484,0.00000,0.04753,0.01717,0.03868,0.55461,0.01265,0.07341,0.06251,0.02142,0.00742
0.00115,0.01450,0.00000,0.19015,0.02248,0.00000,0.09035,0.00832,0.04828,0.18129,0.25579,0.06004,0.11427,0.00038,0.01299
0.10877,0.00116,0.00000,0.18409,0.01617,0.00000,0.14451,0.24637,0.02442,0.16249,0.00000,0.01136,0.06228,0.00038,0.03801
0.03142,0.28227,0.00016,0.08343,0.04400,0.00000,0.38190,0.00022,0.02934,0.04187,0.00526,0.02605,0.06838,0.00551,0.00020
0.01960,0.02056,0.00000,0.06531,0.00507,0.00000,0.19326,0.00004,0.05855,0.27784,0.12351,0.19295,0.03834,0.00495,0.00001
0.01805,0.00110,0.00011,0.19807,0.00000,0.00000,0.16212,0.00509,0.05377,0.10999,0.23380,0.10366,0.01166,0.00207,0.10052
0.00866,0.00318,0.15799,0.25797,0.12785,0.00000,0.00816,0.02190,0.02322,0.20090,0.03925,0.07913,0.00672,0.03241,0.03267
0.02829,0.09922,0.00000,0.07193,0.00005,0.00000,0.14768,0.03678,0.09767,0.25508,0.10692,0.02283,0.11917,0.00401,0.01039
0.08571,0.21439,0.00000,0.06314,0.00249,0.00000,0.04423,0.04471,0.19594,0.09342,0.00173,0.24198,0.01040,0.00167,0.00019
0.04652,0.00355,0.00013,0.20718,0.01407,0.00000,0.32661,0.01315,0.08335,0.06061,0.00045,0.02890,0.03988,0.11898,0.05663
0.02019,0.01609,0.00000,0.14173,0.00022,0.00000,0.01299,0.05082,0.05942,0.18622,0.02992,0.23432,0.18461,0.00418,0.05929
0.00087,0.05654,0.00034,0.21527,0.00916,0.00000,0.05578,0.00022,0.02923,0.14410,0.05143,0.14819,0.12503,0.13856,0.02528
0.03123,0.11051,0.07459,0.15664,0.00000,0.00000,0.13456,0.03081,0.02062,0.17493,0.00634,0.05758,0.00217,0.00266,0.19736
0.02703,0.00674,0.00000,0.07070,0.00097,0.00000,0.43322,0.03632,0.04323,0.12573,0.13808,0.08195,0.00083,0.03473,0.00048
0.07246,0.26510,0.00016,0.31385,0.01590,0.00000,0.02629,0.16630,0.02463,0.05479,0.02162,0.01507,0.00480,0.01320,0.00584
0.02778,0.03788,0.01156,0.33085,0.01452,0.00000,0.22095,0.08165,0.03042,0.06057,0.04809,0.06109,0.06583,0.00875,0.00007
0.00966,0.07527,0.00000,0.19255,0.00496,0.00000,0.35727,0.00254,0.03327,0.21939,0.00368,0.02272,0.01274,0.06550,0.00044
0.00280,0.10268,0.00000,0.08326,0.00131,0.00000,0.23078,0.00791,0.07820,0.18117,0.05348,0.17345,0.01972,0.01665,0.04861
0.04038,0.06248,0.00620,0.08744,0.00385,0.00000,0.22933,0.00283,0.27371,0.13850,0.06306,0.07458,0.01608,0.00080,0.00076
0.04834,0.12021,0.02916,0.45589,0.00029,0.01390,0.07020,0.03272,0.00556,0.02878,0.01980,0.07019,0.05363,0.00121,0.05012
0.08868,0.02802,0.00001,0.35035,0.00019,0.00000,0.12459,0.00648,0.04162,0.18185,0.04133,0.09800,0.00012,0.03803,0.00073
0.03107,0.00012,0.00000,0.10062,0.00873,0.00000,0.31046,0.01509,0.03032,0.08392,0.02133,0.30067,0.06544,0.00529,0.02693
0.02026,0.00189,0.00006,0.21723,0.02724,0.00000,0.22345,0.10727,0.00334,0.07910,0.14262,0.11423,0.04745,0.01545,0.00041
0.08484,0.03133,0.02437,0.11539,0.00000,0.00000,0.34938,0.02938,0.00736,0.09984,0.06053,0.14070,0.04190,0.01497,0.00000
0.02575,0.15180,0.02002,0.38323,0.03645,0.00000,0.05259,0.08880,0.11454,0.07253,0.02188,0.01993,0.01240,0.00002,0.00005
0.02533,0.00706,0.00345,0.21157,0.00819,0.00000,0.02570,0.00334,0.00078,0.27144,0.06180,0.12643,0.24598,0.00341,0.00552
0.02374,0.00285,0.00861,0.09523,0.00006,0.00000,0.30122,0.08919,0.09923,0.21027,0.00231,0.05471,0.07728,0.03520,0.00010
0.17265,0.01469,0.00671,0.12049,0.02461,0.00000,0.12887,0.03124,0.19240,0.06634,0.01724,0.14128,0.06062,0.02118,0.00166
0.02569,0.07717,0.00255,0.02942,0.00180,0.00000,0.01801,0.24583,0.11469,0.24967,0.00008,0.02442,0.16692,0.00002,0.04372
0.08783,0.00146,0.00003,0.24153,0.05737,0.00000,0.24707,0.01970,0.02161,0.11514,0.00668,0.08708,0.01230,0.07080,0.03142
0.04223,0.03565,0.00000,0.25481,0.02826,0.00008,0.22036,0.00293,0.07412,0.06767,0.05088,0.08898,0.01208,0.03278,0.08916
0.01665,0.09288,0.00000,0.05067,0.00000,0.00001,0.19776,0.04803,0.02833,0.21360,0.08346,0.20264,0.03327,0.03261,0.00009
0.01783,0.01413,0.00005,0.29435,0.00506,0.00000,0.10669,0.01255,0.03090,0.20945,0.00248,0.10409,0.11570,0.00114,0.08558
0.07186,0.08532,0.00000,0.10290,0.02791,0.00000,0.03686,0.01438,0.14746,0.07602,0.00000,0.25513,0.17839,0.00137,0.00239
0.02116,0.09018,0.00003,0.08533,0.00001,0.00000,0.01088,0.24811,0.06574,0.26889,0.00560,0.18127,0.01105,0.00490,0.00686
0.00943,0.01623,0.00000,0.28280,0.01003,0.00120,0.11819,0.04407,0.13370,0.08403,0.04007,0.19398,0.06303,0.00202,0.00122
0.11695,0.03795,0.00001,0.25121,0.00000,0.00000,0.24517,0.08420,0.00475,0.14964,0.00877,0.04675,0.04409,0.00887,0.00163
0.05301,0.05523,0.00011,0.13013,0.00000,0.00000,0.07796,0.16140,0.01876,0.31594,0.00021,0.06492,0.06650,0.00536,0.05046
0.02215,0.05646,0.01464,0.02724,0.00067,0.00000,0.18809,0.05390,0.04768,0.09065,0.03111,0.24478,0.00540,0.00159,0.21564
0.00702,0.00474,0.00000,0.03570,0.00000,0.00000,0.18103,0.00332,0.21015,0.05427,0.02433,0.33598,0.13375,0.00534,0.00439
0.00837,0.00423,0.01832,0.28025,0.10560,0.00000,0.21998,0.07581,0.06451,0.10542,0.00184,0.03828,0.07275,0.00088,0.00377
0.10878,0.01189,0.07564,0.23921,0.00976,0.00000,0.13905,0.02224,0.02298,0.19076,0.00815,0.08468,0.06569,0.01996,0.00117
0.03906,0.01003,0.00275,0.09492,0.00088,0.00000,0.38261,0.00693,0.04156,0.20532,0.00072,0.20623,0.00356,0.00000,0.00542
0.09073,0.00513,0.00002,0.18550,0.22580,0.00000,0.20536,0.03032,0.01538,0.14832,0.00211,0.03080,0.05900,0.00063,0.00090
0.08773,0.00065,0.00000,0.28150,0.08631,0.00000,0.07874,0.01006,0.05641,0.03276,0.03828,0.31028,0.01256,0.00059,0.00414
0.03727,0.03017,0.00001,0.34655,0.02454,0.00000,0.26539,0.02332,0.00490,0.06003,0.05634,0.03005,0.08934,0.03173,0.00035
0.05249,0.02569,0.00004,0.23908,0.03691,0.00002,0.10883,0.02342,0.01337,0.32044,0.00171,0.02858,0.07868,0.01287,0.05788
0.03484,0.00318,0.00000,0.07585,0.00002,0.00000,0.00757,0.03132,0.29815,0.05373,0.11932,0.34830,0.02433,0.00013,0.00327
0.04988,0.00412,0.00000,0.18184,0.00627,0.00000,0.05448,0.03120,0.11129,0.04217,0.01610,0.20012,0.26027,0.00107,0.04119
0.02040,0.06299,0.00000,0.22070,0.00965,0.01171,0.03523,0.08491,0.08697,0.20320,0.00000,0.05230,0.11353,0.09561,0.00280
0.00488,0.03452,0.00015,0.24065,0.06510,0.00000,0.00638,0.06215,0.15049,0.25325,0.09785,0.04258,0.00001,0.01797,0.02403
0.00413,0.06161,0.00000,0.17747,0.00002,0.00000,0.19758,0.00014,0.00727,0.26589,0.13636,0.08331,0.06544,0.00071,0.00007
0.14961,0.00830,0.00100,0.22799,0.00000,0.00000,0.13771,0.11333,0.10242,0.14288,0.03766,0.05995,0.00505,0.00341,0.01068
0.04297,0.05562,0.00203,0.14041,0.00049,0.00000,0.12756,0.01073,0.00106,0.31524,0.00178,0.17477,0.10711,0.00038,0.01985
0.07283,0.01408,0.00091,0.26629,0.00000,0.00000,0.14977,0.03429,0.02565,0.12527,0.01813,0.05577,0.02189,0.15048,0.06464
0.00086,0.01291,0.00009,0.13035,0.00000,0.00000,0.11000,0.02095,0.00444,0.62809,0.00775,0.05290,0.01296,0.01222,0.00645
0.04401,0.13175,0.00060,0.23217,0.05995,0.00001,0.12805,0.00985,0.09027,0.16400,0.00000,0.07248,0.04647,0.02026,0.00014
0.00379,0.04037,0.00000,0.28902,0.05013,0.00000,0.20171,0.01392,0.19846,0.09284,0.00019,0.04512,0.04951,0.01191,0.00303
0.15077,0.18866,0.01071,0.13813,0.05117,0.01680,0.04083,0.07461,0.09051,0.08765,0.01342,0.03625,0.01467,0.07819,0.00763
0.00044,0.00323,0.00008,0.28871,0.00000,0.00001,0.02629,0.01360,0.22308,0.19702,0.00232,0.13600,0.09315,0.01603,0.00005
0.06902,0.02332,0.00000,0.10657,0.02424,0.00000,0.09753,0.00009,0.01988,0.27076,0.05414,0.01062,0.27154,0.03206,0.02024
0.00014,0.00133,0.00002,0.29571,0.01529,0.00000,0.13468,0.00021,0.02190,0.29682,0.00017,0.08153,0.00254,0.01468,0.13496
0.01750,0.05890,0.00028,0.06740,0.04341,0.00000,0.04715,0.00218,0.00034,0.33890,0.02329,0.05538,0.32591,0.01930,0.00005
0.23076,0.04388,0.00024,0.03946,0.05662,0.00000,0.11632,0.01995,0.00306,0.12762,0.00813,0.08829,0.25063,0.00087,0.01417
0.05352,0.02483,0.00006,0.21351,0.00016,0.00000,0.23098,0.00076,0.12331,0.14851,0.00007,0.12487,0.05816,0.01959,0.00167
0.20257,0.05543,0.00099,0.16499,0.00786,0.00000,0.15142,0.03268,0.16862,0.07758,0.00120,0.05365,0.04575,0.00101,0.03626
0.00331,0.01648,0.00289,0.05975,0.00003,0.00000,0.42548,0.07252,0.06871,0.18564,0.02952,0.11161,0.01992,0.00117,0.00298
0.00270,0.01297,0.00002,0.24904,0.00014,0.00000,0.07425,0.03752,0.17156,0.16569,0.10508,0.08924,0.08476,0.00013,0.00690
0.23153,0.03248,0.00000,0.18572,0.00006,0.00000,0.03900,0.01129,0.10301,0.30564,0.00729,0.05119,0.00182,0.03082,0.00016
0.07513,0.02706,0.00148,0.12221,0.00004,0.00000,0.20917,0.00166,0.16120,0.24991,0.01044,0.03812,0.07362,0.02948,0.00048
0.01087,0.03750,0.00192,0.19675,0.08807,0.00000,0.11141,0.11959,0.02345,0.14061,0.00041,0.09106,0.17687,0.00007,0.00143
0.00133,0.00204,0.00000,0.25143,0.00061,0.00000,0.01126,0.20352,0.00164,0.22369,0.05839,0.15648,0.07637,0.01321,0.00001
0.05711,0.02899,0.00013,0.08978,0.00005,0.00000,0.11017,0.04808,0.19950,0.04823,0.08647,0.31907,0.00134,0.00742,0.00368
0.01897,0.00125,0.00000,0.45991,0.00161,0.00000,0.09419,0.03030,0.03705,0.27607,0.00606,0.05905,0.00890,0.00662,0.00002
0.00612,0.28010,0.00000,0.24602,0.00001,0.00000,0.06833,0.10056,0.02418,0.00934,0.04435,0.01889,0.00071,0.19169,0.00969
0.15869,0.12822,0.03809,0.12779,0.00000,0.00000,0.08383,0.01213,0.00489,0.21872,0.08408,0.08569,0.04811,0.00077,0.00898
0.00360,0.04679,0.10619,0.11664,0.04738,0.00000,0.14452,0.00698,0.03287,0.32473,0.00027,0.08376,0.04519,0.00484,0.03624
0.07556,0.00265,0.00014,0.50145,0.00416,0.00000,0.06798,0.00760,0.00736,0.10348,0.04215,0.13981,0.03290,0.01419,0.00056
0.02301,0.01918,0.00219,0.21583,0.00002,0.00077,0.04587,0.09525,0.05580,0.07460,0.03095,0.08947,0.23901,0.09409,0.01395
0.06663,0.03906,0.00000,0.27468,0.04509,0.00000,0.31579,0.05518,0.05655,0.09879,0.00043,0.01572,0.00233,0.00635,0.02339
0.07832,0.00075,0.00076,0.05090,0.00000,0.00000,0.31869,0.01699,0.01864,0.30779,0.09794,0.08719,0.01416,0.00424,0.00364
0.03025,0.00085,0.00000,0.19920,0.00036,0.00000,0.09873,0.11358,0.17686,0.04337,0.02590,0.22855,0.00254,0.01363,0.06617
0.00638,0.09203,0.00000,0.08974,0.00172,0.00000,0.27508,0.05327,0.07753,0.18765,0.02387,0.02832,0.06727,0.00000,0.09715
0.00132,0.04765,0.00000,0.47380,0.00003,0.00000,0.02805,0.00027,0.01209,0.07249,0.03457,0.07059,0.25393,0.00104,0.00419
0.00150,0.02509,0.00000,0.13724,0.00008,0.00000,0.12265,0.13284,0.05274,0.12418,0.05792,0.19264,0.00490,0.00046,0.14776
0.02949,0.00952,0.00499,0.08706,0.11360,0.00000,0.00990,0.00466,0.10863,0.09498,0.01994,0.26805,0.22501,0.01770,0.00649
0.01441,0.00110,0.00001,0.16581,0.01439,0.00000,0.32308,0.01830,0.01027,0.07229,0.03615,0.08218,0.25596,0.00390,0.00215
0.02183,0.02397,0.00000,0.07458,0.09836,0.00000,0.12706,0.20906,0.22500,0.04906,0.14269,0.02187,0.00543,0.00091,0.00018
0.09440,0.07104,0.00000,0.25964,0.00225,0.00000,0.00935,0.00446,0.04780,0.21834,0.02820,0.07093,0.00082,0.00004,0.19272
0.00096,0.00328,0.00000,0.22559,0.05333,0.01555,0.09423,0.09173,0.16987,0.02223,0.04513,0.14571,0.03053,0.01404,0.08782
0.00664,0.05095,0.00000,0.18449,0.00055,0.00121,0.02951,0.22108,0.06810,0.10402,0.18581,0.07036,0.06022,0.01703,0.00002
0.22212,0.08561,0.00056,0.10646,0.00001,0.00000,0.12034,0.06388,0.00327,0.10213,0.00075,0.05110,0.23097,0.01125,0.00154
0.00753,0.01987,0.00001,0.06536,0.02858,0.00000,0.07885,0.19396,0.03073,0.50362,0.00160,0.01739,0.03356,0.00004,0.01890
0.02882,0.02043,0.04544,0.09845,0.00002,0.00000,0.16141,0.07704,0.03961,0.04157,0.00496,0.35012,0.09774,0.03350,0.00087
0.00122,0.00131,0.00000,0.26008,0.05474,0.00000,0.03121,0.04189,0.18651,0.19039,0.08275,0.06345,0.01300,0.06244,0.01102
0.03410,0.00010,0.00000,0.06362,0.00216,0.00000,0.07709,0.00293,0.33032,0.12333,0.02844,0.04215,0.16040,0.13277,0.00257
0.05769,0.03715,0.00000,0.12332,0.00215,0.00000,0.20575,0.09996,0.00307,0.10816,0.10729,0.10144,0.02016,0.00338,0.13047
0.00510,0.01952,0.00006,0.13146,0.04134,0.00000,0.14973,0.00400,0.21792,0.16406,0.00681,0.12782,0.11769,0.01396,0.00052
0.00234,0.17472,0.00000,0.04670,0.22619,0.00000,0.10565,0.08039,0.04458,0.15399,0.03973,0.11484,0.00317,0.00733,0.00036
0.00772,0.05793,0.00850,0.18209,0.13783,0.00000,0.20509,0.04434,0.02063,0.16142,0.00285,0.04719,0.09602,0.02304,0.00535
0.16169,0.02876,0.00017,0.19622,0.00249,0.00915,0.33743,0.00490,0.04464,0.13618,0.00002,0.04454,0.01630,0.00035,0.01718
0.00344,0.06391,0.00009,0.21619,0.00015,0.00000,0.13708,0.27939,0.00202,0.08589,0.00595,0.06634,0.07202,0.00015,0.06737
0.03987,0.18434,0.00728,0.14244,0.06552,0.00048,0.08964,0.03529,0.09746,0.14005,0.00000,0.12243,0.06144,0.00000,0.01376
0.00855,0.00237,0.00000,0.55471,0.00001,0.00000,0.00382,0.04300,0.00831,0.07923,0.08409,0.09004,0.07526,0.05003,0.00058
0.40611,0.01259,0.00000,0.03495,0.00004,0.02972,0.08127,0.02274,0.19246,0.02884,0.01575,0.08346,0.00641,0.08565,0.00000
0.00505,0.02325,0.00715,0.06314,0.04176,0.00000,0.07817,0.15712,0.10197,0.15770,0.07303,0.05513,0.13372,0.10230,0.00050
0.00003,0.00215,0.00000,0.19700,0.00006,0.00000,0.15863,0.00066,0.20861,0.24030,0.00088,0.05730,0.02261,0.01805,0.09373
0.11460,0.00368,0.00000,0.25272,0.00001,0.00000,0.07378,0.00412,0.07481,0.09732,0.22653,0.01436,0.10098,0.00038,0.03670
0.06536,0.00356,0.00000,0.04054,0.05634,0.00006,0.06797,0.23269,0.01752,0.25773,0.05154,0.04486,0.14084,0.01336,0.00763
0.02862,0.11316,0.00000,0.04776,0.06971,0.00000,0.21478,0.03386,0.02735,0.15308,0.00001,0.13008,0.07729,0.00006,0.10424
0.05435,0.03557,0.01595,0.06259,0.01504,0.00000,0.24683,0.00817,0.12586,0.22694,0.00200,0.13312,0.02997,0.04295,0.00067
0.00054,0.04671,0.00005,0.15855,0.00000,0.04980,0.02972,0.00013,0.03304,0.44632,0.04497,0.03582,0.14377,0.00113,0.00944
0.03843,0.06604,0.00000,0.33473,0.00756,0.05223,0.11519,0.00295,0.01752,0.13361,0.08438,0.01781,0.09036,0.00515,0.03403
0.15897,0.02651,0.00581,0.26676,0.14023,0.00003,0.09506,0.00444,0.03893,0.10497,0.05952,0.04796,0.00379,0.00769,0.03934
0.00043,0.09313,0.00000,0.21482,0.03021,0.00000,0.11591,0.00001,0.03292,0.11217,0.02245,0.08756,0.25450,0.00000,0.03588
0.05667,0.08766,0.00000,0.10617,0.00317,0.00000,0.03804,0.01203,0.28653,0.15056,0.19549,0.03170,0.02894,0.00215,0.00088
0.00572,0.06988,0.00000,0.20242,0.00254,0.00000,0.22911,0.02774,0.01459,0.33649,0.00359,0.00707,0.00026,0.09159,0.00900
0.03270,0.00338,0.00489,0.18709,0.07729,0.00000,0.19526,0.05141,0.02344,0.24022,0.08119,0.09050,0.00462,0.00038,0.00763
0.08803,0.01479,0.00025,0.14461,0.00541,0.00000,0.09798,0.00005,0.04759,0.24428,0.07581,0.05425,0.11583,0.10953,0.00159
0.10929,0.00008,0.00000,0.02409,0.00049,0.00166,0.25574,0.01430,0.01271,0.34018,0.00429,0.02743,0.02143,0.18793,0.00039
0.00205,0.00000,0.00005,0.15847,0.00164,0.00000,0.06048,0.01101,0.20430,0.30049,0.09435,0.11676,0.00639,0.02522,0.01878
0.01482,0.00064,0.02649,0.19017,0.00004,0.00000,0.29930,0.00567,0.00539,0.33687,0.00159,0.09016,0.01911,0.00827,0.00148
0.00926,0.01420,0.00054,0.43618,0.01311,0.00000,0.06699,0.02043,0.00425,0.24845,0.00809,0.02793,0.04422,0.07951,0.02683
0.26499,0.02349,0.00000,0.07738,0.00030,0.00000,0.07231,0.33604,0.02829,0.05505,0.07698,0.03464,0.02625,0.00268,0.00160
0.00273,0.07524,0.00007,0.07656,0.00002,0.00000,0.24413,0.00109,0.12145,0.10443,0.00144,0.18579,0.11173,0.00047,0.07487
0.03830,0.00321,0.00000,0.21454,0.00017,0.00002,0.08705,0.00054,0.07129,0.26504,0.15825,0.02926,0.01808,0.04159,0.07267
0.03662,0.02602,0.00085,0.24060,0.03387,0.00000,0.03319,0.10627,0.19435,0.12473,0.06704,0.10054,0.03406,0.00039,0.00148
0.00435,0.04912,0.00000,0.41604,0.01068,0.00000,0.17878,0.01454,0.00814,0.09854,0.03828,0.17117,0.01004,0.00009,0.00025
0.05986,0.02236,0.00000,0.01164,0.00075,0.00094,0.00332,0.05105,0.05352,0.21688,0.04221,0.31666,0.00245,0.00001,0.21837
0.11503,0.01120,0.00441,0.40750,0.00051,0.00000,0.23837,0.02005,0.00060,0.02481,0.00011,0.08012,0.09637,0.00066,0.00025
0.00524,0.06725,0.00000,0.09457,0.00052,0.00000,0.08049,0.00063,0.01974,0.16303,0.44476,0.08562,0.01899,0.01916,0.00000
0.00703,0.01131,0.00000,0.10527,0.00177,0.00024,0.06872,0.00900,0.00531,0.56765,0.15645,0.00692,0.01824,0.00001,0.04208
0.20931,0.01562,0.00000,0.16541,0.01751,0.00000,0.13975,0.00136,0.00686,0.26746,0.00389,0.05311,0.00638,0.00161,0.11172
0.04315,0.02615,0.11643,0.22512,0.00280,0.00042,0.03523,0.03544,0.05540,0.18477,0.07407,0.06723,0.06611,0.03886,0.02881
0.00170,0.00824,0.00000,0.08151,0.06394,0.00093,0.12048,0.00965,0.11628,0.31025,0.00984,0.20719,0.04608,0.02301,0.00090
0.03120,0.00629,0.00000,0.40924,0.00591,0.00000,0.15559,0.00245,0.01162,0.05932,0.03258,0.18791,0.06902,0.01555,0.01331
0.00418,0.00087,0.00098,0.21544,0.00172,0.00000,0.35373,0.00616,0.01556,0.10348,0.16257,0.11372,0.01100,0.00007,0.01051
0.04860,0.17752,0.00829,0.03855,0.00070,0.00000,0.10963,0.02977,0.11218,0.23388,0.03097,0.13725,0.05553,0.00744,0.00970
0.00003,0.08953,0.00000,0.25388,0.00370,0.00000,0.13589,0.04186,0.00876,0.19216,0.03387,0.13296,0.02337,0.00393,0.08007
0.13929,0.00059,0.00120,0.16693,0.00000,0.00000,0.05053,0.10440,0.04735,0.08767,0.08293,0.15961,0.14705,0.00003,0.01242
0.01240,0.00263,0.00547,0.34295,0.00230,0.00000,0.08372,0.00811,0.00873,0.32718,0.07996,0.05329,0.00051,0.00753,0.06522
0.00497,0.07821,0.00247,0.26716,0.02904,0.00044,0.00440,0.00001,0.04900,0.10649,0.00323,0.26081,0.19285,0.00049,0.00044
0.10029,0.00421,0.00000,0.14123,0.07063,0.00000,0.11930,0.12924,0.00531,0.20945,0.05076,0.07172,0.05943,0.01095,0.02749
0.00015,0.11410,0.00528,0.03664,0.02338,0.00000,0.07460,0.00276,0.00065,0.18650,0.00706,0.08749,0.31812,0.12481,0.01848
0.13413,0.04776,0.01831,0.03508,0.00039,0.00000,0.03444,0.15759,0.00083,0.34151,0.00029,0.03259,0.09262,0.04204,0.06243
0.02370,0.00304,0.00000,0.02453,0.00166,0.00000,0.34131,0.05178,0.00721,0.04502,0.22829,0.11801,0.02560,0.04635,0.08350
0.13191,0.10278,0.00000,0.08274,0.00021,0.00000,0.10254,0.14399,0.00167,0.02884,0.17453,0.11207,0.03117,0.00000,0.08754
0.00678,0.06631,0.00000,0.19027,0.00909,0.00000,0.28523,0.00544,0.08648,0.09595,0.00054,0.11031,0.12332,0.00083,0.01946
