0.18272,0.21345,0.29387,0.30996
0.07659,0.08789,0.40711,0.42840
0.11505,0.16393,0.35362,0.36740
0.06304,0.06867,0.42614,0.44215
0.03784,0.03480,0.45470,0.47265
0.07189,0.07410,0.41704,0.43698
0.11130,0.11909,0.37759,0.39202
0.09452,0.09816,0.39703,0.41029
0.06359,0.06535,0.42809,0.44296
0.05611,0.06382,0.43359,0.44648
0.10812,0.12495,0.37402,0.39291
0.09157,0.10211,0.39284,0.41347
0.05446,0.05984,0.43321,0.45249
0.08710,0.09408,0.40149,0.41733
0.03895,0.03906,0.45259,0.46940
0.08788,0.09076,0.40301,0.41836
0.14944,0.12268,0.35701,0.37087
0.07672,0.06874,0.41906,0.43548
0.14185,0.10728,0.36649,0.38438
0.15225,0.16706,0.33482,0.34588
0.08614,0.09861,0.39902,0.41624
0.12514,0.14401,0.35654,0.37432
0.05841,0.08708,0.41944,0.43507
0.10733,0.10493,0.38651,0.40124
0.07071,0.07642,0.41688,0.43599
0.08306,0.06903,0.41496,0.43295
0.11326,0.11935,0.37306,0.39433
0.11096,0.07366,0.39924,0.41614
0.10964,0.12482,0.37721,0.38833
0.11102,0.14687,0.36425,0.37786
0.17218,0.20389,0.30476,0.31917
0.08249,0.08615,0.40482,0.42655
0.10922,0.11717,0.38233,0.39128
0.10327,0.11433,0.38420,0.39820
0.10469,0.10581,0.38823,0.40127
0.09412,0.09623,0.39508,0.41457
0.10352,0.11243,0.38691,0.39714
0.12594,0.10090,0.38174,0.39142
0.12298,0.14112,0.36274,0.37316
0.07397,0.07767,0.41976,0.42861
0.10312,0.09455,0.39300,0.40934
0.12037,0.13754,0.36354,0.37854
0.16292,0.12400,0.34910,0.36398
0.06841,0.07105,0.42108,0.43947
0.11283,0.12253,0.37410,0.39054
0.06808,0.08328,0.41609,0.43255
0.11583,0.13981,0.36430,0.38005
0.08751,0.16145,0.37013,0.38091
0.10091,0.09030,0.39734,0.41145
0.05006,0.05673,0.43870,0.45451
0.05431,0.05806,0.43803,0.44959
0.11654,0.11021,0.38092,0.39232
0.07936,0.09523,0.40622,0.41920
0.11338,0.11136,0.38068,0.39458
0.06074,0.07537,0.42396,0.43992
0.09020,0.10284,0.39838,0.40858
0.09114,0.09368,0.40058,0.41460
0.12046,0.10865,0.37841,0.39248
0.08287,0.09873,0.40034,0.41805
0.14777,0.16167,0.33898,0.35157
0.06463,0.06323,0.42870,0.44344
0.09139,0.09423,0.39860,0.41577
0.08261,0.09302,0.40526,0.41910
0.09142,0.10190,0.39668,0.40999
0.13118,0.13248,0.35944,0.37690
0.05309,0.05539,0.43773,0.45378
0.09401,0.09152,0.39681,0.41766
0.16723,0.14556,0.33971,0.34750
0.07082,0.08464,0.41745,0.42709
0.06806,0.07161,0.42568,0.43465
0.12074,0.13380,0.36573,0.37972
0.10918,0.10834,0.38192,0.40055
0.06181,0.06920,0.42893,0.44007
0.05558,0.05551,0.43499,0.45392
0.11830,0.10776,0.37871,0.39523
0.05177,0.05188,0.44276,0.45359
0.06488,0.06937,0.42490,0.44085
0.08687,0.09498,0.40213,0.41602
0.08536,0.08662,0.40483,0.42319
0.06329,0.06449,0.42759,0.44463
0.11535,0.14038,0.36517,0.37911
0.09336,0.09633,0.39702,0.41329
0.10675,0.08461,0.39696,0.41168
0.03984,0.04568,0.44882,0.46567
0.08795,0.10134,0.39816,0.41256
0.11266,0.15701,0.35689,0.37343
0.06904,0.07741,0.41873,0.43481
0.06155,0.06093,0.42877,0.44876
0.06486,0.09667,0.41373,0.42475
0.04720,0.04828,0.44547,0.45905
0.08527,0.08852,0.40478,0.42143
0.11700,0.13112,0.36714,0.38474
0.11351,0.12066,0.37621,0.38963
0.12661,0.09597,0.37893,0.39850
0.07357,0.07532,0.41616,0.43494
0.08850,0.09283,0.40082,0.41785
0.10965,0.10897,0.38643,0.39495
0.09309,0.09971,0.39436,0.41284
0.10018,0.12198,0.38199,0.39586
0.07021,0.07139,0.42324,0.43516
0.14306,0.14045,0.34870,0.36778
0.07150,0.04600,0.43252,0.44997
0.07303,0.08143,0.41592,0.42962
0.07475,0.08040,0.41465,0.43019
0.07642,0.09237,0.40680,0.42440
0.10016,0.11796,0.38430,0.39758
0.08330,0.09202,0.40552,0.41916
0.07966,0.07045,0.41564,0.43425
0.07514,0.07938,0.41502,0.43045
0.04820,0.05786,0.44036,0.45357
0.05380,0.05645,0.43533,0.45442
0.15510,0.13228,0.34837,0.36425
0.11516,0.11166,0.37862,0.39456
0.05874,0.06117,0.43307,0.44702
0.05309,0.05279,0.43945,0.45467
0.04886,0.05515,0.44103,0.45496
0.05386,0.05220,0.43631,0.45763
0.10008,0.10647,0.38954,0.40391
0.10316,0.12415,0.38100,0.39169
0.06828,0.07298,0.42311,0.43563
0.04908,0.04723,0.44467,0.45902
0.10760,0.12511,0.37700,0.39029
0.16058,0.18672,0.32001,0.33269
0.13591,0.11464,0.36715,0.38231
0.06021,0.06706,0.42854,0.44418
0.11279,0.13005,0.37170,0.38546
0.10317,0.11610,0.38255,0.39818
0.04522,0.04977,0.44377,0.46123
0.13333,0.13987,0.35867,0.36813
0.09810,0.11370,0.38881,0.39938
0.12754,0.13984,0.35857,0.37405
0.08715,0.11300,0.39238,0.40746
0.11766,0.13630,0.36459,0.38144
0.08906,0.08125,0.40663,0.42306
0.07286,0.07351,0.41691,0.43671
0.08093,0.08098,0.41125,0.42684
0.10073,0.10011,0.39172,0.40745
0.08945,0.09348,0.40268,0.41439
0.07868,0.08753,0.40889,0.42490
0.04893,0.04718,0.44337,0.46052
0.07729,0.08912,0.40791,0.42568
0.07509,0.07612,0.41686,0.43193
0.11230,0.10497,0.38523,0.39749
0.11961,0.08085,0.38877,0.41077
0.07195,0.06451,0.42321,0.44033
0.16783,0.11142,0.35400,0.36675
0.05775,0.06470,0.43015,0.44740
0.08357,0.09625,0.40182,0.41836
0.10165,0.08126,0.39971,0.41738
0.05120,0.05309,0.44052,0.45519
0.10960,0.13084,0.37139,0.38817
0.10837,0.12859,0.37430,0.38874
0.14126,0.15646,0.34635,0.35593
0.13257,0.11756,0.36904,0.38083
0.09030,0.09837,0.40032,0.41101
0.08740,0.09701,0.39982,0.41577
0.10035,0.09750,0.39289,0.40926
0.07966,0.09637,0.40342,0.42055
0.09256,0.08986,0.40382,0.41376
0.12734,0.15382,0.35284,0.36600
0.04880,0.05477,0.44003,0.45640
0.11290,0.11632,0.37860,0.39218
0.09622,0.09455,0.39567,0.41356
0.07864,0.08203,0.41239,0.42693
0.09890,0.10977,0.38862,0.40270
0.07966,0.06950,0.41743,0.43341
0.08937,0.09765,0.40044,0.41253
0.04468,0.04949,0.44580,0.46003
0.10760,0.12355,0.37853,0.39032
0.08138,0.08121,0.40843,0.42898
0.04199,0.03846,0.45267,0.46689
0.07880,0.08167,0.41332,0.42621
0.10406,0.12180,0.38073,0.39341
0.11420,0.12859,0.37079,0.38642
0.13238,0.13201,0.35961,0.37600
0.12177,0.13321,0.36648,0.37853
0.07935,0.10364,0.40392,0.41308
0.11525,0.14071,0.36594,0.37811
0.04805,0.04357,0.44507,0.46332
0.08018,0.08432,0.40965,0.42585
0.09913,0.09429,0.39630,0.41028
0.10693,0.11452,0.38231,0.39623
0.13370,0.14586,0.35197,0.36847
0.12021,0.12632,0.36878,0.38468
0.10668,0.11628,0.38156,0.39549
0.05989,0.06137,0.43202,0.44672
0.07834,0.08761,0.40898,0.42507
0.14452,0.18671,0.32816,0.34061
0.05484,0.05803,0.43647,0.45066
0.05859,0.05638,0.43201,0.45302
0.10584,0.11467,0.38206,0.39742
0.05749,0.06519,0.43045,0.44687
0.06888,0.07737,0.42002,0.43374
0.07202,0.07477,0.41931,0.43391
0.10201,0.10809,0.38916,0.40074
0.08406,0.10225,0.39792,0.41577
0.11756,0.14248,0.36183,0.37812
0.05563,0.05813,0.43363,0.45260
0.09699,0.12723,0.38303,0.39276
0.08859,0.18359,0.35809,0.36974
0.05560,0.05613,0.43475,0.45352
0.06940,0.07888,0.41600,0.43572
0.08319,0.09740,0.40366,0.41574
0.07971,0.06564,0.41852,0.43613
0.09012,0.09261,0.40402,0.41325
0.11271,0.14390,0.36271,0.38068
0.09209,0.10481,0.39602,0.40707
0.08255,0.09230,0.40552,0.41963
0.06366,0.06543,0.42939,0.44151
0.11737,0.15041,0.35685,0.37537
0.14044,0.17110,0.33812,0.35035
0.04872,0.04769,0.44341,0.46018
0.09123,0.10564,0.39569,0.40745
0.06692,0.07785,0.42051,0.43471
0.07941,0.11287,0.39613,0.41159
0.12228,0.14456,0.36097,0.37218
0.09246,0.07721,0.40930,0.42102
0.10884,0.12934,0.37186,0.38997
0.08330,0.06498,0.41754,0.43418
0.11170,0.15817,0.35890,0.37123
0.07146,0.07598,0.41616,0.43640
0.10723,0.14470,0.36698,0.38109
0.08317,0.08886,0.40603,0.42194
0.08248,0.10077,0.39998,0.41677
0.06062,0.06292,0.43283,0.44362
0.06833,0.06824,0.42708,0.43636
0.08189,0.07890,0.41332,0.42588
0.06775,0.11487,0.39985,0.41753
0.06782,0.07236,0.41854,0.44128
0.06581,0.07276,0.42351,0.43792
0.08259,0.09936,0.40257,0.41548
0.05884,0.06392,0.43089,0.44634
0.13918,0.16620,0.33921,0.35541
0.11956,0.13519,0.36644,0.37881
0.09507,0.09762,0.39540,0.41190
0.05500,0.06259,0.43260,0.44980
0.05894,0.06296,0.42970,0.44840
0.11271,0.12625,0.37161,0.38943
0.11627,0.14008,0.36538,0.37827
0.07645,0.13165,0.38693,0.40497
0.09237,0.11075,0.38898,0.40790
0.11272,0.12597,0.37436,0.38694
0.11942,0.13158,0.36455,0.38445
0.12034,0.11700,0.37722,0.38545
0.11242,0.16134,0.35307,0.37318
0.08218,0.12148,0.38786,0.40847
0.07210,0.08205,0.41451,0.43134
0.17250,0.19804,0.30763,0.32183
0.08085,0.09246,0.40441,0.42228
0.13553,0.14358,0.35531,0.36558
0.15344,0.12334,0.35253,0.37068
0.08080,0.13512,0.38418,0.39989
0.13001,0.15490,0.35235,0.36273
0.09060,0.08712,0.40518,0.41710
0.12699,0.11128,0.37243,0.38931
0.13335,0.15447,0.35100,0.36118
0.10146,0.09848,0.39280,0.40726
0.09357,0.09403,0.40121,0.41119
0.10772,0.10936,0.38557,0.39735
0.12007,0.10944,0.37778,0.39271
0.08939,0.08720,0.40452,0.41889
0.06308,0.08138,0.42196,0.43359
0.10793,0.11483,0.37896,0.39828
0.08340,0.09529,0.40521,0.41610
0.03243,0.03171,0.46023,0.47562
0.08395,0.06244,0.41691,0.43670
0.04075,0.03987,0.45208,0.46730
0.09690,0.10302,0.39186,0.40823
0.07579,0.09622,0.40490,0.42309
0.07904,0.07619,0.41599,0.42878
0.10115,0.10397,0.39173,0.40316
0.08992,0.11330,0.39143,0.40536
0.06284,0.09535,0.41485,0.42695
0.10790,0.12165,0.37963,0.39082
0.13470,0.14322,0.35536,0.36672
0.08337,0.07934,0.41112,0.42617
0.05860,0.05641,0.43229,0.45270
0.06601,0.06788,0.42245,0.44366
0.12238,0.10912,0.37417,0.39434
0.13050,0.08737,0.38279,0.39935
0.10247,0.10671,0.38686,0.40395
0.10313,0.19632,0.34488,0.35567
0.05005,0.05500,0.43980,0.45514
0.05799,0.06880,0.43007,0.44314
0.09438,0.10096,0.39479,0.40987
0.07104,0.10073,0.40432,0.42391
0.08412,0.09489,0.40156,0.41943
0.11690,0.13099,0.37321,0.37890
0.12627,0.11260,0.37339,0.38774
0.08300,0.16325,0.36935,0.38439
0.08335,0.09311,0.40320,0.42033
0.06834,0.07091,0.42042,0.44033
0.06127,0.06027,0.43053,0.44792
0.09066,0.10270,0.39595,0.41069
0.07288,0.07935,0.41436,0.43340
0.12304,0.12516,0.36757,0.38423
0.06269,0.06701,0.42574,0.44456
0.10206,0.11125,0.38574,0.40096
0.11443,0.14135,0.36351,0.38071
0.07511,0.07076,0.42049,0.43364
