0.17934,0.03242,0.04021,0.21774,0.12082,0.15542,0.21799,0.03606
0.06562,0.30704,0.02558,0.13191,0.04514,0.10629,0.02054,0.29789
0.06075,0.03502,0.12056,0.06967,0.06518,0.13971,0.47466,0.03446
0.08133,0.04073,0.32423,0.03319,0.10528,0.30847,0.05138,0.05539
0.05439,0.21027,0.20305,0.08359,0.15251,0.09356,0.06135,0.14128
0.16012,0.03810,0.08020,0.11311,0.16708,0.15629,0.24115,0.04396
0.03511,0.07772,0.20765,0.13613,0.04320,0.25661,0.20961,0.03398
0.07221,0.15104,0.20223,0.06347,0.21643,0.10921,0.01291,0.17250
0.10178,0.19601,0.19475,0.08400,0.20497,0.02305,0.01069,0.18476
0.19467,0.12908,0.16304,0.20059,0.11231,0.15851,0.01813,0.02369
0.15059,0.26307,0.06016,0.06370,0.14654,0.03964,0.02761,0.24871
0.04059,0.20547,0.10330,0.22333,0.05058,0.22756,0.01478,0.13439
0.16153,0.18171,0.19352,0.17358,0.12567,0.05139,0.00564,0.10695
0.09227,0.09117,0.25878,0.11824,0.08124,0.29699,0.03804,0.02328
0.10825,0.26055,0.03437,0.17561,0.04127,0.09492,0.03557,0.24946
0.38265,0.01892,0.01758,0.14754,0.30425,0.05613,0.05562,0.01731
0.25245,0.04519,0.01134,0.08095,0.36679,0.07844,0.01076,0.15408
0.13433,0.02021,0.01411,0.30209,0.16831,0.22385,0.01013,0.12697
0.10079,0.07261,0.17237,0.07025,0.09328,0.13624,0.29448,0.05998
0.10413,0.07530,0.25810,0.01784,0.11588,0.19324,0.20807,0.02744
0.04759,0.05627,0.05618,0.02826,0.37930,0.02465,0.05165,0.35609
0.15662,0.07338,0.09894,0.22110,0.06350,0.13650,0.22398,0.02598
0.08054,0.04148,0.04362,0.24983,0.19463,0.25665,0.00545,0.12780
0.19112,0.06254,0.05288,0.16324,0.09193,0.06805,0.32703,0.04321
0.17071,0.09089,0.19734,0.05581,0.17508,0.18668,0.08701,0.03648
0.35887,0.02726,0.02999,0.36203,0.07788,0.05525,0.05112,0.03761
0.15736,0.02833,0.01970,0.12666,0.05014,0.01805,0.57541,0.02435
0.13488,0.07380,0.07293,0.17072,0.24203,0.06473,0.00522,0.23569
0.09568,0.22855,0.15407,0.04399,0.12473,0.07712,0.09089,0.18498
0.16194,0.08789,0.05997,0.18651,0.02693,0.04724,0.38622,0.04331
0.05878,0.08973,0.23416,0.12561,0.12348,0.27373,0.00751,0.08701
0.27091,0.16418,0.06736,0.22905,0.08298,0.04624,0.01218,0.12711
0.31409,0.11327,0.03987,0.08488,0.27993,0.05365,0.01031,0.10400
0.10489,0.15525,0.22134,0.04245,0.10126,0.09403,0.26543,0.01536
0.18278,0.05850,0.05128,0.07372,0.18615,0.07912,0.33916,0.02929
0.12281,0.03295,0.08012,0.13406,0.24744,0.08535,0.04602,0.25125
0.22346,0.05488,0.04820,0.05433,0.19715,0.03093,0.35885,0.03220
0.21860,0.05781,0.06759,0.16314,0.07701,0.02481,0.37269,0.01834
0.09524,0.05836,0.10533,0.08785,0.27410,0.12954,0.02653,0.22305
0.07096,0.22605,0.22162,0.06982,0.19381,0.06871,0.00678,0.14224
0.10683,0.22777,0.06291,0.15159,0.08716,0.14459,0.02133,0.19783
0.07285,0.01396,0.06249,0.05882,0.07541,0.09248,0.59081,0.03318
0.10053,0.09804,0.11799,0.10204,0.07466,0.12050,0.33422,0.05203
0.13105,0.08868,0.09683,0.16100,0.21070,0.12740,0.01964,0.16470
0.09877,0.07515,0.10527,0.08289,0.27764,0.10200,0.02584,0.23244
0.10039,0.17679,0.17892,0.10653,0.19879,0.11174,0.01393,0.11291
0.15549,0.12882,0.10893,0.02004,0.15312,0.01462,0.39119,0.02779
0.20143,0.18162,0.22294,0.04525,0.19368,0.10329,0.01560,0.03618
0.13809,0.08786,0.04663,0.01835,0.37777,0.01712,0.01214,0.30204
0.23790,0.17897,0.11040,0.23339,0.07285,0.05946,0.02093,0.08612
0.28921,0.05707,0.04096,0.11402,0.30642,0.12164,0.02231,0.04838
0.12245,0.03253,0.03518,0.06945,0.36139,0.08106,0.04314,0.25481
0.11122,0.13528,0.12590,0.14307,0.18409,0.12953,0.01217,0.15873
0.08568,0.05197,0.12978,0.14573,0.18151,0.18225,0.05732,0.16576
0.09822,0.27083,0.28184,0.06165,0.07057,0.09613,0.02390,0.09685
0.07850,0.23553,0.14106,0.18469,0.05960,0.15435,0.02532,0.12096
0.19100,0.03745,0.06083,0.13143,0.29065,0.10059,0.01352,0.17454
0.09629,0.28331,0.03793,0.04516,0.08828,0.03151,0.13831,0.27921
0.10146,0.25202,0.05303,0.11857,0.11204,0.11244,0.01939,0.23105
0.36910,0.05305,0.05871,0.05731,0.35643,0.03148,0.04117,0.03274
0.29579,0.08511,0.10208,0.04917,0.34092,0.05295,0.01033,0.06364
0.20404,0.22771,0.11501,0.03993,0.19932,0.02971,0.04721,0.13707
0.22392,0.09517,0.09307,0.09064,0.29818,0.02591,0.02541,0.14769
0.30296,0.02135,0.09289,0.31877,0.06909,0.12384,0.03314,0.03795
0.11773,0.30994,0.02434,0.04459,0.12076,0.02232,0.02776,0.33256
0.29203,0.05470,0.12251,0.17898,0.15198,0.13017,0.01601,0.05362
0.19372,0.11160,0.07626,0.19560,0.13682,0.13601,0.09141,0.05858
0.13879,0.24562,0.02739,0.09522,0.13796,0.06490,0.03054,0.25957
0.18936,0.18136,0.03598,0.16523,0.11787,0.08206,0.05171,0.17643
0.15770,0.10124,0.12722,0.22018,0.08128,0.20159,0.02531,0.08546
0.13762,0.11896,0.14077,0.18585,0.14797,0.11883,0.01701,0.13298
0.18421,0.09060,0.02277,0.18277,0.20417,0.17397,0.03362,0.10789
0.22551,0.09917,0.07508,0.24320,0.14019,0.03624,0.01520,0.16542
0.08192,0.10603,0.17557,0.17828,0.11169,0.24461,0.02650,0.07540
0.29575,0.03115,0.09954,0.03460,0.35347,0.08653,0.02363,0.07533
0.17865,0.24315,0.18958,0.07964,0.16957,0.06088,0.00956,0.06898
0.06121,0.01069,0.01212,0.37539,0.08757,0.34386,0.02964,0.07951
0.14377,0.03236,0.07734,0.04096,0.35828,0.08409,0.01564,0.24755
0.17851,0.01525,0.02378,0.23448,0.02797,0.08404,0.41568,0.02029
0.18368,0.08570,0.09183,0.20291,0.18310,0.04502,0.03621,0.17154
0.22640,0.15433,0.13031,0.19465,0.06951,0.09431,0.01455,0.11593
0.03084,0.07336,0.05915,0.01756,0.37178,0.02354,0.04900,0.37476
0.05957,0.26452,0.26284,0.09146,0.06352,0.08449,0.15000,0.02360
0.03595,0.30820,0.03024,0.13834,0.03117,0.13894,0.00798,0.30917
0.06727,0.18564,0.16816,0.05125,0.06981,0.06647,0.32730,0.06410
0.13808,0.13646,0.21110,0.13886,0.12485,0.12805,0.01701,0.10558
0.03105,0.01595,0.04278,0.18147,0.03460,0.20002,0.46895,0.02518
0.10520,0.02582,0.08738,0.25389,0.13463,0.30885,0.02071,0.06353
0.07564,0.37704,0.01571,0.05654,0.04051,0.01229,0.03914,0.38313
0.04458,0.07017,0.06537,0.09379,0.32491,0.06829,0.00499,0.32790
0.14573,0.15015,0.09102,0.25847,0.08273,0.18815,0.00970,0.07405
0.03892,0.36271,0.19771,0.06068,0.03906,0.06194,0.04376,0.19521
0.09537,0.01269,0.25696,0.11648,0.05642,0.31016,0.13534,0.01659
0.09465,0.04092,0.04149,0.21240,0.22901,0.18355,0.01909,0.17889
0.07166,0.25391,0.24959,0.04115,0.07692,0.02658,0.24694,0.03325
0.14990,0.19390,0.03103,0.14115,0.14841,0.10388,0.02455,0.20718
0.23590,0.20316,0.05553,0.23355,0.05369,0.03098,0.01378,0.17342
0.06404,0.20427,0.31862,0.04500,0.05892,0.14645,0.13386,0.02884
0.23904,0.09529,0.12110,0.19242,0.16239,0.11497,0.01812,0.05668
0.10610,0.28654,0.04812,0.11211,0.05391,0.05014,0.04241,0.30066
0.09147,0.32204,0.12649,0.04479,0.10218,0.05855,0.02169,0.23279
0.25812,0.02015,0.03168,0.08981,0.36227,0.05509,0.00586,0.17702
0.25757,0.06464,0.02461,0.25794,0.15574,0.13116,0.02526,0.08309
0.07477,0.20561,0.13626,0.05723,0.07476,0.17658,0.07279,0.20200
0.20245,0.14248,0.09725,0.18080,0.13017,0.05235,0.08720,0.10730
0.21199,0.03790,0.03525,0.09203,0.32719,0.08064,0.04941,0.16559
0.09958,0.14496,0.14160,0.08876,0.04716,0.02170,0.42001,0.03624
0.07611,0.14923,0.14083,0.01666,0.29429,0.03594,0.03633,0.25061
0.20737,0.07995,0.10674,0.13193,0.21587,0.11291,0.02802,0.11721
0.04756,0.24096,0.09346,0.18341,0.05820,0.18456,0.00653,0.18533
0.08081,0.07635,0.05327,0.07174,0.05330,0.03290,0.58555,0.04608
0.06178,0.21292,0.21681,0.06149,0.04965,0.04010,0.30703,0.05022
0.09609,0.03202,0.03469,0.31624,0.12078,0.28822,0.02356,0.08839
0.31270,0.07381,0.09716,0.19617,0.19826,0.03961,0.01500,0.06729
0.17751,0.06884,0.06958,0.09450,0.30699,0.08838,0.01427,0.17993
0.09182,0.14347,0.17619,0.03783,0.08783,0.06033,0.37567,0.02686
0.26691,0.04731,0.04967,0.27770,0.06640,0.07920,0.18194,0.03088
0.15438,0.17126,0.10455,0.15581,0.14937,0.14750,0.03242,0.08471
0.05348,0.33320,0.10190,0.10010,0.05348,0.08484,0.00928,0.26372
0.19863,0.04573,0.10534,0.09412,0.26096,0.12791,0.02533,0.14200
0.17246,0.18544,0.05601,0.13119,0.15303,0.12829,0.01754,0.15605
0.09771,0.04380,0.09423,0.13472,0.25832,0.17367,0.01589,0.18165
0.08809,0.07098,0.07143,0.14560,0.07402,0.09217,0.40452,0.05320
0.09576,0.20890,0.30941,0.15072,0.02481,0.18252,0.00560,0.02227
0.15951,0.21406,0.04652,0.09102,0.16122,0.10299,0.01659,0.20809
0.13664,0.23542,0.02752,0.18345,0.07527,0.11039,0.01253,0.21878
0.15767,0.16356,0.09038,0.08487,0.16420,0.14386,0.04404,0.15141
0.09644,0.14145,0.15236,0.09009,0.05336,0.06439,0.33673,0.06518
0.13226,0.02719,0.05676,0.03325,0.38230,0.07416,0.02034,0.27373
0.10704,0.03282,0.02382,0.10201,0.12645,0.10337,0.47394,0.03055
0.12994,0.04892,0.06980,0.09465,0.29432,0.07720,0.02137,0.26380
0.08067,0.36401,0.28901,0.03733,0.07089,0.03979,0.01170,0.10659
0.22971,0.22817,0.12282,0.23373,0.02262,0.01445,0.03293,0.11556
0.03276,0.02148,0.01693,0.06569,0.39777,0.06520,0.02034,0.37983
0.03047,0.08636,0.24791,0.10708,0.04022,0.30320,0.13395,0.05081
0.14716,0.21533,0.20424,0.06706,0.19673,0.01958,0.03593,0.11397
0.08118,0.07062,0.02298,0.07415,0.04899,0.03574,0.60113,0.06522
0.09247,0.20113,0.11105,0.14458,0.10558,0.15105,0.03427,0.15986
0.10061,0.26462,0.20018,0.11834,0.10420,0.11350,0.00877,0.08978
0.17568,0.19806,0.21420,0.13229,0.09001,0.06690,0.07607,0.04680
0.06636,0.01383,0.01681,0.27768,0.18737,0.27656,0.02018,0.14119
0.03367,0.05962,0.04728,0.18715,0.03462,0.18865,0.41188,0.03712
0.07680,0.21382,0.04006,0.13404,0.12113,0.15444,0.00992,0.24980
0.04868,0.01495,0.11565,0.17379,0.09267,0.27967,0.21836,0.05623
0.11156,0.02511,0.08498,0.25836,0.10370,0.30632,0.08621,0.02376
0.04234,0.12454,0.17138,0.06315,0.21775,0.11897,0.01688,0.24499
0.18742,0.03562,0.03086,0.10534,0.15644,0.05076,0.39096,0.04259
0.11721,0.12205,0.12329,0.11346,0.10988,0.10544,0.29440,0.01427
0.09668,0.10550,0.06974,0.08573,0.26697,0.08890,0.06693,0.21956
0.28219,0.09006,0.09463,0.10054,0.29130,0.02333,0.02103,0.09693
0.14065,0.02058,0.11104,0.07413,0.10554,0.11174,0.40965,0.02667
0.25102,0.08688,0.11182,0.14755,0.18968,0.08822,0.08252,0.04231
0.29457,0.13568,0.03050,0.06912,0.26988,0.02094,0.04877,0.13054
0.12509,0.03997,0.20664,0.13798,0.13824,0.31257,0.01322,0.02629
0.02894,0.17212,0.18746,0.11664,0.04207,0.27321,0.00818,0.17137
0.24440,0.04009,0.05682,0.08910,0.21256,0.05282,0.26141,0.04279
0.08334,0.13009,0.09788,0.10167,0.24564,0.06693,0.01521,0.25924
0.10213,0.03245,0.02827,0.22434,0.03308,0.15300,0.40994,0.01679
0.21251,0.07708,0.16887,0.12736,0.18207,0.13767,0.01681,0.07763
0.11889,0.12338,0.14502,0.07308,0.15165,0.20379,0.03514,0.14906
0.16209,0.02595,0.02830,0.27436,0.17835,0.17312,0.01590,0.14193
0.04648,0.16698,0.16331,0.05118,0.27352,0.04366,0.01347,0.24140
0.23556,0.06774,0.06680,0.21536,0.07563,0.02611,0.28449,0.02832
0.15576,0.15667,0.06970,0.22352,0.04985,0.14875,0.01506,0.18070
0.16649,0.09130,0.15373,0.09584,0.23751,0.14429,0.01870,0.09214
0.11382,0.19594,0.21423,0.13228,0.13615,0.07854,0.01736,0.11167
0.16065,0.03047,0.10244,0.09763,0.28569,0.17064,0.01466,0.13782
0.10621,0.07678,0.04706,0.22754,0.18307,0.15963,0.01217,0.18754
0.23379,0.21281,0.03257,0.12591,0.14379,0.01574,0.03809,0.19730
0.22015,0.05384,0.10100,0.20281,0.14804,0.14150,0.01599,0.11666
0.16486,0.01658,0.11246,0.19719,0.18159,0.18726,0.00721,0.13286
0.11016,0.09450,0.09780,0.21826,0.16535,0.18151,0.02587,0.10656
0.07750,0.09085,0.15955,0.07645,0.20811,0.12354,0.03819,0.22581
0.02351,0.34230,0.24945,0.07673,0.06261,0.08248,0.01145,0.15146
0.17302,0.12118,0.11610,0.11129,0.24762,0.07460,0.02373,0.13246
0.01991,0.20888,0.14593,0.08143,0.06321,0.21819,0.01121,0.25125
0.16113,0.26633,0.12527,0.09128,0.14079,0.03822,0.01013,0.16686
0.10268,0.08185,0.21772,0.10016,0.14985,0.18692,0.01825,0.14256
0.04900,0.22554,0.05579,0.15712,0.08320,0.16930,0.01959,0.24047
0.23260,0.08443,0.08621,0.12516,0.26948,0.04408,0.03062,0.12742
0.20028,0.07350,0.11115,0.19521,0.02893,0.05043,0.32335,0.01714
0.12203,0.12564,0.11462,0.12730,0.21967,0.04044,0.04535,0.20495
0.19188,0.10126,0.07697,0.03610,0.32373,0.03582,0.06978,0.16446
0.18183,0.20599,0.06047,0.19745,0.05391,0.04467,0.07043,0.18524
0.19095,0.17155,0.02386,0.16770,0.14524,0.09563,0.02410,0.18097
0.15736,0.03804,0.14909,0.15397,0.17239,0.15162,0.01205,0.16548
0.13013,0.03790,0.02393,0.09138,0.35038,0.03711,0.01218,0.31700
0.02737,0.37307,0.18474,0.03171,0.04023,0.03171,0.08898,0.22221
0.21355,0.21883,0.08871,0.03835,0.23226,0.02761,0.00794,0.17276
0.15964,0.26129,0.03829,0.12253,0.10325,0.05106,0.01016,0.25378
0.08268,0.35618,0.05513,0.03387,0.07566,0.02359,0.04728,0.32562
0.19784,0.12618,0.16173,0.15351,0.17133,0.09777,0.01041,0.08124
0.18448,0.17160,0.11512,0.13482,0.13688,0.10705,0.01320,0.13684
0.18840,0.03689,0.03443,0.12460,0.31568,0.13764,0.00636,0.15599
0.10417,0.15187,0.03220,0.27936,0.04261,0.20444,0.03739,0.14796
0.14289,0.13359,0.16373,0.19331,0.13108,0.18787,0.01920,0.02833
0.12358,0.29283,0.06850,0.02519,0.16801,0.02002,0.01749,0.28438
0.25353,0.09934,0.06099,0.01422,0.25856,0.02708,0.22527,0.06101
0.29584,0.12851,0.05464,0.02292,0.31165,0.02615,0.04922,0.11107
0.13349,0.09876,0.09417,0.06216,0.13130,0.05595,0.36961,0.05455
0.19379,0.12508,0.08557,0.16532,0.19644,0.06096,0.02119,0.15164
0.05401,0.27494,0.06356,0.10717,0.05485,0.13632,0.02218,0.28698
0.30032,0.03348,0.02353,0.35807,0.09019,0.12936,0.01101,0.05405
0.16118,0.18771,0.19583,0.08055,0.10469,0.01700,0.24308,0.00996
0.04314,0.13965,0.07188,0.30498,0.02675,0.30114,0.01192,0.10055
0.14633,0.21807,0.02589,0.16523,0.09553,0.07227,0.03844,0.23824
0.05983,0.06003,0.05990,0.08679,0.32248,0.05360,0.03788,0.31950
0.16397,0.01128,0.03178,0.03664,0.18566,0.05592,0.48536,0.02938
0.11187,0.18738,0.16512,0.22901,0.06999,0.14760,0.01451,0.07454
0.12049,0.06271,0.06844,0.21369,0.18693,0.21583,0.01573,0.11619
0.11823,0.03029,0.05537,0.18977,0.24612,0.21415,0.00697,0.13908
0.07557,0.15032,0.18854,0.02679,0.25930,0.06987,0.03178,0.19784
0.03559,0.10448,0.08793,0.16216,0.06089,0.16842,0.31290,0.06762
0.17722,0.05991,0.07540,0.15918,0.21541,0.14857,0.03728,0.12704
0.11076,0.10827,0.19371,0.15177,0.11255,0.14778,0.06896,0.10619
0.11122,0.03965,0.04707,0.11654,0.32257,0.03384,0.02368,0.30542
0.12775,0.05891,0.05620,0.09938,0.15795,0.11904,0.32433,0.05642
0.04294,0.06745,0.07412,0.03808,0.04358,0.03088,0.66196,0.04099
0.11271,0.25253,0.11864,0.12654,0.08163,0.10748,0.02023,0.18023
0.05075,0.04191,0.03107,0.12264,0.31273,0.12002,0.01938,0.30151
0.03295,0.01569,0.03467,0.21221,0.07829,0.23039,0.33263,0.06317
0.07069,0.29240,0.06961,0.11347,0.05985,0.09887,0.06602,0.22911
0.03500,0.24613,0.16756,0.11080,0.03793,0.19821,0.01389,0.19048
0.19983,0.11067,0.12333,0.07129,0.20295,0.14742,0.06505,0.07946
0.07540,0.20672,0.06296,0.23558,0.04326,0.19912,0.01375,0.16322
0.14656,0.02981,0.27655,0.07861,0.12004,0.29278,0.03583,0.01982
0.17931,0.12046,0.17765,0.12162,0.08871,0.13369,0.09658,0.08199
0.19351,0.02197,0.01893,0.10401,0.36462,0.04537,0.01448,0.23711
0.26787,0.06021,0.10721,0.23838,0.14082,0.09312,0.01249,0.07990
0.09737,0.22095,0.12388,0.11006,0.05368,0.10611,0.11974,0.16820
0.07766,0.16885,0.17321,0.05910,0.24436,0.03068,0.03481,0.21133
0.22717,0.08195,0.07800,0.13279,0.23625,0.13860,0.08780,0.01743
0.12847,0.04649,0.03659,0.03808,0.36261,0.03925,0.06786,0.28065
0.17470,0.06333,0.10391,0.10149,0.17064,0.14691,0.20576,0.03326
0.02746,0.21922,0.08616,0.24329,0.02886,0.23152,0.00959,0.15389
0.05483,0.11117,0.24286,0.03117,0.20836,0.14973,0.02156,0.18032
0.27147,0.01764,0.07389,0.12762,0.17982,0.06704,0.24088,0.02163
0.08828,0.03665,0.02682,0.06583,0.07989,0.02013,0.62595,0.05645
0.31638,0.01284,0.04635,0.22047,0.22722,0.04815,0.01185,0.11674
0.17168,0.26291,0.21668,0.04668,0.15329,0.01681,0.06953,0.06240
0.26419,0.01763,0.01651,0.18676,0.10430,0.01973,0.36519,0.02569
0.08024,0.25965,0.14994,0.11575,0.08081,0.14140,0.02443,0.14778
0.10110,0.28025,0.28636,0.03892,0.10807,0.09512,0.01861,0.07158
0.08652,0.03677,0.06089,0.18878,0.21588,0.18317,0.01992,0.20807
0.13744,0.02819,0.03145,0.28424,0.12288,0.27147,0.10851,0.01581
0.10465,0.29587,0.11512,0.02899,0.11568,0.06934,0.01923,0.25112
0.18831,0.09450,0.08700,0.26082,0.04463,0.10422,0.17743,0.04310
0.22851,0.05066,0.10505,0.05263,0.33135,0.09945,0.00856,0.12379
0.17402,0.10274,0.15925,0.11902,0.09485,0.17272,0.07790,0.09948
0.10881,0.05811,0.04487,0.29586,0.11270,0.26100,0.04857,0.07009
0.25878,0.05483,0.04760,0.22644,0.14771,0.10687,0.13015,0.02762
0.09584,0.04340,0.17171,0.10776,0.20444,0.23281,0.00641,0.13763
0.32046,0.04245,0.04236,0.13212,0.30859,0.04226,0.03182,0.07993
0.12189,0.01583,0.01875,0.30137,0.15599,0.21301,0.03332,0.13983
0.06885,0.20848,0.19429,0.13907,0.13516,0.11437,0.01819,0.12158
0.12740,0.13017,0.11274,0.14250,0.19905,0.09036,0.03149,0.16629
0.13202,0.23020,0.23603,0.13605,0.07198,0.06436,0.10590,0.02348
0.02052,0.11448,0.10954,0.02135,0.02642,0.02276,0.66614,0.01878
0.17070,0.20660,0.07542,0.11760,0.13946,0.09106,0.04175,0.15741
0.08082,0.02660,0.01664,0.06481,0.07012,0.03020,0.67078,0.04003
0.17517,0.02685,0.02912,0.12857,0.14083,0.05103,0.38733,0.06110
0.06716,0.10943,0.13090,0.08773,0.04828,0.07985,0.44269,0.03396
0.12288,0.08547,0.10264,0.14589,0.23764,0.12851,0.02662,0.15034
0.21140,0.18564,0.07154,0.09764,0.17335,0.02456,0.09004,0.14582
0.15883,0.04704,0.03984,0.20489,0.02412,0.06392,0.43359,0.02778
0.05676,0.07351,0.11573,0.29340,0.06542,0.34264,0.02495,0.02759
0.22703,0.08327,0.06680,0.09129,0.19390,0.05294,0.22864,0.05613
0.15811,0.24464,0.11658,0.06351,0.16892,0.06814,0.01017,0.16994
0.08590,0.06375,0.15724,0.05586,0.06948,0.12178,0.40645,0.03955
0.05921,0.13684,0.23413,0.02868,0.08684,0.15738,0.22248,0.07445
0.08448,0.05360,0.02912,0.09502,0.06660,0.07628,0.54755,0.04734
0.26530,0.02990,0.03090,0.14114,0.18230,0.03991,0.29465,0.01590
0.14771,0.15297,0.05494,0.22214,0.10180,0.16045,0.01836,0.14162
0.07337,0.07003,0.05747,0.11086,0.28147,0.11829,0.04542,0.24309
0.05163,0.29191,0.32535,0.01582,0.05014,0.05922,0.17818,0.02775
0.32423,0.04248,0.04474,0.07064,0.33047,0.08969,0.05964,0.03811
0.08448,0.24685,0.24043,0.10204,0.11808,0.11929,0.01035,0.07848
0.07917,0.29983,0.06727,0.08657,0.04578,0.08261,0.04396,0.29481
0.34054,0.05083,0.09570,0.35975,0.02795,0.09088,0.01795,0.01639
0.10362,0.02871,0.01940,0.05452,0.39893,0.02685,0.02676,0.34122
0.07464,0.14601,0.17607,0.19537,0.07381,0.24292,0.00880,0.08239
0.17709,0.24364,0.14771,0.11831,0.11937,0.04177,0.03161,0.12050
0.03921,0.16546,0.29874,0.01745,0.06204,0.26277,0.00749,0.14685
0.12494,0.06083,0.10967,0.10676,0.24904,0.15930,0.04803,0.14142
0.11183,0.12218,0.10290,0.07148,0.08358,0.04445,0.41468,0.04891
0.24331,0.02774,0.06214,0.06484,0.33739,0.06949,0.05113,0.14397
0.18919,0.04338,0.08354,0.08778,0.28466,0.12716,0.03008,0.15421
0.20276,0.02319,0.18696,0.04272,0.26222,0.18283,0.01398,0.08533
0.29347,0.02305,0.04566,0.03205,0.41308,0.03976,0.01308,0.13984
0.08421,0.30348,0.11916,0.08551,0.09615,0.08024,0.01874,0.21251
0.06858,0.33287,0.05228,0.11102,0.03651,0.07380,0.01826,0.30668
0.14428,0.07733,0.09448,0.16937,0.04431,0.11395,0.29992,0.05635
0.03790,0.25094,0.04570,0.18944,0.03119,0.19698,0.00768,0.24018
0.04270,0.40512,0.06563,0.03570,0.03959,0.01200,0.03355,0.36571
0.06737,0.35026,0.25777,0.06119,0.06844,0.04833,0.02112,0.12551
0.19011,0.06461,0.07752,0.07586,0.29861,0.08297,0.02490,0.18543
0.07487,0.08495,0.04697,0.03487,0.07861,0.01152,0.60253,0.06567
0.24576,0.04326,0.02253,0.16383,0.20106,0.09948,0.18164,0.04244
0.28675,0.02416,0.02746,0.13282,0.33224,0.03450,0.00547,0.15659
0.19932,0.03172,0.18001,0.17581,0.13830,0.18701,0.00914,0.07868
