0.38631,0.33920,0.00259,0.00438,0.00438,0.00469,0.00480,0.03008,0.00291,0.22065
0.63898,0.26040,0.01590,0.00483,0.01799,0.00482,0.00454,0.00565,0.01027,0.03661
0.14495,0.27864,0.00234,0.00289,0.00228,0.14063,0.40739,0.00519,0.00295,0.01274
0.12466,0.23816,0.00202,0.00177,0.00160,0.00215,0.00187,0.38133,0.00147,0.24498
0.34193,0.26571,0.03316,0.04382,0.02654,0.13335,0.11400,0.00547,0.02854,0.00748
0.43874,0.54858,0.00109,0.00113,0.00077,0.00263,0.00255,0.00108,0.00154,0.00187
0.09905,0.31447,0.00334,0.00249,0.00269,0.04278,0.04021,0.32619,0.00212,0.16667
0.14640,0.10691,0.00294,0.00251,0.00272,0.00771,0.00727,0.00179,0.39548,0.32626
0.16391,0.19898,0.00578,0.00665,0.00576,0.16827,0.16303,0.00495,0.03388,0.24879
0.12705,0.84729,0.00116,0.00186,0.00133,0.00615,0.00531,0.00264,0.00320,0.00401
0.26726,0.36633,0.01586,0.01333,0.02128,0.01423,0.01493,0.01496,0.00699,0.26484
0.17788,0.21779,0.01091,0.00933,0.01026,0.24259,0.29192,0.00380,0.02863,0.00689
0.67959,0.30542,0.00106,0.00121,0.00133,0.00230,0.00243,0.00177,0.00192,0.00297
0.24568,0.26188,0.00282,0.00304,0.00283,0.00309,0.00305,0.00172,0.15142,0.32447
0.24564,0.33069,0.00403,0.00460,0.00339,0.20842,0.17781,0.00499,0.01285,0.00760
0.10219,0.88816,0.00069,0.00056,0.00071,0.00135,0.00146,0.00104,0.00212,0.00174
0.19924,0.26460,0.01702,0.01149,0.01425,0.13272,0.14308,0.10150,0.07032,0.04577
0.52703,0.36174,0.00275,0.00271,0.00271,0.01790,0.01894,0.02390,0.00434,0.03800
0.14803,0.18992,0.01060,0.01151,0.00853,0.07482,0.23799,0.01135,0.19870,0.10855
0.05290,0.05975,0.01546,0.00543,0.00437,0.16789,0.11749,0.00205,0.19121,0.38346
0.34114,0.46881,0.02218,0.01507,0.02091,0.02952,0.02874,0.05167,0.00581,0.01615
0.37798,0.25248,0.00340,0.00407,0.00312,0.01303,0.01251,0.07744,0.00404,0.25194
0.35646,0.62606,0.00121,0.00114,0.00109,0.00172,0.00164,0.00221,0.00258,0.00589
0.10089,0.11405,0.00268,0.00323,0.00276,0.00616,0.00539,0.00130,0.21343,0.55011
0.23853,0.19505,0.00848,0.00871,0.00574,0.00628,0.00679,0.24587,0.27969,0.00486
0.31364,0.66195,0.00170,0.00145,0.00139,0.00404,0.00461,0.00549,0.00270,0.00302
0.20254,0.15047,0.02748,0.02626,0.07666,0.03617,0.03054,0.14911,0.00235,0.29842
0.17514,0.60030,0.02245,0.03311,0.01284,0.01706,0.01707,0.01119,0.04926,0.06157
0.34922,0.37590,0.02746,0.00821,0.00658,0.06900,0.08687,0.02186,0.00963,0.04527
0.72958,0.26158,0.00070,0.00067,0.00060,0.00133,0.00130,0.00100,0.00126,0.00198
0.08935,0.89941,0.00083,0.00059,0.00081,0.00197,0.00165,0.00121,0.00146,0.00274
0.18506,0.38405,0.00325,0.00374,0.00363,0.00375,0.00406,0.00276,0.07106,0.33864
0.09629,0.07820,0.66725,0.00214,0.11127,0.00331,0.00292,0.00636,0.00456,0.02770
0.30976,0.36823,0.00360,0.00470,0.00393,0.01772,0.01959,0.00306,0.17998,0.08944
0.22457,0.35587,0.00360,0.38628,0.00330,0.00679,0.00688,0.00201,0.00400,0.00672
0.21953,0.28565,0.04967,0.04450,0.06358,0.06154,0.09861,0.14894,0.02309,0.00492
0.25848,0.63728,0.00376,0.00403,0.00399,0.00322,0.00301,0.05368,0.01049,0.02205
0.08279,0.14022,0.05551,0.12044,0.07399,0.06460,0.07525,0.03631,0.34628,0.00460
0.25498,0.31173,0.00688,0.00655,0.00775,0.04196,0.05088,0.18549,0.12932,0.00447
0.11414,0.25921,0.12441,0.05826,0.37556,0.00786,0.00857,0.00735,0.01569,0.02896
0.53753,0.45364,0.00067,0.00072,0.00072,0.00140,0.00133,0.00085,0.00136,0.00178
0.27115,0.31887,0.00435,0.00340,0.00419,0.01369,0.01419,0.00292,0.11964,0.24759
0.65451,0.21406,0.00178,0.00171,0.00146,0.00290,0.00275,0.00238,0.03830,0.08016
0.15067,0.16515,0.01352,0.00772,0.01010,0.22390,0.23274,0.00285,0.04674,0.14661
0.45014,0.51608,0.00175,0.00300,0.00198,0.00508,0.00435,0.00458,0.00340,0.00966
0.43544,0.54217,0.00157,0.00181,0.00178,0.00196,0.00213,0.00256,0.00745,0.00315
0.05975,0.06208,0.00280,0.00239,0.00258,0.00389,0.00337,0.69451,0.16709,0.00154
0.34157,0.52004,0.01102,0.00511,0.00937,0.00794,0.00768,0.01835,0.05328,0.02563
0.20981,0.14235,0.00326,0.00406,0.00477,0.21237,0.39891,0.00814,0.01093,0.00541
0.19704,0.77240,0.00272,0.00238,0.00238,0.00404,0.00389,0.00496,0.00293,0.00726
0.24307,0.49981,0.00497,0.00498,0.00427,0.11607,0.10752,0.00257,0.01067,0.00608
0.58575,0.38177,0.00183,0.00228,0.00167,0.00362,0.00350,0.00259,0.00822,0.00878
0.28209,0.67094,0.00188,0.00218,0.00250,0.01187,0.01364,0.00456,0.00344,0.00691
0.19769,0.72742,0.00287,0.00500,0.00334,0.02113,0.02047,0.00650,0.00920,0.00639
0.16047,0.16679,0.01019,0.00807,0.00910,0.09893,0.36323,0.00972,0.13751,0.03598
0.07833,0.08138,0.00381,0.00419,0.00345,0.00294,0.00317,0.52870,0.29211,0.00193
0.23255,0.54759,0.00346,0.11670,0.00339,0.00496,0.00502,0.00698,0.00653,0.07282
0.17879,0.14168,0.00424,0.00364,0.00285,0.13641,0.39168,0.12546,0.00781,0.00744
0.27654,0.71178,0.00107,0.00117,0.00110,0.00138,0.00157,0.00164,0.00181,0.00195
0.56463,0.39927,0.00147,0.00157,0.00134,0.00311,0.00285,0.00284,0.00386,0.01906
0.13210,0.12317,0.04136,0.01836,0.02157,0.21134,0.39249,0.00626,0.04638,0.00696
0.19505,0.17344,0.00200,0.00267,0.00286,0.00637,0.00626,0.56148,0.04788,0.00200
0.40080,0.33671,0.00929,0.00755,0.00887,0.00271,0.00279,0.00379,0.14100,0.08649
0.22982,0.20684,0.00308,0.00233,0.00288,0.15973,0.12784,0.00197,0.06599,0.19951
0.09576,0.09782,0.02922,0.02904,0.02741,0.15528,0.11644,0.16799,0.05666,0.22437
0.38709,0.29856,0.01624,0.01496,0.02243,0.03960,0.03525,0.00706,0.00694,0.17187
0.31877,0.24568,0.06466,0.01172,0.04028,0.02912,0.02781,0.00313,0.13273,0.12612
0.23600,0.32768,0.03291,0.04713,0.04981,0.02189,0.01912,0.00655,0.01522,0.24369
0.69431,0.28227,0.00093,0.00104,0.00077,0.00739,0.00673,0.00153,0.00251,0.00252
0.23289,0.28580,0.01400,0.00773,0.00814,0.14195,0.28653,0.00752,0.00844,0.00699
0.27042,0.16004,0.00302,0.00371,0.00256,0.11323,0.11179,0.00168,0.12656,0.20700
0.19003,0.37937,0.00175,0.00475,0.00445,0.00461,0.00480,0.00260,0.12259,0.28505
0.08339,0.08803,0.01591,0.01261,0.01412,0.10628,0.09908,0.00314,0.29988,0.27756
0.26774,0.66928,0.00600,0.00475,0.00546,0.01160,0.01186,0.00375,0.01118,0.00837
0.38520,0.50870,0.00903,0.00777,0.01055,0.01316,0.01479,0.01084,0.01247,0.02747
0.26848,0.18829,0.00571,0.01702,0.01525,0.05209,0.07167,0.34784,0.00413,0.02953
0.24586,0.34687,0.00705,0.00587,0.00624,0.10863,0.11309,0.01523,0.01367,0.13749
0.32556,0.32722,0.01468,0.01061,0.00695,0.00935,0.00739,0.13317,0.15327,0.01180
0.35906,0.50038,0.00190,0.00222,0.00197,0.05821,0.06572,0.00375,0.00229,0.00450
0.39866,0.34623,0.00180,0.00411,0.00406,0.00413,0.00344,0.00919,0.01263,0.21574
0.05394,0.04841,0.11383,0.03997,0.07186,0.01363,0.01779,0.22369,0.40397,0.01291
0.25648,0.71807,0.00476,0.00161,0.00459,0.00292,0.00256,0.00168,0.00339,0.00393
0.37475,0.33373,0.00862,0.00711,0.00505,0.01671,0.01714,0.01710,0.13381,0.08599
0.42973,0.29060,0.00444,0.00476,0.00441,0.10875,0.11451,0.00381,0.02239,0.01660
0.08522,0.90211,0.00077,0.00066,0.00083,0.00237,0.00259,0.00136,0.00153,0.00255
0.29637,0.69182,0.00088,0.00109,0.00084,0.00164,0.00145,0.00187,0.00175,0.00229
0.58270,0.40588,0.00086,0.00088,0.00084,0.00185,0.00190,0.00166,0.00156,0.00187
0.10446,0.12069,0.04618,0.01972,0.03889,0.09009,0.15632,0.23901,0.18157,0.00307
0.46516,0.24360,0.00494,0.00461,0.00496,0.00448,0.00437,0.00362,0.20716,0.05710
0.23287,0.27605,0.22708,0.02371,0.01322,0.06243,0.06760,0.01446,0.01768,0.06490
0.40891,0.50104,0.00670,0.00524,0.00488,0.02568,0.02445,0.00782,0.01026,0.00500
0.11848,0.14706,0.06445,0.04842,0.05117,0.01476,0.01617,0.08456,0.45206,0.00288
0.18525,0.59144,0.00314,0.00978,0.00345,0.08223,0.11297,0.00389,0.00307,0.00476
0.17118,0.76539,0.00278,0.00211,0.00181,0.01237,0.01286,0.01150,0.00341,0.01659
0.17948,0.70693,0.00448,0.00298,0.00363,0.01484,0.01408,0.00243,0.01566,0.05549
0.08778,0.08273,0.05218,0.09722,0.20131,0.09932,0.16227,0.15389,0.05771,0.00559
0.34255,0.64182,0.00101,0.00122,0.00102,0.00235,0.00239,0.00165,0.00282,0.00318
0.30952,0.25422,0.11150,0.06920,0.08615,0.01193,0.01244,0.05984,0.06856,0.01663
0.31875,0.37600,0.00229,0.00752,0.00503,0.06789,0.07590,0.00542,0.02324,0.11798
0.66420,0.27417,0.00236,0.00275,0.00210,0.00849,0.00946,0.00470,0.00709,0.02469
