0.09885,0.16134,0.10940,0.05277,0.10079,0.01279,0.01844,0.09727,0.01416,0.33417
0.07212,0.21964,0.03715,0.03577,0.14512,0.00549,0.02494,0.23974,0.01081,0.20922
0.09339,0.09002,0.03760,0.00809,0.06568,0.00705,0.06691,0.28855,0.03538,0.30733
0.02239,0.27179,0.02277,0.00933,0.01326,0.00492,0.02995,0.38277,0.00827,0.23456
0.01122,0.01776,0.09353,0.00671,0.01325,0.00341,0.01036,0.23275,0.00497,0.60602
0.03359,0.04727,0.06493,0.01925,0.02575,0.00777,0.04990,0.16428,0.03496,0.55229
0.01752,0.05811,0.04085,0.00823,0.01860,0.00407,0.01289,0.15355,0.00503,0.68115
0.02067,0.16280,0.17163,0.02022,0.07344,0.00968,0.02239,0.18745,0.00910,0.32262
0.05823,0.08576,0.08955,0.03321,0.07600,0.04735,0.20590,0.29279,0.02345,0.08776
0.01118,0.12388,0.20991,0.03964,0.01798,0.00489,0.02701,0.19814,0.01318,0.35418
0.05971,0.32757,0.08603,0.06568,0.04492,0.01257,0.04382,0.19294,0.02348,0.14328
0.06208,0.17484,0.04394,0.01809,0.14975,0.00765,0.04208,0.18500,0.01632,0.30026
0.01093,0.03591,0.27825,0.01267,0.01915,0.00460,0.04518,0.33483,0.01012,0.24836
0.01501,0.18335,0.21322,0.02480,0.01891,0.00329,0.06120,0.22607,0.01181,0.24234
0.04216,0.05046,0.31396,0.01765,0.01967,0.00535,0.04378,0.35600,0.00882,0.14214
0.01613,0.10756,0.12390,0.01216,0.04719,0.00527,0.12690,0.28716,0.04706,0.22667
0.03399,0.07133,0.15378,0.01489,0.02541,0.00629,0.05576,0.40380,0.01634,0.21842
0.03185,0.16169,0.26196,0.01466,0.03049,0.00496,0.03794,0.18935,0.01396,0.25314
0.02268,0.03704,0.17974,0.01466,0.02325,0.00837,0.01665,0.19092,0.00814,0.49855
0.03695,0.10569,0.02710,0.01498,0.03379,0.00490,0.02602,0.23245,0.00975,0.50836
0.01797,0.16414,0.02003,0.00704,0.04905,0.00387,0.02300,0.31397,0.00727,0.39365
0.03166,0.04636,0.03852,0.01192,0.03112,0.00581,0.18755,0.33934,0.03824,0.26948
0.08154,0.16016,0.02818,0.12531,0.18030,0.00524,0.02055,0.11249,0.00669,0.27954
0.01372,0.03496,0.03435,0.00656,0.01559,0.00262,0.01762,0.31966,0.00572,0.54920
0.01741,0.09062,0.03341,0.01516,0.04483,0.00358,0.11114,0.55187,0.00630,0.12567
0.12033,0.06371,0.15240,0.02557,0.11556,0.00440,0.05698,0.23353,0.01110,0.21643
0.04333,0.05401,0.08120,0.01741,0.04454,0.00343,0.03034,0.28881,0.00759,0.42933
0.01896,0.02647,0.04443,0.01344,0.02109,0.00394,0.01658,0.17990,0.00778,0.66741
0.07525,0.03771,0.05762,0.02978,0.13304,0.00837,0.03062,0.32965,0.01444,0.28351
0.01317,0.34766,0.03509,0.00810,0.17688,0.00561,0.11303,0.17626,0.01780,0.10639
0.01273,0.06499,0.04158,0.01163,0.04521,0.00377,0.02953,0.34573,0.00672,0.43810
0.03116,0.04744,0.11663,0.01651,0.03111,0.00499,0.23839,0.26817,0.02430,0.22129
0.00725,0.02323,0.04794,0.00447,0.00672,0.00196,0.01721,0.20853,0.00682,0.67587
0.02233,0.07943,0.20386,0.01331,0.01927,0.00485,0.05472,0.34204,0.01674,0.24346
0.05374,0.14585,0.18234,0.02637,0.04429,0.00726,0.04702,0.19974,0.01303,0.28036
0.03908,0.05375,0.06067,0.01434,0.02777,0.00382,0.02824,0.26594,0.01047,0.49593
0.05359,0.10518,0.15497,0.02472,0.04718,0.00930,0.06464,0.33385,0.01642,0.19016
0.04447,0.12190,0.14910,0.02098,0.06895,0.00845,0.09248,0.32403,0.02056,0.14909
0.01327,0.02914,0.03236,0.01016,0.01481,0.00472,0.02465,0.50896,0.00731,0.35463
0.02906,0.22291,0.04017,0.02057,0.02154,0.01063,0.10514,0.35926,0.01727,0.17344
0.01941,0.06060,0.07476,0.02589,0.02586,0.00874,0.11913,0.30180,0.15766,0.20614
0.01854,0.09454,0.04918,0.01294,0.08369,0.00468,0.03113,0.14068,0.00808,0.55655
0.02043,0.15219,0.12378,0.00851,0.01764,0.00390,0.02174,0.23588,0.00858,0.40735
0.02629,0.02571,0.06999,0.01011,0.01366,0.00460,0.01439,0.32995,0.00639,0.49889
0.04478,0.05608,0.12271,0.01487,0.03281,0.00538,0.07957,0.23119,0.03205,0.38057
0.06502,0.06381,0.03522,0.01567,0.05188,0.00448,0.06833,0.28964,0.01894,0.38700
0.03702,0.13291,0.04542,0.02964,0.09271,0.08544,0.04025,0.13040,0.02433,0.38188
0.05177,0.09347,0.07325,0.02797,0.05038,0.00781,0.18911,0.32876,0.01518,0.16232
0.00613,0.01180,0.01356,0.00361,0.00580,0.00200,0.01169,0.53639,0.00374,0.40528
0.02867,0.06518,0.07225,0.01313,0.03668,0.00653,0.13607,0.42552,0.00901,0.20697
0.02571,0.04460,0.05330,0.01306,0.03385,0.00496,0.14341,0.20837,0.13359,0.33914
0.01279,0.07747,0.02696,0.00990,0.26201,0.00746,0.04784,0.24989,0.01050,0.29517
0.04859,0.10606,0.19593,0.01693,0.03843,0.00642,0.06399,0.14259,0.08630,0.29476
0.22499,0.13992,0.04040,0.00639,0.11784,0.00452,0.01524,0.08939,0.01526,0.34605
0.01178,0.02940,0.04784,0.00763,0.01065,0.00349,0.01214,0.30604,0.00496,0.56608
0.05068,0.10246,0.27139,0.01593,0.03619,0.00578,0.02218,0.15179,0.00781,0.33579
0.10283,0.04400,0.07818,0.03677,0.06805,0.00934,0.02671,0.28060,0.01103,0.34250
0.06397,0.04866,0.13468,0.02897,0.05918,0.00793,0.05165,0.37692,0.01385,0.21420
0.01041,0.02463,0.02708,0.00564,0.00953,0.00257,0.01533,0.32417,0.00520,0.57543
0.06485,0.10294,0.25000,0.01756,0.04635,0.00662,0.10319,0.17884,0.07699,0.15267
0.03533,0.06670,0.14227,0.02018,0.02957,0.00691,0.03982,0.21425,0.02915,0.41582
0.08404,0.08641,0.10108,0.04133,0.03651,0.01154,0.08559,0.20104,0.01794,0.33452
0.02270,0.08533,0.10346,0.01375,0.02498,0.00281,0.02635,0.28643,0.00899,0.42520
0.03054,0.03876,0.07724,0.01469,0.02471,0.00683,0.05877,0.13077,0.34875,0.26894
0.01010,0.03257,0.25574,0.01071,0.01984,0.00731,0.02778,0.23890,0.01218,0.38487
0.09368,0.02533,0.07080,0.00944,0.01519,0.00479,0.03602,0.39832,0.00760,0.33884
0.02737,0.10117,0.05679,0.01151,0.02224,0.00293,0.02588,0.24949,0.00809,0.49453
0.01159,0.09254,0.36875,0.01037,0.01104,0.00410,0.02459,0.17633,0.00765,0.29303
0.02458,0.15559,0.16956,0.00912,0.02756,0.00484,0.03425,0.27959,0.01443,0.28048
0.03097,0.10773,0.23053,0.02440,0.04069,0.01197,0.03663,0.17553,0.01251,0.32902
0.01529,0.02638,0.04005,0.00976,0.01397,0.00586,0.02281,0.32898,0.00927,0.52763
0.02660,0.17728,0.09157,0.01396,0.05206,0.00767,0.21849,0.30863,0.01310,0.09063
0.01049,0.14925,0.08845,0.01589,0.11489,0.00428,0.04578,0.29059,0.00749,0.27288
0.06775,0.04483,0.20486,0.00954,0.02365,0.00293,0.01935,0.15987,0.00856,0.45866
0.03584,0.06972,0.09751,0.02038,0.05364,0.01055,0.21634,0.40435,0.00927,0.08242
0.02433,0.04354,0.07438,0.01705,0.02229,0.00586,0.03324,0.35215,0.01364,0.41353
0.01501,0.03222,0.03780,0.01014,0.01609,0.00304,0.02971,0.38371,0.00733,0.46495
0.02601,0.02788,0.08896,0.02647,0.02740,0.01155,0.05499,0.24579,0.03348,0.45749
0.02344,0.13942,0.22872,0.01421,0.02666,0.00778,0.03207,0.32359,0.00832,0.19579
0.03419,0.06564,0.13065,0.01934,0.03803,0.00528,0.02739,0.31660,0.00857,0.35430
0.01981,0.07794,0.12990,0.01109,0.01932,0.00425,0.01997,0.18137,0.01187,0.52448
0.03268,0.17374,0.01359,0.01093,0.02790,0.00470,0.03120,0.24176,0.00856,0.45493
0.06034,0.03831,0.31680,0.00762,0.06828,0.00427,0.05508,0.33542,0.00868,0.10519
0.00719,0.01237,0.01633,0.00373,0.00661,0.00151,0.01130,0.16272,0.00570,0.77255
0.07507,0.17635,0.13609,0.03761,0.07205,0.01881,0.07951,0.10508,0.10707,0.19236
0.06979,0.12571,0.07173,0.04119,0.02980,0.00775,0.03609,0.22040,0.01754,0.37999
0.03728,0.10372,0.03475,0.01330,0.02538,0.00508,0.12831,0.53890,0.00994,0.10334
0.04769,0.07965,0.05724,0.01426,0.03705,0.00380,0.03992,0.23470,0.01821,0.46747
0.01595,0.09278,0.05547,0.01217,0.02499,0.00389,0.01492,0.15503,0.00490,0.61989
0.02136,0.04642,0.11223,0.01239,0.01360,0.00922,0.03810,0.20420,0.01784,0.52464
0.04830,0.23650,0.08900,0.02232,0.04430,0.00635,0.08558,0.20589,0.01244,0.24933
0.01707,0.04916,0.38351,0.00947,0.01531,0.00435,0.06030,0.25521,0.00909,0.19653
0.04571,0.09225,0.06378,0.04230,0.04129,0.01599,0.20543,0.30425,0.01739,0.17161
0.03487,0.08302,0.25223,0.02071,0.03670,0.02660,0.04517,0.22267,0.01468,0.26335
0.04318,0.31221,0.15250,0.01766,0.03920,0.00483,0.08806,0.14240,0.02931,0.17064
0.10217,0.05767,0.18545,0.00894,0.05879,0.00450,0.03174,0.18566,0.01022,0.35487
0.02839,0.03161,0.08145,0.00735,0.01615,0.00313,0.02117,0.30366,0.01000,0.49709
0.01495,0.18413,0.04716,0.01344,0.11716,0.01077,0.02147,0.17811,0.01081,0.40200
0.02884,0.14229,0.38162,0.01787,0.05264,0.03267,0.10834,0.15784,0.01737,0.06053
0.09268,0.16505,0.08070,0.05830,0.12665,0.00644,0.04341,0.16121,0.01629,0.24926
