0.04529,0.08298,0.13851,0.00643,0.44527,0.03979,0.00980,0.01621,0.13653,0.07919
0.06633,0.01430,0.64806,0.01704,0.03285,0.11167,0.00894,0.04989,0.03111,0.01982
0.02147,0.02158,0.09142,0.03908,0.03437,0.31829,0.00420,0.33736,0.10894,0.02329
0.05845,0.01985,0.01248,0.01757,0.38684,0.18572,0.00912,0.18114,0.06098,0.06786
0.00878,0.23192,0.01612,0.41578,0.01529,0.03076,0.00536,0.01626,0.23090,0.02884
0.13867,0.04406,0.08189,0.01934,0.03378,0.12269,0.00629,0.27082,0.04068,0.24180
0.03977,0.07411,0.04332,0.00515,0.60576,0.02675,0.06206,0.06131,0.02500,0.05677
0.08616,0.12379,0.03255,0.15659,0.08238,0.19856,0.00352,0.17905,0.12580,0.01159
0.03511,0.20361,0.23186,0.01113,0.01986,0.14378,0.05796,0.17334,0.01291,0.11046
0.01625,0.01133,0.01138,0.06669,0.06233,0.42255,0.12254,0.24370,0.02844,0.01480
0.06205,0.10653,0.01075,0.00635,0.01674,0.17680,0.00571,0.16480,0.25575,0.19452
0.05686,0.23246,0.25847,0.05134,0.05826,0.11025,0.02653,0.09870,0.03747,0.06966
0.02773,0.13887,0.03477,0.05126,0.37863,0.05542,0.18573,0.06036,0.01135,0.05587
0.27753,0.06606,0.01925,0.14040,0.03778,0.20535,0.00855,0.18247,0.05588,0.00674
0.23487,0.13868,0.22263,0.04936,0.06942,0.12644,0.08770,0.01054,0.04196,0.01840
0.03856,0.02912,0.21643,0.00895,0.31887,0.19215,0.00368,0.01989,0.08696,0.08541
0.10649,0.02789,0.10751,0.02033,0.36312,0.17440,0.00965,0.15603,0.01636,0.01822
0.00920,0.23784,0.19955,0.00439,0.02644,0.21783,0.00920,0.02223,0.25564,0.01767
0.03495,0.00845,0.08443,0.48407,0.12051,0.09713,0.01663,0.07509,0.00706,0.07167
0.04358,0.12701,0.16507,0.08688,0.00970,0.20074,0.03020,0.08815,0.13328,0.11538
0.02673,0.11479,0.01759,0.01278,0.08521,0.13144,0.00519,0.09492,0.29482,0.21654
0.02393,0.01622,0.02419,0.33777,0.35648,0.07842,0.02211,0.07668,0.02103,0.04316
0.40884,0.24479,0.00897,0.01558,0.00424,0.02521,0.06290,0.01174,0.19596,0.02176
0.63423,0.01351,0.10604,0.01396,0.08240,0.06185,0.00515,0.03836,0.01036,0.03414
0.47469,0.10817,0.03983,0.11767,0.02517,0.04839,0.01630,0.02001,0.11378,0.03599
0.01688,0.27922,0.07097,0.01292,0.03509,0.08407,0.26273,0.12270,0.02644,0.08897
0.02517,0.02487,0.00668,0.34059,0.36456,0.03387,0.00910,0.09365,0.00839,0.09313
0.11800,0.25618,0.02412,0.04170,0.06448,0.35388,0.01381,0.08529,0.02898,0.01357
0.09070,0.26837,0.01729,0.01386,0.27484,0.10706,0.01696,0.08162,0.05120,0.07810
0.01360,0.13359,0.25709,0.16412,0.14145,0.06241,0.00916,0.03661,0.14589,0.03609
0.27509,0.01479,0.02242,0.00851,0.06654,0.29589,0.00484,0.28526,0.01863,0.00802
0.09072,0.15708,0.02610,0.00743,0.00818,0.20918,0.00331,0.18723,0.22660,0.08418
0.02434,0.00811,0.02872,0.00729,0.01271,0.27248,0.00888,0.25752,0.18728,0.19266
0.03246,0.07714,0.32217,0.12143,0.09663,0.04082,0.01029,0.05658,0.23740,0.00508
0.10865,0.19808,0.10112,0.03386,0.24194,0.06017,0.13713,0.01944,0.05564,0.04396
0.02449,0.27744,0.12844,0.01744,0.07526,0.11786,0.26832,0.05415,0.01920,0.01740
0.86312,0.00759,0.01914,0.00408,0.00933,0.05707,0.01058,0.01801,0.00522,0.00586
0.78335,0.06649,0.01163,0.00846,0.01318,0.02586,0.00692,0.00862,0.06943,0.00606
0.32608,0.01776,0.12394,0.00799,0.26614,0.07568,0.01703,0.03789,0.05679,0.07070
0.06093,0.01663,0.02562,0.12823,0.01228,0.15188,0.01245,0.36264,0.00564,0.22371
0.21681,0.03973,0.24942,0.17898,0.00860,0.21572,0.02369,0.03161,0.02379,0.01165
0.41081,0.02083,0.08585,0.04066,0.04848,0.15499,0.01713,0.11441,0.05627,0.05056
0.08894,0.42511,0.01997,0.00775,0.00680,0.01964,0.41299,0.00796,0.00432,0.00651
0.29540,0.09170,0.05221,0.01359,0.29675,0.09683,0.01566,0.03370,0.09181,0.01235
0.10737,0.01731,0.04928,0.01093,0.52777,0.09889,0.02942,0.09870,0.01154,0.04879
0.06810,0.05598,0.11186,0.28770,0.27420,0.07551,0.01300,0.03810,0.03240,0.04315
0.01543,0.44363,0.00972,0.00746,0.01080,0.03321,0.00312,0.01979,0.44886,0.00798
0.29680,0.01462,0.02560,0.00936,0.25792,0.17857,0.03245,0.13006,0.03192,0.02269
0.03212,0.10533,0.13524,0.26483,0.26685,0.03919,0.00821,0.06657,0.02569,0.05597
0.14159,0.04233,0.12215,0.01572,0.11185,0.18049,0.00903,0.06085,0.17035,0.14564
0.65904,0.06507,0.03471,0.01810,0.07589,0.03139,0.00644,0.01715,0.07156,0.02065
0.31449,0.09536,0.26729,0.05468,0.05004,0.10489,0.02903,0.02443,0.04980,0.00999
0.00678,0.01324,0.01372,0.05747,0.54031,0.14866,0.16359,0.02795,0.00655,0.02172
0.06095,0.01705,0.08451,0.12945,0.32188,0.17456,0.01242,0.14318,0.01433,0.04167
0.00752,0.16874,0.02250,0.00889,0.48477,0.05820,0.00372,0.05509,0.17567,0.01490
0.10646,0.10696,0.14179,0.00537,0.46140,0.01369,0.12179,0.01607,0.00477,0.02170
0.27132,0.13146,0.01646,0.02682,0.02060,0.04609,0.08497,0.01899,0.20247,0.18082
0.13615,0.22925,0.28935,0.02819,0.04025,0.12538,0.00645,0.06781,0.05783,0.01935
0.02604,0.03453,0.06092,0.02071,0.69197,0.05021,0.05685,0.02411,0.01887,0.01581
0.45499,0.02188,0.02311,0.01115,0.09494,0.16082,0.01008,0.16812,0.03612,0.01878
0.23439,0.06649,0.03161,0.01007,0.17356,0.20033,0.00336,0.19430,0.07885,0.00704
0.02167,0.03712,0.35675,0.00563,0.06762,0.38418,0.04169,0.03655,0.01816,0.03062
0.01045,0.08543,0.04392,0.53043,0.13567,0.06324,0.00441,0.03000,0.08050,0.01594
0.04850,0.03010,0.01685,0.13477,0.14716,0.26890,0.01016,0.26486,0.03017,0.04853
0.07614,0.09245,0.01157,0.06741,0.39645,0.14232,0.00822,0.10104,0.09244,0.01196
0.00880,0.00692,0.00578,0.00609,0.01111,0.47892,0.44245,0.00437,0.01321,0.02234
0.46042,0.01144,0.03244,0.01185,0.15625,0.18845,0.09681,0.01826,0.01264,0.01143
0.03240,0.00970,0.02132,0.00580,0.00412,0.02411,0.00463,0.31140,0.13353,0.45299
0.16123,0.10904,0.13655,0.02003,0.01084,0.20079,0.05781,0.13182,0.10441,0.06747
0.06014,0.04225,0.03376,0.31559,0.06802,0.15833,0.09601,0.09799,0.04367,0.08422
0.11457,0.13714,0.04793,0.00743,0.06108,0.17152,0.01463,0.21662,0.12278,0.10629
0.03992,0.16106,0.02929,0.05998,0.02968,0.05676,0.15810,0.02957,0.21297,0.22267
0.01586,0.29348,0.03562,0.01041,0.26171,0.05751,0.00780,0.01186,0.29857,0.00719
0.01115,0.01750,0.37752,0.00399,0.08802,0.36052,0.00560,0.04963,0.03523,0.05084
0.33653,0.14918,0.02956,0.05361,0.15957,0.04090,0.01954,0.01481,0.09620,0.10010
0.03790,0.15453,0.03979,0.01729,0.15844,0.22475,0.00245,0.25786,0.02106,0.08594
0.66168,0.01150,0.06032,0.00493,0.04217,0.10890,0.00832,0.07524,0.01225,0.01469
0.02811,0.08031,0.23505,0.00932,0.05415,0.30175,0.02640,0.12107,0.09776,0.04608
0.25376,0.01135,0.01699,0.03904,0.00718,0.34162,0.01219,0.29070,0.00971,0.01745
0.12085,0.01394,0.05152,0.04360,0.32868,0.11423,0.01083,0.18804,0.01628,0.11203
0.04010,0.25098,0.08263,0.01331,0.00957,0.21480,0.20510,0.13224,0.03070,0.02058
0.04696,0.01252,0.12667,0.23850,0.02058,0.34756,0.00347,0.07141,0.10354,0.02881
0.06542,0.09529,0.04750,0.22873,0.00923,0.06386,0.00836,0.19867,0.09849,0.18446
0.01103,0.01488,0.01126,0.01830,0.88774,0.01777,0.00450,0.00848,0.01892,0.00711
0.03840,0.04799,0.02322,0.55030,0.04363,0.10260,0.01645,0.10841,0.03699,0.03202
0.01413,0.04627,0.03317,0.01751,0.01433,0.02200,0.05667,0.26981,0.12401,0.40211
0.25899,0.01140,0.01645,0.02072,0.05853,0.12530,0.01861,0.16566,0.12920,0.19514
0.02863,0.00894,0.02562,0.49464,0.36549,0.04553,0.00375,0.01594,0.00694,0.00452
0.05947,0.16224,0.17288,0.01668,0.01648,0.27358,0.03591,0.24319,0.01169,0.00789
0.04576,0.19746,0.07554,0.03029,0.17627,0.10279,0.05798,0.02392,0.19016,0.09983
0.02023,0.31428,0.07768,0.06018,0.25665,0.13730,0.01001,0.05574,0.05865,0.00928
0.07362,0.14959,0.12670,0.00872,0.01862,0.23141,0.15866,0.17802,0.01832,0.03633
0.07333,0.00758,0.02687,0.04048,0.26097,0.24043,0.08871,0.13302,0.06553,0.06307
0.19375,0.16713,0.20658,0.02453,0.01275,0.07249,0.01254,0.13508,0.06657,0.10858
0.68354,0.02762,0.04071,0.00778,0.00487,0.09721,0.02495,0.09327,0.01055,0.00952
0.07722,0.00589,0.01255,0.01037,0.00602,0.43255,0.00417,0.42307,0.01545,0.01272
0.28963,0.01174,0.06867,0.26500,0.19065,0.08055,0.00380,0.06566,0.01286,0.01144
0.14776,0.08342,0.05529,0.00606,0.01373,0.10592,0.04681,0.29860,0.01692,0.22551
0.01416,0.17616,0.30011,0.12028,0.05264,0.13160,0.01184,0.03128,0.14727,0.01466
0.76902,0.01807,0.01620,0.01064,0.00993,0.04253,0.01102,0.03136,0.04645,0.04477
0.33009,0.09767,0.02789,0.02942,0.26273,0.06807,0.10958,0.02001,0.02944,0.02510
0.03419,0.01583,0.04560,0.15435,0.23505,0.10586,0.00552,0.22173,0.03171,0.15017
0.01246,0.06275,0.14825,0.05237,0.07796,0.26278,0.00502,0.23353,0.12546,0.01941
0.01266,0.10052,0.21903,0.02474,0.03802,0.41952,0.01046,0.15839,0.00681,0.00985
0.27524,0.23147,0.04110,0.03719,0.00630,0.12898,0.04732,0.04500,0.18203,0.00537
0.01076,0.16335,0.02978,0.05762,0.16652,0.15259,0.00403,0.18967,0.16486,0.06083
0.10156,0.04574,0.08000,0.33036,0.28479,0.05907,0.03784,0.02375,0.01961,0.01728
0.07762,0.16682,0.14124,0.03763,0.03721,0.17521,0.16243,0.14830,0.01855,0.03500
0.02480,0.01743,0.02819,0.19574,0.18125,0.29859,0.01021,0.07520,0.06431,0.10429
0.62033,0.01146,0.02595,0.06577,0.05925,0.10854,0.03218,0.03963,0.01236,0.02453
0.01133,0.10732,0.11461,0.02444,0.02248,0.32506,0.07160,0.28989,0.02208,0.01120
0.12492,0.37474,0.35046,0.00919,0.01709,0.05233,0.00635,0.03246,0.00807,0.02438
0.29013,0.24097,0.02134,0.02071,0.12681,0.04101,0.20941,0.02344,0.01358,0.01261
0.04263,0.13480,0.17639,0.00760,0.01188,0.31743,0.19985,0.06263,0.02410,0.02268
0.01556,0.01660,0.04947,0.15192,0.00588,0.07410,0.00697,0.04830,0.31259,0.31861
0.01996,0.02428,0.00933,0.43085,0.01805,0.13662,0.00921,0.11838,0.11429,0.11903
0.29188,0.12665,0.03158,0.01843,0.23013,0.04462,0.00653,0.03629,0.15698,0.05690
0.05151,0.24620,0.10017,0.18370,0.02335,0.12207,0.13716,0.01943,0.10355,0.01285
0.03586,0.01658,0.02062,0.33923,0.00889,0.27826,0.01145,0.24219,0.02448,0.02242
0.15269,0.01265,0.01627,0.02373,0.02284,0.27525,0.13728,0.02673,0.14359,0.18896
0.38038,0.21708,0.03006,0.01718,0.00449,0.02427,0.19574,0.00938,0.06479,0.05665
0.47658,0.20104,0.02543,0.01832,0.04119,0.12499,0.06686,0.02478,0.00810,0.01270
0.03836,0.32967,0.01991,0.02080,0.05637,0.05765,0.01942,0.02534,0.36920,0.06327
0.01866,0.34228,0.02196,0.18133,0.02045,0.02382,0.01352,0.00953,0.34572,0.02275
0.11774,0.11233,0.05778,0.01614,0.08857,0.28602,0.00765,0.27623,0.02026,0.01728
0.24074,0.12635,0.02580,0.00565,0.00758,0.24241,0.07451,0.22027,0.04790,0.00879
0.31717,0.08889,0.19926,0.00800,0.01092,0.14670,0.00558,0.01805,0.15040,0.05503
0.20468,0.30583,0.01541,0.00683,0.03360,0.07788,0.24682,0.05678,0.03929,0.01289
0.62669,0.07858,0.05839,0.04139,0.09357,0.03361,0.00793,0.02799,0.00901,0.02285
0.02130,0.15587,0.04064,0.08021,0.02063,0.14996,0.07262,0.18717,0.11508,0.15652
0.18320,0.12218,0.04606,0.01751,0.20358,0.03736,0.10514,0.02252,0.12954,0.13290
0.45200,0.13314,0.11352,0.03626,0.01687,0.06808,0.02099,0.01532,0.12891,0.01491
0.03839,0.04758,0.15359,0.04164,0.12716,0.38022,0.16301,0.02026,0.02302,0.00512
0.04390,0.05976,0.04226,0.24475,0.22327,0.22729,0.03854,0.08577,0.01733,0.01714
0.04660,0.37854,0.39176,0.01709,0.01835,0.04132,0.01753,0.04480,0.02089,0.02312
0.26173,0.01370,0.02021,0.00921,0.46200,0.02243,0.00418,0.10422,0.00917,0.09314
0.01821,0.01994,0.04976,0.00552,0.03124,0.41189,0.02437,0.36690,0.03505,0.03712
0.38190,0.01833,0.16048,0.01694,0.15434,0.13028,0.00196,0.10783,0.02248,0.00547
0.56992,0.03611,0.04959,0.03334,0.03587,0.12758,0.03377,0.07346,0.02114,0.01923
0.05279,0.01257,0.02831,0.01795,0.69847,0.10579,0.05696,0.01470,0.00826,0.00420
0.21266,0.01753,0.02090,0.02567,0.01649,0.19173,0.12103,0.01179,0.17745,0.20475
0.72223,0.01504,0.04858,0.00222,0.01021,0.05006,0.00855,0.07084,0.00970,0.06257
0.02777,0.01491,0.07958,0.02126,0.01038,0.46772,0.24000,0.11559,0.01207,0.01071
0.01489,0.05013,0.62343,0.04657,0.00662,0.15444,0.01326,0.04185,0.02442,0.02440
0.25535,0.04508,0.13873,0.05344,0.05072,0.09165,0.02208,0.03324,0.17841,0.13130
0.23335,0.01627,0.05736,0.00672,0.31364,0.16853,0.01414,0.11825,0.03819,0.03356
0.00744,0.00823,0.03120,0.49257,0.09889,0.05894,0.01292,0.01870,0.12113,0.14997
0.02176,0.07594,0.10156,0.15605,0.35996,0.07029,0.06219,0.05456,0.06840,0.02930
0.01256,0.01871,0.05654,0.18242,0.21290,0.25988,0.00698,0.20881,0.02847,0.01271
0.12254,0.17720,0.01021,0.28422,0.01448,0.11220,0.01217,0.07429,0.17975,0.01295
0.03983,0.21302,0.10475,0.02954,0.18480,0.12184,0.00687,0.06328,0.12042,0.11565
0.22089,0.01067,0.03884,0.12943,0.01550,0.24595,0.00604,0.26814,0.01202,0.05251
0.06253,0.23415,0.03390,0.01133,0.02363,0.08803,0.16455,0.05764,0.19123,0.13300
0.20704,0.19373,0.05205,0.00906,0.01575,0.17236,0.03290,0.06876,0.22106,0.02728
0.05167,0.08153,0.23048,0.03202,0.00903,0.27884,0.08724,0.11617,0.02401,0.08900
0.08850,0.07521,0.01266,0.01664,0.63785,0.04888,0.00635,0.01777,0.08492,0.01121
0.01405,0.13171,0.01279,0.00492,0.65042,0.02736,0.12567,0.00938,0.01545,0.00826
0.00608,0.15338,0.01000,0.00994,0.43975,0.09070,0.00436,0.08449,0.17199,0.02933
0.08217,0.03276,0.11038,0.35995,0.34066,0.02890,0.00369,0.01437,0.01277,0.01436
0.03036,0.09374,0.25052,0.01284,0.20187,0.17644,0.01058,0.13698,0.06480,0.02186
0.01867,0.31091,0.05572,0.02326,0.09201,0.10720,0.31002,0.05770,0.00850,0.01600
0.01479,0.01095,0.01989,0.07652,0.09739,0.44682,0.01247,0.27535,0.01475,0.03106
0.04400,0.16712,0.01305,0.28281,0.00773,0.17285,0.23127,0.04475,0.02202,0.01440
0.07528,0.03773,0.19270,0.06237,0.07993,0.23988,0.03802,0.10591,0.08870,0.07949
0.13676,0.02343,0.19771,0.00992,0.07098,0.34001,0.08353,0.09251,0.02804,0.01710
0.06178,0.02276,0.25769,0.00644,0.02413,0.38546,0.09684,0.03197,0.04591,0.06703
0.01301,0.01094,0.01162,0.14382,0.08994,0.39368,0.22379,0.09818,0.00698,0.00804
0.00851,0.05977,0.06993,0.00685,0.27742,0.21302,0.08458,0.16849,0.05802,0.05341
0.55682,0.01523,0.02168,0.01016,0.03389,0.16346,0.00472,0.15388,0.02376,0.01641
0.00841,0.00809,0.05283,0.06825,0.00654,0.44866,0.37514,0.01056,0.01115,0.01037
0.03617,0.08342,0.05668,0.00397,0.01007,0.41006,0.05200,0.24248,0.09443,0.01072
0.02518,0.00939,0.32878,0.17157,0.08002,0.33085,0.01239,0.01346,0.01326,0.01510
0.12657,0.02534,0.08457,0.03428,0.00927,0.12552,0.02636,0.01888,0.26404,0.28517
0.16691,0.01544,0.01655,0.32373,0.23243,0.20562,0.00955,0.00652,0.01583,0.00742
0.51704,0.01276,0.14173,0.04203,0.01505,0.07321,0.02996,0.00936,0.07462,0.08425
0.02710,0.01050,0.30145,0.10222,0.05551,0.05871,0.00569,0.10293,0.31572,0.02017
0.01145,0.05426,0.01675,0.17019,0.00900,0.34050,0.00966,0.31968,0.05913,0.00939
0.01399,0.03797,0.51432,0.00692,0.02205,0.29823,0.00831,0.03206,0.04613,0.02002
0.02839,0.11588,0.07824,0.00646,0.11317,0.26971,0.11639,0.25586,0.00665,0.00924
0.03292,0.02868,0.05448,0.00720,0.00745,0.41183,0.00660,0.39147,0.03012,0.02925
0.07690,0.01954,0.03516,0.52281,0.28104,0.01745,0.01702,0.00902,0.01032,0.01072
0.04114,0.01135,0.01969,0.01127,0.04095,0.46086,0.06217,0.33216,0.01246,0.00795
0.25588,0.20498,0.01353,0.04091,0.22509,0.02664,0.00464,0.01607,0.20696,0.00530
0.02206,0.01558,0.28088,0.01325,0.22010,0.08230,0.00561,0.17687,0.01716,0.16618
0.01452,0.05286,0.03702,0.50985,0.07249,0.10107,0.01045,0.10685,0.04433,0.05058
0.01797,0.00638,0.00729,0.26715,0.27878,0.02013,0.00305,0.20305,0.00436,0.19183
0.10045,0.19806,0.04624,0.10813,0.01458,0.16816,0.00822,0.14278,0.19122,0.02217
0.14617,0.15078,0.09156,0.13177,0.12258,0.15380,0.00777,0.10109,0.06312,0.03135
0.06568,0.18098,0.01933,0.01549,0.00381,0.08736,0.00576,0.06108,0.35600,0.20449
0.51902,0.01852,0.08497,0.03307,0.05027,0.13319,0.00792,0.01706,0.06301,0.07298
0.00638,0.00578,0.00664,0.01096,0.01800,0.47396,0.44059,0.00745,0.02285,0.00740
0.56403,0.07910,0.07466,0.04656,0.01421,0.08634,0.00405,0.03161,0.08155,0.01790
0.06759,0.00959,0.04716,0.14024,0.01302,0.36818,0.27093,0.03651,0.01743,0.02936
0.02955,0.33120,0.05409,0.00612,0.02636,0.12612,0.03547,0.05567,0.31478,0.02063
0.16535,0.00686,0.05406,0.08818,0.48919,0.06605,0.01657,0.06032,0.01387,0.03956
0.01582,0.12483,0.04651,0.27757,0.06265,0.11631,0.01664,0.05821,0.18196,0.09951
0.04241,0.08097,0.28813,0.08855,0.01313,0.23613,0.01743,0.15522,0.06253,0.01550
0.27254,0.02612,0.05184,0.33128,0.04435,0.14933,0.03040,0.06399,0.01169,0.01845
0.25307,0.03329,0.07214,0.03714,0.23174,0.19636,0.05063,0.10815,0.00576,0.01173
0.50384,0.00584,0.07109,0.01678,0.33427,0.03756,0.00502,0.01598,0.00526,0.00436
0.03315,0.03984,0.35754,0.02636,0.03265,0.04351,0.00989,0.03942,0.38057,0.03707
0.22388,0.02102,0.02520,0.28804,0.08558,0.05487,0.00385,0.15809,0.01857,0.12089
0.03014,0.01004,0.36307,0.01633,0.16032,0.30470,0.01936,0.03315,0.02375,0.03913
0.01765,0.01056,0.44849,0.07546,0.01212,0.37478,0.00577,0.01279,0.02214,0.02023
0.18953,0.21644,0.04755,0.00885,0.01781,0.32084,0.00760,0.13183,0.03120,0.02835
0.53847,0.02388,0.10811,0.00893,0.09186,0.12567,0.02987,0.02829,0.01917,0.02575
0.27839,0.19255,0.15300,0.04507,0.05684,0.14208,0.03839,0.05646,0.01753,0.01970
0.07132,0.17204,0.02089,0.07745,0.10030,0.14525,0.10968,0.16630,0.06637,0.07039
0.07287,0.17956,0.15070,0.18110,0.19646,0.06665,0.02784,0.06083,0.01860,0.04540
0.12906,0.13498,0.02115,0.34707,0.03406,0.06627,0.02131,0.06243,0.12434,0.05932
0.01400,0.02209,0.02318,0.05109,0.05346,0.15687,0.03942,0.31173,0.08838,0.23977
0.04541,0.22926,0.15069,0.01241,0.12242,0.02180,0.01310,0.11749,0.08777,0.19964
0.09778,0.19949,0.02513,0.01761,0.12772,0.06627,0.01565,0.02174,0.30153,0.12709
0.02172,0.05099,0.04613,0.04482,0.12246,0.31781,0.16131,0.10961,0.05102,0.07412
0.01152,0.00968,0.34920,0.01416,0.53576,0.03661,0.00504,0.01670,0.00665,0.01468
0.07570,0.01260,0.54033,0.06245,0.03041,0.21819,0.00530,0.03112,0.00922,0.01468
0.02044,0.03839,0.40441,0.22429,0.01013,0.14623,0.00651,0.11182,0.01860,0.01919
0.09361,0.01133,0.18898,0.24861,0.23106,0.04933,0.00419,0.04433,0.12063,0.00793
0.03740,0.08934,0.01546,0.16651,0.05207,0.25799,0.14890,0.10066,0.11069,0.02098
0.03203,0.12978,0.05826,0.01326,0.02568,0.28656,0.02025,0.26975,0.13800,0.02643
0.00918,0.17118,0.03268,0.02796,0.02810,0.09299,0.11719,0.26812,0.05500,0.19761
0.02798,0.01531,0.33801,0.01180,0.12843,0.35749,0.06982,0.02586,0.01310,0.01221
0.17143,0.04874,0.13167,0.09905,0.04930,0.20907,0.06437,0.04507,0.13589,0.04541
0.01222,0.05834,0.28383,0.14570,0.07153,0.22442,0.01228,0.10037,0.05979,0.03151
0.04753,0.01632,0.01574,0.01477,0.13948,0.02393,0.01123,0.34022,0.03838,0.35240
0.00756,0.27321,0.03049,0.01113,0.30519,0.03759,0.19380,0.03834,0.08829,0.01440
0.01926,0.20972,0.11087,0.02400,0.08121,0.05934,0.01187,0.15548,0.18710,0.14116
0.02694,0.07639,0.03699,0.01116,0.06942,0.35960,0.00521,0.34899,0.04485,0.02044
0.30634,0.01090,0.07716,0.00891,0.00876,0.04621,0.00751,0.15523,0.11729,0.26169
0.33658,0.10460,0.11844,0.00600,0.01064,0.17599,0.05536,0.11591,0.06112,0.01536
0.13462,0.04120,0.14967,0.10126,0.15935,0.21104,0.03770,0.01002,0.13358,0.02157
0.00833,0.13123,0.01555,0.01254,0.07384,0.27766,0.00818,0.30116,0.14923,0.02228
0.24881,0.02695,0.12055,0.11086,0.13788,0.15956,0.01263,0.13834,0.03438,0.01004
0.14660,0.04832,0.38703,0.01098,0.01740,0.26853,0.02605,0.04752,0.01440,0.03318
0.14908,0.25482,0.01130,0.00987,0.00959,0.03776,0.01250,0.01151,0.37107,0.13250
0.16261,0.13300,0.32833,0.00763,0.00831,0.01266,0.00350,0.10239,0.15188,0.08967
0.01222,0.00588,0.01189,0.00655,0.00808,0.47400,0.00537,0.46268,0.00759,0.00576
0.09719,0.01860,0.29065,0.01677,0.03200,0.26142,0.01363,0.22752,0.01368,0.02852
0.14556,0.04164,0.03317,0.01746,0.59996,0.02899,0.03946,0.04157,0.01081,0.04139
0.06231,0.01745,0.33386,0.24065,0.01912,0.17669,0.02455,0.04507,0.03330,0.04700
0.01102,0.33492,0.14225,0.02420,0.02663,0.08054,0.02054,0.03084,0.29856,0.03050
0.19624,0.02057,0.01800,0.02141,0.03065,0.06538,0.01339,0.33133,0.01372,0.28933
0.00919,0.12998,0.16564,0.03586,0.08908,0.32515,0.17790,0.03550,0.01882,0.01287
0.84067,0.00815,0.01843,0.03960,0.01721,0.03246,0.00508,0.01252,0.00973,0.01614
0.01008,0.00521,0.61614,0.00646,0.03399,0.16614,0.00363,0.14970,0.00347,0.00518
0.01151,0.05554,0.03206,0.06539,0.64641,0.05904,0.01701,0.02989,0.06333,0.01981
0.39173,0.21311,0.21983,0.02405,0.03243,0.04488,0.00522,0.02537,0.02770,0.01568
0.08297,0.05133,0.05349,0.05811,0.02046,0.24217,0.00298,0.33738,0.02736,0.12374
0.01163,0.01471,0.30685,0.02257,0.02839,0.38941,0.08573,0.02415,0.05425,0.06231
0.09610,0.17381,0.10812,0.02018,0.01670,0.21584,0.01845,0.17157,0.16376,0.01547
0.22632,0.28233,0.04570,0.01775,0.05295,0.03825,0.16358,0.01491,0.12115,0.03706
0.01247,0.02844,0.01228,0.00549,0.75553,0.07287,0.00417,0.05949,0.04168,0.00758
0.08782,0.10148,0.29653,0.00548,0.02442,0.31911,0.01396,0.02385,0.11864,0.00871
0.00744,0.00521,0.39934,0.13153,0.01652,0.39816,0.00270,0.02780,0.00569,0.00561
0.27134,0.01353,0.53329,0.00589,0.02130,0.10776,0.02165,0.01190,0.00796,0.00537
0.01884,0.03034,0.14597,0.51782,0.14930,0.05014,0.01091,0.02429,0.02534,0.02706
0.07151,0.08574,0.11532,0.49251,0.01644,0.06838,0.00844,0.04919,0.07164,0.02084
0.02329,0.11036,0.27753,0.03193,0.11240,0.06145,0.01445,0.05715,0.29647,0.01497
0.01159,0.36430,0.02303,0.03304,0.01111,0.09188,0.35247,0.02447,0.04939,0.03871
0.21960,0.07246,0.02641,0.05110,0.38206,0.05647,0.00912,0.05150,0.09065,0.04065
0.01825,0.37475,0.01574,0.00433,0.01685,0.08945,0.00520,0.07409,0.38671,0.01463
0.02080,0.01876,0.00963,0.12217,0.14450,0.34489,0.00720,0.30990,0.01124,0.01092
0.05150,0.05149,0.03196,0.27088,0.31856,0.09865,0.07254,0.06965,0.01613,0.01865
0.00681,0.00863,0.01297,0.01504,0.01348,0.02376,0.00292,0.01150,0.44903,0.45586
0.13088,0.04888,0.27366,0.01208,0.01640,0.20976,0.02944,0.18006,0.04793,0.05093
0.21441,0.01492,0.24906,0.00690,0.14055,0.24726,0.00860,0.04661,0.03259,0.03910
0.03475,0.19984,0.26370,0.02035,0.02733,0.09921,0.02397,0.01682,0.15495,0.15910
0.01085,0.11636,0.01407,0.00382,0.01899,0.34951,0.00168,0.34430,0.12524,0.01519
0.44566,0.01574,0.02421,0.26229,0.01277,0.12440,0.04475,0.04329,0.01430,0.01259
0.37503,0.01004,0.02464,0.22477,0.01864,0.26608,0.01097,0.03020,0.01154,0.02809
0.02143,0.06296,0.13953,0.10339,0.43227,0.09164,0.00603,0.05350,0.05830,0.03094
0.07947,0.06051,0.14110,0.11754,0.08490,0.14724,0.01021,0.12127,0.13183,0.10593
0.03486,0.02292,0.24612,0.18328,0.16680,0.04262,0.01621,0.04773,0.22078,0.01868
0.00884,0.00588,0.03252,0.00621,0.01014,0.06885,0.00762,0.43470,0.01277,0.41246
0.92834,0.01109,0.01285,0.00443,0.00536,0.01863,0.00400,0.00757,0.00491,0.00284
0.10718,0.01275,0.02598,0.01197,0.06782,0.10099,0.01102,0.06077,0.29386,0.30767
0.15036,0.04836,0.15704,0.17209,0.06323,0.25149,0.01242,0.06995,0.04573,0.02932
0.11898,0.03915,0.08139,0.22929,0.24622,0.12535,0.00620,0.08476,0.04569,0.02298
0.03697,0.16393,0.16671,0.08925,0.10716,0.04541,0.00570,0.18166,0.02399,0.17922
0.02533,0.02260,0.02578,0.00997,0.34371,0.12017,0.02348,0.16875,0.09443,0.16578
0.00712,0.11732,0.02879,0.00910,0.30809,0.20293,0.01543,0.17829,0.11758,0.01534
0.02272,0.23058,0.03642,0.11622,0.06550,0.14439,0.00941,0.11784,0.24097,0.01595
0.29488,0.06572,0.01243,0.19784,0.29244,0.03583,0.03217,0.00911,0.05069,0.00890
0.04450,0.29534,0.06395,0.06440,0.03845,0.12664,0.12370,0.01730,0.20086,0.02487
0.01950,0.00936,0.05707,0.00758,0.22917,0.09587,0.02252,0.17950,0.10491,0.27451
0.34180,0.27947,0.01809,0.00808,0.00831,0.03117,0.01549,0.01305,0.27709,0.00745
0.02786,0.08388,0.02963,0.14825,0.08769,0.24042,0.13398,0.07728,0.11794,0.05308
0.02615,0.09045,0.00969,0.16346,0.16194,0.32061,0.01068,0.17893,0.01521,0.02288
0.10680,0.02818,0.05401,0.01682,0.17829,0.16502,0.02298,0.15487,0.11722,0.15581
0.04789,0.03102,0.26531,0.01888,0.04484,0.09006,0.00741,0.10063,0.30523,0.08874
0.85048,0.00686,0.01979,0.01135,0.01508,0.04324,0.00982,0.02369,0.00462,0.01507
0.05292,0.04221,0.01573,0.01321,0.11621,0.26632,0.02435,0.25159,0.11275,0.10470
0.03052,0.36055,0.08543,0.02008,0.02892,0.07774,0.35481,0.02227,0.01067,0.00901
0.02973,0.05632,0.01416,0.30383,0.01008,0.16978,0.04819,0.24596,0.01154,0.11039
0.01755,0.45613,0.01515,0.01316,0.00902,0.02783,0.41382,0.01868,0.01718,0.01150
0.17386,0.16402,0.04857,0.07644,0.00546,0.16665,0.07137,0.15041,0.09776,0.04546
0.19946,0.01110,0.02695,0.01121,0.11694,0.27107,0.00620,0.24988,0.05217,0.05502
0.00904,0.01503,0.11815,0.08476,0.13169,0.26102,0.16063,0.05123,0.14956,0.01888
0.10885,0.01842,0.35730,0.01327,0.03980,0.03798,0.00385,0.04820,0.35812,0.01422
0.11898,0.29036,0.01914,0.02402,0.16622,0.03310,0.00644,0.03314,0.28922,0.01938
