0.00143,0.00248,0.00182,0.00150,0.00151,0.00082,0.00137,0.00122,0.00107,0.00117,0.32881,0.03018,0.02147,0.00738,0.00237,0.00191,0.01134,0.41814,0.00419,0.15979
0.00329,0.00463,0.00501,0.00494,0.01098,0.03169,0.01182,0.00131,0.00225,0.00191,0.29192,0.01699,0.02793,0.01088,0.01029,0.00374,0.00938,0.39970,0.00066,0.15067
0.00279,0.00306,0.00211,0.01129,0.00641,0.00328,0.00289,0.00282,0.00217,0.30739,0.00619,0.00435,0.01166,0.00360,0.00229,0.61225,0.00209,0.00208,0.00205,0.00921
0.02631,0.00328,0.03197,0.01160,0.07596,0.01301,0.02518,0.20685,0.01358,0.01060,0.12940,0.02640,0.08830,0.01144,0.00584,0.11442,0.12026,0.00885,0.00315,0.07359
0.02039,0.05208,0.03419,0.01068,0.43493,0.01327,0.01117,0.01587,0.15389,0.00761,0.01973,0.05625,0.00949,0.04679,0.01590,0.03264,0.03981,0.00903,0.01148,0.00478
0.00466,0.04286,0.01744,0.02107,0.01056,0.02830,0.02261,0.00757,0.01044,0.05676,0.01477,0.22389,0.01541,0.01219,0.45227,0.03513,0.01452,0.00396,0.00277,0.00281
0.01833,0.00996,0.00411,0.00870,0.01867,0.20711,0.00475,0.49603,0.00305,0.00677,0.04415,0.01135,0.00526,0.11782,0.01793,0.00650,0.00389,0.00693,0.00265,0.00603
0.00260,0.00278,0.00205,0.00300,0.00295,0.00575,0.00296,0.00243,0.00051,0.00324,0.56652,0.10369,0.03753,0.00502,0.00332,0.01145,0.01951,0.21230,0.00189,0.01050
0.00382,0.00617,0.21132,0.00434,0.00411,0.00383,0.00739,0.00343,0.49108,0.00370,0.01962,0.04338,0.04932,0.03855,0.03301,0.05316,0.01032,0.00372,0.00257,0.00717
0.01594,0.01427,0.02185,0.20951,0.01547,0.01462,0.00959,0.02109,0.01207,0.04935,0.10079,0.19841,0.04150,0.13354,0.00744,0.01717,0.00798,0.07702,0.01030,0.02208
0.00586,0.00863,0.00662,0.01557,0.00748,0.00842,0.01888,0.00426,0.00484,0.00520,0.27260,0.11089,0.02336,0.00824,0.00345,0.01370,0.01487,0.25796,0.00290,0.20628
0.02967,0.02091,0.04429,0.01826,0.26747,0.02434,0.01107,0.00902,0.00331,0.01281,0.34289,0.13864,0.00894,0.00546,0.00899,0.01537,0.01037,0.01044,0.00553,0.01223
0.00573,0.00337,0.27215,0.00165,0.00177,0.00145,0.00186,0.00045,0.65986,0.00688,0.00374,0.01410,0.00954,0.00604,0.00230,0.00174,0.00420,0.00103,0.00046,0.00168
0.04969,0.00559,0.01193,0.02462,0.00979,0.20270,0.02266,0.06478,0.00374,0.00875,0.23167,0.03890,0.01058,0.01098,0.01457,0.19055,0.01109,0.01254,0.03699,0.03789
0.04224,0.03516,0.05213,0.00744,0.03107,0.11540,0.01292,0.03216,0.10644,0.01285,0.05935,0.17290,0.01933,0.03762,0.09266,0.07267,0.02953,0.02431,0.02123,0.02259
0.01067,0.20781,0.00477,0.00534,0.17271,0.16577,0.00320,0.00557,0.15528,0.00863,0.02287,0.12571,0.06908,0.00500,0.00447,0.00901,0.00910,0.00961,0.00111,0.00431
0.05629,0.03676,0.30727,0.02531,0.02236,0.03716,0.03347,0.02039,0.15550,0.00747,0.01651,0.13110,0.02615,0.01656,0.00486,0.05785,0.02011,0.01653,0.00398,0.00439
0.17228,0.01024,0.00360,0.43483,0.01292,0.01142,0.02266,0.01267,0.01641,0.00348,0.01471,0.05498,0.01194,0.01341,0.01415,0.00507,0.09200,0.00552,0.05224,0.03545
0.13284,0.15737,0.02852,0.25246,0.19639,0.00906,0.00661,0.03215,0.01058,0.06621,0.01223,0.01344,0.01815,0.01487,0.01347,0.00439,0.00566,0.00321,0.00808,0.01433
0.00391,0.00213,0.00187,0.00093,0.00120,0.00152,0.00199,0.00129,0.00107,0.00120,0.32971,0.18436,0.02521,0.00445,0.00223,0.00702,0.00654,0.40447,0.00219,0.01672
0.00425,0.00825,0.42822,0.00837,0.02046,0.09683,0.01616,0.00631,0.01568,0.00456,0.03658,0.12676,0.10623,0.01181,0.00790,0.02583,0.04638,0.02016,0.00520,0.00404
0.12202,0.09859,0.00733,0.01533,0.01068,0.00516,0.01335,0.02883,0.15720,0.00613,0.00908,0.36669,0.09642,0.01978,0.00964,0.00716,0.00755,0.01402,0.00329,0.00177
0.01072,0.00684,0.00449,0.00799,0.01210,0.19392,0.65569,0.00508,0.00366,0.01373,0.00887,0.01445,0.01320,0.01516,0.00533,0.00762,0.00745,0.00406,0.00474,0.00491
0.00730,0.00821,0.01567,0.00686,0.01780,0.02477,0.12823,0.46090,0.01106,0.00463,0.01732,0.01914,0.06793,0.00960,0.14243,0.02107,0.01928,0.00453,0.00590,0.00738
0.01257,0.02221,0.02928,0.07128,0.00480,0.07165,0.07663,0.20792,0.00911,0.01138,0.04341,0.17100,0.22149,0.00446,0.01434,0.00823,0.00916,0.00495,0.00175,0.00436
0.02299,0.00762,0.05940,0.06984,0.01482,0.35301,0.02677,0.17190,0.01574,0.01590,0.04529,0.05459,0.01622,0.03024,0.01085,0.02580,0.00686,0.01018,0.01351,0.02845
0.00800,0.00595,0.01426,0.01698,0.26160,0.00730,0.08564,0.21046,0.02322,0.00223,0.00929,0.16265,0.04978,0.01237,0.02969,0.07018,0.01526,0.00888,0.00198,0.00429
0.00153,0.00162,0.00120,0.00116,0.00327,0.21057,0.00132,0.75185,0.00094,0.00064,0.00340,0.00529,0.00633,0.00142,0.00151,0.00235,0.00354,0.00097,0.00031,0.00077
0.01019,0.00937,0.00282,0.01701,0.02791,0.00881,0.00845,0.00297,0.00336,0.00582,0.25768,0.05430,0.01607,0.00851,0.00416,0.02434,0.00716,0.34244,0.00644,0.18220
0.06779,0.01652,0.05079,0.01256,0.01780,0.29476,0.02259,0.00648,0.00799,0.01484,0.02097,0.14472,0.05209,0.06917,0.00591,0.00792,0.05387,0.02306,0.09344,0.01672
0.01201,0.00375,0.01440,0.00560,0.01206,0.02175,0.00641,0.00575,0.00296,0.00791,0.25483,0.04051,0.06272,0.05096,0.00477,0.01958,0.06836,0.31426,0.00187,0.08953
0.43305,0.00409,0.00334,0.00579,0.03177,0.01132,0.00512,0.00245,0.00724,0.00529,0.02991,0.12082,0.01934,0.00365,0.00341,0.00720,0.04861,0.04759,0.20615,0.00386
0.00765,0.09175,0.01611,0.00922,0.10474,0.29984,0.01086,0.00437,0.07279,0.00362,0.00837,0.18757,0.14398,0.00908,0.00552,0.00555,0.01562,0.00122,0.00102,0.00113
0.02847,0.01178,0.00879,0.00749,0.00974,0.07802,0.01460,0.00754,0.00372,0.01290,0.29602,0.02478,0.06550,0.01777,0.00430,0.00847,0.01089,0.35306,0.00144,0.03473
0.02506,0.12598,0.02052,0.00480,0.03195,0.04659,0.00513,0.43182,0.00161,0.02609,0.01678,0.05909,0.00943,0.08421,0.01502,0.00521,0.00748,0.02900,0.00421,0.05000
0.07384,0.00234,0.00992,0.00789,0.08076,0.00783,0.04297,0.28227,0.00478,0.00328,0.04281,0.03699,0.19862,0.00351,0.00533,0.04221,0.13763,0.00763,0.00351,0.00588
0.02613,0.00773,0.02337,0.00444,0.00465,0.16054,0.14763,0.17501,0.00613,0.00995,0.08784,0.26979,0.03201,0.00473,0.01278,0.00647,0.00871,0.00555,0.00360,0.00296
0.47873,0.00202,0.00445,0.00404,0.00831,0.21052,0.01735,0.00650,0.00865,0.01584,0.01051,0.05250,0.04277,0.05788,0.02232,0.02047,0.02000,0.00506,0.00456,0.00752
0.01052,0.00485,0.00200,0.01284,0.00760,0.28924,0.00319,0.01575,0.00520,0.13564,0.01055,0.24022,0.03649,0.00543,0.00789,0.17167,0.00752,0.02887,0.00115,0.00335
0.00398,0.06760,0.35748,0.00362,0.00630,0.00601,0.03465,0.00708,0.04512,0.00712,0.01973,0.06989,0.01200,0.25282,0.01374,0.04293,0.00616,0.00840,0.00460,0.03077
0.04314,0.01764,0.01408,0.03382,0.00660,0.13284,0.12450,0.07166,0.00413,0.01746,0.16978,0.24228,0.02593,0.01054,0.00917,0.01944,0.00501,0.02030,0.01186,0.01982
0.03158,0.22407,0.01055,0.62718,0.01240,0.00712,0.00412,0.00699,0.00474,0.00360,0.00656,0.00933,0.00974,0.00528,0.00411,0.01851,0.00559,0.00205,0.00131,0.00516
0.01521,0.00694,0.01190,0.00282,0.00425,0.31575,0.00525,0.40913,0.00210,0.00936,0.01835,0.08264,0.00536,0.03694,0.02281,0.00889,0.00727,0.01142,0.01009,0.01351
0.22913,0.00700,0.01672,0.01131,0.01195,0.00783,0.00669,0.00547,0.00456,0.52445,0.04226,0.00872,0.01456,0.02573,0.00918,0.04862,0.00382,0.01227,0.00410,0.00565
0.01692,0.31460,0.00504,0.00306,0.00587,0.40065,0.00197,0.00241,0.00345,0.00747,0.01152,0.03423,0.04763,0.00679,0.00380,0.00465,0.01615,0.11016,0.00150,0.00213
0.01534,0.01129,0.34374,0.00590,0.00839,0.00836,0.43140,0.00342,0.00929,0.00718,0.03615,0.04893,0.00450,0.01044,0.01366,0.01352,0.00388,0.01724,0.00314,0.00424
0.53166,0.00505,0.00228,0.00343,0.00328,0.00430,0.00296,0.00516,0.00198,0.00209,0.00563,0.09948,0.21501,0.00744,0.00238,0.00651,0.00775,0.00336,0.08830,0.00195
0.00714,0.00787,0.00518,0.27817,0.01046,0.00457,0.13980,0.00833,0.01602,0.00438,0.00848,0.01740,0.04949,0.01185,0.17744,0.00557,0.22943,0.00514,0.00808,0.00522
0.56936,0.00725,0.00805,0.00648,0.00350,0.00396,0.00637,0.01323,0.00914,0.32906,0.00356,0.00658,0.00537,0.00724,0.00201,0.00317,0.00318,0.00498,0.00257,0.00496
0.01475,0.00703,0.00469,0.01263,0.03341,0.02829,0.01105,0.00995,0.00253,0.00458,0.34401,0.08292,0.09606,0.04257,0.00972,0.01041,0.01148,0.22400,0.00301,0.04690
0.00526,0.00321,0.00886,0.00850,0.01312,0.35380,0.00519,0.40381,0.01437,0.00486,0.02223,0.04635,0.04035,0.01011,0.00634,0.00392,0.03380,0.00267,0.00282,0.01043
0.00792,0.01381,0.02253,0.00312,0.00614,0.02649,0.01123,0.01246,0.00759,0.02427,0.29297,0.03710,0.05385,0.02280,0.00693,0.14373,0.01795,0.13511,0.00375,0.15024
0.23997,0.01783,0.01082,0.03190,0.02497,0.15185,0.00773,0.25693,0.00381,0.00946,0.08393,0.01633,0.01178,0.00845,0.03857,0.00833,0.00763,0.00929,0.01540,0.04502
0.00718,0.00440,0.26490,0.00266,0.00268,0.33349,0.01670,0.02352,0.00722,0.00302,0.01128,0.01414,0.16458,0.10942,0.00442,0.00560,0.01360,0.00538,0.00292,0.00289
0.01403,0.02515,0.01024,0.00519,0.04964,0.00661,0.01111,0.00603,0.00634,0.00651,0.14195,0.31400,0.07073,0.04517,0.00720,0.01740,0.01356,0.16614,0.00472,0.07827
0.02009,0.02146,0.00565,0.00682,0.01426,0.00665,0.27756,0.07047,0.00498,0.01063,0.02704,0.03249,0.03190,0.02735,0.02784,0.02777,0.25944,0.11317,0.00298,0.01145
0.00178,0.00330,0.43161,0.00231,0.00320,0.00423,0.00169,0.00242,0.00141,0.00188,0.00288,0.00398,0.52819,0.00330,0.00186,0.00093,0.00109,0.00088,0.00212,0.00095
0.01784,0.02746,0.00094,0.01030,0.00808,0.00354,0.00590,0.00237,0.00338,0.00596,0.20346,0.05092,0.03687,0.00617,0.00743,0.00953,0.01690,0.37642,0.00676,0.19977
0.00845,0.01044,0.06117,0.05091,0.61649,0.01929,0.00993,0.00518,0.05788,0.00825,0.02636,0.03772,0.01829,0.01930,0.02046,0.00296,0.01388,0.00375,0.00313,0.00616
0.14201,0.00442,0.03653,0.00788,0.01030,0.00358,0.01285,0.00466,0.40075,0.00760,0.09995,0.00912,0.02246,0.00928,0.00680,0.01443,0.01593,0.08127,0.00338,0.10679
0.03858,0.38489,0.00436,0.00188,0.00506,0.00440,0.38750,0.01262,0.00236,0.02791,0.00883,0.04107,0.02820,0.00508,0.00813,0.00909,0.02127,0.00190,0.00236,0.00451
0.00498,0.00300,0.00340,0.00318,0.00276,0.00203,0.00443,0.00296,0.00184,0.00229,0.23250,0.12297,0.03745,0.01035,0.00414,0.01136,0.01078,0.41523,0.00252,0.12184
0.00414,0.01205,0.00208,0.00690,0.80108,0.00476,0.00305,0.00381,0.00504,0.00216,0.00900,0.10130,0.01955,0.00298,0.00378,0.00472,0.00477,0.00405,0.00234,0.00241
0.11244,0.01670,0.01471,0.03032,0.01947,0.03949,0.01155,0.01337,0.17060,0.06928,0.00934,0.35181,0.01530,0.02727,0.04713,0.02653,0.00850,0.00684,0.00451,0.00485
0.01358,0.00610,0.00615,0.00335,0.00637,0.00374,0.18753,0.02050,0.49173,0.00666,0.02316,0.01348,0.00967,0.00267,0.00333,0.17398,0.00622,0.01894,0.00139,0.00145
0.01794,0.27556,0.00967,0.00853,0.00800,0.00771,0.30698,0.03208,0.00495,0.10660,0.02339,0.01230,0.04352,0.02389,0.01610,0.00467,0.01758,0.00595,0.06911,0.00546
0.01419,0.00806,0.00948,0.01853,0.01274,0.06056,0.00544,0.07045,0.00305,0.33256,0.01293,0.00941,0.06590,0.06254,0.04572,0.23850,0.00775,0.00856,0.00409,0.00953
0.01389,0.10681,0.05335,0.02057,0.01736,0.00559,0.00702,0.00350,0.00531,0.00207,0.37959,0.11020,0.03470,0.01179,0.00317,0.01432,0.01381,0.17639,0.00475,0.01581
0.52748,0.01223,0.00253,0.00500,0.00728,0.07308,0.05850,0.00653,0.00224,0.17288,0.01048,0.01013,0.00858,0.01124,0.00654,0.00916,0.01087,0.00688,0.00220,0.05617
0.01484,0.00605,0.07061,0.01201,0.44762,0.17579,0.00812,0.00748,0.00923,0.00400,0.02107,0.09528,0.03784,0.01317,0.01082,0.00576,0.02493,0.02007,0.01347,0.00186
0.03471,0.01209,0.03091,0.03366,0.01712,0.02573,0.02017,0.02069,0.01331,0.01612,0.20451,0.08812,0.02734,0.28316,0.00882,0.04879,0.01876,0.05144,0.03539,0.00917
0.11571,0.26401,0.01613,0.01909,0.01788,0.01583,0.03077,0.26539,0.03215,0.03864,0.01705,0.02310,0.02481,0.00838,0.01829,0.05611,0.01654,0.00916,0.00646,0.00448
0.02303,0.00854,0.03294,0.01259,0.00807,0.03301,0.01366,0.00893,0.01868,0.00425,0.27481,0.19895,0.01299,0.00469,0.01360,0.01145,0.02560,0.22869,0.00465,0.06087
0.00696,0.09334,0.03183,0.00375,0.00531,0.00766,0.62718,0.02485,0.00443,0.01756,0.01492,0.02551,0.05917,0.02654,0.00269,0.00989,0.00687,0.00369,0.01582,0.01201
0.17739,0.01243,0.31150,0.00617,0.00405,0.01571,0.02958,0.02657,0.04294,0.01210,0.19411,0.01841,0.02071,0.02584,0.00394,0.00779,0.00818,0.05519,0.02277,0.00463
0.02206,0.57010,0.01665,0.00453,0.00680,0.23151,0.00229,0.00234,0.00453,0.00735,0.00699,0.04587,0.02642,0.00630,0.00367,0.00325,0.00958,0.02322,0.00313,0.00341
0.16295,0.00680,0.00790,0.02907,0.00952,0.28046,0.00500,0.01206,0.00523,0.00937,0.01628,0.06958,0.05697,0.04001,0.08962,0.01300,0.00845,0.00303,0.12576,0.04892
0.01357,0.00717,0.01493,0.24931,0.05614,0.03767,0.04423,0.04071,0.29288,0.03395,0.01694,0.03182,0.01179,0.01102,0.01435,0.01180,0.01379,0.01019,0.04141,0.04633
0.10148,0.10748,0.01355,0.02040,0.02960,0.01227,0.02210,0.02526,0.12121,0.00883,0.01483,0.14075,0.31841,0.00970,0.00209,0.03160,0.00777,0.00648,0.00340,0.00280
0.03741,0.02885,0.01383,0.03417,0.20618,0.02977,0.03659,0.01975,0.02534,0.01937,0.01865,0.11188,0.11387,0.09408,0.01249,0.07515,0.03857,0.03270,0.04325,0.00813
0.00337,0.01050,0.54893,0.00368,0.00436,0.00934,0.00213,0.00422,0.00365,0.00264,0.00448,0.02262,0.34977,0.00251,0.01102,0.00220,0.00793,0.00181,0.00213,0.00273
0.00164,0.00251,0.00179,0.00195,0.00132,0.00146,0.00141,0.00099,0.00080,0.00214,0.33397,0.03879,0.01084,0.00832,0.00362,0.00395,0.00483,0.49503,0.00302,0.08161
0.22412,0.00627,0.00605,0.00257,0.01457,0.01539,0.00644,0.01894,0.02077,0.07157,0.00578,0.01060,0.56044,0.00441,0.00248,0.00313,0.00364,0.00188,0.00331,0.01764
0.00525,0.00643,0.17285,0.00364,0.57899,0.13565,0.00262,0.00471,0.00939,0.00317,0.01092,0.03006,0.00347,0.00498,0.00947,0.00913,0.00231,0.00250,0.00087,0.00359
0.01034,0.00654,0.01049,0.01000,0.00763,0.04870,0.00431,0.16862,0.00306,0.00420,0.08751,0.20658,0.01529,0.02294,0.02790,0.12567,0.00402,0.04523,0.18755,0.00340
0.00838,0.00833,0.09897,0.00695,0.51250,0.21725,0.00696,0.02906,0.00250,0.00585,0.00917,0.03374,0.00696,0.00577,0.01098,0.01519,0.00500,0.00395,0.00623,0.00624
0.00657,0.00886,0.01138,0.22781,0.00825,0.00875,0.02099,0.09049,0.40842,0.00374,0.00993,0.12341,0.01815,0.00534,0.00427,0.00967,0.00542,0.02233,0.00127,0.00493
0.01530,0.01002,0.01615,0.02257,0.04677,0.08660,0.02315,0.02724,0.00768,0.30114,0.18313,0.00527,0.01248,0.00933,0.00501,0.05603,0.00788,0.10773,0.00763,0.04889
0.05606,0.01263,0.01586,0.04618,0.03198,0.30805,0.01640,0.04102,0.00930,0.00806,0.07324,0.09096,0.10699,0.02115,0.05998,0.00743,0.03344,0.00817,0.01229,0.04079
0.00560,0.00469,0.01515,0.00856,0.56372,0.06083,0.00675,0.03714,0.03698,0.00314,0.01321,0.03393,0.00769,0.16345,0.01112,0.00359,0.00730,0.00963,0.00314,0.00437
0.05206,0.00867,0.00804,0.00600,0.00638,0.04049,0.00723,0.00561,0.00614,0.00860,0.43012,0.02554,0.01460,0.00687,0.00636,0.01307,0.00795,0.22612,0.00375,0.11641
0.12044,0.00309,0.00405,0.00481,0.15837,0.03446,0.01124,0.00967,0.01029,0.02939,0.00740,0.26615,0.06764,0.19077,0.00700,0.01146,0.02226,0.03365,0.00294,0.00492
0.00602,0.00534,0.12927,0.00374,0.00309,0.00158,0.00909,0.00658,0.50887,0.00188,0.00987,0.05795,0.00914,0.07412,0.01768,0.06886,0.07367,0.00355,0.00334,0.00637
0.01341,0.00836,0.01388,0.00627,0.14745,0.28547,0.03881,0.12148,0.01491,0.00505,0.01872,0.24024,0.02042,0.00632,0.01154,0.00995,0.01272,0.00279,0.00653,0.01568
0.03218,0.04478,0.35553,0.19210,0.00914,0.18789,0.01605,0.00658,0.00502,0.02132,0.01316,0.01001,0.03846,0.03211,0.00340,0.00497,0.00599,0.00777,0.00746,0.00609
0.34260,0.00565,0.00415,0.00692,0.00289,0.01783,0.35902,0.02715,0.01007,0.00223,0.14397,0.01519,0.01094,0.00569,0.01425,0.01842,0.00409,0.00375,0.00112,0.00404
0.01373,0.10835,0.14690,0.00369,0.00619,0.01245,0.28246,0.00516,0.00736,0.02319,0.00970,0.06886,0.22127,0.05721,0.00621,0.00431,0.01474,0.00221,0.00315,0.00287
0.16262,0.00853,0.00234,0.34905,0.01189,0.00495,0.01433,0.00588,0.00641,0.01218,0.03261,0.10267,0.06937,0.01201,0.00821,0.01824,0.01263,0.01407,0.01256,0.13947
0.00976,0.02986,0.00714,0.04010,0.01761,0.27971,0.17088,0.01116,0.00671,0.00675,0.11239,0.05996,0.02214,0.01342,0.00937,0.02004,0.01772,0.14258,0.01351,0.00919
0.01622,0.31995,0.00413,0.00505,0.00733,0.00485,0.47903,0.01405,0.00232,0.02049,0.00956,0.02444,0.01657,0.02761,0.00874,0.00503,0.00781,0.00359,0.01365,0.00957
