0.02131,0.00339,0.00485,0.00822,0.01240,0.10556,0.01481,0.02513,0.44578,0.35857
0.01643,0.02564,0.38163,0.01707,0.03188,0.00988,0.04148,0.06804,0.17847,0.22948
0.01694,0.01142,0.02152,0.07434,0.08814,0.01284,0.02535,0.19035,0.19487,0.36423
0.13627,0.05048,0.04511,0.01898,0.11976,0.01927,0.00755,0.22843,0.08672,0.28743
0.01380,0.02578,0.00342,0.01029,0.02291,0.06737,0.00516,0.24837,0.21575,0.38716
0.01659,0.01367,0.00253,0.01556,0.02083,0.17663,0.01808,0.26752,0.19267,0.27591
0.27679,0.04149,0.02667,0.02134,0.27117,0.00774,0.00746,0.02559,0.15254,0.16921
0.02855,0.01887,0.02221,0.09140,0.11442,0.21656,0.01710,0.08472,0.26969,0.13650
0.12679,0.01780,0.20545,0.01265,0.33394,0.03968,0.01023,0.01351,0.13211,0.10785
0.00486,0.00973,0.00800,0.00589,0.00598,0.06924,0.00703,0.37537,0.10775,0.40614
0.02258,0.31131,0.01091,0.02083,0.04390,0.10780,0.00566,0.19267,0.10280,0.18155
0.00635,0.01207,0.44345,0.00801,0.44613,0.00442,0.00300,0.01850,0.02360,0.03448
0.10248,0.11345,0.02645,0.02032,0.02221,0.03589,0.01470,0.30464,0.04867,0.31121
0.00902,0.62584,0.02478,0.00871,0.01543,0.00667,0.00675,0.12430,0.03218,0.14633
0.13916,0.01968,0.01474,0.02051,0.16038,0.01380,0.01229,0.26803,0.05484,0.29657
0.01134,0.71767,0.01121,0.01746,0.01076,0.00532,0.00909,0.03340,0.07777,0.10599
0.00853,0.01640,0.01198,0.01434,0.01199,0.01566,0.04798,0.04716,0.40036,0.42559
0.00692,0.01025,0.15412,0.00762,0.15967,0.01897,0.03147,0.03166,0.28684,0.29249
0.02330,0.05087,0.06622,0.04595,0.05270,0.02155,0.02558,0.26109,0.11094,0.34180
0.04402,0.01048,0.00415,0.00616,0.05251,0.39492,0.00231,0.39780,0.04140,0.04626
0.14465,0.03445,0.02388,0.01193,0.13928,0.00438,0.00923,0.04587,0.27449,0.31182
0.01860,0.01297,0.01323,0.04816,0.06603,0.28734,0.00812,0.21499,0.20584,0.12473
0.02519,0.36588,0.09174,0.04310,0.10421,0.01341,0.01187,0.09397,0.08737,0.16326
0.28161,0.02360,0.01275,0.01745,0.28321,0.04055,0.00392,0.06704,0.12053,0.14934
0.04085,0.19877,0.01248,0.01642,0.03413,0.21412,0.00319,0.01611,0.33313,0.13081
0.02667,0.02736,0.05191,0.01708,0.07260,0.10382,0.01906,0.02225,0.37221,0.28705
0.01702,0.00752,0.05688,0.01120,0.12152,0.05154,0.00331,0.12587,0.26938,0.33577
0.04939,0.01171,0.00749,0.00446,0.04801,0.00173,0.00293,0.29695,0.14462,0.43270
0.03084,0.06321,0.01268,0.02441,0.04169,0.05108,0.00417,0.03473,0.37920,0.35798
0.09043,0.02098,0.01477,0.03179,0.13135,0.02597,0.15336,0.02283,0.25738,0.25115
0.14712,0.15055,0.03238,0.03063,0.01795,0.01178,0.00691,0.27304,0.03459,0.29505
0.02597,0.06149,0.03950,0.17117,0.16731,0.02455,0.01272,0.07222,0.19174,0.23333
0.01811,0.15267,0.00773,0.01744,0.03641,0.24396,0.01065,0.06643,0.31283,0.13377
0.00596,0.00612,0.37202,0.00540,0.01270,0.02230,0.00329,0.01201,0.28604,0.27416
0.02824,0.05570,0.00968,0.02532,0.04211,0.34487,0.00282,0.07799,0.34427,0.06900
0.14589,0.36511,0.01205,0.02885,0.07464,0.00503,0.00453,0.01836,0.16629,0.17925
0.07003,0.05235,0.03124,0.11103,0.16986,0.14576,0.00900,0.10390,0.17519,0.13164
0.06500,0.01175,0.01383,0.02483,0.04042,0.00626,0.00648,0.08209,0.34097,0.40836
0.03151,0.00679,0.01851,0.02640,0.03753,0.24719,0.02323,0.15635,0.27145,0.18103
0.00782,0.00687,0.00803,0.00547,0.01034,0.00756,0.00891,0.04862,0.42913,0.46724
0.41465,0.41332,0.00407,0.00384,0.01344,0.00522,0.00233,0.01470,0.06017,0.06825
0.01363,0.01881,0.01253,0.01436,0.02326,0.11703,0.00238,0.07460,0.38605,0.33736
0.27135,0.04967,0.03432,0.02476,0.27529,0.01756,0.01264,0.07495,0.09190,0.14756
0.01329,0.17345,0.01761,0.01995,0.02679,0.00718,0.01201,0.15616,0.21739,0.35615
0.01333,0.04047,0.00571,0.01389,0.02456,0.06848,0.00860,0.15714,0.29097,0.37685
0.01272,0.02551,0.01890,0.01437,0.02006,0.00876,0.02512,0.21068,0.23642,0.42748
0.04073,0.11863,0.09271,0.10012,0.04728,0.09381,0.01054,0.14787,0.14575,0.20257
0.00992,0.01934,0.01094,0.08164,0.10139,0.00597,0.00272,0.22324,0.16669,0.37814
0.01000,0.01251,0.03616,0.01796,0.07627,0.17807,0.01604,0.01482,0.40332,0.23484
0.00660,0.49199,0.00286,0.00797,0.01050,0.07280,0.00899,0.20479,0.03324,0.16027
0.01204,0.00984,0.12051,0.01315,0.02197,0.18959,0.09844,0.30272,0.06205,0.16969
0.00737,0.15948,0.00539,0.00817,0.01499,0.00766,0.00338,0.01222,0.38985,0.39150
0.04563,0.01178,0.00684,0.00809,0.05576,0.15804,0.01051,0.26686,0.16713,0.26936
0.01428,0.01968,0.02066,0.01888,0.01949,0.04162,0.01333,0.43103,0.01890,0.40213
0.00936,0.01595,0.01634,0.01575,0.01447,0.02086,0.01165,0.13614,0.32696,0.43252
0.01174,0.01739,0.01550,0.01575,0.00886,0.23815,0.02444,0.07718,0.37653,0.21444
0.04592,0.08740,0.04367,0.34993,0.31805,0.02088,0.03537,0.02874,0.03033,0.03971
0.00851,0.01694,0.00709,0.01053,0.00580,0.25763,0.02859,0.01655,0.44674,0.20162
0.01038,0.02066,0.01420,0.07406,0.08037,0.01108,0.01486,0.36214,0.03367,0.37859
0.00750,0.00619,0.00733,0.05915,0.06804,0.00444,0.00507,0.11432,0.31260,0.41536
0.00562,0.00916,0.00800,0.00528,0.00653,0.19445,0.01056,0.17757,0.30165,0.28117
0.05688,0.02160,0.00759,0.01425,0.06667,0.00437,0.00350,0.20318,0.21664,0.40532
0.01540,0.29947,0.00426,0.01508,0.01884,0.01200,0.05524,0.15812,0.14174,0.27985
0.01576,0.01951,0.01189,0.19137,0.21444,0.11701,0.00754,0.14147,0.12841,0.15260
0.02010,0.03267,0.02831,0.02849,0.02302,0.00532,0.00868,0.03216,0.40014,0.42112
0.00253,0.00351,0.00400,0.00314,0.00538,0.00278,0.00106,0.00959,0.48226,0.48575
0.03814,0.01548,0.01180,0.07494,0.11579,0.01681,0.02094,0.03945,0.32393,0.34271
0.02154,0.03211,0.01781,0.05740,0.07919,0.03324,0.01501,0.21522,0.17770,0.35077
0.05792,0.01791,0.12023,0.00973,0.17130,0.01890,0.01344,0.02991,0.27770,0.28295
0.07342,0.05963,0.04509,0.04549,0.09670,0.00736,0.02701,0.31365,0.01446,0.31719
0.03239,0.04519,0.00916,0.01089,0.31764,0.00453,0.00397,0.14833,0.14465,0.28325
0.00271,0.00562,0.00321,0.00414,0.00396,0.00208,0.00208,0.01439,0.47650,0.48531
0.01167,0.08155,0.01294,0.01048,0.02126,0.00663,0.04087,0.07120,0.34285,0.40056
0.00636,0.00308,0.01723,0.01717,0.01477,0.00327,0.02157,0.41640,0.04593,0.45423
0.00776,0.00885,0.03545,0.00631,0.01181,0.32092,0.00463,0.04419,0.41753,0.14254
0.01077,0.11493,0.01003,0.01336,0.01518,0.19197,0.00667,0.09639,0.32048,0.22023
0.01034,0.02120,0.01180,0.37118,0.37482,0.01929,0.01084,0.04903,0.05399,0.07750
0.02759,0.35571,0.02449,0.33076,0.03818,0.01622,0.01076,0.07130,0.03491,0.09008
0.00948,0.00804,0.00427,0.00552,0.00921,0.00388,0.00731,0.26790,0.21602,0.46837
0.05197,0.05973,0.00798,0.00860,0.15315,0.01090,0.00249,0.18579,0.17380,0.34557
0.00459,0.00507,0.00739,0.16332,0.16882,0.05048,0.00261,0.05958,0.26525,0.27288
0.06479,0.03044,0.02631,0.01296,0.06269,0.00570,0.00501,0.05017,0.35227,0.38967
0.06244,0.03956,0.06680,0.16649,0.19454,0.07280,0.07093,0.09301,0.10977,0.12365
0.00584,0.00895,0.00858,0.00520,0.00456,0.07415,0.01259,0.32938,0.15275,0.39800
0.03658,0.02632,0.02303,0.02268,0.04696,0.01751,0.00315,0.22579,0.20078,0.39719
0.01983,0.05676,0.02752,0.01883,0.04892,0.03185,0.01010,0.17185,0.24450,0.36984
0.00365,0.00625,0.00435,0.00465,0.00596,0.00365,0.04191,0.13742,0.33240,0.45977
0.00958,0.00766,0.00668,0.00552,0.01653,0.05174,0.02457,0.07314,0.39348,0.41110
0.29905,0.30143,0.01444,0.01724,0.00733,0.02423,0.00696,0.07263,0.10745,0.14924
0.00884,0.01341,0.01240,0.01414,0.04734,0.31878,0.02330,0.31514,0.12706,0.11957
0.02324,0.06386,0.26458,0.03892,0.26076,0.00486,0.00634,0.08124,0.09464,0.16158
0.03170,0.04602,0.03012,0.03059,0.03182,0.01573,0.00785,0.23396,0.18253,0.38969
0.01523,0.03747,0.03535,0.01411,0.03372,0.12793,0.00882,0.25890,0.17452,0.29396
0.00584,0.00246,0.00591,0.00491,0.01011,0.00600,0.03682,0.16840,0.30297,0.45660
0.04486,0.05744,0.02975,0.04792,0.10273,0.00306,0.07469,0.20488,0.11805,0.31661
0.25724,0.03404,0.02620,0.01665,0.26416,0.05194,0.00865,0.14421,0.05437,0.14255
0.00302,0.00595,0.00431,0.00268,0.00306,0.00182,0.57430,0.01447,0.18811,0.20228
0.03216,0.04340,0.01720,0.02132,0.34414,0.01395,0.01146,0.24047,0.02631,0.24960
0.00910,0.00865,0.00976,0.00382,0.01075,0.00504,0.00493,0.46213,0.01557,0.47025
0.00826,0.00830,0.12573,0.00916,0.18993,0.00250,0.00442,0.01132,0.31772,0.32265
0.00510,0.01101,0.11805,0.00803,0.11642,0.00502,0.00515,0.28554,0.08802,0.35765
0.01941,0.07123,0.02310,0.02811,0.01368,0.00375,0.00873,0.27991,0.14258,0.40949
0.00767,0.01055,0.00787,0.00659,0.23675,0.13606,0.00241,0.13919,0.22591,0.22701
0.01233,0.03020,0.01119,0.02248,0.00680,0.03115,0.00342,0.12428,0.33741,0.42074
0.05071,0.03184,0.01585,0.02877,0.05246,0.12250,0.07359,0.04075,0.33919,0.24435
0.01864,0.01701,0.01839,0.07626,0.10137,0.03817,0.00826,0.21451,0.17160,0.33580
0.00376,0.75981,0.00235,0.00340,0.00920,0.00207,0.00125,0.00367,0.10708,0.10741
0.00762,0.00288,0.00754,0.00984,0.01161,0.01537,0.01033,0.28213,0.19661,0.45606
0.00304,0.00574,0.00365,0.00433,0.00453,0.00339,0.00377,0.39594,0.09790,0.47771
0.01712,0.23693,0.01870,0.02249,0.01857,0.04690,0.03545,0.05994,0.26767,0.27623
0.00376,0.00632,0.00427,0.00498,0.00492,0.03268,0.00311,0.05272,0.43725,0.44999
0.02147,0.05793,0.06968,0.01979,0.02444,0.03507,0.03669,0.01549,0.37187,0.34757
0.00684,0.00492,0.00525,0.01126,0.02103,0.00283,0.00708,0.15495,0.31991,0.46593
0.02434,0.02242,0.01750,0.00883,0.01715,0.08841,0.00580,0.13333,0.32165,0.36057
0.00564,0.00616,0.00579,0.00951,0.01858,0.01086,0.00458,0.21766,0.25980,0.46143
0.02070,0.63744,0.00441,0.00739,0.00808,0.13101,0.00278,0.15029,0.01172,0.02619
0.00523,0.00719,0.00594,0.00620,0.00642,0.09848,0.00993,0.10118,0.38113,0.37830
0.00870,0.01062,0.01273,0.01030,0.02117,0.00577,0.10677,0.11721,0.30208,0.40464
0.02299,0.04150,0.03305,0.03162,0.54539,0.01957,0.06634,0.06909,0.06396,0.10650
0.00334,0.00497,0.00449,0.00408,0.00744,0.00478,0.00348,0.39055,0.09979,0.47707
0.01438,0.01822,0.01495,0.01045,0.04116,0.03995,0.00228,0.37295,0.08630,0.39935
0.00690,0.00944,0.00820,0.00966,0.29863,0.10337,0.00354,0.13359,0.20035,0.22631
0.02004,0.04458,0.07477,0.04231,0.06961,0.03531,0.01056,0.18690,0.18836,0.32757
0.00382,0.00616,0.00651,0.00504,0.14624,0.00304,0.00519,0.00540,0.40923,0.40937
0.01416,0.02230,0.01822,0.01437,0.02238,0.31297,0.01025,0.26216,0.18858,0.13461
0.00333,0.00406,0.00271,0.00252,0.00559,0.00414,0.00165,0.47792,0.01452,0.48357
0.36865,0.01979,0.01323,0.01235,0.37430,0.00665,0.01078,0.03696,0.06473,0.09256
0.00882,0.06170,0.00926,0.04986,0.01226,0.00454,0.00453,0.30490,0.12404,0.42009
0.01499,0.08199,0.01312,0.06660,0.02567,0.00689,0.00749,0.10221,0.29636,0.38467
0.00695,0.01621,0.00703,0.26966,0.29420,0.00931,0.00234,0.01165,0.19034,0.19231
0.01007,0.01727,0.01141,0.00845,0.00959,0.01839,0.02159,0.40967,0.05487,0.43870
0.02041,0.04498,0.01792,0.16559,0.17251,0.00752,0.00464,0.01446,0.27393,0.27806
0.01407,0.43148,0.03304,0.02964,0.03049,0.00715,0.00404,0.03066,0.19980,0.21963
0.00877,0.00686,0.09132,0.01461,0.15235,0.26698,0.01095,0.07603,0.29060,0.08154
0.00452,0.00804,0.15250,0.00575,0.15726,0.00641,0.00421,0.01029,0.32618,0.32485
0.00268,0.95341,0.00089,0.00334,0.00671,0.00116,0.00147,0.00239,0.01403,0.01392
0.00507,0.00876,0.00429,0.00603,0.00669,0.00658,0.47314,0.02053,0.22832,0.24059
0.00438,0.00849,0.00635,0.00505,0.00570,0.25482,0.12833,0.02640,0.39743,0.16305
0.02616,0.01760,0.04687,0.08999,0.11082,0.24820,0.01257,0.26814,0.08079,0.09885
0.30776,0.03209,0.01704,0.01830,0.31281,0.00484,0.00305,0.00564,0.14959,0.14888
0.03318,0.02730,0.02129,0.01349,0.03462,0.01280,0.37584,0.02771,0.22154,0.23224
0.01630,0.02529,0.01891,0.01290,0.02676,0.18719,0.06729,0.19024,0.22888,0.22625
0.00842,0.31504,0.01648,0.01299,0.02984,0.08165,0.00161,0.09666,0.21304,0.22428
0.01935,0.08425,0.07052,0.03301,0.13042,0.18323,0.01716,0.05455,0.26618,0.14133
0.04518,0.01061,0.00368,0.03544,0.06236,0.26656,0.00327,0.05861,0.36691,0.14738
0.00370,0.00611,0.00464,0.00542,0.00644,0.00549,0.00539,0.03055,0.45610,0.47617
0.02989,0.25113,0.19005,0.03476,0.04968,0.00554,0.00708,0.15867,0.06341,0.20979
0.02175,0.01922,0.05592,0.31625,0.35110,0.00810,0.01451,0.05225,0.05742,0.10348
0.03868,0.04168,0.02382,0.01831,0.16165,0.04676,0.00535,0.06438,0.29265,0.30674
0.02087,0.02601,0.01360,0.01629,0.04123,0.25001,0.00790,0.15704,0.27966,0.18740
0.38238,0.02744,0.00996,0.01289,0.37503,0.00654,0.01569,0.03909,0.05077,0.08020
0.00592,0.00585,0.00493,0.00277,0.00621,0.12526,0.00410,0.32378,0.16336,0.35781
0.00678,0.13813,0.01154,0.01507,0.00941,0.00798,0.00397,0.07085,0.33872,0.39757
0.00601,0.00690,0.00684,0.00787,0.01980,0.09298,0.00277,0.24859,0.23040,0.37784
0.01741,0.00777,0.65639,0.01743,0.03707,0.00305,0.01036,0.06749,0.06283,0.12020
0.02130,0.25228,0.02102,0.22842,0.02432,0.00942,0.00368,0.02794,0.19798,0.21364
0.05179,0.04958,0.02015,0.03054,0.04394,0.01178,0.00382,0.27754,0.12501,0.38584
0.00369,0.00423,0.00425,0.07622,0.08651,0.00599,0.00393,0.02341,0.38806,0.40371
0.01575,0.08123,0.02078,0.13109,0.08157,0.10923,0.00575,0.06926,0.26696,0.21837
0.01013,0.03373,0.01051,0.00952,0.02048,0.00888,0.00501,0.01268,0.44376,0.44531
0.00592,0.00880,0.00552,0.00580,0.00850,0.00911,0.00203,0.06988,0.41609,0.46834
0.04783,0.05570,0.00733,0.00806,0.00454,0.04972,0.00597,0.16308,0.27670,0.38106
0.00916,0.01044,0.02018,0.01920,0.01406,0.15828,0.00332,0.05596,0.40686,0.30255
0.01470,0.02989,0.02326,0.02727,0.03044,0.00596,0.01415,0.10646,0.32712,0.42077
0.01562,0.02488,0.02926,0.02478,0.10765,0.22910,0.00282,0.13703,0.26115,0.16772
0.01514,0.01013,0.01600,0.00468,0.01185,0.42387,0.00244,0.02614,0.44239,0.04737
0.00698,0.00983,0.01500,0.01434,0.01728,0.00403,0.18440,0.01211,0.36455,0.37149
0.02147,0.04661,0.02015,0.02306,0.02985,0.00756,0.04868,0.01958,0.38630,0.39674
0.07766,0.02218,0.01209,0.02052,0.10919,0.02039,0.00539,0.02944,0.34773,0.35542
0.15800,0.15994,0.02103,0.02960,0.06743,0.05728,0.02265,0.02663,0.24482,0.21261
0.01945,0.01965,0.10711,0.01769,0.02263,0.00649,0.14523,0.01481,0.32112,0.32581
0.00891,0.00586,0.01028,0.01080,0.01505,0.02634,0.30216,0.06625,0.25963,0.29472
0.01848,0.21399,0.02604,0.29919,0.12044,0.00385,0.00426,0.04904,0.10900,0.15571
0.02289,0.03046,0.02715,0.05321,0.05512,0.03815,0.00627,0.14979,0.25625,0.36071
0.03221,0.00445,0.00565,0.02975,0.04791,0.01739,0.00373,0.18472,0.25953,0.41466
0.01273,0.21724,0.00312,0.01400,0.02143,0.25925,0.02619,0.12207,0.23146,0.09250
0.02785,0.04625,0.05416,0.03809,0.27651,0.00856,0.01323,0.00828,0.26474,0.26234
0.02180,0.04217,0.01826,0.02950,0.03441,0.00506,0.00838,0.12150,0.30480,0.41413
0.01699,0.00966,0.00806,0.01682,0.01726,0.02857,0.01081,0.32800,0.13362,0.43021
0.00619,0.01209,0.00681,0.00774,0.00715,0.03411,0.00215,0.08987,0.39172,0.44217
0.01596,0.01285,0.01345,0.00772,0.02102,0.00472,0.00416,0.23002,0.23407,0.45603
0.00704,0.28457,0.00312,0.00887,0.01688,0.00669,0.00612,0.21880,0.12152,0.32639
0.00596,0.00474,0.00742,0.00307,0.00715,0.02646,0.00207,0.05341,0.43325,0.45646
0.01129,0.00400,0.79687,0.01032,0.01503,0.00994,0.00326,0.01797,0.06482,0.06651
0.02783,0.03206,0.02649,0.01561,0.02443,0.10744,0.00812,0.04164,0.39461,0.32179
0.01134,0.00952,0.27989,0.01471,0.02555,0.01932,0.01463,0.07650,0.24835,0.30019
0.02687,0.00534,0.00490,0.03000,0.02979,0.02277,0.01285,0.35974,0.08972,0.41803
0.03379,0.04231,0.01807,0.01824,0.01173,0.09618,0.00741,0.06582,0.37028,0.33617
0.02917,0.01677,0.27435,0.03163,0.48476,0.01057,0.00509,0.02805,0.05269,0.06692
0.03210,0.00971,0.04663,0.03373,0.04819,0.11211,0.00718,0.14127,0.27201,0.29707
0.03657,0.02806,0.30167,0.02357,0.33838,0.02898,0.00276,0.02788,0.10926,0.10286
0.03084,0.04644,0.05978,0.05445,0.02041,0.14658,0.00787,0.13019,0.26212,0.24133
0.00718,0.04939,0.00611,0.05993,0.02603,0.00906,0.00427,0.00644,0.41912,0.41247
0.00699,0.03864,0.00287,0.00612,0.01442,0.00482,0.00460,0.15133,0.31661,0.45362
0.04001,0.03607,0.04543,0.04036,0.06126,0.07960,0.02986,0.13121,0.24432,0.29188
0.01031,0.01056,0.01701,0.01108,0.04073,0.02184,0.00701,0.35406,0.10162,0.42579
0.00963,0.01352,0.00958,0.00953,0.01292,0.28418,0.00789,0.09686,0.37541,0.18048
0.02484,0.00367,0.12141,0.01678,0.22303,0.00641,0.00842,0.06873,0.23311,0.29359
0.01556,0.04144,0.03799,0.01835,0.03058,0.01221,0.00934,0.26956,0.15971,0.40525
0.13764,0.01844,0.14777,0.01357,0.28587,0.12521,0.01383,0.05525,0.13817,0.06426
0.00722,0.43881,0.01332,0.01108,0.02163,0.01041,0.00491,0.11343,0.13984,0.23935
0.00921,0.01133,0.01225,0.01259,0.00471,0.13219,0.00192,0.07936,0.39666,0.33977
0.09809,0.09910,0.03002,0.02327,0.10450,0.23264,0.01820,0.03372,0.28205,0.07841
0.35330,0.05525,0.01978,0.03826,0.34541,0.01383,0.00817,0.03349,0.05649,0.07603
0.03689,0.04204,0.03498,0.02416,0.04015,0.15166,0.05840,0.16148,0.22017,0.23007
0.00584,0.08375,0.00662,0.07801,0.01048,0.01772,0.00437,0.13300,0.27546,0.38475
0.00915,0.01303,0.00653,0.00733,0.01101,0.31402,0.00366,0.04665,0.42988,0.15875
0.28228,0.01552,0.00771,0.00901,0.28807,0.02453,0.00248,0.14051,0.05794,0.17195
0.00251,0.00400,0.00199,0.00293,0.00301,0.00561,0.00592,0.10799,0.38480,0.48125
0.00275,0.00389,0.00256,0.00315,0.00391,0.03211,0.00304,0.45091,0.04160,0.45608
0.01500,0.39792,0.10154,0.09803,0.03819,0.06205,0.01290,0.06792,0.10597,0.10047
0.01301,0.02356,0.04289,0.01885,0.04564,0.16871,0.00366,0.01649,0.41118,0.25602
0.04182,0.03230,0.13368,0.02429,0.16933,0.04094,0.00361,0.05483,0.24491,0.25429
0.00776,0.00401,0.00469,0.00773,0.01510,0.27139,0.01524,0.11955,0.35639,0.19814
0.01078,0.01998,0.01580,0.01039,0.00901,0.00238,0.00398,0.09515,0.37398,0.45856
0.01988,0.15074,0.03039,0.12944,0.02260,0.02301,0.00964,0.07103,0.25202,0.29124
0.02620,0.15788,0.01835,0.02673,0.05713,0.00597,0.00609,0.28090,0.07628,0.34447
0.03483,0.02148,0.33542,0.01357,0.37290,0.00874,0.01221,0.01951,0.08796,0.09338
0.03271,0.01566,0.05581,0.04068,0.06158,0.36968,0.00909,0.01947,0.37251,0.02280
0.00673,0.00989,0.00963,0.00987,0.16434,0.00430,0.00428,0.22192,0.18025,0.38880
0.00987,0.02624,0.02335,0.02545,0.01551,0.07551,0.00349,0.06845,0.38292,0.36920
0.03453,0.07191,0.03677,0.05150,0.07398,0.02700,0.01072,0.14439,0.21925,0.32995
0.02113,0.04585,0.04864,0.04018,0.04723,0.00818,0.01462,0.17223,0.22466,0.37728
0.00597,0.01227,0.00962,0.00786,0.00903,0.35831,0.00411,0.09317,0.38375,0.11591
0.02098,0.16255,0.01206,0.01527,0.02206,0.01600,0.01388,0.07935,0.30029,0.35755
0.05333,0.15527,0.04102,0.12506,0.03762,0.01723,0.00751,0.09286,0.19980,0.27029
0.00760,0.01052,0.00427,0.00395,0.35967,0.00684,0.00633,0.05866,0.24981,0.29236
0.01107,0.00623,0.00790,0.00845,0.01676,0.00448,0.00349,0.29488,0.18283,0.46391
0.01107,0.31021,0.00752,0.29757,0.01099,0.00821,0.01648,0.08332,0.08809,0.16654
0.02802,0.00703,0.00356,0.02019,0.04158,0.00756,0.00270,0.37326,0.07973,0.43636
0.00685,0.00521,0.00618,0.08862,0.09892,0.00373,0.00984,0.15577,0.24109,0.38379
0.01341,0.00826,0.01055,0.01056,0.02075,0.39292,0.00605,0.40777,0.05918,0.07056
0.00632,0.01010,0.00535,0.00745,0.00785,0.00721,0.00207,0.33491,0.15040,0.46834
0.00689,0.00598,0.21383,0.00686,0.01716,0.00658,0.00469,0.18362,0.19280,0.36158
0.24714,0.01943,0.01258,0.01000,0.25339,0.18143,0.00521,0.03792,0.19032,0.04259
0.00805,0.16539,0.00476,0.00781,0.01184,0.00414,0.01632,0.01009,0.38430,0.38730
0.15309,0.00857,0.01776,0.00572,0.17405,0.00930,0.01144,0.01222,0.30343,0.30443
0.03555,0.01524,0.29031,0.02774,0.05433,0.01437,0.00323,0.18331,0.10877,0.26715
0.01611,0.21579,0.21189,0.01372,0.03467,0.03159,0.00354,0.07329,0.18009,0.21931
0.01882,0.32803,0.01554,0.02990,0.00918,0.00867,0.01114,0.06130,0.23758,0.27984
0.00450,0.00831,0.02747,0.00691,0.03115,0.14256,0.01382,0.44193,0.01504,0.30831
0.00837,0.01092,0.00800,0.00730,0.13455,0.01079,0.03557,0.01616,0.38394,0.38440
0.06456,0.07667,0.06204,0.06522,0.25447,0.02741,0.01576,0.14903,0.08535,0.19950
0.31132,0.07046,0.05210,0.02625,0.29161,0.02435,0.01146,0.03260,0.08793,0.09191
0.01994,0.04925,0.03455,0.01538,0.06113,0.02538,0.02523,0.35480,0.04198,0.37235
0.03554,0.04275,0.06500,0.04646,0.38119,0.06718,0.00675,0.01994,0.19258,0.14260
0.05518,0.02433,0.01436,0.02154,0.08087,0.00559,0.04416,0.02120,0.35930,0.37347
0.00539,0.01206,0.00199,0.00504,0.01115,0.01152,0.00362,0.03819,0.44393,0.46711
0.00780,0.01232,0.04787,0.00922,0.05488,0.27978,0.01980,0.02816,0.39765,0.14253
0.00922,0.36858,0.01451,0.35301,0.01496,0.00281,0.04913,0.03043,0.06454,0.09279
0.00927,0.01550,0.42278,0.00815,0.42670,0.00432,0.02788,0.00673,0.03905,0.03962
0.00800,0.01625,0.01187,0.33835,0.34215,0.00894,0.00358,0.01781,0.12317,0.12988
0.09318,0.05396,0.00971,0.02414,0.04342,0.12415,0.01451,0.03803,0.34547,0.25342
0.01033,0.01692,0.01764,0.01876,0.00667,0.01296,0.04806,0.08935,0.35615,0.42317
0.01520,0.02412,0.01142,0.01613,0.01175,0.15002,0.00890,0.32870,0.13469,0.29907
0.06226,0.03485,0.04019,0.12731,0.15116,0.00530,0.00704,0.23069,0.05898,0.28223
0.16793,0.01369,0.00889,0.01092,0.18017,0.00540,0.00300,0.09937,0.21204,0.29859
0.03563,0.02468,0.02506,0.01408,0.02903,0.01806,0.00541,0.34961,0.08533,0.41312
0.01681,0.00655,0.00469,0.01551,0.03268,0.01836,0.00555,0.42462,0.03805,0.43717
0.00917,0.04989,0.00148,0.00899,0.01767,0.00395,0.00578,0.00655,0.44817,0.44834
0.02299,0.10006,0.01459,0.02741,0.03304,0.19239,0.02000,0.06191,0.33094,0.19667
0.02586,0.03725,0.03421,0.01640,0.05680,0.00738,0.00610,0.02460,0.38898,0.40242
0.00258,0.00244,0.00254,0.00225,0.00503,0.00197,0.00118,0.00439,0.48830,0.48932
0.00362,0.00404,0.00432,0.27994,0.28643,0.05406,0.00275,0.00763,0.20287,0.15433
0.13286,0.03927,0.02283,0.03353,0.13754,0.02052,0.01181,0.04169,0.27130,0.28863
0.02201,0.01726,0.01794,0.00340,0.01280,0.05951,0.01726,0.31218,0.14847,0.38917
0.00724,0.00261,0.00310,0.00708,0.00949,0.01681,0.00602,0.42014,0.06562,0.46190
0.01079,0.01768,0.01495,0.01921,0.26602,0.07687,0.00598,0.23009,0.10394,0.25446
0.10057,0.37017,0.06721,0.03507,0.15786,0.00468,0.04610,0.02330,0.08884,0.10620
0.02685,0.04706,0.04187,0.02967,0.61952,0.00992,0.00837,0.02799,0.08859,0.10017
0.09820,0.04015,0.02608,0.01693,0.08964,0.02111,0.00605,0.21296,0.15273,0.33616
0.00550,0.01562,0.00623,0.00846,0.00425,0.00724,0.00316,0.29423,0.18834,0.46697
0.01525,0.07198,0.01167,0.06386,0.01053,0.13476,0.00777,0.16650,0.24470,0.27298
0.02046,0.02345,0.03214,0.03865,0.00930,0.08644,0.01593,0.26242,0.17239,0.33882
0.00634,0.01596,0.00807,0.01399,0.00991,0.32618,0.00409,0.34834,0.12467,0.14245
0.01326,0.01727,0.01036,0.01223,0.01100,0.08086,0.00639,0.25087,0.21794,0.37982
0.07311,0.02251,0.01843,0.04399,0.10320,0.04545,0.00339,0.04315,0.32858,0.31819
0.00560,0.01334,0.21095,0.01157,0.21025,0.01141,0.07262,0.02339,0.21738,0.22348
0.01394,0.05374,0.02618,0.03741,0.01978,0.01299,0.00547,0.07953,0.34471,0.40624
0.01039,0.00651,0.00935,0.00666,0.01994,0.22115,0.00785,0.01738,0.45410,0.24667
0.01683,0.03817,0.00354,0.01487,0.02857,0.01568,0.08067,0.03159,0.37939,0.39070
0.01184,0.02881,0.34441,0.02452,0.33856,0.01316,0.00644,0.04816,0.07483,0.10926
0.12146,0.01702,0.00938,0.03579,0.15945,0.00191,0.00664,0.02346,0.30532,0.31957
0.00796,0.01916,0.25859,0.01554,0.25957,0.00463,0.00817,0.10833,0.10891,0.20914
0.03888,0.01391,0.03420,0.02555,0.08574,0.02033,0.01267,0.23925,0.16011,0.36934
0.03465,0.06788,0.16255,0.05317,0.14781,0.01771,0.03088,0.19756,0.05481,0.23297
0.03456,0.03421,0.02457,0.12585,0.15275,0.02147,0.02370,0.19405,0.10880,0.28004
0.09535,0.03852,0.00935,0.02292,0.05192,0.00401,0.00454,0.33290,0.05796,0.38254
0.00960,0.00773,0.00900,0.34398,0.35607,0.01676,0.00497,0.04090,0.09512,0.11588
0.16544,0.03053,0.02892,0.01834,0.18443,0.03272,0.00474,0.07368,0.21369,0.24752
0.02210,0.03728,0.01670,0.03152,0.01855,0.00994,0.01058,0.32062,0.11522,0.41748
0.01319,0.01708,0.01684,0.01587,0.03894,0.08702,0.00764,0.09106,0.35509,0.35726
0.01162,0.01381,0.01779,0.01138,0.03705,0.15258,0.00248,0.21190,0.24345,0.29794
0.01762,0.03828,0.23790,0.01876,0.25343,0.09078,0.00270,0.03142,0.18878,0.12033
0.02414,0.13855,0.29375,0.03070,0.04253,0.00450,0.00784,0.15474,0.07912,0.22414
0.01372,0.41270,0.01203,0.39556,0.04031,0.01747,0.00461,0.01101,0.04996,0.04263
0.01147,0.84325,0.00794,0.01078,0.01774,0.00761,0.02348,0.02714,0.01555,0.03503
0.07230,0.28595,0.13274,0.04370,0.27454,0.01033,0.01386,0.01608,0.07307,0.07742
0.04076,0.02586,0.18780,0.02713,0.34337,0.00997,0.00571,0.03531,0.15152,0.17257
0.03178,0.57457,0.00356,0.02566,0.02565,0.03728,0.01220,0.05439,0.11688,0.11803
