0.07178,0.17877,0.16607,0.15177,0.15934,0.07495,0.06135,0.04424,0.03866,0.05307
0.08931,0.16932,0.17472,0.16631,0.18716,0.05011,0.04469,0.04129,0.03629,0.04079
0.09014,0.18622,0.17600,0.14241,0.15822,0.06085,0.05820,0.03947,0.03936,0.04913
0.08320,0.19595,0.19122,0.14806,0.15763,0.05051,0.04499,0.04165,0.03776,0.04905
0.08157,0.15090,0.15464,0.14016,0.14977,0.07845,0.06220,0.06632,0.05047,0.06552
0.07638,0.17600,0.17841,0.17099,0.16918,0.05204,0.04427,0.04673,0.04008,0.04592
0.07683,0.17688,0.15309,0.16822,0.15993,0.06211,0.04910,0.05282,0.04360,0.05742
0.09670,0.16919,0.15190,0.15319,0.15661,0.06380,0.05625,0.04710,0.05094,0.05433
0.07493,0.20291,0.18686,0.15721,0.16166,0.04904,0.03922,0.04267,0.04376,0.04173
0.08467,0.18314,0.18823,0.17693,0.17034,0.04612,0.03585,0.04167,0.03381,0.03924
0.06388,0.22865,0.21596,0.16931,0.19328,0.03081,0.02522,0.02509,0.02223,0.02557
0.06426,0.24017,0.20721,0.14665,0.18126,0.03707,0.03429,0.02646,0.02969,0.03293
0.07967,0.19071,0.18979,0.16216,0.17233,0.04680,0.03630,0.04351,0.03444,0.04430
0.06049,0.25420,0.20515,0.16351,0.18419,0.03122,0.02628,0.02385,0.02210,0.02901
0.07387,0.20623,0.18941,0.14360,0.16672,0.05369,0.04499,0.03695,0.03531,0.04922
0.10877,0.15262,0.14821,0.14261,0.15646,0.06959,0.06028,0.05498,0.04326,0.06322
0.06736,0.22787,0.22413,0.16378,0.18389,0.03095,0.02649,0.02702,0.02166,0.02685
0.06980,0.19592,0.20529,0.16452,0.17209,0.04742,0.04035,0.03636,0.02941,0.03884
0.09388,0.16087,0.15575,0.14309,0.16275,0.06386,0.05778,0.05370,0.04567,0.06265
0.08743,0.20361,0.17203,0.16793,0.16801,0.04762,0.04133,0.03391,0.03969,0.03846
0.07999,0.18689,0.20798,0.17750,0.17756,0.03811,0.03525,0.03327,0.03027,0.03316
0.07071,0.19378,0.18891,0.16948,0.15853,0.05410,0.04316,0.04404,0.03127,0.04601
0.07359,0.16498,0.15689,0.14998,0.14713,0.08065,0.06074,0.05485,0.04620,0.06499
0.08123,0.19298,0.17898,0.16511,0.15792,0.05684,0.04117,0.04360,0.03380,0.04837
0.07195,0.21286,0.20602,0.17424,0.17800,0.03816,0.03495,0.02729,0.02669,0.02985
0.07781,0.18549,0.19175,0.17154,0.17882,0.04642,0.03687,0.03828,0.03220,0.04082
0.06425,0.15173,0.15515,0.16414,0.13713,0.08990,0.06163,0.06450,0.04755,0.06402
0.07853,0.18286,0.18936,0.18094,0.18845,0.04122,0.03809,0.03283,0.03143,0.03629
0.08417,0.20060,0.18774,0.17135,0.16781,0.04448,0.03774,0.03737,0.03212,0.03662
0.08773,0.20269,0.17491,0.14889,0.17049,0.05185,0.04201,0.03736,0.04228,0.04178
0.07793,0.19999,0.19237,0.16571,0.17224,0.04781,0.03892,0.03433,0.03517,0.03553
0.08236,0.16612,0.18662,0.16413,0.15919,0.06251,0.04986,0.04392,0.03684,0.04846
0.07147,0.15976,0.15763,0.14401,0.14078,0.08672,0.06742,0.05648,0.04492,0.07080
0.08166,0.16207,0.15050,0.13774,0.15483,0.07964,0.08082,0.04511,0.04615,0.06149
0.08365,0.18565,0.17241,0.14979,0.15578,0.05774,0.05135,0.04467,0.04445,0.05451
0.07615,0.18444,0.17213,0.14864,0.14711,0.07395,0.05502,0.04978,0.04343,0.04935
0.07849,0.15280,0.14574,0.13500,0.14655,0.09516,0.07705,0.04533,0.05074,0.07313
0.06858,0.20779,0.19422,0.16818,0.17547,0.04559,0.03832,0.03433,0.03069,0.03682
0.08669,0.21984,0.21193,0.17114,0.17493,0.03119,0.02763,0.02588,0.02376,0.02701
0.08266,0.18666,0.19499,0.16958,0.15457,0.05338,0.05202,0.02904,0.03507,0.04203
0.08226,0.17719,0.16083,0.14964,0.15687,0.06517,0.05411,0.05115,0.04978,0.05299
0.08000,0.20033,0.18258,0.16596,0.16058,0.05311,0.04171,0.04159,0.03266,0.04147
0.07656,0.21991,0.21178,0.15936,0.20777,0.03138,0.02446,0.02363,0.02241,0.02275
0.10052,0.19279,0.19370,0.16609,0.17594,0.03745,0.03561,0.03125,0.03287,0.03378
0.07058,0.16158,0.15085,0.13040,0.14089,0.08923,0.06888,0.06101,0.05444,0.07215
0.08953,0.16505,0.16750,0.16436,0.15872,0.05954,0.05141,0.04740,0.04461,0.05188
0.08509,0.17675,0.17331,0.15741,0.15786,0.05774,0.05508,0.04377,0.04511,0.04787
0.09396,0.17750,0.16891,0.16801,0.16847,0.05272,0.04507,0.04399,0.03852,0.04285
0.06257,0.19370,0.20497,0.14370,0.18881,0.05548,0.03783,0.03821,0.03366,0.04108
0.06081,0.23222,0.21154,0.16595,0.18408,0.03238,0.02938,0.02806,0.02386,0.03172
0.08290,0.17565,0.17943,0.14920,0.16540,0.06074,0.04857,0.04399,0.04073,0.05338
0.07571,0.19260,0.18366,0.17742,0.17185,0.05145,0.04058,0.03268,0.03345,0.04059
0.06951,0.23510,0.19473,0.14920,0.16262,0.04413,0.04192,0.03212,0.03403,0.03664
0.07514,0.21349,0.19595,0.17460,0.17257,0.04113,0.03427,0.03060,0.02682,0.03543
0.06087,0.25097,0.21421,0.15639,0.16821,0.03732,0.02981,0.02578,0.02634,0.03010
0.06844,0.20075,0.19635,0.17470,0.16668,0.04760,0.03729,0.03716,0.03222,0.03880
0.07294,0.19961,0.17734,0.16161,0.16058,0.05366,0.04855,0.03873,0.04186,0.04511
0.07256,0.20603,0.16736,0.15102,0.15297,0.06562,0.05038,0.04674,0.03523,0.05208
0.08162,0.17219,0.16561,0.14539,0.15678,0.06360,0.05491,0.05026,0.05003,0.05960
0.07844,0.21564,0.18426,0.17302,0.16558,0.03976,0.03867,0.03459,0.03151,0.03853
0.08381,0.19631,0.18128,0.16970,0.16724,0.04279,0.03930,0.03915,0.03890,0.04152
0.08894,0.17484,0.17661,0.16206,0.15962,0.05712,0.04977,0.04342,0.04090,0.04673
0.06645,0.20330,0.18579,0.16070,0.17807,0.04568,0.04052,0.03830,0.04208,0.03911
0.07360,0.18417,0.16351,0.13662,0.13944,0.08245,0.07487,0.04423,0.04245,0.05866
0.08583,0.19173,0.18791,0.15023,0.17570,0.04876,0.03903,0.04345,0.03561,0.04176
0.08389,0.19147,0.16165,0.15177,0.16465,0.05573,0.05087,0.04811,0.04213,0.04972
0.09009,0.19034,0.17257,0.16898,0.15692,0.05001,0.04426,0.04113,0.04117,0.04452
0.06159,0.23180,0.20535,0.16761,0.17228,0.04092,0.03231,0.02864,0.02561,0.03388
0.08602,0.21537,0.17241,0.17408,0.17043,0.04474,0.03518,0.03266,0.03050,0.03861
0.09500,0.16379,0.15468,0.13477,0.14676,0.07524,0.05478,0.06060,0.05946,0.05492
0.09466,0.19210,0.17160,0.14754,0.15732,0.05712,0.04781,0.04238,0.04101,0.04846
0.07732,0.15464,0.16136,0.14294,0.14225,0.08559,0.05677,0.05819,0.05569,0.06525
0.08919,0.19634,0.19628,0.15070,0.18752,0.04015,0.03634,0.03331,0.03324,0.03695
0.06466,0.19762,0.19667,0.15877,0.18098,0.05254,0.03733,0.03510,0.03409,0.04223
0.08532,0.17816,0.19470,0.16224,0.16571,0.05163,0.04352,0.03801,0.03769,0.04302
0.08809,0.16030,0.14340,0.13637,0.13638,0.07802,0.07118,0.05770,0.06075,0.06782
0.08003,0.20126,0.18671,0.16025,0.16667,0.04581,0.03912,0.04211,0.03808,0.03996
0.08114,0.17930,0.18224,0.16917,0.16741,0.05393,0.04148,0.04345,0.03531,0.04656
0.07991,0.18319,0.17561,0.15246,0.15674,0.06445,0.05694,0.04048,0.03830,0.05192
0.08829,0.19311,0.19371,0.17316,0.17905,0.04114,0.03672,0.03547,0.02669,0.03265
0.08946,0.16181,0.16655,0.15534,0.15179,0.06873,0.05784,0.05389,0.04415,0.05044
0.07695,0.13225,0.13974,0.12724,0.12233,0.09870,0.07317,0.07837,0.05951,0.09173
0.07712,0.21306,0.20006,0.16671,0.17933,0.03969,0.03219,0.03066,0.02906,0.03212
0.07782,0.19095,0.17983,0.16479,0.16877,0.05083,0.04170,0.04370,0.03768,0.04392
0.06681,0.19138,0.18421,0.15089,0.17189,0.05951,0.04796,0.04397,0.03563,0.04776
0.07634,0.20399,0.18093,0.16607,0.16873,0.04962,0.04046,0.03791,0.03696,0.03899
0.10586,0.17901,0.16709,0.13878,0.15731,0.05839,0.05256,0.04783,0.04182,0.05136
0.09426,0.21055,0.18598,0.16449,0.17463,0.03462,0.03441,0.03283,0.03451,0.03373
0.07930,0.19048,0.17306,0.15073,0.17516,0.05411,0.04483,0.04554,0.03933,0.04745
0.09953,0.17144,0.17035,0.15683,0.15855,0.05525,0.04900,0.04927,0.04065,0.04914
0.07412,0.20958,0.20317,0.18221,0.17471,0.03494,0.03287,0.02956,0.02424,0.03461
0.06128,0.23256,0.18176,0.18060,0.18084,0.03964,0.03435,0.02914,0.02530,0.03452
0.07207,0.25393,0.20489,0.17599,0.17155,0.02881,0.02355,0.02314,0.02249,0.02359
0.06248,0.24410,0.22086,0.17621,0.17119,0.03038,0.02420,0.02292,0.02199,0.02566
0.07019,0.18815,0.16055,0.14317,0.15374,0.07535,0.05413,0.05148,0.04346,0.05978
0.08593,0.16611,0.15746,0.14030,0.15625,0.07037,0.06443,0.05072,0.04492,0.06351
0.06134,0.24036,0.21300,0.16501,0.17170,0.03320,0.03069,0.02813,0.02727,0.02930
0.09476,0.17935,0.16892,0.16733,0.17285,0.05261,0.04322,0.04259,0.03673,0.04162
0.08007,0.21053,0.17698,0.17074,0.16347,0.04769,0.03828,0.03609,0.03096,0.04521
0.08042,0.16490,0.16210,0.14784,0.15523,0.07122,0.05626,0.05170,0.05094,0.05938
