0.01549,0.03911,0.02377,0.01167,0.28494,0.04739,0.02739,0.03253,0.03590,0.08699,0.02625,0.07934,0.06859,0.06143,0.03039,0.01096,0.00535,0.08993,0.00951,0.01308
0.03314,0.38731,0.13796,0.06889,0.01478,0.01924,0.02342,0.01773,0.04301,0.07293,0.02146,0.01491,0.01555,0.03358,0.01903,0.02201,0.02201,0.01672,0.00935,0.00698
0.32912,0.02323,0.03409,0.07208,0.01652,0.00818,0.02280,0.02677,0.04306,0.03339,0.01740,0.02544,0.01689,0.01912,0.01052,0.01733,0.25472,0.00711,0.00646,0.01576
0.02197,0.50100,0.01402,0.00849,0.02027,0.01261,0.02418,0.02223,0.02424,0.04324,0.13363,0.01915,0.01903,0.04074,0.02461,0.02535,0.01526,0.00931,0.01056,0.01011
0.01096,0.03186,0.01450,0.00857,0.07611,0.09091,0.02624,0.04794,0.02320,0.02968,0.01275,0.04328,0.02092,0.03370,0.06627,0.02528,0.00577,0.40632,0.01456,0.01118
0.04389,0.28114,0.07546,0.02066,0.02220,0.01571,0.03965,0.04021,0.10257,0.08373,0.03966,0.01502,0.02876,0.02574,0.07082,0.03991,0.01302,0.01411,0.01597,0.01177
0.03011,0.07590,0.01756,0.01215,0.04806,0.01267,0.49922,0.05456,0.05983,0.02580,0.00465,0.02668,0.02773,0.02465,0.00770,0.01866,0.01962,0.00829,0.01345,0.01272
0.07468,0.02056,0.01649,0.20582,0.02035,0.01146,0.06671,0.20391,0.02946,0.02963,0.01478,0.01062,0.04069,0.01205,0.01075,0.01980,0.18269,0.01265,0.00781,0.00909
0.02333,0.02645,0.01874,0.21020,0.03282,0.01465,0.20262,0.19157,0.03128,0.02275,0.01565,0.01562,0.01669,0.02434,0.01629,0.01695,0.08168,0.01296,0.01089,0.01451
0.02560,0.16748,0.03089,0.01946,0.02769,0.03061,0.26081,0.04816,0.06400,0.06414,0.04714,0.02068,0.02815,0.02844,0.01238,0.07034,0.01684,0.01738,0.00766,0.01215
0.00903,0.02602,0.01046,0.01024,0.22341,0.26867,0.01365,0.05854,0.01988,0.01869,0.03341,0.01164,0.03821,0.01456,0.02838,0.01234,0.00262,0.18455,0.01226,0.00343
0.07930,0.23689,0.05080,0.02272,0.04136,0.04691,0.13823,0.04629,0.11069,0.04363,0.01749,0.02048,0.02935,0.01454,0.01236,0.03494,0.02379,0.01132,0.00984,0.00905
0.02590,0.56106,0.02379,0.01951,0.01200,0.01490,0.01839,0.02077,0.03542,0.02426,0.10558,0.01713,0.01103,0.02787,0.00901,0.03545,0.01714,0.00779,0.00465,0.00836
0.00979,0.03030,0.01885,0.00779,0.38639,0.04568,0.01719,0.03535,0.02648,0.02484,0.01179,0.02497,0.05433,0.03732,0.04058,0.01259,0.00372,0.17872,0.02629,0.00701
0.04126,0.21716,0.01985,0.00945,0.01699,0.02142,0.04571,0.01580,0.09468,0.04776,0.30180,0.02331,0.01708,0.01181,0.00896,0.06345,0.02346,0.00646,0.00518,0.00841
0.03112,0.02596,0.03214,0.02588,0.02020,0.12932,0.26880,0.18676,0.07003,0.03042,0.01051,0.04749,0.01449,0.02550,0.00820,0.01273,0.01730,0.02221,0.00906,0.01187
0.56594,0.02843,0.01461,0.01501,0.01134,0.00522,0.01666,0.02621,0.07524,0.02414,0.00820,0.01379,0.00675,0.01554,0.00533,0.01517,0.13608,0.00356,0.00564,0.00713
0.01954,0.03358,0.04270,0.01087,0.29552,0.02884,0.01567,0.03487,0.04977,0.02940,0.06787,0.05733,0.04408,0.03656,0.07947,0.03918,0.00698,0.06204,0.03709,0.00863
0.04759,0.13136,0.02075,0.07301,0.02915,0.02747,0.05871,0.08379,0.04602,0.02408,0.01645,0.01672,0.01963,0.01825,0.01188,0.01269,0.32451,0.01777,0.01033,0.00984
0.03903,0.06411,0.01199,0.08427,0.01906,0.01235,0.05312,0.46190,0.04493,0.02310,0.00953,0.01667,0.01436,0.01315,0.00891,0.01354,0.07902,0.00521,0.00845,0.01730
0.38009,0.02846,0.01363,0.00733,0.01089,0.00740,0.01048,0.01517,0.07454,0.03520,0.00731,0.01715,0.00562,0.01359,0.00871,0.01677,0.32394,0.00468,0.00866,0.01038
0.09709,0.07914,0.01327,0.11996,0.01293,0.00934,0.01800,0.07354,0.06746,0.03243,0.00608,0.01994,0.01162,0.01529,0.00773,0.01484,0.37917,0.00890,0.00562,0.00765
0.04128,0.09562,0.14174,0.02851,0.04301,0.01038,0.01908,0.02372,0.06470,0.06923,0.14601,0.04704,0.01956,0.12458,0.02504,0.01962,0.03424,0.00863,0.02210,0.01590
0.21944,0.12298,0.02540,0.01670,0.01391,0.00576,0.00853,0.05816,0.07362,0.04040,0.00694,0.01458,0.00627,0.01183,0.01189,0.01498,0.32529,0.00441,0.00480,0.01411
0.01651,0.04747,0.02302,0.01158,0.01670,0.07091,0.02426,0.01994,0.03276,0.02457,0.00640,0.01373,0.01567,0.01353,0.01674,0.02462,0.00518,0.59935,0.01166,0.00541
0.03130,0.02585,0.00860,0.22774,0.03442,0.01149,0.03964,0.06553,0.02956,0.02993,0.00701,0.02293,0.02087,0.02505,0.01374,0.01126,0.36204,0.01563,0.00684,0.01057
0.01032,0.02231,0.02051,0.01483,0.03465,0.07145,0.02901,0.11779,0.04872,0.02489,0.01044,0.03300,0.03339,0.02538,0.03700,0.02384,0.00441,0.41820,0.01248,0.00737
0.08582,0.05127,0.35670,0.03934,0.01844,0.01138,0.01807,0.02286,0.06707,0.04495,0.01370,0.03334,0.02137,0.03029,0.03096,0.04965,0.07600,0.00806,0.01098,0.00974
0.01520,0.00799,0.01208,0.01197,0.03821,0.03251,0.46883,0.25436,0.02799,0.01795,0.00393,0.01907,0.01196,0.01331,0.01117,0.00890,0.00971,0.01014,0.01434,0.01039
0.17966,0.03539,0.02456,0.10287,0.03538,0.04446,0.09017,0.03060,0.05360,0.04453,0.01417,0.04771,0.03107,0.02587,0.00988,0.01302,0.16927,0.02201,0.00879,0.01698
0.02487,0.64103,0.01828,0.01713,0.00744,0.00653,0.01849,0.01761,0.02754,0.04860,0.06794,0.01529,0.00801,0.02644,0.00870,0.01218,0.01308,0.00486,0.00801,0.00797
0.03264,0.07171,0.01703,0.23442,0.02384,0.02146,0.04520,0.05725,0.03037,0.02502,0.00895,0.02505,0.02701,0.02239,0.01444,0.02820,0.27214,0.01248,0.01630,0.01408
0.01850,0.02241,0.01199,0.22408,0.01864,0.01476,0.06237,0.47933,0.01871,0.02221,0.01351,0.00779,0.01262,0.01006,0.00851,0.00755,0.02111,0.01483,0.00455,0.00649
0.02015,0.58466,0.01335,0.01402,0.00906,0.01309,0.07286,0.01262,0.03699,0.04837,0.04643,0.00933,0.00897,0.01787,0.00568,0.04632,0.01841,0.00716,0.00666,0.00799
0.02595,0.01215,0.03851,0.00725,0.39591,0.02803,0.01304,0.02487,0.04412,0.03766,0.00791,0.03103,0.06952,0.04119,0.02244,0.13636,0.00413,0.03457,0.01565,0.00971
0.03181,0.15839,0.34282,0.04050,0.01928,0.01447,0.01787,0.01469,0.03928,0.04194,0.04285,0.03002,0.01292,0.01486,0.01151,0.04399,0.09006,0.01615,0.00717,0.00942
0.02271,0.46105,0.15145,0.03119,0.01464,0.01278,0.01783,0.02442,0.03377,0.04989,0.04296,0.01376,0.01313,0.03648,0.01620,0.01681,0.01460,0.00927,0.00840,0.00866
0.01805,0.00939,0.03196,0.01308,0.18346,0.04506,0.02384,0.05838,0.03023,0.03489,0.01164,0.04600,0.07727,0.04530,0.15949,0.01984,0.00653,0.14400,0.02618,0.01542
0.23286,0.05477,0.03277,0.04593,0.01611,0.01712,0.16775,0.05917,0.10087,0.04135,0.02515,0.01750,0.02314,0.02073,0.01651,0.02057,0.07433,0.00775,0.01599,0.00961
0.42577,0.03379,0.01160,0.02011,0.00967,0.00831,0.05630,0.02152,0.03589,0.03479,0.01883,0.01305,0.00983,0.01312,0.00929,0.01330,0.24081,0.00404,0.00614,0.01384
0.12108,0.00686,0.01893,0.12272,0.01129,0.00578,0.29411,0.03883,0.01877,0.03156,0.00903,0.00637,0.01010,0.01496,0.01174,0.00907,0.25185,0.00447,0.00665,0.00582
0.05293,0.02289,0.03774,0.04264,0.05950,0.01135,0.02167,0.04261,0.03054,0.04894,0.09720,0.06818,0.02981,0.15474,0.15575,0.01917,0.02808,0.01069,0.02760,0.03798
0.07697,0.04444,0.18072,0.03044,0.02949,0.04814,0.08226,0.03725,0.16541,0.05218,0.01524,0.01655,0.04440,0.02597,0.03646,0.03718,0.03382,0.01854,0.01732,0.00722
0.01212,0.02278,0.01381,0.00787,0.07700,0.10687,0.48412,0.05148,0.03978,0.02832,0.00659,0.02803,0.02317,0.02186,0.01523,0.01454,0.01024,0.01310,0.01321,0.00988
0.24401,0.03463,0.01464,0.02058,0.02111,0.00738,0.03149,0.05455,0.10394,0.05929,0.01676,0.01271,0.00926,0.01637,0.03305,0.01479,0.28380,0.00574,0.00832,0.00758
0.00634,0.01458,0.01917,0.00650,0.28942,0.05098,0.01410,0.03601,0.03306,0.02950,0.00696,0.02421,0.01830,0.03620,0.03522,0.01144,0.00264,0.33653,0.02304,0.00578
0.02981,0.01525,0.01324,0.11164,0.04074,0.01001,0.13898,0.30050,0.02264,0.02415,0.01184,0.01301,0.02378,0.02375,0.11562,0.01493,0.05577,0.00796,0.01842,0.00795
0.15510,0.00903,0.01036,0.08674,0.00910,0.01298,0.27888,0.22553,0.02714,0.02965,0.00482,0.01377,0.01303,0.02329,0.00598,0.00880,0.06225,0.01051,0.00403,0.00902
0.07699,0.40260,0.00601,0.00451,0.01378,0.00949,0.02263,0.01754,0.03921,0.03540,0.25637,0.01502,0.00740,0.01247,0.00868,0.03540,0.02128,0.00487,0.00382,0.00654
0.07675,0.18032,0.18363,0.03841,0.02104,0.01874,0.03263,0.02157,0.07675,0.07701,0.05001,0.01812,0.03068,0.02662,0.01489,0.04492,0.04836,0.01683,0.01132,0.01138
0.02652,0.01750,0.17558,0.02507,0.07153,0.01371,0.02396,0.03750,0.04004,0.03519,0.07609,0.02245,0.02201,0.02857,0.28878,0.02978,0.00906,0.01990,0.02382,0.01292
0.04948,0.03312,0.01126,0.23334,0.01581,0.01400,0.02468,0.12067,0.05152,0.02304,0.00430,0.01858,0.01273,0.02443,0.01106,0.01689,0.31121,0.00682,0.00651,0.01056
0.02121,0.02347,0.01116,0.23805,0.04097,0.01919,0.03417,0.22183,0.03400,0.03381,0.01330,0.03041,0.01757,0.01944,0.01941,0.01588,0.12944,0.06029,0.00704,0.00938
0.02977,0.05595,0.21444,0.01786,0.03180,0.01364,0.02714,0.03042,0.05939,0.03530,0.10246,0.02628,0.02749,0.01645,0.19399,0.08531,0.00790,0.00647,0.00925,0.00869
0.31465,0.02437,0.02265,0.01056,0.02145,0.00897,0.03179,0.03774,0.06276,0.03739,0.03583,0.01404,0.02510,0.01837,0.05394,0.02487,0.22091,0.00450,0.01949,0.01061
0.01847,0.05003,0.04106,0.05613,0.05937,0.16011,0.08116,0.05581,0.04684,0.03237,0.01040,0.03813,0.02502,0.02723,0.01032,0.01429,0.01796,0.23669,0.00979,0.00880
0.03163,0.04496,0.03105,0.01270,0.21648,0.03042,0.02032,0.03398,0.06093,0.05596,0.04587,0.10494,0.03556,0.04639,0.04041,0.02199,0.00783,0.03404,0.10499,0.01954
0.05417,0.09529,0.03724,0.11064,0.01604,0.02822,0.17525,0.04103,0.05480,0.05059,0.01396,0.03221,0.01857,0.02456,0.02398,0.02567,0.13885,0.00864,0.02137,0.02891
0.04896,0.56819,0.02413,0.02541,0.00822,0.01779,0.06127,0.01022,0.02311,0.03088,0.02226,0.01296,0.01166,0.00726,0.00554,0.01841,0.08852,0.00720,0.00299,0.00503
0.12500,0.02070,0.00929,0.02291,0.00958,0.00668,0.01892,0.02638,0.28457,0.03312,0.00536,0.01226,0.00674,0.01124,0.00663,0.01299,0.37242,0.00497,0.00462,0.00559
0.01009,0.01901,0.01848,0.01021,0.16746,0.08849,0.02163,0.15048,0.03483,0.04129,0.00847,0.01625,0.01560,0.01868,0.04588,0.01252,0.00349,0.27835,0.03262,0.00615
0.04274,0.67520,0.00891,0.00936,0.00839,0.01303,0.03628,0.01564,0.03797,0.04147,0.02222,0.01481,0.00957,0.01032,0.00594,0.01492,0.01726,0.00605,0.00339,0.00652
0.03147,0.03110,0.01450,0.01716,0.38284,0.02409,0.06281,0.03647,0.05550,0.03539,0.01077,0.03815,0.14428,0.02739,0.01239,0.01361,0.01175,0.02257,0.01749,0.01028
0.06208,0.39027,0.01545,0.01278,0.02451,0.01473,0.04240,0.04431,0.04884,0.10689,0.06612,0.01216,0.03737,0.03030,0.02509,0.01476,0.01000,0.01226,0.01712,0.01256
0.13477,0.02213,0.01012,0.01380,0.01507,0.01279,0.07264,0.01974,0.20219,0.03796,0.00946,0.01075,0.01701,0.01746,0.01469,0.01759,0.34454,0.00461,0.01082,0.01187
0.01297,0.00860,0.01167,0.01598,0.01255,0.02075,0.03006,0.01448,0.01295,0.02040,0.01298,0.01692,0.01043,0.00792,0.00946,0.01080,0.00694,0.75444,0.00377,0.00592
0.09134,0.01373,0.02568,0.02451,0.02210,0.03509,0.02893,0.01709,0.02326,0.04757,0.19635,0.01309,0.02384,0.02237,0.34548,0.01902,0.01217,0.01487,0.00805,0.01548
0.06423,0.26382,0.01736,0.01046,0.01750,0.02238,0.11088,0.02576,0.07216,0.04717,0.19091,0.02228,0.02233,0.01944,0.01061,0.03258,0.01908,0.01003,0.00791,0.01310
0.06694,0.03755,0.14551,0.02974,0.03589,0.01161,0.02775,0.02854,0.06821,0.10172,0.07294,0.02731,0.02555,0.04842,0.18196,0.03542,0.01436,0.01026,0.01393,0.01641
0.02009,0.01364,0.02352,0.01564,0.11597,0.05362,0.03985,0.05329,0.02636,0.02218,0.01137,0.01628,0.04803,0.03748,0.02546,0.01878,0.00662,0.42207,0.02255,0.00721
0.02934,0.24074,0.32370,0.02570,0.03165,0.01068,0.02911,0.02936,0.04780,0.03381,0.03361,0.01799,0.02918,0.01623,0.02506,0.02057,0.02732,0.00844,0.01306,0.00666
0.03028,0.02633,0.18196,0.01451,0.03412,0.00631,0.01797,0.02106,0.04871,0.05077,0.21098,0.01481,0.01682,0.02700,0.20960,0.04122,0.02238,0.00620,0.01117,0.00780
0.01074,0.01904,0.01833,0.01333,0.09229,0.21989,0.04268,0.10964,0.05427,0.02646,0.00784,0.02792,0.02598,0.02764,0.01501,0.00855,0.00405,0.24300,0.02561,0.00773
0.01597,0.02059,0.04410,0.02085,0.01302,0.02967,0.01886,0.02491,0.03019,0.03555,0.00828,0.01160,0.01561,0.01630,0.00655,0.01440,0.00385,0.65982,0.00550,0.00440
0.07443,0.04216,0.01645,0.03702,0.03552,0.02168,0.07938,0.06741,0.08365,0.06827,0.00735,0.04323,0.01622,0.03285,0.01354,0.02622,0.27894,0.01231,0.00914,0.03424
0.01188,0.04461,0.01390,0.00934,0.13041,0.06953,0.02667,0.07717,0.03431,0.02471,0.01432,0.02389,0.02814,0.02623,0.00992,0.01224,0.00543,0.40878,0.01978,0.00873
0.03423,0.37898,0.09984,0.06325,0.02019,0.01693,0.01809,0.01208,0.04251,0.07726,0.01730,0.02407,0.03003,0.04027,0.01308,0.02497,0.04552,0.02133,0.00819,0.01189
0.02367,0.01387,0.21318,0.01470,0.09889,0.02962,0.02665,0.02173,0.02929,0.03807,0.10264,0.02469,0.03336,0.01729,0.22550,0.02804,0.00813,0.01898,0.02428,0.00741
0.16955,0.02472,0.04033,0.06381,0.01856,0.02410,0.16131,0.02536,0.04219,0.04712,0.01426,0.02134,0.04085,0.02742,0.02410,0.02419,0.19880,0.01206,0.01137,0.00854
0.06163,0.03099,0.03082,0.02991,0.07981,0.03972,0.08527,0.12764,0.06512,0.05671,0.02128,0.06028,0.03679,0.04159,0.09159,0.02083,0.03251,0.04769,0.02469,0.01515
0.05690,0.02194,0.01885,0.01905,0.08045,0.05585,0.22132,0.08252,0.06478,0.02858,0.00707,0.03107,0.20106,0.02393,0.01156,0.01643,0.01750,0.01234,0.01129,0.01751
0.02800,0.02049,0.06947,0.01159,0.10129,0.01554,0.02334,0.03477,0.04643,0.09520,0.12100,0.08056,0.03060,0.05609,0.17629,0.02976,0.00561,0.01926,0.02362,0.01109
0.03825,0.19751,0.01801,0.14168,0.01310,0.00686,0.01373,0.09677,0.03890,0.02911,0.00496,0.01567,0.00596,0.01201,0.00842,0.01405,0.32835,0.00452,0.00527,0.00688
0.40304,0.01478,0.02068,0.01322,0.01575,0.00567,0.02447,0.01984,0.05994,0.03186,0.01222,0.01362,0.02475,0.01881,0.00966,0.01844,0.26547,0.00528,0.01458,0.00792
0.00937,0.01477,0.00744,0.00617,0.03151,0.15590,0.63494,0.04396,0.01588,0.00718,0.00371,0.01254,0.01039,0.01180,0.00286,0.00740,0.00720,0.00722,0.00586,0.00388
0.01545,0.01335,0.02080,0.07275,0.02781,0.00757,0.01999,0.02102,0.02681,0.03293,0.06814,0.01389,0.01164,0.02148,0.55618,0.01185,0.02871,0.00581,0.01282,0.01101
0.00950,0.01227,0.01135,0.01296,0.21648,0.04222,0.01769,0.03661,0.01951,0.01248,0.01000,0.02437,0.06685,0.01910,0.03404,0.01530,0.00358,0.42248,0.00926,0.00395
0.24680,0.05034,0.02050,0.02418,0.01778,0.00727,0.02113,0.05646,0.12684,0.04922,0.02720,0.02969,0.01388,0.02072,0.01144,0.01967,0.22962,0.00785,0.01281,0.00662
0.01287,0.01563,0.01904,0.00962,0.18514,0.04283,0.04110,0.10080,0.03159,0.04190,0.01096,0.01907,0.01964,0.04067,0.03024,0.01171,0.00741,0.30768,0.04321,0.00888
0.02958,0.06310,0.06703,0.02982,0.10066,0.04483,0.08840,0.06328,0.06160,0.10499,0.13484,0.02069,0.03684,0.03414,0.01770,0.02474,0.01033,0.02582,0.02651,0.01509
0.02714,0.04481,0.01249,0.00575,0.12263,0.02303,0.46876,0.04084,0.06550,0.02575,0.01866,0.03399,0.02005,0.01126,0.00640,0.03352,0.01396,0.01044,0.00718,0.00784
0.08841,0.10987,0.03680,0.02341,0.04520,0.01209,0.03623,0.06185,0.07427,0.03810,0.07992,0.03287,0.02798,0.03321,0.05068,0.02238,0.16732,0.00945,0.02810,0.02185
0.01749,0.28361,0.13355,0.06106,0.01757,0.00618,0.00996,0.02371,0.04411,0.03256,0.08900,0.02045,0.01342,0.02591,0.04167,0.10292,0.04909,0.00741,0.01267,0.00766
0.03241,0.01014,0.01342,0.21689,0.00625,0.00349,0.00615,0.49902,0.03474,0.01650,0.00365,0.01155,0.00255,0.00695,0.01204,0.00420,0.10914,0.00368,0.00319,0.00404
0.01337,0.02437,0.02013,0.00807,0.19046,0.09098,0.01941,0.10206,0.10715,0.05103,0.00349,0.09855,0.01673,0.07609,0.05864,0.01988,0.00421,0.04352,0.03352,0.01835
0.01324,0.10988,0.01747,0.02707,0.02179,0.04440,0.05442,0.05507,0.03784,0.03202,0.00832,0.01961,0.01987,0.01910,0.00871,0.02000,0.00675,0.46789,0.01066,0.00588
0.07766,0.02278,0.03381,0.00732,0.32867,0.04341,0.02288,0.02254,0.10697,0.07687,0.00976,0.05346,0.03735,0.02065,0.00885,0.03881,0.00953,0.01750,0.01474,0.04643
0.33074,0.04076,0.05743,0.03543,0.02866,0.01922,0.05350,0.03176,0.05048,0.04769,0.01510,0.02496,0.02961,0.01920,0.01312,0.02582,0.12737,0.01748,0.01511,0.01656
0.01292,0.01491,0.00838,0.01169,0.18494,0.06435,0.02261,0.08864,0.02342,0.01808,0.01365,0.02562,0.04023,0.01456,0.05046,0.01747,0.00506,0.36883,0.00982,0.00436
0.01979,0.00933,0.01312,0.01587,0.01714,0.06668,0.51756,0.11348,0.05296,0.02594,0.00555,0.03208,0.01124,0.02244,0.01177,0.01499,0.00952,0.01027,0.01226,0.01802
