0.20345,0.19983,0.28974,0.30698
0.23090,0.23544,0.26765,0.26601
0.22758,0.21144,0.28762,0.27337
0.21943,0.21189,0.27217,0.29651
0.29876,0.24928,0.19728,0.25467
0.20538,0.21434,0.27964,0.30064
0.23907,0.24049,0.24891,0.27152
0.20798,0.20331,0.27034,0.31836
0.24628,0.23071,0.25079,0.27222
0.23220,0.23010,0.26272,0.27498
0.25342,0.25145,0.24064,0.25449
0.25942,0.25922,0.22199,0.25937
0.27134,0.25642,0.22970,0.24254
0.22834,0.22700,0.25480,0.28986
0.22767,0.22497,0.27309,0.27427
0.23799,0.23776,0.24456,0.27970
0.21183,0.19505,0.28555,0.30757
0.19185,0.19836,0.30555,0.30424
0.21055,0.21547,0.27630,0.29768
0.26833,0.26593,0.22163,0.24411
0.27116,0.24803,0.23179,0.24902
0.22687,0.22443,0.26577,0.28293
0.22203,0.22165,0.26930,0.28702
0.23073,0.23181,0.24816,0.28930
0.20842,0.20385,0.26732,0.32041
0.21558,0.22154,0.27541,0.28747
0.24504,0.23973,0.24688,0.26835
0.25524,0.24121,0.23822,0.26533
0.21473,0.21305,0.28055,0.29167
0.25914,0.24206,0.22942,0.26939
0.26573,0.24340,0.22021,0.27066
0.24502,0.23003,0.24637,0.27858
0.23079,0.22649,0.25127,0.29145
0.26888,0.24488,0.22979,0.25646
0.23853,0.23330,0.24159,0.28658
0.27312,0.26817,0.21447,0.24425
0.21628,0.20677,0.25955,0.31739
0.22294,0.21469,0.25778,0.30459
0.23060,0.23444,0.25132,0.28364
0.23844,0.23874,0.25119,0.27163
0.22956,0.22918,0.26861,0.27264
0.20922,0.21368,0.28137,0.29573
0.22560,0.22282,0.24491,0.30666
0.24594,0.23513,0.24600,0.27292
0.24680,0.24273,0.24189,0.26857
0.23727,0.23193,0.25707,0.27374
0.23281,0.22202,0.25722,0.28795
0.20829,0.19431,0.27707,0.32032
0.23591,0.23198,0.23680,0.29530
0.20568,0.20064,0.27634,0.31734
0.19598,0.20286,0.30953,0.29163
0.23783,0.24661,0.24452,0.27104
0.22525,0.21314,0.27028,0.29134
0.19694,0.20500,0.28165,0.31641
0.22133,0.23201,0.27512,0.27153
0.22324,0.21650,0.27440,0.28585
0.26086,0.24292,0.24041,0.25581
0.20913,0.20295,0.26420,0.32372
0.24925,0.23717,0.24636,0.26723
0.22692,0.20776,0.25841,0.30691
0.24880,0.24300,0.25546,0.25273
0.25026,0.25441,0.21656,0.27876
0.26802,0.26432,0.22716,0.24050
0.20554,0.20154,0.30262,0.29031
0.20202,0.19249,0.27214,0.33335
0.23047,0.22822,0.24335,0.29796
0.25504,0.24620,0.23195,0.26681
0.21945,0.21444,0.28430,0.28180
0.20469,0.22039,0.26275,0.31217
0.23009,0.22553,0.24812,0.29626
0.22711,0.21239,0.26740,0.29311
0.25408,0.24371,0.24155,0.26066
0.25681,0.26560,0.23166,0.24593
0.23428,0.22295,0.25327,0.28950
0.25827,0.25453,0.23625,0.25095
0.23168,0.22705,0.24643,0.29484
0.22539,0.22503,0.26882,0.28076
0.24044,0.23410,0.25767,0.26779
0.25028,0.22957,0.24508,0.27507
0.20866,0.20203,0.26152,0.32779
0.26496,0.26290,0.23007,0.24207
0.25652,0.24955,0.22511,0.26881
0.25359,0.23539,0.23985,0.27117
0.19036,0.18985,0.29565,0.32414
0.23032,0.24398,0.26309,0.26261
0.18721,0.18079,0.29558,0.33642
0.22115,0.21705,0.26409,0.29772
0.21144,0.19662,0.28142,0.31052
0.22911,0.21718,0.26688,0.28683
0.24323,0.23803,0.23558,0.28316
0.24134,0.24147,0.25822,0.25897
0.20812,0.21716,0.28008,0.29464
0.23011,0.22988,0.26192,0.27810
0.22595,0.21605,0.25843,0.29957
0.22914,0.22171,0.25468,0.29447
0.22786,0.21370,0.24698,0.31146
0.21393,0.20668,0.25800,0.32138
0.23110,0.22913,0.26196,0.27781
0.23905,0.24073,0.26078,0.25944
0.20231,0.21036,0.27359,0.31374
0.24185,0.23010,0.24640,0.28165
0.25546,0.23327,0.23726,0.27401
0.24160,0.23581,0.25660,0.26599
0.24903,0.24218,0.24459,0.26419
0.24567,0.24559,0.22304,0.28570
0.24079,0.23450,0.24953,0.27518
0.22542,0.22613,0.27048,0.27797
0.25786,0.26098,0.22701,0.25414
0.23414,0.22493,0.25218,0.28876
0.23626,0.23058,0.25096,0.28220
0.20379,0.19335,0.29338,0.30948
0.22944,0.21621,0.25072,0.30363
0.23769,0.22810,0.24729,0.28692
0.26853,0.26581,0.21357,0.25209
0.21085,0.21084,0.26537,0.31294
0.21059,0.21387,0.27304,0.30250
0.21943,0.22035,0.26605,0.29417
0.24863,0.24306,0.24617,0.26214
0.24376,0.23881,0.25127,0.26616
0.24542,0.24110,0.25378,0.25970
0.23224,0.21491,0.27377,0.27908
0.20126,0.18683,0.27205,0.33986
0.19523,0.18561,0.29937,0.31980
0.23721,0.23423,0.24102,0.28754
0.20117,0.20160,0.28780,0.30942
0.23026,0.23095,0.25823,0.28055
0.19552,0.19822,0.29169,0.31457
0.20872,0.21690,0.26550,0.30888
0.20659,0.19579,0.28759,0.31003
0.25173,0.24232,0.23254,0.27341
0.19955,0.18960,0.29298,0.31787
0.26601,0.25236,0.23211,0.24952
0.23041,0.22427,0.27567,0.26966
0.23726,0.23423,0.26698,0.26152
0.20400,0.20291,0.28420,0.30890
0.26883,0.24778,0.22794,0.25546
0.22061,0.21692,0.25981,0.30265
0.24628,0.23961,0.25211,0.26200
0.22872,0.22034,0.26631,0.28463
0.25029,0.24422,0.24079,0.26470
0.22876,0.22490,0.26039,0.28595
0.19764,0.18856,0.30389,0.30991
0.22775,0.21857,0.25768,0.29600
0.21178,0.20377,0.28794,0.29651
0.24294,0.22785,0.26529,0.26391
0.22222,0.20435,0.26583,0.30760
0.22648,0.23703,0.25665,0.27983
0.20418,0.20024,0.28123,0.31435
0.23776,0.23462,0.25914,0.26848
0.20939,0.21516,0.28338,0.29206
0.20710,0.20899,0.27555,0.30837
0.21348,0.20933,0.28587,0.29132
0.23370,0.22816,0.25791,0.28023
0.21317,0.22002,0.27785,0.28896
0.26556,0.28164,0.22058,0.23222
0.25401,0.25370,0.23937,0.25292
0.27271,0.22961,0.23752,0.26016
0.21738,0.21678,0.27168,0.29417
0.25298,0.23722,0.23851,0.27129
0.24050,0.23515,0.25223,0.27212
0.26237,0.23008,0.23233,0.27522
0.25657,0.26347,0.23835,0.24161
0.23285,0.23320,0.25311,0.28084
0.27222,0.26734,0.21876,0.24168
0.29454,0.28236,0.21088,0.21223
0.21695,0.20843,0.27449,0.30012
0.24994,0.23339,0.23653,0.28014
0.27888,0.26759,0.21446,0.23907
0.21700,0.20764,0.26964,0.30572
0.21480,0.21125,0.28045,0.29351
0.24124,0.22826,0.25405,0.27645
0.18823,0.18452,0.28101,0.34625
0.26943,0.25150,0.22100,0.25807
0.22527,0.21528,0.28793,0.27152
0.22195,0.21743,0.26896,0.29167
0.23062,0.23580,0.25564,0.27795
0.17981,0.17822,0.31004,0.33194
0.20306,0.20070,0.29926,0.29698
0.20578,0.19684,0.27014,0.32725
0.24160,0.23500,0.25364,0.26977
0.18565,0.19893,0.29846,0.31696
0.26687,0.25179,0.22090,0.26044
0.24247,0.22876,0.23322,0.29554
0.24822,0.23943,0.24393,0.26842
0.26004,0.26194,0.22361,0.25441
0.23240,0.22893,0.26746,0.27121
0.23218,0.23192,0.24783,0.28807
0.23255,0.23603,0.25959,0.27183
0.25162,0.23731,0.25050,0.26057
0.25499,0.24323,0.23687,0.26492
0.25200,0.24386,0.25035,0.25379
0.23054,0.22683,0.25531,0.28731
0.25356,0.24456,0.23960,0.26228
0.23989,0.23864,0.25181,0.26967
0.22144,0.21071,0.26904,0.29881
0.20130,0.19742,0.27888,0.32240
0.23002,0.22319,0.28265,0.26414
0.18436,0.17816,0.28837,0.34911
0.22054,0.20014,0.26793,0.31140
0.25742,0.25344,0.24514,0.24401
0.21721,0.22003,0.29123,0.27153
0.21505,0.21943,0.27168,0.29384
0.24291,0.23197,0.24923,0.27590
0.22234,0.21813,0.26087,0.29866
0.22245,0.21718,0.25263,0.30775
0.22542,0.21862,0.26388,0.29208
0.22242,0.21355,0.27284,0.29120
0.27762,0.26946,0.21258,0.24034
0.23287,0.23116,0.25248,0.28349
0.22009,0.21094,0.27855,0.29042
0.21785,0.21667,0.27289,0.29259
0.19728,0.19082,0.31329,0.29861
0.22006,0.21261,0.26524,0.30209
0.23188,0.23232,0.26014,0.27566
0.23005,0.23680,0.24893,0.28422
0.20157,0.19704,0.28900,0.31240
0.19664,0.19598,0.29156,0.31582
0.19934,0.20814,0.30098,0.29153
0.29001,0.26238,0.21041,0.23720
0.21799,0.21304,0.28053,0.28844
0.23053,0.22764,0.25114,0.29069
0.24898,0.23981,0.24457,0.26663
0.19231,0.19114,0.29780,0.31876
0.21624,0.21794,0.25355,0.31226
0.24486,0.23476,0.24468,0.27569
0.25226,0.23146,0.24035,0.27593
0.21683,0.20853,0.27773,0.29690
0.23135,0.22987,0.27056,0.26822
0.23623,0.23010,0.24885,0.28481
0.22839,0.22078,0.26307,0.28776
0.22167,0.21403,0.25954,0.30476
0.21742,0.22310,0.26355,0.29593
0.22462,0.21635,0.25170,0.30733
0.24740,0.23532,0.23973,0.27754
0.23697,0.22792,0.25467,0.28044
0.19701,0.19795,0.27657,0.32848
0.24382,0.23197,0.25508,0.26914
0.26035,0.24646,0.22581,0.26738
0.21514,0.21742,0.26223,0.30520
0.25777,0.25549,0.22782,0.25891
0.26195,0.25498,0.22370,0.25937
0.20391,0.20717,0.28651,0.30240
0.24121,0.22649,0.25720,0.27510
0.24281,0.23553,0.25982,0.26183
0.19846,0.19863,0.29287,0.31003
0.20047,0.20236,0.30177,0.29540
0.24081,0.23144,0.25233,0.27542
0.24541,0.22987,0.24716,0.27755
0.26727,0.25740,0.22223,0.25309
0.25015,0.24244,0.24657,0.26085
0.22314,0.22922,0.25141,0.29624
0.21984,0.24029,0.25417,0.28570
0.24734,0.23991,0.24001,0.27274
0.19628,0.19427,0.28360,0.32584
0.21896,0.22733,0.26994,0.28378
0.21243,0.20637,0.25818,0.32301
0.26637,0.25766,0.22280,0.25318
0.24825,0.23127,0.24971,0.27077
0.25018,0.24294,0.25143,0.25544
0.27651,0.25039,0.21226,0.26085
0.21471,0.20806,0.27689,0.30034
0.24584,0.23395,0.24331,0.27690
0.21376,0.21582,0.26558,0.30484
0.24762,0.22707,0.23454,0.29077
0.23734,0.23364,0.25394,0.27508
0.21937,0.20928,0.25354,0.31781
0.28015,0.26156,0.21430,0.24399
0.22880,0.21196,0.26985,0.28940
0.22164,0.22180,0.26005,0.29651
0.20457,0.18871,0.27929,0.32742
0.22368,0.21592,0.25576,0.30464
0.20247,0.18295,0.26422,0.35035
0.21531,0.20200,0.26048,0.32220
0.23173,0.23723,0.24901,0.28203
0.24495,0.23482,0.25668,0.26355
0.22866,0.22050,0.25305,0.29779
0.25282,0.24250,0.23198,0.27269
0.23948,0.22830,0.26081,0.27141
0.25725,0.24543,0.23134,0.26598
0.24466,0.24372,0.24804,0.26358
0.25642,0.23266,0.25235,0.25857
0.23555,0.23627,0.23729,0.29088
0.24084,0.23388,0.24724,0.27805
0.22902,0.22658,0.27203,0.27238
0.21077,0.21180,0.27544,0.30199
0.23732,0.23710,0.24048,0.28510
0.18702,0.19423,0.31361,0.30514
0.27739,0.26849,0.23233,0.22178
0.25160,0.24694,0.24140,0.26006
0.26691,0.25619,0.21650,0.26041
0.21022,0.20029,0.26971,0.31977
0.23084,0.22575,0.25801,0.28540
0.22825,0.21459,0.24701,0.31016
0.24269,0.24037,0.23909,0.27786
0.28590,0.27079,0.21541,0.22789
0.21663,0.21274,0.25865,0.31198
0.22126,0.19906,0.27310,0.30657
0.21855,0.22355,0.27907,0.27883
0.23361,0.22526,0.27044,0.27069
0.24294,0.23804,0.24565,0.27337
