0.00000,0.00000,0.00002,0.00349,0.00000,0.00000,0.00000,0.00000,0.00000,0.00000,0.00000,0.00000,0.04149,0.69443,0.01541,0.23370,0.01147
0.00000,0.00000,0.00000,0.00000,0.04493,0.34462,0.00000,0.00000,0.00000,0.00000,0.00000,0.00000,0.18574,0.38240,0.00000,0.02596,0.01635
0.11952,0.03521,0.00000,0.00000,0.00000,0.00000,0.00000,0.00000,0.00000,0.00000,0.00000,0.00000,0.41896,0.40130,0.00707,0.01084,0.00711
0.00000,0.00000,0.00000,0.00000,0.00000,0.00000,0.31254,0.00000,0.00000,0.00000,0.00000,0.00000,0.48434,0.19326,0.00468,0.00517,0.00000
0.00000,0.00000,0.00000,0.00000,0.06406,0.00086,0.00000,0.00000,0.00000,0.00000,0.00000,0.00000,0.53946,0.29691,0.00009,0.09160,0.00703
0.00000,0.00000,0.00000,0.00000,0.00058,0.00005,0.00000,0.00000,0.00000,0.00000,0.00000,0.00000,0.49813,0.05723,0.00188,0.25781,0.18433
0.00000,0.00000,0.00000,0.00000,0.00000,0.00000,0.51079,0.00441,0.00000,0.00000,0.00000,0.00000,0.02051,0.46096,0.00280,0.00053,0.00000
0.22240,0.01313,0.00000,0.00000,0.00000,0.00000,0.00000,0.00000,0.00000,0.00000,0.00000,0.00000,0.21842,0.19137,0.00321,0.35112,0.00035
0.00000,0.00000,0.00000,0.00000,0.00000,0.00000,0.00000,0.00000,0.00000,0.00000,0.39417,0.25848,0.02460,0.32272,0.00001,0.00002,0.00000
0.00000,0.00000,0.00000,0.00000,0.00000,0.00000,0.00104,0.00668,0.00000,0.00000,0.00000,0.00000,0.76480,0.08691,0.00000,0.14057,0.00000
0.00000,0.00000,0.00000,0.00000,0.32994,0.01498,0.00000,0.00000,0.00000,0.00000,0.00000,0.00000,0.28229,0.19007,0.14238,0.03990,0.00045
0.00000,0.00000,0.00000,0.00000,0.00000,0.00000,0.00000,0.00000,0.00000,0.00000,0.89793,0.00000,0.02321,0.06627,0.00000,0.01259,0.00000
0.00000,0.00000,0.00000,0.00000,0.00000,0.00000,0.00000,0.00000,0.06609,0.16408,0.00000,0.00000,0.60569,0.03282,0.10987,0.00306,0.01839
0.00000,0.00000,0.00000,0.00000,0.65204,0.00000,0.00000,0.00000,0.00000,0.00000,0.00000,0.00000,0.26060,0.08252,0.00443,0.00040,0.00000
0.00000,0.00000,0.00000,0.00000,0.00000,0.00000,0.27269,0.00003,0.00000,0.00000,0.00000,0.00000,0.54679,0.18031,0.00000,0.00014,0.00004
0.00000,0.00000,0.72637,0.00000,0.00000,0.00000,0.00000,0.00000,0.00000,0.00000,0.00000,0.00000,0.05766,0.21416,0.00000,0.00029,0.00151
0.00000,0.00000,0.00000,0.00000,0.00000,0.00000,0.00000,0.00000,0.00000,0.00000,0.00339,0.00001,0.10765,0.85918,0.02599,0.00070,0.00309
0.00000,0.00000,0.00000,0.00000,0.00000,0.00000,0.00000,0.00000,0.00000,0.00000,0.30864,0.02099,0.00189,0.66229,0.00619,0.00000,0.00000
0.00000,0.00000,0.00000,0.00000,0.00000,0.00000,0.00000,0.00000,0.00000,0.00000,0.11663,0.00012,0.55008,0.29700,0.00831,0.00010,0.02776
0.00000,0.00000,0.00000,0.00000,0.00000,0.00000,0.00000,0.00000,0.00000,0.00000,0.00144,0.10091,0.00048,0.03328,0.86300,0.00088,0.00000
0.00000,0.00000,0.00000,0.00000,0.00000,0.00000,0.26583,0.03584,0.00000,0.00000,0.00000,0.00000,0.08362,0.60985,0.00000,0.00486,0.00000
0.04253,0.00116,0.00000,0.00000,0.00000,0.00000,0.00000,0.00000,0.00000,0.00000,0.00000,0.00000,0.19668,0.10404,0.21398,0.44063,0.00097
0.00000,0.00000,0.43817,0.17024,0.00000,0.00000,0.00000,0.00000,0.00000,0.00000,0.00000,0.00000,0.18369,0.20768,0.00000,0.00022,0.00000
0.00000,0.00000,0.00000,0.00000,0.00000,0.00000,0.00000,0.00000,0.00000,0.00000,0.00016,0.56443,0.12256,0.28039,0.00000,0.03246,0.00000
0.00000,0.00000,0.30417,0.00209,0.00000,0.00000,0.00000,0.00000,0.00000,0.00000,0.00000,0.00000,0.00496,0.23790,0.00009,0.45078,0.00000
0.00000,0.00000,0.00000,0.00000,0.00000,0.00000,0.00000,0.00000,0.00000,0.00000,0.07533,0.00110,0.09342,0.60331,0.00000,0.21661,0.01023
0.00000,0.00000,0.01696,0.11030,0.00000,0.00000,0.00000,0.00000,0.00000,0.00000,0.00000,0.00000,0.21079,0.51592,0.00000,0.14494,0.00109
0.00000,0.00000,0.00000,0.00000,0.00000,0.00000,0.09567,0.00000,0.00000,0.00000,0.00000,0.00000,0.66460,0.23973,0.00000,0.00000,0.00000
0.00000,0.00000,0.00000,0.00000,0.09711,0.00063,0.00000,0.00000,0.00000,0.00000,0.00000,0.00000,0.10192,0.71792,0.00222,0.08019,0.00000
0.00000,0.00000,0.00000,0.00000,0.00000,0.00000,0.19070,0.08469,0.00000,0.00000,0.00000,0.00000,0.04861,0.56353,0.00015,0.06631,0.04601
0.00000,0.00000,0.00000,0.00000,0.00000,0.00000,0.00000,0.00000,0.03217,0.23306,0.00000,0.00000,0.69164,0.04247,0.00064,0.00002,0.00000
0.00000,0.00000,0.00000,0.00000,0.00000,0.00000,0.00201,0.29205,0.00000,0.00000,0.00000,0.00000,0.12013,0.39179,0.13280,0.06123,0.00000
0.00000,0.00000,0.00000,0.00000,0.18408,0.00971,0.00000,0.00000,0.00000,0.00000,0.00000,0.00000,0.14016,0.04449,0.01920,0.60235,0.00000
0.00000,0.00000,0.00000,0.00000,0.00012,0.36091,0.00000,0.00000,0.00000,0.00000,0.00000,0.00000,0.00049,0.58810,0.01883,0.03154,0.00000
0.00000,0.00000,0.00000,0.00000,0.11458,0.00000,0.00000,0.00000,0.00000,0.00000,0.00000,0.00000,0.00147,0.10916,0.16220,0.61259,0.00000
0.00000,0.00000,0.48588,0.10132,0.00000,0.00000,0.00000,0.00000,0.00000,0.00000,0.00000,0.00000,0.03767,0.37513,0.00000,0.00000,0.00000
0.00000,0.00000,0.00000,0.00000,0.00000,0.00000,0.15550,0.19503,0.00000,0.00000,0.00000,0.00000,0.18358,0.08714,0.00037,0.33097,0.04740
0.00000,0.00000,0.08654,0.03002,0.00000,0.00000,0.00000,0.00000,0.00000,0.00000,0.00000,0.00000,0.09062,0.75674,0.00000,0.01418,0.02191
0.00000,0.00000,0.01044,0.00022,0.00000,0.00000,0.00000,0.00000,0.00000,0.00000,0.00000,0.00000,0.36018,0.07584,0.03781,0.51551,0.00000
0.00052,0.00223,0.00000,0.00000,0.00000,0.00000,0.00000,0.00000,0.00000,0.00000,0.00000,0.00000,0.15232,0.84492,0.00000,0.00000,0.00000
0.00000,0.00000,0.00000,0.00000,0.00000,0.00000,0.00000,0.00000,0.00004,0.85072,0.00000,0.00000,0.02225,0.12620,0.00000,0.00056,0.00022
0.07266,0.00000,0.00000,0.00000,0.00000,0.00000,0.00000,0.00000,0.00000,0.00000,0.00000,0.00000,0.23341,0.59773,0.00000,0.09620,0.00000
0.00000,0.00000,0.00000,0.00000,0.00000,0.00000,0.55751,0.00626,0.00000,0.00000,0.00000,0.00000,0.13806,0.21468,0.07736,0.00612,0.00000
0.00000,0.00000,0.00000,0.00000,0.18734,0.01689,0.00000,0.00000,0.00000,0.00000,0.00000,0.00000,0.28470,0.44474,0.00894,0.05739,0.00000
0.00000,0.00000,0.00000,0.00000,0.02518,0.00440,0.00000,0.00000,0.00000,0.00000,0.00000,0.00000,0.33960,0.52174,0.01595,0.09313,0.00000
0.00000,0.00000,0.00000,0.00000,0.00000,0.00000,0.02277,0.00272,0.00000,0.00000,0.00000,0.00000,0.39043,0.52812,0.00000,0.05594,0.00002
0.02653,0.31917,0.00000,0.00000,0.00000,0.00000,0.00000,0.00000,0.00000,0.00000,0.00000,0.00000,0.31844,0.14111,0.01886,0.17590,0.00000
0.18921,0.00037,0.00000,0.00000,0.00000,0.00000,0.00000,0.00000,0.00000,0.00000,0.00000,0.00000,0.47452,0.33562,0.00016,0.00011,0.00000
0.00000,0.00000,0.01557,0.00570,0.00000,0.00000,0.00000,0.00000,0.00000,0.00000,0.00000,0.00000,0.02409,0.51202,0.02679,0.41583,0.00000
0.00000,0.00000,0.00000,0.00000,0.53725,0.00000,0.00000,0.00000,0.00000,0.00000,0.00000,0.00000,0.28526,0.04738,0.13008,0.00001,0.00002
0.00000,0.00000,0.00000,0.00000,0.00063,0.13401,0.00000,0.00000,0.00000,0.00000,0.00000,0.00000,0.31509,0.14497,0.37325,0.03205,0.00000
0.00000,0.00000,0.00000,0.00000,0.17614,0.00790,0.00000,0.00000,0.00000,0.00000,0.00000,0.00000,0.01976,0.79620,0.00001,0.00000,0.00000
0.00000,0.00000,0.00000,0.00000,0.00000,0.00000,0.00000,0.00000,0.00000,0.00000,0.02551,0.09278,0.53694,0.04934,0.00001,0.29539,0.00004
0.00000,0.00000,0.00000,0.00000,0.00000,0.00000,0.00000,0.00000,0.01162,0.00086,0.00000,0.00000,0.88994,0.00299,0.09181,0.00278,0.00000
0.00000,0.00000,0.00000,0.00000,0.00000,0.00000,0.00000,0.00000,0.00001,0.00000,0.00000,0.00000,0.26708,0.71790,0.00001,0.01501,0.00000
0.00000,0.00000,0.00000,0.00000,0.00000,0.00000,0.00000,0.00000,0.00195,0.00035,0.00000,0.00000,0.16958,0.25437,0.00027,0.57297,0.00051
0.57621,0.15652,0.00000,0.00000,0.00000,0.00000,0.00000,0.00000,0.00000,0.00000,0.00000,0.00000,0.10051,0.03269,0.00016,0.00047,0.13344
0.00000,0.00000,0.00000,0.00000,0.00000,0.00000,0.00000,0.00000,0.00000,0.00000,0.00018,0.00478,0.04320,0.37847,0.00000,0.57337,0.00000
0.00000,0.00000,0.00000,0.00000,0.00000,0.00000,0.00022,0.16836,0.00000,0.00000,0.00000,0.00000,0.74126,0.04742,0.04274,0.00000,0.00000
0.10606,0.01168,0.00000,0.00000,0.00000,0.00000,0.00000,0.00000,0.00000,0.00000,0.00000,0.00000,0.22402,0.65346,0.00000,0.00471,0.00007
0.00000,0.00000,0.00000,0.00000,0.00000,0.00000,0.00371,0.00003,0.00000,0.00000,0.00000,0.00000,0.43939,0.17283,0.00058,0.37915,0.00430
0.00000,0.00000,0.00000,0.00000,0.00000,0.00000,0.00000,0.00000,0.00000,0.00000,0.01706,0.12599,0.40218,0.45420,0.00001,0.00055,0.00000
0.00000,0.00000,0.00000,0.00000,0.30973,0.00006,0.00000,0.00000,0.00000,0.00000,0.00000,0.00000,0.25645,0.25625,0.00195,0.00164,0.17392
0.48266,0.00000,0.00000,0.00000,0.00000,0.00000,0.00000,0.00000,0.00000,0.00000,0.00000,0.00000,0.30878,0.01654,0.00000,0.19159,0.00044
0.00000,0.00000,0.00000,0.00000,0.00000,0.00000,0.00000,0.00000,0.00000,0.00000,0.08140,0.00872,0.02284,0.87512,0.00075,0.01117,0.00000
0.00000,0.00000,0.00080,0.00223,0.00000,0.00000,0.00000,0.00000,0.00000,0.00000,0.00000,0.00000,0.01666,0.97057,0.00003,0.00971,0.00000
0.00000,0.00000,0.00000,0.00000,0.00000,0.00000,0.13444,0.10207,0.00000,0.00000,0.00000,0.00000,0.08034,0.68302,0.00010,0.00004,0.00000
0.12198,0.01575,0.00000,0.00000,0.00000,0.00000,0.00000,0.00000,0.00000,0.00000,0.00000,0.00000,0.49710,0.30209,0.00000,0.06302,0.00007
0.00000,0.00000,0.00000,0.00000,0.00000,0.00000,0.00000,0.00000,0.00000,0.00000,0.18194,0.07184,0.00150,0.61640,0.10021,0.02798,0.00014
0.00000,0.00000,0.00000,0.00000,0.00000,0.00000,0.15192,0.05715,0.00000,0.00000,0.00000,0.00000,0.73738,0.00524,0.00012,0.00031,0.04788
0.00000,0.00000,0.00000,0.00000,0.00000,0.00000,0.00000,0.00000,0.20286,0.08990,0.00000,0.00000,0.40179,0.30154,0.00052,0.00339,0.00000
0.00000,0.00000,0.00000,0.00000,0.00000,0.00000,0.00000,0.00000,0.00000,0.00000,0.00043,0.00000,0.04139,0.95683,0.00004,0.00130,0.00000
0.00000,0.00000,0.11538,0.00295,0.00000,0.00000,0.00000,0.00000,0.00000,0.00000,0.00000,0.00000,0.06690,0.79960,0.00822,0.00695,0.00000
0.00000,0.00000,0.00003,0.02338,0.00000,0.00000,0.00000,0.00000,0.00000,0.00000,0.00000,0.00000,0.87931,0.09334,0.00000,0.00366,0.00027
0.00000,0.00000,0.00000,0.00000,0.00097,0.00135,0.00000,0.00000,0.00000,0.00000,0.00000,0.00000,0.11966,0.20436,0.00000,0.67327,0.00040
0.00000,0.00000,0.13723,0.00034,0.00000,0.00000,0.00000,0.00000,0.00000,0.00000,0.00000,0.00000,0.05844,0.40711,0.16717,0.22971,0.00000
0.00000,0.00000,0.00000,0.00000,0.00000,0.00000,0.03102,0.76132,0.00000,0.00000,0.00000,0.00000,0.00081,0.03840,0.16836,0.00007,0.00000
0.04192,0.69703,0.00000,0.00000,0.00000,0.00000,0.00000,0.00000,0.00000,0.00000,0.00000,0.00000,0.15397,0.06460,0.00000,0.00597,0.03651
0.00000,0.00000,0.00070,0.00527,0.00000,0.00000,0.00000,0.00000,0.00000,0.00000,0.00000,0.00000,0.49999,0.45713,0.00004,0.03441,0.00245
0.00000,0.00000,0.00000,0.00000,0.00000,0.00000,0.00000,0.00000,0.08915,0.13420,0.00000,0.00000,0.41637,0.29479,0.00013,0.06537,0.00000
0.24883,0.00589,0.00000,0.00000,0.00000,0.00000,0.00000,0.00000,0.00000,0.00000,0.00000,0.00000,0.01224,0.59059,0.11332,0.02887,0.00027
0.00000,0.00000,0.00000,0.00000,0.00000,0.00000,0.13489,0.00000,0.00000,0.00000,0.00000,0.00000,0.12392,0.74119,0.00000,0.00000,0.00000
0.34809,0.02984,0.00000,0.00000,0.00000,0.00000,0.00000,0.00000,0.00000,0.00000,0.00000,0.00000,0.19349,0.11997,0.02347,0.15459,0.13055
0.00000,0.00000,0.00000,0.00000,0.00000,0.00000,0.00000,0.00545,0.00000,0.00000,0.00000,0.00000,0.73720,0.14361,0.00004,0.11370,0.00000
0.00000,0.00000,0.00000,0.00000,0.00000,0.00000,0.10799,0.00010,0.00000,0.00000,0.00000,0.00000,0.50069,0.39100,0.00022,0.00000,0.00000
0.00000,0.00000,0.00000,0.00000,0.05371,0.04906,0.00000,0.00000,0.00000,0.00000,0.00000,0.00000,0.24756,0.53217,0.07102,0.04645,0.00002
0.00000,0.00000,0.00027,0.00049,0.00000,0.00000,0.00000,0.00000,0.00000,0.00000,0.00000,0.00000,0.18427,0.78388,0.00000,0.02624,0.00485
0.01700,0.00003,0.00000,0.00000,0.00000,0.00000,0.00000,0.00000,0.00000,0.00000,0.00000,0.00000,0.15040,0.73356,0.00045,0.09855,0.00000
0.00000,0.00000,0.00000,0.00000,0.00000,0.00000,0.00000,0.00000,0.00000,0.61754,0.00000,0.00000,0.18044,0.20190,0.00000,0.00010,0.00000
0.00000,0.00000,0.00000,0.00000,0.00000,0.00000,0.00000,0.00000,0.07099,0.01059,0.00000,0.00000,0.00219,0.23634,0.63851,0.04138,0.00000
0.00000,0.00000,0.00000,0.00000,0.00000,0.00000,0.00000,0.00000,0.00000,0.00000,0.60781,0.00022,0.18018,0.18759,0.00001,0.02420,0.00000
0.00000,0.00000,0.00000,0.00000,0.00000,0.00000,0.00000,0.00000,0.00000,0.00000,0.03587,0.01186,0.45661,0.30205,0.04293,0.08614,0.06455
0.00000,0.00000,0.00000,0.00000,0.02037,0.05500,0.00000,0.00000,0.00000,0.00000,0.00000,0.00000,0.37990,0.36009,0.17065,0.01398,0.00001
0.00000,0.00000,0.00380,0.00025,0.00000,0.00000,0.00000,0.00000,0.00000,0.00000,0.00000,0.00000,0.33495,0.64206,0.00000,0.00001,0.01893
0.15134,0.08150,0.00000,0.00000,0.00000,0.00000,0.00000,0.00000,0.00000,0.00000,0.00000,0.00000,0.44501,0.27738,0.02207,0.02271,0.00000
0.00000,0.00000,0.00000,0.00000,0.00000,0.00000,0.54499,0.02162,0.00000,0.00000,0.00000,0.00000,0.22801,0.09962,0.09766,0.00810,0.00000
0.00000,0.00000,0.00000,0.00000,0.00000,0.00000,0.02145,0.00333,0.00000,0.00000,0.00000,0.00000,0.04698,0.44635,0.00000,0.00000,0.48189
0.00000,0.00000,0.00000,0.00000,0.00000,0.00000,0.00000,0.00000,0.35085,0.00257,0.00000,0.00000,0.55679,0.07371,0.00027,0.01580,0.00000
0.00220,0.02036,0.00000,0.00000,0.00000,0.00000,0.00000,0.00000,0.00000,0.00000,0.00000,0.00000,0.96634,0.01104,0.00000,0.00006,0.00000
0.00000,0.00000,0.02786,0.30137,0.00000,0.00000,0.00000,0.00000,0.00000,0.00000,0.00000,0.00000,0.01754,0.65323,0.00000,0.00000,0.00000
0.00000,0.00000,0.00000,0.00000,0.00000,0.00000,0.00000,0.00000,0.00000,0.00000,0.22011,0.00269,0.54857,0.22863,0.00000,0.00000,0.00000
0.00000,0.00000,0.11530,0.02071,0.00000,0.00000,0.00000,0.00000,0.00000,0.00000,0.00000,0.00000,0.57781,0.28600,0.00000,0.00018,0.00000
0.00000,0.00000,0.00000,0.00000,0.00000,0.00000,0.00000,0.00000,0.21200,0.00008,0.00000,0.00000,0.01430,0.53332,0.24030,0.00000,0.00000
0.00000,0.00000,0.00000,0.00000,0.00000,0.00000,0.00000,0.00000,0.00000,0.00000,0.00001,0.02451,0.29234,0.68314,0.00000,0.00000,0.00000
0.00000,0.00000,0.00000,0.00000,0.00000,0.00000,0.00000,0.00000,0.00000,0.00000,0.00102,0.07909,0.02731,0.43663,0.00272,0.31030,0.14292
0.15390,0.00000,0.00000,0.00000,0.00000,0.00000,0.00000,0.00000,0.00000,0.00000,0.00000,0.00000,0.43855,0.28991,0.08331,0.00001,0.03432
0.00000,0.00000,0.00000,0.00000,0.72450,0.00442,0.00000,0.00000,0.00000,0.00000,0.00000,0.00000,0.00070,0.25934,0.01104,0.00000,0.00000
0.00000,0.00000,0.00000,0.00000,0.00287,0.00543,0.00000,0.00000,0.00000,0.00000,0.00000,0.00000,0.61589,0.35780,0.01432,0.00370,0.00000
0.00000,0.00000,0.00000,0.00000,0.00000,0.00000,0.00000,0.00000,0.00000,0.00000,0.00087,0.00215,0.86170,0.13402,0.00045,0.00074,0.00007
0.00000,0.00000,0.28228,0.00329,0.00000,0.00000,0.00000,0.00000,0.00000,0.00000,0.00000,0.00000,0.18050,0.44431,0.03352,0.05611,0.00000
0.00000,0.00000,0.00059,0.00003,0.00000,0.00000,0.00000,0.00000,0.00000,0.00000,0.00000,0.00000,0.07781,0.84860,0.00108,0.07188,0.00001
0.00000,0.00000,0.00000,0.00000,0.12323,0.07173,0.00000,0.00000,0.00000,0.00000,0.00000,0.00000,0.00101,0.73196,0.00001,0.07206,0.00000
0.00114,0.00001,0.00000,0.00000,0.00000,0.00000,0.00000,0.00000,0.00000,0.00000,0.00000,0.00000,0.32935,0.66950,0.00000,0.00000,0.00000
0.00431,0.05340,0.00000,0.00000,0.00000,0.00000,0.00000,0.00000,0.00000,0.00000,0.00000,0.00000,0.26182,0.53280,0.00008,0.14759,0.00000
0.01011,0.00002,0.00000,0.00000,0.00000,0.00000,0.00000,0.00000,0.00000,0.00000,0.00000,0.00000,0.46147,0.52835,0.00005,0.00000,0.00000
0.00000,0.00000,0.73240,0.00063,0.00000,0.00000,0.00000,0.00000,0.00000,0.00000,0.00000,0.00000,0.04193,0.00058,0.20563,0.01877,0.00005
0.00000,0.00000,0.00000,0.00000,0.00000,0.00000,0.01215,0.00000,0.00000,0.00000,0.00000,0.00000,0.02410,0.77416,0.17367,0.00083,0.01509
0.00000,0.00000,0.00001,0.00015,0.00000,0.00000,0.00000,0.00000,0.00000,0.00000,0.00000,0.00000,0.20621,0.59482,0.00000,0.00323,0.19558
0.00000,0.00000,0.00000,0.00000,0.00000,0.00000,0.00000,0.00000,0.60086,0.08258,0.00000,0.00000,0.18418,0.00453,0.00000,0.03829,0.08956
0.00000,0.00000,0.00000,0.00000,0.00000,0.00000,0.00000,0.00000,0.00082,0.00001,0.00000,0.00000,0.76446,0.23161,0.00169,0.00027,0.00115
0.04095,0.00117,0.00000,0.00000,0.00000,0.00000,0.00000,0.00000,0.00000,0.00000,0.00000,0.00000,0.71260,0.16720,0.07808,0.00000,0.00000
0.00000,0.00000,0.00000,0.00000,0.00000,0.00000,0.00000,0.00000,0.25158,0.00000,0.00000,0.00000,0.29106,0.19540,0.00361,0.25406,0.00430
0.00000,0.00000,0.00000,0.00000,0.00000,0.00000,0.00000,0.00000,0.00000,0.00000,0.10136,0.00033,0.32026,0.49186,0.02688,0.00000,0.05931
0.00000,0.00000,0.00000,0.00000,0.00000,0.00000,0.00000,0.00000,0.07046,0.00774,0.00000,0.00000,0.00002,0.87924,0.00000,0.00000,0.04255
0.00000,0.00000,0.00000,0.00000,0.00000,0.00000,0.00000,0.00000,0.00000,0.00000,0.05391,0.00240,0.16571,0.01249,0.30379,0.46170,0.00000
0.00000,0.00000,0.00000,0.00000,0.00000,0.00000,0.00000,0.00000,0.00000,0.00000,0.00205,0.00000,0.98852,0.00338,0.00603,0.00000,0.00001
0.00000,0.00000,0.00000,0.00000,0.00000,0.00000,0.00000,0.00000,0.00000,0.00000,0.05920,0.71250,0.04908,0.13428,0.00628,0.03699,0.00168
0.00672,0.10565,0.00000,0.00000,0.00000,0.00000,0.00000,0.00000,0.00000,0.00000,0.00000,0.00000,0.57454,0.30839,0.00030,0.00439,0.00001
0.00034,0.14049,0.00000,0.00000,0.00000,0.00000,0.00000,0.00000,0.00000,0.00000,0.00000,0.00000,0.27894,0.58023,0.00000,0.00000,0.00000
0.57179,0.00000,0.00000,0.00000,0.00000,0.00000,0.00000,0.00000,0.00000,0.00000,0.00000,0.00000,0.00295,0.41337,0.00131,0.00734,0.00323
0.00191,0.00649,0.00000,0.00000,0.00000,0.00000,0.00000,0.00000,0.00000,0.00000,0.00000,0.00000,0.84807,0.11915,0.00003,0.00000,0.02435
0.26520,0.05465,0.00000,0.00000,0.00000,0.00000,0.00000,0.00000,0.00000,0.00000,0.00000,0.00000,0.01475,0.65805,0.00734,0.00000,0.00000
0.00000,0.00000,0.46192,0.04300,0.00000,0.00000,0.00000,0.00000,0.00000,0.00000,0.00000,0.00000,0.03138,0.40102,0.03099,0.03168,0.00000
0.00000,0.00000,0.00164,0.22454,0.00000,0.00000,0.00000,0.00000,0.00000,0.00000,0.00000,0.00000,0.11888,0.07009,0.00000,0.58485,0.00000
0.00000,0.00000,0.00000,0.00000,0.00000,0.00000,0.00000,0.00000,0.00000,0.00000,0.21974,0.00011,0.00004,0.78011,0.00000,0.00001,0.00000
0.00000,0.00000,0.00000,0.00000,0.96331,0.00000,0.00000,0.00000,0.00000,0.00000,0.00000,0.00000,0.00015,0.03542,0.00044,0.00069,0.00000
0.00000,0.00000,0.00000,0.00000,0.00000,0.00000,0.00000,0.00000,0.00000,0.00000,0.01457,0.00309,0.01951,0.52185,0.00000,0.00008,0.44090
0.00000,0.00000,0.00000,0.00000,0.00000,0.00000,0.00635,0.03236,0.00000,0.00000,0.00000,0.00000,0.01343,0.24135,0.01053,0.55571,0.14025
0.15841,0.03537,0.00000,0.00000,0.00000,0.00000,0.00000,0.00000,0.00000,0.00000,0.00000,0.00000,0.14971,0.15678,0.49943,0.00030,0.00000
0.00000,0.00000,0.00000,0.00000,0.00000,0.00000,0.64105,0.00576,0.00000,0.00000,0.00000,0.00000,0.00028,0.34605,0.00134,0.00042,0.00510
0.00000,0.00000,0.00000,0.00000,0.00000,0.00000,0.03388,0.04508,0.00000,0.00000,0.00000,0.00000,0.04180,0.47251,0.00000,0.00000,0.40672
0.00000,0.00000,0.00000,0.00000,0.00000,0.00000,0.07674,0.00001,0.00000,0.00000,0.00000,0.00000,0.09261,0.49512,0.33551,0.00001,0.00000
0.00000,0.00000,0.32889,0.02272,0.00000,0.00000,0.00000,0.00000,0.00000,0.00000,0.00000,0.00000,0.06311,0.45265,0.13260,0.00003,0.00000
0.00000,0.00000,0.03073,0.14548,0.00000,0.00000,0.00000,0.00000,0.00000,0.00000,0.00000,0.00000,0.11380,0.24095,0.00170,0.46523,0.00211
0.00000,0.00000,0.00000,0.00000,0.02843,0.03293,0.00000,0.00000,0.00000,0.00000,0.00000,0.00000,0.09184,0.20963,0.00000,0.63715,0.00002
0.00000,0.00000,0.00000,0.00000,0.00000,0.00000,0.00829,0.00121,0.00000,0.00000,0.00000,0.00000,0.04825,0.94187,0.00001,0.00035,0.00002
0.00000,0.00000,0.00000,0.00000,0.27829,0.26744,0.00000,0.00000,0.00000,0.00000,0.00000,0.00000,0.36003,0.08893,0.00005,0.00526,0.00000
0.63060,0.00000,0.00000,0.00000,0.00000,0.00000,0.00000,0.00000,0.00000,0.00000,0.00000,0.00000,0.18155,0.18046,0.00002,0.00615,0.00122
0.00000,0.00000,0.00000,0.00000,0.00000,0.00000,0.00000,0.00000,0.18788,0.08004,0.00000,0.00000,0.15919,0.47356,0.00000,0.09934,0.00000
0.00000,0.00000,0.00000,0.00000,0.00000,0.00000,0.00000,0.00000,0.04109,0.00504,0.00000,0.00000,0.33562,0.06843,0.00217,0.54765,0.00000
0.00000,0.00000,0.00000,0.00000,0.00000,0.00000,0.00000,0.00000,0.00000,0.00000,0.00000,0.76885,0.08828,0.10109,0.00000,0.04178,0.00000
0.00647,0.00887,0.00000,0.00000,0.00000,0.00000,0.00000,0.00000,0.00000,0.00000,0.00000,0.00000,0.39392,0.37482,0.19298,0.02294,0.00000
0.00000,0.00000,0.11915,0.00165,0.00000,0.00000,0.00000,0.00000,0.00000,0.00000,0.00000,0.00000,0.10394,0.76102,0.00005,0.01419,0.00000
0.00001,0.00000,0.00000,0.00000,0.00000,0.00000,0.00000,0.00000,0.00000,0.00000,0.00000,0.00000,0.57274,0.20463,0.00962,0.21297,0.00002
0.00000,0.00000,0.00000,0.00000,0.05055,0.73004,0.00000,0.00000,0.00000,0.00000,0.00000,0.00000,0.07277,0.14663,0.00000,0.00000,0.00000
0.01993,0.40557,0.00000,0.00000,0.00000,0.00000,0.00000,0.00000,0.00000,0.00000,0.00000,0.00000,0.16110,0.38158,0.00000,0.03182,0.00000
0.00000,0.00000,0.06753,0.00552,0.00000,0.00000,0.00000,0.00000,0.00000,0.00000,0.00000,0.00000,0.64190,0.26736,0.00000,0.01481,0.00287
0.16448,0.00000,0.00000,0.00000,0.00000,0.00000,0.00000,0.00000,0.00000,0.00000,0.00000,0.00000,0.03156,0.80395,0.00000,0.00002,0.00000
0.13284,0.13285,0.00000,0.00000,0.00000,0.00000,0.00000,0.00000,0.00000,0.00000,0.00000,0.00000,0.19992,0.32201,0.00241,0.20083,0.00915
0.00000,0.00000,0.08388,0.02489,0.00000,0.00000,0.00000,0.00000,0.00000,0.00000,0.00000,0.00000,0.00079,0.89035,0.00000,0.00008,0.00000
0.00000,0.00000,0.00000,0.00000,0.00000,0.00000,0.00000,0.00000,0.00000,0.00000,0.00383,0.00000,0.11248,0.87737,0.00000,0.00632,0.00000
0.00000,0.00000,0.00000,0.00000,0.00000,0.00000,0.00000,0.00000,0.04346,0.12586,0.00000,0.00000,0.23758,0.46653,0.00156,0.12500,0.00000
0.00000,0.00000,0.00021,0.00000,0.00000,0.00000,0.00000,0.00000,0.00000,0.00000,0.00000,0.00000,0.13478,0.48191,0.01625,0.36685,0.00000
0.00000,0.00000,0.00000,0.00000,0.00000,0.00000,0.01071,0.03225,0.00000,0.00000,0.00000,0.00000,0.19660,0.69914,0.05954,0.00002,0.00174
0.00000,0.00000,0.00000,0.00000,0.00000,0.00000,0.00000,0.00000,0.11902,0.00370,0.00000,0.00000,0.27129,0.03834,0.00563,0.56202,0.00000
0.01795,0.03047,0.00000,0.00000,0.00000,0.00000,0.00000,0.00000,0.00000,0.00000,0.00000,0.00000,0.00002,0.04869,0.00000,0.90284,0.00003
0.00000,0.00000,0.00001,0.00698,0.00000,0.00000,0.00000,0.00000,0.00000,0.00000,0.00000,0.00000,0.03117,0.75145,0.00208,0.00026,0.20805
0.01252,0.06068,0.00000,0.00000,0.00000,0.00000,0.00000,0.00000,0.00000,0.00000,0.00000,0.00000,0.05679,0.86885,0.00001,0.00115,0.00000
0.00000,0.00000,0.00000,0.00000,0.00000,0.00000,0.14910,0.08040,0.00000,0.00000,0.00000,0.00000,0.00493,0.68546,0.00000,0.08011,0.00000
0.00000,0.00000,0.00000,0.00000,0.00000,0.00000,0.00000,0.00000,0.04442,0.33035,0.00000,0.00000,0.01505,0.38116,0.00309,0.22305,0.00287
0.00000,0.00000,0.00000,0.00000,0.01959,0.15938,0.00000,0.00000,0.00000,0.00000,0.00000,0.00000,0.00023,0.67658,0.01385,0.00000,0.13036
0.00000,0.00000,0.00000,0.00000,0.01336,0.04648,0.00000,0.00000,0.00000,0.00000,0.00000,0.00000,0.07342,0.55172,0.00000,0.07657,0.23845
0.19974,0.42964,0.00000,0.00000,0.00000,0.00000,0.00000,0.00000,0.00000,0.00000,0.00000,0.00000,0.10471,0.26165,0.00000,0.00418,0.00007
0.05895,0.03859,0.00000,0.00000,0.00000,0.00000,0.00000,0.00000,0.00000,0.00000,0.00000,0.00000,0.37766,0.50295,0.01721,0.00000,0.00464
0.00000,0.00000,0.00000,0.00000,0.01795,0.00760,0.00000,0.00000,0.00000,0.00000,0.00000,0.00000,0.42204,0.54278,0.00227,0.00000,0.00736
0.00000,0.00000,0.00000,0.00000,0.24574,0.00325,0.00000,0.00000,0.00000,0.00000,0.00000,0.00000,0.01773,0.14866,0.16275,0.42187,0.00000
0.00000,0.00000,0.00000,0.00000,0.00000,0.00000,0.00000,0.00000,0.38000,0.01518,0.00000,0.00000,0.00022,0.52647,0.00466,0.00884,0.06464
0.00592,0.03816,0.00000,0.00000,0.00000,0.00000,0.00000,0.00000,0.00000,0.00000,0.00000,0.00000,0.27045,0.67997,0.00085,0.00000,0.00465
0.00000,0.00000,0.00000,0.00000,0.02566,0.00009,0.00000,0.00000,0.00000,0.00000,0.00000,0.00000,0.62582,0.32148,0.02696,0.00000,0.00000
0.00000,0.00000,0.00000,0.00000,0.00000,0.00000,0.00000,0.00000,0.00000,0.00000,0.00852,0.00342,0.15662,0.69739,0.00042,0.13364,0.00000
0.04299,0.01335,0.00000,0.00000,0.00000,0.00000,0.00000,0.00000,0.00000,0.00000,0.00000,0.00000,0.45156,0.49203,0.00000,0.00007,0.00000
0.00000,0.00000,0.00000,0.00000,0.29818,0.00000,0.00000,0.00000,0.00000,0.00000,0.00000,0.00000,0.46593,0.23082,0.00000,0.00505,0.00002
0.00367,0.00237,0.00000,0.00000,0.00000,0.00000,0.00000,0.00000,0.00000,0.00000,0.00000,0.00000,0.08153,0.85012,0.01119,0.05113,0.00000
0.00000,0.00000,0.00000,0.00000,0.00629,0.76265,0.00000,0.00000,0.00000,0.00000,0.00000,0.00000,0.01495,0.16864,0.00001,0.04746,0.00000
0.00000,0.00000,0.00000,0.00000,0.00000,0.00000,0.09901,0.00000,0.00000,0.00000,0.00000,0.00000,0.04506,0.65962,0.00755,0.18876,0.00000
0.00000,0.00000,0.00000,0.00000,0.00002,0.28298,0.00000,0.00000,0.00000,0.00000,0.00000,0.00000,0.13271,0.55959,0.00000,0.02367,0.00103
0.00000,0.00000,0.00000,0.00000,0.00113,0.00053,0.00000,0.00000,0.00000,0.00000,0.00000,0.00000,0.75055,0.18614,0.05994,0.00170,0.00000
0.00000,0.00000,0.00000,0.00000,0.00000,0.00000,0.00000,0.00000,0.05514,0.01709,0.00000,0.00000,0.05593,0.55103,0.03688,0.28393,0.00000
0.00000,0.00000,0.00653,0.82712,0.00000,0.00000,0.00000,0.00000,0.00000,0.00000,0.00000,0.00000,0.08583,0.07641,0.00408,0.00002,0.00000
0.00000,0.00000,0.00000,0.00000,0.02484,0.07140,0.00000,0.00000,0.00000,0.00000,0.00000,0.00000,0.14602,0.56151,0.19585,0.00039,0.00000
0.00000,0.00000,0.00000,0.00000,0.00000,0.00000,0.00000,0.00000,0.00000,0.00000,0.63038,0.02742,0.00242,0.20799,0.00000,0.13179,0.00000
0.00000,0.00000,0.00000,0.00000,0.00000,0.00000,0.00000,0.00000,0.00779,0.00495,0.00000,0.00000,0.25714,0.29764,0.09678,0.27641,0.05929
0.06901,0.03086,0.00000,0.00000,0.00000,0.00000,0.00000,0.00000,0.00000,0.00000,0.00000,0.00000,0.00402,0.86369,0.00000,0.03242,0.00000
0.00000,0.00000,0.00000,0.00000,0.06332,0.00750,0.00000,0.00000,0.00000,0.00000,0.00000,0.00000,0.30151,0.62761,0.00000,0.00006,0.00000
0.11205,0.07423,0.00000,0.00000,0.00000,0.00000,0.00000,0.00000,0.00000,0.00000,0.00000,0.00000,0.13804,0.54622,0.12944,0.00002,0.00000
0.00000,0.00000,0.00081,0.02534,0.00000,0.00000,0.00000,0.00000,0.00000,0.00000,0.00000,0.00000,0.78078,0.14892,0.00004,0.04398,0.00013
0.00000,0.00000,0.00000,0.00000,0.00000,0.00000,0.00000,0.00000,0.00059,0.00219,0.00000,0.00000,0.19056,0.14206,0.02450,0.63982,0.00028
0.00000,0.00000,0.00969,0.30395,0.00000,0.00000,0.00000,0.00000,0.00000,0.00000,0.00000,0.00000,0.20421,0.47635,0.00013,0.00568,0.00000
0.00009,0.05560,0.00000,0.00000,0.00000,0.00000,0.00000,0.00000,0.00000,0.00000,0.00000,0.00000,0.56626,0.36320,0.00682,0.00803,0.00000
0.00000,0.00000,0.00000,0.00000,0.00000,0.00000,0.00000,0.00000,0.00000,0.00000,0.28792,0.25086,0.12448,0.00281,0.00000,0.33394,0.00000
0.00000,0.00000,0.44865,0.00004,0.00000,0.00000,0.00000,0.00000,0.00000,0.00000,0.00000,0.00000,0.27192,0.27936,0.00001,0.00002,0.00000
0.00000,0.00000,0.00000,0.00000,0.00000,0.00000,0.00000,0.00000,0.00000,0.00010,0.00000,0.00000,0.15585,0.56244,0.00292,0.27870,0.00000
0.00000,0.00000,0.00000,0.00000,0.00000,0.00000,0.00000,0.00000,0.15197,0.10768,0.00000,0.00000,0.11284,0.04640,0.04800,0.53311,0.00000
0.00000,0.00000,0.00000,0.00000,0.00000,0.00000,0.00000,0.00000,0.00000,0.00000,0.00281,0.69595,0.04055,0.15473,0.01920,0.08676,0.00000
0.00000,0.00000,0.00000,0.00000,0.00000,0.00000,0.13077,0.00000,0.00000,0.00000,0.00000,0.00000,0.15325,0.42891,0.25377,0.03330,0.00000
0.02765,0.17347,0.00000,0.00000,0.00000,0.00000,0.00000,0.00000,0.00000,0.00000,0.00000,0.00000,0.27106,0.52782,0.00000,0.00000,0.00000
0.00000,0.00000,0.00000,0.00000,0.00000,0.00000,0.00000,0.00000,0.00000,0.00000,0.00998,0.00000,0.05560,0.20036,0.00776,0.72631,0.00000
0.00000,0.00000,0.00000,0.00000,0.00000,0.00000,0.00000,0.00000,0.00000,0.00000,0.00008,0.59856,0.26536,0.07812,0.05628,0.00037,0.00124
0.00000,0.00000,0.00000,0.00000,0.00000,0.00000,0.00000,0.00000,0.00000,0.00000,0.00118,0.00009,0.17873,0.81910,0.00000,0.00062,0.00029
0.00000,0.00000,0.00384,0.00614,0.00000,0.00000,0.00000,0.00000,0.00000,0.00000,0.00000,0.00000,0.84565,0.05923,0.08146,0.00129,0.00241
0.00000,0.00000,0.53750,0.04295,0.00000,0.00000,0.00000,0.00000,0.00000,0.00000,0.00000,0.00000,0.00147,0.22739,0.12864,0.06205,0.00000
0.00000,0.00000,0.00000,0.00000,0.00000,0.00000,0.00000,0.00000,0.00000,0.00000,0.04925,0.00064,0.00056,0.48724,0.07135,0.39096,0.00000
0.00000,0.00000,0.00000,0.00000,0.00000,0.00000,0.00000,0.00000,0.00000,0.00000,0.28286,0.00162,0.00036,0.54709,0.10578,0.06228,0.00000
0.00000,0.00000,0.00000,0.00000,0.00064,0.00006,0.00000,0.00000,0.00000,0.00000,0.00000,0.00000,0.00038,0.35271,0.23443,0.41179,0.00000
0.00000,0.00000,0.00000,0.00000,0.00000,0.00000,0.01620,0.00012,0.00000,0.00000,0.00000,0.00000,0.23674,0.74645,0.00000,0.00002,0.00047
0.05509,0.25340,0.00000,0.00000,0.00000,0.00000,0.00000,0.00000,0.00000,0.00000,0.00000,0.00000,0.17776,0.47401,0.03968,0.00005,0.00000
0.00000,0.00000,0.00000,0.00000,0.13861,0.02592,0.00000,0.00000,0.00000,0.00000,0.00000,0.00000,0.59440,0.18077,0.00000,0.00313,0.05717
0.00000,0.00000,0.00000,0.00000,0.00000,0.00000,0.00000,0.00000,0.00000,0.00000,0.72631,0.02742,0.02874,0.19453,0.00016,0.02280,0.00003
0.00000,0.00000,0.00000,0.00000,0.03330,0.11697,0.00000,0.00000,0.00000,0.00000,0.00000,0.00000,0.02904,0.00872,0.00000,0.81196,0.00000
0.00000,0.00000,0.00000,0.00000,0.00000,0.00000,0.00000,0.00000,0.23017,0.00599,0.00000,0.00000,0.45025,0.31319,0.00000,0.00003,0.00037
0.00000,0.00000,0.00011,0.00250,0.00000,0.00000,0.00000,0.00000,0.00000,0.00000,0.00000,0.00000,0.00046,0.77864,0.14026,0.07803,0.00000
0.09897,0.10080,0.00000,0.00000,0.00000,0.00000,0.00000,0.00000,0.00000,0.00000,0.00000,0.00000,0.22402,0.50979,0.03050,0.03593,0.00000
0.00000,0.00000,0.00000,0.00000,0.00000,0.00000,0.00000,0.00000,0.00000,0.00000,0.07124,0.00000,0.42513,0.49618,0.00746,0.00000,0.00000
0.00000,0.00000,0.00000,0.00000,0.00000,0.00000,0.01117,0.00000,0.00000,0.00000,0.00000,0.00000,0.18369,0.00351,0.00234,0.79925,0.00003
0.00000,0.00000,0.17394,0.00000,0.00000,0.00000,0.00000,0.00000,0.00000,0.00000,0.00000,0.00000,0.19637,0.55304,0.00000,0.07664,0.00000
0.00000,0.26719,0.00000,0.00000,0.00000,0.00000,0.00000,0.00000,0.00000,0.00000,0.00000,0.00000,0.22077,0.45472,0.05732,0.00000,0.00000
0.00000,0.00000,0.00000,0.00000,0.00000,0.00000,0.00000,0.00000,0.41373,0.00000,0.00000,0.00000,0.15783,0.42704,0.00005,0.00134,0.00000
0.00000,0.00000,0.00012,0.00192,0.00000,0.00000,0.00000,0.00000,0.00000,0.00000,0.00000,0.00000,0.62499,0.35348,0.00001,0.01946,0.00002
0.00188,0.58017,0.00000,0.00000,0.00000,0.00000,0.00000,0.00000,0.00000,0.00000,0.00000,0.00000,0.26135,0.12593,0.00000,0.02821,0.00245
0.00000,0.00000,0.00000,0.00000,0.02657,0.01242,0.00000,0.00000,0.00000,0.00000,0.00000,0.00000,0.81803,0.13082,0.01038,0.00178,0.00000
0.15347,0.00000,0.00000,0.00000,0.00000,0.00000,0.00000,0.00000,0.00000,0.00000,0.00000,0.00000,0.29940,0.54185,0.00000,0.00527,0.00000
0.00000,0.00000,0.04966,0.00000,0.00000,0.00000,0.00000,0.00000,0.00000,0.00000,0.00000,0.00000,0.06720,0.04270,0.79966,0.04077,0.00000
0.00000,0.00000,0.00000,0.00000,0.00000,0.00000,0.00000,0.00000,0.00000,0.00000,0.00000,0.03659,0.63360,0.32976,0.00004,0.00000,0.00000
0.00000,0.00000,0.00000,0.00000,0.00256,0.23296,0.00000,0.00000,0.00000,0.00000,0.00000,0.00000,0.40589,0.35859,0.00000,0.00000,0.00000
0.00000,0.00000,0.00000,0.00000,0.00000,0.00000,0.54658,0.01110,0.00000,0.00000,0.00000,0.00000,0.01857,0.01153,0.04256,0.36923,0.00044
0.00000,0.00000,0.00000,0.00000,0.17687,0.00000,0.00000,0.00000,0.00000,0.00000,0.00000,0.00000,0.00038,0.80951,0.00000,0.01324,0.00000
0.00000,0.00000,0.00000,0.00000,0.00000,0.00000,0.00000,0.00000,0.00000,0.00000,0.06062,0.23452,0.00132,0.69300,0.00825,0.00164,0.00066
0.00000,0.00000,0.00000,0.00000,0.00029,0.33506,0.00000,0.00000,0.00000,0.00000,0.00000,0.00000,0.27119,0.22218,0.00001,0.14805,0.02320
0.00000,0.00000,0.00000,0.00000,0.25956,0.20307,0.00000,0.00000,0.00000,0.00000,0.00000,0.00000,0.00574,0.34875,0.00048,0.18240,0.00000
0.00000,0.00000,0.36637,0.00897,0.00000,0.00000,0.00000,0.00000,0.00000,0.00000,0.00000,0.00000,0.15091,0.44813,0.02152,0.00410,0.00000
0.00000,0.00000,0.00000,0.00000,0.00000,0.00000,0.00000,0.00000,0.00000,0.00000,0.01725,0.00003,0.62125,0.02527,0.30892,0.00005,0.02723
0.00000,0.00000,0.00000,0.00000,0.00000,0.00000,0.00000,0.00000,0.11843,0.03678,0.00000,0.00000,0.00222,0.82630,0.01626,0.00000,0.00000
0.00000,0.00000,0.00000,0.00000,0.00000,0.00000,0.00000,0.00000,0.39105,0.18287,0.00000,0.00000,0.34118,0.03441,0.00000,0.05048,0.00000
0.00000,0.00000,0.00000,0.00000,0.00000,0.00000,0.60051,0.01736,0.00000,0.00000,0.00000,0.00000,0.00536,0.23018,0.01836,0.11339,0.01484
0.00000,0.00000,0.00522,0.07726,0.00000,0.00000,0.00000,0.00000,0.00000,0.00000,0.00000,0.00000,0.77920,0.06665,0.02428,0.04738,0.00000
0.00000,0.00000,0.00000,0.00000,0.00000,0.00000,0.00000,0.00000,0.54920,0.00045,0.00000,0.00000,0.00116,0.23786,0.00049,0.21084,0.00000
0.00000,0.00000,0.00000,0.00000,0.00000,0.00000,0.06203,0.06466,0.00000,0.00000,0.00000,0.00000,0.07109,0.77516,0.00444,0.02262,0.00000
0.00000,0.00000,0.00000,0.00000,0.01768,0.00016,0.00000,0.00000,0.00000,0.00000,0.00000,0.00000,0.06494,0.91718,0.00004,0.00000,0.00000
0.00000,0.00000,0.00000,0.00000,0.00000,0.00000,0.00000,0.00000,0.00000,0.00000,0.06336,0.00008,0.04087,0.26721,0.00893,0.61946,0.00009
0.01925,0.73458,0.00000,0.00000,0.00000,0.00000,0.00000,0.00000,0.00000,0.00000,0.00000,0.00000,0.10454,0.13424,0.00000,0.00079,0.00660
0.00000,0.00000,0.00000,0.00000,0.00000,0.00000,0.00000,0.00000,0.00000,0.00000,0.79543,0.01233,0.02914,0.15806,0.00503,0.00001,0.00000
0.00000,0.00000,0.00000,0.00000,0.00000,0.00000,0.00003,0.67453,0.00000,0.00000,0.00000,0.00000,0.01155,0.30336,0.00001,0.01053,0.00000
0.00000,0.00000,0.05325,0.00027,0.00000,0.00000,0.00000,0.00000,0.00000,0.00000,0.00000,0.00000,0.05978,0.50012,0.02198,0.36460,0.00000
0.00000,0.00000,0.00000,0.00000,0.00000,0.00000,0.00000,0.00000,0.00540,0.00140,0.00000,0.00000,0.15256,0.76180,0.00236,0.00415,0.07232
0.00000,0.00000,0.00000,0.00000,0.00000,0.00000,0.00000,0.00000,0.00000,0.00000,0.00280,0.02681,0.43899,0.22617,0.22052,0.08129,0.00341
0.23880,0.01465,0.00000,0.00000,0.00000,0.00000,0.00000,0.00000,0.00000,0.00000,0.00000,0.00000,0.59076,0.15567,0.00000,0.00012,0.00000
0.00000,0.00000,0.00000,0.00000,0.00000,0.00000,0.28788,0.00093,0.00000,0.00000,0.00000,0.00000,0.18596,0.50407,0.00000,0.02117,0.00000
0.09854,0.00118,0.00000,0.00000,0.00000,0.00000,0.00000,0.00000,0.00000,0.00000,0.00000,0.00000,0.73574,0.15044,0.00000,0.01409,0.00000
0.00000,0.00000,0.00000,0.00000,0.01805,0.01970,0.00000,0.00000,0.00000,0.00000,0.00000,0.00000,0.88766,0.07453,0.00000,0.00006,0.00000
0.00000,0.00000,0.00000,0.00000,0.05505,0.00000,0.00000,0.00000,0.00000,0.00000,0.00000,0.00000,0.00523,0.93448,0.00341,0.00000,0.00183
0.00000,0.00000,0.00000,0.00000,0.10316,0.01074,0.00000,0.00000,0.00000,0.00000,0.00000,0.00000,0.17793,0.25616,0.00001,0.45200,0.00000
0.08981,0.06838,0.00000,0.00000,0.00000,0.00000,0.00000,0.00000,0.00000,0.00000,0.00000,0.00000,0.01427,0.82474,0.00000,0.00027,0.00254
0.00000,0.00000,0.00018,0.00000,0.00000,0.00000,0.00000,0.00000,0.00000,0.00000,0.00000,0.00000,0.00013,0.99693,0.00002,0.00164,0.00109
0.58053,0.00060,0.00000,0.00000,0.00000,0.00000,0.00000,0.00000,0.00000,0.00000,0.00000,0.00000,0.00258,0.29085,0.00008,0.12536,0.00000
0.00000,0.00000,0.00000,0.00000,0.00000,0.00000,0.00000,0.00000,0.00000,0.00000,0.03344,0.25931,0.13763,0.56903,0.00000,0.00059,0.00000
0.00001,0.00041,0.00000,0.00000,0.00000,0.00000,0.00000,0.00000,0.00000,0.00000,0.00000,0.00000,0.65173,0.26856,0.07930,0.00000,0.00000
0.00000,0.00000,0.00000,0.00000,0.00058,0.00006,0.00000,0.00000,0.00000,0.00000,0.00000,0.00000,0.86566,0.13326,0.00000,0.00044,0.00000
0.00000,0.00000,0.00000,0.00000,0.00000,0.00000,0.00000,0.00000,0.35232,0.00005,0.00000,0.00000,0.48451,0.05422,0.00096,0.10794,0.00000
0.00000,0.00000,0.36574,0.26919,0.00000,0.00000,0.00000,0.00000,0.00000,0.00000,0.00000,0.00000,0.13768,0.22681,0.00032,0.00015,0.00012
0.00000,0.00000,0.00000,0.00000,0.00000,0.00000,0.00000,0.00000,0.68434,0.00153,0.00000,0.00000,0.13084,0.16109,0.00000,0.02221,0.00000
0.00000,0.00000,0.00000,0.00000,0.00000,0.00000,0.20290,0.00000,0.00000,0.00000,0.00000,0.00000,0.47067,0.31140,0.01196,0.00307,0.00000
0.00000,0.00000,0.00000,0.00000,0.00000,0.00000,0.00000,0.00000,0.00000,0.00000,0.01426,0.00001,0.61170,0.37031,0.00000,0.00372,0.00000
0.00001,0.11043,0.00000,0.00000,0.00000,0.00000,0.00000,0.00000,0.00000,0.00000,0.00000,0.00000,0.37136,0.18117,0.00591,0.33111,0.00002
0.00000,0.00000,0.00000,0.00000,0.00000,0.00000,0.00000,0.00000,0.01406,0.00000,0.00000,0.00000,0.41793,0.42176,0.14612,0.00012,0.00000
0.00529,0.00678,0.00000,0.00000,0.00000,0.00000,0.00000,0.00000,0.00000,0.00000,0.00000,0.00000,0.02901,0.27738,0.68155,0.00000,0.00000
0.00000,0.00000,0.00000,0.00000,0.00000,0.00000,0.00000,0.00000,0.04439,0.02400,0.00000,0.00000,0.52350,0.22722,0.00255,0.17809,0.00026
0.00000,0.00000,0.00000,0.00000,0.00000,0.00000,0.16740,0.04985,0.00000,0.00000,0.00000,0.00000,0.04011,0.57591,0.00000,0.16549,0.00125
0.00000,0.00000,0.00000,0.00000,0.00000,0.00000,0.00000,0.00000,0.00000,0.00000,0.43476,0.00005,0.00404,0.48957,0.05331,0.00002,0.01824
0.03571,0.07477,0.00000,0.00000,0.00000,0.00000,0.00000,0.00000,0.00000,0.00000,0.00000,0.00000,0.14197,0.74555,0.00028,0.00172,0.00000
0.00000,0.00000,0.00200,0.01947,0.00000,0.00000,0.00000,0.00000,0.00000,0.00000,0.00000,0.00000,0.03875,0.45029,0.00763,0.47488,0.00698
0.00000,0.00000,0.00000,0.00000,0.05027,0.00000,0.00000,0.00000,0.00000,0.00000,0.00000,0.00000,0.02245,0.79599,0.03789,0.00367,0.08973
0.00000,0.00000,0.00000,0.00000,0.00000,0.00000,0.00000,0.00000,0.00000,0.00000,0.67910,0.01644,0.08224,0.15921,0.00000,0.06301,0.00000
0.00000,0.00000,0.00000,0.00000,0.00000,0.00000,0.31030,0.00024,0.00000,0.00000,0.00000,0.00000,0.02013,0.66035,0.00000,0.00419,0.00479
0.00000,0.00000,0.00000,0.00000,0.00000,0.00000,0.00000,0.00000,0.00000,0.00000,0.51998,0.01670,0.21769,0.24490,0.00001,0.00072,0.00000
0.00000,0.00000,0.02705,0.14650,0.00000,0.00000,0.00000,0.00000,0.00000,0.00000,0.00000,0.00000,0.55101,0.27544,0.00001,0.00000,0.00000
0.00000,0.00000,0.00000,0.00000,0.00000,0.00000,0.00000,0.00000,0.00000,0.00000,0.28096,0.00001,0.48337,0.11816,0.06321,0.05429,0.00000
0.30463,0.04398,0.00000,0.00000,0.00000,0.00000,0.00000,0.00000,0.00000,0.00000,0.00000,0.00000,0.43337,0.20970,0.00771,0.00059,0.00000
0.00000,0.00000,0.08289,0.04001,0.00000,0.00000,0.00000,0.00000,0.00000,0.00000,0.00000,0.00000,0.73442,0.10669,0.01883,0.01715,0.00000
0.72686,0.00044,0.00000,0.00000,0.00000,0.00000,0.00000,0.00000,0.00000,0.00000,0.00000,0.00000,0.12396,0.13829,0.00118,0.00925,0.00003
0.00000,0.00000,0.00000,0.00000,0.00000,0.00000,0.00000,0.00000,0.00000,0.00000,0.11696,0.22492,0.13508,0.39750,0.00036,0.12517,0.00000
0.00000,0.00000,0.00000,0.00000,0.00000,0.00000,0.00000,0.00000,0.00000,0.00000,0.02471,0.05851,0.69378,0.20275,0.02013,0.00000,0.00012
0.00000,0.00000,0.00000,0.00000,0.00000,0.00000,0.00000,0.00000,0.06489,0.04080,0.00000,0.00000,0.01524,0.69899,0.17940,0.00000,0.00067
0.05156,0.00000,0.00000,0.00000,0.00000,0.00000,0.00000,0.00000,0.00000,0.00000,0.00000,0.00000,0.14332,0.52048,0.28465,0.00000,0.00000
0.00000,0.00000,0.00000,0.00000,0.00000,0.00000,0.00000,0.00000,0.00000,0.00000,0.54770,0.00000,0.02012,0.14368,0.00146,0.28704,0.00000
