0.03664,0.19680,0.02624,0.00888,0.10201,0.01515,0.01641,0.00640,0.00286,0.10620,0.30286,0.02546,0.02862,0.01388,0.01294,0.00719,0.05460,0.00336,0.02250,0.01101
0.11382,0.03511,0.05030,0.00632,0.04658,0.09083,0.03165,0.01185,0.21695,0.02496,0.01180,0.01087,0.22220,0.02935,0.00939,0.01031,0.00820,0.05450,0.00907,0.00592
0.16139,0.06662,0.00537,0.12999,0.02658,0.02079,0.00862,0.01271,0.00821,0.00918,0.00582,0.15767,0.01179,0.10624,0.01131,0.23414,0.00386,0.00741,0.00646,0.00584
0.10483,0.00833,0.01284,0.00573,0.02499,0.04776,0.01801,0.02146,0.01138,0.01057,0.01220,0.06659,0.03027,0.01710,0.05006,0.09214,0.12419,0.27389,0.04467,0.02298
0.03021,0.16292,0.02862,0.00612,0.02900,0.02852,0.02268,0.01449,0.00423,0.02285,0.14386,0.01328,0.23966,0.00950,0.01175,0.00511,0.16265,0.00536,0.04761,0.01158
0.02249,0.10286,0.02651,0.00745,0.04729,0.34626,0.01546,0.01067,0.00998,0.27602,0.00623,0.00766,0.02009,0.01380,0.01540,0.03147,0.00808,0.01723,0.00893,0.00613
0.01921,0.01493,0.23080,0.01057,0.07787,0.01170,0.01898,0.00513,0.21334,0.01939,0.01493,0.00544,0.29188,0.00434,0.02837,0.00568,0.00792,0.00365,0.00769,0.00820
0.02058,0.36698,0.01603,0.36042,0.01283,0.01944,0.06415,0.00448,0.00812,0.00533,0.01112,0.02066,0.00788,0.02127,0.00620,0.02061,0.00685,0.01414,0.00812,0.00480
0.01293,0.17796,0.01715,0.29140,0.01349,0.01214,0.01203,0.01270,0.00679,0.00624,0.00649,0.03729,0.03389,0.04853,0.01022,0.24206,0.00947,0.03622,0.00626,0.00673
0.01200,0.01454,0.01951,0.02583,0.01116,0.01516,0.15822,0.23600,0.02268,0.11964,0.02750,0.06755,0.00893,0.02596,0.04966,0.00952,0.00534,0.00500,0.00720,0.15863
0.00331,0.01369,0.23853,0.02595,0.00742,0.00952,0.00352,0.09381,0.01826,0.17632,0.00441,0.00667,0.00692,0.26257,0.07811,0.00407,0.00531,0.00687,0.01292,0.02182
0.01617,0.29889,0.04928,0.00668,0.06910,0.09107,0.08328,0.00476,0.10089,0.08955,0.07224,0.01867,0.02741,0.00476,0.01236,0.01101,0.01277,0.00331,0.01550,0.01228
0.02910,0.20241,0.00852,0.37182,0.00921,0.01046,0.02149,0.01043,0.05884,0.00821,0.00591,0.02033,0.00882,0.02438,0.04399,0.01729,0.00839,0.03101,0.10184,0.00757
0.01802,0.05313,0.02622,0.09616,0.03180,0.04887,0.01576,0.01604,0.34797,0.02562,0.01704,0.03079,0.15401,0.01920,0.01069,0.02258,0.01742,0.00617,0.01177,0.03073
0.17895,0.03820,0.02077,0.01130,0.01144,0.01617,0.12801,0.02044,0.04502,0.05351,0.01817,0.08666,0.04782,0.00563,0.00989,0.03046,0.01285,0.24158,0.01602,0.00713
0.00709,0.17211,0.01333,0.01041,0.01637,0.24447,0.00817,0.01270,0.00385,0.10677,0.12361,0.01221,0.01665,0.01852,0.00848,0.00427,0.03381,0.01164,0.15946,0.01610
0.00670,0.01395,0.01235,0.00851,0.01014,0.01291,0.00993,0.04070,0.01961,0.25846,0.02318,0.24597,0.18190,0.00998,0.00527,0.00408,0.01784,0.00496,0.09902,0.01454
0.04250,0.01914,0.15031,0.02956,0.15689,0.28406,0.08378,0.01775,0.01491,0.01180,0.01699,0.00852,0.04250,0.00871,0.01740,0.00786,0.00922,0.01861,0.01621,0.04328
0.11917,0.01310,0.02533,0.00604,0.01179,0.01768,0.01693,0.06732,0.00448,0.01833,0.00612,0.01531,0.04878,0.01339,0.02240,0.07464,0.25706,0.23595,0.01640,0.00978
0.16649,0.01719,0.00905,0.04928,0.01376,0.00795,0.02486,0.08191,0.03580,0.02596,0.01035,0.02372,0.01824,0.04769,0.01744,0.40771,0.00506,0.00940,0.00443,0.02371
0.01035,0.14341,0.05107,0.00427,0.01553,0.03131,0.01650,0.00705,0.00928,0.17532,0.04054,0.05055,0.34735,0.00798,0.00690,0.01659,0.03991,0.00668,0.01495,0.00447
0.01584,0.01759,0.08949,0.01982,0.14827,0.17183,0.01051,0.01137,0.03910,0.05271,0.09475,0.01457,0.02603,0.05376,0.02400,0.00542,0.15769,0.02110,0.01305,0.01309
0.17762,0.03103,0.01350,0.01327,0.01944,0.02610,0.00826,0.01135,0.01045,0.01531,0.00673,0.01777,0.02980,0.07725,0.01202,0.05674,0.05366,0.38414,0.02268,0.01289
0.00970,0.02026,0.00932,0.11018,0.01879,0.03098,0.00735,0.07636,0.02233,0.31596,0.00614,0.05014,0.00620,0.01110,0.04021,0.00710,0.00831,0.05120,0.17363,0.02474
0.09547,0.09781,0.01173,0.11748,0.01049,0.01348,0.06472,0.04967,0.01805,0.01128,0.01779,0.21547,0.02001,0.01979,0.01146,0.16832,0.02152,0.01869,0.00861,0.00815
0.00639,0.01724,0.07196,0.01665,0.02211,0.01430,0.00887,0.03223,0.00901,0.26677,0.00682,0.05307,0.00748,0.02418,0.08853,0.01560,0.01170,0.00666,0.04222,0.27821
0.00837,0.15252,0.01383,0.01228,0.05454,0.06521,0.01318,0.02567,0.01433,0.16334,0.19540,0.10135,0.02607,0.01451,0.01863,0.01001,0.00902,0.02290,0.01302,0.06582
0.01027,0.01971,0.14096,0.00695,0.02391,0.06565,0.00520,0.01182,0.00547,0.01179,0.00617,0.01592,0.01358,0.02304,0.31725,0.00752,0.02982,0.06467,0.00942,0.21089
0.03011,0.07025,0.12703,0.00839,0.10225,0.07579,0.02471,0.01308,0.00931,0.04629,0.05515,0.03446,0.24460,0.02351,0.01745,0.00775,0.02788,0.00256,0.06802,0.01139
0.18427,0.12769,0.01174,0.16020,0.00539,0.00552,0.10513,0.00441,0.05767,0.00754,0.01032,0.02769,0.00817,0.01086,0.00909,0.18435,0.04924,0.01321,0.00989,0.00761
0.01122,0.02197,0.16607,0.00924,0.15017,0.04702,0.02499,0.00683,0.01652,0.03902,0.02344,0.01478,0.39186,0.00440,0.01861,0.01000,0.00804,0.00859,0.00750,0.01975
0.04793,0.19792,0.01322,0.41799,0.00985,0.00919,0.04921,0.00605,0.01736,0.00752,0.00982,0.03623,0.00555,0.08693,0.02077,0.01391,0.00616,0.01143,0.02686,0.00610
0.03084,0.17536,0.02039,0.34262,0.04840,0.02367,0.04510,0.01228,0.00699,0.02800,0.01740,0.06545,0.01718,0.03307,0.02312,0.07900,0.00803,0.00816,0.00809,0.00685
0.01051,0.03474,0.07222,0.08414,0.02958,0.03064,0.00830,0.04926,0.00726,0.03163,0.02494,0.08963,0.01515,0.09529,0.01703,0.00712,0.05904,0.02308,0.08073,0.22972
0.20175,0.11947,0.00617,0.18915,0.03475,0.03347,0.01879,0.01477,0.00372,0.00492,0.01199,0.00748,0.11935,0.00770,0.03758,0.03863,0.10629,0.02128,0.01071,0.01202
0.00756,0.01876,0.01553,0.01241,0.01912,0.08448,0.01713,0.02706,0.00708,0.02481,0.02480,0.01532,0.03260,0.00548,0.00860,0.28789,0.06170,0.29150,0.00617,0.03200
0.02190,0.10063,0.05155,0.04498,0.04240,0.12938,0.03233,0.00715,0.02138,0.01646,0.17910,0.02517,0.01871,0.00850,0.05581,0.01829,0.05937,0.01799,0.01782,0.13107
0.04837,0.02828,0.02852,0.01210,0.05283,0.03485,0.02134,0.01616,0.25814,0.09271,0.05197,0.01969,0.17898,0.01598,0.01755,0.00702,0.02484,0.00503,0.06730,0.01835
0.04721,0.05453,0.02076,0.38294,0.02292,0.02034,0.01169,0.02058,0.01281,0.01130,0.00554,0.03613,0.01670,0.16820,0.00845,0.12815,0.01225,0.00622,0.01006,0.00320
0.05119,0.20335,0.00580,0.00727,0.04538,0.06932,0.03001,0.08418,0.00623,0.14460,0.05626,0.03433,0.09988,0.00797,0.02398,0.00826,0.01446,0.02225,0.07855,0.00675
0.14231,0.01128,0.00485,0.01926,0.02677,0.06105,0.00880,0.12769,0.02011,0.01369,0.00941,0.11911,0.06881,0.01406,0.00530,0.13167,0.05588,0.14460,0.00796,0.00742
0.02621,0.01792,0.03599,0.03101,0.01303,0.01205,0.02777,0.01732,0.00439,0.01222,0.01197,0.01549,0.03062,0.02346,0.11363,0.12454,0.03373,0.07861,0.33226,0.03776
0.02121,0.05536,0.09485,0.00656,0.04488,0.15689,0.02200,0.05766,0.11546,0.06645,0.03372,0.02615,0.06553,0.04844,0.02613,0.01405,0.05857,0.05292,0.01743,0.01575
0.00532,0.02410,0.14283,0.01704,0.01001,0.01167,0.01077,0.00939,0.02294,0.01147,0.00910,0.12618,0.00892,0.03843,0.11900,0.01131,0.00730,0.02236,0.02674,0.36512
0.03193,0.03734,0.00842,0.01689,0.05070,0.06161,0.00673,0.01097,0.03432,0.01238,0.01005,0.14630,0.02057,0.22910,0.02457,0.22698,0.03805,0.00459,0.02194,0.00656
0.08604,0.03277,0.02310,0.00652,0.01895,0.01795,0.02114,0.01526,0.01108,0.01288,0.04501,0.00638,0.04292,0.04973,0.24734,0.01078,0.08468,0.00936,0.25330,0.00481
0.00765,0.10226,0.16254,0.00739,0.01030,0.01653,0.00593,0.01007,0.03365,0.18870,0.05732,0.02496,0.10591,0.01884,0.02839,0.00963,0.11341,0.01921,0.06544,0.01189
0.01545,0.02608,0.20230,0.01247,0.07875,0.29737,0.02060,0.01125,0.00719,0.07373,0.07205,0.03175,0.05537,0.00844,0.01125,0.00782,0.01040,0.02009,0.02564,0.01200
0.03663,0.00733,0.00463,0.00939,0.01720,0.02123,0.01517,0.09726,0.00412,0.00629,0.01236,0.06812,0.21199,0.00741,0.00305,0.02860,0.09572,0.34432,0.00367,0.00551
0.02603,0.04198,0.10341,0.01883,0.00993,0.01128,0.04654,0.25959,0.01394,0.07957,0.04649,0.04786,0.01416,0.10854,0.06246,0.01473,0.01252,0.01451,0.01689,0.05074
0.01612,0.10504,0.02084,0.00984,0.03914,0.06188,0.00928,0.02681,0.00347,0.13455,0.04837,0.14195,0.07291,0.02491,0.00760,0.00496,0.18765,0.01063,0.06234,0.01171
0.22316,0.11595,0.00858,0.06533,0.02562,0.04294,0.01150,0.02763,0.00811,0.01912,0.02465,0.01226,0.00740,0.24166,0.01787,0.07533,0.01651,0.02190,0.01021,0.02427
0.00786,0.14730,0.31357,0.00609,0.15626,0.05419,0.01146,0.00883,0.01619,0.14155,0.00951,0.01005,0.04988,0.00903,0.01131,0.00694,0.01348,0.00729,0.01434,0.00486
0.06765,0.08112,0.01376,0.01745,0.03110,0.01986,0.05650,0.02834,0.00560,0.00918,0.02161,0.02190,0.05413,0.08765,0.33491,0.00749,0.00922,0.03125,0.09097,0.01030
0.01341,0.00603,0.01214,0.14902,0.03672,0.03188,0.03753,0.01244,0.01676,0.01578,0.16355,0.20011,0.00787,0.04010,0.00873,0.01027,0.01061,0.00465,0.01683,0.20559
0.00916,0.02723,0.16880,0.03602,0.02459,0.02991,0.04029,0.01126,0.03137,0.01673,0.04212,0.18768,0.00894,0.10269,0.09156,0.01877,0.01144,0.00849,0.05238,0.08055
0.01888,0.01591,0.01382,0.01067,0.01767,0.01308,0.01726,0.05717,0.01628,0.02711,0.01589,0.04097,0.01904,0.04983,0.09465,0.01436,0.16206,0.14638,0.00874,0.24023
0.00902,0.00785,0.01259,0.00829,0.02195,0.01917,0.00726,0.09189,0.00375,0.00647,0.00422,0.00854,0.19184,0.05968,0.25391,0.00596,0.00656,0.01373,0.00546,0.26188
0.00873,0.05885,0.02152,0.02283,0.06664,0.08469,0.01859,0.02932,0.08725,0.10687,0.07060,0.02352,0.17945,0.00754,0.01982,0.00594,0.01563,0.00960,0.13173,0.03087
0.23712,0.02228,0.00833,0.04289,0.02924,0.02538,0.21662,0.01711,0.00382,0.00752,0.00922,0.20985,0.05356,0.00563,0.00631,0.03718,0.00914,0.04272,0.00798,0.00810
0.00626,0.01373,0.00903,0.08242,0.01388,0.00916,0.01742,0.04629,0.01620,0.23234,0.04894,0.01198,0.00734,0.00386,0.17693,0.01585,0.00991,0.01057,0.25269,0.01519
0.01568,0.08135,0.00563,0.34966,0.01814,0.01599,0.01439,0.00711,0.00355,0.00765,0.01030,0.14546,0.00613,0.06952,0.00437,0.22282,0.00704,0.00704,0.00340,0.00476
0.00549,0.02035,0.05607,0.06352,0.00987,0.00891,0.01069,0.31671,0.01111,0.11091,0.04572,0.02640,0.00793,0.17108,0.05398,0.01452,0.01691,0.00729,0.02683,0.01573
0.02130,0.02995,0.03075,0.13234,0.02327,0.01880,0.02225,0.07101,0.02977,0.05012,0.02201,0.02876,0.07599,0.15994,0.03141,0.01580,0.02535,0.01330,0.06951,0.12838
0.03513,0.29924,0.01819,0.01206,0.09823,0.03616,0.03051,0.01038,0.21143,0.04751,0.00932,0.01217,0.07516,0.01384,0.00968,0.00704,0.00453,0.00867,0.05345,0.00730
0.01435,0.36744,0.00510,0.44972,0.00808,0.00958,0.00938,0.01083,0.00464,0.00387,0.00646,0.01658,0.02767,0.00681,0.00515,0.02319,0.01206,0.00550,0.00972,0.00388
0.21992,0.12076,0.01157,0.25333,0.02288,0.02108,0.10242,0.00727,0.02003,0.00595,0.02989,0.06123,0.02457,0.01216,0.01521,0.02413,0.01227,0.01436,0.00916,0.01181
0.30323,0.05881,0.00712,0.13226,0.02858,0.01866,0.01179,0.00677,0.00736,0.00678,0.01020,0.05582,0.01190,0.22047,0.00911,0.03512,0.01708,0.03389,0.01448,0.01056
0.02242,0.02362,0.02056,0.02523,0.07997,0.41335,0.01379,0.02128,0.01379,0.01680,0.01067,0.01892,0.19782,0.01868,0.01574,0.02296,0.01548,0.00523,0.01826,0.02543
0.08977,0.04918,0.00611,0.00517,0.06637,0.08321,0.01667,0.00769,0.01560,0.19975,0.23953,0.00828,0.01358,0.00853,0.00803,0.00656,0.15366,0.00449,0.01248,0.00535
0.00847,0.02535,0.10836,0.01979,0.01037,0.01990,0.00445,0.06413,0.01496,0.22161,0.00488,0.02915,0.00771,0.17216,0.08621,0.00904,0.02276,0.03214,0.01332,0.12525
0.02652,0.03585,0.07267,0.00712,0.19139,0.18106,0.03346,0.01265,0.00986,0.03076,0.03161,0.02322,0.07669,0.02083,0.04641,0.03558,0.05772,0.00636,0.07990,0.02034
0.02957,0.05827,0.00901,0.00755,0.04447,0.04890,0.01402,0.00706,0.01053,0.12206,0.16039,0.00845,0.00741,0.01344,0.01063,0.00447,0.42015,0.00931,0.00883,0.00549
0.09605,0.00991,0.04714,0.02570,0.04298,0.05059,0.01531,0.01328,0.38079,0.01709,0.01096,0.02313,0.07085,0.01839,0.01201,0.01090,0.08181,0.01735,0.01300,0.04277
0.02216,0.03488,0.03183,0.01008,0.01274,0.01511,0.02425,0.00788,0.06578,0.01775,0.00750,0.03160,0.00914,0.02947,0.15913,0.00453,0.00784,0.08910,0.15381,0.26543
0.50099,0.02465,0.00739,0.06911,0.03050,0.01529,0.01270,0.03438,0.00493,0.01745,0.00567,0.06572,0.00656,0.09094,0.04379,0.01195,0.00475,0.00727,0.00943,0.03657
0.07842,0.01499,0.02563,0.00642,0.23435,0.13928,0.03646,0.01057,0.00923,0.08999,0.08337,0.01736,0.01952,0.00779,0.00621,0.00635,0.17246,0.02616,0.00667,0.00879
0.02405,0.04839,0.06678,0.01157,0.06905,0.41752,0.01913,0.01423,0.07684,0.01414,0.00905,0.01484,0.10245,0.00763,0.01790,0.00783,0.00695,0.01075,0.04616,0.01473
0.03174,0.03182,0.01196,0.06583,0.00957,0.00867,0.00932,0.03457,0.04107,0.02659,0.00516,0.01929,0.03094,0.06118,0.01200,0.22229,0.30026,0.01804,0.04660,0.01311
0.01283,0.12542,0.01706,0.01611,0.11252,0.09913,0.02186,0.01064,0.02389,0.14051,0.01502,0.07141,0.21633,0.00775,0.00996,0.01283,0.04060,0.00773,0.02681,0.01159
0.00904,0.00894,0.14881,0.00602,0.02225,0.03618,0.01060,0.00468,0.00534,0.00610,0.00727,0.01385,0.00835,0.05879,0.23634,0.00429,0.00723,0.06352,0.00848,0.33392
0.02119,0.01485,0.02543,0.08721,0.02858,0.02466,0.18831,0.04677,0.07669,0.08399,0.02320,0.01795,0.01573,0.05249,0.11958,0.01622,0.01276,0.01107,0.03917,0.09415
0.00681,0.02406,0.04171,0.03495,0.02918,0.02997,0.00662,0.02606,0.00914,0.01694,0.00847,0.11279,0.01985,0.01956,0.09924,0.00919,0.01105,0.02056,0.37953,0.09432
0.01238,0.01562,0.05440,0.08827,0.03804,0.03197,0.02703,0.05732,0.01499,0.05893,0.02257,0.01336,0.02218,0.02188,0.02525,0.00871,0.01806,0.02384,0.01992,0.42529
0.03024,0.01961,0.02489,0.01764,0.26030,0.14033,0.09119,0.02512,0.01234,0.02877,0.06032,0.06953,0.04278,0.02813,0.00785,0.00927,0.04724,0.01030,0.05227,0.02188
0.17675,0.03916,0.00686,0.01208,0.02776,0.03952,0.13135,0.04417,0.02840,0.01167,0.04184,0.00805,0.04394,0.01258,0.01592,0.01043,0.04922,0.25086,0.03567,0.01376
0.00720,0.11636,0.03767,0.00484,0.01092,0.01032,0.01918,0.00512,0.02141,0.23050,0.05123,0.08727,0.34237,0.00408,0.00913,0.01657,0.00917,0.00276,0.00793,0.00597
0.02713,0.01053,0.03634,0.07426,0.02983,0.02992,0.04968,0.22971,0.03541,0.01503,0.06425,0.02136,0.09086,0.02010,0.02874,0.03450,0.03624,0.03148,0.01315,0.12149
0.00438,0.12306,0.03627,0.01933,0.00602,0.00437,0.29241,0.04254,0.01456,0.02571,0.05587,0.04559,0.02134,0.01715,0.05771,0.00707,0.00428,0.01355,0.19328,0.01552
0.01119,0.17888,0.07313,0.00518,0.06874,0.03199,0.01617,0.00484,0.03078,0.19187,0.10129,0.01452,0.21089,0.00515,0.01127,0.01611,0.01232,0.00282,0.00857,0.00430
0.00570,0.01235,0.02110,0.02210,0.00729,0.00962,0.01227,0.02075,0.53884,0.06821,0.02188,0.13325,0.00599,0.00803,0.01025,0.00461,0.01234,0.00339,0.05719,0.02484
0.02189,0.05406,0.00987,0.00598,0.08846,0.07912,0.00958,0.01679,0.00994,0.19727,0.14994,0.05447,0.02993,0.02721,0.01204,0.01484,0.18968,0.00719,0.01274,0.00899
0.01282,0.28620,0.01610,0.00407,0.03447,0.06347,0.00742,0.00745,0.01195,0.31437,0.02870,0.02690,0.06213,0.01145,0.00654,0.02960,0.03399,0.02784,0.00659,0.00793
0.04791,0.03411,0.00415,0.11915,0.08698,0.42875,0.04001,0.00635,0.06124,0.00872,0.00698,0.01752,0.00900,0.00930,0.01742,0.05023,0.01633,0.01097,0.00938,0.01551
0.01724,0.02230,0.17903,0.01182,0.01109,0.01700,0.01555,0.00793,0.03858,0.05350,0.01235,0.04531,0.00538,0.20816,0.13677,0.02203,0.01097,0.04775,0.13096,0.00629
0.38960,0.01603,0.00591,0.02337,0.01189,0.01174,0.02482,0.01685,0.01050,0.02416,0.01373,0.25182,0.00634,0.02784,0.02682,0.09413,0.01202,0.00340,0.00711,0.02193
0.01314,0.05473,0.06787,0.18879,0.04997,0.05476,0.01341,0.00730,0.00834,0.01074,0.01506,0.05013,0.01385,0.12231,0.00856,0.21542,0.03056,0.05534,0.00771,0.01201
0.13052,0.05907,0.05099,0.06399,0.05016,0.04131,0.02304,0.00865,0.01752,0.02722,0.02295,0.01768,0.09210,0.02437,0.00964,0.16703,0.15329,0.00534,0.00592,0.02920
0.00855,0.26762,0.07560,0.00630,0.02844,0.02543,0.01899,0.00948,0.00436,0.26811,0.08129,0.01295,0.02626,0.01281,0.01871,0.00646,0.02555,0.00484,0.07076,0.02748
0.02305,0.16393,0.06064,0.00398,0.07773,0.03010,0.01470,0.00752,0.04198,0.07951,0.01236,0.02117,0.31596,0.02042,0.01901,0.06520,0.01779,0.00519,0.01341,0.00633
