0.01147,0.00767,0.01897,0.15413,0.01727,0.02799,0.01890,0.03484,0.00690,0.14778,0.00341,0.03087,0.02123,0.33024,0.01171,0.00681,0.01825,0.12150,0.00539,0.00469
0.01701,0.01880,0.02274,0.01991,0.00584,0.02491,0.05560,0.01595,0.25861,0.02208,0.01477,0.02498,0.25152,0.00571,0.00823,0.04908,0.02445,0.11275,0.00896,0.03812
0.02417,0.01123,0.03265,0.23325,0.06464,0.00809,0.02203,0.01385,0.02854,0.24046,0.06305,0.00683,0.03648,0.04047,0.02502,0.02078,0.04105,0.05827,0.01192,0.01720
0.01487,0.02630,0.02334,0.30330,0.02213,0.01632,0.04528,0.01795,0.02899,0.29453,0.02272,0.03634,0.01869,0.00688,0.01439,0.03536,0.00862,0.02905,0.00803,0.02693
0.00983,0.27818,0.00673,0.01655,0.01011,0.04427,0.01796,0.00824,0.02366,0.00328,0.27102,0.01012,0.00431,0.00495,0.13649,0.00750,0.11250,0.01743,0.00927,0.00760
0.03892,0.02452,0.01701,0.03783,0.01966,0.13200,0.09325,0.01594,0.01730,0.04018,0.01583,0.05558,0.00615,0.00883,0.01510,0.04589,0.00604,0.34357,0.01558,0.05082
0.02439,0.02131,0.02358,0.00909,0.03005,0.01996,0.07249,0.02055,0.01708,0.02310,0.03221,0.05610,0.01216,0.19697,0.01508,0.02939,0.00672,0.35768,0.01445,0.01764
0.01260,0.37236,0.01167,0.01418,0.01169,0.00636,0.02797,0.00852,0.00451,0.01556,0.38429,0.04467,0.01468,0.00627,0.00549,0.00856,0.01474,0.01995,0.00526,0.01067
0.00919,0.00438,0.02169,0.03510,0.01122,0.01388,0.13475,0.00959,0.06302,0.06416,0.01015,0.05720,0.05610,0.03453,0.00839,0.05648,0.01338,0.28854,0.00626,0.10200
0.01094,0.02209,0.38290,0.01817,0.01669,0.02131,0.00459,0.01016,0.02261,0.36414,0.00360,0.00750,0.01449,0.03314,0.00451,0.00336,0.00505,0.01872,0.01996,0.01609
0.02179,0.02153,0.02852,0.14206,0.02231,0.01379,0.07757,0.03451,0.09162,0.12640,0.02708,0.04540,0.05394,0.01392,0.00592,0.00431,0.00794,0.22277,0.00464,0.03401
0.00925,0.01817,0.03571,0.18902,0.00877,0.00836,0.09369,0.01974,0.02943,0.15085,0.00960,0.02050,0.03173,0.03576,0.01543,0.00835,0.00407,0.17644,0.00685,0.12828
0.25904,0.01560,0.03517,0.02256,0.26154,0.02133,0.03263,0.01484,0.01767,0.02175,0.01155,0.01923,0.01754,0.00649,0.01136,0.01240,0.00897,0.15386,0.02031,0.03619
0.02714,0.04787,0.04766,0.11688,0.03253,0.00326,0.06394,0.00938,0.05428,0.13448,0.01105,0.02084,0.01864,0.01266,0.02491,0.03838,0.01663,0.28505,0.00396,0.03045
0.00983,0.35268,0.02109,0.01777,0.01335,0.03517,0.01975,0.00656,0.01521,0.02511,0.36299,0.01367,0.00782,0.00713,0.00870,0.00598,0.00848,0.06233,0.00246,0.00391
0.02653,0.02862,0.09928,0.04894,0.01142,0.04466,0.01208,0.03086,0.10978,0.07938,0.03700,0.01317,0.12173,0.01484,0.02625,0.00657,0.01813,0.24217,0.00712,0.02147
0.21193,0.00589,0.01619,0.12320,0.20916,0.03441,0.00655,0.02722,0.02662,0.12847,0.02468,0.01875,0.00615,0.00957,0.01508,0.01644,0.02018,0.03909,0.05182,0.00861
0.00819,0.00817,0.01398,0.02287,0.00674,0.00969,0.01419,0.01489,0.02103,0.02215,0.00750,0.00899,0.02439,0.72233,0.01733,0.00991,0.00993,0.03048,0.01221,0.01504
0.05297,0.01860,0.02358,0.22149,0.02658,0.02634,0.00942,0.09954,0.01269,0.22416,0.02149,0.02137,0.00934,0.01768,0.00425,0.03359,0.00814,0.05901,0.09032,0.01943
0.03340,0.00407,0.03991,0.06386,0.05569,0.00739,0.03915,0.03932,0.02423,0.05429,0.00714,0.01883,0.01147,0.02376,0.01622,0.00611,0.02949,0.44262,0.06610,0.01695
0.04703,0.00766,0.00886,0.36583,0.01811,0.01246,0.01403,0.06157,0.00725,0.35973,0.00864,0.01480,0.00858,0.00683,0.00434,0.00609,0.00676,0.02304,0.01085,0.00754
0.02572,0.00691,0.02917,0.07438,0.04894,0.03908,0.13693,0.07000,0.01477,0.07279,0.01009,0.06384,0.01704,0.02079,0.00562,0.00723,0.01325,0.30452,0.01307,0.02586
0.00711,0.00780,0.01721,0.15184,0.01204,0.01166,0.04343,0.01075,0.01107,0.14265,0.00639,0.03926,0.01993,0.00801,0.01434,0.01660,0.02765,0.42109,0.01775,0.01342
0.02659,0.04082,0.05419,0.04876,0.01029,0.01198,0.03087,0.02360,0.02885,0.02513,0.02811,0.02016,0.02631,0.02431,0.02585,0.03186,0.00888,0.46335,0.05756,0.01254
0.03167,0.00550,0.03268,0.22790,0.00983,0.00366,0.08238,0.06295,0.01786,0.23837,0.00522,0.04063,0.00786,0.00927,0.00698,0.00664,0.00719,0.15604,0.00669,0.04069
0.33384,0.00827,0.02300,0.03734,0.31272,0.02446,0.02288,0.00701,0.02868,0.03047,0.01315,0.01321,0.01774,0.00635,0.01187,0.02052,0.02947,0.03269,0.00399,0.02236
0.00956,0.01856,0.00538,0.05894,0.01177,0.04132,0.06884,0.00781,0.02300,0.07987,0.03885,0.01104,0.00952,0.02471,0.03015,0.10032,0.00789,0.35454,0.06281,0.03512
0.01356,0.01703,0.01404,0.01506,0.01487,0.00668,0.16506,0.01986,0.00723,0.02034,0.01750,0.00887,0.00677,0.00538,0.00494,0.00435,0.01125,0.53495,0.03948,0.07279
0.00720,0.01199,0.04079,0.01669,0.02230,0.00631,0.00600,0.00433,0.01397,0.02660,0.36215,0.01855,0.01027,0.00383,0.00777,0.02679,0.37220,0.03292,0.00420,0.00515
0.01632,0.01074,0.01755,0.30311,0.02665,0.00753,0.03735,0.03785,0.01598,0.28105,0.00839,0.01513,0.03307,0.12133,0.01681,0.00754,0.00863,0.00817,0.01795,0.00888
0.07674,0.00977,0.01876,0.02318,0.03089,0.01283,0.04348,0.07422,0.01915,0.02021,0.01585,0.08872,0.01589,0.03647,0.00337,0.07135,0.02484,0.34982,0.04352,0.02093
0.01938,0.00846,0.02570,0.03903,0.02711,0.01942,0.09364,0.01968,0.11507,0.03345,0.00925,0.01529,0.09898,0.01531,0.02411,0.00356,0.00371,0.39485,0.01144,0.02255
0.01948,0.01077,0.04669,0.02301,0.01223,0.04751,0.01039,0.01601,0.03501,0.01354,0.01572,0.02555,0.04755,0.02196,0.10544,0.00815,0.07849,0.42710,0.02159,0.01380
0.03846,0.07989,0.05506,0.05097,0.01918,0.01646,0.01266,0.01316,0.01411,0.05010,0.11284,0.01182,0.00627,0.00785,0.02488,0.03048,0.01103,0.42180,0.01052,0.01248
0.00541,0.01526,0.00989,0.02102,0.00541,0.00937,0.08333,0.00798,0.03068,0.02276,0.01320,0.01589,0.02798,0.03037,0.13971,0.00999,0.15085,0.37288,0.00283,0.02519
0.01486,0.03661,0.21239,0.06072,0.00307,0.01053,0.04218,0.00710,0.02168,0.11572,0.02296,0.05532,0.02075,0.02348,0.03713,0.02829,0.02020,0.22341,0.02257,0.02101
0.07758,0.00763,0.18420,0.09536,0.07448,0.02707,0.08148,0.02122,0.01388,0.09236,0.02274,0.10358,0.01124,0.00493,0.01270,0.05069,0.01811,0.02151,0.00391,0.07534
0.02919,0.12296,0.03135,0.20019,0.03852,0.02007,0.04110,0.01936,0.02464,0.17149,0.09550,0.02485,0.01575,0.01509,0.02273,0.01486,0.01174,0.04066,0.03354,0.02641
0.31790,0.01001,0.07573,0.03727,0.35388,0.01068,0.00871,0.00430,0.01815,0.01921,0.01970,0.02453,0.01436,0.01137,0.00951,0.01699,0.01151,0.01844,0.00797,0.00980
0.00199,0.45429,0.01005,0.00666,0.00284,0.00351,0.00269,0.00201,0.46030,0.01053,0.00287,0.00720,0.00228,0.00177,0.00514,0.00096,0.00245,0.01655,0.00305,0.00286
0.05348,0.05033,0.01603,0.24486,0.01209,0.02204,0.06738,0.04810,0.04187,0.23741,0.01414,0.04059,0.01544,0.00892,0.01601,0.02484,0.01639,0.04766,0.00674,0.01569
0.01944,0.11131,0.01432,0.02484,0.02760,0.02325,0.07321,0.00858,0.16639,0.01517,0.02447,0.02810,0.02296,0.02525,0.00994,0.02071,0.02488,0.32080,0.01554,0.02327
0.04061,0.05021,0.02483,0.01663,0.03534,0.02675,0.01235,0.01716,0.02874,0.01426,0.01880,0.01748,0.11092,0.01097,0.09709,0.00303,0.01682,0.44001,0.00747,0.01053
0.05706,0.01185,0.08958,0.01141,0.03651,0.03553,0.04117,0.03468,0.01356,0.01794,0.01202,0.06710,0.00721,0.01502,0.00581,0.03459,0.00686,0.47690,0.01018,0.01502
0.01841,0.10352,0.06226,0.03357,0.02720,0.01983,0.05106,0.01014,0.01147,0.04943,0.11813,0.04055,0.01731,0.03096,0.01397,0.12228,0.09503,0.02930,0.02549,0.12006
0.23230,0.02026,0.07200,0.01649,0.21427,0.00862,0.00867,0.03205,0.00603,0.07799,0.02749,0.01344,0.01022,0.03617,0.00922,0.02695,0.00804,0.15738,0.00612,0.01630
0.01742,0.02888,0.03422,0.01396,0.01738,0.03937,0.08707,0.01959,0.03820,0.02035,0.04549,0.01774,0.01817,0.38786,0.00562,0.00444,0.00861,0.12313,0.00817,0.06433
0.44177,0.00516,0.00666,0.00535,0.44635,0.00367,0.00385,0.02483,0.00578,0.00738,0.00513,0.00486,0.00281,0.00182,0.01139,0.00418,0.00566,0.00477,0.00353,0.00504
0.00527,0.37998,0.01981,0.02767,0.00793,0.01975,0.01266,0.00957,0.37723,0.02531,0.00695,0.00543,0.00585,0.01223,0.00888,0.00557,0.00644,0.02687,0.02241,0.01420
0.01184,0.00677,0.00793,0.12906,0.02360,0.00688,0.11729,0.01589,0.01255,0.13221,0.01659,0.09793,0.01257,0.06537,0.00909,0.07075,0.01775,0.17034,0.00719,0.06841
0.02525,0.01495,0.01871,0.01269,0.01550,0.01106,0.01205,0.02122,0.01443,0.01281,0.01143,0.00334,0.00788,0.68987,0.01316,0.00429,0.00621,0.06725,0.02234,0.01554
0.03792,0.00763,0.01147,0.08178,0.04801,0.02419,0.00919,0.02416,0.01191,0.06879,0.00742,0.01267,0.01558,0.00413,0.00996,0.00988,0.01407,0.53117,0.05145,0.01862
0.00850,0.02751,0.02919,0.06220,0.01415,0.08570,0.11859,0.01309,0.03162,0.09397,0.01378,0.02370,0.00923,0.05710,0.01165,0.07117,0.02675,0.21890,0.01881,0.06439
0.05264,0.02885,0.01559,0.01195,0.04776,0.01314,0.04765,0.02422,0.06468,0.01844,0.01465,0.01175,0.03606,0.00892,0.02419,0.01996,0.00507,0.47423,0.05470,0.02553
0.05926,0.06489,0.24371,0.07819,0.00884,0.02777,0.04223,0.04903,0.01758,0.21081,0.03004,0.05686,0.00782,0.01428,0.00708,0.00568,0.00765,0.04213,0.01338,0.01278
0.01592,0.01301,0.08342,0.27639,0.00822,0.01866,0.02375,0.01134,0.01281,0.30859,0.02182,0.09056,0.00430,0.00671,0.00593,0.04867,0.01404,0.02140,0.00778,0.00670
0.00719,0.00929,0.06729,0.32481,0.01531,0.00418,0.02727,0.01756,0.01286,0.31194,0.00451,0.06970,0.00989,0.02037,0.00639,0.01161,0.00820,0.05800,0.00608,0.00757
0.01112,0.04259,0.00426,0.03004,0.02793,0.00911,0.08920,0.03849,0.04490,0.01941,0.01396,0.02960,0.02576,0.00808,0.03257,0.02503,0.00852,0.43302,0.00590,0.10053
0.02841,0.02608,0.17795,0.05720,0.05345,0.03989,0.02541,0.05015,0.05690,0.21877,0.01934,0.06427,0.00869,0.00687,0.01190,0.04997,0.00651,0.07110,0.01878,0.00835
0.01906,0.00643,0.01774,0.02477,0.00865,0.00990,0.00975,0.02408,0.01046,0.01707,0.03062,0.00958,0.29658,0.00593,0.31830,0.00756,0.07174,0.08782,0.01539,0.00857
0.01178,0.00697,0.02523,0.30334,0.01217,0.03111,0.08765,0.03017,0.03539,0.30177,0.00858,0.02186,0.00904,0.01124,0.01435,0.00889,0.01077,0.02465,0.01761,0.02745
0.01399,0.01200,0.01370,0.01042,0.01480,0.01054,0.01375,0.02568,0.40118,0.00585,0.00299,0.00427,0.38117,0.01516,0.02021,0.00820,0.01420,0.02187,0.00421,0.00582
0.02086,0.00659,0.02084,0.09743,0.01544,0.07397,0.02349,0.01945,0.12351,0.08307,0.00346,0.00837,0.15311,0.01663,0.02145,0.02274,0.01455,0.26728,0.00233,0.00544
0.05289,0.00439,0.04871,0.02766,0.05876,0.10437,0.01959,0.02456,0.01026,0.06699,0.01089,0.01680,0.01167,0.02437,0.00555,0.00906,0.00748,0.47558,0.00534,0.01508
0.00303,0.01411,0.06018,0.36614,0.02591,0.00518,0.03125,0.00750,0.01196,0.29217,0.04946,0.00986,0.00808,0.01250,0.00425,0.01421,0.00438,0.01363,0.00773,0.05846
0.02345,0.00505,0.01534,0.23396,0.01189,0.01756,0.15889,0.04089,0.02751,0.22258,0.00232,0.03753,0.00967,0.01040,0.01457,0.00829,0.00906,0.03106,0.00993,0.11004
0.01019,0.03588,0.25387,0.06591,0.01239,0.01752,0.03526,0.01243,0.04921,0.28100,0.04693,0.01856,0.00761,0.01042,0.01139,0.01221,0.04319,0.03908,0.00645,0.03052
0.02187,0.03770,0.00776,0.00704,0.05522,0.00757,0.02703,0.02095,0.06568,0.01304,0.02802,0.01193,0.06254,0.02066,0.00703,0.02210,0.01311,0.53634,0.00784,0.02658
0.00429,0.01079,0.04764,0.40969,0.00612,0.00964,0.00683,0.00995,0.00782,0.40306,0.01171,0.03087,0.00391,0.01116,0.00494,0.00656,0.00331,0.00703,0.00193,0.00274
0.01562,0.06016,0.02866,0.18568,0.02891,0.00754,0.02385,0.02157,0.05337,0.18203,0.01360,0.01536,0.01455,0.02201,0.01637,0.01563,0.00752,0.27037,0.00761,0.00958
0.01200,0.01570,0.01718,0.24266,0.02309,0.01356,0.08340,0.00452,0.02952,0.28343,0.01837,0.02134,0.01528,0.01712,0.02482,0.01298,0.00468,0.13542,0.00760,0.01733
0.01693,0.01397,0.01362,0.24381,0.02568,0.00561,0.01840,0.06237,0.03282,0.21825,0.00797,0.01721,0.12008,0.08290,0.08026,0.01379,0.01193,0.00901,0.00228,0.00310
0.07429,0.01422,0.25058,0.21591,0.14133,0.14238,0.00592,0.02982,0.01218,0.02196,0.00260,0.01131,0.00829,0.01083,0.01209,0.01159,0.01837,0.00756,0.00547,0.00329
0.01421,0.01184,0.04807,0.12713,0.01410,0.01131,0.01475,0.01378,0.01241,0.13764,0.00995,0.04648,0.00955,0.00592,0.04736,0.06126,0.02738,0.36953,0.00611,0.01121
0.03587,0.01002,0.03049,0.01911,0.01225,0.01181,0.01751,0.04746,0.01085,0.02278,0.03330,0.01334,0.31605,0.02021,0.31473,0.01281,0.01291,0.02040,0.02094,0.01716
0.02778,0.01467,0.01788,0.03256,0.04598,0.01151,0.01122,0.03172,0.02225,0.03780,0.04240,0.01087,0.03453,0.03488,0.01263,0.01827,0.01343,0.54726,0.02127,0.01107
0.02781,0.00969,0.01188,0.17073,0.02802,0.01490,0.00731,0.01582,0.03486,0.14647,0.00775,0.01372,0.22270,0.00819,0.20522,0.01183,0.02711,0.01085,0.00326,0.02188
0.03016,0.00961,0.08412,0.10516,0.01284,0.00500,0.05714,0.01662,0.02754,0.05878,0.01561,0.06848,0.01570,0.00527,0.01533,0.01052,0.00786,0.41663,0.00647,0.03117
0.00826,0.01276,0.30930,0.02692,0.01183,0.00542,0.01154,0.01414,0.01064,0.32688,0.08330,0.02124,0.00934,0.00373,0.00835,0.00641,0.07295,0.04636,0.00145,0.00918
0.02278,0.04122,0.14327,0.03221,0.02263,0.04842,0.02665,0.02498,0.02180,0.13985,0.01975,0.01879,0.01070,0.00677,0.06607,0.01813,0.05561,0.22836,0.02364,0.02839
0.00922,0.01542,0.00489,0.00721,0.01865,0.43008,0.01154,0.01659,0.01686,0.02056,0.01182,0.03216,0.01303,0.00889,0.00926,0.04473,0.04217,0.22346,0.04899,0.01446
0.02137,0.01333,0.02268,0.13636,0.02034,0.01287,0.07268,0.02095,0.01273,0.10844,0.00834,0.00807,0.02651,0.00474,0.04321,0.01327,0.03504,0.29225,0.02506,0.10177
0.01171,0.00745,0.01325,0.03839,0.00963,0.03558,0.00687,0.03201,0.01708,0.03761,0.01507,0.04563,0.01052,0.05718,0.03367,0.01596,0.03351,0.56089,0.00900,0.00898
0.02131,0.02566,0.01098,0.09155,0.01356,0.01715,0.01518,0.01613,0.01314,0.08868,0.04712,0.05806,0.24439,0.02294,0.23344,0.03009,0.00573,0.02380,0.01124,0.00984
0.01153,0.02588,0.01366,0.04500,0.02899,0.00939,0.00825,0.02494,0.02641,0.03666,0.03594,0.05318,0.06207,0.00570,0.05416,0.04545,0.03139,0.46489,0.00584,0.01066
0.01390,0.01587,0.00864,0.12543,0.05448,0.02145,0.02097,0.02384,0.02499,0.15136,0.01542,0.20379,0.01493,0.00427,0.00982,0.18710,0.01295,0.04909,0.02955,0.01214
0.25603,0.01187,0.09330,0.02862,0.23016,0.02142,0.01071,0.01728,0.01583,0.07881,0.00870,0.05355,0.00476,0.00823,0.00717,0.00642,0.00591,0.10700,0.01177,0.02247
0.02561,0.01472,0.00748,0.39716,0.02156,0.01539,0.00453,0.00484,0.01331,0.38711,0.01527,0.03032,0.00509,0.00277,0.00202,0.01384,0.01136,0.01849,0.00470,0.00444
0.01725,0.03597,0.04161,0.27993,0.03742,0.01204,0.02476,0.01084,0.01487,0.26563,0.01707,0.01275,0.01941,0.01660,0.01894,0.01343,0.00446,0.10057,0.00548,0.05099
0.00559,0.03361,0.00975,0.04260,0.01485,0.00904,0.01988,0.01008,0.03655,0.05039,0.01285,0.00839,0.01810,0.00874,0.33224,0.00484,0.32674,0.04069,0.00547,0.00960
0.00441,0.01518,0.04271,0.27749,0.00676,0.02747,0.01139,0.00589,0.00846,0.23764,0.00769,0.02854,0.01517,0.02096,0.01699,0.00312,0.01094,0.23639,0.01260,0.01018
0.06203,0.01730,0.01112,0.01330,0.00604,0.00661,0.07872,0.07465,0.06057,0.00485,0.01498,0.08331,0.25891,0.03282,0.22680,0.01428,0.00494,0.01923,0.00270,0.00685
0.04237,0.00494,0.02988,0.23128,0.02284,0.00777,0.03734,0.02546,0.03843,0.26089,0.02042,0.04860,0.02433,0.02335,0.00750,0.02674,0.00723,0.10701,0.01552,0.01811
0.01049,0.01738,0.00813,0.04978,0.04738,0.03039,0.00935,0.03539,0.02172,0.04949,0.00711,0.01257,0.04112,0.03225,0.02114,0.03379,0.02055,0.54342,0.00582,0.00272
0.01176,0.00788,0.01151,0.33463,0.04194,0.01516,0.01473,0.00232,0.00714,0.35606,0.01255,0.00896,0.01824,0.00748,0.02182,0.06325,0.00236,0.05207,0.00328,0.00686
0.01564,0.01110,0.01812,0.06588,0.01508,0.02768,0.04911,0.02254,0.01536,0.06906,0.01179,0.04968,0.01076,0.01417,0.01531,0.01522,0.02531,0.49640,0.00665,0.04513
0.03590,0.08837,0.24412,0.04896,0.02420,0.01633,0.01911,0.02587,0.10137,0.24083,0.00518,0.01483,0.02011,0.03033,0.01548,0.00754,0.00745,0.03463,0.00795,0.01143
0.02441,0.01537,0.01462,0.02369,0.02160,0.11856,0.02511,0.01713,0.05551,0.02490,0.02866,0.02862,0.07326,0.01418,0.02045,0.04744,0.03957,0.38843,0.00451,0.01399
0.00932,0.01035,0.02869,0.01815,0.01227,0.58188,0.02678,0.01960,0.02692,0.02353,0.01555,0.04088,0.01227,0.02816,0.00704,0.02194,0.00364,0.09106,0.00790,0.01407
0.00859,0.29512,0.02448,0.12744,0.00606,0.00495,0.00509,0.01527,0.31567,0.12387,0.00413,0.00578,0.00455,0.00308,0.00808,0.00502,0.00596,0.01132,0.01172,0.01384
0.07392,0.01436,0.16069,0.06444,0.01156,0.01046,0.05100,0.01984,0.01263,0.15132,0.00875,0.00615,0.02248,0.00789,0.00863,0.01480,0.00605,0.29389,0.01101,0.05013
0.04339,0.00927,0.01951,0.05675,0.01149,0.00650,0.03451,0.02047,0.01055,0.07036,0.02219,0.21748,0.01111,0.03305,0.01399,0.22192,0.01223,0.16248,0.00654,0.01619
0.00993,0.00969,0.02901,0.12712,0.00941,0.08571,0.01676,0.00727,0.01279,0.12186,0.00916,0.03465,0.02990,0.00973,0.01714,0.01313,0.00961,0.43561,0.00687,0.00465
0.01433,0.00958,0.03019,0.23357,0.00563,0.00859,0.11035,0.01017,0.00809,0.23796,0.00939,0.05347,0.01214,0.02010,0.01058,0.02569,0.00921,0.06874,0.01111,0.11112
0.00768,0.29020,0.00709,0.09250,0.00758,0.01288,0.02366,0.00964,0.01265,0.09699,0.31003,0.03717,0.00373,0.00264,0.01034,0.01969,0.00900,0.02129,0.01809,0.00713
0.01806,0.01820,0.04562,0.15809,0.01265,0.01597,0.03306,0.00872,0.01441,0.10686,0.01873,0.10316,0.01667,0.01321,0.00939,0.06169,0.00750,0.31110,0.00966,0.01725
0.01288,0.02405,0.01197,0.03399,0.01540,0.01030,0.01205,0.01982,0.01204,0.02778,0.00220,0.10325,0.00686,0.00908,0.07646,0.08619,0.06933,0.44660,0.00966,0.01008
0.03733,0.01065,0.00929,0.03325,0.05392,0.01352,0.02856,0.00485,0.07524,0.02934,0.00708,0.04220,0.05009,0.00866,0.01843,0.02895,0.02172,0.51041,0.00465,0.01184
0.01886,0.01116,0.01503,0.01064,0.11647,0.00745,0.01408,0.12340,0.01254,0.02025,0.01315,0.01643,0.01047,0.00714,0.01034,0.05544,0.00675,0.50029,0.01121,0.01893
0.01613,0.02402,0.04394,0.05582,0.01819,0.00221,0.04640,0.00659,0.01772,0.08481,0.01476,0.01904,0.01990,0.01510,0.01175,0.02445,0.01118,0.45086,0.04891,0.06823
0.00725,0.00479,0.03095,0.37633,0.05174,0.01137,0.01105,0.00833,0.01413,0.31574,0.00879,0.00657,0.02103,0.05956,0.00827,0.00784,0.00925,0.01994,0.00516,0.02191
0.10482,0.00412,0.01392,0.05822,0.06787,0.00442,0.10054,0.00822,0.01898,0.05147,0.00899,0.02444,0.03080,0.00220,0.02277,0.02815,0.02216,0.40044,0.00986,0.01760
0.01069,0.00731,0.00335,0.02339,0.02902,0.00835,0.00556,0.00936,0.01258,0.01541,0.01091,0.39597,0.01772,0.00404,0.00634,0.37155,0.00541,0.04799,0.00136,0.01370
0.04460,0.02815,0.03969,0.02689,0.01254,0.01862,0.01189,0.02364,0.01589,0.02775,0.01171,0.08569,0.00596,0.51223,0.00951,0.00818,0.01604,0.08262,0.01298,0.00542
0.02466,0.03625,0.02998,0.07122,0.01667,0.01353,0.03615,0.02399,0.01479,0.11518,0.01160,0.03481,0.02590,0.11407,0.07549,0.02953,0.04820,0.26066,0.01045,0.00689
0.14947,0.19584,0.01240,0.05154,0.16786,0.01094,0.01613,0.00742,0.20583,0.05454,0.01030,0.00495,0.00646,0.00377,0.01010,0.01360,0.00589,0.02397,0.00540,0.04362
0.10680,0.03185,0.06731,0.20237,0.02010,0.02969,0.04595,0.09492,0.04105,0.23810,0.01097,0.01761,0.00228,0.00690,0.01615,0.00853,0.01596,0.01449,0.00804,0.02091
0.00613,0.01069,0.00620,0.40225,0.01750,0.00540,0.01873,0.01051,0.01001,0.38775,0.00416,0.02663,0.00461,0.00328,0.00444,0.00741,0.00790,0.05426,0.00542,0.00671
0.00812,0.01189,0.01515,0.01561,0.22576,0.09929,0.00618,0.24915,0.05757,0.01296,0.01623,0.04320,0.06508,0.00362,0.04557,0.07740,0.00863,0.01119,0.02307,0.00433
0.02078,0.03905,0.01710,0.02250,0.01478,0.01706,0.00359,0.06662,0.18827,0.02222,0.00445,0.02726,0.17778,0.02652,0.09954,0.03934,0.10125,0.06789,0.01781,0.02618
0.00900,0.07921,0.01568,0.13493,0.01370,0.04661,0.00997,0.00704,0.01630,0.13041,0.01485,0.01555,0.08409,0.01013,0.01089,0.02306,0.01778,0.32435,0.00761,0.02884
0.02430,0.03912,0.02817,0.08792,0.00935,0.00659,0.12719,0.02037,0.03297,0.07312,0.03514,0.03594,0.02149,0.01190,0.01430,0.00555,0.02127,0.29183,0.04555,0.06792
0.02538,0.03114,0.01218,0.02211,0.00959,0.01689,0.03700,0.00952,0.03588,0.03310,0.01272,0.02644,0.01504,0.00317,0.19335,0.02311,0.20127,0.26617,0.01167,0.01426
0.02222,0.03257,0.01070,0.06296,0.02608,0.01340,0.02014,0.01397,0.01237,0.07184,0.02730,0.01684,0.00485,0.01149,0.05162,0.07924,0.04213,0.02493,0.44672,0.00863
0.00430,0.01035,0.02482,0.04566,0.00888,0.03785,0.07512,0.02759,0.01882,0.03710,0.01746,0.04335,0.00728,0.01669,0.00531,0.01442,0.00599,0.53010,0.01054,0.05836
0.00818,0.02820,0.03488,0.18173,0.01325,0.02262,0.02142,0.01058,0.06917,0.18147,0.02871,0.00836,0.03247,0.02609,0.02542,0.01614,0.04169,0.21082,0.01579,0.02303
0.00733,0.04477,0.02819,0.05065,0.00638,0.67537,0.00831,0.01406,0.05179,0.04268,0.00322,0.00722,0.00811,0.01130,0.00703,0.00438,0.00445,0.01109,0.00786,0.00584
0.01879,0.00591,0.02105,0.01522,0.08683,0.01381,0.15975,0.04782,0.01090,0.03027,0.01680,0.02836,0.02214,0.03243,0.00505,0.02561,0.01107,0.30841,0.03034,0.10944
0.00896,0.03963,0.01545,0.27445,0.00543,0.04729,0.03203,0.00725,0.00694,0.26089,0.04686,0.00911,0.00501,0.01219,0.00499,0.02471,0.00642,0.18098,0.00143,0.00997
0.14050,0.03357,0.04050,0.04619,0.15055,0.01074,0.01273,0.01709,0.07584,0.09634,0.00655,0.00371,0.03583,0.00701,0.01265,0.07110,0.00649,0.19923,0.02045,0.01294
0.01303,0.01195,0.03456,0.38709,0.04586,0.00566,0.01137,0.02883,0.01959,0.31897,0.01342,0.03351,0.02056,0.00838,0.00533,0.00429,0.01356,0.01496,0.00185,0.00724
0.02244,0.09596,0.03056,0.02036,0.01166,0.01168,0.00722,0.04472,0.11560,0.03168,0.00454,0.01333,0.00868,0.00618,0.26074,0.00524,0.24509,0.05253,0.00192,0.00986
0.03400,0.01281,0.12950,0.14777,0.02136,0.07939,0.01411,0.02859,0.01943,0.06523,0.00465,0.03713,0.00843,0.05517,0.05762,0.00807,0.05906,0.20106,0.00592,0.01071
0.01289,0.05612,0.00771,0.01790,0.31944,0.00486,0.00941,0.32626,0.01244,0.01902,0.03562,0.01008,0.02152,0.05970,0.01868,0.00741,0.00849,0.03931,0.00696,0.00618
0.01680,0.02820,0.02612,0.03870,0.01737,0.07433,0.02694,0.01463,0.01319,0.04050,0.02757,0.03071,0.01117,0.55302,0.00388,0.00827,0.00946,0.01587,0.00750,0.03577
0.01333,0.00635,0.01762,0.02326,0.01524,0.00902,0.09405,0.02144,0.06447,0.04649,0.00421,0.01435,0.04447,0.01075,0.02905,0.03728,0.01327,0.43133,0.04435,0.05970
0.03880,0.02453,0.00879,0.03460,0.02877,0.03893,0.02076,0.03651,0.03201,0.05042,0.04964,0.01183,0.01406,0.39521,0.01409,0.04040,0.01814,0.06949,0.05707,0.01594
0.00858,0.02515,0.02219,0.13190,0.01913,0.00672,0.03585,0.01771,0.01771,0.15551,0.01323,0.01413,0.01350,0.00932,0.19527,0.03651,0.18194,0.05331,0.02153,0.02083
0.00533,0.29374,0.01218,0.02003,0.00856,0.03569,0.02048,0.01104,0.31744,0.01751,0.01740,0.01096,0.01358,0.00869,0.00923,0.01544,0.00740,0.16048,0.00811,0.00673
0.01604,0.01252,0.03531,0.02654,0.01701,0.01131,0.09616,0.02318,0.03027,0.02728,0.00716,0.10941,0.01770,0.02158,0.03225,0.05338,0.03485,0.31955,0.00942,0.09908
0.02068,0.00586,0.01996,0.32664,0.01633,0.03508,0.01996,0.07027,0.01959,0.30934,0.00921,0.01089,0.04626,0.01440,0.00586,0.01525,0.01207,0.00638,0.00916,0.02682
0.02392,0.06656,0.02826,0.05371,0.02448,0.01220,0.02222,0.04090,0.05110,0.03940,0.00170,0.01686,0.01007,0.00683,0.02180,0.02739,0.00889,0.49356,0.01290,0.03725
0.01530,0.05722,0.03152,0.02445,0.01060,0.06783,0.01925,0.01387,0.02798,0.02394,0.04778,0.01543,0.01959,0.06079,0.03169,0.01296,0.00757,0.49325,0.01228,0.00671
0.00642,0.02045,0.01044,0.08087,0.01016,0.01712,0.03183,0.01039,0.02955,0.04057,0.19976,0.01100,0.03004,0.07548,0.02155,0.02590,0.15977,0.17861,0.01908,0.02103
0.01125,0.01519,0.02690,0.20346,0.01155,0.01285,0.05640,0.01395,0.04034,0.21469,0.01028,0.01876,0.01759,0.02389,0.03853,0.03728,0.02496,0.16321,0.02460,0.03431
0.03308,0.02600,0.02685,0.08782,0.02146,0.00428,0.05915,0.01616,0.00879,0.11440,0.01327,0.02057,0.01894,0.00927,0.03273,0.03251,0.01454,0.40703,0.03303,0.02010
0.13655,0.01228,0.02567,0.09127,0.15698,0.02914,0.01449,0.01634,0.00875,0.10161,0.01737,0.01141,0.02459,0.04700,0.09613,0.03428,0.09876,0.03940,0.00852,0.02944
0.00502,0.01784,0.33223,0.01323,0.01227,0.01561,0.01363,0.00340,0.02513,0.33133,0.02967,0.00783,0.01156,0.02473,0.00918,0.01215,0.02423,0.08374,0.01527,0.01194
0.01418,0.01091,0.02623,0.12095,0.01902,0.02363,0.02749,0.02350,0.01529,0.11722,0.00592,0.08470,0.01315,0.02972,0.02170,0.06936,0.00775,0.31950,0.03050,0.01928
0.02936,0.00720,0.01361,0.21161,0.03003,0.02217,0.15831,0.00581,0.04273,0.20136,0.00808,0.00829,0.01954,0.00343,0.02827,0.00737,0.03157,0.02338,0.00533,0.14255
0.01228,0.00809,0.00594,0.31193,0.01494,0.02193,0.03446,0.01571,0.02858,0.28611,0.00794,0.01169,0.04430,0.01194,0.05342,0.02584,0.05408,0.02002,0.00591,0.02489
0.01368,0.03337,0.01374,0.03152,0.00572,0.01189,0.03800,0.00954,0.03888,0.01517,0.00995,0.00533,0.03728,0.00398,0.32242,0.01033,0.31148,0.03152,0.01616,0.04005
0.00932,0.00682,0.07070,0.27334,0.01587,0.00851,0.02344,0.01832,0.13839,0.21991,0.00713,0.01266,0.12126,0.00998,0.01580,0.01003,0.01730,0.00627,0.00187,0.01308
0.00836,0.03023,0.05893,0.01664,0.00665,0.01198,0.01051,0.00608,0.02371,0.03635,0.03094,0.00584,0.34157,0.00457,0.35671,0.00174,0.02315,0.01568,0.00480,0.00556
0.02784,0.00862,0.07149,0.13073,0.01390,0.00593,0.08960,0.02024,0.02155,0.10049,0.00998,0.01855,0.01618,0.02176,0.00861,0.00764,0.00742,0.38173,0.00840,0.02932
0.02209,0.01844,0.02121,0.24681,0.02317,0.00885,0.03809,0.01278,0.01358,0.25123,0.00693,0.01886,0.01077,0.04203,0.00624,0.06272,0.00153,0.15781,0.00501,0.03186
0.01636,0.01073,0.07131,0.19899,0.02902,0.00616,0.06267,0.03806,0.05519,0.16347,0.01424,0.13597,0.02538,0.03099,0.00660,0.00851,0.00417,0.08517,0.01985,0.01716
0.01418,0.02273,0.01167,0.03409,0.00563,0.01730,0.01634,0.01421,0.01816,0.02605,0.00888,0.00666,0.04705,0.01118,0.03658,0.00938,0.02929,0.65292,0.01403,0.00367
0.01094,0.01053,0.02272,0.02277,0.01126,0.00757,0.13766,0.01074,0.08327,0.02623,0.00441,0.02786,0.07383,0.00885,0.00541,0.01620,0.00433,0.39868,0.00707,0.10966
0.00377,0.00515,0.02644,0.33058,0.01386,0.02831,0.01813,0.01140,0.01493,0.34686,0.01077,0.01264,0.01969,0.03189,0.01146,0.01226,0.00721,0.08799,0.00235,0.00432
0.00732,0.00493,0.01566,0.38594,0.01752,0.01211,0.02390,0.02563,0.01332,0.36567,0.01084,0.01138,0.01260,0.01265,0.01983,0.00650,0.01611,0.02000,0.01198,0.00611
0.01288,0.02062,0.01944,0.19384,0.00691,0.01321,0.11880,0.01784,0.00887,0.19436,0.00927,0.01891,0.01053,0.00520,0.03316,0.01561,0.02910,0.17965,0.00838,0.08343
0.02412,0.02315,0.03100,0.22446,0.03609,0.00542,0.03768,0.01909,0.02571,0.19061,0.01114,0.01200,0.08701,0.02529,0.08768,0.01173,0.03809,0.09293,0.00553,0.01128
0.01885,0.01835,0.01800,0.02771,0.05733,0.00541,0.00821,0.04979,0.00908,0.04353,0.00702,0.00860,0.01557,0.01595,0.02015,0.03858,0.01519,0.61440,0.00563,0.00266
0.00309,0.05904,0.01928,0.33214,0.01238,0.01308,0.02914,0.00725,0.04115,0.30473,0.06766,0.01617,0.03332,0.00871,0.00402,0.00687,0.01287,0.01148,0.00254,0.01512
0.00767,0.01157,0.39688,0.01096,0.00646,0.01516,0.01835,0.01187,0.01210,0.38994,0.01130,0.00462,0.01259,0.00553,0.01076,0.00674,0.01500,0.03712,0.00470,0.01069
0.05104,0.00349,0.00792,0.00954,0.03653,0.01047,0.01127,0.02337,0.00461,0.01148,0.00802,0.00834,0.05545,0.01910,0.04768,0.01110,0.00309,0.66360,0.00652,0.00738
0.40717,0.00649,0.00968,0.01411,0.02559,0.01347,0.01224,0.41236,0.00543,0.01074,0.00382,0.01294,0.00668,0.00487,0.00964,0.00725,0.00734,0.01548,0.00718,0.00752
0.12633,0.01593,0.00898,0.25797,0.14423,0.00851,0.00748,0.01783,0.01075,0.25616,0.02910,0.00695,0.00985,0.00409,0.00448,0.00424,0.02537,0.02743,0.01338,0.02094
0.01818,0.00791,0.00382,0.01357,0.01040,0.02819,0.01177,0.00430,0.01338,0.00958,0.02016,0.00666,0.00997,0.00884,0.40005,0.00945,0.39823,0.01279,0.00498,0.00777
0.02428,0.01668,0.00451,0.05592,0.00990,0.01650,0.02064,0.01644,0.03925,0.04101,0.01691,0.01547,0.01055,0.04695,0.01338,0.01480,0.00519,0.23422,0.38982,0.00761
0.01095,0.09940,0.00950,0.22301,0.03992,0.01687,0.03081,0.01185,0.12028,0.19561,0.00691,0.00661,0.01606,0.02663,0.00768,0.08320,0.01029,0.05224,0.00448,0.02771
0.01531,0.01985,0.07400,0.01500,0.01560,0.01562,0.04090,0.01739,0.00507,0.04711,0.02024,0.02199,0.00768,0.04389,0.08934,0.02122,0.02826,0.45711,0.02578,0.01864
0.02205,0.01388,0.00772,0.04486,0.03466,0.00660,0.03213,0.01134,0.02964,0.04737,0.08200,0.27574,0.01160,0.01377,0.00507,0.29039,0.01443,0.01398,0.03419,0.00857
0.03500,0.02350,0.01531,0.21374,0.03210,0.22174,0.01285,0.02510,0.04538,0.22437,0.00876,0.02545,0.02107,0.00869,0.00744,0.01351,0.01208,0.02839,0.01914,0.00639
0.00420,0.01902,0.02277,0.27260,0.00957,0.02277,0.04286,0.01068,0.03002,0.26503,0.00567,0.03658,0.03869,0.00644,0.04962,0.04493,0.03196,0.05906,0.01022,0.01732
0.00965,0.06689,0.01566,0.15762,0.03376,0.01174,0.02878,0.01663,0.01886,0.14823,0.03960,0.03641,0.01172,0.01112,0.06223,0.02275,0.06800,0.20703,0.01617,0.01714
0.11493,0.01533,0.00978,0.07694,0.11070,0.00960,0.02565,0.00990,0.01010,0.07315,0.00485,0.00901,0.20928,0.00688,0.18538,0.02528,0.00895,0.07398,0.00872,0.01158
0.01375,0.03042,0.02083,0.08143,0.00461,0.01069,0.01930,0.01974,0.02347,0.08503,0.03137,0.01196,0.01045,0.00934,0.26528,0.00512,0.26830,0.07720,0.00404,0.00766
0.04427,0.01183,0.01364,0.24043,0.04473,0.01788,0.09535,0.03821,0.01152,0.28051,0.01397,0.02256,0.01077,0.00255,0.00778,0.01405,0.00609,0.07936,0.01685,0.02764
0.01779,0.01042,0.04708,0.03167,0.01389,0.01149,0.07389,0.00966,0.02457,0.02725,0.09334,0.01111,0.02550,0.00667,0.03090,0.01111,0.03173,0.45975,0.00444,0.05774
0.00386,0.03908,0.01655,0.21041,0.02062,0.01671,0.00650,0.00646,0.01889,0.20132,0.02336,0.00296,0.00440,0.00211,0.19264,0.00555,0.18740,0.00898,0.00592,0.02628
0.03969,0.01710,0.00779,0.01461,0.04217,0.00739,0.14974,0.01859,0.02122,0.00869,0.03336,0.02561,0.02981,0.02043,0.02979,0.01890,0.00983,0.37268,0.00713,0.12546
0.04351,0.01003,0.02120,0.02798,0.05146,0.01070,0.02964,0.03431,0.01547,0.02139,0.02448,0.04387,0.02579,0.02816,0.01903,0.01958,0.02091,0.53722,0.00855,0.00671
0.30246,0.02173,0.02644,0.03614,0.29169,0.01542,0.02169,0.01826,0.01341,0.02208,0.01849,0.01941,0.01779,0.03291,0.01041,0.00642,0.00839,0.09473,0.00797,0.01418
0.01120,0.02144,0.02842,0.23176,0.02488,0.00456,0.01339,0.00488,0.00431,0.26965,0.00760,0.01622,0.00810,0.00853,0.12400,0.05078,0.12538,0.03269,0.00241,0.00980
0.02017,0.05591,0.02859,0.03639,0.02477,0.01192,0.01942,0.05420,0.03132,0.04738,0.05773,0.04173,0.02186,0.01494,0.00564,0.02714,0.00927,0.46842,0.00624,0.01697
0.01920,0.01428,0.01355,0.15673,0.02410,0.03485,0.02555,0.03272,0.01194,0.14599,0.01625,0.03229,0.00857,0.02301,0.01051,0.01233,0.01084,0.38387,0.01232,0.01112
0.00726,0.09247,0.02439,0.29402,0.02481,0.00364,0.00526,0.00996,0.01280,0.27307,0.08747,0.00692,0.05990,0.00572,0.06061,0.00315,0.00398,0.01025,0.00561,0.00870
0.02286,0.01009,0.06890,0.03507,0.01846,0.00963,0.12999,0.01708,0.04375,0.04028,0.00683,0.13143,0.02107,0.11504,0.01370,0.03805,0.01208,0.21656,0.00767,0.04145
0.04500,0.01530,0.03965,0.01888,0.30013,0.00493,0.01471,0.39712,0.00898,0.04298,0.00682,0.00710,0.01188,0.01036,0.00514,0.01086,0.01657,0.01129,0.00497,0.02732
0.15706,0.00457,0.03378,0.15522,0.18572,0.00924,0.04222,0.03070,0.03067,0.16085,0.00778,0.04434,0.01286,0.01808,0.00805,0.04522,0.00676,0.01832,0.01305,0.01553
0.03898,0.01475,0.01028,0.03565,0.03012,0.01946,0.00800,0.01094,0.01858,0.02533,0.02342,0.00833,0.02775,0.01206,0.26381,0.00769,0.24508,0.18786,0.00655,0.00535
0.04720,0.01194,0.07214,0.22668,0.02897,0.02369,0.01665,0.04999,0.01048,0.27610,0.00980,0.07468,0.00903,0.01880,0.00407,0.05921,0.00441,0.03447,0.00756,0.01412
0.05449,0.06824,0.04320,0.19671,0.05948,0.00769,0.01909,0.02902,0.01994,0.17683,0.06843,0.03780,0.00870,0.00479,0.00838,0.00665,0.03386,0.14079,0.00747,0.00845
0.00557,0.37874,0.01304,0.04873,0.00893,0.02790,0.00966,0.00499,0.37217,0.05006,0.00402,0.00785,0.00508,0.00497,0.01432,0.00455,0.00715,0.02242,0.00604,0.00380
0.03541,0.02317,0.02637,0.03643,0.01137,0.01371,0.02750,0.01692,0.03920,0.02534,0.00997,0.00718,0.07095,0.00979,0.02711,0.01317,0.04182,0.48089,0.05155,0.03218
0.02832,0.06133,0.02260,0.13323,0.01430,0.00696,0.01363,0.03072,0.05198,0.14315,0.01143,0.00984,0.02961,0.02964,0.04898,0.00746,0.05843,0.28467,0.00758,0.00616
0.05750,0.04604,0.14094,0.07529,0.00766,0.01178,0.01857,0.10245,0.13978,0.17792,0.00687,0.01777,0.12786,0.00726,0.02840,0.00278,0.01046,0.01258,0.00281,0.00528
0.05601,0.00489,0.03145,0.20786,0.03717,0.01077,0.06258,0.02320,0.01345,0.17865,0.00668,0.01052,0.03632,0.00602,0.09085,0.00423,0.08117,0.09299,0.00665,0.03853
0.02563,0.06209,0.02773,0.01886,0.04320,0.00769,0.00741,0.02318,0.00888,0.02300,0.05643,0.00854,0.00772,0.00644,0.00389,0.01037,0.03380,0.60649,0.01343,0.00523
0.02230,0.26713,0.16242,0.01974,0.00323,0.00675,0.01116,0.01147,0.26217,0.11251,0.01015,0.01372,0.00546,0.01314,0.00658,0.00596,0.00761,0.02440,0.02534,0.00876
0.15783,0.05260,0.01670,0.04279,0.10418,0.04982,0.00809,0.11611,0.00623,0.04186,0.03574,0.00891,0.00712,0.00580,0.00673,0.00826,0.01041,0.30544,0.00909,0.00629
0.01416,0.15708,0.01609,0.01915,0.00635,0.01827,0.08735,0.00760,0.19125,0.02126,0.01340,0.02155,0.02627,0.00542,0.01877,0.01413,0.00232,0.26261,0.01105,0.08592
0.04623,0.01251,0.02884,0.04169,0.06611,0.00424,0.01318,0.02791,0.02914,0.02328,0.01110,0.02229,0.03450,0.00860,0.01075,0.02046,0.02363,0.55864,0.00701,0.00989
0.02202,0.01498,0.02874,0.10633,0.00943,0.00764,0.07134,0.03124,0.04035,0.08466,0.00632,0.01198,0.01818,0.03391,0.02423,0.00933,0.01083,0.09548,0.32742,0.04560
0.00832,0.06610,0.01755,0.10188,0.04577,0.02967,0.01008,0.02902,0.01025,0.11153,0.05867,0.01551,0.00937,0.03912,0.01478,0.03301,0.02970,0.34469,0.01269,0.01229
0.19732,0.01542,0.01972,0.07743,0.20862,0.06850,0.05966,0.03795,0.01692,0.07318,0.00809,0.00576,0.02012,0.00522,0.02478,0.02699,0.04113,0.03145,0.00745,0.05429
0.01417,0.02037,0.01042,0.02938,0.02164,0.00622,0.04775,0.01537,0.02058,0.03127,0.01922,0.02893,0.01453,0.01036,0.02100,0.01357,0.01023,0.60890,0.04716,0.00894
0.01153,0.00944,0.02017,0.13286,0.00701,0.01465,0.02163,0.01049,0.01266,0.14055,0.01842,0.00788,0.00570,0.00687,0.00210,0.00684,0.01906,0.30214,0.24409,0.00591
0.02817,0.00596,0.01634,0.06428,0.01755,0.03393,0.04518,0.02635,0.02049,0.07287,0.02165,0.01807,0.02682,0.00671,0.06559,0.01390,0.09524,0.31621,0.05414,0.05053
0.02220,0.02664,0.30632,0.07044,0.02663,0.02363,0.00970,0.01377,0.01835,0.33134,0.00945,0.03453,0.01745,0.01917,0.00501,0.01919,0.01254,0.01532,0.00656,0.01175
0.06924,0.00314,0.14297,0.01942,0.07937,0.00593,0.01963,0.22974,0.01164,0.15158,0.04309,0.03417,0.00832,0.00805,0.00655,0.00736,0.07269,0.06527,0.00844,0.01340
0.04742,0.00870,0.01662,0.02212,0.04028,0.03493,0.01660,0.01436,0.25425,0.01746,0.00897,0.02571,0.23327,0.00851,0.00894,0.01178,0.00889,0.20465,0.00388,0.01266
0.01060,0.21766,0.15031,0.03199,0.01087,0.00945,0.02021,0.00442,0.22659,0.17607,0.01151,0.01155,0.02189,0.01158,0.00709,0.01649,0.00739,0.04594,0.00380,0.00459
0.01239,0.01295,0.00258,0.01715,0.01222,0.00274,0.01042,0.01267,0.09989,0.01869,0.00886,0.00781,0.09465,0.00272,0.00979,0.00416,0.00320,0.49146,0.17218,0.00347
0.00859,0.38936,0.01060,0.02243,0.02357,0.00621,0.00670,0.02277,0.40344,0.01185,0.00498,0.01161,0.00780,0.00565,0.00846,0.00666,0.01409,0.02242,0.00580,0.00703
0.02469,0.01520,0.01478,0.06557,0.01247,0.45345,0.03828,0.03054,0.03221,0.05970,0.01461,0.01589,0.01867,0.00787,0.04629,0.01127,0.01206,0.09099,0.01467,0.02080
0.00706,0.10963,0.03813,0.13894,0.01667,0.01366,0.05295,0.01556,0.03741,0.13004,0.09829,0.05033,0.03934,0.01879,0.01941,0.00533,0.02328,0.14242,0.01396,0.02878
0.29644,0.06620,0.00468,0.01676,0.30912,0.01090,0.01028,0.00991,0.00883,0.01960,0.06969,0.00956,0.00657,0.00666,0.02186,0.02264,0.01528,0.08102,0.00537,0.00862
0.03607,0.01392,0.07518,0.25700,0.04379,0.02585,0.03464,0.00676,0.01550,0.26219,0.02427,0.00634,0.02690,0.05968,0.01671,0.01337,0.01137,0.02438,0.00766,0.03843
0.01025,0.03106,0.00602,0.26915,0.01502,0.01531,0.07520,0.01518,0.01952,0.26665,0.03398,0.05105,0.00868,0.00792,0.01240,0.02767,0.01455,0.07978,0.02049,0.02014
0.00711,0.01835,0.23866,0.01460,0.01891,0.01594,0.04563,0.01677,0.01285,0.20407,0.03094,0.03341,0.03073,0.04565,0.00842,0.01180,0.02448,0.19724,0.00311,0.02132
0.00616,0.41673,0.00542,0.00667,0.00518,0.00834,0.00347,0.01927,0.41552,0.00740,0.00284,0.02663,0.01125,0.00615,0.00326,0.02531,0.00182,0.01874,0.00352,0.00636
0.03634,0.01560,0.01545,0.02442,0.01574,0.01358,0.01993,0.04378,0.04111,0.01202,0.01662,0.02302,0.11185,0.00997,0.06875,0.00999,0.02075,0.48336,0.00704,0.01069
0.01274,0.01343,0.07013,0.19374,0.00653,0.06119,0.13641,0.01497,0.02792,0.16873,0.00714,0.01426,0.01075,0.01473,0.01076,0.01125,0.00909,0.10032,0.01093,0.10498
0.44648,0.00262,0.00542,0.01583,0.00224,0.01363,0.00895,0.44750,0.00082,0.00424,0.00375,0.00367,0.00526,0.00222,0.00131,0.00121,0.00171,0.02374,0.00477,0.00461
0.02255,0.01710,0.27774,0.06001,0.02682,0.00746,0.01383,0.02050,0.01909,0.31524,0.01356,0.01018,0.02057,0.01291,0.00876,0.00839,0.01507,0.07759,0.01833,0.03431
0.01096,0.04593,0.08154,0.04600,0.00852,0.02137,0.02484,0.01642,0.02434,0.08433,0.11881,0.01830,0.13408,0.01395,0.17591,0.01659,0.07871,0.06351,0.00826,0.00764
0.00879,0.03335,0.01073,0.27516,0.00685,0.01952,0.01831,0.00851,0.02820,0.25734,0.01654,0.00721,0.01482,0.00987,0.08903,0.00840,0.09393,0.05452,0.02186,0.01705
0.01577,0.00849,0.35056,0.03767,0.00564,0.00650,0.02221,0.01305,0.01818,0.33899,0.01029,0.01333,0.02636,0.01135,0.02582,0.01418,0.03893,0.02538,0.00329,0.01400
0.01698,0.00639,0.43353,0.42887,0.00416,0.00435,0.00236,0.00445,0.00645,0.01443,0.00699,0.00483,0.00697,0.00284,0.00818,0.00282,0.00777,0.02937,0.00185,0.00642
0.22960,0.01442,0.01507,0.01797,0.26248,0.00589,0.03155,0.01507,0.00698,0.03216,0.01270,0.00544,0.01658,0.02564,0.02581,0.00991,0.00573,0.22918,0.00481,0.03300
0.01669,0.00625,0.01593,0.30738,0.00665,0.01756,0.03313,0.01335,0.00549,0.30437,0.00364,0.03061,0.04185,0.06134,0.00833,0.00180,0.00327,0.08966,0.01417,0.01853
0.02257,0.01452,0.02437,0.04571,0.02089,0.01013,0.02924,0.02263,0.02123,0.02489,0.01368,0.01097,0.02368,0.65754,0.01053,0.00567,0.00677,0.02624,0.00387,0.00488
0.05689,0.01883,0.00742,0.06773,0.01250,0.05639,0.02868,0.03214,0.01300,0.05933,0.02169,0.02037,0.16962,0.01165,0.16229,0.00839,0.02682,0.16814,0.03683,0.02130
0.01108,0.01078,0.01317,0.02065,0.00794,0.00678,0.01179,0.02573,0.01352,0.02384,0.01413,0.01285,0.01335,0.01879,0.29150,0.01948,0.27675,0.19218,0.00459,0.01109
0.00256,0.01323,0.09546,0.08998,0.00536,0.02455,0.09269,0.01131,0.07053,0.03069,0.00774,0.03224,0.01353,0.01334,0.04532,0.02176,0.04341,0.26730,0.09008,0.02889
0.01064,0.01845,0.02260,0.02836,0.01092,0.00743,0.01569,0.00803,0.28499,0.02399,0.00336,0.01589,0.24975,0.00632,0.00869,0.01845,0.00900,0.21898,0.03478,0.00370
0.01015,0.30337,0.01145,0.03285,0.02077,0.02255,0.01871,0.01901,0.01893,0.02073,0.31486,0.00663,0.01913,0.00285,0.02295,0.00863,0.01914,0.10666,0.01111,0.00951
0.00439,0.28430,0.00869,0.02104,0.00945,0.00709,0.02165,0.00571,0.28021,0.02806,0.00983,0.01861,0.00973,0.00939,0.00554,0.05672,0.00381,0.16979,0.03240,0.01358
0.00787,0.01618,0.03190,0.20375,0.00878,0.01516,0.09024,0.02156,0.02819,0.16386,0.00831,0.08992,0.01247,0.00812,0.00437,0.00549,0.00983,0.19060,0.01230,0.07108
0.00739,0.02400,0.03133,0.02333,0.02407,0.07338,0.01734,0.00647,0.01404,0.04049,0.01327,0.02012,0.20466,0.00607,0.21346,0.00904,0.01704,0.19371,0.00381,0.05699
0.01727,0.03677,0.04241,0.01954,0.02018,0.00968,0.04467,0.00847,0.03429,0.03977,0.02520,0.17841,0.00607,0.00813,0.01063,0.17108,0.01546,0.26588,0.01977,0.02633
0.00676,0.00993,0.00679,0.00583,0.00859,0.00911,0.00802,0.00644,0.00889,0.00932,0.00801,0.00371,0.01200,0.00191,0.43538,0.00573,0.43226,0.01505,0.00224,0.00403
0.03235,0.03726,0.02013,0.11989,0.12426,0.01846,0.01932,0.06180,0.03757,0.16610,0.02788,0.02354,0.03077,0.01953,0.01816,0.09343,0.03061,0.07384,0.01994,0.02517
0.01854,0.18137,0.00990,0.02675,0.01246,0.00797,0.02831,0.01754,0.07999,0.01353,0.11280,0.00919,0.01239,0.03221,0.05265,0.00437,0.02851,0.31417,0.01527,0.02207
0.00822,0.01834,0.03435,0.20925,0.00433,0.00651,0.09131,0.00722,0.02203,0.18291,0.06292,0.00926,0.01333,0.11097,0.00685,0.01108,0.02899,0.09800,0.02210,0.05202
0.03962,0.03360,0.01240,0.02266,0.02074,0.01532,0.02919,0.02090,0.01681,0.04033,0.04394,0.01016,0.02532,0.01399,0.01465,0.01186,0.00427,0.60636,0.01344,0.00442
0.03233,0.02243,0.06699,0.19184,0.03264,0.00542,0.02510,0.03001,0.01104,0.25192,0.01608,0.05714,0.00568,0.00550,0.00568,0.02881,0.00836,0.15122,0.04462,0.00717
