0.02299,0.01414,0.01987,0.03296,0.03048,0.02683,0.01849,0.02184,0.08773,0.05689,0.01706,0.01620,0.58728,0.04725
0.03217,0.02432,0.02462,0.03667,0.03590,0.01719,0.04704,0.06561,0.03163,0.02678,0.01932,0.01629,0.57915,0.04331
0.04652,0.02897,0.06093,0.04340,0.04510,0.02999,0.02021,0.08068,0.03008,0.02578,0.03922,0.15419,0.25386,0.14108
0.02313,0.04378,0.03581,0.07112,0.05665,0.02956,0.03860,0.03875,0.02559,0.02970,0.03797,0.02192,0.18788,0.35957
0.02119,0.03871,0.19356,0.05606,0.04670,0.04165,0.02309,0.03155,0.07555,0.03586,0.03089,0.10615,0.23056,0.06847
0.03082,0.02097,0.02002,0.01894,0.04160,0.02294,0.01731,0.02243,0.03814,0.53619,0.04467,0.01923,0.13975,0.02699
0.01870,0.03110,0.01943,0.02853,0.03403,0.35621,0.02339,0.03101,0.02026,0.02273,0.02069,0.01639,0.35219,0.02535
0.02792,0.02803,0.03155,0.02859,0.01771,0.02405,0.03992,0.02327,0.01854,0.01814,0.02138,0.02402,0.07964,0.61726
0.00747,0.01051,0.00981,0.00997,0.00474,0.00644,0.00797,0.00629,0.00877,0.00846,0.00625,0.00591,0.90154,0.00587
0.00947,0.00979,0.01034,0.01082,0.01839,0.00977,0.00894,0.01312,0.00931,0.00974,0.01716,0.01686,0.84578,0.01050
0.05462,0.10215,0.03645,0.03504,0.02553,0.02004,0.02465,0.06810,0.02368,0.01920,0.02332,0.02019,0.49605,0.05099
0.07407,0.02224,0.05976,0.02660,0.01808,0.02441,0.03922,0.05228,0.07312,0.04756,0.03774,0.18482,0.31311,0.02697
0.03587,0.03773,0.12524,0.11408,0.03981,0.03044,0.02443,0.03150,0.03563,0.02972,0.04456,0.07395,0.21107,0.16598
0.02875,0.02098,0.08858,0.01781,0.01424,0.01353,0.01949,0.01147,0.05764,0.01483,0.01376,0.21338,0.40535,0.08018
0.00737,0.01001,0.00844,0.00714,0.00841,0.01510,0.00648,0.01904,0.00734,0.00798,0.01002,0.01233,0.87206,0.00827
0.07818,0.03555,0.03324,0.02172,0.02183,0.03064,0.01852,0.02611,0.06476,0.02129,0.01729,0.01775,0.60392,0.00921
0.01946,0.03032,0.01748,0.02321,0.01991,0.20375,0.01993,0.03286,0.02656,0.03144,0.01617,0.01677,0.52967,0.01248
0.01931,0.02478,0.01837,0.02001,0.02644,0.06163,0.02115,0.01275,0.01841,0.01293,0.01818,0.01903,0.70076,0.02623
0.03898,0.02640,0.04114,0.02478,0.02318,0.03028,0.03015,0.08460,0.03832,0.03387,0.16368,0.03126,0.38685,0.04649
0.07270,0.03732,0.08774,0.15117,0.06613,0.04495,0.03160,0.04730,0.04274,0.06647,0.03846,0.02339,0.24144,0.04859
0.04043,0.07081,0.05811,0.02773,0.02937,0.02530,0.02584,0.01779,0.09889,0.08739,0.02397,0.03398,0.35969,0.10070
0.03900,0.03089,0.08196,0.03591,0.02787,0.02927,0.04588,0.02396,0.23359,0.05361,0.03421,0.20220,0.11116,0.05051
0.02116,0.01494,0.01681,0.01937,0.00850,0.01185,0.01951,0.01596,0.01082,0.01613,0.00914,0.00695,0.81841,0.01045
0.01278,0.01454,0.01755,0.02281,0.02498,0.01920,0.02308,0.02270,0.01599,0.01858,0.01907,0.02339,0.73634,0.02899
0.05244,0.02519,0.02181,0.02341,0.01777,0.01682,0.02519,0.05154,0.02376,0.02774,0.42224,0.01908,0.21638,0.05664
0.04219,0.02280,0.09314,0.02959,0.03344,0.02924,0.01961,0.02831,0.04671,0.02519,0.03457,0.27820,0.12358,0.19343
0.01646,0.01705,0.01435,0.01562,0.02854,0.01491,0.01974,0.01287,0.01261,0.01494,0.01427,0.00975,0.79648,0.01240
0.01541,0.03378,0.03758,0.06514,0.18923,0.05616,0.01956,0.03035,0.03166,0.02412,0.02172,0.01953,0.28239,0.17336
0.02240,0.02193,0.01931,0.01801,0.01714,0.02003,0.01339,0.01733,0.01780,0.01431,0.22131,0.28384,0.29495,0.01826
0.02059,0.01567,0.02079,0.01972,0.04547,0.02097,0.02376,0.03085,0.02350,0.02869,0.19315,0.03597,0.50206,0.01880
0.02704,0.02748,0.06370,0.02087,0.03012,0.02698,0.47553,0.01863,0.04674,0.02178,0.03303,0.09164,0.09068,0.02579
0.03329,0.04212,0.07500,0.13102,0.05534,0.07987,0.04637,0.04113,0.06745,0.04353,0.02405,0.03053,0.27140,0.05891
0.04134,0.34374,0.02403,0.02491,0.02078,0.01516,0.03007,0.04311,0.01872,0.01481,0.02913,0.03539,0.27471,0.08409
0.01158,0.02445,0.01534,0.02539,0.01049,0.03581,0.01459,0.01103,0.02640,0.05251,0.01541,0.01390,0.72994,0.01316
0.01845,0.01243,0.01671,0.01375,0.70212,0.01028,0.01444,0.01367,0.01345,0.01316,0.01488,0.01640,0.12924,0.01104
0.03078,0.02351,0.02556,0.02492,0.03457,0.03790,0.03155,0.04825,0.04514,0.03684,0.01926,0.01836,0.59579,0.02758
0.00858,0.01153,0.01195,0.00993,0.00907,0.01578,0.00763,0.01481,0.00888,0.00877,0.01461,0.01699,0.85295,0.00854
0.01599,0.01967,0.02399,0.02808,0.02040,0.01692,0.01442,0.02148,0.03216,0.03193,0.02711,0.01517,0.07341,0.65925
0.01807,0.02456,0.02589,0.03257,0.05301,0.02077,0.02079,0.04671,0.02626,0.03130,0.02526,0.02195,0.57926,0.07360
0.02591,0.02468,0.02555,0.02922,0.03920,0.05907,0.01729,0.02572,0.02395,0.03178,0.02020,0.02162,0.61229,0.04352
0.01580,0.02422,0.02251,0.02425,0.02118,0.06009,0.03415,0.03918,0.03203,0.03774,0.05496,0.01988,0.31935,0.29467
0.01936,0.01584,0.02321,0.03090,0.02060,0.02687,0.03013,0.11656,0.02330,0.02029,0.03906,0.03708,0.55442,0.04238
0.02530,0.04650,0.02899,0.03738,0.05304,0.02869,0.03471,0.08467,0.02074,0.02129,0.07230,0.02567,0.48378,0.03696
0.01433,0.01880,0.08032,0.01558,0.02015,0.01549,0.01930,0.01011,0.02281,0.01114,0.01565,0.15547,0.55009,0.05076
0.02445,0.02995,0.04434,0.25351,0.05927,0.02644,0.03216,0.03065,0.03001,0.03026,0.04157,0.03063,0.26591,0.10083
0.01420,0.01777,0.01635,0.01385,0.01840,0.01875,0.01965,0.01799,0.03001,0.03294,0.01800,0.01453,0.75779,0.00977
0.03394,0.03572,0.05915,0.04421,0.06354,0.28092,0.04145,0.03634,0.05369,0.04268,0.04195,0.02826,0.17652,0.06163
0.02464,0.02530,0.01772,0.03858,0.01576,0.02547,0.01380,0.01431,0.02096,0.07280,0.02636,0.01419,0.66748,0.02264
0.02034,0.01022,0.01636,0.01281,0.02086,0.15799,0.01594,0.01160,0.01668,0.01451,0.01311,0.01353,0.57417,0.10187
0.01818,0.01834,0.01626,0.01451,0.01406,0.01135,0.01837,0.01733,0.01102,0.01109,0.02241,0.01400,0.76446,0.04863
0.01105,0.01168,0.04271,0.01229,0.01195,0.01098,0.01335,0.00913,0.04397,0.01461,0.01073,0.14883,0.64129,0.01743
0.03401,0.02604,0.03395,0.02951,0.26180,0.02478,0.04151,0.01980,0.02905,0.03409,0.02328,0.02246,0.10994,0.30976
0.05703,0.02455,0.03346,0.02888,0.08996,0.35406,0.04546,0.02036,0.03457,0.02573,0.02239,0.02974,0.14391,0.08990
0.02681,0.02041,0.02546,0.01609,0.03884,0.02664,0.02655,0.04334,0.05805,0.03233,0.02126,0.02531,0.61982,0.01910
0.01955,0.01944,0.02206,0.01755,0.01578,0.01459,0.02995,0.06977,0.01771,0.01479,0.01778,0.02036,0.69547,0.02519
0.02290,0.02359,0.02391,0.02032,0.03393,0.01549,0.01785,0.03292,0.02059,0.01973,0.02429,0.02906,0.05835,0.65708
0.00538,0.00553,0.01742,0.00509,0.00882,0.00650,0.00644,0.00437,0.01176,0.00433,0.00536,0.15247,0.75593,0.01061
0.02917,0.02883,0.02575,0.02290,0.03047,0.04873,0.03696,0.03284,0.02548,0.03570,0.26983,0.03406,0.35466,0.02463
0.04489,0.01562,0.02633,0.03465,0.05937,0.04159,0.04606,0.02767,0.02484,0.01827,0.02333,0.02023,0.60322,0.01393
0.01507,0.01551,0.01441,0.01714,0.01864,0.01455,0.06220,0.01377,0.02183,0.03180,0.01813,0.01100,0.73556,0.01038
0.02061,0.01280,0.01397,0.01376,0.04793,0.02569,0.01544,0.01331,0.11886,0.03275,0.01378,0.01137,0.64639,0.01334
0.03683,0.04208,0.07828,0.03684,0.15099,0.08332,0.03348,0.06514,0.07485,0.03855,0.03878,0.13091,0.15997,0.02999
0.01457,0.01190,0.01452,0.01963,0.12768,0.02512,0.02764,0.01242,0.01361,0.01556,0.01264,0.00956,0.68049,0.01466
0.02524,0.02612,0.02504,0.02419,0.02149,0.05977,0.03191,0.03571,0.03227,0.03351,0.39606,0.12842,0.13953,0.02072
0.02547,0.03566,0.05000,0.02539,0.02526,0.03969,0.02106,0.02718,0.02756,0.01933,0.05037,0.12454,0.09060,0.43790
0.04250,0.02522,0.02701,0.04240,0.18025,0.01621,0.02149,0.01482,0.01880,0.02941,0.01171,0.01118,0.53935,0.01965
0.02463,0.02090,0.02430,0.01549,0.03464,0.03733,0.02633,0.02019,0.13406,0.04223,0.02009,0.04309,0.54416,0.01257
0.03694,0.03013,0.04730,0.03461,0.02544,0.03327,0.01980,0.08350,0.02122,0.02404,0.07907,0.13039,0.34572,0.08859
0.04591,0.02786,0.02951,0.03116,0.03749,0.03234,0.02872,0.04445,0.01941,0.02090,0.03593,0.02432,0.09316,0.52883
0.02738,0.03534,0.02828,0.02621,0.03273,0.01827,0.03568,0.17313,0.02399,0.02970,0.03337,0.02675,0.48207,0.02708
0.00842,0.00856,0.01259,0.01460,0.01467,0.01545,0.05305,0.01930,0.01017,0.00969,0.01307,0.01638,0.78861,0.01544
0.02187,0.02184,0.02111,0.01981,0.02051,0.02616,0.54733,0.03398,0.01773,0.02852,0.01856,0.01468,0.18758,0.02032
0.04318,0.03507,0.02801,0.02578,0.23859,0.29094,0.03260,0.05495,0.02734,0.02976,0.02580,0.02625,0.12044,0.02129
0.01820,0.02194,0.01877,0.01689,0.02786,0.02812,0.02290,0.03034,0.01523,0.02813,0.05245,0.02316,0.68244,0.01358
0.02683,0.03923,0.04590,0.03904,0.04460,0.04053,0.02616,0.03075,0.29336,0.08218,0.03934,0.04379,0.11662,0.13166
0.00549,0.01012,0.00817,0.01366,0.00886,0.01343,0.00636,0.00802,0.00890,0.02727,0.00650,0.00612,0.86644,0.01067
0.02002,0.03482,0.06956,0.06820,0.12348,0.04431,0.02329,0.02789,0.03359,0.02507,0.02887,0.03517,0.42075,0.04498
0.02777,0.02966,0.05600,0.02499,0.03202,0.02859,0.01915,0.07171,0.04429,0.02295,0.05563,0.22759,0.32896,0.03071
0.04101,0.03692,0.02835,0.02587,0.02514,0.01926,0.02697,0.04397,0.03213,0.03343,0.19146,0.02435,0.22492,0.24623
0.01571,0.02302,0.02803,0.02900,0.01235,0.02459,0.01421,0.01507,0.03487,0.05099,0.02552,0.03163,0.65875,0.03626
0.00929,0.01531,0.01360,0.02254,0.01616,0.03277,0.01092,0.01980,0.08051,0.24074,0.02063,0.01038,0.44778,0.05957
0.01986,0.01470,0.01986,0.01708,0.02128,0.01177,0.01476,0.00784,0.03436,0.04924,0.01484,0.01470,0.74524,0.01447
0.02283,0.01476,0.09318,0.01812,0.01364,0.01524,0.01160,0.01371,0.04937,0.01695,0.01483,0.12194,0.38347,0.21035
0.02124,0.02352,0.06739,0.09670,0.03637,0.01939,0.01729,0.01840,0.02642,0.01798,0.01427,0.03028,0.58300,0.02774
0.01154,0.01527,0.01663,0.01842,0.02251,0.01263,0.01876,0.01328,0.01232,0.01321,0.01503,0.01236,0.05275,0.76528
0.02164,0.01864,0.09568,0.02090,0.01928,0.01239,0.01860,0.01911,0.04288,0.02062,0.01812,0.12927,0.52606,0.03681
0.01464,0.03052,0.03045,0.03201,0.09436,0.02654,0.02430,0.02838,0.02732,0.02882,0.02585,0.02690,0.46037,0.14952
0.01325,0.01439,0.01338,0.01747,0.01643,0.01515,0.01147,0.01667,0.01113,0.01164,0.03230,0.01557,0.79825,0.01289
0.01874,0.02106,0.03233,0.03126,0.02220,0.19606,0.02027,0.03996,0.05471,0.03570,0.03955,0.02086,0.42364,0.04365
0.02778,0.03863,0.02718,0.05110,0.09877,0.16724,0.04753,0.04659,0.02889,0.02399,0.02695,0.02360,0.36619,0.02556
0.02227,0.05376,0.01950,0.02452,0.02855,0.02925,0.02392,0.03327,0.02211,0.02391,0.24944,0.13948,0.28940,0.04062
0.02839,0.04483,0.05406,0.06822,0.13269,0.04263,0.03214,0.09237,0.04166,0.04067,0.02943,0.03571,0.31855,0.03864
0.01987,0.01362,0.07121,0.01645,0.01916,0.01495,0.01605,0.01606,0.05384,0.02222,0.01458,0.22094,0.47945,0.02160
0.02996,0.01487,0.02011,0.01419,0.42852,0.03102,0.03725,0.02279,0.02320,0.02609,0.01666,0.01628,0.30408,0.01500
0.02530,0.01723,0.01663,0.01640,0.03713,0.03785,0.03536,0.02653,0.02905,0.04385,0.01852,0.01927,0.66646,0.01042
0.01246,0.01349,0.01585,0.01418,0.02143,0.01380,0.01347,0.04508,0.01271,0.01107,0.01614,0.02667,0.75987,0.02378
0.03179,0.04822,0.01877,0.03400,0.01542,0.02245,0.05374,0.12067,0.01973,0.01710,0.02003,0.01531,0.54457,0.03820
0.02206,0.02689,0.01973,0.01595,0.02366,0.01568,0.01409,0.01511,0.01934,0.01856,0.01703,0.01321,0.76176,0.01690
0.05436,0.04439,0.07198,0.03583,0.02125,0.03139,0.03252,0.01834,0.03974,0.02942,0.10611,0.23472,0.11467,0.16528
0.03094,0.02862,0.06299,0.07287,0.05670,0.02961,0.03887,0.04828,0.03195,0.04436,0.26316,0.05077,0.19429,0.04661
