0.00000,0.00000,0.00000,0.00000,0.00000,0.00000,0.00000,0.00000,0.04509,0.88359,0.00000,0.00000,0.00000,0.00000,0.00000,0.00000,0.00000,0.00000,0.01367,0.05765
0.64508,0.32179,0.00000,0.00000,0.00000,0.00000,0.00000,0.00000,0.00000,0.00000,0.00000,0.00000,0.00000,0.00000,0.00000,0.00000,0.00000,0.00000,0.00131,0.03182
0.00000,0.00000,0.37980,0.09060,0.00000,0.00000,0.00000,0.00000,0.00000,0.00000,0.00000,0.00000,0.00000,0.00000,0.00000,0.00000,0.00000,0.00000,0.52960,0.00000
0.00000,0.00000,0.00000,0.00000,0.00000,0.00000,0.00000,0.00000,0.00000,0.00000,0.00000,0.00000,0.00000,0.00000,0.02728,0.01055,0.00000,0.00000,0.95346,0.00871
0.00000,0.00000,0.00000,0.00000,0.00000,0.00000,0.00000,0.00000,0.00000,0.00000,0.00000,0.00000,0.00000,0.00000,0.33907,0.06380,0.00000,0.00000,0.59713,0.00000
0.00000,0.00000,0.00000,0.00000,0.03062,0.96681,0.00000,0.00000,0.00000,0.00000,0.00000,0.00000,0.00000,0.00000,0.00000,0.00000,0.00000,0.00000,0.00256,0.00000
0.00000,0.00000,0.00000,0.00000,0.00000,0.00000,0.16756,0.16732,0.00000,0.00000,0.00000,0.00000,0.00000,0.00000,0.00000,0.00000,0.00000,0.00000,0.66512,0.00000
0.00000,0.00000,0.00000,0.00000,0.00000,0.00000,0.00000,0.00000,0.20319,0.01149,0.00000,0.00000,0.00000,0.00000,0.00000,0.00000,0.00000,0.00000,0.78532,0.00000
0.00000,0.00000,0.00000,0.00000,0.00000,0.00000,0.00000,0.00000,0.00000,0.00000,0.00000,0.00000,0.00000,0.00000,0.06294,0.25910,0.00000,0.00000,0.67796,0.00000
0.62975,0.18034,0.00000,0.00000,0.00000,0.00000,0.00000,0.00000,0.00000,0.00000,0.00000,0.00000,0.00000,0.00000,0.00000,0.00000,0.00000,0.00000,0.18991,0.00001
0.00000,0.00000,0.00000,0.00000,0.00000,0.00000,0.00000,0.00000,0.00000,0.00000,0.00000,0.00000,0.00000,0.00000,0.00000,0.00000,0.07904,0.48993,0.42786,0.00317
0.21907,0.34321,0.00000,0.00000,0.00000,0.00000,0.00000,0.00000,0.00000,0.00000,0.00000,0.00000,0.00000,0.00000,0.00000,0.00000,0.00000,0.00000,0.43772,0.00000
0.00000,0.00000,0.00000,0.00000,0.00000,0.00000,0.00000,0.00000,0.00000,0.00000,0.00000,0.00000,0.00000,0.00000,0.00000,0.00000,0.88613,0.04370,0.06877,0.00141
0.00000,0.00000,0.00000,0.00000,0.00000,0.00000,0.00000,0.00000,0.00000,0.00000,0.00000,0.00000,0.00000,0.00000,0.00000,0.00000,0.07842,0.08872,0.57862,0.25424
0.00000,0.00000,0.00225,0.98639,0.00000,0.00000,0.00000,0.00000,0.00000,0.00000,0.00000,0.00000,0.00000,0.00000,0.00000,0.00000,0.00000,0.00000,0.00490,0.00645
0.00000,0.00000,0.00000,0.00000,0.00000,0.00000,0.00000,0.00000,0.00000,0.00000,0.31762,0.02197,0.00000,0.00000,0.00000,0.00000,0.00000,0.00000,0.66040,0.00001
0.00000,0.00000,0.00000,0.00000,0.00000,0.00000,0.00000,0.00000,0.01836,0.00246,0.00000,0.00000,0.00000,0.00000,0.00000,0.00000,0.00000,0.00000,0.09778,0.88139
0.00000,0.00000,0.00000,0.00000,0.00000,0.00000,0.00000,0.00000,0.00000,0.00000,0.00000,0.00000,0.71199,0.00151,0.00000,0.00000,0.00000,0.00000,0.28649,0.00000
0.00000,0.00000,0.00000,0.00000,0.00000,0.00000,0.00341,0.67767,0.00000,0.00000,0.00000,0.00000,0.00000,0.00000,0.00000,0.00000,0.00000,0.00000,0.31890,0.00002
0.00000,0.00000,0.00000,0.00000,0.00000,0.00000,0.00000,0.00000,0.00000,0.00000,0.00000,0.00000,0.00907,0.98878,0.00000,0.00000,0.00000,0.00000,0.00000,0.00215
0.00000,0.00000,0.00000,0.00000,0.00000,0.00000,0.00000,0.00000,0.16160,0.42374,0.00000,0.00000,0.00000,0.00000,0.00000,0.00000,0.00000,0.00000,0.41466,0.00000
0.95299,0.03889,0.00000,0.00000,0.00000,0.00000,0.00000,0.00000,0.00000,0.00000,0.00000,0.00000,0.00000,0.00000,0.00000,0.00000,0.00000,0.00000,0.00087,0.00725
0.00000,0.00000,0.00000,0.00000,0.00000,0.00000,0.00000,0.00000,0.00000,0.00000,0.00000,0.00000,0.00000,0.00000,0.00000,0.00000,0.00218,0.81158,0.18562,0.00062
0.00000,0.00000,0.00000,0.00000,0.00000,0.00000,0.00000,0.00000,0.00000,0.00000,0.71928,0.27412,0.00000,0.00000,0.00000,0.00000,0.00000,0.00000,0.00661,0.00000
0.00000,0.00000,0.00000,0.00000,0.00000,0.00000,0.00000,0.00000,0.00000,0.00000,0.00000,0.00000,0.00000,0.00000,0.57308,0.00024,0.00000,0.00000,0.40894,0.01774
0.46498,0.20889,0.00000,0.00000,0.00000,0.00000,0.00000,0.00000,0.00000,0.00000,0.00000,0.00000,0.00000,0.00000,0.00000,0.00000,0.00000,0.00000,0.32612,0.00000
0.00000,0.00000,0.00000,0.00000,0.00000,0.00000,0.01964,0.73812,0.00000,0.00000,0.00000,0.00000,0.00000,0.00000,0.00000,0.00000,0.00000,0.00000,0.22366,0.01857
0.00000,0.00000,0.19328,0.43718,0.00000,0.00000,0.00000,0.00000,0.00000,0.00000,0.00000,0.00000,0.00000,0.00000,0.00000,0.00000,0.00000,0.00000,0.00054,0.36901
0.00000,0.00000,0.00000,0.00000,0.00000,0.00000,0.00000,0.00000,0.00000,0.00000,0.00000,0.00000,0.00000,0.00000,0.00683,0.00014,0.00000,0.00000,0.02851,0.96452
0.00000,0.00000,0.00000,0.00000,0.00000,0.00000,0.00000,0.00000,0.00000,0.00000,0.06963,0.01489,0.00000,0.00000,0.00000,0.00000,0.00000,0.00000,0.00753,0.90795
0.00000,0.00000,0.01102,0.50214,0.00000,0.00000,0.00000,0.00000,0.00000,0.00000,0.00000,0.00000,0.00000,0.00000,0.00000,0.00000,0.00000,0.00000,0.48684,0.00000
0.12270,0.87542,0.00000,0.00000,0.00000,0.00000,0.00000,0.00000,0.00000,0.00000,0.00000,0.00000,0.00000,0.00000,0.00000,0.00000,0.00000,0.00000,0.00188,0.00000
0.00657,0.93043,0.00000,0.00000,0.00000,0.00000,0.00000,0.00000,0.00000,0.00000,0.00000,0.00000,0.00000,0.00000,0.00000,0.00000,0.00000,0.00000,0.05412,0.00888
0.00000,0.00000,0.00000,0.00000,0.00000,0.00000,0.00000,0.00000,0.00000,0.00000,0.00000,0.00000,0.00000,0.00000,0.16567,0.21958,0.00000,0.00000,0.61475,0.00000
0.00000,0.00000,0.66037,0.33937,0.00000,0.00000,0.00000,0.00000,0.00000,0.00000,0.00000,0.00000,0.00000,0.00000,0.00000,0.00000,0.00000,0.00000,0.00001,0.00025
0.00000,0.00000,0.00000,0.00000,0.00000,0.00000,0.00000,0.00000,0.00000,0.00000,0.00000,0.00000,0.00000,0.00000,0.00000,0.00000,0.09431,0.76017,0.14015,0.00537
0.00000,0.00000,0.00000,0.00000,0.61193,0.08581,0.00000,0.00000,0.00000,0.00000,0.00000,0.00000,0.00000,0.00000,0.00000,0.00000,0.00000,0.00000,0.30226,0.00000
0.00000,0.00000,0.00000,0.00000,0.06056,0.82627,0.00000,0.00000,0.00000,0.00000,0.00000,0.00000,0.00000,0.00000,0.00000,0.00000,0.00000,0.00000,0.11308,0.00009
0.00000,0.00000,0.00000,0.00000,0.00000,0.00000,0.00000,0.00000,0.00000,0.00000,0.01876,0.97776,0.00000,0.00000,0.00000,0.00000,0.00000,0.00000,0.00348,0.00000
0.00000,0.00000,0.00000,0.00000,0.00000,0.00000,0.00000,0.00000,0.29236,0.09960,0.00000,0.00000,0.00000,0.00000,0.00000,0.00000,0.00000,0.00000,0.60803,0.00000
0.00713,0.09298,0.00000,0.00000,0.00000,0.00000,0.00000,0.00000,0.00000,0.00000,0.00000,0.00000,0.00000,0.00000,0.00000,0.00000,0.00000,0.00000,0.89989,0.00000
0.00000,0.00000,0.49462,0.05280,0.00000,0.00000,0.00000,0.00000,0.00000,0.00000,0.00000,0.00000,0.00000,0.00000,0.00000,0.00000,0.00000,0.00000,0.45185,0.00073
0.00000,0.00000,0.00000,0.00000,0.00000,0.00000,0.00000,0.00000,0.00000,0.00000,0.00000,0.00000,0.15390,0.13231,0.00000,0.00000,0.00000,0.00000,0.53136,0.18243
0.00000,0.00000,0.72502,0.24319,0.00000,0.00000,0.00000,0.00000,0.00000,0.00000,0.00000,0.00000,0.00000,0.00000,0.00000,0.00000,0.00000,0.00000,0.03179,0.00000
0.00000,0.00000,0.00000,0.00000,0.00000,0.00000,0.00000,0.00000,0.17534,0.47106,0.00000,0.00000,0.00000,0.00000,0.00000,0.00000,0.00000,0.00000,0.31436,0.03924
0.00000,0.00000,0.12114,0.59575,0.00000,0.00000,0.00000,0.00000,0.00000,0.00000,0.00000,0.00000,0.00000,0.00000,0.00000,0.00000,0.00000,0.00000,0.28309,0.00003
0.00000,0.00000,0.00000,0.00000,0.00000,0.00000,0.00000,0.00000,0.00000,0.00000,0.00000,0.00000,0.00000,0.00000,0.00000,0.00000,0.01359,0.94429,0.04212,0.00000
0.00000,0.00000,0.00000,0.00000,0.00000,0.00000,0.00000,0.00000,0.00000,0.00000,0.02581,0.22486,0.00000,0.00000,0.00000,0.00000,0.00000,0.00000,0.74931,0.00002
0.00000,0.00000,0.00000,0.00000,0.74492,0.07577,0.00000,0.00000,0.00000,0.00000,0.00000,0.00000,0.00000,0.00000,0.00000,0.00000,0.00000,0.00000,0.11439,0.06492
0.00000,0.00000,0.00000,0.00000,0.00000,0.00000,0.00000,0.00000,0.00000,0.00000,0.13136,0.76006,0.00000,0.00000,0.00000,0.00000,0.00000,0.00000,0.10858,0.00000
0.00000,0.00000,0.00000,0.00000,0.00000,0.00000,0.00000,0.00000,0.00000,0.00000,0.00000,0.00000,0.00799,0.79334,0.00000,0.00000,0.00000,0.00000,0.19867,0.00000
0.00000,0.00000,0.00000,0.00000,0.00000,0.00000,0.00000,0.00000,0.00000,0.00000,0.00000,0.00000,0.00000,0.00000,0.00000,0.00000,0.14186,0.65708,0.00014,0.20092
0.00000,0.00000,0.00000,0.00000,0.00000,0.00000,0.00000,0.00000,0.00000,0.00000,0.00000,0.00000,0.00018,0.99982,0.00000,0.00000,0.00000,0.00000,0.00000,0.00000
0.00000,0.00000,0.00000,0.00000,0.00000,0.00000,0.00000,0.00000,0.00000,0.00000,0.00000,0.00000,0.00411,0.00190,0.00000,0.00000,0.00000,0.00000,0.36377,0.63022
0.00552,0.91787,0.00000,0.00000,0.00000,0.00000,0.00000,0.00000,0.00000,0.00000,0.00000,0.00000,0.00000,0.00000,0.00000,0.00000,0.00000,0.00000,0.07598,0.00062
0.00000,0.00000,0.00000,0.00000,0.00000,0.00000,0.00000,0.00000,0.00000,0.00000,0.10718,0.89101,0.00000,0.00000,0.00000,0.00000,0.00000,0.00000,0.00181,0.00000
0.00000,0.00000,0.00000,0.00000,0.00000,0.00000,0.00000,0.00000,0.00000,0.00000,0.00000,0.00000,0.00549,0.98527,0.00000,0.00000,0.00000,0.00000,0.00452,0.00473
0.00000,0.00000,0.00000,0.00000,0.23763,0.71649,0.00000,0.00000,0.00000,0.00000,0.00000,0.00000,0.00000,0.00000,0.00000,0.00000,0.00000,0.00000,0.00096,0.04492
0.00000,0.00000,0.00000,0.00000,0.05046,0.07513,0.00000,0.00000,0.00000,0.00000,0.00000,0.00000,0.00000,0.00000,0.00000,0.00000,0.00000,0.00000,0.87108,0.00334
0.54623,0.18211,0.00000,0.00000,0.00000,0.00000,0.00000,0.00000,0.00000,0.00000,0.00000,0.00000,0.00000,0.00000,0.00000,0.00000,0.00000,0.00000,0.27166,0.00000
0.00000,0.00000,0.00000,0.00000,0.00000,0.00000,0.00000,0.00000,0.00000,0.00000,0.00000,0.00000,0.00000,0.00000,0.00000,0.00000,0.83254,0.16153,0.00593,0.00000
0.81115,0.16509,0.00000,0.00000,0.00000,0.00000,0.00000,0.00000,0.00000,0.00000,0.00000,0.00000,0.00000,0.00000,0.00000,0.00000,0.00000,0.00000,0.02376,0.00000
0.00000,0.00000,0.00000,0.00000,0.00000,0.00000,0.00000,0.00000,0.00000,0.00000,0.00000,0.00000,0.00624,0.56231,0.00000,0.00000,0.00000,0.00000,0.38190,0.04955
0.00000,0.00000,0.00000,0.00000,0.00000,0.00000,0.00000,0.00000,0.82463,0.12939,0.00000,0.00000,0.00000,0.00000,0.00000,0.00000,0.00000,0.00000,0.04598,0.00000
0.00000,0.00000,0.00000,0.00000,0.00000,0.00000,0.65603,0.00067,0.00000,0.00000,0.00000,0.00000,0.00000,0.00000,0.00000,0.00000,0.00000,0.00000,0.08678,0.25652
0.00000,0.00000,0.09217,0.00957,0.00000,0.00000,0.00000,0.00000,0.00000,0.00000,0.00000,0.00000,0.00000,0.00000,0.00000,0.00000,0.00000,0.00000,0.89819,0.00007
0.00000,0.00000,0.00000,0.00000,0.00000,0.00000,0.00000,0.00000,0.00000,0.00000,0.00000,0.00000,0.00000,0.00000,0.49061,0.50633,0.00000,0.00000,0.00118,0.00188
0.00000,0.00000,0.00000,0.00000,0.00000,0.00000,0.00000,0.00000,0.00000,0.00000,0.00000,0.00000,0.00000,0.00000,0.00000,0.00000,0.51449,0.46997,0.01322,0.00232
0.00000,0.00000,0.00000,0.00000,0.00000,0.00000,0.00000,0.00000,0.00000,0.00000,0.00192,0.76706,0.00000,0.00000,0.00000,0.00000,0.00000,0.00000,0.00266,0.22836
0.00000,0.00000,0.00000,0.00000,0.09135,0.90862,0.00000,0.00000,0.00000,0.00000,0.00000,0.00000,0.00000,0.00000,0.00000,0.00000,0.00000,0.00000,0.00001,0.00002
0.00000,0.00000,0.00000,0.00000,0.00000,0.00000,0.00000,0.00000,0.00000,0.00000,0.00000,0.00000,0.00000,0.00000,0.02051,0.90728,0.00000,0.00000,0.07221,0.00000
0.00000,0.00000,0.00000,0.00000,0.00000,0.00000,0.00000,0.00000,0.00000,0.00000,0.00000,0.00000,0.00000,0.00000,0.00000,0.00000,0.30576,0.44946,0.24478,0.00000
0.00000,0.00000,0.32557,0.26729,0.00000,0.00000,0.00000,0.00000,0.00000,0.00000,0.00000,0.00000,0.00000,0.00000,0.00000,0.00000,0.00000,0.00000,0.40713,0.00001
0.00000,0.00000,0.00000,0.00000,0.00000,0.00000,0.11885,0.05614,0.00000,0.00000,0.00000,0.00000,0.00000,0.00000,0.00000,0.00000,0.00000,0.00000,0.82502,0.00000
0.00000,0.00000,0.00000,0.00000,0.00000,0.00000,0.00000,0.00000,0.24162,0.28281,0.00000,0.00000,0.00000,0.00000,0.00000,0.00000,0.00000,0.00000,0.46380,0.01177
0.00000,0.00000,0.00000,0.00000,0.20552,0.73529,0.00000,0.00000,0.00000,0.00000,0.00000,0.00000,0.00000,0.00000,0.00000,0.00000,0.00000,0.00000,0.04940,0.00978
0.00000,0.00000,0.00000,0.00000,0.58805,0.40635,0.00000,0.00000,0.00000,0.00000,0.00000,0.00000,0.00000,0.00000,0.00000,0.00000,0.00000,0.00000,0.00146,0.00414
0.00000,0.00000,0.00000,0.00000,0.00000,0.00192,0.00000,0.00000,0.00000,0.00000,0.00000,0.00000,0.00000,0.00000,0.00000,0.00000,0.00000,0.00000,0.99694,0.00114
0.19218,0.56960,0.00000,0.00000,0.00000,0.00000,0.00000,0.00000,0.00000,0.00000,0.00000,0.00000,0.00000,0.00000,0.00000,0.00000,0.00000,0.00000,0.23822,0.00000
0.00000,0.00000,0.00000,0.00000,0.00000,0.00000,0.00000,0.00000,0.00000,0.00000,0.00000,0.00000,0.00000,0.00000,0.02751,0.97234,0.00000,0.00000,0.00015,0.00000
0.00000,0.00000,0.50543,0.02915,0.00000,0.00000,0.00000,0.00000,0.00000,0.00000,0.00000,0.00000,0.00000,0.00000,0.00000,0.00000,0.00000,0.00000,0.01223,0.45318
0.72354,0.00001,0.00000,0.00000,0.00000,0.00000,0.00000,0.00000,0.00000,0.00000,0.00000,0.00000,0.00000,0.00000,0.00000,0.00000,0.00000,0.00000,0.06573,0.21073
0.00000,0.00000,0.00000,0.00000,0.00000,0.00000,0.00000,0.00000,0.55344,0.31521,0.00000,0.00000,0.00000,0.00000,0.00000,0.00000,0.00000,0.00000,0.13135,0.00000
0.00000,0.00000,0.00000,0.00000,0.00253,0.72157,0.00000,0.00000,0.00000,0.00000,0.00000,0.00000,0.00000,0.00000,0.00000,0.00000,0.00000,0.00000,0.27589,0.00000
0.00000,0.00000,0.00000,0.00000,0.00000,0.00000,0.00000,0.00000,0.00000,0.00000,0.00000,0.00000,0.00000,0.00000,0.82792,0.03391,0.00000,0.00000,0.00319,0.13497
0.00000,0.00000,0.00000,0.00000,0.00000,0.00000,0.00000,0.00000,0.00000,0.00000,0.00000,0.00000,0.09837,0.35096,0.00000,0.00000,0.00000,0.00000,0.55062,0.00006
0.00000,0.00000,0.00000,0.00000,0.00000,0.00000,0.00000,0.00000,0.00000,0.00000,0.00000,0.00000,0.66448,0.28116,0.00000,0.00000,0.00000,0.00000,0.05434,0.00001
0.00000,0.00000,0.00000,0.00000,0.00000,0.00000,0.00000,0.00000,0.00000,0.00000,0.00000,0.00000,0.00000,0.00000,0.18394,0.52901,0.00000,0.00000,0.03046,0.25659
0.00000,0.00000,0.72737,0.00037,0.00000,0.00000,0.00000,0.00000,0.00000,0.00000,0.00000,0.00000,0.00000,0.00000,0.00000,0.00000,0.00000,0.00000,0.27199,0.00027
0.00000,0.00000,0.00000,0.00000,0.00000,0.00000,0.00000,0.00000,0.00537,0.66533,0.00000,0.00000,0.00000,0.00000,0.00000,0.00000,0.00000,0.00000,0.32930,0.00000
0.00156,0.99815,0.00000,0.00000,0.00000,0.00000,0.00000,0.00000,0.00000,0.00000,0.00000,0.00000,0.00000,0.00000,0.00000,0.00000,0.00000,0.00000,0.00030,0.00000
0.22669,0.64569,0.00000,0.00000,0.00000,0.00000,0.00000,0.00000,0.00000,0.00000,0.00000,0.00000,0.00000,0.00000,0.00000,0.00000,0.00000,0.00000,0.12749,0.00013
0.00000,0.00000,0.00000,0.00000,0.00000,0.00000,0.00000,0.00000,0.00000,0.00000,0.00000,0.00000,0.00000,0.00000,0.00000,0.00000,0.23809,0.03621,0.00697,0.71873
0.00000,0.00000,0.00000,0.00000,0.00000,0.00000,0.95100,0.00037,0.00000,0.00000,0.00000,0.00000,0.00000,0.00000,0.00000,0.00000,0.00000,0.00000,0.04862,0.00000
0.00000,0.00000,0.00000,0.00000,0.00000,0.00000,0.00000,0.00000,0.00000,0.00000,0.01012,0.93010,0.00000,0.00000,0.00000,0.00000,0.00000,0.00000,0.05974,0.00004
0.00000,0.00000,0.00000,0.00000,0.00000,0.00000,0.00000,0.00000,0.00000,0.00000,0.42440,0.30223,0.00000,0.00000,0.00000,0.00000,0.00000,0.00000,0.27332,0.00005
0.00000,0.00000,0.00000,0.00000,0.00000,0.00000,0.00000,0.00000,0.00000,0.00000,0.00000,0.00000,0.00000,0.00000,0.27474,0.65297,0.00000,0.00000,0.05582,0.01647
0.00000,0.00000,0.00000,0.00000,0.00000,0.00000,0.00000,0.00000,0.00000,0.00000,0.00000,0.00000,0.00000,0.00000,0.00000,0.00000,0.28728,0.69437,0.01835,0.00000
0.00000,0.00000,0.00000,0.00000,0.00000,0.00000,0.00000,0.00000,0.36416,0.59404,0.00000,0.00000,0.00000,0.00000,0.00000,0.00000,0.00000,0.00000,0.00031,0.04149
0.00000,0.00000,0.00000,0.00000,0.00000,0.00000,0.00000,0.00000,0.00000,0.00000,0.00000,0.00000,0.00000,0.00000,0.00000,0.00000,0.88561,0.00088,0.11351,0.00000
0.00000,0.00000,0.00000,0.00000,0.00000,0.00000,0.00000,0.00000,0.00000,0.00000,0.40305,0.09403,0.00000,0.00000,0.00000,0.00000,0.00000,0.00000,0.50292,0.00000
0.00000,0.00000,0.00000,0.00000,0.00000,0.00000,0.00000,0.00000,0.00000,0.00000,0.00000,0.00000,0.00000,0.00000,0.00007,0.97251,0.00000,0.00000,0.02742,0.00000
0.00000,0.00000,0.00000,0.00000,0.64163,0.09104,0.00000,0.00000,0.00000,0.00000,0.00000,0.00000,0.00000,0.00000,0.00000,0.00000,0.00000,0.00000,0.05902,0.20830
0.00000,0.00000,0.00000,0.00000,0.00000,0.00000,0.00000,0.00000,0.00000,0.00000,0.10404,0.14542,0.00000,0.00000,0.00000,0.00000,0.00000,0.00000,0.00000,0.75055
0.00014,0.56228,0.00000,0.00000,0.00000,0.00000,0.00000,0.00000,0.00000,0.00000,0.00000,0.00000,0.00000,0.00000,0.00000,0.00000,0.00000,0.00000,0.39622,0.04135
0.00000,0.00000,0.00000,0.00000,0.00000,0.00000,0.00000,0.00000,0.00000,0.00000,0.82861,0.11901,0.00000,0.00000,0.00000,0.00000,0.00000,0.00000,0.04453,0.00785
0.00000,0.00000,0.00000,0.00000,0.00000,0.00000,0.00000,0.00000,0.34760,0.53108,0.00000,0.00000,0.00000,0.00000,0.00000,0.00000,0.00000,0.00000,0.11715,0.00417
0.00000,0.00000,0.00000,0.00000,0.00000,0.00000,0.00000,0.00000,0.19933,0.27623,0.00000,0.00000,0.00000,0.00000,0.00000,0.00000,0.00000,0.00000,0.52444,0.00000
0.00000,0.00000,0.00000,0.00000,0.00000,0.00000,0.00000,0.00000,0.17773,0.40367,0.00000,0.00000,0.00000,0.00000,0.00000,0.00000,0.00000,0.00000,0.39749,0.02111
0.00000,0.00000,0.00000,0.00000,0.00000,0.00000,0.00000,0.00000,0.00000,0.00000,0.12090,0.84874,0.00000,0.00000,0.00000,0.00000,0.00000,0.00000,0.03037,0.00000
0.14174,0.01458,0.00000,0.00000,0.00000,0.00000,0.00000,0.00000,0.00000,0.00000,0.00000,0.00000,0.00000,0.00000,0.00000,0.00000,0.00000,0.00000,0.61960,0.22408
0.00000,0.00000,0.00000,0.00000,0.00000,0.00000,0.00000,0.00000,0.00000,0.00000,0.00000,0.00000,0.00000,0.00000,0.91118,0.01424,0.00000,0.00000,0.07457,0.00000
0.00000,0.00000,0.00000,0.00000,0.00000,0.00000,0.00000,0.00000,0.01023,0.94747,0.00000,0.00000,0.00000,0.00000,0.00000,0.00000,0.00000,0.00000,0.04231,0.00000
0.64570,0.00298,0.00000,0.00000,0.00000,0.00000,0.00000,0.00000,0.00000,0.00000,0.00000,0.00000,0.00000,0.00000,0.00000,0.00000,0.00000,0.00000,0.00248,0.34885
0.00000,0.00000,0.04861,0.94739,0.00000,0.00000,0.00000,0.00000,0.00000,0.00000,0.00000,0.00000,0.00000,0.00000,0.00000,0.00000,0.00000,0.00000,0.00400,0.00000
0.00000,0.00000,0.00000,0.00000,0.00000,0.00000,0.00065,0.96692,0.00000,0.00000,0.00000,0.00000,0.00000,0.00000,0.00000,0.00000,0.00000,0.00000,0.03241,0.00002
0.00000,0.00000,0.00000,0.00000,0.00000,0.00000,0.00000,0.00000,0.24292,0.15507,0.00000,0.00000,0.00000,0.00000,0.00000,0.00000,0.00000,0.00000,0.49910,0.10291
0.00000,0.00000,0.00000,0.00000,0.00000,0.00000,0.00000,0.00000,0.00000,0.00000,0.00000,0.00000,0.00000,0.00000,0.05778,0.79906,0.00000,0.00000,0.14159,0.00158
0.00000,0.00000,0.00000,0.00000,0.00000,0.00000,0.00000,0.00000,0.00000,0.00000,0.00000,0.00000,0.88623,0.06134,0.00000,0.00000,0.00000,0.00000,0.05243,0.00000
0.00000,0.00000,0.00000,0.00000,0.00000,0.00000,0.00000,0.00000,0.30809,0.45302,0.00000,0.00000,0.00000,0.00000,0.00000,0.00000,0.00000,0.00000,0.23491,0.00399
0.00000,0.00000,0.00000,0.00000,0.00000,0.00000,0.00000,0.00000,0.00000,0.00000,0.00000,0.00000,0.00000,0.00000,0.27508,0.71803,0.00000,0.00000,0.00689,0.00000
0.00000,0.00000,0.00000,0.00000,0.00000,0.00000,0.00000,0.00000,0.00000,0.00000,0.00000,0.00000,0.00180,0.13366,0.00000,0.00000,0.00000,0.00000,0.00006,0.86447
0.00000,0.00000,0.87840,0.00071,0.00000,0.00000,0.00000,0.00000,0.00000,0.00000,0.00000,0.00000,0.00000,0.00000,0.00000,0.00000,0.00000,0.00000,0.00027,0.12063
0.00000,0.00000,0.00000,0.00000,0.23472,0.02165,0.00000,0.00000,0.00000,0.00000,0.00000,0.00000,0.00000,0.00000,0.00000,0.00000,0.00000,0.00000,0.74363,0.00000
0.00000,0.00000,0.00000,0.00000,0.00000,0.00000,0.00000,0.00000,0.00000,0.00000,0.00000,0.00000,0.00000,0.00000,0.63514,0.35366,0.00000,0.00000,0.01120,0.00000
0.00010,0.80855,0.00000,0.00000,0.00000,0.00000,0.00000,0.00000,0.00000,0.00000,0.00000,0.00000,0.00000,0.00000,0.00000,0.00000,0.00000,0.00000,0.19135,0.00000
0.07500,0.06592,0.00000,0.00000,0.00000,0.00000,0.00000,0.00000,0.00000,0.00000,0.00000,0.00000,0.00000,0.00000,0.00000,0.00000,0.00000,0.00000,0.70916,0.14991
0.00000,0.00000,0.00000,0.00000,0.00000,0.00000,0.00085,0.96779,0.00000,0.00000,0.00000,0.00000,0.00000,0.00000,0.00000,0.00000,0.00000,0.00000,0.03091,0.00046
0.00000,0.00000,0.00006,0.96858,0.00000,0.00000,0.00000,0.00000,0.00000,0.00000,0.00000,0.00000,0.00000,0.00000,0.00000,0.00000,0.00000,0.00000,0.01037,0.02099
0.00000,0.00000,0.00000,0.00000,0.00000,0.00000,0.00000,0.00000,0.00000,0.00000,0.00000,0.00000,0.00000,0.00000,0.78526,0.04362,0.00000,0.00000,0.17113,0.00000
0.00000,0.00000,0.00000,0.00000,0.12637,0.49483,0.00000,0.00000,0.00000,0.00000,0.00000,0.00000,0.00000,0.00000,0.00000,0.00000,0.00000,0.00000,0.37118,0.00762
0.00000,0.00000,0.00000,0.00000,0.00000,0.00000,0.00000,0.00000,0.00000,0.00000,0.00000,0.00000,0.80991,0.18515,0.00000,0.00000,0.00000,0.00000,0.00021,0.00474
0.00000,0.00000,0.00000,0.00000,0.00000,0.00000,0.00000,0.00000,0.00000,0.00000,0.09042,0.37843,0.00000,0.00000,0.00000,0.00000,0.00000,0.00000,0.30883,0.22232
0.00000,0.00000,0.67099,0.28209,0.00000,0.00000,0.00000,0.00000,0.00000,0.00000,0.00000,0.00000,0.00000,0.00000,0.00000,0.00000,0.00000,0.00000,0.04669,0.00023
0.00000,0.00000,0.00000,0.00000,0.00000,0.00000,0.00000,0.00000,0.00000,0.00000,0.00000,0.00000,0.00000,0.00000,0.12950,0.84223,0.00000,0.00000,0.02785,0.00042
0.00000,0.00000,0.00000,0.00000,0.00000,0.00000,0.00000,0.00000,0.00000,0.00000,0.00000,0.00000,0.00000,0.00000,0.00000,0.00000,0.07141,0.61478,0.31382,0.00000
0.00000,0.00000,0.00000,0.00000,0.00000,0.00000,0.00000,0.00000,0.00000,0.00000,0.04378,0.31415,0.00000,0.00000,0.00000,0.00000,0.00000,0.00000,0.64207,0.00000
0.00000,0.00000,0.00000,0.00000,0.00000,0.00000,0.00000,0.00000,0.10906,0.88814,0.00000,0.00000,0.00000,0.00000,0.00000,0.00000,0.00000,0.00000,0.00280,0.00000
0.00000,0.00000,0.00000,0.00000,0.02394,0.15487,0.00000,0.00000,0.00000,0.00000,0.00000,0.00000,0.00000,0.00000,0.00000,0.00000,0.00000,0.00000,0.82008,0.00111
0.00000,0.00000,0.00000,0.00000,0.00688,0.02056,0.00000,0.00000,0.00000,0.00000,0.00000,0.00000,0.00000,0.00000,0.00000,0.00000,0.00000,0.00000,0.97255,0.00000
0.00000,0.00000,0.00000,0.00000,0.00000,0.00000,0.00000,0.00000,0.04831,0.06532,0.00000,0.00000,0.00000,0.00000,0.00000,0.00000,0.00000,0.00000,0.88473,0.00164
0.00000,0.00000,0.00000,0.00000,0.00000,0.00000,0.00000,0.00000,0.00000,0.00000,0.00000,0.00000,0.00000,0.00000,0.22247,0.12834,0.00000,0.00000,0.00878,0.64040
0.00000,0.00000,0.00000,0.00000,0.00000,0.00000,0.00000,0.00000,0.00000,0.00000,0.00630,0.64247,0.00000,0.00000,0.00000,0.00000,0.00000,0.00000,0.18013,0.17110
0.00000,0.00000,0.00000,0.00000,0.77199,0.14355,0.00000,0.00000,0.00000,0.00000,0.00000,0.00000,0.00000,0.00000,0.00000,0.00000,0.00000,0.00000,0.01448,0.06998
0.02774,0.02905,0.00000,0.00000,0.00000,0.00000,0.00000,0.00000,0.00000,0.00000,0.00000,0.00000,0.00000,0.00000,0.00000,0.00000,0.00000,0.00000,0.78704,0.15617
0.00000,0.00000,0.00000,0.00000,0.00000,0.00000,0.00000,0.00000,0.00000,0.00000,0.00000,0.00000,0.00000,0.00000,0.00000,0.00000,0.19041,0.54852,0.25848,0.00259
0.00000,0.00000,0.00000,0.00000,0.00000,0.00000,0.02784,0.97196,0.00000,0.00000,0.00000,0.00000,0.00000,0.00000,0.00000,0.00000,0.00000,0.00000,0.00017,0.00003
0.00000,0.00000,0.00000,0.00000,0.00000,0.00000,0.00000,0.00000,0.00000,0.00000,0.00000,0.00000,0.97408,0.00247,0.00000,0.00000,0.00000,0.00000,0.02342,0.00003
0.00000,0.00000,0.00000,0.00000,0.00030,0.06648,0.00000,0.00000,0.00000,0.00000,0.00000,0.00000,0.00000,0.00000,0.00000,0.00000,0.00000,0.00000,0.04777,0.88545
0.00000,0.00000,0.00000,0.00000,0.00000,0.00000,0.00000,0.00000,0.65735,0.14572,0.00000,0.00000,0.00000,0.00000,0.00000,0.00000,0.00000,0.00000,0.07396,0.12298
0.00000,0.00000,0.00000,0.00000,0.77500,0.08275,0.00000,0.00000,0.00000,0.00000,0.00000,0.00000,0.00000,0.00000,0.00000,0.00000,0.00000,0.00000,0.02671,0.11554
0.00000,0.00000,0.00000,0.00000,0.25476,0.38978,0.00000,0.00000,0.00000,0.00000,0.00000,0.00000,0.00000,0.00000,0.00000,0.00000,0.00000,0.00000,0.35544,0.00002
0.00235,0.99764,0.00000,0.00000,0.00000,0.00000,0.00000,0.00000,0.00000,0.00000,0.00000,0.00000,0.00000,0.00000,0.00000,0.00000,0.00000,0.00000,0.00001,0.00000
0.00000,0.00000,0.00000,0.00000,0.00454,0.35171,0.00000,0.00000,0.00000,0.00000,0.00000,0.00000,0.00000,0.00000,0.00000,0.00000,0.00000,0.00000,0.62040,0.02335
0.00000,0.00000,0.00156,0.99518,0.00000,0.00000,0.00000,0.00000,0.00000,0.00000,0.00000,0.00000,0.00000,0.00000,0.00000,0.00000,0.00000,0.00000,0.00232,0.00094
0.15394,0.00111,0.00000,0.00000,0.00000,0.00000,0.00000,0.00000,0.00000,0.00000,0.00000,0.00000,0.00000,0.00000,0.00000,0.00000,0.00000,0.00000,0.36813,0.47682
0.00000,0.00000,0.00000,0.00000,0.00000,0.00000,0.00000,0.00000,0.99591,0.00005,0.00000,0.00000,0.00000,0.00000,0.00000,0.00000,0.00000,0.00000,0.00404,0.00000
0.03489,0.96150,0.00000,0.00000,0.00000,0.00000,0.00000,0.00000,0.00000,0.00000,0.00000,0.00000,0.00000,0.00000,0.00000,0.00000,0.00000,0.00000,0.00339,0.00022
0.00000,0.00000,0.00000,0.00000,0.54630,0.45233,0.00000,0.00000,0.00000,0.00000,0.00000,0.00000,0.00000,0.00000,0.00000,0.00000,0.00000,0.00000,0.00104,0.00032
0.00000,0.00000,0.00000,0.00000,0.00000,0.00000,0.00000,0.00000,0.00000,0.00000,0.00000,0.00000,0.00000,0.00000,0.00000,0.00000,0.21685,0.77965,0.00350,0.00000
0.00000,0.00000,0.00000,0.00000,0.01027,0.98971,0.00000,0.00000,0.00000,0.00000,0.00000,0.00000,0.00000,0.00000,0.00000,0.00000,0.00000,0.00000,0.00002,0.00000
0.00000,0.00000,0.00000,0.00000,0.00000,0.00000,0.00000,0.00000,0.00000,0.00000,0.18421,0.81410,0.00000,0.00000,0.00000,0.00000,0.00000,0.00000,0.00168,0.00000
0.00000,0.00000,0.00000,0.00000,0.00000,0.00000,0.00000,0.00000,0.00000,0.00000,0.00000,0.00000,0.89550,0.00082,0.00000,0.00000,0.00000,0.00000,0.10369,0.00000
0.00000,0.00000,0.00000,0.00000,0.00623,0.97587,0.00000,0.00000,0.00000,0.00000,0.00000,0.00000,0.00000,0.00000,0.00000,0.00000,0.00000,0.00000,0.00194,0.01595
0.00000,0.00000,0.00000,0.00000,0.00000,0.00000,0.00000,0.00000,0.00000,0.00000,0.00000,0.00000,0.00000,0.00000,0.77203,0.20817,0.00000,0.00000,0.01980,0.00000
0.00000,0.00000,0.00000,0.00000,0.00000,0.00000,0.00000,0.00000,0.00000,0.00000,0.14911,0.80367,0.00000,0.00000,0.00000,0.00000,0.00000,0.00000,0.04707,0.00014
0.00000,0.00000,0.00000,0.00000,0.00000,0.00000,0.00000,0.00000,0.00000,0.00000,0.00000,0.00000,0.00000,0.00000,0.00000,0.00000,0.01573,0.49807,0.48488,0.00132
0.00000,0.00000,0.00000,0.00000,0.00000,0.00000,0.00000,0.00000,0.00000,0.00000,0.00000,0.00000,0.00000,0.00000,0.00000,0.00000,0.89069,0.01407,0.09438,0.00085
0.00000,0.00000,0.00000,0.00000,0.00000,0.00000,0.00000,0.00000,0.00000,0.00000,0.00000,0.00000,0.04912,0.38474,0.00000,0.00000,0.00000,0.00000,0.56614,0.00000
0.00000,0.00000,0.00000,0.00000,0.00000,0.00000,0.00000,0.00000,0.21422,0.66357,0.00000,0.00000,0.00000,0.00000,0.00000,0.00000,0.00000,0.00000,0.12221,0.00000
0.00000,0.00000,0.00000,0.00000,0.00000,0.00000,0.00000,0.00000,0.22810,0.52604,0.00000,0.00000,0.00000,0.00000,0.00000,0.00000,0.00000,0.00000,0.00009,0.24577
0.33535,0.02628,0.00000,0.00000,0.00000,0.00000,0.00000,0.00000,0.00000,0.00000,0.00000,0.00000,0.00000,0.00000,0.00000,0.00000,0.00000,0.00000,0.57472,0.06365
0.00000,0.00000,0.00000,0.00000,0.00000,0.00000,0.00000,0.00000,0.00000,0.00000,0.00000,0.00000,0.00000,0.00000,0.00009,0.34470,0.00000,0.00000,0.65520,0.00001
0.00153,0.61210,0.00000,0.00000,0.00000,0.00000,0.00000,0.00000,0.00000,0.00000,0.00000,0.00000,0.00000,0.00000,0.00000,0.00000,0.00000,0.00000,0.36637,0.01999
0.00000,0.00000,0.00000,0.00000,0.04524,0.65769,0.00000,0.00000,0.00000,0.00000,0.00000,0.00000,0.00000,0.00000,0.00000,0.00000,0.00000,0.00000,0.01845,0.27862
0.00000,0.00000,0.00000,0.00000,0.00000,0.00000,0.00000,0.00000,0.00000,0.00000,0.01460,0.97187,0.00000,0.00000,0.00000,0.00000,0.00000,0.00000,0.01307,0.00045
0.00000,0.00000,0.97619,0.01488,0.00000,0.00000,0.00000,0.00000,0.00000,0.00000,0.00000,0.00000,0.00000,0.00000,0.00000,0.00000,0.00000,0.00000,0.00824,0.00070
0.00000,0.00000,0.00000,0.00000,0.00000,0.00000,0.17250,0.82668,0.00000,0.00000,0.00000,0.00000,0.00000,0.00000,0.00000,0.00000,0.00000,0.00000,0.00012,0.00069
0.01933,0.45888,0.00000,0.00000,0.00000,0.00000,0.00000,0.00000,0.00000,0.00000,0.00000,0.00000,0.00000,0.00000,0.00000,0.00000,0.00000,0.00000,0.43980,0.08199
0.00000,0.00000,0.00000,0.00000,0.00000,0.00000,0.00000,0.00000,0.81311,0.08812,0.00000,0.00000,0.00000,0.00000,0.00000,0.00000,0.00000,0.00000,0.09866,0.00011
0.00000,0.00000,0.00000,0.00000,0.00000,0.00000,0.00000,0.00000,0.00000,0.00000,0.00000,0.00000,0.00077,0.99902,0.00000,0.00000,0.00000,0.00000,0.00018,0.00004
0.00000,0.00000,0.00000,0.00000,0.00810,0.91581,0.00000,0.00000,0.00000,0.00000,0.00000,0.00000,0.00000,0.00000,0.00000,0.00000,0.00000,0.00000,0.00036,0.07573
0.00000,0.00000,0.00000,0.00000,0.00000,0.00000,0.00000,0.00000,0.00000,0.00000,0.00000,0.00000,0.00000,0.00000,0.00000,0.00000,0.39442,0.53942,0.00009,0.06606
0.00000,0.00000,0.00000,0.00000,0.00000,0.00000,0.00000,0.00000,0.00000,0.00000,0.00000,0.34962,0.00000,0.00000,0.00000,0.00000,0.00000,0.00000,0.24543,0.40495
0.00000,0.00000,0.00000,0.00000,0.00000,0.00000,0.00000,0.00000,0.00000,0.00000,0.00000,0.00000,0.00000,0.00000,0.00000,0.00000,0.25958,0.15815,0.16128,0.42100
0.00000,0.00000,0.00000,0.00000,0.00000,0.00000,0.00000,0.00000,0.00000,0.00000,0.00000,0.00000,0.81534,0.01081,0.00000,0.00000,0.00000,0.00000,0.17385,0.00000
0.00000,0.00000,0.00000,0.00000,0.00000,0.00000,0.00000,0.00000,0.00000,0.00000,0.00000,0.00000,0.00000,0.00000,0.44477,0.05380,0.00000,0.00000,0.49769,0.00373
0.00000,0.00000,0.00000,0.00000,0.00000,0.00000,0.00000,0.00000,0.00000,0.00000,0.00000,0.00000,0.03339,0.19008,0.00000,0.00000,0.00000,0.00000,0.77653,0.00000
0.00000,0.00000,0.79664,0.00466,0.00000,0.00000,0.00000,0.00000,0.00000,0.00000,0.00000,0.00000,0.00000,0.00000,0.00000,0.00000,0.00000,0.00000,0.06668,0.13202
0.00000,0.00000,0.00000,0.00000,0.00000,0.00000,0.20679,0.79101,0.00000,0.00000,0.00000,0.00000,0.00000,0.00000,0.00000,0.00000,0.00000,0.00000,0.00221,0.00000
0.00000,0.00000,0.00000,0.00000,0.00000,0.00000,0.00000,0.00000,0.00000,0.00000,0.00000,0.00000,0.00000,0.00000,0.00000,0.00000,0.14137,0.81951,0.02759,0.01153
0.00000,0.00000,0.00000,0.00000,0.00000,0.00000,0.00000,0.00000,0.00000,0.00000,0.00000,0.00000,0.63905,0.13562,0.00000,0.00000,0.00000,0.00000,0.22533,0.00000
0.08552,0.26086,0.00000,0.00000,0.00000,0.00000,0.00000,0.00000,0.00000,0.00000,0.00000,0.00000,0.00000,0.00000,0.00000,0.00000,0.00000,0.00000,0.65158,0.00205
0.00000,0.00000,0.00000,0.00000,0.00000,0.00000,0.00000,0.00000,0.00000,0.00000,0.00000,0.00000,0.00000,0.00000,0.97522,0.02437,0.00000,0.00000,0.00041,0.00000
0.13139,0.86379,0.00000,0.00000,0.00000,0.00000,0.00000,0.00000,0.00000,0.00000,0.00000,0.00000,0.00000,0.00000,0.00000,0.00000,0.00000,0.00000,0.00481,0.00001
0.00000,0.00000,0.00000,0.00000,0.00000,0.00000,0.00000,0.00000,0.00000,0.00000,0.00000,0.00000,0.86934,0.04143,0.00000,0.00000,0.00000,0.00000,0.08893,0.00030
0.00000,0.00000,0.00000,0.00000,0.00000,0.00000,0.00000,0.00000,0.00000,0.00000,0.00000,0.00000,0.00000,0.00000,0.88716,0.00065,0.00000,0.00000,0.11206,0.00013
0.24680,0.70276,0.00000,0.00000,0.00000,0.00000,0.00000,0.00000,0.00000,0.00000,0.00000,0.00000,0.00000,0.00000,0.00000,0.00000,0.00000,0.00000,0.03887,0.01156
0.00000,0.00000,0.76989,0.18335,0.00000,0.00000,0.00000,0.00000,0.00000,0.00000,0.00000,0.00000,0.00000,0.00000,0.00000,0.00000,0.00000,0.00000,0.04677,0.00000
0.00000,0.00000,0.00000,0.00000,0.00000,0.00000,0.00000,0.00000,0.24545,0.31179,0.00000,0.00000,0.00000,0.00000,0.00000,0.00000,0.00000,0.00000,0.23803,0.20472
0.00000,0.00000,0.00000,0.00000,0.00000,0.00000,0.00000,0.00000,0.00000,0.00000,0.00000,0.00000,0.00000,0.00000,0.00000,0.00000,0.00003,0.22676,0.17824,0.59497
0.00000,0.00000,0.00000,0.00000,0.00000,0.00000,0.13871,0.01106,0.00000,0.00000,0.00000,0.00000,0.00000,0.00000,0.00000,0.00000,0.00000,0.00000,0.85023,0.00000
0.00000,0.00000,0.00000,0.00000,0.00000,0.00000,0.21266,0.73095,0.00000,0.00000,0.00000,0.00000,0.00000,0.00000,0.00000,0.00000,0.00000,0.00000,0.05638,0.00000
0.00000,0.00000,0.00000,0.00000,0.00000,0.00000,0.00000,0.00000,0.00000,0.00000,0.00525,0.99396,0.00000,0.00000,0.00000,0.00000,0.00000,0.00000,0.00024,0.00055
0.00000,0.00000,0.00000,0.00000,0.00000,0.00000,0.00000,0.00000,0.00000,0.00000,0.31887,0.48901,0.00000,0.00000,0.00000,0.00000,0.00000,0.00000,0.19211,0.00000
0.00000,0.00000,0.00000,0.00000,0.00000,0.00000,0.00000,0.00000,0.00000,0.00000,0.00000,0.00000,0.45587,0.29389,0.00000,0.00000,0.00000,0.00000,0.25024,0.00000
0.90589,0.01100,0.00000,0.00000,0.00000,0.00000,0.00000,0.00000,0.00000,0.00000,0.00000,0.00000,0.00000,0.00000,0.00000,0.00000,0.00000,0.00000,0.08274,0.00038
0.29757,0.20371,0.00000,0.00000,0.00000,0.00000,0.00000,0.00000,0.00000,0.00000,0.00000,0.00000,0.00000,0.00000,0.00000,0.00000,0.00000,0.00000,0.00000,0.49873
0.00000,0.00000,0.00000,0.00000,0.00000,0.00000,0.00000,0.00000,0.45185,0.30323,0.00000,0.00000,0.00000,0.00000,0.00000,0.00000,0.00000,0.00000,0.23599,0.00893
0.00000,0.00000,0.00000,0.00000,0.00000,0.00000,0.00000,0.00000,0.00000,0.00000,0.00000,0.00000,0.00000,0.00000,0.00000,0.00000,0.02296,0.95546,0.00020,0.02138
0.00000,0.00000,0.00000,0.00000,0.00000,0.00000,0.00000,0.00000,0.00000,0.00000,0.00468,0.94352,0.00000,0.00000,0.00000,0.00000,0.00000,0.00000,0.05181,0.00000
0.00000,0.00000,0.00000,0.00000,0.00000,0.00000,0.89407,0.03406,0.00000,0.00000,0.00000,0.00000,0.00000,0.00000,0.00000,0.00000,0.00000,0.00000,0.07183,0.00004
0.00000,0.00000,0.11116,0.78368,0.00000,0.00000,0.00000,0.00000,0.00000,0.00000,0.00000,0.00000,0.00000,0.00000,0.00000,0.00000,0.00000,0.00000,0.10515,0.00001
0.00000,0.00000,0.00000,0.00000,0.00000,0.00000,0.00000,0.00000,0.76512,0.15779,0.00000,0.00000,0.00000,0.00000,0.00000,0.00000,0.00000,0.00000,0.07708,0.00000
0.00000,0.00000,0.00000,0.00000,0.00000,0.00000,0.00000,0.00000,0.00000,0.00000,0.11296,0.88147,0.00000,0.00000,0.00000,0.00000,0.00000,0.00000,0.00077,0.00479
0.04218,0.63051,0.00000,0.00000,0.00000,0.00000,0.00000,0.00000,0.00000,0.00000,0.00000,0.00000,0.00000,0.00000,0.00000,0.00000,0.00000,0.00000,0.32731,0.00000
0.00000,0.00000,0.00000,0.00000,0.00000,0.00000,0.00000,0.00000,0.00000,0.00000,0.00000,0.00000,0.00000,0.00000,0.00000,0.00000,0.77891,0.17853,0.04256,0.00000
0.00000,0.00000,0.55248,0.44049,0.00000,0.00000,0.00000,0.00000,0.00000,0.00000,0.00000,0.00000,0.00000,0.00000,0.00000,0.00000,0.00000,0.00000,0.00055,0.00647
0.00000,0.00000,0.00000,0.00000,0.00000,0.00000,0.00000,0.00000,0.00000,0.00000,0.00000,0.00000,0.00000,0.00000,0.57763,0.36923,0.00000,0.00000,0.05311,0.00003
0.00000,0.00000,0.00000,0.00000,0.00000,0.00000,0.37075,0.10438,0.00000,0.00000,0.00000,0.00000,0.00000,0.00000,0.00000,0.00000,0.00000,0.00000,0.52363,0.00124
0.85414,0.00716,0.00000,0.00000,0.00000,0.00000,0.00000,0.00000,0.00000,0.00000,0.00000,0.00000,0.00000,0.00000,0.00000,0.00000,0.00000,0.00000,0.13870,0.00000
0.00000,0.00000,0.00000,0.00000,0.00000,0.00000,0.00000,0.00000,0.00000,0.00000,0.00000,0.00000,0.14540,0.47396,0.00000,0.00000,0.00000,0.00000,0.38064,0.00000
0.00000,0.00000,0.28360,0.69220,0.00000,0.00000,0.00000,0.00000,0.00000,0.00000,0.00000,0.00000,0.00000,0.00000,0.00000,0.00000,0.00000,0.00000,0.00911,0.01510
0.00000,0.00000,0.00000,0.00000,0.00000,0.00000,0.00000,0.00000,0.00000,0.00000,0.99326,0.00564,0.00000,0.00000,0.00000,0.00000,0.00000,0.00000,0.00110,0.00000
0.00000,0.00000,0.00000,0.00000,0.00000,0.00000,0.00000,0.00000,0.00000,0.00000,0.43375,0.00294,0.00000,0.00000,0.00000,0.00000,0.00000,0.00000,0.56328,0.00003
0.00000,0.00000,0.00000,0.00000,0.00000,0.00000,0.00000,0.00000,0.00000,0.00000,0.00000,0.00000,0.00000,0.00000,0.02393,0.62092,0.00000,0.00000,0.23953,0.11562
0.00000,0.00000,0.00000,0.00000,0.00000,0.00000,0.00000,0.00000,0.37567,0.14366,0.00000,0.00000,0.00000,0.00000,0.00000,0.00000,0.00000,0.00000,0.40669,0.07398
0.00000,0.00000,0.01189,0.20702,0.00000,0.00000,0.00000,0.00000,0.00000,0.00000,0.00000,0.00000,0.00000,0.00000,0.00000,0.00000,0.00000,0.00000,0.68763,0.09345
0.00000,0.00000,0.00000,0.00000,0.00000,0.00000,0.00000,0.00000,0.00000,0.00000,0.12587,0.51146,0.00000,0.00000,0.00000,0.00000,0.00000,0.00000,0.35992,0.00275
0.02138,0.03592,0.00000,0.00000,0.00000,0.00000,0.00000,0.00000,0.00000,0.00000,0.00000,0.00000,0.00000,0.00000,0.00000,0.00000,0.00000,0.00000,0.94268,0.00002
0.00000,0.00000,0.15357,0.34758,0.00000,0.00000,0.00000,0.00000,0.00000,0.00000,0.00000,0.00000,0.00000,0.00000,0.00000,0.00000,0.00000,0.00000,0.49885,0.00000
0.00000,0.00000,0.00000,0.00000,0.00000,0.00000,0.00000,0.00000,0.00000,0.00000,0.00000,0.00000,0.00000,0.00000,0.14484,0.63812,0.00000,0.00000,0.21701,0.00002
0.00000,0.00000,0.00000,0.00000,0.00000,0.00000,0.00000,0.00000,0.00000,0.00000,0.00000,0.00000,0.00002,0.31305,0.00000,0.00000,0.00000,0.00000,0.00011,0.68682
0.00000,0.00000,0.00000,0.00000,0.00000,0.00000,0.67820,0.28691,0.00000,0.00000,0.00000,0.00000,0.00000,0.00000,0.00000,0.00000,0.00000,0.00000,0.02717,0.00772
0.00000,0.00000,0.04394,0.95604,0.00000,0.00000,0.00000,0.00000,0.00000,0.00000,0.00000,0.00000,0.00000,0.00000,0.00000,0.00000,0.00000,0.00000,0.00001,0.00001
0.00000,0.00000,0.00000,0.00000,0.00000,0.00000,0.00000,0.00000,0.00000,0.00000,0.00000,0.00000,0.00000,0.00000,0.00000,0.00000,0.51616,0.01004,0.47380,0.00000
0.00000,0.00000,0.00000,0.00000,0.00000,0.00000,0.00000,0.00000,0.04690,0.59468,0.00000,0.00000,0.00000,0.00000,0.00000,0.00000,0.00000,0.00000,0.01376,0.34465
0.00000,0.00000,0.00000,0.00000,0.00000,0.00000,0.00000,0.00000,0.00000,0.00000,0.00000,0.00000,0.00000,0.00000,0.00000,0.00000,0.00834,0.99162,0.00004,0.00000
0.00000,0.00000,0.00000,0.00000,0.00000,0.00000,0.00000,0.00000,0.00000,0.00000,0.00000,0.00000,0.01052,0.39180,0.00000,0.00000,0.00000,0.00000,0.59711,0.00057
0.00000,0.00000,0.00000,0.00000,0.00000,0.00000,0.00000,0.00000,0.00000,0.00000,0.00000,0.00000,0.00106,0.35888,0.00000,0.00000,0.00000,0.00000,0.61830,0.02176
0.00000,0.00000,0.00000,0.00000,0.00000,0.00000,0.00000,0.00000,0.00000,0.00000,0.00000,0.00000,0.00080,0.19825,0.00000,0.00000,0.00000,0.00000,0.80095,0.00000
0.00000,0.00000,0.00000,0.00000,0.00000,0.00000,0.00000,0.00000,0.00000,0.00000,0.58084,0.00125,0.00000,0.00000,0.00000,0.00000,0.00000,0.00000,0.41607,0.00185
0.00000,0.00000,0.02942,0.00421,0.00000,0.00000,0.00000,0.00000,0.00000,0.00000,0.00000,0.00000,0.00000,0.00000,0.00000,0.00000,0.00000,0.00000,0.94844,0.01793
0.00000,0.00000,0.00000,0.00000,0.00000,0.00000,0.00000,0.00000,0.00000,0.00000,0.00000,0.00000,0.00000,0.00000,0.00000,0.00000,0.02869,0.96812,0.00000,0.00319
0.00000,0.00000,0.00000,0.00000,0.00000,0.00000,0.00000,0.00000,0.00000,0.00000,0.15098,0.73139,0.00000,0.00000,0.00000,0.00000,0.00000,0.00000,0.11676,0.00088
0.00000,0.00000,0.00000,0.00000,0.00000,0.00000,0.00000,0.00000,0.00000,0.00000,0.27513,0.44357,0.00000,0.00000,0.00000,0.00000,0.00000,0.00000,0.27631,0.00498
0.00000,0.00000,0.00000,0.00000,0.00000,0.00000,0.00000,0.00000,0.00000,0.00000,0.00000,0.00000,0.26245,0.27659,0.00000,0.00000,0.00000,0.00000,0.46097,0.00000
0.00000,0.00000,0.00000,0.00000,0.00000,0.00000,0.00000,0.00000,0.00000,0.00000,0.00000,0.00000,0.00000,0.00000,0.00094,0.12309,0.00000,0.00000,0.82042,0.05556
0.00000,0.00000,0.00000,0.00000,0.00000,0.00000,0.00854,0.45948,0.00000,0.00000,0.00000,0.00000,0.00000,0.00000,0.00000,0.00000,0.00000,0.00000,0.53007,0.00191
0.00000,0.00000,0.00000,0.00000,0.00000,0.00000,0.00000,0.00000,0.27588,0.58328,0.00000,0.00000,0.00000,0.00000,0.00000,0.00000,0.00000,0.00000,0.13872,0.00213
