0.24505,0.07995,0.02660,0.05452,0.02786,0.05824,0.03807,0.09523,0.05531,0.01211,0.02428,0.04344,0.01648,0.02891,0.06044,0.02386,0.02207,0.02559,0.02666,0.03534
0.42550,0.02372,0.02234,0.09611,0.02115,0.06230,0.02645,0.02320,0.03970,0.02051,0.01930,0.01188,0.03494,0.02493,0.01587,0.02554,0.01819,0.03048,0.02501,0.03288
0.12261,0.09216,0.02242,0.22416,0.01938,0.08623,0.02112,0.11944,0.04357,0.01677,0.02417,0.01422,0.01896,0.03165,0.01397,0.02867,0.03204,0.02780,0.01588,0.02476
0.22386,0.10949,0.04226,0.05944,0.03919,0.05575,0.04211,0.06826,0.04109,0.02190,0.03000,0.04742,0.01868,0.02722,0.03583,0.02150,0.02368,0.02466,0.02320,0.04447
0.10872,0.09293,0.06782,0.05918,0.02836,0.08417,0.11815,0.06237,0.03713,0.02452,0.03101,0.02581,0.01831,0.06058,0.02484,0.02725,0.02432,0.03136,0.03450,0.03866
0.27961,0.09398,0.04194,0.03135,0.03082,0.02980,0.03020,0.09583,0.05354,0.03283,0.03028,0.02568,0.04355,0.02848,0.01960,0.02964,0.02438,0.02165,0.02598,0.03085
0.15303,0.10694,0.04912,0.04752,0.02812,0.04630,0.06827,0.07164,0.07429,0.03029,0.03421,0.02499,0.03846,0.02364,0.02730,0.03681,0.02633,0.02692,0.03574,0.05009
0.30328,0.06264,0.01744,0.11605,0.02112,0.06193,0.02021,0.13986,0.03467,0.01533,0.01992,0.01691,0.01543,0.02431,0.01745,0.01946,0.02827,0.02969,0.01354,0.02249
0.16840,0.31524,0.02679,0.04700,0.01916,0.04189,0.02527,0.08548,0.04347,0.00885,0.02332,0.02234,0.01348,0.01629,0.02617,0.02495,0.02142,0.01896,0.01468,0.03683
0.06107,0.13415,0.03917,0.04701,0.03328,0.05703,0.05642,0.09077,0.04996,0.02535,0.04281,0.06305,0.02850,0.03252,0.05331,0.02961,0.02255,0.02651,0.04467,0.06226
0.06168,0.04964,0.05308,0.04990,0.03110,0.05070,0.03143,0.04475,0.02731,0.02417,0.02395,0.16692,0.01830,0.01680,0.20586,0.03035,0.02208,0.01809,0.02717,0.04670
0.11553,0.09036,0.09208,0.04787,0.03850,0.06229,0.08664,0.05845,0.03998,0.02124,0.03966,0.02293,0.02507,0.04080,0.03051,0.03090,0.03706,0.02661,0.04749,0.04603
0.17279,0.28326,0.04062,0.03565,0.02290,0.03183,0.03109,0.11051,0.03449,0.01652,0.02922,0.02223,0.01665,0.02495,0.01930,0.02204,0.02061,0.02148,0.01984,0.02404
0.14140,0.07161,0.05688,0.07239,0.03907,0.07810,0.06654,0.05323,0.03788,0.02308,0.03963,0.03113,0.02436,0.03968,0.03446,0.03563,0.04159,0.04490,0.02897,0.03950
0.35472,0.05136,0.03189,0.09806,0.02785,0.11275,0.02859,0.03485,0.03081,0.01441,0.02201,0.02213,0.01765,0.02201,0.01975,0.02201,0.02227,0.01731,0.02557,0.02401
0.16433,0.05251,0.02517,0.14098,0.03381,0.14142,0.02040,0.07617,0.05149,0.03558,0.02086,0.02290,0.03025,0.02380,0.02313,0.02976,0.03205,0.02187,0.02334,0.03016
0.11127,0.05863,0.02840,0.05758,0.02556,0.03987,0.03188,0.18913,0.06493,0.04896,0.02650,0.05690,0.02506,0.03170,0.05775,0.02269,0.03727,0.02257,0.02468,0.03869
0.08111,0.11346,0.03657,0.09372,0.03120,0.11469,0.03713,0.08023,0.05063,0.02954,0.03057,0.05658,0.02158,0.02769,0.04185,0.03480,0.02312,0.02554,0.02806,0.04193
0.06994,0.05933,0.06001,0.08705,0.07758,0.08848,0.05123,0.04112,0.04292,0.01715,0.03628,0.08793,0.01891,0.03763,0.06530,0.02801,0.02838,0.03069,0.02649,0.04556
0.06904,0.04415,0.03710,0.27821,0.03554,0.14289,0.03139,0.03091,0.03876,0.01437,0.03404,0.02533,0.01385,0.02666,0.02140,0.03195,0.02309,0.04683,0.02456,0.02993
0.08631,0.05937,0.03193,0.05590,0.03204,0.05899,0.04018,0.03726,0.03354,0.01689,0.02958,0.11766,0.02167,0.02768,0.17400,0.03768,0.03658,0.03657,0.03053,0.03565
0.18164,0.13024,0.04991,0.03605,0.03951,0.03620,0.06840,0.07786,0.04596,0.01646,0.03929,0.02320,0.02466,0.03852,0.02471,0.03291,0.02667,0.02858,0.03012,0.04913
0.21983,0.03234,0.03848,0.08418,0.04218,0.05744,0.06772,0.02759,0.04313,0.02194,0.03966,0.02725,0.02481,0.05288,0.03406,0.04017,0.03822,0.03993,0.02755,0.04063
0.14612,0.19246,0.02838,0.03502,0.02045,0.03234,0.03074,0.20033,0.03920,0.03078,0.02622,0.01279,0.02945,0.01672,0.01694,0.03760,0.02760,0.02235,0.02173,0.03278
0.07961,0.06913,0.03292,0.17403,0.03647,0.08904,0.04624,0.05195,0.04844,0.01546,0.02628,0.03799,0.02174,0.02424,0.05908,0.03128,0.03456,0.02698,0.03135,0.06319
0.12694,0.07393,0.04624,0.09899,0.02961,0.09254,0.03591,0.10797,0.06359,0.03146,0.03063,0.02883,0.02475,0.02920,0.03309,0.03544,0.02844,0.01889,0.03158,0.03196
0.04020,0.10700,0.03981,0.06685,0.02276,0.04758,0.02928,0.16456,0.03820,0.02872,0.02893,0.06881,0.02882,0.02464,0.09957,0.03285,0.03822,0.02425,0.03014,0.03881
0.02768,0.04465,0.02287,0.41683,0.02034,0.13690,0.02040,0.04724,0.02098,0.01351,0.02535,0.02152,0.01437,0.01927,0.03007,0.02458,0.01977,0.03666,0.01769,0.01932
0.23111,0.13196,0.03171,0.04414,0.02205,0.04609,0.04311,0.15923,0.04400,0.01630,0.02247,0.01906,0.01544,0.03602,0.02070,0.02462,0.02085,0.02030,0.01605,0.03478
0.11568,0.10287,0.09016,0.06017,0.05216,0.04694,0.05106,0.09709,0.05150,0.01778,0.03659,0.03232,0.01823,0.04552,0.02721,0.03972,0.03426,0.02107,0.02848,0.03123
0.07476,0.13001,0.04465,0.04684,0.02609,0.07172,0.06831,0.06786,0.02526,0.01548,0.02275,0.09117,0.02007,0.02522,0.11752,0.02362,0.01977,0.01549,0.04386,0.04956
0.23763,0.10372,0.04293,0.05077,0.03302,0.04644,0.04488,0.08060,0.05137,0.01658,0.02543,0.03075,0.02070,0.05080,0.03359,0.02785,0.02540,0.02427,0.02430,0.02895
0.05315,0.04738,0.02835,0.26252,0.02791,0.14288,0.03583,0.04176,0.03910,0.01506,0.02937,0.03587,0.02049,0.02636,0.04654,0.02641,0.02667,0.03243,0.02746,0.03444
0.07530,0.04781,0.02535,0.03855,0.02439,0.03860,0.02427,0.03425,0.02918,0.01522,0.02378,0.08283,0.02272,0.02714,0.35881,0.02574,0.03035,0.02460,0.02488,0.02623
0.06403,0.02746,0.02203,0.43401,0.01715,0.18521,0.02397,0.02369,0.02836,0.00997,0.01584,0.01365,0.01291,0.02315,0.01589,0.01584,0.01700,0.01951,0.01161,0.01872
0.22203,0.19426,0.03097,0.02694,0.02394,0.03152,0.03460,0.10020,0.02150,0.00967,0.02530,0.03997,0.01582,0.02843,0.04580,0.02869,0.02862,0.02638,0.04405,0.02131
0.09033,0.11576,0.04789,0.03993,0.03499,0.04254,0.08031,0.07294,0.05917,0.03120,0.02843,0.06942,0.03073,0.03381,0.05255,0.02972,0.01856,0.02083,0.02849,0.07241
0.08422,0.20539,0.05688,0.07038,0.02964,0.07634,0.04911,0.08094,0.04045,0.01524,0.03575,0.02740,0.02134,0.02798,0.02554,0.02841,0.02636,0.02755,0.03582,0.03525
0.33732,0.08998,0.03208,0.04567,0.02537,0.03354,0.02640,0.11723,0.05917,0.01815,0.02608,0.01598,0.02167,0.02381,0.01498,0.02304,0.02216,0.02181,0.02036,0.02520
0.16468,0.13430,0.02974,0.03510,0.02046,0.03505,0.02967,0.16872,0.04041,0.01810,0.02835,0.03660,0.02405,0.02879,0.05853,0.03448,0.02371,0.03104,0.02924,0.02899
0.13055,0.06794,0.13558,0.02381,0.04534,0.02265,0.09523,0.03416,0.03843,0.02414,0.03957,0.04257,0.02046,0.07724,0.03559,0.03545,0.03697,0.03241,0.02724,0.03467
0.17288,0.16613,0.02649,0.04479,0.02735,0.04900,0.02908,0.13086,0.03722,0.01968,0.02936,0.02848,0.02522,0.02808,0.03939,0.02896,0.03453,0.02973,0.02610,0.02666
0.17678,0.07538,0.08370,0.03822,0.05778,0.03588,0.05486,0.05422,0.05243,0.02243,0.03527,0.04278,0.03122,0.03972,0.03632,0.03764,0.02699,0.02450,0.02977,0.04409
0.07167,0.17856,0.05496,0.08430,0.02947,0.11584,0.04537,0.07743,0.02719,0.01827,0.03529,0.01698,0.02689,0.03612,0.02464,0.03056,0.03365,0.03928,0.02801,0.02554
0.12148,0.08097,0.05864,0.06799,0.03748,0.06927,0.06779,0.05767,0.04647,0.02982,0.03546,0.02652,0.02914,0.03695,0.02966,0.03617,0.03484,0.04378,0.03830,0.05159
0.16998,0.10273,0.02892,0.02852,0.02608,0.03038,0.03639,0.16823,0.07312,0.01353,0.02729,0.05420,0.01806,0.03272,0.06100,0.02283,0.01944,0.02241,0.02617,0.03803
0.21952,0.08709,0.06615,0.05532,0.04519,0.06301,0.06829,0.04661,0.05140,0.01938,0.03265,0.03119,0.02026,0.04585,0.02261,0.02536,0.01966,0.01983,0.02559,0.03504
0.11287,0.09058,0.06459,0.03524,0.03750,0.03302,0.03136,0.09653,0.06066,0.04559,0.05286,0.05607,0.02714,0.03915,0.04202,0.03692,0.03192,0.03199,0.03152,0.04247
0.05150,0.03248,0.02879,0.03089,0.03087,0.02193,0.02108,0.05021,0.03267,0.01625,0.02060,0.14768,0.01667,0.02188,0.37562,0.01853,0.02115,0.01592,0.02345,0.02185
0.09096,0.04518,0.08627,0.05662,0.05787,0.04195,0.04640,0.04068,0.06373,0.03216,0.05229,0.04759,0.03828,0.04291,0.04615,0.04106,0.04492,0.03499,0.04145,0.04854
0.13345,0.06374,0.04294,0.04179,0.04098,0.03489,0.05055,0.15530,0.08897,0.01860,0.03050,0.03387,0.02182,0.03120,0.03124,0.03464,0.04126,0.02709,0.02920,0.04793
0.06538,0.05908,0.05044,0.18581,0.02789,0.17624,0.03523,0.06257,0.03475,0.03924,0.02837,0.02299,0.03159,0.02447,0.02376,0.02623,0.02664,0.02027,0.02261,0.03643
0.07184,0.13404,0.03635,0.12154,0.02954,0.08719,0.04183,0.14826,0.03999,0.02969,0.02481,0.02255,0.02071,0.03734,0.02437,0.02325,0.02754,0.02106,0.02409,0.03401
0.13591,0.14000,0.04281,0.07712,0.04158,0.06671,0.04567,0.07103,0.03936,0.01501,0.03463,0.03041,0.02780,0.03296,0.03634,0.02951,0.03336,0.02757,0.03260,0.03963
0.14790,0.13645,0.03484,0.02700,0.02736,0.02575,0.04733,0.15868,0.02789,0.01145,0.02419,0.06144,0.01789,0.01729,0.10034,0.02345,0.02297,0.01863,0.03045,0.03871
0.05196,0.05475,0.03484,0.04604,0.01850,0.06848,0.05086,0.02850,0.03166,0.01432,0.02316,0.13702,0.01566,0.02258,0.29288,0.02227,0.01558,0.01497,0.02048,0.03550
0.31417,0.12811,0.02965,0.05954,0.01880,0.06632,0.02378,0.05339,0.04524,0.01574,0.02796,0.03593,0.01639,0.01993,0.03442,0.02403,0.01664,0.02124,0.01965,0.02907
0.17171,0.09514,0.04229,0.04218,0.02862,0.04388,0.06147,0.05519,0.07022,0.02430,0.03607,0.03909,0.02888,0.03250,0.04218,0.03519,0.02706,0.03353,0.03246,0.05804
0.03707,0.03870,0.02945,0.39000,0.02759,0.06873,0.02331,0.03228,0.02304,0.01364,0.03980,0.02111,0.01841,0.02404,0.03765,0.03453,0.02571,0.07359,0.01941,0.02192
0.11305,0.07268,0.03672,0.09972,0.05740,0.05246,0.02328,0.13034,0.04871,0.02065,0.03088,0.04877,0.02267,0.02610,0.07502,0.02747,0.02971,0.01974,0.03304,0.03161
0.09542,0.06138,0.03998,0.05256,0.03392,0.05145,0.03061,0.04176,0.03480,0.01392,0.03255,0.14869,0.02065,0.03215,0.14739,0.02816,0.03210,0.03854,0.02901,0.03496
0.34264,0.07393,0.03634,0.03340,0.02686,0.03810,0.04130,0.07028,0.05962,0.02101,0.02111,0.02090,0.02112,0.03752,0.01938,0.03065,0.02403,0.02394,0.02428,0.03358
0.13909,0.05253,0.04211,0.13726,0.05012,0.09917,0.04767,0.04241,0.06070,0.01769,0.03268,0.03610,0.02051,0.03565,0.03548,0.02729,0.02693,0.02730,0.02608,0.04322
0.04366,0.05401,0.02991,0.33088,0.01794,0.21806,0.02614,0.03350,0.03795,0.01352,0.02245,0.01741,0.01337,0.02584,0.01785,0.01766,0.01999,0.02171,0.01796,0.02019
0.23533,0.04561,0.05619,0.04049,0.06211,0.03783,0.03761,0.03838,0.07970,0.04098,0.03635,0.03033,0.02360,0.03443,0.02072,0.03890,0.03681,0.02773,0.03573,0.04119
0.16209,0.03827,0.06259,0.06049,0.04458,0.10899,0.09726,0.03020,0.03076,0.01777,0.02501,0.04951,0.02239,0.02814,0.05615,0.03017,0.03253,0.02455,0.03503,0.04353
0.22614,0.05820,0.05127,0.03674,0.04373,0.03266,0.06774,0.06563,0.04621,0.04333,0.03050,0.03212,0.03463,0.02547,0.03387,0.04279,0.02811,0.02229,0.03670,0.04187
0.28578,0.09242,0.04895,0.04904,0.03176,0.05300,0.05655,0.05417,0.04127,0.02517,0.03403,0.02567,0.02219,0.02722,0.02138,0.02797,0.02672,0.02123,0.02223,0.03325
0.18681,0.08577,0.04126,0.08145,0.02705,0.08729,0.06166,0.03986,0.04829,0.01108,0.02938,0.04466,0.01277,0.04309,0.04892,0.02836,0.02690,0.03215,0.01977,0.04346
0.06703,0.03346,0.04351,0.07329,0.02216,0.10115,0.05461,0.02107,0.03736,0.01489,0.02735,0.11111,0.01814,0.02577,0.20841,0.02805,0.02400,0.02410,0.02906,0.03549
0.19387,0.07844,0.03672,0.03530,0.03220,0.02971,0.08466,0.16646,0.05700,0.01071,0.02047,0.03351,0.01472,0.02737,0.03889,0.02006,0.02319,0.01740,0.02408,0.05524
0.07274,0.02805,0.03386,0.05578,0.04085,0.07383,0.05214,0.02242,0.02865,0.01810,0.02257,0.20667,0.02534,0.03604,0.14751,0.02132,0.02211,0.02020,0.03744,0.03437
0.09906,0.12619,0.04404,0.09980,0.03043,0.08616,0.03522,0.10172,0.06053,0.02310,0.03789,0.02174,0.02194,0.03575,0.01890,0.03520,0.03021,0.03934,0.02590,0.02688
0.22810,0.06304,0.03434,0.04064,0.03248,0.03814,0.04100,0.11796,0.06253,0.01807,0.03109,0.05262,0.01717,0.03306,0.05801,0.02417,0.02374,0.02061,0.02693,0.03630
0.10617,0.05746,0.05282,0.04334,0.03472,0.05099,0.05285,0.03539,0.03682,0.06332,0.04735,0.03948,0.05454,0.04580,0.04114,0.06002,0.04114,0.05771,0.03920,0.03976
0.16264,0.10315,0.04701,0.05890,0.02762,0.06467,0.05625,0.09800,0.03412,0.01512,0.03236,0.03766,0.02507,0.02945,0.04544,0.03679,0.02420,0.03110,0.03530,0.03515
0.25815,0.11185,0.04334,0.03805,0.03099,0.04525,0.08342,0.06351,0.03851,0.00939,0.02118,0.03254,0.01728,0.04119,0.03379,0.03026,0.01912,0.01909,0.02778,0.03531
0.05468,0.04872,0.07912,0.07035,0.03502,0.09185,0.08741,0.03088,0.05050,0.01405,0.03356,0.06488,0.02522,0.05007,0.07448,0.03440,0.03392,0.04109,0.03758,0.04222
0.41366,0.05097,0.03871,0.03887,0.02648,0.04020,0.03356,0.04502,0.03735,0.01156,0.01866,0.05745,0.01411,0.01925,0.05490,0.01756,0.01538,0.01320,0.01819,0.03492
0.35681,0.05715,0.03834,0.03200,0.02553,0.02952,0.03431,0.06094,0.05972,0.02500,0.02457,0.03958,0.02594,0.02417,0.03521,0.02570,0.02146,0.01750,0.02318,0.04338
0.06901,0.06787,0.05946,0.03797,0.03050,0.04183,0.08139,0.04214,0.03291,0.01629,0.03330,0.14555,0.02011,0.03256,0.13875,0.03127,0.02273,0.02083,0.03704,0.03847
0.08758,0.02315,0.02090,0.38237,0.02094,0.23429,0.02344,0.02308,0.02750,0.00960,0.01544,0.01308,0.01000,0.01641,0.01482,0.01702,0.01708,0.01326,0.01223,0.01783
0.20811,0.07521,0.04586,0.03933,0.03862,0.03839,0.03395,0.05396,0.05565,0.02384,0.05017,0.07484,0.02542,0.02522,0.04870,0.03495,0.02827,0.02405,0.02348,0.05198
0.50085,0.06006,0.02982,0.03026,0.02211,0.03660,0.02922,0.04488,0.03412,0.01595,0.01859,0.02196,0.01341,0.01937,0.02200,0.01784,0.01650,0.01710,0.01830,0.03106
0.10831,0.12164,0.06352,0.06819,0.04029,0.06551,0.05089,0.05779,0.04593,0.02789,0.04721,0.02342,0.02632,0.03866,0.02194,0.04331,0.02878,0.03771,0.03336,0.04930
0.06863,0.14972,0.04827,0.06729,0.04862,0.10869,0.06027,0.07548,0.03013,0.01508,0.03715,0.05253,0.01678,0.03557,0.03660,0.02640,0.03490,0.02661,0.03072,0.03058
0.05378,0.05226,0.03859,0.05617,0.02632,0.05924,0.04252,0.03561,0.02467,0.01427,0.03140,0.21027,0.01355,0.04672,0.16285,0.02262,0.02277,0.03089,0.02857,0.02691
0.04998,0.05356,0.02026,0.21359,0.02713,0.22561,0.01988,0.05036,0.02463,0.02021,0.02671,0.04940,0.01767,0.01930,0.06296,0.02768,0.02356,0.01813,0.02712,0.02225
0.22545,0.05403,0.02956,0.08799,0.03169,0.09856,0.03251,0.06648,0.06044,0.02122,0.02749,0.02807,0.02347,0.03882,0.03190,0.02646,0.02366,0.02284,0.03142,0.03796
0.19485,0.14327,0.03210,0.06035,0.03069,0.05199,0.04359,0.08016,0.05007,0.03095,0.03609,0.01923,0.03031,0.02959,0.01831,0.03076,0.03180,0.02950,0.02246,0.03393
0.07262,0.26712,0.04688,0.05854,0.02175,0.07167,0.03174,0.08271,0.03064,0.02465,0.03830,0.02804,0.02489,0.02431,0.03076,0.02744,0.02743,0.02467,0.02460,0.04123
0.23292,0.23894,0.03526,0.02524,0.02391,0.02426,0.02341,0.13208,0.03196,0.01283,0.02820,0.01915,0.01300,0.02717,0.01771,0.02311,0.02579,0.02625,0.01889,0.01993
0.06688,0.09245,0.06353,0.06659,0.06232,0.04649,0.05880,0.07102,0.04695,0.02055,0.04862,0.04312,0.01920,0.03908,0.04964,0.04988,0.04296,0.04475,0.02631,0.04086
0.10168,0.12280,0.04192,0.03828,0.03695,0.03681,0.04175,0.11255,0.07974,0.02566,0.03366,0.03672,0.03122,0.04501,0.04060,0.03050,0.02982,0.03116,0.02862,0.05453
0.16288,0.18671,0.04707,0.02497,0.02428,0.02687,0.04743,0.19463,0.02844,0.01951,0.02183,0.02485,0.01833,0.02594,0.02550,0.02555,0.02264,0.01598,0.02839,0.02819
0.20389,0.05456,0.07117,0.04473,0.03085,0.05854,0.05432,0.04409,0.04304,0.02128,0.03270,0.05578,0.02511,0.03037,0.05131,0.03887,0.02149,0.02782,0.03856,0.05153
0.09964,0.07573,0.05560,0.04723,0.04519,0.04335,0.06164,0.06957,0.04705,0.03098,0.03661,0.04198,0.03329,0.04481,0.03834,0.04245,0.04064,0.04252,0.03989,0.06348
0.14948,0.16888,0.03731,0.06553,0.02343,0.07181,0.04135,0.12734,0.04051,0.01864,0.02472,0.02358,0.02040,0.03247,0.02537,0.02415,0.02217,0.02468,0.02236,0.03583
0.13511,0.14039,0.04361,0.03455,0.02996,0.03643,0.05326,0.11241,0.05622,0.02499,0.03218,0.03520,0.03118,0.02494,0.03248,0.02932,0.02783,0.02311,0.03745,0.05941
0.15184,0.06822,0.08767,0.05156,0.04186,0.03916,0.03602,0.05129,0.06089,0.01900,0.03837,0.08661,0.02011,0.03514,0.06308,0.03102,0.02678,0.02712,0.02436,0.03989
