0.10162,0.05608,0.04291,0.18196,0.02708,0.19614,0.05576,0.03798,0.03704,0.01608,0.02803,0.01754,0.01911,0.02981,0.01979,0.02685,0.02273,0.02403,0.02821,0.03126
0.29328,0.05755,0.04051,0.03455,0.02990,0.03036,0.03257,0.06142,0.05941,0.03266,0.03133,0.04496,0.02779,0.03077,0.04551,0.02797,0.03139,0.02504,0.02862,0.03442
0.26226,0.07933,0.04597,0.04453,0.02959,0.05514,0.04508,0.05842,0.05301,0.02529,0.02852,0.03059,0.02928,0.03080,0.03045,0.03232,0.02607,0.02597,0.02861,0.03878
0.08223,0.10963,0.03829,0.10885,0.03854,0.08951,0.04750,0.10647,0.03744,0.02199,0.03456,0.02348,0.03097,0.03197,0.03108,0.03373,0.03251,0.02905,0.03099,0.04118
0.08599,0.04283,0.03437,0.04614,0.03999,0.04851,0.03657,0.04734,0.03837,0.04759,0.04094,0.10511,0.04434,0.03538,0.10596,0.03337,0.02890,0.03828,0.05702,0.04300
0.09893,0.07178,0.03603,0.14315,0.03873,0.12477,0.03589,0.06863,0.06494,0.02088,0.02705,0.02451,0.03302,0.02924,0.02426,0.03273,0.02807,0.02679,0.02490,0.04571
0.10384,0.14026,0.06536,0.04794,0.03220,0.07179,0.07187,0.06766,0.03635,0.02595,0.03279,0.03247,0.02501,0.03476,0.03552,0.03547,0.02596,0.02697,0.04048,0.04735
0.08843,0.07680,0.05656,0.05590,0.05235,0.04401,0.04838,0.07634,0.05404,0.05597,0.04582,0.03406,0.03954,0.03692,0.03615,0.03668,0.04217,0.03763,0.03325,0.04900
0.28793,0.08137,0.04588,0.04655,0.03044,0.05666,0.04074,0.07202,0.05841,0.02007,0.03016,0.02677,0.01825,0.02988,0.02421,0.02600,0.02202,0.02204,0.02605,0.03453
0.17307,0.08727,0.05090,0.07135,0.03176,0.07485,0.05010,0.06716,0.04823,0.02450,0.03215,0.02556,0.02862,0.03324,0.03169,0.03381,0.03083,0.02738,0.03297,0.04454
0.31289,0.05400,0.04555,0.04787,0.03398,0.04185,0.03626,0.05041,0.07155,0.02965,0.02365,0.03560,0.02521,0.02695,0.03508,0.02769,0.02638,0.02216,0.01968,0.03357
0.14805,0.08054,0.06601,0.05984,0.05453,0.05924,0.05485,0.06502,0.06155,0.02814,0.04039,0.03408,0.02065,0.03295,0.02547,0.03865,0.02740,0.02526,0.03265,0.04476
0.21531,0.09527,0.03848,0.05955,0.03532,0.05260,0.04272,0.09246,0.05540,0.01904,0.03492,0.03182,0.02219,0.03815,0.02774,0.03137,0.02591,0.02695,0.02404,0.03074
0.18762,0.09304,0.04647,0.05465,0.03518,0.04820,0.04231,0.07781,0.05764,0.02009,0.03645,0.04755,0.02155,0.03754,0.04304,0.03171,0.02917,0.02901,0.02762,0.03335
0.32817,0.05483,0.04262,0.04007,0.03095,0.04355,0.04415,0.04372,0.05736,0.02448,0.02802,0.02257,0.03122,0.03154,0.02315,0.03236,0.02910,0.02606,0.03009,0.03598
0.18471,0.08870,0.06027,0.04660,0.04387,0.03511,0.04981,0.08435,0.05312,0.03857,0.03431,0.03988,0.02562,0.02837,0.03077,0.03397,0.02647,0.02503,0.02793,0.04254
0.06284,0.08520,0.04420,0.03995,0.03695,0.03668,0.04280,0.05898,0.05099,0.12028,0.03887,0.05016,0.06292,0.03376,0.03899,0.03583,0.02443,0.02890,0.04207,0.06520
0.13364,0.06216,0.05366,0.06313,0.05359,0.04005,0.03615,0.06523,0.06900,0.03164,0.03532,0.04286,0.03344,0.03971,0.04001,0.03925,0.04734,0.03829,0.03003,0.04549
0.09414,0.22320,0.03656,0.04198,0.02499,0.02854,0.03390,0.23726,0.03267,0.01846,0.02192,0.02640,0.01401,0.02129,0.03388,0.02384,0.01671,0.01998,0.01858,0.03168
0.10858,0.05490,0.04819,0.16352,0.02834,0.15757,0.04005,0.04842,0.04194,0.02471,0.03105,0.03625,0.01991,0.03153,0.03471,0.02471,0.02318,0.02368,0.02605,0.03271
0.08660,0.06835,0.03958,0.14419,0.03671,0.14152,0.04378,0.05950,0.04768,0.02242,0.02952,0.03554,0.02426,0.03227,0.03761,0.02816,0.02779,0.02529,0.02771,0.04154
0.15811,0.05580,0.05243,0.04653,0.04613,0.04339,0.05264,0.05685,0.05973,0.03425,0.03951,0.06190,0.02937,0.04322,0.04634,0.03717,0.03528,0.03492,0.03203,0.03439
0.13809,0.09586,0.05222,0.06761,0.03968,0.05377,0.03739,0.09032,0.06390,0.04159,0.03715,0.04185,0.02351,0.03158,0.03348,0.02937,0.03146,0.02747,0.02461,0.03910
0.42643,0.06131,0.02682,0.04083,0.02062,0.03531,0.02822,0.06751,0.06623,0.01371,0.01876,0.02155,0.01540,0.02711,0.02127,0.02142,0.02090,0.02063,0.01979,0.02619
0.22547,0.06713,0.04174,0.06532,0.03379,0.05673,0.04012,0.06295,0.05939,0.02280,0.03261,0.02910,0.02542,0.04133,0.03230,0.03335,0.02840,0.03494,0.02850,0.03861
0.11382,0.04793,0.03763,0.03300,0.02913,0.02992,0.04438,0.04389,0.03785,0.02761,0.02968,0.16992,0.02342,0.03418,0.17132,0.02507,0.02405,0.02506,0.02413,0.02800
0.10110,0.04316,0.03894,0.06892,0.03714,0.06137,0.04137,0.03043,0.04509,0.02171,0.03214,0.14934,0.02167,0.03387,0.14276,0.02566,0.02302,0.02309,0.02414,0.03507
0.12219,0.06773,0.04744,0.14952,0.03089,0.15376,0.04176,0.04188,0.04395,0.01848,0.02341,0.03087,0.02527,0.03174,0.03184,0.03176,0.02418,0.02188,0.02879,0.03265
0.11629,0.11692,0.03446,0.13974,0.02597,0.14138,0.03330,0.10959,0.03746,0.02167,0.02935,0.01722,0.01818,0.02382,0.01770,0.02194,0.02231,0.01994,0.02236,0.03040
0.09026,0.06847,0.05227,0.05962,0.04520,0.04865,0.03496,0.06111,0.05542,0.02885,0.03453,0.10048,0.02365,0.03437,0.08808,0.03449,0.03475,0.02897,0.04061,0.03526
0.29157,0.07793,0.04526,0.03468,0.02942,0.02928,0.04293,0.05635,0.05353,0.03925,0.02263,0.02680,0.04585,0.02933,0.02579,0.03047,0.02193,0.02467,0.02744,0.04490
0.11390,0.12545,0.03659,0.06437,0.03174,0.05511,0.03592,0.13243,0.05181,0.03123,0.03027,0.03630,0.02698,0.03455,0.03892,0.03101,0.02778,0.03073,0.02670,0.03820
0.07025,0.10191,0.04080,0.04660,0.03170,0.03912,0.04027,0.08434,0.02659,0.02501,0.04434,0.11712,0.02199,0.03020,0.12720,0.02861,0.02661,0.02585,0.03011,0.04134
0.13303,0.09950,0.05663,0.03835,0.03610,0.04557,0.06534,0.06885,0.05037,0.03665,0.03462,0.04176,0.03288,0.03519,0.03611,0.03711,0.03120,0.02874,0.03665,0.05535
0.11111,0.10557,0.06707,0.05013,0.03906,0.07619,0.08589,0.04939,0.04022,0.01789,0.03369,0.02448,0.02102,0.05143,0.03345,0.04427,0.02782,0.02726,0.04409,0.04995
0.19211,0.11977,0.04986,0.04710,0.03664,0.05857,0.06111,0.08436,0.05249,0.01488,0.03071,0.02416,0.01695,0.04049,0.02646,0.03247,0.02334,0.02303,0.02957,0.03594
0.15114,0.10130,0.04720,0.08147,0.04195,0.05141,0.03864,0.09237,0.04727,0.03106,0.02992,0.03855,0.02552,0.03066,0.03728,0.03191,0.02663,0.02794,0.02689,0.04088
0.09547,0.09370,0.05336,0.04850,0.04554,0.04929,0.05810,0.06841,0.04927,0.03882,0.03980,0.04235,0.02667,0.05347,0.04698,0.04146,0.03233,0.03317,0.03641,0.04689
0.25241,0.10380,0.03271,0.06803,0.02183,0.06203,0.03306,0.10738,0.04973,0.01721,0.02790,0.02232,0.01886,0.03094,0.02041,0.02538,0.02576,0.02518,0.02602,0.02904
0.20952,0.07248,0.04974,0.04679,0.03377,0.03675,0.04842,0.06441,0.05693,0.03164,0.03220,0.03494,0.02864,0.03406,0.04340,0.03902,0.03122,0.03062,0.02932,0.04612
0.13674,0.07055,0.05013,0.05393,0.03956,0.05234,0.05959,0.05645,0.06354,0.02112,0.03740,0.05286,0.02217,0.04008,0.05416,0.03613,0.02569,0.03466,0.03425,0.05866
0.11387,0.06060,0.05352,0.17682,0.02652,0.19107,0.04303,0.02596,0.03441,0.01847,0.03161,0.01653,0.01888,0.03409,0.01837,0.02691,0.02487,0.02390,0.02726,0.03331
0.07696,0.10405,0.04878,0.06386,0.04218,0.06300,0.06136,0.09119,0.04328,0.02934,0.04345,0.04173,0.03415,0.03872,0.04008,0.03719,0.03344,0.02855,0.03562,0.04307
0.10302,0.06384,0.03915,0.03557,0.03574,0.02492,0.03031,0.05660,0.05161,0.02343,0.02642,0.15400,0.02453,0.03451,0.14862,0.03086,0.03182,0.02773,0.02469,0.03264
0.07263,0.10936,0.03997,0.07649,0.03071,0.06189,0.03907,0.11106,0.04078,0.03988,0.03425,0.06169,0.03017,0.03284,0.05975,0.03342,0.03015,0.02608,0.03010,0.03971
0.17379,0.10553,0.05307,0.06343,0.03488,0.06853,0.06985,0.06244,0.03538,0.01834,0.03700,0.02236,0.02220,0.03665,0.02573,0.03492,0.02516,0.02712,0.03912,0.04451
0.23627,0.11388,0.03272,0.04885,0.02757,0.04169,0.03566,0.11242,0.05871,0.02396,0.03143,0.02726,0.01962,0.03023,0.02628,0.02474,0.02468,0.02632,0.02552,0.03221
0.15278,0.18780,0.03316,0.03854,0.02674,0.02534,0.02985,0.19859,0.03905,0.01576,0.02990,0.02482,0.01614,0.03196,0.02891,0.02440,0.02174,0.02436,0.02166,0.02851
0.17243,0.12376,0.04057,0.05416,0.02681,0.05184,0.04242,0.11658,0.05568,0.02136,0.02449,0.04050,0.01746,0.03878,0.04535,0.02913,0.02037,0.02116,0.02382,0.03332
0.20277,0.04291,0.04354,0.04466,0.05313,0.02989,0.04324,0.04519,0.08432,0.02792,0.03486,0.04368,0.02318,0.05072,0.03998,0.03943,0.03557,0.03595,0.02889,0.05016
0.04560,0.07486,0.08339,0.09605,0.05408,0.08406,0.06064,0.05906,0.03092,0.03769,0.04529,0.04607,0.02258,0.03370,0.04478,0.03847,0.03112,0.02835,0.03555,0.04774
0.12724,0.12903,0.04329,0.04638,0.03809,0.03366,0.04067,0.12780,0.04005,0.02154,0.03521,0.05052,0.02262,0.02756,0.05813,0.03330,0.02662,0.02779,0.02965,0.04085
0.15078,0.07105,0.05284,0.06638,0.03238,0.06308,0.05343,0.04401,0.05048,0.04061,0.02887,0.04000,0.05194,0.03433,0.03943,0.03695,0.03026,0.03177,0.03480,0.04663
0.05381,0.07957,0.05029,0.07387,0.04395,0.05628,0.05383,0.06843,0.04571,0.03996,0.03867,0.06702,0.03272,0.04716,0.05642,0.03859,0.03626,0.03573,0.04146,0.04028
0.23021,0.12473,0.04384,0.03980,0.02492,0.02687,0.03798,0.13287,0.06627,0.01715,0.02583,0.02323,0.01770,0.02189,0.02672,0.02913,0.01795,0.02738,0.02192,0.04363
0.36486,0.09572,0.03017,0.03710,0.01987,0.03281,0.02942,0.09598,0.06062,0.02065,0.01800,0.02092,0.02551,0.02343,0.02257,0.02047,0.01684,0.01720,0.01885,0.02901
0.10716,0.06853,0.05557,0.04798,0.04226,0.03729,0.05868,0.06346,0.07578,0.04020,0.03347,0.05494,0.02898,0.03895,0.04558,0.04492,0.03271,0.03516,0.03037,0.05800
0.07833,0.04438,0.05920,0.06531,0.04589,0.06289,0.04963,0.04649,0.04678,0.03518,0.03626,0.10411,0.02609,0.04110,0.09127,0.03435,0.02903,0.03491,0.03187,0.03694
0.12909,0.08357,0.03867,0.04952,0.03034,0.04365,0.04832,0.08751,0.06828,0.04769,0.04660,0.04518,0.03044,0.03633,0.04510,0.03056,0.03550,0.02907,0.02996,0.04463
0.25532,0.04768,0.04054,0.05210,0.03836,0.05190,0.04915,0.05088,0.05285,0.03166,0.03542,0.02282,0.03267,0.03542,0.02458,0.04031,0.03391,0.03467,0.03686,0.03290
0.16445,0.09421,0.03430,0.06651,0.03949,0.06287,0.03471,0.08106,0.05176,0.02046,0.03419,0.05465,0.02186,0.04010,0.04807,0.02684,0.03439,0.02822,0.02950,0.03236
0.15614,0.12647,0.05901,0.04244,0.03884,0.03436,0.05794,0.11580,0.05960,0.01363,0.02916,0.02658,0.01753,0.03016,0.03079,0.03150,0.02529,0.02607,0.02531,0.05337
0.23489,0.05799,0.04886,0.04460,0.03447,0.03549,0.04488,0.05549,0.06086,0.02402,0.04182,0.03252,0.02684,0.04506,0.03239,0.03697,0.03555,0.04176,0.02869,0.03684
0.07424,0.04144,0.05742,0.09618,0.04486,0.09020,0.05382,0.03594,0.04768,0.06770,0.03439,0.04594,0.04361,0.04273,0.03036,0.04005,0.03015,0.03737,0.03587,0.05005
0.09171,0.09132,0.04971,0.07036,0.05948,0.03489,0.03774,0.08268,0.06271,0.03086,0.04519,0.06280,0.02586,0.04468,0.03860,0.03501,0.03741,0.03650,0.02667,0.03583
0.14807,0.06657,0.05135,0.07349,0.05119,0.06278,0.05116,0.04258,0.06435,0.01844,0.03672,0.03712,0.02092,0.05388,0.03567,0.03996,0.03549,0.03558,0.03152,0.04313
0.08623,0.08942,0.06106,0.06807,0.03488,0.07474,0.06617,0.04592,0.04180,0.02279,0.04509,0.05410,0.02043,0.03843,0.06241,0.03727,0.03105,0.03507,0.03806,0.04699
0.06730,0.04478,0.05206,0.13838,0.04091,0.14111,0.06080,0.03585,0.04712,0.02537,0.03816,0.03589,0.02071,0.04344,0.03492,0.03597,0.03091,0.03069,0.03112,0.04451
0.13085,0.09650,0.03568,0.13640,0.02738,0.11931,0.02647,0.09934,0.05204,0.01762,0.02884,0.01949,0.01784,0.02836,0.02757,0.02741,0.02851,0.02965,0.02044,0.03029
0.07862,0.08639,0.06045,0.06827,0.03829,0.06395,0.05178,0.06500,0.04952,0.02943,0.03580,0.07020,0.02549,0.03351,0.06856,0.03446,0.02779,0.02763,0.03549,0.04937
0.13738,0.06676,0.05058,0.04391,0.03949,0.03688,0.04059,0.06373,0.05797,0.06626,0.03171,0.05999,0.03501,0.03877,0.04606,0.03614,0.03260,0.02633,0.02999,0.05984
0.29847,0.09416,0.03345,0.04749,0.02154,0.04728,0.03199,0.08541,0.06920,0.01849,0.02892,0.02947,0.01933,0.02917,0.02498,0.02347,0.02540,0.02308,0.02019,0.02852
0.10201,0.08891,0.04337,0.13888,0.02474,0.14733,0.03499,0.07799,0.04249,0.02590,0.03090,0.02954,0.02140,0.02837,0.03209,0.02236,0.02695,0.02155,0.02526,0.03497
0.07884,0.06925,0.04449,0.04521,0.04177,0.04361,0.04263,0.05379,0.03071,0.02418,0.03392,0.13434,0.03183,0.03113,0.13390,0.03004,0.02189,0.02832,0.04128,0.03887
0.11267,0.06392,0.04174,0.13874,0.03293,0.12545,0.03717,0.05618,0.04114,0.03320,0.03505,0.02591,0.03547,0.02822,0.02903,0.02816,0.03465,0.03368,0.02904,0.03766
0.21995,0.04629,0.05298,0.03720,0.03621,0.04277,0.05517,0.04227,0.06677,0.02952,0.03833,0.04730,0.02736,0.04167,0.04502,0.03798,0.02847,0.03071,0.02917,0.04486
0.07687,0.09458,0.03257,0.18152,0.02790,0.17357,0.02503,0.09256,0.04105,0.01544,0.02543,0.03221,0.01788,0.02919,0.02752,0.01889,0.02510,0.01979,0.01676,0.02614
0.21065,0.09001,0.03734,0.06058,0.03705,0.04677,0.03328,0.09098,0.07145,0.01947,0.03062,0.03347,0.02338,0.02926,0.03789,0.03187,0.02559,0.02947,0.02478,0.03609
0.27280,0.05060,0.03103,0.09140,0.03170,0.08639,0.03083,0.05234,0.06794,0.01880,0.02509,0.02941,0.01857,0.03736,0.02852,0.02559,0.02959,0.02415,0.01864,0.02926
0.15442,0.08721,0.05366,0.05336,0.04051,0.05196,0.05402,0.08809,0.05881,0.02786,0.03969,0.03805,0.02713,0.03773,0.02894,0.03488,0.02653,0.02914,0.02816,0.03985
0.15522,0.07674,0.04484,0.07405,0.03949,0.06864,0.04394,0.08094,0.04850,0.03828,0.03298,0.02646,0.02407,0.03282,0.03166,0.03450,0.03214,0.03365,0.04313,0.03796
0.19674,0.08192,0.05071,0.04600,0.04127,0.04842,0.04843,0.06133,0.04967,0.03043,0.03999,0.03509,0.02875,0.03260,0.03763,0.03252,0.03292,0.02950,0.03295,0.04315
0.06884,0.10665,0.05441,0.05681,0.03708,0.05562,0.05979,0.07531,0.04457,0.03690,0.04143,0.05070,0.02724,0.03871,0.04810,0.03735,0.03418,0.03249,0.03710,0.05671
0.05442,0.15191,0.04282,0.03923,0.03505,0.03321,0.04930,0.13901,0.03711,0.01732,0.03121,0.08330,0.02097,0.03513,0.08253,0.02830,0.02787,0.02551,0.03066,0.03516
0.11077,0.09384,0.05670,0.10345,0.03591,0.09068,0.05670,0.07639,0.05055,0.01615,0.03108,0.02630,0.01898,0.03937,0.03349,0.03532,0.02216,0.02675,0.02701,0.04841
0.19235,0.10596,0.03802,0.05857,0.02489,0.04451,0.03302,0.10653,0.04635,0.02026,0.03194,0.04352,0.02302,0.03131,0.04994,0.02898,0.02693,0.03149,0.02553,0.03690
0.10749,0.11366,0.05440,0.04383,0.04163,0.03840,0.04943,0.09643,0.05537,0.02644,0.03456,0.04951,0.02437,0.02942,0.04921,0.03781,0.02896,0.02465,0.03573,0.05870
0.12072,0.07194,0.04866,0.04436,0.03547,0.04680,0.06660,0.06123,0.05702,0.03146,0.03247,0.06151,0.02820,0.04388,0.06205,0.03580,0.03555,0.03415,0.03522,0.04690
0.14945,0.09814,0.06962,0.03417,0.04080,0.05709,0.08200,0.04576,0.04729,0.02608,0.03995,0.02756,0.02819,0.04281,0.02317,0.04068,0.02966,0.02617,0.04068,0.05073
0.29120,0.07992,0.05315,0.02816,0.02953,0.04131,0.04726,0.04676,0.04676,0.02727,0.03338,0.02745,0.02924,0.02993,0.02833,0.02921,0.03393,0.02455,0.03029,0.04237
0.24275,0.09934,0.04075,0.03117,0.02894,0.03143,0.04168,0.08269,0.05297,0.02993,0.03058,0.03337,0.03203,0.02796,0.04068,0.03332,0.02908,0.02335,0.02574,0.04223
0.19097,0.04959,0.03250,0.16174,0.02597,0.15619,0.02352,0.04358,0.06452,0.01497,0.02362,0.02670,0.01336,0.03047,0.02310,0.02338,0.02872,0.02121,0.01940,0.02650
0.11497,0.10258,0.03749,0.09065,0.03606,0.06866,0.03642,0.09870,0.04709,0.02664,0.04385,0.02755,0.02765,0.03386,0.03270,0.03454,0.03555,0.03642,0.02495,0.04367
0.34206,0.04999,0.03016,0.03090,0.02722,0.03005,0.02887,0.05952,0.05963,0.02447,0.02463,0.04385,0.02108,0.05040,0.04269,0.03359,0.02801,0.02676,0.01937,0.02675
0.05788,0.06383,0.03686,0.03580,0.03118,0.04244,0.03258,0.05507,0.04410,0.01727,0.03104,0.17819,0.01867,0.02659,0.18249,0.03610,0.02147,0.02320,0.02431,0.04093
0.10999,0.08066,0.03642,0.14204,0.03214,0.13614,0.03618,0.07596,0.04041,0.02044,0.02954,0.03197,0.02317,0.02877,0.03395,0.02594,0.03357,0.02647,0.02402,0.03221
0.11156,0.12472,0.03457,0.05092,0.03407,0.04172,0.03056,0.12347,0.04169,0.02332,0.04222,0.05115,0.02993,0.03399,0.05539,0.03765,0.02777,0.03539,0.02662,0.04328
0.06956,0.09390,0.03743,0.14658,0.03109,0.13862,0.04194,0.09439,0.03219,0.02142,0.02510,0.03232,0.02359,0.03717,0.03766,0.02863,0.02358,0.02563,0.02655,0.03264
0.09298,0.16249,0.03803,0.11596,0.02666,0.10201,0.02643,0.16672,0.03463,0.01783,0.01703,0.02548,0.01514,0.02477,0.03060,0.01970,0.01987,0.01843,0.01737,0.02788
0.30787,0.04144,0.04304,0.05152,0.03883,0.04559,0.04288,0.03750,0.07035,0.02374,0.03049,0.03573,0.02006,0.03550,0.03540,0.03208,0.02583,0.02566,0.02354,0.03295
0.22509,0.06046,0.03959,0.06615,0.03063,0.06137,0.04441,0.04907,0.06165,0.02473,0.03483,0.03352,0.02456,0.04411,0.02718,0.03078,0.03936,0.03443,0.03145,0.03662
0.08211,0.07127,0.04367,0.03869,0.03185,0.03799,0.03835,0.05413,0.03531,0.02077,0.03390,0.14854,0.02265,0.03743,0.15250,0.03321,0.02611,0.02749,0.03020,0.03380
0.24413,0.05659,0.05333,0.04521,0.04511,0.04667,0.04632,0.03217,0.06765,0.03109,0.03419,0.04004,0.02514,0.04425,0.02837,0.03082,0.02924,0.02806,0.03191,0.03973
0.05491,0.05969,0.03599,0.18801,0.03485,0.17554,0.04483,0.05258,0.03050,0.02989,0.03131,0.02775,0.02522,0.02746,0.03151,0.02535,0.02697,0.03031,0.03064,0.03670
0.08046,0.08027,0.03804,0.04437,0.02425,0.04057,0.03177,0.07202,0.03354,0.02933,0.02626,0.15018,0.03242,0.02310,0.15502,0.02794,0.02384,0.02279,0.02814,0.03570
0.28892,0.14760,0.03143,0.03675,0.02195,0.02606,0.02743,0.15191,0.04677,0.01987,0.02226,0.02073,0.01725,0.01995,0.02226,0.01992,0.01652,0.01673,0.01838,0.02731
0.10449,0.10766,0.04130,0.05211,0.04263,0.03942,0.04800,0.10864,0.05088,0.02834,0.03906,0.04371,0.02848,0.03513,0.03927,0.03896,0.03550,0.02942,0.03917,0.04781
0.08895,0.12913,0.04711,0.04763,0.02881,0.04391,0.05710,0.13265,0.06125,0.02188,0.03239,0.04225,0.01793,0.03592,0.05009,0.03401,0.02427,0.03262,0.02309,0.04904
0.10728,0.07354,0.03637,0.17308,0.02129,0.17154,0.03660,0.06804,0.05349,0.01871,0.02960,0.02116,0.01949,0.02723,0.01962,0.02413,0.02252,0.01913,0.02218,0.03500
0.06939,0.09366,0.04633,0.05039,0.03591,0.04558,0.04132,0.07005,0.04597,0.01848,0.02901,0.11887,0.01767,0.02975,0.12593,0.02844,0.02788,0.02752,0.03152,0.04634
0.08193,0.08427,0.06742,0.05418,0.05612,0.05528,0.06956,0.06499,0.05338,0.02709,0.03825,0.04219,0.02527,0.04661,0.03972,0.04387,0.02954,0.03026,0.03672,0.05334
0.22457,0.18184,0.02345,0.03064,0.02301,0.02297,0.02129,0.20231,0.04936,0.01698,0.02007,0.02378,0.01470,0.02712,0.01940,0.02082,0.02279,0.02018,0.01606,0.01869
0.06651,0.04809,0.05160,0.16460,0.03866,0.15720,0.04448,0.02602,0.03125,0.02163,0.04359,0.02175,0.02565,0.03502,0.01954,0.03792,0.04378,0.05951,0.02817,0.03502
0.14052,0.07400,0.05473,0.06239,0.03468,0.06205,0.04915,0.05863,0.07503,0.01911,0.03415,0.04947,0.02191,0.04083,0.05301,0.03516,0.02924,0.02690,0.02864,0.05040
0.19859,0.07134,0.05843,0.05315,0.04062,0.06108,0.06391,0.03876,0.05549,0.01469,0.03548,0.02281,0.02421,0.04366,0.02626,0.04038,0.03050,0.03119,0.03736,0.05211
0.24411,0.04461,0.04297,0.07632,0.03331,0.07622,0.04390,0.03556,0.06576,0.02565,0.02899,0.03380,0.02338,0.03873,0.02707,0.03251,0.02831,0.02820,0.03478,0.03583
0.07152,0.08009,0.05271,0.04959,0.03625,0.04621,0.05600,0.07432,0.03622,0.03459,0.04077,0.08546,0.02443,0.03741,0.09008,0.03373,0.03530,0.03190,0.03360,0.04982
0.07294,0.07734,0.05391,0.07860,0.04578,0.07541,0.05440,0.06754,0.04815,0.03514,0.03824,0.04936,0.02902,0.04029,0.04387,0.03417,0.03386,0.03449,0.03939,0.04811
0.07916,0.10460,0.07376,0.11162,0.02336,0.14111,0.07200,0.03777,0.03528,0.01452,0.04149,0.02897,0.01634,0.03739,0.02732,0.03483,0.02066,0.01824,0.03617,0.04543
0.12862,0.13721,0.03795,0.04385,0.02740,0.05210,0.04750,0.13784,0.05411,0.02358,0.02866,0.04160,0.02187,0.03577,0.04153,0.03039,0.02388,0.02161,0.02721,0.03733
0.14123,0.12119,0.05847,0.04635,0.03018,0.05891,0.06270,0.07361,0.05640,0.02147,0.03904,0.03331,0.02162,0.03613,0.03283,0.03456,0.02743,0.02376,0.03341,0.04739
0.17709,0.06643,0.04641,0.05063,0.03245,0.05384,0.06503,0.04899,0.06236,0.02347,0.03901,0.04125,0.02300,0.04305,0.04313,0.03698,0.03585,0.03583,0.03433,0.04088
0.09412,0.07624,0.03861,0.16123,0.03846,0.15271,0.02995,0.06793,0.06285,0.01663,0.02524,0.03332,0.01655,0.03165,0.02650,0.02252,0.02677,0.02756,0.02172,0.02943
0.18553,0.14399,0.04691,0.03927,0.02975,0.03662,0.04576,0.12727,0.04954,0.01743,0.02892,0.03203,0.02073,0.02582,0.03069,0.03025,0.02070,0.01982,0.02431,0.04466
0.07805,0.08677,0.04012,0.07281,0.02818,0.07586,0.04486,0.08431,0.04516,0.01771,0.03137,0.10211,0.02011,0.03091,0.10734,0.02571,0.02457,0.02418,0.02660,0.03328
0.17241,0.07368,0.04422,0.04853,0.03716,0.04405,0.05564,0.05893,0.06467,0.03613,0.03419,0.03639,0.03424,0.04227,0.03260,0.03665,0.03179,0.03634,0.03352,0.04659
0.27885,0.04913,0.03676,0.07359,0.03043,0.06016,0.03509,0.04631,0.05497,0.02237,0.02500,0.02909,0.02665,0.04358,0.03487,0.03689,0.02849,0.02674,0.02466,0.03637
0.10043,0.16039,0.03814,0.07013,0.02818,0.05267,0.03507,0.16923,0.04744,0.02976,0.02762,0.02444,0.02114,0.02721,0.02737,0.02655,0.02473,0.02605,0.02897,0.03450
0.13864,0.08304,0.05040,0.05174,0.04098,0.05170,0.05056,0.05563,0.05837,0.02763,0.03984,0.05513,0.02569,0.04277,0.05669,0.03322,0.03202,0.03079,0.03520,0.03998
0.27979,0.09140,0.03642,0.04652,0.03081,0.03313,0.03739,0.07792,0.08038,0.01892,0.03630,0.03919,0.01896,0.02804,0.02500,0.02103,0.02462,0.02276,0.02149,0.02995
0.17439,0.11282,0.04743,0.06851,0.03061,0.06343,0.04108,0.10801,0.05268,0.02149,0.02681,0.02408,0.02359,0.03466,0.02299,0.03107,0.02332,0.02641,0.02616,0.04047
0.16382,0.11177,0.04776,0.03680,0.03515,0.03562,0.05241,0.08537,0.04457,0.02536,0.03786,0.05196,0.01904,0.03750,0.05300,0.03414,0.02729,0.02790,0.03032,0.04236
0.38225,0.06235,0.02990,0.02843,0.02188,0.03053,0.03611,0.06232,0.06175,0.02203,0.02837,0.02206,0.02039,0.02935,0.02372,0.02664,0.02890,0.03074,0.02553,0.02675
0.17941,0.18257,0.03364,0.02692,0.03003,0.02502,0.03675,0.18843,0.05050,0.01572,0.02394,0.02060,0.01922,0.02287,0.02276,0.02328,0.02429,0.01898,0.02250,0.03253
0.34822,0.08000,0.04292,0.04735,0.03199,0.05024,0.03528,0.07110,0.05505,0.01269,0.02390,0.01736,0.01585,0.02433,0.01811,0.02527,0.01659,0.02042,0.02461,0.03874
0.14126,0.19415,0.03254,0.03922,0.02209,0.03149,0.02779,0.20228,0.04420,0.02311,0.02718,0.02548,0.01995,0.02497,0.02858,0.02073,0.02352,0.02061,0.02099,0.02987
0.08136,0.20352,0.03382,0.05276,0.02476,0.03636,0.03111,0.21680,0.05338,0.02157,0.02373,0.02172,0.02127,0.02944,0.02130,0.02327,0.02410,0.02433,0.01881,0.03658
0.18979,0.06307,0.04121,0.02625,0.03397,0.03650,0.05405,0.06667,0.05530,0.04027,0.03124,0.05555,0.02916,0.05299,0.05191,0.03651,0.02679,0.02981,0.03819,0.04077
0.09738,0.13761,0.04657,0.06880,0.03175,0.05112,0.03861,0.13906,0.04053,0.02604,0.03344,0.03952,0.01930,0.03106,0.04888,0.03134,0.02639,0.02578,0.03057,0.03625
0.19966,0.06651,0.05340,0.06485,0.03893,0.04225,0.04443,0.06733,0.06438,0.02730,0.03557,0.02696,0.03278,0.03403,0.02730,0.04198,0.02536,0.03011,0.02863,0.04824
0.08007,0.09121,0.04682,0.11858,0.03440,0.11030,0.03883,0.09179,0.04082,0.03367,0.03415,0.03079,0.02625,0.03657,0.03585,0.03047,0.03025,0.02678,0.02679,0.03561
0.24520,0.08026,0.03231,0.07867,0.02361,0.07261,0.02699,0.07225,0.05757,0.02160,0.02773,0.02536,0.02650,0.02950,0.03004,0.02729,0.03669,0.02546,0.02296,0.03740
0.14673,0.10199,0.03274,0.02661,0.02232,0.03424,0.03450,0.09277,0.03423,0.01493,0.02318,0.13695,0.01450,0.02927,0.14329,0.02042,0.02047,0.02061,0.02195,0.02832
0.07792,0.12366,0.03727,0.05373,0.03179,0.04648,0.03136,0.11486,0.03334,0.02371,0.03086,0.10347,0.02289,0.02465,0.10229,0.03093,0.02352,0.02617,0.02413,0.03699
0.19879,0.05515,0.04327,0.07951,0.03278,0.07791,0.05064,0.03475,0.04399,0.02008,0.03978,0.03657,0.02102,0.04528,0.03995,0.03317,0.03664,0.03539,0.03477,0.04055
0.21150,0.07535,0.04316,0.05691,0.03532,0.04628,0.03715,0.07556,0.07303,0.02650,0.03484,0.03723,0.02577,0.03036,0.03657,0.03211,0.02545,0.03161,0.02552,0.03977
0.26163,0.04434,0.04597,0.07089,0.03721,0.06329,0.03574,0.04327,0.06831,0.02479,0.03359,0.03487,0.02053,0.03714,0.03262,0.03374,0.02410,0.02804,0.02281,0.03710
0.16065,0.06432,0.04720,0.05665,0.04141,0.04809,0.03636,0.06559,0.05959,0.02477,0.03329,0.05732,0.02563,0.03503,0.06741,0.04255,0.03103,0.03099,0.02769,0.04442
0.07978,0.09367,0.05332,0.04760,0.04442,0.04137,0.06728,0.08103,0.04869,0.04154,0.03621,0.04270,0.03300,0.04719,0.03620,0.04091,0.04181,0.03817,0.04242,0.04268
0.27339,0.05543,0.04346,0.04842,0.03872,0.03599,0.03665,0.05361,0.06772,0.03011,0.02965,0.04034,0.02484,0.03845,0.03390,0.03097,0.03042,0.02898,0.02750,0.03146
0.09057,0.11701,0.04466,0.06088,0.04005,0.04460,0.03887,0.11147,0.05145,0.03493,0.04199,0.04089,0.02506,0.03706,0.04674,0.03692,0.03293,0.03067,0.02759,0.04565
0.23404,0.05802,0.04897,0.05839,0.03110,0.05318,0.04936,0.05515,0.07703,0.02117,0.03505,0.02308,0.02198,0.03155,0.02783,0.03658,0.02874,0.02937,0.02797,0.05144
0.06057,0.07759,0.05409,0.05465,0.03857,0.05922,0.07450,0.04605,0.04515,0.03811,0.04297,0.06867,0.02967,0.03842,0.06852,0.03864,0.03743,0.03108,0.04056,0.05554
0.05824,0.12602,0.03360,0.06663,0.02624,0.06502,0.03287,0.10683,0.03352,0.03012,0.02691,0.11073,0.02018,0.02460,0.11078,0.02555,0.02370,0.02272,0.02449,0.03122
0.17591,0.15197,0.03655,0.03121,0.02725,0.03131,0.03286,0.15248,0.05453,0.02078,0.02552,0.04586,0.02020,0.02892,0.05193,0.02362,0.01834,0.01928,0.01953,0.03195
0.13703,0.05205,0.05065,0.06652,0.05228,0.04558,0.05423,0.04901,0.05584,0.03139,0.04690,0.03280,0.03426,0.04255,0.03982,0.04211,0.04246,0.03480,0.03794,0.05179
0.14754,0.11785,0.02653,0.14752,0.01991,0.13483,0.02763,0.11543,0.03697,0.01878,0.02144,0.01516,0.01908,0.02261,0.01706,0.02424,0.02507,0.01820,0.01808,0.02607
0.14738,0.06522,0.02955,0.16653,0.02449,0.16755,0.03068,0.06161,0.04433,0.01797,0.02399,0.03103,0.01824,0.02385,0.03392,0.02293,0.02011,0.02047,0.01991,0.03024
0.15725,0.09311,0.05764,0.04090,0.04076,0.05009,0.07047,0.05909,0.05393,0.02541,0.04259,0.03253,0.01955,0.04496,0.02869,0.03501,0.03115,0.02887,0.03668,0.05132
0.16360,0.12211,0.04913,0.03722,0.03457,0.03958,0.04465,0.10204,0.06273,0.02391,0.03739,0.04764,0.01931,0.03228,0.03938,0.02941,0.02652,0.02609,0.02754,0.03490
0.14860,0.11061,0.05388,0.03274,0.02950,0.05173,0.08633,0.07716,0.04918,0.01911,0.03381,0.02769,0.01902,0.04412,0.03215,0.04216,0.02206,0.02733,0.03829,0.05453
0.05341,0.04152,0.11547,0.09683,0.09157,0.07087,0.05383,0.04892,0.05277,0.03428,0.04873,0.04213,0.02243,0.02607,0.02770,0.04452,0.02977,0.02615,0.02038,0.05266
0.15395,0.12599,0.06617,0.02945,0.03164,0.05209,0.06674,0.05304,0.03759,0.02597,0.03388,0.04417,0.02658,0.03319,0.04035,0.03492,0.02905,0.02389,0.04225,0.04908
0.06565,0.08468,0.04064,0.04617,0.02782,0.03812,0.03745,0.08466,0.03602,0.02712,0.02790,0.14725,0.02184,0.03702,0.14688,0.02049,0.02861,0.02284,0.02820,0.03065
0.13539,0.09995,0.05238,0.03669,0.04050,0.05008,0.07039,0.09031,0.05226,0.02303,0.03350,0.03457,0.02246,0.04943,0.03717,0.03209,0.02829,0.03220,0.03706,0.04227
0.22555,0.06122,0.04839,0.03451,0.03011,0.03205,0.04687,0.05294,0.06086,0.02853,0.03460,0.05950,0.02449,0.03800,0.05829,0.03398,0.02830,0.03027,0.03016,0.04139
0.16753,0.08954,0.04945,0.07685,0.02876,0.07823,0.04545,0.07199,0.05482,0.02402,0.02409,0.04530,0.02466,0.03342,0.05026,0.02792,0.02049,0.02221,0.02614,0.03887
0.25811,0.06627,0.03737,0.04562,0.02856,0.04121,0.03090,0.05624,0.08126,0.04358,0.03436,0.03539,0.02655,0.03746,0.03275,0.02619,0.02918,0.02230,0.02313,0.04358
0.05763,0.04708,0.03926,0.08918,0.03737,0.08782,0.03635,0.04731,0.03543,0.04961,0.03433,0.08711,0.03959,0.03136,0.07947,0.03225,0.02811,0.03883,0.04959,0.05235
0.07649,0.07336,0.03269,0.04502,0.02440,0.03686,0.02807,0.06817,0.02950,0.02877,0.02039,0.18303,0.02128,0.02454,0.18971,0.02232,0.02354,0.02038,0.02137,0.03011
0.08198,0.07226,0.02917,0.02795,0.02190,0.02255,0.03110,0.07032,0.03288,0.01339,0.02103,0.21725,0.01191,0.02202,0.22394,0.01870,0.01802,0.01607,0.01791,0.02967
0.08284,0.11140,0.06275,0.09629,0.03743,0.09644,0.06656,0.07763,0.04000,0.01868,0.03388,0.02644,0.01835,0.04174,0.03445,0.03133,0.02298,0.02195,0.03451,0.04436
0.18060,0.08464,0.04345,0.07677,0.03298,0.07197,0.03822,0.08892,0.05573,0.02024,0.03113,0.03123,0.02009,0.03506,0.03206,0.03436,0.02813,0.03293,0.02606,0.03544
0.38049,0.08852,0.03418,0.03259,0.02220,0.02919,0.03449,0.07447,0.06018,0.01824,0.02412,0.01899,0.01795,0.02450,0.02087,0.02364,0.01708,0.02259,0.02267,0.03303
0.15821,0.08843,0.04734,0.04826,0.03464,0.04221,0.03837,0.09367,0.06089,0.03042,0.03409,0.04584,0.02641,0.03800,0.04376,0.03923,0.02666,0.03142,0.02664,0.04548
0.20736,0.04405,0.04259,0.08027,0.05291,0.05969,0.03063,0.04113,0.06690,0.01813,0.03706,0.04818,0.02452,0.04121,0.03923,0.03302,0.04118,0.03658,0.02493,0.03044
0.06288,0.10415,0.03896,0.07935,0.03249,0.07398,0.03279,0.10588,0.04704,0.04244,0.02672,0.07460,0.02565,0.03048,0.07369,0.02518,0.02827,0.02763,0.02445,0.04339
0.23304,0.04858,0.04672,0.03785,0.03759,0.02947,0.03945,0.04636,0.05955,0.03922,0.03511,0.04442,0.03249,0.04032,0.04898,0.03512,0.03654,0.03323,0.03114,0.04482
0.20962,0.06535,0.05555,0.05096,0.04048,0.05059,0.05118,0.05070,0.06542,0.01949,0.02885,0.03723,0.02593,0.03692,0.03592,0.04140,0.02833,0.02642,0.03064,0.04903
0.10363,0.06605,0.04307,0.13281,0.02741,0.12505,0.02937,0.06073,0.03029,0.01994,0.04597,0.03515,0.02125,0.04034,0.03746,0.03187,0.03965,0.04849,0.02697,0.03451
0.15643,0.07144,0.05938,0.02730,0.03184,0.04396,0.06817,0.04154,0.06017,0.04463,0.03390,0.05433,0.02985,0.04361,0.04519,0.03562,0.03092,0.02922,0.04538,0.04713
0.07729,0.08677,0.09019,0.04302,0.06842,0.02923,0.04710,0.08337,0.03948,0.04022,0.04164,0.08794,0.02235,0.02253,0.07259,0.03652,0.01978,0.02003,0.02373,0.04781
0.28239,0.05234,0.04584,0.04163,0.03767,0.03303,0.04026,0.04049,0.07026,0.02320,0.03526,0.02721,0.03532,0.03067,0.02964,0.03610,0.03098,0.02732,0.03198,0.04841
0.06024,0.13799,0.03350,0.09586,0.02768,0.09547,0.03576,0.13607,0.04311,0.03424,0.02715,0.04490,0.01915,0.03143,0.04733,0.02335,0.03030,0.02123,0.02539,0.02984
0.24687,0.08072,0.04548,0.03807,0.03180,0.03407,0.04499,0.08771,0.06312,0.02675,0.03467,0.03367,0.02355,0.02860,0.02765,0.02979,0.03108,0.02534,0.02578,0.04028
0.21461,0.06550,0.04350,0.05101,0.03533,0.04612,0.03909,0.06719,0.06897,0.01888,0.03215,0.03407,0.03034,0.04859,0.03437,0.03376,0.02337,0.03261,0.03166,0.04886
0.16887,0.07330,0.05588,0.05764,0.03672,0.06283,0.04135,0.07126,0.05769,0.03270,0.03773,0.03179,0.02815,0.03442,0.03564,0.03459,0.03289,0.03513,0.03129,0.04013
0.04302,0.04461,0.05001,0.13371,0.04464,0.11932,0.04172,0.04333,0.04170,0.02715,0.03661,0.07172,0.02239,0.03436,0.07731,0.03558,0.02993,0.03657,0.02547,0.04084
0.12334,0.07819,0.03858,0.05416,0.03774,0.03927,0.04827,0.09140,0.07042,0.03587,0.03896,0.04408,0.02441,0.04655,0.03866,0.03695,0.03625,0.03794,0.03348,0.04548
0.14506,0.16033,0.03871,0.03616,0.02669,0.03337,0.03674,0.16823,0.05062,0.02089,0.02462,0.03246,0.01658,0.03891,0.03680,0.02661,0.02534,0.02245,0.02263,0.03679
0.18641,0.04701,0.04208,0.07816,0.03544,0.06475,0.03820,0.05587,0.05720,0.03243,0.02585,0.04925,0.02574,0.05263,0.05229,0.03722,0.03136,0.03196,0.02116,0.03497
0.09226,0.07111,0.05043,0.14031,0.03983,0.14292,0.05404,0.05141,0.03896,0.02180,0.03474,0.02442,0.02068,0.03684,0.02764,0.03518,0.02456,0.02140,0.03061,0.04087
0.05047,0.16242,0.05006,0.05384,0.03374,0.04105,0.03521,0.17065,0.03049,0.03281,0.03315,0.06234,0.02008,0.02439,0.06470,0.02367,0.02379,0.02132,0.02550,0.04033
0.07210,0.10426,0.05026,0.03573,0.03460,0.04108,0.04764,0.06596,0.04034,0.02349,0.03242,0.10975,0.02427,0.03672,0.11047,0.03496,0.02772,0.02996,0.04153,0.03677
0.06954,0.07997,0.05353,0.04706,0.03338,0.05242,0.08167,0.05786,0.03675,0.02409,0.03934,0.07066,0.02461,0.05442,0.08144,0.03992,0.03306,0.03249,0.03972,0.04809
0.34896,0.03492,0.03442,0.03775,0.03408,0.03554,0.04508,0.03445,0.06619,0.02772,0.02906,0.03386,0.02995,0.03166,0.02584,0.03061,0.02550,0.02865,0.02914,0.03660
0.08613,0.06474,0.03808,0.16201,0.02654,0.14761,0.03027,0.06345,0.03070,0.02071,0.04638,0.01936,0.02037,0.03599,0.02153,0.03406,0.04056,0.05783,0.02650,0.02717
0.23462,0.05442,0.06231,0.05797,0.04443,0.05742,0.04747,0.04073,0.06081,0.02769,0.03968,0.02585,0.02989,0.03086,0.02255,0.03600,0.03533,0.02535,0.02849,0.03812
0.04746,0.13395,0.03570,0.13719,0.02350,0.12329,0.02613,0.14221,0.03353,0.01576,0.02460,0.04343,0.01440,0.02788,0.05931,0.02284,0.02246,0.02001,0.01939,0.02695
0.07976,0.09329,0.03941,0.13803,0.02818,0.14693,0.04247,0.08923,0.04485,0.02025,0.02536,0.03270,0.01690,0.03700,0.03738,0.02642,0.03192,0.02294,0.01934,0.02764
0.07588,0.08754,0.04648,0.05363,0.03080,0.05369,0.03297,0.08351,0.04085,0.02424,0.03080,0.12522,0.02265,0.02525,0.12708,0.02436,0.02414,0.02300,0.02627,0.04163
0.05631,0.04013,0.03335,0.21631,0.02554,0.20711,0.02456,0.03549,0.02953,0.02513,0.03484,0.03241,0.02083,0.03134,0.03486,0.02786,0.02980,0.04296,0.02601,0.02561
0.06077,0.07023,0.06846,0.13628,0.04331,0.14201,0.05486,0.04717,0.03832,0.03208,0.02848,0.03734,0.02072,0.03427,0.03389,0.03314,0.02548,0.02561,0.02909,0.03850
0.20992,0.09677,0.04460,0.03459,0.04554,0.02650,0.04511,0.09500,0.05751,0.03717,0.02543,0.04033,0.02639,0.02966,0.03891,0.02923,0.02739,0.02738,0.02533,0.03725
0.08766,0.08050,0.04629,0.04067,0.03905,0.04051,0.05039,0.05977,0.03591,0.01513,0.03074,0.13397,0.02106,0.04302,0.14187,0.02921,0.02232,0.02116,0.02701,0.03376
0.08284,0.04535,0.05072,0.16058,0.03290,0.13877,0.03173,0.04036,0.04971,0.01827,0.04147,0.02519,0.02194,0.03442,0.02839,0.04004,0.03617,0.05728,0.02584,0.03804
0.10349,0.07987,0.03965,0.16615,0.03059,0.15742,0.03941,0.07214,0.03371,0.01989,0.02682,0.01940,0.01662,0.02990,0.01806,0.03043,0.02733,0.03206,0.02488,0.03218
0.11739,0.04423,0.04671,0.18857,0.03463,0.15996,0.03194,0.04522,0.06010,0.01878,0.02607,0.02287,0.01962,0.02330,0.02387,0.03150,0.02223,0.02593,0.01816,0.03891
0.16705,0.08729,0.06411,0.05375,0.03638,0.07201,0.06290,0.03269,0.04410,0.02501,0.03663,0.03646,0.02510,0.04009,0.03752,0.03738,0.02727,0.02585,0.03939,0.04901
0.33554,0.04405,0.03744,0.04233,0.02820,0.03456,0.03064,0.04606,0.08720,0.01637,0.03251,0.03466,0.02454,0.03431,0.03096,0.02902,0.02426,0.02675,0.02342,0.03717
0.08112,0.21278,0.04022,0.04444,0.02870,0.04878,0.04392,0.19923,0.03147,0.01981,0.02563,0.02907,0.02091,0.02636,0.02633,0.02385,0.02239,0.01850,0.02576,0.03069
0.12411,0.04979,0.04973,0.09675,0.03768,0.07963,0.03741,0.04985,0.08408,0.02759,0.03862,0.03578,0.03045,0.03282,0.03474,0.04142,0.02962,0.03670,0.02681,0.05643
0.09412,0.06746,0.04381,0.13129,0.03170,0.13825,0.05255,0.05016,0.03661,0.02522,0.03684,0.04118,0.02402,0.03350,0.04000,0.03063,0.02940,0.02610,0.02904,0.03812
0.10158,0.09829,0.06136,0.04682,0.03662,0.04554,0.05523,0.09018,0.04041,0.04155,0.04818,0.04349,0.03933,0.03163,0.03593,0.04084,0.03238,0.03130,0.03402,0.04533
0.07600,0.05589,0.04872,0.05871,0.05797,0.05433,0.07263,0.04926,0.04486,0.04007,0.04222,0.04417,0.04458,0.04978,0.03904,0.04886,0.03885,0.04371,0.04923,0.04113
0.08783,0.05359,0.03224,0.19628,0.02656,0.19463,0.03101,0.04861,0.03537,0.02547,0.02840,0.02370,0.02131,0.03137,0.02576,0.02504,0.03041,0.02578,0.02143,0.03522
0.35486,0.03128,0.03118,0.04131,0.02851,0.03606,0.03025,0.03237,0.06913,0.02311,0.03108,0.02857,0.02528,0.03632,0.03438,0.03798,0.03129,0.03318,0.02798,0.03589
0.03727,0.04463,0.04165,0.16317,0.03443,0.16754,0.05062,0.04404,0.04724,0.03665,0.03124,0.03283,0.02609,0.03519,0.02911,0.03426,0.03264,0.03047,0.02977,0.05113
0.21125,0.06851,0.03388,0.05840,0.03307,0.04677,0.03042,0.07088,0.05676,0.02596,0.03246,0.06928,0.02277,0.02889,0.06406,0.03013,0.03331,0.02558,0.02466,0.03294
0.33360,0.08739,0.03609,0.04687,0.02233,0.05456,0.04183,0.06990,0.06116,0.01472,0.02892,0.01760,0.01597,0.02466,0.02322,0.02498,0.01892,0.02009,0.02349,0.03370
0.06797,0.06168,0.05650,0.05677,0.04331,0.04930,0.04959,0.04207,0.04639,0.06826,0.03898,0.08052,0.04079,0.03789,0.06985,0.03861,0.03595,0.02876,0.03782,0.04901
0.12231,0.13163,0.04569,0.07348,0.02991,0.07059,0.04299,0.11640,0.03994,0.02250,0.03271,0.03637,0.02171,0.03144,0.03888,0.02768,0.02641,0.02448,0.02859,0.03628
0.11584,0.08440,0.04438,0.10747,0.03344,0.10502,0.03981,0.07834,0.05334,0.01861,0.02826,0.04692,0.01663,0.03026,0.05011,0.03086,0.02413,0.02247,0.02680,0.04292
0.22609,0.06391,0.05170,0.05908,0.03653,0.04907,0.04944,0.05584,0.07249,0.01402,0.03104,0.03090,0.02109,0.03948,0.03341,0.03491,0.02304,0.02846,0.02920,0.05028
0.13273,0.05747,0.05073,0.07446,0.03936,0.07768,0.05615,0.04824,0.06663,0.03047,0.03523,0.04578,0.02550,0.04798,0.04415,0.03914,0.02606,0.02903,0.02887,0.04434
0.09485,0.06297,0.04363,0.06811,0.04493,0.05229,0.02969,0.06337,0.05639,0.01974,0.03380,0.10976,0.02241,0.03966,0.10413,0.03076,0.03645,0.03156,0.02313,0.03238
0.12690,0.15442,0.05417,0.03749,0.03290,0.05465,0.05474,0.10105,0.04062,0.02198,0.03569,0.03704,0.02244,0.03334,0.04021,0.02759,0.02459,0.02270,0.03493,0.04252
0.16592,0.10990,0.06007,0.03497,0.03082,0.06084,0.06806,0.04844,0.03650,0.02101,0.03702,0.02295,0.02772,0.04094,0.02888,0.04216,0.03918,0.03321,0.04195,0.04947
0.05430,0.18828,0.03761,0.10941,0.02220,0.10791,0.02639,0.17505,0.03547,0.02199,0.02259,0.02916,0.01604,0.02006,0.03229,0.01763,0.02410,0.01380,0.01833,0.02739
0.16469,0.09785,0.04338,0.07085,0.04041,0.05007,0.03375,0.09475,0.06841,0.02268,0.03193,0.04096,0.02509,0.02975,0.03334,0.03213,0.03012,0.02738,0.02411,0.03836
0.21101,0.10820,0.03609,0.04080,0.02910,0.03598,0.03974,0.11165,0.05019,0.03766,0.03117,0.04737,0.02920,0.03220,0.02567,0.02762,0.02336,0.02265,0.02796,0.03237
0.08026,0.05527,0.03661,0.04356,0.03092,0.04185,0.02961,0.05372,0.03614,0.03884,0.02564,0.17463,0.02463,0.02879,0.16607,0.02601,0.02271,0.02506,0.02675,0.03292
0.07524,0.08065,0.03854,0.03492,0.02783,0.03495,0.03451,0.07435,0.03829,0.03518,0.03225,0.13728,0.03090,0.03186,0.14292,0.02694,0.02600,0.02750,0.02778,0.04208
0.07526,0.05343,0.04301,0.18585,0.02207,0.19376,0.04078,0.03433,0.03677,0.02192,0.02193,0.04373,0.02305,0.02993,0.04553,0.02285,0.02280,0.02278,0.02525,0.03496
0.08474,0.07281,0.05759,0.08501,0.05337,0.06476,0.05034,0.07729,0.05699,0.02464,0.03846,0.03931,0.02865,0.03842,0.04084,0.03877,0.03428,0.03278,0.03128,0.04966
0.24232,0.06957,0.03942,0.04124,0.03851,0.04094,0.04469,0.06387,0.05876,0.04319,0.03168,0.02887,0.03467,0.03194,0.02602,0.03502,0.02820,0.02872,0.03396,0.03845
0.15190,0.09453,0.05379,0.05162,0.03179,0.05620,0.05961,0.06770,0.06140,0.02390,0.04060,0.03222,0.02902,0.03503,0.02846,0.04110,0.02999,0.02795,0.03313,0.05006
0.12522,0.08914,0.05895,0.04875,0.03446,0.06426,0.06564,0.05227,0.04798,0.02672,0.04046,0.04263,0.02567,0.04377,0.04256,0.03714,0.03004,0.03508,0.04099,0.04826
0.04519,0.04969,0.04274,0.05231,0.03455,0.04559,0.03214,0.04823,0.04373,0.02047,0.02693,0.18608,0.01902,0.03015,0.19254,0.02567,0.02448,0.02285,0.02118,0.03645
0.05777,0.06439,0.04919,0.05707,0.03061,0.06308,0.05918,0.04090,0.03428,0.03043,0.03090,0.13189,0.02433,0.03774,0.12860,0.03330,0.02518,0.02476,0.03601,0.04039
0.26926,0.05703,0.03971,0.03474,0.03594,0.03692,0.04491,0.03207,0.05376,0.03371,0.03554,0.03939,0.03081,0.03643,0.04050,0.03739,0.03662,0.03223,0.03426,0.03876
0.15490,0.13093,0.05731,0.03706,0.03316,0.04740,0.05167,0.09401,0.03678,0.02649,0.02824,0.05081,0.02156,0.02850,0.05211,0.03086,0.02324,0.02056,0.03053,0.04389
0.16898,0.05742,0.04749,0.07248,0.03593,0.07492,0.05176,0.04732,0.05878,0.02459,0.03048,0.06300,0.02164,0.03555,0.05952,0.02925,0.02613,0.02724,0.02960,0.03796
0.11554,0.11446,0.04901,0.03072,0.03995,0.03503,0.05180,0.09152,0.04928,0.05442,0.03881,0.04187,0.03419,0.03392,0.04088,0.03387,0.03688,0.02979,0.03476,0.04329
0.06017,0.04642,0.03719,0.10957,0.04036,0.10892,0.05204,0.04651,0.04687,0.03451,0.03469,0.05407,0.03396,0.04394,0.05739,0.03512,0.03351,0.03878,0.04507,0.04091
0.32981,0.14703,0.02968,0.03280,0.02726,0.02253,0.02796,0.15261,0.04063,0.01241,0.01919,0.01138,0.01396,0.01481,0.01410,0.01970,0.01754,0.01578,0.02062,0.03021
0.08003,0.06740,0.04342,0.04326,0.03059,0.05224,0.04104,0.05470,0.03499,0.02707,0.02798,0.13799,0.03475,0.03359,0.14328,0.02666,0.02335,0.02721,0.03278,0.03767
0.12593,0.11225,0.05253,0.05698,0.04210,0.05672,0.06462,0.08409,0.04347,0.02202,0.03289,0.02984,0.02712,0.04011,0.03506,0.03559,0.02647,0.02838,0.03415,0.04968
0.05564,0.04346,0.03375,0.18790,0.03553,0.19140,0.04501,0.04632,0.04200,0.03027,0.03099,0.02600,0.03353,0.02964,0.02353,0.02641,0.02598,0.02544,0.03276,0.03443
0.14789,0.11403,0.03888,0.04920,0.02889,0.04459,0.04334,0.12273,0.05950,0.02373,0.03014,0.03822,0.02050,0.03566,0.04660,0.03659,0.02310,0.02794,0.02437,0.04410
