0.26832,0.06034,0.06794,0.06602,0.32708,0.04423,0.06313,0.01413,0.01106,0.07773
0.11120,0.03961,0.11238,0.05917,0.17422,0.22169,0.06954,0.04836,0.04452,0.11930
0.06054,0.19108,0.08138,0.07494,0.08142,0.23501,0.03579,0.09371,0.08940,0.05674
0.08500,0.10037,0.08968,0.11923,0.15782,0.12619,0.12027,0.05184,0.06888,0.08072
0.16408,0.09629,0.19094,0.09063,0.10096,0.12608,0.03646,0.04137,0.09122,0.06197
0.03264,0.03310,0.04457,0.02335,0.04216,0.07976,0.03023,0.66493,0.00865,0.04062
0.27032,0.02552,0.01636,0.03447,0.29111,0.09251,0.10008,0.07245,0.02830,0.06885
0.02911,0.17427,0.01969,0.03290,0.17100,0.26948,0.12767,0.13812,0.00774,0.03002
0.03000,0.35288,0.02031,0.01948,0.03220,0.41647,0.03205,0.03535,0.01175,0.04952
0.03149,0.01427,0.01198,0.05197,0.05075,0.13734,0.03874,0.57051,0.08039,0.01258
0.13033,0.05982,0.01764,0.07161,0.12673,0.16456,0.14656,0.04345,0.06108,0.17821
0.12348,0.04646,0.02546,0.04524,0.07578,0.19347,0.07081,0.27186,0.05200,0.09546
0.01870,0.01928,0.13331,0.26119,0.24648,0.06376,0.11368,0.01424,0.04177,0.08759
0.02776,0.01995,0.02860,0.02167,0.03491,0.02210,0.19237,0.44811,0.00785,0.19669
0.02237,0.03907,0.02989,0.03326,0.07200,0.04362,0.08772,0.58571,0.01234,0.07401
0.28250,0.02898,0.01654,0.01558,0.01295,0.34272,0.03565,0.20865,0.02459,0.03185
0.10300,0.04027,0.07823,0.05036,0.11699,0.21958,0.06952,0.08051,0.04796,0.19357
0.11113,0.06454,0.02886,0.03264,0.14824,0.07900,0.03882,0.31992,0.01759,0.15926
0.23630,0.02851,0.22612,0.02960,0.04845,0.08085,0.08768,0.03107,0.01568,0.21576
0.05786,0.04379,0.12851,0.02166,0.01982,0.01796,0.07235,0.51789,0.03195,0.08822
0.08305,0.26408,0.08323,0.02321,0.02860,0.36701,0.03604,0.06560,0.02006,0.02911
0.17509,0.01982,0.10137,0.02126,0.03125,0.19448,0.03842,0.04476,0.33978,0.03376
0.05150,0.02793,0.20172,0.18583,0.04886,0.04344,0.03553,0.01051,0.35069,0.04399
0.01788,0.02853,0.03081,0.02551,0.03054,0.10219,0.15111,0.23593,0.05145,0.32606
0.07921,0.12625,0.01018,0.02308,0.04000,0.04550,0.01991,0.54639,0.03941,0.07008
0.02757,0.02608,0.01575,0.02633,0.17354,0.40712,0.24923,0.01346,0.01492,0.04600
0.12883,0.04674,0.07339,0.04744,0.05174,0.15362,0.04747,0.31848,0.06431,0.06798
0.23596,0.05483,0.15704,0.15852,0.10329,0.04128,0.06603,0.07914,0.03487,0.06907
0.10130,0.01986,0.03479,0.02005,0.04017,0.13840,0.04975,0.01904,0.53864,0.03800
0.02485,0.04390,0.00571,0.18329,0.27252,0.17851,0.20477,0.05498,0.00879,0.02268
0.03399,0.27832,0.03652,0.03241,0.11516,0.37122,0.02737,0.03086,0.03223,0.04192
0.03624,0.10986,0.03893,0.04225,0.20980,0.28188,0.11014,0.06234,0.02476,0.08380
0.05217,0.03090,0.02101,0.06764,0.07455,0.01613,0.10870,0.46879,0.01271,0.14739
0.05378,0.03151,0.44451,0.03953,0.04138,0.16680,0.06031,0.07039,0.04787,0.04393
0.05807,0.19089,0.06918,0.04085,0.04009,0.25837,0.04243,0.06098,0.15820,0.08094
0.05812,0.24010,0.04048,0.04734,0.08624,0.27520,0.04286,0.13029,0.05101,0.02837
0.01720,0.05207,0.02884,0.05368,0.32503,0.38660,0.04349,0.03744,0.02611,0.02953
0.02747,0.10134,0.07340,0.19291,0.13580,0.04766,0.08215,0.20201,0.03305,0.10421
0.03060,0.01566,0.03571,0.01699,0.00656,0.00996,0.03023,0.80970,0.01165,0.03292
0.01649,0.15047,0.03345,0.03338,0.09980,0.22904,0.02687,0.13628,0.02270,0.25152
0.02372,0.02144,0.06191,0.04051,0.03703,0.02933,0.34251,0.03088,0.01021,0.40247
0.01259,0.02949,0.01551,0.01777,0.06355,0.02731,0.02556,0.77647,0.00963,0.02214
0.02589,0.10580,0.06319,0.20839,0.08428,0.02628,0.18263,0.09112,0.01012,0.20229
0.16296,0.01960,0.24188,0.06093,0.02175,0.03238,0.02913,0.02098,0.39090,0.01951
0.03182,0.17681,0.04403,0.02553,0.15003,0.02285,0.17652,0.02085,0.16051,0.19105
0.02712,0.09810,0.02298,0.01838,0.02119,0.20197,0.04971,0.47152,0.01849,0.07054
0.02513,0.08767,0.05342,0.16314,0.07014,0.04210,0.06948,0.32494,0.02917,0.13480
0.07346,0.01770,0.12324,0.06712,0.16552,0.26484,0.18653,0.02592,0.01095,0.06473
0.01519,0.01996,0.05510,0.01178,0.02624,0.03487,0.22680,0.01466,0.37709,0.21830
0.24087,0.05215,0.23562,0.03269,0.08276,0.25640,0.03549,0.01286,0.01640,0.03476
0.06976,0.02039,0.01735,0.02092,0.04781,0.32269,0.26769,0.02532,0.12222,0.08586
0.04258,0.01963,0.07091,0.02757,0.03377,0.03837,0.05141,0.04404,0.60526,0.06647
0.01808,0.04113,0.02678,0.07571,0.02307,0.07716,0.03039,0.57351,0.07403,0.06013
0.03832,0.02907,0.42153,0.04566,0.04569,0.07490,0.09831,0.15556,0.01487,0.07610
0.02695,0.06109,0.50803,0.01636,0.01686,0.14664,0.18294,0.00999,0.01652,0.01462
0.09248,0.21135,0.08655,0.05191,0.03315,0.30584,0.10912,0.01285,0.03448,0.06226
0.09078,0.27881,0.04276,0.03109,0.28563,0.09164,0.06597,0.03329,0.03648,0.04354
0.02500,0.08908,0.07496,0.05980,0.06956,0.11540,0.15291,0.08967,0.10008,0.22355
0.01318,0.15148,0.03688,0.03114,0.04798,0.15334,0.14239,0.20455,0.07751,0.14155
0.04799,0.19749,0.05743,0.04531,0.05116,0.36701,0.12538,0.01999,0.05450,0.03374
0.13411,0.07508,0.16635,0.02669,0.02496,0.12794,0.08024,0.12740,0.10766,0.12957
0.03404,0.05461,0.24395,0.02063,0.08722,0.13551,0.04437,0.07626,0.01220,0.29121
0.09435,0.03736,0.13236,0.04527,0.02846,0.06843,0.08721,0.25077,0.16542,0.09037
0.30843,0.25741,0.04432,0.02150,0.04163,0.10453,0.07193,0.08325,0.02283,0.04418
0.03225,0.03400,0.08267,0.04347,0.03463,0.13140,0.06295,0.54663,0.01519,0.01681
0.03542,0.13767,0.02471,0.02207,0.13659,0.04184,0.24322,0.03823,0.05525,0.26501
0.24132,0.03472,0.18356,0.05865,0.04369,0.30983,0.03358,0.03558,0.02780,0.03126
0.00644,0.01521,0.72963,0.01280,0.02264,0.00710,0.00653,0.18891,0.00164,0.00909
0.02137,0.27822,0.02679,0.34419,0.09888,0.04917,0.02686,0.06236,0.01281,0.07933
0.02148,0.04618,0.04810,0.03190,0.03123,0.02306,0.34640,0.02071,0.01561,0.41533
0.04400,0.17411,0.05044,0.13311,0.13253,0.19454,0.05780,0.14530,0.03240,0.03577
0.06607,0.16437,0.06907,0.06702,0.11208,0.19704,0.06079,0.07431,0.13977,0.04949
0.01929,0.03957,0.01691,0.19648,0.55370,0.01018,0.02159,0.03573,0.06814,0.03843
0.05854,0.33186,0.04383,0.06766,0.15150,0.13603,0.03143,0.08241,0.01080,0.08594
0.22757,0.03499,0.06335,0.07203,0.13648,0.31340,0.03922,0.06548,0.01691,0.03058
0.08784,0.30459,0.02495,0.25596,0.03961,0.11227,0.03014,0.10213,0.01885,0.02365
0.23768,0.05787,0.01530,0.02628,0.02387,0.28566,0.08828,0.01325,0.15651,0.09529
0.08694,0.07265,0.02448,0.04532,0.06411,0.14069,0.22264,0.02429,0.04916,0.26970
0.08051,0.05856,0.02687,0.05772,0.18611,0.10857,0.08948,0.06594,0.01261,0.31364
0.04445,0.31835,0.02956,0.02180,0.03316,0.36218,0.02278,0.10497,0.02767,0.03508
0.02800,0.34591,0.04413,0.02063,0.01923,0.38252,0.01562,0.09955,0.01632,0.02808
0.02133,0.02080,0.02965,0.02751,0.17119,0.05796,0.01910,0.36140,0.00885,0.28220
0.06821,0.02218,0.09419,0.02786,0.04001,0.11145,0.09758,0.27805,0.08011,0.18036
0.18757,0.01923,0.32809,0.24968,0.01099,0.01852,0.03118,0.08755,0.04111,0.02607
0.03458,0.06099,0.01820,0.01854,0.02484,0.06936,0.02666,0.68960,0.02487,0.03237
0.02782,0.02378,0.01502,0.01421,0.02196,0.07687,0.05368,0.38000,0.36610,0.02056
0.04440,0.18854,0.02957,0.11200,0.20469,0.19966,0.03547,0.01068,0.10463,0.07035
0.04105,0.01954,0.03353,0.03415,0.17250,0.20767,0.21469,0.02716,0.00824,0.24148
0.07662,0.04441,0.03641,0.22644,0.24177,0.17407,0.05124,0.04156,0.03129,0.07619
0.02162,0.02779,0.00703,0.01956,0.03480,0.20261,0.21104,0.41959,0.04107,0.01489
0.02481,0.21298,0.02947,0.02840,0.14684,0.03776,0.17034,0.12589,0.03164,0.19186
0.06971,0.04033,0.09412,0.05086,0.04349,0.20321,0.28168,0.04616,0.02580,0.14465
0.04649,0.04867,0.28676,0.30980,0.04256,0.07562,0.05612,0.05350,0.01209,0.06839
0.02766,0.25579,0.02699,0.03737,0.06043,0.29285,0.03352,0.22435,0.01039,0.03066
0.03000,0.01922,0.01693,0.01680,0.02170,0.03667,0.39108,0.01135,0.02398,0.43227
0.18955,0.03619,0.21940,0.14679,0.03472,0.02923,0.11445,0.06685,0.01501,0.14781
0.02745,0.10229,0.18320,0.29355,0.02532,0.03370,0.03046,0.13233,0.13743,0.03427
0.05329,0.03386,0.04583,0.03469,0.04233,0.05613,0.15075,0.08274,0.32371,0.17668
0.06590,0.01826,0.02409,0.01842,0.03013,0.05536,0.04261,0.70559,0.01615,0.02349
0.02176,0.02367,0.03973,0.02823,0.29457,0.31698,0.02356,0.20509,0.01247,0.03394
0.04141,0.36588,0.03483,0.02076,0.02222,0.41732,0.01704,0.05042,0.01345,0.01666
0.23924,0.07364,0.01576,0.02599,0.01046,0.25345,0.15977,0.02412,0.01180,0.18576
0.37624,0.38348,0.01733,0.02623,0.02335,0.03376,0.02352,0.04275,0.03350,0.03986
0.01928,0.11928,0.05751,0.08262,0.15117,0.12847,0.12529,0.10433,0.02440,0.18766
0.03720,0.01174,0.01823,0.01991,0.34738,0.42141,0.04067,0.02347,0.04997,0.03002
0.28886,0.01905,0.07868,0.02187,0.02814,0.29815,0.10659,0.01048,0.01008,0.13810
0.04543,0.04663,0.02454,0.02172,0.11417,0.30797,0.20745,0.01519,0.13189,0.08501
0.01687,0.08133,0.04327,0.05590,0.24411,0.25023,0.01829,0.26888,0.00659,0.01452
0.07720,0.06207,0.05792,0.09032,0.11851,0.13410,0.05340,0.04681,0.20212,0.15755
0.05008,0.02484,0.00940,0.01577,0.03582,0.03364,0.31500,0.02871,0.15572,0.33101
0.03757,0.08033,0.01955,0.01412,0.07221,0.20592,0.13601,0.36181,0.03598,0.03649
0.02236,0.12222,0.01091,0.15429,0.01883,0.02255,0.21734,0.01882,0.14277,0.26990
0.05695,0.06924,0.25743,0.35671,0.02273,0.06331,0.06501,0.06147,0.01462,0.03253
0.02028,0.31851,0.04259,0.01414,0.01351,0.39690,0.08703,0.00688,0.01396,0.08621
0.03312,0.15834,0.09668,0.08814,0.10583,0.17849,0.04071,0.00779,0.12438,0.16650
0.03094,0.04512,0.04061,0.08718,0.11017,0.19857,0.20788,0.05395,0.17647,0.04910
0.01245,0.01494,0.33762,0.01762,0.03579,0.01982,0.01674,0.03695,0.46756,0.04049
0.02297,0.08469,0.03057,0.02450,0.04709,0.03247,0.02635,0.31952,0.37454,0.03730
0.07152,0.07064,0.06414,0.05954,0.08667,0.08463,0.18043,0.03688,0.11802,0.22754
0.48098,0.01395,0.06321,0.01745,0.03795,0.09607,0.06502,0.16653,0.01610,0.04274
0.19267,0.03120,0.12776,0.07597,0.21305,0.05912,0.03671,0.05737,0.01499,0.19118
0.14958,0.07902,0.27494,0.09878,0.06800,0.04488,0.01831,0.20504,0.00831,0.05316
0.11141,0.09541,0.09950,0.04096,0.08359,0.09224,0.08491,0.20022,0.07267,0.11908
0.02072,0.30473,0.03410,0.02234,0.10125,0.40232,0.05180,0.00617,0.01335,0.04323
0.02871,0.03925,0.01916,0.01983,0.02394,0.03338,0.36132,0.03233,0.03866,0.40342
0.08172,0.05578,0.04363,0.07933,0.05084,0.10581,0.03690,0.04716,0.41779,0.08105
0.03259,0.03170,0.03353,0.04376,0.02210,0.38450,0.37459,0.05594,0.00667,0.01461
0.26583,0.04557,0.30244,0.25215,0.02095,0.02863,0.02301,0.02350,0.01467,0.02326
0.01268,0.01940,0.83073,0.01921,0.01780,0.02699,0.01832,0.02020,0.01797,0.01669
0.01679,0.03335,0.09543,0.26472,0.26258,0.02454,0.05613,0.03569,0.14959,0.06117
0.14448,0.05227,0.01919,0.02239,0.11851,0.05264,0.26732,0.02752,0.01077,0.28491
0.11024,0.08747,0.06914,0.10039,0.12826,0.17723,0.07422,0.06457,0.05101,0.13747
0.05691,0.02484,0.02218,0.02407,0.12881,0.14531,0.05070,0.02769,0.44181,0.07766
0.01388,0.03898,0.03074,0.03792,0.06120,0.01279,0.34426,0.03698,0.02385,0.39940
0.01968,0.03488,0.02029,0.03142,0.14784,0.03608,0.28193,0.01756,0.01871,0.39160
0.01910,0.04579,0.03538,0.04962,0.26906,0.35551,0.04607,0.09118,0.01917,0.06912
0.04366,0.02952,0.03277,0.02769,0.03297,0.12526,0.03232,0.33199,0.12756,0.21627
0.29009,0.01536,0.34501,0.12731,0.03215,0.05693,0.04515,0.01476,0.05289,0.02035
0.02880,0.19137,0.08929,0.16701,0.31522,0.02210,0.05658,0.01918,0.03017,0.08030
0.01742,0.16681,0.02539,0.06131,0.11749,0.29576,0.21360,0.06401,0.01060,0.02761
0.02187,0.24268,0.01588,0.05787,0.21888,0.04171,0.04173,0.27188,0.06091,0.02660
0.01767,0.11030,0.03104,0.02360,0.07385,0.22687,0.05530,0.10501,0.32119,0.03517
0.07683,0.01679,0.09557,0.01200,0.21108,0.32714,0.07481,0.00712,0.01365,0.16501
0.02211,0.11720,0.03359,0.02734,0.30174,0.30503,0.05551,0.01716,0.01314,0.10718
0.23619,0.03811,0.23735,0.07897,0.06099,0.06027,0.03980,0.14731,0.05011,0.05089
0.26229,0.02427,0.00380,0.02699,0.02197,0.35890,0.04255,0.22984,0.01612,0.01326
0.03582,0.02444,0.76462,0.02242,0.02991,0.05351,0.03590,0.00345,0.00623,0.02369
0.24823,0.02186,0.29914,0.07868,0.01388,0.10693,0.10614,0.06250,0.01299,0.04965
0.03578,0.04731,0.03355,0.05369,0.10941,0.04031,0.13204,0.24766,0.05742,0.24283
0.05870,0.03242,0.07654,0.06895,0.12217,0.15113,0.18717,0.02210,0.06410,0.21672
0.11358,0.03821,0.02833,0.01750,0.03053,0.38161,0.29347,0.03417,0.00855,0.05407
0.02132,0.25188,0.02964,0.23252,0.01757,0.02163,0.01772,0.37922,0.00538,0.02312
0.04557,0.29274,0.12295,0.24744,0.05390,0.08014,0.03520,0.06717,0.01247,0.04242
0.08328,0.08428,0.01425,0.01541,0.01194,0.35007,0.35845,0.01243,0.04222,0.02767
0.02331,0.03020,0.01502,0.04733,0.27490,0.04303,0.02794,0.01379,0.44661,0.07787
0.69336,0.01187,0.12793,0.03196,0.01370,0.04437,0.03031,0.01815,0.00966,0.01870
0.06285,0.12569,0.01915,0.15687,0.02750,0.03170,0.10202,0.03621,0.33691,0.10111
0.01753,0.04664,0.22970,0.24377,0.08474,0.08833,0.05037,0.11745,0.04386,0.07761
0.01569,0.01107,0.01451,0.02262,0.07522,0.25549,0.24732,0.23235,0.01429,0.11143
0.03750,0.24188,0.03347,0.04380,0.08155,0.31897,0.05571,0.14464,0.00944,0.03305
0.04222,0.04458,0.03442,0.09610,0.03892,0.30815,0.34690,0.01137,0.04387,0.03347
0.22061,0.05141,0.28627,0.09214,0.02537,0.11721,0.02871,0.11300,0.03552,0.02975
0.04974,0.19843,0.05366,0.06812,0.19082,0.10127,0.03321,0.12984,0.09723,0.07768
0.01723,0.41038,0.01980,0.01634,0.02365,0.44717,0.01997,0.01541,0.00982,0.02023
0.02145,0.01004,0.40019,0.01518,0.00996,0.02014,0.01216,0.08345,0.01207,0.41536
0.01432,0.06889,0.02018,0.03542,0.24367,0.26639,0.04044,0.21140,0.06441,0.03488
0.13744,0.12958,0.05131,0.03645,0.13444,0.16755,0.02505,0.18003,0.05988,0.07828
0.36036,0.02722,0.01887,0.04040,0.02747,0.04034,0.07122,0.19035,0.15933,0.06444
0.13132,0.13666,0.29036,0.07233,0.06826,0.08487,0.04575,0.11422,0.01445,0.04176
0.03105,0.02720,0.02809,0.04060,0.06202,0.03221,0.31709,0.03819,0.01755,0.40600
0.03066,0.04964,0.02047,0.04901,0.15184,0.05670,0.10204,0.21473,0.01292,0.31199
0.01341,0.04248,0.01913,0.36646,0.36603,0.03440,0.07319,0.02378,0.00792,0.05318
0.18647,0.02614,0.15708,0.02754,0.04366,0.21104,0.09779,0.01669,0.04554,0.18805
0.05009,0.02569,0.08770,0.29504,0.35183,0.07571,0.04648,0.01916,0.01348,0.03482
0.01057,0.02133,0.29563,0.02546,0.03824,0.01089,0.24627,0.04819,0.01498,0.28845
0.14730,0.06391,0.23661,0.09922,0.07801,0.15623,0.02651,0.02115,0.06147,0.10958
0.35341,0.01933,0.28301,0.15668,0.02556,0.03254,0.02958,0.02643,0.00761,0.06586
0.03832,0.02541,0.08306,0.04010,0.27150,0.34305,0.01967,0.04260,0.06080,0.07550
0.05917,0.09990,0.04927,0.04643,0.30086,0.32131,0.02734,0.01989,0.02623,0.04959
0.03133,0.10019,0.04331,0.05456,0.20605,0.06306,0.17403,0.06365,0.01558,0.24824
0.09559,0.12510,0.01314,0.02014,0.03102,0.07844,0.06018,0.39274,0.12650,0.05716
0.02907,0.05016,0.01353,0.03701,0.12716,0.17964,0.04510,0.45562,0.02376,0.03895
0.04003,0.02682,0.04368,0.01818,0.03674,0.06226,0.09174,0.46478,0.09901,0.11676
0.17246,0.03637,0.04587,0.02748,0.22235,0.33767,0.06453,0.03881,0.02248,0.03196
0.10271,0.22134,0.15116,0.06813,0.05281,0.26373,0.04594,0.02337,0.01427,0.05653
0.13860,0.06536,0.19208,0.12331,0.14320,0.08192,0.08463,0.07906,0.03452,0.05732
0.04753,0.19215,0.06544,0.17863,0.02606,0.04121,0.02106,0.03192,0.36199,0.03402
0.07035,0.05566,0.05534,0.03092,0.02785,0.03853,0.08780,0.51726,0.03942,0.07687
0.05604,0.02413,0.05224,0.03727,0.03367,0.11292,0.05453,0.04995,0.54953,0.02972
0.03840,0.01766,0.01707,0.00890,0.06782,0.41618,0.38269,0.03055,0.00743,0.01329
0.21896,0.02947,0.27805,0.14715,0.01691,0.13646,0.05993,0.07705,0.00826,0.02776
0.02789,0.19661,0.02126,0.03479,0.06111,0.22782,0.06869,0.19937,0.06815,0.09430
0.01365,0.20991,0.01031,0.01189,0.05857,0.25916,0.16340,0.00887,0.01500,0.24922
0.17037,0.13062,0.09757,0.11572,0.28696,0.09302,0.02868,0.00991,0.02238,0.04479
0.02310,0.03389,0.01227,0.01905,0.37216,0.42939,0.02501,0.01471,0.02390,0.04652
0.02616,0.06903,0.05594,0.03414,0.08735,0.03716,0.04888,0.58406,0.00932,0.04795
0.02694,0.30507,0.02078,0.29361,0.06713,0.03173,0.07662,0.05891,0.00921,0.11001
0.19308,0.13579,0.03571,0.02168,0.10643,0.16065,0.04123,0.01612,0.24988,0.03943
0.03202,0.19444,0.03462,0.02525,0.07147,0.23588,0.06403,0.02223,0.23802,0.08204
0.02542,0.27156,0.00818,0.25903,0.03272,0.11367,0.08457,0.10392,0.06402,0.03691
0.01165,0.00863,0.11226,0.01265,0.02174,0.01854,0.35698,0.00575,0.03882,0.41300
0.04548,0.04886,0.02421,0.09560,0.01927,0.03160,0.14903,0.25683,0.14877,0.18034
0.30672,0.02215,0.05184,0.02653,0.09472,0.13732,0.03457,0.21806,0.07777,0.03031
0.04969,0.09081,0.07784,0.14893,0.17615,0.05820,0.05548,0.17836,0.04605,0.11850
0.04861,0.09255,0.03949,0.02486,0.02404,0.35078,0.27664,0.09858,0.00758,0.03686
0.03482,0.06680,0.06001,0.02593,0.02745,0.09774,0.04990,0.57422,0.02586,0.03726
0.09920,0.10998,0.07623,0.08030,0.16286,0.13659,0.05407,0.03680,0.12964,0.11434
0.34207,0.04005,0.00928,0.03226,0.01719,0.39904,0.02579,0.09316,0.01521,0.02595
0.00939,0.03625,0.01814,0.02630,0.01875,0.01485,0.20960,0.44168,0.00861,0.21643
0.01912,0.02345,0.01595,0.00972,0.01063,0.02420,0.40129,0.05878,0.01721,0.41965
0.02625,0.02239,0.02011,0.01169,0.40856,0.45267,0.01198,0.00779,0.01828,0.02029
0.03162,0.08188,0.06415,0.09131,0.17910,0.12398,0.08838,0.02769,0.22593,0.08595
0.14660,0.06143,0.03492,0.03361,0.13602,0.05504,0.21022,0.01082,0.07923,0.23212
0.06375,0.05422,0.26343,0.02446,0.02847,0.06064,0.04364,0.39643,0.02088,0.04408
0.01555,0.12606,0.04436,0.04555,0.03558,0.15535,0.04100,0.48826,0.03085,0.01745
0.21356,0.03342,0.23832,0.07750,0.05464,0.12236,0.02399,0.14367,0.01116,0.08136
0.12592,0.04687,0.01646,0.05685,0.02848,0.22823,0.05989,0.10705,0.25650,0.07375
0.17261,0.05790,0.25697,0.14781,0.03639,0.05530,0.04897,0.18578,0.00889,0.02937
0.11419,0.05008,0.08732,0.02305,0.04924,0.16093,0.19959,0.02005,0.12225,0.17329
0.02024,0.02944,0.01772,0.05279,0.01748,0.03204,0.22976,0.32485,0.00766,0.26804
0.03077,0.03949,0.04421,0.06111,0.20817,0.29919,0.04953,0.23383,0.01759,0.01612
0.02396,0.02078,0.02524,0.03173,0.09558,0.07025,0.10426,0.55654,0.02100,0.05066
0.03217,0.13330,0.04858,0.24086,0.28053,0.03948,0.04885,0.02956,0.07688,0.06978
0.02027,0.06822,0.03455,0.03744,0.03246,0.11540,0.26195,0.02569,0.20571,0.19830
0.02220,0.05850,0.02492,0.01263,0.01815,0.08007,0.35072,0.05686,0.02285,0.35311
0.05303,0.02054,0.05896,0.03145,0.01933,0.02670,0.33425,0.07961,0.01604,0.36011
0.07866,0.16450,0.03890,0.02130,0.20701,0.24366,0.06282,0.03973,0.02664,0.11677
0.08112,0.30556,0.01881,0.01768,0.03870,0.39391,0.02961,0.05727,0.02780,0.02953
0.36267,0.28036,0.00996,0.01607,0.04381,0.16181,0.06678,0.01486,0.00766,0.03602
0.05340,0.02029,0.22506,0.16918,0.06345,0.09433,0.02852,0.25568,0.04395,0.04613
0.02952,0.02952,0.01380,0.02194,0.03383,0.03451,0.23809,0.36109,0.01286,0.22485
0.02131,0.20678,0.07332,0.21374,0.31795,0.04809,0.04518,0.02689,0.00931,0.03743
0.02579,0.04739,0.07333,0.05676,0.01772,0.05272,0.04264,0.56125,0.02443,0.09796
0.04361,0.01918,0.02890,0.02238,0.03648,0.02052,0.01405,0.01466,0.76000,0.04021
0.02597,0.02141,0.43565,0.01496,0.01822,0.04098,0.16377,0.01623,0.09982,0.16299
0.09227,0.05976,0.01453,0.07356,0.01541,0.21684,0.10395,0.02732,0.37185,0.02452
0.30454,0.02309,0.00868,0.05071,0.15426,0.38863,0.02156,0.01524,0.00820,0.02509
0.06193,0.04074,0.02362,0.03899,0.04548,0.05133,0.33601,0.02633,0.01511,0.36046
0.30252,0.02007,0.07582,0.02104,0.03596,0.36620,0.02844,0.04332,0.04849,0.05815
0.02266,0.24872,0.01739,0.01854,0.04518,0.28566,0.14947,0.01653,0.01897,0.17687
0.04099,0.03651,0.01859,0.07084,0.08922,0.05927,0.12303,0.27359,0.15803,0.12992
0.02705,0.01056,0.01370,0.01838,0.03308,0.00924,0.25600,0.35135,0.01422,0.26644
0.09891,0.05900,0.12234,0.15970,0.07122,0.14747,0.15155,0.02057,0.07791,0.09133
0.10344,0.02460,0.38113,0.02319,0.05651,0.14171,0.07132,0.05683,0.05786,0.08340
0.01285,0.15755,0.02137,0.19226,0.02234,0.24905,0.27164,0.04781,0.01334,0.01179
0.06452,0.01951,0.35466,0.03663,0.03170,0.06598,0.05578,0.01727,0.01879,0.33516
0.10012,0.13408,0.02330,0.01210,0.03098,0.21549,0.23044,0.17886,0.03073,0.04391
0.41960,0.00644,0.01217,0.01210,0.42425,0.03740,0.03995,0.00899,0.02309,0.01602
0.37430,0.01598,0.01482,0.01477,0.01814,0.46239,0.03410,0.00683,0.01296,0.04571
0.03277,0.01684,0.02900,0.06041,0.02328,0.01647,0.02911,0.04857,0.71966,0.02389
0.05703,0.01578,0.02992,0.01788,0.33336,0.36550,0.07597,0.00569,0.01274,0.08613
0.01202,0.01255,0.00799,0.01281,0.04141,0.01879,0.42223,0.01569,0.01350,0.44301
0.07682,0.12850,0.16378,0.17268,0.06051,0.04061,0.10406,0.03471,0.01883,0.19949
0.27090,0.01860,0.00587,0.03511,0.02428,0.31216,0.02934,0.24394,0.02410,0.03570
0.04911,0.08024,0.13667,0.09102,0.15861,0.12557,0.12782,0.01731,0.00813,0.20552
0.08166,0.09864,0.08732,0.14911,0.10050,0.15743,0.04874,0.13929,0.04252,0.09480
0.02764,0.13513,0.01837,0.01616,0.02719,0.21478,0.02848,0.45889,0.01159,0.06175
0.03200,0.09980,0.02615,0.03604,0.05513,0.38953,0.30073,0.00962,0.01283,0.03817
0.07172,0.23423,0.06923,0.05547,0.05253,0.26622,0.02283,0.17453,0.02081,0.03242
0.04108,0.04079,0.13495,0.01422,0.02025,0.01145,0.03285,0.64903,0.00827,0.04712
0.09779,0.06855,0.09190,0.03005,0.07163,0.06279,0.18159,0.14221,0.07288,0.18061
0.04254,0.06256,0.02109,0.03251,0.06586,0.13289,0.18684,0.01347,0.03320,0.40904
0.02661,0.28647,0.03719,0.01492,0.01797,0.35484,0.03165,0.17265,0.01442,0.04329
0.01960,0.31853,0.01881,0.03668,0.07803,0.42107,0.03868,0.00947,0.00902,0.05012
0.08898,0.25884,0.02949,0.17560,0.08443,0.06532,0.05507,0.14718,0.06426,0.03084
0.03925,0.17341,0.04945,0.05309,0.12106,0.25991,0.06080,0.14232,0.05931,0.04139
0.16119,0.03485,0.01182,0.02470,0.01829,0.20349,0.02324,0.47561,0.01673,0.03009
0.06486,0.05341,0.28337,0.28370,0.03576,0.05529,0.05410,0.06607,0.01370,0.08975
0.15344,0.03096,0.22059,0.07772,0.04116,0.12803,0.06415,0.26258,0.00677,0.01459
0.13553,0.06553,0.02184,0.05497,0.04523,0.21776,0.11196,0.05785,0.01077,0.27855
0.19051,0.06290,0.22450,0.22281,0.07866,0.01621,0.07426,0.02498,0.00687,0.09831
0.02259,0.06284,0.06511,0.05545,0.08091,0.08445,0.07628,0.36331,0.01341,0.17565
0.08574,0.02645,0.48753,0.06503,0.04484,0.13788,0.01824,0.04981,0.02068,0.06379
0.01903,0.03889,0.01988,0.08567,0.10056,0.02980,0.30628,0.02371,0.00767,0.36852
0.20567,0.18174,0.19871,0.04099,0.05144,0.08654,0.04469,0.01886,0.07207,0.09928
0.02549,0.03569,0.04282,0.05834,0.09063,0.26255,0.28160,0.04995,0.10291,0.05002
0.24397,0.26332,0.02546,0.01065,0.02056,0.00778,0.04114,0.34540,0.00670,0.03502
0.02506,0.04297,0.05280,0.06514,0.04925,0.05726,0.22988,0.06741,0.11708,0.29317
0.04715,0.29071,0.04045,0.04603,0.27564,0.07920,0.05684,0.01420,0.03162,0.11816
0.02424,0.02647,0.28179,0.29374,0.03114,0.03170,0.06435,0.03663,0.07617,0.13375
0.04484,0.02075,0.03194,0.01412,0.03894,0.13501,0.20433,0.05553,0.21425,0.24028
0.01691,0.03313,0.01620,0.01726,0.00928,0.01966,0.06847,0.75689,0.00673,0.05547
0.02336,0.03066,0.01819,0.07148,0.35035,0.40440,0.02283,0.02427,0.02038,0.03407
0.01359,0.03591,0.02809,0.01394,0.02875,0.01345,0.03306,0.02509,0.76177,0.04634
0.01754,0.06428,0.01611,0.02187,0.01528,0.00553,0.03259,0.02234,0.75376,0.05069
0.40652,0.03234,0.01729,0.01142,0.38314,0.04486,0.02708,0.03935,0.01142,0.02657
0.02156,0.02600,0.11219,0.17538,0.18566,0.19355,0.07118,0.03013,0.07052,0.11383
0.09366,0.07035,0.00492,0.03058,0.03239,0.09033,0.02293,0.61561,0.01157,0.02766
0.01133,0.26044,0.02242,0.03317,0.06109,0.31193,0.11586,0.01760,0.01695,0.14920
0.01701,0.01946,0.13657,0.02590,0.06295,0.31851,0.31706,0.02308,0.03900,0.04047
0.04474,0.30550,0.01828,0.29251,0.04400,0.05550,0.02045,0.17127,0.03133,0.01642
0.29237,0.07123,0.00579,0.03114,0.02325,0.35015,0.07854,0.02870,0.07379,0.04504
0.01931,0.23638,0.04721,0.05108,0.13827,0.33058,0.03160,0.03131,0.05767,0.05658
0.02650,0.04894,0.00914,0.03342,0.05461,0.03316,0.03682,0.05913,0.67539,0.02290
0.01581,0.02131,0.02970,0.02642,0.02305,0.03281,0.02243,0.79201,0.01819,0.01826
0.01349,0.01562,0.01871,0.01527,0.03912,0.04078,0.02936,0.02949,0.75904,0.03912
0.02951,0.06936,0.04917,0.03696,0.02246,0.07134,0.20309,0.06713,0.06586,0.38512
0.04497,0.01348,0.05443,0.03598,0.01350,0.03958,0.34533,0.07915,0.01909,0.35449
0.17356,0.05010,0.02839,0.02701,0.05500,0.07724,0.16576,0.24405,0.01647,0.16243
0.02482,0.08898,0.04995,0.06801,0.15256,0.17771,0.07795,0.27427,0.02532,0.06044
