0.04100,0.03950,0.04801,0.04548,0.04214,0.04599,0.04567,0.04671,0.05716,0.07018,0.07698,0.08301,0.03662,0.04210,0.04287,0.05700,0.04303,0.04302,0.04701,0.04650
0.04053,0.03570,0.05147,0.05120,0.04251,0.04342,0.05128,0.05054,0.04795,0.05584,0.06065,0.06572,0.04630,0.04768,0.04283,0.05006,0.05452,0.04755,0.05648,0.05777
0.05001,0.04967,0.05315,0.04949,0.04172,0.05239,0.05503,0.05488,0.05080,0.04584,0.04874,0.04890,0.04546,0.03919,0.05093,0.05563,0.04835,0.04752,0.05582,0.05647
0.05143,0.05200,0.05146,0.05154,0.05020,0.05091,0.04949,0.04781,0.04440,0.04207,0.04313,0.04542,0.05326,0.04426,0.04321,0.05354,0.05214,0.05010,0.06222,0.06142
0.04766,0.05157,0.05421,0.04638,0.06122,0.04534,0.04850,0.05155,0.03840,0.04201,0.04765,0.05026,0.04039,0.04512,0.05153,0.05416,0.05235,0.04468,0.06422,0.06278
0.04284,0.03792,0.04129,0.04990,0.04772,0.06106,0.04853,0.04941,0.06331,0.03478,0.04828,0.04515,0.06885,0.07922,0.04030,0.04317,0.03915,0.06583,0.04571,0.04759
0.04146,0.03573,0.05184,0.05142,0.03498,0.04918,0.05127,0.05116,0.11438,0.05964,0.05110,0.05460,0.04120,0.04612,0.04038,0.05169,0.04211,0.04125,0.04490,0.04558
0.03719,0.03311,0.04334,0.05060,0.03945,0.04817,0.04459,0.04524,0.05554,0.06882,0.06987,0.07418,0.04722,0.05113,0.03867,0.05445,0.04140,0.04883,0.05326,0.05494
0.04553,0.04590,0.06664,0.06357,0.05274,0.04414,0.04533,0.04289,0.04091,0.04609,0.04494,0.04538,0.05574,0.04181,0.04121,0.05399,0.05377,0.04399,0.06290,0.06252
0.03661,0.03279,0.07019,0.04416,0.04281,0.03967,0.04197,0.04383,0.04081,0.04028,0.04409,0.04398,0.04481,0.04812,0.04466,0.05537,0.04470,0.04178,0.09986,0.09952
0.04551,0.04213,0.06128,0.04701,0.04324,0.04936,0.04234,0.04175,0.04592,0.04811,0.04309,0.04222,0.04803,0.04207,0.04699,0.05619,0.04350,0.03874,0.08855,0.08396
0.04336,0.03871,0.05611,0.05414,0.04488,0.06697,0.04918,0.04897,0.04543,0.05095,0.05044,0.05036,0.05054,0.04818,0.04061,0.04926,0.05114,0.05296,0.05452,0.05328
0.04179,0.04146,0.05698,0.05139,0.04666,0.03822,0.04490,0.04469,0.05312,0.04186,0.05112,0.04904,0.05140,0.04855,0.04470,0.04926,0.04582,0.04329,0.07763,0.07812
0.04387,0.04396,0.05749,0.05530,0.06001,0.04528,0.04573,0.04413,0.05418,0.03661,0.05129,0.05082,0.06762,0.04818,0.04228,0.04096,0.04723,0.04880,0.05749,0.05878
0.03946,0.03194,0.05157,0.04518,0.03506,0.05963,0.05201,0.05036,0.06258,0.05816,0.04346,0.04441,0.04154,0.06156,0.05533,0.04851,0.03785,0.04156,0.07131,0.06853
0.04666,0.04378,0.06042,0.05576,0.04225,0.05205,0.05137,0.04995,0.04209,0.03848,0.04318,0.04261,0.06080,0.03891,0.03295,0.04412,0.06546,0.04729,0.07060,0.07127
0.05127,0.04925,0.05478,0.04478,0.04770,0.04800,0.03867,0.04135,0.04655,0.05272,0.04318,0.03903,0.05747,0.03918,0.03689,0.04817,0.04382,0.03450,0.09299,0.08969
0.04057,0.03653,0.05968,0.04406,0.05287,0.05144,0.04613,0.04577,0.04167,0.04810,0.04893,0.04938,0.04420,0.04859,0.04622,0.04987,0.04160,0.04445,0.07929,0.08066
0.04268,0.03910,0.05311,0.04706,0.04092,0.06046,0.04928,0.05016,0.04584,0.04712,0.04989,0.05054,0.04567,0.04947,0.04653,0.05313,0.04949,0.04259,0.06797,0.06899
0.03921,0.03545,0.05520,0.04327,0.04895,0.04365,0.04265,0.04147,0.05035,0.04703,0.04166,0.04275,0.04143,0.06873,0.04336,0.05897,0.04380,0.03998,0.08586,0.08623
0.05125,0.05030,0.05430,0.04819,0.05841,0.04629,0.04111,0.04289,0.04927,0.04779,0.04321,0.04316,0.05804,0.05151,0.04419,0.05089,0.04493,0.04245,0.06652,0.06528
0.04526,0.04031,0.05912,0.05123,0.04166,0.05521,0.05519,0.05686,0.04785,0.05938,0.04782,0.04726,0.03991,0.03943,0.04812,0.06208,0.04593,0.03981,0.05791,0.05966
0.03806,0.03284,0.06767,0.04726,0.04738,0.05298,0.04991,0.04973,0.04092,0.04588,0.04378,0.04580,0.04514,0.04260,0.04461,0.05423,0.04837,0.04041,0.08146,0.08097
0.04966,0.04744,0.05134,0.05037,0.04694,0.05360,0.04720,0.04975,0.04842,0.04371,0.04982,0.05077,0.05775,0.04501,0.04376,0.04975,0.05107,0.06349,0.04905,0.05108
0.04420,0.03754,0.05174,0.04351,0.04223,0.05256,0.03759,0.03889,0.05864,0.05709,0.04528,0.04512,0.04691,0.04602,0.03650,0.06578,0.04345,0.03863,0.08486,0.08346
0.03940,0.03480,0.04674,0.04863,0.04224,0.04310,0.05003,0.05055,0.05603,0.06423,0.07123,0.07489,0.03802,0.04675,0.04679,0.04775,0.04985,0.04787,0.04933,0.05176
0.03801,0.03464,0.06411,0.05533,0.04722,0.04171,0.05942,0.05830,0.05138,0.03548,0.05074,0.05136,0.05179,0.05066,0.04934,0.04642,0.04595,0.04548,0.06183,0.06081
0.03459,0.02930,0.05456,0.04310,0.05239,0.03971,0.05024,0.04894,0.05315,0.05227,0.04474,0.04756,0.04188,0.07138,0.04668,0.04411,0.04217,0.03923,0.08369,0.08031
0.05241,0.05042,0.04622,0.05287,0.04736,0.05642,0.04408,0.04519,0.04636,0.03874,0.04455,0.04202,0.06037,0.04653,0.03251,0.04044,0.06229,0.06399,0.06269,0.06453
0.04781,0.04503,0.08029,0.04549,0.04819,0.06031,0.04464,0.04770,0.04352,0.04236,0.04185,0.04039,0.05039,0.03992,0.04449,0.05250,0.05285,0.04021,0.06642,0.06565
0.04546,0.04122,0.04933,0.05325,0.04581,0.04904,0.04848,0.04606,0.04808,0.04955,0.05704,0.05484,0.05585,0.04058,0.03780,0.05287,0.05109,0.04486,0.06537,0.06342
0.04284,0.03588,0.05616,0.05101,0.04434,0.06249,0.04899,0.04815,0.04257,0.04954,0.05381,0.05150,0.04881,0.04096,0.04522,0.05262,0.04861,0.04511,0.06610,0.06527
0.04204,0.03939,0.05273,0.04986,0.04030,0.05882,0.04988,0.04756,0.04313,0.04864,0.06132,0.05904,0.04643,0.04659,0.04510,0.04728,0.05056,0.04882,0.06055,0.06194
0.03828,0.03445,0.04299,0.04910,0.05282,0.05167,0.04498,0.04467,0.06502,0.03796,0.05354,0.05720,0.06077,0.08040,0.03830,0.04047,0.04157,0.06717,0.04844,0.05020
0.04443,0.04026,0.05652,0.04987,0.04525,0.05974,0.04927,0.04909,0.04224,0.05951,0.05203,0.05335,0.04772,0.03793,0.04383,0.04893,0.05560,0.04395,0.06034,0.06014
0.04443,0.03935,0.04857,0.04744,0.03404,0.07646,0.05596,0.05365,0.04265,0.05513,0.04667,0.04520,0.04759,0.04470,0.05178,0.04638,0.04704,0.04833,0.06185,0.06278
0.05385,0.05339,0.05589,0.04362,0.04591,0.04586,0.04503,0.04587,0.04160,0.05151,0.03899,0.03597,0.04310,0.04034,0.05282,0.05949,0.04408,0.03541,0.08376,0.08352
0.04192,0.03392,0.06286,0.05263,0.04373,0.04945,0.05018,0.04797,0.05043,0.04203,0.04854,0.04942,0.04852,0.04995,0.03755,0.04616,0.06037,0.05401,0.06412,0.06623
0.03583,0.03283,0.05781,0.04448,0.04748,0.04071,0.03946,0.03932,0.04616,0.05157,0.04330,0.04501,0.05044,0.05372,0.04137,0.05314,0.03971,0.04035,0.09914,0.09817
0.03869,0.03548,0.04615,0.04623,0.04489,0.05131,0.04587,0.04558,0.04630,0.05082,0.06964,0.07589,0.04706,0.04709,0.04581,0.04359,0.04462,0.04843,0.06459,0.06198
0.05419,0.05394,0.05842,0.05126,0.05098,0.04542,0.04521,0.04589,0.04790,0.03793,0.04792,0.04581,0.06140,0.04422,0.04155,0.04785,0.05482,0.05612,0.05463,0.05453
0.04745,0.04440,0.05999,0.05030,0.04561,0.05744,0.05078,0.05263,0.04370,0.04229,0.05286,0.04982,0.04794,0.03964,0.05084,0.05422,0.05280,0.04512,0.05643,0.05577
0.04727,0.04527,0.05654,0.05689,0.04362,0.04890,0.04804,0.04450,0.04645,0.04202,0.05191,0.05244,0.06072,0.03996,0.03926,0.04804,0.05609,0.05648,0.05698,0.05863
0.04306,0.04427,0.05564,0.04284,0.05274,0.04399,0.04350,0.04649,0.04826,0.04783,0.05639,0.05613,0.04114,0.04399,0.06012,0.05004,0.03967,0.03890,0.07241,0.07260
0.05371,0.05379,0.06064,0.04809,0.04070,0.05046,0.04292,0.04500,0.04323,0.04405,0.05208,0.04952,0.05576,0.03730,0.03517,0.05413,0.06308,0.05499,0.05762,0.05777
0.04469,0.03923,0.05974,0.04862,0.04173,0.04879,0.04444,0.04497,0.05270,0.06794,0.05003,0.04718,0.04291,0.04811,0.04894,0.05433,0.04163,0.04197,0.06558,0.06648
0.05109,0.04897,0.06434,0.05131,0.04353,0.04799,0.05062,0.04933,0.04424,0.04173,0.04753,0.04622,0.04544,0.03889,0.04151,0.05626,0.05445,0.04445,0.06640,0.06570
0.04225,0.03725,0.04984,0.05172,0.03734,0.04288,0.04193,0.04168,0.05739,0.08297,0.05056,0.05013,0.05139,0.05794,0.04531,0.04266,0.04127,0.04811,0.06243,0.06496
0.03875,0.03203,0.05913,0.04517,0.06410,0.04250,0.04133,0.04417,0.04633,0.03702,0.05566,0.05543,0.05173,0.04982,0.04425,0.04216,0.04314,0.05050,0.07720,0.07958
0.04859,0.05111,0.05274,0.05452,0.06091,0.04094,0.04166,0.04249,0.05495,0.03339,0.04063,0.04071,0.06439,0.06833,0.04089,0.04099,0.04997,0.05667,0.05744,0.05868
0.04666,0.04654,0.04444,0.04205,0.04020,0.05114,0.03938,0.04372,0.04417,0.16011,0.04384,0.04452,0.04265,0.03760,0.04343,0.05236,0.03924,0.02977,0.05436,0.05384
0.04353,0.04121,0.06389,0.05125,0.04512,0.04278,0.04348,0.04398,0.04206,0.04228,0.04329,0.04172,0.05734,0.04679,0.04146,0.05452,0.05192,0.04588,0.07910,0.07841
0.04600,0.04239,0.05185,0.05095,0.04356,0.06011,0.04531,0.04649,0.04283,0.05719,0.05477,0.05061,0.05840,0.03340,0.04336,0.05318,0.04644,0.03901,0.06569,0.06845
0.03443,0.03110,0.06403,0.04548,0.05295,0.03530,0.04568,0.04349,0.04159,0.04802,0.04844,0.05086,0.04857,0.06401,0.05400,0.03994,0.03982,0.04108,0.08457,0.08664
0.04507,0.04506,0.03752,0.04259,0.03877,0.04848,0.03642,0.04020,0.05554,0.19161,0.04634,0.05024,0.04337,0.03991,0.04078,0.05039,0.03808,0.03401,0.03829,0.03734
0.03610,0.03208,0.05365,0.04723,0.04610,0.04544,0.05020,0.04715,0.04729,0.05160,0.05632,0.05942,0.04467,0.04909,0.04780,0.04715,0.04618,0.04370,0.07311,0.07573
0.04166,0.03732,0.05134,0.05060,0.04634,0.05383,0.06145,0.06030,0.06137,0.03771,0.04852,0.04807,0.04925,0.05355,0.04279,0.05969,0.04880,0.04997,0.04895,0.04849
0.03383,0.03571,0.03704,0.04650,0.02994,0.03700,0.03549,0.03523,0.02837,0.02221,0.03240,0.03261,0.30832,0.02628,0.02195,0.03964,0.04143,0.04798,0.05340,0.05470
0.03663,0.03347,0.04456,0.04712,0.03135,0.06284,0.07908,0.08070,0.05520,0.03605,0.04485,0.04385,0.03906,0.06937,0.04706,0.06548,0.04297,0.04259,0.04850,0.04926
0.04119,0.03680,0.06150,0.05229,0.04701,0.05333,0.05354,0.05262,0.04064,0.03615,0.04519,0.04644,0.05175,0.04925,0.04827,0.04879,0.05998,0.05205,0.06135,0.06187
0.04484,0.04154,0.06744,0.05486,0.05025,0.04590,0.04627,0.04392,0.03717,0.03580,0.04748,0.04542,0.06180,0.04002,0.03855,0.05752,0.05515,0.04792,0.06963,0.06853
0.04485,0.04566,0.05107,0.04387,0.03915,0.04518,0.04377,0.04477,0.03938,0.04963,0.04972,0.04810,0.04286,0.04713,0.05171,0.08030,0.04973,0.04136,0.07022,0.07154
0.04783,0.05479,0.04864,0.04173,0.04470,0.04354,0.04660,0.04906,0.03581,0.04734,0.05101,0.05190,0.04125,0.03650,0.05384,0.06188,0.05123,0.03145,0.07985,0.08106
0.04638,0.04316,0.04884,0.05132,0.03879,0.04742,0.05125,0.04935,0.12000,0.03513,0.04639,0.04522,0.04618,0.04498,0.04071,0.04575,0.05465,0.04948,0.04743,0.04757
0.04382,0.04057,0.05914,0.06259,0.05240,0.04825,0.04649,0.04590,0.03726,0.03454,0.04985,0.04670,0.08590,0.03375,0.03301,0.05118,0.05610,0.04945,0.06254,0.06056
0.04515,0.05108,0.05578,0.04408,0.04643,0.04504,0.04655,0.04842,0.03533,0.04594,0.04915,0.04723,0.05170,0.03484,0.04286,0.05439,0.04677,0.03243,0.08997,0.08686
0.05131,0.05306,0.04516,0.04746,0.04345,0.06177,0.05188,0.05065,0.04892,0.05136,0.05461,0.05518,0.04639,0.04034,0.04951,0.05281,0.05135,0.04547,0.05109,0.04823
0.04371,0.04095,0.05431,0.04518,0.04680,0.05318,0.05069,0.04979,0.04441,0.05164,0.05199,0.05112,0.04229,0.04634,0.06167,0.04687,0.04618,0.04184,0.06459,0.06646
0.04739,0.04528,0.06328,0.05189,0.04806,0.04504,0.04860,0.04857,0.05147,0.03950,0.04834,0.04902,0.05877,0.04844,0.05310,0.04391,0.04695,0.05639,0.05246,0.05353
0.04726,0.04380,0.06246,0.05867,0.04675,0.04524,0.04568,0.04468,0.04968,0.03694,0.04887,0.04639,0.06657,0.04805,0.04051,0.04063,0.05421,0.06142,0.05671,0.05549
0.03789,0.03463,0.05247,0.04559,0.03750,0.04920,0.04804,0.04778,0.04725,0.05239,0.05857,0.05500,0.04644,0.03637,0.04384,0.05044,0.04379,0.03648,0.08662,0.08970
0.04554,0.03870,0.04680,0.04763,0.04260,0.04969,0.04802,0.04673,0.08939,0.06645,0.05218,0.04797,0.04378,0.04748,0.04496,0.04951,0.04136,0.03880,0.05638,0.05603
0.04128,0.03906,0.06993,0.04992,0.04651,0.03981,0.04816,0.05023,0.03685,0.04514,0.05132,0.05189,0.05318,0.03855,0.04260,0.04804,0.05525,0.04158,0.07621,0.07448
0.04186,0.04079,0.06471,0.04428,0.04087,0.05836,0.04916,0.05002,0.03497,0.04843,0.04025,0.03919,0.04317,0.06635,0.10097,0.05398,0.03858,0.04146,0.05115,0.05147
0.04227,0.04125,0.04279,0.05165,0.03977,0.05037,0.04643,0.04660,0.04758,0.04496,0.06392,0.06431,0.05252,0.03847,0.03456,0.06879,0.05544,0.04592,0.06133,0.06107
0.04228,0.04102,0.05567,0.05158,0.04452,0.04824,0.05378,0.05200,0.04287,0.04125,0.05514,0.05290,0.05217,0.03890,0.04864,0.05019,0.05007,0.04298,0.06829,0.06753
0.04708,0.05149,0.05731,0.04617,0.03774,0.04882,0.04657,0.04763,0.04112,0.06089,0.04427,0.04296,0.04293,0.03710,0.04411,0.06314,0.04504,0.03578,0.08157,0.07829
0.04909,0.04478,0.04586,0.04454,0.05486,0.04773,0.04683,0.04741,0.04737,0.06808,0.06179,0.06741,0.04227,0.04936,0.04394,0.04583,0.05276,0.05578,0.04161,0.04271
0.04529,0.04057,0.05594,0.04659,0.04160,0.05614,0.04849,0.05005,0.04222,0.05167,0.04690,0.04798,0.04282,0.04754,0.05265,0.08289,0.04568,0.04045,0.05670,0.05783
0.04181,0.03743,0.04792,0.04782,0.04395,0.05313,0.04752,0.04768,0.04741,0.04978,0.05914,0.05877,0.04708,0.04059,0.04684,0.04946,0.05225,0.04438,0.06785,0.06920
0.05126,0.05270,0.05360,0.04595,0.05926,0.04664,0.05144,0.05121,0.03991,0.03835,0.04633,0.04374,0.05521,0.03930,0.05289,0.05958,0.04525,0.03714,0.06418,0.06605
0.04879,0.04729,0.04680,0.05281,0.05947,0.04679,0.04621,0.04639,0.05693,0.03859,0.05011,0.05354,0.05814,0.05020,0.04215,0.04400,0.05885,0.05800,0.04729,0.04763
0.04553,0.04725,0.05471,0.05822,0.05076,0.04406,0.04752,0.04795,0.04553,0.03385,0.04508,0.04626,0.08625,0.04615,0.03999,0.04422,0.05252,0.05982,0.05317,0.05114
0.04158,0.03619,0.06040,0.04641,0.04460,0.05224,0.04551,0.04681,0.04635,0.04429,0.04911,0.04614,0.05195,0.03918,0.04171,0.04870,0.05047,0.04853,0.07867,0.08115
0.04273,0.03889,0.05538,0.04850,0.03896,0.04208,0.04629,0.04600,0.06652,0.05245,0.04820,0.04714,0.04676,0.04222,0.04476,0.04368,0.04421,0.04183,0.08067,0.08273
0.04063,0.03711,0.05759,0.04570,0.04607,0.04662,0.05182,0.04927,0.03899,0.04186,0.05096,0.04836,0.04203,0.04653,0.05421,0.07353,0.05145,0.03943,0.06842,0.06942
0.04909,0.05066,0.05310,0.04428,0.05141,0.04589,0.04840,0.04859,0.04183,0.03897,0.04336,0.04152,0.05320,0.03545,0.04804,0.04750,0.04590,0.03492,0.08917,0.08874
0.04641,0.04103,0.04949,0.04546,0.04219,0.07087,0.04739,0.04787,0.04200,0.05895,0.05295,0.05178,0.04278,0.04924,0.04710,0.04285,0.05251,0.04470,0.06145,0.06296
0.03761,0.03248,0.04675,0.05091,0.04474,0.04872,0.04619,0.04484,0.04812,0.05851,0.06076,0.06285,0.05124,0.04199,0.04367,0.04513,0.04498,0.04466,0.07208,0.07374
0.04033,0.03457,0.03620,0.03252,0.03339,0.04221,0.03975,0.04458,0.06922,0.21459,0.04954,0.05234,0.03089,0.04226,0.05277,0.05618,0.03434,0.02709,0.03335,0.03389
0.04257,0.04036,0.05158,0.04394,0.04210,0.04950,0.04730,0.04715,0.04209,0.05448,0.04202,0.04468,0.04267,0.04624,0.04542,0.07910,0.04779,0.03955,0.07597,0.07550
0.03645,0.03277,0.05368,0.05041,0.04601,0.05145,0.04786,0.04789,0.04014,0.04360,0.05647,0.05891,0.05177,0.05231,0.04076,0.04621,0.05526,0.05114,0.06801,0.06890
0.04527,0.03625,0.03718,0.03797,0.03596,0.05432,0.03377,0.03800,0.07076,0.17069,0.05177,0.05130,0.06329,0.04586,0.03200,0.04057,0.03339,0.04192,0.04013,0.03962
0.05134,0.05403,0.05071,0.04570,0.04626,0.05577,0.05038,0.04981,0.04053,0.04669,0.04674,0.04387,0.04537,0.04352,0.06708,0.05615,0.04660,0.04278,0.05735,0.05934
0.04363,0.04124,0.06258,0.05176,0.04105,0.04447,0.04419,0.04504,0.05365,0.04620,0.04314,0.04273,0.05362,0.04345,0.03452,0.04728,0.04800,0.04519,0.08401,0.08426
0.04980,0.04685,0.05199,0.05135,0.04492,0.04851,0.04119,0.04138,0.06403,0.05954,0.05054,0.04931,0.05247,0.04660,0.03668,0.05071,0.04765,0.04970,0.05904,0.05775
0.04381,0.04271,0.05787,0.04324,0.04024,0.04836,0.04552,0.04536,0.04133,0.04385,0.05217,0.05085,0.04363,0.03694,0.05043,0.04736,0.04355,0.03661,0.09224,0.09393
0.03655,0.02948,0.05206,0.04625,0.04558,0.03809,0.04011,0.04006,0.05037,0.05889,0.06283,0.06607,0.05152,0.05244,0.04241,0.04082,0.04092,0.04500,0.07982,0.08073
0.05184,0.05923,0.04566,0.04618,0.04435,0.04367,0.04355,0.04502,0.03931,0.03999,0.04069,0.03779,0.05298,0.03908,0.03496,0.05924,0.04518,0.04093,0.09440,0.09593
0.04047,0.03702,0.06106,0.04829,0.05414,0.04388,0.04186,0.04148,0.03952,0.03894,0.04174,0.04228,0.05544,0.04170,0.03672,0.04905,0.05072,0.04312,0.09702,0.09557
