0.07738,0.22385,0.04550,0.03380,0.05003,0.07534,0.04379,0.00321,0.43424,0.01286
0.00660,0.00687,0.01403,0.00422,0.00409,0.91278,0.00898,0.00275,0.00171,0.03797
0.02624,0.12977,0.05315,0.01216,0.02469,0.36676,0.36666,0.00408,0.00860,0.00788
0.00375,0.19021,0.02202,0.00533,0.00662,0.44457,0.31720,0.00115,0.00149,0.00765
0.01095,0.02574,0.01521,0.00889,0.00872,0.75668,0.02790,0.00271,0.00250,0.14069
0.07458,0.00671,0.01703,0.02125,0.07565,0.68077,0.11564,0.00190,0.00262,0.00385
0.05199,0.44240,0.01769,0.00507,0.01606,0.41328,0.02641,0.00867,0.00386,0.01457
0.11759,0.02239,0.33700,0.08633,0.03113,0.34608,0.04187,0.00784,0.00570,0.00407
0.00544,0.01197,0.01016,0.00272,0.47326,0.25071,0.01248,0.00182,0.00294,0.22849
0.00404,0.09954,0.00410,0.00768,0.23287,0.46110,0.02426,0.14463,0.01870,0.00306
0.00589,0.00417,0.24633,0.02812,0.00696,0.04611,0.62581,0.00593,0.01844,0.01225
0.00870,0.00905,0.00971,0.09587,0.15462,0.46622,0.01287,0.00108,0.00293,0.23894
0.00291,0.00295,0.27839,0.04825,0.00448,0.54044,0.08764,0.00235,0.00220,0.03038
0.02930,0.02095,0.01083,0.01003,0.00933,0.01107,0.75991,0.13457,0.00409,0.00993
0.03472,0.02107,0.02746,0.01031,0.02497,0.02137,0.83769,0.01480,0.00328,0.00433
0.00696,0.01587,0.00521,0.67720,0.00737,0.25955,0.01372,0.00265,0.00435,0.00713
0.39679,0.00677,0.04245,0.00585,0.00536,0.41258,0.09669,0.02560,0.00372,0.00418
0.06934,0.01841,0.07525,0.00850,0.20788,0.33660,0.24894,0.00739,0.00444,0.02325
0.04840,0.01879,0.02526,0.01454,0.02740,0.04873,0.48155,0.14893,0.00667,0.17974
0.00965,0.07035,0.01425,0.04702,0.11504,0.37848,0.28428,0.06140,0.01598,0.00354
0.01461,0.01960,0.02570,0.03053,0.10511,0.37163,0.09507,0.01019,0.29623,0.03132
0.01256,0.13646,0.00895,0.03187,0.07260,0.35374,0.01688,0.00330,0.23907,0.12457
0.05898,0.31700,0.11022,0.00914,0.00705,0.12893,0.03216,0.00607,0.00496,0.32549
0.14483,0.17043,0.01681,0.01466,0.01127,0.36325,0.14327,0.01199,0.00626,0.11724
0.01355,0.01147,0.05061,0.22386,0.05423,0.04758,0.04877,0.50019,0.03437,0.01537
0.00406,0.02710,0.00280,0.42765,0.01069,0.35629,0.13976,0.01639,0.01217,0.00309
0.01125,0.01025,0.02418,0.00502,0.01950,0.00730,0.57613,0.32229,0.00495,0.01913
0.01118,0.06241,0.02756,0.00493,0.40355,0.11562,0.03547,0.01167,0.02024,0.30736
0.01355,0.22949,0.01664,0.01176,0.01953,0.03625,0.50503,0.14033,0.00841,0.01902
0.04701,0.06925,0.02186,0.05561,0.18676,0.20540,0.15152,0.01519,0.01272,0.23467
0.14500,0.01109,0.17888,0.01814,0.01905,0.02840,0.08824,0.01180,0.00334,0.49605
0.02607,0.01457,0.02803,0.00563,0.29887,0.08496,0.07020,0.01460,0.04653,0.41055
0.01132,0.45107,0.00562,0.00357,0.00396,0.11596,0.00791,0.00249,0.00165,0.39644
0.00584,0.00181,0.12106,0.00544,0.00517,0.16206,0.00591,0.00064,0.00060,0.69145
0.18222,0.04950,0.13511,0.03578,0.18230,0.09453,0.01197,0.01034,0.15400,0.14424
0.02470,0.20389,0.01270,0.00394,0.00449,0.01639,0.54416,0.10372,0.00339,0.08262
0.17430,0.18515,0.06397,0.00358,0.00465,0.13721,0.00996,0.00277,0.00243,0.41597
0.00099,0.00388,0.00214,0.48109,0.07130,0.04112,0.00583,0.00069,0.00085,0.39211
0.02004,0.10453,0.01624,0.00824,0.01236,0.01316,0.69698,0.10703,0.00523,0.01619
0.01008,0.63999,0.00834,0.00426,0.00540,0.03456,0.06995,0.00648,0.21375,0.00720
0.00778,0.01220,0.00616,0.00910,0.01226,0.10893,0.00772,0.27957,0.55400,0.00228
0.03429,0.01839,0.08474,0.01831,0.08126,0.54024,0.17021,0.00670,0.03393,0.01193
0.01191,0.04617,0.30099,0.05822,0.06925,0.39110,0.02183,0.00403,0.07062,0.02587
0.01596,0.06254,0.01354,0.19710,0.04066,0.05131,0.01384,0.47188,0.12446,0.00870
0.04021,0.26087,0.01910,0.00617,0.00437,0.29888,0.03382,0.02038,0.01210,0.30411
0.01023,0.01030,0.04098,0.00669,0.41217,0.13840,0.11943,0.00876,0.00792,0.24512
0.00287,0.04823,0.01266,0.01127,0.49652,0.36161,0.02801,0.00330,0.02373,0.01180
0.05192,0.02934,0.03144,0.02137,0.04227,0.49099,0.16621,0.02290,0.13646,0.00711
0.00600,0.18541,0.06805,0.00218,0.00574,0.65320,0.07192,0.00153,0.00234,0.00362
0.07024,0.27193,0.01952,0.00542,0.01132,0.16192,0.44616,0.00331,0.00497,0.00521
0.04429,0.41043,0.12536,0.01432,0.05197,0.02896,0.02569,0.00416,0.00343,0.29139
0.00339,0.71987,0.00651,0.07660,0.07327,0.04310,0.05951,0.01095,0.00431,0.00250
0.06195,0.05299,0.08861,0.02789,0.30874,0.07523,0.25035,0.01264,0.09212,0.02948
0.18093,0.02777,0.01500,0.00626,0.03233,0.25792,0.12135,0.10587,0.24541,0.00717
0.01076,0.00699,0.10504,0.03187,0.02142,0.19417,0.01185,0.13270,0.47564,0.00956
0.02159,0.05150,0.04469,0.00478,0.31126,0.16179,0.03399,0.01276,0.01132,0.34634
0.02113,0.04616,0.02340,0.01229,0.54070,0.11620,0.03213,0.00587,0.00378,0.19834
0.20492,0.09521,0.01844,0.20484,0.04127,0.14362,0.08209,0.04321,0.15611,0.01029
0.20602,0.01562,0.07420,0.00972,0.00736,0.51859,0.10000,0.01907,0.01305,0.03638
0.03786,0.01439,0.04429,0.02448,0.34088,0.10079,0.09506,0.01198,0.19302,0.13724
0.04801,0.24368,0.02308,0.02059,0.03063,0.05965,0.37166,0.10450,0.05143,0.04678
0.04363,0.04660,0.01450,0.02862,0.06165,0.64324,0.06604,0.00454,0.01114,0.08004
0.00848,0.13291,0.20131,0.02288,0.00988,0.09807,0.05227,0.03884,0.40334,0.03203
0.06576,0.06695,0.16860,0.01086,0.01082,0.25001,0.40801,0.00213,0.00936,0.00751
0.00857,0.07936,0.00891,0.02502,0.04109,0.58672,0.22937,0.00256,0.00297,0.01544
0.02956,0.00993,0.02359,0.01661,0.52058,0.27348,0.09886,0.01215,0.01257,0.00266
0.02161,0.02311,0.03616,0.02625,0.03895,0.02193,0.32339,0.48183,0.01559,0.01119
0.00513,0.00920,0.30621,0.55317,0.00424,0.10176,0.01006,0.00481,0.00326,0.00216
0.01253,0.02340,0.05844,0.00921,0.00830,0.26777,0.46946,0.03578,0.07717,0.03794
0.04077,0.71645,0.01337,0.00973,0.02022,0.08786,0.07094,0.02042,0.01209,0.00815
0.00683,0.00892,0.01553,0.00190,0.81795,0.05607,0.03100,0.00771,0.00243,0.05167
0.76234,0.06863,0.00827,0.02909,0.05047,0.03481,0.02922,0.00655,0.00723,0.00339
0.01528,0.31785,0.22841,0.11767,0.01108,0.10088,0.01705,0.14783,0.04015,0.00381
0.00395,0.00530,0.00467,0.00273,0.00347,0.01088,0.87859,0.08114,0.00253,0.00674
0.04587,0.01997,0.38342,0.06219,0.02898,0.25684,0.06497,0.02059,0.11128,0.00589
0.06931,0.00822,0.14306,0.01018,0.02841,0.07344,0.02441,0.00222,0.00279,0.63795
0.20536,0.02148,0.12022,0.34706,0.02825,0.22514,0.02738,0.00353,0.00825,0.01335
0.01522,0.01601,0.01003,0.24822,0.01327,0.05479,0.03008,0.43064,0.14470,0.03703
0.19867,0.01465,0.01787,0.05580,0.17292,0.39004,0.01080,0.00384,0.00515,0.13026
0.60305,0.01054,0.01507,0.09824,0.05450,0.05093,0.01561,0.11723,0.02984,0.00501
0.06831,0.09844,0.01796,0.00744,0.50682,0.10051,0.13188,0.00901,0.00939,0.05024
0.01211,0.00578,0.04749,0.00354,0.15227,0.68739,0.04015,0.00357,0.00436,0.04333
0.67297,0.16039,0.01861,0.02151,0.02710,0.03488,0.04876,0.00567,0.00397,0.00613
0.02725,0.03194,0.07968,0.03344,0.02204,0.28356,0.38096,0.01518,0.00770,0.11825
0.54671,0.08837,0.10064,0.01932,0.04919,0.11288,0.05753,0.00543,0.01189,0.00804
0.04740,0.33723,0.06162,0.17677,0.02241,0.05800,0.23578,0.00629,0.00830,0.04618
0.01026,0.91899,0.00291,0.00421,0.00674,0.02759,0.00569,0.01190,0.00907,0.00262
0.02415,0.01997,0.26864,0.03362,0.03122,0.35385,0.03401,0.20620,0.02030,0.00804
0.26348,0.28459,0.05486,0.01985,0.05389,0.19452,0.04032,0.00978,0.05473,0.02399
0.04264,0.16056,0.02265,0.01086,0.01012,0.39601,0.11118,0.01027,0.00469,0.23102
0.00349,0.00991,0.03151,0.00266,0.00512,0.93955,0.00448,0.00092,0.00148,0.00088
0.06032,0.01967,0.16552,0.02353,0.09633,0.18973,0.40282,0.02405,0.00721,0.01082
0.01468,0.12727,0.14646,0.02098,0.33585,0.15022,0.07421,0.02017,0.08770,0.02245
0.04892,0.43694,0.01097,0.00493,0.04322,0.24809,0.03928,0.00749,0.00355,0.15661
0.11134,0.01101,0.05324,0.03110,0.31891,0.15450,0.03999,0.00709,0.01392,0.25889
0.04969,0.01515,0.16897,0.09602,0.06993,0.14879,0.04966,0.29696,0.06734,0.03749
0.01955,0.71030,0.04446,0.04696,0.06333,0.05546,0.01462,0.00695,0.02228,0.01608
0.04798,0.02965,0.03436,0.01943,0.56032,0.18995,0.01799,0.01872,0.07647,0.00513
0.00687,0.01858,0.01029,0.01715,0.51398,0.16292,0.23296,0.02757,0.00501,0.00467
0.01302,0.02708,0.01540,0.00293,0.71338,0.12753,0.02013,0.00312,0.00316,0.07424
