0.01695,0.02963,0.02011,0.03286,0.01689,0.27425,0.20201,0.01304,0.02453,0.01180,0.20835,0.03210,0.05074,0.00659,0.01463,0.01528,0.00650,0.00517,0.01517,0.00341
0.01628,0.00884,0.02932,0.21331,0.01162,0.05161,0.21546,0.21357,0.02752,0.01518,0.02982,0.03770,0.01045,0.01557,0.01243,0.05343,0.01361,0.00938,0.00854,0.00637
0.00444,0.00357,0.00773,0.00501,0.07594,0.11454,0.03246,0.00894,0.08826,0.00423,0.31886,0.03233,0.06592,0.00444,0.01748,0.19973,0.00352,0.00211,0.00387,0.00663
0.00658,0.01726,0.00159,0.01577,0.00218,0.00603,0.01754,0.30169,0.00231,0.00233,0.00234,0.00665,0.18705,0.11988,0.01062,0.00117,0.00365,0.00610,0.28369,0.00557
0.00960,0.21806,0.03301,0.02878,0.01086,0.02851,0.02211,0.01961,0.01246,0.00492,0.02391,0.02273,0.01625,0.15372,0.11211,0.00756,0.01392,0.00858,0.00646,0.24685
0.00949,0.18880,0.05392,0.00901,0.02626,0.02474,0.05708,0.00336,0.00532,0.01496,0.00985,0.02448,0.18097,0.13991,0.00794,0.00809,0.01739,0.02051,0.00683,0.19109
0.00480,0.00836,0.01093,0.01873,0.00201,0.02507,0.03306,0.01730,0.00590,0.01865,0.38277,0.03094,0.02294,0.01852,0.02032,0.33663,0.01572,0.00776,0.01189,0.00770
0.02414,0.00916,0.00396,0.00782,0.01733,0.39186,0.00590,0.01385,0.00613,0.00362,0.00600,0.41890,0.00929,0.01794,0.02869,0.00677,0.00235,0.00263,0.00697,0.01669
0.01173,0.06805,0.14145,0.01150,0.01150,0.16344,0.00861,0.01320,0.01681,0.02291,0.09615,0.03404,0.06806,0.05518,0.12525,0.04539,0.03516,0.00727,0.00835,0.05596
0.02603,0.02266,0.08299,0.01460,0.00552,0.10277,0.01395,0.00621,0.00682,0.00930,0.07930,0.04395,0.02003,0.27105,0.21899,0.04636,0.01714,0.00449,0.00371,0.00414
0.00732,0.01393,0.01380,0.14304,0.00406,0.20064,0.07790,0.01553,0.01127,0.06668,0.00791,0.22307,0.01341,0.00987,0.05366,0.01461,0.11124,0.00386,0.00372,0.00449
0.00797,0.00932,0.01094,0.18758,0.00999,0.02112,0.16706,0.18540,0.03872,0.11373,0.00820,0.00764,0.02084,0.01244,0.01045,0.01846,0.00553,0.14289,0.00215,0.01958
0.00350,0.26615,0.07550,0.00881,0.00922,0.14235,0.02031,0.01098,0.00776,0.02303,0.11187,0.00838,0.00508,0.00489,0.00286,0.00552,0.02944,0.01264,0.08630,0.16543
0.00997,0.00945,0.05492,0.01419,0.05733,0.37588,0.04082,0.01227,0.01505,0.01015,0.32009,0.03016,0.00411,0.01169,0.00820,0.01198,0.00462,0.00248,0.00180,0.00484
0.01298,0.34121,0.00837,0.01107,0.01271,0.03450,0.05116,0.01294,0.02900,0.03149,0.02809,0.01757,0.00622,0.00686,0.01597,0.01466,0.00622,0.02459,0.06881,0.26556
0.00510,0.04770,0.01580,0.00714,0.00617,0.01729,0.00562,0.01017,0.02479,0.01039,0.01069,0.01182,0.40224,0.34444,0.00354,0.00418,0.00889,0.00745,0.00664,0.04996
0.00445,0.01391,0.32645,0.01115,0.28034,0.12751,0.00505,0.01210,0.00651,0.03390,0.09196,0.00547,0.00593,0.01166,0.01641,0.00713,0.01096,0.01706,0.00328,0.00877
0.02577,0.00437,0.01356,0.00370,0.02491,0.00579,0.37732,0.02503,0.02781,0.00490,0.23358,0.00496,0.01461,0.00805,0.01230,0.20487,0.00329,0.00144,0.00184,0.00191
0.04366,0.29721,0.05189,0.03422,0.00735,0.10324,0.02331,0.00682,0.01589,0.00916,0.08153,0.01979,0.00972,0.00488,0.01403,0.01286,0.02750,0.00841,0.20415,0.02438
0.01054,0.39439,0.00358,0.02698,0.00698,0.00740,0.00625,0.03781,0.01009,0.01208,0.01112,0.00736,0.01310,0.01058,0.00401,0.00686,0.00139,0.00606,0.00480,0.41861
0.02164,0.00867,0.01133,0.23960,0.03722,0.01578,0.09621,0.27254,0.03983,0.01307,0.02332,0.00701,0.03282,0.05776,0.06819,0.01382,0.00558,0.01466,0.00948,0.01145
0.01693,0.00893,0.01320,0.04216,0.01074,0.03388,0.00869,0.08231,0.01530,0.00939,0.03009,0.02662,0.31692,0.27040,0.00788,0.02029,0.01139,0.01147,0.05738,0.00601
0.00485,0.01849,0.00542,0.00927,0.01276,0.00993,0.00632,0.00541,0.00514,0.00985,0.01134,0.16430,0.01481,0.27691,0.22066,0.18303,0.02160,0.00746,0.00615,0.00629
0.04242,0.23695,0.01919,0.00742,0.00905,0.01045,0.00679,0.02696,0.00954,0.03385,0.00588,0.14422,0.00731,0.01390,0.01785,0.15993,0.01188,0.01321,0.09764,0.12556
0.01826,0.00521,0.17914,0.01493,0.15549,0.18760,0.13130,0.00118,0.01645,0.01343,0.15522,0.02494,0.02111,0.00934,0.01423,0.02984,0.00683,0.00485,0.00787,0.00280
0.00658,0.14770,0.01702,0.01197,0.01014,0.02157,0.08680,0.01027,0.00564,0.02273,0.00455,0.00631,0.02926,0.22138,0.19628,0.00125,0.02011,0.02018,0.00540,0.15486
0.01183,0.03015,0.01565,0.01123,0.01143,0.39299,0.00411,0.00370,0.00812,0.00394,0.01007,0.41438,0.01253,0.01718,0.00407,0.00648,0.00268,0.00278,0.00456,0.03209
0.00732,0.37300,0.00696,0.01067,0.01150,0.06879,0.00378,0.00861,0.00912,0.00956,0.05490,0.01919,0.02344,0.02159,0.00802,0.00958,0.01636,0.00510,0.29585,0.03664
0.02654,0.00506,0.00878,0.09809,0.00690,0.32913,0.00907,0.00622,0.00485,0.00904,0.01693,0.34947,0.00835,0.00863,0.03399,0.00712,0.05852,0.00547,0.00273,0.00514
0.02360,0.07878,0.05937,0.00752,0.02154,0.01829,0.38590,0.00595,0.04159,0.01413,0.00663,0.11376,0.00638,0.00946,0.00501,0.12937,0.00929,0.00837,0.03891,0.01614
0.01541,0.03914,0.00559,0.00416,0.01018,0.04390,0.00694,0.17690,0.01247,0.02512,0.01768,0.12637,0.09768,0.07952,0.00596,0.12483,0.00380,0.01093,0.16160,0.03184
0.01277,0.01437,0.02593,0.01669,0.00863,0.01420,0.03043,0.00613,0.01593,0.03148,0.00631,0.01143,0.36681,0.12795,0.23389,0.00962,0.00939,0.01913,0.00274,0.03616
0.00569,0.02766,0.35600,0.00818,0.18434,0.01155,0.02190,0.00679,0.02321,0.01405,0.01290,0.01216,0.02688,0.00851,0.00807,0.02582,0.21054,0.00523,0.01756,0.01295
0.09593,0.29842,0.06569,0.00575,0.01390,0.00802,0.07665,0.00938,0.00991,0.00318,0.00564,0.02830,0.06837,0.01401,0.01171,0.01958,0.01067,0.00299,0.22676,0.02513
0.04231,0.01032,0.01902,0.01052,0.09718,0.01221,0.07078,0.01076,0.11658,0.01378,0.25368,0.03804,0.03437,0.01335,0.01372,0.21054,0.01467,0.00510,0.00510,0.00798
0.00870,0.00646,0.02491,0.00924,0.02175,0.00880,0.00709,0.00928,0.00688,0.00297,0.00649,0.00634,0.02123,0.44695,0.38801,0.00357,0.01042,0.00180,0.00360,0.00551
0.02609,0.37982,0.01760,0.02814,0.02432,0.03098,0.00620,0.01301,0.03923,0.00413,0.02315,0.02219,0.00721,0.01116,0.02265,0.00963,0.01080,0.00311,0.22994,0.09063
0.01994,0.00817,0.01078,0.02099,0.00495,0.00698,0.01187,0.06002,0.01477,0.02936,0.01782,0.03318,0.34521,0.28846,0.00416,0.03464,0.02420,0.00719,0.05128,0.00607
0.00369,0.39152,0.01871,0.00325,0.00385,0.00650,0.01261,0.00440,0.00787,0.01509,0.00373,0.06465,0.00431,0.02354,0.03033,0.06214,0.00893,0.00310,0.32992,0.00185
0.01137,0.20856,0.03506,0.00687,0.00762,0.06341,0.07377,0.00694,0.02029,0.00267,0.04565,0.14668,0.01979,0.00877,0.00929,0.15051,0.00949,0.01461,0.15318,0.00548
0.00481,0.00215,0.24696,0.04310,0.23048,0.22465,0.00681,0.01079,0.00168,0.00439,0.18331,0.00280,0.00353,0.00087,0.00264,0.01417,0.00586,0.00326,0.00515,0.00260
0.01001,0.00478,0.33669,0.02378,0.30608,0.09094,0.01133,0.01198,0.00662,0.00897,0.06495,0.00840,0.03489,0.01218,0.01767,0.01141,0.03061,0.00158,0.00404,0.00307
0.00464,0.16986,0.19808,0.00494,0.12522,0.01675,0.02120,0.01035,0.00449,0.00186,0.00681,0.09471,0.01794,0.00253,0.00378,0.09697,0.02317,0.00598,0.00294,0.18779
0.00584,0.04995,0.04840,0.02155,0.02497,0.17560,0.00827,0.21161,0.01026,0.00737,0.11298,0.01229,0.00743,0.00265,0.00741,0.00738,0.02361,0.00203,0.18769,0.07270
0.02342,0.02323,0.02682,0.00928,0.01380,0.00764,0.00471,0.19607,0.01125,0.01033,0.00629,0.00789,0.25549,0.18618,0.00740,0.00642,0.01939,0.00455,0.17003,0.00981
0.06665,0.01368,0.01090,0.33437,0.00765,0.05398,0.02530,0.36107,0.01068,0.00746,0.03951,0.00924,0.00652,0.00407,0.00339,0.00138,0.00103,0.00439,0.00581,0.03295
0.02695,0.00866,0.00426,0.01714,0.01508,0.38910,0.03499,0.00825,0.01052,0.00559,0.04687,0.38309,0.01568,0.00317,0.00540,0.00917,0.00338,0.00171,0.00169,0.00931
0.00885,0.24835,0.02149,0.01946,0.02779,0.02192,0.00953,0.02908,0.02960,0.03209,0.12410,0.00860,0.01056,0.00635,0.00582,0.10085,0.00670,0.00330,0.00620,0.27937
0.03257,0.11853,0.00393,0.01091,0.00827,0.00809,0.17796,0.00552,0.03332,0.01172,0.00708,0.01477,0.22309,0.16830,0.01149,0.01005,0.00637,0.00949,0.00222,0.13632
0.01973,0.00882,0.05078,0.00625,0.04084,0.05726,0.01222,0.01616,0.02475,0.04553,0.04936,0.02275,0.32735,0.27071,0.00614,0.01033,0.00608,0.01862,0.00178,0.00454
0.01660,0.04327,0.02044,0.01098,0.00324,0.06616,0.01198,0.03845,0.00665,0.01240,0.06803,0.00258,0.34508,0.27680,0.01381,0.00983,0.00395,0.00405,0.00838,0.03733
0.00523,0.40809,0.03084,0.00897,0.00357,0.00463,0.04536,0.01275,0.00452,0.02555,0.00602,0.00577,0.02092,0.02259,0.00580,0.00292,0.00444,0.04152,0.33525,0.00526
0.00564,0.16937,0.09513,0.00389,0.01878,0.10864,0.01844,0.00985,0.03135,0.01641,0.06717,0.00879,0.01799,0.13634,0.09155,0.00417,0.02182,0.00522,0.01341,0.15605
0.00874,0.06153,0.01606,0.35552,0.00313,0.01230,0.01988,0.37658,0.00716,0.01391,0.00840,0.01257,0.00601,0.00385,0.00588,0.00789,0.01502,0.00901,0.00328,0.05328
0.01853,0.17796,0.00658,0.14616,0.01126,0.01313,0.06897,0.16756,0.01799,0.00593,0.01264,0.00903,0.05068,0.02065,0.05839,0.00598,0.00300,0.00286,0.01496,0.18777
0.01508,0.01575,0.00428,0.00608,0.00490,0.02801,0.01196,0.08759,0.02825,0.05117,0.01830,0.00932,0.32674,0.24376,0.01514,0.00360,0.00445,0.02127,0.09044,0.01390
0.05220,0.00328,0.00485,0.08694,0.00362,0.01724,0.10652,0.07970,0.00554,0.00755,0.01786,0.23067,0.05773,0.01102,0.01363,0.26681,0.00849,0.00762,0.00942,0.00932
0.00580,0.09875,0.01059,0.00711,0.00938,0.05701,0.00717,0.01234,0.00545,0.00840,0.33252,0.02535,0.01220,0.00687,0.00628,0.27080,0.00483,0.00681,0.00910,0.10322
0.01121,0.01830,0.01278,0.02652,0.01573,0.15610,0.00722,0.02400,0.00747,0.01709,0.12249,0.01748,0.01131,0.26453,0.23059,0.01495,0.00399,0.00503,0.00399,0.02922
0.00460,0.03474,0.01728,0.01479,0.00367,0.13904,0.01744,0.00531,0.00566,0.00877,0.10566,0.01909,0.28514,0.22996,0.01141,0.01510,0.01198,0.02086,0.00490,0.04460
0.02396,0.02062,0.00979,0.02107,0.00396,0.13058,0.08410,0.24310,0.00380,0.02467,0.09293,0.00750,0.06659,0.01892,0.00737,0.00364,0.00357,0.00476,0.20834,0.02072
0.05172,0.04135,0.03707,0.20574,0.00802,0.16523,0.02209,0.20809,0.01786,0.01254,0.13802,0.00835,0.00340,0.02294,0.01562,0.00539,0.00282,0.00361,0.00561,0.02451
0.04580,0.00962,0.25615,0.01983,0.15794,0.02085,0.15740,0.01906,0.03392,0.03012,0.01737,0.00789,0.03982,0.00508,0.01437,0.00965,0.13217,0.01401,0.00427,0.00469
0.21494,0.19347,0.00729,0.03504,0.01436,0.01098,0.01230,0.04388,0.01041,0.01128,0.01078,0.04004,0.01345,0.01473,0.00358,0.01428,0.00484,0.00493,0.13088,0.20855
0.00735,0.39308,0.01680,0.01094,0.00669,0.06208,0.01314,0.01171,0.00822,0.01186,0.03624,0.01500,0.01747,0.01009,0.00461,0.01330,0.01705,0.01085,0.32867,0.00484
0.00994,0.00693,0.01225,0.00754,0.00370,0.40268,0.00350,0.00321,0.00970,0.00523,0.00623,0.43609,0.00938,0.00677,0.01679,0.00620,0.02035,0.00387,0.00993,0.01971
0.03425,0.02666,0.01818,0.00648,0.01037,0.09400,0.05109,0.02985,0.02492,0.01917,0.06922,0.00875,0.28946,0.24067,0.01982,0.00851,0.00455,0.00890,0.00820,0.02695
0.00914,0.04579,0.01617,0.02023,0.02264,0.04519,0.00895,0.01404,0.02746,0.00964,0.03348,0.00692,0.03099,0.33345,0.29493,0.00315,0.00575,0.01579,0.00330,0.05297
0.00338,0.04476,0.41929,0.00299,0.38023,0.01013,0.02088,0.00830,0.00281,0.01464,0.01417,0.00957,0.00451,0.00516,0.00352,0.01068,0.00257,0.00262,0.01434,0.02544
0.01458,0.21418,0.01195,0.02342,0.00809,0.03327,0.00660,0.01110,0.01649,0.00916,0.03397,0.21180,0.00931,0.01290,0.00644,0.20867,0.00867,0.00426,0.15148,0.00367
0.01200,0.00912,0.02416,0.00785,0.00725,0.39728,0.00605,0.00630,0.00709,0.01022,0.01438,0.42651,0.01831,0.01537,0.02149,0.00305,0.00384,0.00165,0.00222,0.00587
0.02298,0.01758,0.04979,0.01594,0.00402,0.10740,0.43923,0.02780,0.01259,0.01843,0.08200,0.00712,0.06318,0.02529,0.01990,0.00653,0.02500,0.00936,0.00448,0.04141
0.02261,0.01103,0.17865,0.01953,0.15972,0.03426,0.35055,0.00529,0.00734,0.00709,0.02248,0.05553,0.01401,0.01343,0.00755,0.05272,0.01057,0.00636,0.00685,0.01444
0.00766,0.07415,0.06290,0.00424,0.00907,0.01187,0.21721,0.01130,0.02352,0.00489,0.01897,0.01902,0.04954,0.19269,0.15786,0.01093,0.02166,0.00346,0.00454,0.09451
0.00375,0.00382,0.00747,0.14384,0.00589,0.00449,0.00466,0.10434,0.01107,0.31010,0.00280,0.01077,0.00614,0.00479,0.00503,0.00360,0.00453,0.35818,0.00226,0.00247
0.01678,0.04294,0.12111,0.00977,0.00692,0.05913,0.09324,0.00990,0.01843,0.01409,0.01850,0.03497,0.03057,0.26351,0.19258,0.01702,0.01934,0.01758,0.00361,0.01002
0.00673,0.01308,0.02009,0.00924,0.01332,0.02668,0.00761,0.00994,0.01734,0.01611,0.34226,0.09202,0.00936,0.01107,0.00841,0.36733,0.00645,0.00750,0.00713,0.00831
0.00460,0.04954,0.00539,0.01627,0.00524,0.42660,0.02284,0.01896,0.00961,0.00703,0.36803,0.00252,0.01194,0.00770,0.01417,0.00288,0.00468,0.00536,0.00313,0.01352
0.00674,0.01221,0.00298,0.02318,0.00763,0.38671,0.02722,0.02327,0.01110,0.02323,0.00680,0.41484,0.01828,0.00642,0.00409,0.00109,0.00317,0.00367,0.00333,0.01403
0.00795,0.00824,0.00572,0.02475,0.00666,0.01093,0.34831,0.05267,0.01191,0.05447,0.02236,0.11925,0.02954,0.01719,0.00556,0.15158,0.00475,0.07576,0.03801,0.00439
0.00627,0.00677,0.00305,0.00692,0.00749,0.07529,0.04677,0.01656,0.01205,0.00467,0.43248,0.00582,0.01266,0.01418,0.00333,0.31109,0.00515,0.00589,0.01436,0.00918
0.00529,0.01072,0.01319,0.00338,0.01021,0.00614,0.00966,0.06062,0.02053,0.00739,0.00654,0.01081,0.40544,0.34552,0.00373,0.00805,0.00637,0.00729,0.05375,0.00538
0.00168,0.00944,0.00460,0.37746,0.00267,0.07486,0.01011,0.00293,0.00369,0.01683,0.01344,0.08498,0.01009,0.01626,0.00620,0.00524,0.34712,0.00365,0.00247,0.00628
0.01072,0.05184,0.02756,0.30212,0.00284,0.05320,0.00385,0.30724,0.01414,0.04902,0.03332,0.01267,0.00702,0.01758,0.01458,0.00904,0.01318,0.03202,0.00265,0.03543
0.01467,0.16741,0.00649,0.11706,0.00956,0.03092,0.11904,0.13895,0.01787,0.01518,0.00691,0.00776,0.08199,0.03722,0.01888,0.00325,0.00270,0.00483,0.00916,0.19016
0.00450,0.00444,0.05316,0.00185,0.06240,0.38894,0.02917,0.00934,0.00565,0.00425,0.34305,0.02083,0.00665,0.00338,0.00353,0.00428,0.04763,0.00277,0.00149,0.00271
0.01127,0.02176,0.09030,0.00485,0.01031,0.14628,0.02853,0.00622,0.00577,0.03172,0.12055,0.00777,0.26161,0.21518,0.00139,0.00396,0.00361,0.01290,0.00911,0.00694
0.02183,0.00683,0.01343,0.00900,0.01830,0.00573,0.00562,0.01580,0.03745,0.00361,0.00792,0.08165,0.00992,0.35719,0.31579,0.07345,0.00371,0.00110,0.00450,0.00716
0.02556,0.05188,0.18846,0.01247,0.14927,0.14286,0.03496,0.00425,0.01198,0.04141,0.11577,0.02946,0.02156,0.01134,0.01348,0.02528,0.03157,0.01406,0.00579,0.06859
0.00457,0.00870,0.01570,0.01543,0.02216,0.36868,0.02873,0.01566,0.01790,0.05656,0.16199,0.17925,0.03119,0.01127,0.00933,0.00878,0.00254,0.02633,0.00754,0.00769
0.01978,0.00541,0.43858,0.00503,0.38724,0.02657,0.01895,0.00418,0.01373,0.00663,0.01185,0.02455,0.00491,0.00380,0.00655,0.00590,0.00602,0.00482,0.00240,0.00308
0.03818,0.21928,0.12034,0.00900,0.08832,0.00750,0.03846,0.00792,0.03062,0.03115,0.00635,0.04219,0.01293,0.00692,0.01950,0.04579,0.00715,0.01565,0.00508,0.24768
0.04330,0.03737,0.02744,0.18767,0.02077,0.19007,0.00496,0.18762,0.01721,0.02196,0.13449,0.01060,0.02012,0.00693,0.01649,0.00332,0.02330,0.00901,0.00315,0.03421
0.00939,0.04217,0.02340,0.01484,0.00936,0.36902,0.03848,0.01094,0.01051,0.00868,0.01220,0.36641,0.00475,0.00388,0.01268,0.01242,0.00362,0.00341,0.03020,0.01364
0.00654,0.01649,0.03485,0.04879,0.02485,0.21587,0.23692,0.00347,0.01465,0.02040,0.00731,0.25368,0.00895,0.00700,0.00772,0.02922,0.03967,0.00715,0.01213,0.00433
0.01752,0.16218,0.01390,0.02466,0.01417,0.01896,0.03012,0.00892,0.01084,0.03460,0.00868,0.04483,0.16771,0.16261,0.03598,0.03924,0.01357,0.00919,0.00217,0.18016
0.00853,0.16796,0.01587,0.01038,0.01599,0.08537,0.05164,0.01638,0.00973,0.00331,0.06447,0.02857,0.00482,0.16642,0.13263,0.00936,0.01822,0.00324,0.00376,0.18333
0.02464,0.01331,0.01287,0.02183,0.01955,0.07495,0.60410,0.03391,0.02496,0.01341,0.05497,0.00891,0.01890,0.02278,0.01243,0.01042,0.01062,0.00263,0.00803,0.00677
0.00456,0.00200,0.00934,0.01119,0.00364,0.42031,0.01686,0.00603,0.00438,0.00975,0.02545,0.42527,0.00492,0.00852,0.00286,0.02416,0.01011,0.00571,0.00305,0.00187
0.00651,0.43502,0.02004,0.00956,0.00621,0.00384,0.03318,0.00896,0.00617,0.00994,0.00991,0.00677,0.00678,0.00675,0.02488,0.00530,0.00713,0.00339,0.37675,0.01291
0.00720,0.02615,0.01053,0.01321,0.01930,0.39817,0.01288,0.02280,0.02947,0.04767,0.22236,0.13079,0.01326,0.00496,0.00446,0.00809,0.00457,0.00899,0.00333,0.01181
0.05304,0.04512,0.00546,0.02237,0.01386,0.01392,0.01269,0.01159,0.03397,0.00768,0.36582,0.00372,0.01694,0.01784,0.02712,0.29954,0.00355,0.00248,0.00412,0.03914
0.00403,0.31337,0.00857,0.02606,0.00665,0.00990,0.26032,0.01681,0.01247,0.02309,0.00415,0.01091,0.01094,0.00562,0.00506,0.00641,0.00886,0.00848,0.25485,0.00343
0.02166,0.01312,0.12672,0.01166,0.13570,0.05285,0.19641,0.00712,0.09070,0.00931,0.04113,0.03377,0.09986,0.03397,0.04981,0.03512,0.00663,0.01282,0.00510,0.01654
0.01602,0.00940,0.01732,0.00385,0.00497,0.00836,0.10796,0.00852,0.01509,0.36495,0.00856,0.00861,0.03128,0.03275,0.01000,0.00529,0.00609,0.33584,0.00159,0.00356
0.03296,0.00621,0.02664,0.37960,0.00474,0.01499,0.06785,0.39918,0.00368,0.00617,0.00983,0.01373,0.00852,0.00113,0.00213,0.00488,0.00685,0.00392,0.00370,0.00328
0.03297,0.01436,0.00420,0.02638,0.00767,0.13153,0.33698,0.01895,0.03082,0.02317,0.00439,0.21030,0.00655,0.00748,0.00950,0.08922,0.01193,0.01093,0.01471,0.00796
0.04013,0.30384,0.00562,0.01535,0.00376,0.01798,0.01862,0.02113,0.01614,0.00308,0.00912,0.13893,0.00610,0.00392,0.00460,0.12923,0.01455,0.00594,0.23533,0.00663
0.00384,0.01617,0.00134,0.41375,0.00436,0.00912,0.00741,0.43832,0.01957,0.01190,0.00539,0.00344,0.01058,0.01016,0.00449,0.00335,0.00221,0.01525,0.00327,0.01608
0.00665,0.01567,0.01642,0.00799,0.00875,0.17364,0.11878,0.02706,0.01216,0.02206,0.14762,0.01593,0.21743,0.16486,0.00383,0.00627,0.00336,0.01524,0.00958,0.00672
0.01698,0.00755,0.00619,0.00735,0.00994,0.07085,0.00833,0.01106,0.01149,0.00835,0.06469,0.01937,0.37241,0.31730,0.00472,0.01091,0.00365,0.00386,0.00240,0.04259
0.01196,0.10163,0.01568,0.02073,0.00469,0.35085,0.00456,0.01585,0.00906,0.00566,0.30060,0.00386,0.01482,0.01246,0.01893,0.00379,0.01416,0.00274,0.05973,0.02823
0.01202,0.01375,0.01418,0.00632,0.01958,0.24976,0.00959,0.01536,0.00696,0.21058,0.17115,0.03628,0.00914,0.00186,0.00438,0.00466,0.00323,0.18995,0.01725,0.00401
0.04469,0.06871,0.01072,0.08510,0.01127,0.24815,0.00877,0.06390,0.00885,0.01527,0.20176,0.03873,0.02047,0.03015,0.03079,0.03712,0.00684,0.00507,0.00338,0.06025
0.00487,0.03504,0.00544,0.02876,0.00754,0.22309,0.21534,0.01564,0.00323,0.09889,0.00515,0.25415,0.01121,0.00642,0.01493,0.00507,0.01705,0.02967,0.00262,0.01590
0.00818,0.22023,0.02130,0.00493,0.02368,0.09906,0.24595,0.01825,0.01344,0.02347,0.07636,0.01094,0.01699,0.01268,0.01053,0.00569,0.00550,0.00945,0.15966,0.01373
0.01017,0.37023,0.04165,0.01669,0.01697,0.00518,0.01684,0.01307,0.00722,0.00759,0.01092,0.01817,0.01092,0.01280,0.00973,0.02320,0.01688,0.00510,0.08428,0.30240
0.08044,0.11166,0.01725,0.03544,0.03650,0.18614,0.05697,0.02585,0.01436,0.05419,0.14413,0.00295,0.02105,0.00971,0.01798,0.00323,0.01568,0.01027,0.05587,0.10034
0.39263,0.00662,0.00874,0.02380,0.03643,0.01941,0.04305,0.01130,0.39910,0.00558,0.00805,0.00657,0.00545,0.00562,0.00298,0.00714,0.00281,0.00239,0.00380,0.00855
0.01741,0.00717,0.06732,0.00630,0.00395,0.23403,0.17876,0.00283,0.01217,0.04843,0.18343,0.01716,0.01233,0.09086,0.07054,0.00850,0.02167,0.00903,0.00356,0.00455
0.01089,0.02668,0.01385,0.02485,0.01684,0.12730,0.04157,0.04505,0.01808,0.01552,0.07867,0.25143,0.00512,0.01500,0.00783,0.24769,0.01231,0.00874,0.01522,0.01736
0.01169,0.05254,0.30014,0.00923,0.26401,0.04775,0.06864,0.01028,0.01457,0.01087,0.02708,0.03493,0.01552,0.02408,0.01290,0.01862,0.00357,0.01559,0.01649,0.04149
0.01281,0.05147,0.01391,0.01820,0.00944,0.01296,0.05599,0.01817,0.00596,0.00787,0.15367,0.22293,0.00573,0.00923,0.01210,0.34629,0.00455,0.00563,0.02349,0.00962
0.00536,0.00322,0.01379,0.05938,0.01367,0.04676,0.00847,0.04738,0.00799,0.00959,0.04512,0.00408,0.37385,0.32523,0.00715,0.00444,0.00467,0.00773,0.00207,0.01006
0.18082,0.17070,0.02481,0.00460,0.01119,0.07290,0.07158,0.00527,0.01385,0.00987,0.04305,0.00734,0.01715,0.00573,0.00695,0.00863,0.01063,0.00460,0.11841,0.21191
0.02331,0.02763,0.00350,0.00854,0.00615,0.04849,0.46165,0.00273,0.03233,0.00422,0.13388,0.04657,0.00748,0.00487,0.00697,0.11178,0.03036,0.00234,0.00408,0.03313
0.04885,0.00930,0.00994,0.00852,0.00822,0.09451,0.08206,0.00370,0.05483,0.00419,0.08411,0.00648,0.30172,0.25433,0.00537,0.00556,0.00286,0.00228,0.00600,0.00717
0.01537,0.00743,0.00753,0.00540,0.01687,0.01014,0.21779,0.01065,0.06424,0.00641,0.01206,0.00405,0.00369,0.32217,0.27424,0.00119,0.00351,0.00451,0.00356,0.00920
0.00700,0.28462,0.00628,0.00348,0.00487,0.00781,0.00662,0.00146,0.01279,0.00591,0.06463,0.00546,0.11281,0.09972,0.00744,0.04256,0.00467,0.00331,0.00087,0.31772
0.01141,0.37601,0.02083,0.01324,0.00919,0.03639,0.00642,0.01300,0.00475,0.06568,0.00271,0.02777,0.01001,0.01235,0.00516,0.00985,0.02573,0.02884,0.27151,0.04915
0.00350,0.20017,0.00443,0.02389,0.01148,0.08369,0.00639,0.00763,0.01047,0.01148,0.08374,0.02336,0.00359,0.15676,0.13675,0.00839,0.00299,0.00300,0.00134,0.21694
0.00166,0.00372,0.04991,0.01304,0.00369,0.01837,0.00471,0.00339,0.00092,0.00704,0.01850,0.01133,0.43507,0.38128,0.01135,0.00688,0.01236,0.01199,0.00218,0.00261
0.00535,0.03249,0.01429,0.39299,0.00676,0.00718,0.02237,0.41481,0.00693,0.00266,0.00321,0.00310,0.00641,0.01931,0.01762,0.00194,0.00936,0.00357,0.00640,0.02324
0.02141,0.41524,0.07929,0.00372,0.01781,0.01954,0.01366,0.00211,0.00801,0.00389,0.01135,0.00712,0.00883,0.00922,0.00549,0.00794,0.00986,0.00537,0.29471,0.05543
0.00751,0.00884,0.00188,0.00878,0.00771,0.07901,0.02422,0.00671,0.02794,0.01605,0.06314,0.04778,0.33905,0.28452,0.00857,0.02119,0.01186,0.00735,0.00367,0.02423
0.01914,0.05448,0.02234,0.17678,0.00656,0.14213,0.09104,0.05078,0.00574,0.01832,0.01800,0.16115,0.01714,0.01020,0.01810,0.01291,0.12932,0.00737,0.01799,0.02049
0.30292,0.00984,0.02632,0.00543,0.01261,0.11584,0.01437,0.01300,0.29371,0.00925,0.08874,0.02117,0.01611,0.01240,0.00905,0.00959,0.02636,0.00655,0.00373,0.00301
0.00402,0.02238,0.14381,0.01909,0.13032,0.01051,0.45416,0.04154,0.00571,0.00626,0.00528,0.02560,0.02623,0.01367,0.02029,0.01662,0.01572,0.00312,0.03023,0.00543
0.04116,0.00572,0.01322,0.00619,0.00409,0.09268,0.35169,0.00317,0.01379,0.00764,0.05823,0.01340,0.02339,0.18639,0.15349,0.00247,0.00436,0.00230,0.00516,0.01149
0.01199,0.24243,0.02166,0.00428,0.01653,0.15651,0.05305,0.00541,0.00633,0.00950,0.02122,0.15999,0.00890,0.00791,0.00317,0.00776,0.00738,0.00182,0.00551,0.24865
0.01641,0.01860,0.02171,0.01101,0.00818,0.15852,0.00957,0.01383,0.02687,0.04541,0.11598,0.00374,0.15780,0.11520,0.22382,0.00404,0.01494,0.00924,0.00813,0.01701
0.00433,0.00826,0.02129,0.00546,0.02981,0.07382,0.42776,0.01430,0.01312,0.00955,0.04692,0.00860,0.01528,0.15096,0.12676,0.00783,0.00612,0.00535,0.00472,0.01976
0.02502,0.46657,0.01251,0.00977,0.00575,0.00706,0.00366,0.00254,0.01480,0.00453,0.00091,0.00395,0.01255,0.00401,0.00528,0.00224,0.00383,0.00168,0.38214,0.03119
0.01185,0.00432,0.02655,0.01042,0.02183,0.00527,0.00989,0.00559,0.01671,0.03398,0.00384,0.00354,0.11690,0.32397,0.36999,0.00265,0.00437,0.02034,0.00309,0.00491
0.01188,0.00727,0.01169,0.01458,0.05625,0.23595,0.13078,0.01127,0.07020,0.01686,0.19574,0.00393,0.10915,0.08876,0.01215,0.00239,0.00226,0.00604,0.00386,0.00899
0.02068,0.19926,0.00639,0.00637,0.00239,0.06050,0.45144,0.01128,0.00425,0.00469,0.00608,0.04477,0.00479,0.00624,0.00129,0.00398,0.00150,0.00762,0.15233,0.00414
0.02269,0.01195,0.02343,0.03649,0.00485,0.14521,0.04968,0.01068,0.01878,0.01942,0.34000,0.01446,0.01250,0.01129,0.03033,0.19529,0.03675,0.00554,0.00519,0.00550
0.01005,0.01003,0.01925,0.01021,0.01158,0.01165,0.00847,0.07211,0.01374,0.02473,0.01033,0.00578,0.38654,0.31578,0.01206,0.00366,0.01001,0.00481,0.05312,0.00607
0.01669,0.00742,0.00912,0.00633,0.00858,0.43990,0.00623,0.01834,0.00750,0.01821,0.28578,0.09117,0.00868,0.01388,0.00889,0.00959,0.01504,0.01404,0.00922,0.00542
0.01128,0.04957,0.10597,0.00653,0.07983,0.25759,0.08658,0.00753,0.02024,0.03492,0.20955,0.00245,0.01470,0.01032,0.00810,0.01310,0.01302,0.00853,0.00512,0.05508
0.01614,0.00453,0.03354,0.06694,0.02451,0.05708,0.08002,0.03703,0.02613,0.04750,0.03327,0.00607,0.24928,0.00492,0.24649,0.00278,0.00451,0.03240,0.00244,0.02441
0.01019,0.17888,0.04396,0.03414,0.00709,0.06501,0.02158,0.04635,0.01228,0.01608,0.04210,0.08376,0.05157,0.01266,0.05555,0.08949,0.00976,0.00969,0.00961,0.20026
0.00458,0.00557,0.01786,0.01003,0.01601,0.02731,0.01037,0.01866,0.01206,0.00320,0.04240,0.00869,0.41413,0.35789,0.00519,0.02156,0.01071,0.00521,0.00425,0.00430
0.00563,0.06203,0.01626,0.01445,0.00960,0.33438,0.02741,0.00876,0.01263,0.00508,0.27485,0.06600,0.00761,0.00805,0.00426,0.06714,0.01280,0.00644,0.05075,0.00588
0.13213,0.09407,0.01863,0.01031,0.02914,0.20560,0.00637,0.01268,0.01919,0.01583,0.16149,0.02837,0.00872,0.00969,0.02301,0.01413,0.02149,0.00769,0.05937,0.12209
0.02176,0.09686,0.03252,0.05548,0.00246,0.21386,0.13836,0.05548,0.03674,0.01906,0.17176,0.01460,0.00793,0.00617,0.00699,0.01726,0.00582,0.01945,0.06848,0.00896
0.03320,0.22238,0.01422,0.00494,0.02009,0.18791,0.01743,0.02729,0.02945,0.01978,0.14194,0.03357,0.00651,0.00795,0.00807,0.01351,0.00434,0.00878,0.10776,0.09088
0.00974,0.06751,0.04918,0.00795,0.02046,0.25423,0.11485,0.00452,0.01260,0.01250,0.02028,0.27542,0.01317,0.00742,0.01019,0.00505,0.02612,0.00915,0.00941,0.07024
0.01034,0.00822,0.01158,0.19376,0.00832,0.26776,0.00997,0.00281,0.01000,0.01497,0.02722,0.24572,0.01101,0.00541,0.00527,0.00303,0.15337,0.00224,0.00283,0.00618
0.00621,0.00687,0.00539,0.01544,0.01286,0.14493,0.01201,0.03925,0.01512,0.05146,0.12727,0.10976,0.13858,0.10180,0.01314,0.13434,0.00697,0.04169,0.01095,0.00596
0.04761,0.00570,0.01255,0.00685,0.00684,0.08179,0.02743,0.01497,0.02520,0.24396,0.05907,0.09888,0.01954,0.01743,0.01355,0.10191,0.00648,0.20260,0.00201,0.00562
0.00627,0.00755,0.01189,0.01781,0.00774,0.04267,0.01303,0.00676,0.02879,0.01351,0.00444,0.02372,0.40554,0.35587,0.00353,0.00614,0.01395,0.00653,0.00141,0.02284
0.00657,0.00568,0.00430,0.01134,0.01386,0.02073,0.00708,0.37482,0.02388,0.00492,0.00589,0.00539,0.08853,0.03432,0.00317,0.00719,0.00602,0.01039,0.36298,0.00293
0.01465,0.05321,0.02447,0.00651,0.01183,0.01406,0.01966,0.13524,0.03437,0.00614,0.01150,0.07509,0.18439,0.13294,0.00811,0.07923,0.00437,0.00749,0.12370,0.05301
0.01662,0.01102,0.24663,0.00774,0.19967,0.00728,0.00700,0.00596,0.01688,0.01987,0.00574,0.17681,0.03696,0.00793,0.00880,0.19035,0.00606,0.00331,0.01257,0.01280
0.00261,0.08006,0.33942,0.01315,0.30412,0.00876,0.04821,0.00565,0.00977,0.04597,0.00299,0.00448,0.01057,0.01737,0.00589,0.00254,0.01545,0.02870,0.00572,0.04856
0.00490,0.03704,0.00488,0.01330,0.00524,0.02842,0.01312,0.00418,0.00634,0.01745,0.02953,0.01803,0.38792,0.33964,0.00420,0.00937,0.00317,0.01911,0.00245,0.05174
0.01596,0.06273,0.02589,0.03437,0.00418,0.09949,0.40636,0.00683,0.00545,0.01547,0.04031,0.03704,0.02984,0.02284,0.03830,0.00650,0.02407,0.01809,0.00695,0.09933
0.01396,0.03648,0.04056,0.01299,0.01449,0.34073,0.00414,0.00713,0.00906,0.00955,0.01973,0.34798,0.00458,0.00394,0.00484,0.00343,0.04942,0.01969,0.01229,0.04502
0.00295,0.33460,0.01001,0.00480,0.00470,0.00627,0.01142,0.02184,0.00556,0.00782,0.01257,0.02684,0.00619,0.07892,0.06176,0.01273,0.00322,0.00466,0.01770,0.36545
0.00567,0.41406,0.01754,0.00427,0.00570,0.01221,0.00841,0.02835,0.00564,0.00951,0.02954,0.00761,0.00761,0.01970,0.01259,0.02647,0.01165,0.01286,0.35639,0.00422
0.00341,0.08219,0.02688,0.33041,0.01374,0.01456,0.01048,0.35568,0.00654,0.01572,0.00427,0.01167,0.01491,0.00757,0.01016,0.00439,0.00449,0.00464,0.00649,0.07179
0.00455,0.01060,0.01779,0.02068,0.01671,0.29629,0.17275,0.02584,0.02049,0.01016,0.01361,0.32097,0.02131,0.00729,0.00767,0.00614,0.00733,0.00291,0.00545,0.01146
0.00764,0.00594,0.26454,0.00490,0.22345,0.17236,0.01054,0.00365,0.03040,0.00710,0.14092,0.03314,0.01424,0.01180,0.00787,0.03378,0.00551,0.01682,0.00174,0.00366
0.03747,0.01592,0.01534,0.01645,0.00274,0.01244,0.18032,0.00537,0.03257,0.02643,0.00543,0.08837,0.19586,0.18243,0.02258,0.09114,0.02449,0.01996,0.01329,0.01141
0.01645,0.10669,0.28146,0.01162,0.24876,0.06199,0.02580,0.00730,0.02417,0.01390,0.03579,0.01453,0.00821,0.00668,0.00393,0.00590,0.00470,0.00405,0.00190,0.11619
0.01161,0.02267,0.30401,0.01324,0.24730,0.10023,0.00854,0.02715,0.00899,0.01478,0.07980,0.00389,0.02893,0.00382,0.02228,0.01019,0.02816,0.01902,0.00903,0.03636
0.00728,0.01397,0.23019,0.00680,0.15096,0.01241,0.35518,0.01087,0.00625,0.06575,0.00582,0.00881,0.05207,0.00473,0.01888,0.00418,0.01572,0.01585,0.00535,0.00892
0.03592,0.10480,0.00416,0.01064,0.00763,0.18077,0.01834,0.00881,0.02218,0.02378,0.13950,0.12753,0.04320,0.00494,0.01819,0.14053,0.00267,0.03030,0.06427,0.01185
0.00690,0.03006,0.00522,0.08843,0.00676,0.38633,0.00415,0.00599,0.00777,0.01377,0.29458,0.03918,0.00565,0.00374,0.00459,0.00791,0.06386,0.00709,0.00507,0.01293
0.00705,0.01580,0.18445,0.01645,0.17153,0.15159,0.21294,0.00620,0.03913,0.00353,0.11359,0.00499,0.00839,0.00871,0.00599,0.00219,0.00428,0.00536,0.00926,0.02857
0.00795,0.01297,0.00554,0.00800,0.00803,0.03594,0.59474,0.02196,0.01240,0.00788,0.03520,0.00520,0.10759,0.08692,0.00593,0.00381,0.02201,0.00147,0.00862,0.00784
0.01404,0.02654,0.01833,0.16089,0.02792,0.21710,0.01548,0.16193,0.07326,0.02330,0.17462,0.01011,0.00781,0.00454,0.01310,0.01925,0.00205,0.00287,0.01963,0.00725
0.00507,0.02092,0.01948,0.02023,0.03267,0.37999,0.00520,0.00855,0.03263,0.00987,0.02331,0.38841,0.00758,0.00529,0.00331,0.01367,0.00884,0.00443,0.00302,0.00751
0.00631,0.13367,0.00598,0.01199,0.01240,0.03578,0.02561,0.03466,0.02185,0.01052,0.27652,0.00863,0.01139,0.01138,0.01219,0.21011,0.00532,0.00251,0.00768,0.15551
0.02377,0.27854,0.03147,0.01976,0.02875,0.02086,0.22199,0.01632,0.01027,0.01189,0.00806,0.01346,0.00974,0.00803,0.00586,0.01206,0.00538,0.01125,0.16683,0.09572
0.01446,0.02545,0.00551,0.01274,0.00800,0.01935,0.00449,0.00983,0.01869,0.01496,0.36438,0.07742,0.00487,0.01460,0.00519,0.35558,0.01252,0.00936,0.00331,0.01928
0.03338,0.20787,0.01304,0.03307,0.01580,0.02979,0.28610,0.03535,0.00988,0.03457,0.01862,0.00698,0.02164,0.02346,0.02304,0.00769,0.02115,0.01288,0.15983,0.00585
0.01507,0.00899,0.00307,0.00387,0.00346,0.28767,0.25967,0.00239,0.00541,0.03684,0.10713,0.17410,0.03720,0.01761,0.00885,0.00448,0.00416,0.01161,0.00393,0.00449
0.02614,0.08285,0.02982,0.01013,0.00567,0.03907,0.00536,0.00675,0.01454,0.01227,0.33053,0.01096,0.00845,0.01308,0.00215,0.27364,0.01640,0.00415,0.00332,0.10473
0.02246,0.18733,0.01878,0.04917,0.00574,0.01089,0.43485,0.02192,0.01857,0.00336,0.01179,0.01311,0.00960,0.00524,0.01262,0.00337,0.02258,0.00120,0.14245,0.00496
0.01141,0.04447,0.02944,0.01391,0.00685,0.30712,0.18836,0.01244,0.00677,0.01415,0.23561,0.02499,0.01740,0.02387,0.01250,0.00392,0.00569,0.00540,0.02145,0.01424
0.00115,0.01533,0.01015,0.00539,0.02351,0.35061,0.03771,0.00858,0.00904,0.00202,0.02079,0.39011,0.01444,0.00640,0.01212,0.06675,0.00499,0.00622,0.00541,0.00926
0.04573,0.12908,0.03674,0.00936,0.03770,0.02444,0.00611,0.01230,0.07719,0.00851,0.00759,0.18441,0.01548,0.02508,0.01635,0.20655,0.00939,0.00842,0.00635,0.13321
0.00654,0.00502,0.00668,0.13043,0.00829,0.34350,0.01767,0.11243,0.00584,0.00531,0.29379,0.00583,0.00596,0.02251,0.01413,0.00399,0.00258,0.00239,0.00420,0.00291
0.02148,0.05527,0.33464,0.02174,0.30240,0.03144,0.00781,0.02489,0.02997,0.01017,0.00411,0.01221,0.03319,0.00638,0.01124,0.00341,0.00298,0.01079,0.00269,0.07320
0.00490,0.08891,0.05875,0.29044,0.00358,0.00984,0.00562,0.32562,0.00279,0.02386,0.00406,0.01758,0.00803,0.00745,0.00628,0.00981,0.02508,0.02080,0.00478,0.08181
0.00948,0.02058,0.00261,0.05795,0.00636,0.18660,0.21690,0.01290,0.01931,0.00976,0.04855,0.24272,0.00307,0.00307,0.00539,0.10242,0.02803,0.01268,0.00396,0.00768
0.00802,0.00292,0.00727,0.02030,0.03576,0.02063,0.07278,0.00697,0.04396,0.00375,0.04024,0.02486,0.35245,0.30805,0.01459,0.01801,0.01164,0.00171,0.00286,0.00323
0.02064,0.00218,0.01065,0.01084,0.00628,0.02218,0.01620,0.00505,0.01586,0.01071,0.02123,0.00653,0.43865,0.38545,0.00860,0.00454,0.00442,0.00450,0.00219,0.00330
0.02513,0.34015,0.05033,0.04147,0.05180,0.01355,0.00558,0.04174,0.04053,0.01451,0.01393,0.01509,0.01402,0.00295,0.01210,0.01978,0.00716,0.00444,0.24212,0.04361
0.00781,0.00365,0.00566,0.40918,0.00419,0.02953,0.02409,0.42909,0.01275,0.00853,0.01503,0.00619,0.00701,0.00341,0.00411,0.00427,0.00345,0.00550,0.00292,0.01362
0.02058,0.01127,0.01520,0.02591,0.01293,0.24732,0.00876,0.01131,0.02020,0.04717,0.18130,0.11967,0.05040,0.04319,0.01674,0.11223,0.01552,0.01523,0.00476,0.02032
0.00627,0.05339,0.00949,0.00215,0.00723,0.18544,0.08224,0.03864,0.01498,0.00373,0.15114,0.00787,0.03567,0.16959,0.10700,0.00836,0.00089,0.00553,0.00938,0.10101
0.03349,0.04775,0.04059,0.00739,0.02937,0.11536,0.00821,0.01088,0.00574,0.04551,0.10404,0.00522,0.23355,0.20062,0.01623,0.00556,0.00575,0.01022,0.00445,0.07007
0.01783,0.17893,0.01717,0.01015,0.01051,0.01450,0.35567,0.00488,0.02700,0.00789,0.01118,0.04775,0.00656,0.04159,0.05719,0.03577,0.00758,0.00425,0.14187,0.00172
0.03954,0.02604,0.01108,0.01125,0.00474,0.02269,0.00850,0.01665,0.06424,0.00731,0.01761,0.01229,0.03685,0.35014,0.28771,0.00705,0.01558,0.00450,0.02784,0.02836
0.01082,0.01412,0.02687,0.00506,0.03263,0.27730,0.17384,0.00212,0.02544,0.02096,0.02268,0.29431,0.01111,0.01636,0.01401,0.02044,0.00510,0.00578,0.00430,0.01675
0.03345,0.26787,0.01309,0.03868,0.00589,0.01779,0.18134,0.01133,0.01810,0.01152,0.00251,0.06862,0.00989,0.00317,0.00541,0.07065,0.00672,0.01441,0.14781,0.07175
0.04089,0.04979,0.00985,0.01244,0.09015,0.03535,0.00714,0.00912,0.09966,0.02094,0.28621,0.00275,0.01156,0.00405,0.00828,0.21748,0.00486,0.00740,0.00648,0.07561
0.00530,0.00691,0.03161,0.01356,0.01597,0.12176,0.00773,0.01333,0.01977,0.00386,0.41476,0.00720,0.00439,0.00626,0.00636,0.28201,0.00645,0.00608,0.00375,0.02292
0.00806,0.01042,0.01844,0.01203,0.15788,0.00883,0.01031,0.00695,0.14320,0.00741,0.27437,0.00831,0.00894,0.00881,0.01301,0.21117,0.01100,0.04394,0.00404,0.03287
0.01712,0.23942,0.00522,0.01256,0.00933,0.20495,0.01091,0.01381,0.00729,0.02222,0.16698,0.00941,0.02090,0.01792,0.01280,0.00952,0.00853,0.01530,0.18385,0.01195
0.01002,0.06955,0.00858,0.02773,0.00351,0.09222,0.10793,0.09676,0.00920,0.00728,0.06339,0.00896,0.16990,0.13731,0.01592,0.00539,0.00163,0.00551,0.07587,0.08334
0.00606,0.01423,0.36371,0.01249,0.31912,0.01283,0.00289,0.03085,0.04068,0.01187,0.00449,0.05851,0.00757,0.00611,0.00513,0.06593,0.00199,0.00162,0.02813,0.00578
0.02040,0.04692,0.21636,0.01109,0.14833,0.18426,0.05992,0.00984,0.00628,0.01113,0.11325,0.01492,0.02912,0.01119,0.00758,0.00621,0.01987,0.00481,0.00545,0.07307
0.01287,0.00421,0.00479,0.00510,0.06393,0.00862,0.09264,0.00672,0.07458,0.01192,0.36993,0.00358,0.00383,0.00360,0.00278,0.31600,0.00340,0.00758,0.00206,0.00184
0.00907,0.01089,0.01711,0.12078,0.01961,0.00644,0.57703,0.10887,0.00582,0.00902,0.00339,0.01140,0.02102,0.00964,0.02216,0.00399,0.00256,0.03181,0.00566,0.00372
0.02763,0.07085,0.01288,0.01092,0.00712,0.12907,0.23975,0.01510,0.01129,0.00885,0.09575,0.02139,0.13124,0.06134,0.05100,0.01195,0.00746,0.01321,0.00575,0.06746
0.03919,0.01875,0.01727,0.36150,0.00879,0.04539,0.00493,0.37973,0.02357,0.02304,0.01632,0.00639,0.00332,0.00432,0.00895,0.00553,0.00510,0.01753,0.00321,0.00715
0.00599,0.01067,0.38136,0.02067,0.33706,0.01272,0.04616,0.00791,0.00727,0.01720,0.00281,0.04556,0.00430,0.01250,0.01039,0.04055,0.02300,0.00420,0.00706,0.00263
0.00995,0.23379,0.00526,0.01131,0.00963,0.03061,0.36847,0.00401,0.01265,0.00707,0.01947,0.00861,0.00386,0.00674,0.00465,0.00249,0.00131,0.00126,0.00511,0.25377
0.00692,0.11004,0.01143,0.00514,0.01878,0.00722,0.02570,0.02029,0.02424,0.01157,0.01688,0.02617,0.02161,0.31139,0.26256,0.00771,0.00372,0.00268,0.00694,0.09900
0.03539,0.01034,0.02776,0.02229,0.00635,0.01961,0.01672,0.00628,0.03148,0.01024,0.01120,0.00509,0.00917,0.40313,0.35245,0.00384,0.01253,0.00135,0.00292,0.01186
0.01976,0.10087,0.01003,0.14003,0.01964,0.21420,0.00899,0.16019,0.00423,0.01480,0.14044,0.01160,0.01540,0.01272,0.00823,0.00234,0.00646,0.00401,0.00224,0.10382
0.01202,0.01711,0.00776,0.01574,0.00225,0.05771,0.00545,0.01526,0.00789,0.00577,0.00984,0.03652,0.40430,0.35653,0.00207,0.00858,0.01697,0.00319,0.00319,0.01186
0.03106,0.01023,0.01023,0.00814,0.00917,0.45640,0.00933,0.00558,0.01739,0.00522,0.38544,0.00965,0.00393,0.00492,0.01330,0.00197,0.00600,0.00165,0.00549,0.00489
0.01389,0.00262,0.00809,0.40107,0.00335,0.01106,0.01212,0.41108,0.00800,0.00553,0.00324,0.03803,0.00561,0.00193,0.00125,0.04001,0.00657,0.00431,0.00359,0.01866
0.00266,0.00519,0.00466,0.00463,0.01011,0.01896,0.00508,0.00396,0.02496,0.03505,0.40992,0.04777,0.01212,0.00375,0.00552,0.38999,0.00306,0.00938,0.00106,0.00216
0.02857,0.01347,0.38732,0.00628,0.36320,0.06607,0.00985,0.00488,0.00883,0.00079,0.05109,0.00595,0.00517,0.01069,0.00368,0.00787,0.00157,0.00415,0.01532,0.00528
0.00383,0.01001,0.02411,0.01004,0.00480,0.00698,0.06112,0.00339,0.00367,0.01136,0.02782,0.00357,0.39592,0.34984,0.02255,0.02480,0.01520,0.01083,0.00164,0.00850
0.00463,0.01218,0.04257,0.00294,0.00660,0.00430,0.09163,0.00820,0.00568,0.02042,0.00409,0.01446,0.39638,0.33454,0.01652,0.00954,0.00659,0.01185,0.00313,0.00375
0.01221,0.00631,0.01605,0.01718,0.11678,0.01295,0.02341,0.03875,0.10802,0.01577,0.29961,0.01279,0.00999,0.01024,0.01576,0.24141,0.00654,0.01220,0.01389,0.01014
0.01047,0.08697,0.00470,0.01548,0.00402,0.03080,0.00326,0.01477,0.00870,0.00911,0.38191,0.00341,0.00399,0.00417,0.00337,0.31744,0.00384,0.00238,0.00252,0.08871
0.00859,0.19321,0.01488,0.03875,0.01892,0.00887,0.00281,0.04042,0.00534,0.00447,0.00466,0.00646,0.20652,0.16938,0.01566,0.00456,0.03819,0.00682,0.00841,0.20308
0.01875,0.00520,0.03212,0.27086,0.01197,0.01728,0.02288,0.28163,0.01343,0.12039,0.01120,0.00547,0.00605,0.01078,0.02400,0.00601,0.00618,0.12989,0.00280,0.00313
0.01059,0.05318,0.01467,0.04196,0.01298,0.02052,0.61361,0.03025,0.00988,0.02755,0.00572,0.00424,0.06637,0.00253,0.01448,0.00412,0.00400,0.00615,0.00583,0.05137
0.00872,0.00711,0.01088,0.01202,0.00799,0.13927,0.00840,0.00825,0.01029,0.00554,0.12011,0.00737,0.33913,0.28497,0.00167,0.00749,0.00880,0.00248,0.00433,0.00520
0.27585,0.02998,0.02523,0.01709,0.03377,0.01616,0.20937,0.01243,0.26959,0.00383,0.00987,0.02528,0.00936,0.01120,0.00728,0.01457,0.00658,0.00408,0.01010,0.00837
0.00445,0.01010,0.07871,0.36470,0.00612,0.01084,0.00562,0.39336,0.01017,0.00511,0.00635,0.00875,0.00450,0.05147,0.01031,0.00848,0.00807,0.00516,0.00383,0.00388
0.00800,0.02275,0.01586,0.15823,0.02211,0.20940,0.03780,0.01962,0.01965,0.00644,0.01004,0.23152,0.02381,0.02419,0.03218,0.00538,0.12886,0.00557,0.00745,0.01113
0.03691,0.00838,0.01515,0.00331,0.01934,0.00085,0.03892,0.00807,0.06592,0.04606,0.00422,0.00309,0.37895,0.32442,0.00619,0.00776,0.00336,0.01295,0.01228,0.00387
0.00622,0.00718,0.01022,0.00743,0.00703,0.15435,0.49315,0.01442,0.01398,0.04121,0.02042,0.13547,0.01078,0.00706,0.02557,0.01086,0.00260,0.01460,0.00320,0.01424
0.01635,0.09190,0.05313,0.01656,0.01398,0.11038,0.04924,0.00769,0.01266,0.02065,0.09947,0.01055,0.01555,0.19075,0.14866,0.01602,0.02744,0.00503,0.00423,0.08975
0.01767,0.10827,0.03909,0.02976,0.01403,0.19675,0.00654,0.00788,0.01064,0.02735,0.06707,0.19874,0.01144,0.00538,0.00375,0.06929,0.05140,0.01649,0.00351,0.11496
0.01220,0.01490,0.01542,0.01210,0.01432,0.25263,0.01317,0.00847,0.01222,0.01026,0.19493,0.00570,0.05410,0.18506,0.16307,0.00560,0.00291,0.00604,0.00274,0.01415
0.00625,0.00968,0.01435,0.01091,0.01093,0.07832,0.02868,0.19930,0.00811,0.02184,0.04297,0.00588,0.16724,0.11739,0.03746,0.00439,0.00416,0.04039,0.18442,0.00732
0.00466,0.00912,0.01240,0.00703,0.22784,0.03639,0.02642,0.00688,0.25622,0.02218,0.14930,0.00382,0.02523,0.03838,0.05148,0.08868,0.00486,0.00955,0.00869,0.01088
0.01359,0.37513,0.00783,0.02702,0.00513,0.01168,0.10127,0.02361,0.01437,0.01857,0.00885,0.00836,0.01715,0.02729,0.00286,0.00464,0.00684,0.00748,0.31459,0.00375
0.00257,0.27419,0.06985,0.01143,0.00819,0.02142,0.00435,0.00555,0.00332,0.01841,0.00790,0.15786,0.00715,0.00410,0.00850,0.15756,0.02951,0.00571,0.19930,0.00313
