0.04129,0.44829,0.09088,0.09706,0.08690,0.13308,0.10251
0.00851,0.01761,0.42445,0.01068,0.00630,0.47322,0.05923
0.00654,0.03387,0.00847,0.07665,0.06839,0.38615,0.41993
0.30283,0.30308,0.12738,0.00962,0.01651,0.18051,0.06007
0.22888,0.03431,0.04793,0.21984,0.21798,0.13031,0.12074
0.00818,0.01171,0.02568,0.40038,0.42775,0.06759,0.05870
0.02578,0.83480,0.00608,0.03968,0.04406,0.00711,0.04250
0.16714,0.00558,0.22258,0.10577,0.15194,0.16489,0.18210
0.01913,0.01814,0.17965,0.03960,0.03506,0.41906,0.28936
0.00635,0.02907,0.00752,0.42553,0.43040,0.04659,0.05453
0.11156,0.09322,0.02603,0.19226,0.17406,0.20380,0.19906
0.02524,0.02579,0.08636,0.28944,0.29863,0.14845,0.12609
0.15643,0.42487,0.03081,0.05575,0.04807,0.11327,0.17080
0.00281,0.00424,0.33527,0.02214,0.03354,0.46555,0.13645
0.00696,0.02559,0.00939,0.01636,0.04235,0.42850,0.47085
0.02883,0.00860,0.06808,0.33351,0.36665,0.08918,0.10516
0.23127,0.00647,0.13051,0.09016,0.08955,0.16261,0.28943
0.02340,0.16346,0.02397,0.19293,0.21666,0.15923,0.22034
0.01500,0.02147,0.01512,0.44410,0.44849,0.01416,0.04166
0.47788,0.47186,0.00352,0.01683,0.00964,0.01031,0.00996
0.01457,0.01146,0.01946,0.26515,0.26004,0.20174,0.22759
0.32318,0.05078,0.33380,0.01425,0.00866,0.13344,0.13588
0.02003,0.01529,0.01078,0.46795,0.46775,0.00429,0.01392
0.00620,0.01177,0.05093,0.21114,0.20861,0.25296,0.25840
0.00662,0.01980,0.01498,0.43074,0.50035,0.01197,0.01555
0.00412,0.00335,0.00442,0.48832,0.48605,0.00497,0.00876
0.02156,0.19173,0.02727,0.04102,0.03688,0.32447,0.35707
0.00853,0.00884,0.08541,0.17118,0.14915,0.30116,0.27573
0.19329,0.00823,0.18832,0.29470,0.27923,0.01957,0.01665
0.01036,0.01517,0.01134,0.03195,0.01407,0.43677,0.48033
0.04386,0.84468,0.00495,0.01611,0.02086,0.01091,0.05863
0.89046,0.00656,0.02971,0.02542,0.02794,0.00958,0.01033
0.01502,0.81086,0.06395,0.02383,0.02100,0.05041,0.01494
0.00560,0.01357,0.02172,0.00869,0.00610,0.45628,0.48804
0.00838,0.01624,0.21544,0.01498,0.02333,0.45246,0.26917
0.01972,0.18786,0.32077,0.01541,0.01865,0.37085,0.06674
0.02628,0.94135,0.00763,0.00433,0.00413,0.00775,0.00853
0.02486,0.00694,0.02078,0.25106,0.24925,0.21305,0.23407
0.02978,0.02592,0.00974,0.39251,0.46148,0.01333,0.06723
0.01834,0.06700,0.12194,0.14514,0.12448,0.28809,0.23501
0.18858,0.24835,0.01394,0.16720,0.14889,0.13693,0.09610
0.00581,0.00920,0.02279,0.45807,0.48537,0.01142,0.00734
0.45963,0.00325,0.01112,0.02473,0.03269,0.01858,0.45001
0.00281,0.06070,0.13180,0.04555,0.02996,0.39741,0.33177
0.01165,0.75971,0.01799,0.02804,0.03112,0.06610,0.08541
0.22416,0.01186,0.28312,0.19032,0.19500,0.04941,0.04613
0.02151,0.02443,0.38341,0.01720,0.01264,0.44686,0.09395
0.02216,0.00540,0.27780,0.18387,0.20512,0.29055,0.01511
0.32910,0.30704,0.06402,0.08993,0.08231,0.07352,0.05407
0.00807,0.03253,0.04005,0.02969,0.02639,0.41087,0.45241
0.00862,0.00732,0.01896,0.16798,0.17322,0.28920,0.33471
0.01175,0.01221,0.03247,0.10202,0.11718,0.34269,0.38167
0.02466,0.47400,0.09746,0.02507,0.03307,0.17335,0.17238
0.05361,0.03299,0.04851,0.03530,0.09236,0.32859,0.40864
0.04604,0.00809,0.01271,0.36377,0.37189,0.09367,0.10383
0.02096,0.45585,0.02583,0.06623,0.06810,0.17044,0.19260
0.00473,0.04007,0.01993,0.35402,0.36587,0.09840,0.11698
0.02575,0.00479,0.42966,0.03199,0.02142,0.44910,0.03728
0.00401,0.00606,0.00646,0.15632,0.15757,0.32125,0.34833
0.00803,0.13604,0.00671,0.41204,0.39594,0.02167,0.01957
0.02434,0.03793,0.04744,0.00355,0.00335,0.42617,0.45722
0.00605,0.01103,0.01376,0.28120,0.31499,0.17278,0.20018
0.00749,0.00346,0.04940,0.06029,0.02661,0.41254,0.44022
0.03189,0.01318,0.01006,0.03100,0.04900,0.39837,0.46651
0.13452,0.25866,0.09543,0.01385,0.01533,0.22632,0.25589
0.01088,0.03021,0.10037,0.32984,0.31919,0.14527,0.06424
0.00839,0.00532,0.01133,0.18588,0.15788,0.29680,0.33441
0.01616,0.01016,0.33737,0.06169,0.05755,0.40869,0.10839
0.02626,0.04060,0.01540,0.35727,0.36789,0.08820,0.10440
0.01323,0.35315,0.23482,0.02803,0.03042,0.26693,0.07344
0.00679,0.77696,0.00464,0.09137,0.07793,0.01882,0.02349
0.45583,0.47033,0.00754,0.02218,0.02608,0.00961,0.00842
0.41519,0.00582,0.42058,0.01015,0.01068,0.06736,0.07023
0.04654,0.01126,0.20882,0.18177,0.19453,0.27470,0.08238
0.00518,0.18485,0.05348,0.02579,0.02315,0.28919,0.41835
0.01565,0.04962,0.01524,0.36999,0.42064,0.05483,0.07403
0.01661,0.02649,0.00989,0.16622,0.19576,0.26716,0.31788
0.00851,0.00547,0.03255,0.00449,0.00895,0.45350,0.48653
0.02684,0.42463,0.01040,0.19168,0.21559,0.06193,0.06894
0.00740,0.02257,0.00586,0.47977,0.46216,0.00782,0.01442
0.01898,0.01001,0.00600,0.08350,0.07725,0.38103,0.42323
0.00407,0.00654,0.16931,0.31134,0.33265,0.16536,0.01072
0.00730,0.00497,0.45717,0.01098,0.02894,0.47286,0.01778
0.00646,0.00965,0.04404,0.00972,0.00821,0.44119,0.48074
0.04608,0.01421,0.02461,0.36417,0.36115,0.08961,0.10017
0.04736,0.03482,0.04780,0.37446,0.43554,0.02649,0.03354
0.00857,0.89684,0.01016,0.01856,0.00930,0.02612,0.03045
0.16673,0.01134,0.17984,0.22648,0.23330,0.09147,0.09085
0.01507,0.02370,0.07230,0.03509,0.03257,0.39664,0.42462
0.00643,0.00863,0.03569,0.37390,0.38013,0.10188,0.09334
0.46876,0.47541,0.00349,0.01221,0.01286,0.01472,0.01255
0.00799,0.01462,0.43486,0.02461,0.04173,0.45809,0.01810
0.07392,0.19192,0.00969,0.02643,0.03822,0.29961,0.36021
0.00758,0.01383,0.13762,0.34585,0.33476,0.14927,0.01109
0.00777,0.11651,0.00656,0.37921,0.40691,0.03264,0.05040
0.09328,0.49993,0.05260,0.02375,0.01941,0.12893,0.18211
0.42566,0.05683,0.44328,0.02898,0.01345,0.01466,0.01714
0.00576,0.00983,0.02877,0.43362,0.49409,0.01614,0.01178
0.00381,0.00761,0.11882,0.01291,0.00953,0.45316,0.39416
0.01168,0.01788,0.01443,0.36747,0.42740,0.04742,0.11372
0.01373,0.01056,0.14015,0.22931,0.25179,0.23027,0.12420
0.05076,0.12074,0.00790,0.33886,0.36458,0.00938,0.10778
0.02603,0.01319,0.01386,0.25968,0.26865,0.18233,0.23626
0.00471,0.01869,0.04956,0.36355,0.39394,0.08627,0.08329
0.01244,0.07427,0.00461,0.17795,0.21416,0.22172,0.29485
0.19072,0.33038,0.24037,0.06287,0.05784,0.06767,0.05016
0.00963,0.01556,0.03247,0.14677,0.15971,0.29485,0.34101
0.01864,0.01824,0.01323,0.23163,0.23774,0.21932,0.26121
0.01752,0.02039,0.00981,0.03698,0.05230,0.34593,0.51708
0.07794,0.03139,0.01561,0.41500,0.40883,0.02622,0.02501
0.00849,0.00623,0.02036,0.06323,0.06425,0.38000,0.45745
0.01070,0.06515,0.01043,0.33003,0.33579,0.11446,0.13344
0.01228,0.01370,0.32606,0.03958,0.02628,0.44547,0.13663
0.00937,0.00945,0.01237,0.05713,0.04740,0.40897,0.45530
0.14329,0.15658,0.00974,0.27996,0.32291,0.03624,0.05129
0.24503,0.28155,0.26537,0.09752,0.07859,0.01939,0.01255
0.00772,0.00749,0.09379,0.02316,0.01743,0.43459,0.41582
0.00834,0.07636,0.06344,0.09697,0.09963,0.31969,0.33558
0.01066,0.01128,0.14034,0.33587,0.32450,0.15443,0.02292
0.01189,0.00740,0.00801,0.38676,0.39963,0.09033,0.09598
0.00855,0.01253,0.32117,0.17317,0.16556,0.30837,0.01065
0.00403,0.74674,0.04492,0.08272,0.07785,0.03698,0.00677
0.15493,0.00373,0.16393,0.32633,0.33184,0.00950,0.00974
0.01984,0.02276,0.15018,0.20127,0.23543,0.25234,0.11818
0.02146,0.00309,0.01713,0.42351,0.42279,0.04695,0.06505
0.00413,0.01516,0.18038,0.08910,0.12339,0.37020,0.21764
0.01231,0.10172,0.01088,0.18586,0.20459,0.21898,0.26566
0.02509,0.01299,0.04469,0.19750,0.20206,0.24364,0.27403
0.00701,0.00388,0.01104,0.09218,0.07952,0.38261,0.42377
0.01734,0.90168,0.00721,0.01978,0.01872,0.01848,0.01678
0.00274,0.00443,0.07426,0.21350,0.20308,0.25491,0.24709
0.00408,0.07338,0.01032,0.37079,0.40276,0.06503,0.07364
0.02924,0.03982,0.19419,0.21943,0.21643,0.22599,0.07490
0.02017,0.01836,0.02333,0.32490,0.31956,0.13230,0.16138
0.01352,0.00867,0.06141,0.35412,0.36695,0.09791,0.09742
0.02088,0.03945,0.05885,0.28905,0.32964,0.13678,0.12535
0.00648,0.01886,0.01540,0.35485,0.35609,0.10245,0.14587
0.03583,0.11590,0.00999,0.03753,0.02616,0.35191,0.42269
0.24619,0.00883,0.01207,0.16129,0.21340,0.06094,0.29729
0.02533,0.57814,0.02253,0.16543,0.18104,0.01571,0.01182
0.02385,0.02496,0.02161,0.39558,0.44234,0.03730,0.05437
0.00471,0.03262,0.00946,0.32139,0.33341,0.14242,0.15598
0.21825,0.02981,0.27110,0.05729,0.07630,0.16395,0.18330
0.01067,0.01821,0.06270,0.16880,0.20086,0.25828,0.28048
0.40351,0.01693,0.41016,0.03980,0.04617,0.04253,0.04089
0.05255,0.12493,0.05043,0.32327,0.36690,0.01728,0.06464
0.00779,0.01069,0.01078,0.05187,0.07395,0.40330,0.44161
0.00681,0.01517,0.06907,0.01091,0.03164,0.42001,0.44639
0.10964,0.02137,0.13410,0.34043,0.32922,0.03624,0.02900
0.00548,0.00642,0.07327,0.32105,0.31796,0.14759,0.12823
0.03027,0.04553,0.05049,0.04324,0.05046,0.34544,0.43457
0.08960,0.68850,0.04417,0.01668,0.01130,0.03082,0.11893
0.04538,0.01020,0.03367,0.37887,0.42816,0.04768,0.05603
0.09861,0.03863,0.09859,0.35985,0.35907,0.02336,0.02190
0.06989,0.01895,0.02022,0.00656,0.01006,0.38352,0.49080
0.04270,0.01210,0.03868,0.38830,0.40480,0.05874,0.05468
0.11173,0.45563,0.01179,0.04033,0.04463,0.12503,0.21086
0.12069,0.36293,0.12633,0.12031,0.10770,0.08088,0.08116
0.44826,0.01476,0.47222,0.01047,0.01176,0.02350,0.01902
0.01906,0.08473,0.02627,0.39706,0.43634,0.02145,0.01508
0.00816,0.12725,0.30812,0.05902,0.04745,0.37540,0.07459
0.00792,0.00724,0.00454,0.41851,0.41976,0.06294,0.07910
0.00399,0.00555,0.00657,0.46181,0.50957,0.00553,0.00699
0.00975,0.03591,0.01658,0.02308,0.03577,0.41703,0.46189
0.02441,0.12169,0.03500,0.02657,0.03175,0.34518,0.41540
0.01555,0.12993,0.26451,0.13550,0.13944,0.27819,0.03687
0.00431,0.33057,0.07470,0.22689,0.22335,0.07897,0.06121
0.05493,0.00681,0.00530,0.42932,0.43559,0.01339,0.05465
0.01460,0.00817,0.01047,0.29810,0.30731,0.16575,0.19561
0.00247,0.00409,0.01104,0.47448,0.48668,0.01323,0.00802
0.26112,0.02436,0.01009,0.15195,0.18191,0.04942,0.32115
0.01790,0.01655,0.04892,0.33436,0.37433,0.09981,0.10813
0.02743,0.08335,0.02448,0.18976,0.20103,0.20759,0.26635
0.01161,0.01595,0.05567,0.29387,0.33068,0.14462,0.14760
0.05279,0.01667,0.08862,0.10103,0.09763,0.31438,0.32888
0.00446,0.37072,0.00432,0.17541,0.17985,0.12209,0.14316
0.00649,0.37055,0.00512,0.21940,0.21136,0.09102,0.09606
0.00538,0.01762,0.01122,0.47697,0.46582,0.01095,0.01204
0.00480,0.00699,0.01429,0.02234,0.02252,0.40123,0.52783
0.00295,0.00757,0.00397,0.00620,0.01178,0.47200,0.49554
0.06644,0.21204,0.05425,0.02754,0.03005,0.28567,0.32400
0.34171,0.01180,0.38792,0.03312,0.02194,0.09741,0.10609
0.05658,0.20187,0.02976,0.02070,0.02853,0.28985,0.37271
0.34840,0.02033,0.00506,0.13373,0.14602,0.00707,0.33940
0.34899,0.36016,0.01834,0.12116,0.12031,0.01505,0.01598
0.00331,0.00762,0.00245,0.01485,0.04476,0.44403,0.48298
0.42306,0.44303,0.01228,0.00711,0.00581,0.05430,0.05441
0.03562,0.01476,0.05031,0.22143,0.21443,0.19774,0.26571
0.00848,0.01449,0.01660,0.28041,0.28864,0.19000,0.20138
0.00545,0.00758,0.10237,0.02267,0.01384,0.44140,0.40669
0.00807,0.06762,0.01067,0.02995,0.02553,0.40925,0.44893
0.10232,0.00561,0.00923,0.36867,0.36700,0.04050,0.10666
0.00968,0.45885,0.00678,0.25451,0.23607,0.01484,0.01927
0.41343,0.02091,0.43573,0.01793,0.02405,0.04462,0.04333
0.01651,0.11571,0.01037,0.16419,0.18455,0.22852,0.28015
0.01140,0.01906,0.00864,0.46185,0.45573,0.02162,0.02171
0.01005,0.01326,0.00485,0.34378,0.36614,0.12138,0.14054
0.00715,0.66235,0.00930,0.02953,0.03229,0.11623,0.14315
0.18110,0.02327,0.19096,0.25198,0.28168,0.02685,0.04414
0.37579,0.39351,0.00887,0.00797,0.00706,0.09612,0.11068
0.00935,0.05086,0.00566,0.07607,0.06387,0.36508,0.42911
0.00375,0.02315,0.36023,0.02680,0.03810,0.45414,0.09382
0.00923,0.02979,0.01224,0.14158,0.12247,0.32454,0.36015
0.02100,0.00687,0.24978,0.20642,0.20666,0.26050,0.04878
0.00949,0.03900,0.02524,0.18668,0.17808,0.26326,0.29825
0.01149,0.01557,0.02484,0.42090,0.41294,0.04446,0.06982
0.01630,0.01419,0.01575,0.19768,0.19787,0.25502,0.30320
0.01598,0.01750,0.00790,0.45943,0.44782,0.02424,0.02713
0.27580,0.02620,0.01953,0.02657,0.02058,0.17997,0.45135
0.17073,0.19021,0.04179,0.12431,0.12685,0.16233,0.18378
0.00383,0.00446,0.13235,0.33297,0.37753,0.13107,0.01781
0.05022,0.00797,0.01820,0.16608,0.17723,0.24180,0.33852
0.01143,0.01212,0.44165,0.00908,0.01125,0.47149,0.04298
0.14889,0.14508,0.05156,0.26342,0.26873,0.06551,0.05682
0.01715,0.02500,0.38641,0.03160,0.04237,0.43285,0.06461
0.15935,0.13063,0.01653,0.05764,0.06681,0.26717,0.30187
0.01821,0.01484,0.01399,0.02689,0.06579,0.40906,0.45122
0.15832,0.25464,0.01412,0.27132,0.25666,0.03296,0.01197
0.08348,0.14455,0.12655,0.27424,0.25664,0.08532,0.02922
0.01956,0.28104,0.02071,0.02496,0.04119,0.29049,0.32205
0.01063,0.72618,0.01262,0.07416,0.07185,0.04912,0.05545
0.06260,0.00465,0.02028,0.36650,0.40878,0.03171,0.10548
0.02481,0.37847,0.01625,0.09445,0.09071,0.02673,0.36859
0.63421,0.15638,0.01798,0.05726,0.08098,0.01920,0.03399
0.30750,0.03484,0.00922,0.01160,0.01351,0.14693,0.47638
0.00782,0.93311,0.00813,0.02202,0.01372,0.00850,0.00670
0.24628,0.00867,0.00672,0.22306,0.24143,0.01457,0.25926
0.05961,0.06350,0.02209,0.09849,0.07300,0.31991,0.36340
0.05075,0.00820,0.01317,0.01073,0.01858,0.42380,0.47478
0.00578,0.09926,0.18807,0.14520,0.14374,0.28634,0.13160
0.00435,0.20602,0.00959,0.35970,0.38971,0.01521,0.01541
0.00855,0.04645,0.10846,0.07929,0.07476,0.26513,0.41736
0.42833,0.44443,0.03325,0.00877,0.00780,0.04657,0.03085
0.00108,0.37255,0.00257,0.01107,0.01328,0.10883,0.49061
0.01118,0.00722,0.44138,0.04196,0.04016,0.45170,0.00640
0.28441,0.00768,0.31290,0.16231,0.18240,0.02614,0.02416
0.41595,0.42362,0.00741,0.01768,0.01482,0.05426,0.06627
0.00790,0.01586,0.01005,0.33606,0.33457,0.13641,0.15915
0.02440,0.23984,0.01707,0.32034,0.35331,0.01426,0.03078
0.14048,0.15147,0.02699,0.03076,0.02874,0.29458,0.32698
0.00785,0.01080,0.05823,0.02711,0.02225,0.42194,0.45183
0.02479,0.01155,0.05661,0.01657,0.02390,0.41210,0.45448
0.01597,0.78064,0.01601,0.01370,0.01542,0.06935,0.08890
0.41910,0.46540,0.02068,0.02725,0.03464,0.02103,0.01188
0.01356,0.49551,0.02589,0.10554,0.11785,0.10654,0.13512
0.12195,0.00948,0.05761,0.26835,0.29211,0.07761,0.17290
0.11744,0.16819,0.14415,0.13262,0.14581,0.14939,0.14239
0.05832,0.28445,0.07450,0.02403,0.03380,0.24790,0.27701
0.00847,0.39644,0.01924,0.13554,0.11907,0.15231,0.16893
0.00770,0.01043,0.29917,0.18662,0.16404,0.31804,0.01401
0.00844,0.03058,0.01045,0.45719,0.46357,0.01433,0.01546
0.03175,0.01581,0.02022,0.38247,0.40997,0.05433,0.08545
0.01492,0.00802,0.22062,0.22128,0.20890,0.25331,0.07296
0.05389,0.02139,0.04440,0.20582,0.20018,0.21930,0.25502
0.01499,0.51314,0.01701,0.04497,0.06554,0.14721,0.19714
0.01402,0.80075,0.04738,0.05036,0.04556,0.03232,0.00960
0.00975,0.00384,0.29052,0.05239,0.06454,0.41833,0.16064
0.00477,0.00425,0.03704,0.03100,0.01621,0.43688,0.46986
0.00615,0.01013,0.04850,0.07588,0.05040,0.40924,0.39971
0.00885,0.00948,0.02791,0.42226,0.48203,0.02411,0.02536
0.35776,0.01275,0.00832,0.29222,0.30573,0.01192,0.01129
0.34117,0.00563,0.35235,0.09490,0.10842,0.04893,0.04860
0.00749,0.02052,0.10979,0.01640,0.01857,0.42595,0.40128
0.02339,0.01151,0.02468,0.37060,0.39309,0.07995,0.09678
0.00924,0.00819,0.03545,0.13855,0.14945,0.30462,0.35450
0.46618,0.00335,0.48130,0.00751,0.00790,0.02080,0.01296
0.02020,0.02597,0.29541,0.13784,0.12218,0.34098,0.05742
0.01365,0.05490,0.10783,0.29434,0.30819,0.13882,0.08227
0.01023,0.01379,0.04321,0.28909,0.30675,0.16072,0.17621
0.00365,0.88580,0.00456,0.02621,0.04868,0.01746,0.01363
0.00791,0.00931,0.10615,0.34841,0.37315,0.12785,0.02722
0.05124,0.00453,0.04611,0.16669,0.14282,0.27324,0.31536
0.17889,0.10330,0.19496,0.21946,0.24011,0.02207,0.04120
0.00788,0.06654,0.01149,0.02350,0.03043,0.40591,0.45426
0.00288,0.01459,0.02431,0.23772,0.22493,0.23409,0.26149
0.00991,0.02129,0.06221,0.41027,0.40769,0.05231,0.03632
0.02530,0.04936,0.05457,0.18105,0.18354,0.23885,0.26733
0.00458,0.00620,0.00418,0.04607,0.07939,0.41057,0.44901
0.03078,0.59103,0.15649,0.03408,0.02242,0.14684,0.01837
0.01081,0.00653,0.00997,0.37183,0.40281,0.09765,0.10040
0.01083,0.00446,0.01231,0.03468,0.02541,0.43722,0.47509
0.29826,0.29078,0.03603,0.00450,0.00646,0.19109,0.17288
0.00575,0.01197,0.19404,0.24390,0.24805,0.23926,0.05703
0.04183,0.12621,0.06105,0.31519,0.31161,0.07179,0.07233
0.02132,0.75224,0.00664,0.03886,0.03216,0.04869,0.10008
0.01661,0.00641,0.08884,0.19691,0.22746,0.23461,0.22915
0.03958,0.03362,0.05918,0.07463,0.06487,0.34535,0.38277
0.03388,0.02925,0.01333,0.43136,0.43052,0.03023,0.03144
0.14161,0.00993,0.03289,0.28553,0.26995,0.07011,0.18998
0.10349,0.06933,0.12442,0.12109,0.10433,0.23219,0.24514
0.00128,0.00700,0.03662,0.00658,0.00596,0.45485,0.48770
0.00754,0.15766,0.01398,0.05031,0.04709,0.33635,0.38707
0.08995,0.03136,0.02244,0.35143,0.37821,0.02612,0.10048
0.01868,0.02885,0.00718,0.36748,0.35191,0.10128,0.12462
0.00291,0.83862,0.01999,0.01877,0.01647,0.04803,0.05522
0.09255,0.19395,0.03079,0.19582,0.22946,0.08380,0.17362
0.19385,0.05315,0.23221,0.01630,0.02335,0.27071,0.21044
0.39658,0.07434,0.41521,0.04588,0.04387,0.01314,0.01097
0.44552,0.02099,0.45873,0.02218,0.02292,0.01460,0.01506
0.00550,0.03807,0.00372,0.44431,0.44331,0.02380,0.04128
