0.11044,0.14008,0.24301,0.26919,0.08964,0.05209,0.01161,0.05592,0.01416,0.01387
0.12404,0.13358,0.15805,0.17600,0.08398,0.12705,0.01670,0.14063,0.01979,0.02017
0.17264,0.18970,0.15751,0.19526,0.09944,0.05964,0.01487,0.06758,0.02244,0.02093
0.11576,0.14971,0.24715,0.28085,0.07867,0.04772,0.00998,0.04735,0.01188,0.01092
0.11568,0.14442,0.24941,0.28845,0.08135,0.04265,0.00878,0.04695,0.01152,0.01080
0.16784,0.19979,0.19311,0.22208,0.08812,0.04694,0.01074,0.04849,0.01200,0.01088
0.14175,0.17648,0.22351,0.23963,0.09518,0.04110,0.01285,0.04421,0.01262,0.01266
0.11700,0.13514,0.20370,0.25043,0.07928,0.08606,0.01072,0.08856,0.01552,0.01361
0.13755,0.15965,0.22327,0.26524,0.08352,0.04963,0.01041,0.04772,0.01202,0.01098
0.11503,0.14063,0.23742,0.24033,0.07896,0.07047,0.01154,0.07570,0.01671,0.01318
0.10443,0.12649,0.17749,0.18811,0.07390,0.14540,0.01295,0.14592,0.01187,0.01345
0.12623,0.15561,0.21295,0.28281,0.09006,0.04669,0.01114,0.04865,0.01354,0.01231
0.15336,0.19261,0.21181,0.25092,0.07909,0.04025,0.00860,0.04131,0.01105,0.01101
0.11824,0.16088,0.21826,0.23914,0.10380,0.05532,0.01262,0.06062,0.01548,0.01565
0.10454,0.14279,0.25687,0.30850,0.07515,0.03889,0.00979,0.03977,0.01302,0.01069
0.10360,0.13365,0.26278,0.27031,0.06730,0.07016,0.00851,0.06162,0.01191,0.01016
0.13959,0.15819,0.20380,0.24258,0.08196,0.06803,0.00966,0.07096,0.01305,0.01219
0.11655,0.14764,0.27652,0.22981,0.08999,0.04655,0.01319,0.04669,0.01779,0.01529
0.10910,0.15511,0.20498,0.23645,0.08138,0.07937,0.01225,0.09229,0.01558,0.01349
0.14271,0.15897,0.17731,0.22570,0.09440,0.06974,0.01698,0.07127,0.02187,0.02105
0.12141,0.16392,0.21870,0.22395,0.10062,0.05939,0.01566,0.05958,0.01928,0.01750
0.11512,0.14622,0.21942,0.27084,0.08865,0.05378,0.01310,0.06238,0.01580,0.01469
0.11273,0.15973,0.20521,0.23606,0.07883,0.08044,0.01024,0.09026,0.01378,0.01272
0.13927,0.15647,0.20211,0.22767,0.09657,0.06388,0.01445,0.06686,0.01707,0.01566
0.12512,0.17279,0.22095,0.24844,0.08951,0.05223,0.01126,0.05297,0.01421,0.01251
0.13899,0.16410,0.18487,0.24609,0.08355,0.06709,0.01075,0.07554,0.01569,0.01334
0.11810,0.17815,0.20344,0.23980,0.06998,0.07376,0.01007,0.08391,0.01157,0.01123
0.16166,0.19094,0.14770,0.19995,0.08533,0.08136,0.01200,0.09144,0.01499,0.01462
0.11049,0.14757,0.21567,0.21918,0.10489,0.06566,0.02174,0.06862,0.02455,0.02164
0.13897,0.21069,0.18942,0.21753,0.08954,0.05800,0.01268,0.05543,0.01472,0.01302
0.10266,0.13148,0.19560,0.25329,0.07146,0.09332,0.01044,0.11790,0.01207,0.01178
0.11096,0.12966,0.21628,0.20378,0.08361,0.10136,0.01347,0.10311,0.01989,0.01788
0.14412,0.16242,0.22570,0.26800,0.08654,0.03729,0.01000,0.04121,0.01274,0.01199
0.09998,0.13310,0.27646,0.26677,0.08492,0.04478,0.01299,0.04895,0.01688,0.01517
0.10263,0.14284,0.26202,0.26756,0.08936,0.05077,0.01012,0.05089,0.01261,0.01120
0.12360,0.14593,0.20696,0.22049,0.10208,0.06631,0.01884,0.07024,0.02319,0.02235
0.16479,0.15729,0.18170,0.21561,0.10499,0.05845,0.01690,0.06207,0.01942,0.01877
0.12089,0.16076,0.22911,0.24251,0.08694,0.05958,0.01166,0.06137,0.01401,0.01315
0.11128,0.15215,0.22520,0.33912,0.06159,0.04116,0.00753,0.04516,0.00866,0.00814
0.11572,0.15600,0.24126,0.26919,0.08570,0.04784,0.01146,0.04968,0.01204,0.01111
0.11775,0.15432,0.23567,0.26614,0.08455,0.05335,0.01197,0.04950,0.01294,0.01381
0.10378,0.14418,0.25121,0.29647,0.08053,0.04424,0.01063,0.04433,0.01267,0.01196
0.13208,0.16311,0.21894,0.29731,0.07647,0.03944,0.00920,0.04265,0.01041,0.01038
0.11346,0.16320,0.22581,0.28959,0.07551,0.05082,0.00818,0.05418,0.00956,0.00969
0.11691,0.12005,0.21780,0.22321,0.08239,0.08805,0.01360,0.10556,0.01661,0.01582
0.17887,0.17267,0.21638,0.19605,0.08541,0.05362,0.01124,0.05916,0.01406,0.01253
0.12400,0.16721,0.21756,0.23878,0.09702,0.05248,0.01681,0.05460,0.01619,0.01535
0.11983,0.15418,0.21918,0.23202,0.08037,0.07461,0.01052,0.08173,0.01585,0.01170
0.10274,0.14965,0.23143,0.27298,0.08665,0.05939,0.01056,0.05898,0.01390,0.01372
0.13322,0.19219,0.20740,0.24152,0.07796,0.05514,0.01002,0.05840,0.01254,0.01162
0.14497,0.13451,0.16896,0.18592,0.07377,0.11036,0.01513,0.12821,0.02174,0.01644
0.11410,0.15128,0.19664,0.21418,0.08899,0.08491,0.01523,0.09835,0.01836,0.01797
0.14263,0.17030,0.24786,0.22836,0.08181,0.04669,0.00873,0.05118,0.01178,0.01066
0.10451,0.13283,0.20327,0.23144,0.07535,0.10095,0.01069,0.11603,0.01332,0.01161
0.11476,0.16001,0.19996,0.24920,0.08817,0.07127,0.01023,0.08049,0.01275,0.01317
0.11683,0.16429,0.21333,0.25352,0.08671,0.06257,0.01254,0.06094,0.01534,0.01394
0.11472,0.15346,0.22097,0.31514,0.07111,0.04764,0.00862,0.04872,0.00970,0.00992
0.12742,0.16575,0.21416,0.27820,0.09730,0.03943,0.01160,0.03889,0.01392,0.01333
0.10922,0.13887,0.23867,0.32740,0.08177,0.03880,0.00868,0.03566,0.01038,0.01056
0.11027,0.14841,0.26653,0.28280,0.07994,0.04282,0.00912,0.04023,0.01025,0.00963
0.12368,0.18616,0.19749,0.22683,0.09965,0.05698,0.01454,0.05511,0.02079,0.01877
0.13596,0.22491,0.17052,0.20839,0.09190,0.06089,0.01364,0.06447,0.01479,0.01453
0.12785,0.15301,0.19988,0.25047,0.08772,0.06664,0.01270,0.07516,0.01376,0.01280
0.09289,0.15752,0.25444,0.30462,0.09171,0.03359,0.01017,0.03201,0.01297,0.01007
0.13691,0.19116,0.19430,0.24272,0.08758,0.05212,0.01301,0.05441,0.01478,0.01301
0.12526,0.15743,0.21894,0.26092,0.09583,0.05065,0.01058,0.05483,0.01196,0.01360
0.13111,0.15115,0.21167,0.27937,0.07863,0.05697,0.00949,0.05666,0.01270,0.01224
0.13057,0.15127,0.21499,0.28283,0.07486,0.05361,0.01039,0.05781,0.01165,0.01203
0.12904,0.17493,0.20699,0.25793,0.08540,0.05376,0.00989,0.05732,0.01252,0.01222
0.14555,0.17018,0.19506,0.23546,0.09187,0.06085,0.01135,0.05986,0.01717,0.01264
0.12600,0.18314,0.21874,0.29399,0.07441,0.03572,0.00964,0.03655,0.01085,0.01095
0.13255,0.14654,0.17418,0.20727,0.09133,0.08650,0.01247,0.11581,0.01674,0.01662
0.10655,0.16058,0.21720,0.23492,0.07539,0.08514,0.00882,0.08975,0.01123,0.01041
0.10043,0.14983,0.20304,0.31018,0.07792,0.05892,0.01039,0.06162,0.01534,0.01233
0.11897,0.14067,0.24358,0.28239,0.08292,0.04844,0.01055,0.04770,0.01253,0.01224
0.12850,0.16985,0.19123,0.22824,0.09424,0.06685,0.01586,0.07155,0.01698,0.01669
0.12040,0.15409,0.19735,0.24297,0.07290,0.08904,0.00960,0.09047,0.01128,0.01189
0.11714,0.16100,0.21966,0.28386,0.07793,0.05102,0.00991,0.05329,0.01375,0.01243
0.10670,0.14091,0.18697,0.21682,0.09014,0.10149,0.01460,0.10724,0.01817,0.01696
0.13831,0.16196,0.23226,0.23632,0.08525,0.05647,0.00929,0.05609,0.01220,0.01187
0.14102,0.19124,0.17619,0.21651,0.09532,0.06177,0.01736,0.06301,0.01908,0.01851
0.11557,0.14594,0.23624,0.24756,0.08753,0.06514,0.01102,0.06244,0.01463,0.01392
0.10936,0.13949,0.26509,0.29146,0.07216,0.04745,0.00886,0.04554,0.01111,0.00948
0.12813,0.16781,0.23451,0.26537,0.08310,0.04148,0.01081,0.04411,0.01232,0.01234
0.12687,0.14997,0.20929,0.27442,0.07559,0.06164,0.01083,0.06648,0.01334,0.01156
0.12909,0.16741,0.20570,0.24178,0.08972,0.06255,0.01200,0.06266,0.01350,0.01559
0.11727,0.14784,0.19557,0.22710,0.09356,0.08694,0.01344,0.08514,0.01712,0.01603
0.13823,0.17027,0.20075,0.23998,0.08938,0.05562,0.01460,0.06148,0.01571,0.01398
0.11585,0.16051,0.24585,0.27344,0.07806,0.04168,0.01068,0.04554,0.01452,0.01387
0.10058,0.14077,0.24878,0.31083,0.07956,0.04339,0.00897,0.04665,0.01077,0.00970
0.12485,0.17060,0.19977,0.22806,0.09095,0.07243,0.01040,0.07614,0.01418,0.01263
0.12796,0.15578,0.21158,0.24917,0.07619,0.06575,0.01109,0.07591,0.01393,0.01264
0.12900,0.17537,0.23250,0.22788,0.08613,0.05535,0.01056,0.05838,0.01360,0.01123
0.10251,0.13976,0.20349,0.23525,0.08134,0.09494,0.01147,0.10376,0.01505,0.01244
0.11410,0.15893,0.20996,0.30308,0.08438,0.04581,0.00883,0.05181,0.01227,0.01083
0.12099,0.16278,0.22600,0.27584,0.07970,0.04889,0.01028,0.05133,0.01262,0.01157
0.11244,0.14927,0.24917,0.29297,0.07786,0.04492,0.00930,0.04333,0.01063,0.01010
0.11245,0.15448,0.17253,0.21044,0.08280,0.11308,0.01217,0.11460,0.01377,0.01368
0.09096,0.10205,0.32912,0.24205,0.08498,0.05260,0.01146,0.05821,0.01537,0.01320
0.11206,0.14024,0.18622,0.23776,0.06851,0.10347,0.01046,0.11557,0.01322,0.01250
