0.11502,0.13641,0.26348,0.26228,0.11915,0.03321,0.01098,0.03329,0.01269,0.01349
0.12306,0.14282,0.17781,0.20289,0.10249,0.08769,0.02208,0.09178,0.02451,0.02487
0.11475,0.13648,0.23020,0.23518,0.10707,0.06348,0.01441,0.06494,0.01784,0.01564
0.14290,0.16943,0.17466,0.20413,0.09873,0.07366,0.01899,0.07784,0.01995,0.01971
0.11424,0.11219,0.17586,0.18683,0.08728,0.13295,0.01771,0.13178,0.02227,0.01889
0.13369,0.15189,0.16524,0.19061,0.09876,0.08529,0.02618,0.08847,0.03264,0.02723
0.14809,0.17193,0.18212,0.21555,0.10824,0.05282,0.02105,0.05579,0.02191,0.02249
0.12156,0.14369,0.17984,0.19190,0.09683,0.09718,0.02120,0.10300,0.02283,0.02198
0.13379,0.16486,0.21626,0.23518,0.11300,0.04416,0.01419,0.04518,0.01766,0.01572
0.13554,0.14415,0.16517,0.17480,0.09684,0.10092,0.02128,0.10952,0.02667,0.02510
0.15339,0.15969,0.19053,0.20701,0.10855,0.05845,0.01792,0.06051,0.02341,0.02053
0.15434,0.16022,0.18189,0.20922,0.10423,0.05783,0.02176,0.05953,0.02700,0.02398
0.13206,0.16507,0.20716,0.21863,0.11115,0.05778,0.01437,0.06002,0.01726,0.01651
0.12730,0.13598,0.21302,0.21814,0.10855,0.05341,0.02630,0.05522,0.03340,0.02868
0.12800,0.15682,0.20050,0.21426,0.10527,0.06549,0.01673,0.06925,0.02377,0.01990
0.14097,0.15033,0.17300,0.19529,0.09689,0.08137,0.02365,0.08401,0.02999,0.02450
0.12637,0.16962,0.19677,0.21869,0.11253,0.05994,0.01687,0.06213,0.01858,0.01850
0.12183,0.14489,0.21717,0.21486,0.10810,0.05687,0.01973,0.06431,0.03123,0.02102
0.12068,0.12761,0.15293,0.16400,0.08544,0.14154,0.01743,0.15031,0.02086,0.01920
0.14480,0.16616,0.21642,0.23329,0.11429,0.03947,0.01352,0.04009,0.01623,0.01573
0.13525,0.14656,0.17974,0.19887,0.09640,0.09128,0.01820,0.09285,0.02109,0.01976
0.13983,0.16471,0.19058,0.22034,0.10586,0.05708,0.01961,0.06175,0.01924,0.02100
0.12973,0.17241,0.21525,0.23814,0.11425,0.04329,0.01213,0.04543,0.01447,0.01490
0.14946,0.15812,0.16748,0.20431,0.10331,0.07479,0.02067,0.07649,0.02287,0.02250
0.16565,0.21204,0.15268,0.19762,0.11129,0.05246,0.01489,0.05438,0.02097,0.01801
0.10843,0.13615,0.21151,0.21858,0.10894,0.07645,0.01754,0.07780,0.02265,0.02195
0.13317,0.15683,0.19234,0.21397,0.11023,0.07029,0.01724,0.06961,0.01759,0.01872
0.13580,0.16481,0.20372,0.22123,0.11186,0.05407,0.01678,0.05473,0.01867,0.01832
0.12755,0.15902,0.21702,0.23029,0.11102,0.05463,0.01307,0.05623,0.01710,0.01407
0.13082,0.14638,0.17826,0.19808,0.10147,0.08511,0.02292,0.09065,0.02328,0.02303
0.12558,0.14651,0.18238,0.20045,0.09904,0.09006,0.01659,0.09526,0.02351,0.02063
0.13303,0.15718,0.18114,0.20110,0.10150,0.08681,0.01662,0.08433,0.01956,0.01873
0.13565,0.16678,0.20570,0.21631,0.11268,0.05738,0.01301,0.06162,0.01623,0.01464
0.10963,0.12432,0.17662,0.18646,0.09489,0.11363,0.02306,0.11369,0.02975,0.02794
0.14878,0.16475,0.19050,0.22707,0.10933,0.04729,0.01939,0.04959,0.02218,0.02112
0.14434,0.14872,0.16439,0.19192,0.09846,0.09132,0.02057,0.09496,0.02350,0.02183
0.13926,0.15245,0.20177,0.21739,0.11062,0.05478,0.01948,0.05516,0.02596,0.02314
0.13296,0.15740,0.20446,0.22215,0.11361,0.05348,0.02011,0.05356,0.02198,0.02030
0.14946,0.15594,0.17963,0.20468,0.10618,0.06462,0.02305,0.06733,0.02385,0.02526
0.13154,0.15855,0.19274,0.21172,0.10501,0.07504,0.01455,0.07852,0.01673,0.01560
0.11921,0.13937,0.18263,0.19095,0.09471,0.11028,0.01633,0.11274,0.01707,0.01671
0.12839,0.15052,0.17852,0.20892,0.09974,0.07879,0.02053,0.08532,0.02439,0.02488
0.12859,0.13966,0.17931,0.19850,0.09593,0.09787,0.01667,0.10233,0.02117,0.01996
0.14153,0.15172,0.19712,0.21686,0.10523,0.06135,0.01839,0.06488,0.02441,0.01851
0.13783,0.15718,0.15862,0.18967,0.09421,0.09738,0.01792,0.09963,0.02653,0.02103
0.13010,0.15125,0.16047,0.18208,0.09422,0.10638,0.02020,0.10983,0.02310,0.02237
0.14262,0.16827,0.19025,0.22282,0.10721,0.04694,0.02264,0.05122,0.02467,0.02337
0.14336,0.17131,0.15307,0.18460,0.09843,0.09422,0.01799,0.09645,0.02169,0.01888
0.13517,0.15165,0.20006,0.22055,0.10351,0.05212,0.02205,0.05771,0.03133,0.02586
0.14979,0.16195,0.16841,0.19949,0.10041,0.07206,0.02297,0.07486,0.02670,0.02336
0.13835,0.15639,0.19723,0.22173,0.10943,0.05771,0.01870,0.06068,0.01933,0.02046
0.14815,0.15909,0.18552,0.21206,0.10615,0.05432,0.02360,0.05608,0.02794,0.02710
0.14238,0.16186,0.19494,0.21570,0.10803,0.06130,0.01678,0.06165,0.01800,0.01936
0.11847,0.12973,0.14544,0.16697,0.08319,0.13821,0.02083,0.14652,0.02686,0.02378
0.13499,0.16399,0.20609,0.21998,0.11639,0.04645,0.01966,0.04856,0.02245,0.02145
0.14922,0.16908,0.20258,0.22753,0.10869,0.04623,0.01401,0.04831,0.01732,0.01702
0.15382,0.15786,0.18134,0.20208,0.10409,0.06997,0.01935,0.06776,0.02284,0.02089
0.14859,0.17060,0.15766,0.19153,0.09941,0.08135,0.01728,0.08584,0.02602,0.02172
0.13345,0.17397,0.20097,0.22896,0.11263,0.04576,0.01710,0.04824,0.01933,0.01961
0.13266,0.13598,0.16663,0.18792,0.09254,0.09663,0.02344,0.10410,0.03291,0.02721
0.12613,0.13852,0.18857,0.21520,0.09982,0.08250,0.01820,0.08406,0.02594,0.02106
0.14676,0.16485,0.18518,0.21074,0.10403,0.05740,0.02086,0.06047,0.02724,0.02248
0.11228,0.12107,0.19107,0.20454,0.09458,0.09926,0.02219,0.10241,0.02691,0.02567
0.12732,0.16347,0.21092,0.22588,0.10979,0.05976,0.01327,0.05988,0.01487,0.01483
0.14627,0.16755,0.19993,0.22140,0.11242,0.04745,0.01775,0.04946,0.01884,0.01892
0.11573,0.13590,0.16607,0.18539,0.08973,0.11241,0.02140,0.11597,0.03302,0.02438
0.16825,0.17704,0.15335,0.19663,0.10610,0.05861,0.02387,0.05980,0.02771,0.02865
0.14384,0.15845,0.17275,0.20018,0.10368,0.06621,0.02488,0.06876,0.03334,0.02791
0.15598,0.16437,0.19329,0.21833,0.10681,0.05344,0.01573,0.05543,0.01818,0.01843
0.11363,0.13491,0.21777,0.22504,0.10833,0.06794,0.02019,0.06923,0.02125,0.02170
0.13961,0.16008,0.20146,0.22034,0.11184,0.04925,0.02055,0.05322,0.02231,0.02134
0.14126,0.16081,0.19156,0.20514,0.10648,0.06544,0.01859,0.06831,0.02231,0.02010
0.13517,0.14604,0.18016,0.20384,0.09880,0.08930,0.01809,0.09093,0.01911,0.01857
0.13854,0.15478,0.18602,0.20600,0.10417,0.07206,0.01939,0.07204,0.02356,0.02344
0.14361,0.15089,0.16539,0.19583,0.10275,0.07479,0.02804,0.07867,0.02924,0.03081
0.11683,0.13511,0.15984,0.18155,0.08750,0.12802,0.01813,0.13285,0.02257,0.01761
0.12268,0.13403,0.16285,0.17811,0.08776,0.12759,0.01795,0.13011,0.02164,0.01728
0.13303,0.14448,0.17554,0.19348,0.09701,0.08382,0.02110,0.09350,0.03261,0.02543
0.10947,0.12788,0.22531,0.22218,0.10481,0.07797,0.01508,0.08046,0.01979,0.01706
0.12907,0.14441,0.16372,0.17783,0.09629,0.09865,0.02449,0.10262,0.03264,0.03028
0.13306,0.15729,0.17979,0.19818,0.10585,0.07909,0.01826,0.08578,0.02173,0.02097
0.13481,0.14475,0.18600,0.19908,0.10040,0.08046,0.02421,0.07991,0.02585,0.02453
0.12047,0.13519,0.17885,0.19346,0.09298,0.11116,0.01803,0.11328,0.01928,0.01730
0.14458,0.16147,0.19644,0.22867,0.10843,0.04778,0.01869,0.05138,0.02148,0.02107
0.14349,0.15197,0.18840,0.20794,0.10927,0.05386,0.02512,0.05916,0.03166,0.02914
0.13181,0.12995,0.21105,0.22745,0.09944,0.06995,0.01650,0.07366,0.02181,0.01837
0.12195,0.16042,0.22486,0.23329,0.12037,0.04341,0.01744,0.04310,0.01833,0.01683
0.13695,0.14873,0.20439,0.21979,0.10428,0.05870,0.02124,0.06121,0.02354,0.02115
0.16417,0.20319,0.16012,0.19491,0.11606,0.04537,0.02316,0.04613,0.02347,0.02341
0.15902,0.14790,0.16657,0.19925,0.09476,0.07413,0.02056,0.08033,0.03178,0.02569
0.12718,0.15265,0.22153,0.23151,0.10817,0.05870,0.01337,0.05837,0.01503,0.01347
0.13575,0.16844,0.20348,0.22306,0.11216,0.05053,0.01727,0.05066,0.02081,0.01785
0.14355,0.15274,0.16442,0.19008,0.09642,0.08442,0.02446,0.08892,0.02805,0.02692
0.14227,0.17138,0.21259,0.23714,0.11618,0.03846,0.01295,0.04003,0.01490,0.01411
0.13582,0.14888,0.18794,0.21006,0.10502,0.06636,0.02042,0.07142,0.02884,0.02524
0.14103,0.15713,0.18017,0.20595,0.10220,0.06418,0.02414,0.06627,0.03032,0.02862
0.13851,0.16094,0.19801,0.21424,0.10743,0.06343,0.01478,0.06737,0.01847,0.01682
0.14652,0.16578,0.19718,0.22212,0.11378,0.04353,0.02146,0.04252,0.02417,0.02294
0.13851,0.16325,0.20474,0.21863,0.10900,0.06029,0.01333,0.05999,0.01738,0.01487
0.15916,0.16547,0.18484,0.21571,0.10314,0.05252,0.01838,0.05583,0.02454,0.02043
0.13386,0.14972,0.20594,0.21648,0.10596,0.06052,0.01983,0.06242,0.02343,0.02185
0.13859,0.16856,0.19088,0.20583,0.10776,0.06561,0.01783,0.06748,0.01900,0.01847
0.13192,0.16253,0.20693,0.22471,0.11164,0.05943,0.01376,0.06027,0.01472,0.01410
0.14803,0.16332,0.17643,0.19581,0.10144,0.07382,0.02007,0.07629,0.02255,0.02224
0.11058,0.14550,0.19603,0.20981,0.10217,0.08795,0.01379,0.09447,0.02176,0.01792
0.14233,0.16736,0.20953,0.22707,0.11459,0.04366,0.01588,0.04307,0.01807,0.01844
0.15768,0.17343,0.19555,0.21806,0.10933,0.04081,0.01939,0.04235,0.02290,0.02051
0.13977,0.16937,0.19658,0.21366,0.10762,0.05966,0.01392,0.06234,0.02012,0.01697
0.13915,0.15044,0.17428,0.19375,0.09788,0.07950,0.02341,0.08277,0.03110,0.02772
0.15146,0.16609,0.21007,0.23942,0.11453,0.03223,0.01587,0.03452,0.01787,0.01794
0.11838,0.13807,0.17094,0.18867,0.09418,0.12077,0.01358,0.12414,0.01575,0.01554
0.12855,0.13982,0.17322,0.19150,0.09509,0.09961,0.01738,0.10848,0.02508,0.02126
0.14325,0.16372,0.18704,0.20911,0.10834,0.06386,0.01704,0.06598,0.02088,0.02079
0.17017,0.17170,0.16281,0.20372,0.09974,0.06395,0.01806,0.06567,0.02255,0.02163
0.12212,0.14257,0.16641,0.18644,0.09648,0.09844,0.02461,0.10182,0.03363,0.02747
0.12627,0.13936,0.23995,0.24384,0.11099,0.04515,0.01591,0.04591,0.01684,0.01578
0.13082,0.14248,0.18965,0.20807,0.10072,0.08524,0.01764,0.08687,0.01850,0.02002
0.13346,0.14332,0.20530,0.21621,0.10536,0.06783,0.01882,0.06944,0.01967,0.02060
0.13527,0.15805,0.15903,0.19119,0.09967,0.09236,0.02264,0.09308,0.02324,0.02547
0.14241,0.16024,0.19428,0.21993,0.11219,0.05372,0.01958,0.05446,0.02150,0.02168
0.13750,0.13427,0.14216,0.17268,0.08451,0.13051,0.01923,0.13431,0.02221,0.02261
0.15065,0.17012,0.19727,0.21935,0.11203,0.04241,0.01882,0.04325,0.02545,0.02065
0.10527,0.12748,0.20835,0.20597,0.09806,0.10156,0.01411,0.10417,0.01899,0.01603
0.13240,0.16512,0.19813,0.21443,0.10694,0.06605,0.01442,0.06865,0.01802,0.01583
0.13750,0.15756,0.19948,0.21680,0.10811,0.06469,0.01456,0.06616,0.01859,0.01656
0.13016,0.14668,0.20743,0.21807,0.10510,0.06771,0.01569,0.07059,0.01972,0.01885
0.12694,0.15654,0.17843,0.19831,0.09863,0.09689,0.01343,0.10094,0.01532,0.01457
0.13891,0.15300,0.17196,0.19944,0.10684,0.07735,0.02341,0.07742,0.02409,0.02758
0.12924,0.15714,0.18498,0.20232,0.10897,0.07606,0.01706,0.08219,0.02170,0.02034
0.13363,0.15936,0.19755,0.21469,0.10686,0.06561,0.01775,0.06656,0.01837,0.01963
0.15243,0.16873,0.19511,0.21986,0.10954,0.04881,0.01768,0.04686,0.02068,0.02030
0.13045,0.15790,0.20264,0.21997,0.10806,0.06656,0.01460,0.06705,0.01578,0.01699
0.13137,0.15006,0.15912,0.18610,0.09397,0.10938,0.01892,0.10938,0.01995,0.02175
0.13960,0.16180,0.19479,0.21996,0.10879,0.05635,0.01844,0.05898,0.02163,0.01965
0.15333,0.16959,0.17159,0.20781,0.10464,0.06050,0.02219,0.06152,0.02617,0.02268
0.14513,0.15863,0.18125,0.20677,0.10408,0.06787,0.01937,0.07030,0.02449,0.02210
0.15047,0.15804,0.17188,0.19939,0.10410,0.07088,0.02119,0.07359,0.02643,0.02402
0.14448,0.14947,0.17954,0.19485,0.09901,0.07892,0.01928,0.08048,0.03050,0.02347
0.11174,0.15021,0.20524,0.21883,0.10016,0.08109,0.01549,0.07959,0.02019,0.01745
0.14764,0.16302,0.17625,0.20121,0.10263,0.07325,0.01959,0.07210,0.02374,0.02056
0.14400,0.16519,0.15141,0.18486,0.09723,0.09347,0.02132,0.09723,0.02283,0.02246
0.13299,0.14860,0.18713,0.20422,0.10005,0.08543,0.01574,0.08955,0.01961,0.01668
0.12555,0.14867,0.17053,0.19162,0.09248,0.11123,0.01385,0.11322,0.01707,0.01578
0.16898,0.15219,0.17434,0.19986,0.10133,0.06662,0.01935,0.07108,0.02218,0.02408
0.11392,0.14264,0.18595,0.19989,0.10108,0.10542,0.01241,0.11001,0.01443,0.01426
0.13304,0.15840,0.21182,0.22437,0.11420,0.05703,0.01412,0.05653,0.01505,0.01546
0.13844,0.15041,0.17108,0.19472,0.10098,0.06978,0.03421,0.07456,0.03452,0.03130
0.15204,0.16818,0.17070,0.19823,0.09890,0.07075,0.01990,0.07492,0.02464,0.02174
0.13247,0.14155,0.24552,0.25242,0.11302,0.03572,0.01246,0.03670,0.01590,0.01423
0.14450,0.16074,0.17679,0.20064,0.09997,0.07482,0.02138,0.07472,0.02487,0.02157
0.15248,0.15282,0.17157,0.20041,0.10053,0.06379,0.02753,0.06888,0.03157,0.03044
0.14469,0.15337,0.17844,0.20166,0.10363,0.08072,0.01779,0.08048,0.01986,0.01937
0.15500,0.15967,0.19305,0.22415,0.10488,0.05081,0.01730,0.05272,0.02229,0.02013
0.17575,0.20565,0.14301,0.19632,0.10678,0.05839,0.01493,0.06119,0.01904,0.01894
0.13416,0.14695,0.21361,0.23013,0.10873,0.05144,0.02036,0.05394,0.02005,0.02063
0.16459,0.18401,0.18058,0.20889,0.10762,0.05324,0.01482,0.05356,0.01599,0.01669
0.12899,0.14878,0.17489,0.19220,0.09998,0.09476,0.01906,0.09712,0.02159,0.02262
0.12427,0.14382,0.18684,0.20433,0.09917,0.09254,0.01677,0.09578,0.01884,0.01764
0.14351,0.16056,0.17896,0.20110,0.10282,0.07347,0.02011,0.07707,0.02075,0.02166
0.12305,0.17679,0.21098,0.23522,0.11309,0.04304,0.01664,0.04529,0.01916,0.01674
0.16434,0.18766,0.17615,0.21210,0.11428,0.04762,0.01506,0.04793,0.01660,0.01825
0.14875,0.18109,0.13736,0.17654,0.09708,0.10210,0.01719,0.10287,0.01791,0.01910
0.15451,0.16102,0.18038,0.21115,0.10348,0.06338,0.01859,0.06409,0.02199,0.02142
0.13617,0.16621,0.20107,0.21670,0.10829,0.06408,0.01273,0.06598,0.01503,0.01373
0.10597,0.13579,0.17581,0.18498,0.09495,0.12701,0.01475,0.12666,0.01679,0.01728
0.13199,0.14373,0.16068,0.18353,0.09302,0.11436,0.01694,0.11330,0.02209,0.02035
0.15851,0.17820,0.17754,0.20592,0.10386,0.06176,0.01545,0.06259,0.01927,0.01690
0.13669,0.15443,0.17753,0.20182,0.09980,0.08162,0.01777,0.08588,0.02358,0.02087
0.14321,0.17106,0.18174,0.19909,0.10659,0.07265,0.01819,0.07324,0.01597,0.01827
0.16304,0.19000,0.16344,0.20491,0.10688,0.05857,0.01550,0.06112,0.01855,0.01798
0.15120,0.16812,0.16061,0.18433,0.09833,0.07983,0.02409,0.08358,0.02259,0.02731
0.13398,0.16635,0.20275,0.22003,0.10969,0.05771,0.01590,0.06076,0.01663,0.01622
0.14388,0.17138,0.19075,0.22022,0.10766,0.05222,0.01626,0.05434,0.02313,0.02017
0.12691,0.14553,0.16817,0.18961,0.09587,0.06652,0.04166,0.07478,0.05002,0.04094
0.14134,0.15788,0.18865,0.22138,0.10791,0.05803,0.01889,0.06146,0.02198,0.02247
0.13043,0.13851,0.16741,0.18303,0.09695,0.10650,0.01924,0.10852,0.02713,0.02227
0.14877,0.17120,0.21684,0.23758,0.11375,0.03738,0.01082,0.03822,0.01259,0.01285
0.12202,0.14885,0.18038,0.19554,0.09663,0.09683,0.01718,0.09754,0.02447,0.02056
0.15891,0.16838,0.16944,0.19690,0.10614,0.06769,0.01935,0.06783,0.02225,0.02311
0.13571,0.15947,0.19222,0.20792,0.10795,0.07089,0.01600,0.07463,0.01896,0.01625
0.14355,0.15016,0.17407,0.19665,0.09989,0.07652,0.02462,0.08053,0.02847,0.02554
0.16186,0.16213,0.12865,0.16852,0.09615,0.08976,0.03022,0.09478,0.03637,0.03156
0.13962,0.16817,0.18750,0.21361,0.10791,0.05426,0.02393,0.05486,0.02653,0.02360
0.13663,0.15321,0.19513,0.20598,0.10305,0.06945,0.01803,0.07277,0.02409,0.02167
0.15562,0.17593,0.15280,0.19354,0.10276,0.07518,0.02024,0.07712,0.02294,0.02388
0.13119,0.14481,0.21857,0.22780,0.10693,0.06030,0.01541,0.05933,0.01730,0.01835
0.11836,0.14730,0.19301,0.19954,0.10098,0.09130,0.01594,0.09430,0.01870,0.02057
0.13394,0.16439,0.18982,0.21513,0.10467,0.06735,0.01456,0.07105,0.02045,0.01865
0.13410,0.15998,0.20222,0.21606,0.10936,0.05698,0.01788,0.05923,0.02461,0.01957
0.13605,0.14420,0.16275,0.18575,0.09945,0.08594,0.02998,0.09037,0.03371,0.03180
0.13539,0.17046,0.20603,0.22744,0.10877,0.05624,0.01242,0.05581,0.01418,0.01327
0.13548,0.15809,0.21056,0.22577,0.11055,0.04817,0.01909,0.05232,0.02149,0.01847
0.13711,0.14830,0.16598,0.19203,0.09926,0.08182,0.02615,0.08701,0.03173,0.03061
0.13956,0.16457,0.19995,0.22995,0.11027,0.05702,0.01295,0.05784,0.01404,0.01385
0.10895,0.12499,0.21298,0.21505,0.10061,0.08799,0.01837,0.08946,0.02157,0.02004
0.13418,0.15708,0.20518,0.22175,0.10979,0.06111,0.01467,0.06276,0.01683,0.01666
0.15359,0.13886,0.18727,0.21559,0.09954,0.05606,0.02154,0.06215,0.04003,0.02535
0.11561,0.13575,0.22582,0.23285,0.10656,0.06709,0.01502,0.06711,0.01725,0.01692
0.14749,0.15382,0.16596,0.19487,0.10109,0.06253,0.03239,0.06751,0.04004,0.03432
0.14453,0.16609,0.19642,0.21517,0.10588,0.06079,0.01336,0.06225,0.01849,0.01702
0.13758,0.16269,0.21599,0.22737,0.11123,0.05167,0.01184,0.05166,0.01481,0.01515
0.13282,0.15421,0.21608,0.23102,0.11005,0.05573,0.01391,0.05489,0.01605,0.01524
0.14104,0.17910,0.14652,0.17497,0.09894,0.09259,0.01982,0.10051,0.02329,0.02320
0.13788,0.17170,0.15386,0.18331,0.10442,0.08493,0.02562,0.08590,0.02677,0.02562
0.14047,0.15066,0.17808,0.19740,0.10154,0.08191,0.01843,0.08485,0.02445,0.02221
0.13577,0.15966,0.19045,0.20548,0.10356,0.07175,0.02013,0.07180,0.02104,0.02036
0.14815,0.16499,0.20422,0.22595,0.11140,0.04898,0.01547,0.04919,0.01573,0.01592
0.13912,0.16644,0.20094,0.21978,0.10713,0.06341,0.01078,0.06533,0.01346,0.01360
0.12534,0.14683,0.17341,0.18602,0.09554,0.09679,0.02191,0.10198,0.02704,0.02514
0.12996,0.16404,0.20165,0.23202,0.11135,0.05653,0.01522,0.05674,0.01594,0.01654
0.13950,0.15910,0.20113,0.21992,0.10746,0.05516,0.01773,0.05880,0.02216,0.01903
0.11964,0.12211,0.15691,0.17300,0.08740,0.12702,0.02336,0.13245,0.03023,0.02788
0.15382,0.16508,0.18531,0.21122,0.11380,0.05225,0.01959,0.05355,0.02305,0.02234
0.14180,0.15992,0.20796,0.22844,0.11135,0.05143,0.01465,0.05352,0.01608,0.01486
0.10750,0.12463,0.21810,0.21812,0.10227,0.08886,0.01560,0.08934,0.01753,0.01805
0.12604,0.14386,0.17632,0.19554,0.09797,0.09007,0.02277,0.09520,0.02677,0.02546
0.13181,0.14004,0.17042,0.18856,0.09527,0.09831,0.02149,0.10234,0.02918,0.02259
0.13615,0.14226,0.16469,0.19814,0.09870,0.09911,0.01913,0.10237,0.01848,0.02097
0.12666,0.16141,0.20629,0.22090,0.11124,0.05882,0.01632,0.06286,0.01638,0.01913
0.12413,0.14975,0.18670,0.20636,0.10401,0.08922,0.01672,0.08778,0.01860,0.01673
0.15483,0.17395,0.16625,0.19991,0.10242,0.06367,0.02205,0.06633,0.02660,0.02399
0.14316,0.16383,0.19514,0.22100,0.10656,0.05604,0.01595,0.05905,0.02057,0.01869
0.13165,0.15851,0.17857,0.19451,0.10222,0.08603,0.01928,0.08783,0.02107,0.02032
0.14360,0.16178,0.22054,0.23257,0.11525,0.03782,0.01565,0.03884,0.01594,0.01802
0.13844,0.15280,0.19227,0.21605,0.10354,0.07163,0.01524,0.07288,0.01918,0.01798
0.12626,0.16465,0.19854,0.22037,0.11009,0.06333,0.01529,0.06687,0.01785,0.01675
0.13193,0.15836,0.21574,0.23936,0.10898,0.04502,0.01639,0.04506,0.02005,0.01912
0.12889,0.15101,0.17893,0.20340,0.10006,0.08348,0.02039,0.08689,0.02570,0.02125
0.12705,0.14159,0.22410,0.22870,0.10938,0.05062,0.01789,0.05527,0.02346,0.02194
0.14202,0.16825,0.21295,0.22600,0.11677,0.04687,0.01179,0.04843,0.01332,0.01360
0.14998,0.15706,0.18440,0.21140,0.10658,0.06180,0.02103,0.06339,0.02236,0.02201
0.13230,0.12628,0.19329,0.21201,0.09953,0.07929,0.02382,0.07999,0.02819,0.02531
0.15888,0.16250,0.18779,0.21671,0.10360,0.05057,0.02131,0.04937,0.02568,0.02359
0.12481,0.15809,0.18503,0.19974,0.10429,0.08502,0.01534,0.08913,0.02025,0.01829
0.11964,0.13351,0.18048,0.19929,0.09808,0.08990,0.02445,0.09494,0.03156,0.02815
0.14675,0.15721,0.18693,0.21022,0.10547,0.06027,0.02086,0.06204,0.02688,0.02337
0.12392,0.14575,0.18123,0.19614,0.09986,0.10082,0.01477,0.10172,0.01819,0.01760
0.15058,0.16945,0.19993,0.22108,0.11134,0.04072,0.01974,0.04244,0.02339,0.02135
0.14764,0.15668,0.18656,0.22187,0.10703,0.05428,0.02245,0.05792,0.02215,0.02340
0.14083,0.15131,0.18218,0.20435,0.10424,0.07867,0.01556,0.08315,0.01997,0.01975
0.11297,0.12916,0.21232,0.21564,0.10352,0.08461,0.01718,0.08622,0.01885,0.01953
0.13356,0.14964,0.17680,0.20070,0.10211,0.08877,0.01877,0.09218,0.01751,0.01995
0.10819,0.13270,0.23170,0.23619,0.11386,0.06988,0.01205,0.06968,0.01380,0.01195
0.15703,0.16801,0.19917,0.22622,0.10787,0.04532,0.01505,0.04549,0.01872,0.01711
0.14239,0.14874,0.17190,0.20708,0.09640,0.08222,0.01983,0.08782,0.02100,0.02263
0.14520,0.16012,0.19292,0.22545,0.10916,0.05212,0.01814,0.05346,0.02169,0.02174
0.12386,0.14033,0.20259,0.21693,0.10567,0.07128,0.02161,0.07293,0.02012,0.02468
0.16523,0.18486,0.15803,0.19502,0.10705,0.06016,0.02000,0.06109,0.02475,0.02383
0.13588,0.16692,0.18533,0.20380,0.10575,0.07812,0.01526,0.07715,0.01639,0.01539
0.12478,0.14524,0.17903,0.20111,0.09958,0.09479,0.01819,0.09836,0.01871,0.02021
0.15363,0.16618,0.18401,0.20729,0.10118,0.06134,0.01985,0.06427,0.02008,0.02217
0.14218,0.16648,0.18365,0.20508,0.10670,0.07439,0.01471,0.07580,0.01533,0.01566
0.13258,0.14980,0.19118,0.19902,0.10300,0.07609,0.01989,0.07970,0.02527,0.02349
0.13770,0.15681,0.18792,0.20730,0.10468,0.07294,0.01742,0.07394,0.02118,0.02009
0.12034,0.13050,0.19574,0.20504,0.10057,0.09120,0.02170,0.09150,0.02034,0.02309
0.13254,0.15742,0.19037,0.21345,0.10736,0.06689,0.01889,0.06947,0.02259,0.02101
0.14966,0.16941,0.18505,0.21259,0.10823,0.05437,0.01870,0.05650,0.02387,0.02162
0.14070,0.14652,0.17603,0.19882,0.10064,0.07746,0.02395,0.08064,0.02909,0.02616
0.13421,0.15445,0.17915,0.19984,0.10100,0.08035,0.01992,0.08379,0.02626,0.02104
0.15172,0.15674,0.19134,0.21611,0.10669,0.06080,0.01641,0.06419,0.01640,0.01960
0.14332,0.16524,0.17506,0.20757,0.10549,0.06323,0.02194,0.06555,0.02795,0.02466
0.15546,0.22717,0.15790,0.18791,0.11851,0.04916,0.01566,0.05141,0.01851,0.01831
0.13381,0.14914,0.18000,0.19982,0.10222,0.07602,0.02350,0.07826,0.02918,0.02806
0.15247,0.15025,0.17037,0.19942,0.10290,0.07749,0.02150,0.07944,0.02103,0.02514
0.14534,0.16535,0.20733,0.22666,0.10939,0.04774,0.01418,0.05126,0.01701,0.01575
0.13321,0.15893,0.18567,0.20032,0.10267,0.08319,0.01453,0.08516,0.01924,0.01708
0.13946,0.15820,0.19762,0.22130,0.10697,0.06112,0.01677,0.06327,0.01716,0.01814
0.11792,0.15041,0.18897,0.20490,0.10547,0.08406,0.01785,0.08516,0.02404,0.02123
0.13824,0.16612,0.20730,0.22461,0.11088,0.05484,0.01214,0.05533,0.01508,0.01546
0.12800,0.14455,0.20368,0.21686,0.10536,0.07609,0.01586,0.07433,0.01789,0.01738
0.13692,0.16662,0.22230,0.23727,0.11577,0.04114,0.01210,0.04098,0.01361,0.01329
0.11891,0.12118,0.24731,0.24549,0.10959,0.05722,0.01266,0.05671,0.01586,0.01506
0.14049,0.16518,0.20085,0.22216,0.10807,0.05924,0.01416,0.05870,0.01578,0.01537
0.12307,0.14760,0.22055,0.22530,0.11316,0.05427,0.01601,0.05615,0.02452,0.01937
0.14840,0.16232,0.17701,0.20507,0.10423,0.06106,0.02441,0.06216,0.02842,0.02693
0.12851,0.15375,0.21454,0.22392,0.10794,0.06333,0.01259,0.06488,0.01634,0.01420
0.12660,0.15036,0.18972,0.20606,0.10038,0.08803,0.01467,0.09077,0.01701,0.01640
0.13493,0.15165,0.18591,0.20220,0.10093,0.08485,0.01431,0.08844,0.02013,0.01665
0.12058,0.14885,0.20657,0.21129,0.10327,0.08448,0.01099,0.08424,0.01647,0.01325
0.12960,0.16316,0.19084,0.20414,0.10508,0.07775,0.01364,0.07906,0.02114,0.01559
0.15350,0.17312,0.17863,0.21183,0.10655,0.06343,0.01502,0.06289,0.01760,0.01743
0.12563,0.14905,0.17529,0.19312,0.10048,0.08309,0.02595,0.08922,0.03166,0.02650
0.09834,0.10545,0.25136,0.23297,0.10257,0.07005,0.01919,0.07170,0.02637,0.02201
0.16459,0.16908,0.18720,0.21760,0.10890,0.04457,0.01882,0.04669,0.02225,0.02030
0.15833,0.16895,0.19928,0.21890,0.10855,0.04194,0.01818,0.04511,0.02021,0.02053
0.13386,0.14759,0.18895,0.20395,0.10409,0.07505,0.02068,0.07719,0.02596,0.02267
0.14927,0.18035,0.16761,0.20234,0.10644,0.06153,0.02062,0.06440,0.02447,0.02295
0.14035,0.15955,0.18960,0.20832,0.10388,0.07069,0.01789,0.07158,0.01802,0.02014
0.14386,0.16928,0.19111,0.21495,0.11154,0.05021,0.02048,0.05324,0.02416,0.02117
0.13548,0.14844,0.17241,0.19165,0.09785,0.09223,0.02065,0.09130,0.02736,0.02264
0.11617,0.13102,0.18533,0.19964,0.09254,0.09754,0.01781,0.10447,0.03300,0.02249
0.14898,0.17644,0.17889,0.20544,0.10487,0.06346,0.01458,0.06725,0.02155,0.01855
0.13226,0.15748,0.21043,0.22589,0.11049,0.05240,0.01789,0.05466,0.02064,0.01787
0.13869,0.15049,0.17547,0.20107,0.09988,0.08048,0.01959,0.08292,0.02736,0.02405
0.13166,0.14329,0.23477,0.24738,0.11418,0.04004,0.01449,0.03916,0.01825,0.01679
0.15630,0.15799,0.18117,0.20899,0.10753,0.05360,0.02619,0.05468,0.02520,0.02834
0.13008,0.16027,0.20468,0.21833,0.10576,0.06749,0.01399,0.06763,0.01668,0.01508
0.14896,0.16890,0.19709,0.22346,0.10915,0.04960,0.01671,0.05005,0.01741,0.01867
0.14960,0.15898,0.17493,0.19593,0.10440,0.08155,0.01618,0.08643,0.01651,0.01549
0.13789,0.17078,0.20193,0.21655,0.11105,0.05694,0.01305,0.05753,0.01900,0.01528
