0.07288,0.02862,0.04586,0.05073,0.44581,0.16509,0.01744,0.17357
0.21671,0.03053,0.09745,0.21452,0.08760,0.26267,0.02972,0.06080
0.12298,0.11857,0.11408,0.32566,0.01637,0.01169,0.28241,0.00822
0.09846,0.35587,0.13668,0.06872,0.02173,0.00926,0.01253,0.29674
0.32075,0.09667,0.06029,0.29728,0.10427,0.01971,0.07664,0.02439
0.48014,0.01703,0.02101,0.23989,0.00619,0.22820,0.00349,0.00404
0.03210,0.01217,0.03074,0.02136,0.00487,0.45072,0.00695,0.44110
0.08854,0.03190,0.10490,0.05781,0.40908,0.15139,0.03052,0.12586
0.13963,0.15691,0.25202,0.08984,0.18494,0.00990,0.03181,0.13495
0.04512,0.32743,0.22212,0.03072,0.02055,0.01017,0.01334,0.33055
0.32426,0.34715,0.03439,0.06714,0.00977,0.08419,0.01243,0.12069
0.19157,0.02677,0.10228,0.04335,0.58551,0.02372,0.01300,0.01379
0.19897,0.01839,0.36508,0.11899,0.14211,0.08691,0.03662,0.03293
0.08500,0.09381,0.12106,0.06459,0.55116,0.00798,0.01272,0.06368
0.10488,0.07281,0.05489,0.36619,0.08346,0.01001,0.29206,0.01570
0.24578,0.06551,0.35366,0.15073,0.01500,0.02999,0.08709,0.05223
0.12338,0.05154,0.15906,0.31656,0.01329,0.02244,0.29622,0.01752
0.16945,0.39294,0.08122,0.05056,0.00859,0.01917,0.01691,0.26115
0.14001,0.26453,0.05730,0.10338,0.01352,0.08544,0.04235,0.29348
0.15164,0.03121,0.45961,0.11657,0.13453,0.02174,0.05205,0.03266
0.14226,0.01294,0.22593,0.17959,0.39874,0.01176,0.01752,0.01125
0.05646,0.03812,0.24913,0.27512,0.12115,0.00889,0.24450,0.00662
0.31092,0.18829,0.07363,0.16839,0.07425,0.02491,0.04318,0.11644
0.08359,0.34553,0.08980,0.08815,0.00509,0.00237,0.00634,0.37914
0.14550,0.05423,0.22119,0.14634,0.28861,0.04597,0.03056,0.06760
0.50235,0.04022,0.11000,0.09879,0.01163,0.19384,0.01199,0.03120
0.37393,0.01991,0.54698,0.03181,0.00443,0.00530,0.00830,0.00934
0.33743,0.33051,0.06688,0.15191,0.02315,0.00904,0.06406,0.01702
0.12779,0.03411,0.13994,0.32662,0.01948,0.00826,0.33208,0.01171
0.17961,0.37855,0.02555,0.04641,0.00744,0.01441,0.02199,0.32604
0.12356,0.09814,0.16523,0.15447,0.34360,0.02174,0.06027,0.03300
0.08923,0.02528,0.47173,0.17631,0.08084,0.02558,0.10342,0.02761
0.52061,0.20228,0.03600,0.10000,0.00636,0.12137,0.00744,0.00594
0.26945,0.22548,0.05578,0.18815,0.08725,0.01512,0.05504,0.10372
0.24962,0.24607,0.09087,0.08646,0.07504,0.02306,0.01530,0.21358
0.10959,0.02155,0.13544,0.11261,0.01983,0.25895,0.04486,0.29717
0.36357,0.08022,0.08952,0.21131,0.16091,0.00885,0.06814,0.01747
0.07017,0.03969,0.13946,0.05619,0.03317,0.33396,0.01047,0.31690
0.31839,0.13225,0.10322,0.16920,0.06285,0.04255,0.02621,0.14533
0.17677,0.01268,0.65828,0.05270,0.05715,0.02714,0.00805,0.00723
0.23028,0.01358,0.08005,0.22967,0.09266,0.28635,0.05629,0.01111
0.06087,0.01566,0.77828,0.04709,0.01235,0.01840,0.05146,0.01591
0.40112,0.09869,0.12254,0.21276,0.04002,0.01037,0.03478,0.07972
0.48289,0.07769,0.19956,0.09193,0.01028,0.02241,0.03931,0.07592
0.12527,0.01354,0.09958,0.37769,0.01444,0.05267,0.30402,0.01278
0.38194,0.32423,0.15879,0.03646,0.04002,0.01336,0.03379,0.01142
0.23264,0.17065,0.48326,0.04945,0.02086,0.00433,0.01027,0.02854
0.71356,0.02554,0.20566,0.01932,0.01289,0.00408,0.00644,0.01251
0.28721,0.03276,0.17568,0.26956,0.03401,0.02816,0.11437,0.05825
0.10048,0.04102,0.43049,0.05107,0.03051,0.16832,0.01567,0.16244
0.14879,0.10112,0.04986,0.35424,0.03644,0.02111,0.26325,0.02519
0.11602,0.01752,0.31008,0.07692,0.39163,0.04572,0.02390,0.01821
0.12309,0.01517,0.59460,0.05092,0.06334,0.06996,0.03307,0.04985
0.33349,0.02890,0.13855,0.18162,0.03025,0.11103,0.04171,0.13445
0.12606,0.01793,0.03788,0.36441,0.01776,0.15602,0.26958,0.01037
0.21121,0.05727,0.17005,0.22760,0.01041,0.05933,0.18024,0.08389
0.45973,0.16039,0.15354,0.08161,0.03506,0.04393,0.02097,0.04476
0.51547,0.19448,0.06057,0.07753,0.09617,0.02051,0.01825,0.01700
0.33263,0.07973,0.11769,0.12279,0.11090,0.12354,0.01613,0.09659
0.44851,0.20923,0.09738,0.12220,0.01146,0.01082,0.07799,0.02241
0.30117,0.21725,0.38156,0.03908,0.02925,0.00519,0.01924,0.00726
0.47443,0.28783,0.07998,0.06295,0.03732,0.04081,0.00486,0.01182
0.28415,0.23452,0.22911,0.14958,0.02968,0.00672,0.03383,0.03240
0.06977,0.02740,0.67256,0.09196,0.02411,0.00647,0.09141,0.01631
0.28725,0.28973,0.25745,0.04131,0.03440,0.00834,0.03268,0.04884
0.28263,0.01796,0.29126,0.16689,0.13257,0.06884,0.01501,0.02484
0.34765,0.02524,0.15867,0.35961,0.06051,0.00433,0.02931,0.01468
0.24523,0.05887,0.19016,0.10266,0.32520,0.01253,0.04121,0.02413
0.06100,0.05175,0.13488,0.31683,0.03427,0.00401,0.38993,0.00733
0.37596,0.01084,0.03021,0.12416,0.00429,0.43044,0.01013,0.01398
0.20952,0.01987,0.33691,0.14481,0.22900,0.02012,0.01903,0.02075
0.69567,0.14337,0.10025,0.01080,0.00187,0.01016,0.00439,0.03349
0.11962,0.03670,0.71128,0.07378,0.00744,0.01042,0.00687,0.03388
0.40741,0.15760,0.05536,0.16441,0.02638,0.05140,0.02859,0.10885
0.30588,0.02814,0.13520,0.24338,0.21690,0.01224,0.04367,0.01459
0.10713,0.38604,0.05054,0.04405,0.02030,0.01852,0.00903,0.36440
0.32734,0.04990,0.10948,0.23621,0.03299,0.04166,0.13782,0.06461
0.40592,0.03873,0.09184,0.27776,0.01734,0.01317,0.13323,0.02199
0.04903,0.21529,0.40381,0.03630,0.01265,0.02071,0.02367,0.23853
0.12540,0.11653,0.54477,0.04982,0.00655,0.02946,0.01530,0.11217
0.12461,0.02354,0.32458,0.05256,0.09799,0.18461,0.01597,0.17615
0.19402,0.02273,0.17786,0.19385,0.12767,0.13265,0.03418,0.11704
0.34448,0.02946,0.06052,0.10272,0.02023,0.38384,0.00512,0.05363
0.42868,0.13703,0.14929,0.09397,0.01926,0.04666,0.05067,0.07444
0.14777,0.03031,0.11676,0.36572,0.01096,0.11229,0.19910,0.01708
0.22932,0.02363,0.12339,0.07237,0.02754,0.23992,0.05037,0.23345
0.08978,0.19852,0.38021,0.04787,0.03105,0.01482,0.01670,0.22105
0.53172,0.01902,0.04842,0.33287,0.04135,0.00973,0.00818,0.00872
0.10618,0.32776,0.08599,0.03458,0.07788,0.03059,0.01211,0.32490
0.38149,0.21651,0.04953,0.12975,0.01282,0.01386,0.01665,0.17939
0.50700,0.40953,0.01787,0.01120,0.03579,0.00519,0.00931,0.00409
0.15402,0.33127,0.17986,0.03566,0.04346,0.01738,0.02084,0.21751
0.10058,0.03282,0.03752,0.05026,0.53822,0.09881,0.01341,0.12838
0.14955,0.10525,0.11496,0.30585,0.03514,0.00528,0.27569,0.00830
0.26023,0.01088,0.24680,0.26870,0.02689,0.02365,0.12347,0.03938
0.13670,0.25936,0.25335,0.04156,0.00598,0.01424,0.00769,0.28113
0.46278,0.17572,0.08340,0.20093,0.01877,0.01165,0.03366,0.01309
0.15689,0.11817,0.08770,0.06941,0.49073,0.02299,0.01558,0.03854
0.03389,0.02724,0.14165,0.31707,0.01229,0.00922,0.44170,0.01693
0.35330,0.11973,0.16772,0.05901,0.04041,0.09399,0.02678,0.13906
0.26754,0.02385,0.04901,0.26071,0.01582,0.24358,0.12213,0.01736
0.44550,0.29765,0.08762,0.08141,0.03313,0.00882,0.03137,0.01451
0.11477,0.00735,0.76225,0.06302,0.04030,0.00574,0.00288,0.00369
0.12292,0.01248,0.48975,0.06285,0.27061,0.01252,0.01079,0.01808
0.27062,0.03255,0.26940,0.16968,0.13993,0.06081,0.01946,0.03756
0.40581,0.29159,0.08931,0.13066,0.01037,0.01771,0.04059,0.01396
0.45107,0.19693,0.15276,0.09751,0.04190,0.01519,0.03188,0.01275
0.12902,0.09029,0.10453,0.12065,0.49404,0.01537,0.01519,0.03091
0.12346,0.11925,0.44450,0.07471,0.12134,0.02857,0.03555,0.05261
0.13192,0.02420,0.04195,0.06825,0.33631,0.18776,0.00901,0.20062
0.05444,0.08758,0.57726,0.11841,0.02035,0.01294,0.10382,0.02521
0.12031,0.05776,0.04948,0.03736,0.56839,0.05906,0.02501,0.08264
0.12674,0.09303,0.58232,0.08846,0.03010,0.00773,0.06148,0.01014
0.25697,0.07073,0.21739,0.12954,0.22093,0.01131,0.07422,0.01891
0.27738,0.08627,0.17257,0.10861,0.02097,0.12789,0.05947,0.14685
0.17407,0.30021,0.10318,0.15037,0.02945,0.01449,0.07637,0.15186
0.13434,0.20826,0.19235,0.10674,0.09458,0.02672,0.04007,0.19694
0.10052,0.02902,0.06447,0.40537,0.01377,0.00517,0.37747,0.00421
0.19864,0.12717,0.13246,0.27159,0.03927,0.01155,0.20685,0.01246
0.14719,0.05490,0.15252,0.08503,0.49040,0.01498,0.04031,0.01467
0.25958,0.02628,0.22978,0.20055,0.05516,0.14176,0.06104,0.02584
0.44595,0.05935,0.29087,0.08468,0.00902,0.05688,0.02511,0.02813
0.11364,0.00582,0.62458,0.10140,0.01535,0.10330,0.01578,0.02012
0.50317,0.11851,0.12502,0.08332,0.01335,0.09145,0.00895,0.05623
0.08399,0.12843,0.10434,0.28917,0.07983,0.01370,0.27130,0.02924
0.08920,0.01046,0.54895,0.09371,0.19603,0.01300,0.02836,0.02028
0.13808,0.06086,0.22649,0.06466,0.40495,0.02251,0.04774,0.03472
0.10110,0.40015,0.04656,0.05204,0.01883,0.01087,0.01224,0.35821
0.19141,0.06405,0.18055,0.27565,0.02119,0.01304,0.24442,0.00970
0.22115,0.05808,0.09753,0.13530,0.42637,0.02273,0.02088,0.01797
0.44138,0.09373,0.21629,0.07569,0.00933,0.02380,0.07496,0.06481
0.11827,0.03112,0.15744,0.05898,0.07498,0.25572,0.02413,0.27936
0.21234,0.05655,0.39670,0.12988,0.02167,0.04779,0.08801,0.04706
0.50106,0.05094,0.23231,0.05187,0.00683,0.02831,0.01174,0.11692
0.30723,0.32005,0.18888,0.02193,0.01574,0.00474,0.00883,0.13259
0.19096,0.21784,0.13513,0.13968,0.06866,0.01647,0.03536,0.19589
0.11452,0.04028,0.05138,0.06811,0.22841,0.23987,0.01388,0.24356
0.49790,0.03742,0.04143,0.20419,0.01861,0.07358,0.01409,0.11278
0.26376,0.05566,0.47664,0.04002,0.02353,0.06523,0.01437,0.06080
0.14217,0.01153,0.38257,0.18387,0.24502,0.01418,0.01245,0.00820
0.32460,0.06047,0.05630,0.02285,0.50344,0.00833,0.00975,0.01426
0.08200,0.30469,0.09593,0.02372,0.17995,0.00824,0.00990,0.29556
0.09296,0.01934,0.49248,0.09540,0.23201,0.01976,0.02717,0.02087
0.54611,0.33476,0.03888,0.03312,0.02478,0.00861,0.00818,0.00557
0.24751,0.29671,0.09291,0.07363,0.03791,0.03794,0.04132,0.17207
0.32104,0.05409,0.08896,0.21173,0.14066,0.02877,0.10229,0.05246
0.14702,0.02335,0.13431,0.13741,0.45304,0.02823,0.04879,0.02784
0.23218,0.02767,0.58816,0.06562,0.01458,0.02417,0.02287,0.02475
0.22321,0.13309,0.05151,0.04175,0.23386,0.14137,0.01196,0.16325
0.29537,0.16250,0.11616,0.18991,0.02099,0.01086,0.19144,0.01278
0.09598,0.05838,0.07342,0.38891,0.00951,0.00590,0.35137,0.01652
0.15946,0.01251,0.38575,0.08856,0.18235,0.09425,0.01614,0.06098
0.09399,0.01688,0.13729,0.29716,0.00898,0.00530,0.42567,0.01473
0.19618,0.10857,0.10260,0.13677,0.01324,0.15085,0.11038,0.18141
0.22430,0.05644,0.14006,0.19581,0.09386,0.20812,0.05620,0.02521
0.12424,0.04669,0.05138,0.12966,0.23088,0.16937,0.04342,0.20436
0.06902,0.34361,0.17395,0.02358,0.02616,0.01256,0.00712,0.34400
0.28192,0.07642,0.42305,0.04774,0.09680,0.01414,0.01574,0.04420
0.13116,0.06732,0.06832,0.10996,0.46311,0.03797,0.06032,0.06183
0.27614,0.04034,0.05826,0.35368,0.07097,0.01042,0.15361,0.03657
0.24837,0.01857,0.04480,0.38854,0.00684,0.03466,0.25354,0.00469
0.12452,0.30209,0.08235,0.07985,0.05913,0.02801,0.01635,0.30770
0.06068,0.41054,0.03779,0.04561,0.01567,0.00814,0.02133,0.40023
0.15190,0.02597,0.11328,0.17675,0.07274,0.18770,0.09284,0.17883
0.22387,0.01957,0.14290,0.29465,0.13327,0.01744,0.13749,0.03081
0.07687,0.05476,0.32984,0.20663,0.11737,0.01366,0.17775,0.02313
0.13051,0.07646,0.69947,0.04626,0.00780,0.00509,0.02481,0.00959
0.71739,0.06141,0.12346,0.02912,0.01284,0.02012,0.01064,0.02502
0.18161,0.05771,0.06997,0.07810,0.53394,0.02132,0.03116,0.02619
0.04919,0.00937,0.62259,0.11940,0.00542,0.00551,0.18274,0.00578
0.16946,0.03671,0.11774,0.24609,0.01504,0.35070,0.03819,0.02607
0.10629,0.09929,0.21114,0.05456,0.00556,0.20735,0.03215,0.28366
0.23031,0.03642,0.09824,0.04535,0.52807,0.02708,0.01086,0.02367
0.14183,0.17922,0.22260,0.16975,0.02844,0.01417,0.04140,0.20258
0.26500,0.07577,0.16882,0.17142,0.11004,0.05049,0.09895,0.05950
0.11792,0.09985,0.07061,0.32966,0.01093,0.01486,0.30587,0.05029
0.37825,0.13319,0.08234,0.15691,0.11822,0.07189,0.03107,0.02813
0.13764,0.02999,0.14160,0.18859,0.07726,0.30681,0.03295,0.08516
0.22314,0.32762,0.17074,0.05302,0.02571,0.00928,0.02425,0.16624
0.23471,0.06962,0.37617,0.06342,0.06708,0.07785,0.03828,0.07287
0.14653,0.07558,0.23010,0.08025,0.38350,0.00949,0.05798,0.01657
0.20532,0.05178,0.16010,0.13868,0.33146,0.03338,0.05155,0.02774
0.34797,0.04057,0.17376,0.13382,0.00865,0.26624,0.01536,0.01364
0.44856,0.03484,0.07238,0.24935,0.04940,0.05652,0.01243,0.07653
0.12519,0.03453,0.48600,0.14789,0.01187,0.03669,0.11371,0.04413
0.46583,0.00501,0.05053,0.43014,0.01638,0.01719,0.00666,0.00825
0.08829,0.09042,0.14862,0.08899,0.40230,0.02535,0.05691,0.09913
0.21276,0.14233,0.09577,0.21163,0.00795,0.05131,0.15268,0.12557
0.08369,0.06880,0.15409,0.30580,0.01630,0.01042,0.31984,0.04106
0.03086,0.00738,0.88771,0.02532,0.00373,0.00935,0.02883,0.00681
0.08819,0.02622,0.16850,0.27984,0.07415,0.01358,0.31659,0.03295
0.26713,0.08569,0.23971,0.11144,0.17114,0.03288,0.03332,0.05869
0.09504,0.21169,0.06905,0.05826,0.02215,0.15871,0.01956,0.36554
0.14131,0.03327,0.15347,0.24899,0.07586,0.01118,0.31405,0.02188
0.32357,0.00671,0.12624,0.37384,0.15358,0.00144,0.00893,0.00569
0.14666,0.01852,0.37942,0.16968,0.15207,0.06810,0.02292,0.04263
0.12507,0.09747,0.30642,0.12011,0.23643,0.03031,0.04830,0.03589
0.05315,0.01935,0.67703,0.07704,0.06795,0.05055,0.02501,0.02992
0.38615,0.08562,0.08801,0.20614,0.02007,0.03457,0.13725,0.04218
0.12719,0.04507,0.05884,0.07217,0.57771,0.03736,0.01854,0.06312
0.07317,0.01843,0.27410,0.08240,0.02060,0.26212,0.03788,0.23129
0.44145,0.30115,0.01831,0.13605,0.00556,0.02187,0.01178,0.06382
0.09188,0.01967,0.07399,0.08220,0.43327,0.13769,0.02065,0.14064
0.06899,0.02528,0.74627,0.05532,0.04691,0.01279,0.01278,0.03166
0.41089,0.02885,0.12935,0.31207,0.02785,0.01907,0.03513,0.03679
0.11738,0.01875,0.03698,0.07187,0.05747,0.33702,0.01720,0.34334
0.29364,0.01601,0.22751,0.19774,0.22277,0.00601,0.01872,0.01760
0.19451,0.14230,0.19827,0.19961,0.08322,0.01769,0.07785,0.08655
0.18654,0.05966,0.23660,0.21214,0.22187,0.01422,0.05801,0.01097
0.10250,0.34731,0.05784,0.07037,0.04918,0.01066,0.01394,0.34821
0.20320,0.09851,0.06015,0.04915,0.54728,0.01573,0.01373,0.01225
0.28235,0.02159,0.17913,0.26842,0.13197,0.02121,0.07378,0.02156
0.05869,0.02039,0.76752,0.02862,0.08959,0.00972,0.00787,0.01759
0.15814,0.01934,0.05854,0.16075,0.00961,0.33059,0.02608,0.23694
0.14534,0.04667,0.52717,0.06196,0.01845,0.10973,0.01665,0.07403
0.10525,0.08969,0.07830,0.35863,0.01499,0.01555,0.32674,0.01084
0.09618,0.03627,0.12753,0.34425,0.04603,0.05775,0.26589,0.02610
0.33492,0.01622,0.14249,0.28718,0.09585,0.03687,0.04758,0.03890
0.52651,0.10231,0.23857,0.04326,0.01651,0.01314,0.01353,0.04616
0.30150,0.00587,0.28216,0.29866,0.05731,0.00773,0.03993,0.00685
0.19067,0.03839,0.49658,0.07230,0.14888,0.01146,0.01226,0.02945
0.11007,0.37187,0.07323,0.07023,0.04907,0.01845,0.02858,0.27849
0.16336,0.04667,0.11846,0.11188,0.44000,0.05152,0.02828,0.03982
0.07265,0.02306,0.79777,0.03762,0.01453,0.01074,0.03001,0.01362
0.10798,0.33311,0.09661,0.06064,0.05782,0.02632,0.01394,0.30359
0.47144,0.21131,0.05762,0.12691,0.06728,0.03755,0.00751,0.02037
0.07141,0.02127,0.30418,0.06030,0.50838,0.00928,0.01518,0.01000
0.32745,0.33429,0.09242,0.06197,0.03335,0.02123,0.01784,0.11146
0.36193,0.30596,0.17482,0.06559,0.01629,0.01154,0.01653,0.04734
0.38718,0.14364,0.06919,0.17942,0.04144,0.08016,0.03477,0.06420
0.32418,0.01044,0.11650,0.18940,0.28726,0.04312,0.01151,0.01758
0.36198,0.24444,0.03673,0.04921,0.01053,0.13487,0.02541,0.13682
0.20514,0.08030,0.15088,0.19529,0.10726,0.02032,0.14474,0.09608
0.40461,0.05126,0.42882,0.04915,0.00752,0.01052,0.00917,0.03894
0.17901,0.06872,0.35528,0.07688,0.18603,0.02613,0.06505,0.04291
0.42444,0.12055,0.21949,0.13598,0.01535,0.00820,0.04454,0.03145
0.15876,0.05857,0.15334,0.29766,0.07232,0.01888,0.19691,0.04357
0.03078,0.01468,0.03651,0.03569,0.00275,0.44309,0.00962,0.42688
0.25109,0.01702,0.16432,0.26990,0.20038,0.02497,0.04125,0.03106
0.50262,0.05156,0.05283,0.31766,0.04464,0.01099,0.00978,0.00992
0.26659,0.02444,0.10863,0.19539,0.03519,0.33985,0.01286,0.01705
0.05687,0.02233,0.06699,0.05896,0.01293,0.38662,0.01202,0.38328
0.07356,0.03517,0.07647,0.04627,0.70835,0.00731,0.02964,0.02322
0.50365,0.22803,0.05188,0.10687,0.01729,0.00771,0.03135,0.05321
0.05208,0.01280,0.49808,0.05750,0.34674,0.01149,0.01248,0.00883
0.29701,0.04773,0.12089,0.18727,0.06004,0.12873,0.11944,0.03888
0.14337,0.02430,0.70178,0.05456,0.00719,0.01362,0.03299,0.02219
0.07885,0.04294,0.16650,0.02606,0.58883,0.02417,0.01041,0.06225
0.16595,0.02748,0.05270,0.01852,0.69151,0.02070,0.00425,0.01889
0.16460,0.04109,0.18151,0.28795,0.11893,0.00982,0.17362,0.02249
0.14080,0.36239,0.05008,0.07666,0.01510,0.01299,0.03464,0.30735
0.08876,0.05787,0.07694,0.06726,0.62055,0.01485,0.02980,0.04397
0.36242,0.04771,0.41665,0.08819,0.00572,0.00971,0.05288,0.01673
0.16584,0.26866,0.11721,0.12251,0.05356,0.06326,0.05101,0.15796
0.37166,0.29119,0.12171,0.12244,0.01854,0.01444,0.05247,0.00754
0.14782,0.04131,0.36018,0.14384,0.04855,0.10483,0.04542,0.10805
0.24719,0.03106,0.29571,0.19042,0.02832,0.02703,0.14391,0.03636
0.25574,0.15419,0.14001,0.18829,0.09640,0.02079,0.09864,0.04594
0.09800,0.16698,0.18730,0.05645,0.02388,0.14455,0.01991,0.30294
0.06384,0.12081,0.31703,0.18579,0.08888,0.01667,0.18384,0.02314
0.15052,0.02092,0.44500,0.12667,0.09184,0.11129,0.01339,0.04037
0.12647,0.04773,0.64248,0.03744,0.01403,0.06379,0.01148,0.05658
0.03446,0.00348,0.02487,0.46314,0.00239,0.00267,0.46687,0.00212
0.10629,0.03812,0.11377,0.32213,0.04145,0.03959,0.28348,0.05518
0.21687,0.01845,0.38450,0.11604,0.01847,0.12200,0.04547,0.07819
0.50242,0.28088,0.05008,0.11863,0.00984,0.01406,0.01527,0.00883
0.17160,0.08091,0.39611,0.17461,0.03887,0.03135,0.06716,0.03939
0.05259,0.32022,0.23577,0.03145,0.01013,0.00354,0.00547,0.34083
0.18909,0.19425,0.12497,0.19243,0.11478,0.02259,0.01834,0.14355
0.44349,0.31119,0.12036,0.06955,0.02280,0.00548,0.02191,0.00522
0.25324,0.02531,0.16641,0.22849,0.01280,0.19830,0.09157,0.02388
0.10140,0.06273,0.37379,0.04831,0.05331,0.15893,0.01702,0.18450
0.44117,0.20644,0.09102,0.05266,0.02612,0.10046,0.01264,0.06949
0.42771,0.21790,0.10086,0.06117,0.06447,0.02865,0.02075,0.07850
0.36277,0.34199,0.09069,0.03912,0.01321,0.03569,0.02088,0.09565
0.08074,0.04550,0.09686,0.36584,0.01562,0.01156,0.35575,0.02813
0.19898,0.28321,0.10600,0.07389,0.03516,0.04589,0.05174,0.20513
0.36815,0.05445,0.06580,0.26380,0.01790,0.03103,0.13430,0.06458
0.14517,0.01677,0.40999,0.04394,0.33742,0.01900,0.01785,0.00986
0.21758,0.07808,0.35903,0.04308,0.01853,0.14416,0.01124,0.12831
0.26090,0.02735,0.21629,0.21293,0.11027,0.01432,0.11865,0.03929
0.14792,0.05478,0.19359,0.07262,0.38498,0.04959,0.04267,0.05384
0.51788,0.15568,0.06755,0.19226,0.00687,0.01021,0.03722,0.01233
0.13344,0.02668,0.40144,0.14103,0.05510,0.08322,0.05236,0.10674
0.09086,0.05859,0.27558,0.09347,0.31090,0.01469,0.10994,0.04596
0.42661,0.01368,0.02699,0.32439,0.02767,0.10493,0.01942,0.05632
0.67362,0.05116,0.08865,0.04773,0.00918,0.08567,0.00730,0.03669
0.10067,0.02027,0.21619,0.27477,0.08499,0.15154,0.13002,0.02155
0.48876,0.09560,0.24180,0.08785,0.00332,0.02404,0.02948,0.02917
0.06457,0.03267,0.05625,0.37985,0.01652,0.05515,0.36925,0.02576
0.14000,0.03077,0.11577,0.04326,0.07059,0.29081,0.00681,0.30198
0.14818,0.04073,0.05355,0.08311,0.57757,0.03730,0.01513,0.04443
0.28507,0.14963,0.08722,0.04975,0.36725,0.02626,0.00924,0.02556
0.16135,0.25130,0.19266,0.05452,0.04780,0.01465,0.02991,0.24780
0.26305,0.02775,0.08244,0.21921,0.02656,0.30335,0.04816,0.02948
0.16065,0.13676,0.11648,0.26309,0.02271,0.01898,0.23623,0.04511
0.18824,0.02593,0.40380,0.12526,0.15898,0.02654,0.02810,0.04315
0.17260,0.05150,0.15111,0.28638,0.02947,0.00706,0.28744,0.01444
0.06455,0.02602,0.63846,0.08397,0.08661,0.01483,0.05486,0.03069
0.21018,0.07881,0.25601,0.24044,0.06401,0.01204,0.11372,0.02479
