0.09851,0.04865,0.16783,0.16674,0.08420,0.08010,0.11786,0.07089,0.04844,0.04982,0.02877,0.03818
0.11798,0.03438,0.22728,0.20593,0.08504,0.06189,0.09120,0.04741,0.03197,0.03910,0.03346,0.02435
0.10337,0.05092,0.13802,0.17294,0.09701,0.07530,0.10144,0.07376,0.04952,0.05812,0.04164,0.03795
0.09825,0.04203,0.16052,0.19329,0.08486,0.06722,0.09633,0.06186,0.04161,0.04588,0.07073,0.03741
0.11101,0.03926,0.22271,0.19139,0.09400,0.06944,0.10023,0.05663,0.03294,0.04598,0.01467,0.02173
0.12668,0.04469,0.17453,0.17406,0.10166,0.05770,0.06621,0.08693,0.03736,0.05176,0.03539,0.04302
0.09039,0.05422,0.14385,0.14265,0.08780,0.07155,0.08929,0.06855,0.04536,0.05150,0.10327,0.05156
0.10763,0.04381,0.18428,0.18815,0.10532,0.07041,0.09575,0.07173,0.04241,0.05466,0.01678,0.01908
0.09969,0.06272,0.14915,0.13510,0.08735,0.08241,0.12782,0.06457,0.05197,0.05977,0.03741,0.04205
0.10275,0.04443,0.12292,0.12333,0.09318,0.07262,0.09535,0.06388,0.04638,0.06413,0.08961,0.08143
0.12326,0.04645,0.15831,0.16270,0.09354,0.08082,0.09576,0.06644,0.04404,0.05027,0.04463,0.03376
0.10434,0.05873,0.12650,0.14719,0.09177,0.07450,0.11586,0.07598,0.05864,0.06431,0.04404,0.03813
0.10033,0.04487,0.11894,0.12055,0.08900,0.06595,0.08666,0.07646,0.04780,0.06407,0.11931,0.06605
0.07369,0.03611,0.10274,0.11907,0.07628,0.05022,0.07803,0.05547,0.03690,0.04062,0.26176,0.06911
0.11447,0.04372,0.16033,0.11321,0.10880,0.07464,0.10695,0.06612,0.05671,0.06040,0.05249,0.04218
0.11174,0.04051,0.18093,0.13619,0.10438,0.07427,0.12164,0.07954,0.04511,0.05216,0.02341,0.03012
0.10010,0.04759,0.17817,0.14990,0.09592,0.07284,0.09539,0.07394,0.05129,0.05985,0.03835,0.03666
0.11208,0.04037,0.13824,0.16625,0.10848,0.05989,0.08586,0.07905,0.03595,0.04540,0.07489,0.05352
0.08916,0.04213,0.14888,0.15844,0.09004,0.05852,0.10024,0.06723,0.03845,0.04942,0.07860,0.07888
0.10172,0.04893,0.16082,0.13978,0.09540,0.08126,0.10372,0.07193,0.04581,0.06400,0.04004,0.04660
0.09855,0.05443,0.14029,0.12596,0.08644,0.06553,0.10089,0.06897,0.04822,0.05328,0.09991,0.05755
0.09618,0.05125,0.18665,0.17716,0.07940,0.06639,0.09474,0.06614,0.03572,0.04765,0.05226,0.04647
0.07650,0.03558,0.12645,0.13908,0.08063,0.04792,0.05886,0.05734,0.03561,0.04216,0.21223,0.08764
0.09103,0.04399,0.13990,0.13489,0.08694,0.08294,0.13632,0.06421,0.04266,0.05194,0.07093,0.05425
0.10099,0.04932,0.16720,0.17590,0.08945,0.06250,0.09974,0.06616,0.04316,0.05146,0.05394,0.04019
0.10108,0.04090,0.16555,0.16305,0.08409,0.05793,0.10922,0.06614,0.04013,0.04327,0.07245,0.05619
0.13017,0.04068,0.17649,0.16477,0.10586,0.06495,0.11024,0.05967,0.03683,0.04187,0.03497,0.03350
0.11022,0.04289,0.16662,0.15985,0.08882,0.07313,0.08650,0.06150,0.04178,0.04660,0.07820,0.04392
0.09575,0.04382,0.16144,0.18241,0.09672,0.06807,0.09945,0.07564,0.03928,0.04729,0.05043,0.03970
0.10942,0.03525,0.18264,0.24274,0.08308,0.05991,0.09043,0.05543,0.03448,0.04128,0.03677,0.02856
0.09619,0.03861,0.17600,0.17376,0.08858,0.06489,0.12762,0.07143,0.04373,0.04621,0.03216,0.04082
0.10621,0.04631,0.16837,0.13930,0.10565,0.07627,0.10274,0.07986,0.05455,0.05400,0.02884,0.03789
0.12003,0.04513,0.22425,0.20130,0.07753,0.06197,0.09269,0.05943,0.03624,0.04421,0.02002,0.01720
0.10362,0.05207,0.13315,0.13984,0.09274,0.07396,0.09407,0.06797,0.04432,0.05220,0.07600,0.07007
0.09852,0.04135,0.19096,0.15499,0.10717,0.06887,0.09974,0.07128,0.04165,0.04716,0.03801,0.04029
0.09202,0.05052,0.15258,0.13937,0.09676,0.07585,0.09766,0.06836,0.04146,0.05572,0.07392,0.05577
0.09514,0.04382,0.14245,0.13596,0.09679,0.06240,0.06844,0.07803,0.04959,0.05393,0.09769,0.07576
0.12043,0.02733,0.16999,0.22266,0.10834,0.04625,0.08208,0.07713,0.02896,0.03360,0.04508,0.03815
0.10264,0.04273,0.16860,0.16689,0.09083,0.06802,0.09295,0.07620,0.04662,0.05577,0.04667,0.04207
0.09978,0.04024,0.14409,0.15526,0.08009,0.06702,0.08844,0.07181,0.04336,0.05012,0.10607,0.05371
0.10504,0.03616,0.11325,0.14570,0.08464,0.06736,0.06938,0.05616,0.04168,0.04611,0.15746,0.07707
0.10991,0.06220,0.12226,0.13560,0.09276,0.09311,0.09959,0.07950,0.05260,0.07024,0.04823,0.03399
0.09083,0.03906,0.20029,0.16210,0.08253,0.05183,0.11995,0.04555,0.03139,0.04291,0.08931,0.04426
0.10321,0.04871,0.18167,0.17869,0.08646,0.06814,0.09792,0.07118,0.04123,0.05241,0.03132,0.03905
0.11761,0.03307,0.19279,0.22731,0.09788,0.06302,0.08039,0.06178,0.03997,0.04244,0.02344,0.02031
0.10575,0.04523,0.14552,0.15091,0.09314,0.06479,0.10269,0.07993,0.04629,0.05752,0.06398,0.04425
0.09476,0.05960,0.13671,0.11226,0.09705,0.07622,0.09223,0.08480,0.06289,0.07234,0.06165,0.04948
0.09189,0.04167,0.14455,0.19124,0.08664,0.06707,0.08646,0.06896,0.03576,0.05112,0.07408,0.06057
0.11924,0.04596,0.14106,0.14719,0.10056,0.07353,0.11254,0.06686,0.04363,0.04426,0.06569,0.03949
0.09888,0.03481,0.23000,0.20444,0.09102,0.06170,0.08115,0.06058,0.03087,0.04040,0.03688,0.02928
0.10137,0.04709,0.17500,0.14563,0.09990,0.07503,0.09781,0.06688,0.05003,0.05901,0.03779,0.04447
0.09768,0.04078,0.20663,0.15493,0.09362,0.06040,0.12203,0.06015,0.03725,0.04371,0.03784,0.04497
0.07070,0.03962,0.13486,0.12035,0.06713,0.07623,0.26413,0.04664,0.03659,0.04565,0.05442,0.04367
0.12321,0.05001,0.14694,0.15478,0.09966,0.08197,0.08336,0.08756,0.04878,0.05293,0.03917,0.03164
0.08540,0.03785,0.19289,0.15418,0.08551,0.06617,0.13221,0.04814,0.03323,0.03954,0.06047,0.06443
0.10038,0.03432,0.20145,0.18084,0.09058,0.05705,0.11622,0.08567,0.03584,0.04631,0.02680,0.02454
0.10137,0.05007,0.14572,0.13518,0.08845,0.07801,0.08724,0.07548,0.04724,0.06053,0.07199,0.05870
0.09660,0.06020,0.12082,0.15439,0.09632,0.08963,0.11415,0.08919,0.06377,0.06115,0.02858,0.02520
0.10259,0.04719,0.17751,0.14184,0.09770,0.07427,0.09637,0.07814,0.04986,0.05642,0.03658,0.04153
0.10524,0.05677,0.11812,0.12648,0.10458,0.07416,0.09340,0.07536,0.05368,0.06007,0.06111,0.07103
0.09866,0.03715,0.15351,0.17162,0.08913,0.06654,0.11030,0.07145,0.03973,0.04660,0.07239,0.04293
0.10398,0.04134,0.16009,0.16129,0.10211,0.07120,0.08423,0.07497,0.04431,0.05413,0.05344,0.04890
0.12322,0.04184,0.10329,0.16104,0.09828,0.07777,0.07117,0.08045,0.04734,0.05695,0.07976,0.05890
0.10127,0.05540,0.12364,0.12755,0.09713,0.07579,0.08984,0.07881,0.05343,0.06773,0.06298,0.06642
0.10511,0.06103,0.11232,0.12873,0.09794,0.08571,0.09273,0.07952,0.05596,0.06746,0.05811,0.05536
0.08398,0.04241,0.11744,0.14201,0.07982,0.05740,0.07807,0.06531,0.04037,0.04745,0.15956,0.08617
0.09900,0.03400,0.18657,0.19797,0.07905,0.06607,0.10291,0.05266,0.03365,0.04635,0.05668,0.04509
0.11390,0.03557,0.19370,0.19978,0.10725,0.05929,0.09317,0.05330,0.03259,0.03627,0.04142,0.03376
0.10885,0.04325,0.14416,0.17179,0.08447,0.07267,0.10563,0.07851,0.04450,0.05478,0.04880,0.04260
0.10595,0.04752,0.15494,0.14227,0.09508,0.07503,0.11001,0.07406,0.04667,0.06059,0.04606,0.04182
0.10184,0.04167,0.14491,0.13822,0.08338,0.07537,0.10018,0.06401,0.04550,0.05037,0.06726,0.08731
0.09364,0.05268,0.16475,0.18640,0.09082,0.07913,0.09278,0.06888,0.03933,0.05555,0.03606,0.03998
0.10491,0.04011,0.18463,0.19734,0.08847,0.06392,0.09667,0.05822,0.04186,0.04618,0.04714,0.03056
0.10330,0.05216,0.16058,0.15877,0.10969,0.06649,0.10536,0.06052,0.04536,0.05586,0.04437,0.03754
0.09781,0.03284,0.15883,0.16288,0.08042,0.07009,0.09067,0.05631,0.03555,0.04879,0.10851,0.05729
0.08327,0.02977,0.17103,0.20965,0.07324,0.04600,0.08874,0.04804,0.02620,0.03599,0.14692,0.04116
0.11583,0.03585,0.22416,0.17297,0.08732,0.06186,0.10997,0.06260,0.03775,0.04068,0.02173,0.02929
0.10047,0.04111,0.23054,0.17051,0.08794,0.07147,0.09316,0.06283,0.03731,0.05091,0.02755,0.02621
0.10178,0.05608,0.15154,0.13733,0.10028,0.07377,0.10965,0.07532,0.04443,0.05853,0.04562,0.04567
0.09072,0.03426,0.19576,0.12435,0.08441,0.05945,0.08913,0.05288,0.03708,0.04179,0.07289,0.11728
0.10427,0.06331,0.15250,0.15102,0.08220,0.07711,0.09052,0.07155,0.04364,0.05892,0.04756,0.05739
0.05994,0.03448,0.07903,0.08549,0.06227,0.04736,0.06277,0.04840,0.03123,0.03552,0.38794,0.06557
0.11317,0.04483,0.17529,0.16228,0.09585,0.05911,0.10963,0.06251,0.03624,0.05047,0.04676,0.04386
0.09521,0.05480,0.12793,0.12117,0.09252,0.07318,0.10097,0.07719,0.05448,0.06755,0.06802,0.06699
0.08956,0.03491,0.17750,0.19026,0.09507,0.05536,0.08911,0.04731,0.03405,0.04171,0.08427,0.06087
0.09005,0.03269,0.14534,0.17033,0.07280,0.05649,0.08446,0.05274,0.02638,0.03664,0.17451,0.05756
0.09733,0.04485,0.18101,0.17100,0.09688,0.07335,0.09243,0.07293,0.04919,0.04728,0.03112,0.04263
0.11484,0.04683,0.15335,0.18949,0.10190,0.07090,0.10038,0.06302,0.04445,0.05593,0.03232,0.02659
0.11983,0.03619,0.15077,0.17900,0.08821,0.06467,0.08557,0.07186,0.03595,0.04084,0.06995,0.05715
0.09560,0.05336,0.15519,0.18168,0.09436,0.08122,0.10803,0.06191,0.03928,0.05004,0.04214,0.03719
0.10088,0.04042,0.17742,0.15551,0.08259,0.04988,0.07913,0.05854,0.03249,0.04229,0.07824,0.10262
0.10378,0.04579,0.18690,0.15130,0.09180,0.06378,0.12114,0.06287,0.03966,0.04474,0.04908,0.03917
0.10742,0.03914,0.16794,0.20344,0.09954,0.06387,0.09093,0.06764,0.04225,0.04772,0.03950,0.03061
0.09940,0.03969,0.19485,0.16910,0.09187,0.06793,0.11922,0.06307,0.03955,0.04891,0.02945,0.03696
0.12897,0.03181,0.16438,0.20837,0.09111,0.06075,0.10730,0.05871,0.03676,0.04340,0.03206,0.03638
0.10109,0.03953,0.17459,0.18644,0.09666,0.05898,0.10338,0.09372,0.03477,0.04410,0.03102,0.03572
0.09761,0.03607,0.24955,0.21315,0.08345,0.06574,0.08462,0.05692,0.02892,0.03840,0.02207,0.02349
0.11420,0.04296,0.14479,0.17460,0.10798,0.06213,0.08251,0.08502,0.03942,0.04372,0.06657,0.03609
0.09939,0.03235,0.22219,0.19948,0.07940,0.05597,0.11588,0.06358,0.02976,0.03869,0.03029,0.03301
0.09192,0.05585,0.12299,0.11393,0.08338,0.08133,0.17498,0.06201,0.04892,0.05663,0.06233,0.04571
