0.16331,0.18250,0.40214,0.25206
0.08870,0.10607,0.51748,0.28775
0.14675,0.17661,0.46167,0.21498
0.09782,0.11136,0.62614,0.16469
0.13035,0.14584,0.21683,0.50698
0.14196,0.16641,0.28241,0.40923
0.15587,0.17802,0.39032,0.27579
0.19895,0.23668,0.37036,0.19400
0.07684,0.28433,0.33510,0.30373
0.06974,0.08151,0.54511,0.30364
0.13140,0.16004,0.25738,0.45117
0.13896,0.16646,0.48172,0.21286
0.10246,0.11627,0.38942,0.39185
0.08539,0.10071,0.48448,0.32943
0.17909,0.21181,0.36498,0.24412
0.07866,0.07738,0.43344,0.41052
0.11466,0.14806,0.13240,0.60488
0.02575,0.02999,0.47628,0.46798
0.14808,0.18051,0.35997,0.31145
0.17322,0.21382,0.39167,0.22129
0.16118,0.17664,0.49173,0.17044
0.23431,0.26650,0.22557,0.27362
0.10797,0.12204,0.29661,0.47338
0.20623,0.17104,0.30855,0.31418
0.18901,0.17369,0.17438,0.46292
0.07862,0.26095,0.29001,0.37042
0.17532,0.20825,0.27482,0.34162
0.08420,0.38628,0.28828,0.24124
0.26591,0.18215,0.22237,0.32958
0.05193,0.06693,0.64277,0.23837
0.18075,0.21349,0.36063,0.24513
0.18294,0.21800,0.31047,0.28860
0.23627,0.27874,0.22513,0.25985
0.16073,0.18498,0.25964,0.39465
0.21624,0.25959,0.31838,0.20579
0.11984,0.14239,0.38875,0.34902
0.22241,0.26994,0.28123,0.22643
0.28296,0.34839,0.22640,0.14226
0.13551,0.16841,0.35305,0.34303
0.06223,0.07195,0.24586,0.61996
0.19846,0.23642,0.24583,0.31929
0.15171,0.06441,0.47246,0.31142
0.24079,0.27361,0.29715,0.18845
0.14948,0.24560,0.33333,0.27159
0.19730,0.16223,0.25158,0.38889
0.18639,0.20768,0.45452,0.15141
0.15741,0.19041,0.35217,0.30001
0.07340,0.23308,0.38007,0.31345
0.08891,0.10179,0.40863,0.40067
0.26418,0.31936,0.19429,0.22217
0.19544,0.30949,0.27855,0.21653
0.18632,0.14403,0.47046,0.19919
0.16905,0.28667,0.27007,0.27421
0.19787,0.22717,0.29483,0.28012
0.26930,0.17136,0.37421,0.18513
0.04715,0.05534,0.21411,0.68341
0.09276,0.10609,0.23122,0.56993
0.27233,0.31451,0.25427,0.15888
0.17422,0.20946,0.19173,0.42458
0.12176,0.14645,0.28303,0.44876
0.22482,0.13571,0.42934,0.21013
0.13608,0.16521,0.36856,0.33016
0.20417,0.25054,0.29976,0.24554
0.08960,0.11110,0.51283,0.28646
0.14622,0.17310,0.29321,0.38747
0.19137,0.23149,0.34940,0.22774
0.11743,0.14452,0.50310,0.23495
0.20293,0.24778,0.32187,0.22742
0.21900,0.26093,0.33094,0.18914
0.23559,0.28120,0.25746,0.22575
0.11202,0.14044,0.23230,0.51524
0.12294,0.14473,0.27179,0.46055
0.34027,0.25199,0.21415,0.19359
0.23017,0.18021,0.31794,0.27167
0.15915,0.13713,0.49871,0.20501
0.16362,0.23348,0.26802,0.33488
0.07670,0.18478,0.28196,0.45656
0.09189,0.11085,0.50792,0.28935
0.14357,0.16586,0.41993,0.27063
0.26187,0.19228,0.26842,0.27743
0.20583,0.25187,0.23654,0.30576
0.18035,0.20419,0.51668,0.09879
0.03290,0.12186,0.51762,0.32762
0.18192,0.22247,0.22179,0.37383
0.06321,0.07237,0.49745,0.36696
0.24632,0.28958,0.27773,0.18637
0.16333,0.19414,0.44730,0.19522
0.17302,0.20993,0.29952,0.31753
0.18526,0.18967,0.44236,0.18271
0.10349,0.12037,0.39295,0.38319
0.08392,0.09397,0.58837,0.23374
0.17245,0.11624,0.29756,0.41375
0.20051,0.24352,0.36014,0.19583
0.24502,0.28007,0.24485,0.23005
0.04216,0.20935,0.47040,0.27809
0.23886,0.30144,0.15397,0.30573
0.10398,0.12888,0.50212,0.26502
0.17002,0.20473,0.20813,0.41711
0.18973,0.23081,0.25995,0.31951
0.21199,0.25613,0.37304,0.15884
0.17771,0.12790,0.35116,0.34324
0.15733,0.27820,0.32672,0.23775
0.13821,0.24312,0.40937,0.20930
0.25417,0.30210,0.22149,0.22224
0.19023,0.22639,0.18974,0.39364
0.19288,0.24002,0.32850,0.23859
0.13479,0.35342,0.33388,0.17790
0.18033,0.22134,0.26332,0.33501
0.20042,0.23171,0.32325,0.24462
0.13993,0.17347,0.44246,0.24414
0.05953,0.15583,0.54947,0.23517
0.16272,0.25632,0.26860,0.31237
0.07941,0.08765,0.45001,0.38293
0.13549,0.16170,0.44474,0.25807
0.19176,0.22916,0.31806,0.26102
0.20080,0.24529,0.43857,0.11534
0.08443,0.17670,0.56929,0.16959
0.18394,0.21731,0.21754,0.38121
0.12447,0.15429,0.27093,0.45032
0.22005,0.26767,0.24858,0.26370
0.31575,0.38614,0.12725,0.17086
0.13416,0.37568,0.31740,0.17276
0.18745,0.19551,0.33179,0.28526
0.18907,0.07561,0.35252,0.38279
0.18901,0.21881,0.27794,0.31424
0.13760,0.16084,0.54860,0.15296
0.21858,0.27244,0.22314,0.28584
0.18774,0.21868,0.42237,0.17121
0.06864,0.24329,0.28006,0.40801
0.11802,0.14167,0.49696,0.24334
0.14128,0.16840,0.45166,0.23866
0.15147,0.18583,0.26635,0.39636
0.22641,0.26620,0.31687,0.19052
0.20554,0.23529,0.19977,0.35940
0.10473,0.11613,0.34174,0.43740
0.13038,0.14981,0.44906,0.27075
0.25406,0.23642,0.24723,0.26229
0.20629,0.18845,0.26815,0.33711
0.12594,0.32146,0.28549,0.26711
0.16811,0.19984,0.18158,0.45047
0.11696,0.51500,0.13343,0.23461
0.16375,0.19397,0.38914,0.25314
0.13893,0.16995,0.42403,0.26709
0.13655,0.15285,0.45789,0.25271
0.06895,0.08481,0.28898,0.55726
0.09288,0.10455,0.51346,0.28912
0.18932,0.22216,0.27473,0.31379
0.16321,0.22689,0.48627,0.12363
0.13063,0.23732,0.22663,0.40542
0.10052,0.09636,0.28401,0.51912
0.14779,0.17204,0.34366,0.33652
0.08223,0.08499,0.28442,0.54836
0.17218,0.21007,0.31793,0.29982
0.16682,0.34989,0.17252,0.31077
0.24963,0.13500,0.35454,0.26083
0.21322,0.21065,0.14575,0.43039
0.12910,0.37081,0.31122,0.18888
0.06836,0.23527,0.46446,0.23191
0.19244,0.23426,0.19889,0.37441
0.19234,0.22345,0.25828,0.32592
0.13025,0.15236,0.51422,0.20316
0.15824,0.14899,0.37166,0.32112
0.28390,0.11524,0.37979,0.22107
0.09417,0.13724,0.54846,0.22014
0.18736,0.20925,0.44531,0.15808
0.21329,0.26536,0.25021,0.27114
0.04876,0.07251,0.33250,0.54622
0.19582,0.22636,0.37748,0.20033
0.20119,0.23619,0.12761,0.43500
0.12188,0.14519,0.22726,0.50568
0.13942,0.16556,0.22312,0.47190
0.22015,0.05962,0.30451,0.41571
0.18174,0.33903,0.16430,0.31492
0.05576,0.06466,0.58367,0.29591
0.17470,0.08910,0.30456,0.43164
0.18921,0.23037,0.31160,0.26881
0.25842,0.30648,0.24042,0.19468
0.27470,0.32807,0.23782,0.15942
0.21751,0.24873,0.30192,0.23184
0.13609,0.15696,0.30546,0.40150
0.20938,0.26268,0.23793,0.29001
0.28882,0.11796,0.35073,0.24249
0.26550,0.15464,0.39370,0.18615
0.15514,0.18072,0.40207,0.26206
0.17766,0.21082,0.39267,0.21884
0.18927,0.22788,0.27503,0.30781
0.15249,0.10776,0.22608,0.51367
0.12492,0.15437,0.43107,0.28965
0.14384,0.16367,0.41094,0.28155
0.15050,0.41930,0.25751,0.17268
0.16621,0.17666,0.36922,0.28790
0.12556,0.13665,0.44217,0.29561
0.23346,0.27130,0.29148,0.20376
0.10050,0.12653,0.39289,0.38008
0.23140,0.27271,0.30402,0.19187
0.11440,0.13815,0.43111,0.31634
0.14418,0.16345,0.49905,0.19332
0.15896,0.13153,0.40727,0.30225
0.11096,0.39256,0.24373,0.25275
0.25453,0.30843,0.24294,0.19410
0.15302,0.18658,0.39403,0.26637
0.16797,0.19253,0.37528,0.26421
0.11875,0.14135,0.44301,0.29690
0.17880,0.21662,0.19384,0.41074
0.10772,0.12370,0.28936,0.47922
0.13648,0.09899,0.48023,0.28430
0.14902,0.16427,0.27046,0.41625
0.23492,0.28993,0.30377,0.17139
0.17776,0.21512,0.25593,0.35119
0.19496,0.22861,0.40282,0.17361
0.18942,0.23164,0.32466,0.25428
0.19287,0.23064,0.24463,0.33185
0.12950,0.15167,0.56196,0.15687
0.15813,0.18010,0.37467,0.28710
0.06279,0.23259,0.35911,0.34551
0.16840,0.18035,0.51207,0.13918
0.16926,0.18339,0.50299,0.14436
0.25194,0.28859,0.21016,0.24931
0.28875,0.15673,0.31740,0.23712
0.18827,0.12162,0.43040,0.25971
0.12933,0.14338,0.44654,0.28075
0.16037,0.18572,0.54015,0.11376
0.12588,0.13969,0.45567,0.27876
0.17472,0.23931,0.29692,0.28905
0.11171,0.13728,0.45401,0.29700
0.15939,0.18439,0.20364,0.45257
0.15256,0.16001,0.45194,0.23549
0.12071,0.14473,0.43692,0.29764
0.15708,0.19087,0.38084,0.27120
0.09312,0.14851,0.41107,0.34730
0.27656,0.32667,0.25073,0.14605
0.16208,0.19712,0.52466,0.11615
0.11366,0.12269,0.37130,0.39235
0.19949,0.25358,0.24388,0.30306
0.22772,0.26902,0.28198,0.22128
0.08400,0.27977,0.30274,0.33349
0.17240,0.21005,0.42619,0.19136
0.16436,0.18084,0.38524,0.26955
0.19031,0.23163,0.29115,0.28692
0.14227,0.23647,0.42322,0.19804
0.16002,0.18702,0.32071,0.33226
0.20940,0.24697,0.28047,0.26316
0.22437,0.26849,0.27747,0.22966
0.21893,0.25608,0.28963,0.23537
0.14593,0.28933,0.32336,0.24139
0.14678,0.16579,0.25349,0.43395
0.13003,0.25966,0.21532,0.39499
0.06937,0.09016,0.29340,0.54706
0.12149,0.14908,0.25407,0.47537
0.19184,0.23908,0.33819,0.23088
0.18891,0.24032,0.28794,0.28283
0.10809,0.13814,0.42921,0.32456
0.18481,0.21960,0.25053,0.34506
0.09506,0.32959,0.38861,0.18675
0.17994,0.21385,0.43706,0.16915
0.06134,0.21599,0.22736,0.49531
0.10488,0.12511,0.15435,0.61566
0.20541,0.18585,0.41355,0.19519
0.09712,0.34118,0.26037,0.30134
0.14194,0.16719,0.37303,0.31784
0.13759,0.15017,0.52659,0.18566
0.12646,0.13793,0.48174,0.25386
0.16297,0.19705,0.23404,0.40594
0.35824,0.19896,0.19178,0.25102
0.15700,0.11833,0.36874,0.35593
0.16273,0.18165,0.43111,0.22451
0.17088,0.19911,0.29075,0.33926
0.18199,0.20989,0.35672,0.25139
0.12511,0.14149,0.38458,0.34882
0.16049,0.20127,0.26706,0.37117
0.13813,0.16079,0.19820,0.50289
0.11104,0.13365,0.49016,0.26515
0.21177,0.25022,0.35936,0.17866
0.17745,0.19315,0.31903,0.31037
0.05491,0.19824,0.53012,0.21673
0.13306,0.14636,0.40293,0.31765
0.12306,0.15008,0.48460,0.24226
0.17233,0.18612,0.35719,0.28436
0.23853,0.28121,0.19973,0.28053
0.12926,0.16299,0.23776,0.46999
0.22489,0.29767,0.29195,0.18549
0.14016,0.17492,0.38957,0.29535
0.21087,0.24854,0.18444,0.35615
0.10151,0.11808,0.48127,0.29914
0.26127,0.30843,0.18756,0.24274
0.21277,0.25227,0.26268,0.27228
0.05144,0.06072,0.34016,0.54768
0.25287,0.13209,0.29147,0.32356
0.20205,0.24485,0.34666,0.20643
0.11170,0.12612,0.44325,0.31893
0.16786,0.19020,0.26771,0.37423
0.09837,0.11433,0.35788,0.42942
0.34509,0.13746,0.20546,0.31199
0.17508,0.20615,0.32324,0.29553
0.18090,0.21220,0.22710,0.37980
0.23101,0.27246,0.29647,0.20006
0.19369,0.23206,0.27463,0.29961
0.37658,0.12034,0.30740,0.19568
0.18386,0.21812,0.21427,0.38375
0.24713,0.13901,0.40579,0.20808
