0.00868,0.01330,0.01553,0.02217,0.02501,0.03013,0.39418,0.17162,0.02288,0.01461,0.00923,0.00867,0.10731,0.00559,0.01008,0.00316,0.10948,0.00529,0.00470,0.01841
0.00809,0.01248,0.01280,0.10510,0.29259,0.05176,0.02455,0.07100,0.04189,0.03833,0.21827,0.02752,0.01412,0.01466,0.01524,0.01514,0.00998,0.00888,0.00430,0.01329
0.05793,0.01874,0.08885,0.34712,0.04548,0.01585,0.06222,0.04915,0.04779,0.01283,0.01659,0.03716,0.03566,0.02442,0.03881,0.00867,0.01992,0.00861,0.02466,0.03955
0.03320,0.02141,0.03260,0.02346,0.01756,0.07685,0.01193,0.01161,0.05566,0.15605,0.10388,0.10237,0.00689,0.01244,0.00922,0.05411,0.22116,0.00386,0.02006,0.02567
0.01843,0.02048,0.01931,0.21594,0.08600,0.01996,0.01095,0.02130,0.01112,0.24291,0.11931,0.01206,0.01556,0.08787,0.00657,0.05350,0.00960,0.01241,0.01081,0.00591
0.09666,0.06090,0.04413,0.04990,0.04939,0.05107,0.03001,0.09354,0.02022,0.05669,0.02842,0.05430,0.01444,0.01428,0.03058,0.01984,0.06316,0.01947,0.17950,0.02350
0.01345,0.01223,0.05021,0.34805,0.03389,0.04361,0.02077,0.02261,0.04637,0.02689,0.05704,0.03218,0.05856,0.03198,0.10275,0.01386,0.02318,0.01863,0.00690,0.03682
0.02019,0.02146,0.05836,0.48482,0.02837,0.01734,0.02373,0.02963,0.04011,0.01765,0.01823,0.01989,0.09243,0.03644,0.03030,0.00743,0.01445,0.00974,0.01422,0.01520
0.01707,0.00927,0.03916,0.16735,0.25463,0.01550,0.01639,0.02216,0.04228,0.01914,0.12062,0.03779,0.01983,0.03866,0.01327,0.10412,0.01303,0.00818,0.01080,0.03074
0.03685,0.02986,0.07720,0.30799,0.01974,0.02527,0.04802,0.02790,0.03029,0.02475,0.03222,0.03830,0.04515,0.04841,0.05270,0.03438,0.02460,0.01126,0.02667,0.05843
0.04566,0.10716,0.01169,0.00966,0.02115,0.36607,0.01117,0.02624,0.02421,0.05662,0.03737,0.02263,0.03421,0.05849,0.04833,0.01976,0.01298,0.01569,0.02953,0.04138
0.01209,0.02497,0.01573,0.02867,0.03002,0.20093,0.03170,0.07256,0.02284,0.04036,0.06076,0.02488,0.07474,0.02123,0.09672,0.01802,0.05115,0.01944,0.01622,0.13697
0.05491,0.02531,0.04017,0.11053,0.09672,0.01826,0.02590,0.04169,0.11033,0.01994,0.03326,0.02710,0.03217,0.03772,0.03681,0.02063,0.10189,0.02324,0.03664,0.10678
0.01486,0.27009,0.05223,0.01230,0.26140,0.01405,0.01022,0.05645,0.01949,0.00936,0.01732,0.02193,0.01162,0.14034,0.01226,0.02390,0.01451,0.01415,0.00736,0.01618
0.01804,0.02616,0.04461,0.17178,0.08884,0.02096,0.02332,0.05229,0.12204,0.01839,0.04105,0.02074,0.08272,0.12081,0.04037,0.01667,0.03051,0.01966,0.01164,0.02940
0.02725,0.01659,0.04522,0.06356,0.09341,0.02174,0.04437,0.05964,0.04499,0.02764,0.07748,0.19144,0.04435,0.03305,0.03662,0.03244,0.02337,0.00676,0.02114,0.08893
0.01155,0.02042,0.05584,0.15617,0.07155,0.02624,0.02306,0.03060,0.10476,0.03002,0.05619,0.02623,0.02211,0.24889,0.01484,0.02129,0.01358,0.01934,0.00892,0.03841
0.03368,0.01824,0.02158,0.14204,0.20913,0.05012,0.02263,0.04219,0.13993,0.03499,0.01152,0.02034,0.00940,0.17080,0.00643,0.02054,0.01345,0.00525,0.00619,0.02155
0.04371,0.03905,0.01737,0.03323,0.03119,0.08321,0.02441,0.05889,0.02677,0.04933,0.07335,0.03266,0.06719,0.09114,0.14733,0.03680,0.02852,0.01267,0.05413,0.04906
0.08745,0.01867,0.02412,0.19331,0.06234,0.02233,0.06937,0.07428,0.06827,0.04988,0.04046,0.05015,0.02789,0.01898,0.02046,0.01770,0.04039,0.01738,0.05697,0.03960
0.02427,0.11516,0.01741,0.03162,0.14682,0.02600,0.01142,0.07991,0.02137,0.03576,0.02469,0.01459,0.02116,0.27412,0.04522,0.01173,0.02973,0.02219,0.02819,0.01864
0.03086,0.21388,0.08208,0.03311,0.02863,0.04556,0.04795,0.07637,0.01508,0.04580,0.06905,0.05655,0.01537,0.01608,0.02732,0.02604,0.03024,0.03234,0.09267,0.01500
0.01647,0.01796,0.04317,0.42607,0.01435,0.02797,0.02403,0.02497,0.02192,0.01457,0.02207,0.01309,0.15642,0.04416,0.07322,0.00630,0.00992,0.01811,0.01067,0.01458
0.15239,0.03363,0.03512,0.02852,0.02417,0.05110,0.02074,0.02612,0.02833,0.03569,0.04802,0.02056,0.03845,0.03870,0.14291,0.01816,0.03020,0.01529,0.17092,0.04100
0.01249,0.03594,0.04651,0.07273,0.18511,0.04503,0.02616,0.09778,0.03373,0.03051,0.04709,0.02792,0.02310,0.11621,0.01456,0.07540,0.02530,0.02492,0.00848,0.05101
0.06801,0.01138,0.05183,0.13368,0.02172,0.02216,0.01760,0.01228,0.04032,0.39873,0.03159,0.02702,0.00853,0.00935,0.01650,0.02278,0.02523,0.01584,0.02293,0.04251
0.03923,0.04992,0.08065,0.05019,0.12869,0.02860,0.06112,0.04731,0.02878,0.03336,0.09333,0.05895,0.02095,0.02909,0.01171,0.04412,0.02320,0.12343,0.02331,0.02406
0.08697,0.08369,0.02195,0.01850,0.02255,0.03515,0.02898,0.06952,0.02639,0.01563,0.01193,0.01837,0.02487,0.01389,0.05634,0.00702,0.05045,0.01191,0.35249,0.04339
0.08157,0.08861,0.01331,0.02439,0.01370,0.04190,0.02963,0.03592,0.01668,0.04522,0.03558,0.02962,0.08873,0.13737,0.20049,0.02689,0.01434,0.00531,0.05620,0.01456
0.02781,0.02030,0.02172,0.03104,0.04273,0.01813,0.02377,0.03709,0.06170,0.02037,0.20352,0.04189,0.11539,0.03519,0.14462,0.05375,0.03362,0.01509,0.01699,0.03527
0.13502,0.01657,0.03332,0.05048,0.04986,0.01414,0.09946,0.03035,0.05462,0.03332,0.03814,0.19741,0.02507,0.01896,0.02530,0.03648,0.03692,0.01417,0.05083,0.03958
0.21119,0.02119,0.04433,0.10699,0.12154,0.02124,0.03331,0.04288,0.01989,0.02544,0.07141,0.06311,0.02062,0.03342,0.01833,0.07336,0.01768,0.01045,0.03160,0.01202
0.05493,0.02894,0.02394,0.11567,0.03377,0.08643,0.01859,0.03431,0.02391,0.22769,0.05589,0.03458,0.02736,0.07052,0.03001,0.04717,0.01948,0.02135,0.02625,0.01922
0.01646,0.01191,0.02478,0.22374,0.28455,0.01863,0.03406,0.04790,0.03454,0.05938,0.02845,0.10554,0.01187,0.01319,0.00991,0.02637,0.01030,0.00663,0.01102,0.02075
0.09374,0.01144,0.02615,0.05379,0.00924,0.01216,0.07154,0.01396,0.05192,0.01043,0.00917,0.01619,0.00931,0.00579,0.01027,0.00411,0.01212,0.00536,0.55018,0.02313
0.00871,0.01088,0.01251,0.60232,0.01059,0.15027,0.00809,0.01502,0.01577,0.02072,0.01065,0.00653,0.02320,0.04153,0.02114,0.00766,0.00775,0.01374,0.00418,0.00874
0.07674,0.04568,0.01894,0.01933,0.05600,0.27248,0.01437,0.05758,0.02636,0.04651,0.02217,0.02460,0.02595,0.03124,0.10785,0.00975,0.02776,0.02627,0.03216,0.05827
0.15998,0.02530,0.00938,0.02309,0.04071,0.03650,0.01190,0.03061,0.09529,0.15691,0.05700,0.05562,0.01249,0.01586,0.02178,0.01871,0.03616,0.02690,0.10949,0.05633
0.03035,0.01262,0.01332,0.32861,0.01879,0.03657,0.02108,0.03275,0.15694,0.01418,0.01909,0.01882,0.03783,0.17413,0.02639,0.01143,0.01191,0.01407,0.00738,0.01373
0.14862,0.03504,0.02295,0.00877,0.09494,0.01517,0.00801,0.02270,0.01285,0.02163,0.04447,0.02661,0.00522,0.00755,0.00869,0.02281,0.02212,0.02957,0.42419,0.01809
0.01916,0.03226,0.02552,0.02389,0.12218,0.06636,0.01853,0.16389,0.02454,0.04009,0.04080,0.04391,0.05072,0.02081,0.22884,0.01114,0.01711,0.01000,0.01895,0.02129
0.09883,0.06474,0.01243,0.03867,0.13738,0.03752,0.01870,0.04892,0.13099,0.02979,0.02361,0.02768,0.01501,0.19942,0.01562,0.01416,0.01664,0.02784,0.01725,0.02481
0.24830,0.02885,0.02517,0.03072,0.02644,0.03206,0.01075,0.02116,0.01348,0.03087,0.02860,0.01148,0.05432,0.06397,0.29734,0.00947,0.01057,0.00924,0.03675,0.01048
0.01576,0.01268,0.05678,0.20599,0.13445,0.05311,0.03687,0.11484,0.02851,0.02803,0.03357,0.03906,0.04548,0.01596,0.08510,0.00979,0.01806,0.02026,0.01212,0.03358
0.02772,0.05679,0.01487,0.04328,0.02431,0.06857,0.02846,0.04719,0.13235,0.03884,0.06612,0.03360,0.05517,0.06385,0.06846,0.02282,0.07289,0.04085,0.02477,0.06907
0.03157,0.01057,0.01059,0.05947,0.26911,0.03368,0.05165,0.17629,0.06512,0.03053,0.05095,0.06277,0.01279,0.01210,0.01067,0.05376,0.01704,0.00553,0.00723,0.02857
0.03572,0.03674,0.06062,0.08218,0.10138,0.04698,0.02945,0.07483,0.06084,0.06056,0.02745,0.04011,0.05200,0.06339,0.08995,0.01613,0.02485,0.02866,0.01533,0.05282
0.02088,0.18183,0.13949,0.02188,0.04945,0.02780,0.01939,0.05213,0.02992,0.02068,0.01884,0.02798,0.00912,0.01017,0.02621,0.00739,0.03941,0.06395,0.02738,0.20610
0.01927,0.28580,0.03686,0.05579,0.01006,0.05874,0.03364,0.03358,0.02090,0.04467,0.01159,0.02894,0.02275,0.01475,0.17693,0.00664,0.02544,0.01210,0.07127,0.03029
0.00996,0.01234,0.01698,0.11729,0.04684,0.02079,0.01164,0.01435,0.01096,0.08191,0.25428,0.01426,0.00919,0.01420,0.00627,0.32155,0.00862,0.01019,0.00688,0.01146
0.08004,0.01926,0.01816,0.27680,0.02673,0.01891,0.06222,0.04591,0.09365,0.02312,0.03146,0.08263,0.03256,0.03875,0.04323,0.01633,0.02309,0.00717,0.02562,0.03436
0.01833,0.02032,0.07582,0.33824,0.01278,0.01711,0.03619,0.01606,0.05403,0.03213,0.02619,0.02459,0.18859,0.03683,0.02957,0.01072,0.01040,0.00795,0.00727,0.03686
0.06455,0.04122,0.19234,0.01484,0.25566,0.04514,0.01659,0.04392,0.01280,0.01901,0.04394,0.02181,0.01227,0.01176,0.02585,0.01095,0.01606,0.07137,0.05984,0.02009
0.24333,0.03578,0.01275,0.02440,0.01901,0.07718,0.01797,0.03396,0.01849,0.03180,0.01897,0.00916,0.09229,0.02809,0.26150,0.00570,0.01358,0.00862,0.03470,0.01273
0.15944,0.01478,0.02144,0.02683,0.24890,0.05140,0.04173,0.04255,0.02678,0.04483,0.03560,0.03192,0.07421,0.01494,0.09079,0.01196,0.02324,0.01010,0.01146,0.01711
0.02059,0.11602,0.02043,0.08862,0.28494,0.03089,0.01263,0.14055,0.01859,0.06413,0.01717,0.01734,0.00857,0.06112,0.00762,0.03347,0.02035,0.01021,0.01424,0.01253
0.02233,0.26247,0.05921,0.03048,0.02237,0.03701,0.02479,0.04421,0.01586,0.04576,0.02907,0.02173,0.04332,0.02145,0.17164,0.01134,0.02726,0.01622,0.05885,0.03462
0.01387,0.22440,0.02338,0.02115,0.02661,0.01096,0.01056,0.01554,0.04042,0.01937,0.12523,0.01860,0.01053,0.24905,0.01412,0.11374,0.01782,0.01550,0.00792,0.02121
0.19404,0.23216,0.01531,0.01038,0.03083,0.02270,0.01126,0.01749,0.01109,0.01730,0.08553,0.01509,0.02007,0.17312,0.01854,0.05565,0.01529,0.01330,0.03063,0.01021
0.02891,0.08391,0.01196,0.01350,0.03135,0.03490,0.00818,0.02563,0.00968,0.32573,0.07687,0.01506,0.00924,0.02957,0.01090,0.19954,0.01127,0.01310,0.04146,0.01924
0.05659,0.07977,0.06612,0.07041,0.03516,0.04547,0.07122,0.05694,0.04564,0.02923,0.02738,0.03574,0.03931,0.04580,0.06812,0.01736,0.03839,0.08306,0.04084,0.04746
0.03982,0.02835,0.04421,0.03744,0.03722,0.02922,0.03604,0.05095,0.02325,0.01705,0.07796,0.14148,0.04731,0.03417,0.02546,0.04131,0.01627,0.00512,0.22036,0.04700
0.01136,0.02505,0.02114,0.04469,0.33766,0.05106,0.02257,0.07442,0.01629,0.11863,0.11244,0.04367,0.01707,0.01652,0.01339,0.03417,0.01120,0.00657,0.00674,0.01535
0.04176,0.38443,0.01590,0.00969,0.02165,0.09427,0.01842,0.03280,0.03044,0.01961,0.02487,0.04367,0.02779,0.02871,0.04457,0.03640,0.04647,0.02614,0.01724,0.03518
0.02808,0.02247,0.02575,0.14918,0.03580,0.04972,0.03712,0.04680,0.10899,0.09133,0.03301,0.10598,0.03934,0.08427,0.02228,0.03991,0.01431,0.01040,0.01420,0.04105
0.08703,0.17939,0.01477,0.02825,0.08539,0.02668,0.01604,0.15444,0.04034,0.02007,0.02300,0.01443,0.03133,0.11478,0.04739,0.00985,0.03946,0.01266,0.02846,0.02624
0.01121,0.01120,0.07102,0.27974,0.12610,0.02512,0.02318,0.04172,0.02739,0.01773,0.04414,0.02019,0.12389,0.02732,0.06166,0.00930,0.02610,0.02034,0.00642,0.02622
0.01579,0.16480,0.01827,0.02153,0.03936,0.04637,0.01430,0.16010,0.03841,0.02666,0.02123,0.03872,0.02517,0.18388,0.06675,0.02565,0.03375,0.01502,0.01344,0.03081
0.02184,0.10567,0.02553,0.20284,0.03539,0.02497,0.02263,0.05083,0.04648,0.03438,0.04741,0.02618,0.04418,0.07279,0.07456,0.02611,0.04696,0.03123,0.03422,0.02579
0.01361,0.01266,0.01942,0.58769,0.00971,0.01459,0.01756,0.01539,0.01028,0.00801,0.01836,0.01089,0.07691,0.08575,0.04385,0.01182,0.01274,0.00548,0.00866,0.01660
0.01203,0.03634,0.01872,0.01948,0.00777,0.00980,0.00831,0.00956,0.00950,0.00882,0.01267,0.00731,0.07665,0.02433,0.69427,0.00611,0.01908,0.00484,0.00542,0.00899
0.03623,0.01874,0.02838,0.03320,0.08888,0.03180,0.04091,0.03259,0.09809,0.10557,0.20206,0.06662,0.01655,0.01191,0.01657,0.01952,0.04802,0.02115,0.01347,0.06972
0.02023,0.02562,0.03080,0.06654,0.03293,0.03296,0.01752,0.03859,0.01360,0.03357,0.04842,0.02076,0.11098,0.16958,0.26983,0.01573,0.01094,0.00882,0.01557,0.01702
0.02398,0.04323,0.06880,0.02529,0.13416,0.01269,0.04022,0.20932,0.03019,0.02571,0.01452,0.25503,0.00820,0.01264,0.01236,0.01052,0.01111,0.01112,0.02332,0.02758
0.15465,0.03763,0.08506,0.03768,0.06085,0.02685,0.03122,0.03222,0.03972,0.02065,0.03717,0.05709,0.03353,0.02355,0.12294,0.01963,0.05133,0.05089,0.04397,0.03337
0.03478,0.31964,0.28409,0.01352,0.02149,0.01686,0.02063,0.01689,0.02073,0.01380,0.06434,0.03254,0.01348,0.02399,0.01514,0.03101,0.01779,0.01003,0.01411,0.01515
0.12612,0.01529,0.02149,0.03402,0.11091,0.05615,0.02920,0.05152,0.05075,0.04435,0.07762,0.05600,0.01185,0.01054,0.01898,0.02145,0.02841,0.06713,0.07156,0.09666
0.05681,0.02251,0.02863,0.26531,0.01304,0.01214,0.04299,0.02288,0.31885,0.01302,0.01714,0.01604,0.04089,0.05029,0.01162,0.00979,0.00887,0.00493,0.02892,0.01533
0.01100,0.02012,0.01795,0.04330,0.01488,0.05679,0.02045,0.01724,0.02169,0.37856,0.15877,0.03416,0.01981,0.01856,0.02551,0.05180,0.03054,0.00604,0.00937,0.04346
0.01804,0.32081,0.02647,0.06498,0.02076,0.03665,0.06382,0.05981,0.03807,0.04771,0.03223,0.03798,0.01372,0.01221,0.02218,0.00922,0.02963,0.04449,0.02355,0.07766
0.19968,0.05005,0.02062,0.03497,0.08101,0.03368,0.01730,0.12271,0.01457,0.04375,0.03270,0.03928,0.02498,0.03999,0.05448,0.02268,0.02318,0.00871,0.11331,0.02234
0.07873,0.02311,0.01835,0.02420,0.13341,0.01640,0.01904,0.03733,0.02214,0.03516,0.15973,0.14670,0.01370,0.02603,0.00932,0.13240,0.01350,0.00826,0.06039,0.02210
0.01635,0.11990,0.01994,0.02442,0.02941,0.06430,0.02467,0.07809,0.02271,0.02793,0.08334,0.04621,0.03504,0.19346,0.05068,0.05793,0.02604,0.02308,0.01779,0.03873
0.01142,0.02028,0.04662,0.08937,0.05619,0.02518,0.02405,0.05699,0.02409,0.02277,0.13293,0.04286,0.07232,0.03079,0.16995,0.04606,0.07855,0.01264,0.01528,0.02166
0.01444,0.01746,0.04505,0.10202,0.22434,0.02759,0.01610,0.05105,0.10430,0.06593,0.03263,0.04716,0.03755,0.02661,0.07401,0.01244,0.01690,0.01608,0.00823,0.06009
0.01667,0.00961,0.01544,0.29748,0.01868,0.09222,0.02420,0.02514,0.07454,0.06236,0.03111,0.08345,0.07326,0.03261,0.04562,0.03351,0.01806,0.01302,0.00740,0.02559
0.05813,0.62462,0.01996,0.00726,0.02396,0.02662,0.00998,0.01670,0.01047,0.01052,0.02968,0.00921,0.01156,0.07145,0.00848,0.01283,0.00834,0.01079,0.01782,0.01161
0.13836,0.00630,0.00650,0.00649,0.01134,0.40212,0.22634,0.02705,0.01727,0.02387,0.01036,0.03601,0.02595,0.00546,0.01255,0.02292,0.00587,0.00446,0.00488,0.00590
0.08846,0.01546,0.02294,0.04946,0.20558,0.02356,0.03156,0.05160,0.04207,0.03250,0.03547,0.02774,0.02451,0.01166,0.04193,0.01161,0.09829,0.01679,0.08121,0.08761
0.00956,0.00980,0.03050,0.02651,0.03850,0.51985,0.01362,0.03200,0.01639,0.03950,0.02428,0.02988,0.00780,0.00953,0.01399,0.03311,0.04151,0.05911,0.01014,0.03444
0.03832,0.11360,0.03091,0.03640,0.01972,0.03548,0.04010,0.04096,0.02899,0.01772,0.02852,0.02576,0.04423,0.02444,0.11048,0.01485,0.13346,0.04887,0.12112,0.04607
0.02800,0.05368,0.01500,0.04253,0.01163,0.02407,0.01197,0.01743,0.01715,0.04162,0.01516,0.01306,0.04178,0.09219,0.49469,0.01219,0.01299,0.00876,0.03639,0.00970
0.02017,0.12260,0.01039,0.00778,0.01591,0.45413,0.01144,0.02251,0.00994,0.06244,0.11914,0.01442,0.01199,0.01845,0.00768,0.03048,0.00762,0.01222,0.02107,0.01962
0.01905,0.02647,0.01652,0.03718,0.33388,0.02141,0.01798,0.21334,0.03564,0.03447,0.02815,0.04406,0.01586,0.02909,0.02575,0.02880,0.01963,0.01415,0.01615,0.02241
0.04268,0.06898,0.06475,0.02234,0.07798,0.03696,0.02860,0.10169,0.01546,0.02038,0.03337,0.03563,0.06685,0.05824,0.09390,0.02027,0.03018,0.02571,0.13573,0.02029
0.01581,0.00690,0.01047,0.08514,0.45664,0.04352,0.07737,0.07506,0.03947,0.02710,0.02530,0.06055,0.01040,0.01012,0.00681,0.02252,0.00749,0.00320,0.00397,0.01216
0.05383,0.38523,0.01596,0.01502,0.04676,0.03098,0.01088,0.03241,0.02697,0.02847,0.04468,0.02100,0.01341,0.13221,0.02761,0.03333,0.01947,0.01525,0.02502,0.02151
0.01927,0.05713,0.01850,0.21663,0.01519,0.11921,0.04895,0.07972,0.03911,0.03083,0.03123,0.05381,0.02386,0.07449,0.08492,0.02424,0.01840,0.01034,0.01216,0.02201
0.02114,0.05411,0.13136,0.03551,0.20214,0.01584,0.02569,0.03277,0.03011,0.01890,0.10224,0.03410,0.01398,0.09080,0.00853,0.11518,0.01571,0.01445,0.01207,0.02537
0.01722,0.01374,0.03102,0.22995,0.01452,0.02936,0.02895,0.01856,0.09136,0.04235,0.04767,0.04538,0.12673,0.09384,0.06100,0.04950,0.01285,0.01392,0.01202,0.02004
