0.04262,0.04020,0.03342,0.03549,0.03217,0.03265,0.04239,0.04148,0.03733,0.03598,0.04016,0.04218,0.29164,0.04695,0.08292,0.04552,0.07691
0.04839,0.04683,0.04220,0.03792,0.03328,0.03285,0.03570,0.03223,0.04566,0.04534,0.21147,0.05858,0.07310,0.03581,0.09908,0.03709,0.08447
0.05370,0.05288,0.05096,0.06313,0.04385,0.04151,0.05415,0.05288,0.06220,0.06151,0.04328,0.04438,0.08151,0.04850,0.08444,0.05689,0.10423
0.05227,0.04727,0.06130,0.04741,0.04738,0.04498,0.05296,0.05134,0.03675,0.03750,0.04699,0.05151,0.10248,0.06249,0.06870,0.10107,0.08760
0.04340,0.04495,0.04271,0.03868,0.04614,0.04430,0.04621,0.04643,0.04137,0.04397,0.05448,0.03790,0.13862,0.05629,0.14015,0.04266,0.09175
0.05478,0.04785,0.04612,0.04800,0.09885,0.09710,0.04597,0.04693,0.03807,0.03769,0.03778,0.06456,0.13574,0.04956,0.03733,0.07083,0.04285
0.04642,0.04698,0.04842,0.04295,0.04619,0.04623,0.04281,0.04457,0.04908,0.04718,0.05616,0.06330,0.12204,0.06603,0.07420,0.07566,0.08179
0.05350,0.04944,0.03941,0.04035,0.04512,0.04604,0.08299,0.08119,0.05175,0.05389,0.04475,0.03956,0.13853,0.06981,0.08541,0.03507,0.04318
0.04251,0.04246,0.04925,0.04628,0.04375,0.04431,0.04923,0.05043,0.04348,0.04175,0.05413,0.05222,0.13797,0.04560,0.10053,0.04793,0.10816
0.04001,0.04192,0.04248,0.04677,0.04305,0.04139,0.03870,0.03774,0.03122,0.03100,0.05702,0.03560,0.12487,0.03540,0.14297,0.03807,0.17179
0.04380,0.04294,0.04948,0.04441,0.03794,0.03538,0.06404,0.06394,0.03763,0.03649,0.03890,0.04621,0.17796,0.06498,0.06451,0.07818,0.07322
0.03218,0.03139,0.02946,0.03051,0.02237,0.02240,0.02963,0.02727,0.03485,0.03513,0.03280,0.03164,0.23276,0.03035,0.17073,0.03485,0.17167
0.05811,0.04942,0.04350,0.04297,0.03933,0.04104,0.03721,0.03516,0.03954,0.03878,0.05286,0.03376,0.09422,0.03455,0.15615,0.04426,0.15915
0.04478,0.04586,0.04038,0.03568,0.05304,0.05162,0.04052,0.03937,0.04581,0.04549,0.05243,0.04550,0.26236,0.05721,0.06251,0.04006,0.03737
0.04624,0.04485,0.04556,0.04829,0.03623,0.03683,0.04819,0.04596,0.06404,0.06271,0.04435,0.03872,0.09125,0.03222,0.12317,0.04158,0.14982
0.03514,0.03749,0.03860,0.03991,0.02693,0.02681,0.04140,0.03631,0.03444,0.03527,0.06912,0.03915,0.13312,0.02976,0.15402,0.03069,0.19184
0.04947,0.04943,0.10654,0.12912,0.03160,0.02937,0.03063,0.02956,0.03698,0.03491,0.07264,0.03227,0.11026,0.03689,0.09397,0.03543,0.09095
0.04229,0.04262,0.05198,0.04652,0.03688,0.03693,0.04206,0.04143,0.03856,0.04004,0.11298,0.06525,0.05470,0.06457,0.13322,0.05349,0.09645
0.04593,0.04341,0.03966,0.04013,0.02880,0.02920,0.04201,0.03951,0.04146,0.03808,0.03289,0.03200,0.34943,0.03734,0.05441,0.04769,0.05804
0.04247,0.03972,0.03471,0.03632,0.03304,0.03457,0.05662,0.05966,0.03427,0.03368,0.03608,0.03051,0.16579,0.06661,0.17391,0.03597,0.08606
0.04244,0.04297,0.03974,0.03926,0.05404,0.05267,0.03780,0.03598,0.04487,0.04424,0.23851,0.06454,0.07972,0.03443,0.05334,0.03987,0.05558
0.04046,0.03792,0.03282,0.03570,0.03209,0.03235,0.03740,0.03453,0.03457,0.03493,0.03074,0.03241,0.25239,0.04054,0.12696,0.05179,0.11240
0.04704,0.04664,0.04394,0.04217,0.04672,0.04622,0.07015,0.07219,0.05319,0.05303,0.04433,0.04192,0.09321,0.09063,0.10074,0.05270,0.05517
0.07437,0.07375,0.05960,0.05619,0.03969,0.04138,0.04870,0.05205,0.04362,0.04165,0.05820,0.05364,0.12104,0.04740,0.07939,0.04555,0.06376
0.04841,0.04636,0.04576,0.05330,0.03837,0.03552,0.04177,0.04170,0.08338,0.07871,0.03905,0.05076,0.09841,0.04303,0.10693,0.04582,0.10271
0.03922,0.04234,0.04065,0.04187,0.02909,0.02866,0.04548,0.04627,0.03072,0.03033,0.03185,0.03054,0.29121,0.04332,0.07565,0.04539,0.10741
0.04051,0.04232,0.04811,0.04948,0.03203,0.03179,0.05810,0.05747,0.04307,0.04402,0.05109,0.04854,0.08791,0.05698,0.17802,0.03612,0.09444
0.04804,0.04635,0.05011,0.04271,0.03586,0.03437,0.03903,0.03720,0.04462,0.04305,0.03921,0.04133,0.22226,0.04081,0.09232,0.05117,0.09154
0.05272,0.04829,0.04526,0.04778,0.05106,0.05151,0.04233,0.04001,0.03321,0.03264,0.04306,0.03930,0.07849,0.03533,0.13498,0.04917,0.17487
0.04135,0.03817,0.03706,0.03588,0.03055,0.03144,0.04874,0.04700,0.04012,0.03906,0.02956,0.03486,0.30376,0.04244,0.08514,0.04629,0.06858
0.03769,0.03854,0.03760,0.03926,0.03394,0.03658,0.03884,0.03930,0.03995,0.03800,0.03016,0.03257,0.28369,0.04501,0.11109,0.03729,0.08050
0.03623,0.03929,0.03840,0.04388,0.03944,0.03857,0.03959,0.03995,0.04657,0.04632,0.03559,0.03706,0.32136,0.05808,0.05853,0.04015,0.04101
0.04021,0.04415,0.04402,0.04911,0.04421,0.04337,0.04769,0.04709,0.03582,0.03890,0.03904,0.03415,0.05870,0.05261,0.19739,0.03686,0.14670
0.04060,0.04589,0.04728,0.05604,0.05013,0.05760,0.06560,0.05915,0.05983,0.06130,0.03443,0.04114,0.13522,0.07576,0.08427,0.03844,0.04730
0.05082,0.05073,0.05672,0.05867,0.07856,0.07660,0.04045,0.04327,0.04449,0.04416,0.06393,0.05938,0.05186,0.06110,0.05176,0.10351,0.06400
0.04654,0.05025,0.04807,0.05101,0.04222,0.04199,0.04300,0.04296,0.05905,0.05943,0.04985,0.03925,0.13997,0.03048,0.10280,0.03674,0.11638
0.04631,0.04542,0.05132,0.04729,0.03210,0.03211,0.03575,0.03520,0.04289,0.04467,0.05535,0.04757,0.08220,0.03518,0.16625,0.03836,0.16202
0.04847,0.04974,0.05087,0.04653,0.03266,0.03305,0.03915,0.03788,0.04739,0.04479,0.14481,0.05296,0.07585,0.03959,0.11354,0.03845,0.10428
0.03272,0.03272,0.03694,0.03587,0.01988,0.02122,0.03181,0.02921,0.04090,0.04348,0.03458,0.02952,0.17181,0.02914,0.13432,0.03900,0.23689
0.03952,0.03889,0.03235,0.03122,0.04105,0.03877,0.08401,0.08368,0.02724,0.02651,0.02998,0.04202,0.16730,0.07773,0.09715,0.06408,0.07850
0.05165,0.04818,0.04105,0.04011,0.07897,0.07436,0.05013,0.05389,0.03698,0.03705,0.06126,0.06378,0.10045,0.06116,0.06701,0.06435,0.06961
0.04649,0.04425,0.04252,0.03649,0.06273,0.06305,0.04083,0.04119,0.03506,0.03473,0.11363,0.12654,0.06988,0.04456,0.05971,0.05944,0.07891
0.04127,0.04033,0.03497,0.03698,0.02809,0.02889,0.04978,0.04831,0.03861,0.03787,0.03534,0.03754,0.22173,0.04255,0.12076,0.04359,0.11341
0.03997,0.04130,0.03985,0.03851,0.03387,0.03404,0.05588,0.05459,0.03478,0.03279,0.05311,0.03998,0.11209,0.05975,0.21042,0.03495,0.08411
0.04192,0.04127,0.04660,0.05615,0.03464,0.03306,0.04174,0.04253,0.04630,0.04639,0.05018,0.04586,0.09647,0.03748,0.13255,0.04052,0.16633
0.03320,0.03422,0.03131,0.03287,0.03798,0.03768,0.21932,0.15954,0.04580,0.04670,0.02839,0.02737,0.04014,0.05291,0.06359,0.04369,0.06529
0.05471,0.05390,0.06529,0.07080,0.04356,0.04156,0.03992,0.03778,0.07456,0.07421,0.04429,0.04558,0.11004,0.05073,0.06399,0.05831,0.07075
0.03663,0.03572,0.03731,0.03463,0.03250,0.03275,0.04733,0.04952,0.03589,0.03357,0.03650,0.03350,0.25183,0.04448,0.13987,0.03536,0.08261
0.03669,0.03715,0.04301,0.04496,0.03055,0.03128,0.04138,0.03903,0.03474,0.03194,0.03563,0.03324,0.33933,0.03151,0.07151,0.03567,0.08237
0.04782,0.05224,0.04642,0.05380,0.03878,0.03847,0.03971,0.03928,0.09351,0.08306,0.03475,0.03888,0.21443,0.05343,0.04567,0.04389,0.03586
0.03723,0.03516,0.03372,0.03883,0.03265,0.03201,0.06204,0.06071,0.03294,0.03351,0.04244,0.02664,0.09767,0.05695,0.24429,0.03633,0.09687
0.04392,0.04349,0.05060,0.05181,0.03634,0.03656,0.04433,0.04347,0.04419,0.04485,0.04547,0.03845,0.14178,0.05493,0.12724,0.04936,0.10321
0.03532,0.03303,0.03756,0.03712,0.02057,0.02079,0.03186,0.03161,0.03343,0.03277,0.04494,0.02993,0.12089,0.02931,0.20885,0.03105,0.22098
0.04127,0.04413,0.04604,0.04616,0.05302,0.05096,0.04945,0.04855,0.04385,0.04196,0.15331,0.05908,0.11356,0.03613,0.05967,0.03792,0.07495
0.04292,0.04071,0.03571,0.03723,0.03666,0.03581,0.07608,0.06984,0.04512,0.04454,0.04317,0.04484,0.17693,0.05148,0.09710,0.04338,0.07847
0.05800,0.04950,0.05766,0.05266,0.03403,0.03407,0.04834,0.04798,0.04412,0.04333,0.03610,0.03784,0.14100,0.04507,0.10662,0.06077,0.10293
0.05154,0.05162,0.04409,0.04959,0.11191,0.11780,0.05015,0.04811,0.04055,0.03753,0.05756,0.05557,0.07201,0.05483,0.06027,0.04989,0.04697
0.04574,0.04505,0.04210,0.05027,0.04344,0.04278,0.04026,0.04212,0.04724,0.04634,0.06918,0.05034,0.16147,0.06480,0.10559,0.03844,0.06484
0.03575,0.03570,0.04032,0.03964,0.03059,0.03014,0.03354,0.03188,0.03605,0.03759,0.03584,0.03949,0.25640,0.03252,0.10348,0.04422,0.13684
0.06225,0.06419,0.06553,0.05582,0.05294,0.04969,0.03811,0.03741,0.05200,0.04882,0.07586,0.05936,0.05813,0.07028,0.05847,0.10181,0.04934
0.04881,0.04799,0.04943,0.05278,0.03650,0.03751,0.05400,0.05386,0.05348,0.04989,0.04061,0.04157,0.16622,0.05676,0.10112,0.03971,0.06976
0.03033,0.03225,0.03764,0.04096,0.02875,0.02907,0.04015,0.03649,0.03797,0.03883,0.04024,0.03068,0.05014,0.02895,0.22506,0.03523,0.23725
0.03980,0.03774,0.02978,0.03346,0.03081,0.03051,0.04697,0.04596,0.03803,0.03574,0.04612,0.03559,0.21236,0.06636,0.17643,0.03064,0.06371
0.03908,0.03841,0.04216,0.04060,0.02405,0.02446,0.03686,0.03575,0.04124,0.03843,0.02724,0.03067,0.41477,0.03568,0.03836,0.04716,0.04507
0.06029,0.05243,0.05493,0.06635,0.04466,0.04192,0.04521,0.04424,0.08676,0.08938,0.04261,0.05285,0.05507,0.03888,0.08322,0.04739,0.09381
0.03852,0.03906,0.03463,0.03459,0.13168,0.11303,0.04943,0.04617,0.02726,0.02767,0.05274,0.04922,0.06056,0.03303,0.07817,0.04031,0.14395
0.06381,0.05961,0.05823,0.06210,0.04387,0.04344,0.05420,0.04680,0.06332,0.06037,0.05619,0.05298,0.06058,0.04666,0.08923,0.05301,0.08561
0.04375,0.04497,0.04401,0.04517,0.04198,0.04114,0.05290,0.04796,0.04808,0.04479,0.03974,0.03321,0.06405,0.03760,0.18982,0.03892,0.14190
0.05239,0.04640,0.04555,0.04426,0.04352,0.04145,0.10059,0.10022,0.04734,0.04442,0.04420,0.03767,0.08930,0.04303,0.09715,0.04354,0.07895
0.04334,0.04348,0.05133,0.05589,0.06214,0.06079,0.04097,0.04176,0.03368,0.03302,0.05591,0.05731,0.16864,0.04236,0.08633,0.05056,0.07249
0.04525,0.04121,0.04700,0.04538,0.02483,0.02461,0.03513,0.03287,0.04803,0.04430,0.03714,0.03135,0.13821,0.03972,0.14048,0.05466,0.16981
0.04406,0.04225,0.03755,0.04003,0.03516,0.03511,0.04779,0.04627,0.03892,0.03893,0.03633,0.03316,0.12896,0.03414,0.17773,0.03587,0.14774
0.04160,0.04231,0.04139,0.04292,0.04071,0.04039,0.04257,0.04232,0.04698,0.04736,0.05499,0.05524,0.22531,0.04702,0.07390,0.04629,0.06870
0.04248,0.04351,0.03828,0.04002,0.07692,0.07349,0.03843,0.03784,0.03928,0.04144,0.07468,0.05147,0.10337,0.04042,0.11412,0.04377,0.10046
0.04040,0.03660,0.03479,0.03810,0.02690,0.02799,0.03122,0.03110,0.03097,0.02908,0.03831,0.03368,0.40870,0.02852,0.06223,0.03068,0.07075
0.05039,0.05531,0.05602,0.06290,0.04056,0.03925,0.04485,0.04206,0.05351,0.05356,0.03889,0.04440,0.11885,0.04014,0.09530,0.04284,0.12117
0.03952,0.03917,0.03754,0.03467,0.04161,0.03965,0.07737,0.07674,0.05142,0.04943,0.04597,0.04236,0.16861,0.06669,0.08981,0.04263,0.05683
0.04931,0.04970,0.05303,0.05440,0.03649,0.03494,0.03626,0.03810,0.04191,0.03978,0.04679,0.04337,0.25866,0.04403,0.06300,0.05010,0.06013
0.03655,0.03449,0.03296,0.03280,0.02745,0.02676,0.05853,0.06039,0.03089,0.03098,0.03598,0.02838,0.35977,0.03586,0.07353,0.03131,0.06337
0.04798,0.05041,0.05197,0.04485,0.05023,0.04694,0.03324,0.03283,0.03877,0.04005,0.21202,0.05293,0.06441,0.04387,0.06330,0.05523,0.07096
0.04758,0.04902,0.05957,0.05756,0.03434,0.03355,0.03874,0.03765,0.04055,0.04106,0.07723,0.05246,0.15250,0.05079,0.07717,0.05927,0.09096
0.03363,0.03604,0.03453,0.03488,0.04129,0.04052,0.03438,0.03584,0.03927,0.03567,0.04732,0.03860,0.39446,0.03484,0.04860,0.03357,0.03659
0.03482,0.03748,0.03769,0.03917,0.03525,0.03353,0.04135,0.04085,0.04275,0.04244,0.04362,0.03862,0.29840,0.04980,0.10141,0.03230,0.05051
0.03720,0.03851,0.04418,0.04666,0.04055,0.04226,0.05419,0.05382,0.03929,0.04042,0.06286,0.05000,0.13474,0.05822,0.13949,0.04013,0.07748
0.04684,0.05029,0.04225,0.04244,0.03545,0.03346,0.04876,0.04244,0.05045,0.04901,0.05159,0.05372,0.13390,0.11113,0.12066,0.04487,0.04274
0.04222,0.04139,0.04069,0.03809,0.03676,0.03741,0.03487,0.03352,0.03333,0.03536,0.27586,0.06502,0.05638,0.03807,0.06795,0.04176,0.08132
0.05218,0.05019,0.04299,0.04164,0.07258,0.06925,0.04403,0.04450,0.04013,0.03833,0.05983,0.04783,0.08110,0.04374,0.12089,0.04789,0.10288
0.05525,0.05347,0.04984,0.05047,0.04578,0.04252,0.07026,0.06716,0.04631,0.04512,0.04570,0.04727,0.09011,0.05164,0.09818,0.05082,0.09009
0.04338,0.04014,0.04008,0.03894,0.03470,0.03254,0.04263,0.04066,0.03699,0.03546,0.03758,0.03761,0.30638,0.07494,0.05474,0.05821,0.04503
0.04435,0.04098,0.04528,0.04622,0.03554,0.03805,0.04489,0.04483,0.04198,0.03885,0.07294,0.05400,0.23915,0.03585,0.07477,0.03771,0.06460
0.03347,0.03113,0.02882,0.03124,0.02559,0.02550,0.03158,0.03029,0.02989,0.02832,0.03265,0.03046,0.49708,0.03463,0.04244,0.03171,0.03521
0.04717,0.04488,0.04042,0.04242,0.05703,0.05762,0.03801,0.03900,0.05314,0.05633,0.06558,0.11826,0.05131,0.06480,0.04503,0.11365,0.06536
0.04178,0.04401,0.05879,0.05792,0.03535,0.03176,0.04324,0.04261,0.03861,0.03928,0.05762,0.03416,0.17519,0.04291,0.08515,0.05533,0.11629
0.04111,0.03765,0.03753,0.03677,0.03261,0.03338,0.04464,0.04474,0.03801,0.03577,0.04440,0.03883,0.16796,0.03676,0.16624,0.03671,0.12688
0.04292,0.04297,0.04431,0.03983,0.02882,0.02964,0.04543,0.04337,0.05201,0.04781,0.04765,0.04106,0.20892,0.05259,0.10891,0.04551,0.07823
0.05531,0.05464,0.05569,0.05022,0.06326,0.06527,0.04523,0.04520,0.04242,0.03931,0.07834,0.05145,0.06711,0.07335,0.11025,0.04187,0.06108
0.04458,0.04299,0.05065,0.05237,0.03805,0.03753,0.04518,0.04401,0.03857,0.03923,0.04425,0.03601,0.14833,0.03530,0.11204,0.03638,0.15454
0.05635,0.05250,0.06108,0.06400,0.05308,0.04693,0.03913,0.03855,0.10123,0.09351,0.04100,0.05789,0.07033,0.04119,0.05015,0.06759,0.06550
0.04534,0.04364,0.03696,0.04225,0.03408,0.03124,0.08019,0.08021,0.04490,0.04725,0.04617,0.03667,0.10948,0.04597,0.13372,0.03814,0.10379
0.04529,0.04219,0.03843,0.04055,0.02738,0.02685,0.03159,0.02841,0.03068,0.03192,0.04845,0.03332,0.26992,0.03003,0.13104,0.03151,0.11243
