0.59636,0.00689,0.02586,0.00143,0.00263,0.32751,0.03932
0.11039,0.23025,0.00004,0.16969,0.24570,0.22064,0.02328
0.18051,0.53109,0.00035,0.00249,0.02219,0.26113,0.00223
0.47924,0.00350,0.00012,0.26192,0.00011,0.19736,0.05776
0.30657,0.02571,0.00884,0.00005,0.00179,0.41386,0.24319
0.73712,0.00039,0.02525,0.00587,0.09085,0.14049,0.00003
0.00903,0.44343,0.01647,0.02702,0.00006,0.50133,0.00266
0.25825,0.21404,0.02110,0.07550,0.00421,0.35154,0.07536
0.00437,0.00007,0.26646,0.02127,0.54008,0.16753,0.00023
0.29424,0.01464,0.00006,0.50840,0.01616,0.16563,0.00086
0.24407,0.16292,0.36901,0.00002,0.00093,0.19482,0.02823
0.15773,0.03435,0.48177,0.00839,0.00000,0.29595,0.02181
0.19650,0.01735,0.12103,0.00028,0.00000,0.56566,0.09919
0.16653,0.11023,0.00071,0.01653,0.00002,0.70252,0.00346
0.01580,0.58760,0.16788,0.00791,0.00000,0.13210,0.08872
0.37520,0.00363,0.00110,0.21024,0.00003,0.38421,0.02559
0.40293,0.02230,0.03944,0.21513,0.07976,0.00190,0.23854
0.58287,0.00245,0.00965,0.00164,0.00002,0.40300,0.00037
0.00084,0.03257,0.19891,0.00047,0.00091,0.64693,0.11937
0.00089,0.02003,0.00164,0.01607,0.00401,0.93837,0.01899
0.05253,0.00157,0.00362,0.02524,0.00011,0.71907,0.19786
0.08101,0.00561,0.01659,0.34669,0.05662,0.15581,0.33766
0.09375,0.32603,0.00544,0.01101,0.00610,0.55766,0.00000
0.00349,0.07801,0.08857,0.32218,0.00029,0.47385,0.03361
0.11995,0.00033,0.02282,0.03525,0.00456,0.56804,0.24904
0.12647,0.07380,0.01849,0.00752,0.00017,0.63171,0.14184
0.00177,0.00056,0.00190,0.03788,0.08290,0.47158,0.40343
0.00242,0.11826,0.00136,0.10343,0.16890,0.16664,0.43900
0.00609,0.44498,0.06572,0.01748,0.00000,0.12454,0.34120
0.22611,0.00012,0.02305,0.09348,0.00386,0.50280,0.15058
0.66286,0.00019,0.00764,0.00439,0.01620,0.22551,0.08320
0.39847,0.29093,0.00638,0.11934,0.00000,0.06796,0.11691
0.42249,0.03336,0.00215,0.25026,0.00013,0.24765,0.04397
0.00032,0.01129,0.00242,0.03955,0.02085,0.36387,0.56171
0.05979,0.19085,0.00004,0.00605,0.63530,0.10096,0.00701
0.03694,0.02918,0.26915,0.38292,0.04952,0.22811,0.00418
0.00953,0.16379,0.17358,0.00491,0.00000,0.40555,0.24264
0.11553,0.09388,0.07012,0.04404,0.22336,0.09407,0.35900
0.17522,0.08927,0.23847,0.20872,0.00040,0.28617,0.00175
0.19869,0.00827,0.00466,0.00079,0.00008,0.25466,0.53285
0.04246,0.03847,0.00168,0.02268,0.48063,0.34801,0.06608
0.44656,0.08763,0.00588,0.07957,0.24254,0.12177,0.01605
0.11578,0.10246,0.00178,0.00181,0.00131,0.33641,0.44045
0.05940,0.00120,0.17953,0.22818,0.00000,0.45239,0.07929
0.27270,0.10329,0.01208,0.17259,0.00987,0.20707,0.22239
0.12016,0.00061,0.36497,0.41913,0.05099,0.03097,0.01316
0.04118,0.04900,0.00001,0.00344,0.00775,0.88521,0.01341
0.06353,0.00053,0.00560,0.09259,0.20340,0.16020,0.47416
0.09370,0.02605,0.00611,0.04931,0.00027,0.52010,0.30447
0.00047,0.09251,0.41614,0.30404,0.02678,0.15963,0.00043
0.06743,0.06192,0.07816,0.00001,0.00021,0.25745,0.53482
0.40980,0.04874,0.01390,0.17178,0.00001,0.25065,0.10514
0.12552,0.02990,0.01436,0.22486,0.15741,0.17853,0.26943
0.03552,0.09363,0.33254,0.02619,0.00004,0.48242,0.02966
0.00496,0.00004,0.02170,0.05085,0.04360,0.61549,0.26337
0.33451,0.01511,0.01218,0.52610,0.00302,0.04299,0.06608
0.29427,0.00024,0.00010,0.09222,0.00000,0.59638,0.01678
0.06250,0.00402,0.04111,0.00030,0.00318,0.66174,0.22715
0.00103,0.05864,0.00073,0.03965,0.00001,0.87393,0.02602
0.24283,0.00087,0.00000,0.15116,0.05195,0.13448,0.41871
0.14384,0.50368,0.20942,0.04532,0.00532,0.09171,0.00071
0.14247,0.33444,0.00187,0.00000,0.00083,0.36300,0.15740
0.17914,0.00155,0.00198,0.00022,0.00000,0.75853,0.05858
0.32341,0.06003,0.03906,0.07074,0.10323,0.40322,0.00031
0.06861,0.06927,0.01705,0.62238,0.00000,0.21952,0.00317
0.23290,0.00011,0.18471,0.24331,0.05363,0.26341,0.02191
0.10581,0.00000,0.20090,0.52896,0.00103,0.09793,0.06537
0.00068,0.00009,0.02608,0.11893,0.03963,0.79538,0.01922
0.05243,0.00061,0.00359,0.00305,0.00015,0.93763,0.00255
0.11192,0.01419,0.00048,0.00933,0.00498,0.82936,0.02973
0.00858,0.22552,0.23414,0.00009,0.19014,0.26153,0.08000
0.50421,0.00779,0.00007,0.24177,0.07118,0.15957,0.01540
0.21430,0.10503,0.19658,0.01224,0.00373,0.45369,0.01443
0.06684,0.02422,0.03279,0.19436,0.01238,0.66898,0.00044
0.01364,0.02194,0.00506,0.00180,0.00470,0.94875,0.00413
0.32693,0.00495,0.00001,0.08816,0.05216,0.50142,0.02637
0.14467,0.22296,0.00169,0.02774,0.00019,0.41088,0.19186
0.01074,0.03934,0.01449,0.00291,0.19830,0.68658,0.04765
0.03314,0.46423,0.00415,0.00294,0.00022,0.36469,0.13063
0.12664,0.05910,0.06519,0.52542,0.00000,0.21130,0.01234
0.20451,0.01041,0.00713,0.00121,0.00927,0.68950,0.07797
0.61649,0.00544,0.00924,0.00113,0.01068,0.34165,0.01538
0.00089,0.55846,0.03340,0.00951,0.02576,0.12577,0.24622
0.03856,0.05903,0.00576,0.67617,0.02440,0.18041,0.01566
0.00703,0.03223,0.00026,0.00365,0.83675,0.12004,0.00004
0.14180,0.00004,0.00871,0.05633,0.23419,0.48904,0.06990
0.00520,0.25007,0.01681,0.03432,0.06404,0.51666,0.11290
0.16251,0.07784,0.02069,0.00000,0.00016,0.58952,0.14929
0.15764,0.01256,0.06553,0.03312,0.00034,0.73050,0.00030
0.52675,0.00264,0.18830,0.09223,0.01163,0.12865,0.04981
0.00484,0.26796,0.01800,0.03516,0.21611,0.45759,0.00034
0.33803,0.00271,0.04788,0.00025,0.36775,0.24157,0.00181
0.03468,0.07533,0.00019,0.04112,0.00046,0.74541,0.10281
0.16005,0.00575,0.34241,0.07048,0.00021,0.39245,0.02865
0.31400,0.00716,0.02505,0.01879,0.01478,0.59627,0.02395
0.00063,0.01788,0.05973,0.02446,0.00026,0.88808,0.00895
0.26993,0.00000,0.00236,0.00000,0.27999,0.43148,0.01623
0.06388,0.05371,0.28450,0.00269,0.00598,0.53287,0.05638
0.00645,0.38495,0.00070,0.00003,0.00003,0.58116,0.02668
0.19880,0.02268,0.06338,0.08066,0.00000,0.34420,0.29027
0.02886,0.56234,0.09550,0.00057,0.00000,0.21789,0.09484
0.26112,0.00347,0.02449,0.00000,0.00022,0.70440,0.00630
0.89712,0.04468,0.00179,0.01181,0.00256,0.03362,0.00842
0.00851,0.04687,0.00000,0.46229,0.08648,0.37767,0.01818
0.10223,0.01342,0.00027,0.28785,0.01284,0.58320,0.00018
0.02904,0.00345,0.01149,0.15964,0.00560,0.78587,0.00490
0.29553,0.00225,0.00526,0.17418,0.00000,0.50833,0.01445
0.02218,0.12308,0.47092,0.06633,0.00032,0.28777,0.02939
0.38823,0.00032,0.07212,0.01065,0.02032,0.49015,0.01820
0.01190,0.06136,0.06977,0.00001,0.00003,0.85531,0.00163
0.07905,0.00386,0.02047,0.09266,0.12842,0.56630,0.10925
0.00275,0.56432,0.00355,0.12632,0.00491,0.09395,0.20419
0.05768,0.00026,0.20824,0.02395,0.00009,0.70967,0.00011
0.00964,0.00670,0.03558,0.15996,0.00460,0.31121,0.47230
0.25726,0.00070,0.09020,0.00013,0.00000,0.64304,0.00868
0.11232,0.02584,0.04054,0.07556,0.00005,0.09170,0.65400
0.03624,0.00049,0.01035,0.00377,0.02182,0.79941,0.12792
0.30983,0.02981,0.00066,0.01035,0.00132,0.48344,0.16460
0.04566,0.00306,0.00051,0.01094,0.03998,0.86375,0.03610
0.00786,0.04664,0.00061,0.19381,0.11543,0.14873,0.48692
0.00574,0.00012,0.00000,0.04594,0.02447,0.02205,0.90167
0.00039,0.80228,0.00472,0.00038,0.00000,0.11129,0.08094
0.09162,0.05298,0.05542,0.00051,0.00135,0.21420,0.58392
0.54550,0.11784,0.00063,0.01118,0.00015,0.26146,0.06325
0.10995,0.33439,0.00002,0.07759,0.00026,0.17646,0.30132
0.01745,0.15865,0.05545,0.00002,0.00083,0.20087,0.56674
0.36206,0.02033,0.00704,0.00027,0.00779,0.56366,0.03885
0.15637,0.10591,0.08039,0.46227,0.00675,0.06124,0.12708
0.13247,0.04167,0.00105,0.02653,0.00124,0.74789,0.04914
0.03918,0.43932,0.00516,0.00009,0.00855,0.40681,0.10089
0.65123,0.00163,0.00152,0.16554,0.00287,0.17698,0.00023
0.38202,0.01077,0.00917,0.00048,0.00585,0.59170,0.00001
0.39313,0.03349,0.06209,0.00004,0.03021,0.38705,0.09399
0.01968,0.25247,0.00382,0.22052,0.00005,0.34526,0.15821
0.07965,0.00023,0.00009,0.06434,0.00000,0.20526,0.65043
0.35008,0.00000,0.23525,0.04704,0.00000,0.35146,0.01618
0.12070,0.21463,0.01822,0.00612,0.00490,0.57662,0.05881
0.09740,0.10448,0.00000,0.02767,0.00000,0.68449,0.08596
0.70041,0.07095,0.00004,0.00000,0.02559,0.15573,0.04727
0.00226,0.00575,0.01323,0.00378,0.00203,0.94867,0.02429
0.76063,0.00133,0.02627,0.04050,0.04419,0.07782,0.04927
0.12812,0.00855,0.22657,0.00398,0.01579,0.13832,0.47868
0.22226,0.00392,0.10305,0.17996,0.00161,0.48856,0.00064
0.01925,0.24940,0.12069,0.00082,0.00185,0.38669,0.22131
0.02196,0.31770,0.02441,0.01585,0.05679,0.34551,0.21778
0.41916,0.07276,0.02649,0.00955,0.00000,0.47064,0.00139
0.01244,0.06290,0.04493,0.19341,0.00001,0.16839,0.51791
0.00005,0.00240,0.45260,0.00483,0.14596,0.39025,0.00392
0.37902,0.28181,0.00134,0.04041,0.00046,0.29355,0.00342
0.27943,0.02656,0.36010,0.00291,0.00062,0.12782,0.20256
0.25127,0.14808,0.00006,0.00000,0.01828,0.24902,0.33329
0.20559,0.11049,0.09818,0.11166,0.00002,0.47400,0.00006
0.11284,0.27122,0.04707,0.08683,0.00001,0.44950,0.03254
0.18506,0.00005,0.01430,0.28625,0.19573,0.31137,0.00724
0.27049,0.04775,0.02720,0.00700,0.06349,0.44799,0.13609
0.47602,0.01266,0.44908,0.00407,0.00000,0.05342,0.00474
0.00487,0.06533,0.35296,0.00312,0.39126,0.13980,0.04266
0.31766,0.02044,0.03755,0.01943,0.29843,0.26620,0.04030
0.16829,0.24548,0.28281,0.00759,0.00002,0.29487,0.00095
0.13762,0.00122,0.08668,0.00719,0.31979,0.32638,0.12111
0.00037,0.16886,0.00048,0.03224,0.04539,0.73636,0.01631
0.51913,0.11834,0.24164,0.00516,0.00428,0.07211,0.03935
0.12579,0.38687,0.14712,0.04007,0.00393,0.20529,0.09093
0.03314,0.00025,0.01738,0.00074,0.00680,0.92815,0.01354
0.23294,0.00328,0.00270,0.16596,0.00000,0.56968,0.02542
0.00088,0.39006,0.00112,0.03762,0.02357,0.48824,0.05852
0.01246,0.01072,0.19350,0.17198,0.17357,0.24986,0.18790
0.03444,0.29594,0.00005,0.02635,0.00003,0.24694,0.39625
0.01081,0.36194,0.00353,0.00815,0.00010,0.60788,0.00760
0.04862,0.02594,0.12477,0.08061,0.44890,0.20673,0.06443
0.27106,0.13413,0.04275,0.01567,0.00000,0.50992,0.02647
0.00029,0.02292,0.02119,0.00779,0.00418,0.84182,0.10180
0.04893,0.00906,0.01061,0.11209,0.03066,0.58492,0.20372
0.20942,0.07279,0.14054,0.05889,0.00187,0.50419,0.01230
0.13569,0.28980,0.00014,0.00614,0.00470,0.48165,0.08189
0.08491,0.00828,0.13601,0.00000,0.00452,0.76320,0.00308
0.63378,0.00001,0.01071,0.04834,0.15485,0.15204,0.00027
0.41124,0.37914,0.04172,0.00121,0.01210,0.12674,0.02785
0.23943,0.25554,0.09136,0.07308,0.17963,0.11323,0.04774
0.09072,0.03978,0.01900,0.61883,0.00008,0.04898,0.18262
0.23878,0.07782,0.41947,0.05941,0.00004,0.16227,0.04222
0.10573,0.00228,0.00000,0.02113,0.01199,0.31534,0.54353
0.01938,0.28368,0.16332,0.00184,0.23784,0.29366,0.00027
0.07568,0.00035,0.12910,0.33870,0.00008,0.45483,0.00126
0.10923,0.00217,0.03077,0.04709,0.00047,0.44699,0.36327
0.03270,0.03936,0.10007,0.28908,0.09398,0.31071,0.13410
0.00361,0.11807,0.00040,0.28627,0.12888,0.46257,0.00020
0.01812,0.36329,0.03584,0.19138,0.00014,0.39043,0.00080
0.16275,0.00018,0.00007,0.00016,0.02983,0.80697,0.00004
0.15844,0.10761,0.02610,0.01659,0.00373,0.68746,0.00008
0.07414,0.00518,0.10899,0.00407,0.07428,0.63139,0.10196
0.00248,0.18380,0.28522,0.00462,0.00585,0.37390,0.14414
0.19785,0.08526,0.05675,0.00002,0.34512,0.31496,0.00005
0.01480,0.01732,0.00470,0.39785,0.21160,0.02364,0.33009
0.15042,0.39402,0.00024,0.00467,0.00748,0.44289,0.00027
0.25272,0.06661,0.37548,0.09603,0.00007,0.16700,0.04208
0.39297,0.06432,0.12046,0.00050,0.00847,0.35431,0.05897
0.30543,0.20026,0.29564,0.01708,0.00267,0.17046,0.00847
0.02689,0.03917,0.03281,0.18668,0.00015,0.34445,0.36983
0.09960,0.56800,0.00032,0.10899,0.00001,0.19314,0.02993
0.13638,0.02716,0.00688,0.00001,0.00000,0.48106,0.34852
0.06717,0.00002,0.00502,0.01787,0.00111,0.90629,0.00251
0.02665,0.03731,0.04730,0.00424,0.44815,0.23370,0.20264
0.00429,0.19908,0.23452,0.07963,0.00000,0.48248,0.00000
0.44115,0.02493,0.00956,0.05458,0.00030,0.16793,0.30155
0.00862,0.05325,0.05625,0.01347,0.00033,0.82017,0.04792
0.13753,0.00001,0.30004,0.10919,0.00350,0.18152,0.26822
0.46748,0.03241,0.10513,0.25824,0.00439,0.10645,0.02590
0.07973,0.00002,0.06830,0.74606,0.00000,0.06978,0.03611
0.53143,0.01587,0.00455,0.02010,0.11805,0.25262,0.05738
0.06311,0.00588,0.25573,0.00142,0.00740,0.66645,0.00001
0.13847,0.00006,0.12531,0.47553,0.03053,0.19741,0.03269
0.60774,0.00000,0.00463,0.04180,0.03697,0.25624,0.05262
0.19702,0.26157,0.27350,0.04220,0.00035,0.16417,0.06121
0.03112,0.19452,0.00006,0.01566,0.12937,0.45091,0.17835
0.18221,0.01029,0.16504,0.37689,0.00003,0.17712,0.08841
0.01930,0.00013,0.06281,0.12185,0.02229,0.38909,0.38454
0.03301,0.00012,0.32132,0.00001,0.23981,0.30939,0.09635
0.58723,0.02576,0.00000,0.00013,0.00574,0.28496,0.09619
0.35424,0.06221,0.22666,0.05574,0.00001,0.09202,0.20911
0.24411,0.04872,0.21226,0.08118,0.11358,0.29710,0.00306
0.08427,0.01455,0.01166,0.08765,0.29171,0.40930,0.10085
0.04342,0.27640,0.00041,0.10873,0.10962,0.36552,0.09590
0.18159,0.46287,0.00011,0.00837,0.05433,0.17916,0.11357
0.07599,0.00584,0.07247,0.00060,0.00000,0.70187,0.14324
0.04251,0.63721,0.02680,0.07517,0.00000,0.21696,0.00135
0.14590,0.00000,0.10485,0.43167,0.00795,0.28958,0.02005
0.60128,0.08128,0.06727,0.11666,0.00001,0.13292,0.00059
0.25514,0.00221,0.03256,0.02395,0.00038,0.66253,0.02323
0.02788,0.01536,0.00508,0.02932,0.14094,0.54339,0.23803
0.16450,0.09053,0.25115,0.02012,0.00000,0.45484,0.01886
0.06507,0.01884,0.10595,0.00422,0.09752,0.64502,0.06338
0.14541,0.03658,0.14781,0.00485,0.00000,0.32234,0.34300
0.10716,0.00154,0.00040,0.12499,0.00003,0.61390,0.15197
0.05628,0.01114,0.01303,0.63084,0.04065,0.24095,0.00711
0.02181,0.07614,0.00027,0.05907,0.00000,0.78407,0.05865
0.09495,0.01664,0.00009,0.18324,0.00057,0.07036,0.63415
0.04324,0.05703,0.12714,0.05604,0.04524,0.31866,0.35264
0.03399,0.00131,0.37815,0.00000,0.51698,0.06892,0.00065
0.02151,0.04917,0.01151,0.02837,0.00000,0.77028,0.11916
0.02966,0.00886,0.00013,0.44618,0.24141,0.26068,0.01308
0.23401,0.00337,0.03703,0.04842,0.00143,0.31838,0.35734
0.34095,0.00011,0.02284,0.06071,0.00100,0.49777,0.07662
0.06730,0.06149,0.01634,0.00152,0.20270,0.07040,0.58024
0.01016,0.00999,0.13594,0.19553,0.00765,0.27359,0.36714
0.27703,0.24467,0.00105,0.00000,0.00004,0.42706,0.05015
0.38063,0.02507,0.01849,0.05829,0.06571,0.43549,0.01631
0.06639,0.30335,0.00022,0.01576,0.00003,0.20159,0.41267
0.49013,0.25113,0.00006,0.01392,0.00001,0.19686,0.04790
0.00491,0.00404,0.00276,0.10344,0.50823,0.12338,0.25324
0.05289,0.00052,0.02115,0.05770,0.10060,0.76687,0.00028
0.01060,0.67486,0.01822,0.00000,0.01936,0.27694,0.00003
0.23826,0.00038,0.15097,0.37343,0.00016,0.04982,0.18697
0.13657,0.48418,0.00283,0.00143,0.00410,0.36591,0.00498
0.05569,0.01276,0.30796,0.00030,0.00686,0.60936,0.00708
0.04002,0.02205,0.00061,0.50792,0.00000,0.17566,0.25375
0.00003,0.68151,0.00741,0.00000,0.10093,0.21011,0.00000
0.01570,0.15191,0.00167,0.07850,0.00001,0.75168,0.00054
0.00890,0.25684,0.11713,0.00001,0.00677,0.59239,0.01796
0.19472,0.10438,0.05456,0.00003,0.12436,0.52140,0.00055
0.39065,0.00052,0.04198,0.00513,0.00000,0.51582,0.04590
0.17478,0.30943,0.00260,0.43188,0.00000,0.02971,0.05160
0.08600,0.00128,0.23783,0.16095,0.00000,0.44531,0.06862
0.35019,0.50254,0.01019,0.03059,0.00013,0.10548,0.00089
0.40572,0.06999,0.06250,0.00000,0.13920,0.25892,0.06366
0.01861,0.36795,0.13071,0.06099,0.08478,0.32056,0.01639
0.30433,0.00535,0.45815,0.18081,0.00000,0.05005,0.00131
0.12017,0.01062,0.00226,0.03865,0.13667,0.53436,0.15729
0.01331,0.00001,0.02452,0.28728,0.04567,0.62920,0.00001
0.13172,0.01463,0.00000,0.22730,0.00000,0.61982,0.00653
0.12081,0.02827,0.02173,0.03055,0.00004,0.39362,0.40497
0.05141,0.01778,0.00897,0.17394,0.00038,0.74751,0.00000
0.00898,0.09532,0.03342,0.01738,0.68776,0.10466,0.05249
0.17788,0.03271,0.00113,0.16596,0.00024,0.53117,0.09091
0.09816,0.01966,0.00220,0.26494,0.00000,0.34309,0.27195
0.03086,0.00126,0.01454,0.01815,0.02821,0.90618,0.00080
0.33244,0.06879,0.14950,0.01691,0.03703,0.06163,0.33371
0.01069,0.01461,0.49571,0.04003,0.00001,0.43770,0.00125
0.21015,0.34567,0.11423,0.20537,0.00245,0.10609,0.01604
0.48610,0.00502,0.00115,0.06726,0.00001,0.34431,0.09615
0.00860,0.00011,0.14056,0.12805,0.00000,0.71212,0.01056
0.02801,0.00012,0.00000,0.42758,0.00783,0.45263,0.08383
0.14570,0.00310,0.29913,0.00000,0.06614,0.45898,0.02695
0.35604,0.00004,0.00291,0.00002,0.00001,0.13038,0.51061
0.03392,0.01128,0.00893,0.02746,0.02306,0.21703,0.67832
0.12003,0.25112,0.07775,0.00292,0.01900,0.45782,0.07136
0.00948,0.00006,0.05713,0.05089,0.00404,0.46190,0.41649
0.01302,0.00360,0.00004,0.00002,0.11313,0.25828,0.61191
0.42790,0.02273,0.00081,0.11434,0.01511,0.35361,0.06550
0.42994,0.11518,0.01200,0.00038,0.00133,0.35282,0.08835
0.15129,0.04494,0.00026,0.00013,0.00158,0.40914,0.39266
0.20789,0.00273,0.23924,0.13096,0.00535,0.26799,0.14584
0.00218,0.40402,0.01102,0.00035,0.12208,0.33602,0.12435
0.02410,0.30066,0.00001,0.07475,0.00002,0.47172,0.12875
0.18960,0.08785,0.00597,0.12251,0.00000,0.48583,0.10824
0.05639,0.07074,0.00395,0.00002,0.00217,0.82452,0.04220
0.00000,0.43795,0.00002,0.29681,0.00012,0.19692,0.06819
0.10673,0.00664,0.00015,0.08451,0.00534,0.70243,0.09419
0.26339,0.23253,0.12435,0.05646,0.00002,0.27603,0.04720
0.00216,0.10415,0.07843,0.11714,0.00000,0.45186,0.24626
