0.01371,0.01110,0.05394,0.04871,0.05876,0.01465,0.01331,0.20006,0.02075,0.01497,0.10431,0.01155,0.12698,0.02296,0.01167,0.01713,0.01409,0.13205,0.00991,0.09941
0.03260,0.02473,0.03859,0.03332,0.03892,0.02429,0.02976,0.04195,0.02644,0.02656,0.12335,0.03737,0.14124,0.01343,0.02183,0.03229,0.03041,0.14933,0.02900,0.10460
0.03691,0.01766,0.03098,0.02855,0.02249,0.01522,0.01806,0.03809,0.01966,0.01660,0.09260,0.01727,0.23355,0.03400,0.01692,0.01979,0.01726,0.23807,0.01481,0.07150
0.02213,0.01440,0.03215,0.03317,0.03388,0.01641,0.01985,0.09854,0.02085,0.01571,0.10078,0.02265,0.18031,0.02255,0.02471,0.02723,0.01954,0.17647,0.01988,0.09877
0.02706,0.01461,0.03316,0.02864,0.02500,0.01837,0.01968,0.08063,0.01856,0.01895,0.13487,0.01370,0.13019,0.09885,0.01787,0.01876,0.02729,0.12663,0.02097,0.12621
0.03026,0.01663,0.03734,0.03368,0.03135,0.02283,0.02572,0.06416,0.02246,0.02090,0.12295,0.02220,0.16860,0.01759,0.02461,0.02555,0.02167,0.16720,0.02070,0.10358
0.02562,0.01366,0.02622,0.02729,0.02569,0.01802,0.01942,0.05726,0.01905,0.01725,0.14917,0.02514,0.15545,0.02831,0.02216,0.03105,0.02125,0.15036,0.02560,0.14203
0.04315,0.01382,0.04123,0.04126,0.02652,0.01676,0.01728,0.05068,0.02130,0.01842,0.19533,0.01896,0.11077,0.02497,0.01696,0.02065,0.01726,0.11648,0.01643,0.17178
0.02998,0.01448,0.03348,0.03041,0.02475,0.01771,0.02117,0.08848,0.02181,0.01677,0.10313,0.02753,0.15331,0.03491,0.02782,0.02504,0.03217,0.15822,0.03832,0.10050
0.02699,0.01266,0.03059,0.02894,0.02654,0.01469,0.01960,0.05403,0.01641,0.01646,0.07138,0.01471,0.26354,0.01404,0.01330,0.01521,0.01372,0.26845,0.01780,0.06095
0.02375,0.01074,0.03013,0.02752,0.02227,0.01326,0.01444,0.12018,0.01639,0.01357,0.04590,0.01796,0.25458,0.02571,0.01313,0.01773,0.01493,0.26194,0.01389,0.04200
0.02045,0.01142,0.02571,0.02060,0.02095,0.01485,0.01546,0.10002,0.01561,0.01341,0.11381,0.01612,0.20419,0.02986,0.01407,0.01531,0.01534,0.20494,0.01772,0.11017
0.03039,0.01623,0.03864,0.03369,0.03547,0.01982,0.02390,0.14866,0.02305,0.01856,0.08999,0.02215,0.13377,0.05020,0.02735,0.02821,0.02533,0.13431,0.01921,0.08106
0.01950,0.01525,0.02573,0.02262,0.02115,0.01907,0.01852,0.10894,0.02170,0.01633,0.15275,0.02037,0.13791,0.01872,0.02162,0.02294,0.02566,0.13941,0.02452,0.14729
0.02606,0.01428,0.03911,0.03553,0.03436,0.01719,0.01892,0.09399,0.02008,0.01884,0.09019,0.01261,0.18846,0.04978,0.01387,0.02061,0.01863,0.18927,0.01445,0.08377
0.02576,0.01866,0.04211,0.03810,0.04103,0.02118,0.02859,0.14103,0.02907,0.02488,0.08103,0.02053,0.15666,0.02297,0.01993,0.01787,0.01719,0.15784,0.01643,0.07914
0.02470,0.01514,0.02652,0.02951,0.02943,0.01524,0.01884,0.12113,0.01959,0.01710,0.13085,0.01594,0.15381,0.02707,0.01606,0.02095,0.01807,0.15487,0.01749,0.12770
0.02486,0.02303,0.04750,0.04276,0.04565,0.02525,0.03471,0.12800,0.02423,0.03015,0.07774,0.01595,0.14546,0.02656,0.02095,0.02380,0.01844,0.14525,0.02197,0.07771
0.02949,0.01563,0.03375,0.03205,0.02853,0.01844,0.02090,0.07474,0.02198,0.01638,0.14416,0.01914,0.15360,0.01781,0.02024,0.02249,0.01739,0.15292,0.01756,0.14279
0.01233,0.00956,0.02171,0.01991,0.02082,0.01092,0.01310,0.04991,0.01323,0.01161,0.11968,0.00919,0.23671,0.05146,0.01045,0.01342,0.01499,0.23572,0.00943,0.11585
0.02729,0.02386,0.05137,0.04370,0.04488,0.02354,0.03604,0.09031,0.03534,0.02818,0.04257,0.01865,0.14390,0.09797,0.02525,0.02435,0.02887,0.14384,0.02490,0.04520
0.03246,0.01577,0.03674,0.03307,0.02628,0.02230,0.02530,0.07925,0.02860,0.02402,0.12484,0.02223,0.14982,0.02294,0.01992,0.02761,0.01889,0.14989,0.02139,0.11869
0.02325,0.01391,0.02736,0.02451,0.02671,0.01632,0.01618,0.09799,0.01793,0.01485,0.11532,0.02013,0.19121,0.02780,0.01523,0.02029,0.01783,0.18628,0.01506,0.11185
0.02264,0.01601,0.02104,0.02028,0.01787,0.01693,0.01433,0.02752,0.01687,0.01466,0.15313,0.01657,0.19005,0.02842,0.02125,0.02118,0.02259,0.19695,0.01705,0.14466
0.01653,0.01265,0.03076,0.02717,0.03383,0.01474,0.01763,0.35870,0.01835,0.01453,0.04542,0.01591,0.12665,0.03205,0.01481,0.02048,0.01584,0.12627,0.01299,0.04470
0.02369,0.01385,0.03877,0.03398,0.03743,0.01519,0.02166,0.11221,0.02100,0.01576,0.06350,0.01493,0.16782,0.10843,0.01568,0.01867,0.03066,0.17411,0.01768,0.05498
0.02077,0.02025,0.02401,0.02438,0.03047,0.02235,0.02150,0.08294,0.01881,0.02004,0.17150,0.03511,0.08414,0.02342,0.03587,0.03405,0.02931,0.08451,0.03282,0.18375
0.01694,0.01089,0.02503,0.02584,0.02180,0.01184,0.01474,0.06370,0.01434,0.01229,0.07952,0.01188,0.23589,0.07295,0.01374,0.01600,0.02296,0.24057,0.01462,0.07448
0.02131,0.01205,0.02808,0.02394,0.02341,0.01193,0.01671,0.05957,0.01954,0.01483,0.17317,0.01445,0.17098,0.02147,0.01665,0.01551,0.01393,0.16933,0.01230,0.16082
0.03440,0.01970,0.03796,0.03879,0.03021,0.01926,0.02089,0.13674,0.02055,0.01755,0.09306,0.01692,0.12673,0.06952,0.02163,0.02523,0.03127,0.12959,0.01861,0.09137
0.03143,0.02207,0.04044,0.03366,0.03413,0.02127,0.02309,0.07299,0.02612,0.02319,0.12376,0.02116,0.15591,0.01758,0.02251,0.02589,0.01939,0.15251,0.02299,0.10992
0.01080,0.01000,0.03713,0.03362,0.03426,0.00990,0.01260,0.06421,0.01859,0.01509,0.10353,0.01051,0.23588,0.01401,0.01054,0.01796,0.01104,0.23352,0.01177,0.10503
0.01090,0.00746,0.02282,0.02176,0.01992,0.01033,0.01145,0.13221,0.01099,0.00745,0.15943,0.01009,0.18279,0.01312,0.01131,0.01328,0.00927,0.18360,0.00913,0.15269
0.02371,0.01131,0.02209,0.01980,0.02361,0.01606,0.01827,0.28151,0.01676,0.01262,0.06839,0.02825,0.13702,0.02009,0.02544,0.02434,0.02121,0.13746,0.02417,0.06789
0.02374,0.01048,0.04114,0.03961,0.03728,0.01350,0.01528,0.11786,0.01754,0.01355,0.11854,0.01560,0.17161,0.01710,0.01427,0.01902,0.01439,0.17296,0.01376,0.11277
0.01894,0.01190,0.02205,0.02415,0.01857,0.01463,0.01584,0.05190,0.01725,0.01157,0.12976,0.01672,0.21823,0.01608,0.01510,0.02176,0.01491,0.21813,0.02525,0.11727
0.01645,0.01417,0.02996,0.03040,0.02957,0.01736,0.01649,0.09008,0.01954,0.01962,0.15086,0.01938,0.14926,0.01677,0.02206,0.02298,0.01758,0.15019,0.02086,0.14641
0.02471,0.01413,0.03580,0.03273,0.02830,0.01848,0.02322,0.05818,0.01866,0.01662,0.15484,0.01338,0.15018,0.03272,0.01988,0.01965,0.01958,0.14849,0.01725,0.15321
0.02370,0.01504,0.05591,0.05627,0.05401,0.01551,0.01826,0.05932,0.02316,0.02455,0.17261,0.01464,0.10587,0.02036,0.01687,0.02064,0.01492,0.10882,0.01636,0.16319
0.01693,0.01129,0.04802,0.04607,0.05435,0.01353,0.01765,0.09743,0.01975,0.01782,0.11426,0.01187,0.17134,0.02313,0.01475,0.01912,0.01321,0.16841,0.01223,0.10883
0.01845,0.01403,0.02500,0.02297,0.02709,0.01590,0.01853,0.11394,0.02126,0.01696,0.11761,0.02231,0.16190,0.02281,0.02635,0.02241,0.02192,0.16277,0.03238,0.11540
0.05713,0.01823,0.04532,0.04245,0.03465,0.02165,0.02554,0.19038,0.02377,0.02111,0.10671,0.01938,0.09377,0.04181,0.01739,0.02258,0.02158,0.09084,0.01898,0.08673
0.02982,0.01421,0.03322,0.02664,0.02869,0.02156,0.02521,0.07794,0.02191,0.01938,0.15918,0.01542,0.13561,0.02388,0.02407,0.02035,0.01720,0.13681,0.01703,0.15189
0.02501,0.01625,0.03987,0.04052,0.03889,0.02119,0.02238,0.06404,0.02490,0.02094,0.14308,0.01550,0.14855,0.02242,0.01985,0.02030,0.01792,0.14362,0.01641,0.13835
0.08098,0.01337,0.03409,0.03716,0.01736,0.01541,0.01931,0.14879,0.01458,0.01483,0.11632,0.02368,0.14097,0.01393,0.02014,0.02274,0.02201,0.14229,0.02249,0.07955
0.03392,0.01323,0.02700,0.02482,0.02130,0.01946,0.01724,0.04992,0.01899,0.01587,0.19119,0.02109,0.13579,0.02256,0.02021,0.01968,0.01674,0.13621,0.01613,0.17865
0.02475,0.01250,0.03394,0.03419,0.02320,0.01634,0.01748,0.08816,0.01734,0.01548,0.14773,0.01966,0.15258,0.02384,0.02041,0.01956,0.01789,0.15064,0.01687,0.14743
0.03089,0.01540,0.03802,0.03757,0.03047,0.01763,0.02316,0.15861,0.02107,0.01686,0.08046,0.01890,0.15384,0.04050,0.01961,0.02225,0.02206,0.15276,0.01877,0.08119
0.03080,0.01992,0.03072,0.02597,0.02950,0.01878,0.02289,0.12861,0.02623,0.01895,0.07086,0.03048,0.17645,0.02738,0.02499,0.03377,0.02584,0.16914,0.02119,0.06754
0.02227,0.01326,0.02768,0.02818,0.02448,0.01432,0.01593,0.10370,0.01548,0.01227,0.14650,0.01489,0.14790,0.05906,0.01333,0.01838,0.02206,0.14811,0.01390,0.13829
0.01781,0.01392,0.02464,0.02087,0.02440,0.01657,0.01700,0.21557,0.01457,0.01404,0.10345,0.01526,0.16048,0.01531,0.01545,0.02019,0.01429,0.15513,0.01765,0.10341
0.04644,0.01263,0.03196,0.02894,0.02037,0.01542,0.01465,0.09650,0.01721,0.01236,0.09140,0.01417,0.22263,0.01486,0.01503,0.01691,0.01286,0.22521,0.01460,0.07588
0.04920,0.01398,0.03956,0.03581,0.02669,0.01593,0.01866,0.04858,0.01845,0.01665,0.10346,0.01809,0.20804,0.02970,0.01322,0.01993,0.01626,0.21250,0.01781,0.07749
0.03637,0.01533,0.04078,0.04112,0.03574,0.01844,0.02536,0.11011,0.02883,0.02153,0.07870,0.01922,0.12259,0.11011,0.01884,0.02936,0.03163,0.11994,0.01809,0.07790
0.03591,0.01671,0.04514,0.03724,0.03433,0.01929,0.02189,0.12982,0.02221,0.02173,0.07728,0.01781,0.14471,0.07247,0.02084,0.02040,0.02360,0.14713,0.01968,0.07181
0.03000,0.01597,0.03393,0.03324,0.02852,0.01971,0.02272,0.10625,0.02227,0.02107,0.05998,0.01853,0.21619,0.02709,0.01751,0.01878,0.01927,0.21904,0.01472,0.05523
0.03817,0.01537,0.03920,0.03139,0.02588,0.02142,0.02576,0.19326,0.02336,0.02003,0.12847,0.01835,0.09379,0.01986,0.02134,0.02028,0.02441,0.09546,0.02172,0.12248
0.02907,0.01795,0.03755,0.03015,0.02843,0.01985,0.02598,0.06407,0.02370,0.02232,0.11782,0.01676,0.17242,0.02551,0.01695,0.02052,0.01984,0.17439,0.02213,0.11461
0.01821,0.01281,0.02481,0.02119,0.01579,0.01567,0.01643,0.09034,0.01868,0.01273,0.06634,0.01561,0.21119,0.10646,0.01303,0.01473,0.02918,0.21437,0.01824,0.06419
0.01760,0.00894,0.01597,0.01697,0.01428,0.00918,0.00975,0.04426,0.00979,0.01031,0.04790,0.01019,0.34105,0.01114,0.00900,0.01457,0.00860,0.34540,0.01310,0.04200
0.03345,0.02690,0.04494,0.04130,0.03550,0.02888,0.02534,0.13214,0.02687,0.02212,0.07394,0.03311,0.11774,0.06194,0.02611,0.03483,0.03234,0.10579,0.02763,0.06912
0.01465,0.00984,0.01918,0.02025,0.01766,0.01375,0.01459,0.04397,0.01354,0.01299,0.15544,0.01135,0.19363,0.06265,0.01239,0.01480,0.02048,0.18932,0.01250,0.14703
0.01812,0.01031,0.03682,0.03563,0.03325,0.01427,0.01577,0.20874,0.02013,0.01276,0.07431,0.01117,0.18457,0.02203,0.01135,0.01671,0.01145,0.18588,0.01102,0.06570
0.03120,0.01460,0.03470,0.03212,0.03225,0.02174,0.01998,0.08152,0.02002,0.02153,0.19081,0.01583,0.09769,0.02911,0.02041,0.02017,0.01757,0.09694,0.02023,0.18159
0.01794,0.01530,0.03839,0.03655,0.03820,0.01508,0.01877,0.13714,0.02085,0.02063,0.05733,0.01764,0.20473,0.02832,0.01646,0.02111,0.01608,0.20524,0.01702,0.05719
0.03717,0.02005,0.04288,0.03913,0.03538,0.01772,0.02568,0.06537,0.02420,0.02579,0.16919,0.02142,0.09061,0.02636,0.02921,0.02837,0.02154,0.08847,0.02081,0.17066
0.01971,0.01479,0.02776,0.02121,0.01966,0.01614,0.02029,0.14067,0.01903,0.01746,0.15897,0.01705,0.11503,0.02615,0.01961,0.01812,0.02264,0.11495,0.03844,0.15229
0.01602,0.01510,0.02656,0.02262,0.02073,0.01489,0.01561,0.08327,0.01787,0.01521,0.08269,0.01202,0.24155,0.02355,0.01671,0.01511,0.01895,0.23766,0.02243,0.08146
0.01626,0.00866,0.02360,0.02274,0.01822,0.00956,0.00996,0.15224,0.01300,0.00937,0.08132,0.00898,0.24698,0.01611,0.01101,0.01450,0.01120,0.24554,0.00789,0.07287
0.02037,0.01242,0.05485,0.04812,0.04771,0.01455,0.01686,0.16517,0.02060,0.01661,0.16364,0.01761,0.07819,0.02203,0.01294,0.02082,0.01731,0.07946,0.01531,0.15543
0.03288,0.00838,0.02991,0.02616,0.04178,0.00898,0.01055,0.34827,0.01927,0.00927,0.05204,0.01028,0.15113,0.02067,0.00770,0.01026,0.00988,0.15216,0.00768,0.04277
0.01443,0.01289,0.04371,0.04017,0.05109,0.01666,0.01833,0.12624,0.02105,0.01978,0.08573,0.01437,0.18719,0.01448,0.01642,0.01710,0.01363,0.18852,0.01465,0.08357
0.05035,0.01986,0.03721,0.03590,0.03195,0.02283,0.03294,0.17699,0.02316,0.02113,0.09504,0.02906,0.10006,0.01957,0.02959,0.03031,0.02654,0.09983,0.02738,0.09032
0.06338,0.01346,0.03118,0.02980,0.01772,0.01695,0.01971,0.24862,0.01354,0.01532,0.07437,0.02263,0.14116,0.02104,0.01640,0.02131,0.01700,0.14384,0.01913,0.05343
0.07597,0.01406,0.04298,0.04910,0.02635,0.01382,0.01337,0.03200,0.01725,0.01304,0.10718,0.01802,0.21533,0.02870,0.01307,0.01696,0.01339,0.22081,0.01061,0.05800
0.02029,0.02125,0.02761,0.02485,0.02215,0.01708,0.02521,0.15353,0.02072,0.02196,0.09449,0.02280,0.15022,0.01807,0.02920,0.02443,0.02109,0.15026,0.03768,0.09712
0.03431,0.02110,0.03878,0.03248,0.02438,0.02194,0.02199,0.06255,0.02413,0.02132,0.16577,0.01825,0.11088,0.05123,0.02093,0.02043,0.02077,0.10887,0.02620,0.15368
0.03750,0.01433,0.04370,0.04119,0.03510,0.01735,0.02484,0.10741,0.02291,0.02151,0.08146,0.01553,0.14068,0.09345,0.01634,0.02442,0.02577,0.14363,0.01551,0.07738
0.02161,0.01076,0.03539,0.02904,0.02872,0.01300,0.01480,0.06809,0.02011,0.01519,0.07426,0.01410,0.23030,0.06414,0.01422,0.01756,0.02152,0.22917,0.01308,0.06494
0.04003,0.01334,0.05534,0.06051,0.04291,0.01571,0.02621,0.05954,0.02826,0.02232,0.10146,0.01267,0.14079,0.09119,0.01229,0.01800,0.02368,0.14205,0.01227,0.08143
0.02694,0.01504,0.03649,0.03441,0.02425,0.02035,0.02206,0.04492,0.01985,0.01462,0.07256,0.02160,0.23042,0.03526,0.02004,0.01951,0.02042,0.22434,0.02229,0.07463
0.04399,0.01603,0.03569,0.03529,0.03040,0.01904,0.01862,0.18688,0.02074,0.01603,0.08547,0.01825,0.14767,0.02789,0.01750,0.02177,0.01872,0.14731,0.02088,0.07184
0.01848,0.01930,0.03425,0.03426,0.02958,0.02010,0.02152,0.07515,0.02371,0.01989,0.11590,0.02021,0.15772,0.03617,0.02163,0.02617,0.02385,0.15941,0.02223,0.12047
0.03162,0.01668,0.03238,0.03390,0.02684,0.01682,0.02306,0.14589,0.02864,0.01541,0.07037,0.01745,0.14692,0.11049,0.01601,0.01677,0.02595,0.15163,0.01456,0.05861
0.01748,0.01155,0.02650,0.02433,0.02283,0.01378,0.01989,0.10410,0.01870,0.01580,0.09165,0.01257,0.22395,0.02263,0.01482,0.01606,0.01282,0.22757,0.01463,0.08836
0.02042,0.01901,0.02494,0.02050,0.02240,0.02284,0.02157,0.19397,0.01712,0.01916,0.14205,0.01589,0.11096,0.02014,0.01915,0.01728,0.01753,0.11125,0.02025,0.14360
0.06260,0.01220,0.03942,0.03558,0.02321,0.01595,0.01738,0.12845,0.01637,0.01587,0.17628,0.01446,0.10258,0.02494,0.01402,0.01718,0.01525,0.10545,0.01346,0.14936
0.02331,0.01519,0.07491,0.06920,0.07754,0.01899,0.02197,0.07913,0.02975,0.02745,0.06961,0.01566,0.13153,0.06854,0.01479,0.02781,0.02411,0.13354,0.01358,0.06337
0.03409,0.01731,0.04139,0.03700,0.03110,0.01942,0.01814,0.12046,0.02264,0.01943,0.11317,0.02263,0.15340,0.01862,0.02264,0.02567,0.02113,0.15176,0.02292,0.08708
0.03635,0.02218,0.04623,0.04153,0.04210,0.01998,0.02002,0.21821,0.02176,0.02061,0.06195,0.01364,0.14114,0.02563,0.01398,0.01702,0.01508,0.14378,0.01519,0.06362
0.03283,0.01501,0.03337,0.02899,0.02503,0.01476,0.01795,0.09852,0.02228,0.01567,0.15555,0.01848,0.13932,0.02835,0.02128,0.01811,0.01753,0.13464,0.01877,0.14355
0.03179,0.01976,0.04543,0.03783,0.03179,0.02446,0.02921,0.06275,0.02719,0.02826,0.07018,0.02522,0.17476,0.04456,0.02197,0.02645,0.02383,0.17084,0.03214,0.07156
0.01295,0.01015,0.01989,0.01877,0.01766,0.01135,0.01365,0.03741,0.01595,0.01107,0.21847,0.01104,0.15897,0.01809,0.01142,0.01606,0.01196,0.15554,0.01123,0.21838
0.02376,0.01037,0.02375,0.02395,0.01834,0.01474,0.01725,0.07983,0.01623,0.01386,0.11947,0.01580,0.19409,0.02848,0.01870,0.02310,0.02146,0.19783,0.02411,0.11489
0.02400,0.01387,0.02727,0.02482,0.02053,0.01505,0.02227,0.15676,0.01803,0.01366,0.06657,0.01776,0.21209,0.02359,0.01669,0.01796,0.01371,0.21720,0.01571,0.06246
0.01977,0.00985,0.02695,0.02333,0.01983,0.01229,0.01314,0.05807,0.01180,0.01092,0.13872,0.01119,0.21677,0.01894,0.01294,0.01467,0.01119,0.22075,0.00961,0.13926
0.01409,0.01121,0.02192,0.02230,0.02512,0.01282,0.01251,0.07455,0.01400,0.01271,0.16230,0.01182,0.18620,0.02826,0.01219,0.01446,0.01317,0.18309,0.01155,0.15573
0.01967,0.01166,0.02343,0.02547,0.02170,0.01135,0.01279,0.06594,0.01395,0.01184,0.21355,0.01243,0.13875,0.02231,0.01296,0.01380,0.01259,0.13636,0.00941,0.21003
0.03470,0.01762,0.03233,0.02748,0.02548,0.01848,0.02489,0.06345,0.02297,0.01917,0.17751,0.02546,0.09447,0.03165,0.02794,0.02868,0.02551,0.09315,0.02690,0.18215
0.02755,0.02152,0.03809,0.04359,0.04455,0.02281,0.02452,0.05343,0.02337,0.02890,0.13877,0.01831,0.14065,0.02320,0.01931,0.02060,0.02032,0.13939,0.01901,0.13211
0.01445,0.01125,0.02521,0.02175,0.01896,0.01343,0.01552,0.06656,0.01523,0.01328,0.25100,0.01043,0.10766,0.01253,0.01282,0.01451,0.01173,0.10521,0.01421,0.24425
0.02069,0.01469,0.02900,0.02710,0.02540,0.01700,0.02168,0.25946,0.01947,0.01924,0.07443,0.01556,0.13360,0.03913,0.01592,0.02135,0.01980,0.13216,0.02098,0.07334
0.01659,0.01137,0.07792,0.06581,0.08272,0.01853,0.02034,0.16837,0.02641,0.02422,0.05010,0.01441,0.12226,0.05796,0.01480,0.02582,0.01968,0.11910,0.01419,0.04938
0.02601,0.01346,0.05644,0.06952,0.04542,0.01306,0.01925,0.02670,0.02295,0.02446,0.20952,0.01124,0.08550,0.03874,0.01097,0.02247,0.01434,0.08303,0.00929,0.19763
0.01609,0.01273,0.04401,0.04754,0.04716,0.01625,0.01737,0.10910,0.02324,0.02238,0.10292,0.01613,0.15508,0.03117,0.01979,0.02198,0.02165,0.15518,0.01807,0.10217
0.01536,0.01173,0.01906,0.01495,0.01638,0.01610,0.01390,0.05135,0.01438,0.01320,0.12930,0.01720,0.21944,0.02294,0.02062,0.02046,0.01557,0.22185,0.01848,0.12774
0.01227,0.01047,0.02160,0.01943,0.01706,0.01133,0.01164,0.05571,0.01312,0.01194,0.06616,0.01344,0.10741,0.35229,0.01217,0.01609,0.06755,0.10868,0.01304,0.05859
0.02549,0.01763,0.02776,0.02318,0.03027,0.01938,0.02056,0.08387,0.02253,0.01957,0.07306,0.03023,0.17186,0.04143,0.03336,0.02905,0.02797,0.16847,0.05974,0.07457
0.13110,0.01216,0.05688,0.05458,0.02246,0.01452,0.01646,0.07053,0.01765,0.01333,0.17082,0.01584,0.09658,0.05281,0.01390,0.01932,0.01874,0.09972,0.01239,0.09020
0.03166,0.01227,0.03284,0.03227,0.02555,0.01608,0.01997,0.21357,0.01630,0.01626,0.11701,0.01652,0.12772,0.01325,0.01689,0.02023,0.01366,0.12622,0.02530,0.10644
0.01764,0.01460,0.02542,0.02539,0.02569,0.01237,0.01434,0.07491,0.01394,0.01337,0.10307,0.01354,0.20468,0.07977,0.01243,0.01400,0.02121,0.20543,0.01054,0.09767
0.04584,0.02010,0.05552,0.06073,0.04527,0.02571,0.02955,0.06318,0.03271,0.02846,0.12968,0.01962,0.10065,0.04596,0.01651,0.02219,0.02178,0.09956,0.01964,0.11733
0.03205,0.02266,0.02832,0.02235,0.02385,0.02375,0.02395,0.10012,0.02067,0.01714,0.12467,0.03634,0.11459,0.02526,0.03114,0.03699,0.03238,0.11696,0.04150,0.12533
0.02826,0.02022,0.04235,0.03994,0.03759,0.02604,0.02682,0.08733,0.02600,0.02343,0.13105,0.02123,0.07039,0.12157,0.02125,0.02182,0.03799,0.06839,0.02259,0.12576
0.01291,0.01051,0.03462,0.02793,0.03081,0.01296,0.01513,0.15462,0.01741,0.01458,0.11236,0.01156,0.17078,0.03514,0.01379,0.01646,0.01390,0.17047,0.01554,0.10852
0.01622,0.01959,0.02536,0.02185,0.02461,0.02384,0.02311,0.05136,0.02032,0.02379,0.08359,0.01921,0.20418,0.05182,0.02308,0.02476,0.02703,0.20655,0.02449,0.08525
0.02822,0.02045,0.05867,0.04960,0.06046,0.02218,0.02740,0.10876,0.03020,0.02926,0.09984,0.01419,0.12067,0.04001,0.01600,0.02326,0.02192,0.11656,0.01599,0.09635
0.01822,0.01507,0.03862,0.03564,0.03529,0.01529,0.01918,0.20173,0.01913,0.01831,0.10306,0.01829,0.10088,0.06766,0.02146,0.02244,0.02783,0.09980,0.01881,0.10330
0.02293,0.01164,0.03399,0.02948,0.03252,0.02262,0.01959,0.08498,0.02196,0.01768,0.16011,0.02222,0.10679,0.05111,0.02447,0.02420,0.02666,0.11044,0.02153,0.15509
0.02284,0.01983,0.04836,0.04294,0.04692,0.02267,0.02758,0.11940,0.03009,0.02173,0.11445,0.02113,0.10359,0.05286,0.02193,0.02515,0.02274,0.10079,0.01989,0.11510
0.01492,0.01310,0.01799,0.01598,0.01639,0.01718,0.01366,0.13014,0.01478,0.01176,0.18695,0.01692,0.12618,0.01653,0.01754,0.01971,0.01615,0.12493,0.02237,0.18684
0.02581,0.02011,0.05511,0.06032,0.05605,0.01713,0.02315,0.05725,0.03013,0.02248,0.11218,0.01799,0.09845,0.10826,0.01959,0.02334,0.03537,0.09828,0.01737,0.10162
0.02695,0.01463,0.02852,0.02849,0.02366,0.01622,0.01732,0.04547,0.01861,0.01577,0.13153,0.02153,0.15177,0.08736,0.02430,0.02796,0.02895,0.14655,0.02084,0.12358
0.04637,0.01483,0.04127,0.03426,0.02624,0.01509,0.01847,0.13425,0.02124,0.01880,0.07554,0.01800,0.19661,0.01663,0.01489,0.01876,0.01433,0.19854,0.01414,0.06174
0.01778,0.01336,0.05332,0.04954,0.04443,0.01315,0.01722,0.04486,0.01809,0.01751,0.05778,0.00874,0.24796,0.04637,0.01045,0.01830,0.01409,0.24817,0.00982,0.04905
0.03816,0.01328,0.05708,0.05779,0.03643,0.02128,0.02743,0.12431,0.02216,0.01765,0.12166,0.01697,0.12292,0.01330,0.01600,0.02533,0.01392,0.12162,0.01543,0.11729
0.03707,0.02537,0.03905,0.04276,0.03557,0.02201,0.01913,0.28849,0.02192,0.01626,0.05315,0.01633,0.12426,0.02681,0.01364,0.01836,0.01331,0.12639,0.01523,0.04488
0.04700,0.01612,0.03445,0.03541,0.02863,0.02070,0.01987,0.15747,0.01885,0.02037,0.09403,0.01901,0.15229,0.03037,0.01931,0.02282,0.01732,0.15530,0.01765,0.07301
0.04641,0.02330,0.04264,0.03869,0.02525,0.02755,0.03110,0.05395,0.03451,0.02563,0.11557,0.02847,0.09546,0.10168,0.02895,0.02900,0.03144,0.09706,0.02528,0.09805
0.03414,0.01763,0.02854,0.02351,0.01987,0.02689,0.02051,0.02672,0.02289,0.02117,0.15315,0.02250,0.15906,0.04438,0.02129,0.01984,0.02175,0.15999,0.01973,0.13646
0.02277,0.01545,0.02857,0.02510,0.02687,0.02010,0.01893,0.08920,0.01832,0.01795,0.15000,0.02378,0.14088,0.02771,0.02248,0.02363,0.01997,0.14504,0.01869,0.14459
0.02034,0.01141,0.01929,0.01442,0.01531,0.01324,0.01745,0.14502,0.01360,0.01142,0.07547,0.01916,0.23110,0.01013,0.01809,0.01875,0.01233,0.23650,0.01867,0.07829
0.03111,0.01156,0.04821,0.04649,0.03800,0.01401,0.01708,0.23466,0.02484,0.01353,0.08106,0.01478,0.13448,0.03308,0.01144,0.01550,0.01445,0.13738,0.01181,0.06655
0.02507,0.01895,0.02882,0.02963,0.02717,0.02359,0.02268,0.08448,0.02599,0.02158,0.11819,0.02280,0.16303,0.02916,0.01983,0.02335,0.02150,0.15936,0.01895,0.11585
0.02671,0.01436,0.03179,0.02715,0.03025,0.01550,0.02017,0.06892,0.01732,0.01640,0.18185,0.02129,0.12865,0.01804,0.01990,0.02408,0.01595,0.13102,0.02079,0.16988
0.03584,0.02293,0.03944,0.03736,0.04008,0.02655,0.02849,0.05431,0.02850,0.02519,0.18604,0.01925,0.08388,0.03057,0.02036,0.02328,0.02171,0.07880,0.02003,0.17738
0.01879,0.01512,0.03005,0.02366,0.02815,0.01735,0.02076,0.14878,0.01883,0.01740,0.05596,0.01772,0.22124,0.02367,0.01560,0.02074,0.01437,0.21999,0.01825,0.05357
0.01458,0.01190,0.03052,0.03150,0.02538,0.01471,0.01788,0.20531,0.01756,0.01972,0.16931,0.01491,0.08640,0.02935,0.01493,0.01588,0.01618,0.08474,0.01434,0.16491
0.02800,0.01318,0.03840,0.02907,0.02966,0.01271,0.01782,0.13595,0.01698,0.01408,0.10720,0.01325,0.18446,0.01398,0.01320,0.01498,0.01311,0.18693,0.01416,0.10289
0.01800,0.01119,0.02705,0.02408,0.02133,0.01420,0.01511,0.05764,0.01647,0.01272,0.19974,0.01361,0.15101,0.01875,0.01605,0.01570,0.01425,0.15140,0.01428,0.18740
0.05036,0.01971,0.05578,0.05249,0.03889,0.02508,0.03092,0.13752,0.02892,0.02733,0.12016,0.02217,0.08273,0.02130,0.02168,0.03048,0.02191,0.08437,0.02145,0.10675
0.02197,0.01930,0.06617,0.05739,0.06150,0.02435,0.02714,0.05432,0.03552,0.03331,0.09855,0.01614,0.12332,0.05325,0.01771,0.02548,0.02303,0.12086,0.02064,0.10004
0.02677,0.02037,0.04941,0.04851,0.04089,0.02279,0.02787,0.06478,0.02862,0.02562,0.10462,0.02216,0.13510,0.03225,0.02413,0.02827,0.03034,0.13613,0.02714,0.10422
0.01947,0.00879,0.02063,0.02061,0.01831,0.00915,0.00980,0.07667,0.01071,0.00940,0.04682,0.01234,0.31209,0.02488,0.01048,0.01302,0.00959,0.31859,0.01128,0.03738
0.02148,0.01461,0.04656,0.04395,0.03916,0.01457,0.01818,0.04589,0.02166,0.01465,0.15323,0.01490,0.16962,0.02338,0.01413,0.01986,0.01316,0.16527,0.01118,0.13455
0.05233,0.01467,0.04060,0.03498,0.02639,0.01630,0.01941,0.11183,0.01956,0.01656,0.20630,0.01489,0.06401,0.04274,0.01514,0.02294,0.01727,0.06637,0.01886,0.17885
0.01553,0.01061,0.02295,0.02342,0.01957,0.01151,0.01658,0.14085,0.01360,0.01016,0.10638,0.01529,0.19933,0.02028,0.01627,0.01783,0.01488,0.20061,0.01609,0.10827
0.04986,0.01630,0.03619,0.03463,0.02318,0.02096,0.02294,0.09406,0.02527,0.01893,0.12201,0.02055,0.13908,0.04569,0.01831,0.02307,0.01938,0.13678,0.02164,0.11117
0.02122,0.01589,0.03157,0.02423,0.02550,0.01765,0.02656,0.22630,0.01969,0.02105,0.12654,0.01790,0.09621,0.02734,0.02076,0.01751,0.02071,0.09546,0.02334,0.12456
0.04666,0.01866,0.03474,0.03473,0.02347,0.01952,0.02732,0.10001,0.02624,0.01515,0.07876,0.03125,0.17509,0.02644,0.02208,0.02658,0.02580,0.18046,0.02462,0.06244
0.01936,0.01212,0.02810,0.02408,0.02822,0.01439,0.01460,0.18198,0.01681,0.01292,0.11571,0.01271,0.16715,0.01683,0.01376,0.02172,0.01390,0.16959,0.01225,0.10381
0.02789,0.01411,0.03564,0.03711,0.03217,0.01763,0.01996,0.10096,0.02087,0.01436,0.06409,0.02104,0.21880,0.02830,0.01742,0.02224,0.01708,0.21872,0.01604,0.05558
0.01192,0.01076,0.02028,0.01573,0.01428,0.01265,0.01261,0.03735,0.01154,0.01089,0.09753,0.00975,0.26762,0.05548,0.01128,0.01088,0.01718,0.26439,0.01124,0.09663
0.03982,0.01149,0.02966,0.02880,0.02063,0.01333,0.01703,0.05072,0.01897,0.01270,0.17496,0.01996,0.15163,0.02926,0.01736,0.02370,0.01638,0.14955,0.01733,0.15673
0.01922,0.01025,0.02442,0.02201,0.02246,0.01076,0.01286,0.06081,0.01274,0.01154,0.15988,0.01107,0.18784,0.04142,0.01377,0.01589,0.01498,0.18891,0.01300,0.14617
0.02479,0.01678,0.03702,0.03124,0.02433,0.02012,0.03094,0.15442,0.02181,0.02480,0.08243,0.01940,0.16578,0.01363,0.02081,0.02378,0.01642,0.16825,0.02435,0.07892
0.01713,0.01593,0.03963,0.03791,0.03901,0.01765,0.02303,0.10823,0.02434,0.01738,0.17539,0.01763,0.09709,0.02318,0.01989,0.02103,0.01977,0.09451,0.01733,0.17394
0.01955,0.01070,0.02671,0.02549,0.02336,0.01295,0.01565,0.04907,0.01824,0.01292,0.13338,0.01327,0.21572,0.01959,0.01475,0.01570,0.01677,0.21762,0.01530,0.12323
0.03015,0.02159,0.03380,0.02641,0.02988,0.02193,0.02494,0.11672,0.02543,0.02426,0.07454,0.03134,0.13173,0.03004,0.03581,0.03200,0.03199,0.13627,0.06784,0.07333
0.01810,0.01590,0.02809,0.02897,0.02653,0.01276,0.01743,0.10895,0.01772,0.01497,0.09312,0.01260,0.19261,0.06835,0.01287,0.01916,0.02028,0.19287,0.01431,0.08442
0.02756,0.01921,0.06888,0.05815,0.08033,0.02405,0.02475,0.08609,0.03287,0.02679,0.10285,0.02349,0.11153,0.02475,0.01991,0.02810,0.02017,0.10444,0.01743,0.09864
0.01845,0.00973,0.03629,0.03249,0.03514,0.01193,0.01442,0.16448,0.01570,0.01180,0.08799,0.01241,0.19978,0.01237,0.01176,0.01598,0.01177,0.20358,0.01185,0.08211
0.02320,0.01305,0.02844,0.02565,0.02294,0.01843,0.02005,0.06845,0.01590,0.01736,0.16527,0.02110,0.13824,0.04775,0.02007,0.02440,0.02320,0.13371,0.01419,0.15859
0.03300,0.01844,0.04198,0.04491,0.03156,0.01864,0.02686,0.04696,0.02172,0.02168,0.13935,0.02171,0.12223,0.05261,0.02116,0.02548,0.02961,0.12094,0.02221,0.13895
0.01530,0.01389,0.04287,0.03629,0.03921,0.01583,0.01925,0.12285,0.02302,0.01967,0.14821,0.01436,0.12636,0.02445,0.01560,0.01709,0.01428,0.12946,0.01612,0.14588
0.00776,0.00511,0.01222,0.01136,0.00928,0.00619,0.00603,0.02715,0.00580,0.00561,0.09933,0.00535,0.27813,0.11560,0.00543,0.00646,0.02184,0.27314,0.00572,0.09249
0.02917,0.01676,0.03898,0.03349,0.03297,0.02486,0.02313,0.12875,0.02168,0.02021,0.10264,0.01596,0.14995,0.04102,0.01574,0.02000,0.01987,0.14768,0.01608,0.10108
0.01898,0.01513,0.04015,0.04094,0.04069,0.01779,0.01995,0.08418,0.02303,0.01757,0.07599,0.01928,0.19431,0.03872,0.01759,0.02547,0.01934,0.19634,0.01510,0.07946
0.03586,0.01005,0.02652,0.02784,0.01713,0.01135,0.01376,0.07291,0.01326,0.01185,0.21545,0.01414,0.12290,0.01723,0.01488,0.01706,0.01489,0.12761,0.01767,0.19764
0.02173,0.01855,0.06103,0.06037,0.06613,0.01961,0.02288,0.04996,0.02683,0.02191,0.13923,0.01432,0.11495,0.05318,0.01415,0.01908,0.01831,0.11091,0.01244,0.13443
0.03060,0.01861,0.07612,0.07203,0.07082,0.01723,0.01801,0.06391,0.03448,0.02177,0.08284,0.01569,0.15865,0.01838,0.01571,0.02647,0.01689,0.15588,0.01462,0.07129
0.01974,0.01702,0.03738,0.03042,0.03744,0.02028,0.02357,0.24773,0.02184,0.02331,0.09008,0.02243,0.10763,0.01183,0.02241,0.02667,0.01790,0.10413,0.02876,0.08940
0.02532,0.01985,0.02810,0.02884,0.02759,0.01593,0.01778,0.06216,0.01714,0.01703,0.12504,0.02634,0.17589,0.02088,0.02377,0.02460,0.02049,0.17502,0.02413,0.12410
0.02951,0.01714,0.03484,0.03162,0.03012,0.02041,0.02041,0.10581,0.01950,0.01886,0.06229,0.02124,0.21318,0.01382,0.01952,0.02274,0.01770,0.21691,0.02311,0.06127
0.11960,0.01452,0.05568,0.05818,0.02398,0.01679,0.02041,0.03245,0.02086,0.01699,0.11432,0.01519,0.16486,0.05207,0.01096,0.01534,0.01724,0.16835,0.01137,0.05083
0.02623,0.02029,0.04003,0.04361,0.04043,0.02798,0.02558,0.11951,0.02667,0.03216,0.10016,0.02609,0.11403,0.02868,0.03066,0.03278,0.02610,0.11762,0.01994,0.10147
0.02745,0.02042,0.02881,0.02791,0.03082,0.02794,0.03262,0.07678,0.02574,0.02218,0.11065,0.03523,0.11189,0.02422,0.04025,0.05114,0.03793,0.11228,0.04366,0.11208
0.02676,0.01105,0.03017,0.02684,0.02620,0.01623,0.01903,0.04872,0.01974,0.01419,0.12272,0.01751,0.15566,0.11005,0.01736,0.02020,0.03179,0.15925,0.01782,0.10869
0.02174,0.01343,0.02166,0.02248,0.02168,0.01492,0.01924,0.04648,0.01856,0.01336,0.05236,0.01561,0.25296,0.08057,0.01901,0.01750,0.02855,0.25524,0.01501,0.04962
0.03192,0.02130,0.03049,0.03453,0.02560,0.02441,0.02316,0.05303,0.02282,0.01757,0.14996,0.02589,0.13097,0.03361,0.02633,0.02457,0.02376,0.13028,0.02299,0.14681
0.02583,0.01522,0.03282,0.03462,0.02821,0.01575,0.01808,0.06225,0.01911,0.01698,0.17004,0.01511,0.14521,0.03369,0.01341,0.01427,0.01566,0.14674,0.01318,0.16381
0.04614,0.02925,0.04884,0.04341,0.04531,0.03420,0.03779,0.04149,0.02668,0.03590,0.03689,0.01865,0.20596,0.02268,0.01909,0.02392,0.01986,0.20507,0.02008,0.03879
0.02584,0.02039,0.04084,0.03301,0.03672,0.02491,0.02543,0.12889,0.02522,0.02855,0.06188,0.02348,0.17259,0.02007,0.02278,0.02392,0.02166,0.17199,0.02846,0.06336
0.11531,0.01393,0.04587,0.04608,0.01729,0.01380,0.01491,0.03257,0.01681,0.01390,0.11997,0.01634,0.19701,0.01722,0.01615,0.01766,0.01430,0.19890,0.01765,0.05432
0.01804,0.00919,0.02916,0.02975,0.02670,0.01218,0.01279,0.23991,0.01448,0.01405,0.08847,0.01159,0.16671,0.02632,0.01167,0.01334,0.01410,0.16631,0.01292,0.08229
0.02330,0.00986,0.02759,0.02752,0.03060,0.01463,0.01677,0.14905,0.01526,0.01321,0.09248,0.01549,0.18185,0.03809,0.01580,0.01971,0.01604,0.18227,0.01733,0.09312
0.02968,0.02009,0.04300,0.04684,0.04426,0.02390,0.02409,0.05864,0.03137,0.02177,0.13940,0.02220,0.12200,0.01890,0.02490,0.02942,0.02028,0.11640,0.02437,0.13851
0.01281,0.01142,0.05210,0.04797,0.05899,0.01393,0.01512,0.10947,0.02176,0.01693,0.07396,0.01178,0.19913,0.01784,0.01378,0.01754,0.01304,0.20280,0.01224,0.07737
0.02302,0.01404,0.02166,0.01996,0.02084,0.01441,0.01888,0.13502,0.01687,0.01418,0.13000,0.01841,0.15975,0.02162,0.02064,0.01939,0.01782,0.16471,0.02231,0.12648
0.02291,0.01116,0.02484,0.01680,0.02559,0.01283,0.01329,0.14241,0.01466,0.01337,0.22376,0.01567,0.08639,0.02596,0.01348,0.01808,0.01710,0.08218,0.01415,0.20535
0.01971,0.01407,0.03606,0.03231,0.02898,0.01744,0.01592,0.11139,0.01860,0.01616,0.09154,0.01486,0.19532,0.02911,0.01551,0.01984,0.01476,0.20398,0.01936,0.08505
0.02286,0.01231,0.02786,0.02155,0.02357,0.01710,0.01756,0.05012,0.01656,0.01644,0.13225,0.01630,0.19388,0.03115,0.02117,0.02323,0.01992,0.19303,0.01689,0.12627
0.02049,0.01075,0.02429,0.02907,0.02639,0.01500,0.01669,0.06953,0.01757,0.01580,0.13591,0.01224,0.19533,0.02186,0.01783,0.01796,0.01380,0.19642,0.01414,0.12893
0.04268,0.01394,0.02899,0.02912,0.01626,0.01636,0.01531,0.03569,0.01828,0.01292,0.13029,0.01523,0.18580,0.06926,0.01753,0.02071,0.02212,0.19122,0.01334,0.10497
0.02671,0.01568,0.03000,0.03402,0.03066,0.02006,0.02412,0.04975,0.02107,0.01433,0.15303,0.01780,0.14438,0.04668,0.01949,0.01963,0.02120,0.14144,0.01830,0.15164
0.12941,0.01372,0.05944,0.05915,0.02242,0.01694,0.02053,0.12166,0.01830,0.01640,0.16280,0.01762,0.07834,0.02211,0.01643,0.02277,0.01791,0.08034,0.01472,0.08899
0.02675,0.01405,0.03256,0.03196,0.03631,0.01685,0.02117,0.06862,0.02060,0.01816,0.17146,0.01663,0.13909,0.01713,0.01813,0.02281,0.01474,0.13342,0.01447,0.16511
0.03557,0.01552,0.04050,0.03969,0.03264,0.02210,0.02361,0.11988,0.02297,0.01690,0.14880,0.01492,0.11208,0.02697,0.01912,0.02021,0.01708,0.10964,0.01514,0.14664
0.04831,0.02196,0.06210,0.06389,0.04863,0.02898,0.03597,0.12228,0.03027,0.02401,0.08344,0.03302,0.08753,0.02783,0.02649,0.03182,0.02802,0.08815,0.02611,0.08118
0.02013,0.00722,0.03031,0.03216,0.01853,0.01146,0.01396,0.04843,0.01233,0.01025,0.11106,0.01380,0.23576,0.01601,0.01807,0.01833,0.01566,0.23784,0.01865,0.11004
0.02697,0.01579,0.03429,0.03830,0.03332,0.01967,0.02522,0.02891,0.01770,0.02212,0.10271,0.01212,0.22573,0.03706,0.01290,0.01312,0.01352,0.22232,0.01111,0.08712
0.10103,0.01218,0.04528,0.05026,0.01914,0.01369,0.01515,0.04380,0.01506,0.01280,0.18012,0.01408,0.14793,0.02040,0.01502,0.01783,0.01265,0.14632,0.01167,0.10557
0.02804,0.01199,0.05522,0.04992,0.05212,0.01339,0.01779,0.10421,0.02253,0.01929,0.07050,0.01347,0.19978,0.03210,0.01209,0.01650,0.01357,0.20050,0.01014,0.05684
0.01360,0.00720,0.01674,0.01565,0.01231,0.00779,0.00913,0.08537,0.00924,0.00768,0.07399,0.00782,0.31065,0.01097,0.00814,0.01007,0.00841,0.30877,0.00781,0.06864
0.02238,0.01617,0.03174,0.03479,0.03104,0.02056,0.01909,0.29362,0.01743,0.01666,0.07186,0.01927,0.11848,0.02432,0.01857,0.02433,0.01984,0.11561,0.01752,0.06671
0.01867,0.01179,0.02953,0.02578,0.02604,0.01452,0.01805,0.14415,0.01484,0.01415,0.20097,0.01062,0.10046,0.02108,0.01275,0.01638,0.01547,0.09418,0.01395,0.19661
0.03277,0.01426,0.04204,0.03736,0.03416,0.01654,0.02150,0.15222,0.01887,0.01379,0.05920,0.01557,0.19687,0.01340,0.01907,0.02144,0.01401,0.19752,0.01648,0.06292
0.02186,0.01163,0.02606,0.01982,0.02635,0.01589,0.01496,0.17411,0.02073,0.01340,0.19556,0.01391,0.07727,0.03286,0.01436,0.01846,0.01717,0.07517,0.01755,0.19289
0.02047,0.01289,0.04043,0.03866,0.04599,0.01554,0.01551,0.10985,0.01867,0.01789,0.08722,0.01910,0.20558,0.01429,0.01383,0.01697,0.01225,0.20549,0.01304,0.07635
0.03869,0.01703,0.04895,0.05199,0.03969,0.01840,0.02830,0.09511,0.02326,0.02347,0.07141,0.03297,0.14614,0.03560,0.02480,0.04081,0.02497,0.14388,0.02886,0.06570
0.02671,0.01807,0.05181,0.05148,0.04441,0.02110,0.02069,0.04213,0.02335,0.02587,0.10683,0.01550,0.16778,0.05224,0.01764,0.01997,0.02027,0.16735,0.01318,0.09363
0.02981,0.01389,0.04458,0.05187,0.04601,0.02273,0.02093,0.07147,0.02955,0.02027,0.09776,0.01588,0.17581,0.01706,0.01812,0.02341,0.01598,0.17583,0.01388,0.09515
0.03084,0.01810,0.04695,0.04737,0.03484,0.01985,0.02560,0.07051,0.02255,0.02261,0.13845,0.01893,0.13308,0.01667,0.02267,0.02464,0.01710,0.13586,0.02441,0.12898
0.02624,0.01208,0.03414,0.03640,0.03218,0.01473,0.02043,0.12360,0.01821,0.01421,0.14582,0.02209,0.13236,0.01912,0.01973,0.02220,0.01859,0.13386,0.01872,0.13530
0.02670,0.01122,0.02992,0.03142,0.02316,0.01515,0.01460,0.11539,0.01823,0.01347,0.10331,0.01812,0.16634,0.03925,0.02708,0.02669,0.02474,0.17032,0.01942,0.10549
0.01558,0.01126,0.03028,0.02978,0.03257,0.01282,0.01637,0.04979,0.02083,0.01353,0.11028,0.00964,0.23142,0.02850,0.01414,0.01510,0.01264,0.22943,0.01038,0.10566
0.02557,0.01204,0.03561,0.02939,0.02379,0.01897,0.02021,0.07287,0.02220,0.01641,0.10992,0.01684,0.17409,0.06276,0.01657,0.01933,0.02561,0.17322,0.01864,0.10597
0.04048,0.01471,0.06225,0.07140,0.04233,0.02540,0.03503,0.04740,0.02784,0.01972,0.09540,0.02281,0.15183,0.02031,0.02040,0.02267,0.01659,0.15323,0.02140,0.08879
0.02004,0.01643,0.03791,0.03604,0.03610,0.01698,0.01793,0.08395,0.02235,0.01460,0.16291,0.01672,0.08691,0.10967,0.02086,0.02156,0.02956,0.07711,0.01843,0.15396
0.02994,0.01563,0.03811,0.03693,0.03877,0.02009,0.02117,0.05940,0.02363,0.01871,0.13533,0.02407,0.14911,0.01754,0.02214,0.02584,0.02031,0.14812,0.02179,0.13335
0.02262,0.01058,0.02390,0.01909,0.01904,0.01478,0.01567,0.06075,0.01698,0.01094,0.10986,0.01693,0.23851,0.01540,0.01588,0.02213,0.01536,0.23338,0.01568,0.10251
0.04450,0.02210,0.04105,0.03120,0.02761,0.02790,0.03858,0.10753,0.02750,0.02458,0.10218,0.03137,0.12320,0.02659,0.02817,0.03077,0.02053,0.12123,0.03318,0.09023
0.02260,0.02054,0.02770,0.03167,0.03036,0.02245,0.02078,0.15994,0.02002,0.01856,0.14965,0.02044,0.09877,0.02395,0.02225,0.02346,0.02448,0.09767,0.01803,0.14667
0.04220,0.01902,0.05429,0.05611,0.04585,0.02593,0.02945,0.04517,0.03505,0.02859,0.07941,0.01996,0.16107,0.04052,0.01935,0.02575,0.02044,0.16310,0.02005,0.06868
0.03258,0.01997,0.05648,0.06356,0.05162,0.02892,0.02440,0.05514,0.03258,0.02230,0.11689,0.02190,0.11777,0.04618,0.02006,0.02680,0.02395,0.11838,0.01823,0.10231
0.03169,0.01192,0.03955,0.03724,0.02773,0.01358,0.01597,0.25223,0.01897,0.01309,0.07855,0.01610,0.13281,0.02777,0.01536,0.02034,0.01373,0.13463,0.01408,0.08465
0.07058,0.02033,0.05433,0.05692,0.03275,0.02249,0.02723,0.04698,0.02959,0.02347,0.11621,0.01773,0.14654,0.02003,0.02083,0.02415,0.01557,0.14805,0.01999,0.08622
0.02080,0.01055,0.02694,0.02967,0.02647,0.01045,0.01507,0.06627,0.01650,0.01284,0.19377,0.01285,0.14339,0.01907,0.01340,0.01666,0.01406,0.14619,0.01609,0.18896
0.01677,0.01487,0.03482,0.03295,0.03464,0.01609,0.01659,0.06790,0.02161,0.01592,0.08321,0.01567,0.21064,0.04977,0.01597,0.02008,0.01799,0.21283,0.01817,0.08349
0.01948,0.01065,0.02194,0.02479,0.01806,0.01279,0.01411,0.03988,0.01335,0.01091,0.14567,0.01714,0.21243,0.02446,0.01683,0.02009,0.01628,0.21344,0.01520,0.13250
0.02697,0.01276,0.02759,0.02832,0.02251,0.01457,0.01539,0.04551,0.01946,0.01298,0.06235,0.01602,0.27332,0.02125,0.01681,0.02066,0.01391,0.27435,0.01564,0.05965
0.01925,0.01080,0.02844,0.02768,0.02859,0.01173,0.02120,0.12133,0.01875,0.01446,0.06545,0.01572,0.22611,0.02612,0.01710,0.02121,0.01567,0.22689,0.01519,0.06831
0.02707,0.01571,0.03689,0.03378,0.03436,0.01797,0.02054,0.10184,0.01771,0.01981,0.08188,0.01871,0.20535,0.01865,0.01766,0.01908,0.01646,0.20766,0.01482,0.07405
0.01899,0.02141,0.02976,0.02031,0.02282,0.02250,0.02350,0.06243,0.02314,0.01957,0.19591,0.02057,0.10297,0.03339,0.01905,0.02056,0.02216,0.10113,0.02557,0.19426
0.05365,0.01539,0.04877,0.05807,0.03395,0.02074,0.01914,0.04574,0.02044,0.02181,0.09874,0.01628,0.19881,0.01284,0.01632,0.02567,0.01345,0.20105,0.01344,0.06570
0.14908,0.01148,0.06375,0.05954,0.02819,0.01862,0.02131,0.11709,0.01854,0.01999,0.17203,0.01592,0.06480,0.02569,0.01877,0.01870,0.01528,0.06478,0.01699,0.07944
0.01481,0.01211,0.02032,0.02210,0.01829,0.01340,0.01678,0.08459,0.01662,0.01720,0.20310,0.01769,0.12604,0.01558,0.02152,0.02108,0.01505,0.12279,0.01689,0.20404
0.02205,0.01274,0.02665,0.02452,0.02278,0.01619,0.01566,0.05496,0.01888,0.01712,0.20744,0.01810,0.12194,0.03161,0.01749,0.02297,0.01829,0.11814,0.01702,0.19544
0.01510,0.01244,0.02817,0.02403,0.02523,0.01826,0.01849,0.25396,0.01884,0.01567,0.04040,0.02676,0.12728,0.10464,0.02045,0.02511,0.03393,0.12835,0.01851,0.04438
0.01324,0.00970,0.01907,0.01477,0.01713,0.01165,0.01399,0.06641,0.01246,0.01093,0.14399,0.01259,0.22301,0.01542,0.01337,0.01230,0.01185,0.22244,0.01307,0.14260
0.03495,0.01742,0.03543,0.03741,0.03014,0.01915,0.02099,0.10673,0.02491,0.02134,0.15082,0.01838,0.11813,0.02723,0.02319,0.02018,0.01801,0.11630,0.01635,0.14294
0.02185,0.01437,0.02759,0.03053,0.02153,0.01371,0.01675,0.05063,0.01782,0.01736,0.09094,0.01552,0.24407,0.02320,0.01880,0.01571,0.01177,0.24351,0.01477,0.08957
0.05990,0.03782,0.05076,0.06394,0.05153,0.02072,0.03037,0.13193,0.08463,0.03774,0.09878,0.02620,0.08730,0.01619,0.02124,0.01872,0.01071,0.08203,0.01291,0.05658
0.01565,0.00954,0.02425,0.02289,0.02142,0.01086,0.01422,0.12651,0.01568,0.01020,0.11729,0.01233,0.18462,0.05259,0.01471,0.01601,0.02028,0.18558,0.01385,0.11153
0.03483,0.01342,0.03077,0.02862,0.02422,0.01537,0.01502,0.17882,0.01693,0.01478,0.14615,0.01486,0.13090,0.01635,0.01518,0.01747,0.01273,0.13255,0.01263,0.12842
0.04931,0.01483,0.03013,0.02631,0.01941,0.01572,0.01584,0.05815,0.01544,0.01384,0.27398,0.01543,0.06194,0.02264,0.01624,0.01486,0.01765,0.06170,0.01399,0.24258
0.03126,0.01531,0.03675,0.03520,0.03874,0.01924,0.02322,0.08000,0.02232,0.02044,0.14085,0.01605,0.09996,0.13621,0.01514,0.02085,0.03152,0.10100,0.01430,0.10163
0.02185,0.00733,0.02791,0.01690,0.03250,0.00874,0.01016,0.26782,0.01210,0.00798,0.11296,0.00847,0.15364,0.01141,0.00996,0.01159,0.00819,0.15357,0.00902,0.10790
0.03111,0.01906,0.06317,0.06095,0.06443,0.02193,0.02375,0.15320,0.03092,0.02209,0.11058,0.01447,0.09227,0.03196,0.01699,0.02049,0.01735,0.08823,0.01357,0.10348
0.03659,0.01721,0.03064,0.02548,0.02463,0.01908,0.02071,0.04364,0.02207,0.01899,0.16197,0.01323,0.16505,0.01894,0.01851,0.02102,0.01631,0.15903,0.01582,0.15108
