0.08558,0.02177,0.02820,0.07359,0.00634,0.00738,0.66220,0.00935,0.00299,0.10260
0.05745,0.05804,0.26749,0.02099,0.35104,0.01472,0.04416,0.12871,0.03782,0.01958
0.08917,0.12576,0.21498,0.39042,0.03096,0.03775,0.05155,0.01115,0.01054,0.03773
0.30393,0.04891,0.10685,0.01089,0.01307,0.35926,0.05539,0.01221,0.04392,0.04558
0.13189,0.08290,0.16363,0.01802,0.18897,0.06697,0.03618,0.01917,0.27457,0.01769
0.19762,0.01518,0.01917,0.18734,0.03700,0.10957,0.04484,0.18667,0.16506,0.03756
0.12628,0.10802,0.12961,0.04147,0.06207,0.07772,0.05859,0.33862,0.03334,0.02428
0.02278,0.01507,0.04594,0.11499,0.34393,0.23938,0.01547,0.04260,0.05776,0.10208
0.28849,0.23596,0.03202,0.02287,0.05699,0.04827,0.02851,0.02121,0.13213,0.13356
0.06975,0.04870,0.01621,0.37394,0.08835,0.04873,0.12085,0.20704,0.01412,0.01231
0.06863,0.21404,0.15415,0.04278,0.09798,0.14850,0.03593,0.06720,0.03344,0.13734
0.01552,0.12136,0.03725,0.53161,0.07234,0.02009,0.16589,0.00993,0.01163,0.01436
0.10618,0.35547,0.06067,0.06988,0.13910,0.04563,0.05092,0.02614,0.03672,0.10928
0.04990,0.20435,0.12955,0.09259,0.04191,0.06615,0.10667,0.01813,0.00910,0.28168
0.25789,0.13389,0.11745,0.02950,0.06004,0.01050,0.02969,0.18432,0.07318,0.10356
0.31022,0.12410,0.23785,0.06593,0.07687,0.08094,0.02893,0.01278,0.02379,0.03860
0.17236,0.06718,0.43122,0.07270,0.05443,0.01744,0.04067,0.07094,0.02024,0.05282
0.03229,0.02840,0.08593,0.02128,0.03190,0.33424,0.00749,0.02616,0.04518,0.38714
0.02047,0.46825,0.01587,0.30423,0.03833,0.02343,0.03226,0.03482,0.00834,0.05400
0.02613,0.03001,0.02991,0.04350,0.06259,0.37295,0.01279,0.01143,0.01079,0.39991
0.05685,0.02507,0.54521,0.17587,0.06988,0.02023,0.01324,0.02389,0.05753,0.01222
0.38999,0.12363,0.12124,0.21129,0.04315,0.01210,0.01445,0.02086,0.05576,0.00754
0.25814,0.20009,0.38007,0.05709,0.02491,0.01286,0.03448,0.01243,0.00796,0.01196
0.05872,0.03984,0.34150,0.02867,0.23360,0.03891,0.09348,0.02847,0.02389,0.11290
0.21324,0.06767,0.41474,0.09486,0.02683,0.02584,0.07325,0.01818,0.04246,0.02294
0.00494,0.25526,0.00701,0.69637,0.00410,0.00660,0.00796,0.00394,0.00494,0.00887
0.12050,0.02525,0.06170,0.02705,0.11899,0.37436,0.04348,0.06981,0.01501,0.14385
0.04423,0.42832,0.04998,0.25765,0.00847,0.03429,0.01204,0.01273,0.00588,0.14641
0.15445,0.03313,0.03138,0.56942,0.09698,0.03570,0.03422,0.01718,0.01823,0.00930
0.71322,0.03064,0.02984,0.09282,0.02158,0.01858,0.02685,0.04501,0.00567,0.01579
0.04081,0.05523,0.06932,0.53845,0.03032,0.01888,0.01993,0.06581,0.13591,0.02533
0.61487,0.02197,0.28069,0.01421,0.01214,0.01783,0.00836,0.01248,0.00640,0.01105
0.13440,0.01496,0.02290,0.03122,0.01485,0.01567,0.00526,0.73831,0.01671,0.00570
0.09530,0.06092,0.05289,0.10690,0.39086,0.07954,0.09330,0.02754,0.05017,0.04257
0.10141,0.03482,0.02831,0.19331,0.31896,0.11769,0.01988,0.01648,0.01611,0.15303
0.00842,0.32213,0.01126,0.59074,0.01553,0.01716,0.00759,0.00650,0.00605,0.01462
0.03425,0.02776,0.07804,0.55405,0.04058,0.17047,0.01815,0.01574,0.01740,0.04357
0.23878,0.03768,0.04844,0.06102,0.38186,0.02070,0.00733,0.17753,0.01651,0.01015
0.23507,0.19447,0.06663,0.07003,0.08840,0.15082,0.02930,0.02621,0.05361,0.08546
0.06694,0.02826,0.02198,0.15760,0.56615,0.01482,0.02127,0.08465,0.01880,0.01954
0.01916,0.05034,0.44306,0.05879,0.05861,0.03979,0.02198,0.00939,0.28906,0.00982
0.02383,0.04904,0.04937,0.04487,0.18044,0.55309,0.03413,0.02564,0.01416,0.02543
0.18595,0.06436,0.32315,0.06576,0.01956,0.03206,0.09495,0.03512,0.02557,0.15351
0.23160,0.24356,0.13706,0.01218,0.03330,0.00646,0.03941,0.22746,0.04677,0.02220
0.11519,0.05937,0.04715,0.05944,0.06453,0.07724,0.02815,0.51655,0.01753,0.01485
0.39904,0.02462,0.05689,0.01930,0.26428,0.00912,0.03867,0.03167,0.07004,0.08637
0.10777,0.12204,0.15177,0.03147,0.38469,0.09842,0.04791,0.01856,0.01945,0.01792
0.08244,0.30178,0.12396,0.01206,0.02024,0.01346,0.20327,0.20086,0.01605,0.02588
0.10356,0.02780,0.11024,0.14172,0.13397,0.34323,0.07886,0.01618,0.03399,0.01045
0.13430,0.30825,0.15341,0.02080,0.05443,0.04520,0.05754,0.07859,0.04747,0.10001
0.41402,0.05910,0.20167,0.06155,0.03634,0.04272,0.03674,0.03320,0.02385,0.09082
0.34822,0.14134,0.17581,0.04833,0.04252,0.01751,0.05546,0.11283,0.03270,0.02529
0.11752,0.23195,0.18737,0.01557,0.03894,0.01038,0.17903,0.13817,0.05294,0.02813
0.21903,0.25459,0.08247,0.08450,0.10102,0.03600,0.02300,0.03346,0.05612,0.10981
0.56124,0.20627,0.01513,0.03466,0.02051,0.01713,0.04288,0.02755,0.04898,0.02565
0.00768,0.17113,0.00562,0.00360,0.77546,0.00819,0.00899,0.00698,0.00730,0.00505
0.23232,0.04756,0.33968,0.16395,0.01274,0.02932,0.02133,0.05557,0.08909,0.00843
0.05458,0.08459,0.38855,0.02954,0.02351,0.01551,0.01653,0.17833,0.18259,0.02626
0.18218,0.05222,0.04075,0.02638,0.04233,0.02911,0.09911,0.18314,0.15767,0.18709
0.07312,0.19060,0.22469,0.01988,0.03038,0.02459,0.02166,0.17855,0.18616,0.05037
0.05115,0.07183,0.00987,0.00842,0.38900,0.24877,0.01276,0.02588,0.01440,0.16794
0.17802,0.26747,0.19403,0.10739,0.06064,0.01934,0.08350,0.03874,0.03026,0.02062
0.04882,0.11562,0.34907,0.03956,0.03184,0.25342,0.01929,0.03080,0.02807,0.08353
0.06448,0.03545,0.04944,0.11730,0.54260,0.03966,0.03668,0.03604,0.02128,0.05708
0.34596,0.05279,0.05454,0.01659,0.15260,0.05620,0.01493,0.02030,0.22163,0.06445
0.40360,0.06425,0.05638,0.04539,0.07455,0.08285,0.02454,0.01834,0.10792,0.12217
0.00614,0.11809,0.00960,0.81883,0.00432,0.00551,0.01767,0.00618,0.00409,0.00958
0.02937,0.20923,0.20842,0.01498,0.01174,0.02770,0.06084,0.06392,0.31651,0.05730
0.02455,0.50274,0.08877,0.03012,0.01466,0.01842,0.21083,0.07505,0.01582,0.01905
0.26394,0.11046,0.18052,0.03926,0.10400,0.01437,0.16494,0.02459,0.05655,0.04137
0.04312,0.13696,0.27207,0.17587,0.03725,0.09712,0.11165,0.01561,0.00844,0.10191
0.36561,0.01167,0.01208,0.05483,0.19527,0.08795,0.16718,0.02472,0.04565,0.03505
0.16297,0.06211,0.41317,0.03395,0.10829,0.03664,0.04067,0.05179,0.04275,0.04767
0.38357,0.04442,0.30679,0.06406,0.04609,0.05231,0.03597,0.01267,0.03251,0.02160
0.09930,0.03205,0.56802,0.11350,0.04422,0.03001,0.05314,0.03002,0.01630,0.01342
0.28723,0.04743,0.25120,0.05084,0.09054,0.04855,0.07755,0.03090,0.02674,0.08903
0.22541,0.07819,0.21971,0.25643,0.06889,0.02462,0.03593,0.03023,0.01679,0.04380
0.31908,0.10535,0.04269,0.01870,0.26448,0.06009,0.06693,0.02966,0.03192,0.06111
0.11842,0.03530,0.03631,0.02528,0.02216,0.00719,0.03366,0.70024,0.01563,0.00582
0.08078,0.26144,0.01474,0.02006,0.45683,0.01290,0.01503,0.10562,0.02200,0.01059
0.19576,0.30659,0.08726,0.02973,0.06256,0.10672,0.03855,0.08904,0.04308,0.04071
0.03564,0.12795,0.38064,0.20448,0.01535,0.15557,0.01046,0.01245,0.04109,0.01636
0.01551,0.53039,0.09246,0.03696,0.17685,0.01134,0.07405,0.04068,0.01160,0.01016
0.11357,0.16015,0.13215,0.15639,0.27802,0.02723,0.03965,0.02607,0.03775,0.02903
0.11335,0.14810,0.06938,0.10442,0.06014,0.01257,0.04179,0.14703,0.19102,0.11219
0.03341,0.04193,0.01667,0.01134,0.03308,0.38049,0.01159,0.04115,0.12464,0.30569
0.25455,0.33456,0.04238,0.06012,0.04362,0.02188,0.19131,0.01796,0.01177,0.02185
0.06082,0.05252,0.07951,0.44604,0.02898,0.04761,0.02109,0.05130,0.18539,0.02674
0.05175,0.20029,0.21297,0.08653,0.03225,0.17858,0.14311,0.01293,0.03615,0.04544
0.07128,0.08774,0.28336,0.01922,0.32046,0.02400,0.07976,0.01702,0.08302,0.01413
0.05167,0.03052,0.33997,0.17505,0.06124,0.08471,0.02699,0.07760,0.05788,0.09437
0.02352,0.03599,0.02821,0.04558,0.31735,0.15249,0.02578,0.02482,0.01284,0.33342
0.01462,0.00973,0.01307,0.01612,0.01122,0.42987,0.00410,0.00493,0.01862,0.47771
0.20395,0.13908,0.09190,0.04904,0.06649,0.02353,0.03278,0.05026,0.11740,0.22559
0.29525,0.07820,0.03346,0.01997,0.25566,0.11511,0.01353,0.02378,0.04914,0.11590
0.14463,0.03808,0.54557,0.05179,0.10806,0.03782,0.01845,0.02601,0.01426,0.01534
0.01816,0.32756,0.02341,0.02098,0.50454,0.01231,0.06080,0.01337,0.01081,0.00805
0.09651,0.28012,0.22277,0.01671,0.03900,0.01179,0.18541,0.07688,0.05009,0.02071
0.01302,0.10995,0.00770,0.81540,0.00762,0.01277,0.00712,0.00607,0.00725,0.01311
0.23543,0.01295,0.01606,0.05161,0.12820,0.31698,0.20032,0.00686,0.02400,0.00761
