0.04161,0.16939,0.03919,0.17203,0.03504,0.03858,0.10009,0.01860,0.05380,0.07711,0.09797,0.03126,0.04041,0.03544,0.04948
0.19302,0.10825,0.04912,0.18307,0.10605,0.02013,0.03240,0.02627,0.01630,0.03703,0.03227,0.06721,0.02054,0.07088,0.03745
0.18769,0.03751,0.01528,0.20119,0.03092,0.07468,0.11683,0.02233,0.01707,0.02511,0.10901,0.02467,0.07056,0.03371,0.03342
0.06582,0.02934,0.02426,0.06168,0.04270,0.03833,0.07008,0.01719,0.22683,0.23649,0.06237,0.02556,0.04302,0.03194,0.02439
0.04006,0.02454,0.01892,0.02905,0.03516,0.01655,0.26683,0.01537,0.11419,0.11009,0.25594,0.01738,0.01326,0.02380,0.01885
0.06462,0.03554,0.01984,0.06611,0.04114,0.02468,0.05775,0.03310,0.09692,0.11356,0.05135,0.04529,0.02751,0.15887,0.16372
0.06255,0.02239,0.02621,0.04300,0.05642,0.05161,0.15018,0.02568,0.04139,0.03765,0.14750,0.07127,0.03138,0.10633,0.12643
0.05194,0.09872,0.05525,0.47833,0.08948,0.00871,0.02700,0.01113,0.02133,0.01627,0.02698,0.02415,0.01192,0.04442,0.03437
0.16738,0.14940,0.05238,0.20620,0.08526,0.01478,0.06114,0.03179,0.01996,0.02212,0.07318,0.01632,0.01645,0.04374,0.03990
0.15886,0.02776,0.03082,0.16195,0.03124,0.01646,0.18118,0.02812,0.02972,0.02631,0.18389,0.01806,0.01617,0.04123,0.04822
0.12609,0.04988,0.03485,0.08585,0.08987,0.05456,0.03636,0.02821,0.02170,0.11572,0.03483,0.01454,0.05995,0.07618,0.17140
0.06829,0.21129,0.01494,0.07498,0.21514,0.04296,0.03349,0.01515,0.03960,0.04145,0.03178,0.01365,0.04555,0.07004,0.08168
0.06146,0.09162,0.05574,0.07264,0.08434,0.01746,0.03310,0.02797,0.03127,0.04261,0.02985,0.15156,0.02328,0.20078,0.07632
0.10964,0.06281,0.02578,0.09719,0.07936,0.05609,0.16816,0.01699,0.03069,0.02680,0.16230,0.02022,0.05500,0.04117,0.04779
0.10137,0.06675,0.02879,0.10453,0.07039,0.02149,0.16208,0.02217,0.03294,0.02786,0.15731,0.03988,0.01453,0.07747,0.07244
0.10758,0.10715,0.01808,0.22108,0.02891,0.01508,0.11681,0.01514,0.01622,0.09547,0.10968,0.01186,0.01632,0.02272,0.09791
0.07910,0.21853,0.02433,0.09160,0.21657,0.02473,0.05048,0.03458,0.02342,0.02680,0.05290,0.04516,0.02193,0.04534,0.04454
0.18289,0.13152,0.04643,0.18901,0.13250,0.02335,0.03787,0.03023,0.05252,0.04740,0.03840,0.01398,0.02418,0.02294,0.02679
0.08662,0.01659,0.01288,0.05889,0.06921,0.02509,0.03783,0.03066,0.12941,0.27310,0.03586,0.01562,0.01978,0.02153,0.16693
0.05330,0.04026,0.02698,0.04364,0.03318,0.03240,0.11012,0.02359,0.02953,0.10375,0.10590,0.06559,0.03212,0.13223,0.16742
0.14113,0.03676,0.02216,0.15209,0.03740,0.01130,0.05585,0.02462,0.09848,0.11445,0.05785,0.06658,0.01966,0.10071,0.06096
0.05396,0.03457,0.01944,0.17075,0.06471,0.03793,0.11134,0.03696,0.07505,0.07883,0.10934,0.06516,0.03113,0.04115,0.06968
0.24545,0.04822,0.04145,0.06228,0.23613,0.01942,0.03752,0.02742,0.06678,0.06997,0.03785,0.02684,0.02594,0.03141,0.02331
0.23747,0.05962,0.03685,0.25021,0.03487,0.05708,0.06030,0.01327,0.02669,0.02830,0.05524,0.02332,0.05706,0.03632,0.02340
0.10094,0.09575,0.06455,0.16178,0.06962,0.02239,0.08666,0.02846,0.11673,0.08096,0.08406,0.02560,0.02433,0.01704,0.02115
0.04858,0.04867,0.02184,0.15245,0.03492,0.17536,0.01812,0.01601,0.07369,0.06648,0.01777,0.02103,0.17896,0.06354,0.06257
0.03725,0.06840,0.06267,0.04234,0.05039,0.01835,0.26577,0.01786,0.01453,0.01306,0.25833,0.06333,0.01549,0.06549,0.00673
0.08271,0.08750,0.04034,0.08040,0.04779,0.01607,0.13788,0.02474,0.02034,0.02741,0.14020,0.09789,0.01644,0.12137,0.05892
0.02756,0.04712,0.01581,0.22799,0.02888,0.06468,0.02043,0.01142,0.02172,0.02186,0.01850,0.02737,0.06878,0.20400,0.19388
0.04583,0.21759,0.01494,0.22416,0.03066,0.01306,0.06257,0.02904,0.02630,0.02812,0.05490,0.08574,0.01375,0.11501,0.03833
0.04494,0.04104,0.01999,0.08458,0.03141,0.01212,0.22787,0.01578,0.02712,0.02764,0.22593,0.04323,0.01504,0.10984,0.07347
0.10672,0.15103,0.02022,0.16656,0.11437,0.01384,0.04045,0.02248,0.05950,0.09411,0.04686,0.04522,0.01489,0.05341,0.05033
0.22998,0.02613,0.01323,0.24220,0.01970,0.02082,0.11433,0.02772,0.02140,0.02179,0.11107,0.02011,0.01941,0.05682,0.05528
0.07820,0.04472,0.03154,0.04693,0.09328,0.05292,0.04485,0.05482,0.04665,0.03373,0.04219,0.10201,0.03708,0.13763,0.15346
0.03859,0.09424,0.01546,0.10200,0.04253,0.01020,0.08630,0.02409,0.01586,0.01951,0.07980,0.07937,0.01238,0.21601,0.16365
0.03533,0.02370,0.00937,0.03621,0.02538,0.01039,0.08919,0.00833,0.01675,0.02004,0.08408,0.30517,0.00999,0.30971,0.01637
0.12307,0.08611,0.03959,0.10860,0.10930,0.02706,0.13104,0.01194,0.03098,0.02977,0.12837,0.02274,0.02660,0.06859,0.05624
0.09046,0.08448,0.04082,0.07871,0.08874,0.02406,0.21704,0.01494,0.03082,0.03039,0.21597,0.01963,0.02108,0.01654,0.02631
0.10331,0.05571,0.04218,0.11493,0.04886,0.01304,0.18261,0.02279,0.04181,0.04745,0.17842,0.02392,0.01950,0.05590,0.04957
0.14967,0.02677,0.01433,0.14330,0.04574,0.08404,0.01986,0.01358,0.08850,0.10155,0.01788,0.01924,0.08222,0.09452,0.09880
0.12400,0.06311,0.03784,0.11012,0.06910,0.05343,0.13815,0.05305,0.04806,0.04655,0.12868,0.02366,0.04268,0.02793,0.03364
0.16499,0.05675,0.01689,0.06109,0.15761,0.01263,0.17340,0.01208,0.03151,0.02932,0.17109,0.01143,0.01087,0.04463,0.04570
0.10313,0.02690,0.02001,0.10137,0.03225,0.12261,0.13805,0.02353,0.04901,0.03946,0.12907,0.03888,0.11016,0.03291,0.03266
0.07725,0.04171,0.01685,0.26648,0.08797,0.15843,0.02538,0.01081,0.03954,0.03285,0.02228,0.00986,0.16492,0.02475,0.02091
0.34150,0.02779,0.01726,0.24533,0.15331,0.01567,0.02413,0.01681,0.01795,0.02901,0.02267,0.02472,0.01457,0.02987,0.01942
0.15056,0.02209,0.01104,0.15223,0.02659,0.01095,0.23399,0.01451,0.03793,0.04152,0.23125,0.02047,0.01192,0.02078,0.01416
0.06541,0.06822,0.01271,0.09534,0.02950,0.00857,0.31954,0.00765,0.01192,0.01490,0.31797,0.00947,0.00931,0.01366,0.01582
0.16834,0.09523,0.03658,0.20939,0.04342,0.01927,0.04132,0.02134,0.08604,0.08725,0.04142,0.02090,0.02281,0.04991,0.05679
0.12004,0.11814,0.06538,0.11619,0.12222,0.02249,0.10444,0.04044,0.04055,0.02803,0.09767,0.03999,0.02538,0.03256,0.02648
0.15540,0.08269,0.03339,0.18603,0.11650,0.05885,0.04231,0.01887,0.03051,0.03928,0.04053,0.02400,0.06142,0.05303,0.05717
0.20481,0.02293,0.01417,0.21253,0.01886,0.01341,0.02469,0.01715,0.01798,0.01470,0.02503,0.07811,0.01140,0.19079,0.13343
0.09369,0.06974,0.04590,0.10215,0.07055,0.01641,0.09682,0.02792,0.01955,0.11935,0.10234,0.03636,0.02019,0.04259,0.13644
0.05632,0.11681,0.02401,0.05155,0.11004,0.00945,0.08348,0.00798,0.06485,0.06118,0.08236,0.01212,0.01069,0.15577,0.15339
0.07832,0.03019,0.03101,0.08359,0.02862,0.01244,0.18820,0.01713,0.03565,0.12065,0.18597,0.01494,0.01845,0.02911,0.12572
0.13199,0.13683,0.05605,0.18921,0.08214,0.01690,0.05337,0.02052,0.09035,0.09023,0.05175,0.01936,0.01443,0.02626,0.02061
0.07858,0.05085,0.05276,0.08821,0.04417,0.01819,0.18777,0.03549,0.04158,0.04549,0.19066,0.05037,0.02487,0.06009,0.03093
0.13313,0.04804,0.01727,0.14587,0.04702,0.01375,0.17949,0.03206,0.01513,0.01444,0.18259,0.02390,0.01259,0.06589,0.06884
0.08105,0.03094,0.02729,0.07395,0.03775,0.02057,0.07227,0.03749,0.02176,0.02226,0.07869,0.05717,0.02171,0.22242,0.19469
0.04615,0.00942,0.00906,0.05358,0.00905,0.01108,0.24707,0.00854,0.08397,0.09200,0.23946,0.08366,0.00936,0.08841,0.00917
0.10856,0.04445,0.04716,0.07508,0.09794,0.02394,0.07407,0.02839,0.09101,0.12877,0.07583,0.02255,0.02634,0.05842,0.09749
0.13383,0.08217,0.04228,0.15806,0.08962,0.02982,0.12656,0.03589,0.02919,0.03315,0.12076,0.03025,0.02841,0.03445,0.02555
0.05145,0.04273,0.04454,0.04780,0.03688,0.01591,0.18785,0.02209,0.02469,0.09480,0.18200,0.01781,0.01716,0.06795,0.14634
0.06512,0.05613,0.02569,0.07129,0.04378,0.01470,0.06527,0.02298,0.15693,0.16072,0.06612,0.02878,0.01627,0.10316,0.10307
0.02978,0.12142,0.08304,0.04428,0.07804,0.01843,0.14471,0.02210,0.09115,0.08691,0.13738,0.04707,0.01714,0.05430,0.02425
0.12061,0.08802,0.06459,0.12898,0.07534,0.02402,0.04624,0.04488,0.08995,0.10358,0.04686,0.04041,0.02759,0.05162,0.04730
0.19758,0.07326,0.05978,0.14521,0.12891,0.02354,0.02461,0.02276,0.06779,0.08105,0.02229,0.03051,0.02381,0.04151,0.05739
0.23185,0.02051,0.02323,0.12055,0.26432,0.01567,0.05510,0.02524,0.02513,0.03604,0.05938,0.01797,0.01751,0.04113,0.04636
0.11119,0.03582,0.02774,0.03553,0.13002,0.04540,0.17619,0.05565,0.03803,0.02333,0.17003,0.07172,0.03971,0.02017,0.01948
0.05520,0.04624,0.04398,0.05988,0.04270,0.04867,0.19017,0.07427,0.05615,0.03217,0.18871,0.04056,0.04654,0.04429,0.03048
0.02816,0.03871,0.01546,0.03656,0.02863,0.01833,0.10590,0.01402,0.28242,0.27099,0.09602,0.01204,0.01887,0.01538,0.01852
0.15285,0.05300,0.02993,0.17028,0.04894,0.01526,0.08287,0.03673,0.02327,0.04562,0.08224,0.05388,0.01743,0.09977,0.08792
0.15226,0.09399,0.02654,0.20419,0.05498,0.01210,0.04799,0.01104,0.04928,0.15152,0.04362,0.01707,0.01064,0.01514,0.10965
0.15484,0.11283,0.02526,0.17343,0.11745,0.02026,0.05847,0.03840,0.04220,0.03996,0.05614,0.05330,0.02376,0.05810,0.02559
0.24893,0.07511,0.02314,0.13503,0.19605,0.01649,0.08888,0.01203,0.01290,0.03185,0.09142,0.01086,0.01619,0.01005,0.03109
0.03206,0.05157,0.02828,0.03969,0.02910,0.01318,0.02387,0.02275,0.01691,0.01954,0.02423,0.01381,0.01405,0.32879,0.34217
0.09993,0.03533,0.01551,0.09899,0.04405,0.01921,0.04605,0.02412,0.04519,0.15475,0.04617,0.10855,0.02322,0.11520,0.12373
0.18883,0.05201,0.03235,0.09253,0.14967,0.01691,0.04467,0.02081,0.11203,0.12089,0.04284,0.01822,0.01661,0.04716,0.04446
0.14403,0.06397,0.02204,0.13393,0.09050,0.08791,0.07583,0.01727,0.05810,0.07759,0.07710,0.01555,0.08739,0.01760,0.03119
0.20890,0.05473,0.04895,0.20197,0.06673,0.01303,0.09808,0.02173,0.01359,0.02244,0.09812,0.03892,0.01974,0.05558,0.03750
0.19272,0.05789,0.01104,0.10606,0.18748,0.01441,0.13393,0.01699,0.01801,0.03701,0.12781,0.00997,0.01288,0.02629,0.04751
0.10601,0.04654,0.02867,0.10252,0.04678,0.01762,0.11663,0.01887,0.02158,0.16042,0.11419,0.01619,0.01744,0.02220,0.16434
0.21993,0.04810,0.04550,0.07027,0.22006,0.01623,0.02388,0.02946,0.03655,0.05457,0.02427,0.06781,0.01760,0.07036,0.05543
0.11700,0.06988,0.03248,0.14400,0.05208,0.04694,0.09511,0.03423,0.04126,0.04856,0.09000,0.01860,0.05220,0.07301,0.08464
0.18534,0.04679,0.02010,0.25909,0.20337,0.01951,0.06159,0.01012,0.02298,0.02157,0.05473,0.02490,0.02247,0.02903,0.01841
0.11405,0.03323,0.01187,0.12459,0.01854,0.03517,0.15041,0.01969,0.03101,0.02709,0.14702,0.01209,0.04111,0.11740,0.11673
0.19558,0.06539,0.01327,0.22098,0.06199,0.01504,0.02052,0.01758,0.03683,0.03429,0.01939,0.01686,0.01445,0.12105,0.14676
0.03384,0.03439,0.01560,0.03531,0.03636,0.02106,0.11006,0.02301,0.20226,0.24850,0.10670,0.01260,0.02264,0.01805,0.07963
0.04601,0.03867,0.03047,0.04873,0.02652,0.17860,0.08661,0.03336,0.02161,0.01396,0.08326,0.10007,0.17852,0.09882,0.01481
0.04476,0.03424,0.02854,0.04846,0.03412,0.04027,0.03541,0.04162,0.05181,0.19625,0.03709,0.04361,0.02916,0.09954,0.23511
0.13429,0.06077,0.02902,0.14202,0.07142,0.01599,0.20367,0.01883,0.01647,0.02229,0.19810,0.02052,0.01593,0.02489,0.02577
0.08581,0.04196,0.02408,0.10029,0.04852,0.02954,0.10832,0.03371,0.01946,0.14890,0.10156,0.03313,0.03395,0.03287,0.15789
0.06070,0.05978,0.01227,0.07803,0.04381,0.03110,0.20267,0.02069,0.03191,0.09792,0.20076,0.01531,0.03310,0.02501,0.08692
0.06576,0.03287,0.01561,0.08174,0.02576,0.05442,0.06775,0.01756,0.10471,0.18818,0.06516,0.01926,0.05403,0.06086,0.14632
0.09471,0.04476,0.02638,0.08157,0.05301,0.02014,0.04860,0.02796,0.04102,0.22290,0.04855,0.02340,0.02099,0.03286,0.21314
0.06339,0.03924,0.02056,0.04242,0.05902,0.03447,0.11089,0.06508,0.04241,0.03602,0.10980,0.03760,0.03519,0.15171,0.15219
0.28008,0.10846,0.02259,0.04399,0.18803,0.01971,0.06818,0.02426,0.02528,0.02780,0.06543,0.02561,0.01967,0.04297,0.03793
0.12880,0.07468,0.01935,0.11900,0.07967,0.06147,0.06970,0.01966,0.10546,0.10232,0.06774,0.01948,0.06753,0.03631,0.02881
0.31563,0.01270,0.01461,0.32263,0.01493,0.06281,0.01666,0.01263,0.03127,0.03728,0.01554,0.03697,0.05160,0.04017,0.01456
0.11587,0.03424,0.01684,0.02994,0.11319,0.02403,0.08191,0.01377,0.07570,0.07936,0.07868,0.02407,0.02398,0.14574,0.14266
0.07744,0.20881,0.01974,0.09067,0.21554,0.01970,0.01289,0.01314,0.01858,0.02976,0.01445,0.11891,0.02015,0.11813,0.02208
0.07366,0.05800,0.02469,0.08954,0.05437,0.01713,0.18163,0.03506,0.06951,0.06698,0.18243,0.01614,0.02159,0.05226,0.05700
0.10227,0.02630,0.03698,0.13489,0.03030,0.02519,0.11965,0.05417,0.05380,0.07317,0.11759,0.06064,0.03744,0.07224,0.05538
0.12614,0.03684,0.03795,0.14291,0.03433,0.03112,0.04559,0.03678,0.06254,0.03130,0.04806,0.06299,0.02903,0.14143,0.13301
0.04097,0.04101,0.03916,0.04713,0.03282,0.02758,0.07507,0.03471,0.02127,0.02326,0.07096,0.19713,0.03006,0.24427,0.07461
0.16038,0.03858,0.01907,0.05707,0.13605,0.12049,0.06167,0.03658,0.03704,0.04227,0.06195,0.03756,0.11938,0.04648,0.02544
0.10801,0.06051,0.05154,0.11035,0.08962,0.09272,0.02513,0.06219,0.09119,0.02060,0.02243,0.14478,0.06062,0.03054,0.02978
0.11229,0.22651,0.01651,0.23062,0.11598,0.01818,0.04049,0.01789,0.02764,0.02627,0.04137,0.03706,0.01821,0.03775,0.03325
0.02523,0.11315,0.08411,0.02647,0.08468,0.02167,0.14758,0.03523,0.03125,0.03375,0.13911,0.09347,0.02684,0.09707,0.04039
0.03820,0.09509,0.05644,0.07383,0.05689,0.04826,0.12809,0.04387,0.06024,0.02908,0.12652,0.07890,0.03380,0.06493,0.06586
0.08102,0.04394,0.01280,0.09370,0.04658,0.03789,0.22486,0.05586,0.05838,0.05213,0.22129,0.01242,0.03339,0.01061,0.01513
0.07027,0.06337,0.07797,0.06176,0.05576,0.01436,0.13591,0.01819,0.06042,0.08363,0.13490,0.02998,0.02014,0.08029,0.09306
0.08220,0.07807,0.02762,0.16925,0.04702,0.02944,0.14550,0.01896,0.03573,0.04587,0.14052,0.01984,0.03283,0.05448,0.07266
0.05556,0.03712,0.02829,0.06034,0.03241,0.23594,0.02290,0.01289,0.10650,0.11045,0.02084,0.00894,0.23812,0.01064,0.01905
0.21987,0.03886,0.02439,0.12494,0.17847,0.01658,0.03174,0.02588,0.05395,0.04757,0.03061,0.01870,0.01506,0.07829,0.09506
0.06917,0.04239,0.02470,0.09655,0.06543,0.01828,0.11145,0.02156,0.06005,0.06456,0.11088,0.03046,0.01769,0.13089,0.13593
0.10525,0.02720,0.01431,0.11328,0.02353,0.01418,0.12952,0.01699,0.04844,0.05339,0.12307,0.01148,0.01409,0.15160,0.15367
0.12472,0.06807,0.12188,0.06669,0.16910,0.04390,0.07547,0.05381,0.02770,0.03441,0.07801,0.03395,0.05180,0.02446,0.02603
0.24458,0.12945,0.02411,0.28552,0.10361,0.01601,0.02059,0.01375,0.03778,0.03998,0.01886,0.01263,0.01358,0.01691,0.02264
0.05666,0.04252,0.01919,0.02193,0.02106,0.02453,0.02535,0.01913,0.02305,0.05699,0.02667,0.27237,0.02743,0.29282,0.07030
0.04041,0.02208,0.01831,0.04773,0.02482,0.02740,0.16274,0.03874,0.02595,0.17042,0.16199,0.03796,0.03084,0.02240,0.16822
0.13328,0.16468,0.03765,0.19293,0.08612,0.02606,0.10956,0.00836,0.01141,0.03062,0.11241,0.01707,0.01897,0.01335,0.03754
0.11744,0.02621,0.01049,0.10834,0.06264,0.02544,0.06725,0.03039,0.07159,0.15065,0.06592,0.03284,0.02435,0.05867,0.14777
0.22344,0.09330,0.09533,0.22479,0.09419,0.02023,0.01640,0.03136,0.03011,0.03240,0.01443,0.03142,0.02315,0.04097,0.02849
0.07535,0.09961,0.01839,0.07285,0.10578,0.02781,0.13653,0.01862,0.02554,0.06447,0.13931,0.02095,0.02874,0.06617,0.09988
0.05512,0.03876,0.02016,0.02684,0.02975,0.02866,0.26875,0.04376,0.04533,0.05704,0.26794,0.02793,0.03104,0.02096,0.03795
0.27810,0.15355,0.02540,0.07967,0.14467,0.00955,0.06513,0.01718,0.01926,0.02024,0.06757,0.03055,0.00985,0.04844,0.03085
0.04825,0.01730,0.01307,0.02659,0.04087,0.01672,0.06658,0.01821,0.13103,0.14096,0.06324,0.01076,0.01834,0.19079,0.19730
0.06145,0.10266,0.03399,0.12790,0.03201,0.02295,0.23065,0.01242,0.01324,0.01797,0.22727,0.01964,0.02413,0.03910,0.03462
0.08886,0.05759,0.04859,0.09354,0.06177,0.02555,0.15288,0.03143,0.08287,0.06774,0.15038,0.04410,0.02519,0.02777,0.04175
0.03829,0.04111,0.05026,0.09137,0.04888,0.03675,0.05139,0.03981,0.02783,0.13056,0.04756,0.05282,0.02546,0.11677,0.20113
0.09603,0.05151,0.04112,0.12183,0.09096,0.04208,0.04171,0.07344,0.05203,0.10579,0.03901,0.05385,0.04603,0.05752,0.08709
0.06764,0.14860,0.01502,0.06359,0.15345,0.01822,0.16811,0.01270,0.01208,0.01804,0.16455,0.05280,0.02072,0.05785,0.02663
0.09231,0.05693,0.04171,0.09645,0.04662,0.09051,0.06213,0.01361,0.01463,0.01883,0.06045,0.03260,0.08898,0.14946,0.13478
0.09794,0.16822,0.01021,0.16210,0.11917,0.02436,0.11128,0.01264,0.02757,0.04002,0.10722,0.01107,0.02691,0.03411,0.04719
0.11455,0.05791,0.02137,0.32560,0.13553,0.00976,0.08505,0.01381,0.03439,0.03618,0.07395,0.03368,0.01138,0.03444,0.01240
0.11361,0.07334,0.06781,0.06600,0.08624,0.03730,0.15227,0.06625,0.03940,0.02085,0.16409,0.04022,0.03384,0.02465,0.01413
0.14197,0.04181,0.03978,0.05323,0.13697,0.01823,0.14585,0.02481,0.02519,0.01928,0.14341,0.07879,0.01728,0.08312,0.03028
0.12110,0.09000,0.03051,0.11995,0.09062,0.03262,0.03934,0.02459,0.03430,0.03678,0.03625,0.14768,0.03077,0.13950,0.02601
0.16717,0.14497,0.06855,0.09532,0.19342,0.04911,0.02929,0.02260,0.03111,0.03524,0.03060,0.04900,0.03571,0.01451,0.03341
0.08097,0.02348,0.02019,0.03258,0.08735,0.01249,0.26252,0.02889,0.02323,0.05763,0.25435,0.02355,0.01316,0.02206,0.05756
0.07276,0.07778,0.06829,0.06584,0.06053,0.06861,0.08874,0.08698,0.07478,0.06859,0.08272,0.04245,0.05902,0.04890,0.03400
0.05974,0.04617,0.01510,0.02526,0.02564,0.02053,0.16301,0.02405,0.02506,0.02448,0.15875,0.18452,0.01869,0.19313,0.01591
0.05229,0.07759,0.02653,0.09393,0.04374,0.05314,0.05118,0.03434,0.19215,0.18042,0.04556,0.04369,0.04543,0.02461,0.03539
0.18333,0.02835,0.01125,0.19812,0.01607,0.00885,0.23240,0.00993,0.01286,0.01419,0.23232,0.01644,0.00864,0.01541,0.01184
0.05720,0.02018,0.02143,0.05879,0.02462,0.03979,0.19515,0.01115,0.01237,0.01131,0.19198,0.07517,0.04249,0.15249,0.08588
0.10010,0.06683,0.02003,0.12742,0.07624,0.01555,0.04200,0.02161,0.10470,0.10618,0.04184,0.10127,0.02049,0.11808,0.03766
0.06825,0.03050,0.02292,0.06818,0.02828,0.02230,0.05233,0.01620,0.09440,0.09973,0.04822,0.20454,0.02185,0.20301,0.01928
0.20922,0.06342,0.01278,0.25446,0.02405,0.01121,0.06683,0.01209,0.01342,0.01305,0.06278,0.00638,0.01264,0.11683,0.12082
0.06289,0.02698,0.02129,0.12985,0.07962,0.02672,0.02479,0.03682,0.02124,0.01406,0.02409,0.21870,0.03309,0.24057,0.03929
0.02299,0.02835,0.01448,0.02614,0.02319,0.09461,0.03225,0.03946,0.16913,0.04942,0.03237,0.15070,0.05531,0.12133,0.14027
0.07639,0.06457,0.03578,0.07299,0.05512,0.02111,0.20053,0.01652,0.04622,0.04511,0.20401,0.03729,0.01955,0.05825,0.04655
0.16298,0.05108,0.03326,0.04404,0.16880,0.03052,0.07167,0.03379,0.11222,0.11272,0.06960,0.01544,0.03420,0.03114,0.02854
0.16037,0.10030,0.06313,0.09204,0.11196,0.01633,0.10987,0.04217,0.05553,0.03553,0.12743,0.02206,0.02207,0.02193,0.01928
0.13127,0.02644,0.02684,0.14910,0.03152,0.02390,0.17381,0.02876,0.02231,0.02682,0.17327,0.06503,0.02767,0.06263,0.03062
0.07911,0.07690,0.01657,0.04824,0.01963,0.01305,0.08215,0.02057,0.02524,0.02421,0.08252,0.03624,0.01290,0.23654,0.22613
0.08688,0.15500,0.16303,0.11640,0.13101,0.02159,0.04101,0.02243,0.04780,0.04599,0.04202,0.02023,0.02323,0.03920,0.04419
0.22277,0.03324,0.01527,0.23596,0.02326,0.01624,0.17384,0.01428,0.01493,0.01330,0.17223,0.00921,0.01731,0.01935,0.01882
0.05491,0.07838,0.01279,0.06119,0.08095,0.03260,0.09145,0.02625,0.06125,0.06403,0.08847,0.01211,0.03623,0.14519,0.15420
0.07399,0.05859,0.01893,0.05057,0.03221,0.01849,0.09547,0.03967,0.03515,0.11350,0.10012,0.12763,0.01541,0.12500,0.09528
0.07669,0.07253,0.03430,0.09139,0.04976,0.12676,0.07976,0.02408,0.04313,0.04859,0.07655,0.06301,0.13055,0.06320,0.01970
0.06233,0.16420,0.00968,0.21203,0.02397,0.01259,0.20719,0.00964,0.01655,0.01995,0.19978,0.00973,0.01618,0.01723,0.01894
0.05996,0.03431,0.03429,0.06007,0.03719,0.09105,0.05975,0.02991,0.02173,0.02356,0.05498,0.05404,0.08658,0.18533,0.16724
0.06086,0.04568,0.02430,0.21403,0.09252,0.02182,0.09146,0.01944,0.03797,0.03631,0.09196,0.01676,0.02570,0.11321,0.10799
0.06639,0.05656,0.04025,0.06295,0.05765,0.01194,0.01803,0.01212,0.18729,0.19116,0.01768,0.02270,0.01550,0.12237,0.11742
0.17325,0.02502,0.02052,0.17664,0.02977,0.03903,0.15704,0.01123,0.05608,0.05719,0.15946,0.01891,0.04094,0.01927,0.01565
0.02062,0.15002,0.02498,0.14637,0.01955,0.14595,0.10246,0.01475,0.03267,0.04625,0.09556,0.00937,0.14498,0.01475,0.03172
0.18094,0.08145,0.03851,0.06324,0.12715,0.02262,0.04180,0.02519,0.07479,0.08245,0.03896,0.02059,0.02784,0.08309,0.09136
0.14672,0.04739,0.02386,0.23585,0.16121,0.02019,0.07913,0.02084,0.02591,0.02923,0.08168,0.01650,0.02130,0.03763,0.05255
0.09776,0.04191,0.02501,0.03606,0.10439,0.00848,0.20073,0.01757,0.01911,0.02228,0.19423,0.01884,0.01059,0.10261,0.10043
0.05911,0.02734,0.02535,0.03087,0.06419,0.01540,0.09373,0.04059,0.02227,0.05154,0.10130,0.09301,0.02050,0.19490,0.15991
0.13427,0.15888,0.02374,0.17284,0.13135,0.02343,0.03361,0.02554,0.03203,0.03796,0.03529,0.04067,0.02319,0.07050,0.05672
0.07888,0.13859,0.02039,0.08287,0.14352,0.04040,0.17281,0.01383,0.02616,0.02491,0.16573,0.01317,0.04457,0.01797,0.01622
0.09657,0.05326,0.05728,0.08612,0.05000,0.01183,0.13264,0.01251,0.01536,0.01802,0.13074,0.07722,0.01501,0.15111,0.09234
0.05036,0.03087,0.01743,0.08986,0.05105,0.16875,0.07015,0.01616,0.01849,0.02913,0.06181,0.09679,0.17983,0.09697,0.02234
0.03523,0.01558,0.01102,0.03414,0.01666,0.01324,0.30810,0.01126,0.06853,0.07051,0.30056,0.01408,0.01609,0.04172,0.04327
0.04393,0.03809,0.02083,0.15991,0.04453,0.01778,0.07283,0.02065,0.03471,0.02543,0.07077,0.18573,0.01879,0.21028,0.03573
0.11966,0.04542,0.02174,0.16727,0.10106,0.06063,0.04377,0.01206,0.01509,0.01603,0.04240,0.13857,0.05910,0.13922,0.01800
0.09220,0.06944,0.01579,0.14708,0.03511,0.01573,0.10505,0.01848,0.10545,0.13016,0.10351,0.03273,0.01596,0.05097,0.06235
0.15926,0.14758,0.02526,0.04554,0.03325,0.02260,0.19456,0.01875,0.03188,0.02751,0.19635,0.02684,0.02182,0.02285,0.02595
0.26609,0.03653,0.01618,0.23514,0.10404,0.02564,0.05590,0.02803,0.03137,0.04521,0.05167,0.01901,0.02452,0.02194,0.03873
0.04366,0.02900,0.03443,0.04594,0.05653,0.06081,0.02927,0.02238,0.07013,0.03590,0.03052,0.07991,0.04122,0.20391,0.21638
0.03753,0.02010,0.01582,0.03955,0.01911,0.01182,0.22789,0.01002,0.04713,0.05413,0.22248,0.13218,0.01155,0.13897,0.01170
0.21239,0.13715,0.03617,0.17942,0.17168,0.01549,0.03053,0.01635,0.03354,0.04799,0.03248,0.02189,0.01414,0.02474,0.02602
0.32427,0.05623,0.02232,0.34249,0.06031,0.01807,0.02578,0.01198,0.02652,0.02616,0.02393,0.01609,0.01857,0.01582,0.01147
0.06130,0.09983,0.03923,0.06878,0.10719,0.03407,0.10573,0.05865,0.04340,0.07987,0.10137,0.04765,0.04131,0.02910,0.08252
0.04416,0.03265,0.02826,0.03812,0.03175,0.04674,0.20799,0.10192,0.06476,0.04593,0.21188,0.04289,0.03931,0.04038,0.02326
0.03802,0.02872,0.02966,0.04767,0.04555,0.01217,0.17425,0.01930,0.06546,0.08838,0.16588,0.01955,0.01451,0.11903,0.13185
0.11886,0.03134,0.01992,0.08275,0.07778,0.02592,0.11037,0.03861,0.04469,0.06006,0.10853,0.09647,0.02554,0.09430,0.06487
0.04690,0.02198,0.01725,0.03448,0.03577,0.02164,0.23203,0.02085,0.02561,0.10236,0.22357,0.03008,0.01972,0.04892,0.11884
0.07292,0.05643,0.04046,0.07127,0.05289,0.11317,0.12882,0.04535,0.03311,0.01068,0.12242,0.05478,0.09820,0.05050,0.04900
0.03366,0.05067,0.01849,0.26045,0.05260,0.12663,0.05510,0.02586,0.04922,0.05632,0.05083,0.01588,0.13756,0.03018,0.03655
0.07931,0.07122,0.03610,0.07609,0.05192,0.05242,0.14425,0.04213,0.03364,0.02913,0.13726,0.05409,0.06202,0.07278,0.05763
0.24620,0.21594,0.05653,0.03931,0.07285,0.01393,0.07821,0.02647,0.01744,0.01909,0.07869,0.02794,0.01883,0.05043,0.03813
0.16421,0.08730,0.06757,0.18155,0.08687,0.02905,0.05099,0.02107,0.03117,0.05349,0.04792,0.05291,0.02300,0.04061,0.06229
0.06387,0.10768,0.01522,0.06498,0.10603,0.02539,0.08953,0.02788,0.02887,0.03173,0.08849,0.11080,0.02340,0.15177,0.06435
0.12282,0.04534,0.03795,0.13001,0.04105,0.04607,0.05188,0.01528,0.06196,0.06097,0.05355,0.13583,0.04378,0.13784,0.01568
0.11062,0.10525,0.10734,0.12375,0.11906,0.02466,0.05965,0.03020,0.04445,0.04019,0.05987,0.02232,0.03582,0.06019,0.05662
0.02673,0.05376,0.01910,0.19559,0.04848,0.01051,0.20075,0.01532,0.01427,0.02240,0.19468,0.02020,0.01426,0.08682,0.07714
0.10420,0.02211,0.01535,0.01912,0.08745,0.02229,0.25713,0.01716,0.03226,0.03763,0.25576,0.04813,0.02089,0.03477,0.02576
0.03970,0.03319,0.03650,0.06416,0.04911,0.03462,0.04051,0.02419,0.09656,0.21659,0.04321,0.01690,0.03348,0.06935,0.20192
0.09187,0.12125,0.04166,0.09220,0.05765,0.13068,0.04122,0.01216,0.07646,0.07945,0.03953,0.03192,0.12630,0.03051,0.02714
0.05759,0.09855,0.03095,0.06291,0.09840,0.02921,0.13051,0.03238,0.09948,0.11728,0.13348,0.01884,0.02900,0.02277,0.03862
0.03702,0.02633,0.01440,0.03350,0.03512,0.11568,0.15128,0.01367,0.03792,0.04384,0.14771,0.03596,0.11770,0.10451,0.08535
0.04345,0.27361,0.02013,0.28290,0.03183,0.02977,0.04347,0.02342,0.05941,0.06300,0.04010,0.01356,0.03621,0.01799,0.02114
0.05029,0.07586,0.05689,0.06355,0.04982,0.03277,0.03523,0.02107,0.24594,0.24151,0.03389,0.01838,0.03369,0.02432,0.01681
0.10292,0.18218,0.00858,0.10832,0.18090,0.01793,0.04738,0.01251,0.10980,0.11388,0.04326,0.01325,0.01790,0.02153,0.01967
0.10658,0.09581,0.01579,0.04435,0.02412,0.01797,0.12266,0.02712,0.02479,0.02756,0.12182,0.14883,0.01945,0.16217,0.04098
0.32999,0.01858,0.01199,0.32213,0.06395,0.00861,0.05318,0.01007,0.01686,0.03332,0.04978,0.01517,0.00825,0.02284,0.03529
0.24471,0.04772,0.04657,0.23752,0.05612,0.02600,0.07679,0.01638,0.03281,0.03666,0.07630,0.02922,0.02581,0.03515,0.01225
0.11213,0.03287,0.02619,0.11571,0.03700,0.02343,0.05156,0.03180,0.01610,0.10433,0.05045,0.03134,0.02637,0.12991,0.21081
0.12019,0.16106,0.05569,0.21230,0.06034,0.01734,0.08299,0.02865,0.02133,0.03624,0.08560,0.02484,0.01669,0.03149,0.04524
0.16911,0.16455,0.08019,0.05396,0.07472,0.02161,0.02511,0.01506,0.12512,0.11799,0.02506,0.03047,0.02264,0.04883,0.02559
0.13464,0.12385,0.02701,0.06713,0.02578,0.02090,0.02038,0.02348,0.02014,0.02853,0.02115,0.07877,0.01613,0.21730,0.17481
0.10328,0.06972,0.04866,0.12286,0.06110,0.02672,0.11524,0.03244,0.02099,0.02498,0.11660,0.09205,0.02385,0.10779,0.03371
0.22618,0.03176,0.02655,0.22359,0.03566,0.01862,0.03637,0.01651,0.03354,0.03297,0.03456,0.10124,0.02329,0.12358,0.03559
0.15210,0.04718,0.01235,0.14935,0.06980,0.01211,0.06951,0.01108,0.02130,0.08925,0.06841,0.01363,0.01054,0.11044,0.16297
0.23247,0.09972,0.03875,0.15502,0.14801,0.02838,0.01878,0.01567,0.06223,0.03742,0.01724,0.03197,0.02201,0.04084,0.05148
0.17452,0.02584,0.02437,0.05944,0.18185,0.01013,0.11964,0.01240,0.10410,0.10971,0.11726,0.01135,0.01010,0.02161,0.01769
0.20311,0.02196,0.01772,0.19149,0.05570,0.02614,0.14967,0.01965,0.02885,0.04211,0.14362,0.01870,0.02347,0.02012,0.03770
0.13366,0.07131,0.04197,0.06160,0.12129,0.03894,0.05025,0.05020,0.09388,0.08597,0.04576,0.05741,0.03523,0.05036,0.06217
0.04176,0.05362,0.01749,0.27994,0.05571,0.08846,0.01179,0.01685,0.02226,0.06143,0.01240,0.09491,0.09962,0.09581,0.04796
0.06875,0.05225,0.02870,0.08836,0.05141,0.00963,0.02099,0.01346,0.01932,0.04075,0.02199,0.26603,0.01096,0.26947,0.03792
0.03125,0.26206,0.01265,0.03614,0.26570,0.02855,0.06280,0.02570,0.02355,0.02524,0.05555,0.01232,0.02893,0.06264,0.06692
0.08580,0.14126,0.02404,0.08687,0.14451,0.02942,0.03180,0.03288,0.11312,0.12558,0.02935,0.03729,0.03013,0.04048,0.04746
0.07641,0.03908,0.01343,0.07948,0.04621,0.00943,0.19612,0.00787,0.01388,0.01319,0.19355,0.13970,0.00825,0.14658,0.01682
0.31815,0.02301,0.01185,0.32017,0.04471,0.02010,0.06113,0.02386,0.02427,0.02467,0.05620,0.01478,0.01663,0.01661,0.02386
0.07187,0.09197,0.04642,0.08634,0.07752,0.02709,0.03482,0.02699,0.03871,0.05262,0.03456,0.16604,0.02542,0.16867,0.05096
0.09207,0.21540,0.07738,0.23216,0.04357,0.02403,0.01912,0.02985,0.05475,0.06097,0.01726,0.02745,0.02207,0.03008,0.05384
0.07735,0.03477,0.03104,0.08938,0.08459,0.13355,0.06905,0.01819,0.01756,0.07335,0.06483,0.03982,0.13634,0.04268,0.08750
0.10620,0.05572,0.02717,0.08060,0.07691,0.04980,0.02493,0.01997,0.09162,0.03509,0.02368,0.07014,0.03012,0.14978,0.15828
0.05860,0.25334,0.03813,0.04461,0.25656,0.01189,0.03626,0.02064,0.02241,0.02217,0.03994,0.06824,0.01713,0.08307,0.02701
0.08726,0.06726,0.02924,0.09371,0.07571,0.03480,0.16307,0.03418,0.08396,0.04512,0.15869,0.03250,0.02957,0.02825,0.03666
0.08923,0.02314,0.01882,0.09504,0.02177,0.04202,0.08178,0.01204,0.14774,0.14505,0.07882,0.08969,0.04220,0.09645,0.01620
0.07856,0.05492,0.03037,0.07870,0.06334,0.03423,0.18432,0.02843,0.05697,0.05908,0.18562,0.04370,0.02700,0.02288,0.05189
0.23754,0.02758,0.01198,0.23500,0.05079,0.04827,0.05300,0.00974,0.08297,0.09153,0.04754,0.01150,0.04864,0.02235,0.02158
0.13966,0.15101,0.02964,0.15605,0.16209,0.03739,0.01561,0.03713,0.03365,0.04009,0.01608,0.01683,0.03307,0.05019,0.08151
0.17043,0.03516,0.01559,0.17696,0.02490,0.01818,0.03717,0.02496,0.09485,0.13873,0.03654,0.01757,0.02330,0.07013,0.11554
0.13150,0.09006,0.03819,0.12281,0.08963,0.04392,0.02772,0.04890,0.05333,0.12178,0.02825,0.03295,0.03279,0.02981,0.10835
0.18310,0.10722,0.03900,0.21493,0.13843,0.03949,0.02826,0.02280,0.04066,0.03762,0.02635,0.03193,0.04872,0.02581,0.01568
0.08941,0.03955,0.02413,0.10918,0.08756,0.03337,0.07700,0.02901,0.03907,0.01767,0.07490,0.03430,0.02511,0.15670,0.16305
0.07665,0.04215,0.02750,0.10257,0.08779,0.01505,0.22701,0.01920,0.01565,0.05803,0.21829,0.01141,0.02419,0.01958,0.05495
0.14145,0.05444,0.02744,0.14432,0.06237,0.03506,0.06216,0.02306,0.10787,0.13668,0.05783,0.02709,0.03124,0.02481,0.06418
0.10230,0.06378,0.03473,0.10165,0.06594,0.02462,0.12078,0.03142,0.02654,0.04103,0.12002,0.10435,0.02394,0.10365,0.03526
0.09816,0.07116,0.05346,0.08060,0.09823,0.02562,0.09482,0.04571,0.05921,0.05190,0.09063,0.08699,0.02354,0.07705,0.04292
0.22311,0.19768,0.02742,0.02679,0.04451,0.06626,0.05777,0.01397,0.04070,0.04796,0.05689,0.01186,0.06239,0.05140,0.07128
0.04826,0.10255,0.15719,0.19214,0.14203,0.01180,0.05901,0.02121,0.04672,0.05577,0.05769,0.02636,0.01186,0.03819,0.02923
0.03380,0.17811,0.29994,0.08064,0.15612,0.00904,0.05669,0.03346,0.01532,0.01435,0.06255,0.01456,0.01456,0.01652,0.01433
0.14498,0.09582,0.08750,0.14965,0.08288,0.04045,0.02864,0.03172,0.07490,0.08784,0.02748,0.03538,0.03608,0.03137,0.04531
0.03638,0.20118,0.01669,0.03581,0.20685,0.01882,0.11178,0.02328,0.07088,0.06855,0.10613,0.03111,0.02101,0.03498,0.01655
0.05468,0.29095,0.02090,0.04858,0.29914,0.01429,0.05349,0.01167,0.02646,0.03006,0.05424,0.02256,0.01439,0.03031,0.02828
0.08756,0.22765,0.11095,0.10296,0.23161,0.02832,0.02844,0.02365,0.02022,0.02091,0.02645,0.01630,0.03942,0.01769,0.01788
0.07859,0.06278,0.01554,0.10699,0.03728,0.00968,0.01937,0.01026,0.02465,0.02356,0.01874,0.27873,0.00990,0.28604,0.01790
0.09273,0.08217,0.01724,0.08621,0.05210,0.01965,0.08644,0.00852,0.00908,0.20703,0.08747,0.00960,0.01965,0.00913,0.21296
0.09852,0.08465,0.02468,0.14074,0.04499,0.01804,0.07151,0.02388,0.07044,0.09440,0.06756,0.03499,0.02351,0.08936,0.11274
0.06373,0.03904,0.02199,0.04335,0.06149,0.03864,0.07202,0.01778,0.14805,0.14659,0.06594,0.01451,0.03890,0.10950,0.11848
0.05561,0.04169,0.02959,0.06679,0.04556,0.01960,0.21705,0.02232,0.05315,0.06821,0.21188,0.03793,0.01983,0.05563,0.05515
0.06792,0.06525,0.01934,0.07815,0.05380,0.02080,0.12403,0.01244,0.13111,0.14080,0.11792,0.01312,0.02139,0.06313,0.07080
0.07899,0.04954,0.01871,0.07994,0.05734,0.00917,0.28527,0.01592,0.01840,0.02233,0.28106,0.02797,0.01021,0.03028,0.01487
0.08376,0.03726,0.02173,0.08723,0.04494,0.06034,0.05461,0.02617,0.03564,0.12389,0.04784,0.07700,0.05691,0.10520,0.13748
0.05063,0.05388,0.01433,0.18080,0.02858,0.07509,0.02370,0.00993,0.02516,0.19294,0.02149,0.01015,0.07813,0.03071,0.20449
0.04850,0.09032,0.14167,0.04922,0.08285,0.06443,0.02935,0.07128,0.07898,0.06978,0.03839,0.05152,0.07148,0.07033,0.04191
0.06509,0.05513,0.01965,0.09610,0.03793,0.07450,0.06015,0.01855,0.13054,0.17270,0.06039,0.02078,0.08673,0.03117,0.07059
0.11436,0.03236,0.03692,0.12097,0.14701,0.04466,0.08585,0.04041,0.03003,0.03192,0.07998,0.02335,0.03957,0.07690,0.09571
0.17623,0.08295,0.03025,0.23988,0.15716,0.01104,0.02486,0.01871,0.03340,0.03252,0.02247,0.02454,0.01218,0.06940,0.06441
0.03869,0.03336,0.02154,0.02898,0.04449,0.02002,0.05544,0.02034,0.01717,0.05243,0.05339,0.02996,0.01628,0.26546,0.30244
0.14194,0.06720,0.07891,0.16073,0.14662,0.04774,0.05764,0.06106,0.04142,0.03585,0.05613,0.02036,0.04453,0.01887,0.02099
0.20679,0.05657,0.05928,0.20056,0.07822,0.04239,0.06791,0.02403,0.03150,0.02608,0.06561,0.02701,0.04100,0.03837,0.03467
0.12104,0.07060,0.13181,0.07378,0.15965,0.02494,0.08716,0.02763,0.05043,0.05096,0.09287,0.02688,0.02898,0.01974,0.03354
0.17783,0.16693,0.02153,0.04129,0.02465,0.17882,0.04170,0.00890,0.02992,0.02997,0.04132,0.01772,0.18292,0.02030,0.01618
0.13037,0.08436,0.02242,0.13348,0.12261,0.03354,0.08775,0.01217,0.01872,0.03437,0.08927,0.01487,0.03936,0.08248,0.09424
0.06845,0.08933,0.05922,0.20990,0.08335,0.01695,0.15479,0.01787,0.02590,0.02060,0.14986,0.01099,0.01957,0.03383,0.03938
0.04286,0.03969,0.02072,0.05175,0.01870,0.01632,0.26933,0.04026,0.05352,0.05250,0.26706,0.03088,0.02223,0.04472,0.02944
0.05149,0.04963,0.02555,0.05381,0.04181,0.01424,0.08993,0.02385,0.10139,0.11469,0.09033,0.14583,0.01590,0.15249,0.02906
0.10723,0.02584,0.01048,0.12053,0.02019,0.03773,0.01582,0.01180,0.27601,0.27919,0.01454,0.01141,0.03699,0.01578,0.01644
0.06366,0.10303,0.09712,0.22759,0.09679,0.01694,0.06906,0.02424,0.02160,0.01714,0.06305,0.01594,0.01602,0.08255,0.08529
0.08557,0.04373,0.01896,0.07170,0.04519,0.05026,0.08044,0.05428,0.04478,0.12563,0.07128,0.01633,0.03494,0.09303,0.16387
0.06785,0.03669,0.02117,0.07757,0.03587,0.17670,0.10932,0.04801,0.05208,0.04274,0.10989,0.01679,0.17656,0.01442,0.01435
0.25050,0.04152,0.02245,0.07769,0.23537,0.02513,0.05065,0.02384,0.04056,0.03064,0.04628,0.06364,0.02826,0.04773,0.01573
0.03012,0.03477,0.03394,0.03171,0.02500,0.00892,0.07539,0.02527,0.02072,0.02443,0.08166,0.29000,0.01413,0.28898,0.01495
0.14675,0.05248,0.02371,0.16414,0.03726,0.03313,0.03438,0.03526,0.05405,0.06689,0.03113,0.04244,0.02600,0.12173,0.13064
0.14255,0.08772,0.01565,0.10945,0.15229,0.02339,0.08045,0.03224,0.02763,0.09032,0.08258,0.03558,0.02737,0.02909,0.06369
0.09586,0.04314,0.01929,0.05455,0.08456,0.01580,0.07194,0.02638,0.01548,0.03450,0.06932,0.12928,0.01345,0.20633,0.12012
0.24838,0.25215,0.02122,0.24119,0.02826,0.01389,0.03885,0.01650,0.01655,0.01826,0.03558,0.01346,0.01987,0.01799,0.01785
0.04602,0.02698,0.01838,0.04872,0.03128,0.04809,0.08934,0.07316,0.16298,0.18015,0.09127,0.03612,0.03986,0.03073,0.07690
0.15340,0.02811,0.01437,0.16019,0.02299,0.03376,0.09089,0.01787,0.01875,0.02178,0.08618,0.07384,0.03117,0.15209,0.09461
0.12222,0.14981,0.05969,0.15936,0.17400,0.09447,0.01295,0.01739,0.01836,0.01592,0.01146,0.03277,0.07729,0.03228,0.02201
0.06365,0.15864,0.08376,0.06919,0.08717,0.04294,0.02984,0.07990,0.02644,0.01731,0.02567,0.02796,0.04138,0.11685,0.12931
0.20558,0.06341,0.03787,0.04030,0.20132,0.02360,0.10017,0.04966,0.02751,0.04572,0.10064,0.01934,0.03043,0.02118,0.03327
0.11715,0.24916,0.05744,0.30432,0.04193,0.00738,0.05108,0.01231,0.02473,0.02500,0.05017,0.01920,0.00824,0.02062,0.01125
0.07968,0.11357,0.14349,0.07232,0.10891,0.01399,0.11550,0.03117,0.01800,0.01874,0.10882,0.01783,0.03217,0.06758,0.05822
0.07231,0.19133,0.28122,0.05505,0.12877,0.01224,0.03070,0.01746,0.03054,0.03793,0.03076,0.01563,0.04370,0.02068,0.03169
0.09017,0.06176,0.03889,0.09049,0.05765,0.12240,0.10727,0.06515,0.03254,0.03653,0.10681,0.02764,0.11133,0.02855,0.02282
0.07126,0.06804,0.06449,0.05116,0.08190,0.02946,0.02348,0.02734,0.18368,0.19922,0.02231,0.02760,0.02413,0.04568,0.08025
0.06420,0.04208,0.01499,0.08046,0.02983,0.00685,0.21995,0.01945,0.07476,0.08745,0.21665,0.02607,0.00992,0.05679,0.05056
0.11106,0.02669,0.03764,0.13280,0.02392,0.01939,0.21761,0.01642,0.05620,0.04156,0.21560,0.02390,0.01850,0.02648,0.03222
0.07719,0.04539,0.04003,0.07335,0.03483,0.01307,0.17540,0.01202,0.01413,0.02006,0.16972,0.06554,0.01203,0.14959,0.09766
0.05584,0.14694,0.03012,0.14072,0.05033,0.03350,0.14599,0.04912,0.02985,0.01891,0.14482,0.05069,0.03158,0.03758,0.03402
0.11271,0.06978,0.03215,0.10414,0.07747,0.02870,0.03470,0.01841,0.08830,0.10132,0.03731,0.01702,0.02806,0.11454,0.13538
0.15792,0.06965,0.02070,0.04722,0.10791,0.02245,0.07957,0.03008,0.03019,0.06049,0.07535,0.09587,0.02463,0.11026,0.06772
0.12314,0.09416,0.12626,0.08578,0.12718,0.02762,0.03227,0.03557,0.11017,0.10372,0.03384,0.03331,0.02975,0.02091,0.01631
