0.23767,0.01904,0.08868,0.20064,0.00204,0.01235,0.12750,0.00895,0.05940,0.06268,0.00251,0.02039,0.02540,0.03500,0.09775
0.42039,0.02624,0.06434,0.18939,0.00598,0.00592,0.03529,0.03334,0.03183,0.01973,0.00417,0.02629,0.03387,0.02274,0.08048
0.33623,0.11473,0.06859,0.14299,0.02120,0.02749,0.08306,0.00920,0.01064,0.03255,0.00631,0.05164,0.01867,0.02496,0.05172
0.18053,0.04789,0.11308,0.24487,0.00231,0.00627,0.06536,0.07264,0.01978,0.02929,0.00679,0.05891,0.08362,0.01912,0.04956
0.11855,0.04493,0.22847,0.14371,0.00747,0.04348,0.09363,0.02394,0.06984,0.03278,0.00271,0.02501,0.03330,0.03199,0.10019
0.35775,0.04140,0.09671,0.05217,0.00226,0.01878,0.06343,0.05502,0.01730,0.16404,0.00777,0.04625,0.01698,0.02488,0.03525
0.09584,0.08239,0.06505,0.10043,0.00290,0.02473,0.08793,0.00773,0.09896,0.03267,0.00360,0.15184,0.01273,0.02283,0.21037
0.22492,0.13034,0.05200,0.03501,0.00273,0.03859,0.03993,0.01031,0.02027,0.13780,0.00487,0.14305,0.04256,0.09229,0.02535
0.21481,0.04474,0.10770,0.09607,0.00391,0.01285,0.05491,0.01061,0.07161,0.17523,0.00906,0.03193,0.01032,0.01963,0.13661
0.25045,0.09513,0.23187,0.05155,0.00216,0.01093,0.07514,0.00779,0.02487,0.04841,0.00502,0.03590,0.06537,0.04641,0.04900
0.18971,0.04055,0.22822,0.15131,0.00225,0.00991,0.04084,0.00700,0.03834,0.08452,0.00737,0.04261,0.01903,0.01739,0.12095
0.10425,0.17698,0.08676,0.05289,0.00463,0.05808,0.07954,0.02374,0.04427,0.05793,0.05704,0.02785,0.02313,0.09608,0.10684
0.25917,0.16726,0.02588,0.11243,0.00445,0.01271,0.08883,0.14648,0.03283,0.02027,0.01496,0.02227,0.03871,0.01568,0.03806
0.12396,0.09416,0.03836,0.20426,0.01761,0.04155,0.26466,0.01580,0.03969,0.03426,0.00395,0.02698,0.02816,0.01409,0.05250
0.07585,0.06369,0.04673,0.25083,0.01093,0.01124,0.16097,0.00694,0.08281,0.11263,0.00595,0.04466,0.06769,0.01166,0.04741
0.19827,0.12323,0.08995,0.22498,0.00345,0.02169,0.08412,0.00617,0.01120,0.04861,0.00665,0.02277,0.06033,0.01319,0.08536
0.16849,0.05806,0.19490,0.08935,0.00639,0.02084,0.04341,0.04074,0.02150,0.07248,0.00327,0.02331,0.01751,0.01340,0.22636
0.17064,0.09312,0.14457,0.28163,0.00990,0.01121,0.07773,0.00878,0.02383,0.02609,0.00895,0.02027,0.04831,0.00838,0.06659
0.29536,0.14403,0.04226,0.06795,0.01962,0.04207,0.10184,0.02476,0.03733,0.04232,0.03900,0.01829,0.02195,0.03565,0.06758
0.18316,0.14994,0.06281,0.06481,0.00401,0.03801,0.14136,0.01869,0.03585,0.07694,0.00553,0.05605,0.08372,0.00940,0.06973
0.30156,0.04859,0.04413,0.12553,0.00451,0.01965,0.12553,0.00534,0.01960,0.01891,0.00448,0.16760,0.02223,0.03368,0.05867
0.34018,0.06388,0.09770,0.05583,0.01707,0.03475,0.03168,0.01775,0.06826,0.05406,0.01157,0.03925,0.03747,0.02039,0.11015
0.23942,0.03691,0.10982,0.09354,0.00378,0.03870,0.16059,0.00914,0.02587,0.03966,0.00706,0.11073,0.04517,0.01739,0.06222
0.23384,0.14648,0.06115,0.12762,0.02728,0.01226,0.11696,0.02173,0.03414,0.04268,0.01064,0.02406,0.01462,0.09250,0.03405
0.34895,0.04088,0.05480,0.07076,0.00293,0.02064,0.07299,0.01677,0.01767,0.01761,0.00250,0.02940,0.19686,0.01086,0.09638
0.17331,0.04932,0.06437,0.13959,0.00580,0.01082,0.02665,0.00957,0.04751,0.08296,0.00340,0.15110,0.04601,0.11412,0.07549
0.07353,0.02835,0.06015,0.27076,0.00427,0.01192,0.14756,0.00820,0.21471,0.06135,0.00412,0.03594,0.01484,0.04091,0.02340
0.26750,0.11177,0.07924,0.09103,0.00544,0.02210,0.03253,0.01248,0.05104,0.07167,0.00388,0.05299,0.05764,0.04593,0.09475
0.53641,0.03288,0.04655,0.09189,0.00528,0.01214,0.06005,0.00858,0.01263,0.10899,0.00995,0.01051,0.01829,0.02120,0.02464
0.37100,0.05792,0.04878,0.12687,0.00303,0.02014,0.07504,0.02277,0.03592,0.03759,0.00248,0.07947,0.01441,0.02430,0.08028
0.33992,0.06355,0.06001,0.15844,0.00611,0.00680,0.11134,0.02497,0.06936,0.03634,0.02974,0.01658,0.01596,0.01119,0.04969
0.09300,0.11591,0.06153,0.11812,0.01849,0.01423,0.31099,0.01525,0.02993,0.02774,0.00461,0.01393,0.02539,0.00542,0.14547
0.28251,0.02747,0.02417,0.34325,0.00443,0.01225,0.03030,0.04912,0.07198,0.02262,0.00262,0.01439,0.01361,0.00826,0.09302
0.23302,0.06793,0.03385,0.32605,0.00148,0.01071,0.04981,0.01201,0.02357,0.04671,0.00816,0.03405,0.04667,0.04370,0.06229
0.16231,0.04202,0.14527,0.16303,0.00231,0.02119,0.09796,0.01971,0.03159,0.02550,0.01000,0.05669,0.04554,0.10647,0.07041
0.19913,0.14812,0.13804,0.09937,0.00463,0.02897,0.11083,0.00620,0.01457,0.02717,0.00528,0.01224,0.13750,0.02410,0.04386
0.23400,0.04337,0.15117,0.07892,0.00381,0.00926,0.18104,0.06163,0.02202,0.02343,0.01232,0.02869,0.03690,0.02413,0.08932
0.11374,0.05308,0.36470,0.05849,0.00302,0.01778,0.07520,0.02432,0.06648,0.01994,0.00578,0.01881,0.03363,0.09168,0.05334
0.23669,0.05011,0.03114,0.03318,0.00350,0.01905,0.04943,0.19266,0.03911,0.04912,0.00435,0.10377,0.02782,0.05205,0.10801
0.19518,0.09872,0.23130,0.13423,0.00588,0.01691,0.05299,0.01117,0.02768,0.03890,0.00321,0.04395,0.00995,0.07730,0.05264
0.14595,0.02799,0.08066,0.28065,0.00576,0.00599,0.22294,0.01122,0.01665,0.06404,0.00524,0.04748,0.01448,0.00547,0.06548
0.11951,0.08997,0.05173,0.19349,0.00553,0.03468,0.04531,0.01475,0.05268,0.15079,0.00866,0.02694,0.03362,0.01182,0.16051
0.16560,0.02974,0.05123,0.23913,0.00152,0.00821,0.14561,0.04027,0.01821,0.05688,0.04767,0.09988,0.01169,0.01486,0.06950
0.36638,0.02026,0.02446,0.12546,0.00462,0.08964,0.06036,0.01313,0.01761,0.06572,0.00336,0.01293,0.10879,0.00740,0.07987
0.33049,0.03590,0.06129,0.11027,0.00572,0.01427,0.03558,0.00983,0.17002,0.04473,0.00536,0.02682,0.03573,0.04165,0.07233
0.24300,0.03843,0.14982,0.17380,0.00299,0.04116,0.09520,0.01437,0.02064,0.04164,0.00684,0.05501,0.02265,0.01372,0.08074
0.10219,0.12946,0.07440,0.05972,0.01029,0.06554,0.04770,0.01753,0.03163,0.12576,0.00973,0.02022,0.01816,0.02037,0.26729
0.15157,0.15600,0.03828,0.06436,0.00467,0.10879,0.03842,0.00715,0.02977,0.10404,0.02134,0.03322,0.03730,0.00721,0.19788
0.13435,0.04386,0.19806,0.12109,0.00206,0.01047,0.03539,0.01464,0.13118,0.04407,0.00315,0.10812,0.10421,0.00848,0.04085
0.18127,0.13607,0.07645,0.16143,0.00535,0.10396,0.05808,0.01147,0.01747,0.01350,0.00425,0.02209,0.02531,0.01312,0.17020
0.28520,0.03866,0.08526,0.06154,0.00252,0.04198,0.11350,0.01166,0.01899,0.03597,0.00633,0.03226,0.03437,0.02072,0.21103
0.14154,0.03677,0.09662,0.08931,0.00806,0.03385,0.18998,0.01835,0.16470,0.03425,0.00496,0.08898,0.00766,0.01306,0.07193
0.20349,0.05128,0.21492,0.21840,0.00231,0.02259,0.05811,0.00959,0.02289,0.02584,0.01683,0.04218,0.02562,0.01539,0.07055
0.16566,0.03663,0.23184,0.18872,0.00374,0.03349,0.06046,0.01526,0.04794,0.05158,0.00943,0.04163,0.01887,0.01362,0.08112
0.17222,0.03685,0.05758,0.13717,0.00848,0.01257,0.03139,0.08380,0.02718,0.07100,0.00818,0.02263,0.02055,0.01215,0.29824
0.23477,0.03551,0.05110,0.21903,0.00523,0.01710,0.08063,0.00604,0.09326,0.03140,0.00666,0.08475,0.05443,0.02011,0.05999
0.12394,0.04461,0.08378,0.23433,0.00744,0.04301,0.06438,0.00737,0.11156,0.04241,0.01870,0.03175,0.06295,0.04887,0.07489
0.21511,0.02195,0.04627,0.05973,0.00302,0.01323,0.17791,0.06722,0.02604,0.07152,0.20695,0.02440,0.02032,0.00816,0.03818
0.15909,0.05038,0.16972,0.07935,0.00221,0.00708,0.02674,0.01769,0.27029,0.04558,0.00260,0.03073,0.01922,0.03687,0.08245
0.10811,0.04441,0.05802,0.28513,0.00387,0.01380,0.16333,0.00837,0.06100,0.02812,0.00291,0.02156,0.08895,0.06160,0.05083
0.22724,0.06624,0.17195,0.05304,0.01149,0.00681,0.05982,0.01270,0.02610,0.05588,0.00177,0.07468,0.04011,0.03800,0.15417
0.31009,0.03191,0.04942,0.16687,0.00548,0.02582,0.03921,0.11255,0.02154,0.05667,0.00374,0.03798,0.04928,0.01764,0.07181
0.26685,0.04035,0.04365,0.07364,0.05796,0.01508,0.07787,0.01094,0.16633,0.14400,0.00573,0.02036,0.03007,0.00714,0.04002
0.19499,0.02695,0.05938,0.07039,0.00601,0.03791,0.17728,0.01964,0.04509,0.12079,0.00811,0.04540,0.03311,0.01645,0.13848
0.36172,0.04845,0.06326,0.16480,0.00722,0.02202,0.06134,0.00660,0.02034,0.05874,0.00290,0.03551,0.08306,0.01232,0.05173
0.22558,0.14777,0.03451,0.04735,0.00812,0.02744,0.04580,0.01724,0.05516,0.04274,0.00434,0.07558,0.02901,0.04363,0.19572
0.35662,0.04657,0.03355,0.11926,0.00298,0.09221,0.13073,0.00557,0.02719,0.02477,0.00398,0.01216,0.02804,0.00996,0.10641
0.21888,0.07023,0.07459,0.10526,0.01107,0.02183,0.07758,0.01551,0.02795,0.09733,0.00318,0.02266,0.03106,0.05114,0.17171
0.13402,0.02865,0.12064,0.09310,0.00524,0.06186,0.10774,0.04318,0.02978,0.24322,0.00375,0.02534,0.04993,0.01932,0.03423
0.21918,0.06955,0.07500,0.09638,0.01557,0.01507,0.12623,0.01719,0.07889,0.11144,0.00415,0.04094,0.06322,0.00874,0.05845
0.15331,0.06153,0.13848,0.21603,0.00309,0.04249,0.10131,0.00956,0.01989,0.04873,0.00988,0.06195,0.04745,0.02737,0.05893
0.15271,0.02675,0.09819,0.15956,0.00338,0.01269,0.10901,0.00701,0.02170,0.09319,0.00365,0.18758,0.02193,0.02111,0.08154
0.13086,0.05642,0.08256,0.12886,0.01631,0.12219,0.07994,0.01187,0.04060,0.16312,0.00517,0.02728,0.02452,0.02413,0.08617
0.26531,0.05076,0.04043,0.08682,0.00957,0.01359,0.14201,0.02152,0.03495,0.19458,0.00722,0.01447,0.03581,0.01146,0.07150
0.17498,0.13544,0.07558,0.21229,0.00613,0.02495,0.13590,0.01037,0.07485,0.05413,0.00365,0.01735,0.02928,0.00852,0.03658
0.35454,0.07492,0.08888,0.26596,0.00355,0.00868,0.03828,0.03014,0.02474,0.02402,0.00306,0.02430,0.01910,0.00978,0.03004
0.12299,0.13886,0.05161,0.15209,0.00464,0.03433,0.09687,0.00649,0.08734,0.09041,0.00390,0.04366,0.07650,0.01895,0.07139
0.18096,0.03610,0.09708,0.07433,0.01847,0.08752,0.17633,0.01146,0.01853,0.10833,0.00629,0.02452,0.05110,0.01468,0.09433
0.14546,0.09349,0.05093,0.31256,0.00561,0.00738,0.16849,0.00874,0.01759,0.03466,0.00505,0.01897,0.01248,0.00883,0.10977
0.30446,0.07388,0.06300,0.10369,0.00699,0.03160,0.03313,0.01581,0.04389,0.13376,0.00599,0.03484,0.08112,0.01047,0.05736
0.21505,0.13667,0.04254,0.17452,0.00489,0.01226,0.05307,0.00444,0.01426,0.02885,0.00390,0.07448,0.02781,0.02529,0.18197
0.22796,0.03409,0.06412,0.09316,0.00310,0.02529,0.21776,0.00656,0.02790,0.06022,0.00323,0.01884,0.03045,0.14791,0.03942
0.09867,0.10686,0.05473,0.18927,0.01067,0.05956,0.20732,0.03411,0.01898,0.01788,0.00288,0.04322,0.04303,0.04207,0.07074
0.14866,0.07045,0.09540,0.06556,0.00226,0.02474,0.13315,0.01109,0.03796,0.04142,0.01348,0.11095,0.07642,0.09014,0.07832
0.22969,0.03015,0.03926,0.17987,0.03430,0.03291,0.10815,0.03648,0.03398,0.03932,0.00320,0.08481,0.03077,0.00771,0.10939
0.23008,0.04401,0.05142,0.14866,0.00190,0.01110,0.08824,0.01210,0.02075,0.09898,0.00276,0.02826,0.08417,0.01135,0.16624
0.25852,0.04182,0.19928,0.09175,0.00220,0.00889,0.08513,0.00575,0.01889,0.04504,0.00524,0.01632,0.18800,0.01022,0.02295
0.41714,0.02329,0.04333,0.04636,0.00227,0.01330,0.06576,0.12173,0.05423,0.04929,0.00702,0.02614,0.02681,0.00925,0.09408
0.29832,0.04959,0.06059,0.11415,0.00180,0.02386,0.12156,0.00675,0.02232,0.03322,0.00464,0.02590,0.10846,0.00806,0.12080
0.11168,0.07953,0.15021,0.25924,0.00279,0.05121,0.06065,0.01978,0.04400,0.03553,0.00279,0.01987,0.01504,0.05162,0.09606
0.23464,0.04622,0.07332,0.33163,0.00831,0.01478,0.03222,0.02249,0.01696,0.05828,0.00383,0.02584,0.02217,0.01030,0.09902
0.37580,0.02256,0.04115,0.31454,0.00369,0.00849,0.03560,0.01210,0.01505,0.02586,0.00492,0.02701,0.02831,0.00763,0.07729
0.09850,0.02629,0.12728,0.27373,0.01081,0.01508,0.07790,0.00905,0.14452,0.04378,0.00774,0.04505,0.05245,0.01652,0.05130
0.17673,0.06587,0.14902,0.24547,0.00543,0.00788,0.09466,0.01043,0.03457,0.02155,0.00208,0.10494,0.02272,0.01577,0.04287
0.13540,0.11222,0.17987,0.17824,0.00889,0.02255,0.04204,0.01109,0.02377,0.06786,0.00665,0.03036,0.07184,0.05236,0.05685
0.23515,0.02386,0.04106,0.25842,0.00319,0.01858,0.09193,0.00943,0.01348,0.07188,0.00876,0.02313,0.04854,0.01055,0.14204
0.33850,0.04478,0.04923,0.21002,0.00928,0.00870,0.15970,0.01417,0.02529,0.02576,0.00520,0.03752,0.01399,0.00765,0.05021
0.14053,0.03028,0.17095,0.30047,0.00658,0.01697,0.06680,0.01180,0.05279,0.05966,0.02253,0.01999,0.04036,0.03190,0.02839
0.05245,0.14144,0.32457,0.10407,0.00378,0.02139,0.12137,0.00947,0.04913,0.03739,0.01426,0.01763,0.02896,0.00857,0.06552
0.19843,0.04868,0.09274,0.28202,0.00420,0.01876,0.04236,0.01204,0.11923,0.05513,0.00230,0.02936,0.04727,0.02120,0.02627
