0.01339,0.07169,0.03930,0.04505,0.05132,0.12850,0.61778,0.00791,0.01004,0.01503
0.02688,0.20183,0.08377,0.13400,0.04292,0.04617,0.39812,0.02383,0.02045,0.02204
0.01993,0.07996,0.09842,0.11244,0.11386,0.29551,0.24790,0.00657,0.00711,0.01829
0.03452,0.11113,0.04262,0.06737,0.12568,0.14146,0.43824,0.00864,0.01569,0.01466
0.02146,0.08600,0.08917,0.03769,0.06491,0.03016,0.62839,0.01164,0.01239,0.01820
0.00920,0.18142,0.02657,0.18441,0.09333,0.01813,0.46467,0.00367,0.00583,0.01277
0.03496,0.11510,0.07546,0.11051,0.03699,0.02119,0.55917,0.02146,0.01075,0.01441
0.02771,0.09984,0.11924,0.03116,0.06621,0.14630,0.47027,0.01251,0.01897,0.00779
0.02505,0.13467,0.05486,0.12193,0.05690,0.04106,0.51630,0.00652,0.01738,0.02533
0.01669,0.32587,0.01889,0.26052,0.14231,0.01231,0.19662,0.00702,0.00606,0.01371
0.01369,0.08713,0.07137,0.06418,0.05865,0.09913,0.56855,0.00757,0.01037,0.01936
0.01821,0.07525,0.21896,0.06800,0.05129,0.01468,0.53195,0.00476,0.00791,0.00899
0.02494,0.11408,0.09668,0.03297,0.01965,0.12399,0.54522,0.01352,0.01921,0.00974
0.03465,0.17771,0.05350,0.19609,0.05543,0.02502,0.43737,0.00703,0.00405,0.00915
0.02195,0.09951,0.06770,0.09881,0.08551,0.03188,0.55766,0.01021,0.00863,0.01815
0.02188,0.12831,0.07091,0.06034,0.10101,0.09686,0.46467,0.02075,0.00892,0.02635
0.05041,0.08813,0.03029,0.12919,0.03469,0.05548,0.56029,0.01491,0.02365,0.01295
0.02112,0.12551,0.07047,0.06208,0.01758,0.01504,0.66525,0.00832,0.00507,0.00955
0.03645,0.15806,0.04289,0.08596,0.14464,0.08724,0.38463,0.01339,0.01498,0.03177
0.01281,0.06250,0.08874,0.05303,0.09869,0.09564,0.51453,0.03156,0.02182,0.02068
0.02558,0.16253,0.08262,0.11441,0.08999,0.06678,0.36045,0.02687,0.01958,0.05118
0.05285,0.09814,0.03457,0.10747,0.04614,0.13274,0.48347,0.01463,0.01586,0.01413
0.03501,0.04444,0.04672,0.08999,0.08666,0.03151,0.61027,0.01830,0.02463,0.01246
0.02283,0.22334,0.07637,0.22856,0.03415,0.01756,0.35867,0.01376,0.01707,0.00769
0.03687,0.18181,0.12466,0.09702,0.05151,0.07365,0.37817,0.01229,0.01545,0.02856
0.02721,0.14113,0.16922,0.13886,0.04964,0.01217,0.41658,0.01579,0.00930,0.02011
0.01309,0.08820,0.09510,0.05669,0.08469,0.02041,0.60410,0.00926,0.00578,0.02268
0.02959,0.07583,0.02977,0.09080,0.04935,0.04413,0.42120,0.00940,0.02813,0.22180
0.01440,0.09613,0.06067,0.04421,0.01477,0.10506,0.52018,0.04171,0.09477,0.00810
0.02342,0.14979,0.18270,0.12324,0.06950,0.04015,0.27753,0.02266,0.04513,0.06589
0.03253,0.05950,0.05191,0.09922,0.09569,0.03089,0.57375,0.01618,0.02768,0.01265
0.07026,0.14202,0.06095,0.15241,0.05969,0.02274,0.46132,0.00727,0.01191,0.01144
0.02800,0.06523,0.03737,0.06918,0.03714,0.11338,0.61225,0.00885,0.01083,0.01777
0.07151,0.17897,0.03740,0.22041,0.04771,0.02517,0.37099,0.01376,0.02184,0.01223
0.02281,0.06730,0.12694,0.05055,0.12753,0.02995,0.55375,0.00435,0.00585,0.01098
0.05266,0.09872,0.24094,0.04249,0.10531,0.02181,0.40368,0.01469,0.01129,0.00841
0.01191,0.19373,0.14696,0.05313,0.18244,0.01902,0.36862,0.00778,0.00700,0.00941
0.02372,0.04600,0.04004,0.14615,0.14201,0.12024,0.44413,0.01376,0.00782,0.01612
0.02665,0.10072,0.13186,0.09926,0.09313,0.02859,0.44185,0.00594,0.01601,0.05599
0.02297,0.22836,0.22357,0.05521,0.04489,0.03211,0.36182,0.01098,0.01062,0.00946
0.06094,0.15695,0.02034,0.07679,0.14681,0.09764,0.39313,0.02023,0.01242,0.01475
0.12825,0.09088,0.09810,0.07584,0.08654,0.01471,0.38594,0.04740,0.03852,0.03380
0.03471,0.21404,0.03562,0.07119,0.21100,0.01643,0.39639,0.00547,0.00720,0.00795
0.04647,0.16912,0.04311,0.03744,0.16565,0.00854,0.49287,0.01040,0.01573,0.01066
0.02998,0.11024,0.04091,0.11495,0.06912,0.12382,0.46193,0.02088,0.01489,0.01328
0.02607,0.07718,0.05329,0.05055,0.03743,0.13392,0.60378,0.00566,0.00617,0.00595
0.08043,0.14402,0.06142,0.11110,0.03945,0.01605,0.50765,0.02420,0.00820,0.00748
0.02562,0.12910,0.24557,0.06451,0.11182,0.04546,0.31637,0.01868,0.02984,0.01302
0.01341,0.10104,0.06664,0.08997,0.07993,0.06075,0.56583,0.00635,0.00553,0.01054
0.04354,0.12293,0.08882,0.11047,0.07462,0.19545,0.31126,0.01551,0.01917,0.01824
0.02571,0.08066,0.04280,0.15439,0.14064,0.03606,0.47659,0.00851,0.00935,0.02529
0.02018,0.10727,0.07820,0.05929,0.03486,0.06297,0.58749,0.00895,0.02855,0.01224
0.09613,0.02743,0.02467,0.08470,0.01890,0.09192,0.61923,0.01249,0.01137,0.01317
0.03489,0.06601,0.06120,0.07581,0.05907,0.25087,0.41041,0.00897,0.00854,0.02423
0.03529,0.07203,0.10174,0.08971,0.10243,0.10709,0.44730,0.00982,0.01249,0.02210
0.01557,0.15822,0.02462,0.11282,0.07818,0.10420,0.44872,0.01148,0.02283,0.02335
0.02542,0.16505,0.15972,0.04453,0.03347,0.01229,0.53186,0.00882,0.01184,0.00700
0.01307,0.06904,0.04749,0.04136,0.02731,0.02852,0.74406,0.00582,0.00798,0.01534
0.02195,0.14184,0.04466,0.11581,0.03487,0.17522,0.43339,0.00880,0.00950,0.01397
0.03070,0.10150,0.08773,0.06223,0.05906,0.02609,0.48387,0.04371,0.09155,0.01356
0.01120,0.15253,0.03968,0.04276,0.14852,0.01330,0.56473,0.00722,0.00619,0.01386
0.00953,0.02862,0.02912,0.02296,0.03518,0.04439,0.79060,0.02187,0.00682,0.01091
0.10878,0.13983,0.09917,0.14662,0.06488,0.00902,0.36110,0.02280,0.02954,0.01824
0.02304,0.19418,0.16293,0.10027,0.09725,0.02726,0.36855,0.00908,0.00830,0.00913
0.04068,0.09203,0.05973,0.03478,0.09028,0.21773,0.39674,0.01920,0.01402,0.03481
0.00961,0.06271,0.03752,0.03084,0.05661,0.11111,0.66295,0.00559,0.01341,0.00965
0.01120,0.12139,0.04243,0.03767,0.10828,0.06317,0.59191,0.00529,0.00674,0.01191
0.05045,0.13103,0.11402,0.05442,0.14536,0.11905,0.30269,0.01702,0.01760,0.04837
0.02709,0.23912,0.11564,0.15138,0.15273,0.01772,0.26441,0.01400,0.00880,0.00911
0.03038,0.05228,0.05777,0.14073,0.13758,0.00808,0.53964,0.01058,0.00972,0.01323
0.03864,0.14929,0.07774,0.10826,0.04072,0.01815,0.47957,0.03038,0.02830,0.02896
0.02350,0.19228,0.13783,0.10658,0.06344,0.03756,0.40939,0.00830,0.01013,0.01100
0.02679,0.08914,0.12201,0.04406,0.09021,0.03055,0.56484,0.00953,0.01464,0.00822
0.11908,0.09893,0.06895,0.14531,0.02393,0.08815,0.43121,0.00648,0.00981,0.00815
0.01184,0.11917,0.03041,0.08759,0.10384,0.14152,0.47595,0.00732,0.00887,0.01349
0.02587,0.13012,0.12642,0.07146,0.06361,0.04359,0.49503,0.01321,0.01431,0.01637
0.10011,0.13389,0.13283,0.10886,0.09358,0.08255,0.30197,0.01885,0.01114,0.01622
0.03577,0.06747,0.13727,0.04902,0.13188,0.09867,0.41619,0.01446,0.03147,0.01780
0.03169,0.04689,0.04242,0.06600,0.06752,0.06070,0.63520,0.01403,0.01412,0.02143
0.02809,0.04863,0.01990,0.06397,0.01967,0.02618,0.77658,0.00445,0.00449,0.00805
0.03512,0.04931,0.08462,0.05044,0.05220,0.27655,0.42102,0.00929,0.01053,0.01091
0.03655,0.21399,0.04856,0.19628,0.05723,0.02529,0.39110,0.00794,0.01079,0.01227
0.01001,0.02423,0.16676,0.02245,0.17636,0.06688,0.49519,0.00972,0.01329,0.01510
0.02770,0.05899,0.04084,0.07098,0.03078,0.07340,0.66974,0.00901,0.01158,0.00699
0.03248,0.05065,0.09137,0.10679,0.10070,0.03474,0.55175,0.01079,0.01231,0.00842
0.10025,0.06548,0.11259,0.14595,0.11967,0.04190,0.37700,0.00964,0.01601,0.01151
0.02197,0.04691,0.04903,0.03253,0.04251,0.05248,0.71913,0.00859,0.01034,0.01652
0.05651,0.05418,0.10332,0.16089,0.18913,0.12791,0.24227,0.00779,0.01575,0.04226
0.05150,0.12044,0.18071,0.10703,0.07417,0.09113,0.26521,0.02374,0.03290,0.05318
0.01512,0.09493,0.30061,0.07869,0.06052,0.05729,0.34494,0.00790,0.01074,0.02927
0.01671,0.09004,0.07814,0.07974,0.07029,0.22038,0.41108,0.01086,0.00748,0.01528
0.01802,0.05853,0.04400,0.03100,0.02695,0.12231,0.62804,0.01311,0.01896,0.03908
0.02311,0.08021,0.07954,0.04160,0.07760,0.03757,0.62248,0.01006,0.01026,0.01756
0.02916,0.11871,0.18521,0.10672,0.07516,0.10176,0.34924,0.01278,0.01047,0.01077
0.02906,0.07398,0.20492,0.04018,0.18005,0.09032,0.35105,0.00570,0.01155,0.01319
0.12534,0.12921,0.12697,0.14122,0.09588,0.01888,0.29180,0.02760,0.02272,0.02040
0.01367,0.12115,0.09708,0.07728,0.07502,0.05879,0.50330,0.00977,0.00878,0.03516
0.06180,0.09881,0.21577,0.14157,0.05798,0.08985,0.25370,0.02485,0.04054,0.01513
0.04547,0.09706,0.05989,0.11590,0.06401,0.04467,0.53412,0.00842,0.00807,0.02238
0.04065,0.07643,0.10947,0.09654,0.05402,0.16364,0.41561,0.01314,0.00694,0.02358
0.04002,0.14624,0.07555,0.09369,0.05391,0.01735,0.54373,0.01161,0.01107,0.00681
0.05010,0.10940,0.04927,0.11503,0.07120,0.01853,0.52550,0.01096,0.01306,0.03696
0.01971,0.11142,0.14284,0.07330,0.12741,0.03547,0.44345,0.00793,0.00889,0.02959
0.02197,0.13211,0.11638,0.11332,0.06158,0.04754,0.41394,0.02271,0.02889,0.04157
0.01975,0.16272,0.10660,0.07361,0.03865,0.02943,0.46380,0.01459,0.01694,0.07393
0.04447,0.13815,0.12356,0.14167,0.13641,0.03334,0.35222,0.01031,0.00917,0.01070
0.06024,0.13173,0.14549,0.06629,0.11782,0.02703,0.38291,0.02002,0.02389,0.02458
0.02039,0.09852,0.08995,0.14731,0.14861,0.02235,0.42719,0.00856,0.00724,0.02989
0.03035,0.16576,0.02046,0.18549,0.01598,0.01265,0.52694,0.01403,0.01662,0.01172
0.15128,0.06392,0.02211,0.07117,0.05575,0.01940,0.55245,0.02498,0.02823,0.01072
0.02727,0.20287,0.13100,0.16861,0.12249,0.04235,0.28416,0.00571,0.00401,0.01152
0.03440,0.15550,0.19531,0.04788,0.04746,0.04220,0.32338,0.02738,0.07823,0.04826
0.01488,0.18570,0.05499,0.04004,0.17966,0.01320,0.48609,0.00988,0.00827,0.00728
0.02228,0.17151,0.11922,0.17732,0.14655,0.08560,0.23273,0.00804,0.01082,0.02593
0.07457,0.09375,0.04083,0.11778,0.04606,0.04286,0.43820,0.04856,0.07965,0.01774
0.03600,0.25743,0.11945,0.17550,0.06491,0.03029,0.27331,0.01211,0.01173,0.01927
0.05641,0.14542,0.02578,0.16689,0.05753,0.27085,0.21258,0.02183,0.02538,0.01731
0.01999,0.04871,0.14929,0.03435,0.14762,0.01487,0.55900,0.00730,0.01385,0.00503
0.02139,0.08133,0.06272,0.05306,0.06709,0.07683,0.60977,0.00999,0.01028,0.00756
0.02381,0.13397,0.04817,0.11894,0.06541,0.05953,0.51026,0.01030,0.01192,0.01770
0.01289,0.06898,0.04042,0.21264,0.20474,0.07403,0.30340,0.01203,0.01626,0.05461
0.01241,0.10199,0.03184,0.03318,0.09612,0.24954,0.40606,0.00963,0.01704,0.04220
0.02262,0.14635,0.12728,0.04843,0.04436,0.02516,0.52700,0.00775,0.01063,0.04041
0.01407,0.07605,0.05295,0.03791,0.03437,0.08408,0.65927,0.00531,0.00812,0.02787
0.06105,0.12312,0.09945,0.08645,0.05581,0.00957,0.53622,0.00820,0.01013,0.01000
0.01008,0.13097,0.07095,0.03522,0.12248,0.01639,0.59112,0.00613,0.00552,0.01112
0.06055,0.08835,0.14947,0.16493,0.18867,0.05057,0.26587,0.00876,0.01146,0.01138
0.02525,0.15671,0.18488,0.04143,0.03693,0.02502,0.50150,0.00733,0.00699,0.01396
0.02647,0.04924,0.16495,0.04981,0.17057,0.01041,0.50539,0.00706,0.00494,0.01117
0.03925,0.24769,0.21145,0.08703,0.08028,0.01622,0.27925,0.01091,0.01580,0.01211
0.02050,0.10410,0.06199,0.11293,0.07876,0.21908,0.35755,0.02070,0.00702,0.01738
0.02569,0.10190,0.04776,0.11944,0.03121,0.02591,0.62334,0.00753,0.00843,0.00879
0.06744,0.06107,0.06600,0.08445,0.06143,0.04306,0.55183,0.02708,0.01472,0.02292
0.01195,0.04209,0.03484,0.17857,0.17945,0.01384,0.52459,0.00380,0.00392,0.00694
0.01215,0.05697,0.05905,0.05222,0.03926,0.01536,0.74206,0.00634,0.00795,0.00864
0.05464,0.20072,0.25107,0.04717,0.04942,0.03393,0.30844,0.01600,0.01727,0.02134
0.05108,0.10611,0.04729,0.12514,0.07347,0.03787,0.47293,0.02810,0.02434,0.03366
0.01227,0.04629,0.05391,0.04977,0.01824,0.29102,0.49335,0.00696,0.00567,0.02251
0.01572,0.07249,0.01694,0.03316,0.06158,0.12315,0.62650,0.01336,0.02001,0.01709
0.03466,0.12371,0.12384,0.10131,0.08814,0.04276,0.37674,0.01102,0.01716,0.08066
0.14825,0.16795,0.09519,0.09490,0.03545,0.01480,0.32084,0.09131,0.01537,0.01594
0.03562,0.07295,0.03603,0.09852,0.02596,0.01466,0.68934,0.00745,0.00899,0.01048
0.02701,0.18768,0.12792,0.04261,0.19253,0.02291,0.36553,0.00679,0.01577,0.01126
0.03004,0.16726,0.15399,0.08266,0.14118,0.14016,0.22236,0.02070,0.00824,0.03341
0.02240,0.23736,0.06189,0.23170,0.07021,0.05578,0.29525,0.00811,0.00803,0.00929
0.02571,0.12343,0.17643,0.06631,0.11076,0.06290,0.39558,0.00971,0.00940,0.01977
0.03505,0.23115,0.24849,0.12271,0.10962,0.02476,0.20080,0.00825,0.00957,0.00960
0.02307,0.11466,0.17263,0.05709,0.14853,0.03554,0.34353,0.01614,0.03947,0.04935
0.05206,0.08720,0.05965,0.22843,0.21572,0.05987,0.22011,0.03561,0.01344,0.02791
0.02384,0.04323,0.02878,0.08255,0.07566,0.02948,0.66087,0.01464,0.01727,0.02367
0.20025,0.03393,0.03252,0.18196,0.16669,0.01049,0.17935,0.18282,0.00459,0.00740
0.02446,0.06203,0.03737,0.04771,0.03155,0.21497,0.51761,0.02010,0.01439,0.02982
0.02075,0.11506,0.03648,0.10192,0.06627,0.02834,0.59140,0.01169,0.01930,0.00881
0.01614,0.04503,0.02548,0.11823,0.12302,0.08214,0.55720,0.00762,0.00939,0.01576
0.06281,0.16329,0.04288,0.06981,0.15553,0.02499,0.43024,0.01710,0.01288,0.02048
0.02171,0.04336,0.05407,0.07544,0.06685,0.00933,0.71109,0.00791,0.00334,0.00691
0.03550,0.12077,0.11662,0.07524,0.08135,0.06357,0.45696,0.01352,0.01716,0.01931
0.02060,0.12586,0.08050,0.07706,0.09850,0.07993,0.49696,0.00684,0.00612,0.00764
0.01501,0.05012,0.11875,0.05026,0.12857,0.05474,0.55521,0.00841,0.00728,0.01166
0.02752,0.10275,0.13629,0.03237,0.09555,0.04632,0.51967,0.00947,0.01663,0.01344
0.06432,0.09799,0.12752,0.08472,0.09363,0.02795,0.46924,0.01188,0.01389,0.00886
0.01457,0.08970,0.22774,0.06675,0.06711,0.02380,0.47712,0.00960,0.00698,0.01663
0.01901,0.08364,0.07631,0.13043,0.12636,0.03144,0.50835,0.00551,0.00829,0.01066
0.14587,0.07444,0.10652,0.03058,0.03413,0.02442,0.43018,0.13364,0.00824,0.01198
0.05080,0.09289,0.09648,0.11546,0.09670,0.04346,0.45656,0.00666,0.01222,0.02877
0.02064,0.07749,0.07216,0.05351,0.05046,0.03043,0.64709,0.00748,0.01161,0.02913
0.01339,0.15079,0.05099,0.15332,0.03921,0.03164,0.54092,0.00524,0.00426,0.01024
0.02824,0.04966,0.02986,0.10242,0.09440,0.13714,0.49793,0.01621,0.02875,0.01539
0.01903,0.08316,0.05755,0.15148,0.15310,0.02302,0.46985,0.00952,0.01579,0.01750
0.13935,0.04698,0.07872,0.05743,0.04410,0.02519,0.46834,0.04203,0.03174,0.06611
0.01344,0.12005,0.04639,0.13087,0.09177,0.10126,0.48047,0.00497,0.00477,0.00600
0.05928,0.14343,0.07580,0.15885,0.07308,0.19506,0.22802,0.00953,0.01429,0.04266
0.02296,0.19869,0.17122,0.08260,0.06473,0.03407,0.39797,0.00961,0.00954,0.00859
0.08914,0.15958,0.16344,0.03592,0.02456,0.01358,0.42143,0.06942,0.01389,0.00903
0.01811,0.04655,0.04233,0.18309,0.18475,0.06771,0.37144,0.01578,0.04107,0.02918
0.04099,0.11156,0.09028,0.12209,0.09769,0.04295,0.44107,0.01722,0.01318,0.02296
0.03200,0.16010,0.06462,0.13820,0.08866,0.04920,0.42484,0.01725,0.00947,0.01568
0.07362,0.17945,0.13516,0.08445,0.04080,0.03799,0.40481,0.01431,0.01320,0.01622
0.03370,0.15167,0.08058,0.11091,0.05005,0.04729,0.41449,0.03018,0.03153,0.04960
0.01498,0.18305,0.06306,0.14543,0.04904,0.01279,0.49098,0.00760,0.01698,0.01608
0.03142,0.09004,0.03878,0.07439,0.03280,0.18472,0.52065,0.00709,0.00878,0.01134
0.03681,0.13822,0.08668,0.17649,0.14550,0.07586,0.30090,0.01139,0.01050,0.01764
0.07334,0.16081,0.05416,0.09524,0.15465,0.02072,0.40506,0.01531,0.00938,0.01133
0.06632,0.08468,0.08292,0.06344,0.09571,0.02068,0.54794,0.01318,0.00959,0.01555
0.01573,0.03026,0.02177,0.08256,0.08114,0.05039,0.68766,0.00716,0.00775,0.01558
0.02858,0.16394,0.05820,0.13681,0.05918,0.01937,0.49938,0.00693,0.00670,0.02092
0.16032,0.07037,0.05174,0.18402,0.05905,0.03356,0.39382,0.01367,0.01479,0.01864
0.06014,0.21072,0.16754,0.05513,0.03374,0.01821,0.40865,0.01792,0.01722,0.01076
0.01016,0.14510,0.08004,0.06821,0.01913,0.10453,0.51016,0.00789,0.00891,0.04588
0.02283,0.10654,0.12546,0.05460,0.09744,0.01480,0.53939,0.01117,0.00857,0.01920
0.02515,0.09656,0.06056,0.09540,0.05665,0.18805,0.44053,0.00892,0.01688,0.01131
0.11177,0.10838,0.06727,0.07339,0.09661,0.02137,0.44736,0.02546,0.02216,0.02623
0.01322,0.06393,0.04034,0.03848,0.05415,0.03643,0.73170,0.00590,0.00790,0.00795
0.01959,0.14477,0.07395,0.12688,0.05734,0.01805,0.51848,0.01416,0.01196,0.01483
0.01161,0.05019,0.05618,0.03245,0.02957,0.02626,0.76720,0.00757,0.00764,0.01130
0.02697,0.15200,0.16368,0.04542,0.03402,0.10996,0.43495,0.01059,0.01011,0.01230
0.09372,0.13669,0.13817,0.07538,0.06029,0.02040,0.39810,0.04760,0.01843,0.01121
0.03625,0.14154,0.02267,0.12895,0.07709,0.01904,0.53888,0.01255,0.01019,0.01285
0.01534,0.10966,0.09734,0.07008,0.07398,0.02362,0.56675,0.01541,0.00801,0.01980
0.03076,0.18957,0.07903,0.17382,0.07949,0.19677,0.19361,0.01502,0.01575,0.02617
0.03250,0.19491,0.06422,0.09247,0.16332,0.16158,0.24620,0.01328,0.01538,0.01614
0.02861,0.15730,0.03787,0.13013,0.07015,0.04061,0.45420,0.04057,0.02011,0.02045
0.02439,0.09642,0.08567,0.06975,0.06336,0.03496,0.57994,0.01215,0.01703,0.01632
0.05917,0.10224,0.11862,0.05553,0.05133,0.01134,0.46890,0.07201,0.02916,0.03170
0.05403,0.16916,0.13816,0.08240,0.07442,0.09889,0.27297,0.02598,0.03875,0.04524
0.02430,0.16674,0.06328,0.16175,0.07166,0.01824,0.45975,0.01347,0.00995,0.01087
0.05105,0.10175,0.02714,0.09373,0.08547,0.08574,0.51104,0.01216,0.01643,0.01549
0.04492,0.08462,0.06668,0.06035,0.05874,0.02695,0.49787,0.02015,0.01962,0.12011
0.04574,0.11517,0.10578,0.20781,0.19319,0.02714,0.27047,0.01303,0.01128,0.01038
0.04069,0.09761,0.13074,0.07966,0.13442,0.06182,0.38730,0.02035,0.03138,0.01603
0.01388,0.15473,0.03573,0.06082,0.13957,0.04944,0.51944,0.00906,0.00634,0.01099
0.02244,0.11603,0.12166,0.03777,0.02872,0.03186,0.62151,0.00538,0.00617,0.00845
0.03948,0.15012,0.15791,0.14503,0.17107,0.15990,0.13782,0.00834,0.00793,0.02240
0.02138,0.16668,0.05306,0.17979,0.04115,0.01665,0.49717,0.00784,0.00636,0.00993
0.02021,0.17027,0.05720,0.10167,0.12718,0.02113,0.48065,0.00653,0.00616,0.00900
0.04993,0.14313,0.16216,0.14651,0.16637,0.01869,0.27822,0.01667,0.00767,0.01065
0.04868,0.25916,0.07791,0.22077,0.04688,0.03076,0.25468,0.01997,0.02351,0.01769
0.01347,0.09532,0.05783,0.11539,0.09761,0.05482,0.53638,0.00709,0.00696,0.01512
0.01319,0.05388,0.11294,0.02375,0.11086,0.01367,0.63812,0.01242,0.00626,0.01492
0.01138,0.10849,0.06676,0.07629,0.07300,0.09568,0.54683,0.00690,0.00343,0.01124
0.02496,0.05890,0.03138,0.06168,0.02961,0.18596,0.56299,0.01052,0.01346,0.02055
0.03147,0.06488,0.02864,0.06920,0.06131,0.09466,0.38124,0.03251,0.02583,0.21026
0.02893,0.05905,0.13595,0.05529,0.14298,0.03899,0.51108,0.01005,0.00760,0.01008
0.07832,0.03259,0.07903,0.07910,0.08777,0.16858,0.39070,0.02234,0.04586,0.01571
0.03716,0.03887,0.15009,0.04658,0.16155,0.17114,0.36353,0.00761,0.00716,0.01630
0.02996,0.17563,0.02147,0.15995,0.08856,0.01814,0.48655,0.00402,0.00495,0.01077
0.02123,0.20874,0.11616,0.22155,0.03059,0.06125,0.30876,0.00755,0.00557,0.01860
0.15677,0.05443,0.07129,0.04063,0.03943,0.03932,0.41250,0.14210,0.01667,0.02686
0.01250,0.16190,0.02529,0.14873,0.03005,0.03924,0.56261,0.00508,0.00487,0.00973
0.02310,0.06487,0.11322,0.05146,0.10894,0.18167,0.38179,0.01132,0.01705,0.04657
0.03981,0.15612,0.08073,0.13569,0.09832,0.08480,0.35001,0.02776,0.00843,0.01835
0.06368,0.02679,0.03190,0.05509,0.02553,0.04727,0.70929,0.00957,0.00825,0.02263
0.09311,0.06984,0.04785,0.11367,0.03709,0.03877,0.57365,0.00456,0.00605,0.01541
0.05829,0.06284,0.10465,0.05319,0.05761,0.04259,0.58950,0.01338,0.00921,0.00875
0.10690,0.05187,0.06488,0.13108,0.07270,0.03147,0.51995,0.00826,0.00564,0.00725
0.01400,0.03327,0.03219,0.12328,0.12731,0.13272,0.48611,0.00575,0.00748,0.03787
0.02437,0.15964,0.17874,0.04714,0.08413,0.06194,0.38305,0.01596,0.02428,0.02075
0.01940,0.22797,0.18060,0.09172,0.07449,0.03828,0.33352,0.00910,0.01392,0.01098
0.01356,0.12930,0.12220,0.06705,0.10940,0.00817,0.53134,0.00577,0.00645,0.00675
0.10278,0.14613,0.14159,0.07458,0.06188,0.03105,0.37069,0.04494,0.00994,0.01641
0.09501,0.08443,0.09544,0.11887,0.12573,0.22010,0.20808,0.02469,0.00991,0.01773
0.02256,0.22300,0.20798,0.05247,0.07913,0.01749,0.36724,0.00893,0.00757,0.01365
0.01678,0.06396,0.04049,0.14400,0.13675,0.01362,0.56166,0.00889,0.00540,0.00844
0.01149,0.13895,0.03062,0.06841,0.10610,0.19166,0.40622,0.00650,0.00874,0.03132
0.04154,0.15591,0.03496,0.14854,0.07049,0.27217,0.23129,0.01491,0.01236,0.01785
0.06342,0.04046,0.24745,0.06257,0.03804,0.01677,0.49847,0.01154,0.00994,0.01134
0.01676,0.07450,0.01979,0.05884,0.04989,0.01729,0.73800,0.00719,0.00726,0.01048
0.04504,0.13850,0.03944,0.17151,0.10714,0.13229,0.29090,0.04239,0.01157,0.02122
0.03931,0.16066,0.04760,0.17366,0.07621,0.05380,0.41204,0.01188,0.01223,0.01262
0.01595,0.02995,0.16777,0.01739,0.02720,0.01380,0.70360,0.01004,0.00740,0.00689
0.01267,0.09815,0.18555,0.10372,0.03355,0.04526,0.49398,0.00751,0.00895,0.01068
0.02107,0.06550,0.03011,0.10432,0.08681,0.01564,0.64551,0.01059,0.01088,0.00956
0.01862,0.06124,0.10055,0.02779,0.02621,0.03644,0.70762,0.00606,0.00548,0.00999
0.05101,0.10424,0.10499,0.09159,0.06143,0.03805,0.50459,0.00958,0.01522,0.01929
0.01213,0.12614,0.03110,0.11649,0.05235,0.20034,0.36648,0.02553,0.05831,0.01113
0.06848,0.07107,0.04331,0.12719,0.03897,0.03259,0.59777,0.00625,0.00622,0.00815
0.03002,0.13815,0.05736,0.07888,0.12831,0.11149,0.42666,0.00792,0.00880,0.01239
0.01118,0.20148,0.12301,0.19933,0.03112,0.06370,0.32466,0.00836,0.01305,0.02411
0.02937,0.09293,0.03109,0.08808,0.03253,0.05045,0.57605,0.03904,0.01273,0.04772
0.03640,0.09381,0.09612,0.06977,0.04886,0.15889,0.46535,0.00766,0.01505,0.00809
0.14725,0.14347,0.08370,0.20202,0.04837,0.03293,0.27370,0.02381,0.01369,0.03106
0.01795,0.12502,0.07588,0.10978,0.07289,0.13032,0.37548,0.03080,0.01917,0.04273
0.02085,0.11290,0.16630,0.13700,0.04690,0.08141,0.38537,0.01580,0.01689,0.01658
0.01916,0.09607,0.13416,0.09330,0.03239,0.09852,0.44763,0.01634,0.01026,0.05217
0.07287,0.09253,0.11168,0.07883,0.12131,0.14010,0.31756,0.01273,0.01719,0.03520
0.04232,0.15151,0.09366,0.17346,0.10560,0.02799,0.36680,0.00858,0.01170,0.01838
0.01095,0.09689,0.11375,0.04925,0.08563,0.11892,0.50154,0.00719,0.00793,0.00795
0.02042,0.05955,0.05019,0.15137,0.15025,0.02232,0.51150,0.00901,0.01339,0.01199
0.01376,0.19678,0.07797,0.05801,0.19332,0.08133,0.36079,0.00579,0.00463,0.00762
0.13414,0.14804,0.07570,0.10688,0.04311,0.07863,0.26185,0.11392,0.01612,0.02162
0.03505,0.18720,0.17998,0.04923,0.04222,0.10288,0.36032,0.01162,0.01373,0.01778
0.05311,0.03614,0.07974,0.05324,0.03229,0.02171,0.65533,0.03758,0.01368,0.01718
0.03488,0.09352,0.09773,0.10236,0.03524,0.02370,0.58562,0.01006,0.00719,0.00968
0.01805,0.07864,0.07158,0.05514,0.07355,0.05339,0.62164,0.00885,0.00995,0.00922
0.01267,0.05142,0.05864,0.04103,0.03636,0.01916,0.76111,0.00662,0.00570,0.00730
0.06234,0.23067,0.07849,0.18553,0.03561,0.09591,0.26616,0.01505,0.02193,0.00830
0.02620,0.16738,0.06601,0.11444,0.12556,0.11129,0.34484,0.01151,0.01746,0.01531
0.06228,0.16092,0.02812,0.15521,0.08234,0.01676,0.45484,0.01668,0.00880,0.01406
0.21843,0.06109,0.04322,0.24928,0.05230,0.02888,0.30543,0.00980,0.01178,0.01976
0.01936,0.12096,0.08398,0.08108,0.05212,0.07687,0.52330,0.00782,0.02230,0.01221
0.01718,0.18502,0.14469,0.08002,0.07924,0.02008,0.43205,0.02095,0.00561,0.01516
0.05057,0.10765,0.07156,0.09093,0.03025,0.01761,0.61207,0.00673,0.00568,0.00695
0.04444,0.16995,0.14839,0.10458,0.08383,0.03822,0.37723,0.00940,0.01090,0.01306
0.01418,0.08678,0.02270,0.08290,0.03884,0.17740,0.55458,0.00581,0.00624,0.01058
0.04486,0.03897,0.10384,0.06068,0.05911,0.16705,0.45804,0.01414,0.02270,0.03061
0.01339,0.09026,0.08711,0.06340,0.06080,0.04443,0.61527,0.00622,0.00856,0.01058
0.02019,0.04591,0.04740,0.06153,0.06115,0.02151,0.71805,0.00723,0.00790,0.00914
0.02368,0.06014,0.04421,0.06090,0.04995,0.04006,0.64824,0.02070,0.01104,0.04108
0.01062,0.06950,0.02709,0.05739,0.03546,0.09432,0.62972,0.00661,0.01122,0.05807
0.07368,0.19087,0.05247,0.21074,0.05082,0.02714,0.32975,0.01866,0.02756,0.01833
0.04590,0.14607,0.11371,0.18949,0.16209,0.02593,0.27977,0.01115,0.00740,0.01848
0.02861,0.08081,0.05012,0.04791,0.03016,0.04260,0.68726,0.01367,0.00818,0.01070
0.03413,0.02823,0.22281,0.04462,0.23966,0.04811,0.34369,0.01081,0.01029,0.01764
0.01887,0.06849,0.03853,0.07665,0.03638,0.06132,0.63830,0.00798,0.00827,0.04521
0.01182,0.05268,0.03467,0.04650,0.03523,0.10129,0.69981,0.00506,0.00530,0.00765
0.02160,0.05511,0.15005,0.06898,0.03523,0.05144,0.59203,0.00556,0.00627,0.01372
0.01843,0.17624,0.28335,0.03987,0.18122,0.02314,0.25234,0.00795,0.00470,0.01277
0.02285,0.07162,0.04768,0.05739,0.04334,0.01628,0.71334,0.00837,0.00629,0.01285
0.05601,0.20327,0.12675,0.11576,0.06799,0.03941,0.28463,0.02445,0.02442,0.05730
0.02492,0.14864,0.22017,0.09143,0.12567,0.05688,0.29234,0.01251,0.00928,0.01816
