0.00875,0.01079,0.01608,0.01256,0.00774,0.00927,0.01459,0.00954,0.01424,0.77101,0.01393,0.00880,0.02412,0.00817,0.00700,0.01013,0.01137,0.01085,0.01052,0.02056
0.45770,0.19725,0.01979,0.00929,0.01317,0.00858,0.05167,0.03486,0.01664,0.01155,0.01317,0.02176,0.01595,0.01283,0.01395,0.05320,0.00707,0.00925,0.01207,0.02026
0.01473,0.00961,0.28846,0.03699,0.01377,0.01033,0.01200,0.01119,0.01132,0.01656,0.01483,0.01278,0.02277,0.01001,0.02179,0.01048,0.01975,0.01228,0.44090,0.00946
0.00576,0.00842,0.00671,0.00950,0.00809,0.00641,0.00592,0.00494,0.00761,0.00394,0.01006,0.00898,0.00668,0.00356,0.01357,0.00450,0.00722,0.00645,0.86625,0.00545
0.00556,0.00679,0.00945,0.01254,0.00971,0.01664,0.00833,0.00636,0.01284,0.00691,0.00855,0.00465,0.00838,0.00498,0.30135,0.01604,0.00973,0.01641,0.52997,0.00480
0.00476,0.00729,0.00551,0.00551,0.01294,0.87302,0.00343,0.01292,0.00904,0.00289,0.00789,0.01053,0.00826,0.00635,0.00639,0.00607,0.00522,0.00442,0.00349,0.00405
0.01444,0.01114,0.01896,0.05081,0.01445,0.00816,0.09010,0.09505,0.01446,0.00989,0.01172,0.02418,0.02100,0.01400,0.01199,0.02695,0.01419,0.01256,0.52057,0.01538
0.01238,0.00860,0.01890,0.01481,0.01481,0.01144,0.01520,0.00730,0.05102,0.02108,0.02105,0.02547,0.00889,0.01372,0.02702,0.01116,0.01435,0.00735,0.68333,0.01213
0.01457,0.01252,0.00931,0.01054,0.00992,0.01765,0.00699,0.00692,0.01220,0.00911,0.01280,0.00962,0.01142,0.00650,0.05754,0.15150,0.01292,0.00855,0.60929,0.01011
0.50599,0.08416,0.03792,0.01702,0.02392,0.01342,0.01632,0.01974,0.01282,0.02207,0.01924,0.01194,0.02112,0.02491,0.01638,0.02916,0.01139,0.01736,0.06898,0.02613
0.02349,0.01202,0.01621,0.01010,0.01620,0.01991,0.01681,0.01604,0.01344,0.02670,0.01184,0.00808,0.01925,0.00788,0.00881,0.01136,0.01726,0.40904,0.31663,0.01896
0.07766,0.26259,0.02955,0.02175,0.01885,0.00559,0.01108,0.01482,0.01479,0.01235,0.01456,0.01431,0.01210,0.01694,0.01445,0.01573,0.01804,0.01583,0.38379,0.02522
0.00835,0.00789,0.00696,0.00520,0.00639,0.00487,0.00795,0.00651,0.00826,0.00905,0.00949,0.00790,0.00689,0.00470,0.00654,0.00586,0.84285,0.01245,0.02174,0.01014
0.01664,0.01294,0.02044,0.02338,0.02284,0.01101,0.01003,0.01567,0.02720,0.01950,0.01556,0.03578,0.02312,0.01972,0.01807,0.03426,0.02865,0.04495,0.51688,0.08335
0.00519,0.00582,0.00508,0.86282,0.01086,0.00607,0.00624,0.01064,0.00621,0.01013,0.00479,0.01014,0.01144,0.00917,0.00636,0.00531,0.00566,0.00452,0.00855,0.00500
0.00894,0.01151,0.01215,0.02801,0.01197,0.00709,0.01764,0.00813,0.01694,0.01005,0.20382,0.00964,0.01405,0.00836,0.01360,0.01244,0.01077,0.01231,0.57268,0.00990
0.01243,0.00608,0.01249,0.00957,0.01015,0.00651,0.00859,0.00594,0.01312,0.00725,0.00859,0.01854,0.01122,0.00470,0.00618,0.00967,0.00635,0.01120,0.03146,0.79994
0.01693,0.00865,0.01630,0.00634,0.00756,0.00600,0.00745,0.00975,0.00805,0.01160,0.00899,0.01018,0.62571,0.00559,0.00882,0.00967,0.00786,0.00937,0.20447,0.01069
0.01055,0.00995,0.01031,0.01023,0.02178,0.00892,0.01340,0.58675,0.00985,0.00875,0.00828,0.01208,0.01005,0.00664,0.01384,0.00869,0.01099,0.01054,0.21707,0.01134
0.00369,0.00345,0.00407,0.00258,0.00496,0.00201,0.00678,0.00355,0.00614,0.00322,0.00403,0.00540,0.00631,0.90564,0.00951,0.00549,0.00501,0.00919,0.00552,0.00347
0.01080,0.01192,0.01438,0.02629,0.01513,0.00978,0.01592,0.00644,0.07856,0.35687,0.03505,0.02815,0.01651,0.00962,0.02610,0.01207,0.01875,0.00946,0.28737,0.01084
0.83055,0.00957,0.00856,0.00750,0.00981,0.00761,0.00879,0.01074,0.01052,0.01237,0.01304,0.00525,0.00508,0.00588,0.00824,0.00978,0.00629,0.01052,0.00698,0.01292
0.00600,0.00771,0.00803,0.00988,0.01763,0.01114,0.00790,0.01227,0.00629,0.02405,0.00873,0.00474,0.01795,0.01113,0.00679,0.01547,0.00689,0.74871,0.06165,0.00702
0.01267,0.00721,0.01754,0.00809,0.00930,0.00648,0.00788,0.00639,0.00897,0.00708,0.67639,0.16257,0.00855,0.01049,0.00519,0.00837,0.00706,0.00910,0.01077,0.00991
0.00784,0.00928,0.01078,0.01072,0.01334,0.01665,0.00722,0.00794,0.00729,0.00651,0.01153,0.00695,0.01142,0.01051,0.51298,0.01000,0.00881,0.02215,0.30062,0.00746
0.38948,0.07491,0.01152,0.00970,0.02329,0.01217,0.01631,0.01141,0.01622,0.01617,0.02422,0.02916,0.01244,0.01033,0.02039,0.01348,0.01728,0.00832,0.26333,0.01988
0.01018,0.00842,0.01839,0.00947,0.01044,0.00728,0.00978,0.62977,0.00810,0.00974,0.00765,0.00719,0.00936,0.00882,0.00865,0.00608,0.01433,0.01285,0.19242,0.01108
0.01108,0.01604,0.11396,0.40349,0.01400,0.01224,0.01646,0.02359,0.01402,0.01728,0.00758,0.01760,0.01706,0.01173,0.01552,0.01580,0.01066,0.02289,0.01303,0.22597
0.01413,0.00652,0.01041,0.01126,0.01366,0.00985,0.00965,0.00758,0.01016,0.00869,0.00757,0.00932,0.00769,0.00810,0.01148,0.00906,0.00721,0.01533,0.01427,0.80805
0.00921,0.00712,0.00887,0.01133,0.01392,0.00777,0.01481,0.00374,0.00886,0.00706,0.01367,0.02015,0.00484,0.00645,0.01032,0.01161,0.01557,0.00946,0.01126,0.80398
0.00836,0.00852,0.01154,0.40453,0.01953,0.01591,0.01363,0.00968,0.01091,0.01338,0.00950,0.00971,0.00819,0.01118,0.01126,0.00772,0.01189,0.00806,0.39665,0.00987
0.03132,0.81967,0.01071,0.00468,0.00680,0.00664,0.01896,0.00808,0.00683,0.00632,0.00689,0.00944,0.00759,0.00811,0.00698,0.01174,0.00548,0.00684,0.00500,0.01191
0.00769,0.79647,0.00805,0.01037,0.00756,0.00860,0.00959,0.00807,0.01721,0.00760,0.01154,0.01314,0.01193,0.00997,0.00976,0.01064,0.01081,0.00934,0.01145,0.02021
0.02507,0.01995,0.01221,0.01953,0.01691,0.01031,0.01943,0.00691,0.02103,0.01843,0.02521,0.01320,0.01462,0.01017,0.06023,0.17831,0.02269,0.01071,0.47951,0.01557
0.00692,0.01313,0.60557,0.20260,0.00680,0.00821,0.00982,0.01422,0.00945,0.01003,0.01857,0.01412,0.00928,0.00712,0.00723,0.00914,0.01080,0.01114,0.01115,0.01470
0.01374,0.00567,0.01768,0.01203,0.01240,0.00741,0.00784,0.01231,0.00802,0.00878,0.01933,0.00945,0.01028,0.00905,0.01011,0.01188,0.02047,0.75614,0.03550,0.01190
0.00648,0.00672,0.01567,0.02954,0.51738,0.02349,0.01096,0.00588,0.00989,0.01724,0.01377,0.01186,0.00846,0.01217,0.00983,0.00799,0.00755,0.00775,0.27049,0.00690
0.00755,0.00750,0.00852,0.01216,0.06099,0.71024,0.00782,0.01035,0.01054,0.00715,0.01305,0.01292,0.00787,0.01806,0.01215,0.01329,0.01204,0.00827,0.04897,0.01056
0.00779,0.00641,0.00711,0.00577,0.00356,0.00333,0.00496,0.00389,0.00285,0.00781,0.00749,0.90175,0.00687,0.00278,0.00422,0.00480,0.00371,0.00428,0.00424,0.00639
0.01161,0.01113,0.01650,0.02242,0.01133,0.00822,0.01564,0.00946,0.18616,0.04368,0.02019,0.03798,0.01484,0.01983,0.01170,0.00871,0.02357,0.00979,0.50266,0.01459
0.00803,0.02962,0.00818,0.00784,0.00874,0.00432,0.00737,0.00673,0.00964,0.00782,0.01021,0.01016,0.01225,0.00791,0.01186,0.00612,0.00632,0.01076,0.81175,0.01437
0.01189,0.00815,0.45335,0.03073,0.02239,0.00943,0.00911,0.01190,0.01305,0.01019,0.02046,0.01560,0.01036,0.00835,0.01450,0.01118,0.00916,0.00904,0.31299,0.00817
0.01955,0.01800,0.01966,0.01223,0.02548,0.01474,0.01366,0.02002,0.01850,0.01780,0.02142,0.02344,0.04517,0.05621,0.01386,0.02993,0.01670,0.02191,0.39837,0.19335
0.00668,0.00725,0.62138,0.18692,0.00978,0.00860,0.01072,0.00888,0.01296,0.00897,0.01342,0.01117,0.00952,0.01312,0.01861,0.00889,0.00982,0.00663,0.01442,0.01227
0.01132,0.02654,0.01881,0.01742,0.01935,0.00837,0.00989,0.00780,0.08394,0.41399,0.01335,0.01663,0.01350,0.01500,0.00962,0.01903,0.01124,0.02477,0.22740,0.03205
0.00863,0.01683,0.02055,0.50407,0.01436,0.00655,0.00702,0.01042,0.01104,0.01435,0.01174,0.00982,0.01287,0.01119,0.01692,0.01340,0.02419,0.00964,0.26156,0.01484
0.00496,0.00510,0.00548,0.00793,0.00730,0.00461,0.00477,0.00572,0.00469,0.00900,0.00738,0.00509,0.00881,0.00738,0.00724,0.00682,0.00845,0.87324,0.01154,0.00449
0.00792,0.00637,0.00827,0.01608,0.00896,0.01115,0.01160,0.00810,0.00736,0.00645,0.01215,0.20132,0.00862,0.00931,0.00875,0.00888,0.00768,0.00622,0.63323,0.01158
0.00944,0.00839,0.00826,0.01326,0.66417,0.06147,0.00976,0.00955,0.00966,0.01273,0.00938,0.01127,0.00502,0.00845,0.01127,0.02144,0.00763,0.01352,0.08114,0.02418
0.01018,0.00885,0.01540,0.01166,0.01108,0.00537,0.00854,0.00681,0.01072,0.01926,0.05112,0.71037,0.01243,0.00688,0.01112,0.00942,0.00870,0.00849,0.06495,0.00865
0.01398,0.01707,0.01144,0.00537,0.00907,0.00981,0.01397,0.00906,0.01281,0.00663,0.00893,0.02668,0.01323,0.71344,0.01293,0.00841,0.00651,0.00814,0.07891,0.01359
0.01566,0.00933,0.00846,0.00754,0.01165,0.01209,0.01024,0.00994,0.01463,0.00786,0.01798,0.00979,0.01097,0.01085,0.00751,0.00940,0.03057,0.62628,0.00873,0.16051
0.00201,0.00160,0.00179,0.00120,0.00209,0.00090,0.00325,0.00196,0.00247,0.00154,0.00203,0.00264,0.00314,0.95147,0.00752,0.00284,0.00286,0.00411,0.00292,0.00166
0.01299,0.01125,0.01138,0.02435,0.01479,0.00744,0.01146,0.00698,0.01264,0.01471,0.00923,0.01763,0.00950,0.00704,0.00937,0.00969,0.00799,0.02636,0.19243,0.58278
0.00804,0.79673,0.00952,0.01501,0.01374,0.00881,0.00927,0.00989,0.01240,0.01264,0.01087,0.01494,0.00769,0.00694,0.01816,0.01031,0.00895,0.00607,0.01130,0.00871
0.00711,0.00505,0.01103,0.01914,0.01103,0.00901,0.00752,0.00782,0.00981,0.00801,0.02990,0.79993,0.00590,0.00722,0.00733,0.01014,0.00822,0.00606,0.01803,0.01175
0.00215,0.00187,0.00282,0.00204,0.00202,0.00118,0.00431,0.00243,0.00286,0.00204,0.00236,0.00222,0.00311,0.94628,0.00538,0.00309,0.00498,0.00284,0.00388,0.00213
0.01084,0.02014,0.02025,0.01355,0.14361,0.54939,0.01616,0.01569,0.02220,0.00939,0.02257,0.01305,0.00992,0.02082,0.02191,0.02146,0.01750,0.01449,0.01907,0.01800
0.01268,0.01513,0.01548,0.01498,0.02206,0.03747,0.01038,0.01019,0.01261,0.00731,0.01084,0.01688,0.00994,0.01168,0.01666,0.01593,0.02380,0.00796,0.70947,0.01856
0.42286,0.03995,0.01173,0.02280,0.00938,0.01245,0.02145,0.01647,0.01181,0.05828,0.01617,0.02946,0.01878,0.01084,0.01319,0.01676,0.01485,0.01310,0.16948,0.07020
0.01904,0.01413,0.01036,0.01406,0.00901,0.01137,0.01852,0.01565,0.01492,0.00970,0.01234,0.01295,0.00979,0.00992,0.01138,0.01721,0.68437,0.07199,0.01599,0.01730
0.68173,0.08064,0.00916,0.00844,0.01288,0.01257,0.02522,0.00872,0.00923,0.01606,0.00951,0.01689,0.01143,0.01510,0.01368,0.01484,0.00885,0.01793,0.01224,0.01489
0.01296,0.01992,0.01074,0.01335,0.00830,0.00834,0.01192,0.01682,0.00980,0.01109,0.00762,0.01146,0.01013,0.44262,0.00858,0.01254,0.01452,0.01674,0.33082,0.02173
0.01045,0.01061,0.00795,0.02858,0.01623,0.00757,0.01252,0.01784,0.73347,0.02401,0.01423,0.01075,0.00952,0.00920,0.01139,0.02103,0.01065,0.01408,0.02175,0.00819
0.01204,0.01099,0.01646,0.00871,0.01812,0.01215,0.43507,0.02306,0.01803,0.01652,0.01184,0.02352,0.02536,0.00983,0.01244,0.01392,0.01220,0.01551,0.03506,0.26919
0.00461,0.00564,0.02692,0.01416,0.01107,0.00696,0.00959,0.00934,0.00968,0.00858,0.01349,0.00961,0.00886,0.00950,0.02406,0.00866,0.01284,0.01343,0.78684,0.00616
0.01077,0.00590,0.01186,0.00897,0.01326,0.00885,0.00733,0.00920,0.01020,0.00646,0.01038,0.00661,0.01181,0.00638,0.44205,0.39245,0.01048,0.01108,0.00834,0.00762
0.01886,0.01324,0.01325,0.01410,0.01293,0.01476,0.01195,0.01484,0.01230,0.01456,0.01556,0.01463,0.02269,0.03275,0.01285,0.02312,0.35213,0.35893,0.01268,0.01387
0.01136,0.00633,0.01014,0.00950,0.01209,0.01195,0.01197,0.01415,0.00705,0.00869,0.00806,0.71698,0.00851,0.00758,0.01041,0.01009,0.00807,0.00819,0.01159,0.10729
0.00452,0.00475,0.00725,0.00632,0.03622,0.84543,0.00408,0.01117,0.00927,0.00353,0.00833,0.00854,0.00911,0.00982,0.00734,0.00687,0.00489,0.00350,0.00492,0.00414
0.00805,0.00522,0.00788,0.00522,0.00750,0.01016,0.00516,0.00530,0.00855,0.00748,0.00996,0.00722,0.00588,0.00548,0.00548,0.86438,0.00670,0.00721,0.01196,0.00522
0.01330,0.01223,0.02205,0.01676,0.01610,0.01740,0.01522,0.02444,0.02571,0.01118,0.01988,0.02929,0.01989,0.01613,0.01996,0.01859,0.19800,0.29565,0.19085,0.01737
0.01409,0.01259,0.21410,0.15931,0.01743,0.01497,0.01140,0.01961,0.01611,0.01728,0.02100,0.01164,0.01660,0.01743,0.01410,0.01272,0.01923,0.01045,0.36243,0.01751
0.00623,0.00872,0.01040,0.01134,0.01092,0.01133,0.09479,0.01635,0.00869,0.01004,0.01443,0.01063,0.00898,0.00844,0.00849,0.00983,0.01824,0.01173,0.70768,0.01276
0.00998,0.01570,0.01306,0.01448,0.01300,0.00704,0.00991,0.00964,0.18560,0.15385,0.02493,0.01563,0.01377,0.01619,0.01155,0.01132,0.02104,0.01418,0.42226,0.01688
0.02091,0.01098,0.01212,0.00701,0.07006,0.69971,0.01065,0.01243,0.00715,0.00801,0.01274,0.02012,0.01028,0.01404,0.00868,0.01644,0.00811,0.01031,0.02947,0.01077
0.01123,0.01607,0.01011,0.01012,0.43469,0.35074,0.01629,0.00998,0.01566,0.00709,0.01326,0.01359,0.00855,0.01402,0.01546,0.01244,0.00740,0.00978,0.01046,0.01305
0.00447,0.00351,0.00513,0.00685,0.00452,0.00373,0.00542,0.00369,0.00472,0.00471,0.00690,0.00570,0.00898,0.00514,0.00622,0.00609,0.00512,0.00440,0.89940,0.00529
0.09248,0.49422,0.01428,0.00833,0.02810,0.00776,0.01374,0.01788,0.00928,0.00977,0.01263,0.02091,0.01453,0.01038,0.01867,0.00947,0.00637,0.01159,0.18505,0.01456
0.00518,0.00740,0.00893,0.00952,0.00612,0.00555,0.00534,0.00726,0.00790,0.01361,0.00594,0.00444,0.00677,0.00594,0.01268,0.86591,0.00543,0.00694,0.00491,0.00423
0.00917,0.00899,0.44437,0.01132,0.00903,0.01242,0.01448,0.01655,0.01367,0.01316,0.00855,0.01635,0.01038,0.01411,0.01250,0.01134,0.01309,0.01322,0.01794,0.32936
0.66974,0.02192,0.01103,0.00534,0.01212,0.00744,0.01133,0.02707,0.00963,0.00667,0.00735,0.00988,0.01305,0.01570,0.00957,0.01517,0.00663,0.01503,0.01741,0.10791
0.00883,0.01643,0.01369,0.01590,0.00747,0.01410,0.01745,0.00746,0.43442,0.27713,0.03098,0.01274,0.02001,0.00713,0.02821,0.00679,0.02067,0.01494,0.02416,0.02150
0.02039,0.01532,0.01498,0.01329,0.02100,0.57297,0.01726,0.02054,0.01121,0.01440,0.01550,0.02439,0.01639,0.01355,0.02942,0.01481,0.01522,0.01570,0.11421,0.01946
0.00912,0.01614,0.01367,0.01105,0.01464,0.00841,0.00605,0.01897,0.01725,0.01112,0.00996,0.01398,0.01396,0.00660,0.73491,0.01599,0.00907,0.01013,0.01725,0.04171
0.01028,0.01401,0.00666,0.01563,0.01145,0.00833,0.01625,0.00866,0.02079,0.01661,0.00884,0.01425,0.02835,0.26623,0.01582,0.01332,0.00991,0.01638,0.47496,0.02325
0.01071,0.01018,0.01617,0.01734,0.01263,0.00827,0.00774,0.01672,0.00885,0.01154,0.01041,0.02000,0.49656,0.23313,0.01283,0.01597,0.02199,0.01195,0.04382,0.01316
0.01333,0.01238,0.00982,0.02200,0.02279,0.01731,0.00755,0.02499,0.02435,0.01810,0.01688,0.01098,0.01078,0.01484,0.08296,0.46065,0.01564,0.01763,0.02383,0.17317
0.00797,0.01881,0.63663,0.01091,0.01022,0.01014,0.01117,0.01261,0.01159,0.01151,0.00975,0.00891,0.00716,0.01899,0.01066,0.00800,0.01037,0.01202,0.16164,0.01094
0.00800,0.00882,0.01191,0.00657,0.01114,0.00500,0.01358,0.00909,0.01122,0.52880,0.00987,0.00785,0.00995,0.00675,0.01014,0.00927,0.01301,0.01196,0.29754,0.00953
0.00538,0.88273,0.00707,0.00594,0.00487,0.00548,0.00637,0.00660,0.00840,0.00573,0.00620,0.00555,0.00420,0.00546,0.00693,0.00774,0.00766,0.00711,0.00356,0.00702
0.17352,0.50886,0.01820,0.00984,0.01233,0.00867,0.01322,0.00968,0.01698,0.02223,0.01486,0.02201,0.02040,0.01020,0.01516,0.01460,0.01684,0.01476,0.05223,0.02542
0.01279,0.01038,0.02041,0.02552,0.00988,0.01275,0.01741,0.01106,0.01234,0.01838,0.01239,0.01758,0.01780,0.01141,0.02249,0.00914,0.08695,0.01595,0.01668,0.63868
0.00694,0.00521,0.00631,0.00572,0.00904,0.00656,0.85354,0.00674,0.01021,0.00750,0.00650,0.00940,0.00843,0.00499,0.00929,0.00630,0.00721,0.00829,0.01619,0.00562
0.00884,0.00686,0.01028,0.00938,0.00748,0.00667,0.00777,0.00695,0.00638,0.00604,0.01387,0.84934,0.00677,0.00582,0.00558,0.00733,0.00485,0.00509,0.01462,0.01008
0.02570,0.00842,0.01426,0.02937,0.01600,0.01171,0.01928,0.01265,0.03447,0.01871,0.34317,0.26333,0.01332,0.00871,0.01410,0.01546,0.01946,0.01094,0.10814,0.01280
0.02907,0.00931,0.03280,0.01641,0.01059,0.01481,0.00867,0.02237,0.01443,0.01562,0.01846,0.01039,0.01266,0.01167,0.20617,0.47596,0.01752,0.00936,0.04419,0.01954
0.02452,0.01375,0.01265,0.00929,0.00971,0.01033,0.01441,0.01275,0.01141,0.01304,0.03021,0.00805,0.01939,0.00902,0.01771,0.01040,0.10612,0.63763,0.01655,0.01305
0.01176,0.01391,0.01377,0.00655,0.00974,0.00922,0.01276,0.00850,0.30305,0.47213,0.01796,0.02082,0.01036,0.00669,0.01246,0.03073,0.00605,0.00966,0.00580,0.01808
0.00882,0.00877,0.01610,0.01003,0.01136,0.01163,0.01465,0.01350,0.00734,0.01191,0.01107,0.00858,0.01108,0.00730,0.01173,0.01243,0.76937,0.00741,0.03911,0.00782
0.01320,0.01209,0.01082,0.01519,0.01721,0.01021,0.01421,0.01678,0.01650,0.00897,0.30379,0.06009,0.01342,0.01408,0.00960,0.01164,0.01072,0.01190,0.41768,0.01189
0.00661,0.00491,0.00719,0.00369,0.00307,0.00450,0.00441,0.00548,0.00456,0.00748,0.00626,0.00403,0.00576,0.00266,0.00545,0.89778,0.00708,0.00664,0.00697,0.00545
0.03161,0.01185,0.00966,0.00971,0.51880,0.05241,0.01122,0.01412,0.01515,0.01174,0.01202,0.01785,0.01179,0.01509,0.01251,0.02287,0.00934,0.01281,0.07798,0.12146
0.01573,0.01057,0.01136,0.01698,0.01362,0.01851,0.01981,0.01443,0.01450,0.01887,0.02888,0.07777,0.01493,0.00744,0.01711,0.01211,0.01254,0.01144,0.02357,0.63983
0.01232,0.45796,0.01138,0.02048,0.02107,0.01357,0.02317,0.01253,0.01311,0.01258,0.01382,0.01710,0.01012,0.00884,0.01219,0.01443,0.01135,0.01228,0.27471,0.02698
0.02164,0.00962,0.00933,0.01185,0.00825,0.00770,0.01210,0.01071,0.01514,0.01092,0.74366,0.04145,0.01572,0.00576,0.01560,0.00913,0.01760,0.01049,0.01375,0.00957
0.01187,0.01770,0.01269,0.02536,0.01550,0.02150,0.01074,0.01433,0.18891,0.44975,0.04201,0.01659,0.02666,0.00782,0.02113,0.01936,0.01624,0.00719,0.05497,0.01966
0.01879,0.01433,0.01774,0.01576,0.01244,0.00965,0.01594,0.01312,0.13837,0.17249,0.03124,0.01531,0.02073,0.01008,0.01328,0.02743,0.02058,0.01393,0.40012,0.01867
0.01083,0.01342,0.01028,0.02879,0.02378,0.01832,0.01862,0.01194,0.13315,0.32510,0.02046,0.02401,0.00998,0.01005,0.01440,0.01915,0.01228,0.00825,0.27221,0.01498
0.02263,0.00791,0.02349,0.01390,0.01091,0.00679,0.00789,0.01009,0.00573,0.01609,0.02601,0.76759,0.01716,0.00645,0.00685,0.01122,0.00850,0.00838,0.01155,0.01085
0.03792,0.01398,0.00915,0.01792,0.01787,0.00934,0.01501,0.01609,0.01112,0.01363,0.01640,0.02033,0.02193,0.00925,0.01689,0.01991,0.00763,0.01410,0.54994,0.16159
0.00644,0.00462,0.00824,0.00684,0.00630,0.00689,0.00411,0.00920,0.00873,0.00547,0.00957,0.00569,0.00706,0.01135,0.85121,0.00645,0.00648,0.00955,0.01957,0.00622
0.01942,0.01586,0.01500,0.00630,0.00580,0.00706,0.01139,0.00822,0.01553,0.77720,0.01592,0.00756,0.01963,0.00613,0.00666,0.01017,0.01088,0.01294,0.01714,0.01117
0.55994,0.00798,0.00793,0.00596,0.00849,0.00559,0.00948,0.01216,0.00706,0.00744,0.00599,0.00626,0.00485,0.00562,0.00576,0.00739,0.00849,0.00806,0.00697,0.30858
0.00902,0.00669,0.01397,0.82848,0.00971,0.00675,0.00866,0.00858,0.00638,0.01149,0.00602,0.01288,0.00927,0.01245,0.01040,0.01071,0.00578,0.00599,0.00767,0.00909
0.00670,0.00825,0.00705,0.01021,0.00516,0.00588,0.00395,0.86808,0.00716,0.00945,0.00830,0.00397,0.00446,0.00479,0.00897,0.00636,0.00506,0.00429,0.01101,0.01091
0.02319,0.01115,0.01265,0.05758,0.01975,0.00957,0.01466,0.01479,0.14826,0.04528,0.01771,0.01265,0.01032,0.01498,0.01316,0.00918,0.01155,0.01212,0.51555,0.02591
0.01751,0.01283,0.00741,0.01336,0.00615,0.01059,0.00541,0.00925,0.00854,0.00815,0.01210,0.00708,0.00770,0.02143,0.01057,0.76688,0.01054,0.00743,0.04257,0.01451
0.00648,0.00760,0.00678,0.00668,0.01475,0.00607,0.00699,0.00826,0.01284,0.00916,0.00898,0.00711,0.81789,0.02107,0.00793,0.00609,0.01032,0.00989,0.01713,0.00800
0.01052,0.00960,0.01286,0.01623,0.02120,0.01593,0.01796,0.01415,0.18256,0.34621,0.01716,0.02198,0.07710,0.01840,0.01973,0.01457,0.01433,0.01701,0.13593,0.01659
0.01249,0.00939,0.01063,0.01140,0.00836,0.00688,0.00667,0.00810,0.01283,0.01217,0.02572,0.01059,0.01391,0.01478,0.22693,0.56894,0.01767,0.00666,0.00807,0.00782
0.01922,0.00896,0.01110,0.01253,0.00988,0.01172,0.01088,0.01130,0.01636,0.01179,0.01061,0.02217,0.01761,0.06274,0.00787,0.00848,0.00969,0.01594,0.02136,0.69979
0.00797,0.01157,0.76579,0.00813,0.00669,0.00924,0.00918,0.01222,0.00803,0.01018,0.00843,0.01045,0.00808,0.00737,0.00924,0.01146,0.00744,0.01430,0.00864,0.06560
0.00752,0.01565,0.01016,0.02108,0.10059,0.01934,0.00913,0.01158,0.01166,0.00892,0.02234,0.01285,0.00836,0.00564,0.01187,0.01046,0.01182,0.01712,0.67043,0.01349
0.00880,0.01178,0.01667,0.01626,0.01698,0.01046,0.01284,0.01190,0.01410,0.01735,0.03922,0.01236,0.00870,0.02211,0.50256,0.21726,0.01862,0.00797,0.02287,0.01120
0.00802,0.69212,0.02322,0.00700,0.01160,0.00873,0.01755,0.01037,0.02022,0.01220,0.01981,0.01044,0.01351,0.01174,0.01309,0.00980,0.00973,0.00958,0.07840,0.01288
0.02829,0.04206,0.01075,0.01933,0.01911,0.01254,0.02569,0.01486,0.00919,0.00849,0.01459,0.01720,0.01676,0.01044,0.01285,0.01486,0.00944,0.02315,0.61502,0.07537
0.00502,0.00534,0.00568,0.00640,0.00450,0.00538,0.00392,0.89449,0.00575,0.00628,0.00807,0.00301,0.00449,0.00386,0.01087,0.00795,0.00397,0.00382,0.00407,0.00712
0.00734,0.00436,0.00410,0.88384,0.00712,0.00520,0.00930,0.00721,0.00512,0.00703,0.00459,0.00765,0.00672,0.00740,0.00786,0.00645,0.00433,0.00375,0.00612,0.00451
0.00543,0.00455,0.00693,0.00763,0.00585,0.00973,0.00647,0.00455,0.00923,0.00906,0.01559,0.00744,0.00562,0.00815,0.71662,0.01298,0.00625,0.00497,0.14603,0.00692
0.01199,0.01218,0.01192,0.01101,0.11043,0.35503,0.01563,0.01102,0.01380,0.01101,0.01521,0.01210,0.00931,0.01374,0.02295,0.02480,0.02246,0.01140,0.29354,0.01047
0.00958,0.01011,0.00872,0.00947,0.01311,0.01130,0.01134,0.01854,0.00706,0.01054,0.00740,0.00934,0.71931,0.09171,0.00979,0.00674,0.00897,0.01398,0.01316,0.00983
0.02496,0.01326,0.01205,0.02626,0.01759,0.01278,0.01123,0.01132,0.02603,0.02541,0.04822,0.25973,0.01224,0.00998,0.01185,0.00979,0.01458,0.01210,0.21106,0.22957
0.01080,0.01068,0.59261,0.16743,0.01467,0.01013,0.00831,0.01155,0.00876,0.01735,0.01192,0.02369,0.01437,0.01348,0.01398,0.00722,0.01281,0.00912,0.02884,0.01228
0.00991,0.00851,0.00847,0.00755,0.01121,0.00763,0.00753,0.00668,0.00679,0.00937,0.01206,0.00618,0.01382,0.00982,0.05794,0.76730,0.00983,0.01223,0.01641,0.01077
0.00801,0.00800,0.01192,0.02053,0.00809,0.00873,0.01143,0.01091,0.00541,0.00915,0.00997,0.00848,0.01175,0.01604,0.01247,0.01363,0.02975,0.51028,0.27559,0.00987
0.01755,0.00651,0.01757,0.01188,0.00719,0.01164,0.01203,0.00911,0.00792,0.00677,0.01605,0.24017,0.01070,0.00895,0.01017,0.01068,0.00785,0.00910,0.56088,0.01726
0.01083,0.00755,0.00783,0.00866,0.00766,0.01076,0.00792,0.00975,0.03331,0.80055,0.01446,0.01199,0.00881,0.00983,0.01449,0.00652,0.00844,0.00800,0.00506,0.00759
0.00626,0.01169,0.01162,0.01595,0.01055,0.06051,0.01241,0.00575,0.00787,0.00821,0.00977,0.01849,0.00527,0.01209,0.01573,0.00520,0.01768,0.00708,0.74756,0.01030
0.00756,0.00464,0.00489,0.00584,0.00458,0.00349,0.00440,0.00624,0.00438,0.00521,0.01022,0.00799,0.00652,0.00407,0.00708,0.00653,0.00595,0.00452,0.88468,0.01120
0.00516,0.01178,0.01231,0.01780,0.00640,0.01150,0.01669,0.00677,0.02081,0.02073,0.02014,0.01079,0.01035,0.01346,0.01187,0.00658,0.01112,0.00884,0.76744,0.00946
0.01028,0.01530,0.00993,0.01494,0.02476,0.01851,0.01034,0.01398,0.02003,0.01120,0.01753,0.02196,0.01174,0.01162,0.14104,0.02116,0.01425,0.00814,0.02199,0.58130
0.02239,0.01397,0.02021,0.01820,0.01561,0.01698,0.01740,0.01393,0.00895,0.01142,0.01488,0.55778,0.01811,0.02044,0.00998,0.01471,0.00923,0.01920,0.11747,0.05915
0.01270,0.00944,0.01202,0.01150,0.74045,0.04599,0.01040,0.01527,0.00621,0.00719,0.00576,0.01169,0.00674,0.01069,0.01038,0.01626,0.00543,0.01093,0.01003,0.04092
0.01521,0.00742,0.00872,0.01353,0.01202,0.00522,0.01165,0.01569,0.02017,0.00778,0.01234,0.01376,0.01114,0.00852,0.01081,0.00675,0.00760,0.00980,0.64794,0.15393
0.02818,0.01406,0.01488,0.01795,0.01241,0.01302,0.01180,0.01335,0.01611,0.01880,0.01794,0.01300,0.01446,0.01413,0.01897,0.01423,0.11575,0.41882,0.19594,0.01619
0.01133,0.00717,0.00787,0.01023,0.00908,0.00898,0.00891,0.83896,0.00577,0.01136,0.00649,0.00727,0.00849,0.01352,0.00812,0.00667,0.00778,0.00603,0.00774,0.00822
0.00408,0.00260,0.00598,0.00345,0.00816,0.00260,0.00463,0.00814,0.00263,0.00523,0.00456,0.00440,0.90654,0.00496,0.00517,0.00673,0.00604,0.00540,0.00557,0.00313
0.00814,0.00775,0.01599,0.00687,0.00936,0.01055,0.00932,0.01045,0.01638,0.00590,0.00671,0.00678,0.00434,0.00564,0.00704,0.00779,0.00778,0.00880,0.02843,0.81594
0.01612,0.02107,0.01718,0.04639,0.01420,0.00846,0.01159,0.02404,0.57321,0.06400,0.01529,0.01774,0.02212,0.01165,0.00898,0.00898,0.01558,0.01502,0.04050,0.04789
0.01243,0.01019,0.00899,0.01584,0.73223,0.02504,0.00765,0.00963,0.01660,0.00698,0.01734,0.01077,0.00842,0.01003,0.01292,0.01834,0.00892,0.01584,0.01320,0.03864
0.01616,0.01278,0.01190,0.05119,0.19467,0.25020,0.01411,0.01625,0.02234,0.01954,0.02794,0.02119,0.01347,0.01305,0.01451,0.01533,0.01514,0.00741,0.25152,0.01130
0.01085,0.84624,0.01745,0.00359,0.00472,0.00413,0.01093,0.00802,0.00619,0.00771,0.00794,0.01416,0.00655,0.00463,0.01037,0.00712,0.00777,0.00340,0.00719,0.01105
0.01181,0.00759,0.01690,0.01063,0.01144,0.22311,0.01419,0.00615,0.00998,0.00491,0.03456,0.02531,0.01394,0.00979,0.02668,0.01572,0.00865,0.01626,0.51056,0.02183
0.00429,0.00625,0.00474,0.89809,0.00463,0.00594,0.00532,0.00532,0.00339,0.00580,0.00443,0.00512,0.00672,0.00680,0.00841,0.00340,0.00396,0.00311,0.00586,0.00843
0.03648,0.01584,0.01013,0.02365,0.01581,0.00981,0.01875,0.01416,0.01308,0.01227,0.01385,0.01587,0.01475,0.01609,0.01168,0.01546,0.01349,0.01852,0.35066,0.35964
0.00280,0.00332,0.00518,0.00451,0.00281,0.00430,0.00415,0.00387,0.92612,0.00218,0.00525,0.00206,0.00566,0.00623,0.00479,0.00389,0.00246,0.00313,0.00365,0.00362
0.01308,0.83829,0.00865,0.00614,0.00929,0.00682,0.01120,0.00669,0.00780,0.00701,0.00664,0.01317,0.00838,0.00903,0.00984,0.00682,0.00760,0.00733,0.00859,0.00763
0.00463,0.00610,0.00962,0.00785,0.43804,0.42946,0.00779,0.00586,0.00789,0.00593,0.00896,0.00998,0.00424,0.00983,0.00702,0.00800,0.00604,0.00732,0.00797,0.00748
0.01160,0.00913,0.01193,0.00819,0.01002,0.00907,0.00895,0.01459,0.01660,0.01761,0.01500,0.00642,0.01703,0.01015,0.00989,0.01550,0.05248,0.72883,0.01857,0.00845
0.00423,0.00422,0.00551,0.00548,0.00762,0.90091,0.00341,0.00878,0.00637,0.00253,0.00501,0.00530,0.01018,0.00462,0.00538,0.00392,0.00431,0.00331,0.00465,0.00428
0.01426,0.00970,0.00963,0.00841,0.01042,0.01132,0.00902,0.00949,0.00905,0.00931,0.04782,0.77809,0.00687,0.00651,0.00980,0.01625,0.00686,0.00736,0.00936,0.01048
0.00961,0.00480,0.00732,0.00574,0.00884,0.00329,0.00651,0.00984,0.00717,0.01276,0.00905,0.00745,0.82563,0.00612,0.00572,0.00804,0.00945,0.00966,0.03378,0.00922
0.00500,0.00718,0.00935,0.00832,0.01630,0.84048,0.00727,0.00953,0.01173,0.00447,0.01194,0.00979,0.00921,0.00830,0.00836,0.00789,0.00775,0.00499,0.00519,0.00696
0.00958,0.01230,0.01109,0.00817,0.00999,0.00799,0.01028,0.00888,0.00910,0.00630,0.00993,0.00744,0.00793,0.00594,0.65171,0.18493,0.00869,0.00949,0.01122,0.00903
0.01583,0.01220,0.01000,0.00918,0.00920,0.00712,0.01451,0.01494,0.00777,0.01219,0.10989,0.69477,0.00701,0.00749,0.00771,0.01506,0.00802,0.00802,0.01214,0.01696
0.01513,0.00802,0.02053,0.00811,0.01825,0.00840,0.02435,0.01508,0.00744,0.01612,0.00854,0.00860,0.01096,0.00531,0.00915,0.02057,0.01450,0.47194,0.29840,0.01061
0.01024,0.00905,0.00505,0.00728,0.00786,0.00557,0.00709,0.00469,0.00556,0.01187,0.01340,0.00950,0.00843,0.00370,0.00726,0.00727,0.83504,0.00837,0.02169,0.01106
0.01270,0.01193,0.01371,0.01177,0.01286,0.01502,0.01641,0.02100,0.02076,0.01004,0.00969,0.01739,0.01615,0.26612,0.01069,0.02602,0.01487,0.02097,0.45419,0.01770
0.01302,0.01339,0.01460,0.01217,0.02039,0.00918,0.01512,0.00657,0.09613,0.59120,0.01754,0.01396,0.01804,0.00771,0.01547,0.01455,0.01770,0.01202,0.08077,0.01047
0.00986,0.01598,0.01063,0.01032,0.00864,0.01436,0.01351,0.00996,0.18945,0.47067,0.01690,0.01323,0.00989,0.01336,0.01003,0.01131,0.01605,0.00987,0.01477,0.13122
0.31097,0.01924,0.00854,0.02041,0.00901,0.01669,0.01319,0.02730,0.01072,0.01276,0.01579,0.00770,0.01368,0.00767,0.02653,0.01580,0.01528,0.00887,0.41863,0.02121
0.01152,0.00663,0.00855,0.01274,0.01200,0.01176,0.01068,0.00734,0.00962,0.00899,0.02051,0.02000,0.02891,0.01355,0.01335,0.24006,0.00854,0.01281,0.52828,0.01416
0.01173,0.55324,0.02820,0.01473,0.00754,0.00797,0.01326,0.01316,0.01854,0.01150,0.01299,0.01168,0.01190,0.01302,0.01397,0.00811,0.01822,0.01557,0.19403,0.02063
0.01210,0.01784,0.00820,0.01180,0.03745,0.54926,0.01344,0.01983,0.01092,0.01198,0.01420,0.03331,0.01302,0.00870,0.01173,0.01685,0.00903,0.01263,0.00836,0.17934
0.00801,0.00751,0.00981,0.00944,0.00678,0.00484,0.00559,0.00901,0.00564,0.00761,0.00978,0.86508,0.00593,0.00484,0.00487,0.00692,0.00537,0.00719,0.00731,0.00848
0.00747,0.00771,0.85402,0.01035,0.00792,0.00533,0.00579,0.00899,0.00667,0.00788,0.00939,0.00671,0.00628,0.00864,0.00632,0.00735,0.00781,0.00786,0.00933,0.00817
0.00659,0.00819,0.00923,0.01291,0.00904,0.01210,0.04521,0.80242,0.00757,0.00685,0.00666,0.00642,0.01204,0.00495,0.00616,0.00607,0.00920,0.01316,0.00824,0.00698
0.01435,0.37971,0.02041,0.01061,0.01309,0.00956,0.02463,0.01718,0.01076,0.01248,0.01667,0.01285,0.01944,0.00969,0.00989,0.00867,0.00903,0.01754,0.34259,0.04087
0.00882,0.00689,0.00690,0.01657,0.01087,0.00538,0.00719,0.00523,0.79274,0.01476,0.01712,0.01278,0.00837,0.00612,0.00863,0.00993,0.00742,0.00763,0.03934,0.00731
0.00292,0.00306,0.00243,0.00158,0.00333,0.00191,0.00432,0.00283,0.00399,0.00199,0.00257,0.00469,0.00387,0.93476,0.00555,0.00351,0.00289,0.00541,0.00497,0.00343
0.01350,0.01054,0.00927,0.00818,0.01036,0.77749,0.00730,0.01080,0.01650,0.00943,0.01306,0.00908,0.00728,0.00721,0.00736,0.01408,0.00791,0.00886,0.00635,0.04542
0.01335,0.01274,0.02841,0.01249,0.02397,0.01575,0.01287,0.01353,0.01437,0.01006,0.01548,0.02106,0.01926,0.01490,0.01406,0.01093,0.30252,0.40301,0.01724,0.02401
0.01945,0.00604,0.01207,0.01208,0.01171,0.01070,0.01281,0.01009,0.01359,0.00792,0.01169,0.32807,0.01474,0.00930,0.01045,0.01173,0.01226,0.00985,0.14756,0.32791
0.01298,0.02654,0.02413,0.03442,0.01238,0.01122,0.02365,0.02481,0.03586,0.01571,0.02181,0.01832,0.03098,0.01253,0.01495,0.01809,0.11656,0.07317,0.14463,0.32725
0.01143,0.00787,0.00822,0.00743,0.01530,0.00866,0.00887,0.01337,0.01242,0.00907,0.01500,0.01534,0.69419,0.00862,0.01108,0.01106,0.01217,0.01376,0.10550,0.01065
0.01045,0.00978,0.01580,0.01301,0.01609,0.03310,0.01128,0.00756,0.01213,0.01615,0.01461,0.01208,0.01250,0.02410,0.34825,0.01730,0.01178,0.02049,0.38464,0.00889
0.01168,0.00754,0.01179,0.01633,0.00823,0.00600,0.01266,0.00597,0.01285,0.01145,0.02185,0.01178,0.01200,0.12995,0.01102,0.01442,0.01580,0.01065,0.65930,0.00872
0.02188,0.00512,0.64951,0.00953,0.02225,0.00735,0.00988,0.00976,0.01623,0.01399,0.01859,0.02284,0.00776,0.00973,0.00830,0.00915,0.00788,0.01177,0.05936,0.07911
0.00926,0.01111,0.01063,0.00851,0.00897,0.01364,0.13990,0.69752,0.00616,0.00836,0.00713,0.01279,0.01265,0.00497,0.00949,0.00662,0.00768,0.00796,0.01012,0.00654
0.02005,0.01145,0.01948,0.00905,0.01024,0.01850,0.01368,0.00914,0.02078,0.00966,0.01180,0.01025,0.00916,0.01153,0.01651,0.01119,0.05568,0.70015,0.01824,0.01345
0.02108,0.01339,0.02204,0.01095,0.01528,0.00701,0.01038,0.01214,0.00959,0.01769,0.01153,0.02345,0.51483,0.10630,0.02347,0.01903,0.01589,0.02204,0.10699,0.01693
0.04166,0.17032,0.02129,0.01421,0.01432,0.00506,0.01067,0.01394,0.02303,0.01459,0.01702,0.01057,0.02082,0.00818,0.01017,0.01074,0.01008,0.01837,0.53555,0.02940
0.00473,0.00342,0.00477,0.00446,0.00367,0.00771,0.00281,0.00381,0.00608,0.00594,0.00561,0.00491,0.00474,0.00477,0.90584,0.00421,0.00370,0.00700,0.00713,0.00467
0.02361,0.78600,0.01159,0.01146,0.00821,0.00881,0.00921,0.01220,0.01476,0.00856,0.01409,0.01047,0.00812,0.00837,0.00742,0.01413,0.01130,0.00780,0.00659,0.01730
0.00986,0.00617,0.01143,0.00527,0.01338,0.00562,0.00636,0.00898,0.01115,0.00940,0.01622,0.00678,0.79617,0.01072,0.00958,0.01198,0.00886,0.01420,0.03194,0.00592
0.00749,0.00336,0.00665,0.00449,0.00526,0.00665,0.00470,0.00520,0.00863,0.00467,0.00720,0.00487,0.00531,0.00700,0.81258,0.00563,0.00517,0.01002,0.08021,0.00492
0.18805,0.59875,0.01217,0.01473,0.00965,0.00757,0.01027,0.01236,0.01150,0.01231,0.01328,0.01180,0.00837,0.01144,0.01323,0.01106,0.00626,0.00985,0.01727,0.02008
0.00766,0.01333,0.67236,0.11633,0.00879,0.00878,0.00770,0.00690,0.02292,0.00663,0.01157,0.00583,0.00754,0.01148,0.01377,0.00700,0.01555,0.00991,0.03721,0.00873
0.01115,0.01050,0.02695,0.02438,0.01755,0.01547,0.00879,0.01614,0.15160,0.27763,0.01649,0.01540,0.02728,0.01080,0.01353,0.00971,0.02193,0.02026,0.16195,0.14247
0.01683,0.00965,0.01817,0.01760,0.01409,0.01129,0.01182,0.01607,0.01137,0.01043,0.00824,0.01574,0.01812,0.00750,0.00995,0.01383,0.00835,0.15909,0.10658,0.51531
0.00866,0.00919,0.02132,0.00963,0.01355,0.00651,0.06899,0.00992,0.00771,0.01163,0.01285,0.01080,0.00980,0.01526,0.00923,0.01098,0.01239,0.00904,0.73026,0.01230
0.01310,0.01165,0.01895,0.01723,0.00954,0.00897,0.10917,0.65073,0.01124,0.00940,0.01874,0.01513,0.01947,0.00758,0.01094,0.01172,0.01296,0.01190,0.01754,0.01404
0.00837,0.00586,0.00754,0.00637,0.00687,0.00402,0.00541,0.00879,0.00552,0.00952,0.00889,0.87107,0.00437,0.00567,0.00487,0.00663,0.00481,0.00671,0.00561,0.01308
0.01327,0.01613,0.01921,0.02751,0.01412,0.01362,0.01255,0.01054,0.01434,0.01267,0.18508,0.41288,0.01317,0.01062,0.01529,0.01332,0.01400,0.01316,0.15248,0.01604
0.01292,0.01758,0.01659,0.01785,0.01977,0.00961,0.01615,0.01349,0.02220,0.01394,0.01517,0.02133,0.31292,0.17090,0.01943,0.02405,0.04529,0.02982,0.17939,0.02161
0.77592,0.01358,0.00972,0.01209,0.00909,0.01094,0.00772,0.01339,0.00955,0.01520,0.01431,0.01025,0.00917,0.00955,0.01471,0.01316,0.00921,0.00650,0.02149,0.01443
0.10305,0.13300,0.01537,0.00778,0.02578,0.00839,0.02412,0.01226,0.01251,0.02719,0.00885,0.01294,0.01198,0.01612,0.01083,0.01434,0.01005,0.03255,0.00866,0.50423
0.01110,0.02802,0.02373,0.03072,0.01524,0.01320,0.01755,0.01438,0.28060,0.23642,0.01823,0.01812,0.02369,0.01143,0.01589,0.01145,0.03160,0.01486,0.16970,0.01409
0.00512,0.00676,0.00691,0.00968,0.00823,0.00655,0.00641,0.00547,0.00496,0.00716,0.00907,0.00581,0.00416,0.00705,0.00706,0.01053,0.00631,0.86387,0.01085,0.00805
0.00665,0.00531,0.01436,0.00695,0.00674,0.00515,0.00821,0.00522,0.00702,0.00596,0.00898,0.85698,0.00884,0.00605,0.00895,0.00905,0.00520,0.00615,0.01092,0.00730
0.00756,0.00879,0.01085,0.00702,0.00877,0.00676,0.80836,0.01182,0.01460,0.00702,0.00711,0.02176,0.00926,0.01033,0.00633,0.00783,0.00818,0.00570,0.02313,0.00884
0.00915,0.01258,0.04248,0.68075,0.02036,0.00913,0.00943,0.03172,0.00941,0.01730,0.01581,0.01233,0.01180,0.00904,0.00844,0.01685,0.02440,0.01153,0.03945,0.00804
0.00750,0.00637,0.01276,0.02726,0.01607,0.01530,0.01061,0.00519,0.67878,0.07149,0.01590,0.01307,0.00946,0.00933,0.03295,0.00930,0.01052,0.00835,0.02995,0.00983
0.01407,0.00701,0.01404,0.00711,0.00707,0.00951,0.01810,0.00744,0.01637,0.00889,0.02959,0.76408,0.00954,0.01411,0.00790,0.00993,0.03038,0.00710,0.00841,0.00935
0.02610,0.44515,0.02493,0.01032,0.01238,0.00836,0.01752,0.01831,0.01478,0.01071,0.01618,0.02310,0.01527,0.02410,0.01198,0.01416,0.00890,0.01354,0.25417,0.03005
0.01458,0.01694,0.01454,0.01511,0.01609,0.01422,0.03042,0.01135,0.01673,0.01467,0.01130,0.01067,0.01452,0.00879,0.01737,0.02291,0.64903,0.06711,0.01438,0.01926
0.01401,0.01061,0.38467,0.32583,0.01106,0.01225,0.01067,0.02289,0.00951,0.01620,0.02167,0.03216,0.02001,0.00969,0.01801,0.02107,0.01445,0.01860,0.01335,0.01329
0.00997,0.01403,0.03016,0.01884,0.01654,0.01567,0.01219,0.00981,0.03465,0.02764,0.02953,0.01409,0.01436,0.02849,0.45764,0.20126,0.00903,0.01722,0.01903,0.01986
0.02061,0.01790,0.03672,0.01736,0.00912,0.01007,0.26101,0.02883,0.01273,0.01983,0.01210,0.03311,0.03001,0.01214,0.01238,0.01576,0.01419,0.01794,0.40355,0.01464
0.69906,0.01004,0.01039,0.01491,0.01181,0.01033,0.01190,0.01829,0.01720,0.01572,0.01516,0.01210,0.01420,0.01111,0.01712,0.00905,0.01172,0.01026,0.04923,0.03038
0.01125,0.02085,0.02252,0.02474,0.01372,0.00974,0.01520,0.02025,0.01520,0.02200,0.01546,0.04196,0.05539,0.35429,0.02268,0.01895,0.02716,0.01845,0.25422,0.01598
0.00887,0.00790,0.22133,0.56860,0.01187,0.01170,0.00987,0.01530,0.01286,0.01154,0.01310,0.01422,0.00833,0.00964,0.01155,0.01346,0.00944,0.01392,0.01079,0.01570
0.00442,0.00498,0.00632,0.00801,0.00434,0.00691,0.00478,0.00511,0.01065,0.00587,0.88845,0.00543,0.00385,0.00756,0.00411,0.00814,0.00675,0.00461,0.00449,0.00522
0.01137,0.00542,0.01567,0.00920,0.00912,0.01043,0.01082,0.00891,0.01385,0.00699,0.32397,0.01342,0.00984,0.00574,0.01300,0.00851,0.00761,0.00808,0.50080,0.00725
0.00747,0.01576,0.01529,0.00870,0.01028,0.00878,0.00908,0.01087,0.01258,0.01713,0.02056,0.01006,0.01619,0.01839,0.02120,0.56422,0.03019,0.01070,0.13035,0.06221
0.01792,0.02608,0.01553,0.01816,0.01378,0.01318,0.01623,0.01401,0.26733,0.08565,0.03318,0.01790,0.02136,0.01508,0.05379,0.02344,0.02283,0.02177,0.27355,0.02921
0.02003,0.01804,0.01677,0.14019,0.01439,0.00797,0.01133,0.03635,0.01056,0.01647,0.01433,0.00761,0.00817,0.00987,0.01158,0.00833,0.02574,0.01660,0.58896,0.01673
0.01625,0.00865,0.02109,0.02237,0.01153,0.01324,0.01715,0.01349,0.01134,0.01123,0.04173,0.41585,0.01862,0.02536,0.01197,0.01444,0.02017,0.01218,0.27649,0.01683
0.00656,0.01065,0.00769,0.01070,0.01068,0.00627,0.00608,0.00750,0.00680,0.00563,0.01270,0.01138,0.00895,0.00640,0.01206,0.00618,0.00638,0.01248,0.83436,0.01057
0.00864,0.00975,0.04652,0.33406,0.01268,0.01225,0.01472,0.01036,0.01163,0.01365,0.01421,0.02928,0.01012,0.02523,0.01070,0.00704,0.02662,0.01617,0.37741,0.00896
0.01398,0.01880,0.01570,0.01980,0.00932,0.01367,0.01308,0.01418,0.01858,0.02260,0.01250,0.01583,0.02095,0.00806,0.07012,0.55532,0.02004,0.00886,0.11294,0.01566
0.00930,0.00675,0.01180,0.00971,0.00864,0.01149,0.01541,0.01229,0.01010,0.00699,0.00693,0.01055,0.00927,0.24339,0.00797,0.01377,0.01033,0.01224,0.01030,0.57277
0.02161,0.01395,0.01532,0.01368,0.01355,0.01092,0.49632,0.22471,0.01760,0.00779,0.01108,0.01553,0.03652,0.00658,0.01060,0.01696,0.00992,0.00996,0.02168,0.02571
0.00667,0.00624,0.01255,0.82032,0.01548,0.00796,0.01239,0.00699,0.00552,0.01003,0.00688,0.00992,0.01247,0.00851,0.01402,0.00908,0.01049,0.00732,0.00823,0.00895
0.00712,0.01076,0.00704,0.01055,0.01043,0.00472,0.01501,0.00695,0.00995,0.01891,0.01106,0.01328,0.01291,0.00981,0.01835,0.00820,0.42069,0.00581,0.38712,0.01133
0.01163,0.02708,0.01949,0.01164,0.01786,0.01282,0.02117,0.01881,0.03960,0.44474,0.01810,0.01589,0.01478,0.01659,0.01392,0.02061,0.00965,0.01287,0.02155,0.23120
0.00265,0.00248,0.00264,0.00323,0.00425,0.00367,0.00209,0.00433,0.00241,0.00523,0.00303,0.00172,0.00602,0.00366,0.00284,0.00379,0.00236,0.93498,0.00579,0.00283
0.00880,0.01417,0.01086,0.02180,0.00921,0.00799,0.00982,0.00688,0.01057,0.01310,0.01505,0.01876,0.01279,0.27940,0.01270,0.00995,0.03046,0.00868,0.48136,0.01765
0.01267,0.00897,0.01251,0.01265,0.00608,0.00819,0.02068,0.01051,0.01481,0.00940,0.01530,0.01169,0.00832,0.28271,0.01655,0.01215,0.01621,0.00919,0.49034,0.02108
0.00954,0.00984,0.01422,0.01216,0.00708,0.01389,0.01491,0.00657,0.00966,0.01503,0.01436,0.01314,0.00822,0.11819,0.01961,0.00889,0.01321,0.01396,0.66803,0.00949
0.01945,0.00841,0.01064,0.00813,0.00973,0.00900,0.01084,0.00529,0.04188,0.01773,0.46806,0.01398,0.01396,0.01264,0.00927,0.01586,0.03041,0.01010,0.27267,0.01196
0.00936,0.00534,0.01366,0.00795,0.00754,0.00623,0.00894,0.00875,0.00602,0.00565,0.01045,0.00640,0.01479,0.00673,0.01752,0.00742,0.00831,0.00948,0.83024,0.00921
0.00661,0.00700,0.00668,0.00486,0.01143,0.00567,0.00723,0.00787,0.00502,0.00844,0.00644,0.00526,0.00595,0.00509,0.00819,0.00869,0.00901,0.86609,0.00736,0.00713
0.01178,0.00721,0.01388,0.02052,0.00899,0.00876,0.00771,0.00580,0.00942,0.01108,0.08479,0.64327,0.01083,0.01332,0.01035,0.00965,0.01205,0.00907,0.08758,0.01393
0.00783,0.00809,0.01626,0.04843,0.01312,0.00947,0.01112,0.01092,0.01037,0.00760,0.14437,0.45828,0.00871,0.00511,0.00840,0.01443,0.00918,0.00819,0.18132,0.01879
0.01091,0.01379,0.01241,0.02447,0.01015,0.00809,0.01563,0.01734,0.01431,0.01810,0.01691,0.01370,0.14738,0.22275,0.01595,0.01412,0.02263,0.02473,0.35994,0.01666
0.02772,0.01213,0.01282,0.02022,0.01319,0.01098,0.01654,0.00832,0.00791,0.00808,0.01158,0.01762,0.01288,0.01261,0.01123,0.05971,0.01278,0.01293,0.68749,0.02325
0.00749,0.00805,0.01557,0.01618,0.01207,0.00813,0.01036,0.37304,0.00949,0.00884,0.00972,0.00973,0.00652,0.00713,0.00699,0.00749,0.00805,0.00900,0.44626,0.01990
0.01067,0.01402,0.01467,0.01837,0.01633,0.01740,0.01553,0.00820,0.14944,0.50442,0.04075,0.01811,0.01602,0.01258,0.01288,0.01278,0.01438,0.01262,0.07775,0.01308
