0.10448,0.09332,0.12348,0.10482,0.12328,0.25526,0.06126,0.03411,0.04517,0.05483
0.11795,0.10053,0.13277,0.11516,0.15029,0.15465,0.06193,0.04175,0.06328,0.06168
0.12576,0.08708,0.12688,0.11589,0.15186,0.18393,0.06101,0.03973,0.05257,0.05529
0.11570,0.08286,0.12050,0.11250,0.14621,0.18154,0.07214,0.04308,0.06276,0.06272
0.12509,0.10011,0.11553,0.13542,0.15719,0.15573,0.08527,0.03317,0.04297,0.04951
0.13338,0.08251,0.11924,0.12627,0.15842,0.14391,0.05456,0.04309,0.07068,0.06793
0.10780,0.08712,0.12071,0.10669,0.13865,0.09816,0.13650,0.06405,0.06938,0.07094
0.12620,0.09755,0.13083,0.11412,0.15348,0.08207,0.11709,0.05256,0.06212,0.06398
0.11051,0.08564,0.11088,0.10599,0.12210,0.27093,0.05555,0.03531,0.04914,0.05394
0.11899,0.10126,0.11947,0.10406,0.12052,0.09774,0.13197,0.05818,0.07245,0.07535
0.14267,0.11693,0.12716,0.10448,0.11782,0.13594,0.07576,0.04249,0.06582,0.07092
0.10126,0.08528,0.10679,0.10305,0.12791,0.24279,0.05563,0.04299,0.06460,0.06969
0.13639,0.08361,0.13706,0.14770,0.18104,0.13511,0.05323,0.03802,0.04216,0.04569
0.12870,0.09482,0.11658,0.12089,0.14285,0.20974,0.05114,0.03626,0.04619,0.05283
0.16252,0.11484,0.15254,0.16067,0.19512,0.06248,0.05033,0.02840,0.03538,0.03771
0.10006,0.09947,0.10566,0.08857,0.09452,0.31736,0.06176,0.03313,0.04622,0.05325
0.10365,0.08943,0.10992,0.09853,0.11642,0.14183,0.12590,0.05942,0.07627,0.07863
0.14342,0.10977,0.13719,0.15004,0.17338,0.08653,0.05077,0.03658,0.05584,0.05648
0.13097,0.09115,0.12369,0.12307,0.12945,0.20299,0.05772,0.03517,0.04841,0.05738
0.11981,0.10680,0.13490,0.11325,0.13721,0.13568,0.08917,0.04723,0.05409,0.06185
0.05951,0.06186,0.08031,0.05869,0.07024,0.52291,0.03788,0.02647,0.03897,0.04317
0.10690,0.10525,0.12149,0.10794,0.12606,0.22862,0.05425,0.03728,0.05599,0.05623
0.13818,0.10634,0.13235,0.12643,0.15342,0.13923,0.05980,0.03786,0.05149,0.05491
0.12886,0.08888,0.11662,0.13095,0.15269,0.17056,0.07450,0.03742,0.04636,0.05316
0.13999,0.11253,0.15512,0.13531,0.16057,0.10126,0.05209,0.03708,0.04976,0.05630
0.11380,0.08987,0.10578,0.10063,0.12068,0.20861,0.09110,0.04558,0.05888,0.06507
0.08897,0.08121,0.10995,0.09824,0.11036,0.35850,0.03619,0.02674,0.04279,0.04706
0.12202,0.10616,0.14040,0.11134,0.14447,0.18209,0.05168,0.03743,0.05391,0.05050
0.11879,0.09721,0.13505,0.11411,0.14693,0.17680,0.07400,0.03654,0.04932,0.05125
0.12904,0.09419,0.11923,0.11691,0.15287,0.14346,0.05778,0.04298,0.07364,0.06990
0.12235,0.09161,0.12026,0.11517,0.12872,0.17268,0.08395,0.05038,0.05087,0.06402
0.11735,0.13458,0.17229,0.13649,0.13173,0.14206,0.04567,0.03215,0.04442,0.04326
0.13145,0.08532,0.11695,0.13695,0.15160,0.15555,0.07824,0.04162,0.04595,0.05636
0.10843,0.10915,0.14312,0.09177,0.13031,0.23254,0.04797,0.03145,0.05080,0.05446
0.10905,0.09034,0.13599,0.12334,0.16226,0.18693,0.06291,0.03691,0.04107,0.05120
0.15211,0.10262,0.13973,0.13119,0.16285,0.12211,0.04868,0.03708,0.05334,0.05028
0.10548,0.09235,0.13154,0.09899,0.11261,0.18016,0.10461,0.05496,0.05765,0.06166
0.11695,0.09097,0.11949,0.11727,0.12054,0.18244,0.08637,0.04766,0.05713,0.06118
0.09462,0.09157,0.11353,0.10314,0.11853,0.25655,0.06171,0.04021,0.05787,0.06227
0.13406,0.12940,0.15336,0.12799,0.14924,0.10601,0.06293,0.03784,0.04649,0.05268
0.13462,0.12514,0.15456,0.10773,0.12632,0.10771,0.07984,0.04779,0.05473,0.06156
0.12775,0.11684,0.12441,0.12084,0.14998,0.11633,0.07409,0.04314,0.06395,0.06266
0.10365,0.08732,0.11712,0.09126,0.10439,0.26824,0.05941,0.04291,0.05824,0.06746
0.16065,0.11411,0.11876,0.10590,0.13054,0.12814,0.06282,0.04280,0.06937,0.06690
0.10539,0.09509,0.12029,0.10443,0.11981,0.24879,0.05937,0.03739,0.05044,0.05898
0.10091,0.08232,0.11771,0.10883,0.12903,0.20876,0.08299,0.04715,0.05853,0.06378
0.10393,0.09678,0.12601,0.10653,0.14207,0.13619,0.11194,0.04958,0.05878,0.06819
0.15200,0.12101,0.16722,0.12079,0.15632,0.10427,0.05736,0.03358,0.04087,0.04658
0.11040,0.08302,0.11244,0.09811,0.11858,0.30006,0.05024,0.03050,0.04520,0.05146
0.13038,0.10127,0.13764,0.13391,0.16237,0.18729,0.04169,0.02742,0.03859,0.03945
0.12703,0.09881,0.11463,0.12784,0.14917,0.11474,0.10108,0.05013,0.05473,0.06185
0.10388,0.08435,0.11075,0.09917,0.12197,0.26388,0.05724,0.03835,0.05683,0.06358
0.13707,0.11485,0.13973,0.13698,0.15827,0.08321,0.08047,0.04457,0.05100,0.05385
0.08634,0.07794,0.09737,0.07905,0.09201,0.33304,0.06602,0.03953,0.05854,0.07015
0.10667,0.08477,0.11505,0.09399,0.11022,0.24386,0.07945,0.04288,0.05523,0.06789
0.14111,0.10576,0.14394,0.14017,0.17951,0.12918,0.05067,0.02692,0.03810,0.04461
0.10692,0.09134,0.10564,0.10629,0.11981,0.18552,0.05723,0.05430,0.08853,0.08443
0.11242,0.08937,0.12841,0.10554,0.12979,0.19168,0.07281,0.04460,0.06125,0.06413
0.16093,0.10948,0.15261,0.16162,0.19173,0.10114,0.03827,0.02463,0.02648,0.03310
0.10115,0.09543,0.11812,0.09520,0.12758,0.12600,0.13557,0.06510,0.06633,0.06953
0.12208,0.09766,0.13514,0.12984,0.15394,0.19220,0.04462,0.03154,0.04437,0.04860
0.11064,0.09962,0.12773,0.09895,0.14352,0.12947,0.10160,0.05421,0.06402,0.07023
0.07575,0.05955,0.08431,0.06331,0.08226,0.33008,0.10613,0.04744,0.07461,0.07657
0.09941,0.08377,0.09692,0.08608,0.10236,0.29230,0.05824,0.04058,0.06369,0.07666
0.11807,0.09987,0.12706,0.10405,0.14296,0.11587,0.08671,0.05461,0.07453,0.07626
0.10700,0.10353,0.12580,0.09812,0.12329,0.17387,0.08118,0.05060,0.06488,0.07173
0.10411,0.11197,0.14656,0.13802,0.13389,0.19704,0.04583,0.03210,0.04470,0.04578
0.14692,0.08700,0.14919,0.15020,0.18967,0.09845,0.04529,0.03022,0.05320,0.04986
0.11683,0.08211,0.12057,0.12141,0.15318,0.22138,0.05252,0.03104,0.05027,0.05070
0.12012,0.08916,0.11153,0.11360,0.11685,0.21659,0.05847,0.04367,0.06413,0.06587
0.12819,0.09294,0.16559,0.10448,0.13104,0.16735,0.07847,0.03773,0.04318,0.05103
0.10182,0.07620,0.11100,0.09736,0.11611,0.33121,0.04763,0.02994,0.04257,0.04616
0.11070,0.07852,0.10148,0.09794,0.11203,0.28971,0.05713,0.03834,0.05381,0.06033
0.10643,0.09271,0.11637,0.09881,0.12722,0.21399,0.08027,0.04477,0.05996,0.05948
0.11981,0.09735,0.12148,0.11830,0.14106,0.14799,0.07558,0.05178,0.06434,0.06231
0.12133,0.09691,0.13556,0.11707,0.13756,0.20588,0.06024,0.03265,0.04661,0.04618
0.12501,0.11019,0.14420,0.11493,0.14313,0.16529,0.05395,0.03792,0.05119,0.05419
0.14209,0.11154,0.15662,0.12950,0.15803,0.10207,0.05200,0.03479,0.05962,0.05373
0.12106,0.08442,0.14702,0.10537,0.12090,0.16635,0.09470,0.04513,0.05278,0.06227
0.09844,0.09448,0.10658,0.08819,0.10854,0.28647,0.07359,0.04042,0.04577,0.05752
0.12890,0.12476,0.14708,0.11993,0.14277,0.12512,0.06590,0.03899,0.05110,0.05545
0.10187,0.09023,0.12672,0.10018,0.11725,0.22909,0.06836,0.04349,0.05934,0.06347
0.08602,0.07612,0.10396,0.10085,0.11298,0.27274,0.07771,0.04769,0.05793,0.06398
0.11744,0.10044,0.13239,0.11903,0.14596,0.13663,0.07612,0.04757,0.06046,0.06396
0.12256,0.11335,0.13716,0.11697,0.14761,0.15152,0.07019,0.03788,0.04803,0.05473
0.13000,0.10819,0.13270,0.11951,0.13757,0.18795,0.05224,0.03186,0.04660,0.05338
0.11058,0.11443,0.16076,0.12814,0.16703,0.14102,0.06182,0.03040,0.04181,0.04402
0.13589,0.10199,0.14005,0.11733,0.15255,0.09343,0.06088,0.04594,0.07704,0.07490
0.11076,0.09166,0.12349,0.11321,0.12448,0.20669,0.04793,0.04373,0.07080,0.06724
0.11465,0.08776,0.11571,0.09274,0.12348,0.28336,0.06739,0.03063,0.04059,0.04369
0.14433,0.10914,0.13738,0.13444,0.14876,0.15502,0.04881,0.03161,0.04193,0.04857
0.13356,0.10164,0.13991,0.12102,0.14965,0.13817,0.06829,0.03682,0.05439,0.05656
0.08220,0.07819,0.09179,0.07809,0.09564,0.42815,0.03960,0.02696,0.03638,0.04301
0.06539,0.06109,0.08065,0.05221,0.06729,0.46035,0.04831,0.03788,0.06382,0.06302
0.13806,0.11136,0.14168,0.12180,0.13874,0.16864,0.04632,0.03092,0.04881,0.05367
0.08990,0.08004,0.09522,0.07197,0.08108,0.41982,0.05313,0.02875,0.03372,0.04636
0.11016,0.09927,0.13465,0.10656,0.13260,0.11189,0.08247,0.05401,0.08160,0.08680
0.07578,0.05249,0.07096,0.07977,0.09390,0.41090,0.04005,0.03792,0.06827,0.06996
0.10493,0.07995,0.11028,0.08910,0.11611,0.23438,0.09453,0.04590,0.05958,0.06524
0.09981,0.10868,0.14958,0.12046,0.12060,0.21287,0.05951,0.03482,0.04694,0.04672
0.11667,0.09007,0.12768,0.12016,0.13120,0.16660,0.07212,0.04660,0.06359,0.06530
0.11252,0.08930,0.12094,0.11227,0.12576,0.21190,0.07320,0.04283,0.05261,0.05867
0.12318,0.10645,0.14314,0.11922,0.14504,0.20869,0.05610,0.02680,0.03378,0.03759
0.13100,0.10802,0.13268,0.11002,0.12207,0.11474,0.09819,0.05040,0.06413,0.06875
0.10112,0.08836,0.11729,0.09924,0.10763,0.15445,0.10922,0.05750,0.07663,0.08857
0.12487,0.09692,0.12502,0.11275,0.12810,0.18226,0.08520,0.04343,0.04906,0.05239
0.10158,0.09609,0.12171,0.10156,0.13434,0.13468,0.11460,0.05734,0.06886,0.06923
0.09045,0.09969,0.12297,0.08252,0.10122,0.33509,0.04241,0.03213,0.04732,0.04620
0.08994,0.07842,0.08511,0.07424,0.08783,0.10990,0.21150,0.08883,0.09222,0.08202
0.12504,0.09666,0.13364,0.11408,0.14273,0.16886,0.06575,0.03883,0.05573,0.05868
0.13348,0.10737,0.14014,0.13761,0.17562,0.12122,0.05813,0.03260,0.04575,0.04808
0.13446,0.12472,0.15901,0.14684,0.18301,0.09355,0.04932,0.03126,0.03741,0.04041
0.08171,0.07868,0.09158,0.07703,0.09640,0.20876,0.09715,0.06596,0.10047,0.10227
0.08803,0.07323,0.08802,0.08027,0.10268,0.40852,0.05147,0.02672,0.03553,0.04555
0.10251,0.07982,0.10589,0.11513,0.13404,0.23225,0.06060,0.03682,0.06890,0.06405
0.11605,0.10997,0.13314,0.10351,0.12756,0.19112,0.05226,0.04123,0.06223,0.06295
0.07610,0.06697,0.10226,0.09286,0.11486,0.42002,0.04457,0.02156,0.02872,0.03208
0.15705,0.10869,0.14068,0.16125,0.20036,0.10372,0.03264,0.02510,0.03710,0.03340
0.11885,0.11009,0.13802,0.10753,0.13599,0.13027,0.05818,0.04708,0.07958,0.07442
0.07904,0.07317,0.08791,0.08054,0.09170,0.31967,0.11364,0.04352,0.05505,0.05576
0.13193,0.09531,0.11788,0.10575,0.13061,0.18857,0.06514,0.04417,0.05557,0.06508
0.12361,0.09825,0.16250,0.11680,0.13665,0.10691,0.07770,0.04855,0.06365,0.06536
0.12629,0.10758,0.14992,0.12658,0.14646,0.14510,0.05759,0.03426,0.05101,0.05522
0.13582,0.10954,0.11012,0.09319,0.11062,0.18235,0.04929,0.04522,0.08382,0.08003
0.10426,0.09453,0.12848,0.10359,0.13235,0.20037,0.06205,0.05061,0.06625,0.05750
0.14280,0.08778,0.09950,0.09191,0.12869,0.22584,0.05101,0.03992,0.06658,0.06598
0.10935,0.07599,0.09979,0.09435,0.11078,0.28195,0.06955,0.04122,0.05898,0.05804
0.11076,0.09671,0.13865,0.12162,0.15536,0.08478,0.08964,0.05652,0.07210,0.07386
0.09375,0.09085,0.13408,0.11368,0.11793,0.26803,0.06321,0.03296,0.04145,0.04407
0.11823,0.09238,0.11356,0.11459,0.13545,0.21490,0.06496,0.03961,0.04942,0.05690
0.13589,0.11592,0.15453,0.12879,0.14188,0.08741,0.09041,0.04193,0.05252,0.05072
0.14458,0.10380,0.14310,0.14093,0.16472,0.10488,0.07463,0.03455,0.04259,0.04622
0.12452,0.09507,0.12545,0.12245,0.17551,0.16708,0.06174,0.03602,0.04350,0.04867
0.11665,0.09580,0.11907,0.12058,0.13996,0.14577,0.09564,0.04996,0.05734,0.05923
0.12692,0.12043,0.16070,0.13681,0.17605,0.11939,0.05448,0.02912,0.03490,0.04120
0.12475,0.09775,0.13624,0.12454,0.14945,0.15753,0.08161,0.03910,0.04229,0.04674
0.12373,0.10134,0.12412,0.10646,0.12068,0.17797,0.06993,0.04394,0.06323,0.06858
0.15881,0.09526,0.13798,0.17601,0.18511,0.07415,0.05973,0.03583,0.03771,0.03941
0.11653,0.12168,0.12227,0.10392,0.13640,0.16767,0.08208,0.04074,0.05281,0.05591
0.13401,0.11935,0.16550,0.13694,0.17020,0.08825,0.04752,0.03657,0.05142,0.05023
0.12427,0.09999,0.12305,0.12656,0.15363,0.12437,0.06724,0.04836,0.06252,0.07001
0.09084,0.07623,0.08758,0.07471,0.08802,0.32113,0.07229,0.05062,0.06416,0.07441
0.12604,0.09735,0.12740,0.11990,0.13171,0.14762,0.06551,0.04402,0.07008,0.07037
0.13590,0.09267,0.14122,0.13258,0.16523,0.12211,0.06196,0.03838,0.05262,0.05734
0.10654,0.10008,0.12340,0.10301,0.12484,0.20494,0.06616,0.04345,0.05914,0.06844
0.08872,0.07439,0.09844,0.09687,0.11721,0.34488,0.05163,0.03377,0.04038,0.05371
0.11397,0.09417,0.12258,0.10361,0.12525,0.14172,0.10549,0.05219,0.06706,0.07397
0.13702,0.13419,0.15863,0.12764,0.15243,0.08715,0.06594,0.04148,0.04764,0.04790
0.08811,0.08098,0.10305,0.08221,0.10688,0.16326,0.12316,0.06656,0.08841,0.09738
0.12304,0.10563,0.13012,0.12553,0.15971,0.15949,0.04468,0.03669,0.06172,0.05339
0.13079,0.09233,0.13260,0.11358,0.14239,0.21686,0.04294,0.03443,0.04514,0.04894
0.12546,0.08909,0.12457,0.12448,0.15406,0.20456,0.05536,0.03271,0.04226,0.04745
0.10121,0.07988,0.11352,0.10857,0.14777,0.31281,0.04598,0.02392,0.02831,0.03802
0.11193,0.09389,0.11883,0.10922,0.13426,0.24429,0.04984,0.03319,0.04810,0.05646
0.08746,0.08045,0.09794,0.08019,0.10456,0.37991,0.05065,0.03028,0.03966,0.04892
0.11647,0.07629,0.09748,0.12416,0.14364,0.27616,0.04447,0.03045,0.04524,0.04565
0.12324,0.09612,0.12942,0.13036,0.14282,0.22911,0.04267,0.02700,0.03653,0.04274
0.09780,0.07677,0.09113,0.09164,0.11245,0.38000,0.03523,0.02662,0.04145,0.04691
0.13854,0.08856,0.13990,0.14294,0.17283,0.17799,0.04869,0.02348,0.03175,0.03534
0.09599,0.07922,0.10798,0.09557,0.11541,0.28304,0.06610,0.04087,0.05668,0.05913
0.14587,0.10285,0.14807,0.13634,0.16119,0.17388,0.04187,0.02484,0.03085,0.03425
0.14220,0.09132,0.13807,0.14620,0.17196,0.11681,0.07821,0.03214,0.04374,0.03935
0.14283,0.09413,0.14349,0.13166,0.16511,0.13758,0.05997,0.03389,0.04165,0.04970
0.12401,0.09998,0.14467,0.12082,0.15112,0.17259,0.04612,0.03634,0.04970,0.05465
0.11602,0.08678,0.12163,0.12354,0.18337,0.21298,0.04767,0.02911,0.03469,0.04423
0.11610,0.09707,0.13357,0.11980,0.13054,0.15341,0.07916,0.04595,0.06106,0.06334
0.11099,0.09369,0.11065,0.09386,0.11173,0.17297,0.11873,0.05514,0.06523,0.06701
0.11528,0.08619,0.12337,0.10477,0.14071,0.24091,0.03800,0.03446,0.06124,0.05506
0.13669,0.09908,0.14858,0.13836,0.15846,0.16391,0.05558,0.02693,0.03572,0.03668
0.12744,0.10009,0.13823,0.11829,0.14417,0.13184,0.06761,0.04607,0.06191,0.06436
0.11949,0.10268,0.13478,0.11203,0.13318,0.10232,0.10556,0.05018,0.07053,0.06926
0.11087,0.08894,0.12507,0.09542,0.11599,0.22887,0.07761,0.04576,0.05141,0.06007
0.13306,0.11279,0.14997,0.13400,0.17478,0.06559,0.08341,0.04485,0.05011,0.05144
0.10406,0.06767,0.10260,0.09231,0.11193,0.23999,0.05489,0.04885,0.09070,0.08701
0.15625,0.10543,0.11323,0.10761,0.12739,0.20964,0.05210,0.03203,0.04518,0.05114
0.10632,0.09189,0.12696,0.10902,0.12871,0.23789,0.06691,0.03468,0.04725,0.05036
0.14568,0.10621,0.12704,0.10728,0.12557,0.14170,0.05377,0.04543,0.07519,0.07212
0.08965,0.07652,0.09356,0.07887,0.09849,0.24866,0.07768,0.05519,0.08685,0.09454
0.11703,0.09963,0.13799,0.11119,0.14062,0.17553,0.05100,0.04055,0.06142,0.06505
0.11785,0.07621,0.10119,0.11616,0.12780,0.25717,0.05602,0.03801,0.05276,0.05683
0.11999,0.10130,0.11595,0.11615,0.13097,0.22271,0.06030,0.03559,0.04395,0.05307
0.10569,0.08561,0.11185,0.09445,0.12077,0.25823,0.06295,0.03822,0.06045,0.06177
0.12574,0.11363,0.12136,0.10736,0.12211,0.21163,0.05218,0.03572,0.05435,0.05593
0.12264,0.09021,0.11929,0.11435,0.13653,0.20281,0.06517,0.03735,0.05272,0.05894
0.12319,0.09499,0.12950,0.12772,0.14045,0.14763,0.08770,0.04071,0.05683,0.05128
0.08770,0.08256,0.10803,0.09893,0.11771,0.33983,0.04650,0.02876,0.04351,0.04648
0.13068,0.10318,0.13267,0.12091,0.14240,0.17339,0.06761,0.03425,0.04456,0.05036
0.13201,0.13379,0.15816,0.09508,0.12759,0.10678,0.07079,0.04935,0.06333,0.06311
0.12539,0.10606,0.13486,0.11591,0.14121,0.18085,0.06128,0.03580,0.04796,0.05068
0.10482,0.09171,0.11384,0.09584,0.11375,0.28712,0.05207,0.03229,0.05508,0.05349
0.12303,0.10492,0.11602,0.11748,0.13952,0.17873,0.06143,0.03807,0.06123,0.05957
0.09435,0.09233,0.10420,0.08853,0.09951,0.20495,0.07788,0.06244,0.08797,0.08784
0.12403,0.09884,0.13441,0.11740,0.15623,0.16795,0.06255,0.04036,0.04482,0.05341
0.14550,0.10056,0.13651,0.13702,0.15652,0.16597,0.04901,0.03040,0.03634,0.04217
0.10504,0.07396,0.10314,0.10060,0.11992,0.32974,0.04542,0.03091,0.04268,0.04860
0.11419,0.11310,0.15468,0.12937,0.16901,0.10580,0.07783,0.03836,0.04851,0.04916
0.09558,0.08018,0.10926,0.10304,0.12642,0.15530,0.12714,0.06199,0.06736,0.07373
0.10245,0.08348,0.12395,0.12311,0.16873,0.22150,0.06346,0.03100,0.03721,0.04511
0.12755,0.12007,0.15567,0.12064,0.14494,0.16731,0.05215,0.02979,0.04082,0.04106
0.12660,0.10463,0.12476,0.10357,0.11662,0.22431,0.05338,0.03602,0.05491,0.05520
0.13210,0.10278,0.13772,0.11986,0.13451,0.11741,0.07401,0.04611,0.06847,0.06704
0.13238,0.10765,0.15504,0.14092,0.17862,0.14219,0.04728,0.02886,0.03209,0.03496
0.12315,0.09039,0.13746,0.12440,0.14812,0.19080,0.05549,0.03123,0.04821,0.05075
0.11585,0.09859,0.11504,0.11115,0.12794,0.17229,0.07653,0.04515,0.06778,0.06968
0.13079,0.11020,0.15511,0.12813,0.16699,0.09745,0.08075,0.03834,0.04621,0.04603
0.10365,0.08525,0.12198,0.09618,0.11304,0.13847,0.14358,0.06102,0.06552,0.07131
0.10361,0.09404,0.12230,0.10809,0.12146,0.23548,0.05071,0.04078,0.06133,0.06222
0.09929,0.08605,0.10996,0.09692,0.11896,0.18465,0.08376,0.05448,0.07834,0.08758
0.10058,0.07994,0.11226,0.10393,0.12572,0.27296,0.06586,0.03820,0.04787,0.05267
0.12963,0.10298,0.11898,0.11464,0.17509,0.12498,0.07607,0.04547,0.05127,0.06089
0.09093,0.07144,0.09112,0.08935,0.09698,0.33414,0.06376,0.04051,0.05661,0.06517
0.06811,0.06134,0.07617,0.05895,0.06549,0.38416,0.05235,0.05122,0.09079,0.09143
0.12019,0.09416,0.11897,0.13084,0.15156,0.13830,0.09784,0.04143,0.05163,0.05507
0.11158,0.08923,0.11412,0.10528,0.13310,0.22885,0.07142,0.04137,0.05157,0.05347
0.10466,0.10316,0.12490,0.09962,0.13587,0.12926,0.09454,0.05641,0.07289,0.07870
0.09316,0.07891,0.10916,0.09100,0.10457,0.26568,0.07517,0.04253,0.06485,0.07495
0.15180,0.10820,0.13331,0.16197,0.18195,0.13990,0.03684,0.02175,0.03090,0.03339
0.13997,0.11051,0.14251,0.14481,0.19618,0.11730,0.04684,0.03107,0.03339,0.03742
0.10558,0.10112,0.13946,0.09978,0.14699,0.17249,0.08310,0.04073,0.05173,0.05903
0.19089,0.13879,0.13780,0.09904,0.11979,0.09573,0.06440,0.03291,0.05931,0.06133
0.12476,0.09028,0.11587,0.11545,0.12267,0.26408,0.05426,0.02995,0.03510,0.04757
0.12738,0.10991,0.13055,0.14358,0.16899,0.15712,0.05563,0.02887,0.03432,0.04365
0.12030,0.10312,0.12317,0.09317,0.11420,0.16276,0.09015,0.05031,0.06878,0.07406
0.13552,0.10291,0.14284,0.13485,0.18609,0.09689,0.06501,0.03371,0.04537,0.05681
0.10968,0.09192,0.12441,0.09373,0.10808,0.19022,0.05969,0.05071,0.08553,0.08604
0.11655,0.09914,0.11403,0.11320,0.13245,0.21753,0.06154,0.03826,0.04973,0.05757
0.12662,0.10821,0.15180,0.13601,0.16197,0.14857,0.04983,0.03173,0.04172,0.04354
0.08897,0.10272,0.13575,0.11300,0.11232,0.23074,0.07275,0.03809,0.05124,0.05443
0.12763,0.08442,0.12217,0.12766,0.14976,0.20807,0.05764,0.02983,0.04509,0.04774
0.09521,0.08133,0.10998,0.09520,0.11255,0.26771,0.08346,0.04266,0.05695,0.05495
0.11023,0.09422,0.11951,0.11113,0.14677,0.22009,0.05814,0.03695,0.04878,0.05418
0.10713,0.08627,0.12688,0.11691,0.15192,0.19060,0.07836,0.04083,0.05013,0.05098
0.11059,0.08939,0.12131,0.12086,0.14141,0.23261,0.04737,0.03230,0.05286,0.05132
0.11117,0.09955,0.12645,0.10612,0.12227,0.17975,0.09510,0.04481,0.05556,0.05922
0.11126,0.09066,0.10484,0.10757,0.11997,0.17269,0.10159,0.05397,0.06667,0.07078
0.14225,0.10326,0.13484,0.12750,0.14629,0.17081,0.05198,0.03645,0.04279,0.04382
0.11383,0.10206,0.13159,0.09725,0.13492,0.14264,0.07416,0.05251,0.07330,0.07775
0.10011,0.08545,0.11213,0.08820,0.10607,0.12748,0.11409,0.07001,0.09611,0.10035
0.13246,0.10062,0.12124,0.12922,0.14099,0.16071,0.07515,0.03938,0.04755,0.05268
0.09771,0.06936,0.09682,0.08818,0.10253,0.13525,0.16790,0.07795,0.08002,0.08429
0.14491,0.08157,0.14328,0.16024,0.18976,0.12928,0.04141,0.02515,0.04161,0.04279
0.11431,0.09369,0.12328,0.10963,0.13175,0.20084,0.05686,0.04154,0.06188,0.06623
0.11774,0.09349,0.11926,0.10977,0.13746,0.17867,0.07933,0.04144,0.06056,0.06227
0.11109,0.08419,0.11084,0.11778,0.15149,0.16027,0.08594,0.05117,0.05890,0.06832
0.10127,0.09743,0.12007,0.09314,0.11382,0.26191,0.06398,0.03680,0.05607,0.05552
0.15667,0.10422,0.14182,0.12828,0.14163,0.13938,0.06049,0.03367,0.04570,0.04814
0.12267,0.10168,0.12480,0.11564,0.13623,0.18078,0.07179,0.03981,0.05140,0.05521
0.09029,0.07554,0.10429,0.09107,0.10399,0.18509,0.13159,0.05953,0.07682,0.08179
0.15213,0.11157,0.14284,0.15771,0.17184,0.08666,0.06107,0.03125,0.03936,0.04558
0.14278,0.10766,0.16705,0.12106,0.15837,0.12499,0.04832,0.03308,0.05052,0.04616
0.12816,0.11307,0.13756,0.12107,0.14371,0.13287,0.05674,0.04387,0.06230,0.06064
0.14273,0.10447,0.14480,0.13679,0.16744,0.11752,0.06456,0.03181,0.04320,0.04667
0.11403,0.09384,0.12473,0.11999,0.14314,0.21260,0.06195,0.03522,0.04511,0.04939
0.13175,0.09394,0.13953,0.12516,0.15020,0.13023,0.06193,0.04008,0.06463,0.06257
0.08739,0.07496,0.10109,0.07821,0.09670,0.32796,0.06574,0.04209,0.05710,0.06876
0.11625,0.10070,0.13279,0.10472,0.12898,0.16905,0.06215,0.04486,0.07034,0.07016
0.12320,0.08691,0.11996,0.12622,0.16452,0.16745,0.06686,0.03789,0.05202,0.05498
0.14112,0.13206,0.13339,0.12946,0.16613,0.15280,0.04309,0.02682,0.03492,0.04021
0.08485,0.08370,0.11335,0.10889,0.12965,0.33149,0.04461,0.02887,0.03543,0.03915
0.08429,0.06329,0.09717,0.08200,0.09360,0.36364,0.06520,0.03502,0.05484,0.06095
0.12190,0.09972,0.12466,0.13839,0.15500,0.19599,0.04845,0.03049,0.03994,0.04547
0.11835,0.08536,0.10573,0.12078,0.14512,0.22625,0.06407,0.03495,0.04499,0.05439
0.12820,0.10191,0.13747,0.13014,0.15797,0.15502,0.05429,0.03707,0.04763,0.05030
0.16157,0.12384,0.14412,0.15853,0.19539,0.08587,0.04704,0.02431,0.02903,0.03030
0.09573,0.07290,0.09822,0.10033,0.11271,0.29000,0.07183,0.04070,0.05357,0.06402
0.11717,0.07628,0.11180,0.10820,0.12010,0.29204,0.05405,0.03021,0.04273,0.04741
0.11015,0.10161,0.12726,0.10345,0.13040,0.18798,0.06250,0.04025,0.06733,0.06908
0.11239,0.09148,0.12321,0.09370,0.11609,0.17323,0.06962,0.05208,0.08957,0.07864
0.14841,0.08997,0.14103,0.14280,0.18126,0.08354,0.05482,0.03701,0.06574,0.05541
0.10597,0.08064,0.10816,0.10576,0.12221,0.32693,0.04292,0.02719,0.03807,0.04215
0.11173,0.09766,0.11414,0.10654,0.12498,0.10401,0.10902,0.06547,0.08039,0.08606
0.11763,0.10298,0.13123,0.10121,0.12176,0.19820,0.05617,0.04589,0.06372,0.06122
0.10513,0.09119,0.11292,0.10489,0.11972,0.21944,0.07145,0.04277,0.06219,0.07030
0.15759,0.11505,0.14729,0.15411,0.16843,0.08840,0.05971,0.03253,0.03639,0.04049
0.16616,0.09427,0.14021,0.17260,0.17313,0.13572,0.03357,0.02114,0.03078,0.03243
0.16553,0.13026,0.13079,0.10202,0.11426,0.13099,0.06857,0.03682,0.05725,0.06351
0.08549,0.08094,0.10791,0.09285,0.11853,0.29185,0.06737,0.03985,0.05268,0.06253
0.13290,0.11667,0.13989,0.13142,0.15057,0.14739,0.05855,0.03507,0.04316,0.04439
0.09150,0.07644,0.11353,0.11550,0.17159,0.27679,0.05132,0.02973,0.03455,0.03905
0.13174,0.10531,0.15157,0.14466,0.16171,0.15329,0.04264,0.03017,0.03900,0.03992
0.11335,0.08283,0.10490,0.09651,0.10933,0.31711,0.05004,0.03080,0.04465,0.05049
0.12112,0.10592,0.14200,0.12484,0.14138,0.19199,0.04916,0.03085,0.04518,0.04756
0.14106,0.09881,0.14540,0.12665,0.16415,0.13127,0.06164,0.03512,0.04433,0.05158
0.09812,0.08225,0.12046,0.08782,0.11210,0.30378,0.06001,0.03640,0.04351,0.05556
0.13494,0.10890,0.14193,0.12969,0.16228,0.07619,0.08158,0.04450,0.06021,0.05979
0.13138,0.08630,0.12629,0.13191,0.15676,0.18857,0.05485,0.03184,0.03972,0.05239
0.12396,0.08989,0.10361,0.11526,0.12580,0.27190,0.04792,0.02964,0.04329,0.04873
0.09664,0.08857,0.11758,0.09192,0.11435,0.21076,0.06381,0.05314,0.07914,0.08410
0.14281,0.11546,0.15469,0.13021,0.16209,0.12506,0.04966,0.03364,0.04072,0.04566
0.14147,0.11808,0.14549,0.13134,0.15900,0.12299,0.05973,0.03656,0.03993,0.04541
0.10032,0.10038,0.12412,0.08534,0.09272,0.13513,0.06374,0.06927,0.12357,0.10541
0.13759,0.10795,0.14947,0.14795,0.20152,0.10319,0.04677,0.02864,0.03513,0.04178
0.12479,0.09512,0.13376,0.11843,0.15979,0.18518,0.05286,0.03369,0.04502,0.05137
0.12835,0.09363,0.14663,0.12419,0.14849,0.10264,0.05824,0.04930,0.07471,0.07382
0.15155,0.10425,0.14544,0.14411,0.16556,0.09893,0.06761,0.03536,0.04297,0.04422
0.10293,0.10240,0.10493,0.09033,0.09627,0.32000,0.05192,0.03199,0.04920,0.05004
0.11589,0.09586,0.11557,0.11536,0.12539,0.19304,0.07315,0.04476,0.05868,0.06231
0.12467,0.10092,0.12173,0.11936,0.13739,0.11111,0.09931,0.05824,0.06089,0.06639
0.09255,0.08891,0.09134,0.08406,0.09829,0.19399,0.11900,0.06254,0.08322,0.08611
0.13013,0.09652,0.13545,0.13287,0.14979,0.12710,0.07195,0.04411,0.05446,0.05763
