0.01103,0.44389,0.35603,0.01145,0.00528,0.09748,0.03641,0.03843
0.03491,0.22380,0.22493,0.03487,0.01839,0.02793,0.21257,0.22260
0.01348,0.46232,0.19857,0.01268,0.01196,0.28033,0.00954,0.01111
0.01938,0.32789,0.13003,0.01727,0.00838,0.21314,0.14000,0.14391
0.00976,0.20249,0.37187,0.00920,0.20473,0.03585,0.07824,0.08787
0.01165,0.24413,0.33460,0.01024,0.23102,0.13401,0.01695,0.01740
0.02010,0.41434,0.32952,0.01852,0.01535,0.09841,0.05112,0.05264
0.02302,0.07146,0.13528,0.02886,0.27853,0.21919,0.12074,0.12292
0.07808,0.14142,0.24996,0.07402,0.18678,0.07638,0.09542,0.09795
0.36866,0.02822,0.02691,0.36821,0.04446,0.05119,0.05487,0.05748
0.02409,0.37330,0.31285,0.02420,0.06997,0.13505,0.02862,0.03193
0.03441,0.28554,0.36308,0.03145,0.15419,0.07565,0.02514,0.03054
0.00712,0.27211,0.33352,0.00798,0.08452,0.02972,0.13083,0.13421
0.02683,0.20670,0.38203,0.02343,0.23231,0.06006,0.03233,0.03632
0.05145,0.20108,0.34626,0.05379,0.21137,0.06718,0.03054,0.03832
0.27489,0.04559,0.12739,0.26520,0.09960,0.01893,0.07784,0.09055
0.17812,0.01585,0.28673,0.17321,0.29672,0.02258,0.01110,0.01568
0.31546,0.03794,0.09094,0.31226,0.08105,0.03670,0.06096,0.06468
0.00702,0.03141,0.06133,0.00705,0.43382,0.42510,0.01652,0.01775
0.35293,0.03974,0.10490,0.34716,0.08693,0.02897,0.01826,0.02111
0.01802,0.38143,0.38204,0.01824,0.04239,0.03861,0.05802,0.06124
0.01431,0.18860,0.19102,0.01459,0.16239,0.15711,0.13263,0.13937
0.07130,0.32019,0.31872,0.05896,0.07452,0.08653,0.03368,0.03611
0.05026,0.06306,0.04000,0.04742,0.28779,0.31378,0.09390,0.10379
0.02846,0.11434,0.22536,0.02768,0.19736,0.07595,0.16012,0.17074
0.01181,0.39226,0.23965,0.01178,0.07096,0.22750,0.01948,0.02657
0.00659,0.44899,0.40767,0.00739,0.02129,0.06830,0.01818,0.02158
0.00787,0.22452,0.37412,0.00792,0.20534,0.06132,0.05198,0.06693
0.03256,0.32250,0.32190,0.02819,0.02257,0.02776,0.11789,0.12664
0.00914,0.10216,0.01918,0.00876,0.00804,0.08969,0.37821,0.38482
0.01377,0.32935,0.33564,0.01456,0.01539,0.01563,0.13491,0.14075
0.16212,0.16952,0.13460,0.15535,0.01013,0.04060,0.16309,0.16458
0.03399,0.24130,0.17478,0.03707,0.05729,0.13820,0.15676,0.16060
0.01262,0.11681,0.09709,0.01639,0.02003,0.04064,0.34426,0.35217
0.33216,0.10804,0.09594,0.33059,0.02027,0.03711,0.04001,0.03588
0.03895,0.25689,0.30817,0.04174,0.17960,0.13245,0.01809,0.02411
0.03390,0.43837,0.30388,0.03465,0.02312,0.15358,0.00568,0.00683
0.00715,0.06842,0.06520,0.00655,0.40749,0.41696,0.01387,0.01435
0.01259,0.05009,0.15357,0.01101,0.42364,0.33297,0.00848,0.00765
0.04335,0.01234,0.10385,0.03868,0.27190,0.18461,0.16856,0.17671
0.37843,0.04318,0.02880,0.37689,0.04933,0.07542,0.02164,0.02631
0.01334,0.40618,0.33856,0.01586,0.01028,0.07318,0.06964,0.07295
0.01978,0.39180,0.27822,0.02000,0.06992,0.18148,0.01824,0.02056
0.01900,0.03139,0.03726,0.02087,0.02676,0.02172,0.41710,0.42590
0.02562,0.29896,0.31782,0.02667,0.09554,0.07507,0.07718,0.08313
0.08657,0.29453,0.32758,0.08476,0.03726,0.00970,0.07740,0.08220
0.01432,0.30000,0.29978,0.01720,0.02833,0.02957,0.15200,0.15880
0.01712,0.17561,0.45699,0.01479,0.28558,0.00960,0.01970,0.02062
0.03187,0.39733,0.26515,0.02662,0.05310,0.18092,0.02032,0.02468
0.01080,0.15308,0.11608,0.01056,0.08136,0.11314,0.25720,0.25778
0.01554,0.07512,0.23023,0.01772,0.22848,0.06656,0.17715,0.18919
0.07959,0.29489,0.30538,0.08257,0.01663,0.01199,0.10121,0.10774
0.32822,0.03649,0.11081,0.32247,0.10224,0.03839,0.02722,0.03416
0.02645,0.06943,0.14980,0.02681,0.37571,0.30740,0.02157,0.02283
0.17790,0.29464,0.09568,0.17901,0.01765,0.22106,0.00693,0.00712
0.35068,0.03917,0.04227,0.34807,0.04665,0.05179,0.05869,0.06267
0.04451,0.25210,0.32342,0.03923,0.12038,0.05175,0.08402,0.08459
0.40624,0.06133,0.04383,0.40487,0.01002,0.03542,0.01853,0.01976
0.02763,0.25205,0.19774,0.03175,0.13310,0.18238,0.08717,0.08818
0.07019,0.38459,0.39290,0.06853,0.01549,0.01460,0.02482,0.02887
0.01889,0.22660,0.16653,0.01474,0.02455,0.08246,0.22592,0.24031
0.00633,0.05207,0.14526,0.00542,0.42272,0.34580,0.00986,0.01254
0.01783,0.26857,0.20719,0.01738,0.01869,0.07428,0.19690,0.19916
0.19587,0.03400,0.03757,0.19274,0.03340,0.03673,0.23118,0.23852
0.02695,0.37230,0.41789,0.02669,0.06079,0.02232,0.03608,0.03698
0.03145,0.15231,0.15642,0.03686,0.04027,0.03072,0.27203,0.27995
0.07318,0.37008,0.35403,0.06790,0.01842,0.03324,0.03821,0.04495
0.01360,0.13731,0.08224,0.01427,0.00711,0.05201,0.34504,0.34843
0.02943,0.33579,0.34307,0.03202,0.01498,0.00877,0.11558,0.12035
0.01444,0.10919,0.03721,0.01399,0.32538,0.40579,0.04123,0.05277
0.38988,0.05346,0.05060,0.38901,0.01952,0.01990,0.03824,0.03938
0.01609,0.34375,0.42790,0.01677,0.10363,0.02400,0.03223,0.03563
0.03867,0.26611,0.26367,0.03593,0.00628,0.00851,0.18864,0.19219
0.02204,0.32699,0.36805,0.02199,0.06191,0.02922,0.08278,0.08702
0.09377,0.06027,0.05718,0.08431,0.31165,0.33205,0.02522,0.03555
0.02376,0.40163,0.37656,0.02445,0.03053,0.05126,0.04309,0.04872
0.02552,0.31019,0.31975,0.02895,0.01990,0.01267,0.13886,0.14416
0.04134,0.40717,0.14996,0.04371,0.02083,0.26922,0.02882,0.03895
0.07823,0.05651,0.05443,0.08084,0.22728,0.23664,0.12950,0.13657
0.01158,0.36437,0.19848,0.01081,0.08801,0.25217,0.03671,0.03787
0.17907,0.20551,0.25816,0.17953,0.07483,0.02412,0.03769,0.04110
0.01180,0.26560,0.03631,0.01073,0.01017,0.23350,0.21064,0.22126
0.00502,0.03049,0.02744,0.00509,0.45864,0.46470,0.00405,0.00458
0.01903,0.15850,0.30534,0.01932,0.19818,0.05593,0.11671,0.12700
0.14618,0.32598,0.27712,0.14680,0.01393,0.06332,0.01209,0.01457
0.16836,0.04241,0.09465,0.17156,0.27353,0.22428,0.01117,0.01404
0.01653,0.45485,0.34106,0.01489,0.01850,0.13377,0.00908,0.01130
0.35904,0.01487,0.13686,0.35201,0.12227,0.00392,0.00412,0.00690
0.32041,0.04863,0.12524,0.31898,0.09751,0.02852,0.02886,0.03185
0.02833,0.32033,0.30455,0.02324,0.01504,0.02905,0.13542,0.14403
0.02204,0.26860,0.22359,0.02143,0.04207,0.09116,0.16199,0.16910
0.01158,0.35829,0.48220,0.01148,0.12028,0.00681,0.00462,0.00474
0.05648,0.29467,0.27927,0.05517,0.11372,0.13516,0.03349,0.03204
0.09512,0.32221,0.23315,0.09527,0.04143,0.13167,0.03914,0.04202
0.01425,0.38224,0.40421,0.01428,0.04852,0.03196,0.04995,0.05457
0.02270,0.19937,0.31559,0.01991,0.16033,0.04474,0.11348,0.12388
0.19574,0.21167,0.19187,0.19458,0.02888,0.04626,0.06538,0.06561
0.03795,0.16842,0.18915,0.05207,0.18211,0.15923,0.10733,0.10374
0.01585,0.15599,0.15766,0.01411,0.01401,0.01514,0.31045,0.31679
0.01684,0.38040,0.33096,0.01558,0.03074,0.08726,0.06780,0.07042
0.07304,0.39696,0.11728,0.07101,0.02137,0.30164,0.00921,0.00949
0.07215,0.03211,0.05060,0.06704,0.30102,0.30471,0.08150,0.09087
0.34086,0.08566,0.04394,0.33832,0.02780,0.07601,0.04282,0.04459
0.01515,0.16786,0.22583,0.01298,0.06687,0.01166,0.24756,0.25209
0.03854,0.42755,0.43094,0.04072,0.01518,0.01378,0.01445,0.01884
0.00891,0.45892,0.12400,0.01036,0.01388,0.35628,0.01366,0.01399
0.04922,0.15499,0.24069,0.04616,0.10302,0.02108,0.18459,0.20026
0.02134,0.19178,0.27217,0.01957,0.19184,0.11157,0.09520,0.09654
0.02965,0.23912,0.31091,0.02941,0.09735,0.02880,0.13230,0.13247
0.07718,0.38781,0.12139,0.06872,0.01797,0.28396,0.01791,0.02505
0.22915,0.04975,0.02601,0.22956,0.05090,0.07334,0.17034,0.17096
0.01305,0.30124,0.24626,0.01418,0.02099,0.08182,0.15833,0.16413
0.01204,0.43977,0.38815,0.01016,0.03014,0.07978,0.02014,0.01983
0.18187,0.04129,0.17431,0.18647,0.19678,0.09816,0.05351,0.06760
0.20659,0.20325,0.19649,0.20857,0.03004,0.04220,0.05678,0.05607
0.00723,0.07370,0.06408,0.00704,0.01456,0.02058,0.40441,0.40840
0.00692,0.39961,0.14788,0.00646,0.01072,0.26177,0.08426,0.08239
0.01811,0.06727,0.04502,0.01774,0.39054,0.41466,0.02169,0.02498
0.34046,0.14505,0.02672,0.33150,0.00874,0.12942,0.00902,0.00909
0.02147,0.07089,0.04671,0.01724,0.33965,0.37671,0.05768,0.06965
0.00686,0.36851,0.36048,0.00746,0.02433,0.03527,0.09651,0.10059
0.02072,0.14514,0.41528,0.02319,0.28210,0.01441,0.04903,0.05013
0.00799,0.42052,0.45130,0.00701,0.06376,0.03508,0.00702,0.00731
0.02495,0.04645,0.19930,0.02714,0.40606,0.26946,0.01250,0.01415
0.00841,0.27145,0.15788,0.00887,0.00696,0.12124,0.21040,0.21479
0.00913,0.34850,0.25382,0.00766,0.01186,0.09862,0.12991,0.14051
0.01223,0.06558,0.06163,0.01068,0.32914,0.34474,0.08214,0.09387
0.01513,0.26755,0.10860,0.01596,0.03080,0.18685,0.18254,0.19257
0.06289,0.18660,0.20458,0.05594,0.11483,0.10660,0.12531,0.14325
0.02410,0.16372,0.27773,0.02217,0.15830,0.04413,0.14755,0.16230
0.33051,0.03275,0.04499,0.32186,0.03072,0.01561,0.10610,0.11746
0.37093,0.07378,0.05841,0.36909,0.02672,0.03820,0.02897,0.03389
0.00453,0.48549,0.47104,0.00559,0.00349,0.01759,0.00452,0.00776
0.01077,0.17901,0.19289,0.01027,0.07315,0.05913,0.23514,0.23964
0.36391,0.02304,0.08259,0.35481,0.07694,0.01727,0.03831,0.04313
0.32383,0.04380,0.05510,0.33096,0.04115,0.02910,0.08614,0.08991
0.38557,0.06545,0.03554,0.38046,0.02606,0.05766,0.02114,0.02812
0.03045,0.42676,0.42230,0.03125,0.02914,0.03558,0.01114,0.01336
0.00751,0.36369,0.34966,0.00829,0.01028,0.02150,0.11598,0.12310
0.12091,0.17643,0.16910,0.12727,0.02641,0.03266,0.17223,0.17498
0.03424,0.31291,0.32634,0.03504,0.10261,0.08886,0.04855,0.05145
0.43622,0.05273,0.03098,0.43373,0.00514,0.02484,0.00721,0.00915
0.01185,0.34394,0.18069,0.01220,0.11937,0.27687,0.02343,0.03165
0.41402,0.06710,0.06933,0.40625,0.01066,0.01302,0.00906,0.01056
0.01600,0.25138,0.26185,0.01855,0.11602,0.10313,0.11369,0.11938
0.01212,0.26123,0.25277,0.01118,0.04264,0.05275,0.18007,0.18724
0.38068,0.06721,0.06069,0.37479,0.03503,0.04925,0.01491,0.01745
0.12302,0.18545,0.08682,0.12424,0.03126,0.13721,0.15727,0.15472
0.00667,0.47476,0.26544,0.00678,0.00738,0.22161,0.00728,0.01009
0.01388,0.35150,0.26602,0.01175,0.01177,0.09167,0.12359,0.12981
0.03115,0.23611,0.08016,0.03363,0.02018,0.17791,0.20954,0.21131
0.05590,0.33036,0.21356,0.05601,0.05122,0.16806,0.05998,0.06491
0.01357,0.26119,0.00947,0.01405,0.00497,0.25346,0.21926,0.22404
0.04011,0.26546,0.31154,0.04145,0.07867,0.02772,0.11608,0.11897
0.02575,0.16504,0.44836,0.02219,0.29876,0.01301,0.01192,0.01498
0.02226,0.42061,0.33634,0.02117,0.02118,0.10541,0.03068,0.04235
0.43402,0.00975,0.05896,0.42847,0.04998,0.00700,0.00538,0.00644
0.01596,0.41894,0.40576,0.01427,0.03730,0.05036,0.02870,0.02871
0.02642,0.29419,0.38345,0.02427,0.10702,0.01841,0.07024,0.07600
0.01292,0.36635,0.12502,0.01099,0.02650,0.26963,0.09115,0.09744
0.00829,0.20191,0.30673,0.01013,0.11757,0.01097,0.16574,0.17867
0.01068,0.28694,0.28348,0.00872,0.01026,0.01556,0.18838,0.19598
0.01861,0.33520,0.35207,0.01840,0.07693,0.05061,0.06634,0.08184
0.01810,0.38561,0.34225,0.01806,0.08019,0.13111,0.01161,0.01305
0.01252,0.01950,0.19570,0.01303,0.41784,0.24815,0.04302,0.05024
0.01430,0.21379,0.01874,0.01034,0.01107,0.19710,0.26265,0.27201
0.03420,0.01703,0.15780,0.03377,0.37255,0.23129,0.07233,0.08103
0.01326,0.08548,0.12648,0.01267,0.38469,0.35628,0.00903,0.01211
0.02021,0.16484,0.38218,0.01570,0.23709,0.01646,0.08161,0.08192
0.00502,0.05015,0.04433,0.00556,0.43094,0.44055,0.01174,0.01170
0.03490,0.12082,0.06148,0.04126,0.05394,0.11709,0.28469,0.28582
0.01218,0.45156,0.40342,0.01144,0.00855,0.06048,0.02297,0.02940
0.01196,0.28589,0.30603,0.01081,0.08420,0.06346,0.11816,0.11948
0.02901,0.40034,0.23030,0.02516,0.01518,0.19227,0.05207,0.05567
0.04060,0.12044,0.23727,0.02760,0.14715,0.02446,0.19712,0.20536
0.01850,0.42161,0.39423,0.01737,0.01240,0.03839,0.04799,0.04951
0.03402,0.03562,0.12142,0.02485,0.40981,0.33845,0.01565,0.02018
0.35488,0.05556,0.07319,0.35131,0.05769,0.05014,0.02587,0.03137
0.01577,0.15474,0.25593,0.01360,0.16095,0.05896,0.16449,0.17556
0.34831,0.06911,0.11211,0.34690,0.06554,0.02505,0.01610,0.01688
0.09407,0.24411,0.22631,0.09634,0.01620,0.03124,0.14433,0.14739
0.12334,0.20384,0.22923,0.12352,0.05794,0.03073,0.11339,0.11801
0.39278,0.01277,0.07616,0.38328,0.06854,0.00886,0.02495,0.03267
0.03841,0.26010,0.15417,0.04092,0.03957,0.14810,0.15970,0.15903
0.02939,0.05584,0.06181,0.02596,0.37322,0.37328,0.03575,0.04475
0.05259,0.15773,0.16407,0.04919,0.05172,0.05537,0.23125,0.23808
0.33008,0.04349,0.11291,0.32527,0.09332,0.02626,0.03320,0.03547
0.03112,0.37461,0.30333,0.02798,0.01741,0.09240,0.07557,0.07757
0.09981,0.33903,0.20322,0.09610,0.01136,0.14456,0.05200,0.05393
0.03089,0.03612,0.03359,0.02823,0.32639,0.33821,0.09426,0.11232
0.03117,0.41133,0.18649,0.03632,0.02007,0.24703,0.03237,0.03522
0.43232,0.05053,0.04433,0.43114,0.00826,0.01625,0.00867,0.00850
0.35071,0.10661,0.11412,0.35078,0.01277,0.00984,0.02738,0.02779
0.02438,0.32410,0.31950,0.02383,0.01499,0.02361,0.13175,0.13783
0.31078,0.03603,0.03532,0.30684,0.02348,0.02867,0.12706,0.13181
0.01244,0.22684,0.09071,0.01023,0.00808,0.14389,0.24767,0.26015
0.09429,0.25733,0.29795,0.08945,0.11907,0.08279,0.02905,0.03006
0.01325,0.25966,0.06216,0.01478,0.01612,0.21497,0.20636,0.21272
0.01572,0.36035,0.21662,0.01268,0.02613,0.16586,0.09671,0.10592
0.04612,0.33672,0.17193,0.04526,0.01544,0.18156,0.10036,0.10261
0.03669,0.35623,0.29876,0.03341,0.07282,0.12993,0.03392,0.03824
0.33642,0.08242,0.07184,0.33136,0.06268,0.08122,0.01655,0.01751
0.45103,0.02903,0.01411,0.44746,0.00775,0.01992,0.01550,0.01520
0.01347,0.05172,0.04687,0.01206,0.41960,0.42796,0.01393,0.01440
0.11615,0.28558,0.20856,0.11478,0.01034,0.08905,0.08763,0.08791
0.04195,0.07184,0.03923,0.05245,0.35825,0.40489,0.01448,0.01691
0.01174,0.06484,0.31902,0.01275,0.26495,0.00949,0.15364,0.16357
0.00892,0.30591,0.30453,0.00956,0.00547,0.00769,0.17365,0.18427
0.01591,0.37159,0.37818,0.01611,0.07961,0.07568,0.03031,0.03261
0.04906,0.42504,0.25173,0.04727,0.00776,0.18063,0.01657,0.02193
0.32712,0.04923,0.06048,0.32262,0.02031,0.00951,0.10383,0.10689
0.10835,0.21085,0.17537,0.10876,0.09021,0.12990,0.08535,0.09122
0.20014,0.02765,0.01687,0.18764,0.19874,0.21802,0.06790,0.08304
0.01259,0.37386,0.28771,0.01165,0.01438,0.09951,0.09376,0.10654
0.02580,0.34870,0.35840,0.02859,0.01430,0.01136,0.10370,0.10915
0.30673,0.02997,0.03525,0.30504,0.02093,0.02177,0.14095,0.13936
0.01838,0.20221,0.20551,0.01764,0.03870,0.03638,0.23431,0.24685
0.02894,0.26493,0.20737,0.02680,0.01691,0.06764,0.18896,0.19844
0.23171,0.19678,0.14250,0.22799,0.01992,0.06753,0.05876,0.05482
0.00724,0.46079,0.19481,0.00720,0.01028,0.27661,0.01999,0.02309
0.17578,0.28988,0.15141,0.17183,0.00461,0.15126,0.02452,0.03069
0.05800,0.24130,0.17555,0.05944,0.01473,0.08552,0.17829,0.18717
0.04614,0.35573,0.33535,0.04352,0.02655,0.05111,0.06927,0.07232
0.06082,0.36595,0.28217,0.05846,0.02835,0.10909,0.05023,0.04493
0.37582,0.06434,0.10474,0.36999,0.04848,0.01336,0.01023,0.01303
0.02418,0.03429,0.08535,0.03183,0.30389,0.25792,0.12718,0.13537
0.04212,0.27449,0.11063,0.04060,0.02680,0.19062,0.15687,0.15787
0.15260,0.03498,0.04135,0.15176,0.28808,0.28889,0.01731,0.02503
0.10209,0.17455,0.17436,0.10450,0.01826,0.02192,0.19813,0.20618
0.03571,0.34159,0.22089,0.03078,0.04684,0.18274,0.07189,0.06958
0.37475,0.05602,0.04473,0.37114,0.01371,0.02438,0.05442,0.06085
0.01709,0.14645,0.27177,0.01556,0.24449,0.11401,0.09468,0.09595
0.00620,0.47741,0.38599,0.00736,0.00886,0.09996,0.00627,0.00794
0.01167,0.44203,0.44518,0.01386,0.00980,0.01040,0.03318,0.03389
0.01270,0.43266,0.04663,0.01112,0.02486,0.41982,0.02492,0.02728
0.17250,0.15404,0.14568,0.17773,0.00985,0.02128,0.15919,0.15973
0.03433,0.34046,0.35447,0.04070,0.07460,0.06158,0.04425,0.04961
0.04680,0.24690,0.06099,0.05109,0.04491,0.23392,0.15682,0.15856
0.04996,0.07345,0.10812,0.04282,0.35959,0.33902,0.01220,0.01484
0.01145,0.08148,0.06520,0.01085,0.38954,0.41338,0.01334,0.01476
0.02797,0.30486,0.37299,0.02298,0.11220,0.05033,0.05223,0.05644
0.14131,0.24030,0.30521,0.14024,0.10795,0.04848,0.00794,0.00856
0.03803,0.33209,0.25720,0.04097,0.02101,0.09953,0.10422,0.10695
0.04443,0.39119,0.23707,0.04488,0.01761,0.17343,0.04583,0.04555
0.25639,0.07490,0.06674,0.24948,0.00684,0.01734,0.16062,0.16769
0.00894,0.31398,0.04776,0.01075,0.09990,0.36618,0.07519,0.07730
0.05621,0.21697,0.36788,0.05077,0.21100,0.06901,0.01151,0.01664
0.09326,0.23138,0.15022,0.08747,0.14210,0.22748,0.03400,0.03410
0.00550,0.06890,0.05679,0.00700,0.41341,0.43094,0.00840,0.00906
0.17335,0.28156,0.28130,0.17111,0.02578,0.03104,0.01707,0.01878
0.01361,0.38557,0.36644,0.01508,0.01641,0.03756,0.07824,0.08709
0.13566,0.11625,0.08358,0.13585,0.01937,0.05444,0.22234,0.23250
0.04321,0.21372,0.20668,0.03875,0.01696,0.02653,0.22365,0.23051
0.08002,0.14914,0.25869,0.07391,0.20360,0.09051,0.06806,0.07607
0.04854,0.15909,0.13282,0.04559,0.01848,0.04613,0.26811,0.28124
0.02361,0.43534,0.44572,0.02246,0.03041,0.02224,0.00925,0.01096
0.07985,0.22062,0.18753,0.07964,0.03328,0.05897,0.16724,0.17286
0.03064,0.06318,0.09813,0.02555,0.30246,0.27763,0.09605,0.10635
0.01744,0.08211,0.08740,0.01546,0.36465,0.36725,0.03072,0.03497
0.01906,0.40281,0.31303,0.01706,0.02013,0.10910,0.05774,0.06107
0.04961,0.28407,0.35192,0.03857,0.15249,0.08780,0.01457,0.02097
0.00866,0.46005,0.12195,0.00924,0.01392,0.35010,0.01681,0.01927
0.39946,0.04251,0.03572,0.39542,0.03288,0.04907,0.02004,0.02490
0.00890,0.31659,0.33324,0.00916,0.01895,0.00629,0.14761,0.15927
0.15805,0.26809,0.25097,0.15871,0.04008,0.06198,0.02792,0.03421
0.00972,0.28437,0.35437,0.01017,0.10356,0.03961,0.09466,0.10353
0.06710,0.23265,0.06832,0.06879,0.04202,0.20363,0.15841,0.15908
0.08571,0.37774,0.28914,0.08754,0.00977,0.09657,0.02710,0.02643
0.01375,0.41111,0.35317,0.01303,0.00671,0.06401,0.06652,0.07168
0.02445,0.26328,0.30679,0.02681,0.14901,0.11528,0.05574,0.05863
0.03142,0.03008,0.03838,0.03084,0.38035,0.38334,0.04755,0.05804
0.43806,0.04096,0.03353,0.43803,0.01282,0.01979,0.00807,0.00875
0.17923,0.03467,0.03811,0.17848,0.06109,0.05877,0.22260,0.22705
0.01407,0.36319,0.35618,0.01317,0.00472,0.01341,0.11367,0.12159
0.00791,0.34813,0.46266,0.00633,0.12055,0.01182,0.02116,0.02145
0.01506,0.39672,0.37777,0.01516,0.01887,0.03890,0.06833,0.06919
0.01595,0.28859,0.08069,0.01520,0.00894,0.21627,0.18828,0.18607
0.10796,0.28963,0.23334,0.09890,0.02365,0.07662,0.07999,0.08991
0.04375,0.28196,0.19968,0.04757,0.01589,0.10023,0.15253,0.15839
0.02149,0.12565,0.08559,0.02563,0.03748,0.09090,0.30162,0.31163
0.13218,0.29874,0.15477,0.13062,0.01766,0.16677,0.05056,0.04871
0.11771,0.32605,0.24201,0.12043,0.01150,0.09756,0.04046,0.04428
0.03586,0.06992,0.05320,0.04184,0.33749,0.37094,0.04212,0.04863
0.06793,0.38213,0.33242,0.09071,0.01964,0.07423,0.01554,0.01740
0.30726,0.02972,0.16364,0.30134,0.14029,0.00870,0.02344,0.02562
0.42160,0.06349,0.06196,0.41863,0.00382,0.00637,0.01215,0.01198
0.01997,0.34761,0.14897,0.02100,0.02662,0.22343,0.10087,0.11151
0.01003,0.09933,0.17169,0.01240,0.09663,0.03186,0.28827,0.28981
0.01461,0.33767,0.44590,0.01334,0.11875,0.01566,0.02601,0.02807
0.02271,0.36490,0.17749,0.02073,0.03186,0.22273,0.08047,0.07909
0.03824,0.38149,0.23158,0.04395,0.05116,0.19292,0.02825,0.03241
0.10550,0.23100,0.14547,0.10241,0.02427,0.11306,0.13534,0.14295
0.00970,0.46891,0.46399,0.00811,0.01289,0.01806,0.00878,0.00956
0.28669,0.18939,0.17438,0.28292,0.01158,0.02831,0.01329,0.01345
0.02029,0.18148,0.27969,0.02325,0.18062,0.08261,0.10761,0.12445
0.02265,0.07833,0.07058,0.02477,0.35896,0.37921,0.03086,0.03464
0.05303,0.38341,0.38075,0.05184,0.01810,0.01779,0.04611,0.04898
0.00948,0.25771,0.36478,0.00962,0.11361,0.01003,0.11246,0.12230
0.08326,0.13635,0.13987,0.07686,0.03334,0.03785,0.24376,0.24872
0.02925,0.06791,0.06432,0.03018,0.36759,0.38173,0.02606,0.03297
