0.00000,0.00000,0.00000,0.00000,0.00000,0.00000,0.00000,0.00000,0.00000,0.00000,0.01736,0.00052,0.00000,0.00000,0.15523,0.00330,0.00000,0.80172,0.00509,0.01678
0.00000,0.00000,0.00000,0.00000,0.00000,0.00000,0.00000,0.00000,0.00000,0.00000,0.00021,0.00477,0.00013,0.00973,0.10271,0.13767,0.00000,0.56327,0.02660,0.15491
0.00000,0.00000,0.00000,0.00000,0.00000,0.00000,0.00000,0.00000,0.00000,0.00000,0.06876,0.79750,0.00089,0.00000,0.09807,0.01677,0.00000,0.00002,0.00404,0.01395
0.00000,0.00000,0.00000,0.00000,0.00000,0.00000,0.00000,0.00000,0.00000,0.00000,0.39371,0.04278,0.00000,0.00003,0.13640,0.17491,0.00000,0.22773,0.00217,0.02227
0.00073,0.07594,0.00000,0.00000,0.03100,0.00000,0.00000,0.00000,0.00000,0.00000,0.00000,0.00000,0.00000,0.00000,0.00000,0.01859,0.00000,0.75187,0.05372,0.06815
0.00000,0.00000,0.00000,0.00000,0.00000,0.00000,0.00000,0.00000,0.00000,0.00000,0.12015,0.00273,0.00327,0.00000,0.18764,0.01867,0.00000,0.05342,0.54617,0.06794
0.00000,0.00000,0.00000,0.00000,0.00000,0.00000,0.00000,0.00000,0.00000,0.00000,0.00000,0.00178,0.00000,0.00000,0.51383,0.16826,0.00000,0.25597,0.00089,0.05927
0.00000,0.00000,0.00000,0.00000,0.00000,0.00000,0.00000,0.00000,0.00000,0.00000,0.00008,0.45067,0.00000,0.00007,0.45558,0.03561,0.00000,0.04360,0.01436,0.00003
0.00000,0.00000,0.00000,0.00000,0.00000,0.00000,0.00000,0.00000,0.00000,0.00000,0.00503,0.25962,0.00000,0.00000,0.21944,0.00189,0.00000,0.48370,0.00826,0.02207
0.00000,0.00000,0.00000,0.00000,0.00000,0.00000,0.00000,0.00000,0.00000,0.00000,0.00011,0.02831,0.07490,0.00269,0.54767,0.00030,0.00000,0.21410,0.08093,0.05099
0.00000,0.00250,0.00000,0.00000,0.34840,0.00000,0.00000,0.00000,0.00000,0.00000,0.00000,0.00000,0.00000,0.00000,0.00000,0.06442,0.00000,0.00090,0.00066,0.58312
0.00000,0.00000,0.00000,0.00000,0.00000,0.13355,0.04526,0.00000,0.00000,0.08712,0.00000,0.00000,0.00000,0.00000,0.00000,0.06707,0.00653,0.02335,0.35931,0.27780
0.00000,0.00000,0.00000,0.00000,0.00000,0.00000,0.03502,0.00000,0.00000,0.01519,0.00000,0.00000,0.00000,0.00000,0.00000,0.44497,0.00000,0.06445,0.43807,0.00230
0.00000,0.00967,0.00000,0.00000,0.05698,0.00000,0.00000,0.00000,0.00000,0.00000,0.00000,0.00000,0.00000,0.00000,0.00000,0.08335,0.00000,0.82168,0.02464,0.00368
0.42222,0.00059,0.00005,0.04938,0.12954,0.00000,0.00000,0.00000,0.00000,0.00000,0.00000,0.00000,0.00000,0.00000,0.00000,0.33214,0.00000,0.00610,0.03275,0.02722
0.00000,0.00000,0.00000,0.00000,0.00000,0.00000,0.00000,0.00000,0.00000,0.00000,0.00945,0.07172,0.00000,0.00000,0.60747,0.03938,0.00000,0.00343,0.01146,0.25709
0.00000,0.00000,0.00000,0.00000,0.00000,0.00000,0.00000,0.00000,0.00000,0.00000,0.00198,0.14002,0.00000,0.00000,0.68069,0.07188,0.00000,0.01514,0.01175,0.07854
0.00000,0.00000,0.00000,0.00000,0.00000,0.04736,0.00009,0.11062,0.00000,0.21977,0.00000,0.00000,0.00000,0.00000,0.00000,0.16322,0.00000,0.10157,0.00002,0.35735
0.00000,0.00000,0.00000,0.00000,0.00000,0.00000,0.00000,0.00000,0.00000,0.00000,0.02158,0.07077,0.00399,0.00000,0.36963,0.37662,0.00000,0.00312,0.08491,0.06940
0.00000,0.00000,0.00000,0.00000,0.00000,0.13188,0.00009,0.00001,0.00000,0.68598,0.00000,0.00000,0.00000,0.00000,0.00000,0.17337,0.00000,0.00001,0.00311,0.00556
0.00000,0.00000,0.00000,0.00000,0.00000,0.00000,0.00000,0.00000,0.00000,0.00000,0.00417,0.05390,0.00001,0.00008,0.11554,0.00333,0.00000,0.65755,0.00140,0.16402
0.00000,0.00000,0.00000,0.00000,0.00000,0.00000,0.00000,0.00000,0.00000,0.00000,0.00074,0.01001,0.00000,0.00000,0.07859,0.43775,0.00000,0.35136,0.00050,0.12105
0.00000,0.00000,0.00000,0.00000,0.00000,0.00000,0.00000,0.00000,0.00000,0.00000,0.00005,0.29923,0.00000,0.00000,0.01329,0.06039,0.00000,0.12832,0.47284,0.02589
0.00000,0.00000,0.00000,0.00000,0.00000,0.00000,0.00000,0.00000,0.00000,0.00000,0.00001,0.00970,0.00020,0.00000,0.40725,0.28980,0.00000,0.15804,0.13332,0.00167
0.00000,0.00000,0.00000,0.00000,0.00000,0.00000,0.00000,0.00000,0.00000,0.00000,0.00102,0.15853,0.40177,0.00000,0.35420,0.04022,0.00113,0.01841,0.02123,0.00349
0.00000,0.00000,0.00000,0.00000,0.00000,0.00000,0.00000,0.00000,0.00000,0.00000,0.04499,0.20710,0.00207,0.00000,0.09332,0.02830,0.00000,0.00230,0.57915,0.04277
0.00000,0.00000,0.00000,0.00000,0.00000,0.00000,0.00000,0.00000,0.00000,0.00000,0.00194,0.29453,0.00000,0.00000,0.00394,0.14461,0.00000,0.48407,0.06820,0.00270
0.00000,0.00000,0.00000,0.00000,0.00000,0.00000,0.00000,0.00000,0.00000,0.00000,0.00026,0.51372,0.00027,0.00004,0.39374,0.00760,0.00000,0.04078,0.00013,0.04346
0.00000,0.00000,0.00000,0.00000,0.00000,0.00000,0.00000,0.00000,0.00000,0.00000,0.00031,0.18709,0.00001,0.00000,0.03296,0.22653,0.08254,0.04011,0.41484,0.01562
0.00000,0.00000,0.00000,0.00000,0.00000,0.00000,0.00000,0.00000,0.00000,0.00000,0.06138,0.00175,0.00000,0.00000,0.85729,0.05398,0.00001,0.00085,0.01380,0.01094
0.00000,0.00000,0.00000,0.00000,0.00000,0.00001,0.26630,0.00000,0.00067,0.27282,0.00000,0.00000,0.00000,0.00000,0.00000,0.14054,0.00000,0.17737,0.13324,0.00905
0.00004,0.22833,0.01963,0.00000,0.02708,0.00000,0.00000,0.00000,0.00000,0.00000,0.00000,0.00000,0.00000,0.00000,0.00000,0.34322,0.00000,0.07347,0.02161,0.28663
0.00000,0.00000,0.00000,0.00000,0.00000,0.00000,0.00000,0.00000,0.00000,0.00000,0.10911,0.00332,0.64612,0.00000,0.08220,0.00352,0.00000,0.07771,0.07701,0.00101
0.00050,0.01423,0.00005,0.10433,0.59920,0.00000,0.00000,0.00000,0.00000,0.00000,0.00000,0.00000,0.00000,0.00000,0.00000,0.02641,0.00000,0.11775,0.01762,0.11990
0.00000,0.00000,0.00000,0.00000,0.00000,0.00000,0.00000,0.00000,0.00000,0.00000,0.04777,0.18790,0.00016,0.00000,0.26321,0.20687,0.00000,0.01396,0.28010,0.00002
0.00000,0.00000,0.00000,0.00000,0.00000,0.00000,0.00000,0.00000,0.00000,0.00000,0.44814,0.00000,0.00000,0.00000,0.19844,0.00766,0.00001,0.08285,0.15090,0.11200
0.00000,0.00000,0.00000,0.00000,0.00000,0.00000,0.00000,0.00000,0.00000,0.00000,0.00012,0.01226,0.04690,0.00002,0.18736,0.01097,0.00000,0.72117,0.01926,0.00195
0.00000,0.00000,0.00000,0.00000,0.00000,0.00000,0.00000,0.00000,0.00000,0.00000,0.11343,0.00022,0.00018,0.00001,0.02846,0.00573,0.00000,0.09744,0.75339,0.00115
0.00000,0.00000,0.00000,0.00000,0.00000,0.00000,0.00000,0.00000,0.00000,0.00000,0.00000,0.02177,0.00049,0.00000,0.13042,0.01878,0.00000,0.14427,0.68369,0.00058
0.00000,0.00000,0.00000,0.00000,0.00000,0.00000,0.00146,0.00000,0.00000,0.17341,0.00000,0.00000,0.00000,0.00000,0.00000,0.05220,0.00000,0.04818,0.72129,0.00346
0.00000,0.00000,0.00000,0.00000,0.00000,0.00000,0.00000,0.00000,0.00000,0.00000,0.00031,0.00114,0.00000,0.00000,0.36882,0.00250,0.00000,0.17265,0.18726,0.26733
0.00000,0.00000,0.00000,0.00000,0.00000,0.32713,0.07773,0.00042,0.00000,0.48285,0.00000,0.00000,0.00000,0.00000,0.00000,0.03551,0.00000,0.00015,0.07487,0.00134
0.00000,0.00000,0.00000,0.00000,0.00000,0.00000,0.00234,0.02277,0.00000,0.07786,0.00000,0.00000,0.00000,0.00000,0.00000,0.04092,0.00000,0.67992,0.02290,0.15329
0.00000,0.00000,0.00000,0.00000,0.00000,0.00000,0.00000,0.00000,0.00000,0.00000,0.04250,0.00023,0.00001,0.00359,0.00034,0.02948,0.00000,0.71487,0.16298,0.04600
0.00000,0.00000,0.00000,0.00000,0.00000,0.01955,0.07913,0.00014,0.02214,0.29414,0.00000,0.00000,0.00000,0.00000,0.00000,0.21275,0.00000,0.22983,0.01173,0.13058
0.00000,0.00000,0.00000,0.00000,0.00000,0.00000,0.00000,0.00000,0.00000,0.00000,0.01197,0.02059,0.00000,0.00045,0.08187,0.20855,0.00000,0.45152,0.00484,0.22023
0.00000,0.00000,0.00000,0.00000,0.00000,0.00018,0.07857,0.00016,0.00000,0.22492,0.00000,0.00000,0.00000,0.00000,0.00000,0.45579,0.00000,0.10144,0.00484,0.13411
0.00000,0.00000,0.00000,0.00000,0.00000,0.00000,0.00000,0.00000,0.00000,0.00000,0.00000,0.00241,0.00000,0.00000,0.12503,0.15401,0.00000,0.12797,0.47400,0.11657
0.00000,0.00000,0.00000,0.00000,0.00000,0.00000,0.00000,0.00000,0.00000,0.00000,0.00000,0.05445,0.00239,0.00000,0.12139,0.73078,0.00000,0.00408,0.00717,0.07974
0.00000,0.00000,0.00000,0.00000,0.00000,0.00000,0.00000,0.00000,0.00000,0.00000,0.00577,0.38067,0.00000,0.00000,0.05489,0.12369,0.00000,0.37254,0.05651,0.00594
0.00000,0.00000,0.00000,0.00000,0.00000,0.00000,0.00000,0.00000,0.00000,0.00000,0.01819,0.06885,0.06116,0.00001,0.13138,0.08922,0.00000,0.13250,0.02358,0.47511
0.07044,0.04954,0.00166,0.08318,0.28405,0.00000,0.00000,0.00000,0.00000,0.00000,0.00000,0.00000,0.00000,0.00000,0.00000,0.32155,0.00000,0.17649,0.00928,0.00381
0.00000,0.00000,0.00000,0.00000,0.00000,0.00000,0.00000,0.00000,0.00000,0.00000,0.07716,0.08477,0.00000,0.00000,0.14971,0.40259,0.00000,0.17759,0.10805,0.00014
0.00000,0.00000,0.00000,0.00000,0.00000,0.00000,0.00000,0.00000,0.00000,0.00000,0.03530,0.36031,0.33005,0.00000,0.04015,0.02973,0.00000,0.00607,0.01167,0.18671
0.00000,0.00000,0.00000,0.00000,0.00000,0.09230,0.00061,0.00000,0.00413,0.24116,0.00000,0.00000,0.00000,0.00000,0.00000,0.09580,0.00000,0.00328,0.27890,0.28382
0.00000,0.00000,0.00000,0.00000,0.00000,0.00000,0.00000,0.00000,0.00000,0.00000,0.00487,0.02401,0.04138,0.00000,0.32901,0.08892,0.00000,0.50386,0.00691,0.00104
0.00005,0.00046,0.00003,0.00000,0.00384,0.00000,0.00000,0.00000,0.00000,0.00000,0.00000,0.00000,0.00000,0.00000,0.00000,0.08272,0.00000,0.68214,0.05690,0.17385
0.00000,0.00000,0.00000,0.00000,0.00000,0.00000,0.00000,0.00000,0.00000,0.00000,0.00000,0.20304,0.45354,0.00000,0.21685,0.00801,0.00000,0.01972,0.02175,0.07708
0.00000,0.00000,0.00000,0.00000,0.00000,0.00000,0.00000,0.00000,0.00000,0.00000,0.02586,0.00088,0.00000,0.00061,0.44907,0.27054,0.00000,0.21893,0.00764,0.02645
0.00000,0.00000,0.00000,0.00000,0.00000,0.00000,0.00000,0.00000,0.00000,0.00000,0.35829,0.00744,0.00001,0.08986,0.13332,0.00564,0.00000,0.04724,0.35741,0.00078
0.00000,0.04724,0.00000,0.00211,0.33876,0.00000,0.00000,0.00000,0.00000,0.00000,0.00000,0.00000,0.00000,0.00000,0.00000,0.00003,0.00001,0.08426,0.00442,0.52317
0.00000,0.00000,0.00000,0.00000,0.00000,0.00000,0.00000,0.00000,0.00000,0.00000,0.00014,0.03643,0.00000,0.00000,0.43422,0.17162,0.00000,0.04816,0.10956,0.19988
0.00000,0.00000,0.00000,0.00000,0.00000,0.00000,0.00000,0.00000,0.00000,0.00000,0.00051,0.03108,0.00202,0.00000,0.12816,0.02630,0.00000,0.79173,0.01752,0.00267
0.00000,0.00000,0.00000,0.00000,0.00000,0.00000,0.00000,0.00000,0.00000,0.00000,0.32983,0.07029,0.00000,0.00000,0.08498,0.16402,0.00000,0.15399,0.00289,0.19399
0.00000,0.00000,0.00000,0.00000,0.00000,0.00000,0.00000,0.00000,0.00000,0.00000,0.00001,0.27352,0.00046,0.00000,0.04180,0.48879,0.00000,0.00732,0.10732,0.08078
0.00000,0.00000,0.00000,0.00000,0.00000,0.00000,0.00000,0.00000,0.00000,0.00000,0.00000,0.00668,0.00001,0.00002,0.75094,0.00000,0.00000,0.05287,0.13764,0.05184
0.00000,0.00000,0.00000,0.00000,0.00000,0.00153,0.00001,0.00434,0.00000,0.26497,0.00000,0.00000,0.00000,0.00000,0.00000,0.17087,0.00000,0.35191,0.20490,0.00149
0.00000,0.00000,0.00000,0.00000,0.00000,0.00000,0.00000,0.00000,0.00000,0.00000,0.01675,0.02436,0.33372,0.00000,0.34404,0.00210,0.00000,0.00416,0.25636,0.01851
0.00000,0.00000,0.00000,0.00000,0.00000,0.00000,0.00000,0.00000,0.00000,0.00000,0.00006,0.02563,0.00000,0.00000,0.51141,0.18022,0.00000,0.09485,0.18760,0.00022
0.00000,0.00000,0.00000,0.00000,0.00000,0.00000,0.00000,0.00000,0.00000,0.00000,0.00027,0.00562,0.00000,0.09247,0.03988,0.02979,0.00000,0.82983,0.00213,0.00000
0.00000,0.00000,0.00000,0.00000,0.00000,0.00000,0.00000,0.00000,0.00000,0.00000,0.00001,0.08467,0.02727,0.00000,0.41130,0.25102,0.00000,0.16741,0.04718,0.01113
0.00015,0.39812,0.00002,0.00000,0.08343,0.00000,0.00000,0.00000,0.00000,0.00000,0.00000,0.00000,0.00000,0.00000,0.00000,0.00038,0.00000,0.38300,0.13484,0.00006
0.00000,0.00000,0.00000,0.00000,0.00000,0.00000,0.00000,0.00000,0.00000,0.00000,0.00001,0.12111,0.00164,0.00002,0.54314,0.00009,0.00000,0.16273,0.01013,0.16112
0.08799,0.00696,0.00010,0.00000,0.19003,0.00000,0.00000,0.00000,0.00000,0.00000,0.00000,0.00000,0.00000,0.00000,0.00000,0.12908,0.00000,0.22481,0.35691,0.00412
0.00000,0.00000,0.00000,0.00000,0.00000,0.00000,0.00000,0.00000,0.00000,0.00000,0.09314,0.10994,0.00580,0.00000,0.32235,0.01999,0.00000,0.00593,0.12900,0.31386
0.00000,0.00000,0.00000,0.00000,0.00000,0.00000,0.00000,0.00000,0.00000,0.00000,0.00196,0.27151,0.00003,0.00118,0.36234,0.01637,0.00000,0.34051,0.00007,0.00602
0.00000,0.00000,0.00000,0.00000,0.00000,0.00000,0.00000,0.00000,0.00000,0.00000,0.00072,0.26661,0.00213,0.00000,0.21371,0.08153,0.01713,0.40494,0.01201,0.00123
0.00000,0.00000,0.00000,0.00000,0.00000,0.00000,0.00000,0.00000,0.00000,0.00000,0.00000,0.47940,0.00156,0.00000,0.47105,0.00628,0.00000,0.03698,0.00399,0.00074
0.00000,0.00000,0.00000,0.00000,0.00000,0.00000,0.00000,0.00000,0.00000,0.00000,0.00057,0.00575,0.00000,0.00000,0.20206,0.02657,0.00000,0.76420,0.00084,0.00001
0.00000,0.00000,0.00000,0.00000,0.00000,0.00000,0.00000,0.00000,0.00000,0.00000,0.00001,0.00533,0.00012,0.00348,0.00388,0.06760,0.00000,0.00877,0.00000,0.91081
0.00000,0.00000,0.00000,0.00000,0.00000,0.00000,0.00000,0.00000,0.00000,0.00000,0.00397,0.00147,0.00000,0.00000,0.51164,0.20034,0.00000,0.27658,0.00444,0.00156
0.00000,0.00000,0.00000,0.00000,0.00000,0.00000,0.00000,0.00000,0.00000,0.00000,0.00896,0.10351,0.30365,0.00002,0.01604,0.02481,0.00000,0.48239,0.05533,0.00528
0.01291,0.09235,0.00000,0.00001,0.09444,0.00000,0.00000,0.00000,0.00000,0.00000,0.00000,0.00000,0.00000,0.00000,0.00000,0.32892,0.00000,0.26176,0.11500,0.09461
0.00000,0.00000,0.00000,0.00000,0.00000,0.00000,0.00000,0.00000,0.00000,0.00000,0.00255,0.00123,0.20779,0.00000,0.15117,0.20534,0.00000,0.19680,0.23401,0.00111
0.00000,0.00000,0.00000,0.00000,0.00000,0.00000,0.00000,0.00000,0.00000,0.00000,0.09061,0.10139,0.00012,0.00000,0.34372,0.00336,0.00000,0.03683,0.35308,0.07088
0.00000,0.00000,0.00000,0.00000,0.00000,0.00000,0.00000,0.00000,0.00000,0.00000,0.01381,0.43967,0.00092,0.00000,0.04506,0.04026,0.00000,0.04438,0.00004,0.41587
0.00001,0.00077,0.00000,0.00003,0.48088,0.00000,0.00000,0.00000,0.00000,0.00000,0.00000,0.00000,0.00000,0.00000,0.00000,0.17631,0.00000,0.05761,0.01199,0.27239
0.00000,0.00000,0.00000,0.00000,0.00000,0.13793,0.26372,0.00002,0.00000,0.18699,0.00000,0.00000,0.00000,0.00000,0.00000,0.07682,0.00000,0.04408,0.28578,0.00466
0.00000,0.00000,0.00000,0.00000,0.00000,0.00000,0.00000,0.00000,0.00000,0.00000,0.00009,0.38802,0.00000,0.00000,0.32979,0.00002,0.00000,0.00905,0.20632,0.06670
0.00000,0.00000,0.00000,0.00000,0.00000,0.00000,0.00000,0.00000,0.00000,0.00000,0.00000,0.00454,0.00912,0.00000,0.74252,0.05407,0.00000,0.04452,0.00021,0.14502
0.00000,0.00000,0.00000,0.00000,0.00000,0.00000,0.00000,0.00000,0.00000,0.00000,0.00000,0.02863,0.10952,0.00000,0.40266,0.28018,0.00000,0.15392,0.00000,0.02509
0.00000,0.00000,0.00000,0.00000,0.00000,0.00000,0.00000,0.00000,0.00000,0.00000,0.00595,0.00347,0.13718,0.02750,0.07048,0.02028,0.00000,0.38006,0.31835,0.03672
0.00000,0.00000,0.00000,0.00000,0.00000,0.00000,0.00000,0.00000,0.00000,0.00000,0.08452,0.03061,0.00027,0.00000,0.42057,0.40728,0.00000,0.04244,0.01100,0.00330
0.00088,0.10398,0.00000,0.00108,0.41733,0.00000,0.00000,0.00000,0.00000,0.00000,0.00000,0.00000,0.00000,0.00000,0.00000,0.00832,0.00000,0.34259,0.09762,0.02819
0.00000,0.00000,0.00000,0.00000,0.00000,0.00000,0.00000,0.00000,0.00000,0.00000,0.05278,0.00033,0.00219,0.00000,0.37400,0.00153,0.00000,0.00142,0.56774,0.00001
0.14914,0.09011,0.02831,0.00000,0.55048,0.00000,0.00000,0.00000,0.00000,0.00000,0.00000,0.00000,0.00000,0.00000,0.00000,0.00000,0.00000,0.00336,0.05222,0.12638
0.00000,0.00000,0.00000,0.00000,0.00000,0.00000,0.00000,0.00000,0.00000,0.00000,0.00000,0.09337,0.00000,0.00000,0.44138,0.08688,0.00000,0.34053,0.00073,0.03711
0.00000,0.00000,0.00000,0.00000,0.00000,0.00000,0.00000,0.00000,0.00000,0.00000,0.12589,0.12719,0.23585,0.00000,0.15971,0.01538,0.00000,0.06050,0.06193,0.21355
0.00022,0.10324,0.00000,0.00000,0.78387,0.00000,0.00000,0.00000,0.00000,0.00000,0.00000,0.00000,0.00000,0.00000,0.00000,0.06107,0.00000,0.00156,0.05005,0.00000
0.00013,0.16617,0.00529,0.02282,0.61086,0.00000,0.00000,0.00000,0.00000,0.00000,0.00000,0.00000,0.00000,0.00000,0.00000,0.00476,0.00000,0.10969,0.03265,0.04763
0.00000,0.00000,0.00000,0.00000,0.00000,0.00000,0.00000,0.00000,0.00000,0.00000,0.22972,0.05126,0.00000,0.00000,0.10571,0.57316,0.00000,0.03410,0.00238,0.00367
0.00000,0.00000,0.00000,0.00000,0.00000,0.00000,0.00000,0.00000,0.00000,0.00000,0.00830,0.05258,0.00656,0.07812,0.30433,0.00267,0.00000,0.15456,0.00599,0.38689
0.00000,0.00000,0.00000,0.00000,0.00000,0.00000,0.00000,0.00000,0.00000,0.00000,0.02790,0.09599,0.00000,0.00000,0.36797,0.20435,0.00000,0.01900,0.00944,0.27535
0.00000,0.00000,0.00000,0.00000,0.00000,0.00000,0.00000,0.00000,0.00000,0.00000,0.00003,0.68816,0.00000,0.00128,0.15849,0.03734,0.00000,0.00064,0.00228,0.11179
0.25454,0.14835,0.00262,0.00000,0.20045,0.00000,0.00000,0.00000,0.00000,0.00000,0.00000,0.00000,0.00000,0.00000,0.00000,0.17815,0.00000,0.14488,0.01044,0.06058
0.00000,0.00000,0.00000,0.00000,0.00000,0.00000,0.00000,0.00000,0.00000,0.00000,0.00526,0.03585,0.00000,0.00000,0.51157,0.10706,0.00000,0.27019,0.00209,0.06797
0.00000,0.00000,0.00000,0.00000,0.00000,0.00000,0.00000,0.00000,0.00000,0.00000,0.00149,0.15311,0.00102,0.00000,0.01529,0.00025,0.00000,0.00078,0.22838,0.59968
0.00000,0.00000,0.00000,0.00000,0.00000,0.00000,0.00000,0.00000,0.00000,0.00000,0.00003,0.47301,0.00000,0.00000,0.11012,0.08092,0.00000,0.32235,0.01357,0.00000
0.00000,0.00000,0.00000,0.00000,0.00000,0.00000,0.00000,0.00000,0.00000,0.00000,0.00001,0.03883,0.00001,0.02851,0.02258,0.04702,0.00000,0.19026,0.66035,0.01244
0.00000,0.00000,0.00000,0.00000,0.00000,0.00000,0.00000,0.00000,0.00000,0.00000,0.00341,0.31015,0.00002,0.00000,0.54847,0.04496,0.00000,0.00806,0.00198,0.08294
0.01852,0.52133,0.00000,0.00000,0.29872,0.00000,0.00000,0.00000,0.00000,0.00000,0.00000,0.00000,0.00000,0.00000,0.00000,0.00552,0.00000,0.00185,0.03517,0.11889
0.00000,0.00000,0.00000,0.00000,0.00000,0.00000,0.00000,0.00000,0.00000,0.00000,0.00000,0.02634,0.00000,0.00208,0.00250,0.09643,0.00000,0.27921,0.59344,0.00000
0.00000,0.00000,0.00000,0.00000,0.00000,0.08425,0.02862,0.00000,0.00000,0.08405,0.00000,0.00000,0.00000,0.00000,0.00000,0.18240,0.00000,0.34274,0.00044,0.27750
0.00000,0.00000,0.00000,0.00000,0.00000,0.00554,0.12224,0.00002,0.00000,0.01111,0.00000,0.00000,0.00000,0.00000,0.00000,0.02843,0.03476,0.23868,0.55782,0.00140
0.00000,0.00000,0.00000,0.00000,0.00000,0.00000,0.00000,0.00000,0.00000,0.00000,0.00011,0.23035,0.00000,0.46470,0.25614,0.03488,0.00033,0.00014,0.00904,0.00431
0.00000,0.00000,0.00000,0.00000,0.00000,0.00000,0.00000,0.00000,0.00000,0.00000,0.43270,0.05934,0.00009,0.00000,0.18534,0.00822,0.00000,0.23871,0.07171,0.00390
0.00000,0.00000,0.00000,0.00000,0.00000,0.00000,0.00000,0.00000,0.00000,0.00000,0.01996,0.53324,0.01403,0.00000,0.18117,0.08036,0.00000,0.07437,0.01465,0.08222
0.00000,0.00000,0.00000,0.00000,0.00000,0.00000,0.00000,0.00000,0.00000,0.00000,0.00388,0.22563,0.00000,0.00001,0.36872,0.00041,0.00000,0.20123,0.10486,0.09526
0.00000,0.00000,0.00000,0.00000,0.00000,0.00113,0.08880,0.00003,0.00000,0.41867,0.00000,0.00000,0.00000,0.00000,0.00000,0.17177,0.00000,0.22495,0.00392,0.09072
0.00000,0.00000,0.00000,0.00000,0.00000,0.00000,0.00000,0.00000,0.00000,0.00000,0.00000,0.82256,0.00000,0.00000,0.08817,0.00931,0.00000,0.00345,0.06078,0.01574
0.00000,0.00295,0.00000,0.00004,0.65916,0.00000,0.00000,0.00000,0.00000,0.00000,0.00000,0.00000,0.00000,0.00000,0.00000,0.00902,0.00000,0.15539,0.13787,0.03557
0.00000,0.00000,0.00000,0.00000,0.00000,0.00000,0.00000,0.00000,0.00000,0.00000,0.00006,0.30624,0.00000,0.00000,0.21560,0.21942,0.00000,0.10353,0.10482,0.05033
0.00000,0.00000,0.00000,0.00000,0.00000,0.00000,0.00000,0.00000,0.00000,0.00000,0.12575,0.00018,0.00000,0.00024,0.42254,0.08342,0.00000,0.21982,0.14806,0.00000
0.00000,0.00000,0.00000,0.00000,0.00000,0.00000,0.00000,0.00000,0.00000,0.00000,0.00014,0.08303,0.00000,0.00000,0.04535,0.51507,0.00000,0.00306,0.09169,0.26165
0.00144,0.15155,0.04067,0.00001,0.02015,0.00000,0.00000,0.00000,0.00000,0.00000,0.00000,0.00000,0.00000,0.00000,0.00000,0.05092,0.00000,0.56571,0.00087,0.16868
0.00000,0.00000,0.00000,0.00000,0.00000,0.00000,0.00000,0.00000,0.00000,0.00000,0.00007,0.03516,0.00031,0.00000,0.54359,0.00004,0.00000,0.12724,0.04964,0.24395
0.00000,0.00000,0.00000,0.00000,0.00000,0.00000,0.00000,0.00000,0.00000,0.00000,0.00082,0.13128,0.00000,0.00382,0.78728,0.00188,0.00000,0.07320,0.00142,0.00031
0.00000,0.00000,0.00000,0.00000,0.00000,0.02663,0.00827,0.00000,0.01154,0.49526,0.00000,0.00000,0.00000,0.00000,0.00000,0.43320,0.00000,0.01694,0.00703,0.00114
0.00000,0.00000,0.00000,0.00000,0.00000,0.00000,0.00000,0.00000,0.00000,0.00000,0.00107,0.00727,0.00888,0.00000,0.88096,0.04023,0.00000,0.02310,0.02192,0.01657
0.00000,0.00000,0.00000,0.00000,0.00000,0.00360,0.12767,0.00000,0.00000,0.79047,0.00000,0.00000,0.00000,0.00000,0.00000,0.01644,0.00000,0.05208,0.00965,0.00008
0.00000,0.00000,0.00000,0.00000,0.00000,0.00001,0.04422,0.00002,0.00000,0.18504,0.00000,0.00000,0.00000,0.00000,0.00000,0.14954,0.00000,0.01482,0.60544,0.00092
0.00000,0.00000,0.00000,0.00000,0.00000,0.00000,0.00000,0.00000,0.00000,0.00000,0.00916,0.00378,0.00000,0.00003,0.14592,0.20929,0.00000,0.33360,0.00806,0.29016
0.00011,0.28284,0.00000,0.00000,0.71034,0.00000,0.00000,0.00000,0.00000,0.00000,0.00000,0.00000,0.00000,0.00000,0.00000,0.00021,0.00000,0.00004,0.00067,0.00579
0.00000,0.00000,0.00000,0.00000,0.00000,0.01257,0.38931,0.00003,0.00000,0.36541,0.00000,0.00000,0.00000,0.00000,0.00000,0.12483,0.00000,0.06053,0.00129,0.04602
0.00000,0.00000,0.00000,0.00000,0.00000,0.00000,0.00000,0.00000,0.00000,0.00000,0.02871,0.01608,0.00000,0.00120,0.35275,0.04264,0.00000,0.05221,0.14722,0.35920
0.00000,0.00000,0.00000,0.00000,0.00000,0.00000,0.00000,0.00000,0.00000,0.00000,0.00000,0.52645,0.00000,0.00000,0.11019,0.00831,0.00000,0.19500,0.07334,0.08672
0.00000,0.00000,0.00000,0.00000,0.00000,0.00000,0.00000,0.00000,0.00000,0.00000,0.00000,0.02843,0.00049,0.00000,0.38580,0.00900,0.00000,0.24555,0.01981,0.31091
0.00000,0.00000,0.00000,0.00000,0.00000,0.00000,0.00000,0.00000,0.00000,0.00000,0.53642,0.16448,0.00001,0.00000,0.05769,0.01236,0.00000,0.08587,0.01707,0.12610
0.00000,0.00000,0.00000,0.00000,0.00000,0.00000,0.00000,0.00000,0.00000,0.00000,0.21248,0.02985,0.00000,0.00000,0.17781,0.24912,0.00000,0.33036,0.00000,0.00037
0.00000,0.00000,0.00000,0.00000,0.00000,0.00000,0.00000,0.00000,0.00000,0.00000,0.00000,0.02480,0.00351,0.00000,0.39157,0.30012,0.00000,0.11933,0.15807,0.00260
0.21969,0.06874,0.10173,0.00000,0.30117,0.00000,0.00000,0.00000,0.00000,0.00000,0.00000,0.00000,0.00000,0.00000,0.00000,0.12534,0.00000,0.09104,0.00181,0.09049
0.00000,0.00000,0.00000,0.00000,0.00000,0.00000,0.00000,0.00000,0.00000,0.00000,0.01790,0.00339,0.00021,0.00000,0.54667,0.00046,0.00000,0.42255,0.00282,0.00601
0.00000,0.00000,0.00000,0.00000,0.00000,0.00000,0.00000,0.00000,0.00000,0.00000,0.00000,0.00109,0.00031,0.00000,0.06594,0.00843,0.04933,0.42422,0.40120,0.04947
0.03674,0.07383,0.00000,0.00000,0.10096,0.00000,0.00000,0.00000,0.00000,0.00000,0.00000,0.00000,0.00000,0.00000,0.00000,0.06928,0.00000,0.19529,0.37311,0.15080
0.00000,0.00000,0.00000,0.00000,0.00000,0.00000,0.00000,0.00000,0.00000,0.00000,0.00174,0.10652,0.01692,0.00000,0.36757,0.04441,0.00000,0.23571,0.21957,0.00757
0.00000,0.00000,0.00000,0.00000,0.00000,0.00000,0.00000,0.00000,0.00000,0.00000,0.00000,0.08911,0.00000,0.00000,0.19218,0.00844,0.00000,0.00021,0.52734,0.18272
0.00000,0.00000,0.00000,0.00000,0.00000,0.00000,0.00000,0.00000,0.00000,0.00000,0.00313,0.06382,0.03371,0.00000,0.47111,0.03852,0.00000,0.18602,0.19625,0.00745
0.00000,0.00000,0.00000,0.00000,0.00000,0.00000,0.00000,0.00000,0.00000,0.00000,0.11468,0.00160,0.00000,0.00000,0.02203,0.66104,0.00000,0.00696,0.19045,0.00324
0.00000,0.00000,0.00000,0.00000,0.00000,0.08500,0.11560,0.16294,0.00000,0.40510,0.00000,0.00000,0.00000,0.00000,0.00000,0.06098,0.00000,0.03308,0.10853,0.02877
0.00000,0.00000,0.00000,0.00000,0.00000,0.00000,0.00000,0.00000,0.00000,0.00000,0.02064,0.19013,0.10583,0.00000,0.36726,0.06486,0.00000,0.00409,0.24366,0.00353
0.00000,0.00000,0.00000,0.00000,0.00000,0.00000,0.00000,0.00000,0.00000,0.00000,0.00193,0.46444,0.00004,0.00000,0.10525,0.00073,0.00000,0.32882,0.08561,0.01316
0.00000,0.00000,0.00000,0.00000,0.00000,0.00000,0.00000,0.00000,0.00000,0.00000,0.06499,0.37270,0.00089,0.00000,0.02534,0.16145,0.00000,0.28710,0.08750,0.00004
0.00000,0.00000,0.00000,0.00000,0.00000,0.00000,0.00004,0.00000,0.00000,0.12772,0.00000,0.00000,0.00000,0.00000,0.00000,0.02707,0.00000,0.49548,0.34512,0.00458
0.00000,0.00000,0.00000,0.00000,0.00000,0.00000,0.00000,0.00000,0.00000,0.00000,0.02623,0.46572,0.01812,0.00000,0.36660,0.04923,0.00000,0.01366,0.06043,0.00000
0.00013,0.33484,0.00000,0.00000,0.07147,0.00000,0.00000,0.00000,0.00000,0.00000,0.00000,0.00000,0.00000,0.00000,0.00000,0.02815,0.00000,0.22378,0.29101,0.05061
0.00000,0.00000,0.00000,0.00000,0.00000,0.00000,0.00000,0.00000,0.00000,0.00000,0.00079,0.43701,0.00034,0.00010,0.07765,0.26653,0.00030,0.20302,0.01400,0.00026
0.00000,0.00000,0.00000,0.00000,0.00000,0.00000,0.00000,0.00000,0.00000,0.00000,0.66287,0.04604,0.01172,0.00000,0.09321,0.02794,0.00000,0.14846,0.00960,0.00016
0.00000,0.00000,0.00000,0.00000,0.00000,0.00000,0.00000,0.00000,0.00000,0.00000,0.22668,0.11520,0.00000,0.00000,0.01271,0.05789,0.00000,0.01458,0.34145,0.23149
0.00000,0.00000,0.00000,0.00000,0.00000,0.00000,0.00000,0.00000,0.00000,0.00000,0.00648,0.00001,0.50944,0.00000,0.21554,0.00018,0.00095,0.03675,0.08965,0.14100
0.00000,0.00000,0.00000,0.00000,0.00000,0.00000,0.00000,0.00000,0.00000,0.00000,0.01576,0.08987,0.00000,0.00000,0.20882,0.04796,0.00000,0.45537,0.00099,0.18123
0.00000,0.00000,0.00000,0.00000,0.00000,0.01393,0.12013,0.02505,0.00000,0.25907,0.00000,0.00000,0.00000,0.00000,0.00000,0.26954,0.00000,0.08505,0.12943,0.09779
0.00000,0.00000,0.00000,0.00000,0.00000,0.00000,0.00000,0.00000,0.00000,0.00000,0.00000,0.02059,0.00001,0.00000,0.85065,0.10096,0.00000,0.01713,0.00002,0.01065
0.00000,0.00000,0.00000,0.00000,0.00000,0.00000,0.09120,0.08432,0.00000,0.02844,0.00000,0.00000,0.00000,0.00000,0.00000,0.00625,0.00000,0.20208,0.07261,0.51509
0.00000,0.00000,0.00000,0.00000,0.00000,0.00000,0.00000,0.00000,0.00000,0.00000,0.03000,0.52566,0.02319,0.00000,0.11514,0.10429,0.00000,0.01079,0.00052,0.19041
0.00000,0.00000,0.00000,0.00000,0.00000,0.00000,0.00000,0.00000,0.00000,0.00000,0.00048,0.13618,0.00000,0.00000,0.01972,0.24295,0.00000,0.34923,0.05908,0.19235
0.00000,0.00000,0.00000,0.00000,0.00000,0.00000,0.00000,0.00000,0.00000,0.00000,0.03430,0.15617,0.00082,0.00000,0.46441,0.15985,0.00000,0.12475,0.05953,0.00018
0.00020,0.00337,0.02786,0.00000,0.70959,0.00000,0.00000,0.00000,0.00000,0.00000,0.00000,0.00000,0.00000,0.00000,0.00000,0.19300,0.00000,0.02288,0.03127,0.01182
0.00025,0.50661,0.00000,0.00000,0.11934,0.00000,0.00000,0.00000,0.00000,0.00000,0.00000,0.00000,0.00000,0.00000,0.00000,0.02498,0.00000,0.05171,0.00465,0.29247
0.00000,0.00000,0.00000,0.00000,0.00000,0.00000,0.00000,0.00000,0.00000,0.00000,0.01214,0.24637,0.37993,0.00029,0.26560,0.03374,0.00000,0.00836,0.00772,0.04586
0.00000,0.00000,0.00000,0.00000,0.00000,0.02383,0.03683,0.00001,0.11190,0.17625,0.00000,0.00000,0.00000,0.00000,0.00000,0.35753,0.00000,0.08071,0.02150,0.19144
0.00000,0.00000,0.00000,0.00000,0.00000,0.00000,0.00000,0.00000,0.00000,0.00000,0.00000,0.16046,0.00000,0.00013,0.28242,0.09613,0.00000,0.14191,0.31896,0.00000
0.00000,0.00000,0.00000,0.00000,0.00000,0.00000,0.00000,0.00000,0.00000,0.00000,0.00035,0.15713,0.00856,0.00000,0.24982,0.50171,0.00000,0.07864,0.00033,0.00346
0.00000,0.00000,0.00000,0.00000,0.00000,0.00312,0.04229,0.00000,0.00426,0.46339,0.00000,0.00000,0.00000,0.00000,0.00000,0.20453,0.00000,0.26171,0.02069,0.00001
0.00000,0.00000,0.00000,0.00000,0.00000,0.00000,0.00000,0.00000,0.00000,0.00000,0.10841,0.00081,0.00247,0.00000,0.04669,0.01201,0.00000,0.17122,0.36507,0.29333
0.00000,0.00000,0.00000,0.00000,0.00000,0.01896,0.23724,0.00248,0.00000,0.11339,0.00000,0.00000,0.00000,0.00000,0.00000,0.30944,0.00000,0.03428,0.04779,0.23641
0.00000,0.00000,0.00000,0.00000,0.00000,0.00021,0.26319,0.05290,0.00000,0.45626,0.00000,0.00000,0.00000,0.00000,0.00000,0.00392,0.00000,0.00295,0.04548,0.17509
0.00000,0.00000,0.00000,0.00000,0.00000,0.00000,0.00000,0.00000,0.00000,0.00000,0.02455,0.31454,0.00000,0.00000,0.64842,0.00056,0.00000,0.00143,0.00717,0.00334
0.00000,0.00000,0.00000,0.00000,0.00000,0.00056,0.33702,0.00210,0.00036,0.13171,0.00000,0.00000,0.00000,0.00000,0.00000,0.27231,0.00000,0.04261,0.14638,0.06697
0.00000,0.00000,0.00000,0.00000,0.00000,0.00000,0.00000,0.00000,0.00000,0.00000,0.00000,0.21310,0.00000,0.00000,0.12661,0.23268,0.00000,0.03438,0.01125,0.38197
0.00000,0.00000,0.00000,0.00000,0.00000,0.00000,0.00000,0.00000,0.00000,0.00000,0.00023,0.00527,0.00000,0.00000,0.01496,0.26545,0.00000,0.00515,0.67453,0.03441
0.00000,0.00000,0.00000,0.00000,0.00000,0.00000,0.00000,0.00000,0.00000,0.00000,0.00085,0.08250,0.00000,0.00000,0.77107,0.00827,0.00000,0.03946,0.09149,0.00635
0.00000,0.00000,0.00000,0.00000,0.00000,0.00000,0.00000,0.00000,0.00000,0.00000,0.00000,0.09908,0.00000,0.00000,0.03746,0.40237,0.00000,0.22435,0.23423,0.00251
0.01798,0.00200,0.00027,0.00000,0.35069,0.00000,0.00000,0.00000,0.00000,0.00000,0.00000,0.00000,0.00000,0.00000,0.00000,0.54787,0.00000,0.03165,0.03810,0.01144
0.00000,0.00000,0.00000,0.00000,0.00000,0.00155,0.08064,0.00000,0.00000,0.70450,0.00000,0.00000,0.00000,0.00000,0.00000,0.00259,0.00000,0.04555,0.13353,0.03165
0.00000,0.00000,0.00000,0.00000,0.00000,0.27940,0.28394,0.00013,0.00000,0.08292,0.00000,0.00000,0.00000,0.00000,0.00000,0.10788,0.00000,0.01238,0.23233,0.00103
0.00000,0.00000,0.00000,0.00000,0.00000,0.00000,0.00000,0.00000,0.00000,0.00000,0.02286,0.52298,0.00000,0.00000,0.09783,0.01820,0.00000,0.03374,0.27279,0.03160
0.00000,0.00000,0.00000,0.00000,0.00000,0.00000,0.00000,0.00000,0.00000,0.00000,0.05572,0.00431,0.00001,0.00000,0.49260,0.38396,0.00000,0.04324,0.01623,0.00393
0.00000,0.00000,0.00000,0.00000,0.00000,0.00000,0.00000,0.00000,0.00000,0.00000,0.00184,0.27501,0.00000,0.00000,0.05958,0.03871,0.00000,0.60776,0.00036,0.01675
0.00000,0.00000,0.00000,0.00000,0.00000,0.00000,0.00000,0.00000,0.00000,0.00000,0.02780,0.18807,0.00000,0.00000,0.06335,0.09301,0.00000,0.07764,0.37545,0.17468
0.00000,0.00000,0.00000,0.00000,0.00000,0.00000,0.00000,0.00000,0.00000,0.00000,0.00154,0.12013,0.06050,0.00000,0.66200,0.03097,0.00000,0.08114,0.02268,0.02104
0.00000,0.00000,0.00000,0.00000,0.00000,0.00000,0.00000,0.00000,0.00000,0.00000,0.02409,0.08057,0.00000,0.00829,0.28006,0.13203,0.00000,0.27169,0.10583,0.09745
0.00000,0.00000,0.00000,0.00000,0.00000,0.00000,0.00000,0.00000,0.00000,0.00000,0.04543,0.51107,0.00011,0.00000,0.08086,0.06610,0.00000,0.14080,0.02942,0.12622
0.00000,0.00000,0.00000,0.00000,0.00000,0.00000,0.00000,0.00000,0.00000,0.00000,0.00694,0.00047,0.00000,0.00000,0.25527,0.32261,0.00000,0.26917,0.00504,0.14051
0.00000,0.00000,0.00000,0.00000,0.00000,0.00000,0.00000,0.00000,0.00000,0.00000,0.00359,0.06486,0.46707,0.00000,0.20786,0.10800,0.00000,0.00412,0.05734,0.08715
0.00390,0.01355,0.04698,0.00002,0.43809,0.00000,0.00000,0.00000,0.00000,0.00000,0.00000,0.00000,0.00000,0.00000,0.00000,0.26399,0.00000,0.01587,0.02337,0.19421
0.00000,0.00000,0.00000,0.00000,0.00000,0.00000,0.00000,0.00000,0.00000,0.00000,0.00130,0.05681,0.00000,0.00000,0.74384,0.00033,0.00000,0.18980,0.00694,0.00099
0.00000,0.00000,0.00000,0.00000,0.00000,0.00000,0.00000,0.00000,0.00000,0.00000,0.00134,0.00007,0.00320,0.00008,0.82444,0.00921,0.00000,0.00550,0.04184,0.11431
0.00000,0.00000,0.00000,0.00000,0.00000,0.00000,0.00000,0.00000,0.00000,0.00000,0.11830,0.00242,0.00000,0.00000,0.19486,0.25190,0.00000,0.11548,0.00241,0.31463
0.00000,0.00000,0.00000,0.00000,0.00000,0.00000,0.00000,0.00000,0.00000,0.00000,0.00039,0.07821,0.00847,0.00000,0.04908,0.71858,0.00000,0.11536,0.02958,0.00032
0.00000,0.00000,0.00000,0.00000,0.00000,0.00000,0.00888,0.00171,0.00000,0.17995,0.00000,0.00000,0.00000,0.00000,0.00000,0.26669,0.00000,0.51659,0.02407,0.00211
0.28218,0.04350,0.00000,0.00000,0.40017,0.00000,0.00000,0.00000,0.00000,0.00000,0.00000,0.00000,0.00000,0.00000,0.00000,0.16690,0.00000,0.06051,0.04673,0.00000
0.00000,0.00000,0.00000,0.00000,0.00000,0.00000,0.00000,0.00000,0.00000,0.00000,0.01397,0.08318,0.00253,0.00000,0.08145,0.01502,0.00294,0.11331,0.01704,0.67056
0.00000,0.00000,0.00000,0.00000,0.00000,0.00000,0.00000,0.00000,0.00000,0.00000,0.11287,0.00907,0.04244,0.00000,0.03553,0.17172,0.00000,0.23962,0.01749,0.37126
0.00000,0.00000,0.00000,0.00000,0.00000,0.00000,0.00000,0.00000,0.00000,0.00000,0.00504,0.00809,0.00103,0.00000,0.15835,0.13115,0.00000,0.62923,0.05439,0.01271
0.00000,0.00000,0.00000,0.00000,0.00000,0.59560,0.17015,0.00001,0.00000,0.04098,0.00000,0.00000,0.00000,0.00000,0.00000,0.05968,0.00000,0.04428,0.06220,0.02711
0.00000,0.00000,0.00000,0.00000,0.00000,0.01340,0.00380,0.00000,0.00005,0.23006,0.00000,0.00000,0.00000,0.00000,0.00000,0.34503,0.00000,0.00490,0.07268,0.33008
0.00000,0.00000,0.00000,0.00000,0.00000,0.00000,0.00000,0.00000,0.00000,0.00000,0.00000,0.23341,0.00000,0.00000,0.48120,0.00091,0.00000,0.10691,0.04663,0.13094
0.00000,0.00000,0.00000,0.00000,0.00000,0.02285,0.39321,0.00001,0.00000,0.22545,0.00000,0.00000,0.00000,0.00000,0.00000,0.00011,0.00000,0.16187,0.14456,0.05195
0.00000,0.00000,0.00000,0.00000,0.00000,0.00000,0.00000,0.00000,0.00000,0.00000,0.00001,0.17525,0.00000,0.00000,0.09597,0.01466,0.00000,0.06300,0.00000,0.65112
0.00000,0.00000,0.00000,0.00000,0.00000,0.05164,0.03064,0.00002,0.00035,0.70165,0.00000,0.00000,0.00000,0.00000,0.00000,0.03217,0.00000,0.03397,0.14165,0.00790
0.00000,0.00000,0.00000,0.00000,0.00000,0.00000,0.00000,0.00000,0.00000,0.00000,0.00193,0.34511,0.00004,0.00000,0.23341,0.00224,0.00000,0.26534,0.05114,0.10079
0.00000,0.00000,0.00000,0.00000,0.00000,0.00000,0.00000,0.00000,0.00000,0.00000,0.20418,0.40842,0.00000,0.00000,0.02212,0.08801,0.00000,0.20615,0.04029,0.03082
0.00000,0.00000,0.00000,0.00000,0.00000,0.00000,0.00000,0.00000,0.00000,0.00000,0.12164,0.00461,0.00000,0.00000,0.13218,0.11443,0.00000,0.34249,0.24254,0.04211
0.00000,0.00000,0.00000,0.00000,0.00000,0.00000,0.00000,0.00000,0.00000,0.00000,0.00000,0.00075,0.17431,0.00000,0.50061,0.09892,0.00000,0.05271,0.14146,0.03123
0.00000,0.00000,0.00000,0.00000,0.00000,0.00000,0.00000,0.00000,0.00000,0.00000,0.01814,0.07716,0.00000,0.00000,0.11129,0.00254,0.07278,0.46470,0.24988,0.00350
0.00000,0.00000,0.00000,0.00000,0.00000,0.00000,0.00000,0.00000,0.00000,0.00000,0.02508,0.01466,0.00000,0.00000,0.10613,0.01598,0.00000,0.05809,0.32607,0.45399
0.00000,0.00000,0.00000,0.00000,0.00000,0.00000,0.00000,0.00000,0.00000,0.00000,0.00344,0.00871,0.00000,0.00000,0.20565,0.02453,0.00000,0.02618,0.73108,0.00041
0.00000,0.00000,0.00000,0.00000,0.00000,0.00000,0.00000,0.00000,0.00000,0.00000,0.00003,0.00001,0.25819,0.00000,0.08219,0.00948,0.00000,0.02406,0.38486,0.24117
0.00000,0.00000,0.00000,0.00000,0.00000,0.00000,0.00000,0.00000,0.00000,0.00000,0.05922,0.29349,0.00003,0.00019,0.41115,0.17010,0.00000,0.04289,0.02180,0.00112
0.00000,0.00000,0.00000,0.00000,0.00000,0.00000,0.00000,0.00000,0.00000,0.00000,0.00002,0.27011,0.00000,0.02050,0.04340,0.03973,0.00000,0.01417,0.53674,0.07534
0.00000,0.00000,0.00000,0.00000,0.00000,0.00000,0.00000,0.00000,0.00000,0.00000,0.01142,0.16832,0.00000,0.00000,0.58542,0.01767,0.00000,0.01229,0.10627,0.09861
0.00000,0.39428,0.00099,0.00000,0.01058,0.00000,0.00000,0.00000,0.00000,0.00000,0.00000,0.00000,0.00000,0.00000,0.00000,0.14874,0.00000,0.06624,0.26884,0.11032
0.00000,0.00000,0.00000,0.00000,0.00000,0.00000,0.00000,0.00000,0.00000,0.00000,0.00026,0.05518,0.00504,0.00000,0.28053,0.00067,0.00000,0.29895,0.22716,0.13222
0.00000,0.00000,0.00000,0.00000,0.00000,0.00000,0.00000,0.00000,0.00000,0.00000,0.00518,0.10362,0.00945,0.00000,0.03360,0.00035,0.00000,0.39375,0.44636,0.00769
0.00000,0.00000,0.00000,0.00000,0.00000,0.00000,0.00000,0.00000,0.00000,0.00000,0.05522,0.30307,0.04232,0.00000,0.27301,0.00431,0.00000,0.01382,0.30824,0.00000
0.00000,0.00000,0.00000,0.00000,0.00000,0.09449,0.00212,0.00000,0.00000,0.01874,0.00000,0.00000,0.00000,0.00000,0.00000,0.01888,0.00975,0.53662,0.07874,0.24065
0.00000,0.00000,0.00000,0.00000,0.00000,0.09037,0.08093,0.29260,0.00007,0.00116,0.00000,0.00000,0.00000,0.00000,0.00000,0.01525,0.00000,0.01258,0.22527,0.28176
0.01338,0.01322,0.00000,0.00000,0.07309,0.00000,0.00000,0.00000,0.00000,0.00000,0.00000,0.00000,0.00000,0.00000,0.00000,0.00027,0.00000,0.00721,0.32071,0.57212
0.00000,0.00000,0.00000,0.00000,0.00000,0.00000,0.00000,0.00000,0.00000,0.00000,0.00002,0.15544,0.00382,0.00736,0.16938,0.14044,0.00000,0.32267,0.10284,0.09805
0.00000,0.00000,0.00000,0.00000,0.00000,0.00000,0.00000,0.00000,0.00000,0.00000,0.00081,0.10543,0.05835,0.00000,0.35162,0.22244,0.00000,0.17066,0.07380,0.01690
0.00000,0.39780,0.00002,0.00000,0.16041,0.00000,0.00000,0.00000,0.00000,0.00000,0.00000,0.00000,0.00000,0.00000,0.00000,0.16051,0.00098,0.27964,0.00020,0.00044
0.00000,0.00000,0.00000,0.00000,0.00000,0.00000,0.00000,0.00000,0.00000,0.00000,0.20963,0.10701,0.00000,0.00000,0.52026,0.08138,0.00000,0.01532,0.06638,0.00000
0.00000,0.00000,0.00000,0.00000,0.00000,0.00000,0.00000,0.00000,0.00000,0.00000,0.00000,0.09035,0.00000,0.00069,0.24963,0.00035,0.00691,0.43259,0.16554,0.05395
0.00000,0.00000,0.00000,0.00000,0.00000,0.00003,0.07213,0.00000,0.00000,0.23734,0.00000,0.00000,0.00000,0.00000,0.00000,0.09202,0.00000,0.07935,0.42993,0.08920
0.00000,0.00000,0.00000,0.00000,0.00000,0.00000,0.00000,0.00000,0.00000,0.00000,0.00066,0.26620,0.00000,0.00000,0.13046,0.22874,0.00000,0.20238,0.04620,0.12537
0.00000,0.00000,0.00000,0.00000,0.00000,0.00000,0.00000,0.00000,0.00000,0.00000,0.01049,0.01491,0.00593,0.00000,0.51014,0.02768,0.00000,0.00782,0.24681,0.17622
0.00000,0.00000,0.00000,0.00000,0.00000,0.00000,0.00000,0.00000,0.00000,0.00000,0.13816,0.09075,0.31680,0.05683,0.03495,0.00285,0.00000,0.35467,0.00031,0.00469
0.00000,0.00000,0.00000,0.00000,0.00000,0.00000,0.00000,0.00000,0.00000,0.00000,0.00000,0.09117,0.12695,0.00000,0.25877,0.00044,0.00000,0.11373,0.34073,0.06821
0.00000,0.00000,0.00000,0.00000,0.00000,0.00000,0.00000,0.00000,0.00000,0.00000,0.00407,0.06277,0.00000,0.00000,0.05816,0.01035,0.00000,0.08474,0.77978,0.00013
0.00000,0.00000,0.00000,0.00000,0.00000,0.00000,0.00000,0.00000,0.00000,0.00000,0.00553,0.10888,0.00001,0.00019,0.11762,0.01933,0.00000,0.00013,0.58377,0.16455
0.00000,0.00000,0.00000,0.00000,0.00000,0.08144,0.04267,0.00034,0.00000,0.53624,0.00000,0.00000,0.00000,0.00000,0.00000,0.01254,0.00000,0.10099,0.04361,0.18216
0.03692,0.05919,0.00058,0.00000,0.42804,0.00000,0.00000,0.00000,0.00000,0.00000,0.00000,0.00000,0.00000,0.00000,0.00000,0.20722,0.00000,0.00380,0.26098,0.00328
0.00401,0.23206,0.00009,0.00000,0.08210,0.00000,0.00000,0.00000,0.00000,0.00000,0.00000,0.00000,0.00000,0.00000,0.00000,0.02019,0.00000,0.00001,0.04234,0.61920
0.00000,0.00000,0.00000,0.00000,0.00000,0.00000,0.00000,0.00000,0.00000,0.00000,0.00483,0.01158,0.13351,0.00000,0.04172,0.30635,0.00000,0.05942,0.01809,0.42449
0.00289,0.10998,0.00001,0.00000,0.12625,0.00000,0.00000,0.00000,0.00000,0.00000,0.00000,0.00000,0.00000,0.00000,0.00000,0.05995,0.00000,0.21112,0.12643,0.36338
0.00000,0.00000,0.00000,0.00000,0.00000,0.00000,0.00000,0.00000,0.00000,0.00000,0.00002,0.54207,0.02132,0.00000,0.18020,0.00000,0.00000,0.19615,0.02669,0.03355
0.00000,0.00000,0.00000,0.00000,0.00000,0.00000,0.00000,0.00000,0.00000,0.00000,0.00040,0.03198,0.00053,0.00000,0.07532,0.28839,0.00000,0.49597,0.09232,0.01509
0.00000,0.00002,0.00000,0.00000,0.25402,0.00000,0.00000,0.00000,0.00000,0.00000,0.00000,0.00000,0.00000,0.00000,0.00000,0.00303,0.00013,0.02381,0.15419,0.56481
0.00000,0.00000,0.00000,0.00000,0.00000,0.14313,0.02793,0.00001,0.00110,0.20449,0.00000,0.00000,0.00000,0.00000,0.00000,0.20105,0.00000,0.41467,0.00762,0.00000
0.00000,0.00000,0.00000,0.00000,0.00000,0.00000,0.00000,0.00000,0.00000,0.00000,0.00500,0.00396,0.00176,0.00000,0.23089,0.00081,0.00000,0.04352,0.67639,0.03766
