0.01643,0.02281,0.02490,0.02406,0.02554,0.02151,0.13156,0.02282,0.02263,0.12358,0.06168,0.03806,0.03779,0.02386,0.10765,0.02604,0.12156,0.04013,0.06893,0.03846
0.01832,0.01918,0.01733,0.01843,0.01922,0.01832,0.08500,0.01932,0.01707,0.08552,0.11565,0.03676,0.02928,0.01957,0.14076,0.02231,0.13205,0.02962,0.12029,0.03598
0.01600,0.01583,0.01443,0.01517,0.01902,0.01519,0.10100,0.01551,0.01692,0.10255,0.09692,0.02875,0.02759,0.01486,0.16646,0.01809,0.17748,0.02733,0.08706,0.02387
0.02164,0.02202,0.02005,0.02130,0.02709,0.01964,0.09318,0.02105,0.02198,0.09143,0.16491,0.03103,0.02565,0.01900,0.08488,0.01985,0.07248,0.02619,0.15807,0.03854
0.02283,0.02338,0.02253,0.02265,0.02711,0.02157,0.06916,0.01976,0.01908,0.06650,0.13385,0.04278,0.04019,0.02653,0.11030,0.02386,0.10804,0.03461,0.12541,0.03986
0.01682,0.01831,0.01865,0.01719,0.01856,0.01832,0.10331,0.01614,0.01717,0.10446,0.05476,0.03209,0.02791,0.01967,0.20282,0.01973,0.18557,0.02897,0.05224,0.02732
0.01682,0.01976,0.01791,0.01914,0.01963,0.01352,0.07283,0.01643,0.01790,0.07478,0.04347,0.03741,0.03332,0.01769,0.21063,0.01886,0.23571,0.03090,0.04429,0.03902
0.01268,0.01279,0.01080,0.01133,0.01382,0.01348,0.05773,0.01134,0.01202,0.06337,0.11314,0.02632,0.02482,0.01646,0.23829,0.01584,0.19412,0.02277,0.10480,0.02409
0.01521,0.01435,0.01435,0.01315,0.01818,0.01372,0.03862,0.01316,0.01272,0.04006,0.10662,0.03229,0.03290,0.01707,0.21266,0.01639,0.24459,0.02267,0.09445,0.02682
0.01767,0.01638,0.01758,0.01684,0.01933,0.01436,0.07127,0.01511,0.01669,0.07524,0.18071,0.04563,0.04180,0.02222,0.07099,0.02290,0.07715,0.03573,0.17951,0.04289
0.02033,0.01830,0.01862,0.01552,0.02221,0.01725,0.14426,0.01971,0.01618,0.14573,0.06170,0.02862,0.02769,0.01684,0.15165,0.02130,0.14390,0.01991,0.06286,0.02742
0.01596,0.01592,0.01719,0.01750,0.01832,0.01711,0.16946,0.01786,0.01617,0.16381,0.07358,0.02960,0.02616,0.01697,0.12689,0.01668,0.11584,0.02218,0.07490,0.02791
0.01672,0.01841,0.01815,0.01563,0.02027,0.01718,0.24354,0.01789,0.01380,0.24766,0.04294,0.02191,0.02017,0.01373,0.09053,0.01465,0.08309,0.02110,0.04184,0.02079
0.01839,0.01759,0.01815,0.01727,0.01940,0.01692,0.08758,0.01431,0.01745,0.09858,0.05778,0.06587,0.05829,0.02872,0.11958,0.02598,0.14876,0.05965,0.05752,0.05221
0.01392,0.01683,0.01874,0.01836,0.01982,0.01479,0.06170,0.01814,0.01666,0.05953,0.05430,0.03582,0.03475,0.01809,0.22096,0.01826,0.24768,0.02618,0.05501,0.03046
0.02155,0.02344,0.01972,0.02550,0.02426,0.02238,0.09023,0.02529,0.01947,0.08463,0.04221,0.03856,0.03570,0.02538,0.17500,0.02457,0.18516,0.03473,0.04194,0.04028
0.02289,0.02855,0.02772,0.02793,0.02961,0.02636,0.10998,0.02378,0.02343,0.11341,0.08300,0.04494,0.04076,0.02651,0.10169,0.02411,0.09605,0.03816,0.07760,0.03354
0.01770,0.02077,0.01746,0.01927,0.02378,0.02010,0.04611,0.01871,0.01603,0.04735,0.08339,0.03858,0.03673,0.02348,0.20180,0.02204,0.18618,0.03554,0.08208,0.04288
0.01310,0.01612,0.01507,0.01676,0.02054,0.01692,0.13723,0.01668,0.01528,0.11915,0.04005,0.02965,0.02423,0.01760,0.19439,0.01779,0.20278,0.02270,0.03901,0.02494
0.01750,0.02151,0.01963,0.02249,0.02470,0.01828,0.06015,0.01850,0.01984,0.06095,0.16081,0.03920,0.03530,0.02582,0.10174,0.02113,0.10031,0.03299,0.16100,0.03816
0.01538,0.01611,0.01532,0.01392,0.01594,0.01500,0.13968,0.01488,0.01533,0.13677,0.09246,0.03010,0.02478,0.01618,0.14442,0.01557,0.14912,0.02276,0.08164,0.02464
0.01457,0.01555,0.01582,0.01461,0.01737,0.01466,0.06171,0.01762,0.01569,0.06369,0.08662,0.04110,0.03587,0.02183,0.18184,0.02003,0.21053,0.03217,0.08731,0.03142
0.01973,0.02023,0.01977,0.01845,0.02146,0.01954,0.14450,0.02170,0.01794,0.14142,0.04483,0.03779,0.04288,0.02444,0.12647,0.02281,0.14192,0.03239,0.04668,0.03506
0.01841,0.02048,0.02131,0.02001,0.02446,0.01937,0.13266,0.02096,0.01915,0.14433,0.06180,0.03886,0.03325,0.02238,0.12729,0.02381,0.12493,0.03241,0.06142,0.03271
0.01651,0.01626,0.01478,0.01393,0.01896,0.01411,0.07299,0.01431,0.01713,0.06643,0.08348,0.04007,0.03428,0.01908,0.17298,0.02417,0.19061,0.03784,0.08521,0.04687
0.01120,0.01117,0.01304,0.01197,0.01399,0.01172,0.04193,0.01250,0.01061,0.04409,0.03804,0.04286,0.03758,0.01779,0.19217,0.01988,0.35753,0.03529,0.04024,0.03639
0.01654,0.01960,0.01976,0.01947,0.02110,0.01776,0.09387,0.01906,0.01677,0.08391,0.08130,0.06602,0.04982,0.03331,0.11020,0.02901,0.12562,0.05164,0.08029,0.04495
0.02952,0.02542,0.02806,0.02823,0.02957,0.02562,0.11194,0.02500,0.02625,0.12927,0.06816,0.04234,0.04052,0.02721,0.08102,0.02960,0.08819,0.04008,0.07392,0.05008
0.01815,0.02163,0.01958,0.01862,0.02166,0.01887,0.10836,0.02254,0.01980,0.10011,0.10191,0.04796,0.03491,0.02471,0.11241,0.02295,0.10745,0.03325,0.10145,0.04366
0.01751,0.02174,0.01877,0.01796,0.02045,0.01739,0.14602,0.01821,0.01687,0.13628,0.07959,0.03706,0.03501,0.02036,0.11025,0.02068,0.12161,0.03218,0.07822,0.03384
0.01840,0.01965,0.01979,0.02101,0.02002,0.01900,0.07429,0.02081,0.01830,0.06981,0.13636,0.03027,0.02694,0.01636,0.13511,0.02290,0.12698,0.02807,0.14441,0.03155
0.01838,0.02027,0.01927,0.01661,0.02036,0.02159,0.08219,0.01809,0.01649,0.08720,0.03998,0.06198,0.06473,0.03251,0.14558,0.02643,0.16956,0.05221,0.04144,0.04513
0.02408,0.02410,0.02176,0.02334,0.02619,0.02172,0.12454,0.02268,0.02347,0.12805,0.05591,0.03547,0.03222,0.02404,0.12401,0.02622,0.12245,0.03769,0.06143,0.04064
0.01198,0.01597,0.01555,0.01568,0.01711,0.01461,0.05683,0.01414,0.01578,0.05031,0.08100,0.02452,0.02359,0.01353,0.26855,0.01454,0.23622,0.02114,0.06732,0.02163
0.01555,0.01535,0.01415,0.01417,0.01504,0.01501,0.08256,0.01363,0.01411,0.08787,0.20262,0.03237,0.03020,0.01878,0.06427,0.01979,0.06382,0.02648,0.22334,0.03091
0.01765,0.01893,0.01869,0.01750,0.02085,0.01800,0.15035,0.01561,0.01640,0.15207,0.10736,0.03443,0.02931,0.01881,0.08134,0.01851,0.07955,0.02793,0.12458,0.03212
0.02652,0.02624,0.02319,0.02710,0.02691,0.02429,0.11120,0.02437,0.02684,0.11126,0.08293,0.03945,0.04079,0.02727,0.10371,0.02984,0.09655,0.03549,0.07645,0.03959
0.01343,0.01350,0.01546,0.01545,0.01630,0.01315,0.04053,0.01358,0.01278,0.04055,0.19214,0.04742,0.04307,0.02023,0.09488,0.02212,0.10460,0.03589,0.20631,0.03861
0.02367,0.02503,0.02689,0.02312,0.02650,0.02093,0.08770,0.02212,0.02099,0.07711,0.10843,0.04635,0.04151,0.02806,0.09501,0.02471,0.09850,0.04249,0.11041,0.05049
0.01567,0.01879,0.01611,0.01952,0.01962,0.01462,0.08828,0.01733,0.01752,0.09380,0.09553,0.03955,0.03138,0.02346,0.15108,0.02383,0.15156,0.03600,0.08677,0.03956
0.01634,0.01823,0.02050,0.02133,0.02385,0.01765,0.12712,0.01637,0.01890,0.11634,0.04840,0.03139,0.03130,0.01851,0.15424,0.02201,0.19401,0.02869,0.04457,0.03025
0.01283,0.01182,0.01287,0.01357,0.01444,0.01164,0.15583,0.01098,0.01097,0.16133,0.17334,0.02277,0.02118,0.01232,0.06577,0.01468,0.06861,0.01957,0.16198,0.02350
0.01674,0.01595,0.01656,0.01580,0.02029,0.01815,0.06590,0.01802,0.01556,0.06867,0.11521,0.03438,0.02730,0.01924,0.16573,0.01988,0.16443,0.02904,0.11722,0.03592
0.02030,0.01857,0.02232,0.02110,0.02313,0.02156,0.09075,0.01917,0.01961,0.07978,0.07944,0.03958,0.03354,0.02149,0.17182,0.02302,0.15658,0.02856,0.07299,0.03671
0.02015,0.01884,0.01868,0.02036,0.02100,0.02048,0.09964,0.01818,0.01865,0.09790,0.04934,0.04335,0.03589,0.02447,0.17620,0.02280,0.17003,0.03547,0.04788,0.04069
0.02775,0.02593,0.02539,0.02428,0.02687,0.02422,0.11012,0.02585,0.02399,0.11021,0.07226,0.05384,0.04364,0.03416,0.07406,0.03380,0.07549,0.05112,0.07984,0.05717
0.02558,0.02534,0.02647,0.02312,0.02968,0.02541,0.08677,0.02741,0.02427,0.09037,0.06618,0.03688,0.04204,0.02508,0.14400,0.02555,0.14236,0.03328,0.06076,0.03945
0.01669,0.01883,0.01637,0.01722,0.02059,0.01744,0.09951,0.01760,0.01804,0.11386,0.05846,0.05053,0.04986,0.02998,0.12828,0.02439,0.14719,0.04391,0.06916,0.04207
0.01119,0.01130,0.01160,0.01256,0.01420,0.01044,0.28207,0.01310,0.01283,0.26782,0.03880,0.02247,0.01992,0.01399,0.07586,0.01491,0.08259,0.02297,0.03895,0.02240
0.01645,0.01400,0.01551,0.01484,0.01813,0.01653,0.06214,0.01724,0.01586,0.06521,0.11693,0.02943,0.02461,0.01616,0.20053,0.01765,0.16185,0.02511,0.11891,0.03292
0.01566,0.01869,0.02050,0.01778,0.02109,0.01676,0.03992,0.01741,0.01833,0.03952,0.07182,0.05307,0.05336,0.02489,0.17013,0.02243,0.19192,0.04114,0.08304,0.06252
0.02216,0.02277,0.02082,0.02112,0.02409,0.02327,0.10682,0.02115,0.02428,0.11291,0.03665,0.05123,0.05857,0.03774,0.11324,0.03166,0.12497,0.05665,0.03959,0.05030
0.02153,0.02653,0.02689,0.02392,0.02720,0.02196,0.07201,0.02259,0.02384,0.07528,0.05840,0.03707,0.04184,0.02840,0.16895,0.02378,0.16188,0.04023,0.05934,0.03835
0.01641,0.01760,0.01589,0.01493,0.01633,0.01308,0.20458,0.01751,0.01507,0.24612,0.05731,0.03495,0.03606,0.02356,0.05930,0.02026,0.06318,0.03234,0.06275,0.03277
0.01983,0.02090,0.02110,0.01877,0.02301,0.01861,0.07031,0.01988,0.01683,0.06477,0.14101,0.03210,0.03357,0.02094,0.14129,0.02152,0.13079,0.02832,0.12180,0.03466
0.01555,0.01420,0.01483,0.01443,0.01806,0.01673,0.05682,0.01555,0.01584,0.05870,0.14138,0.02945,0.02937,0.01679,0.18762,0.01661,0.16382,0.02269,0.12439,0.02717
0.01746,0.01853,0.01915,0.01609,0.02039,0.01871,0.04720,0.01695,0.01839,0.04868,0.05329,0.03396,0.03157,0.01936,0.26446,0.01664,0.21993,0.02744,0.05534,0.03645
0.01288,0.01439,0.01486,0.01254,0.01533,0.01367,0.04447,0.01473,0.01488,0.04269,0.05013,0.03266,0.03038,0.01851,0.22747,0.01930,0.30687,0.03088,0.04931,0.03406
0.01811,0.01885,0.01735,0.01971,0.02324,0.01760,0.04877,0.01947,0.01504,0.05281,0.15659,0.03990,0.03848,0.02344,0.10876,0.02546,0.10983,0.03753,0.15817,0.05088
0.02017,0.01967,0.02179,0.02422,0.02528,0.01732,0.04867,0.02104,0.02258,0.05050,0.09326,0.04931,0.05850,0.03167,0.11718,0.03131,0.11453,0.05531,0.10211,0.07557
0.01883,0.01879,0.01859,0.01896,0.02003,0.02098,0.07073,0.01915,0.01746,0.07311,0.05678,0.02618,0.02375,0.01707,0.26082,0.01774,0.19693,0.02290,0.05532,0.02587
0.02103,0.02312,0.02397,0.02214,0.02697,0.02203,0.06742,0.02346,0.02498,0.07679,0.10013,0.04017,0.03261,0.02429,0.13746,0.02487,0.12781,0.03737,0.09881,0.04455
0.01929,0.01901,0.01813,0.01782,0.02067,0.01761,0.09803,0.02036,0.01792,0.09137,0.11780,0.02869,0.02454,0.01715,0.15368,0.01787,0.14260,0.02447,0.10240,0.03060
0.01660,0.01891,0.01577,0.01737,0.01881,0.01707,0.06613,0.01959,0.01491,0.07146,0.05544,0.03869,0.04246,0.02968,0.16619,0.02586,0.20132,0.05061,0.05897,0.05416
0.02082,0.02095,0.01862,0.01998,0.02091,0.02284,0.07904,0.01985,0.01860,0.07791,0.14863,0.03379,0.03257,0.02026,0.12381,0.01881,0.10312,0.03012,0.13065,0.03872
0.01460,0.01647,0.01793,0.01788,0.01946,0.01588,0.07506,0.01656,0.01676,0.07305,0.05436,0.02967,0.02581,0.01531,0.22846,0.01674,0.24144,0.02479,0.05335,0.02641
0.02337,0.02645,0.02633,0.02506,0.02803,0.02179,0.11150,0.02319,0.02262,0.10771,0.09323,0.03602,0.03741,0.02581,0.10210,0.02598,0.10222,0.03744,0.08576,0.03799
0.01643,0.01702,0.01787,0.01668,0.01859,0.01615,0.03923,0.01580,0.01462,0.03700,0.07219,0.03558,0.03485,0.01832,0.23263,0.01923,0.23304,0.03263,0.07039,0.04175
0.01895,0.01885,0.01948,0.01991,0.02276,0.01959,0.10131,0.02020,0.02034,0.09771,0.03619,0.02909,0.02611,0.01816,0.20292,0.02038,0.21723,0.02628,0.03733,0.02723
0.01694,0.01937,0.01809,0.01798,0.02374,0.01827,0.06959,0.01948,0.01815,0.06616,0.07447,0.05298,0.04699,0.02270,0.12739,0.02615,0.15506,0.04910,0.09355,0.06384
0.01187,0.01375,0.01460,0.01344,0.01514,0.01261,0.05266,0.01249,0.01408,0.05580,0.06361,0.01899,0.01785,0.01225,0.34567,0.01245,0.21243,0.01692,0.06343,0.01996
0.01650,0.01571,0.01726,0.01459,0.01828,0.01372,0.11686,0.01558,0.01622,0.12152,0.09315,0.03716,0.02982,0.01906,0.14566,0.01756,0.14517,0.02582,0.08957,0.03080
0.01863,0.02131,0.02110,0.02043,0.02389,0.01826,0.14564,0.01748,0.02112,0.15476,0.04390,0.04563,0.04139,0.02926,0.09737,0.02698,0.11098,0.04262,0.04389,0.05535
0.01668,0.01496,0.01176,0.01494,0.01677,0.01330,0.06020,0.01516,0.01384,0.06295,0.13108,0.03624,0.03295,0.01853,0.16392,0.01696,0.17105,0.03077,0.11852,0.03943
0.01446,0.01539,0.01595,0.01498,0.01841,0.01445,0.04700,0.01420,0.01396,0.04584,0.07083,0.02403,0.01941,0.01284,0.30301,0.01489,0.22968,0.01728,0.06970,0.02368
0.02261,0.02756,0.02304,0.02744,0.02747,0.02730,0.10791,0.02399,0.02480,0.09881,0.09204,0.03091,0.03040,0.02078,0.13140,0.02314,0.11230,0.02854,0.08770,0.03186
0.01842,0.02112,0.02370,0.02079,0.02675,0.02020,0.05912,0.01964,0.02103,0.06467,0.06637,0.05237,0.04733,0.02418,0.14987,0.02706,0.17314,0.04227,0.06964,0.05230
0.02905,0.03022,0.02985,0.03014,0.03295,0.03176,0.08289,0.02866,0.02682,0.09377,0.05909,0.05337,0.04658,0.03925,0.10259,0.03170,0.09674,0.04614,0.05908,0.04935
0.02623,0.02120,0.02247,0.02290,0.02754,0.02481,0.08621,0.02473,0.02181,0.09235,0.05109,0.05156,0.05305,0.03647,0.12204,0.03183,0.13082,0.04720,0.05161,0.05406
0.01704,0.01827,0.01668,0.01838,0.01900,0.01570,0.19638,0.01569,0.01714,0.20446,0.03646,0.02951,0.03244,0.01909,0.10954,0.01997,0.12226,0.02928,0.03381,0.02889
0.01708,0.01642,0.02091,0.01856,0.02448,0.01811,0.13819,0.01887,0.01791,0.13132,0.12875,0.03760,0.03103,0.02053,0.07345,0.02038,0.07327,0.03186,0.12332,0.03794
0.01367,0.01318,0.01366,0.01338,0.01531,0.01265,0.16435,0.01170,0.01247,0.12611,0.20915,0.02314,0.01848,0.01155,0.07063,0.01357,0.06253,0.01684,0.15593,0.02170
0.01901,0.02124,0.02016,0.02221,0.02476,0.02022,0.12957,0.02178,0.02155,0.12828,0.04759,0.03698,0.03158,0.02050,0.15486,0.02255,0.15449,0.02691,0.04631,0.02945
0.01313,0.01470,0.01377,0.01319,0.01586,0.01380,0.04368,0.01412,0.01331,0.04532,0.04634,0.02900,0.02638,0.01644,0.30665,0.01607,0.25965,0.02459,0.04756,0.02645
0.01527,0.01717,0.01762,0.01655,0.01836,0.01437,0.08807,0.01457,0.01645,0.08095,0.07369,0.03654,0.02792,0.01898,0.19035,0.02163,0.19139,0.03061,0.07968,0.02983
0.01791,0.02042,0.02015,0.02208,0.02142,0.01788,0.08321,0.01932,0.01940,0.08395,0.07065,0.04128,0.04212,0.02451,0.13582,0.02490,0.14825,0.04523,0.08486,0.05666
0.02268,0.02723,0.02843,0.02911,0.03062,0.02668,0.10234,0.02459,0.02170,0.11131,0.07725,0.04384,0.04012,0.02362,0.10489,0.02205,0.10987,0.03408,0.08089,0.03870
0.01600,0.01717,0.01407,0.01640,0.01865,0.01483,0.29223,0.01394,0.01489,0.27030,0.04715,0.02087,0.01782,0.01215,0.05705,0.01391,0.05680,0.01703,0.04840,0.02032
0.01897,0.02076,0.01800,0.02021,0.02323,0.01835,0.07434,0.01823,0.01872,0.07574,0.11871,0.05434,0.04723,0.02817,0.08609,0.02589,0.10164,0.04675,0.13083,0.05382
0.02096,0.01836,0.02001,0.01535,0.02208,0.01769,0.14848,0.01644,0.01620,0.18564,0.06463,0.05909,0.05704,0.03344,0.05099,0.02643,0.05698,0.05317,0.06815,0.04886
0.02192,0.02205,0.02340,0.02040,0.02264,0.01931,0.14839,0.01854,0.01899,0.15099,0.06907,0.04409,0.03867,0.02770,0.08653,0.02732,0.09073,0.03779,0.07257,0.03889
0.01844,0.02045,0.02256,0.02147,0.02174,0.01908,0.06960,0.01970,0.01946,0.06889,0.08292,0.04240,0.03642,0.02306,0.17453,0.02379,0.17030,0.03428,0.07388,0.03702
0.02143,0.02244,0.02146,0.02014,0.02099,0.02093,0.13071,0.02075,0.01889,0.14425,0.08475,0.03653,0.03197,0.01978,0.11128,0.02005,0.11280,0.03003,0.07731,0.03351
0.01551,0.01503,0.01264,0.01382,0.01815,0.01456,0.21758,0.01523,0.01504,0.19216,0.06705,0.02683,0.02469,0.01607,0.09858,0.01633,0.10618,0.02025,0.06938,0.02491
0.01748,0.01851,0.01735,0.01840,0.02133,0.01902,0.07411,0.01953,0.01586,0.07375,0.15701,0.03778,0.03356,0.02007,0.10081,0.02143,0.10402,0.03035,0.16240,0.03723
0.01382,0.01635,0.01462,0.01606,0.01918,0.01233,0.06383,0.01547,0.01404,0.05907,0.08731,0.03269,0.03091,0.01626,0.19607,0.01783,0.22746,0.02601,0.08818,0.03252
0.02282,0.02587,0.02531,0.02624,0.03544,0.02243,0.19651,0.02266,0.02333,0.16719,0.04899,0.03014,0.03029,0.02275,0.08393,0.02282,0.08626,0.02736,0.05097,0.02870
0.01327,0.01688,0.01389,0.01197,0.01532,0.01306,0.03123,0.01384,0.01308,0.03146,0.05919,0.02890,0.03144,0.01765,0.29364,0.01634,0.26809,0.02317,0.05862,0.02894
0.01414,0.01574,0.01364,0.01311,0.01662,0.01479,0.05090,0.01517,0.01396,0.05200,0.06820,0.02934,0.02358,0.01503,0.28212,0.01744,0.22681,0.02320,0.06583,0.02838
0.02480,0.02813,0.02576,0.02247,0.02869,0.02357,0.13478,0.02212,0.02239,0.13882,0.08412,0.04354,0.03841,0.02680,0.06726,0.02747,0.06598,0.03841,0.09414,0.04236
