0.03283,0.31580,0.02659,0.07602,0.11044,0.10031,0.02118,0.02003,0.11733,0.00829,0.06789,0.10328
0.07115,0.43990,0.04318,0.01697,0.06987,0.05227,0.01028,0.14865,0.02320,0.02140,0.08818,0.01497
0.19871,0.07794,0.01853,0.03151,0.14469,0.05207,0.18093,0.14226,0.01263,0.02116,0.03395,0.08562
0.04079,0.04035,0.03048,0.00955,0.22428,0.07238,0.00577,0.01186,0.20999,0.16208,0.00648,0.18598
0.03310,0.03529,0.02318,0.00994,0.10260,0.61683,0.00917,0.10632,0.00605,0.02468,0.01229,0.02053
0.36001,0.06646,0.02524,0.06489,0.10369,0.08474,0.03674,0.07578,0.14636,0.00948,0.00921,0.01742
0.03119,0.06512,0.01393,0.08060,0.04576,0.17436,0.01817,0.04362,0.01046,0.21329,0.07196,0.23154
0.06661,0.10872,0.02347,0.05799,0.14686,0.05031,0.08382,0.20773,0.02455,0.04219,0.13496,0.05280
0.06242,0.41983,0.02182,0.01727,0.16142,0.02631,0.00511,0.15560,0.01620,0.03759,0.01930,0.05712
0.08798,0.18199,0.04885,0.02093,0.05230,0.42286,0.00774,0.02769,0.05512,0.04794,0.00851,0.03808
0.14743,0.14942,0.02119,0.02341,0.03025,0.13261,0.03669,0.20757,0.01679,0.01335,0.19236,0.02892
0.09666,0.08203,0.01981,0.01942,0.22001,0.23924,0.03945,0.18649,0.03056,0.02349,0.01365,0.02919
0.07084,0.23126,0.08161,0.02156,0.16684,0.13221,0.01423,0.08274,0.10566,0.05205,0.02232,0.01868
0.04813,0.31028,0.02371,0.04522,0.11900,0.15762,0.03817,0.09156,0.03369,0.02912,0.03313,0.07037
0.47598,0.04165,0.07564,0.01664,0.12568,0.04188,0.00695,0.04785,0.08515,0.03480,0.01708,0.03069
0.02690,0.02851,0.01049,0.00716,0.02094,0.12987,0.02031,0.02019,0.01326,0.35352,0.00642,0.36243
0.05449,0.01877,0.07676,0.00665,0.24212,0.22309,0.03168,0.02042,0.18564,0.06299,0.00573,0.07166
0.63768,0.05967,0.01672,0.01475,0.07012,0.06393,0.00400,0.06857,0.00927,0.02330,0.01059,0.02139
0.27354,0.09375,0.02105,0.01531,0.07719,0.35014,0.01704,0.07943,0.01452,0.02270,0.01543,0.01991
0.28738,0.13912,0.01556,0.00791,0.02177,0.41754,0.00718,0.01730,0.01253,0.03152,0.00705,0.03512
0.22745,0.20872,0.05992,0.01507,0.06935,0.22046,0.02624,0.05165,0.04988,0.02417,0.00581,0.04128
0.06227,0.05703,0.01630,0.07745,0.15045,0.29952,0.01275,0.13504,0.03667,0.03848,0.07444,0.03962
0.09590,0.10073,0.02984,0.01860,0.30971,0.02424,0.02516,0.27010,0.02671,0.03793,0.01709,0.04399
0.04501,0.03905,0.30383,0.01026,0.01296,0.05400,0.00905,0.01135,0.00709,0.39808,0.00833,0.10099
0.06919,0.19166,0.02452,0.04084,0.02963,0.30568,0.02219,0.11826,0.02664,0.01604,0.11834,0.03701
0.04739,0.02916,0.00727,0.02867,0.01878,0.77717,0.00409,0.01419,0.01461,0.00651,0.04049,0.01167
0.08596,0.08849,0.01587,0.05715,0.03832,0.53230,0.01466,0.04336,0.00853,0.02867,0.05517,0.03153
0.05328,0.25869,0.01949,0.01231,0.05044,0.08282,0.05235,0.23976,0.01303,0.01469,0.19088,0.01226
0.12649,0.11875,0.02984,0.01199,0.08990,0.21491,0.00731,0.08642,0.01885,0.13526,0.01211,0.14816
0.09675,0.47091,0.01923,0.05068,0.03553,0.16856,0.00810,0.02385,0.01374,0.02196,0.06458,0.02611
0.08123,0.03279,0.00998,0.29189,0.03297,0.05672,0.01100,0.02589,0.01567,0.06944,0.28524,0.08719
0.16641,0.19987,0.06333,0.05033,0.05513,0.06799,0.19574,0.04346,0.02999,0.05121,0.02194,0.05461
0.20232,0.18445,0.02512,0.01779,0.14541,0.18963,0.00802,0.10264,0.04493,0.02771,0.01194,0.04003
0.23479,0.24310,0.15403,0.01068,0.02116,0.04547,0.00862,0.01658,0.01193,0.18591,0.00840,0.05934
0.10131,0.09963,0.01974,0.04667,0.03184,0.43552,0.00939,0.02671,0.01493,0.07556,0.04284,0.09585
0.24433,0.24231,0.12453,0.02985,0.03178,0.08330,0.00887,0.01785,0.01545,0.13848,0.02002,0.04322
0.08838,0.09206,0.01785,0.01978,0.04087,0.62753,0.00825,0.01602,0.03104,0.02311,0.01242,0.02267
0.27290,0.24629,0.04229,0.01323,0.14120,0.03920,0.00492,0.02160,0.14295,0.01877,0.00590,0.05075
0.58743,0.24229,0.01136,0.00900,0.01687,0.04929,0.02172,0.01468,0.01162,0.01211,0.00860,0.01504
0.09808,0.33510,0.01636,0.01361,0.03431,0.38067,0.01953,0.01824,0.04217,0.01095,0.00893,0.02204
0.23096,0.21480,0.01610,0.00876,0.20381,0.04181,0.01518,0.18686,0.01421,0.02931,0.00982,0.02838
0.22642,0.21318,0.01624,0.01702,0.04281,0.30050,0.05210,0.05847,0.02295,0.00842,0.02803,0.01387
0.05095,0.07940,0.03948,0.01487,0.26542,0.06048,0.15834,0.24042,0.02898,0.02193,0.00872,0.03103
0.30290,0.18170,0.05338,0.05571,0.05041,0.06040,0.01253,0.04464,0.01766,0.09183,0.05933,0.06949
0.16562,0.15792,0.04243,0.12626,0.03491,0.04115,0.05472,0.05275,0.01626,0.05793,0.15037,0.09967
0.65128,0.10859,0.01092,0.02533,0.02372,0.07824,0.01706,0.01291,0.03960,0.00575,0.01413,0.01245
0.08223,0.32093,0.03374,0.04926,0.02357,0.24203,0.11028,0.02925,0.02138,0.02500,0.04671,0.01561
0.05907,0.04407,0.12979,0.01179,0.02889,0.02764,0.08858,0.02238,0.01290,0.33465,0.00784,0.23239
0.31477,0.41957,0.00851,0.01033,0.02036,0.13624,0.02596,0.02032,0.01148,0.01049,0.00842,0.01354
0.21884,0.20661,0.04211,0.01608,0.02781,0.03044,0.30860,0.04292,0.01398,0.03321,0.02530,0.03410
0.08168,0.13763,0.02610,0.01024,0.13055,0.06076,0.21500,0.03387,0.10885,0.08831,0.01292,0.09411
0.03752,0.09451,0.02733,0.01528,0.21005,0.31676,0.03277,0.18593,0.03140,0.02177,0.00707,0.01960
0.29712,0.28317,0.01869,0.01876,0.03641,0.21696,0.04679,0.01905,0.02828,0.01030,0.00890,0.01558
0.10262,0.41798,0.01616,0.02708,0.16174,0.03378,0.01173,0.14612,0.03545,0.01113,0.01509,0.02111
0.02228,0.04579,0.04134,0.02721,0.11444,0.04616,0.18060,0.13010,0.03978,0.16364,0.02313,0.16553
0.06217,0.04168,0.23479,0.02620,0.06731,0.17050,0.01821,0.05715,0.03429,0.22831,0.02057,0.03882
0.13435,0.07018,0.02896,0.13036,0.02870,0.14056,0.07304,0.10540,0.03486,0.02637,0.18881,0.03843
0.20324,0.14277,0.03519,0.08949,0.17158,0.04664,0.01094,0.02825,0.18249,0.01597,0.04722,0.02622
0.29003,0.26299,0.03854,0.02417,0.03739,0.06897,0.01071,0.03046,0.04194,0.09662,0.01824,0.07992
0.06478,0.30188,0.02642,0.07674,0.11425,0.02962,0.07344,0.14335,0.03815,0.02309,0.07964,0.02865
0.07839,0.07660,0.03629,0.01686,0.11837,0.04549,0.04301,0.01922,0.09156,0.22289,0.01500,0.23630
0.10184,0.05327,0.03199,0.12426,0.02092,0.18898,0.24586,0.02765,0.06345,0.02057,0.08682,0.03439
0.20960,0.06636,0.01329,0.01543,0.03569,0.53542,0.00707,0.02746,0.01616,0.02092,0.02178,0.03084
0.12312,0.06394,0.02594,0.01769,0.07577,0.51229,0.02471,0.06977,0.02090,0.01980,0.01570,0.03038
0.06233,0.06397,0.02319,0.00821,0.24491,0.28750,0.03470,0.22348,0.02052,0.01412,0.00677,0.01031
0.10256,0.24392,0.02728,0.02189,0.07582,0.02793,0.13856,0.02993,0.05912,0.11880,0.02561,0.12859
0.27950,0.27743,0.02895,0.03489,0.03431,0.22143,0.00882,0.02145,0.01985,0.01543,0.01857,0.03938
0.04161,0.03959,0.02352,0.04412,0.02251,0.26898,0.04294,0.21014,0.01321,0.04142,0.20882,0.04316
0.21379,0.14213,0.02166,0.06538,0.17275,0.04315,0.03121,0.02869,0.21464,0.01692,0.02371,0.02598
0.13448,0.13236,0.02530,0.02522,0.15960,0.07939,0.19447,0.11477,0.05882,0.01577,0.02924,0.03059
0.09456,0.07872,0.02577,0.18790,0.10830,0.09153,0.06006,0.08671,0.02666,0.01607,0.18776,0.03596
0.07372,0.07250,0.01618,0.06987,0.12767,0.36282,0.01848,0.10270,0.02132,0.01915,0.07579,0.03980
0.27133,0.26621,0.01627,0.01528,0.03155,0.28565,0.00793,0.02703,0.02707,0.01480,0.01197,0.02491
0.07537,0.13812,0.16086,0.01017,0.02147,0.38667,0.01213,0.01220,0.01974,0.14265,0.00549,0.01511
0.34805,0.21073,0.02806,0.05206,0.08460,0.03491,0.03216,0.03105,0.14699,0.01120,0.00931,0.01089
0.48522,0.06330,0.02121,0.11344,0.01573,0.07711,0.01706,0.00906,0.01344,0.05262,0.11528,0.01654
0.19979,0.12763,0.03454,0.02877,0.10788,0.25634,0.01123,0.04278,0.11624,0.02013,0.01685,0.03781
0.04623,0.36189,0.02116,0.13277,0.03811,0.15322,0.01330,0.02303,0.06308,0.01158,0.11019,0.02544
0.04107,0.44605,0.01099,0.06506,0.01081,0.03220,0.01594,0.03490,0.01030,0.11558,0.09763,0.11946
0.10781,0.05482,0.09614,0.06407,0.12834,0.15907,0.01959,0.13734,0.01063,0.10208,0.08359,0.03651
0.10856,0.08750,0.02002,0.24183,0.09723,0.02521,0.00805,0.08932,0.07662,0.00924,0.22544,0.01097
0.08826,0.19984,0.05638,0.06595,0.11158,0.13870,0.06773,0.06421,0.05690,0.05478,0.06309,0.03258
0.18217,0.29162,0.01295,0.01123,0.08263,0.09812,0.16880,0.08382,0.01955,0.00958,0.02269,0.01684
0.15308,0.04901,0.01301,0.26784,0.06246,0.07764,0.01690,0.06165,0.01408,0.00910,0.26228,0.01295
0.03655,0.14765,0.04167,0.02725,0.11718,0.35410,0.03551,0.05371,0.08687,0.03551,0.01543,0.04856
0.17867,0.07309,0.02651,0.04338,0.16425,0.03831,0.02355,0.15314,0.02157,0.10386,0.04649,0.12719
0.04771,0.04408,0.02705,0.02243,0.06147,0.62351,0.01944,0.02249,0.04592,0.03268,0.01493,0.03829
0.31494,0.29771,0.04412,0.01660,0.08700,0.06667,0.00889,0.08495,0.01477,0.02781,0.01959,0.01694
0.29054,0.08529,0.03352,0.01066,0.11869,0.28151,0.00688,0.07593,0.04236,0.02359,0.00721,0.02381
0.04131,0.04493,0.02595,0.02994,0.11319,0.03970,0.05932,0.04959,0.07649,0.21152,0.01210,0.29597
0.38039,0.36240,0.00899,0.02553,0.03216,0.05311,0.01562,0.02479,0.02520,0.01644,0.02682,0.02854
0.37554,0.05241,0.03113,0.12172,0.03923,0.12537,0.03705,0.01807,0.08004,0.02041,0.07785,0.02116
0.11327,0.10039,0.03477,0.02510,0.07353,0.44389,0.07086,0.02186,0.06545,0.01309,0.02725,0.01055
0.29715,0.06891,0.02498,0.04159,0.06271,0.12681,0.16690,0.07754,0.02654,0.01268,0.06839,0.02581
0.14088,0.15298,0.02768,0.01808,0.23481,0.09116,0.02437,0.20098,0.02249,0.01258,0.00939,0.06460
0.18534,0.18199,0.01236,0.03868,0.01927,0.06398,0.01122,0.02411,0.02844,0.19265,0.01923,0.22273
0.12454,0.23237,0.03687,0.01355,0.07731,0.16731,0.04882,0.05653,0.02759,0.09455,0.01612,0.10442
0.31937,0.03376,0.01649,0.01693,0.05478,0.42046,0.00638,0.05114,0.01301,0.01377,0.01231,0.04160
0.17180,0.16809,0.02947,0.04310,0.14145,0.16209,0.01169,0.12158,0.03832,0.03404,0.03655,0.04183
0.28351,0.14366,0.09441,0.02707,0.06008,0.15461,0.01745,0.05663,0.02781,0.07755,0.01777,0.03945
0.06212,0.05412,0.08501,0.02574,0.18400,0.25711,0.02897,0.15422,0.02818,0.05911,0.01448,0.04693
0.17302,0.15203,0.04021,0.09853,0.02843,0.05191,0.06627,0.02726,0.03132,0.11617,0.08342,0.13143
0.26481,0.25927,0.06206,0.02573,0.05884,0.07866,0.01978,0.04563,0.04197,0.07148,0.01964,0.05213
0.20531,0.18723,0.02364,0.00721,0.26397,0.01857,0.01595,0.22561,0.03271,0.00762,0.00410,0.00808
0.31237,0.30230,0.04317,0.00738,0.04882,0.12092,0.05440,0.04886,0.01987,0.01441,0.01628,0.01123
0.17413,0.15716,0.01938,0.02060,0.21397,0.08305,0.00809,0.18474,0.02087,0.04731,0.01896,0.05173
0.02776,0.02431,0.01201,0.01256,0.10841,0.04158,0.62270,0.01245,0.09102,0.01356,0.01047,0.02317
0.14568,0.04722,0.01933,0.19355,0.02815,0.25893,0.01042,0.01453,0.03583,0.02505,0.18388,0.03743
0.08404,0.10677,0.03063,0.03230,0.04781,0.11326,0.02412,0.21996,0.05773,0.03298,0.21139,0.03902
0.09086,0.08510,0.04483,0.08580,0.12029,0.10479,0.03898,0.03607,0.16499,0.07835,0.03552,0.11443
0.18883,0.18593,0.03384,0.05351,0.17753,0.06604,0.00303,0.02192,0.17930,0.01921,0.03540,0.03545
0.42339,0.25336,0.00997,0.02872,0.05362,0.02087,0.00572,0.04732,0.00949,0.05551,0.01305,0.07897
0.46749,0.06338,0.01578,0.01094,0.16698,0.04647,0.02161,0.15373,0.02004,0.01044,0.00728,0.01585
0.10565,0.09550,0.02956,0.02472,0.24111,0.13323,0.00757,0.23487,0.04581,0.01420,0.03117,0.03662
0.03983,0.22830,0.03096,0.04877,0.02518,0.44333,0.03065,0.02180,0.01746,0.02060,0.04044,0.05268
0.19600,0.18946,0.02687,0.01116,0.17151,0.10997,0.02497,0.09325,0.07759,0.04019,0.01405,0.04497
0.20278,0.19371,0.02083,0.07377,0.03495,0.24267,0.01417,0.02349,0.04657,0.03766,0.06686,0.04256
0.05134,0.41098,0.03706,0.01908,0.07071,0.19367,0.01441,0.07271,0.02651,0.03030,0.01972,0.05350
0.16699,0.15332,0.07162,0.00995,0.01631,0.10150,0.00840,0.04140,0.01446,0.20517,0.03981,0.17108
0.17329,0.14202,0.03247,0.02064,0.24050,0.09680,0.00661,0.03701,0.21821,0.00859,0.01341,0.01046
0.27633,0.05969,0.04946,0.10008,0.02732,0.23390,0.03669,0.02883,0.04619,0.02366,0.02098,0.09688
0.06963,0.07310,0.03400,0.01965,0.30379,0.09154,0.02766,0.18852,0.13801,0.01899,0.00845,0.02665
0.50034,0.05263,0.02265,0.02674,0.04322,0.10157,0.04223,0.03112,0.02334,0.04701,0.01761,0.09153
0.05500,0.07235,0.02853,0.00834,0.22550,0.15267,0.18177,0.19046,0.02793,0.02205,0.00649,0.02891
0.10838,0.10643,0.03059,0.02032,0.02620,0.34505,0.00791,0.02584,0.01293,0.14693,0.01670,0.15272
0.22001,0.30063,0.10688,0.01438,0.03649,0.14526,0.00541,0.02907,0.02835,0.08944,0.00558,0.01851
0.34240,0.08782,0.00947,0.01967,0.06219,0.35152,0.00858,0.06026,0.01103,0.01373,0.01491,0.01841
0.33456,0.33243,0.02137,0.06432,0.02501,0.08474,0.00790,0.02159,0.02352,0.01313,0.05539,0.01602
0.09143,0.08233,0.02588,0.02826,0.13967,0.39480,0.03042,0.07233,0.06776,0.01191,0.01274,0.04245
0.04420,0.25614,0.01419,0.02274,0.21214,0.09992,0.01638,0.22245,0.01252,0.02535,0.03799,0.03599
0.15050,0.14021,0.03444,0.05324,0.08293,0.20334,0.10514,0.03348,0.07183,0.03477,0.05141,0.03871
0.41121,0.35508,0.01234,0.01086,0.02244,0.02913,0.01773,0.04142,0.01187,0.03255,0.02064,0.03473
0.04696,0.08899,0.03716,0.18147,0.02334,0.07756,0.16510,0.08109,0.14688,0.02882,0.07866,0.04397
0.09875,0.57106,0.01334,0.00866,0.05489,0.02611,0.13542,0.02897,0.02412,0.01375,0.00504,0.01989
0.36413,0.30985,0.01101,0.03643,0.02281,0.04738,0.01187,0.06530,0.01455,0.01921,0.07731,0.02016
0.12693,0.12772,0.01533,0.01306,0.04418,0.08499,0.01714,0.26751,0.01797,0.02243,0.23209,0.03065
0.38957,0.03343,0.04213,0.01164,0.05529,0.21541,0.10537,0.04353,0.02829,0.03660,0.00988,0.02886
0.03413,0.03237,0.01428,0.19497,0.01964,0.07896,0.12271,0.02353,0.03674,0.12069,0.18545,0.13652
0.27294,0.03769,0.04877,0.13553,0.06503,0.07397,0.02370,0.02512,0.07344,0.03409,0.09684,0.11289
0.12221,0.06611,0.01942,0.03656,0.21367,0.13009,0.01672,0.20675,0.01709,0.06236,0.02049,0.08852
0.12230,0.02269,0.03464,0.06648,0.18554,0.25011,0.01601,0.16347,0.03721,0.02076,0.05129,0.02952
0.21116,0.19459,0.05645,0.01180,0.16088,0.07787,0.02848,0.08605,0.07490,0.04963,0.00827,0.03993
0.17272,0.18963,0.09263,0.05243,0.06283,0.21026,0.00618,0.01951,0.05262,0.06892,0.02372,0.04854
0.13807,0.12232,0.04501,0.14878,0.03750,0.20866,0.00995,0.05753,0.01464,0.03347,0.15947,0.02459
0.16754,0.13434,0.05108,0.01236,0.16801,0.24124,0.01142,0.09113,0.07106,0.02503,0.00947,0.01733
0.07843,0.03523,0.04159,0.27099,0.06940,0.07623,0.02086,0.00988,0.07191,0.03642,0.25191,0.03717
0.10353,0.28042,0.01055,0.01590,0.23529,0.03071,0.00837,0.22999,0.01304,0.03143,0.01144,0.02933
0.08531,0.44304,0.12791,0.02114,0.04987,0.03357,0.01614,0.03873,0.03205,0.12503,0.01458,0.01262
0.10595,0.53333,0.01700,0.01749,0.03126,0.04028,0.02901,0.03589,0.01900,0.07534,0.01575,0.07971
0.06767,0.19436,0.01299,0.23776,0.06401,0.03924,0.03212,0.05882,0.02234,0.01346,0.23785,0.01938
0.43471,0.01981,0.03677,0.00981,0.02877,0.04337,0.00885,0.02272,0.00711,0.18662,0.00830,0.19317
0.32656,0.31451,0.02229,0.03875,0.02873,0.15950,0.01157,0.02834,0.01260,0.01250,0.03573,0.00891
0.25642,0.25058,0.02136,0.02528,0.02588,0.04911,0.25570,0.01859,0.03369,0.02550,0.01207,0.02583
0.14006,0.26476,0.01362,0.04265,0.14407,0.10659,0.01011,0.15252,0.03601,0.01780,0.04336,0.02845
0.38364,0.07886,0.06974,0.02402,0.11334,0.06727,0.05992,0.08314,0.03584,0.04588,0.01510,0.02325
0.30372,0.12271,0.01720,0.03529,0.02803,0.17940,0.01156,0.13687,0.01328,0.01418,0.12192,0.01584
0.22146,0.20429,0.01005,0.02477,0.04738,0.01422,0.01099,0.04302,0.01067,0.19360,0.02168,0.19787
0.17587,0.19181,0.07630,0.01634,0.07307,0.09119,0.03894,0.05313,0.03450,0.12834,0.01043,0.11009
0.24936,0.05494,0.13883,0.02463,0.02822,0.30807,0.00733,0.02210,0.01386,0.12729,0.01506,0.01031
0.06416,0.05456,0.13580,0.01515,0.23479,0.10597,0.03842,0.16450,0.09162,0.07835,0.00561,0.01107
0.17079,0.16233,0.04487,0.02667,0.24046,0.04886,0.00593,0.22703,0.02716,0.01446,0.01638,0.01506
0.19679,0.35744,0.03411,0.08819,0.03209,0.03337,0.02113,0.02375,0.01347,0.05062,0.09238,0.05664
0.14111,0.07059,0.02818,0.03149,0.11682,0.34481,0.03250,0.10480,0.01965,0.02714,0.02585,0.05705
0.07299,0.07539,0.01575,0.09883,0.18838,0.08423,0.01722,0.16701,0.01300,0.05627,0.10819,0.10274
0.04195,0.05582,0.03047,0.08985,0.04554,0.22510,0.28173,0.03813,0.02390,0.03665,0.09527,0.03560
0.07382,0.01795,0.10435,0.09963,0.03931,0.31362,0.03238,0.03987,0.15502,0.08706,0.01112,0.02586
0.16289,0.06067,0.01821,0.03628,0.02472,0.28533,0.05011,0.02779,0.02406,0.13337,0.02403,0.15253
0.11929,0.12802,0.01487,0.05300,0.09549,0.38984,0.00702,0.02080,0.08096,0.00596,0.05431,0.03045
0.12828,0.07878,0.02315,0.02744,0.01727,0.60774,0.01426,0.02465,0.02684,0.01322,0.02130,0.01707
0.26861,0.25516,0.02043,0.02943,0.13372,0.05799,0.01026,0.09701,0.05052,0.01824,0.02281,0.03582
0.03124,0.23538,0.02810,0.02408,0.15227,0.09958,0.00835,0.06249,0.11732,0.10208,0.01262,0.12651
0.10766,0.09881,0.03156,0.01850,0.14097,0.33530,0.01510,0.05036,0.09274,0.04340,0.00903,0.05658
0.08436,0.07522,0.05021,0.02315,0.05484,0.44502,0.07251,0.03541,0.05456,0.04562,0.02417,0.03492
0.05973,0.46106,0.01728,0.03367,0.06689,0.04453,0.00645,0.05311,0.02652,0.09482,0.02575,0.11019
0.05203,0.05025,0.02137,0.01310,0.02185,0.34493,0.23272,0.02412,0.00997,0.10811,0.01066,0.11090
0.15290,0.15418,0.04649,0.13393,0.03459,0.08351,0.05347,0.06627,0.04021,0.03351,0.16325,0.03771
0.15707,0.22011,0.01631,0.01208,0.01537,0.34702,0.13001,0.02980,0.01249,0.01531,0.02032,0.02409
0.18371,0.15700,0.01505,0.01801,0.03709,0.06930,0.04120,0.02400,0.02797,0.19491,0.01694,0.21480
0.06141,0.11547,0.01981,0.10310,0.15124,0.06268,0.00964,0.21842,0.05854,0.02558,0.14139,0.03273
0.12121,0.03399,0.07404,0.01432,0.17426,0.11863,0.04210,0.01746,0.18773,0.09444,0.01115,0.11065
0.09922,0.10054,0.03070,0.04017,0.14708,0.06890,0.03750,0.22501,0.03376,0.04170,0.11370,0.06173
0.13141,0.13231,0.19207,0.02022,0.10305,0.09739,0.00868,0.07095,0.02748,0.18668,0.01364,0.01613
0.35078,0.33963,0.03760,0.02541,0.02809,0.06528,0.01197,0.02168,0.02707,0.04201,0.01330,0.03720
0.44326,0.41941,0.01472,0.01053,0.02133,0.02273,0.00642,0.02170,0.01121,0.01206,0.00909,0.00754
0.14681,0.14793,0.02703,0.02957,0.10066,0.37057,0.00730,0.07566,0.02949,0.02099,0.02070,0.02328
0.04486,0.03739,0.01317,0.02034,0.05379,0.71652,0.01574,0.04922,0.01544,0.00951,0.01401,0.01001
0.04782,0.10431,0.01836,0.18004,0.04339,0.27572,0.00803,0.04024,0.03639,0.01837,0.19378,0.03354
0.26870,0.25098,0.02521,0.02034,0.09461,0.06402,0.02348,0.07910,0.02955,0.05330,0.01601,0.07470
0.16536,0.24761,0.01037,0.01820,0.02126,0.03655,0.25213,0.02043,0.01345,0.08460,0.01131,0.11872
0.22238,0.21090,0.01289,0.01464,0.02517,0.11878,0.03203,0.02073,0.01250,0.14905,0.01710,0.16383
0.06883,0.06503,0.06368,0.05021,0.21919,0.08691,0.01292,0.17970,0.05378,0.07707,0.01482,0.10786
0.69557,0.07235,0.02368,0.01051,0.02559,0.08098,0.01140,0.02359,0.00996,0.02093,0.00872,0.01671
0.16843,0.09067,0.02971,0.07284,0.02735,0.02552,0.02836,0.01522,0.02824,0.20782,0.06004,0.24581
0.42595,0.02790,0.02355,0.00874,0.08674,0.30254,0.00495,0.02604,0.05752,0.01349,0.00515,0.01744
0.03454,0.03329,0.01639,0.01878,0.38136,0.07353,0.01586,0.34261,0.03649,0.01492,0.01052,0.02170
0.12299,0.24299,0.03741,0.02446,0.01920,0.31673,0.03507,0.02734,0.02682,0.06882,0.02567,0.05251
0.15242,0.44639,0.02650,0.01522,0.03957,0.20357,0.01610,0.03290,0.02091,0.01554,0.01487,0.01601
0.22935,0.08618,0.01931,0.02875,0.03989,0.29614,0.02575,0.02828,0.02409,0.09595,0.02371,0.10261
0.10866,0.10820,0.07995,0.05730,0.04512,0.14639,0.02377,0.02539,0.04122,0.16397,0.02959,0.17043
0.08251,0.04795,0.10732,0.01806,0.17049,0.04805,0.01451,0.11941,0.05901,0.17190,0.01043,0.15036
0.11111,0.06692,0.01347,0.01961,0.02194,0.05180,0.35373,0.02162,0.01050,0.14972,0.02215,0.15741
0.23904,0.01835,0.01816,0.01020,0.04215,0.27165,0.01307,0.03241,0.01601,0.15601,0.00907,0.17388
0.07943,0.11643,0.01779,0.02934,0.04652,0.03861,0.32823,0.03424,0.03644,0.11621,0.01901,0.13775
0.13323,0.40435,0.02075,0.01952,0.14071,0.03792,0.01342,0.10542,0.04363,0.03131,0.00905,0.04069
0.21627,0.19397,0.11057,0.01678,0.02449,0.22094,0.03342,0.02159,0.00680,0.10431,0.01203,0.03884
0.26424,0.23897,0.01984,0.02505,0.07411,0.14153,0.08902,0.03672,0.06058,0.00806,0.02601,0.01586
0.29200,0.03663,0.01188,0.06338,0.02900,0.07505,0.33818,0.02893,0.01075,0.02318,0.05831,0.03272
0.29378,0.20191,0.01890,0.10010,0.02178,0.16475,0.00718,0.01612,0.03647,0.02321,0.08269,0.03309
0.19381,0.31526,0.03052,0.02760,0.14673,0.03910,0.01089,0.12042,0.03553,0.02653,0.02191,0.03169
0.04805,0.11990,0.02092,0.04134,0.03724,0.47391,0.13028,0.03743,0.03393,0.01010,0.02697,0.01993
0.32315,0.07841,0.02698,0.05598,0.14667,0.06846,0.01010,0.12124,0.02764,0.02353,0.05081,0.06701
0.11840,0.10888,0.05420,0.09213,0.04989,0.09854,0.01252,0.05109,0.06785,0.13532,0.08337,0.12781
0.17653,0.61227,0.00864,0.03288,0.01203,0.03921,0.03736,0.01125,0.03034,0.00639,0.01977,0.01333
0.06055,0.10500,0.02530,0.03065,0.15404,0.06373,0.35254,0.10287,0.04868,0.01229,0.02444,0.01991
0.17427,0.06715,0.04559,0.02523,0.09893,0.36207,0.01213,0.06738,0.06157,0.02948,0.01268,0.04352
0.07130,0.03977,0.02078,0.01549,0.20025,0.22066,0.17641,0.20184,0.00690,0.00996,0.02214,0.01448
0.11606,0.14805,0.01740,0.08164,0.04332,0.08883,0.08313,0.15559,0.01564,0.01571,0.19403,0.04059
0.06221,0.09861,0.02409,0.02634,0.24131,0.06533,0.13399,0.22688,0.03659,0.00868,0.02779,0.04818
0.03198,0.03121,0.10204,0.02963,0.06453,0.24395,0.27811,0.05480,0.02377,0.07643,0.01431,0.04924
0.05116,0.06416,0.07877,0.01163,0.03068,0.31251,0.04888,0.03039,0.01463,0.19490,0.00957,0.15271
0.06974,0.10346,0.01372,0.09484,0.02932,0.24075,0.01291,0.02529,0.01504,0.14156,0.08745,0.16592
0.03120,0.31325,0.05720,0.02145,0.16866,0.13821,0.01446,0.12597,0.07447,0.02381,0.00811,0.02321
0.27694,0.18303,0.01849,0.02991,0.07910,0.04728,0.00887,0.05801,0.04117,0.11025,0.02385,0.12309
0.14598,0.26294,0.03438,0.03753,0.02141,0.33957,0.00777,0.02876,0.01732,0.03133,0.04082,0.03218
0.44187,0.04217,0.01336,0.03912,0.02019,0.29439,0.01878,0.01602,0.07053,0.00874,0.02424,0.01057
0.32427,0.34138,0.03032,0.02035,0.05599,0.04701,0.07117,0.04612,0.01793,0.01075,0.01186,0.02285
0.07384,0.13923,0.04114,0.01800,0.18705,0.23697,0.00626,0.01961,0.19125,0.03263,0.01058,0.04343
0.26882,0.15606,0.01236,0.10171,0.03891,0.03131,0.19681,0.03726,0.01300,0.01484,0.10086,0.02805
0.39211,0.16672,0.02041,0.06075,0.09395,0.02490,0.01828,0.03748,0.08834,0.02031,0.03893,0.03783
0.34918,0.11872,0.02117,0.02358,0.05693,0.31631,0.00685,0.01089,0.05954,0.00896,0.01433,0.01355
0.22234,0.21799,0.11177,0.09732,0.01889,0.01954,0.05852,0.01726,0.01090,0.10219,0.10494,0.01835
0.17455,0.13190,0.05737,0.01578,0.18924,0.09579,0.01580,0.14583,0.04990,0.05506,0.02250,0.04627
0.25475,0.05494,0.02671,0.01950,0.13245,0.12177,0.17108,0.08917,0.06585,0.01613,0.02882,0.01883
0.07429,0.42531,0.01923,0.03436,0.09239,0.04451,0.07709,0.08031,0.03974,0.04184,0.01848,0.05245
0.06883,0.05738,0.04306,0.03907,0.20288,0.18960,0.06848,0.14544,0.05767,0.04833,0.03011,0.04916
0.09943,0.09570,0.04007,0.01807,0.12514,0.15441,0.02199,0.04273,0.08431,0.15308,0.01292,0.15214
0.05114,0.45004,0.02430,0.01210,0.07545,0.16934,0.04770,0.04043,0.02885,0.04148,0.00862,0.05056
0.63730,0.03879,0.02220,0.02445,0.01532,0.15781,0.00960,0.01150,0.01658,0.01517,0.01312,0.03817
0.44247,0.40713,0.00739,0.00749,0.00668,0.04319,0.00858,0.00813,0.00439,0.01771,0.00760,0.03923
0.35519,0.34250,0.02934,0.01498,0.06624,0.02821,0.02200,0.04495,0.04179,0.02178,0.01036,0.02265
0.28669,0.03300,0.01626,0.01041,0.26249,0.08108,0.00857,0.23398,0.02884,0.01650,0.00784,0.01433
0.41306,0.08931,0.01739,0.03014,0.14628,0.02588,0.03386,0.13115,0.01255,0.03207,0.02147,0.04683
0.27779,0.26788,0.02428,0.03698,0.11716,0.05024,0.01313,0.03290,0.12916,0.01083,0.01646,0.02319
0.10439,0.04659,0.04163,0.13386,0.16881,0.14751,0.01129,0.07837,0.11569,0.01301,0.12499,0.01383
0.08792,0.08114,0.02324,0.01032,0.01750,0.67117,0.00805,0.02008,0.01407,0.02510,0.01091,0.03049
0.12555,0.30670,0.02417,0.01002,0.08175,0.32894,0.00855,0.03728,0.04521,0.00855,0.01161,0.01168
0.12103,0.07484,0.01034,0.01846,0.29794,0.09260,0.02818,0.28480,0.00683,0.01468,0.02628,0.02402
0.05568,0.05658,0.07846,0.18423,0.02285,0.10197,0.05324,0.09444,0.12044,0.07224,0.09052,0.06935
0.17857,0.15819,0.03894,0.01009,0.08355,0.06352,0.02996,0.04332,0.07172,0.14497,0.03009,0.14707
0.12892,0.10552,0.05311,0.06597,0.03370,0.23517,0.01224,0.03592,0.04508,0.10628,0.06882,0.10927
0.22516,0.20944,0.07947,0.02060,0.10972,0.12024,0.00684,0.09217,0.03925,0.04561,0.02524,0.02628
0.08955,0.08455,0.30054,0.03885,0.02111,0.03368,0.00572,0.01472,0.02381,0.32547,0.02717,0.03483
0.10447,0.09632,0.03852,0.05108,0.07295,0.28044,0.01201,0.01889,0.07167,0.06215,0.04592,0.14557
0.04817,0.04471,0.04874,0.09913,0.12516,0.16922,0.12665,0.05837,0.17277,0.03223,0.04327,0.03157
0.05726,0.05627,0.01463,0.05033,0.06412,0.49538,0.10975,0.06320,0.02019,0.01544,0.03085,0.02258
0.03626,0.07977,0.03935,0.03203,0.16579,0.26574,0.09727,0.04563,0.15834,0.02593,0.01786,0.03602
0.55606,0.18428,0.01612,0.01237,0.04599,0.04356,0.03275,0.03406,0.01452,0.01697,0.00655,0.03676
0.06541,0.05497,0.02106,0.01428,0.25294,0.26302,0.02178,0.22368,0.02078,0.01482,0.01109,0.03618
0.04845,0.36264,0.03984,0.13811,0.05323,0.02920,0.03103,0.06090,0.04029,0.01555,0.16673,0.01403
0.29447,0.29453,0.00936,0.07225,0.03259,0.13516,0.01252,0.03043,0.00922,0.01183,0.07881,0.01881
0.20427,0.18196,0.01211,0.21639,0.03393,0.03128,0.01031,0.03511,0.01420,0.01723,0.22756,0.01566
0.21993,0.05720,0.01382,0.00726,0.01652,0.56511,0.02812,0.01391,0.01269,0.02465,0.01472,0.02607
0.11431,0.09850,0.31654,0.01451,0.02326,0.03173,0.01756,0.01811,0.01894,0.32079,0.01154,0.01422
0.07316,0.06465,0.06316,0.06790,0.17445,0.15907,0.02983,0.06330,0.20449,0.04674,0.01260,0.04065
0.14208,0.19662,0.01943,0.03018,0.09296,0.20486,0.01243,0.08230,0.01321,0.08192,0.05083,0.07318
0.12299,0.11061,0.04159,0.25232,0.03726,0.02131,0.01923,0.04553,0.18028,0.01669,0.03684,0.11536
0.07212,0.47132,0.04702,0.04662,0.02570,0.14709,0.01820,0.02110,0.07070,0.03535,0.02313,0.02165
0.05133,0.06868,0.09350,0.01873,0.12511,0.34770,0.02130,0.08067,0.06026,0.07130,0.01227,0.04917
0.42261,0.41176,0.00900,0.00993,0.02908,0.03809,0.00907,0.01778,0.01271,0.01490,0.00672,0.01834
0.22334,0.16203,0.03704,0.02292,0.07235,0.04648,0.02885,0.18355,0.01791,0.02974,0.14208,0.03372
0.22037,0.19257,0.02060,0.01067,0.02460,0.09092,0.03166,0.01800,0.02016,0.16861,0.01332,0.18852
0.08038,0.22296,0.06476,0.03288,0.01440,0.07354,0.38479,0.01410,0.03828,0.04677,0.00915,0.01798
0.04423,0.03036,0.02565,0.02697,0.11815,0.24344,0.01787,0.09623,0.03063,0.16536,0.02497,0.17613
0.14462,0.13637,0.03426,0.04264,0.05660,0.34540,0.00832,0.04384,0.01698,0.06340,0.03711,0.07046
0.21342,0.21625,0.04332,0.01948,0.06390,0.26900,0.02756,0.04471,0.02393,0.02671,0.00943,0.04230
0.08606,0.46488,0.04175,0.03597,0.05793,0.08568,0.04296,0.04967,0.02140,0.04633,0.03060,0.03679
0.08382,0.26289,0.04241,0.02339,0.11863,0.04139,0.02823,0.14605,0.09119,0.02070,0.12240,0.01890
0.13899,0.12401,0.03583,0.02287,0.05928,0.09323,0.00902,0.02627,0.04358,0.20455,0.02784,0.21453
0.04655,0.19415,0.04625,0.02294,0.05412,0.04370,0.04300,0.20396,0.02877,0.08802,0.15484,0.07369
0.05807,0.11227,0.05314,0.02974,0.16567,0.15407,0.01368,0.09260,0.08716,0.10787,0.02278,0.10294
0.39948,0.07222,0.04437,0.09906,0.04192,0.07434,0.02580,0.02813,0.13599,0.03178,0.02411,0.02280
0.02704,0.73909,0.01753,0.02246,0.03287,0.03282,0.01165,0.02116,0.02285,0.02157,0.01321,0.03776
0.14200,0.11010,0.05613,0.01497,0.15860,0.10932,0.00650,0.12031,0.05081,0.11465,0.01395,0.10265
0.21657,0.20625,0.02654,0.09654,0.06762,0.11727,0.02232,0.04154,0.07639,0.01575,0.03201,0.08119
0.09348,0.03293,0.04200,0.01439,0.04058,0.63711,0.01017,0.03632,0.03312,0.03007,0.00948,0.02037
0.06704,0.57351,0.02113,0.00979,0.05671,0.16086,0.01096,0.01710,0.04673,0.01489,0.00876,0.01252
0.22116,0.21064,0.09079,0.03545,0.09793,0.10169,0.01246,0.04883,0.07633,0.05617,0.02917,0.01939
0.27947,0.08687,0.01896,0.01412,0.03492,0.20354,0.01223,0.02731,0.01896,0.13880,0.01108,0.15372
0.07944,0.01789,0.01028,0.10932,0.06533,0.46345,0.01260,0.07335,0.00782,0.01970,0.11295,0.02786
0.34607,0.29274,0.02598,0.01703,0.07243,0.06258,0.01021,0.05041,0.02371,0.03349,0.01549,0.04988
0.28875,0.26465,0.04095,0.02626,0.09758,0.04206,0.01895,0.06235,0.05777,0.05178,0.01537,0.03354
0.06117,0.08597,0.04330,0.02439,0.07830,0.43723,0.04308,0.02144,0.08612,0.04312,0.01916,0.05673
0.19571,0.17551,0.02101,0.02755,0.14630,0.10873,0.02901,0.11518,0.01176,0.02216,0.02607,0.12101
0.05915,0.06474,0.02776,0.02578,0.14480,0.31625,0.01141,0.13834,0.03534,0.03362,0.05667,0.08615
0.12869,0.21428,0.04969,0.06155,0.15970,0.10687,0.01179,0.08649,0.07394,0.02046,0.05496,0.03159
0.14157,0.22732,0.04383,0.01813,0.18082,0.07641,0.04839,0.17299,0.01002,0.03130,0.01913,0.03009
0.07539,0.08438,0.05020,0.01550,0.18109,0.07435,0.06045,0.11039,0.18671,0.02724,0.10472,0.02956
0.08031,0.06421,0.04963,0.21596,0.10032,0.08810,0.01594,0.08117,0.03391,0.03097,0.19787,0.04161
0.39930,0.10961,0.03487,0.01306,0.04402,0.26697,0.01911,0.01760,0.03119,0.02355,0.00685,0.03388
0.39418,0.21119,0.02756,0.03881,0.07765,0.05314,0.01025,0.05830,0.08830,0.00842,0.01939,0.01280
