0.07410,0.05486,0.05233,0.13102,0.05823,0.05984,0.06160,0.12614,0.07665,0.05859,0.04353,0.06190,0.07074,0.07047
0.08085,0.09505,0.07574,0.06306,0.08722,0.07087,0.08678,0.05877,0.07954,0.06696,0.05005,0.05731,0.05506,0.07274
0.06025,0.04851,0.04213,0.18520,0.04967,0.04813,0.04401,0.19877,0.05680,0.05138,0.03758,0.04453,0.05080,0.08225
0.06469,0.10598,0.07230,0.06683,0.10620,0.05678,0.08812,0.07458,0.07566,0.06031,0.04583,0.05430,0.05884,0.06958
0.07945,0.07962,0.05847,0.08493,0.07447,0.07602,0.07223,0.07066,0.07410,0.06304,0.04421,0.07459,0.08975,0.05847
0.08930,0.06049,0.06218,0.09890,0.06691,0.07430,0.06796,0.08085,0.07865,0.05808,0.04642,0.07171,0.07160,0.07266
0.06143,0.08860,0.05901,0.11076,0.07271,0.06079,0.06831,0.11411,0.06774,0.05600,0.04725,0.05672,0.06487,0.07169
0.06964,0.12049,0.07495,0.05969,0.09725,0.05907,0.09718,0.06706,0.06948,0.06262,0.04252,0.05594,0.06221,0.06188
0.05636,0.13773,0.08240,0.05585,0.11368,0.05600,0.09348,0.07146,0.07207,0.06046,0.04125,0.04705,0.04784,0.06436
0.07634,0.08711,0.07240,0.07822,0.07124,0.06125,0.07951,0.06923,0.08048,0.06952,0.04980,0.06301,0.06781,0.07410
0.11277,0.06326,0.07077,0.06845,0.07058,0.05425,0.06553,0.06498,0.09769,0.07216,0.05873,0.05773,0.05321,0.08989
0.06569,0.06124,0.05201,0.15142,0.06298,0.05046,0.06718,0.14862,0.07206,0.05199,0.04055,0.04673,0.05656,0.07251
0.10731,0.05253,0.05854,0.09774,0.05445,0.07364,0.06146,0.07694,0.09038,0.05628,0.04413,0.07726,0.08491,0.06444
0.09426,0.06348,0.06415,0.09312,0.06607,0.05925,0.06200,0.08349,0.08946,0.06938,0.05177,0.05828,0.06714,0.07815
0.07118,0.09056,0.06345,0.09815,0.07584,0.06515,0.07542,0.10088,0.07305,0.05738,0.03768,0.05846,0.07011,0.06270
0.05273,0.06965,0.05215,0.16529,0.06188,0.04837,0.06253,0.17257,0.06061,0.05139,0.03962,0.04188,0.04513,0.07619
0.06144,0.09102,0.05615,0.07600,0.08186,0.06220,0.08991,0.08033,0.07744,0.06423,0.04653,0.06467,0.07567,0.07258
0.07639,0.07813,0.06428,0.07748,0.07083,0.08279,0.07393,0.07283,0.07401,0.05915,0.04746,0.06969,0.09148,0.06157
0.07600,0.08283,0.05869,0.08482,0.07650,0.08251,0.07530,0.07554,0.07146,0.06460,0.04296,0.06845,0.08460,0.05574
0.05620,0.12707,0.07626,0.05360,0.10118,0.05804,0.10052,0.06192,0.07317,0.06386,0.04535,0.05759,0.06284,0.06241
0.05082,0.13507,0.08064,0.05872,0.10941,0.05425,0.09646,0.07715,0.06427,0.06320,0.05206,0.04681,0.05170,0.05944
0.08575,0.07368,0.05816,0.10477,0.06722,0.05488,0.06400,0.10354,0.08126,0.06348,0.04964,0.05515,0.05763,0.08083
0.07260,0.08448,0.06276,0.08186,0.07813,0.07918,0.07888,0.07434,0.07699,0.06158,0.04586,0.06687,0.07263,0.06385
0.04045,0.06890,0.04291,0.20903,0.05419,0.04561,0.05388,0.22183,0.04460,0.03837,0.03076,0.03521,0.04148,0.07278
0.08940,0.05678,0.05479,0.10594,0.05336,0.07727,0.05807,0.09486,0.07616,0.06276,0.05118,0.06816,0.08819,0.06307
0.05744,0.08698,0.06393,0.11619,0.07922,0.05540,0.08610,0.11568,0.07168,0.06010,0.03714,0.04712,0.05731,0.06571
0.08016,0.07934,0.06517,0.07191,0.07340,0.07720,0.07744,0.06210,0.08300,0.06073,0.04512,0.07205,0.09344,0.05894
0.07072,0.07552,0.05945,0.10349,0.06675,0.06731,0.08035,0.09374,0.07393,0.06544,0.04688,0.05951,0.07357,0.06335
0.06464,0.06162,0.05259,0.14436,0.05304,0.05983,0.06236,0.14481,0.06805,0.05391,0.04272,0.05496,0.06267,0.07445
0.07166,0.07284,0.05291,0.10427,0.07207,0.06575,0.06887,0.10690,0.07747,0.06009,0.04736,0.06339,0.06533,0.07107
0.06357,0.06202,0.04751,0.15916,0.05187,0.06477,0.05485,0.15326,0.06238,0.04906,0.03724,0.05785,0.06978,0.06669
0.07897,0.07733,0.05980,0.09936,0.06959,0.06366,0.06771,0.08298,0.08041,0.06369,0.04424,0.06490,0.07139,0.07596
0.07053,0.08873,0.07580,0.06694,0.08246,0.07462,0.07755,0.06760,0.07261,0.06465,0.05484,0.06220,0.07353,0.06794
0.04745,0.14006,0.07625,0.06081,0.11133,0.05141,0.10408,0.08314,0.07653,0.05518,0.03281,0.04626,0.05268,0.06201
0.07231,0.06101,0.06102,0.10471,0.05906,0.06635,0.06542,0.09828,0.07177,0.06127,0.06171,0.06350,0.07743,0.07615
0.07199,0.06553,0.05648,0.14865,0.06018,0.04252,0.05779,0.14737,0.07548,0.05817,0.04126,0.05046,0.04629,0.07785
0.09164,0.07809,0.07001,0.06424,0.08625,0.06636,0.08288,0.05901,0.09061,0.07354,0.05087,0.06253,0.05932,0.06467
0.05898,0.08045,0.06208,0.11332,0.07645,0.05910,0.08121,0.12145,0.06923,0.05499,0.04005,0.05126,0.06227,0.06918
0.06327,0.10802,0.06862,0.07662,0.08654,0.06096,0.08908,0.08203,0.06809,0.06148,0.05211,0.05543,0.05825,0.06950
0.07797,0.06686,0.06247,0.09485,0.06087,0.09427,0.05997,0.07186,0.06676,0.05983,0.05873,0.06930,0.09639,0.05987
0.07711,0.07208,0.08016,0.05075,0.10285,0.06646,0.08756,0.06009,0.08351,0.07384,0.05968,0.06308,0.05530,0.06753
0.06186,0.04172,0.04384,0.18923,0.04434,0.05322,0.04409,0.21000,0.04969,0.05005,0.03667,0.04217,0.05013,0.08301
0.07010,0.08803,0.05777,0.11470,0.07199,0.06674,0.07256,0.10084,0.06473,0.05520,0.03852,0.06337,0.07159,0.06386
0.05138,0.08879,0.05533,0.13979,0.07821,0.05247,0.06536,0.14683,0.05866,0.04879,0.03708,0.05094,0.05846,0.06790
0.08225,0.07480,0.06613,0.07397,0.07201,0.06789,0.07815,0.06839,0.08266,0.06590,0.05412,0.06413,0.07507,0.07452
0.04935,0.13101,0.07737,0.06905,0.11345,0.04818,0.10406,0.08069,0.07487,0.05922,0.03396,0.04812,0.05078,0.05988
0.07601,0.05986,0.06659,0.10193,0.06254,0.07602,0.06286,0.10168,0.07198,0.06706,0.05920,0.05378,0.05522,0.08526
0.08111,0.07872,0.06600,0.06514,0.06898,0.06922,0.07517,0.05938,0.07346,0.07844,0.06118,0.07222,0.08070,0.07027
0.05959,0.08412,0.05925,0.11721,0.07636,0.05679,0.06922,0.12776,0.05956,0.05719,0.05780,0.05291,0.04449,0.07774
0.07911,0.06302,0.05513,0.09922,0.05755,0.09028,0.06716,0.07241,0.06681,0.05648,0.04825,0.08284,0.10577,0.05595
0.08358,0.08090,0.07483,0.05953,0.07967,0.05735,0.07854,0.06405,0.08377,0.07440,0.05964,0.05686,0.06225,0.08462
0.06228,0.06982,0.05212,0.12947,0.06064,0.06115,0.06801,0.13231,0.07019,0.05313,0.04476,0.05531,0.06892,0.07191
0.05623,0.07046,0.05483,0.14081,0.05942,0.06066,0.06190,0.14097,0.06146,0.05659,0.04750,0.05238,0.06367,0.07311
0.07859,0.05237,0.04620,0.12919,0.05159,0.08420,0.05514,0.11019,0.06608,0.06035,0.04255,0.06730,0.09280,0.06345
0.08042,0.06608,0.05837,0.10090,0.06712,0.08924,0.06623,0.08695,0.07004,0.05262,0.04001,0.07738,0.09132,0.05333
0.07797,0.07720,0.06948,0.07706,0.07122,0.06388,0.07166,0.08491,0.08082,0.06546,0.05604,0.06275,0.06576,0.07580
0.08720,0.07491,0.06798,0.07330,0.06937,0.06964,0.06825,0.06439,0.07452,0.07554,0.05613,0.06523,0.07584,0.07770
0.08109,0.07440,0.06363,0.08148,0.07173,0.06460,0.07032,0.08114,0.08735,0.06877,0.05101,0.06209,0.06698,0.07541
0.07363,0.08482,0.06398,0.07560,0.07238,0.07341,0.08955,0.07096,0.07522,0.06588,0.04127,0.07527,0.07789,0.06016
0.06579,0.09463,0.07145,0.06624,0.08866,0.06343,0.08481,0.07712,0.07352,0.07014,0.04718,0.06240,0.06985,0.06479
0.08706,0.06420,0.05054,0.10522,0.04993,0.08828,0.06492,0.07879,0.07527,0.06369,0.04250,0.07105,0.09820,0.06035
0.06466,0.09194,0.06666,0.09263,0.08726,0.05284,0.08753,0.09566,0.07366,0.06330,0.04852,0.05200,0.05289,0.07045
0.07935,0.07164,0.05927,0.09457,0.07383,0.06065,0.06607,0.09744,0.08798,0.06417,0.04678,0.06094,0.06254,0.07475
0.12431,0.05979,0.06544,0.07686,0.05709,0.05530,0.06055,0.07317,0.10622,0.07180,0.05289,0.05678,0.05426,0.08554
0.07216,0.07849,0.06268,0.09913,0.07770,0.06842,0.07206,0.09472,0.07487,0.06050,0.04608,0.06164,0.06761,0.06394
0.08215,0.07437,0.06108,0.08048,0.07524,0.07662,0.07514,0.06985,0.07376,0.06572,0.04050,0.07599,0.08590,0.06322
0.05810,0.12969,0.08131,0.05095,0.11281,0.05853,0.10340,0.07214,0.07046,0.05829,0.04068,0.05053,0.05590,0.05721
0.07483,0.10168,0.06479,0.07468,0.08717,0.05415,0.08521,0.08052,0.07759,0.06261,0.04824,0.05950,0.05765,0.07136
0.07322,0.08942,0.05437,0.09994,0.06888,0.06960,0.07194,0.09186,0.06993,0.05601,0.04165,0.07121,0.08138,0.06061
0.11134,0.08076,0.07478,0.05358,0.07833,0.04718,0.06986,0.05810,0.10388,0.07735,0.05257,0.05577,0.04527,0.09123
0.08446,0.07099,0.06517,0.09510,0.06998,0.06369,0.07156,0.08141,0.08616,0.06347,0.04378,0.06935,0.07010,0.06478
0.09035,0.06348,0.06633,0.07933,0.07901,0.06245,0.05830,0.07754,0.08224,0.07213,0.06457,0.06338,0.05530,0.08558
0.05922,0.11069,0.06605,0.07676,0.10251,0.06294,0.08411,0.08353,0.06726,0.06236,0.04254,0.05686,0.06015,0.06502
0.07117,0.07455,0.06096,0.09748,0.06824,0.07310,0.06978,0.09912,0.07309,0.06138,0.04968,0.05937,0.07320,0.06886
0.06063,0.08814,0.06801,0.10503,0.08365,0.06074,0.07988,0.10615,0.07297,0.06041,0.04566,0.04838,0.05370,0.06664
0.04852,0.09918,0.07046,0.10325,0.09241,0.05914,0.08668,0.10977,0.07042,0.05692,0.03993,0.04769,0.05204,0.06360
0.05350,0.08783,0.06219,0.12209,0.07136,0.05636,0.07442,0.13211,0.06083,0.06341,0.04285,0.04696,0.05716,0.06894
0.11014,0.06163,0.07381,0.07031,0.05632,0.06275,0.06015,0.06156,0.09873,0.07216,0.06110,0.05816,0.05776,0.09541
0.10252,0.08247,0.07123,0.05256,0.08072,0.05138,0.07767,0.06190,0.10329,0.07002,0.05841,0.05668,0.04824,0.08292
0.07928,0.05868,0.04252,0.13737,0.04919,0.08701,0.05503,0.10890,0.06020,0.04729,0.03607,0.08058,0.10499,0.05289
0.06642,0.08615,0.06871,0.07886,0.08873,0.06701,0.08164,0.08566,0.08331,0.06576,0.04452,0.05781,0.06105,0.06436
0.08015,0.07073,0.05929,0.10428,0.05786,0.08764,0.06266,0.08613,0.06630,0.05500,0.04335,0.07671,0.09311,0.05680
0.06088,0.09721,0.06091,0.10788,0.07967,0.06271,0.07733,0.10877,0.07084,0.05216,0.03753,0.05780,0.06584,0.06047
0.08175,0.08536,0.07318,0.07210,0.08118,0.06100,0.07402,0.07520,0.09116,0.07247,0.05251,0.04918,0.05502,0.07586
0.04369,0.13550,0.06722,0.09827,0.10907,0.05104,0.09151,0.10965,0.06508,0.04683,0.03643,0.04184,0.04440,0.05946
0.06282,0.10531,0.06767,0.08335,0.08475,0.06672,0.08252,0.09434,0.06869,0.06660,0.04004,0.05171,0.05925,0.06623
0.11640,0.06375,0.06530,0.07433,0.06638,0.05743,0.06634,0.06024,0.10239,0.06843,0.05101,0.06470,0.06091,0.08241
0.06806,0.10362,0.06403,0.07385,0.08521,0.06859,0.08311,0.07161,0.07059,0.06021,0.04914,0.06830,0.07131,0.06235
0.05823,0.07952,0.05272,0.13558,0.07704,0.04841,0.07314,0.15045,0.06444,0.05136,0.04107,0.04749,0.04778,0.07277
0.07309,0.07246,0.06869,0.08187,0.07126,0.08346,0.06489,0.06849,0.07882,0.06555,0.06167,0.06708,0.06874,0.07393
0.09223,0.05663,0.06133,0.10124,0.06120,0.06555,0.06130,0.09984,0.08315,0.07307,0.05155,0.05554,0.06199,0.07537
0.04968,0.14842,0.08332,0.05495,0.11573,0.05171,0.10422,0.07841,0.06473,0.05948,0.03967,0.04369,0.04501,0.06098
0.09096,0.07218,0.06555,0.07745,0.07606,0.07271,0.06889,0.06951,0.08330,0.05954,0.05432,0.06600,0.07395,0.06958
0.12895,0.05327,0.06930,0.07841,0.05919,0.04937,0.05408,0.06985,0.10599,0.07309,0.05861,0.05749,0.04800,0.09440
0.05645,0.06690,0.04643,0.16953,0.05851,0.05071,0.06334,0.16455,0.06587,0.05264,0.03177,0.05050,0.05290,0.06992
0.09469,0.05226,0.04971,0.11200,0.04909,0.09707,0.04754,0.08402,0.07589,0.04749,0.04043,0.08343,0.11051,0.05587
0.06231,0.07517,0.05488,0.14222,0.06995,0.04420,0.06890,0.15025,0.06572,0.05166,0.03795,0.05305,0.05023,0.07351
0.07899,0.09321,0.06944,0.07157,0.07694,0.06749,0.07473,0.06641,0.07405,0.07111,0.04913,0.06605,0.07186,0.06901
0.07933,0.06376,0.05799,0.12556,0.06064,0.06301,0.05821,0.11287,0.07470,0.05667,0.04092,0.06513,0.06933,0.07186
0.07712,0.07751,0.05965,0.09114,0.06828,0.07667,0.07486,0.08010,0.08055,0.06351,0.04530,0.06461,0.07524,0.06546
0.07122,0.08934,0.06538,0.08994,0.07571,0.06640,0.07427,0.08616,0.07421,0.06306,0.04477,0.06230,0.07191,0.06535
0.06635,0.09795,0.06080,0.09116,0.08054,0.06762,0.08881,0.08664,0.06929,0.06195,0.03958,0.06343,0.06763,0.05825
0.10261,0.07059,0.07024,0.07522,0.07233,0.06389,0.06306,0.06622,0.08488,0.06692,0.05477,0.06375,0.07061,0.07493
0.04748,0.13740,0.07263,0.08450,0.10946,0.04734,0.09840,0.10313,0.06247,0.05695,0.03491,0.03970,0.04398,0.06166
0.06393,0.05973,0.04891,0.15839,0.05551,0.06053,0.07103,0.14787,0.06639,0.05466,0.03660,0.04878,0.05773,0.06992
0.07536,0.08899,0.05965,0.10491,0.07656,0.06062,0.06870,0.09981,0.07295,0.05732,0.04927,0.05452,0.06265,0.06870
0.07433,0.05258,0.03803,0.16616,0.04754,0.08898,0.04290,0.13636,0.05770,0.03798,0.03483,0.07447,0.09556,0.05259
0.06247,0.08785,0.06911,0.10867,0.07635,0.05404,0.07987,0.11340,0.06991,0.06201,0.04862,0.04503,0.04892,0.07376
0.12333,0.05699,0.07002,0.06528,0.06079,0.04988,0.06406,0.05159,0.11014,0.07184,0.05940,0.07284,0.05744,0.08639
0.07254,0.08676,0.06490,0.07714,0.08425,0.06700,0.07599,0.07713,0.07718,0.06196,0.04850,0.06829,0.07405,0.06433
0.08582,0.07816,0.06692,0.09911,0.08180,0.04583,0.06823,0.10134,0.08221,0.06253,0.04937,0.05060,0.04712,0.08096
0.04818,0.14480,0.07298,0.07450,0.11452,0.05089,0.09674,0.08642,0.06259,0.05771,0.04159,0.04383,0.04256,0.06270
0.07002,0.07617,0.05129,0.10993,0.06331,0.07539,0.07096,0.10065,0.07874,0.04911,0.03583,0.07261,0.08725,0.05872
0.07784,0.07535,0.06169,0.08252,0.08272,0.07401,0.07179,0.07578,0.07836,0.06242,0.04763,0.06835,0.07524,0.06629
0.10311,0.05987,0.06362,0.08571,0.07574,0.06423,0.06034,0.08282,0.08947,0.06539,0.05100,0.06114,0.05739,0.08017
0.05877,0.05757,0.04930,0.16565,0.05857,0.05053,0.05605,0.16985,0.06436,0.05013,0.04395,0.04561,0.04797,0.08168
0.11457,0.07404,0.07128,0.05945,0.08307,0.04658,0.06437,0.06427,0.10498,0.07363,0.04991,0.05963,0.04426,0.08997
0.05821,0.05495,0.04821,0.16283,0.05475,0.05422,0.06355,0.16157,0.06199,0.05094,0.03698,0.05453,0.06197,0.07532
0.06675,0.10459,0.07322,0.07346,0.08545,0.06227,0.08766,0.08054,0.07209,0.06627,0.04886,0.05315,0.05846,0.06724
0.05403,0.12679,0.07203,0.08199,0.10259,0.06273,0.08708,0.09108,0.06810,0.05565,0.03406,0.05060,0.05670,0.05657
0.08363,0.08253,0.06563,0.07897,0.06893,0.07468,0.06734,0.07309,0.08436,0.06305,0.04678,0.06654,0.07499,0.06947
0.08486,0.07342,0.07247,0.06537,0.09534,0.05349,0.07141,0.06943,0.09335,0.07965,0.05902,0.06030,0.04110,0.08079
0.08590,0.08237,0.06662,0.07999,0.08665,0.06264,0.07257,0.08282,0.08029,0.06125,0.05030,0.05756,0.05759,0.07345
0.04588,0.06700,0.04596,0.17832,0.05883,0.04936,0.06144,0.18904,0.05390,0.04710,0.03316,0.04607,0.05366,0.07028
0.05765,0.10446,0.06595,0.08103,0.09749,0.06225,0.08944,0.08980,0.07050,0.06175,0.04712,0.05242,0.05470,0.06543
0.09377,0.07716,0.05668,0.09071,0.06735,0.08367,0.06495,0.06995,0.07922,0.06108,0.03897,0.07244,0.08482,0.05922
0.07353,0.08282,0.07425,0.05713,0.10445,0.06556,0.08313,0.06567,0.07997,0.07514,0.05041,0.06579,0.05803,0.06411
0.07674,0.08999,0.06197,0.06861,0.08599,0.06203,0.08474,0.07214,0.07841,0.06622,0.05300,0.05825,0.06464,0.07728
0.07170,0.06914,0.05746,0.10741,0.06051,0.07631,0.05921,0.09541,0.07383,0.06660,0.05336,0.06627,0.07554,0.06726
0.08776,0.07945,0.05833,0.08780,0.06610,0.08462,0.06672,0.06779,0.08019,0.04966,0.03974,0.08074,0.09386,0.05724
0.06509,0.07600,0.07799,0.06121,0.07210,0.07736,0.07972,0.06569,0.07369,0.07252,0.06855,0.06567,0.06858,0.07583
0.08598,0.06841,0.06705,0.07209,0.07297,0.05713,0.08745,0.07091,0.09672,0.07041,0.04981,0.07095,0.05736,0.07278
0.06579,0.10436,0.06887,0.07752,0.08391,0.06592,0.08168,0.07603,0.06919,0.05631,0.04990,0.06353,0.07798,0.05901
0.07758,0.05236,0.05191,0.12506,0.05225,0.08886,0.06102,0.09891,0.07150,0.05684,0.04329,0.07056,0.08846,0.06142
0.10427,0.06273,0.06321,0.07659,0.06285,0.06507,0.05925,0.06928,0.09205,0.07025,0.05905,0.06624,0.06452,0.08465
0.05017,0.13845,0.07406,0.08191,0.10592,0.04943,0.08718,0.09555,0.06380,0.05397,0.04370,0.04295,0.04402,0.06888
0.06014,0.13217,0.07880,0.05609,0.10925,0.05546,0.10070,0.06849,0.07610,0.05917,0.04008,0.05086,0.04717,0.06550
0.09745,0.08462,0.08133,0.05183,0.09007,0.04976,0.08121,0.06166,0.09169,0.07217,0.05701,0.05062,0.04438,0.08621
0.08854,0.06331,0.06394,0.09478,0.07354,0.06391,0.06044,0.09113,0.08787,0.06448,0.04678,0.06105,0.06287,0.07736
0.08372,0.07315,0.04676,0.10152,0.05722,0.09228,0.06139,0.08903,0.07142,0.05471,0.03786,0.07571,0.10319,0.05204
0.10273,0.07792,0.07299,0.06444,0.07753,0.05390,0.07308,0.06386,0.09332,0.07313,0.05560,0.05700,0.05339,0.08113
0.08829,0.07064,0.05654,0.07714,0.06140,0.07698,0.07710,0.06405,0.08378,0.08196,0.05435,0.06223,0.07965,0.06590
0.10772,0.05632,0.06473,0.08784,0.05241,0.06748,0.05653,0.07425,0.09367,0.06748,0.05744,0.06319,0.07275,0.07820
0.05563,0.12320,0.07651,0.05478,0.10204,0.06162,0.09243,0.07085,0.07180,0.06403,0.05583,0.04923,0.05335,0.06871
0.07388,0.06282,0.05043,0.10107,0.05744,0.06677,0.07201,0.09590,0.08807,0.06221,0.04694,0.07075,0.08833,0.06337
0.07944,0.06775,0.05745,0.11736,0.06084,0.06408,0.05997,0.11124,0.06828,0.05610,0.05007,0.06107,0.07520,0.07114
0.08770,0.06940,0.06976,0.07180,0.07061,0.06406,0.06788,0.06293,0.08503,0.07394,0.06185,0.06979,0.06578,0.07947
0.08412,0.06735,0.05294,0.09977,0.05767,0.08696,0.06890,0.07977,0.07756,0.05631,0.03696,0.07673,0.10029,0.05467
0.07176,0.09840,0.06796,0.07008,0.08800,0.07076,0.07672,0.07635,0.07085,0.06281,0.04952,0.05760,0.07064,0.06857
0.07951,0.06927,0.06953,0.09135,0.07426,0.05800,0.07126,0.08919,0.07886,0.06862,0.04716,0.06348,0.05971,0.07981
0.06050,0.10977,0.07457,0.05969,0.11393,0.05607,0.10333,0.07130,0.07741,0.06730,0.03992,0.05076,0.05085,0.06459
0.08858,0.07149,0.06742,0.06621,0.06318,0.07553,0.07512,0.05906,0.09150,0.06809,0.05840,0.06632,0.07411,0.07498
0.05985,0.06600,0.05232,0.12204,0.07002,0.06033,0.06459,0.13929,0.06533,0.06377,0.05093,0.05459,0.05556,0.07538
0.07098,0.07062,0.06791,0.10281,0.06411,0.06545,0.07091,0.09971,0.07195,0.05740,0.04764,0.06606,0.07290,0.07154
0.05634,0.11209,0.06808,0.09144,0.08947,0.05888,0.09863,0.09273,0.07218,0.05673,0.03384,0.05256,0.05352,0.06351
0.05305,0.13878,0.07576,0.07593,0.10551,0.05637,0.09509,0.08586,0.06660,0.05560,0.03739,0.04392,0.05051,0.05963
0.06774,0.10103,0.06919,0.07365,0.09409,0.06219,0.08475,0.07330,0.07735,0.06701,0.04310,0.05997,0.06585,0.06079
0.07114,0.10224,0.05690,0.08032,0.08082,0.06634,0.07779,0.08026,0.07502,0.05652,0.04391,0.06914,0.08149,0.05813
0.07149,0.09864,0.06665,0.08173,0.08481,0.06250,0.08504,0.08164,0.07019,0.05721,0.04614,0.05860,0.07040,0.06498
0.06697,0.10790,0.07578,0.06341,0.10083,0.05785,0.09430,0.07672,0.07710,0.06055,0.04674,0.04787,0.05644,0.06753
0.08565,0.06169,0.04732,0.11108,0.05870,0.10104,0.05437,0.08429,0.06413,0.04915,0.03695,0.08492,0.11001,0.05071
0.08454,0.08119,0.06742,0.08213,0.07435,0.05855,0.07558,0.07642,0.08692,0.06554,0.04740,0.06089,0.06550,0.07355
0.05513,0.14522,0.08032,0.04286,0.12297,0.04872,0.10547,0.06811,0.07081,0.05987,0.04110,0.04575,0.04636,0.06730
0.08079,0.05928,0.04942,0.11315,0.05745,0.09493,0.06150,0.08520,0.06650,0.04467,0.03891,0.08520,0.10997,0.05303
0.06019,0.07642,0.05843,0.14351,0.06150,0.05960,0.06023,0.15393,0.06015,0.04608,0.04474,0.04977,0.05541,0.07005
0.10212,0.06656,0.05805,0.08673,0.06518,0.06421,0.05685,0.07121,0.09684,0.06274,0.04843,0.07020,0.07313,0.07773
0.06743,0.08620,0.05587,0.10572,0.06808,0.07173,0.07764,0.09308,0.06784,0.05508,0.04368,0.06245,0.08422,0.06097
0.06967,0.07024,0.05431,0.13092,0.06037,0.06392,0.06286,0.13095,0.07065,0.04776,0.04281,0.05929,0.07298,0.06327
0.06558,0.07903,0.06441,0.10903,0.06885,0.06467,0.07317,0.11234,0.07015,0.05965,0.04575,0.05583,0.06246,0.06907
0.07303,0.10178,0.06380,0.06527,0.08884,0.06372,0.08770,0.06775,0.07678,0.06993,0.04753,0.06380,0.06441,0.06567
0.09845,0.05705,0.06979,0.10453,0.06098,0.06213,0.05602,0.09752,0.08219,0.06258,0.05182,0.05530,0.05866,0.08298
0.06537,0.04082,0.03724,0.19556,0.04111,0.05955,0.03818,0.20481,0.05444,0.04452,0.03164,0.05291,0.06254,0.07131
0.09652,0.05474,0.04548,0.11754,0.04783,0.10540,0.04884,0.08069,0.07170,0.04470,0.03216,0.08794,0.12134,0.04513
0.08135,0.07130,0.06480,0.08960,0.06837,0.05821,0.06802,0.08782,0.08131,0.06648,0.05721,0.06271,0.06410,0.07871
0.05601,0.07980,0.05715,0.10738,0.07495,0.05447,0.07376,0.11565,0.06930,0.05957,0.05046,0.06068,0.06464,0.07618
0.05352,0.06622,0.05069,0.15672,0.06516,0.05272,0.06090,0.17411,0.05377,0.05275,0.04215,0.04591,0.04789,0.07748
0.08343,0.07188,0.06717,0.07506,0.08637,0.06710,0.07942,0.07115,0.08731,0.06681,0.04840,0.06674,0.06479,0.06437
0.07229,0.07112,0.05008,0.12900,0.06242,0.08114,0.05758,0.10726,0.06170,0.04824,0.03878,0.07387,0.08953,0.05700
0.07188,0.09683,0.07972,0.04401,0.11963,0.05504,0.09772,0.05854,0.08791,0.06629,0.05324,0.05192,0.04645,0.07083
0.06491,0.08258,0.06198,0.10397,0.08138,0.06069,0.07052,0.10667,0.07020,0.06370,0.05155,0.05522,0.05392,0.07271
0.12644,0.05781,0.06968,0.06318,0.06484,0.05938,0.05645,0.06473,0.10215,0.07098,0.06272,0.05401,0.05114,0.09649
0.12590,0.04841,0.06602,0.07715,0.06011,0.04916,0.05784,0.06951,0.10984,0.07438,0.05611,0.06339,0.05036,0.09181
0.07750,0.06834,0.05874,0.12948,0.06600,0.05148,0.06166,0.13210,0.06648,0.05665,0.04633,0.05374,0.05409,0.07740
0.05066,0.12200,0.07232,0.08763,0.10365,0.04763,0.09484,0.09657,0.06963,0.05927,0.03777,0.04616,0.04818,0.06371
0.09385,0.07209,0.06535,0.08248,0.06670,0.06930,0.07448,0.07302,0.08308,0.06598,0.04810,0.06569,0.06832,0.07155
0.03195,0.16654,0.07412,0.09221,0.12745,0.04156,0.09647,0.11722,0.05744,0.04670,0.02670,0.03047,0.03225,0.05893
0.08669,0.07799,0.07024,0.08601,0.07818,0.05969,0.06637,0.08506,0.07926,0.06623,0.05739,0.05348,0.04983,0.08358
0.10815,0.03931,0.04074,0.12285,0.03786,0.11026,0.04098,0.07662,0.07829,0.04454,0.03132,0.09551,0.12525,0.04833
0.06558,0.08009,0.05655,0.11993,0.06840,0.05477,0.06858,0.12031,0.06963,0.06078,0.04436,0.05680,0.06085,0.07338
0.08956,0.05409,0.04282,0.12379,0.04286,0.09847,0.05166,0.08825,0.08022,0.04716,0.03310,0.08659,0.11267,0.04875
0.09138,0.08106,0.06858,0.06644,0.07414,0.06014,0.07538,0.06286,0.08800,0.07259,0.05098,0.06584,0.07025,0.07237
0.07192,0.10724,0.07475,0.06648,0.10520,0.05359,0.08609,0.07334,0.08249,0.06094,0.04781,0.05154,0.05245,0.06616
0.07498,0.08287,0.06508,0.08015,0.06316,0.07407,0.07570,0.06804,0.08122,0.06708,0.04952,0.06506,0.08187,0.07117
0.06305,0.09430,0.05978,0.09614,0.08592,0.06538,0.07948,0.10245,0.07558,0.05442,0.03500,0.05932,0.07209,0.05709
0.08938,0.06818,0.06577,0.09163,0.06259,0.06352,0.06278,0.07930,0.08726,0.06732,0.04952,0.06754,0.07410,0.07112
0.11000,0.06221,0.07855,0.05901,0.08723,0.04400,0.07018,0.06860,0.10428,0.07547,0.05690,0.05170,0.04234,0.08953
0.06445,0.07360,0.05839,0.12934,0.06545,0.06604,0.06184,0.12674,0.06932,0.05406,0.03689,0.05481,0.07785,0.06120
0.11266,0.07218,0.07424,0.05437,0.07019,0.04882,0.06695,0.06155,0.09892,0.07371,0.06742,0.05881,0.04522,0.09497
0.08009,0.08064,0.05835,0.09306,0.07011,0.08979,0.06839,0.08271,0.06636,0.05148,0.03909,0.07739,0.09009,0.05245
0.08677,0.06520,0.06116,0.09348,0.07427,0.07192,0.06001,0.07660,0.08791,0.06347,0.04840,0.07289,0.06966,0.06827
0.09916,0.06160,0.06376,0.08809,0.05949,0.06256,0.05946,0.07998,0.08246,0.06625,0.05558,0.06850,0.07306,0.08005
0.08378,0.07694,0.05796,0.08257,0.06822,0.07732,0.07327,0.07625,0.08448,0.05701,0.04409,0.07217,0.08308,0.06286
0.04665,0.05105,0.04007,0.21419,0.04937,0.04447,0.04734,0.22466,0.05066,0.03981,0.02932,0.03977,0.04806,0.07460
0.05862,0.07950,0.06504,0.12065,0.06363,0.06624,0.06844,0.12584,0.06219,0.05720,0.05058,0.05185,0.06122,0.06899
0.08460,0.05549,0.05873,0.12234,0.05853,0.05612,0.05293,0.12597,0.07501,0.06049,0.05371,0.05377,0.05568,0.08663
0.07402,0.09129,0.06787,0.08564,0.07617,0.06525,0.07972,0.08722,0.06798,0.06989,0.04824,0.05795,0.06418,0.06460
0.07009,0.06820,0.06974,0.09847,0.05592,0.08151,0.07191,0.08103,0.06653,0.05684,0.06215,0.06942,0.08141,0.06677
0.07299,0.08444,0.06112,0.08218,0.06772,0.07511,0.07585,0.07147,0.07964,0.06679,0.05613,0.06402,0.07686,0.06567
0.07886,0.07494,0.06318,0.08183,0.06616,0.07365,0.07749,0.06934,0.08154,0.06937,0.05701,0.06386,0.07751,0.06526
0.05610,0.12141,0.06919,0.09107,0.09489,0.06189,0.08441,0.09641,0.06523,0.05375,0.03889,0.05044,0.05967,0.05666
0.06319,0.09306,0.06366,0.10780,0.07866,0.05774,0.07552,0.11112,0.07242,0.05418,0.04379,0.05313,0.05952,0.06621
0.07790,0.08091,0.06476,0.07670,0.07428,0.06212,0.08405,0.07355,0.08431,0.06846,0.05063,0.06530,0.06415,0.07288
0.06641,0.05831,0.05049,0.14456,0.06040,0.06881,0.05509,0.14315,0.06107,0.05667,0.04731,0.05291,0.06120,0.07363
0.05514,0.06976,0.04737,0.16891,0.05802,0.05064,0.06546,0.17249,0.06103,0.04840,0.03621,0.04259,0.05434,0.06964
0.06490,0.09469,0.06462,0.09614,0.08310,0.05854,0.08187,0.09524,0.07277,0.06446,0.04418,0.05502,0.06087,0.06359
0.07307,0.09609,0.06666,0.08053,0.08479,0.06788,0.07421,0.07103,0.07533,0.06215,0.04816,0.06364,0.06907,0.06739
0.06686,0.08143,0.07148,0.06776,0.09501,0.06533,0.08456,0.07192,0.07966,0.06964,0.05362,0.06525,0.06222,0.06526
0.08617,0.06450,0.04671,0.10935,0.05618,0.09871,0.06438,0.08002,0.07281,0.04642,0.03489,0.08247,0.10924,0.04813
0.07251,0.07303,0.05822,0.10604,0.06626,0.06980,0.07567,0.09764,0.07305,0.06068,0.04101,0.06568,0.07363,0.06680
0.05835,0.10841,0.07336,0.07513,0.09130,0.06216,0.08817,0.08463,0.07024,0.05974,0.05222,0.05120,0.05637,0.06871
0.09609,0.06888,0.07294,0.07907,0.06589,0.05790,0.06350,0.08071,0.08844,0.07118,0.05224,0.05931,0.05653,0.08732
0.05644,0.12734,0.07740,0.05560,0.11419,0.05581,0.09663,0.06876,0.06957,0.06759,0.03902,0.05388,0.05801,0.05976
0.07639,0.06975,0.05835,0.10171,0.06479,0.08065,0.06950,0.07976,0.07019,0.05382,0.04790,0.07657,0.08883,0.06178
0.08156,0.07404,0.06627,0.08979,0.06487,0.05736,0.07956,0.07514,0.08378,0.06225,0.05234,0.06879,0.06691,0.07733
0.08198,0.06802,0.06311,0.10518,0.06547,0.06527,0.06542,0.10011,0.07271,0.06334,0.04795,0.06208,0.06525,0.07410
0.07082,0.09118,0.05885,0.09734,0.07826,0.06749,0.07140,0.08832,0.07134,0.06089,0.04206,0.06289,0.07352,0.06566
0.05721,0.11134,0.06998,0.07508,0.09068,0.06912,0.09341,0.07922,0.07746,0.06136,0.03653,0.05957,0.06079,0.05826
0.07332,0.07622,0.05680,0.09904,0.07312,0.09128,0.06551,0.07675,0.06356,0.05382,0.03496,0.08131,0.10227,0.05204
0.09347,0.05352,0.05270,0.11700,0.05520,0.07705,0.05423,0.09687,0.06568,0.04939,0.04800,0.07536,0.09470,0.06681
0.06872,0.09795,0.07582,0.05848,0.10774,0.05962,0.09752,0.07017,0.08416,0.06692,0.04417,0.05297,0.04855,0.06721
0.05223,0.13470,0.07561,0.06708,0.10770,0.05411,0.09504,0.08145,0.07140,0.05820,0.04290,0.04617,0.04844,0.06496
0.06668,0.10245,0.07097,0.06370,0.09040,0.06303,0.08611,0.07094,0.07311,0.06558,0.06272,0.05256,0.05573,0.07600
0.05162,0.09842,0.06404,0.14047,0.08559,0.04632,0.06836,0.15460,0.05717,0.04952,0.03701,0.03641,0.03927,0.07120
0.07259,0.07297,0.06494,0.07898,0.06537,0.07390,0.07674,0.06854,0.08164,0.07002,0.06161,0.06778,0.07771,0.06721
0.07672,0.06017,0.04889,0.10557,0.05114,0.08461,0.06474,0.09357,0.09278,0.05223,0.03542,0.07941,0.10245,0.05232
0.08173,0.08623,0.07813,0.05513,0.08723,0.07084,0.08494,0.05661,0.08812,0.07584,0.05002,0.05613,0.05972,0.06933
0.05396,0.12392,0.06699,0.09371,0.09458,0.05269,0.09024,0.10453,0.06616,0.05200,0.03633,0.05108,0.05509,0.05871
0.07672,0.09506,0.07335,0.06690,0.08233,0.05937,0.08269,0.06834,0.07980,0.06771,0.04870,0.06380,0.06624,0.06900
0.08023,0.06929,0.05667,0.08867,0.06176,0.08377,0.06414,0.07260,0.07775,0.05950,0.05050,0.07817,0.09813,0.05881
0.06183,0.06465,0.04764,0.16337,0.05531,0.05422,0.05629,0.17075,0.05856,0.04632,0.03635,0.05422,0.05986,0.07063
0.06215,0.07123,0.05674,0.12446,0.06704,0.05958,0.06871,0.13910,0.06323,0.05785,0.04805,0.04912,0.05677,0.07598
0.06690,0.11678,0.07339,0.07595,0.09801,0.05440,0.08423,0.08210,0.07648,0.06571,0.04539,0.04553,0.04454,0.07057
0.08762,0.07763,0.06364,0.07343,0.06532,0.06882,0.07220,0.07018,0.08789,0.06625,0.04946,0.06621,0.08310,0.06826
0.05957,0.12287,0.07279,0.06869,0.09962,0.05675,0.08962,0.07920,0.07609,0.06613,0.04444,0.05137,0.04940,0.06346
0.05722,0.11801,0.06599,0.07908,0.09678,0.06214,0.08589,0.08731,0.06519,0.06114,0.04250,0.05555,0.06404,0.05915
0.07413,0.07819,0.06892,0.06276,0.09405,0.06797,0.08687,0.07085,0.08244,0.07216,0.05221,0.06528,0.05993,0.06421
0.05980,0.06637,0.04858,0.16029,0.06026,0.05285,0.05900,0.16985,0.05862,0.05072,0.04174,0.04563,0.04706,0.07924
0.06506,0.09727,0.05918,0.09266,0.08173,0.06899,0.08347,0.08964,0.07388,0.05507,0.03983,0.06158,0.07465,0.05700
0.10295,0.06001,0.06407,0.09197,0.06697,0.05099,0.06750,0.07884,0.09773,0.07148,0.05060,0.06139,0.05230,0.08321
0.07171,0.04964,0.05001,0.15569,0.05481,0.05703,0.05953,0.14903,0.06973,0.05032,0.03641,0.06089,0.06301,0.07220
0.09103,0.05080,0.04112,0.13780,0.04919,0.08617,0.04743,0.10971,0.07167,0.04145,0.03801,0.07838,0.10197,0.05527
0.05983,0.12166,0.08046,0.05352,0.11830,0.05551,0.10179,0.06590,0.07549,0.07048,0.03983,0.04901,0.04568,0.06255
0.05873,0.08148,0.05770,0.12466,0.07251,0.05589,0.07284,0.12831,0.06289,0.05558,0.04801,0.04983,0.05862,0.07295
0.06065,0.06651,0.04904,0.14680,0.06165,0.06566,0.06240,0.13495,0.06444,0.04476,0.04036,0.06252,0.07591,0.06434
0.06106,0.11599,0.07960,0.06392,0.08512,0.06793,0.08834,0.06629,0.06485,0.07173,0.05816,0.05281,0.05625,0.06796
0.09083,0.07520,0.06484,0.06319,0.07483,0.06297,0.08222,0.06076,0.08960,0.07453,0.05517,0.06887,0.06287,0.07411
0.05431,0.08503,0.05701,0.13444,0.07158,0.05796,0.07710,0.13654,0.06318,0.04777,0.03293,0.05527,0.06569,0.06118
0.08107,0.08128,0.06933,0.08264,0.07500,0.06421,0.07448,0.07755,0.08603,0.06262,0.04412,0.06596,0.06590,0.06981
0.08503,0.07401,0.06503,0.08137,0.06985,0.06472,0.07306,0.06888,0.08474,0.06314,0.05795,0.06779,0.06763,0.07681
0.06445,0.06467,0.05300,0.13433,0.06082,0.05766,0.06452,0.14137,0.07153,0.05833,0.04450,0.05629,0.05583,0.07269
0.09869,0.05602,0.05669,0.10972,0.05504,0.07646,0.05740,0.08088,0.08721,0.06111,0.04125,0.07798,0.07945,0.06211
0.08191,0.09311,0.07479,0.05738,0.09546,0.05413,0.08245,0.06587,0.08754,0.06669,0.04821,0.06338,0.05012,0.07897
0.08819,0.07085,0.04985,0.10075,0.05381,0.09550,0.06036,0.07593,0.06493,0.04342,0.04280,0.08799,0.11709,0.04852
0.05109,0.04173,0.03665,0.22616,0.03929,0.05043,0.03914,0.23296,0.04224,0.03507,0.02965,0.04677,0.05315,0.07567
0.09689,0.07643,0.07714,0.06545,0.07438,0.06525,0.07026,0.06503,0.08732,0.07335,0.05794,0.05132,0.05492,0.08432
0.06570,0.09614,0.06971,0.09311,0.08645,0.06229,0.07672,0.09669,0.06498,0.05758,0.05182,0.05253,0.05643,0.06987
0.09156,0.08382,0.07730,0.05671,0.07741,0.06487,0.08074,0.06034,0.08892,0.06100,0.06426,0.05483,0.05604,0.08219
0.05233,0.12634,0.06767,0.09362,0.10151,0.04986,0.08795,0.10262,0.06753,0.05656,0.04025,0.04069,0.04679,0.06629
0.05469,0.05484,0.04888,0.17879,0.05187,0.04887,0.06289,0.18454,0.06321,0.04393,0.03283,0.04941,0.05073,0.07451
0.06347,0.08628,0.06345,0.11383,0.07600,0.05832,0.07407,0.11973,0.06586,0.05840,0.04228,0.05203,0.05578,0.07051
0.06506,0.09990,0.06568,0.06403,0.07786,0.06581,0.08630,0.07065,0.06760,0.07386,0.06013,0.06672,0.06664,0.06975
0.06743,0.07635,0.07225,0.06500,0.10115,0.07043,0.09489,0.06678,0.07989,0.06755,0.05025,0.06685,0.06306,0.05813
0.05708,0.08333,0.06138,0.12527,0.06947,0.05710,0.07424,0.12070,0.06666,0.05824,0.04212,0.05068,0.06429,0.06944
0.05511,0.06012,0.04796,0.16987,0.05497,0.05792,0.05762,0.17807,0.05193,0.04569,0.03481,0.05058,0.06272,0.07263
0.08000,0.07116,0.05092,0.11028,0.05784,0.09118,0.06137,0.09462,0.07030,0.05020,0.03860,0.07460,0.09585,0.05308
0.10109,0.05799,0.05974,0.09725,0.06462,0.07069,0.06108,0.07727,0.08135,0.06096,0.04856,0.07122,0.07559,0.07259
0.07009,0.08398,0.06696,0.07035,0.08099,0.06859,0.08943,0.06639,0.08124,0.07078,0.04425,0.07162,0.07174,0.06360
0.08767,0.06639,0.05497,0.08826,0.05485,0.09447,0.05633,0.06503,0.06862,0.04856,0.05381,0.08978,0.11247,0.05878
0.08264,0.07538,0.06519,0.08252,0.06868,0.06274,0.06962,0.08295,0.08128,0.06989,0.05175,0.06214,0.06927,0.07593
0.09427,0.06885,0.06715,0.07091,0.07087,0.06867,0.07783,0.06384,0.09013,0.06629,0.05332,0.06378,0.07102,0.07308
0.06118,0.10445,0.06509,0.08766,0.08722,0.05637,0.08782,0.09575,0.07603,0.06143,0.04672,0.05184,0.05277,0.06567
0.08501,0.06884,0.06430,0.09775,0.06366,0.07044,0.06478,0.08446,0.08536,0.06313,0.04923,0.06219,0.06972,0.07114
0.05734,0.09651,0.06314,0.10697,0.08331,0.05919,0.07700,0.11080,0.06247,0.05587,0.04453,0.05405,0.05607,0.07274
0.07212,0.09369,0.07166,0.07053,0.08166,0.06334,0.08905,0.07590,0.07920,0.06412,0.04752,0.06231,0.06196,0.06694
0.05928,0.10073,0.07225,0.07965,0.08483,0.07208,0.07807,0.08353,0.06526,0.05544,0.05768,0.05974,0.06340,0.06806
0.05984,0.05537,0.04388,0.18358,0.04929,0.05607,0.05221,0.17828,0.05651,0.04532,0.03634,0.05448,0.05709,0.07173
0.04835,0.07046,0.04770,0.17719,0.06109,0.04948,0.05369,0.18918,0.05307,0.04717,0.03699,0.04387,0.04880,0.07297
0.09213,0.08237,0.06535,0.06905,0.07995,0.06006,0.07360,0.06237,0.08891,0.07151,0.04822,0.06826,0.06490,0.07330
0.07497,0.06789,0.05885,0.13212,0.06443,0.05359,0.06266,0.12616,0.07793,0.06165,0.04198,0.05218,0.04895,0.07664
0.06223,0.10115,0.06910,0.09227,0.08096,0.06085,0.08210,0.09847,0.06687,0.05896,0.04988,0.05138,0.05437,0.07142
0.05782,0.09687,0.06711,0.09535,0.08725,0.05794,0.08531,0.09744,0.07276,0.05923,0.04103,0.05346,0.05818,0.07026
0.06458,0.04899,0.04244,0.19844,0.04873,0.04662,0.04481,0.21511,0.05016,0.04296,0.03709,0.03879,0.03939,0.08190
0.07844,0.08426,0.07114,0.07743,0.07735,0.07308,0.07675,0.07455,0.06716,0.07256,0.05327,0.05534,0.07059,0.06807
0.05723,0.05416,0.04177,0.18596,0.04852,0.05671,0.05283,0.19155,0.05813,0.04083,0.03258,0.05150,0.05879,0.06942
0.09058,0.08522,0.06580,0.07451,0.07812,0.05935,0.07656,0.06973,0.08345,0.06328,0.04828,0.06475,0.06478,0.07558
0.08063,0.06888,0.06247,0.07319,0.07558,0.07290,0.06194,0.06318,0.08294,0.06877,0.06206,0.07458,0.07704,0.07584
0.05135,0.06760,0.04658,0.17170,0.05424,0.05579,0.05889,0.17994,0.05328,0.04874,0.04300,0.04436,0.05534,0.06918
0.05500,0.10011,0.06328,0.11063,0.08206,0.05120,0.09271,0.11556,0.07230,0.05599,0.03514,0.04656,0.05534,0.06412
0.10520,0.07195,0.07522,0.07380,0.07333,0.05447,0.06329,0.07127,0.09730,0.06803,0.04836,0.05655,0.05651,0.08471
0.05869,0.07640,0.05588,0.15107,0.06770,0.05605,0.05905,0.15806,0.05692,0.04920,0.04112,0.04781,0.05120,0.07085
