0.00000,0.00000,0.00000,0.00000,0.00000,0.00000,0.61908,0.00318,0.00000,0.00000,0.00000,0.00000,0.00000,0.00000,0.00000,0.00000,0.00000,0.00000,0.00000,0.06424,0.00028,0.17099,0.00000,0.08897,0.00087,0.00005,0.05232,0.00001
0.00000,0.00000,0.00000,0.00000,0.00000,0.00000,0.00000,0.00000,0.00000,0.00000,0.00000,0.00000,0.00000,0.00000,0.00000,0.00000,0.01740,0.00005,0.01793,0.00075,0.01536,0.00920,0.00670,0.03941,0.03763,0.06783,0.71450,0.07325
0.00000,0.00000,0.00000,0.00000,0.00000,0.00000,0.00000,0.00000,0.00000,0.00000,0.00000,0.00000,0.00000,0.00000,0.00000,0.00000,0.05567,0.08117,0.01487,0.02320,0.00715,0.00118,0.00000,0.11811,0.12287,0.00000,0.57450,0.00127
0.00000,0.00000,0.00000,0.00000,0.00000,0.00000,0.00000,0.00000,0.00000,0.00000,0.00000,0.00000,0.00223,0.00181,0.00000,0.00000,0.00000,0.00000,0.05220,0.33963,0.01317,0.08984,0.00000,0.40679,0.00389,0.03657,0.05382,0.00005
0.00000,0.00000,0.00000,0.00000,0.00000,0.00000,0.00000,0.00000,0.00000,0.00000,0.00000,0.00000,0.09959,0.00718,0.00000,0.00000,0.00000,0.00000,0.00000,0.00543,0.03412,0.19947,0.00018,0.49404,0.03763,0.00520,0.08467,0.03250
0.00000,0.00000,0.00234,0.00053,0.00000,0.00000,0.00000,0.00000,0.00000,0.00000,0.00000,0.00000,0.00000,0.00000,0.00000,0.00000,0.00000,0.00000,0.00000,0.33597,0.00597,0.09905,0.00000,0.40204,0.09865,0.00000,0.05541,0.00003
0.00000,0.00000,0.00000,0.00000,0.00000,0.00000,0.00000,0.34527,0.00000,0.00000,0.00000,0.00000,0.00000,0.00000,0.00000,0.00000,0.00000,0.00000,0.00048,0.05846,0.00001,0.07513,0.00333,0.10983,0.25238,0.02806,0.00366,0.12338
0.00000,0.00000,0.00000,0.00000,0.00000,0.00000,0.00000,0.00000,0.00000,0.00141,0.00000,0.00000,0.00000,0.00000,0.00000,0.00000,0.00000,0.00000,0.00000,0.26568,0.00001,0.07025,0.01621,0.53894,0.00023,0.00000,0.02133,0.08596
0.00046,0.15627,0.00000,0.00000,0.00000,0.00000,0.00000,0.00000,0.00000,0.00000,0.00000,0.00000,0.00000,0.00000,0.00000,0.00000,0.00000,0.00000,0.00013,0.22452,0.00019,0.11783,0.09614,0.39667,0.00070,0.00000,0.00000,0.00708
0.00000,0.00000,0.00000,0.00000,0.00000,0.00000,0.00000,0.00000,0.00000,0.00000,0.00000,0.00000,0.00000,0.01867,0.00000,0.00000,0.00000,0.00000,0.00015,0.05564,0.00975,0.07991,0.04644,0.08123,0.59272,0.00000,0.07259,0.04290
0.00000,0.00000,0.04658,0.01771,0.00000,0.00000,0.00000,0.00000,0.00000,0.00000,0.00000,0.00000,0.00000,0.00000,0.00000,0.00000,0.00000,0.00000,0.00000,0.04435,0.09806,0.01139,0.08336,0.39329,0.03009,0.00000,0.26306,0.01211
0.00000,0.00000,0.00000,0.00000,0.00000,0.00000,0.00000,0.00000,0.00000,0.00000,0.00000,0.00000,0.00679,0.24751,0.00000,0.00000,0.00000,0.00000,0.01681,0.06320,0.02646,0.07224,0.00008,0.21784,0.24290,0.00055,0.09305,0.01258
0.00000,0.00000,0.00000,0.00000,0.00000,0.00000,0.00000,0.00000,0.00000,0.00000,0.00000,0.00000,0.00044,0.06552,0.00000,0.00000,0.00000,0.00000,0.00545,0.01292,0.01753,0.40471,0.00000,0.18686,0.21408,0.00000,0.09221,0.00029
0.00000,0.00000,0.16313,0.20507,0.00000,0.00000,0.00000,0.00000,0.00000,0.00000,0.00000,0.00000,0.00000,0.00000,0.00000,0.00000,0.00000,0.00000,0.00000,0.36928,0.00445,0.04579,0.00007,0.09581,0.06359,0.00000,0.05083,0.00198
0.00000,0.00000,0.00000,0.00000,0.00000,0.00000,0.00000,0.00000,0.00000,0.00000,0.00100,0.07770,0.00000,0.00000,0.00000,0.00000,0.00000,0.00000,0.02949,0.02527,0.00379,0.37007,0.00030,0.03345,0.21553,0.00002,0.23751,0.00585
0.00000,0.00000,0.00000,0.00000,0.00000,0.00000,0.00000,0.00000,0.00000,0.00000,0.00000,0.00000,0.00000,0.00000,0.00000,0.00000,0.01103,0.03737,0.07699,0.46558,0.00001,0.13300,0.00998,0.00774,0.16303,0.00000,0.09527,0.00000
0.00000,0.00000,0.05337,0.00077,0.00000,0.00000,0.00000,0.00000,0.00000,0.00000,0.00000,0.00000,0.00000,0.00000,0.00000,0.00000,0.00000,0.00000,0.00000,0.11924,0.14274,0.00638,0.00028,0.09766,0.11492,0.00000,0.45937,0.00527
0.00000,0.00000,0.01346,0.08827,0.00000,0.00000,0.00000,0.00000,0.00000,0.00000,0.00000,0.00000,0.00000,0.00000,0.00000,0.00000,0.00000,0.00000,0.07398,0.01930,0.00064,0.03931,0.00041,0.54089,0.00006,0.00000,0.17486,0.04882
0.00000,0.00000,0.00000,0.00000,0.00000,0.00000,0.00000,0.00000,0.00000,0.00000,0.00000,0.00000,0.00000,0.00000,0.01775,0.05227,0.00000,0.00000,0.00000,0.25227,0.00779,0.00002,0.00091,0.39336,0.09327,0.00000,0.17133,0.01103
0.00000,0.00000,0.00000,0.00000,0.00000,0.00000,0.00000,0.00000,0.00000,0.00000,0.08475,0.00089,0.00000,0.00000,0.00000,0.00000,0.00000,0.00000,0.06454,0.07813,0.00091,0.03332,0.00929,0.70627,0.00496,0.00000,0.01559,0.00135
0.00000,0.00000,0.00000,0.00000,0.00000,0.00000,0.00283,0.34717,0.00000,0.00000,0.00000,0.00000,0.00000,0.00000,0.00000,0.00000,0.00000,0.00000,0.00230,0.10719,0.00406,0.00072,0.00000,0.40621,0.00775,0.00000,0.11972,0.00205
0.00000,0.00000,0.00000,0.00000,0.00005,0.22480,0.00000,0.00000,0.00000,0.00000,0.00000,0.00000,0.00000,0.00000,0.00000,0.00000,0.00000,0.00000,0.00090,0.16701,0.01995,0.25576,0.03879,0.07884,0.00000,0.00000,0.21386,0.00004
0.00000,0.00000,0.00000,0.00000,0.00000,0.00000,0.00000,0.00000,0.00000,0.00000,0.00000,0.00000,0.00000,0.00000,0.00000,0.00000,0.00436,0.03612,0.00000,0.13258,0.25942,0.03169,0.00000,0.40101,0.01697,0.00000,0.11301,0.00484
0.00000,0.00000,0.00000,0.00000,0.00000,0.00000,0.00000,0.00000,0.00000,0.00000,0.00000,0.00000,0.00000,0.00000,0.00000,0.00000,0.00000,0.00248,0.02877,0.10465,0.00458,0.43833,0.13030,0.25627,0.01099,0.00000,0.01328,0.01034
0.00000,0.00000,0.00000,0.00000,0.00044,0.09325,0.00000,0.00000,0.00000,0.00000,0.00000,0.00000,0.00000,0.00000,0.00000,0.00000,0.00000,0.00000,0.00000,0.02238,0.02896,0.04835,0.13057,0.55535,0.01325,0.00000,0.06593,0.04151
0.00000,0.00000,0.00000,0.00000,0.00000,0.00000,0.00000,0.00000,0.00000,0.00000,0.00000,0.01100,0.00000,0.00000,0.00000,0.00000,0.00000,0.00000,0.00189,0.00045,0.32611,0.01618,0.06204,0.45856,0.06210,0.00000,0.05759,0.00408
0.00000,0.00000,0.00000,0.00000,0.00000,0.00000,0.00000,0.00000,0.00000,0.00000,0.00000,0.00000,0.00000,0.00010,0.00000,0.00000,0.00000,0.00000,0.00015,0.16313,0.00004,0.30260,0.00036,0.44430,0.00297,0.08300,0.00186,0.00149
0.00000,0.00000,0.00000,0.00000,0.00000,0.00000,0.00000,0.00000,0.00000,0.00000,0.00000,0.00000,0.00000,0.00000,0.00070,0.00115,0.00000,0.00000,0.00001,0.00039,0.04918,0.06522,0.08147,0.76809,0.01017,0.00376,0.01950,0.00037
0.00000,0.00000,0.00854,0.24726,0.00000,0.00000,0.00000,0.00000,0.00000,0.00000,0.00000,0.00000,0.00000,0.00000,0.00000,0.00000,0.00000,0.00000,0.00000,0.30917,0.00000,0.00286,0.00001,0.36837,0.03120,0.00000,0.03251,0.00007
0.00000,0.00000,0.00000,0.00000,0.00000,0.00000,0.00000,0.00000,0.00862,0.00963,0.00000,0.00000,0.00000,0.00000,0.00000,0.00000,0.00000,0.00000,0.00000,0.06152,0.00000,0.07292,0.00078,0.38517,0.00156,0.00000,0.45979,0.00001
0.00000,0.00000,0.00000,0.00000,0.00000,0.00000,0.00000,0.00000,0.00000,0.00000,0.00000,0.00000,0.00000,0.00000,0.00000,0.00000,0.00000,0.00713,0.00010,0.55376,0.28477,0.00744,0.00016,0.07388,0.04838,0.00000,0.00562,0.01877
0.00000,0.00000,0.00000,0.00000,0.00000,0.00000,0.00000,0.00000,0.00000,0.00000,0.00000,0.00000,0.00000,0.00000,0.05223,0.31845,0.00000,0.00000,0.00009,0.09513,0.01705,0.06052,0.00035,0.10966,0.01942,0.00000,0.24053,0.08656
0.00000,0.00000,0.00000,0.00000,0.00000,0.00000,0.00000,0.00000,0.00000,0.00000,0.00925,0.08449,0.00000,0.00000,0.00000,0.00000,0.00000,0.00000,0.00000,0.01605,0.04659,0.02435,0.00001,0.29791,0.45512,0.00033,0.00001,0.06588
0.00000,0.00000,0.00439,0.00037,0.00000,0.00000,0.00000,0.00000,0.00000,0.00000,0.00000,0.00000,0.00000,0.00000,0.00000,0.00000,0.00000,0.00000,0.01897,0.26511,0.04239,0.06360,0.05852,0.48427,0.00006,0.03618,0.02449,0.00166
0.00000,0.00000,0.00000,0.00000,0.00000,0.00000,0.03455,0.47991,0.00000,0.00000,0.00000,0.00000,0.00000,0.00000,0.00000,0.00000,0.00000,0.00000,0.04470,0.10354,0.00737,0.00288,0.05007,0.06807,0.00726,0.00000,0.13084,0.07081
0.00000,0.00000,0.00000,0.00000,0.00000,0.00000,0.00000,0.00000,0.00000,0.00000,0.08165,0.18434,0.00000,0.00000,0.00000,0.00000,0.00000,0.00000,0.01627,0.03178,0.00067,0.15059,0.25974,0.11424,0.07898,0.00000,0.08174,0.00000
0.00000,0.00000,0.00000,0.00000,0.00000,0.00929,0.00000,0.00000,0.00000,0.00000,0.00000,0.00000,0.00000,0.00000,0.00000,0.00000,0.00000,0.00000,0.00007,0.07536,0.11581,0.33987,0.14769,0.01667,0.26672,0.00000,0.01175,0.01677
0.00000,0.00000,0.00000,0.00000,0.00000,0.00000,0.00108,0.07378,0.00000,0.00000,0.00000,0.00000,0.00000,0.00000,0.00000,0.00000,0.00000,0.00000,0.00000,0.64970,0.00733,0.01395,0.00000,0.21075,0.02953,0.00000,0.01387,0.00002
0.00926,0.12462,0.00000,0.00000,0.00000,0.00000,0.00000,0.00000,0.00000,0.00000,0.00000,0.00000,0.00000,0.00000,0.00000,0.00000,0.00000,0.00000,0.00446,0.72547,0.00001,0.03717,0.00003,0.07245,0.00299,0.00353,0.01991,0.00011
0.00000,0.00000,0.00000,0.00000,0.00026,0.29101,0.00000,0.00000,0.00000,0.00000,0.00000,0.00000,0.00000,0.00000,0.00000,0.00000,0.00000,0.00000,0.00000,0.11144,0.00073,0.04311,0.00279,0.20176,0.04364,0.00000,0.29458,0.01066
0.20514,0.00064,0.00000,0.00000,0.00000,0.00000,0.00000,0.00000,0.00000,0.00000,0.00000,0.00000,0.00000,0.00000,0.00000,0.00000,0.00000,0.00000,0.00001,0.29274,0.03640,0.08085,0.00000,0.24707,0.01437,0.00000,0.12265,0.00013
0.00000,0.00000,0.00000,0.00000,0.00000,0.00000,0.00000,0.00000,0.00000,0.00000,0.00647,0.01320,0.00000,0.00000,0.00000,0.00000,0.00000,0.00000,0.00199,0.24699,0.00112,0.05636,0.18696,0.04783,0.03233,0.06837,0.19052,0.14786
0.00000,0.00000,0.00000,0.00000,0.00000,0.00000,0.00000,0.00000,0.00000,0.00000,0.00000,0.00000,0.00000,0.00000,0.02706,0.45764,0.00000,0.00000,0.14373,0.02293,0.11980,0.05301,0.00003,0.09097,0.04308,0.01658,0.02054,0.00463
0.00000,0.00000,0.00000,0.00000,0.00000,0.00000,0.00000,0.00000,0.05892,0.14248,0.00000,0.00000,0.00000,0.00000,0.00000,0.00000,0.00000,0.00000,0.00000,0.00746,0.12799,0.21565,0.07894,0.19652,0.06798,0.00478,0.07704,0.02223
0.00000,0.00000,0.00000,0.00000,0.00000,0.00000,0.00000,0.00000,0.00000,0.00000,0.00000,0.00000,0.00778,0.17005,0.00000,0.00000,0.00000,0.00000,0.00000,0.14553,0.05022,0.18473,0.08375,0.17014,0.03580,0.00004,0.11280,0.03917
0.00000,0.00000,0.00000,0.00000,0.00000,0.00000,0.00000,0.00000,0.00000,0.00000,0.00000,0.00000,0.00000,0.00000,0.05916,0.01837,0.00000,0.00000,0.01670,0.00245,0.00015,0.44966,0.01900,0.36175,0.04027,0.00000,0.01135,0.02115
0.00060,0.12577,0.00000,0.00000,0.00000,0.00000,0.00000,0.00000,0.00000,0.00000,0.00000,0.00000,0.00000,0.00000,0.00000,0.00000,0.00000,0.00000,0.00249,0.08721,0.01803,0.16881,0.18401,0.12408,0.01082,0.00000,0.23492,0.04328
0.00000,0.00000,0.00000,0.00000,0.00000,0.00000,0.00000,0.00000,0.00000,0.00000,0.00000,0.00000,0.00000,0.00000,0.00000,0.00000,0.00002,0.00001,0.05523,0.01115,0.00000,0.34249,0.00001,0.57886,0.00008,0.00000,0.01200,0.00016
0.00000,0.00000,0.00000,0.00002,0.00000,0.00000,0.00000,0.00000,0.00000,0.00000,0.00000,0.00000,0.00000,0.00000,0.00000,0.00000,0.00000,0.00000,0.20512,0.54981,0.00001,0.01014,0.00020,0.10228,0.00635,0.00002,0.12604,0.00002
0.04428,0.01802,0.00000,0.00000,0.00000,0.00000,0.00000,0.00000,0.00000,0.00000,0.00000,0.00000,0.00000,0.00000,0.00000,0.00000,0.00000,0.00000,0.00883,0.04954,0.09184,0.01749,0.00000,0.67890,0.08787,0.00000,0.00294,0.00030
0.00000,0.00000,0.00000,0.00000,0.00000,0.00000,0.00000,0.00000,0.00000,0.00000,0.00001,0.06372,0.00000,0.00000,0.00000,0.00000,0.00000,0.00000,0.00000,0.07136,0.00007,0.00044,0.00549,0.73018,0.05374,0.00000,0.05926,0.01573
0.00000,0.00000,0.00000,0.00000,0.00000,0.00000,0.00000,0.00000,0.00000,0.00000,0.00001,0.14132,0.00000,0.00000,0.00000,0.00000,0.00000,0.00000,0.00000,0.00537,0.00822,0.00093,0.03390,0.57455,0.02641,0.00000,0.20904,0.00024
0.00000,0.00000,0.00000,0.00000,0.00000,0.00000,0.00000,0.00000,0.00000,0.00000,0.00000,0.00000,0.00000,0.00000,0.00000,0.00000,0.00001,0.00787,0.07935,0.04481,0.00003,0.08575,0.06929,0.22416,0.04838,0.00000,0.44036,0.00000
0.00000,0.00000,0.00000,0.09198,0.00000,0.00000,0.00000,0.00000,0.00000,0.00000,0.00000,0.00000,0.00000,0.00000,0.00000,0.00000,0.00000,0.00000,0.00075,0.52202,0.06530,0.21493,0.00000,0.01240,0.01190,0.00000,0.08072,0.00000
0.00000,0.00000,0.00000,0.00000,0.00359,0.01116,0.00000,0.00000,0.00000,0.00000,0.00000,0.00000,0.00000,0.00000,0.00000,0.00000,0.00000,0.00000,0.00000,0.01152,0.23819,0.27004,0.00001,0.04113,0.00381,0.00004,0.02957,0.39094
0.00000,0.00000,0.00000,0.00000,0.00000,0.00000,0.00000,0.00000,0.00000,0.00000,0.00000,0.00000,0.00000,0.00000,0.00000,0.00000,0.16763,0.05541,0.00002,0.19136,0.25236,0.25648,0.00002,0.05181,0.01478,0.00000,0.01012,0.00000
0.00000,0.00000,0.00000,0.00000,0.00000,0.00000,0.00000,0.00000,0.00000,0.00000,0.00000,0.00000,0.00000,0.00000,0.00000,0.00000,0.00000,0.00000,0.01526,0.03875,0.12965,0.03864,0.04632,0.44313,0.15918,0.00000,0.09147,0.03758
0.00211,0.00307,0.00000,0.00000,0.00000,0.00000,0.00000,0.00000,0.00000,0.00000,0.00000,0.00000,0.00000,0.00000,0.00000,0.00000,0.00000,0.00000,0.00000,0.11026,0.05536,0.03103,0.00000,0.26605,0.44806,0.00000,0.00429,0.07976
0.00000,0.00000,0.00000,0.00000,0.29437,0.02517,0.00000,0.00000,0.00000,0.00000,0.00000,0.00000,0.00000,0.00000,0.00000,0.00000,0.00000,0.00000,0.00000,0.12984,0.06018,0.08565,0.04682,0.32105,0.00461,0.00000,0.00006,0.03225
0.00000,0.00000,0.00000,0.00000,0.34845,0.04222,0.00000,0.00000,0.00000,0.00000,0.00000,0.00000,0.00000,0.00000,0.00000,0.00000,0.00000,0.00000,0.00000,0.30197,0.00516,0.00027,0.00000,0.01310,0.06314,0.00199,0.22348,0.00023
0.00000,0.00000,0.00000,0.00000,0.00000,0.00000,0.00062,0.07122,0.00000,0.00000,0.00000,0.00000,0.00000,0.00000,0.00000,0.00000,0.00000,0.00000,0.00430,0.04282,0.00001,0.46659,0.02142,0.02740,0.06967,0.00000,0.02500,0.27093
0.00000,0.00000,0.00000,0.00000,0.00000,0.52160,0.00000,0.00000,0.00000,0.00000,0.00000,0.00000,0.00000,0.00000,0.00000,0.00000,0.00000,0.00000,0.00000,0.02527,0.00252,0.01527,0.00100,0.15219,0.03948,0.00000,0.24231,0.00036
0.00000,0.00000,0.00000,0.00000,0.00004,0.05546,0.00000,0.00000,0.00000,0.00000,0.00000,0.00000,0.00000,0.00000,0.00000,0.00000,0.00000,0.00000,0.00000,0.14212,0.14180,0.30064,0.00662,0.19991,0.11222,0.00000,0.02714,0.01406
0.00000,0.00000,0.00000,0.00000,0.00000,0.00000,0.00000,0.00000,0.05082,0.33127,0.00000,0.00000,0.00000,0.00000,0.00000,0.00000,0.00000,0.00000,0.00000,0.00559,0.00258,0.00009,0.09451,0.09392,0.00952,0.00000,0.40805,0.00366
0.00000,0.00000,0.00000,0.00000,0.00000,0.00000,0.00000,0.00000,0.00000,0.00000,0.00000,0.00000,0.00000,0.00000,0.00186,0.00036,0.00000,0.00000,0.33342,0.00079,0.07828,0.40781,0.00274,0.16886,0.00317,0.00000,0.00196,0.00075
0.00000,0.00000,0.00533,0.00783,0.00000,0.00000,0.00000,0.00000,0.00000,0.00000,0.00000,0.00000,0.00000,0.00000,0.00000,0.00000,0.00000,0.00000,0.00000,0.38231,0.16345,0.33183,0.00000,0.08668,0.01342,0.00000,0.00914,0.00000
0.00000,0.00000,0.12019,0.00747,0.00000,0.00000,0.00000,0.00000,0.00000,0.00000,0.00000,0.00000,0.00000,0.00000,0.00000,0.00000,0.00000,0.00000,0.00000,0.00013,0.18394,0.12144,0.00000,0.42502,0.00052,0.00099,0.05771,0.08259
0.00000,0.00000,0.00000,0.00000,0.05614,0.00350,0.00000,0.00000,0.00000,0.00000,0.00000,0.00000,0.00000,0.00000,0.00000,0.00000,0.00000,0.00000,0.00000,0.00189,0.00031,0.01254,0.00011,0.62977,0.23545,0.00000,0.06029,0.00000
0.00000,0.00000,0.00000,0.00000,0.00000,0.00000,0.00000,0.00000,0.00000,0.00000,0.00148,0.21946,0.00000,0.00000,0.00000,0.00000,0.00000,0.00000,0.00000,0.08854,0.01800,0.01537,0.00170,0.60702,0.03225,0.00000,0.01368,0.00250
0.00000,0.00000,0.01017,0.11531,0.00000,0.00000,0.00000,0.00000,0.00000,0.00000,0.00000,0.00000,0.00000,0.00000,0.00000,0.00000,0.00000,0.00000,0.00032,0.08823,0.00613,0.23058,0.00025,0.19976,0.06713,0.00000,0.28209,0.00004
0.00000,0.00000,0.00000,0.35566,0.00000,0.00000,0.00000,0.00000,0.00000,0.00000,0.00000,0.00000,0.00000,0.00000,0.00000,0.00000,0.00000,0.00000,0.01261,0.11142,0.01075,0.04522,0.01284,0.03451,0.05380,0.00002,0.34171,0.02147
0.00000,0.00000,0.00000,0.00000,0.00000,0.00000,0.00000,0.00000,0.10159,0.27021,0.00000,0.00000,0.00000,0.00000,0.00000,0.00000,0.00000,0.00000,0.00000,0.13332,0.00003,0.21308,0.01274,0.20458,0.03555,0.00000,0.02890,0.00000
0.00000,0.00000,0.00028,0.01263,0.00000,0.00000,0.00000,0.00000,0.00000,0.00000,0.00000,0.00000,0.00000,0.00000,0.00000,0.00000,0.00000,0.00000,0.00139,0.05345,0.07815,0.03970,0.00000,0.08823,0.22744,0.00010,0.47453,0.02408
0.00000,0.00000,0.00000,0.00000,0.00000,0.00000,0.00000,0.00000,0.00000,0.00000,0.00212,0.13437,0.00000,0.00000,0.00000,0.00000,0.00000,0.00000,0.00050,0.00184,0.06415,0.03182,0.06215,0.32671,0.22032,0.00000,0.15599,0.00003
0.00000,0.00000,0.00000,0.00000,0.00000,0.00000,0.00000,0.00504,0.00000,0.00000,0.00000,0.00000,0.00000,0.00000,0.00000,0.00000,0.00000,0.00000,0.00000,0.00007,0.01369,0.02938,0.15031,0.63730,0.09649,0.03752,0.02568,0.00450
0.00000,0.00000,0.00000,0.00000,0.00000,0.00000,0.00000,0.00000,0.00000,0.00000,0.00000,0.00966,0.00000,0.00000,0.00000,0.00000,0.00000,0.00000,0.15122,0.05166,0.06164,0.03981,0.00101,0.24726,0.22631,0.00000,0.02209,0.18933
0.00000,0.00000,0.00000,0.00000,0.00000,0.00000,0.00000,0.00000,0.00000,0.00000,0.07804,0.00368,0.00000,0.00000,0.00000,0.00000,0.00000,0.00000,0.06509,0.10076,0.00494,0.22069,0.06236,0.12117,0.31575,0.00000,0.00968,0.01783
0.00000,0.00000,0.00000,0.00000,0.00000,0.00000,0.00000,0.00000,0.00000,0.00000,0.00016,0.00690,0.00000,0.00000,0.00000,0.00000,0.00000,0.00000,0.01545,0.01346,0.00304,0.07605,0.09056,0.74218,0.00975,0.00000,0.04245,0.00000
0.00000,0.00000,0.00000,0.00000,0.00137,0.18369,0.00000,0.00000,0.00000,0.00000,0.00000,0.00000,0.00000,0.00000,0.00000,0.00000,0.00000,0.00000,0.00000,0.04472,0.16575,0.09405,0.00008,0.10612,0.02913,0.00000,0.36077,0.01431
0.00000,0.00000,0.00000,0.00000,0.00000,0.00000,0.00000,0.00000,0.00000,0.00000,0.00000,0.00000,0.00000,0.00000,0.03697,0.07552,0.00000,0.00000,0.00313,0.04106,0.01163,0.00001,0.00360,0.10914,0.63489,0.00000,0.01758,0.06647
0.00000,0.00000,0.00000,0.00000,0.00000,0.00000,0.00000,0.00000,0.00000,0.00000,0.00000,0.00000,0.00000,0.00000,0.00000,0.00807,0.00000,0.00000,0.00018,0.32689,0.03555,0.01218,0.00015,0.51182,0.06147,0.00000,0.03624,0.00744
0.00000,0.00000,0.00000,0.00000,0.00000,0.00000,0.06899,0.07568,0.00000,0.00000,0.00000,0.00000,0.00000,0.00000,0.00000,0.00000,0.00000,0.00000,0.00124,0.04944,0.30992,0.01459,0.00003,0.44012,0.01118,0.00000,0.00577,0.02305
0.00000,0.00000,0.00000,0.00000,0.00000,0.00000,0.00002,0.00004,0.00000,0.00000,0.00000,0.00000,0.00000,0.00000,0.00000,0.00000,0.00000,0.00000,0.02883,0.00298,0.17605,0.03606,0.00031,0.68144,0.05360,0.00000,0.01314,0.00754
0.00000,0.00000,0.00000,0.00000,0.00000,0.00000,0.00000,0.00000,0.00000,0.00000,0.00000,0.00000,0.00000,0.00000,0.00000,0.00000,0.00131,0.12118,0.00032,0.13832,0.00570,0.23215,0.01334,0.46118,0.00842,0.00000,0.01805,0.00002
0.00000,0.00000,0.00000,0.00000,0.00000,0.00000,0.00000,0.00000,0.00000,0.00000,0.00000,0.00000,0.00000,0.00000,0.07312,0.00008,0.00000,0.00000,0.00044,0.09863,0.02841,0.12901,0.03683,0.34996,0.02222,0.00000,0.17303,0.08827
0.00000,0.00000,0.00000,0.00000,0.00000,0.00076,0.00000,0.00000,0.00000,0.00000,0.00000,0.00000,0.00000,0.00000,0.00000,0.00000,0.00000,0.00000,0.00862,0.04291,0.00248,0.21722,0.20713,0.50744,0.00665,0.00000,0.00001,0.00679
0.00000,0.00000,0.00000,0.00000,0.00000,0.00000,0.00000,0.00000,0.00000,0.00000,0.00000,0.00000,0.00000,0.00000,0.24298,0.14037,0.00000,0.00000,0.00163,0.00329,0.04997,0.17635,0.00036,0.36106,0.00994,0.00000,0.01405,0.00000
0.00000,0.00000,0.00000,0.00000,0.00000,0.00000,0.00000,0.00000,0.08440,0.06448,0.00000,0.00000,0.00000,0.00000,0.00000,0.00000,0.00000,0.00000,0.00541,0.10703,0.00001,0.10584,0.00288,0.53678,0.09311,0.00000,0.00004,0.00000
0.00000,0.00000,0.00000,0.00000,0.00000,0.00000,0.00000,0.00000,0.00000,0.00000,0.00000,0.00000,0.08038,0.07764,0.00000,0.00000,0.00000,0.00000,0.00000,0.50521,0.01054,0.01387,0.00335,0.28525,0.00008,0.00000,0.00022,0.02346
0.00000,0.00000,0.00000,0.00000,0.00000,0.00000,0.00000,0.00000,0.00000,0.00000,0.00000,0.00000,0.00000,0.00649,0.00000,0.00000,0.00000,0.00000,0.00000,0.00659,0.01357,0.09706,0.18711,0.39887,0.28642,0.00000,0.00110,0.00278
0.00000,0.00000,0.00000,0.00000,0.00000,0.00000,0.00000,0.00000,0.05836,0.07039,0.00000,0.00000,0.00000,0.00000,0.00000,0.00000,0.00000,0.00000,0.00000,0.15314,0.00166,0.43621,0.02360,0.13300,0.05463,0.00000,0.06511,0.00391
0.00000,0.00000,0.00000,0.00000,0.00000,0.00000,0.00000,0.00000,0.00000,0.00000,0.00000,0.00000,0.01879,0.42592,0.00000,0.00000,0.00000,0.00000,0.00000,0.00620,0.00758,0.00724,0.00000,0.22537,0.00016,0.00043,0.11802,0.19030
0.00000,0.00000,0.00000,0.00000,0.00000,0.00000,0.00000,0.00000,0.01233,0.01176,0.00000,0.00000,0.00000,0.00000,0.00000,0.00000,0.00000,0.00000,0.00000,0.13296,0.06324,0.14973,0.01406,0.55198,0.04447,0.00000,0.01474,0.00472
0.00000,0.00000,0.00000,0.00000,0.00000,0.00000,0.00000,0.00194,0.00000,0.00000,0.00000,0.00000,0.00000,0.00000,0.00000,0.00000,0.00000,0.00000,0.12587,0.35339,0.01284,0.03553,0.30742,0.05780,0.00547,0.00000,0.09881,0.00093
0.09188,0.12725,0.00000,0.00000,0.00000,0.00000,0.00000,0.00000,0.00000,0.00000,0.00000,0.00000,0.00000,0.00000,0.00000,0.00000,0.00000,0.00000,0.00000,0.00100,0.00304,0.05628,0.00000,0.66100,0.00001,0.00000,0.05953,0.00000
0.00000,0.00000,0.00000,0.05235,0.00000,0.00000,0.00000,0.00000,0.00000,0.00000,0.00000,0.00000,0.00000,0.00000,0.00000,0.00000,0.00000,0.00000,0.00000,0.12221,0.02098,0.77811,0.01086,0.01121,0.00089,0.00001,0.00338,0.00000
0.00000,0.00000,0.00000,0.00000,0.00000,0.00000,0.00000,0.00000,0.00000,0.00000,0.00000,0.00000,0.00000,0.00000,0.00000,0.00000,0.00009,0.04377,0.00000,0.06527,0.00064,0.35079,0.00000,0.36662,0.04751,0.00000,0.12531,0.00001
0.00000,0.00000,0.00000,0.00000,0.00000,0.00000,0.00000,0.00000,0.01147,0.28444,0.00000,0.00000,0.00000,0.00000,0.00000,0.00000,0.00000,0.00000,0.39616,0.02241,0.00000,0.00394,0.03703,0.14349,0.02867,0.00000,0.03374,0.03864
0.00000,0.00000,0.00000,0.00000,0.00000,0.00000,0.00000,0.00000,0.00042,0.01062,0.00000,0.00000,0.00000,0.00000,0.00000,0.00000,0.00000,0.00000,0.15500,0.47563,0.00020,0.00876,0.04573,0.11995,0.18029,0.00000,0.00340,0.00000
0.00000,0.00000,0.01657,0.06654,0.00000,0.00000,0.00000,0.00000,0.00000,0.00000,0.00000,0.00000,0.00000,0.00000,0.00000,0.00000,0.00000,0.00000,0.00000,0.03088,0.08816,0.24411,0.39017,0.02859,0.00617,0.00000,0.12767,0.00114
0.00000,0.00000,0.00000,0.00000,0.00000,0.00000,0.00000,0.00000,0.00000,0.00000,0.00000,0.00000,0.00000,0.00000,0.01197,0.12189,0.00000,0.00000,0.10160,0.08478,0.00000,0.02398,0.00920,0.20895,0.14329,0.00000,0.25382,0.04051
0.00000,0.00000,0.00000,0.00000,0.01729,0.00736,0.00000,0.00000,0.00000,0.00000,0.00000,0.00000,0.00000,0.00000,0.00000,0.00000,0.00000,0.00000,0.06073,0.04646,0.00005,0.00163,0.00000,0.71044,0.03154,0.00000,0.12432,0.00018
0.00000,0.00000,0.00056,0.18580,0.00000,0.00000,0.00000,0.00000,0.00000,0.00000,0.00000,0.00000,0.00000,0.00000,0.00000,0.00000,0.00000,0.00000,0.00526,0.02044,0.00000,0.11230,0.00149,0.63719,0.00803,0.00000,0.02895,0.00000
0.00000,0.00000,0.00000,0.00000,0.00000,0.00000,0.00000,0.00000,0.00000,0.00000,0.00000,0.00000,0.30704,0.06134,0.00000,0.00000,0.00000,0.00000,0.00099,0.03103,0.15765,0.05364,0.00006,0.28009,0.04391,0.00000,0.06343,0.00080
0.00000,0.00000,0.00000,0.00000,0.00000,0.00000,0.00000,0.00361,0.00000,0.00000,0.00000,0.00000,0.00000,0.00000,0.00000,0.00000,0.00000,0.00000,0.00000,0.03747,0.00000,0.13234,0.00608,0.74208,0.07700,0.00048,0.00092,0.00000
0.00000,0.00000,0.00000,0.00000,0.00000,0.06839,0.00000,0.00000,0.00000,0.00000,0.00000,0.00000,0.00000,0.00000,0.00000,0.00000,0.00000,0.00000,0.00000,0.04488,0.00496,0.27089,0.00000,0.31101,0.12052,0.00000,0.17910,0.00025
0.00000,0.00000,0.00000,0.00000,0.00000,0.00000,0.00000,0.00000,0.00000,0.00000,0.00000,0.00000,0.00000,0.00000,0.02268,0.20779,0.00000,0.00000,0.17511,0.19264,0.00242,0.04008,0.00159,0.25326,0.00142,0.07767,0.02285,0.00248
0.00000,0.00000,0.00000,0.13032,0.00000,0.00000,0.00000,0.00000,0.00000,0.00000,0.00000,0.00000,0.00000,0.00000,0.00000,0.00000,0.00000,0.00000,0.00000,0.00714,0.00442,0.39047,0.02262,0.43796,0.00560,0.00000,0.00089,0.00057
0.00000,0.00000,0.03253,0.00112,0.00000,0.00000,0.00000,0.00000,0.00000,0.00000,0.00000,0.00000,0.00000,0.00000,0.00000,0.00000,0.00000,0.00000,0.00219,0.21333,0.29425,0.14828,0.00000,0.05509,0.07206,0.00000,0.15776,0.02339
0.00000,0.00000,0.00000,0.00000,0.00000,0.00000,0.00000,0.00000,0.00000,0.00000,0.00000,0.00000,0.00000,0.00000,0.04566,0.06051,0.00000,0.00000,0.07525,0.01656,0.00915,0.25299,0.00013,0.31437,0.00008,0.00000,0.22487,0.00043
0.00000,0.00000,0.00000,0.00000,0.00000,0.00000,0.00000,0.00000,0.00000,0.00000,0.00000,0.00000,0.00000,0.00000,0.05441,0.00002,0.00000,0.00000,0.00000,0.14153,0.00137,0.37422,0.00000,0.39704,0.02351,0.00000,0.00744,0.00046
0.00948,0.42225,0.00000,0.00000,0.00000,0.00000,0.00000,0.00000,0.00000,0.00000,0.00000,0.00000,0.00000,0.00000,0.00000,0.00000,0.00000,0.00000,0.00000,0.03114,0.01622,0.06395,0.00605,0.36002,0.00080,0.00001,0.00000,0.09007
0.00000,0.00000,0.00000,0.00000,0.00000,0.00000,0.01807,0.00418,0.00000,0.00000,0.00000,0.00000,0.00000,0.00000,0.00000,0.00000,0.00000,0.00000,0.00011,0.00098,0.00001,0.01605,0.09054,0.44397,0.05305,0.00000,0.36531,0.00774
0.00000,0.00000,0.00000,0.00000,0.00000,0.00000,0.00000,0.00000,0.00000,0.31753,0.00000,0.00000,0.00000,0.00000,0.00000,0.00000,0.00000,0.00000,0.00382,0.01350,0.02871,0.13208,0.00602,0.11461,0.06730,0.00000,0.31343,0.00301
0.00000,0.00000,0.00000,0.00000,0.00000,0.00000,0.00000,0.00000,0.00000,0.00000,0.00000,0.00000,0.12991,0.00724,0.00000,0.00000,0.00000,0.00000,0.00000,0.00002,0.16267,0.00130,0.00192,0.34856,0.06398,0.00000,0.00149,0.28292
0.00917,0.17468,0.00000,0.00000,0.00000,0.00000,0.00000,0.00000,0.00000,0.00000,0.00000,0.00000,0.00000,0.00000,0.00000,0.00000,0.00000,0.00000,0.00000,0.05741,0.00070,0.06155,0.00008,0.18763,0.29147,0.00000,0.14501,0.07229
0.00000,0.00000,0.00000,0.00000,0.00000,0.00000,0.00000,0.00000,0.00000,0.00000,0.00000,0.00000,0.00000,0.03620,0.00000,0.00000,0.00000,0.00000,0.00000,0.29974,0.11732,0.04142,0.00003,0.32682,0.07674,0.00000,0.08048,0.02124
0.00000,0.00000,0.00000,0.00000,0.00000,0.00000,0.00000,0.00000,0.00000,0.00000,0.00000,0.00000,0.00000,0.00000,0.00012,0.00092,0.00000,0.00000,0.00000,0.17177,0.02628,0.08948,0.00000,0.46082,0.16767,0.00000,0.08116,0.00177
0.00000,0.00000,0.00000,0.00000,0.00000,0.00000,0.00000,0.00000,0.00000,0.00000,0.00000,0.00000,0.00000,0.00000,0.00000,0.00000,0.00056,0.04042,0.00000,0.00312,0.00219,0.32630,0.02886,0.12443,0.09309,0.00022,0.08102,0.29977
0.00000,0.00000,0.00000,0.00000,0.00000,0.00000,0.00248,0.11953,0.00000,0.00000,0.00000,0.00000,0.00000,0.00000,0.00000,0.00000,0.00000,0.00000,0.00215,0.25223,0.00000,0.30061,0.00000,0.20509,0.05292,0.00000,0.04501,0.01999
0.00000,0.00000,0.00000,0.00000,0.00000,0.00000,0.00000,0.00000,0.00000,0.00000,0.00583,0.05168,0.00000,0.00000,0.00000,0.00000,0.00000,0.00000,0.00036,0.13432,0.00005,0.06654,0.11922,0.46774,0.11137,0.01994,0.01360,0.00933
0.00000,0.00000,0.00000,0.00000,0.00000,0.00000,0.00000,0.00000,0.00000,0.00000,0.00000,0.00000,0.11686,0.25756,0.00000,0.00000,0.00000,0.00000,0.00000,0.01045,0.26767,0.15507,0.00384,0.05773,0.00076,0.00332,0.12639,0.00036
0.00000,0.00000,0.00000,0.00000,0.00007,0.03120,0.00000,0.00000,0.00000,0.00000,0.00000,0.00000,0.00000,0.00000,0.00000,0.00000,0.00000,0.00000,0.02178,0.24222,0.00037,0.09467,0.00063,0.48054,0.03066,0.00436,0.09340,0.00009
0.00000,0.00000,0.00000,0.00000,0.00000,0.00000,0.00000,0.00000,0.00000,0.00000,0.00000,0.00000,0.00000,0.23843,0.00000,0.00000,0.00000,0.00000,0.00000,0.02142,0.03766,0.40627,0.00229,0.18981,0.04308,0.00000,0.05799,0.00305
0.00000,0.00000,0.00000,0.00000,0.00000,0.00000,0.00000,0.00000,0.00000,0.00000,0.00000,0.00470,0.00000,0.00000,0.00000,0.00000,0.00000,0.00000,0.00062,0.21915,0.00319,0.01260,0.34880,0.22341,0.06723,0.00000,0.11857,0.00172
0.00000,0.00000,0.00000,0.00000,0.13039,0.02069,0.00000,0.00000,0.00000,0.00000,0.00000,0.00000,0.00000,0.00000,0.00000,0.00000,0.00000,0.00000,0.23017,0.01555,0.00011,0.15287,0.00526,0.28950,0.01912,0.00000,0.13126,0.00509
0.00000,0.00000,0.00000,0.00000,0.00000,0.00000,0.00000,0.00000,0.00000,0.00000,0.00003,0.00175,0.00000,0.00000,0.00000,0.00000,0.00000,0.00000,0.00299,0.19172,0.05332,0.01743,0.26684,0.19478,0.06025,0.00000,0.13779,0.07311
0.00000,0.00000,0.00000,0.00000,0.00000,0.00000,0.00000,0.00000,0.00005,0.00357,0.00000,0.00000,0.00000,0.00000,0.00000,0.00000,0.00000,0.00000,0.00080,0.02984,0.03027,0.16740,0.00188,0.64679,0.00570,0.01074,0.10220,0.00077
0.00000,0.00000,0.00003,0.16502,0.00000,0.00000,0.00000,0.00000,0.00000,0.00000,0.00000,0.00000,0.00000,0.00000,0.00000,0.00000,0.00000,0.00000,0.00000,0.00374,0.00000,0.26953,0.01133,0.00452,0.34897,0.00000,0.19687,0.00000
0.00000,0.00000,0.00000,0.00000,0.07052,0.00091,0.00000,0.00000,0.00000,0.00000,0.00000,0.00000,0.00000,0.00000,0.00000,0.00000,0.00000,0.00000,0.00002,0.04781,0.07041,0.00652,0.30025,0.11857,0.00638,0.00000,0.33502,0.04360
0.00000,0.00000,0.00000,0.00000,0.00000,0.00000,0.00000,0.00000,0.00000,0.00000,0.00000,0.00000,0.00000,0.00000,0.00000,0.00000,0.00000,0.00093,0.00000,0.24324,0.00301,0.01545,0.00001,0.32291,0.00784,0.00000,0.38968,0.01692
0.00000,0.00000,0.00000,0.00000,0.00000,0.00000,0.00000,0.00000,0.00000,0.00000,0.00000,0.00000,0.00000,0.00000,0.02663,0.01826,0.00000,0.00000,0.00000,0.43157,0.00000,0.20524,0.00004,0.20549,0.00252,0.00293,0.10632,0.00100
0.00001,0.57550,0.00000,0.00000,0.00000,0.00000,0.00000,0.00000,0.00000,0.00000,0.00000,0.00000,0.00000,0.00000,0.00000,0.00000,0.00000,0.00000,0.00000,0.05151,0.02460,0.01779,0.19866,0.07360,0.02884,0.00000,0.02950,0.00000
0.00000,0.00000,0.00349,0.00019,0.00000,0.00000,0.00000,0.00000,0.00000,0.00000,0.00000,0.00000,0.00000,0.00000,0.00000,0.00000,0.00000,0.00000,0.00000,0.07016,0.00029,0.09987,0.17681,0.47840,0.00590,0.00000,0.15724,0.00766
0.00000,0.00000,0.00232,0.06837,0.00000,0.00000,0.00000,0.00000,0.00000,0.00000,0.00000,0.00000,0.00000,0.00000,0.00000,0.00000,0.00000,0.00000,0.00000,0.03941,0.48346,0.07294,0.10180,0.12494,0.00066,0.00000,0.01013,0.09599
0.00000,0.00000,0.00000,0.00000,0.00000,0.00000,0.00108,0.00281,0.00000,0.00000,0.00000,0.00000,0.00000,0.00000,0.00000,0.00000,0.00000,0.00000,0.10626,0.05648,0.04393,0.16383,0.00013,0.14857,0.36502,0.00000,0.10089,0.01101
0.00000,0.00000,0.00000,0.00000,0.00000,0.00000,0.19028,0.00530,0.00000,0.00000,0.00000,0.00000,0.00000,0.00000,0.00000,0.00000,0.00000,0.00000,0.00192,0.00997,0.00002,0.14546,0.00000,0.48706,0.04828,0.00000,0.11144,0.00027
0.00000,0.00000,0.00000,0.00000,0.03791,0.03522,0.00000,0.00000,0.00000,0.00000,0.00000,0.00000,0.00000,0.00000,0.00000,0.00000,0.00000,0.00000,0.00011,0.48133,0.01874,0.08249,0.00038,0.03108,0.00025,0.00000,0.31247,0.00002
0.00000,0.00000,0.00000,0.00000,0.00000,0.00000,0.00000,0.00000,0.00096,0.01211,0.00000,0.00000,0.00000,0.00000,0.00000,0.00000,0.00000,0.00000,0.00000,0.16396,0.12928,0.00087,0.00000,0.08842,0.10078,0.00000,0.00348,0.50016
0.00000,0.00000,0.00000,0.00000,0.00000,0.00000,0.00000,0.00000,0.00029,0.03639,0.00000,0.00000,0.00000,0.00000,0.00000,0.00000,0.00000,0.00000,0.00000,0.04818,0.17670,0.01785,0.00000,0.18356,0.09835,0.00000,0.13789,0.30079
0.00000,0.00000,0.00000,0.00000,0.00000,0.04310,0.00000,0.00000,0.00000,0.00000,0.00000,0.00000,0.00000,0.00000,0.00000,0.00000,0.00000,0.00000,0.00005,0.17031,0.00012,0.00011,0.00155,0.50213,0.21965,0.00000,0.06298,0.00000
0.00000,0.00000,0.00000,0.00000,0.00000,0.00000,0.00000,0.00000,0.00000,0.00000,0.06782,0.09196,0.00000,0.00000,0.00000,0.00000,0.00000,0.00000,0.00000,0.12571,0.00044,0.01946,0.00000,0.38528,0.04541,0.00000,0.25376,0.01015
0.00000,0.00000,0.00000,0.00000,0.00000,0.00000,0.00000,0.00000,0.00000,0.00000,0.00000,0.00000,0.00000,0.00000,0.00726,0.07636,0.00000,0.00000,0.00001,0.01702,0.02585,0.50222,0.00592,0.11293,0.05225,0.00010,0.19824,0.00183
0.00000,0.00000,0.00000,0.00000,0.00000,0.00000,0.00000,0.00000,0.00000,0.00000,0.00000,0.00000,0.00038,0.20889,0.00000,0.00000,0.00000,0.00000,0.00789,0.00100,0.00192,0.13739,0.17769,0.08994,0.27896,0.00000,0.09500,0.00093
0.00000,0.00000,0.00000,0.00000,0.00000,0.00000,0.00000,0.00000,0.00000,0.00000,0.00000,0.00000,0.00332,0.08533,0.00000,0.00000,0.00000,0.00000,0.01185,0.02905,0.05093,0.04672,0.02744,0.38302,0.10826,0.00000,0.25079,0.00329
0.00000,0.00000,0.00000,0.00000,0.03208,0.27514,0.00000,0.00000,0.00000,0.00000,0.00000,0.00000,0.00000,0.00000,0.00000,0.00000,0.00000,0.00000,0.00040,0.19298,0.00011,0.21325,0.00023,0.06888,0.15948,0.00000,0.05633,0.00113
0.00000,0.00000,0.00000,0.00000,0.00000,0.00000,0.00000,0.00000,0.00000,0.00000,0.11439,0.21494,0.00000,0.00000,0.00000,0.00000,0.00000,0.00000,0.00081,0.02659,0.00227,0.17466,0.24763,0.00734,0.12051,0.00000,0.04997,0.04090
0.00000,0.00000,0.00000,0.00000,0.02579,0.04734,0.00000,0.00000,0.00000,0.00000,0.00000,0.00000,0.00000,0.00000,0.00000,0.00000,0.00000,0.00000,0.00000,0.15856,0.08605,0.04754,0.03090,0.07341,0.01821,0.00000,0.51207,0.00012
0.00000,0.00000,0.00000,0.00000,0.00000,0.00000,0.00000,0.00000,0.00000,0.00000,0.00000,0.00000,0.00000,0.48898,0.00000,0.00000,0.00000,0.00000,0.00000,0.03831,0.01704,0.14889,0.00004,0.21096,0.00037,0.00000,0.08623,0.00920
0.00000,0.00000,0.00000,0.00000,0.00000,0.00000,0.00000,0.00000,0.00000,0.00000,0.00000,0.00000,0.00000,0.00000,0.00000,0.00000,0.01234,0.00076,0.00028,0.04782,0.00001,0.32368,0.00183,0.59095,0.00052,0.00000,0.01425,0.00756
0.00000,0.00000,0.00000,0.00000,0.00000,0.00000,0.00000,0.00000,0.00000,0.00000,0.00000,0.00000,0.00000,0.00000,0.00000,0.31309,0.00000,0.00000,0.00012,0.05260,0.00000,0.03343,0.01944,0.31370,0.10827,0.00600,0.00095,0.15240
0.00000,0.00000,0.06762,0.00037,0.00000,0.00000,0.00000,0.00000,0.00000,0.00000,0.00000,0.00000,0.00000,0.00000,0.00000,0.00000,0.00000,0.00000,0.00000,0.01912,0.14970,0.36318,0.04413,0.28252,0.04779,0.00000,0.02262,0.00294
0.00000,0.00000,0.00000,0.00000,0.00462,0.04571,0.00000,0.00000,0.00000,0.00000,0.00000,0.00000,0.00000,0.00000,0.00000,0.00000,0.00000,0.00000,0.00649,0.31923,0.04946,0.27270,0.00170,0.19489,0.01574,0.00000,0.08030,0.00915
0.00000,0.00000,0.00000,0.00000,0.00014,0.03496,0.00000,0.00000,0.00000,0.00000,0.00000,0.00000,0.00000,0.00000,0.00000,0.00000,0.00000,0.00000,0.00000,0.17570,0.02591,0.03405,0.02097,0.47100,0.14777,0.00000,0.08603,0.00346
0.00000,0.00000,0.00000,0.00000,0.00000,0.00000,0.00000,0.00000,0.00000,0.00000,0.01451,0.19015,0.00000,0.00000,0.00000,0.00000,0.00000,0.00000,0.00000,0.27271,0.00007,0.11522,0.00002,0.09613,0.11198,0.00078,0.18452,0.01392
0.00000,0.00000,0.00000,0.00000,0.00000,0.00000,0.00000,0.00000,0.00004,0.01583,0.00000,0.00000,0.00000,0.00000,0.00000,0.00000,0.00000,0.00000,0.05598,0.00082,0.17628,0.25860,0.00000,0.45880,0.01069,0.00000,0.02295,0.00000
0.00000,0.00000,0.01076,0.05790,0.00000,0.00000,0.00000,0.00000,0.00000,0.00000,0.00000,0.00000,0.00000,0.00000,0.00000,0.00000,0.00000,0.00000,0.00295,0.01089,0.00024,0.15250,0.17192,0.41749,0.00184,0.00000,0.13585,0.03766
0.00000,0.00000,0.00007,0.17577,0.00000,0.00000,0.00000,0.00000,0.00000,0.00000,0.00000,0.00000,0.00000,0.00000,0.00000,0.00000,0.00000,0.00000,0.02612,0.26165,0.06245,0.09237,0.00009,0.07197,0.01964,0.00000,0.07861,0.21126
0.00000,0.00000,0.00279,0.21904,0.00000,0.00000,0.00000,0.00000,0.00000,0.00000,0.00000,0.00000,0.00000,0.00000,0.00000,0.00000,0.00000,0.00000,0.00486,0.08869,0.05672,0.04200,0.00060,0.30300,0.00001,0.00005,0.25733,0.02490
0.00000,0.00000,0.00000,0.00000,0.00000,0.00000,0.00000,0.00000,0.00000,0.00000,0.00000,0.00000,0.00000,0.06399,0.00000,0.00000,0.00000,0.00000,0.00000,0.12878,0.00754,0.00030,0.03999,0.58956,0.00154,0.00000,0.14333,0.02497
0.00000,0.00000,0.00000,0.00000,0.02013,0.15175,0.00000,0.00000,0.00000,0.00000,0.00000,0.00000,0.00000,0.00000,0.00000,0.00000,0.00000,0.00000,0.01511,0.23419,0.14641,0.19173,0.00000,0.01278,0.00959,0.00000,0.00354,0.21477
0.00000,0.00000,0.00000,0.00000,0.00000,0.00000,0.00000,0.08027,0.00000,0.00000,0.00000,0.00000,0.00000,0.00000,0.00000,0.00000,0.00000,0.00000,0.00003,0.12106,0.00351,0.00383,0.00444,0.65192,0.00371,0.00000,0.01479,0.11644
0.00000,0.00000,0.00000,0.00000,0.00000,0.00000,0.00000,0.00000,0.00000,0.00000,0.00000,0.00000,0.00000,0.00000,0.00003,0.04618,0.00000,0.00000,0.00002,0.27893,0.01053,0.08044,0.00020,0.08671,0.45216,0.00000,0.03809,0.00672
0.00000,0.00000,0.06294,0.04986,0.00000,0.00000,0.00000,0.00000,0.00000,0.00000,0.00000,0.00000,0.00000,0.00000,0.00000,0.00000,0.00000,0.00000,0.00000,0.00659,0.01351,0.43422,0.00053,0.37775,0.04016,0.00000,0.01292,0.00153
0.00000,0.00000,0.00000,0.00000,0.00000,0.00000,0.00229,0.00230,0.00000,0.00000,0.00000,0.00000,0.00000,0.00000,0.00000,0.00000,0.00000,0.00000,0.00000,0.39662,0.03460,0.00697,0.00057,0.11363,0.00002,0.00000,0.41413,0.02887
0.00000,0.00000,0.00000,0.00000,0.00000,0.00000,0.00060,0.07286,0.00000,0.00000,0.00000,0.00000,0.00000,0.00000,0.00000,0.00000,0.00000,0.00000,0.00023,0.24963,0.06821,0.00782,0.00000,0.57260,0.00058,0.00000,0.00608,0.02137
0.00000,0.00000,0.00000,0.29143,0.00000,0.00000,0.00000,0.00000,0.00000,0.00000,0.00000,0.00000,0.00000,0.00000,0.00000,0.00000,0.00000,0.00000,0.00502,0.10325,0.02426,0.06873,0.03407,0.13647,0.30677,0.00000,0.02989,0.00011
0.00000,0.00000,0.00000,0.00000,0.00000,0.00000,0.00000,0.00000,0.00000,0.00000,0.00000,0.10666,0.00000,0.00000,0.00000,0.00000,0.00000,0.00000,0.00002,0.01909,0.00596,0.15669,0.08839,0.08881,0.13970,0.00027,0.29608,0.09832
0.00000,0.00000,0.00000,0.00000,0.00000,0.00000,0.00000,0.00000,0.15990,0.00033,0.00000,0.00000,0.00000,0.00000,0.00000,0.00000,0.00000,0.00000,0.00000,0.04278,0.01113,0.21383,0.00696,0.38799,0.05981,0.00000,0.08851,0.02875
0.00000,0.00000,0.00000,0.00000,0.00000,0.00000,0.00000,0.00000,0.00000,0.00000,0.00000,0.00000,0.00171,0.00064,0.00000,0.00000,0.00000,0.00000,0.00595,0.10389,0.00000,0.26278,0.04109,0.05902,0.11730,0.00000,0.27904,0.12859
0.00000,0.00000,0.00000,0.00000,0.00000,0.12385,0.00000,0.00000,0.00000,0.00000,0.00000,0.00000,0.00000,0.00000,0.00000,0.00000,0.00000,0.00000,0.00007,0.21452,0.00123,0.17838,0.07167,0.10372,0.08370,0.00000,0.21671,0.00613
0.00000,0.00000,0.00000,0.00000,0.00000,0.00000,0.00030,0.09402,0.00000,0.00000,0.00000,0.00000,0.00000,0.00000,0.00000,0.00000,0.00000,0.00000,0.00000,0.04220,0.00002,0.08145,0.03243,0.07595,0.15608,0.00000,0.27592,0.24163
0.00000,0.00000,0.00000,0.00000,0.00000,0.00000,0.00151,0.00008,0.00000,0.00000,0.00000,0.00000,0.00000,0.00000,0.00000,0.00000,0.00000,0.00000,0.01911,0.00227,0.00204,0.03335,0.00001,0.80258,0.05670,0.00000,0.07785,0.00451
0.00000,0.00000,0.00000,0.00000,0.00000,0.00000,0.00000,0.00000,0.00000,0.00000,0.00000,0.00000,0.00001,0.21912,0.00000,0.00000,0.00000,0.00000,0.06717,0.19515,0.00012,0.20754,0.00000,0.21716,0.00203,0.00006,0.09163,0.00000
0.00000,0.00000,0.19934,0.07079,0.00000,0.00000,0.00000,0.00000,0.00000,0.00000,0.00000,0.00000,0.00000,0.00000,0.00000,0.00000,0.00000,0.00000,0.00004,0.22958,0.01790,0.01631,0.00800,0.28511,0.00054,0.00000,0.13558,0.03682
0.00000,0.00000,0.00000,0.00000,0.00000,0.00000,0.00000,0.00000,0.00000,0.02492,0.00000,0.00000,0.00000,0.00000,0.00000,0.00000,0.00000,0.00000,0.00000,0.02642,0.12246,0.66280,0.00000,0.13067,0.00666,0.00001,0.02577,0.00028
0.00000,0.00000,0.00000,0.00000,0.00007,0.01584,0.00000,0.00000,0.00000,0.00000,0.00000,0.00000,0.00000,0.00000,0.00000,0.00000,0.00000,0.00000,0.00000,0.60850,0.07152,0.08236,0.00265,0.21381,0.00237,0.00000,0.00010,0.00277
0.00000,0.00000,0.00000,0.00000,0.00000,0.01781,0.00000,0.00000,0.00000,0.00000,0.00000,0.00000,0.00000,0.00000,0.00000,0.00000,0.00000,0.00000,0.00000,0.22787,0.03349,0.07740,0.26645,0.31336,0.00978,0.00000,0.05076,0.00309
