0.48346,0.22818,0.05525,0.23311
0.45545,0.13290,0.19358,0.21807
0.40173,0.14759,0.12116,0.32951
0.33417,0.38134,0.04760,0.23688
0.46950,0.08321,0.12809,0.31920
0.59722,0.17152,0.08789,0.14337
0.42719,0.12091,0.07308,0.37881
0.29021,0.17702,0.06596,0.46681
0.35938,0.16376,0.10277,0.37408
0.41737,0.16228,0.17259,0.24776
0.33118,0.20850,0.10651,0.35380
0.38134,0.25897,0.11658,0.24311
0.40280,0.14879,0.10828,0.34014
0.39194,0.16970,0.08937,0.34899
0.35848,0.25148,0.11118,0.27886
0.51018,0.14422,0.04686,0.29874
0.36650,0.16145,0.07990,0.39215
0.25062,0.16655,0.14432,0.43851
0.36435,0.14292,0.21021,0.28252
0.38516,0.14649,0.07584,0.39251
0.30724,0.13543,0.07846,0.47887
0.28731,0.11444,0.10748,0.49077
0.40184,0.10191,0.11993,0.37632
0.29824,0.10814,0.02821,0.56541
0.54636,0.19164,0.05072,0.21129
0.33361,0.16062,0.09271,0.41305
0.37857,0.21328,0.10808,0.30008
0.56167,0.09285,0.16190,0.18358
0.32806,0.15392,0.12255,0.39547
0.48977,0.13698,0.06815,0.30510
0.45107,0.31777,0.07904,0.15213
0.38136,0.12296,0.08275,0.41293
0.31484,0.14221,0.05373,0.48922
0.32111,0.11275,0.12511,0.44103
0.43471,0.19732,0.09560,0.27237
0.34505,0.15913,0.07936,0.41645
0.53052,0.09686,0.05544,0.31718
0.40773,0.14034,0.14237,0.30956
0.45746,0.09806,0.04749,0.39699
0.48785,0.11780,0.12934,0.26501
0.46602,0.16357,0.05389,0.31652
0.46717,0.23359,0.06062,0.23861
0.30080,0.19484,0.11390,0.39047
0.33718,0.12389,0.11957,0.41935
0.48776,0.25104,0.03803,0.22316
0.57392,0.13052,0.11349,0.18208
0.32328,0.13326,0.09467,0.44879
0.45476,0.22545,0.10703,0.21276
0.45966,0.12251,0.05707,0.36075
0.39505,0.14513,0.03951,0.42031
0.24981,0.15411,0.07624,0.51984
0.53015,0.09703,0.11618,0.25664
0.33140,0.18291,0.07179,0.41390
0.40331,0.14950,0.08516,0.36203
0.31165,0.20926,0.24697,0.23211
0.52719,0.10463,0.06745,0.30073
0.27113,0.22026,0.09110,0.41752
0.27467,0.21055,0.09354,0.42124
0.34978,0.15918,0.14174,0.34930
0.56933,0.19959,0.07057,0.16051
0.47366,0.11854,0.05628,0.35152
0.37477,0.27512,0.12126,0.22884
0.48112,0.09419,0.06397,0.36071
0.44395,0.18249,0.08774,0.28582
0.47680,0.22375,0.10272,0.19673
0.47312,0.22120,0.06163,0.24405
0.54045,0.19824,0.05869,0.20262
0.37294,0.16798,0.13444,0.32464
0.32352,0.15249,0.09027,0.43372
0.37165,0.31324,0.06907,0.24604
0.38796,0.26114,0.06973,0.28117
0.46273,0.15498,0.16359,0.21870
0.42791,0.13089,0.05230,0.38891
0.41734,0.23671,0.11612,0.22983
0.37172,0.26041,0.13124,0.23662
0.39342,0.15734,0.11683,0.33240
0.30513,0.21810,0.12747,0.34930
0.31668,0.22410,0.11471,0.34451
0.46081,0.12569,0.05844,0.35506
0.44564,0.17660,0.05102,0.32673
0.27263,0.12630,0.24790,0.35317
0.47392,0.25745,0.06627,0.20236
0.47299,0.18905,0.10716,0.23080
0.30706,0.13608,0.06102,0.49583
0.56902,0.05469,0.07726,0.29904
0.47604,0.12590,0.07700,0.32107
0.44397,0.12707,0.14720,0.28176
0.32091,0.33667,0.08997,0.25245
0.53398,0.21797,0.08702,0.16104
0.34033,0.19619,0.08281,0.38068
0.35322,0.19029,0.07263,0.38387
0.42661,0.17944,0.08513,0.30882
0.37786,0.23934,0.07805,0.30475
0.36064,0.11659,0.06927,0.45350
0.38266,0.15270,0.10428,0.36036
0.33821,0.14124,0.14383,0.37673
0.51166,0.13048,0.08728,0.27059
0.32963,0.18703,0.14078,0.34255
0.35278,0.19221,0.09519,0.35982
0.29586,0.11097,0.07571,0.51746
0.38546,0.10862,0.06151,0.44441
0.34526,0.19947,0.17731,0.27796
0.36663,0.23930,0.08234,0.31173
0.46721,0.11713,0.06499,0.35066
0.40557,0.18751,0.10136,0.30555
0.40770,0.31473,0.06326,0.21431
0.34261,0.19069,0.08163,0.38508
0.36871,0.21945,0.11166,0.30018
0.34296,0.16553,0.11008,0.38144
0.47971,0.24794,0.06628,0.20608
0.41618,0.16309,0.09416,0.32657
0.44819,0.08466,0.08509,0.38206
0.25362,0.19522,0.12705,0.42411
0.43909,0.13228,0.09378,0.33484
0.39589,0.18999,0.19902,0.21510
0.41932,0.14487,0.23440,0.20141
0.29854,0.18893,0.06910,0.44343
0.65370,0.08699,0.11656,0.14275
0.36649,0.23065,0.08086,0.32200
0.46566,0.06878,0.05728,0.40828
0.44704,0.15609,0.07897,0.31789
0.38512,0.21144,0.13534,0.26810
0.33422,0.28088,0.06048,0.32441
0.30093,0.09483,0.03869,0.56555
0.30597,0.17266,0.08513,0.43624
0.37997,0.25063,0.09104,0.27837
0.40942,0.14419,0.07679,0.36960
0.47826,0.15353,0.08183,0.28638
0.34443,0.18975,0.06759,0.39824
0.42252,0.21523,0.13377,0.22848
0.56118,0.17610,0.06182,0.20090
0.38614,0.16424,0.19720,0.25243
0.35180,0.25440,0.04067,0.35313
0.47873,0.16641,0.11031,0.24455
0.40318,0.18726,0.12797,0.28159
0.45672,0.22642,0.07253,0.24432
0.31743,0.15631,0.19342,0.33284
0.46837,0.13096,0.11904,0.28163
0.44857,0.24707,0.04329,0.26107
0.70169,0.10273,0.03991,0.15566
0.44976,0.17878,0.08066,0.29080
0.43087,0.14524,0.09138,0.33251
0.34294,0.15776,0.07883,0.42048
0.38809,0.26575,0.08825,0.25791
0.38921,0.21593,0.14430,0.25056
0.49889,0.21445,0.06653,0.22013
0.45300,0.13063,0.06395,0.35243
0.38342,0.15605,0.11321,0.34732
0.37065,0.18093,0.04716,0.40126
0.36610,0.14668,0.09640,0.39082
0.56642,0.09220,0.08993,0.25145
0.45147,0.20901,0.13379,0.20572
0.52170,0.15306,0.07726,0.24798
0.38720,0.18551,0.18377,0.24352
0.37319,0.28703,0.07671,0.26307
0.27166,0.14942,0.17074,0.40818
0.38711,0.18702,0.07542,0.35045
0.54965,0.16936,0.05545,0.22554
0.33442,0.23750,0.13748,0.29059
0.46984,0.23769,0.08039,0.21208
0.39560,0.16594,0.08697,0.35148
0.28104,0.38285,0.05982,0.27629
0.44118,0.07691,0.07160,0.41031
0.43863,0.17399,0.05994,0.32744
0.49542,0.10035,0.03623,0.36800
0.41826,0.14930,0.09840,0.33404
0.47225,0.20123,0.09819,0.22833
0.47851,0.21232,0.10940,0.19977
0.37386,0.12403,0.09775,0.40436
0.48423,0.24406,0.05637,0.21534
0.47233,0.11649,0.04992,0.36126
0.46113,0.20484,0.06773,0.26629
0.48044,0.11137,0.05253,0.35566
0.46208,0.15793,0.11541,0.26458
0.55692,0.17309,0.10008,0.16991
0.59175,0.07633,0.09977,0.23214
0.39270,0.19930,0.19815,0.20984
0.36341,0.30136,0.07949,0.25574
0.39612,0.33505,0.06825,0.20058
0.39148,0.18045,0.15692,0.27115
0.44674,0.15517,0.12653,0.27155
0.47549,0.19225,0.06461,0.26765
0.54738,0.13413,0.08130,0.23720
0.41470,0.36630,0.05613,0.16287
0.37580,0.13404,0.08220,0.40795
0.53353,0.13673,0.09767,0.23207
0.55525,0.17576,0.08375,0.18524
0.32201,0.23946,0.05036,0.38816
0.59459,0.15737,0.05370,0.19434
0.35454,0.21672,0.10138,0.32736
0.37304,0.13307,0.08312,0.41077
0.36613,0.28608,0.06612,0.28166
0.37235,0.30098,0.15321,0.17346
0.37850,0.35605,0.06039,0.20506
0.35739,0.15668,0.09341,0.39252
0.40156,0.17698,0.12736,0.29410
0.44522,0.18888,0.09235,0.27355
0.33214,0.20068,0.11155,0.35564
0.40032,0.11915,0.12002,0.36052
0.54787,0.08827,0.08045,0.28341
0.31796,0.08046,0.03483,0.56675
0.58910,0.10107,0.06205,0.24778
0.58932,0.09377,0.08146,0.23546
0.40345,0.10832,0.16296,0.32527
0.36881,0.30220,0.06597,0.26302
0.39042,0.13006,0.17931,0.30022
0.43747,0.22661,0.16232,0.17360
0.54440,0.14835,0.05302,0.25423
0.41466,0.13744,0.09627,0.35163
0.37238,0.15746,0.07517,0.39500
0.36845,0.13639,0.19610,0.29906
0.57236,0.16562,0.05970,0.20232
0.41753,0.23650,0.08198,0.26398
0.36027,0.14244,0.08835,0.40894
0.38671,0.17038,0.10040,0.34251
0.45372,0.24906,0.12226,0.17495
0.28985,0.16188,0.15498,0.39329
0.32634,0.15558,0.05308,0.46500
0.30067,0.22367,0.18810,0.28755
0.49559,0.11515,0.09229,0.29697
0.42574,0.20840,0.03709,0.32877
0.50492,0.15058,0.08716,0.25734
0.37442,0.17553,0.27396,0.17609
0.33769,0.19259,0.15489,0.31482
0.44241,0.12411,0.14794,0.28553
0.26724,0.26356,0.07568,0.39352
0.41574,0.18594,0.16482,0.23350
0.27420,0.15611,0.09404,0.47564
0.45159,0.16602,0.10744,0.27494
0.49352,0.08075,0.06295,0.36277
0.40291,0.19748,0.08506,0.31455
0.53461,0.10169,0.10926,0.25444
0.46456,0.11018,0.09492,0.33033
0.30539,0.16929,0.10448,0.42084
0.41699,0.13287,0.10025,0.34989
0.34312,0.11398,0.20370,0.33920
0.47319,0.20597,0.13062,0.19022
0.33766,0.29789,0.10807,0.25638
0.32321,0.16782,0.09977,0.40920
0.34596,0.14100,0.09416,0.41888
0.40033,0.14302,0.08547,0.37118
0.32585,0.25102,0.09058,0.33255
0.40358,0.22335,0.13722,0.23586
0.43598,0.15919,0.06111,0.34371
0.42149,0.14060,0.04879,0.38911
0.37370,0.20959,0.09067,0.32603
0.45807,0.19934,0.04722,0.29537
0.47348,0.22346,0.11029,0.19277
0.52792,0.15796,0.09798,0.21613
0.43976,0.09897,0.06302,0.39825
0.41300,0.16913,0.14348,0.27439
0.40940,0.10829,0.12623,0.35608
0.52595,0.26850,0.05320,0.15235
0.44619,0.26845,0.14584,0.13953
0.29382,0.17458,0.08267,0.44893
0.34649,0.13969,0.08757,0.42625
0.37075,0.12758,0.07741,0.42426
0.39783,0.16109,0.08092,0.36015
0.39541,0.22424,0.06442,0.31593
0.46399,0.19844,0.14727,0.19031
0.32958,0.26444,0.11932,0.28666
0.58659,0.09452,0.06469,0.25420
0.18575,0.30626,0.16103,0.34696
0.30338,0.18459,0.04507,0.46695
0.39460,0.16881,0.12740,0.30919
0.40578,0.27553,0.11205,0.20663
0.43182,0.27406,0.07541,0.21871
0.47130,0.14053,0.16152,0.22664
0.41533,0.16554,0.09884,0.32028
0.52888,0.18333,0.06761,0.22018
0.47405,0.11058,0.10023,0.31514
0.54141,0.17040,0.06305,0.22514
0.37188,0.21119,0.10058,0.31634
0.29174,0.11111,0.10355,0.49359
0.44654,0.07084,0.11663,0.36598
0.45464,0.19346,0.06379,0.28810
0.43631,0.10423,0.04807,0.41139
0.53946,0.25157,0.07314,0.13583
0.49508,0.15299,0.14883,0.20310
0.46629,0.20521,0.06785,0.26065
0.49898,0.24563,0.06026,0.19513
0.38145,0.15764,0.15973,0.30117
0.40291,0.18314,0.07689,0.33707
0.24173,0.31191,0.13948,0.30688
0.26787,0.37262,0.11889,0.24061
0.40591,0.32941,0.05288,0.21181
0.27406,0.20669,0.23113,0.28812
0.48631,0.20985,0.04162,0.26222
0.33071,0.22697,0.21484,0.22747
0.38990,0.18433,0.24697,0.17880
0.33989,0.29646,0.07043,0.29322
0.43382,0.22141,0.06667,0.27810
0.48401,0.25779,0.07740,0.18080
0.47942,0.16446,0.11669,0.23943
0.44621,0.25039,0.08783,0.21557
0.52242,0.13333,0.12861,0.21564
0.38569,0.19163,0.08491,0.33777
0.45305,0.13808,0.17638,0.23249
0.47050,0.21625,0.07792,0.23532
0.36513,0.31878,0.10175,0.21433
