0.18326,0.10584,0.09904,0.10464,0.09756,0.09590,0.10510,0.20865
0.07452,0.10635,0.23782,0.12949,0.09553,0.09202,0.12222,0.14204
0.08473,0.11001,0.14758,0.12407,0.11473,0.08943,0.10700,0.22246
0.10134,0.09944,0.10053,0.12836,0.18673,0.14428,0.11641,0.12292
0.10535,0.10000,0.09182,0.10863,0.19441,0.15322,0.11053,0.13603
0.10671,0.10672,0.10423,0.10964,0.18725,0.11194,0.09991,0.17360
0.18177,0.10952,0.09640,0.10433,0.10077,0.09301,0.09313,0.22108
0.17544,0.12091,0.10002,0.09543,0.11200,0.09291,0.09904,0.20425
0.16332,0.12663,0.10842,0.10819,0.09985,0.08256,0.14681,0.16422
0.08606,0.10000,0.18206,0.12320,0.10679,0.10189,0.11561,0.18439
0.09962,0.10595,0.10960,0.12296,0.15939,0.11949,0.12546,0.15754
0.10906,0.10858,0.10062,0.11022,0.16481,0.14164,0.12020,0.14486
0.07577,0.10999,0.22936,0.12183,0.11542,0.08695,0.11068,0.14999
0.07893,0.08591,0.16616,0.15338,0.10285,0.09029,0.11552,0.20696
0.09758,0.09524,0.09358,0.09830,0.16609,0.17221,0.10539,0.17162
0.05924,0.08839,0.27069,0.13745,0.10168,0.09037,0.11122,0.14096
0.10679,0.09704,0.10768,0.11572,0.17335,0.10915,0.10252,0.18775
0.17443,0.13349,0.11105,0.09983,0.10041,0.09400,0.10757,0.17921
0.06383,0.09843,0.24254,0.13633,0.09205,0.08662,0.13649,0.14371
0.06489,0.09142,0.20803,0.13519,0.11653,0.08528,0.12190,0.17677
0.09075,0.11350,0.10184,0.12123,0.20696,0.10307,0.11476,0.14788
0.09889,0.09515,0.10650,0.10439,0.19601,0.10796,0.11143,0.17968
0.09337,0.08784,0.13788,0.14110,0.11144,0.08705,0.10975,0.23158
0.07535,0.09742,0.17645,0.13065,0.10800,0.07754,0.11055,0.22403
0.17579,0.13723,0.11733,0.09918,0.10342,0.10216,0.11627,0.14862
0.09541,0.11474,0.10635,0.10892,0.16031,0.11874,0.12347,0.17205
0.16023,0.14372,0.09962,0.10023,0.09229,0.10604,0.09422,0.20364
0.10268,0.09123,0.10645,0.11133,0.20433,0.11522,0.11406,0.15469
0.18493,0.12195,0.10100,0.10035,0.10345,0.10343,0.09860,0.18630
0.08217,0.10214,0.12912,0.13508,0.11147,0.08270,0.12866,0.22867
0.09428,0.08929,0.19980,0.14239,0.11786,0.08536,0.11671,0.15431
0.08264,0.09975,0.21287,0.12018,0.11758,0.09458,0.10823,0.16416
0.07227,0.08857,0.16861,0.16282,0.11234,0.09031,0.10945,0.19563
0.12139,0.10705,0.08901,0.09689,0.23509,0.11989,0.10545,0.12524
0.08868,0.09826,0.10318,0.10836,0.21469,0.10392,0.11156,0.17135
0.09747,0.11446,0.10422,0.10662,0.21378,0.11178,0.12584,0.12583
0.10677,0.10220,0.09846,0.10545,0.18570,0.15054,0.10414,0.14674
0.08042,0.09118,0.20531,0.17707,0.11145,0.08476,0.12171,0.12809
0.09803,0.10158,0.10165,0.10411,0.21165,0.12491,0.11528,0.14278
0.17191,0.11729,0.11221,0.10541,0.11401,0.09957,0.12240,0.15720
0.18005,0.15409,0.11398,0.09595,0.10315,0.10178,0.11812,0.13287
0.08232,0.10884,0.17315,0.14018,0.11378,0.09428,0.13823,0.14922
0.06325,0.08965,0.18140,0.10475,0.10402,0.08995,0.11669,0.25030
0.06992,0.09317,0.20778,0.12236,0.11131,0.09353,0.11858,0.18335
0.08433,0.09541,0.17405,0.15391,0.11295,0.08664,0.11970,0.17301
0.16898,0.13010,0.10612,0.10818,0.10947,0.08598,0.11522,0.17595
0.11409,0.10086,0.11025,0.10664,0.18917,0.12922,0.11189,0.13787
0.09692,0.10477,0.09650,0.11588,0.16062,0.12352,0.11408,0.18772
0.10543,0.11153,0.18201,0.12841,0.11162,0.09755,0.11671,0.14676
0.07590,0.09691,0.19479,0.15517,0.12009,0.08621,0.11687,0.15407
0.17969,0.13083,0.10738,0.10383,0.10691,0.09960,0.11348,0.15828
0.17224,0.12260,0.09262,0.10415,0.10139,0.09054,0.10235,0.21411
0.08936,0.09721,0.15058,0.17788,0.12215,0.09287,0.11106,0.15889
0.15312,0.12208,0.09550,0.09898,0.10517,0.09846,0.11317,0.21352
0.06310,0.09714,0.19125,0.16775,0.11529,0.08588,0.12506,0.15452
0.10213,0.10471,0.09778,0.11395,0.17722,0.09175,0.10976,0.20270
0.19019,0.13392,0.10005,0.09879,0.10471,0.09027,0.12078,0.16129
0.11399,0.10668,0.09932,0.10342,0.20007,0.13366,0.10636,0.13651
0.11291,0.12168,0.11796,0.11036,0.14160,0.13166,0.12989,0.13395
0.08693,0.11004,0.15340,0.16688,0.10475,0.08889,0.12508,0.16403
0.10050,0.09458,0.10102,0.10499,0.21032,0.10470,0.09202,0.19187
0.09229,0.10881,0.09194,0.10534,0.15789,0.13716,0.12801,0.17856
0.18404,0.14144,0.10368,0.10556,0.10237,0.09346,0.10183,0.16761
0.10293,0.10385,0.10706,0.09891,0.22137,0.12557,0.11656,0.12376
0.18478,0.12162,0.10510,0.10330,0.10956,0.10224,0.10805,0.16535
0.08806,0.09144,0.10232,0.10682,0.19328,0.11360,0.12750,0.17698
0.05852,0.08433,0.18571,0.11627,0.11035,0.08364,0.12360,0.23759
0.06324,0.09440,0.21806,0.13677,0.11781,0.08951,0.11003,0.17019
0.08481,0.09816,0.13648,0.16167,0.10813,0.08270,0.11533,0.21273
0.17612,0.13363,0.09418,0.10423,0.10580,0.10089,0.11518,0.16996
0.10166,0.09723,0.16710,0.09762,0.09424,0.10510,0.11627,0.22079
0.18531,0.13517,0.10894,0.09904,0.10137,0.11855,0.09686,0.15476
0.11115,0.10027,0.09830,0.10557,0.14511,0.09677,0.11935,0.22346
0.07232,0.09231,0.17146,0.12924,0.10889,0.08488,0.11814,0.22275
0.10429,0.10186,0.09964,0.11040,0.13515,0.15414,0.13688,0.15764
0.11018,0.11365,0.11271,0.11198,0.14506,0.12323,0.10988,0.17332
0.10240,0.10356,0.10844,0.12186,0.17929,0.11427,0.13692,0.13325
0.10386,0.11876,0.11065,0.11071,0.19434,0.11807,0.11068,0.13294
0.18324,0.12437,0.09627,0.10945,0.10097,0.09581,0.11948,0.17041
0.13897,0.12741,0.11132,0.10035,0.11156,0.10531,0.10282,0.20226
0.11992,0.11088,0.10836,0.11035,0.17046,0.13858,0.11344,0.12800
0.06163,0.08792,0.25458,0.12480,0.10554,0.08829,0.10644,0.17081
0.07811,0.08538,0.17968,0.14100,0.11717,0.09698,0.12047,0.18122
0.09304,0.09618,0.09461,0.09707,0.17208,0.11239,0.09504,0.23959
0.10238,0.10362,0.09651,0.10129,0.19657,0.12030,0.11469,0.16464
0.17773,0.13951,0.09255,0.10334,0.09529,0.10475,0.10453,0.18230
0.09212,0.09315,0.16541,0.11365,0.11151,0.09746,0.11110,0.21560
0.15108,0.13141,0.09402,0.11022,0.09512,0.11574,0.11663,0.18579
0.11054,0.10980,0.09153,0.09479,0.17204,0.17851,0.10047,0.14233
0.09518,0.09554,0.09840,0.11015,0.22464,0.11725,0.11316,0.14568
0.10918,0.10509,0.10727,0.11030,0.14933,0.13609,0.10317,0.17955
0.08102,0.10357,0.18410,0.15385,0.11755,0.08356,0.11824,0.15811
0.09946,0.10206,0.09129,0.10320,0.20479,0.10364,0.10284,0.19272
0.17043,0.13287,0.10495,0.11216,0.10920,0.09679,0.09688,0.17674
0.18329,0.16852,0.09563,0.10109,0.09155,0.10380,0.11619,0.13994
0.06179,0.08414,0.21247,0.10851,0.10105,0.09911,0.13449,0.19845
0.08231,0.08780,0.15322,0.16167,0.09021,0.08315,0.12643,0.21521
0.11004,0.11038,0.09091,0.11082,0.20665,0.11401,0.11194,0.14525
0.09893,0.09876,0.09355,0.11320,0.18916,0.10367,0.10360,0.19912
0.06144,0.09455,0.19772,0.13900,0.12994,0.07994,0.11885,0.17856
