0.02785,0.05723,0.01391,0.02403,0.02230,0.02403,0.06158,0.02068,0.02516,0.01857,0.07693,0.22758,0.18913,0.04715,0.02748,0.06871,0.01461,0.01343,0.01399,0.02564
0.02491,0.15733,0.01989,0.02296,0.02894,0.02293,0.17476,0.02119,0.03947,0.02278,0.04882,0.12979,0.09935,0.04684,0.02874,0.04156,0.01818,0.01246,0.01375,0.02534
0.03428,0.05818,0.02588,0.02882,0.02823,0.03758,0.07087,0.04041,0.04272,0.03275,0.07603,0.12237,0.12805,0.07549,0.03748,0.07073,0.02481,0.01505,0.01544,0.03481
0.02338,0.07938,0.01679,0.02216,0.02352,0.02063,0.08995,0.02263,0.02471,0.01771,0.05316,0.16784,0.14655,0.10784,0.03682,0.05926,0.02428,0.01155,0.01494,0.03691
0.02203,0.09744,0.01607,0.02431,0.02245,0.02556,0.11244,0.02808,0.03448,0.02536,0.06579,0.09185,0.13061,0.11454,0.03902,0.06434,0.02019,0.01285,0.01750,0.03508
0.02404,0.04937,0.01387,0.02659,0.01944,0.01998,0.05132,0.02165,0.02502,0.02002,0.08983,0.13314,0.17441,0.12298,0.03368,0.07980,0.01526,0.01619,0.01923,0.04417
0.02158,0.04096,0.01882,0.02930,0.01853,0.02433,0.05170,0.01769,0.03198,0.01813,0.04722,0.18433,0.19927,0.11897,0.03739,0.03962,0.02315,0.01751,0.01474,0.04478
0.03357,0.06567,0.02655,0.02673,0.03566,0.02421,0.05977,0.04028,0.02939,0.02996,0.08595,0.13167,0.11932,0.06675,0.04601,0.08366,0.02314,0.01699,0.02097,0.03375
0.01743,0.10768,0.01445,0.01908,0.01350,0.01635,0.11215,0.01613,0.02734,0.01767,0.08369,0.16407,0.15486,0.05622,0.02915,0.08154,0.01329,0.01590,0.01205,0.02745
0.03329,0.08841,0.01809,0.02849,0.02242,0.02842,0.08991,0.02130,0.03527,0.02661,0.06328,0.12268,0.13869,0.08351,0.03841,0.05400,0.01529,0.03666,0.01647,0.03880
0.02543,0.11658,0.01478,0.02810,0.02308,0.03536,0.14141,0.02394,0.03769,0.01888,0.04294,0.11860,0.11195,0.09970,0.03367,0.03804,0.01350,0.02153,0.01703,0.03778
0.03687,0.05981,0.01476,0.03369,0.02749,0.02290,0.06671,0.02376,0.02760,0.02295,0.08938,0.15552,0.14538,0.06331,0.04230,0.08523,0.01701,0.02009,0.01387,0.03138
0.02543,0.05547,0.02176,0.01657,0.02488,0.02241,0.06723,0.02007,0.03371,0.02145,0.11985,0.15558,0.15180,0.05556,0.03373,0.10418,0.01507,0.01447,0.01239,0.02838
0.03016,0.11154,0.02061,0.04109,0.02458,0.03327,0.11957,0.03263,0.04261,0.02748,0.05138,0.12272,0.10141,0.06092,0.03278,0.05299,0.02078,0.01697,0.02044,0.03608
0.03020,0.09916,0.01457,0.02547,0.01982,0.02171,0.11396,0.02169,0.03129,0.02075,0.06325,0.16045,0.13349,0.05595,0.03965,0.06828,0.01772,0.01640,0.01856,0.02764
0.02087,0.12901,0.01578,0.02363,0.01909,0.02571,0.14237,0.02032,0.03399,0.01844,0.04867,0.14331,0.11659,0.08019,0.02981,0.05168,0.01850,0.01355,0.01496,0.03352
0.02266,0.11213,0.01985,0.02232,0.02005,0.02590,0.12641,0.02397,0.03232,0.02350,0.03978,0.16492,0.14232,0.08029,0.02768,0.03787,0.01575,0.01414,0.01175,0.03639
0.01825,0.03116,0.01107,0.01880,0.01838,0.01888,0.03848,0.01670,0.02009,0.01407,0.13102,0.20704,0.21002,0.05708,0.02890,0.09576,0.01077,0.01083,0.01078,0.03192
0.01958,0.12042,0.01460,0.02252,0.01869,0.01916,0.12911,0.01942,0.03481,0.01586,0.07018,0.15332,0.11673,0.05984,0.02983,0.06912,0.01714,0.01537,0.01330,0.04099
0.01956,0.06575,0.01110,0.01760,0.01949,0.01630,0.07405,0.01537,0.01862,0.01436,0.06073,0.23892,0.20998,0.06629,0.02448,0.05054,0.01652,0.01418,0.01142,0.03473
0.02722,0.04801,0.01751,0.02386,0.01807,0.02550,0.05534,0.02084,0.02834,0.02173,0.14125,0.14301,0.12729,0.04519,0.04824,0.12299,0.01473,0.02162,0.01865,0.03062
0.02374,0.07354,0.01301,0.02738,0.02652,0.02462,0.07821,0.02673,0.03615,0.01989,0.03998,0.20018,0.15175,0.08605,0.03474,0.03339,0.01999,0.02405,0.01521,0.04487
0.01206,0.03607,0.00885,0.01082,0.01081,0.01489,0.04089,0.01180,0.01556,0.01080,0.19798,0.16048,0.14096,0.05463,0.02707,0.18469,0.01042,0.00938,0.01001,0.03184
0.02638,0.05517,0.01775,0.02882,0.02360,0.02096,0.06377,0.02986,0.03540,0.02248,0.05544,0.21138,0.15582,0.06161,0.04987,0.05207,0.02112,0.01607,0.01813,0.03432
0.02188,0.10117,0.01718,0.02466,0.02099,0.01782,0.10988,0.02411,0.02781,0.01823,0.12367,0.11619,0.10616,0.04560,0.03222,0.12214,0.01570,0.01426,0.01323,0.02708
0.02575,0.12848,0.01910,0.02855,0.02414,0.02947,0.13516,0.02765,0.03118,0.01835,0.04830,0.13064,0.09675,0.07628,0.03627,0.05012,0.01817,0.01999,0.01781,0.03785
0.02982,0.04654,0.02152,0.02442,0.02522,0.02434,0.05059,0.02595,0.03196,0.02052,0.07277,0.18316,0.18617,0.06898,0.02649,0.05167,0.02453,0.02325,0.01873,0.04335
0.03165,0.12575,0.03323,0.02736,0.02374,0.02796,0.13647,0.02453,0.03231,0.02742,0.05911,0.11368,0.09880,0.05354,0.03957,0.05512,0.02351,0.01688,0.01657,0.03280
0.02593,0.08364,0.01841,0.02445,0.02278,0.02606,0.07893,0.02198,0.03224,0.02026,0.10986,0.13073,0.13398,0.07118,0.02855,0.09491,0.01415,0.01525,0.01615,0.03055
0.04010,0.06236,0.03486,0.02742,0.02455,0.03280,0.06247,0.02943,0.03511,0.02728,0.04524,0.13650,0.12431,0.10242,0.05422,0.04901,0.02866,0.02114,0.02337,0.03873
0.02551,0.04389,0.01377,0.02147,0.01654,0.01807,0.05445,0.02413,0.02483,0.01825,0.07386,0.16989,0.18701,0.11916,0.03414,0.05482,0.01848,0.01657,0.01339,0.05179
0.01676,0.09780,0.01544,0.02493,0.01723,0.02115,0.10923,0.02355,0.03116,0.01534,0.06740,0.11117,0.13503,0.11959,0.03228,0.06666,0.01477,0.01435,0.01663,0.04955
0.02696,0.06737,0.01548,0.02248,0.02486,0.02412,0.07459,0.02222,0.03160,0.02114,0.05740,0.19476,0.18093,0.08004,0.03027,0.04589,0.01344,0.01702,0.01384,0.03560
0.01724,0.04785,0.01978,0.02909,0.02286,0.02689,0.05485,0.02412,0.03459,0.02580,0.06221,0.15029,0.16501,0.11514,0.03827,0.05352,0.02387,0.02385,0.01814,0.04662
0.03178,0.07000,0.02317,0.03593,0.02372,0.02559,0.07386,0.04379,0.03196,0.02446,0.08838,0.11982,0.10784,0.05750,0.04084,0.08788,0.02325,0.02652,0.02472,0.03898
0.02458,0.07271,0.02326,0.02376,0.02177,0.02406,0.08330,0.02398,0.02714,0.02214,0.12048,0.08312,0.09586,0.08474,0.04795,0.12698,0.02053,0.01840,0.01891,0.03634
0.02831,0.12376,0.02300,0.01964,0.02561,0.03298,0.12479,0.02436,0.03962,0.02952,0.05714,0.10741,0.10171,0.07795,0.04332,0.04896,0.02133,0.02320,0.01326,0.03414
0.02502,0.08911,0.01340,0.01943,0.02036,0.02696,0.09984,0.01987,0.02794,0.02053,0.03116,0.25426,0.16139,0.06104,0.02846,0.02495,0.01397,0.01601,0.01213,0.03416
0.02187,0.07592,0.01358,0.01958,0.01855,0.02312,0.08538,0.02306,0.02350,0.01681,0.11324,0.13981,0.13654,0.07447,0.03395,0.10572,0.01220,0.01141,0.01420,0.03709
0.01794,0.03593,0.01099,0.01623,0.01633,0.01343,0.03816,0.01379,0.02360,0.01435,0.04299,0.16872,0.22928,0.19485,0.03846,0.03377,0.01526,0.01252,0.01167,0.05173
0.02342,0.05801,0.01891,0.02090,0.02620,0.02397,0.06168,0.02287,0.03464,0.01975,0.09427,0.16772,0.14635,0.05767,0.03236,0.08526,0.01968,0.02054,0.01888,0.04692
0.03529,0.04958,0.02215,0.03000,0.02075,0.02111,0.05658,0.03142,0.03323,0.02928,0.07952,0.17377,0.16027,0.05583,0.03397,0.07218,0.02315,0.01766,0.01971,0.03455
0.01085,0.06418,0.01011,0.01254,0.01160,0.01031,0.07974,0.01201,0.01565,0.00964,0.02630,0.35333,0.24469,0.04202,0.02402,0.02027,0.01272,0.00898,0.00883,0.02222
0.02628,0.08288,0.01452,0.02191,0.02202,0.02408,0.08226,0.02271,0.03345,0.01965,0.11383,0.13490,0.12733,0.06258,0.03079,0.09558,0.01651,0.01418,0.01559,0.03895
0.02492,0.11447,0.01642,0.02447,0.02085,0.02926,0.12967,0.02028,0.03593,0.01644,0.04990,0.14137,0.13327,0.09194,0.03047,0.04064,0.01497,0.01347,0.01290,0.03835
0.02750,0.10194,0.01654,0.02520,0.01962,0.02377,0.10418,0.02371,0.03926,0.02097,0.06276,0.13747,0.11918,0.08387,0.03614,0.05957,0.02095,0.01700,0.01469,0.04566
0.02411,0.05488,0.01325,0.02319,0.02593,0.02238,0.06374,0.02489,0.02954,0.02343,0.17223,0.11605,0.11239,0.04507,0.02999,0.15528,0.01463,0.00940,0.01503,0.02458
0.02349,0.04815,0.01334,0.01783,0.01440,0.01862,0.04364,0.02420,0.02539,0.01520,0.08653,0.22991,0.17307,0.06826,0.03352,0.07823,0.01666,0.01703,0.01189,0.04064
0.02984,0.03887,0.01725,0.02125,0.02435,0.02591,0.04492,0.02796,0.03142,0.01809,0.06729,0.21959,0.15535,0.07251,0.04611,0.05813,0.02159,0.01730,0.01830,0.04399
0.03048,0.06049,0.01540,0.02691,0.02333,0.02919,0.07117,0.02738,0.02900,0.01571,0.06730,0.21451,0.19400,0.04660,0.02688,0.04941,0.01148,0.01284,0.01453,0.03339
0.02920,0.10163,0.01745,0.02851,0.02035,0.03024,0.11080,0.02283,0.03295,0.02432,0.04106,0.20778,0.13449,0.04908,0.02531,0.03948,0.02060,0.01606,0.01488,0.03297
0.02650,0.05588,0.01914,0.02364,0.02112,0.02365,0.06156,0.02511,0.02867,0.01788,0.09357,0.16815,0.17240,0.07032,0.03070,0.07714,0.01387,0.01381,0.01695,0.03992
0.02512,0.08183,0.01307,0.01791,0.02297,0.02627,0.10752,0.02260,0.03626,0.02487,0.04496,0.16800,0.14791,0.08423,0.04277,0.04298,0.02068,0.01431,0.01354,0.04218
0.02705,0.07931,0.02801,0.02776,0.03064,0.02619,0.09538,0.02978,0.03390,0.02062,0.07375,0.12929,0.11747,0.08205,0.03908,0.06779,0.02120,0.01747,0.01705,0.03622
0.02674,0.11419,0.01328,0.02116,0.02103,0.01949,0.11967,0.01766,0.03098,0.01484,0.07885,0.15120,0.14257,0.06471,0.02659,0.06245,0.01501,0.01448,0.01150,0.03359
0.02949,0.09167,0.02197,0.02838,0.02544,0.02563,0.10627,0.02424,0.03807,0.02034,0.07619,0.10294,0.11688,0.09479,0.03403,0.06750,0.01921,0.02102,0.01349,0.04246
0.01826,0.07368,0.01293,0.01819,0.02162,0.01536,0.08059,0.01465,0.02358,0.01320,0.11327,0.14073,0.16364,0.09543,0.02710,0.09779,0.01180,0.01102,0.01043,0.03673
0.01998,0.09439,0.01183,0.02652,0.02221,0.01845,0.11674,0.01788,0.03142,0.01613,0.04832,0.18360,0.16621,0.07552,0.03199,0.04032,0.01502,0.01597,0.01240,0.03513
0.02986,0.06031,0.02708,0.03060,0.04075,0.03156,0.05887,0.03476,0.02980,0.02790,0.08456,0.15328,0.14681,0.04990,0.03869,0.06597,0.01498,0.01934,0.01874,0.03624
0.02997,0.15315,0.02705,0.02704,0.02698,0.03489,0.16821,0.02555,0.04600,0.02145,0.02877,0.08231,0.08513,0.07580,0.03884,0.03085,0.02331,0.02270,0.01762,0.03437
0.01560,0.20304,0.01108,0.01601,0.01519,0.01514,0.23910,0.01524,0.03502,0.01244,0.04287,0.12636,0.09268,0.03845,0.02528,0.04354,0.00920,0.01267,0.01117,0.01995
0.02571,0.06079,0.03525,0.03272,0.03280,0.02208,0.07172,0.03555,0.03192,0.03330,0.04465,0.18403,0.16133,0.05437,0.05013,0.03915,0.02515,0.01429,0.01826,0.02680
0.02747,0.05936,0.01762,0.02360,0.01975,0.02160,0.06958,0.02171,0.03386,0.02213,0.03910,0.22905,0.18478,0.06989,0.03873,0.03526,0.01716,0.01898,0.01364,0.03673
0.02222,0.05878,0.01707,0.02238,0.01494,0.02022,0.06444,0.01800,0.02548,0.01481,0.08981,0.20353,0.16861,0.05739,0.03503,0.07761,0.01887,0.01739,0.01242,0.04102
0.03447,0.09164,0.03473,0.03779,0.03832,0.03638,0.09183,0.03413,0.04598,0.03709,0.05171,0.12221,0.09019,0.05392,0.03926,0.04606,0.02058,0.02884,0.02475,0.04015
0.02450,0.05884,0.01413,0.02341,0.02254,0.02124,0.06850,0.02232,0.02605,0.02254,0.09475,0.17267,0.14913,0.07609,0.03622,0.08746,0.01590,0.01376,0.01604,0.03389
0.02326,0.06123,0.01467,0.01697,0.01778,0.01731,0.07684,0.01812,0.02256,0.01082,0.05839,0.23753,0.17259,0.07204,0.03334,0.05695,0.01663,0.01903,0.01465,0.03928
0.02365,0.12059,0.02031,0.02288,0.02128,0.02296,0.13235,0.02107,0.03517,0.02443,0.09008,0.11388,0.09645,0.05361,0.03954,0.08448,0.01424,0.01738,0.01629,0.02936
0.02459,0.05787,0.01476,0.03241,0.02169,0.02594,0.07127,0.02287,0.03378,0.01807,0.07596,0.16336,0.15535,0.09415,0.03277,0.06204,0.01496,0.01964,0.01665,0.04185
0.02781,0.08588,0.02004,0.01639,0.01889,0.02294,0.08409,0.01863,0.02630,0.02003,0.06598,0.17971,0.15743,0.06521,0.04642,0.05272,0.01702,0.01818,0.02041,0.03592
0.02451,0.11580,0.02017,0.02735,0.02009,0.01679,0.12305,0.01931,0.03395,0.01519,0.08439,0.13973,0.13126,0.05325,0.02973,0.07649,0.01491,0.01584,0.01163,0.02657
0.01439,0.12131,0.00784,0.01410,0.01397,0.01743,0.14259,0.01759,0.02960,0.01271,0.08686,0.17446,0.15009,0.04362,0.02156,0.07747,0.01356,0.00838,0.00847,0.02400
0.02707,0.06411,0.01842,0.02782,0.01818,0.02504,0.06275,0.02238,0.02625,0.02000,0.12721,0.14416,0.13682,0.05551,0.02988,0.10792,0.01844,0.01706,0.01654,0.03444
0.01778,0.08219,0.01008,0.02118,0.01329,0.02442,0.08698,0.01533,0.02884,0.01518,0.03991,0.21804,0.17356,0.09950,0.03688,0.03857,0.01238,0.01372,0.01298,0.03920
0.02847,0.05037,0.02095,0.03151,0.03257,0.02418,0.05461,0.02610,0.03435,0.02770,0.05552,0.12295,0.14476,0.15535,0.04396,0.04537,0.02688,0.02094,0.01181,0.04163
0.02670,0.08692,0.02069,0.02132,0.02520,0.02211,0.08562,0.01964,0.03687,0.02402,0.04836,0.16528,0.14949,0.07865,0.04641,0.04895,0.01836,0.01893,0.01668,0.03981
0.02554,0.09549,0.01422,0.02267,0.02428,0.02214,0.10015,0.02214,0.02833,0.02228,0.10908,0.13618,0.12159,0.04879,0.03932,0.09636,0.01535,0.01713,0.01355,0.02541
0.02097,0.05248,0.00799,0.02200,0.01476,0.02033,0.06091,0.01896,0.02709,0.01204,0.13687,0.15145,0.14877,0.07639,0.02902,0.12380,0.01412,0.01690,0.01001,0.03512
0.02355,0.04624,0.01572,0.02582,0.02027,0.02619,0.05932,0.02243,0.02352,0.01491,0.04667,0.23296,0.19791,0.07896,0.03423,0.03590,0.01878,0.01781,0.01920,0.03959
0.02370,0.06943,0.01864,0.02219,0.01896,0.02748,0.07164,0.02321,0.03095,0.01945,0.07894,0.18821,0.15920,0.06900,0.03434,0.05992,0.01432,0.01561,0.01779,0.03703
0.02285,0.06526,0.01953,0.02313,0.02121,0.03003,0.07459,0.02222,0.02501,0.01641,0.04559,0.21054,0.19278,0.08031,0.03201,0.03643,0.01418,0.01469,0.01590,0.03732
0.02606,0.08416,0.02125,0.02954,0.02153,0.02315,0.08717,0.02474,0.03341,0.02332,0.09258,0.15526,0.16019,0.04349,0.02118,0.07149,0.01391,0.02048,0.01139,0.03570
0.02127,0.03762,0.01487,0.01838,0.01946,0.01685,0.04191,0.01993,0.02018,0.02059,0.08078,0.24065,0.20531,0.06104,0.03113,0.07364,0.01649,0.01785,0.01366,0.02839
0.01748,0.04801,0.01314,0.01267,0.01504,0.01354,0.04949,0.01344,0.02618,0.01236,0.03332,0.29876,0.21961,0.08556,0.02739,0.03031,0.01319,0.01747,0.01091,0.04212
0.02222,0.05841,0.01782,0.02402,0.02182,0.02180,0.07095,0.02234,0.02590,0.02056,0.05612,0.14794,0.16833,0.13289,0.03805,0.05140,0.02329,0.01544,0.01420,0.04650
0.03164,0.07148,0.01775,0.02988,0.02569,0.03310,0.08060,0.02868,0.03155,0.02540,0.05521,0.14947,0.14066,0.09848,0.03635,0.04560,0.02241,0.01971,0.01406,0.04228
0.02585,0.03797,0.01604,0.02615,0.01849,0.02301,0.04025,0.02171,0.02818,0.02215,0.13166,0.14737,0.16588,0.07883,0.03123,0.10415,0.01600,0.01413,0.01224,0.03870
0.02670,0.07124,0.01683,0.02218,0.02511,0.02186,0.08117,0.02347,0.02579,0.02738,0.12002,0.15020,0.13903,0.04729,0.02911,0.09902,0.01660,0.01402,0.01541,0.02757
0.02635,0.05192,0.01687,0.02896,0.02228,0.02781,0.05668,0.02637,0.03184,0.02335,0.10053,0.12982,0.12463,0.08964,0.05255,0.09604,0.02126,0.02139,0.01777,0.03395
0.02978,0.05761,0.01846,0.03013,0.02111,0.02513,0.06877,0.02208,0.03097,0.02252,0.07056,0.13983,0.15688,0.10947,0.03678,0.06199,0.01741,0.02060,0.01685,0.04306
0.02330,0.11207,0.01485,0.02809,0.01588,0.01901,0.13328,0.01888,0.03814,0.01642,0.05541,0.16018,0.14569,0.06713,0.02445,0.05166,0.01365,0.01387,0.01229,0.03575
0.02832,0.10713,0.02482,0.03128,0.01732,0.02329,0.11882,0.03014,0.04128,0.02078,0.05941,0.12456,0.11901,0.07401,0.03866,0.05209,0.01827,0.01930,0.02082,0.03069
0.02519,0.07320,0.01544,0.02596,0.02531,0.01979,0.08039,0.01564,0.02466,0.01921,0.05069,0.12988,0.17102,0.15143,0.03310,0.04911,0.01445,0.01405,0.01681,0.04467
0.03188,0.05952,0.02345,0.03208,0.03032,0.02959,0.05955,0.03079,0.04213,0.02921,0.08421,0.09489,0.13218,0.11479,0.03477,0.06828,0.02185,0.02592,0.01292,0.04166
0.02561,0.03499,0.01585,0.02862,0.02262,0.02769,0.04530,0.02214,0.02427,0.02161,0.04728,0.22443,0.19410,0.08710,0.04562,0.03889,0.01361,0.01714,0.02405,0.03909
0.01486,0.07988,0.01236,0.01785,0.01637,0.01385,0.08135,0.01269,0.02403,0.01563,0.05028,0.26578,0.18386,0.06913,0.02625,0.04443,0.01322,0.01111,0.01119,0.03588
0.02674,0.07668,0.02512,0.02994,0.02539,0.02631,0.08770,0.02751,0.03541,0.02579,0.06743,0.14686,0.12748,0.06670,0.04076,0.05674,0.01738,0.02598,0.01671,0.04735
0.02731,0.05085,0.02199,0.02707,0.02859,0.02407,0.05445,0.02341,0.03106,0.02391,0.06027,0.11414,0.16491,0.15639,0.03856,0.05984,0.01635,0.01636,0.01308,0.04741
0.02856,0.10875,0.01302,0.02406,0.02092,0.02178,0.12539,0.02207,0.03650,0.02068,0.03622,0.16588,0.14156,0.08650,0.02920,0.03673,0.01780,0.01403,0.01029,0.04006
0.02453,0.07172,0.02989,0.02030,0.02578,0.02634,0.07300,0.02661,0.02861,0.02304,0.08005,0.16301,0.13254,0.06795,0.03582,0.06971,0.02048,0.01772,0.02308,0.03980
0.03612,0.06615,0.01643,0.03050,0.02288,0.02335,0.07977,0.02102,0.04134,0.01780,0.05916,0.22599,0.16709,0.04711,0.02779,0.03704,0.01377,0.01604,0.01281,0.03783
0.01742,0.03043,0.01072,0.01445,0.01466,0.01609,0.03625,0.01073,0.01984,0.01317,0.07519,0.23593,0.22081,0.10190,0.03751,0.05433,0.01370,0.01166,0.01477,0.05047
0.02232,0.04437,0.01142,0.02001,0.01338,0.01627,0.05547,0.01664,0.02130,0.01387,0.06122,0.24719,0.22281,0.06877,0.03081,0.05259,0.01491,0.01388,0.01488,0.03788
0.01636,0.04451,0.01323,0.02171,0.01734,0.01881,0.05514,0.02090,0.02107,0.01669,0.12889,0.12733,0.14629,0.10786,0.03312,0.12661,0.01545,0.01555,0.01346,0.03969
0.02740,0.05505,0.02003,0.03167,0.03025,0.03354,0.05810,0.02277,0.03066,0.02425,0.06897,0.13076,0.15468,0.12405,0.03291,0.06117,0.01523,0.01767,0.01831,0.04252
0.02633,0.04649,0.01836,0.02522,0.02384,0.02626,0.04522,0.02486,0.02977,0.02446,0.09623,0.14998,0.14440,0.10291,0.03683,0.08043,0.02270,0.01705,0.01506,0.04358
0.02829,0.06961,0.02059,0.02705,0.02387,0.02563,0.06858,0.03273,0.03520,0.02158,0.09262,0.09112,0.12460,0.12088,0.03548,0.08383,0.01791,0.02027,0.01578,0.04439
0.02788,0.06280,0.01780,0.02930,0.02206,0.02812,0.07369,0.02742,0.02400,0.02089,0.06067,0.20761,0.18557,0.05573,0.02816,0.04688,0.01665,0.01505,0.01402,0.03571
0.02148,0.10535,0.01247,0.02537,0.01899,0.02136,0.12624,0.01864,0.02722,0.01408,0.04188,0.21406,0.18105,0.05232,0.01918,0.03492,0.01097,0.01124,0.01004,0.03314
0.02544,0.03468,0.00907,0.01237,0.00784,0.01882,0.04617,0.01245,0.02102,0.01128,0.08206,0.28096,0.23587,0.05210,0.02127,0.06503,0.01073,0.01281,0.00911,0.03091
0.01803,0.07724,0.01144,0.02085,0.01759,0.01615,0.09650,0.01699,0.02502,0.01701,0.05063,0.24481,0.17126,0.07107,0.02611,0.04441,0.02071,0.01364,0.01014,0.03042
0.02457,0.07197,0.01748,0.02358,0.02960,0.03006,0.08317,0.03158,0.03823,0.01999,0.08822,0.14769,0.14892,0.05505,0.02937,0.07000,0.01705,0.02144,0.01540,0.03662
0.01891,0.05801,0.00996,0.01991,0.01493,0.01647,0.06158,0.01651,0.02686,0.01432,0.11806,0.16741,0.17372,0.07983,0.03054,0.10010,0.01463,0.01085,0.01274,0.03468
0.02036,0.06972,0.01415,0.02116,0.01835,0.02435,0.08490,0.01832,0.02925,0.01299,0.04876,0.17666,0.17326,0.12931,0.03374,0.03889,0.01172,0.01792,0.01243,0.04376
0.02057,0.15035,0.01654,0.02555,0.02215,0.02315,0.15107,0.02635,0.03646,0.01932,0.03129,0.17743,0.12034,0.05011,0.02559,0.03172,0.01239,0.01259,0.01421,0.03283
0.02653,0.06605,0.01745,0.02117,0.01884,0.02355,0.06868,0.02222,0.03194,0.02198,0.11420,0.13248,0.13975,0.07263,0.02548,0.10452,0.01780,0.02063,0.01835,0.03575
0.02142,0.02607,0.01326,0.01761,0.01462,0.01518,0.02893,0.01344,0.01752,0.01450,0.15471,0.13043,0.15074,0.10879,0.03866,0.15022,0.01561,0.01317,0.01440,0.04070
0.02379,0.05283,0.01378,0.02319,0.01926,0.02279,0.05821,0.01901,0.02689,0.01607,0.12522,0.14593,0.12161,0.08140,0.04375,0.11187,0.02195,0.01716,0.01723,0.03807
0.02866,0.04385,0.02700,0.02413,0.02432,0.02301,0.04653,0.03140,0.03664,0.02847,0.05799,0.17029,0.16692,0.10312,0.03648,0.05118,0.01889,0.01451,0.02043,0.04619
0.02381,0.04640,0.02294,0.02235,0.02078,0.02169,0.05087,0.02542,0.03085,0.02467,0.08464,0.11837,0.16089,0.13207,0.04400,0.07141,0.02158,0.01842,0.01542,0.04342
0.02732,0.04609,0.02399,0.02122,0.02030,0.03049,0.04782,0.01942,0.02829,0.02159,0.04535,0.15764,0.16538,0.13095,0.05380,0.03764,0.02303,0.01894,0.02947,0.05126
0.02774,0.06225,0.01939,0.03070,0.02172,0.02509,0.06932,0.02670,0.03326,0.02288,0.07575,0.15662,0.13720,0.08464,0.03986,0.07040,0.01736,0.02202,0.01466,0.04244
0.02128,0.06267,0.00907,0.01669,0.01649,0.01600,0.06410,0.01660,0.02593,0.01497,0.12043,0.10165,0.14431,0.13673,0.02750,0.11016,0.01354,0.01897,0.01434,0.04857
0.02212,0.07149,0.02093,0.02347,0.02333,0.02306,0.08232,0.02170,0.02840,0.01666,0.08564,0.10427,0.12946,0.10940,0.03819,0.08457,0.02999,0.02111,0.02169,0.04220
0.03753,0.08051,0.02152,0.02792,0.01523,0.02575,0.08248,0.02911,0.03451,0.02457,0.08841,0.09922,0.11509,0.09942,0.03829,0.08398,0.01773,0.02228,0.01465,0.04179
0.01874,0.09793,0.01427,0.02240,0.01645,0.02280,0.12028,0.01734,0.03287,0.01428,0.06665,0.17277,0.15626,0.05608,0.03194,0.05534,0.01663,0.01720,0.01473,0.03503
0.03470,0.07694,0.01451,0.02669,0.02129,0.02505,0.09222,0.02559,0.03567,0.02394,0.05880,0.18879,0.12688,0.05411,0.04167,0.06229,0.02264,0.01811,0.01545,0.03464
0.01143,0.05684,0.00797,0.01269,0.01140,0.01349,0.06401,0.01087,0.01979,0.01093,0.02532,0.30988,0.20349,0.11812,0.02741,0.02291,0.01292,0.01570,0.01045,0.03439
0.02374,0.04087,0.01382,0.01781,0.02776,0.01996,0.04861,0.02548,0.01827,0.01875,0.11376,0.20500,0.19002,0.04307,0.02491,0.08280,0.01736,0.01833,0.01509,0.03458
0.03480,0.05872,0.01945,0.02938,0.02111,0.02568,0.05731,0.02274,0.03666,0.02433,0.07044,0.14000,0.15302,0.10973,0.03838,0.05694,0.01844,0.02058,0.01719,0.04510
0.02597,0.09245,0.01915,0.02789,0.02248,0.02352,0.09932,0.02512,0.02679,0.01923,0.07371,0.18244,0.12676,0.05280,0.03453,0.07012,0.01399,0.01351,0.01642,0.03378
0.02736,0.05793,0.02150,0.03019,0.02436,0.03059,0.06541,0.02661,0.03167,0.02385,0.05008,0.18995,0.16160,0.07990,0.03720,0.04840,0.01768,0.01837,0.01519,0.04216
0.02457,0.04498,0.01398,0.01780,0.01789,0.02175,0.04829,0.02084,0.02689,0.02035,0.15811,0.11864,0.10983,0.07031,0.03420,0.16125,0.01444,0.02288,0.01398,0.03902
0.02447,0.03687,0.00904,0.02247,0.01318,0.02212,0.03982,0.01877,0.02599,0.01465,0.13405,0.17109,0.16917,0.07892,0.02825,0.11380,0.01421,0.01725,0.01167,0.03421
0.03415,0.07598,0.02019,0.02599,0.03386,0.03280,0.09057,0.02556,0.03410,0.02935,0.04065,0.15666,0.14767,0.07786,0.04364,0.03694,0.02066,0.01857,0.01744,0.03736
0.02089,0.10040,0.02429,0.02490,0.02152,0.02544,0.11565,0.02111,0.03136,0.01989,0.04639,0.18231,0.13767,0.06664,0.03196,0.04761,0.01589,0.01428,0.01287,0.03891
0.02639,0.18576,0.01511,0.02409,0.01967,0.02371,0.19795,0.02491,0.03683,0.02191,0.04823,0.10434,0.07943,0.05611,0.02690,0.04416,0.01385,0.01303,0.01152,0.02610
0.02389,0.10738,0.01627,0.02209,0.01880,0.02101,0.11569,0.02332,0.02942,0.01510,0.07915,0.17843,0.14436,0.04360,0.02476,0.06829,0.01556,0.01534,0.01029,0.02726
0.01711,0.09885,0.01138,0.01587,0.01473,0.01814,0.11677,0.01421,0.02464,0.01219,0.05004,0.24233,0.19162,0.04520,0.02065,0.04180,0.01003,0.01270,0.01277,0.02896
0.02443,0.06165,0.01094,0.02461,0.01911,0.02299,0.05601,0.01924,0.02104,0.01632,0.07153,0.21239,0.15218,0.07470,0.03846,0.07209,0.02328,0.01661,0.01433,0.04809
0.02416,0.04566,0.01199,0.02251,0.02388,0.02431,0.03946,0.02356,0.03054,0.02130,0.07744,0.15214,0.14634,0.12150,0.03586,0.09376,0.02294,0.01801,0.01683,0.04781
0.02425,0.08674,0.01874,0.03417,0.02225,0.02546,0.08955,0.02723,0.03850,0.01760,0.07829,0.14105,0.12789,0.07411,0.04212,0.06334,0.01665,0.02280,0.01403,0.03524
0.02527,0.09155,0.00974,0.02277,0.02068,0.01789,0.12425,0.02909,0.03444,0.01699,0.05255,0.18463,0.15849,0.05725,0.03350,0.04465,0.01622,0.01781,0.01237,0.02989
0.02087,0.13246,0.01753,0.02498,0.02632,0.02531,0.15064,0.02130,0.03626,0.02287,0.05468,0.13301,0.11813,0.05565,0.02608,0.05742,0.01695,0.01802,0.01363,0.02789
0.02178,0.08022,0.01538,0.02298,0.02348,0.02195,0.09873,0.02036,0.02961,0.02089,0.09298,0.14273,0.12342,0.08235,0.04207,0.06895,0.02620,0.01649,0.01554,0.03389
0.02413,0.06928,0.01520,0.02185,0.02508,0.02786,0.07620,0.02322,0.03249,0.01853,0.07764,0.17781,0.15663,0.05803,0.03118,0.06800,0.02072,0.02110,0.01747,0.03756
0.02149,0.09472,0.01979,0.02205,0.01920,0.02197,0.09711,0.02344,0.03025,0.01848,0.12321,0.11655,0.11012,0.05225,0.04276,0.11271,0.01605,0.01765,0.01168,0.02851
0.03274,0.05819,0.01743,0.02492,0.02193,0.02667,0.06020,0.02225,0.03409,0.02522,0.07248,0.13038,0.13292,0.10909,0.05116,0.06789,0.02448,0.02373,0.01694,0.04729
0.02521,0.06134,0.02255,0.02947,0.02137,0.02570,0.07425,0.02840,0.02934,0.02670,0.08615,0.15379,0.12846,0.06734,0.03735,0.08614,0.02240,0.02248,0.01718,0.03440
0.01821,0.13499,0.01332,0.02301,0.01961,0.02091,0.16131,0.02080,0.03375,0.01803,0.03769,0.15043,0.12398,0.08945,0.02818,0.03340,0.01293,0.01232,0.01052,0.03715
0.02028,0.03304,0.01170,0.01768,0.01904,0.01885,0.03499,0.01387,0.01875,0.01479,0.03470,0.15114,0.22383,0.22280,0.03409,0.03375,0.01703,0.01441,0.01486,0.05042
0.02290,0.06889,0.01975,0.02745,0.02319,0.03258,0.08151,0.02427,0.03327,0.02415,0.03306,0.15433,0.15092,0.12756,0.04192,0.03450,0.01852,0.02215,0.01792,0.04116
0.01967,0.15196,0.01156,0.02152,0.02036,0.02025,0.17805,0.01673,0.03132,0.01544,0.05087,0.14737,0.12437,0.04405,0.03065,0.04998,0.01423,0.01568,0.01159,0.02436
0.01324,0.05078,0.00585,0.01310,0.01136,0.01198,0.05500,0.00923,0.02076,0.01129,0.13698,0.22453,0.19092,0.05330,0.02516,0.11497,0.00970,0.00861,0.00967,0.02358
0.02987,0.05854,0.02429,0.02681,0.03040,0.03082,0.06141,0.02981,0.03179,0.02377,0.07004,0.16088,0.14371,0.06907,0.03917,0.06306,0.02344,0.02060,0.02126,0.04127
0.03095,0.07474,0.02066,0.02685,0.02657,0.03506,0.09238,0.02953,0.03118,0.02587,0.08384,0.10096,0.11406,0.10461,0.04316,0.07287,0.01744,0.01889,0.01617,0.03420
0.02866,0.10665,0.02420,0.02905,0.02737,0.04109,0.10597,0.02613,0.03684,0.02777,0.05695,0.11014,0.08788,0.08216,0.03874,0.06167,0.02430,0.02413,0.01942,0.04088
0.02532,0.05530,0.01864,0.03454,0.02913,0.02941,0.06246,0.02878,0.03282,0.02112,0.06533,0.18706,0.14799,0.06450,0.03237,0.05854,0.01979,0.01836,0.02064,0.04788
0.02218,0.08068,0.02142,0.03067,0.02531,0.03513,0.09351,0.02484,0.03121,0.02962,0.07174,0.14861,0.13089,0.06997,0.03262,0.07167,0.02228,0.01241,0.01408,0.03115
0.02165,0.05644,0.01677,0.01986,0.02436,0.02057,0.05511,0.02328,0.02027,0.01967,0.04100,0.27629,0.19707,0.06151,0.03019,0.04090,0.01609,0.01305,0.01508,0.03084
0.02578,0.09226,0.01946,0.02522,0.02572,0.02675,0.10307,0.02330,0.02691,0.02087,0.09698,0.11790,0.12068,0.05881,0.04044,0.09794,0.01366,0.01937,0.01321,0.03165
0.03108,0.05104,0.02722,0.03638,0.02038,0.03431,0.06230,0.03397,0.04097,0.02653,0.04612,0.17361,0.13688,0.07725,0.05626,0.03488,0.02563,0.02099,0.02950,0.03470
0.02424,0.04539,0.01571,0.03025,0.02639,0.02657,0.04460,0.02623,0.02746,0.02212,0.06781,0.20646,0.20038,0.06056,0.03221,0.05470,0.01585,0.01661,0.01296,0.04349
0.02811,0.06154,0.01317,0.02567,0.02562,0.02361,0.07408,0.02222,0.02630,0.01777,0.09937,0.14990,0.13551,0.07496,0.03425,0.09452,0.01953,0.01999,0.01383,0.04005
0.01414,0.02993,0.00967,0.01358,0.01582,0.01707,0.03801,0.01398,0.01420,0.01084,0.10152,0.24483,0.19242,0.08306,0.02960,0.09740,0.01274,0.01272,0.01228,0.03619
0.01733,0.06858,0.01208,0.02009,0.01612,0.01753,0.08888,0.01452,0.02271,0.01902,0.03799,0.24726,0.20753,0.07091,0.02728,0.03475,0.02034,0.01225,0.01201,0.03281
0.01986,0.05374,0.01736,0.02426,0.02310,0.02447,0.05124,0.02577,0.02920,0.01769,0.07599,0.17793,0.16029,0.09301,0.03714,0.07297,0.02062,0.01706,0.01829,0.04000
0.02619,0.07328,0.01494,0.03092,0.02787,0.03102,0.08198,0.03480,0.03824,0.02228,0.04290,0.17697,0.16168,0.07933,0.03714,0.03329,0.01455,0.01884,0.01612,0.03765
0.02521,0.08329,0.01336,0.02268,0.01937,0.02622,0.09704,0.02200,0.02699,0.01510,0.04744,0.20102,0.14921,0.07715,0.03342,0.03874,0.01500,0.02404,0.01666,0.04605
0.02675,0.04282,0.02399,0.02130,0.02279,0.02623,0.04450,0.02169,0.03689,0.02142,0.09282,0.15911,0.16023,0.08277,0.03839,0.07125,0.02438,0.02317,0.01759,0.04190
0.02013,0.06782,0.01600,0.02165,0.02171,0.01953,0.07345,0.02002,0.03339,0.01762,0.08249,0.18818,0.14397,0.06432,0.03310,0.07760,0.01832,0.01337,0.01538,0.05193
0.02677,0.07414,0.01658,0.04265,0.03111,0.02858,0.09945,0.02713,0.03843,0.01779,0.03409,0.18449,0.14841,0.07394,0.03100,0.02143,0.02301,0.01591,0.02795,0.03717
0.03360,0.05850,0.02342,0.03196,0.02931,0.02933,0.06858,0.03182,0.02645,0.02347,0.06419,0.16328,0.14068,0.06833,0.04751,0.06413,0.01875,0.01951,0.01854,0.03863
0.02629,0.08054,0.01509,0.02853,0.02122,0.02035,0.07972,0.02054,0.03273,0.01820,0.02469,0.22463,0.14811,0.10052,0.03473,0.02489,0.02064,0.02106,0.01748,0.04004
0.02565,0.03207,0.00857,0.02218,0.01590,0.01929,0.03612,0.01729,0.01676,0.01566,0.15539,0.18339,0.19184,0.05163,0.02155,0.12542,0.01288,0.01158,0.01166,0.02518
0.02448,0.05692,0.01767,0.02291,0.01782,0.02246,0.06208,0.02280,0.02376,0.01793,0.07395,0.23120,0.21171,0.04279,0.03381,0.05802,0.01452,0.00960,0.01224,0.02333
0.01784,0.02571,0.01377,0.02123,0.01590,0.01744,0.02620,0.02341,0.02214,0.01558,0.17242,0.13014,0.15012,0.08605,0.02906,0.15763,0.01446,0.01203,0.01433,0.03453
0.02597,0.10157,0.01221,0.01698,0.01665,0.02043,0.10660,0.01773,0.02798,0.01664,0.12450,0.12739,0.10998,0.05198,0.03787,0.10936,0.01618,0.01373,0.01525,0.03100
0.01871,0.08944,0.01196,0.02237,0.01473,0.01996,0.09011,0.02067,0.03189,0.01454,0.06473,0.19093,0.15310,0.07676,0.03273,0.07197,0.01332,0.01814,0.01117,0.03277
0.02543,0.08221,0.01946,0.02361,0.02046,0.02909,0.09926,0.02671,0.03401,0.02545,0.04574,0.18163,0.15943,0.08638,0.02810,0.03830,0.01594,0.01127,0.01496,0.03256
0.02713,0.07058,0.03085,0.03083,0.03386,0.02773,0.07126,0.03152,0.02864,0.03093,0.13218,0.09185,0.10592,0.05333,0.03662,0.11611,0.01961,0.01649,0.01422,0.03032
0.02414,0.05608,0.01884,0.02334,0.02792,0.02348,0.06011,0.02583,0.02990,0.01895,0.10424,0.13107,0.12494,0.08268,0.03443,0.11153,0.02349,0.01941,0.01746,0.04215
0.02629,0.04304,0.02357,0.02697,0.02476,0.03070,0.04465,0.02233,0.03175,0.02458,0.11556,0.11589,0.13445,0.08870,0.03766,0.10761,0.01967,0.02273,0.01739,0.04170
0.01484,0.06343,0.01311,0.01463,0.01547,0.02155,0.07459,0.01639,0.02607,0.01384,0.08062,0.22537,0.16415,0.06188,0.03226,0.07853,0.01719,0.01259,0.01182,0.04168
0.03161,0.05719,0.02178,0.02063,0.02475,0.02529,0.05400,0.02817,0.03227,0.02654,0.13452,0.10715,0.12090,0.06735,0.03420,0.12919,0.01843,0.01698,0.01251,0.03656
0.01894,0.07088,0.01426,0.02027,0.01705,0.02090,0.07819,0.01416,0.03026,0.01478,0.09801,0.19107,0.17342,0.04979,0.02708,0.07887,0.01415,0.01584,0.01772,0.03436
0.02692,0.07831,0.01582,0.02626,0.01974,0.02701,0.07297,0.02137,0.03037,0.01894,0.04542,0.16649,0.16574,0.11422,0.03686,0.04194,0.01304,0.01717,0.01570,0.04570
0.01845,0.05960,0.00848,0.01542,0.01414,0.01673,0.06587,0.01802,0.02593,0.01141,0.07863,0.16605,0.17400,0.11957,0.04137,0.06673,0.01415,0.01671,0.00984,0.05888
0.03729,0.05153,0.01944,0.02713,0.02305,0.02720,0.05214,0.03151,0.02966,0.01993,0.10735,0.14819,0.14635,0.07309,0.03708,0.09408,0.01764,0.01768,0.01249,0.02715
0.03279,0.07540,0.02096,0.02292,0.02759,0.02433,0.08662,0.02570,0.02951,0.02198,0.09711,0.13058,0.12017,0.06664,0.03807,0.09052,0.01921,0.02208,0.01404,0.03377
0.03277,0.03942,0.02955,0.02773,0.03353,0.02642,0.04452,0.03306,0.02915,0.03000,0.06301,0.19218,0.15759,0.07438,0.04678,0.05496,0.01704,0.01717,0.01523,0.03550
0.02328,0.05083,0.01282,0.02532,0.01901,0.02087,0.06136,0.01720,0.03020,0.01689,0.05848,0.19932,0.18765,0.11279,0.03560,0.04324,0.01713,0.01650,0.01059,0.04091
0.02259,0.04381,0.01433,0.02377,0.02067,0.02159,0.04823,0.02413,0.01896,0.01583,0.17761,0.10312,0.10733,0.06349,0.03228,0.17281,0.01838,0.02082,0.01772,0.03254
0.01684,0.06321,0.01391,0.02021,0.02122,0.01528,0.07086,0.01671,0.01897,0.01931,0.09584,0.17069,0.17402,0.09483,0.02857,0.08287,0.01389,0.01269,0.01271,0.03737
0.03362,0.11840,0.02004,0.02571,0.02106,0.02151,0.13495,0.02546,0.03832,0.02395,0.07765,0.12276,0.10336,0.04880,0.04035,0.06729,0.01551,0.01885,0.01499,0.02741
0.04040,0.07177,0.01879,0.02883,0.03250,0.02760,0.06920,0.02744,0.03494,0.02609,0.11299,0.11910,0.12885,0.04879,0.03669,0.09563,0.01509,0.01725,0.01659,0.03145
0.02861,0.06701,0.02176,0.03036,0.02698,0.02684,0.06809,0.03813,0.02610,0.03649,0.11785,0.11642,0.10198,0.05416,0.04019,0.11289,0.01927,0.01840,0.01646,0.03202
0.01781,0.04182,0.01852,0.01826,0.01800,0.01869,0.04837,0.02359,0.02468,0.01878,0.22912,0.08798,0.10599,0.03761,0.02734,0.20086,0.01428,0.01182,0.01422,0.02227
0.02267,0.04780,0.01734,0.02334,0.02039,0.02090,0.04882,0.01982,0.02385,0.01773,0.15150,0.12802,0.11995,0.05918,0.04794,0.14808,0.01786,0.01805,0.01504,0.03171
0.03412,0.19859,0.01506,0.02123,0.02338,0.01879,0.22845,0.02016,0.03988,0.01509,0.03346,0.12502,0.10386,0.02504,0.01806,0.02764,0.00980,0.01058,0.00916,0.02263
0.02717,0.06202,0.01768,0.02231,0.02770,0.02053,0.07341,0.01622,0.02599,0.02136,0.05835,0.21957,0.19691,0.05682,0.02716,0.04343,0.01669,0.01809,0.01233,0.03624
0.02339,0.07078,0.02261,0.03325,0.01704,0.03168,0.08554,0.02720,0.03234,0.01687,0.03750,0.10292,0.15037,0.14824,0.04151,0.04255,0.01797,0.03053,0.02435,0.04337
0.02001,0.06453,0.00850,0.01727,0.01805,0.01465,0.07420,0.01471,0.01969,0.01380,0.10284,0.23043,0.19050,0.03715,0.02440,0.08857,0.01139,0.00927,0.01074,0.02929
0.02285,0.04486,0.01865,0.01437,0.02295,0.01909,0.04701,0.01703,0.02149,0.01943,0.16236,0.15353,0.15528,0.03800,0.03400,0.13889,0.01722,0.01377,0.01235,0.02685
0.02072,0.14213,0.01190,0.02021,0.01525,0.02138,0.17495,0.01495,0.03830,0.01613,0.03881,0.13086,0.12096,0.08600,0.02731,0.03874,0.01083,0.01713,0.01282,0.04061
0.02370,0.08336,0.01717,0.02470,0.02957,0.02302,0.08683,0.02150,0.03249,0.02087,0.10654,0.12542,0.13150,0.06623,0.03438,0.09872,0.01398,0.01663,0.01230,0.03111
0.03597,0.06415,0.02563,0.03921,0.03401,0.03222,0.07718,0.02823,0.03432,0.02470,0.05614,0.13212,0.11197,0.07884,0.04714,0.06408,0.02522,0.02581,0.02173,0.04132
0.02547,0.04565,0.01789,0.03512,0.02876,0.02862,0.05522,0.02908,0.02818,0.02352,0.08243,0.14453,0.15277,0.08794,0.03330,0.06919,0.02457,0.02175,0.02139,0.04463
0.02572,0.05482,0.01447,0.02083,0.02439,0.01861,0.05579,0.02374,0.02937,0.02023,0.10754,0.15082,0.14848,0.07194,0.04368,0.08787,0.01640,0.02368,0.01902,0.04261
0.01923,0.03409,0.01378,0.02003,0.01384,0.01827,0.03250,0.01997,0.02139,0.01813,0.11210,0.20749,0.19419,0.06716,0.02687,0.09686,0.01512,0.02062,0.01225,0.03611
0.02290,0.07649,0.01269,0.02246,0.01720,0.02199,0.09082,0.02473,0.02739,0.02199,0.05026,0.17258,0.14329,0.11756,0.03681,0.05344,0.01681,0.01506,0.01352,0.04201
0.02669,0.04377,0.01304,0.01834,0.01939,0.01872,0.04711,0.02206,0.02304,0.01525,0.10478,0.18800,0.19106,0.07162,0.02893,0.09244,0.01210,0.01671,0.01399,0.03294
0.02687,0.06211,0.02268,0.02457,0.02998,0.02857,0.06457,0.02471,0.03355,0.02770,0.07554,0.17472,0.15260,0.05931,0.04037,0.06193,0.01829,0.01914,0.01723,0.03556
0.03963,0.05827,0.02297,0.03611,0.02708,0.02868,0.05959,0.03087,0.03963,0.02692,0.09630,0.10535,0.12095,0.07970,0.03546,0.07869,0.03065,0.02077,0.01851,0.04387
0.01399,0.02423,0.00733,0.01209,0.01073,0.01296,0.03410,0.01448,0.01359,0.00874,0.12920,0.22940,0.22129,0.07139,0.02858,0.10381,0.01293,0.01040,0.00779,0.03296
0.01759,0.05427,0.01297,0.01931,0.01382,0.01831,0.06285,0.01680,0.02505,0.01543,0.06917,0.24953,0.19490,0.06300,0.02801,0.06168,0.01839,0.01112,0.01484,0.03296
0.01647,0.06519,0.01172,0.01814,0.01941,0.01864,0.08013,0.01639,0.02369,0.01255,0.13292,0.11775,0.12345,0.10111,0.02889,0.14485,0.00967,0.01241,0.01159,0.03503
0.02123,0.09872,0.01509,0.02295,0.01978,0.01876,0.11214,0.02246,0.03248,0.01821,0.08298,0.16880,0.14034,0.04489,0.03364,0.08306,0.01310,0.01356,0.00970,0.02813
0.02043,0.05388,0.01009,0.01649,0.01919,0.01470,0.05830,0.01354,0.01793,0.01207,0.07550,0.26835,0.18241,0.05747,0.02692,0.07118,0.01744,0.01199,0.01379,0.03833
0.02413,0.05593,0.01146,0.01881,0.01836,0.01773,0.06845,0.01978,0.02188,0.02033,0.13011,0.16411,0.14509,0.06436,0.03000,0.10980,0.01700,0.01790,0.01316,0.03160
0.02563,0.06899,0.01126,0.02514,0.01770,0.02117,0.08134,0.01557,0.02949,0.01816,0.04686,0.16637,0.17744,0.13014,0.03415,0.04158,0.01264,0.01398,0.01378,0.04860
0.02835,0.06374,0.01746,0.03061,0.02638,0.03837,0.06574,0.02027,0.03569,0.02965,0.07610,0.17012,0.13574,0.05887,0.04696,0.06786,0.01992,0.01799,0.01699,0.03318
0.01748,0.14601,0.02377,0.02168,0.02137,0.01901,0.16403,0.02148,0.03470,0.01978,0.03196,0.16553,0.14039,0.03957,0.03835,0.03071,0.01898,0.01255,0.01010,0.02254
0.02146,0.03675,0.01270,0.02195,0.01504,0.02199,0.04081,0.02144,0.02238,0.01305,0.12902,0.21268,0.20210,0.03726,0.02958,0.09403,0.01126,0.01344,0.01279,0.03028
0.02066,0.05918,0.01615,0.02277,0.01828,0.01881,0.06788,0.01885,0.02318,0.01821,0.10352,0.15273,0.15088,0.09556,0.03728,0.08868,0.01813,0.01900,0.01355,0.03670
0.01751,0.07907,0.01770,0.01847,0.02328,0.02023,0.09307,0.02181,0.02657,0.01773,0.04838,0.21499,0.16364,0.07660,0.03720,0.04336,0.01373,0.01556,0.01320,0.03791
0.01714,0.15002,0.01744,0.02011,0.01819,0.01604,0.16270,0.01146,0.02492,0.01587,0.05241,0.18287,0.12332,0.04230,0.03620,0.04596,0.01676,0.01047,0.01060,0.02524
0.02409,0.07715,0.01186,0.02604,0.02589,0.02533,0.09434,0.02283,0.02715,0.01835,0.06396,0.20529,0.16786,0.05044,0.03650,0.06009,0.01308,0.01186,0.01362,0.02428
0.01493,0.04755,0.00989,0.01464,0.01279,0.01150,0.04806,0.01340,0.01634,0.00993,0.15087,0.12063,0.15602,0.12150,0.03596,0.14459,0.01190,0.01201,0.01083,0.03668
0.01966,0.09928,0.01637,0.02265,0.01874,0.02084,0.10616,0.02033,0.03148,0.01749,0.06760,0.19093,0.17133,0.04595,0.02264,0.05672,0.01358,0.01402,0.01350,0.03074
0.02184,0.04540,0.00986,0.01949,0.01822,0.01925,0.05573,0.02104,0.02046,0.01810,0.14104,0.16820,0.17093,0.05591,0.02829,0.11444,0.01489,0.01401,0.01049,0.03242
0.01500,0.07336,0.01060,0.01432,0.01360,0.01675,0.08209,0.01576,0.02051,0.00839,0.06408,0.26695,0.17800,0.07030,0.03014,0.06043,0.01117,0.01027,0.01020,0.02805
0.02469,0.09373,0.01738,0.02530,0.01988,0.02004,0.09857,0.02151,0.03362,0.01555,0.10731,0.11231,0.13431,0.07011,0.03320,0.09450,0.01532,0.01961,0.01264,0.03044
0.02282,0.04955,0.01783,0.02560,0.02113,0.02522,0.05484,0.02140,0.02804,0.01711,0.10087,0.16216,0.14806,0.08006,0.03504,0.09321,0.02220,0.01724,0.01591,0.04174
0.03075,0.04716,0.03166,0.03207,0.03404,0.02517,0.04839,0.04338,0.03080,0.02760,0.07939,0.13056,0.12619,0.06768,0.05962,0.08747,0.02177,0.02089,0.01688,0.03852
0.02341,0.04470,0.02475,0.03444,0.03669,0.02926,0.05343,0.03837,0.03686,0.02270,0.05672,0.15129,0.16368,0.09957,0.03984,0.04772,0.01847,0.01533,0.02515,0.03759
0.02172,0.13843,0.01588,0.02152,0.01797,0.02413,0.15446,0.02364,0.03365,0.01894,0.09098,0.09933,0.09517,0.05284,0.03209,0.08217,0.01683,0.01728,0.01369,0.02927
0.02700,0.04949,0.02223,0.03603,0.02265,0.02403,0.04481,0.03352,0.03150,0.02456,0.09292,0.16185,0.15569,0.07512,0.03246,0.06583,0.02295,0.02144,0.01606,0.03986
0.02418,0.06141,0.01870,0.02535,0.02284,0.02514,0.07616,0.02183,0.03276,0.02321,0.08867,0.18882,0.16105,0.04696,0.03408,0.07746,0.01319,0.01357,0.01210,0.03253
0.03580,0.08807,0.02308,0.03324,0.02640,0.02568,0.08117,0.02679,0.03876,0.02562,0.08248,0.09932,0.10562,0.08877,0.03550,0.07695,0.01849,0.02652,0.01750,0.04424
0.02756,0.05911,0.01644,0.02034,0.02380,0.02689,0.07399,0.02141,0.02927,0.02173,0.05255,0.12893,0.15677,0.13833,0.04473,0.05756,0.01720,0.01785,0.01591,0.04962
0.02211,0.06594,0.01521,0.02417,0.02617,0.03064,0.09257,0.02309,0.02784,0.01721,0.04533,0.23690,0.16611,0.04715,0.03054,0.03929,0.01871,0.01286,0.01774,0.04042
0.03722,0.04197,0.01919,0.02520,0.02027,0.02439,0.03689,0.02303,0.03180,0.02600,0.09231,0.10427,0.13511,0.11461,0.06120,0.07618,0.02452,0.02490,0.02840,0.05252
0.02470,0.04479,0.01946,0.02269,0.02271,0.02320,0.04677,0.01992,0.02922,0.02200,0.10841,0.10591,0.15253,0.13336,0.03741,0.09681,0.01944,0.01639,0.01670,0.03761
0.02258,0.04250,0.02117,0.02706,0.02276,0.02604,0.04742,0.02481,0.03009,0.02604,0.13331,0.14519,0.14138,0.04425,0.05114,0.11464,0.01622,0.01572,0.01577,0.03191
0.02765,0.09727,0.01777,0.02312,0.03180,0.02173,0.10323,0.02956,0.03124,0.03026,0.09530,0.12200,0.11169,0.04346,0.04515,0.09265,0.01651,0.01700,0.01771,0.02490
0.01743,0.05756,0.01250,0.01774,0.01815,0.01727,0.06880,0.02385,0.02449,0.01861,0.10057,0.17798,0.15066,0.08263,0.03741,0.08400,0.01401,0.01882,0.01392,0.04362
0.02036,0.06663,0.01336,0.01838,0.01446,0.01665,0.07863,0.01534,0.02216,0.01586,0.09652,0.19930,0.16946,0.06221,0.03485,0.07866,0.01439,0.01951,0.01402,0.02925
0.02494,0.08576,0.01725,0.02476,0.02183,0.02114,0.09888,0.02925,0.02636,0.01790,0.08246,0.13858,0.13685,0.07740,0.02992,0.07417,0.01705,0.02120,0.01332,0.04097
0.02487,0.07846,0.01466,0.03048,0.01649,0.02735,0.07844,0.01710,0.02978,0.02617,0.03744,0.18629,0.14586,0.08947,0.04649,0.04196,0.02112,0.02312,0.01886,0.04560
