0.15468,0.19772,0.24363,0.04896,0.09620,0.12390,0.13491
0.09711,0.11144,0.25782,0.03684,0.25991,0.12503,0.11185
0.11306,0.21924,0.40454,0.03295,0.05760,0.08576,0.08686
0.12031,0.17518,0.19469,0.04493,0.27493,0.09609,0.09387
0.27212,0.08026,0.10342,0.04120,0.22001,0.14086,0.14212
0.22315,0.10274,0.20025,0.03148,0.07601,0.17860,0.18777
0.24485,0.13093,0.18195,0.03300,0.18512,0.11002,0.11414
0.08547,0.20934,0.24236,0.03755,0.10038,0.15765,0.16725
0.13455,0.14045,0.11990,0.04114,0.20892,0.18759,0.16746
0.08210,0.36957,0.25285,0.03460,0.10150,0.07599,0.08338
0.11054,0.12194,0.17427,0.05175,0.15561,0.17515,0.21075
0.17124,0.16691,0.21941,0.03263,0.22097,0.09120,0.09765
0.09211,0.08256,0.21639,0.02928,0.21252,0.19049,0.17664
0.17773,0.09957,0.14027,0.06921,0.32192,0.09476,0.09654
0.15221,0.14748,0.26323,0.03549,0.10252,0.14628,0.15278
0.13276,0.15908,0.31040,0.02757,0.16602,0.10188,0.10229
0.06897,0.17162,0.39860,0.01739,0.11966,0.10813,0.11562
0.11626,0.13365,0.18057,0.02774,0.10940,0.22238,0.21000
0.19852,0.28143,0.10898,0.02174,0.08941,0.15397,0.14595
0.18818,0.12381,0.16882,0.05452,0.30052,0.07881,0.08534
0.14266,0.16743,0.30614,0.02452,0.12979,0.11935,0.11010
0.09639,0.23720,0.15562,0.04993,0.15913,0.15232,0.14941
0.05641,0.18623,0.31352,0.01838,0.10152,0.14908,0.17485
0.10544,0.16689,0.22414,0.03221,0.22553,0.12007,0.12573
0.17731,0.17327,0.31411,0.03661,0.07108,0.11668,0.11094
0.21635,0.41875,0.14771,0.02603,0.08761,0.05003,0.05352
0.13499,0.18330,0.18234,0.06791,0.18644,0.12847,0.11655
0.07113,0.13231,0.10758,0.04023,0.08406,0.28204,0.28264
0.11544,0.17941,0.41553,0.02404,0.16597,0.04763,0.05198
0.08359,0.12969,0.15131,0.03894,0.08347,0.25306,0.25994
0.16261,0.15135,0.19282,0.04068,0.16139,0.15052,0.14064
0.09649,0.23737,0.32325,0.01574,0.08308,0.12053,0.12353
0.15561,0.10329,0.18965,0.03963,0.15583,0.17023,0.18576
0.18097,0.21678,0.22519,0.02289,0.09800,0.13465,0.12151
0.32108,0.25779,0.05298,0.02149,0.20075,0.07311,0.07279
0.13351,0.61176,0.12894,0.01140,0.05668,0.02897,0.02873
0.12015,0.13321,0.20426,0.03783,0.26492,0.11735,0.12229
0.13320,0.22823,0.26797,0.04019,0.18032,0.07824,0.07185
0.08299,0.24284,0.32764,0.02634,0.10929,0.10612,0.10478
0.03295,0.20854,0.21671,0.01092,0.04615,0.25190,0.23283
0.16416,0.24959,0.24969,0.03470,0.21171,0.04515,0.04499
0.10472,0.11795,0.23116,0.02503,0.18066,0.15291,0.18758
0.08124,0.28950,0.30122,0.04264,0.10030,0.09362,0.09148
0.08873,0.20699,0.20514,0.04130,0.11642,0.17164,0.16978
0.12867,0.11349,0.15677,0.03307,0.07429,0.21875,0.27496
0.15859,0.54915,0.09203,0.01566,0.05803,0.06401,0.06254
0.12522,0.17557,0.21359,0.04033,0.17368,0.14058,0.13102
0.09049,0.18333,0.23720,0.02894,0.14095,0.15160,0.16749
0.13761,0.16800,0.35960,0.01644,0.09331,0.11076,0.11428
0.15538,0.17690,0.16604,0.01940,0.15992,0.15993,0.16243
0.04412,0.19044,0.16829,0.01807,0.05495,0.27148,0.25266
0.13534,0.10466,0.11706,0.03996,0.10809,0.25590,0.23900
0.09839,0.10228,0.24748,0.03057,0.18246,0.16691,0.17192
0.09997,0.24373,0.39610,0.01775,0.09384,0.07246,0.07615
0.05924,0.07240,0.08582,0.02010,0.07670,0.37186,0.31389
0.09894,0.18147,0.35129,0.01852,0.18159,0.08597,0.08221
0.10724,0.18212,0.20881,0.03093,0.09254,0.18529,0.19307
0.44774,0.08145,0.20896,0.02098,0.06742,0.08513,0.08833
0.10486,0.14325,0.33520,0.01690,0.11339,0.14460,0.14179
0.14633,0.21751,0.21134,0.01798,0.11852,0.14918,0.13914
0.07795,0.24890,0.26473,0.02613,0.13872,0.12379,0.11978
0.10686,0.17557,0.18577,0.03692,0.17455,0.16563,0.15469
0.11975,0.37291,0.25038,0.03475,0.08196,0.07043,0.06982
0.14039,0.18754,0.15845,0.11751,0.10956,0.14693,0.13963
0.09455,0.13379,0.17953,0.03973,0.12692,0.22980,0.19569
0.21166,0.33123,0.14047,0.02319,0.16450,0.06259,0.06636
0.11309,0.35697,0.22259,0.03639,0.07499,0.09707,0.09889
0.20021,0.23127,0.10022,0.03055,0.13042,0.16071,0.14662
0.11353,0.10144,0.19743,0.03054,0.22401,0.18318,0.14988
0.10949,0.18863,0.33756,0.02344,0.17811,0.07793,0.08486
0.07634,0.22034,0.26468,0.02333,0.12387,0.14814,0.14328
0.13460,0.09096,0.35041,0.01720,0.09287,0.15370,0.16026
0.07809,0.15353,0.15320,0.03033,0.13372,0.21592,0.23520
0.14876,0.28189,0.19204,0.06964,0.08058,0.11260,0.11449
0.12034,0.11924,0.26328,0.05817,0.12613,0.15908,0.15375
0.09942,0.16736,0.27895,0.03062,0.11002,0.15803,0.15560
0.11813,0.12018,0.18317,0.06548,0.33332,0.08996,0.08976
0.15119,0.20155,0.25559,0.02085,0.17641,0.10243,0.09198
0.17531,0.14407,0.26041,0.04028,0.13234,0.12035,0.12723
0.05428,0.24112,0.39819,0.02341,0.04826,0.10947,0.12527
0.12853,0.26642,0.26805,0.03136,0.10879,0.09653,0.10032
0.11731,0.12103,0.24121,0.02359,0.19789,0.14565,0.15332
0.12629,0.24925,0.21160,0.06953,0.12156,0.11097,0.11078
0.06959,0.07563,0.32139,0.01974,0.28301,0.11978,0.11087
0.08865,0.21619,0.27617,0.06358,0.18070,0.08516,0.08954
0.15991,0.30780,0.14145,0.03495,0.08353,0.13952,0.13284
0.17112,0.08468,0.20699,0.02330,0.25475,0.12476,0.13439
0.12759,0.14345,0.16790,0.03279,0.11070,0.18917,0.22839
0.13621,0.18898,0.24506,0.03603,0.12528,0.13746,0.13098
0.19665,0.41664,0.11507,0.02122,0.12046,0.06286,0.06711
0.17429,0.25347,0.25669,0.03916,0.06661,0.10461,0.10517
0.14124,0.21732,0.24413,0.03755,0.19068,0.08136,0.08772
0.09554,0.17460,0.40577,0.02003,0.16224,0.07318,0.06865
0.17251,0.36320,0.12006,0.02746,0.13942,0.08814,0.08920
0.11437,0.10702,0.27645,0.01970,0.10770,0.18617,0.18859
0.22275,0.40314,0.12167,0.02132,0.13433,0.04745,0.04934
0.08759,0.32531,0.22172,0.04197,0.08601,0.11223,0.12517
0.23433,0.27971,0.12483,0.03502,0.11616,0.10327,0.10668
0.24143,0.12181,0.30729,0.02295,0.09025,0.10493,0.11134
0.14172,0.18326,0.25192,0.03262,0.10003,0.15321,0.13724
