0.17324,0.06706,0.03896,0.05757,0.04804,0.02964,0.04665,0.07443,0.07532,0.03566,0.06192,0.03631,0.04790,0.02755,0.02459,0.15515
0.05161,0.09779,0.03315,0.09059,0.08828,0.07888,0.08975,0.04818,0.07235,0.04635,0.05490,0.05303,0.06694,0.03951,0.03163,0.05705
0.12681,0.07159,0.06161,0.01981,0.14707,0.02247,0.02058,0.02897,0.06530,0.03793,0.03928,0.03914,0.17149,0.01969,0.01832,0.10994
0.08712,0.08032,0.05843,0.02725,0.06540,0.07652,0.05283,0.09084,0.09248,0.05781,0.06103,0.06076,0.06321,0.03570,0.03728,0.05303
0.05143,0.03302,0.03144,0.21112,0.08453,0.03055,0.17550,0.05308,0.05291,0.03501,0.03154,0.02507,0.11328,0.02466,0.01753,0.02931
0.02878,0.10973,0.02901,0.17190,0.12665,0.04227,0.09051,0.03343,0.04268,0.02129,0.03161,0.04971,0.13629,0.02520,0.04290,0.01806
0.05708,0.05040,0.11441,0.05911,0.10056,0.06105,0.07805,0.05464,0.03991,0.03524,0.05202,0.06758,0.10718,0.03641,0.03742,0.04893
0.05220,0.04659,0.04087,0.09572,0.12414,0.03579,0.09049,0.05609,0.06827,0.06779,0.05742,0.05434,0.10632,0.03784,0.03402,0.03212
0.05242,0.28381,0.02735,0.03372,0.05726,0.02106,0.02538,0.02304,0.31361,0.01498,0.02468,0.01214,0.05827,0.01407,0.00906,0.02912
0.05410,0.04435,0.02251,0.01305,0.29458,0.02441,0.02386,0.02365,0.03425,0.01740,0.02023,0.01464,0.33930,0.02756,0.01558,0.03051
0.08403,0.23157,0.02174,0.01868,0.03134,0.07564,0.02345,0.03713,0.25370,0.01788,0.02109,0.03742,0.02677,0.03851,0.03215,0.04889
0.05885,0.12758,0.05501,0.03927,0.11385,0.05660,0.03933,0.04562,0.11477,0.04321,0.03143,0.05091,0.11000,0.03155,0.02706,0.05497
0.06950,0.04316,0.03723,0.01533,0.09029,0.06715,0.03522,0.05756,0.05603,0.05090,0.06116,0.06434,0.08411,0.11153,0.12123,0.03527
0.11340,0.09760,0.06459,0.02730,0.14244,0.03573,0.04893,0.03332,0.08993,0.02429,0.03269,0.03568,0.13951,0.02575,0.01700,0.07184
0.10764,0.03974,0.21529,0.05326,0.03745,0.04892,0.12267,0.06183,0.02626,0.02993,0.07354,0.03456,0.02465,0.03315,0.02324,0.06788
0.03658,0.03511,0.02799,0.04089,0.26422,0.02355,0.03674,0.03452,0.02798,0.01959,0.03341,0.04942,0.30706,0.02400,0.01218,0.02676
0.06224,0.19208,0.04610,0.03708,0.04420,0.05266,0.05222,0.06477,0.19234,0.03011,0.04895,0.03480,0.03256,0.03080,0.02865,0.05041
0.04117,0.08443,0.02443,0.05192,0.06088,0.17698,0.05682,0.04084,0.11073,0.03810,0.04002,0.05678,0.05532,0.07373,0.05648,0.03138
0.04132,0.18482,0.01707,0.03086,0.17881,0.02321,0.02054,0.01773,0.17754,0.01497,0.01666,0.01987,0.19250,0.01810,0.01461,0.03139
0.07948,0.15106,0.01769,0.02133,0.09078,0.02329,0.05053,0.08098,0.15306,0.03275,0.07886,0.02228,0.09459,0.02585,0.03633,0.04116
0.05100,0.05034,0.03405,0.04755,0.06313,0.03227,0.08551,0.17965,0.04024,0.02212,0.20800,0.02826,0.04920,0.02476,0.05645,0.02747
0.02493,0.27873,0.01475,0.02574,0.03055,0.07813,0.03403,0.03567,0.29376,0.02151,0.03187,0.02617,0.02433,0.03768,0.02867,0.01348
0.08506,0.13494,0.25841,0.02323,0.03976,0.02529,0.08653,0.01323,0.15210,0.01141,0.01452,0.02852,0.03037,0.01229,0.01168,0.07268
0.04964,0.27153,0.02462,0.02222,0.04327,0.04233,0.03140,0.03143,0.29947,0.03356,0.02592,0.02866,0.02918,0.02076,0.01513,0.03089
0.06087,0.26746,0.02080,0.01562,0.07826,0.02268,0.01883,0.02139,0.28739,0.01961,0.02791,0.01702,0.06083,0.01210,0.01242,0.05681
0.07134,0.07322,0.02823,0.08080,0.09773,0.03432,0.08555,0.06102,0.09605,0.05418,0.06946,0.04176,0.08602,0.03309,0.03019,0.05705
0.04624,0.12765,0.02069,0.04800,0.15176,0.03110,0.03057,0.04612,0.13391,0.01928,0.06138,0.01775,0.16332,0.05256,0.03235,0.01730
0.03765,0.29301,0.03020,0.21996,0.07484,0.04360,0.01540,0.01259,0.07312,0.02121,0.02097,0.01174,0.07177,0.03444,0.01651,0.02299
0.03407,0.06589,0.03543,0.26732,0.06274,0.03527,0.21353,0.03047,0.05258,0.02610,0.02588,0.02468,0.05277,0.02752,0.02182,0.02393
0.13014,0.03850,0.05109,0.03625,0.10767,0.03152,0.05140,0.07710,0.03216,0.04644,0.03811,0.04135,0.16531,0.03543,0.04202,0.07551
0.08113,0.04331,0.03645,0.05571,0.10275,0.13961,0.05712,0.03344,0.06558,0.03070,0.04218,0.04379,0.07816,0.06766,0.07157,0.05084
0.03253,0.26817,0.02703,0.02268,0.03121,0.04450,0.02925,0.03339,0.30962,0.03352,0.04495,0.02267,0.02887,0.03292,0.01992,0.01876
0.04561,0.06696,0.05072,0.08476,0.09591,0.12006,0.04446,0.06021,0.04319,0.03208,0.06018,0.07423,0.07982,0.05544,0.05966,0.02669
0.14227,0.10428,0.02995,0.03139,0.06973,0.04996,0.02803,0.07103,0.07560,0.05381,0.06024,0.02828,0.06661,0.04704,0.04840,0.09339
0.09090,0.08160,0.03186,0.02050,0.09761,0.07552,0.04718,0.08167,0.07269,0.06620,0.05817,0.04460,0.11342,0.03616,0.03409,0.04782
0.02846,0.05803,0.02128,0.04257,0.23439,0.03000,0.03556,0.04497,0.06024,0.02747,0.03193,0.05237,0.26880,0.02180,0.02065,0.02149
0.06053,0.04835,0.02562,0.02128,0.18530,0.07055,0.03098,0.05097,0.03857,0.04021,0.03474,0.04420,0.19905,0.05569,0.04918,0.04480
0.04478,0.05701,0.03616,0.08605,0.05990,0.03938,0.06230,0.13857,0.05140,0.04103,0.19285,0.03301,0.04589,0.03257,0.05599,0.02312
0.06070,0.19652,0.01577,0.04097,0.10167,0.02841,0.04360,0.04466,0.21294,0.01868,0.04832,0.02400,0.09510,0.01402,0.01908,0.03555
0.07698,0.22737,0.04914,0.11879,0.06263,0.04796,0.03136,0.04185,0.09415,0.04626,0.02294,0.03972,0.06267,0.01970,0.01609,0.04238
0.05428,0.13695,0.11479,0.03199,0.05086,0.03214,0.07122,0.08783,0.11658,0.02273,0.08425,0.02892,0.06405,0.02703,0.02588,0.05051
0.04389,0.18644,0.01632,0.02840,0.06937,0.12654,0.01071,0.01950,0.23827,0.02603,0.02323,0.04179,0.04664,0.05176,0.04140,0.02971
0.04087,0.16266,0.03899,0.02452,0.17436,0.01890,0.02066,0.02257,0.19092,0.01723,0.02553,0.01779,0.18369,0.01735,0.01275,0.03121
0.05233,0.06539,0.07049,0.10781,0.05558,0.08851,0.07045,0.03835,0.07241,0.05472,0.05471,0.05611,0.03594,0.05995,0.08716,0.03008
0.07496,0.09825,0.04875,0.13201,0.05476,0.06067,0.08549,0.04925,0.05994,0.04342,0.06365,0.04479,0.03674,0.03888,0.03817,0.07027
0.05410,0.12304,0.05185,0.05020,0.04934,0.13815,0.03441,0.05070,0.09844,0.03521,0.06527,0.05640,0.02752,0.04828,0.07907,0.03803
0.06117,0.10581,0.03153,0.03298,0.05467,0.08502,0.02879,0.06825,0.11633,0.06040,0.09013,0.06749,0.03873,0.03420,0.04405,0.08046
0.06662,0.02953,0.07086,0.03634,0.12489,0.03923,0.06313,0.05014,0.03361,0.05150,0.05167,0.05122,0.20089,0.05960,0.02517,0.04559
0.04601,0.15964,0.02838,0.22180,0.05127,0.03429,0.08887,0.05009,0.04792,0.02622,0.04282,0.03232,0.05416,0.02363,0.02284,0.06972
0.17848,0.09580,0.03936,0.03256,0.12552,0.03080,0.02955,0.03001,0.07484,0.01839,0.02126,0.02417,0.11959,0.01434,0.01384,0.15150
0.06789,0.03532,0.04116,0.19499,0.05495,0.05435,0.10731,0.07507,0.04573,0.05767,0.05345,0.03093,0.06400,0.03232,0.03355,0.05132
0.03697,0.04806,0.16420,0.04245,0.04326,0.11820,0.09914,0.05001,0.05506,0.03418,0.06560,0.04897,0.03905,0.07150,0.05448,0.02887
0.02358,0.07153,0.02113,0.01758,0.07675,0.28640,0.02918,0.02200,0.04510,0.04865,0.02168,0.07812,0.04549,0.10964,0.08279,0.02040
0.10373,0.19804,0.02514,0.06658,0.05339,0.06794,0.02233,0.04489,0.13732,0.02827,0.04618,0.03746,0.03246,0.03172,0.03890,0.06564
0.07274,0.08116,0.04624,0.02416,0.06164,0.07184,0.07135,0.10500,0.07981,0.05775,0.06021,0.04194,0.07633,0.05375,0.04750,0.04859
0.07079,0.05406,0.05380,0.04997,0.09211,0.09201,0.06624,0.07835,0.04337,0.06238,0.04750,0.04961,0.08789,0.06839,0.05129,0.03226
0.12886,0.05664,0.03599,0.02328,0.18418,0.03967,0.02738,0.04233,0.04194,0.03419,0.03778,0.03782,0.17460,0.01839,0.01893,0.09803
0.21634,0.08343,0.04180,0.03431,0.06849,0.03077,0.04630,0.03711,0.07013,0.02300,0.03790,0.03355,0.05941,0.02694,0.02937,0.16116
0.06606,0.17920,0.07055,0.05052,0.08409,0.02994,0.03920,0.02537,0.19285,0.02181,0.03506,0.03345,0.08022,0.02918,0.02442,0.03810
0.03001,0.23887,0.02598,0.02358,0.06436,0.04061,0.01887,0.03158,0.27043,0.02917,0.02893,0.04755,0.07080,0.02559,0.02213,0.03154
0.03755,0.06090,0.02935,0.07087,0.14811,0.12900,0.04998,0.02704,0.06112,0.03284,0.03646,0.05849,0.11504,0.06085,0.05555,0.02685
0.04081,0.02915,0.05597,0.04575,0.25758,0.03868,0.05282,0.03133,0.02110,0.02128,0.03462,0.03110,0.27030,0.03146,0.01973,0.01831
0.06703,0.11092,0.03858,0.12605,0.10018,0.07559,0.04150,0.03766,0.05067,0.04812,0.03663,0.04082,0.10216,0.05011,0.04305,0.03094
0.06457,0.10740,0.03857,0.02654,0.17032,0.04531,0.04451,0.03451,0.11500,0.02116,0.02641,0.03672,0.17842,0.02482,0.02033,0.04539
0.11086,0.10843,0.03692,0.02723,0.06041,0.08971,0.03071,0.05099,0.12771,0.04492,0.04769,0.04691,0.05996,0.03826,0.03696,0.08234
0.11453,0.23964,0.02537,0.01524,0.07629,0.01400,0.01380,0.02012,0.24336,0.01715,0.01672,0.01374,0.07332,0.01152,0.01213,0.09306
0.07949,0.08524,0.20737,0.04175,0.06254,0.03910,0.10092,0.03580,0.07343,0.01995,0.04566,0.03056,0.05308,0.04315,0.02923,0.05275
0.05914,0.11314,0.02487,0.03718,0.05985,0.02622,0.08076,0.15009,0.11175,0.01915,0.14700,0.02595,0.06072,0.02228,0.03300,0.02891
0.03760,0.09549,0.03844,0.05005,0.18526,0.02993,0.04470,0.03699,0.09467,0.02883,0.04178,0.04180,0.20100,0.02303,0.01644,0.03401
0.06111,0.07438,0.03358,0.04886,0.17481,0.02930,0.03538,0.03072,0.10538,0.03027,0.03883,0.03993,0.19669,0.02039,0.01770,0.06266
0.10194,0.07138,0.03975,0.09952,0.07914,0.02797,0.05681,0.06190,0.09644,0.04767,0.05275,0.04367,0.08500,0.04101,0.03639,0.05863
0.07190,0.07095,0.04125,0.03131,0.03932,0.03654,0.03745,0.08039,0.20849,0.05876,0.07331,0.08550,0.04573,0.04491,0.03252,0.04169
0.11702,0.04724,0.03669,0.03116,0.07749,0.05761,0.03170,0.09336,0.04754,0.07410,0.08607,0.07215,0.10250,0.03201,0.03827,0.05511
0.07601,0.17288,0.03541,0.02309,0.03789,0.08204,0.03736,0.03545,0.18783,0.05442,0.03628,0.04462,0.02293,0.05813,0.02726,0.06837
0.04578,0.09882,0.03076,0.07088,0.15079,0.03605,0.05623,0.04368,0.08894,0.02761,0.05266,0.05494,0.15094,0.02214,0.03227,0.03752
0.06028,0.12406,0.03590,0.05538,0.07561,0.03179,0.05134,0.04967,0.14656,0.02187,0.07451,0.03344,0.07110,0.07801,0.04973,0.04076
0.06855,0.10322,0.03425,0.03768,0.06882,0.06377,0.03608,0.06894,0.12894,0.07109,0.07007,0.07731,0.05141,0.03512,0.03755,0.04720
0.16112,0.04621,0.09718,0.03342,0.08311,0.04985,0.05452,0.03070,0.05409,0.03780,0.04898,0.04846,0.10126,0.03024,0.03204,0.09102
0.05384,0.19440,0.01516,0.03374,0.12512,0.01804,0.02761,0.03692,0.21129,0.01892,0.04250,0.01963,0.13902,0.02402,0.01680,0.02300
0.07867,0.11509,0.05215,0.07062,0.05459,0.04752,0.10793,0.04089,0.15044,0.02564,0.03198,0.03279,0.07792,0.02951,0.02416,0.06009
0.05604,0.09510,0.04827,0.01519,0.16941,0.02821,0.02989,0.03055,0.09599,0.02592,0.04109,0.03089,0.19472,0.05283,0.03402,0.05188
0.11863,0.03768,0.10368,0.03347,0.07711,0.11418,0.05800,0.06970,0.05070,0.05894,0.04185,0.06317,0.03467,0.03631,0.02971,0.07219
0.16271,0.04226,0.07154,0.07371,0.04011,0.07760,0.08809,0.03217,0.05783,0.02931,0.04871,0.03134,0.02367,0.05598,0.05700,0.10797
0.09232,0.07508,0.02926,0.03267,0.08311,0.08598,0.02772,0.05098,0.07158,0.06073,0.06659,0.04198,0.06421,0.09909,0.05174,0.06696
0.03589,0.02189,0.28308,0.07303,0.07538,0.04849,0.15073,0.02872,0.04676,0.02436,0.06106,0.02886,0.04683,0.03372,0.02182,0.01940
0.05475,0.09876,0.09459,0.04341,0.14393,0.02644,0.08206,0.03040,0.08830,0.02293,0.02541,0.02557,0.17484,0.02955,0.01628,0.04278
0.04539,0.05024,0.10145,0.09699,0.05021,0.04758,0.11400,0.08099,0.07921,0.04036,0.05133,0.05567,0.06455,0.05129,0.02898,0.04177
0.03156,0.03011,0.03246,0.24356,0.06130,0.04871,0.20234,0.03250,0.04984,0.04225,0.03324,0.04855,0.05004,0.04165,0.02995,0.02194
0.08788,0.07334,0.06335,0.04947,0.05998,0.02299,0.05761,0.09185,0.10626,0.02666,0.09236,0.04635,0.07006,0.02507,0.03666,0.09011
0.05158,0.05258,0.03214,0.24632,0.04711,0.03649,0.24571,0.03553,0.04791,0.02231,0.02977,0.03089,0.04449,0.01872,0.01457,0.04388
0.05822,0.15337,0.03641,0.05623,0.07976,0.04689,0.06119,0.03902,0.16174,0.03587,0.03416,0.06080,0.07546,0.02663,0.02165,0.05262
0.06410,0.19752,0.02620,0.04449,0.07478,0.02201,0.04012,0.05733,0.19925,0.01828,0.06130,0.01867,0.08458,0.01323,0.02249,0.05564
0.03618,0.04841,0.03981,0.15104,0.14276,0.02514,0.10575,0.02810,0.04463,0.03605,0.02883,0.07861,0.15486,0.03323,0.01952,0.02709
0.03731,0.03758,0.01409,0.02091,0.33711,0.03293,0.01085,0.01807,0.03437,0.01180,0.01348,0.01210,0.37591,0.01422,0.01163,0.01766
0.05747,0.31381,0.02606,0.02729,0.03187,0.01782,0.01524,0.01650,0.35311,0.01141,0.01589,0.01362,0.03271,0.01299,0.01345,0.04076
0.03041,0.15671,0.04779,0.06733,0.05300,0.02478,0.08023,0.11444,0.11513,0.02292,0.11350,0.03067,0.04214,0.03525,0.04781,0.01790
0.17453,0.05795,0.02390,0.04835,0.10859,0.02354,0.04912,0.05880,0.06194,0.02532,0.03334,0.03562,0.11990,0.02141,0.02201,0.13568
0.06121,0.13478,0.03447,0.03329,0.03307,0.02429,0.06165,0.12510,0.13454,0.02997,0.13987,0.02116,0.03204,0.04401,0.05433,0.03624
0.05042,0.06135,0.02911,0.03351,0.19834,0.02799,0.04211,0.05989,0.08400,0.02885,0.05854,0.03407,0.21256,0.02932,0.02455,0.02538
0.06029,0.08170,0.10290,0.02098,0.04086,0.06094,0.04728,0.11141,0.08243,0.07079,0.09063,0.07791,0.05345,0.02835,0.03159,0.03849
0.14710,0.08103,0.03173,0.02437,0.11144,0.06366,0.02548,0.03951,0.09572,0.03206,0.02663,0.05703,0.07980,0.03395,0.03927,0.11122
0.24472,0.08881,0.08293,0.05698,0.02896,0.05522,0.04378,0.01878,0.05065,0.02420,0.01819,0.02174,0.01974,0.03157,0.02077,0.19295
0.03924,0.04752,0.03127,0.05211,0.18055,0.05812,0.03796,0.05369,0.05202,0.04008,0.03348,0.05723,0.20427,0.04464,0.03980,0.02803
0.06944,0.14841,0.11923,0.03924,0.07867,0.03883,0.05555,0.04934,0.14095,0.02784,0.04391,0.02566,0.07528,0.02443,0.02483,0.03839
0.25245,0.10074,0.04347,0.01963,0.02690,0.05099,0.03265,0.04282,0.07775,0.03719,0.02686,0.02807,0.02113,0.02646,0.02750,0.18539
0.04180,0.21616,0.02145,0.07383,0.07528,0.03884,0.03588,0.05737,0.19468,0.02135,0.05917,0.03854,0.04345,0.01976,0.03080,0.03164
0.05973,0.11273,0.05771,0.06423,0.10960,0.03354,0.07982,0.04377,0.13130,0.02801,0.05101,0.03561,0.10547,0.01749,0.01874,0.05125
0.05112,0.03457,0.11216,0.02850,0.20587,0.03946,0.07451,0.02676,0.03437,0.02066,0.02324,0.03226,0.23950,0.03152,0.01910,0.02640
0.04627,0.06753,0.01231,0.01085,0.26593,0.01060,0.01317,0.03342,0.08991,0.01393,0.02747,0.01280,0.31081,0.03462,0.01814,0.03222
0.10039,0.09612,0.03805,0.01563,0.18293,0.01316,0.02870,0.05296,0.08320,0.02133,0.04336,0.02431,0.19470,0.01517,0.01906,0.07092
0.22145,0.07995,0.03327,0.03444,0.08755,0.03302,0.01597,0.02913,0.06701,0.02660,0.03497,0.02301,0.09038,0.03535,0.02583,0.16209
0.06198,0.13540,0.03427,0.05309,0.08572,0.03343,0.03963,0.03875,0.16893,0.09466,0.04691,0.02888,0.07850,0.02921,0.02700,0.04366
0.03411,0.14624,0.04226,0.14816,0.15862,0.04838,0.05528,0.02211,0.04104,0.02030,0.02456,0.02203,0.16572,0.03125,0.02043,0.01952
0.07026,0.14730,0.02356,0.02889,0.12287,0.03571,0.03864,0.03506,0.15712,0.02994,0.03050,0.03669,0.13998,0.03690,0.01643,0.05015
0.22805,0.05387,0.04669,0.05898,0.05175,0.02142,0.04920,0.05935,0.04096,0.02408,0.04843,0.03373,0.04430,0.02636,0.02699,0.18585
0.06239,0.15223,0.03263,0.03565,0.09104,0.03689,0.04276,0.03947,0.17592,0.03369,0.03302,0.04108,0.10798,0.04514,0.02980,0.04030
0.05520,0.25549,0.01937,0.12820,0.05184,0.11690,0.01635,0.02385,0.09991,0.02549,0.02579,0.02882,0.03992,0.04136,0.03393,0.03759
0.05777,0.05829,0.05425,0.07611,0.17265,0.02893,0.06903,0.05359,0.04910,0.03102,0.03742,0.02568,0.19663,0.02276,0.02471,0.04206
0.14319,0.06250,0.03474,0.04355,0.11276,0.03847,0.03235,0.05387,0.05028,0.04395,0.03686,0.03422,0.15465,0.03217,0.03584,0.09061
0.03036,0.20304,0.01975,0.03369,0.15423,0.02843,0.02511,0.02264,0.21806,0.01532,0.02049,0.01240,0.16684,0.01711,0.01254,0.01999
0.04618,0.11236,0.08721,0.09923,0.06613,0.11534,0.10780,0.03866,0.04575,0.03342,0.03237,0.04762,0.04210,0.05183,0.03925,0.03476
0.05200,0.07102,0.03292,0.05309,0.08125,0.12258,0.04915,0.04348,0.07376,0.03524,0.04058,0.08696,0.09307,0.07260,0.06176,0.03054
0.06041,0.12680,0.03007,0.09096,0.05134,0.02560,0.05142,0.09616,0.08435,0.03203,0.13347,0.02361,0.04172,0.06592,0.05209,0.03407
0.06051,0.20035,0.02597,0.04649,0.06551,0.01991,0.03872,0.06878,0.19053,0.01816,0.06570,0.02486,0.06113,0.02469,0.04202,0.04667
0.06632,0.08236,0.04074,0.12719,0.11732,0.03793,0.06146,0.07054,0.03988,0.03824,0.04270,0.04199,0.14703,0.03670,0.03248,0.01713
0.04176,0.08357,0.02162,0.16803,0.07546,0.03659,0.09112,0.04040,0.14858,0.02508,0.02825,0.06703,0.08105,0.02861,0.03117,0.03168
0.02916,0.13736,0.06790,0.05291,0.05741,0.06716,0.06495,0.07288,0.12668,0.03188,0.05999,0.04348,0.05814,0.05589,0.04801,0.02619
0.06564,0.19552,0.04843,0.10204,0.08238,0.03783,0.04505,0.03430,0.13834,0.02028,0.02727,0.02626,0.08805,0.01765,0.01910,0.05188
0.15925,0.11531,0.02753,0.03710,0.10092,0.03140,0.02647,0.03429,0.10270,0.03480,0.03363,0.02360,0.09270,0.02991,0.02312,0.12727
0.12788,0.04308,0.04191,0.09846,0.06098,0.03626,0.06625,0.07994,0.06330,0.03430,0.05222,0.05145,0.06485,0.02726,0.04037,0.11147
0.03505,0.19893,0.02254,0.03287,0.14129,0.03124,0.02444,0.02167,0.19375,0.02029,0.03062,0.02466,0.15552,0.02494,0.01477,0.02742
0.13069,0.11697,0.02581,0.03738,0.07138,0.04456,0.05532,0.04043,0.10896,0.05852,0.03508,0.03089,0.08755,0.03489,0.03188,0.08965
0.02372,0.10353,0.02026,0.04430,0.07179,0.12613,0.04395,0.08271,0.10038,0.05729,0.08637,0.05336,0.04251,0.06503,0.05946,0.01921
0.04599,0.04486,0.01240,0.01950,0.30877,0.04630,0.01255,0.01667,0.04734,0.01283,0.01775,0.01207,0.34674,0.01745,0.01462,0.02417
0.06585,0.11592,0.04718,0.03543,0.15289,0.03939,0.02642,0.03486,0.10200,0.03083,0.03335,0.03052,0.15593,0.03331,0.02472,0.07140
0.08001,0.06241,0.03328,0.04255,0.10642,0.09132,0.04727,0.05298,0.05908,0.04810,0.04750,0.05660,0.12839,0.05447,0.03811,0.05151
0.08986,0.10554,0.05156,0.04257,0.11437,0.03901,0.04659,0.04997,0.09947,0.03766,0.04342,0.04571,0.11061,0.02415,0.02472,0.07479
0.09935,0.07708,0.02107,0.04132,0.18573,0.01981,0.04754,0.04241,0.06479,0.01945,0.04844,0.02595,0.20322,0.02087,0.01856,0.06438
0.05042,0.25810,0.01387,0.10582,0.05989,0.03687,0.01964,0.03112,0.22463,0.02096,0.03872,0.01532,0.05676,0.01858,0.02004,0.02926
0.02863,0.03446,0.03717,0.04094,0.27716,0.01683,0.03575,0.02112,0.04426,0.01809,0.02621,0.03314,0.32414,0.01670,0.01723,0.02816
0.06541,0.07797,0.02936,0.03142,0.06313,0.09653,0.03284,0.08461,0.08900,0.05562,0.11209,0.06725,0.06411,0.03914,0.05426,0.03726
0.17898,0.05030,0.03533,0.02967,0.09635,0.09459,0.03023,0.04690,0.04185,0.03651,0.04854,0.05051,0.06949,0.03593,0.02914,0.12568
0.08264,0.12730,0.05110,0.02158,0.08879,0.03742,0.03524,0.04865,0.14627,0.04853,0.06850,0.04118,0.08802,0.02568,0.02607,0.06303
0.08516,0.13232,0.03407,0.11467,0.09550,0.04284,0.03895,0.07131,0.05656,0.02225,0.04828,0.02908,0.12359,0.02722,0.02497,0.05323
0.05491,0.08538,0.02819,0.04148,0.09934,0.15307,0.02470,0.04654,0.08295,0.03886,0.04353,0.06541,0.07622,0.05728,0.05775,0.04440
0.05449,0.20237,0.06412,0.04023,0.06973,0.07062,0.03899,0.04121,0.17902,0.02264,0.03586,0.03715,0.04607,0.02216,0.02852,0.04681
0.06955,0.12535,0.02055,0.02475,0.15075,0.03091,0.02260,0.03227,0.13912,0.03028,0.04726,0.03395,0.16742,0.02671,0.01945,0.05908
0.05512,0.21633,0.02470,0.02564,0.09433,0.01968,0.02649,0.03769,0.25066,0.02896,0.03323,0.02413,0.10257,0.01422,0.01522,0.03103
0.12818,0.06905,0.07268,0.03812,0.12411,0.03985,0.05066,0.04365,0.04831,0.03942,0.02538,0.04179,0.14939,0.02711,0.02035,0.08194
0.09939,0.02629,0.05844,0.03100,0.14325,0.03301,0.04399,0.06055,0.03796,0.04560,0.05737,0.05826,0.17820,0.04548,0.04633,0.03488
0.04799,0.10531,0.04675,0.04022,0.10325,0.06629,0.04404,0.07879,0.09599,0.04346,0.06127,0.03458,0.08802,0.06466,0.03514,0.04424
0.04643,0.03353,0.03476,0.27425,0.07314,0.01634,0.23783,0.02283,0.04160,0.03421,0.02069,0.01920,0.07291,0.01441,0.02094,0.03693
0.04114,0.14913,0.02768,0.19266,0.06062,0.04781,0.04558,0.05888,0.03747,0.02870,0.06259,0.05965,0.08766,0.04107,0.03813,0.02122
0.09938,0.10279,0.02907,0.04679,0.07529,0.06283,0.04304,0.05383,0.11310,0.04762,0.04881,0.05756,0.07274,0.03372,0.03993,0.07351
0.13910,0.05705,0.07026,0.03353,0.12263,0.04975,0.04253,0.03279,0.04655,0.02690,0.03010,0.03489,0.12542,0.06362,0.04321,0.08168
0.08102,0.12376,0.07394,0.01298,0.11500,0.02994,0.02890,0.02851,0.13858,0.03099,0.04749,0.03117,0.13806,0.02942,0.02322,0.06702
0.02413,0.20165,0.02799,0.03998,0.13814,0.02722,0.02593,0.03475,0.19938,0.02909,0.04433,0.02525,0.11694,0.02287,0.01926,0.02311
0.03262,0.09377,0.02941,0.04407,0.08356,0.03036,0.08299,0.13126,0.10454,0.02671,0.14153,0.03844,0.07836,0.02058,0.03238,0.02943
0.03026,0.30577,0.00894,0.02875,0.08235,0.01364,0.01461,0.01935,0.33217,0.01003,0.01931,0.01222,0.07773,0.01335,0.01263,0.01888
0.05429,0.04810,0.26731,0.06087,0.03662,0.08538,0.15313,0.03674,0.02507,0.01982,0.02108,0.04077,0.02963,0.04857,0.03886,0.03377
0.05502,0.08520,0.03424,0.07665,0.03737,0.24181,0.02166,0.03946,0.04270,0.01718,0.03540,0.07855,0.01313,0.09014,0.10909,0.02240
0.05094,0.22991,0.03965,0.17181,0.05501,0.08605,0.03949,0.02072,0.08008,0.02101,0.02258,0.03638,0.04379,0.03962,0.02064,0.04231
0.13977,0.10226,0.04526,0.09165,0.10648,0.04582,0.03848,0.04179,0.04149,0.02911,0.03974,0.02944,0.09986,0.02858,0.03185,0.08843
0.07467,0.09587,0.02908,0.02148,0.14539,0.03896,0.02979,0.03004,0.12362,0.02808,0.02044,0.02703,0.19037,0.06939,0.02908,0.04672
0.07992,0.06449,0.04433,0.11719,0.08018,0.03551,0.09426,0.08156,0.07238,0.05125,0.07085,0.02948,0.05989,0.02826,0.02585,0.06459
0.03894,0.07118,0.03961,0.04883,0.11799,0.05424,0.07096,0.09371,0.06050,0.03972,0.04944,0.06058,0.14848,0.04138,0.03833,0.02612
0.06381,0.17944,0.01750,0.01890,0.12964,0.01498,0.03953,0.03239,0.21356,0.00827,0.05207,0.01817,0.14193,0.01352,0.01675,0.03955
0.05226,0.02332,0.01984,0.06235,0.17502,0.04950,0.06626,0.06254,0.04526,0.04673,0.03915,0.02899,0.22087,0.04279,0.03696,0.02817
0.08124,0.06797,0.04951,0.07786,0.10346,0.09348,0.03397,0.04772,0.06517,0.04424,0.03949,0.05990,0.08343,0.05295,0.06249,0.03711
0.20746,0.08300,0.06214,0.03473,0.05095,0.02533,0.04005,0.02777,0.07498,0.02674,0.04257,0.03473,0.04916,0.02126,0.01543,0.20369
0.17421,0.08206,0.04050,0.06282,0.05238,0.06331,0.04230,0.03665,0.09486,0.04227,0.04687,0.03210,0.04760,0.03055,0.04137,0.11015
0.17868,0.05223,0.05561,0.03311,0.07894,0.03653,0.04702,0.05664,0.06218,0.04533,0.04010,0.02990,0.09901,0.03146,0.03366,0.11959
0.03432,0.18242,0.05899,0.07246,0.06528,0.03719,0.07104,0.03898,0.20268,0.02863,0.03086,0.04192,0.06215,0.02061,0.01677,0.03570
0.03979,0.05595,0.02463,0.03154,0.23720,0.03780,0.03101,0.03691,0.05534,0.04649,0.03667,0.03501,0.26273,0.01967,0.01687,0.03238
0.03130,0.19671,0.03589,0.04186,0.04727,0.05836,0.04701,0.05474,0.23443,0.02764,0.05561,0.03035,0.03788,0.03130,0.04229,0.02736
0.06737,0.24819,0.02476,0.04163,0.03690,0.04376,0.03340,0.03142,0.25224,0.02614,0.03490,0.03305,0.03300,0.02585,0.02630,0.04111
0.04857,0.04512,0.03157,0.06553,0.09011,0.02963,0.09960,0.15066,0.04290,0.04050,0.12810,0.04529,0.09454,0.02330,0.03510,0.02946
0.05713,0.05840,0.03475,0.04837,0.16685,0.02848,0.04822,0.05912,0.06805,0.02992,0.04690,0.03744,0.22803,0.02282,0.01879,0.04673
0.27112,0.06567,0.04646,0.03596,0.04107,0.02933,0.03608,0.03578,0.05772,0.02106,0.03311,0.02633,0.03337,0.02148,0.01864,0.22682
0.03147,0.11197,0.02400,0.08520,0.05691,0.27554,0.02884,0.02084,0.03386,0.02108,0.01450,0.06927,0.02460,0.09383,0.09246,0.01564
0.08148,0.02711,0.07445,0.03334,0.18254,0.04725,0.05439,0.03256,0.03991,0.04699,0.04461,0.03717,0.17980,0.04642,0.03201,0.03997
0.08139,0.05144,0.07918,0.09873,0.10756,0.03004,0.12846,0.04822,0.05522,0.02779,0.03293,0.02945,0.12217,0.02962,0.02217,0.05564
0.03776,0.03403,0.02442,0.04256,0.21638,0.01643,0.03750,0.06893,0.06680,0.02579,0.06475,0.03696,0.24618,0.02269,0.02823,0.03058
0.07011,0.17043,0.17155,0.01954,0.04781,0.03393,0.06462,0.03234,0.17659,0.02308,0.01898,0.03357,0.04007,0.01843,0.02008,0.05886
0.31386,0.06022,0.01986,0.01805,0.08548,0.01154,0.01303,0.01619,0.04844,0.00840,0.01373,0.01698,0.09315,0.01019,0.00778,0.26308
0.21267,0.06454,0.10606,0.04342,0.05355,0.05132,0.06863,0.02454,0.04463,0.02670,0.01849,0.02626,0.05022,0.02152,0.02144,0.16601
0.10968,0.11865,0.02449,0.01548,0.05081,0.05336,0.02184,0.06336,0.13402,0.06217,0.08728,0.04542,0.07339,0.03501,0.03305,0.07199
0.12600,0.05109,0.04236,0.03934,0.08885,0.03456,0.02926,0.06045,0.05503,0.06564,0.04655,0.04391,0.15845,0.06894,0.04763,0.04194
0.11195,0.15896,0.09810,0.04638,0.05970,0.03168,0.06442,0.03058,0.15263,0.02664,0.02579,0.03221,0.04679,0.01794,0.01490,0.08134
0.07455,0.05575,0.03480,0.11526,0.08418,0.04819,0.11398,0.04564,0.06708,0.03634,0.03408,0.04109,0.08268,0.06286,0.03805,0.06548
0.06310,0.28013,0.05947,0.01720,0.02292,0.03234,0.01607,0.01652,0.30943,0.01585,0.03404,0.01976,0.02032,0.01774,0.01418,0.06091
0.06636,0.18304,0.04543,0.03215,0.05637,0.04233,0.04364,0.05196,0.19068,0.03327,0.05531,0.05594,0.04362,0.02436,0.02443,0.05111
0.06871,0.19301,0.04893,0.08925,0.04548,0.05433,0.03569,0.04892,0.12194,0.04790,0.06342,0.03632,0.04294,0.02652,0.03103,0.04560
0.08410,0.08474,0.05374,0.04684,0.08118,0.06007,0.05503,0.05696,0.10246,0.05248,0.04644,0.07860,0.08885,0.03234,0.02179,0.05439
0.04286,0.24450,0.02731,0.05385,0.06294,0.03270,0.03314,0.01805,0.27658,0.02467,0.02613,0.02779,0.06140,0.02344,0.01751,0.02713
0.05315,0.08815,0.05600,0.05254,0.04730,0.12746,0.05199,0.06533,0.08453,0.03604,0.04985,0.07416,0.03767,0.06065,0.07017,0.04502
0.06181,0.04962,0.04817,0.06539,0.17644,0.03646,0.08330,0.03042,0.04856,0.02882,0.02869,0.03269,0.20639,0.02895,0.02633,0.04796
0.05123,0.15261,0.04249,0.06878,0.09142,0.02146,0.05086,0.02462,0.19637,0.03816,0.02259,0.07017,0.10093,0.02210,0.01405,0.03216
0.14727,0.06988,0.03285,0.04578,0.07670,0.08518,0.02251,0.06429,0.04433,0.06239,0.05947,0.05489,0.06273,0.04325,0.04729,0.08121
0.11270,0.06135,0.08661,0.02706,0.14178,0.01695,0.04979,0.04429,0.06277,0.02956,0.03227,0.03011,0.15475,0.02228,0.01514,0.11260
0.18915,0.11313,0.03147,0.02018,0.05237,0.03699,0.03616,0.03625,0.12308,0.04673,0.02366,0.03305,0.05788,0.02776,0.02274,0.14940
0.07247,0.03457,0.05587,0.05685,0.06567,0.02445,0.06354,0.09646,0.11693,0.03947,0.10614,0.07575,0.05672,0.04979,0.03696,0.04835
0.16420,0.06419,0.06491,0.03741,0.06864,0.03529,0.06264,0.04361,0.07772,0.02491,0.04144,0.04327,0.08394,0.02690,0.03018,0.13073
0.04286,0.03758,0.03123,0.03143,0.06647,0.07777,0.07559,0.17059,0.03778,0.03591,0.16463,0.04594,0.05273,0.03844,0.06249,0.02856
0.05406,0.06979,0.05648,0.18744,0.06497,0.05733,0.16949,0.03421,0.07467,0.02613,0.03312,0.04114,0.04818,0.02715,0.02083,0.03502
0.16940,0.04989,0.02280,0.11092,0.04668,0.03382,0.11035,0.05684,0.05143,0.05124,0.03683,0.03875,0.04304,0.02660,0.02889,0.12253
0.03637,0.08865,0.02235,0.02938,0.10914,0.01911,0.08067,0.15308,0.08472,0.01660,0.16664,0.02364,0.09892,0.01354,0.03431,0.02288
0.03198,0.19493,0.01533,0.02386,0.16854,0.01502,0.02750,0.02148,0.21443,0.01796,0.02128,0.01313,0.18395,0.01218,0.01738,0.02104
0.09646,0.17511,0.03130,0.01552,0.04741,0.02729,0.02240,0.04851,0.20601,0.03715,0.04295,0.01971,0.08548,0.04047,0.02365,0.08058
0.04220,0.04224,0.03849,0.23315,0.08931,0.03778,0.19899,0.05159,0.05180,0.02366,0.02784,0.02526,0.06898,0.02300,0.01851,0.02721
0.09981,0.03770,0.09653,0.03806,0.14829,0.02968,0.05443,0.04780,0.03281,0.04977,0.02850,0.04388,0.18630,0.03432,0.03634,0.03578
0.04294,0.08539,0.03020,0.15640,0.08430,0.05111,0.15143,0.04560,0.07197,0.03585,0.05830,0.02946,0.05182,0.04153,0.02766,0.03604
0.03611,0.22792,0.05433,0.03453,0.08811,0.02313,0.03575,0.02690,0.24717,0.01810,0.03704,0.01660,0.08099,0.03291,0.01693,0.02348
0.02801,0.16188,0.01890,0.19419,0.15588,0.03516,0.03622,0.02689,0.02745,0.02191,0.04935,0.01764,0.18129,0.01560,0.01339,0.01625
0.12025,0.08864,0.02112,0.07659,0.16294,0.03780,0.02874,0.03369,0.05406,0.02214,0.03797,0.02661,0.17603,0.02202,0.01582,0.07557
0.02548,0.28016,0.01041,0.02722,0.04954,0.01541,0.03161,0.04429,0.32213,0.01493,0.03930,0.02058,0.06061,0.01983,0.01855,0.01997
0.12812,0.16342,0.02808,0.09875,0.07256,0.02878,0.03393,0.03421,0.11552,0.02238,0.03921,0.03106,0.06823,0.01855,0.02308,0.09411
0.05767,0.03377,0.03714,0.15026,0.07799,0.02996,0.08875,0.06011,0.05595,0.06687,0.04761,0.07689,0.11930,0.03321,0.03056,0.03397
0.04060,0.09670,0.15241,0.14338,0.06241,0.05481,0.10560,0.04471,0.04921,0.03217,0.03944,0.04063,0.04612,0.03386,0.02477,0.03319
0.04020,0.23417,0.04967,0.02529,0.05771,0.02173,0.03697,0.03404,0.27366,0.01606,0.03879,0.02484,0.06943,0.03432,0.01594,0.02715
0.11147,0.05740,0.06125,0.06920,0.08790,0.03873,0.07753,0.06525,0.05395,0.03606,0.05515,0.04355,0.10598,0.03296,0.03235,0.07125
0.04221,0.09425,0.11364,0.05961,0.10239,0.02262,0.07742,0.06006,0.09597,0.02605,0.04795,0.04437,0.11340,0.02348,0.03099,0.04557
0.05364,0.14555,0.05928,0.04271,0.06994,0.02674,0.04517,0.05904,0.16947,0.04696,0.04798,0.04176,0.09346,0.02485,0.02566,0.04779
0.08195,0.08290,0.02740,0.05351,0.17116,0.04293,0.04477,0.04104,0.10021,0.02678,0.03311,0.03801,0.16706,0.02270,0.02535,0.04113
0.03807,0.03314,0.09058,0.04554,0.10323,0.02555,0.08075,0.11745,0.03791,0.04027,0.12236,0.04254,0.09265,0.04909,0.05327,0.02759
0.02608,0.05175,0.01637,0.04551,0.13511,0.17027,0.07560,0.02766,0.04182,0.04928,0.03059,0.05568,0.11367,0.09120,0.05285,0.01656
0.04198,0.22213,0.02151,0.04467,0.05050,0.03547,0.04784,0.02571,0.25074,0.05824,0.02666,0.03823,0.06395,0.02094,0.01469,0.03675
0.16569,0.12703,0.03313,0.02741,0.07331,0.05296,0.03460,0.03319,0.12765,0.03612,0.02663,0.03383,0.04847,0.02797,0.03625,0.11575
0.04336,0.06430,0.03416,0.03526,0.08619,0.01780,0.08587,0.14974,0.07669,0.01875,0.15869,0.02278,0.12578,0.02309,0.03810,0.01943
0.07369,0.04254,0.03518,0.01908,0.05093,0.16795,0.03913,0.10544,0.03860,0.04021,0.06986,0.06691,0.02853,0.07952,0.10042,0.04199
0.12149,0.08744,0.10289,0.04488,0.06086,0.07039,0.06538,0.03552,0.10910,0.02241,0.02592,0.04616,0.05720,0.02692,0.02996,0.09346
0.10975,0.05413,0.09129,0.02879,0.06944,0.07646,0.05335,0.08427,0.05208,0.05274,0.07315,0.04770,0.05334,0.04532,0.04465,0.06354
0.07396,0.04808,0.02526,0.03575,0.19865,0.03284,0.02939,0.03156,0.06634,0.03018,0.02742,0.02530,0.26659,0.03193,0.02513,0.05162
0.04608,0.05589,0.03523,0.13471,0.09624,0.04460,0.08738,0.04771,0.06707,0.05614,0.04543,0.04696,0.10418,0.04352,0.04852,0.04035
0.02643,0.09677,0.02257,0.08992,0.22010,0.03253,0.04709,0.01811,0.02762,0.01807,0.03916,0.03710,0.24707,0.02254,0.01871,0.03623
0.08346,0.08231,0.22354,0.03422,0.05522,0.02617,0.10165,0.02971,0.10328,0.02303,0.02739,0.02786,0.07539,0.02810,0.01599,0.06267
0.06232,0.04701,0.04014,0.22963,0.04876,0.03356,0.21899,0.03759,0.05956,0.04440,0.03331,0.02762,0.03980,0.02312,0.01599,0.03820
0.07140,0.05838,0.03295,0.05927,0.13289,0.07405,0.07133,0.04832,0.06031,0.04682,0.04185,0.04726,0.13513,0.04382,0.03307,0.04314
0.05556,0.07927,0.04613,0.07087,0.07589,0.04306,0.09148,0.10323,0.08050,0.04163,0.06358,0.04267,0.10166,0.03666,0.03443,0.03339
0.14825,0.06614,0.04180,0.05024,0.09509,0.03255,0.03916,0.03648,0.08491,0.05675,0.04359,0.03563,0.10465,0.03340,0.02898,0.10237
0.07564,0.29427,0.01961,0.24231,0.05692,0.04189,0.01946,0.01885,0.03992,0.01951,0.02641,0.01910,0.04973,0.01600,0.01543,0.04494
0.10231,0.04976,0.04540,0.01986,0.15493,0.05112,0.02774,0.04825,0.05688,0.04819,0.05357,0.02942,0.17890,0.03637,0.03854,0.05878
0.07587,0.12392,0.02931,0.03067,0.18131,0.02234,0.04123,0.03257,0.12396,0.02271,0.03007,0.01886,0.19019,0.01542,0.01294,0.04864
0.06895,0.11404,0.06109,0.03968,0.04627,0.12920,0.03128,0.03515,0.12095,0.03004,0.03835,0.07872,0.03101,0.06050,0.06905,0.04570
0.06132,0.15682,0.03709,0.11747,0.12073,0.03177,0.04363,0.04331,0.08765,0.02665,0.04645,0.02859,0.11631,0.01940,0.02923,0.03355
0.04262,0.03918,0.03394,0.04853,0.05579,0.26668,0.06830,0.03000,0.03696,0.04163,0.01740,0.07880,0.03308,0.09772,0.08510,0.02428
0.03604,0.21891,0.02337,0.05057,0.12368,0.04420,0.02545,0.02680,0.20082,0.01515,0.03012,0.01900,0.12414,0.02120,0.01408,0.02648
0.04731,0.06372,0.05523,0.12233,0.10530,0.06030,0.11637,0.04170,0.06287,0.02500,0.03398,0.03876,0.12190,0.03541,0.02713,0.04269
0.10677,0.12273,0.02455,0.04977,0.07316,0.04689,0.03171,0.07348,0.08872,0.03607,0.07818,0.03256,0.05605,0.03708,0.03282,0.10945
0.05485,0.07328,0.03091,0.04676,0.18388,0.03783,0.06004,0.03311,0.08204,0.03754,0.03626,0.03530,0.20043,0.02458,0.02428,0.03892
0.20454,0.05410,0.04266,0.03241,0.04439,0.03881,0.04992,0.07747,0.04664,0.04645,0.04253,0.04252,0.07339,0.02088,0.02682,0.15650
0.08368,0.09115,0.14544,0.04964,0.05770,0.05686,0.06978,0.02927,0.10090,0.03615,0.03795,0.05477,0.05814,0.03755,0.03560,0.05541
0.05073,0.22075,0.02027,0.01963,0.12775,0.02343,0.02332,0.02199,0.23821,0.01480,0.01763,0.03121,0.12841,0.01744,0.01778,0.02666
0.06009,0.09699,0.03608,0.05977,0.08161,0.02418,0.06752,0.08098,0.13501,0.03699,0.06733,0.02989,0.11157,0.03006,0.02845,0.05349
0.04781,0.05350,0.02680,0.03167,0.06956,0.21671,0.03008,0.04571,0.03261,0.03670,0.05323,0.08542,0.06174,0.08394,0.08374,0.04078
0.03775,0.19563,0.11875,0.15746,0.03633,0.09004,0.06407,0.02561,0.04517,0.02245,0.02694,0.02930,0.03271,0.03594,0.04377,0.03808
0.05070,0.11213,0.05132,0.08237,0.08940,0.04266,0.05287,0.03692,0.12581,0.05787,0.05220,0.06915,0.07231,0.03801,0.03272,0.03357
0.06804,0.21297,0.02661,0.01969,0.08150,0.02117,0.02609,0.03534,0.24983,0.02066,0.02579,0.03139,0.09216,0.02382,0.01805,0.04691
0.06964,0.05336,0.02544,0.02857,0.07783,0.18624,0.02776,0.04641,0.04568,0.04433,0.03496,0.07689,0.07723,0.10090,0.06485,0.03991
0.11344,0.03404,0.04328,0.01650,0.06140,0.08225,0.03352,0.09825,0.05085,0.07337,0.12076,0.05988,0.06274,0.04045,0.04175,0.06754
0.08138,0.07013,0.03839,0.06137,0.10127,0.05472,0.04803,0.06472,0.08806,0.07921,0.05986,0.05342,0.06700,0.03494,0.02975,0.06776
0.05200,0.21572,0.01930,0.04561,0.06649,0.03343,0.02024,0.03599,0.25223,0.03481,0.04792,0.02496,0.07715,0.03054,0.01721,0.02639
0.01683,0.30287,0.01619,0.02432,0.01931,0.07429,0.02002,0.02974,0.32390,0.01956,0.02125,0.03441,0.01106,0.03840,0.03546,0.01240
0.04123,0.15905,0.05312,0.02621,0.09204,0.03834,0.02838,0.05068,0.19331,0.03794,0.07052,0.04429,0.07148,0.03116,0.01982,0.04242
0.03895,0.06072,0.05446,0.02487,0.24174,0.03213,0.05007,0.02323,0.04772,0.02017,0.03153,0.03232,0.26357,0.02535,0.02263,0.03055
0.08121,0.08810,0.03176,0.02199,0.20467,0.02327,0.02434,0.02425,0.08524,0.01470,0.03021,0.02003,0.23334,0.01789,0.02346,0.07555
0.03260,0.02605,0.02942,0.04745,0.23811,0.07173,0.04782,0.03748,0.02784,0.02377,0.04405,0.03801,0.23154,0.05421,0.03435,0.01557
0.04901,0.16256,0.01967,0.09277,0.09378,0.07706,0.03203,0.04358,0.12148,0.02686,0.05469,0.02934,0.08853,0.03455,0.04277,0.03132
0.03845,0.02495,0.08759,0.13157,0.05877,0.09219,0.13597,0.04824,0.02026,0.04313,0.02795,0.09824,0.06000,0.07130,0.04259,0.01878
0.04625,0.05211,0.03045,0.04119,0.23856,0.08784,0.02923,0.02452,0.03024,0.02315,0.03591,0.02994,0.23920,0.03243,0.03350,0.02548
0.05988,0.05483,0.12740,0.07171,0.08021,0.04049,0.10654,0.05673,0.05942,0.03876,0.06410,0.04921,0.06455,0.03722,0.03581,0.05312
0.08743,0.13647,0.02049,0.01970,0.06350,0.09716,0.01800,0.04055,0.14954,0.03936,0.05974,0.04850,0.04703,0.05746,0.03964,0.07542
0.19738,0.07919,0.04029,0.02294,0.04479,0.09968,0.02479,0.03640,0.05744,0.05130,0.03856,0.05203,0.03089,0.04784,0.04103,0.13546
0.02519,0.30389,0.01583,0.02456,0.06412,0.02141,0.03516,0.01628,0.33010,0.01333,0.02062,0.01305,0.07245,0.01754,0.01394,0.01252
0.06322,0.05870,0.02652,0.01816,0.08829,0.22409,0.02082,0.03676,0.04535,0.05365,0.03024,0.06075,0.04685,0.11139,0.07659,0.03861
0.03640,0.05682,0.02895,0.05213,0.07252,0.03389,0.08521,0.13522,0.04950,0.03655,0.17738,0.03769,0.05349,0.04539,0.05969,0.03917
0.06434,0.05983,0.04705,0.09358,0.06291,0.03527,0.07975,0.05833,0.10029,0.05115,0.07510,0.05707,0.06864,0.05257,0.03689,0.05723
0.03969,0.01454,0.06212,0.04104,0.16006,0.03737,0.07609,0.10556,0.03752,0.03277,0.09016,0.03056,0.16575,0.04299,0.04489,0.01888
0.04914,0.14838,0.04162,0.03082,0.09230,0.04737,0.03689,0.03788,0.15239,0.04328,0.05401,0.04088,0.09541,0.06006,0.02671,0.04288
0.06886,0.22433,0.04270,0.02585,0.05685,0.02865,0.02259,0.02558,0.25869,0.03122,0.02451,0.03548,0.05804,0.03376,0.01801,0.04489
0.11992,0.08421,0.03733,0.05446,0.11951,0.03406,0.06243,0.04071,0.08865,0.02883,0.02654,0.03583,0.12611,0.02548,0.01848,0.09746
0.05834,0.15059,0.06774,0.03666,0.04769,0.05455,0.02846,0.05499,0.14735,0.05413,0.06347,0.08223,0.04206,0.03540,0.04280,0.03356
0.03348,0.03055,0.39972,0.01601,0.05323,0.02778,0.18309,0.03288,0.02241,0.02146,0.02161,0.01905,0.05107,0.03166,0.01695,0.03906
0.21789,0.03782,0.02324,0.02367,0.09524,0.04147,0.02190,0.05006,0.03911,0.04587,0.03665,0.03799,0.09822,0.03235,0.03249,0.16602
0.04061,0.02884,0.03587,0.26077,0.10284,0.02213,0.23239,0.02502,0.02717,0.02539,0.02494,0.02282,0.09866,0.01613,0.01434,0.02206
0.08033,0.11516,0.03517,0.04491,0.08524,0.08633,0.06523,0.03923,0.12406,0.03420,0.03580,0.04684,0.06598,0.03248,0.03105,0.07799
0.08489,0.11005,0.04699,0.04630,0.05141,0.06164,0.05311,0.05140,0.11909,0.05782,0.06525,0.03927,0.06427,0.04614,0.03698,0.06539
0.15713,0.05526,0.03417,0.04532,0.05358,0.07933,0.06841,0.05747,0.05913,0.05468,0.05253,0.06141,0.03799,0.03086,0.03231,0.12043
0.21114,0.06957,0.04487,0.04324,0.05733,0.02799,0.07124,0.03240,0.05127,0.02829,0.03352,0.03973,0.06609,0.02178,0.01841,0.18314
0.03654,0.33635,0.03217,0.18822,0.04549,0.06624,0.02239,0.02268,0.11310,0.01251,0.02130,0.01817,0.03200,0.01578,0.01784,0.01923
0.13323,0.12760,0.03106,0.05854,0.04549,0.06368,0.03519,0.03878,0.10632,0.03376,0.04629,0.04225,0.05547,0.04117,0.03353,0.10763
0.04218,0.03877,0.01769,0.03472,0.22731,0.02098,0.04111,0.05762,0.03635,0.02714,0.06863,0.02520,0.27617,0.02500,0.03411,0.02702
0.08721,0.14730,0.08354,0.03238,0.11777,0.03017,0.03090,0.02331,0.14195,0.02194,0.02153,0.02302,0.13131,0.01988,0.01841,0.06940
0.06381,0.13086,0.02133,0.01842,0.16986,0.04394,0.02149,0.02389,0.15972,0.03423,0.03323,0.02404,0.16822,0.02142,0.01925,0.04631
0.11989,0.04859,0.07403,0.02936,0.06609,0.10924,0.04336,0.06874,0.04097,0.03960,0.06290,0.04910,0.03990,0.05492,0.05755,0.09578
0.03300,0.27885,0.02563,0.22734,0.06778,0.04465,0.03010,0.02469,0.05677,0.02389,0.02965,0.03001,0.06488,0.02061,0.02492,0.01723
0.12729,0.13636,0.03580,0.02112,0.06025,0.04604,0.04152,0.05104,0.12356,0.03957,0.04423,0.05402,0.05013,0.03814,0.04342,0.08751
0.06149,0.16281,0.17142,0.02580,0.02214,0.03107,0.11205,0.03307,0.18083,0.02060,0.03748,0.02044,0.01882,0.03069,0.02138,0.04990
0.18857,0.08865,0.04169,0.02973,0.07247,0.05070,0.04868,0.04551,0.08302,0.03414,0.03593,0.03094,0.05890,0.02976,0.01771,0.14361
0.02638,0.05669,0.01918,0.20337,0.13470,0.02848,0.14625,0.03578,0.04278,0.02267,0.02563,0.03006,0.14511,0.02605,0.02099,0.03588
