0.20802,0.64786,0.13239,0.01173
0.15424,0.24686,0.52793,0.07096
0.16400,0.04362,0.42580,0.36659
0.01807,0.11637,0.85399,0.01156
0.06319,0.53855,0.30214,0.09612
0.22991,0.02964,0.72453,0.01591
0.06090,0.02899,0.85049,0.05962
0.43640,0.01276,0.53634,0.01450
0.01283,0.51775,0.45764,0.01178
0.08312,0.11502,0.79116,0.01070
0.32939,0.07167,0.55229,0.04665
0.11861,0.03037,0.76723,0.08378
0.26815,0.13079,0.59293,0.00814
0.01260,0.00752,0.97472,0.00516
0.16055,0.18395,0.58160,0.07391
0.15776,0.19662,0.62484,0.02077
0.04366,0.01834,0.68676,0.25123
0.13284,0.10432,0.63550,0.12734
0.03141,0.05812,0.66631,0.24416
0.06471,0.07659,0.59544,0.26327
0.37406,0.14728,0.39268,0.08598
0.04907,0.40231,0.54100,0.00762
0.21318,0.25418,0.49689,0.03576
0.07299,0.02936,0.89372,0.00394
0.03215,0.28294,0.67215,0.01276
0.03969,0.01744,0.67325,0.26962
0.16672,0.01217,0.76601,0.05511
0.08278,0.33609,0.23457,0.34656
0.01217,0.08811,0.73694,0.16278
0.08633,0.38007,0.51376,0.01984
0.03040,0.00934,0.95622,0.00404
0.16117,0.13206,0.57111,0.13567
0.21726,0.07368,0.70251,0.00655
0.16739,0.56795,0.24590,0.01876
0.17159,0.53976,0.27097,0.01768
0.04184,0.36770,0.56430,0.02616
0.10706,0.09427,0.22457,0.57410
0.17497,0.00351,0.13012,0.69140
0.24001,0.40787,0.27906,0.07305
0.02104,0.23222,0.73308,0.01366
0.12019,0.31541,0.54858,0.01582
0.17542,0.22904,0.16005,0.43549
0.14314,0.04038,0.77502,0.04147
0.27451,0.07555,0.50694,0.14301
0.03653,0.21207,0.27976,0.47163
0.30889,0.45966,0.22775,0.00370
0.40218,0.03854,0.44499,0.11429
0.15404,0.01483,0.81792,0.01320
0.69744,0.20944,0.08935,0.00377
0.11515,0.05798,0.64976,0.17712
0.34456,0.05985,0.59010,0.00549
0.03670,0.41603,0.22909,0.31818
0.12639,0.30968,0.54780,0.01613
0.07383,0.04271,0.83924,0.04422
0.41659,0.11283,0.37038,0.10021
0.24756,0.26148,0.35117,0.13979
0.04626,0.23152,0.59617,0.12605
0.19530,0.11745,0.22228,0.46496
0.16544,0.12555,0.44668,0.26233
0.26108,0.06537,0.57446,0.09910
0.01375,0.28111,0.70213,0.00300
0.17929,0.10490,0.70609,0.00972
0.17683,0.29292,0.46292,0.06733
0.03195,0.18585,0.46162,0.32059
0.52206,0.14139,0.15226,0.18430
0.01316,0.10144,0.70760,0.17781
0.29121,0.04323,0.16992,0.49563
0.38106,0.01572,0.52723,0.07599
0.31325,0.25528,0.39465,0.03682
0.07916,0.28009,0.60917,0.03158
0.11533,0.19683,0.37884,0.30900
0.28966,0.19439,0.48401,0.03193
0.06310,0.40781,0.50509,0.02399
0.09119,0.41524,0.10722,0.38635
0.04080,0.32447,0.59785,0.03688
0.02461,0.41438,0.25734,0.30368
0.20383,0.09407,0.67870,0.02340
0.06592,0.03938,0.84843,0.04628
0.37092,0.03756,0.43785,0.15368
0.10788,0.17715,0.67023,0.04474
0.05333,0.13861,0.71801,0.09005
0.59439,0.06462,0.32804,0.01295
0.01574,0.31009,0.19659,0.47758
0.33019,0.01861,0.63532,0.01588
0.16976,0.28293,0.49918,0.04813
0.12118,0.15287,0.29068,0.43527
0.41957,0.32412,0.25297,0.00334
0.09878,0.00777,0.87810,0.01535
0.01932,0.08526,0.87940,0.01602
0.44216,0.27530,0.26631,0.01623
0.12079,0.14899,0.70590,0.02432
0.45547,0.22078,0.27378,0.04998
0.04580,0.06633,0.51589,0.37197
0.05865,0.22986,0.70732,0.00418
0.05488,0.18719,0.63634,0.12159
0.01937,0.02624,0.89443,0.05996
0.35607,0.36014,0.26816,0.01563
0.03866,0.35062,0.58390,0.02682
0.06167,0.42967,0.44461,0.06405
0.01592,0.28848,0.39688,0.29873
