0.03082,0.03269,0.03628,0.02986,0.03878,0.11421,0.10892,0.10824,0.06788,0.11834,0.07525,0.05685,0.04205,0.06970,0.07013
0.03321,0.03921,0.04487,0.03295,0.04741,0.11335,0.09868,0.09839,0.06760,0.10360,0.07696,0.05920,0.04429,0.06791,0.07237
0.03515,0.03980,0.04743,0.03193,0.04847,0.11161,0.09718,0.10238,0.06298,0.10453,0.07859,0.05117,0.04557,0.07089,0.07232
0.03195,0.03866,0.04380,0.03203,0.04669,0.11640,0.10102,0.10032,0.06334,0.10070,0.08371,0.05061,0.04423,0.07266,0.07388
0.03224,0.03759,0.04310,0.02995,0.04649,0.11335,0.10468,0.10529,0.06340,0.11263,0.07653,0.04959,0.04171,0.07091,0.07253
0.03363,0.03911,0.04356,0.03327,0.05010,0.10660,0.09565,0.10714,0.06459,0.10029,0.07922,0.06009,0.04480,0.06961,0.07233
0.02905,0.03423,0.04044,0.02728,0.04095,0.11733,0.10288,0.10494,0.06738,0.10834,0.08441,0.05436,0.04273,0.07351,0.07217
0.03184,0.03461,0.04099,0.02975,0.04338,0.11098,0.10706,0.10330,0.06532,0.10963,0.07983,0.05233,0.04451,0.07409,0.07239
0.03012,0.03293,0.03936,0.02935,0.03991,0.11810,0.10982,0.11030,0.06127,0.10815,0.08447,0.05097,0.04106,0.07156,0.07263
0.03079,0.03412,0.03942,0.02977,0.04116,0.11479,0.10416,0.10356,0.06891,0.11302,0.07881,0.05775,0.04291,0.07010,0.07072
0.03422,0.03546,0.03917,0.03203,0.04388,0.11604,0.10342,0.10652,0.06485,0.10808,0.08214,0.05444,0.04007,0.06684,0.07283
0.03219,0.03598,0.04065,0.03134,0.04472,0.11769,0.10381,0.09963,0.06752,0.10844,0.08016,0.05355,0.04287,0.07054,0.07091
0.03572,0.03509,0.04518,0.03273,0.04654,0.12469,0.10509,0.10048,0.05623,0.09973,0.08568,0.05242,0.04208,0.06768,0.07067
0.02707,0.03142,0.03575,0.02612,0.03722,0.12494,0.11047,0.10974,0.06590,0.11685,0.07809,0.05403,0.04411,0.06757,0.07071
0.03427,0.03948,0.04385,0.03261,0.04749,0.11020,0.10262,0.10013,0.06160,0.10609,0.07785,0.05304,0.04731,0.07415,0.06931
0.03517,0.03685,0.04305,0.03399,0.04314,0.11387,0.10099,0.10066,0.06355,0.10210,0.08495,0.05277,0.04443,0.07087,0.07362
0.03019,0.03120,0.03736,0.02712,0.03885,0.12139,0.10927,0.11111,0.06010,0.11591,0.08122,0.05254,0.04243,0.07129,0.07002
0.03477,0.03794,0.04388,0.03213,0.04914,0.11197,0.09936,0.10153,0.06541,0.10616,0.07830,0.05640,0.04152,0.07072,0.07077
0.03057,0.03378,0.03848,0.02709,0.03847,0.12589,0.10690,0.11637,0.06149,0.10897,0.08356,0.05064,0.04041,0.06739,0.06997
0.03283,0.03886,0.04050,0.03005,0.04556,0.11503,0.10451,0.10615,0.06194,0.11195,0.07687,0.05315,0.04188,0.06621,0.07451
0.03845,0.04080,0.04685,0.03253,0.05042,0.10300,0.09955,0.09751,0.07132,0.11151,0.06820,0.05390,0.04579,0.07130,0.06887
0.02576,0.02889,0.03275,0.02330,0.03475,0.12553,0.11490,0.11781,0.06369,0.11929,0.08278,0.05412,0.03724,0.06623,0.07298
0.03009,0.03358,0.03930,0.02643,0.04041,0.12814,0.10956,0.10260,0.05893,0.11164,0.08395,0.04793,0.04175,0.07333,0.07236
0.03438,0.04115,0.04368,0.03310,0.04675,0.11531,0.10053,0.10298,0.05908,0.09599,0.08407,0.05741,0.04300,0.07207,0.07048
0.02982,0.03459,0.03980,0.02963,0.04106,0.11763,0.10587,0.10731,0.06459,0.11408,0.08090,0.05071,0.04490,0.06918,0.06994
0.03199,0.03759,0.03942,0.03061,0.04581,0.11956,0.10369,0.10260,0.06448,0.10568,0.08262,0.05401,0.04250,0.06774,0.07170
0.02979,0.03581,0.04356,0.02871,0.04157,0.10680,0.11317,0.10968,0.06785,0.11275,0.07460,0.05684,0.04152,0.06674,0.07060
0.02983,0.03433,0.03949,0.02810,0.04265,0.11217,0.10674,0.11329,0.06501,0.10911,0.08129,0.05524,0.04352,0.06851,0.07070
0.02988,0.03237,0.03763,0.02839,0.03877,0.13226,0.10897,0.10798,0.06308,0.11103,0.07986,0.04999,0.04207,0.06702,0.07070
0.02750,0.03019,0.03475,0.02470,0.03799,0.12442,0.11361,0.11440,0.06300,0.11903,0.08176,0.05324,0.03951,0.06592,0.06997
0.03145,0.03434,0.03753,0.02879,0.04241,0.11436,0.10321,0.10913,0.06619,0.10588,0.08007,0.05361,0.04437,0.07281,0.07584
0.03352,0.03601,0.04221,0.03276,0.04444,0.11233,0.10184,0.10755,0.06552,0.10459,0.07811,0.05234,0.04522,0.07312,0.07043
0.02989,0.03125,0.03825,0.02621,0.04168,0.11210,0.10800,0.10884,0.07107,0.11348,0.07633,0.05299,0.04360,0.07258,0.07372
0.03193,0.03557,0.04033,0.02877,0.04153,0.11777,0.10559,0.10458,0.06540,0.11127,0.07978,0.04959,0.04180,0.07326,0.07281
0.03133,0.03479,0.03996,0.03086,0.04132,0.11737,0.10848,0.10954,0.06055,0.10710,0.08264,0.05260,0.04412,0.06786,0.07149
0.03122,0.03479,0.04143,0.03179,0.04325,0.12128,0.10527,0.10350,0.06236,0.10381,0.08346,0.05124,0.04334,0.06989,0.07338
0.02955,0.03381,0.04115,0.02860,0.04261,0.11250,0.10656,0.10890,0.06860,0.11656,0.07832,0.05508,0.03935,0.06873,0.06968
0.03255,0.03817,0.04139,0.03143,0.04488,0.11563,0.10462,0.10562,0.06070,0.10758,0.07774,0.05117,0.04359,0.07163,0.07331
0.02749,0.03292,0.03607,0.02735,0.03829,0.12310,0.10993,0.11492,0.06155,0.11419,0.07845,0.05205,0.04229,0.07204,0.06937
0.02877,0.03449,0.03697,0.02722,0.04172,0.11880,0.10653,0.10639,0.06356,0.10817,0.08705,0.05542,0.04479,0.06793,0.07219
0.02841,0.03243,0.03553,0.02697,0.03776,0.12244,0.11188,0.11051,0.06275,0.11103,0.08214,0.05640,0.04017,0.07058,0.07099
0.03072,0.03798,0.04344,0.03123,0.04520,0.11485,0.10504,0.10648,0.06214,0.10805,0.08519,0.05269,0.04218,0.06813,0.06668
0.03504,0.03798,0.04209,0.02977,0.04463,0.11178,0.10399,0.10638,0.05904,0.10188,0.08771,0.05138,0.04361,0.07174,0.07298
0.03082,0.03653,0.03917,0.03082,0.04152,0.11439,0.10609,0.11302,0.06040,0.10322,0.08200,0.05429,0.04297,0.07317,0.07160
0.03170,0.03378,0.03908,0.02809,0.04194,0.12613,0.10207,0.11550,0.06201,0.10600,0.07897,0.05581,0.03927,0.06904,0.07061
0.02841,0.03275,0.03655,0.02664,0.03941,0.12349,0.11474,0.10920,0.06655,0.12105,0.07662,0.05092,0.04019,0.06644,0.06704
0.02842,0.02947,0.03335,0.02641,0.03566,0.12119,0.11215,0.12137,0.06345,0.10933,0.08223,0.05349,0.04091,0.07054,0.07206
0.03165,0.03620,0.04120,0.03047,0.04354,0.11426,0.10559,0.10070,0.06749,0.11269,0.07854,0.05442,0.04279,0.06901,0.07144
0.03205,0.03428,0.04090,0.03031,0.04454,0.11845,0.10021,0.10794,0.06241,0.09814,0.09127,0.05329,0.04285,0.06894,0.07443
0.02735,0.02986,0.03652,0.02616,0.04041,0.12465,0.11033,0.10940,0.06191,0.11065,0.08652,0.05011,0.04105,0.07093,0.07415
0.02798,0.03326,0.03830,0.02950,0.03848,0.12181,0.10806,0.11205,0.06063,0.10226,0.09085,0.05317,0.04191,0.06987,0.07188
0.03009,0.03387,0.03953,0.02814,0.04138,0.11646,0.10402,0.10997,0.06268,0.11313,0.07873,0.05321,0.04392,0.07307,0.07178
0.02978,0.03326,0.03968,0.02897,0.04034,0.12550,0.10515,0.10940,0.06027,0.10648,0.08543,0.05006,0.04278,0.07085,0.07205
0.03334,0.03666,0.04336,0.03240,0.04458,0.11335,0.10540,0.10200,0.06267,0.10206,0.08049,0.05351,0.04500,0.07264,0.07253
0.02850,0.03262,0.03779,0.02877,0.03813,0.12616,0.10543,0.11005,0.06136,0.11052,0.08844,0.05095,0.04353,0.06777,0.06998
0.02811,0.03390,0.03442,0.02789,0.04044,0.12274,0.11052,0.10582,0.06540,0.11515,0.07664,0.05391,0.03983,0.07187,0.07336
0.03096,0.03398,0.03837,0.02843,0.04160,0.11366,0.10532,0.10966,0.06836,0.11354,0.08126,0.05350,0.04316,0.06736,0.07082
0.03615,0.04185,0.04692,0.03468,0.05243,0.10851,0.10294,0.09761,0.06354,0.10727,0.07911,0.05147,0.04197,0.06559,0.06995
0.03318,0.03767,0.04224,0.03013,0.04688,0.11183,0.10146,0.09949,0.06647,0.11379,0.07788,0.04939,0.04479,0.07197,0.07283
0.03115,0.03249,0.03919,0.02952,0.04226,0.12021,0.10731,0.10596,0.06556,0.10915,0.08110,0.05345,0.04122,0.06831,0.07312
0.03075,0.03425,0.04044,0.02865,0.04257,0.11523,0.10666,0.10571,0.06562,0.11318,0.07786,0.05495,0.04397,0.06844,0.07172
0.02998,0.03263,0.03557,0.02732,0.03816,0.12382,0.11095,0.11464,0.06195,0.11360,0.07995,0.05268,0.04122,0.06571,0.07181
0.02902,0.03070,0.03765,0.02938,0.03928,0.11971,0.11445,0.11248,0.06247,0.11545,0.07716,0.05222,0.03908,0.06942,0.07154
0.03315,0.03508,0.03997,0.03171,0.04163,0.11848,0.10604,0.10660,0.06119,0.10656,0.08100,0.05341,0.04484,0.06903,0.07132
0.02806,0.03070,0.03432,0.02481,0.03781,0.13464,0.11399,0.11024,0.06127,0.11078,0.08285,0.05381,0.04095,0.06778,0.06799
0.02896,0.03332,0.03840,0.02607,0.04038,0.12461,0.10999,0.11323,0.06051,0.10669,0.08202,0.05311,0.04318,0.06956,0.06996
0.02821,0.03414,0.03856,0.02879,0.04202,0.11733,0.10550,0.11045,0.06186,0.10586,0.08714,0.05267,0.04174,0.06960,0.07613
0.02981,0.03407,0.03925,0.02943,0.03982,0.11724,0.10870,0.10414,0.07003,0.11623,0.07579,0.05111,0.04385,0.06918,0.07136
0.03114,0.03286,0.03939,0.02746,0.04033,0.11527,0.11113,0.10150,0.06796,0.12256,0.07262,0.05377,0.04306,0.07046,0.07049
0.02967,0.03265,0.03842,0.02811,0.04115,0.11432,0.10619,0.10598,0.07028,0.11361,0.07727,0.05660,0.04320,0.07227,0.07028
0.02785,0.03388,0.03710,0.02744,0.03817,0.12428,0.11347,0.12102,0.06161,0.10683,0.07904,0.04889,0.04097,0.06977,0.06969
0.02608,0.02981,0.03341,0.02450,0.03451,0.12962,0.11745,0.11072,0.06372,0.11526,0.07939,0.05276,0.04064,0.07002,0.07211
0.02907,0.03228,0.03687,0.02777,0.03954,0.12621,0.11530,0.11349,0.05928,0.11003,0.08158,0.04854,0.04081,0.06759,0.07164
0.03033,0.03448,0.03838,0.02908,0.04143,0.12019,0.10362,0.11068,0.06605,0.11031,0.07701,0.05571,0.04123,0.06875,0.07276
0.03098,0.03573,0.04134,0.03053,0.04192,0.11436,0.10432,0.11056,0.06226,0.10492,0.08104,0.05182,0.04298,0.07180,0.07545
0.03772,0.04069,0.04606,0.03322,0.05125,0.11995,0.10377,0.09391,0.06231,0.10718,0.07418,0.05020,0.04257,0.06934,0.06766
0.02986,0.03274,0.03426,0.02633,0.03924,0.12584,0.11315,0.11112,0.06188,0.11260,0.08373,0.04860,0.03946,0.06775,0.07343
0.03277,0.03597,0.04089,0.02939,0.04264,0.10994,0.10630,0.10119,0.06752,0.11629,0.07629,0.05764,0.04497,0.06674,0.07147
0.03000,0.03473,0.03882,0.02863,0.03831,0.11417,0.10202,0.10823,0.06774,0.11511,0.07837,0.05727,0.04229,0.07141,0.07288
0.03243,0.03655,0.04047,0.02814,0.04401,0.11655,0.10607,0.10740,0.06262,0.10670,0.08471,0.05248,0.04051,0.06939,0.07198
0.03308,0.03516,0.04201,0.02998,0.04382,0.11169,0.10954,0.10389,0.06221,0.11332,0.07361,0.05482,0.04467,0.07041,0.07179
0.03444,0.03885,0.04697,0.03409,0.04785,0.11196,0.10132,0.10395,0.06037,0.10371,0.07894,0.05155,0.04431,0.06896,0.07271
0.03165,0.03533,0.04009,0.03084,0.04287,0.10746,0.10428,0.10616,0.06838,0.11589,0.07672,0.05591,0.04442,0.06855,0.07145
0.02561,0.03030,0.03369,0.02372,0.03564,0.12851,0.11257,0.11441,0.06237,0.11843,0.08399,0.05083,0.04074,0.06742,0.07175
0.03015,0.03434,0.04028,0.02842,0.04223,0.11922,0.10783,0.11203,0.06207,0.10799,0.07799,0.05608,0.04095,0.06729,0.07313
0.03149,0.03225,0.03877,0.02768,0.04263,0.11331,0.10748,0.10668,0.06845,0.12291,0.07471,0.05444,0.04146,0.06714,0.07059
0.02962,0.03047,0.03760,0.02587,0.03919,0.12270,0.10901,0.11542,0.06164,0.10924,0.08300,0.05267,0.04280,0.06672,0.07404
0.02873,0.03330,0.03862,0.02671,0.04031,0.12259,0.10814,0.11256,0.06167,0.10540,0.08415,0.05213,0.04225,0.07015,0.07328
0.02535,0.03138,0.03493,0.02463,0.03575,0.12842,0.11558,0.11300,0.06255,0.11784,0.08168,0.04914,0.03902,0.06938,0.07136
0.03273,0.03469,0.03999,0.02901,0.04299,0.12024,0.10633,0.11320,0.06385,0.10347,0.07836,0.04954,0.04296,0.07265,0.07001
0.03043,0.03296,0.04034,0.02870,0.04146,0.11241,0.10770,0.10963,0.06502,0.11100,0.07801,0.05505,0.04306,0.07045,0.07378
0.02952,0.03461,0.03691,0.02940,0.03990,0.11809,0.10748,0.10943,0.06625,0.11680,0.07744,0.05195,0.03935,0.06904,0.07383
0.03079,0.03446,0.03445,0.02769,0.04091,0.10738,0.11119,0.11146,0.06462,0.10966,0.08179,0.05706,0.04407,0.07062,0.07386
0.03152,0.03614,0.04036,0.02911,0.04391,0.11453,0.10914,0.10533,0.06854,0.12079,0.07441,0.05031,0.04206,0.06535,0.06849
0.02868,0.03440,0.03722,0.02804,0.04074,0.12231,0.11384,0.10962,0.05963,0.11517,0.08371,0.05107,0.04109,0.06633,0.06816
0.03284,0.03578,0.04256,0.03060,0.04445,0.11369,0.10362,0.10485,0.06267,0.10326,0.08115,0.05500,0.04387,0.07224,0.07342
0.03530,0.03685,0.04290,0.03250,0.04785,0.11371,0.10350,0.10966,0.06014,0.09807,0.08136,0.05551,0.04418,0.06725,0.07123
0.03118,0.03292,0.03912,0.02739,0.04107,0.11904,0.10623,0.10452,0.06337,0.10805,0.08193,0.05628,0.04431,0.07078,0.07382
0.02603,0.03001,0.03190,0.02474,0.03651,0.12431,0.11262,0.11949,0.06643,0.11333,0.07964,0.05222,0.03954,0.06927,0.07396
0.03159,0.03692,0.03965,0.02993,0.04498,0.11334,0.10595,0.10586,0.06592,0.11158,0.07520,0.05539,0.04163,0.06902,0.07302
