0.00949,0.00834,0.10790,0.00912,0.00891,0.00528,0.00786,0.00855,0.00483,0.01127,0.00156,0.01586,0.46871,0.04801,0.00860,0.02657,0.01494,0.00346,0.22001,0.01073
0.01509,0.03825,0.02196,0.01971,0.02148,0.02470,0.00848,0.01258,0.01547,0.00820,0.00583,0.03001,0.31427,0.06221,0.01415,0.04978,0.01132,0.00532,0.31324,0.00796
0.01025,0.01141,0.01784,0.01477,0.00828,0.05390,0.00730,0.01285,0.00780,0.01578,0.00360,0.01004,0.56157,0.02936,0.03991,0.01166,0.02768,0.00633,0.14315,0.00651
0.15296,0.00798,0.01305,0.10703,0.00406,0.01259,0.00583,0.01510,0.00780,0.01416,0.04241,0.00390,0.50181,0.01440,0.00586,0.01130,0.00612,0.00944,0.01667,0.04752
0.00242,0.00514,0.00527,0.00400,0.00625,0.05683,0.00912,0.70888,0.00313,0.00376,0.00253,0.00307,0.02107,0.07955,0.00275,0.00323,0.00345,0.00535,0.06480,0.00942
0.03149,0.00849,0.00851,0.45644,0.00474,0.00658,0.00563,0.00828,0.00537,0.21372,0.00379,0.01185,0.15449,0.02096,0.00468,0.00503,0.00521,0.00676,0.02745,0.01051
0.01045,0.01008,0.01383,0.01163,0.01091,0.00664,0.01094,0.01081,0.00600,0.01401,0.00979,0.02333,0.50202,0.03363,0.00624,0.00870,0.00762,0.03825,0.20908,0.05607
0.02690,0.00851,0.01215,0.01203,0.01355,0.01576,0.01032,0.01592,0.01226,0.01505,0.00616,0.01237,0.46404,0.06108,0.00601,0.01080,0.01420,0.02178,0.22010,0.04101
0.01612,0.27006,0.00933,0.00651,0.00512,0.23770,0.00695,0.15193,0.00369,0.01115,0.00526,0.00632,0.17301,0.03477,0.01028,0.00555,0.00218,0.02239,0.01748,0.00421
0.13118,0.01268,0.17708,0.00943,0.02012,0.00937,0.06754,0.01015,0.00768,0.01422,0.00322,0.02072,0.27675,0.12093,0.01569,0.00602,0.01356,0.01606,0.05203,0.01556
0.00572,0.00509,0.00577,0.02718,0.00580,0.00838,0.00562,0.03239,0.23688,0.00405,0.38522,0.00750,0.11391,0.04440,0.00510,0.01940,0.01442,0.00423,0.05774,0.01121
0.01099,0.02186,0.01159,0.01416,0.00883,0.01674,0.02321,0.01078,0.00933,0.01202,0.00651,0.00655,0.67687,0.01562,0.02074,0.00898,0.00791,0.09867,0.01109,0.00754
0.02471,0.00777,0.00872,0.00720,0.00674,0.01270,0.04612,0.03262,0.00456,0.01070,0.00210,0.00762,0.69645,0.02717,0.00429,0.00925,0.00259,0.01292,0.07147,0.00431
0.00696,0.02378,0.00915,0.01108,0.00914,0.02931,0.01005,0.00454,0.00682,0.00835,0.21886,0.00691,0.46850,0.04226,0.00436,0.00867,0.00367,0.00466,0.12012,0.00280
0.01036,0.00800,0.01790,0.00702,0.01137,0.00638,0.01220,0.01068,0.00773,0.01082,0.00317,0.00907,0.40601,0.02128,0.04290,0.07828,0.00486,0.02050,0.30524,0.00622
0.00997,0.00744,0.01248,0.00760,0.00667,0.00906,0.00829,0.01616,0.01055,0.01089,0.00382,0.01762,0.44547,0.00920,0.00894,0.00484,0.01733,0.36074,0.00888,0.02405
0.00157,0.60655,0.00246,0.00243,0.00153,0.00234,0.11376,0.00126,0.00100,0.00151,0.00084,0.00270,0.24608,0.00354,0.00174,0.00154,0.00214,0.00174,0.00342,0.00185
0.00560,0.02413,0.01130,0.00889,0.00851,0.02665,0.00729,0.00761,0.01007,0.00940,0.00209,0.00647,0.60275,0.07760,0.00497,0.00541,0.00317,0.05241,0.11353,0.01214
0.00305,0.13519,0.00925,0.00842,0.00380,0.07562,0.01679,0.00516,0.00585,0.01183,0.00650,0.00670,0.23669,0.01490,0.06702,0.01333,0.32056,0.00499,0.01894,0.03540
0.00208,0.04294,0.00635,0.00847,0.00506,0.19551,0.00815,0.00370,0.00674,0.00879,0.00420,0.00470,0.52829,0.08733,0.00690,0.02780,0.00712,0.00720,0.03337,0.00532
0.00357,0.00522,0.00456,0.00469,0.00333,0.00333,0.00456,0.00340,0.00337,0.00344,0.00595,0.00542,0.48171,0.03502,0.00534,0.00429,0.01033,0.00555,0.37408,0.03281
0.01228,0.01310,0.00857,0.01544,0.00509,0.05392,0.00439,0.18864,0.00392,0.00731,0.00161,0.02009,0.26412,0.07645,0.00617,0.00441,0.00505,0.22428,0.06881,0.01634
0.01028,0.01357,0.04494,0.01764,0.01825,0.00938,0.01272,0.01242,0.01050,0.02381,0.00205,0.00808,0.56987,0.03542,0.00789,0.01077,0.01628,0.05609,0.05216,0.06786
0.01215,0.04159,0.32055,0.05012,0.01065,0.01365,0.03370,0.00364,0.00683,0.00293,0.00439,0.00911,0.12912,0.14192,0.01259,0.01129,0.00811,0.10198,0.05533,0.03035
0.00536,0.00719,0.00612,0.00505,0.00505,0.00722,0.00548,0.00485,0.00477,0.00595,0.00155,0.01887,0.17452,0.08203,0.00686,0.00373,0.00209,0.04764,0.59280,0.01287
0.00617,0.00953,0.01972,0.00668,0.00921,0.01030,0.01330,0.00694,0.00796,0.00560,0.00224,0.01282,0.60040,0.03213,0.01549,0.01009,0.01157,0.02558,0.16893,0.02532
0.01249,0.01407,0.06648,0.15355,0.00502,0.00918,0.00892,0.00683,0.00403,0.00724,0.00255,0.00691,0.39556,0.11221,0.06062,0.02719,0.01513,0.02337,0.06281,0.00583
0.00471,0.01180,0.01300,0.00535,0.00758,0.00903,0.01196,0.02021,0.00864,0.00785,0.00373,0.00909,0.46733,0.07766,0.00693,0.00455,0.02385,0.00943,0.28324,0.01406
0.00160,0.13276,0.00228,0.00297,0.00167,0.63160,0.00155,0.00174,0.00137,0.00181,0.00188,0.00154,0.19632,0.00591,0.00215,0.00173,0.00158,0.00190,0.00566,0.00197
0.00435,0.00795,0.00547,0.00447,0.00405,0.00411,0.00505,0.00492,0.00806,0.00585,0.00320,0.00358,0.01839,0.05733,0.00728,0.00580,0.00345,0.75546,0.08071,0.01050
0.00320,0.00438,0.00423,0.00399,0.00287,0.00396,0.00369,0.00361,0.00305,0.00406,0.00234,0.00385,0.11950,0.00793,0.00512,0.00270,0.00218,0.79300,0.00734,0.01899
0.00596,0.01303,0.01209,0.01124,0.00732,0.00901,0.02395,0.02440,0.00533,0.01177,0.00902,0.00756,0.42907,0.08055,0.04757,0.03382,0.04680,0.01437,0.08501,0.12215
0.01344,0.01209,0.02813,0.02911,0.01081,0.02916,0.01681,0.01592,0.00815,0.01534,0.00274,0.00956,0.54272,0.10167,0.01663,0.01084,0.01695,0.03087,0.06482,0.02425
0.02260,0.02175,0.23888,0.04598,0.01539,0.01948,0.09967,0.04300,0.02106,0.01883,0.00150,0.00547,0.32727,0.03771,0.00886,0.00606,0.01414,0.01018,0.02307,0.01908
0.00656,0.01143,0.00999,0.01054,0.00657,0.00818,0.01435,0.01057,0.00789,0.01037,0.04071,0.01872,0.59704,0.03128,0.00710,0.01252,0.01173,0.00876,0.16274,0.01297
0.12975,0.01130,0.01342,0.40582,0.00363,0.00659,0.00605,0.00546,0.00460,0.00860,0.14751,0.00413,0.08592,0.07717,0.01108,0.02202,0.00271,0.00584,0.04354,0.00485
0.00888,0.03861,0.01083,0.00686,0.00493,0.00781,0.12044,0.01020,0.00689,0.00993,0.34009,0.00862,0.32779,0.02641,0.01061,0.01341,0.00397,0.00892,0.02731,0.00751
0.01622,0.01017,0.01463,0.01094,0.00561,0.09288,0.00738,0.10764,0.00916,0.00775,0.05156,0.00583,0.04976,0.04087,0.00724,0.01461,0.00608,0.01155,0.52413,0.00598
0.01720,0.04881,0.00763,0.03433,0.00742,0.01069,0.00909,0.00776,0.01019,0.01932,0.18566,0.01480,0.02657,0.02922,0.02379,0.01879,0.00930,0.45782,0.02699,0.03461
0.00616,0.57590,0.00604,0.00653,0.00526,0.08334,0.00553,0.00782,0.00360,0.00509,0.00148,0.00464,0.03663,0.05713,0.01177,0.00790,0.00424,0.03609,0.05405,0.08083
0.00307,0.00374,0.00434,0.00312,0.00253,0.00373,0.00307,0.00259,0.00281,0.00307,0.00102,0.00383,0.05615,0.07261,0.00234,0.00207,0.00187,0.00593,0.81602,0.00608
0.02805,0.01407,0.02617,0.02883,0.02541,0.01957,0.02677,0.02657,0.04635,0.02295,0.00219,0.01755,0.25967,0.04468,0.01937,0.00949,0.00722,0.08849,0.27252,0.01407
0.00182,0.00298,0.41394,0.39271,0.00142,0.00242,0.00304,0.00166,0.00182,0.00153,0.00241,0.00249,0.08215,0.01246,0.00206,0.00141,0.00150,0.01556,0.00649,0.05013
0.01335,0.02799,0.01109,0.01204,0.01419,0.01158,0.03432,0.01998,0.01180,0.02256,0.20571,0.00884,0.50385,0.01290,0.02245,0.01038,0.02473,0.00876,0.01235,0.01114
0.00772,0.00772,0.01259,0.00828,0.06020,0.00618,0.09800,0.01533,0.01213,0.00719,0.00624,0.02375,0.02748,0.05685,0.18283,0.01122,0.06997,0.04917,0.29544,0.04171
0.00505,0.06501,0.03548,0.01348,0.00763,0.09548,0.00540,0.00786,0.01088,0.00484,0.00960,0.00866,0.64051,0.01266,0.01094,0.03113,0.00783,0.00574,0.01024,0.01157
0.00166,0.60643,0.00225,0.00296,0.00172,0.31995,0.00229,0.00184,0.00189,0.00150,0.00219,0.00205,0.01970,0.01146,0.00165,0.00201,0.00197,0.00231,0.01207,0.00210
0.02683,0.00554,0.00369,0.51658,0.00281,0.00341,0.00342,0.00342,0.00375,0.00511,0.00276,0.00339,0.01681,0.03701,0.00416,0.00369,0.00325,0.00319,0.34346,0.00773
0.00701,0.02372,0.01749,0.00731,0.01156,0.00695,0.01469,0.00758,0.00538,0.00644,0.01049,0.00671,0.09642,0.01694,0.00900,0.00624,0.00624,0.70149,0.00844,0.02992
0.47177,0.00905,0.00793,0.15621,0.00679,0.00529,0.01027,0.00686,0.00507,0.00352,0.00170,0.00773,0.04964,0.08141,0.02360,0.02185,0.01152,0.01468,0.06407,0.04103
0.00619,0.00865,0.52775,0.30233,0.00300,0.00510,0.00582,0.00659,0.00346,0.00720,0.00215,0.00811,0.04040,0.02865,0.00307,0.00201,0.00264,0.00983,0.02101,0.00604
0.00662,0.00776,0.35430,0.05189,0.00391,0.00460,0.00883,0.00492,0.00443,0.00507,0.00172,0.00676,0.46054,0.01825,0.00598,0.00986,0.02593,0.00582,0.00798,0.00482
0.00808,0.02793,0.08770,0.00828,0.01697,0.01473,0.01552,0.08541,0.01341,0.18024,0.01099,0.03986,0.20500,0.02031,0.01088,0.02042,0.00675,0.14966,0.02814,0.04972
0.00565,0.13770,0.07030,0.00619,0.00898,0.00697,0.02912,0.01090,0.00790,0.00986,0.00999,0.00624,0.44116,0.02863,0.00689,0.00387,0.00563,0.00536,0.18854,0.01012
0.00612,0.00634,0.02076,0.00645,0.00265,0.07671,0.00329,0.48483,0.00948,0.00663,0.00214,0.00300,0.16629,0.00659,0.01957,0.00693,0.08939,0.00400,0.00433,0.07450
0.00356,0.00254,0.00608,0.00362,0.00241,0.00435,0.00384,0.45743,0.02619,0.00613,0.00158,0.00636,0.42011,0.01265,0.00404,0.00365,0.01062,0.00325,0.01216,0.00943
0.14223,0.00979,0.00797,0.09576,0.00381,0.00824,0.00584,0.01601,0.00512,0.30237,0.03295,0.00831,0.08939,0.02381,0.01493,0.03825,0.01447,0.03135,0.12727,0.02213
0.00605,0.00837,0.01446,0.00861,0.00497,0.00854,0.00514,0.01342,0.00380,0.40598,0.19457,0.01560,0.06307,0.07685,0.00573,0.01766,0.00551,0.01224,0.12366,0.00579
0.00943,0.01015,0.01441,0.00656,0.00788,0.00856,0.00934,0.00987,0.00576,0.00925,0.06027,0.01505,0.70471,0.02935,0.02740,0.03030,0.00517,0.00330,0.02880,0.00444
0.00655,0.01032,0.12271,0.02781,0.00651,0.00563,0.00866,0.00523,0.00424,0.00564,0.00426,0.01463,0.70414,0.01423,0.01788,0.00663,0.01612,0.00495,0.00974,0.00412
0.00512,0.00770,0.00620,0.00545,0.00475,0.00792,0.00529,0.00546,0.00358,0.00532,0.00377,0.00492,0.12980,0.16134,0.00754,0.01169,0.00528,0.18340,0.42904,0.00642
0.00626,0.00956,0.00900,0.00714,0.00567,0.00766,0.00793,0.00529,0.00425,0.01091,0.00291,0.01050,0.39445,0.01467,0.00780,0.00850,0.00808,0.43781,0.02158,0.02003
0.01275,0.01916,0.02902,0.01709,0.01755,0.02065,0.01184,0.04725,0.00942,0.01609,0.00223,0.00861,0.66150,0.02319,0.00603,0.00654,0.00451,0.03965,0.02619,0.02073
0.00547,0.00901,0.01008,0.00638,0.00521,0.00762,0.03990,0.01030,0.01008,0.75764,0.00807,0.01080,0.01839,0.02824,0.00889,0.00710,0.00622,0.00775,0.03889,0.00395
0.00656,0.00835,0.00884,0.01058,0.00697,0.00686,0.01166,0.01790,0.01010,0.59446,0.02990,0.00775,0.23189,0.00625,0.00636,0.00740,0.01043,0.00591,0.00544,0.00640
0.03342,0.03656,0.01487,0.04930,0.01969,0.02060,0.05493,0.01204,0.01000,0.00851,0.24634,0.03319,0.20387,0.10972,0.00721,0.01098,0.00758,0.00809,0.10678,0.00632
0.01183,0.01577,0.02230,0.00980,0.00635,0.01740,0.00539,0.00819,0.00722,0.01696,0.00410,0.01873,0.55562,0.05779,0.01453,0.01613,0.00704,0.01466,0.17949,0.01069
0.00531,0.02146,0.02057,0.00925,0.00826,0.02312,0.00846,0.00908,0.01088,0.01689,0.00649,0.00369,0.14202,0.03849,0.01592,0.05196,0.01339,0.08385,0.49586,0.01506
0.02286,0.02288,0.02246,0.01006,0.01222,0.02500,0.01849,0.07790,0.01741,0.12538,0.26645,0.01355,0.27518,0.01471,0.00862,0.02238,0.01622,0.00775,0.01264,0.00784
0.01268,0.03244,0.01031,0.01844,0.00505,0.01167,0.00515,0.44221,0.03195,0.00679,0.00987,0.00662,0.11523,0.09019,0.02554,0.06072,0.01499,0.01810,0.07114,0.01090
0.00216,0.00365,0.00171,0.00183,0.00188,0.00240,0.00520,0.17560,0.00235,0.65547,0.00727,0.00315,0.11406,0.00495,0.00219,0.00228,0.00226,0.00333,0.00487,0.00336
0.00294,0.00457,0.66866,0.06468,0.00224,0.00299,0.00298,0.00167,0.00321,0.00178,0.00263,0.00292,0.20627,0.00464,0.00265,0.00325,0.00414,0.00851,0.00387,0.00541
0.00613,0.01008,0.00660,0.00720,0.00596,0.00549,0.00428,0.00629,0.00602,0.00602,0.00133,0.00613,0.43695,0.02266,0.00892,0.00741,0.00484,0.01389,0.42249,0.01131
0.01210,0.01254,0.00940,0.01161,0.02138,0.01616,0.01601,0.01224,0.01221,0.01472,0.05937,0.01769,0.44721,0.05949,0.03076,0.06999,0.00658,0.00510,0.16104,0.00442
0.00624,0.00891,0.00893,0.00842,0.00620,0.00614,0.00858,0.00953,0.00642,0.30016,0.13406,0.00896,0.40021,0.02017,0.00706,0.00496,0.00458,0.02896,0.01366,0.00786
0.14339,0.00841,0.02070,0.19787,0.00613,0.00810,0.00878,0.01799,0.00586,0.02836,0.00526,0.00478,0.16931,0.02704,0.00328,0.01111,0.02349,0.01326,0.27835,0.01852
0.01121,0.01052,0.02456,0.00600,0.00856,0.00611,0.01185,0.00818,0.00516,0.00970,0.00756,0.00788,0.78188,0.01520,0.01374,0.00921,0.01065,0.00562,0.02358,0.02284
0.01107,0.21388,0.01582,0.02179,0.00876,0.05836,0.01211,0.01063,0.00669,0.00900,0.00350,0.01004,0.12718,0.16408,0.00494,0.02220,0.01216,0.04927,0.22529,0.01323
0.00723,0.00784,0.00732,0.00691,0.00519,0.00667,0.00682,0.00840,0.00426,0.01058,0.13121,0.01162,0.19135,0.15161,0.00700,0.04246,0.00873,0.01561,0.36403,0.00516
0.01079,0.47876,0.01128,0.01021,0.00568,0.02088,0.03597,0.00777,0.00782,0.00855,0.00600,0.00419,0.22838,0.01800,0.00742,0.00342,0.00507,0.08722,0.01692,0.02567
0.00241,0.00293,0.00208,0.00204,0.00184,0.00266,0.00252,0.43715,0.00224,0.24034,0.00180,0.00509,0.25587,0.01170,0.00205,0.00223,0.00365,0.00345,0.01386,0.00411
0.08553,0.01617,0.03080,0.02096,0.00961,0.02327,0.02895,0.04645,0.02271,0.01758,0.01117,0.00502,0.48709,0.04140,0.01537,0.01147,0.06969,0.00426,0.04312,0.00938
0.01012,0.03522,0.01264,0.01542,0.00696,0.16718,0.00840,0.16240,0.00566,0.01407,0.00790,0.00494,0.41678,0.03132,0.00804,0.01773,0.00958,0.02741,0.02509,0.01314
0.00601,0.00831,0.00888,0.00666,0.00824,0.00868,0.02221,0.00619,0.00559,0.00590,0.00855,0.01347,0.70421,0.02425,0.03436,0.01585,0.00907,0.05182,0.04048,0.01129
0.01162,0.01597,0.01499,0.01320,0.02193,0.01706,0.02220,0.00974,0.01265,0.01286,0.01053,0.00648,0.53113,0.11977,0.00779,0.01826,0.01870,0.01584,0.02423,0.09505
0.00377,0.00368,0.00276,0.00236,0.00337,0.00294,0.00420,0.31078,0.00378,0.20897,0.00229,0.00820,0.34342,0.01775,0.00447,0.00473,0.01441,0.00627,0.03826,0.01358
0.02805,0.01923,0.00706,0.00778,0.00446,0.01435,0.00802,0.01374,0.00519,0.01016,0.00927,0.00708,0.10046,0.22782,0.05183,0.02665,0.01153,0.01585,0.42571,0.00575
0.01131,0.04892,0.00440,0.00582,0.00638,0.00911,0.01305,0.13627,0.00575,0.11325,0.00395,0.01817,0.19748,0.03364,0.00600,0.00727,0.01012,0.03885,0.30353,0.02674
0.01588,0.01749,0.01898,0.02074,0.01360,0.02118,0.02145,0.01700,0.01162,0.01499,0.00451,0.02360,0.30378,0.08544,0.01178,0.01134,0.03457,0.02631,0.31078,0.01496
0.00270,0.00360,0.00353,0.00375,0.50513,0.00328,0.06688,0.00282,0.00191,0.01024,0.00210,0.00447,0.36124,0.00785,0.00184,0.00295,0.00454,0.00238,0.00583,0.00298
0.00838,0.01355,0.00854,0.01379,0.00954,0.01317,0.01031,0.00792,0.01353,0.01040,0.17896,0.01103,0.62008,0.01761,0.01176,0.01838,0.00420,0.00741,0.01452,0.00693
0.00713,0.01114,0.06394,0.00891,0.00623,0.01839,0.01023,0.03146,0.01401,0.00776,0.00704,0.01341,0.67597,0.04037,0.01076,0.01058,0.01089,0.00551,0.04245,0.00383
0.00982,0.01483,0.02116,0.01186,0.01062,0.00984,0.01011,0.00752,0.00708,0.01523,0.00320,0.01331,0.24498,0.29446,0.00493,0.02671,0.01930,0.03970,0.22481,0.01052
0.00593,0.00481,0.00595,0.00495,0.00504,0.00513,0.00666,0.00633,0.00481,0.00772,0.00623,0.00944,0.45803,0.04613,0.00494,0.00385,0.00468,0.29613,0.09572,0.01751
0.35788,0.00294,0.00781,0.00526,0.00378,0.00199,0.01752,0.13640,0.00343,0.00605,0.00491,0.00737,0.37671,0.00983,0.00542,0.00308,0.00747,0.01340,0.01299,0.01576
0.00651,0.00384,0.00749,0.00570,0.00398,0.00329,0.00680,0.00690,0.00288,0.01037,0.01896,0.01650,0.22956,0.02159,0.00766,0.00545,0.03279,0.52042,0.02717,0.06213
0.01239,0.01329,0.02132,0.03405,0.01114,0.03355,0.01688,0.01775,0.00972,0.01179,0.00300,0.01067,0.67846,0.02169,0.00595,0.00730,0.01018,0.00861,0.01876,0.05351
0.00925,0.01019,0.00709,0.00922,0.00848,0.00525,0.00742,0.00621,0.00585,0.00564,0.00579,0.02225,0.09817,0.07722,0.01162,0.01685,0.01393,0.50289,0.15210,0.02458
0.01272,0.01514,0.03779,0.01821,0.00864,0.02852,0.01390,0.00701,0.00813,0.02102,0.21076,0.05490,0.50995,0.01487,0.00413,0.00386,0.00389,0.00705,0.01415,0.00537
0.00605,0.00697,0.00715,0.00643,0.00525,0.00763,0.00538,0.00705,0.00518,0.00627,0.00400,0.00733,0.50454,0.04125,0.00572,0.00523,0.00679,0.00354,0.35419,0.00408
