0.21427,0.08702,0.07286,0.12421,0.11089,0.25507,0.03465,0.03467,0.02782,0.03854
0.18951,0.07770,0.06537,0.10839,0.09497,0.32303,0.03870,0.03910,0.02690,0.03632
0.28066,0.07336,0.05973,0.12754,0.10768,0.24272,0.02780,0.03073,0.02193,0.02785
0.13305,0.08927,0.07133,0.10179,0.09146,0.35869,0.03976,0.04175,0.02863,0.04429
0.24503,0.07768,0.05845,0.11611,0.10453,0.28222,0.03051,0.03263,0.02300,0.02984
0.19418,0.08424,0.06598,0.11184,0.09490,0.30292,0.03823,0.03971,0.02758,0.04041
0.15949,0.07575,0.06709,0.10400,0.09602,0.32937,0.04511,0.04436,0.03221,0.04660
0.35303,0.07994,0.06166,0.14499,0.11954,0.15437,0.02278,0.02229,0.01700,0.02438
0.19141,0.09269,0.07173,0.11852,0.10719,0.25352,0.04338,0.04467,0.03176,0.04514
0.19228,0.09792,0.07302,0.11778,0.11085,0.28552,0.03300,0.03334,0.02461,0.03168
0.16450,0.08568,0.06258,0.10570,0.09232,0.35223,0.03471,0.03756,0.02697,0.03777
0.21308,0.08151,0.06063,0.11565,0.10659,0.28195,0.03877,0.03556,0.02600,0.04025
0.18659,0.05461,0.04098,0.08423,0.07964,0.45068,0.02769,0.02933,0.01863,0.02762
0.21867,0.08726,0.06777,0.11315,0.10420,0.25450,0.04387,0.04145,0.03006,0.03907
0.24045,0.09202,0.07456,0.13335,0.11895,0.20502,0.03486,0.03585,0.02413,0.04081
0.16534,0.08767,0.06809,0.10615,0.09423,0.32785,0.04066,0.04280,0.02614,0.04106
0.14032,0.09333,0.07839,0.11251,0.09473,0.30991,0.04340,0.04698,0.03592,0.04452
0.12144,0.11099,0.08940,0.10704,0.10741,0.26827,0.05197,0.05293,0.03739,0.05316
0.23645,0.07570,0.06446,0.11295,0.09919,0.28687,0.03328,0.03433,0.02457,0.03219
0.19965,0.08599,0.07137,0.12112,0.10450,0.28924,0.03298,0.03502,0.02497,0.03514
0.16295,0.08837,0.06794,0.10419,0.09344,0.33499,0.03886,0.03764,0.03084,0.04078
0.14446,0.06801,0.05586,0.09087,0.08022,0.42547,0.03507,0.03761,0.02680,0.03562
0.25955,0.08932,0.07514,0.14341,0.12834,0.16221,0.03665,0.03976,0.02738,0.03824
0.19537,0.07419,0.06142,0.11041,0.09566,0.28943,0.04778,0.04687,0.03252,0.04636
0.19353,0.11052,0.08454,0.13063,0.12081,0.19533,0.04254,0.04229,0.03520,0.04461
0.28474,0.08197,0.07007,0.13331,0.11977,0.17337,0.03241,0.03770,0.02764,0.03904
0.15739,0.07585,0.06310,0.09840,0.08691,0.31928,0.05504,0.05332,0.03723,0.05349
0.17566,0.08114,0.06905,0.10899,0.09671,0.32956,0.03581,0.03723,0.02694,0.03892
0.32280,0.06520,0.05140,0.11990,0.10286,0.22638,0.02944,0.02945,0.02163,0.03095
0.21080,0.08883,0.07412,0.12415,0.10560,0.22617,0.04162,0.05039,0.03210,0.04622
0.16554,0.06136,0.05423,0.09431,0.08135,0.41133,0.03881,0.03573,0.02326,0.03410
0.24257,0.07298,0.05682,0.11642,0.10524,0.27537,0.03299,0.03542,0.02802,0.03417
0.20803,0.08372,0.06917,0.11498,0.10539,0.27524,0.03700,0.04138,0.02684,0.03823
0.15447,0.10542,0.08542,0.11414,0.10682,0.25531,0.04946,0.04532,0.03822,0.04543
0.26657,0.08339,0.06453,0.12180,0.10721,0.23395,0.03124,0.03385,0.02422,0.03323
0.19392,0.09316,0.07843,0.12060,0.10625,0.23291,0.04457,0.04834,0.03465,0.04715
0.15541,0.06955,0.05870,0.09325,0.08375,0.37171,0.04571,0.04435,0.03220,0.04537
0.14189,0.07110,0.05908,0.09219,0.08189,0.28860,0.06717,0.07945,0.04825,0.07038
0.20142,0.09336,0.07248,0.12298,0.11042,0.24034,0.04170,0.04114,0.03085,0.04532
0.13762,0.09403,0.07619,0.10460,0.10188,0.26540,0.05531,0.06089,0.04722,0.05687
0.17347,0.09972,0.08659,0.12356,0.11427,0.25221,0.04024,0.03844,0.03112,0.04038
0.29883,0.08830,0.06854,0.13897,0.12574,0.14303,0.03477,0.03752,0.02693,0.03738
0.15933,0.10909,0.08973,0.14784,0.12679,0.23912,0.03400,0.03285,0.02521,0.03605
0.17102,0.08455,0.06938,0.10985,0.10197,0.32503,0.03854,0.03685,0.02666,0.03615
0.18347,0.06954,0.05693,0.10188,0.09057,0.38241,0.03167,0.03151,0.02076,0.03128
0.19570,0.08107,0.06111,0.10586,0.09777,0.31479,0.04010,0.03847,0.02581,0.03931
0.24789,0.08785,0.06360,0.13142,0.11171,0.23617,0.03290,0.03215,0.02352,0.03278
0.27468,0.08163,0.06463,0.13386,0.10962,0.21647,0.03083,0.03040,0.02608,0.03180
0.16321,0.06465,0.05662,0.09234,0.08334,0.41188,0.03319,0.03539,0.02531,0.03406
0.25648,0.08710,0.06776,0.12866,0.11041,0.23455,0.03141,0.03131,0.02190,0.03042
0.14333,0.09125,0.07457,0.11569,0.09671,0.33500,0.04064,0.03699,0.02508,0.04075
0.15107,0.06583,0.05583,0.09156,0.08189,0.40887,0.03888,0.03958,0.02952,0.03696
0.21901,0.09918,0.07522,0.12956,0.11644,0.21180,0.03926,0.03931,0.03067,0.03954
0.15815,0.09000,0.07348,0.10652,0.09601,0.23278,0.05933,0.06738,0.04860,0.06775
0.14570,0.08366,0.06817,0.10063,0.08500,0.35650,0.04189,0.04378,0.02927,0.04539
0.22130,0.05346,0.04613,0.09404,0.07844,0.39785,0.02910,0.02912,0.02236,0.02820
0.15830,0.07864,0.06220,0.09529,0.08593,0.39104,0.03475,0.03625,0.02387,0.03371
0.21804,0.06942,0.05317,0.11102,0.09344,0.31444,0.03700,0.04017,0.02296,0.04034
0.14703,0.06916,0.05665,0.09348,0.08645,0.40750,0.03693,0.03873,0.02719,0.03688
0.22767,0.11008,0.08512,0.13107,0.11763,0.17397,0.04134,0.04275,0.03181,0.03857
0.22454,0.07455,0.05443,0.10661,0.10144,0.30400,0.03541,0.03608,0.02488,0.03806
0.21950,0.10728,0.08356,0.13981,0.11900,0.19109,0.03674,0.03718,0.02917,0.03668
0.19566,0.08420,0.07877,0.11900,0.11103,0.24910,0.04441,0.04136,0.03241,0.04404
0.15724,0.10708,0.08746,0.14353,0.11783,0.24029,0.03781,0.03985,0.02915,0.03977
0.25443,0.08453,0.07269,0.13506,0.12755,0.19367,0.03704,0.03670,0.02389,0.03444
0.18174,0.10390,0.08654,0.13549,0.11503,0.16189,0.05456,0.06107,0.03705,0.06273
0.21040,0.09670,0.07147,0.12394,0.11205,0.25978,0.03280,0.03562,0.02431,0.03292
0.15242,0.08489,0.07460,0.10752,0.09579,0.31030,0.04914,0.04456,0.03438,0.04640
0.20660,0.11553,0.09617,0.14523,0.12649,0.17340,0.03648,0.03613,0.02583,0.03813
0.20729,0.07385,0.05535,0.10084,0.09271,0.34973,0.03346,0.03005,0.02301,0.03369
0.19818,0.09592,0.07617,0.12003,0.10816,0.26642,0.03742,0.03838,0.02532,0.03400
0.24330,0.08606,0.06574,0.13535,0.11053,0.21880,0.03785,0.04006,0.02573,0.03658
0.19009,0.07287,0.05486,0.10511,0.09319,0.36855,0.03119,0.03107,0.02267,0.03040
0.17444,0.08156,0.06377,0.10064,0.09615,0.35968,0.03419,0.03276,0.02387,0.03295
0.16543,0.07993,0.06457,0.10493,0.09254,0.34210,0.03887,0.04044,0.03030,0.04089
0.28208,0.08636,0.06389,0.11270,0.10742,0.22625,0.03168,0.03194,0.02494,0.03272
0.14286,0.07756,0.06187,0.09277,0.08669,0.31100,0.05637,0.06442,0.04255,0.06393
0.20713,0.08601,0.06388,0.11446,0.10170,0.29267,0.03770,0.03535,0.02713,0.03397
0.12436,0.08052,0.06976,0.09702,0.08408,0.41369,0.03447,0.03619,0.02736,0.03255
0.18344,0.07206,0.05883,0.10598,0.09520,0.36231,0.03196,0.03447,0.02300,0.03275
0.14908,0.08391,0.06899,0.10335,0.09120,0.35484,0.03718,0.04056,0.02927,0.04162
0.16312,0.07744,0.06290,0.09768,0.08924,0.35406,0.04073,0.04259,0.02969,0.04255
0.11214,0.08367,0.06472,0.08910,0.08990,0.42975,0.03425,0.03371,0.02585,0.03690
0.19101,0.09194,0.06960,0.11849,0.10104,0.26230,0.04532,0.04545,0.02964,0.04521
0.27919,0.07382,0.06025,0.11933,0.09959,0.24072,0.03643,0.03369,0.02497,0.03202
0.16768,0.10335,0.08659,0.11847,0.11013,0.23246,0.04826,0.04865,0.03487,0.04954
0.16373,0.05774,0.04712,0.09078,0.08443,0.42391,0.03537,0.03701,0.02316,0.03675
0.20849,0.09480,0.07430,0.12639,0.10560,0.24355,0.03909,0.04010,0.02853,0.03913
0.27669,0.07736,0.05521,0.12128,0.11613,0.22577,0.03462,0.03392,0.02454,0.03449
0.33183,0.07505,0.06346,0.13978,0.11704,0.15080,0.03035,0.03407,0.02522,0.03241
0.24952,0.05954,0.04201,0.10524,0.09150,0.33069,0.03372,0.03309,0.02088,0.03381
0.16748,0.10234,0.08161,0.12430,0.10890,0.26341,0.03825,0.04269,0.02976,0.04126
0.15620,0.09549,0.07495,0.13065,0.11189,0.28737,0.03746,0.03779,0.02715,0.04105
0.21933,0.10620,0.08178,0.13567,0.11896,0.15970,0.04841,0.04907,0.03318,0.04769
0.13605,0.08632,0.06983,0.09756,0.09090,0.37569,0.03838,0.03972,0.02427,0.04129
0.17388,0.07738,0.06173,0.09810,0.09340,0.34805,0.03822,0.03939,0.02849,0.04136
0.16939,0.10416,0.08378,0.11880,0.10949,0.26334,0.03792,0.04012,0.03211,0.04088
0.14992,0.08212,0.06698,0.10034,0.09093,0.36230,0.03903,0.04271,0.02524,0.04043
0.24797,0.09193,0.07229,0.13334,0.11792,0.22175,0.02895,0.02801,0.02473,0.03312
0.20096,0.10151,0.08967,0.13039,0.12181,0.17547,0.04567,0.04917,0.03675,0.04860
0.18843,0.10458,0.09113,0.12885,0.11894,0.18196,0.04658,0.05215,0.03722,0.05015
0.21767,0.08840,0.07003,0.11910,0.10671,0.26902,0.03479,0.03469,0.02627,0.03333
0.17623,0.07213,0.06377,0.10262,0.09536,0.31793,0.04393,0.04735,0.03232,0.04836
0.14445,0.07407,0.06246,0.09363,0.08932,0.37863,0.04319,0.03998,0.03403,0.04023
0.22239,0.07136,0.05466,0.10839,0.09511,0.34185,0.03011,0.02856,0.01894,0.02864
0.21122,0.08838,0.07265,0.12535,0.11821,0.23315,0.04335,0.03999,0.02954,0.03815
0.17372,0.08007,0.06572,0.11155,0.09723,0.35423,0.02908,0.03098,0.02407,0.03335
0.20544,0.08609,0.07101,0.12020,0.10905,0.26349,0.03746,0.03873,0.02796,0.04055
0.19970,0.09163,0.07211,0.11989,0.10441,0.25187,0.04243,0.04381,0.03018,0.04396
0.14288,0.07788,0.06553,0.09928,0.08451,0.39186,0.03920,0.03714,0.02536,0.03637
0.21082,0.10065,0.07649,0.12973,0.11582,0.22131,0.03721,0.04161,0.02706,0.03929
0.14376,0.06972,0.05441,0.08917,0.08069,0.40469,0.04207,0.04668,0.02906,0.03975
0.22551,0.07230,0.05758,0.10741,0.09536,0.31973,0.03174,0.03409,0.02394,0.03235
0.19150,0.08563,0.06987,0.11852,0.10438,0.25340,0.04449,0.04799,0.03498,0.04924
0.21128,0.10320,0.08114,0.13299,0.10840,0.17251,0.04909,0.05599,0.03276,0.05263
0.21162,0.10921,0.08629,0.12500,0.10575,0.23672,0.03369,0.03461,0.02349,0.03362
0.15131,0.09423,0.07727,0.12020,0.10391,0.28965,0.04127,0.04495,0.03130,0.04591
0.19445,0.08777,0.07002,0.11224,0.09934,0.27904,0.04217,0.04321,0.03004,0.04171
0.20422,0.12789,0.11087,0.15992,0.14123,0.11109,0.03599,0.04113,0.02668,0.04097
0.20000,0.10092,0.08110,0.13277,0.11573,0.22207,0.03862,0.03850,0.03049,0.03980
0.20817,0.08079,0.05923,0.10148,0.09196,0.30482,0.03910,0.04247,0.02919,0.04278
0.21937,0.09034,0.07015,0.12183,0.10762,0.24513,0.03754,0.03996,0.02840,0.03966
0.18078,0.09955,0.08591,0.12058,0.11174,0.23201,0.04553,0.04553,0.03476,0.04359
0.19896,0.08953,0.07195,0.12447,0.10797,0.28508,0.03154,0.03309,0.02213,0.03528
0.12780,0.07238,0.06415,0.09225,0.08158,0.41218,0.03821,0.04171,0.02879,0.04093
0.12381,0.07271,0.06046,0.09063,0.08281,0.32745,0.06165,0.06616,0.04599,0.06832
0.22942,0.09778,0.08609,0.12838,0.12283,0.16444,0.04482,0.04444,0.03350,0.04830
0.18673,0.10551,0.07844,0.12429,0.11256,0.23362,0.04070,0.04422,0.02911,0.04482
0.27311,0.08444,0.05975,0.10386,0.10064,0.22686,0.03803,0.04368,0.03030,0.03934
0.23510,0.08856,0.06890,0.12945,0.10473,0.22181,0.03746,0.04289,0.02639,0.04471
0.15858,0.07796,0.06163,0.09459,0.08947,0.32797,0.05445,0.04993,0.03653,0.04890
0.24732,0.09207,0.07345,0.13413,0.11494,0.22803,0.03012,0.02924,0.02131,0.02939
0.21573,0.08053,0.06230,0.11944,0.10585,0.24655,0.04219,0.04994,0.02940,0.04806
0.17317,0.10298,0.08655,0.12787,0.11596,0.24213,0.04083,0.04031,0.02882,0.04138
0.16610,0.08400,0.06837,0.10047,0.08874,0.35631,0.03694,0.03539,0.02550,0.03818
0.18397,0.07637,0.05562,0.10024,0.08976,0.31556,0.04596,0.04908,0.03587,0.04756
0.21450,0.09557,0.07780,0.12265,0.11444,0.24199,0.03633,0.03382,0.02673,0.03617
0.24016,0.08087,0.06135,0.11997,0.11014,0.25152,0.03622,0.03770,0.02388,0.03819
0.20671,0.08850,0.06673,0.11819,0.10478,0.27804,0.03697,0.03708,0.02679,0.03621
0.16705,0.09148,0.07436,0.11156,0.10073,0.30342,0.04151,0.04070,0.03192,0.03727
0.18627,0.08263,0.06697,0.11171,0.10091,0.29944,0.04053,0.04078,0.02937,0.04139
0.16915,0.09959,0.08458,0.12666,0.11357,0.24510,0.04265,0.04353,0.03083,0.04433
0.16472,0.09051,0.07267,0.10737,0.09745,0.26482,0.05104,0.05528,0.04160,0.05454
0.17881,0.06096,0.04843,0.08647,0.07583,0.42375,0.03385,0.03336,0.02583,0.03271
0.17891,0.09663,0.08392,0.12070,0.11162,0.19038,0.05666,0.06111,0.04193,0.05815
0.16965,0.07526,0.05911,0.10230,0.08595,0.38756,0.03090,0.03404,0.02361,0.03161
0.10296,0.08107,0.06563,0.09140,0.08534,0.35899,0.05286,0.06246,0.03678,0.06250
0.23795,0.10359,0.07704,0.12502,0.11239,0.22683,0.03146,0.03164,0.02405,0.03003
0.24168,0.09429,0.07514,0.13841,0.12367,0.20122,0.03589,0.03367,0.02452,0.03151
0.26100,0.07681,0.05507,0.10390,0.09912,0.29675,0.02958,0.02832,0.02028,0.02916
0.24013,0.08656,0.06678,0.12462,0.11763,0.23192,0.03366,0.03514,0.02687,0.03668
0.13347,0.05990,0.04733,0.07678,0.07012,0.48760,0.03461,0.03490,0.02284,0.03245
0.17003,0.07597,0.06297,0.10141,0.09050,0.36711,0.03533,0.03667,0.02621,0.03380
0.20401,0.08578,0.06750,0.11904,0.09877,0.31278,0.02870,0.03045,0.02318,0.02980
0.15562,0.05741,0.04337,0.07620,0.06989,0.47561,0.03337,0.03389,0.02209,0.03256
0.18464,0.08885,0.07132,0.10741,0.10659,0.27755,0.04639,0.04105,0.03395,0.04226
0.17539,0.07895,0.06635,0.10593,0.10492,0.25412,0.05510,0.06400,0.03587,0.05938
0.24072,0.07595,0.06001,0.10333,0.09912,0.29183,0.03516,0.03458,0.02601,0.03330
0.19734,0.07532,0.06052,0.10235,0.09258,0.30982,0.03938,0.04922,0.02971,0.04374
0.23929,0.06706,0.05395,0.11288,0.09379,0.32843,0.02839,0.02968,0.01838,0.02816
0.19512,0.09669,0.07610,0.12394,0.11095,0.24139,0.04199,0.04052,0.03151,0.04179
0.28071,0.09131,0.07844,0.14793,0.12673,0.17422,0.02632,0.02651,0.02151,0.02632
0.26528,0.08220,0.05944,0.10817,0.10348,0.22486,0.04051,0.04476,0.02941,0.04189
0.17979,0.08968,0.07254,0.11775,0.10388,0.27937,0.04291,0.04210,0.02984,0.04214
0.15886,0.09192,0.08039,0.11864,0.10747,0.25137,0.04883,0.05263,0.03729,0.05260
0.22766,0.08558,0.07077,0.13110,0.11516,0.20223,0.04315,0.04938,0.03026,0.04472
0.18044,0.10093,0.07941,0.12228,0.11056,0.25066,0.04283,0.04161,0.03026,0.04102
0.23336,0.09213,0.07343,0.13018,0.11600,0.20586,0.03893,0.04053,0.03111,0.03847
0.18249,0.11609,0.09013,0.14917,0.12869,0.16967,0.04088,0.04534,0.03502,0.04251
0.25679,0.07306,0.05822,0.11229,0.10180,0.27629,0.03219,0.03161,0.02402,0.03374
0.17626,0.09215,0.07233,0.11498,0.10130,0.27896,0.04061,0.04385,0.03287,0.04669
0.17548,0.11295,0.09198,0.13425,0.11654,0.17563,0.04761,0.05462,0.03727,0.05366
0.22541,0.09693,0.07738,0.13118,0.11645,0.20986,0.03734,0.03788,0.02687,0.04070
0.23935,0.07977,0.06042,0.10468,0.09880,0.26764,0.04048,0.04072,0.02777,0.04037
0.12490,0.09891,0.08170,0.10630,0.09938,0.31830,0.04444,0.04525,0.03273,0.04808
0.22576,0.08848,0.07325,0.13394,0.11960,0.22211,0.03404,0.03823,0.02771,0.03687
0.24262,0.07319,0.06151,0.12218,0.10372,0.22408,0.04640,0.04931,0.02919,0.04779
0.18911,0.08943,0.06894,0.11439,0.10035,0.30411,0.03272,0.03560,0.02788,0.03746
0.18943,0.08204,0.06557,0.10903,0.09387,0.29494,0.04186,0.04836,0.02956,0.04533
0.23970,0.08008,0.06202,0.12190,0.11203,0.21574,0.03925,0.05131,0.03060,0.04739
0.14800,0.10599,0.07897,0.11210,0.10361,0.32596,0.03439,0.03349,0.02717,0.03033
0.20565,0.08537,0.07175,0.11602,0.10694,0.22954,0.04874,0.04828,0.03789,0.04982
0.15969,0.06939,0.05520,0.09548,0.08034,0.39472,0.03922,0.04108,0.02874,0.03613
0.18181,0.08526,0.07195,0.11269,0.10261,0.28254,0.04343,0.04295,0.03269,0.04407
0.20838,0.07463,0.05740,0.11054,0.09298,0.31736,0.03632,0.03827,0.02434,0.03979
0.24488,0.10902,0.07938,0.13487,0.11415,0.18507,0.03316,0.03719,0.02635,0.03592
0.21365,0.08030,0.06409,0.12464,0.10855,0.25363,0.03938,0.04787,0.02631,0.04159
0.22024,0.08507,0.06474,0.11986,0.10318,0.28919,0.03302,0.03023,0.02210,0.03237
0.22133,0.08780,0.06895,0.12003,0.10563,0.28482,0.02840,0.03104,0.02219,0.02982
0.26344,0.10154,0.07850,0.15018,0.13311,0.15010,0.03219,0.03098,0.02589,0.03407
0.17057,0.07831,0.06334,0.10588,0.09224,0.34666,0.03813,0.03849,0.02718,0.03920
0.18373,0.08840,0.07068,0.11340,0.10153,0.28705,0.03933,0.04260,0.03015,0.04313
0.21161,0.09995,0.07521,0.12218,0.10518,0.24813,0.03783,0.03622,0.02860,0.03509
0.24817,0.09046,0.07345,0.13532,0.12158,0.15280,0.04675,0.05188,0.03239,0.04722
0.17405,0.07537,0.06289,0.10593,0.09391,0.33660,0.04045,0.04349,0.02662,0.04069
0.24140,0.09167,0.07271,0.13344,0.11514,0.22301,0.03093,0.03517,0.02467,0.03186
0.18732,0.06474,0.04944,0.10153,0.08670,0.38761,0.03120,0.03673,0.02103,0.03370
0.22395,0.08591,0.06948,0.11734,0.10460,0.24351,0.03968,0.04358,0.02956,0.04238
0.14953,0.07283,0.05810,0.09487,0.08251,0.41420,0.03319,0.03483,0.02572,0.03420
0.18907,0.11242,0.08619,0.13697,0.11887,0.18374,0.04406,0.04919,0.03272,0.04678
0.16805,0.08524,0.07290,0.10738,0.09666,0.32342,0.03804,0.03727,0.03092,0.04011
0.18430,0.09169,0.07451,0.12524,0.10726,0.29329,0.03517,0.03315,0.02268,0.03270
0.17515,0.08221,0.07064,0.10552,0.09140,0.32614,0.03800,0.03881,0.03071,0.04141
0.15692,0.07216,0.05606,0.09368,0.08609,0.40291,0.03477,0.03597,0.02469,0.03674
0.22399,0.07254,0.06225,0.11153,0.10209,0.25849,0.04501,0.04826,0.03134,0.04450
0.14763,0.08927,0.07742,0.12006,0.09807,0.31883,0.04352,0.03745,0.02675,0.04100
0.17055,0.07016,0.05432,0.09233,0.08938,0.39338,0.03415,0.03416,0.02657,0.03500
0.23228,0.06605,0.04962,0.10563,0.09770,0.34215,0.02851,0.02938,0.02015,0.02852
0.24178,0.08770,0.06741,0.12497,0.11170,0.23128,0.03353,0.03595,0.02953,0.03615
0.19274,0.09944,0.07563,0.12628,0.10958,0.25571,0.03885,0.03736,0.02793,0.03647
0.15163,0.09328,0.07602,0.11007,0.09767,0.30535,0.04124,0.04575,0.03384,0.04514
0.22702,0.07093,0.04925,0.10433,0.09460,0.36134,0.02416,0.02615,0.01727,0.02495
0.14187,0.07578,0.06219,0.09739,0.08515,0.38867,0.04102,0.04032,0.03012,0.03751
0.16180,0.06960,0.05906,0.09962,0.09281,0.35842,0.04114,0.04116,0.03009,0.04629
0.15304,0.07573,0.05920,0.09712,0.08669,0.34164,0.04933,0.05449,0.03453,0.04822
0.15947,0.07316,0.05891,0.09635,0.08417,0.28578,0.06421,0.06675,0.04382,0.06738
0.16588,0.10443,0.08750,0.12564,0.11741,0.26214,0.03529,0.03679,0.02807,0.03685
0.23539,0.08309,0.06939,0.12947,0.11960,0.22044,0.03831,0.04159,0.02592,0.03680
0.19350,0.08804,0.06469,0.11124,0.10437,0.30348,0.03527,0.03529,0.02837,0.03574
0.18707,0.07387,0.06335,0.10518,0.09715,0.33416,0.03873,0.03695,0.02707,0.03649
0.15004,0.09375,0.07635,0.11345,0.10009,0.25797,0.05604,0.05477,0.03982,0.05772
0.15081,0.07031,0.05362,0.08965,0.08151,0.41476,0.03936,0.03819,0.02617,0.03560
0.14861,0.09148,0.07412,0.10655,0.09381,0.32829,0.04361,0.04088,0.02967,0.04297
0.20841,0.11017,0.08715,0.13414,0.12464,0.15112,0.04690,0.05068,0.03687,0.04992
0.19094,0.10176,0.08830,0.12957,0.11850,0.22023,0.04034,0.03951,0.02837,0.04249
0.16642,0.09998,0.07753,0.11450,0.10699,0.26773,0.04157,0.04476,0.03259,0.04792
0.25511,0.06887,0.05655,0.11199,0.09859,0.28545,0.03102,0.03390,0.02517,0.03336
0.17126,0.09881,0.08071,0.11824,0.10770,0.27647,0.03854,0.04053,0.03072,0.03703
0.22924,0.10983,0.09060,0.14263,0.13048,0.14188,0.03784,0.04285,0.03438,0.04027
0.11837,0.07479,0.06528,0.09856,0.08522,0.38253,0.04676,0.04713,0.03236,0.04900
0.17706,0.08403,0.07445,0.11038,0.10470,0.26377,0.05228,0.04931,0.03590,0.04813
0.15378,0.07503,0.05891,0.09545,0.08822,0.34186,0.04988,0.05289,0.03457,0.04941
0.17124,0.10847,0.08459,0.14664,0.12376,0.21746,0.03945,0.03920,0.02990,0.03929
0.18985,0.09864,0.08609,0.12087,0.11921,0.22513,0.04025,0.04234,0.03509,0.04253
0.28811,0.08800,0.06562,0.12250,0.11485,0.19184,0.03207,0.03508,0.02759,0.03433
0.21508,0.08291,0.06292,0.11473,0.10291,0.22221,0.04945,0.06002,0.03838,0.05138
0.23175,0.08570,0.07457,0.12117,0.11434,0.22844,0.03801,0.03909,0.02773,0.03919
0.19335,0.07132,0.05786,0.09263,0.08767,0.37678,0.03397,0.03080,0.02377,0.03184
0.17074,0.07670,0.06021,0.09676,0.09095,0.36639,0.03790,0.03583,0.02747,0.03706
0.17290,0.08479,0.07031,0.10688,0.09890,0.30028,0.04313,0.04727,0.02916,0.04639
0.17719,0.09688,0.07874,0.11491,0.10985,0.26840,0.04142,0.03954,0.03012,0.04295
0.17928,0.08805,0.06919,0.11035,0.09549,0.31129,0.03885,0.03965,0.02833,0.03953
0.15586,0.05730,0.04169,0.07504,0.06772,0.46563,0.03625,0.03949,0.02718,0.03384
0.17759,0.09373,0.07839,0.11934,0.10949,0.29022,0.03431,0.03350,0.02648,0.03695
0.23740,0.09213,0.07522,0.13690,0.12536,0.19493,0.03567,0.03916,0.02667,0.03656
0.17901,0.08897,0.06825,0.12369,0.10472,0.31500,0.03353,0.03364,0.02301,0.03017
0.12996,0.09247,0.07395,0.10563,0.09848,0.26286,0.05794,0.07340,0.03819,0.06712
0.19998,0.08934,0.07281,0.11047,0.10386,0.24569,0.04593,0.04875,0.03578,0.04738
0.17132,0.08546,0.06916,0.10633,0.09566,0.34592,0.03266,0.03276,0.02535,0.03539
0.14515,0.09294,0.07682,0.10643,0.09796,0.25772,0.05741,0.06300,0.04074,0.06183
0.17983,0.07234,0.05746,0.09485,0.09145,0.36880,0.03604,0.03767,0.02596,0.03559
0.21887,0.08267,0.06506,0.11191,0.10204,0.29123,0.03351,0.03543,0.02422,0.03506
0.25806,0.07948,0.06533,0.12008,0.11161,0.23999,0.03344,0.03368,0.02519,0.03314
0.36725,0.06105,0.05061,0.13372,0.10854,0.17507,0.03014,0.02690,0.01895,0.02777
0.18169,0.09237,0.07619,0.11741,0.10981,0.28293,0.03725,0.03809,0.02713,0.03713
0.36293,0.06253,0.04032,0.12526,0.12893,0.18962,0.02383,0.02580,0.01712,0.02366
0.22517,0.08348,0.06801,0.11859,0.10883,0.27280,0.03568,0.03413,0.02160,0.03171
0.22802,0.07991,0.06932,0.12356,0.10701,0.21659,0.04445,0.04952,0.03320,0.04842
0.20387,0.08329,0.06988,0.11334,0.10279,0.27823,0.03690,0.04323,0.02770,0.04077
0.14781,0.07173,0.06231,0.09138,0.08431,0.39166,0.04143,0.04145,0.03065,0.03727
0.17813,0.07844,0.06331,0.10067,0.09850,0.33011,0.03942,0.04208,0.02833,0.04101
0.28237,0.09441,0.07018,0.13068,0.11960,0.17259,0.03408,0.03498,0.02396,0.03715
0.23854,0.08032,0.06329,0.11796,0.10879,0.23158,0.04124,0.04390,0.03111,0.04327
0.21513,0.10966,0.08088,0.12609,0.11055,0.21816,0.03652,0.03603,0.02765,0.03931
0.13283,0.09918,0.08122,0.10222,0.10261,0.30520,0.04818,0.04365,0.03959,0.04534
0.15851,0.08601,0.06527,0.09903,0.09044,0.34291,0.03858,0.04210,0.03294,0.04421
0.15184,0.07495,0.06759,0.09806,0.09115,0.33357,0.05106,0.04604,0.03463,0.05112
0.16726,0.08906,0.07156,0.11664,0.09974,0.31333,0.04039,0.03743,0.02750,0.03708
0.15619,0.07811,0.06634,0.09990,0.08930,0.36032,0.04133,0.04016,0.02844,0.03992
0.20279,0.08937,0.07400,0.12388,0.10778,0.20628,0.04999,0.05460,0.03462,0.05670
0.28590,0.09142,0.07452,0.14200,0.13063,0.11224,0.04252,0.04781,0.03056,0.04241
0.16650,0.09714,0.07994,0.13056,0.11408,0.28598,0.03467,0.02940,0.02666,0.03508
0.23420,0.09499,0.08401,0.13857,0.12515,0.18108,0.03501,0.04023,0.02801,0.03876
0.16463,0.09170,0.07576,0.11268,0.10230,0.29335,0.04093,0.04395,0.03174,0.04297
0.21480,0.08281,0.06539,0.11633,0.10091,0.28954,0.03287,0.03615,0.02464,0.03656
0.21900,0.08153,0.06279,0.10852,0.09996,0.26063,0.04212,0.04730,0.03082,0.04734
0.15566,0.10065,0.08291,0.13348,0.11597,0.22664,0.04439,0.05332,0.03539,0.05160
0.13434,0.07009,0.05908,0.09471,0.08501,0.41580,0.03900,0.03794,0.02453,0.03950
0.15545,0.08733,0.07615,0.10757,0.09488,0.28113,0.04898,0.05270,0.04039,0.05541
0.16989,0.08695,0.07321,0.11803,0.10874,0.30599,0.03592,0.03499,0.02995,0.03634
0.22823,0.08062,0.06556,0.12066,0.10223,0.28152,0.03174,0.03223,0.02420,0.03301
0.22805,0.09094,0.07138,0.12631,0.10888,0.21350,0.04365,0.04443,0.02952,0.04333
0.20362,0.06673,0.05572,0.10375,0.09171,0.36314,0.03148,0.03040,0.02232,0.03113
0.15125,0.09138,0.07635,0.10893,0.10277,0.24351,0.05657,0.06417,0.04178,0.06331
0.22182,0.10075,0.07729,0.12814,0.11303,0.25007,0.02715,0.02658,0.02331,0.03185
0.25810,0.07415,0.05932,0.12375,0.10439,0.26707,0.02999,0.02987,0.02211,0.03125
0.19440,0.09933,0.07789,0.12684,0.11105,0.24138,0.03830,0.03718,0.03071,0.04292
0.26208,0.06786,0.05735,0.11923,0.10370,0.26601,0.03246,0.03401,0.02544,0.03186
0.20387,0.09704,0.08016,0.12296,0.11073,0.21547,0.04539,0.04684,0.03427,0.04327
0.20784,0.07506,0.05606,0.10640,0.09283,0.29401,0.04420,0.04793,0.03086,0.04482
0.16354,0.08467,0.07083,0.10544,0.09592,0.22435,0.06490,0.07545,0.03984,0.07506
0.17531,0.09461,0.07695,0.12466,0.10625,0.25811,0.04271,0.04499,0.03017,0.04624
0.17644,0.07370,0.05921,0.09927,0.08865,0.39081,0.03051,0.02927,0.02148,0.03066
0.18368,0.08038,0.06868,0.11092,0.10417,0.28565,0.04551,0.04533,0.03021,0.04547
0.19332,0.09886,0.07706,0.12262,0.11392,0.26566,0.03451,0.03663,0.02371,0.03370
0.13506,0.08471,0.06647,0.10118,0.08725,0.31688,0.05284,0.05977,0.03786,0.05797
0.15795,0.08963,0.07327,0.11117,0.09799,0.33835,0.03577,0.03540,0.02649,0.03397
0.20173,0.07867,0.06363,0.11489,0.10591,0.23185,0.05099,0.06262,0.03624,0.05346
0.24219,0.09031,0.07953,0.13375,0.11618,0.21032,0.03284,0.03456,0.02510,0.03521
0.21271,0.08914,0.07001,0.11971,0.10930,0.26646,0.03175,0.03908,0.02710,0.03474
