0.15482,0.15340,0.35216,0.33961
0.13582,0.42079,0.22539,0.21800
0.20607,0.20828,0.29654,0.28912
0.07782,0.08098,0.42686,0.41435
0.07700,0.08527,0.42717,0.41056
0.12067,0.12142,0.38529,0.37261
0.18551,0.18862,0.32009,0.30578
0.10367,0.10182,0.40405,0.39046
0.08070,0.08185,0.42420,0.41325
0.15022,0.15287,0.35488,0.34203
0.11973,0.12520,0.38153,0.37354
0.24837,0.03595,0.36234,0.35333
0.08553,0.09148,0.41743,0.40556
0.12499,0.09855,0.39380,0.38265
0.31456,0.07476,0.30644,0.30423
0.23524,0.11766,0.32845,0.31866
0.15046,0.23382,0.31444,0.30128
0.20941,0.08691,0.35574,0.34795
0.15206,0.16985,0.34224,0.33585
0.19157,0.15640,0.33226,0.31978
0.24190,0.24357,0.26164,0.25288
0.11538,0.04979,0.42393,0.41090
0.12697,0.12291,0.38008,0.37004
0.13961,0.09440,0.38803,0.37796
0.11608,0.25785,0.31777,0.30831
0.14756,0.02854,0.42093,0.40297
0.31311,0.10571,0.29421,0.28697
0.12318,0.28865,0.29869,0.28947
0.15639,0.15702,0.34917,0.33742
0.14246,0.11524,0.37632,0.36598
0.07060,0.14488,0.39508,0.38944
0.31996,0.04697,0.32168,0.31139
0.04896,0.08476,0.43835,0.42793
0.17493,0.17381,0.32955,0.32170
0.09181,0.04366,0.43827,0.42626
0.16027,0.16424,0.34502,0.33047
0.14241,0.06373,0.40105,0.39281
0.11346,0.11301,0.39040,0.38313
0.11886,0.10905,0.39054,0.38155
0.05288,0.09875,0.43327,0.41510
0.13372,0.17762,0.34809,0.34057
0.12228,0.14665,0.37148,0.35960
0.16402,0.17146,0.33938,0.32514
0.23355,0.23660,0.27152,0.25833
0.38669,0.13353,0.24457,0.23521
0.02339,0.07591,0.45545,0.44525
0.18879,0.19088,0.31535,0.30498
0.25285,0.25345,0.25281,0.24089
0.09285,0.13597,0.39015,0.38103
0.03886,0.22328,0.37479,0.36307
0.14194,0.14316,0.36437,0.35052
0.12821,0.23630,0.32353,0.31196
0.08449,0.15626,0.38382,0.37544
0.19036,0.06978,0.37677,0.36309
0.09506,0.05342,0.43386,0.41766
0.15516,0.15476,0.34995,0.34013
0.16275,0.16567,0.34131,0.33027
0.14940,0.15086,0.35500,0.34474
0.13977,0.27133,0.30130,0.28760
0.19262,0.16294,0.32656,0.31788
0.09694,0.10457,0.40508,0.39341
0.13353,0.13977,0.36950,0.35720
0.09226,0.29363,0.31191,0.30220
0.09645,0.16235,0.37530,0.36590
0.15734,0.22178,0.31499,0.30588
0.11655,0.11720,0.39000,0.37625
0.22184,0.22216,0.28350,0.27249
0.17189,0.17162,0.33507,0.32141
0.22632,0.22675,0.27951,0.26743
0.17469,0.17827,0.32997,0.31707
0.20953,0.28269,0.25843,0.24936
0.11198,0.10433,0.39759,0.38610
0.10272,0.10337,0.40724,0.38667
0.09726,0.30357,0.30695,0.29222
0.18287,0.18424,0.32520,0.30769
0.07587,0.17759,0.37878,0.36775
0.25341,0.26088,0.24797,0.23775
0.04786,0.04923,0.45792,0.44499
0.26627,0.19986,0.27190,0.26198
0.12431,0.16371,0.36070,0.35128
0.28391,0.14703,0.29003,0.27903
0.20400,0.21026,0.29975,0.28599
0.13101,0.09119,0.39401,0.38379
0.04082,0.05344,0.46111,0.44462
0.21077,0.33371,0.23204,0.22349
0.18728,0.18895,0.31788,0.30589
0.04133,0.17725,0.39533,0.38610
0.07112,0.02181,0.45831,0.44875
0.05269,0.16116,0.40007,0.38609
0.17187,0.17040,0.33562,0.32210
0.05301,0.26037,0.34893,0.33770
0.12430,0.19632,0.34577,0.33362
0.21403,0.06719,0.36527,0.35350
0.15695,0.16178,0.34667,0.33459
0.15996,0.16377,0.34543,0.33084
0.12143,0.12062,0.38777,0.37018
0.24230,0.28180,0.24214,0.23376
0.03397,0.04436,0.46735,0.45432
0.12822,0.05464,0.41447,0.40268
0.11431,0.14250,0.37864,0.36454
0.14630,0.13794,0.36200,0.35376
0.22476,0.22987,0.27706,0.26832
0.29811,0.14958,0.28092,0.27139
0.16346,0.16060,0.34394,0.33201
0.15729,0.21909,0.31860,0.30501
0.25198,0.26467,0.24683,0.23653
0.18887,0.18986,0.31541,0.30586
0.17154,0.16920,0.33529,0.32397
0.04713,0.11732,0.42237,0.41318
0.20774,0.04612,0.37716,0.36897
0.18909,0.18908,0.31838,0.30345
0.06435,0.09203,0.42566,0.41796
0.08112,0.08179,0.42511,0.41198
0.16117,0.26120,0.29427,0.28336
0.22702,0.06974,0.35726,0.34599
0.12552,0.12795,0.38039,0.36614
0.12047,0.11961,0.38629,0.37363
0.18645,0.19002,0.31657,0.30696
0.12412,0.12518,0.37936,0.37134
0.15832,0.15156,0.34843,0.34170
0.16604,0.16724,0.33895,0.32777
0.15784,0.16169,0.34753,0.33294
0.16883,0.17033,0.33735,0.32349
0.21458,0.10664,0.34733,0.33146
0.13158,0.13556,0.37318,0.35968
0.20898,0.21082,0.29508,0.28513
0.15409,0.19735,0.33094,0.31762
0.17194,0.16922,0.33468,0.32416
0.11871,0.12007,0.38603,0.37519
0.15822,0.16120,0.34756,0.33302
0.24201,0.10234,0.33307,0.32259
0.07783,0.07909,0.42897,0.41411
0.14806,0.12055,0.37031,0.36108
0.21576,0.21493,0.28930,0.28002
0.21213,0.02568,0.38689,0.37529
0.05397,0.08495,0.44075,0.42033
0.09822,0.13028,0.39231,0.37918
0.16194,0.16681,0.34234,0.32892
0.14695,0.14693,0.35930,0.34683
0.11507,0.11826,0.38866,0.37801
0.18688,0.19146,0.31829,0.30337
0.02579,0.04162,0.47086,0.46173
0.19069,0.05210,0.38322,0.37399
0.16505,0.17149,0.33837,0.32510
0.14620,0.14954,0.35826,0.34600
0.04158,0.13533,0.41730,0.40580
0.07949,0.08141,0.42597,0.41313
0.15553,0.09134,0.38022,0.37291
0.12153,0.12289,0.38596,0.36963
0.19284,0.20620,0.30475,0.29621
0.13550,0.13411,0.37182,0.35856
0.04726,0.19242,0.38422,0.37610
0.17297,0.17637,0.33101,0.31966
0.09721,0.09874,0.41313,0.39093
0.12283,0.12327,0.38293,0.37097
0.17839,0.06152,0.38619,0.37390
0.14459,0.15082,0.35726,0.34733
0.13314,0.13243,0.37352,0.36092
0.08676,0.08912,0.41819,0.40593
0.16635,0.16734,0.33863,0.32767
0.17793,0.17546,0.33115,0.31546
0.18614,0.19233,0.31763,0.30390
0.20716,0.20851,0.29816,0.28617
0.25724,0.26230,0.24577,0.23470
0.21736,0.21979,0.28696,0.27589
0.24032,0.19100,0.28376,0.28492
0.15799,0.15828,0.34948,0.33424
0.16017,0.09234,0.38040,0.36709
0.12628,0.12425,0.38067,0.36880
0.13821,0.14083,0.36770,0.35327
0.16942,0.13566,0.35367,0.34125
0.26047,0.26193,0.24400,0.23359
0.14655,0.14792,0.35765,0.34788
0.23929,0.06054,0.35599,0.34418
0.19651,0.14746,0.33458,0.32146
0.12327,0.12502,0.38098,0.37072
0.22350,0.22441,0.28413,0.26796
0.09780,0.04571,0.43516,0.42132
0.09273,0.31803,0.30096,0.28828
0.15072,0.14651,0.35853,0.34425
0.24978,0.25316,0.25501,0.24204
0.05300,0.05319,0.45372,0.44009
0.16131,0.17016,0.34203,0.32650
0.07303,0.07214,0.43504,0.41979
0.14570,0.14428,0.36026,0.34977
0.12773,0.15561,0.36382,0.35283
0.13221,0.13677,0.36902,0.36200
0.24525,0.25100,0.26050,0.24324
0.08966,0.04522,0.43966,0.42546
0.13324,0.36260,0.25701,0.24716
0.31432,0.18838,0.25272,0.24458
0.15149,0.15035,0.35382,0.34434
0.15163,0.15091,0.35466,0.34280
0.11208,0.11134,0.39469,0.38189
0.03289,0.02469,0.47955,0.46288
0.07861,0.19332,0.37138,0.35669
0.03223,0.03229,0.47413,0.46135
0.31544,0.15837,0.26778,0.25841
0.18005,0.18140,0.32414,0.31441
0.28442,0.09573,0.31581,0.30404
0.11635,0.11494,0.38909,0.37962
0.21166,0.21798,0.28992,0.28044
0.20607,0.20109,0.30266,0.29018
0.14478,0.14353,0.36265,0.34904
0.11747,0.12153,0.38560,0.37540
0.16639,0.10336,0.37019,0.36006
0.06609,0.06804,0.44150,0.42438
0.14824,0.15614,0.35230,0.34332
0.04284,0.04134,0.46481,0.45101
0.05159,0.17458,0.39095,0.38288
0.07856,0.22302,0.35499,0.34343
0.19797,0.20132,0.30659,0.29413
0.32841,0.10595,0.28708,0.27855
0.15142,0.15264,0.35174,0.34421
0.18303,0.18176,0.32378,0.31143
0.20092,0.25982,0.27527,0.26399
0.08696,0.08959,0.42019,0.40326
0.07258,0.27677,0.32917,0.32148
0.15987,0.16328,0.34559,0.33126
0.04746,0.27443,0.34429,0.33382
0.24727,0.12907,0.31783,0.30583
0.20215,0.08729,0.36049,0.35006
0.22243,0.22666,0.28130,0.26962
0.09243,0.09408,0.41445,0.39904
0.05629,0.04561,0.45480,0.44330
0.04117,0.03295,0.46940,0.45647
0.09307,0.07087,0.42293,0.41313
0.03566,0.49136,0.24018,0.23281
0.05731,0.05751,0.45190,0.43328
0.04711,0.11744,0.42414,0.41132
0.13474,0.08380,0.39420,0.38726
0.22421,0.06575,0.36089,0.34915
0.11966,0.23212,0.32827,0.31995
0.07790,0.07636,0.42704,0.41869
0.06387,0.06270,0.44437,0.42906
0.11089,0.11442,0.39701,0.37768
0.23690,0.13137,0.32112,0.31061
0.12895,0.13157,0.37548,0.36400
0.06031,0.11335,0.42283,0.40351
0.13967,0.13096,0.37210,0.35727
0.09519,0.09615,0.40938,0.39928
0.07045,0.06800,0.43677,0.42477
0.24432,0.04400,0.36297,0.34871
0.07967,0.07796,0.42799,0.41437
0.11616,0.11672,0.38836,0.37876
0.14822,0.15062,0.35848,0.34268
0.15493,0.21600,0.32172,0.30735
0.05505,0.05915,0.45042,0.43538
0.12421,0.12627,0.38094,0.36859
0.20695,0.10010,0.35169,0.34125
0.08338,0.08442,0.42266,0.40954
0.05246,0.05265,0.45434,0.44054
0.09219,0.09262,0.41559,0.39960
0.11392,0.11511,0.39071,0.38026
0.03793,0.06460,0.45391,0.44356
0.19731,0.19909,0.30807,0.29553
0.11057,0.11231,0.39468,0.38245
0.29823,0.20067,0.25592,0.24518
0.06966,0.35057,0.29645,0.28332
0.07343,0.14479,0.39557,0.38622
0.31350,0.31093,0.19090,0.18467
0.25244,0.11377,0.32310,0.31068
0.10593,0.10595,0.40112,0.38700
0.45522,0.08392,0.23496,0.22590
0.11723,0.11900,0.38910,0.37466
0.12711,0.12405,0.38145,0.36739
0.10549,0.16693,0.37039,0.35719
0.16346,0.16752,0.33893,0.33010
0.07961,0.08090,0.42514,0.41435
0.07072,0.07332,0.43362,0.42233
0.08303,0.13375,0.39674,0.38647
0.22318,0.22449,0.28112,0.27121
0.04639,0.33486,0.31684,0.30191
0.14411,0.14539,0.36094,0.34956
0.17647,0.09511,0.36994,0.35848
0.09473,0.09244,0.41384,0.39898
0.15322,0.08542,0.38520,0.37616
0.17195,0.17675,0.32937,0.32194
0.20243,0.20737,0.30207,0.28813
0.07215,0.41854,0.25851,0.25080
0.06698,0.06826,0.43763,0.42713
0.11507,0.35786,0.26766,0.25941
0.13128,0.13831,0.37192,0.35849
0.14721,0.14786,0.35820,0.34673
0.17352,0.17468,0.33073,0.32107
0.09130,0.29202,0.31114,0.30555
0.06925,0.05153,0.44674,0.43247
0.08077,0.08134,0.42453,0.41335
0.03983,0.03866,0.46902,0.45249
0.13297,0.13098,0.37322,0.36284
0.17791,0.13570,0.34988,0.33652
0.15713,0.15789,0.34844,0.33655
0.11792,0.11904,0.38688,0.37616
0.10495,0.10250,0.40133,0.39122
0.18868,0.19223,0.31721,0.30188
0.06416,0.07181,0.44070,0.42333
0.12619,0.12434,0.38199,0.36748
0.05796,0.05581,0.44938,0.43685
0.24096,0.15695,0.30770,0.29439
0.04880,0.13794,0.41229,0.40096
