0.05484,0.05521,0.06089,0.06224,0.05721,0.05856,0.06132,0.06124,0.05440,0.05383,0.10782,0.10778,0.10172,0.10296
0.05678,0.05657,0.06318,0.05994,0.05489,0.05603,0.08140,0.08187,0.04910,0.07386,0.06141,0.06247,0.11988,0.12263
0.05547,0.05616,0.05444,0.05396,0.06627,0.05340,0.05862,0.05865,0.04036,0.04293,0.07640,0.07828,0.15097,0.15409
0.05550,0.05634,0.05830,0.05489,0.04966,0.05948,0.06871,0.06824,0.05023,0.04883,0.05340,0.05365,0.15945,0.16333
0.04443,0.04424,0.05122,0.05036,0.03929,0.04204,0.06589,0.06630,0.04057,0.05488,0.04773,0.04784,0.20099,0.20422
0.06765,0.06767,0.05395,0.05318,0.05341,0.06269,0.06063,0.06171,0.05427,0.05271,0.06024,0.06052,0.14536,0.14600
0.05790,0.05711,0.04955,0.04869,0.04328,0.04785,0.05559,0.05483,0.06100,0.06432,0.05301,0.05451,0.17561,0.17675
0.06543,0.06541,0.06610,0.06452,0.04953,0.06559,0.05745,0.05854,0.07010,0.09032,0.05570,0.05572,0.11866,0.11692
0.06514,0.06639,0.05381,0.05414,0.05524,0.06085,0.06318,0.06319,0.04655,0.04552,0.07868,0.08069,0.13143,0.13518
0.05812,0.05836,0.05857,0.05823,0.10659,0.06685,0.05383,0.05330,0.04897,0.04864,0.05551,0.05841,0.13792,0.13668
0.05559,0.05481,0.05988,0.05954,0.07656,0.05177,0.06459,0.06468,0.04522,0.04753,0.10469,0.09812,0.10801,0.10900
0.06361,0.06361,0.05820,0.05804,0.04694,0.06128,0.06194,0.06316,0.09358,0.06412,0.06094,0.06074,0.12284,0.12100
0.05548,0.05435,0.05199,0.04932,0.04527,0.06376,0.05881,0.05988,0.04749,0.10339,0.06033,0.06073,0.14532,0.14387
0.05442,0.05393,0.05476,0.05561,0.11793,0.06345,0.06332,0.06374,0.04449,0.04375,0.06276,0.06371,0.12776,0.13037
0.05435,0.05371,0.06085,0.06193,0.07111,0.08138,0.05838,0.05776,0.05800,0.04367,0.06163,0.06317,0.13697,0.13709
0.06049,0.06305,0.05494,0.05424,0.05530,0.05911,0.05193,0.05189,0.06877,0.07446,0.05702,0.05634,0.14704,0.14540
0.06013,0.05732,0.04840,0.04766,0.05349,0.05198,0.05239,0.05289,0.05025,0.04189,0.08343,0.08497,0.15602,0.15920
0.06084,0.05985,0.05418,0.05160,0.05223,0.04901,0.05921,0.06026,0.07568,0.12727,0.05165,0.05234,0.12181,0.12407
0.05477,0.05478,0.05280,0.05256,0.05356,0.05372,0.07705,0.07847,0.04511,0.05574,0.05279,0.05252,0.15868,0.15744
0.05522,0.05482,0.05890,0.05684,0.04944,0.05794,0.06466,0.06665,0.04604,0.05341,0.05584,0.05613,0.16370,0.16040
0.05056,0.05246,0.05000,0.04952,0.04723,0.04639,0.05220,0.05313,0.08297,0.05144,0.05019,0.04977,0.18121,0.18294
0.06031,0.06165,0.05292,0.05190,0.05885,0.04745,0.04886,0.04911,0.05324,0.04216,0.06559,0.06889,0.16925,0.16980
0.06776,0.06713,0.06049,0.05949,0.05175,0.06083,0.08052,0.07730,0.06429,0.06361,0.07150,0.06836,0.10339,0.10358
0.04742,0.04756,0.04332,0.04201,0.04871,0.05361,0.05155,0.05175,0.03704,0.04225,0.05955,0.06105,0.20808,0.20611
0.05358,0.05323,0.04726,0.04701,0.04301,0.05444,0.05339,0.05279,0.05895,0.04913,0.04849,0.05019,0.19439,0.19413
0.05871,0.05975,0.05851,0.05742,0.05324,0.06549,0.08323,0.08385,0.05479,0.04719,0.05774,0.05843,0.13162,0.13002
0.05208,0.05364,0.05592,0.05403,0.04175,0.06287,0.06595,0.06660,0.05055,0.05036,0.06104,0.06084,0.16475,0.15962
0.05124,0.05358,0.05903,0.05787,0.04153,0.05198,0.06064,0.05999,0.04496,0.05480,0.05681,0.05546,0.17501,0.17709
0.05956,0.06254,0.06115,0.06001,0.04487,0.05001,0.06840,0.06760,0.05032,0.05813,0.05587,0.05579,0.15158,0.15417
0.06537,0.06804,0.05227,0.05096,0.05350,0.06294,0.06186,0.06001,0.13826,0.05527,0.05391,0.05553,0.11156,0.11054
0.05180,0.05367,0.04538,0.04490,0.05563,0.04907,0.06002,0.05938,0.04137,0.04926,0.05469,0.05410,0.19060,0.19014
0.05937,0.05905,0.05894,0.05803,0.05427,0.05608,0.05544,0.05549,0.05705,0.07294,0.06047,0.05987,0.14520,0.14780
0.05127,0.05379,0.04299,0.04220,0.04838,0.04059,0.05997,0.06005,0.04252,0.04109,0.04913,0.04810,0.21107,0.20885
0.06474,0.06453,0.07459,0.07427,0.05457,0.04767,0.05190,0.05152,0.05912,0.05283,0.05316,0.05262,0.14952,0.14897
0.05285,0.05401,0.05555,0.05511,0.06268,0.05814,0.09154,0.09331,0.05472,0.05321,0.06052,0.06006,0.12390,0.12440
0.05604,0.05567,0.05193,0.05182,0.04422,0.04936,0.05841,0.05947,0.04577,0.05255,0.07018,0.07105,0.16610,0.16743
0.05911,0.05845,0.05782,0.05639,0.06790,0.07619,0.06262,0.06148,0.05571,0.04894,0.06195,0.06004,0.13479,0.13862
0.05673,0.05725,0.05744,0.05809,0.05501,0.05524,0.05785,0.06026,0.07090,0.08275,0.05780,0.05919,0.13458,0.13689
0.05121,0.05069,0.04846,0.04691,0.04655,0.04529,0.05035,0.05007,0.04794,0.04106,0.05130,0.05051,0.20638,0.21327
0.05758,0.05954,0.05748,0.05586,0.06056,0.06449,0.06886,0.07009,0.05108,0.06080,0.05773,0.05605,0.14181,0.13808
0.06137,0.06343,0.06079,0.06098,0.07241,0.05869,0.05108,0.05109,0.05134,0.04980,0.06285,0.06509,0.14241,0.14866
0.05524,0.05834,0.05959,0.06012,0.04414,0.05727,0.06103,0.06246,0.07652,0.06460,0.05543,0.05678,0.14464,0.14382
0.05341,0.05225,0.06340,0.06068,0.04714,0.05146,0.08279,0.08306,0.05335,0.05445,0.04963,0.04932,0.14907,0.14997
0.04847,0.05132,0.04945,0.04926,0.04791,0.05886,0.05494,0.05533,0.04831,0.05044,0.05218,0.05254,0.19135,0.18967
0.05958,0.05822,0.05208,0.05069,0.05848,0.05114,0.05946,0.05971,0.06324,0.04503,0.07758,0.07614,0.14399,0.14466
0.05759,0.05833,0.05385,0.05245,0.05425,0.05616,0.05210,0.05323,0.04660,0.04713,0.07288,0.07303,0.16027,0.16213
0.07099,0.07349,0.06913,0.06813,0.05449,0.06789,0.06326,0.06286,0.07594,0.05968,0.05742,0.05648,0.11086,0.10938
0.06618,0.06693,0.05731,0.05686,0.05107,0.06768,0.05602,0.05613,0.06236,0.06540,0.05209,0.05190,0.14739,0.14267
0.04351,0.04284,0.03994,0.03917,0.03817,0.03521,0.04088,0.04162,0.03858,0.03800,0.04493,0.04552,0.25449,0.25714
0.06634,0.06386,0.04911,0.04792,0.05122,0.05072,0.04876,0.04868,0.05433,0.04909,0.06099,0.06180,0.17772,0.16946
0.05701,0.05766,0.05574,0.05663,0.06698,0.06304,0.05822,0.05779,0.05668,0.05301,0.06353,0.06374,0.14326,0.14671
0.05979,0.06121,0.06524,0.06267,0.04524,0.06121,0.05974,0.05951,0.08984,0.05047,0.06187,0.06040,0.13224,0.13057
0.08889,0.08786,0.05936,0.05880,0.05947,0.05090,0.06002,0.06027,0.05878,0.05837,0.06273,0.06180,0.11521,0.11754
0.05012,0.05201,0.05818,0.05866,0.06175,0.05954,0.06259,0.06340,0.04398,0.05302,0.10008,0.10462,0.11534,0.11672
0.04951,0.05077,0.05804,0.05619,0.04101,0.05065,0.04874,0.04849,0.04286,0.04921,0.05104,0.05202,0.19968,0.20178
0.05710,0.05970,0.05717,0.05660,0.07358,0.09799,0.06551,0.06639,0.05189,0.06432,0.06224,0.06227,0.11381,0.11144
0.04945,0.05011,0.06240,0.06169,0.05527,0.05447,0.07021,0.07189,0.05777,0.05868,0.05197,0.05092,0.15176,0.15340
0.05796,0.05774,0.05027,0.04978,0.05050,0.05078,0.05583,0.05606,0.04956,0.05414,0.08103,0.08016,0.15214,0.15406
0.04667,0.04666,0.05531,0.05309,0.04261,0.03553,0.05143,0.05113,0.03976,0.04485,0.04500,0.04498,0.21910,0.22386
0.05686,0.05520,0.05935,0.05914,0.06536,0.05310,0.09994,0.10359,0.05464,0.04680,0.06141,0.06209,0.11257,0.10995
0.06066,0.06057,0.06141,0.05848,0.04727,0.05910,0.05484,0.05588,0.06439,0.08453,0.05831,0.05845,0.13789,0.13824
0.05930,0.06057,0.05583,0.05411,0.05952,0.07373,0.06573,0.06869,0.05228,0.06649,0.06669,0.06813,0.12663,0.12229
0.05027,0.05227,0.05293,0.05273,0.05136,0.05594,0.07307,0.07479,0.05041,0.04895,0.05771,0.05787,0.15933,0.16236
0.05842,0.05761,0.06112,0.06129,0.07171,0.06355,0.07081,0.06944,0.07599,0.05158,0.07203,0.07072,0.10764,0.10809
0.05979,0.05891,0.05459,0.05376,0.04652,0.05495,0.05762,0.05952,0.05000,0.10586,0.05464,0.05577,0.14546,0.14259
0.05409,0.05521,0.05102,0.05027,0.04196,0.06942,0.05230,0.05269,0.06360,0.04071,0.05925,0.05857,0.17751,0.17341
0.05069,0.05200,0.05282,0.05373,0.04890,0.05362,0.07078,0.07213,0.05255,0.04144,0.06035,0.06112,0.16649,0.16337
0.04674,0.04690,0.05666,0.05818,0.11545,0.07306,0.05751,0.05707,0.04818,0.06157,0.06522,0.06947,0.12269,0.12131
0.05464,0.05421,0.05872,0.05754,0.07925,0.07331,0.05836,0.05874,0.04457,0.06073,0.06146,0.06228,0.13943,0.13676
0.06450,0.06628,0.08542,0.08458,0.04518,0.05718,0.05801,0.05820,0.05752,0.05549,0.06343,0.06242,0.12256,0.11923
0.05136,0.05084,0.05116,0.05104,0.04767,0.04968,0.05110,0.05094,0.04163,0.04349,0.06296,0.06534,0.19201,0.19077
0.05429,0.05613,0.05153,0.05141,0.07622,0.07791,0.05498,0.05402,0.05080,0.05650,0.06367,0.06355,0.14425,0.14475
0.06476,0.06316,0.05526,0.05245,0.04526,0.05430,0.05764,0.05622,0.07664,0.06481,0.05885,0.05978,0.14672,0.14415
0.06178,0.06050,0.05155,0.05137,0.06358,0.09735,0.06194,0.06417,0.04370,0.04607,0.06133,0.06233,0.13779,0.13654
0.06894,0.06698,0.04686,0.04754,0.05387,0.05103,0.05564,0.05544,0.05872,0.04931,0.06202,0.06225,0.16264,0.15876
0.05882,0.05920,0.05070,0.05043,0.05632,0.05524,0.05659,0.05515,0.05229,0.04322,0.06119,0.06449,0.16687,0.16948
0.04840,0.04814,0.05007,0.04934,0.04790,0.04948,0.05061,0.05028,0.04282,0.04405,0.06175,0.06105,0.19820,0.19792
0.06128,0.06043,0.05208,0.05176,0.05626,0.04951,0.05282,0.05370,0.04787,0.05873,0.06821,0.06887,0.15881,0.15967
0.05984,0.05843,0.08810,0.08626,0.04493,0.04301,0.04900,0.05032,0.05840,0.05150,0.05797,0.05950,0.14829,0.14445
0.05575,0.05381,0.07215,0.07119,0.04662,0.04843,0.05925,0.05881,0.04725,0.05277,0.05889,0.05940,0.15406,0.16161
0.05542,0.05573,0.05609,0.05405,0.07020,0.06352,0.05626,0.05756,0.04575,0.05577,0.06710,0.06486,0.14725,0.15044
0.05203,0.05236,0.05975,0.05924,0.04928,0.05306,0.05425,0.05456,0.05175,0.04697,0.06692,0.06842,0.16582,0.16561
0.06403,0.06294,0.04864,0.04791,0.04714,0.04567,0.05521,0.05483,0.04630,0.04668,0.10025,0.10415,0.13736,0.13886
0.05272,0.05284,0.04618,0.04563,0.04485,0.04386,0.05043,0.05045,0.04046,0.04150,0.04664,0.04863,0.21640,0.21941
0.06329,0.06351,0.08281,0.08501,0.06780,0.05325,0.07114,0.06812,0.07942,0.06106,0.05976,0.05814,0.09273,0.09395
0.05910,0.05757,0.05685,0.05505,0.05121,0.05626,0.05831,0.05834,0.07199,0.07908,0.05347,0.05219,0.14276,0.14782
0.05366,0.05552,0.04827,0.04848,0.04790,0.05160,0.05934,0.05907,0.04737,0.04310,0.05517,0.05690,0.18475,0.18886
0.05783,0.05668,0.05506,0.05422,0.05108,0.04975,0.05603,0.05593,0.04553,0.05185,0.07556,0.07523,0.15622,0.15901
0.06836,0.06663,0.05361,0.05292,0.04139,0.05400,0.05449,0.05404,0.06462,0.06926,0.04524,0.04416,0.16566,0.16563
0.05478,0.05511,0.05292,0.05273,0.05356,0.05344,0.06831,0.06812,0.05385,0.05700,0.05453,0.05416,0.15913,0.16237
0.07877,0.08107,0.05612,0.05516,0.05567,0.05410,0.06031,0.06028,0.05695,0.06248,0.06548,0.06578,0.12309,0.12473
0.04813,0.04906,0.04989,0.04939,0.05095,0.05806,0.10126,0.09797,0.04536,0.05526,0.05696,0.05731,0.14107,0.13934
0.05781,0.05906,0.06332,0.06207,0.05400,0.06518,0.06788,0.06860,0.05031,0.04765,0.06084,0.06224,0.14244,0.13862
0.08850,0.08500,0.05357,0.05382,0.04629,0.05718,0.05616,0.05584,0.06271,0.06144,0.05769,0.05801,0.13269,0.13110
0.05945,0.05968,0.06377,0.06105,0.06388,0.06139,0.09795,0.09824,0.06262,0.05397,0.05968,0.06008,0.09972,0.09851
0.06031,0.06003,0.05129,0.05157,0.05473,0.06032,0.05651,0.05657,0.05244,0.04782,0.09543,0.09700,0.12795,0.12803
0.05507,0.05534,0.04934,0.04843,0.04906,0.06868,0.04668,0.04823,0.04076,0.05465,0.05343,0.05414,0.19076,0.18543
0.05638,0.05594,0.06219,0.06054,0.04777,0.06287,0.05924,0.05883,0.09140,0.06459,0.05635,0.05766,0.13338,0.13284
0.05424,0.05347,0.09573,0.10201,0.06419,0.05187,0.06062,0.06021,0.05827,0.06286,0.06263,0.06311,0.10430,0.10649
0.05319,0.05542,0.05993,0.05969,0.06835,0.06540,0.06140,0.06210,0.04652,0.04677,0.09517,0.09769,0.11507,0.11329
