0.04504,0.01564,0.02896,0.40222,0.03147,0.07882,0.10515,0.08052,0.13949,0.07270
0.06603,0.02410,0.03697,0.25306,0.04776,0.06852,0.10212,0.09181,0.22547,0.08414
0.05894,0.02244,0.03468,0.31663,0.04488,0.07911,0.09053,0.09352,0.16768,0.09159
0.05966,0.02094,0.03604,0.49968,0.03959,0.06831,0.07416,0.05657,0.08974,0.05531
0.06812,0.02688,0.04282,0.33906,0.04809,0.13896,0.16815,0.05887,0.06131,0.04775
0.08111,0.02146,0.03984,0.36058,0.04177,0.09668,0.16934,0.05897,0.07931,0.05095
0.07694,0.01896,0.04217,0.42290,0.04741,0.09667,0.10490,0.07148,0.06373,0.05485
0.07590,0.02965,0.04461,0.34743,0.05059,0.08210,0.09240,0.09413,0.11280,0.07040
0.06501,0.02222,0.03885,0.40142,0.04561,0.08355,0.10848,0.06956,0.10954,0.05577
0.05617,0.02625,0.03447,0.42721,0.04574,0.09307,0.11594,0.06913,0.07083,0.06120
0.04843,0.01955,0.03001,0.22093,0.03906,0.24976,0.22328,0.06322,0.05429,0.05147
0.06156,0.02222,0.03539,0.39907,0.03840,0.08965,0.09973,0.07764,0.11547,0.06088
0.05377,0.01967,0.02704,0.26229,0.03895,0.12129,0.24325,0.06311,0.11202,0.05862
0.09462,0.04011,0.05426,0.27855,0.07012,0.08095,0.07197,0.09538,0.12009,0.09396
0.07069,0.02516,0.04339,0.27418,0.05681,0.07788,0.10448,0.07148,0.19821,0.07772
0.07531,0.02680,0.04021,0.30002,0.05093,0.15944,0.13450,0.07363,0.07465,0.06450
0.06577,0.02542,0.03968,0.30420,0.04767,0.13545,0.15819,0.07121,0.09292,0.05948
0.08741,0.03481,0.05279,0.26368,0.06196,0.11849,0.12586,0.09121,0.08876,0.07503
0.05222,0.01795,0.03757,0.52771,0.04079,0.05081,0.06003,0.07048,0.08421,0.05824
0.08714,0.04192,0.05640,0.30512,0.06354,0.09753,0.10869,0.08546,0.09062,0.06359
0.06788,0.02682,0.04460,0.32888,0.04643,0.08285,0.08448,0.09087,0.14777,0.07941
0.06994,0.02542,0.03447,0.40448,0.05180,0.07701,0.09689,0.07213,0.10483,0.06302
0.08046,0.02592,0.04610,0.30078,0.05108,0.11939,0.15595,0.07087,0.08596,0.06349
0.06242,0.02043,0.03222,0.56200,0.04181,0.06807,0.08503,0.04262,0.04779,0.03760
0.08639,0.02193,0.04132,0.40402,0.04539,0.06910,0.08265,0.08292,0.09519,0.07109
0.07497,0.02304,0.04210,0.41725,0.04776,0.08901,0.12222,0.05286,0.07635,0.05445
0.06773,0.02031,0.03907,0.49284,0.04387,0.08185,0.08209,0.05992,0.06174,0.05059
0.07065,0.02310,0.03784,0.44380,0.04814,0.09384,0.11356,0.05302,0.06659,0.04947
0.08700,0.02137,0.04469,0.37705,0.04248,0.06128,0.07134,0.08760,0.12735,0.07984
0.07096,0.02716,0.04131,0.26538,0.05275,0.10250,0.12138,0.09248,0.14387,0.08222
0.08824,0.02741,0.05119,0.34652,0.05708,0.11518,0.14169,0.06202,0.06084,0.04985
0.08738,0.03628,0.05766,0.32350,0.07214,0.12410,0.10328,0.06308,0.06449,0.06810
0.07826,0.02439,0.04155,0.39181,0.04908,0.06892,0.08148,0.08289,0.11055,0.07108
0.06399,0.02296,0.03686,0.36098,0.04751,0.14662,0.13022,0.06527,0.06478,0.06080
0.07615,0.02315,0.04019,0.38176,0.05097,0.08113,0.09946,0.07741,0.10154,0.06825
0.06694,0.01823,0.03625,0.53915,0.04276,0.04912,0.06488,0.05682,0.07997,0.04588
0.06691,0.01919,0.03700,0.52048,0.04274,0.06278,0.07034,0.06239,0.06375,0.05440
0.05306,0.02034,0.02896,0.50308,0.04351,0.07968,0.09679,0.05416,0.07090,0.04952
0.07050,0.02205,0.04005,0.44002,0.04564,0.09638,0.09203,0.06198,0.07263,0.05872
0.07238,0.02674,0.03946,0.42360,0.04705,0.09571,0.12178,0.05420,0.06947,0.04961
0.07379,0.03077,0.04692,0.32564,0.06116,0.07408,0.07444,0.09869,0.12524,0.08926
0.07855,0.03044,0.04377,0.37061,0.06480,0.09356,0.11448,0.06340,0.08214,0.05824
0.07354,0.02181,0.03664,0.49948,0.04392,0.05510,0.05295,0.07469,0.07420,0.06765
0.07420,0.02459,0.04106,0.32311,0.04797,0.08744,0.11852,0.10337,0.10325,0.07650
0.08814,0.03692,0.05530,0.37328,0.06999,0.10789,0.10830,0.05499,0.05409,0.05110
0.06936,0.02322,0.03872,0.36563,0.04712,0.12604,0.15331,0.05659,0.07016,0.04985
0.07212,0.02090,0.03858,0.41125,0.04269,0.06034,0.06848,0.06411,0.15787,0.06366
0.06595,0.01791,0.03918,0.40614,0.04206,0.08298,0.11161,0.07488,0.09693,0.06236
0.06374,0.01993,0.03526,0.44248,0.04316,0.08796,0.10669,0.06828,0.07776,0.05474
0.06830,0.02058,0.04667,0.35822,0.04849,0.10141,0.15298,0.06845,0.08021,0.05469
0.05307,0.01810,0.02954,0.37497,0.03392,0.09797,0.10652,0.09636,0.11335,0.07620
0.08408,0.04232,0.05051,0.33350,0.06759,0.08788,0.10294,0.08016,0.07776,0.07326
0.07233,0.02234,0.04345,0.38684,0.05335,0.09330,0.11243,0.06880,0.08719,0.05997
0.08570,0.02343,0.03683,0.45359,0.06127,0.07510,0.08323,0.05657,0.07175,0.05251
0.07734,0.02692,0.04197,0.38078,0.05209,0.10123,0.12976,0.06205,0.07174,0.05612
0.07354,0.02282,0.03901,0.24283,0.05032,0.10637,0.14888,0.08702,0.15005,0.07917
0.08551,0.02974,0.05284,0.33244,0.06102,0.09361,0.12738,0.06500,0.09024,0.06220
0.07410,0.02355,0.04138,0.43664,0.04690,0.07868,0.10042,0.06094,0.07950,0.05790
0.07084,0.02946,0.04692,0.29215,0.05624,0.10376,0.15270,0.07575,0.10583,0.06635
0.07711,0.02440,0.04278,0.36443,0.04785,0.10887,0.13515,0.07237,0.06750,0.05954
0.07319,0.02365,0.03923,0.32496,0.04705,0.09391,0.09760,0.08857,0.12700,0.08484
0.07846,0.02423,0.03732,0.30252,0.04887,0.14028,0.18010,0.05972,0.07424,0.05424
0.07405,0.02894,0.04728,0.39713,0.05027,0.05003,0.05222,0.09960,0.10521,0.09526
0.06889,0.02721,0.04373,0.32782,0.04444,0.10506,0.11911,0.09116,0.10130,0.07127
0.06772,0.02188,0.03512,0.23761,0.03816,0.18226,0.21499,0.05506,0.08959,0.05763
0.05879,0.02020,0.03438,0.40181,0.04089,0.06226,0.09077,0.06956,0.16498,0.05637
0.06190,0.02424,0.04245,0.34242,0.05061,0.07244,0.08766,0.09019,0.15044,0.07765
0.07663,0.02148,0.04004,0.43434,0.03958,0.08204,0.08219,0.07051,0.09017,0.06302
0.05551,0.01590,0.02704,0.56644,0.03314,0.06924,0.09200,0.04136,0.06007,0.03930
0.06449,0.02070,0.03712,0.32308,0.04503,0.11119,0.15008,0.06877,0.11283,0.06670
0.06873,0.02092,0.03961,0.42247,0.04688,0.07143,0.08084,0.07394,0.11038,0.06480
0.07977,0.02639,0.04311,0.39166,0.05444,0.06591,0.07911,0.09282,0.09352,0.07328
0.06915,0.02118,0.03622,0.46503,0.04075,0.06208,0.06519,0.08782,0.08638,0.06620
0.06914,0.02629,0.04699,0.27777,0.04578,0.09903,0.11969,0.10797,0.12122,0.08611
0.07068,0.02724,0.03659,0.30384,0.04698,0.12566,0.15829,0.06867,0.09790,0.06416
0.06700,0.02555,0.04207,0.38694,0.04505,0.07764,0.08733,0.08809,0.11264,0.06768
0.06006,0.02066,0.03564,0.37567,0.04660,0.12723,0.14709,0.06300,0.07577,0.04828
0.06374,0.01797,0.03222,0.36506,0.03827,0.12351,0.18205,0.05489,0.07670,0.04559
0.07759,0.02653,0.03824,0.35898,0.04695,0.10227,0.11318,0.07056,0.09967,0.06603
0.06875,0.02375,0.04139,0.36474,0.04639,0.14338,0.15017,0.05310,0.05979,0.04852
0.05997,0.02436,0.03308,0.44004,0.04516,0.07366,0.09616,0.06632,0.10776,0.05348
0.05224,0.01807,0.03012,0.28522,0.03773,0.09044,0.13960,0.10269,0.16536,0.07854
0.06559,0.01914,0.04016,0.47687,0.04543,0.07750,0.09365,0.05846,0.07465,0.04856
0.06505,0.02378,0.04025,0.28105,0.04313,0.07813,0.09460,0.08426,0.20489,0.08486
0.05636,0.01887,0.03225,0.49926,0.03719,0.05262,0.06342,0.06458,0.11420,0.06125
0.06702,0.02364,0.03445,0.55077,0.04049,0.05955,0.05865,0.05470,0.05976,0.05095
0.08437,0.02913,0.05146,0.28965,0.06218,0.10871,0.09727,0.08812,0.10033,0.08877
0.07857,0.03217,0.04359,0.27486,0.05355,0.11480,0.15574,0.08036,0.09838,0.06799
0.05098,0.01611,0.02908,0.30197,0.03323,0.08638,0.10652,0.08249,0.20712,0.08613
0.07758,0.02865,0.06225,0.33613,0.06440,0.09239,0.09104,0.08984,0.07822,0.07951
0.07370,0.02369,0.03664,0.45736,0.04776,0.06615,0.07313,0.06285,0.09395,0.06476
0.06667,0.02612,0.04695,0.23235,0.05788,0.10994,0.13925,0.09286,0.13295,0.09504
0.06268,0.02221,0.03465,0.43197,0.04102,0.06876,0.08520,0.08029,0.11008,0.06314
0.07036,0.02500,0.04740,0.30358,0.05241,0.07697,0.10744,0.08382,0.14895,0.08407
0.10099,0.03054,0.05203,0.28694,0.07046,0.08089,0.08921,0.10046,0.10974,0.07875
0.05245,0.01830,0.03035,0.48279,0.03346,0.07053,0.12020,0.05206,0.09352,0.04634
0.06128,0.02008,0.03680,0.52189,0.04283,0.07813,0.08739,0.05471,0.05189,0.04502
0.07299,0.02466,0.04528,0.42056,0.04319,0.10950,0.11405,0.06577,0.05357,0.05042
0.07097,0.02073,0.03768,0.43192,0.04318,0.10219,0.08636,0.07020,0.07376,0.06299
0.05947,0.02092,0.03490,0.45672,0.03831,0.08790,0.09216,0.06876,0.08357,0.05729
