0.06759,0.01676,0.00466,0.00269,0.08218,0.00379,0.03224,0.02380,0.32188,0.04359,0.02842,0.03305,0.32952,0.00983
0.10671,0.06292,0.00703,0.04447,0.25596,0.01366,0.16579,0.03434,0.11747,0.05468,0.00371,0.10549,0.01927,0.00851
0.04877,0.01132,0.10422,0.28859,0.06861,0.29715,0.01427,0.01299,0.00671,0.01285,0.01038,0.01676,0.00804,0.09935
0.24309,0.11207,0.00419,0.16251,0.16894,0.00630,0.00970,0.15532,0.01036,0.00920,0.01399,0.05336,0.00627,0.04470
0.20345,0.00506,0.01688,0.23539,0.14470,0.03806,0.13007,0.01045,0.07870,0.05484,0.02191,0.02451,0.01615,0.01984
0.08141,0.05537,0.17043,0.18271,0.06880,0.16267,0.01120,0.04517,0.00639,0.00801,0.02964,0.01449,0.00822,0.15548
0.25387,0.11888,0.00880,0.03648,0.25443,0.00823,0.01230,0.00846,0.01270,0.01104,0.17984,0.07786,0.00952,0.00760
0.28918,0.08717,0.00952,0.13172,0.19657,0.01406,0.06281,0.08576,0.01363,0.06467,0.00349,0.01559,0.01113,0.01470
0.08682,0.05080,0.01542,0.03650,0.10558,0.02312,0.00554,0.04105,0.22344,0.01106,0.01517,0.04996,0.31859,0.01695
0.26306,0.00572,0.05507,0.01387,0.25534,0.01044,0.10618,0.06272,0.00677,0.12190,0.00405,0.00330,0.00959,0.08200
0.07506,0.21834,0.01703,0.01356,0.10097,0.01187,0.16777,0.19670,0.15558,0.00843,0.00397,0.00606,0.01285,0.01182
0.18502,0.01449,0.15044,0.02182,0.19029,0.18285,0.04386,0.05325,0.02662,0.06385,0.00728,0.00760,0.03456,0.01808
0.08653,0.01034,0.00342,0.02429,0.06001,0.00458,0.37397,0.01260,0.00676,0.38956,0.01174,0.00586,0.00350,0.00685
0.43055,0.02620,0.01172,0.29100,0.12008,0.01407,0.03715,0.02344,0.00776,0.02255,0.00561,0.00260,0.00225,0.00503
0.04852,0.06920,0.02519,0.01636,0.03800,0.01517,0.01157,0.01050,0.13198,0.03143,0.26519,0.18770,0.13092,0.01826
0.06560,0.23712,0.00551,0.02410,0.12647,0.01166,0.04442,0.01404,0.01748,0.08429,0.31454,0.04613,0.00251,0.00614
0.04393,0.01363,0.01746,0.01645,0.06204,0.04435,0.04661,0.01614,0.26849,0.03327,0.06768,0.07680,0.27984,0.01330
0.17928,0.00795,0.01096,0.17347,0.11940,0.03226,0.20512,0.01762,0.06403,0.12711,0.00600,0.00866,0.03071,0.01743
0.03765,0.00466,0.06719,0.28714,0.05527,0.29582,0.05097,0.01829,0.01177,0.04775,0.01698,0.01979,0.00418,0.08253
0.24648,0.12445,0.01220,0.02091,0.28744,0.00957,0.00779,0.05035,0.00282,0.00989,0.08238,0.09242,0.00329,0.05001
0.18630,0.15793,0.07290,0.03694,0.15107,0.08369,0.04593,0.02014,0.04583,0.02192,0.13016,0.00787,0.01859,0.02072
0.03413,0.04015,0.22709,0.01732,0.07396,0.21407,0.05396,0.08590,0.01260,0.06143,0.05517,0.01151,0.01827,0.09443
0.09499,0.00897,0.00659,0.02799,0.39163,0.01663,0.06973,0.01382,0.00477,0.33939,0.00655,0.00367,0.00413,0.01113
0.33345,0.02025,0.00801,0.01247,0.37078,0.01505,0.04008,0.02963,0.03159,0.05488,0.02234,0.02644,0.01878,0.01624
0.08540,0.27187,0.05422,0.04894,0.08261,0.05582,0.03670,0.26319,0.01250,0.06041,0.00727,0.00509,0.01161,0.00437
0.06802,0.02105,0.00605,0.04013,0.11044,0.04747,0.33393,0.00769,0.02000,0.30571,0.00947,0.01641,0.00618,0.00746
0.10801,0.02679,0.26654,0.02531,0.11945,0.01638,0.03029,0.01818,0.01569,0.03103,0.03749,0.01976,0.01394,0.27115
0.06869,0.02262,0.11950,0.04014,0.03922,0.13705,0.24931,0.01768,0.00424,0.25453,0.01035,0.01134,0.01248,0.01284
0.08728,0.07533,0.13688,0.01206,0.14541,0.16510,0.01545,0.12689,0.00467,0.02778,0.05744,0.03830,0.01236,0.09506
0.13918,0.00953,0.08611,0.08961,0.16499,0.09382,0.12291,0.04055,0.00665,0.12167,0.01629,0.01026,0.00281,0.09563
0.02290,0.05999,0.26150,0.00980,0.02362,0.29656,0.02098,0.13521,0.01041,0.01309,0.00735,0.00564,0.00370,0.12927
0.11447,0.06000,0.00390,0.03387,0.10260,0.04062,0.03713,0.02681,0.01992,0.02296,0.28121,0.24229,0.00767,0.00655
0.19787,0.00842,0.10451,0.12896,0.21830,0.18149,0.02618,0.01296,0.00997,0.03933,0.00513,0.00447,0.00963,0.05277
0.22766,0.01182,0.01198,0.02074,0.43402,0.01762,0.01383,0.01193,0.02142,0.06356,0.00912,0.14560,0.00419,0.00652
0.21466,0.04087,0.05090,0.09821,0.20472,0.10016,0.07010,0.00562,0.01936,0.05689,0.04676,0.00157,0.03994,0.05025
0.17562,0.08159,0.00745,0.12969,0.04302,0.00704,0.24212,0.06703,0.22245,0.00819,0.00861,0.00278,0.00201,0.00241
0.27176,0.00467,0.01347,0.06693,0.16129,0.05090,0.01982,0.03380,0.01729,0.02709,0.08327,0.08989,0.14193,0.01788
0.11270,0.02098,0.02294,0.04768,0.08704,0.01097,0.30833,0.02664,0.29269,0.02043,0.00902,0.01509,0.00574,0.01975
0.04083,0.01671,0.02359,0.02651,0.07696,0.03505,0.04510,0.02058,0.01252,0.08371,0.27421,0.31002,0.01171,0.02250
0.31906,0.00761,0.04259,0.00582,0.42184,0.04946,0.01873,0.04005,0.00711,0.01876,0.00512,0.05356,0.00400,0.00631
0.22919,0.05132,0.00719,0.22644,0.12617,0.00907,0.10224,0.03258,0.07197,0.09710,0.00813,0.00813,0.01119,0.01929
0.08680,0.00485,0.27919,0.03796,0.15518,0.03482,0.01353,0.02187,0.00893,0.01982,0.00361,0.01124,0.01013,0.31206
0.17685,0.01801,0.12173,0.04607,0.18709,0.05203,0.10802,0.01094,0.00636,0.12232,0.03079,0.00573,0.00890,0.10515
0.19727,0.01331,0.02915,0.03806,0.16232,0.04843,0.03266,0.00737,0.01406,0.02878,0.10694,0.16350,0.14678,0.01136
0.10404,0.01332,0.30966,0.05113,0.05449,0.33549,0.01911,0.00768,0.00271,0.01748,0.03819,0.01795,0.00670,0.02204
0.31026,0.11951,0.01317,0.00812,0.30188,0.01251,0.04009,0.04394,0.00433,0.04314,0.06380,0.01030,0.02051,0.00844
0.07670,0.00959,0.26351,0.00900,0.08747,0.28561,0.04597,0.08525,0.01161,0.03913,0.00726,0.01050,0.00548,0.06292
0.02834,0.24859,0.00812,0.00957,0.04795,0.00753,0.02771,0.04870,0.01209,0.05249,0.34170,0.14660,0.00715,0.01346
0.11678,0.01031,0.03664,0.01934,0.11556,0.01276,0.13007,0.01067,0.03279,0.08812,0.19646,0.17861,0.00413,0.04776
0.24450,0.03504,0.03143,0.02074,0.38321,0.02805,0.01565,0.03831,0.01266,0.01301,0.03366,0.09838,0.01101,0.03434
0.24492,0.01428,0.09304,0.12024,0.21630,0.07073,0.03397,0.01614,0.00708,0.05243,0.01403,0.01471,0.00720,0.09495
0.06694,0.01292,0.04134,0.01259,0.11597,0.00897,0.02529,0.02249,0.09370,0.07012,0.18085,0.19405,0.09345,0.06131
0.11291,0.00812,0.00990,0.01756,0.11213,0.01319,0.04987,0.00923,0.01228,0.04227,0.29781,0.30223,0.00553,0.00696
0.33224,0.03835,0.02112,0.00924,0.37290,0.01820,0.03543,0.02049,0.00730,0.10536,0.01622,0.00798,0.00428,0.01088
0.04965,0.02361,0.10197,0.01105,0.05061,0.09065,0.18841,0.13955,0.00303,0.21244,0.00669,0.01033,0.00499,0.10702
0.21919,0.00818,0.04221,0.00982,0.20223,0.00845,0.10342,0.00903,0.00602,0.11399,0.06120,0.11475,0.06601,0.03551
0.06749,0.02309,0.11125,0.08828,0.20863,0.06339,0.03471,0.04479,0.03939,0.03496,0.03031,0.10274,0.01948,0.13149
0.06487,0.02277,0.00933,0.01004,0.06446,0.01301,0.33988,0.05264,0.12156,0.23594,0.01264,0.01035,0.00847,0.03404
0.05506,0.04214,0.00905,0.02715,0.06013,0.01912,0.01388,0.02054,0.00396,0.01645,0.37971,0.31989,0.00492,0.02800
0.09651,0.03851,0.01547,0.00356,0.08209,0.00463,0.03701,0.00982,0.27798,0.04895,0.08155,0.04815,0.25092,0.00485
0.25166,0.00739,0.00450,0.00992,0.21875,0.00698,0.21128,0.01404,0.00459,0.24451,0.00921,0.00650,0.00480,0.00587
0.03257,0.01010,0.00645,0.00867,0.15407,0.01362,0.17670,0.00840,0.15520,0.17196,0.01120,0.09817,0.14340,0.00949
0.13699,0.05511,0.00883,0.02215,0.10501,0.01538,0.00871,0.03022,0.09519,0.00882,0.22051,0.19744,0.08182,0.01384
0.02463,0.00673,0.01342,0.02157,0.37496,0.01887,0.09678,0.00676,0.07130,0.01932,0.00743,0.32651,0.00271,0.00900
0.10272,0.21365,0.00757,0.07655,0.06001,0.00920,0.08459,0.26845,0.07643,0.00575,0.01036,0.01035,0.00628,0.06809
0.17563,0.00750,0.01259,0.19218,0.25470,0.01721,0.04591,0.02451,0.01355,0.18671,0.01767,0.02017,0.00824,0.02343
0.01779,0.00847,0.00341,0.00556,0.02620,0.00852,0.10928,0.01038,0.00673,0.10327,0.35253,0.33892,0.00118,0.00775
0.10963,0.01886,0.20929,0.01422,0.11345,0.23417,0.04925,0.08131,0.03653,0.06178,0.01171,0.00869,0.01741,0.03368
0.10504,0.00923,0.00832,0.04523,0.06420,0.01810,0.03151,0.01377,0.01210,0.02736,0.32909,0.32534,0.00392,0.00681
0.37199,0.00967,0.01720,0.02193,0.39401,0.02889,0.01316,0.02204,0.02113,0.02147,0.01049,0.01246,0.02675,0.02882
0.15972,0.11743,0.00979,0.03654,0.10951,0.01169,0.18840,0.12096,0.16813,0.01695,0.00569,0.00681,0.03618,0.01221
0.18875,0.03532,0.00906,0.06580,0.35187,0.01160,0.02631,0.00841,0.00992,0.17646,0.07621,0.01891,0.01202,0.00936
0.20134,0.04112,0.00767,0.02628,0.25447,0.01441,0.17181,0.03844,0.01524,0.17596,0.00865,0.02509,0.00860,0.01093
0.23248,0.11263,0.00455,0.15663,0.06001,0.00937,0.12383,0.12990,0.00543,0.13351,0.00601,0.00687,0.01240,0.00639
0.08349,0.01519,0.00955,0.02104,0.16341,0.01476,0.30246,0.01404,0.01749,0.30285,0.00661,0.02412,0.01402,0.01097
0.12051,0.04525,0.04028,0.01412,0.09875,0.03917,0.26459,0.01511,0.02126,0.28131,0.03202,0.01215,0.00937,0.00611
0.05887,0.00627,0.13440,0.05579,0.11499,0.19338,0.16848,0.03083,0.00972,0.16178,0.01758,0.02029,0.00800,0.01960
0.02960,0.00644,0.09044,0.02070,0.29882,0.08381,0.03011,0.07999,0.00961,0.03463,0.03135,0.20084,0.00830,0.07534
0.04615,0.00916,0.00483,0.01560,0.05825,0.01091,0.28059,0.00781,0.03450,0.27562,0.11751,0.12930,0.00553,0.00426
0.11090,0.05491,0.30036,0.00681,0.09160,0.32640,0.01243,0.00648,0.01131,0.01220,0.04171,0.01872,0.00365,0.00251
0.07929,0.15883,0.02428,0.00623,0.15022,0.01081,0.08455,0.01546,0.06480,0.09323,0.17040,0.04117,0.08951,0.01122
0.03816,0.02189,0.15595,0.00939,0.05707,0.15271,0.24019,0.01184,0.01593,0.24261,0.02162,0.01485,0.00844,0.00934
0.08067,0.25950,0.02771,0.03386,0.10220,0.03970,0.03541,0.26318,0.01249,0.07789,0.02558,0.02391,0.00999,0.00789
0.04249,0.14019,0.01350,0.00527,0.04430,0.01484,0.01729,0.01007,0.01000,0.02221,0.38963,0.25770,0.01774,0.01476
0.03654,0.01735,0.01495,0.00499,0.06099,0.01727,0.38532,0.01255,0.17868,0.22138,0.01711,0.01979,0.00710,0.00599
0.10199,0.01247,0.00785,0.06222,0.14198,0.00644,0.26080,0.00802,0.00747,0.26850,0.00812,0.10432,0.00502,0.00482
0.31660,0.00474,0.00382,0.06860,0.33892,0.00437,0.03047,0.10650,0.02481,0.00780,0.00414,0.00453,0.01544,0.06926
0.11113,0.28549,0.00471,0.02250,0.06971,0.02404,0.01210,0.01435,0.01133,0.00895,0.32173,0.07586,0.03427,0.00385
0.14981,0.01328,0.02460,0.02545,0.15579,0.02884,0.06674,0.20108,0.02512,0.06051,0.03003,0.00321,0.02747,0.18806
0.18524,0.01655,0.00613,0.02786,0.34711,0.01169,0.01822,0.08156,0.01556,0.02389,0.00698,0.18207,0.01092,0.06622
0.06053,0.01745,0.03856,0.01130,0.39810,0.01857,0.04201,0.00537,0.00943,0.32180,0.04251,0.01659,0.00195,0.01584
0.08068,0.00715,0.00678,0.00607,0.08235,0.00748,0.17385,0.20746,0.01129,0.19063,0.00790,0.01225,0.00986,0.19625
0.10845,0.02275,0.00685,0.01828,0.34199,0.01508,0.03779,0.05780,0.02303,0.05570,0.00970,0.25303,0.02391,0.02565
0.38700,0.01114,0.00706,0.03965,0.41341,0.02677,0.01611,0.00789,0.00669,0.01142,0.01992,0.03542,0.00902,0.00849
0.05174,0.01702,0.01531,0.05020,0.06221,0.03611,0.01039,0.02230,0.27364,0.00973,0.06701,0.06936,0.30584,0.00914
0.03872,0.02339,0.00761,0.01063,0.09900,0.00686,0.38148,0.01474,0.00893,0.35153,0.01436,0.03205,0.00229,0.00840
0.04070,0.03685,0.10064,0.00358,0.06628,0.12927,0.23056,0.08968,0.00581,0.24809,0.00561,0.01241,0.01003,0.02050
0.05387,0.07862,0.01248,0.03182,0.14373,0.00948,0.21773,0.09002,0.04677,0.20134,0.00959,0.08210,0.00788,0.01458
0.08017,0.03894,0.13304,0.03432,0.06922,0.17511,0.08368,0.13222,0.01562,0.08783,0.00770,0.03157,0.00914,0.10143
0.02996,0.19950,0.00534,0.00323,0.04998,0.00717,0.01593,0.00856,0.15690,0.03924,0.27245,0.06422,0.14057,0.00696
0.23162,0.18022,0.01904,0.19302,0.07147,0.03435,0.01880,0.18779,0.01032,0.02359,0.00777,0.00507,0.00854,0.00838
0.13276,0.01184,0.01112,0.13664,0.21989,0.04415,0.13563,0.01142,0.02769,0.09955,0.00525,0.14316,0.01169,0.00921
0.06496,0.17089,0.00913,0.00547,0.05512,0.00611,0.23271,0.16814,0.02981,0.21758,0.00868,0.00610,0.00750,0.01781
0.02370,0.03006,0.00323,0.00613,0.03608,0.00474,0.11232,0.03093,0.06314,0.10895,0.25324,0.26422,0.05732,0.00595
0.20045,0.01494,0.00901,0.04761,0.04859,0.01688,0.06327,0.05206,0.04875,0.06700,0.07661,0.08173,0.24289,0.03022
0.03681,0.00826,0.05684,0.00756,0.35011,0.01757,0.01494,0.01160,0.00660,0.00849,0.07647,0.34692,0.00582,0.05202
0.04540,0.33964,0.00712,0.01052,0.04977,0.00697,0.01310,0.39425,0.00369,0.01391,0.01710,0.01589,0.00930,0.07334
0.07907,0.02818,0.00969,0.00730,0.02687,0.01996,0.03582,0.01793,0.04918,0.02487,0.24468,0.24564,0.19820,0.01260
0.29021,0.00806,0.01909,0.00585,0.38453,0.00769,0.07781,0.01117,0.04278,0.03685,0.00855,0.08366,0.01305,0.01070
0.10371,0.00593,0.08662,0.28376,0.04397,0.26830,0.03311,0.00923,0.00680,0.06263,0.02019,0.01814,0.00823,0.04936
0.05991,0.00409,0.00538,0.01034,0.19927,0.01430,0.16941,0.00318,0.00827,0.17097,0.10453,0.22712,0.00378,0.01946
0.03379,0.00943,0.27773,0.07684,0.03107,0.06408,0.01620,0.07546,0.01333,0.02160,0.00819,0.00871,0.01993,0.34363
0.11179,0.00771,0.21878,0.02583,0.19899,0.23530,0.01276,0.04380,0.02029,0.03694,0.00907,0.03440,0.02027,0.02407
0.38652,0.01308,0.02546,0.33026,0.06404,0.03355,0.05657,0.01422,0.02392,0.01547,0.00547,0.00729,0.00313,0.02101
0.12200,0.02275,0.03110,0.04783,0.04503,0.01624,0.09244,0.00950,0.15135,0.04514,0.14823,0.13277,0.09975,0.03586
0.18877,0.04038,0.00545,0.12068,0.23012,0.01098,0.10424,0.02676,0.01355,0.19315,0.01971,0.00802,0.01702,0.02116
0.10317,0.02003,0.02472,0.01416,0.34302,0.02072,0.09088,0.01528,0.02107,0.07846,0.00722,0.23738,0.01097,0.01292
0.09342,0.02673,0.18248,0.04078,0.14235,0.21451,0.01032,0.12094,0.00495,0.01368,0.00816,0.05825,0.01235,0.07108
0.15648,0.06187,0.01626,0.07430,0.11266,0.03475,0.18800,0.08459,0.16583,0.02809,0.01477,0.02317,0.01098,0.02825
0.29129,0.00804,0.01736,0.14053,0.28293,0.14826,0.00679,0.01957,0.01259,0.01135,0.00666,0.00650,0.03289,0.01524
0.11527,0.01971,0.00706,0.09766,0.15923,0.00587,0.21378,0.01854,0.01811,0.20360,0.00469,0.12127,0.00854,0.00667
0.08080,0.00849,0.00563,0.00951,0.34555,0.01074,0.08005,0.04021,0.00386,0.07626,0.00683,0.27249,0.03576,0.02382
0.02504,0.02670,0.04309,0.01117,0.05238,0.03363,0.05211,0.03221,0.04300,0.06010,0.26072,0.27870,0.04430,0.03684
0.08176,0.07044,0.05609,0.00767,0.12088,0.00620,0.01325,0.04708,0.22557,0.01790,0.03048,0.04763,0.22625,0.04878
0.08917,0.29057,0.01748,0.04345,0.13220,0.01172,0.03548,0.27410,0.01718,0.04776,0.00475,0.01121,0.01348,0.01144
0.05027,0.00822,0.08039,0.01614,0.08368,0.01672,0.29131,0.00445,0.02158,0.28731,0.01241,0.01502,0.02161,0.09088
0.13827,0.05050,0.02297,0.06104,0.11919,0.05873,0.03998,0.17660,0.03340,0.03768,0.02811,0.02356,0.06941,0.14057
0.02311,0.02443,0.06979,0.02495,0.15639,0.09929,0.19147,0.01338,0.18282,0.14218,0.01544,0.03246,0.01404,0.01025
0.03431,0.00557,0.26720,0.00336,0.03178,0.00279,0.16640,0.02908,0.00825,0.16921,0.00386,0.00360,0.00513,0.26944
0.23798,0.05644,0.01940,0.01568,0.30205,0.02587,0.07803,0.06545,0.00511,0.13764,0.00704,0.01825,0.01622,0.01484
0.02514,0.01710,0.00350,0.00544,0.06083,0.00465,0.16471,0.00951,0.00703,0.15474,0.27301,0.25961,0.00523,0.00950
0.29602,0.02904,0.02388,0.28976,0.06432,0.01476,0.11109,0.00944,0.05997,0.01956,0.03207,0.01791,0.00983,0.02233
0.08595,0.02301,0.01368,0.06401,0.13215,0.02330,0.25610,0.03158,0.24435,0.07105,0.01441,0.01475,0.01228,0.01338
0.04313,0.00828,0.15231,0.04094,0.22790,0.18844,0.02002,0.00714,0.00357,0.02038,0.04504,0.21628,0.00599,0.02057
0.05256,0.04210,0.01033,0.01617,0.15477,0.00891,0.01644,0.02476,0.01580,0.02391,0.27684,0.34211,0.00703,0.00827
0.03133,0.02593,0.22427,0.03009,0.04022,0.27497,0.01560,0.15748,0.01405,0.02984,0.00814,0.01199,0.00377,0.13232
0.19582,0.05985,0.18353,0.00433,0.13477,0.23125,0.00805,0.07948,0.00320,0.00664,0.02006,0.00639,0.00570,0.06093
0.10266,0.03683,0.01298,0.00504,0.28017,0.01467,0.12139,0.03213,0.02300,0.12321,0.00502,0.20976,0.02335,0.00978
0.36396,0.02007,0.01103,0.02135,0.42440,0.01340,0.00845,0.02350,0.00512,0.07456,0.00464,0.00980,0.00401,0.01570
0.07563,0.01648,0.01158,0.35358,0.03649,0.32759,0.02251,0.01618,0.01178,0.02933,0.02815,0.01355,0.03047,0.02669
0.08163,0.02598,0.09484,0.01934,0.12350,0.12421,0.03029,0.25313,0.00581,0.03270,0.00530,0.00356,0.00511,0.19459
0.46111,0.03837,0.00987,0.31240,0.10336,0.01049,0.00335,0.03805,0.00171,0.00717,0.00196,0.00356,0.00273,0.00589
0.04350,0.02267,0.03788,0.01226,0.02780,0.03832,0.36251,0.01715,0.16455,0.19264,0.03484,0.03007,0.00696,0.00884
0.12455,0.00524,0.10188,0.00665,0.14207,0.09844,0.05895,0.17246,0.01387,0.05610,0.00959,0.01360,0.02245,0.17414
0.33158,0.09195,0.01014,0.02026,0.36128,0.01190,0.00598,0.00637,0.01128,0.03994,0.09674,0.00588,0.00260,0.00410
0.28967,0.00544,0.01026,0.04539,0.26627,0.01046,0.16423,0.01234,0.00457,0.16558,0.00288,0.00421,0.01417,0.00452
0.32034,0.00887,0.07424,0.03567,0.36263,0.05411,0.01217,0.00731,0.00366,0.01223,0.00366,0.02444,0.00785,0.07282
0.05064,0.01538,0.01130,0.02759,0.12451,0.02158,0.33107,0.01578,0.01659,0.31593,0.01945,0.02368,0.01320,0.01330
0.30048,0.00847,0.01205,0.00622,0.35062,0.02814,0.00943,0.13963,0.01402,0.00862,0.00522,0.01039,0.01310,0.09361
0.12220,0.10535,0.12990,0.05894,0.10082,0.14145,0.03260,0.08099,0.02805,0.01366,0.09088,0.01066,0.00347,0.08103
0.05606,0.00628,0.01139,0.04541,0.06739,0.01547,0.37225,0.00318,0.00241,0.39877,0.01008,0.00409,0.00166,0.00557
0.14025,0.08185,0.01529,0.01096,0.15479,0.00411,0.09279,0.01274,0.06259,0.08308,0.18132,0.11408,0.03291,0.01324
0.31889,0.01877,0.00994,0.08508,0.34705,0.09912,0.01268,0.02009,0.02067,0.00822,0.00787,0.00472,0.01359,0.03330
0.09962,0.16927,0.00822,0.01484,0.10624,0.00503,0.19961,0.06055,0.06756,0.14410,0.10469,0.00579,0.00385,0.01063
0.04340,0.01160,0.01105,0.01076,0.24356,0.01890,0.15835,0.04034,0.14909,0.02704,0.03412,0.21224,0.01676,0.02277
0.02839,0.01263,0.41130,0.01731,0.04508,0.02032,0.00644,0.01394,0.00641,0.00323,0.01121,0.01313,0.00256,0.40804
0.04899,0.01567,0.00702,0.33795,0.08037,0.33270,0.02676,0.01800,0.01233,0.02835,0.02898,0.02466,0.01443,0.02380
0.15279,0.01219,0.07302,0.09832,0.12343,0.10374,0.11120,0.09803,0.01007,0.11299,0.01023,0.02724,0.00606,0.06069
0.13898,0.00877,0.03685,0.11400,0.14250,0.10880,0.18861,0.01016,0.01063,0.19808,0.00540,0.01399,0.01169,0.01152
0.05823,0.01845,0.01703,0.00796,0.05169,0.00375,0.29313,0.02200,0.00522,0.30560,0.10346,0.10293,0.00238,0.00818
0.05232,0.35098,0.01282,0.00644,0.08078,0.00961,0.07233,0.32611,0.06355,0.01203,0.00301,0.00282,0.00315,0.00405
0.20168,0.00747,0.02736,0.14448,0.28282,0.01846,0.05719,0.00937,0.02643,0.03031,0.00513,0.15168,0.01474,0.02290
0.04124,0.06324,0.25092,0.02287,0.12997,0.28306,0.01435,0.00748,0.00934,0.01007,0.07756,0.07479,0.01054,0.00454
0.07336,0.01630,0.07013,0.01283,0.17165,0.02505,0.27592,0.01120,0.00448,0.25803,0.00611,0.01368,0.00259,0.05867
0.04971,0.11477,0.00744,0.00389,0.02781,0.00427,0.06602,0.00772,0.00733,0.05625,0.36522,0.26042,0.01936,0.00978
0.10073,0.01039,0.01299,0.01981,0.07266,0.02757,0.03608,0.01900,0.00509,0.04807,0.31139,0.30085,0.02117,0.01420
0.22581,0.00717,0.01022,0.15577,0.21751,0.02441,0.08999,0.04210,0.05146,0.04349,0.00703,0.03841,0.02990,0.05673
0.16832,0.00965,0.02551,0.10539,0.07151,0.04096,0.25694,0.02073,0.03913,0.22221,0.00545,0.01848,0.00756,0.00816
0.33236,0.10865,0.04081,0.01695,0.28749,0.01383,0.00723,0.03990,0.00348,0.00757,0.06759,0.01634,0.00302,0.05477
0.15743,0.07727,0.02430,0.05106,0.16569,0.01738,0.02444,0.00851,0.16858,0.01326,0.09594,0.01108,0.15748,0.02757
0.13034,0.22371,0.01228,0.13303,0.07812,0.01120,0.05167,0.22905,0.01248,0.06487,0.00935,0.02764,0.00561,0.01065
0.08037,0.00575,0.00824,0.02337,0.10835,0.01681,0.14214,0.00688,0.00793,0.13606,0.22787,0.22694,0.00342,0.00588
0.06923,0.04713,0.17140,0.01371,0.07174,0.00554,0.17804,0.01042,0.01036,0.18775,0.03031,0.01211,0.02299,0.16926
0.18614,0.10806,0.01423,0.01950,0.17383,0.01745,0.01418,0.02031,0.04522,0.02628,0.18820,0.15326,0.02449,0.00885
0.05837,0.01329,0.00608,0.04223,0.07175,0.03195,0.12925,0.00458,0.00578,0.12560,0.25331,0.24641,0.00447,0.00692
0.04659,0.00544,0.02246,0.00664,0.22492,0.01998,0.01282,0.01283,0.01808,0.01309,0.21805,0.37303,0.00995,0.01613
0.24967,0.18157,0.00373,0.13857,0.11026,0.00560,0.03182,0.15363,0.01441,0.01963,0.04678,0.00791,0.00289,0.03354
0.08443,0.01303,0.08918,0.01820,0.30302,0.09683,0.03477,0.07111,0.01038,0.03842,0.01695,0.18409,0.00554,0.03404
0.06888,0.01499,0.21520,0.01436,0.09902,0.02438,0.10538,0.04693,0.00917,0.13365,0.00788,0.00719,0.00412,0.24884
0.07056,0.03129,0.14041,0.00424,0.08208,0.14480,0.04323,0.19899,0.02514,0.01027,0.02184,0.00557,0.00407,0.21751
0.40497,0.01917,0.00325,0.01213,0.43090,0.00626,0.01617,0.00854,0.00867,0.05182,0.01743,0.01398,0.00223,0.00448
0.04000,0.01055,0.25334,0.02119,0.05035,0.26741,0.15853,0.00468,0.00688,0.16364,0.00401,0.00368,0.00376,0.01197
0.25633,0.02048,0.01515,0.02059,0.10564,0.01261,0.05950,0.02468,0.04406,0.02347,0.10497,0.10635,0.18660,0.01957
0.17549,0.11092,0.02198,0.08338,0.22821,0.02228,0.01916,0.10641,0.04116,0.07928,0.02010,0.03531,0.03500,0.02132
0.08625,0.00333,0.02468,0.10099,0.08633,0.05070,0.28744,0.00992,0.27150,0.03986,0.00572,0.00334,0.01488,0.01506
0.22236,0.02488,0.07226,0.07298,0.24964,0.08199,0.01599,0.08099,0.01255,0.02003,0.00364,0.00845,0.00593,0.12831
0.11312,0.07019,0.02372,0.01584,0.13671,0.03866,0.12225,0.16153,0.01126,0.12173,0.03124,0.00641,0.01117,0.13616
0.29447,0.01216,0.04087,0.01611,0.29357,0.01012,0.04756,0.02340,0.02567,0.05217,0.04850,0.05861,0.03429,0.04250
0.22943,0.01405,0.13144,0.05184,0.20356,0.07366,0.05027,0.02258,0.01471,0.05198,0.00550,0.00488,0.01029,0.13582
0.33703,0.01756,0.00509,0.00655,0.42311,0.00293,0.00769,0.10079,0.00574,0.00466,0.00268,0.02686,0.00567,0.05363
0.04142,0.01707,0.07424,0.02728,0.14832,0.08197,0.15456,0.03514,0.01110,0.15964,0.06272,0.15324,0.00869,0.02462
0.22672,0.17619,0.00548,0.02210,0.21353,0.01295,0.01908,0.20576,0.00961,0.01792,0.00967,0.02343,0.00389,0.05366
0.25223,0.00779,0.02132,0.00527,0.33102,0.02829,0.12151,0.08096,0.00742,0.10888,0.00329,0.00946,0.00264,0.01992
0.09086,0.01751,0.21759,0.03468,0.16630,0.04210,0.03309,0.05055,0.01605,0.02306,0.01072,0.07415,0.00305,0.22030
0.42954,0.00392,0.00796,0.00958,0.47182,0.00763,0.01138,0.00460,0.00384,0.01569,0.00593,0.01433,0.00849,0.00530
0.09406,0.01192,0.00550,0.00612,0.08904,0.00336,0.36197,0.00705,0.01256,0.37211,0.00439,0.00351,0.02440,0.00402
0.14686,0.00899,0.27089,0.00789,0.15010,0.00812,0.04267,0.00972,0.01200,0.04142,0.00759,0.00654,0.02146,0.26576
0.32621,0.06742,0.03404,0.02970,0.34534,0.04292,0.01473,0.02281,0.01003,0.04804,0.02543,0.02111,0.00758,0.00465
0.11041,0.27249,0.00384,0.02338,0.15018,0.01319,0.01611,0.29088,0.00587,0.01848,0.01661,0.05774,0.00711,0.01372
0.21774,0.08657,0.02383,0.13881,0.20495,0.01424,0.02202,0.08991,0.02153,0.00730,0.01380,0.14387,0.00339,0.01205
0.04433,0.10112,0.02138,0.04352,0.03408,0.04672,0.30382,0.08887,0.15242,0.14570,0.00518,0.00657,0.00219,0.00410
0.03773,0.01298,0.01525,0.01608,0.14577,0.01069,0.26340,0.04078,0.02640,0.25859,0.01125,0.11155,0.02264,0.02690
0.10173,0.03666,0.00361,0.02714,0.26489,0.01241,0.02695,0.16036,0.05801,0.01150,0.00189,0.20607,0.00842,0.08036
0.13398,0.02125,0.00453,0.20082,0.17533,0.19369,0.07420,0.01699,0.00761,0.08317,0.01476,0.04418,0.00700,0.02247
0.06836,0.00415,0.07999,0.15196,0.09973,0.17561,0.10430,0.00718,0.07139,0.11460,0.00903,0.01043,0.05321,0.05009
0.15199,0.15838,0.01456,0.07411,0.12542,0.03343,0.01934,0.02165,0.04736,0.02244,0.20958,0.06492,0.04521,0.01161
0.02455,0.02085,0.41627,0.01497,0.03775,0.01891,0.00503,0.01211,0.00757,0.00725,0.00262,0.00442,0.00346,0.42425
0.33035,0.03004,0.00989,0.32073,0.07392,0.01678,0.05641,0.01278,0.03777,0.02090,0.01150,0.01035,0.04805,0.02054
0.41488,0.01980,0.00662,0.00333,0.09295,0.00511,0.04198,0.00901,0.00699,0.03320,0.01302,0.01100,0.33444,0.00765
0.06708,0.03249,0.38338,0.00306,0.04970,0.39754,0.00863,0.02354,0.00269,0.00715,0.00367,0.00318,0.00211,0.01578
0.04813,0.08755,0.01098,0.01099,0.07813,0.00751,0.32029,0.08712,0.31669,0.00581,0.00434,0.00877,0.00437,0.00929
0.20244,0.01478,0.01718,0.01713,0.20662,0.01570,0.05430,0.01125,0.02531,0.01619,0.19855,0.20450,0.00648,0.00957
0.05559,0.01573,0.11175,0.09038,0.23553,0.06115,0.05606,0.01692,0.00377,0.05548,0.00540,0.18821,0.00327,0.10075
0.03903,0.02133,0.20530,0.02485,0.11038,0.22898,0.06856,0.08376,0.00702,0.08016,0.00538,0.04501,0.00445,0.07580
0.24135,0.00695,0.01251,0.21861,0.14059,0.00767,0.14801,0.01088,0.02765,0.13223,0.01880,0.00546,0.01442,0.01486
0.27866,0.01163,0.02673,0.10427,0.12477,0.02626,0.01451,0.01857,0.01469,0.01460,0.10759,0.10911,0.12668,0.02192
0.04266,0.03928,0.04517,0.02107,0.08977,0.05548,0.19338,0.17705,0.00788,0.19442,0.00836,0.00366,0.00496,0.11687
0.08547,0.01016,0.03429,0.36025,0.06638,0.33776,0.00963,0.00983,0.00698,0.02402,0.01193,0.00757,0.00363,0.03208
0.10133,0.01552,0.00931,0.01151,0.10667,0.00838,0.20716,0.01011,0.14610,0.21906,0.01402,0.00752,0.13767,0.00566
0.05956,0.01757,0.07400,0.01376,0.05514,0.06852,0.02560,0.30424,0.00463,0.03188,0.02595,0.00695,0.00341,0.30879
0.02664,0.01009,0.00145,0.41325,0.04299,0.41489,0.01657,0.01349,0.00359,0.02823,0.00431,0.00855,0.00655,0.00940
0.04040,0.07479,0.01074,0.03744,0.12391,0.02892,0.02646,0.01793,0.01893,0.01243,0.31073,0.27757,0.00449,0.01526
0.07979,0.00304,0.16591,0.09959,0.20674,0.09780,0.01512,0.01099,0.00423,0.01910,0.00756,0.12886,0.00377,0.15751
0.17502,0.00659,0.16915,0.09413,0.20780,0.08896,0.01238,0.00699,0.00206,0.04842,0.00577,0.01031,0.00322,0.16919
0.06348,0.07236,0.01725,0.04556,0.27284,0.03292,0.06789,0.05889,0.06334,0.11444,0.01309,0.14400,0.02266,0.01129
0.28771,0.04258,0.01387,0.20918,0.14500,0.01660,0.07240,0.04870,0.00399,0.06230,0.00803,0.07598,0.00415,0.00951
0.38093,0.01863,0.00959,0.01028,0.42501,0.00491,0.01049,0.02545,0.00768,0.08391,0.01094,0.00520,0.00383,0.00316
0.35474,0.00853,0.04971,0.01480,0.39454,0.01738,0.01790,0.02046,0.01452,0.02496,0.00912,0.02020,0.01882,0.03433
0.16282,0.02223,0.04466,0.10582,0.31298,0.05526,0.01195,0.02027,0.00374,0.08339,0.02136,0.13729,0.00502,0.01320
0.28586,0.01259,0.01061,0.00785,0.28738,0.01430,0.16552,0.01509,0.01077,0.16652,0.00631,0.00672,0.00349,0.00701
0.04653,0.00514,0.02254,0.02280,0.04737,0.02002,0.38192,0.00716,0.00936,0.39193,0.00945,0.01008,0.01665,0.00906
0.04415,0.00270,0.00535,0.01559,0.42853,0.00810,0.02229,0.02110,0.01270,0.39239,0.00658,0.00259,0.00516,0.03277
0.04427,0.00891,0.05558,0.01000,0.37519,0.00807,0.04888,0.01136,0.01084,0.05399,0.00528,0.30398,0.00399,0.05967
0.16667,0.01210,0.00289,0.15389,0.16685,0.02839,0.08978,0.02145,0.05646,0.08705,0.02658,0.12876,0.04436,0.01476
0.27215,0.05813,0.00301,0.03222,0.27007,0.00459,0.13516,0.05813,0.08489,0.04679,0.00419,0.00872,0.01463,0.00733
0.06021,0.02626,0.02126,0.01802,0.13707,0.02023,0.11727,0.14224,0.02673,0.11714,0.04093,0.11141,0.02279,0.13845
0.12927,0.01889,0.14857,0.07982,0.09323,0.18153,0.02430,0.08328,0.04215,0.02641,0.02938,0.02643,0.04131,0.07542
0.16172,0.03944,0.03111,0.01180,0.30714,0.02471,0.07662,0.03195,0.05329,0.09076,0.00687,0.09908,0.03737,0.02816
0.21130,0.00901,0.00324,0.22284,0.10175,0.01247,0.14527,0.02751,0.13555,0.01559,0.01376,0.04422,0.03569,0.02179
0.03268,0.01480,0.32749,0.01113,0.07065,0.01483,0.05738,0.01162,0.00770,0.06710,0.01671,0.02156,0.01468,0.33168
0.14145,0.02256,0.05511,0.01095,0.30356,0.04450,0.05636,0.03341,0.01630,0.06766,0.02649,0.18779,0.01392,0.01994
0.19533,0.16959,0.00402,0.09217,0.14686,0.00699,0.03826,0.21449,0.01653,0.04385,0.01188,0.02098,0.00565,0.03341
0.24473,0.00336,0.01932,0.22685,0.04785,0.02048,0.18186,0.02325,0.00563,0.19485,0.00341,0.00945,0.00611,0.01286
0.06456,0.04437,0.01499,0.00742,0.08862,0.00630,0.05359,0.04139,0.01269,0.08384,0.27553,0.27650,0.01229,0.01791
0.13465,0.03362,0.02519,0.03565,0.14858,0.08217,0.05255,0.16201,0.02809,0.05569,0.02943,0.01987,0.04205,0.15043
0.03401,0.00318,0.09789,0.07497,0.06403,0.06206,0.24081,0.01669,0.00456,0.25531,0.00470,0.02665,0.00881,0.10634
0.04779,0.01459,0.05357,0.00931,0.04854,0.06120,0.22447,0.13792,0.03508,0.22585,0.01190,0.00950,0.00308,0.11720
0.12284,0.02444,0.09813,0.02024,0.17869,0.14934,0.03831,0.13988,0.01020,0.04967,0.02014,0.00704,0.01020,0.13087
0.06503,0.13016,0.00736,0.00549,0.10169,0.00914,0.02901,0.00963,0.03233,0.01808,0.33534,0.23960,0.01138,0.00575
0.33296,0.01025,0.00950,0.01793,0.35665,0.00432,0.02806,0.10136,0.02703,0.00987,0.00350,0.01189,0.00574,0.08093
0.04922,0.02822,0.02796,0.00997,0.10044,0.01439,0.28209,0.03892,0.25938,0.08555,0.01242,0.02135,0.01720,0.05290
0.05748,0.01013,0.00954,0.00608,0.04893,0.00441,0.35004,0.00614,0.03547,0.35552,0.04474,0.05472,0.00567,0.01114
0.02676,0.01577,0.00449,0.01700,0.41135,0.00634,0.02985,0.03841,0.01179,0.37249,0.00505,0.00687,0.00897,0.04485
0.04816,0.02117,0.00823,0.28487,0.12747,0.27324,0.01774,0.01398,0.01992,0.01176,0.04236,0.11512,0.00505,0.01093
0.08916,0.07535,0.22153,0.01993,0.06520,0.26458,0.06330,0.02962,0.02928,0.05845,0.04367,0.01082,0.01792,0.01119
0.02555,0.01616,0.07535,0.27229,0.04837,0.28348,0.03051,0.01739,0.00871,0.04811,0.04680,0.03224,0.00573,0.08929
0.33898,0.01303,0.00402,0.02611,0.40312,0.01911,0.04526,0.00842,0.00713,0.09030,0.00965,0.01806,0.00999,0.00682
0.05364,0.02517,0.19537,0.03545,0.06550,0.24172,0.08682,0.08993,0.01872,0.10831,0.01162,0.00620,0.01188,0.04966
0.08000,0.00696,0.03496,0.00955,0.07123,0.01086,0.35068,0.01291,0.27545,0.08491,0.01625,0.02180,0.00696,0.01748
0.04755,0.00627,0.12801,0.02286,0.03811,0.16047,0.17870,0.10805,0.00774,0.19052,0.00498,0.00401,0.00797,0.09475
0.06859,0.15738,0.00991,0.01450,0.05055,0.01070,0.10165,0.02469,0.14096,0.10553,0.15112,0.00805,0.13763,0.01874
0.29767,0.02557,0.02241,0.02708,0.31495,0.01810,0.10523,0.01254,0.01055,0.10743,0.02223,0.00399,0.01513,0.01713
0.30877,0.09786,0.00957,0.29703,0.05750,0.02294,0.03130,0.09196,0.01148,0.01940,0.01644,0.01779,0.00918,0.00876
0.07999,0.01511,0.08375,0.04281,0.09711,0.03076,0.22707,0.01100,0.01212,0.22921,0.00760,0.03660,0.03935,0.08752
0.06995,0.04145,0.01743,0.02820,0.05781,0.04433,0.07973,0.02696,0.27090,0.07659,0.00436,0.02009,0.25680,0.00539
0.24500,0.03258,0.00623,0.01991,0.20603,0.00674,0.01135,0.02806,0.01455,0.00906,0.20298,0.19544,0.01390,0.00815
0.41759,0.00671,0.02420,0.01207,0.43475,0.01462,0.00921,0.02182,0.00737,0.00564,0.00290,0.00162,0.00840,0.03311
0.05567,0.03627,0.25929,0.03034,0.06694,0.27417,0.06400,0.02749,0.02149,0.07198,0.04132,0.00630,0.01896,0.02578
0.17077,0.03803,0.00867,0.03390,0.17774,0.01348,0.07506,0.04807,0.13974,0.08556,0.03211,0.02908,0.13338,0.01442
0.36507,0.04466,0.00897,0.00776,0.39346,0.00960,0.04688,0.02289,0.00776,0.06097,0.01747,0.00577,0.00668,0.00205
0.12285,0.01353,0.00608,0.00534,0.09850,0.01755,0.19463,0.02850,0.00608,0.19671,0.10740,0.09730,0.09508,0.01044
0.09397,0.02154,0.00819,0.04055,0.06730,0.02019,0.09030,0.01092,0.01375,0.07956,0.23182,0.23126,0.08137,0.00930
0.06550,0.02200,0.01563,0.03183,0.09204,0.02684,0.33014,0.01400,0.00931,0.32274,0.04022,0.01227,0.00794,0.00954
0.21778,0.03564,0.00732,0.11015,0.19636,0.02379,0.12260,0.02936,0.10163,0.05727,0.03032,0.05564,0.00293,0.00920
0.04318,0.06034,0.01411,0.03496,0.07896,0.04116,0.03239,0.01746,0.27339,0.03299,0.06386,0.01098,0.29087,0.00534
0.07704,0.02773,0.01544,0.01789,0.28266,0.01010,0.13225,0.02808,0.11841,0.17225,0.01113,0.05414,0.01278,0.04010
0.10124,0.03969,0.03505,0.01754,0.24989,0.02119,0.01029,0.01883,0.09366,0.05689,0.06041,0.16814,0.08108,0.04608
0.04711,0.01598,0.14337,0.01802,0.07205,0.17801,0.10891,0.11352,0.00894,0.12019,0.03026,0.05038,0.01941,0.07384
0.12850,0.00949,0.18708,0.01634,0.22498,0.04133,0.05623,0.01360,0.00902,0.05917,0.01972,0.08463,0.01479,0.13512
0.27387,0.11307,0.00261,0.16455,0.14014,0.00509,0.03676,0.13347,0.00419,0.04152,0.00733,0.01911,0.00508,0.05322
0.06268,0.00963,0.12548,0.11940,0.13970,0.11587,0.08365,0.01260,0.01437,0.09065,0.00924,0.06735,0.01815,0.13123
0.06274,0.01562,0.00888,0.00822,0.05935,0.00732,0.34181,0.03532,0.00729,0.36121,0.01715,0.02887,0.03454,0.01168
0.27654,0.12693,0.00742,0.00666,0.28762,0.01038,0.00821,0.01867,0.00779,0.02943,0.14821,0.06249,0.00451,0.00514
0.37188,0.04745,0.02602,0.02222,0.39735,0.01911,0.00914,0.03278,0.00548,0.01596,0.01294,0.01030,0.01265,0.01672
0.07731,0.04945,0.00439,0.39268,0.03900,0.36865,0.00539,0.00706,0.00468,0.01088,0.03287,0.00176,0.00142,0.00448
0.05475,0.24701,0.00386,0.01987,0.04771,0.02220,0.16071,0.01546,0.00333,0.16482,0.24361,0.00511,0.00470,0.00687
0.15487,0.01104,0.01756,0.16621,0.21023,0.02605,0.13940,0.01025,0.06678,0.14202,0.01606,0.01260,0.01056,0.01636
0.08588,0.13922,0.00905,0.02356,0.09973,0.01212,0.21733,0.01295,0.00680,0.22019,0.13675,0.01014,0.00570,0.02058
0.05610,0.01516,0.04065,0.20490,0.04510,0.21459,0.15138,0.00771,0.02352,0.16752,0.02077,0.03304,0.00956,0.01000
0.24374,0.02524,0.14003,0.01120,0.24133,0.01199,0.03649,0.05182,0.00742,0.03620,0.00407,0.00361,0.01372,0.17317
0.26861,0.07231,0.04317,0.13110,0.25692,0.08212,0.01228,0.00725,0.00953,0.00579,0.06165,0.00574,0.00782,0.03572
0.02642,0.01302,0.43463,0.00223,0.02026,0.00317,0.00696,0.00419,0.00264,0.00419,0.02641,0.02206,0.00424,0.42960
0.25128,0.01336,0.03607,0.11873,0.23619,0.10146,0.06286,0.01412,0.02074,0.06971,0.01886,0.01451,0.00695,0.03516
0.10977,0.00636,0.14718,0.01712,0.25845,0.13517,0.05463,0.06158,0.03760,0.08225,0.00403,0.05018,0.00846,0.02723
0.07891,0.02129,0.02530,0.00398,0.05730,0.01691,0.19724,0.00816,0.00569,0.21000,0.18445,0.17023,0.01041,0.01013
0.37980,0.05746,0.01064,0.01752,0.41360,0.01521,0.01418,0.04346,0.00486,0.02499,0.00622,0.00445,0.00189,0.00573
0.02736,0.00332,0.02493,0.02437,0.02489,0.02481,0.39956,0.01413,0.00485,0.40725,0.00292,0.00512,0.00589,0.03059
0.03947,0.01376,0.40197,0.00585,0.04444,0.01188,0.01590,0.00752,0.00543,0.01430,0.02238,0.02523,0.00635,0.38551
0.11320,0.02298,0.16717,0.09889,0.15031,0.10103,0.01973,0.02877,0.00841,0.06632,0.01754,0.00602,0.00860,0.19104
0.03752,0.00649,0.00491,0.02042,0.09750,0.01680,0.35934,0.00740,0.32621,0.06439,0.00464,0.04037,0.00773,0.00627
