0.00979,0.00657,0.06621,0.13444,0.00244,0.12482,0.02416,0.35753,0.00990,0.02179,0.07653,0.02334,0.00644,0.00214,0.01516,0.02002,0.04201,0.00160,0.02529,0.02982
0.00991,0.02418,0.04163,0.19421,0.00921,0.12518,0.01156,0.09608,0.06436,0.05993,0.02305,0.00886,0.00965,0.00159,0.01390,0.02088,0.11643,0.00236,0.01452,0.15252
0.09696,0.02040,0.05535,0.23019,0.00218,0.08999,0.01096,0.30247,0.02774,0.01744,0.00705,0.01079,0.01851,0.00177,0.01585,0.01910,0.04527,0.00197,0.00460,0.02141
0.00985,0.03515,0.05635,0.10818,0.00627,0.12835,0.00238,0.27936,0.01540,0.10119,0.00475,0.00659,0.01188,0.03779,0.00733,0.00507,0.16437,0.00104,0.00993,0.00876
0.00642,0.03313,0.04197,0.08394,0.00208,0.16499,0.00271,0.24395,0.02994,0.23515,0.00701,0.01485,0.00509,0.00330,0.01021,0.01666,0.05837,0.00067,0.01328,0.02627
0.01473,0.04759,0.29452,0.16915,0.01076,0.08978,0.00334,0.10874,0.04801,0.04149,0.00544,0.02946,0.00727,0.00224,0.01601,0.00483,0.03920,0.00357,0.01741,0.04646
0.00993,0.03965,0.12334,0.22845,0.01298,0.23623,0.00772,0.20183,0.00669,0.01973,0.00479,0.00565,0.00558,0.00373,0.01898,0.00272,0.03532,0.00151,0.00928,0.02589
0.00734,0.00641,0.09594,0.04587,0.00541,0.05515,0.00738,0.44180,0.04404,0.02186,0.00340,0.00760,0.00806,0.00227,0.00754,0.00301,0.19612,0.00183,0.03179,0.00715
0.00750,0.02652,0.15198,0.20118,0.00279,0.06228,0.06095,0.12435,0.01301,0.02328,0.00481,0.04338,0.01813,0.00354,0.13627,0.00448,0.07882,0.00246,0.00702,0.02726
0.00622,0.04421,0.05594,0.22444,0.00230,0.10220,0.00408,0.08167,0.01171,0.01120,0.01119,0.01785,0.06410,0.00155,0.00741,0.00867,0.12628,0.00381,0.13513,0.08005
0.01770,0.06915,0.02630,0.30651,0.00557,0.15907,0.03510,0.22614,0.00909,0.04016,0.00378,0.00398,0.00797,0.00328,0.01556,0.01572,0.02342,0.00130,0.00221,0.02796
0.03263,0.04927,0.05355,0.06258,0.00259,0.16810,0.00664,0.45517,0.04069,0.02202,0.00617,0.00847,0.00531,0.00081,0.01816,0.00448,0.04343,0.00247,0.00814,0.00935
0.02041,0.05427,0.13328,0.04192,0.00742,0.27318,0.01313,0.15090,0.04798,0.03620,0.01444,0.03479,0.04460,0.00203,0.01207,0.00429,0.04170,0.00544,0.03926,0.02266
0.01115,0.19836,0.13425,0.11768,0.00187,0.06293,0.00495,0.11561,0.01017,0.04326,0.00356,0.02988,0.01905,0.00584,0.00611,0.16384,0.03836,0.00122,0.01511,0.01680
0.00495,0.00690,0.06951,0.03414,0.00129,0.21674,0.00502,0.41372,0.12495,0.02715,0.01023,0.00586,0.00783,0.00172,0.00792,0.00225,0.04110,0.00155,0.01115,0.00602
0.00805,0.05134,0.21160,0.02545,0.00152,0.15415,0.00402,0.39073,0.01073,0.01561,0.00602,0.00478,0.01091,0.00124,0.00980,0.00382,0.07016,0.00095,0.00928,0.00984
0.00646,0.01945,0.05610,0.03454,0.00414,0.44954,0.00463,0.12416,0.00816,0.02571,0.00311,0.10264,0.01362,0.00099,0.01200,0.00965,0.08405,0.00919,0.00774,0.02412
0.00824,0.04158,0.08298,0.07223,0.00631,0.10796,0.00748,0.09070,0.06253,0.02671,0.00225,0.03017,0.00639,0.00397,0.06406,0.00758,0.35639,0.00196,0.00636,0.01413
0.01753,0.02286,0.19221,0.05320,0.00086,0.24788,0.00403,0.31098,0.06977,0.01219,0.00352,0.00424,0.00539,0.00140,0.01938,0.00375,0.01866,0.00092,0.00610,0.00512
0.00652,0.01389,0.08125,0.11951,0.00172,0.35604,0.01048,0.11680,0.00582,0.01832,0.00681,0.00759,0.00673,0.00380,0.00653,0.00664,0.14979,0.00158,0.02430,0.05586
0.00604,0.05694,0.10455,0.04438,0.00330,0.30462,0.00459,0.24211,0.03271,0.10952,0.00581,0.00585,0.00404,0.00232,0.00935,0.00297,0.02728,0.00088,0.01016,0.02256
0.00988,0.00674,0.09478,0.10833,0.00724,0.08748,0.02794,0.52490,0.00709,0.03072,0.00339,0.00382,0.00689,0.00155,0.02151,0.01104,0.02795,0.00259,0.00633,0.00985
0.06579,0.08057,0.08132,0.02091,0.00203,0.06419,0.00533,0.24448,0.00941,0.27134,0.00620,0.01006,0.01303,0.00171,0.02435,0.00993,0.05679,0.00215,0.00375,0.02667
0.00590,0.01008,0.06970,0.09980,0.00247,0.04057,0.00765,0.20557,0.00891,0.01593,0.00615,0.00520,0.01215,0.00269,0.01179,0.00496,0.46874,0.00104,0.01124,0.00945
0.00859,0.01182,0.03952,0.15379,0.00620,0.08404,0.01383,0.07079,0.09843,0.14647,0.00325,0.00375,0.00800,0.00137,0.25992,0.00286,0.06568,0.00122,0.01361,0.00687
0.01235,0.03133,0.21184,0.05852,0.00168,0.07922,0.01169,0.42921,0.00821,0.01670,0.01264,0.00445,0.00865,0.00170,0.01408,0.00432,0.05497,0.00153,0.02682,0.01011
0.00908,0.14078,0.30488,0.16033,0.00174,0.09643,0.01275,0.13619,0.01358,0.02221,0.00412,0.00851,0.00731,0.00118,0.02144,0.00493,0.02195,0.00172,0.01395,0.01689
0.20744,0.01264,0.02498,0.05971,0.00165,0.06444,0.00272,0.50358,0.00618,0.01806,0.00456,0.01857,0.00602,0.00117,0.01339,0.00319,0.03230,0.00110,0.00259,0.01573
0.01684,0.02247,0.01711,0.09849,0.00082,0.24346,0.01021,0.24779,0.01493,0.01939,0.00392,0.00827,0.00994,0.00054,0.01083,0.17082,0.07290,0.00328,0.01735,0.01066
0.01743,0.04327,0.03829,0.16205,0.00308,0.06725,0.00218,0.21488,0.00897,0.04314,0.00503,0.00591,0.05642,0.00153,0.01531,0.00540,0.28604,0.01243,0.00520,0.00620
0.00380,0.04243,0.02067,0.02793,0.00277,0.39943,0.00275,0.15059,0.00946,0.01948,0.00255,0.00361,0.03250,0.00155,0.02183,0.00376,0.24251,0.00205,0.00539,0.00495
0.00486,0.01139,0.04606,0.14760,0.00252,0.15748,0.00457,0.24677,0.16278,0.01487,0.00582,0.00505,0.01529,0.00400,0.01361,0.08783,0.02419,0.00254,0.00497,0.03781
0.01478,0.00659,0.07325,0.07243,0.00102,0.36846,0.05162,0.30049,0.01217,0.01203,0.00488,0.00913,0.00638,0.00096,0.01711,0.01135,0.02660,0.00168,0.00366,0.00541
0.00909,0.04905,0.05094,0.31510,0.01078,0.14045,0.01790,0.09690,0.17523,0.02542,0.00295,0.01006,0.00660,0.00104,0.01345,0.00840,0.04031,0.00065,0.00865,0.01701
0.00602,0.01145,0.05055,0.03951,0.00179,0.20513,0.00318,0.54292,0.01402,0.02377,0.00547,0.00766,0.01888,0.00137,0.00918,0.00335,0.03147,0.00107,0.00996,0.01325
0.00785,0.07082,0.02917,0.14105,0.00633,0.07059,0.00978,0.22340,0.01559,0.04315,0.07282,0.02539,0.02129,0.00109,0.00706,0.00455,0.08151,0.00184,0.13648,0.03023
0.01074,0.02171,0.04684,0.08683,0.00335,0.12367,0.00542,0.13174,0.01655,0.33470,0.00266,0.00792,0.06238,0.00273,0.04533,0.00637,0.06479,0.01325,0.00363,0.00939
0.00647,0.14112,0.02893,0.11558,0.00191,0.33773,0.01004,0.19842,0.01326,0.02238,0.00630,0.01251,0.00342,0.00115,0.01493,0.00343,0.05200,0.00501,0.01210,0.01330
0.00584,0.02435,0.20426,0.08467,0.00444,0.11153,0.00596,0.11508,0.20181,0.05732,0.00715,0.00547,0.01493,0.00763,0.05765,0.00444,0.04885,0.00569,0.00857,0.02434
0.00438,0.01062,0.03510,0.04424,0.00150,0.08027,0.00991,0.48734,0.00673,0.09476,0.00926,0.00521,0.00744,0.00200,0.11349,0.01371,0.04817,0.00279,0.01126,0.01183
0.10395,0.02373,0.06584,0.04860,0.00118,0.34832,0.01351,0.06035,0.05495,0.14747,0.03617,0.00873,0.00604,0.00132,0.01422,0.00355,0.03070,0.00260,0.00665,0.02211
0.01792,0.04538,0.17415,0.04762,0.00671,0.14217,0.00490,0.12365,0.01612,0.05940,0.00554,0.01030,0.01284,0.05810,0.08285,0.00233,0.05508,0.00116,0.01080,0.12300
0.00459,0.18594,0.06924,0.02599,0.00148,0.24093,0.00532,0.31749,0.01262,0.02049,0.00406,0.00519,0.00311,0.00077,0.05652,0.00220,0.02406,0.00063,0.00401,0.01535
0.00151,0.06009,0.02328,0.28636,0.00095,0.10403,0.00448,0.41849,0.01806,0.00771,0.00341,0.01828,0.00331,0.00081,0.00537,0.00521,0.02190,0.00181,0.00471,0.01023
0.00646,0.00932,0.11118,0.08686,0.00164,0.16349,0.00713,0.44729,0.00769,0.02711,0.00176,0.01056,0.00974,0.00107,0.02873,0.00349,0.06101,0.00723,0.00327,0.00496
0.01584,0.11070,0.06356,0.05374,0.00229,0.16733,0.00700,0.26818,0.02304,0.01027,0.01452,0.02424,0.00617,0.00175,0.04479,0.00258,0.16234,0.00634,0.00570,0.00963
0.00973,0.02601,0.24463,0.07034,0.00171,0.33297,0.01016,0.06182,0.00933,0.04616,0.00546,0.01980,0.01298,0.00106,0.01447,0.00293,0.09451,0.00132,0.00254,0.03208
0.08901,0.04416,0.01345,0.27889,0.00388,0.15704,0.00947,0.18570,0.01525,0.03124,0.00276,0.01576,0.00870,0.00661,0.01158,0.01603,0.08944,0.00219,0.00252,0.01630
0.00840,0.01165,0.05991,0.09607,0.00741,0.10719,0.01563,0.15737,0.01706,0.43550,0.01275,0.00751,0.01304,0.00084,0.00934,0.00333,0.02253,0.00163,0.00870,0.00414
0.01538,0.01289,0.02994,0.06373,0.00185,0.33958,0.00189,0.35231,0.01103,0.02817,0.00413,0.00441,0.01129,0.00105,0.04780,0.00300,0.05266,0.00193,0.00446,0.01251
0.00862,0.02149,0.03658,0.07141,0.00486,0.05452,0.01092,0.54773,0.01475,0.02031,0.02475,0.00510,0.00963,0.00394,0.02445,0.03082,0.04281,0.00215,0.05636,0.00880
0.00956,0.00984,0.14746,0.11125,0.00098,0.17464,0.00416,0.27975,0.07005,0.01023,0.00417,0.01166,0.01508,0.00083,0.03178,0.00376,0.06623,0.00530,0.03227,0.01101
0.00601,0.05731,0.18457,0.06289,0.00332,0.11599,0.00464,0.05722,0.00796,0.01331,0.02146,0.01071,0.00916,0.00073,0.01346,0.03760,0.19807,0.00865,0.00579,0.18115
0.02474,0.01642,0.02208,0.24588,0.00266,0.18678,0.02343,0.19254,0.11933,0.05754,0.00356,0.01698,0.00657,0.00245,0.01936,0.01175,0.02065,0.00136,0.00849,0.01741
0.00429,0.05274,0.03468,0.10246,0.00120,0.13440,0.00363,0.44657,0.00663,0.13445,0.00201,0.00649,0.00564,0.00243,0.00705,0.00460,0.01877,0.00051,0.02618,0.00526
0.01860,0.02347,0.01861,0.03211,0.00219,0.12908,0.00654,0.21994,0.01947,0.01552,0.01385,0.01439,0.01339,0.00076,0.01698,0.01131,0.41329,0.00168,0.00773,0.02107
0.05167,0.11936,0.19647,0.08831,0.00099,0.26932,0.00329,0.06205,0.02098,0.02455,0.01100,0.00761,0.00973,0.00224,0.01740,0.00246,0.05335,0.00319,0.03017,0.02584
0.00541,0.01951,0.02769,0.03027,0.00437,0.60614,0.00571,0.12695,0.02089,0.05638,0.00284,0.01174,0.02003,0.00186,0.00973,0.00868,0.02673,0.00313,0.00447,0.00746
0.02843,0.46087,0.07840,0.04686,0.00218,0.04551,0.00242,0.15974,0.00945,0.01283,0.00853,0.00409,0.01120,0.00126,0.00736,0.01210,0.07088,0.00179,0.02793,0.00814
0.01006,0.04311,0.08140,0.03132,0.00188,0.30432,0.01871,0.14512,0.06016,0.02842,0.00774,0.01215,0.00756,0.00110,0.01750,0.00425,0.03121,0.00215,0.00363,0.18819
0.02941,0.01638,0.16784,0.04796,0.00473,0.09668,0.00949,0.22047,0.00710,0.07101,0.00538,0.01922,0.00719,0.00166,0.00872,0.00345,0.18500,0.00094,0.08753,0.00985
0.00799,0.09647,0.10606,0.03620,0.00214,0.22650,0.00700,0.20605,0.01087,0.01415,0.00700,0.03220,0.01403,0.00193,0.08940,0.01446,0.08960,0.00238,0.00555,0.03002
0.00742,0.00827,0.02407,0.03132,0.00102,0.29777,0.00169,0.53365,0.00469,0.01769,0.00352,0.00567,0.00824,0.00155,0.00527,0.01087,0.01716,0.00135,0.00814,0.01063
0.00305,0.06535,0.03736,0.22806,0.00134,0.35464,0.00516,0.08517,0.00959,0.01617,0.00646,0.00517,0.11534,0.00149,0.00909,0.00394,0.03515,0.00130,0.00761,0.00855
0.02460,0.02119,0.04240,0.06524,0.01540,0.03566,0.00303,0.50634,0.03369,0.01175,0.00688,0.00376,0.00481,0.00076,0.11847,0.00847,0.06015,0.01607,0.01238,0.00893
0.01165,0.00911,0.06464,0.09747,0.00354,0.06995,0.00773,0.38146,0.00566,0.00858,0.25007,0.00608,0.01014,0.00829,0.01275,0.00775,0.02778,0.00134,0.00452,0.01148
0.01308,0.05093,0.03695,0.07531,0.01189,0.31220,0.00832,0.17986,0.01686,0.04375,0.00365,0.06256,0.01495,0.00265,0.02734,0.00212,0.09678,0.00412,0.00571,0.03097
0.00474,0.01542,0.03957,0.06546,0.00613,0.37904,0.00535,0.24720,0.11675,0.02028,0.00815,0.00484,0.00616,0.00181,0.02005,0.00458,0.02633,0.00371,0.00490,0.01954
0.00526,0.01529,0.02341,0.03100,0.00372,0.26147,0.00600,0.39379,0.00758,0.00859,0.00861,0.09520,0.00468,0.00243,0.01526,0.02465,0.07664,0.00128,0.00457,0.01055
0.00594,0.02696,0.01260,0.18212,0.00178,0.07967,0.04075,0.43762,0.00799,0.01998,0.00208,0.00962,0.01007,0.00191,0.00857,0.00973,0.02699,0.00123,0.09328,0.02112
0.37770,0.01729,0.03144,0.03782,0.00119,0.14138,0.00383,0.05780,0.03331,0.01234,0.00928,0.01039,0.00328,0.00112,0.01102,0.00362,0.01730,0.00070,0.19836,0.03080
0.01193,0.01597,0.03276,0.12604,0.00449,0.20560,0.00646,0.25463,0.00899,0.06033,0.00477,0.00992,0.01096,0.13147,0.00696,0.03229,0.05213,0.00259,0.00291,0.01881
0.02615,0.05581,0.17548,0.01831,0.00272,0.11674,0.00274,0.16846,0.09014,0.18831,0.04250,0.00458,0.00956,0.00142,0.05133,0.00493,0.02344,0.00132,0.00575,0.01030
0.01716,0.09943,0.23714,0.06479,0.00132,0.07795,0.00682,0.29317,0.03198,0.03024,0.03136,0.00688,0.00521,0.00097,0.00817,0.01238,0.04134,0.00370,0.00660,0.02339
0.07307,0.02686,0.04136,0.02437,0.03723,0.11668,0.07511,0.31538,0.00973,0.03430,0.04353,0.01461,0.00920,0.00098,0.00386,0.00465,0.06405,0.00137,0.09265,0.01103
0.04119,0.01438,0.10656,0.12561,0.00471,0.23789,0.01138,0.20400,0.01444,0.02350,0.00508,0.01233,0.01201,0.00074,0.02844,0.01820,0.02074,0.00382,0.09785,0.01715
0.01612,0.01319,0.11291,0.04804,0.00136,0.24690,0.03870,0.30337,0.00965,0.03322,0.00566,0.00946,0.00563,0.00419,0.01511,0.00865,0.11368,0.00106,0.00550,0.00759
0.02056,0.00979,0.04207,0.13202,0.00345,0.24363,0.01542,0.12327,0.02052,0.05650,0.00392,0.03234,0.00611,0.00154,0.03128,0.00348,0.20332,0.00186,0.02565,0.02326
0.02071,0.01258,0.03489,0.07868,0.00146,0.12372,0.00206,0.41341,0.01809,0.06813,0.00325,0.00314,0.00624,0.00068,0.07970,0.00299,0.11218,0.00291,0.00516,0.01001
0.01021,0.04095,0.04753,0.12717,0.00523,0.12377,0.00259,0.08886,0.01971,0.02530,0.00402,0.00699,0.00541,0.00224,0.27817,0.00365,0.16668,0.00800,0.00944,0.02408
0.00519,0.00995,0.10461,0.26133,0.00224,0.19877,0.00290,0.18428,0.14141,0.01169,0.01142,0.00273,0.00465,0.00120,0.00732,0.00339,0.02057,0.00056,0.01286,0.01294
0.00537,0.01416,0.45460,0.03005,0.00191,0.07615,0.00746,0.07771,0.02018,0.01675,0.10855,0.00627,0.00925,0.00085,0.03311,0.00180,0.12081,0.00358,0.00264,0.00879
0.03201,0.02067,0.03996,0.07096,0.00535,0.32318,0.00695,0.14366,0.02068,0.05680,0.00263,0.02676,0.13407,0.00495,0.02205,0.00434,0.06949,0.00095,0.00400,0.01052
0.00522,0.04639,0.05432,0.10785,0.00185,0.12120,0.00599,0.18188,0.02577,0.23343,0.00452,0.01070,0.01862,0.00176,0.06620,0.00448,0.08087,0.00300,0.01025,0.01571
0.00642,0.01022,0.01319,0.04349,0.00079,0.07444,0.00296,0.54078,0.00368,0.02638,0.01689,0.07550,0.11454,0.00173,0.00467,0.00406,0.03333,0.00124,0.01214,0.01355
0.00652,0.04772,0.06296,0.25090,0.00417,0.10717,0.00544,0.35551,0.03685,0.01615,0.00179,0.00856,0.00617,0.00090,0.01459,0.00351,0.05215,0.00131,0.00301,0.01461
0.06036,0.01441,0.01449,0.02240,0.00131,0.23245,0.00406,0.24928,0.03299,0.17969,0.00846,0.00978,0.00728,0.05618,0.01269,0.00614,0.06586,0.00064,0.00626,0.01528
0.00528,0.07478,0.01829,0.02985,0.00151,0.37418,0.00512,0.09759,0.01115,0.04609,0.02211,0.00491,0.01085,0.00207,0.01089,0.00249,0.26342,0.00170,0.00461,0.01310
0.00234,0.04373,0.04819,0.10170,0.00108,0.12020,0.00525,0.54693,0.00968,0.02683,0.00268,0.00497,0.01317,0.00202,0.01245,0.00546,0.04336,0.00197,0.00388,0.00412
0.39240,0.03763,0.08670,0.03800,0.00160,0.22003,0.00411,0.08076,0.01434,0.02982,0.00897,0.01029,0.01771,0.00290,0.00915,0.00268,0.02253,0.00131,0.00448,0.01461
0.01929,0.03742,0.06005,0.05031,0.00770,0.11536,0.01324,0.11607,0.03984,0.11254,0.00936,0.04963,0.00691,0.00211,0.02720,0.01037,0.30135,0.00296,0.01030,0.00799
0.00205,0.07199,0.34460,0.05283,0.00137,0.24272,0.00214,0.13132,0.00742,0.00866,0.00335,0.00775,0.00800,0.00071,0.01067,0.01709,0.07077,0.00208,0.00421,0.01026
0.00738,0.02004,0.11428,0.30575,0.00204,0.08873,0.00459,0.18007,0.00995,0.03158,0.01228,0.00586,0.01555,0.00197,0.01284,0.00666,0.14391,0.01638,0.01013,0.01001
0.00669,0.02152,0.29228,0.02887,0.00251,0.14244,0.00531,0.37464,0.00996,0.03019,0.00559,0.00672,0.00358,0.00104,0.00627,0.00434,0.04391,0.00098,0.00311,0.01005
0.02747,0.23474,0.07912,0.11586,0.00248,0.05815,0.00610,0.31784,0.02273,0.01030,0.00437,0.00762,0.00403,0.00462,0.01650,0.01361,0.02369,0.00579,0.01335,0.03164
0.01844,0.05134,0.03538,0.06387,0.00814,0.24327,0.00526,0.22788,0.00845,0.02609,0.00271,0.00561,0.01014,0.00503,0.11238,0.01125,0.07554,0.00115,0.02030,0.06776
0.00939,0.12184,0.19086,0.08563,0.00628,0.24564,0.00800,0.18428,0.00613,0.01472,0.00523,0.00895,0.00316,0.00113,0.01054,0.01075,0.06372,0.00490,0.00514,0.01375
0.01055,0.01962,0.03337,0.08461,0.01109,0.18327,0.00520,0.16805,0.00975,0.04258,0.00631,0.13192,0.03670,0.01858,0.02277,0.00664,0.15852,0.00177,0.02244,0.02625
0.01147,0.01380,0.10886,0.02830,0.00147,0.44856,0.00599,0.07084,0.00586,0.12975,0.00561,0.01806,0.04931,0.00499,0.01056,0.00598,0.06263,0.00364,0.00527,0.00903
0.00454,0.01730,0.03774,0.03409,0.00151,0.44947,0.00787,0.17098,0.01317,0.01824,0.00247,0.09584,0.01876,0.00194,0.06375,0.00243,0.03663,0.00171,0.01055,0.01101
