0.02772,0.07845,0.28725,0.01177,0.02054,0.14350,0.02055,0.02793,0.00845,0.01613,0.02160,0.18245,0.01066,0.08267,0.00961,0.00871,0.01125,0.01120,0.00484,0.01473
0.04780,0.01544,0.44893,0.01303,0.01526,0.06740,0.03333,0.01046,0.01376,0.01532,0.05436,0.16468,0.00978,0.02904,0.00587,0.01504,0.01000,0.01315,0.00653,0.01081
0.01733,0.12527,0.29909,0.02650,0.02894,0.01066,0.01283,0.01349,0.01054,0.01096,0.05209,0.31856,0.00599,0.01036,0.00539,0.02238,0.00680,0.01207,0.00300,0.00775
0.01778,0.04022,0.15547,0.01760,0.08026,0.04863,0.04431,0.01018,0.01320,0.02347,0.01967,0.31005,0.02344,0.02468,0.02872,0.05078,0.01199,0.04053,0.01755,0.02147
0.09839,0.09366,0.23730,0.03897,0.15816,0.02223,0.02541,0.01207,0.01180,0.01276,0.03838,0.14310,0.00694,0.03298,0.01326,0.01134,0.01681,0.01528,0.00398,0.00717
0.00986,0.01593,0.25979,0.00657,0.01059,0.10875,0.01146,0.00702,0.00442,0.01073,0.07154,0.31896,0.00541,0.11097,0.00561,0.01476,0.00637,0.01113,0.00430,0.00585
0.03674,0.13185,0.20262,0.04045,0.10986,0.01527,0.01690,0.00877,0.02269,0.01110,0.08299,0.16832,0.03704,0.01714,0.02222,0.02995,0.01021,0.02276,0.00250,0.01062
0.02005,0.02517,0.21023,0.01713,0.01836,0.20166,0.03464,0.02141,0.01223,0.01396,0.03074,0.13153,0.01201,0.02777,0.01402,0.08200,0.01263,0.06557,0.02583,0.02307
0.01109,0.00803,0.17309,0.04805,0.17455,0.01415,0.15984,0.00859,0.04951,0.01536,0.00979,0.20680,0.00738,0.00611,0.00617,0.03711,0.03623,0.01090,0.00562,0.01164
0.01540,0.01440,0.38187,0.01264,0.00940,0.20787,0.01291,0.01297,0.00964,0.01627,0.01193,0.07379,0.00927,0.01877,0.00901,0.00816,0.01224,0.01040,0.12307,0.03000
0.02094,0.12271,0.19402,0.01869,0.05121,0.03643,0.02026,0.01038,0.01089,0.01664,0.02487,0.24149,0.02899,0.02622,0.01921,0.08672,0.01056,0.04682,0.00291,0.01004
0.06761,0.02629,0.44755,0.01615,0.01445,0.09553,0.02367,0.02181,0.02440,0.01357,0.01563,0.09603,0.01288,0.04263,0.00449,0.01835,0.01264,0.01566,0.01105,0.01960
0.01045,0.01253,0.35521,0.00971,0.01209,0.03221,0.01162,0.01531,0.00742,0.00640,0.01704,0.34216,0.00541,0.13195,0.00329,0.00729,0.00577,0.00528,0.00256,0.00630
0.01225,0.02275,0.24821,0.03986,0.05198,0.01920,0.12991,0.01255,0.02143,0.02069,0.01706,0.24456,0.01374,0.01477,0.00882,0.02637,0.07325,0.00738,0.00613,0.00908
0.06054,0.02595,0.33802,0.01040,0.01242,0.07158,0.02957,0.02437,0.02103,0.01059,0.02227,0.16961,0.01248,0.13569,0.00445,0.02415,0.01102,0.00532,0.00441,0.00612
0.01612,0.00949,0.29591,0.01416,0.01439,0.11870,0.01381,0.00691,0.00748,0.00781,0.06690,0.32743,0.00638,0.03401,0.00914,0.00748,0.02187,0.00836,0.00272,0.01094
0.02211,0.00931,0.27918,0.01100,0.01959,0.01237,0.04909,0.00802,0.01816,0.00738,0.02544,0.34182,0.01234,0.00557,0.00515,0.14058,0.01024,0.01161,0.00302,0.00800
0.00741,0.01320,0.23771,0.03441,0.13058,0.00969,0.01907,0.05795,0.21614,0.00527,0.00714,0.06200,0.01054,0.01082,0.00445,0.09298,0.06733,0.00487,0.00325,0.00521
0.02867,0.05670,0.28032,0.01109,0.01363,0.18523,0.02645,0.03363,0.00969,0.10113,0.03555,0.06543,0.01487,0.07971,0.00859,0.01364,0.00694,0.00900,0.00559,0.01413
0.12492,0.00977,0.19460,0.01073,0.03608,0.03441,0.04306,0.00749,0.07554,0.01493,0.01701,0.36069,0.00980,0.00823,0.00629,0.01162,0.01228,0.00828,0.00280,0.01149
0.02495,0.01352,0.34785,0.01683,0.01076,0.02728,0.00859,0.06163,0.01244,0.00955,0.01661,0.37373,0.01223,0.02571,0.00512,0.00976,0.00800,0.00540,0.00282,0.00721
0.02043,0.03223,0.18722,0.02751,0.01809,0.13436,0.02021,0.18284,0.05492,0.01360,0.01344,0.12822,0.01296,0.00793,0.00976,0.01899,0.01743,0.02212,0.06112,0.01663
0.06523,0.01688,0.32151,0.01603,0.02759,0.11594,0.02541,0.02661,0.01512,0.01093,0.08993,0.09918,0.01619,0.02384,0.00884,0.01734,0.03530,0.02525,0.00535,0.03754
0.00799,0.00716,0.12231,0.04503,0.12042,0.01861,0.10512,0.00755,0.27631,0.02684,0.00566,0.06140,0.00314,0.00938,0.00339,0.00897,0.15936,0.00341,0.00366,0.00428
0.01392,0.03100,0.15853,0.03058,0.04126,0.03064,0.01963,0.01479,0.01400,0.01036,0.15005,0.34708,0.01334,0.03527,0.00704,0.04005,0.00778,0.02216,0.00277,0.00976
0.02046,0.11873,0.16316,0.03990,0.17853,0.02861,0.01125,0.02503,0.04118,0.01094,0.01597,0.10767,0.04228,0.05472,0.06845,0.02803,0.01513,0.01518,0.00462,0.01015
0.00830,0.01249,0.42936,0.03759,0.01015,0.00480,0.00556,0.01464,0.00640,0.00375,0.02688,0.40482,0.00654,0.00313,0.00401,0.00812,0.00510,0.00290,0.00153,0.00395
0.01437,0.01147,0.49624,0.00898,0.01555,0.11525,0.01114,0.00770,0.00830,0.00705,0.01261,0.20588,0.00590,0.04039,0.00516,0.00384,0.01556,0.00321,0.00558,0.00582
0.17272,0.07309,0.25661,0.01896,0.03188,0.01016,0.01045,0.01518,0.01408,0.02362,0.11230,0.19658,0.00897,0.01632,0.01300,0.00755,0.00613,0.00514,0.00253,0.00473
0.03512,0.03409,0.03324,0.21059,0.01501,0.04402,0.01256,0.09745,0.02022,0.01390,0.13603,0.17138,0.09122,0.00742,0.01954,0.02022,0.00938,0.00882,0.00392,0.01587
0.05040,0.04533,0.29369,0.01097,0.00726,0.30046,0.01405,0.05850,0.01119,0.03194,0.02179,0.04311,0.01056,0.04804,0.01059,0.00836,0.00862,0.00890,0.00841,0.00783
0.03855,0.02036,0.26326,0.00934,0.01717,0.15894,0.03357,0.01813,0.02442,0.01509,0.02003,0.06966,0.00936,0.20353,0.00688,0.03479,0.00823,0.01111,0.01297,0.02460
0.01216,0.02536,0.28238,0.01960,0.07736,0.01493,0.26463,0.01498,0.06053,0.02817,0.00833,0.10904,0.01067,0.00972,0.00671,0.01669,0.01009,0.00734,0.00619,0.01510
0.01269,0.01054,0.16719,0.15813,0.02232,0.01235,0.06324,0.01667,0.04862,0.17262,0.01317,0.06099,0.01264,0.00779,0.01009,0.01674,0.17427,0.00549,0.00418,0.01026
0.03139,0.08891,0.20337,0.01704,0.04950,0.03307,0.02877,0.01166,0.01465,0.01514,0.03888,0.29267,0.02338,0.07286,0.01822,0.01559,0.01277,0.01778,0.00257,0.01180
0.02394,0.01476,0.45449,0.01152,0.02334,0.02108,0.01544,0.01318,0.01387,0.01952,0.02720,0.28077,0.01030,0.01908,0.01274,0.01103,0.01241,0.00510,0.00348,0.00677
0.02039,0.01909,0.16261,0.03489,0.02092,0.01127,0.02560,0.01702,0.01770,0.01019,0.22625,0.28605,0.01172,0.02089,0.00876,0.07933,0.00925,0.00850,0.00235,0.00720
0.00932,0.09871,0.33258,0.01770,0.04787,0.01684,0.00808,0.01328,0.00684,0.01291,0.02802,0.32712,0.00937,0.03133,0.00595,0.00890,0.00943,0.00993,0.00188,0.00393
0.01128,0.01733,0.11229,0.03164,0.01277,0.25950,0.03160,0.01462,0.00929,0.01486,0.02089,0.14252,0.01293,0.22395,0.00892,0.03445,0.01974,0.00740,0.00446,0.00956
0.03164,0.03080,0.17037,0.03855,0.04658,0.01304,0.01423,0.01659,0.01284,0.01096,0.11341,0.40264,0.01729,0.01484,0.00918,0.02374,0.01052,0.01325,0.00266,0.00686
0.16853,0.01221,0.08280,0.21897,0.01047,0.03012,0.01100,0.01388,0.05556,0.00802,0.04967,0.13844,0.04525,0.04283,0.03896,0.02350,0.01261,0.01845,0.00364,0.01508
0.22891,0.05988,0.11999,0.08410,0.05099,0.01185,0.04322,0.00823,0.05959,0.01785,0.00754,0.20783,0.01635,0.01262,0.01107,0.02943,0.01389,0.00602,0.00201,0.00863
0.02494,0.15922,0.10977,0.01763,0.19168,0.03516,0.01086,0.00757,0.01418,0.01318,0.12267,0.17006,0.03148,0.02003,0.01658,0.02705,0.00495,0.00871,0.00241,0.01187
0.02207,0.20411,0.12269,0.02804,0.05054,0.03360,0.03244,0.01440,0.00991,0.02313,0.01355,0.23988,0.01064,0.02931,0.02040,0.00649,0.09846,0.01900,0.00327,0.01808
0.14873,0.00928,0.16072,0.01226,0.01023,0.04925,0.03126,0.01708,0.01849,0.09879,0.09016,0.03736,0.01768,0.25072,0.00558,0.01048,0.00911,0.00537,0.00529,0.01214
0.00874,0.03166,0.22308,0.00868,0.00869,0.18666,0.02723,0.02777,0.00918,0.03479,0.01279,0.13076,0.01276,0.23100,0.00426,0.02027,0.00496,0.00572,0.00466,0.00635
0.01417,0.01839,0.20085,0.15683,0.03477,0.02320,0.03006,0.04553,0.05262,0.02134,0.00968,0.16287,0.02120,0.01038,0.01055,0.05086,0.07314,0.02275,0.01570,0.02511
0.01376,0.01200,0.35207,0.00605,0.00643,0.31408,0.02240,0.00728,0.00775,0.01072,0.01668,0.08862,0.02044,0.07121,0.00964,0.02000,0.00471,0.00572,0.00325,0.00719
0.04868,0.03078,0.16821,0.21387,0.03180,0.01124,0.01186,0.03677,0.02312,0.00787,0.16090,0.17614,0.02003,0.01197,0.01512,0.00861,0.00736,0.00646,0.00292,0.00627
0.01775,0.01211,0.21705,0.02760,0.14877,0.01932,0.13133,0.00818,0.07438,0.02406,0.01282,0.19193,0.00850,0.00662,0.00416,0.03694,0.03207,0.01038,0.00317,0.01286
0.00835,0.00999,0.33464,0.01808,0.03303,0.01354,0.03733,0.01217,0.03439,0.00692,0.00770,0.38808,0.00823,0.01071,0.00500,0.04469,0.00997,0.00501,0.00205,0.01014
0.00762,0.27732,0.16448,0.03332,0.07942,0.01000,0.01243,0.00918,0.00939,0.01258,0.02053,0.28748,0.01597,0.01429,0.01163,0.01397,0.00685,0.00650,0.00220,0.00486
0.01119,0.02470,0.42133,0.01367,0.11226,0.01463,0.04498,0.01486,0.04745,0.06788,0.00784,0.16268,0.00954,0.00869,0.00827,0.00726,0.01159,0.00331,0.00307,0.00479
0.06476,0.04261,0.32626,0.01642,0.01118,0.01564,0.01130,0.02231,0.01150,0.01085,0.05639,0.32877,0.02394,0.00923,0.00860,0.01057,0.00717,0.00973,0.00329,0.00948
0.02094,0.03828,0.19718,0.01050,0.00952,0.31448,0.07334,0.05622,0.01532,0.04852,0.01479,0.06835,0.01386,0.06933,0.00607,0.01645,0.00912,0.00430,0.00392,0.00952
0.00826,0.00853,0.46336,0.01261,0.04025,0.01609,0.01581,0.01444,0.10223,0.01039,0.00726,0.15796,0.00562,0.01592,0.00354,0.00588,0.10055,0.00405,0.00291,0.00434
0.01762,0.04845,0.23330,0.01444,0.01030,0.22651,0.01890,0.04703,0.01192,0.01371,0.02540,0.21254,0.00932,0.06584,0.00595,0.00888,0.00876,0.00420,0.00473,0.01221
0.02487,0.01892,0.22739,0.04900,0.18476,0.01462,0.05385,0.01761,0.06782,0.02908,0.01836,0.13044,0.00987,0.01329,0.01022,0.04778,0.03935,0.03013,0.00391,0.00872
0.02895,0.14864,0.28843,0.01778,0.08196,0.01110,0.01033,0.02436,0.07421,0.00585,0.01190,0.21573,0.00865,0.00817,0.00708,0.01743,0.01255,0.01814,0.00237,0.00637
0.02179,0.02431,0.27535,0.00898,0.00808,0.31407,0.01681,0.01667,0.00833,0.00935,0.03338,0.19017,0.00764,0.02226,0.01130,0.00771,0.00735,0.00596,0.00404,0.00644
0.13132,0.07392,0.31011,0.00975,0.03600,0.01461,0.00784,0.01188,0.02322,0.00958,0.01659,0.29811,0.00734,0.01441,0.00520,0.00848,0.00485,0.00843,0.00247,0.00588
0.01105,0.01017,0.29415,0.02655,0.02509,0.01155,0.03137,0.01286,0.01912,0.01624,0.01091,0.44017,0.00724,0.01041,0.00720,0.01697,0.02089,0.01346,0.00363,0.01095
0.18729,0.00908,0.23852,0.00832,0.02760,0.04794,0.03097,0.00705,0.01375,0.01065,0.02705,0.21507,0.00968,0.12247,0.00614,0.01586,0.00856,0.00466,0.00236,0.00698
0.01327,0.01140,0.09521,0.04085,0.23759,0.01873,0.01675,0.02333,0.26046,0.00801,0.01325,0.06510,0.00671,0.01284,0.00748,0.02682,0.11176,0.01352,0.00507,0.01186
0.17075,0.02145,0.18215,0.01241,0.01442,0.04261,0.01395,0.02400,0.01903,0.00673,0.04972,0.29373,0.01291,0.02100,0.00959,0.04086,0.02129,0.01868,0.00653,0.01820
0.06425,0.02579,0.23912,0.00848,0.03331,0.02004,0.01159,0.02301,0.01380,0.00740,0.03918,0.45434,0.00489,0.01364,0.00840,0.00920,0.00840,0.00759,0.00225,0.00532
0.03060,0.03918,0.10837,0.01203,0.01518,0.22706,0.02396,0.09564,0.01280,0.00882,0.06247,0.23801,0.01737,0.03500,0.01120,0.01796,0.01841,0.00962,0.00456,0.01176
0.10430,0.06724,0.22170,0.02685,0.10900,0.01286,0.01174,0.03604,0.03438,0.00901,0.09670,0.15509,0.01923,0.02321,0.00865,0.01663,0.00841,0.02527,0.00385,0.00986
0.01482,0.00932,0.22910,0.07299,0.19362,0.02450,0.03063,0.01328,0.04233,0.00764,0.01919,0.19617,0.03479,0.01124,0.00531,0.04977,0.02731,0.00671,0.00432,0.00696
0.01949,0.02145,0.17333,0.01682,0.08483,0.03346,0.10646,0.03685,0.04204,0.01653,0.03032,0.25615,0.01844,0.01808,0.01172,0.04081,0.02184,0.01266,0.00503,0.03368
0.01699,0.15958,0.14153,0.03870,0.26254,0.01218,0.01396,0.01589,0.01596,0.01025,0.06539,0.17268,0.00907,0.01862,0.01183,0.01073,0.00801,0.00548,0.00196,0.00867
0.02585,0.08790,0.23647,0.01887,0.05217,0.02738,0.01636,0.02067,0.02810,0.01977,0.04387,0.27203,0.02540,0.01381,0.01116,0.05370,0.01014,0.01633,0.00505,0.01501
0.04121,0.05118,0.27346,0.01328,0.01538,0.11636,0.01273,0.11893,0.02238,0.01100,0.11394,0.11672,0.02039,0.02334,0.00604,0.01134,0.00664,0.00985,0.00674,0.00909
0.02018,0.01324,0.07015,0.03691,0.04457,0.09177,0.10574,0.02125,0.14772,0.02354,0.01492,0.14459,0.03561,0.01417,0.01025,0.13099,0.02678,0.01698,0.00409,0.02655
0.01586,0.01414,0.17922,0.03888,0.02589,0.02125,0.37066,0.01980,0.06924,0.01974,0.01279,0.08058,0.01477,0.01234,0.00919,0.02873,0.01892,0.01946,0.00624,0.02230
0.03423,0.01206,0.26421,0.15317,0.01362,0.01492,0.09175,0.01381,0.10679,0.01906,0.01024,0.09057,0.00546,0.00628,0.00672,0.01077,0.13056,0.00528,0.00339,0.00711
0.01021,0.02043,0.24095,0.01809,0.01359,0.26219,0.01950,0.01078,0.00865,0.01659,0.01622,0.05418,0.05189,0.17277,0.02201,0.00853,0.00928,0.00816,0.02827,0.00771
0.03584,0.02876,0.12731,0.02417,0.04521,0.04719,0.01500,0.01404,0.03799,0.01116,0.15564,0.30845,0.06448,0.01126,0.00955,0.01622,0.00839,0.01251,0.00384,0.02299
0.01942,0.01210,0.42613,0.02295,0.03638,0.00619,0.11999,0.01641,0.04331,0.02832,0.01448,0.20471,0.00353,0.00464,0.00445,0.00884,0.01746,0.00410,0.00170,0.00490
0.01213,0.08102,0.14481,0.03428,0.05537,0.04552,0.01666,0.01412,0.00961,0.01167,0.07667,0.36932,0.00893,0.01565,0.00892,0.04489,0.01009,0.02669,0.00328,0.01038
0.05134,0.15754,0.06585,0.03085,0.12983,0.02624,0.04645,0.01204,0.01788,0.03911,0.09425,0.18702,0.01388,0.01415,0.02647,0.03168,0.01754,0.01835,0.00335,0.01617
0.03246,0.03731,0.15321,0.01064,0.01984,0.01964,0.03595,0.02028,0.01192,0.01916,0.04527,0.50465,0.01363,0.00792,0.00762,0.03238,0.00550,0.00818,0.00259,0.01184
0.01439,0.01727,0.05985,0.10451,0.03240,0.03269,0.01950,0.04585,0.03716,0.03042,0.09637,0.20028,0.05002,0.05222,0.01775,0.03479,0.01469,0.10072,0.00482,0.03428
0.01996,0.01149,0.33099,0.02473,0.00995,0.01653,0.13436,0.02116,0.01330,0.02403,0.01418,0.19376,0.00732,0.01407,0.01953,0.01540,0.09927,0.00921,0.00420,0.01659
0.00988,0.00721,0.37251,0.19456,0.01745,0.00860,0.03918,0.01472,0.01197,0.01569,0.01453,0.23393,0.00775,0.00969,0.00743,0.00848,0.01449,0.00413,0.00225,0.00554
0.03923,0.01728,0.14639,0.08143,0.02473,0.01214,0.00976,0.01561,0.03275,0.11842,0.22274,0.19800,0.02472,0.00972,0.00801,0.01075,0.00699,0.00980,0.00283,0.00867
0.00451,0.00564,0.45196,0.01241,0.09353,0.01039,0.03946,0.00575,0.02185,0.00527,0.00549,0.25478,0.00806,0.00647,0.00390,0.03901,0.01581,0.00469,0.00207,0.00895
0.06386,0.02984,0.24699,0.01681,0.02779,0.01568,0.04139,0.01295,0.04846,0.08109,0.03246,0.30410,0.01071,0.02006,0.00751,0.01590,0.00901,0.00717,0.00227,0.00595
0.01925,0.01180,0.21101,0.02427,0.18976,0.03022,0.01928,0.01889,0.08753,0.01146,0.00798,0.19525,0.01311,0.03264,0.00528,0.01921,0.08597,0.00842,0.00283,0.00585
0.01938,0.05210,0.11046,0.01656,0.01266,0.22403,0.03965,0.21619,0.01353,0.02025,0.02621,0.06174,0.01305,0.10393,0.00675,0.01893,0.01141,0.01141,0.00526,0.01649
0.02336,0.02365,0.12196,0.03859,0.03960,0.14236,0.08476,0.01425,0.08980,0.00950,0.02117,0.20045,0.03519,0.02140,0.00567,0.07455,0.02209,0.00713,0.00366,0.02085
0.00592,0.01432,0.03331,0.03332,0.11783,0.02894,0.06847,0.00767,0.19116,0.01592,0.00723,0.09019,0.01093,0.01983,0.00850,0.28893,0.03473,0.00911,0.00341,0.01027
0.02282,0.01236,0.37537,0.07371,0.01888,0.01260,0.01553,0.01305,0.04437,0.01583,0.01073,0.31507,0.00826,0.01322,0.00386,0.01593,0.01566,0.00362,0.00309,0.00604
0.01769,0.01061,0.17068,0.11054,0.06595,0.03282,0.01018,0.02602,0.07218,0.02492,0.01934,0.29295,0.01438,0.02226,0.00466,0.02445,0.04683,0.01795,0.00518,0.01040
0.00826,0.01359,0.24075,0.00956,0.00934,0.12436,0.06703,0.21329,0.01460,0.01491,0.00884,0.20410,0.00811,0.01726,0.00579,0.01307,0.01143,0.00404,0.00399,0.00767
0.00892,0.03493,0.36740,0.04073,0.07198,0.01597,0.01973,0.01512,0.01096,0.01191,0.03001,0.27199,0.02831,0.01328,0.00571,0.03045,0.00941,0.00463,0.00216,0.00641
0.00718,0.02301,0.19260,0.01568,0.01604,0.35658,0.02402,0.03209,0.01264,0.01791,0.01579,0.13074,0.01100,0.03808,0.00590,0.05073,0.00838,0.01487,0.01417,0.01261
0.01109,0.00991,0.19502,0.03661,0.03967,0.02136,0.01986,0.00889,0.08355,0.22589,0.00561,0.27770,0.00619,0.01060,0.00485,0.00912,0.01554,0.00563,0.00468,0.00823
0.00923,0.00907,0.24556,0.15385,0.04904,0.01510,0.01477,0.01262,0.03794,0.00614,0.00631,0.11995,0.00713,0.01187,0.00376,0.03474,0.24788,0.00357,0.00274,0.00872
0.01824,0.01537,0.22606,0.01210,0.07962,0.02287,0.15632,0.01906,0.03466,0.01740,0.00844,0.27780,0.01397,0.00773,0.00576,0.04411,0.00844,0.01405,0.00812,0.00988
