0.00979,0.00521,0.00734,0.00564,0.00304,0.07171,0.09611,0.10930,0.18800,0.37347,0.00602,0.00238,0.00557,0.00596,0.00269,0.00242,0.01597,0.00395,0.08168,0.00373
0.00617,0.00107,0.00320,0.00453,0.00465,0.00599,0.00468,0.00776,0.00204,0.01176,0.00326,0.00406,0.00233,0.00497,0.40832,0.49832,0.00100,0.00269,0.02242,0.00078
0.00512,0.01183,0.01024,0.00559,0.00659,0.01038,0.06409,0.01228,0.35182,0.34377,0.07440,0.00640,0.00527,0.00298,0.00225,0.00198,0.00140,0.00129,0.07762,0.00469
0.01565,0.00749,0.00709,0.00745,0.03994,0.01888,0.07170,0.02737,0.21158,0.11975,0.01754,0.02265,0.01347,0.28766,0.01110,0.00142,0.01224,0.09163,0.01276,0.00264
0.01532,0.49736,0.05767,0.31828,0.00796,0.03750,0.00724,0.00833,0.00521,0.00182,0.00165,0.01056,0.00899,0.00328,0.00707,0.00204,0.00290,0.00161,0.00121,0.00401
0.00567,0.00230,0.17022,0.35815,0.00386,0.00465,0.00780,0.00505,0.00273,0.16439,0.00401,0.00318,0.00382,0.00256,0.00138,0.00307,0.00221,0.00154,0.00305,0.25038
0.04614,0.01915,0.01847,0.01347,0.00583,0.00733,0.00251,0.04798,0.32130,0.16223,0.08253,0.00474,0.00341,0.01116,0.00267,0.22916,0.00269,0.00195,0.00669,0.01058
0.01188,0.01013,0.01033,0.01105,0.00873,0.00253,0.02467,0.09414,0.32929,0.20508,0.13959,0.00873,0.00470,0.02037,0.00280,0.00489,0.00611,0.00522,0.00248,0.09727
0.00869,0.01608,0.39503,0.00918,0.00572,0.00497,0.00477,0.00357,0.00573,0.00534,0.00329,0.23273,0.00214,0.00889,0.27072,0.00121,0.01500,0.00329,0.00273,0.00093
0.00736,0.51237,0.00423,0.00187,0.00751,0.00410,0.00538,0.00508,0.00523,0.00250,0.41803,0.00279,0.00581,0.00455,0.00157,0.00389,0.00213,0.00283,0.00124,0.00154
0.00551,0.00529,0.41872,0.09206,0.00633,0.01501,0.01268,0.02399,0.00357,0.21748,0.01212,0.00961,0.00590,0.00704,0.00269,0.00274,0.00680,0.03701,0.01102,0.10442
0.00091,0.00104,0.00231,0.00268,0.31478,0.00048,0.00342,0.00239,0.00142,0.00215,0.00160,0.65938,0.00111,0.00093,0.00145,0.00108,0.00063,0.00066,0.00085,0.00075
0.00733,0.02312,0.06691,0.02914,0.00354,0.30042,0.02104,0.00432,0.01862,0.00695,0.00503,0.00402,0.00342,0.20639,0.01205,0.00748,0.09004,0.18325,0.00372,0.00324
0.15973,0.00811,0.00703,0.00817,0.00940,0.00846,0.00239,0.33335,0.01193,0.02173,0.00320,0.00506,0.00525,0.00352,0.00513,0.00274,0.00200,0.00113,0.39595,0.00572
0.45553,0.00382,0.00912,0.00511,0.00182,0.03400,0.01042,0.00431,0.01015,0.01401,0.00285,0.00284,0.03023,0.40139,0.00167,0.00091,0.00428,0.00068,0.00160,0.00525
0.07405,0.01880,0.30224,0.01686,0.01123,0.00462,0.05886,0.00916,0.09893,0.05638,0.00882,0.17242,0.00793,0.01876,0.05339,0.00448,0.07266,0.00421,0.00311,0.00310
0.44715,0.00859,0.01253,0.02053,0.00178,0.02208,0.02677,0.17120,0.01273,0.07509,0.00806,0.00972,0.04305,0.10030,0.00192,0.00174,0.00375,0.02024,0.00180,0.01097
0.00314,0.00436,0.03678,0.38747,0.00786,0.01055,0.00787,0.02084,0.00309,0.36355,0.04594,0.00201,0.00132,0.00201,0.07478,0.00443,0.01087,0.00363,0.00830,0.00122
0.06910,0.00941,0.00503,0.00615,0.00685,0.48829,0.00354,0.00431,0.00974,0.01207,0.02530,0.00477,0.32765,0.01377,0.00271,0.00311,0.00135,0.00151,0.00247,0.00287
0.00457,0.00220,0.00288,0.00122,0.00197,0.49356,0.00127,0.00092,0.00210,0.00331,0.00137,0.00144,0.47517,0.00231,0.00119,0.00077,0.00055,0.00105,0.00054,0.00161
0.15006,0.25113,0.00567,0.26621,0.00214,0.00472,0.06732,0.01081,0.20428,0.00483,0.00231,0.00343,0.00741,0.00829,0.00137,0.00149,0.00117,0.00328,0.00164,0.00244
0.02076,0.00601,0.00722,0.00855,0.01020,0.00249,0.16744,0.04602,0.00688,0.07269,0.00962,0.00713,0.12049,0.00973,0.19620,0.28431,0.00651,0.00400,0.00575,0.00802
0.02792,0.01197,0.16725,0.11058,0.00446,0.02900,0.08827,0.06160,0.04562,0.24647,0.00638,0.00932,0.01145,0.01421,0.00245,0.01068,0.00225,0.00505,0.00860,0.13647
0.04233,0.00036,0.00373,0.00292,0.00715,0.00702,0.00173,0.00922,0.01826,0.03062,0.38303,0.00241,0.00373,0.03228,0.08296,0.00244,0.02881,0.00279,0.00158,0.33662
0.00352,0.00867,0.01678,0.00678,0.00512,0.00631,0.13073,0.00629,0.00614,0.01605,0.00601,0.00730,0.17673,0.00959,0.24219,0.33824,0.00289,0.00270,0.00153,0.00643
0.00429,0.23056,0.02963,0.00394,0.00355,0.00658,0.24718,0.00328,0.05033,0.00987,0.32709,0.00509,0.00842,0.00644,0.00246,0.00434,0.00344,0.00212,0.04837,0.00302
0.00859,0.00354,0.41515,0.12141,0.00295,0.01119,0.05518,0.01587,0.00682,0.10815,0.00234,0.00354,0.02256,0.00508,0.00103,0.00432,0.00364,0.00229,0.00540,0.20095
0.02593,0.00355,0.01299,0.01397,0.01033,0.17353,0.02275,0.16445,0.15385,0.19084,0.04904,0.00771,0.00478,0.09402,0.00437,0.00417,0.01931,0.01748,0.02375,0.00316
0.00933,0.01714,0.00234,0.00323,0.00778,0.09705,0.04374,0.00688,0.32713,0.21229,0.04117,0.00485,0.02987,0.03540,0.00243,0.00462,0.00126,0.00288,0.14459,0.00604
0.04447,0.00947,0.01398,0.00466,0.02055,0.02726,0.01282,0.09520,0.50797,0.18356,0.00905,0.00445,0.01236,0.03176,0.00351,0.00127,0.00299,0.00286,0.00887,0.00296
0.01047,0.07486,0.01090,0.11780,0.00451,0.28379,0.00877,0.03313,0.01765,0.01281,0.01329,0.00335,0.00178,0.01752,0.00670,0.00985,0.33395,0.01094,0.02383,0.00412
0.04240,0.10952,0.06783,0.01044,0.00347,0.31744,0.00517,0.00901,0.01444,0.00717,0.06879,0.00256,0.30934,0.00455,0.00574,0.00190,0.00177,0.00162,0.00642,0.01039
0.00974,0.00352,0.00656,0.00954,0.01563,0.01371,0.00530,0.08542,0.19421,0.13123,0.37518,0.00602,0.00582,0.00432,0.03773,0.00679,0.01490,0.00128,0.01939,0.05372
0.04339,0.11818,0.00615,0.00601,0.00774,0.00374,0.00605,0.03621,0.33585,0.00607,0.02815,0.00136,0.00257,0.00592,0.00325,0.37199,0.00387,0.00397,0.00680,0.00271
0.02648,0.00680,0.00482,0.00349,0.00544,0.00990,0.01134,0.00876,0.01533,0.12989,0.00578,0.00801,0.00447,0.07778,0.24685,0.39181,0.00280,0.00270,0.03016,0.00738
0.13407,0.01048,0.00547,0.01877,0.16444,0.00939,0.00971,0.01879,0.00818,0.00791,0.06671,0.21814,0.05674,0.18959,0.00584,0.00306,0.00105,0.05738,0.00155,0.01273
0.05602,0.00167,0.00309,0.00180,0.03065,0.01097,0.00192,0.01041,0.00659,0.01031,0.41318,0.00354,0.00225,0.00455,0.01440,0.00423,0.02235,0.00290,0.00155,0.39761
0.00798,0.00669,0.26388,0.00650,0.00140,0.00620,0.00682,0.00494,0.06187,0.00757,0.00346,0.37686,0.00911,0.00753,0.00629,0.00261,0.20669,0.00320,0.00143,0.00896
0.02974,0.00524,0.00576,0.00468,0.01173,0.09091,0.08903,0.08430,0.22622,0.16174,0.00690,0.01086,0.01239,0.07627,0.13336,0.01817,0.00632,0.00798,0.01511,0.00329
0.03177,0.03504,0.01243,0.00498,0.01493,0.05561,0.14658,0.01753,0.18745,0.16645,0.02896,0.00608,0.01180,0.02477,0.00342,0.00400,0.00885,0.01159,0.22504,0.00273
0.00714,0.00281,0.00368,0.00819,0.00442,0.02639,0.01281,0.01322,0.00165,0.00450,0.00738,0.00632,0.01685,0.01013,0.40854,0.45669,0.00121,0.00126,0.00494,0.00185
0.01567,0.00747,0.00984,0.00394,0.18683,0.01664,0.03037,0.05527,0.18896,0.21427,0.01262,0.10360,0.05964,0.03121,0.00285,0.00299,0.00106,0.04691,0.00475,0.00510
0.54913,0.00205,0.00443,0.00160,0.41903,0.00145,0.00140,0.00364,0.00315,0.00116,0.00199,0.00095,0.00097,0.00146,0.00074,0.00189,0.00118,0.00185,0.00061,0.00132
0.10209,0.00967,0.18256,0.01017,0.00195,0.00636,0.01778,0.01678,0.04239,0.00653,0.00302,0.38023,0.01151,0.01977,0.00428,0.00445,0.16451,0.01124,0.00168,0.00305
0.00515,0.33981,0.00939,0.00438,0.00719,0.01139,0.10535,0.01490,0.04836,0.02823,0.31089,0.02320,0.01267,0.00536,0.00299,0.00443,0.04996,0.00285,0.01130,0.00219
0.08962,0.00318,0.00403,0.00298,0.00544,0.00451,0.00241,0.31835,0.00521,0.00199,0.00242,0.00211,0.00503,0.00463,0.00567,0.00198,0.00161,0.00055,0.53547,0.00281
0.01359,0.00744,0.40642,0.07084,0.00172,0.00486,0.02699,0.01156,0.01421,0.06633,0.00350,0.00243,0.02161,0.02877,0.00098,0.00228,0.00310,0.00178,0.00453,0.30706
0.02039,0.01777,0.00897,0.00214,0.01200,0.38398,0.00216,0.00601,0.00931,0.00483,0.01775,0.00139,0.47816,0.00669,0.00306,0.00074,0.00092,0.00216,0.00201,0.01957
0.00301,0.00450,0.00461,0.00953,0.25589,0.00699,0.01238,0.01089,0.06169,0.03869,0.00665,0.54205,0.00355,0.02151,0.00294,0.00485,0.00119,0.00361,0.00306,0.00243
0.01409,0.07556,0.01138,0.01042,0.13055,0.00390,0.00358,0.03582,0.18357,0.00364,0.09304,0.00414,0.00201,0.01120,0.00344,0.39598,0.00146,0.00425,0.00504,0.00694
0.02476,0.00144,0.00205,0.00268,0.03532,0.00310,0.00317,0.01433,0.00300,0.00344,0.49205,0.00542,0.00254,0.01576,0.03014,0.00238,0.01961,0.01544,0.00056,0.32281
0.01990,0.01412,0.05834,0.03508,0.00627,0.19110,0.01308,0.12259,0.01231,0.02089,0.00656,0.00904,0.00356,0.19546,0.06796,0.00335,0.19408,0.01480,0.00591,0.00560
0.38182,0.01005,0.00464,0.00720,0.29664,0.00173,0.00211,0.04163,0.00624,0.00404,0.00248,0.00300,0.00090,0.00679,0.00165,0.20774,0.00113,0.00215,0.01385,0.00420
0.00808,0.00830,0.00612,0.03229,0.20899,0.00393,0.07454,0.01572,0.21805,0.07223,0.00528,0.27983,0.00495,0.01749,0.01090,0.00699,0.00211,0.01442,0.00680,0.00301
0.01328,0.01591,0.00666,0.00925,0.06219,0.11801,0.08168,0.05359,0.37207,0.16596,0.00966,0.00782,0.02814,0.03222,0.00274,0.00298,0.00609,0.00154,0.00684,0.00335
0.02054,0.00243,0.00550,0.00521,0.00333,0.00371,0.00604,0.00695,0.08627,0.02599,0.33702,0.00968,0.00306,0.02451,0.13592,0.00427,0.00885,0.01385,0.00163,0.29524
0.00397,0.02309,0.13488,0.00405,0.00185,0.00163,0.00485,0.12073,0.01729,0.05332,0.00617,0.28272,0.00103,0.00382,0.00318,0.00149,0.18336,0.14541,0.00247,0.00469
0.11133,0.00309,0.01739,0.00189,0.00651,0.10267,0.03360,0.02130,0.34164,0.18619,0.00869,0.00437,0.05169,0.00571,0.01531,0.00337,0.00214,0.00208,0.07690,0.00412
0.00684,0.25617,0.00591,0.00317,0.00613,0.00598,0.21894,0.00330,0.05445,0.00986,0.20724,0.00215,0.00342,0.00710,0.00183,0.00464,0.00342,0.00047,0.19766,0.00130
0.50383,0.00310,0.00784,0.00376,0.00144,0.02360,0.00605,0.04156,0.00703,0.04257,0.00833,0.00412,0.01589,0.30881,0.00199,0.00140,0.00265,0.00076,0.01061,0.00466
0.13374,0.00388,0.01232,0.02028,0.03654,0.00468,0.00880,0.36757,0.04189,0.18180,0.00376,0.00725,0.00587,0.00385,0.00776,0.00212,0.00194,0.00929,0.14189,0.00477
0.00279,0.00889,0.40689,0.00194,0.07256,0.00280,0.00409,0.00326,0.01088,0.00458,0.00293,0.02228,0.00319,0.00193,0.44408,0.00094,0.00218,0.00144,0.00138,0.00097
0.00395,0.00405,0.51110,0.04390,0.00222,0.00345,0.02087,0.00660,0.00503,0.01237,0.00189,0.00291,0.00524,0.00680,0.00074,0.00049,0.00143,0.00334,0.00431,0.35930
0.55680,0.00503,0.01046,0.00393,0.37614,0.00124,0.00168,0.00602,0.00373,0.00364,0.00824,0.00132,0.00085,0.00239,0.00476,0.00533,0.00201,0.00219,0.00272,0.00152
0.19094,0.02302,0.00587,0.00426,0.01358,0.13296,0.09600,0.00310,0.17650,0.15265,0.02091,0.02465,0.00640,0.12584,0.00448,0.00305,0.00284,0.00119,0.00999,0.00177
0.01529,0.01003,0.00562,0.00595,0.02552,0.06306,0.09867,0.01179,0.28685,0.22085,0.03935,0.00935,0.02522,0.02084,0.00276,0.00323,0.00487,0.00339,0.13759,0.00975
0.02338,0.00798,0.05485,0.15757,0.01209,0.04944,0.09120,0.01715,0.04457,0.25487,0.00700,0.00589,0.02710,0.00340,0.00284,0.00926,0.01158,0.00285,0.01610,0.20087
0.04206,0.00302,0.42612,0.01721,0.00529,0.01437,0.01825,0.00278,0.01803,0.04322,0.00188,0.00579,0.04649,0.01894,0.00124,0.00137,0.00219,0.00147,0.00247,0.32783
0.03636,0.38052,0.00860,0.37223,0.00376,0.01621,0.12240,0.00878,0.00322,0.00180,0.00172,0.00229,0.01666,0.00345,0.00830,0.00146,0.00144,0.00119,0.00788,0.00172
0.15170,0.03639,0.00425,0.00496,0.12506,0.00319,0.00210,0.07804,0.11389,0.00469,0.10422,0.00419,0.00188,0.02084,0.00107,0.33013,0.00385,0.00432,0.00308,0.00214
0.00977,0.01217,0.14866,0.00578,0.01205,0.03086,0.00619,0.28816,0.01541,0.02024,0.00550,0.15695,0.00539,0.00237,0.00540,0.00389,0.02198,0.24590,0.00151,0.00181
0.00143,0.00262,0.00422,0.01160,0.00223,0.00160,0.00221,0.00177,0.00318,0.00380,0.00392,0.00508,0.00097,0.65600,0.00344,0.00219,0.00135,0.28980,0.00059,0.00200
0.00640,0.12455,0.00405,0.00524,0.08000,0.00274,0.01518,0.00628,0.32063,0.00321,0.00943,0.00581,0.00309,0.00285,0.00161,0.39000,0.00199,0.00156,0.00894,0.00645
0.01212,0.00931,0.01748,0.00633,0.00303,0.00240,0.35974,0.11250,0.04580,0.04666,0.00763,0.00297,0.17239,0.05631,0.01630,0.11021,0.00209,0.00535,0.00168,0.00970
0.02152,0.36945,0.02945,0.00357,0.01208,0.04533,0.09600,0.08705,0.01080,0.00555,0.14003,0.00499,0.02455,0.00696,0.00364,0.00690,0.01473,0.11117,0.00411,0.00211
0.10261,0.00491,0.01323,0.00399,0.02023,0.05084,0.07600,0.02242,0.33214,0.23750,0.00932,0.02215,0.01455,0.04464,0.00998,0.00262,0.00337,0.00360,0.01751,0.00839
0.00534,0.01239,0.03154,0.01194,0.00461,0.09192,0.07276,0.00930,0.23793,0.23371,0.00783,0.01409,0.00882,0.03221,0.00335,0.00291,0.00289,0.00313,0.05365,0.15970
0.03685,0.00789,0.01137,0.01700,0.00274,0.24978,0.01216,0.01545,0.31328,0.24371,0.00593,0.00526,0.00705,0.02528,0.00407,0.00338,0.00265,0.00206,0.03018,0.00393
0.00468,0.00399,0.30187,0.17968,0.00415,0.00872,0.01283,0.00780,0.00612,0.11113,0.00586,0.00988,0.04170,0.00761,0.00161,0.00430,0.00791,0.00237,0.00469,0.27309
0.01284,0.00559,0.16045,0.00954,0.00496,0.03905,0.07716,0.01162,0.17214,0.21081,0.00272,0.01167,0.10054,0.00563,0.00243,0.00360,0.00467,0.00291,0.00897,0.15273
0.00248,0.02000,0.01058,0.01866,0.00454,0.31926,0.01069,0.00571,0.00784,0.00432,0.00645,0.00788,0.00422,0.24341,0.06067,0.00650,0.20264,0.05951,0.00114,0.00350
0.09748,0.00674,0.00472,0.00571,0.12967,0.00287,0.03238,0.00620,0.00643,0.00648,0.02037,0.36207,0.09117,0.18899,0.00310,0.00366,0.00209,0.00264,0.00290,0.02433
0.00794,0.01293,0.01053,0.00443,0.00224,0.34737,0.00124,0.00111,0.00492,0.00481,0.01204,0.00120,0.56906,0.00497,0.00199,0.00164,0.00102,0.00156,0.00153,0.00750
0.00530,0.00926,0.46158,0.00309,0.00751,0.00347,0.00485,0.07857,0.00734,0.01803,0.00317,0.10452,0.00169,0.00393,0.17325,0.00153,0.00434,0.10452,0.00287,0.00117
0.55227,0.00386,0.00426,0.00300,0.00100,0.00142,0.03139,0.00449,0.00381,0.01108,0.00225,0.00160,0.00422,0.36360,0.00261,0.00161,0.00069,0.00117,0.00383,0.00183
0.03731,0.00395,0.01737,0.00428,0.00486,0.00780,0.03007,0.16322,0.24424,0.22735,0.02551,0.00241,0.01904,0.00338,0.00732,0.00264,0.00210,0.00273,0.18312,0.01130
0.17965,0.00712,0.00744,0.01236,0.12169,0.00605,0.02009,0.00988,0.01200,0.02061,0.03657,0.21133,0.11588,0.22202,0.00286,0.00309,0.00451,0.00122,0.00136,0.00426
0.00608,0.01355,0.00630,0.01598,0.02328,0.00541,0.00577,0.12397,0.24902,0.03486,0.00777,0.03791,0.00168,0.00167,0.00248,0.11222,0.02852,0.32025,0.00146,0.00179
0.48597,0.00391,0.00646,0.00518,0.00301,0.00439,0.00600,0.04430,0.00845,0.01177,0.00721,0.00634,0.05887,0.20305,0.00229,0.00144,0.00164,0.12662,0.00102,0.01208
0.01678,0.01257,0.29156,0.00409,0.01127,0.00412,0.00557,0.02258,0.03863,0.03126,0.00809,0.26189,0.00238,0.00818,0.25757,0.00198,0.00553,0.00915,0.00547,0.00131
0.00364,0.02097,0.00575,0.02195,0.01086,0.00555,0.31088,0.00582,0.04391,0.11008,0.06893,0.00485,0.00316,0.00473,0.00600,0.00664,0.01103,0.00188,0.34962,0.00374
0.01703,0.05472,0.02858,0.02121,0.00171,0.00218,0.00644,0.14426,0.02032,0.00939,0.00309,0.44408,0.00540,0.00478,0.00229,0.00857,0.21637,0.00135,0.00244,0.00577
0.06465,0.00669,0.01450,0.00962,0.00650,0.00785,0.23465,0.02250,0.12845,0.21806,0.06263,0.00569,0.00425,0.00440,0.00295,0.00279,0.00991,0.01062,0.17894,0.00435
0.08314,0.01572,0.00502,0.00780,0.09791,0.01413,0.08823,0.09071,0.07726,0.20397,0.01585,0.07601,0.03280,0.14156,0.01397,0.00527,0.01471,0.00471,0.00827,0.00297
0.03133,0.00261,0.00554,0.00610,0.00317,0.00349,0.31367,0.06755,0.08773,0.13181,0.00570,0.00474,0.15652,0.03869,0.08789,0.02317,0.00813,0.01638,0.00065,0.00512
0.00330,0.00659,0.05459,0.39974,0.00977,0.00898,0.00478,0.02751,0.00756,0.34367,0.00625,0.00488,0.00157,0.00416,0.00602,0.09152,0.00814,0.00585,0.00202,0.00311
0.12695,0.00943,0.00596,0.00231,0.02236,0.02495,0.00660,0.00210,0.47556,0.25182,0.00691,0.00417,0.01781,0.00633,0.01322,0.00179,0.00079,0.00080,0.01908,0.00107
0.00305,0.03255,0.00502,0.02876,0.00692,0.22429,0.10412,0.00313,0.00851,0.00453,0.00520,0.02320,0.00480,0.31655,0.00597,0.01038,0.01094,0.19835,0.00158,0.00216
0.00298,0.00201,0.00635,0.01228,0.00169,0.00226,0.69391,0.01946,0.00914,0.00468,0.00268,0.00204,0.18586,0.03440,0.00286,0.00605,0.00223,0.00321,0.00081,0.00511
0.00250,0.42242,0.00394,0.00173,0.00329,0.01544,0.00246,0.00323,0.00372,0.00232,0.52292,0.00141,0.00402,0.00155,0.00112,0.00075,0.00268,0.00173,0.00227,0.00050
