0.02926,0.02764,0.01408,0.04662,0.12368,0.03284,0.01197,0.13464,0.02443,0.02443,0.11309,0.11634,0.13821,0.01773,0.14503
0.05697,0.03404,0.03775,0.05171,0.04294,0.04037,0.03764,0.04250,0.03548,0.04123,0.11087,0.10242,0.16532,0.03014,0.17063
0.03037,0.02402,0.02750,0.03551,0.03243,0.02805,0.04068,0.03049,0.02196,0.02059,0.07987,0.08364,0.25531,0.02384,0.26574
0.02568,0.02781,0.02301,0.03363,0.06605,0.02518,0.01899,0.07121,0.02404,0.02367,0.11617,0.11339,0.20004,0.02467,0.20644
0.02630,0.02441,0.02243,0.02954,0.05829,0.02383,0.02518,0.06276,0.02128,0.02344,0.14978,0.17813,0.14797,0.06017,0.14648
0.03843,0.02635,0.03124,0.04087,0.05490,0.02903,0.03426,0.05803,0.02898,0.03004,0.11310,0.11254,0.18241,0.02435,0.19549
0.02823,0.02008,0.02356,0.02997,0.04149,0.02448,0.03248,0.04162,0.02229,0.02504,0.16442,0.16077,0.17610,0.02913,0.18035
0.03551,0.02467,0.02711,0.03963,0.04085,0.03094,0.04632,0.04058,0.02558,0.02296,0.18888,0.19062,0.13063,0.02203,0.13370
0.03193,0.02790,0.02660,0.03296,0.06138,0.02772,0.03410,0.06180,0.02612,0.02537,0.12143,0.11943,0.17981,0.04293,0.18051
0.02957,0.02163,0.02193,0.03352,0.03876,0.02533,0.02644,0.04331,0.02033,0.02103,0.06728,0.06076,0.28528,0.01546,0.28938
0.02393,0.02058,0.01693,0.02846,0.07103,0.02185,0.02462,0.07439,0.01969,0.01970,0.04630,0.04732,0.27782,0.02203,0.28536
0.02279,0.01886,0.01854,0.02348,0.06588,0.01761,0.02249,0.06308,0.01656,0.01749,0.12129,0.12504,0.21948,0.02162,0.22579
0.03581,0.02764,0.02853,0.04014,0.09614,0.02997,0.02949,0.10035,0.02874,0.02805,0.09691,0.10540,0.15396,0.04190,0.15698
0.02611,0.02201,0.02197,0.02766,0.07476,0.02392,0.02544,0.07089,0.02289,0.02017,0.16665,0.16403,0.15172,0.02123,0.16056
0.02928,0.02339,0.02101,0.03666,0.06700,0.02648,0.02299,0.07093,0.02324,0.02372,0.09696,0.11065,0.20384,0.03372,0.21015
0.03460,0.03193,0.02619,0.04168,0.09791,0.03231,0.02461,0.09906,0.03048,0.02887,0.08836,0.09074,0.17606,0.02229,0.17492
0.02586,0.02319,0.02328,0.02990,0.07873,0.02228,0.02819,0.07796,0.02205,0.02016,0.13939,0.13838,0.17045,0.02352,0.17664
0.03899,0.03550,0.03267,0.04852,0.08885,0.04091,0.02703,0.09066,0.03601,0.03597,0.08680,0.08522,0.16363,0.02461,0.16463
0.02982,0.02457,0.02332,0.03479,0.04808,0.02743,0.02723,0.04647,0.02490,0.02383,0.16233,0.15781,0.17032,0.02063,0.17846
0.01439,0.01404,0.01419,0.02190,0.03369,0.01627,0.01000,0.03535,0.01443,0.01366,0.12492,0.14087,0.25651,0.03098,0.25880
0.04130,0.04214,0.03452,0.05537,0.07524,0.04098,0.02614,0.07297,0.04591,0.04049,0.05205,0.07825,0.16358,0.06288,0.16818
0.03430,0.02948,0.03284,0.03772,0.05620,0.02927,0.03281,0.05857,0.03114,0.03173,0.13109,0.13301,0.16581,0.02374,0.17228
0.02286,0.02145,0.01814,0.02648,0.06456,0.02408,0.01987,0.06420,0.02180,0.01765,0.12207,0.12753,0.21013,0.02437,0.21483
0.02288,0.01908,0.02132,0.02319,0.02580,0.02066,0.02338,0.02323,0.01843,0.01746,0.16307,0.16568,0.21217,0.02553,0.21811
0.02284,0.02214,0.01465,0.02982,0.20112,0.02233,0.01651,0.20471,0.02283,0.02201,0.05041,0.05939,0.13916,0.02492,0.14716
0.02776,0.02245,0.02104,0.03912,0.07541,0.02796,0.02241,0.08213,0.02663,0.02386,0.06693,0.10612,0.19310,0.06684,0.19824
0.02818,0.03322,0.02895,0.03194,0.05843,0.02744,0.02530,0.05531,0.02907,0.02353,0.20534,0.19700,0.10630,0.03514,0.11484
0.02105,0.01641,0.01677,0.02537,0.04025,0.02004,0.01892,0.04245,0.01673,0.01715,0.08683,0.11014,0.26120,0.04565,0.26104
0.02171,0.02001,0.02050,0.02342,0.03908,0.02104,0.02123,0.04165,0.01950,0.01944,0.18097,0.18091,0.18526,0.01683,0.18845
0.03405,0.02829,0.02540,0.04035,0.09120,0.03152,0.03058,0.09019,0.02888,0.02400,0.10780,0.12580,0.14535,0.04606,0.15053
0.04104,0.03028,0.02962,0.04531,0.05636,0.03394,0.03380,0.05914,0.02969,0.03039,0.12180,0.11987,0.17189,0.02002,0.17684
0.02097,0.02161,0.01158,0.02999,0.04600,0.02436,0.00963,0.05297,0.01994,0.01824,0.11183,0.11086,0.25222,0.01328,0.25651
0.01478,0.01239,0.00950,0.01978,0.07688,0.01564,0.01113,0.07547,0.01305,0.01263,0.16172,0.16510,0.19855,0.01081,0.20258
0.02647,0.02239,0.02193,0.02716,0.16215,0.02151,0.02231,0.16206,0.02069,0.01911,0.07717,0.06984,0.15575,0.02402,0.16745
0.02734,0.02577,0.01873,0.03439,0.07520,0.02684,0.02029,0.08058,0.02229,0.02137,0.12619,0.11859,0.18788,0.01762,0.19692
0.02149,0.01879,0.01773,0.02356,0.03596,0.02101,0.02175,0.03759,0.01850,0.01690,0.13129,0.12667,0.24061,0.02214,0.24602
0.02592,0.02397,0.02086,0.02947,0.06139,0.02523,0.01768,0.06510,0.02120,0.02259,0.16348,0.16045,0.16752,0.02103,0.17411
0.02945,0.02324,0.02183,0.03173,0.04376,0.02590,0.02375,0.04624,0.02402,0.02311,0.17067,0.17420,0.16541,0.02707,0.16962
0.04015,0.03564,0.02000,0.04992,0.04936,0.03673,0.02377,0.05933,0.03166,0.02727,0.18464,0.18178,0.11844,0.01687,0.12445
0.03228,0.02942,0.01632,0.04545,0.06641,0.03222,0.01628,0.07842,0.02761,0.02469,0.11910,0.11797,0.18357,0.01649,0.19377
0.02510,0.02455,0.02438,0.02582,0.07395,0.02296,0.02129,0.07670,0.02401,0.02323,0.13550,0.12650,0.18257,0.02715,0.18628
0.04440,0.02882,0.03591,0.04813,0.11475,0.03813,0.05819,0.12141,0.02517,0.02756,0.10358,0.10934,0.10328,0.03353,0.10780
0.02812,0.02463,0.02693,0.03407,0.05856,0.02837,0.02436,0.05532,0.02664,0.02604,0.16700,0.17376,0.15048,0.02087,0.15486
0.03510,0.02949,0.02781,0.04489,0.05207,0.03109,0.02255,0.05393,0.02947,0.02841,0.15178,0.15357,0.15656,0.01968,0.16359
0.04517,0.02071,0.04051,0.04286,0.08648,0.03306,0.07957,0.08678,0.01910,0.02509,0.08584,0.07940,0.15989,0.02381,0.17173
0.02754,0.02117,0.02467,0.02950,0.03685,0.02340,0.03379,0.03918,0.02104,0.02098,0.19544,0.19915,0.14891,0.02211,0.15628
0.02711,0.02454,0.02244,0.03267,0.05330,0.02409,0.02722,0.05598,0.02208,0.02002,0.16765,0.16677,0.16579,0.01914,0.17120
0.03058,0.02753,0.02300,0.03567,0.09749,0.02864,0.03570,0.09589,0.02530,0.02325,0.09499,0.10095,0.17234,0.03426,0.17442
0.03561,0.02901,0.02807,0.03614,0.08723,0.03010,0.03257,0.08537,0.02811,0.02931,0.07518,0.07651,0.19445,0.02948,0.20285
0.02346,0.01987,0.01804,0.02641,0.06456,0.02129,0.02303,0.06426,0.01892,0.01767,0.15223,0.17397,0.16561,0.03898,0.17168
0.02171,0.02018,0.01663,0.02494,0.12347,0.01953,0.01678,0.12608,0.01730,0.01771,0.11238,0.11413,0.17412,0.01582,0.17921
0.03165,0.01820,0.02458,0.03217,0.05865,0.02576,0.04221,0.05928,0.01874,0.02213,0.08186,0.08047,0.24293,0.01436,0.24702
0.03401,0.02375,0.03203,0.03423,0.04119,0.03137,0.05160,0.04039,0.01910,0.02401,0.08831,0.09070,0.22873,0.02394,0.23663
0.03746,0.03237,0.02997,0.04227,0.08268,0.03605,0.03193,0.08612,0.02842,0.02775,0.09490,0.11963,0.13882,0.06949,0.14215
0.03679,0.03087,0.02574,0.04178,0.08636,0.03333,0.03255,0.09396,0.02824,0.02815,0.08710,0.10331,0.16253,0.04534,0.16395
0.03492,0.02750,0.02727,0.03865,0.06864,0.02890,0.02882,0.07116,0.02531,0.02601,0.06108,0.06509,0.23376,0.02257,0.24032
0.03435,0.02688,0.02858,0.03693,0.12117,0.02990,0.04007,0.11753,0.02772,0.02872,0.13416,0.13864,0.10633,0.01959,0.10942
0.02887,0.02704,0.02589,0.03535,0.05085,0.02714,0.02571,0.04904,0.02854,0.02687,0.13233,0.13122,0.19131,0.02334,0.19649
0.02140,0.01894,0.01619,0.02478,0.06014,0.01703,0.01490,0.06003,0.02067,0.01645,0.07638,0.10906,0.23713,0.06608,0.24083
0.01428,0.01181,0.01225,0.01510,0.02946,0.01346,0.01576,0.03025,0.01186,0.01141,0.04631,0.04558,0.36191,0.01175,0.36880
0.04214,0.03746,0.03713,0.04849,0.09300,0.04210,0.04152,0.09354,0.04004,0.03328,0.08546,0.09316,0.13208,0.05118,0.12943
0.01769,0.01657,0.01415,0.01936,0.02985,0.01712,0.01394,0.03241,0.01639,0.01510,0.16210,0.17890,0.21382,0.03801,0.21459
0.02807,0.02247,0.01857,0.03358,0.12015,0.02282,0.01887,0.12273,0.02176,0.02005,0.07027,0.07168,0.20178,0.01693,0.21027
0.02824,0.02499,0.02620,0.03587,0.05590,0.02808,0.02650,0.05916,0.02577,0.02631,0.20522,0.20850,0.10964,0.02777,0.11184
0.03070,0.02844,0.01972,0.04009,0.08853,0.02804,0.01824,0.09270,0.02681,0.02505,0.06525,0.06439,0.21939,0.02304,0.22960
0.04066,0.02914,0.02940,0.04613,0.05112,0.03257,0.03449,0.05532,0.03177,0.03192,0.19090,0.18903,0.10266,0.02522,0.10968
0.02444,0.02208,0.02045,0.02633,0.08389,0.02234,0.02368,0.08417,0.01991,0.02169,0.17618,0.16979,0.13526,0.03671,0.13309
0.02100,0.02149,0.01652,0.02671,0.05866,0.02061,0.01550,0.05387,0.01941,0.01706,0.09121,0.08998,0.25934,0.02360,0.26503
0.01729,0.01508,0.01285,0.02122,0.08184,0.01745,0.01927,0.08314,0.01421,0.01377,0.07935,0.07843,0.26469,0.01326,0.26814
0.03446,0.02789,0.01896,0.04579,0.10017,0.03350,0.02027,0.11323,0.02591,0.02475,0.17182,0.17565,0.08843,0.02358,0.09559
0.02392,0.01321,0.01384,0.02509,0.21075,0.01520,0.01425,0.20709,0.01539,0.01370,0.04901,0.05041,0.16315,0.01570,0.16929
0.02725,0.02573,0.01588,0.04102,0.08276,0.03196,0.01535,0.08797,0.02647,0.02585,0.09829,0.09395,0.20333,0.01408,0.21010
0.04867,0.03806,0.04032,0.04503,0.11000,0.03551,0.04948,0.11240,0.03364,0.03430,0.10310,0.09534,0.11015,0.02582,0.11819
0.03794,0.01872,0.03383,0.03737,0.13869,0.02713,0.06106,0.14140,0.01857,0.02079,0.06076,0.05743,0.15907,0.02210,0.16513
0.04581,0.02121,0.03373,0.04545,0.02475,0.03332,0.07985,0.02991,0.01912,0.02506,0.06567,0.07151,0.23722,0.02222,0.24518
0.02752,0.02460,0.02356,0.03103,0.10245,0.02199,0.02255,0.09781,0.02845,0.02423,0.11687,0.10923,0.16848,0.02920,0.17204
0.03104,0.02512,0.02677,0.03629,0.04525,0.02919,0.03745,0.04663,0.02725,0.02562,0.17896,0.18615,0.13099,0.04264,0.13066
0.03434,0.03116,0.02563,0.04226,0.07583,0.03001,0.03279,0.08140,0.02992,0.02516,0.08769,0.11721,0.16374,0.05754,0.16533
0.02566,0.02128,0.01648,0.03141,0.04623,0.02304,0.02232,0.05301,0.02072,0.01876,0.07866,0.09432,0.24956,0.04211,0.25644
0.04478,0.03558,0.02781,0.05197,0.04430,0.03668,0.04155,0.05560,0.03423,0.02981,0.09640,0.12588,0.16106,0.05162,0.16273
0.03133,0.02463,0.02586,0.03436,0.03381,0.02840,0.02651,0.03906,0.02241,0.02550,0.08599,0.08741,0.24875,0.03190,0.25409
0.03492,0.02358,0.03003,0.03972,0.11359,0.02906,0.04503,0.11285,0.02429,0.02329,0.08489,0.08629,0.16096,0.02300,0.16848
0.02778,0.02780,0.02049,0.03384,0.05799,0.02705,0.01898,0.06126,0.02568,0.02535,0.13587,0.13912,0.17882,0.03512,0.18485
0.03141,0.02349,0.02203,0.03382,0.09093,0.02744,0.03802,0.09279,0.02610,0.02189,0.07050,0.10744,0.17103,0.06691,0.17620
0.02312,0.01996,0.01866,0.02749,0.06600,0.01999,0.01801,0.06337,0.02167,0.02122,0.09461,0.10078,0.24157,0.01802,0.24554
0.02427,0.02324,0.02279,0.02536,0.11118,0.02513,0.02131,0.11483,0.02477,0.02349,0.15508,0.15819,0.12329,0.02236,0.12472
0.03805,0.01817,0.03008,0.03989,0.07809,0.02981,0.06574,0.07541,0.01839,0.02010,0.16672,0.16872,0.11329,0.01946,0.11809
0.05192,0.04602,0.02550,0.06987,0.06148,0.04829,0.02372,0.08106,0.04056,0.03697,0.07637,0.09201,0.14679,0.04517,0.15430
0.03849,0.03126,0.02803,0.03981,0.08501,0.03332,0.03255,0.08835,0.02764,0.02970,0.10090,0.09693,0.16748,0.02389,0.17665
0.03640,0.03149,0.02482,0.04499,0.12668,0.03243,0.03748,0.13341,0.02642,0.02556,0.06784,0.07209,0.15785,0.02013,0.16241
0.02982,0.02135,0.02412,0.02867,0.06356,0.02492,0.03262,0.06362,0.02156,0.02405,0.16405,0.16559,0.15201,0.02421,0.15985
0.04263,0.03870,0.03889,0.04205,0.04944,0.03811,0.03156,0.04900,0.03365,0.03917,0.08369,0.08247,0.19329,0.04261,0.19473
0.01918,0.01705,0.01438,0.02253,0.02750,0.01396,0.01100,0.02483,0.01700,0.01542,0.22873,0.23184,0.16993,0.01288,0.17378
0.02317,0.01831,0.02003,0.02458,0.05158,0.01925,0.02446,0.05528,0.02071,0.02155,0.13059,0.13215,0.21473,0.02471,0.21889
0.02347,0.02083,0.02074,0.02698,0.09751,0.02237,0.02227,0.09620,0.02245,0.02089,0.06635,0.06859,0.23164,0.01998,0.23973
0.01679,0.01554,0.01417,0.02231,0.03563,0.01640,0.01848,0.03780,0.01465,0.01482,0.15089,0.15576,0.23496,0.01481,0.23699
0.01604,0.01542,0.01215,0.02058,0.05200,0.01877,0.01466,0.05016,0.01611,0.01353,0.17502,0.17849,0.19905,0.01737,0.20065
0.01890,0.01659,0.01572,0.02260,0.04000,0.01593,0.01650,0.04137,0.01469,0.01545,0.22753,0.23348,0.15146,0.01646,0.15332
0.03493,0.02989,0.03002,0.03510,0.04980,0.03108,0.03279,0.04602,0.03111,0.02909,0.19361,0.19422,0.11224,0.03274,0.11735
0.03564,0.03417,0.03373,0.04631,0.04652,0.03590,0.02717,0.04565,0.03209,0.03542,0.15131,0.14757,0.15176,0.02157,0.15519
0.01784,0.01616,0.01436,0.02217,0.04501,0.01815,0.01382,0.04466,0.01782,0.01575,0.26296,0.26272,0.11694,0.01094,0.12070
0.02687,0.02601,0.02038,0.03224,0.15198,0.02499,0.02080,0.15111,0.02427,0.02302,0.08425,0.08720,0.14749,0.03070,0.14867
0.04706,0.04211,0.02163,0.07051,0.11223,0.04670,0.01624,0.13170,0.04023,0.03602,0.06032,0.07544,0.12939,0.03559,0.13481
0.04409,0.03881,0.02356,0.05058,0.02845,0.03511,0.02551,0.04506,0.03543,0.02868,0.21694,0.22191,0.08785,0.02363,0.09438
0.03065,0.02999,0.01975,0.04207,0.07706,0.03173,0.01545,0.08577,0.02820,0.02720,0.11809,0.11809,0.17106,0.02611,0.17877
0.01887,0.01709,0.01557,0.02063,0.03761,0.01685,0.01522,0.03536,0.01829,0.01709,0.14236,0.14123,0.23855,0.01904,0.24626
0.01552,0.01546,0.01467,0.02092,0.03759,0.01598,0.01762,0.04444,0.01852,0.01413,0.08681,0.22299,0.14549,0.18277,0.14708
0.02739,0.02588,0.02505,0.03098,0.06242,0.02564,0.02803,0.06251,0.02843,0.02461,0.10012,0.08948,0.20488,0.06132,0.20327
0.06729,0.01847,0.05291,0.06448,0.04353,0.04411,0.12748,0.04470,0.01975,0.02930,0.10423,0.11810,0.11037,0.03617,0.11910
0.02878,0.02242,0.02373,0.03494,0.12456,0.02455,0.03193,0.12658,0.02205,0.02078,0.11856,0.11589,0.14146,0.01787,0.14591
0.02085,0.02036,0.01741,0.02725,0.04882,0.02104,0.01698,0.05083,0.01717,0.01694,0.11234,0.12895,0.22563,0.04462,0.23081
0.05159,0.04123,0.03942,0.05468,0.05254,0.04262,0.04912,0.06190,0.03742,0.04057,0.13163,0.13495,0.11519,0.03079,0.11633
0.03433,0.02910,0.03199,0.03477,0.06796,0.02958,0.03919,0.06720,0.02942,0.02782,0.14663,0.13853,0.13555,0.04087,0.14706
0.03487,0.03029,0.02639,0.03812,0.06674,0.03230,0.03491,0.06887,0.03142,0.03329,0.14902,0.19637,0.08801,0.07993,0.08948
0.02104,0.02081,0.01486,0.02709,0.09632,0.02162,0.01278,0.09819,0.01859,0.01634,0.11957,0.12797,0.18657,0.02784,0.19040
0.02403,0.02540,0.02641,0.02861,0.04139,0.02511,0.01640,0.04325,0.02764,0.02466,0.10084,0.11586,0.23029,0.04027,0.22985
0.04443,0.03992,0.03120,0.05446,0.07867,0.04083,0.02703,0.08577,0.03678,0.03144,0.11119,0.11718,0.13530,0.02908,0.13674
0.02897,0.02528,0.01942,0.03736,0.12203,0.02594,0.01651,0.13290,0.02556,0.02306,0.12204,0.13941,0.11570,0.04648,0.11933
0.02825,0.02557,0.02143,0.03267,0.06275,0.02861,0.02327,0.06591,0.02589,0.02662,0.17782,0.19184,0.12330,0.03674,0.12932
0.03578,0.03221,0.02585,0.04583,0.08456,0.03593,0.02685,0.08471,0.03660,0.02913,0.13112,0.14889,0.11589,0.04322,0.12342
0.01856,0.01723,0.01520,0.01888,0.07566,0.01522,0.01415,0.07514,0.01762,0.01538,0.20104,0.20237,0.14090,0.02102,0.15163
0.04152,0.04042,0.02385,0.05184,0.04619,0.04119,0.02709,0.05979,0.03738,0.03398,0.13066,0.16290,0.11541,0.06935,0.11843
0.02894,0.02256,0.02341,0.03165,0.03865,0.02508,0.02770,0.03669,0.02641,0.02032,0.15114,0.16718,0.16886,0.05668,0.17473
0.03522,0.02315,0.02960,0.03906,0.08065,0.03053,0.04629,0.08389,0.02212,0.02458,0.06836,0.06711,0.21419,0.01579,0.21947
0.03093,0.02902,0.01656,0.04351,0.03374,0.03021,0.01925,0.04748,0.02639,0.02313,0.05553,0.07145,0.26799,0.03197,0.27285
0.03931,0.02997,0.02810,0.05383,0.07483,0.04114,0.04104,0.08398,0.02930,0.02818,0.12987,0.12215,0.13818,0.01576,0.14438
0.03488,0.03337,0.02867,0.04979,0.15956,0.03572,0.04038,0.15427,0.03288,0.02606,0.04951,0.05291,0.13811,0.02102,0.14287
0.03479,0.02280,0.03133,0.03986,0.09940,0.02961,0.04968,0.09751,0.02203,0.02401,0.08872,0.09217,0.16747,0.02748,0.17313
0.04045,0.03224,0.03527,0.04519,0.05011,0.03847,0.05433,0.04481,0.03885,0.03651,0.12022,0.15651,0.11139,0.07636,0.11927
0.02806,0.02630,0.02975,0.02896,0.02769,0.02981,0.03501,0.02510,0.02624,0.02413,0.15609,0.16908,0.17879,0.03669,0.17829
0.02712,0.02354,0.02284,0.03062,0.06121,0.02694,0.02071,0.06126,0.02784,0.02360,0.16302,0.16600,0.15585,0.02496,0.16450
0.01756,0.01533,0.01484,0.02031,0.09126,0.01520,0.01686,0.08853,0.01743,0.01554,0.08262,0.07727,0.25136,0.01444,0.26148
0.03740,0.02773,0.02342,0.04526,0.13231,0.03128,0.03432,0.14091,0.02399,0.02225,0.07671,0.07981,0.15011,0.02462,0.14988
0.03207,0.02755,0.02659,0.03292,0.05985,0.02947,0.02662,0.05836,0.03018,0.02922,0.13153,0.12985,0.17705,0.02391,0.18484
0.02810,0.02417,0.02213,0.03255,0.05007,0.02392,0.02542,0.05051,0.02591,0.02275,0.19036,0.18603,0.14445,0.01832,0.15533
0.03778,0.03304,0.03269,0.04363,0.04565,0.03459,0.03554,0.04390,0.03605,0.03332,0.20155,0.20093,0.09371,0.03151,0.09612
0.02467,0.02406,0.01842,0.02878,0.09619,0.02373,0.01826,0.09372,0.02542,0.02019,0.05955,0.05938,0.23648,0.02471,0.24644
0.01972,0.02076,0.01747,0.02691,0.12479,0.02042,0.01307,0.12609,0.02123,0.02099,0.18283,0.18853,0.09415,0.02234,0.10069
0.02732,0.02208,0.01980,0.03545,0.08072,0.02411,0.02803,0.08012,0.02185,0.02213,0.10944,0.11120,0.19918,0.01564,0.20293
0.02050,0.01860,0.01589,0.02333,0.03881,0.01970,0.01895,0.03959,0.01856,0.01730,0.20769,0.20667,0.16807,0.01624,0.17010
0.04862,0.03837,0.03821,0.05402,0.09139,0.04091,0.05514,0.09470,0.03416,0.03321,0.12539,0.12167,0.09673,0.02408,0.10341
0.04738,0.04307,0.03275,0.06169,0.05023,0.04829,0.02260,0.06362,0.04417,0.03961,0.11283,0.11934,0.13615,0.03986,0.13841
0.04280,0.03675,0.03148,0.04938,0.05442,0.03845,0.02854,0.05958,0.03364,0.03550,0.12163,0.11753,0.15619,0.03348,0.16061
0.01749,0.01304,0.01398,0.02011,0.04943,0.01599,0.02003,0.05097,0.01184,0.01213,0.04157,0.04284,0.33549,0.01801,0.33707
0.03040,0.02621,0.02109,0.04420,0.03659,0.02885,0.02039,0.04673,0.02704,0.02223,0.15147,0.15419,0.18237,0.01810,0.19015
0.03820,0.02108,0.03010,0.03939,0.07014,0.03118,0.05414,0.07370,0.02365,0.02430,0.20281,0.21061,0.07383,0.02945,0.07742
0.01934,0.01826,0.01469,0.02008,0.08320,0.01730,0.01663,0.08891,0.01611,0.01511,0.11460,0.11738,0.21903,0.01790,0.22146
0.04298,0.02602,0.03552,0.04262,0.06382,0.03216,0.05034,0.06268,0.02633,0.02861,0.12102,0.12320,0.15286,0.03330,0.15854
0.02592,0.02611,0.02223,0.02995,0.13266,0.02416,0.02206,0.13376,0.02499,0.02630,0.14288,0.14429,0.10570,0.02753,0.11146
0.03972,0.02671,0.03533,0.04178,0.06870,0.03521,0.05396,0.06824,0.02591,0.02575,0.06937,0.06817,0.20084,0.03177,0.20854
0.02263,0.02134,0.01855,0.02869,0.10624,0.02204,0.02073,0.10446,0.02076,0.02080,0.11582,0.11630,0.18088,0.01479,0.18598
0.02985,0.02338,0.02359,0.03579,0.06698,0.02699,0.02975,0.07110,0.02338,0.02347,0.06702,0.06897,0.24050,0.02442,0.24481
0.01437,0.01347,0.01057,0.01578,0.02612,0.01462,0.01178,0.02762,0.01340,0.01244,0.10356,0.12307,0.28984,0.03383,0.28952
0.03031,0.01712,0.02546,0.03371,0.03546,0.02301,0.03983,0.03626,0.01990,0.01996,0.17377,0.17463,0.17012,0.02453,0.17594
0.01940,0.01606,0.01412,0.02224,0.03962,0.01807,0.01871,0.04131,0.01483,0.01537,0.15940,0.17152,0.20857,0.02725,0.21354
0.02949,0.02388,0.02688,0.03718,0.09985,0.02605,0.02868,0.09660,0.03117,0.02777,0.08757,0.08575,0.18483,0.01806,0.19624
0.02971,0.03202,0.02179,0.03688,0.07472,0.02848,0.02046,0.07796,0.03057,0.02782,0.19091,0.19128,0.10547,0.02127,0.11068
0.02240,0.01868,0.01780,0.02692,0.03743,0.01882,0.01948,0.03647,0.01945,0.01696,0.13345,0.13169,0.23793,0.01953,0.24298
0.03280,0.03533,0.03350,0.03625,0.07919,0.03388,0.03446,0.07926,0.03076,0.03262,0.10152,0.08755,0.16410,0.05625,0.16252
0.02281,0.02180,0.01681,0.02988,0.06868,0.02189,0.01725,0.07292,0.02249,0.01945,0.09622,0.11546,0.21142,0.04397,0.21893
0.04802,0.04546,0.03121,0.06217,0.06820,0.04983,0.02685,0.08182,0.04083,0.04131,0.11844,0.11777,0.11903,0.02408,0.12499
0.02391,0.01888,0.01545,0.02981,0.10312,0.02133,0.01789,0.10533,0.01917,0.01644,0.08784,0.08894,0.21636,0.01157,0.22397
0.02313,0.02125,0.02034,0.02766,0.04518,0.02135,0.02437,0.04767,0.02184,0.02186,0.18401,0.19325,0.15713,0.03606,0.15490
0.03731,0.02802,0.02866,0.04313,0.03636,0.03593,0.03488,0.04080,0.02805,0.02821,0.15882,0.16783,0.14195,0.04278,0.14726
0.02632,0.02608,0.01863,0.03581,0.08056,0.02697,0.01477,0.08772,0.02563,0.02457,0.16181,0.16633,0.14239,0.01876,0.14365
0.00802,0.00794,0.00695,0.00962,0.01786,0.00689,0.00763,0.01521,0.00705,0.00654,0.09936,0.14035,0.30310,0.05830,0.30518
0.03092,0.02943,0.02522,0.04197,0.07743,0.02958,0.03323,0.07640,0.02910,0.02811,0.11169,0.12252,0.16237,0.03196,0.17004
0.02966,0.02752,0.02028,0.04095,0.06541,0.03103,0.01936,0.06290,0.02886,0.02663,0.08627,0.09141,0.21659,0.02898,0.22415
0.02610,0.01710,0.01982,0.02691,0.04585,0.02079,0.03458,0.04848,0.01565,0.01572,0.21346,0.21533,0.14084,0.01610,0.14329
0.04156,0.04270,0.02483,0.06354,0.04642,0.04204,0.01932,0.05535,0.03370,0.03524,0.14976,0.15931,0.12475,0.03187,0.12960
0.05243,0.04145,0.02866,0.07120,0.05440,0.04732,0.03024,0.07058,0.03827,0.03521,0.08380,0.08089,0.16924,0.01928,0.17703
0.03153,0.03064,0.02815,0.03944,0.14931,0.02937,0.02234,0.14573,0.02999,0.02905,0.09905,0.09474,0.12160,0.01991,0.12915
0.02865,0.02517,0.02385,0.03367,0.04519,0.02261,0.02715,0.04387,0.02631,0.02443,0.13877,0.13571,0.19772,0.02267,0.20423
0.03126,0.02505,0.02406,0.03462,0.06781,0.02840,0.02882,0.07050,0.02621,0.02114,0.07165,0.06542,0.24046,0.02069,0.24391
0.06492,0.02336,0.05575,0.06023,0.02844,0.04627,0.10835,0.02918,0.02124,0.02944,0.05798,0.07405,0.18249,0.03400,0.18431
0.04027,0.04032,0.03625,0.04647,0.08618,0.04156,0.02604,0.08668,0.03897,0.03862,0.12153,0.11528,0.12620,0.02450,0.13115
0.03437,0.03976,0.03768,0.04078,0.05851,0.03544,0.03197,0.05640,0.03252,0.03184,0.13134,0.11080,0.14500,0.04778,0.16581
0.02657,0.02014,0.02033,0.02697,0.03559,0.02355,0.02827,0.03875,0.02312,0.02038,0.13152,0.16880,0.18023,0.07175,0.18402
0.02278,0.01834,0.01810,0.02541,0.03559,0.02108,0.02032,0.03548,0.02053,0.02095,0.05684,0.08323,0.28032,0.05538,0.28566
0.03313,0.02899,0.03058,0.03037,0.04165,0.03068,0.03829,0.04218,0.02755,0.02883,0.16658,0.17017,0.14816,0.02930,0.15354
0.02515,0.02139,0.02116,0.03065,0.04635,0.02366,0.02280,0.04597,0.02407,0.02213,0.17978,0.18893,0.16102,0.02398,0.16297
0.04612,0.04359,0.04085,0.05108,0.04401,0.04323,0.04622,0.04356,0.04430,0.03882,0.04176,0.04217,0.22093,0.02434,0.22901
0.03476,0.03184,0.03186,0.03872,0.09138,0.03338,0.02562,0.09168,0.03380,0.02826,0.07299,0.06570,0.19425,0.02606,0.19971
0.05681,0.01695,0.04730,0.05351,0.02533,0.03756,0.11077,0.02371,0.01881,0.02731,0.06411,0.06299,0.21612,0.01968,0.21905
0.02362,0.01840,0.01570,0.02945,0.13652,0.02010,0.01674,0.13812,0.01636,0.01695,0.09133,0.09712,0.17841,0.01846,0.18272
0.02367,0.01811,0.01994,0.03012,0.09319,0.02100,0.02186,0.09495,0.01891,0.01783,0.10230,0.10577,0.20131,0.02608,0.20496
0.04033,0.03957,0.03464,0.04982,0.05226,0.03658,0.02549,0.05229,0.03805,0.03524,0.15852,0.15074,0.13136,0.02019,0.13493
0.03250,0.02974,0.01622,0.04420,0.07545,0.03141,0.01107,0.08502,0.02622,0.02328,0.08364,0.08305,0.21932,0.01508,0.22381
0.02343,0.02000,0.01946,0.02568,0.08278,0.01992,0.02318,0.08322,0.02060,0.02115,0.14243,0.13981,0.17404,0.02229,0.18202
0.02036,0.01538,0.01632,0.02338,0.09613,0.01797,0.01714,0.09191,0.01568,0.01627,0.22439,0.22798,0.09660,0.02310,0.09739
0.02743,0.02524,0.01867,0.03263,0.07167,0.02627,0.02358,0.07259,0.02329,0.02231,0.09357,0.09608,0.21707,0.02672,0.22286
0.02646,0.02215,0.02530,0.02704,0.03924,0.02320,0.02077,0.03716,0.02281,0.02224,0.14114,0.14192,0.21091,0.02301,0.21665
0.02393,0.02105,0.01984,0.02616,0.04498,0.02037,0.02029,0.04698,0.01913,0.02063,0.14301,0.14563,0.21331,0.01690,0.21778
0.03017,0.01965,0.02579,0.03235,0.02834,0.02340,0.04339,0.02779,0.01948,0.02157,0.11821,0.14213,0.20878,0.04447,0.21448
0.03059,0.02477,0.02376,0.03525,0.03539,0.02962,0.02905,0.03754,0.02541,0.02347,0.16948,0.17836,0.16227,0.03216,0.16288
0.07006,0.02504,0.05488,0.06690,0.07099,0.04535,0.12303,0.07271,0.02279,0.03429,0.10185,0.09916,0.08933,0.02287,0.10076
0.02935,0.02358,0.02516,0.03305,0.04948,0.02567,0.02778,0.05181,0.02532,0.02286,0.18150,0.17975,0.15021,0.01625,0.15823
0.03339,0.02768,0.02698,0.03716,0.08070,0.02955,0.03300,0.07961,0.02721,0.02504,0.16203,0.16766,0.12238,0.01914,0.12847
0.05323,0.04388,0.04110,0.07198,0.08249,0.05115,0.05168,0.08767,0.03816,0.04120,0.09647,0.09374,0.09898,0.03480,0.11346
0.02510,0.01689,0.01625,0.02800,0.03018,0.02193,0.01982,0.03291,0.01611,0.01789,0.12159,0.11423,0.25704,0.01581,0.26625
0.03381,0.02555,0.03142,0.04056,0.02989,0.02842,0.02303,0.03127,0.02421,0.02525,0.09937,0.10056,0.24127,0.02209,0.24330
0.05400,0.01735,0.04520,0.04913,0.03001,0.03619,0.10205,0.03287,0.01729,0.02436,0.12069,0.12464,0.16250,0.01765,0.16607
0.03713,0.02830,0.02041,0.05128,0.06941,0.03550,0.02976,0.08324,0.02670,0.02470,0.06430,0.06960,0.21658,0.01994,0.22315
0.01316,0.01054,0.00954,0.01522,0.04676,0.01143,0.01272,0.04477,0.01035,0.00947,0.07102,0.06987,0.32993,0.00942,0.33580
0.02739,0.02439,0.02220,0.03667,0.17054,0.02857,0.02332,0.17493,0.02258,0.02315,0.07708,0.07801,0.13002,0.02429,0.13686
0.02079,0.01821,0.01786,0.02790,0.08556,0.01931,0.01613,0.08458,0.01932,0.01765,0.21437,0.21800,0.10942,0.01556,0.11534
0.03086,0.02659,0.02384,0.04150,0.09880,0.03045,0.03145,0.09482,0.02430,0.02361,0.06574,0.06308,0.21122,0.01607,0.21765
0.02352,0.01855,0.01631,0.02390,0.10623,0.01976,0.02054,0.10461,0.01838,0.01676,0.21758,0.21988,0.08389,0.02654,0.08355
0.03151,0.02757,0.02065,0.03863,0.07354,0.03035,0.02158,0.07520,0.02299,0.02452,0.08482,0.08307,0.22118,0.01475,0.22965
0.04308,0.03282,0.03355,0.04987,0.06784,0.04282,0.04270,0.07238,0.03454,0.03289,0.07992,0.07653,0.17156,0.03909,0.18042
0.03917,0.03725,0.02773,0.04960,0.03966,0.03897,0.02628,0.04877,0.03024,0.02997,0.10614,0.11640,0.18306,0.03730,0.18945
0.04369,0.03296,0.02983,0.04754,0.05358,0.03252,0.02565,0.06118,0.03260,0.02917,0.10093,0.09852,0.19411,0.01631,0.20140
0.03717,0.03096,0.03105,0.04537,0.04928,0.03761,0.03648,0.05337,0.03185,0.02759,0.14710,0.14336,0.15165,0.02113,0.15604
0.03027,0.02317,0.02165,0.03488,0.07984,0.02673,0.02566,0.08188,0.02341,0.02071,0.15159,0.15437,0.14953,0.02088,0.15544
0.02751,0.02572,0.02124,0.03337,0.07619,0.02353,0.02495,0.08177,0.02113,0.02389,0.11241,0.11572,0.18707,0.03046,0.19503
0.02074,0.01941,0.01597,0.03150,0.03482,0.01911,0.01402,0.03482,0.02266,0.01917,0.11548,0.12135,0.25190,0.02038,0.25867
0.02638,0.02501,0.02447,0.03250,0.05067,0.02383,0.02740,0.05295,0.02597,0.02324,0.11646,0.13239,0.19631,0.04292,0.19949
0.04686,0.03749,0.03865,0.06197,0.03732,0.04774,0.04654,0.04523,0.03687,0.03654,0.09753,0.09603,0.17252,0.02005,0.17867
0.02730,0.02303,0.01862,0.03808,0.06028,0.02979,0.02122,0.06492,0.02673,0.02219,0.18133,0.21644,0.10090,0.06489,0.10428
0.03414,0.02764,0.02632,0.04219,0.04671,0.02992,0.03054,0.05038,0.02900,0.02660,0.14544,0.14131,0.16860,0.02425,0.17697
0.02287,0.02024,0.01809,0.02343,0.03976,0.01816,0.02109,0.03934,0.01825,0.01797,0.11028,0.11055,0.25647,0.01735,0.26613
0.04065,0.02839,0.04288,0.04452,0.07853,0.03908,0.04983,0.07615,0.03355,0.03634,0.10221,0.09869,0.14140,0.03625,0.15153
0.03100,0.02737,0.02042,0.03234,0.10088,0.02817,0.02321,0.09982,0.02771,0.02789,0.16568,0.16434,0.11392,0.02166,0.11559
0.05328,0.04072,0.04424,0.05639,0.04583,0.03946,0.03841,0.04581,0.04227,0.04089,0.07902,0.07808,0.17991,0.03046,0.18522
0.05104,0.04013,0.03004,0.05814,0.04928,0.04519,0.03934,0.05996,0.03959,0.03464,0.11983,0.12700,0.12974,0.03786,0.13823
0.02998,0.02457,0.02108,0.03556,0.13916,0.02912,0.03092,0.14566,0.02352,0.02054,0.08704,0.09082,0.14777,0.02229,0.15197
0.05399,0.03415,0.04356,0.05623,0.04045,0.04206,0.07214,0.04512,0.02978,0.03645,0.10256,0.09801,0.16212,0.01809,0.16529
0.02169,0.01832,0.01858,0.02413,0.04348,0.02145,0.02093,0.04619,0.01888,0.01708,0.20758,0.20659,0.16014,0.01534,0.15960
0.02507,0.02363,0.01819,0.03290,0.05257,0.02528,0.01710,0.05511,0.02497,0.02138,0.09524,0.10753,0.23457,0.03266,0.23381
0.01891,0.01546,0.01692,0.02169,0.03033,0.01684,0.02110,0.02979,0.01550,0.01570,0.15175,0.15073,0.23480,0.01974,0.24075
0.02629,0.02000,0.01997,0.02591,0.03309,0.02207,0.02343,0.03536,0.02190,0.02133,0.06277,0.06335,0.29576,0.02158,0.30717
0.02221,0.02056,0.01719,0.02888,0.07676,0.02049,0.01795,0.08072,0.02042,0.01999,0.07180,0.07311,0.24805,0.02457,0.25729
0.03294,0.02593,0.02359,0.03414,0.06745,0.02841,0.03015,0.06789,0.02445,0.02433,0.08049,0.08362,0.22343,0.02044,0.23273
0.02240,0.02360,0.02080,0.02645,0.04738,0.02425,0.01901,0.04779,0.02717,0.02148,0.22299,0.22547,0.12012,0.03401,0.11706
0.05088,0.03236,0.03716,0.05198,0.03730,0.03753,0.06463,0.03904,0.03056,0.02996,0.06925,0.06637,0.21575,0.01462,0.22262
0.07864,0.02284,0.06112,0.07384,0.07126,0.05323,0.14303,0.07369,0.02452,0.03481,0.09729,0.09578,0.07242,0.02266,0.07489
0.01869,0.01951,0.01772,0.02163,0.05896,0.01592,0.01355,0.05393,0.01975,0.01886,0.22354,0.22291,0.13696,0.01495,0.14313
0.02454,0.02150,0.02283,0.02741,0.03917,0.02320,0.02410,0.03937,0.01860,0.02081,0.21968,0.22356,0.13229,0.02565,0.13728
0.02403,0.02065,0.01831,0.03032,0.15084,0.02297,0.01764,0.15432,0.02466,0.01894,0.05094,0.08598,0.15015,0.06992,0.16033
0.01443,0.01262,0.01312,0.01669,0.04223,0.01505,0.01255,0.04168,0.01251,0.01491,0.14920,0.15053,0.24304,0.01419,0.24724
0.03605,0.03132,0.02842,0.03799,0.07335,0.03202,0.03143,0.07299,0.02666,0.02717,0.16223,0.16395,0.12578,0.02104,0.12962
0.02391,0.02447,0.01983,0.02662,0.03932,0.02136,0.01850,0.03927,0.02011,0.01843,0.09838,0.09837,0.26284,0.01936,0.26923
0.06856,0.04593,0.07045,0.04737,0.09097,0.05321,0.04709,0.11390,0.08071,0.05408,0.06447,0.06283,0.09240,0.01229,0.09574
0.01924,0.01717,0.01439,0.02210,0.07802,0.01553,0.01472,0.07970,0.01735,0.01525,0.12584,0.13840,0.20406,0.03261,0.20562
0.03162,0.02129,0.02356,0.03156,0.10412,0.02433,0.03737,0.09856,0.01973,0.02208,0.13763,0.14037,0.14551,0.01432,0.14793
0.03257,0.01735,0.02598,0.03271,0.03727,0.02476,0.04401,0.03506,0.01961,0.02063,0.27182,0.27279,0.07125,0.02037,0.07383
0.03790,0.03051,0.02427,0.04060,0.06141,0.03095,0.03288,0.05776,0.02678,0.02812,0.12394,0.17758,0.11875,0.08416,0.12440
0.01741,0.01142,0.01061,0.02325,0.16319,0.01387,0.01212,0.16584,0.01233,0.01140,0.11025,0.10749,0.16279,0.01037,0.16768
0.04603,0.04071,0.02832,0.06364,0.10691,0.04000,0.02710,0.10608,0.03876,0.03390,0.11760,0.12155,0.09895,0.02491,0.10553
0.03226,0.02335,0.02952,0.03284,0.03521,0.02858,0.03388,0.03266,0.02431,0.02608,0.16424,0.16247,0.17510,0.01880,0.18069
0.03334,0.02585,0.02671,0.03688,0.07635,0.03071,0.02722,0.07389,0.03325,0.03181,0.12666,0.12681,0.15820,0.02742,0.16490
0.03787,0.03429,0.02374,0.04551,0.04178,0.03448,0.02235,0.05426,0.03156,0.02574,0.15322,0.14908,0.15378,0.02984,0.16250
0.01770,0.01922,0.01293,0.02112,0.02911,0.01708,0.01016,0.02944,0.01559,0.01538,0.08858,0.09123,0.30771,0.01129,0.31349
0.02587,0.02123,0.02156,0.03025,0.03848,0.02523,0.02435,0.03853,0.02141,0.02150,0.09954,0.09474,0.25936,0.01486,0.26309
0.02102,0.01219,0.01835,0.02276,0.04080,0.01795,0.03257,0.04126,0.01275,0.01663,0.12929,0.14622,0.22549,0.03533,0.22738
0.02353,0.02120,0.01814,0.03219,0.04842,0.02114,0.02266,0.05343,0.02449,0.01800,0.08312,0.14269,0.19483,0.08944,0.20670
0.05304,0.04415,0.03962,0.05993,0.05968,0.04866,0.04432,0.06587,0.04290,0.03830,0.12577,0.14756,0.08596,0.05647,0.08777
0.01888,0.01575,0.01623,0.02019,0.02812,0.01649,0.02139,0.02794,0.01429,0.01407,0.16297,0.15964,0.23113,0.01638,0.23652
0.02278,0.01726,0.01861,0.02636,0.07221,0.02065,0.02274,0.07847,0.01906,0.01716,0.16714,0.15740,0.16882,0.02159,0.16975
0.03475,0.02427,0.03016,0.03428,0.04992,0.02775,0.03349,0.04983,0.02361,0.02297,0.06405,0.06264,0.25781,0.02091,0.26356
0.03022,0.03147,0.02406,0.03681,0.06696,0.02983,0.02680,0.07054,0.02692,0.02892,0.14690,0.14354,0.15038,0.03158,0.15505
0.03311,0.02738,0.02321,0.04268,0.04102,0.03020,0.02937,0.04497,0.03114,0.02604,0.16392,0.21963,0.09312,0.09391,0.10031
0.02656,0.02254,0.02185,0.02961,0.11007,0.02474,0.02625,0.10993,0.02169,0.02021,0.12005,0.12453,0.15606,0.02311,0.16280
0.04079,0.02923,0.02969,0.03914,0.04591,0.03162,0.02969,0.05158,0.02870,0.02886,0.12684,0.13246,0.17909,0.02274,0.18365
0.03697,0.02941,0.03034,0.03909,0.06277,0.03132,0.03164,0.06972,0.03184,0.02934,0.06780,0.11265,0.17216,0.07929,0.17566
0.04253,0.03455,0.02704,0.05635,0.11262,0.03722,0.03722,0.12129,0.03668,0.03026,0.09700,0.11406,0.10332,0.03831,0.11155
0.04292,0.04049,0.02494,0.05309,0.04109,0.04012,0.02262,0.05419,0.03292,0.02897,0.11137,0.10983,0.19080,0.01291,0.19375
0.04287,0.03567,0.02398,0.04755,0.08506,0.03393,0.03416,0.09474,0.02821,0.02707,0.15406,0.15889,0.10749,0.01375,0.11255
0.01926,0.01919,0.01587,0.02450,0.05379,0.01927,0.01511,0.05062,0.01876,0.01897,0.17721,0.17571,0.18610,0.01796,0.18769
0.02949,0.02577,0.02380,0.03700,0.06890,0.02618,0.02542,0.07365,0.02450,0.02322,0.09293,0.09495,0.21488,0.02012,0.21917
0.02980,0.02738,0.02429,0.03411,0.06019,0.02716,0.02788,0.06153,0.02337,0.02469,0.17270,0.17723,0.14023,0.02775,0.14169
0.03017,0.02507,0.02939,0.02750,0.04203,0.02624,0.02800,0.04306,0.02549,0.02291,0.17262,0.16796,0.16634,0.02539,0.16782
0.02732,0.02409,0.02131,0.03587,0.05360,0.02660,0.02563,0.05413,0.02483,0.02333,0.11486,0.11488,0.20884,0.02461,0.22009
0.02328,0.01786,0.01768,0.02558,0.05965,0.02141,0.02555,0.06194,0.02120,0.02078,0.12074,0.16449,0.17339,0.06710,0.17935
0.02593,0.02106,0.01789,0.03092,0.04118,0.02143,0.02209,0.04320,0.02080,0.01669,0.12547,0.13479,0.22397,0.02624,0.22833
0.02111,0.02083,0.02194,0.02990,0.09395,0.02275,0.02285,0.09131,0.01874,0.01653,0.13289,0.12160,0.17569,0.02288,0.18702
0.04161,0.04145,0.03376,0.05242,0.08597,0.04196,0.04293,0.08802,0.03655,0.03195,0.09574,0.08807,0.14407,0.02452,0.15099
0.01676,0.01262,0.01394,0.02096,0.04547,0.01200,0.01626,0.04598,0.01329,0.01240,0.14940,0.15435,0.23155,0.01877,0.23624
0.02602,0.02142,0.01744,0.03100,0.04397,0.02349,0.02026,0.05078,0.02039,0.02045,0.12576,0.12680,0.22605,0.01146,0.23471
0.02843,0.03112,0.02168,0.04347,0.06900,0.02897,0.01745,0.07238,0.02950,0.02490,0.08917,0.08611,0.21808,0.01692,0.22283
0.02330,0.01902,0.01547,0.02802,0.07988,0.02066,0.02302,0.08498,0.01886,0.01853,0.20063,0.21946,0.10127,0.04311,0.10380
0.02306,0.02051,0.02439,0.02293,0.03186,0.02162,0.02040,0.02714,0.02271,0.02210,0.07107,0.06284,0.30124,0.02101,0.30712
0.02296,0.01812,0.01708,0.02956,0.04814,0.02108,0.02162,0.04665,0.01899,0.01914,0.10817,0.10797,0.25024,0.01256,0.25771
0.02693,0.01755,0.02313,0.02819,0.05585,0.02511,0.03482,0.05615,0.01745,0.01890,0.08132,0.08175,0.25512,0.02278,0.25496
0.02774,0.02254,0.02087,0.03603,0.08919,0.02409,0.02682,0.08563,0.02204,0.02005,0.21349,0.22124,0.08309,0.02276,0.08442
0.03192,0.02682,0.02627,0.03688,0.04104,0.02778,0.02525,0.03746,0.03183,0.02938,0.24613,0.24845,0.08154,0.02095,0.08830
0.02894,0.02642,0.02479,0.03510,0.04081,0.02686,0.03136,0.04265,0.02465,0.02251,0.15479,0.14938,0.18224,0.02175,0.18775
0.03072,0.02444,0.01988,0.03489,0.09780,0.02720,0.02621,0.10265,0.02220,0.02295,0.08052,0.09119,0.18802,0.03312,0.19820
0.02869,0.01117,0.02668,0.02907,0.04615,0.02096,0.05486,0.04752,0.01071,0.01418,0.03713,0.03777,0.31150,0.00843,0.31518
0.03764,0.03248,0.02713,0.04502,0.04583,0.03408,0.03694,0.05077,0.03495,0.03184,0.08615,0.10281,0.19347,0.04206,0.19885
0.02794,0.02190,0.02390,0.02830,0.04413,0.02954,0.03365,0.04394,0.02486,0.02565,0.16173,0.17776,0.15546,0.04747,0.15378
0.02087,0.01521,0.01645,0.02564,0.11229,0.01828,0.01840,0.11401,0.01762,0.01706,0.05417,0.05902,0.24173,0.02464,0.24461
0.01854,0.01206,0.01629,0.02017,0.03816,0.01521,0.02269,0.03621,0.01394,0.01336,0.11330,0.11726,0.26986,0.01649,0.27646
0.03302,0.02424,0.02663,0.03991,0.09715,0.02794,0.04581,0.09853,0.02517,0.02544,0.09222,0.10747,0.15692,0.03811,0.16143
0.02023,0.01853,0.01666,0.02571,0.03159,0.01944,0.01657,0.02922,0.02208,0.01952,0.15008,0.15318,0.22554,0.01674,0.23492
0.01904,0.01982,0.01540,0.02512,0.15620,0.01960,0.01478,0.15592,0.01788,0.01702,0.05775,0.05782,0.20222,0.01699,0.20444
0.03738,0.02801,0.02818,0.04203,0.06346,0.03304,0.03632,0.06548,0.03155,0.02750,0.13744,0.14156,0.14041,0.03629,0.15136
0.02504,0.02101,0.02047,0.03114,0.06136,0.02579,0.02263,0.06222,0.02374,0.02154,0.13923,0.14261,0.18634,0.02465,0.19221
0.03977,0.01507,0.02885,0.04387,0.12757,0.02908,0.06560,0.13110,0.01757,0.02029,0.04302,0.04311,0.18967,0.01330,0.19212
0.02664,0.02676,0.02437,0.03267,0.05865,0.02520,0.02484,0.05649,0.02730,0.02366,0.13641,0.13508,0.18119,0.03540,0.18534
