0.00000,0.00000,0.00000,0.00000,0.00000,0.00000,0.00000,0.00000,0.00000,0.00000,0.01260,0.01915,0.00000,0.05669,0.00163,0.02536,0.35109,0.00185,0.23238,0.29925
0.00000,0.00000,0.00000,0.00000,0.00000,0.00000,0.00000,0.00000,0.00000,0.00000,0.18332,0.01502,0.00000,0.22114,0.00883,0.17967,0.15664,0.02199,0.01596,0.19744
0.00177,0.03197,0.00000,0.23204,0.04701,0.00000,0.00000,0.00000,0.00000,0.00000,0.00000,0.00000,0.00000,0.00000,0.00000,0.04775,0.10355,0.06350,0.24251,0.22990
0.00000,0.00000,0.00000,0.00000,0.00000,0.00090,0.00363,0.00195,0.39620,0.01542,0.00000,0.00000,0.00000,0.00000,0.00000,0.06577,0.32342,0.00768,0.02408,0.16095
0.02639,0.01909,0.00000,0.32688,0.00360,0.00000,0.00000,0.00000,0.00000,0.00000,0.00000,0.00000,0.00000,0.00000,0.00000,0.12410,0.21785,0.07943,0.00552,0.19714
0.01008,0.02498,0.00000,0.01424,0.00662,0.00000,0.00000,0.00000,0.00000,0.00000,0.00000,0.00000,0.00000,0.00000,0.00000,0.12275,0.40026,0.00248,0.08492,0.33368
0.00000,0.00000,0.00000,0.00000,0.00000,0.00000,0.00000,0.00000,0.00000,0.00000,0.01446,0.00410,0.00000,0.20258,0.17575,0.28056,0.18537,0.00812,0.03652,0.09253
0.00000,0.00000,0.00000,0.00000,0.00000,0.00000,0.00000,0.00000,0.00000,0.00000,0.33050,0.00238,0.00000,0.01450,0.00046,0.14762,0.28046,0.00641,0.05806,0.15961
0.00000,0.00000,0.00000,0.00000,0.00000,0.00225,0.03739,0.00000,0.16884,0.06913,0.00000,0.00000,0.00000,0.00000,0.00000,0.16733,0.29615,0.00949,0.08785,0.16156
0.00000,0.00000,0.00000,0.00000,0.00000,0.00000,0.00000,0.00000,0.00000,0.00000,0.00000,0.07067,0.00811,0.03166,0.00463,0.10303,0.44861,0.00050,0.04345,0.28933
0.00000,0.00000,0.00000,0.00000,0.00000,0.00000,0.00000,0.00000,0.00000,0.00000,0.02002,0.02187,0.00000,0.27110,0.05338,0.20794,0.16772,0.07422,0.10616,0.07760
0.00000,0.00000,0.00000,0.00000,0.00000,0.00000,0.00000,0.00000,0.00000,0.00000,0.01918,0.10337,0.00000,0.35633,0.01483,0.07629,0.17114,0.12298,0.05867,0.07720
0.00026,0.11543,0.00000,0.03875,0.04656,0.00000,0.00000,0.00000,0.00000,0.00000,0.00000,0.00000,0.00000,0.00000,0.00000,0.05197,0.36156,0.08677,0.01878,0.27992
0.00000,0.00000,0.00000,0.00000,0.00000,0.00000,0.00000,0.00000,0.00000,0.00000,0.00250,0.02915,0.00000,0.21512,0.02215,0.09644,0.47509,0.00126,0.03583,0.12246
0.00000,0.00000,0.00000,0.00000,0.00000,0.00000,0.00000,0.00000,0.00000,0.00000,0.18993,0.12051,0.00000,0.18835,0.14945,0.04095,0.15788,0.00027,0.00308,0.14958
0.00000,0.00000,0.00000,0.00000,0.00000,0.00000,0.00000,0.00000,0.00000,0.00000,0.00359,0.12531,0.00000,0.19643,0.04419,0.11852,0.27984,0.02410,0.06764,0.14037
0.00000,0.00000,0.00000,0.00000,0.00000,0.00000,0.00000,0.00000,0.00000,0.00000,0.02356,0.00280,0.00000,0.38140,0.00157,0.15409,0.09057,0.00441,0.00699,0.33462
0.00175,0.01761,0.00000,0.45605,0.00908,0.00000,0.00000,0.00000,0.00000,0.00000,0.00000,0.00000,0.00000,0.00000,0.00000,0.17023,0.11178,0.04990,0.05405,0.12954
0.07535,0.02815,0.00000,0.21349,0.01739,0.00000,0.00000,0.00000,0.00000,0.00000,0.00000,0.00000,0.00000,0.00000,0.00000,0.04071,0.13437,0.00161,0.13787,0.35106
0.00000,0.00000,0.00000,0.00000,0.00000,0.00000,0.00000,0.00000,0.00000,0.00000,0.00121,0.10411,0.00000,0.14542,0.00014,0.21489,0.15010,0.00732,0.06743,0.30938
0.00000,0.00000,0.00000,0.00000,0.00000,0.00000,0.00000,0.00000,0.00000,0.00000,0.08523,0.00402,0.00000,0.17351,0.00014,0.05596,0.44577,0.00010,0.00839,0.22688
0.00268,0.15484,0.00000,0.09254,0.03313,0.00000,0.00000,0.00000,0.00000,0.00000,0.00000,0.00000,0.00000,0.00000,0.00000,0.21528,0.24445,0.12566,0.00273,0.12868
0.00000,0.00000,0.00000,0.00000,0.00000,0.00000,0.00000,0.00000,0.00000,0.00000,0.01698,0.11935,0.00000,0.05296,0.00499,0.08827,0.35228,0.03845,0.14241,0.18431
0.00000,0.00000,0.00000,0.00000,0.00000,0.00000,0.00000,0.00000,0.00000,0.00000,0.03478,0.02533,0.00000,0.19975,0.00715,0.09567,0.31103,0.00354,0.06813,0.25462
0.00068,0.00396,0.00000,0.05809,0.01623,0.00000,0.00000,0.00000,0.00000,0.00000,0.00000,0.00000,0.00000,0.00000,0.00000,0.01543,0.33429,0.03514,0.19095,0.34524
0.00000,0.00000,0.00000,0.00000,0.00000,0.00000,0.00000,0.00000,0.00000,0.00000,0.00042,0.05180,0.00000,0.11587,0.08576,0.21971,0.18250,0.08776,0.01472,0.24146
0.00000,0.00000,0.00000,0.00000,0.00000,0.00000,0.00000,0.00000,0.00000,0.00000,0.00290,0.18525,0.00000,0.06578,0.05481,0.26820,0.22605,0.03199,0.06452,0.10052
0.00000,0.00000,0.00000,0.00000,0.00000,0.00000,0.00000,0.00000,0.00000,0.00000,0.00142,0.01153,0.00000,0.30501,0.22577,0.07273,0.17329,0.09466,0.01721,0.09839
0.00000,0.00000,0.00000,0.00000,0.00000,0.00000,0.00000,0.00000,0.00000,0.00000,0.00101,0.00555,0.00000,0.11354,0.00449,0.03968,0.03904,0.06111,0.00048,0.73509
0.00000,0.00000,0.00000,0.00000,0.00000,0.00000,0.00000,0.00000,0.00000,0.00000,0.00612,0.30274,0.00000,0.07158,0.06401,0.13598,0.32081,0.01957,0.01805,0.06115
0.00000,0.00000,0.00000,0.00000,0.00000,0.00000,0.00000,0.00000,0.00000,0.00000,0.17046,0.08354,0.00000,0.24194,0.00849,0.07245,0.16884,0.01538,0.02619,0.21271
0.00000,0.00000,0.00000,0.00000,0.00000,0.00000,0.00000,0.00000,0.00000,0.00000,0.00004,0.00510,0.00000,0.03431,0.13629,0.36029,0.26595,0.04641,0.09237,0.05925
0.00000,0.00000,0.00000,0.00000,0.00000,0.00000,0.00000,0.00000,0.00000,0.00000,0.00431,0.00006,0.01659,0.43637,0.00524,0.12091,0.06731,0.02111,0.09535,0.23276
0.00000,0.00000,0.00000,0.00000,0.00000,0.00000,0.00000,0.00000,0.00000,0.00000,0.00001,0.03384,0.00000,0.15543,0.00411,0.06923,0.24016,0.04879,0.00359,0.44483
0.00000,0.00000,0.00000,0.00000,0.00000,0.00000,0.00000,0.00000,0.00000,0.00000,0.00003,0.03027,0.00000,0.22062,0.19106,0.05572,0.14179,0.00636,0.06132,0.29284
0.00000,0.00287,0.00058,0.26382,0.00714,0.00000,0.00000,0.00000,0.00000,0.00000,0.00000,0.00000,0.00000,0.00000,0.00000,0.19203,0.33716,0.01386,0.00504,0.17750
0.00000,0.00000,0.00000,0.00000,0.00000,0.00000,0.00000,0.00000,0.00000,0.00000,0.02772,0.03168,0.00000,0.18193,0.03310,0.09778,0.34183,0.04423,0.05610,0.18564
0.00000,0.00000,0.00000,0.00000,0.00000,0.00000,0.00000,0.00000,0.00000,0.00000,0.00008,0.01128,0.00000,0.10568,0.05461,0.04811,0.50308,0.00038,0.12529,0.15149
0.00000,0.00000,0.00000,0.00000,0.00000,0.00000,0.00000,0.00000,0.00000,0.00000,0.00019,0.08070,0.00000,0.23596,0.02000,0.17826,0.04667,0.01173,0.00481,0.42168
0.00000,0.00000,0.00000,0.00000,0.00000,0.00000,0.00000,0.00000,0.00000,0.00000,0.00139,0.25144,0.00000,0.11741,0.07362,0.08820,0.18596,0.01511,0.03606,0.23081
0.01405,0.03125,0.00000,0.38292,0.02108,0.00000,0.00000,0.00000,0.00000,0.00000,0.00000,0.00000,0.00000,0.00000,0.00000,0.22829,0.17534,0.00917,0.01172,0.12617
0.00000,0.00000,0.00000,0.00000,0.00000,0.00000,0.00000,0.00000,0.00000,0.00000,0.00048,0.02507,0.00000,0.05304,0.04811,0.06555,0.28490,0.02129,0.12615,0.37540
0.00000,0.00000,0.00000,0.00000,0.00000,0.00000,0.00000,0.00000,0.00000,0.00000,0.03036,0.00409,0.00000,0.32052,0.00308,0.14686,0.04636,0.00616,0.05393,0.38863
0.00000,0.00000,0.00000,0.00000,0.00000,0.00000,0.00000,0.00000,0.00000,0.00000,0.02814,0.02782,0.00000,0.02757,0.06295,0.10280,0.17150,0.06755,0.00220,0.50948
0.00000,0.00000,0.00000,0.00000,0.00000,0.00000,0.00000,0.00000,0.00000,0.00000,0.00013,0.15074,0.00000,0.14419,0.03669,0.08208,0.09660,0.00354,0.26850,0.21753
0.00000,0.00000,0.00000,0.00000,0.00000,0.00000,0.00000,0.00000,0.00000,0.00000,0.01139,0.01552,0.00000,0.15485,0.00006,0.15427,0.12059,0.05326,0.24415,0.24590
0.00000,0.00000,0.00000,0.00000,0.00000,0.00000,0.00000,0.00000,0.00000,0.00000,0.04584,0.32019,0.00000,0.02284,0.00085,0.10279,0.03461,0.11559,0.00128,0.35601
0.00000,0.00000,0.00000,0.00000,0.00000,0.00000,0.00000,0.00000,0.00000,0.00000,0.00594,0.19750,0.00015,0.01118,0.04085,0.29092,0.15396,0.02725,0.09222,0.18003
0.16418,0.15982,0.00000,0.08759,0.04205,0.00000,0.00000,0.00000,0.00000,0.00000,0.00000,0.00000,0.00000,0.00000,0.00000,0.13209,0.18996,0.00000,0.00681,0.21749
0.00000,0.00000,0.00000,0.00000,0.00000,0.00000,0.00000,0.00000,0.00000,0.00000,0.00718,0.09068,0.00000,0.07234,0.07053,0.37427,0.18650,0.03113,0.06738,0.09999
0.00000,0.00000,0.00000,0.00000,0.00000,0.03572,0.03181,0.00000,0.11200,0.02624,0.00000,0.00000,0.00000,0.00000,0.00000,0.23448,0.17496,0.00171,0.04863,0.33445
0.00805,0.05576,0.00000,0.14677,0.00039,0.00000,0.00000,0.00000,0.00000,0.00000,0.00000,0.00000,0.00000,0.00000,0.00000,0.00707,0.53817,0.00000,0.20647,0.03730
0.00000,0.00000,0.00000,0.00000,0.00000,0.00000,0.00000,0.00000,0.00000,0.00000,0.00011,0.03907,0.00000,0.10691,0.00113,0.04032,0.13534,0.34450,0.09369,0.23895
0.00000,0.00000,0.00000,0.00000,0.00000,0.00000,0.00000,0.00000,0.00000,0.00000,0.00119,0.02631,0.00000,0.45241,0.00043,0.03061,0.10467,0.06937,0.02510,0.28991
0.00000,0.00000,0.00000,0.00000,0.00000,0.00000,0.00000,0.00000,0.00000,0.00000,0.09671,0.02153,0.00000,0.11263,0.00108,0.03608,0.31990,0.00040,0.04062,0.37105
0.00000,0.00000,0.00000,0.00000,0.00000,0.00000,0.00000,0.00000,0.00000,0.00000,0.21353,0.07336,0.00000,0.09907,0.01848,0.22274,0.24285,0.03743,0.01890,0.07365
0.00000,0.00000,0.00000,0.00000,0.00000,0.00000,0.00000,0.00000,0.00000,0.00000,0.00000,0.13216,0.00000,0.17388,0.01324,0.15467,0.32881,0.01277,0.00113,0.18333
0.01374,0.00750,0.00000,0.32196,0.01421,0.00000,0.00000,0.00000,0.00000,0.00000,0.00000,0.00000,0.00000,0.00000,0.00000,0.28814,0.12736,0.00051,0.02309,0.20348
0.00000,0.00000,0.00000,0.00000,0.00000,0.00000,0.00000,0.00000,0.00000,0.00000,0.05219,0.07008,0.00000,0.01441,0.00115,0.17268,0.53978,0.01758,0.00039,0.13175
0.00000,0.00000,0.00000,0.00000,0.00000,0.00000,0.00000,0.00000,0.00000,0.00000,0.20290,0.05687,0.00000,0.17246,0.01005,0.27796,0.02111,0.03964,0.00624,0.21277
0.00000,0.00000,0.00000,0.00000,0.00000,0.08310,0.05016,0.00000,0.06990,0.00130,0.00000,0.00000,0.00000,0.00000,0.00000,0.16029,0.17435,0.01439,0.15586,0.29065
0.00000,0.00000,0.00000,0.00000,0.00000,0.00000,0.00000,0.00000,0.00000,0.00000,0.03688,0.11831,0.00000,0.10498,0.03284,0.18153,0.28016,0.00253,0.01711,0.22566
0.00236,0.00082,0.00033,0.07445,0.13043,0.00000,0.00000,0.00000,0.00000,0.00000,0.00000,0.00000,0.00000,0.00000,0.00000,0.07186,0.14264,0.10951,0.04729,0.42031
0.00000,0.00000,0.00000,0.00000,0.00000,0.00000,0.00000,0.00000,0.00000,0.00000,0.04182,0.00043,0.00012,0.06618,0.09505,0.45506,0.10733,0.00574,0.13751,0.09076
0.10093,0.03771,0.00000,0.05137,0.00207,0.00000,0.00000,0.00000,0.00000,0.00000,0.00000,0.00000,0.00000,0.00000,0.00000,0.28866,0.12412,0.00106,0.08839,0.30569
0.00000,0.00000,0.00000,0.00000,0.00000,0.00000,0.00000,0.00000,0.00000,0.00000,0.06404,0.09926,0.00000,0.24229,0.00001,0.17230,0.06810,0.17483,0.00734,0.17184
0.00000,0.00000,0.00000,0.00000,0.00000,0.00000,0.00000,0.00000,0.00000,0.00000,0.03500,0.05316,0.00000,0.03660,0.16491,0.18926,0.40709,0.00336,0.00467,0.10595
0.00000,0.00000,0.00000,0.00000,0.00000,0.00000,0.00000,0.00000,0.00000,0.00000,0.02387,0.00777,0.00000,0.07764,0.02762,0.03644,0.28371,0.25590,0.08622,0.20083
0.20050,0.13013,0.00000,0.02115,0.07599,0.00000,0.00000,0.00000,0.00000,0.00000,0.00000,0.00000,0.00000,0.00000,0.00000,0.22936,0.09698,0.01379,0.00036,0.23174
0.00000,0.00000,0.00000,0.00000,0.00000,0.00000,0.00000,0.00000,0.00000,0.00000,0.00126,0.01778,0.00000,0.09427,0.03585,0.02126,0.29494,0.49917,0.00039,0.03508
0.00000,0.00000,0.00000,0.00000,0.00000,0.00000,0.00000,0.00000,0.00000,0.00000,0.00259,0.07073,0.00000,0.14300,0.04901,0.05674,0.21428,0.12574,0.04262,0.29529
0.00000,0.00000,0.00000,0.00000,0.00000,0.00000,0.00000,0.00000,0.00000,0.00000,0.00090,0.08851,0.00000,0.00629,0.01082,0.20857,0.22992,0.01071,0.08595,0.35833
0.00006,0.02507,0.00000,0.00464,0.00020,0.00000,0.00000,0.00000,0.00000,0.00000,0.00000,0.00000,0.00000,0.00000,0.00000,0.17646,0.12412,0.09834,0.02666,0.54444
0.00000,0.00000,0.00000,0.00000,0.00000,0.00000,0.00000,0.00000,0.00000,0.00000,0.01286,0.00052,0.00016,0.26438,0.00186,0.26075,0.19225,0.02120,0.14917,0.09685
0.00000,0.00000,0.00000,0.00000,0.00000,0.00000,0.00000,0.00000,0.00000,0.00000,0.00179,0.02443,0.00000,0.20334,0.00001,0.25153,0.11234,0.06126,0.09394,0.25135
0.00000,0.00000,0.00000,0.00000,0.00000,0.00000,0.00000,0.00000,0.00000,0.00000,0.00126,0.03473,0.00000,0.22938,0.00686,0.11995,0.12800,0.03326,0.02107,0.42549
0.00000,0.00000,0.00000,0.00000,0.00000,0.00000,0.28618,0.00241,0.08216,0.04966,0.00000,0.00000,0.00000,0.00000,0.00000,0.15573,0.08813,0.01871,0.10386,0.21315
0.00000,0.00000,0.00000,0.00000,0.00000,0.00000,0.00000,0.00000,0.00000,0.00000,0.00002,0.06286,0.00000,0.04237,0.23556,0.00481,0.23472,0.00234,0.26897,0.14836
0.00000,0.00000,0.00000,0.00000,0.00000,0.00000,0.00000,0.00000,0.00000,0.00000,0.00428,0.08837,0.00046,0.32336,0.00517,0.21176,0.07130,0.00083,0.00129,0.29319
0.00000,0.00000,0.00000,0.00000,0.00000,0.00098,0.03639,0.00000,0.08904,0.09417,0.00000,0.00000,0.00000,0.00000,0.00000,0.46060,0.12642,0.00066,0.01507,0.17668
0.00000,0.00000,0.00000,0.00000,0.00000,0.00000,0.00000,0.00000,0.00000,0.00000,0.05233,0.00577,0.00000,0.22211,0.03476,0.02612,0.41762,0.02989,0.00199,0.20940
0.00000,0.00000,0.00000,0.00000,0.00000,0.00000,0.00000,0.00000,0.00000,0.00000,0.00775,0.00161,0.00000,0.10265,0.00590,0.06776,0.39971,0.00089,0.00033,0.41340
0.00000,0.00000,0.00000,0.00000,0.00000,0.00000,0.00000,0.00000,0.00000,0.00000,0.00012,0.20714,0.00000,0.15908,0.00798,0.20068,0.35311,0.02609,0.02026,0.02555
0.00000,0.00000,0.00000,0.00000,0.00000,0.00000,0.00000,0.00000,0.00000,0.00000,0.00005,0.01351,0.00000,0.11066,0.00021,0.23155,0.37468,0.01864,0.09331,0.15739
0.00000,0.13094,0.01561,0.10653,0.01851,0.00000,0.00000,0.00000,0.00000,0.00000,0.00000,0.00000,0.00000,0.00000,0.00000,0.31736,0.10917,0.00015,0.04943,0.25230
0.00000,0.00000,0.00000,0.00000,0.00000,0.00000,0.00000,0.00000,0.00000,0.00000,0.00006,0.01596,0.00000,0.10341,0.05415,0.14188,0.23577,0.04355,0.00835,0.39687
0.00000,0.00000,0.00000,0.00000,0.00000,0.00000,0.00000,0.00000,0.00000,0.00000,0.00003,0.05471,0.00000,0.03618,0.01711,0.19485,0.24501,0.00057,0.07264,0.37889
0.00000,0.00000,0.00000,0.00000,0.00000,0.00000,0.00000,0.00000,0.00000,0.00000,0.00002,0.41080,0.00773,0.06987,0.01355,0.13050,0.21976,0.00263,0.00110,0.14404
0.00000,0.00000,0.00000,0.00000,0.00000,0.00012,0.09211,0.00000,0.26088,0.04012,0.00000,0.00000,0.00000,0.00000,0.00000,0.34295,0.14462,0.01053,0.00145,0.10722
0.00000,0.00000,0.00000,0.00000,0.00000,0.00000,0.00000,0.00000,0.00000,0.00000,0.00921,0.00717,0.00000,0.36210,0.00728,0.23025,0.21105,0.00946,0.10800,0.05549
0.00330,0.00790,0.00008,0.12907,0.00022,0.00000,0.00000,0.00000,0.00000,0.00000,0.00000,0.00000,0.00000,0.00000,0.00000,0.15985,0.08392,0.08627,0.08587,0.44352
0.00000,0.00000,0.00000,0.00000,0.00000,0.00000,0.00000,0.00000,0.00000,0.00000,0.02216,0.00784,0.00198,0.02097,0.04092,0.16328,0.24899,0.00001,0.01763,0.47621
0.00000,0.00000,0.00000,0.00000,0.00000,0.00000,0.00000,0.00000,0.00000,0.00000,0.00016,0.14220,0.00000,0.08003,0.11772,0.20418,0.05007,0.00668,0.12713,0.27183
0.00000,0.00000,0.00000,0.00000,0.00000,0.00000,0.00000,0.00000,0.00000,0.00000,0.09802,0.02798,0.00000,0.17779,0.01802,0.10123,0.28707,0.00003,0.06538,0.22447
0.00000,0.00000,0.00000,0.00000,0.00000,0.00000,0.00000,0.00000,0.00000,0.00000,0.00000,0.09479,0.00000,0.16041,0.02402,0.16369,0.36721,0.00002,0.01568,0.17419
0.00000,0.00000,0.00000,0.00000,0.00000,0.00000,0.00000,0.00000,0.00000,0.00000,0.02329,0.16739,0.00000,0.07871,0.03251,0.20803,0.05862,0.04193,0.13398,0.25556
0.00000,0.00000,0.00000,0.00000,0.00000,0.00000,0.00000,0.00000,0.00000,0.00000,0.00903,0.07479,0.00000,0.17501,0.00010,0.16704,0.13528,0.02102,0.10041,0.31731
0.00000,0.00000,0.00000,0.00000,0.00000,0.00000,0.00000,0.00000,0.00000,0.00000,0.01340,0.04606,0.00000,0.02367,0.00016,0.07491,0.27382,0.01405,0.15050,0.40343
0.00000,0.00000,0.00000,0.00000,0.00000,0.00000,0.00000,0.00000,0.00000,0.00000,0.00005,0.00225,0.00000,0.08689,0.00234,0.14491,0.24801,0.03291,0.07745,0.40519
0.00000,0.00000,0.00000,0.00000,0.00000,0.00000,0.00000,0.00000,0.00000,0.00000,0.00105,0.01481,0.00000,0.03249,0.00040,0.36553,0.37778,0.00148,0.04212,0.16436
0.00000,0.00000,0.00000,0.00000,0.00000,0.00000,0.00000,0.00000,0.00000,0.00000,0.03371,0.03631,0.00000,0.46760,0.00001,0.05033,0.12940,0.02753,0.02032,0.23479
0.00000,0.00000,0.00000,0.00000,0.00000,0.00000,0.00000,0.00000,0.00000,0.00000,0.00038,0.06470,0.00000,0.38805,0.00068,0.12076,0.22427,0.05023,0.01320,0.13774
0.00210,0.01925,0.00033,0.24473,0.00008,0.00000,0.00000,0.00000,0.00000,0.00000,0.00000,0.00000,0.00000,0.00000,0.00000,0.08535,0.09983,0.01464,0.00998,0.52372
0.00000,0.00000,0.00000,0.00000,0.00000,0.00000,0.00000,0.00000,0.00000,0.00000,0.12071,0.02784,0.00000,0.06148,0.20261,0.01088,0.22040,0.00111,0.00002,0.35494
0.07745,0.02262,0.00000,0.15001,0.00039,0.00000,0.00000,0.00000,0.00000,0.00000,0.00000,0.00000,0.00000,0.00000,0.00000,0.18758,0.21640,0.00084,0.27276,0.07195
0.00000,0.00000,0.00000,0.00000,0.00000,0.00000,0.00000,0.00000,0.00000,0.00000,0.00000,0.01556,0.00035,0.01730,0.06797,0.17322,0.21760,0.32005,0.01040,0.17755
0.01153,0.02493,0.00000,0.08548,0.10985,0.00000,0.00000,0.00000,0.00000,0.00000,0.00000,0.00000,0.00000,0.00000,0.00000,0.02240,0.28132,0.00647,0.15367,0.30435
0.00000,0.00000,0.00000,0.00000,0.00000,0.00000,0.00000,0.00000,0.00000,0.00000,0.00081,0.07881,0.00000,0.33764,0.00042,0.26626,0.06043,0.00573,0.02665,0.22324
0.00000,0.00000,0.00000,0.00000,0.00000,0.00000,0.00000,0.00000,0.00000,0.00000,0.08128,0.11543,0.00000,0.04791,0.00039,0.02296,0.19256,0.02237,0.05096,0.46615
0.00000,0.00000,0.00000,0.00000,0.00000,0.00000,0.00000,0.00000,0.00000,0.00000,0.00001,0.01728,0.00000,0.23703,0.00103,0.28264,0.15136,0.11190,0.01738,0.18138
0.00000,0.00000,0.00000,0.00000,0.00000,0.00000,0.00000,0.00000,0.00000,0.00000,0.00843,0.04730,0.00000,0.20106,0.15868,0.07410,0.10567,0.13429,0.05646,0.21401
0.00000,0.00000,0.00000,0.00000,0.00000,0.00000,0.00000,0.00000,0.00000,0.00000,0.00063,0.04769,0.04695,0.25966,0.08396,0.02919,0.37478,0.03503,0.04526,0.07686
0.00000,0.00000,0.00000,0.00000,0.00000,0.00002,0.00491,0.00000,0.14638,0.00771,0.00000,0.00000,0.00000,0.00000,0.00000,0.31642,0.09524,0.00232,0.23597,0.19104
0.00000,0.00000,0.00000,0.00000,0.00000,0.00000,0.00000,0.00000,0.00000,0.00000,0.00048,0.03903,0.00000,0.13474,0.00168,0.14360,0.21199,0.02904,0.01501,0.42443
0.00000,0.00000,0.00000,0.00000,0.00000,0.00000,0.00000,0.00000,0.00000,0.00000,0.06300,0.06709,0.00000,0.18375,0.02976,0.31300,0.20116,0.00189,0.00341,0.13694
0.00000,0.00000,0.00000,0.00000,0.00000,0.00000,0.00000,0.00000,0.00000,0.00000,0.05055,0.07835,0.00000,0.04871,0.00172,0.22988,0.36755,0.03129,0.13355,0.05840
0.00000,0.00000,0.00000,0.00000,0.00000,0.00000,0.00000,0.00000,0.00000,0.00000,0.00010,0.01594,0.00000,0.05153,0.01177,0.28434,0.15007,0.00001,0.10441,0.38182
0.00000,0.00000,0.00000,0.00000,0.00000,0.00000,0.00000,0.00000,0.00000,0.00000,0.00395,0.14014,0.00000,0.21238,0.05791,0.10867,0.13715,0.02449,0.01714,0.29816
0.00000,0.00000,0.00000,0.00000,0.00000,0.00000,0.00000,0.00000,0.00000,0.00000,0.00014,0.03746,0.00000,0.30516,0.08444,0.12407,0.15240,0.09673,0.03581,0.16381
0.00000,0.00000,0.00000,0.00000,0.00000,0.00000,0.00000,0.00000,0.00000,0.00000,0.02220,0.10846,0.00000,0.08800,0.00939,0.05962,0.42742,0.05046,0.01271,0.22173
0.00000,0.00000,0.00000,0.00000,0.00000,0.00000,0.00000,0.00000,0.00000,0.00000,0.00526,0.00386,0.00000,0.32277,0.07886,0.11038,0.21267,0.00373,0.02880,0.23366
0.00000,0.00000,0.00000,0.00000,0.00000,0.00000,0.00000,0.00000,0.00000,0.00000,0.02906,0.00000,0.00000,0.06566,0.08386,0.00385,0.30653,0.00060,0.00083,0.50961
0.00000,0.00000,0.00000,0.00000,0.00000,0.00000,0.00000,0.00000,0.00000,0.00000,0.00305,0.06044,0.00000,0.11245,0.02618,0.28994,0.18060,0.00016,0.00075,0.32642
0.00000,0.00000,0.00000,0.00000,0.00000,0.00000,0.00000,0.00000,0.00000,0.00000,0.00102,0.00014,0.00000,0.08244,0.00201,0.08767,0.35926,0.00924,0.08283,0.37537
0.00000,0.00000,0.00000,0.00000,0.00000,0.00000,0.00000,0.00000,0.00000,0.00000,0.00000,0.00153,0.00000,0.02116,0.27800,0.15832,0.27769,0.00044,0.10977,0.15310
0.00000,0.00000,0.00000,0.00000,0.00000,0.00000,0.00000,0.00000,0.00000,0.00000,0.04201,0.38893,0.00000,0.11773,0.00008,0.14431,0.18259,0.03737,0.01064,0.07634
0.00000,0.00000,0.00000,0.00000,0.00000,0.00000,0.00000,0.00000,0.00000,0.00000,0.09038,0.09992,0.00000,0.16473,0.01321,0.14696,0.26995,0.00001,0.01107,0.20377
0.00000,0.00000,0.00000,0.00000,0.00000,0.00000,0.00000,0.00000,0.00000,0.00000,0.03871,0.22859,0.00000,0.05417,0.09392,0.34866,0.08766,0.00650,0.06036,0.08144
0.00000,0.00000,0.00000,0.00000,0.00000,0.00000,0.00000,0.00000,0.00000,0.00000,0.00427,0.03269,0.00000,0.30518,0.00908,0.07222,0.33334,0.00226,0.00204,0.23893
0.00000,0.00000,0.00000,0.00000,0.00000,0.00016,0.00678,0.00000,0.34961,0.02909,0.00000,0.00000,0.00000,0.00000,0.00000,0.09510,0.17565,0.00179,0.11912,0.22271
0.00000,0.00000,0.00000,0.00000,0.00000,0.00000,0.00000,0.00000,0.00000,0.00000,0.00937,0.02935,0.00000,0.23221,0.00824,0.12884,0.20128,0.15483,0.01423,0.22165
0.00000,0.00000,0.00000,0.00000,0.00000,0.14234,0.10099,0.00000,0.39710,0.02176,0.00000,0.00000,0.00000,0.00000,0.00000,0.07891,0.16872,0.00428,0.03386,0.05205
0.00000,0.00000,0.00000,0.00000,0.00000,0.00000,0.00000,0.00000,0.00000,0.00000,0.00234,0.04259,0.07674,0.08332,0.07539,0.18732,0.31207,0.01319,0.07272,0.13432
0.00000,0.00000,0.00000,0.00000,0.00000,0.02838,0.22734,0.00000,0.03633,0.00806,0.00000,0.00000,0.00000,0.00000,0.00000,0.31833,0.18831,0.01905,0.00993,0.16427
0.00000,0.00000,0.00000,0.00000,0.00000,0.00000,0.00000,0.00000,0.00000,0.00000,0.00248,0.05371,0.00000,0.04933,0.10205,0.12147,0.25906,0.00000,0.07831,0.33359
0.00000,0.00000,0.00000,0.00000,0.00000,0.00000,0.00000,0.00000,0.00000,0.00000,0.00005,0.00385,0.00000,0.10789,0.00956,0.16138,0.34112,0.02691,0.01906,0.33017
0.00000,0.00000,0.00000,0.00000,0.00000,0.00000,0.00000,0.00000,0.00000,0.00000,0.04289,0.07045,0.00001,0.13814,0.04951,0.01466,0.36527,0.01185,0.04500,0.26221
0.00000,0.00000,0.00000,0.00000,0.00000,0.00000,0.00000,0.00000,0.00000,0.00000,0.01174,0.05124,0.00000,0.15953,0.03705,0.36325,0.23667,0.02100,0.01198,0.10754
0.00000,0.00000,0.00000,0.00000,0.00000,0.00000,0.00000,0.00000,0.00000,0.00000,0.01771,0.00165,0.00000,0.06929,0.00360,0.39922,0.13728,0.08376,0.01767,0.26982
0.00000,0.00000,0.00000,0.00000,0.00000,0.03476,0.02046,0.01496,0.22590,0.01245,0.00000,0.00000,0.00000,0.00000,0.00000,0.24042,0.05783,0.09500,0.12418,0.17405
0.00000,0.00000,0.00000,0.00000,0.00000,0.00000,0.00000,0.00000,0.00000,0.00000,0.01967,0.00403,0.00000,0.08072,0.02889,0.02355,0.31988,0.00228,0.05270,0.46829
0.00000,0.00000,0.00000,0.00000,0.00000,0.00000,0.00000,0.00000,0.00000,0.00000,0.02067,0.13447,0.00000,0.16907,0.03232,0.30027,0.19330,0.08520,0.03292,0.03176
0.00239,0.28678,0.00000,0.13376,0.01914,0.00000,0.00000,0.00000,0.00000,0.00000,0.00000,0.00000,0.00000,0.00000,0.00000,0.07654,0.33622,0.00629,0.07384,0.06503
0.06532,0.05380,0.00000,0.02651,0.00050,0.00000,0.00000,0.00000,0.00000,0.00000,0.00000,0.00000,0.00000,0.00000,0.00000,0.02826,0.32467,0.09265,0.07740,0.33088
0.00000,0.00000,0.00000,0.00000,0.00000,0.00000,0.00000,0.00000,0.00000,0.00000,0.00000,0.05682,0.00000,0.06295,0.18686,0.19369,0.14245,0.00235,0.12558,0.22930
0.00000,0.00000,0.00000,0.00000,0.00000,0.00000,0.00000,0.00000,0.00000,0.00000,0.00054,0.06600,0.00000,0.13740,0.00035,0.04939,0.28301,0.19711,0.04514,0.22105
0.00000,0.00000,0.00000,0.00000,0.00000,0.00000,0.00000,0.00000,0.00000,0.00000,0.00427,0.01668,0.00000,0.04586,0.03285,0.33199,0.08118,0.10165,0.00038,0.38515
0.00000,0.00000,0.00000,0.00000,0.00000,0.00000,0.00000,0.00000,0.00000,0.00000,0.00129,0.11288,0.00000,0.01684,0.10225,0.08677,0.01274,0.00084,0.08443,0.58197
0.00000,0.00000,0.00000,0.00000,0.00000,0.00000,0.00000,0.00000,0.00000,0.00000,0.00000,0.00682,0.00000,0.06090,0.13394,0.12362,0.27544,0.04314,0.09670,0.25944
0.00000,0.00000,0.00000,0.00000,0.00000,0.00001,0.09301,0.00000,0.31565,0.00000,0.00000,0.00000,0.00000,0.00000,0.00000,0.16141,0.17112,0.00000,0.15073,0.10808
0.00000,0.00000,0.00000,0.00000,0.00000,0.00000,0.00000,0.00000,0.00000,0.00000,0.03758,0.02332,0.00000,0.02548,0.00081,0.12865,0.13763,0.40081,0.00144,0.24426
0.00000,0.00000,0.00000,0.00000,0.00000,0.00000,0.00000,0.00000,0.00000,0.00000,0.00307,0.12944,0.00161,0.07423,0.01277,0.13111,0.18442,0.03459,0.08301,0.34577
0.00501,0.30904,0.00000,0.25096,0.02731,0.00000,0.00000,0.00000,0.00000,0.00000,0.00000,0.00000,0.00000,0.00000,0.00000,0.03007,0.13391,0.05306,0.01558,0.17506
0.00000,0.00000,0.00000,0.00000,0.00000,0.00000,0.00000,0.00000,0.00000,0.00000,0.00333,0.05472,0.00000,0.29237,0.00551,0.00129,0.23158,0.06275,0.00020,0.34827
0.00000,0.00000,0.00000,0.00000,0.00000,0.00000,0.00000,0.00000,0.00000,0.00000,0.00757,0.01345,0.00000,0.07827,0.02988,0.32474,0.19291,0.04813,0.01022,0.29482
0.00000,0.00000,0.00000,0.00000,0.00000,0.00000,0.00000,0.00000,0.00000,0.00000,0.00000,0.00686,0.00000,0.08210,0.12675,0.54978,0.01449,0.01982,0.03059,0.16961
0.00000,0.00000,0.00000,0.00000,0.00000,0.00000,0.00000,0.00000,0.00000,0.00000,0.02371,0.01276,0.00000,0.09873,0.00044,0.05929,0.55616,0.00331,0.00006,0.24555
0.00000,0.00000,0.00000,0.00000,0.00000,0.00000,0.00000,0.00000,0.00000,0.00000,0.02452,0.05240,0.00000,0.41934,0.00070,0.03252,0.20076,0.03239,0.02334,0.21404
0.00000,0.00000,0.00000,0.00000,0.00000,0.01242,0.07798,0.00000,0.10298,0.02126,0.00000,0.00000,0.00000,0.00000,0.00000,0.42048,0.08168,0.01133,0.01935,0.25252
0.00000,0.00000,0.00000,0.00000,0.00000,0.00000,0.00000,0.00000,0.00000,0.00000,0.05193,0.03832,0.00000,0.06456,0.10900,0.10704,0.25553,0.00478,0.17602,0.19282
0.00000,0.00000,0.00000,0.00000,0.00000,0.00000,0.00000,0.00000,0.00000,0.00000,0.16839,0.05625,0.00000,0.27847,0.01484,0.05142,0.03706,0.01213,0.13022,0.25122
0.00000,0.00000,0.00000,0.00000,0.00000,0.07559,0.05604,0.00000,0.01182,0.14326,0.00000,0.00000,0.00000,0.00000,0.00000,0.04174,0.24949,0.28450,0.00711,0.13044
0.00000,0.00000,0.00000,0.00000,0.00000,0.00000,0.00000,0.00000,0.00000,0.00000,0.01961,0.00373,0.00002,0.22230,0.07218,0.01301,0.24644,0.00288,0.14246,0.27738
0.00000,0.00000,0.00000,0.00000,0.00000,0.00000,0.00000,0.00000,0.00000,0.00000,0.07675,0.04298,0.00000,0.09665,0.00317,0.07160,0.31173,0.05610,0.02106,0.31997
0.00000,0.00000,0.00000,0.00000,0.00000,0.00000,0.00000,0.00000,0.00000,0.00000,0.00421,0.15009,0.00000,0.01855,0.10536,0.07885,0.14331,0.29059,0.00314,0.20590
0.00000,0.00000,0.00000,0.00000,0.00000,0.00103,0.03716,0.00000,0.11136,0.02988,0.00000,0.00000,0.00000,0.00000,0.00000,0.11012,0.42406,0.00617,0.01857,0.26164
0.00000,0.00000,0.00000,0.00000,0.00000,0.00000,0.00000,0.00000,0.00000,0.00000,0.00002,0.08308,0.00000,0.03396,0.12977,0.14467,0.12911,0.25052,0.02602,0.20286
0.00000,0.00000,0.00000,0.00000,0.00000,0.00000,0.00000,0.00000,0.00000,0.00000,0.02333,0.16233,0.00000,0.04857,0.08912,0.13652,0.06386,0.06882,0.01218,0.39527
0.00000,0.00000,0.00000,0.00000,0.00000,0.00000,0.00000,0.00000,0.00000,0.00000,0.05241,0.23669,0.00000,0.11225,0.05856,0.28367,0.07430,0.00618,0.07726,0.09867
0.00000,0.00000,0.00000,0.00000,0.00000,0.00000,0.00000,0.00000,0.00000,0.00000,0.00315,0.01866,0.00000,0.02858,0.00295,0.11868,0.25285,0.00890,0.00565,0.56058
0.00347,0.05718,0.00000,0.21624,0.11798,0.00000,0.00000,0.00000,0.00000,0.00000,0.00000,0.00000,0.00000,0.00000,0.00000,0.01250,0.45373,0.00019,0.00360,0.13510
0.00000,0.00000,0.00000,0.00000,0.00000,0.00000,0.00000,0.00000,0.00000,0.00000,0.10695,0.02054,0.00000,0.08182,0.00950,0.17590,0.14923,0.05765,0.05193,0.34646
0.00006,0.02949,0.00000,0.02040,0.03733,0.00000,0.00000,0.00000,0.00000,0.00000,0.00000,0.00000,0.00000,0.00000,0.00000,0.22484,0.25797,0.01005,0.00036,0.41952
0.00000,0.00000,0.00000,0.00000,0.00000,0.00000,0.00000,0.00000,0.00000,0.00000,0.00022,0.04795,0.00000,0.07500,0.00067,0.13591,0.07401,0.34844,0.00793,0.30987
0.00000,0.00000,0.00000,0.00000,0.00000,0.04892,0.12701,0.00000,0.15177,0.18060,0.00000,0.00000,0.00000,0.00000,0.00000,0.18604,0.22849,0.04386,0.00030,0.03301
0.00000,0.00000,0.00000,0.00000,0.00000,0.00000,0.00000,0.00000,0.00000,0.00000,0.05822,0.03282,0.00000,0.15898,0.03161,0.32964,0.07332,0.02637,0.11587,0.17317
0.00000,0.00000,0.00000,0.00000,0.00000,0.21539,0.01256,0.00000,0.07104,0.00311,0.00000,0.00000,0.00000,0.00000,0.00000,0.07561,0.45907,0.00139,0.01734,0.14450
0.00000,0.00000,0.00000,0.00000,0.00000,0.00000,0.00000,0.00000,0.00000,0.00000,0.00010,0.14122,0.00000,0.05817,0.01943,0.17528,0.51632,0.00024,0.00033,0.08891
0.00000,0.00000,0.00000,0.00000,0.00000,0.00000,0.00000,0.00000,0.00000,0.00000,0.00000,0.04733,0.00000,0.38701,0.09947,0.18332,0.09514,0.00109,0.11900,0.06763
0.00011,0.02013,0.02177,0.16141,0.00227,0.00000,0.00000,0.00000,0.00000,0.00000,0.00000,0.00000,0.00000,0.00000,0.00000,0.21490,0.16644,0.04933,0.00026,0.36338
0.00000,0.00000,0.00000,0.00000,0.00000,0.00000,0.00000,0.00000,0.00000,0.00000,0.00027,0.11124,0.00000,0.19871,0.01057,0.14148,0.13757,0.09753,0.08173,0.22090
0.00000,0.00000,0.00000,0.00000,0.00000,0.00000,0.00000,0.00000,0.00000,0.00000,0.00009,0.10469,0.00000,0.01681,0.02971,0.21864,0.17877,0.12852,0.10649,0.21627
0.00000,0.00000,0.00000,0.00000,0.00000,0.00000,0.00000,0.00000,0.00000,0.00000,0.04928,0.04797,0.00004,0.12024,0.10199,0.09126,0.15924,0.00630,0.02379,0.39989
0.00000,0.00000,0.00000,0.00000,0.00000,0.00000,0.00000,0.00000,0.00000,0.00000,0.00852,0.01994,0.00000,0.02968,0.03012,0.29083,0.27049,0.02413,0.01670,0.30960
0.00000,0.00000,0.00000,0.00000,0.00000,0.00000,0.00000,0.00000,0.00000,0.00000,0.04035,0.04759,0.00000,0.35258,0.00062,0.06875,0.21220,0.05922,0.07795,0.14074
0.00012,0.06255,0.00000,0.10655,0.00692,0.00000,0.00000,0.00000,0.00000,0.00000,0.00000,0.00000,0.00000,0.00000,0.00000,0.31292,0.22944,0.17493,0.02685,0.07972
0.00000,0.00000,0.00000,0.00000,0.00000,0.00000,0.00000,0.00000,0.00000,0.00000,0.13936,0.00563,0.00000,0.00680,0.06405,0.05615,0.30679,0.01516,0.22007,0.18601
0.00000,0.00000,0.00000,0.00000,0.00000,0.00000,0.00000,0.00000,0.00000,0.00000,0.13768,0.06645,0.00000,0.00066,0.01397,0.33334,0.21165,0.05776,0.02241,0.15609
0.00000,0.00000,0.00000,0.00000,0.00000,0.00000,0.00000,0.00000,0.00000,0.00000,0.16676,0.07151,0.00000,0.13094,0.03802,0.07095,0.31270,0.00687,0.12994,0.07231
0.00000,0.00000,0.00000,0.00000,0.00000,0.02492,0.13824,0.00000,0.05223,0.01427,0.00000,0.00000,0.00000,0.00000,0.00000,0.10687,0.19566,0.00244,0.01064,0.45473
0.00000,0.00000,0.00000,0.00000,0.00000,0.00000,0.00000,0.00000,0.00000,0.00000,0.02537,0.00702,0.00000,0.36612,0.02776,0.03537,0.03208,0.22824,0.07847,0.19957
0.00000,0.00000,0.00000,0.00000,0.00000,0.00000,0.00000,0.00000,0.00000,0.00000,0.01975,0.03750,0.00070,0.16368,0.03365,0.08960,0.04445,0.01573,0.00310,0.59184
0.00000,0.00000,0.00000,0.00000,0.00000,0.00000,0.00000,0.00000,0.00000,0.00000,0.00013,0.00362,0.00002,0.18235,0.01395,0.23083,0.18727,0.15490,0.04343,0.18351
0.00000,0.00000,0.00000,0.00000,0.00000,0.00005,0.24740,0.00000,0.06925,0.04768,0.00000,0.00000,0.00000,0.00000,0.00000,0.07106,0.31284,0.00175,0.02788,0.22210
0.00000,0.00000,0.00000,0.00000,0.00000,0.00000,0.00000,0.00000,0.00000,0.00000,0.02723,0.13585,0.00000,0.25124,0.02070,0.09523,0.15218,0.05172,0.04105,0.22479
0.00000,0.00000,0.00000,0.00000,0.00000,0.00000,0.00000,0.00000,0.00000,0.00000,0.00055,0.08130,0.00000,0.14132,0.00022,0.00035,0.39014,0.00868,0.01587,0.36158
0.00000,0.00000,0.00000,0.00000,0.00000,0.00001,0.00648,0.00000,0.32141,0.14110,0.00000,0.00000,0.00000,0.00000,0.00000,0.20772,0.10762,0.00027,0.08353,0.13187
0.00000,0.00000,0.00000,0.00000,0.00000,0.00000,0.00000,0.00000,0.00000,0.00000,0.00002,0.00543,0.00000,0.27456,0.00581,0.04877,0.25572,0.00175,0.00041,0.40752
0.00000,0.00000,0.00000,0.00000,0.00000,0.00000,0.00000,0.00000,0.00000,0.00000,0.00005,0.01019,0.00000,0.02910,0.08460,0.05149,0.32134,0.00056,0.21760,0.28506
0.00000,0.00000,0.00000,0.00000,0.00000,0.00000,0.00000,0.00000,0.00000,0.00000,0.00780,0.04212,0.00000,0.04041,0.03013,0.06194,0.11734,0.16895,0.00870,0.52260
0.00000,0.00000,0.00000,0.00000,0.00000,0.00000,0.00000,0.00000,0.00000,0.00000,0.03843,0.10892,0.00000,0.22094,0.01771,0.20195,0.16690,0.08330,0.02196,0.13989
0.00000,0.00000,0.00000,0.00000,0.00000,0.00000,0.00000,0.00000,0.00000,0.00000,0.00605,0.02931,0.00000,0.19722,0.00360,0.18148,0.10012,0.00037,0.28048,0.20137
0.00000,0.00000,0.00000,0.00000,0.00000,0.02301,0.01766,0.00000,0.14863,0.08479,0.00000,0.00000,0.00000,0.00000,0.00000,0.13982,0.11502,0.07844,0.27907,0.11356
0.00000,0.00000,0.00000,0.00000,0.00000,0.00000,0.00000,0.00000,0.00000,0.00000,0.00067,0.01029,0.00000,0.20722,0.01758,0.24270,0.08534,0.01490,0.15986,0.26145
0.00000,0.00000,0.00000,0.00000,0.00000,0.00182,0.00082,0.00000,0.12736,0.00177,0.00000,0.00000,0.00000,0.00000,0.00000,0.03809,0.62763,0.00563,0.00709,0.18981
0.01830,0.09009,0.00000,0.39752,0.05884,0.00000,0.00000,0.00000,0.00000,0.00000,0.00000,0.00000,0.00000,0.00000,0.00000,0.02967,0.16451,0.05365,0.00245,0.18498
0.00000,0.00000,0.00000,0.00000,0.00000,0.00000,0.00000,0.00000,0.00000,0.00000,0.00016,0.00805,0.00000,0.05350,0.07129,0.22309,0.06136,0.04408,0.11634,0.42214
0.00000,0.00000,0.00000,0.00000,0.00000,0.00000,0.01332,0.00000,0.09304,0.05951,0.00000,0.00000,0.00000,0.00000,0.00000,0.12095,0.18680,0.01202,0.13479,0.37955
0.00000,0.00000,0.00000,0.00000,0.00000,0.00000,0.00000,0.00000,0.00000,0.00000,0.00094,0.04554,0.00000,0.05627,0.00180,0.08008,0.53045,0.00122,0.08481,0.19889
0.00000,0.00000,0.00000,0.00000,0.00000,0.00000,0.00000,0.00000,0.00000,0.00000,0.07670,0.02272,0.00000,0.12059,0.01184,0.11784,0.35058,0.00361,0.13995,0.15616
0.00000,0.00000,0.00000,0.00000,0.00000,0.00209,0.01407,0.00000,0.06212,0.12219,0.00000,0.00000,0.00000,0.00000,0.00000,0.04255,0.18907,0.28273,0.16404,0.12113
0.00000,0.00000,0.00000,0.00000,0.00000,0.00000,0.00000,0.00000,0.00000,0.00000,0.11632,0.04661,0.00000,0.27189,0.02204,0.25856,0.02345,0.04728,0.01207,0.20179
0.00000,0.00000,0.00000,0.00000,0.00000,0.00000,0.00000,0.00000,0.00000,0.00000,0.02224,0.00938,0.07686,0.31982,0.03948,0.16701,0.04982,0.11241,0.14692,0.05607
0.00000,0.00000,0.00000,0.00000,0.00000,0.00000,0.00000,0.00000,0.00000,0.00000,0.00941,0.10276,0.00000,0.30532,0.00144,0.07261,0.05943,0.06688,0.13742,0.24474
0.00000,0.00000,0.00000,0.00000,0.00000,0.00000,0.00000,0.00000,0.00000,0.00000,0.00074,0.10090,0.00000,0.16053,0.00301,0.33855,0.13439,0.05007,0.09949,0.11230
0.00000,0.00000,0.00000,0.00000,0.00000,0.00000,0.00000,0.00000,0.00000,0.00000,0.00031,0.24420,0.00000,0.03992,0.00667,0.02593,0.52742,0.00249,0.10067,0.05240
0.00000,0.00000,0.00000,0.00000,0.00000,0.00000,0.00000,0.00000,0.00000,0.00000,0.00400,0.00039,0.00000,0.06008,0.61655,0.01646,0.06005,0.01414,0.00015,0.22819
0.00000,0.00000,0.00000,0.00000,0.00000,0.00000,0.00000,0.00000,0.00000,0.00000,0.01605,0.00028,0.00000,0.42105,0.01623,0.12091,0.28353,0.00108,0.01423,0.12662
0.00000,0.00000,0.00000,0.00000,0.00000,0.04055,0.17189,0.00000,0.11730,0.00054,0.00000,0.00000,0.00000,0.00000,0.00000,0.01939,0.25294,0.06962,0.05354,0.27422
0.00000,0.00000,0.00000,0.00000,0.00000,0.00000,0.00000,0.00000,0.00000,0.00000,0.00087,0.02065,0.00000,0.06594,0.09712,0.11265,0.18430,0.13475,0.02025,0.36348
0.00000,0.04135,0.01345,0.23275,0.00950,0.00000,0.00000,0.00000,0.00000,0.00000,0.00000,0.00000,0.00000,0.00000,0.00000,0.25486,0.14342,0.00258,0.06933,0.23275
0.00000,0.00000,0.00000,0.00000,0.00000,0.00000,0.00000,0.00000,0.00000,0.00000,0.00106,0.07518,0.00000,0.13084,0.00546,0.19652,0.18938,0.00664,0.09952,0.29541
0.00000,0.00000,0.00000,0.00000,0.00000,0.00052,0.01452,0.00000,0.21202,0.00000,0.00000,0.00000,0.00000,0.00000,0.00000,0.09822,0.62406,0.01100,0.00167,0.03799
0.00000,0.00000,0.00000,0.00000,0.00000,0.00000,0.00000,0.00000,0.00000,0.00000,0.00871,0.04505,0.00000,0.11611,0.00169,0.36774,0.06595,0.15561,0.02363,0.21550
0.00000,0.00000,0.00000,0.00000,0.00000,0.00000,0.00000,0.00000,0.00000,0.00000,0.00008,0.01390,0.00000,0.12899,0.01167,0.24958,0.25826,0.06614,0.02305,0.24834
0.00000,0.00000,0.00000,0.00000,0.00000,0.04200,0.00984,0.00000,0.02921,0.05014,0.00000,0.00000,0.00000,0.00000,0.00000,0.12771,0.09652,0.23004,0.05458,0.35996
0.00000,0.00000,0.00000,0.00000,0.00000,0.00000,0.11898,0.00000,0.15422,0.00355,0.00000,0.00000,0.00000,0.00000,0.00000,0.16135,0.14394,0.03945,0.03523,0.34327
0.00000,0.00000,0.00000,0.00000,0.00000,0.00000,0.00000,0.00000,0.00000,0.00000,0.06840,0.02068,0.00000,0.24154,0.00772,0.08150,0.09472,0.00226,0.20359,0.27958
0.00000,0.00000,0.00000,0.00000,0.00000,0.00000,0.00000,0.00000,0.00000,0.00000,0.00507,0.01005,0.00000,0.08635,0.01741,0.24139,0.37363,0.03862,0.02840,0.19907
0.00000,0.00000,0.00000,0.00000,0.00000,0.00000,0.00000,0.00000,0.00000,0.00000,0.00048,0.00300,0.00001,0.12145,0.02210,0.13869,0.32466,0.03463,0.09837,0.25660
0.00918,0.05892,0.00000,0.03687,0.02591,0.00000,0.00000,0.00000,0.00000,0.00000,0.00000,0.00000,0.00000,0.00000,0.00000,0.10804,0.25140,0.05203,0.21168,0.24598
0.00000,0.00000,0.00000,0.00000,0.00000,0.00000,0.00000,0.00000,0.00000,0.00000,0.02132,0.14266,0.00000,0.27258,0.03206,0.12038,0.19394,0.01217,0.03029,0.17460
0.00000,0.00000,0.00000,0.00000,0.00000,0.00000,0.00000,0.00000,0.00000,0.00000,0.00101,0.00399,0.00000,0.01306,0.04656,0.53708,0.21835,0.00101,0.07275,0.10619
0.00449,0.00013,0.00000,0.02613,0.03179,0.00000,0.00000,0.00000,0.00000,0.00000,0.00000,0.00000,0.00000,0.00000,0.00000,0.20217,0.22927,0.00430,0.01047,0.49126
0.00022,0.02566,0.00139,0.05072,0.05313,0.00000,0.00000,0.00000,0.00000,0.00000,0.00000,0.00000,0.00000,0.00000,0.00000,0.48829,0.08448,0.07325,0.00898,0.21388
0.00000,0.00000,0.00000,0.00000,0.00000,0.00000,0.00000,0.00000,0.00000,0.00000,0.01416,0.03671,0.00000,0.04796,0.00239,0.37803,0.24497,0.01850,0.06888,0.18841
0.00000,0.00000,0.00000,0.00000,0.00000,0.00000,0.00000,0.00000,0.00000,0.00000,0.34210,0.01013,0.00000,0.07576,0.01128,0.02826,0.27171,0.00553,0.03522,0.22001
0.00000,0.00000,0.00000,0.00000,0.00000,0.00000,0.00000,0.00000,0.00000,0.00000,0.27261,0.00848,0.00000,0.01850,0.00002,0.07290,0.14479,0.00093,0.28621,0.19557
0.00000,0.00000,0.00000,0.00000,0.00000,0.00048,0.01414,0.00000,0.13283,0.02269,0.00000,0.00000,0.00000,0.00000,0.00000,0.07800,0.06901,0.00045,0.22306,0.45934
0.03167,0.06280,0.04074,0.13656,0.10705,0.00000,0.00000,0.00000,0.00000,0.00000,0.00000,0.00000,0.00000,0.00000,0.00000,0.28657,0.09998,0.08497,0.01585,0.13380
0.00005,0.00992,0.00000,0.22518,0.00124,0.00000,0.00000,0.00000,0.00000,0.00000,0.00000,0.00000,0.00000,0.00000,0.00000,0.16522,0.21627,0.06194,0.02895,0.29123
0.00000,0.00000,0.00000,0.00000,0.00000,0.00000,0.00000,0.00000,0.00000,0.00000,0.02986,0.02113,0.00000,0.04464,0.06798,0.15291,0.18098,0.00243,0.03380,0.46626
0.00000,0.00000,0.00000,0.00000,0.00000,0.00790,0.13794,0.00000,0.29422,0.02856,0.00000,0.00000,0.00000,0.00000,0.00000,0.03617,0.10526,0.00622,0.00875,0.37498
0.00000,0.00000,0.00000,0.00000,0.00000,0.00000,0.00000,0.00000,0.00000,0.00000,0.00015,0.12753,0.00000,0.00218,0.02995,0.35269,0.21093,0.02071,0.13786,0.11800
0.00000,0.00000,0.00000,0.00000,0.00000,0.00000,0.00000,0.00000,0.00000,0.00000,0.01217,0.00850,0.00000,0.12520,0.03665,0.20153,0.24112,0.00078,0.03378,0.34026
0.00000,0.00000,0.00000,0.00000,0.00000,0.00000,0.00000,0.00000,0.00000,0.00000,0.00082,0.01133,0.00000,0.12343,0.03952,0.15528,0.40052,0.10766,0.10915,0.05229
0.00000,0.00000,0.00000,0.00000,0.00000,0.00000,0.00000,0.00000,0.00000,0.00000,0.00040,0.01065,0.00000,0.24213,0.16161,0.10565,0.26132,0.03756,0.05219,0.12850
0.00000,0.00000,0.00000,0.00000,0.00000,0.00000,0.06260,0.00000,0.08653,0.02762,0.00000,0.00000,0.00000,0.00000,0.00000,0.17535,0.33782,0.10959,0.01600,0.18449
0.00000,0.00000,0.00000,0.00000,0.00000,0.00004,0.00146,0.00000,0.18450,0.01645,0.00000,0.00000,0.00000,0.00000,0.00000,0.08758,0.30731,0.30024,0.00082,0.10160
0.00000,0.00000,0.00000,0.00000,0.00000,0.00000,0.00000,0.00000,0.00000,0.00000,0.02034,0.21819,0.00000,0.02622,0.01909,0.11105,0.44644,0.00005,0.02106,0.13757
