0.00237,0.00223,0.00149,0.02071,0.00277,0.00265,0.95833,0.00945
0.77182,0.00786,0.00698,0.00604,0.01408,0.01748,0.00390,0.17185
0.01336,0.00309,0.00621,0.00920,0.01203,0.00221,0.00821,0.94568
0.00336,0.00246,0.00879,0.00240,0.00215,0.00323,0.00273,0.97487
0.00304,0.00333,0.00518,0.00763,0.00957,0.00520,0.84870,0.11734
0.00125,0.00089,0.00047,0.00125,0.00408,0.00073,0.99042,0.00091
0.00934,0.00566,0.00363,0.00714,0.12278,0.00499,0.83449,0.01196
0.13773,0.01273,0.00630,0.00941,0.00433,0.00949,0.81454,0.00547
0.00931,0.02645,0.00652,0.00738,0.00403,0.00652,0.01495,0.92484
0.00767,0.01212,0.00515,0.01457,0.00467,0.00499,0.00634,0.94448
0.06533,0.01772,0.01472,0.01361,0.17358,0.02572,0.01025,0.67907
0.00895,0.00617,0.00471,0.02684,0.00715,0.05539,0.54692,0.34387
0.00377,0.00349,0.00455,0.01030,0.74652,0.00794,0.21829,0.00515
0.00073,0.00056,0.00035,0.00052,0.00114,0.00040,0.99568,0.00062
0.00390,0.00367,0.00455,0.00446,0.00354,0.00534,0.01238,0.96215
0.00099,0.00072,0.00097,0.00137,0.00309,0.00115,0.99065,0.00107
0.00093,0.00074,0.00042,0.00097,0.00149,0.00070,0.99370,0.00104
0.00449,0.00516,0.00203,0.00856,0.11443,0.00280,0.85733,0.00519
0.00375,0.00731,0.05223,0.00210,0.85776,0.00724,0.01701,0.05260
0.00294,0.00156,0.00235,0.00432,0.00492,0.00174,0.97697,0.00521
0.01010,0.00357,0.00253,0.00381,0.01442,0.00424,0.00597,0.95535
0.00045,0.00026,0.00026,0.00035,0.00072,0.00024,0.99712,0.00059
0.00673,0.00562,0.00975,0.00745,0.00870,0.02124,0.05079,0.88971
0.00266,0.00466,0.93887,0.00140,0.00296,0.00364,0.04376,0.00204
0.00070,0.00057,0.00035,0.00102,0.00191,0.00069,0.99353,0.00122
0.00429,0.00316,0.00528,0.00420,0.97472,0.00252,0.00232,0.00351
0.00281,0.00494,0.00512,0.00718,0.91552,0.01048,0.03817,0.01578
0.00808,0.00549,0.02656,0.00887,0.01016,0.00539,0.18645,0.74899
0.00104,0.00084,0.00100,0.00158,0.00292,0.00121,0.99056,0.00086
0.03095,0.00732,0.01418,0.00968,0.00722,0.00677,0.04202,0.88184
0.00113,0.00069,0.00051,0.00071,0.00219,0.00054,0.99322,0.00100
0.00167,0.00099,0.00208,0.00193,0.98614,0.00432,0.00101,0.00186
0.00074,0.00101,0.00070,0.00094,0.00161,0.00123,0.99310,0.00068
0.00941,0.00547,0.00301,0.00559,0.77014,0.02108,0.17587,0.00943
0.95601,0.00714,0.01192,0.00464,0.00499,0.00604,0.00432,0.00495
0.00871,0.00625,0.00676,0.00654,0.80237,0.01593,0.00466,0.14878
0.00113,0.00059,0.00056,0.00117,0.00269,0.00062,0.99217,0.00106
0.00474,0.00288,0.00544,0.00419,0.00430,0.00646,0.56638,0.40560
0.00397,0.00187,0.00230,0.00186,0.00373,0.00118,0.98331,0.00177
0.00179,0.00143,0.00100,0.00419,0.00301,0.00146,0.98422,0.00290
0.00440,0.00431,0.00333,0.01678,0.00216,0.00548,0.00221,0.96133
0.00047,0.00034,0.00029,0.00060,0.00102,0.00030,0.99657,0.00041
0.00519,0.00467,0.00484,0.01902,0.00415,0.00304,0.95084,0.00823
0.00087,0.00068,0.00036,0.00083,0.00128,0.00042,0.99477,0.00079
0.00974,0.01386,0.01338,0.00549,0.00280,0.00742,0.94507,0.00224
0.00320,0.00446,0.00535,0.00555,0.00295,0.01150,0.02436,0.94262
0.01140,0.00582,0.00438,0.08996,0.00600,0.00486,0.86901,0.00857
0.00612,0.00433,0.00797,0.01087,0.00970,0.02302,0.88825,0.04975
0.01545,0.00677,0.31068,0.05377,0.00486,0.00687,0.59674,0.00487
0.84925,0.00349,0.00852,0.00584,0.00668,0.01390,0.00753,0.10479
0.92709,0.00638,0.00569,0.00844,0.01202,0.00472,0.01361,0.02204
0.00081,0.00048,0.00027,0.00067,0.00099,0.00044,0.99561,0.00072
0.00857,0.01112,0.00770,0.00691,0.01880,0.22794,0.32785,0.39111
0.00675,0.02372,0.01550,0.01802,0.00774,0.34459,0.00781,0.57587
0.00085,0.00044,0.00037,0.00093,0.00159,0.00049,0.99413,0.00120
0.00423,0.00164,0.96575,0.00709,0.00327,0.00200,0.01072,0.00530
0.00346,0.00193,0.00283,0.00366,0.00216,0.00208,0.00201,0.98188
0.00296,0.00195,0.00259,0.00295,0.00527,0.00266,0.97952,0.00211
0.00459,0.00427,0.00317,0.00457,0.67676,0.01378,0.28761,0.00526
0.00797,0.01809,0.00457,0.00388,0.00230,0.00745,0.70677,0.24898
0.00196,0.00331,0.00261,0.00234,0.96895,0.00634,0.00674,0.00774
0.00768,0.01424,0.00282,0.00232,0.00436,0.00806,0.01027,0.95025
0.00115,0.00168,0.00635,0.00197,0.00229,0.00277,0.00260,0.98118
0.00417,0.00147,0.97611,0.00199,0.00214,0.00148,0.01124,0.00139
0.00063,0.00038,0.00023,0.00060,0.00101,0.00027,0.99635,0.00053
0.00254,0.00825,0.00460,0.00565,0.00196,0.00568,0.00379,0.96754
0.00426,0.00665,0.00318,0.00555,0.00554,0.00506,0.41282,0.55695
0.00596,0.00355,0.00240,0.01478,0.77433,0.00264,0.19174,0.00461
0.00694,0.00578,0.00781,0.00358,0.00745,0.01536,0.71890,0.23418
0.00631,0.00655,0.00857,0.04416,0.01313,0.00970,0.68236,0.22922
0.01129,0.00368,0.02346,0.01462,0.28921,0.00983,0.63914,0.00877
0.00641,0.00491,0.03400,0.03000,0.00292,0.01309,0.63832,0.27037
0.00174,0.00306,0.00375,0.00500,0.00272,0.00408,0.00228,0.97737
0.14813,0.00332,0.00695,0.00333,0.00611,0.00518,0.81827,0.00871
0.00221,0.00161,0.00224,0.00236,0.00325,0.00204,0.98311,0.00318
0.00238,0.00299,0.00695,0.00305,0.97275,0.00487,0.00370,0.00330
0.00125,0.00070,0.00048,0.00095,0.00182,0.00059,0.99308,0.00112
0.00199,0.00145,0.00109,0.00301,0.10011,0.00204,0.88532,0.00498
0.00276,0.00660,0.01922,0.00317,0.00152,0.00290,0.96216,0.00168
0.00280,0.00393,0.00204,0.00366,0.97943,0.00305,0.00247,0.00262
0.00879,0.00303,0.00279,0.00860,0.90758,0.00508,0.05623,0.00790
0.00121,0.00170,0.00302,0.00239,0.00065,0.00231,0.00113,0.98758
0.00213,0.00136,0.00150,0.00263,0.00363,0.00188,0.98454,0.00233
0.00316,0.00423,0.12697,0.00235,0.00313,0.00313,0.85536,0.00167
0.00407,0.00620,0.02101,0.00647,0.00572,0.01456,0.02754,0.91443
0.00601,0.01180,0.03461,0.00864,0.00438,0.64548,0.01318,0.27590
0.00114,0.00060,0.00068,0.00109,0.00215,0.00070,0.99282,0.00082
0.00908,0.00986,0.01961,0.01828,0.46024,0.00758,0.18521,0.29014
0.00623,0.03348,0.00272,0.00601,0.00487,0.01410,0.02856,0.90402
0.00144,0.00079,0.00066,0.00120,0.00210,0.00133,0.99110,0.00137
0.01473,0.00465,0.00590,0.00331,0.01011,0.00704,0.31383,0.64042
0.00123,0.00132,0.00123,0.00260,0.00370,0.00142,0.98627,0.00223
0.00157,0.00130,0.00160,0.00139,0.97983,0.00331,0.00318,0.00782
0.00049,0.00024,0.00026,0.00046,0.00117,0.00020,0.99683,0.00035
0.00758,0.00638,0.00309,0.01995,0.00908,0.00793,0.46874,0.47724
0.00324,0.00228,0.00144,0.00747,0.00650,0.00138,0.97523,0.00245
0.00094,0.00072,0.00043,0.00145,0.00172,0.00049,0.99347,0.00077
0.00453,0.00139,0.00215,0.00405,0.00529,0.00234,0.97894,0.00132
0.00135,0.00082,0.00037,0.00088,0.00270,0.00075,0.99148,0.00165
0.00075,0.00052,0.00024,0.00068,0.00056,0.00035,0.99575,0.00115
0.00530,0.00589,0.01110,0.00811,0.01220,0.01410,0.17831,0.76499
0.00289,0.02266,0.00526,0.00650,0.00153,0.00614,0.00718,0.94784
0.00443,0.00393,0.00466,0.00399,0.05297,0.02629,0.86236,0.04137
0.00822,0.00500,0.00986,0.00942,0.00918,0.00387,0.05196,0.90249
0.00139,0.00373,0.00376,0.00264,0.00105,0.01215,0.00187,0.97340
0.00448,0.00160,0.00379,0.00315,0.96642,0.00771,0.00685,0.00601
0.00290,0.00944,0.00341,0.02283,0.00175,0.00383,0.00218,0.95366
0.00222,0.02209,0.00266,0.01506,0.01108,0.00674,0.01896,0.92120
0.00122,0.00081,0.00063,0.00265,0.00360,0.00082,0.98837,0.00190
0.00482,0.00716,0.00571,0.00688,0.00254,0.01303,0.00330,0.95656
0.00734,0.01274,0.00769,0.03379,0.02233,0.01011,0.04090,0.86510
0.00676,0.00353,0.00420,0.00395,0.01785,0.01360,0.64328,0.30683
0.01271,0.01306,0.00236,0.00279,0.86545,0.00491,0.01005,0.08867
0.01401,0.00438,0.00557,0.00387,0.00768,0.07138,0.74083,0.15227
0.00363,0.00319,0.00376,0.01023,0.00602,0.00576,0.95916,0.00825
0.00126,0.00082,0.00080,0.00110,0.00469,0.00059,0.98956,0.00118
0.00484,0.00573,0.00461,0.00870,0.00456,0.00320,0.22958,0.73877
0.00701,0.00261,0.00241,0.01253,0.00349,0.00399,0.96045,0.00750
0.00226,0.00132,0.00081,0.00165,0.00184,0.00111,0.98932,0.00169
0.00218,0.00426,0.01404,0.00267,0.00353,0.00346,0.00368,0.96620
0.00521,0.00797,0.00484,0.00207,0.00375,0.00679,0.82713,0.14223
0.00295,0.00135,0.00092,0.00251,0.00310,0.00070,0.98695,0.00153
0.00821,0.00314,0.02469,0.01047,0.00548,0.00316,0.00626,0.93859
0.00515,0.00439,0.00470,0.00295,0.00516,0.01113,0.25877,0.70775
0.00294,0.00224,0.00189,0.00591,0.00403,0.00316,0.97392,0.00591
0.00513,0.00339,0.01276,0.00578,0.00542,0.00661,0.47667,0.48424
0.00265,0.00402,0.00240,0.00554,0.00374,0.01731,0.05680,0.90754
0.00476,0.00272,0.00280,0.00375,0.00198,0.00215,0.97892,0.00293
0.00237,0.00154,0.00243,0.00239,0.00216,0.98605,0.00177,0.00130
0.01265,0.00611,0.00573,0.01105,0.02379,0.01089,0.43641,0.49338
0.00469,0.00234,0.00292,0.00278,0.92258,0.00258,0.04847,0.01364
0.00065,0.00081,0.00084,0.00135,0.00349,0.00081,0.99045,0.00159
0.00509,0.00515,0.00753,0.01168,0.00315,0.20359,0.75927,0.00455
0.00191,0.00356,0.00145,0.00284,0.00456,0.00586,0.00793,0.97189
0.00361,0.00334,0.01154,0.00578,0.00522,0.01133,0.28540,0.67378
0.02354,0.01173,0.00475,0.00478,0.01497,0.72386,0.21289,0.00349
0.00163,0.00107,0.00055,0.00099,0.00114,0.00068,0.99285,0.00108
0.00358,0.00360,0.00306,0.00446,0.08101,0.00240,0.89280,0.00908
0.00175,0.00099,0.00138,0.00173,0.99007,0.00089,0.00134,0.00185
0.00165,0.00209,0.00129,0.00268,0.98425,0.00398,0.00243,0.00163
0.00336,0.00705,0.01492,0.00689,0.27453,0.00827,0.68093,0.00405
0.00298,0.00164,0.00532,0.00189,0.98020,0.00373,0.00119,0.00306
0.00703,0.00429,0.31650,0.00793,0.00428,0.01264,0.64191,0.00542
0.04747,0.04479,0.00612,0.00427,0.00686,0.02252,0.85775,0.01021
0.00172,0.00356,0.00609,0.00237,0.00065,0.00254,0.00223,0.98084
0.00237,0.00202,0.00276,0.00298,0.00387,0.00232,0.98122,0.00245
0.34631,0.01254,0.00653,0.04114,0.00969,0.00430,0.20718,0.37231
0.00121,0.00142,0.99148,0.00087,0.00098,0.00123,0.00199,0.00081
0.00604,0.00410,0.00528,0.01012,0.65529,0.01408,0.28919,0.01589
0.00300,0.00518,0.00480,0.00376,0.00207,0.00701,0.00354,0.97065
0.00171,0.00146,0.00072,0.00156,0.00286,0.00081,0.98913,0.00175
0.00209,0.00124,0.00167,0.00637,0.00585,0.00260,0.93301,0.04717
0.00369,0.00930,0.29862,0.00571,0.01350,0.00797,0.65538,0.00583
0.00122,0.00158,0.00082,0.00135,0.00131,0.00090,0.99127,0.00155
0.00096,0.00063,0.00037,0.00060,0.00142,0.00070,0.99431,0.00100
0.00604,0.00297,0.00268,0.00410,0.32352,0.00414,0.58510,0.07146
0.00760,0.00277,0.00362,0.00446,0.01416,0.00237,0.95828,0.00675
0.00121,0.00160,0.00219,0.00221,0.98666,0.00231,0.00139,0.00244
0.00792,0.01245,0.02410,0.89155,0.02025,0.00727,0.02862,0.00784
0.00685,0.00724,0.00496,0.01256,0.09573,0.00587,0.85658,0.01022
0.00295,0.00375,0.00675,0.00366,0.96814,0.00317,0.00239,0.00918
0.00116,0.00071,0.00040,0.00104,0.00229,0.00049,0.99290,0.00100
0.00070,0.00045,0.00035,0.00106,0.00253,0.00061,0.99326,0.00104
0.02194,0.00248,0.01226,0.00426,0.52348,0.00415,0.42691,0.00452
0.00395,0.00596,0.00158,0.00538,0.07122,0.05100,0.85843,0.00247
0.00309,0.00273,0.00349,0.00541,0.66883,0.00652,0.01042,0.29950
0.00446,0.00694,0.00597,0.00255,0.00137,0.01393,0.00237,0.96241
0.00324,0.00458,0.00651,0.00423,0.10685,0.00802,0.02245,0.84411
0.00266,0.00557,0.00445,0.00446,0.01025,0.66460,0.03391,0.27409
0.00147,0.00099,0.00092,0.00178,0.00192,0.00071,0.99101,0.00122
0.00517,0.00405,0.01114,0.94851,0.00706,0.00732,0.01492,0.00181
0.00242,0.00622,0.00566,0.00501,0.94605,0.00432,0.02535,0.00496
0.16986,0.00475,0.00759,0.00363,0.00879,0.00653,0.79158,0.00728
0.57426,0.00743,0.00918,0.00903,0.00785,0.00629,0.36710,0.01885
0.00309,0.00472,0.00492,0.00407,0.00318,0.00479,0.00353,0.97169
0.90713,0.00847,0.00346,0.00787,0.00912,0.01418,0.02444,0.02534
0.00532,0.00223,0.00341,0.00326,0.00227,0.00237,0.82727,0.15388
0.00286,0.00093,0.00049,0.00135,0.00266,0.00082,0.98935,0.00155
0.01420,0.00291,0.00585,0.00374,0.00329,0.00167,0.00418,0.96415
0.03784,0.01317,0.17206,0.00531,0.00547,0.00564,0.75658,0.00393
0.00192,0.00217,0.00269,0.00577,0.00098,0.00412,0.00278,0.97958
0.00051,0.00037,0.00039,0.00071,0.00090,0.00050,0.99569,0.00094
0.00711,0.00507,0.00605,0.00582,0.87890,0.00608,0.05651,0.03446
0.00159,0.00128,0.00224,0.00311,0.00173,0.00153,0.98723,0.00128
0.00274,0.00097,0.00256,0.00372,0.98311,0.00334,0.00133,0.00223
0.00345,0.00978,0.01030,0.00532,0.60626,0.01710,0.09445,0.25334
0.01206,0.00638,0.01233,0.00190,0.00431,0.02216,0.78928,0.15158
0.00054,0.00049,0.00040,0.00082,0.00121,0.00031,0.99532,0.00092
0.00411,0.00491,0.00589,0.00415,0.00171,0.01247,0.01127,0.95550
0.00142,0.00093,0.00085,0.00186,0.00189,0.00096,0.99054,0.00155
0.01869,0.01790,0.01132,0.01319,0.00974,0.01575,0.85528,0.05813
0.00054,0.00035,0.00022,0.00055,0.00149,0.00019,0.99599,0.00067
0.01795,0.00851,0.00807,0.00704,0.01451,0.00402,0.00856,0.93133
0.00775,0.00364,0.00546,0.00210,0.89860,0.00405,0.06055,0.01785
0.01296,0.00488,0.02822,0.00500,0.00402,0.00706,0.46781,0.47005
0.07763,0.00725,0.06107,0.02119,0.01928,0.01123,0.70014,0.10221
0.00079,0.00044,0.00039,0.00076,0.00198,0.00040,0.99389,0.00135
0.00274,0.00356,0.00240,0.00330,0.00228,0.00551,0.00240,0.97780
0.00826,0.00316,0.00516,0.00255,0.00298,0.00383,0.00397,0.97010
0.00355,0.00330,0.00336,0.00300,0.00339,0.00431,0.00271,0.97637
0.00120,0.00142,0.00244,0.00261,0.00156,0.00293,0.00201,0.98584
0.00374,0.00340,0.00436,0.00432,0.00271,0.00734,0.25280,0.72133
0.01475,0.00471,0.00184,0.00373,0.12233,0.00397,0.00681,0.84186
0.01273,0.00767,0.00304,0.00299,0.00455,0.00845,0.01140,0.94917
0.00112,0.00045,0.00045,0.00145,0.00230,0.00065,0.99244,0.00115
0.00129,0.00050,0.00049,0.00055,0.00099,0.00047,0.99525,0.00046
0.95754,0.00327,0.00653,0.00359,0.00253,0.00424,0.00980,0.01249
0.00418,0.01062,0.00385,0.00282,0.00261,0.96828,0.00582,0.00182
0.00379,0.00506,0.00740,0.00201,0.00247,0.00365,0.97193,0.00369
0.00227,0.00154,0.00199,0.00286,0.00467,0.00430,0.92848,0.05389
0.00272,0.00254,0.00756,0.00537,0.00226,0.00280,0.00612,0.97063
0.00655,0.00171,0.00555,0.00254,0.96841,0.00228,0.00297,0.00998
0.00291,0.00244,0.00534,0.00824,0.96490,0.00356,0.00496,0.00766
0.00071,0.00053,0.00036,0.00052,0.00121,0.00053,0.99554,0.00059
0.00558,0.00228,0.00193,0.01766,0.00262,0.00204,0.95636,0.01152
0.01132,0.00693,0.00877,0.00863,0.00370,0.01010,0.50789,0.44267
0.00149,0.00066,0.00046,0.00134,0.00200,0.00082,0.99202,0.00121
0.00178,0.01084,0.00925,0.00495,0.00160,0.00306,0.00231,0.96621
0.00547,0.00190,0.00353,0.00873,0.96917,0.00266,0.00410,0.00444
0.00860,0.02353,0.71702,0.00181,0.01060,0.00444,0.22768,0.00633
0.00975,0.00206,0.00404,0.01439,0.86341,0.00194,0.09873,0.00568
0.00636,0.00421,0.00496,0.01179,0.00608,0.00427,0.79397,0.16836
0.00096,0.00400,0.00191,0.00341,0.00148,0.00855,0.00711,0.97257
0.00341,0.03158,0.00408,0.00333,0.00477,0.01325,0.01962,0.91996
0.00052,0.00036,0.00026,0.00034,0.00073,0.00036,0.99702,0.00041
0.00451,0.00583,0.00476,0.00901,0.46809,0.00808,0.32243,0.17729
0.00231,0.00351,0.00495,0.01358,0.41878,0.00504,0.54792,0.00391
0.01643,0.00428,0.01224,0.00675,0.01283,0.01155,0.10949,0.82642
0.00402,0.00102,0.00088,0.00332,0.00707,0.00136,0.97960,0.00273
0.00908,0.00745,0.00482,0.00579,0.01246,0.00570,0.91731,0.03738
0.00435,0.00403,0.00988,0.01948,0.92295,0.00375,0.02297,0.01258
0.00274,0.00466,0.00426,0.00261,0.97613,0.00251,0.00329,0.00380
0.00082,0.00031,0.00033,0.00038,0.00073,0.00029,0.99673,0.00041
0.00246,0.00300,0.00292,0.00162,0.00275,0.00402,0.00269,0.98053
0.00948,0.00295,0.00894,0.00334,0.04140,0.00487,0.47768,0.45134
0.00620,0.00308,0.00445,0.01533,0.47435,0.00415,0.47278,0.01967
0.02183,0.00877,0.01485,0.02792,0.63527,0.01090,0.00843,0.27203
0.00318,0.00302,0.00125,0.00397,0.00272,0.00139,0.98201,0.00246
0.00049,0.00039,0.00047,0.00083,0.00331,0.00048,0.99228,0.00174
0.00516,0.00312,0.00585,0.00997,0.15826,0.00678,0.77711,0.03375
0.01100,0.00546,0.00625,0.00565,0.00421,0.65262,0.00415,0.31066
0.00313,0.00264,0.00310,0.00552,0.00886,0.00178,0.97039,0.00458
0.00187,0.00185,0.00615,0.00155,0.96742,0.00603,0.00603,0.00910
0.00039,0.00019,0.00017,0.00024,0.00080,0.00020,0.99754,0.00047
0.00409,0.00380,0.00190,0.00262,0.45379,0.00645,0.51671,0.01063
0.00357,0.00457,0.00683,0.00306,0.00374,0.00558,0.06205,0.91059
0.62603,0.00908,0.00765,0.01305,0.00552,0.02876,0.10183,0.20808
0.00216,0.00208,0.00368,0.00353,0.02482,0.00629,0.43375,0.52369
0.00297,0.00125,0.00105,0.00216,0.00374,0.00114,0.98377,0.00392
0.00195,0.00083,0.98597,0.00107,0.00284,0.00223,0.00369,0.00143
0.00184,0.00436,0.00456,0.00210,0.00211,0.00720,0.00688,0.97096
0.01876,0.00486,0.01505,0.01336,0.18964,0.00675,0.01484,0.73673
0.00102,0.00040,0.00024,0.00068,0.00122,0.00036,0.99490,0.00118
0.00476,0.00379,0.01619,0.02702,0.01155,0.01256,0.24993,0.67420
0.00219,0.00242,0.00237,0.00198,0.00712,0.00367,0.97430,0.00595
0.00251,0.00182,0.00284,0.00336,0.00458,0.00410,0.96863,0.01216
0.00803,0.00283,0.01119,0.00382,0.73804,0.00859,0.00389,0.22362
0.00282,0.00400,0.00600,0.03969,0.00675,0.00557,0.18380,0.75138
0.00084,0.00052,0.00052,0.00114,0.00361,0.00075,0.99122,0.00140
0.00064,0.00050,0.00031,0.00050,0.00139,0.00036,0.99559,0.00070
0.00596,0.00199,0.00379,0.00547,0.28807,0.00662,0.68263,0.00548
0.00941,0.00411,0.01047,0.00534,0.05229,0.00439,0.03231,0.88168
0.00994,0.01181,0.00485,0.00762,0.32630,0.32633,0.00758,0.30556
0.86706,0.02280,0.00601,0.00535,0.01627,0.00751,0.03183,0.04317
0.00292,0.00100,0.00074,0.00435,0.00329,0.00174,0.98292,0.00303
0.00722,0.00724,0.03765,0.00491,0.00232,0.26380,0.67143,0.00545
0.03496,0.02629,0.01098,0.02727,0.36760,0.00985,0.51474,0.00832
0.00581,0.02853,0.00481,0.00609,0.00403,0.00509,0.72482,0.22081
0.00092,0.00071,0.00039,0.00041,0.00152,0.00041,0.99462,0.00101
0.00687,0.00659,0.02475,0.01186,0.00817,0.01293,0.08561,0.84323
0.00115,0.00112,0.00139,0.00112,0.99039,0.00131,0.00113,0.00239
0.00106,0.00062,0.00045,0.00116,0.00378,0.00056,0.99096,0.00141
0.00827,0.01208,0.01826,0.00351,0.00236,0.04343,0.90482,0.00728
0.00090,0.00047,0.00044,0.00093,0.00256,0.00051,0.99340,0.00078
0.00082,0.00043,0.00032,0.00067,0.00141,0.00047,0.99525,0.00064
0.00447,0.01020,0.00472,0.00309,0.00259,0.01118,0.00233,0.96142
0.00218,0.00564,0.00408,0.03247,0.00724,0.00520,0.87472,0.06847
0.00113,0.00085,0.00072,0.00105,0.00138,0.00107,0.99272,0.00108
0.00097,0.00082,0.00066,0.00099,0.00112,0.00078,0.99284,0.00183
0.00114,0.00060,0.00096,0.00112,0.00270,0.00078,0.99134,0.00135
0.00813,0.03256,0.01413,0.01206,0.00458,0.01455,0.65234,0.26164
0.01445,0.00941,0.00707,0.00722,0.64837,0.00698,0.01000,0.29649
0.00261,0.00166,0.00384,0.00709,0.00151,0.00236,0.00082,0.98012
0.00114,0.00069,0.00037,0.00071,0.00211,0.00060,0.99316,0.00123
0.00119,0.00136,0.00119,0.00198,0.00207,0.00092,0.98917,0.00211
0.00546,0.00859,0.01199,0.01678,0.01346,0.00784,0.38242,0.55347
0.00197,0.00313,0.01735,0.00640,0.67130,0.00246,0.00584,0.29155
0.00412,0.00317,0.70283,0.00236,0.00627,0.00954,0.22678,0.04494
0.00264,0.00313,0.00968,0.00343,0.00568,0.00456,0.96440,0.00648
0.01142,0.00437,0.00651,0.00705,0.94907,0.00343,0.00360,0.01455
0.00123,0.00063,0.00070,0.00145,0.00809,0.00078,0.98537,0.00175
0.00538,0.00265,0.00160,0.00245,0.95033,0.03003,0.00324,0.00433
0.01335,0.00474,0.00497,0.00700,0.84124,0.01254,0.10205,0.01410
0.00194,0.00060,0.00073,0.00128,0.00857,0.00097,0.98257,0.00334
0.00136,0.00136,0.00069,0.00096,0.00085,0.00059,0.99345,0.00074
0.00892,0.00334,0.00774,0.00413,0.19414,0.00469,0.77352,0.00352
0.00199,0.00171,0.98709,0.00175,0.00133,0.00230,0.00283,0.00101
0.00100,0.00105,0.00045,0.00125,0.00271,0.00060,0.99154,0.00140
0.00283,0.00234,0.00201,0.00363,0.97520,0.01128,0.00177,0.00094
0.00300,0.00207,0.00229,0.00221,0.98467,0.00178,0.00134,0.00264
0.00989,0.01587,0.00415,0.01044,0.47213,0.00738,0.01109,0.46905
0.00796,0.00583,0.00840,0.00597,0.18139,0.00640,0.11535,0.66871
0.00159,0.00075,0.00185,0.00142,0.00187,0.00142,0.99024,0.00086
0.00432,0.01382,0.00644,0.01080,0.00291,0.01071,0.23168,0.71932
0.00142,0.00079,0.00045,0.00138,0.00172,0.00074,0.99250,0.00100
0.00129,0.00095,0.00120,0.00128,0.00219,0.00156,0.99000,0.00152
0.00198,0.00240,0.00259,0.00379,0.00119,0.00732,0.00227,0.97845
0.00964,0.00386,0.03239,0.00162,0.00169,0.00494,0.94391,0.00195
0.00213,0.00193,0.00330,0.00247,0.98432,0.00179,0.00212,0.00195
0.00060,0.00030,0.00020,0.00033,0.00098,0.00029,0.99685,0.00045
0.00716,0.00411,0.00504,0.01590,0.44188,0.00601,0.51064,0.00926
0.00639,0.01133,0.00318,0.00595,0.95219,0.01039,0.00183,0.00873
0.00151,0.00091,0.00057,0.00125,0.00129,0.00088,0.99149,0.00210
0.00259,0.00086,0.00207,0.00176,0.98903,0.00078,0.00097,0.00195
0.00366,0.00433,0.00477,0.00640,0.00423,0.00850,0.00727,0.96084
0.00900,0.00427,0.00250,0.01164,0.02701,0.00215,0.93950,0.00391
0.00541,0.00320,0.00375,0.00352,0.00853,0.00415,0.55799,0.41345
0.00102,0.00078,0.00077,0.00144,0.00180,0.00082,0.99220,0.00117
0.00195,0.00190,0.00286,0.00324,0.97747,0.00591,0.00198,0.00471
0.00056,0.00037,0.00017,0.00049,0.00148,0.00037,0.99581,0.00073
0.00268,0.00398,0.00310,0.00372,0.92307,0.00353,0.04295,0.01697
0.00159,0.00116,0.00364,0.00213,0.98406,0.00087,0.00207,0.00448
0.00982,0.00571,0.00761,0.01343,0.00854,0.01364,0.24418,0.69707
0.00058,0.00039,0.00026,0.00035,0.00090,0.00034,0.99664,0.00053
0.00125,0.00118,0.00093,0.00237,0.00443,0.00154,0.98646,0.00184
0.00167,0.00127,0.00138,0.00088,0.00100,0.00078,0.99214,0.00087
0.00549,0.01572,0.00756,0.00700,0.00486,0.01291,0.81408,0.13239
0.00474,0.00121,0.00692,0.00265,0.97815,0.00115,0.00243,0.00275
0.00170,0.00103,0.00076,0.00163,0.00227,0.00108,0.98961,0.00193
0.00078,0.00034,0.00031,0.00037,0.00199,0.00043,0.99519,0.00060
0.00156,0.00081,0.00076,0.00100,0.00435,0.00086,0.98856,0.00211
0.15831,0.00818,0.00384,0.00577,0.00463,0.01646,0.55930,0.24351
0.00148,0.00090,0.00121,0.00300,0.00301,0.00115,0.98731,0.00194
0.00083,0.00033,0.00024,0.00053,0.00102,0.00031,0.99612,0.00062
0.00326,0.00214,0.00293,0.00291,0.98216,0.00146,0.00242,0.00273
0.00208,0.00485,0.00476,0.00350,0.96807,0.00390,0.00962,0.00321
0.93707,0.01987,0.00831,0.00481,0.00330,0.01945,0.00253,0.00467
0.03531,0.02375,0.00710,0.00899,0.00494,0.01309,0.90159,0.00523
0.00275,0.00183,0.00116,0.00129,0.00358,0.00164,0.98362,0.00413
0.00457,0.01071,0.01001,0.06539,0.00376,0.09557,0.80653,0.00346
0.00099,0.00071,0.00053,0.00096,0.00181,0.00080,0.99344,0.00078
0.16325,0.01108,0.02119,0.00994,0.01605,0.00556,0.75722,0.01571
0.00227,0.00288,0.00526,0.01595,0.01068,0.00389,0.85879,0.10027
0.00573,0.00251,0.00121,0.00210,0.97917,0.00249,0.00400,0.00280
0.00196,0.00402,0.01178,0.00302,0.00193,0.00584,0.00490,0.96653
0.00212,0.00257,0.00244,0.00630,0.00208,0.00207,0.97825,0.00417
0.00159,0.00261,0.00303,0.00510,0.00101,0.00328,0.00090,0.98248
0.00226,0.00308,0.01424,0.00563,0.00182,0.00553,0.00342,0.96404
0.00280,0.00222,0.00362,0.00240,0.97485,0.00161,0.00296,0.00954
0.00260,0.00153,0.00324,0.00326,0.00378,0.00540,0.93319,0.04700
0.00235,0.00407,0.00529,0.00407,0.83072,0.00581,0.01144,0.13625
0.00360,0.00335,0.00869,0.00278,0.00545,0.02161,0.45878,0.49573
0.82104,0.01442,0.00958,0.02530,0.01581,0.02984,0.05067,0.03334
0.00228,0.00246,0.00178,0.00693,0.00480,0.00272,0.96800,0.01102
0.00425,0.00261,0.00225,0.00991,0.05517,0.00496,0.91104,0.00981
0.00136,0.00140,0.00170,0.01013,0.01421,0.00475,0.96351,0.00293
0.00100,0.00065,0.00037,0.00075,0.00135,0.00049,0.99477,0.00062
0.00372,0.00351,0.48259,0.00581,0.00403,0.00412,0.49404,0.00218
0.01051,0.00847,0.00567,0.01457,0.88684,0.00470,0.06171,0.00753
0.92278,0.01154,0.02355,0.01244,0.00437,0.00814,0.00970,0.00749
0.00850,0.01282,0.00885,0.00418,0.16975,0.03502,0.71180,0.04908
0.00326,0.00280,0.02363,0.02623,0.01020,0.00517,0.16956,0.75913
0.00398,0.00413,0.00511,0.00458,0.03989,0.00513,0.00551,0.93167
0.00512,0.01522,0.00244,0.00401,0.19010,0.02669,0.72963,0.02678
0.95338,0.00323,0.00547,0.00217,0.00542,0.00406,0.00432,0.02194
0.00117,0.00642,0.00334,0.00813,0.00115,0.01061,0.00246,0.96672
0.00571,0.00534,0.00213,0.01110,0.00552,0.00568,0.20087,0.76364
0.00662,0.00245,0.00313,0.00458,0.02645,0.00318,0.66020,0.29338
0.00281,0.00239,0.00481,0.00224,0.69629,0.00449,0.00479,0.28218
0.00430,0.00309,0.00330,0.00340,0.00636,0.00395,0.16035,0.81524
0.00539,0.00280,0.00326,0.00432,0.00345,0.00432,0.97405,0.00242
0.00377,0.01674,0.02198,0.00843,0.00614,0.91826,0.01929,0.00539
0.00570,0.00318,0.00256,0.00363,0.43742,0.00366,0.52790,0.01595
0.00687,0.00356,0.00688,0.01262,0.12451,0.00340,0.82755,0.01460
0.00482,0.00487,0.01211,0.01755,0.02694,0.01339,0.79798,0.12235
0.00264,0.00123,0.00105,0.00413,0.00908,0.00196,0.97608,0.00382
0.00297,0.00257,0.01094,0.00826,0.00438,0.00670,0.90805,0.05613
0.00441,0.00497,0.00423,0.00661,0.00532,0.00703,0.94526,0.02217
0.00560,0.01066,0.79390,0.00307,0.00376,0.01576,0.16524,0.00200
0.00319,0.00164,0.00201,0.00465,0.00209,0.00138,0.98133,0.00371
0.62343,0.19806,0.00492,0.00508,0.00399,0.00732,0.15175,0.00545
0.00314,0.00353,0.00438,0.01116,0.02375,0.00496,0.92305,0.02602
0.00221,0.00125,0.00093,0.00147,0.01073,0.00162,0.97881,0.00297
0.00820,0.00662,0.00526,0.00589,0.09301,0.00696,0.53855,0.33551
0.00199,0.00279,0.00474,0.00286,0.00296,0.00664,0.40950,0.56852
0.01753,0.00788,0.00513,0.01449,0.04488,0.04139,0.35364,0.51506
0.00250,0.00205,0.00244,0.00164,0.98672,0.00101,0.00135,0.00229
0.00070,0.00032,0.00022,0.00042,0.00098,0.00026,0.99658,0.00052
0.00665,0.00810,0.00656,0.00394,0.00353,0.00678,0.00393,0.96050
0.00200,0.00074,0.00078,0.00154,0.00284,0.00126,0.98916,0.00167
0.00245,0.00573,0.01103,0.00314,0.00238,0.00687,0.00626,0.96215
0.00977,0.01650,0.00857,0.01103,0.00685,0.02000,0.33711,0.59018
0.00050,0.00051,0.00050,0.00067,0.00195,0.00042,0.99492,0.00054
0.00060,0.00043,0.00033,0.00055,0.00146,0.00041,0.99554,0.00067
0.00885,0.00351,0.00152,0.00217,0.97110,0.00601,0.00303,0.00383
0.00345,0.00747,0.00774,0.01145,0.87350,0.00750,0.03308,0.05580
0.00212,0.00335,0.00438,0.00336,0.00332,0.00536,0.00234,0.97578
0.01411,0.00472,0.01269,0.00615,0.00827,0.92823,0.01730,0.00852
0.00623,0.00356,0.00682,0.00726,0.00536,0.00471,0.00548,0.96058
0.00229,0.00196,0.00753,0.00185,0.00165,0.98222,0.00115,0.00135
