0.26675,0.09535,0.00036,0.10415,0.00000,0.04603,0.00976,0.00050,0.00067,0.00000,0.22118,0.25525
0.08992,0.04302,0.00409,0.12119,0.00000,0.02110,0.11093,0.23403,0.00031,0.00000,0.37343,0.00199
0.00004,0.01200,0.15217,0.24250,0.00000,0.00002,0.00041,0.00000,0.01368,0.00105,0.09612,0.48200
0.00000,0.00037,0.00020,0.16047,0.00000,0.19482,0.03932,0.00000,0.03318,0.00000,0.51263,0.05901
0.00000,0.07386,0.00000,0.66700,0.00000,0.04314,0.21538,0.00000,0.00021,0.00000,0.00040,0.00000
0.02764,0.08110,0.00766,0.14608,0.00395,0.00021,0.00152,0.01172,0.00041,0.00000,0.44171,0.27798
0.31974,0.00545,0.03424,0.04886,0.00041,0.00446,0.01461,0.00000,0.10344,0.42880,0.00371,0.03627
0.01319,0.00001,0.03930,0.52809,0.00000,0.04193,0.00597,0.00000,0.17018,0.00004,0.18787,0.01342
0.01145,0.16201,0.00330,0.00005,0.00000,0.20028,0.00000,0.00000,0.00000,0.00000,0.19620,0.42672
0.03443,0.16343,0.00000,0.09419,0.00000,0.03010,0.00000,0.00924,0.06775,0.00000,0.09897,0.50188
0.02306,0.12573,0.00376,0.08177,0.00000,0.61716,0.00000,0.00575,0.00003,0.00000,0.08791,0.05482
0.00000,0.00177,0.11856,0.00160,0.00000,0.02433,0.00000,0.16328,0.16765,0.00000,0.22920,0.29361
0.00002,0.00212,0.01003,0.40664,0.00000,0.00369,0.03330,0.00557,0.00000,0.00000,0.21075,0.32789
0.00000,0.03461,0.00000,0.24362,0.00000,0.00299,0.00599,0.03672,0.01014,0.00032,0.29215,0.37345
0.06371,0.08632,0.00016,0.20380,0.00000,0.00421,0.37613,0.00000,0.11402,0.00000,0.03117,0.12049
0.00003,0.00057,0.09817,0.41338,0.00000,0.04580,0.00000,0.00000,0.03270,0.22569,0.12338,0.06028
0.00068,0.09332,0.00011,0.24593,0.00000,0.12957,0.00000,0.00024,0.00020,0.01544,0.09715,0.41736
0.00004,0.00002,0.00048,0.16216,0.00000,0.49082,0.01436,0.00000,0.03901,0.00000,0.07261,0.22051
0.09440,0.00006,0.00023,0.48252,0.00000,0.00698,0.08508,0.00000,0.05997,0.00000,0.25308,0.01769
0.24263,0.00270,0.00088,0.07657,0.00000,0.00000,0.00546,0.01827,0.42044,0.00000,0.05416,0.17890
0.02488,0.00025,0.08997,0.18922,0.00000,0.01362,0.00000,0.00048,0.00073,0.00523,0.24669,0.42891
0.00013,0.00043,0.00090,0.27095,0.00000,0.00000,0.00177,0.33525,0.08940,0.00376,0.21530,0.08212
0.49857,0.14814,0.00704,0.18947,0.00000,0.12673,0.00000,0.01318,0.00056,0.00004,0.00491,0.01135
0.04201,0.00290,0.00729,0.01397,0.00000,0.65627,0.00007,0.00003,0.00000,0.00000,0.07926,0.19820
0.00147,0.03158,0.14050,0.23582,0.00000,0.03778,0.00001,0.00001,0.09004,0.00000,0.43774,0.02505
0.04097,0.00322,0.00000,0.81633,0.00000,0.00002,0.00000,0.00024,0.00022,0.00000,0.00468,0.13430
0.00364,0.00042,0.13216,0.40848,0.00000,0.00981,0.00004,0.00000,0.00000,0.00000,0.23669,0.20876
0.04041,0.01080,0.00068,0.25935,0.00000,0.00000,0.00005,0.00000,0.01545,0.00000,0.53514,0.13812
0.00165,0.00266,0.01857,0.69274,0.00000,0.00000,0.00000,0.00000,0.00016,0.00065,0.12524,0.15833
0.00000,0.05321,0.17471,0.06525,0.00000,0.00217,0.00387,0.00000,0.08647,0.00000,0.04955,0.56477
0.00022,0.00337,0.04133,0.66677,0.00000,0.00162,0.00027,0.00003,0.01601,0.00000,0.18783,0.08256
0.11813,0.00000,0.00333,0.18388,0.00000,0.00015,0.00000,0.14353,0.00298,0.00000,0.30608,0.24192
0.10628,0.78143,0.00151,0.03285,0.00011,0.02237,0.02462,0.00000,0.00292,0.00000,0.02689,0.00100
0.01479,0.01401,0.00300,0.50247,0.00000,0.00291,0.00000,0.00000,0.04981,0.00000,0.20219,0.21082
0.00000,0.18146,0.00000,0.48245,0.00000,0.00001,0.00000,0.00000,0.00002,0.00069,0.15427,0.18109
0.00038,0.24551,0.00051,0.42069,0.00000,0.00402,0.05504,0.00000,0.00291,0.00000,0.02109,0.24985
0.00044,0.00418,0.00000,0.15265,0.00002,0.04017,0.00001,0.17609,0.00001,0.00000,0.47649,0.14993
0.00436,0.00292,0.02187,0.55953,0.00000,0.00084,0.00000,0.00001,0.01732,0.00000,0.03269,0.36047
0.15577,0.01817,0.04628,0.05772,0.00000,0.09414,0.00151,0.00834,0.00052,0.00000,0.55780,0.05976
0.02450,0.01538,0.00064,0.24940,0.00076,0.00023,0.00000,0.03091,0.00583,0.00011,0.64803,0.02421
0.08223,0.07719,0.15480,0.15971,0.00025,0.09652,0.00000,0.00000,0.01497,0.00000,0.34530,0.06902
0.00000,0.43477,0.00093,0.16700,0.00000,0.00344,0.15710,0.00000,0.04384,0.00000,0.18438,0.00854
0.02435,0.03354,0.23823,0.39150,0.00000,0.05207,0.03082,0.00000,0.07333,0.00000,0.11166,0.04450
0.00242,0.00398,0.00709,0.04559,0.00055,0.00274,0.00000,0.00001,0.13644,0.00000,0.37290,0.42829
0.55684,0.01731,0.00043,0.05722,0.00000,0.00898,0.13308,0.01153,0.00019,0.00000,0.20479,0.00963
0.00000,0.03073,0.00385,0.20640,0.00001,0.01172,0.00000,0.51465,0.00000,0.00000,0.14452,0.08812
0.00000,0.00001,0.00069,0.12615,0.00000,0.00000,0.00000,0.00000,0.00020,0.00001,0.86530,0.00765
0.00022,0.13383,0.03464,0.14875,0.00000,0.00002,0.00000,0.00001,0.29015,0.00000,0.32422,0.06816
0.00006,0.37925,0.13641,0.17017,0.00000,0.01945,0.00005,0.19883,0.00290,0.00000,0.08193,0.01096
0.10223,0.03109,0.06707,0.00282,0.19633,0.00099,0.08678,0.02024,0.01040,0.00000,0.48077,0.00128
0.00359,0.05141,0.00510,0.43526,0.19252,0.00128,0.02923,0.00009,0.02540,0.00000,0.24120,0.01494
0.01946,0.00063,0.00029,0.28539,0.00000,0.00005,0.04651,0.00000,0.00010,0.00000,0.34012,0.30746
0.00946,0.16547,0.02035,0.19918,0.00000,0.00004,0.00000,0.00000,0.00071,0.00000,0.53172,0.07307
0.03733,0.00035,0.00000,0.12244,0.00000,0.13028,0.00068,0.00000,0.01278,0.00000,0.63986,0.05627
0.03299,0.00008,0.00005,0.28681,0.00000,0.23557,0.18660,0.00000,0.00853,0.00000,0.13581,0.11356
0.00000,0.05541,0.00038,0.09527,0.00000,0.00893,0.13458,0.00010,0.00522,0.00000,0.43448,0.26562
0.13808,0.10492,0.09820,0.43202,0.00000,0.00420,0.05372,0.00035,0.00744,0.00000,0.02439,0.13667
0.00000,0.19922,0.00143,0.29868,0.00023,0.20334,0.00001,0.00002,0.00023,0.00000,0.09924,0.19760
0.03218,0.00122,0.01360,0.76626,0.00000,0.11086,0.02649,0.00256,0.00350,0.00000,0.00707,0.03626
0.00001,0.14244,0.10388,0.21904,0.00000,0.00006,0.00763,0.01412,0.00151,0.00000,0.13095,0.38036
0.36225,0.06056,0.00006,0.20906,0.00000,0.00004,0.00044,0.03615,0.01162,0.00000,0.28588,0.03393
0.00000,0.03814,0.05870,0.23826,0.00000,0.00000,0.13705,0.08751,0.00000,0.00000,0.25670,0.18364
0.00110,0.15093,0.00001,0.12796,0.00000,0.00003,0.06190,0.00072,0.00496,0.00000,0.60798,0.04440
0.01331,0.00040,0.00222,0.12648,0.00000,0.00086,0.26860,0.00000,0.46190,0.00000,0.10760,0.01863
0.00038,0.00199,0.01342,0.24797,0.00000,0.00576,0.00000,0.02041,0.00002,0.00000,0.33329,0.37674
0.00011,0.00865,0.04816,0.51256,0.00000,0.01268,0.00679,0.07201,0.01409,0.04777,0.05347,0.22371
0.00896,0.08769,0.00000,0.29136,0.00000,0.14949,0.00000,0.01761,0.00004,0.00032,0.30365,0.14088
0.00017,0.10131,0.00017,0.47166,0.00000,0.04367,0.00000,0.00149,0.00061,0.00000,0.37350,0.00742
0.00000,0.34710,0.00000,0.28444,0.00000,0.03440,0.00017,0.12156,0.00246,0.00000,0.10537,0.10450
0.00039,0.00000,0.12740,0.20685,0.00001,0.19653,0.00023,0.00000,0.00012,0.00001,0.42541,0.04306
0.00230,0.00430,0.09468,0.53739,0.00000,0.28211,0.00000,0.01151,0.00513,0.00000,0.05686,0.00572
0.10477,0.00175,0.37035,0.40359,0.00000,0.00377,0.00007,0.00000,0.00968,0.00000,0.09772,0.00831
0.00000,0.00070,0.36340,0.13079,0.00195,0.00819,0.00017,0.00000,0.00003,0.00000,0.39642,0.09835
0.18081,0.14403,0.02606,0.41695,0.00000,0.08873,0.00004,0.00000,0.00036,0.00880,0.10584,0.02838
0.02005,0.07750,0.04764,0.06713,0.00000,0.11120,0.00000,0.00971,0.14897,0.00000,0.49229,0.02550
0.00000,0.42118,0.20411,0.06913,0.00000,0.00037,0.00000,0.00009,0.00008,0.00083,0.28767,0.01656
0.00000,0.00486,0.00000,0.02105,0.00000,0.33892,0.17827,0.00030,0.17136,0.00000,0.26647,0.01876
0.04738,0.08007,0.00018,0.02105,0.00000,0.28001,0.00031,0.00001,0.00009,0.00000,0.52435,0.04656
0.01324,0.27231,0.02721,0.31731,0.00000,0.01120,0.00276,0.00000,0.00000,0.31660,0.01550,0.02386
0.01459,0.00066,0.00009,0.35294,0.00000,0.30355,0.00000,0.00000,0.00296,0.00000,0.15521,0.17000
0.00003,0.00000,0.63679,0.27838,0.00000,0.00000,0.00000,0.00002,0.00362,0.00000,0.08074,0.00043
0.00004,0.10379,0.00165,0.17513,0.00000,0.21175,0.00000,0.00026,0.38204,0.00000,0.00010,0.12524
0.02187,0.01114,0.06350,0.01050,0.00000,0.00018,0.00000,0.00592,0.36339,0.00000,0.25711,0.26639
0.14681,0.08147,0.02029,0.62985,0.00000,0.00239,0.00000,0.00000,0.01343,0.00002,0.08123,0.02451
0.05414,0.01414,0.16168,0.09572,0.00029,0.01300,0.15397,0.00001,0.02256,0.00000,0.29793,0.18655
0.00012,0.20144,0.00000,0.47335,0.04770,0.01946,0.02486,0.00389,0.02749,0.00000,0.07067,0.13102
0.00339,0.02503,0.00017,0.48481,0.00149,0.00513,0.00000,0.00000,0.00030,0.00000,0.45420,0.02548
0.00031,0.00091,0.00004,0.04084,0.00000,0.00242,0.01037,0.58362,0.00043,0.00000,0.22624,0.13481
0.00000,0.00741,0.00007,0.05779,0.00000,0.00013,0.49778,0.00098,0.00008,0.00000,0.18818,0.24757
0.00387,0.00002,0.00024,0.31321,0.00000,0.00056,0.08600,0.00000,0.00833,0.00000,0.57499,0.01278
0.00506,0.31507,0.00027,0.05004,0.00000,0.19769,0.00001,0.00000,0.01025,0.00000,0.15573,0.26587
0.28672,0.21100,0.00000,0.11547,0.00002,0.01679,0.00000,0.00000,0.05509,0.03333,0.02414,0.25744
0.00000,0.25460,0.00000,0.09039,0.00000,0.21771,0.01350,0.00000,0.00272,0.15088,0.26041,0.00978
0.06793,0.01277,0.01644,0.15570,0.00000,0.00010,0.00001,0.00001,0.00010,0.00000,0.64460,0.10235
0.00207,0.00065,0.00002,0.28596,0.00000,0.18876,0.08251,0.00000,0.30911,0.00000,0.12078,0.01014
0.00008,0.00084,0.14240,0.08495,0.00000,0.18160,0.12599,0.00000,0.22449,0.00000,0.22026,0.01938
0.28812,0.00026,0.02916,0.42952,0.00000,0.00080,0.00000,0.00000,0.00000,0.00000,0.25156,0.00059
0.36691,0.14502,0.13954,0.20992,0.00000,0.00615,0.02104,0.00029,0.00000,0.00000,0.05100,0.06013
0.00000,0.14033,0.16403,0.40820,0.00000,0.00004,0.00000,0.00001,0.00632,0.00000,0.09233,0.18874
0.01051,0.02237,0.00001,0.42851,0.00000,0.33871,0.00107,0.00466,0.00104,0.00000,0.18531,0.00782
0.00022,0.00009,0.00107,0.29138,0.00000,0.02309,0.00000,0.00000,0.00000,0.00000,0.31294,0.37121
0.00758,0.02035,0.00002,0.13931,0.30173,0.25941,0.00000,0.00029,0.00068,0.00000,0.00726,0.26338
0.05438,0.00011,0.00000,0.16692,0.00000,0.00459,0.00046,0.00002,0.34174,0.00000,0.25072,0.18106
0.00000,0.03378,0.00137,0.34109,0.00000,0.10103,0.06559,0.00000,0.00129,0.00000,0.42091,0.03494
0.01322,0.21229,0.31870,0.08819,0.00000,0.00000,0.00599,0.00045,0.00002,0.00000,0.29558,0.06555
0.00710,0.00180,0.00000,0.78380,0.00000,0.00350,0.00000,0.00000,0.09240,0.00000,0.00451,0.10690
0.04669,0.08206,0.01474,0.09304,0.00000,0.00085,0.00000,0.00216,0.00319,0.00000,0.73016,0.02712
0.03413,0.06079,0.00000,0.11421,0.22112,0.04910,0.00007,0.00023,0.00000,0.00000,0.50072,0.01961
0.00000,0.01238,0.11133,0.22280,0.00000,0.00276,0.01558,0.24362,0.00698,0.00000,0.38171,0.00284
0.00616,0.04285,0.02683,0.12494,0.00000,0.00935,0.05526,0.00002,0.25648,0.00000,0.00854,0.46958
0.00794,0.15499,0.00288,0.43815,0.00000,0.02424,0.00000,0.00000,0.01158,0.00000,0.03846,0.32175
0.00000,0.01044,0.06289,0.30093,0.00001,0.00037,0.05097,0.00471,0.00008,0.00000,0.56095,0.00865
0.00000,0.33553,0.00727,0.18576,0.00000,0.12915,0.00893,0.01659,0.00090,0.00000,0.24737,0.06850
0.00200,0.27757,0.00000,0.37887,0.00000,0.00223,0.00000,0.00000,0.00097,0.00000,0.03600,0.30236
0.00000,0.01021,0.26017,0.51880,0.00000,0.07839,0.00000,0.00002,0.00266,0.00000,0.12350,0.00624
0.00003,0.11063,0.10332,0.64688,0.00000,0.00107,0.00030,0.06132,0.00874,0.00000,0.05034,0.01737
0.00022,0.00588,0.00000,0.13056,0.00000,0.00060,0.00000,0.00000,0.00059,0.00000,0.70996,0.15218
0.00292,0.20267,0.01010,0.50294,0.00458,0.05239,0.00009,0.00000,0.00007,0.00000,0.14816,0.07608
0.00048,0.03178,0.00145,0.24070,0.00000,0.03793,0.01011,0.03115,0.07605,0.00000,0.46167,0.10868
0.00000,0.56775,0.00000,0.21212,0.00000,0.06284,0.00000,0.00000,0.00075,0.00000,0.15256,0.00397
0.00191,0.00118,0.01818,0.68053,0.00000,0.23736,0.00000,0.00000,0.00001,0.00000,0.06083,0.00000
0.00001,0.00001,0.00180,0.66475,0.09422,0.01238,0.00256,0.00051,0.00060,0.00000,0.19532,0.02784
0.07105,0.05377,0.00026,0.56364,0.00000,0.15562,0.11146,0.00000,0.01288,0.00000,0.01529,0.01602
0.14453,0.02633,0.00049,0.13797,0.00000,0.03134,0.00018,0.00000,0.00022,0.00000,0.17392,0.48502
0.00194,0.34598,0.00001,0.16218,0.00037,0.19654,0.00000,0.01093,0.00318,0.00000,0.07212,0.20675
0.01137,0.00604,0.03340,0.07487,0.00000,0.00056,0.00000,0.00000,0.41608,0.00064,0.11322,0.34382
0.00000,0.11872,0.06858,0.07899,0.00000,0.32510,0.00124,0.06964,0.02876,0.00018,0.07367,0.23513
0.00116,0.03815,0.00018,0.48243,0.00000,0.01480,0.12093,0.00014,0.33615,0.00002,0.00181,0.00422
0.00091,0.07117,0.13337,0.38944,0.00000,0.09027,0.00011,0.06021,0.05223,0.00000,0.07412,0.12817
0.08023,0.00008,0.38590,0.01263,0.03020,0.30826,0.00000,0.07385,0.05967,0.00000,0.03034,0.01885
0.13103,0.11160,0.00000,0.59655,0.00000,0.00327,0.00000,0.00004,0.02993,0.00000,0.11852,0.00906
0.00000,0.42126,0.20422,0.18565,0.00568,0.00690,0.00000,0.00106,0.00310,0.00069,0.14692,0.02450
0.08736,0.01504,0.55902,0.04182,0.00000,0.00018,0.04408,0.00038,0.00020,0.00000,0.20188,0.05004
0.33793,0.00009,0.00000,0.24490,0.00000,0.37951,0.00372,0.00139,0.00000,0.00000,0.00731,0.02516
0.12835,0.64816,0.00000,0.13031,0.00000,0.01728,0.00000,0.00144,0.00079,0.00119,0.02646,0.04602
0.00000,0.05079,0.00008,0.09389,0.00000,0.46957,0.00484,0.00000,0.36747,0.00000,0.01041,0.00295
0.16576,0.01059,0.24973,0.25411,0.00000,0.00000,0.00058,0.00293,0.09284,0.00000,0.21751,0.00595
0.00000,0.03833,0.00136,0.38191,0.00003,0.04597,0.00003,0.00005,0.00207,0.00000,0.06693,0.46332
0.00001,0.11879,0.00000,0.37425,0.00000,0.07623,0.00021,0.00000,0.15669,0.00000,0.23835,0.03547
0.00010,0.04066,0.28221,0.20391,0.00234,0.06897,0.16257,0.00000,0.00296,0.00000,0.11405,0.12223
0.00709,0.00021,0.00774,0.32705,0.00014,0.03590,0.07824,0.00371,0.13327,0.00000,0.27939,0.12726
0.00301,0.22963,0.00042,0.00734,0.00001,0.03915,0.05821,0.00000,0.01016,0.00000,0.26393,0.38813
0.00000,0.02397,0.00000,0.39867,0.00848,0.00602,0.00135,0.41382,0.02174,0.00000,0.05361,0.07233
0.06833,0.30448,0.15979,0.07156,0.00059,0.15366,0.00000,0.00091,0.00551,0.00000,0.02138,0.21381
0.00000,0.02419,0.00370,0.07343,0.25848,0.28230,0.00000,0.01278,0.00400,0.00072,0.32548,0.01491
0.01854,0.00398,0.42313,0.09173,0.00000,0.02100,0.07602,0.20497,0.00000,0.00000,0.01266,0.14797
0.23692,0.01087,0.05405,0.55629,0.00000,0.00136,0.00000,0.00440,0.00283,0.00009,0.04270,0.09049
0.00050,0.02192,0.01379,0.12201,0.00000,0.05276,0.00617,0.03734,0.02907,0.00000,0.42136,0.29507
0.07953,0.00281,0.00082,0.13470,0.00000,0.40267,0.00000,0.00000,0.01895,0.00000,0.34951,0.01101
0.00000,0.27676,0.00001,0.13788,0.00000,0.00009,0.00120,0.00162,0.00008,0.00000,0.09534,0.48701
0.00637,0.45668,0.04571,0.22924,0.00000,0.00000,0.00089,0.00000,0.00002,0.00000,0.01400,0.24709
0.00001,0.01031,0.18547,0.08098,0.00000,0.14295,0.00009,0.00000,0.00619,0.00000,0.26158,0.31243
0.00005,0.06733,0.00008,0.11735,0.00000,0.00041,0.00151,0.00000,0.00006,0.00000,0.80537,0.00784
0.00822,0.16767,0.21142,0.30490,0.00000,0.03163,0.00000,0.00042,0.03566,0.00000,0.00284,0.23725
0.00000,0.38187,0.00619,0.20358,0.00842,0.07135,0.00041,0.04648,0.00005,0.00000,0.00467,0.27699
0.00002,0.11455,0.04000,0.63539,0.00000,0.00103,0.00000,0.00000,0.01226,0.00000,0.18329,0.01346
0.00044,0.18385,0.28579,0.37797,0.00069,0.01231,0.00000,0.00000,0.00726,0.00000,0.04816,0.08352
0.00000,0.06791,0.00003,0.44821,0.00136,0.02372,0.00000,0.07512,0.01697,0.29609,0.00022,0.07037
0.09668,0.00332,0.32730,0.05561,0.00000,0.00292,0.00006,0.00000,0.04802,0.00000,0.44249,0.02360
0.02119,0.04926,0.00267,0.28185,0.00000,0.00541,0.00003,0.00011,0.03140,0.00000,0.59776,0.01033
0.00128,0.48284,0.00007,0.39756,0.00129,0.00083,0.00001,0.00702,0.00081,0.00000,0.05475,0.05354
0.10144,0.00111,0.08984,0.12634,0.00000,0.03099,0.00006,0.00165,0.04275,0.00000,0.59635,0.00946
0.00003,0.06429,0.00001,0.88383,0.00000,0.00360,0.00002,0.01075,0.00000,0.00000,0.00002,0.03745
0.00051,0.00157,0.00340,0.20661,0.00000,0.11149,0.00002,0.00000,0.03846,0.00001,0.61569,0.02224
0.00105,0.03304,0.00000,0.45008,0.00000,0.00022,0.00230,0.00000,0.01805,0.01183,0.37208,0.11133
0.00001,0.00523,0.00050,0.36579,0.16153,0.01145,0.00125,0.03300,0.00849,0.00000,0.08703,0.32572
0.00096,0.13433,0.00000,0.33259,0.00000,0.00000,0.00004,0.00000,0.21952,0.02441,0.23135,0.05681
0.00000,0.00686,0.08477,0.58931,0.00004,0.00000,0.00064,0.00000,0.07239,0.00000,0.10439,0.14159
0.12195,0.00005,0.00815,0.36728,0.00087,0.02796,0.00000,0.01983,0.00000,0.00444,0.39215,0.05732
0.00011,0.19974,0.01038,0.35083,0.00000,0.00216,0.19092,0.05892,0.00682,0.00000,0.07306,0.10706
0.00784,0.01188,0.00003,0.79917,0.00000,0.00270,0.01420,0.10780,0.00223,0.00000,0.04035,0.01381
0.05798,0.50139,0.16046,0.12561,0.00000,0.01234,0.01621,0.00002,0.00004,0.00000,0.11595,0.01001
0.00000,0.03132,0.00062,0.60145,0.00000,0.00089,0.07002,0.01662,0.01697,0.00000,0.04369,0.21841
0.00169,0.06113,0.02735,0.50402,0.00000,0.01885,0.00008,0.00003,0.02806,0.00000,0.03105,0.32774
0.00370,0.07232,0.29564,0.44557,0.00000,0.00011,0.00016,0.00005,0.00021,0.00000,0.14226,0.03997
0.05806,0.00183,0.00123,0.17511,0.00000,0.00001,0.00000,0.00006,0.00000,0.00000,0.48176,0.28194
0.00000,0.10830,0.00001,0.44870,0.00000,0.00325,0.34140,0.00095,0.05505,0.00000,0.01781,0.02454
0.00384,0.11661,0.00712,0.05732,0.00000,0.07906,0.03463,0.00357,0.00160,0.33938,0.30269,0.05419
0.00006,0.00080,0.00194,0.00388,0.00000,0.41050,0.00000,0.00452,0.19165,0.00000,0.03991,0.34674
0.00000,0.43018,0.00012,0.24057,0.22746,0.01663,0.02810,0.00000,0.00015,0.00000,0.00302,0.05377
0.28469,0.06605,0.00000,0.34608,0.00000,0.00636,0.00016,0.00000,0.00089,0.00000,0.29517,0.00060
0.00000,0.05127,0.01833,0.46651,0.00000,0.00002,0.00000,0.00042,0.10977,0.00000,0.22468,0.12899
0.01041,0.02456,0.40385,0.44745,0.00000,0.03399,0.00982,0.00000,0.00754,0.00000,0.04337,0.01902
0.00000,0.00029,0.11167,0.37215,0.00000,0.00089,0.00000,0.00853,0.03500,0.00000,0.20086,0.27062
0.00000,0.00485,0.00166,0.14653,0.03519,0.00000,0.06697,0.10631,0.00055,0.00000,0.01172,0.62622
0.00003,0.00758,0.03706,0.03200,0.00000,0.00219,0.00000,0.00653,0.00016,0.00000,0.89622,0.01822
0.01731,0.06852,0.02899,0.32473,0.00000,0.26521,0.00000,0.00000,0.00013,0.00000,0.26130,0.03381
0.00000,0.00063,0.36143,0.39357,0.00000,0.05666,0.00000,0.00000,0.00014,0.00000,0.00073,0.18684
0.00242,0.52922,0.00001,0.12164,0.00000,0.00213,0.01867,0.00000,0.01105,0.17635,0.13320,0.00532
0.00000,0.20963,0.00877,0.41680,0.00000,0.00220,0.03846,0.12151,0.00001,0.07727,0.12489,0.00045
0.00166,0.18450,0.00000,0.49202,0.00000,0.00001,0.02755,0.01036,0.00000,0.00110,0.18022,0.10258
0.00000,0.00206,0.00001,0.28819,0.00025,0.20517,0.00007,0.00012,0.00322,0.00000,0.45646,0.04445
0.00000,0.00358,0.00008,0.04432,0.00000,0.21071,0.02592,0.02326,0.00002,0.00000,0.44127,0.25084
0.00924,0.00537,0.07350,0.09853,0.00003,0.03915,0.00634,0.15284,0.04620,0.02305,0.13197,0.41377
0.02535,0.00004,0.00149,0.58842,0.00000,0.00004,0.00001,0.00000,0.02289,0.00000,0.00433,0.35743
0.00170,0.12552,0.03383,0.02186,0.00000,0.00681,0.00000,0.00000,0.03161,0.00000,0.75465,0.02401
0.03551,0.00299,0.02456,0.16328,0.00000,0.00804,0.03065,0.00001,0.35406,0.00000,0.32881,0.05209
0.08653,0.00594,0.01413,0.10052,0.00009,0.32263,0.25181,0.00000,0.00092,0.00000,0.12110,0.09631
0.07189,0.46410,0.00263,0.00931,0.00000,0.00195,0.00046,0.00000,0.00057,0.00000,0.44708,0.00201
0.00000,0.00164,0.10049,0.13405,0.00000,0.39254,0.08720,0.00021,0.00002,0.00000,0.08713,0.19673
0.00000,0.00413,0.14741,0.55669,0.09053,0.00042,0.10278,0.00000,0.00038,0.00000,0.08322,0.01445
0.00122,0.03551,0.00121,0.40382,0.06820,0.00520,0.00653,0.00000,0.00875,0.00000,0.45026,0.01930
0.00187,0.00000,0.00000,0.02123,0.00000,0.57523,0.00086,0.00001,0.00000,0.00000,0.18387,0.21692
0.13639,0.17630,0.00000,0.19920,0.00013,0.08237,0.00000,0.14740,0.00006,0.00000,0.24055,0.01760
0.00763,0.06496,0.00000,0.13660,0.00000,0.00077,0.00000,0.00000,0.07493,0.00000,0.67219,0.04292
0.00023,0.00613,0.00000,0.33691,0.00000,0.00395,0.00000,0.37083,0.00001,0.00000,0.08344,0.19850
0.00003,0.28790,0.12970,0.02797,0.00000,0.00000,0.00026,0.10366,0.00599,0.00000,0.33388,0.11062
0.00125,0.00284,0.00604,0.25984,0.00000,0.00001,0.00002,0.66171,0.00694,0.00000,0.05059,0.01075
0.25955,0.25891,0.08954,0.04868,0.00000,0.05542,0.00000,0.00134,0.00760,0.00496,0.25491,0.01910
0.03735,0.00008,0.14479,0.08882,0.00000,0.04478,0.00000,0.00000,0.00112,0.00000,0.12082,0.56224
0.00257,0.00328,0.00027,0.74404,0.00000,0.02652,0.00155,0.00239,0.13746,0.00000,0.07464,0.00727
0.00003,0.05156,0.00005,0.03671,0.00000,0.00024,0.00186,0.00005,0.53975,0.00000,0.09113,0.27862
0.01326,0.19074,0.00283,0.25170,0.00112,0.00087,0.03437,0.00564,0.00115,0.00000,0.20564,0.29268
0.14819,0.32229,0.01506,0.04506,0.00000,0.01000,0.25945,0.01060,0.00586,0.00000,0.14447,0.03902
0.00064,0.00149,0.00003,0.11754,0.00000,0.00000,0.00041,0.00000,0.02038,0.00000,0.46612,0.39340
0.00001,0.00653,0.26566,0.14382,0.00000,0.00000,0.00000,0.00011,0.36197,0.00000,0.08607,0.13583
0.12213,0.51741,0.00309,0.26008,0.00002,0.01283,0.00000,0.00051,0.00431,0.00000,0.03380,0.04582
0.01035,0.01019,0.01743,0.36287,0.00000,0.00011,0.00000,0.08861,0.12449,0.00000,0.23454,0.15142
0.00001,0.06694,0.00015,0.05167,0.00000,0.10816,0.00000,0.00037,0.00014,0.00007,0.45587,0.31661
0.01066,0.01144,0.43781,0.30173,0.00000,0.00491,0.00291,0.05357,0.00001,0.00057,0.00387,0.17251
0.00374,0.05817,0.03909,0.06366,0.00000,0.00006,0.00001,0.08024,0.00001,0.00000,0.51859,0.23642
0.00038,0.01139,0.00858,0.54284,0.00000,0.07055,0.00000,0.00000,0.01387,0.00000,0.18413,0.16826
0.24156,0.04537,0.00814,0.11230,0.00000,0.01421,0.00000,0.00000,0.00000,0.00000,0.31187,0.26656
0.00016,0.03158,0.39788,0.04251,0.00000,0.00010,0.08060,0.00004,0.00013,0.00000,0.02923,0.41777
0.00000,0.04792,0.65042,0.01569,0.00000,0.00185,0.00063,0.00000,0.00000,0.00001,0.00250,0.28099
0.00000,0.00098,0.05872,0.24558,0.00000,0.00411,0.01011,0.00000,0.00000,0.00000,0.50231,0.17819
0.00000,0.07556,0.11852,0.48032,0.00000,0.00145,0.00001,0.08085,0.00005,0.00000,0.02516,0.21808
0.02278,0.00008,0.00164,0.86591,0.00000,0.00210,0.00000,0.00142,0.00024,0.02450,0.07854,0.00280
0.00000,0.00000,0.65105,0.07955,0.00000,0.00000,0.03151,0.00000,0.12912,0.00000,0.07540,0.03338
0.06907,0.12308,0.00524,0.28503,0.00000,0.00000,0.00055,0.00000,0.00814,0.00605,0.46160,0.04124
0.00098,0.11366,0.00010,0.30684,0.00000,0.20565,0.05770,0.00000,0.10227,0.00000,0.09822,0.11458
0.00000,0.00271,0.00105,0.71985,0.00004,0.00010,0.00000,0.04205,0.05698,0.00000,0.14009,0.03712
0.00324,0.00841,0.01361,0.57435,0.00000,0.00367,0.00005,0.00000,0.22407,0.00000,0.12865,0.04396
0.29423,0.00024,0.00000,0.38718,0.00033,0.00057,0.00000,0.19741,0.01808,0.00000,0.05339,0.04857
0.00000,0.00698,0.74594,0.09201,0.00000,0.00021,0.00000,0.00010,0.00000,0.00000,0.12282,0.03194
0.00267,0.00005,0.00274,0.17573,0.00000,0.01728,0.00637,0.00073,0.03852,0.01462,0.23993,0.50135
0.02684,0.17011,0.00078,0.03881,0.00000,0.02392,0.00141,0.00000,0.00292,0.00000,0.00568,0.72954
0.00046,0.01213,0.04672,0.08398,0.00000,0.00016,0.00000,0.00162,0.01003,0.15400,0.68804,0.00285
0.00000,0.00484,0.13455,0.40712,0.15559,0.04728,0.00019,0.00019,0.00000,0.00551,0.09191,0.15281
0.00045,0.12611,0.01845,0.64085,0.00000,0.00000,0.00000,0.00000,0.00255,0.00131,0.04568,0.16459
0.01272,0.06552,0.01450,0.09142,0.00000,0.10680,0.00207,0.00000,0.26774,0.00000,0.43681,0.00242
0.00000,0.17312,0.00118,0.14641,0.00004,0.16049,0.09661,0.00068,0.00000,0.00000,0.27313,0.14833
0.00019,0.00000,0.00003,0.32191,0.00000,0.56114,0.00004,0.00063,0.03060,0.00001,0.02785,0.05762
0.00000,0.01940,0.00539,0.26724,0.00022,0.00055,0.07326,0.00080,0.00018,0.00000,0.63087,0.00209
0.00000,0.05549,0.00432,0.15032,0.02256,0.55859,0.00006,0.00000,0.00058,0.00001,0.19568,0.01237
0.35855,0.00291,0.00000,0.30657,0.00203,0.05383,0.00972,0.00000,0.02549,0.00013,0.20054,0.04022
0.05349,0.02791,0.02499,0.01215,0.00000,0.01039,0.08570,0.00004,0.00000,0.00000,0.74653,0.03880
0.00000,0.01655,0.00010,0.52100,0.00000,0.00278,0.00000,0.00000,0.00004,0.00000,0.22725,0.23229
0.00000,0.00055,0.00002,0.49903,0.00000,0.02013,0.00491,0.00001,0.04378,0.00000,0.32157,0.11000
0.00000,0.10488,0.00000,0.52422,0.00000,0.00020,0.00006,0.00226,0.14694,0.00000,0.06247,0.15896
0.01242,0.02741,0.00000,0.74102,0.00000,0.01367,0.01363,0.00000,0.02491,0.00000,0.15230,0.01465
0.01297,0.05941,0.00463,0.16125,0.00000,0.06664,0.00000,0.04130,0.00000,0.00000,0.28293,0.37089
0.01247,0.00009,0.22780,0.41506,0.00000,0.01714,0.22779,0.00000,0.03529,0.00000,0.03183,0.03254
0.01597,0.11248,0.00000,0.74874,0.00000,0.00000,0.00054,0.00598,0.02672,0.00000,0.05463,0.03494
0.17031,0.00235,0.01422,0.16517,0.23942,0.00001,0.00197,0.00000,0.00005,0.00000,0.26414,0.14236
0.00142,0.00209,0.55722,0.30318,0.00000,0.01169,0.00140,0.00000,0.00030,0.00000,0.06268,0.06002
0.05538,0.01669,0.17579,0.06540,0.00000,0.00021,0.00000,0.00000,0.00071,0.00000,0.26344,0.42238
0.07383,0.00773,0.00061,0.30030,0.00000,0.02028,0.00000,0.00181,0.04078,0.00001,0.48997,0.06468
0.16431,0.06431,0.00002,0.04904,0.00348,0.00033,0.01182,0.00080,0.01130,0.00000,0.60064,0.09394
0.00002,0.00000,0.00003,0.11785,0.00000,0.06507,0.00000,0.00144,0.03971,0.00048,0.01503,0.76036
0.21840,0.00198,0.00096,0.55106,0.00194,0.10662,0.00000,0.00050,0.00329,0.00024,0.08423,0.03078
0.00176,0.34962,0.00000,0.25420,0.00001,0.00000,0.00030,0.00004,0.12593,0.00000,0.01217,0.25596
0.09191,0.06464,0.00908,0.31523,0.00000,0.01096,0.00001,0.21740,0.01724,0.00000,0.12026,0.15327
0.01067,0.07346,0.03578,0.17248,0.01326,0.32447,0.00513,0.08230,0.01746,0.00000,0.10645,0.15854
0.00000,0.18951,0.00334,0.69037,0.00000,0.00013,0.00130,0.00302,0.00000,0.00000,0.11232,0.00000
0.00004,0.32429,0.00043,0.38715,0.00000,0.00165,0.00012,0.00000,0.00007,0.00000,0.21004,0.07622
0.01233,0.37310,0.00000,0.59227,0.00000,0.00008,0.01854,0.00031,0.00007,0.00005,0.00317,0.00007
0.00054,0.00447,0.12237,0.29163,0.01045,0.27362,0.21738,0.00073,0.00037,0.00000,0.03578,0.04267
0.00004,0.17937,0.00000,0.67800,0.00000,0.00001,0.00000,0.05750,0.00594,0.00000,0.07726,0.00188
0.05162,0.02804,0.02320,0.18878,0.00000,0.09789,0.07355,0.00000,0.00000,0.00000,0.26470,0.27221
0.00203,0.00463,0.00000,0.79564,0.00000,0.00364,0.04608,0.00164,0.00132,0.00000,0.07812,0.06689
0.00000,0.02517,0.00008,0.23962,0.00000,0.00315,0.04383,0.38440,0.00253,0.00832,0.14682,0.14608
0.00000,0.02014,0.00849,0.59583,0.00000,0.12287,0.00001,0.00000,0.00000,0.00000,0.20136,0.05130
0.00035,0.03206,0.00009,0.59888,0.00881,0.07910,0.04846,0.02565,0.00000,0.00000,0.16618,0.04042
0.09098,0.00923,0.00356,0.01410,0.22876,0.52122,0.00025,0.05469,0.00000,0.00002,0.00647,0.07071
0.53250,0.00757,0.05368,0.17833,0.00000,0.00295,0.00000,0.03781,0.03179,0.00009,0.05404,0.10126
0.33908,0.11022,0.00192,0.02513,0.09016,0.06389,0.06729,0.00162,0.00462,0.00000,0.11880,0.17727
0.02086,0.13342,0.00000,0.15027,0.17363,0.00104,0.00000,0.00000,0.14058,0.00000,0.37076,0.00943
0.02057,0.00000,0.00002,0.05045,0.00000,0.00079,0.00000,0.00007,0.00009,0.00000,0.15928,0.76872
0.00786,0.00000,0.00005,0.46455,0.00000,0.03767,0.00000,0.00000,0.00000,0.00000,0.31782,0.17204
0.00000,0.14687,0.00000,0.16637,0.00000,0.22394,0.00000,0.00000,0.04698,0.00000,0.03169,0.38415
0.00275,0.28704,0.00595,0.31394,0.00013,0.15727,0.00000,0.00000,0.04885,0.00000,0.13662,0.04744
0.00000,0.02945,0.00570,0.65841,0.00000,0.00195,0.00002,0.00000,0.29835,0.00000,0.00095,0.00517
0.53198,0.00752,0.00321,0.01574,0.00000,0.00004,0.00000,0.03992,0.00055,0.00001,0.35457,0.04645
0.00549,0.00306,0.00011,0.74748,0.00000,0.03370,0.00000,0.00025,0.00003,0.00000,0.08968,0.12019
0.02816,0.00025,0.00115,0.86440,0.03768,0.00021,0.00000,0.00026,0.00000,0.00000,0.00063,0.06727
0.53115,0.00039,0.00627,0.17300,0.00000,0.00049,0.12920,0.05819,0.00001,0.00000,0.01807,0.08322
0.00002,0.00009,0.00039,0.11580,0.00000,0.23352,0.00000,0.00001,0.01269,0.00002,0.62788,0.00958
0.00637,0.17267,0.01465,0.00051,0.00013,0.35091,0.00000,0.00180,0.00128,0.00000,0.44970,0.00197
0.10172,0.00909,0.00002,0.32868,0.00000,0.04696,0.00010,0.00000,0.06180,0.00000,0.45094,0.00069
0.29683,0.00001,0.04367,0.21786,0.00000,0.00004,0.00000,0.00000,0.00004,0.00000,0.38397,0.05758
0.00000,0.00234,0.06771,0.50792,0.00000,0.06651,0.00180,0.02953,0.00003,0.00000,0.32407,0.00008
0.02233,0.81481,0.00000,0.07301,0.00006,0.02990,0.00399,0.00000,0.00411,0.00009,0.00770,0.04400
0.01640,0.03992,0.00000,0.22512,0.00000,0.17521,0.02508,0.00075,0.00004,0.00000,0.51321,0.00427
0.00001,0.14286,0.00006,0.43259,0.00043,0.00030,0.01017,0.00000,0.23624,0.00000,0.15852,0.01881
0.00085,0.00019,0.00063,0.09728,0.00000,0.04610,0.00000,0.00098,0.00788,0.00006,0.80025,0.04578
0.25294,0.32977,0.00353,0.03573,0.00000,0.00308,0.00000,0.00000,0.06445,0.00000,0.18479,0.12571
0.00018,0.00009,0.00254,0.25726,0.00005,0.00680,0.48301,0.00000,0.06488,0.00000,0.02611,0.15909
0.01353,0.00750,0.00000,0.89830,0.00010,0.03414,0.01039,0.00120,0.02293,0.00000,0.01117,0.00075
0.00000,0.17346,0.00000,0.66783,0.05894,0.00005,0.02759,0.00001,0.00000,0.00000,0.06595,0.00618
