0.27699,0.00000,0.00002,0.00000,0.00000,0.00811,0.00000,0.00079,0.03216,0.00000,0.00000,0.02568,0.00000,0.00000,0.60443,0.00138,0.00363,0.03585,0.00000,0.01098
0.53122,0.00000,0.00002,0.00149,0.00003,0.00000,0.00000,0.00000,0.00249,0.00000,0.00000,0.12262,0.00000,0.00000,0.19175,0.01065,0.13973,0.00000,0.00000,0.00000
0.37503,0.00000,0.00000,0.00000,0.00000,0.00001,0.00001,0.22778,0.00000,0.00014,0.27517,0.02955,0.00000,0.00000,0.00000,0.00175,0.08547,0.00510,0.00000,0.00000
0.76949,0.00000,0.09904,0.00002,0.00000,0.00000,0.00000,0.00060,0.00007,0.00685,0.00000,0.00368,0.00000,0.00000,0.00355,0.07349,0.00033,0.03760,0.00000,0.00528
0.20502,0.00000,0.31492,0.00000,0.00000,0.00000,0.00000,0.06149,0.00000,0.00002,0.00000,0.01097,0.00011,0.00000,0.30766,0.00019,0.07026,0.00000,0.00000,0.02936
0.09718,0.00000,0.00000,0.22346,0.00000,0.00000,0.00000,0.00000,0.11249,0.00000,0.00000,0.00003,0.00000,0.00000,0.02271,0.42254,0.00028,0.12089,0.00000,0.00041
0.52805,0.00000,0.03341,0.00000,0.00007,0.00000,0.00000,0.07869,0.00040,0.04736,0.00082,0.23958,0.00002,0.00000,0.00040,0.06837,0.00168,0.00000,0.00000,0.00115
0.07426,0.00000,0.01030,0.00000,0.75000,0.00000,0.09448,0.00000,0.00010,0.00000,0.00000,0.06539,0.00000,0.00000,0.00497,0.00011,0.00040,0.00000,0.00000,0.00000
0.43392,0.00000,0.00021,0.04875,0.00000,0.00000,0.00006,0.00000,0.00004,0.00000,0.00000,0.49374,0.00271,0.00000,0.00802,0.00000,0.00450,0.00647,0.00000,0.00157
0.36652,0.00000,0.14424,0.00010,0.00000,0.00000,0.00001,0.00000,0.00001,0.00000,0.06472,0.02177,0.00001,0.00006,0.00003,0.00000,0.40249,0.00001,0.00000,0.00001
0.09803,0.00000,0.00000,0.01793,0.00000,0.00000,0.00000,0.00001,0.00000,0.00000,0.00539,0.76936,0.00000,0.00000,0.04472,0.00000,0.00722,0.05730,0.00000,0.00003
0.15953,0.00000,0.00000,0.00000,0.00000,0.00000,0.00000,0.00000,0.00000,0.10462,0.00000,0.00000,0.00000,0.00000,0.08762,0.00001,0.52314,0.00565,0.00000,0.11942
0.41022,0.00000,0.00690,0.00000,0.00000,0.00000,0.00000,0.00000,0.00000,0.00284,0.08453,0.47706,0.00000,0.00000,0.00080,0.00000,0.00000,0.01764,0.00000,0.00000
0.68398,0.00000,0.01323,0.00001,0.00000,0.00000,0.00282,0.00003,0.00000,0.00000,0.00025,0.01616,0.00000,0.00000,0.15203,0.00000,0.00001,0.00824,0.00000,0.12324
0.13053,0.00046,0.01475,0.00000,0.00000,0.00000,0.00180,0.00000,0.00000,0.01678,0.00000,0.01158,0.00090,0.00000,0.00014,0.64511,0.14691,0.00000,0.00000,0.03103
0.49614,0.00000,0.00155,0.00363,0.00000,0.00000,0.00000,0.00003,0.00000,0.00000,0.00000,0.21772,0.00000,0.00000,0.02761,0.00000,0.00003,0.25330,0.00000,0.00000
0.45839,0.00000,0.00000,0.00006,0.00000,0.00000,0.04186,0.00000,0.00040,0.06342,0.00248,0.29997,0.00000,0.00000,0.00747,0.06079,0.00000,0.05848,0.00000,0.00667
0.31265,0.00000,0.05539,0.00050,0.00000,0.00000,0.00000,0.00001,0.00105,0.00050,0.00087,0.00072,0.06408,0.00015,0.02231,0.00048,0.54097,0.00000,0.00000,0.00032
0.35775,0.00000,0.07674,0.04776,0.01179,0.00000,0.00000,0.00000,0.04885,0.03477,0.00000,0.15338,0.00000,0.00000,0.26387,0.00024,0.00001,0.00483,0.00000,0.00000
0.75881,0.00000,0.00000,0.00000,0.00516,0.00000,0.14545,0.00000,0.00067,0.00003,0.00032,0.01399,0.00073,0.00000,0.07047,0.00000,0.00021,0.00025,0.00000,0.00392
0.81862,0.00000,0.00004,0.00000,0.00035,0.00883,0.00000,0.00000,0.00000,0.00037,0.00000,0.09486,0.00000,0.00000,0.00000,0.00644,0.00604,0.00000,0.00000,0.06443
0.00564,0.00000,0.00000,0.00000,0.00000,0.00000,0.00001,0.21337,0.00125,0.00000,0.00000,0.17533,0.00000,0.00000,0.05569,0.18267,0.33918,0.02686,0.00000,0.00000
0.43846,0.00000,0.00000,0.01018,0.00000,0.00813,0.01316,0.00729,0.00013,0.00000,0.02748,0.47683,0.00000,0.00000,0.00213,0.00031,0.00006,0.00000,0.00000,0.01585
0.36923,0.00000,0.27587,0.00031,0.00000,0.00000,0.00001,0.00000,0.00000,0.00000,0.00000,0.01308,0.00000,0.00000,0.00932,0.00000,0.31569,0.00000,0.00062,0.01586
0.48400,0.00000,0.00446,0.00000,0.00000,0.00000,0.00000,0.00000,0.17431,0.00000,0.00000,0.04071,0.00000,0.00000,0.13274,0.00000,0.00003,0.16375,0.00000,0.00000
0.20317,0.00000,0.06461,0.00570,0.00000,0.49752,0.00000,0.00000,0.12518,0.00000,0.00003,0.09790,0.00000,0.00000,0.00022,0.00000,0.00146,0.00009,0.00000,0.00410
0.04051,0.00000,0.00000,0.00000,0.00000,0.03484,0.00002,0.00000,0.00000,0.10652,0.00002,0.64308,0.01542,0.00000,0.00785,0.06425,0.07654,0.00000,0.00000,0.01094
0.17565,0.00000,0.33726,0.24789,0.00000,0.07017,0.00000,0.00134,0.00334,0.00000,0.00000,0.14558,0.00000,0.00015,0.01338,0.00000,0.00001,0.00067,0.00000,0.00456
0.74713,0.00000,0.05460,0.00999,0.00002,0.00000,0.00000,0.00000,0.15189,0.00000,0.00000,0.02770,0.00000,0.00000,0.00053,0.00683,0.00059,0.00000,0.00000,0.00071
0.53107,0.00000,0.00000,0.00002,0.00000,0.00000,0.00763,0.00000,0.00000,0.00000,0.00000,0.39141,0.00000,0.00000,0.00479,0.00787,0.05528,0.00000,0.00000,0.00192
0.25380,0.00000,0.03379,0.00000,0.05957,0.00000,0.00386,0.00000,0.00000,0.09592,0.00000,0.02068,0.00000,0.00000,0.01039,0.51368,0.00241,0.00589,0.00000,0.00000
0.12547,0.00000,0.00000,0.76715,0.00000,0.00000,0.00000,0.00525,0.00000,0.01125,0.00000,0.00727,0.00168,0.00000,0.06839,0.01308,0.00021,0.00003,0.00022,0.00000
0.30994,0.00000,0.08464,0.00001,0.00638,0.22142,0.00000,0.00000,0.00952,0.00000,0.00001,0.11154,0.00000,0.00000,0.00009,0.04527,0.21118,0.00000,0.00000,0.00000
0.19655,0.00000,0.00013,0.13965,0.00000,0.00000,0.00000,0.00000,0.00111,0.11978,0.00000,0.37176,0.00058,0.00000,0.15589,0.00000,0.01455,0.00000,0.00000,0.00000
0.56085,0.08045,0.00000,0.02791,0.00000,0.00000,0.00000,0.00000,0.00025,0.00000,0.00000,0.21718,0.00000,0.00000,0.07056,0.00000,0.03982,0.00000,0.00000,0.00298
0.03725,0.00000,0.21752,0.00001,0.00004,0.00000,0.00000,0.00000,0.00000,0.00000,0.00286,0.40478,0.00000,0.00000,0.32956,0.00000,0.00027,0.00766,0.00000,0.00005
0.21578,0.00000,0.40331,0.00000,0.05043,0.00000,0.00013,0.00000,0.00144,0.00498,0.00000,0.05355,0.00000,0.00000,0.00000,0.00005,0.19487,0.00000,0.00000,0.07546
0.49254,0.00351,0.00222,0.13589,0.00000,0.00002,0.00000,0.00000,0.00007,0.00000,0.00000,0.36476,0.00000,0.00000,0.00084,0.00000,0.00000,0.00016,0.00000,0.00000
0.51400,0.00000,0.00000,0.00989,0.01610,0.00000,0.00266,0.00000,0.00001,0.20096,0.03818,0.01367,0.00000,0.00000,0.00180,0.00074,0.19857,0.00342,0.00000,0.00000
0.49862,0.00000,0.00780,0.00000,0.00226,0.00000,0.01153,0.00000,0.00012,0.00000,0.00021,0.00368,0.00000,0.00000,0.44975,0.00286,0.02316,0.00000,0.00000,0.00000
0.45342,0.00000,0.00055,0.00025,0.00000,0.00000,0.00000,0.00196,0.01714,0.00000,0.00000,0.00847,0.00000,0.00000,0.27139,0.00931,0.23737,0.00012,0.00000,0.00000
0.66317,0.00000,0.00382,0.10905,0.00002,0.00000,0.00000,0.01298,0.00000,0.01426,0.00000,0.06540,0.00000,0.00000,0.00897,0.11629,0.00023,0.00000,0.00000,0.00579
0.63410,0.00001,0.00012,0.00000,0.00000,0.00000,0.00599,0.00000,0.01203,0.00023,0.00000,0.19832,0.00000,0.00000,0.08044,0.01455,0.00379,0.01401,0.00000,0.03639
0.40821,0.00003,0.00000,0.00000,0.00000,0.00000,0.00015,0.00000,0.02738,0.00000,0.00000,0.31751,0.00018,0.00000,0.00001,0.00000,0.00000,0.10902,0.00000,0.13751
0.56533,0.00000,0.00002,0.06189,0.00000,0.00000,0.00000,0.01669,0.00000,0.00132,0.00096,0.05101,0.00000,0.00000,0.00672,0.05583,0.17288,0.06733,0.00000,0.00001
0.00722,0.00000,0.00182,0.00001,0.00012,0.00000,0.00001,0.00000,0.00474,0.00000,0.00002,0.08148,0.00000,0.00000,0.11916,0.00001,0.46505,0.00019,0.00266,0.31753
0.92635,0.00000,0.00000,0.00000,0.02710,0.00000,0.03855,0.00000,0.00000,0.00000,0.00000,0.00001,0.00069,0.00000,0.00000,0.00008,0.00722,0.00000,0.00000,0.00000
0.76529,0.00000,0.00000,0.04744,0.00000,0.00000,0.00000,0.15367,0.00161,0.00000,0.00000,0.00044,0.00010,0.00001,0.01856,0.00000,0.00008,0.01280,0.00000,0.00000
0.53802,0.00003,0.00001,0.00126,0.00000,0.00000,0.00034,0.00157,0.00518,0.00043,0.00000,0.43403,0.00007,0.00000,0.00598,0.00000,0.01306,0.00000,0.00000,0.00000
0.73025,0.00000,0.00000,0.00280,0.00000,0.00000,0.00000,0.00002,0.00002,0.00054,0.00001,0.00656,0.00193,0.00000,0.00098,0.00056,0.00017,0.00000,0.00000,0.25618
0.01347,0.00000,0.02151,0.00000,0.00000,0.83400,0.00000,0.00000,0.00000,0.00000,0.00103,0.06717,0.00117,0.00000,0.04208,0.00000,0.01916,0.00000,0.00000,0.00041
0.23627,0.00000,0.13203,0.00000,0.00751,0.00000,0.00004,0.00000,0.00000,0.00001,0.00734,0.12533,0.00000,0.00000,0.00209,0.00000,0.48897,0.00000,0.00000,0.00041
0.84875,0.00000,0.01539,0.00000,0.00300,0.00000,0.00007,0.00000,0.00090,0.00000,0.00000,0.05026,0.00001,0.00000,0.00020,0.06168,0.01817,0.00071,0.00000,0.00087
0.30863,0.00000,0.00000,0.00000,0.00061,0.00008,0.00000,0.00000,0.00000,0.00000,0.00051,0.06923,0.00000,0.00000,0.61889,0.00009,0.00140,0.00047,0.00000,0.00010
0.22607,0.00829,0.00009,0.04030,0.00000,0.00000,0.00002,0.00000,0.00000,0.02165,0.00000,0.53230,0.00821,0.00000,0.11193,0.01913,0.00124,0.03077,0.00000,0.00000
0.16019,0.00000,0.00017,0.00007,0.00000,0.00000,0.36142,0.00000,0.00003,0.00000,0.00030,0.30194,0.00245,0.00000,0.12289,0.00171,0.04421,0.00462,0.00000,0.00000
0.13319,0.00000,0.00335,0.00000,0.01386,0.00545,0.00000,0.00000,0.00170,0.00000,0.00016,0.00292,0.00000,0.00000,0.32162,0.50572,0.01201,0.00000,0.00000,0.00000
0.77922,0.00000,0.09030,0.00011,0.00573,0.00203,0.01273,0.00000,0.00822,0.01374,0.00000,0.06479,0.00000,0.00000,0.00006,0.00752,0.00001,0.00281,0.00000,0.01275
0.72111,0.00218,0.07252,0.00007,0.00000,0.00000,0.03031,0.00000,0.00000,0.00000,0.00000,0.13414,0.00000,0.00000,0.03015,0.00000,0.00000,0.00793,0.00000,0.00158
0.22916,0.00000,0.00000,0.00000,0.02818,0.00000,0.00000,0.00034,0.23852,0.00000,0.00000,0.00084,0.00001,0.00000,0.00053,0.27587,0.22523,0.00127,0.00000,0.00004
0.62425,0.00000,0.00003,0.00000,0.00000,0.00000,0.00191,0.00000,0.00000,0.00000,0.00000,0.17480,0.00000,0.00000,0.00012,0.00000,0.00127,0.00027,0.00000,0.19734
0.23999,0.00000,0.00011,0.07307,0.00000,0.00000,0.00000,0.00000,0.16739,0.01901,0.00000,0.11233,0.00000,0.00000,0.37888,0.00420,0.00000,0.00000,0.00000,0.00501
0.25245,0.00000,0.00217,0.00006,0.00063,0.00000,0.00159,0.00001,0.00013,0.03618,0.00000,0.03164,0.00000,0.00000,0.27422,0.00000,0.40092,0.00000,0.00000,0.00000
0.31758,0.02743,0.60243,0.00107,0.00000,0.00000,0.00000,0.00000,0.04191,0.00000,0.00000,0.00190,0.00000,0.00000,0.00036,0.00130,0.00598,0.00001,0.00000,0.00003
0.77625,0.00000,0.00000,0.00000,0.00005,0.00000,0.03196,0.01178,0.07111,0.00000,0.00000,0.03235,0.00000,0.00000,0.05592,0.00039,0.02012,0.00004,0.00000,0.00001
0.14832,0.00000,0.00000,0.02953,0.00288,0.00000,0.00000,0.00025,0.20569,0.00000,0.02732,0.45354,0.00000,0.00000,0.00167,0.13076,0.00002,0.00002,0.00000,0.00000
0.33249,0.00000,0.00051,0.00201,0.00000,0.00000,0.00000,0.00228,0.00000,0.00590,0.00150,0.00116,0.00000,0.00000,0.13121,0.25780,0.26037,0.00438,0.00000,0.00038
0.21771,0.00008,0.00227,0.00000,0.00181,0.00000,0.00000,0.00000,0.16694,0.00000,0.00000,0.57571,0.00000,0.00000,0.02498,0.00854,0.00126,0.00000,0.00000,0.00070
0.69971,0.00000,0.00001,0.00000,0.00000,0.00000,0.07750,0.00000,0.02943,0.00000,0.00001,0.09027,0.00000,0.00000,0.00030,0.00410,0.03161,0.00064,0.00000,0.06641
0.35414,0.00000,0.00000,0.00000,0.05120,0.00000,0.06870,0.00001,0.00025,0.23926,0.00000,0.00091,0.00000,0.00000,0.00048,0.00001,0.02025,0.26479,0.00000,0.00000
0.24249,0.00090,0.01174,0.01259,0.00001,0.00000,0.00048,0.00000,0.00000,0.00000,0.00133,0.00008,0.00000,0.00000,0.68131,0.00000,0.00491,0.00024,0.00000,0.04391
0.14630,0.00000,0.00000,0.00202,0.00064,0.00000,0.00268,0.00000,0.00000,0.00000,0.00000,0.01467,0.19953,0.00000,0.02823,0.58921,0.01295,0.00376,0.00000,0.00001
0.31935,0.00000,0.00000,0.00000,0.00000,0.00000,0.00000,0.00001,0.00000,0.00000,0.00001,0.33251,0.00041,0.00000,0.00035,0.00000,0.00892,0.33791,0.00000,0.00052
0.51547,0.00000,0.00461,0.00023,0.00000,0.29471,0.00000,0.00002,0.03808,0.00000,0.00007,0.01347,0.00003,0.00000,0.05465,0.01568,0.06037,0.00000,0.00000,0.00259
0.47152,0.00000,0.00013,0.00018,0.00000,0.00000,0.00527,0.00000,0.00000,0.00777,0.00000,0.43013,0.00000,0.00000,0.00647,0.07604,0.00212,0.00039,0.00000,0.00000
0.57760,0.00000,0.00005,0.00004,0.00046,0.00000,0.00000,0.00348,0.00071,0.00000,0.13487,0.11773,0.12832,0.00000,0.01265,0.00002,0.02291,0.00000,0.00000,0.00119
0.49011,0.00000,0.15902,0.00000,0.00000,0.00000,0.00001,0.00000,0.00000,0.00000,0.00000,0.08671,0.00000,0.00000,0.24463,0.01377,0.00573,0.00000,0.00000,0.00001
0.03689,0.00419,0.00008,0.00000,0.00000,0.00000,0.10025,0.00000,0.00056,0.00135,0.02343,0.24215,0.00000,0.00000,0.00239,0.00000,0.01085,0.57784,0.00000,0.00004
0.39236,0.00000,0.07679,0.00437,0.00000,0.00000,0.00000,0.00000,0.06422,0.00005,0.00025,0.29508,0.00059,0.00000,0.03732,0.00028,0.12739,0.00000,0.00000,0.00129
0.41322,0.00000,0.00002,0.00145,0.00172,0.00000,0.02068,0.00949,0.00025,0.00000,0.00000,0.00195,0.00000,0.00000,0.05404,0.00056,0.49661,0.00000,0.00000,0.00000
0.25036,0.00000,0.33450,0.00001,0.00000,0.00000,0.00000,0.00001,0.00007,0.00000,0.00082,0.25996,0.00002,0.00000,0.04500,0.00000,0.09762,0.01165,0.00000,0.00000
0.80935,0.00000,0.00001,0.00053,0.00390,0.00000,0.00004,0.00000,0.00065,0.00011,0.00000,0.17617,0.00000,0.00000,0.00001,0.00325,0.00000,0.00598,0.00000,0.00000
0.19079,0.00000,0.02358,0.00033,0.00000,0.00000,0.00237,0.00000,0.00937,0.00000,0.00000,0.11858,0.00000,0.00000,0.00004,0.03178,0.61472,0.00839,0.00000,0.00004
0.26753,0.00000,0.00608,0.00000,0.00000,0.00000,0.00000,0.00000,0.00000,0.00000,0.00000,0.15811,0.50060,0.00000,0.05023,0.00000,0.01716,0.00029,0.00000,0.00000
0.18889,0.00000,0.00355,0.00038,0.00000,0.00000,0.00001,0.00000,0.33000,0.00004,0.06073,0.09679,0.02159,0.00000,0.00000,0.00000,0.29802,0.00000,0.00000,0.00000
0.15450,0.00000,0.00000,0.00423,0.00012,0.00012,0.00649,0.21274,0.00122,0.00004,0.00000,0.36826,0.00000,0.00000,0.10971,0.01389,0.12819,0.00000,0.00000,0.00047
0.37521,0.00000,0.42358,0.00008,0.00000,0.00000,0.08963,0.00000,0.06694,0.00000,0.00000,0.01017,0.01215,0.00000,0.00023,0.01462,0.00740,0.00000,0.00000,0.00000
0.29866,0.00000,0.00157,0.11675,0.00187,0.00000,0.00000,0.00002,0.00172,0.00000,0.00000,0.19534,0.00000,0.00000,0.00022,0.00000,0.31270,0.07114,0.00000,0.00000
0.23216,0.00000,0.00192,0.01645,0.02133,0.00000,0.00008,0.00000,0.00000,0.00000,0.00000,0.41515,0.00000,0.00000,0.02493,0.06209,0.08529,0.14060,0.00000,0.00000
0.05001,0.00000,0.35416,0.00000,0.00038,0.00000,0.00000,0.00000,0.03480,0.00000,0.00000,0.19725,0.00000,0.00000,0.35972,0.00054,0.00313,0.00000,0.00000,0.00001
0.30324,0.00000,0.00001,0.01689,0.00000,0.00006,0.00414,0.00000,0.00029,0.00000,0.47303,0.08629,0.00000,0.00000,0.07386,0.00475,0.00332,0.00038,0.00000,0.03373
0.01439,0.00000,0.02764,0.00000,0.00000,0.00000,0.00000,0.00000,0.58893,0.05277,0.00000,0.10397,0.01959,0.01927,0.03268,0.00001,0.00418,0.13657,0.00000,0.00000
0.10849,0.00000,0.01617,0.01117,0.00278,0.00000,0.00000,0.00000,0.02533,0.08892,0.05003,0.51445,0.00016,0.00000,0.10879,0.01842,0.05104,0.00000,0.00000,0.00426
0.36996,0.00000,0.00000,0.00251,0.00000,0.00000,0.00000,0.00411,0.00000,0.00000,0.00000,0.21095,0.00000,0.00000,0.01230,0.35970,0.01439,0.02607,0.00000,0.00000
0.61269,0.00000,0.01008,0.30301,0.00000,0.00000,0.00000,0.00002,0.00000,0.01032,0.00157,0.05402,0.00177,0.00000,0.00005,0.00000,0.00486,0.00000,0.00000,0.00160
0.09309,0.00000,0.00271,0.00000,0.00000,0.00000,0.01708,0.00000,0.04750,0.00000,0.38419,0.40425,0.00001,0.00000,0.04320,0.00000,0.00793,0.00000,0.00000,0.00003
0.03554,0.00000,0.00000,0.29161,0.00239,0.00000,0.00000,0.00000,0.00001,0.00157,0.00000,0.62169,0.00000,0.00000,0.00513,0.00646,0.00001,0.00000,0.00000,0.03559
0.51149,0.00000,0.00000,0.00127,0.00000,0.00000,0.11849,0.00000,0.00000,0.00000,0.00189,0.19554,0.00000,0.00000,0.02311,0.00000,0.13996,0.00826,0.00000,0.00000
0.53486,0.00000,0.00000,0.00269,0.01293,0.07386,0.02097,0.03393,0.00074,0.00000,0.05768,0.07121,0.04799,0.00000,0.00157,0.05871,0.00000,0.08283,0.00000,0.00001
0.02468,0.00000,0.01080,0.01653,0.38715,0.00008,0.00000,0.00000,0.00000,0.00000,0.00019,0.01449,0.00000,0.00000,0.52593,0.00000,0.00708,0.00000,0.00000,0.01307
0.55582,0.00000,0.00000,0.00042,0.00000,0.00048,0.00024,0.00000,0.09924,0.00000,0.00000,0.00019,0.28356,0.00000,0.00781,0.00022,0.00000,0.03651,0.00000,0.01549
0.85130,0.00000,0.01228,0.00002,0.00000,0.00000,0.12469,0.00000,0.00000,0.00000,0.00000,0.00128,0.00000,0.00000,0.00976,0.00003,0.00001,0.00060,0.00000,0.00003
0.29534,0.20387,0.00000,0.00001,0.00000,0.00000,0.00000,0.00000,0.00006,0.00000,0.00000,0.28245,0.00000,0.00000,0.20888,0.00285,0.00065,0.00590,0.00000,0.00000
0.05181,0.27788,0.00006,0.00010,0.00000,0.00005,0.00000,0.00000,0.00000,0.00046,0.00000,0.00837,0.00000,0.00000,0.00118,0.01577,0.00030,0.64402,0.00000,0.00000
0.56698,0.00107,0.00000,0.00000,0.00000,0.00000,0.07618,0.00005,0.00096,0.00007,0.00000,0.02094,0.00000,0.00000,0.33095,0.00215,0.00016,0.00012,0.00000,0.00037
0.06241,0.00000,0.00000,0.00024,0.00000,0.00000,0.00747,0.00000,0.00021,0.00000,0.00000,0.92728,0.00000,0.00000,0.00022,0.00011,0.00000,0.00001,0.00000,0.00205
0.00387,0.00000,0.00000,0.59543,0.00001,0.00002,0.00000,0.00000,0.00000,0.00000,0.00008,0.03984,0.00155,0.00000,0.05720,0.04797,0.23718,0.00047,0.00000,0.01640
0.43049,0.00000,0.00006,0.00008,0.00002,0.00000,0.00001,0.21267,0.00000,0.00736,0.02076,0.11068,0.00000,0.00000,0.13935,0.00000,0.05837,0.01577,0.00000,0.00438
0.41739,0.00020,0.00401,0.00022,0.00000,0.00389,0.00000,0.00000,0.50464,0.00000,0.00000,0.02951,0.00000,0.00000,0.00628,0.00000,0.03385,0.00000,0.00000,0.00000
0.09244,0.01813,0.00020,0.00000,0.00000,0.00000,0.00004,0.00000,0.00000,0.14620,0.05524,0.15288,0.00000,0.00000,0.14693,0.03855,0.00211,0.00002,0.00000,0.34726
0.61915,0.00554,0.04824,0.11770,0.00008,0.00000,0.00194,0.00009,0.00000,0.00000,0.00001,0.09816,0.00000,0.00000,0.08170,0.00000,0.00468,0.00119,0.00000,0.02151
0.69500,0.00000,0.11170,0.00000,0.00000,0.00000,0.00000,0.00000,0.04910,0.00000,0.01225,0.06568,0.00000,0.00000,0.00018,0.02288,0.00715,0.00005,0.00000,0.03600
0.15073,0.00000,0.00004,0.00001,0.00117,0.00521,0.00009,0.00000,0.09878,0.19809,0.00000,0.40756,0.00000,0.00000,0.00056,0.00000,0.13712,0.00020,0.00000,0.00044
0.04266,0.00000,0.00521,0.00246,0.00000,0.00000,0.01824,0.00982,0.00187,0.00014,0.00000,0.64349,0.00000,0.00000,0.00952,0.21737,0.00003,0.04210,0.00000,0.00709
0.08423,0.18587,0.00002,0.00744,0.00000,0.00000,0.00002,0.04451,0.00000,0.08381,0.17940,0.31942,0.00000,0.00000,0.00028,0.00004,0.05563,0.00003,0.00000,0.03930
0.21525,0.00000,0.06858,0.00001,0.00000,0.00000,0.00000,0.00000,0.00000,0.00000,0.00006,0.24080,0.40935,0.00000,0.00483,0.00020,0.00039,0.06033,0.00000,0.00020
0.43041,0.00000,0.02793,0.00000,0.00000,0.00000,0.00000,0.00000,0.00000,0.00000,0.00000,0.44383,0.00000,0.00000,0.03027,0.00178,0.06536,0.00000,0.00000,0.00041
0.37250,0.00093,0.02451,0.01129,0.00000,0.00000,0.00000,0.00000,0.00177,0.00000,0.00000,0.47784,0.00000,0.00000,0.11052,0.00000,0.00026,0.00033,0.00000,0.00006
0.44015,0.00000,0.00103,0.02708,0.00000,0.00000,0.00000,0.00220,0.00002,0.00313,0.03826,0.40773,0.00000,0.00000,0.03394,0.00000,0.00001,0.04582,0.00000,0.00062
0.30041,0.00000,0.00984,0.00000,0.00000,0.00000,0.00141,0.00000,0.63417,0.00007,0.00000,0.00026,0.00000,0.00000,0.00339,0.00000,0.00063,0.00000,0.00000,0.04981
0.72017,0.00000,0.00077,0.00790,0.00000,0.00267,0.00156,0.00010,0.01296,0.00010,0.00002,0.02943,0.00000,0.00000,0.00440,0.03656,0.00017,0.02417,0.00000,0.15901
0.84074,0.00000,0.00001,0.00275,0.00000,0.00000,0.00941,0.00000,0.04905,0.01726,0.00013,0.00400,0.00000,0.00000,0.01501,0.01619,0.00072,0.00021,0.00000,0.04452
0.27998,0.00000,0.00003,0.00008,0.00019,0.00000,0.00000,0.00000,0.00200,0.00000,0.00000,0.45274,0.00000,0.00000,0.13848,0.03428,0.00199,0.05125,0.00000,0.03898
0.06266,0.00000,0.00005,0.01699,0.00000,0.00000,0.00137,0.00000,0.00003,0.11892,0.00000,0.00022,0.00000,0.00000,0.10145,0.00000,0.69278,0.00000,0.00000,0.00553
0.14764,0.00000,0.00000,0.00817,0.00000,0.00000,0.00462,0.00000,0.00624,0.17075,0.00000,0.00478,0.00000,0.00000,0.65774,0.00000,0.00001,0.00006,0.00000,0.00000
0.44135,0.00000,0.12528,0.03402,0.00000,0.00000,0.00000,0.00000,0.02634,0.00002,0.00000,0.19029,0.00000,0.00000,0.00977,0.00001,0.05168,0.12124,0.00000,0.00000
0.46131,0.00000,0.00000,0.00000,0.29518,0.00000,0.00000,0.00000,0.00000,0.00085,0.04156,0.02827,0.00009,0.00000,0.07909,0.00051,0.05384,0.03702,0.00000,0.00229
0.50898,0.00160,0.00478,0.08067,0.00000,0.00000,0.00000,0.00000,0.00000,0.00000,0.10456,0.01277,0.00000,0.00000,0.28634,0.00000,0.00000,0.00001,0.00000,0.00029
0.65553,0.00000,0.00047,0.00005,0.00000,0.00023,0.00000,0.00000,0.00000,0.00000,0.00000,0.19574,0.11296,0.00000,0.02596,0.00007,0.00000,0.00820,0.00000,0.00078
0.41549,0.00000,0.00000,0.01381,0.00000,0.00000,0.00920,0.00000,0.00001,0.00293,0.04938,0.47365,0.00007,0.00000,0.03120,0.00347,0.00000,0.00078,0.00000,0.00000
0.23437,0.00000,0.00430,0.00000,0.02726,0.00000,0.02029,0.00000,0.00152,0.00000,0.00000,0.22538,0.00000,0.00000,0.00090,0.00460,0.07516,0.40621,0.00000,0.00000
0.86616,0.00000,0.00509,0.01113,0.02953,0.00000,0.00000,0.00001,0.00000,0.00672,0.00000,0.05262,0.00000,0.00000,0.00932,0.01543,0.00000,0.00001,0.00000,0.00396
0.35275,0.00000,0.00823,0.04435,0.00000,0.00000,0.28052,0.07186,0.02859,0.00000,0.00000,0.00722,0.00000,0.00000,0.01915,0.03212,0.00068,0.15450,0.00000,0.00002
0.01823,0.00000,0.52760,0.00005,0.17691,0.00000,0.00000,0.00543,0.16211,0.00000,0.01199,0.05881,0.03874,0.00000,0.00010,0.00000,0.00000,0.00002,0.00000,0.00000
0.38114,0.00000,0.00000,0.00000,0.00000,0.00000,0.00000,0.00348,0.00489,0.00001,0.01496,0.03726,0.00000,0.00000,0.12548,0.00000,0.00001,0.09372,0.00000,0.33905
0.44832,0.00000,0.00000,0.00000,0.02359,0.00003,0.00074,0.00061,0.00000,0.00000,0.00003,0.06018,0.00000,0.00000,0.42378,0.04200,0.00066,0.00000,0.00000,0.00005
0.80816,0.00000,0.00131,0.00000,0.00849,0.00000,0.00001,0.00046,0.00000,0.00000,0.00000,0.00010,0.00000,0.00000,0.00074,0.17550,0.00483,0.00000,0.00000,0.00039
0.27426,0.00000,0.00001,0.00000,0.00000,0.00475,0.07405,0.19026,0.00000,0.00000,0.04835,0.00096,0.00000,0.00000,0.36141,0.00000,0.04421,0.00175,0.00000,0.00000
0.69230,0.00000,0.02237,0.02861,0.12651,0.00003,0.00070,0.00000,0.00000,0.00000,0.00000,0.08431,0.00003,0.00000,0.00005,0.00002,0.04507,0.00000,0.00000,0.00000
0.17485,0.00000,0.00112,0.00085,0.00000,0.00005,0.00870,0.00000,0.00000,0.00000,0.00000,0.00031,0.00000,0.00000,0.39261,0.00156,0.00202,0.00000,0.00000,0.41793
0.14241,0.00003,0.25523,0.12864,0.00000,0.00000,0.00000,0.00117,0.00000,0.00166,0.00000,0.07885,0.02874,0.00000,0.00325,0.00003,0.00349,0.02146,0.00000,0.33504
0.06586,0.00000,0.10237,0.00673,0.00000,0.00000,0.21194,0.00522,0.01480,0.00150,0.00388,0.19759,0.00001,0.00000,0.14105,0.00000,0.00000,0.24879,0.00000,0.00027
0.19320,0.00000,0.24255,0.00000,0.00000,0.00000,0.02465,0.23826,0.00000,0.00000,0.00000,0.12080,0.00000,0.00000,0.06399,0.10529,0.00022,0.00000,0.00000,0.01103
0.43247,0.00003,0.00001,0.00001,0.00000,0.00061,0.06482,0.03048,0.04801,0.00000,0.00013,0.00228,0.00000,0.00000,0.00541,0.00500,0.19513,0.20642,0.00000,0.00918
0.63990,0.00000,0.00000,0.00768,0.00024,0.00000,0.00013,0.00000,0.00593,0.00000,0.00000,0.12628,0.00000,0.00000,0.00000,0.00055,0.09440,0.12488,0.00000,0.00000
0.16967,0.00000,0.00000,0.15658,0.00000,0.00091,0.00000,0.00000,0.00000,0.00000,0.00174,0.02483,0.00000,0.00000,0.64335,0.00192,0.00032,0.00000,0.00000,0.00068
0.54855,0.00000,0.00002,0.30721,0.00000,0.00000,0.00000,0.07607,0.00002,0.00000,0.00001,0.00018,0.00000,0.00000,0.06469,0.00007,0.00318,0.00000,0.00000,0.00000
0.20507,0.00000,0.00000,0.00214,0.00000,0.00000,0.00000,0.00000,0.00001,0.00302,0.00000,0.78916,0.00000,0.00000,0.00007,0.00012,0.00023,0.00000,0.00000,0.00017
0.10008,0.00001,0.00212,0.00074,0.00000,0.00000,0.04057,0.00008,0.02234,0.00000,0.25626,0.41296,0.00000,0.00006,0.01480,0.00000,0.00000,0.06939,0.00000,0.08060
0.38487,0.00069,0.00114,0.00649,0.00001,0.00000,0.27780,0.00000,0.12220,0.00423,0.00233,0.02146,0.00000,0.00000,0.00002,0.17871,0.00004,0.00000,0.00000,0.00000
0.89426,0.00000,0.01311,0.00226,0.00000,0.00000,0.00001,0.00000,0.00001,0.06746,0.00007,0.00066,0.00000,0.00000,0.00020,0.00113,0.00078,0.00201,0.00000,0.01804
0.69163,0.00000,0.00035,0.00000,0.00000,0.00000,0.00000,0.01333,0.00000,0.00000,0.00000,0.07717,0.00003,0.00000,0.04176,0.00000,0.17167,0.00000,0.00000,0.00407
0.22359,0.00000,0.00017,0.00000,0.05971,0.00000,0.00000,0.00570,0.00000,0.00537,0.00001,0.00977,0.00000,0.00000,0.19243,0.49551,0.00774,0.00000,0.00000,0.00000
0.36774,0.00000,0.02380,0.02182,0.13720,0.00000,0.00000,0.25755,0.00000,0.00361,0.00197,0.12845,0.00140,0.00000,0.03568,0.00001,0.00004,0.01781,0.00000,0.00293
0.21977,0.00000,0.00336,0.00000,0.00000,0.00001,0.00000,0.00000,0.00000,0.19991,0.00000,0.17297,0.00005,0.00000,0.00004,0.15996,0.09343,0.00002,0.00000,0.15047
0.33961,0.57444,0.00000,0.00000,0.00000,0.00000,0.00000,0.00000,0.05904,0.00000,0.00000,0.02234,0.00000,0.00000,0.00078,0.00369,0.00000,0.00009,0.00000,0.00000
0.67228,0.00000,0.00400,0.08995,0.00000,0.00000,0.00000,0.00000,0.00100,0.00093,0.00000,0.01481,0.00000,0.00000,0.08021,0.00046,0.07781,0.00011,0.00000,0.05844
0.12450,0.00000,0.00356,0.00740,0.00000,0.00000,0.00075,0.00480,0.04341,0.05056,0.00000,0.69939,0.00802,0.00000,0.00035,0.04914,0.00813,0.00000,0.00000,0.00000
0.30106,0.00000,0.04819,0.00020,0.00000,0.00000,0.00891,0.00874,0.00000,0.00000,0.00736,0.19181,0.00000,0.00000,0.00048,0.00000,0.05874,0.37007,0.00000,0.00444
0.22344,0.56775,0.00289,0.02553,0.00007,0.00000,0.00001,0.00000,0.00128,0.00155,0.00000,0.01100,0.00014,0.00000,0.02437,0.00000,0.14195,0.00002,0.00000,0.00000
0.04331,0.00000,0.00013,0.00000,0.00001,0.00000,0.00000,0.00000,0.00000,0.00000,0.00000,0.09163,0.00000,0.00000,0.15959,0.00007,0.00459,0.00283,0.00000,0.69782
0.17907,0.00024,0.00051,0.06362,0.03765,0.00474,0.00637,0.07724,0.02101,0.00322,0.00000,0.09795,0.14358,0.00000,0.14855,0.00000,0.19472,0.00130,0.00000,0.02020
0.68468,0.00000,0.06621,0.00000,0.01884,0.00000,0.00000,0.00843,0.06841,0.00000,0.00000,0.02370,0.00000,0.00000,0.00387,0.00427,0.00016,0.00370,0.00000,0.11773
0.02462,0.00000,0.75628,0.00000,0.00000,0.00981,0.00000,0.00000,0.00011,0.00000,0.00000,0.00175,0.00000,0.00000,0.02134,0.00000,0.18610,0.00000,0.00000,0.00000
0.79539,0.00007,0.00019,0.00000,0.00000,0.00000,0.00000,0.00000,0.00634,0.00000,0.00093,0.12799,0.00000,0.00000,0.03271,0.00013,0.02670,0.00005,0.00000,0.00949
0.11350,0.00000,0.00054,0.00000,0.11977,0.00000,0.00000,0.00143,0.10591,0.00000,0.00000,0.14420,0.00048,0.00000,0.00014,0.28576,0.16071,0.06363,0.00000,0.00394
0.61485,0.00000,0.00336,0.00082,0.07604,0.00000,0.00000,0.00000,0.00028,0.00009,0.02556,0.17481,0.00000,0.00000,0.00063,0.02663,0.00040,0.00785,0.00000,0.06869
0.04328,0.00000,0.02312,0.00805,0.00002,0.00000,0.00019,0.13877,0.00004,0.36352,0.00000,0.36918,0.00000,0.00000,0.00255,0.00000,0.05043,0.00000,0.00000,0.00085
0.34354,0.00000,0.00001,0.00000,0.00000,0.00000,0.00000,0.00000,0.00000,0.00000,0.00097,0.01357,0.00000,0.00000,0.01559,0.00001,0.01222,0.61409,0.00000,0.00000
0.54485,0.00000,0.00015,0.00589,0.00000,0.00009,0.01291,0.01340,0.00194,0.04012,0.00000,0.03146,0.00003,0.00000,0.31144,0.00000,0.00032,0.03738,0.00000,0.00001
0.25187,0.00000,0.00224,0.00000,0.00000,0.00000,0.00000,0.00000,0.00003,0.00000,0.00901,0.02207,0.00000,0.00000,0.40640,0.00000,0.30838,0.00000,0.00000,0.00000
0.75313,0.00000,0.00002,0.01582,0.00000,0.00010,0.00000,0.00000,0.00000,0.00000,0.00000,0.03526,0.00000,0.00000,0.00355,0.06378,0.00059,0.07394,0.00000,0.05380
0.24548,0.00000,0.33896,0.00009,0.00000,0.00000,0.20061,0.00001,0.00000,0.00000,0.00000,0.04826,0.00000,0.00000,0.10215,0.00000,0.05590,0.00000,0.00000,0.00854
0.19265,0.00000,0.05598,0.00629,0.00000,0.00003,0.00002,0.00002,0.00000,0.00000,0.00009,0.15954,0.00330,0.00000,0.00637,0.19410,0.01335,0.00000,0.00000,0.36827
0.47255,0.00000,0.00197,0.00073,0.00001,0.00000,0.00000,0.00000,0.00638,0.00001,0.00000,0.46358,0.00000,0.00000,0.00580,0.00536,0.00035,0.04325,0.00000,0.00000
0.13610,0.00000,0.00034,0.00000,0.00009,0.00000,0.00000,0.00000,0.01552,0.23832,0.00079,0.23838,0.00000,0.00000,0.32928,0.03345,0.00537,0.00012,0.00000,0.00224
0.48652,0.00000,0.02881,0.01033,0.00000,0.00000,0.16961,0.00000,0.00459,0.00000,0.00000,0.02540,0.00000,0.00000,0.27374,0.00021,0.00079,0.00000,0.00000,0.00000
0.28173,0.00055,0.00000,0.00000,0.28670,0.00000,0.00001,0.00000,0.00880,0.00000,0.18616,0.01530,0.06111,0.00008,0.00358,0.00001,0.02403,0.13194,0.00000,0.00001
0.78664,0.00000,0.07340,0.00118,0.00000,0.00000,0.01528,0.00000,0.00982,0.00000,0.00005,0.06889,0.00001,0.00000,0.02882,0.00940,0.00019,0.00001,0.00000,0.00631
0.68308,0.00000,0.00007,0.00127,0.01693,0.00000,0.00000,0.00001,0.02827,0.00000,0.00783,0.26148,0.00000,0.00000,0.00003,0.00023,0.00000,0.00000,0.00000,0.00080
0.15529,0.00000,0.00212,0.01877,0.00000,0.00009,0.00078,0.00000,0.00000,0.01454,0.00069,0.31327,0.00000,0.00000,0.00551,0.03396,0.01863,0.02618,0.00000,0.41015
0.48206,0.00000,0.06362,0.00000,0.00000,0.00000,0.02610,0.00000,0.00793,0.01642,0.00313,0.11360,0.00851,0.00000,0.27006,0.00057,0.00733,0.00000,0.00000,0.00068
0.36631,0.00000,0.17888,0.16897,0.00000,0.00000,0.00000,0.00694,0.01225,0.00000,0.00000,0.01677,0.00000,0.00000,0.00013,0.00002,0.00331,0.22441,0.00000,0.02202
0.31535,0.00000,0.00000,0.33232,0.00000,0.00000,0.00498,0.00000,0.05700,0.00000,0.10904,0.00025,0.00000,0.02523,0.00677,0.12511,0.02283,0.00111,0.00000,0.00000
0.65159,0.00000,0.00948,0.00000,0.00000,0.00000,0.00018,0.00000,0.00000,0.00008,0.00000,0.06227,0.00002,0.00000,0.00001,0.00000,0.06958,0.00000,0.00000,0.20678
0.92957,0.00000,0.04327,0.00079,0.00000,0.00000,0.00001,0.00302,0.02208,0.00000,0.00000,0.00013,0.00000,0.00000,0.00000,0.00000,0.00061,0.00050,0.00000,0.00001
0.47382,0.00000,0.00000,0.00000,0.00000,0.00000,0.00000,0.00000,0.00000,0.00001,0.00000,0.14252,0.00000,0.00000,0.00722,0.00002,0.12590,0.00399,0.00000,0.24651
0.53257,0.00000,0.00306,0.08251,0.00000,0.00000,0.00031,0.01406,0.06116,0.00000,0.00000,0.22645,0.00000,0.00000,0.07963,0.00000,0.00021,0.00000,0.00000,0.00003
0.10114,0.00000,0.04189,0.03233,0.00000,0.00000,0.00010,0.00000,0.00000,0.00000,0.65934,0.01122,0.00137,0.00000,0.01337,0.00000,0.00002,0.11174,0.00000,0.02749
0.07351,0.00000,0.00069,0.00099,0.00000,0.00000,0.00002,0.00000,0.00215,0.15083,0.00000,0.03198,0.00233,0.00000,0.08820,0.44328,0.20601,0.00000,0.00000,0.00000
0.74145,0.00000,0.00024,0.06378,0.00000,0.00000,0.00000,0.00000,0.00008,0.00000,0.00000,0.06608,0.00000,0.00000,0.01984,0.00007,0.02955,0.00026,0.00000,0.07865
0.78170,0.00002,0.00030,0.00818,0.00000,0.00000,0.01668,0.00000,0.01294,0.00000,0.00411,0.07999,0.00000,0.00000,0.01936,0.00112,0.00000,0.07560,0.00000,0.00000
0.71427,0.00000,0.18428,0.00032,0.00000,0.00002,0.02309,0.00000,0.00000,0.04091,0.00000,0.01214,0.00053,0.00000,0.02272,0.00006,0.00120,0.00007,0.00000,0.00040
0.17976,0.31825,0.00039,0.00000,0.00000,0.00000,0.00755,0.00000,0.01709,0.00000,0.00006,0.14369,0.00000,0.00000,0.20251,0.02469,0.05007,0.05587,0.00000,0.00005
0.58330,0.00000,0.00000,0.00005,0.00000,0.00000,0.00041,0.00050,0.00246,0.08769,0.00000,0.00256,0.00000,0.00000,0.14965,0.00045,0.05129,0.08914,0.00000,0.03251
0.19458,0.00000,0.10717,0.00000,0.02144,0.01432,0.00000,0.01457,0.13615,0.00000,0.00001,0.29179,0.00000,0.00000,0.00269,0.00028,0.07935,0.00014,0.00000,0.13751
0.26404,0.00000,0.00058,0.00000,0.00000,0.00000,0.00004,0.00000,0.00080,0.00009,0.00000,0.00114,0.00000,0.00000,0.04621,0.00000,0.32519,0.36192,0.00000,0.00000
0.87031,0.00000,0.00000,0.07444,0.00000,0.00000,0.00000,0.00079,0.00112,0.00000,0.00000,0.01804,0.00266,0.00000,0.00558,0.00000,0.02112,0.00583,0.00000,0.00012
0.68356,0.00000,0.00005,0.02806,0.00000,0.00000,0.00242,0.00000,0.01254,0.00168,0.00004,0.05314,0.00005,0.00000,0.00042,0.00113,0.00006,0.21686,0.00000,0.00000
0.25700,0.00000,0.00000,0.00698,0.00000,0.00000,0.00340,0.00211,0.00074,0.00001,0.05879,0.00354,0.00000,0.38893,0.01573,0.00123,0.24121,0.00120,0.00000,0.01914
0.83665,0.00000,0.00000,0.02535,0.00000,0.00002,0.00000,0.00000,0.02019,0.00038,0.00000,0.01229,0.00000,0.00000,0.00973,0.05294,0.00160,0.04081,0.00000,0.00004
0.74716,0.00000,0.00006,0.00004,0.00000,0.00000,0.00000,0.00000,0.00000,0.10000,0.00000,0.00403,0.00000,0.00000,0.13325,0.00795,0.00724,0.00026,0.00000,0.00000
0.29410,0.00000,0.00646,0.11356,0.00000,0.00000,0.00385,0.00000,0.00000,0.00000,0.00000,0.25177,0.00000,0.00000,0.25524,0.00426,0.04366,0.00000,0.00000,0.02709
0.23913,0.00000,0.00000,0.00000,0.00023,0.00000,0.00000,0.10728,0.01295,0.00000,0.00000,0.44864,0.00000,0.00000,0.17699,0.00663,0.00001,0.00000,0.00000,0.00814
0.26459,0.00000,0.00000,0.12822,0.00000,0.00000,0.00000,0.00000,0.15105,0.00000,0.00333,0.28975,0.00000,0.00000,0.12204,0.00000,0.02512,0.00000,0.00000,0.01591
0.16034,0.00000,0.00281,0.00023,0.00000,0.00000,0.00000,0.00000,0.48549,0.00002,0.00003,0.27287,0.00000,0.00000,0.00170,0.04096,0.03545,0.00003,0.00000,0.00009
0.47570,0.01154,0.00005,0.10346,0.00000,0.00045,0.00001,0.23805,0.00000,0.00000,0.00000,0.04136,0.00000,0.00000,0.00359,0.00001,0.00000,0.00428,0.12149,0.00000
0.17876,0.00000,0.00000,0.02007,0.08082,0.00000,0.00531,0.00000,0.05720,0.00000,0.02538,0.06355,0.56379,0.00000,0.00273,0.00007,0.00000,0.00009,0.00000,0.00223
0.59481,0.00000,0.00000,0.01469,0.00000,0.00056,0.00000,0.00000,0.01025,0.19669,0.01479,0.00192,0.00277,0.00000,0.01985,0.02712,0.05636,0.06019,0.00000,0.00000
0.24236,0.00000,0.01199,0.00000,0.00000,0.00000,0.00000,0.00000,0.27039,0.00004,0.00000,0.08743,0.00000,0.00000,0.04318,0.33962,0.00429,0.00033,0.00000,0.00037
0.52951,0.00000,0.00000,0.00000,0.00000,0.00001,0.10143,0.01466,0.00307,0.00000,0.00412,0.13054,0.00001,0.00000,0.20951,0.00000,0.00003,0.00185,0.00000,0.00525
0.65137,0.00000,0.00129,0.00004,0.00000,0.00000,0.00000,0.00003,0.00000,0.13714,0.00000,0.03327,0.00000,0.00000,0.15599,0.00553,0.01533,0.00001,0.00000,0.00000
0.70748,0.00000,0.00000,0.00000,0.00618,0.01903,0.00000,0.00000,0.00971,0.01726,0.00000,0.00557,0.00000,0.00000,0.01020,0.00001,0.22297,0.00158,0.00000,0.00001
0.08351,0.00000,0.00047,0.00000,0.00078,0.00003,0.02595,0.00000,0.00000,0.52526,0.00000,0.02421,0.00000,0.00000,0.00116,0.04435,0.03359,0.25321,0.00000,0.00747
0.23725,0.00000,0.02816,0.00000,0.00124,0.00000,0.00000,0.00000,0.00000,0.00000,0.00028,0.09084,0.00000,0.00000,0.00473,0.26031,0.01068,0.36652,0.00000,0.00000
0.07794,0.00000,0.00024,0.23027,0.13748,0.00000,0.00036,0.00000,0.07299,0.07598,0.00000,0.17826,0.00000,0.00000,0.00112,0.10333,0.00387,0.00007,0.00000,0.11808
0.19206,0.00000,0.10207,0.20546,0.00000,0.00546,0.00000,0.00034,0.00000,0.02839,0.00000,0.07449,0.00105,0.00000,0.14911,0.00014,0.14671,0.09471,0.00000,0.00000
0.63722,0.00000,0.00947,0.00783,0.00000,0.00000,0.00251,0.00000,0.00006,0.00000,0.00000,0.13541,0.00000,0.00000,0.01031,0.00006,0.19625,0.00070,0.00000,0.00017
0.36197,0.00000,0.22241,0.04688,0.00000,0.00000,0.00000,0.00001,0.00002,0.00000,0.00000,0.12068,0.00000,0.00000,0.00003,0.00360,0.23718,0.00000,0.00000,0.00722
0.37869,0.02111,0.00002,0.00000,0.00615,0.00000,0.00000,0.00024,0.00000,0.00000,0.00000,0.28337,0.00000,0.00000,0.00020,0.00686,0.02975,0.26193,0.00000,0.01169
0.01836,0.00000,0.37246,0.06054,0.00000,0.00000,0.00000,0.00001,0.00000,0.00000,0.00000,0.01247,0.00000,0.00000,0.29209,0.00017,0.00631,0.23755,0.00000,0.00004
0.28943,0.02658,0.00000,0.00000,0.00025,0.00011,0.01376,0.00000,0.00000,0.00000,0.01827,0.55622,0.02466,0.00000,0.06910,0.00000,0.00001,0.00161,0.00000,0.00000
0.34394,0.00000,0.00248,0.00000,0.00000,0.00000,0.00311,0.00000,0.00000,0.00227,0.00002,0.56233,0.00000,0.00000,0.01203,0.00980,0.06160,0.00000,0.00000,0.00243
0.59582,0.00015,0.01664,0.00001,0.00001,0.00000,0.00003,0.00000,0.00034,0.00112,0.06207,0.00051,0.00000,0.00000,0.00008,0.00093,0.15130,0.09045,0.00000,0.08053
0.47024,0.00000,0.00000,0.00000,0.00006,0.00000,0.00000,0.00000,0.00254,0.00000,0.00000,0.25649,0.00000,0.00000,0.00267,0.22763,0.00000,0.00032,0.00000,0.04005
0.56436,0.00000,0.00251,0.00011,0.00000,0.00000,0.00001,0.00163,0.00000,0.00097,0.00002,0.00025,0.00000,0.00000,0.00048,0.00116,0.38316,0.00000,0.00000,0.04535
0.08224,0.00000,0.21898,0.00229,0.02040,0.00000,0.05353,0.00000,0.00184,0.00000,0.00275,0.08316,0.00000,0.00000,0.08580,0.44844,0.00049,0.00002,0.00000,0.00005
0.20125,0.00000,0.00000,0.00000,0.00746,0.00000,0.00079,0.00002,0.00000,0.53901,0.05468,0.01256,0.00000,0.00000,0.11103,0.00000,0.00533,0.02315,0.00000,0.04472
0.45636,0.00000,0.00549,0.16983,0.00000,0.00000,0.00005,0.00000,0.00000,0.00000,0.00000,0.26766,0.00000,0.00000,0.00033,0.00015,0.00991,0.00706,0.00000,0.08316
0.76175,0.00000,0.00024,0.00019,0.00894,0.00000,0.00297,0.00001,0.09401,0.02778,0.00000,0.06413,0.00000,0.00000,0.00570,0.00003,0.00231,0.03195,0.00000,0.00000
0.86698,0.00000,0.00037,0.06419,0.00000,0.00000,0.02344,0.00647,0.00230,0.00000,0.00553,0.02574,0.00000,0.00000,0.00000,0.00001,0.00002,0.00000,0.00000,0.00495
0.50434,0.00000,0.00000,0.00007,0.00000,0.00000,0.00402,0.00000,0.00002,0.00167,0.00000,0.38026,0.00000,0.00000,0.06218,0.00013,0.04729,0.00002,0.00000,0.00000
0.10685,0.00000,0.00000,0.00121,0.00000,0.00202,0.06253,0.00000,0.00000,0.00000,0.00000,0.23584,0.00000,0.02842,0.45723,0.00011,0.00130,0.00000,0.00000,0.10449
0.18157,0.00000,0.02559,0.00000,0.00000,0.00000,0.05249,0.01808,0.00018,0.00000,0.00003,0.16783,0.00021,0.00000,0.09047,0.03483,0.37794,0.00000,0.00000,0.05080
0.76884,0.00420,0.00000,0.00000,0.00000,0.00000,0.00000,0.00000,0.00000,0.00000,0.00000,0.17953,0.00000,0.00000,0.03040,0.00800,0.00331,0.00076,0.00000,0.00495
0.07368,0.00000,0.14024,0.00000,0.00000,0.00000,0.01681,0.00000,0.68838,0.00000,0.00599,0.00569,0.00017,0.00000,0.01990,0.00173,0.00139,0.00066,0.00000,0.04534
0.56748,0.00005,0.09588,0.00000,0.00000,0.00000,0.00050,0.00000,0.00000,0.00000,0.01772,0.02843,0.17911,0.00000,0.00108,0.04665,0.00000,0.00000,0.00000,0.06310
0.00031,0.00000,0.09138,0.00000,0.10117,0.00580,0.00794,0.00000,0.02554,0.00180,0.15637,0.00003,0.00308,0.00000,0.00003,0.46898,0.00714,0.13043,0.00001,0.00000
0.84003,0.00000,0.00004,0.02085,0.00000,0.00000,0.00000,0.00000,0.00000,0.00616,0.00000,0.00529,0.00000,0.00000,0.02164,0.00000,0.08877,0.01716,0.00000,0.00005
0.20365,0.03180,0.00504,0.02480,0.00277,0.00000,0.00000,0.00000,0.00000,0.00000,0.11108,0.37940,0.00000,0.00000,0.07553,0.12831,0.03748,0.00001,0.00000,0.00013
0.33244,0.00000,0.03524,0.43609,0.00000,0.00000,0.04124,0.00000,0.00179,0.00010,0.00000,0.11568,0.00005,0.00000,0.00922,0.00049,0.02539,0.00000,0.00000,0.00226
0.45189,0.00000,0.00333,0.00077,0.00000,0.00000,0.00000,0.00000,0.17680,0.00000,0.00000,0.25681,0.00000,0.00000,0.00013,0.00025,0.00000,0.00000,0.00000,0.11003
0.42894,0.00000,0.00058,0.00141,0.00000,0.00015,0.00020,0.00000,0.47076,0.09327,0.00000,0.00029,0.00000,0.00000,0.00271,0.00010,0.00035,0.00068,0.00000,0.00054
0.48348,0.00000,0.00000,0.00012,0.00000,0.00000,0.00000,0.00000,0.07535,0.00000,0.00000,0.17773,0.00000,0.00000,0.03464,0.00001,0.01728,0.00000,0.00000,0.21139
0.18144,0.00000,0.00712,0.00000,0.01965,0.00000,0.05615,0.00000,0.02780,0.00002,0.00000,0.67317,0.00004,0.00000,0.02960,0.00000,0.00488,0.00000,0.00000,0.00013
0.78820,0.00000,0.00180,0.00000,0.01142,0.00000,0.00000,0.00000,0.00000,0.00000,0.00163,0.02959,0.00000,0.00000,0.00209,0.13866,0.00000,0.01584,0.00000,0.01078
0.32141,0.00000,0.00021,0.32847,0.00001,0.00000,0.00000,0.00000,0.00000,0.00000,0.00000,0.27677,0.02627,0.00000,0.00000,0.00040,0.00001,0.02733,0.00000,0.01911
0.40613,0.00000,0.01336,0.00000,0.00000,0.00000,0.12224,0.00000,0.00000,0.00000,0.00000,0.26144,0.00000,0.00000,0.17563,0.00306,0.00094,0.00123,0.00000,0.01597
0.23074,0.00000,0.00002,0.00000,0.01211,0.00000,0.06373,0.00000,0.00000,0.00517,0.60087,0.03379,0.00000,0.00000,0.00020,0.00004,0.00122,0.00117,0.00000,0.05095
0.10069,0.00000,0.00115,0.26095,0.00000,0.00000,0.02416,0.00337,0.00000,0.00000,0.00000,0.03524,0.00000,0.00000,0.02742,0.03963,0.00521,0.00065,0.00000,0.50152
