0.39333,0.15774,0.12033,0.01739,0.04895,0.19049,0.01907,0.02187,0.01337,0.01747
0.45640,0.17371,0.11940,0.02742,0.05946,0.05567,0.02663,0.03159,0.02496,0.02476
0.50706,0.20831,0.09435,0.02098,0.04126,0.05873,0.01958,0.01905,0.01421,0.01646
0.53679,0.14890,0.05398,0.01883,0.03394,0.12055,0.02320,0.02883,0.01831,0.01668
0.46218,0.18261,0.19613,0.01661,0.05133,0.02440,0.01516,0.01959,0.01556,0.01644
0.38649,0.20101,0.18717,0.02724,0.08537,0.03537,0.02426,0.01925,0.01480,0.01904
0.38796,0.15224,0.12318,0.03046,0.07619,0.10688,0.03655,0.03253,0.02572,0.02828
0.42117,0.17385,0.12490,0.03005,0.05520,0.04603,0.03516,0.04726,0.03676,0.02963
0.43222,0.19526,0.06938,0.01782,0.04440,0.12448,0.02553,0.03176,0.02558,0.03358
0.39439,0.23158,0.18957,0.02211,0.06107,0.02264,0.02167,0.02275,0.01593,0.01827
0.38248,0.25777,0.19010,0.02322,0.05531,0.02051,0.01628,0.01907,0.01782,0.01745
0.38353,0.20060,0.10082,0.02295,0.05460,0.14155,0.02436,0.03094,0.01926,0.02140
0.44152,0.13132,0.14265,0.03298,0.09122,0.06452,0.02861,0.02492,0.01800,0.02426
0.60916,0.14535,0.10088,0.01594,0.03781,0.03662,0.01727,0.01411,0.00932,0.01353
0.33032,0.43304,0.07836,0.01631,0.04292,0.03120,0.01679,0.01950,0.01477,0.01678
0.29588,0.20232,0.15451,0.04191,0.15398,0.02944,0.03510,0.03436,0.02482,0.02769
0.34973,0.20519,0.16472,0.04849,0.09403,0.02005,0.02196,0.03875,0.02894,0.02812
0.47064,0.22303,0.09633,0.02421,0.06176,0.02522,0.02281,0.02884,0.02220,0.02496
0.58389,0.15606,0.10375,0.01627,0.04060,0.03383,0.02065,0.01711,0.01125,0.01659
0.58713,0.13170,0.10464,0.01655,0.03553,0.04550,0.02414,0.02149,0.01390,0.01942
0.37331,0.20588,0.14336,0.02561,0.06581,0.07809,0.02942,0.02867,0.02193,0.02791
0.50708,0.23029,0.11158,0.01555,0.03734,0.04063,0.01466,0.01616,0.01226,0.01444
0.37421,0.24882,0.10491,0.03009,0.07812,0.05872,0.02474,0.02852,0.02596,0.02592
0.62392,0.14006,0.09384,0.01501,0.03974,0.03938,0.01303,0.01333,0.00882,0.01288
0.26800,0.39018,0.14540,0.01395,0.03757,0.08572,0.01507,0.01981,0.01016,0.01414
0.35805,0.16435,0.12722,0.03517,0.08187,0.06693,0.04182,0.03196,0.02829,0.06436
0.27188,0.26869,0.23209,0.02385,0.07366,0.04572,0.02091,0.02113,0.01981,0.02226
0.47548,0.29410,0.11770,0.01181,0.03573,0.02508,0.01081,0.01052,0.00798,0.01079
0.63214,0.13806,0.08546,0.01449,0.03935,0.03166,0.01659,0.01571,0.01014,0.01641
0.49167,0.16758,0.13059,0.01769,0.04471,0.06393,0.02156,0.02224,0.01567,0.02436
0.25223,0.28326,0.26924,0.02393,0.06440,0.03070,0.02487,0.01867,0.01338,0.01932
0.39137,0.24168,0.15659,0.01337,0.05319,0.08054,0.02014,0.01784,0.01224,0.01305
0.46560,0.16535,0.13925,0.02358,0.08482,0.02942,0.02003,0.02557,0.02231,0.02407
0.38742,0.27173,0.08766,0.03612,0.08668,0.02331,0.02269,0.03604,0.02367,0.02467
0.35435,0.27294,0.24546,0.01238,0.03450,0.03270,0.01237,0.01230,0.01125,0.01174
0.42083,0.34117,0.07702,0.01589,0.04117,0.04479,0.01612,0.01778,0.01068,0.01455
0.27245,0.25474,0.15575,0.02143,0.05475,0.11739,0.03889,0.03165,0.02781,0.02512
0.43527,0.17591,0.10347,0.01740,0.04301,0.14939,0.02325,0.01931,0.01673,0.01626
0.33241,0.19123,0.12395,0.02094,0.05400,0.15507,0.04963,0.03526,0.01572,0.02180
0.42312,0.17434,0.14939,0.02242,0.06720,0.05701,0.02687,0.02989,0.02299,0.02676
0.59266,0.15167,0.11804,0.01068,0.03215,0.05048,0.01523,0.01214,0.00784,0.00912
0.54396,0.16891,0.11737,0.01412,0.03699,0.03573,0.01828,0.02514,0.01920,0.02030
0.32413,0.13133,0.17979,0.04114,0.10970,0.09850,0.02958,0.03310,0.03010,0.02262
0.48372,0.20033,0.13566,0.01323,0.04700,0.04989,0.02297,0.01907,0.01379,0.01432
0.57502,0.10905,0.08731,0.01303,0.03046,0.12151,0.01962,0.01766,0.01278,0.01354
0.42105,0.17037,0.18302,0.02414,0.05956,0.04209,0.02218,0.02612,0.01969,0.03178
0.40362,0.23506,0.14894,0.02230,0.05440,0.05029,0.02371,0.02311,0.01466,0.02391
0.35489,0.27156,0.19390,0.02215,0.05861,0.02970,0.02151,0.01667,0.01328,0.01774
0.25877,0.18499,0.16620,0.03341,0.08548,0.08049,0.05161,0.07470,0.02759,0.03677
0.48887,0.19729,0.13532,0.01477,0.05240,0.04621,0.01850,0.02026,0.01154,0.01485
0.51960,0.18681,0.10570,0.01444,0.03655,0.07396,0.01881,0.01708,0.01067,0.01639
0.44309,0.27450,0.14140,0.01569,0.03747,0.02939,0.01357,0.01569,0.01401,0.01519
0.44325,0.11661,0.12848,0.02504,0.05596,0.12216,0.02987,0.02752,0.02304,0.02807
0.57121,0.13776,0.11629,0.02274,0.06955,0.02588,0.01555,0.01556,0.01285,0.01261
0.43731,0.16771,0.24811,0.02487,0.04910,0.01660,0.01172,0.01522,0.01362,0.01574
0.40492,0.29171,0.12348,0.01507,0.03622,0.06810,0.01594,0.01800,0.01158,0.01499
0.33744,0.14043,0.10924,0.03767,0.09819,0.11463,0.04021,0.04178,0.03997,0.04045
0.63522,0.12960,0.07653,0.01711,0.05282,0.02727,0.01677,0.01666,0.01537,0.01265
0.38460,0.23543,0.16731,0.02168,0.06001,0.03521,0.01969,0.02472,0.02011,0.03123
0.31468,0.23084,0.19787,0.03638,0.11510,0.01803,0.02155,0.02030,0.02111,0.02413
0.37648,0.12482,0.13227,0.03364,0.05691,0.06984,0.05969,0.06547,0.03489,0.04598
0.32751,0.25345,0.16007,0.02049,0.05441,0.11899,0.01937,0.01793,0.01078,0.01699
0.61225,0.15609,0.05967,0.01457,0.03420,0.04316,0.02217,0.02225,0.01504,0.02061
0.44065,0.20960,0.15237,0.01927,0.04744,0.06265,0.01964,0.01804,0.01465,0.01568
0.46017,0.20236,0.15093,0.02184,0.05433,0.03642,0.01713,0.02182,0.01547,0.01954
0.49347,0.11502,0.12936,0.01920,0.04878,0.07961,0.03059,0.03017,0.02353,0.03029
0.41866,0.14086,0.12414,0.03645,0.06385,0.08155,0.03755,0.03794,0.02482,0.03418
0.49996,0.26166,0.08650,0.01548,0.04722,0.03218,0.01796,0.01429,0.01144,0.01332
0.29405,0.20948,0.23889,0.02011,0.07450,0.08326,0.02223,0.02033,0.01467,0.02248
0.34450,0.21253,0.17494,0.03022,0.07777,0.03809,0.02864,0.03324,0.02668,0.03338
0.29551,0.16745,0.21954,0.05449,0.10129,0.04205,0.04369,0.02850,0.02374,0.02375
0.57201,0.13091,0.10878,0.01797,0.05330,0.03569,0.02283,0.02157,0.01692,0.02001
0.28050,0.32559,0.09541,0.03193,0.06123,0.07413,0.04040,0.03528,0.02662,0.02892
0.28329,0.35983,0.15386,0.01623,0.03880,0.09422,0.01456,0.01463,0.01032,0.01427
0.52959,0.22701,0.10629,0.01288,0.02548,0.04163,0.01645,0.01562,0.01127,0.01378
0.38852,0.22965,0.16750,0.02502,0.06409,0.02915,0.02348,0.02853,0.01739,0.02667
0.42351,0.21045,0.11930,0.02612,0.06224,0.04260,0.02588,0.03481,0.02765,0.02744
0.49343,0.15406,0.08342,0.02555,0.04017,0.09134,0.03262,0.03728,0.01902,0.02310
0.44184,0.21228,0.13770,0.01696,0.04837,0.07366,0.02233,0.02017,0.01179,0.01488
0.36811,0.25361,0.12702,0.02617,0.05945,0.03291,0.02299,0.03606,0.02801,0.04568
0.48393,0.14834,0.11550,0.02182,0.07114,0.03251,0.03340,0.04524,0.02312,0.02499
0.37523,0.15546,0.13632,0.04705,0.09371,0.04891,0.03404,0.04601,0.02937,0.03390
0.28782,0.31369,0.14037,0.03175,0.05477,0.05036,0.03059,0.03747,0.02674,0.02643
0.53059,0.16978,0.10873,0.01546,0.05457,0.05754,0.02107,0.01803,0.01098,0.01325
0.60202,0.08470,0.07748,0.01256,0.03811,0.12959,0.01658,0.01357,0.01143,0.01395
0.31590,0.20828,0.11354,0.02315,0.05350,0.19877,0.03243,0.02095,0.01415,0.01933
0.47794,0.12099,0.13191,0.02256,0.04424,0.09788,0.03696,0.02402,0.01945,0.02406
0.34174,0.27414,0.18640,0.01805,0.04692,0.06242,0.01761,0.02227,0.01255,0.01791
0.33821,0.21689,0.16123,0.02299,0.06782,0.09587,0.03058,0.02522,0.01778,0.02341
0.41289,0.14888,0.10198,0.02969,0.07101,0.11182,0.03518,0.03911,0.02071,0.02873
0.57458,0.10622,0.10092,0.01480,0.04267,0.09888,0.01695,0.01634,0.01377,0.01488
0.25390,0.32125,0.20133,0.02461,0.08095,0.04173,0.02164,0.02199,0.01495,0.01766
0.53861,0.10935,0.10814,0.02604,0.05783,0.06490,0.02603,0.02517,0.02001,0.02393
0.28339,0.20027,0.18144,0.03107,0.08180,0.07250,0.04042,0.04121,0.02920,0.03869
0.57382,0.09304,0.08281,0.02256,0.04290,0.10495,0.02454,0.02089,0.01479,0.01970
0.52620,0.14909,0.13139,0.01829,0.03986,0.04408,0.02432,0.02517,0.01974,0.02186
0.42998,0.17383,0.17183,0.02447,0.10201,0.02473,0.01541,0.01989,0.01647,0.02139
0.41021,0.18609,0.17617,0.02173,0.08926,0.06121,0.01661,0.01618,0.01053,0.01202
0.45709,0.15408,0.10207,0.02024,0.05152,0.10721,0.03371,0.02854,0.02162,0.02391
0.56151,0.13821,0.12002,0.02525,0.06381,0.02183,0.01896,0.01833,0.01559,0.01650
