0.00144,0.01396,0.06642,0.00002,0.02989,0.03764,0.00000,0.09302,0.00000,0.04523,0.11727,0.55346,0.00167,0.03624,0.00374
0.01655,0.13104,0.00207,0.01532,0.08626,0.19773,0.02687,0.23864,0.00000,0.05031,0.00000,0.02092,0.03222,0.08236,0.09972
0.42775,0.00537,0.01448,0.00000,0.03158,0.00040,0.00718,0.08717,0.00000,0.00002,0.00000,0.28593,0.00288,0.10281,0.03443
0.10581,0.04940,0.16449,0.02675,0.00004,0.02206,0.00364,0.06873,0.00000,0.15265,0.00005,0.26526,0.01109,0.12637,0.00366
0.12996,0.04526,0.07917,0.03203,0.08641,0.00254,0.00000,0.07794,0.00000,0.03973,0.00036,0.29768,0.00166,0.09102,0.11623
0.22080,0.11269,0.01184,0.03403,0.00678,0.00000,0.00350,0.01994,0.00000,0.02106,0.00000,0.32163,0.00206,0.03177,0.21390
0.02552,0.00067,0.01164,0.00174,0.00871,0.05562,0.00326,0.00209,0.00000,0.00419,0.23372,0.47063,0.07072,0.06507,0.04641
0.09498,0.00339,0.03666,0.00000,0.00023,0.00262,0.00002,0.20705,0.00000,0.00605,0.00001,0.07236,0.29910,0.26603,0.01150
0.03083,0.02431,0.03806,0.00030,0.00116,0.00039,0.22869,0.07372,0.00000,0.04669,0.01684,0.30175,0.11924,0.00069,0.11734
0.23421,0.01703,0.00012,0.02711,0.04050,0.00023,0.00361,0.00228,0.00000,0.00299,0.00000,0.22199,0.02059,0.41688,0.01245
0.08946,0.00081,0.00103,0.00932,0.15343,0.00021,0.00099,0.35695,0.00000,0.00486,0.00023,0.22947,0.00026,0.00830,0.14468
0.11113,0.00258,0.00692,0.28787,0.13179,0.00535,0.00000,0.05428,0.00000,0.00408,0.00000,0.19609,0.00795,0.03356,0.15841
0.12428,0.01805,0.00000,0.11763,0.07143,0.00000,0.16329,0.00070,0.00000,0.00248,0.01064,0.28793,0.00008,0.15018,0.05330
0.06057,0.16369,0.01121,0.01053,0.00454,0.00503,0.01738,0.00079,0.00000,0.11726,0.00000,0.10724,0.00001,0.03747,0.46427
0.14182,0.23481,0.00307,0.00071,0.00666,0.07201,0.03282,0.10149,0.00000,0.03013,0.00117,0.18476,0.04144,0.11400,0.03510
0.11259,0.40945,0.00163,0.00190,0.05664,0.01815,0.00327,0.02372,0.00000,0.00027,0.00757,0.21443,0.00047,0.00270,0.14722
0.25902,0.12870,0.03655,0.00057,0.17568,0.00074,0.00064,0.03255,0.00182,0.00158,0.04791,0.17478,0.00427,0.01052,0.12467
0.27207,0.01241,0.00257,0.01434,0.06614,0.08329,0.00012,0.01812,0.00000,0.00012,0.00642,0.08583,0.04748,0.23344,0.15765
0.08920,0.14357,0.00015,0.03209,0.00453,0.04183,0.00000,0.03483,0.00671,0.00283,0.05412,0.42185,0.00009,0.11237,0.05583
0.01192,0.07185,0.00292,0.08033,0.00323,0.00176,0.00011,0.00071,0.00000,0.19012,0.00762,0.31243,0.00101,0.20119,0.11480
0.29823,0.00193,0.05425,0.00077,0.04499,0.00057,0.19039,0.03856,0.00000,0.00018,0.00021,0.28443,0.00000,0.02851,0.05698
0.39262,0.21509,0.02084,0.04008,0.02809,0.00214,0.00000,0.00080,0.00000,0.00391,0.00132,0.09962,0.00032,0.17281,0.02235
0.17020,0.17886,0.02650,0.00002,0.03082,0.00154,0.00000,0.03319,0.00758,0.00008,0.00000,0.22161,0.01348,0.29010,0.02600
0.02892,0.11652,0.00224,0.01447,0.04191,0.00044,0.00001,0.01475,0.00000,0.01199,0.01157,0.33524,0.00099,0.40173,0.01920
0.11582,0.12064,0.00003,0.00080,0.24177,0.14134,0.01697,0.13088,0.00000,0.01077,0.03310,0.04130,0.00838,0.11844,0.01976
0.16693,0.02185,0.00000,0.03578,0.12000,0.00002,0.01299,0.00794,0.00000,0.00279,0.00000,0.40806,0.11513,0.00049,0.10802
0.02172,0.02262,0.17061,0.00271,0.02037,0.00204,0.08765,0.01185,0.00000,0.08212,0.00237,0.39950,0.01048,0.13557,0.03039
0.37325,0.00217,0.00160,0.00000,0.00221,0.01252,0.00112,0.09497,0.00000,0.00887,0.00000,0.40688,0.00000,0.02150,0.07491
0.03382,0.09126,0.00048,0.02136,0.00004,0.03062,0.00210,0.41984,0.00000,0.01722,0.00001,0.23486,0.00192,0.12010,0.02638
0.14414,0.18706,0.01561,0.00000,0.01688,0.00793,0.03223,0.00012,0.00000,0.00086,0.00000,0.33157,0.01579,0.24698,0.00083
0.07507,0.00060,0.17676,0.00424,0.11090,0.00804,0.00000,0.02200,0.00000,0.06173,0.00287,0.26840,0.06174,0.14410,0.06355
0.00582,0.12123,0.00454,0.00007,0.00018,0.02221,0.00083,0.42232,0.00000,0.00615,0.00065,0.31603,0.00000,0.04770,0.05228
0.03817,0.00422,0.00192,0.00854,0.00187,0.00361,0.00000,0.00067,0.00000,0.02210,0.00000,0.40866,0.17944,0.25143,0.07939
0.00823,0.00136,0.00089,0.00036,0.24723,0.00053,0.00014,0.04679,0.00000,0.10290,0.21292,0.14247,0.00001,0.00060,0.23557
0.11709,0.02186,0.01583,0.03933,0.00003,0.00477,0.01220,0.05960,0.00000,0.09880,0.00756,0.24084,0.00056,0.02082,0.36071
0.11266,0.00039,0.00341,0.01676,0.03042,0.05064,0.00008,0.26415,0.00000,0.00142,0.00067,0.34803,0.00081,0.11623,0.05433
0.06526,0.12736,0.01052,0.00465,0.07977,0.00006,0.00003,0.03002,0.00000,0.08769,0.00000,0.22761,0.00856,0.35742,0.00104
0.05143,0.01252,0.00091,0.03597,0.00001,0.00043,0.00055,0.09504,0.00000,0.00000,0.00000,0.06405,0.00004,0.25317,0.48588
0.15077,0.16807,0.00951,0.01189,0.00386,0.00000,0.00002,0.01355,0.00000,0.00622,0.00000,0.52498,0.00084,0.08796,0.02232
0.02007,0.02544,0.00139,0.02865,0.22090,0.00000,0.09734,0.00016,0.00000,0.07528,0.00000,0.37917,0.00000,0.15150,0.00011
0.05314,0.04521,0.00140,0.00001,0.00057,0.38024,0.00398,0.00480,0.00000,0.01163,0.00000,0.16665,0.00079,0.04271,0.28888
0.24070,0.16155,0.02006,0.00923,0.03552,0.00105,0.00031,0.00013,0.00000,0.00000,0.00000,0.04831,0.41434,0.01296,0.05584
0.20467,0.02433,0.01992,0.09726,0.00058,0.06279,0.01118,0.00027,0.00006,0.00004,0.00000,0.16479,0.00147,0.31925,0.09341
0.12081,0.11828,0.04942,0.03708,0.03237,0.17669,0.01717,0.02913,0.00000,0.00000,0.00000,0.26068,0.00000,0.01214,0.14621
0.18031,0.11889,0.31278,0.00151,0.00102,0.00141,0.01153,0.12319,0.00000,0.00501,0.01491,0.03629,0.00001,0.15049,0.04263
0.03586,0.07730,0.11348,0.01271,0.01450,0.06933,0.00000,0.15218,0.00000,0.04197,0.02621,0.19196,0.00048,0.14394,0.12008
0.03118,0.01604,0.16315,0.00000,0.00002,0.00025,0.00963,0.00326,0.00000,0.21489,0.00333,0.09108,0.20030,0.14595,0.12092
0.06613,0.04176,0.07300,0.00363,0.18574,0.00054,0.00989,0.02641,0.00000,0.00010,0.04173,0.11923,0.27883,0.06093,0.09209
0.35937,0.05061,0.00005,0.00001,0.18907,0.00281,0.00000,0.00073,0.00000,0.00812,0.00546,0.23075,0.00898,0.08553,0.05851
0.02777,0.03786,0.13819,0.26227,0.02091,0.18750,0.00000,0.00023,0.00000,0.13441,0.00000,0.06894,0.00074,0.06469,0.05650
0.00140,0.00057,0.00037,0.00030,0.02354,0.16966,0.00140,0.02634,0.00000,0.00017,0.00034,0.05233,0.00000,0.52689,0.19670
0.50257,0.00456,0.00000,0.00000,0.00011,0.02817,0.00125,0.03149,0.00000,0.00737,0.00000,0.40180,0.00015,0.01971,0.00282
0.11666,0.05137,0.00003,0.04729,0.00005,0.03212,0.00000,0.00832,0.00000,0.00231,0.01136,0.19521,0.02335,0.37006,0.14188
0.00310,0.14477,0.20877,0.00703,0.00064,0.01408,0.06568,0.00038,0.00000,0.00012,0.00003,0.47493,0.02932,0.01721,0.03395
0.12070,0.04301,0.16495,0.01155,0.00342,0.00047,0.00104,0.00003,0.00000,0.02170,0.00985,0.50596,0.05621,0.05877,0.00235
0.39000,0.00552,0.00000,0.00204,0.00145,0.01904,0.01042,0.00003,0.00000,0.08186,0.00000,0.29597,0.00100,0.01954,0.17313
0.01793,0.10355,0.02628,0.00000,0.33592,0.00295,0.00000,0.00108,0.00991,0.01343,0.00000,0.39673,0.00180,0.00736,0.08306
0.08828,0.01590,0.00067,0.05481,0.01883,0.01113,0.00035,0.13992,0.00000,0.01869,0.00001,0.07195,0.51157,0.05625,0.01163
0.00287,0.00084,0.03836,0.28276,0.00006,0.13612,0.00000,0.03672,0.00000,0.00737,0.00005,0.13570,0.00460,0.34283,0.01174
0.12207,0.19796,0.00002,0.00000,0.00004,0.00000,0.00045,0.00885,0.00000,0.00001,0.00001,0.20526,0.12397,0.10172,0.23965
0.09450,0.01849,0.00071,0.03507,0.00976,0.00726,0.13504,0.02191,0.00000,0.01799,0.04152,0.47470,0.00007,0.13011,0.01287
0.21991,0.09373,0.00780,0.00113,0.00404,0.00419,0.03590,0.08136,0.00000,0.00000,0.00001,0.41093,0.02482,0.00268,0.11351
0.03989,0.17955,0.00448,0.07854,0.08262,0.00243,0.00740,0.04831,0.00033,0.00192,0.00000,0.11180,0.00019,0.35433,0.08820
0.13393,0.19496,0.00026,0.00000,0.08052,0.02560,0.28974,0.00573,0.00000,0.00014,0.00266,0.05811,0.00032,0.08299,0.12504
0.01717,0.29812,0.06701,0.01701,0.00076,0.13086,0.00097,0.11348,0.00115,0.06357,0.00000,0.08888,0.00416,0.15225,0.04463
0.17868,0.02771,0.12343,0.00007,0.00104,0.00285,0.00048,0.01011,0.00000,0.12767,0.09867,0.11822,0.02371,0.13357,0.15379
0.05775,0.28187,0.17462,0.00002,0.04382,0.00250,0.02998,0.00002,0.00000,0.01713,0.00000,0.05372,0.00048,0.20336,0.13473
0.38423,0.05165,0.04586,0.00002,0.08074,0.00757,0.02594,0.05732,0.00000,0.01514,0.01646,0.02632,0.00001,0.16711,0.12162
0.13312,0.00550,0.00924,0.11865,0.02601,0.00762,0.05122,0.09161,0.00000,0.04881,0.00051,0.33694,0.03666,0.07385,0.06028
0.11386,0.03815,0.00018,0.02583,0.00015,0.09031,0.02957,0.04891,0.00000,0.00081,0.00002,0.15459,0.00891,0.48643,0.00229
0.33067,0.00048,0.00067,0.01434,0.00107,0.17722,0.02973,0.01410,0.00000,0.00006,0.00086,0.15188,0.05326,0.03529,0.19037
0.00582,0.00914,0.06072,0.00011,0.00705,0.00519,0.00521,0.42138,0.00000,0.02297,0.00000,0.28764,0.00059,0.16283,0.01136
0.08045,0.01364,0.09795,0.05442,0.01784,0.08489,0.00157,0.00347,0.00000,0.02436,0.00019,0.29227,0.20139,0.05565,0.07191
0.18960,0.05461,0.00308,0.10822,0.01604,0.00024,0.01500,0.00001,0.00000,0.02321,0.03180,0.11302,0.00017,0.22458,0.22041
0.05628,0.01931,0.00103,0.08120,0.02399,0.00321,0.03320,0.00109,0.00000,0.00000,0.00000,0.52586,0.01724,0.23380,0.00378
0.21215,0.01036,0.11826,0.03416,0.30499,0.00926,0.00000,0.15131,0.00000,0.00013,0.00012,0.13582,0.00099,0.01553,0.00692
0.26617,0.01064,0.10996,0.00036,0.01924,0.00002,0.05242,0.03446,0.00000,0.00026,0.00001,0.36075,0.00002,0.11138,0.03431
0.01440,0.01608,0.00027,0.00014,0.00239,0.05144,0.30496,0.04382,0.00035,0.02512,0.00000,0.50335,0.00000,0.00236,0.03533
0.08511,0.04748,0.00199,0.01148,0.00002,0.00000,0.38909,0.11113,0.00000,0.00000,0.00000,0.16670,0.01068,0.08973,0.08659
0.18324,0.26589,0.00175,0.00060,0.02139,0.03751,0.00040,0.00005,0.00000,0.00020,0.00000,0.17349,0.01257,0.29005,0.01287
0.10842,0.10438,0.00837,0.06400,0.06071,0.01675,0.02707,0.00196,0.00000,0.01098,0.00000,0.40867,0.00127,0.03404,0.15337
0.00537,0.08014,0.16385,0.02188,0.19287,0.00004,0.01854,0.07937,0.00000,0.10827,0.08595,0.08907,0.00007,0.02822,0.12636
0.15739,0.00167,0.00500,0.13653,0.23622,0.02387,0.01878,0.00184,0.00000,0.00127,0.00001,0.21254,0.00540,0.11766,0.08182
0.03593,0.10841,0.01807,0.00014,0.00834,0.13418,0.01790,0.06487,0.00000,0.00055,0.00001,0.41077,0.00163,0.19155,0.00765
0.03684,0.03137,0.03046,0.00000,0.12240,0.00323,0.12273,0.00640,0.00000,0.12156,0.00001,0.11683,0.00002,0.21153,0.19662
0.10977,0.13304,0.01937,0.27989,0.00128,0.00425,0.00922,0.03301,0.00000,0.00001,0.00000,0.25169,0.02963,0.06842,0.06042
0.04644,0.20559,0.00308,0.00000,0.00394,0.00549,0.00000,0.00181,0.00000,0.00877,0.00000,0.30388,0.03065,0.21720,0.17315
0.03026,0.00436,0.00210,0.00318,0.19037,0.04489,0.00806,0.00155,0.00000,0.01742,0.00170,0.44736,0.04311,0.09390,0.11174
0.13649,0.08225,0.16777,0.00175,0.01628,0.00829,0.00000,0.00686,0.00000,0.01417,0.00000,0.17152,0.01159,0.33689,0.04614
0.07804,0.02246,0.02531,0.01320,0.00018,0.16744,0.00000,0.19131,0.00000,0.00215,0.02122,0.44275,0.00136,0.01959,0.01497
0.03499,0.10577,0.00526,0.08049,0.15194,0.01826,0.00020,0.01468,0.00000,0.00774,0.00000,0.21891,0.02341,0.02969,0.30867
0.09496,0.00597,0.02110,0.00088,0.03329,0.15463,0.02963,0.01759,0.00000,0.02600,0.00001,0.15560,0.01281,0.00233,0.44519
0.25392,0.02538,0.00352,0.03045,0.04230,0.01055,0.00000,0.02447,0.00000,0.03965,0.00005,0.02435,0.18985,0.20021,0.15531
0.47118,0.08614,0.05618,0.00102,0.03256,0.03087,0.00386,0.00412,0.00018,0.00001,0.00000,0.06510,0.00118,0.09531,0.15229
0.00918,0.22446,0.05683,0.00008,0.16097,0.03286,0.00067,0.00038,0.00000,0.03019,0.01364,0.39049,0.00012,0.06925,0.01088
0.01654,0.00267,0.02723,0.00030,0.00318,0.00110,0.07917,0.06375,0.00000,0.17865,0.00000,0.48288,0.00009,0.10832,0.03611
0.01835,0.01037,0.05841,0.00014,0.00716,0.04761,0.00027,0.30249,0.00000,0.00013,0.00000,0.32024,0.00000,0.08858,0.14625
0.29118,0.02509,0.02170,0.00046,0.00129,0.00017,0.02952,0.15346,0.00000,0.00540,0.00000,0.39662,0.00091,0.07065,0.00353
0.07918,0.21445,0.00003,0.00288,0.01362,0.00007,0.00486,0.00104,0.00000,0.00327,0.00000,0.36150,0.00045,0.04540,0.27324
0.03882,0.02839,0.20876,0.00009,0.00156,0.00000,0.00107,0.13739,0.00000,0.00012,0.00000,0.38377,0.03223,0.04826,0.11954
0.05268,0.15570,0.11790,0.00001,0.02248,0.02655,0.00055,0.22140,0.00000,0.01845,0.01367,0.21179,0.00153,0.06273,0.09458
0.02066,0.00657,0.09487,0.00000,0.00423,0.05709,0.02284,0.11403,0.00011,0.12610,0.00002,0.32709,0.00370,0.06865,0.15404
0.33392,0.00826,0.00131,0.01602,0.28534,0.01090,0.01368,0.02701,0.00000,0.05007,0.01003,0.17665,0.00003,0.02339,0.04340
0.03403,0.00427,0.04733,0.40524,0.00003,0.13117,0.04626,0.00484,0.00000,0.00416,0.00000,0.06047,0.13541,0.11373,0.01306
0.04775,0.05068,0.00004,0.02019,0.00002,0.04114,0.00655,0.17101,0.00273,0.00019,0.16152,0.10103,0.08257,0.00187,0.31271
0.04288,0.06374,0.00389,0.01127,0.03805,0.04316,0.00037,0.00310,0.00000,0.02379,0.00000,0.18072,0.01235,0.55447,0.02221
0.07189,0.01176,0.03853,0.22471,0.00011,0.00494,0.00019,0.04710,0.00000,0.00051,0.00002,0.32960,0.08811,0.15740,0.02514
0.08116,0.23060,0.00509,0.03392,0.01879,0.07855,0.00000,0.05314,0.00000,0.01042,0.00000,0.38977,0.01836,0.07200,0.00818
0.04473,0.01105,0.02089,0.00000,0.00675,0.05824,0.00000,0.00007,0.00001,0.00007,0.33318,0.27055,0.02855,0.21372,0.01217
0.02777,0.19832,0.00021,0.11886,0.00118,0.11750,0.00276,0.00462,0.00000,0.01925,0.00000,0.22681,0.00597,0.19045,0.08630
0.18691,0.20290,0.40185,0.00005,0.01521,0.00661,0.01635,0.00009,0.00003,0.00035,0.00000,0.09032,0.00772,0.03828,0.03332
0.01242,0.00507,0.08528,0.00076,0.23726,0.08839,0.00000,0.00160,0.00000,0.00050,0.00935,0.46834,0.08830,0.00222,0.00052
0.00768,0.00087,0.12241,0.00000,0.09105,0.00415,0.00010,0.11216,0.00000,0.00203,0.01337,0.18381,0.01609,0.02785,0.41845
0.00426,0.09005,0.01577,0.00006,0.00009,0.00002,0.00000,0.17859,0.00000,0.00777,0.00024,0.36236,0.00156,0.33877,0.00045
0.12806,0.14956,0.09862,0.00002,0.00071,0.09813,0.00960,0.06458,0.00000,0.00000,0.01092,0.14766,0.00590,0.23300,0.05325
0.20261,0.00646,0.00025,0.02397,0.46543,0.00139,0.00001,0.01984,0.00008,0.04878,0.00470,0.16779,0.00000,0.04659,0.01209
0.26964,0.00134,0.02974,0.04103,0.04027,0.01044,0.00001,0.00112,0.00000,0.00044,0.00140,0.57461,0.00000,0.02817,0.00178
0.17236,0.03112,0.00871,0.03214,0.02024,0.00693,0.00071,0.00277,0.00427,0.01498,0.00000,0.20893,0.00053,0.40576,0.09053
0.08903,0.20880,0.00195,0.00000,0.01616,0.14498,0.00212,0.19649,0.00000,0.00454,0.00370,0.01387,0.27249,0.03302,0.01286
0.16863,0.09355,0.00028,0.00701,0.04453,0.09940,0.07945,0.00047,0.00000,0.04611,0.00000,0.20628,0.00063,0.25333,0.00035
0.07880,0.10895,0.08788,0.00001,0.00181,0.02326,0.03615,0.11803,0.00000,0.01633,0.00000,0.20387,0.00652,0.12099,0.19739
0.03671,0.02833,0.00354,0.00088,0.01165,0.00006,0.23556,0.05596,0.00000,0.13878,0.00623,0.31792,0.12427,0.03984,0.00029
0.01151,0.11217,0.00022,0.02760,0.06053,0.44891,0.01228,0.00929,0.00000,0.00925,0.00000,0.24801,0.00681,0.05318,0.00024
0.01791,0.27359,0.04854,0.02510,0.16207,0.00106,0.00000,0.00003,0.00000,0.00000,0.00000,0.17181,0.18695,0.02219,0.09074
0.04354,0.44686,0.10451,0.00054,0.01553,0.00000,0.00009,0.01461,0.00000,0.00205,0.01594,0.27794,0.00005,0.02740,0.05094
0.01432,0.17952,0.00480,0.00364,0.24002,0.01324,0.00145,0.00289,0.00000,0.12276,0.00000,0.35046,0.00006,0.04337,0.02346
0.02560,0.00195,0.07660,0.17328,0.20825,0.00319,0.00024,0.06680,0.00001,0.00521,0.00000,0.29461,0.01632,0.05643,0.07151
0.04452,0.03242,0.03554,0.22878,0.07265,0.05943,0.00336,0.07837,0.02398,0.01212,0.01710,0.17048,0.03286,0.03986,0.14852
0.12303,0.00491,0.00432,0.06903,0.05868,0.04229,0.02673,0.05467,0.00000,0.00005,0.00000,0.35155,0.02115,0.05646,0.18712
0.18943,0.00601,0.00403,0.00213,0.05009,0.04171,0.00000,0.13794,0.00001,0.13850,0.00113,0.16589,0.00048,0.21552,0.04713
0.32390,0.18862,0.00000,0.00117,0.03908,0.01471,0.01918,0.00020,0.00000,0.00745,0.00460,0.12319,0.00749,0.20856,0.06186
0.05428,0.00249,0.13110,0.00002,0.00170,0.00137,0.01067,0.10567,0.00000,0.01727,0.00189,0.29477,0.00000,0.10016,0.27860
0.03578,0.05016,0.08485,0.00300,0.12068,0.07502,0.00538,0.06282,0.00000,0.00104,0.00002,0.31956,0.01002,0.05281,0.17887
0.05426,0.37129,0.04902,0.01559,0.03052,0.04139,0.00003,0.01074,0.00000,0.00010,0.08130,0.15566,0.02810,0.05900,0.10299
0.50225,0.11794,0.05042,0.01389,0.00691,0.00019,0.04466,0.07455,0.00000,0.00000,0.00275,0.14548,0.00818,0.01270,0.02009
0.00582,0.01724,0.01531,0.00383,0.20025,0.00867,0.00000,0.03210,0.00000,0.00664,0.00000,0.46190,0.00278,0.07191,0.17354
0.04536,0.06741,0.00947,0.01154,0.00408,0.01501,0.00000,0.00042,0.00000,0.00759,0.02713,0.21267,0.00284,0.29482,0.30167
0.11544,0.01213,0.01617,0.00210,0.01282,0.08636,0.05867,0.10699,0.00000,0.00524,0.08009,0.05216,0.03486,0.12111,0.29585
0.20335,0.01040,0.00005,0.00016,0.07416,0.00082,0.00491,0.09827,0.00000,0.00005,0.00575,0.38169,0.00003,0.21151,0.00885
0.17215,0.02567,0.00030,0.00031,0.06517,0.01890,0.00666,0.08865,0.00000,0.03734,0.00001,0.29754,0.05449,0.16611,0.06672
0.00442,0.15078,0.00060,0.00000,0.00262,0.13258,0.00000,0.05848,0.00000,0.00051,0.00000,0.63514,0.00411,0.01075,0.00001
0.00412,0.09141,0.08025,0.00698,0.06644,0.00079,0.01299,0.09241,0.00000,0.11929,0.00143,0.37643,0.00032,0.13437,0.01277
0.04798,0.01589,0.03048,0.00008,0.02796,0.00003,0.00008,0.22324,0.00000,0.00735,0.00000,0.42184,0.00743,0.20478,0.01285
0.12438,0.22105,0.24734,0.03584,0.01928,0.01264,0.00535,0.00136,0.00000,0.00001,0.01215,0.15611,0.00587,0.15140,0.00723
0.01522,0.18496,0.00026,0.01948,0.00554,0.09934,0.03838,0.13972,0.00000,0.04843,0.00002,0.15516,0.02887,0.14093,0.12367
0.30921,0.03943,0.00026,0.16928,0.08975,0.13996,0.04202,0.00044,0.00000,0.01162,0.02162,0.12368,0.00005,0.03002,0.02266
0.03784,0.03212,0.11289,0.03988,0.01313,0.03067,0.14173,0.00002,0.00000,0.00001,0.03440,0.23779,0.00000,0.30975,0.00976
0.00075,0.16807,0.01640,0.00038,0.00019,0.00037,0.03310,0.07673,0.00000,0.03388,0.00000,0.12834,0.00019,0.37147,0.17014
0.01406,0.02526,0.00816,0.00015,0.00000,0.00290,0.07997,0.00004,0.00000,0.00110,0.00000,0.13179,0.02945,0.23628,0.47084
0.01002,0.12969,0.02182,0.05670,0.03621,0.08034,0.00302,0.04325,0.00000,0.00001,0.09377,0.04457,0.00000,0.45345,0.02716
0.15200,0.07530,0.00294,0.08870,0.00009,0.00173,0.00027,0.16113,0.00000,0.00087,0.00001,0.19359,0.00021,0.27751,0.04565
0.20934,0.05456,0.04389,0.33327,0.05508,0.00195,0.01899,0.00391,0.00000,0.03546,0.02289,0.02157,0.00062,0.13599,0.06248
0.28761,0.00158,0.00092,0.00174,0.21881,0.03222,0.03012,0.04558,0.00000,0.04229,0.00015,0.14724,0.00000,0.15107,0.04067
0.06724,0.07240,0.19690,0.01313,0.00010,0.00989,0.00379,0.02270,0.00000,0.00014,0.01468,0.29834,0.13983,0.02238,0.13847
0.10238,0.00440,0.17410,0.19105,0.00239,0.00899,0.00000,0.00618,0.00000,0.00081,0.02781,0.13844,0.11232,0.22538,0.00577
0.25396,0.00199,0.00403,0.00022,0.17923,0.00168,0.00013,0.06009,0.00000,0.05641,0.02242,0.12655,0.00002,0.17099,0.12228
0.14535,0.05650,0.01617,0.07770,0.00710,0.04985,0.03436,0.02389,0.00000,0.00047,0.04951,0.11673,0.00019,0.26796,0.15421
0.19903,0.05472,0.00930,0.02055,0.00752,0.11124,0.21222,0.11554,0.00000,0.17418,0.00000,0.05063,0.00001,0.02252,0.02253
0.02989,0.02865,0.11919,0.00645,0.00187,0.00057,0.00000,0.10492,0.00000,0.00000,0.00000,0.27423,0.31306,0.00847,0.11269
0.03146,0.06055,0.00001,0.00026,0.08312,0.18220,0.00000,0.00143,0.00000,0.02550,0.00048,0.28042,0.01589,0.31552,0.00315
0.13056,0.14074,0.02134,0.00001,0.12608,0.00238,0.00112,0.01198,0.00001,0.03530,0.00000,0.42223,0.05362,0.02422,0.03042
0.10047,0.11687,0.00003,0.05993,0.05655,0.13131,0.00000,0.03940,0.00000,0.03326,0.09018,0.28017,0.00004,0.04991,0.04187
0.05770,0.00075,0.00062,0.05313,0.23033,0.00079,0.00135,0.21183,0.00000,0.00115,0.03092,0.05135,0.00120,0.04335,0.31553
0.15953,0.05811,0.22197,0.00000,0.03419,0.00009,0.00000,0.13612,0.00269,0.00292,0.00027,0.03456,0.00071,0.19825,0.15057
0.01187,0.08015,0.00015,0.00105,0.00011,0.01277,0.01545,0.02450,0.00000,0.00000,0.02814,0.48600,0.00024,0.01765,0.32193
0.52488,0.07499,0.00445,0.00404,0.00032,0.00286,0.00125,0.06392,0.00000,0.12507,0.00003,0.14152,0.00000,0.01374,0.04293
0.18013,0.07275,0.00076,0.02922,0.02645,0.02239,0.00305,0.30695,0.00000,0.00812,0.00000,0.15240,0.03183,0.12611,0.03984
0.01880,0.00037,0.05040,0.02873,0.03726,0.01847,0.00437,0.00117,0.00000,0.00341,0.00000,0.13030,0.00217,0.68940,0.01516
0.03747,0.11984,0.00029,0.00058,0.02367,0.00087,0.00001,0.03128,0.00000,0.61635,0.00000,0.07407,0.00454,0.02462,0.06641
0.25934,0.12629,0.03642,0.00022,0.00142,0.04614,0.13760,0.00154,0.00000,0.00001,0.00151,0.35159,0.00000,0.03329,0.00465
0.08070,0.02316,0.00217,0.02235,0.00432,0.03562,0.00687,0.00234,0.00000,0.06054,0.00000,0.12838,0.00816,0.58651,0.03889
0.24535,0.07450,0.14929,0.00020,0.12235,0.08957,0.05279,0.05779,0.00000,0.00128,0.01762,0.06288,0.01561,0.07162,0.03915
0.31404,0.04580,0.01375,0.00956,0.00001,0.00129,0.00000,0.01587,0.00000,0.00000,0.00000,0.46287,0.00679,0.03523,0.09479
0.13828,0.01743,0.15550,0.01663,0.00422,0.00000,0.00005,0.02795,0.00000,0.00006,0.00000,0.12375,0.00208,0.43138,0.08267
0.00086,0.36354,0.01971,0.00749,0.05403,0.03228,0.02685,0.07243,0.00000,0.00675,0.01290,0.25833,0.00363,0.13935,0.00185
0.00849,0.00547,0.00002,0.00235,0.20649,0.00918,0.00010,0.01286,0.00000,0.04052,0.00000,0.47593,0.00939,0.16199,0.06722
0.19349,0.01434,0.02008,0.00084,0.02916,0.00401,0.05249,0.00829,0.00000,0.01648,0.04745,0.08572,0.08618,0.03731,0.40416
0.00626,0.01927,0.16738,0.00021,0.00067,0.38097,0.00883,0.11453,0.00000,0.01729,0.00016,0.08869,0.00117,0.15965,0.03491
0.04654,0.00102,0.00019,0.05326,0.00092,0.00029,0.00960,0.00005,0.00000,0.16568,0.00000,0.18333,0.00014,0.32635,0.21263
0.58058,0.14016,0.03526,0.05107,0.04232,0.00001,0.00000,0.00083,0.00000,0.00001,0.00017,0.03442,0.00200,0.09383,0.01934
0.43883,0.08729,0.01896,0.00715,0.01011,0.00023,0.01227,0.01987,0.00000,0.06021,0.00041,0.18980,0.00018,0.14186,0.01283
0.16354,0.07487,0.03110,0.01837,0.00547,0.02368,0.11662,0.00001,0.00000,0.00047,0.00329,0.50274,0.00000,0.01307,0.04678
0.12099,0.13871,0.00723,0.02902,0.15869,0.01637,0.00000,0.01713,0.00000,0.33334,0.00005,0.04821,0.06784,0.02926,0.03315
0.32916,0.18534,0.02701,0.00047,0.10989,0.02699,0.01197,0.00235,0.00000,0.01367,0.00000,0.14194,0.00014,0.13269,0.01839
0.06592,0.01017,0.28630,0.00004,0.04740,0.05027,0.00000,0.01820,0.00000,0.03797,0.00000,0.21501,0.10093,0.15973,0.00806
0.01416,0.01412,0.06663,0.00001,0.03098,0.00012,0.00821,0.00000,0.00000,0.09101,0.00217,0.69388,0.00000,0.07229,0.00642
0.05945,0.12055,0.00002,0.00485,0.07899,0.00163,0.00049,0.02157,0.00000,0.00039,0.00011,0.62832,0.00189,0.06029,0.02144
0.05236,0.07737,0.16286,0.00001,0.23514,0.00000,0.00062,0.06681,0.00000,0.00991,0.00001,0.31050,0.02619,0.00719,0.05103
0.15122,0.37711,0.00002,0.00000,0.00009,0.01503,0.00172,0.10509,0.00000,0.00020,0.01668,0.13271,0.03859,0.11818,0.04336
0.00605,0.04373,0.03043,0.00039,0.07499,0.05669,0.00204,0.00001,0.00000,0.00007,0.00003,0.69562,0.00104,0.01368,0.07524
0.02257,0.00121,0.01266,0.00001,0.00329,0.01011,0.01607,0.01806,0.00000,0.00589,0.04019,0.16746,0.00040,0.62138,0.08070
0.02597,0.15573,0.00000,0.00710,0.09748,0.27304,0.00000,0.02993,0.14183,0.00016,0.00000,0.03615,0.00140,0.01454,0.21669
0.23319,0.00026,0.11429,0.06747,0.07236,0.08993,0.00003,0.01105,0.00000,0.03811,0.00000,0.30090,0.07182,0.00030,0.00027
0.07230,0.02666,0.02634,0.07082,0.09107,0.02370,0.15206,0.00066,0.00000,0.15066,0.13797,0.17477,0.00627,0.04195,0.02474
0.13514,0.00051,0.10171,0.00000,0.06086,0.00352,0.02980,0.00993,0.00000,0.00081,0.00145,0.20803,0.01657,0.22904,0.20264
0.02472,0.00003,0.00010,0.00000,0.02523,0.06406,0.21184,0.00239,0.08884,0.00656,0.00002,0.25523,0.02731,0.12542,0.16825
0.15926,0.00011,0.06485,0.02927,0.00236,0.28743,0.00000,0.00017,0.00000,0.00998,0.00000,0.10597,0.00003,0.29667,0.04390
0.20962,0.00565,0.22428,0.00055,0.23456,0.00316,0.00008,0.05000,0.00000,0.00003,0.00004,0.04888,0.00358,0.13343,0.08614
0.40791,0.02184,0.02767,0.03808,0.00033,0.02794,0.03184,0.02550,0.00000,0.03580,0.00000,0.17773,0.03480,0.16816,0.00241
0.14541,0.00137,0.11609,0.00035,0.00650,0.00187,0.00023,0.07958,0.00000,0.00000,0.00173,0.38536,0.05736,0.11127,0.09289
0.06437,0.00588,0.00029,0.11694,0.08381,0.00660,0.00002,0.01155,0.00000,0.01915,0.00002,0.14286,0.05013,0.43264,0.06577
0.15219,0.03151,0.00000,0.03498,0.00007,0.01080,0.00452,0.03760,0.02727,0.00005,0.00000,0.15341,0.00000,0.51261,0.03498
0.10214,0.03128,0.00570,0.00002,0.00111,0.00062,0.01961,0.00005,0.00000,0.06461,0.02141,0.53707,0.00022,0.11905,0.09712
0.09333,0.01970,0.00291,0.00522,0.01625,0.03679,0.04287,0.09506,0.00000,0.00654,0.00600,0.16742,0.00007,0.03503,0.47279
0.27064,0.13677,0.00009,0.10129,0.02719,0.07934,0.00006,0.00129,0.00000,0.01721,0.00032,0.03845,0.00637,0.27854,0.04244
0.04052,0.01183,0.00008,0.00102,0.01375,0.11713,0.00023,0.00000,0.00000,0.00483,0.00000,0.28885,0.00279,0.31979,0.19919
0.04386,0.00266,0.05012,0.01422,0.01009,0.00207,0.00000,0.02776,0.00000,0.02613,0.07921,0.72373,0.00363,0.00960,0.00692
0.01959,0.33121,0.06682,0.00038,0.10868,0.02314,0.00394,0.00310,0.04756,0.03340,0.08691,0.06655,0.00090,0.14250,0.06532
0.14922,0.06213,0.00001,0.00031,0.11481,0.00438,0.00000,0.00195,0.00000,0.00412,0.00148,0.21487,0.00159,0.03993,0.40519
0.35766,0.00042,0.00991,0.00000,0.19001,0.22387,0.00019,0.03499,0.00000,0.00496,0.00000,0.10368,0.01255,0.00821,0.05355
0.06864,0.34780,0.02744,0.01309,0.00020,0.18059,0.09783,0.07393,0.00000,0.02063,0.07850,0.04035,0.00819,0.04010,0.00270
0.02540,0.32637,0.02046,0.01115,0.09205,0.00329,0.00033,0.03535,0.00000,0.00382,0.13864,0.12377,0.00771,0.18157,0.03010
0.05887,0.04377,0.00280,0.06863,0.00861,0.09290,0.01146,0.03868,0.02365,0.00160,0.00000,0.27709,0.00005,0.24864,0.12326
0.02151,0.00181,0.02833,0.00002,0.08449,0.03623,0.00683,0.15397,0.00000,0.12753,0.00000,0.40503,0.01013,0.05694,0.06718
0.05692,0.07436,0.00024,0.00015,0.07076,0.24877,0.00039,0.00163,0.00000,0.02231,0.00000,0.15414,0.16559,0.02664,0.17811
0.51894,0.06067,0.05134,0.00323,0.00085,0.00307,0.00001,0.00239,0.00000,0.00228,0.00300,0.18058,0.00000,0.06458,0.10907
0.19094,0.00536,0.00065,0.00371,0.00009,0.02911,0.01876,0.05291,0.00000,0.02030,0.11591,0.29280,0.00000,0.10259,0.16686
0.25532,0.00022,0.01603,0.01503,0.00347,0.02642,0.00406,0.00134,0.00028,0.05182,0.11418,0.47220,0.00000,0.03359,0.00605
0.14280,0.00712,0.00528,0.14473,0.31066,0.02952,0.00000,0.00480,0.00000,0.10222,0.00241,0.08137,0.07975,0.08128,0.00806
0.05850,0.03718,0.08659,0.09618,0.00000,0.02090,0.00000,0.01420,0.00000,0.03042,0.00000,0.24203,0.01382,0.00390,0.39629
0.01736,0.00029,0.02319,0.01562,0.16581,0.10562,0.00819,0.09366,0.00000,0.01665,0.00000,0.35949,0.11072,0.07816,0.00523
0.00107,0.04774,0.00004,0.00017,0.01204,0.02424,0.00222,0.25399,0.00024,0.17990,0.00023,0.40962,0.00005,0.01746,0.05099
0.27660,0.05798,0.00113,0.00074,0.01176,0.00008,0.00098,0.03980,0.00000,0.00126,0.00014,0.50847,0.00002,0.08588,0.01517
0.38878,0.04229,0.00000,0.01141,0.01661,0.00279,0.03076,0.00282,0.00000,0.00006,0.00054,0.45536,0.00916,0.00139,0.03803
0.32878,0.00007,0.00017,0.00000,0.01436,0.06410,0.00000,0.00005,0.00000,0.00027,0.18981,0.32636,0.01355,0.04941,0.01305
0.01226,0.14070,0.00003,0.00000,0.00025,0.00016,0.00000,0.04389,0.00000,0.04320,0.00013,0.50347,0.00220,0.19859,0.05511
0.50930,0.03465,0.05021,0.02138,0.02819,0.04728,0.00044,0.07481,0.00000,0.01795,0.00003,0.13018,0.00001,0.08396,0.00161
0.08592,0.01505,0.00167,0.10813,0.03947,0.04656,0.12556,0.20322,0.00000,0.03066,0.00725,0.04764,0.11824,0.02854,0.14208
0.03304,0.10527,0.13312,0.00048,0.01401,0.02520,0.00000,0.21802,0.00000,0.00002,0.00012,0.26354,0.00000,0.12928,0.07789
0.03748,0.03447,0.00581,0.00016,0.01854,0.12486,0.00113,0.07295,0.00000,0.19251,0.00029,0.22135,0.00186,0.15847,0.13012
0.01059,0.29385,0.00182,0.16186,0.01718,0.12777,0.00000,0.03368,0.00000,0.10576,0.06716,0.12618,0.00914,0.01976,0.02525
0.13224,0.00003,0.12912,0.06022,0.00200,0.12589,0.01640,0.19333,0.00000,0.12843,0.00000,0.09878,0.01926,0.07707,0.01721
0.04621,0.00542,0.00481,0.00033,0.20860,0.00002,0.00000,0.00220,0.00000,0.09846,0.00009,0.36446,0.00428,0.12961,0.13550
0.13217,0.09999,0.03795,0.00830,0.00155,0.00256,0.00481,0.03418,0.00000,0.22206,0.17268,0.03995,0.00045,0.12073,0.12261
0.01392,0.12669,0.00089,0.20804,0.00240,0.00020,0.04947,0.00489,0.00000,0.09005,0.00349,0.14632,0.00000,0.29582,0.05782
0.21231,0.07143,0.00015,0.00000,0.00586,0.09138,0.02712,0.00274,0.00000,0.02833,0.01606,0.11391,0.24353,0.10553,0.08167
0.11542,0.10641,0.00389,0.10418,0.00011,0.00002,0.03353,0.14268,0.00000,0.00066,0.00000,0.33957,0.00121,0.13189,0.02043
0.02612,0.20593,0.27379,0.00300,0.00044,0.00002,0.00718,0.12624,0.00000,0.04682,0.00000,0.08619,0.00000,0.02911,0.19516
0.00050,0.18371,0.07422,0.03667,0.00967,0.01375,0.22712,0.02115,0.00000,0.01273,0.00000,0.27738,0.00001,0.10935,0.03373
0.03326,0.02795,0.01005,0.04034,0.04643,0.10036,0.00140,0.21542,0.00000,0.04212,0.00000,0.17866,0.00028,0.16706,0.13665
0.00305,0.01176,0.03598,0.00101,0.01559,0.62390,0.02734,0.00231,0.00035,0.00194,0.00000,0.09764,0.00037,0.06844,0.11032
0.05710,0.12900,0.00217,0.00000,0.09519,0.02053,0.04060,0.12340,0.00000,0.21005,0.00000,0.30170,0.00014,0.00001,0.02011
0.02770,0.02029,0.04529,0.00000,0.12480,0.01848,0.00000,0.24506,0.00000,0.00726,0.00000,0.16831,0.00418,0.27763,0.06101
0.02269,0.18195,0.06433,0.00577,0.01749,0.27646,0.01389,0.05598,0.00000,0.00055,0.00596,0.29249,0.00016,0.04986,0.01241
0.26867,0.05550,0.00005,0.39820,0.00205,0.00016,0.00029,0.00015,0.00000,0.01757,0.00000,0.11127,0.00502,0.03081,0.11028
0.11037,0.01745,0.00001,0.00561,0.01043,0.02870,0.02071,0.05588,0.23538,0.04933,0.00000,0.10901,0.00280,0.01951,0.33480
0.11226,0.12488,0.13202,0.00026,0.01602,0.00006,0.00074,0.03637,0.00000,0.00635,0.00008,0.41397,0.00000,0.00215,0.15485
0.00306,0.01703,0.03389,0.06444,0.03029,0.08253,0.00017,0.05469,0.00000,0.00837,0.00000,0.38174,0.16347,0.12106,0.03926
0.01711,0.06200,0.14406,0.00087,0.00307,0.04398,0.00515,0.00764,0.00000,0.32000,0.00011,0.12708,0.00057,0.09454,0.17383
0.15580,0.01480,0.00351,0.01628,0.02181,0.02956,0.02156,0.07317,0.00000,0.00000,0.00000,0.26920,0.00358,0.06876,0.32198
0.11851,0.00609,0.00354,0.29842,0.03333,0.06381,0.00066,0.01030,0.00000,0.00000,0.00000,0.14774,0.00000,0.23358,0.08403
0.07092,0.07133,0.05868,0.01661,0.04126,0.02394,0.00000,0.24691,0.00000,0.00270,0.00000,0.01991,0.26672,0.01372,0.16731
0.21567,0.00009,0.02319,0.00218,0.11706,0.13679,0.00000,0.16392,0.00000,0.00109,0.00000,0.14981,0.00791,0.17552,0.00676
0.39506,0.04481,0.16870,0.00008,0.00730,0.02001,0.00000,0.00796,0.00000,0.00340,0.00000,0.31564,0.00197,0.01320,0.02187
0.08903,0.07960,0.00586,0.00021,0.05613,0.00186,0.00000,0.07479,0.00000,0.00100,0.00181,0.52647,0.00000,0.10844,0.05480
0.13236,0.07848,0.19047,0.00020,0.10240,0.00177,0.00050,0.00124,0.00000,0.00107,0.07926,0.19764,0.02900,0.11724,0.06838
0.31335,0.10888,0.00043,0.00045,0.15932,0.00096,0.00030,0.00391,0.00000,0.00688,0.00073,0.05862,0.00081,0.20746,0.13789
0.05045,0.00392,0.00455,0.00064,0.09059,0.00003,0.00175,0.05978,0.00000,0.19226,0.00000,0.30485,0.24877,0.00748,0.03493
0.03668,0.05424,0.00112,0.05866,0.00684,0.00405,0.13981,0.00457,0.00000,0.00516,0.00000,0.08757,0.14061,0.43773,0.02295
0.18185,0.00245,0.11568,0.12073,0.00025,0.00411,0.00003,0.04861,0.00000,0.00787,0.01502,0.02307,0.01567,0.31033,0.15435
0.14385,0.18205,0.02664,0.16777,0.00899,0.00294,0.00000,0.02212,0.00000,0.01708,0.00115,0.20241,0.00030,0.14434,0.08036
0.12563,0.08868,0.00000,0.01271,0.02890,0.04888,0.00007,0.00909,0.07777,0.02268,0.09187,0.20947,0.00000,0.24447,0.03978
0.01442,0.14127,0.03490,0.07833,0.04334,0.19655,0.03988,0.14997,0.00000,0.00828,0.00000,0.10966,0.00313,0.10784,0.07245
0.08786,0.02237,0.02692,0.00040,0.00104,0.02410,0.10993,0.01523,0.00000,0.00002,0.01070,0.32633,0.06753,0.26200,0.04557
0.18741,0.06198,0.00623,0.00000,0.00152,0.07175,0.18454,0.04869,0.00000,0.04643,0.00000,0.29984,0.00013,0.00328,0.08818
0.01554,0.01763,0.03249,0.00016,0.00223,0.11813,0.00028,0.09303,0.00000,0.22158,0.02138,0.08731,0.10068,0.14577,0.14379
0.35326,0.05880,0.01601,0.06419,0.02001,0.00349,0.00224,0.00174,0.00000,0.00001,0.00000,0.41095,0.00000,0.06676,0.00254
0.06028,0.14313,0.00012,0.00021,0.01635,0.09040,0.11144,0.02934,0.00004,0.00310,0.04689,0.15906,0.03883,0.15015,0.15068
0.02280,0.32903,0.10717,0.09152,0.00008,0.00446,0.04252,0.03815,0.00000,0.03428,0.00042,0.22306,0.02153,0.03160,0.05337
0.00656,0.00119,0.00034,0.00000,0.06566,0.00075,0.00137,0.01196,0.00000,0.10243,0.00002,0.36104,0.09012,0.25916,0.09941
0.07694,0.02565,0.00048,0.00001,0.00904,0.34653,0.00000,0.19997,0.00000,0.02955,0.00294,0.12510,0.00001,0.13673,0.04705
0.25086,0.00239,0.00930,0.06025,0.07261,0.01532,0.00007,0.12464,0.00000,0.00393,0.00170,0.34225,0.00064,0.07016,0.04587
0.20970,0.00517,0.00956,0.00005,0.01752,0.13570,0.00000,0.04956,0.00000,0.00335,0.18523,0.13476,0.01491,0.15115,0.08333
0.00454,0.11772,0.00132,0.03739,0.02743,0.03181,0.00822,0.08706,0.00000,0.00116,0.00000,0.24414,0.00081,0.37838,0.06003
0.12678,0.01323,0.00013,0.00000,0.08642,0.00089,0.11704,0.00441,0.00000,0.01199,0.00000,0.17398,0.00009,0.29236,0.17268
0.09889,0.03664,0.00000,0.00019,0.05529,0.08427,0.01284,0.03871,0.00000,0.02638,0.18129,0.16809,0.03889,0.25034,0.00816
0.03397,0.10170,0.01090,0.00256,0.00183,0.16421,0.00835,0.12109,0.00000,0.00015,0.00000,0.11063,0.00000,0.05065,0.39396
0.04120,0.28926,0.07282,0.00003,0.08398,0.02403,0.04079,0.00008,0.00000,0.00089,0.00000,0.02175,0.00005,0.41968,0.00544
0.30690,0.13404,0.00817,0.02671,0.00024,0.00926,0.00069,0.07932,0.00000,0.31307,0.00072,0.09096,0.00010,0.00373,0.02609
0.04091,0.00112,0.00007,0.03886,0.02578,0.00031,0.00037,0.03022,0.00000,0.04200,0.00000,0.68609,0.00460,0.12010,0.00957
0.49245,0.04534,0.00003,0.00134,0.06488,0.04219,0.00000,0.00556,0.00000,0.00091,0.00000,0.04942,0.12748,0.16527,0.00513
0.01294,0.08194,0.04279,0.00000,0.05329,0.02506,0.08728,0.09036,0.00000,0.12479,0.00000,0.04583,0.03923,0.25289,0.14361
0.02155,0.01260,0.16850,0.00047,0.02715,0.19743,0.00082,0.00018,0.00000,0.10114,0.00000,0.30251,0.01022,0.08495,0.07248
0.09968,0.00586,0.19014,0.00015,0.00012,0.00053,0.01573,0.00000,0.00000,0.03951,0.00000,0.33181,0.00000,0.24586,0.07061
0.00127,0.01558,0.01245,0.00101,0.13109,0.01210,0.00921,0.13227,0.00000,0.09619,0.00007,0.14197,0.00000,0.44441,0.00237
0.21264,0.06949,0.00260,0.01304,0.08373,0.00232,0.01912,0.14972,0.00000,0.07323,0.00014,0.11215,0.00029,0.26126,0.00028
0.00323,0.07300,0.00521,0.06694,0.07609,0.02795,0.00002,0.00074,0.00000,0.15285,0.00000,0.31832,0.00004,0.08267,0.19294
0.13346,0.20538,0.15937,0.00047,0.04624,0.10281,0.00171,0.00165,0.00000,0.04081,0.00000,0.06886,0.00012,0.11136,0.12774
0.00018,0.00879,0.01998,0.04055,0.04952,0.00018,0.07058,0.00004,0.00000,0.00015,0.05236,0.18031,0.00022,0.27103,0.30611
0.10751,0.29708,0.00120,0.19158,0.01431,0.00000,0.00000,0.02265,0.00000,0.03719,0.00000,0.21740,0.03180,0.01411,0.06516
0.09958,0.08769,0.00317,0.05532,0.15088,0.09895,0.02965,0.00992,0.00000,0.03252,0.00000,0.36594,0.00095,0.02872,0.03672
0.25838,0.00075,0.02891,0.00036,0.00868,0.00506,0.00018,0.00884,0.00000,0.01894,0.00006,0.43047,0.08626,0.06914,0.08397
0.04240,0.02246,0.00059,0.00005,0.00680,0.00533,0.00834,0.00021,0.00000,0.00314,0.09718,0.42050,0.00168,0.38966,0.00168
0.23791,0.00070,0.00456,0.00000,0.28535,0.00298,0.00406,0.07986,0.00000,0.00001,0.00421,0.19271,0.00000,0.05277,0.13486
0.00612,0.10876,0.02535,0.00007,0.26123,0.00062,0.00000,0.00205,0.00000,0.00000,0.00000,0.43595,0.05652,0.07346,0.02986
0.13654,0.13329,0.02731,0.01166,0.00715,0.03293,0.03087,0.01110,0.00000,0.02774,0.00000,0.37806,0.00054,0.11197,0.09084
0.12359,0.05125,0.00197,0.00496,0.00011,0.01480,0.01667,0.01562,0.00000,0.02970,0.02711,0.58047,0.00009,0.06103,0.07264
0.18279,0.00374,0.09988,0.00992,0.00150,0.00345,0.00049,0.00992,0.00000,0.00051,0.03091,0.37869,0.00719,0.09000,0.18100
0.11107,0.00168,0.02071,0.00002,0.06997,0.00365,0.00000,0.07115,0.00000,0.08612,0.00000,0.22332,0.22843,0.14191,0.04198
0.08680,0.09180,0.00284,0.00950,0.02272,0.01401,0.00000,0.02280,0.00000,0.03829,0.00023,0.40260,0.01904,0.13216,0.15721
