0.04157,0.02599,0.01377,0.13655,0.01347,0.01313,0.14758,0.01859,0.03542,0.14011,0.01464,0.27930,0.01456,0.00774,0.02103,0.00980,0.01035,0.00898,0.02777,0.01965
0.09772,0.03843,0.06384,0.10022,0.00969,0.01452,0.06242,0.01176,0.02761,0.01389,0.01451,0.17733,0.01392,0.27118,0.02867,0.01350,0.00936,0.01881,0.00472,0.00789
0.03155,0.04239,0.00856,0.11698,0.00937,0.01249,0.07195,0.01596,0.08968,0.02012,0.01284,0.47466,0.01266,0.00946,0.01290,0.01295,0.01469,0.00751,0.01208,0.01120
0.01564,0.01792,0.00513,0.07746,0.00651,0.06011,0.06486,0.02269,0.05754,0.01275,0.01107,0.59167,0.00495,0.00737,0.00703,0.00839,0.00472,0.00466,0.00535,0.01417
0.01296,0.01785,0.00927,0.17811,0.01762,0.00841,0.10777,0.00681,0.01354,0.03466,0.00876,0.51401,0.00706,0.01516,0.01208,0.00804,0.00243,0.01179,0.00410,0.00959
0.01623,0.00985,0.25631,0.32263,0.01211,0.01582,0.01003,0.02192,0.09885,0.01105,0.01427,0.03473,0.05227,0.00318,0.00821,0.06839,0.02031,0.01273,0.00625,0.00487
0.02803,0.01426,0.00808,0.19802,0.00819,0.01157,0.15786,0.03499,0.01838,0.01716,0.00738,0.41162,0.00829,0.01794,0.01517,0.00472,0.00401,0.00764,0.00505,0.02162
0.01394,0.01648,0.05412,0.06087,0.03084,0.04564,0.03544,0.01292,0.01206,0.04329,0.26892,0.04868,0.01324,0.17929,0.01519,0.01960,0.00387,0.10293,0.01223,0.01043
0.01820,0.01565,0.00738,0.01041,0.04401,0.01475,0.00510,0.01869,0.00776,0.01674,0.01278,0.05181,0.40536,0.00710,0.32834,0.00638,0.00448,0.00555,0.00614,0.01335
0.02939,0.03574,0.01283,0.08437,0.00889,0.17721,0.02333,0.04005,0.04795,0.04380,0.00881,0.39015,0.00896,0.01897,0.01723,0.00543,0.01355,0.00478,0.01109,0.01746
0.08975,0.01841,0.00705,0.15866,0.00779,0.01688,0.06892,0.01813,0.01712,0.03549,0.01946,0.44855,0.02038,0.01386,0.02746,0.00502,0.00308,0.00288,0.00459,0.01653
0.01240,0.00472,0.01301,0.06274,0.00963,0.01415,0.09049,0.01291,0.03414,0.02383,0.01138,0.07588,0.00862,0.01369,0.01571,0.00843,0.00841,0.00760,0.56011,0.01214
0.02641,0.06609,0.00768,0.15606,0.00828,0.01697,0.11009,0.02671,0.04453,0.03022,0.00857,0.41867,0.01090,0.00750,0.01213,0.00784,0.00417,0.01125,0.00674,0.01921
0.01492,0.01652,0.00729,0.12789,0.00892,0.02854,0.12602,0.01524,0.05267,0.02048,0.00975,0.51323,0.00515,0.01231,0.00414,0.00337,0.00336,0.00375,0.00194,0.02451
0.00942,0.01916,0.01223,0.11998,0.01622,0.02614,0.02050,0.15502,0.02208,0.01892,0.00592,0.29160,0.01400,0.01669,0.19182,0.00675,0.00497,0.00498,0.00512,0.03848
0.04935,0.01565,0.00912,0.06913,0.01007,0.02543,0.19724,0.01947,0.01760,0.01061,0.00840,0.46014,0.00589,0.03368,0.01572,0.00943,0.00406,0.00947,0.01787,0.01167
0.06182,0.00990,0.07547,0.16456,0.00890,0.01093,0.01615,0.01413,0.03305,0.00849,0.01296,0.26651,0.26962,0.00651,0.00792,0.00771,0.00984,0.00611,0.00410,0.00534
0.02743,0.02809,0.18606,0.30222,0.01172,0.01252,0.02125,0.02192,0.02063,0.01118,0.00998,0.24943,0.02201,0.00543,0.02312,0.00928,0.01073,0.00855,0.00737,0.01108
0.08228,0.01270,0.00617,0.17580,0.00817,0.09385,0.02333,0.03095,0.01652,0.02394,0.01365,0.46775,0.00977,0.00585,0.00564,0.00369,0.00519,0.00255,0.00433,0.00789
0.02659,0.01077,0.01317,0.18237,0.01709,0.02792,0.02708,0.05363,0.03008,0.01619,0.00917,0.32698,0.02950,0.00291,0.17348,0.02142,0.00499,0.00483,0.00995,0.01187
0.42248,0.01345,0.06400,0.03265,0.02018,0.03606,0.03736,0.03552,0.00824,0.05180,0.02333,0.05970,0.02337,0.10267,0.02107,0.01126,0.00542,0.00555,0.01453,0.01136
0.02500,0.04496,0.01993,0.22028,0.01375,0.02210,0.03669,0.02752,0.02346,0.01366,0.01333,0.41861,0.01407,0.02190,0.01811,0.01383,0.00531,0.00518,0.00627,0.03604
0.01499,0.01032,0.00839,0.03224,0.00966,0.01932,0.01398,0.01388,0.14758,0.16682,0.00764,0.04888,0.23795,0.00674,0.00561,0.01424,0.16296,0.01132,0.02086,0.04663
0.00431,0.06522,0.01093,0.00780,0.03946,0.06080,0.00498,0.66993,0.00517,0.00969,0.00313,0.01103,0.03872,0.00587,0.03154,0.00964,0.00459,0.00689,0.00292,0.00736
0.02084,0.01629,0.02185,0.03273,0.01668,0.01929,0.13464,0.03606,0.02129,0.01987,0.00772,0.23272,0.02553,0.06443,0.08514,0.06317,0.00844,0.01046,0.11094,0.05191
0.19996,0.01749,0.00995,0.12617,0.00923,0.00686,0.02827,0.01498,0.03843,0.04877,0.00979,0.45021,0.00425,0.00420,0.00375,0.00440,0.00312,0.00663,0.00279,0.01075
0.00760,0.42713,0.00727,0.02890,0.00918,0.00612,0.05429,0.00573,0.00559,0.03568,0.00387,0.16936,0.00997,0.00702,0.19483,0.00597,0.00219,0.00576,0.01057,0.00297
0.00616,0.01078,0.00886,0.02512,0.02224,0.07158,0.00576,0.69528,0.00725,0.01099,0.00305,0.01456,0.06437,0.00245,0.03001,0.00599,0.00427,0.00320,0.00364,0.00445
0.04301,0.05675,0.00818,0.11791,0.01317,0.01156,0.04607,0.01773,0.01202,0.04089,0.01176,0.46387,0.03939,0.00997,0.04828,0.01504,0.00534,0.01563,0.01123,0.01222
0.09759,0.03573,0.02584,0.04549,0.06878,0.03099,0.02445,0.09180,0.05313,0.01620,0.02499,0.33075,0.02419,0.00591,0.03048,0.06064,0.01395,0.00353,0.00569,0.00987
0.00592,0.02421,0.01337,0.01285,0.37814,0.04873,0.02103,0.29037,0.02870,0.01061,0.00506,0.02032,0.05785,0.00905,0.01122,0.03116,0.00889,0.00532,0.00285,0.01434
0.03812,0.32913,0.01303,0.04361,0.01285,0.01611,0.05715,0.02292,0.01485,0.04012,0.01544,0.32378,0.01358,0.00719,0.01420,0.00826,0.00318,0.00955,0.00522,0.01171
0.43050,0.03822,0.02989,0.02697,0.01224,0.02276,0.01499,0.02400,0.01434,0.02358,0.14400,0.09880,0.05635,0.00651,0.01659,0.00586,0.00763,0.00447,0.00584,0.01649
0.02180,0.07930,0.01164,0.11570,0.08361,0.03481,0.00884,0.21416,0.00787,0.02690,0.01103,0.10318,0.05298,0.01798,0.02187,0.09962,0.00652,0.01558,0.01787,0.04874
0.02716,0.08361,0.01490,0.21100,0.02604,0.03961,0.04994,0.04542,0.01683,0.01532,0.01103,0.29239,0.01658,0.01279,0.06322,0.01551,0.00491,0.00613,0.00482,0.04281
0.21172,0.02475,0.02563,0.10124,0.00889,0.01415,0.06719,0.01941,0.01847,0.01735,0.09199,0.28908,0.00716,0.02477,0.01383,0.00492,0.01123,0.00910,0.00411,0.03501
0.16383,0.02439,0.00706,0.13051,0.00593,0.01068,0.01370,0.02332,0.12938,0.03242,0.00517,0.19726,0.01887,0.00727,0.00763,0.00627,0.18397,0.00356,0.01603,0.01276
0.01110,0.04217,0.01477,0.01467,0.01728,0.14305,0.00375,0.60124,0.00425,0.02207,0.00565,0.02081,0.01708,0.01333,0.01120,0.00324,0.00795,0.00379,0.00234,0.04025
0.03434,0.04304,0.06922,0.02263,0.04586,0.00654,0.05075,0.01033,0.01775,0.06300,0.01324,0.02396,0.26934,0.26428,0.00823,0.01572,0.00570,0.02320,0.00700,0.00587
0.01134,0.00511,0.02189,0.02214,0.01178,0.01061,0.02322,0.00941,0.09242,0.30038,0.00372,0.01564,0.41202,0.00712,0.00471,0.01158,0.00935,0.01332,0.00477,0.00946
0.16049,0.06761,0.06236,0.05477,0.03017,0.01188,0.07534,0.01518,0.03630,0.02847,0.00614,0.28961,0.00975,0.08068,0.01017,0.00978,0.00696,0.00452,0.00497,0.03484
0.15717,0.01137,0.02943,0.01789,0.15874,0.01065,0.04202,0.01942,0.01191,0.31896,0.04822,0.04154,0.01230,0.00535,0.08461,0.00580,0.00619,0.00773,0.00286,0.00784
0.01732,0.01565,0.00695,0.06178,0.00852,0.02187,0.02991,0.01225,0.01599,0.02061,0.04116,0.17609,0.02394,0.02608,0.02497,0.01390,0.01340,0.00423,0.41001,0.05538
0.01557,0.37883,0.00574,0.05458,0.01601,0.01482,0.16256,0.02471,0.01283,0.05027,0.00541,0.16891,0.00807,0.00487,0.04387,0.00523,0.00438,0.00674,0.00462,0.01197
0.42483,0.04484,0.02285,0.02304,0.01401,0.01469,0.05745,0.03430,0.02148,0.01117,0.16389,0.06153,0.01058,0.00804,0.03572,0.00467,0.01470,0.00537,0.00968,0.01713
0.01907,0.04065,0.00702,0.22261,0.00521,0.01274,0.12881,0.01119,0.02922,0.02097,0.01638,0.43256,0.00494,0.01178,0.00622,0.00447,0.00319,0.00458,0.00208,0.01632
0.01124,0.06810,0.02612,0.03496,0.29072,0.05517,0.02381,0.09470,0.02303,0.01558,0.00869,0.05538,0.03830,0.02832,0.03413,0.14618,0.01963,0.00744,0.00416,0.01435
0.14922,0.01460,0.01089,0.19437,0.01509,0.03999,0.04775,0.02813,0.03823,0.02295,0.01097,0.35416,0.00871,0.01099,0.00907,0.01050,0.00646,0.00535,0.00586,0.01672
0.00754,0.00733,0.00984,0.08197,0.00650,0.05478,0.01084,0.07752,0.01398,0.02918,0.00457,0.18446,0.00858,0.01936,0.00809,0.00274,0.00483,0.00256,0.00164,0.46369
0.01582,0.00998,0.06234,0.30553,0.01945,0.01298,0.03228,0.00648,0.08145,0.01833,0.00947,0.16662,0.12379,0.01695,0.02046,0.03297,0.02101,0.01680,0.00954,0.01775
0.01398,0.00876,0.01178,0.04115,0.00820,0.02157,0.30891,0.03011,0.02029,0.01023,0.00631,0.17998,0.00848,0.00459,0.29844,0.00483,0.00296,0.00387,0.00264,0.01295
0.03671,0.33266,0.06469,0.02466,0.05889,0.00499,0.01203,0.00814,0.00702,0.03987,0.00991,0.07684,0.02461,0.16456,0.05872,0.03122,0.00307,0.01164,0.02482,0.00497
0.02585,0.09559,0.01543,0.07301,0.33353,0.01505,0.00981,0.02338,0.00793,0.01397,0.00889,0.07306,0.02784,0.09298,0.02260,0.12970,0.00661,0.00549,0.00385,0.01545
0.06434,0.05746,0.01514,0.20645,0.01092,0.01272,0.04228,0.02715,0.02848,0.04442,0.00848,0.33369,0.02622,0.03770,0.01631,0.00817,0.00936,0.00441,0.00736,0.03894
0.04496,0.00939,0.00881,0.25070,0.00705,0.02095,0.04873,0.01792,0.01460,0.09116,0.01899,0.33791,0.02775,0.00842,0.03995,0.01484,0.00464,0.00837,0.01030,0.01454
0.01680,0.04698,0.01300,0.06746,0.08763,0.00940,0.01925,0.01313,0.00918,0.40302,0.00815,0.26006,0.00471,0.00823,0.00938,0.00426,0.00292,0.00621,0.00312,0.00710
0.02001,0.02889,0.00918,0.13862,0.00741,0.01430,0.02152,0.02066,0.10440,0.01968,0.00515,0.39006,0.01403,0.11503,0.00994,0.00786,0.01981,0.00330,0.01710,0.03304
0.07316,0.02160,0.01529,0.16802,0.01804,0.01577,0.07839,0.01384,0.02191,0.04456,0.02222,0.41972,0.01055,0.00762,0.01730,0.01572,0.00493,0.01088,0.01062,0.00985
0.05707,0.03040,0.02751,0.13449,0.00607,0.01313,0.01840,0.01442,0.02210,0.01371,0.01591,0.32768,0.01021,0.25548,0.01373,0.00681,0.01153,0.00515,0.00634,0.00985
0.02540,0.01232,0.01017,0.13649,0.00419,0.03718,0.09216,0.01593,0.03393,0.01513,0.01779,0.35831,0.02623,0.02053,0.02220,0.00978,0.00626,0.00533,0.11685,0.03384
0.02307,0.01025,0.01451,0.10985,0.00805,0.04462,0.02629,0.03526,0.01535,0.02199,0.01911,0.57853,0.00874,0.01977,0.01196,0.00772,0.00982,0.00253,0.00736,0.02525
0.04590,0.03391,0.02033,0.04065,0.01343,0.01983,0.01902,0.01215,0.18223,0.02685,0.00948,0.26382,0.02634,0.16082,0.02057,0.02608,0.03422,0.00596,0.01386,0.02455
0.04766,0.02128,0.01251,0.14665,0.26738,0.00975,0.01066,0.01043,0.00898,0.01087,0.01278,0.17786,0.01213,0.00756,0.00909,0.20915,0.00650,0.00815,0.00307,0.00754
0.01572,0.04246,0.00749,0.12660,0.00546,0.02087,0.10000,0.00995,0.01982,0.01546,0.01424,0.55047,0.00869,0.01873,0.01198,0.00497,0.00441,0.00605,0.00421,0.01241
0.02690,0.03131,0.01280,0.15249,0.01722,0.01146,0.14277,0.02260,0.06053,0.04282,0.01012,0.42073,0.00626,0.00761,0.00703,0.00341,0.00442,0.00381,0.00254,0.01315
0.01890,0.03215,0.00658,0.13332,0.00912,0.04728,0.06100,0.02578,0.03813,0.01116,0.01129,0.48749,0.00489,0.02328,0.01396,0.01173,0.00485,0.00271,0.01488,0.04150
0.03601,0.00838,0.00836,0.08997,0.01037,0.09684,0.01898,0.04618,0.10340,0.04547,0.01012,0.30916,0.08012,0.01094,0.01134,0.00802,0.06621,0.00853,0.00655,0.02505
0.08307,0.04329,0.01098,0.12520,0.01013,0.01391,0.01457,0.02005,0.01720,0.01837,0.00788,0.56743,0.01606,0.00986,0.01536,0.00639,0.00457,0.00278,0.00439,0.00852
0.19283,0.02792,0.09381,0.03591,0.01278,0.00730,0.02669,0.01625,0.06485,0.03157,0.00396,0.16953,0.00945,0.26334,0.00582,0.00520,0.01467,0.00645,0.00584,0.00584
0.01709,0.00579,0.00921,0.12878,0.01232,0.04510,0.01760,0.02031,0.01354,0.06020,0.01130,0.26903,0.00671,0.00794,0.00676,0.01929,0.00328,0.00596,0.32904,0.01077
0.03481,0.03456,0.01275,0.13528,0.01436,0.00998,0.02870,0.01655,0.11721,0.07646,0.00412,0.41500,0.00818,0.03560,0.01411,0.00565,0.01218,0.00340,0.00828,0.01280
0.01721,0.05447,0.00664,0.11198,0.02024,0.00934,0.11023,0.01078,0.15930,0.10745,0.00764,0.21863,0.02326,0.00688,0.06029,0.01813,0.00489,0.00663,0.00985,0.03617
0.28521,0.07080,0.02380,0.04744,0.04463,0.00814,0.02922,0.00867,0.01499,0.04974,0.01606,0.16658,0.01412,0.16372,0.01693,0.00971,0.00688,0.01089,0.00527,0.00719
0.07255,0.01940,0.01599,0.04167,0.03697,0.01734,0.08767,0.01480,0.03208,0.10873,0.03192,0.36103,0.00845,0.01522,0.09203,0.00920,0.00723,0.00306,0.01268,0.01197
0.05823,0.01061,0.01453,0.06592,0.01406,0.03243,0.01517,0.10264,0.16140,0.01380,0.00363,0.03927,0.06461,0.03404,0.00977,0.01244,0.33106,0.00265,0.00676,0.00699
0.01176,0.02925,0.00581,0.08374,0.00936,0.01145,0.33445,0.00940,0.03640,0.00895,0.00449,0.38847,0.01295,0.00282,0.02056,0.01565,0.00263,0.00371,0.00488,0.00325
0.51371,0.02670,0.07282,0.01231,0.01518,0.00853,0.01001,0.01123,0.01200,0.01397,0.01670,0.01574,0.00786,0.23344,0.00481,0.00543,0.00572,0.00538,0.00216,0.00631
0.02052,0.00463,0.02169,0.05380,0.00466,0.01081,0.02117,0.01298,0.02479,0.10222,0.00602,0.30385,0.34664,0.00450,0.00552,0.00692,0.00882,0.02593,0.00446,0.01008
0.01054,0.00922,0.02752,0.07111,0.01393,0.11981,0.02967,0.01259,0.03400,0.02446,0.25464,0.18642,0.00695,0.09500,0.00696,0.02124,0.00598,0.02262,0.01862,0.02873
0.23767,0.02570,0.22109,0.01456,0.02116,0.00613,0.03774,0.00917,0.01771,0.01637,0.02655,0.01787,0.02414,0.27457,0.00979,0.01173,0.00641,0.01273,0.00391,0.00497
0.03283,0.01983,0.00595,0.30168,0.00604,0.02570,0.04206,0.01859,0.04348,0.01591,0.01449,0.41293,0.00494,0.00450,0.01045,0.00491,0.01020,0.00307,0.01000,0.01246
0.01273,0.02821,0.00620,0.16668,0.00742,0.00681,0.11306,0.00927,0.07329,0.01567,0.00562,0.51326,0.00402,0.00536,0.01527,0.00354,0.00280,0.00220,0.00422,0.00437
0.05853,0.11315,0.07200,0.01560,0.02648,0.02533,0.01142,0.29680,0.01275,0.02559,0.00922,0.02139,0.02896,0.21193,0.03273,0.00633,0.00813,0.00670,0.00436,0.01261
0.36947,0.02859,0.16460,0.01675,0.04991,0.01162,0.01688,0.01881,0.02269,0.07863,0.01690,0.04430,0.00952,0.07612,0.01995,0.00650,0.01690,0.01697,0.00607,0.00883
0.01051,0.01361,0.00654,0.11604,0.01630,0.19332,0.22204,0.01602,0.01055,0.03373,0.09679,0.14202,0.01518,0.00869,0.02530,0.01879,0.00254,0.02285,0.00999,0.01919
0.35815,0.03033,0.11599,0.01598,0.01614,0.01284,0.01615,0.01460,0.02136,0.01948,0.01142,0.02927,0.03866,0.18350,0.03067,0.00943,0.05375,0.00519,0.00650,0.01059
0.02328,0.02134,0.00942,0.14636,0.01039,0.02882,0.03199,0.02857,0.01042,0.05095,0.00676,0.51509,0.02228,0.02835,0.02319,0.00705,0.00409,0.00325,0.00697,0.02143
0.03307,0.00946,0.00700,0.07527,0.01258,0.09803,0.04121,0.02299,0.01953,0.03268,0.01468,0.53728,0.01145,0.01013,0.01514,0.01444,0.00543,0.00578,0.01172,0.02212
0.01796,0.01886,0.00856,0.01062,0.01326,0.01463,0.00607,0.01043,0.37861,0.03559,0.00358,0.01351,0.02590,0.00925,0.00525,0.00305,0.41960,0.00099,0.00177,0.00251
0.02380,0.01869,0.00459,0.25728,0.00694,0.01514,0.05076,0.01392,0.02693,0.01232,0.01008,0.51659,0.00427,0.00886,0.00621,0.00515,0.00339,0.00449,0.00385,0.00677
0.02730,0.03439,0.02413,0.11346,0.00937,0.02937,0.10732,0.01922,0.01703,0.01432,0.01567,0.42886,0.01599,0.01904,0.08102,0.00977,0.00624,0.00275,0.01033,0.01441
0.06475,0.01191,0.01682,0.07921,0.00637,0.06917,0.01068,0.01620,0.08398,0.11154,0.04399,0.33104,0.02957,0.01433,0.00584,0.01326,0.02069,0.00684,0.03518,0.02865
0.39452,0.01697,0.04199,0.02345,0.01016,0.01750,0.02036,0.05508,0.01593,0.03390,0.17776,0.08532,0.02358,0.00786,0.02082,0.00579,0.01237,0.02045,0.00724,0.00896
0.01795,0.00809,0.01368,0.02991,0.01764,0.01869,0.06846,0.01371,0.03614,0.03566,0.00890,0.03700,0.00996,0.11349,0.01811,0.03481,0.00395,0.01020,0.48862,0.01503
0.02802,0.02633,0.01669,0.08894,0.11605,0.05786,0.03980,0.09649,0.01671,0.02616,0.01105,0.21163,0.02260,0.01755,0.03213,0.02539,0.00480,0.00739,0.00823,0.14616
0.03422,0.38865,0.02354,0.09429,0.02408,0.01602,0.05060,0.02275,0.00937,0.06336,0.02159,0.13995,0.00926,0.01236,0.03005,0.01720,0.00471,0.01429,0.01437,0.00934
0.03124,0.07485,0.01187,0.09647,0.04515,0.01467,0.04420,0.01622,0.02228,0.12397,0.02156,0.44397,0.00636,0.00476,0.01205,0.00791,0.00283,0.00528,0.00504,0.00933
0.05307,0.07334,0.01372,0.33181,0.01819,0.01513,0.04638,0.00938,0.03957,0.02610,0.00967,0.32161,0.00524,0.00666,0.00579,0.00478,0.00540,0.00418,0.00299,0.00699
0.05728,0.04883,0.01049,0.04916,0.01015,0.02078,0.12983,0.02110,0.00768,0.03522,0.01639,0.52328,0.01376,0.00903,0.01042,0.00799,0.00274,0.00574,0.00474,0.01538
0.02682,0.02922,0.01199,0.00791,0.01033,0.01961,0.00397,0.69811,0.00473,0.00924,0.00746,0.00823,0.12493,0.00626,0.00946,0.00498,0.00466,0.00523,0.00265,0.00420
