0.02534,0.00933,0.26311,0.32689,0.01261,0.02841,0.01793,0.02489,0.01198,0.02509,0.00953,0.13230,0.01231,0.03716,0.01062,0.00498,0.01196,0.02357,0.00463,0.00736
0.04334,0.02393,0.34136,0.06661,0.01189,0.01697,0.01297,0.02525,0.01281,0.02115,0.01453,0.07851,0.00942,0.27592,0.01346,0.00720,0.00495,0.00703,0.00516,0.00757
0.06061,0.01485,0.03170,0.12336,0.02006,0.04184,0.16877,0.04700,0.16505,0.01944,0.03904,0.15008,0.01086,0.00755,0.03306,0.00669,0.01569,0.01811,0.01490,0.01134
0.06160,0.01468,0.13423,0.16587,0.02847,0.06111,0.02101,0.08389,0.01404,0.03351,0.03021,0.18849,0.01650,0.06591,0.02117,0.00483,0.00434,0.04031,0.00392,0.00591
0.02491,0.02764,0.20580,0.29131,0.04233,0.02207,0.03605,0.00999,0.01698,0.02215,0.01480,0.15295,0.01260,0.03069,0.01469,0.03630,0.01181,0.00705,0.00441,0.01548
0.10344,0.01274,0.05367,0.22202,0.03397,0.04865,0.01665,0.04030,0.02910,0.06813,0.06038,0.21629,0.01297,0.01389,0.00894,0.00683,0.02016,0.01065,0.00342,0.01780
0.03189,0.01873,0.06118,0.07277,0.27860,0.02202,0.00900,0.01959,0.01340,0.25924,0.01650,0.07415,0.00698,0.04624,0.01102,0.01065,0.00963,0.01272,0.00597,0.01970
0.02916,0.02245,0.01841,0.07779,0.03587,0.02974,0.02001,0.02951,0.04649,0.02934,0.00741,0.32270,0.02145,0.00731,0.01793,0.01487,0.24105,0.00671,0.00443,0.01738
0.33494,0.08256,0.02490,0.04126,0.01453,0.01928,0.01283,0.02158,0.02252,0.01154,0.29922,0.03741,0.01558,0.00273,0.01302,0.00847,0.01475,0.01124,0.00584,0.00580
0.01863,0.01784,0.02046,0.01298,0.01158,0.31558,0.00554,0.31944,0.01433,0.01552,0.01006,0.01555,0.10285,0.00864,0.05405,0.00567,0.00445,0.00497,0.02410,0.01776
0.03105,0.24792,0.04470,0.10698,0.06130,0.00773,0.08466,0.02091,0.03817,0.05399,0.01086,0.12185,0.00814,0.02241,0.07433,0.02949,0.01035,0.00697,0.00698,0.01120
0.03031,0.23608,0.02046,0.19983,0.02455,0.04458,0.05617,0.04828,0.01186,0.02017,0.01576,0.21315,0.00798,0.01902,0.01297,0.00686,0.00812,0.01122,0.00307,0.00955
0.02933,0.01770,0.04736,0.28369,0.01451,0.01793,0.04372,0.03623,0.02650,0.05121,0.01747,0.27776,0.03495,0.01534,0.01939,0.01172,0.01538,0.01431,0.00561,0.01990
0.06890,0.01180,0.02682,0.25420,0.02350,0.03535,0.01917,0.05430,0.04237,0.07110,0.01307,0.26347,0.02916,0.01285,0.01546,0.00866,0.01749,0.00750,0.00614,0.01866
0.01929,0.02526,0.02162,0.04731,0.01696,0.31563,0.03292,0.32206,0.03264,0.01849,0.01153,0.05036,0.02062,0.01659,0.01329,0.00566,0.01053,0.00690,0.00340,0.00893
0.09436,0.04892,0.04389,0.23849,0.04839,0.01032,0.06167,0.02019,0.02936,0.03501,0.00664,0.26307,0.01031,0.01090,0.01115,0.01283,0.00921,0.02459,0.00432,0.01639
0.01969,0.02403,0.04589,0.15064,0.02055,0.04555,0.01105,0.02464,0.01497,0.02146,0.00942,0.16300,0.02691,0.17359,0.02323,0.03917,0.01095,0.01264,0.01516,0.14746
0.08780,0.01806,0.01367,0.19938,0.01304,0.02070,0.01441,0.03734,0.13939,0.01324,0.00556,0.25237,0.01659,0.02117,0.00932,0.01548,0.08973,0.01002,0.01662,0.00612
0.01398,0.00684,0.02624,0.01288,0.10583,0.19997,0.06192,0.30475,0.08614,0.13327,0.00687,0.01068,0.00380,0.01041,0.00493,0.00307,0.00183,0.00195,0.00173,0.00291
0.04466,0.50818,0.01188,0.06337,0.01947,0.01626,0.02368,0.02656,0.01203,0.01686,0.01033,0.10416,0.00595,0.00842,0.01812,0.00928,0.02139,0.05995,0.00437,0.01508
0.03649,0.05813,0.03338,0.23820,0.06715,0.01998,0.04282,0.01587,0.04398,0.01771,0.01532,0.23887,0.00601,0.03507,0.01082,0.04939,0.00753,0.00967,0.00817,0.04544
0.02007,0.49475,0.01764,0.07432,0.02902,0.01957,0.08725,0.02278,0.03277,0.01648,0.01489,0.09646,0.01366,0.00902,0.01025,0.01221,0.00821,0.00450,0.00593,0.01021
0.03075,0.04037,0.01062,0.33152,0.01983,0.01307,0.01351,0.05808,0.01014,0.05230,0.00709,0.33035,0.01326,0.00731,0.00418,0.01819,0.00886,0.00618,0.01520,0.00921
0.06800,0.17109,0.03072,0.20621,0.03957,0.00970,0.02248,0.01873,0.03700,0.03037,0.00553,0.23094,0.00849,0.03865,0.02495,0.00968,0.02192,0.01310,0.00351,0.00936
0.11172,0.07503,0.06890,0.03976,0.20459,0.00954,0.02473,0.01553,0.01007,0.19659,0.08885,0.04572,0.01637,0.01717,0.02443,0.01606,0.00768,0.00939,0.00657,0.01130
0.34146,0.00805,0.07915,0.03503,0.01494,0.01348,0.02600,0.01609,0.01835,0.02471,0.33102,0.01405,0.01402,0.01025,0.01587,0.00444,0.01329,0.00570,0.00661,0.00749
0.02828,0.01808,0.01915,0.24535,0.05505,0.02109,0.03841,0.04742,0.04214,0.06225,0.01101,0.25912,0.01073,0.05551,0.01597,0.01666,0.00947,0.00896,0.00520,0.03015
0.03508,0.12482,0.02646,0.24385,0.01581,0.04802,0.02727,0.02826,0.01213,0.01858,0.02240,0.25556,0.00932,0.01256,0.08915,0.00804,0.00479,0.00853,0.00323,0.00614
0.02020,0.17717,0.02022,0.23366,0.01607,0.02424,0.03012,0.03209,0.01690,0.01751,0.02075,0.23326,0.00756,0.05135,0.01634,0.02051,0.00932,0.01093,0.01376,0.02804
0.05138,0.03877,0.02879,0.18797,0.02648,0.03212,0.02447,0.02559,0.02731,0.03481,0.02242,0.27264,0.02410,0.01344,0.00913,0.02947,0.10261,0.00398,0.01564,0.02886
0.03927,0.01093,0.06283,0.32986,0.00886,0.02515,0.02132,0.03733,0.00804,0.02116,0.00727,0.31723,0.01534,0.02490,0.02236,0.00513,0.00747,0.02314,0.00430,0.00810
0.04263,0.01168,0.33840,0.01536,0.01259,0.03208,0.05109,0.05459,0.02861,0.02370,0.00933,0.01613,0.01805,0.29604,0.02020,0.00823,0.00786,0.00258,0.00356,0.00732
0.05231,0.03312,0.02863,0.15312,0.01384,0.07969,0.01472,0.08697,0.04706,0.01160,0.00669,0.18074,0.00783,0.01150,0.01232,0.10123,0.02322,0.00831,0.10590,0.02121
0.02638,0.07061,0.02051,0.23019,0.06618,0.04251,0.02924,0.03421,0.04557,0.02322,0.01513,0.25447,0.01423,0.03201,0.01002,0.03481,0.02610,0.00460,0.00466,0.01534
0.03313,0.27327,0.00817,0.08383,0.02939,0.01580,0.08342,0.03539,0.03392,0.01450,0.02692,0.07560,0.02801,0.00864,0.16687,0.00733,0.01889,0.01435,0.03037,0.01219
0.01943,0.05690,0.23445,0.29983,0.04700,0.01761,0.02087,0.01137,0.01972,0.02605,0.00347,0.13243,0.01122,0.01381,0.00866,0.01486,0.01469,0.03090,0.01400,0.00276
0.03314,0.01547,0.01522,0.22938,0.01510,0.01213,0.01392,0.08070,0.04696,0.05774,0.00685,0.28076,0.01919,0.00330,0.04543,0.01831,0.04753,0.00938,0.02784,0.02166
0.02060,0.15409,0.03914,0.19556,0.02746,0.01571,0.02979,0.03601,0.03045,0.01955,0.01494,0.22123,0.01924,0.04728,0.03453,0.01082,0.04907,0.01486,0.00659,0.01308
0.09201,0.02056,0.15437,0.26881,0.01951,0.02967,0.01087,0.01969,0.01938,0.03321,0.03477,0.16693,0.01497,0.00811,0.01189,0.00865,0.01405,0.03355,0.00343,0.03555
0.03162,0.04174,0.01634,0.01173,0.03176,0.00969,0.01531,0.00892,0.03050,0.02112,0.01211,0.02752,0.01168,0.00484,0.02304,0.32933,0.01465,0.00845,0.34258,0.00706
0.01640,0.04073,0.03187,0.08970,0.04776,0.26422,0.01209,0.04366,0.00963,0.05740,0.24295,0.08807,0.01228,0.01240,0.00623,0.00808,0.00424,0.00513,0.00248,0.00467
0.05249,0.01714,0.01299,0.01789,0.02404,0.00988,0.03936,0.03804,0.33217,0.02745,0.00716,0.02428,0.03401,0.00705,0.01215,0.02804,0.27521,0.00664,0.01772,0.01628
0.02437,0.01393,0.02779,0.06235,0.35946,0.01657,0.00834,0.01924,0.00885,0.33295,0.00870,0.05685,0.00692,0.00470,0.00860,0.00704,0.00783,0.01756,0.00261,0.00535
0.01683,0.01855,0.03697,0.27446,0.02181,0.02056,0.04064,0.02817,0.02739,0.03561,0.00881,0.26903,0.04510,0.03996,0.03801,0.00511,0.02653,0.01312,0.00605,0.02728
0.02123,0.03200,0.01795,0.04457,0.02432,0.01681,0.03452,0.04148,0.07164,0.00822,0.00431,0.29319,0.01014,0.00668,0.02835,0.02421,0.26953,0.01366,0.03254,0.00462
0.02369,0.01156,0.02810,0.26310,0.03036,0.03679,0.02222,0.04312,0.07577,0.02396,0.01405,0.25564,0.03173,0.01816,0.00821,0.01211,0.05194,0.01740,0.01196,0.02013
0.05965,0.03082,0.11354,0.23787,0.02284,0.03011,0.01872,0.03431,0.01884,0.05340,0.00628,0.24791,0.00665,0.04030,0.01121,0.01530,0.02223,0.00648,0.00771,0.01584
0.02482,0.02284,0.02189,0.07393,0.01949,0.03000,0.01092,0.03439,0.00963,0.22084,0.01890,0.05372,0.28115,0.01335,0.00972,0.01010,0.01695,0.04930,0.01562,0.06245
0.01305,0.02508,0.03406,0.29702,0.02635,0.01432,0.06343,0.01722,0.05185,0.04614,0.01573,0.28430,0.01448,0.01331,0.01358,0.00796,0.03086,0.00609,0.00519,0.01998
0.10904,0.00955,0.02165,0.06854,0.01346,0.01764,0.01375,0.01808,0.26692,0.06002,0.01945,0.08361,0.04182,0.01311,0.00824,0.00995,0.19702,0.00806,0.00867,0.01142
0.24047,0.02836,0.04452,0.06035,0.03275,0.04504,0.04710,0.05136,0.01508,0.04345,0.22845,0.05000,0.01831,0.00631,0.04881,0.01045,0.00731,0.01006,0.00415,0.00767
0.01641,0.01483,0.00517,0.07413,0.02457,0.04976,0.20451,0.05777,0.20922,0.03640,0.02985,0.09635,0.05129,0.00417,0.05049,0.00716,0.02260,0.01271,0.02066,0.01193
0.01513,0.01641,0.33954,0.01457,0.04473,0.02534,0.02847,0.02080,0.04470,0.01988,0.00916,0.01487,0.02173,0.31022,0.00689,0.02659,0.02080,0.00362,0.00917,0.00741
0.01006,0.03849,0.05427,0.02511,0.07510,0.02297,0.04255,0.02270,0.01847,0.02955,0.00571,0.03467,0.01500,0.13281,0.01083,0.18847,0.00936,0.00997,0.15091,0.10300
0.02745,0.02318,0.02325,0.17594,0.02644,0.03698,0.17760,0.03478,0.01262,0.01369,0.02057,0.20486,0.01825,0.02289,0.13735,0.01361,0.00515,0.00477,0.00926,0.01137
0.02224,0.00796,0.01237,0.02962,0.05232,0.03122,0.02138,0.02929,0.35951,0.02039,0.01107,0.03241,0.01474,0.00654,0.01387,0.01046,0.30786,0.00257,0.01000,0.00417
0.01483,0.07672,0.02862,0.08112,0.27951,0.01756,0.03303,0.01700,0.01652,0.02561,0.00756,0.09211,0.01666,0.01154,0.01857,0.24155,0.00570,0.00319,0.00764,0.00496
0.05513,0.03771,0.24013,0.24562,0.03148,0.02913,0.01220,0.01862,0.01625,0.01564,0.02296,0.07215,0.07700,0.01233,0.05373,0.01401,0.01510,0.01096,0.01110,0.00877
0.04094,0.02289,0.03849,0.16025,0.03058,0.02457,0.03066,0.03157,0.03441,0.01810,0.01341,0.17011,0.01646,0.00968,0.02144,0.14511,0.01383,0.01896,0.13886,0.01968
0.01046,0.03474,0.04128,0.17880,0.04261,0.03281,0.14055,0.02603,0.06296,0.02360,0.01633,0.20655,0.02165,0.01655,0.06826,0.01075,0.01418,0.01695,0.02278,0.01214
0.04992,0.00757,0.03348,0.27132,0.05221,0.03636,0.02126,0.02624,0.02494,0.06523,0.02348,0.27709,0.01003,0.00952,0.00848,0.01142,0.01140,0.02221,0.00630,0.03154
0.04747,0.05051,0.28768,0.32912,0.02181,0.03312,0.01565,0.02842,0.00954,0.01694,0.04493,0.02098,0.02562,0.01518,0.01875,0.01466,0.00362,0.00359,0.00343,0.00898
0.01192,0.03888,0.02213,0.13657,0.03247,0.06112,0.01298,0.08506,0.01898,0.02689,0.01599,0.14122,0.03573,0.15118,0.02408,0.03693,0.00241,0.00817,0.00876,0.12854
0.31266,0.02026,0.02288,0.07082,0.03931,0.03088,0.01843,0.01455,0.00800,0.02362,0.28784,0.07445,0.01177,0.00587,0.01803,0.01192,0.00770,0.00958,0.00600,0.00543
0.02307,0.02562,0.01485,0.23720,0.02046,0.02047,0.07587,0.08244,0.07310,0.08306,0.02253,0.23632,0.01335,0.00611,0.01256,0.02157,0.01044,0.00632,0.00767,0.00696
0.03261,0.02138,0.13229,0.29056,0.02460,0.02631,0.05343,0.04394,0.05891,0.01645,0.00919,0.19914,0.02903,0.01550,0.01634,0.00883,0.00611,0.00374,0.00435,0.00730
0.06561,0.01361,0.04336,0.04196,0.28588,0.03982,0.02633,0.03381,0.01952,0.01972,0.00579,0.05845,0.01367,0.00511,0.02728,0.27703,0.00442,0.01129,0.00236,0.00496
0.03665,0.01709,0.16115,0.17039,0.02072,0.03421,0.01556,0.03757,0.01128,0.02148,0.00847,0.19540,0.04551,0.11152,0.03821,0.00930,0.02185,0.02054,0.01296,0.01012
0.12283,0.01088,0.01895,0.20676,0.05113,0.01358,0.01081,0.03578,0.04248,0.05072,0.02310,0.24014,0.00477,0.04231,0.00674,0.01868,0.04500,0.02665,0.01339,0.01529
0.03653,0.04573,0.03451,0.18797,0.11148,0.01621,0.02174,0.01720,0.01185,0.11329,0.05882,0.19831,0.03508,0.04642,0.03202,0.00547,0.00600,0.00559,0.00352,0.01228
0.04217,0.04988,0.05658,0.20123,0.02334,0.02031,0.13658,0.02890,0.12161,0.01586,0.01151,0.17894,0.01180,0.00936,0.01166,0.01700,0.03257,0.00348,0.01482,0.01239
0.37819,0.00921,0.01639,0.01799,0.01200,0.01458,0.00645,0.00305,0.03773,0.01289,0.37137,0.04312,0.02224,0.00733,0.00439,0.01312,0.01172,0.00525,0.00353,0.00944
0.02488,0.01921,0.33052,0.39092,0.02876,0.01358,0.02603,0.00693,0.01380,0.00733,0.01114,0.05241,0.00954,0.00618,0.02530,0.00922,0.00491,0.00565,0.00956,0.00412
0.04230,0.06184,0.06335,0.21367,0.01913,0.01714,0.08883,0.00756,0.07433,0.01539,0.03067,0.23743,0.00794,0.01278,0.01542,0.00334,0.04803,0.00835,0.00479,0.02771
0.04773,0.01277,0.01662,0.21696,0.02422,0.09297,0.03758,0.02419,0.04977,0.01799,0.11117,0.23903,0.00919,0.00979,0.02050,0.01321,0.02278,0.00396,0.00754,0.02203
0.02109,0.03677,0.02492,0.17078,0.02957,0.04399,0.05481,0.02716,0.04704,0.03844,0.01895,0.19963,0.01239,0.01574,0.11275,0.01563,0.01948,0.01412,0.06980,0.02692
0.02251,0.10610,0.13730,0.14571,0.01479,0.06719,0.03218,0.02899,0.02744,0.02727,0.02979,0.15621,0.02265,0.08856,0.01707,0.01213,0.03489,0.01060,0.00657,0.01207
0.04089,0.03804,0.06223,0.25876,0.06983,0.06447,0.00555,0.02707,0.00998,0.03728,0.02774,0.26698,0.01427,0.00769,0.00949,0.03824,0.00357,0.00779,0.00434,0.00578
0.01710,0.00821,0.20659,0.20176,0.02362,0.02308,0.01934,0.01265,0.01485,0.04062,0.02122,0.06890,0.13217,0.00974,0.12039,0.00890,0.04855,0.00576,0.00767,0.00889
0.01685,0.02202,0.06320,0.28122,0.07587,0.01496,0.01334,0.05565,0.01013,0.01801,0.00672,0.25802,0.01451,0.01660,0.01337,0.03503,0.00776,0.05095,0.01531,0.01048
0.01637,0.01402,0.03677,0.18176,0.05269,0.04716,0.11037,0.03820,0.04570,0.02869,0.02339,0.19460,0.00991,0.01940,0.11805,0.01025,0.01054,0.00617,0.02686,0.00911
0.02278,0.04353,0.03453,0.15570,0.02651,0.03081,0.03343,0.02146,0.02010,0.05923,0.00909,0.17823,0.07143,0.03326,0.02647,0.08875,0.00150,0.02426,0.09826,0.02066
0.05061,0.01357,0.03814,0.15885,0.01061,0.01670,0.02667,0.02744,0.15413,0.07583,0.02327,0.14656,0.06247,0.02282,0.00803,0.01458,0.09627,0.01231,0.00881,0.03232
0.04618,0.08404,0.03682,0.20931,0.08013,0.04386,0.01459,0.03752,0.03162,0.02951,0.03907,0.23059,0.01418,0.01733,0.01698,0.03953,0.00636,0.00642,0.00797,0.00798
0.04340,0.04582,0.05713,0.11402,0.02456,0.17901,0.01537,0.18273,0.02733,0.03992,0.01048,0.12466,0.03539,0.02200,0.02381,0.01571,0.00645,0.01183,0.00730,0.01309
0.01819,0.01160,0.04779,0.19175,0.04180,0.01685,0.01984,0.01747,0.06853,0.07472,0.01069,0.15395,0.06733,0.02585,0.01829,0.02267,0.06040,0.02291,0.00672,0.10265
0.29235,0.01421,0.05795,0.05526,0.03303,0.01445,0.03557,0.03099,0.03317,0.04176,0.25315,0.04578,0.01516,0.00931,0.02149,0.00547,0.00865,0.02255,0.00391,0.00578
0.06872,0.03308,0.09371,0.17693,0.03911,0.02253,0.03754,0.04137,0.02058,0.01239,0.01050,0.25204,0.00887,0.05002,0.01190,0.02880,0.04881,0.01340,0.02284,0.00686
0.01186,0.00837,0.02241,0.30015,0.05918,0.02155,0.01770,0.02621,0.01814,0.02570,0.00594,0.32100,0.01700,0.02071,0.01841,0.04923,0.00915,0.01966,0.01660,0.01106
0.03397,0.00998,0.22282,0.08683,0.01549,0.01821,0.01563,0.01820,0.04324,0.05540,0.01311,0.07520,0.03735,0.20641,0.02534,0.00697,0.02682,0.01481,0.01794,0.05628
0.30542,0.00820,0.04275,0.04255,0.01582,0.02426,0.01571,0.01936,0.03307,0.04565,0.29150,0.05200,0.02173,0.00846,0.00822,0.00549,0.02391,0.01222,0.00849,0.01519
0.03475,0.01902,0.04274,0.27081,0.03002,0.02407,0.03776,0.04810,0.02981,0.02601,0.01110,0.29777,0.03798,0.01476,0.01021,0.01313,0.01458,0.01124,0.00790,0.01827
0.04220,0.02823,0.01849,0.28894,0.02293,0.02338,0.03820,0.03274,0.04217,0.01793,0.00786,0.29683,0.01033,0.02235,0.02581,0.01825,0.01377,0.01039,0.01901,0.02019
0.12627,0.08735,0.02272,0.11965,0.07130,0.04528,0.02979,0.04989,0.02965,0.06521,0.11555,0.11942,0.01695,0.00680,0.01578,0.02908,0.01452,0.00711,0.01605,0.01161
0.01966,0.01051,0.03290,0.03700,0.01679,0.02009,0.01952,0.03134,0.00723,0.01210,0.01100,0.01652,0.35698,0.00504,0.34676,0.01412,0.01005,0.00981,0.01417,0.00841
0.06127,0.02358,0.02142,0.20816,0.05604,0.02235,0.05402,0.03388,0.01530,0.08596,0.03434,0.24145,0.02826,0.01469,0.02282,0.01465,0.01576,0.00682,0.02305,0.01619
0.04608,0.00982,0.23992,0.04917,0.02442,0.03833,0.05143,0.04786,0.01355,0.02608,0.04219,0.06675,0.04096,0.16776,0.03531,0.02808,0.00390,0.03376,0.01857,0.01606
0.02795,0.02362,0.08817,0.27408,0.07019,0.01181,0.03699,0.01779,0.01397,0.05435,0.00901,0.25387,0.02009,0.01784,0.01669,0.03358,0.00577,0.01017,0.00464,0.00941
0.01739,0.00990,0.01838,0.02454,0.39002,0.02076,0.01366,0.01350,0.01702,0.36806,0.01414,0.02378,0.01211,0.01437,0.00746,0.00536,0.01025,0.01052,0.00262,0.00617
0.04661,0.01866,0.10416,0.15328,0.07173,0.02989,0.02623,0.01826,0.02485,0.03632,0.01579,0.21769,0.02733,0.08754,0.01484,0.04294,0.02546,0.00883,0.00555,0.02404
0.01553,0.01601,0.30970,0.33020,0.04215,0.03669,0.01785,0.02767,0.01552,0.05432,0.01391,0.02135,0.02252,0.00613,0.02151,0.01273,0.00838,0.00727,0.00925,0.01132
0.04008,0.01390,0.03706,0.27257,0.06090,0.00973,0.04080,0.02947,0.03004,0.02138,0.01707,0.27001,0.01372,0.01241,0.01204,0.02610,0.01601,0.04561,0.01124,0.01985
0.04362,0.13203,0.11270,0.16165,0.02326,0.02304,0.03553,0.02218,0.01696,0.01896,0.01110,0.16508,0.01460,0.08420,0.04828,0.00981,0.01715,0.03720,0.00893,0.01374
0.05900,0.03019,0.08552,0.21624,0.03217,0.02561,0.05119,0.03260,0.03833,0.03970,0.01132,0.23454,0.01743,0.05857,0.02762,0.00726,0.00727,0.01389,0.00301,0.00853
0.02450,0.01866,0.09301,0.20654,0.14232,0.01989,0.01483,0.02765,0.02805,0.02884,0.01337,0.16615,0.02737,0.01008,0.02505,0.11283,0.01138,0.00642,0.00708,0.01596
0.05553,0.03260,0.07698,0.22236,0.03259,0.09987,0.01000,0.01718,0.05268,0.02613,0.08639,0.19057,0.01526,0.01119,0.00856,0.00520,0.02841,0.01291,0.00376,0.01183
0.02667,0.03384,0.02643,0.11391,0.02686,0.04334,0.19361,0.03135,0.02028,0.02409,0.01861,0.13235,0.01205,0.00359,0.20977,0.01257,0.01896,0.00770,0.02752,0.01650
0.02821,0.10573,0.02213,0.24281,0.00960,0.02825,0.02758,0.04155,0.02263,0.01358,0.00980,0.27462,0.03242,0.03263,0.03094,0.01049,0.01280,0.01190,0.00913,0.03319
0.03421,0.07810,0.25205,0.04133,0.07099,0.00965,0.02795,0.01996,0.03099,0.06184,0.00849,0.03228,0.01024,0.24002,0.00742,0.01139,0.01449,0.01294,0.01411,0.02153
0.02765,0.02313,0.02540,0.01786,0.02576,0.03838,0.01337,0.01529,0.20417,0.16950,0.00939,0.02429,0.18757,0.01727,0.00694,0.01466,0.15434,0.01004,0.00841,0.00659
0.03547,0.01482,0.23754,0.03752,0.01912,0.00983,0.13961,0.01462,0.15048,0.01084,0.02322,0.04158,0.02702,0.17495,0.01476,0.00953,0.01767,0.00623,0.00403,0.01117
0.01897,0.12542,0.04899,0.10625,0.04721,0.02584,0.01498,0.01186,0.03649,0.19381,0.00730,0.08887,0.16929,0.02539,0.00570,0.00742,0.01586,0.00651,0.00412,0.03973
0.04217,0.03715,0.11603,0.19294,0.03878,0.02588,0.03720,0.02335,0.01468,0.02331,0.04328,0.18633,0.02984,0.07101,0.01570,0.03942,0.01083,0.00676,0.03189,0.01344
0.25619,0.04538,0.01445,0.06728,0.00582,0.04215,0.03746,0.09688,0.01601,0.01942,0.23796,0.06523,0.01590,0.00651,0.02661,0.00829,0.00581,0.01864,0.00425,0.00978
0.04448,0.01590,0.14899,0.02805,0.03926,0.20930,0.01545,0.17972,0.01004,0.04124,0.03143,0.02816,0.03629,0.09783,0.02620,0.01115,0.00682,0.00465,0.01220,0.01284
0.02182,0.01004,0.22739,0.06066,0.02502,0.03454,0.05567,0.03454,0.06633,0.03311,0.02643,0.04253,0.01976,0.21941,0.02292,0.01304,0.01399,0.00693,0.01324,0.05262
0.02479,0.06125,0.03337,0.26990,0.05424,0.03151,0.01531,0.03624,0.02277,0.03000,0.00696,0.28495,0.00767,0.02097,0.00845,0.01524,0.01948,0.04364,0.00645,0.00683
0.01515,0.05776,0.01807,0.02197,0.02700,0.01040,0.00682,0.01537,0.00578,0.01475,0.00638,0.02342,0.34749,0.04674,0.33172,0.00732,0.00477,0.00442,0.00428,0.03041
0.04000,0.00985,0.10728,0.28498,0.03476,0.01100,0.01861,0.03569,0.02803,0.03826,0.02519,0.22610,0.02101,0.02870,0.02150,0.01511,0.01035,0.01388,0.01258,0.01713
0.02062,0.02958,0.02030,0.02333,0.02563,0.00646,0.02414,0.01781,0.33608,0.04727,0.00455,0.03147,0.03898,0.01675,0.01183,0.01208,0.29169,0.01597,0.01372,0.01173
0.03384,0.02477,0.06969,0.29469,0.02467,0.04261,0.03370,0.01808,0.01908,0.03779,0.00855,0.28782,0.02267,0.01717,0.01236,0.01213,0.00455,0.01496,0.01167,0.00918
0.01147,0.04346,0.03523,0.25017,0.04008,0.05724,0.01400,0.02957,0.07054,0.01046,0.06417,0.26766,0.02964,0.00779,0.02830,0.00584,0.01684,0.00411,0.00798,0.00544
0.07938,0.10727,0.01165,0.10000,0.01936,0.00578,0.23021,0.01332,0.20898,0.01296,0.00250,0.11863,0.00457,0.00720,0.00947,0.01310,0.02203,0.01904,0.00264,0.01191
0.02781,0.21342,0.07106,0.08734,0.01864,0.01239,0.16426,0.01690,0.01262,0.03051,0.00162,0.10477,0.01462,0.03206,0.13535,0.01490,0.00328,0.02308,0.01001,0.00538
0.08744,0.01485,0.07163,0.14519,0.03369,0.08740,0.04581,0.03964,0.02069,0.04316,0.02750,0.18567,0.02127,0.04769,0.04604,0.01196,0.00801,0.02701,0.00705,0.02829
0.07320,0.01430,0.02056,0.28609,0.01767,0.06546,0.01655,0.03820,0.01475,0.01665,0.03372,0.31675,0.00836,0.01985,0.00999,0.01034,0.00660,0.00864,0.00696,0.01538
0.03376,0.03145,0.03031,0.12262,0.00587,0.17120,0.13196,0.02262,0.08699,0.01287,0.13107,0.13079,0.01096,0.00566,0.01144,0.01096,0.01581,0.00875,0.01778,0.00712
0.04005,0.01118,0.06305,0.23143,0.01253,0.02826,0.00917,0.05924,0.03453,0.04434,0.00800,0.26434,0.03344,0.01703,0.00753,0.04829,0.03013,0.00256,0.04399,0.01092
0.30051,0.04161,0.05353,0.02031,0.05161,0.01613,0.02828,0.02794,0.02230,0.07228,0.25298,0.02948,0.01201,0.00400,0.01013,0.00841,0.01555,0.01803,0.00716,0.00775
0.01761,0.01394,0.06013,0.20324,0.02111,0.03124,0.03781,0.02869,0.04450,0.04645,0.01950,0.17390,0.11930,0.00829,0.11690,0.01643,0.00752,0.01374,0.00736,0.01237
0.12863,0.01294,0.22954,0.06036,0.01493,0.02133,0.06089,0.05000,0.02970,0.02715,0.05970,0.06929,0.00947,0.16386,0.02359,0.00465,0.00427,0.02003,0.00308,0.00660
0.03131,0.01366,0.02200,0.24813,0.06108,0.02730,0.07262,0.03414,0.02341,0.04569,0.01605,0.28103,0.01420,0.01975,0.02191,0.01542,0.00582,0.00828,0.01481,0.02340
0.01366,0.02033,0.01894,0.11569,0.29719,0.02282,0.02075,0.02782,0.00523,0.00785,0.02135,0.10379,0.01094,0.01036,0.02056,0.25962,0.00417,0.00750,0.00539,0.00603
0.01827,0.00980,0.05497,0.14060,0.17968,0.02469,0.05422,0.04033,0.01897,0.06988,0.01615,0.13227,0.04788,0.02005,0.01737,0.12880,0.00650,0.00925,0.00324,0.00706
0.01738,0.54939,0.07099,0.03802,0.01347,0.03083,0.01664,0.03203,0.00854,0.01964,0.01350,0.03654,0.01809,0.08892,0.01308,0.00816,0.00503,0.01185,0.00300,0.00488
0.05541,0.01164,0.17153,0.13506,0.01804,0.01882,0.02899,0.03114,0.02105,0.02101,0.00924,0.12517,0.08960,0.10097,0.07935,0.01024,0.03403,0.01348,0.00914,0.01609
0.05042,0.01146,0.03166,0.06829,0.02330,0.30080,0.00815,0.01282,0.02599,0.02710,0.27671,0.07444,0.02468,0.01522,0.01008,0.01486,0.00372,0.00776,0.00432,0.00822
0.02248,0.00709,0.28052,0.28948,0.02306,0.03708,0.06105,0.01914,0.06607,0.04125,0.01589,0.01517,0.03503,0.02863,0.01534,0.00701,0.01097,0.00900,0.00668,0.00905
0.10633,0.01376,0.04938,0.01836,0.01360,0.08739,0.00997,0.08294,0.01374,0.03346,0.01194,0.01759,0.01136,0.01670,0.01143,0.01074,0.00738,0.45128,0.01386,0.01881
0.02828,0.02232,0.03585,0.22618,0.02333,0.03529,0.01337,0.05584,0.01207,0.01933,0.01436,0.24127,0.02908,0.02893,0.08404,0.02077,0.04859,0.00473,0.03579,0.02060
0.01791,0.00600,0.13191,0.03622,0.03052,0.03951,0.03974,0.01920,0.03596,0.01606,0.03815,0.03345,0.01832,0.17222,0.02551,0.14068,0.00645,0.00323,0.13415,0.05480
0.06632,0.01324,0.19126,0.23611,0.02088,0.05484,0.01629,0.04152,0.02410,0.01010,0.01080,0.13997,0.01237,0.05751,0.00656,0.01109,0.01295,0.04751,0.01359,0.01295
0.01136,0.32661,0.00615,0.14922,0.01792,0.02248,0.09001,0.03498,0.01249,0.04902,0.00233,0.16858,0.01431,0.00887,0.04579,0.00406,0.01322,0.00654,0.00239,0.01367
0.03728,0.03000,0.00961,0.24451,0.03216,0.06203,0.04819,0.03148,0.02380,0.03979,0.02421,0.27959,0.02374,0.01086,0.03042,0.01344,0.00670,0.01909,0.01503,0.01807
0.01527,0.03380,0.04683,0.17384,0.02618,0.01448,0.01857,0.02246,0.03231,0.02538,0.00554,0.21679,0.01353,0.00908,0.01337,0.12491,0.05359,0.01249,0.13111,0.01046
0.02974,0.03101,0.02383,0.31269,0.01294,0.00906,0.02376,0.02078,0.01545,0.05776,0.01074,0.32987,0.05274,0.00423,0.01597,0.01275,0.00355,0.00221,0.02015,0.01076
0.07605,0.07900,0.05072,0.24339,0.01598,0.01923,0.01303,0.04234,0.03217,0.01904,0.01699,0.29207,0.01081,0.01909,0.00968,0.00518,0.03291,0.00550,0.00542,0.01141
0.01636,0.01049,0.00493,0.18881,0.15368,0.03085,0.04056,0.02626,0.02656,0.04342,0.01651,0.20449,0.02512,0.01428,0.02808,0.10774,0.00951,0.01322,0.00580,0.03333
0.02581,0.01422,0.03055,0.02183,0.04632,0.22923,0.13406,0.02240,0.12485,0.02178,0.22131,0.01434,0.00645,0.02511,0.00592,0.02235,0.00851,0.00651,0.00878,0.00970
0.02154,0.01069,0.01114,0.05346,0.01324,0.01877,0.01679,0.01599,0.13456,0.18977,0.00516,0.04477,0.23482,0.01497,0.02610,0.01848,0.11244,0.00625,0.02716,0.02391
0.04561,0.02436,0.03410,0.30716,0.04985,0.03414,0.01528,0.03695,0.01247,0.01856,0.03966,0.30908,0.01001,0.01481,0.01206,0.01285,0.01052,0.00481,0.00286,0.00485
0.02665,0.01039,0.02762,0.05314,0.29528,0.01262,0.02810,0.02255,0.01789,0.08669,0.00604,0.05324,0.03066,0.00628,0.00468,0.25383,0.00867,0.03640,0.00607,0.01321
0.02184,0.00639,0.02332,0.05006,0.03809,0.03203,0.00995,0.03768,0.01491,0.02208,0.01487,0.05549,0.01126,0.01645,0.00716,0.31390,0.00417,0.00648,0.30355,0.01033
0.01840,0.15172,0.16220,0.13164,0.01098,0.01621,0.02167,0.02213,0.02960,0.03871,0.00858,0.13609,0.02657,0.12733,0.04055,0.00522,0.02398,0.01569,0.00752,0.00520
0.03383,0.00947,0.07435,0.23296,0.01278,0.06056,0.07015,0.03524,0.06673,0.02037,0.03484,0.17381,0.00461,0.05870,0.01526,0.01118,0.01938,0.02272,0.01224,0.03082
0.08119,0.03742,0.03767,0.25467,0.03113,0.01733,0.03660,0.04696,0.02373,0.01100,0.02468,0.25885,0.01019,0.01081,0.04638,0.02599,0.00987,0.01640,0.00844,0.01071
0.01690,0.07071,0.21306,0.03395,0.03249,0.14770,0.01951,0.14746,0.01690,0.01161,0.01072,0.04767,0.03264,0.15981,0.01068,0.00850,0.00620,0.00666,0.00374,0.00308
0.06595,0.02003,0.07909,0.23991,0.01178,0.01786,0.06164,0.01459,0.01694,0.02609,0.04106,0.24931,0.02626,0.01662,0.01837,0.01219,0.00864,0.05431,0.00348,0.01590
0.02918,0.01258,0.08095,0.23573,0.03956,0.01125,0.04198,0.03290,0.03724,0.02566,0.01407,0.24604,0.01258,0.06407,0.07103,0.01456,0.01052,0.00495,0.00847,0.00667
0.06465,0.01586,0.02202,0.07799,0.02103,0.01026,0.01682,0.01511,0.03015,0.02636,0.01055,0.10557,0.01298,0.02294,0.01113,0.24876,0.01039,0.01152,0.25779,0.00811
0.08737,0.01369,0.03036,0.13150,0.04696,0.03174,0.04140,0.04254,0.05192,0.03069,0.04527,0.14066,0.01266,0.02534,0.02500,0.10007,0.01038,0.00753,0.11129,0.01363
0.02190,0.03945,0.01690,0.22546,0.04808,0.03001,0.02818,0.03239,0.05814,0.02534,0.01399,0.24845,0.02222,0.02262,0.03073,0.03041,0.04387,0.00791,0.01671,0.03723
0.02074,0.01506,0.06928,0.06597,0.04428,0.00537,0.01063,0.02586,0.00954,0.02411,0.00683,0.06142,0.02831,0.08161,0.01113,0.03162,0.00517,0.45680,0.00918,0.01707
0.03171,0.02834,0.02126,0.07848,0.27494,0.01728,0.02919,0.02749,0.02882,0.02502,0.00674,0.09722,0.01177,0.01503,0.01061,0.24220,0.02132,0.01402,0.00412,0.01444
0.06062,0.01503,0.33607,0.10700,0.01957,0.01313,0.01535,0.00958,0.02297,0.01587,0.06427,0.06038,0.01041,0.21693,0.00940,0.00626,0.00845,0.00349,0.00293,0.00229
0.01511,0.00871,0.04491,0.24303,0.05840,0.04429,0.09015,0.02625,0.02208,0.02087,0.02288,0.25681,0.03331,0.02006,0.03269,0.02638,0.00772,0.00995,0.00996,0.00645
0.01157,0.01570,0.01820,0.04097,0.00893,0.00580,0.37154,0.00679,0.36781,0.00855,0.00928,0.02862,0.00910,0.00574,0.01701,0.01102,0.04632,0.00384,0.00769,0.00553
0.02324,0.07396,0.11606,0.02443,0.04233,0.09653,0.01707,0.04182,0.02064,0.03242,0.06033,0.02642,0.04234,0.12781,0.02056,0.08896,0.01171,0.02795,0.07957,0.02586
0.01931,0.02964,0.01724,0.02928,0.02437,0.02441,0.01960,0.01146,0.36707,0.01754,0.01542,0.04050,0.01376,0.01526,0.00930,0.01066,0.31306,0.00775,0.00639,0.00799
0.00445,0.00679,0.00609,0.00690,0.13162,0.17559,0.10654,0.25458,0.13074,0.14889,0.00451,0.00657,0.00243,0.00409,0.00208,0.00257,0.00091,0.00185,0.00106,0.00174
0.02315,0.01102,0.02495,0.22638,0.01992,0.03834,0.03406,0.04808,0.03299,0.12116,0.01173,0.21242,0.07731,0.00541,0.07280,0.00993,0.00924,0.00887,0.00635,0.00592
0.02102,0.02191,0.25730,0.25386,0.03696,0.01460,0.01512,0.04401,0.01253,0.06787,0.02187,0.04110,0.07525,0.02345,0.03869,0.01140,0.00654,0.01887,0.00427,0.01339
0.03798,0.01371,0.04238,0.29436,0.01671,0.03667,0.05113,0.01636,0.04409,0.01868,0.02695,0.31240,0.01491,0.00534,0.00825,0.01985,0.01345,0.00511,0.01042,0.01125
0.03856,0.01601,0.03305,0.10778,0.27961,0.02528,0.00617,0.01430,0.01883,0.25704,0.03552,0.10286,0.00486,0.00587,0.01875,0.00336,0.00890,0.00330,0.00553,0.01441
0.03185,0.00891,0.05259,0.25427,0.04687,0.02077,0.01925,0.02190,0.02894,0.04026,0.01913,0.25748,0.05397,0.01489,0.01876,0.02383,0.01201,0.01763,0.02701,0.02969
0.17117,0.02996,0.14166,0.07407,0.04147,0.04107,0.01082,0.05129,0.03149,0.01881,0.02196,0.10657,0.01240,0.11265,0.01200,0.02451,0.00722,0.00372,0.01503,0.07213
0.05359,0.00787,0.07160,0.08065,0.01838,0.02050,0.02127,0.04499,0.03425,0.01421,0.00572,0.05062,0.00554,0.01698,0.00667,0.25649,0.00546,0.00851,0.26785,0.00886
0.02546,0.01216,0.08857,0.05916,0.02905,0.05545,0.09592,0.01687,0.06815,0.01301,0.05706,0.07971,0.01273,0.06220,0.01008,0.13814,0.00746,0.00766,0.15419,0.00697
0.03022,0.05719,0.02987,0.05936,0.03934,0.09234,0.01655,0.04440,0.01547,0.03230,0.00895,0.08245,0.00934,0.18233,0.01932,0.01136,0.00564,0.00449,0.00732,0.25175
0.04722,0.03637,0.05256,0.28712,0.02622,0.01721,0.06897,0.01275,0.03607,0.02766,0.02610,0.27998,0.02043,0.00731,0.01840,0.00577,0.00666,0.00304,0.00759,0.01257
0.11506,0.02507,0.01871,0.07591,0.05462,0.01981,0.01838,0.02991,0.03014,0.15072,0.01340,0.09261,0.06581,0.00797,0.00783,0.00981,0.01245,0.23323,0.00589,0.01268
0.14838,0.01937,0.21145,0.04439,0.03942,0.02303,0.01855,0.05080,0.00911,0.02344,0.12620,0.03349,0.01397,0.16785,0.02166,0.01198,0.00811,0.01465,0.00676,0.00740
0.04514,0.02804,0.07182,0.21872,0.04978,0.01812,0.08004,0.01653,0.07493,0.02430,0.01311,0.24251,0.01084,0.04423,0.00672,0.00954,0.00373,0.02956,0.00288,0.00945
0.02135,0.03931,0.02475,0.30882,0.01985,0.01858,0.03022,0.02543,0.04067,0.05707,0.01711,0.30681,0.02670,0.00718,0.01444,0.01009,0.01187,0.00921,0.00286,0.00768
0.05608,0.01908,0.04999,0.25281,0.01988,0.03609,0.01446,0.04168,0.03265,0.03646,0.01370,0.27096,0.04828,0.00915,0.01209,0.01193,0.01786,0.02985,0.00495,0.02204
0.10330,0.03290,0.03868,0.23765,0.03649,0.01287,0.01035,0.05304,0.02842,0.01370,0.00759,0.29936,0.01145,0.02916,0.03217,0.01769,0.00579,0.00340,0.00441,0.02156
0.06887,0.01205,0.04168,0.14199,0.03922,0.02646,0.02260,0.03333,0.14101,0.03769,0.03360,0.16187,0.03284,0.03009,0.01877,0.01668,0.10229,0.00868,0.01641,0.01388
0.02977,0.01016,0.04077,0.01720,0.37082,0.04496,0.00867,0.02717,0.01150,0.00728,0.02886,0.00849,0.00940,0.02017,0.00292,0.34581,0.00369,0.00343,0.00165,0.00728
0.01966,0.09505,0.01657,0.24317,0.06684,0.01444,0.03386,0.03082,0.02008,0.07482,0.00884,0.24662,0.02078,0.00634,0.02068,0.01382,0.00537,0.00475,0.02126,0.03620
0.04947,0.06346,0.01513,0.23397,0.03651,0.01773,0.02697,0.01992,0.01800,0.11184,0.00841,0.23480,0.05902,0.00606,0.02329,0.02109,0.00564,0.03704,0.00524,0.00642
0.04967,0.01766,0.10086,0.25241,0.06453,0.00704,0.01427,0.01609,0.02233,0.03414,0.00693,0.24806,0.01801,0.06378,0.01762,0.02090,0.01460,0.01480,0.00376,0.01254
0.02850,0.21870,0.01402,0.12822,0.05169,0.00653,0.08232,0.01061,0.07757,0.07772,0.01644,0.14011,0.02091,0.00959,0.02698,0.02025,0.03590,0.01117,0.01461,0.00816
0.02528,0.02585,0.20278,0.26305,0.02114,0.02818,0.04939,0.02029,0.01162,0.05541,0.00649,0.13830,0.06610,0.01308,0.01663,0.01643,0.00868,0.01414,0.00870,0.00847
0.07587,0.00861,0.07336,0.21565,0.02695,0.02630,0.02324,0.03865,0.01923,0.07744,0.01872,0.22371,0.06850,0.03055,0.00836,0.02233,0.00312,0.00415,0.02407,0.01119
0.05182,0.04009,0.03774,0.08929,0.14154,0.07643,0.02512,0.07937,0.01757,0.05038,0.00682,0.09939,0.02685,0.05536,0.01574,0.10793,0.00805,0.01238,0.01042,0.04771
0.03226,0.04462,0.03175,0.01740,0.01177,0.01185,0.00836,0.03893,0.35729,0.00680,0.02778,0.02022,0.00624,0.02806,0.00611,0.00512,0.32870,0.00621,0.00157,0.00896
0.01928,0.02834,0.01258,0.09628,0.05490,0.01903,0.19170,0.01719,0.06014,0.02634,0.00677,0.11830,0.01249,0.01301,0.18736,0.03189,0.01907,0.02677,0.04172,0.01683
0.02198,0.03433,0.00602,0.06273,0.01867,0.02385,0.04650,0.03390,0.02756,0.01672,0.00623,0.11175,0.01287,0.00654,0.01445,0.24578,0.04319,0.00964,0.24953,0.00775
0.06214,0.06513,0.07337,0.21396,0.02838,0.02232,0.02968,0.02774,0.04416,0.03756,0.02263,0.23250,0.01402,0.05066,0.01673,0.00720,0.02702,0.01205,0.00506,0.00766
0.04065,0.02641,0.01499,0.21737,0.03350,0.01174,0.16388,0.01129,0.10940,0.03838,0.00503,0.22700,0.01891,0.00807,0.03674,0.01014,0.00353,0.00711,0.00558,0.01029
0.02122,0.06122,0.01200,0.10546,0.01872,0.01852,0.04906,0.02417,0.05329,0.01998,0.00982,0.13084,0.02322,0.01589,0.01103,0.19960,0.01095,0.00249,0.20239,0.01012
0.02482,0.01064,0.02687,0.27350,0.01850,0.03489,0.01366,0.04005,0.02117,0.01829,0.04564,0.29704,0.02328,0.01729,0.01463,0.02090,0.04425,0.00692,0.01641,0.03126
0.20638,0.02262,0.02786,0.12019,0.02982,0.03231,0.02598,0.03992,0.07769,0.01856,0.17623,0.12821,0.01431,0.00898,0.01691,0.00624,0.02117,0.00698,0.01358,0.00605
0.01089,0.01794,0.18815,0.32278,0.03488,0.02073,0.02781,0.04054,0.01506,0.01369,0.00758,0.18412,0.01455,0.04078,0.01268,0.00734,0.01200,0.00628,0.00545,0.01673
0.01172,0.01113,0.01356,0.02146,0.00699,0.39288,0.01919,0.01234,0.02154,0.02041,0.38420,0.02460,0.01201,0.00646,0.01092,0.00502,0.00286,0.00549,0.00467,0.01254
0.14673,0.02948,0.18928,0.09072,0.00780,0.01640,0.01660,0.04905,0.01870,0.04210,0.07467,0.09581,0.02963,0.12799,0.01548,0.00531,0.00579,0.01542,0.00582,0.01722
0.03595,0.02149,0.03777,0.09767,0.04905,0.05381,0.01594,0.03181,0.01672,0.06050,0.04062,0.08885,0.03252,0.14634,0.00906,0.09835,0.00909,0.00693,0.06908,0.07844
0.04126,0.06028,0.12845,0.19494,0.04846,0.03770,0.02232,0.04493,0.02129,0.03587,0.02249,0.17594,0.01195,0.07074,0.02045,0.02241,0.00752,0.00780,0.01398,0.01122
0.02383,0.00815,0.01980,0.23211,0.08310,0.02441,0.03519,0.07388,0.03553,0.03166,0.00905,0.24654,0.01944,0.01068,0.01463,0.05235,0.00720,0.02154,0.01269,0.03821
0.01719,0.05411,0.16407,0.26108,0.03228,0.02900,0.07190,0.04915,0.08622,0.02169,0.03001,0.09220,0.01911,0.01055,0.01662,0.01149,0.01099,0.00355,0.00546,0.01334
0.16441,0.02363,0.02709,0.17356,0.02183,0.02526,0.03812,0.06752,0.03239,0.03370,0.11353,0.18758,0.00764,0.02262,0.01444,0.01139,0.01252,0.00693,0.00582,0.01002
0.04270,0.01957,0.03910,0.24220,0.05852,0.03348,0.00566,0.03122,0.01494,0.08784,0.03164,0.24974,0.02277,0.04317,0.00688,0.01222,0.01630,0.01336,0.00615,0.02254
0.03976,0.02916,0.09720,0.21746,0.03976,0.01794,0.03650,0.03787,0.04368,0.02496,0.01077,0.22212,0.02346,0.05915,0.03327,0.01131,0.01380,0.02093,0.00847,0.01243
0.01234,0.00920,0.00636,0.01545,0.00925,0.00996,0.42539,0.00939,0.39682,0.01555,0.00468,0.01610,0.00912,0.00661,0.01682,0.00634,0.01483,0.00592,0.00533,0.00454
0.11740,0.03723,0.07572,0.10483,0.03009,0.04867,0.03050,0.03538,0.02269,0.02575,0.04646,0.19527,0.01514,0.04570,0.02043,0.00970,0.04621,0.01089,0.00626,0.07567
0.02369,0.01786,0.07443,0.01367,0.00903,0.01635,0.01048,0.01498,0.34387,0.00894,0.01212,0.01735,0.00493,0.08672,0.00974,0.00581,0.31606,0.00589,0.00267,0.00541
0.00995,0.36929,0.04072,0.14663,0.04611,0.02716,0.01348,0.03312,0.01259,0.04368,0.01003,0.15386,0.01970,0.00950,0.01509,0.00880,0.00884,0.00990,0.00548,0.01607
0.02619,0.05847,0.04803,0.02573,0.25216,0.03357,0.05017,0.04400,0.04531,0.01243,0.02022,0.03837,0.01735,0.01544,0.03642,0.24064,0.01108,0.01199,0.00471,0.00772
0.07047,0.02242,0.28270,0.06935,0.02932,0.03095,0.01310,0.06033,0.01821,0.01871,0.02862,0.07240,0.01959,0.20612,0.00863,0.02239,0.00843,0.00403,0.00290,0.01132
0.02446,0.01552,0.04472,0.29565,0.05820,0.01567,0.02884,0.01685,0.01566,0.02446,0.01290,0.30571,0.01191,0.04057,0.00964,0.02743,0.00264,0.02252,0.00371,0.02295
0.03009,0.04517,0.01644,0.21715,0.01513,0.02980,0.07964,0.03525,0.02744,0.00867,0.03169,0.23094,0.01851,0.00693,0.11811,0.00732,0.00744,0.00696,0.05580,0.01154
0.01019,0.02048,0.01519,0.03835,0.02128,0.01185,0.01836,0.03657,0.01833,0.00967,0.00294,0.06075,0.01758,0.09569,0.04738,0.24347,0.00670,0.01413,0.24248,0.06861
0.01788,0.06289,0.05203,0.24000,0.02706,0.09611,0.01881,0.02323,0.01669,0.02339,0.01119,0.27162,0.01211,0.02536,0.01224,0.01137,0.01668,0.00603,0.00759,0.04774
0.02074,0.08896,0.02955,0.02986,0.04953,0.01926,0.22755,0.02772,0.02344,0.02268,0.01360,0.06721,0.01955,0.01636,0.23995,0.03421,0.00804,0.01898,0.02476,0.01804
0.04699,0.05203,0.09127,0.19061,0.01038,0.01661,0.01057,0.02465,0.15824,0.00965,0.00668,0.17256,0.01131,0.03499,0.00770,0.00976,0.11818,0.00846,0.00430,0.01507
0.01029,0.05957,0.01245,0.06760,0.25626,0.04167,0.02611,0.03425,0.05655,0.01850,0.00810,0.07159,0.02228,0.01320,0.00895,0.24450,0.01657,0.00401,0.00513,0.02241
0.06288,0.03779,0.14849,0.09211,0.02830,0.03919,0.02184,0.03622,0.01206,0.07611,0.08412,0.10048,0.05291,0.10810,0.01499,0.00591,0.00481,0.00961,0.01762,0.04644
0.03410,0.75287,0.01384,0.02340,0.01124,0.01789,0.00734,0.01984,0.00832,0.00823,0.02981,0.01257,0.00890,0.00794,0.01643,0.00506,0.00909,0.00510,0.00397,0.00405
0.01922,0.02075,0.08275,0.25324,0.05055,0.03109,0.02614,0.03147,0.01430,0.02583,0.00591,0.23995,0.08969,0.01265,0.01467,0.04092,0.00660,0.00537,0.01621,0.01268
0.03209,0.01908,0.31317,0.36989,0.02335,0.02196,0.01457,0.00783,0.01533,0.01769,0.01846,0.06610,0.02686,0.00834,0.00670,0.00504,0.00843,0.01084,0.00607,0.00819
0.02016,0.02628,0.21467,0.30055,0.02338,0.02054,0.02079,0.03917,0.01509,0.02644,0.01363,0.14684,0.02739,0.00949,0.01306,0.01697,0.01411,0.04001,0.00774,0.00368
0.02989,0.01915,0.07537,0.21364,0.01977,0.03228,0.12262,0.02096,0.11832,0.02814,0.02067,0.21747,0.01405,0.02824,0.00900,0.00483,0.01216,0.00307,0.00209,0.00826
0.02723,0.03768,0.04474,0.25565,0.08583,0.01459,0.01625,0.02945,0.02785,0.01238,0.00708,0.29391,0.01734,0.01817,0.03747,0.03604,0.01749,0.00388,0.01127,0.00570
0.09094,0.03002,0.05764,0.17764,0.02724,0.03275,0.03360,0.08564,0.02854,0.08056,0.01845,0.21767,0.02667,0.03257,0.01466,0.00559,0.00799,0.00533,0.00540,0.02111
0.03042,0.02052,0.23854,0.32667,0.05633,0.00936,0.01541,0.01664,0.02827,0.01492,0.00856,0.14597,0.00470,0.01408,0.00779,0.02080,0.01196,0.01292,0.00309,0.01305
0.06079,0.02913,0.01610,0.22350,0.03932,0.06109,0.01834,0.04718,0.03166,0.01929,0.02453,0.26148,0.01705,0.01869,0.01152,0.03032,0.03409,0.02382,0.00772,0.02435
0.01534,0.02920,0.01777,0.02746,0.32616,0.02274,0.03939,0.01969,0.02183,0.02022,0.02353,0.03443,0.01460,0.02103,0.02329,0.31288,0.00727,0.01270,0.00391,0.00654
0.04085,0.00818,0.01857,0.02378,0.06716,0.02892,0.02664,0.03232,0.03811,0.03289,0.02277,0.03391,0.01947,0.02960,0.00428,0.25924,0.00875,0.01733,0.26428,0.02295
0.02923,0.01896,0.02101,0.10054,0.02681,0.08981,0.02196,0.04978,0.03718,0.01736,0.01946,0.10872,0.02067,0.18036,0.01308,0.00805,0.01784,0.00729,0.00309,0.20879
0.04956,0.00712,0.03606,0.03547,0.02042,0.30080,0.01089,0.30100,0.01603,0.00981,0.04348,0.03272,0.04387,0.00611,0.02654,0.00643,0.00543,0.01962,0.01977,0.00888
0.04310,0.34860,0.02202,0.14173,0.03022,0.02718,0.03220,0.05142,0.01245,0.02658,0.02261,0.14123,0.00902,0.01262,0.01728,0.02564,0.00791,0.00607,0.01047,0.01166
0.02528,0.05867,0.03681,0.13349,0.17874,0.06742,0.01352,0.05604,0.01914,0.03249,0.02414,0.13278,0.02173,0.01322,0.01402,0.14581,0.00989,0.00521,0.00315,0.00845
0.08402,0.04446,0.02441,0.22323,0.03119,0.02511,0.01727,0.04257,0.03504,0.01521,0.07307,0.24798,0.00968,0.02087,0.01491,0.01743,0.03379,0.00761,0.01086,0.02128
0.34913,0.03083,0.03827,0.01182,0.00598,0.02607,0.00625,0.03716,0.02164,0.01019,0.33122,0.02239,0.01096,0.03116,0.00623,0.00606,0.00958,0.00849,0.00296,0.03359
0.01066,0.02603,0.02615,0.19523,0.01894,0.03848,0.15241,0.02480,0.13674,0.04817,0.01470,0.20383,0.02522,0.01768,0.01300,0.00609,0.01288,0.00546,0.00431,0.01920
0.04440,0.04629,0.04514,0.15804,0.02520,0.03975,0.16810,0.03263,0.14206,0.02037,0.02187,0.14413,0.01202,0.01106,0.03513,0.01941,0.00969,0.00996,0.00341,0.01135
0.00810,0.86402,0.01143,0.01025,0.00843,0.00776,0.00544,0.00673,0.01096,0.01675,0.00156,0.01033,0.00650,0.00687,0.00321,0.00604,0.00806,0.00283,0.00175,0.00296
0.08938,0.22738,0.06236,0.14625,0.04832,0.01518,0.02360,0.03599,0.02043,0.07670,0.00957,0.16615,0.01742,0.01331,0.00826,0.00805,0.00972,0.00703,0.00281,0.01209
0.03014,0.01576,0.03178,0.18456,0.04741,0.12652,0.01109,0.11174,0.01296,0.03657,0.02099,0.24054,0.03264,0.00854,0.02903,0.01159,0.01718,0.01192,0.00813,0.01090
0.03714,0.05343,0.12651,0.18579,0.01346,0.03385,0.04870,0.02129,0.02144,0.03433,0.01943,0.18780,0.01787,0.12316,0.02355,0.00733,0.01330,0.00341,0.00807,0.02015
