0.03453,0.09311,0.04007,0.04679,0.04058,0.04803,0.01815,0.04120,0.04035,0.10213,0.02468,0.03224,0.20368,0.13212,0.01810,0.01578,0.01898,0.01449,0.01208,0.02291
0.03873,0.10672,0.04350,0.05027,0.04300,0.05461,0.01810,0.04660,0.04486,0.13214,0.03500,0.04299,0.11240,0.10038,0.02283,0.02113,0.03105,0.01552,0.01233,0.02784
0.04418,0.11410,0.03754,0.03983,0.03682,0.04917,0.01819,0.03776,0.03830,0.13622,0.04296,0.06590,0.12687,0.11616,0.01572,0.01654,0.02010,0.01309,0.00985,0.02070
0.04232,0.06785,0.04220,0.04202,0.04739,0.04727,0.01952,0.04866,0.04405,0.08971,0.03619,0.07600,0.17321,0.12454,0.01843,0.01527,0.01729,0.01282,0.01055,0.02471
0.03836,0.11630,0.04714,0.05990,0.04632,0.05316,0.02332,0.05219,0.04585,0.16153,0.02374,0.02789,0.12115,0.07559,0.01789,0.01929,0.01932,0.01396,0.01423,0.02285
0.04176,0.07314,0.04144,0.05202,0.04627,0.05030,0.02505,0.04763,0.04754,0.08027,0.03976,0.04256,0.13094,0.10458,0.03186,0.02624,0.03293,0.01971,0.02150,0.04452
0.03189,0.08030,0.03659,0.04657,0.03838,0.04782,0.02035,0.04163,0.04048,0.09509,0.04363,0.05734,0.18284,0.10481,0.02552,0.02133,0.01818,0.01496,0.01732,0.03496
0.03324,0.06406,0.03460,0.03706,0.03689,0.03856,0.01911,0.03928,0.03481,0.07502,0.05765,0.08563,0.13618,0.15959,0.02464,0.02070,0.03853,0.01523,0.01428,0.03495
0.04379,0.10527,0.04769,0.05522,0.04515,0.07099,0.02858,0.05030,0.04551,0.12037,0.04755,0.07128,0.06241,0.04545,0.03524,0.02613,0.01987,0.02058,0.02044,0.03818
0.04083,0.08662,0.04176,0.05130,0.03568,0.05020,0.02231,0.04645,0.04507,0.12362,0.04273,0.09072,0.08734,0.11212,0.02277,0.01748,0.03178,0.01466,0.01212,0.02443
0.04450,0.08875,0.04525,0.04880,0.04285,0.05439,0.02856,0.04881,0.04727,0.09453,0.06201,0.07201,0.07871,0.07482,0.03164,0.02722,0.03675,0.01792,0.02096,0.03426
0.04186,0.10588,0.04237,0.04950,0.04332,0.04873,0.01898,0.07152,0.03880,0.14134,0.02600,0.03437,0.07933,0.09490,0.02347,0.02003,0.05953,0.01724,0.01341,0.02942
0.02715,0.05909,0.03107,0.03613,0.02897,0.03545,0.01700,0.03097,0.03150,0.06604,0.05858,0.07161,0.22222,0.15237,0.02329,0.02117,0.02366,0.01499,0.01516,0.03358
0.04126,0.11343,0.03499,0.04178,0.03739,0.04633,0.01990,0.04026,0.03951,0.13875,0.06393,0.09911,0.08958,0.08594,0.01972,0.01827,0.02120,0.01162,0.01111,0.02592
0.04365,0.08504,0.03864,0.05060,0.04269,0.04681,0.02225,0.04472,0.04414,0.10503,0.02659,0.03348,0.13257,0.15145,0.02237,0.01777,0.03484,0.01795,0.01341,0.02599
0.03044,0.05812,0.03363,0.03703,0.03091,0.04099,0.01976,0.03722,0.03533,0.07225,0.08398,0.06630,0.21222,0.12049,0.02235,0.02121,0.01928,0.01546,0.01599,0.02703
0.03093,0.06586,0.03111,0.03935,0.03101,0.04272,0.01844,0.03801,0.03283,0.08686,0.02758,0.03840,0.25135,0.15296,0.01964,0.01918,0.01697,0.01425,0.01328,0.02926
0.04104,0.14688,0.04124,0.05209,0.04480,0.06899,0.02196,0.04805,0.04634,0.14677,0.01686,0.02210,0.08801,0.11264,0.01851,0.01366,0.02516,0.01369,0.01037,0.02082
0.03832,0.07346,0.04577,0.04607,0.04133,0.04884,0.02704,0.04703,0.04007,0.07858,0.04818,0.06552,0.12854,0.13710,0.02300,0.02063,0.03671,0.01447,0.01386,0.02548
0.04051,0.09656,0.03931,0.04851,0.04445,0.05147,0.02507,0.05024,0.04323,0.12606,0.02860,0.03950,0.11016,0.11021,0.02502,0.01977,0.04347,0.01626,0.01266,0.02895
0.03107,0.07395,0.03488,0.03843,0.03097,0.04216,0.01796,0.03952,0.03603,0.09616,0.03876,0.05415,0.19675,0.14545,0.02350,0.01866,0.02612,0.01469,0.01300,0.02778
0.03253,0.09360,0.03392,0.03836,0.03475,0.04602,0.01818,0.03877,0.03574,0.09087,0.02725,0.04478,0.22126,0.13217,0.02131,0.01750,0.02233,0.01338,0.01131,0.02597
0.03240,0.09890,0.03166,0.04219,0.03549,0.04096,0.01730,0.03873,0.03661,0.13127,0.06552,0.11408,0.11384,0.10508,0.01743,0.01677,0.01774,0.01153,0.01017,0.02234
0.03347,0.07984,0.03758,0.04250,0.03480,0.04760,0.01838,0.04483,0.03412,0.10154,0.03865,0.04897,0.17666,0.13259,0.02158,0.02125,0.02086,0.01543,0.01619,0.03316
0.04498,0.10893,0.04598,0.05160,0.04945,0.06063,0.02900,0.06035,0.05057,0.11645,0.02021,0.02955,0.09070,0.08296,0.02926,0.02099,0.03710,0.02305,0.01834,0.02991
0.02762,0.06895,0.02905,0.03549,0.02951,0.03613,0.01469,0.03068,0.02923,0.07280,0.09028,0.22542,0.10341,0.09544,0.01876,0.01870,0.02358,0.01327,0.01003,0.02699
0.03167,0.06293,0.03091,0.04228,0.03322,0.04273,0.02134,0.04149,0.03411,0.08115,0.05164,0.07506,0.20073,0.12848,0.02047,0.02125,0.02234,0.01342,0.01370,0.03105
0.03485,0.07640,0.03524,0.04234,0.03799,0.04408,0.01845,0.03911,0.03649,0.09725,0.07445,0.10428,0.11216,0.10343,0.02519,0.02286,0.03141,0.01540,0.01363,0.03499
0.03824,0.08455,0.04327,0.04787,0.04683,0.05219,0.02327,0.05111,0.04819,0.09832,0.02581,0.03371,0.16835,0.11702,0.02053,0.02044,0.01971,0.01566,0.01510,0.02982
0.03694,0.08167,0.03645,0.04525,0.03984,0.04617,0.02266,0.03982,0.03798,0.09481,0.04929,0.06443,0.12641,0.13382,0.02562,0.02120,0.03231,0.01879,0.01327,0.03329
0.03630,0.08405,0.04228,0.03838,0.03961,0.05402,0.02417,0.04108,0.04551,0.09231,0.03797,0.06802,0.14273,0.11130,0.02619,0.02337,0.02460,0.01525,0.01568,0.03718
0.04142,0.11433,0.03968,0.05086,0.04240,0.05741,0.02375,0.04448,0.04124,0.12962,0.04032,0.05856,0.10324,0.10081,0.02007,0.01691,0.02408,0.01340,0.01258,0.02485
0.02766,0.07387,0.02778,0.03457,0.03021,0.03927,0.01418,0.03141,0.03457,0.10648,0.01771,0.02642,0.27857,0.17772,0.01424,0.01151,0.01574,0.01059,0.00911,0.01837
0.03236,0.10410,0.03426,0.04101,0.03638,0.04203,0.01548,0.04260,0.03556,0.14772,0.02551,0.03172,0.16217,0.15491,0.01664,0.01506,0.02215,0.01133,0.00994,0.01908
0.03639,0.09494,0.03843,0.04649,0.04471,0.04725,0.02265,0.04284,0.04315,0.11199,0.02853,0.03498,0.18121,0.11576,0.01823,0.01997,0.02098,0.01459,0.01386,0.02305
0.03282,0.07318,0.03422,0.03768,0.03216,0.04347,0.01839,0.03721,0.03650,0.10131,0.03980,0.06530,0.14313,0.16924,0.02481,0.01928,0.03680,0.01437,0.01230,0.02802
0.03832,0.09216,0.03779,0.04515,0.03469,0.04609,0.02167,0.04517,0.03458,0.11972,0.02919,0.04221,0.14710,0.13197,0.02510,0.01960,0.03436,0.01550,0.01315,0.02650
0.04497,0.08692,0.04203,0.05327,0.04158,0.05590,0.02909,0.04884,0.04887,0.10801,0.04318,0.06789,0.08091,0.08617,0.03117,0.02299,0.03536,0.02044,0.01866,0.03373
0.03062,0.10238,0.03252,0.03543,0.03192,0.04197,0.01416,0.03591,0.03020,0.15401,0.03968,0.05556,0.14693,0.15010,0.01690,0.01401,0.02358,0.01103,0.00955,0.02354
0.04087,0.12602,0.04313,0.05476,0.04297,0.05468,0.02285,0.04592,0.04563,0.12957,0.03278,0.04718,0.11062,0.07864,0.02196,0.02136,0.01966,0.01571,0.01553,0.03019
0.03804,0.07826,0.04126,0.05147,0.05284,0.05411,0.02548,0.04480,0.04721,0.13650,0.03570,0.04664,0.10371,0.09041,0.02576,0.02590,0.03354,0.01690,0.01656,0.03494
0.02667,0.05344,0.03135,0.03358,0.02903,0.03539,0.01813,0.03296,0.03010,0.06555,0.03396,0.06146,0.24513,0.20632,0.01973,0.01422,0.01937,0.01109,0.01099,0.02154
0.03451,0.08307,0.03601,0.03840,0.03393,0.04661,0.02045,0.03814,0.03937,0.09726,0.08373,0.08928,0.12508,0.11137,0.02130,0.01879,0.02255,0.01507,0.01274,0.03235
0.02348,0.05127,0.02453,0.03078,0.02345,0.02917,0.01473,0.02812,0.02643,0.05588,0.03263,0.05866,0.35403,0.15446,0.01675,0.01565,0.01608,0.01072,0.00978,0.02342
0.03833,0.11627,0.03496,0.04737,0.03874,0.05109,0.02215,0.04698,0.04078,0.14439,0.03790,0.04837,0.12433,0.10302,0.01854,0.01745,0.02042,0.01394,0.01182,0.02315
0.02380,0.05877,0.02560,0.03107,0.02760,0.03124,0.01336,0.02864,0.02577,0.06469,0.04113,0.05362,0.28156,0.21207,0.01439,0.01365,0.01749,0.00966,0.00842,0.01746
0.03352,0.08710,0.03760,0.03848,0.03221,0.04041,0.01779,0.03095,0.03606,0.10980,0.03291,0.07389,0.19496,0.15464,0.01479,0.01127,0.01483,0.01169,0.00872,0.01839
0.04077,0.12697,0.03483,0.04425,0.03376,0.05364,0.02007,0.04577,0.04045,0.12245,0.02407,0.03268,0.16104,0.11764,0.01824,0.01571,0.01965,0.01322,0.01194,0.02285
0.03221,0.08398,0.03318,0.04694,0.03911,0.04217,0.01905,0.04441,0.03769,0.12993,0.02416,0.03420,0.16606,0.16028,0.01979,0.01471,0.02586,0.01223,0.01142,0.02262
0.03163,0.07017,0.03404,0.04298,0.03255,0.03975,0.02042,0.03893,0.03123,0.09740,0.04693,0.06042,0.21618,0.11848,0.02057,0.01805,0.01821,0.01550,0.01447,0.03208
0.03104,0.07140,0.03310,0.03758,0.03165,0.04225,0.02012,0.03770,0.03360,0.08373,0.03631,0.04877,0.24731,0.12080,0.02222,0.01944,0.01681,0.01888,0.01581,0.03149
0.03898,0.07119,0.03731,0.04673,0.03976,0.04718,0.02332,0.04469,0.03870,0.07947,0.02533,0.02931,0.15337,0.16665,0.02628,0.02306,0.04100,0.01938,0.01599,0.03230
0.03840,0.12742,0.03627,0.04956,0.04118,0.04738,0.02407,0.04471,0.04399,0.11422,0.02311,0.02876,0.17426,0.11648,0.01534,0.01462,0.01766,0.01179,0.01092,0.01986
0.03194,0.10635,0.03676,0.04540,0.03572,0.04398,0.01870,0.04554,0.04115,0.11159,0.04850,0.05689,0.14093,0.12549,0.01896,0.01823,0.02308,0.01377,0.01170,0.02531
0.03202,0.07274,0.03250,0.03911,0.03048,0.04108,0.01766,0.03570,0.03117,0.09586,0.06282,0.09838,0.18351,0.11654,0.02047,0.02022,0.01831,0.01237,0.01131,0.02774
0.03052,0.07918,0.03199,0.03752,0.03051,0.04546,0.01543,0.03430,0.03515,0.12413,0.02775,0.04118,0.23825,0.13090,0.01950,0.01351,0.01669,0.01319,0.01216,0.02269
0.04556,0.10070,0.04693,0.05793,0.04457,0.05928,0.03036,0.06116,0.05284,0.11021,0.02652,0.03232,0.09123,0.09303,0.02500,0.02127,0.03809,0.01749,0.01550,0.02999
0.03252,0.09745,0.03428,0.04345,0.03824,0.04278,0.01705,0.04247,0.03757,0.12207,0.02289,0.03246,0.20946,0.12357,0.01843,0.01736,0.02081,0.01379,0.01132,0.02202
0.03852,0.10166,0.03955,0.04595,0.03956,0.05318,0.02124,0.04576,0.04079,0.13955,0.02693,0.04733,0.15543,0.09441,0.02106,0.02092,0.01889,0.01525,0.01152,0.02249
0.03141,0.06535,0.03367,0.03709,0.03342,0.04411,0.02163,0.04161,0.03424,0.07422,0.06957,0.06690,0.17064,0.12899,0.02569,0.02253,0.02564,0.01651,0.01815,0.03863
0.03410,0.06652,0.03622,0.04013,0.03574,0.04212,0.01890,0.04007,0.03961,0.09014,0.03904,0.04814,0.18385,0.15829,0.02386,0.01944,0.02302,0.01640,0.01595,0.02844
0.02779,0.08119,0.02930,0.03285,0.02742,0.03549,0.01523,0.03123,0.03137,0.09794,0.01971,0.02434,0.34707,0.12029,0.01334,0.01439,0.01241,0.01185,0.00943,0.01737
0.02922,0.05176,0.03039,0.03331,0.03111,0.03500,0.01908,0.03298,0.03217,0.05736,0.07147,0.09784,0.22126,0.14389,0.01969,0.01832,0.02034,0.01355,0.01322,0.02803
0.05196,0.08733,0.05219,0.05875,0.05285,0.05700,0.03339,0.05336,0.05234,0.10735,0.02303,0.03060,0.09929,0.07584,0.03078,0.02861,0.03007,0.02034,0.01741,0.03750
0.04004,0.08126,0.04516,0.05143,0.04576,0.05202,0.02458,0.05290,0.04614,0.09542,0.04557,0.04853,0.08768,0.08536,0.02992,0.02963,0.05804,0.02148,0.01970,0.03935
0.02809,0.06782,0.03343,0.03767,0.03447,0.03742,0.01995,0.03604,0.03701,0.07129,0.02251,0.02604,0.32286,0.12433,0.01783,0.01598,0.01606,0.01385,0.01401,0.02335
0.03986,0.11175,0.04925,0.05562,0.04471,0.05676,0.02224,0.05803,0.05018,0.12345,0.03122,0.04530,0.11833,0.08793,0.01961,0.01570,0.01966,0.01371,0.01324,0.02344
0.03961,0.08199,0.04245,0.04534,0.03862,0.05378,0.02255,0.05036,0.04029,0.09702,0.02898,0.03637,0.18732,0.11848,0.02187,0.01988,0.02105,0.01485,0.01372,0.02547
0.03835,0.09493,0.03446,0.05129,0.04043,0.05163,0.02081,0.05029,0.04780,0.12353,0.02753,0.04523,0.11602,0.14042,0.02012,0.01628,0.03484,0.01285,0.01043,0.02274
0.02714,0.08183,0.03647,0.04156,0.03340,0.04442,0.01867,0.03852,0.03669,0.09471,0.04262,0.08398,0.13506,0.15776,0.02098,0.01925,0.03333,0.01436,0.01274,0.02652
0.03811,0.10649,0.04551,0.04797,0.04283,0.05474,0.02171,0.04874,0.04286,0.17070,0.03309,0.04349,0.09571,0.10450,0.01776,0.01554,0.02518,0.01153,0.01104,0.02251
0.03928,0.10595,0.03632,0.04737,0.03987,0.05475,0.02358,0.04695,0.04094,0.11875,0.02302,0.03633,0.15645,0.12617,0.02081,0.01657,0.02014,0.01498,0.01078,0.02099
0.03269,0.13231,0.03056,0.04172,0.03103,0.05080,0.01550,0.03562,0.03233,0.20946,0.01618,0.02164,0.13797,0.12200,0.01741,0.01295,0.02088,0.01099,0.00969,0.01828
0.03693,0.07327,0.04053,0.04627,0.03743,0.05113,0.02169,0.04299,0.04164,0.12305,0.03782,0.04463,0.13719,0.13260,0.02068,0.01983,0.03235,0.01558,0.01369,0.03069
0.03284,0.07449,0.03452,0.04294,0.03811,0.04282,0.01960,0.04246,0.03615,0.08697,0.04690,0.05984,0.15352,0.17209,0.01902,0.01821,0.02817,0.01244,0.01219,0.02672
0.03504,0.07673,0.03372,0.04238,0.03664,0.04402,0.01630,0.03598,0.03790,0.09015,0.04131,0.05311,0.15526,0.17698,0.02153,0.01663,0.03006,0.01422,0.01240,0.02963
0.02668,0.07107,0.02699,0.03555,0.03053,0.04056,0.01530,0.03146,0.03067,0.09256,0.01966,0.02906,0.22299,0.24305,0.01565,0.01201,0.01921,0.01014,0.00996,0.01688
0.03879,0.07980,0.04362,0.05027,0.03914,0.05461,0.02463,0.04605,0.04261,0.08923,0.05504,0.07811,0.10670,0.10060,0.02620,0.02550,0.03578,0.01630,0.01517,0.03186
0.03420,0.07332,0.03657,0.04238,0.03651,0.04883,0.02245,0.04060,0.03981,0.09088,0.05128,0.08241,0.14039,0.13661,0.02143,0.02254,0.02499,0.01438,0.01244,0.02799
0.02787,0.06813,0.02789,0.03526,0.02844,0.03903,0.01645,0.03332,0.02810,0.08538,0.06313,0.08018,0.20679,0.13948,0.02158,0.01658,0.02476,0.01255,0.01240,0.03267
0.03011,0.06710,0.03264,0.03810,0.03281,0.03904,0.02221,0.03770,0.03218,0.07549,0.04599,0.06748,0.18656,0.17998,0.01876,0.01645,0.02659,0.01398,0.01165,0.02517
0.03225,0.07850,0.03880,0.04448,0.03442,0.05178,0.01710,0.03438,0.03668,0.10795,0.05211,0.09710,0.11236,0.09788,0.02927,0.02148,0.03990,0.01496,0.01341,0.04521
0.03298,0.08448,0.03436,0.03837,0.03536,0.04099,0.01855,0.04238,0.03456,0.10647,0.03026,0.04624,0.14369,0.19311,0.01889,0.01682,0.03298,0.01393,0.01182,0.02375
0.03560,0.07207,0.03820,0.03951,0.03677,0.04306,0.02253,0.04137,0.03835,0.07510,0.06263,0.07457,0.16289,0.11001,0.02503,0.02748,0.02751,0.01532,0.01676,0.03527
0.03500,0.06481,0.03793,0.04223,0.03545,0.04469,0.02185,0.04262,0.03578,0.07616,0.06766,0.08714,0.13240,0.10762,0.02788,0.02689,0.03483,0.01902,0.01822,0.04182
0.03258,0.12834,0.04066,0.04849,0.03984,0.05319,0.01973,0.04824,0.03911,0.16411,0.02892,0.04091,0.10693,0.11476,0.01795,0.01410,0.02239,0.01138,0.00972,0.01865
0.03646,0.11760,0.04305,0.05160,0.04524,0.05228,0.02354,0.04563,0.04645,0.12146,0.02726,0.03191,0.12419,0.12085,0.02038,0.01656,0.02718,0.01281,0.01209,0.02346
0.04372,0.11516,0.04151,0.05411,0.04491,0.05828,0.02075,0.04962,0.04862,0.14962,0.02741,0.04378,0.09356,0.08378,0.02378,0.01627,0.02926,0.01750,0.01278,0.02558
0.03485,0.07859,0.03347,0.03950,0.03402,0.04158,0.01880,0.04254,0.03949,0.10600,0.04175,0.07334,0.16613,0.13965,0.02062,0.01633,0.02172,0.01419,0.01198,0.02547
0.03146,0.07421,0.03488,0.03651,0.03399,0.04199,0.01900,0.04147,0.03551,0.07196,0.04739,0.06835,0.25190,0.10964,0.01763,0.01748,0.01753,0.01420,0.01100,0.02394
0.04168,0.08859,0.04375,0.04915,0.03955,0.05129,0.02471,0.04892,0.04581,0.09074,0.04202,0.04927,0.12650,0.10397,0.03065,0.02050,0.03322,0.01983,0.01652,0.03331
0.03476,0.07510,0.03237,0.04157,0.03640,0.04185,0.01681,0.04046,0.03734,0.10220,0.06757,0.07481,0.14811,0.12645,0.02073,0.01929,0.02896,0.01270,0.01304,0.02948
0.03606,0.07221,0.04367,0.04634,0.03806,0.04505,0.01952,0.04034,0.03787,0.08954,0.08866,0.15841,0.07279,0.06196,0.02591,0.02506,0.03101,0.01623,0.01506,0.03625
0.03863,0.12312,0.04315,0.04804,0.04045,0.05657,0.02027,0.05163,0.04331,0.14091,0.02540,0.04159,0.10505,0.09476,0.02491,0.01815,0.02718,0.01804,0.01387,0.02496
0.03149,0.13877,0.03306,0.04019,0.03555,0.05593,0.01602,0.03617,0.03571,0.21889,0.03375,0.04409,0.10720,0.07730,0.01532,0.01603,0.01748,0.01326,0.01305,0.02074
0.03901,0.08642,0.04030,0.05167,0.04277,0.05517,0.02377,0.05079,0.04788,0.09813,0.03221,0.03959,0.14991,0.12019,0.02361,0.01870,0.02085,0.01795,0.01528,0.02580
0.02673,0.06913,0.03162,0.03311,0.02871,0.04035,0.01658,0.03757,0.03027,0.08317,0.04356,0.07763,0.23664,0.14816,0.01826,0.01526,0.01616,0.01208,0.01250,0.02252
0.03608,0.09260,0.03833,0.04282,0.04008,0.04713,0.01829,0.03869,0.03695,0.10898,0.05685,0.07014,0.12559,0.11774,0.02486,0.01922,0.02551,0.01558,0.01479,0.02978
0.02779,0.11474,0.03371,0.04103,0.03420,0.04109,0.01633,0.04500,0.03892,0.19182,0.02921,0.04716,0.15344,0.09996,0.01684,0.01294,0.01622,0.01022,0.01015,0.01921
0.03462,0.08416,0.04005,0.04442,0.03722,0.04308,0.01957,0.03811,0.03787,0.09783,0.04819,0.08231,0.13067,0.15853,0.01886,0.01673,0.02304,0.01150,0.01011,0.02315
