0.13161,0.02058,0.42754,0.42027
0.04763,0.07060,0.44348,0.43829
0.10672,0.09814,0.40489,0.39025
0.16297,0.08260,0.37886,0.37557
0.12447,0.17470,0.35267,0.34815
0.34981,0.12045,0.26346,0.26628
0.24667,0.10755,0.32752,0.31826
0.16972,0.10295,0.36555,0.36178
0.06740,0.05161,0.45076,0.43022
0.17521,0.07687,0.37985,0.36806
0.13850,0.12230,0.37439,0.36481
0.12646,0.04180,0.41966,0.41208
0.06566,0.05219,0.44840,0.43375
0.08255,0.04171,0.44032,0.43541
0.14912,0.12219,0.37286,0.35583
0.16808,0.07476,0.38146,0.37570
0.14163,0.07235,0.39434,0.39169
0.06356,0.20489,0.36900,0.36255
0.16087,0.31385,0.26306,0.26222
0.06704,0.04991,0.44258,0.44047
0.14454,0.10713,0.37832,0.37002
0.11834,0.05221,0.41804,0.41141
0.25366,0.07519,0.34000,0.33115
0.07363,0.06830,0.43311,0.42496
0.24104,0.19069,0.28744,0.28083
0.04592,0.05271,0.45659,0.44478
0.12287,0.23021,0.32634,0.32058
0.13488,0.15075,0.36241,0.35197
0.25520,0.21273,0.26721,0.26486
0.04707,0.03345,0.46059,0.45889
0.03157,0.02649,0.47635,0.46559
0.03973,0.07583,0.44957,0.43487
0.14269,0.03696,0.41751,0.40284
0.03042,0.02200,0.47954,0.46803
0.49919,0.13984,0.18177,0.17920
0.15469,0.12112,0.36224,0.36195
0.16994,0.19335,0.31791,0.31880
0.02170,0.01701,0.48933,0.47196
0.11375,0.09160,0.40181,0.39283
0.04921,0.13913,0.41239,0.39927
0.14386,0.32541,0.26875,0.26198
0.32582,0.02849,0.32699,0.31870
0.21615,0.07213,0.35712,0.35459
0.09203,0.07934,0.41544,0.41319
0.18075,0.15025,0.33698,0.33202
0.07928,0.06175,0.43575,0.42322
0.20893,0.17460,0.30986,0.30662
0.19492,0.15402,0.32913,0.32193
0.04691,0.03742,0.46279,0.45287
0.13113,0.11038,0.38560,0.37288
0.12129,0.18885,0.34658,0.34328
0.13793,0.11715,0.37335,0.37157
0.04587,0.34686,0.31072,0.29655
0.04846,0.24984,0.35658,0.34511
0.07984,0.05267,0.43881,0.42868
0.05771,0.06427,0.44380,0.43422
0.02106,0.06567,0.46012,0.45316
0.13467,0.07766,0.39674,0.39093
0.10328,0.08755,0.40800,0.40117
0.19830,0.11226,0.35101,0.33843
0.11869,0.10777,0.39067,0.38287
0.22778,0.02234,0.37883,0.37105
0.11143,0.08657,0.40554,0.39646
0.09061,0.04929,0.43668,0.42341
0.15442,0.11783,0.36539,0.36236
0.07061,0.05522,0.44291,0.43126
0.17596,0.19385,0.31344,0.31675
0.08193,0.23420,0.34964,0.33422
0.05505,0.26740,0.34028,0.33727
0.09903,0.08330,0.41279,0.40488
0.15416,0.08406,0.38690,0.37489
0.23844,0.20741,0.27849,0.27566
0.09660,0.03325,0.43845,0.43170
0.12887,0.27261,0.30494,0.29357
0.07934,0.02482,0.45853,0.43732
0.08137,0.09942,0.41126,0.40796
0.22895,0.18837,0.29346,0.28922
0.14413,0.12711,0.36832,0.36044
0.11655,0.17847,0.35748,0.34749
0.15774,0.13392,0.35702,0.35133
0.05064,0.03700,0.46733,0.44504
0.21918,0.03307,0.37573,0.37202
0.05524,0.13188,0.40658,0.40630
0.10307,0.08028,0.41169,0.40495
0.14943,0.10656,0.37521,0.36880
0.04610,0.10401,0.43076,0.41913
0.21135,0.17319,0.31340,0.30206
0.08094,0.07164,0.42955,0.41787
0.08545,0.28126,0.32032,0.31298
0.07387,0.05923,0.44057,0.42633
0.16475,0.11892,0.36514,0.35119
0.09713,0.05373,0.42836,0.42078
0.12535,0.02276,0.43397,0.41792
0.08313,0.13031,0.39849,0.38807
0.02371,0.02321,0.48210,0.47097
0.05573,0.04566,0.45026,0.44835
0.07369,0.20501,0.36395,0.35736
0.15776,0.18298,0.33077,0.32849
0.05122,0.04302,0.46147,0.44429
0.06238,0.22443,0.36350,0.34969
0.04468,0.03704,0.46359,0.45468
0.21024,0.20633,0.29133,0.29210
0.17394,0.09150,0.37228,0.36228
0.08356,0.06568,0.42785,0.42292
0.05989,0.09904,0.42876,0.41231
0.29808,0.05303,0.32831,0.32057
0.12541,0.15648,0.36185,0.35626
0.10494,0.13245,0.38482,0.37780
0.42856,0.03843,0.27264,0.26037
0.15345,0.11015,0.37449,0.36191
0.22260,0.19083,0.29703,0.28954
0.03396,0.05754,0.46243,0.44608
0.16310,0.13850,0.35167,0.34672
0.11520,0.08954,0.40546,0.38981
0.04090,0.03397,0.46618,0.45895
0.13425,0.09628,0.38948,0.37999
0.06918,0.02357,0.45728,0.44998
0.33166,0.11856,0.27479,0.27500
0.04562,0.05255,0.45485,0.44697
0.07237,0.05404,0.44114,0.43245
0.16372,0.11699,0.36335,0.35593
0.13899,0.11886,0.37475,0.36740
0.04639,0.06340,0.45314,0.43706
0.07537,0.10150,0.41749,0.40564
0.07079,0.08421,0.42283,0.42217
0.20312,0.22731,0.28762,0.28194
0.25364,0.02823,0.36460,0.35353
0.15068,0.17465,0.34129,0.33338
0.20772,0.17175,0.31463,0.30590
0.04886,0.04237,0.45720,0.45157
0.17697,0.15065,0.34003,0.33236
0.13680,0.11035,0.37928,0.37357
0.12446,0.10288,0.39007,0.38260
0.02830,0.02059,0.48229,0.46882
0.06972,0.12104,0.40644,0.40281
0.11242,0.41810,0.23629,0.23319
0.19192,0.16483,0.31951,0.32374
0.08380,0.11089,0.40452,0.40079
0.24753,0.19660,0.27922,0.27666
0.19463,0.16351,0.32766,0.31421
0.11728,0.03893,0.42592,0.41787
0.19416,0.16963,0.32138,0.31484
0.20687,0.08701,0.35865,0.34747
0.13328,0.14556,0.36305,0.35812
0.07924,0.06089,0.43715,0.42271
0.06494,0.04721,0.44653,0.44131
0.25608,0.12354,0.31267,0.30772
0.16501,0.11806,0.36266,0.35427
0.05845,0.04672,0.45397,0.44086
0.41838,0.14654,0.22224,0.21284
0.03269,0.02276,0.48179,0.46276
0.08427,0.06840,0.43020,0.41713
0.08068,0.13558,0.39795,0.38578
0.14089,0.10486,0.38092,0.37333
0.04439,0.03703,0.46403,0.45455
0.28961,0.07255,0.32228,0.31557
0.19012,0.15039,0.33602,0.32347
0.14476,0.22091,0.32238,0.31196
0.05764,0.04349,0.45254,0.44633
0.13655,0.09022,0.39428,0.37894
0.27973,0.25327,0.23759,0.22941
0.11011,0.08568,0.40818,0.39603
0.22873,0.13615,0.31912,0.31601
0.05331,0.06035,0.44994,0.43640
0.03917,0.02944,0.47438,0.45700
0.09953,0.04481,0.43196,0.42371
0.03647,0.02030,0.47564,0.46759
0.18646,0.02455,0.39731,0.39168
0.17452,0.10687,0.36170,0.35690
0.16769,0.05690,0.38999,0.38542
0.14596,0.09321,0.38466,0.37617
0.26775,0.09836,0.32205,0.31185
0.10539,0.04448,0.43171,0.41842
0.03178,0.03073,0.47651,0.46098
0.09617,0.06192,0.42923,0.41268
0.10334,0.10794,0.39750,0.39123
0.11923,0.18425,0.35559,0.34092
0.15523,0.26359,0.29829,0.28289
0.12123,0.10969,0.38425,0.38484
0.27924,0.08317,0.32267,0.31491
0.17411,0.07243,0.38158,0.37188
0.32570,0.10394,0.28809,0.28227
0.05817,0.05092,0.45060,0.44032
0.14074,0.21996,0.31760,0.32170
0.05450,0.02198,0.46536,0.45817
0.09107,0.08146,0.41846,0.40901
0.08391,0.03188,0.44571,0.43849
0.16681,0.16619,0.33624,0.33076
0.23143,0.04838,0.36332,0.35687
0.12721,0.04223,0.41882,0.41174
0.20475,0.03404,0.38079,0.38042
0.18788,0.14671,0.33449,0.33092
0.09315,0.08078,0.41273,0.41333
0.03473,0.09974,0.44144,0.42409
0.20955,0.08322,0.35575,0.35148
0.04062,0.20799,0.38540,0.36599
0.10268,0.09572,0.40316,0.39844
0.04164,0.07000,0.44965,0.43871
0.12748,0.04953,0.41504,0.40795
0.05616,0.04015,0.45833,0.44536
0.02304,0.01769,0.48586,0.47341
0.08716,0.08293,0.41925,0.41065
0.06160,0.05003,0.44976,0.43861
0.18100,0.14838,0.33881,0.33182
0.07610,0.06475,0.43654,0.42261
0.04616,0.02210,0.46870,0.46304
0.04463,0.02185,0.47393,0.45958
0.09043,0.13802,0.39259,0.37896
0.15486,0.12553,0.36213,0.35748
0.18320,0.04463,0.38927,0.38290
0.06359,0.09327,0.42738,0.41576
0.24467,0.22811,0.26590,0.26132
0.30970,0.06205,0.31907,0.30918
0.11575,0.06524,0.41523,0.40378
0.33637,0.04116,0.31974,0.30273
0.15787,0.08471,0.38247,0.37494
0.20435,0.19732,0.30425,0.29408
0.15309,0.04835,0.40742,0.39114
0.13589,0.11289,0.37809,0.37313
0.34418,0.03747,0.31407,0.30429
0.09685,0.08493,0.41635,0.40187
0.09114,0.07449,0.42075,0.41362
0.10949,0.10817,0.39942,0.38292
0.04673,0.04671,0.45733,0.44922
0.08732,0.08929,0.41086,0.41253
0.14736,0.11980,0.36500,0.36784
0.11118,0.09916,0.39837,0.39129
0.04713,0.04511,0.46055,0.44721
0.13561,0.10688,0.38248,0.37503
0.15711,0.17243,0.34542,0.32504
0.14240,0.12085,0.37349,0.36326
0.07891,0.09401,0.41620,0.41088
0.08124,0.06950,0.42994,0.41932
0.23904,0.15405,0.30348,0.30342
0.08741,0.06682,0.42274,0.42302
0.03772,0.05022,0.46201,0.45005
0.23694,0.10720,0.33150,0.32436
0.08679,0.10905,0.40553,0.39862
0.16836,0.15400,0.34484,0.33281
0.04512,0.03850,0.46168,0.45469
0.06744,0.17245,0.38457,0.37554
0.12344,0.09285,0.39709,0.38662
0.02618,0.02046,0.47799,0.47538
0.05430,0.13768,0.41050,0.39752
0.06984,0.05807,0.44249,0.42959
0.03692,0.01629,0.47985,0.46694
0.24367,0.20008,0.28181,0.27443
0.06448,0.07664,0.43199,0.42688
0.21207,0.05615,0.37249,0.35929
0.10178,0.06239,0.42146,0.41437
0.17790,0.04451,0.39566,0.38192
0.09514,0.07962,0.41796,0.40728
0.11649,0.09112,0.39883,0.39357
0.28244,0.11979,0.30590,0.29187
0.09640,0.08248,0.41805,0.40307
0.15747,0.08487,0.38467,0.37299
0.17079,0.14176,0.34553,0.34193
0.07542,0.05694,0.43725,0.43039
0.26231,0.24717,0.25241,0.23811
0.04020,0.05977,0.45438,0.44565
0.06900,0.08084,0.42914,0.42102
0.14844,0.16607,0.34850,0.33699
0.06371,0.05305,0.44651,0.43672
0.15557,0.12533,0.36325,0.35586
0.04441,0.03483,0.46583,0.45493
0.12766,0.09306,0.39257,0.38671
0.10637,0.08938,0.40810,0.39615
0.03376,0.02701,0.47242,0.46681
0.11056,0.16462,0.36896,0.35585
0.17923,0.06067,0.38897,0.37113
0.24137,0.13480,0.31873,0.30510
0.06318,0.05096,0.44713,0.43874
0.10269,0.09618,0.40467,0.39646
0.10564,0.08911,0.40886,0.39638
0.06494,0.10405,0.42087,0.41014
0.04035,0.03528,0.46927,0.45510
0.23365,0.17306,0.29644,0.29685
0.05050,0.04223,0.45942,0.44785
0.07185,0.19966,0.36733,0.36116
0.07836,0.13550,0.39792,0.38821
0.08343,0.07075,0.42872,0.41709
0.10169,0.05053,0.42889,0.41889
0.05345,0.04326,0.45984,0.44346
0.10818,0.06432,0.41792,0.40958
0.03664,0.04232,0.46644,0.45460
0.14996,0.02545,0.41517,0.40941
0.08117,0.10500,0.41339,0.40045
0.07307,0.14051,0.39493,0.39149
0.04243,0.02700,0.46927,0.46130
0.13295,0.11605,0.37834,0.37266
0.15182,0.13867,0.35768,0.35183
0.07105,0.10958,0.41632,0.40305
0.27097,0.10804,0.31161,0.30938
0.16828,0.21741,0.31063,0.30368
0.12826,0.06129,0.40763,0.40282
0.13074,0.08584,0.39578,0.38763
0.14616,0.11381,0.37443,0.36560
0.16920,0.14792,0.34783,0.33505
0.16493,0.11702,0.36305,0.35500
0.05754,0.15362,0.39775,0.39110
