0.12156,0.02203,0.02431,0.00804,0.03380,0.00000,0.00000,0.00000,0.00000,0.00000,0.00000,0.00000,0.00000,0.00000,0.00000,0.66716,0.12310
0.00000,0.00000,0.00000,0.00000,0.00000,0.26221,0.01031,0.02099,0.01605,0.15572,0.00000,0.00000,0.00000,0.00000,0.00000,0.45938,0.07534
0.00000,0.00000,0.00000,0.00000,0.00000,0.00000,0.00000,0.00000,0.00000,0.00000,0.08732,0.03676,0.03148,0.00004,0.15424,0.30534,0.38482
0.11791,0.02588,0.04800,0.04607,0.05716,0.00000,0.00000,0.00000,0.00000,0.00000,0.00000,0.00000,0.00000,0.00000,0.00000,0.51050,0.19449
0.00000,0.00000,0.00000,0.00000,0.00000,0.01746,0.00335,0.11183,0.00030,0.14812,0.00000,0.00000,0.00000,0.00000,0.00000,0.70770,0.01125
0.00000,0.00000,0.00000,0.00000,0.00000,0.00000,0.00000,0.00000,0.00000,0.00000,0.01087,0.00538,0.33294,0.00000,0.13564,0.50356,0.01162
0.01398,0.02131,0.11442,0.00579,0.18434,0.00000,0.00000,0.00000,0.00000,0.00000,0.00000,0.00000,0.00000,0.00000,0.00000,0.65286,0.00728
0.00000,0.00000,0.00000,0.00000,0.00000,0.03655,0.06645,0.01205,0.00413,0.18244,0.00000,0.00000,0.00000,0.00000,0.00000,0.54111,0.15726
0.00000,0.00000,0.00000,0.00000,0.00000,0.09641,0.03459,0.07736,0.10232,0.15022,0.00000,0.00000,0.00000,0.00000,0.00000,0.51990,0.01920
0.21333,0.00831,0.02337,0.00008,0.50187,0.00000,0.00000,0.00000,0.00000,0.00000,0.00000,0.00000,0.00000,0.00000,0.00000,0.24736,0.00568
0.00000,0.00000,0.00000,0.00000,0.00000,0.00000,0.00000,0.00000,0.00000,0.00000,0.15562,0.00579,0.03914,0.00020,0.10303,0.62424,0.07199
0.06793,0.02000,0.20083,0.00397,0.12700,0.00000,0.00000,0.00000,0.00000,0.00000,0.00000,0.00000,0.00000,0.00000,0.00000,0.57934,0.00092
0.00000,0.00000,0.00000,0.00000,0.00000,0.07604,0.00611,0.01867,0.00007,0.17215,0.00000,0.00000,0.00000,0.00000,0.00000,0.61219,0.11478
0.00000,0.00000,0.00000,0.00000,0.00000,0.34410,0.02820,0.00408,0.00000,0.12586,0.00000,0.00000,0.00000,0.00000,0.00000,0.48861,0.00916
0.00000,0.00000,0.00000,0.00000,0.00000,0.00000,0.00000,0.00000,0.00000,0.00000,0.08699,0.02993,0.13755,0.02172,0.12337,0.58725,0.01319
0.23373,0.00197,0.09792,0.08994,0.04504,0.00000,0.00000,0.00000,0.00000,0.00000,0.00000,0.00000,0.00000,0.00000,0.00000,0.46277,0.06863
0.00000,0.00000,0.00000,0.00000,0.00000,0.08845,0.11683,0.03854,0.00071,0.06027,0.00000,0.00000,0.00000,0.00000,0.00000,0.64821,0.04699
0.00000,0.00000,0.00000,0.00000,0.00000,0.00000,0.00000,0.00000,0.00000,0.00000,0.12154,0.01776,0.09322,0.00150,0.03617,0.71301,0.01680
0.23056,0.01150,0.02201,0.00002,0.11393,0.00000,0.00000,0.00000,0.00000,0.00000,0.00000,0.00000,0.00000,0.00000,0.00000,0.45662,0.16537
0.00000,0.00000,0.00000,0.00000,0.00000,0.08619,0.02641,0.08447,0.00036,0.08686,0.00000,0.00000,0.00000,0.00000,0.00000,0.54503,0.17068
0.07458,0.00046,0.04791,0.00071,0.33807,0.00000,0.00000,0.00000,0.00000,0.00000,0.00000,0.00000,0.00000,0.00000,0.00000,0.48455,0.05372
0.00000,0.00000,0.00000,0.00000,0.00000,0.13234,0.04969,0.01530,0.03970,0.06125,0.00000,0.00000,0.00000,0.00000,0.00000,0.51847,0.18325
0.00000,0.00000,0.00000,0.00000,0.00000,0.00000,0.00000,0.00000,0.00000,0.00000,0.01988,0.04910,0.01948,0.00667,0.14861,0.70570,0.05056
0.02671,0.02960,0.09160,0.00001,0.37602,0.00000,0.00000,0.00000,0.00000,0.00000,0.00000,0.00000,0.00000,0.00000,0.00000,0.46555,0.01051
0.00000,0.00000,0.00000,0.00000,0.00000,0.00000,0.00000,0.00000,0.00000,0.00000,0.19548,0.09340,0.14516,0.00026,0.07786,0.42331,0.06453
0.10133,0.00018,0.12839,0.06560,0.19334,0.00000,0.00000,0.00000,0.00000,0.00000,0.00000,0.00000,0.00000,0.00000,0.00000,0.51116,0.00000
0.00000,0.00000,0.00000,0.00000,0.00000,0.02356,0.00008,0.21460,0.00346,0.12309,0.00000,0.00000,0.00000,0.00000,0.00000,0.62952,0.00568
0.00000,0.00000,0.00000,0.00000,0.00000,0.07120,0.01785,0.00287,0.24630,0.07759,0.00000,0.00000,0.00000,0.00000,0.00000,0.53649,0.04771
0.00000,0.00000,0.00000,0.00000,0.00000,0.06293,0.00170,0.00033,0.00001,0.26270,0.00000,0.00000,0.00000,0.00000,0.00000,0.58245,0.08988
0.16594,0.00441,0.16361,0.00000,0.19737,0.00000,0.00000,0.00000,0.00000,0.00000,0.00000,0.00000,0.00000,0.00000,0.00000,0.40728,0.06139
0.00000,0.00000,0.00000,0.00000,0.00000,0.00000,0.00000,0.00000,0.00000,0.00000,0.14968,0.07026,0.02954,0.00000,0.14571,0.56974,0.03507
0.00000,0.00000,0.00000,0.00000,0.00000,0.24225,0.07591,0.03599,0.00051,0.11715,0.00000,0.00000,0.00000,0.00000,0.00000,0.48549,0.04271
0.00000,0.00000,0.00000,0.00000,0.00000,0.08178,0.06152,0.02723,0.00016,0.08158,0.00000,0.00000,0.00000,0.00000,0.00000,0.65991,0.08783
0.00000,0.00000,0.00000,0.00000,0.00000,0.35895,0.18748,0.01509,0.00948,0.05759,0.00000,0.00000,0.00000,0.00000,0.00000,0.36808,0.00332
0.00000,0.00000,0.00000,0.00000,0.00000,0.07492,0.00806,0.19629,0.00452,0.12870,0.00000,0.00000,0.00000,0.00000,0.00000,0.58329,0.00422
0.19525,0.08672,0.19451,0.00064,0.04494,0.00000,0.00000,0.00000,0.00000,0.00000,0.00000,0.00000,0.00000,0.00000,0.00000,0.46687,0.01107
0.34818,0.00314,0.15774,0.00001,0.05678,0.00000,0.00000,0.00000,0.00000,0.00000,0.00000,0.00000,0.00000,0.00000,0.00000,0.42488,0.00927
0.00000,0.00000,0.00000,0.00000,0.00000,0.00000,0.00000,0.00000,0.00000,0.00000,0.01758,0.03217,0.09871,0.07555,0.23843,0.43947,0.09808
0.00000,0.00000,0.00000,0.00000,0.00000,0.00000,0.00000,0.00000,0.00000,0.00000,0.20433,0.01271,0.01561,0.06721,0.25294,0.43369,0.01350
0.00000,0.00000,0.00000,0.00000,0.00000,0.00000,0.00000,0.00000,0.00000,0.00000,0.38224,0.01336,0.06592,0.00000,0.11529,0.40324,0.01994
0.28726,0.09694,0.06392,0.01316,0.03227,0.00000,0.00000,0.00000,0.00000,0.00000,0.00000,0.00000,0.00000,0.00000,0.00000,0.38705,0.11941
0.12076,0.17662,0.06503,0.10095,0.08789,0.00000,0.00000,0.00000,0.00000,0.00000,0.00000,0.00000,0.00000,0.00000,0.00000,0.43033,0.01842
0.40047,0.00874,0.07782,0.01784,0.03813,0.00000,0.00000,0.00000,0.00000,0.00000,0.00000,0.00000,0.00000,0.00000,0.00000,0.45345,0.00356
0.36966,0.09896,0.00879,0.00018,0.02682,0.00000,0.00000,0.00000,0.00000,0.00000,0.00000,0.00000,0.00000,0.00000,0.00000,0.47184,0.02376
0.00000,0.00000,0.00000,0.00000,0.00000,0.00000,0.00000,0.00000,0.00000,0.00000,0.10482,0.02571,0.12212,0.00000,0.09581,0.54283,0.10871
0.00000,0.00000,0.00000,0.00000,0.00000,0.06763,0.00270,0.01818,0.00141,0.10954,0.00000,0.00000,0.00000,0.00000,0.00000,0.70525,0.09528
0.00000,0.00000,0.00000,0.00000,0.00000,0.00000,0.00000,0.00000,0.00000,0.00000,0.04273,0.06984,0.21948,0.00001,0.04679,0.61326,0.00789
0.19263,0.00273,0.28131,0.00000,0.05326,0.00000,0.00000,0.00000,0.00000,0.00000,0.00000,0.00000,0.00000,0.00000,0.00000,0.42514,0.04493
0.00000,0.00000,0.00000,0.00000,0.00000,0.00000,0.00000,0.00000,0.00000,0.00000,0.07320,0.02717,0.09268,0.00005,0.14586,0.56443,0.09660
0.00000,0.00000,0.00000,0.00000,0.00000,0.07264,0.07545,0.13966,0.00000,0.12466,0.00000,0.00000,0.00000,0.00000,0.00000,0.38171,0.20589
0.00000,0.00000,0.00000,0.00000,0.00000,0.00000,0.00000,0.00000,0.00000,0.00000,0.08192,0.03470,0.10351,0.00150,0.22044,0.53820,0.01973
0.00000,0.00000,0.00000,0.00000,0.00000,0.00912,0.02856,0.02234,0.00008,0.19750,0.00000,0.00000,0.00000,0.00000,0.00000,0.69155,0.05085
0.02789,0.16146,0.07048,0.00011,0.03757,0.00000,0.00000,0.00000,0.00000,0.00000,0.00000,0.00000,0.00000,0.00000,0.00000,0.66730,0.03519
0.00000,0.00000,0.00000,0.00000,0.00000,0.08030,0.04765,0.10693,0.00107,0.04615,0.00000,0.00000,0.00000,0.00000,0.00000,0.44758,0.27033
0.00000,0.00000,0.00000,0.00000,0.00000,0.00000,0.00000,0.00000,0.00000,0.00000,0.09646,0.07835,0.07352,0.00020,0.10750,0.50556,0.13841
0.09475,0.00066,0.00385,0.01017,0.23250,0.00000,0.00000,0.00000,0.00000,0.00000,0.00000,0.00000,0.00000,0.00000,0.00000,0.55390,0.10418
0.00000,0.00000,0.00000,0.00000,0.00000,0.00000,0.00000,0.00000,0.00000,0.00000,0.29192,0.01566,0.07354,0.00075,0.06245,0.54653,0.00916
0.00000,0.00000,0.00000,0.00000,0.00000,0.00000,0.00000,0.00000,0.00000,0.00000,0.04689,0.00964,0.05431,0.00000,0.06559,0.81977,0.00380
0.00000,0.00000,0.00000,0.00000,0.00000,0.00000,0.00000,0.00000,0.00000,0.00000,0.11502,0.02227,0.23082,0.02522,0.01763,0.47721,0.11184
0.00000,0.00000,0.00000,0.00000,0.00000,0.03133,0.07256,0.06631,0.01446,0.26335,0.00000,0.00000,0.00000,0.00000,0.00000,0.53539,0.01660
0.23211,0.00790,0.02835,0.00178,0.04934,0.00000,0.00000,0.00000,0.00000,0.00000,0.00000,0.00000,0.00000,0.00000,0.00000,0.65641,0.02410
0.00000,0.00000,0.00000,0.00000,0.00000,0.02603,0.01060,0.04032,0.00409,0.04311,0.00000,0.00000,0.00000,0.00000,0.00000,0.86472,0.01113
0.10642,0.13171,0.04956,0.00000,0.27271,0.00000,0.00000,0.00000,0.00000,0.00000,0.00000,0.00000,0.00000,0.00000,0.00000,0.42555,0.01405
0.00000,0.00000,0.00000,0.00000,0.00000,0.00000,0.00000,0.00000,0.00000,0.00000,0.34636,0.02286,0.06215,0.00000,0.12674,0.36678,0.07511
0.09697,0.01875,0.07082,0.01726,0.02479,0.00000,0.00000,0.00000,0.00000,0.00000,0.00000,0.00000,0.00000,0.00000,0.00000,0.51230,0.25912
0.07367,0.02967,0.11882,0.00006,0.01972,0.00000,0.00000,0.00000,0.00000,0.00000,0.00000,0.00000,0.00000,0.00000,0.00000,0.67174,0.08631
0.14134,0.03739,0.02020,0.00023,0.06466,0.00000,0.00000,0.00000,0.00000,0.00000,0.00000,0.00000,0.00000,0.00000,0.00000,0.69314,0.04305
0.21409,0.03956,0.16429,0.00005,0.05369,0.00000,0.00000,0.00000,0.00000,0.00000,0.00000,0.00000,0.00000,0.00000,0.00000,0.33853,0.18979
0.20939,0.01294,0.17910,0.01628,0.30576,0.00000,0.00000,0.00000,0.00000,0.00000,0.00000,0.00000,0.00000,0.00000,0.00000,0.25669,0.01984
0.00000,0.00000,0.00000,0.00000,0.00000,0.00000,0.00000,0.00000,0.00000,0.00000,0.01039,0.07206,0.08296,0.00000,0.33261,0.50174,0.00025
0.00000,0.00000,0.00000,0.00000,0.00000,0.13058,0.11843,0.00779,0.00000,0.16326,0.00000,0.00000,0.00000,0.00000,0.00000,0.57178,0.00816
0.00000,0.00000,0.00000,0.00000,0.00000,0.20983,0.00660,0.03307,0.00161,0.29639,0.00000,0.00000,0.00000,0.00000,0.00000,0.43998,0.01252
0.00000,0.00000,0.00000,0.00000,0.00000,0.04259,0.09467,0.08732,0.00427,0.13531,0.00000,0.00000,0.00000,0.00000,0.00000,0.62113,0.01471
0.00000,0.00000,0.00000,0.00000,0.00000,0.01391,0.19595,0.01510,0.00000,0.27296,0.00000,0.00000,0.00000,0.00000,0.00000,0.44269,0.05939
0.02341,0.00003,0.11245,0.00004,0.09429,0.00000,0.00000,0.00000,0.00000,0.00000,0.00000,0.00000,0.00000,0.00000,0.00000,0.57982,0.18996
0.00000,0.00000,0.00000,0.00000,0.00000,0.00000,0.00000,0.00000,0.00000,0.00000,0.28461,0.00324,0.04796,0.01785,0.10787,0.47859,0.05988
0.00000,0.00000,0.00000,0.00000,0.00000,0.00000,0.00000,0.00000,0.00000,0.00000,0.10124,0.16660,0.14794,0.02240,0.10520,0.33349,0.12313
0.00000,0.00000,0.00000,0.00000,0.00000,0.03638,0.00440,0.21353,0.02624,0.08992,0.00000,0.00000,0.00000,0.00000,0.00000,0.45016,0.17937
0.00000,0.00000,0.00000,0.00000,0.00000,0.00000,0.00000,0.00000,0.00000,0.00000,0.04748,0.03951,0.01600,0.00804,0.05230,0.74740,0.08925
0.00000,0.00000,0.00000,0.00000,0.00000,0.06901,0.01590,0.03899,0.00000,0.05932,0.00000,0.00000,0.00000,0.00000,0.00000,0.80464,0.01214
0.00000,0.00000,0.00000,0.00000,0.00000,0.00000,0.00000,0.00000,0.00000,0.00000,0.09921,0.02881,0.06345,0.04660,0.02689,0.46617,0.26887
0.00000,0.00000,0.00000,0.00000,0.00000,0.00000,0.00000,0.00000,0.00000,0.00000,0.11468,0.06612,0.35356,0.00002,0.05435,0.41090,0.00037
0.00000,0.00000,0.00000,0.00000,0.00000,0.01376,0.00000,0.29075,0.10399,0.01023,0.00000,0.00000,0.00000,0.00000,0.00000,0.55990,0.02138
0.01812,0.06780,0.03971,0.00001,0.11481,0.00000,0.00000,0.00000,0.00000,0.00000,0.00000,0.00000,0.00000,0.00000,0.00000,0.70853,0.05102
0.00000,0.00000,0.00000,0.00000,0.00000,0.00000,0.00000,0.00000,0.00000,0.00000,0.04478,0.10707,0.00905,0.00000,0.23734,0.58239,0.01937
0.00000,0.00000,0.00000,0.00000,0.00000,0.05663,0.24281,0.18364,0.00000,0.07028,0.00000,0.00000,0.00000,0.00000,0.00000,0.37427,0.07237
0.08846,0.07930,0.01084,0.00005,0.01047,0.00000,0.00000,0.00000,0.00000,0.00000,0.00000,0.00000,0.00000,0.00000,0.00000,0.80420,0.00668
0.00000,0.00000,0.00000,0.00000,0.00000,0.00000,0.00000,0.00000,0.00000,0.00000,0.08905,0.04892,0.00257,0.17176,0.32628,0.22905,0.13237
0.11188,0.14614,0.13269,0.00000,0.15312,0.00000,0.00000,0.00000,0.00000,0.00000,0.00000,0.00000,0.00000,0.00000,0.00000,0.29572,0.16046
0.06956,0.03702,0.40881,0.00000,0.09663,0.00000,0.00000,0.00000,0.00000,0.00000,0.00000,0.00000,0.00000,0.00000,0.00000,0.33076,0.05722
0.00000,0.00000,0.00000,0.00000,0.00000,0.11714,0.02314,0.09262,0.03744,0.01860,0.00000,0.00000,0.00000,0.00000,0.00000,0.46907,0.24198
0.00000,0.00000,0.00000,0.00000,0.00000,0.02080,0.00182,0.00763,0.00000,0.15840,0.00000,0.00000,0.00000,0.00000,0.00000,0.71239,0.09897
0.08269,0.02834,0.17677,0.00008,0.05225,0.00000,0.00000,0.00000,0.00000,0.00000,0.00000,0.00000,0.00000,0.00000,0.00000,0.64496,0.01492
0.06408,0.02567,0.19281,0.00433,0.20209,0.00000,0.00000,0.00000,0.00000,0.00000,0.00000,0.00000,0.00000,0.00000,0.00000,0.35018,0.16083
0.00000,0.00000,0.00000,0.00000,0.00000,0.01085,0.02252,0.29232,0.00000,0.19728,0.00000,0.00000,0.00000,0.00000,0.00000,0.40399,0.07305
0.09362,0.04852,0.09785,0.18294,0.26642,0.00000,0.00000,0.00000,0.00000,0.00000,0.00000,0.00000,0.00000,0.00000,0.00000,0.30341,0.00725
0.07323,0.00431,0.14632,0.00004,0.10713,0.00000,0.00000,0.00000,0.00000,0.00000,0.00000,0.00000,0.00000,0.00000,0.00000,0.65415,0.01481
0.01321,0.08798,0.24552,0.05456,0.19841,0.00000,0.00000,0.00000,0.00000,0.00000,0.00000,0.00000,0.00000,0.00000,0.00000,0.27538,0.12495
0.00000,0.00000,0.00000,0.00000,0.00000,0.17695,0.01423,0.04120,0.00010,0.13758,0.00000,0.00000,0.00000,0.00000,0.00000,0.53933,0.09061
0.02855,0.05603,0.06863,0.00040,0.12325,0.00000,0.00000,0.00000,0.00000,0.00000,0.00000,0.00000,0.00000,0.00000,0.00000,0.45762,0.26552
0.00000,0.00000,0.00000,0.00000,0.00000,0.14946,0.05990,0.04215,0.02986,0.14716,0.00000,0.00000,0.00000,0.00000,0.00000,0.55991,0.01157
0.08004,0.11038,0.00060,0.00006,0.19628,0.00000,0.00000,0.00000,0.00000,0.00000,0.00000,0.00000,0.00000,0.00000,0.00000,0.60575,0.00688
0.00000,0.00000,0.00000,0.00000,0.00000,0.06596,0.01682,0.20746,0.02006,0.18259,0.00000,0.00000,0.00000,0.00000,0.00000,0.50560,0.00151
0.07872,0.04031,0.10238,0.00008,0.21530,0.00000,0.00000,0.00000,0.00000,0.00000,0.00000,0.00000,0.00000,0.00000,0.00000,0.47884,0.08438
0.00000,0.00000,0.00000,0.00000,0.00000,0.00000,0.00000,0.00000,0.00000,0.00000,0.21603,0.06618,0.09458,0.00165,0.07802,0.48827,0.05527
0.00000,0.00000,0.00000,0.00000,0.00000,0.27604,0.11969,0.16920,0.00811,0.04957,0.00000,0.00000,0.00000,0.00000,0.00000,0.37375,0.00363
0.16621,0.06663,0.13656,0.03052,0.04748,0.00000,0.00000,0.00000,0.00000,0.00000,0.00000,0.00000,0.00000,0.00000,0.00000,0.54818,0.00443
0.00000,0.00000,0.00000,0.00000,0.00000,0.00000,0.00000,0.00000,0.00000,0.00000,0.23457,0.07682,0.01381,0.00110,0.26973,0.38864,0.01533
0.00000,0.00000,0.00000,0.00000,0.00000,0.23899,0.05380,0.02491,0.00468,0.05087,0.00000,0.00000,0.00000,0.00000,0.00000,0.62281,0.00395
0.07151,0.21639,0.03288,0.00000,0.07673,0.00000,0.00000,0.00000,0.00000,0.00000,0.00000,0.00000,0.00000,0.00000,0.00000,0.60232,0.00017
0.00000,0.00000,0.00000,0.00000,0.00000,0.29126,0.02645,0.10784,0.00000,0.20897,0.00000,0.00000,0.00000,0.00000,0.00000,0.35030,0.01518
0.00000,0.00000,0.00000,0.00000,0.00000,0.00000,0.00000,0.00000,0.00000,0.00000,0.44193,0.00085,0.10300,0.00716,0.04751,0.34362,0.05591
0.31319,0.00968,0.04916,0.00000,0.05396,0.00000,0.00000,0.00000,0.00000,0.00000,0.00000,0.00000,0.00000,0.00000,0.00000,0.52923,0.04478
0.00000,0.00000,0.00000,0.00000,0.00000,0.00000,0.00000,0.00000,0.00000,0.00000,0.29863,0.01190,0.12904,0.00159,0.26033,0.19087,0.10763
0.00399,0.16387,0.12093,0.04070,0.18874,0.00000,0.00000,0.00000,0.00000,0.00000,0.00000,0.00000,0.00000,0.00000,0.00000,0.48082,0.00094
0.00000,0.00000,0.00000,0.00000,0.00000,0.25098,0.07522,0.04043,0.02143,0.26609,0.00000,0.00000,0.00000,0.00000,0.00000,0.28114,0.06470
0.02333,0.04817,0.02773,0.00002,0.32937,0.00000,0.00000,0.00000,0.00000,0.00000,0.00000,0.00000,0.00000,0.00000,0.00000,0.26558,0.30580
0.00000,0.00000,0.00000,0.00000,0.00000,0.07918,0.02171,0.21360,0.00000,0.09216,0.00000,0.00000,0.00000,0.00000,0.00000,0.57373,0.01960
0.14284,0.01935,0.00844,0.00000,0.09021,0.00000,0.00000,0.00000,0.00000,0.00000,0.00000,0.00000,0.00000,0.00000,0.00000,0.67347,0.06569
0.04815,0.06658,0.02175,0.00000,0.22750,0.00000,0.00000,0.00000,0.00000,0.00000,0.00000,0.00000,0.00000,0.00000,0.00000,0.58980,0.04622
0.00000,0.00000,0.00000,0.00000,0.00000,0.00000,0.00000,0.00000,0.00000,0.00000,0.05259,0.00672,0.02609,0.00000,0.45963,0.29749,0.15748
0.15958,0.00082,0.04889,0.00017,0.03411,0.00000,0.00000,0.00000,0.00000,0.00000,0.00000,0.00000,0.00000,0.00000,0.00000,0.47968,0.27675
0.00000,0.00000,0.00000,0.00000,0.00000,0.01712,0.05961,0.04937,0.03856,0.24338,0.00000,0.00000,0.00000,0.00000,0.00000,0.57731,0.01464
0.00000,0.00000,0.00000,0.00000,0.00000,0.00000,0.00000,0.00000,0.00000,0.00000,0.07146,0.00189,0.10002,0.00062,0.09486,0.68561,0.04553
0.00000,0.00000,0.00000,0.00000,0.00000,0.03280,0.15872,0.06810,0.00098,0.15380,0.00000,0.00000,0.00000,0.00000,0.00000,0.58160,0.00399
0.23562,0.01782,0.05777,0.00036,0.03238,0.00000,0.00000,0.00000,0.00000,0.00000,0.00000,0.00000,0.00000,0.00000,0.00000,0.65588,0.00018
0.00000,0.00000,0.00000,0.00000,0.00000,0.00000,0.00000,0.00000,0.00000,0.00000,0.05563,0.00227,0.15317,0.23536,0.23322,0.28332,0.03704
0.00000,0.00000,0.00000,0.00000,0.00000,0.00000,0.00000,0.00000,0.00000,0.00000,0.29725,0.00178,0.01701,0.00000,0.08242,0.57351,0.02803
0.00000,0.00000,0.00000,0.00000,0.00000,0.04085,0.04178,0.24891,0.00091,0.11382,0.00000,0.00000,0.00000,0.00000,0.00000,0.55285,0.00087
0.00000,0.00000,0.00000,0.00000,0.00000,0.08321,0.00146,0.15370,0.00088,0.44166,0.00000,0.00000,0.00000,0.00000,0.00000,0.31896,0.00013
0.00000,0.00000,0.00000,0.00000,0.00000,0.26204,0.01812,0.06435,0.02141,0.01625,0.00000,0.00000,0.00000,0.00000,0.00000,0.38317,0.23466
0.03031,0.01126,0.03174,0.00053,0.21262,0.00000,0.00000,0.00000,0.00000,0.00000,0.00000,0.00000,0.00000,0.00000,0.00000,0.68567,0.02787
0.03258,0.16106,0.07798,0.00008,0.06783,0.00000,0.00000,0.00000,0.00000,0.00000,0.00000,0.00000,0.00000,0.00000,0.00000,0.63830,0.02218
0.00000,0.00000,0.00000,0.00000,0.00000,0.00000,0.00000,0.00000,0.00000,0.00000,0.03340,0.00014,0.02505,0.00001,0.40364,0.53323,0.00452
0.03457,0.00097,0.06613,0.00000,0.09006,0.00000,0.00000,0.00000,0.00000,0.00000,0.00000,0.00000,0.00000,0.00000,0.00000,0.80722,0.00105
0.00000,0.00000,0.00000,0.00000,0.00000,0.00000,0.00000,0.00000,0.00000,0.00000,0.31606,0.04183,0.07111,0.18841,0.01883,0.34910,0.01465
0.00000,0.00000,0.00000,0.00000,0.00000,0.20640,0.02690,0.02513,0.06479,0.07510,0.00000,0.00000,0.00000,0.00000,0.00000,0.57275,0.02893
0.02229,0.02066,0.03429,0.00000,0.06884,0.00000,0.00000,0.00000,0.00000,0.00000,0.00000,0.00000,0.00000,0.00000,0.00000,0.54243,0.31148
0.06287,0.01610,0.00520,0.00546,0.04453,0.00000,0.00000,0.00000,0.00000,0.00000,0.00000,0.00000,0.00000,0.00000,0.00000,0.72172,0.14413
0.00000,0.00000,0.00000,0.00000,0.00000,0.00000,0.00000,0.00000,0.00000,0.00000,0.27438,0.08910,0.00182,0.00000,0.12203,0.39398,0.11868
0.00000,0.00000,0.00000,0.00000,0.00000,0.00000,0.00000,0.00000,0.00000,0.00000,0.10506,0.20876,0.19078,0.00179,0.04715,0.44440,0.00206
0.01277,0.04265,0.03630,0.02138,0.11963,0.00000,0.00000,0.00000,0.00000,0.00000,0.00000,0.00000,0.00000,0.00000,0.00000,0.76355,0.00373
0.28304,0.00295,0.16741,0.00104,0.09600,0.00000,0.00000,0.00000,0.00000,0.00000,0.00000,0.00000,0.00000,0.00000,0.00000,0.39905,0.05051
0.13110,0.01051,0.12057,0.00001,0.23771,0.00000,0.00000,0.00000,0.00000,0.00000,0.00000,0.00000,0.00000,0.00000,0.00000,0.35899,0.14112
0.04498,0.00461,0.06131,0.00000,0.40798,0.00000,0.00000,0.00000,0.00000,0.00000,0.00000,0.00000,0.00000,0.00000,0.00000,0.37558,0.10554
0.08813,0.06574,0.18904,0.00048,0.10124,0.00000,0.00000,0.00000,0.00000,0.00000,0.00000,0.00000,0.00000,0.00000,0.00000,0.47261,0.08276
0.00000,0.00000,0.00000,0.00000,0.00000,0.00000,0.00000,0.00000,0.00000,0.00000,0.47865,0.03894,0.00767,0.05688,0.17813,0.21475,0.02498
0.00000,0.00000,0.00000,0.00000,0.00000,0.05829,0.00756,0.26970,0.00156,0.16291,0.00000,0.00000,0.00000,0.00000,0.00000,0.44134,0.05864
0.00000,0.00000,0.00000,0.00000,0.00000,0.00000,0.00000,0.00000,0.00000,0.00000,0.12789,0.01269,0.08936,0.03481,0.44485,0.23870,0.05170
0.00000,0.00000,0.00000,0.00000,0.00000,0.00000,0.00000,0.00000,0.00000,0.00000,0.01398,0.06007,0.08250,0.00006,0.13068,0.67646,0.03624
0.00000,0.00000,0.00000,0.00000,0.00000,0.00000,0.00000,0.00000,0.00000,0.00000,0.00552,0.42132,0.05869,0.00160,0.31381,0.18359,0.01546
0.00000,0.00000,0.00000,0.00000,0.00000,0.00000,0.00000,0.00000,0.00000,0.00000,0.08158,0.01358,0.08996,0.00000,0.07720,0.53199,0.20570
0.07035,0.00788,0.00800,0.04022,0.16606,0.00000,0.00000,0.00000,0.00000,0.00000,0.00000,0.00000,0.00000,0.00000,0.00000,0.68345,0.02402
0.00000,0.00000,0.00000,0.00000,0.00000,0.00000,0.00000,0.00000,0.00000,0.00000,0.02251,0.00555,0.08311,0.00000,0.30179,0.57318,0.01386
0.25502,0.04547,0.07204,0.00001,0.06116,0.00000,0.00000,0.00000,0.00000,0.00000,0.00000,0.00000,0.00000,0.00000,0.00000,0.53880,0.02751
0.00000,0.00000,0.00000,0.00000,0.00000,0.00000,0.00000,0.00000,0.00000,0.00000,0.03779,0.01437,0.00242,0.00000,0.19506,0.73974,0.01061
0.00000,0.00000,0.00000,0.00000,0.00000,0.20024,0.04765,0.09005,0.00000,0.17850,0.00000,0.00000,0.00000,0.00000,0.00000,0.47718,0.00638
0.13581,0.00010,0.11960,0.00012,0.11143,0.00000,0.00000,0.00000,0.00000,0.00000,0.00000,0.00000,0.00000,0.00000,0.00000,0.56013,0.07282
0.00000,0.00000,0.00000,0.00000,0.00000,0.11201,0.00238,0.14849,0.00000,0.07847,0.00000,0.00000,0.00000,0.00000,0.00000,0.61001,0.04863
0.00000,0.00000,0.00000,0.00000,0.00000,0.06296,0.00555,0.11148,0.00000,0.19718,0.00000,0.00000,0.00000,0.00000,0.00000,0.53781,0.08502
0.00000,0.00000,0.00000,0.00000,0.00000,0.04461,0.15005,0.14217,0.00864,0.06870,0.00000,0.00000,0.00000,0.00000,0.00000,0.52981,0.05603
0.09634,0.01894,0.28568,0.03316,0.11664,0.00000,0.00000,0.00000,0.00000,0.00000,0.00000,0.00000,0.00000,0.00000,0.00000,0.44420,0.00504
0.00000,0.00000,0.00000,0.00000,0.00000,0.00000,0.00000,0.00000,0.00000,0.00000,0.22256,0.00001,0.00334,0.00000,0.26143,0.50087,0.01179
0.00000,0.00000,0.00000,0.00000,0.00000,0.00000,0.00000,0.00000,0.00000,0.00000,0.15719,0.32567,0.02004,0.00475,0.05201,0.42957,0.01077
0.00000,0.00000,0.00000,0.00000,0.00000,0.00000,0.00000,0.00000,0.00000,0.00000,0.06628,0.09533,0.08089,0.00178,0.16054,0.47461,0.12057
0.00000,0.00000,0.00000,0.00000,0.00000,0.00000,0.00000,0.00000,0.00000,0.00000,0.11179,0.05052,0.02674,0.00000,0.13174,0.65641,0.02279
0.02273,0.01720,0.04710,0.00006,0.29301,0.00000,0.00000,0.00000,0.00000,0.00000,0.00000,0.00000,0.00000,0.00000,0.00000,0.55972,0.06018
0.00000,0.00000,0.00000,0.00000,0.00000,0.00000,0.00000,0.00000,0.00000,0.00000,0.00669,0.02372,0.01304,0.00002,0.18834,0.63764,0.13054
0.00000,0.00000,0.00000,0.00000,0.00000,0.00000,0.00000,0.00000,0.00000,0.00000,0.13704,0.00723,0.07065,0.00001,0.25689,0.47075,0.05741
0.04299,0.19827,0.12331,0.00000,0.06105,0.00000,0.00000,0.00000,0.00000,0.00000,0.00000,0.00000,0.00000,0.00000,0.00000,0.56638,0.00800
0.00000,0.00000,0.00000,0.00000,0.00000,0.00000,0.00000,0.00000,0.00000,0.00000,0.05168,0.00806,0.11572,0.00146,0.19902,0.55305,0.07102
0.00000,0.00000,0.00000,0.00000,0.00000,0.21571,0.00474,0.07687,0.00914,0.20318,0.00000,0.00000,0.00000,0.00000,0.00000,0.28804,0.20231
0.00000,0.00000,0.00000,0.00000,0.00000,0.05689,0.06597,0.09340,0.00066,0.35438,0.00000,0.00000,0.00000,0.00000,0.00000,0.42829,0.00041
0.00000,0.00000,0.00000,0.00000,0.00000,0.00000,0.00000,0.00000,0.00000,0.00000,0.25138,0.12866,0.04831,0.00593,0.01620,0.51484,0.03468
0.00000,0.00000,0.00000,0.00000,0.00000,0.00000,0.00000,0.00000,0.00000,0.00000,0.04192,0.01027,0.03880,0.00168,0.42003,0.36883,0.11847
0.00000,0.00000,0.00000,0.00000,0.00000,0.20672,0.00926,0.11904,0.03352,0.12128,0.00000,0.00000,0.00000,0.00000,0.00000,0.43304,0.07713
0.11804,0.00128,0.01963,0.00000,0.20404,0.00000,0.00000,0.00000,0.00000,0.00000,0.00000,0.00000,0.00000,0.00000,0.00000,0.60622,0.05078
0.00000,0.00000,0.00000,0.00000,0.00000,0.00000,0.00000,0.00000,0.00000,0.00000,0.16160,0.10359,0.15198,0.00567,0.04225,0.50041,0.03449
0.00000,0.00000,0.00000,0.00000,0.00000,0.10634,0.08207,0.04036,0.00011,0.24347,0.00000,0.00000,0.00000,0.00000,0.00000,0.46652,0.06113
0.00000,0.00000,0.00000,0.00000,0.00000,0.32626,0.01656,0.02734,0.01316,0.11375,0.00000,0.00000,0.00000,0.00000,0.00000,0.50268,0.00023
0.00000,0.00000,0.00000,0.00000,0.00000,0.07141,0.10812,0.00684,0.00008,0.08404,0.00000,0.00000,0.00000,0.00000,0.00000,0.54620,0.18331
0.00000,0.00000,0.00000,0.00000,0.00000,0.00000,0.00000,0.00000,0.00000,0.00000,0.19242,0.02836,0.03384,0.00000,0.27101,0.29618,0.17818
0.28998,0.07188,0.00697,0.00155,0.10409,0.00000,0.00000,0.00000,0.00000,0.00000,0.00000,0.00000,0.00000,0.00000,0.00000,0.46251,0.06301
0.09080,0.09709,0.09556,0.03117,0.08785,0.00000,0.00000,0.00000,0.00000,0.00000,0.00000,0.00000,0.00000,0.00000,0.00000,0.59697,0.00055
0.00000,0.00000,0.00000,0.00000,0.00000,0.00000,0.00000,0.00000,0.00000,0.00000,0.03341,0.00205,0.05109,0.00729,0.08058,0.74965,0.07594
0.00000,0.00000,0.00000,0.00000,0.00000,0.00000,0.00000,0.00000,0.00000,0.00000,0.16134,0.00524,0.15597,0.01235,0.17743,0.48685,0.00082
0.00000,0.00000,0.00000,0.00000,0.00000,0.09418,0.27264,0.09325,0.00000,0.08398,0.00000,0.00000,0.00000,0.00000,0.00000,0.38734,0.06862
0.00000,0.00000,0.00000,0.00000,0.00000,0.00000,0.00000,0.00000,0.00000,0.00000,0.28238,0.01792,0.16329,0.00001,0.08181,0.44441,0.01019
0.00000,0.00000,0.00000,0.00000,0.00000,0.00755,0.00082,0.01361,0.09370,0.18175,0.00000,0.00000,0.00000,0.00000,0.00000,0.51497,0.18760
0.00000,0.00000,0.00000,0.00000,0.00000,0.06763,0.03279,0.14293,0.00000,0.11710,0.00000,0.00000,0.00000,0.00000,0.00000,0.62106,0.01848
0.04234,0.00992,0.06459,0.00000,0.21570,0.00000,0.00000,0.00000,0.00000,0.00000,0.00000,0.00000,0.00000,0.00000,0.00000,0.55481,0.11263
0.17341,0.17036,0.04309,0.00005,0.13252,0.00000,0.00000,0.00000,0.00000,0.00000,0.00000,0.00000,0.00000,0.00000,0.00000,0.47065,0.00991
0.05147,0.01749,0.02197,0.09186,0.04132,0.00000,0.00000,0.00000,0.00000,0.00000,0.00000,0.00000,0.00000,0.00000,0.00000,0.73364,0.04225
0.07282,0.05308,0.03863,0.01027,0.19926,0.00000,0.00000,0.00000,0.00000,0.00000,0.00000,0.00000,0.00000,0.00000,0.00000,0.60711,0.01884
0.00000,0.00000,0.00000,0.00000,0.00000,0.00000,0.00000,0.00000,0.00000,0.00000,0.06868,0.00077,0.01113,0.02592,0.05584,0.81883,0.01883
0.00000,0.00000,0.00000,0.00000,0.00000,0.00000,0.00000,0.00000,0.00000,0.00000,0.31574,0.05836,0.02728,0.00005,0.10032,0.44951,0.04874
0.00000,0.00000,0.00000,0.00000,0.00000,0.00000,0.00000,0.00000,0.00000,0.00000,0.23620,0.12748,0.10345,0.02606,0.02253,0.47652,0.00776
0.10917,0.05438,0.01607,0.00006,0.15572,0.00000,0.00000,0.00000,0.00000,0.00000,0.00000,0.00000,0.00000,0.00000,0.00000,0.64157,0.02302
0.00000,0.00000,0.00000,0.00000,0.00000,0.13870,0.00379,0.10182,0.00000,0.10399,0.00000,0.00000,0.00000,0.00000,0.00000,0.64972,0.00197
0.00000,0.00000,0.00000,0.00000,0.00000,0.39045,0.00503,0.02012,0.05092,0.09950,0.00000,0.00000,0.00000,0.00000,0.00000,0.20650,0.22747
0.25598,0.00005,0.02327,0.03230,0.17273,0.00000,0.00000,0.00000,0.00000,0.00000,0.00000,0.00000,0.00000,0.00000,0.00000,0.31399,0.20169
0.17774,0.05578,0.03718,0.00006,0.10981,0.00000,0.00000,0.00000,0.00000,0.00000,0.00000,0.00000,0.00000,0.00000,0.00000,0.53975,0.07968
0.00000,0.00000,0.00000,0.00000,0.00000,0.00000,0.00000,0.00000,0.00000,0.00000,0.11515,0.03155,0.00640,0.00098,0.11113,0.68548,0.04932
0.00000,0.00000,0.00000,0.00000,0.00000,0.00000,0.00000,0.00000,0.00000,0.00000,0.24907,0.07073,0.06518,0.01851,0.06573,0.51476,0.01602
0.00000,0.00000,0.00000,0.00000,0.00000,0.12782,0.03244,0.06176,0.00006,0.19413,0.00000,0.00000,0.00000,0.00000,0.00000,0.40782,0.17598
0.00000,0.00000,0.00000,0.00000,0.00000,0.00000,0.00000,0.00000,0.00000,0.00000,0.05783,0.00839,0.26778,0.05159,0.14470,0.46393,0.00578
0.02803,0.10307,0.01540,0.00130,0.17283,0.00000,0.00000,0.00000,0.00000,0.00000,0.00000,0.00000,0.00000,0.00000,0.00000,0.56012,0.11924
0.00000,0.00000,0.00000,0.00000,0.00000,0.00000,0.00000,0.00000,0.00000,0.00000,0.18173,0.08844,0.05368,0.00076,0.10520,0.52782,0.04236
0.00000,0.00000,0.00000,0.00000,0.00000,0.00000,0.00000,0.00000,0.00000,0.00000,0.10162,0.10993,0.02915,0.03454,0.41396,0.20697,0.10383
0.00000,0.00000,0.00000,0.00000,0.00000,0.06458,0.04430,0.28525,0.00057,0.10215,0.00000,0.00000,0.00000,0.00000,0.00000,0.42586,0.07729
0.22481,0.00482,0.05786,0.00002,0.08227,0.00000,0.00000,0.00000,0.00000,0.00000,0.00000,0.00000,0.00000,0.00000,0.00000,0.58477,0.04545
0.00000,0.00000,0.00000,0.00000,0.00000,0.00000,0.00000,0.00000,0.00000,0.00000,0.19828,0.03216,0.01668,0.00169,0.02341,0.72461,0.00317
0.00000,0.00000,0.00000,0.00000,0.00000,0.18984,0.07378,0.22490,0.05991,0.12044,0.00000,0.00000,0.00000,0.00000,0.00000,0.13777,0.19336
0.01408,0.05362,0.03587,0.00395,0.35647,0.00000,0.00000,0.00000,0.00000,0.00000,0.00000,0.00000,0.00000,0.00000,0.00000,0.53175,0.00425
0.20891,0.00210,0.08200,0.00020,0.11245,0.00000,0.00000,0.00000,0.00000,0.00000,0.00000,0.00000,0.00000,0.00000,0.00000,0.54834,0.04601
0.00000,0.00000,0.00000,0.00000,0.00000,0.18803,0.04923,0.17988,0.00000,0.20389,0.00000,0.00000,0.00000,0.00000,0.00000,0.32127,0.05771
0.00000,0.00000,0.00000,0.00000,0.00000,0.42923,0.04032,0.04097,0.00000,0.23329,0.00000,0.00000,0.00000,0.00000,0.00000,0.22566,0.03053
0.00000,0.00000,0.00000,0.00000,0.00000,0.00000,0.00000,0.00000,0.00000,0.00000,0.12030,0.00148,0.08856,0.00000,0.20083,0.53338,0.05545
0.00000,0.00000,0.00000,0.00000,0.00000,0.03349,0.00885,0.15712,0.01546,0.05176,0.00000,0.00000,0.00000,0.00000,0.00000,0.70972,0.02359
0.08484,0.01284,0.02296,0.00086,0.13282,0.00000,0.00000,0.00000,0.00000,0.00000,0.00000,0.00000,0.00000,0.00000,0.00000,0.63507,0.11061
0.00000,0.00000,0.00000,0.00000,0.00000,0.09457,0.05296,0.01673,0.00927,0.01914,0.00000,0.00000,0.00000,0.00000,0.00000,0.59019,0.21715
0.00000,0.00000,0.00000,0.00000,0.00000,0.07296,0.09610,0.00389,0.28319,0.04966,0.00000,0.00000,0.00000,0.00000,0.00000,0.37625,0.11794
0.00000,0.00000,0.00000,0.00000,0.00000,0.08561,0.05236,0.14824,0.00000,0.04872,0.00000,0.00000,0.00000,0.00000,0.00000,0.62036,0.04471
0.00000,0.00000,0.00000,0.00000,0.00000,0.04510,0.11621,0.23431,0.00576,0.02740,0.00000,0.00000,0.00000,0.00000,0.00000,0.41449,0.15673
0.00000,0.00000,0.00000,0.00000,0.00000,0.03161,0.04206,0.30093,0.00317,0.01036,0.00000,0.00000,0.00000,0.00000,0.00000,0.43211,0.17976
0.09055,0.00677,0.03263,0.00000,0.27712,0.00000,0.00000,0.00000,0.00000,0.00000,0.00000,0.00000,0.00000,0.00000,0.00000,0.58734,0.00558
0.01629,0.02916,0.12635,0.00052,0.33980,0.00000,0.00000,0.00000,0.00000,0.00000,0.00000,0.00000,0.00000,0.00000,0.00000,0.44633,0.04155
0.00000,0.00000,0.00000,0.00000,0.00000,0.00000,0.00000,0.00000,0.00000,0.00000,0.04049,0.28854,0.05681,0.00000,0.10836,0.50339,0.00241
0.00000,0.00000,0.00000,0.00000,0.00000,0.00000,0.00000,0.00000,0.00000,0.00000,0.04077,0.00507,0.34269,0.00000,0.02716,0.57205,0.01225
0.00000,0.00000,0.00000,0.00000,0.00000,0.05760,0.00503,0.21991,0.01307,0.08496,0.00000,0.00000,0.00000,0.00000,0.00000,0.45392,0.16551
0.09966,0.08324,0.06220,0.01166,0.20075,0.00000,0.00000,0.00000,0.00000,0.00000,0.00000,0.00000,0.00000,0.00000,0.00000,0.45245,0.09004
0.05709,0.10606,0.08266,0.00003,0.00748,0.00000,0.00000,0.00000,0.00000,0.00000,0.00000,0.00000,0.00000,0.00000,0.00000,0.74651,0.00017
0.00000,0.00000,0.00000,0.00000,0.00000,0.03816,0.20728,0.05453,0.00036,0.08096,0.00000,0.00000,0.00000,0.00000,0.00000,0.58002,0.03869
0.00000,0.00000,0.00000,0.00000,0.00000,0.00000,0.00000,0.00000,0.00000,0.00000,0.04762,0.06385,0.03523,0.07304,0.08246,0.62677,0.07103
0.00000,0.00000,0.00000,0.00000,0.00000,0.16564,0.18394,0.10801,0.00000,0.00754,0.00000,0.00000,0.00000,0.00000,0.00000,0.50818,0.02670
0.00000,0.00000,0.00000,0.00000,0.00000,0.00000,0.00000,0.00000,0.00000,0.00000,0.00526,0.01139,0.00448,0.00004,0.31902,0.49091,0.16890
0.00000,0.00000,0.00000,0.00000,0.00000,0.06563,0.03203,0.10139,0.02876,0.31864,0.00000,0.00000,0.00000,0.00000,0.00000,0.42418,0.02937
0.00000,0.00000,0.00000,0.00000,0.00000,0.16512,0.00116,0.11154,0.00000,0.29278,0.00000,0.00000,0.00000,0.00000,0.00000,0.41167,0.01773
0.14730,0.00942,0.09308,0.00000,0.12595,0.00000,0.00000,0.00000,0.00000,0.00000,0.00000,0.00000,0.00000,0.00000,0.00000,0.61891,0.00535
0.00000,0.00000,0.00000,0.00000,0.00000,0.00000,0.00000,0.00000,0.00000,0.00000,0.18992,0.16964,0.09773,0.00034,0.13631,0.38709,0.01897
0.00000,0.00000,0.00000,0.00000,0.00000,0.00000,0.00000,0.00000,0.00000,0.00000,0.08085,0.02483,0.16276,0.00000,0.22922,0.26128,0.24107
0.00000,0.00000,0.00000,0.00000,0.00000,0.12403,0.00275,0.14493,0.00000,0.27216,0.00000,0.00000,0.00000,0.00000,0.00000,0.45082,0.00531
0.00000,0.00000,0.00000,0.00000,0.00000,0.00000,0.00000,0.00000,0.00000,0.00000,0.01416,0.03847,0.10129,0.00001,0.27698,0.55698,0.01211
0.14705,0.02035,0.03204,0.00000,0.10179,0.00000,0.00000,0.00000,0.00000,0.00000,0.00000,0.00000,0.00000,0.00000,0.00000,0.46876,0.23003
0.04109,0.02841,0.03112,0.00000,0.26624,0.00000,0.00000,0.00000,0.00000,0.00000,0.00000,0.00000,0.00000,0.00000,0.00000,0.29580,0.33733
0.05446,0.15024,0.20924,0.00001,0.02257,0.00000,0.00000,0.00000,0.00000,0.00000,0.00000,0.00000,0.00000,0.00000,0.00000,0.53910,0.02438
0.05974,0.00200,0.00191,0.00000,0.08558,0.00000,0.00000,0.00000,0.00000,0.00000,0.00000,0.00000,0.00000,0.00000,0.00000,0.84402,0.00675
0.00000,0.00000,0.00000,0.00000,0.00000,0.00000,0.00000,0.00000,0.00000,0.00000,0.09787,0.09729,0.19260,0.00527,0.17046,0.31909,0.11743
0.00000,0.00000,0.00000,0.00000,0.00000,0.00000,0.00000,0.00000,0.00000,0.00000,0.00033,0.03254,0.25653,0.00048,0.11354,0.50309,0.09350
0.05208,0.02929,0.13418,0.01766,0.05823,0.00000,0.00000,0.00000,0.00000,0.00000,0.00000,0.00000,0.00000,0.00000,0.00000,0.67935,0.02921
0.01332,0.00424,0.22199,0.00000,0.22085,0.00000,0.00000,0.00000,0.00000,0.00000,0.00000,0.00000,0.00000,0.00000,0.00000,0.53711,0.00250
0.00000,0.00000,0.00000,0.00000,0.00000,0.00000,0.00000,0.00000,0.00000,0.00000,0.02089,0.00296,0.11245,0.00003,0.13569,0.72382,0.00415
0.00000,0.00000,0.00000,0.00000,0.00000,0.00000,0.00000,0.00000,0.00000,0.00000,0.14296,0.00585,0.00686,0.00328,0.05327,0.76820,0.01958
0.09043,0.04345,0.16849,0.00001,0.12691,0.00000,0.00000,0.00000,0.00000,0.00000,0.00000,0.00000,0.00000,0.00000,0.00000,0.53522,0.03548
0.02096,0.00389,0.00584,0.00001,0.29328,0.00000,0.00000,0.00000,0.00000,0.00000,0.00000,0.00000,0.00000,0.00000,0.00000,0.51615,0.15987
0.00000,0.00000,0.00000,0.00000,0.00000,0.17151,0.10167,0.01607,0.00030,0.06073,0.00000,0.00000,0.00000,0.00000,0.00000,0.64586,0.00385
0.25835,0.00770,0.05726,0.00661,0.08582,0.00000,0.00000,0.00000,0.00000,0.00000,0.00000,0.00000,0.00000,0.00000,0.00000,0.47073,0.11352
0.01618,0.00057,0.19272,0.00000,0.39793,0.00000,0.00000,0.00000,0.00000,0.00000,0.00000,0.00000,0.00000,0.00000,0.00000,0.38717,0.00544
0.00000,0.00000,0.00000,0.00000,0.00000,0.09541,0.04784,0.00456,0.08168,0.03748,0.00000,0.00000,0.00000,0.00000,0.00000,0.66646,0.06656
0.00000,0.00000,0.00000,0.00000,0.00000,0.00000,0.00000,0.00000,0.00000,0.00000,0.09658,0.01864,0.12683,0.00001,0.04079,0.56033,0.15682
0.01826,0.23072,0.18302,0.02626,0.27379,0.00000,0.00000,0.00000,0.00000,0.00000,0.00000,0.00000,0.00000,0.00000,0.00000,0.26437,0.00359
0.00000,0.00000,0.00000,0.00000,0.00000,0.23154,0.01904,0.06923,0.00530,0.11053,0.00000,0.00000,0.00000,0.00000,0.00000,0.48309,0.08126
0.01872,0.02764,0.17780,0.00179,0.23718,0.00000,0.00000,0.00000,0.00000,0.00000,0.00000,0.00000,0.00000,0.00000,0.00000,0.46666,0.07021
0.04648,0.02523,0.20532,0.00003,0.21434,0.00000,0.00000,0.00000,0.00000,0.00000,0.00000,0.00000,0.00000,0.00000,0.00000,0.47835,0.03024
0.10317,0.12469,0.05381,0.03193,0.10731,0.00000,0.00000,0.00000,0.00000,0.00000,0.00000,0.00000,0.00000,0.00000,0.00000,0.44490,0.13418
0.00000,0.00000,0.00000,0.00000,0.00000,0.22355,0.16899,0.10927,0.00000,0.03312,0.00000,0.00000,0.00000,0.00000,0.00000,0.43136,0.03372
0.10959,0.00364,0.09393,0.00767,0.06258,0.00000,0.00000,0.00000,0.00000,0.00000,0.00000,0.00000,0.00000,0.00000,0.00000,0.57651,0.14607
0.00000,0.00000,0.00000,0.00000,0.00000,0.00000,0.00000,0.00000,0.00000,0.00000,0.07338,0.02668,0.05386,0.00002,0.28647,0.55137,0.00823
0.24456,0.01039,0.05646,0.00004,0.16402,0.00000,0.00000,0.00000,0.00000,0.00000,0.00000,0.00000,0.00000,0.00000,0.00000,0.51051,0.01403
0.00000,0.00000,0.00000,0.00000,0.00000,0.00000,0.00000,0.00000,0.00000,0.00000,0.15448,0.18432,0.28633,0.00055,0.09495,0.22862,0.05074
0.00000,0.00000,0.00000,0.00000,0.00000,0.00000,0.00000,0.00000,0.00000,0.00000,0.36300,0.03351,0.05712,0.00536,0.04062,0.35652,0.14388
0.01356,0.11718,0.10356,0.02413,0.02185,0.00000,0.00000,0.00000,0.00000,0.00000,0.00000,0.00000,0.00000,0.00000,0.00000,0.70866,0.01105
0.01704,0.13098,0.06167,0.01122,0.16067,0.00000,0.00000,0.00000,0.00000,0.00000,0.00000,0.00000,0.00000,0.00000,0.00000,0.61354,0.00488
0.00000,0.00000,0.00000,0.00000,0.00000,0.14090,0.02102,0.06206,0.00852,0.05887,0.00000,0.00000,0.00000,0.00000,0.00000,0.67080,0.03783
0.02306,0.03209,0.04229,0.02514,0.06394,0.00000,0.00000,0.00000,0.00000,0.00000,0.00000,0.00000,0.00000,0.00000,0.00000,0.78335,0.03012
0.00000,0.00000,0.00000,0.00000,0.00000,0.22812,0.08592,0.00728,0.00001,0.18665,0.00000,0.00000,0.00000,0.00000,0.00000,0.32394,0.16807
0.21578,0.07000,0.02073,0.00000,0.17164,0.00000,0.00000,0.00000,0.00000,0.00000,0.00000,0.00000,0.00000,0.00000,0.00000,0.38774,0.13411
0.06549,0.06395,0.05507,0.00000,0.30662,0.00000,0.00000,0.00000,0.00000,0.00000,0.00000,0.00000,0.00000,0.00000,0.00000,0.49137,0.01750
0.00000,0.00000,0.00000,0.00000,0.00000,0.01295,0.38685,0.06258,0.00007,0.09785,0.00000,0.00000,0.00000,0.00000,0.00000,0.43890,0.00080
0.00000,0.00000,0.00000,0.00000,0.00000,0.00000,0.00000,0.00000,0.00000,0.00000,0.10277,0.03992,0.12636,0.00001,0.08722,0.57050,0.07321
0.00000,0.00000,0.00000,0.00000,0.00000,0.25638,0.01326,0.06994,0.00008,0.21215,0.00000,0.00000,0.00000,0.00000,0.00000,0.44423,0.00396
0.00000,0.00000,0.00000,0.00000,0.00000,0.03509,0.13743,0.02005,0.00110,0.17366,0.00000,0.00000,0.00000,0.00000,0.00000,0.62497,0.00770
0.00000,0.00000,0.00000,0.00000,0.00000,0.15687,0.07170,0.10168,0.00675,0.22977,0.00000,0.00000,0.00000,0.00000,0.00000,0.38919,0.04403
0.02953,0.00926,0.00352,0.00193,0.21043,0.00000,0.00000,0.00000,0.00000,0.00000,0.00000,0.00000,0.00000,0.00000,0.00000,0.62044,0.12489
0.09604,0.06728,0.17696,0.01695,0.00353,0.00000,0.00000,0.00000,0.00000,0.00000,0.00000,0.00000,0.00000,0.00000,0.00000,0.49270,0.14654
0.00000,0.00000,0.00000,0.00000,0.00000,0.00000,0.00000,0.00000,0.00000,0.00000,0.19419,0.03586,0.00774,0.02023,0.12556,0.60963,0.00679
0.00000,0.00000,0.00000,0.00000,0.00000,0.00000,0.00000,0.00000,0.00000,0.00000,0.05076,0.00205,0.00742,0.00000,0.15813,0.78061,0.00103
0.00000,0.00000,0.00000,0.00000,0.00000,0.14526,0.00777,0.07837,0.00023,0.03471,0.00000,0.00000,0.00000,0.00000,0.00000,0.72498,0.00869
0.00000,0.00000,0.00000,0.00000,0.00000,0.00000,0.00000,0.00000,0.00000,0.00000,0.02432,0.00546,0.09353,0.00000,0.09742,0.69754,0.08173
0.01399,0.11229,0.03614,0.02047,0.34923,0.00000,0.00000,0.00000,0.00000,0.00000,0.00000,0.00000,0.00000,0.00000,0.00000,0.45604,0.01184
0.00000,0.00000,0.00000,0.00000,0.00000,0.00000,0.00000,0.00000,0.00000,0.00000,0.18369,0.05055,0.07290,0.00000,0.31361,0.33039,0.04885
0.00000,0.00000,0.00000,0.00000,0.00000,0.00000,0.00000,0.00000,0.00000,0.00000,0.06886,0.00762,0.06621,0.00022,0.09311,0.71858,0.04541
0.00000,0.00000,0.00000,0.00000,0.00000,0.05412,0.00192,0.53079,0.00543,0.00462,0.00000,0.00000,0.00000,0.00000,0.00000,0.39431,0.00880
0.04229,0.01255,0.04630,0.00019,0.09738,0.00000,0.00000,0.00000,0.00000,0.00000,0.00000,0.00000,0.00000,0.00000,0.00000,0.69170,0.10957
