0.04510,0.04421,0.03398,0.04452,0.02950,0.02878,0.02625,0.03633,0.03800,0.03605,0.02902,0.06489,0.03512,0.04408,0.03099,0.03026,0.03926,0.03973,0.16302,0.16092
0.03983,0.04114,0.02770,0.03867,0.03882,0.03852,0.04519,0.05095,0.04386,0.04316,0.04246,0.03784,0.05690,0.03738,0.06088,0.06187,0.04616,0.04479,0.10351,0.10038
0.03817,0.03851,0.03964,0.02885,0.02676,0.02680,0.02592,0.05242,0.02725,0.02763,0.02006,0.04184,0.02289,0.04053,0.03596,0.03530,0.03206,0.03169,0.20597,0.20175
0.03835,0.03809,0.02886,0.07912,0.03155,0.03268,0.03170,0.04145,0.04069,0.04046,0.03944,0.04130,0.03237,0.03633,0.04065,0.03875,0.06532,0.06511,0.12084,0.11693
0.05114,0.05363,0.03023,0.03035,0.03415,0.03321,0.03794,0.03842,0.03610,0.03676,0.02676,0.03843,0.03344,0.03179,0.03910,0.03907,0.04547,0.04643,0.16192,0.15568
0.06288,0.06245,0.06481,0.02758,0.04347,0.04368,0.04420,0.03777,0.03331,0.03453,0.03587,0.04757,0.05970,0.03567,0.03882,0.04026,0.03881,0.03799,0.10525,0.10537
0.05155,0.05293,0.05772,0.03232,0.03322,0.03434,0.04376,0.05480,0.03757,0.03715,0.02692,0.04373,0.02843,0.04128,0.04217,0.04209,0.04366,0.04397,0.12635,0.12603
0.03942,0.03969,0.02566,0.07575,0.03068,0.03142,0.03268,0.03978,0.03792,0.03775,0.02836,0.04577,0.03074,0.03178,0.03851,0.03846,0.04882,0.04909,0.14456,0.15316
0.04172,0.04311,0.03909,0.03705,0.03415,0.03400,0.04477,0.05326,0.03676,0.03597,0.02767,0.05620,0.03320,0.03452,0.05529,0.05567,0.03918,0.03884,0.13025,0.12930
0.03494,0.03467,0.02946,0.02263,0.02188,0.02216,0.03561,0.03070,0.02831,0.02820,0.01706,0.03082,0.02262,0.02419,0.03634,0.03613,0.02512,0.02528,0.25160,0.24229
0.04695,0.04898,0.04648,0.04555,0.03190,0.03218,0.02812,0.04372,0.03548,0.03574,0.02538,0.04460,0.02818,0.03319,0.03630,0.03701,0.04470,0.04536,0.15244,0.15776
0.05309,0.05435,0.02137,0.02454,0.02187,0.02206,0.02588,0.03110,0.02711,0.02721,0.01781,0.05336,0.02527,0.02153,0.03153,0.03283,0.03039,0.02967,0.22312,0.22590
0.04427,0.04486,0.03353,0.03086,0.03588,0.03649,0.03486,0.07970,0.03639,0.03753,0.02878,0.03912,0.02781,0.03935,0.03632,0.03736,0.04710,0.04767,0.14376,0.13837
0.04741,0.04695,0.03531,0.03333,0.04241,0.04166,0.03995,0.05684,0.03281,0.03264,0.02850,0.03626,0.03084,0.04087,0.05009,0.05040,0.04282,0.04333,0.13346,0.13410
0.04906,0.04979,0.02796,0.03535,0.03937,0.03889,0.04387,0.04418,0.03597,0.03576,0.03022,0.04366,0.02712,0.03452,0.03469,0.03649,0.04259,0.04305,0.15544,0.15203
0.05820,0.05843,0.02991,0.02500,0.02391,0.02456,0.03044,0.03904,0.03163,0.03169,0.02355,0.05489,0.02842,0.03076,0.03141,0.03103,0.02984,0.03089,0.19391,0.19248
0.05150,0.05269,0.02182,0.04557,0.03062,0.03016,0.03867,0.04641,0.03616,0.03538,0.02584,0.05870,0.02293,0.03681,0.03183,0.03205,0.03875,0.03701,0.16138,0.16574
0.04533,0.04628,0.04217,0.03899,0.05109,0.05346,0.03649,0.06663,0.04553,0.04875,0.05356,0.04058,0.03806,0.03575,0.03260,0.03411,0.06184,0.05760,0.08692,0.08427
0.03758,0.03725,0.03731,0.06112,0.03116,0.03124,0.03362,0.03833,0.04514,0.04559,0.03279,0.05331,0.02804,0.03788,0.03576,0.03692,0.06284,0.06232,0.12444,0.12736
0.03638,0.03749,0.03735,0.11085,0.04430,0.04525,0.04547,0.02729,0.03674,0.03711,0.05320,0.03992,0.05412,0.04402,0.04750,0.04952,0.04810,0.04861,0.07888,0.07789
0.06892,0.07380,0.05775,0.03878,0.04270,0.04284,0.03474,0.05823,0.04330,0.04351,0.03299,0.05201,0.04451,0.03369,0.04335,0.04424,0.03988,0.03943,0.08206,0.08328
0.03996,0.03922,0.02808,0.05680,0.04471,0.04278,0.04910,0.04055,0.03656,0.03790,0.03361,0.04821,0.03512,0.02956,0.03834,0.03708,0.04570,0.04542,0.13668,0.13462
0.05504,0.05571,0.04706,0.03067,0.03777,0.03769,0.04794,0.03845,0.03363,0.03393,0.04286,0.03937,0.04207,0.04201,0.05635,0.05668,0.04486,0.04218,0.10698,0.10876
0.03569,0.03564,0.03224,0.05469,0.03672,0.03689,0.04131,0.04099,0.03223,0.03238,0.03944,0.03816,0.02611,0.03662,0.03496,0.03350,0.05386,0.05333,0.15290,0.15233
0.04900,0.04891,0.05884,0.04631,0.04273,0.04162,0.03505,0.04954,0.03422,0.03403,0.02666,0.04550,0.03322,0.03516,0.03832,0.03880,0.04179,0.04260,0.12899,0.12872
0.03749,0.03734,0.02709,0.03122,0.02463,0.02473,0.03642,0.02721,0.02833,0.02820,0.02056,0.04370,0.02164,0.02800,0.02851,0.02834,0.03802,0.03705,0.22524,0.22626
0.03573,0.03619,0.02697,0.03092,0.02867,0.02919,0.03067,0.03354,0.02929,0.02944,0.01969,0.03053,0.02364,0.02593,0.02830,0.02886,0.03389,0.03313,0.23446,0.23096
0.04787,0.04741,0.02970,0.04665,0.03378,0.03378,0.03260,0.05756,0.04383,0.04762,0.02717,0.03975,0.02444,0.04550,0.03356,0.03385,0.06494,0.06608,0.11880,0.12511
0.02557,0.02539,0.02464,0.04497,0.04002,0.03963,0.03666,0.03393,0.03527,0.03575,0.02596,0.03041,0.03145,0.02819,0.02772,0.02883,0.04609,0.04599,0.19401,0.19951
0.04603,0.04615,0.02285,0.11547,0.03394,0.03406,0.03760,0.03164,0.04225,0.04029,0.03543,0.04023,0.03924,0.02605,0.03785,0.03867,0.05817,0.05767,0.10928,0.10712
0.04544,0.04487,0.03213,0.06727,0.03384,0.03402,0.02736,0.05761,0.04050,0.04108,0.02572,0.05891,0.02561,0.04728,0.03259,0.03267,0.04268,0.04530,0.13234,0.13276
0.04828,0.04693,0.04077,0.03264,0.03415,0.03344,0.03932,0.04764,0.03205,0.03248,0.02895,0.03503,0.02804,0.03108,0.04142,0.04137,0.03711,0.03872,0.16731,0.16325
0.03311,0.03315,0.03382,0.03022,0.02963,0.02875,0.05028,0.02825,0.02570,0.02564,0.02006,0.03208,0.02734,0.02215,0.03184,0.03299,0.02977,0.02894,0.23157,0.22468
0.03351,0.03487,0.02357,0.06688,0.02605,0.02508,0.02497,0.04088,0.03208,0.03325,0.02230,0.04352,0.02240,0.02693,0.02992,0.03001,0.03590,0.03587,0.20552,0.20650
0.03968,0.04009,0.02590,0.06628,0.03479,0.03348,0.03189,0.03851,0.04422,0.04557,0.02670,0.04349,0.02289,0.03902,0.03839,0.03808,0.04075,0.04156,0.15427,0.15443
0.04463,0.04428,0.06917,0.02637,0.04800,0.04724,0.03366,0.04926,0.04236,0.04318,0.04051,0.04030,0.04846,0.06095,0.04722,0.04703,0.03941,0.03878,0.09484,0.09434
0.03367,0.03401,0.02255,0.13246,0.03525,0.03556,0.05925,0.05900,0.04094,0.04040,0.04025,0.03302,0.03858,0.03203,0.03768,0.03819,0.05334,0.05356,0.09080,0.08945
0.03829,0.03796,0.02798,0.04368,0.02748,0.02755,0.02587,0.05976,0.03394,0.03270,0.02796,0.03946,0.02731,0.03526,0.02821,0.02785,0.04895,0.04919,0.17783,0.18280
0.04391,0.04270,0.07043,0.03415,0.04461,0.04458,0.03726,0.05175,0.03517,0.03606,0.04193,0.03578,0.05292,0.03799,0.04693,0.04684,0.04899,0.05013,0.09945,0.09842
0.03992,0.04043,0.03755,0.04047,0.03288,0.03317,0.03547,0.05285,0.04757,0.04687,0.02783,0.06070,0.02401,0.05491,0.04310,0.04237,0.04210,0.04035,0.13083,0.12659
0.06771,0.06992,0.04587,0.02503,0.03456,0.03472,0.03291,0.04672,0.02961,0.02975,0.02312,0.06282,0.03340,0.02873,0.04375,0.04358,0.03083,0.03028,0.14431,0.14237
0.05125,0.05037,0.03862,0.05241,0.03932,0.03914,0.03726,0.05832,0.04742,0.04720,0.03691,0.04115,0.03884,0.04916,0.05984,0.06157,0.05596,0.05614,0.06917,0.06995
0.03720,0.03583,0.03908,0.04209,0.03221,0.03179,0.03965,0.03477,0.02722,0.02739,0.02730,0.03598,0.02616,0.02957,0.04750,0.04931,0.03381,0.03179,0.18218,0.18915
0.03446,0.03422,0.03747,0.02810,0.03091,0.03075,0.06220,0.06379,0.03709,0.03693,0.02795,0.04079,0.02396,0.02789,0.03396,0.03338,0.05201,0.05119,0.15845,0.15451
0.04924,0.05029,0.03682,0.03973,0.02826,0.02894,0.02748,0.04000,0.03390,0.03503,0.02437,0.04520,0.02692,0.02738,0.03627,0.03699,0.03522,0.03581,0.18078,0.18134
0.06257,0.06428,0.02980,0.07415,0.03005,0.03032,0.04486,0.03448,0.04445,0.04385,0.03437,0.06768,0.04399,0.03210,0.04753,0.04698,0.03981,0.04002,0.09426,0.09445
0.03877,0.03974,0.02713,0.03294,0.02638,0.02685,0.03835,0.03945,0.04539,0.04360,0.02281,0.06114,0.02521,0.03260,0.03510,0.03592,0.04828,0.04995,0.16326,0.16714
0.03754,0.03673,0.02771,0.02721,0.03169,0.03206,0.03704,0.02250,0.02809,0.02780,0.02481,0.03734,0.03056,0.02596,0.03470,0.03461,0.03024,0.03009,0.22527,0.21804
0.02723,0.02797,0.01962,0.01900,0.02106,0.02148,0.03094,0.03273,0.02084,0.02074,0.01685,0.02495,0.01947,0.02059,0.02360,0.02417,0.02307,0.02232,0.29928,0.28409
0.04237,0.04302,0.02853,0.10748,0.04489,0.04395,0.03310,0.05263,0.04988,0.04911,0.04067,0.04793,0.03058,0.04351,0.04076,0.04210,0.05573,0.05559,0.07416,0.07400
0.04241,0.04289,0.04654,0.04525,0.03822,0.03821,0.06492,0.06005,0.04490,0.04573,0.03116,0.05650,0.02947,0.03567,0.04285,0.04302,0.04085,0.04062,0.10484,0.10589
0.04398,0.04448,0.02737,0.05405,0.03117,0.03114,0.03615,0.03726,0.03522,0.03549,0.02532,0.04813,0.03687,0.03259,0.03261,0.03278,0.04375,0.04253,0.16477,0.16434
0.03801,0.03697,0.02369,0.07387,0.03195,0.03318,0.04298,0.03951,0.03857,0.03919,0.03303,0.03817,0.03328,0.03390,0.02905,0.02971,0.05680,0.05636,0.14583,0.14594
0.01984,0.01955,0.01806,0.01636,0.01840,0.01794,0.02474,0.02030,0.01856,0.01930,0.01307,0.01823,0.01423,0.02189,0.02371,0.02198,0.01902,0.01875,0.33106,0.32500
0.04254,0.04263,0.03801,0.03187,0.04292,0.04355,0.03441,0.04307,0.03680,0.03738,0.03116,0.03061,0.02997,0.04466,0.03458,0.03520,0.04729,0.04664,0.15317,0.15354
0.04536,0.04592,0.03081,0.06418,0.03115,0.03112,0.02905,0.03654,0.03441,0.03516,0.02783,0.04972,0.02987,0.03768,0.03481,0.03503,0.04413,0.04217,0.15679,0.15825
0.04312,0.04314,0.02881,0.04535,0.04521,0.04501,0.04649,0.05378,0.04649,0.04651,0.03710,0.04161,0.03087,0.04686,0.04215,0.04331,0.04591,0.04494,0.11270,0.11065
0.08243,0.08511,0.03744,0.02662,0.02800,0.02815,0.03023,0.04058,0.03340,0.03402,0.02278,0.08064,0.02804,0.04030,0.02875,0.02928,0.03037,0.03081,0.14127,0.14179
0.03749,0.03787,0.02372,0.05697,0.02883,0.02863,0.02668,0.03804,0.03393,0.03448,0.02463,0.03810,0.02301,0.03883,0.03262,0.03223,0.04219,0.04397,0.18689,0.19089
0.04074,0.04092,0.02530,0.03071,0.03180,0.03239,0.04976,0.05223,0.03535,0.03511,0.02215,0.03276,0.02338,0.03202,0.03319,0.03374,0.04541,0.04418,0.17804,0.18081
0.03859,0.03943,0.03671,0.02556,0.03229,0.03139,0.03164,0.04511,0.03042,0.02983,0.02698,0.04623,0.02913,0.03506,0.03661,0.03646,0.03348,0.03279,0.19719,0.18508
0.04510,0.04608,0.03638,0.04663,0.03852,0.03958,0.03773,0.05375,0.05422,0.05539,0.04285,0.05235,0.03587,0.03832,0.03890,0.03932,0.05128,0.05120,0.09845,0.09808
0.04556,0.04732,0.03355,0.08527,0.04863,0.04651,0.03551,0.05527,0.03404,0.03451,0.04089,0.03440,0.03871,0.03827,0.03810,0.03830,0.05343,0.05363,0.09994,0.09817
0.02494,0.02484,0.02490,0.18893,0.03595,0.03606,0.04490,0.02942,0.03995,0.03865,0.04461,0.03625,0.03568,0.03052,0.04684,0.04884,0.05381,0.05258,0.08006,0.08228
0.02928,0.02933,0.02147,0.02314,0.02362,0.02317,0.03739,0.03192,0.03521,0.03525,0.01888,0.04128,0.02103,0.03026,0.02974,0.02957,0.03530,0.03408,0.23833,0.23178
0.03650,0.03564,0.03414,0.03401,0.03432,0.03402,0.03646,0.12775,0.03744,0.03861,0.03172,0.03835,0.02114,0.03938,0.02908,0.02870,0.05386,0.05383,0.12578,0.12927
0.03342,0.03233,0.02644,0.11459,0.03614,0.03576,0.04144,0.04855,0.04468,0.04664,0.03655,0.04796,0.02772,0.04441,0.03887,0.03710,0.05272,0.05114,0.09809,0.10544
0.03189,0.03140,0.02423,0.10558,0.03474,0.03405,0.04946,0.02940,0.03772,0.03749,0.03450,0.07446,0.03333,0.03753,0.03166,0.03315,0.05072,0.04917,0.12172,0.11778
0.04727,0.04950,0.03035,0.02735,0.02652,0.02744,0.03567,0.05026,0.03184,0.03333,0.02167,0.05392,0.02846,0.03087,0.02905,0.02918,0.03477,0.03543,0.18713,0.19000
0.03478,0.03557,0.03383,0.05943,0.03869,0.03843,0.08072,0.04326,0.03411,0.03545,0.03624,0.03334,0.05646,0.03583,0.04062,0.04058,0.04573,0.04530,0.11724,0.11440
0.03723,0.03770,0.03159,0.08383,0.03728,0.03654,0.04683,0.03388,0.04367,0.04229,0.03815,0.04022,0.03445,0.04463,0.03400,0.03580,0.06519,0.06538,0.10612,0.10523
0.05159,0.05191,0.03647,0.04202,0.03169,0.03245,0.03072,0.05606,0.03998,0.03955,0.02840,0.05868,0.02604,0.04742,0.03571,0.03751,0.05035,0.04991,0.12470,0.12886
0.04272,0.04298,0.03440,0.02711,0.02962,0.03069,0.04066,0.04015,0.03373,0.03343,0.02205,0.04465,0.02885,0.03708,0.03443,0.03549,0.03197,0.03109,0.19026,0.18865
0.04039,0.03968,0.07299,0.04422,0.03429,0.03473,0.03646,0.03338,0.04019,0.04027,0.02834,0.06730,0.02886,0.04361,0.03444,0.03447,0.05294,0.05043,0.12296,0.12005
0.06208,0.06644,0.03502,0.05028,0.03490,0.03533,0.04259,0.04073,0.05201,0.05126,0.03281,0.05863,0.04311,0.04243,0.03346,0.03399,0.04998,0.05127,0.09221,0.09145
0.02642,0.02608,0.02503,0.05207,0.02725,0.02699,0.03743,0.02429,0.03010,0.02938,0.02155,0.02997,0.02539,0.03198,0.03209,0.03192,0.03705,0.03732,0.22401,0.22370
0.03502,0.03528,0.02144,0.03201,0.02333,0.02380,0.02990,0.04120,0.03159,0.03204,0.01872,0.03886,0.01708,0.04720,0.03057,0.03106,0.02983,0.02953,0.22608,0.22547
0.03615,0.03728,0.03697,0.05386,0.03718,0.03720,0.03298,0.04212,0.03409,0.03513,0.02600,0.04146,0.03151,0.03709,0.03383,0.03299,0.04884,0.04968,0.15555,0.16009
0.04590,0.04792,0.03249,0.02163,0.02577,0.02556,0.03215,0.03915,0.03180,0.03119,0.02176,0.04569,0.02688,0.03346,0.02910,0.02967,0.02890,0.02860,0.20981,0.21256
0.03921,0.03926,0.03097,0.07036,0.02988,0.02994,0.03320,0.02962,0.03674,0.03662,0.02811,0.03696,0.03014,0.03647,0.04221,0.04294,0.04183,0.04303,0.16372,0.15880
0.03574,0.03652,0.03461,0.04937,0.03722,0.03627,0.04360,0.03402,0.04366,0.04493,0.02752,0.03838,0.03229,0.05856,0.03152,0.03199,0.04946,0.05087,0.14264,0.14081
0.03806,0.03740,0.03049,0.03555,0.03761,0.03855,0.03413,0.06784,0.03868,0.03899,0.03389,0.03523,0.03115,0.03257,0.03813,0.03855,0.04913,0.04896,0.14713,0.14798
0.03436,0.03515,0.02883,0.06990,0.02682,0.02604,0.03712,0.03742,0.07905,0.08235,0.03503,0.06385,0.02742,0.03724,0.03456,0.03464,0.04747,0.04943,0.10613,0.10720
0.04961,0.04931,0.04550,0.03655,0.03465,0.03530,0.03771,0.04704,0.03631,0.03575,0.02938,0.05266,0.03114,0.03373,0.04112,0.04093,0.05689,0.05815,0.12519,0.12308
0.03763,0.03566,0.02389,0.04234,0.02543,0.02593,0.03863,0.03622,0.03342,0.03276,0.02342,0.10838,0.02709,0.03131,0.03562,0.03495,0.03720,0.03585,0.16846,0.16582
0.04152,0.04171,0.02500,0.10507,0.03762,0.03806,0.05083,0.04537,0.04411,0.04346,0.03759,0.04565,0.04323,0.04478,0.03721,0.03731,0.05874,0.05643,0.08186,0.08443
0.04644,0.04589,0.03362,0.09770,0.03668,0.03731,0.03773,0.05596,0.04872,0.04860,0.03643,0.04322,0.03218,0.03802,0.03933,0.03912,0.04881,0.05149,0.09108,0.09168
0.04356,0.04391,0.02995,0.03514,0.03144,0.03269,0.03493,0.05588,0.04082,0.04179,0.03134,0.05475,0.03748,0.03667,0.03389,0.03424,0.05104,0.04914,0.14197,0.13936
0.03453,0.03463,0.02520,0.07777,0.03252,0.03272,0.03613,0.04657,0.05627,0.05694,0.03171,0.05553,0.03208,0.03255,0.03804,0.03886,0.05204,0.05209,0.11811,0.11571
0.05812,0.05950,0.02844,0.03715,0.02932,0.02949,0.03770,0.03932,0.03997,0.04190,0.02528,0.09963,0.03198,0.03386,0.03162,0.03130,0.04093,0.03969,0.13076,0.13404
0.04179,0.04083,0.04190,0.03701,0.04430,0.04491,0.03488,0.04023,0.03563,0.03636,0.02712,0.04469,0.02417,0.06285,0.04033,0.03983,0.03714,0.03791,0.14512,0.14300
0.03724,0.03799,0.03140,0.03217,0.02896,0.02912,0.02339,0.07558,0.02666,0.02719,0.02185,0.02777,0.02364,0.03293,0.03018,0.02932,0.04423,0.04456,0.19957,0.19624
0.02512,0.02544,0.02296,0.03822,0.03132,0.03113,0.03974,0.03072,0.02752,0.02716,0.02581,0.02595,0.03103,0.02992,0.03354,0.03284,0.04070,0.03990,0.22310,0.21789
0.03622,0.03449,0.03281,0.02120,0.02855,0.02817,0.03436,0.04447,0.02855,0.02946,0.02190,0.04074,0.02217,0.03563,0.03340,0.03330,0.02759,0.02705,0.22424,0.21570
0.04171,0.04347,0.05074,0.04181,0.04292,0.04349,0.04004,0.04903,0.04088,0.04149,0.03584,0.05013,0.04075,0.04120,0.03851,0.03849,0.05712,0.05597,0.10374,0.10267
0.03776,0.03874,0.04786,0.02891,0.02841,0.02824,0.03340,0.04592,0.03661,0.03606,0.02064,0.05096,0.02306,0.04295,0.02980,0.03037,0.03840,0.03741,0.18653,0.17795
0.03504,0.03639,0.03809,0.03275,0.03173,0.03111,0.02999,0.05191,0.04224,0.04212,0.02675,0.03815,0.02257,0.03707,0.03942,0.04077,0.05296,0.05285,0.15788,0.16019
0.03362,0.03437,0.02783,0.04091,0.03034,0.03152,0.03782,0.04141,0.03325,0.03312,0.02581,0.03938,0.02741,0.03546,0.02931,0.02950,0.05082,0.04955,0.18885,0.17972
0.03601,0.03577,0.03552,0.05013,0.03499,0.03581,0.04077,0.03205,0.03948,0.03847,0.03979,0.05975,0.03926,0.04809,0.04352,0.04270,0.04262,0.04242,0.13054,0.13230
0.04303,0.04416,0.04677,0.08304,0.03631,0.03537,0.04810,0.03724,0.04899,0.04958,0.03723,0.06110,0.02972,0.04428,0.04046,0.03983,0.04854,0.04905,0.08916,0.08803
