0.38695,0.32030,0.13265,0.16010
0.48412,0.35379,0.06567,0.09643
0.39328,0.27962,0.14537,0.18173
0.44618,0.41346,0.06039,0.07997
0.43837,0.28562,0.12601,0.15001
0.35763,0.29962,0.15364,0.18911
0.43542,0.39416,0.07353,0.09688
0.42494,0.34535,0.10589,0.12383
0.17929,0.35598,0.22386,0.24087
0.44534,0.36422,0.08457,0.10587
0.41218,0.31134,0.12582,0.15065
0.26068,0.33404,0.18963,0.21565
0.35728,0.28411,0.16028,0.19834
0.46371,0.26626,0.11701,0.15302
0.34873,0.36748,0.12871,0.15508
0.29671,0.28034,0.19468,0.22827
0.42795,0.36068,0.09441,0.11696
0.43167,0.34757,0.09593,0.12483
0.40043,0.37148,0.10146,0.12663
0.41253,0.34024,0.11394,0.13329
0.35328,0.31376,0.14803,0.18493
0.45565,0.25443,0.13100,0.15892
0.34269,0.29091,0.16589,0.20052
0.39374,0.32784,0.12257,0.15585
0.40061,0.34353,0.11598,0.13988
0.42906,0.37147,0.09086,0.10861
0.38900,0.31264,0.13128,0.16708
0.40938,0.34617,0.10482,0.13964
0.38472,0.37310,0.10764,0.13454
0.44088,0.37992,0.07881,0.10039
0.37662,0.30264,0.14931,0.17142
0.44705,0.33984,0.09425,0.11886
0.36842,0.29630,0.15751,0.17777
0.39463,0.33326,0.12568,0.14643
0.43483,0.37802,0.08558,0.10156
0.39911,0.33632,0.11952,0.14506
0.43508,0.36021,0.08761,0.11711
0.40684,0.30964,0.12619,0.15733
0.45112,0.36779,0.07640,0.10469
0.21052,0.42550,0.16934,0.19463
0.39461,0.32961,0.12108,0.15471
0.48174,0.38679,0.05591,0.07557
0.29220,0.25712,0.20196,0.24871
0.42778,0.35226,0.09713,0.12284
0.27250,0.41746,0.14144,0.16861
0.39297,0.36494,0.10574,0.13635
0.41695,0.33589,0.11229,0.13487
0.41719,0.34182,0.11200,0.12899
0.42496,0.32930,0.10903,0.13671
0.44125,0.35454,0.08966,0.11455
0.44142,0.35842,0.08778,0.11239
0.46938,0.21142,0.13783,0.18136
0.40633,0.34670,0.11387,0.13309
0.52244,0.32628,0.06755,0.08372
0.67886,0.18377,0.05884,0.07853
0.46220,0.38084,0.07291,0.08406
0.44845,0.33236,0.09467,0.12451
0.47684,0.37121,0.06475,0.08719
0.53813,0.19773,0.11769,0.14645
0.33031,0.31468,0.16343,0.19159
0.41720,0.34691,0.10552,0.13036
0.47056,0.35371,0.08129,0.09444
0.28336,0.33055,0.18041,0.20568
0.48160,0.37973,0.06105,0.07762
0.51677,0.35771,0.05526,0.07025
0.43037,0.35086,0.09800,0.12077
0.25897,0.24738,0.22324,0.27042
0.48601,0.44214,0.03016,0.04169
0.44529,0.36305,0.08674,0.10493
0.51472,0.25222,0.10663,0.12643
0.40007,0.37759,0.09729,0.12505
0.36311,0.28943,0.16039,0.18707
0.37668,0.31065,0.13962,0.17305
0.53584,0.33953,0.05453,0.07010
0.30188,0.29749,0.17727,0.22336
0.56358,0.15959,0.13136,0.14547
0.27992,0.22156,0.23108,0.26744
0.32122,0.26167,0.17730,0.23982
0.50675,0.34501,0.06615,0.08209
0.68553,0.16787,0.06502,0.08159
0.44335,0.36516,0.08927,0.10221
0.37760,0.32076,0.13642,0.16522
0.39997,0.32840,0.12517,0.14647
0.44240,0.35807,0.09042,0.10912
0.40960,0.36767,0.09765,0.12509
0.45835,0.35953,0.08279,0.09933
0.29514,0.27626,0.19610,0.23250
0.43675,0.35895,0.09136,0.11294
0.41181,0.33875,0.11530,0.13415
0.41396,0.34171,0.10733,0.13700
0.25671,0.22342,0.24878,0.27109
0.46625,0.26317,0.12036,0.15022
0.40172,0.30376,0.14356,0.15096
0.31989,0.28161,0.17741,0.22109
0.38945,0.39106,0.09901,0.12048
0.48416,0.35487,0.06978,0.09119
0.43017,0.28233,0.13054,0.15695
0.35466,0.29920,0.15484,0.19130
0.40291,0.34263,0.11199,0.14246
0.27910,0.27847,0.20188,0.24055
0.43769,0.36438,0.08852,0.10941
0.36479,0.42342,0.10061,0.11117
0.41457,0.32621,0.11328,0.14595
0.36659,0.30044,0.15400,0.17897
0.44750,0.35163,0.08947,0.11140
0.50388,0.34117,0.06766,0.08728
0.38039,0.32216,0.12861,0.16884
0.30340,0.25037,0.19461,0.25162
0.45352,0.34187,0.09234,0.11227
0.44747,0.37921,0.07543,0.09788
0.35999,0.30886,0.14716,0.18399
0.45116,0.36537,0.08096,0.10252
0.50362,0.24112,0.11314,0.14212
0.35417,0.27670,0.16554,0.20359
0.43238,0.23024,0.15404,0.18334
0.32644,0.27355,0.18274,0.21727
0.34039,0.30055,0.17081,0.18824
0.41883,0.33544,0.10883,0.13690
0.38939,0.27317,0.15306,0.18437
0.28715,0.23212,0.22781,0.25292
0.43289,0.30696,0.11519,0.14497
0.40724,0.32704,0.11630,0.14943
0.37494,0.29568,0.14627,0.18311
0.48878,0.26149,0.11135,0.13838
0.29395,0.26174,0.19741,0.24690
0.60026,0.25260,0.06852,0.07863
0.28164,0.46219,0.11203,0.14414
0.51290,0.36804,0.05273,0.06634
0.40283,0.36357,0.10033,0.13326
0.41270,0.35600,0.10356,0.12774
0.38525,0.34326,0.11923,0.15226
0.34759,0.28835,0.16359,0.20046
0.43497,0.32618,0.10379,0.13505
0.31807,0.26031,0.19160,0.23002
0.37304,0.36848,0.11398,0.14450
0.39164,0.34481,0.11887,0.14468
0.38536,0.30692,0.14017,0.16755
0.37627,0.31938,0.14202,0.16233
0.49048,0.36521,0.06021,0.08410
0.39749,0.32735,0.12362,0.15154
0.34809,0.31230,0.14973,0.18989
0.23528,0.22683,0.24737,0.29051
0.31936,0.47889,0.09129,0.11047
0.33809,0.28638,0.17933,0.19621
0.27579,0.39013,0.15872,0.17536
0.41883,0.33808,0.10999,0.13310
0.58434,0.17675,0.10950,0.12941
0.42326,0.33627,0.10686,0.13361
0.47971,0.35432,0.07223,0.09374
0.50114,0.32677,0.07626,0.09582
0.43738,0.38111,0.07978,0.10173
0.36120,0.32402,0.14208,0.17271
0.39614,0.31759,0.13682,0.14945
0.35225,0.28561,0.16457,0.19758
0.43398,0.36031,0.09033,0.11538
0.42675,0.35572,0.10031,0.11722
0.41419,0.32964,0.11459,0.14159
0.32286,0.43804,0.10268,0.13642
0.39636,0.31636,0.12583,0.16145
0.42448,0.34188,0.10703,0.12661
0.27750,0.41198,0.13929,0.17123
0.40166,0.32787,0.12166,0.14882
0.39943,0.31164,0.12538,0.16355
0.33033,0.30954,0.17444,0.18569
0.40321,0.38336,0.09359,0.11984
0.26433,0.47088,0.11330,0.15148
0.22643,0.56352,0.09180,0.11825
0.33654,0.29606,0.15389,0.21351
0.31240,0.34673,0.15394,0.18693
0.37274,0.41725,0.08858,0.12142
0.42358,0.34072,0.10256,0.13314
0.45813,0.31526,0.10433,0.12228
0.24126,0.45772,0.13549,0.16553
0.33873,0.38113,0.12169,0.15845
0.34743,0.28954,0.16594,0.19709
0.35027,0.30968,0.15259,0.18745
0.39217,0.43796,0.07334,0.09653
0.60811,0.15868,0.10193,0.13128
0.27181,0.26641,0.21080,0.25099
0.41608,0.35756,0.10154,0.12482
0.43737,0.36672,0.08902,0.10689
0.45110,0.33258,0.09756,0.11876
0.32473,0.26115,0.19295,0.22117
0.34320,0.30194,0.15781,0.19704
0.46032,0.28403,0.11387,0.14178
0.42276,0.34752,0.10328,0.12644
0.38370,0.36400,0.11819,0.13411
0.39422,0.33225,0.12212,0.15140
0.32996,0.37339,0.13643,0.16023
0.41789,0.33774,0.10845,0.13591
0.48653,0.34387,0.07571,0.09390
0.42752,0.36010,0.09533,0.11705
0.35256,0.38271,0.11611,0.14861
0.35359,0.32063,0.14810,0.17769
0.51716,0.33988,0.06181,0.08115
0.37270,0.30602,0.13699,0.18430
0.46715,0.36230,0.07459,0.09596
0.40613,0.34051,0.11391,0.13945
0.35772,0.38381,0.11542,0.14305
0.43167,0.38631,0.07983,0.10219
0.34582,0.30754,0.14981,0.19683
0.23869,0.36473,0.18498,0.21160
0.44793,0.40031,0.06574,0.08602
0.34712,0.26924,0.18032,0.20333
0.34657,0.33638,0.14122,0.17583
0.45411,0.38168,0.07220,0.09202
0.36316,0.30094,0.15790,0.17799
0.36627,0.34841,0.12752,0.15780
0.29655,0.33692,0.16085,0.20568
0.35266,0.28411,0.16161,0.20161
0.42817,0.33649,0.10453,0.13080
0.31854,0.26700,0.18904,0.22542
0.42698,0.34314,0.10304,0.12684
0.35558,0.29225,0.15737,0.19480
0.30531,0.27870,0.19366,0.22232
0.36292,0.28973,0.15887,0.18848
0.41852,0.40563,0.08028,0.09557
0.45481,0.34806,0.08561,0.11152
0.39982,0.32349,0.12151,0.15517
0.42164,0.36176,0.09459,0.12201
0.24858,0.53253,0.09974,0.11914
0.33928,0.36265,0.13682,0.16125
0.42769,0.34566,0.10390,0.12276
0.35793,0.45796,0.08120,0.10291
0.42139,0.36542,0.09443,0.11875
0.42770,0.35125,0.09957,0.12147
0.42001,0.33454,0.11218,0.13327
0.27881,0.28300,0.20830,0.22989
0.47472,0.33852,0.08419,0.10257
0.42191,0.34305,0.10507,0.12998
0.32661,0.19283,0.22719,0.25337
0.47137,0.37490,0.06441,0.08932
0.38813,0.35865,0.11420,0.13903
0.43167,0.30668,0.12235,0.13930
0.38263,0.33201,0.13411,0.15125
0.36359,0.31876,0.14259,0.17505
0.48228,0.22924,0.13244,0.15603
0.45976,0.37899,0.07020,0.09104
0.28430,0.23637,0.22178,0.25755
0.46255,0.34200,0.08940,0.10605
0.43474,0.36268,0.09073,0.11185
0.44820,0.32424,0.10132,0.12624
0.48451,0.35901,0.06866,0.08782
0.43232,0.28097,0.13461,0.15210
0.37908,0.37918,0.10504,0.13670
0.39990,0.35080,0.11713,0.13216
0.25898,0.46620,0.12689,0.14793
0.59441,0.21150,0.08771,0.10638
0.37020,0.29861,0.14501,0.18618
0.43457,0.37073,0.08679,0.10791
0.42474,0.32202,0.10971,0.14353
0.48679,0.33546,0.07879,0.09895
0.38036,0.32375,0.13066,0.16523
0.42219,0.38040,0.08480,0.11261
0.35183,0.29381,0.16377,0.19060
0.32222,0.27225,0.18374,0.22180
0.46634,0.28674,0.11098,0.13593
0.32896,0.29926,0.16807,0.20371
0.40843,0.39519,0.08532,0.11106
0.44690,0.33494,0.09681,0.12134
0.41145,0.37693,0.08956,0.12206
0.46178,0.35368,0.08115,0.10339
0.29638,0.22195,0.22286,0.25881
0.42809,0.37428,0.08401,0.11362
0.47241,0.35353,0.07271,0.10134
0.33721,0.42225,0.10558,0.13495
0.45163,0.32122,0.09815,0.12900
0.41811,0.31741,0.11526,0.14922
0.51894,0.17715,0.13919,0.16471
0.41126,0.29866,0.12673,0.16336
0.39455,0.36032,0.11162,0.13351
0.42834,0.34540,0.10298,0.12329
0.34249,0.27681,0.16579,0.21491
0.38565,0.28959,0.15617,0.16859
0.39731,0.33034,0.12159,0.15076
0.48847,0.19567,0.14607,0.16979
0.39592,0.26914,0.14469,0.19025
0.32777,0.33225,0.15044,0.18954
0.34804,0.31302,0.15276,0.18618
0.30141,0.22879,0.21428,0.25552
0.37413,0.31605,0.13878,0.17104
0.35976,0.40841,0.10029,0.13154
0.50582,0.38021,0.04912,0.06484
0.41963,0.35268,0.10272,0.12497
0.40396,0.32463,0.12228,0.14912
0.44070,0.35872,0.08954,0.11103
0.38130,0.32296,0.13575,0.15999
0.40311,0.32278,0.11742,0.15669
0.36628,0.28312,0.16291,0.18769
0.38876,0.33842,0.12282,0.15000
0.41687,0.34513,0.10465,0.13335
0.38093,0.31174,0.13352,0.17380
0.41889,0.34740,0.10590,0.12781
0.70582,0.13705,0.06947,0.08766
0.57498,0.20817,0.09656,0.12029
0.53191,0.24868,0.10358,0.11584
0.39512,0.32259,0.12453,0.15777
0.45291,0.29271,0.11322,0.14116
0.49482,0.31843,0.08484,0.10191
0.30854,0.36343,0.15376,0.17427
