0.11380,0.13462,0.05555,0.69603
0.10955,0.32369,0.01385,0.55290
0.00280,0.77506,0.00267,0.21946
0.03502,0.26827,0.00311,0.69360
0.01795,0.08911,0.00715,0.88579
0.16947,0.13979,0.05413,0.63661
0.05567,0.05900,0.00425,0.88109
0.08760,0.00652,0.00111,0.90476
0.00549,0.11281,0.00279,0.87891
0.00648,0.00570,0.00127,0.98655
0.04621,0.02298,0.00389,0.92692
0.18480,0.04120,0.07004,0.70396
0.01307,0.09061,0.11029,0.78604
0.35493,0.25967,0.00483,0.38058
0.03656,0.01355,0.31776,0.63213
0.06497,0.09570,0.00207,0.83726
0.59638,0.03369,0.04736,0.32257
0.11255,0.25390,0.03691,0.59663
0.18274,0.12345,0.00401,0.68980
0.04451,0.16058,0.00466,0.79024
0.02747,0.01682,0.03419,0.92152
0.10901,0.17306,0.12410,0.59383
0.10965,0.04035,0.00166,0.84834
0.08765,0.34181,0.10214,0.46840
0.23668,0.11379,0.07235,0.57717
0.10659,0.04905,0.14935,0.69501
0.07537,0.03317,0.11020,0.78126
0.16372,0.09153,0.00398,0.74076
0.02362,0.13469,0.00989,0.83179
0.39119,0.01388,0.00831,0.58663
0.57505,0.10845,0.00372,0.31278
0.09431,0.03922,0.05029,0.81618
0.00496,0.08964,0.13720,0.76820
0.08651,0.14217,0.01698,0.75434
0.04066,0.00975,0.00146,0.94813
0.25503,0.02589,0.31793,0.40115
0.08749,0.52524,0.00663,0.38064
0.15840,0.40209,0.00483,0.43467
0.11390,0.02177,0.11157,0.75276
0.24376,0.04644,0.00231,0.70749
0.03142,0.19666,0.00822,0.76371
0.48844,0.00598,0.03270,0.47287
0.17413,0.04559,0.00510,0.77517
0.07581,0.00935,0.26448,0.65035
0.04921,0.09034,0.00289,0.85756
0.05626,0.06498,0.10686,0.77189
0.25780,0.01970,0.19837,0.52414
0.43071,0.07668,0.08659,0.40602
0.00295,0.00415,0.18184,0.81106
0.15973,0.05338,0.01104,0.77584
0.04511,0.07436,0.01907,0.86146
0.02946,0.15494,0.00240,0.81321
0.06070,0.14415,0.01000,0.78515
0.14287,0.40838,0.00616,0.44259
0.00362,0.00371,0.12701,0.86567
0.00550,0.00338,0.00088,0.99024
0.08724,0.47618,0.10802,0.32856
0.04298,0.03697,0.02777,0.89227
0.07166,0.04244,0.00886,0.87704
0.34699,0.08450,0.00241,0.56611
0.00545,0.05598,0.12712,0.81144
0.01236,0.25956,0.00610,0.72198
0.00555,0.17214,0.00205,0.82026
0.01709,0.10653,0.01325,0.86313
0.00834,0.00631,0.00144,0.98391
0.06044,0.02293,0.13578,0.78085
0.07268,0.05918,0.17834,0.68980
0.03680,0.37006,0.00462,0.58852
0.09466,0.01687,0.12047,0.76801
0.02682,0.03415,0.02079,0.91824
0.28331,0.01244,0.00200,0.70225
0.07798,0.10598,0.03395,0.78209
0.26310,0.04909,0.00559,0.68222
0.14384,0.07797,0.40727,0.37092
0.16763,0.04526,0.14910,0.63801
0.06308,0.09760,0.07886,0.76046
0.05873,0.05307,0.00303,0.88517
0.74816,0.01513,0.00368,0.23303
0.29472,0.02259,0.00610,0.67659
0.18129,0.04210,0.10615,0.67045
0.04077,0.03008,0.05632,0.87282
0.17698,0.21500,0.02245,0.58557
0.02690,0.02608,0.00190,0.94513
0.10909,0.05088,0.00435,0.83568
0.01911,0.21809,0.02212,0.74067
0.03503,0.31217,0.00499,0.64781
0.03235,0.35927,0.00969,0.59869
0.03723,0.17716,0.05005,0.73556
0.15383,0.02638,0.00437,0.81543
0.02162,0.12936,0.00245,0.84658
0.34448,0.16527,0.00780,0.48245
0.04577,0.16986,0.00621,0.77815
0.09146,0.13066,0.01686,0.76102
0.50154,0.01840,0.00824,0.47182
0.11504,0.47735,0.04992,0.35769
0.01803,0.03100,0.00368,0.94729
0.01316,0.03587,0.00126,0.94971
0.06157,0.12975,0.00266,0.80601
0.11984,0.04488,0.01385,0.82143
0.02445,0.04355,0.00530,0.92670
