0.04839,0.21499,0.00927,0.72735
0.03547,0.04115,0.01407,0.90931
0.13051,0.20982,0.00702,0.65264
0.14473,0.29070,0.12781,0.43676
0.04990,0.40004,0.01743,0.53264
0.25856,0.11067,0.14190,0.48887
0.26566,0.08831,0.12550,0.52053
0.06024,0.01147,0.00316,0.92512
0.09636,0.07276,0.12806,0.70282
0.02716,0.07595,0.00672,0.89017
0.02146,0.28650,0.03624,0.65580
0.33877,0.02395,0.25517,0.38210
0.06715,0.04801,0.14394,0.74090
0.03148,0.01528,0.21886,0.73437
0.10524,0.20359,0.04841,0.64276
0.08460,0.20199,0.08017,0.63324
0.02652,0.09566,0.00909,0.86873
0.34295,0.07542,0.07323,0.50839
0.10201,0.03787,0.07460,0.78552
0.16444,0.20771,0.02005,0.60781
0.14340,0.16108,0.00931,0.68620
0.27037,0.05427,0.09159,0.58377
0.00727,0.19634,0.16891,0.62748
0.40523,0.13017,0.00945,0.45516
0.03969,0.11021,0.02893,0.82116
0.12454,0.00744,0.33712,0.53090
0.74169,0.02912,0.00894,0.22025
0.15253,0.20793,0.05072,0.58882
0.01091,0.31407,0.02126,0.65376
0.03264,0.06306,0.10012,0.80417
0.54124,0.07049,0.00481,0.38346
0.28730,0.10876,0.01149,0.59246
0.02701,0.09077,0.08688,0.79534
0.66643,0.01468,0.06486,0.25402
0.12184,0.55069,0.00716,0.32031
0.01294,0.22042,0.01008,0.75656
0.17399,0.16062,0.09550,0.56988
0.40729,0.08876,0.14498,0.35898
0.10069,0.08673,0.01729,0.79529
0.18091,0.00851,0.28795,0.52263
0.02008,0.13606,0.02123,0.82263
0.01116,0.80325,0.00385,0.18174
0.04374,0.48288,0.01804,0.45534
0.00688,0.00748,0.37525,0.61038
0.03520,0.17703,0.16043,0.62734
0.01288,0.21054,0.02105,0.75553
0.03848,0.01555,0.01252,0.93345
0.08827,0.04102,0.05279,0.81792
0.06519,0.07782,0.03720,0.81980
0.64283,0.07749,0.00933,0.27036
0.48123,0.03104,0.12864,0.35909
0.01030,0.16003,0.00292,0.82675
0.05248,0.00757,0.39833,0.54162
0.03413,0.31950,0.02371,0.62266
0.07181,0.09192,0.16316,0.67311
0.01939,0.03517,0.00246,0.94298
0.00515,0.22417,0.01350,0.75719
0.49936,0.05180,0.13127,0.31758
0.59475,0.08886,0.00438,0.31200
0.00785,0.24484,0.06746,0.67984
0.05047,0.04247,0.03532,0.87174
0.00674,0.10131,0.00855,0.88340
0.06977,0.11196,0.02624,0.79203
0.00581,0.06884,0.00466,0.92069
0.04753,0.00625,0.00756,0.93866
0.63408,0.07577,0.00512,0.28503
0.01501,0.14305,0.03591,0.80603
0.14120,0.09964,0.07825,0.68091
0.00932,0.08435,0.02368,0.88265
0.03924,0.10660,0.03763,0.81653
0.15521,0.10335,0.00915,0.73229
0.24385,0.12728,0.04868,0.58019
0.05733,0.32782,0.06127,0.55359
0.05070,0.18630,0.01751,0.74549
0.00938,0.29925,0.01203,0.67935
0.01549,0.02714,0.00609,0.95128
0.01250,0.30919,0.04333,0.63497
0.41140,0.00582,0.19928,0.38350
0.03978,0.33302,0.01980,0.60740
0.10537,0.16663,0.00757,0.72042
0.00739,0.13606,0.00441,0.85215
0.01622,0.00879,0.01377,0.96121
0.02874,0.15959,0.03204,0.77964
0.01331,0.17177,0.00563,0.80928
0.12183,0.21067,0.03878,0.62872
0.47139,0.15905,0.01237,0.35719
0.02384,0.08068,0.01262,0.88286
0.01846,0.18580,0.01677,0.77897
0.08739,0.16403,0.24722,0.50136
0.02252,0.26369,0.00508,0.70871
0.21642,0.01068,0.01663,0.75627
0.09862,0.29743,0.09056,0.51339
0.02912,0.17890,0.04959,0.74240
0.21717,0.17335,0.06762,0.54186
0.79147,0.03567,0.00647,0.16638
0.24873,0.05734,0.06368,0.63024
0.13383,0.01815,0.34065,0.50737
0.01921,0.09718,0.00288,0.88073
0.02261,0.01623,0.01812,0.94304
0.12348,0.00555,0.08010,0.79087
0.03889,0.16619,0.07861,0.71630
0.00925,0.13768,0.05552,0.79755
0.02013,0.08231,0.12726,0.77031
0.87787,0.03247,0.00261,0.08706
0.01736,0.18033,0.01571,0.78660
0.26586,0.11132,0.00709,0.61573
0.65992,0.05753,0.06104,0.22151
0.01324,0.02355,0.38125,0.58196
0.06036,0.05802,0.22102,0.66060
0.09127,0.25613,0.05358,0.59902
0.10092,0.06107,0.20504,0.63296
0.01124,0.32871,0.02196,0.63808
0.00343,0.16382,0.00799,0.82477
0.00536,0.76009,0.00493,0.22962
0.02383,0.27331,0.02060,0.68226
0.00791,0.09582,0.00890,0.88736
0.13305,0.06956,0.25389,0.54350
0.12619,0.24456,0.04797,0.58128
0.03606,0.27349,0.06756,0.62288
0.05376,0.12281,0.06858,0.75485
0.12786,0.24847,0.02327,0.60040
0.01039,0.14625,0.01470,0.82865
0.28745,0.14104,0.02027,0.55125
0.54321,0.02645,0.06217,0.36817
0.04080,0.22634,0.02287,0.70999
0.02315,0.08622,0.01398,0.87665
0.12616,0.32993,0.01168,0.53224
0.02850,0.32261,0.01283,0.63607
0.02556,0.03682,0.03835,0.89927
0.03784,0.28761,0.08997,0.58458
0.08582,0.14445,0.03264,0.73709
0.17720,0.02779,0.00543,0.78958
0.46742,0.19735,0.00420,0.33102
0.20235,0.30542,0.00750,0.48473
0.12108,0.08766,0.07629,0.71497
0.01921,0.04568,0.06257,0.87254
0.01106,0.04711,0.20525,0.73659
0.11930,0.08328,0.18271,0.61471
0.07650,0.13357,0.00684,0.78310
0.32327,0.28035,0.00560,0.39078
0.13519,0.07879,0.11811,0.66791
0.41016,0.06845,0.02868,0.49272
0.35402,0.04221,0.05931,0.54446
0.18345,0.35159,0.01789,0.44707
0.51666,0.00765,0.03782,0.43787
0.20885,0.16460,0.01717,0.60937
0.24082,0.28993,0.02716,0.44209
0.60272,0.01148,0.00846,0.37734
0.05542,0.15323,0.01517,0.77618
0.00200,0.00483,0.00142,0.99175
0.09536,0.22774,0.05932,0.61758
0.02976,0.17258,0.08601,0.71166
0.04527,0.29773,0.10514,0.55186
0.01327,0.27106,0.01773,0.69794
0.67507,0.04041,0.07137,0.21316
0.06356,0.16720,0.04346,0.72578
0.02768,0.10525,0.07770,0.78937
0.02202,0.17142,0.01465,0.79190
0.01140,0.11651,0.01323,0.85887
0.12552,0.01868,0.00596,0.84984
0.02851,0.20293,0.10206,0.66650
0.02730,0.03877,0.04524,0.88868
0.03534,0.12904,0.09961,0.73601
0.03399,0.10636,0.02102,0.83862
0.07656,0.07472,0.15322,0.69551
0.02221,0.06388,0.23032,0.68359
0.20671,0.31850,0.01038,0.46441
0.08564,0.05444,0.11700,0.74293
0.07406,0.01255,0.41448,0.49891
0.02813,0.20004,0.06279,0.70904
0.32045,0.03543,0.12291,0.52121
0.25833,0.08344,0.20442,0.45381
0.02477,0.06381,0.08953,0.82189
0.19949,0.02160,0.01391,0.76499
0.03841,0.07883,0.23070,0.65206
0.08632,0.12225,0.01687,0.77455
0.04191,0.29898,0.04964,0.60947
0.03322,0.36315,0.04500,0.55863
0.02088,0.37810,0.00670,0.59433
0.45328,0.14344,0.07814,0.32513
0.71505,0.01352,0.07205,0.19937
0.06498,0.07679,0.00594,0.85229
0.08843,0.19216,0.17805,0.54136
0.30371,0.10523,0.03573,0.55534
0.01814,0.21042,0.25436,0.51708
0.02542,0.13093,0.05411,0.78954
0.03588,0.08496,0.19929,0.67988
0.77623,0.01518,0.01648,0.19211
0.02775,0.13992,0.06130,0.77102
0.21097,0.01811,0.00540,0.76552
0.07873,0.30463,0.11716,0.49948
0.35690,0.10972,0.00517,0.52821
0.04219,0.05347,0.24730,0.65704
0.38526,0.19268,0.00711,0.41495
0.06367,0.01896,0.29554,0.62184
0.02860,0.09922,0.24697,0.62521
0.19820,0.01255,0.00455,0.78470
0.02096,0.11150,0.04721,0.82032
0.05430,0.11644,0.17363,0.65563
0.19507,0.08111,0.01931,0.70451
0.01030,0.42636,0.00937,0.55397
0.04070,0.07767,0.13438,0.74726
0.03239,0.23868,0.02057,0.70837
0.08176,0.08560,0.23971,0.59292
0.01020,0.10101,0.06181,0.82698
0.05452,0.01747,0.33477,0.59325
0.02355,0.00823,0.27524,0.69298
0.01219,0.21212,0.10839,0.66730
0.03403,0.19815,0.01350,0.75432
0.15647,0.20526,0.02130,0.61696
0.62052,0.03725,0.01059,0.33163
0.01514,0.36858,0.01350,0.60279
0.30045,0.15840,0.01218,0.52897
0.06276,0.01094,0.00251,0.92379
0.02526,0.07935,0.02419,0.87120
0.12202,0.08464,0.02787,0.76546
0.53546,0.02006,0.01608,0.42839
0.72529,0.02965,0.00987,0.23519
0.10971,0.02772,0.23374,0.62883
0.08880,0.37324,0.00584,0.53211
0.23420,0.10495,0.06710,0.59375
0.01931,0.04074,0.22847,0.71148
0.01175,0.01882,0.04175,0.92769
0.05148,0.11839,0.01582,0.81432
0.08875,0.16751,0.19264,0.55111
0.04604,0.36345,0.00643,0.58409
0.05366,0.01889,0.17828,0.74918
0.75598,0.01392,0.01965,0.21045
0.00622,0.34816,0.00338,0.64223
0.01244,0.39510,0.00967,0.58279
0.12069,0.21266,0.00378,0.66286
0.04718,0.04980,0.03625,0.86677
0.08995,0.17414,0.02836,0.70755
0.55850,0.03457,0.00725,0.39968
0.18952,0.04441,0.00287,0.76320
0.08701,0.24340,0.16300,0.50659
0.09597,0.05957,0.01840,0.82606
0.09903,0.09320,0.00360,0.80417
0.06222,0.06755,0.22253,0.64770
0.06799,0.05534,0.01774,0.85892
0.07372,0.19495,0.01381,0.71751
0.11514,0.26968,0.00817,0.60700
0.03137,0.67588,0.00457,0.28817
0.13736,0.02035,0.24938,0.59292
0.11672,0.29149,0.03154,0.56025
0.01892,0.10653,0.17629,0.69826
0.08612,0.23629,0.02807,0.64952
0.03097,0.00963,0.23287,0.72652
0.07844,0.04746,0.18408,0.69002
0.23214,0.19263,0.01676,0.55847
0.09453,0.02766,0.07445,0.80335
0.58901,0.04336,0.06684,0.30080
0.00360,0.01577,0.40264,0.57799
0.13004,0.13509,0.02626,0.70861
0.08975,0.13770,0.03323,0.73932
0.06717,0.21434,0.02938,0.68911
0.37035,0.02008,0.04623,0.56333
0.07084,0.20812,0.19087,0.53017
0.22210,0.19165,0.00373,0.58252
0.50708,0.00902,0.14739,0.33652
0.03960,0.42562,0.00315,0.53163
0.03320,0.24032,0.03371,0.69277
0.00448,0.16837,0.02887,0.79828
0.02171,0.10514,0.12699,0.74615
0.10019,0.24979,0.01714,0.63289
0.18538,0.09378,0.15878,0.56206
0.24382,0.23751,0.01059,0.50807
0.00616,0.15615,0.01270,0.82499
0.01685,0.10162,0.04629,0.83524
0.00475,0.74492,0.00531,0.24502
0.09165,0.01466,0.12005,0.77363
0.00363,0.03314,0.00240,0.96083
0.04688,0.05267,0.02137,0.87908
0.41723,0.06092,0.02894,0.49291
0.38151,0.02048,0.01468,0.58334
0.00489,0.11532,0.07553,0.80426
0.37978,0.08539,0.03303,0.50180
0.04585,0.21957,0.17909,0.55550
0.17663,0.16546,0.02206,0.63585
0.17197,0.20994,0.18747,0.43062
0.02669,0.07583,0.18028,0.71721
0.11493,0.39260,0.07874,0.41373
0.11871,0.33849,0.03067,0.51214
0.12051,0.11485,0.12411,0.64053
0.01353,0.00840,0.00400,0.97407
0.11216,0.30450,0.01033,0.57301
0.10720,0.05514,0.06536,0.77230
0.01110,0.01881,0.00715,0.96294
0.14359,0.10604,0.08003,0.67034
0.00738,0.25456,0.00336,0.73470
0.01140,0.10355,0.06927,0.81579
0.34581,0.25101,0.02536,0.37783
0.03723,0.03363,0.00675,0.92239
0.01266,0.08575,0.19038,0.71121
0.01735,0.01395,0.39560,0.57311
0.03904,0.04228,0.22661,0.69207
0.00835,0.38194,0.00688,0.60283
0.02980,0.06009,0.24303,0.66708
0.37058,0.20369,0.02096,0.40477
0.01551,0.01970,0.00192,0.96287
