0.01507,0.01105,0.01636,0.01672,0.01793,0.01511,0.01572,0.01867,0.02238,0.27549,0.33492,0.03836,0.03019,0.01725,0.01361,0.04608,0.01434,0.02610,0.01375,0.04090
0.02840,0.02686,0.02682,0.03296,0.03022,0.02482,0.02499,0.02943,0.04660,0.51503,0.00814,0.01979,0.03814,0.03257,0.03621,0.01806,0.01500,0.01360,0.01445,0.01791
0.01585,0.01473,0.01669,0.01843,0.01452,0.01384,0.01431,0.01337,0.01963,0.69817,0.01431,0.01523,0.04911,0.01072,0.01122,0.01498,0.01449,0.00810,0.00906,0.01322
0.03449,0.03363,0.03234,0.03811,0.05038,0.03540,0.04102,0.03989,0.06344,0.19909,0.04520,0.13634,0.02653,0.05842,0.03286,0.06395,0.02219,0.01555,0.01883,0.01235
0.05399,0.03668,0.02037,0.02517,0.01881,0.01639,0.01688,0.02442,0.03212,0.27923,0.00662,0.06984,0.02776,0.08099,0.09290,0.06040,0.03364,0.03225,0.01851,0.05303
0.02181,0.01461,0.02482,0.01842,0.02347,0.01688,0.01933,0.01875,0.02744,0.45449,0.04724,0.02181,0.02165,0.05059,0.10197,0.01928,0.01960,0.03749,0.01423,0.02613
0.03190,0.03055,0.04462,0.03561,0.05951,0.05349,0.04157,0.02638,0.05888,0.36460,0.03758,0.02457,0.02770,0.02692,0.02210,0.02557,0.02335,0.01390,0.02788,0.02331
0.01868,0.01274,0.01076,0.02175,0.01378,0.01422,0.01334,0.01740,0.02405,0.72142,0.01667,0.01468,0.01651,0.01613,0.01504,0.01282,0.00805,0.00800,0.01030,0.01364
0.02914,0.02924,0.01988,0.02451,0.02143,0.03145,0.02105,0.03600,0.00923,0.46801,0.00562,0.01726,0.01131,0.07479,0.03927,0.01673,0.02420,0.02948,0.01698,0.07443
0.04592,0.02693,0.03151,0.03549,0.04002,0.02831,0.03955,0.02607,0.04705,0.14709,0.01090,0.06641,0.13303,0.05231,0.04800,0.06479,0.03498,0.04097,0.02966,0.05101
0.02149,0.01922,0.01879,0.02188,0.02138,0.02042,0.02303,0.01934,0.02435,0.17000,0.01627,0.03559,0.01008,0.13246,0.34598,0.03077,0.01629,0.01665,0.01495,0.02108
0.01753,0.01157,0.01471,0.02170,0.01794,0.01231,0.01496,0.01202,0.03248,0.40174,0.05874,0.01555,0.18871,0.05256,0.04640,0.01268,0.01435,0.01634,0.02233,0.01538
0.01502,0.02130,0.02643,0.02935,0.03835,0.02721,0.02371,0.01892,0.03394,0.09942,0.01116,0.03096,0.06670,0.02374,0.39368,0.05767,0.02109,0.01895,0.01020,0.03221
0.03755,0.01976,0.04143,0.01944,0.02482,0.02124,0.02189,0.01837,0.05027,0.34792,0.02907,0.09453,0.01815,0.04495,0.04734,0.06593,0.02377,0.02352,0.01756,0.03247
0.03912,0.02399,0.04670,0.05239,0.03108,0.03684,0.04240,0.03647,0.05519,0.39447,0.02462,0.03110,0.02718,0.01945,0.01834,0.02919,0.01989,0.02563,0.01979,0.02616
0.02235,0.02023,0.01991,0.02287,0.01807,0.02403,0.02578,0.01761,0.04640,0.44462,0.00722,0.09784,0.04423,0.02871,0.02497,0.06537,0.02893,0.01036,0.01804,0.01247
0.03823,0.02524,0.03069,0.03217,0.03817,0.02996,0.03280,0.02830,0.05151,0.20191,0.01281,0.17229,0.04491,0.03038,0.03834,0.08370,0.05128,0.01715,0.02589,0.01426
0.05913,0.03402,0.04001,0.04422,0.04894,0.05065,0.04998,0.03795,0.08009,0.16044,0.02018,0.04870,0.04357,0.06553,0.04127,0.04385,0.03634,0.03386,0.02674,0.03453
0.01642,0.01605,0.02713,0.02026,0.02968,0.02839,0.02168,0.02163,0.04825,0.35731,0.02294,0.05971,0.01995,0.04619,0.02770,0.07443,0.02524,0.02931,0.02927,0.07846
0.01777,0.01964,0.01753,0.02529,0.02786,0.02779,0.02045,0.01210,0.03957,0.34744,0.00920,0.12155,0.10643,0.03021,0.02622,0.07461,0.02423,0.01436,0.01691,0.02084
0.02052,0.01614,0.01730,0.02337,0.01956,0.01648,0.02117,0.01971,0.03737,0.23386,0.09779,0.19393,0.01144,0.03564,0.02634,0.13160,0.01712,0.02122,0.01810,0.02133
0.04163,0.02963,0.02857,0.03974,0.02346,0.02752,0.03312,0.02779,0.03883,0.15784,0.03337,0.05308,0.01372,0.20094,0.11338,0.03676,0.02025,0.02344,0.02594,0.03100
0.03988,0.03325,0.04966,0.05110,0.04276,0.03543,0.04017,0.04435,0.07323,0.14866,0.02394,0.08135,0.10475,0.02711,0.01540,0.08818,0.02450,0.01335,0.04066,0.02227
0.00783,0.00832,0.00840,0.00966,0.01219,0.00846,0.00834,0.00826,0.01358,0.41350,0.17458,0.02638,0.19853,0.01216,0.00924,0.03413,0.00738,0.01422,0.00678,0.01804
0.03066,0.01743,0.02232,0.02813,0.02773,0.02018,0.03186,0.02408,0.03096,0.50262,0.05911,0.02135,0.04171,0.02654,0.02957,0.02149,0.01301,0.01587,0.01514,0.02024
0.03785,0.02807,0.03234,0.04306,0.06502,0.03087,0.03818,0.03290,0.04051,0.15340,0.03388,0.07812,0.10533,0.02975,0.01993,0.09293,0.02972,0.02428,0.03263,0.05125
0.03461,0.02495,0.02136,0.02683,0.03454,0.01920,0.03816,0.02474,0.03986,0.31653,0.04485,0.04161,0.02451,0.07713,0.05915,0.03623,0.03567,0.04995,0.02702,0.02309
0.04873,0.02726,0.02821,0.03464,0.05499,0.03130,0.03178,0.06257,0.08378,0.31444,0.02835,0.02668,0.05153,0.02345,0.01770,0.02672,0.01957,0.01880,0.02411,0.04539
0.04510,0.02975,0.04466,0.04126,0.04353,0.03509,0.04648,0.04676,0.04751,0.15441,0.04502,0.03675,0.05430,0.07377,0.02107,0.03485,0.04309,0.08514,0.02528,0.04618
0.03659,0.03059,0.04034,0.03419,0.03382,0.04763,0.02494,0.02311,0.05509,0.29048,0.03782,0.03493,0.10272,0.02550,0.02260,0.03246,0.02830,0.03476,0.01620,0.04791
0.02292,0.02828,0.02481,0.01979,0.02019,0.02073,0.04607,0.01815,0.02868,0.45718,0.00778,0.06413,0.05266,0.01622,0.01892,0.07937,0.01535,0.01405,0.01418,0.03054
0.03719,0.03474,0.02733,0.02357,0.02687,0.02256,0.02844,0.03210,0.03638,0.12994,0.03103,0.05621,0.26334,0.03844,0.04777,0.05359,0.02107,0.04416,0.01044,0.03482
0.03671,0.02601,0.02495,0.02507,0.03205,0.03172,0.03226,0.02791,0.03506,0.14560,0.01252,0.20230,0.01535,0.05095,0.01880,0.10951,0.05002,0.01822,0.08003,0.02496
0.04833,0.04789,0.02082,0.03154,0.03042,0.02798,0.02901,0.02763,0.03998,0.33761,0.00609,0.07091,0.01507,0.07350,0.03551,0.04444,0.03167,0.02550,0.02383,0.03228
0.02974,0.03910,0.03390,0.03644,0.02417,0.02438,0.02905,0.01995,0.03409,0.39905,0.01018,0.06960,0.04127,0.02064,0.02195,0.09165,0.01606,0.02267,0.01067,0.02544
0.02322,0.01838,0.01725,0.03582,0.02755,0.01762,0.02254,0.01879,0.02882,0.27949,0.00529,0.09140,0.05030,0.12362,0.04206,0.06219,0.03962,0.04027,0.01709,0.03868
0.03402,0.02392,0.02989,0.02562,0.03219,0.02296,0.02636,0.02753,0.04989,0.20642,0.03523,0.05694,0.02194,0.07203,0.02453,0.04239,0.05911,0.05647,0.06413,0.08844
0.02852,0.02052,0.02773,0.02847,0.04528,0.03357,0.05140,0.02977,0.04381,0.43423,0.02035,0.04901,0.02837,0.02869,0.02737,0.04333,0.01264,0.01957,0.01255,0.01483
0.02087,0.01657,0.02692,0.02635,0.03112,0.02980,0.02085,0.02274,0.04232,0.41266,0.02495,0.03607,0.01126,0.07166,0.10050,0.02653,0.01977,0.01950,0.01755,0.02200
0.02726,0.02278,0.02171,0.02417,0.02744,0.01761,0.02431,0.02054,0.02998,0.09784,0.01551,0.10147,0.24804,0.02349,0.02434,0.18921,0.01977,0.01640,0.01807,0.03006
0.05020,0.02866,0.04489,0.04820,0.04432,0.05320,0.03179,0.04378,0.05559,0.16123,0.01335,0.06730,0.02493,0.02515,0.03187,0.08620,0.01980,0.03791,0.01210,0.11953
0.03544,0.03021,0.01520,0.02881,0.02934,0.03038,0.02089,0.02064,0.01444,0.60072,0.00631,0.01566,0.00611,0.03702,0.02426,0.01439,0.02247,0.01023,0.01428,0.02320
0.03102,0.02303,0.01820,0.02222,0.02920,0.02334,0.01936,0.01710,0.01151,0.20511,0.01211,0.03839,0.28106,0.04854,0.06019,0.04005,0.01478,0.02170,0.02332,0.05977
0.01447,0.01112,0.01464,0.01490,0.01478,0.01082,0.01431,0.01201,0.01877,0.18430,0.00994,0.10646,0.11713,0.02104,0.01706,0.30986,0.01681,0.02865,0.01032,0.05262
0.01759,0.01177,0.01240,0.01466,0.01584,0.01497,0.01371,0.01411,0.02275,0.14276,0.01128,0.05183,0.00928,0.39305,0.15713,0.04226,0.01772,0.01423,0.00926,0.01340
0.01619,0.01351,0.01159,0.01602,0.01228,0.01467,0.01492,0.01707,0.02576,0.32257,0.04037,0.22770,0.01809,0.01381,0.01039,0.18029,0.01205,0.00937,0.01153,0.01181
0.03405,0.03107,0.02839,0.03233,0.03480,0.03031,0.03569,0.02761,0.03135,0.14814,0.01295,0.09393,0.04418,0.03743,0.02329,0.12057,0.04341,0.05732,0.02544,0.10774
0.02775,0.02506,0.02567,0.02062,0.02471,0.02442,0.02684,0.02399,0.03016,0.15240,0.03602,0.04562,0.28796,0.04024,0.06935,0.04716,0.02610,0.01663,0.02396,0.02534
0.01510,0.01541,0.01577,0.01701,0.01477,0.01469,0.01422,0.01775,0.02153,0.43509,0.00818,0.06368,0.01935,0.07954,0.09011,0.06891,0.01286,0.02008,0.00988,0.04607
0.05053,0.05166,0.04254,0.03804,0.04032,0.06179,0.05769,0.04478,0.04194,0.14393,0.03225,0.02722,0.01774,0.15772,0.06370,0.02065,0.03815,0.01907,0.03227,0.01798
0.04451,0.02067,0.01562,0.03223,0.03352,0.04084,0.02402,0.01757,0.00916,0.38833,0.02097,0.04222,0.00963,0.09336,0.06046,0.03779,0.04391,0.02425,0.01979,0.02115
0.01532,0.01315,0.01870,0.02883,0.02052,0.01969,0.02551,0.02199,0.03172,0.44757,0.05910,0.07702,0.03305,0.01584,0.01223,0.10023,0.01613,0.01252,0.01537,0.01549
0.01017,0.00957,0.01014,0.01129,0.01305,0.01489,0.01084,0.00850,0.01848,0.58642,0.00823,0.02020,0.20266,0.01076,0.00799,0.01762,0.00831,0.00728,0.01364,0.00998
0.02531,0.02806,0.02653,0.04446,0.03932,0.04488,0.03195,0.01879,0.04511,0.38108,0.06534,0.02908,0.02163,0.02843,0.02444,0.02380,0.02127,0.02021,0.04029,0.04003
0.02158,0.01516,0.01558,0.01849,0.02366,0.02009,0.01733,0.01511,0.03027,0.45655,0.01113,0.03523,0.17230,0.02524,0.01350,0.02629,0.02054,0.02017,0.02011,0.02168
0.01726,0.01835,0.01643,0.02166,0.01657,0.01670,0.01793,0.01431,0.02388,0.58989,0.00796,0.06171,0.00996,0.02793,0.01823,0.06696,0.01115,0.01098,0.01068,0.02149
0.15523,0.05664,0.02284,0.03810,0.02782,0.02639,0.02894,0.02578,0.05841,0.19290,0.00974,0.09398,0.03705,0.05685,0.02783,0.05488,0.02612,0.02048,0.01921,0.02082
0.04131,0.03841,0.05169,0.03633,0.04933,0.04624,0.04120,0.05212,0.05384,0.14771,0.05727,0.02285,0.16648,0.02234,0.01637,0.02022,0.07118,0.01614,0.02912,0.01987
0.01976,0.01865,0.01945,0.02009,0.02891,0.01754,0.02275,0.02119,0.02808,0.43672,0.02391,0.06584,0.04519,0.03152,0.02169,0.08282,0.01906,0.03328,0.01531,0.02823
0.03783,0.02081,0.02754,0.04415,0.05093,0.03111,0.03141,0.03627,0.03205,0.29693,0.01192,0.08683,0.02671,0.04888,0.02203,0.05998,0.04791,0.02770,0.02682,0.03219
0.01877,0.02316,0.03044,0.03513,0.03797,0.02680,0.06463,0.01785,0.04899,0.45400,0.02201,0.01223,0.00948,0.03375,0.09466,0.01494,0.01360,0.01183,0.01053,0.01922
0.01806,0.01254,0.01712,0.01789,0.01962,0.01630,0.01927,0.01677,0.02674,0.14394,0.01018,0.06853,0.26209,0.07387,0.03910,0.06415,0.06271,0.06459,0.01581,0.03071
0.03868,0.03191,0.02317,0.02656,0.04521,0.10055,0.02736,0.03391,0.04124,0.29466,0.02284,0.07959,0.05921,0.01589,0.01049,0.08304,0.01533,0.01498,0.01629,0.01909
0.02028,0.01741,0.01598,0.02009,0.01821,0.01529,0.02155,0.01509,0.02931,0.44459,0.01534,0.09443,0.01324,0.04068,0.02532,0.10864,0.02611,0.01460,0.01920,0.02466
0.01362,0.01638,0.01304,0.01228,0.01956,0.01382,0.01388,0.02246,0.02186,0.49802,0.00689,0.07724,0.01901,0.03572,0.06514,0.08422,0.01380,0.01495,0.01322,0.02490
0.02290,0.02291,0.01694,0.02317,0.02741,0.01872,0.01947,0.02363,0.02943,0.50973,0.12259,0.02159,0.01939,0.02039,0.01380,0.02233,0.01693,0.01642,0.01542,0.01682
0.04201,0.04096,0.01985,0.03010,0.03927,0.04741,0.03197,0.03701,0.05181,0.39867,0.05336,0.03887,0.03304,0.01499,0.01681,0.03572,0.02053,0.01384,0.01658,0.01719
0.01813,0.01713,0.03109,0.02520,0.07611,0.02159,0.01988,0.02410,0.03106,0.32594,0.02856,0.04189,0.02438,0.04455,0.03181,0.04402,0.02664,0.06337,0.01737,0.08720
0.02071,0.01856,0.01901,0.02284,0.02521,0.01761,0.02372,0.01912,0.03087,0.19327,0.01501,0.03718,0.36029,0.03017,0.01909,0.03027,0.03318,0.02567,0.01812,0.04010
0.03750,0.03465,0.03356,0.03570,0.03775,0.02702,0.03157,0.03848,0.04233,0.15247,0.10817,0.07927,0.05506,0.04053,0.03497,0.09827,0.02004,0.03802,0.01563,0.03901
0.02439,0.01596,0.01811,0.02551,0.02548,0.01258,0.01796,0.01447,0.02862,0.20397,0.01089,0.04930,0.07563,0.05337,0.08960,0.05048,0.01516,0.10148,0.01188,0.15518
0.05742,0.02947,0.03430,0.05540,0.04304,0.03405,0.06222,0.05094,0.03458,0.18677,0.10242,0.03847,0.02228,0.03949,0.02653,0.03709,0.03182,0.02436,0.03492,0.05442
0.02792,0.02241,0.02077,0.02549,0.02469,0.01711,0.01866,0.02985,0.03262,0.56735,0.01319,0.02025,0.07627,0.01420,0.01184,0.02056,0.01368,0.01295,0.01008,0.02012
0.04078,0.03540,0.04067,0.03737,0.04286,0.03348,0.03951,0.03770,0.06051,0.23050,0.13998,0.03233,0.01280,0.02714,0.01824,0.02357,0.07559,0.01871,0.03577,0.01708
0.04615,0.03862,0.02225,0.05158,0.03662,0.06513,0.03554,0.03052,0.05276,0.20636,0.04792,0.04328,0.11833,0.03452,0.01489,0.05327,0.02633,0.03130,0.01526,0.02936
0.02425,0.02843,0.02326,0.02770,0.02719,0.02680,0.02340,0.03190,0.04005,0.50690,0.01223,0.04303,0.03557,0.02022,0.02534,0.04357,0.01360,0.01282,0.01354,0.02020
0.04616,0.02583,0.04038,0.03815,0.04631,0.03885,0.04993,0.03312,0.04465,0.15705,0.14343,0.05769,0.05421,0.03518,0.02250,0.04748,0.03397,0.02302,0.03575,0.02633
0.01429,0.01263,0.01617,0.01699,0.01375,0.01475,0.01560,0.01302,0.02059,0.56199,0.02032,0.05787,0.02116,0.04171,0.02480,0.06135,0.01390,0.02230,0.01238,0.02441
0.02545,0.01673,0.01789,0.04129,0.02349,0.02530,0.02353,0.01916,0.03333,0.45894,0.03664,0.02602,0.09824,0.01517,0.01432,0.03012,0.02122,0.03184,0.01387,0.02744
0.08177,0.03402,0.03986,0.04582,0.05063,0.04986,0.04326,0.08421,0.04837,0.14944,0.05663,0.04073,0.04634,0.02573,0.02119,0.04478,0.02776,0.04033,0.01789,0.05139
0.04604,0.02095,0.04841,0.03896,0.05040,0.03149,0.03208,0.03287,0.04243,0.28619,0.02819,0.02375,0.05131,0.04857,0.09809,0.02485,0.01806,0.03974,0.01122,0.02640
0.00993,0.00778,0.00854,0.00801,0.00882,0.00740,0.00991,0.00829,0.01240,0.10910,0.03477,0.05296,0.09658,0.35087,0.01977,0.06987,0.00885,0.13144,0.00847,0.03626
0.03594,0.03021,0.02514,0.03033,0.03436,0.03516,0.03069,0.02498,0.06518,0.45666,0.07877,0.02607,0.02355,0.01336,0.01041,0.02309,0.01856,0.01432,0.01267,0.01054
0.02920,0.03118,0.02446,0.03351,0.03262,0.02516,0.03463,0.02201,0.03744,0.16503,0.01787,0.03013,0.27947,0.02889,0.06974,0.02999,0.03180,0.02928,0.01283,0.03475
0.03785,0.03184,0.02991,0.03754,0.03947,0.02793,0.03031,0.02617,0.02950,0.24619,0.00993,0.07477,0.02799,0.05592,0.01925,0.06873,0.03571,0.03168,0.06007,0.07925
0.05676,0.03264,0.02923,0.04135,0.03663,0.02274,0.03569,0.04604,0.04783,0.25311,0.04063,0.02559,0.02548,0.05334,0.03882,0.02405,0.01861,0.03603,0.03692,0.09853
0.01473,0.01069,0.02926,0.05540,0.03410,0.06938,0.04189,0.03009,0.04268,0.34915,0.02276,0.05128,0.05749,0.03604,0.01925,0.04792,0.02832,0.01740,0.02438,0.01780
0.01355,0.01206,0.01243,0.01648,0.01723,0.01422,0.01702,0.01621,0.02398,0.58668,0.04155,0.02305,0.04465,0.05263,0.02913,0.02130,0.01368,0.01941,0.00836,0.01636
0.03579,0.02859,0.02600,0.03541,0.03305,0.03546,0.02580,0.02916,0.03802,0.23003,0.03133,0.02160,0.29454,0.01800,0.01157,0.01986,0.02046,0.01963,0.01886,0.02682
0.02220,0.01875,0.01888,0.02375,0.02262,0.01245,0.02582,0.01518,0.03148,0.27360,0.04821,0.18152,0.01962,0.03938,0.04933,0.10770,0.02006,0.02978,0.01947,0.02020
0.02479,0.01550,0.02015,0.02537,0.02344,0.02102,0.02106,0.01929,0.03465,0.37641,0.00782,0.03970,0.23784,0.02594,0.01812,0.02937,0.01918,0.00992,0.01872,0.01173
0.03956,0.02909,0.02838,0.03586,0.03448,0.02997,0.03600,0.02421,0.04672,0.17845,0.00988,0.15567,0.03762,0.02983,0.01870,0.15767,0.03336,0.01513,0.03242,0.02699
0.03205,0.02352,0.03695,0.03499,0.02991,0.02609,0.03163,0.02633,0.03036,0.13197,0.02470,0.07324,0.09585,0.12930,0.03162,0.07629,0.03302,0.05602,0.02715,0.04901
0.05424,0.03097,0.02407,0.07510,0.03200,0.04722,0.03108,0.02832,0.05513,0.25928,0.01017,0.06348,0.01019,0.09625,0.04341,0.03436,0.02599,0.01466,0.04021,0.02387
0.04740,0.02921,0.02592,0.03248,0.03359,0.02901,0.02762,0.04466,0.05314,0.39999,0.01942,0.07737,0.04611,0.01269,0.01064,0.06229,0.01329,0.01026,0.01153,0.01338
0.04005,0.02930,0.03295,0.05314,0.04428,0.02925,0.05010,0.02525,0.05628,0.19269,0.04011,0.05933,0.01384,0.11319,0.07618,0.03753,0.03011,0.01790,0.04396,0.01455
0.03711,0.03306,0.02100,0.03602,0.04943,0.03192,0.03632,0.02291,0.03546,0.47953,0.00934,0.03251,0.01979,0.02741,0.01891,0.03682,0.01598,0.01347,0.01439,0.02862
0.01225,0.01169,0.00849,0.01065,0.01373,0.01095,0.01078,0.00909,0.01294,0.79377,0.00784,0.01066,0.02439,0.00942,0.00588,0.01234,0.00567,0.01026,0.00689,0.01231
0.05330,0.03868,0.02720,0.05220,0.04010,0.04038,0.04936,0.02913,0.05624,0.23900,0.00647,0.02795,0.18736,0.03492,0.01955,0.02170,0.02490,0.01377,0.01830,0.01950
0.02183,0.01556,0.01649,0.02188,0.01995,0.01427,0.01720,0.01520,0.02133,0.11130,0.01039,0.21675,0.10859,0.04283,0.02072,0.19971,0.02546,0.05123,0.01286,0.03647
