0.10939,0.11317,0.14956,0.12446,0.23023,0.07583,0.13142,0.03218,0.01240,0.02137
0.15358,0.17910,0.07855,0.09720,0.21380,0.10069,0.10703,0.03049,0.01591,0.02366
0.05833,0.08006,0.13926,0.08032,0.39515,0.09846,0.06509,0.02650,0.02845,0.02839
0.20779,0.09411,0.11280,0.22153,0.13073,0.05956,0.07189,0.05611,0.01961,0.02588
0.08135,0.07975,0.06218,0.06030,0.23942,0.27962,0.09752,0.03244,0.02674,0.04068
0.06942,0.04388,0.07052,0.06935,0.27831,0.29887,0.11809,0.02008,0.01258,0.01890
0.05067,0.09343,0.24455,0.16613,0.13003,0.17132,0.08935,0.02374,0.01236,0.01841
0.10508,0.10657,0.14621,0.20968,0.09241,0.09829,0.17274,0.03629,0.01301,0.01973
0.16829,0.08550,0.10676,0.14744,0.10167,0.11759,0.16450,0.05754,0.02467,0.02602
0.09643,0.07718,0.23785,0.28681,0.09919,0.09574,0.06047,0.01620,0.01404,0.01610
0.10597,0.05889,0.09323,0.11594,0.16841,0.07776,0.20390,0.12687,0.02090,0.02815
0.18208,0.09684,0.12021,0.15619,0.22160,0.07916,0.08232,0.03402,0.01186,0.01573
0.10967,0.14418,0.06519,0.07552,0.14724,0.32160,0.09873,0.01573,0.00943,0.01271
0.07233,0.08140,0.12034,0.13006,0.27078,0.11621,0.07789,0.03950,0.03063,0.06086
0.09004,0.07013,0.17401,0.17020,0.17003,0.08455,0.16118,0.04545,0.01334,0.02107
0.10943,0.12597,0.12525,0.12170,0.28298,0.08194,0.08430,0.03223,0.01319,0.02301
0.06443,0.06562,0.23811,0.18727,0.14877,0.15205,0.10282,0.01881,0.00993,0.01220
0.10026,0.06851,0.10427,0.11511,0.14127,0.19119,0.22891,0.02372,0.01209,0.01467
0.08781,0.04210,0.21440,0.17109,0.11619,0.23234,0.09799,0.01608,0.00951,0.01248
0.11024,0.08484,0.13551,0.13763,0.25643,0.13314,0.06392,0.02431,0.02054,0.03344
0.09037,0.08848,0.13357,0.12710,0.27738,0.15643,0.08580,0.01580,0.01130,0.01377
0.07024,0.08248,0.15939,0.19630,0.10555,0.18828,0.12730,0.03056,0.01774,0.02216
0.08228,0.05058,0.10401,0.08181,0.31556,0.14278,0.17185,0.02601,0.01080,0.01432
0.12708,0.10617,0.13078,0.20557,0.12482,0.17843,0.08882,0.01611,0.00864,0.01358
0.12993,0.04927,0.19223,0.17386,0.16958,0.15770,0.07830,0.01778,0.01314,0.01821
0.06648,0.04903,0.35546,0.22451,0.17396,0.03287,0.04449,0.02761,0.01027,0.01532
0.15730,0.08200,0.15321,0.15999,0.13917,0.07097,0.11221,0.07057,0.02420,0.03037
0.06209,0.05166,0.10637,0.12907,0.06363,0.14198,0.34375,0.05845,0.01893,0.02408
0.06982,0.07140,0.21192,0.16904,0.35146,0.04590,0.04196,0.01688,0.00941,0.01220
0.09066,0.07928,0.09652,0.08383,0.08018,0.15002,0.31189,0.05501,0.02320,0.02942
0.10531,0.09073,0.13560,0.11918,0.19584,0.13984,0.13067,0.03681,0.02387,0.02215
0.06144,0.13662,0.26448,0.08316,0.18777,0.11824,0.11617,0.01501,0.00776,0.00935
0.13891,0.04438,0.08214,0.13010,0.16902,0.18870,0.15982,0.03195,0.02090,0.03409
0.08101,0.05966,0.17466,0.15091,0.22289,0.17321,0.08999,0.02118,0.01206,0.01443
0.15835,0.03288,0.15657,0.42380,0.06159,0.08097,0.05103,0.01407,0.00866,0.01208
0.04814,0.03084,0.55468,0.12812,0.16674,0.02678,0.02318,0.00944,0.00497,0.00711
0.16077,0.06393,0.11204,0.19186,0.14502,0.18545,0.08002,0.02217,0.01573,0.02300
0.13156,0.11907,0.19919,0.18836,0.16700,0.09508,0.04996,0.01612,0.01493,0.01873
0.13700,0.06212,0.13676,0.11542,0.30828,0.07318,0.10131,0.03656,0.01226,0.01713
0.03984,0.04023,0.22419,0.14420,0.04696,0.12596,0.33674,0.02385,0.00771,0.01032
0.17184,0.09948,0.16100,0.18385,0.26265,0.03983,0.03675,0.01800,0.01205,0.01454
0.08459,0.07988,0.14362,0.12211,0.18423,0.11189,0.19034,0.04342,0.01800,0.02192
0.10303,0.10471,0.22912,0.22528,0.09734,0.11499,0.06992,0.02156,0.01461,0.01945
0.07948,0.08560,0.18336,0.15871,0.08943,0.20554,0.12897,0.03072,0.01556,0.02261
0.06697,0.05097,0.12801,0.10299,0.10341,0.20395,0.27491,0.03435,0.01443,0.02001
0.05684,0.03027,0.47566,0.17041,0.11954,0.06224,0.05022,0.01486,0.00825,0.01172
0.10333,0.07979,0.13638,0.10804,0.24214,0.13817,0.12233,0.02960,0.01653,0.02369
0.07465,0.07309,0.20728,0.15806,0.13170,0.09826,0.19828,0.03203,0.01190,0.01474
0.06688,0.07366,0.10989,0.09795,0.34671,0.19661,0.08018,0.01153,0.00699,0.00961
0.14174,0.05777,0.11304,0.15819,0.17394,0.16383,0.15096,0.01753,0.01048,0.01252
0.06003,0.05464,0.16146,0.13478,0.05154,0.14346,0.34568,0.02515,0.01010,0.01316
0.05581,0.07585,0.10484,0.10775,0.09540,0.23445,0.26741,0.02666,0.01327,0.01855
0.15109,0.12335,0.08468,0.09929,0.19887,0.09585,0.19288,0.02745,0.01051,0.01603
0.06315,0.10469,0.29810,0.11366,0.26560,0.03695,0.07024,0.03110,0.00760,0.00891
0.03466,0.02914,0.07286,0.07217,0.06961,0.36753,0.31059,0.02006,0.00827,0.01511
0.08095,0.09212,0.22998,0.17540,0.22659,0.06300,0.08765,0.02235,0.00915,0.01281
0.09314,0.06389,0.16091,0.09904,0.19217,0.09658,0.21243,0.04748,0.01457,0.01980
0.04979,0.04176,0.33020,0.28465,0.10056,0.07252,0.08269,0.01872,0.00715,0.01195
0.07662,0.05783,0.12527,0.09620,0.33034,0.07794,0.17911,0.03038,0.01147,0.01485
0.08261,0.05683,0.16608,0.15643,0.21661,0.14100,0.13449,0.02021,0.01266,0.01309
0.07187,0.07295,0.22879,0.17572,0.13488,0.17550,0.09847,0.01911,0.00997,0.01275
0.08522,0.06996,0.15524,0.17267,0.14733,0.15440,0.15781,0.02493,0.01222,0.02021
0.06193,0.19954,0.28198,0.11485,0.17488,0.06244,0.05477,0.02269,0.01010,0.01682
0.11432,0.14357,0.13754,0.11307,0.11079,0.14576,0.12027,0.03999,0.03034,0.04434
0.11558,0.05563,0.11189,0.11173,0.11700,0.22974,0.18863,0.02923,0.01672,0.02385
0.12505,0.05635,0.22245,0.27657,0.16916,0.05840,0.05539,0.01446,0.00879,0.01338
0.06776,0.19878,0.28104,0.08355,0.15409,0.06619,0.08722,0.02819,0.01599,0.01718
0.10523,0.05157,0.15061,0.20105,0.09949,0.24497,0.09411,0.01827,0.01561,0.01908
0.12871,0.13068,0.07501,0.11417,0.15856,0.21227,0.12631,0.02177,0.01500,0.01753
0.09180,0.07738,0.24810,0.16709,0.22375,0.05587,0.08343,0.02911,0.01024,0.01323
0.08520,0.09596,0.21790,0.17507,0.12000,0.10946,0.15347,0.02068,0.00985,0.01240
0.08519,0.03806,0.08269,0.09557,0.34492,0.13194,0.15949,0.03052,0.01125,0.02038
0.06855,0.07192,0.13311,0.11015,0.11296,0.20541,0.25178,0.02343,0.00964,0.01305
0.07622,0.06517,0.23193,0.13800,0.19649,0.07075,0.10717,0.05719,0.02959,0.02748
0.09088,0.13670,0.09919,0.09345,0.20667,0.15706,0.12233,0.03462,0.02566,0.03343
0.10370,0.10972,0.16335,0.13824,0.11964,0.10158,0.16746,0.05361,0.02105,0.02166
0.24419,0.05532,0.11100,0.21997,0.14034,0.05811,0.07244,0.05522,0.01972,0.02369
0.11521,0.11336,0.13288,0.16764,0.23193,0.12401,0.07270,0.01605,0.01244,0.01377
0.14225,0.13953,0.12130,0.11402,0.16127,0.13788,0.10678,0.03453,0.01931,0.02313
0.29164,0.03684,0.10161,0.07944,0.27263,0.07516,0.09629,0.02088,0.00987,0.01563
0.09092,0.16795,0.22275,0.12408,0.16373,0.11074,0.07824,0.01852,0.00930,0.01377
0.07906,0.08197,0.13037,0.12261,0.22834,0.10828,0.19663,0.02523,0.01276,0.01474
0.11732,0.10368,0.14127,0.14908,0.18791,0.15367,0.08282,0.02367,0.01717,0.02340
0.17148,0.20355,0.05968,0.08320,0.24507,0.07488,0.11239,0.02541,0.01150,0.01284
0.10737,0.12786,0.13992,0.12886,0.25032,0.10253,0.05727,0.03262,0.02175,0.03149
0.07213,0.06006,0.26543,0.14047,0.14695,0.10464,0.11772,0.04300,0.02407,0.02552
0.07791,0.07937,0.08821,0.08096,0.30592,0.16501,0.14120,0.02613,0.01453,0.02075
0.06425,0.06336,0.15599,0.09926,0.14054,0.26635,0.14886,0.02210,0.01407,0.02522
0.08977,0.07815,0.17933,0.13828,0.20924,0.09902,0.12655,0.04013,0.01864,0.02088
0.10338,0.04811,0.27245,0.26764,0.16577,0.03284,0.06102,0.02715,0.00948,0.01216
0.06330,0.11397,0.21157,0.09189,0.23646,0.13736,0.07839,0.02774,0.01697,0.02236
0.17244,0.11019,0.15671,0.16713,0.14346,0.07838,0.06242,0.04322,0.02588,0.04017
0.07846,0.09135,0.12393,0.11683,0.42158,0.06569,0.05908,0.01847,0.00930,0.01531
0.13756,0.06186,0.27926,0.18993,0.14368,0.05995,0.07664,0.02753,0.01100,0.01258
0.07673,0.07455,0.13377,0.11172,0.18124,0.09512,0.25599,0.04519,0.01159,0.01409
0.09689,0.05205,0.31219,0.28032,0.13978,0.04381,0.03851,0.01423,0.01040,0.01181
0.12389,0.06441,0.11376,0.09331,0.25612,0.19010,0.07295,0.02442,0.02337,0.03767
0.09156,0.06076,0.24102,0.21302,0.13088,0.12401,0.08570,0.02066,0.01387,0.01852
0.08068,0.04778,0.26204,0.20426,0.16573,0.05643,0.09257,0.05832,0.01361,0.01859
0.08973,0.10035,0.15853,0.12064,0.20167,0.10088,0.16438,0.03272,0.01242,0.01868
