0.51634,0.10419,0.00000,0.00000,0.00000,0.00000,0.00000,0.00000,0.00000,0.00000,0.00000,0.37947
0.98083,0.00000,0.01682,0.00000,0.00000,0.00234,0.00000,0.00000,0.00000,0.00000,0.00000,0.00000
0.02260,0.00000,0.00000,0.00178,0.00000,0.00000,0.00000,0.00000,0.97562,0.00000,0.00000,0.00000
0.00000,0.99995,0.00002,0.00003,0.00000,0.00000,0.00000,0.00000,0.00000,0.00000,0.00000,0.00000
0.00803,0.74744,0.00000,0.00000,0.00000,0.00000,0.00000,0.00000,0.00000,0.00000,0.00000,0.24452
0.00000,0.00354,0.00015,0.00000,0.00000,0.99632,0.00000,0.00000,0.00000,0.00000,0.00000,0.00000
0.00000,0.00752,0.60629,0.24717,0.00000,0.00000,0.00000,0.00000,0.00018,0.00000,0.00000,0.13885
0.00000,0.00000,0.00000,0.00015,0.00000,0.00972,0.00000,0.00000,0.90524,0.00114,0.00000,0.08374
0.00236,0.55061,0.00001,0.00000,0.00000,0.44702,0.00000,0.00000,0.00000,0.00000,0.00000,0.00000
0.00000,0.00897,0.00000,0.00000,0.00000,0.11904,0.21944,0.00000,0.65110,0.00005,0.00000,0.00141
0.00006,0.00000,0.00014,0.85894,0.00000,0.00000,0.00014,0.00000,0.00000,0.00000,0.00000,0.14073
0.26551,0.03105,0.00000,0.00000,0.00000,0.00000,0.00000,0.00000,0.31077,0.38715,0.00000,0.00552
0.00000,0.99997,0.00000,0.00000,0.00000,0.00000,0.00000,0.00000,0.00003,0.00000,0.00000,0.00000
0.00001,0.00112,0.77983,0.00000,0.00000,0.21770,0.00000,0.00000,0.00000,0.00000,0.00000,0.00135
0.96982,0.00449,0.02535,0.00006,0.00000,0.00027,0.00000,0.00000,0.00001,0.00000,0.00000,0.00000
0.00002,0.00000,0.49990,0.00000,0.00000,0.00000,0.00000,0.00000,0.00089,0.00000,0.00000,0.49918
0.07517,0.56169,0.35836,0.00000,0.00000,0.00000,0.00000,0.00000,0.00149,0.00000,0.00000,0.00329
0.00000,0.00000,0.08590,0.00000,0.00000,0.00002,0.91406,0.00000,0.00000,0.00000,0.00000,0.00002
0.00000,0.64969,0.00000,0.00000,0.00000,0.00010,0.34818,0.00000,0.00204,0.00000,0.00000,0.00000
0.00054,0.00000,0.97338,0.00500,0.00000,0.02104,0.00000,0.00000,0.00000,0.00000,0.00000,0.00004
0.00000,0.02206,0.16965,0.00000,0.00000,0.00000,0.00000,0.00000,0.80829,0.00000,0.00000,0.00000
0.00000,0.83405,0.00051,0.00399,0.00000,0.00000,0.04562,0.00000,0.00129,0.00000,0.00000,0.11454
0.00000,0.00000,0.00000,0.00000,0.00000,0.00000,0.00022,0.00000,0.99822,0.00000,0.00000,0.00156
0.09589,0.00000,0.21810,0.00000,0.00000,0.68046,0.00000,0.00000,0.00554,0.00000,0.00000,0.00000
0.00000,0.00000,0.00011,0.05118,0.00000,0.91079,0.00000,0.00000,0.00929,0.00000,0.00000,0.02863
0.00000,0.00021,0.22493,0.00000,0.00000,0.00000,0.00024,0.00000,0.77459,0.00000,0.00000,0.00003
0.00000,0.01616,0.02076,0.00016,0.00000,0.00000,0.00000,0.00000,0.89751,0.00000,0.00000,0.06542
0.00000,0.68612,0.02649,0.00000,0.00000,0.00000,0.00000,0.00000,0.28610,0.00000,0.00000,0.00129
0.28990,0.02684,0.07556,0.00738,0.00000,0.00129,0.00461,0.00000,0.38405,0.00001,0.00000,0.21035
0.00008,0.28509,0.67033,0.00000,0.00000,0.00048,0.00001,0.00000,0.01297,0.00000,0.00000,0.03103
0.00001,0.92705,0.00000,0.00000,0.00000,0.04613,0.00000,0.00000,0.00000,0.00000,0.00000,0.02681
0.00161,0.01038,0.00216,0.00000,0.00000,0.00005,0.00000,0.00051,0.00000,0.00000,0.00000,0.98529
0.00000,0.00005,0.00000,0.09882,0.00000,0.00000,0.00000,0.00000,0.85071,0.00014,0.00000,0.05028
0.00039,0.00405,0.00000,0.00000,0.00000,0.00349,0.00000,0.05122,0.00000,0.02796,0.00000,0.91290
0.00000,0.00000,0.99893,0.00000,0.00000,0.00006,0.00000,0.00000,0.00000,0.00004,0.00000,0.00097
0.01671,0.00486,0.00000,0.00000,0.00000,0.00000,0.82249,0.00000,0.00000,0.00000,0.00000,0.15595
0.31702,0.67768,0.00000,0.00026,0.00000,0.00480,0.00000,0.00000,0.00000,0.00000,0.00000,0.00023
0.41788,0.00162,0.55207,0.00011,0.00000,0.01598,0.00000,0.00000,0.00003,0.00000,0.00000,0.01230
0.74398,0.01776,0.00000,0.00000,0.00000,0.00000,0.00000,0.00000,0.00000,0.00000,0.00000,0.23826
0.97107,0.00000,0.01086,0.00000,0.00000,0.00000,0.00000,0.00000,0.00000,0.00000,0.00000,0.01807
0.00000,0.00001,0.22811,0.00000,0.00000,0.58813,0.00000,0.00000,0.00000,0.00014,0.00000,0.18361
0.00001,0.99849,0.00030,0.00064,0.00000,0.00000,0.00000,0.00000,0.00000,0.00000,0.00000,0.00056
0.00006,0.00000,0.00020,0.98552,0.00000,0.00000,0.00000,0.00000,0.00000,0.00000,0.00000,0.01422
0.00055,0.99643,0.00157,0.00000,0.00007,0.00106,0.00000,0.00000,0.00000,0.00000,0.00000,0.00032
0.00000,0.24965,0.01047,0.00000,0.40261,0.23451,0.00000,0.00000,0.00579,0.09698,0.00000,0.00000
0.00000,0.00000,0.00002,0.00000,0.00000,0.25122,0.00000,0.00000,0.00000,0.00000,0.00000,0.74876
0.00000,0.87501,0.00884,0.11615,0.00000,0.00000,0.00000,0.00000,0.00000,0.00000,0.00000,0.00000
0.00000,0.01628,0.00850,0.00000,0.00000,0.00000,0.32658,0.00000,0.00000,0.00000,0.00000,0.64865
0.00000,0.03193,0.01492,0.00000,0.00000,0.95305,0.00010,0.00000,0.00000,0.00000,0.00000,0.00000
0.62428,0.31718,0.00000,0.00000,0.00000,0.00000,0.00000,0.00000,0.00000,0.00000,0.00000,0.05853
0.16181,0.00062,0.00012,0.00000,0.00000,0.66172,0.05103,0.00000,0.00005,0.00033,0.00000,0.12433
0.01412,0.92400,0.00000,0.00000,0.00000,0.00000,0.00000,0.00000,0.00000,0.00005,0.00000,0.06183
0.00010,0.82382,0.00263,0.00000,0.00000,0.00000,0.00000,0.00000,0.00000,0.00000,0.00000,0.17346
0.01687,0.00000,0.58883,0.00000,0.00000,0.00000,0.00000,0.00000,0.00000,0.00000,0.00000,0.39429
0.00000,0.20238,0.04389,0.00000,0.00000,0.00045,0.00001,0.00000,0.00000,0.00000,0.00000,0.75327
0.00007,0.00005,0.00000,0.00000,0.00000,0.00000,0.00000,0.00000,0.00296,0.00000,0.00000,0.99692
0.82822,0.00007,0.00000,0.00000,0.00000,0.00000,0.00000,0.00000,0.00000,0.00000,0.00000,0.17171
0.00000,0.03116,0.40139,0.00000,0.00000,0.00005,0.00000,0.00000,0.00000,0.00000,0.00000,0.56740
0.94040,0.04957,0.01000,0.00000,0.00000,0.00000,0.00002,0.00000,0.00000,0.00000,0.00000,0.00001
0.00000,0.00000,0.59638,0.00031,0.00000,0.00001,0.00000,0.00000,0.00000,0.40330,0.00000,0.00000
0.00000,0.00000,0.00000,0.00000,0.00000,0.00030,0.00000,0.00000,0.00000,0.00000,0.00000,0.99970
0.00000,0.88033,0.00004,0.00000,0.00000,0.00000,0.00000,0.00000,0.00000,0.11909,0.00000,0.00054
0.00000,0.03742,0.00000,0.00113,0.00000,0.00000,0.85398,0.00000,0.00000,0.00000,0.00000,0.10747
0.00706,0.00057,0.92292,0.00000,0.00000,0.00048,0.00000,0.00000,0.00002,0.06895,0.00000,0.00000
0.00068,0.58499,0.01914,0.00000,0.00000,0.00013,0.00000,0.00000,0.00000,0.00000,0.00000,0.39506
0.58727,0.00716,0.01786,0.00000,0.00000,0.03505,0.00000,0.00000,0.00000,0.00000,0.00000,0.35266
0.00745,0.23625,0.75500,0.00000,0.00000,0.00002,0.00061,0.00000,0.00001,0.00000,0.00000,0.00066
0.23410,0.00202,0.01498,0.73997,0.00000,0.00392,0.00000,0.00000,0.00000,0.00000,0.00000,0.00501
0.00000,0.00000,0.00385,0.99611,0.00000,0.00000,0.00000,0.00000,0.00000,0.00004,0.00000,0.00000
0.00007,0.99163,0.00002,0.00000,0.00000,0.00003,0.00000,0.00000,0.00000,0.00000,0.00000,0.00825
0.31731,0.00352,0.16892,0.00025,0.00000,0.00000,0.00000,0.00000,0.00000,0.00000,0.00000,0.51000
0.24741,0.00494,0.00624,0.00000,0.00015,0.00000,0.00000,0.00000,0.62613,0.05951,0.00000,0.05563
0.00000,0.70619,0.00000,0.00000,0.00000,0.00000,0.28996,0.00000,0.00000,0.00000,0.00000,0.00385
0.12946,0.00008,0.00000,0.00000,0.00000,0.04020,0.82995,0.00000,0.00002,0.00000,0.00000,0.00029
0.00000,0.61165,0.00000,0.00000,0.00000,0.09065,0.00000,0.00000,0.00002,0.29767,0.00000,0.00000
0.00003,0.00000,0.37310,0.00000,0.00000,0.57084,0.00000,0.00000,0.00137,0.00000,0.00000,0.05466
0.38833,0.00000,0.02316,0.58816,0.00000,0.00000,0.00000,0.00000,0.00000,0.00032,0.00000,0.00003
0.01307,0.00000,0.00000,0.00000,0.00000,0.00000,0.00000,0.00000,0.00000,0.00000,0.00000,0.98693
0.00008,0.09618,0.00000,0.84745,0.00000,0.00004,0.00000,0.00000,0.05616,0.00000,0.00000,0.00009
0.00034,0.00000,0.00000,0.00000,0.00000,0.84715,0.00000,0.00000,0.00020,0.15231,0.00000,0.00000
0.00006,0.00000,0.98861,0.00000,0.00000,0.00050,0.00000,0.00000,0.00022,0.00000,0.00000,0.01061
0.00000,0.00198,0.00000,0.44371,0.00000,0.50105,0.00000,0.00000,0.00010,0.00000,0.00000,0.05317
0.00000,0.00005,0.03781,0.96157,0.00000,0.00000,0.00000,0.00000,0.00057,0.00000,0.00000,0.00001
0.00008,0.00000,0.00016,0.00000,0.00000,0.00457,0.00000,0.00000,0.00000,0.00000,0.00000,0.99518
0.94144,0.00259,0.00000,0.00000,0.00000,0.00000,0.00000,0.00000,0.00000,0.00000,0.00000,0.05596
0.00000,0.01061,0.00019,0.76336,0.00000,0.00000,0.00000,0.00000,0.00000,0.00000,0.00000,0.22584
0.00000,0.00000,0.01341,0.00000,0.00000,0.00027,0.00000,0.00000,0.00000,0.00001,0.00000,0.98630
0.00000,0.81152,0.02142,0.00000,0.00000,0.00157,0.00000,0.00000,0.00000,0.16411,0.00000,0.00138
0.41473,0.00000,0.00000,0.58251,0.00000,0.00103,0.00000,0.00000,0.00000,0.00000,0.00000,0.00173
0.00061,0.02881,0.00796,0.00000,0.00000,0.00000,0.00367,0.00000,0.01972,0.03731,0.00000,0.90192
0.00000,0.99993,0.00000,0.00007,0.00000,0.00000,0.00000,0.00000,0.00000,0.00000,0.00000,0.00000
0.00123,0.00000,0.00000,0.00000,0.00000,0.00568,0.99282,0.00000,0.00001,0.00000,0.00000,0.00026
0.00006,0.00002,0.00002,0.00000,0.00000,0.00003,0.00000,0.00000,0.00000,0.78445,0.00000,0.21542
0.00000,0.00023,0.05319,0.08045,0.00000,0.00034,0.00000,0.00000,0.86565,0.00000,0.00000,0.00014
0.00000,0.00725,0.00000,0.00000,0.00000,0.02923,0.00000,0.00000,0.66101,0.23466,0.00000,0.06785
0.54214,0.00000,0.00401,0.00000,0.00000,0.00053,0.00000,0.00000,0.45332,0.00000,0.00000,0.00000
0.50391,0.46880,0.00000,0.00000,0.00000,0.00573,0.00000,0.00000,0.01671,0.00000,0.00000,0.00486
0.00000,0.00000,0.00000,0.99218,0.00323,0.00456,0.00000,0.00000,0.00002,0.00000,0.00000,0.00000
0.00000,0.94227,0.00001,0.00000,0.00000,0.00026,0.00000,0.00000,0.00000,0.00000,0.00000,0.05745
0.06205,0.76213,0.00000,0.00000,0.00000,0.01838,0.00000,0.00000,0.15743,0.00000,0.00000,0.00000
0.00001,0.00598,0.35160,0.53858,0.00000,0.00082,0.00093,0.00000,0.00000,0.00000,0.00000,0.10208
0.00000,0.00477,0.46088,0.00000,0.00000,0.00000,0.50300,0.00000,0.00000,0.02498,0.00000,0.00636
0.01831,0.07296,0.33942,0.00031,0.00000,0.00002,0.00000,0.00000,0.00000,0.00001,0.00000,0.56897
0.79341,0.00013,0.00001,0.00044,0.00000,0.00000,0.00000,0.00000,0.00000,0.00000,0.00000,0.20601
0.00000,0.00000,0.00000,0.00000,0.00000,0.00163,0.53936,0.00000,0.00000,0.00000,0.00000,0.45901
0.08449,0.00751,0.00000,0.00000,0.00000,0.86540,0.00000,0.00000,0.00878,0.00000,0.00000,0.03381
0.00000,0.34008,0.00079,0.00000,0.00000,0.12761,0.00000,0.00000,0.02768,0.50384,0.00000,0.00000
0.00000,0.22966,0.73115,0.00000,0.00000,0.00090,0.00000,0.00002,0.00000,0.00000,0.00000,0.03828
0.02127,0.97873,0.00000,0.00000,0.00000,0.00000,0.00000,0.00000,0.00000,0.00000,0.00000,0.00000
0.00000,0.00000,0.00000,0.00000,0.00000,0.00151,0.00000,0.00000,0.00000,0.00000,0.00000,0.99849
0.37084,0.00003,0.17722,0.00029,0.00000,0.00000,0.00000,0.00000,0.00018,0.00122,0.00000,0.45022
0.00000,0.00000,0.67898,0.00000,0.00000,0.00000,0.00000,0.00000,0.00003,0.00063,0.00000,0.32036
0.00355,0.65995,0.33618,0.00000,0.00000,0.00032,0.00000,0.00000,0.00000,0.00000,0.00000,0.00000
0.00001,0.00000,0.00003,0.04803,0.00000,0.00000,0.00000,0.00000,0.00000,0.95193,0.00000,0.00000
0.00000,0.00001,0.45962,0.00000,0.00001,0.00000,0.00000,0.00000,0.00000,0.00028,0.00000,0.54008
0.00000,0.00729,0.94174,0.00000,0.00000,0.05097,0.00000,0.00000,0.00000,0.00000,0.00000,0.00000
0.00000,0.00296,0.00000,0.57162,0.00000,0.00000,0.00000,0.00000,0.00000,0.24847,0.00000,0.17695
0.00000,0.09199,0.48605,0.00000,0.00000,0.40975,0.01221,0.00000,0.00000,0.00000,0.00000,0.00000
0.00011,0.07060,0.00649,0.00000,0.00000,0.00012,0.00078,0.00000,0.92189,0.00000,0.00000,0.00002
0.31457,0.14511,0.00000,0.00000,0.00000,0.00000,0.54031,0.00000,0.00000,0.00001,0.00000,0.00000
0.00001,0.15489,0.84367,0.00000,0.00000,0.00000,0.00003,0.00000,0.00000,0.00000,0.00000,0.00140
0.00191,0.00000,0.00000,0.00000,0.00000,0.56029,0.00000,0.00000,0.00000,0.00000,0.00000,0.43781
0.00000,0.00000,0.00000,0.00000,0.18749,0.06226,0.00032,0.00000,0.01779,0.00000,0.00000,0.73212
0.26207,0.00870,0.00013,0.00000,0.00000,0.41635,0.00000,0.00000,0.31270,0.00004,0.00000,0.00002
0.00080,0.10119,0.49985,0.17180,0.00000,0.00001,0.00098,0.00000,0.22480,0.00000,0.00000,0.00059
0.97542,0.00000,0.02458,0.00000,0.00000,0.00000,0.00000,0.00000,0.00000,0.00000,0.00000,0.00000
0.06305,0.87954,0.05738,0.00000,0.00000,0.00000,0.00000,0.00000,0.00000,0.00000,0.00000,0.00003
0.00000,0.02620,0.09706,0.00003,0.00000,0.78607,0.00000,0.00000,0.09064,0.00000,0.00000,0.00000
0.00000,0.96769,0.00000,0.00000,0.00000,0.00000,0.00000,0.00000,0.00000,0.00000,0.00000,0.03231
0.00506,0.97058,0.00000,0.00000,0.00000,0.00000,0.00000,0.00000,0.00000,0.02436,0.00000,0.00000
0.00462,0.00110,0.00000,0.98448,0.00000,0.00524,0.00000,0.00000,0.00001,0.00000,0.00000,0.00454
0.00000,0.00000,0.94740,0.00000,0.00000,0.00005,0.00000,0.00000,0.00000,0.00000,0.00000,0.05254
0.07383,0.00047,0.00000,0.00000,0.00000,0.59348,0.00000,0.00000,0.00000,0.00317,0.00000,0.32906
0.99919,0.00000,0.00079,0.00000,0.00000,0.00000,0.00000,0.00000,0.00001,0.00000,0.00000,0.00001
0.00132,0.92396,0.00000,0.00000,0.00000,0.00000,0.00000,0.00000,0.00000,0.00000,0.00000,0.07471
0.63559,0.01253,0.13404,0.00000,0.00000,0.20830,0.00000,0.00000,0.00954,0.00000,0.00000,0.00000
0.00048,0.00000,0.00013,0.00000,0.00000,0.99939,0.00000,0.00000,0.00000,0.00000,0.00000,0.00000
0.01125,0.06033,0.00022,0.00000,0.00000,0.92012,0.00000,0.00000,0.00000,0.00473,0.00000,0.00336
0.98032,0.00002,0.01966,0.00000,0.00000,0.00000,0.00000,0.00000,0.00000,0.00000,0.00000,0.00000
0.07117,0.03503,0.89378,0.00002,0.00000,0.00000,0.00000,0.00000,0.00000,0.00000,0.00000,0.00000
0.02381,0.00000,0.00000,0.30485,0.00000,0.00000,0.00000,0.00000,0.06445,0.30377,0.00000,0.30312
0.00000,0.00000,0.06772,0.00000,0.00000,0.00000,0.00000,0.00000,0.93172,0.00000,0.00000,0.00055
0.00005,0.49405,0.00000,0.00000,0.00000,0.50357,0.00000,0.00000,0.00228,0.00000,0.00000,0.00005
0.00029,0.00000,0.00000,0.52698,0.00000,0.00000,0.00030,0.00000,0.00000,0.00000,0.00000,0.47244
0.00057,0.01503,0.00026,0.00012,0.00000,0.98401,0.00000,0.00000,0.00000,0.00000,0.00000,0.00000
0.00000,0.04314,0.00000,0.02330,0.00000,0.00217,0.00000,0.00000,0.00000,0.00000,0.00000,0.93138
0.00000,0.00011,0.00000,0.00000,0.00000,0.00001,0.00856,0.00000,0.00909,0.00064,0.00000,0.98158
0.00000,0.00239,0.00000,0.78377,0.00000,0.00000,0.00000,0.00000,0.00000,0.00000,0.00000,0.21384
0.14689,0.00000,0.00000,0.00000,0.00000,0.00000,0.00000,0.00000,0.00000,0.85307,0.00000,0.00003
0.00000,0.00000,0.00268,0.00000,0.00000,0.00068,0.00000,0.00000,0.00000,0.00000,0.00000,0.99664
0.08022,0.00000,0.00281,0.00000,0.00000,0.51591,0.00000,0.00000,0.00000,0.38764,0.00000,0.01342
0.05731,0.00000,0.94096,0.00000,0.00000,0.00000,0.00000,0.00000,0.00000,0.00000,0.00000,0.00172
0.07405,0.87850,0.00000,0.00000,0.00000,0.00000,0.00000,0.00000,0.00000,0.04590,0.00000,0.00154
0.00000,0.98437,0.00770,0.00000,0.00000,0.00000,0.00000,0.00000,0.00793,0.00000,0.00000,0.00000
0.00000,0.92872,0.00000,0.00000,0.00000,0.00000,0.00000,0.00000,0.07128,0.00000,0.00000,0.00000
0.00000,0.00061,0.25205,0.00000,0.00000,0.00000,0.00000,0.00000,0.00000,0.00000,0.00000,0.74734
0.24959,0.00000,0.00000,0.00000,0.00000,0.00000,0.00000,0.00000,0.00000,0.00000,0.00000,0.75041
0.00000,0.00002,0.00000,0.00000,0.00000,0.00000,0.00000,0.00000,0.33489,0.65565,0.00000,0.00943
0.00000,0.00009,0.23531,0.00000,0.00000,0.61141,0.00000,0.00000,0.00000,0.00000,0.00000,0.15319
0.00052,0.52792,0.00133,0.00000,0.00000,0.00003,0.00000,0.00000,0.47020,0.00000,0.00000,0.00000
0.05974,0.00002,0.89188,0.00000,0.00000,0.00000,0.00000,0.00000,0.04704,0.00018,0.00000,0.00113
0.00000,0.00000,0.98584,0.00000,0.00000,0.00000,0.00000,0.00000,0.00000,0.00000,0.00000,0.01416
0.00078,0.00000,0.00000,0.00000,0.00000,0.00000,0.00000,0.00000,0.03164,0.96700,0.00000,0.00057
0.00000,0.00008,0.56882,0.00000,0.00000,0.00155,0.00000,0.00000,0.00000,0.00002,0.00000,0.42952
0.00108,0.02136,0.00014,0.55843,0.00000,0.00000,0.00000,0.00000,0.00000,0.00863,0.00000,0.41036
0.01357,0.98637,0.00002,0.00000,0.00000,0.00003,0.00000,0.00000,0.00000,0.00000,0.00000,0.00000
0.04320,0.00000,0.00000,0.00000,0.00000,0.00024,0.00000,0.00000,0.00000,0.95651,0.00000,0.00006
0.00830,0.00058,0.41865,0.00000,0.00000,0.00001,0.00000,0.00000,0.00000,0.00000,0.00000,0.57246
0.00048,0.00000,0.00001,0.00381,0.00000,0.00000,0.99506,0.00000,0.00064,0.00000,0.00000,0.00001
0.00000,0.03212,0.67452,0.00000,0.00000,0.00000,0.00000,0.00000,0.00000,0.00000,0.00000,0.29336
0.00700,0.00000,0.00000,0.15578,0.00000,0.00000,0.00001,0.00000,0.00000,0.00000,0.00000,0.83721
0.00000,0.00058,0.00000,0.54128,0.00000,0.00000,0.00008,0.00000,0.41039,0.00000,0.00000,0.04767
0.00087,0.19208,0.15071,0.13455,0.00000,0.00000,0.00000,0.00000,0.00000,0.00071,0.00000,0.52108
0.00022,0.00752,0.00000,0.00001,0.00000,0.00004,0.02870,0.00000,0.00000,0.00000,0.00000,0.96351
0.00000,0.48774,0.00277,0.00805,0.00000,0.45938,0.04134,0.00000,0.00042,0.00000,0.00000,0.00028
0.00000,0.00319,0.00000,0.00000,0.00000,0.00000,0.92979,0.00000,0.05424,0.00000,0.00000,0.01278
0.00000,0.64581,0.29332,0.05829,0.00001,0.00000,0.00000,0.00000,0.00000,0.00000,0.00000,0.00256
0.00000,0.01234,0.00587,0.00000,0.00000,0.00768,0.00000,0.00000,0.97271,0.00000,0.00000,0.00141
0.14534,0.00000,0.00000,0.02917,0.00000,0.00216,0.00000,0.00000,0.00000,0.16825,0.00000,0.65509
0.10101,0.00000,0.00420,0.63614,0.00000,0.24072,0.00000,0.00000,0.00000,0.00000,0.00000,0.01794
0.00000,0.49947,0.00000,0.00000,0.00000,0.50053,0.00000,0.00000,0.00000,0.00000,0.00000,0.00000
0.00000,0.00001,0.00000,0.00000,0.00000,0.00000,0.00000,0.00000,0.08276,0.00000,0.00000,0.91723
0.00613,0.93412,0.00000,0.00000,0.00000,0.00001,0.00000,0.00000,0.00000,0.00000,0.00000,0.05975
0.00009,0.00523,0.00000,0.00050,0.00000,0.33375,0.00000,0.00000,0.00002,0.00000,0.00000,0.66041
0.00000,0.65727,0.29883,0.00000,0.00000,0.00000,0.00000,0.00000,0.00000,0.04372,0.00000,0.00018
0.00000,0.99537,0.00000,0.00157,0.00000,0.00020,0.00000,0.00000,0.00011,0.00000,0.00000,0.00275
0.02422,0.07302,0.00000,0.00000,0.00000,0.00000,0.00000,0.00000,0.00000,0.00000,0.00000,0.90276
0.04701,0.00000,0.00000,0.00000,0.00000,0.00276,0.00000,0.00000,0.00005,0.00000,0.00000,0.95018
0.00940,0.20609,0.00000,0.00000,0.00000,0.00000,0.00000,0.00000,0.00001,0.00000,0.00000,0.78450
0.97431,0.00007,0.00027,0.00000,0.00000,0.00001,0.00000,0.00000,0.00000,0.00000,0.00000,0.02534
0.00000,0.82525,0.00001,0.01106,0.00000,0.00000,0.00000,0.00000,0.16365,0.00000,0.00000,0.00002
0.00255,0.00033,0.00189,0.01204,0.00000,0.05109,0.00000,0.00000,0.57080,0.00000,0.00000,0.36131
0.00000,0.00019,0.08063,0.00000,0.00000,0.00000,0.00000,0.00000,0.00000,0.90181,0.00000,0.01736
0.00000,0.00000,0.00000,0.00007,0.00000,0.00000,0.00003,0.00000,0.00000,0.00506,0.00000,0.99485
0.97764,0.01276,0.00006,0.00000,0.00000,0.00000,0.00000,0.00000,0.00000,0.00000,0.00000,0.00953
0.00000,0.27062,0.00000,0.00000,0.00000,0.15440,0.00000,0.00000,0.00000,0.00000,0.00000,0.57498
0.00000,0.00010,0.00160,0.00000,0.00000,0.00000,0.00000,0.00000,0.00829,0.00000,0.00000,0.99001
0.00000,0.00602,0.26497,0.00000,0.00000,0.00000,0.00000,0.00000,0.00000,0.00000,0.00000,0.72901
0.02050,0.00006,0.00023,0.03250,0.00000,0.00000,0.00000,0.00000,0.00000,0.00000,0.00000,0.94672
0.00000,0.00000,0.00002,0.00196,0.00000,0.99798,0.00000,0.00000,0.00000,0.00003,0.00000,0.00000
0.09201,0.03930,0.82240,0.00000,0.00000,0.00000,0.04626,0.00000,0.00000,0.00000,0.00000,0.00003
0.02189,0.90463,0.00000,0.00047,0.00000,0.00000,0.00000,0.00000,0.00000,0.00000,0.00000,0.07300
0.00000,0.02936,0.00000,0.00000,0.00000,0.00878,0.00028,0.00001,0.00000,0.00000,0.00000,0.96157
0.00000,0.02194,0.00005,0.00324,0.00000,0.00000,0.00000,0.00000,0.00004,0.00000,0.00000,0.97472
0.00024,0.25680,0.69634,0.00000,0.00000,0.00553,0.00000,0.00000,0.04109,0.00000,0.00000,0.00000
0.45918,0.07244,0.00000,0.00000,0.00000,0.46536,0.00000,0.00000,0.00000,0.00000,0.00000,0.00302
0.00000,0.08330,0.09796,0.00000,0.00000,0.00000,0.00000,0.00000,0.00000,0.00000,0.00000,0.81874
0.00000,0.00000,0.00000,0.01369,0.00000,0.90078,0.00000,0.00000,0.00000,0.00000,0.00000,0.08553
0.10565,0.00000,0.07336,0.00000,0.00000,0.00000,0.00000,0.00000,0.00030,0.00000,0.00000,0.82069
0.02902,0.97072,0.00000,0.00000,0.00000,0.00000,0.00000,0.00000,0.00000,0.00000,0.00000,0.00025
0.00000,0.00003,0.00000,0.00000,0.00000,0.05026,0.00000,0.00000,0.00000,0.00000,0.00000,0.94971
0.00000,0.00112,0.00161,0.00000,0.97560,0.02163,0.00004,0.00000,0.00000,0.00000,0.00000,0.00000
0.01247,0.12193,0.00000,0.00000,0.00000,0.00000,0.00000,0.00001,0.00000,0.00000,0.00000,0.86560
0.09283,0.90716,0.00001,0.00000,0.00000,0.00000,0.00000,0.00000,0.00000,0.00000,0.00000,0.00000
0.55556,0.00016,0.00000,0.00012,0.00000,0.00000,0.00000,0.00000,0.03032,0.00000,0.00000,0.41384
0.00008,0.17529,0.82322,0.00000,0.00000,0.00010,0.00000,0.00000,0.00000,0.00000,0.00000,0.00131
0.00040,0.29587,0.23151,0.00001,0.00000,0.00000,0.00000,0.00000,0.00000,0.00030,0.00000,0.47191
0.01309,0.21108,0.00000,0.00000,0.00000,0.00000,0.00000,0.00000,0.00000,0.00000,0.00000,0.77582
0.16439,0.00126,0.26941,0.00000,0.00000,0.00000,0.00681,0.00000,0.00000,0.00000,0.00000,0.55813
0.52130,0.00000,0.00000,0.00557,0.00000,0.00000,0.00000,0.00000,0.00047,0.00337,0.00000,0.46929
0.00020,0.00173,0.00000,0.00000,0.00000,0.00021,0.00000,0.00000,0.00000,0.00000,0.00000,0.99786
0.00000,0.00000,0.06767,0.93211,0.00000,0.00000,0.00001,0.00000,0.00002,0.00000,0.00000,0.00018
0.00000,0.98456,0.01483,0.00000,0.00000,0.00000,0.00000,0.00000,0.00000,0.00000,0.00000,0.00061
0.99438,0.00000,0.00021,0.00000,0.00000,0.00000,0.00000,0.00000,0.00000,0.00004,0.00000,0.00538
0.00000,0.00000,0.00000,0.00000,0.00000,0.01099,0.00000,0.00000,0.00000,0.07752,0.00000,0.91149
0.00301,0.01256,0.00000,0.00000,0.00000,0.00104,0.98335,0.00000,0.00000,0.00000,0.00000,0.00004
0.00000,0.73870,0.00000,0.00000,0.00000,0.00000,0.01210,0.00000,0.00125,0.00000,0.00000,0.24795
0.01717,0.32854,0.46436,0.00000,0.00000,0.18188,0.00000,0.00000,0.00000,0.00000,0.00000,0.00805
0.00431,0.00000,0.45881,0.00000,0.00000,0.00000,0.52650,0.00000,0.00000,0.01038,0.00000,0.00000
0.00000,0.00000,0.98999,0.00000,0.00000,0.00000,0.00000,0.00000,0.00123,0.00000,0.00000,0.00877
0.00093,0.00000,0.03238,0.00002,0.00000,0.25906,0.00000,0.00000,0.00000,0.00000,0.00000,0.70760
0.18813,0.00001,0.00000,0.80719,0.00000,0.00000,0.00000,0.00000,0.00000,0.00000,0.00000,0.00467
0.95356,0.00000,0.00000,0.03421,0.00000,0.00016,0.00000,0.00000,0.00000,0.01148,0.00000,0.00059
0.00000,0.53460,0.00000,0.00000,0.00000,0.00031,0.00068,0.00000,0.13156,0.00000,0.00000,0.33284
0.06289,0.00000,0.00000,0.00000,0.00000,0.00020,0.00000,0.00000,0.00000,0.00000,0.00000,0.93691
0.99992,0.00008,0.00000,0.00000,0.00000,0.00000,0.00000,0.00000,0.00000,0.00000,0.00000,0.00000
0.21999,0.07759,0.00496,0.00000,0.00000,0.66426,0.03239,0.00000,0.00000,0.00000,0.00000,0.00081
0.00000,0.00001,0.00001,0.00000,0.00000,0.00000,0.99997,0.00000,0.00000,0.00000,0.00000,0.00000
0.07604,0.41749,0.00000,0.00000,0.00000,0.00000,0.00000,0.00000,0.06835,0.00345,0.00000,0.43468
0.19904,0.00000,0.79947,0.00000,0.00000,0.00150,0.00000,0.00000,0.00000,0.00000,0.00000,0.00000
0.00000,0.00335,0.00000,0.54990,0.00000,0.00002,0.00000,0.00000,0.00000,0.00003,0.00000,0.44671
0.00006,0.00000,0.00242,0.00001,0.00000,0.00000,0.00000,0.00000,0.00000,0.00000,0.00000,0.99751
0.33930,0.01990,0.61718,0.00000,0.00000,0.02307,0.00055,0.00000,0.00000,0.00000,0.00000,0.00000
0.00000,0.09240,0.00015,0.00000,0.00000,0.83851,0.00017,0.00000,0.00000,0.00000,0.00000,0.06877
0.60388,0.00000,0.00000,0.38837,0.00000,0.00298,0.00000,0.00000,0.00000,0.00000,0.00000,0.00477
0.67663,0.00000,0.00000,0.00000,0.00000,0.00000,0.00000,0.00000,0.00094,0.22173,0.00000,0.10070
0.00002,0.00612,0.00000,0.00000,0.00000,0.00000,0.12645,0.00000,0.00000,0.86740,0.00000,0.00000
0.00000,0.00008,0.00000,0.29992,0.00000,0.00042,0.00023,0.00000,0.69870,0.00064,0.00000,0.00000
0.99614,0.00023,0.00000,0.00000,0.00000,0.00000,0.00000,0.00000,0.00306,0.00000,0.00000,0.00057
0.00000,0.54326,0.00000,0.00000,0.00000,0.00000,0.00000,0.00000,0.00000,0.17709,0.00000,0.27965
0.00000,0.00911,0.00000,0.00000,0.00000,0.08524,0.00999,0.00000,0.00000,0.89488,0.00000,0.00077
0.00000,0.94236,0.00000,0.00000,0.00000,0.00000,0.00000,0.00000,0.00000,0.00000,0.00000,0.05764
0.00000,0.12057,0.00000,0.00000,0.00000,0.00008,0.00000,0.00000,0.52225,0.00000,0.00000,0.35710
0.00004,0.00001,0.00000,0.00000,0.00000,0.00000,0.69616,0.00000,0.00000,0.00000,0.00000,0.30379
0.00014,0.00019,0.00119,0.00000,0.04208,0.00000,0.00000,0.00000,0.00000,0.00000,0.00000,0.95641
0.00000,0.23094,0.00000,0.00667,0.00000,0.76194,0.00000,0.00000,0.00000,0.00000,0.00000,0.00045
0.16790,0.00000,0.00005,0.00000,0.00000,0.68779,0.00000,0.00000,0.00000,0.00000,0.00000,0.14426
0.00001,0.00000,0.23981,0.00000,0.00000,0.00000,0.00000,0.00000,0.35427,0.00000,0.00000,0.40591
0.00889,0.13955,0.00000,0.00000,0.00000,0.00004,0.00000,0.00000,0.85152,0.00000,0.00000,0.00000
0.00695,0.00000,0.00000,0.00000,0.00000,0.00000,0.00021,0.00000,0.00000,0.00000,0.00000,0.99284
0.00000,0.82594,0.16848,0.00000,0.00000,0.00000,0.00000,0.00000,0.00172,0.00000,0.00000,0.00386
0.82334,0.03936,0.00003,0.00000,0.00000,0.00000,0.00000,0.00000,0.00000,0.00000,0.00000,0.13727
0.00209,0.00042,0.18707,0.00000,0.00000,0.60504,0.00000,0.09445,0.00000,0.00000,0.00000,0.11092
0.47654,0.00000,0.00000,0.00000,0.00000,0.00000,0.00000,0.00000,0.00000,0.00000,0.00000,0.52346
0.00019,0.98533,0.00000,0.00000,0.00000,0.00003,0.00000,0.00000,0.00000,0.00000,0.00000,0.01446
0.09709,0.76554,0.00000,0.00000,0.00000,0.00122,0.00000,0.00000,0.00000,0.00003,0.00000,0.13611
0.01579,0.73434,0.00788,0.00007,0.00000,0.13946,0.00000,0.00000,0.00000,0.00000,0.00000,0.10246
0.00000,0.01800,0.66662,0.05356,0.00000,0.00000,0.00000,0.00000,0.01957,0.00000,0.00000,0.24225
0.00000,0.00602,0.00000,0.00000,0.00000,0.00000,0.00448,0.00000,0.00000,0.65255,0.00000,0.33695
0.00000,0.00000,0.93564,0.00000,0.00000,0.00000,0.00000,0.00000,0.00008,0.00000,0.00000,0.06427
0.28577,0.71422,0.00000,0.00000,0.00000,0.00000,0.00000,0.00000,0.00000,0.00000,0.00000,0.00001
0.00000,0.00004,0.00006,0.00000,0.00000,0.00000,0.00000,0.00000,0.00000,0.00000,0.00000,0.99990
0.00000,0.99987,0.00000,0.00000,0.00000,0.00006,0.00000,0.00000,0.00000,0.00000,0.00000,0.00007
0.40120,0.00000,0.59862,0.00000,0.00000,0.00000,0.00000,0.00000,0.00018,0.00000,0.00000,0.00000
0.00129,0.00217,0.00000,0.00000,0.00000,0.80519,0.00000,0.00000,0.19134,0.00000,0.00000,0.00001
0.01087,0.84157,0.00000,0.00000,0.00000,0.00000,0.00000,0.00000,0.00007,0.00004,0.00000,0.14745
0.00001,0.00003,0.00003,0.45871,0.00000,0.00000,0.00000,0.00000,0.54019,0.00000,0.00000,0.00103
0.00000,0.00591,0.00000,0.98222,0.00000,0.00795,0.00000,0.00000,0.00391,0.00000,0.00000,0.00001
0.00003,0.19885,0.00005,0.78483,0.00000,0.00013,0.00000,0.00000,0.01594,0.00000,0.00000,0.00017
0.00000,0.00000,0.00000,0.00000,0.00000,0.00000,0.00000,0.00000,0.26557,0.00000,0.00000,0.73443
0.00000,0.00127,0.00004,0.00000,0.00000,0.00000,0.00001,0.00000,0.00000,0.00000,0.00000,0.99867
0.67432,0.30652,0.00236,0.00000,0.00000,0.00000,0.00002,0.00000,0.01618,0.00061,0.00000,0.00000
0.00165,0.00001,0.00000,0.00000,0.00000,0.98336,0.00000,0.00000,0.01496,0.00000,0.00000,0.00002
0.02053,0.00005,0.00000,0.00000,0.00000,0.05407,0.00000,0.00000,0.91343,0.00000,0.00000,0.01192
0.91857,0.01141,0.00000,0.00000,0.00000,0.06486,0.00000,0.00000,0.00501,0.00000,0.00000,0.00016
0.00341,0.00031,0.00721,0.00000,0.00000,0.00000,0.00000,0.00003,0.00000,0.00000,0.00000,0.98904
0.00000,0.00000,0.00000,0.00000,0.00000,0.00000,0.99968,0.00000,0.00032,0.00000,0.00000,0.00000
0.71875,0.00000,0.00650,0.00000,0.00000,0.00000,0.00000,0.00000,0.00000,0.09522,0.00000,0.17951
0.00000,0.00000,0.98553,0.00000,0.00000,0.00000,0.00000,0.01430,0.00017,0.00000,0.00000,0.00000
0.00000,0.06975,0.00000,0.00000,0.00000,0.00083,0.00040,0.00000,0.00084,0.12390,0.00000,0.80428
0.00000,0.00001,0.00000,0.00000,0.00000,0.00007,0.00000,0.00000,0.00000,0.00000,0.00000,0.99993
0.00000,0.09850,0.00000,0.00000,0.00000,0.00054,0.00000,0.00000,0.00000,0.90096,0.00000,0.00000
0.10875,0.00113,0.00000,0.00000,0.00000,0.89011,0.00000,0.00000,0.00000,0.00000,0.00000,0.00000
0.00000,0.99699,0.00000,0.00000,0.00000,0.00068,0.00000,0.00000,0.00000,0.00233,0.00000,0.00000
0.00274,0.00000,0.33136,0.00009,0.00000,0.00345,0.00000,0.00000,0.00000,0.00000,0.00000,0.66236
0.00244,0.00000,0.00000,0.02105,0.00000,0.00000,0.00000,0.00000,0.00000,0.00000,0.00000,0.97650
0.00001,0.00000,0.00000,0.00000,0.00000,0.00000,0.00000,0.00000,0.00000,0.31293,0.00000,0.68707
0.99724,0.00000,0.00001,0.00000,0.00000,0.00000,0.00000,0.00000,0.00000,0.00077,0.00000,0.00198
0.00000,0.97185,0.00001,0.00000,0.00000,0.00000,0.00000,0.00000,0.02747,0.00000,0.00000,0.00067
0.00000,0.00743,0.00000,0.00000,0.00000,0.65138,0.00000,0.00000,0.34054,0.00065,0.00000,0.00000
