0.22010,0.04587,0.00228,0.04135,0.04440,0.01259,0.63341
0.20452,0.05145,0.00203,0.07246,0.11867,0.03174,0.51914
0.09449,0.11703,0.03083,0.03972,0.03695,0.03280,0.64818
0.09693,0.09734,0.00194,0.04338,0.05071,0.02496,0.68474
0.09487,0.06115,0.00218,0.05191,0.05958,0.00722,0.72308
0.14160,0.04229,0.00296,0.02254,0.05158,0.00987,0.72916
0.17625,0.10335,0.00200,0.02589,0.09595,0.05795,0.53860
0.07690,0.05836,0.00260,0.04209,0.02319,0.01986,0.77701
0.07725,0.03104,0.00177,0.04126,0.12677,0.02021,0.70169
0.17171,0.10669,0.00354,0.03801,0.06610,0.02727,0.58668
0.08953,0.03871,0.05266,0.13974,0.01111,0.04859,0.61966
0.09136,0.09530,0.00269,0.03719,0.05431,0.05505,0.66409
0.06733,0.10028,0.00355,0.04397,0.02009,0.03987,0.72492
0.12049,0.03498,0.00223,0.04274,0.03433,0.01152,0.75372
0.17000,0.04243,0.01627,0.03686,0.01602,0.03231,0.68611
0.21321,0.03778,0.00253,0.02682,0.03098,0.01409,0.67459
0.17559,0.07850,0.01231,0.03953,0.06023,0.09757,0.53628
0.22857,0.05138,0.00295,0.10574,0.02669,0.01049,0.57418
0.09283,0.04583,0.01530,0.01626,0.15848,0.00746,0.66384
0.12105,0.01625,0.00164,0.03844,0.01580,0.00354,0.80328
0.23481,0.04830,0.00221,0.03923,0.04707,0.01857,0.60981
0.21928,0.14070,0.00629,0.08292,0.03853,0.03182,0.48046
0.09975,0.07495,0.00351,0.08288,0.06771,0.01128,0.65992
0.08328,0.10916,0.00086,0.01853,0.02566,0.01059,0.75192
0.23391,0.04675,0.00504,0.05472,0.06059,0.10720,0.49178
0.10065,0.04657,0.00132,0.03838,0.03707,0.00852,0.76748
0.07081,0.05372,0.01250,0.01706,0.02080,0.01638,0.80872
0.25690,0.06111,0.00379,0.02110,0.02773,0.07019,0.55917
0.23891,0.05105,0.00950,0.02454,0.01383,0.04286,0.61931
0.06795,0.14857,0.00195,0.03219,0.01712,0.02169,0.71053
0.23107,0.09305,0.00743,0.06406,0.16467,0.02371,0.41601
0.21820,0.28313,0.00526,0.09612,0.04321,0.04316,0.31091
0.09301,0.02879,0.00782,0.02126,0.02653,0.01318,0.80942
0.07162,0.02482,0.00251,0.01727,0.01762,0.00949,0.85667
0.08342,0.09205,0.00427,0.05027,0.03676,0.02028,0.71296
0.13872,0.06933,0.01700,0.06174,0.03324,0.04051,0.63946
0.05156,0.08249,0.00162,0.02719,0.06686,0.00896,0.76133
0.08554,0.02856,0.00133,0.13487,0.03092,0.01017,0.70861
0.11344,0.11104,0.00291,0.15554,0.02779,0.01890,0.57039
0.13824,0.12858,0.00322,0.02362,0.09110,0.01565,0.59960
0.12779,0.15054,0.00506,0.05179,0.03327,0.02373,0.60783
0.47767,0.03536,0.00241,0.02639,0.03417,0.02764,0.39636
0.14909,0.12179,0.00344,0.03565,0.09314,0.02774,0.56914
0.17794,0.05854,0.00175,0.06738,0.01904,0.01623,0.65912
0.24576,0.05659,0.01241,0.06963,0.02508,0.07846,0.51208
0.10515,0.06606,0.00295,0.10500,0.07654,0.02917,0.61513
0.29450,0.06039,0.00264,0.02172,0.04489,0.00956,0.56629
0.25272,0.07040,0.00310,0.02546,0.01722,0.03822,0.59288
0.14345,0.03469,0.00314,0.05890,0.11800,0.01058,0.63125
0.05118,0.03424,0.00266,0.02949,0.03062,0.00649,0.84532
0.20427,0.02336,0.00200,0.04494,0.02646,0.01055,0.68843
0.09352,0.02461,0.00102,0.02346,0.02667,0.01107,0.81964
0.28001,0.00979,0.00128,0.03368,0.01705,0.01590,0.64227
0.12986,0.05041,0.00158,0.01950,0.02592,0.01641,0.75633
0.16985,0.04376,0.04922,0.05661,0.19909,0.03800,0.44348
0.05232,0.04509,0.00538,0.02966,0.05893,0.02190,0.78672
0.06592,0.03166,0.00817,0.02485,0.01776,0.00824,0.84340
0.13813,0.05681,0.00472,0.02657,0.04971,0.01169,0.71237
0.14673,0.09192,0.00295,0.03169,0.06772,0.03117,0.62783
0.08394,0.10020,0.02873,0.12230,0.01437,0.03075,0.61971
0.17781,0.17222,0.00122,0.02031,0.01256,0.01727,0.59860
0.26660,0.04776,0.00125,0.02175,0.01979,0.01518,0.62767
0.16915,0.03011,0.00592,0.01509,0.07368,0.00510,0.70095
0.06921,0.12553,0.01396,0.20114,0.04513,0.06574,0.47929
0.07672,0.03599,0.00535,0.03177,0.04511,0.01196,0.79310
0.18240,0.03684,0.00283,0.08399,0.09840,0.03702,0.55851
0.20631,0.02604,0.00491,0.02756,0.02394,0.01156,0.69967
0.12880,0.12417,0.01450,0.09176,0.05548,0.01138,0.57391
0.05382,0.02756,0.00812,0.03469,0.01388,0.01211,0.84981
0.13517,0.08498,0.00333,0.06036,0.10158,0.03075,0.58382
0.08485,0.02723,0.00399,0.01859,0.03890,0.01981,0.80662
0.21682,0.11468,0.01413,0.05271,0.02749,0.02279,0.55138
0.10180,0.04313,0.00170,0.15370,0.04452,0.02154,0.63362
0.13221,0.06914,0.00175,0.06487,0.08245,0.04175,0.60784
0.16584,0.19777,0.00851,0.09179,0.05001,0.03029,0.45577
0.19059,0.05072,0.00344,0.04331,0.09857,0.01982,0.59355
0.06209,0.03932,0.00355,0.02435,0.01407,0.02701,0.82960
0.13807,0.05833,0.00125,0.02044,0.01504,0.01150,0.75537
0.08640,0.07564,0.00785,0.04303,0.08928,0.01899,0.67881
0.21646,0.03833,0.00189,0.02491,0.01818,0.01981,0.68041
0.09551,0.10055,0.00213,0.01852,0.07219,0.00993,0.70117
0.20675,0.03680,0.00214,0.10888,0.15525,0.01048,0.47970
0.24801,0.03771,0.00403,0.04949,0.03985,0.03336,0.58756
0.15402,0.05486,0.00485,0.05486,0.02118,0.01036,0.69987
0.06891,0.21068,0.00215,0.02957,0.11255,0.01299,0.56315
0.29261,0.11544,0.00149,0.02500,0.05442,0.02410,0.48693
0.09301,0.06755,0.00202,0.02466,0.04230,0.00728,0.76317
0.18020,0.07860,0.00173,0.03701,0.01860,0.05380,0.63007
0.06563,0.18427,0.00254,0.03602,0.08793,0.01455,0.60905
0.13893,0.03937,0.00146,0.06349,0.01953,0.01056,0.72666
0.08874,0.04115,0.00343,0.02906,0.03697,0.00835,0.79230
0.33300,0.02981,0.00223,0.03666,0.01772,0.02585,0.55473
0.04940,0.02973,0.00184,0.01661,0.03878,0.00899,0.85466
0.15946,0.05247,0.00376,0.04074,0.06966,0.01193,0.66199
0.11449,0.04393,0.00152,0.02853,0.02342,0.00989,0.77822
0.16162,0.08784,0.00583,0.04835,0.02988,0.02405,0.64243
0.12053,0.08875,0.00591,0.10991,0.05555,0.03252,0.58683
0.08896,0.03782,0.00623,0.08610,0.02581,0.00881,0.74626
0.08328,0.03200,0.00352,0.01677,0.08311,0.02807,0.75326
0.23373,0.22127,0.00253,0.04227,0.04980,0.02061,0.42978
