0.02205,0.03432,0.03757,0.02298,0.00911,0.04579,0.01350,0.01544,0.01442,0.00703,0.05473,0.02159,0.57264,0.09488,0.03396
0.05621,0.06666,0.02662,0.01316,0.01320,0.02414,0.01592,0.05753,0.01765,0.01725,0.35214,0.10705,0.17115,0.04041,0.02092
0.02955,0.02122,0.01232,0.00249,0.01118,0.17512,0.07666,0.08742,0.01209,0.00411,0.04051,0.19361,0.31564,0.01183,0.00625
0.05375,0.06269,0.11774,0.01064,0.00477,0.06734,0.00194,0.07308,0.08787,0.00284,0.02567,0.05853,0.22478,0.19147,0.01688
0.32703,0.05862,0.01018,0.00421,0.04024,0.02433,0.00623,0.01197,0.13457,0.00440,0.14153,0.12563,0.07801,0.02581,0.00724
0.02427,0.02981,0.00484,0.00178,0.00334,0.50598,0.00441,0.00823,0.02455,0.00115,0.12544,0.15037,0.03576,0.07659,0.00348
0.13468,0.04158,0.00746,0.00293,0.00335,0.53666,0.00514,0.00688,0.01333,0.00074,0.02499,0.02876,0.17039,0.01792,0.00518
0.02987,0.02337,0.00735,0.00117,0.01255,0.37517,0.00597,0.01559,0.26020,0.00103,0.22210,0.01207,0.02252,0.00900,0.00206
0.32678,0.20938,0.01007,0.00147,0.01965,0.01998,0.02036,0.00908,0.01199,0.00103,0.02821,0.12813,0.06976,0.13288,0.01122
0.02684,0.04814,0.01730,0.00163,0.01075,0.02156,0.00794,0.02154,0.03459,0.00053,0.28272,0.18062,0.11890,0.01024,0.21670
0.20094,0.30579,0.00341,0.00634,0.00399,0.05459,0.00522,0.01432,0.00740,0.00130,0.02436,0.24826,0.05787,0.03928,0.02693
0.01082,0.05248,0.00590,0.00265,0.00889,0.01055,0.01873,0.32534,0.10576,0.00116,0.24496,0.13284,0.06459,0.01217,0.00316
0.01084,0.01580,0.19355,0.00285,0.03869,0.14717,0.03011,0.02157,0.00800,0.00089,0.30647,0.01616,0.17796,0.01249,0.01744
0.02097,0.13173,0.01142,0.00241,0.00476,0.03927,0.00822,0.13977,0.00783,0.00115,0.19590,0.04295,0.12523,0.22647,0.04192
0.22243,0.10929,0.01395,0.00366,0.00836,0.05858,0.02028,0.01419,0.01094,0.01843,0.15761,0.09038,0.25623,0.01082,0.00484
0.08289,0.04898,0.01139,0.00181,0.02007,0.04197,0.03203,0.04343,0.02758,0.00106,0.01467,0.03775,0.62792,0.00647,0.00197
0.03250,0.03375,0.00832,0.00378,0.00652,0.10192,0.01085,0.00894,0.00556,0.00599,0.16631,0.42145,0.14988,0.02441,0.01982
0.01852,0.03070,0.01492,0.00254,0.00862,0.02359,0.17250,0.03645,0.01083,0.00163,0.43147,0.03806,0.17008,0.00776,0.03233
0.02574,0.02563,0.00671,0.00191,0.01019,0.02918,0.00544,0.00998,0.05046,0.00128,0.03384,0.21254,0.16367,0.41459,0.00885
0.14772,0.15594,0.00227,0.00177,0.03747,0.01950,0.00362,0.07194,0.01191,0.00406,0.04445,0.05454,0.38151,0.02597,0.03734
0.02358,0.01052,0.00152,0.00173,0.33473,0.01772,0.00365,0.00652,0.00439,0.00209,0.01333,0.01739,0.41415,0.14162,0.00704
0.02401,0.01024,0.00340,0.00548,0.01096,0.61158,0.00907,0.03275,0.00715,0.00059,0.01673,0.01190,0.24077,0.01185,0.00352
0.24187,0.04595,0.01133,0.00282,0.01814,0.02361,0.01588,0.02678,0.05558,0.00087,0.05069,0.12962,0.35775,0.01201,0.00711
0.02727,0.12550,0.01040,0.00164,0.00561,0.22039,0.01503,0.07679,0.05250,0.00187,0.02018,0.15850,0.03183,0.23116,0.02133
0.14076,0.29587,0.00354,0.00186,0.00570,0.01336,0.02946,0.03369,0.02077,0.00126,0.20682,0.10391,0.13287,0.00556,0.00458
0.04775,0.07564,0.01456,0.03234,0.01790,0.08370,0.00877,0.03310,0.03730,0.00118,0.09160,0.06529,0.40708,0.02569,0.05809
0.07103,0.04062,0.03314,0.01427,0.01290,0.08270,0.06808,0.05249,0.00831,0.00707,0.05170,0.03401,0.26449,0.22844,0.03076
0.02937,0.02568,0.00612,0.00114,0.01052,0.41327,0.18137,0.00721,0.00906,0.00068,0.05699,0.02714,0.03715,0.04741,0.14689
0.05530,0.13548,0.06348,0.00934,0.01365,0.13171,0.00342,0.00414,0.01513,0.07952,0.09484,0.00874,0.08130,0.15426,0.14970
0.05647,0.05059,0.01341,0.00340,0.33281,0.12537,0.01654,0.03594,0.03140,0.00282,0.02384,0.01378,0.19594,0.08850,0.00920
0.11295,0.04266,0.00389,0.00854,0.01117,0.20290,0.01303,0.00424,0.01795,0.00239,0.35986,0.04842,0.12771,0.03279,0.01150
0.03238,0.69675,0.02929,0.00510,0.00411,0.03357,0.01102,0.00751,0.02231,0.00076,0.02620,0.01169,0.06502,0.03612,0.01817
0.01779,0.01800,0.01462,0.00602,0.00515,0.35346,0.01813,0.04149,0.00651,0.00133,0.03284,0.01123,0.42379,0.04796,0.00168
0.02139,0.13196,0.00564,0.06032,0.19003,0.05706,0.00850,0.00919,0.00961,0.00095,0.39240,0.01478,0.07907,0.00920,0.00990
0.01882,0.05188,0.00757,0.00274,0.00620,0.17828,0.01104,0.16986,0.25228,0.00241,0.07219,0.03504,0.10823,0.06193,0.02151
0.04313,0.06780,0.00648,0.00554,0.26744,0.44545,0.00381,0.02295,0.06269,0.00319,0.01772,0.01160,0.02482,0.01169,0.00568
0.11910,0.03328,0.00485,0.00571,0.02993,0.02556,0.00216,0.01841,0.02755,0.00196,0.15451,0.00927,0.53292,0.01999,0.01480
0.03649,0.02141,0.00736,0.00212,0.01425,0.24728,0.01134,0.01659,0.00545,0.00062,0.03205,0.07411,0.47938,0.04003,0.01152
0.04279,0.03572,0.02230,0.00479,0.03212,0.04612,0.00951,0.01848,0.00629,0.00116,0.43400,0.09533,0.22657,0.01712,0.00769
0.08073,0.25187,0.00366,0.00265,0.08186,0.02218,0.00708,0.01036,0.00370,0.00449,0.02286,0.08303,0.38058,0.00690,0.03804
0.25851,0.08679,0.01039,0.00567,0.00801,0.09863,0.02712,0.01937,0.01626,0.00151,0.32951,0.03723,0.07482,0.01067,0.01551
0.11857,0.17369,0.02887,0.00190,0.00270,0.00565,0.00163,0.00435,0.00920,0.00101,0.45755,0.01649,0.15104,0.00714,0.02020
0.13566,0.05653,0.01608,0.00365,0.02695,0.06199,0.02907,0.19743,0.01253,0.00472,0.06849,0.01321,0.36520,0.00419,0.00431
0.01181,0.10156,0.17555,0.00116,0.00115,0.01696,0.00642,0.00974,0.00900,0.00385,0.14764,0.25618,0.22091,0.00629,0.03179
0.11897,0.24321,0.07154,0.00443,0.01788,0.05979,0.00682,0.01597,0.01952,0.00100,0.12988,0.17141,0.09822,0.03780,0.00354
0.32233,0.03071,0.00738,0.01126,0.00611,0.01516,0.00489,0.00835,0.01738,0.00402,0.11642,0.00910,0.08465,0.34451,0.01775
0.02183,0.02375,0.00609,0.00487,0.00251,0.65505,0.08940,0.01375,0.01594,0.00128,0.03072,0.00849,0.10133,0.01717,0.00782
0.01830,0.01516,0.00849,0.00210,0.00249,0.47886,0.01050,0.08831,0.21935,0.00046,0.05224,0.02320,0.06681,0.00746,0.00627
0.08808,0.40587,0.11266,0.00162,0.01263,0.01712,0.01466,0.00985,0.01422,0.00155,0.15404,0.04018,0.10286,0.01526,0.00940
0.47991,0.08088,0.00633,0.00159,0.00709,0.04299,0.00782,0.08782,0.00527,0.00156,0.01603,0.10612,0.07389,0.06746,0.01524
0.01987,0.03171,0.01014,0.00158,0.01014,0.15497,0.03868,0.02526,0.09406,0.00161,0.17168,0.04558,0.35476,0.02479,0.01516
0.05525,0.07888,0.04572,0.00463,0.01562,0.04726,0.11774,0.06078,0.01393,0.00074,0.07865,0.10044,0.24650,0.12680,0.00708
0.07287,0.02992,0.01976,0.00522,0.01960,0.03688,0.00873,0.01993,0.05230,0.00138,0.40521,0.01584,0.26948,0.03553,0.00736
0.03428,0.03619,0.00900,0.00075,0.00340,0.02803,0.00673,0.00653,0.01387,0.00309,0.09383,0.32788,0.04400,0.00744,0.38497
0.07701,0.11958,0.01301,0.00474,0.00387,0.10518,0.00668,0.01735,0.00873,0.00143,0.21944,0.00868,0.38760,0.01875,0.00794
0.03609,0.04266,0.01758,0.00511,0.00730,0.03765,0.00760,0.01259,0.00570,0.00833,0.30669,0.02559,0.40994,0.03584,0.04132
0.50883,0.02820,0.00601,0.00215,0.00334,0.01495,0.03951,0.01618,0.01759,0.00236,0.12944,0.01713,0.13750,0.07403,0.00277
0.04660,0.03355,0.01827,0.00525,0.00713,0.10712,0.00280,0.01006,0.00819,0.00193,0.05392,0.01122,0.66674,0.01155,0.01567
0.03118,0.06620,0.00765,0.00718,0.19997,0.13469,0.00529,0.02039,0.03284,0.00384,0.30388,0.03152,0.12023,0.03186,0.00330
0.02206,0.42357,0.01403,0.01084,0.18936,0.06732,0.01075,0.01262,0.01040,0.00226,0.13904,0.01085,0.05769,0.02414,0.00508
0.04098,0.01702,0.00366,0.00224,0.00424,0.06115,0.01279,0.01693,0.00493,0.00073,0.03010,0.26377,0.43549,0.08993,0.01605
0.03724,0.02914,0.00773,0.00536,0.01111,0.33585,0.01339,0.01152,0.01412,0.00230,0.21674,0.01550,0.03882,0.23633,0.02484
0.04839,0.07066,0.00605,0.01625,0.01182,0.01487,0.03027,0.03509,0.05347,0.00093,0.21863,0.01189,0.47417,0.00511,0.00237
0.05279,0.23572,0.00938,0.00269,0.00574,0.23050,0.02582,0.02157,0.02929,0.00090,0.08464,0.05592,0.18805,0.03649,0.02051
0.03728,0.04061,0.04228,0.00472,0.01804,0.03972,0.00304,0.04329,0.01321,0.02019,0.03997,0.06183,0.21376,0.22276,0.19929
0.02614,0.02588,0.01241,0.00568,0.01029,0.06923,0.01466,0.00915,0.01017,0.00307,0.02913,0.08923,0.66491,0.01084,0.01921
0.03043,0.02639,0.02825,0.00271,0.01442,0.20333,0.08047,0.02158,0.01397,0.00120,0.17480,0.02193,0.31643,0.04917,0.01493
0.01112,0.24349,0.00518,0.00121,0.00859,0.44746,0.00789,0.01813,0.00539,0.00094,0.05839,0.00510,0.16847,0.00595,0.01270
0.03076,0.11154,0.00666,0.00332,0.00902,0.09329,0.00329,0.01250,0.03032,0.00072,0.08619,0.06964,0.30665,0.02766,0.20843
0.05310,0.04396,0.01183,0.00294,0.00991,0.28525,0.00272,0.00584,0.25277,0.00335,0.02162,0.00596,0.24300,0.01696,0.04079
0.16312,0.03270,0.00398,0.00269,0.00229,0.03508,0.00430,0.01643,0.02333,0.00045,0.26696,0.07639,0.03317,0.33374,0.00535
0.04651,0.23796,0.00560,0.00180,0.02239,0.01840,0.01341,0.06342,0.01543,0.00166,0.44663,0.00947,0.10599,0.00847,0.00286
0.23706,0.02844,0.01638,0.00249,0.01761,0.07910,0.02557,0.04555,0.00869,0.00228,0.09138,0.01253,0.35985,0.06599,0.00708
0.03500,0.02255,0.05585,0.00501,0.00492,0.03507,0.03718,0.05214,0.02568,0.00863,0.26224,0.01172,0.12347,0.14027,0.18029
0.02763,0.01772,0.00923,0.00645,0.00568,0.03425,0.06090,0.01183,0.02536,0.00220,0.15002,0.01279,0.31663,0.08222,0.23709
0.01406,0.25500,0.00240,0.00324,0.00692,0.00924,0.00494,0.00763,0.00603,0.00076,0.11401,0.01327,0.54720,0.00860,0.00669
0.01002,0.23241,0.04174,0.05033,0.01675,0.05322,0.00758,0.00982,0.01469,0.00588,0.11838,0.00842,0.39740,0.02037,0.01298
0.02762,0.08532,0.00609,0.00374,0.00937,0.25973,0.01421,0.03715,0.00868,0.00093,0.12823,0.04633,0.26914,0.05570,0.04774
0.01700,0.01407,0.00501,0.00261,0.00539,0.34575,0.01149,0.01104,0.00812,0.00215,0.06298,0.01280,0.48309,0.01309,0.00541
0.02964,0.04040,0.00898,0.00471,0.01004,0.10026,0.00823,0.15973,0.00862,0.00106,0.09148,0.04237,0.44513,0.03610,0.01323
0.10782,0.33466,0.01398,0.00067,0.00607,0.09610,0.00298,0.03587,0.13309,0.00202,0.08236,0.01505,0.07219,0.03694,0.06019
0.10444,0.02379,0.04585,0.00513,0.02647,0.03731,0.05355,0.04038,0.00655,0.00536,0.15191,0.03049,0.15327,0.30021,0.01529
0.02660,0.02384,0.00461,0.00165,0.01921,0.43378,0.01153,0.00946,0.00684,0.01099,0.01681,0.01120,0.40143,0.01424,0.00782
0.03836,0.69822,0.00442,0.00176,0.00831,0.02852,0.00279,0.03365,0.03659,0.00040,0.02712,0.03157,0.04504,0.03494,0.00830
0.08015,0.06717,0.01582,0.00213,0.00220,0.37979,0.01092,0.00800,0.00700,0.07788,0.02235,0.11374,0.13281,0.06849,0.01156
0.06695,0.02694,0.00557,0.22397,0.00636,0.02316,0.03339,0.00502,0.00781,0.00129,0.19160,0.01178,0.37176,0.01535,0.00903
0.19019,0.00810,0.01433,0.00186,0.00855,0.01129,0.01360,0.00488,0.03210,0.00030,0.44556,0.12411,0.06984,0.06774,0.00754
0.01760,0.01811,0.12987,0.00587,0.14110,0.27896,0.01174,0.06099,0.00823,0.00459,0.04305,0.03122,0.18431,0.02417,0.04018
0.03131,0.83053,0.00615,0.00080,0.00257,0.01268,0.00356,0.01387,0.01045,0.00202,0.01365,0.01092,0.04659,0.01141,0.00350
0.10055,0.05208,0.01734,0.00213,0.02023,0.28342,0.00377,0.01862,0.02886,0.00181,0.01415,0.23438,0.06190,0.15150,0.00926
0.04258,0.04885,0.06025,0.00178,0.01227,0.02709,0.28883,0.01450,0.01679,0.00940,0.08807,0.08859,0.28366,0.01002,0.00730
0.01528,0.02576,0.01709,0.00136,0.01599,0.05140,0.00180,0.00950,0.00529,0.00092,0.05036,0.03530,0.72001,0.02092,0.02902
0.09502,0.12541,0.01201,0.00258,0.02788,0.04447,0.01191,0.00989,0.01313,0.00149,0.05350,0.01965,0.49513,0.02415,0.06378
0.11325,0.03935,0.01176,0.00216,0.01554,0.01943,0.01182,0.00702,0.05873,0.00172,0.19443,0.26500,0.15305,0.09290,0.01384
0.01779,0.15659,0.00564,0.01281,0.02295,0.01824,0.00360,0.01086,0.01152,0.00063,0.12432,0.13879,0.46192,0.00962,0.00473
0.12375,0.04680,0.37552,0.00339,0.00743,0.06245,0.01509,0.09276,0.02377,0.00168,0.02340,0.02456,0.02282,0.16943,0.00717
0.03491,0.04529,0.01531,0.00394,0.00365,0.15107,0.00599,0.02785,0.00614,0.00410,0.02539,0.03008,0.32209,0.01255,0.31164
0.44089,0.17727,0.01203,0.00281,0.01483,0.14564,0.00527,0.00589,0.00730,0.00203,0.03007,0.01758,0.12504,0.00891,0.00444
0.10042,0.02178,0.00583,0.35853,0.00372,0.05529,0.02002,0.00734,0.01357,0.00402,0.01623,0.01005,0.35978,0.01728,0.00616
0.16963,0.02370,0.00542,0.00902,0.01547,0.09633,0.06677,0.00695,0.05582,0.00646,0.05343,0.11921,0.21638,0.14797,0.00744
