0.03084,0.00039,0.00277,0.44684,0.00377,0.51272,0.00268
0.00719,0.03097,0.05181,0.37614,0.22140,0.29407,0.01843
0.11403,0.00293,0.00285,0.26319,0.37989,0.22988,0.00724
0.00195,0.00035,0.06954,0.89129,0.00775,0.02210,0.00703
0.00066,0.00198,0.00006,0.19661,0.79686,0.00360,0.00023
0.00238,0.00129,0.01350,0.96691,0.00570,0.00961,0.00060
0.05156,0.06837,0.01429,0.48003,0.35084,0.02645,0.00846
0.00371,0.00127,0.00201,0.00655,0.00274,0.98232,0.00139
0.00828,0.00008,0.00272,0.87479,0.10216,0.00663,0.00534
0.00040,0.00532,0.00612,0.06524,0.52852,0.38835,0.00604
0.00282,0.00963,0.00606,0.00861,0.00567,0.96514,0.00206
0.00503,0.00946,0.04682,0.15377,0.37318,0.40280,0.00895
0.00202,0.00004,0.00006,0.92214,0.06452,0.01113,0.00009
0.00690,0.00091,0.00444,0.04172,0.02508,0.01064,0.91029
0.02849,0.01726,0.02104,0.04570,0.18468,0.64169,0.06114
0.00551,0.00002,0.00276,0.01747,0.07027,0.89966,0.00431
0.01169,0.00507,0.00314,0.56488,0.38641,0.01029,0.01852
0.30248,0.00069,0.00213,0.21526,0.01529,0.46203,0.00212
0.01706,0.07003,0.62678,0.02885,0.03951,0.20615,0.01162
0.00896,0.00116,0.00183,0.54476,0.01007,0.41842,0.01480
0.00936,0.00522,0.00151,0.17609,0.00997,0.79703,0.00082
0.00030,0.00124,0.04388,0.38078,0.00435,0.56585,0.00360
0.01668,0.03682,0.01636,0.02421,0.03614,0.54929,0.32050
0.39450,0.06841,0.41173,0.09467,0.00790,0.00811,0.01468
0.00257,0.00140,0.01913,0.07389,0.02420,0.06732,0.81151
0.00144,0.03282,0.00449,0.66733,0.01366,0.24078,0.03947
0.01093,0.00120,0.07591,0.19120,0.10289,0.61489,0.00298
0.68882,0.00017,0.01045,0.08205,0.13526,0.07912,0.00413
0.00068,0.00223,0.02762,0.92893,0.02182,0.01110,0.00762
0.00474,0.00039,0.00414,0.00825,0.00218,0.97647,0.00383
0.08725,0.00352,0.00105,0.88302,0.00364,0.01807,0.00344
0.00051,0.00110,0.00001,0.01493,0.63283,0.34550,0.00511
0.78511,0.00273,0.01965,0.07036,0.01436,0.09673,0.01105
0.03142,0.00249,0.00276,0.41273,0.00725,0.02753,0.51582
0.00273,0.00212,0.00194,0.14880,0.02173,0.00447,0.81821
0.00222,0.00390,0.00166,0.05920,0.00712,0.92558,0.00032
0.01698,0.01598,0.02477,0.33531,0.03542,0.56957,0.00197
0.00104,0.00320,0.00466,0.73716,0.02817,0.22161,0.00416
0.01080,0.00035,0.05697,0.04559,0.00302,0.88194,0.00133
0.04826,0.00097,0.00563,0.26261,0.44659,0.23570,0.00024
0.02608,0.00135,0.03709,0.09111,0.05384,0.77645,0.01408
0.00996,0.00572,0.00359,0.06030,0.01486,0.89695,0.00862
0.00045,0.00629,0.00544,0.87892,0.03530,0.05821,0.01540
0.03369,0.00981,0.07505,0.10865,0.33997,0.42875,0.00408
0.00025,0.00099,0.96055,0.01595,0.00562,0.01311,0.00354
0.00190,0.02645,0.00192,0.21569,0.51848,0.00841,0.22714
0.05272,0.02557,0.00975,0.07877,0.19721,0.61835,0.01763
0.00482,0.08995,0.00249,0.00754,0.87483,0.02017,0.00020
0.15581,0.00002,0.01017,0.13565,0.01012,0.15875,0.52948
0.00248,0.00303,0.00106,0.02862,0.00241,0.95986,0.00254
0.00118,0.00854,0.00080,0.01478,0.86353,0.10240,0.00877
0.00665,0.00082,0.00305,0.64272,0.04183,0.28261,0.02233
0.00537,0.00824,0.01491,0.14067,0.00757,0.79508,0.02816
0.00081,0.00425,0.00075,0.00583,0.24166,0.74443,0.00228
0.04954,0.00339,0.01008,0.75923,0.09093,0.04760,0.03922
0.02515,0.00414,0.01415,0.71777,0.16998,0.06649,0.00231
0.00224,0.00322,0.10235,0.00946,0.73104,0.14967,0.00203
0.01386,0.00658,0.00677,0.61495,0.22792,0.12061,0.00932
0.03274,0.03440,0.34972,0.52425,0.02519,0.00623,0.02748
0.02373,0.00000,0.00248,0.02208,0.04518,0.90152,0.00501
0.02559,0.03489,0.00514,0.31647,0.52087,0.08199,0.01505
0.00128,0.00094,0.00221,0.01862,0.00203,0.01561,0.95930
0.02429,0.01764,0.02350,0.07834,0.00209,0.85296,0.00118
0.02908,0.00846,0.00293,0.86696,0.08113,0.01011,0.00133
0.02068,0.01206,0.29227,0.21748,0.43565,0.00974,0.01212
0.02781,0.00024,0.02513,0.40322,0.00236,0.50879,0.03246
0.76493,0.00286,0.00734,0.02826,0.04283,0.14676,0.00701
0.01232,0.01322,0.00306,0.01453,0.76415,0.19196,0.00075
0.28665,0.00044,0.01243,0.17175,0.03820,0.48990,0.00063
0.00199,0.01295,0.00287,0.18886,0.11837,0.67264,0.00231
0.00299,0.00880,0.00864,0.00473,0.01743,0.51579,0.44161
0.00065,0.00506,0.00770,0.01422,0.52991,0.43944,0.00302
0.00743,0.00005,0.00357,0.93358,0.00271,0.04753,0.00513
0.83803,0.00513,0.05546,0.01300,0.00374,0.08299,0.00165
0.83092,0.00250,0.00998,0.01292,0.05187,0.07358,0.01823
0.01146,0.01637,0.07685,0.53505,0.00888,0.33756,0.01383
0.00104,0.00724,0.00138,0.01356,0.82839,0.14693,0.00145
0.00218,0.09672,0.09232,0.00687,0.00501,0.79436,0.00253
0.00130,0.00200,0.00701,0.05557,0.23189,0.02091,0.68134
0.04871,0.00311,0.01636,0.02216,0.22844,0.67975,0.00146
0.00115,0.00225,0.00628,0.91335,0.01321,0.03362,0.03014
0.01724,0.00019,0.02548,0.51290,0.01511,0.42306,0.00603
0.01426,0.02654,0.13810,0.01627,0.68594,0.11608,0.00280
0.00143,0.01431,0.00193,0.01435,0.08339,0.81995,0.06464
0.00210,0.00001,0.18994,0.09505,0.69723,0.01502,0.00065
0.00549,0.00067,0.00154,0.00399,0.10587,0.87261,0.00984
0.01377,0.00000,0.00659,0.01486,0.87553,0.07372,0.01552
0.00334,0.00022,0.01002,0.90772,0.04764,0.02886,0.00221
0.00041,0.00092,0.00211,0.65803,0.00894,0.31858,0.01102
0.00038,0.00289,0.01941,0.61633,0.01121,0.34869,0.00109
0.00196,0.00029,0.04924,0.01365,0.92796,0.00596,0.00093
0.00512,0.01095,0.00489,0.03547,0.00482,0.93477,0.00397
0.01094,0.00221,0.01469,0.32927,0.02483,0.61670,0.00135
0.01654,0.00277,0.00630,0.53579,0.40245,0.03602,0.00013
0.12418,0.00135,0.00494,0.72093,0.14013,0.00657,0.00191
0.00010,0.00245,0.00004,0.00405,0.91220,0.08029,0.00087
0.04691,0.00492,0.04414,0.00771,0.58769,0.26600,0.04263
0.29350,0.00668,0.01232,0.21936,0.08225,0.38076,0.00514
0.01403,0.00026,0.53308,0.26400,0.01595,0.16596,0.00671
0.65270,0.00526,0.00664,0.01517,0.03088,0.28379,0.00556
