0.15545,0.00435,0.28909,0.54383,0.00228,0.00439,0.00062
0.11452,0.00925,0.43506,0.39630,0.02156,0.00454,0.01876
0.04688,0.03102,0.19791,0.70406,0.00621,0.01303,0.00088
0.19653,0.04803,0.01763,0.67061,0.03245,0.00625,0.02849
0.60212,0.13420,0.23310,0.02591,0.00064,0.00258,0.00145
0.45829,0.26191,0.04578,0.21587,0.00293,0.00014,0.01508
0.02756,0.00905,0.26731,0.61967,0.02886,0.04722,0.00032
0.06010,0.10368,0.30009,0.52651,0.00291,0.00481,0.00190
0.48844,0.16822,0.09523,0.21017,0.02201,0.01593,0.00000
0.21370,0.23926,0.26562,0.27368,0.00188,0.00234,0.00352
0.01085,0.22268,0.07600,0.15738,0.51456,0.00934,0.00918
0.04023,0.01827,0.00477,0.82379,0.01346,0.09875,0.00073
0.00603,0.03606,0.08585,0.86013,0.00118,0.00997,0.00078
0.06981,0.00167,0.12354,0.56994,0.23117,0.00203,0.00184
0.06921,0.02980,0.35620,0.53341,0.00426,0.00547,0.00165
0.01733,0.04906,0.01851,0.56372,0.00249,0.34841,0.00049
0.66050,0.00217,0.00392,0.33085,0.00000,0.00159,0.00095
0.10400,0.00509,0.16012,0.71967,0.00256,0.00795,0.00060
0.18351,0.00560,0.04822,0.29620,0.02169,0.01060,0.43419
0.20719,0.00162,0.12765,0.65154,0.01086,0.00113,0.00001
0.00558,0.00388,0.43427,0.54655,0.00271,0.00492,0.00209
0.22746,0.00258,0.20435,0.35983,0.00225,0.20211,0.00142
0.00946,0.02875,0.09144,0.71989,0.00698,0.09140,0.05209
0.31884,0.00563,0.30242,0.18395,0.00434,0.17821,0.00661
0.01293,0.00357,0.74268,0.17140,0.00219,0.06375,0.00348
0.00541,0.00316,0.19609,0.73656,0.00307,0.04320,0.01252
0.23782,0.00398,0.19646,0.51013,0.00179,0.04882,0.00101
0.02320,0.02219,0.41044,0.53765,0.00047,0.00605,0.00000
0.70023,0.00560,0.02196,0.26399,0.00040,0.00437,0.00346
0.00638,0.00540,0.23115,0.01612,0.00338,0.73755,0.00002
0.01378,0.00718,0.03614,0.17524,0.00146,0.76530,0.00090
0.01525,0.02835,0.24177,0.52521,0.00255,0.00874,0.17814
0.12890,0.02305,0.12364,0.64587,0.00476,0.06739,0.00640
0.43725,0.05143,0.08306,0.37264,0.00030,0.05073,0.00458
0.00770,0.00441,0.20125,0.71336,0.05872,0.00918,0.00537
0.49327,0.00794,0.16552,0.09327,0.21481,0.02449,0.00070
0.16213,0.01527,0.00938,0.40617,0.40136,0.00548,0.00021
0.20158,0.00548,0.65094,0.04717,0.08360,0.01076,0.00048
0.11598,0.01407,0.10366,0.02399,0.20591,0.53559,0.00080
0.53221,0.06306,0.21740,0.07789,0.01065,0.06187,0.03693
0.01008,0.00372,0.91426,0.06083,0.00350,0.00618,0.00143
0.10267,0.04399,0.43995,0.33180,0.00142,0.07950,0.00066
0.67228,0.00109,0.08037,0.06228,0.01573,0.16696,0.00129
0.05788,0.01018,0.03890,0.64278,0.23597,0.00747,0.00682
0.01666,0.14530,0.43317,0.04696,0.02790,0.03867,0.29133
0.16942,0.01809,0.01079,0.77188,0.01124,0.00328,0.01530
0.41037,0.11363,0.28595,0.11679,0.00510,0.01406,0.05411
0.51373,0.00387,0.45772,0.01948,0.00208,0.00271,0.00042
0.01956,0.00498,0.03494,0.16792,0.05229,0.71307,0.00723
0.53977,0.00777,0.31451,0.06887,0.00216,0.05073,0.01619
0.72833,0.03598,0.16256,0.04083,0.00961,0.02236,0.00033
0.39979,0.00606,0.06688,0.52059,0.00187,0.00161,0.00320
0.08634,0.24117,0.05130,0.31096,0.01151,0.26942,0.02930
0.16312,0.04785,0.17901,0.57561,0.02023,0.00990,0.00429
0.44243,0.00687,0.00309,0.22452,0.00342,0.00304,0.31664
0.01078,0.40833,0.02916,0.54438,0.00105,0.00238,0.00392
0.17602,0.33371,0.16937,0.14919,0.05847,0.08836,0.02488
0.00691,0.48339,0.15436,0.09615,0.22616,0.02409,0.00893
0.01907,0.00497,0.03323,0.86280,0.06692,0.00992,0.00308
0.11506,0.01080,0.02630,0.83219,0.00354,0.00425,0.00786
0.00756,0.00950,0.66088,0.13541,0.02046,0.16291,0.00328
0.01546,0.02011,0.07323,0.50088,0.00467,0.38204,0.00361
0.08136,0.01839,0.06350,0.79655,0.00272,0.03220,0.00529
0.00961,0.84294,0.09110,0.03637,0.00055,0.01717,0.00226
0.01122,0.65340,0.00462,0.31856,0.01032,0.00163,0.00026
0.06396,0.03643,0.28022,0.26131,0.32385,0.01922,0.01502
0.05061,0.02996,0.17905,0.70674,0.01630,0.01593,0.00140
0.09943,0.00260,0.64786,0.15686,0.01867,0.06640,0.00818
0.05394,0.16864,0.05842,0.33282,0.36404,0.01086,0.01127
0.43863,0.00475,0.23974,0.22744,0.04242,0.02555,0.02147
0.02259,0.71037,0.03533,0.15279,0.06348,0.01436,0.00108
0.67140,0.00098,0.00599,0.20303,0.00784,0.06236,0.04841
0.00975,0.00598,0.46860,0.49158,0.00086,0.02304,0.00019
0.02122,0.00027,0.29669,0.55874,0.11886,0.00379,0.00042
0.01906,0.32359,0.01267,0.50004,0.10695,0.03617,0.00151
0.37311,0.04158,0.35220,0.19946,0.01327,0.00854,0.01184
0.01019,0.01854,0.02656,0.92503,0.00706,0.00287,0.00974
0.24720,0.04189,0.46758,0.16980,0.01343,0.05347,0.00664
0.00862,0.01338,0.61339,0.18121,0.17600,0.00460,0.00280
0.42203,0.10614,0.02135,0.30474,0.01062,0.13329,0.00183
0.02107,0.54695,0.10603,0.31500,0.00342,0.00720,0.00035
0.16261,0.00701,0.18383,0.63875,0.00618,0.00028,0.00133
0.27529,0.01932,0.10638,0.52241,0.00812,0.06683,0.00164
0.00982,0.00346,0.06034,0.86691,0.00311,0.04997,0.00638
0.01689,0.01805,0.11788,0.69776,0.01631,0.08187,0.05125
0.01299,0.39748,0.15866,0.41519,0.00155,0.01396,0.00017
0.08691,0.08581,0.70297,0.11628,0.00377,0.00396,0.00030
0.01033,0.19419,0.45571,0.24031,0.02171,0.03856,0.03919
0.06111,0.06116,0.46869,0.37849,0.00516,0.01497,0.01043
0.00851,0.50509,0.02178,0.45788,0.00400,0.00273,0.00000
0.00876,0.00220,0.03854,0.75942,0.18241,0.00586,0.00280
0.07660,0.01131,0.06908,0.83307,0.00128,0.00817,0.00048
0.01377,0.01857,0.60961,0.29265,0.00492,0.05978,0.00070
0.00959,0.01445,0.15006,0.55180,0.00231,0.27101,0.00078
0.00966,0.51711,0.03878,0.43211,0.00186,0.00046,0.00001
0.00826,0.00654,0.04600,0.24732,0.05754,0.62272,0.01163
0.03367,0.10517,0.05817,0.78949,0.00069,0.00674,0.00606
0.03826,0.01163,0.30767,0.14714,0.00588,0.48386,0.00556
0.08011,0.00062,0.01110,0.67090,0.23616,0.00030,0.00081
0.00443,0.00996,0.36602,0.60450,0.01233,0.00100,0.00175
