0.00221,0.00663,0.15026,0.01795,0.21145,0.11297,0.12415,0.22478,0.14658,0.00303
0.00804,0.08006,0.28363,0.15374,0.15746,0.06382,0.07182,0.13018,0.04833,0.00292
0.01758,0.02740,0.44823,0.02416,0.17124,0.03940,0.13225,0.06548,0.07226,0.00200
0.00301,0.09849,0.13585,0.05393,0.10924,0.18145,0.05655,0.30819,0.05262,0.00066
0.02609,0.12741,0.13561,0.04147,0.13916,0.21292,0.09012,0.13208,0.08926,0.00587
0.01031,0.01142,0.28496,0.02274,0.12831,0.17698,0.01904,0.18304,0.14807,0.01513
0.00735,0.01232,0.26538,0.05548,0.31012,0.08261,0.02304,0.07190,0.16842,0.00337
0.00906,0.01947,0.16488,0.27605,0.17752,0.13475,0.00398,0.14260,0.06381,0.00788
0.01893,0.01647,0.32384,0.05892,0.14173,0.21256,0.03347,0.14690,0.04711,0.00007
0.01520,0.09662,0.09561,0.13503,0.11028,0.05229,0.02252,0.27891,0.19305,0.00048
0.00298,0.03278,0.06411,0.01996,0.19909,0.15644,0.01832,0.27116,0.23360,0.00156
0.00409,0.01548,0.14772,0.19713,0.32930,0.09398,0.03109,0.03884,0.13963,0.00274
0.01217,0.02758,0.15523,0.03723,0.17348,0.09330,0.02303,0.32920,0.14585,0.00292
0.05836,0.07331,0.31281,0.08020,0.20780,0.07920,0.06162,0.06538,0.06090,0.00042
0.00812,0.00474,0.26067,0.04931,0.37281,0.07006,0.06826,0.14875,0.01289,0.00439
0.00547,0.06295,0.11510,0.24656,0.20538,0.04039,0.01379,0.25410,0.04774,0.00853
0.00252,0.07738,0.35848,0.10542,0.16949,0.02944,0.02970,0.08031,0.14615,0.00112
0.01524,0.02775,0.05242,0.01012,0.29885,0.39700,0.08106,0.07087,0.04585,0.00084
0.00920,0.04508,0.11369,0.01512,0.37359,0.14552,0.01053,0.11839,0.06008,0.10881
0.05868,0.02003,0.07462,0.04108,0.39165,0.10803,0.02304,0.24329,0.03829,0.00128
0.08789,0.01022,0.03493,0.08289,0.61870,0.01910,0.01112,0.11133,0.02216,0.00166
0.00985,0.08511,0.21554,0.01914,0.17736,0.13502,0.00491,0.32727,0.02387,0.00192
0.00254,0.03301,0.19439,0.02260,0.34714,0.06910,0.15917,0.05948,0.10681,0.00577
0.00204,0.03642,0.23521,0.04292,0.15299,0.37481,0.01030,0.11128,0.03299,0.00106
0.00937,0.02314,0.11113,0.01509,0.24620,0.14388,0.21744,0.13720,0.07900,0.01754
0.01401,0.01925,0.44894,0.06803,0.33856,0.01097,0.01153,0.06470,0.02331,0.00068
0.00214,0.01579,0.13016,0.01878,0.17863,0.02582,0.23645,0.35024,0.03444,0.00753
0.01772,0.01466,0.27462,0.06192,0.13553,0.15054,0.03852,0.26400,0.02981,0.01269
0.01243,0.00862,0.23491,0.07855,0.35061,0.06074,0.08327,0.14906,0.01742,0.00439
0.01270,0.02563,0.12838,0.08334,0.31964,0.16225,0.04276,0.10949,0.08622,0.02959
0.00626,0.31822,0.12221,0.10330,0.27570,0.03973,0.01202,0.08057,0.03780,0.00420
0.01669,0.02263,0.17215,0.04449,0.10708,0.10478,0.06795,0.36846,0.08805,0.00772
0.00997,0.01053,0.28889,0.02173,0.40453,0.11828,0.01316,0.04352,0.08810,0.00128
0.02415,0.02128,0.17622,0.09884,0.28260,0.06970,0.02099,0.23575,0.06854,0.00192
0.01100,0.03770,0.28925,0.03015,0.25229,0.22021,0.03439,0.07618,0.04648,0.00234
0.04140,0.01700,0.23435,0.05833,0.26131,0.03619,0.09439,0.12288,0.13314,0.00101
0.00100,0.00762,0.08411,0.07183,0.18638,0.26223,0.15640,0.16679,0.05984,0.00381
0.00393,0.09569,0.31239,0.06026,0.20670,0.19626,0.02532,0.08049,0.01808,0.00087
0.01129,0.07909,0.20601,0.06620,0.26179,0.16223,0.01890,0.13346,0.06002,0.00101
0.03383,0.03050,0.11311,0.02297,0.34463,0.09066,0.06605,0.18810,0.08596,0.02419
0.00717,0.21650,0.03389,0.14524,0.18505,0.04754,0.01133,0.32047,0.03186,0.00093
0.02278,0.03033,0.19618,0.05025,0.29747,0.15003,0.01047,0.16336,0.07844,0.00070
0.01040,0.01572,0.38547,0.07777,0.23167,0.06216,0.01790,0.16380,0.03448,0.00063
0.00255,0.14720,0.05211,0.06967,0.42568,0.05932,0.03618,0.12109,0.07709,0.00911
0.00984,0.00956,0.18391,0.02208,0.32398,0.02436,0.00433,0.34512,0.07381,0.00300
0.00905,0.01889,0.09520,0.03219,0.38439,0.17732,0.08712,0.14574,0.04328,0.00683
0.01739,0.02755,0.25465,0.02210,0.46102,0.06495,0.02013,0.09470,0.03211,0.00540
0.00542,0.06172,0.10373,0.04852,0.17168,0.06774,0.03580,0.11398,0.38799,0.00341
0.01073,0.00746,0.16726,0.09740,0.38852,0.01931,0.03864,0.21511,0.04009,0.01548
0.01891,0.13481,0.18790,0.15336,0.11983,0.10226,0.04634,0.14490,0.09001,0.00168
0.01102,0.02005,0.22914,0.09483,0.22811,0.08736,0.03960,0.14194,0.12663,0.02130
0.00277,0.00813,0.14224,0.02746,0.38539,0.31609,0.03464,0.03522,0.04389,0.00416
0.01394,0.01281,0.30260,0.04594,0.34644,0.02603,0.02030,0.08888,0.13746,0.00561
0.01608,0.07433,0.24073,0.19362,0.19261,0.05189,0.06838,0.06509,0.03740,0.05986
0.00755,0.00668,0.40830,0.01230,0.23390,0.04785,0.01614,0.23917,0.02534,0.00279
0.01208,0.01230,0.26054,0.30434,0.06592,0.07204,0.02319,0.20895,0.03952,0.00111
0.00130,0.00807,0.16033,0.10083,0.30770,0.04516,0.03620,0.26667,0.05963,0.01412
0.00640,0.01639,0.24113,0.02957,0.31815,0.21678,0.03279,0.11224,0.02482,0.00172
0.00706,0.05797,0.15069,0.05453,0.40668,0.05977,0.00848,0.12821,0.12585,0.00075
0.01439,0.11064,0.12308,0.13239,0.17519,0.17343,0.03400,0.16977,0.06582,0.00128
0.00726,0.01050,0.18597,0.06068,0.22728,0.16917,0.01227,0.17119,0.14809,0.00759
0.00190,0.00918,0.25573,0.20532,0.26178,0.08266,0.00958,0.12473,0.04320,0.00593
0.00152,0.01616,0.18572,0.06285,0.12110,0.19861,0.11617,0.26706,0.02396,0.00686
0.00748,0.03008,0.19437,0.15463,0.17679,0.02026,0.15538,0.25242,0.00792,0.00067
0.00793,0.01112,0.25508,0.02107,0.11889,0.26127,0.11873,0.11173,0.09214,0.00204
0.01153,0.02543,0.42291,0.03582,0.21078,0.12860,0.03399,0.10099,0.02785,0.00210
0.00851,0.10538,0.13542,0.05591,0.26248,0.18262,0.02957,0.08477,0.13223,0.00311
0.00905,0.01526,0.23185,0.07364,0.20270,0.19360,0.09453,0.15544,0.01871,0.00521
0.00892,0.01790,0.24462,0.08980,0.07933,0.10466,0.02516,0.10447,0.07875,0.24639
0.01802,0.02739,0.18168,0.02637,0.27025,0.03178,0.08931,0.06497,0.28083,0.00941
0.02524,0.01703,0.11899,0.00825,0.31547,0.08173,0.01466,0.33698,0.07269,0.00896
0.01496,0.02953,0.11446,0.12848,0.27264,0.04947,0.02576,0.24731,0.11577,0.00161
0.00276,0.04140,0.04761,0.04938,0.25409,0.12400,0.06261,0.31887,0.09232,0.00697
0.00410,0.01162,0.21345,0.06401,0.31003,0.05129,0.01176,0.27869,0.05379,0.00126
0.00391,0.01070,0.24599,0.14203,0.28786,0.12145,0.03390,0.14763,0.00529,0.00124
0.01816,0.01644,0.14095,0.19009,0.11551,0.17596,0.01062,0.27224,0.05912,0.00090
0.02092,0.01852,0.26017,0.09960,0.11209,0.12222,0.02466,0.22741,0.08766,0.02675
0.00350,0.06964,0.16029,0.01757,0.45644,0.11601,0.03483,0.06837,0.07104,0.00231
0.00204,0.00704,0.27971,0.02929,0.24001,0.15895,0.00781,0.13237,0.13800,0.00478
0.00620,0.00351,0.12408,0.04392,0.38855,0.27958,0.01245,0.09931,0.04112,0.00128
0.00425,0.00729,0.20273,0.07559,0.13652,0.26677,0.04889,0.20212,0.05478,0.00105
0.10234,0.04587,0.08774,0.12477,0.21424,0.14792,0.02583,0.15346,0.09585,0.00198
0.00697,0.05466,0.16991,0.02753,0.32612,0.07480,0.02022,0.11213,0.20397,0.00370
0.00166,0.01894,0.08761,0.02587,0.16587,0.19537,0.02100,0.26729,0.21443,0.00195
0.00223,0.01673,0.15395,0.12771,0.29383,0.03575,0.00969,0.28198,0.06610,0.01204
0.01951,0.03483,0.17479,0.06507,0.17100,0.16606,0.03080,0.29744,0.03796,0.00253
0.02852,0.01551,0.30291,0.02287,0.31543,0.06702,0.01626,0.20766,0.02281,0.00101
0.00294,0.02664,0.21245,0.08151,0.41001,0.02905,0.08829,0.10167,0.04731,0.00012
0.06381,0.00771,0.07398,0.10124,0.24053,0.08304,0.02884,0.35259,0.04600,0.00225
0.00445,0.01338,0.21334,0.07240,0.34582,0.06456,0.00875,0.14246,0.13363,0.00120
0.00427,0.00593,0.22668,0.09653,0.30017,0.21621,0.00915,0.09445,0.04450,0.00210
0.02485,0.06469,0.08683,0.32625,0.29417,0.03455,0.03570,0.06930,0.05802,0.00564
0.00710,0.00697,0.09240,0.18908,0.16323,0.17588,0.02547,0.26654,0.07132,0.00201
0.00733,0.01190,0.18060,0.08625,0.27618,0.04940,0.10074,0.03796,0.23194,0.01771
0.00579,0.05673,0.17611,0.12588,0.27167,0.12586,0.01135,0.04488,0.17800,0.00374
0.00666,0.02627,0.18665,0.03219,0.49909,0.08585,0.01813,0.09613,0.04858,0.00045
0.00540,0.02608,0.29999,0.09398,0.18342,0.27567,0.02013,0.07039,0.02245,0.00251
0.02242,0.01632,0.30923,0.22057,0.06199,0.06983,0.03931,0.14607,0.10826,0.00601
0.01412,0.01208,0.17581,0.07759,0.17037,0.11089,0.00957,0.38563,0.04305,0.00089
0.00523,0.06143,0.08976,0.04092,0.26980,0.06467,0.14932,0.28715,0.02956,0.00217
