0.03679,0.17794,0.12937,0.02586,0.00161,0.03182,0.07842,0.06303,0.05808,0.00708,0.18085,0.14172,0.01828,0.03319,0.01595
0.14406,0.08820,0.10521,0.02545,0.00242,0.01870,0.10267,0.06001,0.01652,0.00245,0.06952,0.14036,0.07173,0.10156,0.05113
0.05214,0.06166,0.07189,0.02156,0.00245,0.05390,0.23911,0.08384,0.04510,0.00327,0.15082,0.15430,0.01009,0.01705,0.03283
0.07347,0.08107,0.02043,0.03681,0.00274,0.02667,0.05725,0.06684,0.05553,0.00412,0.13227,0.29096,0.02848,0.10463,0.01872
0.11691,0.25802,0.01636,0.02372,0.00099,0.02704,0.11027,0.02919,0.13853,0.00230,0.09720,0.10379,0.02973,0.03285,0.01311
0.02064,0.08536,0.02479,0.19637,0.00498,0.04348,0.03120,0.20684,0.09071,0.00196,0.10282,0.12058,0.01871,0.03507,0.01647
0.04759,0.01914,0.01882,0.02106,0.00442,0.04365,0.30554,0.17703,0.12101,0.00207,0.05071,0.10967,0.01205,0.04164,0.02560
0.10269,0.11306,0.06770,0.01134,0.00169,0.04688,0.04835,0.08823,0.01790,0.00350,0.11056,0.32674,0.01807,0.02361,0.01966
0.13610,0.09918,0.01653,0.01277,0.00311,0.01588,0.23654,0.03184,0.04074,0.00361,0.13003,0.10504,0.02289,0.05737,0.08838
0.01969,0.06096,0.01671,0.01318,0.00215,0.06512,0.12922,0.05068,0.03695,0.00232,0.19131,0.29092,0.01083,0.08667,0.02330
0.08659,0.10123,0.00612,0.02151,0.00082,0.03546,0.16718,0.03344,0.05862,0.00243,0.28332,0.12388,0.03407,0.01577,0.02955
0.04202,0.14105,0.01296,0.01987,0.00660,0.04287,0.11058,0.03220,0.10872,0.00340,0.25888,0.17329,0.00954,0.01544,0.02256
0.13810,0.04536,0.01954,0.01946,0.00246,0.09813,0.21950,0.08815,0.06015,0.00842,0.10393,0.11812,0.02641,0.02539,0.02688
0.03924,0.03213,0.01221,0.18451,0.00289,0.08896,0.17100,0.02309,0.07219,0.00237,0.09518,0.11982,0.07690,0.05481,0.02468
0.02728,0.13585,0.02880,0.09677,0.00140,0.02112,0.14168,0.03846,0.08096,0.00240,0.12261,0.08430,0.09756,0.06127,0.05956
0.05513,0.17510,0.02725,0.01902,0.00099,0.07005,0.07529,0.05312,0.11326,0.00423,0.13297,0.17928,0.02932,0.04705,0.01793
0.02313,0.10308,0.13413,0.14565,0.00248,0.05804,0.05596,0.02087,0.10377,0.00666,0.13889,0.07538,0.09144,0.02484,0.01568
0.12551,0.05764,0.02976,0.02020,0.00197,0.02477,0.10292,0.10935,0.08349,0.00395,0.05080,0.21141,0.08549,0.02316,0.06958
0.05612,0.04854,0.04986,0.04043,0.00311,0.03036,0.16202,0.09909,0.05287,0.00456,0.21894,0.11502,0.02068,0.03264,0.06576
0.05170,0.14112,0.01215,0.03371,0.00132,0.02913,0.23514,0.19697,0.04126,0.00381,0.11247,0.07209,0.01317,0.02221,0.03374
0.02333,0.04034,0.01637,0.01511,0.00097,0.04899,0.08176,0.30487,0.04780,0.00246,0.24390,0.12114,0.01771,0.02108,0.01419
0.07960,0.12044,0.02561,0.04357,0.00450,0.04660,0.20217,0.01686,0.12160,0.00344,0.10088,0.15514,0.02903,0.01900,0.03156
0.06572,0.27614,0.01400,0.04785,0.00309,0.03210,0.12610,0.03959,0.02249,0.01267,0.09982,0.12725,0.02334,0.08119,0.02865
0.06327,0.08742,0.04226,0.01515,0.00095,0.01680,0.05070,0.03177,0.07873,0.00183,0.26043,0.07445,0.00974,0.23112,0.03537
0.10608,0.02864,0.02379,0.10424,0.00109,0.05027,0.05489,0.15830,0.18496,0.00471,0.04385,0.17318,0.02950,0.02397,0.01252
0.09544,0.22769,0.02992,0.01181,0.00112,0.05090,0.12735,0.03967,0.03501,0.00298,0.10129,0.11821,0.09446,0.02893,0.03522
0.04850,0.05268,0.03423,0.02201,0.00540,0.02753,0.06396,0.02458,0.19900,0.00444,0.16898,0.19731,0.06004,0.07851,0.01284
0.04563,0.03295,0.03084,0.02959,0.00262,0.02629,0.21716,0.01971,0.04180,0.00175,0.32429,0.10246,0.00990,0.03695,0.07807
0.06651,0.12214,0.04018,0.01812,0.00101,0.05375,0.16307,0.07027,0.04500,0.00210,0.15579,0.13695,0.09014,0.02302,0.01194
0.05764,0.05134,0.03149,0.08010,0.00258,0.04484,0.13122,0.05800,0.03477,0.00306,0.33350,0.13766,0.01176,0.01011,0.01191
0.01670,0.08397,0.06727,0.11183,0.00510,0.03045,0.23009,0.02367,0.02966,0.00161,0.19286,0.16078,0.00704,0.01604,0.02293
0.05265,0.04414,0.02233,0.01483,0.00135,0.06076,0.30709,0.13295,0.11638,0.00442,0.05927,0.09554,0.00932,0.06627,0.01270
0.04409,0.03439,0.02378,0.05734,0.00163,0.04067,0.24164,0.04959,0.17351,0.00469,0.21905,0.05141,0.00741,0.03883,0.01197
0.02072,0.07618,0.01828,0.11802,0.00157,0.02328,0.03811,0.30869,0.02830,0.00270,0.06445,0.24491,0.01359,0.01839,0.02280
0.04261,0.07870,0.02543,0.01926,0.00266,0.06829,0.06673,0.03344,0.02695,0.00678,0.19139,0.21236,0.00965,0.17458,0.04118
0.03475,0.12212,0.02302,0.01847,0.00257,0.02178,0.15786,0.12694,0.08353,0.00196,0.12010,0.21800,0.01033,0.03137,0.02722
0.02489,0.09489,0.01403,0.01628,0.01197,0.09489,0.06708,0.12398,0.07679,0.00344,0.33351,0.07917,0.01483,0.02264,0.02161
0.16802,0.11839,0.02189,0.00810,0.00583,0.05668,0.08175,0.02922,0.08340,0.00638,0.17457,0.16982,0.01642,0.01618,0.04337
0.05552,0.18840,0.07378,0.02021,0.00128,0.02199,0.11410,0.02336,0.06424,0.01910,0.22086,0.12574,0.01970,0.04080,0.01091
0.04164,0.02987,0.03136,0.05201,0.00169,0.09881,0.13589,0.23612,0.04287,0.01046,0.15683,0.05624,0.01173,0.06616,0.02832
0.03881,0.11319,0.03765,0.02063,0.00334,0.14030,0.07760,0.02938,0.05321,0.00498,0.17477,0.22819,0.01395,0.04847,0.01551
0.03048,0.25424,0.04079,0.01716,0.00110,0.08681,0.20992,0.02604,0.05853,0.00555,0.06850,0.11995,0.05705,0.01634,0.00754
0.06406,0.02493,0.08830,0.02698,0.00514,0.02034,0.38238,0.01205,0.02780,0.00423,0.08771,0.19263,0.01690,0.03196,0.01457
0.06169,0.06618,0.05150,0.04170,0.00786,0.06255,0.13618,0.32415,0.03062,0.00250,0.09913,0.06817,0.01606,0.01647,0.01523
0.06250,0.06120,0.05134,0.01052,0.00138,0.03795,0.02870,0.08431,0.02398,0.00169,0.37334,0.13757,0.00659,0.09549,0.02344
0.03632,0.09467,0.07295,0.01707,0.00198,0.03237,0.16772,0.01562,0.02610,0.00537,0.35572,0.14448,0.00713,0.01155,0.01096
0.01896,0.03919,0.04961,0.16945,0.00193,0.04149,0.05573,0.14015,0.02124,0.00401,0.12415,0.17579,0.00977,0.03778,0.11074
0.09160,0.03525,0.14656,0.01594,0.00131,0.07254,0.15229,0.03615,0.03206,0.00158,0.12802,0.12412,0.04770,0.07170,0.04319
0.06402,0.09242,0.04419,0.02889,0.00145,0.03935,0.07261,0.07748,0.06042,0.01743,0.20272,0.21589,0.04595,0.01492,0.02226
0.03355,0.04859,0.05171,0.03000,0.00593,0.12819,0.14241,0.12999,0.04785,0.00332,0.10190,0.12275,0.01196,0.02950,0.11233
0.09885,0.04922,0.15476,0.01089,0.00745,0.03359,0.12783,0.05127,0.06228,0.00295,0.17687,0.05891,0.06983,0.04760,0.04771
0.05795,0.12193,0.02141,0.02733,0.00245,0.03341,0.12546,0.07588,0.12527,0.00277,0.09243,0.22833,0.01074,0.02444,0.05021
0.16214,0.06012,0.02544,0.02113,0.00447,0.08546,0.10989,0.09950,0.04013,0.00453,0.12041,0.09915,0.11999,0.03013,0.01750
0.03567,0.12447,0.01423,0.01375,0.00126,0.01499,0.09094,0.03099,0.13302,0.00213,0.25605,0.12799,0.06197,0.08203,0.01052
0.05382,0.32504,0.01991,0.05746,0.00100,0.01258,0.08064,0.04291,0.05296,0.00185,0.11506,0.14835,0.00476,0.04445,0.03921
0.05357,0.07881,0.01727,0.02657,0.00201,0.04439,0.05480,0.11805,0.07132,0.01143,0.11747,0.16812,0.00768,0.01994,0.20857
0.10824,0.06824,0.01715,0.01476,0.00232,0.02382,0.09858,0.04428,0.01698,0.01398,0.40224,0.10760,0.03222,0.03112,0.01846
0.06835,0.18430,0.05509,0.08083,0.00217,0.05247,0.03597,0.07076,0.11020,0.00189,0.12615,0.10265,0.03605,0.05329,0.01984
0.04214,0.03793,0.01897,0.01198,0.00304,0.10284,0.33506,0.09543,0.04629,0.00324,0.14593,0.09839,0.02453,0.02336,0.01087
0.04123,0.13022,0.01094,0.02592,0.00264,0.11752,0.07669,0.10430,0.07955,0.00775,0.07281,0.24238,0.01460,0.04651,0.02694
0.12142,0.09834,0.01349,0.03412,0.00249,0.04500,0.22164,0.04586,0.05821,0.00288,0.08706,0.06885,0.09154,0.09514,0.01395
0.11097,0.07176,0.03866,0.02548,0.00163,0.04052,0.08241,0.02484,0.10773,0.00346,0.14246,0.19828,0.00774,0.11900,0.02506
0.02761,0.25650,0.01071,0.05623,0.00171,0.05189,0.11793,0.08290,0.03635,0.00281,0.18254,0.13330,0.01282,0.01442,0.01228
0.08418,0.03695,0.03254,0.03998,0.00671,0.07668,0.10197,0.04682,0.06165,0.00202,0.14600,0.18626,0.01030,0.13485,0.03309
0.09457,0.12128,0.01352,0.01026,0.00194,0.03958,0.10705,0.04147,0.04243,0.00322,0.17511,0.25232,0.02826,0.02673,0.04227
0.06490,0.06625,0.24195,0.04071,0.00497,0.04519,0.04549,0.03595,0.09888,0.00307,0.16854,0.10362,0.03989,0.01845,0.02215
0.29901,0.03479,0.02946,0.02611,0.00717,0.07582,0.15776,0.06263,0.05590,0.00387,0.07764,0.07750,0.00885,0.05943,0.02405
0.04105,0.04414,0.02354,0.02052,0.00274,0.03263,0.13398,0.08803,0.01853,0.00332,0.14638,0.17618,0.01733,0.02040,0.23124
0.09992,0.04277,0.01715,0.00947,0.00324,0.13744,0.22033,0.03562,0.16176,0.00393,0.09452,0.09464,0.01453,0.05416,0.01051
0.03510,0.05645,0.01513,0.01234,0.14630,0.02712,0.08341,0.05648,0.06236,0.00499,0.33485,0.10978,0.02271,0.01185,0.02112
0.06856,0.07063,0.01365,0.01779,0.00233,0.09267,0.12906,0.15266,0.23887,0.00193,0.05462,0.09523,0.01101,0.03936,0.01162
0.06167,0.06943,0.05200,0.03309,0.00177,0.03056,0.08547,0.02283,0.18431,0.00171,0.26065,0.05982,0.02806,0.01391,0.09470
0.04931,0.14388,0.01564,0.10357,0.00670,0.01727,0.12042,0.12246,0.09021,0.00126,0.08093,0.17617,0.00815,0.05075,0.01328
0.10940,0.23262,0.03856,0.03514,0.00357,0.01154,0.02472,0.02707,0.02759,0.00388,0.16871,0.09463,0.03926,0.08576,0.09755
0.02645,0.07167,0.01506,0.08482,0.00198,0.05382,0.10470,0.13417,0.04933,0.01076,0.23414,0.08512,0.04190,0.06527,0.02081
0.05000,0.03000,0.01488,0.05104,0.00075,0.18346,0.23260,0.07391,0.05395,0.00162,0.19142,0.06855,0.02089,0.01471,0.01222
0.03512,0.04236,0.05373,0.22701,0.00375,0.02151,0.08105,0.05084,0.06869,0.00144,0.25523,0.10683,0.00808,0.03294,0.01144
0.09868,0.02753,0.01155,0.08131,0.00072,0.08895,0.24558,0.05912,0.05022,0.00341,0.17998,0.07686,0.02098,0.02277,0.03234
0.09965,0.07272,0.02613,0.03669,0.00116,0.06736,0.08641,0.24457,0.05449,0.00805,0.07879,0.06324,0.00632,0.12442,0.03001
0.14597,0.11728,0.02710,0.02090,0.00327,0.08601,0.06569,0.11714,0.06949,0.00324,0.06008,0.22502,0.00861,0.02579,0.02439
0.04413,0.04524,0.02923,0.01414,0.00253,0.05076,0.12708,0.14960,0.04389,0.00254,0.26346,0.10946,0.00839,0.09214,0.01743
0.06002,0.08715,0.02237,0.02218,0.00204,0.04711,0.07085,0.03556,0.04203,0.00589,0.07734,0.08300,0.03603,0.16560,0.24283
0.08730,0.09300,0.08949,0.02834,0.00411,0.10450,0.08992,0.03573,0.03538,0.00556,0.12213,0.14979,0.02170,0.07996,0.05311
0.10135,0.02532,0.02610,0.02902,0.00244,0.08964,0.07993,0.07225,0.04647,0.00478,0.11629,0.36889,0.01374,0.01462,0.00915
0.05329,0.04915,0.02677,0.02657,0.00094,0.02960,0.10830,0.06302,0.01789,0.00311,0.11075,0.22641,0.10531,0.16948,0.00941
0.09455,0.09182,0.11274,0.01029,0.00219,0.01498,0.16010,0.02664,0.04560,0.00675,0.26095,0.08612,0.01472,0.03950,0.03306
0.06921,0.09067,0.01969,0.01723,0.00154,0.02583,0.03411,0.02454,0.08095,0.02642,0.12203,0.28450,0.01338,0.17047,0.01944
0.02039,0.03058,0.00865,0.01115,0.00238,0.05758,0.07607,0.04001,0.34247,0.01120,0.22423,0.10549,0.02064,0.03599,0.01317
0.15017,0.03312,0.01379,0.01270,0.00142,0.03590,0.06978,0.15117,0.01934,0.00120,0.33193,0.12155,0.01441,0.03765,0.00586
0.06654,0.09845,0.00804,0.00776,0.00244,0.05963,0.43345,0.01799,0.01238,0.00872,0.06837,0.14872,0.01197,0.03216,0.02337
0.15393,0.07140,0.02757,0.02042,0.04791,0.06071,0.09020,0.04407,0.02973,0.00442,0.30104,0.05468,0.01135,0.04642,0.03614
0.12124,0.03421,0.01902,0.01448,0.00379,0.07352,0.16040,0.01881,0.05233,0.00584,0.06105,0.37463,0.00770,0.02792,0.02504
0.04638,0.10730,0.05692,0.05221,0.00229,0.04406,0.11956,0.04028,0.03698,0.00151,0.23125,0.17849,0.04501,0.02540,0.01235
0.04360,0.08323,0.05748,0.01539,0.00442,0.12346,0.17109,0.12868,0.01799,0.00527,0.04993,0.25106,0.01749,0.01784,0.01309
0.08273,0.09700,0.01846,0.00670,0.00186,0.02585,0.15235,0.04515,0.06134,0.00209,0.30851,0.13463,0.01673,0.02469,0.02192
0.11927,0.09585,0.01621,0.02470,0.00157,0.01995,0.07868,0.04173,0.06828,0.00167,0.28765,0.07317,0.03788,0.03398,0.09941
0.10745,0.05959,0.02454,0.01603,0.00245,0.11877,0.04328,0.02240,0.08358,0.00491,0.14498,0.26362,0.01775,0.07200,0.01867
0.03106,0.03108,0.01294,0.01140,0.00133,0.02925,0.12207,0.02557,0.02125,0.00292,0.09388,0.57938,0.01240,0.01721,0.00826
0.16064,0.08803,0.03012,0.01393,0.00374,0.15340,0.11712,0.02402,0.05100,0.00459,0.09116,0.18591,0.02185,0.02145,0.03303
0.05081,0.06102,0.06359,0.01419,0.00154,0.05450,0.14312,0.03993,0.04033,0.00241,0.17786,0.10121,0.14387,0.07622,0.02939
