0.09920,0.04390,0.05251,0.15917,0.03660,0.00781,0.08411,0.20708,0.06433,0.02343,0.00397,0.11157,0.00587,0.00377,0.01457,0.02512,0.04026,0.00354,0.00353,0.00968
0.09530,0.04614,0.08744,0.10210,0.03932,0.01059,0.03446,0.13139,0.11442,0.01459,0.00215,0.04187,0.02491,0.00546,0.04381,0.02419,0.13429,0.02504,0.00873,0.01382
0.14624,0.07311,0.08339,0.07872,0.09283,0.02064,0.04263,0.09337,0.06304,0.01949,0.00367,0.09962,0.01270,0.00512,0.01650,0.03356,0.08898,0.00613,0.00648,0.01380
0.19158,0.03980,0.04329,0.06789,0.02828,0.01012,0.03630,0.07887,0.09059,0.03157,0.00309,0.04777,0.09852,0.00375,0.09510,0.04650,0.02394,0.00777,0.03218,0.02309
0.08767,0.01787,0.13251,0.19598,0.03490,0.01241,0.01506,0.06295,0.07001,0.02462,0.00545,0.05897,0.00757,0.00302,0.09194,0.02341,0.12262,0.01115,0.01612,0.00578
0.11014,0.02793,0.03832,0.17073,0.04025,0.02291,0.06268,0.07728,0.12523,0.10973,0.01745,0.06214,0.01928,0.00317,0.02400,0.03289,0.02698,0.00660,0.01465,0.00765
0.07893,0.02046,0.02428,0.31738,0.03675,0.00647,0.04475,0.12602,0.04038,0.04046,0.00304,0.06487,0.03172,0.00680,0.03939,0.02364,0.04687,0.02365,0.01392,0.01021
0.05808,0.04494,0.15204,0.11225,0.01558,0.04039,0.02500,0.18587,0.05132,0.04296,0.00391,0.04395,0.01381,0.00763,0.01773,0.10128,0.05181,0.00942,0.00987,0.01216
0.08778,0.04189,0.03318,0.19314,0.06633,0.00738,0.07215,0.18738,0.09371,0.01896,0.00401,0.02324,0.00668,0.00409,0.02154,0.04556,0.04114,0.00696,0.01626,0.02862
0.14857,0.06717,0.10089,0.17163,0.05472,0.00616,0.04074,0.07138,0.12241,0.01521,0.00317,0.03499,0.00834,0.00405,0.03789,0.01702,0.06303,0.01180,0.00837,0.01247
0.07572,0.05975,0.05620,0.10867,0.01028,0.05434,0.04724,0.11843,0.11271,0.08961,0.00414,0.04134,0.01302,0.00498,0.05948,0.04874,0.05479,0.01502,0.00957,0.01598
0.08865,0.12539,0.06287,0.15811,0.01744,0.00569,0.06735,0.12988,0.04631,0.04791,0.00701,0.04680,0.01720,0.00767,0.04683,0.03135,0.02566,0.01321,0.03444,0.02023
0.18683,0.09868,0.06787,0.10942,0.02357,0.00846,0.04189,0.11072,0.07308,0.03121,0.00362,0.03491,0.01825,0.00428,0.05738,0.05059,0.03489,0.01044,0.01372,0.02020
0.08389,0.04639,0.03553,0.07961,0.13720,0.00704,0.04959,0.10093,0.11649,0.08082,0.00476,0.05864,0.02959,0.01066,0.02455,0.03095,0.07330,0.00839,0.01158,0.01008
0.05127,0.07507,0.18758,0.07932,0.01796,0.01149,0.02622,0.06094,0.11919,0.07288,0.00367,0.03254,0.01433,0.00980,0.01785,0.07038,0.07137,0.03268,0.03656,0.00889
0.15932,0.06042,0.03932,0.18791,0.02358,0.03141,0.05751,0.10786,0.07468,0.02198,0.00397,0.04530,0.01038,0.00698,0.04100,0.06039,0.01778,0.00725,0.00522,0.03773
0.07631,0.04685,0.03735,0.16960,0.03996,0.00858,0.03324,0.07465,0.15784,0.06181,0.00607,0.04644,0.02557,0.01525,0.05504,0.05436,0.05271,0.00661,0.01815,0.01357
0.10417,0.12261,0.05320,0.11335,0.03736,0.00901,0.02981,0.09421,0.18006,0.01381,0.00196,0.04082,0.02770,0.00437,0.02261,0.05774,0.04769,0.01718,0.00622,0.01611
0.14844,0.06620,0.06597,0.08123,0.03106,0.01011,0.03779,0.06388,0.09491,0.01245,0.00524,0.05254,0.07418,0.00283,0.02522,0.09724,0.08187,0.01351,0.00803,0.02730
0.12782,0.03838,0.07936,0.11945,0.01398,0.01218,0.06634,0.15478,0.08367,0.03431,0.00756,0.05182,0.01890,0.00470,0.04566,0.04833,0.05318,0.02210,0.00734,0.01013
0.11202,0.04856,0.07793,0.07172,0.04517,0.01051,0.02195,0.07216,0.09763,0.15987,0.00405,0.01914,0.03770,0.01730,0.05371,0.03827,0.06865,0.01011,0.01915,0.01441
0.06172,0.02606,0.04524,0.14430,0.05259,0.00828,0.05921,0.10377,0.06367,0.03781,0.00730,0.07329,0.01930,0.00459,0.03777,0.15329,0.06906,0.00652,0.01090,0.01532
0.09514,0.06043,0.12658,0.12474,0.02790,0.02178,0.02827,0.16473,0.10779,0.02633,0.00333,0.03414,0.04657,0.00278,0.02997,0.03703,0.02950,0.00692,0.01996,0.00610
0.11790,0.07561,0.04035,0.22654,0.03185,0.00755,0.02917,0.08168,0.05218,0.07238,0.00876,0.08427,0.01558,0.00553,0.01612,0.02182,0.06411,0.01075,0.00719,0.03065
0.26963,0.04364,0.03604,0.06124,0.03134,0.02107,0.04057,0.14836,0.05917,0.01990,0.00414,0.07270,0.00918,0.01911,0.04772,0.02963,0.05303,0.00714,0.00434,0.02205
0.05665,0.01725,0.21763,0.09244,0.02978,0.01281,0.09894,0.03161,0.03564,0.03893,0.00491,0.07036,0.01034,0.00599,0.01568,0.04182,0.17892,0.00962,0.00580,0.02490
0.08645,0.04322,0.10293,0.18317,0.01816,0.00711,0.05538,0.07680,0.07588,0.02452,0.00270,0.07067,0.02745,0.01691,0.03084,0.02689,0.08713,0.04368,0.00793,0.01217
0.18336,0.03816,0.02479,0.07380,0.01330,0.01077,0.16708,0.06974,0.11505,0.01603,0.00215,0.07020,0.01551,0.00310,0.01476,0.06167,0.07274,0.00861,0.02098,0.01820
0.10251,0.02635,0.04885,0.15486,0.02655,0.02449,0.02879,0.05936,0.09714,0.01811,0.00816,0.04748,0.06366,0.00374,0.03131,0.16175,0.06397,0.00735,0.00675,0.01882
0.08232,0.06187,0.06622,0.12722,0.02088,0.01120,0.05659,0.06598,0.07654,0.04938,0.00395,0.15154,0.02232,0.00669,0.03256,0.08667,0.03672,0.00822,0.00819,0.02495
0.06713,0.11608,0.05521,0.15798,0.03367,0.01545,0.06325,0.05894,0.06287,0.05024,0.00553,0.04586,0.03369,0.01361,0.06547,0.04294,0.06760,0.01222,0.01571,0.01655
0.14108,0.09537,0.05096,0.08105,0.01856,0.00777,0.03403,0.11685,0.05346,0.02410,0.00238,0.12364,0.01817,0.00362,0.03015,0.05481,0.09916,0.01243,0.01246,0.01995
0.11451,0.05003,0.03835,0.13242,0.02013,0.01814,0.07022,0.09515,0.08093,0.01548,0.00580,0.08042,0.10185,0.00502,0.03789,0.03180,0.05310,0.00553,0.01128,0.03193
0.08592,0.04502,0.04580,0.07439,0.02194,0.00593,0.04077,0.16387,0.21725,0.01003,0.00478,0.03561,0.01024,0.00490,0.05846,0.03260,0.11673,0.00710,0.00928,0.00937
0.08674,0.06889,0.07225,0.15581,0.06074,0.02241,0.02454,0.05821,0.17728,0.03726,0.01039,0.05442,0.01612,0.00297,0.02395,0.04083,0.03869,0.00434,0.02848,0.01569
0.08459,0.17868,0.06630,0.16495,0.02092,0.00871,0.02222,0.06981,0.06902,0.04125,0.00620,0.09280,0.03759,0.00259,0.01912,0.01574,0.06551,0.00743,0.00918,0.01740
0.17029,0.04006,0.13375,0.23077,0.03715,0.01124,0.02979,0.13241,0.04294,0.01441,0.00252,0.03532,0.01781,0.00591,0.01843,0.02620,0.02587,0.00525,0.00781,0.01208
0.07629,0.08462,0.05278,0.08840,0.02780,0.00997,0.06369,0.08300,0.18418,0.01718,0.00369,0.04569,0.00847,0.00269,0.06115,0.06666,0.08233,0.02141,0.00672,0.01327
0.25600,0.05450,0.02887,0.08133,0.03076,0.00730,0.05153,0.12728,0.11451,0.01706,0.00442,0.05179,0.01481,0.00330,0.07089,0.02842,0.02670,0.00457,0.01342,0.01254
0.06092,0.04318,0.03356,0.11693,0.02782,0.01944,0.02024,0.07602,0.10437,0.05484,0.00303,0.29475,0.01855,0.00301,0.02668,0.02164,0.03955,0.00492,0.01522,0.01532
0.08633,0.21264,0.01909,0.09983,0.04071,0.04223,0.03482,0.12957,0.09808,0.01570,0.00478,0.04777,0.02092,0.02196,0.02447,0.02827,0.04451,0.00696,0.00920,0.01217
0.19890,0.02303,0.06372,0.08317,0.05274,0.00672,0.02167,0.14097,0.13525,0.01486,0.00258,0.02782,0.01920,0.00546,0.08239,0.03305,0.03328,0.03899,0.00366,0.01253
0.09807,0.08813,0.05899,0.08463,0.03148,0.01036,0.02312,0.14255,0.06704,0.05033,0.00200,0.04438,0.11423,0.00651,0.04224,0.05543,0.03182,0.00774,0.02006,0.02090
0.04594,0.05066,0.24580,0.05506,0.03028,0.00890,0.08410,0.13382,0.09901,0.02121,0.00368,0.06319,0.01492,0.00319,0.01986,0.05769,0.03584,0.00405,0.01097,0.01185
0.13754,0.04853,0.04127,0.12864,0.00942,0.02227,0.01949,0.18622,0.10747,0.01691,0.00273,0.06785,0.02022,0.00264,0.02437,0.03835,0.09284,0.00684,0.01196,0.01445
0.09900,0.03603,0.05476,0.08244,0.01913,0.00569,0.06624,0.09565,0.09907,0.04387,0.00300,0.12443,0.02374,0.00610,0.04920,0.07685,0.06672,0.01136,0.00808,0.02865
0.12068,0.06934,0.04145,0.05413,0.01306,0.00619,0.06303,0.24931,0.04932,0.03208,0.00538,0.05363,0.01406,0.00403,0.04302,0.04053,0.06629,0.00867,0.04317,0.02263
0.14409,0.02396,0.08454,0.16941,0.02640,0.01718,0.02751,0.05983,0.04781,0.05147,0.00387,0.09187,0.00925,0.00725,0.04427,0.02720,0.04501,0.00688,0.05731,0.05489
0.10177,0.02153,0.07131,0.09952,0.02696,0.01732,0.02015,0.18593,0.26289,0.01054,0.00362,0.04608,0.01510,0.00876,0.02253,0.03245,0.03062,0.00482,0.01000,0.00810
0.11949,0.03850,0.07535,0.20016,0.02560,0.02180,0.04898,0.08088,0.09149,0.02828,0.00571,0.03201,0.01315,0.00360,0.07254,0.07629,0.03611,0.00675,0.01663,0.00669
0.20913,0.04093,0.03030,0.16094,0.01020,0.01101,0.05917,0.21811,0.06877,0.01682,0.00321,0.04285,0.00961,0.00526,0.02812,0.02492,0.02916,0.00629,0.01239,0.01282
0.12851,0.15621,0.06956,0.05212,0.01764,0.00892,0.09949,0.06774,0.12862,0.00895,0.00564,0.03938,0.01633,0.00421,0.03086,0.04357,0.08414,0.00613,0.02459,0.00739
0.12764,0.05070,0.02865,0.10984,0.06065,0.00788,0.07370,0.09007,0.12559,0.02761,0.00305,0.13427,0.01232,0.00247,0.02006,0.04263,0.04219,0.01093,0.01267,0.01707
0.08261,0.05210,0.09050,0.21826,0.04427,0.00680,0.03348,0.07158,0.06143,0.02461,0.00266,0.17833,0.01039,0.00243,0.06141,0.01279,0.01630,0.00581,0.01324,0.01101
0.22696,0.03351,0.03109,0.08336,0.04917,0.00638,0.04019,0.16784,0.15298,0.01984,0.00298,0.04950,0.01806,0.00552,0.02059,0.03754,0.02971,0.00369,0.00812,0.01296
0.07948,0.05756,0.09032,0.08080,0.03882,0.00734,0.06313,0.18109,0.13361,0.02913,0.00836,0.03049,0.01876,0.00551,0.04560,0.04310,0.02857,0.03039,0.01160,0.01634
0.05025,0.09075,0.13030,0.04281,0.01547,0.01182,0.13960,0.08506,0.05493,0.16522,0.00231,0.03688,0.01972,0.00691,0.02111,0.03576,0.03508,0.00858,0.01324,0.03422
0.07897,0.03690,0.06382,0.09993,0.02011,0.01302,0.04958,0.12164,0.25470,0.01506,0.00440,0.05212,0.01144,0.00326,0.03195,0.04552,0.04959,0.02675,0.00531,0.01592
0.09067,0.15082,0.02789,0.06668,0.01067,0.01145,0.12208,0.14133,0.07374,0.08800,0.00202,0.05505,0.00793,0.00173,0.05262,0.02332,0.04132,0.00521,0.00619,0.02129
0.09245,0.04317,0.06385,0.21733,0.02831,0.01328,0.03210,0.08186,0.13390,0.06847,0.00513,0.03690,0.02238,0.00535,0.03073,0.03446,0.05362,0.01578,0.00587,0.01508
0.18520,0.04755,0.03179,0.10439,0.02151,0.01933,0.02307,0.15445,0.11071,0.01767,0.00223,0.01838,0.01900,0.00569,0.02066,0.02795,0.09399,0.02229,0.02678,0.04736
0.10847,0.05491,0.10437,0.12228,0.02438,0.00787,0.06893,0.16916,0.10482,0.01206,0.01128,0.04386,0.01291,0.01295,0.02434,0.04557,0.04606,0.00867,0.00597,0.01115
0.16664,0.05161,0.08060,0.05469,0.01801,0.00753,0.02880,0.16375,0.16748,0.02607,0.00493,0.03938,0.02372,0.00707,0.02194,0.03741,0.05160,0.00616,0.00964,0.03298
0.11722,0.03091,0.06877,0.16069,0.01473,0.02266,0.05967,0.09079,0.08648,0.03337,0.00707,0.02085,0.05692,0.00647,0.10477,0.02752,0.04048,0.01516,0.00709,0.02838
0.10029,0.11895,0.05044,0.10671,0.02664,0.01365,0.06864,0.07160,0.11973,0.04606,0.00872,0.03158,0.02165,0.01571,0.08934,0.02684,0.04292,0.01459,0.00623,0.01972
0.10027,0.06549,0.03100,0.31386,0.01795,0.02412,0.03368,0.10664,0.03905,0.01224,0.00324,0.08215,0.01203,0.00538,0.02238,0.03140,0.06115,0.00536,0.01158,0.02105
0.16502,0.04343,0.08817,0.07936,0.06155,0.00556,0.03265,0.10282,0.12078,0.01754,0.01094,0.10323,0.02277,0.00458,0.01976,0.06017,0.04030,0.00481,0.00855,0.00801
0.09941,0.06514,0.02929,0.25196,0.01273,0.01448,0.05354,0.05188,0.05824,0.00979,0.00454,0.04347,0.00969,0.00489,0.03225,0.01897,0.20539,0.00634,0.01007,0.01791
0.14435,0.06833,0.06590,0.11334,0.01594,0.00462,0.03859,0.18377,0.05593,0.01875,0.00444,0.07155,0.03911,0.00526,0.02769,0.05123,0.06046,0.01164,0.00367,0.01543
0.17001,0.03475,0.05894,0.11206,0.02290,0.02968,0.02850,0.05873,0.04294,0.02462,0.00640,0.11648,0.08337,0.01533,0.05300,0.07598,0.03116,0.00967,0.01498,0.01048
0.06336,0.03056,0.07500,0.11833,0.01693,0.02158,0.03305,0.10845,0.15173,0.06858,0.00259,0.08430,0.01548,0.00560,0.05319,0.02272,0.02162,0.04431,0.01015,0.05249
0.09495,0.06815,0.05856,0.19064,0.03927,0.02048,0.10650,0.06628,0.06406,0.05381,0.00489,0.01879,0.02156,0.00241,0.05683,0.01411,0.02307,0.01969,0.05334,0.02261
0.10376,0.05626,0.04117,0.08482,0.02121,0.02661,0.12227,0.04692,0.20862,0.02352,0.00311,0.02046,0.01867,0.01502,0.02275,0.04456,0.04716,0.00531,0.00465,0.08313
0.05958,0.04289,0.05277,0.09518,0.06005,0.00582,0.07085,0.06420,0.11558,0.02894,0.00235,0.04153,0.01104,0.00460,0.06267,0.03554,0.14286,0.07203,0.00535,0.02619
0.10548,0.02354,0.04672,0.12470,0.02231,0.00601,0.02577,0.30255,0.06234,0.06860,0.00510,0.02455,0.01590,0.00608,0.04335,0.02871,0.06052,0.00615,0.00636,0.01527
0.20304,0.04417,0.11563,0.15342,0.01777,0.01783,0.02463,0.05905,0.06569,0.02861,0.00171,0.03385,0.07462,0.00263,0.04031,0.06098,0.03108,0.00784,0.00959,0.00755
0.11214,0.05360,0.04264,0.12126,0.01666,0.00694,0.03624,0.06411,0.13973,0.03594,0.00767,0.02341,0.01728,0.00303,0.18895,0.04990,0.05332,0.00973,0.00939,0.00804
0.10788,0.08928,0.03294,0.21220,0.02914,0.00806,0.03868,0.04459,0.10015,0.01261,0.00289,0.04046,0.00830,0.00581,0.02535,0.02222,0.06117,0.00590,0.00464,0.14773
0.09567,0.05883,0.09000,0.27515,0.01895,0.00738,0.04808,0.07049,0.08016,0.02544,0.00283,0.03610,0.06621,0.00381,0.01990,0.02933,0.04270,0.00612,0.00795,0.01490
0.11533,0.05764,0.08744,0.04496,0.02092,0.00598,0.01958,0.08544,0.22133,0.03364,0.00136,0.07292,0.01042,0.00484,0.03096,0.03433,0.10736,0.01355,0.01455,0.01746
0.12987,0.09872,0.06169,0.16079,0.04469,0.00887,0.05297,0.06904,0.10460,0.01855,0.00349,0.02776,0.00713,0.01577,0.06320,0.03636,0.05515,0.00682,0.01707,0.01748
0.19299,0.03559,0.04294,0.15424,0.02196,0.02363,0.05075,0.03749,0.20626,0.01401,0.00457,0.02379,0.04623,0.00735,0.02991,0.04759,0.03422,0.00815,0.00701,0.01134
0.08817,0.13146,0.03805,0.15870,0.03094,0.01416,0.02399,0.05433,0.16023,0.02130,0.00376,0.11219,0.01280,0.00339,0.03752,0.03200,0.03686,0.01492,0.00834,0.01690
0.18883,0.09780,0.10000,0.07528,0.02503,0.00792,0.06975,0.18170,0.09219,0.01120,0.00436,0.02557,0.01275,0.00439,0.02241,0.01961,0.02094,0.00758,0.01446,0.01825
0.07886,0.02968,0.08168,0.06734,0.02794,0.01913,0.02392,0.15088,0.04783,0.01498,0.00327,0.04740,0.02304,0.00535,0.15758,0.04982,0.09606,0.01878,0.01680,0.03965
0.16622,0.07272,0.08631,0.17816,0.01834,0.00733,0.02316,0.10609,0.06779,0.01838,0.00361,0.05154,0.01282,0.00981,0.03731,0.04434,0.06992,0.00823,0.00938,0.00855
0.09178,0.03411,0.03705,0.22825,0.03658,0.01285,0.05095,0.07851,0.09677,0.02326,0.00555,0.04290,0.02731,0.00487,0.03115,0.04504,0.11445,0.00607,0.01056,0.02198
0.12899,0.09419,0.04417,0.12065,0.02533,0.00999,0.04150,0.15616,0.04540,0.01955,0.00264,0.15209,0.02969,0.00436,0.02209,0.01835,0.03257,0.00736,0.03338,0.01154
0.08683,0.09660,0.04468,0.10053,0.02292,0.01918,0.01611,0.12217,0.07069,0.01538,0.01570,0.11126,0.06710,0.00489,0.04214,0.08913,0.02801,0.00834,0.01127,0.02704
0.08942,0.03565,0.03361,0.09933,0.01906,0.00813,0.04575,0.36794,0.07822,0.01113,0.00319,0.07344,0.02106,0.00342,0.01885,0.02314,0.03789,0.00503,0.01642,0.00932
0.17583,0.08523,0.04132,0.06312,0.03710,0.05862,0.01664,0.15128,0.13368,0.02065,0.00376,0.02684,0.00711,0.00305,0.01368,0.04781,0.08648,0.00465,0.00645,0.01670
0.13502,0.03596,0.12772,0.08021,0.01635,0.00854,0.03063,0.10255,0.07665,0.02779,0.00533,0.09012,0.02743,0.00403,0.03918,0.10372,0.02688,0.00930,0.01298,0.03962
0.16739,0.16635,0.02942,0.08003,0.05542,0.00751,0.02113,0.12418,0.06782,0.00998,0.00297,0.03617,0.03096,0.00410,0.03545,0.06308,0.04631,0.01645,0.00703,0.02823
0.14709,0.06625,0.10461,0.22796,0.05137,0.02427,0.04410,0.04086,0.08350,0.01311,0.01120,0.02096,0.02967,0.00421,0.02082,0.03238,0.03713,0.01017,0.00711,0.02323
0.10315,0.15423,0.05462,0.08597,0.03205,0.02436,0.04109,0.08530,0.09301,0.01466,0.00296,0.05238,0.01548,0.00435,0.09245,0.02149,0.04139,0.00883,0.01750,0.05475
0.10940,0.04739,0.05405,0.18453,0.01357,0.01587,0.07004,0.12575,0.08409,0.02073,0.00737,0.04410,0.02631,0.00341,0.05058,0.02724,0.05908,0.00628,0.01215,0.03804
0.10790,0.03885,0.11892,0.16525,0.01626,0.01293,0.04932,0.12227,0.04866,0.05031,0.00314,0.01616,0.01314,0.00496,0.08354,0.05373,0.04271,0.01601,0.00826,0.02768
0.10078,0.09230,0.07560,0.12950,0.02245,0.01680,0.03824,0.06187,0.14182,0.01903,0.00604,0.03535,0.02442,0.00405,0.04206,0.02301,0.10125,0.01932,0.02478,0.02133
0.13143,0.03347,0.05995,0.26244,0.02333,0.01734,0.02397,0.10991,0.04660,0.00905,0.00290,0.04099,0.00916,0.00526,0.08748,0.02566,0.07469,0.00820,0.01494,0.01323
0.08294,0.04135,0.03233,0.16683,0.08270,0.00715,0.04294,0.08286,0.18319,0.02608,0.00576,0.04523,0.02203,0.00549,0.02011,0.03948,0.06617,0.01196,0.01232,0.02309
