0.03690,0.03027,0.04163,0.02316,0.02146,0.02218,0.03236,0.03878,0.04833,0.01933,0.02306,0.02694,0.32810,0.15841,0.02304,0.09834,0.02770
0.02665,0.02940,0.05028,0.03409,0.02570,0.02410,0.02875,0.01539,0.01427,0.02564,0.02957,0.02475,0.03364,0.44289,0.01668,0.15373,0.02449
0.02967,0.03854,0.03741,0.02885,0.02422,0.02865,0.01101,0.01665,0.00906,0.02619,0.02372,0.02075,0.04182,0.25827,0.01569,0.30673,0.08280
0.02039,0.02007,0.02337,0.02861,0.02259,0.01615,0.01883,0.04039,0.02476,0.02899,0.02261,0.02463,0.03317,0.53633,0.08471,0.02758,0.02684
0.03123,0.02849,0.02342,0.02011,0.02767,0.01811,0.02623,0.03033,0.01698,0.02342,0.02090,0.02324,0.01884,0.01934,0.21062,0.43042,0.03064
0.03502,0.03441,0.01578,0.02040,0.02649,0.02039,0.02286,0.02871,0.01977,0.02539,0.01934,0.01593,0.25094,0.02118,0.40836,0.01835,0.01666
0.01970,0.01805,0.03388,0.01488,0.02084,0.02801,0.02644,0.02189,0.02246,0.02148,0.02879,0.01976,0.02663,0.20664,0.44188,0.03016,0.01849
0.01375,0.01608,0.02460,0.03400,0.02281,0.01604,0.02466,0.03194,0.02873,0.01747,0.02611,0.03371,0.01864,0.57725,0.02524,0.02247,0.06651
0.02327,0.03276,0.04076,0.02079,0.02116,0.02790,0.03004,0.01465,0.01315,0.01726,0.02056,0.02878,0.04360,0.51621,0.03235,0.08989,0.02685
0.02895,0.01723,0.02493,0.02561,0.02837,0.01448,0.01577,0.02275,0.01091,0.02837,0.01860,0.01699,0.03583,0.51805,0.01881,0.13999,0.03436
0.01594,0.02202,0.01410,0.01549,0.02452,0.01652,0.01366,0.02749,0.01412,0.01892,0.01394,0.01500,0.02222,0.04181,0.53052,0.17649,0.01726
0.01746,0.01507,0.02480,0.01653,0.01662,0.01420,0.02873,0.03663,0.01643,0.02050,0.02352,0.02322,0.01723,0.01173,0.59570,0.10600,0.01562
0.02480,0.02273,0.06713,0.02512,0.02419,0.03727,0.09230,0.02396,0.03725,0.02727,0.22312,0.02305,0.01715,0.09087,0.18555,0.05174,0.02649
0.01338,0.02257,0.03100,0.00919,0.00603,0.00852,0.01279,0.01090,0.00664,0.01561,0.00686,0.01531,0.02726,0.65920,0.13759,0.00828,0.00886
0.02289,0.02934,0.02431,0.02082,0.02194,0.02823,0.03433,0.01918,0.01846,0.02427,0.02738,0.02610,0.02379,0.42167,0.21556,0.02109,0.02064
0.02977,0.02056,0.02325,0.01976,0.01673,0.01386,0.02354,0.01483,0.01434,0.01540,0.01518,0.02195,0.02610,0.30196,0.41381,0.01830,0.01064
0.02143,0.01675,0.01872,0.01583,0.01343,0.02862,0.50405,0.02559,0.01516,0.04009,0.01873,0.03854,0.01025,0.02721,0.02237,0.17275,0.01048
0.01958,0.02055,0.03051,0.02651,0.02944,0.02612,0.01365,0.01824,0.01258,0.06084,0.02674,0.01629,0.01917,0.27423,0.02674,0.34526,0.03355
0.00993,0.02189,0.02537,0.01311,0.02519,0.01560,0.01420,0.00931,0.01083,0.02645,0.01057,0.01249,0.01400,0.02113,0.01755,0.73271,0.01969
0.01708,0.04561,0.03229,0.02299,0.01959,0.01960,0.05627,0.01774,0.01556,0.03026,0.01479,0.02195,0.03516,0.07100,0.02179,0.52074,0.03758
0.00690,0.00979,0.01049,0.01288,0.00644,0.00918,0.00844,0.00823,0.00572,0.00955,0.00906,0.01355,0.01197,0.84331,0.01592,0.00940,0.00918
0.02484,0.02144,0.03994,0.01187,0.06475,0.01937,0.01521,0.02002,0.01269,0.01857,0.03558,0.01412,0.20873,0.21566,0.02559,0.22335,0.02828
0.59980,0.02154,0.03188,0.02562,0.01610,0.01791,0.01677,0.01709,0.01573,0.04522,0.01809,0.03057,0.03295,0.03626,0.02160,0.02753,0.02533
0.00920,0.01405,0.02253,0.00733,0.00928,0.00928,0.01458,0.00787,0.00757,0.01421,0.00713,0.00833,0.01938,0.80472,0.02035,0.00855,0.01563
0.01387,0.01484,0.02166,0.01837,0.03298,0.02555,0.02251,0.01274,0.00968,0.03856,0.01273,0.02743,0.01004,0.19172,0.02136,0.49412,0.03183
0.02359,0.05746,0.04386,0.03953,0.01450,0.03621,0.01606,0.02908,0.01391,0.03699,0.01529,0.01931,0.03350,0.15401,0.01755,0.38561,0.06352
0.04556,0.03596,0.04334,0.03677,0.03117,0.03326,0.02374,0.02473,0.01486,0.03439,0.02136,0.02232,0.05999,0.42726,0.01736,0.10862,0.01932
0.02915,0.02310,0.03383,0.02158,0.02497,0.03327,0.02018,0.02536,0.01820,0.03325,0.01615,0.01839,0.02847,0.02077,0.06268,0.55928,0.03136
0.02287,0.03641,0.04438,0.01843,0.03560,0.02095,0.01251,0.01904,0.00979,0.02863,0.01485,0.01339,0.02593,0.03550,0.02212,0.61978,0.01981
0.01239,0.01309,0.01416,0.01489,0.01239,0.01136,0.01237,0.01816,0.01625,0.01090,0.01228,0.01217,0.03116,0.73868,0.03209,0.01459,0.02307
0.03579,0.02286,0.02218,0.01338,0.02603,0.01559,0.01999,0.03063,0.02567,0.01843,0.01574,0.02898,0.33376,0.27152,0.08823,0.01399,0.01720
0.02431,0.01842,0.05002,0.02773,0.01948,0.02280,0.05257,0.05112,0.01707,0.03688,0.02775,0.02939,0.02243,0.02638,0.15105,0.39737,0.02523
0.02331,0.01797,0.02776,0.02234,0.01813,0.02017,0.01143,0.01582,0.00763,0.02803,0.01672,0.02483,0.01764,0.45781,0.02372,0.23432,0.03237
0.01207,0.03075,0.03715,0.05863,0.01759,0.02179,0.01625,0.01517,0.01277,0.03827,0.02967,0.02089,0.01911,0.59352,0.02067,0.03856,0.01716
0.03920,0.02551,0.03000,0.02469,0.03991,0.02318,0.03068,0.02311,0.01867,0.04429,0.02137,0.02408,0.02769,0.15547,0.03090,0.04548,0.39577
0.02863,0.02067,0.04568,0.02061,0.02899,0.01901,0.02634,0.10449,0.02471,0.02629,0.01650,0.01832,0.02388,0.04401,0.08535,0.44954,0.01698
0.00897,0.00917,0.01320,0.00865,0.02044,0.01050,0.00628,0.01014,0.00739,0.01427,0.01243,0.00776,0.00877,0.00840,0.00763,0.80855,0.03744
0.02716,0.02664,0.02589,0.01611,0.03118,0.01991,0.03380,0.01447,0.01820,0.03846,0.02606,0.03774,0.04946,0.17971,0.01380,0.42027,0.02112
0.01532,0.01922,0.02277,0.04560,0.01681,0.02354,0.02392,0.02113,0.02415,0.02606,0.02081,0.03184,0.01331,0.49023,0.06469,0.11795,0.02264
0.01657,0.03734,0.05193,0.02181,0.02741,0.01815,0.02416,0.01778,0.01487,0.02065,0.08488,0.01581,0.02486,0.08122,0.02946,0.48444,0.02866
0.03857,0.01275,0.02782,0.02088,0.01581,0.01396,0.02515,0.01507,0.01286,0.02290,0.01011,0.05310,0.01301,0.06564,0.61505,0.02754,0.00978
0.01571,0.02382,0.02840,0.02277,0.02028,0.01390,0.01280,0.01881,0.00807,0.02630,0.01230,0.01332,0.01196,0.07075,0.01863,0.64605,0.03615
0.01317,0.00763,0.01245,0.01042,0.01156,0.00719,0.01018,0.00870,0.00581,0.00982,0.00929,0.01184,0.01459,0.77380,0.06873,0.01177,0.01306
0.01048,0.00844,0.02143,0.01227,0.01296,0.04043,0.00992,0.01501,0.71762,0.01975,0.02285,0.00677,0.02977,0.02507,0.00854,0.02232,0.01638
0.00727,0.01177,0.01403,0.01685,0.00874,0.00807,0.01615,0.00741,0.00761,0.00860,0.00773,0.00953,0.00949,0.82139,0.02808,0.00770,0.00960
0.01113,0.01467,0.02929,0.01048,0.02260,0.01571,0.01359,0.00774,0.00687,0.01527,0.01095,0.01594,0.01371,0.01695,0.01247,0.77464,0.00802
0.01250,0.01573,0.01281,0.01300,0.01053,0.01411,0.01287,0.00728,0.00693,0.01642,0.01537,0.02481,0.02844,0.76464,0.02008,0.01518,0.00930
0.01124,0.01627,0.02186,0.01385,0.01290,0.01217,0.01067,0.01066,0.01004,0.01277,0.01243,0.01114,0.02233,0.76492,0.03316,0.01192,0.01165
0.01557,0.01879,0.02260,0.02514,0.02939,0.01603,0.03396,0.02326,0.01722,0.02453,0.03137,0.01939,0.60978,0.01907,0.02087,0.05636,0.01668
0.01446,0.01620,0.01740,0.02706,0.01667,0.03512,0.01579,0.01386,0.00955,0.02818,0.02498,0.01659,0.01355,0.27760,0.01205,0.41850,0.04245
0.01438,0.01262,0.02117,0.01444,0.01351,0.03302,0.01011,0.02125,0.01078,0.03916,0.01268,0.01293,0.01920,0.03468,0.01817,0.69650,0.01541
0.01358,0.01543,0.02840,0.01019,0.01903,0.02775,0.00830,0.01877,0.01086,0.01926,0.02024,0.00992,0.03591,0.01627,0.01019,0.71996,0.01595
0.01665,0.02304,0.03432,0.01016,0.02673,0.03602,0.01771,0.01695,0.02139,0.01664,0.52477,0.01610,0.02134,0.01246,0.01930,0.16524,0.02118
0.01402,0.01065,0.02276,0.00970,0.01665,0.01458,0.00950,0.01502,0.00880,0.01580,0.01453,0.01397,0.01579,0.08315,0.00989,0.70315,0.02205
0.01528,0.01213,0.01959,0.01382,0.02327,0.02589,0.01289,0.01427,0.00987,0.04183,0.01368,0.01003,0.01215,0.03488,0.01974,0.68461,0.03607
0.02614,0.01525,0.01553,0.01397,0.01521,0.02191,0.02809,0.01749,0.01196,0.03518,0.01319,0.01771,0.01347,0.01781,0.26072,0.45188,0.02450
0.02581,0.01999,0.04246,0.01769,0.02083,0.01574,0.02818,0.05430,0.03041,0.01658,0.02205,0.01710,0.08944,0.33836,0.14461,0.08364,0.03280
0.01199,0.04941,0.02340,0.01966,0.01967,0.01748,0.02194,0.01566,0.01272,0.02087,0.01523,0.01519,0.63182,0.01604,0.01390,0.07395,0.02106
0.01534,0.01252,0.01621,0.01128,0.01181,0.01352,0.01445,0.00807,0.00681,0.01054,0.00924,0.01108,0.01623,0.79171,0.02657,0.01113,0.01351
0.01741,0.02274,0.02210,0.01080,0.02455,0.02751,0.02456,0.02500,0.04044,0.05082,0.02792,0.01482,0.02884,0.01330,0.02242,0.53197,0.09479
0.02651,0.01957,0.04139,0.02023,0.02156,0.02935,0.03147,0.02246,0.01422,0.04337,0.02724,0.02351,0.01800,0.09315,0.02381,0.51091,0.03324
0.02096,0.01455,0.01555,0.01067,0.01702,0.02170,0.02281,0.01281,0.01255,0.02055,0.01012,0.01280,0.01051,0.01744,0.73495,0.03029,0.01471
0.01710,0.02147,0.10129,0.01727,0.03824,0.02361,0.01828,0.02977,0.01946,0.02302,0.02205,0.02402,0.03797,0.07094,0.17067,0.34653,0.01831
0.01567,0.02687,0.02086,0.01249,0.02916,0.01471,0.02375,0.01628,0.01140,0.02619,0.01632,0.01844,0.03398,0.02031,0.01677,0.68122,0.01557
0.02767,0.02234,0.02589,0.02307,0.02048,0.04007,0.02350,0.02402,0.02236,0.07150,0.01826,0.02263,0.01471,0.04661,0.02167,0.52215,0.05306
0.04540,0.02819,0.06330,0.03172,0.01922,0.02546,0.02719,0.03349,0.01744,0.03201,0.02692,0.02581,0.03936,0.12102,0.04053,0.38622,0.03672
0.01804,0.01501,0.01786,0.01667,0.02733,0.01567,0.02817,0.01411,0.01937,0.01801,0.01637,0.02047,0.69654,0.02767,0.01949,0.01504,0.01417
0.02079,0.01661,0.02082,0.01725,0.01810,0.01358,0.01725,0.02195,0.01937,0.01759,0.01589,0.02022,0.64485,0.06330,0.01926,0.03287,0.02028
0.01259,0.03548,0.02271,0.02584,0.01168,0.01294,0.02382,0.00867,0.01012,0.01982,0.01186,0.01758,0.02833,0.68205,0.03581,0.02747,0.01322
0.02278,0.02940,0.02833,0.01633,0.02674,0.03174,0.02326,0.02368,0.01579,0.04806,0.01711,0.02332,0.03235,0.08646,0.49589,0.04298,0.03579
0.02130,0.01877,0.02275,0.01922,0.01641,0.02002,0.01457,0.01185,0.00890,0.02765,0.02097,0.03059,0.01446,0.37507,0.35036,0.01521,0.01192
0.02011,0.01612,0.07987,0.01412,0.01981,0.02096,0.01319,0.02892,0.01260,0.02565,0.01856,0.01713,0.02054,0.08355,0.17790,0.40918,0.02178
0.00691,0.00919,0.00736,0.01007,0.00824,0.00765,0.00974,0.00601,0.00461,0.00693,0.00885,0.01065,0.01313,0.83794,0.03827,0.00912,0.00531
0.01499,0.01275,0.02951,0.01297,0.02323,0.01532,0.01870,0.01768,0.01321,0.02236,0.01336,0.01542,0.01520,0.14475,0.47621,0.13631,0.01802
0.01746,0.01667,0.01531,0.00936,0.01246,0.02306,0.02096,0.02517,0.01829,0.01322,0.01415,0.02367,0.01655,0.17057,0.57412,0.01467,0.01430
0.01720,0.03082,0.03551,0.02339,0.04389,0.02616,0.01806,0.01596,0.01204,0.03290,0.02531,0.03453,0.02750,0.44811,0.02232,0.16213,0.02416
0.02211,0.02108,0.02601,0.01721,0.01669,0.01574,0.01886,0.01769,0.01243,0.01902,0.01641,0.02196,0.02597,0.65761,0.02094,0.03569,0.03457
0.02132,0.01856,0.02545,0.01736,0.01515,0.02115,0.01704,0.02980,0.01065,0.01824,0.01701,0.01436,0.01360,0.02524,0.05705,0.64970,0.02833
0.01475,0.01476,0.05973,0.01876,0.02897,0.03001,0.01433,0.02352,0.01336,0.03430,0.02484,0.01437,0.02390,0.07842,0.08044,0.48630,0.03924
0.01658,0.01980,0.05745,0.02157,0.02050,0.01458,0.01661,0.03928,0.01370,0.04159,0.01620,0.02021,0.01046,0.04367,0.25778,0.37355,0.01646
0.02478,0.02772,0.01969,0.01749,0.02042,0.02883,0.01489,0.03030,0.01913,0.01931,0.01779,0.02956,0.06104,0.22752,0.40548,0.01412,0.02191
0.01689,0.01150,0.04162,0.01176,0.01433,0.01146,0.02305,0.03018,0.01234,0.01569,0.02041,0.01826,0.00793,0.01092,0.58517,0.15927,0.00920
0.01220,0.01718,0.02366,0.01620,0.04468,0.02741,0.01728,0.04815,0.02040,0.02297,0.02505,0.01698,0.01300,0.01663,0.04961,0.57950,0.04911
0.01682,0.01886,0.01919,0.03403,0.02069,0.01118,0.02484,0.02222,0.01155,0.01180,0.01613,0.01830,0.01834,0.59903,0.12310,0.01587,0.01806
0.02158,0.01597,0.07690,0.02205,0.04983,0.02672,0.01220,0.01271,0.01266,0.04338,0.01987,0.01461,0.01745,0.02622,0.03430,0.57160,0.02194
0.01940,0.01735,0.05963,0.02755,0.02377,0.02532,0.02097,0.04307,0.01708,0.03463,0.02372,0.01650,0.01657,0.03860,0.13742,0.45084,0.02759
0.02992,0.03489,0.04671,0.01892,0.02874,0.02826,0.02472,0.01925,0.01151,0.01939,0.02044,0.01866,0.03923,0.14619,0.01980,0.45605,0.03731
0.01201,0.02214,0.01565,0.01546,0.01434,0.01822,0.01640,0.01883,0.01686,0.00966,0.01587,0.01272,0.00986,0.11472,0.66706,0.01013,0.01007
0.01323,0.01642,0.02548,0.01560,0.02496,0.02338,0.01389,0.01953,0.01168,0.04025,0.01615,0.01423,0.01028,0.01480,0.04440,0.66450,0.03122
0.01610,0.01060,0.02241,0.00942,0.02321,0.01574,0.00994,0.01152,0.00722,0.02841,0.02086,0.01082,0.01704,0.03173,0.02461,0.70792,0.03247
0.02570,0.02207,0.03558,0.01998,0.02332,0.02259,0.02604,0.01783,0.01311,0.02025,0.02110,0.01508,0.02489,0.23767,0.38297,0.05624,0.03559
0.03751,0.01542,0.05312,0.01906,0.02166,0.02484,0.02080,0.03137,0.01818,0.02894,0.03242,0.02515,0.37203,0.11672,0.08782,0.06976,0.02520
0.02262,0.02003,0.02104,0.01634,0.02592,0.02184,0.01097,0.01940,0.01139,0.01867,0.01630,0.01275,0.04393,0.54669,0.04834,0.09153,0.05225
0.01811,0.01915,0.04433,0.02296,0.03203,0.04617,0.03020,0.03208,0.02262,0.02715,0.02340,0.02243,0.02163,0.01752,0.05016,0.53516,0.03490
0.02180,0.01871,0.02604,0.02533,0.01970,0.02232,0.02594,0.02643,0.01544,0.02542,0.01590,0.03240,0.02012,0.20931,0.39981,0.06920,0.02614
0.06110,0.02978,0.03404,0.02512,0.01771,0.01988,0.05942,0.03085,0.02311,0.03877,0.01913,0.02783,0.03227,0.04658,0.26900,0.21562,0.04978
0.02188,0.04574,0.06322,0.03215,0.01659,0.02389,0.01952,0.04270,0.01451,0.04188,0.02211,0.02095,0.02153,0.19213,0.02792,0.36274,0.03055
0.02355,0.02217,0.03819,0.02949,0.02528,0.02286,0.02155,0.02079,0.01881,0.02229,0.02252,0.04068,0.03833,0.35805,0.20051,0.05831,0.03662
0.04939,0.02591,0.02661,0.01569,0.02119,0.03543,0.03183,0.03770,0.02877,0.03559,0.02391,0.02806,0.01768,0.04297,0.24325,0.07171,0.26430
0.01909,0.01684,0.07130,0.01219,0.02338,0.03994,0.02510,0.01743,0.02516,0.03133,0.01593,0.01627,0.02773,0.03567,0.12488,0.47943,0.01833
0.02008,0.01645,0.02832,0.01204,0.01417,0.01954,0.01845,0.01892,0.01045,0.03527,0.01113,0.01627,0.01709,0.26449,0.44243,0.03542,0.01947
0.01526,0.01160,0.02866,0.01046,0.04240,0.01373,0.01320,0.00878,0.00920,0.02144,0.01689,0.01185,0.01315,0.01013,0.01500,0.74495,0.01331
0.00785,0.01641,0.00822,0.01622,0.01003,0.00812,0.01452,0.00924,0.00758,0.00801,0.00943,0.01282,0.01263,0.81556,0.01814,0.00942,0.01580
0.02962,0.02623,0.09484,0.02754,0.02873,0.01930,0.02441,0.02573,0.01914,0.03403,0.01712,0.01891,0.03146,0.18146,0.01969,0.36677,0.03502
0.02133,0.02488,0.02357,0.02860,0.02779,0.02350,0.01387,0.03940,0.01346,0.02243,0.03274,0.02613,0.02985,0.14347,0.02232,0.46794,0.03873
0.01571,0.02111,0.01240,0.02043,0.02192,0.02276,0.00901,0.01397,0.00717,0.02525,0.01034,0.00968,0.02447,0.66327,0.01992,0.03066,0.07195
0.02610,0.02132,0.02547,0.02815,0.02567,0.02675,0.02111,0.00717,0.37454,0.01254,0.01067,0.02539,0.02633,0.31739,0.01382,0.01199,0.02559
0.01917,0.01569,0.05403,0.01659,0.05839,0.02246,0.02213,0.01339,0.01714,0.02712,0.01740,0.02505,0.01409,0.02813,0.14019,0.47832,0.03071
0.01078,0.01014,0.01289,0.01171,0.00763,0.00910,0.01139,0.00687,0.00728,0.00797,0.01059,0.01198,0.00971,0.79242,0.06499,0.00759,0.00696
0.01724,0.02104,0.03054,0.02898,0.02201,0.04920,0.01896,0.01926,0.01037,0.03944,0.02146,0.01446,0.02507,0.18110,0.01401,0.45378,0.03309
0.02651,0.01374,0.01347,0.01142,0.01427,0.01782,0.01595,0.01355,0.01508,0.01538,0.01240,0.01279,0.01154,0.04890,0.72686,0.01438,0.01594
0.01847,0.02700,0.03223,0.02705,0.02700,0.02092,0.03980,0.02212,0.01622,0.02071,0.01407,0.02502,0.02575,0.07175,0.51508,0.08061,0.01619
0.04806,0.01390,0.02046,0.01440,0.01301,0.01521,0.01595,0.01734,0.00890,0.02658,0.01248,0.01854,0.00885,0.01693,0.69826,0.03923,0.01189
0.01636,0.01789,0.01515,0.01333,0.01218,0.02322,0.01452,0.01188,0.01441,0.01154,0.01494,0.01009,0.02348,0.74958,0.02242,0.01074,0.01826
0.01760,0.07310,0.04996,0.06815,0.02310,0.01561,0.01574,0.02090,0.00985,0.01979,0.02724,0.03780,0.02656,0.12317,0.02207,0.39591,0.05344
0.01334,0.01502,0.02093,0.01977,0.01170,0.01012,0.01665,0.01036,0.00576,0.02078,0.00995,0.01388,0.01776,0.74520,0.03125,0.02558,0.01197
0.02116,0.02828,0.05212,0.03070,0.02299,0.02915,0.03219,0.03370,0.02170,0.04995,0.02102,0.01890,0.11294,0.07590,0.02335,0.39859,0.02736
0.00888,0.01757,0.01146,0.01702,0.00911,0.00804,0.00672,0.00966,0.00447,0.01255,0.00702,0.01206,0.01578,0.81550,0.02248,0.01051,0.01116
0.03107,0.01798,0.04644,0.01520,0.01955,0.02917,0.01029,0.02088,0.00805,0.03114,0.02269,0.01445,0.02077,0.05977,0.02010,0.31019,0.32226
0.01036,0.01113,0.01252,0.01045,0.00910,0.00781,0.01009,0.00856,0.00723,0.01018,0.00956,0.01594,0.03050,0.80544,0.01975,0.01234,0.00903
0.01933,0.02125,0.02594,0.01371,0.01717,0.01405,0.04179,0.02025,0.01380,0.02501,0.01245,0.01489,0.04115,0.48284,0.14382,0.06871,0.02383
0.01578,0.01138,0.02733,0.01725,0.01172,0.52582,0.01673,0.01622,0.01300,0.03359,0.01503,0.04438,0.02611,0.18112,0.02135,0.01454,0.00867
0.03684,0.01787,0.05064,0.01814,0.04269,0.02912,0.03073,0.01739,0.02067,0.03710,0.01471,0.01747,0.04652,0.42923,0.09086,0.06280,0.03721
0.01092,0.00818,0.03190,0.01097,0.01275,0.02492,0.02163,0.01447,0.01066,0.02022,0.01285,0.02568,0.01257,0.02500,0.02081,0.72763,0.00885
0.01947,0.02321,0.04203,0.03116,0.03531,0.02532,0.02426,0.02533,0.01562,0.04162,0.02255,0.03148,0.02175,0.06578,0.02672,0.49911,0.04928
0.02005,0.04327,0.02641,0.03354,0.03017,0.03029,0.01296,0.02751,0.01407,0.02144,0.03331,0.03967,0.01722,0.12695,0.01368,0.38531,0.12413
0.01487,0.01580,0.03566,0.02227,0.02504,0.02545,0.01217,0.02997,0.01052,0.02705,0.01940,0.01349,0.02181,0.45662,0.06381,0.16349,0.04259
0.02050,0.01128,0.02101,0.01087,0.00823,0.01425,0.01228,0.01774,0.01152,0.01437,0.01240,0.01711,0.01078,0.10828,0.68365,0.01542,0.01030
0.02753,0.02029,0.03261,0.01353,0.02300,0.02376,0.02046,0.01243,0.02143,0.03880,0.01025,0.01475,0.01420,0.07647,0.10998,0.49783,0.04269
0.03573,0.02341,0.01568,0.01119,0.01517,0.01977,0.01420,0.01309,0.01647,0.01403,0.01025,0.02097,0.05753,0.07609,0.62894,0.01166,0.01581
0.01438,0.03522,0.01695,0.02141,0.03753,0.01951,0.01213,0.02379,0.02308,0.07723,0.02224,0.01705,0.04050,0.01649,0.01359,0.03587,0.57302
0.00627,0.00748,0.00907,0.00950,0.00628,0.00635,0.00937,0.00621,0.00545,0.00764,0.00515,0.00671,0.00791,0.88121,0.01300,0.00592,0.00648
0.01197,0.01531,0.01624,0.01701,0.01192,0.01300,0.01318,0.01645,0.00892,0.01870,0.01212,0.01538,0.02214,0.72437,0.03176,0.03357,0.01796
0.01649,0.02598,0.03094,0.01861,0.02607,0.02215,0.01894,0.02221,0.01097,0.02367,0.01334,0.01385,0.01968,0.51974,0.10664,0.08877,0.02197
0.00715,0.01438,0.00924,0.01043,0.00855,0.00999,0.00673,0.00838,0.00497,0.00778,0.00821,0.00723,0.01232,0.85744,0.01146,0.00752,0.00824
0.01597,0.01871,0.02248,0.01030,0.02152,0.01731,0.02818,0.02053,0.01099,0.02092,0.01738,0.01602,0.01590,0.02228,0.38158,0.34142,0.01849
0.01613,0.01537,0.02830,0.01990,0.01644,0.01715,0.02510,0.01620,0.01568,0.01675,0.01924,0.01706,0.01726,0.64290,0.01917,0.02091,0.07644
0.02277,0.02762,0.05878,0.02010,0.01539,0.02663,0.01091,0.02110,0.01053,0.03116,0.01836,0.01320,0.02552,0.21883,0.01259,0.42786,0.03867
0.02760,0.02094,0.03662,0.01496,0.02000,0.02896,0.01431,0.02405,0.01750,0.01499,0.02102,0.02380,0.05840,0.60388,0.01558,0.03924,0.01813
0.03260,0.03287,0.13922,0.02661,0.03492,0.01896,0.02340,0.01953,0.01276,0.01699,0.02470,0.06723,0.02388,0.39970,0.01800,0.08965,0.01896
0.02452,0.02044,0.03102,0.01880,0.01206,0.01557,0.03339,0.02423,0.01622,0.01879,0.01846,0.01820,0.01732,0.25214,0.43881,0.02615,0.01389
0.01731,0.01592,0.01809,0.02073,0.03159,0.01877,0.00968,0.01671,0.00966,0.03000,0.01925,0.01470,0.01264,0.01811,0.01884,0.04333,0.68466
0.01694,0.01555,0.01813,0.01177,0.01889,0.01692,0.02017,0.03373,0.01655,0.01677,0.02591,0.01188,0.57655,0.03715,0.01937,0.11905,0.02466
0.01223,0.02255,0.01074,0.01827,0.01469,0.01549,0.01867,0.01616,0.01214,0.02565,0.01279,0.01792,0.01088,0.01467,0.01600,0.20275,0.55838
0.01648,0.01447,0.02657,0.01719,0.41723,0.02019,0.01496,0.01336,0.01801,0.01767,0.02503,0.01523,0.01500,0.28711,0.04407,0.01680,0.02062
0.02579,0.02303,0.04057,0.03927,0.07493,0.02227,0.03913,0.03333,0.02136,0.03220,0.03435,0.02220,0.09578,0.20224,0.03286,0.23098,0.02971
0.01808,0.02498,0.02381,0.02973,0.01484,0.02096,0.01374,0.00821,0.00724,0.03027,0.01519,0.01951,0.02853,0.66478,0.02268,0.03971,0.01774
0.02488,0.01478,0.01984,0.01396,0.02145,0.02875,0.02708,0.01064,0.01196,0.04437,0.01313,0.01417,0.01769,0.47739,0.18913,0.02987,0.04091
0.02316,0.01694,0.01762,0.02669,0.02938,0.01743,0.01787,0.01683,0.02206,0.02011,0.01809,0.02057,0.02089,0.28793,0.02505,0.03562,0.38376
0.01547,0.01935,0.01727,0.01617,0.01213,0.01448,0.03283,0.01266,0.01004,0.01350,0.01258,0.01784,0.01535,0.61048,0.15088,0.01481,0.01415
0.02390,0.02787,0.02933,0.03663,0.03564,0.02783,0.01156,0.01706,0.01411,0.03399,0.01582,0.01886,0.02963,0.48560,0.02188,0.13017,0.04013
0.02278,0.01585,0.03688,0.03096,0.02690,0.01968,0.01230,0.01363,0.01023,0.02943,0.02644,0.01568,0.02220,0.52196,0.03216,0.14061,0.02232
0.02352,0.02009,0.03213,0.02003,0.02099,0.02195,0.01419,0.01703,0.01504,0.02379,0.01912,0.02020,0.02176,0.41837,0.02143,0.04043,0.24995
0.01295,0.03086,0.01580,0.02074,0.01377,0.02182,0.01252,0.01124,0.01079,0.01855,0.01363,0.01567,0.01276,0.07823,0.01698,0.03395,0.65974
0.02137,0.02461,0.04079,0.02572,0.05000,0.03261,0.02432,0.02600,0.01662,0.06790,0.01171,0.02386,0.02705,0.05853,0.38717,0.13906,0.02269
0.02403,0.02955,0.03393,0.02607,0.02141,0.02401,0.02034,0.02332,0.01511,0.03818,0.01710,0.02470,0.02192,0.23161,0.03159,0.37716,0.03999
0.02260,0.01444,0.03397,0.01081,0.02338,0.01588,0.05081,0.01450,0.01294,0.01969,0.02933,0.02747,0.02541,0.01460,0.05606,0.61339,0.01473
0.01762,0.01726,0.03744,0.01368,0.03323,0.03938,0.01761,0.02857,0.01587,0.02130,0.02815,0.01244,0.02043,0.06487,0.03125,0.01817,0.58272
0.02309,0.01271,0.05102,0.01581,0.05456,0.01649,0.03056,0.06568,0.03621,0.03772,0.04250,0.02311,0.06611,0.04297,0.24088,0.20415,0.03643
0.01978,0.02779,0.02764,0.04072,0.01648,0.01759,0.01248,0.00899,0.00548,0.06263,0.01346,0.01500,0.03502,0.50235,0.02229,0.15954,0.01276
0.01477,0.01713,0.01827,0.01412,0.01470,0.01454,0.01490,0.01346,0.01028,0.01575,0.01205,0.01507,0.03605,0.69297,0.06435,0.01861,0.01297
0.02119,0.01158,0.01413,0.01456,0.01453,0.01793,0.01873,0.02840,0.00767,0.02211,0.01169,0.02772,0.00848,0.00973,0.58181,0.17824,0.01150
0.02954,0.02877,0.02854,0.02383,0.03370,0.02402,0.01114,0.02416,0.01046,0.02224,0.02158,0.01426,0.02126,0.03305,0.03712,0.18039,0.45596
0.01588,0.01520,0.04641,0.01454,0.04238,0.02048,0.01313,0.02316,0.01418,0.02012,0.02092,0.01430,0.02674,0.02805,0.03042,0.63420,0.01989
0.02277,0.01577,0.03892,0.01059,0.06120,0.02039,0.01455,0.01813,0.01195,0.02430,0.03236,0.01637,0.30681,0.02844,0.02464,0.31569,0.03713
0.01501,0.02152,0.02897,0.02230,0.01227,0.02375,0.01731,0.01757,0.01405,0.03504,0.01418,0.01921,0.02305,0.62969,0.03406,0.03988,0.03214
0.02417,0.01904,0.05723,0.01843,0.02221,0.03177,0.10253,0.02062,0.02047,0.04117,0.02544,0.02775,0.02282,0.01930,0.04077,0.47796,0.02830
0.01243,0.01919,0.03171,0.01402,0.01747,0.02391,0.01294,0.02625,0.00833,0.01774,0.02502,0.01819,0.01191,0.01039,0.03112,0.69039,0.02898
0.02682,0.01874,0.03645,0.01773,0.03193,0.01533,0.02187,0.02550,0.00956,0.01964,0.02932,0.01789,0.01515,0.01229,0.33540,0.35025,0.01613
0.02149,0.01401,0.04139,0.01636,0.07623,0.02063,0.01533,0.02656,0.01681,0.02398,0.02485,0.02692,0.02369,0.26295,0.16758,0.19551,0.02571
0.01067,0.01118,0.02002,0.01519,0.01624,0.01398,0.01994,0.01283,0.01589,0.00929,0.01388,0.01044,0.01518,0.75875,0.02584,0.01574,0.01495
0.01040,0.01808,0.01340,0.01582,0.02552,0.01697,0.01044,0.01739,0.01179,0.03467,0.02016,0.01838,0.00819,0.01483,0.02251,0.39924,0.34224
0.01283,0.01356,0.03863,0.01022,0.02349,0.01599,0.01848,0.02333,0.01508,0.01680,0.01484,0.01220,0.01221,0.01088,0.26061,0.48637,0.01447
0.00816,0.02105,0.01398,0.01438,0.00771,0.01292,0.01303,0.00937,0.00628,0.01102,0.01043,0.01102,0.01083,0.80271,0.03098,0.00821,0.00793
0.01481,0.01452,0.03115,0.01068,0.02091,0.02153,0.01405,0.00850,0.00883,0.04060,0.01416,0.02901,0.01627,0.02992,0.01341,0.70284,0.00880
0.01837,0.03970,0.03621,0.01867,0.02093,0.01938,0.01830,0.01720,0.00937,0.01835,0.01411,0.02344,0.03047,0.58050,0.05661,0.06304,0.01535
0.02572,0.02955,0.03896,0.01364,0.03792,0.02725,0.02812,0.02909,0.01847,0.03051,0.02053,0.01757,0.01664,0.01577,0.22145,0.33504,0.09377
0.01553,0.03800,0.04326,0.03758,0.02440,0.02103,0.01004,0.03327,0.01122,0.04884,0.01992,0.02014,0.05855,0.18037,0.01479,0.02030,0.40277
0.02051,0.01790,0.02708,0.02018,0.01649,0.02510,0.01948,0.02967,0.02149,0.03534,0.02519,0.02364,0.01794,0.02669,0.02231,0.62789,0.02311
0.01455,0.03959,0.05144,0.03292,0.02750,0.02495,0.02293,0.05268,0.01413,0.03433,0.03150,0.02112,0.01676,0.12999,0.09548,0.36217,0.02796
0.01750,0.05221,0.01875,0.02920,0.01592,0.01723,0.01449,0.01331,0.00780,0.01957,0.01297,0.02566,0.03812,0.56770,0.03595,0.10204,0.01160
0.02565,0.02825,0.03538,0.03125,0.02640,0.02637,0.04948,0.02785,0.02708,0.05075,0.01732,0.02646,0.01858,0.22967,0.18279,0.04430,0.15241
0.01468,0.01548,0.07344,0.01727,0.02475,0.02440,0.01872,0.02916,0.00940,0.03561,0.01319,0.01856,0.01821,0.10843,0.01477,0.54363,0.02029
0.01415,0.01715,0.02425,0.01971,0.02111,0.03267,0.01294,0.01796,0.01071,0.04014,0.01366,0.01287,0.01312,0.18325,0.01910,0.51983,0.02737
0.00824,0.01502,0.01586,0.01443,0.00775,0.01057,0.01638,0.01001,0.00804,0.01286,0.00785,0.01209,0.02012,0.77968,0.03865,0.01168,0.01077
0.02144,0.02190,0.03890,0.01802,0.01648,0.01491,0.06587,0.02440,0.00925,0.03406,0.01816,0.01672,0.01909,0.02768,0.58523,0.03971,0.02818
0.01467,0.02617,0.02550,0.02209,0.01280,0.02035,0.01706,0.00910,0.00845,0.02376,0.01363,0.01685,0.02070,0.64214,0.04383,0.06865,0.01422
0.02447,0.01529,0.02550,0.01734,0.01773,0.01502,0.35187,0.02223,0.02888,0.01325,0.01167,0.01700,0.02126,0.31651,0.05144,0.01798,0.03256
0.02039,0.01728,0.02376,0.02030,0.02341,0.01393,0.02092,0.01640,0.01244,0.02031,0.01612,0.03262,0.02241,0.58025,0.03178,0.10136,0.02632
0.00727,0.00803,0.01173,0.00712,0.84314,0.01130,0.00672,0.01247,0.00966,0.00763,0.00790,0.00670,0.00911,0.01057,0.01407,0.01935,0.00721
0.01316,0.01050,0.01444,0.01111,0.01122,0.01289,0.01434,0.01499,0.00939,0.01067,0.01533,0.01623,0.00752,0.01332,0.80101,0.01615,0.00774
0.01937,0.01517,0.02849,0.01538,0.01426,0.01416,0.02535,0.01713,0.01358,0.02218,0.01204,0.02953,0.02018,0.48789,0.22331,0.02136,0.02061
0.03770,0.02686,0.06028,0.01896,0.13718,0.03395,0.03237,0.01946,0.01713,0.02489,0.02014,0.03115,0.02393,0.23970,0.04072,0.21796,0.01762
0.48946,0.03507,0.04949,0.03484,0.02310,0.05189,0.03154,0.01948,0.01561,0.02787,0.02804,0.04436,0.02265,0.03776,0.02425,0.03503,0.02956
0.01899,0.01659,0.03774,0.01504,0.04820,0.03921,0.01284,0.01373,0.00928,0.03186,0.03273,0.02172,0.03033,0.01477,0.02865,0.61096,0.01737
0.02227,0.02167,0.02935,0.02089,0.01733,0.02286,0.50665,0.02987,0.02626,0.01866,0.02197,0.02582,0.02706,0.01869,0.14660,0.02280,0.02124
0.01648,0.01741,0.03009,0.04050,0.03108,0.01534,0.02642,0.02022,0.01215,0.02577,0.02753,0.01968,0.03238,0.44415,0.02656,0.18036,0.03387
0.01686,0.02363,0.05135,0.02536,0.02447,0.02854,0.01488,0.03497,0.01485,0.03743,0.01948,0.02315,0.01588,0.27125,0.01906,0.34724,0.03159
0.02347,0.04180,0.03444,0.02171,0.04360,0.02094,0.02458,0.02600,0.05317,0.04618,0.02540,0.01919,0.14063,0.04743,0.09538,0.30084,0.03522
0.01108,0.01836,0.01330,0.01650,0.00964,0.00872,0.01118,0.00798,0.00628,0.01422,0.01000,0.01375,0.01634,0.80838,0.01780,0.00782,0.00865
0.01673,0.02181,0.01596,0.01926,0.01935,0.01429,0.02750,0.01268,0.00771,0.02875,0.01240,0.02079,0.02655,0.57681,0.10303,0.06011,0.01626
0.03289,0.23421,0.02580,0.03726,0.01951,0.02359,0.05951,0.02142,0.04835,0.02059,0.01805,0.02347,0.02504,0.03183,0.26676,0.08762,0.02412
0.02428,0.01483,0.05813,0.01542,0.02116,0.03635,0.02597,0.01968,0.01781,0.03610,0.01930,0.02021,0.02315,0.06900,0.02051,0.55195,0.02616
0.03341,0.00923,0.01802,0.01334,0.01976,0.01485,0.01123,0.01485,0.02370,0.01543,0.02803,0.01262,0.70817,0.01665,0.03087,0.01987,0.00998
0.02070,0.01783,0.01454,0.01914,0.01878,0.01531,0.02326,0.03095,0.02619,0.02443,0.01537,0.01818,0.43489,0.03044,0.25210,0.01593,0.02195
0.01476,0.01100,0.01829,0.01524,0.02051,0.01813,0.01947,0.02919,0.02068,0.02415,0.01833,0.01642,0.01641,0.01392,0.03038,0.69513,0.01801
0.03948,0.04059,0.02783,0.01149,0.01604,0.02918,0.02234,0.02067,0.01578,0.02362,0.01426,0.02306,0.02166,0.02179,0.31003,0.03086,0.33131
0.02574,0.02548,0.04659,0.02559,0.02159,0.02130,0.03058,0.02442,0.02464,0.03272,0.01956,0.03579,0.03273,0.34782,0.02887,0.22930,0.02729
0.02115,0.03296,0.03487,0.02267,0.01702,0.02330,0.02357,0.04321,0.05511,0.03319,0.01780,0.02271,0.03434,0.43415,0.02810,0.12578,0.03008
0.01649,0.01966,0.02889,0.01876,0.01181,0.02738,0.01630,0.00896,0.01003,0.01475,0.01302,0.02476,0.01702,0.51475,0.22722,0.02063,0.00957
0.01601,0.01180,0.01929,0.01378,0.01278,0.01060,0.01298,0.00990,0.00731,0.02015,0.01175,0.01830,0.01849,0.73991,0.04160,0.02195,0.01339
0.02234,0.02852,0.08359,0.02132,0.04266,0.02075,0.03821,0.02268,0.01663,0.02562,0.02443,0.02247,0.23212,0.12344,0.01685,0.23347,0.02490
0.00658,0.00982,0.00665,0.00889,0.01027,0.01416,0.00755,0.00771,0.00807,0.00755,0.00826,0.00839,0.01453,0.84948,0.01699,0.00780,0.00729
0.02296,0.02456,0.02885,0.02572,0.02550,0.02432,0.00986,0.01138,0.00580,0.02586,0.02082,0.01290,0.02234,0.40298,0.01872,0.29518,0.02224
0.00749,0.01586,0.01212,0.01190,0.00921,0.01280,0.01105,0.00994,0.01447,0.00687,0.01089,0.00759,0.01005,0.76211,0.07719,0.00691,0.01356
0.04894,0.02274,0.03426,0.02193,0.04310,0.02298,0.01988,0.02875,0.01982,0.03470,0.03300,0.02274,0.05173,0.11324,0.10038,0.32783,0.05399
0.01462,0.02660,0.04724,0.01461,0.00996,0.01267,0.01667,0.01348,0.00709,0.02297,0.01100,0.02350,0.03010,0.69536,0.02828,0.01433,0.01151
0.02694,0.01317,0.02310,0.01586,0.02823,0.01244,0.01799,0.02021,0.00907,0.02757,0.01972,0.01425,0.01985,0.23457,0.01863,0.47132,0.02708
0.01868,0.02484,0.02416,0.02208,0.01747,0.01562,0.02525,0.04400,0.03514,0.01904,0.01707,0.02380,0.03208,0.52192,0.05551,0.05956,0.04377
0.01423,0.01855,0.02901,0.02740,0.02029,0.01049,0.01234,0.02870,0.01575,0.01849,0.01710,0.03213,0.03818,0.55988,0.06361,0.06886,0.02501
0.02945,0.02866,0.03247,0.03506,0.02294,0.02303,0.04611,0.01989,0.01249,0.03363,0.01221,0.03348,0.01728,0.05120,0.28734,0.28373,0.03103
0.01923,0.01451,0.02369,0.01484,0.01504,0.01623,0.01823,0.02053,0.01640,0.01812,0.01622,0.01325,0.01807,0.01373,0.72404,0.02737,0.01051
0.01209,0.02016,0.01543,0.01779,0.01553,0.03214,0.02018,0.01710,0.01078,0.01155,0.02094,0.02278,0.01546,0.70218,0.04020,0.01579,0.00987
0.02580,0.01458,0.01931,0.02423,0.01500,0.02215,0.01294,0.01105,0.02112,0.02640,0.02220,0.01683,0.01255,0.02744,0.01128,0.01811,0.69901
0.02085,0.02663,0.01946,0.01687,0.03453,0.02116,0.01704,0.03364,0.02955,0.02323,0.01866,0.02040,0.32275,0.28614,0.07706,0.01336,0.01868
0.03301,0.02392,0.02138,0.01437,0.01325,0.01508,0.07616,0.02807,0.02152,0.02959,0.01205,0.03378,0.02630,0.06377,0.53924,0.02803,0.02047
0.01188,0.02859,0.04669,0.02243,0.02422,0.02002,0.02776,0.01835,0.01831,0.02236,0.02603,0.01639,0.02163,0.44577,0.10806,0.10051,0.04102
0.01118,0.01971,0.01837,0.01475,0.01236,0.01915,0.02068,0.00956,0.00884,0.02257,0.01269,0.01672,0.01042,0.04135,0.71404,0.03878,0.00882
0.00631,0.00979,0.01445,0.00616,0.02265,0.01098,0.00755,0.00793,0.00575,0.01401,0.02600,0.00683,0.00947,0.00492,0.00654,0.82285,0.01780
0.01461,0.03484,0.03753,0.04621,0.03842,0.02242,0.03323,0.04287,0.01298,0.03201,0.02176,0.02854,0.01826,0.31060,0.03796,0.21617,0.05160
0.01705,0.01573,0.01658,0.01347,0.01559,0.02590,0.01521,0.01021,0.01071,0.01379,0.01584,0.01959,0.01030,0.09899,0.67614,0.01371,0.01117
0.01740,0.03268,0.02191,0.01487,0.01498,0.02236,0.00951,0.01124,0.00759,0.02748,0.02608,0.03045,0.02311,0.56993,0.02883,0.12562,0.01595
0.02394,0.02838,0.02811,0.01664,0.01482,0.02588,0.01617,0.01137,0.00708,0.03141,0.01189,0.01871,0.01886,0.40392,0.02959,0.27522,0.03799
0.00911,0.01147,0.01103,0.01548,0.01485,0.01418,0.01532,0.01189,0.01014,0.00803,0.01348,0.00962,0.01315,0.79464,0.02781,0.00943,0.01036
0.01826,0.02158,0.02463,0.01775,0.01541,0.02672,0.01391,0.03104,0.00696,0.07314,0.01647,0.01717,0.01795,0.04405,0.02360,0.60849,0.02288
0.01753,0.02550,0.04233,0.02724,0.02221,0.01952,0.03096,0.03850,0.01559,0.03736,0.02576,0.01359,0.01786,0.33209,0.27376,0.02704,0.03318
0.00961,0.00890,0.01059,0.00643,0.01119,0.00716,0.01075,0.01333,0.00930,0.01658,0.01036,0.01568,0.00579,0.00642,0.83414,0.01620,0.00758
0.01669,0.01548,0.01622,0.01218,0.01204,0.01141,0.01966,0.01435,0.01078,0.01521,0.00940,0.01580,0.01265,0.43228,0.35840,0.01031,0.01714
0.02398,0.01729,0.01945,0.01819,0.02541,0.01915,0.02416,0.01844,0.01045,0.04077,0.01702,0.02562,0.01631,0.12491,0.22238,0.33066,0.04582
0.01845,0.02251,0.03237,0.02702,0.04598,0.01705,0.01443,0.01987,0.01028,0.01902,0.01740,0.01283,0.02087,0.01762,0.23783,0.45025,0.01620
0.01766,0.01785,0.04960,0.02144,0.02156,0.02121,0.01746,0.01909,0.01154,0.04320,0.01199,0.01298,0.01662,0.06071,0.02732,0.59315,0.03664
0.03317,0.03112,0.04059,0.02855,0.01532,0.03431,0.02865,0.01801,0.01886,0.02687,0.01963,0.02132,0.03469,0.35295,0.01827,0.23841,0.03929
0.01036,0.01872,0.02107,0.02399,0.02534,0.01756,0.01425,0.02637,0.01056,0.02944,0.01101,0.01474,0.00969,0.03370,0.02487,0.68023,0.02810
0.02106,0.03471,0.10685,0.02101,0.02210,0.02686,0.02182,0.04262,0.01659,0.03091,0.02779,0.02349,0.03204,0.39966,0.07909,0.05626,0.03714
0.01438,0.01676,0.01477,0.01360,0.03298,0.01607,0.02761,0.01393,0.01636,0.01329,0.02641,0.01411,0.67033,0.02518,0.05613,0.01605,0.01203
0.01338,0.01065,0.01641,0.01073,0.00961,0.01034,0.00914,0.00969,0.00621,0.01013,0.00874,0.01156,0.02731,0.79736,0.02397,0.01458,0.01018
0.01276,0.00903,0.00830,0.00748,0.00789,0.00960,0.01345,0.00877,0.00494,0.00943,0.00848,0.01848,0.00871,0.01078,0.84342,0.01143,0.00708
0.01888,0.02870,0.06323,0.02645,0.02292,0.04131,0.01678,0.02627,0.01239,0.04371,0.03775,0.02294,0.03131,0.37548,0.03340,0.16942,0.02907
0.02198,0.01978,0.03362,0.01821,0.02047,0.01790,0.03534,0.02614,0.01963,0.02364,0.02108,0.02357,0.04564,0.50743,0.05615,0.08155,0.02787
0.03878,0.02290,0.06302,0.03597,0.02353,0.05053,0.02399,0.02215,0.03053,0.03784,0.03041,0.31271,0.02502,0.08499,0.01748,0.12234,0.05781
0.01797,0.01749,0.04344,0.01213,0.02798,0.01760,0.02937,0.02630,0.01557,0.04941,0.01464,0.01800,0.01583,0.01668,0.16498,0.48631,0.02629
0.01716,0.01687,0.02001,0.01586,0.01995,0.02902,0.02431,0.01208,0.01610,0.01858,0.01325,0.01948,0.01877,0.05735,0.66411,0.02139,0.01570
0.01369,0.01694,0.01155,0.01005,0.00985,0.01939,0.01182,0.00764,0.00579,0.02806,0.00767,0.01495,0.02300,0.46029,0.33427,0.01431,0.01074
0.75236,0.01764,0.01385,0.01194,0.01744,0.02250,0.00836,0.00745,0.01863,0.01414,0.02476,0.01073,0.01919,0.01878,0.02060,0.01111,0.01052
0.01870,0.03776,0.02762,0.02898,0.02100,0.04208,0.03134,0.03349,0.12977,0.04963,0.02691,0.02224,0.01766,0.03082,0.03169,0.40517,0.04513
0.02018,0.01452,0.02450,0.01478,0.01235,0.00983,0.01809,0.02602,0.01035,0.01913,0.01275,0.01258,0.01700,0.65121,0.10514,0.01266,0.01891
0.02959,0.02779,0.01885,0.01941,0.00832,0.01528,0.01332,0.00870,0.00807,0.01598,0.00973,0.01254,0.03513,0.73485,0.01553,0.01311,0.01380
0.04022,0.02986,0.31471,0.02155,0.02008,0.03940,0.03151,0.04667,0.01786,0.05002,0.02722,0.03288,0.03369,0.13636,0.04797,0.08646,0.02355
0.01294,0.01662,0.21822,0.02211,0.01289,0.01576,0.01697,0.03396,0.01223,0.01777,0.01809,0.02233,0.01932,0.02291,0.01622,0.04128,0.48037
0.01259,0.01435,0.01990,0.01128,0.02360,0.01917,0.01393,0.01484,0.00919,0.01982,0.01002,0.01848,0.01841,0.03486,0.69305,0.05553,0.01099
0.01925,0.01921,0.03844,0.01812,0.01714,0.01915,0.02312,0.02922,0.01332,0.03280,0.02556,0.02013,0.03313,0.51562,0.12989,0.02540,0.02051
0.02639,0.02521,0.04089,0.02315,0.01775,0.02277,0.01206,0.04287,0.01580,0.02513,0.02189,0.02267,0.02930,0.18969,0.04284,0.40321,0.03837
0.01657,0.01607,0.01860,0.01268,0.02232,0.02060,0.02234,0.02703,0.01253,0.02375,0.01689,0.02300,0.02294,0.04118,0.02713,0.64285,0.03352
0.02156,0.04019,0.05862,0.02488,0.01582,0.02205,0.02862,0.06146,0.02293,0.05267,0.01949,0.04683,0.01079,0.04898,0.15653,0.33987,0.02870
0.01439,0.01491,0.01463,0.01724,0.01348,0.02270,0.01595,0.00883,0.00621,0.01345,0.01668,0.02874,0.01473,0.72173,0.03247,0.03416,0.00969
0.01207,0.01574,0.02459,0.01837,0.00879,0.01195,0.01532,0.01138,0.01357,0.01095,0.00749,0.00870,0.02658,0.77101,0.01721,0.01097,0.01534
0.01255,0.02008,0.01383,0.02238,0.01451,0.01587,0.01270,0.01154,0.01014,0.01847,0.00912,0.01074,0.01800,0.75073,0.02528,0.01461,0.01945
0.00763,0.01450,0.01524,0.01203,0.02201,0.01140,0.00872,0.01176,0.00576,0.01543,0.01210,0.00937,0.00935,0.00825,0.01857,0.79642,0.02145
0.01484,0.01931,0.02044,0.01335,0.01954,0.02441,0.02404,0.02530,0.26690,0.03754,0.01419,0.02001,0.01229,0.01345,0.02335,0.42383,0.02719
0.01594,0.03357,0.03246,0.03869,0.02763,0.01846,0.01531,0.02007,0.01174,0.01791,0.02557,0.01471,0.02931,0.42344,0.02120,0.18003,0.07395
0.02384,0.02031,0.03016,0.02781,0.02734,0.04139,0.01814,0.03868,0.01458,0.04508,0.02007,0.03774,0.02022,0.12423,0.06626,0.39017,0.05398
0.03522,0.04265,0.06172,0.02353,0.02337,0.03485,0.02876,0.01983,0.01067,0.02313,0.03718,0.02616,0.02275,0.29472,0.01932,0.23536,0.06078
0.02433,0.03753,0.03525,0.01641,0.05236,0.04122,0.01864,0.01876,0.01750,0.02728,0.02293,0.01778,0.04927,0.03437,0.02348,0.52189,0.04099
0.01197,0.02475,0.01836,0.01923,0.01485,0.01409,0.01105,0.01078,0.01146,0.01458,0.01888,0.02590,0.00926,0.01178,0.01017,0.01967,0.75324
0.01842,0.02109,0.03546,0.01655,0.03729,0.01644,0.01884,0.01481,0.01660,0.02929,0.02430,0.01344,0.39084,0.04076,0.01434,0.27156,0.01998
0.02280,0.02042,0.04437,0.03568,0.02469,0.02406,0.01229,0.01758,0.00989,0.02348,0.03019,0.02828,0.02378,0.54492,0.02468,0.08522,0.02767
0.01589,0.01412,0.01591,0.01223,0.02366,0.02070,0.01799,0.02100,0.01203,0.04238,0.01226,0.02261,0.01697,0.01247,0.04199,0.67822,0.01958
0.03742,0.02684,0.02399,0.01955,0.02527,0.02755,0.01912,0.01927,0.01274,0.02500,0.01620,0.02306,0.02361,0.38031,0.22646,0.05638,0.03722
0.03772,0.02668,0.02468,0.01957,0.01566,0.03368,0.51774,0.01876,0.02018,0.02196,0.01949,0.04191,0.01614,0.09949,0.03515,0.03588,0.01530
0.02911,0.02458,0.05222,0.01393,0.01357,0.02131,0.02324,0.02689,0.01321,0.03725,0.01758,0.02467,0.01448,0.11210,0.32486,0.23577,0.01522
0.03718,0.03811,0.02842,0.03120,0.03998,0.02663,0.02379,0.02118,0.01602,0.03164,0.02917,0.02614,0.16305,0.33203,0.01553,0.07194,0.06798
0.00955,0.01557,0.01149,0.01747,0.00925,0.01089,0.01305,0.01016,0.00640,0.01279,0.01163,0.01868,0.01105,0.73236,0.08919,0.01149,0.00899
0.02369,0.01574,0.01262,0.01279,0.03955,0.01387,0.02257,0.01195,0.02044,0.01261,0.66248,0.01381,0.01859,0.05427,0.02418,0.02204,0.01879
0.02476,0.02336,0.02947,0.01962,0.03300,0.03278,0.02528,0.02385,0.40766,0.03390,0.02660,0.04412,0.03151,0.05293,0.11042,0.04396,0.03679
0.01488,0.02161,0.01635,0.01480,0.01605,0.02173,0.01658,0.02388,0.01263,0.03992,0.01272,0.01787,0.01159,0.01782,0.04743,0.51471,0.17942
0.03896,0.04036,0.02376,0.02141,0.01332,0.01930,0.03656,0.02610,0.02873,0.01655,0.01767,0.01878,0.12799,0.48160,0.04209,0.01455,0.03228
0.02103,0.02024,0.02178,0.01649,0.01708,0.27363,0.02692,0.01537,0.02642,0.03737,0.01377,0.02236,0.01216,0.01837,0.39593,0.03673,0.02435
0.01605,0.01660,0.02556,0.01361,0.01905,0.02184,0.02408,0.01893,0.01578,0.01504,0.01801,0.01789,0.01532,0.07089,0.65738,0.02207,0.01189
0.01104,0.01855,0.02033,0.01379,0.02414,0.01732,0.01671,0.01982,0.00979,0.03573,0.01151,0.01074,0.01123,0.03249,0.02238,0.66719,0.05725
0.02025,0.03241,0.03237,0.02087,0.02217,0.02025,0.01626,0.02042,0.01503,0.01668,0.01836,0.01663,0.02168,0.60210,0.02832,0.04268,0.05352
0.01526,0.02098,0.03423,0.01648,0.03922,0.02450,0.01984,0.02601,0.02444,0.03920,0.01554,0.02865,0.01912,0.06165,0.01631,0.55780,0.04076
0.01318,0.01770,0.63470,0.02396,0.02191,0.01249,0.02987,0.03248,0.02077,0.01604,0.02836,0.01641,0.00971,0.03425,0.03343,0.04088,0.01386
0.01170,0.03402,0.02697,0.01340,0.01866,0.02131,0.01382,0.01843,0.01407,0.01204,0.01508,0.01343,0.48928,0.16619,0.09619,0.01550,0.01993
0.01179,0.02513,0.02945,0.01595,0.00844,0.01404,0.01074,0.00939,0.00503,0.01944,0.00918,0.01612,0.01990,0.72921,0.04813,0.01772,0.01035
