0.03468,0.03510,0.03332,0.03084,0.03925,0.02691,0.03082,0.05151,0.03060,0.03287,0.03917,0.03506,0.03088,0.15870,0.04882,0.02430,0.03396,0.04050,0.05832,0.03799,0.09059,0.05582
0.02606,0.03195,0.02189,0.05202,0.04080,0.03134,0.02544,0.05369,0.03576,0.02953,0.03295,0.05528,0.04579,0.03212,0.08733,0.03472,0.03418,0.04186,0.03253,0.02975,0.18103,0.04399
0.03139,0.04097,0.02830,0.02591,0.03875,0.03894,0.04030,0.03805,0.05304,0.02381,0.03321,0.02842,0.03445,0.03635,0.13372,0.03921,0.06684,0.06275,0.02976,0.03274,0.10301,0.04011
0.03142,0.03434,0.04793,0.02931,0.03037,0.03972,0.05379,0.03908,0.03879,0.02529,0.02890,0.03205,0.03783,0.16139,0.05018,0.03551,0.04556,0.07044,0.03172,0.02789,0.06174,0.04673
0.03640,0.35972,0.02712,0.02142,0.03289,0.03335,0.01963,0.02811,0.03039,0.04119,0.02998,0.03333,0.03202,0.02591,0.02267,0.03041,0.04316,0.03357,0.02797,0.02626,0.03751,0.02697
0.02707,0.03701,0.05269,0.03338,0.04492,0.03267,0.04703,0.03319,0.03614,0.02665,0.03614,0.03530,0.03315,0.13143,0.05775,0.03301,0.04046,0.11369,0.03615,0.02955,0.03749,0.04512
0.02505,0.03002,0.05142,0.02245,0.03362,0.02197,0.03423,0.03707,0.03505,0.03366,0.02332,0.03324,0.02508,0.13205,0.10997,0.02283,0.03992,0.03320,0.02941,0.03369,0.13881,0.05394
0.13419,0.04333,0.05437,0.03787,0.03140,0.03985,0.03631,0.03408,0.03941,0.03282,0.03435,0.03354,0.03722,0.06843,0.02804,0.03117,0.03178,0.05794,0.02790,0.06815,0.06053,0.03733
0.04445,0.04426,0.04469,0.03605,0.03551,0.03476,0.04416,0.03307,0.04220,0.12209,0.03947,0.03947,0.03610,0.05223,0.03860,0.04668,0.04606,0.05219,0.03806,0.03652,0.05881,0.03455
0.02665,0.03204,0.02923,0.02782,0.03061,0.02759,0.02042,0.03831,0.02686,0.03010,0.03041,0.03183,0.02865,0.02851,0.06024,0.02667,0.02863,0.03669,0.06675,0.02475,0.31985,0.02738
0.02752,0.03564,0.04858,0.02678,0.03089,0.02499,0.03445,0.04384,0.03034,0.03031,0.02848,0.03251,0.02905,0.10256,0.06741,0.02370,0.03199,0.13916,0.04270,0.03806,0.09261,0.03844
0.02363,0.04861,0.04535,0.02925,0.03233,0.02552,0.09756,0.04213,0.02787,0.03729,0.03828,0.04581,0.03548,0.03729,0.06404,0.03237,0.03635,0.06758,0.08346,0.03221,0.05712,0.06049
0.03418,0.03057,0.03395,0.03142,0.02848,0.02509,0.04653,0.02668,0.03995,0.03513,0.03115,0.19772,0.02906,0.08236,0.05601,0.02912,0.03576,0.04704,0.03518,0.03744,0.04119,0.04599
0.02735,0.03034,0.04729,0.02644,0.02829,0.02661,0.03253,0.02638,0.03227,0.03194,0.02307,0.03123,0.02974,0.27371,0.03462,0.02321,0.04411,0.04282,0.04400,0.03313,0.03579,0.07512
0.03542,0.04937,0.04278,0.04926,0.04787,0.03859,0.04151,0.03642,0.03453,0.04610,0.05333,0.03134,0.03026,0.06173,0.09589,0.07219,0.04799,0.05565,0.03113,0.03338,0.03647,0.02879
0.03037,0.03780,0.03666,0.05814,0.03607,0.03983,0.03527,0.02736,0.04344,0.03305,0.03776,0.02627,0.03288,0.19690,0.04913,0.03685,0.03544,0.04402,0.02913,0.04708,0.05410,0.03246
0.03110,0.02852,0.04202,0.02131,0.02414,0.02426,0.05041,0.02314,0.04840,0.02817,0.02437,0.02852,0.02860,0.17578,0.04800,0.02543,0.04003,0.04593,0.02660,0.03897,0.15848,0.03781
0.02431,0.03888,0.04648,0.03223,0.03122,0.02573,0.04363,0.02629,0.02522,0.04284,0.02657,0.03567,0.03593,0.08100,0.08077,0.02583,0.03426,0.04753,0.03724,0.03093,0.10121,0.12624
0.02190,0.02454,0.03261,0.01808,0.01813,0.02225,0.02039,0.02884,0.02284,0.02175,0.02215,0.03413,0.03152,0.02671,0.03264,0.02586,0.09487,0.02052,0.02243,0.02374,0.40159,0.03251
0.02803,0.15149,0.03499,0.03184,0.04374,0.02560,0.03425,0.02942,0.02797,0.03762,0.04935,0.03298,0.02636,0.07949,0.06828,0.02647,0.03662,0.06494,0.06724,0.02902,0.04002,0.03429
0.02887,0.03323,0.05069,0.03485,0.03518,0.03543,0.05188,0.03150,0.03988,0.03099,0.03486,0.02867,0.04175,0.14842,0.03517,0.04164,0.03485,0.05584,0.03158,0.04727,0.08244,0.04502
0.02353,0.03849,0.03735,0.02040,0.02955,0.02770,0.03615,0.02809,0.08471,0.02450,0.02759,0.02807,0.03054,0.12726,0.04041,0.02401,0.03686,0.05666,0.02151,0.04031,0.15482,0.06149
0.02631,0.03081,0.04470,0.02671,0.03218,0.03196,0.04091,0.02918,0.03719,0.03004,0.02754,0.03368,0.04044,0.25580,0.03217,0.02997,0.04308,0.05281,0.03102,0.03221,0.04635,0.04495
0.02560,0.03824,0.02511,0.02548,0.04008,0.03223,0.02626,0.02630,0.01972,0.01740,0.02852,0.03260,0.02432,0.03830,0.24311,0.02125,0.18620,0.03311,0.02643,0.02370,0.02699,0.03905
0.03385,0.04168,0.04058,0.02405,0.03473,0.03122,0.03833,0.03645,0.03683,0.03221,0.02719,0.03894,0.03384,0.04779,0.08720,0.02874,0.05929,0.06386,0.03830,0.03054,0.04965,0.14471
0.02516,0.03958,0.01824,0.02783,0.02566,0.04849,0.02639,0.02948,0.03431,0.02808,0.03141,0.03653,0.03488,0.02762,0.03147,0.03037,0.02925,0.04242,0.02214,0.02749,0.33939,0.04380
0.03716,0.03597,0.03879,0.04110,0.04129,0.02978,0.03844,0.02890,0.04583,0.03953,0.05609,0.12818,0.04232,0.04892,0.05780,0.02586,0.03923,0.04841,0.02917,0.03848,0.05544,0.05333
0.02291,0.03123,0.02852,0.02364,0.02263,0.03153,0.02602,0.02618,0.03419,0.02639,0.02673,0.02864,0.03234,0.03298,0.03084,0.02309,0.03365,0.05019,0.02549,0.02634,0.33794,0.07853
0.03852,0.04058,0.02867,0.03486,0.03923,0.04651,0.03413,0.03390,0.03685,0.02375,0.03643,0.03199,0.03554,0.05974,0.15060,0.03045,0.06205,0.05318,0.03175,0.03296,0.04700,0.07129
0.02865,0.05185,0.03436,0.03866,0.05234,0.03738,0.03427,0.06639,0.03862,0.03412,0.04326,0.03837,0.03340,0.04648,0.04930,0.04222,0.04284,0.08278,0.03661,0.03410,0.04451,0.08949
0.03552,0.03234,0.08032,0.03266,0.03416,0.03332,0.05658,0.03989,0.05139,0.03171,0.03073,0.03758,0.04117,0.11468,0.04371,0.03666,0.04280,0.06175,0.03344,0.03701,0.04676,0.04582
0.02918,0.03362,0.03096,0.02879,0.03055,0.03143,0.03225,0.03222,0.02567,0.03839,0.02005,0.03236,0.03459,0.04075,0.03021,0.03275,0.04739,0.29842,0.02595,0.03524,0.04000,0.04922
0.03578,0.03982,0.03860,0.02875,0.02816,0.03484,0.02936,0.03623,0.02921,0.02880,0.02379,0.02651,0.03538,0.05803,0.04570,0.03068,0.03596,0.25363,0.02742,0.04887,0.05544,0.02904
0.04178,0.04534,0.03097,0.03472,0.03051,0.03947,0.02915,0.03073,0.03512,0.03596,0.03333,0.03272,0.03345,0.04293,0.13316,0.02570,0.03872,0.07609,0.04192,0.04213,0.11585,0.03027
0.03174,0.04646,0.02240,0.02978,0.03195,0.02782,0.02891,0.04188,0.03343,0.02751,0.04064,0.02554,0.02422,0.04082,0.24047,0.03109,0.03500,0.03175,0.09459,0.03153,0.04148,0.04097
0.03695,0.02897,0.02868,0.04500,0.03085,0.06643,0.03532,0.02890,0.03545,0.03222,0.02661,0.02550,0.04650,0.06854,0.03936,0.03825,0.03801,0.20019,0.02122,0.04619,0.05474,0.02611
0.03716,0.04004,0.05137,0.02624,0.03534,0.02851,0.03852,0.08983,0.02325,0.02743,0.02919,0.02996,0.02693,0.16269,0.04769,0.02603,0.04506,0.07349,0.04031,0.03068,0.05072,0.03956
0.02359,0.03953,0.03035,0.04903,0.07775,0.05074,0.03441,0.05765,0.03030,0.03483,0.03914,0.04630,0.04362,0.02470,0.04637,0.03873,0.03139,0.08830,0.05867,0.04244,0.07776,0.03441
0.03472,0.04287,0.04715,0.03405,0.03252,0.04337,0.03674,0.03002,0.02878,0.04156,0.05201,0.04436,0.03291,0.05800,0.04314,0.06633,0.15668,0.03261,0.03658,0.02919,0.03645,0.03999
0.02823,0.06059,0.03046,0.02198,0.03965,0.02645,0.03971,0.03485,0.03695,0.02666,0.02230,0.03984,0.02903,0.03401,0.18200,0.02615,0.04452,0.09421,0.02409,0.03671,0.05643,0.06516
0.02396,0.03781,0.02335,0.02552,0.03594,0.02084,0.02420,0.02337,0.01830,0.02221,0.02972,0.02333,0.01876,0.06358,0.40181,0.02112,0.05191,0.03639,0.02690,0.02479,0.02478,0.02143
0.02462,0.03497,0.03256,0.04000,0.05349,0.03038,0.03107,0.04878,0.02678,0.03346,0.02466,0.04006,0.03186,0.04045,0.09112,0.03579,0.03310,0.14242,0.09773,0.03066,0.03431,0.04173
0.03292,0.03913,0.07241,0.02662,0.03859,0.03295,0.04256,0.03259,0.04156,0.03112,0.04218,0.02648,0.02354,0.20499,0.03726,0.02672,0.03618,0.04343,0.03169,0.04265,0.05822,0.03623
0.03112,0.04459,0.03851,0.02953,0.04191,0.03070,0.04438,0.03054,0.02611,0.02840,0.03572,0.04661,0.02733,0.06575,0.20808,0.02817,0.04135,0.05710,0.03826,0.03077,0.03387,0.04121
0.03844,0.04879,0.02444,0.03614,0.03844,0.05148,0.02084,0.04457,0.02542,0.03340,0.04212,0.04151,0.04530,0.03948,0.06428,0.03554,0.11880,0.10858,0.03385,0.02531,0.04481,0.03847
0.02916,0.04519,0.06840,0.03227,0.04315,0.04211,0.04724,0.03169,0.02662,0.02775,0.02736,0.02773,0.03954,0.09914,0.05187,0.03108,0.05877,0.10601,0.03381,0.03458,0.04886,0.04766
0.02881,0.04073,0.02956,0.03896,0.02830,0.03355,0.02721,0.02782,0.03749,0.03185,0.03716,0.03225,0.03483,0.03667,0.03465,0.03029,0.05052,0.05457,0.03771,0.03077,0.03272,0.26359
0.02863,0.03978,0.05136,0.02418,0.03470,0.03350,0.04511,0.04037,0.03446,0.02258,0.02576,0.02939,0.05726,0.16279,0.03980,0.03116,0.05402,0.07785,0.03266,0.03201,0.04199,0.06066
0.02347,0.02419,0.03646,0.02893,0.03116,0.02641,0.03532,0.02311,0.03409,0.02423,0.02462,0.02564,0.03142,0.26112,0.13668,0.02442,0.03462,0.04602,0.02939,0.03479,0.03710,0.02681
0.02634,0.04054,0.02470,0.02597,0.03051,0.02917,0.03289,0.03168,0.02710,0.02461,0.02805,0.03565,0.03003,0.03551,0.27205,0.02889,0.05125,0.05384,0.05459,0.02824,0.03873,0.04967
0.02694,0.03461,0.03961,0.02584,0.03626,0.02564,0.03636,0.14433,0.02462,0.03787,0.02579,0.02796,0.02567,0.05237,0.05642,0.03110,0.02870,0.19965,0.02968,0.02512,0.03981,0.02564
0.02767,0.03050,0.04167,0.02503,0.03357,0.03808,0.03296,0.04233,0.04182,0.02828,0.02416,0.02921,0.04210,0.05161,0.04474,0.02975,0.03902,0.19970,0.04752,0.04214,0.06669,0.04143
0.02973,0.03031,0.04523,0.03136,0.03337,0.03714,0.03972,0.03265,0.02847,0.03554,0.04039,0.02920,0.02667,0.24607,0.05326,0.03601,0.04785,0.02940,0.02695,0.02948,0.04602,0.04518
0.02351,0.02951,0.03776,0.03437,0.02413,0.02769,0.02713,0.02874,0.03186,0.03925,0.03113,0.02856,0.03397,0.03772,0.03081,0.03066,0.02608,0.04032,0.11305,0.03120,0.25576,0.03679
0.03512,0.04869,0.02278,0.03736,0.03312,0.03377,0.04344,0.02992,0.03861,0.05988,0.03910,0.04927,0.03077,0.05320,0.04545,0.03529,0.04091,0.05820,0.05963,0.03819,0.05483,0.11249
0.03249,0.07165,0.03612,0.02882,0.03868,0.03000,0.03291,0.03031,0.03317,0.03113,0.02692,0.04072,0.02437,0.12809,0.12576,0.02753,0.06090,0.04870,0.03121,0.03413,0.04513,0.04125
0.02208,0.36115,0.02421,0.02061,0.02877,0.02402,0.03107,0.02870,0.01722,0.04158,0.03288,0.02375,0.02616,0.02851,0.07248,0.02685,0.03617,0.03614,0.04821,0.02413,0.02557,0.01973
0.03318,0.03094,0.04452,0.02929,0.03137,0.02880,0.04021,0.03818,0.06084,0.03025,0.02747,0.04630,0.02858,0.13223,0.04932,0.02972,0.03905,0.11303,0.04327,0.03518,0.04944,0.03884
0.03478,0.03230,0.03917,0.04667,0.04156,0.03277,0.04006,0.05285,0.03690,0.03059,0.04440,0.04320,0.03573,0.10540,0.06872,0.03180,0.04194,0.05076,0.06905,0.03101,0.04225,0.04809
0.03332,0.04486,0.05007,0.03152,0.05478,0.02752,0.05014,0.07067,0.02833,0.04367,0.03571,0.03699,0.03098,0.04013,0.07044,0.04530,0.05045,0.08633,0.03398,0.03471,0.04492,0.05520
0.02953,0.04614,0.02833,0.02719,0.03214,0.03363,0.03528,0.04868,0.03645,0.03536,0.02879,0.03868,0.04257,0.03376,0.13118,0.02873,0.04015,0.06817,0.04928,0.03537,0.08812,0.06247
0.03003,0.04040,0.03533,0.03397,0.03946,0.03691,0.04708,0.05679,0.03577,0.04163,0.03393,0.04424,0.03814,0.08956,0.04633,0.02774,0.03497,0.05200,0.07905,0.03689,0.06396,0.05579
0.02967,0.04809,0.05734,0.03101,0.03614,0.03156,0.04575,0.11070,0.02559,0.04580,0.03169,0.03089,0.03675,0.04271,0.04901,0.03364,0.03512,0.06028,0.05252,0.04091,0.05932,0.06551
0.03285,0.03658,0.05255,0.03350,0.03815,0.02770,0.05921,0.04078,0.03086,0.04034,0.03441,0.03269,0.03188,0.15703,0.09826,0.02804,0.03758,0.03417,0.04028,0.03720,0.04087,0.03505
0.02247,0.02455,0.04140,0.02345,0.02931,0.02036,0.03920,0.02663,0.02679,0.02543,0.02448,0.02808,0.02640,0.36723,0.04137,0.02534,0.03055,0.02735,0.02186,0.03244,0.05055,0.04478
0.03120,0.04237,0.02124,0.02241,0.02919,0.02530,0.02220,0.02667,0.02897,0.01968,0.02539,0.02391,0.03098,0.03292,0.38500,0.02315,0.05799,0.03898,0.02811,0.03051,0.02523,0.02859
0.04646,0.05236,0.03911,0.03380,0.03796,0.03816,0.03570,0.08572,0.03734,0.03795,0.03058,0.03557,0.04661,0.04152,0.08026,0.04112,0.03527,0.04028,0.04967,0.03407,0.05064,0.06987
0.02709,0.03709,0.04500,0.03868,0.03592,0.03421,0.03482,0.03254,0.03802,0.03602,0.03266,0.20274,0.03552,0.03886,0.05479,0.03183,0.03485,0.04588,0.04518,0.02720,0.04576,0.04538
0.02810,0.04570,0.02564,0.03304,0.03093,0.03171,0.03164,0.02831,0.03767,0.04262,0.02751,0.05531,0.02688,0.06821,0.04552,0.01871,0.02939,0.04569,0.05662,0.03797,0.04179,0.21106
0.03296,0.03204,0.04202,0.03773,0.03401,0.04970,0.05036,0.02847,0.06062,0.05188,0.04227,0.03797,0.03268,0.09540,0.04008,0.07530,0.05718,0.06748,0.02989,0.02835,0.04104,0.03258
0.03310,0.03162,0.03407,0.02571,0.02320,0.02931,0.03889,0.03244,0.06255,0.02963,0.03713,0.03236,0.03629,0.05255,0.04792,0.04490,0.03228,0.03788,0.03623,0.03665,0.22882,0.03647
0.03544,0.02799,0.04848,0.03864,0.03582,0.03254,0.04128,0.03290,0.04043,0.03483,0.03663,0.03523,0.03119,0.22870,0.04819,0.02576,0.03461,0.03976,0.03098,0.03626,0.04476,0.03956
0.03563,0.04033,0.04826,0.03214,0.03236,0.11428,0.03499,0.04530,0.03029,0.03354,0.03656,0.03136,0.03494,0.13554,0.03222,0.04572,0.04941,0.02996,0.03443,0.03277,0.05347,0.03649
0.02920,0.04960,0.02903,0.03503,0.03894,0.09769,0.03118,0.03059,0.02514,0.03239,0.03475,0.02958,0.03898,0.04016,0.13959,0.03483,0.08860,0.03194,0.04141,0.03270,0.05266,0.03602
0.03482,0.04372,0.03309,0.03008,0.03110,0.02483,0.03740,0.04737,0.03962,0.03708,0.03561,0.02769,0.03466,0.03717,0.22459,0.04157,0.04817,0.03042,0.05464,0.02955,0.04945,0.02737
0.02415,0.03541,0.05158,0.02791,0.03180,0.02520,0.04525,0.03613,0.03604,0.03181,0.02419,0.03673,0.03185,0.10585,0.03221,0.03029,0.03394,0.11985,0.02926,0.04651,0.11195,0.05209
0.03579,0.03875,0.04596,0.02967,0.04432,0.03563,0.06255,0.03744,0.03243,0.02314,0.04031,0.02847,0.04022,0.10758,0.10737,0.03568,0.06110,0.03793,0.03919,0.03215,0.03764,0.04668
0.03624,0.07928,0.02729,0.02940,0.03818,0.03341,0.03003,0.03617,0.03208,0.02368,0.03423,0.03394,0.02530,0.04935,0.22297,0.02311,0.05009,0.03819,0.04199,0.03418,0.04171,0.03920
0.03072,0.03792,0.03347,0.06137,0.03257,0.05074,0.03770,0.03731,0.04608,0.04638,0.03617,0.06333,0.04174,0.03794,0.05272,0.03362,0.03515,0.06345,0.04301,0.03698,0.04477,0.09686
0.03160,0.03023,0.06620,0.02777,0.03582,0.03245,0.04526,0.03159,0.04153,0.03066,0.02489,0.03863,0.03705,0.16057,0.04003,0.03090,0.04885,0.10700,0.03474,0.02970,0.03613,0.03840
0.04007,0.03616,0.03629,0.02884,0.02606,0.03280,0.04963,0.02312,0.06254,0.04334,0.03437,0.02625,0.06314,0.08195,0.02359,0.02825,0.03146,0.04083,0.03463,0.05549,0.15665,0.04453
0.02532,0.04230,0.03524,0.03450,0.03739,0.03421,0.03992,0.03157,0.04744,0.03188,0.02463,0.02708,0.02790,0.07014,0.05376,0.03031,0.03990,0.24296,0.02890,0.03054,0.03587,0.02824
0.03022,0.02754,0.03635,0.02655,0.03268,0.02436,0.03086,0.02678,0.03761,0.02520,0.02643,0.02849,0.02439,0.32447,0.05694,0.02396,0.03374,0.05410,0.02889,0.03447,0.03968,0.02628
0.03246,0.04286,0.03004,0.03361,0.03291,0.03126,0.03963,0.03781,0.04878,0.03152,0.03193,0.13851,0.03575,0.03051,0.07850,0.02942,0.04447,0.04916,0.03164,0.02858,0.08581,0.05484
0.02714,0.03416,0.05608,0.02762,0.03285,0.02655,0.11705,0.04282,0.02743,0.04367,0.02582,0.03095,0.03383,0.05547,0.04219,0.03713,0.03459,0.16535,0.03236,0.02560,0.04110,0.04025
0.01641,0.03684,0.02559,0.02036,0.02884,0.02668,0.02678,0.02209,0.01995,0.01680,0.02196,0.02199,0.02126,0.16467,0.28069,0.01884,0.07234,0.04923,0.02052,0.02140,0.02704,0.03972
0.02283,0.03564,0.04512,0.03537,0.02473,0.01958,0.18554,0.02354,0.02973,0.03122,0.04231,0.02781,0.03275,0.03127,0.03662,0.03528,0.03917,0.04362,0.03357,0.03513,0.15441,0.03477
0.03730,0.04010,0.04752,0.03361,0.03263,0.03171,0.04288,0.03359,0.04086,0.03807,0.04173,0.04601,0.02858,0.05746,0.06555,0.03451,0.05511,0.04898,0.03651,0.04171,0.10823,0.05736
0.02603,0.04738,0.04627,0.02570,0.03160,0.03266,0.04549,0.04356,0.02654,0.03184,0.03031,0.05440,0.04267,0.03508,0.07586,0.03701,0.04682,0.12199,0.02807,0.02745,0.06173,0.08156
0.02778,0.03100,0.03214,0.03599,0.03507,0.03264,0.03763,0.03060,0.02992,0.03037,0.03364,0.03483,0.02575,0.17894,0.12522,0.02683,0.05368,0.04171,0.02929,0.03084,0.03375,0.06238
0.02417,0.04335,0.05307,0.03001,0.03159,0.02279,0.05550,0.06981,0.02760,0.04414,0.02720,0.03319,0.03075,0.03013,0.03958,0.03825,0.03765,0.04056,0.04204,0.03385,0.20753,0.03724
0.03060,0.02450,0.04884,0.02516,0.02524,0.02751,0.05133,0.03041,0.03210,0.02671,0.02847,0.02513,0.02748,0.31942,0.03141,0.03497,0.03981,0.03545,0.02635,0.02893,0.04511,0.03508
0.03039,0.03504,0.03625,0.02627,0.02927,0.03351,0.03546,0.03905,0.03777,0.03506,0.02709,0.04671,0.04374,0.03923,0.05744,0.02857,0.04369,0.11551,0.03543,0.03049,0.07747,0.11656
0.03789,0.04513,0.03483,0.03676,0.03543,0.04826,0.03995,0.03952,0.04433,0.03581,0.02816,0.04184,0.03691,0.03997,0.04037,0.05381,0.04501,0.11987,0.03718,0.03488,0.04864,0.07546
0.03821,0.04865,0.04052,0.03834,0.03415,0.03256,0.03111,0.04301,0.02590,0.08106,0.03591,0.04291,0.04873,0.03036,0.11065,0.03303,0.05095,0.05370,0.04825,0.03134,0.05994,0.04072
0.03002,0.05751,0.03630,0.03170,0.04412,0.03481,0.03284,0.04335,0.03473,0.03050,0.02226,0.03168,0.02983,0.09607,0.06964,0.03226,0.04422,0.13902,0.03783,0.03626,0.04879,0.03625
0.08634,0.04822,0.03757,0.03456,0.03473,0.03741,0.04265,0.03960,0.04453,0.03329,0.03811,0.03671,0.03128,0.04593,0.07549,0.04125,0.03985,0.03654,0.04604,0.04598,0.07506,0.04887
0.02373,0.02303,0.04506,0.02491,0.03086,0.02970,0.03357,0.02198,0.02852,0.03332,0.02619,0.02406,0.02519,0.38533,0.04183,0.02349,0.03212,0.03286,0.02074,0.02289,0.04158,0.02904
0.02670,0.03970,0.03492,0.02328,0.03154,0.03163,0.06142,0.02913,0.04517,0.02883,0.02690,0.03515,0.02389,0.04973,0.14078,0.02572,0.05117,0.06299,0.03516,0.03040,0.10793,0.05787
0.02700,0.05922,0.04044,0.04095,0.04794,0.03828,0.03357,0.03262,0.02407,0.03318,0.03478,0.03953,0.03371,0.08745,0.09229,0.02631,0.03436,0.05535,0.03798,0.04905,0.08077,0.05114
0.02502,0.04117,0.04564,0.02091,0.02867,0.02733,0.03401,0.02405,0.03009,0.02324,0.03252,0.03034,0.02522,0.06691,0.13847,0.02195,0.04138,0.06023,0.02680,0.03348,0.17671,0.04585
0.03968,0.03283,0.04638,0.03250,0.02973,0.05599,0.04044,0.03189,0.03611,0.02751,0.03391,0.02559,0.04005,0.14525,0.04496,0.02579,0.03916,0.07583,0.04261,0.03995,0.07255,0.04130
0.03230,0.05049,0.02815,0.02326,0.02647,0.03006,0.02562,0.02875,0.01798,0.02149,0.02632,0.02472,0.02956,0.05254,0.04482,0.02955,0.33183,0.02277,0.03246,0.02762,0.03079,0.06243
0.04723,0.04247,0.03789,0.04509,0.03324,0.03286,0.04166,0.04819,0.10163,0.14604,0.02890,0.02958,0.02725,0.04773,0.02667,0.04948,0.03767,0.03639,0.03376,0.03448,0.04467,0.02714
0.04196,0.03751,0.04866,0.02702,0.03230,0.03561,0.03153,0.03024,0.03638,0.03336,0.03389,0.03716,0.02988,0.20059,0.05007,0.03022,0.05342,0.04340,0.02697,0.03990,0.06796,0.03197
0.04045,0.03620,0.08727,0.10990,0.06865,0.03434,0.03591,0.04254,0.03189,0.03551,0.03760,0.05099,0.03975,0.04416,0.03140,0.04146,0.03428,0.03700,0.02774,0.06229,0.03820,0.03245
0.04777,0.03819,0.04114,0.03778,0.03592,0.04057,0.03663,0.04264,0.04716,0.04276,0.05924,0.05437,0.03826,0.06565,0.06004,0.06607,0.04310,0.04309,0.03624,0.03580,0.04500,0.04258
0.02888,0.03137,0.05169,0.02841,0.03250,0.04001,0.05739,0.02277,0.05041,0.03483,0.03065,0.03059,0.03905,0.08750,0.03361,0.04613,0.04582,0.06995,0.02592,0.03031,0.14463,0.03758
0.03276,0.04329,0.03723,0.02779,0.02549,0.02653,0.03597,0.03760,0.03660,0.03391,0.03676,0.10388,0.03284,0.04414,0.05902,0.02977,0.03975,0.03812,0.02633,0.03047,0.16660,0.05515
0.03912,0.05826,0.04488,0.03133,0.03838,0.04693,0.04880,0.03636,0.03878,0.02949,0.03713,0.03933,0.03717,0.05794,0.09377,0.03245,0.05839,0.08331,0.03011,0.03320,0.04426,0.04061
0.03789,0.04332,0.04708,0.03017,0.03728,0.04397,0.04254,0.06396,0.04639,0.02964,0.03105,0.03524,0.03924,0.05808,0.07081,0.03296,0.03848,0.07114,0.03695,0.04102,0.07778,0.04502
0.06194,0.10525,0.03058,0.03427,0.05162,0.03766,0.03450,0.03423,0.03721,0.03041,0.04324,0.03110,0.03345,0.12147,0.05487,0.02861,0.04929,0.03801,0.03634,0.03506,0.02665,0.04424
0.03513,0.04290,0.02517,0.03535,0.04289,0.03344,0.03404,0.04200,0.03796,0.03359,0.03416,0.03837,0.03111,0.03618,0.14002,0.03281,0.11160,0.04620,0.03041,0.03301,0.04929,0.05441
0.03719,0.03234,0.04534,0.02800,0.02976,0.02568,0.04152,0.19077,0.02957,0.03179,0.02830,0.02209,0.03239,0.05844,0.05629,0.03225,0.03920,0.06945,0.06955,0.03513,0.03536,0.02960
0.04340,0.03380,0.04470,0.03544,0.03654,0.04070,0.04629,0.02770,0.06192,0.05408,0.04329,0.03827,0.03597,0.09405,0.04532,0.04213,0.04581,0.05191,0.03251,0.04186,0.07112,0.03320
0.02720,0.06151,0.03095,0.02413,0.04981,0.02386,0.03176,0.04137,0.04052,0.02230,0.03224,0.03166,0.02511,0.09328,0.17059,0.03305,0.05164,0.07922,0.02863,0.02824,0.04554,0.02739
0.02969,0.03451,0.02979,0.03032,0.03279,0.03599,0.03261,0.03579,0.06471,0.03216,0.02600,0.03232,0.02788,0.20780,0.04959,0.02907,0.04501,0.04972,0.05994,0.03831,0.03543,0.04055
0.03118,0.02690,0.03491,0.02639,0.02829,0.02761,0.04447,0.02399,0.03210,0.03310,0.03650,0.03690,0.02916,0.33021,0.04034,0.02682,0.03236,0.02877,0.02707,0.04155,0.03653,0.02485
0.03596,0.04805,0.03975,0.03996,0.04485,0.02899,0.04539,0.12765,0.02773,0.03736,0.03672,0.04148,0.03800,0.03521,0.05734,0.03170,0.03358,0.05507,0.05163,0.04904,0.04707,0.04750
0.04136,0.03547,0.03047,0.03524,0.02379,0.03114,0.04244,0.02841,0.03760,0.09159,0.03566,0.04799,0.03727,0.04604,0.04254,0.04150,0.04859,0.05647,0.03802,0.03572,0.12602,0.04667
0.03196,0.04492,0.03066,0.04113,0.05342,0.04610,0.03279,0.04683,0.03916,0.02424,0.02876,0.03948,0.04198,0.04534,0.10140,0.03787,0.04097,0.11572,0.03002,0.03071,0.06091,0.03565
0.04254,0.04446,0.02876,0.02723,0.04571,0.02315,0.04192,0.06428,0.02559,0.02950,0.02483,0.04131,0.02829,0.04015,0.27802,0.02874,0.04262,0.02811,0.03374,0.02932,0.02678,0.02493
0.03319,0.04991,0.03579,0.08804,0.04350,0.04725,0.03064,0.03876,0.03123,0.03893,0.03352,0.04048,0.03980,0.05251,0.07127,0.03884,0.04732,0.05427,0.04799,0.04077,0.04336,0.05263
0.02583,0.02906,0.02036,0.02732,0.02641,0.02751,0.02450,0.03393,0.02057,0.03174,0.01814,0.02896,0.03510,0.03557,0.03644,0.03087,0.03121,0.41048,0.02056,0.02606,0.03061,0.02878
0.03637,0.02640,0.06185,0.02523,0.03190,0.02728,0.04923,0.03871,0.04929,0.03339,0.03015,0.03028,0.03498,0.21622,0.03679,0.03536,0.03727,0.05030,0.02396,0.03811,0.05298,0.03394
0.01939,0.03851,0.02385,0.01820,0.02461,0.02581,0.02388,0.02884,0.02451,0.02620,0.02460,0.02597,0.02795,0.03925,0.14002,0.02212,0.03793,0.19478,0.03304,0.02566,0.12515,0.04973
0.03756,0.03641,0.03268,0.03151,0.03537,0.03491,0.04377,0.02909,0.04512,0.03611,0.04688,0.03376,0.05204,0.05950,0.04389,0.03732,0.03972,0.06916,0.02991,0.04225,0.13631,0.04674
0.03597,0.03146,0.07452,0.03591,0.03882,0.03258,0.07160,0.05087,0.03893,0.03674,0.02781,0.02541,0.03598,0.16554,0.03881,0.02904,0.04161,0.04051,0.03714,0.03881,0.04272,0.02921
0.03965,0.04351,0.02773,0.04730,0.03322,0.05136,0.03064,0.03792,0.03524,0.07123,0.03410,0.04164,0.03210,0.03656,0.05100,0.03228,0.11074,0.05254,0.04905,0.02993,0.04120,0.07105
0.03586,0.03455,0.05201,0.04680,0.03785,0.03825,0.03910,0.03459,0.03050,0.02884,0.03492,0.02513,0.03800,0.18389,0.04030,0.03737,0.03506,0.06130,0.02817,0.05313,0.04795,0.03644
0.03098,0.04785,0.04237,0.03092,0.04439,0.03403,0.04257,0.04137,0.03300,0.03261,0.03542,0.03265,0.03186,0.04252,0.08488,0.03744,0.04092,0.13677,0.03242,0.04333,0.06168,0.04002
0.05337,0.07921,0.03308,0.03201,0.03211,0.04605,0.03014,0.02799,0.03446,0.03484,0.05197,0.03828,0.03082,0.06118,0.09386,0.02700,0.03735,0.03266,0.04813,0.04464,0.08875,0.04209
0.02997,0.03474,0.03352,0.04701,0.04688,0.04011,0.03750,0.03962,0.03785,0.02651,0.02968,0.03190,0.03303,0.08203,0.09898,0.02893,0.04364,0.07356,0.07741,0.03572,0.03505,0.05636
0.02608,0.04081,0.02596,0.03171,0.02995,0.03332,0.02884,0.05316,0.03264,0.02968,0.02792,0.03425,0.02800,0.04174,0.15072,0.03064,0.03778,0.12170,0.06130,0.02624,0.06397,0.04360
0.02911,0.04124,0.02529,0.02756,0.04594,0.02585,0.03415,0.04171,0.02747,0.01807,0.03647,0.03060,0.03011,0.05943,0.16383,0.03285,0.04533,0.12121,0.02663,0.03858,0.04785,0.05070
0.03364,0.04045,0.04260,0.05453,0.03787,0.03568,0.03693,0.03686,0.02892,0.04110,0.02813,0.04570,0.03467,0.10405,0.04206,0.02470,0.03403,0.07060,0.02560,0.03684,0.09440,0.07065
0.02837,0.08341,0.04339,0.02871,0.04549,0.03105,0.03618,0.04450,0.03400,0.04321,0.03219,0.04082,0.02907,0.04631,0.06018,0.02606,0.04377,0.05058,0.02340,0.03418,0.11927,0.07588
0.03381,0.03166,0.03979,0.05609,0.03841,0.03972,0.05319,0.03816,0.05070,0.02708,0.05918,0.03331,0.04004,0.03940,0.05294,0.04691,0.04048,0.04213,0.04478,0.04049,0.09016,0.06158
0.03334,0.12614,0.03043,0.03669,0.03716,0.04573,0.03984,0.04684,0.03992,0.04016,0.03138,0.02888,0.03132,0.08782,0.03544,0.03953,0.05370,0.05874,0.03368,0.03185,0.05368,0.03771
0.03010,0.03495,0.04707,0.02433,0.02615,0.03103,0.03661,0.02915,0.03280,0.04661,0.03346,0.03713,0.03912,0.09420,0.04418,0.03569,0.07686,0.02821,0.03128,0.03757,0.14075,0.06274
0.03411,0.07227,0.02863,0.02501,0.02952,0.03494,0.03846,0.03200,0.03960,0.02543,0.03209,0.02855,0.03637,0.05824,0.06093,0.03141,0.05813,0.05596,0.03366,0.03690,0.06760,0.14018
0.02638,0.02118,0.04060,0.02490,0.03261,0.02371,0.04917,0.02665,0.05475,0.03743,0.03173,0.02463,0.02710,0.22078,0.03030,0.03196,0.02920,0.04503,0.02528,0.03638,0.12346,0.03677
0.03006,0.05052,0.03606,0.02194,0.02346,0.02676,0.02754,0.03623,0.03332,0.04586,0.03296,0.04671,0.03529,0.04059,0.04602,0.02524,0.03952,0.04363,0.04172,0.02930,0.17320,0.11407
0.03512,0.02534,0.04209,0.02933,0.02777,0.02701,0.03555,0.02544,0.04836,0.04198,0.03652,0.03958,0.02730,0.24160,0.03901,0.02537,0.03608,0.06122,0.02964,0.03862,0.03956,0.04751
0.03604,0.02587,0.03666,0.10986,0.04714,0.03698,0.04362,0.02391,0.04349,0.02887,0.04905,0.03840,0.03522,0.14150,0.03472,0.02970,0.03690,0.03525,0.02493,0.05105,0.05202,0.03884
0.02915,0.03641,0.02819,0.04085,0.04662,0.03218,0.02930,0.09095,0.03106,0.03111,0.03847,0.04631,0.04303,0.02905,0.06277,0.03379,0.03942,0.05275,0.03574,0.03652,0.14769,0.03866
0.03700,0.02413,0.03259,0.03867,0.03622,0.05176,0.03586,0.03591,0.04979,0.02942,0.02810,0.03263,0.09798,0.12126,0.02988,0.03586,0.04046,0.04061,0.04597,0.04536,0.04422,0.06636
0.03496,0.04952,0.03842,0.04564,0.04459,0.04263,0.03620,0.03026,0.03799,0.03448,0.13001,0.03568,0.03659,0.05339,0.05231,0.03877,0.04586,0.04139,0.03694,0.03930,0.06617,0.02890
0.02866,0.02739,0.03377,0.02473,0.02557,0.03175,0.03668,0.04100,0.03545,0.02898,0.03312,0.03048,0.03805,0.04222,0.04382,0.03650,0.03437,0.11728,0.03364,0.03842,0.20159,0.03654
0.03529,0.04669,0.04291,0.07383,0.04037,0.03891,0.04066,0.05179,0.03686,0.04709,0.03582,0.03685,0.03459,0.05628,0.04158,0.04463,0.04140,0.06894,0.02851,0.03255,0.08096,0.04352
0.02512,0.02884,0.02532,0.03196,0.02622,0.27150,0.02187,0.02896,0.02879,0.03817,0.02695,0.03933,0.07248,0.02838,0.02468,0.02314,0.02355,0.03488,0.03986,0.03783,0.07846,0.04373
0.02531,0.02476,0.04487,0.02798,0.03576,0.03589,0.04408,0.03242,0.03948,0.02693,0.03248,0.03553,0.04036,0.16056,0.05716,0.02814,0.04370,0.07869,0.03694,0.03819,0.04766,0.06312
0.03190,0.02903,0.07403,0.05112,0.02993,0.03893,0.05782,0.03281,0.02807,0.05269,0.02819,0.03926,0.03618,0.12439,0.03664,0.03101,0.03700,0.07607,0.03608,0.03756,0.04930,0.04196
0.02869,0.02209,0.04381,0.02895,0.02824,0.03089,0.04024,0.07129,0.03258,0.03854,0.03075,0.02904,0.04156,0.21136,0.05473,0.02407,0.03934,0.04020,0.05179,0.03401,0.04594,0.03191
0.02841,0.03159,0.04913,0.03896,0.02897,0.04578,0.04352,0.05896,0.04495,0.04013,0.05308,0.04121,0.03529,0.06478,0.05572,0.04027,0.03275,0.06931,0.03321,0.03690,0.07704,0.05004
0.03054,0.03364,0.03491,0.02622,0.03284,0.02837,0.05565,0.04529,0.03607,0.03284,0.02264,0.03244,0.02768,0.06313,0.05123,0.03450,0.03280,0.20543,0.02322,0.03797,0.07104,0.04155
0.03600,0.03081,0.06593,0.03141,0.03293,0.03301,0.04087,0.03014,0.03429,0.02789,0.03367,0.03536,0.02965,0.20809,0.04774,0.03219,0.03705,0.06156,0.02593,0.04037,0.04792,0.03720
0.02841,0.03592,0.03483,0.03567,0.03280,0.02986,0.04094,0.03615,0.03147,0.03822,0.04270,0.03392,0.02752,0.07923,0.06620,0.03191,0.06440,0.03815,0.15526,0.02720,0.03635,0.05288
0.02334,0.02867,0.02666,0.03784,0.03279,0.02430,0.03840,0.02586,0.03625,0.02409,0.02643,0.03442,0.02651,0.25897,0.11913,0.02316,0.04659,0.03544,0.03267,0.02696,0.02948,0.04203
0.02651,0.03739,0.03991,0.02609,0.03130,0.02477,0.07086,0.03322,0.04098,0.02936,0.02549,0.03966,0.03402,0.04004,0.04703,0.02481,0.04219,0.16140,0.02756,0.03261,0.04850,0.11628
0.02997,0.04914,0.02031,0.04556,0.03843,0.02990,0.02950,0.04919,0.02945,0.03423,0.04508,0.04462,0.02907,0.03161,0.13048,0.03931,0.03352,0.04262,0.13157,0.02875,0.04732,0.04035
0.02993,0.03826,0.04301,0.03084,0.04254,0.03115,0.03451,0.03485,0.03424,0.03158,0.02226,0.03701,0.03670,0.10902,0.07661,0.02452,0.04440,0.14046,0.03157,0.03985,0.03805,0.04862
0.02526,0.02857,0.03133,0.04176,0.03696,0.03738,0.03592,0.03375,0.03112,0.06758,0.02385,0.06951,0.03535,0.02880,0.04660,0.03260,0.03983,0.15684,0.07775,0.02725,0.03763,0.05437
0.02715,0.04390,0.03240,0.02784,0.03227,0.03569,0.03800,0.03507,0.03081,0.02991,0.03477,0.03503,0.03347,0.10536,0.11846,0.03056,0.07127,0.07810,0.03651,0.02874,0.04074,0.05394
0.02799,0.03066,0.04498,0.02355,0.02971,0.03046,0.03779,0.02917,0.02801,0.02504,0.02174,0.02877,0.04312,0.05390,0.03693,0.03187,0.03408,0.27883,0.03471,0.03674,0.04755,0.04440
0.02675,0.03518,0.03200,0.02393,0.02647,0.03388,0.03580,0.03561,0.02600,0.03166,0.02285,0.03349,0.03882,0.03516,0.09570,0.02725,0.03873,0.19836,0.02394,0.02778,0.10452,0.04612
0.01967,0.05501,0.02653,0.02816,0.03548,0.03570,0.03476,0.03472,0.02895,0.03393,0.02979,0.03044,0.03159,0.02887,0.06686,0.02848,0.02668,0.07687,0.03732,0.03514,0.23446,0.04059
0.02588,0.03944,0.02503,0.03197,0.05381,0.02801,0.03885,0.03570,0.02701,0.02022,0.02513,0.14478,0.02894,0.03114,0.19071,0.02784,0.03670,0.03715,0.03236,0.02565,0.03553,0.05815
0.02151,0.06691,0.02614,0.01739,0.01912,0.02142,0.02569,0.02832,0.02270,0.02330,0.02131,0.02265,0.01881,0.13397,0.28664,0.02759,0.05384,0.02770,0.02882,0.02176,0.04741,0.03698
0.02077,0.02366,0.01516,0.01838,0.01361,0.02398,0.02102,0.02165,0.02075,0.01907,0.02793,0.02289,0.02562,0.01890,0.02790,0.01784,0.02320,0.03397,0.02713,0.02080,0.53685,0.01894
0.03765,0.03155,0.08401,0.05060,0.03636,0.03296,0.06312,0.02946,0.03639,0.05026,0.04131,0.04429,0.03194,0.11767,0.02672,0.03054,0.03792,0.04356,0.03471,0.04440,0.05175,0.04283
0.02381,0.04628,0.02055,0.02381,0.03306,0.02401,0.02750,0.01970,0.01801,0.02328,0.03335,0.03593,0.02143,0.02359,0.35043,0.02435,0.11708,0.03145,0.02788,0.02108,0.02869,0.02471
0.01835,0.03776,0.03236,0.01799,0.02462,0.01791,0.02236,0.02313,0.02074,0.02663,0.02014,0.02824,0.03035,0.03466,0.37005,0.02038,0.05331,0.07024,0.02064,0.02556,0.05308,0.03148
0.03052,0.03125,0.04549,0.03114,0.02879,0.03131,0.05734,0.04249,0.03384,0.04180,0.04381,0.03737,0.03430,0.07608,0.03944,0.03168,0.05454,0.05792,0.06069,0.04516,0.08694,0.05809
0.03278,0.02890,0.05531,0.03275,0.03447,0.03537,0.04036,0.02975,0.03232,0.02978,0.02769,0.03073,0.02950,0.21358,0.03695,0.03253,0.03956,0.08439,0.03828,0.03780,0.04137,0.03585
0.04637,0.04795,0.03839,0.03638,0.03591,0.03135,0.04211,0.06205,0.03765,0.03609,0.04084,0.03697,0.03031,0.05433,0.09624,0.07668,0.05438,0.05221,0.04063,0.03005,0.04575,0.02737
0.01422,0.03614,0.01274,0.01275,0.01288,0.01806,0.01446,0.02100,0.01940,0.01170,0.01419,0.01377,0.01521,0.02099,0.62714,0.02141,0.02741,0.02395,0.01253,0.01358,0.02102,0.01546
0.04074,0.07265,0.03127,0.03149,0.03517,0.07509,0.02992,0.03070,0.03302,0.03914,0.04454,0.03426,0.03225,0.03752,0.06646,0.03641,0.04329,0.09638,0.02865,0.03083,0.09616,0.03406
0.02044,0.03058,0.03649,0.02954,0.03603,0.02793,0.03071,0.02523,0.03113,0.03085,0.02155,0.03370,0.02930,0.35602,0.03912,0.01963,0.02823,0.03985,0.02662,0.02454,0.03373,0.04877
0.03087,0.03337,0.03757,0.03475,0.05314,0.03019,0.04635,0.03917,0.03124,0.02584,0.03049,0.04051,0.03734,0.04513,0.03834,0.03909,0.04833,0.16739,0.02699,0.04660,0.03391,0.08339
0.02590,0.04181,0.02237,0.02443,0.03549,0.02878,0.02982,0.02519,0.02801,0.02959,0.03644,0.02086,0.02692,0.03792,0.04782,0.02180,0.02858,0.31845,0.02696,0.04807,0.06517,0.02965
0.04584,0.03064,0.02572,0.04032,0.02882,0.03034,0.02722,0.02659,0.04717,0.27946,0.02890,0.03607,0.03063,0.02661,0.02253,0.03175,0.03187,0.03999,0.04376,0.03649,0.04205,0.04723
0.03594,0.04155,0.03532,0.17489,0.06616,0.04149,0.02506,0.03697,0.01965,0.03195,0.02742,0.04583,0.12016,0.03259,0.04464,0.02199,0.03414,0.02835,0.02923,0.05436,0.02655,0.02577
0.02504,0.02835,0.03808,0.01958,0.01867,0.02395,0.03429,0.02116,0.02596,0.03374,0.03086,0.03088,0.02559,0.20208,0.03381,0.02911,0.03673,0.03524,0.02598,0.03519,0.20795,0.03776
0.02990,0.03324,0.04138,0.03086,0.03350,0.02960,0.04213,0.03368,0.03889,0.03501,0.03109,0.11910,0.02928,0.06163,0.06653,0.02596,0.04217,0.06920,0.04494,0.04011,0.03784,0.08397
0.02356,0.03775,0.03925,0.01943,0.03353,0.02250,0.02746,0.02893,0.02550,0.03409,0.02280,0.02900,0.02568,0.06989,0.16034,0.02196,0.04768,0.04023,0.02670,0.02670,0.18161,0.05541
0.02811,0.03337,0.05948,0.04773,0.03969,0.03145,0.05167,0.02689,0.03031,0.03801,0.03320,0.02970,0.04364,0.06361,0.03756,0.03030,0.03176,0.05885,0.05961,0.04873,0.11586,0.06048
0.03030,0.04249,0.03012,0.02877,0.03362,0.03292,0.02549,0.03682,0.02115,0.03200,0.03229,0.07577,0.02340,0.03957,0.10259,0.02282,0.15181,0.03611,0.05173,0.02889,0.02707,0.09427
0.03073,0.03497,0.02786,0.03098,0.03204,0.02316,0.02525,0.02591,0.02487,0.03159,0.03421,0.12695,0.03865,0.03579,0.03207,0.01413,0.03867,0.04105,0.02904,0.03733,0.03233,0.25241
0.05081,0.04307,0.04205,0.03782,0.02931,0.03339,0.03632,0.03595,0.03679,0.10235,0.04703,0.04053,0.02996,0.04546,0.03734,0.03316,0.04934,0.04097,0.02954,0.03848,0.09715,0.06319
0.03769,0.04707,0.03504,0.09674,0.04465,0.04431,0.03438,0.03980,0.03281,0.04008,0.04905,0.04592,0.03915,0.04713,0.04597,0.03448,0.03993,0.06743,0.03906,0.04446,0.05109,0.04378
0.03063,0.04763,0.02348,0.03182,0.04041,0.04398,0.03823,0.02701,0.03242,0.03471,0.03563,0.05107,0.03602,0.03306,0.07245,0.03025,0.04765,0.11745,0.04421,0.03951,0.04282,0.09959
0.04131,0.05122,0.03234,0.03461,0.03351,0.06002,0.03443,0.04478,0.03005,0.03434,0.03313,0.04248,0.06770,0.02078,0.12715,0.03816,0.03395,0.06351,0.03700,0.04315,0.05476,0.04163
0.03541,0.04373,0.02754,0.03493,0.03678,0.04285,0.03854,0.04191,0.03612,0.03252,0.03670,0.03882,0.02834,0.04743,0.07130,0.04299,0.04864,0.16075,0.03649,0.02923,0.05056,0.03839
0.02493,0.02964,0.04897,0.03212,0.03792,0.02526,0.04964,0.03623,0.04117,0.03041,0.02448,0.03917,0.03461,0.11826,0.04279,0.02370,0.03444,0.09935,0.03845,0.03657,0.05228,0.09960
0.02983,0.04351,0.03261,0.02328,0.03064,0.02423,0.03276,0.02660,0.02050,0.02255,0.02028,0.04102,0.02740,0.09876,0.30998,0.02400,0.04371,0.02758,0.03421,0.02680,0.02947,0.03028
0.02601,0.05253,0.03515,0.03010,0.04597,0.02994,0.04789,0.04508,0.03072,0.03865,0.02865,0.04329,0.02500,0.06008,0.13636,0.03070,0.05126,0.08140,0.04817,0.02559,0.04241,0.04504
0.05881,0.03907,0.03577,0.03642,0.02998,0.03962,0.03517,0.03342,0.04974,0.03224,0.04141,0.02541,0.03454,0.11391,0.03623,0.15101,0.05066,0.03621,0.02149,0.03909,0.03546,0.02431
0.03657,0.03368,0.05517,0.02738,0.03178,0.03548,0.05916,0.07010,0.04382,0.03547,0.03281,0.03584,0.03259,0.09453,0.05429,0.02728,0.04396,0.06288,0.02972,0.03171,0.05281,0.07299
0.02676,0.03271,0.04505,0.02685,0.03726,0.03021,0.02827,0.02972,0.03989,0.03535,0.03390,0.02902,0.02569,0.24574,0.04962,0.02489,0.04018,0.08521,0.03004,0.02681,0.04120,0.03563
0.03257,0.03712,0.03333,0.03713,0.02718,0.03916,0.04137,0.05578,0.03322,0.03191,0.02778,0.02595,0.04135,0.06920,0.03937,0.02849,0.03917,0.05755,0.08376,0.04808,0.05124,0.11931
0.03908,0.03282,0.02500,0.03738,0.02968,0.03549,0.03173,0.02438,0.02634,0.02662,0.02988,0.03353,0.03865,0.08261,0.10525,0.02343,0.04154,0.04438,0.03425,0.05479,0.04166,0.16153
0.03634,0.04344,0.04824,0.02685,0.03534,0.03021,0.05083,0.03146,0.03254,0.03060,0.03344,0.04318,0.03875,0.07606,0.04044,0.03513,0.04369,0.12964,0.04373,0.04523,0.04901,0.05584
0.02582,0.04429,0.03819,0.02983,0.03298,0.02496,0.04745,0.03580,0.04290,0.06491,0.02603,0.03620,0.02346,0.08557,0.07537,0.02884,0.03752,0.10360,0.03514,0.03128,0.07745,0.05241
0.05463,0.04047,0.03006,0.03693,0.03965,0.05576,0.03788,0.04393,0.02815,0.03498,0.02453,0.03084,0.05942,0.04030,0.03993,0.03864,0.06020,0.04128,0.02471,0.03642,0.02999,0.17130
0.02107,0.05421,0.03435,0.02268,0.03403,0.02306,0.03420,0.14661,0.02775,0.03966,0.02428,0.03597,0.03062,0.03086,0.06825,0.02534,0.03163,0.09916,0.04166,0.02981,0.05587,0.08892
0.02548,0.03908,0.02967,0.02141,0.02604,0.02970,0.03157,0.03674,0.04363,0.03015,0.02539,0.03136,0.03125,0.06469,0.03431,0.02474,0.02791,0.05923,0.02335,0.03583,0.28615,0.04231
0.05353,0.08862,0.02831,0.03466,0.03090,0.05248,0.02688,0.02977,0.04194,0.06118,0.04290,0.04353,0.03917,0.03296,0.04890,0.03047,0.04356,0.04075,0.02587,0.02937,0.12543,0.04879
0.03055,0.02557,0.03274,0.02648,0.02402,0.02901,0.05008,0.02421,0.03969,0.03404,0.03479,0.02663,0.03320,0.09384,0.02901,0.02332,0.03470,0.18224,0.02422,0.04181,0.12088,0.03898
0.03001,0.02905,0.05321,0.03318,0.03917,0.03040,0.03440,0.03058,0.02734,0.04400,0.10877,0.02554,0.03533,0.19786,0.04424,0.03379,0.03555,0.03392,0.02380,0.04373,0.04253,0.02359
0.03193,0.03815,0.04642,0.02343,0.02995,0.03516,0.04075,0.03604,0.03655,0.03790,0.02975,0.04363,0.03830,0.09104,0.07424,0.02716,0.05436,0.07110,0.03128,0.03052,0.06615,0.08620
0.03447,0.04961,0.03316,0.04022,0.04538,0.03326,0.03278,0.04313,0.02462,0.05149,0.02839,0.04568,0.02997,0.04476,0.16334,0.03063,0.03723,0.07069,0.06058,0.02818,0.03613,0.03630
0.03111,0.03430,0.03828,0.04065,0.04550,0.03938,0.02870,0.02132,0.01883,0.02638,0.15973,0.08011,0.04751,0.03214,0.03010,0.02631,0.03912,0.04456,0.03633,0.03481,0.02369,0.12114
0.03971,0.03349,0.05236,0.05396,0.03873,0.03498,0.04686,0.03357,0.04050,0.03225,0.06876,0.03041,0.03058,0.13547,0.05767,0.03676,0.03622,0.04167,0.02567,0.04371,0.04736,0.03931
0.02379,0.03055,0.02559,0.03113,0.02987,0.03506,0.02710,0.02923,0.02857,0.02845,0.02386,0.06010,0.03436,0.02620,0.20643,0.02108,0.03323,0.04719,0.04757,0.02576,0.03089,0.15401
0.02432,0.08709,0.02312,0.02589,0.03326,0.02336,0.02647,0.02540,0.01779,0.02824,0.03669,0.02942,0.02615,0.02505,0.33119,0.03049,0.05689,0.03559,0.03016,0.02427,0.03356,0.02560
0.03087,0.03009,0.03279,0.03579,0.03654,0.03334,0.04862,0.03590,0.07830,0.03496,0.02676,0.04983,0.03345,0.06276,0.08837,0.03772,0.05091,0.07510,0.03761,0.04135,0.05493,0.04402
0.03033,0.05385,0.03211,0.02794,0.04325,0.03394,0.02864,0.04033,0.03040,0.02938,0.03309,0.04080,0.03542,0.03695,0.15834,0.03269,0.05769,0.06854,0.04028,0.03522,0.07262,0.03819
0.05400,0.04546,0.06164,0.03158,0.04780,0.03878,0.04923,0.04212,0.03916,0.02825,0.03452,0.03698,0.03230,0.07401,0.08614,0.04043,0.03770,0.04737,0.03844,0.03722,0.03583,0.06103
0.01987,0.04444,0.01917,0.02159,0.02495,0.02009,0.02665,0.03426,0.02241,0.03736,0.02436,0.02979,0.01980,0.03880,0.33707,0.02137,0.03906,0.04136,0.03926,0.02338,0.05018,0.06478
0.02880,0.04591,0.03750,0.04113,0.03362,0.03419,0.04082,0.02690,0.02980,0.04220,0.03234,0.03967,0.02490,0.16104,0.08898,0.03142,0.06282,0.05411,0.04147,0.02611,0.03374,0.04251
0.02176,0.02492,0.02320,0.01927,0.02130,0.02048,0.02500,0.02939,0.02226,0.01626,0.02217,0.02821,0.03277,0.03833,0.04372,0.02568,0.45728,0.01932,0.02578,0.02338,0.03037,0.02913
0.03962,0.04510,0.04437,0.04185,0.04209,0.04225,0.03007,0.03249,0.02953,0.03894,0.10327,0.04611,0.03058,0.03944,0.07612,0.05690,0.07288,0.03915,0.03118,0.02694,0.03513,0.05597
0.02239,0.03572,0.01898,0.02962,0.02460,0.02848,0.03484,0.02949,0.02505,0.03126,0.02827,0.03140,0.02004,0.03282,0.35370,0.02577,0.04847,0.03656,0.05288,0.02144,0.03426,0.03395
0.03185,0.04181,0.02832,0.04713,0.05765,0.05815,0.03212,0.03228,0.03981,0.03147,0.03318,0.05512,0.04122,0.02994,0.13724,0.03350,0.06327,0.04724,0.04240,0.03041,0.04917,0.03672
0.03943,0.03334,0.04782,0.02997,0.03130,0.03043,0.05269,0.03015,0.05006,0.03443,0.06998,0.05544,0.03716,0.08396,0.04142,0.03497,0.03350,0.04242,0.02765,0.03806,0.11454,0.04128
0.04200,0.02440,0.03465,0.02950,0.02910,0.02645,0.03600,0.02533,0.08306,0.03625,0.02645,0.03130,0.02910,0.27209,0.03948,0.02818,0.03142,0.02939,0.03621,0.04527,0.03262,0.03176
