0.05456,0.05749,0.12382,0.14322,0.06832,0.06618,0.07040,0.12426,0.13223,0.07710,0.08241
0.06722,0.08095,0.08154,0.10533,0.06755,0.05664,0.11033,0.12948,0.13402,0.07923,0.08770
0.06818,0.05581,0.05329,0.06341,0.07802,0.05666,0.08447,0.12776,0.17545,0.16135,0.07560
0.07835,0.05970,0.05357,0.08638,0.08914,0.09294,0.07063,0.22770,0.11132,0.06382,0.06645
0.05970,0.06811,0.09107,0.12759,0.07562,0.06608,0.11571,0.12930,0.09938,0.08011,0.08735
0.08423,0.06946,0.05857,0.06693,0.06238,0.06797,0.10157,0.22369,0.11998,0.08607,0.05915
0.07307,0.05333,0.05291,0.07950,0.09673,0.06151,0.09215,0.17785,0.16799,0.06368,0.08130
0.06163,0.05008,0.04922,0.07062,0.06846,0.05150,0.05767,0.29876,0.13641,0.07455,0.08110
0.05751,0.06015,0.12294,0.09424,0.05361,0.06190,0.10385,0.12465,0.16414,0.07973,0.07729
0.06543,0.06070,0.07965,0.07191,0.06320,0.06087,0.08140,0.10599,0.21937,0.11742,0.07406
0.05610,0.05262,0.05767,0.07074,0.07886,0.05482,0.09755,0.10671,0.28997,0.07215,0.06281
0.09579,0.09497,0.06609,0.07820,0.06253,0.06301,0.10701,0.13409,0.16206,0.07107,0.06519
0.05130,0.05423,0.10338,0.08003,0.05875,0.06166,0.07945,0.08576,0.25926,0.09449,0.07168
0.09292,0.08788,0.06340,0.07638,0.06835,0.06360,0.08622,0.12694,0.12763,0.09883,0.10785
0.06573,0.05423,0.05239,0.06891,0.14738,0.06046,0.08478,0.19478,0.12477,0.06765,0.07891
0.08513,0.07591,0.07709,0.09764,0.07461,0.06081,0.05848,0.12688,0.15532,0.10056,0.08757
0.08466,0.05677,0.05069,0.06597,0.05768,0.05608,0.06871,0.10781,0.32387,0.06573,0.06203
0.06439,0.06744,0.10758,0.08631,0.06702,0.07012,0.06555,0.19520,0.13664,0.06091,0.07884
0.06422,0.05737,0.05797,0.06156,0.09295,0.07794,0.08504,0.21164,0.14764,0.06180,0.08186
0.06235,0.06439,0.07724,0.05968,0.08441,0.06939,0.09236,0.17363,0.14163,0.09585,0.07907
0.06729,0.06485,0.06630,0.08518,0.09818,0.08665,0.06885,0.14754,0.15866,0.06863,0.08788
0.06125,0.05718,0.09016,0.06609,0.06930,0.06603,0.11267,0.09648,0.24605,0.07469,0.06010
0.06882,0.05730,0.05657,0.08086,0.10305,0.07441,0.07856,0.23227,0.11736,0.05586,0.07493
0.14355,0.07328,0.05955,0.06595,0.06345,0.06417,0.08944,0.11444,0.16986,0.07477,0.08153
0.06902,0.06396,0.05576,0.08058,0.09263,0.05792,0.08393,0.18315,0.17820,0.05511,0.07975
0.07487,0.06807,0.05723,0.07620,0.06447,0.07380,0.08491,0.17927,0.15097,0.08515,0.08506
0.07865,0.05560,0.08894,0.09342,0.05085,0.05230,0.07279,0.23299,0.13547,0.05479,0.08420
0.05569,0.04782,0.05892,0.06829,0.11709,0.06059,0.06983,0.09319,0.30107,0.05910,0.06841
0.05907,0.05755,0.04876,0.07750,0.07806,0.06142,0.07342,0.28206,0.09885,0.10205,0.06127
0.07180,0.05414,0.05712,0.06254,0.05566,0.06423,0.09496,0.13642,0.25522,0.07875,0.06916
0.06588,0.06451,0.07869,0.08998,0.05294,0.04762,0.08420,0.21977,0.14731,0.06486,0.08423
0.07033,0.06965,0.05734,0.07619,0.11995,0.07884,0.11453,0.16301,0.08696,0.08479,0.07841
0.07138,0.06106,0.05539,0.07550,0.10378,0.07440,0.08401,0.13909,0.18210,0.08132,0.07197
0.06662,0.06627,0.07751,0.07856,0.09013,0.12122,0.07217,0.12345,0.13906,0.08638,0.07862
0.07225,0.05560,0.06802,0.07805,0.11850,0.06932,0.08658,0.14969,0.12615,0.07787,0.09797
0.06597,0.05307,0.06412,0.08928,0.09738,0.06945,0.07758,0.16353,0.15503,0.08922,0.07536
0.07778,0.06600,0.06332,0.07321,0.09094,0.08384,0.08412,0.16876,0.12212,0.08654,0.08336
0.06194,0.05475,0.06108,0.06931,0.12308,0.08999,0.07305,0.16145,0.14303,0.06742,0.09491
0.06270,0.06683,0.12740,0.10058,0.06053,0.05057,0.07830,0.16679,0.13751,0.06846,0.08034
0.08037,0.06388,0.06952,0.06850,0.06454,0.05903,0.09758,0.12118,0.21814,0.08219,0.07507
0.06590,0.05710,0.05494,0.05640,0.08436,0.06719,0.09534,0.30662,0.08533,0.05231,0.07450
0.06593,0.06904,0.06934,0.11042,0.06954,0.07619,0.09743,0.10652,0.13360,0.12312,0.07887
0.08587,0.06334,0.05784,0.07549,0.07590,0.05983,0.08478,0.13884,0.19884,0.07464,0.08464
0.05984,0.06275,0.05604,0.06089,0.13358,0.09292,0.08349,0.17111,0.13941,0.07798,0.06198
0.09934,0.06627,0.05784,0.07076,0.06706,0.07358,0.10276,0.12678,0.19248,0.07298,0.07016
0.06557,0.05970,0.08852,0.11374,0.07736,0.06271,0.09322,0.14451,0.10476,0.08540,0.10452
0.06464,0.06631,0.06003,0.08965,0.09397,0.08990,0.07995,0.13450,0.11457,0.13286,0.07362
0.06393,0.04948,0.08469,0.09078,0.06228,0.05247,0.08373,0.16500,0.20821,0.05635,0.08308
0.09510,0.05907,0.06023,0.09198,0.07671,0.06117,0.07754,0.22380,0.12746,0.05595,0.07098
0.06701,0.05894,0.05865,0.06678,0.13299,0.08003,0.10696,0.14194,0.14829,0.07248,0.06592
0.06384,0.06187,0.06760,0.07388,0.07057,0.06121,0.07819,0.18443,0.15350,0.09935,0.08555
0.09214,0.08851,0.06293,0.07654,0.06255,0.06709,0.07869,0.10035,0.19147,0.09749,0.08224
0.06412,0.06054,0.09494,0.09661,0.06810,0.05583,0.08737,0.15144,0.15111,0.07825,0.09168
0.07488,0.05540,0.06107,0.07128,0.10150,0.05621,0.10433,0.09780,0.18903,0.12783,0.06066
0.09624,0.06407,0.06276,0.08664,0.06940,0.06513,0.08094,0.15454,0.17323,0.06111,0.08596
0.05139,0.05969,0.05501,0.07747,0.14019,0.06177,0.05973,0.20257,0.10816,0.09891,0.08511
0.07538,0.06002,0.06018,0.06769,0.05935,0.06448,0.13063,0.14647,0.15006,0.09723,0.08852
0.11291,0.07637,0.05665,0.08037,0.07489,0.05634,0.06386,0.13887,0.14361,0.10382,0.09232
0.09220,0.06722,0.06849,0.06307,0.08155,0.06140,0.08785,0.16603,0.16109,0.07080,0.08031
0.10235,0.08229,0.06063,0.07231,0.06782,0.06494,0.15134,0.06592,0.19184,0.06900,0.07156
0.05318,0.06553,0.06472,0.06941,0.09170,0.07586,0.07135,0.17031,0.16283,0.09271,0.08240
0.05972,0.06420,0.06897,0.08549,0.06820,0.06153,0.06984,0.16622,0.19917,0.07752,0.07914
0.06889,0.07532,0.06697,0.07690,0.14670,0.08728,0.08679,0.11236,0.12576,0.08008,0.07295
0.06752,0.07547,0.11314,0.08466,0.07446,0.07636,0.11274,0.12482,0.10598,0.07202,0.09283
0.07870,0.06260,0.05889,0.07977,0.07340,0.05447,0.08594,0.12308,0.24557,0.07101,0.06657
0.05557,0.06645,0.15084,0.08911,0.06419,0.05913,0.08936,0.14820,0.12211,0.07180,0.08324
0.07755,0.05972,0.05759,0.08311,0.06618,0.06552,0.07217,0.16787,0.18758,0.06815,0.09455
0.05590,0.05411,0.12885,0.08399,0.07601,0.06522,0.08831,0.18484,0.09432,0.08292,0.08553
0.06046,0.05843,0.18431,0.07575,0.06161,0.07089,0.06906,0.10075,0.14244,0.10667,0.06963
0.07102,0.06096,0.08408,0.09698,0.05369,0.05361,0.08740,0.14122,0.22481,0.05583,0.07041
0.06052,0.06340,0.07823,0.09788,0.07627,0.05905,0.07589,0.14606,0.14369,0.07964,0.11937
0.07162,0.05746,0.05975,0.07033,0.11632,0.08655,0.09508,0.14950,0.14990,0.07118,0.07231
0.06505,0.06160,0.06169,0.08283,0.10634,0.09653,0.08698,0.12889,0.15169,0.08130,0.07710
0.06544,0.05927,0.05648,0.06398,0.08862,0.07265,0.08300,0.17626,0.18152,0.08366,0.06911
0.05395,0.05576,0.07835,0.07330,0.05619,0.05554,0.06529,0.15525,0.22643,0.07429,0.10566
0.12432,0.07087,0.04733,0.08182,0.05726,0.06090,0.06613,0.13605,0.20073,0.08661,0.06798
0.05758,0.05920,0.11377,0.08920,0.05980,0.05566,0.06117,0.24637,0.12822,0.05210,0.07693
0.06162,0.05457,0.06281,0.07810,0.09025,0.06238,0.07460,0.14359,0.22958,0.07207,0.07042
0.10480,0.07704,0.06302,0.07711,0.06890,0.07183,0.09378,0.13512,0.15068,0.07289,0.08481
0.09826,0.07296,0.06952,0.07667,0.06676,0.06643,0.09203,0.19382,0.12069,0.05440,0.08847
0.06976,0.05360,0.05928,0.06755,0.08505,0.08518,0.07236,0.12969,0.24132,0.06933,0.06686
0.07720,0.05507,0.06122,0.07277,0.07062,0.05337,0.07617,0.17103,0.21122,0.08144,0.06989
0.11468,0.07626,0.06808,0.07474,0.05748,0.05627,0.10476,0.13468,0.13338,0.09495,0.08471
0.07518,0.09396,0.06634,0.07395,0.07106,0.07203,0.08875,0.11545,0.19191,0.07381,0.07757
0.06543,0.06153,0.09540,0.14042,0.06412,0.06863,0.07158,0.08372,0.18799,0.09195,0.06923
0.07205,0.05687,0.07922,0.07717,0.12856,0.08785,0.09483,0.15486,0.10846,0.06571,0.07441
0.05759,0.06420,0.18152,0.08107,0.05627,0.05815,0.06094,0.15050,0.15108,0.05713,0.08155
0.06680,0.04989,0.06368,0.07414,0.06912,0.07060,0.07059,0.11570,0.26947,0.06711,0.08289
0.06036,0.06963,0.10449,0.07752,0.07103,0.05760,0.07976,0.16767,0.14894,0.09112,0.07188
0.07512,0.06409,0.07667,0.09065,0.07276,0.07239,0.10677,0.10823,0.15667,0.09609,0.08055
0.06604,0.06106,0.06927,0.05694,0.08093,0.11229,0.08065,0.10470,0.21572,0.08922,0.06317
0.05524,0.05550,0.05658,0.08047,0.06920,0.07809,0.06721,0.26598,0.11914,0.07445,0.07815
0.06281,0.06707,0.12329,0.09144,0.06639,0.07036,0.07129,0.14327,0.14161,0.06802,0.09444
0.07270,0.06277,0.14557,0.09577,0.05448,0.05906,0.08731,0.11146,0.17734,0.05893,0.07461
0.05179,0.05209,0.07974,0.08730,0.08016,0.05452,0.06765,0.28022,0.11367,0.05976,0.07309
0.06515,0.07277,0.10045,0.07668,0.06824,0.05977,0.09278,0.15238,0.10947,0.11605,0.08627
0.13653,0.07431,0.06135,0.07044,0.06685,0.06649,0.09953,0.09423,0.15067,0.09633,0.08328
0.07792,0.07501,0.05427,0.06402,0.07398,0.05699,0.09181,0.10633,0.29079,0.05475,0.05413
0.16887,0.07696,0.05899,0.07888,0.07045,0.06906,0.06562,0.11649,0.14795,0.07444,0.07230
0.11695,0.08415,0.05240,0.07486,0.08468,0.06228,0.10629,0.12591,0.15483,0.07447,0.06319
0.07403,0.06665,0.14439,0.13090,0.05535,0.06370,0.08008,0.11237,0.14671,0.05849,0.06733
0.08040,0.08790,0.06175,0.08172,0.06855,0.06727,0.10536,0.13508,0.16152,0.07266,0.07780
0.06515,0.07293,0.08984,0.09245,0.06875,0.06269,0.07598,0.15645,0.16626,0.06998,0.07954
0.07188,0.07574,0.06408,0.06365,0.07746,0.06075,0.15865,0.16612,0.13771,0.05440,0.06955
0.08510,0.07134,0.07182,0.06807,0.06872,0.06607,0.11028,0.11110,0.13234,0.13638,0.07880
0.05777,0.05338,0.04980,0.07630,0.08731,0.07130,0.08457,0.25129,0.12717,0.07024,0.07086
0.05929,0.05346,0.06200,0.08668,0.08707,0.06328,0.06444,0.29935,0.10392,0.04877,0.07175
0.06886,0.06805,0.15099,0.07952,0.06481,0.05558,0.07114,0.10342,0.18288,0.07633,0.07841
0.06440,0.05543,0.05853,0.07011,0.11130,0.06437,0.07604,0.18605,0.16914,0.06760,0.07702
0.06300,0.05667,0.07555,0.17199,0.06011,0.06147,0.07516,0.17051,0.12552,0.06846,0.07156
0.05343,0.06391,0.10556,0.10625,0.06878,0.06793,0.07996,0.15970,0.15753,0.05665,0.08031
0.12954,0.07040,0.06245,0.06360,0.06222,0.07660,0.08291,0.14873,0.13947,0.07973,0.08434
0.08510,0.07523,0.08046,0.07569,0.06253,0.07147,0.07588,0.14381,0.15990,0.09075,0.07918
0.09204,0.09153,0.06637,0.08103,0.06383,0.07522,0.08354,0.09960,0.18653,0.09482,0.06550
0.05918,0.06642,0.12234,0.10699,0.07310,0.06044,0.07987,0.11122,0.17260,0.07312,0.07471
0.05223,0.06354,0.09218,0.11427,0.06277,0.06035,0.06395,0.17368,0.18427,0.06086,0.07191
0.10299,0.07490,0.06027,0.06884,0.06906,0.06768,0.09772,0.11416,0.18755,0.08236,0.07448
0.06823,0.06782,0.06749,0.08562,0.05022,0.06342,0.09195,0.09867,0.26454,0.07228,0.06974
0.05521,0.05511,0.09096,0.08156,0.07781,0.05193,0.06866,0.18675,0.15704,0.09280,0.08218
0.08918,0.12297,0.05762,0.06804,0.07872,0.07195,0.12296,0.10450,0.11881,0.08313,0.08213
0.07157,0.06396,0.07551,0.06973,0.09970,0.08603,0.06577,0.08638,0.22075,0.08031,0.08029
0.08466,0.06989,0.05798,0.07884,0.06015,0.06263,0.08186,0.20660,0.12451,0.08742,0.08547
0.11709,0.05622,0.06830,0.08054,0.08311,0.06718,0.08632,0.15332,0.11482,0.07453,0.09858
0.07122,0.07499,0.07130,0.07998,0.07786,0.06684,0.06591,0.22755,0.12202,0.06163,0.08071
0.12908,0.07447,0.06570,0.08969,0.07949,0.06189,0.09347,0.11704,0.13930,0.06663,0.08324
0.05736,0.05474,0.05575,0.07468,0.11338,0.07964,0.07610,0.18416,0.13328,0.10294,0.06797
0.07092,0.08258,0.06223,0.08947,0.06968,0.06591,0.08941,0.19157,0.11369,0.08428,0.08026
0.05757,0.05276,0.04985,0.07290,0.08381,0.07988,0.08039,0.18944,0.20153,0.06337,0.06850
0.10673,0.08174,0.06148,0.08350,0.08078,0.07931,0.09869,0.15423,0.10747,0.07107,0.07500
0.08205,0.06883,0.05488,0.06727,0.07099,0.07035,0.10240,0.16062,0.18358,0.07419,0.06485
0.11590,0.06751,0.06708,0.07540,0.07545,0.06524,0.09916,0.15954,0.11324,0.07546,0.08602
0.05532,0.05844,0.08186,0.08905,0.05461,0.04822,0.06244,0.13462,0.25133,0.08545,0.07866
0.06737,0.07794,0.06269,0.05360,0.06909,0.12855,0.14379,0.12058,0.12670,0.06279,0.08690
0.13533,0.06570,0.05184,0.07388,0.07832,0.06344,0.08854,0.13061,0.15777,0.08077,0.07379
0.06382,0.05796,0.09453,0.09805,0.06821,0.05713,0.07678,0.19757,0.14399,0.06954,0.07243
0.06348,0.05668,0.05172,0.07165,0.12547,0.07139,0.08031,0.18215,0.14956,0.07978,0.06780
0.18709,0.10469,0.06094,0.06588,0.06546,0.06127,0.08245,0.09726,0.14280,0.06642,0.06574
0.09687,0.06322,0.08403,0.07710,0.07170,0.06610,0.07015,0.12286,0.18309,0.08145,0.08343
0.06665,0.06851,0.12292,0.08533,0.06906,0.06539,0.09291,0.11745,0.14331,0.09620,0.07226
0.13628,0.06299,0.06361,0.08676,0.06923,0.07264,0.08891,0.15186,0.11873,0.07115,0.07784
0.05670,0.05966,0.06672,0.06948,0.08312,0.04714,0.10139,0.28939,0.09440,0.06464,0.06737
0.14848,0.06590,0.05420,0.06989,0.06636,0.06073,0.07710,0.08403,0.20787,0.08468,0.08076
0.08695,0.07994,0.05281,0.07098,0.08020,0.07396,0.08519,0.20231,0.12532,0.06725,0.07509
0.08243,0.09846,0.06421,0.06893,0.07103,0.06274,0.07762,0.14248,0.17723,0.07304,0.08183
0.11348,0.07423,0.07579,0.07496,0.06689,0.06498,0.09567,0.10475,0.14529,0.09606,0.08788
0.06411,0.05566,0.06689,0.07908,0.08944,0.06007,0.08221,0.17080,0.15282,0.09530,0.08361
0.16292,0.06941,0.07475,0.06668,0.07983,0.06138,0.09560,0.14417,0.09587,0.07959,0.06981
0.05767,0.07051,0.11506,0.07235,0.07176,0.06994,0.09800,0.17144,0.12406,0.07691,0.07231
0.05582,0.05320,0.06513,0.06334,0.06910,0.05595,0.08215,0.19995,0.19972,0.07818,0.07746
0.07034,0.07201,0.16716,0.06991,0.05618,0.05835,0.08953,0.15795,0.11148,0.06851,0.07856
0.05775,0.06822,0.09191,0.09254,0.06666,0.05680,0.08303,0.20107,0.13283,0.06871,0.08050
0.05903,0.06178,0.06116,0.08844,0.07116,0.05824,0.08206,0.21298,0.15870,0.07381,0.07264
0.08159,0.06783,0.06009,0.08179,0.07633,0.05919,0.09713,0.12991,0.18832,0.08395,0.07386
0.11487,0.05487,0.05166,0.07971,0.07372,0.06594,0.06439,0.17672,0.14941,0.07843,0.09028
0.05185,0.04394,0.06563,0.07320,0.05035,0.04586,0.07952,0.09321,0.36800,0.05495,0.07350
0.09109,0.06615,0.06856,0.07648,0.06185,0.06568,0.08035,0.16093,0.18936,0.05972,0.07982
0.07065,0.06164,0.06573,0.07774,0.10907,0.07977,0.11883,0.16362,0.12094,0.06986,0.06215
0.05366,0.05473,0.10383,0.08352,0.05463,0.04927,0.07105,0.09027,0.30697,0.07038,0.06170
0.06249,0.05811,0.07681,0.08799,0.06636,0.06762,0.07771,0.16811,0.18325,0.06474,0.08682
0.05787,0.05528,0.06156,0.08959,0.09115,0.05916,0.06183,0.17935,0.15496,0.10517,0.08408
0.09543,0.06996,0.06264,0.08058,0.06591,0.06350,0.06909,0.09672,0.25156,0.06995,0.07468
0.10065,0.10053,0.07111,0.06490,0.07619,0.06862,0.09247,0.15016,0.09165,0.06287,0.12084
0.07858,0.06122,0.07489,0.07494,0.10159,0.07259,0.08600,0.15388,0.15726,0.06129,0.07777
0.07247,0.05828,0.05980,0.06119,0.10615,0.08096,0.12991,0.12040,0.16221,0.07917,0.06945
0.06975,0.06237,0.06312,0.07507,0.09414,0.12680,0.08210,0.17275,0.11444,0.06708,0.07239
0.06305,0.05525,0.07047,0.07667,0.06273,0.05905,0.06153,0.13153,0.27602,0.07261,0.07109
0.06729,0.04688,0.05207,0.08366,0.11114,0.06724,0.07053,0.19942,0.15637,0.07966,0.06575
0.06349,0.05843,0.13984,0.08570,0.06458,0.05831,0.08667,0.17440,0.10289,0.07370,0.09200
0.06240,0.07007,0.05578,0.06345,0.10654,0.10350,0.09640,0.20607,0.09590,0.06267,0.07721
0.12142,0.08591,0.06638,0.07234,0.06598,0.06280,0.09280,0.09178,0.16935,0.08703,0.08421
0.09177,0.11591,0.06670,0.08466,0.06789,0.06052,0.07211,0.11922,0.15697,0.07315,0.09109
0.13115,0.08562,0.06218,0.08341,0.06694,0.06217,0.08864,0.12929,0.14327,0.06360,0.08374
0.06002,0.06117,0.10366,0.08474,0.06705,0.05681,0.08478,0.14650,0.16861,0.08729,0.07936
0.05813,0.05653,0.13519,0.07186,0.06664,0.06548,0.06083,0.11474,0.19683,0.09106,0.08272
0.05481,0.05371,0.07756,0.06995,0.06025,0.06825,0.07682,0.13366,0.25499,0.07569,0.07431
0.05572,0.05677,0.11283,0.09989,0.06710,0.05688,0.07252,0.19406,0.11948,0.08812,0.07664
0.08153,0.06457,0.05255,0.08078,0.06599,0.05954,0.10337,0.24491,0.12217,0.05586,0.06874
0.06035,0.04664,0.05253,0.06792,0.07357,0.05918,0.11567,0.15462,0.23397,0.06767,0.06788
0.09471,0.06205,0.05594,0.07079,0.07661,0.06716,0.08192,0.20297,0.13112,0.08369,0.07305
0.07162,0.07387,0.05183,0.07293,0.09032,0.06354,0.13610,0.09828,0.15030,0.11583,0.07536
0.09155,0.07483,0.05987,0.05259,0.05833,0.06802,0.13708,0.13087,0.17458,0.07666,0.07561
0.05174,0.06164,0.07723,0.08765,0.05232,0.06021,0.06768,0.15991,0.23324,0.07435,0.07403
0.04557,0.05002,0.05275,0.07246,0.07247,0.05013,0.06743,0.05685,0.40281,0.06488,0.06462
0.07434,0.05765,0.05934,0.07962,0.09032,0.05884,0.09767,0.14250,0.18448,0.08115,0.07409
0.09104,0.07540,0.06583,0.08544,0.08066,0.07241,0.09870,0.12539,0.15862,0.06476,0.08176
0.06996,0.08488,0.06855,0.08826,0.06603,0.07429,0.07152,0.14932,0.16793,0.06614,0.09312
0.05795,0.04878,0.05769,0.07578,0.12934,0.09531,0.06942,0.21091,0.11172,0.06830,0.07481
0.06186,0.06686,0.07565,0.09838,0.06485,0.05499,0.07380,0.11920,0.24595,0.06866,0.06979
0.06149,0.06322,0.06564,0.07397,0.14891,0.10765,0.08576,0.11311,0.10827,0.10684,0.06514
0.13644,0.07384,0.07364,0.07230,0.07009,0.07266,0.10693,0.11970,0.11923,0.06781,0.08734
0.13816,0.07809,0.07872,0.06591,0.07940,0.06385,0.08793,0.15729,0.11193,0.05885,0.07988
0.07659,0.06266,0.05994,0.06684,0.08149,0.05708,0.07492,0.12299,0.24127,0.07460,0.08162
0.07601,0.06201,0.06900,0.07064,0.08846,0.09530,0.07309,0.10875,0.18105,0.08288,0.09281
0.09350,0.11797,0.06945,0.06659,0.05793,0.06317,0.14265,0.13195,0.11676,0.07382,0.06622
0.05034,0.04873,0.11270,0.08115,0.05056,0.04414,0.08267,0.11663,0.26661,0.07790,0.06859
0.06399,0.05340,0.09868,0.09612,0.05417,0.04873,0.07974,0.11244,0.17503,0.14378,0.07392
0.05959,0.06432,0.08933,0.06999,0.05527,0.05691,0.08038,0.15476,0.21081,0.08235,0.07629
0.05389,0.07763,0.10280,0.08884,0.07087,0.05396,0.07223,0.17040,0.16464,0.07476,0.06999
0.07180,0.05934,0.06292,0.06187,0.06551,0.08236,0.07059,0.11129,0.26670,0.06588,0.08174
0.07556,0.06005,0.05946,0.07799,0.09309,0.06772,0.08523,0.12278,0.15847,0.12804,0.07160
0.05955,0.06404,0.09200,0.10308,0.07128,0.05626,0.09770,0.16821,0.12490,0.08359,0.07940
0.05715,0.06356,0.06211,0.08882,0.07634,0.07806,0.09094,0.15205,0.19334,0.07801,0.05963
0.04928,0.05683,0.04754,0.07068,0.06514,0.07431,0.08977,0.27084,0.13806,0.07077,0.06676
0.06258,0.05594,0.11385,0.10180,0.07076,0.05509,0.09493,0.17707,0.11763,0.07121,0.07915
0.08885,0.06538,0.07144,0.08961,0.07964,0.05589,0.07035,0.13299,0.15082,0.11284,0.08219
0.06310,0.06463,0.08883,0.09249,0.07344,0.06852,0.07513,0.15398,0.14989,0.07228,0.09771
0.05919,0.06545,0.22060,0.07127,0.06734,0.06010,0.07388,0.11532,0.08990,0.08201,0.09494
0.06388,0.05401,0.05455,0.05857,0.08715,0.07736,0.07055,0.10478,0.27187,0.07835,0.07892
0.12521,0.07247,0.06965,0.07022,0.07828,0.06292,0.10536,0.10018,0.14273,0.09367,0.07930
0.17901,0.07123,0.05529,0.08196,0.07267,0.06923,0.06728,0.15708,0.11732,0.06549,0.06344
0.06938,0.05821,0.06573,0.08380,0.12408,0.11452,0.05925,0.13126,0.13754,0.06720,0.08903
0.08586,0.06549,0.05744,0.09794,0.08479,0.06653,0.07592,0.16057,0.17076,0.06339,0.07131
0.06871,0.06330,0.05775,0.07341,0.08373,0.07598,0.09693,0.13221,0.16197,0.11179,0.07422
0.04994,0.04867,0.05502,0.08112,0.22645,0.07167,0.06017,0.11962,0.13670,0.06965,0.08099
0.06078,0.07638,0.07001,0.08314,0.08907,0.06130,0.06499,0.14298,0.11219,0.11437,0.12479
0.05939,0.06402,0.13521,0.09492,0.07587,0.06061,0.06516,0.12914,0.15959,0.06908,0.08699
0.06491,0.04489,0.06354,0.07817,0.06084,0.06756,0.08906,0.11324,0.20697,0.13888,0.07195
0.09808,0.06654,0.05800,0.07691,0.07709,0.06274,0.11256,0.18447,0.11197,0.07084,0.08079
0.05773,0.06050,0.12606,0.09844,0.06137,0.05186,0.07394,0.20416,0.11406,0.06107,0.09080
0.05217,0.06327,0.11280,0.10482,0.06419,0.05790,0.06726,0.19660,0.13731,0.05781,0.08586
0.07148,0.05725,0.06076,0.07251,0.14019,0.07343,0.08629,0.12703,0.12108,0.10885,0.08113
0.06428,0.04940,0.07224,0.12941,0.07546,0.06867,0.06721,0.20647,0.14320,0.06170,0.06198
0.06876,0.06033,0.06362,0.07881,0.12815,0.06163,0.07724,0.18273,0.13800,0.06395,0.07677
0.06840,0.06875,0.05214,0.07271,0.06454,0.06484,0.07749,0.25873,0.14440,0.06382,0.06418
0.06473,0.07011,0.14586,0.09392,0.05867,0.05496,0.06882,0.11490,0.17700,0.07269,0.07835
0.06085,0.05050,0.07534,0.06604,0.04898,0.05964,0.06502,0.11439,0.33141,0.05976,0.06808
0.10617,0.07239,0.05684,0.08044,0.07082,0.07647,0.07811,0.16020,0.16074,0.06595,0.07187
0.05871,0.06124,0.11041,0.10415,0.06667,0.05674,0.07498,0.16572,0.15059,0.06593,0.08485
0.06783,0.05411,0.06259,0.06979,0.11969,0.09004,0.09101,0.12461,0.16404,0.06523,0.09106
0.05376,0.05456,0.05731,0.07860,0.06559,0.06561,0.07446,0.27904,0.13218,0.07164,0.06725
0.07251,0.06222,0.07125,0.07596,0.09752,0.10072,0.10001,0.11386,0.16694,0.07405,0.06496
0.05859,0.05402,0.06197,0.07140,0.08650,0.05675,0.07099,0.18084,0.20960,0.06169,0.08764
0.05134,0.05173,0.05657,0.06734,0.10439,0.06552,0.05835,0.13474,0.26547,0.07596,0.06859
0.05936,0.06132,0.12273,0.08134,0.06927,0.05732,0.09305,0.11241,0.12486,0.07867,0.13967
0.05214,0.06016,0.05272,0.09969,0.11477,0.06628,0.05949,0.16321,0.17834,0.08216,0.07105
0.07041,0.05013,0.05949,0.06404,0.10710,0.05767,0.08390,0.25049,0.10344,0.07090,0.08244
0.05345,0.06408,0.20647,0.09852,0.06633,0.06456,0.06994,0.11747,0.11431,0.07585,0.06903
0.06692,0.05131,0.06398,0.07745,0.10647,0.07723,0.06920,0.20450,0.15217,0.06106,0.06970
0.05645,0.05954,0.08628,0.07730,0.05666,0.06002,0.08595,0.19112,0.10922,0.07521,0.14224
0.05513,0.05334,0.05385,0.07782,0.09471,0.05385,0.06730,0.18570,0.21483,0.07021,0.07325
0.06966,0.06643,0.09640,0.12387,0.07838,0.06849,0.05155,0.18521,0.09743,0.06607,0.09652
0.07075,0.05744,0.05818,0.07360,0.12586,0.06487,0.09548,0.16487,0.14183,0.07488,0.07224
0.10173,0.07693,0.07447,0.08149,0.09032,0.06891,0.09002,0.15385,0.11298,0.07348,0.07580
0.10829,0.07658,0.07287,0.05852,0.08019,0.06970,0.13267,0.12678,0.13189,0.07007,0.07243
0.05885,0.07420,0.14664,0.10001,0.05509,0.05174,0.06388,0.14522,0.11862,0.06683,0.11892
0.08057,0.06813,0.07241,0.07839,0.08127,0.05686,0.10049,0.13541,0.17255,0.07558,0.07835
0.07666,0.05621,0.05506,0.06402,0.10671,0.07110,0.13866,0.13115,0.16262,0.06184,0.07597
0.07608,0.06746,0.05631,0.07875,0.10649,0.07397,0.08568,0.16775,0.14883,0.06539,0.07329
0.13045,0.07170,0.04993,0.08930,0.06869,0.06071,0.08336,0.17022,0.12404,0.06164,0.08995
0.06705,0.06114,0.16240,0.08817,0.06298,0.06116,0.09413,0.14889,0.11120,0.06763,0.07524
0.06250,0.07827,0.07882,0.09032,0.06214,0.06516,0.09409,0.19347,0.12506,0.06609,0.08407
0.06159,0.06366,0.06809,0.07814,0.05992,0.05963,0.07973,0.20197,0.20690,0.05580,0.06458
0.05969,0.05330,0.05964,0.08993,0.09359,0.05900,0.07202,0.26132,0.13475,0.05494,0.06184
0.06931,0.06592,0.13482,0.10583,0.06276,0.06050,0.08181,0.11370,0.14934,0.06836,0.08767
0.07306,0.05499,0.06471,0.06459,0.07547,0.07979,0.06708,0.18509,0.20863,0.06256,0.06403
0.05919,0.06024,0.13999,0.09170,0.08256,0.05919,0.09651,0.13422,0.11696,0.07329,0.08615
0.06752,0.06571,0.14019,0.08689,0.07179,0.05610,0.06968,0.16315,0.12503,0.07049,0.08342
0.06207,0.05245,0.06005,0.06796,0.17905,0.06432,0.06458,0.12267,0.12060,0.12729,0.07897
0.07421,0.05470,0.07553,0.07772,0.12639,0.06710,0.09133,0.13712,0.12734,0.07393,0.09464
0.26153,0.08131,0.05696,0.05764,0.05494,0.06810,0.07524,0.08959,0.09337,0.08979,0.07152
0.05181,0.04243,0.08050,0.09025,0.07546,0.04977,0.07002,0.23502,0.12571,0.07827,0.10076
0.06806,0.06399,0.05380,0.07028,0.12019,0.07525,0.12908,0.11086,0.12839,0.09002,0.09009
0.06854,0.08918,0.06878,0.08361,0.06766,0.06756,0.07976,0.17785,0.14389,0.07943,0.07374
0.06998,0.06673,0.16939,0.10864,0.06150,0.05892,0.09488,0.08742,0.14500,0.07001,0.06754
0.09267,0.06579,0.06565,0.06821,0.06272,0.06426,0.11368,0.12872,0.16810,0.08217,0.08802
0.06593,0.07058,0.08447,0.08000,0.05992,0.05404,0.07737,0.14452,0.19706,0.09727,0.06883
0.10495,0.07715,0.05897,0.07552,0.06666,0.07107,0.08862,0.13328,0.16112,0.08218,0.08047
0.07072,0.05693,0.13647,0.08346,0.05228,0.05923,0.06765,0.16063,0.17146,0.06283,0.07834
0.06996,0.05918,0.05746,0.07597,0.13904,0.06208,0.07812,0.14363,0.16019,0.07033,0.08405
0.11119,0.07928,0.06560,0.06671,0.07898,0.06485,0.09540,0.10361,0.13356,0.09596,0.10486
0.06894,0.06358,0.07315,0.07312,0.11658,0.06616,0.07848,0.12463,0.18498,0.07828,0.07208
0.07461,0.07103,0.05956,0.08477,0.07569,0.05887,0.10580,0.19036,0.14625,0.06336,0.06971
0.05221,0.06069,0.07921,0.08859,0.06413,0.06733,0.11334,0.19264,0.13225,0.08009,0.06952
0.08661,0.06252,0.05947,0.06805,0.07139,0.06222,0.10801,0.09768,0.20610,0.08543,0.09253
0.05620,0.06207,0.06254,0.08160,0.12765,0.05470,0.06824,0.24377,0.09591,0.05882,0.08850
0.06413,0.05853,0.06400,0.08321,0.13897,0.06714,0.08242,0.13100,0.16443,0.07040,0.07577
0.06290,0.05733,0.12239,0.08619,0.05899,0.06473,0.09955,0.09732,0.21578,0.06722,0.06761
0.05630,0.05733,0.06496,0.08272,0.07248,0.05774,0.07072,0.23743,0.15369,0.06938,0.07725
0.07187,0.09140,0.05951,0.06944,0.05847,0.05890,0.09694,0.09469,0.25443,0.06834,0.07601
0.06478,0.05830,0.05315,0.07809,0.10177,0.07019,0.07187,0.22522,0.13903,0.06665,0.07095
0.10382,0.07419,0.06496,0.06134,0.07242,0.07261,0.11169,0.14237,0.14181,0.06971,0.08508
0.07897,0.05990,0.05001,0.07309,0.07404,0.06972,0.07426,0.18640,0.16391,0.07953,0.09018
0.07242,0.07025,0.06265,0.06787,0.07727,0.08146,0.11222,0.09922,0.18186,0.09027,0.08451
0.11162,0.07998,0.06163,0.06833,0.08164,0.06294,0.08334,0.17158,0.10667,0.09508,0.07718
0.05445,0.05471,0.04511,0.05842,0.06828,0.04985,0.10097,0.21942,0.19511,0.06825,0.08543
0.05648,0.06134,0.09728,0.08580,0.06646,0.07323,0.05882,0.22982,0.11496,0.06535,0.09045
0.05911,0.04941,0.05934,0.07261,0.09079,0.06408,0.07459,0.18592,0.18152,0.07465,0.08798
0.06580,0.06223,0.17718,0.07853,0.06009,0.07997,0.06896,0.12696,0.10971,0.09172,0.07886
0.12443,0.08146,0.08477,0.08855,0.06425,0.06407,0.08221,0.10058,0.11884,0.08062,0.11023
0.12202,0.06590,0.06143,0.07354,0.06273,0.07270,0.07385,0.15224,0.14350,0.08179,0.09030
0.07552,0.06883,0.05794,0.07266,0.07115,0.07354,0.08162,0.11630,0.21620,0.09988,0.06638
0.05430,0.05497,0.06576,0.07248,0.15112,0.08270,0.07201,0.24498,0.09423,0.04940,0.05805
0.07555,0.06428,0.11842,0.09337,0.06721,0.06244,0.11231,0.11774,0.11262,0.09174,0.08433
0.05414,0.06073,0.06346,0.08391,0.12911,0.07278,0.08512,0.17433,0.12945,0.06806,0.07893
0.07541,0.06057,0.06453,0.06610,0.12319,0.08553,0.07262,0.11866,0.16150,0.09485,0.07703
0.16728,0.06607,0.05408,0.06742,0.06683,0.06917,0.07241,0.14081,0.14905,0.07535,0.07152
0.05215,0.05196,0.05606,0.06576,0.05974,0.09692,0.07777,0.13341,0.27669,0.06277,0.06678
0.08119,0.07142,0.11151,0.08873,0.07887,0.06132,0.06558,0.18542,0.11834,0.05568,0.08194
0.08723,0.05814,0.05962,0.07441,0.07127,0.07049,0.07949,0.17780,0.18685,0.06046,0.07425
0.06369,0.05275,0.06062,0.07436,0.11125,0.06326,0.06338,0.15363,0.20969,0.07387,0.07351
0.06471,0.05348,0.07228,0.09051,0.16450,0.06044,0.05734,0.15391,0.13426,0.07032,0.07824
0.05855,0.05574,0.07038,0.10705,0.07158,0.05995,0.06873,0.21870,0.15997,0.05737,0.07198
0.11403,0.06748,0.06699,0.07317,0.07189,0.05798,0.07524,0.13956,0.16072,0.07938,0.09355
0.05693,0.05813,0.08773,0.12058,0.06022,0.05566,0.07182,0.15361,0.17915,0.07811,0.07806
0.07022,0.06612,0.06616,0.05846,0.11731,0.06652,0.13047,0.14314,0.12423,0.06962,0.08775
0.10362,0.05843,0.05507,0.07020,0.09566,0.07071,0.09191,0.18422,0.14079,0.05570,0.07370
0.08880,0.11279,0.06670,0.06695,0.06752,0.06247,0.08413,0.11756,0.18021,0.06594,0.08693
0.06095,0.06080,0.08323,0.11146,0.06059,0.05575,0.07734,0.17070,0.16363,0.06819,0.08736
0.07440,0.06027,0.10289,0.09558,0.07467,0.05269,0.08851,0.11919,0.18266,0.07677,0.07237
0.12524,0.06932,0.04931,0.07207,0.06977,0.07131,0.08920,0.11748,0.18631,0.08158,0.06840
0.06590,0.04472,0.05925,0.06776,0.05757,0.05825,0.06900,0.10692,0.32826,0.06572,0.07665
0.06579,0.07770,0.10252,0.08541,0.05966,0.06612,0.07356,0.13797,0.10934,0.11613,0.10580
0.06677,0.08844,0.06174,0.07296,0.10386,0.12163,0.09476,0.12244,0.10317,0.08246,0.08177
0.11955,0.07963,0.07450,0.07716,0.05860,0.05505,0.07497,0.07791,0.19252,0.10835,0.08176
0.05985,0.06332,0.09624,0.10539,0.05797,0.05529,0.06135,0.12338,0.21396,0.06554,0.09770
0.10179,0.06620,0.06045,0.09830,0.09656,0.06561,0.07343,0.15735,0.12272,0.08036,0.07723
0.05995,0.05823,0.10839,0.08031,0.05724,0.06060,0.06486,0.10545,0.23876,0.09422,0.07199
0.06070,0.05561,0.06494,0.07566,0.09129,0.07635,0.06532,0.16680,0.12763,0.10778,0.10793
0.06563,0.05681,0.06175,0.06021,0.10990,0.07031,0.09131,0.24131,0.11022,0.05539,0.07717
0.06360,0.05439,0.06406,0.06827,0.13817,0.07054,0.08933,0.17068,0.13341,0.06409,0.08347
0.07707,0.06053,0.05357,0.08023,0.10833,0.07558,0.10215,0.12331,0.17900,0.07210,0.06813
0.05972,0.05995,0.04824,0.06031,0.10061,0.06159,0.13105,0.24069,0.12865,0.05300,0.05619
0.10585,0.07598,0.05728,0.07776,0.07287,0.08390,0.10538,0.12602,0.13838,0.08977,0.06680
0.07265,0.05444,0.05346,0.07151,0.09285,0.07607,0.09624,0.09955,0.16952,0.12989,0.08381
0.10762,0.08072,0.06139,0.06755,0.07312,0.07142,0.08343,0.15361,0.15872,0.07242,0.07000
0.05635,0.07312,0.11286,0.09401,0.06558,0.06312,0.07145,0.17621,0.11329,0.09356,0.08045
0.06723,0.05694,0.06371,0.07808,0.08788,0.05815,0.08018,0.19793,0.15562,0.07791,0.07637
0.19178,0.07119,0.06635,0.06644,0.06912,0.06393,0.07766,0.12890,0.12602,0.05800,0.08062
0.06639,0.05937,0.11314,0.11747,0.06520,0.04783,0.07396,0.15308,0.15917,0.07009,0.07430
0.13870,0.08699,0.06589,0.06113,0.07303,0.06236,0.10732,0.12397,0.12007,0.08161,0.07892
0.12999,0.07193,0.05836,0.06529,0.07599,0.05614,0.11862,0.17000,0.10419,0.07735,0.07212
0.07759,0.06905,0.14555,0.09044,0.05656,0.06333,0.08699,0.13327,0.13351,0.06950,0.07421
0.09627,0.06458,0.06127,0.07083,0.07236,0.06667,0.08723,0.12639,0.20845,0.07338,0.07256
0.06829,0.06630,0.09235,0.06734,0.06572,0.07244,0.10320,0.16485,0.14737,0.08088,0.07125
0.06328,0.05286,0.05362,0.06414,0.09062,0.06381,0.08059,0.24064,0.14961,0.05950,0.08133
0.06348,0.06274,0.11331,0.09758,0.05863,0.05867,0.08359,0.09845,0.21906,0.07222,0.07226
0.07252,0.09108,0.07775,0.07232,0.06201,0.06880,0.09463,0.11737,0.20689,0.06815,0.06848
0.05762,0.06020,0.14687,0.09186,0.05753,0.05291,0.08007,0.10169,0.19859,0.08065,0.07201
0.07179,0.05773,0.06181,0.07590,0.10393,0.06210,0.07933,0.23300,0.11358,0.06581,0.07501
0.09891,0.06548,0.05883,0.06950,0.07517,0.06163,0.09747,0.18686,0.14846,0.05725,0.08045
0.05727,0.07041,0.14945,0.13820,0.06430,0.06439,0.06658,0.10731,0.09727,0.09861,0.08620
0.08919,0.05890,0.05008,0.07581,0.07159,0.06471,0.08583,0.13417,0.20333,0.08874,0.07763
0.07045,0.06498,0.07872,0.08335,0.07214,0.07169,0.11968,0.09450,0.12209,0.10435,0.11805
0.06782,0.05997,0.05263,0.08197,0.08865,0.07178,0.09313,0.20418,0.12704,0.06256,0.09026
0.04519,0.05395,0.07286,0.07087,0.10264,0.07864,0.07904,0.20826,0.15430,0.06261,0.07165
0.07086,0.06391,0.06974,0.07509,0.12193,0.09992,0.08378,0.12199,0.12792,0.08835,0.07651
0.06020,0.05460,0.05857,0.07567,0.08485,0.06172,0.06548,0.19509,0.21523,0.06609,0.06250
0.07049,0.04742,0.08640,0.17464,0.05823,0.05923,0.07795,0.10339,0.17844,0.06891,0.07489
0.06266,0.06075,0.08908,0.09329,0.06688,0.06436,0.08707,0.19147,0.13482,0.06973,0.07989
0.15886,0.07506,0.06022,0.07533,0.06723,0.06717,0.08991,0.12229,0.12706,0.07586,0.08101
0.05294,0.05836,0.06520,0.06695,0.07251,0.05585,0.07608,0.20966,0.18279,0.08037,0.07929
0.06318,0.05937,0.11971,0.08358,0.07383,0.05750,0.08056,0.13091,0.16217,0.08866,0.08052
0.06790,0.05532,0.05480,0.06803,0.11974,0.07093,0.08127,0.12938,0.19184,0.06670,0.09409
0.06872,0.05542,0.05828,0.07893,0.10437,0.06890,0.08104,0.11556,0.21683,0.07899,0.07295
0.07659,0.05598,0.06951,0.10470,0.06231,0.05322,0.07344,0.09464,0.20835,0.09084,0.11041
0.15604,0.07272,0.06382,0.07406,0.07491,0.06677,0.09080,0.13979,0.12487,0.05718,0.07904
0.07847,0.07176,0.05178,0.06997,0.07445,0.05405,0.11220,0.16127,0.16499,0.08610,0.07497
0.06304,0.06731,0.10855,0.11757,0.06904,0.06174,0.07901,0.13537,0.15918,0.06776,0.07143
0.11297,0.06082,0.05213,0.06145,0.08164,0.08681,0.09738,0.15690,0.12097,0.09870,0.07022
0.06921,0.05264,0.07578,0.08430,0.13730,0.07624,0.08342,0.11109,0.16285,0.08016,0.06700
0.14616,0.07146,0.06888,0.07657,0.08658,0.05954,0.09637,0.12928,0.13526,0.06707,0.06285
0.06182,0.07243,0.06602,0.07187,0.14440,0.07511,0.08655,0.13948,0.15481,0.06006,0.06746
0.06784,0.06052,0.05476,0.07142,0.09947,0.09092,0.10561,0.10713,0.17286,0.09084,0.07863
0.13762,0.07554,0.06751,0.07423,0.07177,0.06613,0.08316,0.11914,0.14191,0.06662,0.09637
0.10980,0.07845,0.06743,0.06783,0.07286,0.07491,0.08699,0.10547,0.17038,0.09185,0.07402
0.05589,0.05172,0.06630,0.06687,0.11915,0.05879,0.06581,0.15658,0.21562,0.06570,0.07756
0.06103,0.05933,0.25388,0.08227,0.05701,0.06116,0.06101,0.15554,0.08959,0.05231,0.06687
0.05545,0.05787,0.05795,0.07583,0.09246,0.05180,0.07613,0.15189,0.23761,0.06289,0.08011
0.06361,0.05461,0.05289,0.07167,0.08426,0.07759,0.06107,0.12660,0.27273,0.07654,0.05842
0.05424,0.05444,0.08981,0.08075,0.05726,0.07177,0.08104,0.09787,0.26164,0.07905,0.07214
0.05778,0.07869,0.06021,0.07680,0.08826,0.08185,0.07212,0.14712,0.20388,0.06155,0.07173
0.07667,0.08142,0.07213,0.07064,0.07481,0.07302,0.08242,0.10790,0.20251,0.08222,0.07624
0.05700,0.05761,0.08419,0.08367,0.05950,0.07321,0.08979,0.14553,0.22838,0.05557,0.06556
0.10740,0.08538,0.05800,0.08109,0.05242,0.05687,0.09961,0.08425,0.15906,0.12113,0.09479
0.10422,0.06858,0.05851,0.07012,0.08431,0.07796,0.10904,0.11438,0.13818,0.08294,0.09176
0.23995,0.06505,0.05620,0.05708,0.08517,0.06107,0.08012,0.11411,0.09822,0.07040,0.07263
0.09478,0.05437,0.05484,0.07809,0.07264,0.06428,0.08769,0.09958,0.23619,0.09041,0.06713
0.11993,0.06979,0.06094,0.07226,0.07075,0.06628,0.09335,0.17204,0.13509,0.05195,0.08762
0.05740,0.07099,0.11018,0.12361,0.06602,0.05962,0.07572,0.12035,0.15344,0.07992,0.08275
0.05078,0.05672,0.05533,0.06394,0.06291,0.05824,0.06374,0.20347,0.25109,0.06721,0.06656
0.11397,0.08345,0.08132,0.07445,0.06277,0.05544,0.09713,0.14425,0.14547,0.06408,0.07767
0.07931,0.05429,0.05575,0.08112,0.06739,0.05234,0.10421,0.18092,0.18263,0.06421,0.07785
0.05250,0.06182,0.07015,0.06013,0.08659,0.06784,0.11358,0.11082,0.20631,0.07808,0.09219
0.06843,0.08622,0.06332,0.08216,0.07358,0.07849,0.09305,0.22840,0.09148,0.05947,0.07539
0.05580,0.06672,0.06787,0.06065,0.10378,0.07551,0.07228,0.15471,0.17736,0.08763,0.07769
0.07164,0.05859,0.07312,0.07412,0.07895,0.06245,0.06837,0.19128,0.10901,0.09157,0.12090
0.07053,0.06271,0.05252,0.06816,0.09821,0.06954,0.10513,0.17173,0.17676,0.06204,0.06267
0.06324,0.06340,0.05358,0.08378,0.09411,0.08130,0.07189,0.15421,0.18576,0.07528,0.07345
0.06646,0.05763,0.06022,0.11309,0.05367,0.05363,0.08932,0.07762,0.25152,0.09386,0.08298
0.04978,0.05208,0.06459,0.08268,0.08175,0.07403,0.07624,0.19387,0.12446,0.12698,0.07353
0.05584,0.05062,0.06098,0.06742,0.11867,0.05554,0.06414,0.23424,0.14100,0.06306,0.08850
0.06768,0.06529,0.07314,0.08438,0.07785,0.07164,0.07442,0.23197,0.12422,0.05559,0.07383
0.06220,0.06586,0.09027,0.09309,0.07911,0.06794,0.07880,0.15529,0.14998,0.06190,0.09558
0.06189,0.06118,0.14366,0.10672,0.05206,0.06032,0.07565,0.11780,0.19609,0.06137,0.06326
0.08045,0.06700,0.06391,0.06924,0.07022,0.05764,0.11163,0.19633,0.13475,0.06510,0.08375
0.05977,0.05537,0.07824,0.10510,0.07209,0.06897,0.07173,0.21691,0.14610,0.05976,0.06596
0.08905,0.05758,0.05671,0.07965,0.06481,0.06286,0.07567,0.24301,0.12049,0.07337,0.07681
0.07283,0.05647,0.07462,0.07828,0.11259,0.06553,0.07683,0.13281,0.17156,0.05828,0.10019
0.06102,0.05979,0.09398,0.09423,0.06889,0.06586,0.09250,0.11617,0.18404,0.07948,0.08404
0.04642,0.05429,0.09136,0.08110,0.06706,0.05506,0.07792,0.21085,0.10724,0.08763,0.12106
