0.05282,0.06463,0.05017,0.04583,0.05042,0.04475,0.04032,0.04876,0.04714,0.05026,0.04393,0.05477,0.04521,0.04993,0.04790,0.05112,0.05649,0.04581,0.06125,0.04850
0.05567,0.05864,0.04147,0.04168,0.05655,0.04534,0.04240,0.03930,0.05193,0.04478,0.04143,0.04624,0.04334,0.03745,0.04302,0.04805,0.12621,0.03784,0.04462,0.05402
0.03858,0.04498,0.04962,0.04720,0.04112,0.04046,0.04555,0.03947,0.04390,0.04547,0.05174,0.05029,0.07197,0.04962,0.05098,0.04041,0.05474,0.04840,0.06560,0.07990
0.04511,0.04427,0.03820,0.04399,0.04169,0.04535,0.04286,0.04463,0.04484,0.04650,0.05181,0.06244,0.05442,0.05210,0.06805,0.04763,0.05830,0.03946,0.06520,0.06316
0.05184,0.06709,0.06641,0.05863,0.04455,0.04563,0.04504,0.05098,0.05086,0.04447,0.04580,0.04425,0.04737,0.04493,0.04281,0.04770,0.05199,0.04308,0.05197,0.05460
0.05507,0.04875,0.05790,0.05667,0.04514,0.04646,0.04437,0.04014,0.04450,0.04525,0.04833,0.04703,0.04628,0.03914,0.04314,0.04842,0.06164,0.04636,0.06774,0.06768
0.06025,0.04736,0.05815,0.04054,0.05412,0.04544,0.04223,0.05042,0.04068,0.04475,0.04351,0.04588,0.05070,0.04462,0.04776,0.04851,0.05747,0.04119,0.05693,0.07950
0.05047,0.05072,0.04190,0.04428,0.04759,0.05460,0.05555,0.06039,0.04701,0.06246,0.04562,0.04675,0.04665,0.04953,0.04623,0.04619,0.04963,0.05311,0.05391,0.04741
0.04944,0.05304,0.06890,0.04770,0.04437,0.04665,0.04603,0.04282,0.04656,0.04247,0.04400,0.04719,0.05016,0.04355,0.04543,0.04679,0.06980,0.04059,0.06849,0.05604
0.04681,0.04750,0.03982,0.04806,0.04406,0.05694,0.06295,0.06692,0.05299,0.06593,0.03787,0.04541,0.04407,0.04607,0.03625,0.04778,0.06122,0.04707,0.05900,0.04328
0.04678,0.05699,0.05977,0.04823,0.04520,0.05045,0.04376,0.04266,0.04702,0.04978,0.04666,0.04625,0.04185,0.04026,0.04157,0.05137,0.09669,0.04354,0.05165,0.04951
0.04376,0.04114,0.04824,0.04999,0.04402,0.04530,0.04294,0.03723,0.04528,0.04776,0.05435,0.04132,0.07886,0.04576,0.06931,0.04028,0.08523,0.04385,0.04571,0.04966
0.05426,0.07693,0.04681,0.08336,0.04489,0.04096,0.04052,0.04191,0.04916,0.05221,0.04723,0.04562,0.03999,0.04139,0.05475,0.05073,0.05870,0.03455,0.04008,0.05595
0.04265,0.04756,0.04716,0.04670,0.04623,0.04627,0.05149,0.04574,0.05201,0.05857,0.04544,0.04766,0.04372,0.05829,0.04317,0.04611,0.05761,0.04812,0.07623,0.04926
0.04985,0.05486,0.06621,0.05732,0.05248,0.04752,0.04493,0.05231,0.04422,0.04425,0.04463,0.04427,0.04520,0.04134,0.04622,0.04967,0.05833,0.04038,0.06429,0.05171
0.04328,0.04624,0.03943,0.04103,0.03930,0.04573,0.04178,0.04057,0.04351,0.03937,0.04756,0.05932,0.05376,0.04502,0.07384,0.05371,0.06750,0.04005,0.08554,0.05348
0.04748,0.04515,0.03834,0.04575,0.04173,0.05520,0.06710,0.04660,0.04838,0.05049,0.04440,0.04482,0.05351,0.04194,0.04875,0.04944,0.07415,0.04019,0.06394,0.05264
0.04254,0.04283,0.04731,0.04250,0.04492,0.04951,0.05189,0.06904,0.05102,0.05195,0.04059,0.05030,0.04895,0.05004,0.04142,0.04363,0.05986,0.04383,0.06943,0.05845
0.04276,0.05304,0.06247,0.07749,0.04787,0.03846,0.04183,0.03640,0.05316,0.04680,0.04803,0.04472,0.04511,0.04937,0.03886,0.04496,0.05073,0.04629,0.07556,0.05607
0.04547,0.06638,0.04837,0.06284,0.04810,0.04178,0.03641,0.03800,0.04379,0.05217,0.05161,0.04430,0.03894,0.03837,0.04285,0.04947,0.07595,0.04048,0.04616,0.08855
0.04925,0.05587,0.04363,0.04484,0.05664,0.04820,0.04158,0.04545,0.04767,0.04406,0.05140,0.04798,0.04308,0.04574,0.03817,0.05179,0.06085,0.04055,0.08356,0.05970
0.04643,0.04345,0.04693,0.04126,0.04731,0.05190,0.05314,0.04268,0.06200,0.05544,0.04135,0.04798,0.03977,0.04466,0.04284,0.04548,0.08510,0.04432,0.06261,0.05535
0.04771,0.05221,0.04730,0.04684,0.04658,0.04896,0.04203,0.04238,0.04383,0.05139,0.04879,0.04610,0.04235,0.04138,0.03412,0.04326,0.07979,0.04179,0.08616,0.06704
0.04032,0.04514,0.04187,0.04449,0.03987,0.05848,0.05320,0.04995,0.05695,0.05235,0.04285,0.04659,0.04625,0.04375,0.04575,0.04772,0.07109,0.04091,0.07578,0.05669
0.03838,0.04082,0.04111,0.04907,0.04565,0.04372,0.04668,0.04611,0.04498,0.04849,0.04998,0.05149,0.07178,0.04981,0.06905,0.06286,0.05633,0.03717,0.04395,0.06255
0.04688,0.03936,0.04113,0.04231,0.04583,0.04898,0.04616,0.03901,0.04121,0.04979,0.04360,0.07205,0.05229,0.04569,0.05524,0.04471,0.08250,0.03956,0.05673,0.06696
0.05173,0.05519,0.05813,0.06848,0.04064,0.03733,0.03928,0.04278,0.04685,0.05030,0.04730,0.04492,0.05275,0.04004,0.04057,0.04718,0.07425,0.04145,0.05296,0.06786
0.04232,0.04312,0.04545,0.04330,0.04339,0.04714,0.04860,0.04573,0.04555,0.05185,0.05013,0.06906,0.04740,0.06151,0.05936,0.04574,0.05832,0.04771,0.05631,0.04802
0.04289,0.04751,0.04146,0.04799,0.04548,0.04863,0.04211,0.04084,0.04009,0.05231,0.05284,0.05711,0.05441,0.04864,0.05565,0.05433,0.06856,0.03926,0.05901,0.06090
0.05790,0.04508,0.05610,0.04253,0.03865,0.04230,0.04303,0.03951,0.04000,0.04943,0.03724,0.04268,0.03682,0.04051,0.04683,0.05007,0.10337,0.03605,0.04107,0.11084
0.04937,0.04593,0.03809,0.04535,0.04825,0.04988,0.05356,0.04202,0.04914,0.09886,0.04182,0.04406,0.04677,0.04518,0.04090,0.04556,0.07388,0.03832,0.04015,0.06291
0.04686,0.04604,0.05149,0.03905,0.04137,0.04548,0.04602,0.04694,0.04465,0.04436,0.03932,0.04640,0.10570,0.05334,0.03972,0.05023,0.05120,0.04588,0.05458,0.06137
0.04784,0.06494,0.06708,0.05038,0.03893,0.04906,0.04416,0.03729,0.04830,0.04813,0.04319,0.03879,0.04097,0.03771,0.04580,0.04037,0.11432,0.04070,0.04299,0.05905
0.04155,0.04338,0.04929,0.03786,0.04076,0.05621,0.05615,0.04374,0.05792,0.04927,0.03887,0.05184,0.04909,0.04686,0.04097,0.04760,0.09064,0.04100,0.05654,0.06045
0.03859,0.03772,0.04306,0.04118,0.03942,0.04935,0.04396,0.03794,0.04795,0.05052,0.04615,0.06191,0.04490,0.04426,0.08531,0.04750,0.08217,0.03708,0.04142,0.07961
0.05871,0.04935,0.05017,0.05192,0.06644,0.04922,0.04372,0.04524,0.04584,0.04083,0.04853,0.05082,0.04605,0.05152,0.04862,0.04630,0.05346,0.04205,0.06995,0.04128
0.04417,0.06379,0.07415,0.06081,0.04088,0.04245,0.04364,0.04282,0.05126,0.04296,0.04493,0.03969,0.05618,0.04098,0.04181,0.04337,0.04805,0.04843,0.07298,0.05662
0.06264,0.08112,0.05691,0.05047,0.04736,0.04203,0.04602,0.05176,0.04763,0.05339,0.04393,0.04102,0.03676,0.04302,0.04959,0.04690,0.06076,0.04432,0.03834,0.05605
0.03826,0.04259,0.04421,0.04023,0.03996,0.04352,0.03782,0.04506,0.05008,0.04269,0.05805,0.05604,0.06737,0.05368,0.04465,0.04653,0.05992,0.04769,0.07824,0.06341
0.04297,0.05320,0.04005,0.04412,0.04140,0.04750,0.05518,0.06152,0.05581,0.04294,0.04597,0.04619,0.04293,0.04364,0.04500,0.04910,0.04667,0.04272,0.08024,0.07285
0.04887,0.06133,0.04966,0.04567,0.05615,0.04195,0.04371,0.04300,0.04318,0.05111,0.04802,0.04469,0.04045,0.04160,0.04472,0.05200,0.07772,0.04114,0.04813,0.07688
0.04675,0.06768,0.05276,0.04646,0.04944,0.04170,0.03954,0.04201,0.04723,0.04337,0.04648,0.04834,0.04250,0.04095,0.03901,0.04918,0.05637,0.04216,0.09932,0.05877
0.04183,0.04923,0.04402,0.04588,0.04505,0.05716,0.05888,0.04673,0.05171,0.04983,0.04089,0.04595,0.05040,0.03744,0.04466,0.04433,0.06743,0.04308,0.05063,0.08488
0.04385,0.04978,0.04747,0.04504,0.05176,0.04124,0.05175,0.03678,0.05438,0.04742,0.04197,0.04328,0.04484,0.03780,0.04192,0.04895,0.12592,0.03673,0.04201,0.06712
0.04263,0.04497,0.03864,0.04578,0.04675,0.04601,0.04166,0.04313,0.04455,0.04470,0.06224,0.05815,0.05813,0.04748,0.05321,0.06262,0.07082,0.04032,0.05394,0.05427
0.04166,0.04837,0.04364,0.05149,0.04250,0.05114,0.05363,0.05170,0.05686,0.04716,0.04880,0.04815,0.04664,0.05129,0.04270,0.04892,0.05204,0.04781,0.07925,0.04625
0.04598,0.04746,0.04762,0.04080,0.06757,0.04254,0.04508,0.04855,0.04814,0.04229,0.04595,0.05272,0.05299,0.04114,0.03833,0.04728,0.06674,0.04380,0.06767,0.06735
0.04288,0.03470,0.04564,0.03855,0.04494,0.04719,0.05295,0.04647,0.03806,0.05342,0.04288,0.04904,0.04682,0.04621,0.03909,0.04520,0.08405,0.04358,0.07978,0.07855
0.04074,0.04620,0.04664,0.04423,0.04193,0.04971,0.05935,0.04969,0.05278,0.05862,0.04012,0.04785,0.04679,0.04929,0.04916,0.04999,0.06092,0.04435,0.05501,0.06663
0.04176,0.04545,0.04298,0.04636,0.04069,0.03690,0.03822,0.04602,0.04240,0.04373,0.05049,0.05674,0.06545,0.05210,0.05891,0.04578,0.06302,0.04293,0.07016,0.06993
0.03868,0.04393,0.05200,0.04129,0.04262,0.04763,0.05368,0.05333,0.04983,0.07027,0.04531,0.04749,0.04667,0.04820,0.03929,0.05070,0.05425,0.04407,0.05939,0.07137
0.04249,0.04200,0.04577,0.04526,0.03827,0.04805,0.07250,0.04510,0.05000,0.05537,0.04041,0.04972,0.04392,0.04841,0.05180,0.06205,0.07399,0.04832,0.05228,0.04428
0.04132,0.04870,0.04315,0.04884,0.03776,0.04706,0.06569,0.04899,0.05048,0.04799,0.04134,0.03898,0.04370,0.03890,0.04684,0.04416,0.07097,0.03401,0.04850,0.11265
0.04531,0.04438,0.04185,0.03973,0.04298,0.04997,0.04613,0.05121,0.04812,0.06265,0.04322,0.05074,0.04644,0.04892,0.04070,0.04708,0.07248,0.04761,0.07598,0.05450
0.04412,0.04419,0.04603,0.04381,0.04924,0.06119,0.06060,0.06402,0.05455,0.04980,0.04190,0.04679,0.04496,0.04489,0.04060,0.04476,0.05950,0.04559,0.05900,0.05446
0.04414,0.04063,0.04600,0.04480,0.04003,0.04569,0.04023,0.04492,0.04528,0.03887,0.04360,0.05948,0.08888,0.05616,0.05628,0.05115,0.05970,0.04522,0.04724,0.06169
0.04004,0.03972,0.04951,0.04482,0.04406,0.05414,0.04830,0.03691,0.05024,0.04676,0.04689,0.05963,0.05688,0.04172,0.04951,0.05126,0.07764,0.04042,0.05538,0.06618
0.04391,0.04747,0.04049,0.04579,0.04443,0.05762,0.05798,0.04261,0.05228,0.07235,0.03745,0.04590,0.04890,0.03994,0.04296,0.04174,0.09105,0.04065,0.04004,0.06645
0.04355,0.04877,0.04478,0.04827,0.04340,0.04558,0.07092,0.05376,0.04990,0.05677,0.04938,0.04858,0.04052,0.04627,0.04497,0.04262,0.05500,0.04121,0.05026,0.07549
0.04934,0.04393,0.05213,0.04261,0.04056,0.04847,0.06338,0.04774,0.05374,0.05131,0.04027,0.04250,0.04567,0.04185,0.03767,0.06118,0.10136,0.04669,0.03936,0.05024
0.04878,0.04820,0.04413,0.04315,0.04401,0.05038,0.05486,0.09180,0.04891,0.05258,0.04504,0.04792,0.03688,0.04248,0.04090,0.04866,0.05696,0.04042,0.04451,0.06943
0.04556,0.06670,0.04570,0.05375,0.05030,0.04603,0.03964,0.04251,0.05095,0.04917,0.04918,0.04590,0.03906,0.03315,0.04307,0.04662,0.08674,0.03689,0.05416,0.07492
0.04990,0.04397,0.04962,0.04215,0.04876,0.05488,0.05052,0.07440,0.04697,0.04136,0.04553,0.04541,0.04076,0.03921,0.04914,0.05459,0.05375,0.05778,0.04665,0.06466
0.04615,0.07786,0.04412,0.05188,0.05996,0.04330,0.05085,0.04112,0.05014,0.04043,0.04467,0.04405,0.04479,0.04029,0.03704,0.04399,0.05307,0.03995,0.08354,0.06281
0.03953,0.05256,0.04770,0.04042,0.04239,0.04732,0.04289,0.04558,0.04172,0.04396,0.05183,0.06197,0.05122,0.04992,0.06519,0.05547,0.06279,0.04488,0.07047,0.04217
0.04501,0.04467,0.04531,0.05002,0.03826,0.04653,0.03783,0.04003,0.04628,0.04536,0.05376,0.04500,0.06699,0.04131,0.07344,0.04485,0.08336,0.03983,0.04318,0.06898
0.04477,0.05275,0.04059,0.05525,0.03939,0.04463,0.04360,0.03965,0.04523,0.04326,0.05292,0.05377,0.05734,0.04751,0.05439,0.05583,0.08378,0.03900,0.05289,0.05346
0.05152,0.04872,0.04052,0.04345,0.04152,0.05317,0.07343,0.04578,0.05218,0.05495,0.04556,0.04499,0.04728,0.04633,0.04563,0.04761,0.06232,0.03788,0.05783,0.05933
0.04243,0.04742,0.04148,0.03981,0.03883,0.04354,0.03706,0.03742,0.03916,0.04797,0.04395,0.05978,0.05006,0.04021,0.04247,0.04642,0.11324,0.03972,0.06410,0.08495
0.04890,0.04837,0.04481,0.04249,0.04520,0.04904,0.06407,0.05588,0.04864,0.05345,0.04282,0.05204,0.04598,0.04281,0.04288,0.04769,0.05204,0.04134,0.05489,0.07666
0.04738,0.07942,0.04919,0.05778,0.05236,0.04656,0.04154,0.04410,0.04687,0.04502,0.04352,0.04584,0.04097,0.04992,0.04619,0.04742,0.05670,0.04054,0.06585,0.05283
0.05807,0.06129,0.04897,0.04813,0.07006,0.04270,0.04627,0.04509,0.04585,0.04372,0.05272,0.04531,0.04241,0.04204,0.04535,0.04953,0.05857,0.05504,0.04839,0.05050
0.05091,0.06558,0.06974,0.05016,0.04975,0.04579,0.03985,0.04637,0.04925,0.04175,0.04845,0.04509,0.04950,0.04485,0.04775,0.04466,0.05382,0.04899,0.05584,0.05191
0.04850,0.06596,0.05151,0.04838,0.04156,0.04323,0.03802,0.03963,0.05335,0.04542,0.04861,0.04380,0.04730,0.04937,0.04194,0.04345,0.09008,0.04648,0.05039,0.06302
0.04444,0.04347,0.04199,0.04431,0.04034,0.03999,0.04466,0.04437,0.05042,0.04333,0.05652,0.04892,0.04480,0.06997,0.05890,0.06111,0.05966,0.04184,0.06444,0.05653
0.04342,0.04899,0.04229,0.04292,0.04931,0.04339,0.04624,0.04903,0.04880,0.07524,0.04194,0.04546,0.04276,0.04734,0.04061,0.05079,0.08903,0.04417,0.05561,0.05265
0.04198,0.08873,0.05320,0.04252,0.05371,0.04315,0.04660,0.04714,0.04508,0.04859,0.04983,0.04249,0.04174,0.04607,0.04538,0.04440,0.05646,0.04312,0.05081,0.06899
0.04896,0.04527,0.04261,0.04399,0.04392,0.05437,0.08849,0.04732,0.04475,0.05549,0.04581,0.04936,0.04558,0.04358,0.04427,0.04472,0.04904,0.04488,0.05851,0.05906
0.04546,0.05198,0.04923,0.05298,0.05515,0.03613,0.04542,0.04485,0.04175,0.04633,0.05308,0.04187,0.04507,0.04016,0.03944,0.04583,0.05490,0.04120,0.06204,0.10714
0.04114,0.04338,0.04825,0.04598,0.04103,0.04335,0.04072,0.03984,0.04104,0.04098,0.05083,0.05146,0.07010,0.04794,0.05990,0.04595,0.04985,0.03901,0.09471,0.06455
0.04718,0.04173,0.04503,0.04476,0.04043,0.04581,0.04238,0.04478,0.04650,0.03747,0.05946,0.05749,0.05147,0.04631,0.05078,0.04693,0.06420,0.03743,0.07579,0.07408
0.03973,0.04150,0.04690,0.04528,0.04277,0.04537,0.06586,0.03721,0.04292,0.05942,0.04288,0.04496,0.04198,0.04030,0.04442,0.04604,0.06614,0.03636,0.04278,0.12719
0.04178,0.04816,0.04709,0.04333,0.04550,0.05367,0.07992,0.04855,0.05369,0.05424,0.04335,0.04510,0.04195,0.04279,0.04575,0.05125,0.06051,0.03880,0.04418,0.07038
0.04666,0.04997,0.04181,0.04775,0.04866,0.04563,0.04227,0.04119,0.04801,0.04402,0.05728,0.07282,0.04771,0.04303,0.05115,0.04895,0.06101,0.04443,0.06603,0.05164
0.04192,0.07563,0.04402,0.04136,0.10529,0.04526,0.04205,0.04377,0.04995,0.04836,0.04888,0.03962,0.04302,0.04606,0.04165,0.04385,0.05495,0.04027,0.04916,0.05492
0.04710,0.04820,0.04523,0.04861,0.05231,0.04614,0.05139,0.05600,0.05325,0.05116,0.04274,0.04900,0.04024,0.05145,0.04316,0.04990,0.04540,0.04715,0.08430,0.04727
0.03507,0.04816,0.04791,0.04236,0.04361,0.03670,0.04446,0.04108,0.04548,0.04473,0.04585,0.05571,0.05861,0.05069,0.05477,0.04144,0.04907,0.04183,0.08017,0.09230
0.04255,0.04545,0.04640,0.04350,0.04227,0.04803,0.07173,0.04181,0.05395,0.04408,0.04388,0.04878,0.04459,0.04214,0.04171,0.05852,0.05228,0.04109,0.06129,0.08593
0.05290,0.04973,0.07640,0.05076,0.06296,0.04575,0.04183,0.04382,0.03926,0.04067,0.04766,0.04795,0.04380,0.04855,0.04775,0.04191,0.04939,0.04895,0.06079,0.05917
0.04826,0.04726,0.04412,0.04228,0.04505,0.07027,0.05470,0.04629,0.04879,0.07475,0.04279,0.04702,0.04021,0.04743,0.04389,0.04861,0.05924,0.04931,0.05195,0.04777
0.04625,0.04845,0.03948,0.04212,0.04040,0.05698,0.04870,0.05151,0.05444,0.05965,0.04361,0.05065,0.04426,0.04570,0.04082,0.04441,0.07444,0.04221,0.05248,0.07343
0.04664,0.04318,0.04158,0.04435,0.04337,0.05245,0.05356,0.05276,0.04986,0.07157,0.04174,0.04381,0.05166,0.04848,0.04457,0.04566,0.08599,0.03817,0.04424,0.05636
0.03910,0.04291,0.03681,0.05044,0.04376,0.05334,0.04757,0.04095,0.04789,0.09021,0.04224,0.04847,0.04356,0.04306,0.03920,0.04566,0.08808,0.04688,0.05938,0.05045
0.04396,0.05002,0.04747,0.05069,0.04990,0.03801,0.04704,0.04590,0.04565,0.04410,0.06839,0.05457,0.04937,0.05120,0.05434,0.05663,0.04622,0.03832,0.04977,0.06842
0.04633,0.04732,0.04104,0.04464,0.04447,0.05432,0.04819,0.05054,0.04651,0.05971,0.04662,0.04209,0.04632,0.04116,0.04342,0.04495,0.05899,0.03479,0.05074,0.10787
0.03976,0.04659,0.04047,0.04722,0.04225,0.04208,0.04368,0.04731,0.04260,0.04689,0.04659,0.05857,0.05151,0.05985,0.04717,0.05895,0.05921,0.03987,0.09388,0.04556
0.04658,0.06188,0.05917,0.05735,0.03948,0.04955,0.04378,0.03575,0.05073,0.04645,0.04333,0.04533,0.04075,0.04181,0.04764,0.04459,0.09119,0.04244,0.05620,0.05600
0.04120,0.04401,0.04755,0.04515,0.03881,0.04206,0.04424,0.04114,0.04940,0.04790,0.05059,0.04514,0.05965,0.05102,0.06715,0.04188,0.08586,0.03974,0.05693,0.06056
0.04950,0.04867,0.05006,0.04740,0.04423,0.05457,0.08394,0.04233,0.05482,0.05018,0.04142,0.04236,0.03687,0.04030,0.03710,0.04513,0.06418,0.03464,0.05745,0.07486
0.04567,0.04893,0.05228,0.04383,0.04621,0.04896,0.05574,0.06019,0.04545,0.05130,0.04427,0.05011,0.03865,0.04801,0.03732,0.05689,0.05034,0.04443,0.06670,0.06472
0.04940,0.06672,0.05503,0.05267,0.06242,0.05204,0.04328,0.04803,0.04870,0.05278,0.03870,0.04590,0.04828,0.04441,0.04492,0.04308,0.05899,0.04254,0.04772,0.05441
0.04232,0.04379,0.03866,0.04592,0.04062,0.05232,0.04493,0.03922,0.04574,0.05007,0.04238,0.05892,0.06196,0.04420,0.04458,0.05438,0.11079,0.03969,0.05109,0.04841
0.04276,0.04678,0.03940,0.04821,0.05003,0.04362,0.04792,0.04932,0.04468,0.04970,0.06029,0.05779,0.04843,0.05188,0.06449,0.04925,0.05983,0.04367,0.05723,0.04474
0.04743,0.05132,0.05532,0.05472,0.06248,0.05072,0.04570,0.05257,0.04453,0.04675,0.04442,0.05463,0.04763,0.04132,0.04807,0.04531,0.05309,0.04369,0.05406,0.05625
0.04423,0.04621,0.04278,0.04080,0.04266,0.05275,0.05051,0.05634,0.04653,0.04770,0.04493,0.04161,0.03894,0.04814,0.04360,0.05659,0.06228,0.04813,0.05782,0.08745
0.04538,0.03969,0.04093,0.04735,0.03659,0.04335,0.04764,0.04040,0.04463,0.05345,0.06032,0.05499,0.05884,0.04674,0.04435,0.05549,0.08652,0.04094,0.05147,0.06095
0.04789,0.05880,0.05087,0.04411,0.05202,0.04913,0.04457,0.04294,0.05164,0.04141,0.04429,0.04646,0.04336,0.04024,0.04389,0.05794,0.06994,0.04121,0.07108,0.05824
0.04718,0.04777,0.04266,0.04624,0.04189,0.04721,0.04960,0.05844,0.05579,0.05427,0.04568,0.04923,0.04285,0.04963,0.04289,0.05285,0.06248,0.04864,0.05103,0.06366
0.04381,0.04426,0.05007,0.04409,0.04999,0.06344,0.05175,0.06362,0.05521,0.05404,0.03858,0.04339,0.04512,0.05627,0.04640,0.05917,0.04656,0.05237,0.04590,0.04595
0.04858,0.04940,0.05008,0.06075,0.06142,0.04933,0.04101,0.05147,0.04867,0.04283,0.04689,0.04585,0.05035,0.04625,0.04235,0.04591,0.05573,0.04046,0.05890,0.06379
0.04491,0.04821,0.04189,0.04872,0.04569,0.03969,0.04239,0.04085,0.04604,0.04556,0.07050,0.06310,0.05721,0.04994,0.04449,0.04530,0.05364,0.04547,0.07331,0.05308
0.04916,0.04270,0.04500,0.03730,0.04025,0.05136,0.05778,0.04990,0.04802,0.04508,0.04427,0.04922,0.04599,0.04752,0.03766,0.05348,0.07695,0.04069,0.07306,0.06461
0.04478,0.04619,0.03786,0.04331,0.04238,0.04282,0.04465,0.04950,0.04016,0.04899,0.04213,0.07801,0.05286,0.04933,0.06632,0.05282,0.06218,0.03747,0.06566,0.05256
0.04322,0.04848,0.04995,0.05445,0.04735,0.04432,0.03963,0.04493,0.04213,0.04239,0.04506,0.04503,0.04616,0.03623,0.04237,0.04335,0.05588,0.04027,0.08329,0.10549
0.04387,0.04927,0.04072,0.04626,0.04705,0.04238,0.04380,0.04661,0.04208,0.04599,0.05649,0.05151,0.06194,0.04573,0.05237,0.04489,0.06717,0.04132,0.06378,0.06676
0.04296,0.05840,0.04850,0.05506,0.07767,0.04619,0.04338,0.04240,0.04782,0.05548,0.05227,0.04566,0.05424,0.04418,0.04579,0.04377,0.05705,0.03752,0.04964,0.05204
0.04342,0.04283,0.04142,0.04928,0.04158,0.04328,0.04363,0.04157,0.03964,0.04815,0.04942,0.06110,0.05012,0.05141,0.06179,0.07863,0.06139,0.04407,0.06153,0.04575
0.04001,0.04436,0.04218,0.04712,0.04286,0.04417,0.03626,0.04564,0.04392,0.03999,0.04733,0.05349,0.06266,0.04328,0.05211,0.04491,0.05704,0.04333,0.09854,0.07079
0.03987,0.05236,0.06150,0.06067,0.05782,0.04294,0.04039,0.04306,0.04514,0.04943,0.04952,0.04259,0.04560,0.04576,0.03973,0.05837,0.05891,0.05100,0.05535,0.05996
0.04614,0.05937,0.06216,0.04588,0.04830,0.04613,0.04152,0.04686,0.04289,0.04435,0.04786,0.04652,0.04757,0.04819,0.04932,0.04624,0.07009,0.03931,0.05444,0.06687
0.04601,0.04584,0.04530,0.04898,0.04418,0.04612,0.04033,0.04207,0.04337,0.03883,0.05014,0.05450,0.05785,0.04932,0.04755,0.04778,0.06030,0.04078,0.08971,0.06104
0.03819,0.04170,0.04250,0.04380,0.04904,0.04690,0.04759,0.05068,0.04158,0.04477,0.04775,0.05622,0.06003,0.04661,0.05767,0.04056,0.05747,0.04017,0.07308,0.07372
0.04092,0.05512,0.06633,0.04169,0.06191,0.04927,0.04250,0.04704,0.04350,0.04956,0.04629,0.04852,0.04308,0.05022,0.03841,0.04481,0.06000,0.04215,0.06652,0.06213
0.04828,0.04306,0.04785,0.04206,0.03833,0.04517,0.04601,0.04542,0.04299,0.05516,0.04736,0.04382,0.05011,0.04062,0.03886,0.04785,0.09136,0.04897,0.06881,0.06793
0.04060,0.04428,0.04066,0.05130,0.04383,0.04430,0.04084,0.03925,0.04371,0.04930,0.08679,0.05592,0.04706,0.04039,0.06157,0.05464,0.06691,0.03515,0.05159,0.06191
0.04412,0.04204,0.04135,0.04315,0.03590,0.04479,0.04351,0.03392,0.04705,0.05271,0.04375,0.04545,0.07542,0.04911,0.06631,0.05051,0.08614,0.03862,0.05570,0.06045
0.04184,0.04352,0.04491,0.04406,0.04556,0.04516,0.04678,0.05364,0.04283,0.04418,0.04430,0.05598,0.05726,0.04937,0.06299,0.04655,0.05290,0.04112,0.08348,0.05357
0.06538,0.06668,0.04991,0.04697,0.05380,0.04253,0.04697,0.04399,0.05004,0.04280,0.05401,0.04900,0.04017,0.03890,0.04167,0.04896,0.05387,0.04090,0.04996,0.07349
0.04341,0.08929,0.06197,0.04995,0.04899,0.04705,0.04556,0.04333,0.04756,0.04812,0.04874,0.04666,0.04077,0.04611,0.04760,0.04257,0.04367,0.04173,0.06228,0.05464
0.04802,0.04561,0.04288,0.04288,0.04369,0.04948,0.04975,0.04772,0.05429,0.07031,0.04501,0.04554,0.05122,0.04967,0.04108,0.04965,0.08521,0.03957,0.03675,0.06166
0.04925,0.05671,0.05795,0.05490,0.05426,0.04970,0.04641,0.04534,0.04796,0.04936,0.04455,0.04377,0.04336,0.04473,0.05297,0.04512,0.05237,0.03729,0.04679,0.07720
0.04189,0.04973,0.04873,0.04143,0.04456,0.05955,0.08288,0.04492,0.05020,0.05949,0.03822,0.04541,0.04024,0.03968,0.04207,0.04225,0.08642,0.03502,0.03595,0.07138
0.04776,0.06611,0.05105,0.04265,0.05213,0.04290,0.03996,0.04621,0.05459,0.04976,0.05090,0.04303,0.05018,0.04207,0.03864,0.04277,0.07263,0.04082,0.05185,0.07399
0.05327,0.04238,0.04125,0.04202,0.04151,0.05757,0.10866,0.05334,0.05179,0.05444,0.03923,0.04643,0.04644,0.04293,0.03621,0.04543,0.06513,0.04572,0.03931,0.04692
0.04060,0.04617,0.04029,0.04863,0.03717,0.04808,0.04409,0.04603,0.05292,0.05202,0.04246,0.04615,0.04952,0.04718,0.04588,0.05202,0.09458,0.04153,0.06475,0.05993
0.04374,0.05375,0.04638,0.04612,0.04221,0.05430,0.05883,0.04252,0.05262,0.05646,0.04743,0.04748,0.04154,0.04255,0.04402,0.04720,0.05011,0.04699,0.06946,0.06630
0.03893,0.05441,0.04210,0.04656,0.04230,0.04325,0.04500,0.04276,0.06399,0.08190,0.04415,0.04396,0.04912,0.04429,0.04130,0.04577,0.08382,0.03718,0.04315,0.06606
0.04431,0.04231,0.05048,0.03976,0.04368,0.05114,0.06391,0.06191,0.05410,0.05362,0.04410,0.05040,0.04641,0.05096,0.03915,0.06035,0.06260,0.04871,0.04880,0.04330
0.04252,0.05732,0.05701,0.05032,0.04085,0.04486,0.04373,0.04287,0.05033,0.05054,0.04848,0.04363,0.04632,0.04910,0.04389,0.05209,0.07279,0.04124,0.06570,0.05640
0.04219,0.04417,0.04239,0.04779,0.04512,0.04251,0.04194,0.03990,0.04736,0.05057,0.05169,0.04859,0.05980,0.04607,0.04517,0.05960,0.07110,0.04657,0.06684,0.06064
0.04543,0.05043,0.04054,0.04078,0.04688,0.03988,0.05196,0.04137,0.04897,0.07481,0.04595,0.04924,0.05285,0.04267,0.04307,0.04983,0.08158,0.04507,0.04668,0.06201
0.04805,0.04211,0.03762,0.03881,0.04597,0.04775,0.04031,0.05354,0.04734,0.04475,0.05309,0.06547,0.05014,0.04513,0.04572,0.04505,0.08602,0.04342,0.05773,0.06199
0.04660,0.05778,0.05042,0.05926,0.04669,0.04190,0.03853,0.04280,0.04349,0.04948,0.04540,0.04815,0.04338,0.04599,0.04653,0.04712,0.06142,0.04589,0.08805,0.05112
0.04780,0.05408,0.03859,0.04341,0.04547,0.04655,0.04950,0.06730,0.06110,0.05819,0.04378,0.04744,0.05595,0.04112,0.03445,0.04965,0.05536,0.05309,0.04963,0.05754
0.04095,0.04520,0.03967,0.04702,0.04624,0.04562,0.04325,0.04191,0.04422,0.05087,0.04834,0.07760,0.05002,0.04579,0.05149,0.06432,0.06488,0.04174,0.05567,0.05520
0.04578,0.04121,0.04244,0.03947,0.04110,0.04464,0.04528,0.05218,0.04125,0.04575,0.04782,0.06105,0.05590,0.04893,0.04843,0.05235,0.08478,0.04557,0.06208,0.05401
0.04270,0.05550,0.05685,0.04391,0.05765,0.04205,0.04436,0.04420,0.04634,0.04711,0.04626,0.04169,0.04624,0.05895,0.04757,0.05063,0.04640,0.04122,0.08448,0.05588
0.04410,0.04454,0.05896,0.05322,0.04081,0.04840,0.03910,0.04345,0.04756,0.04267,0.04186,0.04628,0.05293,0.04094,0.03888,0.04775,0.07420,0.04455,0.08971,0.06010
0.04256,0.04057,0.04102,0.05167,0.03951,0.04365,0.04277,0.03864,0.05106,0.05132,0.05671,0.05093,0.06390,0.04937,0.04799,0.04347,0.09759,0.03596,0.05361,0.05772
0.04269,0.04352,0.04472,0.04224,0.04382,0.04924,0.05948,0.04335,0.04946,0.06599,0.04764,0.04600,0.05081,0.05138,0.04418,0.04423,0.07582,0.04177,0.06023,0.05345
0.05154,0.03914,0.04114,0.03975,0.04243,0.04265,0.04514,0.04257,0.04807,0.03804,0.05291,0.05142,0.09106,0.03714,0.03955,0.04138,0.07740,0.04346,0.04986,0.08535
0.04043,0.04604,0.04455,0.04076,0.03649,0.04489,0.04617,0.03971,0.04530,0.04884,0.04314,0.06018,0.05356,0.04725,0.04488,0.04883,0.07880,0.03883,0.06999,0.08135
0.05296,0.04992,0.06096,0.05617,0.04775,0.04577,0.04199,0.04557,0.04989,0.04385,0.04741,0.04935,0.04635,0.04333,0.04102,0.05300,0.05954,0.04369,0.06832,0.05317
0.04921,0.04831,0.04475,0.04520,0.04027,0.05156,0.04836,0.05074,0.05705,0.05144,0.04613,0.04761,0.05013,0.04319,0.03973,0.04379,0.07345,0.04454,0.05993,0.06461
0.04754,0.04918,0.04761,0.05083,0.05230,0.04255,0.04072,0.04249,0.04576,0.04624,0.04716,0.05347,0.04652,0.04805,0.03874,0.06055,0.06711,0.03957,0.08446,0.04914
0.04393,0.05357,0.04109,0.04151,0.04576,0.05571,0.06059,0.05139,0.05111,0.04664,0.03989,0.04904,0.04091,0.04412,0.04198,0.04734,0.04922,0.04087,0.09411,0.06123
0.04069,0.04532,0.03190,0.04498,0.03534,0.04795,0.03563,0.03397,0.04303,0.04999,0.05200,0.04524,0.06911,0.04710,0.06138,0.04857,0.13997,0.03099,0.03903,0.05781
0.04873,0.08439,0.04863,0.04922,0.05313,0.04465,0.04487,0.04352,0.05438,0.04852,0.04515,0.04164,0.04124,0.04405,0.04363,0.04378,0.05757,0.04041,0.06324,0.05924
0.04215,0.04570,0.05147,0.04268,0.05106,0.04526,0.04429,0.03871,0.04174,0.04199,0.04430,0.04279,0.05129,0.03837,0.03763,0.04201,0.06754,0.03622,0.05877,0.13603
0.04782,0.04383,0.03904,0.04438,0.04256,0.04941,0.07930,0.05053,0.05500,0.05826,0.03939,0.04148,0.05013,0.04477,0.05128,0.04833,0.08431,0.04209,0.03904,0.04904
0.04667,0.04169,0.04703,0.04113,0.05519,0.04638,0.04679,0.04347,0.04720,0.04528,0.05293,0.05332,0.05199,0.05995,0.04911,0.05019,0.06248,0.04182,0.05416,0.06323
0.04094,0.05181,0.04095,0.04349,0.04398,0.03662,0.04291,0.05078,0.04303,0.04214,0.05814,0.07866,0.04538,0.04334,0.04406,0.04631,0.05491,0.04411,0.09291,0.05553
0.04168,0.04152,0.04305,0.04834,0.04714,0.04409,0.04450,0.04126,0.04604,0.04528,0.04922,0.04699,0.06341,0.03766,0.04133,0.04853,0.06255,0.03975,0.05440,0.11326
0.04269,0.05714,0.04844,0.04914,0.04471,0.04697,0.04588,0.05138,0.06184,0.07380,0.05016,0.04406,0.04279,0.04576,0.03781,0.05101,0.05950,0.04723,0.04679,0.05289
0.04732,0.04857,0.04441,0.04224,0.04735,0.07101,0.07010,0.05021,0.05152,0.04936,0.03885,0.04572,0.04104,0.04146,0.04570,0.04833,0.06892,0.03866,0.05815,0.05109
0.04311,0.04175,0.04512,0.04822,0.04280,0.05535,0.05250,0.05024,0.04790,0.06107,0.04247,0.04801,0.04761,0.04405,0.04611,0.05087,0.06879,0.04164,0.05294,0.06947
0.04047,0.04093,0.04418,0.04562,0.04128,0.04332,0.04017,0.03903,0.04715,0.04264,0.05431,0.05890,0.05109,0.06575,0.04737,0.04903,0.07488,0.04700,0.07019,0.05672
0.04506,0.04743,0.04674,0.04200,0.04813,0.04659,0.04506,0.04335,0.04114,0.03995,0.07523,0.05074,0.04524,0.05204,0.06242,0.05411,0.06336,0.04189,0.04987,0.05966
0.04248,0.04582,0.04927,0.04679,0.03866,0.04219,0.04099,0.04507,0.03876,0.04109,0.04796,0.05148,0.04184,0.05846,0.09927,0.04916,0.05466,0.04164,0.06738,0.05703
0.06540,0.04864,0.05706,0.04923,0.07513,0.04935,0.05178,0.04770,0.04881,0.05409,0.04386,0.05039,0.04522,0.04087,0.04041,0.04424,0.05552,0.04721,0.03996,0.04516
0.04075,0.04296,0.05153,0.05009,0.05035,0.05231,0.06831,0.04741,0.05896,0.04841,0.04567,0.04828,0.04391,0.04323,0.04515,0.04565,0.05077,0.04194,0.06101,0.06331
0.04757,0.04377,0.04060,0.04506,0.04803,0.04260,0.04045,0.04584,0.04510,0.04727,0.04404,0.05612,0.07292,0.04647,0.05063,0.05057,0.06097,0.04143,0.06143,0.06913
0.04723,0.05463,0.04930,0.05287,0.06184,0.04661,0.04632,0.04606,0.04837,0.05026,0.04692,0.04674,0.03817,0.04000,0.04022,0.04557,0.07842,0.03961,0.05285,0.06800
0.04744,0.04600,0.04266,0.04593,0.04712,0.04744,0.08361,0.05937,0.05275,0.07486,0.04108,0.04784,0.04525,0.04909,0.03966,0.04687,0.05334,0.04556,0.03772,0.04641
0.04045,0.04868,0.03964,0.04205,0.04295,0.04765,0.06617,0.06796,0.04697,0.04448,0.04107,0.04814,0.04085,0.04812,0.04339,0.05214,0.04913,0.04561,0.06852,0.07605
0.04724,0.04315,0.04163,0.04868,0.04290,0.05459,0.05890,0.05819,0.05110,0.04715,0.04638,0.04866,0.04479,0.04213,0.03944,0.05198,0.05847,0.04277,0.05331,0.07855
0.04667,0.04198,0.04402,0.03704,0.04463,0.04886,0.06136,0.04052,0.05118,0.05837,0.04355,0.04600,0.04991,0.04326,0.03723,0.05119,0.09252,0.04211,0.05664,0.06295
0.04760,0.04000,0.04627,0.04886,0.04375,0.04965,0.04275,0.04480,0.04498,0.04515,0.05189,0.06979,0.05662,0.04607,0.04243,0.04691,0.07179,0.03804,0.05920,0.06345
0.04059,0.03941,0.04300,0.04087,0.03429,0.04892,0.04708,0.03465,0.04772,0.05004,0.04224,0.06536,0.04115,0.04792,0.06617,0.04946,0.12441,0.03931,0.04619,0.05123
0.04445,0.04537,0.04454,0.04499,0.04128,0.04663,0.05315,0.04511,0.05306,0.04974,0.04468,0.04260,0.04536,0.04300,0.04869,0.04552,0.09924,0.04039,0.04786,0.07434
0.04437,0.06166,0.04459,0.05023,0.05181,0.04608,0.04282,0.04340,0.04516,0.04731,0.04734,0.04608,0.04458,0.04099,0.04375,0.04855,0.07097,0.04112,0.06242,0.07676
0.04474,0.04816,0.04507,0.04540,0.05053,0.04041,0.04283,0.04537,0.04329,0.04517,0.06004,0.06772,0.05263,0.04552,0.05192,0.04845,0.06011,0.04149,0.05578,0.06535
0.04176,0.04264,0.03784,0.03935,0.04464,0.04309,0.04190,0.04291,0.04380,0.03927,0.06217,0.05250,0.06563,0.06346,0.04151,0.06189,0.07630,0.04108,0.07196,0.04630
0.04301,0.04591,0.04071,0.04730,0.04264,0.04705,0.03861,0.05189,0.05577,0.05412,0.04360,0.04762,0.04847,0.04009,0.03934,0.05084,0.11561,0.04255,0.04540,0.05947
0.04477,0.05623,0.05468,0.05158,0.05453,0.04765,0.04202,0.04087,0.04616,0.04359,0.04842,0.04682,0.04374,0.04367,0.04004,0.04137,0.05518,0.04498,0.08984,0.06387
0.03684,0.04813,0.03729,0.04450,0.04212,0.04078,0.03884,0.04306,0.04419,0.05150,0.04695,0.05096,0.06124,0.04422,0.05348,0.04238,0.07194,0.04005,0.06994,0.09159
0.04073,0.06086,0.04240,0.04007,0.08508,0.04334,0.04115,0.04391,0.04383,0.05362,0.05400,0.04588,0.04269,0.03671,0.03941,0.05009,0.07773,0.03850,0.05155,0.06846
0.04540,0.05010,0.04668,0.04773,0.03841,0.05256,0.07789,0.04808,0.05156,0.05312,0.03998,0.04736,0.04628,0.04154,0.04272,0.04300,0.06566,0.03705,0.04656,0.07832
0.04635,0.05738,0.06209,0.04630,0.05328,0.04620,0.03977,0.04618,0.04923,0.04879,0.04850,0.04838,0.05117,0.04954,0.04717,0.04099,0.05599,0.04804,0.06212,0.05253
0.05041,0.04997,0.05974,0.04551,0.05363,0.05003,0.04851,0.04861,0.04690,0.04389,0.04915,0.04268,0.04673,0.04570,0.04313,0.04228,0.07660,0.03916,0.04270,0.07469
0.04292,0.04331,0.04934,0.04900,0.04552,0.04612,0.04280,0.04218,0.04827,0.05011,0.04484,0.05694,0.06983,0.05450,0.04199,0.04689,0.06015,0.05126,0.06337,0.05069
0.04284,0.04268,0.04310,0.04221,0.04378,0.05370,0.05378,0.04492,0.04469,0.06027,0.04689,0.04477,0.04696,0.04077,0.04338,0.04468,0.07076,0.04119,0.08113,0.06750
0.04517,0.04913,0.05173,0.04007,0.04427,0.04296,0.05893,0.06200,0.05522,0.04579,0.04595,0.04601,0.04923,0.04522,0.04408,0.05251,0.06707,0.04621,0.05194,0.05649
0.04418,0.05109,0.05642,0.04743,0.07295,0.04955,0.04430,0.04591,0.04740,0.04750,0.04085,0.04636,0.04251,0.04607,0.04714,0.05568,0.06540,0.03851,0.05553,0.05522
0.04208,0.04716,0.04104,0.04474,0.03842,0.04346,0.03936,0.04007,0.04308,0.05891,0.04456,0.06238,0.04402,0.04108,0.04872,0.04123,0.08151,0.04058,0.06569,0.09192
0.04714,0.04369,0.04580,0.04221,0.03631,0.04534,0.04498,0.04127,0.05237,0.04821,0.04657,0.05334,0.06350,0.05017,0.05354,0.04311,0.09864,0.04055,0.05415,0.04910
0.03856,0.03833,0.03343,0.05055,0.04340,0.04439,0.04297,0.04763,0.04157,0.04928,0.05243,0.07565,0.06003,0.03997,0.08054,0.05344,0.06031,0.03336,0.04723,0.06693
0.04600,0.05641,0.05374,0.05009,0.04901,0.04825,0.04449,0.04566,0.04455,0.04784,0.04843,0.04903,0.04680,0.04495,0.04886,0.04465,0.05463,0.04279,0.07430,0.05952
0.04224,0.04086,0.04345,0.04352,0.04449,0.05694,0.05456,0.05378,0.04557,0.05458,0.04534,0.05027,0.04825,0.05062,0.04269,0.05396,0.04872,0.04691,0.08534,0.04791
0.04265,0.04752,0.04366,0.04695,0.03948,0.05495,0.05802,0.04772,0.05258,0.05338,0.04011,0.04816,0.04459,0.04098,0.05119,0.05449,0.06247,0.03663,0.04208,0.09238
0.04881,0.05512,0.06334,0.04472,0.04546,0.04746,0.03858,0.04437,0.04413,0.04409,0.04385,0.04529,0.05241,0.04322,0.04019,0.04452,0.04940,0.05172,0.08638,0.06696
0.04578,0.04183,0.04281,0.04239,0.04074,0.03836,0.04636,0.04348,0.04305,0.06163,0.04714,0.04388,0.04669,0.03832,0.03959,0.04062,0.09899,0.03297,0.03996,0.12543
0.04708,0.03959,0.04646,0.04031,0.04159,0.04969,0.04242,0.03718,0.04341,0.04916,0.04212,0.05890,0.04939,0.03350,0.05359,0.04272,0.10445,0.04022,0.04767,0.09055
0.04260,0.05871,0.04709,0.05319,0.06424,0.04188,0.04435,0.04409,0.04483,0.04233,0.05681,0.04302,0.04199,0.03986,0.03776,0.04814,0.05014,0.03974,0.05894,0.10028
0.04007,0.07530,0.08337,0.04186,0.04931,0.04344,0.04101,0.04628,0.04674,0.04205,0.04465,0.04030,0.03947,0.04816,0.04961,0.04637,0.06182,0.04169,0.04942,0.06908
0.04387,0.05756,0.07495,0.08124,0.03826,0.04123,0.04368,0.04087,0.04743,0.04403,0.04057,0.04119,0.04012,0.04271,0.04806,0.04605,0.04790,0.05025,0.07561,0.05441
0.04585,0.04220,0.04035,0.05610,0.03617,0.04634,0.03717,0.03909,0.04411,0.04439,0.04482,0.05183,0.06514,0.04045,0.04925,0.04675,0.09581,0.03040,0.06596,0.07783
0.04229,0.04484,0.05029,0.04527,0.04025,0.04802,0.04251,0.04395,0.04591,0.03904,0.04161,0.04937,0.06563,0.05473,0.06789,0.05502,0.05837,0.04371,0.07529,0.04601
0.05101,0.05721,0.05356,0.05098,0.04396,0.04258,0.03918,0.04334,0.05275,0.04967,0.04411,0.03946,0.04405,0.03996,0.04316,0.05151,0.10780,0.04155,0.04133,0.06282
0.04811,0.04286,0.03691,0.04384,0.04123,0.04641,0.04397,0.04415,0.04888,0.05000,0.04686,0.06148,0.05466,0.04312,0.04593,0.04530,0.09973,0.04084,0.04680,0.06891
0.09120,0.04898,0.07360,0.04382,0.05215,0.05065,0.04827,0.04133,0.04589,0.04709,0.04264,0.04760,0.04700,0.04516,0.04524,0.04021,0.05542,0.04189,0.04561,0.04625
0.05033,0.04854,0.06799,0.04191,0.04072,0.04829,0.04579,0.04354,0.05052,0.04749,0.04583,0.04320,0.04873,0.04049,0.03649,0.04566,0.09327,0.04103,0.05677,0.06342
0.04624,0.04319,0.04425,0.03894,0.04275,0.06182,0.06769,0.05038,0.04928,0.06580,0.03903,0.04950,0.04581,0.03801,0.04435,0.04954,0.06872,0.04495,0.05082,0.05892
0.04557,0.05228,0.05419,0.04252,0.05924,0.04447,0.04011,0.04124,0.04935,0.04810,0.04751,0.04153,0.05543,0.04639,0.03657,0.04927,0.09300,0.05133,0.05029,0.05162
0.04098,0.04638,0.05150,0.04619,0.04494,0.04249,0.03993,0.04006,0.04539,0.04424,0.04552,0.04264,0.04993,0.03938,0.03888,0.04235,0.07075,0.03642,0.06602,0.12601
0.05823,0.04213,0.06004,0.04613,0.04522,0.04680,0.04848,0.04743,0.04495,0.04581,0.04434,0.04912,0.04984,0.04053,0.03909,0.05135,0.06845,0.04247,0.05247,0.07714
0.04312,0.04633,0.04485,0.04383,0.04246,0.04621,0.04199,0.03946,0.04618,0.04377,0.05243,0.04895,0.06119,0.04373,0.06679,0.04747,0.07001,0.03716,0.05874,0.07532
0.03559,0.04337,0.04589,0.05261,0.04153,0.04222,0.04503,0.04050,0.04370,0.04955,0.05246,0.04478,0.04922,0.04358,0.07767,0.04826,0.05504,0.04136,0.05615,0.09150
0.05261,0.06181,0.06654,0.05142,0.06233,0.04161,0.04581,0.04622,0.04653,0.04212,0.04802,0.04827,0.04249,0.04833,0.04484,0.04805,0.05558,0.04227,0.05349,0.05168
0.04742,0.04620,0.04057,0.04025,0.04311,0.06554,0.06118,0.06062,0.04677,0.06012,0.04179,0.05104,0.04099,0.04876,0.04452,0.04790,0.06571,0.04407,0.05520,0.04826
0.05140,0.05716,0.04198,0.04507,0.06603,0.04777,0.03790,0.04496,0.05059,0.04226,0.04625,0.04913,0.04700,0.03957,0.04150,0.05065,0.06957,0.03934,0.08438,0.04750
0.04406,0.04278,0.04300,0.04960,0.04865,0.04348,0.03833,0.04382,0.04369,0.03918,0.05218,0.06323,0.06999,0.04503,0.04951,0.04626,0.04790,0.04422,0.07561,0.06949
0.04462,0.05479,0.04727,0.05076,0.09124,0.04001,0.03728,0.04826,0.05107,0.05170,0.05802,0.04437,0.04011,0.04388,0.03854,0.05778,0.05854,0.03670,0.04885,0.05622
0.04692,0.04071,0.03964,0.04678,0.05368,0.04376,0.04347,0.04148,0.04149,0.04052,0.07062,0.07330,0.05785,0.04933,0.04573,0.04471,0.06328,0.04550,0.05485,0.05638
0.04231,0.04646,0.04209,0.04954,0.04458,0.04809,0.04762,0.06310,0.04530,0.05398,0.04533,0.04443,0.04149,0.04349,0.04169,0.04815,0.05109,0.04023,0.07698,0.08407
0.04895,0.04011,0.04567,0.04184,0.04734,0.04379,0.05249,0.06238,0.04643,0.04716,0.04277,0.05630,0.04778,0.04500,0.04025,0.05400,0.08082,0.04493,0.05354,0.05846
0.04402,0.03716,0.04910,0.04136,0.04644,0.04201,0.04426,0.04613,0.04892,0.04979,0.04561,0.05080,0.08743,0.04960,0.04791,0.04368,0.06383,0.04926,0.05227,0.06041
0.04065,0.05097,0.04241,0.05057,0.04066,0.04006,0.04025,0.04234,0.04897,0.04269,0.04427,0.04706,0.05847,0.05417,0.06450,0.04220,0.05198,0.04712,0.09451,0.05614
0.04435,0.04094,0.05074,0.04025,0.03927,0.07558,0.06410,0.03656,0.04918,0.05000,0.03604,0.04824,0.05207,0.04152,0.04352,0.04330,0.09116,0.04148,0.05170,0.06001
0.04300,0.05114,0.04441,0.05470,0.04378,0.04029,0.04446,0.04837,0.04572,0.04302,0.06493,0.06197,0.05360,0.04202,0.05014,0.04483,0.04917,0.04544,0.06105,0.06795
0.04136,0.04489,0.04307,0.04123,0.04472,0.05854,0.05442,0.04667,0.05715,0.04788,0.03891,0.05025,0.04319,0.04394,0.04117,0.05295,0.10241,0.03916,0.05414,0.05392
0.03994,0.04502,0.04266,0.04382,0.04130,0.04266,0.04308,0.04024,0.04403,0.04535,0.04529,0.05167,0.05901,0.04407,0.04785,0.04052,0.06177,0.03530,0.04976,0.13667
0.04055,0.04412,0.03995,0.04315,0.04894,0.04383,0.03863,0.04158,0.04378,0.04662,0.04731,0.06802,0.05167,0.04960,0.06178,0.04536,0.06521,0.04659,0.08432,0.04898
0.04588,0.04891,0.04378,0.05043,0.04981,0.04276,0.04218,0.04739,0.03987,0.04472,0.05146,0.05458,0.04207,0.05670,0.08608,0.05308,0.05189,0.04225,0.04679,0.05937
0.04294,0.04529,0.04426,0.05084,0.04113,0.05834,0.09810,0.05056,0.05419,0.04947,0.03705,0.04253,0.04315,0.04092,0.04194,0.04702,0.05400,0.04748,0.04453,0.06624
0.04012,0.04220,0.04354,0.04621,0.03987,0.04912,0.06509,0.04295,0.04471,0.04848,0.04005,0.03888,0.04489,0.03756,0.04223,0.04585,0.06292,0.03587,0.04845,0.14099
0.04318,0.04844,0.04737,0.04769,0.04288,0.07388,0.06120,0.04977,0.04952,0.05508,0.03829,0.04805,0.03905,0.04398,0.04523,0.04546,0.05573,0.04556,0.06757,0.05206
0.04567,0.05438,0.07644,0.04354,0.04599,0.04485,0.04556,0.04147,0.05249,0.04390,0.03928,0.04165,0.05029,0.04797,0.03716,0.04544,0.08400,0.04236,0.05865,0.05890
0.04959,0.03812,0.04462,0.04015,0.04054,0.04196,0.04176,0.04152,0.04793,0.04334,0.04528,0.06343,0.09510,0.04776,0.03989,0.04800,0.08245,0.04300,0.05046,0.05510
0.04281,0.05072,0.04421,0.04480,0.04166,0.04805,0.04674,0.04118,0.04594,0.04454,0.04494,0.05533,0.05529,0.04718,0.05301,0.04626,0.07672,0.04063,0.06396,0.06603
0.04200,0.04065,0.04258,0.04691,0.04228,0.05685,0.07498,0.04699,0.05010,0.05259,0.04676,0.05397,0.05234,0.05036,0.04528,0.05414,0.06719,0.04194,0.04572,0.04636
0.04919,0.04736,0.04018,0.04051,0.04613,0.06748,0.05134,0.04943,0.04997,0.05257,0.04588,0.05189,0.04187,0.04532,0.04396,0.04061,0.06737,0.04206,0.06404,0.06284
0.04768,0.04730,0.04673,0.04243,0.04189,0.05212,0.04760,0.05277,0.04823,0.06492,0.04439,0.04295,0.03946,0.03814,0.04798,0.05941,0.06787,0.04835,0.04471,0.07507
0.04278,0.04612,0.04015,0.04683,0.04278,0.05233,0.05117,0.05499,0.04811,0.04691,0.04243,0.04537,0.04741,0.03799,0.04404,0.04800,0.06750,0.03732,0.04935,0.10842
0.04354,0.05278,0.06603,0.04569,0.04320,0.04743,0.04984,0.04394,0.04543,0.05127,0.04324,0.04386,0.04172,0.04746,0.04545,0.04785,0.07848,0.04021,0.05060,0.07199
0.04650,0.04411,0.04122,0.04438,0.04605,0.05453,0.05604,0.04975,0.04755,0.04769,0.04254,0.04844,0.04262,0.03924,0.05127,0.04717,0.08206,0.03840,0.05043,0.08004
0.04711,0.05879,0.04947,0.05018,0.05397,0.04334,0.04142,0.04371,0.05249,0.04251,0.04403,0.04944,0.04386,0.04792,0.04413,0.04810,0.06691,0.03847,0.07389,0.06026
0.04503,0.04286,0.05335,0.04146,0.04824,0.04509,0.04587,0.04907,0.04261,0.04369,0.04580,0.04888,0.07210,0.05347,0.05506,0.04826,0.06316,0.04553,0.05189,0.05859
0.03953,0.03838,0.04760,0.03959,0.04130,0.05013,0.05695,0.04217,0.04562,0.05491,0.03966,0.03961,0.04661,0.03692,0.04145,0.04501,0.13801,0.03910,0.04234,0.07511
0.04148,0.04921,0.04793,0.04852,0.04285,0.05121,0.05951,0.05501,0.05244,0.06078,0.04573,0.04621,0.04898,0.04810,0.04531,0.05132,0.05148,0.04635,0.04848,0.05909
