0.13678,0.24064,0.17760,0.44498
0.15212,0.14404,0.29228,0.41156
0.30662,0.09867,0.20851,0.38620
0.14996,0.24359,0.17547,0.43098
0.29963,0.27090,0.19337,0.23610
0.08864,0.29248,0.32729,0.29160
0.16525,0.14915,0.25376,0.43185
0.19518,0.11677,0.30416,0.38389
0.34473,0.35153,0.13275,0.17099
0.37971,0.05778,0.41317,0.14935
0.26339,0.35007,0.10501,0.28153
0.20177,0.21078,0.22183,0.36563
0.15962,0.33031,0.20585,0.30422
0.20514,0.18640,0.25517,0.35328
0.05158,0.21320,0.22152,0.51371
0.05366,0.35089,0.38174,0.21371
0.22740,0.26250,0.17348,0.33662
0.22094,0.10058,0.25860,0.41988
0.34183,0.19840,0.26574,0.19402
0.30838,0.22263,0.22857,0.24042
0.18877,0.29997,0.24004,0.27122
0.30621,0.34607,0.13939,0.20833
0.14654,0.32072,0.12019,0.41255
0.32238,0.36410,0.09094,0.22258
0.34530,0.34221,0.13724,0.17525
0.22071,0.19295,0.20329,0.38305
0.35568,0.14084,0.31791,0.18556
0.19156,0.13415,0.32946,0.34483
0.26462,0.28442,0.21530,0.23566
0.13160,0.22527,0.21467,0.42846
0.13027,0.09497,0.34232,0.43244
0.33445,0.36641,0.11502,0.18412
0.12887,0.15551,0.31607,0.39954
0.17903,0.21106,0.19366,0.41624
0.18878,0.19234,0.21545,0.40343
0.33643,0.08967,0.36654,0.20736
0.25271,0.08367,0.36715,0.29647
0.23265,0.09467,0.34923,0.32345
0.30971,0.25794,0.22010,0.21225
0.17495,0.20356,0.21771,0.40378
0.19645,0.21115,0.22597,0.36643
0.24456,0.28902,0.18268,0.28374
0.33278,0.20102,0.27448,0.19171
0.13849,0.12311,0.30618,0.43223
0.18122,0.13754,0.23442,0.44682
0.14573,0.19076,0.25143,0.41207
0.15676,0.23110,0.19491,0.41723
0.20799,0.13850,0.30066,0.35284
0.15154,0.08407,0.34453,0.41987
0.19022,0.20266,0.22986,0.37726
0.26647,0.22194,0.19190,0.31969
0.10783,0.20802,0.25700,0.42715
0.08860,0.08045,0.39157,0.43938
0.21128,0.23713,0.20792,0.34366
0.26266,0.08400,0.19598,0.45736
0.17659,0.24879,0.22697,0.34765
0.19549,0.17853,0.25824,0.36773
0.13947,0.23727,0.17686,0.44641
0.25657,0.24410,0.20968,0.28965
0.31558,0.32429,0.13868,0.22146
0.18321,0.09138,0.35671,0.36871
0.25400,0.18630,0.34519,0.21451
0.18102,0.20701,0.27036,0.34161
0.26129,0.17661,0.26679,0.29531
0.16053,0.26465,0.15134,0.42347
0.29694,0.33272,0.14975,0.22060
0.11505,0.19773,0.20933,0.47789
0.26851,0.19371,0.25241,0.28537
0.28150,0.14464,0.30038,0.27349
0.27881,0.10681,0.33148,0.28290
0.21826,0.22901,0.19725,0.35548
0.18728,0.25867,0.15383,0.40023
0.28901,0.15044,0.10906,0.45149
0.20615,0.27356,0.16441,0.35588
0.25506,0.12542,0.29679,0.32273
0.26389,0.17721,0.26603,0.29286
0.18084,0.24882,0.17087,0.39947
0.10686,0.21069,0.21795,0.46450
0.34202,0.25410,0.23487,0.16901
0.17997,0.19864,0.22887,0.39251
0.29304,0.13968,0.31678,0.25050
0.21499,0.06064,0.20772,0.51666
0.16988,0.09549,0.21973,0.51490
0.16811,0.16673,0.27030,0.39486
0.10092,0.08093,0.38067,0.43749
0.24768,0.15324,0.29637,0.30271
0.17011,0.15461,0.27733,0.39796
0.29473,0.28222,0.19235,0.23070
0.18390,0.20377,0.22822,0.38412
0.31976,0.26287,0.13794,0.27943
0.21585,0.25430,0.17467,0.35519
0.32314,0.25996,0.21362,0.20327
0.16879,0.32854,0.27752,0.22515
0.41197,0.04094,0.42558,0.12150
0.36873,0.41067,0.08282,0.13778
0.23799,0.18153,0.27904,0.30144
0.22030,0.11570,0.23530,0.42870
0.26382,0.23796,0.21011,0.28811
0.31481,0.09467,0.35005,0.24047
0.14300,0.28887,0.12833,0.43980
0.16482,0.22158,0.18949,0.42411
0.06746,0.26550,0.15113,0.51591
0.12716,0.25446,0.31161,0.30676
0.22775,0.22788,0.21285,0.33152
0.12073,0.29310,0.11323,0.47294
0.28546,0.26499,0.21182,0.23772
0.21714,0.21003,0.23175,0.34107
0.26304,0.10080,0.34132,0.29484
0.39872,0.09658,0.38630,0.11839
0.30829,0.14548,0.31607,0.23016
0.15707,0.23923,0.17828,0.42542
0.25936,0.23810,0.20886,0.29368
0.23748,0.06511,0.39310,0.30431
0.28031,0.21819,0.22984,0.27166
0.10398,0.25605,0.17436,0.46561
0.25552,0.21767,0.22386,0.30295
0.15345,0.16330,0.29634,0.38691
0.24316,0.21609,0.27037,0.27038
0.27357,0.18568,0.17451,0.36623
0.36651,0.22925,0.24047,0.16378
0.13161,0.10674,0.31348,0.44817
0.13499,0.14214,0.31277,0.41010
0.24428,0.17383,0.26821,0.31369
0.28215,0.26985,0.19850,0.24950
0.20952,0.33313,0.22832,0.22902
0.31499,0.22394,0.18129,0.27978
0.20648,0.16997,0.28623,0.33731
0.24103,0.18917,0.26634,0.30345
0.19508,0.24353,0.19156,0.36982
0.28198,0.12638,0.18545,0.40619
0.33707,0.21154,0.26643,0.18495
0.19668,0.23325,0.18095,0.38912
0.19645,0.13661,0.33666,0.33028
0.38799,0.04922,0.41268,0.15011
0.24149,0.18870,0.25185,0.31796
0.16138,0.15550,0.27962,0.40349
0.24624,0.07808,0.21721,0.45847
0.28406,0.12582,0.32352,0.26660
0.32274,0.28951,0.19208,0.19567
0.37004,0.06743,0.39956,0.16297
0.17235,0.21704,0.21626,0.39435
0.11345,0.19640,0.22305,0.46710
0.21149,0.26056,0.17584,0.35211
0.21366,0.11609,0.31658,0.35367
0.14806,0.14698,0.29597,0.40899
0.22510,0.23937,0.20628,0.32925
0.27552,0.20826,0.24654,0.26968
0.32702,0.28699,0.18889,0.19710
0.15015,0.18535,0.24236,0.42214
0.23406,0.25842,0.20772,0.29980
0.19428,0.15750,0.28739,0.36083
0.35043,0.30036,0.16520,0.18401
0.17257,0.25690,0.27728,0.29325
0.18861,0.20759,0.21554,0.38826
0.16551,0.15179,0.28822,0.39449
0.21243,0.22079,0.22504,0.34173
0.31728,0.24777,0.22980,0.20515
0.27247,0.17687,0.26754,0.28312
0.38623,0.35381,0.14431,0.11566
0.05108,0.16076,0.30521,0.48295
0.05992,0.07967,0.38344,0.47697
0.14202,0.12057,0.33797,0.39945
0.22146,0.14023,0.21806,0.42025
0.26079,0.17880,0.26873,0.29168
0.29386,0.16391,0.18403,0.35819
0.20073,0.32063,0.22249,0.25614
0.35258,0.21882,0.25084,0.17777
0.14761,0.30994,0.30675,0.23571
0.18178,0.27041,0.23273,0.31508
0.11747,0.30811,0.12006,0.45436
0.13138,0.19916,0.21478,0.45468
0.23156,0.07405,0.20942,0.48497
0.24801,0.27478,0.18263,0.29458
0.30761,0.10140,0.34286,0.24813
0.25377,0.28344,0.18601,0.27678
0.27794,0.33555,0.12759,0.25893
0.23739,0.20365,0.24967,0.30928
0.26127,0.15123,0.29784,0.28966
0.10100,0.31196,0.11553,0.47151
0.06981,0.07115,0.40478,0.45426
0.22899,0.08177,0.36659,0.32265
0.20609,0.18542,0.23142,0.37706
0.09128,0.32067,0.37096,0.21709
0.19236,0.31129,0.12155,0.37479
0.12001,0.25522,0.18482,0.43995
0.25249,0.07274,0.15398,0.52079
0.16780,0.29344,0.11681,0.42195
0.21932,0.34596,0.15581,0.27891
0.18060,0.27818,0.15358,0.38764
0.16899,0.15265,0.28266,0.39570
0.32403,0.42446,0.06031,0.19120
0.21743,0.30641,0.13399,0.34217
0.17337,0.23480,0.21345,0.37838
0.15820,0.22553,0.19141,0.42487
0.31940,0.32327,0.15529,0.20203
0.11244,0.16114,0.27224,0.45418
0.14337,0.24319,0.29046,0.32298
0.26273,0.24436,0.19805,0.29486
0.12003,0.16926,0.24038,0.47034
0.24525,0.09270,0.25518,0.40687
0.17273,0.29733,0.12374,0.40621
0.17042,0.17377,0.24285,0.41296
0.13947,0.26092,0.18415,0.41545
0.16959,0.11418,0.31194,0.40429
0.26752,0.23455,0.16731,0.33062
0.35550,0.12389,0.11239,0.40822
0.32712,0.14593,0.32369,0.20327
0.37336,0.22535,0.26464,0.13666
0.25008,0.32177,0.13611,0.29205
0.29279,0.28200,0.18849,0.23672
0.24043,0.27213,0.19527,0.29217
0.20506,0.22634,0.23013,0.33847
0.33765,0.28781,0.18403,0.19051
0.21484,0.17261,0.32606,0.28649
0.23364,0.14022,0.29345,0.33270
0.37501,0.34177,0.14338,0.13984
0.21515,0.20758,0.23206,0.34521
0.21096,0.26884,0.23329,0.28690
0.12117,0.12714,0.32204,0.42964
0.33603,0.29998,0.18004,0.18395
0.16381,0.17605,0.25216,0.40798
0.24198,0.16890,0.27465,0.31447
0.25463,0.25638,0.19913,0.28985
0.27725,0.14538,0.29701,0.28036
0.13772,0.24409,0.30078,0.31740
0.13706,0.19084,0.32482,0.34728
0.30667,0.32750,0.13987,0.22595
0.18143,0.27501,0.14555,0.39801
0.32955,0.12723,0.33093,0.21229
0.17312,0.05242,0.28201,0.49244
0.12882,0.25538,0.17270,0.44310
0.09811,0.22039,0.20869,0.47281
0.28176,0.11396,0.33659,0.26770
0.24652,0.25751,0.22707,0.26889
0.05285,0.30220,0.36728,0.27767
0.13947,0.24483,0.19875,0.41695
0.31330,0.27203,0.13487,0.27980
0.19090,0.13694,0.29941,0.37274
0.19466,0.18533,0.23949,0.38053
0.16834,0.21340,0.21139,0.40687
0.18340,0.09980,0.27334,0.44346
0.23961,0.18098,0.22387,0.35555
0.28825,0.17822,0.28473,0.24880
0.14561,0.21158,0.23612,0.40670
0.25693,0.13461,0.32322,0.28523
0.13436,0.07238,0.34875,0.44451
0.31786,0.22651,0.25202,0.20361
0.17976,0.11862,0.31684,0.38478
0.17637,0.22251,0.19838,0.40275
0.26345,0.13370,0.29857,0.30428
0.09564,0.30072,0.13294,0.47070
0.12734,0.20885,0.21155,0.45227
0.34461,0.27429,0.20398,0.17711
0.23927,0.21254,0.23651,0.31169
0.07351,0.11018,0.33748,0.47883
0.09008,0.10819,0.34905,0.45268
0.23315,0.17430,0.25417,0.33838
0.29512,0.30356,0.16919,0.23213
0.11997,0.10306,0.34051,0.43647
0.09294,0.26030,0.14211,0.50465
0.20474,0.14982,0.21216,0.43328
0.31484,0.30003,0.16598,0.21915
0.33264,0.39449,0.09517,0.17771
0.23567,0.28791,0.16542,0.31100
0.30992,0.08391,0.36738,0.23879
0.30292,0.13774,0.32306,0.23628
0.21017,0.21941,0.33780,0.23262
0.23961,0.15555,0.30529,0.29955
0.20781,0.18246,0.25681,0.35292
0.23321,0.18156,0.31402,0.27121
0.17845,0.18746,0.21717,0.41692
0.19068,0.26570,0.18295,0.36067
0.09819,0.24897,0.16859,0.48425
0.37147,0.34279,0.15627,0.12947
0.09455,0.10253,0.34777,0.45515
0.16859,0.29159,0.25284,0.28698
0.30864,0.17527,0.16853,0.34756
0.09620,0.29592,0.35272,0.25517
0.25124,0.24413,0.21487,0.28976
0.29849,0.34777,0.12190,0.23184
0.19841,0.20547,0.23729,0.35884
0.18601,0.29811,0.13721,0.37867
0.06932,0.19156,0.26781,0.47130
0.12320,0.24189,0.18679,0.44811
0.28867,0.36075,0.18586,0.16472
0.15963,0.22914,0.18793,0.42330
0.18254,0.22561,0.21149,0.38035
0.08008,0.25721,0.15114,0.51157
0.10661,0.28569,0.13718,0.47053
0.17708,0.17148,0.30708,0.34436
0.16757,0.22213,0.19659,0.41371
0.35145,0.07092,0.38912,0.18851
0.22337,0.24131,0.20596,0.32936
0.29416,0.20619,0.24453,0.25512
0.07677,0.20908,0.22562,0.48853
0.17847,0.09038,0.35409,0.37706
0.18126,0.27275,0.14080,0.40519
0.18947,0.29002,0.15625,0.36425
0.14917,0.26503,0.16374,0.42207
0.21010,0.32967,0.24649,0.21374
