0.03094,0.13967,0.02062,0.01585,0.02298,0.02116,0.01547,0.12911,0.01967,0.02088,0.11265,0.05588,0.10921,0.05621,0.12630,0.02009,0.01984,0.01600,0.02637,0.02110
0.03266,0.19055,0.01842,0.01629,0.02093,0.02353,0.01494,0.18223,0.01598,0.01943,0.09486,0.04430,0.09021,0.04934,0.08805,0.01323,0.03031,0.01637,0.02026,0.01812
0.02446,0.19955,0.01587,0.01150,0.01678,0.01578,0.01296,0.19712,0.01464,0.01580,0.10291,0.04920,0.08223,0.05624,0.11651,0.01339,0.00998,0.01166,0.01825,0.01517
0.03550,0.15006,0.02221,0.01697,0.02243,0.02601,0.01770,0.14559,0.01938,0.02348,0.10289,0.05613,0.09470,0.05881,0.09835,0.01752,0.02319,0.01961,0.02559,0.02389
0.02966,0.14867,0.02044,0.01521,0.02105,0.02308,0.01595,0.13004,0.01913,0.01887,0.11656,0.04654,0.14255,0.04530,0.11206,0.01390,0.02339,0.01626,0.02145,0.01988
0.02812,0.14881,0.01863,0.01358,0.02000,0.02026,0.01399,0.14451,0.01692,0.01638,0.11611,0.06380,0.07031,0.08132,0.12739,0.02035,0.01786,0.01634,0.02167,0.02366
0.03599,0.12756,0.02180,0.01897,0.02587,0.02611,0.01698,0.11938,0.02285,0.02304,0.11950,0.05589,0.10345,0.06147,0.11345,0.01766,0.02220,0.01917,0.02744,0.02121
0.03261,0.15633,0.02199,0.01735,0.02139,0.02517,0.01703,0.15743,0.01840,0.01830,0.10444,0.05309,0.10757,0.04816,0.09878,0.01604,0.02614,0.01627,0.02360,0.01990
0.03144,0.13832,0.02294,0.01725,0.02457,0.02281,0.01692,0.12110,0.02061,0.02160,0.11805,0.05822,0.09716,0.06538,0.12641,0.01732,0.01333,0.01920,0.02451,0.02284
0.02997,0.10865,0.02062,0.01575,0.02127,0.02408,0.01590,0.10546,0.01784,0.02011,0.13174,0.05684,0.13062,0.05963,0.14379,0.01604,0.01631,0.01840,0.02540,0.02158
0.04291,0.15941,0.02513,0.02012,0.02852,0.02944,0.02003,0.15357,0.02114,0.02434,0.08982,0.05024,0.08564,0.05099,0.09188,0.01766,0.02440,0.01706,0.02402,0.02369
0.02777,0.11130,0.01951,0.01354,0.01911,0.02180,0.01444,0.10603,0.01562,0.01576,0.11989,0.06715,0.13250,0.07805,0.14996,0.01634,0.01514,0.01223,0.02296,0.02091
0.02729,0.14531,0.01953,0.01347,0.02053,0.02243,0.01427,0.13518,0.01628,0.01968,0.11248,0.05450,0.13848,0.05537,0.11271,0.01345,0.02023,0.01473,0.02312,0.02096
0.03164,0.17375,0.01782,0.01516,0.02195,0.02138,0.01376,0.17267,0.01595,0.01856,0.10851,0.04762,0.10742,0.04961,0.10397,0.01293,0.01474,0.01478,0.02012,0.01766
0.03178,0.13987,0.01991,0.01708,0.02059,0.02392,0.01436,0.13352,0.01537,0.01785,0.11773,0.06112,0.10676,0.06679,0.12187,0.01773,0.01396,0.01620,0.02317,0.02042
0.03388,0.23875,0.02062,0.01758,0.02165,0.02461,0.01571,0.21834,0.01829,0.02091,0.07684,0.03533,0.06332,0.03863,0.07416,0.01293,0.01876,0.01385,0.01906,0.01679
0.03276,0.13638,0.02243,0.01801,0.02478,0.02643,0.01712,0.13508,0.01912,0.02221,0.10616,0.05889,0.10548,0.06293,0.11447,0.01791,0.01351,0.01865,0.02583,0.02186
0.03687,0.13705,0.02319,0.01770,0.02548,0.02702,0.01780,0.12728,0.02013,0.02479,0.11589,0.06066,0.08449,0.06024,0.12356,0.01938,0.01321,0.01744,0.02511,0.02270
0.03033,0.13205,0.01987,0.01535,0.02302,0.02330,0.01541,0.13654,0.01729,0.02016,0.12478,0.05460,0.11212,0.06149,0.11922,0.01581,0.01646,0.01636,0.02546,0.02038
0.03172,0.10659,0.02012,0.01523,0.02183,0.02135,0.01628,0.11808,0.01606,0.01840,0.11753,0.05704,0.13429,0.06473,0.12621,0.01780,0.04070,0.01660,0.02142,0.01802
0.03320,0.12982,0.01980,0.01630,0.02449,0.02268,0.01704,0.12430,0.01832,0.02064,0.11556,0.06018,0.10977,0.06739,0.12064,0.01839,0.01913,0.01657,0.02442,0.02137
0.02960,0.11408,0.01987,0.01514,0.02218,0.02285,0.01529,0.11183,0.01724,0.01925,0.13076,0.05541,0.14210,0.05571,0.13710,0.01510,0.01749,0.01668,0.02308,0.01925
0.03172,0.15213,0.02041,0.01748,0.02333,0.02689,0.01907,0.14907,0.01878,0.02042,0.10254,0.05056,0.09909,0.06070,0.10795,0.01637,0.02021,0.01682,0.02463,0.02185
0.03370,0.16012,0.02348,0.01742,0.02256,0.02466,0.01771,0.15726,0.02023,0.02049,0.09995,0.05081,0.10417,0.04769,0.09981,0.01628,0.01834,0.01726,0.02598,0.02207
0.02895,0.12689,0.01726,0.01513,0.01945,0.01978,0.01417,0.11629,0.01624,0.01903,0.12644,0.05914,0.12184,0.06205,0.15103,0.01579,0.01890,0.01318,0.02134,0.01710
0.02832,0.12976,0.01696,0.01415,0.01831,0.01995,0.01377,0.12168,0.01557,0.01883,0.13417,0.05260,0.14147,0.05230,0.12247,0.01432,0.02887,0.01475,0.02328,0.01846
0.02455,0.21220,0.01580,0.01142,0.01830,0.01783,0.01259,0.20604,0.01358,0.01590,0.10699,0.04848,0.06338,0.05469,0.10224,0.01298,0.01114,0.01299,0.01964,0.01927
0.03123,0.15016,0.02084,0.01838,0.02234,0.02391,0.01572,0.15897,0.01887,0.02014,0.11944,0.04920,0.10221,0.05100,0.11055,0.01413,0.01499,0.01417,0.02446,0.01930
0.02168,0.14793,0.01415,0.01049,0.01586,0.01505,0.00996,0.15587,0.01217,0.01534,0.14438,0.04374,0.14499,0.04287,0.13054,0.01152,0.01621,0.01279,0.01728,0.01718
0.02431,0.19857,0.01533,0.01162,0.01584,0.01749,0.01139,0.20562,0.01185,0.01438,0.10916,0.04811,0.08379,0.05454,0.10533,0.01159,0.01357,0.01171,0.01893,0.01686
0.03464,0.14581,0.02031,0.01760,0.02359,0.02492,0.01778,0.14252,0.01841,0.01986,0.10363,0.05374,0.11722,0.05453,0.11059,0.01691,0.01521,0.01668,0.02408,0.02196
0.02371,0.18779,0.01470,0.01295,0.01580,0.01761,0.01225,0.18696,0.01317,0.01429,0.11133,0.04829,0.10252,0.05606,0.10066,0.01424,0.01917,0.01371,0.01905,0.01574
0.02954,0.11747,0.01837,0.01386,0.01857,0.01866,0.01381,0.10837,0.01545,0.01806,0.14323,0.05425,0.14975,0.05496,0.14366,0.01467,0.01330,0.01375,0.02149,0.01878
0.02741,0.11199,0.01644,0.01269,0.01989,0.01920,0.01371,0.11906,0.01397,0.01688,0.13580,0.06203,0.12957,0.07147,0.14423,0.01392,0.01540,0.01517,0.02336,0.01782
0.03000,0.16501,0.02033,0.01477,0.02114,0.02208,0.01682,0.14825,0.01821,0.02166,0.11852,0.05382,0.07981,0.05639,0.12285,0.01506,0.01449,0.01704,0.02281,0.02092
0.03403,0.13359,0.02564,0.01917,0.02663,0.02677,0.01849,0.13634,0.01992,0.02271,0.11247,0.05521,0.08411,0.05990,0.11668,0.01705,0.02028,0.01997,0.02686,0.02418
0.02928,0.17798,0.01945,0.01520,0.02318,0.02384,0.01516,0.18653,0.01767,0.02029,0.07873,0.04743,0.11482,0.04923,0.08619,0.01499,0.02418,0.01345,0.02331,0.01909
0.03176,0.19231,0.02078,0.01505,0.02300,0.02394,0.01525,0.17047,0.01870,0.02095,0.09669,0.04654,0.09107,0.04976,0.10032,0.01356,0.01089,0.01502,0.02397,0.01996
0.02707,0.18870,0.01500,0.01386,0.01856,0.01811,0.01289,0.18007,0.01505,0.01717,0.12920,0.04122,0.09463,0.04484,0.11097,0.01196,0.01313,0.01334,0.01709,0.01713
0.02788,0.16442,0.01747,0.01452,0.01836,0.01881,0.01418,0.15772,0.01479,0.01604,0.11419,0.04940,0.12652,0.05352,0.11490,0.01297,0.01570,0.01210,0.02004,0.01647
0.03427,0.12371,0.02066,0.01691,0.02515,0.02358,0.01601,0.11657,0.01810,0.02101,0.12951,0.05303,0.12104,0.05141,0.12860,0.01600,0.01844,0.01720,0.02714,0.02167
0.03199,0.14459,0.02098,0.01663,0.02139,0.02769,0.01759,0.13039,0.01648,0.02288,0.10477,0.05843,0.11478,0.06511,0.11492,0.01705,0.01448,0.01702,0.02366,0.01918
0.03014,0.14010,0.02210,0.01695,0.02592,0.02446,0.01761,0.14161,0.01773,0.02049,0.10426,0.05475,0.11571,0.05705,0.11095,0.01745,0.01926,0.01743,0.02442,0.02162
0.03363,0.17515,0.01829,0.01542,0.02361,0.02249,0.01460,0.17224,0.01740,0.01972,0.10073,0.04834,0.09658,0.04909,0.10268,0.01611,0.01940,0.01565,0.02146,0.01741
0.03537,0.17503,0.02253,0.01863,0.02285,0.02387,0.01576,0.15363,0.01891,0.02241,0.09151,0.04773,0.11540,0.05334,0.09653,0.01443,0.01644,0.01505,0.02240,0.01818
0.02957,0.17434,0.01949,0.01471,0.02124,0.02121,0.01597,0.15196,0.01822,0.01872,0.10621,0.05220,0.09904,0.05579,0.11096,0.01728,0.01343,0.01669,0.02413,0.01885
0.02868,0.13342,0.01971,0.01569,0.02087,0.02179,0.01464,0.12233,0.01778,0.01823,0.12528,0.06369,0.09334,0.07598,0.13757,0.01748,0.00889,0.01647,0.02675,0.02141
0.03201,0.12065,0.02173,0.01638,0.02123,0.02464,0.01725,0.11984,0.01651,0.02020,0.13000,0.05774,0.12680,0.05763,0.12574,0.01779,0.01265,0.01690,0.02446,0.01985
0.03486,0.15357,0.02184,0.01666,0.02385,0.02442,0.01629,0.13339,0.01986,0.02226,0.11324,0.05169,0.10188,0.05402,0.10851,0.01625,0.02112,0.01806,0.02385,0.02436
0.02483,0.11957,0.01745,0.01311,0.01663,0.01937,0.01278,0.11815,0.01524,0.01473,0.12998,0.06303,0.15794,0.06379,0.13247,0.01373,0.01279,0.01354,0.02227,0.01861
0.02764,0.12774,0.01664,0.01454,0.02081,0.02026,0.01439,0.12760,0.01415,0.01988,0.12629,0.06651,0.09132,0.07747,0.15605,0.01495,0.00870,0.01678,0.01983,0.01845
0.03443,0.13850,0.02155,0.01863,0.02611,0.02600,0.01698,0.12106,0.01992,0.02329,0.11612,0.06139,0.08149,0.06440,0.12612,0.01885,0.01594,0.01883,0.02715,0.02324
0.02858,0.17135,0.01846,0.01293,0.01864,0.02149,0.01687,0.16621,0.01698,0.01808,0.10688,0.04992,0.11123,0.05215,0.10483,0.01318,0.01844,0.01444,0.02022,0.01912
0.02758,0.18447,0.01725,0.01536,0.02063,0.02122,0.01292,0.17583,0.01363,0.01674,0.10389,0.04742,0.08989,0.05704,0.12033,0.01359,0.01157,0.01375,0.01856,0.01833
0.03119,0.12196,0.01947,0.01647,0.02245,0.02462,0.01590,0.11508,0.01871,0.01990,0.12354,0.06631,0.10650,0.07738,0.12652,0.01692,0.01113,0.01855,0.02660,0.02079
0.03371,0.16285,0.02277,0.01674,0.02258,0.02500,0.01682,0.14899,0.01874,0.02056,0.09587,0.05136,0.10420,0.06027,0.10153,0.01708,0.02213,0.01558,0.02266,0.02056
0.03124,0.15068,0.02037,0.01346,0.02142,0.02257,0.01700,0.14562,0.01752,0.01831,0.11112,0.06036,0.08433,0.07271,0.12701,0.01833,0.01207,0.01373,0.02192,0.02022
0.02898,0.18830,0.01834,0.01255,0.02076,0.02101,0.01449,0.16525,0.01633,0.01973,0.10780,0.04813,0.08230,0.05056,0.12451,0.01410,0.01444,0.01298,0.02118,0.01826
0.03470,0.11446,0.02105,0.01705,0.02372,0.02453,0.01852,0.11713,0.01720,0.02100,0.12457,0.06337,0.10453,0.06488,0.12545,0.01787,0.02007,0.01917,0.02818,0.02255
0.02898,0.16372,0.01922,0.01494,0.02039,0.02325,0.01593,0.15273,0.01581,0.01916,0.10948,0.05447,0.10093,0.05706,0.11642,0.01605,0.01234,0.01613,0.02392,0.01906
0.03591,0.12786,0.02129,0.01973,0.02546,0.02598,0.01904,0.12257,0.01943,0.02337,0.10819,0.05619,0.10979,0.06092,0.11890,0.01773,0.02007,0.01854,0.02663,0.02240
0.03395,0.11256,0.02257,0.01697,0.02379,0.02320,0.01815,0.11307,0.01994,0.02131,0.12478,0.05785,0.11246,0.06554,0.12384,0.01956,0.02200,0.01801,0.02767,0.02278
0.02851,0.12055,0.01931,0.01590,0.02061,0.02248,0.01411,0.11378,0.01595,0.01716,0.12401,0.06361,0.12161,0.06957,0.14998,0.01609,0.00838,0.01519,0.02370,0.01952
0.02911,0.14423,0.01974,0.01442,0.02089,0.02038,0.01360,0.13842,0.01594,0.01865,0.12375,0.04811,0.12962,0.05140,0.12833,0.01379,0.01374,0.01425,0.02343,0.01821
0.03007,0.11434,0.02070,0.01676,0.02305,0.02471,0.01608,0.11230,0.01669,0.01961,0.13817,0.05653,0.11988,0.06116,0.13470,0.01689,0.01859,0.01635,0.02364,0.01976
0.03038,0.10667,0.02185,0.01702,0.02299,0.02374,0.01651,0.10090,0.01679,0.01969,0.12443,0.05624,0.13461,0.06118,0.12778,0.01984,0.03312,0.01815,0.02582,0.02230
0.03219,0.12581,0.02001,0.01700,0.02413,0.02488,0.01684,0.12384,0.01760,0.02153,0.12522,0.05110,0.11287,0.05638,0.12555,0.01603,0.02074,0.01778,0.02764,0.02285
0.03324,0.18221,0.02142,0.01586,0.01980,0.02044,0.01622,0.18022,0.01684,0.01930,0.09634,0.05545,0.08476,0.05771,0.09373,0.01590,0.01326,0.01507,0.02257,0.01967
0.03145,0.15017,0.01928,0.01675,0.02105,0.02574,0.01660,0.14476,0.01858,0.02141,0.12092,0.05528,0.08041,0.06270,0.12717,0.01581,0.01445,0.01522,0.02170,0.02055
0.03060,0.16834,0.01798,0.01405,0.01829,0.01986,0.01460,0.15441,0.01508,0.01878,0.11905,0.04294,0.10475,0.04698,0.10324,0.01526,0.04334,0.01367,0.01934,0.01944
0.02926,0.13398,0.01968,0.01474,0.01874,0.02235,0.01519,0.12291,0.01526,0.01925,0.11752,0.06713,0.10528,0.08178,0.12738,0.01686,0.01154,0.01574,0.02423,0.02119
0.03322,0.16750,0.01953,0.01741,0.02261,0.02951,0.01784,0.15500,0.01889,0.02131,0.09334,0.05900,0.09424,0.06332,0.09365,0.01672,0.01284,0.01704,0.02573,0.02131
0.02781,0.15375,0.01869,0.01450,0.02038,0.02248,0.01324,0.15810,0.01659,0.01883,0.11295,0.05307,0.11058,0.06067,0.11594,0.01585,0.01095,0.01472,0.02377,0.01712
0.03879,0.15966,0.02712,0.02134,0.02754,0.02905,0.02099,0.15423,0.02303,0.02399,0.09499,0.05319,0.06770,0.05740,0.09488,0.01853,0.01737,0.02036,0.02444,0.02540
0.02951,0.13377,0.01926,0.01468,0.02220,0.02004,0.01557,0.12789,0.01635,0.01897,0.12645,0.05458,0.11233,0.06093,0.12892,0.01579,0.02401,0.01452,0.02373,0.02052
0.02949,0.16380,0.01760,0.01616,0.01949,0.01993,0.01417,0.13767,0.01594,0.01813,0.12565,0.05102,0.10037,0.05897,0.11760,0.01551,0.02088,0.01544,0.02240,0.01976
0.02740,0.14765,0.01596,0.01417,0.01788,0.01871,0.01279,0.13491,0.01620,0.01672,0.12070,0.05042,0.15184,0.05185,0.12845,0.01326,0.01081,0.01397,0.01964,0.01666
0.02775,0.11809,0.01798,0.01395,0.01969,0.02062,0.01300,0.11821,0.01611,0.01738,0.12820,0.05522,0.13834,0.06935,0.13490,0.01489,0.02139,0.01460,0.02298,0.01735
0.02196,0.18806,0.01304,0.01113,0.01335,0.01547,0.01029,0.15923,0.01128,0.01261,0.10454,0.04425,0.16922,0.04761,0.11268,0.01035,0.01361,0.01078,0.01651,0.01402
0.02757,0.12797,0.01801,0.01414,0.01874,0.01940,0.01502,0.11996,0.01490,0.01674,0.12034,0.05869,0.14202,0.06340,0.13675,0.01558,0.01509,0.01488,0.02322,0.01758
0.03046,0.14398,0.01789,0.01531,0.02409,0.02486,0.01601,0.14985,0.01559,0.01989,0.11733,0.05557,0.10152,0.06801,0.11556,0.01595,0.01001,0.01596,0.02277,0.01940
0.03074,0.09058,0.01856,0.01533,0.02130,0.02386,0.01563,0.09075,0.01714,0.01932,0.13924,0.06161,0.14757,0.06992,0.14809,0.01642,0.01161,0.01722,0.02422,0.02089
0.03215,0.20603,0.02198,0.01879,0.02612,0.02570,0.01867,0.18670,0.01941,0.02111,0.08132,0.04333,0.07980,0.04573,0.07718,0.01585,0.01693,0.01872,0.02364,0.02084
0.03568,0.14648,0.02159,0.01735,0.02356,0.02341,0.01674,0.14447,0.02038,0.02119,0.10417,0.05367,0.09434,0.06166,0.11535,0.01624,0.01765,0.01715,0.02608,0.02283
0.03514,0.17600,0.02245,0.01766,0.02841,0.02706,0.01939,0.16746,0.02199,0.02236,0.09420,0.05048,0.06650,0.05843,0.09437,0.01725,0.01532,0.01751,0.02608,0.02197
0.03081,0.10554,0.02137,0.01611,0.02210,0.02646,0.01689,0.10596,0.01917,0.02013,0.12893,0.06611,0.10899,0.07294,0.14066,0.01827,0.01328,0.01804,0.02584,0.02240
0.02916,0.19760,0.01866,0.01469,0.02113,0.02154,0.01424,0.19429,0.01563,0.01832,0.10111,0.04927,0.07031,0.05239,0.09267,0.01618,0.01333,0.01549,0.02335,0.02063
0.03004,0.15805,0.01902,0.01418,0.02015,0.01984,0.01414,0.14270,0.01647,0.01978,0.12011,0.05121,0.09108,0.05355,0.12544,0.01778,0.02799,0.01539,0.02254,0.02055
0.03200,0.14039,0.01999,0.01724,0.02006,0.02197,0.01680,0.12264,0.01795,0.02271,0.11702,0.05846,0.12248,0.06246,0.11555,0.01770,0.01435,0.01668,0.02159,0.02196
0.03217,0.16393,0.02070,0.01599,0.02143,0.02419,0.01422,0.15433,0.01658,0.01879,0.10981,0.05182,0.10712,0.05735,0.10736,0.01392,0.01242,0.01611,0.02368,0.01812
0.03080,0.11149,0.01954,0.01679,0.02278,0.02358,0.01783,0.10399,0.01747,0.01953,0.12370,0.06157,0.12531,0.06373,0.13766,0.01783,0.02040,0.01761,0.02633,0.02206
0.02843,0.12470,0.01947,0.01660,0.01927,0.02063,0.01576,0.11810,0.01727,0.01794,0.14485,0.05024,0.12757,0.05041,0.12807,0.01521,0.02452,0.01745,0.02249,0.02103
0.02748,0.16712,0.01802,0.01385,0.01927,0.02027,0.01436,0.15244,0.01736,0.01934,0.10684,0.05106,0.10985,0.05314,0.10413,0.01637,0.03153,0.01605,0.02313,0.01841
0.03048,0.13251,0.01826,0.01391,0.02010,0.02191,0.01381,0.12698,0.01590,0.01837,0.13029,0.05241,0.13330,0.06048,0.12315,0.01504,0.01495,0.01639,0.02110,0.02068
0.02806,0.17522,0.01826,0.01385,0.01942,0.02020,0.01539,0.17081,0.01610,0.01809,0.09891,0.05402,0.09355,0.05681,0.10436,0.01633,0.02589,0.01498,0.02033,0.01945
0.02968,0.09938,0.01740,0.01412,0.01925,0.02038,0.01435,0.09715,0.01532,0.01897,0.14196,0.05911,0.15538,0.06181,0.14706,0.01660,0.01446,0.01412,0.02514,0.01835
0.03776,0.11834,0.02548,0.02025,0.02838,0.02965,0.02113,0.11819,0.02410,0.02726,0.09935,0.05000,0.09429,0.05229,0.09295,0.01864,0.06736,0.02296,0.02804,0.02357
0.03224,0.16258,0.01892,0.01432,0.02203,0.02138,0.01509,0.15394,0.01620,0.01828,0.11324,0.05358,0.09641,0.05835,0.12292,0.01373,0.01093,0.01528,0.02307,0.01753
0.03079,0.15168,0.01733,0.01424,0.01895,0.02103,0.01325,0.15599,0.01433,0.01696,0.11919,0.05176,0.11343,0.05916,0.12556,0.01445,0.01232,0.01309,0.01982,0.01665
0.03568,0.16066,0.02476,0.01933,0.02398,0.02719,0.01880,0.14987,0.02063,0.02335,0.09349,0.05565,0.08752,0.05916,0.09068,0.01928,0.01986,0.02128,0.02469,0.02413
