0.02531,0.02916,0.09575,0.10381,0.03241,0.01651,0.07791,0.02600,0.11588,0.02351,0.00857,0.01908,0.16663,0.01456,0.00822,0.19120,0.00717,0.01056,0.01080,0.01696
0.01339,0.02141,0.03490,0.15337,0.01469,0.01291,0.03420,0.01723,0.19260,0.01318,0.00795,0.04329,0.17168,0.00699,0.00701,0.19305,0.00581,0.01064,0.01098,0.03472
0.00686,0.00703,0.03069,0.13834,0.00613,0.00602,0.03369,0.00608,0.06465,0.00649,0.00822,0.05714,0.24587,0.00854,0.00816,0.23045,0.00526,0.03787,0.03945,0.05307
0.00586,0.00623,0.01807,0.22257,0.00611,0.00529,0.01765,0.00621,0.03331,0.00539,0.00498,0.06782,0.28364,0.00849,0.00585,0.22568,0.00502,0.00790,0.00773,0.05619
0.00415,0.00554,0.05653,0.01850,0.00496,0.00364,0.04818,0.00429,0.03312,0.00335,0.00384,0.01673,0.28119,0.00411,0.00399,0.47549,0.00304,0.00635,0.00606,0.01695
0.01134,0.00970,0.03156,0.04565,0.00934,0.00702,0.04019,0.00721,0.04862,0.00790,0.00995,0.02997,0.31218,0.01158,0.00898,0.26675,0.01063,0.04688,0.05766,0.02690
0.00640,0.00711,0.03662,0.04440,0.00676,0.00508,0.03099,0.00549,0.04760,0.00519,0.00483,0.02136,0.38772,0.00598,0.00445,0.34136,0.00566,0.00515,0.00608,0.02179
0.01189,0.01037,0.10370,0.10623,0.01076,0.00796,0.16635,0.00829,0.03560,0.01231,0.00813,0.04140,0.21915,0.01097,0.00969,0.18108,0.00821,0.00807,0.00759,0.03225
0.00833,0.00986,0.04877,0.07906,0.00922,0.00797,0.05659,0.00849,0.06208,0.01184,0.00728,0.18523,0.10762,0.01010,0.00539,0.09681,0.00799,0.02183,0.02585,0.22970
0.00633,0.00746,0.25624,0.10549,0.00717,0.00401,0.02225,0.00491,0.01948,0.00609,0.00788,0.02792,0.26002,0.00680,0.00586,0.19967,0.00460,0.01181,0.01167,0.02432
0.01462,0.02494,0.06709,0.04407,0.02021,0.01396,0.06171,0.01940,0.29602,0.01729,0.01610,0.03584,0.14119,0.01844,0.01144,0.11273,0.00712,0.02302,0.02337,0.03145
0.00909,0.01203,0.04012,0.17115,0.01418,0.00952,0.03671,0.00940,0.10856,0.01143,0.00725,0.05903,0.20612,0.00865,0.00790,0.19855,0.00693,0.01747,0.01777,0.04814
0.00672,0.00694,0.13320,0.01750,0.00664,0.00621,0.16118,0.00494,0.01428,0.00554,0.00677,0.10432,0.21378,0.00804,0.00614,0.20707,0.00528,0.00980,0.00961,0.06605
0.00746,0.00799,0.33998,0.07036,0.00657,0.00499,0.02239,0.00530,0.02093,0.00717,0.00620,0.04626,0.19912,0.00643,0.00475,0.16467,0.00446,0.01678,0.01710,0.04108
0.00707,0.00892,0.06977,0.24578,0.00624,0.00590,0.05168,0.00551,0.01645,0.00683,0.00573,0.13283,0.18158,0.00641,0.00678,0.15803,0.00365,0.00868,0.01008,0.06208
0.00868,0.00688,0.08005,0.05397,0.00725,0.00610,0.06078,0.00681,0.02970,0.00606,0.00630,0.13875,0.16985,0.00801,0.01315,0.17038,0.00594,0.07798,0.07127,0.07210
0.00614,0.00704,0.10179,0.03443,0.00841,0.00493,0.11024,0.00583,0.05403,0.00693,0.00662,0.09806,0.21827,0.00626,0.00731,0.20763,0.00570,0.02216,0.01989,0.06834
0.00940,0.00905,0.19836,0.04725,0.01104,0.00707,0.15658,0.00665,0.07752,0.00726,0.00860,0.04420,0.17621,0.00594,0.00607,0.15946,0.00585,0.01905,0.01511,0.02932
0.00698,0.00619,0.07791,0.03021,0.00544,0.00693,0.14952,0.00614,0.02606,0.00631,0.00523,0.02261,0.23893,0.00630,0.00517,0.36251,0.00472,0.00647,0.00642,0.01995
0.00795,0.00869,0.02649,0.08507,0.00805,0.00639,0.02664,0.00763,0.05575,0.00859,0.00581,0.05008,0.29499,0.00659,0.00800,0.32990,0.00679,0.01279,0.01291,0.03088
0.00448,0.00481,0.01911,0.16173,0.00474,0.00379,0.01632,0.00408,0.04404,0.00497,0.00444,0.04740,0.32192,0.00435,0.00412,0.29011,0.00372,0.00763,0.00858,0.03967
0.00479,0.00603,0.02603,0.04397,0.00617,0.00488,0.02778,0.00562,0.03198,0.00665,0.00391,0.11880,0.20271,0.00706,0.00544,0.22434,0.00464,0.10643,0.09999,0.06280
0.01790,0.03685,0.03078,0.12875,0.04664,0.02577,0.02917,0.03735,0.18746,0.02117,0.00823,0.02757,0.15707,0.00973,0.00784,0.17890,0.00805,0.00832,0.00974,0.02272
0.00457,0.00443,0.01978,0.03446,0.00384,0.00343,0.01784,0.00420,0.03937,0.00420,0.00438,0.03410,0.31917,0.00458,0.00416,0.45077,0.00315,0.00746,0.00722,0.02890
0.00463,0.00493,0.01572,0.03560,0.00482,0.00404,0.01603,0.00408,0.02052,0.00410,0.00353,0.39182,0.22852,0.00348,0.00448,0.17120,0.00320,0.00632,0.00655,0.06644
0.00824,0.00867,0.07935,0.04103,0.00870,0.00634,0.08467,0.00884,0.18791,0.00964,0.00651,0.10304,0.19995,0.00866,0.00769,0.14637,0.00569,0.00968,0.00923,0.05980
0.00935,0.01020,0.04571,0.03747,0.00847,0.00755,0.05653,0.00667,0.06701,0.00741,0.00555,0.07938,0.21118,0.00685,0.00524,0.35989,0.00450,0.01009,0.01004,0.05090
0.00723,0.00956,0.02940,0.02281,0.00657,0.00668,0.02907,0.00576,0.04747,0.00686,0.00468,0.01749,0.25381,0.00596,0.00535,0.49831,0.00600,0.01032,0.00991,0.01675
0.00666,0.00896,0.03479,0.02515,0.00735,0.00700,0.03505,0.00800,0.18854,0.00748,0.00635,0.05903,0.25414,0.00801,0.00674,0.23250,0.00637,0.01228,0.01065,0.07494
0.00816,0.00850,0.03515,0.34783,0.00681,0.00613,0.02890,0.00649,0.03820,0.00601,0.00615,0.10941,0.11728,0.00648,0.00636,0.09847,0.00535,0.03962,0.04076,0.07793
0.00596,0.00556,0.02698,0.02278,0.00532,0.00457,0.01729,0.00554,0.09369,0.00611,0.00588,0.06439,0.28511,0.00536,0.00528,0.37768,0.00380,0.00783,0.00807,0.04279
0.00836,0.01048,0.05614,0.02527,0.00856,0.00848,0.04958,0.00757,0.03485,0.00763,0.00738,0.15506,0.15758,0.00792,0.00883,0.16392,0.00615,0.07632,0.09054,0.10939
0.00315,0.00309,0.02349,0.03248,0.00315,0.00265,0.02518,0.00281,0.01450,0.00307,0.00332,0.01473,0.53523,0.00408,0.00348,0.28406,0.00260,0.01369,0.01221,0.01303
0.00643,0.00715,0.07106,0.09208,0.00636,0.00559,0.07076,0.00553,0.05277,0.00552,0.00624,0.06667,0.26306,0.00621,0.00444,0.21004,0.00517,0.02217,0.03064,0.06212
0.00992,0.00958,0.09390,0.10598,0.00933,0.00706,0.21610,0.00818,0.03838,0.00671,0.00748,0.06132,0.14506,0.00756,0.00538,0.18935,0.00493,0.01316,0.01218,0.04846
0.00864,0.01224,0.04932,0.04665,0.01225,0.00672,0.05675,0.01135,0.03523,0.01269,0.00571,0.03228,0.21419,0.00851,0.00489,0.40660,0.00577,0.01952,0.02023,0.03046
0.01548,0.01013,0.05738,0.11670,0.01068,0.00840,0.05377,0.01021,0.04768,0.00997,0.00723,0.12633,0.19009,0.00990,0.00878,0.16522,0.00704,0.01823,0.01567,0.11111
0.01092,0.00860,0.10799,0.06018,0.01583,0.00950,0.07186,0.00891,0.06445,0.00837,0.00807,0.13555,0.16094,0.00862,0.00839,0.14017,0.00760,0.02169,0.02731,0.11505
0.00387,0.00455,0.01829,0.01818,0.00418,0.00379,0.01910,0.00432,0.01781,0.00447,0.00443,0.13478,0.33538,0.00523,0.00469,0.33096,0.00324,0.00779,0.00638,0.06854
0.00850,0.00997,0.02680,0.16492,0.00968,0.00592,0.02429,0.01053,0.03071,0.00771,0.00923,0.13662,0.19935,0.00853,0.00877,0.19977,0.00569,0.01777,0.01447,0.10076
0.00747,0.00873,0.05171,0.04583,0.00685,0.00567,0.02253,0.00682,0.02849,0.00792,0.00701,0.11943,0.17902,0.00860,0.00877,0.15996,0.00727,0.13419,0.09045,0.09328
0.00893,0.00899,0.04100,0.13096,0.00784,0.00699,0.03531,0.00661,0.03693,0.00739,0.00779,0.03945,0.28552,0.00872,0.00882,0.30280,0.00587,0.01012,0.01090,0.02907
0.00401,0.00614,0.06932,0.12655,0.00527,0.00450,0.07407,0.00566,0.04127,0.00443,0.00408,0.03268,0.25729,0.00572,0.00481,0.29911,0.00407,0.00940,0.00846,0.03316
0.00635,0.00691,0.02969,0.05238,0.00586,0.00477,0.03873,0.00531,0.01983,0.00637,0.00561,0.04046,0.29160,0.00726,0.00659,0.42164,0.00495,0.00587,0.00715,0.03266
0.00838,0.01077,0.06343,0.03544,0.01161,0.00880,0.09776,0.00817,0.03816,0.01224,0.01186,0.07500,0.23653,0.00830,0.00901,0.21027,0.00803,0.05313,0.05357,0.03954
0.00904,0.00708,0.03038,0.08444,0.00991,0.00741,0.03329,0.00690,0.04624,0.00806,0.00783,0.05412,0.26749,0.00776,0.00714,0.30221,0.00717,0.03116,0.03085,0.04153
0.01279,0.01282,0.03870,0.11096,0.01266,0.01378,0.04115,0.01057,0.05551,0.01299,0.01499,0.05080,0.19791,0.04934,0.08328,0.18120,0.02099,0.01971,0.01513,0.04472
0.00836,0.01241,0.04497,0.03794,0.00906,0.00922,0.03781,0.00669,0.06154,0.00847,0.01062,0.28580,0.16473,0.00962,0.01018,0.13538,0.00782,0.03052,0.02641,0.08246
0.00241,0.00273,0.01029,0.01256,0.00283,0.00212,0.01039,0.00244,0.01133,0.00234,0.00254,0.04483,0.44557,0.00311,0.00228,0.38813,0.00214,0.00472,0.00469,0.04252
0.00498,0.00592,0.02597,0.03697,0.00587,0.00533,0.02968,0.00587,0.02980,0.00500,0.00582,0.31871,0.19632,0.00627,0.00548,0.20363,0.00452,0.01002,0.00928,0.08456
0.00522,0.00595,0.02307,0.03225,0.00584,0.00507,0.02380,0.00472,0.03203,0.00474,0.00510,0.05778,0.21385,0.00641,0.00579,0.17617,0.00408,0.25729,0.09554,0.03530
0.00805,0.00864,0.02686,0.21669,0.00854,0.00660,0.02596,0.00668,0.02104,0.00841,0.00759,0.08064,0.23110,0.00982,0.00783,0.23053,0.00755,0.01296,0.01601,0.05850
0.00684,0.00845,0.05842,0.19229,0.00674,0.00763,0.05117,0.00851,0.09566,0.00711,0.00842,0.03327,0.15543,0.00904,0.00949,0.17184,0.00753,0.08207,0.05299,0.02710
0.00578,0.00614,0.03072,0.30439,0.00555,0.00639,0.03138,0.00598,0.09950,0.00616,0.00610,0.01325,0.20458,0.00759,0.00511,0.20466,0.00546,0.01770,0.02144,0.01213
0.00498,0.00548,0.02438,0.03241,0.00522,0.00395,0.02694,0.00497,0.02366,0.00476,0.00386,0.02499,0.33282,0.00605,0.00568,0.45426,0.00455,0.00552,0.00631,0.01922
0.00873,0.01073,0.05544,0.23032,0.00983,0.00747,0.07459,0.00879,0.06526,0.00714,0.00915,0.03690,0.19787,0.01042,0.01176,0.21018,0.00486,0.00615,0.00706,0.02734
0.01099,0.01174,0.05987,0.03005,0.00875,0.01102,0.05832,0.01004,0.13398,0.01133,0.00768,0.04768,0.26376,0.01148,0.00826,0.24745,0.00716,0.00930,0.01079,0.04035
0.00913,0.00876,0.07974,0.06132,0.00818,0.00766,0.09924,0.00695,0.03330,0.00740,0.00586,0.12643,0.21452,0.00831,0.00648,0.19515,0.00516,0.01070,0.01159,0.09413
0.00337,0.00437,0.01674,0.02863,0.00387,0.00330,0.01663,0.00350,0.02007,0.00390,0.00323,0.03466,0.48599,0.00416,0.00316,0.31941,0.00295,0.00646,0.00603,0.02957
0.00622,0.00647,0.22386,0.05234,0.00595,0.00547,0.10862,0.00768,0.07675,0.00696,0.00533,0.03065,0.11300,0.00704,0.00609,0.10521,0.00504,0.12790,0.06808,0.03134
0.00998,0.01132,0.09414,0.02941,0.00822,0.00871,0.09419,0.00814,0.06278,0.00962,0.00817,0.05088,0.25440,0.01086,0.01102,0.22759,0.00664,0.03661,0.02192,0.03538
0.01729,0.01584,0.04649,0.08044,0.01443,0.01226,0.07267,0.01333,0.03431,0.01799,0.01422,0.13230,0.18855,0.01383,0.01290,0.20370,0.00999,0.01928,0.01979,0.06038
0.00656,0.00704,0.06574,0.06456,0.00644,0.00538,0.06162,0.00707,0.05025,0.00694,0.00560,0.04069,0.29745,0.00610,0.00646,0.29932,0.00433,0.01847,0.01385,0.02613
0.00855,0.00946,0.05043,0.02955,0.00897,0.00841,0.04702,0.00831,0.02000,0.00838,0.00925,0.02528,0.14346,0.00973,0.00786,0.13218,0.00833,0.35811,0.08281,0.02390
0.00697,0.00683,0.13090,0.01846,0.00608,0.00625,0.17532,0.00640,0.01628,0.00640,0.00687,0.05708,0.25411,0.00992,0.00776,0.21756,0.00569,0.01035,0.01068,0.04009
0.00473,0.00622,0.01522,0.08800,0.00547,0.00477,0.03397,0.00386,0.01331,0.00632,0.00428,0.13408,0.30931,0.00664,0.00502,0.26480,0.00438,0.00921,0.01025,0.07016
0.00721,0.00620,0.03509,0.08644,0.00606,0.00650,0.04486,0.00639,0.05492,0.00604,0.00478,0.02678,0.32516,0.00580,0.00556,0.32379,0.00428,0.01394,0.01205,0.01814
0.00663,0.00752,0.23210,0.21167,0.00498,0.00416,0.02565,0.00654,0.01489,0.00625,0.00649,0.03065,0.19332,0.00525,0.00468,0.19623,0.00457,0.00697,0.00692,0.02453
0.00932,0.01114,0.10436,0.12548,0.00916,0.00692,0.04816,0.00893,0.05841,0.00680,0.00817,0.06287,0.21702,0.00642,0.00555,0.21167,0.00444,0.01906,0.01855,0.05755
0.00895,0.01123,0.10428,0.09451,0.00956,0.01116,0.08593,0.00761,0.09465,0.01085,0.00795,0.05071,0.19968,0.01237,0.00894,0.20199,0.00748,0.01217,0.01164,0.04834
0.00638,0.00588,0.03024,0.02181,0.00634,0.00467,0.03259,0.00567,0.02053,0.00522,0.00623,0.05413,0.39317,0.00644,0.00652,0.32210,0.00432,0.01092,0.01168,0.04516
0.00585,0.00672,0.08063,0.06727,0.00598,0.00567,0.02967,0.00571,0.08217,0.00554,0.00576,0.30334,0.10749,0.00692,0.00554,0.10578,0.00450,0.01502,0.01503,0.13541
0.00749,0.00934,0.04549,0.15688,0.00783,0.00815,0.04032,0.00781,0.02362,0.00614,0.00519,0.14387,0.23654,0.00705,0.00472,0.19057,0.00435,0.00737,0.00767,0.07959
0.00708,0.00712,0.03508,0.16561,0.00789,0.00585,0.08802,0.00558,0.04006,0.00585,0.00439,0.01718,0.26901,0.00472,0.00374,0.28956,0.00390,0.01235,0.01179,0.01522
0.00657,0.00720,0.02754,0.04578,0.00691,0.00575,0.03209,0.00638,0.04348,0.00682,0.00436,0.36459,0.10900,0.00543,0.00388,0.11071,0.00393,0.00792,0.00930,0.19235
0.00701,0.00840,0.03585,0.04602,0.00694,0.00629,0.03348,0.00722,0.02705,0.00772,0.00943,0.08511,0.37251,0.00891,0.00836,0.23146,0.00423,0.02451,0.01936,0.05012
0.00474,0.00510,0.02664,0.02206,0.00531,0.00483,0.02491,0.00462,0.02602,0.00492,0.00493,0.09639,0.25512,0.00662,0.00480,0.43064,0.00457,0.00756,0.00960,0.05063
0.01170,0.01094,0.07018,0.02341,0.01059,0.00886,0.06996,0.00731,0.02082,0.00951,0.01026,0.07618,0.27888,0.00994,0.01038,0.26330,0.00727,0.02718,0.02025,0.05309
0.00546,0.00640,0.08291,0.11673,0.00629,0.00552,0.08789,0.00502,0.06064,0.00611,0.00413,0.05491,0.21390,0.00575,0.00419,0.19017,0.00412,0.00594,0.00606,0.12789
0.00667,0.00943,0.04907,0.06617,0.00797,0.00674,0.05086,0.00781,0.06122,0.00900,0.00517,0.06380,0.27847,0.00835,0.00485,0.26619,0.00589,0.00874,0.00941,0.07418
0.00962,0.01003,0.08090,0.09646,0.00792,0.00523,0.03563,0.00777,0.02922,0.00714,0.00901,0.02222,0.27077,0.00654,0.00982,0.32897,0.00655,0.01998,0.01882,0.01741
0.00683,0.00712,0.01405,0.06921,0.00781,0.00570,0.01446,0.00612,0.13267,0.00605,0.00624,0.05271,0.32618,0.00643,0.00688,0.26047,0.00603,0.01077,0.01014,0.04412
0.00451,0.00506,0.11310,0.13201,0.00472,0.00410,0.23587,0.00459,0.01957,0.00450,0.00362,0.11075,0.10881,0.00463,0.00313,0.12425,0.00346,0.00662,0.00995,0.09674
0.00323,0.00344,0.01275,0.01632,0.00291,0.00273,0.01297,0.00269,0.01248,0.00258,0.00247,0.00923,0.43308,0.00277,0.00279,0.44387,0.00220,0.01281,0.01081,0.00786
0.01141,0.02020,0.07340,0.15919,0.00973,0.00884,0.06430,0.00912,0.11106,0.00959,0.01083,0.03360,0.11910,0.01699,0.01736,0.10816,0.00970,0.05806,0.11259,0.03678
0.01293,0.01151,0.05568,0.04386,0.01577,0.00827,0.04583,0.00875,0.14915,0.01073,0.00764,0.06247,0.20124,0.00759,0.00832,0.26601,0.00731,0.01790,0.01488,0.04415
0.00458,0.00497,0.02006,0.04870,0.00477,0.00499,0.02219,0.00554,0.03444,0.00398,0.00404,0.29202,0.17823,0.00412,0.00355,0.19006,0.00319,0.01150,0.01131,0.14776
0.00785,0.01008,0.04568,0.06199,0.00726,0.00785,0.04491,0.00838,0.05971,0.00706,0.00645,0.04216,0.34137,0.00778,0.00539,0.23167,0.00460,0.02751,0.03876,0.03353
0.00658,0.00545,0.03877,0.07301,0.00611,0.00664,0.03981,0.00524,0.05823,0.00618,0.00559,0.02650,0.32078,0.00576,0.00635,0.35123,0.00420,0.00625,0.00492,0.02240
0.00633,0.00715,0.06337,0.04314,0.00775,0.00474,0.05712,0.00636,0.02606,0.00592,0.00750,0.03589,0.32712,0.00957,0.00882,0.30489,0.00752,0.01259,0.01778,0.04037
0.00725,0.01023,0.09907,0.11245,0.00909,0.00734,0.07182,0.00875,0.06025,0.00885,0.00880,0.12552,0.16785,0.01261,0.00723,0.17147,0.00664,0.01729,0.01439,0.07312
0.00332,0.00381,0.15575,0.02566,0.00368,0.00354,0.30926,0.00365,0.01738,0.00308,0.00319,0.08554,0.15697,0.00436,0.00371,0.13393,0.00302,0.00677,0.00632,0.06705
0.01183,0.01162,0.04314,0.05278,0.01270,0.00665,0.05107,0.00942,0.03318,0.01199,0.00644,0.24294,0.14600,0.01093,0.01111,0.13889,0.00694,0.03291,0.02837,0.13112
0.00508,0.00989,0.06567,0.15957,0.00858,0.00577,0.06205,0.00678,0.07424,0.00708,0.00655,0.06016,0.19674,0.00764,0.00635,0.18847,0.00841,0.00987,0.01265,0.09845
0.00718,0.00819,0.09663,0.24965,0.00635,0.00715,0.11057,0.00665,0.10226,0.00728,0.00796,0.04663,0.11316,0.00887,0.00540,0.11648,0.00564,0.03053,0.02827,0.03514
0.00745,0.00770,0.11218,0.12318,0.00754,0.00635,0.15061,0.00636,0.03579,0.00725,0.00541,0.02628,0.22158,0.00767,0.00541,0.21059,0.00485,0.01469,0.01524,0.02386
0.00588,0.00541,0.02882,0.06366,0.00451,0.00435,0.04667,0.00560,0.02757,0.00433,0.00483,0.03375,0.25947,0.00588,0.00487,0.43445,0.00540,0.01454,0.01576,0.02425
0.00909,0.00867,0.04167,0.18400,0.01237,0.00840,0.04966,0.00706,0.04629,0.00810,0.00546,0.03573,0.26024,0.01210,0.01074,0.23889,0.00616,0.01012,0.01212,0.03312
0.00621,0.00900,0.09886,0.10695,0.01101,0.00786,0.06001,0.00776,0.30682,0.00957,0.00747,0.09951,0.07034,0.01866,0.00688,0.06106,0.00629,0.01182,0.01008,0.08385
0.01869,0.01448,0.07696,0.10964,0.02041,0.01494,0.08141,0.01510,0.14180,0.01588,0.00918,0.05561,0.15549,0.01284,0.01002,0.16824,0.01252,0.01831,0.01424,0.03424
