0.21634,0.23691,0.21414,0.33262
0.29538,0.33798,0.10042,0.26623
0.36552,0.17548,0.21089,0.24811
0.26581,0.29679,0.12268,0.31472
0.23144,0.35002,0.13632,0.28221
0.27106,0.31192,0.12630,0.29073
0.21410,0.24589,0.33367,0.20634
0.24946,0.29416,0.17889,0.27749
0.15819,0.18113,0.45551,0.20516
0.28468,0.32373,0.21147,0.18011
0.21265,0.24849,0.28542,0.25344
0.20409,0.22433,0.13769,0.43389
0.18975,0.21317,0.16717,0.42991
0.22134,0.25456,0.12263,0.40147
0.21171,0.26280,0.15216,0.37333
0.21547,0.24984,0.31504,0.21965
0.21749,0.19855,0.14545,0.43851
0.45065,0.18076,0.18281,0.18579
0.29946,0.34515,0.11627,0.23912
0.25629,0.30082,0.09990,0.34299
0.19285,0.22456,0.16115,0.42145
0.18933,0.42792,0.13721,0.24554
0.17763,0.23438,0.12809,0.45990
0.20874,0.24078,0.14988,0.40059
0.22741,0.31651,0.11368,0.34240
0.25000,0.29250,0.19543,0.26207
0.28285,0.32305,0.11189,0.28221
0.20854,0.24576,0.18757,0.35814
0.23338,0.26911,0.18524,0.31227
0.25881,0.28942,0.10878,0.34299
0.24121,0.27760,0.22601,0.25518
0.31036,0.36996,0.09834,0.22134
0.28602,0.32668,0.22627,0.16102
0.25383,0.29488,0.25314,0.19815
0.35228,0.15141,0.21880,0.27751
0.22496,0.25744,0.19715,0.32045
0.16989,0.34893,0.21024,0.27094
0.25344,0.30128,0.14425,0.30102
0.18738,0.21913,0.13170,0.46179
0.16103,0.18792,0.42771,0.22333
0.30819,0.13578,0.26137,0.29467
0.47364,0.10498,0.12732,0.29407
0.25524,0.30143,0.17281,0.27052
0.16906,0.19323,0.35484,0.28287
0.29678,0.21060,0.30719,0.18543
0.15220,0.26493,0.25236,0.33051
0.26838,0.25211,0.21699,0.26252
0.28023,0.32430,0.09848,0.29698
0.20359,0.23970,0.34864,0.20808
0.08811,0.10175,0.47518,0.33496
0.21612,0.24332,0.21468,0.32589
0.23448,0.26780,0.22983,0.26789
0.20625,0.24422,0.27735,0.27218
0.20953,0.23974,0.31627,0.23445
0.16830,0.23932,0.12167,0.47071
0.35643,0.22394,0.20627,0.21337
0.19910,0.23620,0.35199,0.21271
0.24544,0.17573,0.17531,0.40352
0.29217,0.33314,0.20463,0.17005
0.40457,0.27877,0.07828,0.23837
0.09919,0.34868,0.29503,0.25710
0.24925,0.28624,0.16038,0.30413
0.32228,0.36781,0.13702,0.17290
0.21329,0.23257,0.06378,0.49036
0.17022,0.32421,0.19445,0.31113
0.32075,0.31055,0.16013,0.20856
0.24770,0.27882,0.24645,0.22703
0.28185,0.33295,0.16586,0.21935
0.24584,0.28058,0.31354,0.16004
0.17128,0.32675,0.19595,0.30602
0.23359,0.22485,0.18178,0.35978
0.23392,0.27246,0.16588,0.32773
0.26449,0.29577,0.06217,0.37757
0.27160,0.31655,0.11993,0.29193
0.25760,0.30106,0.11172,0.32962
0.23988,0.27306,0.09595,0.39111
0.20499,0.23468,0.06605,0.49428
0.20493,0.22277,0.29242,0.27988
0.27079,0.29140,0.20177,0.23604
0.26386,0.33133,0.17738,0.22743
0.27801,0.31355,0.25271,0.15573
0.34811,0.40348,0.09950,0.14892
0.19131,0.39010,0.14541,0.27318
0.23704,0.27148,0.14526,0.34622
0.17936,0.21301,0.24077,0.36686
0.27595,0.31034,0.14563,0.26808
0.24427,0.27950,0.20944,0.26678
0.18441,0.21782,0.33266,0.26511
0.22194,0.25888,0.14308,0.37609
0.20758,0.24069,0.14651,0.40522
0.27615,0.32282,0.20068,0.20034
0.28766,0.33787,0.12093,0.25354
0.18271,0.33571,0.21013,0.27145
0.22702,0.26566,0.14607,0.36126
0.26697,0.31190,0.11437,0.30677
0.16963,0.19719,0.38178,0.25140
0.30346,0.34487,0.10618,0.24548
0.19482,0.22471,0.21101,0.36946
0.21969,0.24747,0.18460,0.34824
0.27732,0.31686,0.10975,0.29608
0.35681,0.25765,0.17368,0.21186
0.21370,0.24515,0.32377,0.21739
0.22055,0.25511,0.16005,0.36429
0.17076,0.28818,0.22727,0.31379
0.22947,0.44301,0.07941,0.24810
0.31143,0.30537,0.08906,0.29414
0.20077,0.28892,0.10911,0.40120
0.24747,0.28099,0.23135,0.24018
0.19877,0.46313,0.19406,0.14403
0.20610,0.30302,0.16774,0.32314
0.26997,0.29285,0.09058,0.34660
0.18593,0.21407,0.34549,0.25451
0.16577,0.33775,0.14369,0.35279
0.24408,0.34959,0.12394,0.28240
0.23156,0.26737,0.09696,0.40412
0.34796,0.20876,0.15412,0.28916
0.20299,0.23779,0.12108,0.43815
0.27503,0.31534,0.09413,0.31551
0.27349,0.30084,0.09552,0.33014
0.30728,0.33881,0.12349,0.23042
0.22831,0.26454,0.12597,0.38119
0.16740,0.19252,0.21702,0.42306
0.24789,0.28208,0.33627,0.13375
0.23813,0.26376,0.20963,0.28848
0.15727,0.17662,0.30628,0.35983
0.11555,0.32463,0.13604,0.42378
0.28500,0.31668,0.10464,0.29368
0.29491,0.32548,0.08217,0.29745
0.28172,0.31392,0.13863,0.26573
0.25467,0.29157,0.21635,0.23741
0.13910,0.18710,0.32468,0.34911
0.10828,0.40979,0.20606,0.27587
0.27441,0.30280,0.24784,0.17495
0.20231,0.20901,0.27651,0.31217
0.26468,0.29751,0.15501,0.28280
0.24794,0.29633,0.13030,0.32542
0.23665,0.36769,0.15684,0.23881
0.13898,0.46520,0.16746,0.22835
0.26301,0.29335,0.17294,0.27070
0.19063,0.37595,0.19188,0.24154
0.26154,0.28664,0.15006,0.30176
0.16436,0.17971,0.40186,0.25408
0.24368,0.28693,0.22941,0.23998
0.21074,0.21512,0.32132,0.25282
0.27983,0.31626,0.11201,0.29190
0.29095,0.35269,0.14191,0.21445
0.27994,0.29993,0.14291,0.27722
0.29769,0.34235,0.13696,0.22300
0.26194,0.30131,0.11905,0.31770
0.18170,0.20035,0.35936,0.25860
0.32332,0.38088,0.16827,0.12752
0.30195,0.34367,0.17454,0.17985
0.28201,0.31560,0.12187,0.28052
0.37102,0.22554,0.15610,0.24734
0.28274,0.32982,0.10895,0.27848
0.16565,0.49802,0.12585,0.21049
0.24613,0.28691,0.07058,0.39637
0.29206,0.23433,0.21388,0.25973
0.24192,0.28997,0.06050,0.40761
0.21547,0.24303,0.20224,0.33925
0.24297,0.25506,0.15989,0.34207
0.21313,0.24206,0.38518,0.15964
0.20981,0.24339,0.11746,0.42934
0.34422,0.40780,0.06215,0.18583
0.18095,0.29076,0.19331,0.33498
0.32296,0.20261,0.19179,0.28265
0.20746,0.23332,0.17521,0.38400
0.22184,0.23937,0.07097,0.46783
0.29111,0.32419,0.19412,0.19058
0.37122,0.23668,0.14286,0.24923
0.15318,0.23595,0.34377,0.26710
0.23590,0.26902,0.28492,0.21017
0.16360,0.42541,0.14817,0.26282
0.20055,0.22514,0.35402,0.22029
0.33473,0.37428,0.09087,0.20012
0.31679,0.36168,0.13209,0.18944
0.19463,0.22075,0.23883,0.34579
0.22606,0.25794,0.21741,0.29859
0.17359,0.20266,0.27564,0.34811
0.24067,0.24040,0.19516,0.32377
0.24363,0.28045,0.14489,0.33103
0.11540,0.12965,0.52499,0.22995
0.19527,0.21616,0.09385,0.49472
0.25651,0.29865,0.11306,0.33177
0.42704,0.25488,0.09007,0.22801
0.21500,0.23628,0.31178,0.23694
0.29752,0.21919,0.09409,0.38919
0.20268,0.23803,0.30099,0.25830
0.27632,0.30835,0.12002,0.29531
0.22525,0.26245,0.10881,0.40349
0.25482,0.29673,0.15318,0.29527
0.26119,0.30683,0.18513,0.24686
0.15114,0.16796,0.38317,0.29774
0.29805,0.34202,0.24374,0.11619
0.24858,0.28887,0.26202,0.20054
0.12907,0.14909,0.16579,0.55605
0.23049,0.18260,0.30314,0.28377
0.24979,0.28396,0.10771,0.35854
0.19442,0.22525,0.20681,0.37352
0.29386,0.33505,0.17989,0.19120
0.24411,0.28847,0.18151,0.28591
0.11194,0.37194,0.13526,0.38085
0.30535,0.37684,0.11085,0.20696
0.24508,0.28116,0.20619,0.26756
0.19089,0.21753,0.14821,0.44337
0.27339,0.32082,0.18028,0.22552
0.26493,0.22460,0.19370,0.31677
0.29952,0.34691,0.15971,0.19385
0.17879,0.20430,0.31170,0.30522
0.33777,0.29434,0.08129,0.28660
0.09765,0.37708,0.14535,0.37992
0.18056,0.20712,0.29916,0.31316
0.29874,0.34227,0.17245,0.18654
0.21331,0.24411,0.23279,0.30979
0.27630,0.32526,0.10839,0.29005
0.24849,0.21647,0.24932,0.28572
0.27339,0.30197,0.19034,0.23430
0.25525,0.28019,0.09676,0.36780
0.32925,0.37051,0.10869,0.19154
0.22797,0.26666,0.25545,0.24991
0.31411,0.36330,0.15461,0.16798
0.24031,0.27281,0.24669,0.24020
0.28430,0.33065,0.12624,0.25881
0.29268,0.33264,0.18084,0.19384
0.29488,0.33721,0.14726,0.22065
0.18512,0.21455,0.33417,0.26616
0.23139,0.26706,0.16749,0.33405
0.26026,0.30253,0.16972,0.26748
0.26996,0.31168,0.17973,0.23864
0.24643,0.29079,0.20286,0.25992
0.27141,0.30517,0.10428,0.31914
0.14237,0.15818,0.22905,0.47040
0.28694,0.33332,0.16246,0.21728
0.32168,0.26554,0.11720,0.29557
0.25946,0.30235,0.25614,0.18205
0.23104,0.26793,0.20519,0.29583
0.22937,0.26393,0.24425,0.26246
0.32668,0.38387,0.06746,0.22199
0.09169,0.13814,0.22702,0.54315
0.24276,0.38697,0.14166,0.22861
0.19323,0.22526,0.15780,0.42372
0.37620,0.29484,0.13055,0.19841
0.24340,0.29014,0.06531,0.40115
0.29942,0.35020,0.09700,0.25338
0.22888,0.26361,0.22593,0.28157
0.24480,0.28481,0.10863,0.36176
0.30619,0.35807,0.11120,0.22454
0.20034,0.23435,0.10282,0.46249
0.20060,0.12574,0.29816,0.37550
0.11384,0.28232,0.17151,0.43232
0.25101,0.29414,0.21588,0.23897
0.27595,0.30378,0.10430,0.31596
0.29506,0.33692,0.15566,0.21236
0.19118,0.22474,0.13597,0.44811
0.20145,0.23029,0.24682,0.32144
0.25033,0.27813,0.27342,0.19813
0.26045,0.30060,0.19969,0.23926
0.16400,0.18398,0.38132,0.27070
0.28107,0.32207,0.19577,0.20109
0.28881,0.33088,0.16336,0.21696
0.30810,0.35034,0.13221,0.20935
0.23271,0.25963,0.23358,0.27409
0.20633,0.38092,0.21733,0.19542
0.33707,0.43722,0.05747,0.16824
0.27397,0.31387,0.11026,0.30190
0.27263,0.31624,0.21253,0.19860
0.27154,0.22449,0.13396,0.37001
0.25667,0.29195,0.24894,0.20244
0.18823,0.48265,0.15633,0.17279
0.19111,0.22103,0.14823,0.43963
0.18338,0.20970,0.35474,0.25218
0.21986,0.24986,0.09301,0.43727
0.26533,0.29973,0.16078,0.27415
0.19471,0.39637,0.18782,0.22110
0.16991,0.19174,0.33849,0.29987
0.14223,0.16093,0.46787,0.22897
0.22309,0.25286,0.18739,0.33666
0.34896,0.17945,0.25622,0.21537
0.32864,0.23591,0.13875,0.29671
0.24274,0.30231,0.12768,0.32727
0.30133,0.20596,0.19061,0.30210
0.17337,0.19558,0.50201,0.12904
0.22454,0.25639,0.19605,0.32302
0.18259,0.21393,0.38864,0.21485
0.29405,0.31636,0.06375,0.32584
0.35428,0.25351,0.12797,0.26423
0.20040,0.22532,0.43711,0.13718
0.26533,0.29349,0.12779,0.31339
0.29559,0.31610,0.09366,0.29465
0.22564,0.26319,0.12997,0.38120
0.16898,0.19455,0.38079,0.25568
0.18649,0.21451,0.11236,0.48664
0.37686,0.22530,0.09481,0.30304
0.28894,0.33260,0.17407,0.20439
0.30594,0.34970,0.15254,0.19183
0.30212,0.20433,0.14247,0.35107
0.14270,0.16304,0.26666,0.42760
0.22342,0.25617,0.13697,0.38344
0.26886,0.30943,0.15464,0.26706
0.15603,0.36341,0.25024,0.23032
