0.10109,0.09966,0.10252,0.10248,0.12305,0.13932,0.20465,0.12723
0.09935,0.09973,0.14296,0.14371,0.12306,0.10609,0.14197,0.14314
0.09810,0.09912,0.13106,0.13633,0.09829,0.08731,0.22713,0.12266
0.09153,0.09212,0.10823,0.11028,0.09536,0.10328,0.22249,0.17671
0.10908,0.11046,0.09715,0.09820,0.11909,0.17163,0.13676,0.15763
0.15098,0.15127,0.12228,0.12164,0.09525,0.09843,0.12449,0.13566
0.14075,0.14273,0.10945,0.10931,0.11370,0.09419,0.12690,0.16297
0.10916,0.10597,0.09418,0.09739,0.13217,0.15561,0.13489,0.17064
0.10477,0.10642,0.10029,0.09985,0.14032,0.14348,0.15976,0.14513
0.10923,0.10872,0.14357,0.14894,0.10865,0.10450,0.15092,0.12546
0.10634,0.10624,0.08595,0.08926,0.11968,0.15629,0.17639,0.15986
0.11481,0.11304,0.10629,0.10648,0.13092,0.13078,0.17118,0.12651
0.13393,0.13079,0.10156,0.10082,0.10946,0.09518,0.19274,0.13550
0.10211,0.10036,0.14009,0.14433,0.12373,0.08992,0.12271,0.17676
0.14281,0.14055,0.10480,0.10403,0.11126,0.09359,0.14194,0.16102
0.10255,0.10308,0.09413,0.09560,0.14375,0.16554,0.13702,0.15833
0.10847,0.10441,0.09824,0.10178,0.19324,0.11098,0.14736,0.13552
0.14507,0.14795,0.09360,0.09260,0.11140,0.11427,0.11632,0.17879
0.09820,0.09731,0.13806,0.13607,0.11307,0.09757,0.12954,0.19019
0.14710,0.14913,0.10016,0.09995,0.13341,0.08989,0.15673,0.12363
0.10231,0.09927,0.13940,0.14705,0.10967,0.12076,0.15333,0.12822
0.10502,0.10345,0.11610,0.11684,0.11104,0.11406,0.19668,0.13682
0.14465,0.14842,0.09456,0.09395,0.10715,0.10944,0.14721,0.15461
0.10060,0.10023,0.14591,0.15001,0.09161,0.09333,0.19643,0.12189
0.10854,0.10760,0.08864,0.08964,0.14765,0.14466,0.18275,0.13052
0.10549,0.10340,0.10996,0.11344,0.12936,0.10231,0.19720,0.13883
0.10510,0.10487,0.10958,0.11316,0.14353,0.11816,0.14073,0.16488
0.10365,0.10332,0.12345,0.12366,0.09918,0.10014,0.19882,0.14779
0.10017,0.09810,0.10499,0.10380,0.11992,0.12522,0.18814,0.15966
0.14834,0.14901,0.11178,0.11353,0.08795,0.10311,0.13460,0.15169
0.10148,0.10029,0.09243,0.09347,0.14620,0.15359,0.14496,0.16758
0.13894,0.13550,0.11287,0.11552,0.11465,0.10196,0.16662,0.11394
0.10059,0.09771,0.09423,0.09520,0.14078,0.16841,0.12650,0.17658
0.13188,0.13565,0.11709,0.11278,0.09145,0.11797,0.14156,0.15162
0.09263,0.08970,0.13152,0.13384,0.09557,0.09339,0.24040,0.12295
0.11082,0.11111,0.10369,0.10544,0.16862,0.14217,0.12214,0.13600
0.12454,0.12240,0.11561,0.11669,0.09972,0.09564,0.18578,0.13962
0.10357,0.10058,0.09791,0.10066,0.14731,0.13006,0.12229,0.19761
0.10375,0.10262,0.13443,0.13884,0.11751,0.10989,0.16421,0.12876
0.10517,0.10551,0.12409,0.12794,0.11752,0.10368,0.20695,0.10914
0.10414,0.10157,0.11429,0.11350,0.17500,0.09555,0.17139,0.12455
0.10337,0.10129,0.10959,0.10821,0.14459,0.09394,0.18580,0.15321
0.10027,0.09908,0.16524,0.16394,0.09420,0.08969,0.13170,0.15588
0.10505,0.10398,0.13441,0.13416,0.12164,0.08741,0.14513,0.16822
0.09995,0.09946,0.13718,0.14231,0.11887,0.11282,0.15103,0.13839
0.13361,0.13897,0.10890,0.10526,0.10597,0.10262,0.15938,0.14529
0.14775,0.15101,0.10721,0.10523,0.10825,0.12699,0.11058,0.14298
0.10981,0.10728,0.10383,0.10488,0.12320,0.15883,0.15999,0.13218
0.10784,0.10691,0.10618,0.10738,0.17986,0.12239,0.10466,0.16479
0.10405,0.10223,0.10451,0.10200,0.14405,0.15552,0.12389,0.16374
0.09940,0.09802,0.10202,0.10229,0.14152,0.12199,0.17124,0.16352
0.11001,0.10728,0.10320,0.10337,0.14947,0.16001,0.12082,0.14585
0.12684,0.12549,0.09355,0.09347,0.10503,0.09079,0.23006,0.13477
0.09334,0.09496,0.17118,0.17195,0.09858,0.11271,0.13290,0.12438
0.10380,0.10307,0.13874,0.13841,0.10875,0.11005,0.17095,0.12622
0.11468,0.11393,0.09301,0.09187,0.07002,0.10202,0.25153,0.16294
0.09170,0.09043,0.09091,0.08944,0.12637,0.12679,0.17274,0.21163
0.10888,0.10619,0.12896,0.12786,0.11535,0.09480,0.17593,0.14202
0.09702,0.09577,0.09443,0.09753,0.12202,0.17284,0.12321,0.19718
0.09954,0.09534,0.09737,0.09965,0.11680,0.14158,0.19177,0.15795
0.10450,0.10236,0.10066,0.10148,0.11769,0.17404,0.12679,0.17248
0.10154,0.09903,0.10056,0.10045,0.15235,0.17384,0.12887,0.14337
0.10087,0.10013,0.10963,0.11096,0.15623,0.12102,0.13247,0.16869
0.11321,0.11180,0.10887,0.10751,0.14993,0.13226,0.13030,0.14610
0.09231,0.08914,0.09586,0.09732,0.16954,0.13605,0.16347,0.15630
0.09625,0.09556,0.15231,0.15759,0.09240,0.09896,0.17122,0.13572
0.09722,0.09552,0.14789,0.14942,0.12123,0.09428,0.13038,0.16405
0.14075,0.14350,0.10205,0.09979,0.11352,0.10059,0.15508,0.14471
0.12186,0.11861,0.08727,0.08845,0.15295,0.14652,0.12160,0.16274
0.14174,0.14436,0.10199,0.10118,0.14807,0.11330,0.10942,0.13994
0.11050,0.10820,0.13698,0.14264,0.10957,0.08968,0.17844,0.12399
0.17111,0.18122,0.09563,0.09611,0.09999,0.08883,0.09318,0.17394
0.11971,0.11890,0.12495,0.12728,0.12313,0.11583,0.13513,0.13509
0.08786,0.08525,0.08533,0.08609,0.11050,0.15334,0.17755,0.21408
0.10376,0.10289,0.11836,0.11733,0.11856,0.15541,0.10805,0.17563
0.11553,0.11274,0.12897,0.13543,0.11525,0.09336,0.17009,0.12862
0.15065,0.15071,0.10884,0.10675,0.11229,0.10574,0.12635,0.13867
0.14885,0.14688,0.10100,0.10089,0.09691,0.10103,0.15735,0.14709
0.08645,0.08699,0.16717,0.17019,0.09887,0.09594,0.13145,0.16293
0.10259,0.10122,0.11402,0.11078,0.12296,0.12275,0.20634,0.11935
0.12334,0.12369,0.10424,0.10544,0.11129,0.09805,0.17004,0.16392
0.09520,0.09403,0.09461,0.09596,0.16865,0.18945,0.10167,0.16042
0.15050,0.15028,0.11398,0.11247,0.11102,0.09770,0.13303,0.13103
0.09846,0.09989,0.11032,0.11316,0.10288,0.18451,0.13238,0.15839
0.11218,0.10926,0.09898,0.09702,0.12231,0.14347,0.17036,0.14643
0.09774,0.09562,0.13969,0.13672,0.10326,0.11612,0.16172,0.14911
0.13554,0.13805,0.10853,0.10821,0.10706,0.12567,0.14160,0.13535
0.11176,0.10861,0.08954,0.09195,0.16151,0.15565,0.11675,0.16423
0.10144,0.10086,0.14327,0.14774,0.11217,0.11076,0.16245,0.12130
0.09993,0.09607,0.10402,0.10709,0.13264,0.19141,0.11511,0.15373
0.09373,0.09114,0.09037,0.09266,0.14447,0.14458,0.16523,0.17781
0.11867,0.11622,0.10079,0.10150,0.17339,0.12557,0.12039,0.14348
0.09714,0.10104,0.15172,0.15283,0.09719,0.11351,0.11235,0.17423
0.10124,0.10070,0.09970,0.09982,0.13869,0.18563,0.10227,0.17195
0.11100,0.11181,0.13278,0.13558,0.11494,0.12525,0.14905,0.11958
0.12080,0.11695,0.11351,0.11410,0.14761,0.13019,0.13269,0.12416
0.10812,0.10615,0.09099,0.09221,0.13637,0.21110,0.12206,0.13300
0.18601,0.19122,0.08285,0.08108,0.08886,0.09046,0.13242,0.14710
0.12171,0.12073,0.10614,0.10453,0.09816,0.09246,0.19851,0.15775
0.11967,0.11863,0.11087,0.10983,0.11040,0.17263,0.13281,0.12516
