0.03898,0.11218,0.01076,0.00007,0.00035,0.00000,0.83767
0.10005,0.04194,0.11971,0.01363,0.00017,0.00000,0.72449
0.34557,0.14164,0.01792,0.00000,0.00146,0.00000,0.49342
0.35540,0.21906,0.00007,0.00000,0.08848,0.00000,0.33700
0.45934,0.03486,0.02013,0.00000,0.09716,0.00000,0.38851
0.25953,0.05415,0.00384,0.01510,0.06917,0.00000,0.59821
0.11731,0.12845,0.00007,0.00000,0.00001,0.00000,0.75416
0.44069,0.01899,0.00375,0.02176,0.01475,0.00000,0.50006
0.19670,0.01050,0.00004,0.00000,0.02736,0.00000,0.76540
0.06038,0.02763,0.00000,0.00000,0.01965,0.00000,0.89235
0.06044,0.22940,0.03470,0.01377,0.00027,0.00000,0.66142
0.25194,0.06624,0.05166,0.00000,0.00354,0.00000,0.62662
0.11248,0.33767,0.01702,0.00014,0.00000,0.00000,0.53268
0.14474,0.05359,0.01195,0.00000,0.16758,0.00099,0.62115
0.47662,0.06788,0.00001,0.00000,0.12635,0.00000,0.32915
0.21057,0.21392,0.02310,0.00332,0.04251,0.00077,0.50580
0.33082,0.07450,0.01150,0.00000,0.01022,0.00000,0.57296
0.43692,0.27336,0.01776,0.00000,0.01331,0.00000,0.25865
0.28319,0.03979,0.02939,0.12559,0.12324,0.00000,0.39880
0.42509,0.11663,0.00131,0.00000,0.09817,0.00000,0.35880
0.20881,0.04110,0.02770,0.00000,0.00000,0.00000,0.72239
0.27220,0.12558,0.01553,0.00000,0.00192,0.00000,0.58477
0.29866,0.03469,0.01711,0.00000,0.00298,0.00000,0.64656
0.19711,0.26143,0.00049,0.00000,0.08670,0.00000,0.45427
0.69225,0.11486,0.00019,0.00000,0.00355,0.00000,0.18915
0.16396,0.00619,0.02211,0.02137,0.00133,0.00000,0.78504
0.04947,0.48306,0.01437,0.00000,0.17704,0.00000,0.27606
0.01438,0.20179,0.03164,0.00000,0.02712,0.00000,0.72507
0.33258,0.11228,0.03147,0.01122,0.01209,0.00000,0.50036
0.40810,0.26838,0.05754,0.00056,0.00312,0.00000,0.26230
0.21024,0.24304,0.02436,0.08432,0.01073,0.00000,0.42730
0.28109,0.15934,0.01197,0.00500,0.00175,0.00000,0.54085
0.23002,0.11493,0.09366,0.01064,0.00483,0.00000,0.54591
0.35638,0.11751,0.00153,0.03340,0.01172,0.00000,0.47947
0.48738,0.09383,0.01000,0.04336,0.07682,0.00000,0.28860
0.31942,0.29182,0.00011,0.01051,0.00149,0.00000,0.37666
0.12029,0.44517,0.05632,0.00024,0.00011,0.00000,0.37787
0.39754,0.00491,0.03481,0.00211,0.00001,0.00000,0.56062
0.21387,0.08734,0.00082,0.00001,0.01545,0.00000,0.68252
0.05808,0.01230,0.01639,0.00266,0.08517,0.00000,0.82540
0.39535,0.22711,0.00040,0.00709,0.01902,0.00000,0.35102
0.10593,0.20478,0.00005,0.00012,0.04817,0.00000,0.64095
0.07782,0.07676,0.00000,0.00000,0.00000,0.00000,0.84542
0.25367,0.04117,0.07687,0.00001,0.01312,0.00000,0.61516
0.36768,0.14135,0.00037,0.00037,0.00044,0.00002,0.48978
0.24972,0.28285,0.00943,0.00000,0.02225,0.00000,0.43576
0.45734,0.02587,0.00751,0.00802,0.03141,0.00000,0.46986
0.42092,0.06979,0.00000,0.04131,0.00000,0.00000,0.46797
0.14985,0.10283,0.00118,0.00000,0.10882,0.00000,0.63731
0.13067,0.12848,0.24894,0.00000,0.01208,0.00000,0.47983
0.17688,0.18591,0.01184,0.01686,0.00562,0.00000,0.60288
0.36374,0.26711,0.06966,0.00000,0.00034,0.00005,0.29909
0.16671,0.02807,0.20324,0.00005,0.00746,0.00000,0.59448
0.31879,0.00048,0.00719,0.01043,0.00044,0.00000,0.66267
0.35015,0.03485,0.01813,0.00000,0.00602,0.00000,0.59085
0.52680,0.17978,0.00071,0.00018,0.00006,0.00000,0.29247
0.55967,0.02153,0.00527,0.00000,0.04820,0.00000,0.36533
0.30878,0.06229,0.09040,0.00006,0.07562,0.00000,0.46284
0.45081,0.11059,0.00000,0.00151,0.19311,0.00000,0.24399
0.56771,0.12117,0.00115,0.00124,0.00025,0.00031,0.30818
0.20127,0.03941,0.00198,0.00000,0.00010,0.18705,0.57018
0.46345,0.15517,0.04691,0.00323,0.01275,0.00000,0.31849
0.17350,0.51024,0.00000,0.00121,0.00449,0.00000,0.31056
0.14642,0.22802,0.00000,0.00000,0.00763,0.00000,0.61793
0.49625,0.05558,0.00002,0.00001,0.00082,0.00000,0.44732
0.57617,0.12742,0.00210,0.00000,0.02509,0.00000,0.26921
0.53565,0.01514,0.01303,0.00000,0.00614,0.00000,0.43004
0.34285,0.03972,0.09149,0.00004,0.01390,0.05503,0.45697
0.11676,0.27797,0.01800,0.00000,0.08017,0.00000,0.50710
0.19242,0.13883,0.00511,0.00091,0.05383,0.00036,0.60855
0.59499,0.13399,0.01089,0.00004,0.08767,0.00000,0.17243
0.21518,0.06268,0.04914,0.00000,0.02032,0.00000,0.65268
0.11910,0.01988,0.00016,0.00624,0.00002,0.01375,0.84085
0.38834,0.23195,0.10367,0.00148,0.00152,0.00000,0.27305
0.44725,0.05237,0.00009,0.00000,0.01149,0.00000,0.48880
0.34369,0.35627,0.02946,0.00001,0.01918,0.00000,0.25139
0.19525,0.01233,0.02907,0.10595,0.05106,0.00000,0.60633
0.44344,0.16134,0.00538,0.00785,0.02278,0.00000,0.35922
0.28292,0.01089,0.00361,0.04059,0.05222,0.00000,0.60977
0.44293,0.05538,0.00000,0.00000,0.00639,0.00000,0.49530
0.33011,0.04414,0.05956,0.00002,0.04476,0.00000,0.52140
0.08499,0.42043,0.03677,0.05294,0.00847,0.00000,0.39641
0.43855,0.03244,0.00060,0.00000,0.01595,0.00000,0.51246
0.25845,0.37200,0.00295,0.00461,0.01538,0.00000,0.34661
0.31666,0.17740,0.09807,0.00106,0.00008,0.00000,0.40675
0.13656,0.53160,0.00225,0.17118,0.00023,0.00000,0.15817
0.22996,0.22209,0.10782,0.00000,0.00092,0.00000,0.43922
0.24547,0.03483,0.13271,0.00006,0.01342,0.00624,0.56727
0.18758,0.04077,0.00002,0.00001,0.01740,0.00000,0.75422
0.41851,0.19924,0.00322,0.00003,0.00000,0.00000,0.37900
0.44440,0.00873,0.01564,0.00000,0.00119,0.00000,0.53004
0.21808,0.06162,0.01386,0.00815,0.03208,0.00000,0.66620
0.12115,0.20127,0.00829,0.00000,0.00250,0.00000,0.66679
0.27298,0.01292,0.07048,0.14436,0.03593,0.00000,0.46333
0.63690,0.14016,0.02348,0.00000,0.00189,0.00000,0.19756
0.10760,0.40088,0.00320,0.00000,0.02684,0.00000,0.46148
0.22285,0.14427,0.01749,0.01278,0.00061,0.00000,0.60200
0.16878,0.08597,0.10437,0.00032,0.11284,0.00000,0.52772
0.29276,0.07840,0.02192,0.04167,0.00022,0.00000,0.56503
0.35221,0.13664,0.00109,0.00139,0.00001,0.00000,0.50866
0.45329,0.03319,0.08152,0.01302,0.03087,0.00000,0.38812
0.16271,0.21893,0.00059,0.00321,0.08833,0.00003,0.52619
0.12196,0.06231,0.00000,0.00000,0.00764,0.00000,0.80810
0.19448,0.32787,0.10217,0.00000,0.15569,0.00000,0.21980
0.33981,0.42066,0.00350,0.00000,0.01031,0.00000,0.22573
0.22010,0.09009,0.00011,0.00134,0.00006,0.00000,0.68830
0.24238,0.10784,0.04796,0.00000,0.02770,0.15932,0.41479
0.38953,0.00786,0.00511,0.00002,0.00113,0.00000,0.59636
0.53619,0.11088,0.00007,0.00615,0.01054,0.00000,0.33618
0.62409,0.06452,0.00696,0.00000,0.01777,0.00000,0.28667
0.19620,0.57373,0.00027,0.00020,0.01013,0.00000,0.21947
0.51312,0.28891,0.00267,0.00006,0.04869,0.00000,0.14655
0.41790,0.13504,0.00050,0.00000,0.13673,0.00000,0.30983
0.23318,0.04740,0.01894,0.00481,0.03623,0.00000,0.65944
0.04421,0.00488,0.08535,0.00000,0.15448,0.00000,0.71108
0.29423,0.04142,0.18199,0.00006,0.03210,0.00000,0.45021
0.24441,0.13593,0.00119,0.00122,0.00584,0.00000,0.61141
0.33229,0.04154,0.10656,0.00000,0.02433,0.00000,0.49528
0.01361,0.31117,0.01115,0.00000,0.01770,0.00000,0.64636
0.20421,0.00656,0.22844,0.00004,0.00623,0.00000,0.55453
0.18891,0.08736,0.00001,0.00139,0.04902,0.00000,0.67331
0.21052,0.00724,0.25374,0.00472,0.01602,0.00000,0.50776
0.21183,0.58241,0.01611,0.00000,0.03436,0.00000,0.15529
0.42161,0.17843,0.00352,0.00001,0.00390,0.00000,0.39252
0.02158,0.26810,0.05027,0.00000,0.00005,0.00005,0.65995
0.19734,0.01142,0.00038,0.00000,0.05570,0.00000,0.73516
0.17461,0.17401,0.00010,0.00000,0.02242,0.00000,0.62886
0.47511,0.01939,0.02419,0.02363,0.07095,0.00000,0.38673
0.23897,0.07940,0.00000,0.00000,0.02783,0.00000,0.65381
0.26587,0.04294,0.00753,0.04684,0.04180,0.00002,0.59500
0.12154,0.07999,0.00220,0.00502,0.00246,0.00000,0.78879
0.25488,0.27181,0.00023,0.04376,0.12653,0.00000,0.30278
0.40617,0.10430,0.05358,0.00000,0.00067,0.00000,0.43527
0.17125,0.24669,0.00665,0.00042,0.00050,0.00000,0.57449
0.20262,0.18795,0.07868,0.00004,0.00259,0.00000,0.52812
0.25578,0.05167,0.04518,0.00000,0.00301,0.00000,0.64436
0.15537,0.03966,0.05228,0.00000,0.19596,0.00000,0.55673
0.19635,0.23228,0.06138,0.00466,0.08077,0.00000,0.42457
0.37220,0.07857,0.14251,0.00000,0.00027,0.00000,0.40646
0.07224,0.18685,0.00000,0.00543,0.17639,0.00000,0.55909
0.05291,0.30911,0.23575,0.00000,0.00003,0.00000,0.40220
0.43208,0.02193,0.33959,0.00000,0.00271,0.00000,0.20369
0.09232,0.13683,0.00011,0.00030,0.00658,0.00001,0.76385
0.30499,0.06971,0.00015,0.00003,0.06386,0.00000,0.56127
0.51487,0.05165,0.00049,0.00000,0.00032,0.00000,0.43267
0.42944,0.09252,0.00009,0.00000,0.00001,0.00000,0.47793
0.10279,0.00716,0.00758,0.00000,0.00004,0.00000,0.88243
0.18306,0.12787,0.06722,0.01387,0.06980,0.00379,0.53439
0.36391,0.22563,0.00030,0.00033,0.04908,0.00000,0.36074
0.25272,0.10841,0.03818,0.00001,0.11551,0.00000,0.48517
0.19006,0.07739,0.03370,0.00001,0.02839,0.00000,0.67045
0.50239,0.16528,0.20881,0.00000,0.00456,0.00000,0.11896
0.29780,0.37578,0.00032,0.00000,0.00908,0.00000,0.31702
0.18770,0.07483,0.00353,0.00000,0.00433,0.00000,0.72960
0.13043,0.15233,0.00010,0.00000,0.07206,0.00000,0.64508
0.17724,0.04893,0.09539,0.00000,0.02110,0.00000,0.65734
0.25364,0.22597,0.01343,0.00608,0.00213,0.00000,0.49875
0.10188,0.37768,0.03528,0.04115,0.19281,0.00000,0.25120
0.21232,0.01359,0.00013,0.00000,0.00625,0.00001,0.76769
0.57146,0.19129,0.00651,0.00000,0.01341,0.00000,0.21734
0.13077,0.05211,0.00000,0.00000,0.02679,0.00000,0.79033
0.26403,0.39822,0.01739,0.00000,0.00797,0.00000,0.31239
0.40312,0.09461,0.14636,0.00000,0.00359,0.00026,0.35207
0.16219,0.02434,0.00639,0.00000,0.00271,0.00000,0.80436
0.27233,0.36707,0.00000,0.00089,0.00152,0.00000,0.35819
0.04140,0.30963,0.03991,0.00016,0.00000,0.00000,0.60890
0.46442,0.08679,0.00847,0.01105,0.00050,0.00000,0.42878
0.11657,0.08667,0.00000,0.04845,0.00000,0.00000,0.74830
0.54995,0.06933,0.00372,0.00015,0.01602,0.00000,0.36083
0.07294,0.23100,0.19090,0.00000,0.01070,0.00000,0.49447
0.12498,0.16061,0.03195,0.00000,0.05553,0.00020,0.62673
0.05874,0.03892,0.02922,0.00000,0.00162,0.00012,0.87138
0.27333,0.12986,0.00874,0.00154,0.00431,0.00000,0.58221
0.37932,0.15214,0.00007,0.00000,0.00163,0.00000,0.46685
0.11699,0.04686,0.07055,0.00001,0.00012,0.00000,0.76548
0.20836,0.14619,0.00334,0.00000,0.00012,0.00000,0.64199
0.03521,0.35197,0.00001,0.00059,0.01500,0.00000,0.59721
0.32631,0.01820,0.01802,0.00482,0.15820,0.00000,0.47445
0.50478,0.11146,0.00130,0.00000,0.07436,0.00000,0.30811
0.30280,0.01810,0.01399,0.00008,0.00008,0.05966,0.60529
0.19472,0.15512,0.00029,0.00000,0.19799,0.00000,0.45188
0.17944,0.03072,0.00012,0.12084,0.02116,0.00000,0.64773
0.09028,0.32067,0.03614,0.00034,0.31381,0.00000,0.23877
0.13991,0.18413,0.00063,0.00000,0.00000,0.00793,0.66740
0.06208,0.10350,0.00462,0.00917,0.01413,0.00000,0.80650
0.30307,0.18552,0.02172,0.00245,0.00044,0.00000,0.48681
0.20762,0.07326,0.01171,0.00013,0.00000,0.00000,0.70728
0.06886,0.19607,0.03111,0.00013,0.00022,0.00000,0.70361
0.18791,0.04375,0.01377,0.03562,0.00144,0.00000,0.71751
0.29737,0.07890,0.00260,0.06797,0.12843,0.00000,0.42472
0.20189,0.04573,0.01535,0.00000,0.13006,0.00003,0.60694
0.45234,0.02940,0.01438,0.00003,0.09405,0.00000,0.40980
0.34417,0.22140,0.10344,0.00000,0.00323,0.00000,0.32776
0.24896,0.09049,0.00120,0.00000,0.00140,0.00000,0.65795
0.27641,0.03512,0.00044,0.06169,0.00813,0.00000,0.61821
0.19536,0.45334,0.01150,0.00025,0.13755,0.00000,0.20200
0.08241,0.17845,0.29879,0.00019,0.00084,0.00000,0.43931
0.16546,0.10719,0.00045,0.00178,0.00178,0.00156,0.72178
0.12772,0.21719,0.00865,0.00000,0.00003,0.00000,0.64642
0.54847,0.06671,0.01721,0.00000,0.00131,0.00000,0.36631
0.34083,0.05202,0.00665,0.00798,0.00029,0.00000,0.59223
0.32307,0.08192,0.08156,0.00012,0.00190,0.00000,0.51143
0.40915,0.04997,0.00397,0.00000,0.06549,0.00004,0.47137
0.25536,0.34792,0.00126,0.00000,0.06453,0.00000,0.33093
0.23316,0.02183,0.00000,0.00000,0.04338,0.00081,0.70082
0.24292,0.20404,0.00000,0.05937,0.00036,0.00000,0.49331
0.45852,0.02589,0.07767,0.03434,0.00362,0.00000,0.39996
0.31213,0.20736,0.00016,0.00194,0.00005,0.00000,0.47836
0.39614,0.05822,0.28236,0.00000,0.00575,0.00000,0.25753
0.25769,0.05743,0.00036,0.00077,0.05071,0.00000,0.63304
0.19354,0.01644,0.10799,0.00000,0.00114,0.00000,0.68089
0.43185,0.01569,0.10023,0.00000,0.06017,0.00000,0.39206
0.11189,0.13198,0.00526,0.05667,0.04580,0.00000,0.64840
0.10014,0.00078,0.00128,0.00000,0.00413,0.00000,0.89367
0.26957,0.08246,0.19162,0.00046,0.00088,0.00000,0.45501
0.08402,0.05656,0.01945,0.00000,0.00022,0.00000,0.83974
0.09592,0.27033,0.00647,0.01537,0.23817,0.00000,0.37373
0.18687,0.12244,0.43825,0.00000,0.00247,0.00000,0.24997
0.18573,0.07827,0.16337,0.00008,0.06021,0.00000,0.51234
0.52639,0.00606,0.00846,0.00001,0.00009,0.00000,0.45900
0.37723,0.03979,0.05302,0.00000,0.00726,0.00000,0.52270
0.15674,0.23419,0.00012,0.00000,0.19957,0.00000,0.40938
0.05123,0.21450,0.00519,0.00010,0.00095,0.16498,0.56304
0.29061,0.12271,0.18160,0.01158,0.04121,0.00000,0.35229
0.41158,0.14997,0.00038,0.00000,0.00817,0.00000,0.42990
0.50433,0.16870,0.03230,0.00002,0.01158,0.00000,0.28307
0.30228,0.07529,0.04080,0.00000,0.00000,0.00000,0.58163
0.19964,0.01216,0.00000,0.00001,0.11320,0.00000,0.67498
0.14995,0.21497,0.00009,0.00817,0.06971,0.00000,0.55711
0.24577,0.06072,0.20286,0.00000,0.03664,0.00000,0.45402
0.11173,0.18005,0.05192,0.00000,0.03219,0.00001,0.62410
0.32792,0.10213,0.00081,0.00063,0.01924,0.00001,0.54926
0.33266,0.20833,0.00647,0.00018,0.00042,0.00000,0.45194
0.21926,0.21103,0.00051,0.00086,0.00000,0.00000,0.56834
0.13154,0.02431,0.02264,0.00002,0.00330,0.00000,0.81818
0.20504,0.39352,0.18581,0.01788,0.00002,0.00000,0.19773
0.40635,0.15428,0.00548,0.00012,0.04998,0.00000,0.38378
0.09720,0.36910,0.00280,0.00007,0.00009,0.00000,0.53074
0.22132,0.04096,0.00047,0.00003,0.00768,0.00000,0.72956
0.43198,0.16503,0.00076,0.00000,0.00256,0.00000,0.39967
0.39315,0.02878,0.00062,0.04103,0.07393,0.00000,0.46249
0.19279,0.16578,0.27079,0.00000,0.00041,0.00000,0.37022
0.10573,0.20455,0.00000,0.00000,0.03840,0.00014,0.65119
0.29724,0.06665,0.10757,0.00024,0.00041,0.00000,0.52790
0.27743,0.01874,0.01136,0.00000,0.14666,0.00000,0.54581
0.19030,0.08190,0.00000,0.01112,0.00064,0.00000,0.71603
0.51969,0.16264,0.00434,0.00069,0.00000,0.00000,0.31263
0.55643,0.12095,0.00000,0.00000,0.00707,0.00000,0.31556
0.26574,0.12460,0.04194,0.00000,0.00002,0.00000,0.56770
0.05092,0.45437,0.00000,0.00245,0.01633,0.00000,0.47593
0.19168,0.14401,0.00053,0.00000,0.11531,0.00000,0.54847
0.16766,0.02527,0.09722,0.00000,0.00098,0.00000,0.70887
0.09192,0.25119,0.00675,0.00418,0.00638,0.00000,0.63957
0.34157,0.12291,0.01549,0.00503,0.00152,0.00000,0.51347
0.38847,0.20452,0.00000,0.00009,0.02325,0.00000,0.38367
0.16963,0.31158,0.19551,0.00000,0.00382,0.00000,0.31945
0.36137,0.06488,0.15696,0.00197,0.07934,0.00000,0.33548
0.15113,0.17313,0.05658,0.03094,0.01759,0.00000,0.57063
0.38086,0.04626,0.00810,0.01725,0.00331,0.00000,0.54423
0.03677,0.06325,0.01974,0.00000,0.00889,0.00000,0.87135
0.38314,0.02823,0.07644,0.00022,0.02367,0.00000,0.48830
0.12608,0.18457,0.00076,0.00519,0.27470,0.00000,0.40870
0.50838,0.17383,0.00848,0.00000,0.03820,0.00000,0.27111
0.29164,0.08075,0.30840,0.00000,0.00399,0.00000,0.31522
0.26734,0.31391,0.00001,0.00000,0.00025,0.00000,0.41849
0.06866,0.14351,0.02829,0.00288,0.26122,0.07134,0.42410
0.19185,0.15408,0.01337,0.04186,0.01911,0.01565,0.56408
0.11632,0.12415,0.00002,0.00000,0.00000,0.00069,0.75882
0.43810,0.22368,0.01343,0.00000,0.01325,0.00000,0.31154
0.06310,0.24226,0.03973,0.00000,0.02921,0.00000,0.62570
0.18878,0.05532,0.08395,0.01355,0.00001,0.00000,0.65839
0.50321,0.13952,0.00106,0.00000,0.11290,0.00000,0.24331
0.13410,0.11736,0.22226,0.00000,0.03329,0.00000,0.49299
0.60449,0.11963,0.00070,0.00000,0.00003,0.00000,0.27515
0.28876,0.02309,0.01452,0.00001,0.01572,0.00000,0.65789
0.11865,0.06924,0.00047,0.00000,0.04356,0.00000,0.76808
0.24951,0.03235,0.02371,0.00000,0.01968,0.00000,0.67475
0.50982,0.11382,0.00022,0.00000,0.00000,0.00000,0.37614
0.09229,0.07869,0.00100,0.00000,0.00396,0.00000,0.82406
0.15418,0.10410,0.00000,0.00000,0.02522,0.00000,0.71650
0.19295,0.21975,0.04667,0.00042,0.00350,0.00000,0.53671
0.13532,0.14361,0.09044,0.03198,0.00005,0.00001,0.59860
0.12516,0.15182,0.04958,0.01115,0.02814,0.00000,0.63414
0.14404,0.31652,0.01182,0.00001,0.00100,0.00000,0.52660
0.36682,0.06169,0.05193,0.00000,0.02221,0.00000,0.49735
0.23539,0.09918,0.00025,0.00000,0.01080,0.00000,0.65438
0.29071,0.16333,0.00960,0.00000,0.01521,0.00000,0.52115
0.46152,0.25070,0.00054,0.01131,0.00020,0.00091,0.27483
0.30747,0.03592,0.24541,0.00000,0.01569,0.00000,0.39551
0.15672,0.17869,0.00150,0.06861,0.00001,0.00000,0.59447
0.18946,0.49044,0.04005,0.00000,0.00012,0.00000,0.27993
0.65218,0.06888,0.00000,0.00175,0.09114,0.00000,0.18605
0.22948,0.31427,0.16370,0.02592,0.04443,0.00000,0.22219
0.12309,0.14827,0.00006,0.00045,0.04794,0.00000,0.68018
0.26396,0.14993,0.00047,0.00090,0.03094,0.00000,0.55381
0.28466,0.22012,0.00075,0.00073,0.00592,0.00000,0.48782
0.22203,0.04420,0.03445,0.00000,0.00984,0.00000,0.68948
0.47789,0.00178,0.07417,0.00000,0.00145,0.00000,0.44471
0.25489,0.07451,0.02779,0.00000,0.01344,0.00000,0.62936
0.39207,0.00902,0.02832,0.00001,0.08374,0.00000,0.48685
