0.03943,0.05146,0.25862,0.65049
0.06703,0.07849,0.13521,0.71927
0.20114,0.18080,0.29710,0.32096
0.11359,0.12197,0.43689,0.32755
0.10796,0.13872,0.36353,0.38979
0.33278,0.15430,0.28436,0.22856
0.11200,0.11636,0.29520,0.47644
0.09150,0.10896,0.45810,0.34144
0.12058,0.09759,0.31883,0.46301
0.05880,0.07514,0.42524,0.44082
0.11327,0.15289,0.32408,0.40976
0.07874,0.09027,0.44278,0.38821
0.11410,0.20084,0.26217,0.42290
0.07615,0.09152,0.28533,0.54700
0.09906,0.09847,0.19575,0.60671
0.07919,0.10456,0.20169,0.61456
0.08872,0.10917,0.21027,0.59184
0.21783,0.26782,0.30651,0.20783
0.21681,0.26803,0.22099,0.29417
0.09174,0.12690,0.30751,0.47384
0.21453,0.25810,0.20962,0.31774
0.10867,0.11924,0.10791,0.66418
0.14196,0.16192,0.29390,0.40222
0.09197,0.27545,0.29180,0.34078
0.16248,0.13211,0.17795,0.52746
0.14331,0.17409,0.17387,0.50873
0.10249,0.09542,0.16268,0.63941
0.14072,0.19851,0.18914,0.47163
0.07995,0.09046,0.46792,0.36167
0.15387,0.18149,0.33549,0.32914
0.23583,0.26928,0.15910,0.33580
0.14945,0.17803,0.26699,0.40553
0.28902,0.32153,0.10635,0.28309
0.09209,0.09752,0.32089,0.48950
0.09920,0.10428,0.44969,0.34683
0.17098,0.21548,0.23816,0.37539
0.12969,0.14831,0.33443,0.38757
0.10228,0.13471,0.34843,0.41459
0.09809,0.11236,0.40716,0.38238
0.06701,0.06946,0.49432,0.36921
0.12064,0.13998,0.41241,0.32697
0.12894,0.14329,0.37863,0.34914
0.10854,0.12955,0.19331,0.56859
0.07190,0.08595,0.33275,0.50939
0.09758,0.10459,0.36480,0.43303
0.21772,0.23550,0.22116,0.32562
0.08920,0.14584,0.23794,0.52702
0.08932,0.09976,0.35947,0.45144
0.27082,0.29330,0.13754,0.29834
0.13836,0.19424,0.19122,0.47618
0.17743,0.18654,0.21199,0.42404
0.11992,0.13511,0.36269,0.38229
0.14488,0.21336,0.23497,0.40679
0.07438,0.09835,0.16797,0.65930
0.09829,0.11062,0.28343,0.50766
0.13429,0.17088,0.33878,0.35605
0.07671,0.07533,0.37125,0.47671
0.14230,0.13339,0.27969,0.44462
0.19288,0.20201,0.31315,0.29195
0.15409,0.24670,0.12635,0.47286
0.09901,0.12628,0.32940,0.44530
0.11792,0.13118,0.28150,0.46940
0.19919,0.19937,0.17657,0.42487
0.20922,0.26060,0.12882,0.40135
0.07994,0.12144,0.27690,0.52172
0.15693,0.18466,0.29892,0.35949
0.14700,0.14133,0.41641,0.29526
0.13043,0.13210,0.23355,0.50392
0.07938,0.09315,0.36465,0.46283
0.11355,0.13217,0.24307,0.51121
0.19355,0.25006,0.21292,0.34347
0.14339,0.16379,0.20809,0.48474
0.05896,0.07548,0.46390,0.40166
0.11065,0.13299,0.39231,0.36405
0.20620,0.25118,0.16081,0.38180
0.06801,0.09054,0.24370,0.59774
0.09578,0.11660,0.27182,0.51579
0.14420,0.19436,0.20561,0.45582
0.12118,0.12131,0.35269,0.40482
0.12357,0.17647,0.37773,0.32223
0.16788,0.20851,0.21746,0.40615
0.06916,0.07249,0.43806,0.42028
0.16025,0.17683,0.19467,0.46824
0.09555,0.12102,0.34416,0.43927
0.11519,0.11209,0.15382,0.61891
0.09880,0.12140,0.15807,0.62173
0.14553,0.16907,0.33863,0.34678
0.09499,0.10263,0.41194,0.39043
0.12853,0.15491,0.30378,0.41278
0.16512,0.20595,0.25128,0.37765
0.12399,0.14411,0.17744,0.55446
0.15813,0.21137,0.20977,0.42072
0.24738,0.22237,0.24754,0.28271
0.15754,0.09658,0.17180,0.57408
0.16799,0.17185,0.21075,0.44941
0.05241,0.05762,0.42181,0.46817
0.13393,0.15097,0.12517,0.58993
0.13707,0.19714,0.27655,0.38925
0.09813,0.11857,0.28744,0.49586
0.15749,0.17307,0.38718,0.28227
