0.18036,0.04752,0.10070,0.03831,0.03619,0.15816,0.01065,0.03951,0.18124,0.07163,0.00833,0.00972,0.01636,0.00929,0.01921,0.01234,0.00528,0.04264,0.00474,0.00782
0.04449,0.03087,0.04123,0.03692,0.10339,0.05187,0.05527,0.07358,0.02220,0.16916,0.05887,0.09656,0.04182,0.05339,0.02591,0.02353,0.02564,0.01940,0.00588,0.02003
0.00775,0.11828,0.29521,0.04945,0.18246,0.03792,0.02313,0.11390,0.01929,0.02812,0.01371,0.01023,0.00648,0.01126,0.00584,0.03797,0.02411,0.00719,0.00352,0.00418
0.11750,0.11067,0.03791,0.04969,0.03346,0.30449,0.01690,0.02945,0.01487,0.04789,0.04428,0.01623,0.02382,0.03292,0.01605,0.01581,0.03997,0.00903,0.00909,0.02997
0.07688,0.11246,0.13515,0.06218,0.02452,0.11471,0.01421,0.01790,0.10475,0.04951,0.05164,0.01167,0.12430,0.03782,0.01687,0.01293,0.00562,0.00903,0.00622,0.01161
0.35276,0.01473,0.01715,0.05338,0.23115,0.07375,0.02225,0.02671,0.01065,0.04143,0.01674,0.05658,0.01529,0.00990,0.00486,0.02144,0.01745,0.00570,0.00312,0.00495
0.02559,0.07231,0.01867,0.01368,0.03673,0.07173,0.04731,0.09831,0.02379,0.40316,0.02872,0.04575,0.01728,0.02763,0.00936,0.02110,0.02280,0.00699,0.00390,0.00518
0.01870,0.01356,0.01772,0.03819,0.37147,0.02751,0.02943,0.20230,0.03640,0.05017,0.00731,0.07151,0.01264,0.01337,0.02535,0.01482,0.01277,0.01253,0.00832,0.01590
0.09172,0.01809,0.06237,0.02543,0.38860,0.03364,0.01332,0.13135,0.01028,0.03934,0.01565,0.01668,0.01432,0.05527,0.01029,0.00989,0.02881,0.01107,0.01458,0.00929
0.04566,0.02441,0.03203,0.12779,0.03317,0.04478,0.05995,0.20338,0.04324,0.15455,0.06171,0.02443,0.01600,0.01776,0.04873,0.02046,0.01556,0.01080,0.01008,0.00552
0.03254,0.02337,0.02099,0.06409,0.27926,0.16979,0.00762,0.12542,0.09603,0.01581,0.01280,0.07388,0.00860,0.00904,0.00533,0.01894,0.01206,0.01612,0.00423,0.00408
0.17016,0.02105,0.14611,0.05834,0.09228,0.04278,0.03385,0.09147,0.01458,0.12800,0.00741,0.06508,0.01858,0.00760,0.03135,0.01464,0.01004,0.02040,0.00702,0.01926
0.02241,0.01473,0.01724,0.08035,0.20886,0.01862,0.02673,0.20390,0.02941,0.08117,0.02095,0.14690,0.02073,0.01782,0.01545,0.01040,0.03208,0.01317,0.00800,0.01108
0.03144,0.02715,0.03063,0.05667,0.04835,0.03700,0.08442,0.09824,0.01598,0.10347,0.02961,0.24136,0.04574,0.03069,0.03587,0.01096,0.01672,0.02072,0.00821,0.02677
0.02977,0.07115,0.04948,0.05866,0.03307,0.19177,0.01801,0.03252,0.11830,0.10449,0.03122,0.01026,0.06322,0.02842,0.06202,0.01213,0.06029,0.00697,0.00812,0.01012
0.20336,0.03176,0.12153,0.09605,0.03403,0.04256,0.03957,0.22353,0.07327,0.01865,0.00698,0.01086,0.00822,0.01077,0.00873,0.00597,0.00594,0.02353,0.00428,0.03041
0.03493,0.03062,0.23499,0.16467,0.01577,0.01277,0.02754,0.02160,0.03021,0.04837,0.07327,0.10401,0.03945,0.02742,0.02156,0.02293,0.00664,0.01374,0.01518,0.05433
0.01247,0.02233,0.01970,0.02163,0.20601,0.04434,0.02667,0.27597,0.01239,0.11848,0.01639,0.01200,0.02216,0.09230,0.03985,0.00821,0.01310,0.01100,0.00587,0.01913
0.15598,0.03961,0.03177,0.05759,0.02565,0.23071,0.02333,0.02666,0.04269,0.12518,0.03241,0.01067,0.08459,0.02510,0.01271,0.01048,0.01221,0.02180,0.01248,0.01837
0.03777,0.13701,0.35928,0.02182,0.11050,0.03285,0.01278,0.05297,0.01813,0.03509,0.01965,0.05743,0.01840,0.03707,0.01012,0.01374,0.01488,0.00474,0.00211,0.00366
0.29603,0.03256,0.08608,0.06178,0.03122,0.05694,0.02712,0.02407,0.01798,0.22902,0.02427,0.01532,0.02418,0.01656,0.01207,0.01627,0.00736,0.00646,0.00855,0.00617
0.02607,0.05238,0.01892,0.01938,0.05627,0.07243,0.01227,0.18288,0.09341,0.07577,0.00839,0.01146,0.02436,0.01070,0.00923,0.03668,0.25698,0.00795,0.00858,0.01588
0.02844,0.09321,0.03196,0.03326,0.04317,0.27604,0.02142,0.06835,0.01009,0.24306,0.02196,0.02089,0.01953,0.02450,0.00843,0.01291,0.01639,0.01008,0.00499,0.01132
0.08655,0.02862,0.17440,0.03738,0.04142,0.01302,0.00792,0.30713,0.02492,0.02922,0.01339,0.02380,0.00769,0.01656,0.00431,0.02124,0.02502,0.11836,0.00515,0.01389
0.05842,0.04974,0.06296,0.09703,0.33212,0.06144,0.02573,0.02864,0.05332,0.02677,0.04332,0.01722,0.00929,0.02581,0.02278,0.01776,0.02399,0.02598,0.00900,0.00868
0.05870,0.04734,0.03345,0.12790,0.02852,0.14609,0.01325,0.23914,0.04391,0.08033,0.01676,0.03754,0.01184,0.02015,0.00856,0.01325,0.00743,0.03133,0.01072,0.02380
0.06635,0.04713,0.05479,0.10961,0.05503,0.24040,0.04791,0.02941,0.01874,0.02384,0.01736,0.02796,0.01242,0.03271,0.16705,0.01439,0.01301,0.00477,0.00838,0.00875
0.02600,0.04414,0.06328,0.02201,0.06571,0.28996,0.02079,0.04984,0.04423,0.17894,0.01443,0.02207,0.02761,0.02359,0.00651,0.03037,0.01769,0.01359,0.00798,0.03127
0.07112,0.04809,0.12362,0.11355,0.07012,0.04824,0.03354,0.03958,0.03140,0.19747,0.03248,0.01015,0.04428,0.01976,0.02295,0.03651,0.01902,0.00744,0.00824,0.02246
0.15873,0.05058,0.04068,0.09213,0.11686,0.02528,0.02848,0.10961,0.18492,0.03043,0.00691,0.02503,0.00961,0.01032,0.01154,0.02864,0.02116,0.02629,0.00674,0.01608
0.03416,0.04023,0.03026,0.03262,0.08207,0.07796,0.04959,0.05327,0.02603,0.40032,0.03694,0.01711,0.02707,0.03462,0.01367,0.00906,0.00873,0.00516,0.01493,0.00618
0.01253,0.02270,0.03200,0.09336,0.24450,0.01655,0.04306,0.16636,0.07361,0.06260,0.01226,0.01456,0.01136,0.02149,0.01316,0.00784,0.01436,0.01698,0.01284,0.10787
0.01565,0.03525,0.06176,0.01903,0.33097,0.01955,0.05882,0.11865,0.05260,0.05321,0.00842,0.02013,0.01315,0.03060,0.03789,0.07773,0.01064,0.01831,0.00779,0.00984
0.02474,0.28578,0.02622,0.01963,0.04797,0.12435,0.01002,0.05770,0.01472,0.05192,0.06622,0.01724,0.07930,0.03645,0.01107,0.03507,0.03762,0.01464,0.00993,0.02941
0.05942,0.01971,0.02917,0.30338,0.07959,0.02384,0.02629,0.07529,0.07812,0.03419,0.05051,0.00760,0.00997,0.15943,0.00835,0.00578,0.00750,0.00719,0.00376,0.01089
0.20347,0.01309,0.03342,0.07369,0.05245,0.23332,0.03313,0.02003,0.00761,0.04324,0.13316,0.00856,0.04180,0.01557,0.02996,0.00602,0.03277,0.00719,0.00472,0.00681
0.01694,0.15116,0.01702,0.03498,0.12964,0.04943,0.17472,0.03625,0.02658,0.09279,0.02332,0.03412,0.02150,0.01315,0.08431,0.00632,0.02271,0.02345,0.00346,0.03815
0.04214,0.02606,0.10396,0.08742,0.02841,0.02188,0.01586,0.11092,0.04166,0.13067,0.01940,0.07403,0.03854,0.01621,0.01577,0.01365,0.12759,0.02587,0.03381,0.02612
0.02715,0.02190,0.04396,0.09617,0.15077,0.02571,0.02926,0.32925,0.01640,0.01400,0.02029,0.01105,0.04628,0.02924,0.01786,0.02028,0.08365,0.00609,0.00355,0.00714
0.26543,0.02806,0.07542,0.06784,0.08619,0.02987,0.10734,0.01576,0.03111,0.01416,0.07323,0.02408,0.02163,0.07938,0.01486,0.02745,0.01486,0.01101,0.00514,0.00719
0.03397,0.07376,0.11813,0.06753,0.07796,0.11063,0.02901,0.04066,0.02641,0.05079,0.17720,0.03928,0.00657,0.04022,0.00752,0.03745,0.02860,0.01894,0.00976,0.00560
0.06697,0.11015,0.09991,0.03906,0.16959,0.02581,0.06665,0.03658,0.04229,0.02744,0.05459,0.01507,0.10172,0.04648,0.01420,0.01003,0.02658,0.01930,0.00889,0.01870
0.08690,0.04150,0.03480,0.02449,0.04983,0.09074,0.03692,0.13004,0.03228,0.05977,0.06402,0.03055,0.10407,0.02807,0.02044,0.02225,0.10102,0.01516,0.00838,0.01876
0.03888,0.10640,0.02080,0.02243,0.03890,0.28435,0.05849,0.08488,0.05242,0.15060,0.01576,0.03590,0.01494,0.01274,0.01858,0.00609,0.00548,0.01392,0.00607,0.01239
0.01589,0.04211,0.14615,0.01779,0.06751,0.01580,0.14736,0.09145,0.00912,0.01078,0.01385,0.01204,0.02066,0.00900,0.00575,0.19063,0.16386,0.00740,0.00468,0.00815
0.04169,0.03017,0.26113,0.02102,0.23713,0.01809,0.05782,0.01712,0.05254,0.01041,0.01297,0.02304,0.01258,0.10641,0.01544,0.01309,0.00869,0.00676,0.00347,0.05043
0.10766,0.07889,0.10390,0.04659,0.02572,0.03387,0.03575,0.02635,0.09182,0.20368,0.01551,0.10373,0.02505,0.00988,0.00936,0.02419,0.02919,0.01107,0.00721,0.01057
0.03495,0.02923,0.03153,0.02464,0.13074,0.22740,0.06205,0.08875,0.01313,0.16724,0.00863,0.01139,0.02006,0.01457,0.01775,0.03207,0.02194,0.04061,0.01504,0.00827
0.02071,0.02307,0.05396,0.01318,0.03389,0.22894,0.01540,0.01786,0.01120,0.11826,0.09030,0.00532,0.00659,0.31567,0.00884,0.00757,0.01428,0.00503,0.00332,0.00663
0.08540,0.06590,0.02827,0.05812,0.10330,0.10561,0.03621,0.12149,0.04191,0.02117,0.18569,0.02891,0.00739,0.04770,0.01745,0.01217,0.00881,0.00998,0.00942,0.00511
0.04495,0.04059,0.23188,0.07721,0.03866,0.10883,0.01451,0.06414,0.10888,0.02053,0.02424,0.01340,0.06520,0.02375,0.01670,0.04892,0.01464,0.00777,0.02217,0.01304
0.01910,0.12669,0.06526,0.05801,0.03915,0.03220,0.02677,0.30398,0.01553,0.05145,0.05952,0.05241,0.03625,0.04422,0.02046,0.01493,0.00943,0.00876,0.00265,0.01323
0.16687,0.02081,0.02192,0.01824,0.06343,0.04614,0.01779,0.10510,0.01116,0.20421,0.02330,0.01440,0.02087,0.01727,0.00773,0.16890,0.05409,0.00909,0.00311,0.00555
0.08383,0.05269,0.05366,0.02038,0.05431,0.05981,0.16364,0.02907,0.21424,0.01921,0.03363,0.01086,0.01829,0.10054,0.00832,0.00679,0.01270,0.00812,0.00677,0.04313
0.03582,0.41690,0.04542,0.02327,0.05208,0.02311,0.02197,0.01861,0.00887,0.10463,0.01669,0.01988,0.00952,0.01421,0.11260,0.01194,0.03268,0.01671,0.00924,0.00588
0.03060,0.15963,0.04868,0.02731,0.13846,0.13297,0.03720,0.03887,0.02470,0.03175,0.01370,0.02577,0.01508,0.01558,0.11495,0.09255,0.03166,0.00844,0.00329,0.00882
0.03697,0.02309,0.02760,0.03344,0.02616,0.04783,0.02208,0.06007,0.02918,0.24973,0.09037,0.01682,0.02430,0.03675,0.01222,0.11746,0.11524,0.00904,0.01225,0.00939
0.02126,0.01405,0.04266,0.02628,0.03970,0.17429,0.01386,0.02658,0.11417,0.22578,0.02309,0.00680,0.01240,0.23048,0.00596,0.00637,0.00508,0.00310,0.00487,0.00322
0.02409,0.03293,0.09854,0.11275,0.05180,0.03541,0.03077,0.06833,0.09803,0.11706,0.03675,0.05791,0.07837,0.01895,0.05598,0.00787,0.01332,0.02772,0.01281,0.02061
0.00815,0.06789,0.07295,0.07098,0.13635,0.15055,0.01426,0.01996,0.27586,0.02925,0.04467,0.00700,0.00904,0.04016,0.01312,0.00757,0.00839,0.01678,0.00271,0.00439
0.02488,0.04073,0.32924,0.13457,0.09860,0.01180,0.01708,0.15585,0.01741,0.04807,0.01618,0.02828,0.01258,0.01137,0.01007,0.00729,0.00613,0.01418,0.00612,0.00958
0.02003,0.03034,0.17834,0.03720,0.43671,0.02619,0.01973,0.09707,0.02214,0.02262,0.01581,0.00813,0.01112,0.01713,0.01320,0.01016,0.01483,0.00945,0.00553,0.00427
0.05273,0.03403,0.02617,0.17911,0.21990,0.02816,0.02173,0.17496,0.02753,0.02045,0.03131,0.02101,0.02005,0.02941,0.01743,0.01696,0.05074,0.00783,0.01250,0.00798
0.02569,0.08282,0.05997,0.05194,0.06978,0.04952,0.01157,0.09998,0.05951,0.05593,0.04959,0.03624,0.04222,0.12219,0.01247,0.00834,0.01919,0.05465,0.01147,0.07692
0.26924,0.01497,0.06454,0.02873,0.08435,0.02210,0.03077,0.14093,0.00816,0.06263,0.02684,0.07289,0.05006,0.01561,0.02027,0.01067,0.01147,0.02989,0.00695,0.02892
0.04719,0.00556,0.01193,0.17376,0.33271,0.02293,0.01482,0.20100,0.00618,0.02054,0.03987,0.00943,0.00945,0.04797,0.00836,0.00768,0.02379,0.00706,0.00330,0.00647
0.01089,0.06633,0.03408,0.04001,0.22086,0.04651,0.13877,0.04997,0.11990,0.04419,0.03313,0.01784,0.01381,0.07007,0.01722,0.03487,0.01944,0.01136,0.00431,0.00646
0.02068,0.24011,0.07117,0.03037,0.08865,0.03146,0.04651,0.17644,0.03135,0.08957,0.01597,0.02571,0.00785,0.01629,0.01061,0.02857,0.01375,0.01913,0.00720,0.02862
0.02933,0.02209,0.02236,0.26115,0.23721,0.03586,0.01128,0.04164,0.02759,0.09703,0.01540,0.01590,0.01020,0.02624,0.01016,0.02965,0.01168,0.06952,0.00604,0.01966
0.19550,0.09474,0.05697,0.02163,0.10236,0.09216,0.01719,0.05371,0.19756,0.01631,0.01001,0.02681,0.00761,0.01168,0.03017,0.02122,0.00758,0.00942,0.00348,0.02388
0.01947,0.03301,0.04618,0.05650,0.09838,0.16930,0.00775,0.21281,0.14080,0.03349,0.01663,0.02205,0.01786,0.01956,0.00559,0.02590,0.02638,0.03345,0.00762,0.00729
0.04435,0.04950,0.08593,0.10740,0.24281,0.03110,0.02158,0.05771,0.01634,0.08721,0.01006,0.03647,0.04153,0.01501,0.03646,0.04256,0.03679,0.01406,0.01211,0.01103
0.06523,0.11903,0.02388,0.01480,0.04061,0.09859,0.01074,0.13900,0.30774,0.01797,0.00879,0.01788,0.01378,0.01371,0.04202,0.02810,0.01435,0.00524,0.00699,0.01154
0.01467,0.02915,0.01736,0.05487,0.04081,0.01729,0.01923,0.11909,0.07124,0.10169,0.03396,0.14844,0.04104,0.01167,0.01201,0.01457,0.15928,0.04262,0.00970,0.04132
0.03115,0.07348,0.05914,0.02998,0.02528,0.20720,0.06068,0.08728,0.07874,0.12783,0.01207,0.01568,0.01623,0.03168,0.01068,0.00773,0.00880,0.01101,0.01535,0.08999
0.01482,0.43833,0.03086,0.07616,0.09116,0.03945,0.03568,0.09323,0.01720,0.03066,0.01556,0.00951,0.01483,0.02269,0.00815,0.01652,0.01058,0.01395,0.00952,0.01117
0.03255,0.03009,0.03807,0.03124,0.24140,0.13464,0.01651,0.08692,0.13130,0.06503,0.01243,0.01061,0.01336,0.00960,0.03152,0.02032,0.01313,0.01832,0.01685,0.04613
0.05301,0.04727,0.03103,0.05919,0.27533,0.03545,0.05141,0.15615,0.01446,0.09415,0.01837,0.04037,0.01960,0.03792,0.01257,0.01022,0.01004,0.01153,0.00639,0.01555
0.24747,0.04854,0.03371,0.04636,0.03202,0.05231,0.03984,0.09936,0.01950,0.03252,0.03592,0.01687,0.06635,0.03258,0.01007,0.11521,0.02532,0.02281,0.01031,0.01292
0.22260,0.02117,0.05947,0.20643,0.04018,0.02920,0.13052,0.05222,0.01335,0.05950,0.01640,0.01591,0.02244,0.01951,0.02336,0.01450,0.01378,0.00985,0.00825,0.02135
0.02554,0.01986,0.04811,0.03637,0.04169,0.34730,0.04336,0.02684,0.10553,0.19848,0.01028,0.00637,0.02223,0.01138,0.01040,0.00586,0.01826,0.00685,0.00728,0.00802
0.15179,0.08407,0.05593,0.04681,0.07295,0.03241,0.15232,0.04507,0.01737,0.09347,0.02013,0.03359,0.08280,0.01118,0.02190,0.02421,0.02109,0.01324,0.00511,0.01454
0.02040,0.14001,0.07104,0.03153,0.18300,0.04806,0.05152,0.15871,0.03436,0.07065,0.00947,0.00609,0.01714,0.01858,0.00863,0.00716,0.00989,0.00904,0.01213,0.09260
0.03993,0.15078,0.05829,0.08735,0.04519,0.03633,0.02348,0.06668,0.06642,0.26922,0.01688,0.01764,0.02344,0.02665,0.02505,0.00886,0.01354,0.00700,0.01021,0.00707
0.03484,0.03762,0.04373,0.12169,0.19647,0.10766,0.01666,0.08579,0.03606,0.02684,0.02040,0.01414,0.04862,0.03400,0.02789,0.01757,0.02249,0.08356,0.00767,0.01630
0.03010,0.06837,0.02068,0.09547,0.02031,0.14473,0.01616,0.03000,0.06061,0.07783,0.13313,0.02692,0.03428,0.05959,0.08129,0.00999,0.01579,0.01447,0.00654,0.05376
0.38276,0.03759,0.07175,0.01571,0.01433,0.05898,0.01896,0.02822,0.01122,0.21281,0.01440,0.06622,0.01148,0.01396,0.01266,0.00890,0.00384,0.00540,0.00426,0.00655
0.04756,0.12850,0.04006,0.04058,0.04337,0.03138,0.03644,0.03452,0.02477,0.09587,0.17408,0.03063,0.01063,0.08922,0.03852,0.01145,0.09917,0.00987,0.00547,0.00791
0.02375,0.05090,0.05414,0.03050,0.07830,0.02660,0.25284,0.10334,0.02175,0.02211,0.02971,0.02031,0.01356,0.01160,0.21222,0.01293,0.00727,0.00696,0.01065,0.01057
0.30953,0.02364,0.06857,0.02005,0.05128,0.07935,0.01830,0.04477,0.01480,0.24134,0.01369,0.03609,0.01939,0.01541,0.01615,0.00879,0.00537,0.00571,0.00282,0.00496
0.01483,0.08509,0.09413,0.05203,0.01308,0.00995,0.01368,0.24658,0.04996,0.01455,0.00812,0.24781,0.01182,0.00597,0.04356,0.00414,0.04944,0.02266,0.00473,0.00786
0.22320,0.13892,0.06412,0.02835,0.05284,0.06768,0.02342,0.10298,0.13071,0.01426,0.01579,0.02246,0.02616,0.02655,0.01292,0.01964,0.00751,0.00451,0.00436,0.01361
0.42586,0.02120,0.09748,0.02762,0.07005,0.08150,0.01621,0.04855,0.02722,0.04056,0.02335,0.05423,0.00904,0.01180,0.00701,0.01048,0.00635,0.00601,0.00230,0.01319
0.01017,0.02435,0.00907,0.10537,0.42917,0.02218,0.02385,0.01478,0.02939,0.01957,0.00912,0.14643,0.01822,0.00750,0.00940,0.01427,0.08785,0.01046,0.00235,0.00649
0.04774,0.05674,0.06998,0.02277,0.24865,0.05451,0.02133,0.13325,0.01275,0.00815,0.00556,0.02192,0.01356,0.00709,0.01587,0.11749,0.12506,0.00556,0.00251,0.00950
0.02072,0.30180,0.27497,0.04011,0.05413,0.01547,0.03682,0.03976,0.06606,0.02672,0.01303,0.02031,0.00818,0.02140,0.01608,0.01890,0.00791,0.00603,0.00595,0.00565
0.03130,0.02703,0.27566,0.03060,0.06254,0.05270,0.12034,0.06724,0.02037,0.04925,0.00903,0.02641,0.01547,0.01671,0.01527,0.06659,0.02697,0.04885,0.02392,0.01377
0.10713,0.03507,0.08458,0.02629,0.03903,0.02681,0.08675,0.14147,0.05457,0.02614,0.01078,0.08703,0.02244,0.01572,0.02415,0.06289,0.01066,0.02073,0.09249,0.02530
0.25180,0.02937,0.17336,0.05428,0.03599,0.12723,0.01778,0.06050,0.03233,0.05093,0.00940,0.01349,0.01585,0.01499,0.01757,0.00552,0.00673,0.03420,0.00499,0.04368
0.32403,0.01560,0.03336,0.04511,0.04546,0.09804,0.02800,0.02405,0.01276,0.16200,0.02777,0.04841,0.04222,0.02903,0.00670,0.01667,0.02187,0.00658,0.00341,0.00892
