0.02150,0.03967,0.02452,0.02559,0.02130,0.02074,0.01457,0.01670,0.01570,0.01018,0.17047,0.20061,0.23910,0.12013,0.01328,0.00768,0.00596,0.00884,0.00779,0.01567
0.01482,0.05418,0.10963,0.12541,0.00982,0.04186,0.01117,0.47384,0.01855,0.02653,0.01327,0.01377,0.01243,0.01169,0.00765,0.02733,0.01022,0.00345,0.00668,0.00770
0.01946,0.01520,0.02282,0.02630,0.00613,0.01224,0.00531,0.01510,0.01169,0.01258,0.00961,0.66973,0.00785,0.10459,0.03577,0.00540,0.00686,0.00438,0.00440,0.00456
0.03391,0.06537,0.16769,0.05289,0.01489,0.05863,0.01785,0.04417,0.02805,0.02615,0.03719,0.20093,0.02701,0.12846,0.02303,0.01124,0.01189,0.00805,0.00688,0.03570
0.07569,0.05670,0.01324,0.01866,0.01445,0.39145,0.01441,0.01848,0.12969,0.01499,0.07549,0.02963,0.05393,0.03047,0.00907,0.01111,0.00989,0.01005,0.00706,0.01556
0.02081,0.08425,0.02516,0.36289,0.07395,0.04990,0.03036,0.02080,0.04442,0.03765,0.07369,0.03986,0.01656,0.03860,0.01163,0.01911,0.01418,0.01289,0.00980,0.01350
0.04493,0.03694,0.02667,0.03352,0.01458,0.02636,0.01587,0.02814,0.02306,0.04133,0.40637,0.02487,0.07879,0.02354,0.00790,0.06052,0.05469,0.00966,0.02413,0.01814
0.07546,0.03333,0.02340,0.08881,0.06570,0.10552,0.03029,0.04629,0.29061,0.02947,0.02510,0.01793,0.01514,0.01751,0.01374,0.01810,0.05101,0.01223,0.00947,0.03089
0.03656,0.03313,0.01539,0.02135,0.02033,0.06196,0.03165,0.02026,0.02688,0.01277,0.14470,0.14562,0.12580,0.11515,0.02632,0.00683,0.00472,0.12585,0.01355,0.01118
0.01422,0.03952,0.22391,0.08756,0.02527,0.02105,0.02338,0.04525,0.04453,0.07672,0.07273,0.01978,0.08299,0.01940,0.01713,0.05100,0.10566,0.00740,0.00692,0.01558
0.01702,0.01551,0.69116,0.02377,0.00668,0.01074,0.00985,0.01275,0.02115,0.01278,0.01556,0.06081,0.01350,0.04215,0.01266,0.00872,0.00754,0.00600,0.00529,0.00636
0.01801,0.31011,0.01988,0.02951,0.00798,0.03896,0.00636,0.01358,0.01734,0.02336,0.02004,0.19591,0.01901,0.22911,0.01148,0.00962,0.00940,0.00588,0.00478,0.00969
0.05556,0.04756,0.04164,0.05845,0.02243,0.02993,0.01797,0.03828,0.02467,0.02125,0.02795,0.22365,0.02144,0.28296,0.03021,0.01586,0.01280,0.00823,0.00558,0.01356
0.01654,0.01637,0.02132,0.04598,0.01566,0.01411,0.01377,0.01846,0.01794,0.01797,0.44723,0.01515,0.26671,0.01656,0.00586,0.00439,0.00439,0.00644,0.02710,0.00804
0.02927,0.24550,0.01087,0.03431,0.01347,0.21326,0.00708,0.01045,0.01481,0.00860,0.07805,0.05325,0.07018,0.02475,0.03278,0.09701,0.02444,0.01087,0.00339,0.01767
0.02436,0.16867,0.01705,0.03343,0.01580,0.22704,0.00808,0.01817,0.03463,0.01590,0.04764,0.04158,0.03143,0.03577,0.01826,0.15103,0.08486,0.00871,0.00494,0.01264
0.06282,0.09605,0.24249,0.05993,0.03019,0.02070,0.01822,0.03984,0.02937,0.02309,0.02493,0.12124,0.04661,0.06842,0.03383,0.02302,0.01696,0.00962,0.01878,0.01389
0.06742,0.08775,0.08561,0.08246,0.03384,0.06415,0.02227,0.02634,0.08993,0.08245,0.06742,0.06770,0.03147,0.07281,0.01357,0.03074,0.02989,0.01393,0.00995,0.02030
0.04352,0.02131,0.03165,0.03080,0.01931,0.01535,0.02447,0.09659,0.02873,0.16878,0.12415,0.05149,0.15068,0.05037,0.03526,0.03190,0.02831,0.01929,0.00901,0.01903
0.04045,0.17436,0.02147,0.32463,0.00944,0.00871,0.00812,0.01840,0.01203,0.02237,0.00989,0.13061,0.00736,0.16999,0.01122,0.00795,0.00665,0.00514,0.00325,0.00796
0.09822,0.09641,0.03454,0.06031,0.02175,0.09971,0.01974,0.02502,0.18064,0.02209,0.02782,0.05357,0.06116,0.04873,0.01873,0.05528,0.02047,0.01643,0.01511,0.02426
0.02501,0.06844,0.02351,0.07224,0.03995,0.04111,0.01930,0.03440,0.02837,0.02733,0.24712,0.03352,0.22772,0.03186,0.01288,0.01069,0.00941,0.01435,0.01163,0.02119
0.01667,0.04752,0.02936,0.03583,0.02492,0.49378,0.00965,0.01608,0.02646,0.06099,0.01727,0.08950,0.01169,0.06869,0.01617,0.00734,0.00584,0.00877,0.00325,0.01022
0.03701,0.04981,0.08236,0.03933,0.01872,0.05358,0.03337,0.03443,0.07899,0.04702,0.04675,0.08812,0.03959,0.04461,0.01120,0.17506,0.07247,0.00788,0.01427,0.02544
0.04676,0.08039,0.04205,0.03825,0.01345,0.07936,0.03119,0.03594,0.04060,0.03143,0.03839,0.07572,0.03476,0.05107,0.11671,0.11656,0.08189,0.00923,0.00786,0.02840
0.06143,0.05143,0.04297,0.02868,0.01956,0.03293,0.15566,0.03054,0.03823,0.03276,0.01783,0.06955,0.01781,0.06837,0.20152,0.03798,0.04368,0.01839,0.01138,0.01931
0.07835,0.08298,0.08376,0.05127,0.02462,0.04044,0.03232,0.03031,0.23308,0.01767,0.02230,0.08720,0.04001,0.06846,0.02301,0.01310,0.00708,0.02813,0.02045,0.01545
0.03903,0.13019,0.01490,0.14913,0.01408,0.14308,0.01997,0.02847,0.00769,0.22274,0.02462,0.07558,0.01270,0.07703,0.00703,0.00654,0.00559,0.00465,0.00509,0.01190
0.03840,0.07289,0.06123,0.03481,0.01470,0.03830,0.01187,0.02392,0.02507,0.06453,0.02233,0.13876,0.02016,0.18632,0.02685,0.04430,0.12380,0.00766,0.00701,0.03708
0.04574,0.04211,0.06688,0.06138,0.02621,0.02294,0.02308,0.05115,0.02847,0.05968,0.06163,0.18035,0.05430,0.17369,0.01434,0.00862,0.01137,0.01206,0.01240,0.04359
0.04359,0.05161,0.06625,0.03497,0.10195,0.03656,0.05416,0.01983,0.01588,0.04053,0.04470,0.02249,0.13288,0.02489,0.11056,0.01657,0.01664,0.07963,0.00779,0.07851
0.01605,0.02392,0.01421,0.70835,0.01918,0.01883,0.01178,0.01520,0.01529,0.01205,0.03336,0.01875,0.02470,0.02209,0.00778,0.00682,0.00561,0.00621,0.00374,0.01608
0.01631,0.08444,0.05565,0.02645,0.01009,0.01668,0.00922,0.01795,0.01797,0.03347,0.07693,0.38382,0.06454,0.13097,0.02291,0.00698,0.00511,0.00455,0.00578,0.01020
0.10981,0.11535,0.06579,0.03303,0.02111,0.08574,0.01603,0.02083,0.04334,0.05165,0.03668,0.05988,0.03073,0.05998,0.08101,0.03206,0.06369,0.02179,0.01184,0.03967
0.02901,0.01958,0.03675,0.02557,0.02052,0.03270,0.03482,0.03457,0.04889,0.04433,0.43448,0.01519,0.16199,0.01280,0.01190,0.00730,0.00725,0.00626,0.00980,0.00629
0.03526,0.05163,0.01001,0.02608,0.01762,0.10174,0.01192,0.05286,0.01782,0.02058,0.01962,0.30383,0.01284,0.15612,0.03307,0.01814,0.01558,0.01042,0.00765,0.07724
0.18500,0.04076,0.03465,0.03840,0.07613,0.01853,0.01364,0.04254,0.06441,0.01762,0.02878,0.10263,0.02219,0.14877,0.00829,0.02414,0.09794,0.00676,0.00729,0.02153
0.03265,0.05785,0.03525,0.36361,0.00912,0.10212,0.01187,0.16815,0.03733,0.02639,0.00993,0.00929,0.00661,0.00926,0.04643,0.02338,0.03114,0.00523,0.00585,0.00855
0.04109,0.31170,0.01906,0.25630,0.01530,0.02141,0.01059,0.01987,0.02032,0.01363,0.03136,0.03953,0.01395,0.05559,0.01827,0.06691,0.02280,0.00594,0.00391,0.01248
0.03081,0.02139,0.02964,0.02890,0.01642,0.03432,0.02558,0.04494,0.07690,0.03628,0.04264,0.12459,0.09856,0.09248,0.16405,0.02488,0.01059,0.04037,0.02972,0.02694
0.01925,0.01983,0.04102,0.02123,0.01003,0.01215,0.01463,0.01116,0.01527,0.01198,0.02024,0.58391,0.01855,0.13309,0.02618,0.00821,0.00846,0.00951,0.00741,0.00790
0.01730,0.02357,0.02786,0.01916,0.00947,0.02195,0.01111,0.01603,0.02056,0.01036,0.07260,0.04492,0.02383,0.04156,0.02597,0.08505,0.50253,0.00516,0.01003,0.01099
0.04577,0.03435,0.04391,0.06045,0.02058,0.03794,0.09369,0.02682,0.02688,0.01961,0.09359,0.16621,0.10445,0.13222,0.01024,0.00744,0.00586,0.01388,0.03895,0.01715
0.01906,0.07656,0.02241,0.02781,0.01957,0.05843,0.01631,0.02451,0.07272,0.03409,0.03572,0.18976,0.01553,0.15642,0.02617,0.06595,0.08516,0.02183,0.01081,0.02117
0.01237,0.50878,0.01218,0.02865,0.00571,0.19808,0.00639,0.01109,0.01253,0.00687,0.01042,0.06325,0.01264,0.04478,0.02036,0.01501,0.01393,0.00771,0.00315,0.00611
0.09408,0.02613,0.04298,0.13276,0.03281,0.02447,0.02493,0.07603,0.04158,0.04174,0.01981,0.04847,0.01877,0.05638,0.17463,0.02360,0.03011,0.02463,0.01853,0.04756
0.00898,0.04659,0.25593,0.05721,0.01425,0.02013,0.01239,0.03484,0.24911,0.01495,0.07333,0.05564,0.04975,0.03677,0.01749,0.01189,0.00726,0.01132,0.01116,0.01101
0.07769,0.03305,0.03721,0.05023,0.03406,0.03341,0.02310,0.04386,0.03356,0.02746,0.03333,0.10068,0.04544,0.11590,0.05832,0.05653,0.15390,0.01017,0.01168,0.02042
0.03992,0.05532,0.05170,0.17314,0.00998,0.01248,0.01965,0.01438,0.01869,0.02674,0.01970,0.12887,0.03492,0.09608,0.01659,0.16286,0.07674,0.00880,0.02078,0.01265
0.07242,0.09765,0.01485,0.02296,0.01689,0.10779,0.00891,0.01925,0.03639,0.01162,0.03811,0.25943,0.02638,0.18634,0.01617,0.01626,0.01549,0.01119,0.00828,0.01364
0.04170,0.21094,0.04194,0.05060,0.01341,0.05359,0.01382,0.02911,0.06424,0.03544,0.03388,0.06649,0.02040,0.07437,0.07114,0.03866,0.09120,0.01833,0.01261,0.01813
0.03239,0.02012,0.46109,0.15737,0.00674,0.01016,0.00773,0.01259,0.01463,0.01874,0.01813,0.09962,0.00930,0.07587,0.01754,0.01029,0.01035,0.00824,0.00257,0.00655
0.03369,0.41228,0.02315,0.08377,0.01528,0.07341,0.02085,0.03901,0.02523,0.01106,0.04020,0.02535,0.02581,0.01753,0.06369,0.02218,0.02887,0.01353,0.01285,0.01227
0.13016,0.38011,0.12441,0.02812,0.02706,0.02786,0.01841,0.02273,0.02353,0.02645,0.01161,0.04719,0.01355,0.03787,0.02939,0.01418,0.00995,0.00594,0.00825,0.01322
0.02410,0.02834,0.11197,0.11498,0.01603,0.01169,0.01269,0.03668,0.02566,0.02926,0.05601,0.26015,0.02423,0.14279,0.03704,0.01507,0.01480,0.00843,0.00510,0.02498
0.02692,0.02370,0.02098,0.02609,0.01749,0.02652,0.01692,0.02340,0.02919,0.02007,0.07067,0.06173,0.06173,0.05026,0.04628,0.09990,0.34393,0.01292,0.01105,0.01024
0.21182,0.04226,0.07743,0.06250,0.01028,0.03982,0.02560,0.01401,0.03070,0.01964,0.03825,0.16169,0.05789,0.11972,0.01232,0.01076,0.00957,0.01570,0.01382,0.02620
0.07538,0.04169,0.06157,0.02395,0.01519,0.43964,0.02164,0.03441,0.08439,0.03889,0.01297,0.03177,0.00900,0.03694,0.01316,0.01790,0.00850,0.01058,0.00680,0.01561
0.03629,0.17830,0.08328,0.07071,0.02836,0.04251,0.03243,0.12312,0.03440,0.03632,0.02493,0.10295,0.04375,0.07648,0.01286,0.01456,0.01632,0.00925,0.01566,0.01750
0.01628,0.08657,0.22748,0.14706,0.01797,0.02759,0.02644,0.04490,0.02148,0.05085,0.04618,0.02630,0.02611,0.02141,0.03710,0.01804,0.01087,0.09139,0.04090,0.01509
0.22076,0.03101,0.01393,0.01531,0.01928,0.04533,0.02232,0.01860,0.01221,0.01770,0.02068,0.16991,0.02661,0.26683,0.01091,0.01207,0.01119,0.00877,0.02581,0.03077
0.09867,0.05004,0.07441,0.06650,0.01563,0.05638,0.01970,0.03697,0.03191,0.08979,0.04653,0.10622,0.03887,0.10308,0.07044,0.01419,0.01003,0.02632,0.01853,0.02580
0.03074,0.04069,0.02426,0.03048,0.02561,0.02188,0.01482,0.01661,0.02090,0.02406,0.03921,0.22364,0.02313,0.34557,0.02903,0.02583,0.01408,0.01164,0.00778,0.03006
0.34525,0.06350,0.02316,0.04879,0.07700,0.03885,0.01538,0.01606,0.02086,0.01318,0.06860,0.08541,0.06183,0.05531,0.00535,0.01534,0.00833,0.00635,0.00957,0.02187
0.01631,0.11999,0.02296,0.02985,0.02387,0.06676,0.01950,0.02915,0.08374,0.03225,0.05193,0.10654,0.15492,0.06060,0.03400,0.01918,0.01559,0.06098,0.00855,0.04334
0.08356,0.23993,0.03142,0.03440,0.02795,0.05402,0.02677,0.07971,0.09221,0.05049,0.00931,0.06081,0.00909,0.12724,0.01415,0.00973,0.01248,0.00617,0.00443,0.02614
0.06741,0.04644,0.02150,0.04920,0.01212,0.09598,0.03709,0.04541,0.37027,0.04852,0.01694,0.04501,0.01983,0.03980,0.01605,0.01827,0.01218,0.01814,0.00901,0.01083
0.02161,0.10978,0.05121,0.04061,0.01942,0.04257,0.01325,0.08506,0.14127,0.03083,0.01824,0.19401,0.01239,0.15198,0.02389,0.01157,0.00778,0.00795,0.00591,0.01066
0.07819,0.14735,0.02028,0.08570,0.01255,0.00843,0.00908,0.01288,0.00947,0.01473,0.26989,0.07866,0.04313,0.08297,0.06661,0.01597,0.00941,0.01040,0.00488,0.01943
0.03917,0.02581,0.04831,0.02591,0.01272,0.05344,0.02278,0.02140,0.17779,0.02350,0.02514,0.17709,0.03298,0.18584,0.02612,0.01233,0.01018,0.02148,0.01905,0.03896
0.04408,0.21853,0.03976,0.04784,0.02774,0.05177,0.03725,0.01409,0.04066,0.03406,0.03361,0.10053,0.03101,0.06845,0.02211,0.05261,0.08718,0.01105,0.01176,0.02591
0.02427,0.01735,0.17585,0.03027,0.00837,0.01407,0.01163,0.03755,0.02348,0.04483,0.02460,0.26532,0.01545,0.24763,0.01588,0.00720,0.00641,0.01424,0.00527,0.01031
0.04774,0.02889,0.02309,0.02136,0.02415,0.01991,0.01526,0.01852,0.02270,0.01273,0.02758,0.31765,0.05056,0.15238,0.02991,0.04866,0.10771,0.00529,0.00907,0.01686
0.02925,0.08081,0.02983,0.04515,0.02193,0.05208,0.01684,0.01985,0.05396,0.01274,0.01884,0.29743,0.01337,0.14927,0.07973,0.02501,0.02322,0.00929,0.00641,0.01498
0.13993,0.04303,0.03832,0.07046,0.01462,0.06932,0.05124,0.01750,0.04963,0.02211,0.01793,0.13329,0.01856,0.22370,0.01206,0.02273,0.02007,0.00765,0.00895,0.01891
0.03616,0.06495,0.04191,0.02627,0.02472,0.03306,0.03602,0.02977,0.02850,0.02268,0.08452,0.15205,0.02716,0.18877,0.03240,0.05992,0.07382,0.01080,0.00719,0.01934
0.03766,0.03997,0.02716,0.09071,0.02102,0.03066,0.16272,0.06141,0.02640,0.01589,0.02702,0.12539,0.02024,0.17427,0.01860,0.03467,0.02300,0.01825,0.01743,0.02752
0.05172,0.02225,0.02366,0.08837,0.01798,0.01139,0.01388,0.03110,0.01922,0.02782,0.05293,0.15307,0.02763,0.11343,0.07040,0.17508,0.05862,0.01200,0.01057,0.01887
0.04205,0.03338,0.07900,0.05779,0.01252,0.12318,0.02237,0.02047,0.17312,0.03751,0.01377,0.04177,0.02697,0.02729,0.18728,0.01545,0.00671,0.03707,0.02018,0.02212
0.04040,0.05258,0.02254,0.03556,0.23819,0.15318,0.07156,0.02734,0.04393,0.01710,0.04989,0.07377,0.02707,0.07263,0.01346,0.02027,0.01520,0.00925,0.00606,0.01002
0.27580,0.03123,0.02376,0.04391,0.03007,0.06330,0.01969,0.01764,0.12562,0.02010,0.06379,0.02799,0.08273,0.02948,0.01661,0.06249,0.03613,0.00927,0.00965,0.01074
0.08210,0.04809,0.03678,0.05821,0.04366,0.02916,0.02854,0.04905,0.03664,0.03207,0.03306,0.08739,0.02962,0.08532,0.03677,0.06140,0.16308,0.01472,0.00759,0.03674
0.05434,0.03254,0.02179,0.03365,0.09696,0.02921,0.02906,0.03780,0.03097,0.02038,0.12913,0.25915,0.07361,0.07859,0.01845,0.00998,0.00564,0.01212,0.01448,0.01214
0.01447,0.03911,0.01143,0.36468,0.07759,0.01640,0.01421,0.01047,0.01127,0.00946,0.03960,0.12491,0.02843,0.19639,0.00961,0.00606,0.00443,0.00544,0.00307,0.01298
0.03741,0.02778,0.04115,0.03246,0.02487,0.03245,0.01991,0.02213,0.01904,0.01977,0.15452,0.31525,0.06987,0.09967,0.01123,0.01985,0.01296,0.00734,0.01741,0.01491
0.02655,0.16871,0.02730,0.10149,0.02827,0.11266,0.04885,0.05534,0.04110,0.00938,0.13816,0.02972,0.11682,0.01988,0.01120,0.01131,0.01195,0.01605,0.01459,0.01068
0.09475,0.08967,0.07838,0.02206,0.01118,0.29997,0.01403,0.01481,0.03663,0.04466,0.04788,0.01712,0.02211,0.01691,0.11123,0.01979,0.02583,0.01287,0.00559,0.01453
0.04917,0.03833,0.06353,0.05522,0.07321,0.11662,0.01927,0.01904,0.09811,0.03212,0.04118,0.08822,0.12639,0.06035,0.03257,0.01435,0.01143,0.01858,0.01398,0.02832
0.07788,0.10462,0.04922,0.09836,0.01645,0.01494,0.01192,0.01798,0.03038,0.04600,0.02422,0.21046,0.04511,0.16203,0.02225,0.01106,0.00853,0.01585,0.01263,0.02013
0.06645,0.03111,0.14671,0.03534,0.02046,0.01957,0.02135,0.03798,0.02765,0.23936,0.02227,0.12574,0.03128,0.07602,0.02032,0.01062,0.01714,0.00850,0.02267,0.01948
0.04774,0.03157,0.02929,0.04133,0.01744,0.03180,0.00954,0.02517,0.02929,0.03172,0.06952,0.05304,0.03397,0.08080,0.01014,0.11628,0.32103,0.00466,0.00500,0.01070
0.03344,0.05066,0.17091,0.03973,0.01454,0.02571,0.02098,0.04132,0.02748,0.03878,0.04138,0.02012,0.02390,0.02107,0.01229,0.08214,0.31502,0.00829,0.00333,0.00890
0.02409,0.05310,0.13982,0.03349,0.00827,0.01934,0.00722,0.02372,0.02522,0.03232,0.03453,0.33107,0.01335,0.21684,0.01088,0.00561,0.00418,0.00743,0.00270,0.00682
0.00758,0.03976,0.48123,0.02002,0.00788,0.01630,0.01203,0.01742,0.04689,0.01060,0.01459,0.05499,0.01646,0.04586,0.17656,0.00721,0.00440,0.01093,0.00371,0.00555
0.02193,0.03987,0.02277,0.02427,0.03400,0.02929,0.01986,0.02826,0.02489,0.02695,0.03098,0.03780,0.01725,0.03958,0.06911,0.22238,0.27546,0.01968,0.00695,0.00874
0.13674,0.07029,0.04624,0.24049,0.01191,0.01118,0.02294,0.02614,0.02357,0.06016,0.01674,0.11565,0.01001,0.15526,0.00887,0.00807,0.00902,0.01079,0.00657,0.00935
0.02158,0.10158,0.01912,0.02057,0.06533,0.26480,0.01312,0.00980,0.01872,0.01228,0.03618,0.03147,0.02785,0.02645,0.14560,0.07513,0.05745,0.03726,0.00550,0.01023
0.02561,0.04308,0.01947,0.40790,0.02832,0.01384,0.01665,0.01436,0.02621,0.01488,0.05886,0.09712,0.05431,0.11585,0.01740,0.01122,0.00788,0.01384,0.00584,0.00735
0.03214,0.15165,0.09220,0.19702,0.05448,0.01906,0.02559,0.05093,0.02165,0.07039,0.04493,0.04920,0.03766,0.04209,0.01356,0.01969,0.03631,0.01216,0.01541,0.01386
0.04912,0.14200,0.05876,0.02344,0.03486,0.05047,0.02921,0.02451,0.03201,0.04400,0.13120,0.11088,0.04018,0.11210,0.00872,0.01913,0.03023,0.02191,0.01361,0.02364
