0.13101,0.03641,0.04834,0.12630,0.16579,0.14816,0.02427,0.01675,0.01720,0.01641,0.02157,0.01979,0.01335,0.03874,0.01938,0.02054,0.01147,0.04090,0.05087,0.03277
0.01952,0.12839,0.04166,0.03573,0.03027,0.02964,0.15740,0.02787,0.12661,0.02015,0.09512,0.01692,0.12559,0.03406,0.01609,0.02369,0.02830,0.01487,0.01378,0.01433
0.15373,0.11016,0.03668,0.08175,0.01787,0.07681,0.02553,0.03225,0.01932,0.03076,0.01621,0.05443,0.02558,0.06235,0.03094,0.17264,0.02232,0.00870,0.00878,0.01319
0.03508,0.01974,0.01371,0.04016,0.03629,0.04484,0.01844,0.01038,0.49387,0.03875,0.03570,0.01395,0.02991,0.05453,0.01718,0.01525,0.01247,0.05184,0.00829,0.00960
0.08487,0.03963,0.03785,0.08589,0.01673,0.07407,0.02338,0.02283,0.28518,0.03614,0.03973,0.01730,0.02199,0.00714,0.02106,0.09277,0.01504,0.01563,0.03431,0.02845
0.17085,0.09254,0.02169,0.15034,0.01664,0.13243,0.04470,0.01780,0.02380,0.01497,0.01208,0.02097,0.03041,0.01645,0.02017,0.17423,0.00690,0.00958,0.00639,0.01706
0.01299,0.16392,0.02584,0.19970,0.03142,0.21120,0.15127,0.02139,0.02606,0.02293,0.02944,0.02196,0.00786,0.00972,0.01889,0.01488,0.00811,0.01096,0.00289,0.00857
0.16038,0.04942,0.06063,0.08757,0.06425,0.11426,0.05975,0.01456,0.00946,0.01454,0.03802,0.02415,0.05171,0.05601,0.01847,0.12127,0.01157,0.02146,0.00988,0.01265
0.05624,0.01176,0.03154,0.31700,0.06119,0.34052,0.01747,0.01390,0.01150,0.03021,0.02654,0.01027,0.01147,0.00779,0.00928,0.00976,0.00433,0.00650,0.01288,0.00985
0.11160,0.04534,0.02264,0.06173,0.01873,0.09124,0.03023,0.04440,0.01550,0.16847,0.19969,0.01521,0.01252,0.01350,0.01190,0.10724,0.00737,0.00681,0.00268,0.01320
0.04817,0.02002,0.03088,0.22305,0.01850,0.23066,0.02323,0.04919,0.01408,0.05994,0.06085,0.03018,0.02566,0.02372,0.02916,0.04046,0.00985,0.00925,0.01506,0.03807
0.02380,0.01074,0.03398,0.06172,0.01418,0.04905,0.00821,0.06205,0.02563,0.25068,0.24669,0.01443,0.03247,0.03621,0.01596,0.01995,0.01699,0.05640,0.01073,0.01011
0.16728,0.07483,0.05458,0.10220,0.02159,0.07369,0.02768,0.02586,0.02348,0.01449,0.02760,0.02383,0.04445,0.03689,0.02790,0.18963,0.01467,0.01153,0.02192,0.01589
0.01686,0.01884,0.02820,0.02562,0.02808,0.03113,0.03108,0.02047,0.00966,0.33041,0.29404,0.02600,0.01544,0.03568,0.02079,0.01481,0.01274,0.01668,0.01729,0.00620
0.02034,0.24186,0.02417,0.06146,0.01373,0.05315,0.24129,0.01937,0.02759,0.03324,0.05069,0.04565,0.02720,0.01500,0.01035,0.05219,0.02466,0.01109,0.00961,0.01737
0.04621,0.03280,0.03820,0.11223,0.08826,0.11926,0.02185,0.03488,0.01840,0.13782,0.18689,0.01221,0.03110,0.02564,0.01431,0.02010,0.01773,0.02373,0.00774,0.01066
0.08097,0.02626,0.02749,0.21231,0.01759,0.14786,0.01393,0.03521,0.08124,0.03834,0.01984,0.01620,0.07967,0.01583,0.03195,0.10175,0.01408,0.02197,0.00792,0.00961
0.03436,0.03707,0.04249,0.01835,0.02696,0.04139,0.04875,0.03935,0.05972,0.24079,0.25870,0.01260,0.02191,0.02570,0.01332,0.02163,0.01578,0.02095,0.00992,0.01027
0.10968,0.02742,0.06008,0.05705,0.04442,0.05421,0.05984,0.09345,0.02194,0.08580,0.10555,0.02809,0.03049,0.01848,0.01890,0.10262,0.02050,0.01419,0.01667,0.03063
0.01755,0.05890,0.02145,0.14338,0.01418,0.13569,0.05862,0.02900,0.03780,0.02218,0.17278,0.01860,0.16766,0.01136,0.01110,0.01480,0.01706,0.01085,0.01875,0.01829
0.18291,0.03456,0.02929,0.07274,0.16887,0.09614,0.02045,0.01833,0.11661,0.03263,0.03718,0.02481,0.01868,0.02760,0.01750,0.02359,0.02412,0.00917,0.02542,0.01941
0.12685,0.06906,0.03545,0.06502,0.01437,0.10741,0.06301,0.06111,0.01370,0.04385,0.05674,0.03101,0.01299,0.06080,0.01539,0.17285,0.03379,0.00454,0.00619,0.00586
0.21390,0.03412,0.03423,0.02824,0.01687,0.05535,0.04692,0.02185,0.03433,0.02728,0.04096,0.05631,0.03700,0.03517,0.03267,0.23687,0.01217,0.01512,0.00517,0.01545
0.14539,0.02246,0.07403,0.04659,0.02083,0.03886,0.05498,0.05596,0.02045,0.07187,0.08378,0.03543,0.02364,0.04568,0.03822,0.13809,0.02289,0.02566,0.00899,0.02621
0.05120,0.04057,0.05435,0.06424,0.03642,0.09912,0.02378,0.02366,0.01870,0.14916,0.18503,0.08431,0.01716,0.02071,0.01281,0.04980,0.02178,0.02243,0.01157,0.01319
0.03402,0.01559,0.07648,0.10691,0.05711,0.04463,0.03286,0.02162,0.03094,0.16362,0.14340,0.03034,0.07366,0.01009,0.03841,0.03003,0.00784,0.00892,0.02828,0.04526
0.16746,0.01710,0.03242,0.14692,0.19664,0.16527,0.02267,0.02222,0.01362,0.02732,0.02482,0.01685,0.01944,0.02436,0.02161,0.02613,0.01514,0.01142,0.01611,0.01249
0.08593,0.02630,0.04638,0.07907,0.02767,0.07408,0.02216,0.03361,0.09518,0.12725,0.11944,0.01185,0.01006,0.01270,0.05225,0.08050,0.01311,0.00775,0.02246,0.05224
0.03532,0.05313,0.01286,0.10430,0.04695,0.14895,0.02991,0.02914,0.01702,0.01139,0.01072,0.01128,0.01533,0.21787,0.00672,0.01524,0.00443,0.21295,0.00891,0.00759
0.06601,0.01151,0.05567,0.07434,0.02607,0.08234,0.04543,0.06415,0.03940,0.15130,0.15292,0.01862,0.04624,0.02672,0.02321,0.05381,0.01870,0.01413,0.01044,0.01901
0.06930,0.02096,0.03496,0.19909,0.02567,0.20874,0.01722,0.02021,0.03802,0.02762,0.06565,0.04176,0.05162,0.00887,0.01733,0.09198,0.01211,0.01080,0.02190,0.01621
0.04674,0.02275,0.02967,0.09427,0.01911,0.11572,0.02736,0.02915,0.46645,0.01447,0.01505,0.01224,0.00821,0.00928,0.01523,0.04359,0.00990,0.00711,0.00832,0.00538
0.05113,0.03548,0.07144,0.03966,0.02265,0.10592,0.07764,0.02773,0.03050,0.15304,0.19774,0.02023,0.02930,0.00938,0.01122,0.07923,0.00857,0.00603,0.00696,0.01614
0.15622,0.04273,0.02051,0.05366,0.05379,0.07165,0.03166,0.03363,0.02336,0.03278,0.03870,0.04722,0.04232,0.06041,0.03246,0.17779,0.01588,0.03248,0.01815,0.01459
0.01716,0.11344,0.03242,0.16381,0.01637,0.15472,0.08580,0.01906,0.07674,0.02475,0.09589,0.02442,0.07857,0.01719,0.00984,0.01334,0.02684,0.01634,0.00484,0.00846
0.03001,0.03031,0.04000,0.22992,0.02502,0.22381,0.02142,0.02089,0.03859,0.07779,0.09933,0.02293,0.02901,0.02169,0.02339,0.02279,0.01110,0.01480,0.00761,0.00958
0.10662,0.03645,0.04728,0.16446,0.01599,0.19694,0.04195,0.02531,0.06128,0.02484,0.02233,0.02302,0.01941,0.02886,0.02482,0.10727,0.02044,0.01398,0.00799,0.01076
0.08211,0.02152,0.04008,0.11323,0.02629,0.13205,0.03803,0.02656,0.16486,0.03674,0.06356,0.01131,0.03132,0.03118,0.03740,0.08007,0.01550,0.01697,0.01051,0.02072
0.03171,0.02110,0.04111,0.25417,0.01595,0.27040,0.02820,0.01840,0.05802,0.06636,0.06226,0.02135,0.01388,0.00971,0.01433,0.02664,0.01151,0.00227,0.01491,0.01774
0.03669,0.02975,0.03772,0.22351,0.04310,0.22864,0.02106,0.02790,0.19116,0.01040,0.01679,0.02444,0.00931,0.01337,0.01741,0.02096,0.01169,0.01466,0.01150,0.00996
0.05436,0.03749,0.01811,0.05205,0.05575,0.04295,0.01599,0.06040,0.01191,0.20132,0.24312,0.02404,0.01416,0.00963,0.02298,0.04061,0.01998,0.00781,0.04119,0.02616
0.08264,0.05085,0.05401,0.09148,0.02426,0.08241,0.01540,0.01391,0.19853,0.05286,0.06584,0.04869,0.02496,0.01512,0.03292,0.08813,0.01099,0.00735,0.01939,0.02027
0.07320,0.03547,0.04285,0.08223,0.02687,0.06349,0.03462,0.05608,0.17131,0.04191,0.04855,0.03284,0.02899,0.02322,0.05217,0.11383,0.02310,0.00655,0.02266,0.02007
0.16914,0.03475,0.04140,0.05351,0.02906,0.04479,0.05469,0.02787,0.18330,0.01992,0.03641,0.02159,0.02873,0.02777,0.01404,0.15731,0.01714,0.01170,0.00632,0.02053
0.09231,0.02057,0.03944,0.16412,0.03930,0.16514,0.01622,0.02966,0.02958,0.03061,0.06694,0.01962,0.06305,0.01145,0.01446,0.08849,0.03510,0.02234,0.01625,0.03534
0.01368,0.01529,0.05620,0.19676,0.01572,0.23001,0.02360,0.02269,0.03356,0.02256,0.12517,0.03910,0.11156,0.02066,0.02018,0.01213,0.01450,0.00907,0.00525,0.01233
0.10936,0.02037,0.03845,0.15154,0.02061,0.14984,0.03238,0.02980,0.09565,0.02566,0.02830,0.02949,0.02066,0.01604,0.01993,0.11846,0.02481,0.01341,0.03394,0.02130
0.06183,0.03330,0.03095,0.10466,0.01627,0.09063,0.03275,0.04322,0.04642,0.12952,0.13448,0.04175,0.03709,0.01761,0.05840,0.05939,0.01869,0.01364,0.01009,0.01929
0.02531,0.06779,0.02646,0.15664,0.01791,0.12339,0.01391,0.03410,0.09599,0.07256,0.09170,0.03238,0.06264,0.04447,0.02804,0.02915,0.02532,0.01052,0.01032,0.03139
0.02789,0.05757,0.03049,0.19113,0.01933,0.19781,0.03497,0.04893,0.01501,0.00919,0.01677,0.04842,0.01474,0.10215,0.02011,0.03476,0.01404,0.08257,0.02003,0.01408
0.34625,0.02253,0.01053,0.04783,0.03770,0.05948,0.01559,0.00907,0.00748,0.01389,0.01976,0.00687,0.01111,0.00987,0.00314,0.34604,0.00809,0.00449,0.00725,0.01304
0.16761,0.04518,0.02292,0.03751,0.05636,0.06260,0.01571,0.04403,0.11140,0.02723,0.04340,0.03896,0.02406,0.04755,0.01342,0.16323,0.01963,0.02687,0.01124,0.02109
0.05214,0.01541,0.03082,0.05553,0.04597,0.07700,0.02074,0.01908,0.03190,0.03460,0.01744,0.03024,0.03585,0.20480,0.02084,0.03830,0.02641,0.20756,0.01135,0.02402
0.09960,0.04052,0.03030,0.24001,0.04260,0.27774,0.01363,0.01822,0.01239,0.03378,0.03210,0.01573,0.01266,0.00854,0.02166,0.06520,0.00761,0.00647,0.00783,0.01340
0.17749,0.02750,0.04621,0.06144,0.10687,0.06032,0.03687,0.04035,0.00944,0.03527,0.03942,0.01439,0.01299,0.01738,0.04317,0.17581,0.04663,0.00896,0.00968,0.02982
0.13513,0.02084,0.04790,0.15391,0.03194,0.16192,0.01436,0.01420,0.01261,0.04845,0.07096,0.02005,0.02184,0.01630,0.01336,0.15387,0.02418,0.00841,0.01174,0.01804
0.02757,0.03628,0.03059,0.09856,0.02340,0.10065,0.01883,0.01444,0.12030,0.17082,0.17656,0.01929,0.02262,0.02675,0.02552,0.02673,0.01056,0.01486,0.01834,0.01734
0.02380,0.05086,0.02735,0.03819,0.02690,0.05354,0.04337,0.04040,0.03929,0.12473,0.15657,0.03969,0.06240,0.07292,0.02081,0.04960,0.05774,0.01610,0.01789,0.03785
0.13195,0.06395,0.02490,0.07370,0.01976,0.10191,0.03001,0.05772,0.02484,0.01265,0.02218,0.02722,0.02699,0.04965,0.07584,0.16155,0.01073,0.00883,0.01963,0.05601
0.01195,0.04196,0.03322,0.19590,0.02977,0.21498,0.05597,0.01199,0.01553,0.01535,0.12181,0.04304,0.12715,0.01128,0.01367,0.01095,0.01245,0.01067,0.01342,0.00895
0.27340,0.01943,0.02954,0.06083,0.05655,0.07223,0.02527,0.02293,0.03076,0.01463,0.01379,0.01253,0.01572,0.00808,0.01267,0.27941,0.01442,0.00790,0.01268,0.01725
0.08017,0.02186,0.06694,0.16223,0.08887,0.17201,0.02239,0.08224,0.03745,0.03237,0.04753,0.01422,0.01462,0.01425,0.01206,0.07184,0.00933,0.01147,0.00850,0.02963
0.12042,0.04726,0.02443,0.15973,0.01699,0.17770,0.03573,0.04672,0.03049,0.02211,0.01881,0.03032,0.02498,0.03579,0.02091,0.12361,0.01933,0.02240,0.00688,0.01540
0.04624,0.03570,0.01800,0.19720,0.07926,0.22829,0.02286,0.02443,0.01082,0.01195,0.03163,0.01403,0.03640,0.09320,0.01162,0.01289,0.00647,0.09927,0.01210,0.00764
0.06702,0.01372,0.10283,0.01938,0.03282,0.04689,0.06758,0.02750,0.00845,0.19281,0.22746,0.01351,0.01694,0.01804,0.01942,0.07050,0.01795,0.01944,0.01047,0.00726
0.01759,0.08636,0.03830,0.11129,0.01593,0.11133,0.09514,0.01278,0.01393,0.01505,0.16647,0.02046,0.18553,0.03393,0.01235,0.01833,0.01377,0.01839,0.00623,0.00687
0.02758,0.03164,0.03595,0.07147,0.03742,0.05942,0.01673,0.02593,0.39453,0.05251,0.03830,0.02723,0.02160,0.01241,0.03461,0.02407,0.01522,0.00991,0.04535,0.01813
0.03730,0.02812,0.06531,0.02268,0.06256,0.03327,0.02265,0.03025,0.01570,0.03188,0.02275,0.01602,0.02265,0.24775,0.03273,0.01909,0.01512,0.25978,0.00731,0.00709
0.11543,0.03034,0.03157,0.08208,0.12325,0.08044,0.03340,0.01804,0.28875,0.02635,0.02601,0.01543,0.02327,0.01355,0.01617,0.00782,0.01629,0.02191,0.01733,0.01260
0.09805,0.04559,0.02832,0.08562,0.02413,0.10656,0.04088,0.05888,0.03727,0.05064,0.08334,0.02095,0.06618,0.03397,0.03045,0.09312,0.03820,0.00729,0.01843,0.03212
0.02704,0.01732,0.03460,0.22692,0.02349,0.24822,0.01806,0.02922,0.02699,0.08590,0.09927,0.01787,0.00957,0.01056,0.02114,0.02519,0.01508,0.00944,0.03046,0.02366
0.24675,0.02255,0.04058,0.03462,0.01723,0.04382,0.03503,0.03620,0.02197,0.05431,0.02935,0.01244,0.02339,0.02432,0.00951,0.26072,0.01582,0.03178,0.01775,0.02188
0.07602,0.01479,0.05669,0.12420,0.02658,0.14153,0.03149,0.05814,0.12737,0.04693,0.03732,0.04191,0.02102,0.03387,0.02715,0.06066,0.01133,0.01054,0.03378,0.01868
0.11234,0.03978,0.04101,0.06645,0.02024,0.07509,0.04161,0.04781,0.04143,0.09414,0.09944,0.02859,0.03603,0.02885,0.01945,0.12418,0.02375,0.03195,0.01264,0.01521
0.04244,0.02694,0.02378,0.14468,0.03663,0.17455,0.03776,0.03496,0.07336,0.10602,0.10770,0.01895,0.01978,0.01246,0.02842,0.03594,0.01408,0.00453,0.02904,0.02799
0.21037,0.04361,0.02873,0.12634,0.20073,0.15056,0.02244,0.01774,0.02536,0.02812,0.02305,0.01231,0.02161,0.02066,0.01101,0.02523,0.00671,0.00601,0.00730,0.01211
0.06176,0.05012,0.03314,0.07671,0.02134,0.08283,0.02340,0.01686,0.03285,0.18131,0.21589,0.01589,0.02196,0.01848,0.01464,0.05406,0.01655,0.01386,0.01123,0.03711
0.01895,0.02334,0.01604,0.10976,0.01310,0.12905,0.03045,0.01690,0.01460,0.01900,0.02734,0.01534,0.03559,0.23085,0.01789,0.02183,0.01491,0.22583,0.00926,0.00997
0.02391,0.06089,0.03845,0.05759,0.02506,0.04822,0.05079,0.02709,0.03635,0.18120,0.17562,0.03280,0.01169,0.02858,0.07837,0.02149,0.02755,0.01402,0.03301,0.02730
0.07869,0.09961,0.02530,0.08146,0.02302,0.06228,0.02587,0.02573,0.04187,0.14236,0.15503,0.02285,0.03486,0.02976,0.03006,0.07211,0.01277,0.00957,0.00663,0.02016
0.03097,0.27073,0.02776,0.07919,0.03429,0.08722,0.25879,0.02894,0.00460,0.01818,0.03327,0.01397,0.03498,0.01449,0.00669,0.01634,0.01118,0.01550,0.00628,0.00666
0.08716,0.01497,0.03923,0.06578,0.01512,0.05856,0.03189,0.03694,0.37858,0.01405,0.04102,0.01747,0.03743,0.01361,0.02560,0.07827,0.01489,0.00668,0.00931,0.01344
0.08704,0.02000,0.01853,0.17289,0.00678,0.19510,0.01676,0.01972,0.22018,0.01524,0.02018,0.00815,0.01986,0.05062,0.01217,0.07763,0.00554,0.01648,0.00677,0.01036
0.01900,0.18921,0.02634,0.18496,0.01683,0.18311,0.19817,0.01165,0.01753,0.01271,0.01717,0.01612,0.02071,0.01095,0.00916,0.01385,0.02174,0.00576,0.01763,0.00741
0.04433,0.03342,0.03413,0.13763,0.05635,0.15293,0.04134,0.06024,0.17754,0.01113,0.02630,0.01234,0.01713,0.05522,0.01660,0.01653,0.02042,0.05043,0.01923,0.01674
0.12875,0.01053,0.04689,0.01799,0.12146,0.02775,0.02554,0.01968,0.01531,0.03574,0.01719,0.00949,0.02154,0.19166,0.01983,0.04434,0.03280,0.19107,0.00816,0.01426
0.01518,0.08119,0.01891,0.19635,0.02402,0.20636,0.06555,0.03683,0.03136,0.03372,0.10048,0.01888,0.04908,0.02162,0.01267,0.02093,0.04293,0.00671,0.00717,0.01008
0.04489,0.01597,0.04037,0.24791,0.01934,0.24041,0.01130,0.01078,0.03696,0.01173,0.02909,0.03324,0.03338,0.06943,0.02950,0.04092,0.01318,0.02434,0.02432,0.02293
0.02096,0.05797,0.01697,0.27391,0.02219,0.26216,0.05183,0.02443,0.01376,0.01999,0.06345,0.03047,0.05986,0.00903,0.00999,0.01373,0.01511,0.01317,0.01061,0.01040
0.13990,0.02140,0.03722,0.08905,0.04864,0.10006,0.04280,0.03202,0.02669,0.07464,0.05937,0.01319,0.03490,0.03351,0.02589,0.13065,0.01231,0.04804,0.00765,0.02207
0.12336,0.02743,0.02016,0.12873,0.02788,0.16303,0.02276,0.03351,0.02653,0.05380,0.06152,0.02429,0.01521,0.01510,0.06056,0.13023,0.01105,0.01089,0.02316,0.02081
0.20913,0.01087,0.03111,0.05574,0.04075,0.06860,0.02120,0.03540,0.05064,0.04680,0.05496,0.02205,0.02364,0.00664,0.02271,0.21570,0.02935,0.00969,0.01650,0.02852
0.11304,0.01468,0.02290,0.16011,0.01194,0.13982,0.02004,0.04322,0.05978,0.04210,0.07002,0.04000,0.05878,0.00721,0.02551,0.10179,0.01186,0.03771,0.00979,0.00972
0.02657,0.05767,0.03456,0.12365,0.02774,0.12474,0.06904,0.02296,0.00885,0.01902,0.16919,0.02490,0.18176,0.03101,0.01943,0.01480,0.01133,0.00801,0.01082,0.01394
0.04745,0.02676,0.03081,0.14598,0.08000,0.12996,0.01696,0.02824,0.25441,0.06091,0.05465,0.02296,0.01819,0.01627,0.01421,0.01949,0.00794,0.00672,0.00849,0.00960
0.05625,0.02277,0.04545,0.09953,0.03763,0.09528,0.01858,0.03411,0.12654,0.12932,0.12455,0.02438,0.02092,0.03117,0.02062,0.04162,0.02037,0.03554,0.00579,0.00957
0.02536,0.01284,0.03777,0.07275,0.04714,0.05328,0.03128,0.02808,0.07020,0.16851,0.18045,0.02944,0.03532,0.04344,0.04227,0.01859,0.03196,0.01534,0.02203,0.03394
0.03414,0.02507,0.02760,0.18905,0.11811,0.19046,0.01853,0.01892,0.02387,0.01876,0.02614,0.00974,0.02873,0.09628,0.02349,0.01096,0.01836,0.10954,0.00469,0.00757
0.02900,0.22026,0.02687,0.10499,0.04664,0.09322,0.22206,0.03027,0.01398,0.02258,0.02916,0.01951,0.05382,0.01634,0.00821,0.01856,0.00723,0.00995,0.01387,0.01348
0.09520,0.03575,0.04235,0.05429,0.02932,0.06266,0.04737,0.01659,0.01306,0.12957,0.16079,0.01839,0.03793,0.00970,0.02153,0.11899,0.03164,0.00766,0.02220,0.04500
0.20450,0.02356,0.04058,0.03577,0.02646,0.02256,0.02991,0.03284,0.16775,0.03047,0.02539,0.01012,0.03295,0.01494,0.02527,0.20095,0.02366,0.01325,0.02460,0.01447
0.21765,0.03031,0.07323,0.05163,0.04624,0.05708,0.01463,0.04772,0.02418,0.02165,0.02263,0.02841,0.02574,0.01278,0.01857,0.25853,0.01616,0.01462,0.01298,0.00527
0.12051,0.01792,0.04998,0.15021,0.03016,0.13745,0.01897,0.02180,0.02313,0.01985,0.07656,0.01721,0.08295,0.00867,0.01991,0.10792,0.01629,0.00461,0.01362,0.06227
0.14240,0.02798,0.04061,0.10892,0.02159,0.13910,0.02962,0.03814,0.08691,0.05724,0.06247,0.03389,0.01175,0.01284,0.01473,0.13852,0.00731,0.00555,0.00600,0.01444
0.03494,0.03197,0.03655,0.21392,0.01740,0.23451,0.06363,0.03341,0.03973,0.01369,0.01970,0.01136,0.01851,0.06461,0.04257,0.04149,0.01474,0.04703,0.00640,0.01384
0.01551,0.01359,0.05148,0.13886,0.08605,0.13703,0.01740,0.05706,0.01418,0.15436,0.16074,0.02362,0.02439,0.00628,0.02219,0.01856,0.01672,0.00676,0.00900,0.02623
0.03961,0.01543,0.04523,0.07652,0.02388,0.08801,0.01812,0.02765,0.02199,0.03420,0.07753,0.02182,0.04466,0.19138,0.01106,0.04796,0.00699,0.19096,0.00444,0.01256
0.19273,0.05460,0.06334,0.06874,0.02106,0.07678,0.05738,0.03321,0.02835,0.03717,0.02349,0.04055,0.01819,0.01671,0.03008,0.17946,0.01263,0.00730,0.01129,0.02694
0.11757,0.04148,0.02601,0.05842,0.02260,0.08477,0.02242,0.02002,0.17666,0.04613,0.04259,0.03873,0.01557,0.03543,0.04377,0.12507,0.00774,0.02000,0.03441,0.02061
0.03827,0.00680,0.02305,0.02656,0.06566,0.04169,0.01712,0.00950,0.02520,0.01579,0.01720,0.01291,0.02237,0.29898,0.01379,0.01813,0.01126,0.31198,0.00966,0.01409
0.21902,0.02226,0.02026,0.11440,0.19153,0.14819,0.02472,0.01565,0.04242,0.01487,0.02651,0.02397,0.02332,0.04040,0.01317,0.01437,0.00426,0.01969,0.01342,0.00757
0.05171,0.09174,0.04154,0.10604,0.02722,0.14228,0.03840,0.03874,0.06727,0.07599,0.08813,0.05051,0.01728,0.03313,0.03385,0.03665,0.00923,0.01097,0.02489,0.01441
0.08557,0.02614,0.05940,0.22329,0.01612,0.23290,0.01497,0.03936,0.01945,0.03495,0.01183,0.06046,0.03095,0.01168,0.01664,0.08350,0.00955,0.00582,0.01142,0.00598
0.16058,0.03688,0.02560,0.10388,0.13123,0.11980,0.02515,0.02149,0.04541,0.02079,0.01776,0.02261,0.03198,0.08868,0.01897,0.02198,0.01073,0.06328,0.02203,0.01117
0.03483,0.15700,0.03013,0.02716,0.01486,0.03569,0.17867,0.01425,0.00579,0.02197,0.14420,0.01913,0.18613,0.03218,0.01019,0.03332,0.01683,0.00901,0.00965,0.01898
0.05699,0.05244,0.03175,0.19647,0.04289,0.21087,0.02625,0.02344,0.04568,0.03355,0.06575,0.02939,0.02089,0.02570,0.03836,0.03275,0.01440,0.01830,0.01594,0.01822
0.08914,0.01520,0.02490,0.21470,0.10110,0.22389,0.01991,0.01483,0.00951,0.01347,0.01842,0.01300,0.01504,0.08100,0.01593,0.02165,0.01029,0.08019,0.01116,0.00668
0.07227,0.09096,0.05148,0.11422,0.01926,0.11637,0.04643,0.02664,0.08404,0.04312,0.06081,0.03958,0.03546,0.02651,0.03350,0.08460,0.01893,0.01338,0.01294,0.00949
0.19523,0.04019,0.02531,0.12668,0.02669,0.15382,0.01750,0.01461,0.01344,0.01185,0.04839,0.02410,0.03842,0.01091,0.01840,0.20232,0.00434,0.00572,0.00940,0.01266
0.01797,0.02816,0.02943,0.18758,0.01545,0.20509,0.04712,0.03699,0.03127,0.07605,0.09286,0.02331,0.02194,0.02498,0.02178,0.02065,0.02794,0.04696,0.02093,0.02354
0.01673,0.04120,0.04770,0.22865,0.02573,0.24979,0.02807,0.02369,0.02611,0.02043,0.06080,0.02817,0.05469,0.03108,0.02215,0.02481,0.02662,0.01403,0.00933,0.02022
0.16255,0.05561,0.02926,0.06102,0.15107,0.06908,0.04106,0.04406,0.01116,0.03584,0.04019,0.01665,0.02486,0.07559,0.03922,0.02447,0.01369,0.06213,0.00695,0.03555
0.25345,0.01461,0.03444,0.03182,0.02914,0.04215,0.03106,0.02890,0.03187,0.05527,0.02995,0.01096,0.02822,0.01760,0.02008,0.26029,0.01837,0.01689,0.01437,0.03058
0.04734,0.03798,0.03397,0.12664,0.07216,0.14794,0.03358,0.01829,0.01890,0.01500,0.04301,0.04439,0.03582,0.12228,0.01090,0.01593,0.01224,0.13739,0.01482,0.01140
0.14956,0.03972,0.04024,0.08459,0.01963,0.04655,0.01873,0.03394,0.00916,0.07623,0.09236,0.11413,0.03326,0.03189,0.01492,0.15021,0.01224,0.01767,0.00468,0.01027
0.14476,0.03181,0.02247,0.05800,0.13959,0.07134,0.02553,0.02288,0.02420,0.01009,0.01507,0.00767,0.02390,0.13929,0.03361,0.02344,0.01468,0.14476,0.01658,0.03035
0.03660,0.16396,0.02829,0.11878,0.03196,0.10128,0.18214,0.02298,0.05844,0.02741,0.03399,0.01635,0.04285,0.02503,0.02634,0.03566,0.01208,0.00938,0.01024,0.01623
0.11642,0.05599,0.02870,0.14365,0.01304,0.16649,0.02105,0.03274,0.02325,0.04794,0.04396,0.04447,0.03057,0.02695,0.00929,0.11778,0.03027,0.02547,0.01115,0.01081
0.13946,0.06833,0.02746,0.03894,0.01722,0.06150,0.07785,0.03185,0.08434,0.08302,0.10144,0.01051,0.02995,0.01087,0.02551,0.13733,0.00883,0.01943,0.00900,0.01716
0.10021,0.03478,0.06852,0.01514,0.03085,0.02194,0.09291,0.02638,0.24824,0.04107,0.05349,0.01099,0.05209,0.02043,0.01648,0.11765,0.01233,0.00968,0.01328,0.01355
0.01577,0.03683,0.03969,0.26490,0.02611,0.27390,0.03351,0.04461,0.03339,0.01201,0.02798,0.05014,0.02976,0.02537,0.01440,0.01680,0.01449,0.00796,0.01605,0.01632
0.06162,0.02225,0.04707,0.11851,0.01885,0.10276,0.01645,0.03154,0.21611,0.02733,0.01726,0.03873,0.02526,0.02585,0.08456,0.06733,0.01675,0.02573,0.02029,0.01573
0.03797,0.02756,0.07560,0.02700,0.01381,0.12195,0.14431,0.06401,0.00987,0.14362,0.16801,0.04122,0.02128,0.01632,0.02007,0.03373,0.01002,0.01108,0.00289,0.00969
0.09170,0.01143,0.10526,0.10127,0.04051,0.09167,0.08882,0.04068,0.03373,0.10272,0.10879,0.01318,0.00914,0.01875,0.01270,0.07613,0.01093,0.01251,0.01305,0.01705
0.03426,0.03092,0.03468,0.06120,0.02216,0.08700,0.05911,0.02739,0.01277,0.01629,0.24796,0.01494,0.25295,0.01446,0.01342,0.02926,0.00627,0.00925,0.01637,0.00933
0.04544,0.01473,0.09140,0.12137,0.03703,0.16467,0.08927,0.04170,0.00918,0.06207,0.05924,0.03698,0.02620,0.02284,0.02422,0.04703,0.01597,0.01553,0.02483,0.05032
0.07146,0.05896,0.01822,0.10918,0.02497,0.10236,0.01208,0.02242,0.32546,0.03685,0.02410,0.02211,0.02172,0.00929,0.01621,0.07593,0.01516,0.00540,0.00683,0.02128
0.07674,0.01709,0.02307,0.25954,0.06936,0.27233,0.01631,0.02281,0.01614,0.01489,0.01821,0.00806,0.01615,0.01786,0.03494,0.06787,0.02025,0.01008,0.00853,0.00978
0.24296,0.01423,0.03250,0.01891,0.05462,0.02562,0.01672,0.02385,0.01632,0.05061,0.06525,0.02086,0.05887,0.02249,0.01537,0.24453,0.01530,0.00813,0.01400,0.03887
0.08211,0.06029,0.02781,0.13192,0.05052,0.15196,0.03539,0.02451,0.04107,0.07944,0.07372,0.03362,0.02836,0.03473,0.02125,0.05750,0.01948,0.02064,0.01270,0.01297
0.11398,0.03066,0.02644,0.16509,0.07128,0.17775,0.03502,0.02839,0.02276,0.02567,0.02682,0.04234,0.01451,0.02562,0.02285,0.10012,0.01599,0.01939,0.01356,0.02175
0.04003,0.00839,0.04397,0.30238,0.03208,0.29084,0.01668,0.01481,0.01952,0.03164,0.02012,0.01894,0.02270,0.01398,0.02136,0.02063,0.01762,0.03393,0.02012,0.01027
0.26322,0.02137,0.03868,0.03948,0.06335,0.04078,0.02777,0.02640,0.01226,0.05250,0.04350,0.04277,0.01333,0.01274,0.01242,0.25093,0.01218,0.00953,0.01044,0.00636
0.01514,0.03325,0.06272,0.22435,0.01449,0.27565,0.02081,0.08086,0.01724,0.01168,0.07500,0.01826,0.02495,0.06097,0.00826,0.01619,0.01047,0.01739,0.00583,0.00649
0.03408,0.03127,0.03481,0.11392,0.04243,0.11067,0.03193,0.03000,0.29213,0.07696,0.07531,0.00846,0.01330,0.02368,0.01791,0.01540,0.00677,0.01537,0.00920,0.01640
0.13921,0.02953,0.03462,0.09002,0.01760,0.10552,0.02155,0.04091,0.15457,0.02638,0.02754,0.02132,0.03607,0.02759,0.02467,0.13856,0.00927,0.01478,0.01420,0.02608
0.11270,0.04237,0.03011,0.13931,0.01865,0.14087,0.03259,0.02687,0.02995,0.04669,0.07273,0.04730,0.04179,0.02274,0.00688,0.12381,0.01557,0.01152,0.02040,0.01715
0.14333,0.02957,0.06014,0.16144,0.01217,0.21597,0.05639,0.02060,0.02124,0.01342,0.02268,0.01145,0.01922,0.01028,0.01411,0.15659,0.00514,0.00679,0.00898,0.01048
0.08537,0.03470,0.05293,0.03798,0.02026,0.09881,0.04309,0.04227,0.06746,0.11881,0.14044,0.02650,0.03047,0.01713,0.01751,0.11553,0.01442,0.01798,0.00557,0.01277
0.17421,0.05127,0.03266,0.12782,0.03676,0.12037,0.02619,0.01890,0.11956,0.01207,0.01077,0.02792,0.01250,0.04202,0.01544,0.13004,0.00918,0.01534,0.00284,0.01412
0.02610,0.22469,0.03117,0.06662,0.01749,0.06115,0.23194,0.01568,0.05278,0.00936,0.06291,0.01538,0.09427,0.00755,0.00849,0.03309,0.01892,0.00490,0.00807,0.00945
0.18026,0.04188,0.03938,0.05826,0.18590,0.06102,0.02555,0.02264,0.18076,0.03358,0.02887,0.01978,0.02591,0.02605,0.01013,0.01339,0.01147,0.01424,0.00651,0.01440
0.02447,0.04129,0.03845,0.16069,0.02621,0.18488,0.04543,0.01518,0.02042,0.02097,0.15585,0.01689,0.17263,0.01051,0.01180,0.02795,0.00703,0.00576,0.00608,0.00750
0.21155,0.07779,0.03088,0.04237,0.03963,0.04653,0.03051,0.02197,0.01722,0.03883,0.04936,0.05167,0.03528,0.03170,0.01674,0.21081,0.01120,0.00752,0.01127,0.01716
0.19852,0.03195,0.02885,0.02438,0.02638,0.04086,0.02666,0.02872,0.03082,0.07333,0.10033,0.02229,0.02249,0.04100,0.01669,0.20676,0.02156,0.03868,0.00668,0.01305
0.09855,0.04594,0.03641,0.08435,0.06608,0.09584,0.02830,0.01779,0.16740,0.04176,0.05808,0.02354,0.03756,0.02656,0.02372,0.07571,0.01105,0.01842,0.02032,0.02261
0.12052,0.02514,0.04442,0.07489,0.13431,0.05054,0.01939,0.04318,0.01413,0.04622,0.02252,0.04267,0.05281,0.02704,0.03491,0.12166,0.02077,0.00781,0.02851,0.06856
0.04255,0.01328,0.05589,0.11245,0.02191,0.13491,0.03783,0.03737,0.05535,0.10247,0.14481,0.03244,0.08150,0.02890,0.01377,0.02660,0.02213,0.01137,0.01373,0.01072
0.09310,0.03380,0.02312,0.03902,0.06939,0.04566,0.02311,0.02714,0.09703,0.01601,0.02008,0.02065,0.02398,0.20122,0.01908,0.03411,0.00878,0.18743,0.00778,0.00950
0.10183,0.03314,0.03008,0.18189,0.01610,0.19341,0.01510,0.02273,0.04915,0.02995,0.03436,0.01800,0.02370,0.01524,0.02134,0.13926,0.02871,0.01465,0.01659,0.01477
0.01461,0.24366,0.02363,0.11260,0.01818,0.11367,0.23186,0.01147,0.02983,0.02032,0.02219,0.03615,0.01794,0.03152,0.00860,0.01090,0.01503,0.02530,0.00505,0.00750
0.09398,0.01777,0.02988,0.13061,0.05769,0.12412,0.01590,0.03218,0.04894,0.09081,0.08933,0.01320,0.01924,0.01297,0.02814,0.08535,0.00520,0.00856,0.02112,0.07500
0.18422,0.04016,0.02636,0.05556,0.01568,0.07117,0.01411,0.05227,0.01859,0.04965,0.06036,0.01476,0.02166,0.06682,0.02980,0.19887,0.00851,0.01644,0.04137,0.01362
0.02951,0.02817,0.03333,0.16485,0.02498,0.13815,0.02133,0.02949,0.12023,0.11341,0.10991,0.02767,0.03339,0.01848,0.02185,0.02119,0.01959,0.01948,0.01152,0.01347
0.01805,0.23343,0.03360,0.10991,0.01843,0.08099,0.24944,0.01981,0.00929,0.02849,0.04355,0.01174,0.05245,0.00754,0.01535,0.01676,0.01097,0.02144,0.01073,0.00802
0.06025,0.03620,0.03667,0.10150,0.07405,0.09431,0.02743,0.03739,0.01578,0.14758,0.17521,0.02164,0.02550,0.02123,0.02574,0.03543,0.00855,0.00537,0.02659,0.02359
0.09841,0.02684,0.02417,0.11848,0.01760,0.09760,0.01395,0.04228,0.01171,0.12154,0.11498,0.03400,0.04199,0.01367,0.02557,0.10962,0.02003,0.04444,0.01128,0.01183
0.05208,0.03630,0.05433,0.03413,0.05115,0.03580,0.03732,0.08111,0.00963,0.16479,0.20635,0.03596,0.02680,0.03519,0.01433,0.04559,0.01291,0.02454,0.02152,0.02016
0.02947,0.03401,0.06082,0.11091,0.02059,0.07949,0.03910,0.02219,0.01579,0.01733,0.19600,0.05054,0.19997,0.04302,0.01924,0.01719,0.01005,0.01478,0.00463,0.01486
0.22133,0.05872,0.02813,0.03096,0.04208,0.03716,0.02279,0.03118,0.01262,0.03754,0.03897,0.03961,0.01895,0.01464,0.02200,0.26817,0.02216,0.01115,0.02410,0.01773
0.20542,0.04782,0.03716,0.04278,0.03262,0.05952,0.03921,0.02694,0.09099,0.02934,0.03289,0.05231,0.01417,0.02372,0.01821,0.19198,0.01339,0.02503,0.00829,0.00820
0.03322,0.05822,0.06381,0.08456,0.03984,0.07261,0.02536,0.03866,0.22421,0.07461,0.10441,0.04500,0.04895,0.01711,0.01229,0.02295,0.01209,0.00866,0.00682,0.00662
0.25520,0.03760,0.04239,0.05447,0.04294,0.05402,0.02740,0.01741,0.01194,0.02371,0.05137,0.01185,0.03935,0.01667,0.01443,0.24508,0.01440,0.01331,0.01335,0.01311
0.01905,0.11118,0.02637,0.21840,0.01668,0.22635,0.09956,0.02356,0.03211,0.02000,0.03512,0.01799,0.02900,0.01974,0.01593,0.02128,0.03024,0.00976,0.01260,0.01508
0.02482,0.03203,0.02713,0.21896,0.03131,0.22278,0.01729,0.02231,0.02551,0.02458,0.11385,0.01106,0.11947,0.00724,0.01880,0.02303,0.01349,0.01316,0.00747,0.02572
0.12618,0.01808,0.01511,0.17262,0.01993,0.17116,0.01796,0.02167,0.02273,0.01612,0.04564,0.04116,0.02215,0.02363,0.02095,0.13203,0.00806,0.01127,0.06438,0.02918
0.02597,0.23598,0.02932,0.02911,0.02907,0.01697,0.23909,0.01693,0.14018,0.03649,0.03850,0.02245,0.01250,0.01670,0.01457,0.03235,0.01201,0.02427,0.01131,0.01624
0.13989,0.04335,0.05309,0.15297,0.12221,0.18727,0.03108,0.01627,0.02053,0.04727,0.05543,0.01130,0.01584,0.03030,0.01200,0.02795,0.00472,0.00840,0.01379,0.00635
0.15886,0.02445,0.03135,0.07591,0.05055,0.07754,0.02355,0.02344,0.26526,0.01871,0.02454,0.00686,0.01595,0.01846,0.01628,0.12116,0.00964,0.00929,0.01817,0.01004
0.34324,0.02605,0.01805,0.02251,0.32040,0.03461,0.01725,0.01661,0.01260,0.01329,0.01637,0.01183,0.01106,0.04126,0.00787,0.03072,0.00685,0.03601,0.00402,0.00938
0.04282,0.02886,0.03475,0.11483,0.04176,0.12721,0.02186,0.02290,0.01584,0.02254,0.02193,0.01810,0.01757,0.18677,0.01694,0.04726,0.00845,0.19175,0.00472,0.01312
0.18727,0.05776,0.02640,0.09344,0.02255,0.11999,0.05086,0.05026,0.03188,0.01732,0.01887,0.02404,0.01610,0.01819,0.01342,0.20332,0.00807,0.01827,0.01548,0.00649
0.01701,0.02036,0.03201,0.09289,0.01177,0.09744,0.03413,0.00713,0.15577,0.02037,0.17736,0.02116,0.20340,0.02674,0.01214,0.02459,0.01682,0.01369,0.00633,0.00890
0.07741,0.03862,0.02668,0.23140,0.07777,0.24224,0.02762,0.03352,0.01271,0.01004,0.01630,0.01659,0.01111,0.02370,0.02318,0.06735,0.00958,0.01600,0.01034,0.02783
0.02438,0.10430,0.02013,0.02367,0.02631,0.02321,0.10968,0.02047,0.00799,0.02016,0.22722,0.01657,0.26208,0.01089,0.00677,0.02974,0.01900,0.01081,0.01011,0.02652
0.18559,0.03993,0.04161,0.03543,0.01603,0.05988,0.08421,0.03757,0.04762,0.05421,0.05494,0.02482,0.01522,0.02010,0.01707,0.21581,0.01297,0.01833,0.01034,0.00832
0.04781,0.02352,0.04456,0.19501,0.05503,0.20443,0.03330,0.03581,0.03540,0.05988,0.04446,0.02413,0.02660,0.02278,0.01995,0.04747,0.01340,0.01761,0.01364,0.03521
0.03689,0.02085,0.04567,0.07181,0.04240,0.07099,0.01724,0.02510,0.04343,0.17995,0.21676,0.01625,0.04354,0.02912,0.03535,0.02785,0.00540,0.01281,0.02002,0.03857
0.07758,0.02578,0.06192,0.06638,0.02093,0.09899,0.03817,0.02148,0.07109,0.14281,0.14296,0.01851,0.02164,0.01391,0.02648,0.07079,0.00577,0.01102,0.02153,0.04226
0.04996,0.03805,0.03588,0.05838,0.01853,0.07151,0.04043,0.01869,0.11794,0.17632,0.18054,0.02672,0.02335,0.01206,0.01255,0.05777,0.01531,0.01200,0.01837,0.01565
0.12654,0.02058,0.04254,0.16896,0.04486,0.17908,0.01568,0.03000,0.01551,0.04833,0.04035,0.02235,0.02102,0.02598,0.02412,0.11709,0.01527,0.01294,0.00671,0.02212
0.20993,0.03750,0.03171,0.06707,0.01136,0.09191,0.02278,0.01376,0.05076,0.01998,0.03397,0.02883,0.03069,0.03981,0.03820,0.22345,0.01542,0.01521,0.00983,0.00782
0.15834,0.02703,0.03436,0.08427,0.05193,0.09896,0.03317,0.03341,0.01542,0.05901,0.07296,0.02360,0.03149,0.01881,0.02030,0.17659,0.01070,0.01176,0.01970,0.01818
0.20281,0.01564,0.04650,0.07423,0.04627,0.07424,0.01745,0.02574,0.02829,0.02732,0.02482,0.01976,0.05008,0.01550,0.06606,0.18864,0.01769,0.00901,0.02808,0.02189
0.09785,0.04212,0.02953,0.12342,0.01317,0.14441,0.04170,0.02161,0.05285,0.04678,0.06670,0.03650,0.03871,0.03871,0.02184,0.10634,0.03004,0.01195,0.01401,0.02178
0.10083,0.02458,0.01826,0.06039,0.09690,0.07799,0.03437,0.03207,0.04846,0.04007,0.05038,0.02802,0.03029,0.13744,0.01974,0.03278,0.01194,0.12723,0.02029,0.00797
0.16394,0.02242,0.02347,0.12746,0.04764,0.13351,0.01505,0.02476,0.06224,0.01886,0.02628,0.02497,0.03192,0.01649,0.02569,0.15320,0.02446,0.02138,0.01995,0.01632
0.13220,0.09478,0.02500,0.11629,0.04150,0.15179,0.04313,0.02598,0.01877,0.02444,0.02522,0.04135,0.03673,0.02202,0.01629,0.14573,0.01061,0.00582,0.01098,0.01137
0.20028,0.02146,0.05998,0.12944,0.19544,0.16581,0.06174,0.01703,0.01188,0.01065,0.02933,0.01085,0.01449,0.01405,0.00989,0.01976,0.00873,0.00378,0.00823,0.00720
0.05100,0.08439,0.03549,0.16406,0.02449,0.21733,0.03532,0.03517,0.05204,0.03699,0.05716,0.03686,0.02578,0.01966,0.02393,0.06391,0.00723,0.00568,0.01279,0.01072
0.25142,0.03089,0.02965,0.02222,0.02677,0.02397,0.03261,0.03456,0.08022,0.04241,0.06851,0.00583,0.01063,0.02329,0.01313,0.25145,0.01349,0.01399,0.01007,0.01488
0.03654,0.05875,0.04328,0.02781,0.06815,0.03841,0.02138,0.09248,0.16896,0.11133,0.14827,0.02849,0.02824,0.01457,0.01080,0.03352,0.02357,0.00759,0.01156,0.02630
0.09791,0.01830,0.02606,0.15668,0.01561,0.16125,0.02478,0.03591,0.09686,0.11064,0.12081,0.01435,0.00914,0.00969,0.00866,0.07267,0.00411,0.00415,0.00694,0.00548
0.17863,0.03121,0.03869,0.10790,0.01685,0.18473,0.04267,0.02543,0.05958,0.01807,0.01932,0.01442,0.01489,0.02384,0.02157,0.17063,0.00662,0.00808,0.00506,0.01183
0.29672,0.02988,0.05680,0.05005,0.27884,0.06403,0.02049,0.01306,0.02140,0.01762,0.03240,0.01702,0.01537,0.01973,0.01741,0.01650,0.00977,0.01016,0.00633,0.00641
0.05236,0.03386,0.03146,0.05719,0.04063,0.05478,0.01816,0.04161,0.32378,0.06976,0.08047,0.01529,0.01677,0.01786,0.01227,0.05106,0.00818,0.00522,0.04211,0.02720
0.02484,0.23564,0.01822,0.13616,0.01670,0.12551,0.21199,0.02105,0.01087,0.01858,0.02963,0.02118,0.03219,0.01860,0.01144,0.02279,0.00858,0.01260,0.00719,0.01624
0.10707,0.03372,0.04638,0.08376,0.02475,0.11227,0.08261,0.05348,0.02355,0.03519,0.03062,0.04586,0.03280,0.03629,0.02820,0.13297,0.02402,0.03526,0.01524,0.01598
0.03461,0.02792,0.02722,0.18204,0.06833,0.22747,0.03672,0.02428,0.01830,0.01123,0.02516,0.02734,0.02378,0.09767,0.01469,0.01421,0.01360,0.10204,0.00795,0.01543
0.10405,0.01002,0.06241,0.07924,0.07223,0.08111,0.01627,0.08280,0.12304,0.04340,0.04063,0.02297,0.02563,0.01985,0.03075,0.09073,0.03076,0.02240,0.01466,0.02704
0.02181,0.23251,0.03016,0.15744,0.01730,0.13718,0.24470,0.01432,0.01193,0.01201,0.01237,0.02334,0.01044,0.01567,0.01710,0.01055,0.00622,0.01697,0.00464,0.00335
0.02572,0.04735,0.02697,0.16593,0.03785,0.19333,0.02097,0.03214,0.02561,0.02641,0.02136,0.00846,0.01839,0.12232,0.01982,0.02418,0.01355,0.12671,0.02459,0.01835
0.16730,0.02764,0.02518,0.08095,0.05649,0.08548,0.03756,0.02712,0.01196,0.06911,0.07193,0.01683,0.04845,0.02954,0.00902,0.15725,0.02965,0.01389,0.01220,0.02245
0.02098,0.02395,0.10239,0.03509,0.01544,0.03733,0.03022,0.05432,0.15028,0.16079,0.19898,0.01363,0.08632,0.01657,0.00615,0.01100,0.01112,0.00730,0.01385,0.00430
0.22898,0.04781,0.01581,0.04827,0.01363,0.08895,0.03863,0.02427,0.01754,0.01418,0.01296,0.02855,0.01215,0.05878,0.02587,0.23475,0.00850,0.06543,0.00484,0.01012
0.15865,0.03454,0.04984,0.13822,0.04771,0.12222,0.01377,0.03233,0.03044,0.02555,0.03102,0.04972,0.00924,0.00977,0.03962,0.15214,0.01840,0.00806,0.00724,0.02153
0.13090,0.03241,0.03317,0.16029,0.04178,0.16791,0.02683,0.04359,0.01690,0.03172,0.02696,0.02761,0.01612,0.02119,0.01545,0.13210,0.02005,0.00981,0.01811,0.02709
0.02072,0.05455,0.01891,0.11700,0.01202,0.11340,0.06621,0.01253,0.02275,0.01405,0.24221,0.01379,0.23607,0.01077,0.00592,0.01485,0.00596,0.00219,0.00763,0.00851
0.02601,0.14415,0.01453,0.08202,0.04226,0.07383,0.11795,0.03900,0.30960,0.01646,0.01148,0.01173,0.00683,0.01655,0.01782,0.01465,0.01515,0.02002,0.00731,0.01264
0.05101,0.03654,0.09404,0.03027,0.01889,0.07618,0.12459,0.03024,0.01666,0.13968,0.17523,0.02539,0.02633,0.02313,0.01790,0.06731,0.01573,0.01035,0.00673,0.01380
0.11008,0.02053,0.01355,0.24472,0.11412,0.27251,0.01083,0.02952,0.01486,0.02006,0.02411,0.01810,0.01319,0.01741,0.01615,0.02277,0.01251,0.00832,0.00603,0.01065
0.13810,0.05277,0.02907,0.07113,0.02070,0.05740,0.02938,0.03524,0.07536,0.06791,0.05519,0.02678,0.03132,0.04283,0.03147,0.14385,0.01774,0.01340,0.03333,0.02703
0.05225,0.06094,0.03737,0.14346,0.01489,0.19593,0.04551,0.03259,0.02229,0.05509,0.07554,0.08377,0.02444,0.02224,0.01295,0.07565,0.02167,0.00853,0.00792,0.00696
0.10431,0.03186,0.01777,0.08506,0.01579,0.10656,0.03610,0.03744,0.11091,0.05594,0.09269,0.01588,0.05211,0.03812,0.02068,0.09984,0.01185,0.02566,0.00923,0.03222
0.11394,0.05090,0.05113,0.06357,0.11021,0.08972,0.06389,0.02724,0.01589,0.05640,0.06233,0.01497,0.03352,0.01973,0.02552,0.10966,0.01214,0.01072,0.03088,0.03764
0.13920,0.02628,0.02202,0.15382,0.01952,0.16487,0.03428,0.02169,0.03685,0.02981,0.02769,0.03589,0.02414,0.02588,0.02812,0.13425,0.01828,0.02442,0.01350,0.01948
0.11595,0.02600,0.04629,0.05756,0.06118,0.07165,0.05956,0.03497,0.09209,0.05742,0.05531,0.01808,0.03233,0.01095,0.03958,0.14270,0.01860,0.01071,0.02049,0.02857
0.12850,0.04472,0.02683,0.18006,0.12398,0.19910,0.03532,0.01817,0.02788,0.02625,0.02668,0.01947,0.02162,0.04105,0.01296,0.01512,0.01208,0.02274,0.00668,0.01080
0.03333,0.03382,0.02559,0.16487,0.03005,0.18292,0.03428,0.01779,0.00840,0.01767,0.03736,0.02056,0.02299,0.16143,0.01446,0.01529,0.01587,0.14276,0.01223,0.00833
0.01912,0.04293,0.03267,0.07486,0.01689,0.07539,0.02724,0.03510,0.02134,0.22853,0.25574,0.01611,0.03096,0.01145,0.03436,0.02120,0.01380,0.01325,0.00744,0.02161
0.21137,0.05159,0.02537,0.03221,0.01431,0.04986,0.01953,0.01413,0.01940,0.06494,0.10726,0.03309,0.01296,0.07176,0.02050,0.20970,0.00943,0.01885,0.00544,0.00829
0.07339,0.04488,0.04152,0.03368,0.04863,0.04589,0.01940,0.02156,0.03970,0.15963,0.15067,0.03908,0.03404,0.03147,0.08072,0.06098,0.01728,0.03394,0.00947,0.01408
0.13496,0.05104,0.02566,0.15645,0.03413,0.18566,0.03059,0.01542,0.01859,0.03506,0.03941,0.01667,0.03069,0.01837,0.02987,0.14019,0.00622,0.00816,0.01421,0.00865
0.03606,0.04043,0.03668,0.09881,0.07420,0.08348,0.04214,0.03193,0.16072,0.10033,0.10635,0.01704,0.01907,0.01388,0.03252,0.03241,0.02002,0.01004,0.01266,0.03125
0.10500,0.04649,0.03212,0.05467,0.09502,0.05895,0.03356,0.02626,0.14653,0.03248,0.01867,0.02629,0.01624,0.11287,0.02127,0.03043,0.01047,0.10111,0.01083,0.02073
0.02434,0.02682,0.04173,0.17604,0.04946,0.16828,0.04089,0.01743,0.02738,0.03306,0.12873,0.03290,0.14232,0.01675,0.01973,0.01385,0.00618,0.01306,0.00844,0.01263
0.11179,0.02792,0.02682,0.06577,0.01873,0.05219,0.01979,0.02383,0.39901,0.02769,0.02393,0.00910,0.01251,0.01615,0.01565,0.09923,0.01309,0.00539,0.01637,0.01503
0.01417,0.21583,0.03915,0.10950,0.01189,0.12148,0.22115,0.01470,0.05626,0.01900,0.02765,0.02080,0.02985,0.02896,0.02837,0.01492,0.00847,0.00600,0.00777,0.00410
0.05466,0.03794,0.05817,0.22462,0.02178,0.23543,0.01219,0.04748,0.01225,0.05269,0.05583,0.01799,0.01726,0.01857,0.02226,0.05054,0.03332,0.00844,0.01134,0.00724
0.08372,0.03252,0.02090,0.14680,0.02340,0.16857,0.01587,0.04154,0.07177,0.07535,0.08722,0.02423,0.01878,0.01135,0.02014,0.09553,0.01517,0.00794,0.01701,0.02220
0.05250,0.03036,0.03226,0.11275,0.03748,0.12984,0.02466,0.04966,0.03198,0.01687,0.04944,0.02401,0.02325,0.16688,0.01226,0.02225,0.01188,0.15377,0.00578,0.01211
0.09349,0.03782,0.02810,0.06541,0.01756,0.06974,0.04160,0.01625,0.04024,0.13779,0.15635,0.05510,0.03234,0.03821,0.01627,0.10355,0.01798,0.00477,0.01135,0.01607
0.15762,0.02975,0.03362,0.08321,0.01252,0.10790,0.06487,0.04323,0.01682,0.02539,0.01825,0.01080,0.04652,0.04679,0.04227,0.15805,0.03810,0.00853,0.01381,0.04194
0.02453,0.09037,0.02161,0.05361,0.03397,0.04440,0.11852,0.02292,0.01155,0.02106,0.20889,0.01684,0.24463,0.00845,0.01193,0.02221,0.02038,0.00476,0.00959,0.00978
0.15605,0.03912,0.04958,0.09366,0.02866,0.11870,0.03910,0.06145,0.01424,0.01492,0.03276,0.02881,0.01513,0.03156,0.01417,0.17472,0.02522,0.01289,0.02973,0.01954
0.21904,0.01664,0.02914,0.04548,0.03906,0.04560,0.03935,0.03312,0.03760,0.06031,0.05413,0.02123,0.03330,0.04456,0.02018,0.17801,0.01517,0.03719,0.01887,0.01202
0.05894,0.04320,0.02202,0.11184,0.02584,0.12552,0.01098,0.02568,0.01498,0.13434,0.17759,0.03466,0.05503,0.01237,0.02413,0.06027,0.01272,0.00809,0.01940,0.02240
0.20587,0.01790,0.05605,0.05452,0.05439,0.06322,0.04474,0.02561,0.03091,0.02260,0.01055,0.02329,0.02004,0.02005,0.01758,0.21087,0.02995,0.03604,0.04281,0.01300
0.04070,0.02679,0.05959,0.09720,0.03522,0.06241,0.02200,0.03924,0.17516,0.10559,0.05511,0.04294,0.04096,0.03653,0.06089,0.02170,0.01757,0.00927,0.03291,0.01821
0.29082,0.03205,0.03307,0.01687,0.01310,0.02761,0.02696,0.01959,0.04421,0.03103,0.03890,0.02114,0.01261,0.02390,0.01020,0.31381,0.01472,0.01020,0.00894,0.01025
