0.19825,0.15555,0.45319,0.19300
0.15929,0.30973,0.30831,0.22267
0.21965,0.22276,0.22151,0.33608
0.08626,0.16063,0.39911,0.35399
0.13736,0.14903,0.31401,0.39959
0.10453,0.10408,0.33197,0.45942
0.15964,0.14311,0.37792,0.31933
0.24155,0.25653,0.19972,0.30220
0.27069,0.16629,0.28244,0.28058
0.13367,0.13492,0.48621,0.24521
0.16566,0.16929,0.38525,0.27980
0.10692,0.10630,0.26487,0.52191
0.13417,0.13429,0.25495,0.47659
0.17735,0.17888,0.33369,0.31008
0.08353,0.08954,0.44638,0.38056
0.15036,0.12381,0.52492,0.20091
0.19704,0.16772,0.27893,0.35631
0.21473,0.17491,0.23979,0.37057
0.14737,0.30072,0.25211,0.29980
0.21668,0.21698,0.17498,0.39136
0.22290,0.23348,0.20850,0.33512
0.12854,0.11953,0.27674,0.47518
0.08957,0.28394,0.20951,0.41698
0.07593,0.08399,0.47647,0.36361
0.26621,0.24875,0.26578,0.21926
0.29581,0.08238,0.30236,0.31945
0.24163,0.25984,0.19269,0.30584
0.16254,0.16590,0.28675,0.38481
0.15671,0.19054,0.35664,0.29611
0.16805,0.15941,0.30259,0.36994
0.13731,0.13960,0.40920,0.31388
0.16249,0.11843,0.36084,0.35824
0.23914,0.20306,0.30932,0.24848
0.19929,0.16439,0.31123,0.32509
0.15377,0.15756,0.40778,0.28089
0.16816,0.17345,0.36696,0.29142
0.08416,0.08401,0.58599,0.24584
0.15574,0.22250,0.36496,0.25680
0.18505,0.18156,0.37927,0.25412
0.21202,0.21836,0.32587,0.24375
0.20545,0.22353,0.22932,0.34171
0.11952,0.12494,0.42122,0.33433
0.35795,0.11870,0.26187,0.26148
0.23535,0.11548,0.34146,0.30772
0.06326,0.13837,0.31700,0.48137
0.22466,0.21865,0.22702,0.32967
0.13878,0.13256,0.25617,0.47250
0.09051,0.25360,0.46463,0.19126
0.17977,0.32154,0.29875,0.19994
0.15830,0.16209,0.42575,0.25386
0.31627,0.19344,0.20568,0.28462
0.20671,0.18488,0.27349,0.33492
0.16249,0.07649,0.46261,0.29841
0.13648,0.15812,0.42916,0.27624
0.22778,0.14257,0.35473,0.27491
0.24087,0.24408,0.17185,0.34320
0.16685,0.17227,0.40145,0.25942
0.16895,0.21421,0.27495,0.34189
0.18293,0.18652,0.22684,0.40371
0.13199,0.13276,0.17150,0.56374
0.13695,0.28262,0.26005,0.32037
0.19169,0.20763,0.29790,0.30278
0.20131,0.20883,0.30515,0.28471
0.23847,0.16141,0.28266,0.31746
0.10141,0.11967,0.55692,0.22200
0.13255,0.13562,0.35650,0.37533
0.09767,0.16245,0.39224,0.34764
0.18237,0.20867,0.39305,0.21591
0.13785,0.13924,0.29662,0.42629
0.14371,0.14441,0.38810,0.32377
0.12096,0.12374,0.34610,0.40921
0.11086,0.21453,0.30892,0.36569
0.17522,0.15581,0.22584,0.44314
0.17694,0.18177,0.28134,0.35995
0.14743,0.15260,0.48587,0.21411
0.10366,0.12956,0.46988,0.29690
0.23547,0.23732,0.26984,0.25736
0.13556,0.13637,0.40586,0.32220
0.14341,0.14289,0.41569,0.29802
0.16697,0.16890,0.29543,0.36870
0.16614,0.16908,0.38944,0.27534
0.23105,0.23921,0.25415,0.27559
0.17609,0.16941,0.27389,0.38061
0.20020,0.20386,0.31803,0.27790
0.26268,0.12668,0.22809,0.38256
0.17779,0.18610,0.26076,0.37534
0.19259,0.20758,0.33909,0.26074
0.12069,0.20613,0.42044,0.25274
0.23950,0.16933,0.30233,0.28885
0.16701,0.07230,0.31709,0.44360
0.10734,0.18658,0.44080,0.26528
0.10905,0.22315,0.29207,0.37572
0.07152,0.09623,0.31681,0.51545
0.17621,0.17406,0.33075,0.31898
0.26029,0.30217,0.18572,0.25182
0.18327,0.17405,0.25321,0.38947
0.17692,0.18646,0.33090,0.30572
0.18781,0.12969,0.19660,0.48590
0.23495,0.23193,0.30536,0.22776
0.18612,0.21479,0.18701,0.41207
0.14334,0.15184,0.34283,0.36199
0.19388,0.19338,0.27846,0.33428
0.15140,0.13019,0.30420,0.41421
0.14001,0.15777,0.26562,0.43660
0.13401,0.13449,0.54399,0.18751
0.22082,0.30130,0.16751,0.31037
0.12969,0.13351,0.32227,0.41453
0.16247,0.16331,0.23269,0.44152
0.11984,0.13492,0.44920,0.29604
0.08246,0.08549,0.54144,0.29061
0.25936,0.26063,0.30489,0.17513
0.10652,0.15066,0.26404,0.47878
0.15737,0.15816,0.25521,0.42926
0.17487,0.16949,0.23628,0.41936
0.17036,0.17685,0.23759,0.41520
0.16260,0.18792,0.41682,0.23266
0.17057,0.16202,0.26952,0.39789
0.18494,0.17518,0.32200,0.31789
0.21769,0.21659,0.36685,0.19886
0.18262,0.15064,0.27373,0.39300
0.16819,0.17371,0.33361,0.32450
0.19415,0.19508,0.26018,0.35059
0.21365,0.13857,0.31128,0.33650
0.14273,0.14319,0.32203,0.39204
0.13944,0.13061,0.27564,0.45431
0.16749,0.24254,0.34815,0.24182
0.20418,0.24483,0.29069,0.26029
0.13800,0.15312,0.31440,0.39448
0.14600,0.15625,0.32732,0.37043
0.18149,0.24139,0.24106,0.33606
0.20698,0.20435,0.30815,0.28052
0.14704,0.16024,0.32405,0.36867
0.13836,0.18414,0.29548,0.38202
0.19174,0.19767,0.36358,0.24701
0.13637,0.14070,0.26778,0.45514
0.17993,0.18496,0.32981,0.30530
0.19372,0.13395,0.29881,0.37352
0.23133,0.14842,0.25207,0.36818
0.18891,0.19755,0.35436,0.25917
0.23724,0.19284,0.37981,0.19011
0.12378,0.13456,0.37423,0.36743
0.08624,0.21490,0.37653,0.32233
0.14313,0.16628,0.23278,0.45781
0.19300,0.19894,0.32497,0.28308
0.14413,0.17416,0.29774,0.38398
0.12262,0.17048,0.26990,0.43700
0.15262,0.15920,0.22674,0.46144
0.07535,0.23135,0.26782,0.42548
0.17336,0.16345,0.27313,0.39006
0.28637,0.12125,0.37135,0.22103
0.18834,0.20542,0.20606,0.40017
0.15963,0.16581,0.32663,0.34793
0.17888,0.27679,0.30613,0.23820
0.11329,0.11455,0.49925,0.27291
0.16380,0.15315,0.20747,0.47558
0.13862,0.13389,0.38783,0.33966
0.15725,0.13150,0.32132,0.38992
0.21022,0.21582,0.31607,0.25789
0.20497,0.20892,0.36343,0.22268
0.22757,0.10792,0.39780,0.26672
0.19060,0.19484,0.37353,0.24103
0.22759,0.24408,0.26873,0.25960
0.16247,0.27108,0.37040,0.19606
0.15166,0.16139,0.25715,0.42981
0.13851,0.14239,0.46932,0.24978
0.18323,0.20621,0.29820,0.31235
0.14559,0.16201,0.44937,0.24304
0.12086,0.14203,0.29865,0.43846
0.16791,0.14508,0.47971,0.20731
0.23786,0.16663,0.25520,0.34032
0.12716,0.12786,0.25819,0.48679
0.17599,0.17610,0.36599,0.28192
0.29795,0.29746,0.23590,0.16869
0.29653,0.18027,0.32107,0.20213
0.11109,0.24327,0.36065,0.28499
0.26375,0.18216,0.20992,0.34416
0.19922,0.20440,0.27846,0.31792
0.23936,0.13448,0.27814,0.34801
0.10736,0.10321,0.34515,0.44428
0.07799,0.11985,0.27117,0.53099
0.18074,0.13639,0.17102,0.51185
0.35200,0.15096,0.25534,0.24170
0.09280,0.09084,0.32197,0.49439
0.16514,0.22337,0.35570,0.25579
0.21795,0.22689,0.23018,0.32498
0.19976,0.19830,0.32842,0.27352
0.17035,0.20266,0.27959,0.34740
0.07093,0.13548,0.35135,0.44224
0.11308,0.12080,0.28856,0.47756
0.14541,0.08772,0.40580,0.36107
0.08654,0.08965,0.32666,0.49716
0.12514,0.13863,0.48101,0.25522
0.17042,0.18107,0.34332,0.30518
0.17140,0.17185,0.17247,0.48427
0.15969,0.15963,0.29816,0.38252
0.18707,0.18181,0.37336,0.25777
0.16398,0.16238,0.44467,0.22896
0.15752,0.15268,0.40124,0.28856
0.14773,0.11095,0.47464,0.26668
0.13872,0.14495,0.40364,0.31269
0.13818,0.13630,0.25949,0.46603
0.12782,0.21334,0.39006,0.26878
0.24390,0.19283,0.26146,0.30181
0.16958,0.17333,0.17340,0.48369
0.23982,0.28066,0.20345,0.27607
0.22126,0.22672,0.31461,0.23741
0.12523,0.14167,0.32996,0.40314
0.22299,0.20669,0.26529,0.30503
0.16113,0.17703,0.26462,0.39722
0.12373,0.12764,0.46633,0.28230
0.18442,0.18213,0.22501,0.40844
0.10168,0.16034,0.42914,0.30884
0.23259,0.23833,0.31278,0.21629
0.13446,0.14361,0.38604,0.33589
0.22650,0.23447,0.27644,0.26259
0.23071,0.25080,0.28557,0.23292
0.20003,0.19564,0.32942,0.27490
0.07622,0.07732,0.63553,0.21093
0.24361,0.15151,0.28876,0.31611
0.12195,0.12015,0.49159,0.26630
0.07328,0.10047,0.31597,0.51028
0.16978,0.15519,0.38112,0.29392
0.16991,0.17595,0.36402,0.29012
0.17580,0.14287,0.42332,0.25801
0.12482,0.13552,0.43533,0.30433
0.16400,0.16755,0.40339,0.26506
0.18482,0.19071,0.35431,0.27016
0.16654,0.17901,0.49875,0.15570
0.15603,0.15765,0.23329,0.45304
0.14769,0.14422,0.20457,0.50353
0.06391,0.32715,0.29971,0.30923
0.08176,0.08248,0.30330,0.53246
0.21887,0.22545,0.20544,0.35025
0.13534,0.13778,0.41018,0.31669
0.17640,0.20125,0.37269,0.24966
0.10654,0.10521,0.45750,0.33075
0.12566,0.16693,0.41210,0.29531
0.22695,0.24429,0.23567,0.29309
0.28200,0.16155,0.28288,0.27357
0.13169,0.27025,0.35811,0.23995
0.10677,0.13860,0.44085,0.31378
0.10021,0.08944,0.52122,0.28912
0.12898,0.23824,0.28390,0.34888
0.24121,0.24400,0.25758,0.25721
0.26747,0.11976,0.38190,0.23086
0.16612,0.11216,0.39400,0.32772
0.16875,0.17955,0.27341,0.37829
0.16139,0.18493,0.19884,0.45484
0.21272,0.16484,0.28226,0.34018
0.20404,0.20682,0.35139,0.23775
0.12254,0.15237,0.30446,0.42063
0.13689,0.13620,0.39266,0.33425
0.11391,0.20084,0.32636,0.35889
0.14324,0.14318,0.49885,0.21473
0.21857,0.21994,0.20989,0.35160
0.18878,0.13128,0.18416,0.49579
0.19062,0.20668,0.27551,0.32719
0.16452,0.18582,0.36690,0.28276
0.15980,0.16283,0.26924,0.40813
0.18340,0.18137,0.23989,0.39534
0.22078,0.16307,0.21262,0.40353
0.16488,0.16960,0.30147,0.36406
0.25193,0.23175,0.24495,0.27137
0.08222,0.07787,0.59661,0.24330
0.09959,0.10074,0.23332,0.56635
0.12340,0.13336,0.41690,0.32634
0.22404,0.23385,0.21965,0.32246
0.16033,0.17288,0.30532,0.36147
0.21712,0.19300,0.27680,0.31308
0.11553,0.20463,0.29081,0.38903
0.18825,0.20104,0.32472,0.28598
0.17166,0.17451,0.31477,0.33905
0.09935,0.10128,0.41714,0.38223
0.18475,0.23925,0.27903,0.29697
0.15077,0.15076,0.33511,0.36337
0.18728,0.22478,0.33230,0.25564
0.18300,0.23734,0.26349,0.31617
0.13323,0.11054,0.34489,0.41135
0.16659,0.16903,0.29808,0.36631
0.18960,0.26252,0.27597,0.27191
0.21585,0.21774,0.29893,0.26748
0.20295,0.16252,0.32699,0.30754
0.13081,0.14812,0.49589,0.22518
0.17587,0.18098,0.36329,0.27986
0.25298,0.25698,0.23025,0.25979
0.19647,0.16291,0.17101,0.46961
0.23377,0.19200,0.24078,0.33345
0.20059,0.20499,0.33863,0.25579
0.14793,0.15615,0.37766,0.31827
0.15018,0.15561,0.28045,0.41376
0.15081,0.16235,0.42232,0.26453
0.11394,0.11884,0.47001,0.29721
0.10206,0.09771,0.54840,0.25183
0.13941,0.14087,0.45253,0.26719
0.13252,0.34595,0.21191,0.30963
0.15153,0.18891,0.40941,0.25014
0.32571,0.20574,0.28439,0.18416
0.10239,0.10762,0.21546,0.57452
0.13208,0.14977,0.20670,0.51145
0.22508,0.18423,0.28768,0.30301
