0.17545,0.10862,0.08603,0.62990
0.10564,0.13901,0.11779,0.63756
0.06834,0.06911,0.48778,0.37477
0.12960,0.09941,0.17478,0.59621
0.14743,0.11453,0.35976,0.37828
0.08362,0.44408,0.25042,0.22187
0.16704,0.15706,0.46816,0.20775
0.11977,0.15450,0.23798,0.48775
0.08093,0.07254,0.39567,0.45086
0.20759,0.13519,0.41371,0.24351
0.19592,0.15721,0.10243,0.54444
0.09462,0.03026,0.05707,0.81805
0.05131,0.04213,0.28835,0.61822
0.37683,0.04836,0.29852,0.27628
0.44729,0.03207,0.15394,0.36670
0.06333,0.09413,0.28888,0.55366
0.07629,0.21187,0.18438,0.52746
0.23721,0.22544,0.16609,0.37126
0.04913,0.04134,0.18280,0.72673
0.09981,0.06757,0.20838,0.62423
0.04667,0.03067,0.80421,0.11846
0.02435,0.07578,0.45444,0.44543
0.15420,0.10827,0.11247,0.62505
0.14598,0.03871,0.53911,0.27620
0.18293,0.14322,0.27527,0.39858
0.31712,0.07105,0.17188,0.43996
0.05888,0.06380,0.40800,0.46932
0.12675,0.11285,0.37461,0.38579
0.19413,0.15774,0.22338,0.42475
0.10840,0.09020,0.24052,0.56088
0.22068,0.18484,0.30508,0.28940
0.10392,0.09629,0.40683,0.39296
0.21768,0.17911,0.36373,0.23948
0.05833,0.12528,0.31484,0.50156
0.19664,0.10276,0.26705,0.43356
0.23549,0.20569,0.12787,0.43096
0.13884,0.13548,0.29068,0.43499
0.11549,0.10146,0.13709,0.64596
0.12707,0.16440,0.25065,0.45788
0.12616,0.11478,0.19289,0.56617
0.29986,0.20502,0.20640,0.28871
0.05382,0.04496,0.39648,0.50474
0.21960,0.02766,0.28528,0.46747
0.11726,0.09959,0.06435,0.71879
0.10050,0.07941,0.19633,0.62376
0.09579,0.09130,0.42784,0.38506
0.10727,0.07982,0.28451,0.52839
0.12201,0.11018,0.23984,0.52797
0.37581,0.16822,0.15465,0.30133
0.11440,0.09364,0.37538,0.41657
0.30412,0.21454,0.11186,0.36948
0.16115,0.13839,0.42675,0.27371
0.12054,0.06750,0.32942,0.48253
0.25504,0.09203,0.18328,0.46965
0.15410,0.14339,0.29456,0.40795
0.13890,0.12691,0.36495,0.36924
0.10476,0.08783,0.19921,0.60819
0.28177,0.05400,0.17242,0.49181
0.27769,0.07227,0.16464,0.48540
0.15916,0.13671,0.09958,0.60455
0.12018,0.08477,0.17276,0.62229
0.19503,0.09641,0.16961,0.53896
0.28603,0.21149,0.13100,0.37148
0.08973,0.08265,0.48209,0.34553
0.09413,0.10552,0.33815,0.46219
0.33404,0.03482,0.34755,0.28358
0.11814,0.11014,0.58044,0.19128
0.07627,0.06363,0.30172,0.55837
0.13244,0.10162,0.10759,0.65836
0.22771,0.21513,0.30144,0.25573
0.17019,0.14684,0.18189,0.50108
0.09182,0.08406,0.23397,0.59015
0.08910,0.21232,0.28480,0.41378
0.11867,0.05529,0.16333,0.66271
0.17186,0.13240,0.09654,0.59920
0.05990,0.05281,0.53102,0.35627
0.18970,0.14064,0.16243,0.50723
0.18047,0.08046,0.16065,0.57842
0.04032,0.03977,0.37366,0.54625
0.10071,0.38560,0.07407,0.43961
0.05450,0.04216,0.19482,0.70852
0.13942,0.27686,0.26546,0.31826
0.12825,0.10858,0.21309,0.55007
0.10785,0.05002,0.25602,0.58611
0.35234,0.02675,0.12917,0.49174
0.08807,0.08113,0.34957,0.48123
0.17556,0.14524,0.28418,0.39502
0.27888,0.15346,0.06958,0.49808
0.18307,0.08370,0.24372,0.48951
0.34597,0.04645,0.14508,0.46250
0.22156,0.20330,0.23492,0.34022
0.11083,0.07908,0.09347,0.71662
0.12296,0.10337,0.25845,0.51522
0.11481,0.09162,0.43521,0.35836
0.06576,0.07225,0.22910,0.63289
0.13047,0.11228,0.08293,0.67432
0.28312,0.13078,0.08248,0.50363
0.15558,0.14445,0.22282,0.47715
0.08986,0.07183,0.19675,0.64157
0.43357,0.26002,0.10888,0.19753
