0.16887,0.15261,0.26351,0.41501
0.32294,0.30711,0.12348,0.24646
0.21586,0.20007,0.25771,0.32636
0.17348,0.16156,0.11080,0.55416
0.05916,0.05645,0.56548,0.31890
0.10837,0.06769,0.18430,0.63965
0.05225,0.04852,0.35936,0.53987
0.21393,0.20060,0.09474,0.49072
0.20696,0.18561,0.13454,0.47288
0.18329,0.03316,0.23635,0.54719
0.11283,0.09697,0.19990,0.59029
0.04277,0.33292,0.11950,0.50480
0.25378,0.14300,0.14649,0.45672
0.14325,0.13593,0.32039,0.40043
0.15137,0.07200,0.39774,0.37889
0.11572,0.10875,0.29891,0.47662
0.09500,0.38524,0.17874,0.34103
0.15879,0.21953,0.13575,0.48593
0.11142,0.09819,0.15393,0.63646
0.08970,0.08241,0.29684,0.53105
0.28246,0.06783,0.16817,0.48154
0.13385,0.12363,0.23185,0.51067
0.26692,0.24962,0.12098,0.36248
0.28373,0.26060,0.16248,0.29320
0.14227,0.12622,0.22867,0.50283
0.13535,0.12645,0.05733,0.68087
0.15199,0.14753,0.59405,0.10643
0.14439,0.16163,0.39887,0.29511
0.10480,0.10248,0.08445,0.70826
0.14125,0.12513,0.28311,0.45051
0.07939,0.06928,0.48819,0.36313
0.18346,0.16038,0.15476,0.50140
0.21597,0.20610,0.27970,0.29822
0.07548,0.07432,0.20690,0.64330
0.06747,0.05522,0.29215,0.58516
0.55943,0.05210,0.23290,0.15558
0.19060,0.05152,0.32157,0.43631
0.06635,0.15422,0.48757,0.29185
0.14001,0.12308,0.42470,0.31221
0.14988,0.13817,0.07655,0.63540
0.15981,0.14349,0.31474,0.38196
0.11200,0.10443,0.41960,0.36397
0.20465,0.06501,0.10082,0.62952
0.22762,0.21885,0.08220,0.47132
0.33133,0.29983,0.12926,0.23958
0.14446,0.05873,0.54987,0.24694
0.07829,0.06896,0.71512,0.13762
0.21009,0.18882,0.11185,0.48924
0.13158,0.22617,0.28824,0.35400
0.23109,0.18626,0.13101,0.45165
0.22118,0.21382,0.11235,0.45265
0.19714,0.14551,0.25791,0.39944
0.04831,0.17881,0.21929,0.55359
0.08329,0.03796,0.43553,0.44321
0.25693,0.23301,0.12408,0.38599
0.19126,0.07654,0.34895,0.38325
0.14335,0.13264,0.44894,0.27507
0.08249,0.07481,0.25750,0.58520
0.26094,0.01947,0.53048,0.18911
0.13152,0.11983,0.20536,0.54329
0.21869,0.16790,0.30363,0.30978
0.04858,0.04949,0.44888,0.45306
0.07578,0.07179,0.19920,0.65323
0.13807,0.13158,0.37548,0.35487
0.22300,0.11343,0.14890,0.51467
0.24074,0.22750,0.07935,0.45240
0.25651,0.24413,0.16672,0.33264
0.09883,0.08820,0.46359,0.34938
0.15676,0.14864,0.28834,0.40625
0.06637,0.05594,0.23615,0.64155
0.18247,0.16845,0.21410,0.43498
0.26925,0.23813,0.16659,0.32603
0.23968,0.21053,0.15997,0.38981
0.26000,0.23312,0.28187,0.22502
0.03532,0.03430,0.09357,0.83680
0.20301,0.18543,0.19796,0.41360
0.17539,0.15316,0.14916,0.52230
0.20537,0.19060,0.19644,0.40759
0.24988,0.23479,0.25538,0.25996
0.13554,0.12539,0.32120,0.41788
0.17071,0.14684,0.31749,0.36496
0.20387,0.18274,0.11277,0.50061
0.14709,0.13516,0.26022,0.45753
0.28140,0.26807,0.20021,0.25031
0.09545,0.08832,0.34777,0.46845
0.17121,0.16272,0.08420,0.58187
0.08582,0.04602,0.25713,0.61103
0.20707,0.20068,0.28688,0.30537
0.08828,0.08293,0.16019,0.66860
0.15895,0.14473,0.46992,0.22639
0.18742,0.09479,0.26391,0.45388
0.07725,0.06850,0.44631,0.40794
0.09880,0.08378,0.21346,0.60395
0.12341,0.16475,0.18194,0.52990
0.05303,0.04925,0.30663,0.59109
0.22123,0.20330,0.23160,0.34387
0.16961,0.14436,0.16031,0.52572
0.49789,0.03644,0.05390,0.41178
0.05652,0.05074,0.24260,0.65014
0.27723,0.40995,0.05399,0.25882
0.09077,0.08123,0.35422,0.47378
0.22275,0.04904,0.28454,0.44367
0.13346,0.06082,0.15220,0.65351
0.20887,0.20033,0.22627,0.36453
0.17589,0.14833,0.22253,0.45325
0.20210,0.18902,0.10002,0.50886
0.14595,0.12069,0.19924,0.53412
0.12133,0.12712,0.41659,0.33496
0.10611,0.10126,0.28236,0.51027
0.08523,0.09649,0.49779,0.32049
0.12103,0.05590,0.32170,0.50137
0.11285,0.10397,0.34372,0.43947
0.15310,0.12500,0.04844,0.67346
0.14674,0.13769,0.11037,0.60520
0.08952,0.07107,0.26670,0.57271
0.10147,0.09323,0.28132,0.52398
0.17804,0.15564,0.26318,0.40314
0.32053,0.28779,0.07709,0.31459
0.29263,0.28676,0.11216,0.30845
0.08388,0.04147,0.40952,0.46512
0.27830,0.25282,0.29962,0.16925
0.13482,0.11913,0.21190,0.53414
0.29384,0.27511,0.03778,0.39327
0.07382,0.17345,0.32304,0.42969
0.05914,0.05296,0.58546,0.30243
0.24542,0.22384,0.19848,0.33225
0.03707,0.03295,0.20233,0.72765
0.13079,0.12013,0.53496,0.21412
0.11358,0.09634,0.34882,0.44127
0.08691,0.08290,0.20923,0.62096
0.16647,0.12721,0.17434,0.53198
0.10731,0.28271,0.42367,0.18631
0.11943,0.11059,0.23126,0.53872
0.09840,0.08586,0.31397,0.50177
0.26076,0.24117,0.23727,0.26079
0.16883,0.15298,0.37243,0.30576
0.16833,0.15438,0.35147,0.32581
0.38873,0.12360,0.17840,0.30927
0.21849,0.20614,0.16131,0.41406
0.07139,0.06318,0.60056,0.26487
0.11173,0.10383,0.25539,0.52905
0.20073,0.18974,0.40371,0.20581
0.16942,0.14547,0.12331,0.56180
0.29068,0.28280,0.09434,0.33218
0.09737,0.09210,0.49498,0.31556
0.21768,0.19446,0.16781,0.42005
0.44682,0.06833,0.16515,0.31970
0.20204,0.19271,0.17235,0.43290
0.29053,0.26931,0.11511,0.32505
0.03203,0.02938,0.11129,0.82730
0.10170,0.09731,0.47206,0.32893
0.13569,0.11673,0.24045,0.50712
0.18438,0.16964,0.22831,0.41766
0.22211,0.06089,0.40912,0.30787
0.06799,0.06465,0.23893,0.62843
0.23358,0.21592,0.15399,0.39651
0.21231,0.20716,0.37717,0.20336
0.04741,0.11471,0.23013,0.60775
0.17096,0.16199,0.22433,0.44272
0.19776,0.17640,0.24580,0.38005
0.10517,0.09138,0.53423,0.26922
0.11532,0.07052,0.15530,0.65885
0.12927,0.12307,0.22271,0.52495
0.08467,0.08964,0.07235,0.75333
0.22082,0.06508,0.37135,0.34275
0.10069,0.08744,0.29781,0.51407
0.15619,0.14641,0.13837,0.55903
0.22174,0.13208,0.08521,0.56098
0.04966,0.04622,0.46923,0.43490
0.06096,0.05857,0.31817,0.56229
0.16100,0.14060,0.15330,0.54510
0.09439,0.25614,0.40110,0.24837
0.13688,0.07335,0.36960,0.42017
0.21839,0.20449,0.19497,0.38215
0.03653,0.03159,0.64927,0.28262
0.23982,0.22277,0.21744,0.31997
0.32964,0.23278,0.15913,0.27845
0.15012,0.12873,0.28124,0.43991
0.10654,0.09683,0.44067,0.35596
0.24842,0.23749,0.17482,0.33927
0.05661,0.05110,0.11017,0.78211
0.13472,0.12969,0.56757,0.16802
0.39409,0.11623,0.09481,0.39486
0.35324,0.15384,0.08132,0.41160
0.13171,0.18265,0.25081,0.43482
0.08375,0.06079,0.49560,0.35986
0.04869,0.04957,0.39500,0.50674
0.13492,0.12157,0.35020,0.39332
0.06606,0.05867,0.51153,0.36374
0.06317,0.12997,0.32843,0.47844
0.15882,0.15418,0.13370,0.55331
0.12650,0.13507,0.37145,0.36698
0.17700,0.16037,0.24339,0.41924
0.18849,0.18166,0.20216,0.42768
0.18869,0.17517,0.21034,0.42579
0.29785,0.27983,0.16693,0.25539
0.11426,0.17106,0.18463,0.53005
0.09399,0.08710,0.46643,0.35248
0.10363,0.09383,0.59812,0.20442
0.07188,0.07022,0.15541,0.70249
0.14944,0.22526,0.15017,0.47513
0.09887,0.16874,0.15389,0.57849
0.06679,0.06061,0.35752,0.51508
0.12299,0.10843,0.20010,0.56848
0.17454,0.16150,0.09558,0.56839
0.09794,0.30415,0.11889,0.47902
0.18645,0.17504,0.33083,0.30768
0.34902,0.33086,0.13166,0.18847
0.31261,0.28781,0.18889,0.21069
0.13071,0.07101,0.20792,0.59036
0.25249,0.22985,0.25011,0.26756
0.14317,0.12749,0.07446,0.65488
0.13134,0.12076,0.09418,0.65371
0.24137,0.16785,0.22668,0.36410
0.38339,0.09476,0.12613,0.39571
0.14293,0.13528,0.22660,0.49520
0.08254,0.36254,0.06100,0.49393
0.18128,0.16797,0.33366,0.31710
0.19431,0.18700,0.34296,0.27573
0.15743,0.14127,0.13013,0.57117
0.26982,0.25233,0.04523,0.43263
0.50797,0.12134,0.13349,0.23720
0.02988,0.41558,0.16647,0.38807
0.17668,0.22528,0.07809,0.51996
0.28100,0.09582,0.46221,0.16097
0.32813,0.31359,0.16317,0.19511
0.19395,0.18738,0.20621,0.41246
0.25699,0.23348,0.07255,0.43698
0.16647,0.15492,0.22869,0.44992
0.05830,0.14470,0.10084,0.69616
0.09304,0.42115,0.12010,0.36572
0.06639,0.13197,0.38107,0.42058
0.35334,0.04053,0.19523,0.41091
0.12577,0.10062,0.43415,0.33947
0.25069,0.22802,0.13893,0.38237
0.11183,0.23851,0.05444,0.59522
0.15850,0.15071,0.11959,0.57120
0.19176,0.19071,0.12078,0.49674
0.31251,0.26600,0.08456,0.33693
0.12297,0.07625,0.21023,0.59056
0.11046,0.10637,0.52014,0.26303
0.17781,0.10482,0.17386,0.54351
0.22314,0.19520,0.35664,0.22503
0.15950,0.14050,0.30316,0.39685
0.11565,0.10190,0.17041,0.61204
0.11450,0.10599,0.19697,0.58254
0.28648,0.27230,0.21030,0.23092
0.24495,0.22957,0.11373,0.41176
0.08988,0.37133,0.27255,0.26625
0.05584,0.50961,0.14802,0.28653
0.10872,0.39712,0.10344,0.39072
0.35860,0.33492,0.09079,0.21569
0.14177,0.23701,0.30252,0.31869
0.13886,0.12324,0.22619,0.51171
0.07840,0.07018,0.18310,0.66832
0.11762,0.07374,0.47721,0.33144
0.09382,0.08327,0.29333,0.52959
0.11422,0.10362,0.62746,0.15470
0.14820,0.13145,0.20847,0.51187
0.10758,0.10476,0.11898,0.66867
0.16480,0.15775,0.06768,0.60977
0.12133,0.10920,0.17531,0.59415
0.14223,0.13658,0.25156,0.46963
0.27510,0.18533,0.10652,0.43305
0.03707,0.03300,0.19804,0.73189
0.23203,0.15038,0.17778,0.43981
0.23601,0.22806,0.20331,0.33262
0.13931,0.12767,0.27572,0.45730
0.19602,0.17630,0.14900,0.47868
0.12683,0.11253,0.24584,0.51481
0.11490,0.11043,0.36785,0.40682
0.05234,0.04890,0.59524,0.30352
0.19009,0.18283,0.29111,0.33597
0.14649,0.11640,0.04331,0.69380
0.10975,0.10359,0.21051,0.57615
0.05067,0.13919,0.23291,0.57722
0.16079,0.07688,0.17665,0.58568
0.28055,0.25962,0.19512,0.26471
0.57136,0.04249,0.16611,0.22004
0.16981,0.15494,0.13485,0.54040
0.16547,0.13739,0.26611,0.43103
0.12779,0.11908,0.31141,0.44172
0.21492,0.19147,0.13630,0.45731
0.10397,0.03170,0.21249,0.65184
0.17782,0.17008,0.25012,0.40199
0.19376,0.33977,0.05831,0.40816
0.07564,0.07157,0.13422,0.71857
0.09959,0.08690,0.35013,0.46338
0.35167,0.31650,0.15129,0.18055
0.06472,0.16502,0.29046,0.47980
0.06986,0.09440,0.11579,0.71994
0.17973,0.17078,0.28560,0.36389
0.14078,0.13250,0.09180,0.63492
0.08432,0.07567,0.47033,0.36969
0.08153,0.02906,0.50851,0.38089
0.14980,0.06331,0.41202,0.37488
0.09425,0.08113,0.40011,0.42451
0.11448,0.10126,0.09615,0.68810
0.19307,0.17792,0.26469,0.36432
0.25920,0.23128,0.08536,0.42416
