0.00183,0.00967,0.02067,0.42654,0.00573,0.00112,0.00167,0.00315,0.00210,0.52336,0.00130,0.00100,0.00057,0.00128
0.00352,0.01541,0.66539,0.02535,0.00352,0.00473,0.01685,0.00613,0.05003,0.00300,0.00543,0.01736,0.08977,0.09351
0.06505,0.14707,0.30220,0.09270,0.02393,0.00809,0.00838,0.00446,0.12121,0.01101,0.03570,0.01041,0.16719,0.00261
0.09582,0.43388,0.21481,0.00508,0.01543,0.01053,0.00609,0.00692,0.00518,0.00427,0.02067,0.17419,0.00380,0.00332
0.00743,0.18749,0.13434,0.00535,0.15652,0.08087,0.00820,0.03549,0.04333,0.00407,0.00444,0.11684,0.19243,0.02320
0.00331,0.23823,0.05417,0.03602,0.04160,0.01164,0.00867,0.00334,0.00181,0.01353,0.26814,0.29073,0.02683,0.00197
0.01101,0.00760,0.62730,0.00986,0.00109,0.00996,0.00224,0.00276,0.05435,0.00561,0.00651,0.01345,0.00734,0.24092
0.00314,0.02566,0.32933,0.00168,0.00987,0.14973,0.00648,0.00544,0.11249,0.01913,0.00137,0.07437,0.25701,0.00431
0.03216,0.05026,0.53438,0.00712,0.04468,0.00424,0.09820,0.00264,0.01111,0.08137,0.01705,0.01858,0.09309,0.00510
0.00399,0.07565,0.26268,0.00227,0.03933,0.00268,0.00799,0.00719,0.04965,0.01094,0.18908,0.34369,0.00222,0.00265
0.03026,0.15940,0.19199,0.26629,0.00528,0.00343,0.00353,0.00292,0.00708,0.00230,0.00589,0.00411,0.31449,0.00302
0.00150,0.01089,0.45279,0.00226,0.04672,0.12387,0.00348,0.02670,0.00443,0.00685,0.00292,0.00893,0.18799,0.12067
0.01245,0.73311,0.01621,0.00589,0.00623,0.16768,0.00617,0.00801,0.00247,0.01930,0.01263,0.00224,0.00105,0.00655
0.00896,0.00674,0.28303,0.00152,0.00252,0.00118,0.37376,0.00179,0.00707,0.30069,0.00635,0.00291,0.00081,0.00267
0.00390,0.43742,0.25351,0.09610,0.08385,0.00141,0.01002,0.00925,0.00426,0.09281,0.00149,0.00359,0.00070,0.00167
0.00177,0.02421,0.19348,0.00359,0.00484,0.00194,0.04224,0.00291,0.40115,0.10142,0.00185,0.21534,0.00132,0.00393
0.00571,0.23116,0.05038,0.00199,0.01825,0.15042,0.00794,0.13814,0.04337,0.00627,0.05829,0.02965,0.25362,0.00482
0.09386,0.20273,0.09702,0.24788,0.00761,0.00197,0.01268,0.00769,0.01415,0.00232,0.00633,0.00918,0.29363,0.00296
0.15497,0.01356,0.27476,0.00145,0.02485,0.16676,0.00115,0.00356,0.00114,0.00156,0.01765,0.00153,0.33250,0.00456
0.00176,0.14547,0.20999,0.00361,0.00207,0.00825,0.15093,0.00464,0.32840,0.01251,0.00196,0.12099,0.00304,0.00637
0.12685,0.53882,0.24156,0.01252,0.01191,0.00233,0.00745,0.00823,0.00914,0.01556,0.01293,0.00839,0.00320,0.00111
0.00647,0.06362,0.33556,0.00844,0.13308,0.16853,0.00665,0.09212,0.00335,0.01017,0.00372,0.00616,0.00590,0.15623
0.19137,0.37912,0.06562,0.01027,0.00826,0.00586,0.00586,0.00229,0.30355,0.00430,0.00481,0.00718,0.00977,0.00175
0.01908,0.50941,0.17702,0.08031,0.08762,0.00637,0.01034,0.04108,0.00952,0.03491,0.00385,0.00557,0.01183,0.00309
0.11162,0.07120,0.44028,0.00581,0.10345,0.00937,0.00434,0.01729,0.11602,0.10550,0.00427,0.00193,0.00238,0.00653
0.00501,0.15868,0.38856,0.10047,0.23154,0.00109,0.01416,0.00831,0.06508,0.02165,0.00092,0.00250,0.00066,0.00138
0.00469,0.00495,0.63934,0.00211,0.00214,0.00200,0.00684,0.00812,0.01566,0.00495,0.00512,0.00452,0.00313,0.29644
0.04397,0.43154,0.04262,0.13155,0.00254,0.00182,0.00896,0.00188,0.05535,0.00241,0.00171,0.00238,0.27080,0.00246
0.12926,0.22478,0.20630,0.00742,0.06538,0.05211,0.01343,0.01535,0.02010,0.14026,0.01565,0.03601,0.06894,0.00500
0.00529,0.02895,0.39292,0.00128,0.01373,0.21643,0.00694,0.00544,0.00232,0.01204,0.00621,0.01144,0.29303,0.00400
0.00347,0.69110,0.00818,0.00894,0.00870,0.25655,0.00247,0.00218,0.00422,0.00496,0.00194,0.00319,0.00093,0.00317
0.00926,0.21070,0.13593,0.08598,0.00269,0.00230,0.26960,0.16271,0.04162,0.00185,0.00266,0.00359,0.06860,0.00252
0.00270,0.00692,0.15320,0.00061,0.00316,0.43409,0.00107,0.00328,0.00090,0.00044,0.00157,0.00191,0.38852,0.00163
0.00273,0.25559,0.01391,0.00429,0.00434,0.00341,0.17441,0.06558,0.00175,0.00312,0.31130,0.15267,0.00536,0.00155
0.00557,0.53308,0.00827,0.01002,0.00610,0.13971,0.05680,0.10272,0.01438,0.00861,0.02081,0.08590,0.00279,0.00526
0.01357,0.06123,0.35121,0.00337,0.00401,0.17856,0.15774,0.15452,0.03063,0.00522,0.00912,0.02232,0.00589,0.00262
0.01243,0.09175,0.39352,0.02201,0.01145,0.00353,0.00883,0.00683,0.01538,0.00200,0.01529,0.01575,0.25586,0.14537
0.02528,0.02384,0.60006,0.00665,0.00330,0.00154,0.12206,0.00165,0.00555,0.18661,0.01566,0.00152,0.00126,0.00502
0.11492,0.18899,0.21727,0.17855,0.01382,0.00565,0.06136,0.00544,0.01262,0.00442,0.00348,0.01615,0.17386,0.00346
0.01711,0.29379,0.02307,0.27514,0.03156,0.00218,0.00382,0.00202,0.00257,0.00191,0.00736,0.00236,0.33134,0.00576
0.00903,0.01622,0.13463,0.00400,0.53023,0.00241,0.00090,0.26594,0.00217,0.00210,0.00112,0.00108,0.02963,0.00055
0.01595,0.28920,0.02673,0.01462,0.22011,0.02182,0.19852,0.16056,0.00925,0.00958,0.00665,0.02146,0.00273,0.00279
0.45708,0.08013,0.17137,0.00931,0.00590,0.00738,0.00410,0.02594,0.00181,0.00254,0.20555,0.00333,0.00426,0.02130
0.01764,0.30766,0.02019,0.00445,0.00894,0.08615,0.22721,0.20751,0.02325,0.00335,0.02447,0.05852,0.00305,0.00762
0.00199,0.00564,0.48848,0.00260,0.00168,0.00206,0.02035,0.00402,0.20742,0.00408,0.00181,0.09629,0.00203,0.16154
0.00295,0.16858,0.27604,0.00417,0.00761,0.00719,0.00891,0.00607,0.11143,0.00556,0.01223,0.38148,0.00177,0.00602
0.04923,0.05173,0.52910,0.00959,0.08643,0.00544,0.18647,0.00311,0.00378,0.05409,0.00534,0.00334,0.00962,0.00275
0.00242,0.00800,0.68111,0.00355,0.00144,0.00701,0.01900,0.00285,0.00904,0.00429,0.00349,0.01015,0.00511,0.24252
0.00153,0.22578,0.03182,0.00388,0.00909,0.00356,0.01588,0.00481,0.00101,0.01306,0.36939,0.31622,0.00285,0.00113
0.11547,0.63951,0.02653,0.00391,0.00969,0.01132,0.00366,0.00501,0.00539,0.00709,0.01529,0.06932,0.08607,0.00174
0.00862,0.13233,0.05797,0.00674,0.06463,0.01605,0.00641,0.01367,0.02358,0.12100,0.00980,0.01386,0.51715,0.00819
0.37736,0.01594,0.24393,0.00170,0.01279,0.03805,0.00128,0.00669,0.00326,0.00296,0.06561,0.00246,0.21646,0.01150
0.00112,0.06772,0.15617,0.00702,0.00148,0.00248,0.00773,0.00181,0.48019,0.09442,0.00101,0.17484,0.00128,0.00273
0.72281,0.00448,0.00460,0.00143,0.00223,0.00131,0.00079,0.00117,0.00038,0.00079,0.25819,0.00030,0.00051,0.00101
0.19487,0.20225,0.47226,0.02657,0.00497,0.00265,0.00462,0.00332,0.05872,0.00913,0.00724,0.00979,0.00198,0.00163
0.00115,0.02187,0.19392,0.00208,0.00121,0.00149,0.02632,0.00269,0.53253,0.00540,0.00136,0.20477,0.00151,0.00369
0.00182,0.45774,0.00597,0.01535,0.00755,0.37804,0.01553,0.01950,0.00737,0.00525,0.00142,0.04872,0.03444,0.00129
0.05681,0.27138,0.04914,0.01250,0.00215,0.01777,0.27633,0.24333,0.00784,0.00318,0.04002,0.00537,0.00586,0.00832
0.01315,0.12667,0.07495,0.00630,0.52878,0.00305,0.00169,0.20180,0.00418,0.00194,0.00948,0.00269,0.02423,0.00108
0.00278,0.01013,0.50379,0.00229,0.00438,0.02217,0.00227,0.00367,0.00422,0.00232,0.00469,0.01316,0.22575,0.19838
0.07796,0.35937,0.20608,0.01686,0.00558,0.04156,0.01805,0.00807,0.00391,0.07619,0.10462,0.00759,0.00382,0.07034
0.02706,0.26889,0.07813,0.24484,0.00616,0.00175,0.00287,0.00366,0.00334,0.00139,0.00345,0.00247,0.35305,0.00296
0.00755,0.01095,0.58633,0.00571,0.00428,0.03508,0.00364,0.01809,0.00297,0.00797,0.00905,0.03808,0.00889,0.26143
0.00370,0.01768,0.53898,0.01576,0.00420,0.00309,0.02287,0.00405,0.00949,0.00424,0.12777,0.03948,0.14261,0.06606
0.00829,0.01281,0.54165,0.00450,0.00550,0.01058,0.04537,0.01935,0.00500,0.00665,0.08330,0.17387,0.00532,0.07779
0.00266,0.00435,0.68777,0.00135,0.00132,0.00357,0.00731,0.00221,0.00215,0.00212,0.00928,0.01029,0.00247,0.26314
0.00380,0.03323,0.39682,0.02042,0.01541,0.00225,0.11979,0.00140,0.00808,0.21204,0.15183,0.02774,0.00481,0.00238
0.01650,0.60175,0.01126,0.00521,0.02078,0.21651,0.00267,0.00343,0.01029,0.00754,0.06155,0.00486,0.00110,0.03654
0.32589,0.03040,0.10474,0.00262,0.00610,0.00126,0.00402,0.00089,0.51771,0.00263,0.00070,0.00144,0.00070,0.00089
0.07794,0.27924,0.20039,0.11706,0.00725,0.01357,0.03399,0.00292,0.05098,0.00879,0.01914,0.03295,0.14788,0.00790
0.10851,0.08118,0.20678,0.31939,0.00548,0.00216,0.00250,0.00108,0.00848,0.01158,0.00610,0.00385,0.23937,0.00354
0.11343,0.02003,0.28078,0.00176,0.00446,0.16974,0.00272,0.00327,0.05086,0.00282,0.00429,0.01307,0.33003,0.00276
0.12835,0.22686,0.03606,0.12304,0.00678,0.00404,0.00383,0.00284,0.19783,0.26438,0.00115,0.00138,0.00163,0.00183
0.03929,0.55198,0.17240,0.00417,0.00586,0.00845,0.00267,0.00690,0.00742,0.00553,0.00477,0.01501,0.17358,0.00196
0.00500,0.02188,0.22825,0.00094,0.08005,0.24332,0.00296,0.00637,0.00375,0.00172,0.00146,0.00362,0.39788,0.00282
0.14092,0.28647,0.24029,0.00616,0.00791,0.00606,0.04004,0.01380,0.00335,0.03921,0.10369,0.00422,0.00301,0.10487
0.01275,0.41779,0.01889,0.02100,0.01190,0.00816,0.08137,0.12281,0.01667,0.02171,0.21796,0.03689,0.00831,0.00379
0.24779,0.06604,0.12171,0.00502,0.00724,0.01197,0.10386,0.20937,0.00437,0.00220,0.21047,0.00125,0.00197,0.00673
0.00181,0.61105,0.14721,0.00520,0.19375,0.00139,0.00427,0.00157,0.00185,0.00323,0.00506,0.00403,0.01733,0.00223
0.00598,0.26686,0.02359,0.00872,0.33916,0.00190,0.01609,0.00128,0.00411,0.01970,0.04358,0.04891,0.00100,0.21911
0.26246,0.23404,0.13735,0.00266,0.00500,0.02000,0.02976,0.06959,0.01478,0.00319,0.20656,0.00180,0.00337,0.00943
0.00527,0.47253,0.01138,0.01801,0.00436,0.07276,0.20033,0.15785,0.03137,0.01180,0.00155,0.00675,0.00095,0.00510
0.00218,0.05142,0.21453,0.00156,0.00683,0.21114,0.00799,0.01249,0.13165,0.00847,0.00092,0.01539,0.33024,0.00520
0.00144,0.00413,0.61865,0.00140,0.00161,0.00109,0.00161,0.00166,0.00170,0.00211,0.00087,0.00215,0.00049,0.36110
0.18804,0.24011,0.27838,0.00199,0.02597,0.00831,0.00848,0.00247,0.20480,0.01223,0.00702,0.00706,0.00216,0.01297
0.00527,0.03118,0.11952,0.00375,0.49015,0.05142,0.00275,0.16572,0.00804,0.00487,0.00240,0.00511,0.10811,0.00170
0.22671,0.08509,0.50612,0.14010,0.00284,0.00108,0.00201,0.00313,0.00907,0.00423,0.01348,0.00332,0.00219,0.00063
0.01063,0.05800,0.03968,0.27763,0.00469,0.00133,0.00200,0.00405,0.00241,0.58959,0.00449,0.00276,0.00072,0.00199
0.00109,0.04120,0.17447,0.00144,0.00198,0.00113,0.00137,0.00100,0.00078,0.00141,0.42884,0.34295,0.00132,0.00102
0.00221,0.01661,0.29219,0.01108,0.00305,0.00228,0.06223,0.00633,0.33019,0.02505,0.00158,0.15908,0.00181,0.08629
0.00418,0.17827,0.02328,0.01395,0.29202,0.00248,0.00794,0.00113,0.00370,0.06202,0.14629,0.12865,0.00132,0.13477
0.00904,0.26176,0.02035,0.00237,0.35589,0.05622,0.00238,0.24612,0.03143,0.00465,0.00221,0.00202,0.00444,0.00110
0.00844,0.56289,0.02196,0.01547,0.08507,0.05224,0.00454,0.05869,0.15226,0.00447,0.00841,0.00767,0.00361,0.01428
0.01437,0.24684,0.11175,0.02487,0.00915,0.00558,0.16947,0.00582,0.01027,0.11054,0.01230,0.17961,0.09030,0.00910
0.00864,0.04156,0.05989,0.31303,0.00944,0.00391,0.00478,0.11710,0.04811,0.37907,0.00202,0.00402,0.00274,0.00569
0.00091,0.01344,0.08534,0.00059,0.00537,0.32321,0.00300,0.01216,0.00213,0.00204,0.00083,0.00612,0.54392,0.00094
0.00794,0.01796,0.76025,0.00536,0.01364,0.17247,0.00116,0.00213,0.00116,0.00218,0.00179,0.00181,0.01010,0.00206
0.06080,0.03089,0.32216,0.17477,0.00627,0.00204,0.02266,0.00311,0.00909,0.00418,0.00292,0.00618,0.35397,0.00095
0.00658,0.57725,0.00571,0.13518,0.01163,0.20611,0.00288,0.00213,0.03267,0.00129,0.00205,0.00399,0.01092,0.00160
0.01347,0.02141,0.09957,0.00193,0.00992,0.00312,0.36611,0.00374,0.00482,0.44937,0.00885,0.01038,0.00394,0.00337
