0.02366,0.37389,0.42330,0.02887,0.00532,0.01861,0.00416,0.00149,0.02245,0.00492,0.01057,0.02125,0.00340,0.05810
0.00788,0.02100,0.03128,0.00663,0.00928,0.00902,0.45704,0.43797,0.00252,0.00239,0.00345,0.00125,0.00352,0.00679
0.02305,0.33044,0.32899,0.00402,0.09125,0.02071,0.03847,0.06695,0.04104,0.00838,0.01322,0.00109,0.00871,0.02368
0.25524,0.24500,0.04014,0.00308,0.00428,0.19997,0.01001,0.00252,0.00265,0.00838,0.22396,0.00081,0.00021,0.00375
0.01302,0.03891,0.02903,0.01414,0.40020,0.02455,0.00552,0.39846,0.00252,0.02020,0.01103,0.00199,0.02402,0.01641
0.04302,0.05170,0.05134,0.25828,0.07054,0.01884,0.04571,0.00491,0.02069,0.01093,0.05505,0.06367,0.26975,0.03557
0.00224,0.02821,0.01778,0.15572,0.30912,0.01376,0.01367,0.00623,0.00183,0.13815,0.01124,0.00675,0.00573,0.28957
0.00574,0.13048,0.07528,0.03714,0.02525,0.04085,0.08092,0.09035,0.05393,0.01518,0.17069,0.25191,0.00965,0.01262
0.01672,0.04087,0.06192,0.00698,0.43221,0.00110,0.00417,0.41321,0.00835,0.00278,0.00280,0.00231,0.00112,0.00546
0.00319,0.05215,0.41830,0.00153,0.02550,0.00406,0.03196,0.01130,0.00521,0.01208,0.01046,0.01335,0.00424,0.40667
0.00626,0.13931,0.05555,0.00798,0.01813,0.05593,0.10475,0.00542,0.26006,0.09262,0.02455,0.21819,0.00306,0.00820
0.07039,0.38410,0.11491,0.01397,0.01066,0.17441,0.05132,0.00836,0.00124,0.09368,0.06798,0.00300,0.00349,0.00250
0.00997,0.02288,0.04458,0.03867,0.00379,0.41916,0.00849,0.00377,0.00060,0.00730,0.00641,0.00484,0.42566,0.00389
0.00645,0.45836,0.44753,0.01690,0.00159,0.02678,0.01193,0.00499,0.01175,0.00288,0.00454,0.00431,0.00060,0.00140
0.01729,0.13409,0.38693,0.08960,0.00412,0.00701,0.01682,0.00285,0.01563,0.00508,0.00420,0.00317,0.09658,0.21663
0.01335,0.04983,0.20241,0.00104,0.00539,0.00595,0.00303,0.00396,0.30976,0.00105,0.00310,0.28356,0.00224,0.11534
0.00645,0.03334,0.04379,0.02000,0.06317,0.01463,0.14064,0.08285,0.22600,0.09938,0.00290,0.19450,0.01768,0.05467
0.32481,0.06623,0.03993,0.00583,0.02381,0.01193,0.08654,0.05890,0.00421,0.02487,0.33505,0.00796,0.00294,0.00699
0.00617,0.18929,0.11498,0.03707,0.28881,0.02134,0.01985,0.00697,0.00870,0.03709,0.02454,0.00454,0.00889,0.23176
0.00703,0.49033,0.03264,0.00507,0.01119,0.41197,0.00434,0.00590,0.00490,0.00667,0.00295,0.01024,0.00540,0.00138
0.01467,0.07063,0.06546,0.02204,0.01952,0.05677,0.01223,0.02584,0.06777,0.00713,0.26689,0.32054,0.03270,0.01779
0.03602,0.03117,0.06776,0.02955,0.00258,0.00986,0.39520,0.00716,0.01526,0.37408,0.00643,0.00904,0.00635,0.00952
0.02128,0.42381,0.43393,0.03039,0.00921,0.00823,0.01095,0.00517,0.01279,0.01083,0.00984,0.00175,0.01666,0.00518
0.00944,0.13088,0.05906,0.02520,0.26884,0.11528,0.05630,0.25820,0.00572,0.02062,0.00570,0.00583,0.03420,0.00474
0.00307,0.01952,0.02774,0.01381,0.45525,0.00557,0.00437,0.45255,0.00114,0.00739,0.00292,0.00234,0.00171,0.00262
0.05142,0.18609,0.27550,0.02788,0.01382,0.03110,0.08546,0.07512,0.08487,0.01391,0.02433,0.05237,0.00583,0.07230
0.03794,0.05795,0.03660,0.00164,0.00735,0.00111,0.01358,0.00153,0.00280,0.00849,0.40156,0.42341,0.00224,0.00380
0.31154,0.15767,0.07441,0.01860,0.00360,0.00349,0.01540,0.00425,0.02734,0.00330,0.34755,0.00532,0.02100,0.00653
0.27294,0.04893,0.03192,0.00650,0.00376,0.00317,0.18951,0.17394,0.23581,0.00095,0.02234,0.00698,0.00158,0.00166
0.01254,0.03282,0.04056,0.16666,0.00277,0.00987,0.28038,0.25782,0.01579,0.14692,0.02329,0.00347,0.00440,0.00271
0.00546,0.05150,0.02637,0.00306,0.41208,0.03559,0.00373,0.41585,0.01976,0.00202,0.00607,0.00411,0.00319,0.01121
0.00621,0.14494,0.13146,0.01876,0.30166,0.02196,0.00437,0.32270,0.00364,0.00800,0.00529,0.00320,0.02246,0.00536
0.02017,0.20264,0.05749,0.01111,0.00420,0.11826,0.02830,0.02709,0.00693,0.01631,0.24621,0.25441,0.00125,0.00564
0.01865,0.04658,0.09932,0.23390,0.14857,0.00831,0.06296,0.12255,0.00596,0.01664,0.00434,0.00303,0.21643,0.01277
0.02775,0.21180,0.17069,0.01661,0.00541,0.00144,0.04680,0.00175,0.01159,0.03997,0.21559,0.22158,0.02076,0.00826
0.06511,0.06303,0.04179,0.04501,0.00950,0.00434,0.05044,0.01330,0.34324,0.06008,0.00356,0.29531,0.00448,0.00081
0.02507,0.05542,0.06969,0.26605,0.00605,0.00703,0.13990,0.12731,0.00663,0.01399,0.01625,0.00392,0.25539,0.00728
0.00228,0.27154,0.15072,0.01588,0.19159,0.10522,0.02002,0.18824,0.01576,0.00583,0.00451,0.01095,0.00496,0.01251
0.01999,0.04602,0.15515,0.00333,0.10346,0.01178,0.09572,0.17341,0.00970,0.00245,0.12900,0.14570,0.00124,0.10306
0.18147,0.03753,0.06979,0.02227,0.01287,0.01529,0.01394,0.01323,0.17260,0.01508,0.20645,0.20611,0.01479,0.01858
0.00119,0.48259,0.47198,0.00358,0.00430,0.02133,0.00269,0.00340,0.00079,0.00609,0.00048,0.00054,0.00083,0.00023
0.00752,0.44358,0.40485,0.01311,0.01405,0.04370,0.00721,0.00837,0.01325,0.00599,0.00517,0.00247,0.02538,0.00536
0.00606,0.05314,0.05967,0.25051,0.04526,0.02520,0.01241,0.00580,0.00998,0.00297,0.15617,0.13145,0.22048,0.02089
0.00370,0.08456,0.36274,0.00810,0.00522,0.13323,0.00866,0.00849,0.01105,0.00526,0.01175,0.00705,0.09490,0.25528
0.00954,0.07022,0.42127,0.02007,0.00362,0.01283,0.00628,0.01404,0.02769,0.00821,0.02765,0.00342,0.01125,0.36391
0.00438,0.40980,0.39726,0.00424,0.08210,0.00674,0.03908,0.00939,0.00315,0.01123,0.00699,0.00635,0.00354,0.01574
0.03331,0.08709,0.11687,0.02497,0.33702,0.00624,0.01587,0.11277,0.01211,0.01896,0.01396,0.00783,0.01682,0.19619
0.02381,0.33435,0.34874,0.04357,0.04239,0.01410,0.06325,0.01589,0.01834,0.00860,0.01703,0.02208,0.04478,0.00307
0.00290,0.02292,0.02322,0.03983,0.01333,0.00673,0.07229,0.01458,0.37693,0.04948,0.01509,0.34159,0.01840,0.00270
0.02533,0.42287,0.08973,0.00755,0.00038,0.29888,0.03884,0.02202,0.01085,0.04486,0.00548,0.00680,0.00128,0.02512
0.01137,0.03133,0.02602,0.01668,0.00733,0.04010,0.37373,0.02072,0.02583,0.39474,0.01113,0.01532,0.02091,0.00478
0.15218,0.30446,0.28937,0.01309,0.00355,0.00391,0.02107,0.00271,0.00375,0.04349,0.15431,0.00153,0.00424,0.00234
0.24412,0.06476,0.15220,0.06847,0.03946,0.00481,0.01377,0.02916,0.01301,0.00645,0.22431,0.00717,0.06589,0.06643
0.00994,0.03025,0.08850,0.31957,0.07002,0.00776,0.00107,0.06596,0.00463,0.00573,0.00401,0.01690,0.32663,0.04904
0.00230,0.02819,0.01445,0.02931,0.00311,0.44228,0.00433,0.03538,0.00224,0.02291,0.00181,0.00318,0.40992,0.00061
0.00331,0.05993,0.09568,0.00512,0.01150,0.00194,0.42075,0.10817,0.00319,0.27254,0.00277,0.00824,0.00240,0.00444
0.03345,0.34149,0.34472,0.02994,0.00458,0.00820,0.00734,0.01193,0.07233,0.03120,0.03550,0.05735,0.00261,0.01935
0.01295,0.07274,0.05027,0.34743,0.00456,0.06056,0.01280,0.00786,0.00534,0.01308,0.00600,0.00170,0.39859,0.00612
0.00500,0.48294,0.03469,0.00594,0.00386,0.42425,0.00672,0.00884,0.00520,0.01114,0.00223,0.00428,0.00284,0.00206
0.02688,0.04912,0.09751,0.33832,0.01283,0.00751,0.03730,0.01317,0.00983,0.34300,0.00172,0.00104,0.00322,0.05854
0.02753,0.03127,0.22972,0.00468,0.22650,0.00987,0.02091,0.02791,0.00840,0.00599,0.00612,0.00689,0.00498,0.38922
0.00102,0.23535,0.10454,0.01734,0.00549,0.20505,0.16848,0.17502,0.00618,0.00403,0.01165,0.00564,0.00211,0.05811
0.00462,0.02044,0.03577,0.01704,0.00038,0.41619,0.02751,0.02819,0.01501,0.01280,0.00210,0.00313,0.40828,0.00855
0.40656,0.06424,0.06582,0.01257,0.00298,0.04312,0.00805,0.00500,0.00471,0.00396,0.37337,0.00748,0.00077,0.00138
0.00933,0.12498,0.02343,0.00255,0.02041,0.00337,0.41746,0.32309,0.00737,0.00466,0.02686,0.02422,0.00188,0.01039
0.00115,0.48881,0.48278,0.00153,0.00049,0.01609,0.00122,0.00117,0.00094,0.00106,0.00112,0.00098,0.00058,0.00210
0.29713,0.02239,0.03516,0.00824,0.15181,0.00683,0.01133,0.15561,0.27846,0.01473,0.00447,0.00154,0.00550,0.00681
0.02532,0.16538,0.10549,0.07506,0.21136,0.03353,0.00202,0.25558,0.01395,0.00413,0.00288,0.00169,0.09992,0.00370
0.02935,0.45115,0.46282,0.01046,0.00183,0.00451,0.00217,0.00081,0.02565,0.00676,0.00082,0.00039,0.00236,0.00093
0.01270,0.08858,0.06102,0.19757,0.02323,0.00940,0.18859,0.16941,0.01312,0.00824,0.00103,0.00729,0.20617,0.01366
0.43175,0.04689,0.01439,0.00646,0.00368,0.00580,0.00919,0.00374,0.00346,0.00487,0.46413,0.00181,0.00202,0.00181
0.02824,0.30958,0.30214,0.07879,0.00557,0.04244,0.00253,0.00533,0.07229,0.01432,0.00774,0.03102,0.09424,0.00577
0.18418,0.03126,0.01275,0.02609,0.00670,0.25986,0.00940,0.01629,0.17809,0.00961,0.00961,0.00422,0.24990,0.00204
0.04682,0.32571,0.34986,0.00892,0.05764,0.00931,0.03375,0.07777,0.05123,0.00301,0.01450,0.01804,0.00238,0.00105
0.00469,0.47582,0.47066,0.01150,0.00328,0.00164,0.01093,0.00288,0.00477,0.00311,0.00124,0.00448,0.00084,0.00414
0.17096,0.06058,0.05131,0.20352,0.02614,0.02402,0.02987,0.00520,0.00568,0.02722,0.15594,0.00384,0.23246,0.00326
0.08214,0.07574,0.04330,0.01080,0.03744,0.01336,0.31154,0.31857,0.08386,0.00366,0.00532,0.00409,0.00564,0.00454
0.00525,0.41662,0.45035,0.00299,0.04138,0.00746,0.05210,0.00721,0.00550,0.00233,0.00453,0.00314,0.00055,0.00059
0.01716,0.15702,0.09578,0.02178,0.00321,0.03868,0.02270,0.00642,0.00991,0.00421,0.27939,0.31270,0.01103,0.02002
0.14054,0.12182,0.09084,0.01600,0.00335,0.12347,0.17410,0.16345,0.09835,0.00121,0.00740,0.00489,0.01485,0.03974
0.00566,0.27687,0.07544,0.00278,0.20699,0.19995,0.00546,0.20449,0.00182,0.00849,0.00559,0.00305,0.00094,0.00246
0.03706,0.06338,0.13822,0.03626,0.01528,0.00741,0.21622,0.25606,0.01875,0.00403,0.10716,0.08148,0.01084,0.00786
0.06969,0.31869,0.33221,0.06000,0.00725,0.00705,0.00372,0.01053,0.05680,0.02733,0.05329,0.04582,0.00399,0.00364
0.00153,0.43439,0.41949,0.04538,0.00135,0.00393,0.00717,0.00242,0.00795,0.01273,0.00447,0.00206,0.04820,0.00893
0.04326,0.43693,0.05830,0.00866,0.00794,0.38628,0.00576,0.00591,0.01792,0.00618,0.00338,0.00181,0.00113,0.01653
0.00330,0.06897,0.02963,0.08954,0.01318,0.03530,0.01389,0.00241,0.22014,0.00545,0.13688,0.29361,0.07749,0.01021
0.00405,0.43322,0.42290,0.03131,0.02265,0.00319,0.00784,0.02793,0.00298,0.02804,0.00500,0.00402,0.00273,0.00415
0.05103,0.10551,0.04699,0.37187,0.00800,0.00187,0.02141,0.01888,0.01339,0.33595,0.01229,0.00535,0.00463,0.00284
0.01676,0.21402,0.08534,0.00858,0.02835,0.30461,0.02099,0.01222,0.01244,0.01461,0.02567,0.05105,0.17021,0.03516
0.01639,0.42717,0.42503,0.01626,0.02627,0.01677,0.01491,0.02379,0.00247,0.01558,0.00434,0.00450,0.00272,0.00381
0.00393,0.15819,0.18524,0.11531,0.02848,0.03509,0.02102,0.01095,0.00392,0.09972,0.15266,0.15467,0.00962,0.02121
0.16210,0.04627,0.08197,0.03406,0.21450,0.01372,0.01319,0.19847,0.12441,0.03253,0.04101,0.01140,0.01454,0.01183
0.02462,0.43175,0.42013,0.00188,0.00337,0.00193,0.03536,0.00153,0.00110,0.06060,0.00939,0.00209,0.00468,0.00157
0.08485,0.05996,0.23929,0.11959,0.06793,0.01355,0.05816,0.01289,0.08337,0.03841,0.01943,0.00626,0.09433,0.10198
0.42097,0.00548,0.04342,0.01244,0.01922,0.00340,0.00215,0.00456,0.42488,0.01103,0.00529,0.00985,0.00391,0.03341
0.09168,0.11177,0.12893,0.15454,0.01407,0.00507,0.07005,0.04474,0.01159,0.06384,0.07856,0.01069,0.16911,0.04537
0.02496,0.08608,0.14668,0.02604,0.05077,0.23644,0.00737,0.03768,0.02886,0.02944,0.03559,0.03807,0.24962,0.00240
0.00498,0.43856,0.42440,0.00410,0.05743,0.01965,0.01063,0.00166,0.00301,0.00635,0.00347,0.00101,0.00573,0.01903
0.01545,0.38084,0.39862,0.00484,0.07591,0.00647,0.05206,0.03847,0.00711,0.00170,0.00774,0.00542,0.00346,0.00191
0.00139,0.06521,0.43254,0.01712,0.00216,0.00552,0.01112,0.00148,0.00080,0.02545,0.00266,0.00200,0.00794,0.42461
0.01679,0.44754,0.05536,0.01188,0.00462,0.37825,0.01046,0.00705,0.00279,0.04182,0.00012,0.01591,0.00404,0.00335
0.03250,0.45912,0.47277,0.00104,0.00033,0.00436,0.00227,0.00236,0.00065,0.00056,0.02078,0.00148,0.00047,0.00131
0.00577,0.46016,0.46332,0.01256,0.01156,0.00842,0.00554,0.00546,0.00376,0.00499,0.00611,0.00310,0.00507,0.00420
0.43773,0.09588,0.02090,0.01104,0.02942,0.00361,0.00556,0.01012,0.35455,0.01839,0.00135,0.00223,0.00670,0.00251
0.00835,0.10144,0.09667,0.00869,0.03225,0.01070,0.36698,0.35142,0.00212,0.00164,0.00759,0.00528,0.00442,0.00245
0.01729,0.39700,0.40605,0.00440,0.06424,0.00674,0.01629,0.03549,0.01100,0.01130,0.01475,0.00590,0.00383,0.00573
0.01773,0.09865,0.03286,0.02938,0.00491,0.00953,0.00505,0.00514,0.00415,0.00804,0.36926,0.41262,0.00194,0.00074
0.03975,0.03721,0.04608,0.00772,0.00541,0.00100,0.00411,0.00696,0.00514,0.00481,0.41163,0.41367,0.00317,0.01332
0.02814,0.21973,0.07369,0.00374,0.00745,0.36945,0.02047,0.01434,0.02617,0.00263,0.00263,0.02970,0.19569,0.00617
0.02641,0.03317,0.04483,0.00607,0.41279,0.01015,0.00627,0.40928,0.00623,0.00720,0.02575,0.00544,0.00340,0.00301
0.02678,0.00740,0.02463,0.17415,0.25833,0.00532,0.02090,0.25340,0.00739,0.00745,0.02370,0.00724,0.16724,0.01606
0.00267,0.06453,0.07668,0.40081,0.00667,0.00801,0.00404,0.00847,0.00405,0.00447,0.01576,0.01374,0.38818,0.00192
0.00198,0.02092,0.03425,0.45555,0.00065,0.00215,0.00458,0.00188,0.00090,0.47175,0.00154,0.00245,0.00089,0.00049
0.02654,0.04680,0.03729,0.15707,0.02749,0.15995,0.07687,0.09898,0.02639,0.14016,0.02102,0.03027,0.14965,0.00152
0.13965,0.01289,0.03964,0.01733,0.00936,0.26352,0.04376,0.04925,0.01221,0.00751,0.13389,0.00829,0.25540,0.00729
0.06567,0.05208,0.08626,0.01772,0.00768,0.33275,0.00804,0.02193,0.03322,0.00765,0.02429,0.00227,0.32853,0.01190
0.42387,0.06013,0.01630,0.00208,0.00169,0.00471,0.00510,0.00410,0.00348,0.00396,0.46821,0.00123,0.00068,0.00446
0.02149,0.04173,0.02426,0.00593,0.42212,0.00212,0.01233,0.00367,0.02575,0.01018,0.00619,0.00639,0.00151,0.41633
0.02646,0.10714,0.04982,0.25632,0.09660,0.01802,0.01724,0.00923,0.01393,0.02455,0.02629,0.02219,0.26937,0.06285
0.02652,0.05930,0.05596,0.14512,0.19422,0.03427,0.04619,0.01223,0.03080,0.03735,0.03382,0.02088,0.15501,0.14833
0.01095,0.41486,0.43659,0.00977,0.02712,0.00788,0.01275,0.00184,0.01497,0.00662,0.00729,0.02195,0.00318,0.02423
0.03474,0.01903,0.05177,0.00242,0.00258,0.01789,0.14020,0.00323,0.31985,0.10125,0.01337,0.28498,0.00368,0.00501
0.01176,0.05339,0.05447,0.40115,0.00596,0.00560,0.00456,0.00318,0.00699,0.01326,0.01503,0.01433,0.40840,0.00192
0.00507,0.34004,0.34986,0.10762,0.01594,0.00927,0.01565,0.01084,0.00553,0.10052,0.01810,0.01621,0.00323,0.00213
0.00452,0.03149,0.01685,0.00660,0.01952,0.15793,0.26829,0.04110,0.00801,0.26968,0.00337,0.01273,0.15429,0.00562
0.00438,0.37779,0.45223,0.00596,0.00895,0.02651,0.00729,0.00971,0.00550,0.00306,0.00225,0.00767,0.00184,0.08687
0.05389,0.10457,0.14104,0.05492,0.07431,0.01438,0.20010,0.15254,0.00666,0.09254,0.03921,0.00138,0.02382,0.04064
0.17198,0.16782,0.26088,0.00594,0.01547,0.01351,0.08052,0.00784,0.16259,0.04447,0.01117,0.00486,0.00349,0.04945
0.02933,0.45161,0.46635,0.00716,0.00225,0.00221,0.00571,0.00245,0.02381,0.00263,0.00356,0.00112,0.00137,0.00044
0.27144,0.04502,0.02879,0.16204,0.01623,0.01563,0.01438,0.00734,0.24345,0.01463,0.00438,0.00460,0.15904,0.01302
0.00770,0.02377,0.31253,0.00953,0.00452,0.01544,0.03634,0.01095,0.00213,0.02040,0.10615,0.12518,0.00125,0.32409
0.03456,0.31700,0.18606,0.01352,0.02710,0.24934,0.03351,0.03362,0.02814,0.01673,0.01951,0.01900,0.00288,0.01902
0.03048,0.02246,0.01789,0.34622,0.01490,0.00635,0.10077,0.09293,0.01289,0.33768,0.00974,0.00397,0.00303,0.00070
0.44590,0.03056,0.04011,0.00488,0.00387,0.00362,0.00173,0.00309,0.00348,0.00205,0.44928,0.00246,0.00183,0.00714
0.00547,0.08506,0.10635,0.30694,0.04735,0.01321,0.03264,0.02480,0.00114,0.02035,0.00814,0.00360,0.31915,0.02579
0.01037,0.01497,0.05144,0.00524,0.01057,0.01436,0.44600,0.01310,0.00354,0.41874,0.00390,0.00239,0.00212,0.00325
0.14217,0.28087,0.26075,0.03143,0.02303,0.03593,0.03319,0.00597,0.11811,0.01799,0.00214,0.01411,0.02697,0.00734
0.14508,0.07329,0.07021,0.00896,0.00293,0.27380,0.00595,0.00149,0.00195,0.00570,0.14591,0.00399,0.25316,0.00758
0.02177,0.06737,0.07706,0.00516,0.02604,0.35005,0.00930,0.00888,0.00232,0.00642,0.04662,0.03271,0.33428,0.01205
0.04711,0.08706,0.19586,0.05336,0.00768,0.02389,0.06190,0.01354,0.20550,0.03225,0.01982,0.14458,0.01171,0.09575
0.02243,0.18550,0.21062,0.03896,0.19247,0.00480,0.06407,0.22214,0.00795,0.01367,0.00531,0.00668,0.01168,0.01371
0.02890,0.30107,0.32164,0.01535,0.00391,0.02976,0.00793,0.00062,0.12534,0.01893,0.01126,0.11275,0.00935,0.01320
0.01564,0.05227,0.11381,0.10523,0.01253,0.01285,0.01914,0.01279,0.26731,0.03819,0.00263,0.24108,0.06209,0.04442
0.01492,0.15333,0.05651,0.00988,0.18277,0.12974,0.02403,0.17203,0.01740,0.00169,0.10885,0.10904,0.00376,0.01606
0.00193,0.03075,0.08893,0.05663,0.00095,0.00805,0.40755,0.00562,0.00598,0.34772,0.00133,0.00201,0.03685,0.00569
0.00895,0.33433,0.33526,0.00651,0.00297,0.00155,0.05702,0.00415,0.01547,0.04655,0.07226,0.09664,0.00137,0.01696
0.00403,0.05571,0.04257,0.42728,0.00107,0.00569,0.00651,0.00437,0.00903,0.00954,0.00192,0.00391,0.42688,0.00148
0.01898,0.00616,0.46951,0.00395,0.01837,0.01388,0.00454,0.00337,0.00782,0.00083,0.00281,0.00115,0.01394,0.43470
0.24829,0.15587,0.16860,0.04317,0.02286,0.01597,0.00532,0.00927,0.26457,0.01482,0.00779,0.03453,0.00660,0.00232
0.01422,0.12104,0.31391,0.04022,0.00261,0.09070,0.03546,0.01667,0.00549,0.04588,0.00858,0.00695,0.02688,0.27140
0.07485,0.06736,0.02468,0.01668,0.00739,0.03246,0.00627,0.01653,0.41781,0.00884,0.00992,0.30837,0.00329,0.00556
0.03360,0.22884,0.25394,0.07158,0.03453,0.00666,0.06467,0.04946,0.01636,0.04955,0.06104,0.04862,0.05730,0.02383
0.01728,0.14900,0.06110,0.30144,0.01083,0.02947,0.00676,0.00494,0.00439,0.01163,0.01856,0.01203,0.36778,0.00480
0.42395,0.03192,0.03807,0.00881,0.01173,0.01013,0.02433,0.02177,0.40304,0.01271,0.00210,0.00099,0.00095,0.00949
0.00978,0.30203,0.30837,0.14630,0.04115,0.01355,0.01219,0.00435,0.00588,0.01594,0.00391,0.00236,0.12962,0.00459
0.01220,0.15683,0.05415,0.27956,0.04499,0.00198,0.00110,0.03741,0.02474,0.00669,0.00460,0.00897,0.35665,0.01014
0.00947,0.02719,0.01887,0.36755,0.00059,0.00600,0.05752,0.02647,0.01727,0.25149,0.03663,0.03413,0.14146,0.00536
0.37474,0.09144,0.09575,0.00201,0.01036,0.01324,0.01259,0.00768,0.00317,0.00681,0.37158,0.00047,0.00865,0.00150
0.01478,0.02514,0.01669,0.01134,0.00782,0.01393,0.45001,0.40782,0.01226,0.01732,0.00886,0.00253,0.00955,0.00195
0.00712,0.11489,0.08921,0.00624,0.00696,0.07245,0.01477,0.01354,0.00404,0.00554,0.33368,0.32015,0.00815,0.00325
0.00163,0.06587,0.05961,0.41347,0.00387,0.00402,0.00752,0.00668,0.00299,0.00430,0.00754,0.00713,0.41420,0.00117
0.16111,0.29687,0.30800,0.02218,0.00632,0.00218,0.00580,0.01194,0.14347,0.02198,0.00572,0.00800,0.00308,0.00336
0.00641,0.40777,0.41812,0.02211,0.06169,0.01547,0.04443,0.00415,0.00314,0.00223,0.00179,0.00387,0.00669,0.00214
0.00436,0.12228,0.17593,0.01931,0.00816,0.22276,0.00364,0.01435,0.00248,0.02418,0.07419,0.07246,0.25329,0.00261
0.01300,0.12592,0.08702,0.03135,0.00480,0.04475,0.03310,0.00257,0.00207,0.00715,0.30512,0.31725,0.02425,0.00165
0.00760,0.11537,0.05122,0.03042,0.33393,0.06876,0.02234,0.01290,0.01314,0.00952,0.00073,0.01413,0.00465,0.31529
0.03619,0.22885,0.40920,0.00453,0.01451,0.02044,0.03150,0.02233,0.03181,0.00966,0.02315,0.01751,0.00520,0.14512
0.04445,0.11560,0.11562,0.29105,0.00349,0.01142,0.01321,0.00892,0.05774,0.16760,0.00959,0.01165,0.12691,0.02275
0.02545,0.04160,0.03483,0.00632,0.01340,0.00698,0.43448,0.40201,0.00725,0.00703,0.00639,0.00733,0.00395,0.00298
0.00673,0.04845,0.43794,0.00198,0.03127,0.00289,0.01049,0.00967,0.01086,0.00457,0.00190,0.00813,0.00412,0.42100
0.00887,0.04260,0.04123,0.02997,0.00873,0.02770,0.09557,0.08637,0.00737,0.03517,0.31180,0.29881,0.00128,0.00451
0.02469,0.15924,0.07295,0.09639,0.01248,0.12903,0.17724,0.16561,0.00904,0.00343,0.01132,0.00994,0.07788,0.05076
0.00585,0.11768,0.13859,0.01619,0.09252,0.25328,0.00161,0.00107,0.00385,0.00635,0.00447,0.00828,0.23998,0.11028
0.01122,0.06859,0.02124,0.01117,0.02033,0.06162,0.04347,0.03837,0.02036,0.00306,0.28120,0.33480,0.05981,0.02475
0.01265,0.05335,0.23864,0.20134,0.00321,0.01501,0.01423,0.00578,0.00210,0.01061,0.03101,0.00080,0.19898,0.21228
0.39053,0.04557,0.04535,0.02409,0.00481,0.00851,0.04641,0.01609,0.36935,0.02744,0.00410,0.00463,0.01124,0.00190
0.09977,0.07432,0.06020,0.00313,0.00946,0.01382,0.32556,0.00777,0.04875,0.33487,0.00690,0.00207,0.00162,0.01176
0.06699,0.40586,0.42064,0.00992,0.00326,0.00118,0.00534,0.00923,0.00243,0.00291,0.05680,0.00176,0.00527,0.00842
0.00266,0.36168,0.36207,0.01089,0.09143,0.01959,0.04648,0.02694,0.00370,0.00896,0.01843,0.02302,0.00339,0.02075
0.01624,0.07539,0.05809,0.34604,0.00522,0.00626,0.08116,0.05475,0.01040,0.32583,0.00197,0.00349,0.00535,0.00981
0.05508,0.04373,0.02329,0.01505,0.38829,0.00849,0.00503,0.42586,0.01035,0.00863,0.00765,0.00178,0.00324,0.00351
0.05875,0.12119,0.19111,0.06670,0.00805,0.00708,0.23476,0.01686,0.02570,0.19865,0.02142,0.00409,0.04254,0.00309
0.00793,0.04197,0.05920,0.00605,0.00713,0.40675,0.00401,0.00300,0.03568,0.00207,0.00105,0.02688,0.38687,0.01140
0.00566,0.01383,0.01334,0.44318,0.01055,0.00173,0.00662,0.00276,0.00254,0.42339,0.01064,0.00218,0.00285,0.06073
0.01778,0.07582,0.03354,0.00542,0.43287,0.00396,0.00389,0.00546,0.00639,0.00333,0.00178,0.00210,0.00348,0.40419
0.02940,0.37199,0.33024,0.01401,0.06118,0.01703,0.01982,0.00417,0.03852,0.00933,0.00539,0.03211,0.01811,0.04872
0.00610,0.15594,0.02188,0.07653,0.20169,0.11483,0.03456,0.04695,0.04451,0.02173,0.00376,0.04302,0.09319,0.13530
0.02304,0.18524,0.15835,0.03717,0.02865,0.00754,0.01909,0.02055,0.01459,0.01023,0.21874,0.24314,0.01843,0.01526
0.02302,0.07035,0.03649,0.01340,0.01405,0.38962,0.02035,0.03280,0.02206,0.01193,0.00513,0.00795,0.34898,0.00387
0.00969,0.45312,0.46858,0.00803,0.00354,0.00507,0.00708,0.00422,0.00875,0.01085,0.01012,0.00618,0.00205,0.00272
0.00146,0.47410,0.47639,0.00981,0.00835,0.00313,0.00771,0.00604,0.00380,0.00225,0.00117,0.00361,0.00143,0.00074
0.00311,0.01696,0.02279,0.11463,0.29224,0.02352,0.00875,0.29494,0.01731,0.00891,0.00900,0.01519,0.14072,0.03194
0.00196,0.02066,0.45309,0.00823,0.00327,0.00207,0.04931,0.02281,0.00635,0.00574,0.00142,0.00406,0.00449,0.41654
0.00625,0.04178,0.03552,0.43215,0.00345,0.00430,0.01228,0.00082,0.00520,0.00473,0.00362,0.01733,0.43141,0.00118
0.01241,0.05876,0.04555,0.41415,0.00691,0.01074,0.01415,0.00414,0.01255,0.38460,0.00357,0.01059,0.01212,0.00976
0.02467,0.08853,0.40556,0.00604,0.02189,0.00631,0.01340,0.01904,0.00482,0.00391,0.00496,0.01479,0.00236,0.38371
0.01250,0.04385,0.08118,0.01862,0.01059,0.03267,0.01540,0.00839,0.32660,0.00929,0.04811,0.35327,0.02659,0.01295
0.40008,0.05334,0.07179,0.00508,0.03150,0.00374,0.03763,0.00426,0.33510,0.00624,0.03150,0.00507,0.00409,0.01058
0.01149,0.45053,0.07877,0.00298,0.00403,0.36900,0.00363,0.01020,0.00837,0.02198,0.00577,0.01124,0.00822,0.01380
0.01227,0.03229,0.05584,0.00670,0.00804,0.27438,0.15079,0.16017,0.00556,0.01512,0.00690,0.00488,0.25531,0.01175
0.01628,0.05227,0.03012,0.00606,0.24365,0.04316,0.14786,0.35516,0.03152,0.00598,0.02039,0.02088,0.01255,0.01412
0.03062,0.22760,0.24911,0.21183,0.02102,0.01841,0.00381,0.01164,0.00852,0.19147,0.00641,0.00471,0.01113,0.00372
0.00197,0.48108,0.47613,0.01207,0.00169,0.01205,0.00079,0.00077,0.00148,0.00089,0.00192,0.00067,0.00161,0.00687
0.00658,0.29722,0.30755,0.00135,0.15875,0.02585,0.05313,0.08197,0.02403,0.01348,0.00147,0.01072,0.00540,0.01250
0.00395,0.18521,0.03552,0.27092,0.01308,0.17254,0.01317,0.00655,0.00589,0.26733,0.00079,0.00421,0.01198,0.00886
0.00773,0.03814,0.04829,0.01437,0.01030,0.00665,0.40740,0.39043,0.00420,0.04792,0.01095,0.00373,0.00542,0.00449
0.01154,0.05158,0.05279,0.32229,0.09199,0.01329,0.02050,0.09895,0.01019,0.00269,0.00986,0.00665,0.30534,0.00235
0.02074,0.10922,0.15843,0.00646,0.03784,0.00776,0.27999,0.25670,0.01127,0.00544,0.05312,0.02410,0.00086,0.02807
0.01361,0.04343,0.09813,0.08969,0.00616,0.28560,0.01176,0.00734,0.00321,0.01477,0.02271,0.01199,0.34320,0.04841
0.00925,0.05392,0.04400,0.01188,0.26728,0.09269,0.00481,0.23451,0.00573,0.00729,0.10175,0.09596,0.06345,0.00749
0.03900,0.03367,0.03121,0.00584,0.03765,0.40974,0.00223,0.01838,0.01754,0.00279,0.00317,0.00792,0.37836,0.01251
0.01112,0.05371,0.05037,0.05596,0.00946,0.02427,0.37958,0.35272,0.00897,0.00182,0.00657,0.00542,0.02568,0.01436
0.03341,0.06358,0.12254,0.03085,0.00820,0.01122,0.00864,0.00479,0.01690,0.01135,0.35504,0.32730,0.00385,0.00233
0.00080,0.49264,0.47630,0.00116,0.00070,0.02454,0.00022,0.00028,0.00173,0.00035,0.00066,0.00021,0.00009,0.00032
0.00285,0.07321,0.12262,0.30765,0.01765,0.02569,0.00387,0.00284,0.00387,0.00162,0.08039,0.07587,0.28060,0.00126
0.01337,0.03347,0.02413,0.00958,0.00192,0.00745,0.00912,0.01981,0.43776,0.00630,0.00502,0.42265,0.00753,0.00189
0.00141,0.05382,0.04786,0.03707,0.39618,0.00611,0.01429,0.40118,0.00291,0.01323,0.00661,0.00518,0.01201,0.00215
0.01187,0.05002,0.03928,0.00336,0.00279,0.06002,0.00683,0.01352,0.00544,0.00474,0.35766,0.37186,0.06388,0.00872
0.01587,0.40897,0.38966,0.00288,0.02663,0.05614,0.00310,0.01279,0.01005,0.00651,0.00239,0.00143,0.05284,0.01074
0.00937,0.03111,0.03443,0.00857,0.00532,0.00881,0.44401,0.00663,0.00751,0.43457,0.00526,0.00258,0.00121,0.00060
0.00484,0.08043,0.09871,0.09834,0.00052,0.00635,0.01113,0.00685,0.00422,0.00571,0.29646,0.29002,0.09609,0.00031
0.00512,0.12948,0.14243,0.34147,0.01319,0.02334,0.00182,0.00434,0.00125,0.00095,0.00082,0.00104,0.33273,0.00203
0.00626,0.04097,0.27201,0.03770,0.00388,0.01273,0.17545,0.17079,0.05329,0.01094,0.00188,0.04755,0.00553,0.16101
0.01076,0.35744,0.39573,0.04475,0.00596,0.05040,0.02662,0.00513,0.00404,0.01085,0.00521,0.01563,0.02424,0.04323
0.03103,0.04509,0.02459,0.36698,0.01371,0.01346,0.00915,0.00380,0.00559,0.36410,0.06097,0.04866,0.01070,0.00215
0.00440,0.38552,0.39763,0.01688,0.05730,0.00093,0.02819,0.05459,0.00452,0.01331,0.01338,0.00782,0.00343,0.01208
0.00198,0.46879,0.46569,0.00135,0.00637,0.00076,0.01966,0.02035,0.00173,0.00167,0.00258,0.00779,0.00030,0.00097
0.00698,0.04740,0.03485,0.05262,0.39867,0.01534,0.00793,0.01459,0.00443,0.01943,0.00631,0.00152,0.00328,0.38666
0.00654,0.06838,0.07420,0.00146,0.39492,0.00867,0.00264,0.40117,0.01216,0.00163,0.00806,0.00530,0.00222,0.01265
0.03822,0.29973,0.32611,0.04310,0.00499,0.06426,0.01802,0.00604,0.01987,0.03867,0.03831,0.03338,0.06797,0.00134
0.00708,0.03172,0.02476,0.00866,0.00487,0.03729,0.25633,0.20333,0.00157,0.00403,0.17453,0.16710,0.05728,0.02146
0.01741,0.08115,0.04705,0.00941,0.02455,0.38378,0.01679,0.04045,0.01876,0.00596,0.00468,0.00422,0.34408,0.00171
0.27945,0.02412,0.18670,0.00928,0.00713,0.00939,0.00734,0.02334,0.26756,0.00476,0.01632,0.02887,0.00099,0.13474
0.00377,0.09520,0.02426,0.23546,0.13265,0.01410,0.07463,0.13346,0.00417,0.00525,0.00187,0.00771,0.26429,0.00319
0.00517,0.02172,0.02875,0.09634,0.33954,0.00554,0.02820,0.33076,0.00288,0.01558,0.00395,0.00207,0.11150,0.00801
0.01305,0.06415,0.04007,0.31039,0.00743,0.00516,0.00707,0.00767,0.00553,0.13518,0.12533,0.12308,0.15015,0.00574
0.01521,0.07309,0.07203,0.19264,0.00705,0.19549,0.00698,0.01083,0.01965,0.03473,0.01821,0.02214,0.32706,0.00488
0.00609,0.06251,0.05590,0.10655,0.06800,0.04648,0.02768,0.04371,0.00784,0.08219,0.21745,0.24509,0.02403,0.00647
0.41561,0.01926,0.05538,0.00262,0.00368,0.00129,0.05823,0.00286,0.41001,0.02192,0.00191,0.00208,0.00170,0.00346
0.13872,0.02957,0.03980,0.30932,0.01000,0.00919,0.00387,0.00261,0.10849,0.29895,0.01659,0.01148,0.01058,0.01083
0.01850,0.03981,0.03283,0.01310,0.00644,0.01830,0.01697,0.00551,0.43411,0.00145,0.00343,0.40209,0.00568,0.00178
0.01755,0.15986,0.11775,0.00469,0.01391,0.09865,0.00729,0.00490,0.06329,0.00449,0.23008,0.27182,0.00326,0.00245
0.01528,0.04566,0.08171,0.03537,0.00494,0.00521,0.36456,0.36321,0.01718,0.02685,0.01237,0.00441,0.00166,0.02160
0.00601,0.04063,0.26813,0.00674,0.02718,0.00528,0.06497,0.01339,0.00340,0.01163,0.13887,0.17761,0.00283,0.23334
0.04559,0.38947,0.38849,0.00275,0.00294,0.00239,0.04681,0.00159,0.00213,0.06213,0.03862,0.00322,0.00112,0.01274
0.00308,0.41679,0.42730,0.00427,0.06124,0.00824,0.04803,0.00479,0.00909,0.00524,0.00298,0.00308,0.00139,0.00446
0.40252,0.05188,0.04230,0.02020,0.00776,0.01102,0.02361,0.00797,0.36786,0.05246,0.00497,0.00111,0.00352,0.00283
0.00523,0.09561,0.03983,0.01072,0.00247,0.03174,0.40928,0.36598,0.00431,0.02093,0.00738,0.00272,0.00115,0.00265
0.00808,0.41262,0.35070,0.00474,0.05624,0.07801,0.03642,0.01339,0.00335,0.00738,0.00731,0.01860,0.00270,0.00046
0.04678,0.38804,0.39941,0.02174,0.00770,0.01166,0.01661,0.00699,0.04671,0.04103,0.00071,0.00571,0.00473,0.00219
0.01059,0.14742,0.07115,0.09694,0.01691,0.01318,0.07825,0.02887,0.19929,0.05142,0.02982,0.13503,0.11977,0.00137
0.01450,0.09194,0.09393,0.00272,0.01499,0.37477,0.01065,0.00614,0.01632,0.00596,0.00553,0.00456,0.35693,0.00106
0.00910,0.07952,0.06200,0.00285,0.07681,0.28318,0.01648,0.08599,0.03770,0.00709,0.02338,0.05146,0.25507,0.00936
0.00943,0.06337,0.02966,0.00489,0.00330,0.00469,0.01232,0.00417,0.00273,0.00303,0.40501,0.44620,0.00120,0.01000
0.06145,0.28295,0.29933,0.06412,0.01359,0.02293,0.00814,0.00633,0.07457,0.03664,0.03054,0.05671,0.04030,0.00240
0.15369,0.06787,0.16102,0.02216,0.02342,0.00915,0.11117,0.02010,0.01209,0.13334,0.16207,0.02201,0.00162,0.10029
0.00752,0.13948,0.10805,0.33342,0.00125,0.00494,0.00747,0.01631,0.00218,0.02254,0.00494,0.00284,0.34445,0.00462
0.03446,0.05153,0.04078,0.38633,0.00142,0.00219,0.02004,0.00539,0.03499,0.01788,0.00374,0.00719,0.39196,0.00212
0.29720,0.08999,0.09601,0.04424,0.01459,0.04525,0.00846,0.01643,0.30753,0.00353,0.02552,0.00921,0.04018,0.00185
0.03510,0.05305,0.07212,0.37526,0.02725,0.04101,0.01018,0.00809,0.00417,0.03078,0.01064,0.00249,0.32337,0.00648
0.01088,0.05591,0.04061,0.33428,0.00893,0.08707,0.01508,0.01688,0.01390,0.33234,0.00328,0.00292,0.07579,0.00214
0.02408,0.10530,0.06443,0.00919,0.01352,0.01393,0.00563,0.00133,0.39491,0.00278,0.00316,0.35763,0.00237,0.00175
0.01181,0.07072,0.03195,0.31120,0.01145,0.01466,0.10115,0.07478,0.01503,0.00116,0.00187,0.00689,0.33744,0.00989
0.02093,0.03225,0.24582,0.18672,0.02238,0.00640,0.01327,0.00712,0.02909,0.00479,0.01434,0.05734,0.16914,0.19040
0.30349,0.10440,0.06943,0.00764,0.00737,0.00598,0.00289,0.00757,0.00486,0.00641,0.38807,0.08500,0.00552,0.00136
0.01122,0.10174,0.36892,0.05437,0.02762,0.00819,0.00598,0.02219,0.00785,0.01501,0.01122,0.00244,0.00521,0.35803
0.00522,0.06513,0.04051,0.41058,0.00279,0.00847,0.00925,0.01044,0.00802,0.00230,0.00175,0.00403,0.42946,0.00205
0.01258,0.02073,0.01431,0.02477,0.01382,0.00281,0.00467,0.00359,0.45531,0.00447,0.00552,0.43352,0.00117,0.00273
0.02376,0.29169,0.24442,0.02033,0.02120,0.05344,0.03345,0.00714,0.13447,0.03595,0.01392,0.11077,0.00473,0.00471
0.00211,0.12732,0.18044,0.20288,0.07757,0.04582,0.01084,0.02669,0.00836,0.14069,0.03677,0.03027,0.03211,0.07813
0.01879,0.34203,0.33211,0.00949,0.04574,0.00666,0.09090,0.06935,0.00729,0.00691,0.01159,0.00719,0.00383,0.04814
0.01006,0.05749,0.04723,0.03527,0.00649,0.00638,0.01804,0.00210,0.00951,0.00341,0.37247,0.40482,0.01924,0.00749
0.00339,0.06737,0.07441,0.40985,0.00413,0.00421,0.00492,0.00877,0.00310,0.00173,0.00580,0.00639,0.40438,0.00153
0.01942,0.04441,0.06116,0.02928,0.00928,0.01419,0.02729,0.01170,0.00784,0.02418,0.36092,0.36270,0.00558,0.02205
0.01128,0.08054,0.11678,0.01211,0.01250,0.03149,0.34693,0.35073,0.00298,0.01269,0.00206,0.00131,0.00463,0.01396
0.01284,0.05633,0.08267,0.00731,0.28308,0.09177,0.02328,0.23836,0.04520,0.02274,0.01585,0.04622,0.06231,0.01205
0.00472,0.06684,0.04981,0.00763,0.00553,0.00955,0.44378,0.39619,0.00617,0.00147,0.00101,0.00281,0.00089,0.00361
0.00889,0.10381,0.03398,0.01026,0.01836,0.03683,0.02024,0.02540,0.01646,0.00704,0.32772,0.37997,0.00683,0.00421
0.02967,0.07403,0.04111,0.30708,0.00479,0.04299,0.01047,0.00186,0.09035,0.00248,0.00878,0.06530,0.31667,0.00441
0.02830,0.03108,0.46903,0.00125,0.00291,0.00296,0.00995,0.00354,0.00581,0.00474,0.00716,0.00120,0.00415,0.42792
0.00601,0.02100,0.08272,0.11440,0.03193,0.00744,0.16093,0.16999,0.01644,0.03348,0.14523,0.14384,0.06490,0.00168
0.07146,0.19372,0.05573,0.09156,0.13934,0.13074,0.00107,0.00849,0.02923,0.06731,0.01785,0.00777,0.09811,0.08763
0.01465,0.36009,0.39709,0.03794,0.00183,0.03455,0.02559,0.02480,0.00431,0.00338,0.01359,0.00150,0.02689,0.05379
0.00716,0.12302,0.10404,0.23815,0.06193,0.04334,0.00403,0.02844,0.07308,0.00647,0.00898,0.03254,0.24925,0.01956
0.01203,0.07862,0.07379,0.03150,0.00307,0.34594,0.03053,0.04687,0.02198,0.00984,0.00659,0.00968,0.31144,0.01811
0.00844,0.41682,0.04213,0.00314,0.06554,0.33696,0.01862,0.01018,0.01007,0.01130,0.00209,0.01322,0.00254,0.05894
0.01862,0.04397,0.42856,0.01197,0.01743,0.00196,0.02786,0.01281,0.01741,0.01431,0.00442,0.00713,0.00462,0.38892
0.13842,0.12722,0.06156,0.00152,0.16043,0.07297,0.06310,0.02729,0.12841,0.05550,0.02342,0.00384,0.00176,0.13455
0.19954,0.06599,0.06712,0.01289,0.04696,0.00823,0.01062,0.01943,0.17803,0.00693,0.17534,0.19594,0.00446,0.00852
0.05157,0.09823,0.08915,0.03835,0.03724,0.04641,0.01953,0.01973,0.00735,0.02252,0.28435,0.24117,0.00824,0.03615
0.00131,0.01648,0.07140,0.46301,0.00104,0.00140,0.00400,0.00597,0.00259,0.00218,0.00457,0.01115,0.41080,0.00408
0.04654,0.18820,0.14390,0.17431,0.02119,0.00775,0.02847,0.00246,0.00375,0.07929,0.04851,0.01400,0.20221,0.03944
0.00125,0.10372,0.03076,0.01240,0.00151,0.00116,0.00673,0.00370,0.01201,0.01800,0.36193,0.44162,0.00122,0.00399
0.22098,0.09539,0.15263,0.13292,0.02429,0.02367,0.02405,0.00360,0.00144,0.00388,0.18475,0.00073,0.12845,0.00322
0.00085,0.40752,0.41778,0.00341,0.05520,0.01444,0.05032,0.02146,0.00636,0.00575,0.00958,0.00505,0.00104,0.00124
0.20934,0.06178,0.07863,0.13335,0.01161,0.03825,0.00799,0.02350,0.10989,0.00236,0.11537,0.02449,0.16760,0.01583
0.32600,0.07758,0.02808,0.00212,0.00912,0.00984,0.07492,0.06258,0.00407,0.01073,0.36718,0.00469,0.02120,0.00189
0.00735,0.08419,0.07487,0.00339,0.00787,0.00777,0.24944,0.22544,0.00341,0.01065,0.15286,0.16656,0.00111,0.00510
0.05479,0.37973,0.35990,0.00103,0.00162,0.00225,0.05930,0.00130,0.00090,0.07527,0.05194,0.00236,0.00103,0.00857
0.11336,0.06604,0.06657,0.24459,0.03171,0.00461,0.02217,0.02862,0.00677,0.01124,0.12715,0.03051,0.23916,0.00751
