0.02326,0.14684,0.13454,0.04604,0.03334,0.03335,0.03161,0.05628,0.02682,0.03608,0.02369,0.02942,0.19201,0.03444,0.02552,0.02451,0.01977,0.02272,0.03018,0.02961
0.01893,0.17333,0.16108,0.04037,0.03468,0.03150,0.02809,0.05778,0.02634,0.03798,0.02573,0.02875,0.13458,0.03768,0.02625,0.02412,0.02321,0.02318,0.03290,0.03353
0.01710,0.17882,0.16348,0.03794,0.02953,0.02722,0.02219,0.05813,0.02335,0.03369,0.02193,0.02725,0.16763,0.03487,0.02583,0.02391,0.02141,0.02188,0.02963,0.03417
0.01809,0.16613,0.15272,0.03407,0.02579,0.02633,0.02461,0.06131,0.02232,0.03275,0.02627,0.03326,0.15342,0.03972,0.03017,0.03102,0.02362,0.02536,0.03405,0.03900
0.01917,0.20460,0.17755,0.03407,0.02698,0.02892,0.02254,0.06414,0.02561,0.03167,0.02328,0.02732,0.13014,0.03025,0.02530,0.02364,0.02290,0.02136,0.02965,0.03092
0.01842,0.17700,0.16573,0.03839,0.02972,0.02776,0.02694,0.06472,0.02338,0.03325,0.02583,0.02754,0.13035,0.03931,0.03041,0.02805,0.02228,0.02566,0.03013,0.03512
0.02078,0.15788,0.15525,0.04334,0.03405,0.03139,0.02715,0.06154,0.03019,0.03756,0.02992,0.03445,0.08840,0.04439,0.03365,0.03339,0.02793,0.02676,0.03998,0.04200
0.02682,0.16808,0.15999,0.04613,0.03751,0.03422,0.02694,0.06094,0.03237,0.04274,0.03015,0.03356,0.07257,0.04297,0.03106,0.03011,0.02380,0.02472,0.03302,0.04228
0.02010,0.15425,0.14335,0.03790,0.02825,0.02962,0.02779,0.05470,0.02647,0.03473,0.02171,0.02436,0.22314,0.02982,0.02518,0.02480,0.01977,0.01847,0.02869,0.02688
0.02965,0.13439,0.12886,0.04949,0.03810,0.04014,0.03214,0.05757,0.03393,0.04478,0.03585,0.03977,0.08455,0.04727,0.03210,0.03314,0.03041,0.02764,0.03880,0.04141
0.02278,0.14752,0.13650,0.05207,0.04395,0.03569,0.02957,0.05055,0.02842,0.04398,0.02739,0.02733,0.12914,0.03661,0.03253,0.03413,0.02147,0.02724,0.03448,0.03866
0.02324,0.14773,0.13374,0.04280,0.03253,0.02741,0.02515,0.05230,0.02962,0.03585,0.02442,0.02591,0.20803,0.03417,0.02737,0.02566,0.02304,0.02240,0.02850,0.03013
0.01371,0.22172,0.18916,0.03619,0.02358,0.02345,0.02214,0.06618,0.02023,0.02963,0.02197,0.02530,0.12411,0.03055,0.02303,0.02461,0.02222,0.01943,0.03394,0.02884
0.01981,0.17094,0.15502,0.04094,0.03221,0.03015,0.02801,0.06035,0.02747,0.04046,0.02061,0.02332,0.17205,0.03058,0.02533,0.02217,0.02262,0.02248,0.02698,0.02851
0.01789,0.22951,0.22954,0.04392,0.03191,0.03353,0.02369,0.07634,0.02501,0.03689,0.02085,0.02138,0.05997,0.02771,0.02098,0.02016,0.01518,0.01702,0.02387,0.02466
0.02216,0.11792,0.11817,0.04528,0.03371,0.03301,0.02551,0.04774,0.03017,0.04021,0.02659,0.02563,0.25402,0.03063,0.02453,0.02487,0.01846,0.02225,0.02710,0.03206
0.02531,0.12667,0.12481,0.04679,0.03567,0.03861,0.03359,0.05447,0.03364,0.03828,0.03398,0.03722,0.12172,0.04286,0.03405,0.03240,0.02573,0.03092,0.03928,0.04400
0.01822,0.20228,0.17830,0.04410,0.03635,0.03298,0.02885,0.06455,0.02895,0.04050,0.02774,0.02528,0.08133,0.03582,0.02446,0.02507,0.02244,0.02230,0.02957,0.03090
0.02238,0.16691,0.14431,0.04276,0.03324,0.03567,0.02556,0.05645,0.02948,0.03629,0.02068,0.02430,0.17665,0.03214,0.02666,0.02635,0.01903,0.02122,0.03124,0.02867
0.02432,0.16132,0.15046,0.04725,0.03597,0.03669,0.03016,0.06187,0.03281,0.04043,0.02622,0.03211,0.11332,0.03726,0.02912,0.02325,0.02410,0.02634,0.03133,0.03568
0.01724,0.08593,0.07904,0.02792,0.02778,0.02754,0.02322,0.03549,0.02195,0.03001,0.01863,0.01873,0.44043,0.02352,0.02112,0.01906,0.01735,0.01709,0.02400,0.02395
0.02513,0.14355,0.13735,0.04868,0.02998,0.03540,0.02911,0.05371,0.03035,0.03940,0.02178,0.02639,0.18838,0.03304,0.02675,0.02585,0.02037,0.02337,0.02972,0.03168
0.02511,0.17019,0.15876,0.04471,0.03468,0.03806,0.02872,0.06625,0.03323,0.04304,0.02636,0.02783,0.11420,0.03298,0.02508,0.02314,0.02418,0.02337,0.02923,0.03087
0.01702,0.19729,0.17971,0.03277,0.02634,0.02512,0.02193,0.06325,0.02377,0.03210,0.02156,0.02757,0.14725,0.03628,0.02368,0.02455,0.01885,0.01965,0.03028,0.03102
0.02314,0.18996,0.17396,0.04823,0.03369,0.03389,0.02767,0.06826,0.02854,0.04075,0.02485,0.02574,0.09538,0.03545,0.02635,0.02340,0.02348,0.02084,0.02805,0.02834
0.02085,0.14281,0.13294,0.03894,0.03020,0.03211,0.02839,0.05515,0.02660,0.03604,0.02880,0.03017,0.17501,0.03922,0.03300,0.03035,0.02193,0.02508,0.03449,0.03791
0.01893,0.13517,0.12032,0.03675,0.02880,0.02965,0.02375,0.05016,0.02461,0.03390,0.01790,0.02203,0.30664,0.02597,0.02222,0.02178,0.01742,0.01709,0.02252,0.02438
0.02288,0.15402,0.14994,0.04912,0.03730,0.03549,0.03305,0.06018,0.03210,0.03878,0.02278,0.02448,0.16339,0.03334,0.02276,0.02289,0.02040,0.02216,0.02729,0.02768
0.02424,0.16200,0.15521,0.04374,0.03459,0.02958,0.02893,0.06376,0.03050,0.03930,0.02579,0.02727,0.14730,0.03391,0.02627,0.02651,0.02261,0.02008,0.02590,0.03252
0.01799,0.17379,0.15681,0.03941,0.03060,0.02733,0.02599,0.06236,0.02552,0.03796,0.02663,0.02728,0.13346,0.03940,0.03105,0.02868,0.02338,0.02509,0.03201,0.03526
0.02521,0.14905,0.13145,0.04500,0.03436,0.03642,0.03345,0.05553,0.03098,0.03696,0.02538,0.03386,0.13920,0.03830,0.03112,0.02787,0.02558,0.02714,0.03380,0.03934
0.02154,0.16714,0.18605,0.04321,0.03082,0.03168,0.03014,0.05882,0.03045,0.04124,0.02170,0.02242,0.13803,0.03002,0.02281,0.02265,0.02276,0.01980,0.02888,0.02984
0.01720,0.19265,0.16946,0.03955,0.02949,0.02591,0.02247,0.06263,0.02339,0.03640,0.02412,0.02807,0.14099,0.03382,0.02498,0.02391,0.02042,0.02162,0.03256,0.03035
0.02181,0.13410,0.14473,0.04644,0.03443,0.03382,0.02954,0.05233,0.02955,0.03847,0.02539,0.02458,0.21517,0.02934,0.02203,0.02473,0.01869,0.02181,0.02386,0.02918
0.01998,0.17809,0.15748,0.04142,0.02961,0.03131,0.02815,0.06048,0.02879,0.03806,0.02290,0.02727,0.16284,0.03399,0.02436,0.02067,0.01795,0.01948,0.02844,0.02872
0.01821,0.20051,0.17840,0.04406,0.03514,0.02839,0.02867,0.06455,0.02548,0.03550,0.02163,0.02445,0.11542,0.03256,0.02462,0.02725,0.01891,0.02004,0.02723,0.02896
0.02360,0.12775,0.12270,0.05057,0.03786,0.04112,0.03580,0.05676,0.03178,0.04031,0.03096,0.03637,0.14715,0.03643,0.02801,0.02779,0.02628,0.02517,0.03601,0.03757
0.01892,0.16023,0.14332,0.04032,0.03010,0.03020,0.02600,0.05874,0.02684,0.03401,0.02766,0.02945,0.16117,0.03617,0.02640,0.02762,0.02435,0.02430,0.03833,0.03587
0.02061,0.14048,0.13198,0.03844,0.03316,0.03201,0.02751,0.05916,0.02696,0.03653,0.02272,0.02641,0.21405,0.03549,0.02416,0.02487,0.02317,0.02168,0.02867,0.03194
0.02420,0.15950,0.15119,0.05776,0.04356,0.03939,0.03670,0.06077,0.03462,0.05071,0.02715,0.02539,0.09717,0.03663,0.02709,0.02465,0.02165,0.02049,0.02997,0.03142
0.02340,0.14335,0.15052,0.05555,0.04129,0.04101,0.03234,0.05663,0.02936,0.04566,0.02708,0.03048,0.10393,0.03912,0.03148,0.02786,0.02326,0.02509,0.03215,0.04044
0.02485,0.16874,0.14589,0.04858,0.03616,0.03862,0.03051,0.05606,0.03136,0.04744,0.02425,0.03023,0.11575,0.03341,0.03101,0.02805,0.02325,0.02296,0.02924,0.03365
0.02015,0.12106,0.12088,0.04641,0.03511,0.03295,0.02822,0.05078,0.02725,0.03714,0.02589,0.02756,0.23330,0.03620,0.02769,0.02499,0.02168,0.02276,0.02727,0.03272
0.02345,0.15515,0.13887,0.05545,0.04317,0.03653,0.03418,0.05891,0.03131,0.04141,0.02846,0.02816,0.11412,0.03788,0.03198,0.03120,0.02291,0.02450,0.02903,0.03333
0.02259,0.13746,0.13096,0.04596,0.03193,0.03479,0.02996,0.05216,0.03188,0.03820,0.02233,0.02733,0.20516,0.03036,0.02556,0.02560,0.02210,0.02362,0.03188,0.03018
0.01868,0.16265,0.14278,0.03818,0.03115,0.02730,0.02396,0.05770,0.02657,0.03558,0.02352,0.03117,0.18778,0.03595,0.02343,0.02678,0.02154,0.02311,0.02907,0.03308
0.02334,0.15564,0.15721,0.04522,0.03102,0.03533,0.02905,0.05969,0.02548,0.03935,0.02963,0.03308,0.11285,0.04240,0.02985,0.02781,0.02301,0.02626,0.03741,0.03639
0.01970,0.16925,0.18412,0.04869,0.03920,0.03391,0.03172,0.08679,0.02830,0.03620,0.02403,0.02333,0.09253,0.03245,0.02778,0.02435,0.01988,0.01906,0.02847,0.03023
0.02201,0.14608,0.12974,0.04389,0.03228,0.03008,0.02750,0.05515,0.02568,0.03756,0.02161,0.02648,0.24281,0.02821,0.02348,0.02135,0.01722,0.01921,0.02378,0.02590
0.02172,0.19193,0.17955,0.04320,0.03192,0.02965,0.02872,0.06495,0.02669,0.03558,0.01902,0.02132,0.16395,0.02392,0.01852,0.02000,0.01724,0.01818,0.01994,0.02400
0.02569,0.17245,0.16063,0.04316,0.02996,0.03502,0.02729,0.05925,0.03199,0.04131,0.02807,0.03279,0.09524,0.04059,0.02968,0.02609,0.02505,0.02481,0.03334,0.03758
0.02075,0.14319,0.14079,0.03848,0.02985,0.03048,0.02896,0.05323,0.02297,0.03786,0.02418,0.02635,0.22287,0.03122,0.02346,0.02533,0.02114,0.02053,0.02782,0.03056
0.02190,0.18312,0.17964,0.04693,0.03804,0.03399,0.02698,0.06591,0.02898,0.04259,0.02921,0.02724,0.07851,0.03601,0.02729,0.02547,0.02245,0.02352,0.02918,0.03305
0.02185,0.11038,0.10568,0.04251,0.02989,0.03042,0.02567,0.04891,0.02750,0.03530,0.02657,0.02920,0.25662,0.03702,0.02809,0.02826,0.02435,0.02288,0.03202,0.03689
0.02092,0.12512,0.11568,0.04309,0.03659,0.03453,0.02888,0.05031,0.02599,0.03767,0.02886,0.03085,0.19957,0.04237,0.03177,0.02747,0.02443,0.02522,0.03556,0.03513
0.01957,0.20617,0.19443,0.04526,0.03371,0.03058,0.02880,0.06608,0.02535,0.03813,0.02232,0.02338,0.11029,0.02661,0.02067,0.01943,0.01965,0.01742,0.02682,0.02533
0.02654,0.12759,0.12487,0.04667,0.03590,0.03554,0.03266,0.05755,0.03300,0.04509,0.02831,0.03190,0.16188,0.03725,0.02968,0.02787,0.02663,0.02823,0.02802,0.03481
0.02038,0.15232,0.14133,0.04412,0.02953,0.03011,0.02429,0.05690,0.02486,0.03623,0.02647,0.02991,0.17072,0.04168,0.02681,0.02900,0.02448,0.02404,0.03220,0.03463
0.01636,0.25309,0.22214,0.04067,0.02838,0.02588,0.02169,0.07600,0.02094,0.03395,0.01831,0.01741,0.09912,0.02150,0.02016,0.01643,0.01391,0.01484,0.01999,0.01921
0.02430,0.13372,0.13871,0.04595,0.03527,0.03415,0.02924,0.05638,0.03257,0.03961,0.03560,0.04146,0.10084,0.04706,0.03420,0.03305,0.02662,0.02935,0.04058,0.04137
0.02335,0.17155,0.16314,0.04376,0.03160,0.03279,0.02639,0.06772,0.02725,0.03925,0.02180,0.02423,0.16994,0.02812,0.01991,0.02311,0.01963,0.01855,0.02414,0.02376
0.02329,0.15335,0.15295,0.04285,0.02817,0.03292,0.02965,0.06138,0.03021,0.04076,0.03124,0.03872,0.12001,0.03968,0.02738,0.02765,0.02574,0.02297,0.03246,0.03863
0.01933,0.08775,0.08765,0.03629,0.02830,0.02905,0.02464,0.04426,0.02667,0.03357,0.03066,0.03732,0.26385,0.04621,0.03147,0.03330,0.02825,0.03096,0.03830,0.04216
0.02135,0.12219,0.11912,0.03812,0.03163,0.03409,0.02786,0.04777,0.02928,0.03371,0.02392,0.02984,0.24836,0.03292,0.02742,0.02340,0.02305,0.02503,0.03025,0.03070
0.02233,0.15389,0.14575,0.04594,0.03520,0.03586,0.03232,0.06181,0.03352,0.04386,0.02799,0.03614,0.11092,0.04301,0.02704,0.02666,0.02587,0.02325,0.03252,0.03614
0.02439,0.12818,0.13068,0.04441,0.03805,0.04057,0.03356,0.05482,0.03280,0.04508,0.02765,0.03313,0.14748,0.04074,0.02836,0.02927,0.02465,0.02536,0.03432,0.03650
0.01765,0.17002,0.17158,0.03773,0.02778,0.03182,0.02516,0.05865,0.02820,0.03878,0.02132,0.02276,0.18181,0.02774,0.02369,0.01922,0.01924,0.02068,0.02812,0.02805
0.01732,0.21716,0.19265,0.03767,0.02772,0.02739,0.02675,0.07305,0.02670,0.03707,0.02214,0.02384,0.09257,0.03131,0.02615,0.02447,0.01896,0.02030,0.02674,0.03004
0.01559,0.17632,0.16022,0.03848,0.02943,0.02794,0.02145,0.06172,0.02468,0.03501,0.02275,0.02587,0.19199,0.03080,0.02272,0.02459,0.01837,0.01929,0.02578,0.02699
0.01932,0.15845,0.14233,0.03766,0.03199,0.02577,0.02570,0.05375,0.02395,0.03476,0.02488,0.02777,0.19570,0.03922,0.02431,0.02530,0.02140,0.02165,0.02994,0.03615
0.02286,0.15068,0.16702,0.04645,0.04097,0.03024,0.02775,0.07361,0.02538,0.03112,0.02468,0.03082,0.14213,0.03463,0.02485,0.02448,0.02007,0.02138,0.02858,0.03230
0.01953,0.14025,0.14218,0.03530,0.02810,0.02815,0.02095,0.05877,0.02441,0.03017,0.01860,0.02341,0.26711,0.02848,0.02208,0.01997,0.01789,0.02065,0.02483,0.02917
0.01962,0.14177,0.13755,0.03573,0.02874,0.02700,0.02491,0.05022,0.02542,0.03151,0.02125,0.02478,0.25066,0.03267,0.02335,0.02438,0.01907,0.02399,0.02802,0.02939
0.02381,0.14335,0.13196,0.04350,0.03058,0.02895,0.03098,0.05724,0.02692,0.03967,0.02748,0.03345,0.17762,0.03958,0.02567,0.02422,0.02243,0.02390,0.03259,0.03610
0.02029,0.16843,0.15551,0.04459,0.03000,0.03331,0.03038,0.05957,0.02638,0.03581,0.02715,0.02795,0.13976,0.03701,0.02667,0.02541,0.02256,0.02048,0.03311,0.03563
0.02286,0.16735,0.13883,0.04663,0.03478,0.03464,0.02793,0.05964,0.03232,0.04017,0.02220,0.02634,0.16444,0.03171,0.02556,0.02321,0.02112,0.02224,0.02946,0.02857
0.02492,0.15091,0.15132,0.04857,0.03893,0.03908,0.03237,0.06687,0.03269,0.04285,0.02220,0.02665,0.13594,0.03377,0.02891,0.02453,0.02029,0.02373,0.02829,0.02717
0.02316,0.16993,0.18321,0.04794,0.03857,0.03504,0.03090,0.07933,0.03122,0.03775,0.02463,0.02440,0.09491,0.03004,0.02660,0.02680,0.02255,0.02056,0.02511,0.02735
0.02076,0.14370,0.15854,0.04217,0.03438,0.02624,0.02618,0.07499,0.02810,0.02953,0.02665,0.02936,0.14140,0.03729,0.03072,0.02609,0.02566,0.02500,0.03574,0.03750
0.02129,0.12185,0.11668,0.04529,0.03246,0.03456,0.02987,0.04564,0.02927,0.03955,0.02454,0.02953,0.23451,0.03581,0.02351,0.02795,0.02090,0.02316,0.02869,0.03492
0.02771,0.14469,0.13836,0.05946,0.04068,0.04321,0.03821,0.06611,0.03717,0.04844,0.02642,0.02973,0.10586,0.03477,0.02809,0.02459,0.02349,0.02448,0.02770,0.03084
0.02168,0.14556,0.13568,0.04500,0.03260,0.03083,0.02988,0.05638,0.02350,0.03837,0.02461,0.02906,0.18876,0.03571,0.02695,0.02802,0.02344,0.01958,0.03098,0.03340
0.02069,0.13620,0.12378,0.03517,0.02792,0.02977,0.02542,0.04428,0.02406,0.03477,0.02453,0.03379,0.22672,0.03928,0.02683,0.02313,0.02622,0.02482,0.03864,0.03398
0.02278,0.15670,0.14169,0.04978,0.03578,0.03851,0.03354,0.06036,0.03230,0.04368,0.02690,0.03316,0.11998,0.03775,0.03089,0.02608,0.02096,0.02306,0.03157,0.03451
0.02076,0.17085,0.16193,0.04189,0.03334,0.03174,0.02808,0.06035,0.03310,0.03963,0.02658,0.02652,0.13371,0.03556,0.02437,0.02646,0.01964,0.02202,0.02906,0.03443
0.02142,0.15839,0.15349,0.04555,0.03445,0.03644,0.02964,0.05941,0.03253,0.04061,0.02204,0.02675,0.15958,0.03495,0.02637,0.02360,0.01999,0.02039,0.02750,0.02689
0.02174,0.16121,0.17795,0.05032,0.03129,0.03905,0.02961,0.07070,0.02765,0.04341,0.02423,0.02461,0.12392,0.03060,0.02304,0.02244,0.01935,0.01973,0.02820,0.03096
0.02421,0.16410,0.15323,0.05010,0.03691,0.03679,0.03015,0.06308,0.02843,0.03815,0.03020,0.02917,0.08887,0.04146,0.03565,0.02979,0.02672,0.02327,0.03169,0.03805
0.02386,0.14362,0.13523,0.04898,0.03512,0.03535,0.02878,0.05643,0.02639,0.03575,0.02512,0.02507,0.17543,0.03281,0.03220,0.02931,0.02386,0.02479,0.02851,0.03342
0.02031,0.13213,0.13596,0.04608,0.03422,0.03182,0.03002,0.05300,0.02843,0.03570,0.02380,0.02519,0.22515,0.03284,0.02547,0.02239,0.01841,0.02308,0.02816,0.02786
0.02377,0.18721,0.16419,0.04901,0.03686,0.03620,0.02827,0.06381,0.02997,0.03913,0.02496,0.02483,0.12174,0.02848,0.02487,0.02412,0.01917,0.02005,0.02590,0.02746
0.02238,0.17053,0.16028,0.04818,0.03645,0.03534,0.02852,0.06249,0.03235,0.04240,0.02580,0.02697,0.12386,0.03566,0.02402,0.02399,0.02121,0.01959,0.02748,0.03250
0.01569,0.11332,0.11440,0.03385,0.02448,0.02497,0.02362,0.04063,0.02277,0.03087,0.01882,0.01991,0.37566,0.02487,0.01971,0.01833,0.01547,0.01624,0.02383,0.02256
0.01705,0.08423,0.08712,0.03081,0.02394,0.02371,0.02017,0.03732,0.02174,0.02593,0.01924,0.02286,0.41749,0.02944,0.02478,0.02466,0.01629,0.02043,0.02455,0.02824
0.01978,0.16937,0.15786,0.04481,0.03588,0.03395,0.03008,0.06041,0.03091,0.04284,0.02257,0.02395,0.15343,0.03058,0.02587,0.02266,0.01979,0.02068,0.02730,0.02728
0.01723,0.11290,0.10333,0.03207,0.02397,0.02317,0.02366,0.04271,0.02360,0.03059,0.02136,0.02126,0.36198,0.03119,0.02239,0.02046,0.01781,0.01887,0.02594,0.02552
0.02224,0.13954,0.13220,0.04778,0.03540,0.03536,0.03275,0.05695,0.03046,0.04152,0.03036,0.03504,0.10132,0.04678,0.03572,0.03413,0.03238,0.02857,0.03788,0.04364
0.01413,0.12102,0.10744,0.02656,0.02013,0.01905,0.01554,0.03689,0.01900,0.02509,0.01997,0.02210,0.38183,0.02939,0.02147,0.02441,0.01889,0.02089,0.02549,0.03072
0.02002,0.13355,0.13067,0.04016,0.02885,0.02968,0.02576,0.05131,0.02442,0.03345,0.02424,0.03063,0.21060,0.04247,0.02679,0.02651,0.02452,0.02417,0.03504,0.03713
0.01712,0.16105,0.16775,0.03788,0.02929,0.02884,0.02604,0.05528,0.02644,0.03663,0.02202,0.02576,0.19580,0.03118,0.01932,0.01983,0.01976,0.01698,0.03233,0.03069
0.02477,0.15447,0.15039,0.04526,0.03505,0.03274,0.02757,0.05659,0.02584,0.03979,0.02539,0.02690,0.15340,0.03574,0.02895,0.02916,0.02262,0.02163,0.03081,0.03292
0.02314,0.15252,0.13582,0.04176,0.03513,0.03153,0.03065,0.05694,0.02583,0.03792,0.02633,0.03072,0.17091,0.03700,0.02623,0.02434,0.02239,0.02326,0.03129,0.03629
0.01895,0.16654,0.17169,0.04604,0.03299,0.03173,0.02816,0.05641,0.02713,0.03974,0.01865,0.02139,0.18631,0.02614,0.02308,0.02145,0.01590,0.01853,0.02441,0.02475
0.02827,0.13353,0.12975,0.05418,0.04151,0.04082,0.03494,0.06021,0.03226,0.04738,0.03413,0.03357,0.09955,0.04252,0.03110,0.02757,0.02628,0.02821,0.03780,0.03640
0.02561,0.12531,0.12077,0.04090,0.03559,0.03659,0.02783,0.04825,0.02927,0.03610,0.03012,0.04254,0.13783,0.04620,0.03779,0.03683,0.02869,0.02997,0.03979,0.04402
0.02172,0.15304,0.14358,0.04807,0.03274,0.03298,0.02775,0.05819,0.03035,0.03853,0.03093,0.03054,0.14630,0.03472,0.02740,0.02796,0.02189,0.02571,0.03315,0.03445
0.02472,0.14259,0.13568,0.04590,0.03319,0.03413,0.03347,0.05686,0.03028,0.03878,0.03079,0.03821,0.11810,0.04547,0.03271,0.02715,0.02547,0.02912,0.03541,0.04198
0.02179,0.11216,0.11176,0.04507,0.03600,0.03264,0.02912,0.04689,0.02654,0.03606,0.01950,0.02410,0.29389,0.02875,0.02169,0.02244,0.01755,0.01912,0.02681,0.02811
0.02190,0.10873,0.10939,0.04558,0.03306,0.03578,0.03058,0.04647,0.03153,0.03583,0.04681,0.05312,0.10310,0.05363,0.03470,0.03569,0.03231,0.03634,0.05008,0.05536
0.02246,0.16517,0.15559,0.04706,0.03594,0.03509,0.02884,0.05978,0.03029,0.03990,0.02635,0.02743,0.14669,0.03082,0.02693,0.02302,0.02026,0.02200,0.02806,0.02832
0.02051,0.19723,0.18564,0.04374,0.03195,0.03143,0.02811,0.06698,0.02767,0.03730,0.02303,0.02610,0.10996,0.03226,0.02389,0.02178,0.01819,0.02114,0.02776,0.02532
0.02591,0.19006,0.19025,0.05009,0.03592,0.03691,0.03005,0.06825,0.03259,0.04248,0.02386,0.02404,0.08566,0.03141,0.02380,0.02082,0.01775,0.01716,0.02508,0.02793
0.02280,0.10657,0.10316,0.04221,0.03134,0.03335,0.02831,0.04472,0.02708,0.03754,0.03577,0.03919,0.18321,0.04731,0.03486,0.03511,0.02891,0.03211,0.04071,0.04575
0.01631,0.11119,0.11977,0.03422,0.02751,0.02691,0.02318,0.04279,0.02145,0.03386,0.02011,0.02385,0.34217,0.02880,0.02078,0.02122,0.01595,0.02117,0.02474,0.02402
0.01628,0.17405,0.15073,0.03466,0.02273,0.02617,0.02059,0.05205,0.01935,0.03198,0.02387,0.02795,0.20845,0.03335,0.02747,0.02698,0.02258,0.02061,0.02823,0.03192
0.02702,0.13002,0.13012,0.05367,0.04007,0.04007,0.03718,0.06057,0.03219,0.04105,0.02768,0.02777,0.16141,0.03318,0.02604,0.02668,0.02197,0.02274,0.02966,0.03093
0.01467,0.14558,0.13664,0.02736,0.02031,0.02327,0.02118,0.05047,0.02081,0.02964,0.01640,0.01804,0.34408,0.02336,0.01739,0.01736,0.01338,0.01620,0.02231,0.02155
0.01805,0.25546,0.21330,0.03733,0.03049,0.02751,0.02215,0.06300,0.02300,0.04340,0.01645,0.01887,0.09857,0.02348,0.01927,0.01848,0.01511,0.01375,0.02060,0.02173
0.02422,0.14073,0.14339,0.05030,0.03922,0.03977,0.03084,0.05934,0.03335,0.04252,0.02795,0.02963,0.12092,0.04017,0.02832,0.02883,0.02636,0.02288,0.03643,0.03484
0.02107,0.11288,0.09948,0.03871,0.02954,0.03423,0.02641,0.03692,0.02621,0.03891,0.02687,0.03078,0.26002,0.03816,0.02423,0.02792,0.02426,0.02584,0.03709,0.04049
0.02144,0.15224,0.14638,0.04286,0.03227,0.03186,0.02754,0.05665,0.02609,0.03923,0.02656,0.02635,0.16257,0.03536,0.02644,0.02870,0.02533,0.02471,0.03006,0.03736
0.02297,0.14868,0.16821,0.04569,0.03866,0.03516,0.02423,0.07340,0.02951,0.03795,0.02717,0.02815,0.09615,0.03782,0.03314,0.03074,0.02673,0.02866,0.03241,0.03456
0.02485,0.17460,0.15210,0.04272,0.03779,0.03621,0.03051,0.06364,0.02960,0.04119,0.02462,0.02944,0.12788,0.03064,0.02719,0.02619,0.02272,0.01973,0.02887,0.02951
0.02116,0.13445,0.13489,0.05040,0.04061,0.03348,0.03014,0.04981,0.02587,0.04346,0.02745,0.02944,0.16629,0.04077,0.02997,0.03172,0.02402,0.02105,0.02873,0.03629
0.02242,0.14705,0.13874,0.04096,0.03601,0.02965,0.02708,0.05750,0.02686,0.03923,0.02620,0.03029,0.17887,0.03819,0.02564,0.02733,0.02339,0.02661,0.02778,0.03018
0.01676,0.15312,0.13554,0.04386,0.03518,0.02913,0.02458,0.05176,0.02493,0.03444,0.02652,0.02897,0.20465,0.03547,0.02450,0.02819,0.02035,0.02122,0.02716,0.03365
0.01841,0.13151,0.12520,0.03828,0.02948,0.02869,0.02554,0.05326,0.02557,0.03317,0.02493,0.02953,0.24449,0.03515,0.02388,0.02635,0.02022,0.02130,0.03044,0.03459
0.02343,0.15606,0.15327,0.04589,0.03609,0.03597,0.03196,0.05960,0.03057,0.04072,0.03126,0.04065,0.08176,0.04254,0.03048,0.02754,0.02779,0.02809,0.03824,0.03811
0.01969,0.15186,0.15285,0.03705,0.02663,0.02963,0.02472,0.05501,0.02650,0.03632,0.02258,0.02494,0.21939,0.02915,0.02338,0.02189,0.02089,0.02058,0.02718,0.02976
0.02049,0.16603,0.15035,0.03835,0.03062,0.03029,0.02817,0.05919,0.02804,0.03493,0.02519,0.02747,0.17531,0.03379,0.02509,0.02376,0.02053,0.02251,0.02858,0.03131
0.02413,0.16394,0.16849,0.05004,0.04139,0.03967,0.02680,0.06232,0.03271,0.04482,0.02886,0.03060,0.07618,0.03930,0.02608,0.02650,0.02531,0.02492,0.03104,0.03691
0.01988,0.20452,0.18895,0.04287,0.02937,0.03169,0.02576,0.06911,0.02708,0.03782,0.02209,0.02679,0.09851,0.03194,0.02379,0.02159,0.01995,0.01903,0.02806,0.03118
0.01867,0.19112,0.16545,0.03874,0.03096,0.02819,0.02446,0.06168,0.02509,0.03767,0.02314,0.02731,0.14259,0.03503,0.02493,0.02549,0.01957,0.02108,0.02864,0.03018
0.02575,0.16845,0.14789,0.04322,0.03504,0.03188,0.02932,0.06059,0.02914,0.03941,0.02945,0.03169,0.12642,0.03424,0.02642,0.02385,0.02383,0.02267,0.03117,0.03957
0.02426,0.18401,0.18978,0.05051,0.03483,0.03352,0.03381,0.06912,0.02660,0.04231,0.02113,0.02552,0.10415,0.02700,0.02127,0.02361,0.01803,0.01985,0.02431,0.02638
0.01785,0.18256,0.16938,0.04057,0.03249,0.03195,0.02521,0.06531,0.02660,0.03830,0.02320,0.02920,0.12772,0.03482,0.02599,0.02541,0.01992,0.02030,0.03165,0.03158
0.02540,0.14707,0.13115,0.04863,0.03554,0.03531,0.03071,0.05719,0.03077,0.03900,0.02622,0.02869,0.14655,0.03749,0.03263,0.02927,0.02843,0.02527,0.03107,0.03362
0.01876,0.23632,0.19332,0.04082,0.03411,0.02803,0.02518,0.07357,0.02486,0.03881,0.02646,0.02273,0.06914,0.02928,0.02340,0.02330,0.01796,0.02056,0.02565,0.02774
0.02593,0.14463,0.13918,0.05182,0.03669,0.04096,0.03365,0.05685,0.03055,0.04176,0.02675,0.03042,0.13678,0.03482,0.02513,0.02757,0.02572,0.02503,0.03241,0.03336
0.02480,0.20154,0.17049,0.04721,0.03694,0.03503,0.02909,0.06733,0.03392,0.04578,0.02481,0.02640,0.08239,0.03002,0.02370,0.02317,0.02190,0.01968,0.02537,0.03045
0.02163,0.17201,0.15481,0.04327,0.03335,0.03306,0.02557,0.06072,0.02918,0.04144,0.02827,0.03110,0.11739,0.03665,0.02805,0.02767,0.02323,0.02351,0.03168,0.03741
0.01902,0.10398,0.11133,0.03722,0.02858,0.02836,0.02437,0.04769,0.02503,0.03283,0.02523,0.02867,0.28819,0.03724,0.02624,0.02730,0.02288,0.02509,0.03009,0.03066
0.02005,0.16631,0.15205,0.03924,0.02997,0.03238,0.02506,0.06191,0.03038,0.03682,0.02628,0.02838,0.14257,0.03724,0.02987,0.02770,0.02474,0.02438,0.03261,0.03206
0.01788,0.19392,0.17647,0.04056,0.02896,0.02980,0.02815,0.06876,0.02523,0.03424,0.02347,0.02692,0.11487,0.03242,0.02907,0.02527,0.02316,0.02147,0.02877,0.03059
0.02279,0.13415,0.12940,0.04529,0.03724,0.03455,0.03133,0.05506,0.03144,0.04367,0.02570,0.03102,0.17653,0.03661,0.02769,0.02565,0.02353,0.02403,0.03222,0.03213
0.01844,0.14073,0.12810,0.03191,0.02812,0.02569,0.02064,0.05324,0.02324,0.03414,0.01856,0.02260,0.29015,0.03001,0.02260,0.02141,0.01779,0.02071,0.02674,0.02518
0.02357,0.14534,0.13407,0.04620,0.03187,0.03412,0.03210,0.05878,0.03019,0.03946,0.02854,0.03745,0.12228,0.04506,0.03072,0.03088,0.02539,0.02581,0.03723,0.04094
0.03239,0.13560,0.13515,0.05777,0.05131,0.04729,0.04280,0.06073,0.04448,0.05750,0.02486,0.02829,0.07839,0.03348,0.02829,0.02750,0.02622,0.02325,0.02806,0.03663
0.02126,0.12892,0.12186,0.03849,0.02937,0.03025,0.02339,0.05307,0.02619,0.03604,0.03287,0.04190,0.16147,0.04850,0.03224,0.03372,0.02737,0.02873,0.04011,0.04423
0.02015,0.17579,0.16336,0.04551,0.03367,0.03426,0.02987,0.06214,0.02941,0.04379,0.02339,0.02401,0.14094,0.02886,0.02563,0.02735,0.02330,0.01851,0.02295,0.02710
0.02053,0.16766,0.16667,0.03867,0.03388,0.02907,0.02528,0.06747,0.02512,0.03314,0.02165,0.02390,0.18736,0.02669,0.02041,0.02114,0.01977,0.01917,0.02329,0.02913
0.01992,0.18438,0.17195,0.03842,0.02960,0.02736,0.02568,0.06293,0.02622,0.03368,0.02189,0.02398,0.16665,0.02738,0.02391,0.02467,0.01731,0.02087,0.02616,0.02704
0.01697,0.17005,0.15173,0.03757,0.02397,0.02556,0.02166,0.05774,0.02409,0.03349,0.01857,0.02013,0.25910,0.02295,0.01819,0.02151,0.01612,0.01795,0.02017,0.02249
0.02013,0.15400,0.14594,0.04038,0.03241,0.03142,0.02580,0.05825,0.02824,0.03957,0.02361,0.02411,0.20168,0.03356,0.02212,0.02239,0.02005,0.02143,0.02596,0.02896
0.01841,0.11717,0.11411,0.04080,0.03169,0.03035,0.02797,0.04684,0.02488,0.03711,0.02122,0.02458,0.30192,0.02827,0.02054,0.02203,0.02134,0.01921,0.02521,0.02634
0.01294,0.19169,0.15692,0.02909,0.02361,0.02184,0.01787,0.04668,0.02101,0.03515,0.01704,0.02112,0.24768,0.02968,0.02190,0.02046,0.01718,0.01703,0.02330,0.02782
0.02397,0.17064,0.15197,0.04307,0.03396,0.03242,0.02812,0.06266,0.02685,0.04103,0.02112,0.02118,0.18402,0.02620,0.02244,0.02181,0.01996,0.01702,0.02631,0.02525
0.01505,0.13892,0.12924,0.03052,0.02504,0.02497,0.02206,0.04680,0.02035,0.02811,0.01839,0.02130,0.34125,0.02543,0.01794,0.01937,0.01351,0.01567,0.02273,0.02336
0.01552,0.21234,0.19941,0.03743,0.02841,0.02463,0.02399,0.07081,0.02411,0.03298,0.01968,0.01916,0.15962,0.02411,0.01733,0.01728,0.01389,0.01567,0.02156,0.02207
0.01985,0.13722,0.12889,0.03737,0.03181,0.02803,0.02417,0.05062,0.02527,0.03302,0.02377,0.02704,0.23448,0.03663,0.02658,0.02697,0.02146,0.02267,0.03121,0.03293
0.02009,0.19200,0.18378,0.04803,0.03045,0.03149,0.02760,0.06597,0.02670,0.03961,0.01716,0.02135,0.15465,0.02318,0.02143,0.01878,0.01544,0.01788,0.02057,0.02384
0.01796,0.21576,0.19804,0.03959,0.02784,0.02875,0.02341,0.07789,0.02522,0.03329,0.02069,0.02158,0.11342,0.02885,0.02055,0.02002,0.01910,0.01633,0.02433,0.02738
0.02098,0.18242,0.17133,0.04254,0.03581,0.03317,0.03123,0.06525,0.03210,0.03964,0.02492,0.02577,0.10798,0.02929,0.02773,0.02364,0.02155,0.02326,0.03198,0.02939
0.02462,0.16511,0.16547,0.04490,0.03662,0.03584,0.02993,0.06378,0.02665,0.04042,0.02119,0.02352,0.15508,0.02920,0.02496,0.02151,0.02010,0.01874,0.02463,0.02772
0.01575,0.20127,0.16873,0.03788,0.02762,0.02435,0.02166,0.06545,0.02342,0.03222,0.01878,0.02348,0.17890,0.03014,0.02312,0.01824,0.01696,0.01931,0.02715,0.02556
0.02092,0.16227,0.15885,0.04246,0.03193,0.03186,0.03012,0.05865,0.02962,0.03760,0.02884,0.02757,0.13078,0.03826,0.02738,0.02696,0.02315,0.02414,0.03399,0.03465
0.02400,0.12289,0.12450,0.04947,0.03497,0.03722,0.03553,0.05568,0.03168,0.04164,0.02875,0.03849,0.14710,0.03837,0.02951,0.03125,0.02560,0.02641,0.03803,0.03891
0.01747,0.15757,0.15617,0.03664,0.02964,0.02518,0.02030,0.06609,0.02464,0.03081,0.02214,0.02317,0.21815,0.03434,0.02344,0.02667,0.01863,0.01786,0.02236,0.02873
0.01852,0.19859,0.19222,0.04172,0.02940,0.03334,0.02387,0.06512,0.02486,0.03846,0.02093,0.02149,0.13773,0.02723,0.02031,0.01980,0.01586,0.01750,0.02548,0.02759
0.02557,0.16349,0.14882,0.04899,0.03411,0.03595,0.03118,0.06083,0.03532,0.04099,0.02802,0.02811,0.11090,0.03759,0.03020,0.02877,0.02414,0.02393,0.03170,0.03140
0.02664,0.14809,0.14200,0.05009,0.03878,0.03856,0.03098,0.06241,0.03589,0.04151,0.02867,0.03165,0.09127,0.04126,0.03175,0.03526,0.02551,0.02696,0.03374,0.03897
0.02423,0.13805,0.12315,0.04355,0.03403,0.03114,0.02854,0.05539,0.02833,0.03455,0.02701,0.03100,0.18833,0.04311,0.03137,0.02810,0.02428,0.02358,0.02996,0.03231
0.02352,0.19057,0.19312,0.04892,0.03352,0.03383,0.02874,0.06969,0.02639,0.04296,0.02487,0.02924,0.06130,0.03534,0.02411,0.02617,0.01954,0.02342,0.02952,0.03522
0.01859,0.13635,0.12442,0.03800,0.02804,0.02816,0.02285,0.04981,0.02222,0.02850,0.02722,0.02616,0.23340,0.03847,0.02883,0.03379,0.02146,0.02549,0.03056,0.03767
0.02017,0.16887,0.15033,0.04865,0.03993,0.03187,0.02714,0.05350,0.02697,0.03741,0.02164,0.02730,0.17436,0.03067,0.02515,0.02264,0.01826,0.02103,0.02626,0.02788
0.01906,0.15286,0.14632,0.04135,0.02984,0.03436,0.02743,0.05415,0.02631,0.03621,0.02347,0.02530,0.20091,0.03189,0.02313,0.02426,0.01837,0.01951,0.03275,0.03250
0.02385,0.15592,0.14552,0.05367,0.04102,0.03682,0.03345,0.05224,0.02896,0.03978,0.02944,0.02709,0.12773,0.03624,0.02865,0.02984,0.02238,0.02202,0.03124,0.03414
0.02282,0.10943,0.10471,0.03955,0.03250,0.03081,0.02926,0.04708,0.02877,0.03487,0.03045,0.03651,0.21609,0.04778,0.03129,0.03038,0.02816,0.02760,0.03397,0.03797
0.02590,0.14517,0.14044,0.04580,0.03605,0.03978,0.02930,0.05881,0.03283,0.04267,0.03039,0.02737,0.14331,0.03241,0.03035,0.02894,0.02303,0.02481,0.02974,0.03291
0.01874,0.15972,0.14147,0.03819,0.02810,0.02640,0.02158,0.05980,0.02685,0.03103,0.02599,0.02485,0.21838,0.03129,0.02364,0.02616,0.02066,0.02030,0.02671,0.03014
0.02424,0.14765,0.14243,0.04265,0.03372,0.03426,0.03321,0.05916,0.03193,0.04135,0.02500,0.02677,0.17193,0.03244,0.02496,0.02312,0.02121,0.02345,0.02928,0.03122
0.02128,0.13901,0.12723,0.04185,0.03240,0.03060,0.02588,0.05639,0.03223,0.04031,0.02385,0.02755,0.21595,0.03669,0.02431,0.02624,0.01995,0.02111,0.02627,0.03089
0.02481,0.14399,0.13732,0.04916,0.03558,0.04058,0.03448,0.05472,0.03272,0.04094,0.02266,0.02393,0.17706,0.03147,0.02448,0.02759,0.02036,0.02049,0.02654,0.03113
0.02073,0.16492,0.15573,0.04161,0.02719,0.03083,0.02627,0.06092,0.02515,0.03370,0.02406,0.02591,0.17375,0.03089,0.02648,0.02512,0.02083,0.02527,0.02843,0.03221
0.02071,0.17674,0.16161,0.04297,0.03544,0.03072,0.02638,0.06119,0.02578,0.03705,0.02606,0.02859,0.12691,0.03735,0.02460,0.02380,0.02138,0.02433,0.03507,0.03334
0.01903,0.13853,0.13556,0.03396,0.02730,0.02701,0.02422,0.05189,0.02426,0.03228,0.02036,0.02427,0.28235,0.02797,0.02347,0.01871,0.01876,0.01996,0.02489,0.02522
0.02189,0.16502,0.15637,0.04366,0.03175,0.03465,0.02962,0.06596,0.03014,0.03635,0.02414,0.02819,0.14319,0.03353,0.02510,0.02447,0.02184,0.02348,0.02973,0.03092
0.02732,0.14128,0.14558,0.04942,0.03823,0.03757,0.03847,0.06023,0.03567,0.04616,0.02703,0.03695,0.10291,0.04217,0.02802,0.02811,0.02500,0.02170,0.03133,0.03685
0.02057,0.16388,0.15832,0.04682,0.03228,0.03528,0.03099,0.06080,0.03082,0.04515,0.02186,0.02555,0.14819,0.03214,0.02300,0.02351,0.02043,0.02238,0.02951,0.02851
0.02432,0.13456,0.12913,0.04205,0.02989,0.03433,0.02847,0.05180,0.02774,0.04003,0.02263,0.02358,0.24492,0.03259,0.02188,0.02220,0.01827,0.01985,0.02636,0.02541
0.01915,0.17655,0.15450,0.04335,0.03272,0.03155,0.02589,0.06070,0.02424,0.03929,0.02114,0.02926,0.16081,0.03287,0.02556,0.02675,0.02022,0.01848,0.02815,0.02881
0.02682,0.11328,0.11059,0.04619,0.03639,0.03779,0.03012,0.05088,0.03371,0.03952,0.02951,0.03415,0.18277,0.04198,0.02951,0.02903,0.02880,0.02610,0.03567,0.03720
0.02209,0.17277,0.15987,0.04525,0.03154,0.03175,0.02825,0.06492,0.02758,0.03912,0.02265,0.02649,0.14164,0.03369,0.02607,0.02395,0.02085,0.02264,0.02918,0.02972
0.02151,0.19190,0.17141,0.04402,0.03400,0.03136,0.02758,0.06376,0.02703,0.04208,0.02167,0.02449,0.14166,0.02661,0.02030,0.02376,0.01708,0.02043,0.02400,0.02536
0.01715,0.15482,0.13551,0.03697,0.02861,0.02620,0.02246,0.05327,0.02271,0.02886,0.02054,0.02258,0.26403,0.02943,0.02405,0.02128,0.01755,0.01785,0.02849,0.02764
0.02448,0.17223,0.16728,0.04503,0.03499,0.03463,0.03224,0.06858,0.03184,0.04348,0.02505,0.02816,0.09618,0.03342,0.02562,0.02522,0.02180,0.02514,0.03246,0.03217
0.02319,0.14632,0.14347,0.03999,0.02784,0.03126,0.02492,0.06047,0.02965,0.03766,0.03404,0.04029,0.13262,0.04531,0.03008,0.02918,0.02325,0.02603,0.03658,0.03786
0.01630,0.18902,0.16945,0.03346,0.02523,0.02709,0.02285,0.06521,0.02256,0.03331,0.02276,0.02497,0.18797,0.02752,0.02165,0.01974,0.01855,0.01856,0.02681,0.02700
0.02378,0.15739,0.15684,0.05276,0.04226,0.03996,0.03376,0.05960,0.03361,0.04995,0.02262,0.02450,0.13749,0.02764,0.02311,0.02151,0.01975,0.01994,0.02715,0.02639
0.02748,0.12760,0.11772,0.04953,0.03936,0.03996,0.03048,0.05607,0.03880,0.04249,0.02480,0.02640,0.18515,0.03226,0.02627,0.02510,0.02370,0.02302,0.03076,0.03306
0.02504,0.16523,0.14753,0.04446,0.03822,0.03785,0.03087,0.06693,0.03457,0.04119,0.02953,0.02915,0.10676,0.03527,0.02756,0.02713,0.02240,0.02425,0.03062,0.03544
0.01870,0.20421,0.19519,0.04488,0.03018,0.03276,0.02424,0.06776,0.02520,0.03904,0.01797,0.02380,0.12736,0.02832,0.02023,0.01843,0.01699,0.01722,0.02228,0.02524
0.02046,0.17120,0.16328,0.04273,0.03414,0.02996,0.02902,0.06139,0.02598,0.03585,0.02241,0.02464,0.16622,0.03107,0.02390,0.02350,0.02066,0.01910,0.02568,0.02881
0.02247,0.14870,0.13741,0.04656,0.03360,0.03691,0.03074,0.05678,0.03149,0.04109,0.02897,0.03117,0.14528,0.03635,0.02969,0.02909,0.02368,0.02260,0.03204,0.03537
0.02626,0.17766,0.17615,0.05151,0.03928,0.03474,0.03327,0.06047,0.03064,0.04554,0.02523,0.02974,0.08629,0.03529,0.02542,0.02311,0.02219,0.02112,0.02643,0.02966
0.02444,0.12747,0.13561,0.04642,0.03479,0.03377,0.02945,0.06190,0.02838,0.03559,0.03271,0.03972,0.12034,0.04133,0.03233,0.02952,0.02668,0.03062,0.04186,0.04709
0.02292,0.14290,0.13257,0.04495,0.03338,0.03481,0.03217,0.05419,0.02863,0.03929,0.02254,0.02637,0.21166,0.03114,0.02287,0.02143,0.01878,0.02103,0.02936,0.02901
0.02154,0.12862,0.12754,0.04389,0.03675,0.03372,0.03168,0.05495,0.03066,0.03816,0.02806,0.03194,0.15880,0.04169,0.03129,0.02864,0.02814,0.02976,0.03506,0.03914
0.01848,0.15459,0.14709,0.03806,0.02300,0.02762,0.02266,0.05712,0.02204,0.03170,0.02237,0.02568,0.23300,0.03301,0.02226,0.02308,0.01947,0.02130,0.02789,0.02958
0.02095,0.16689,0.14913,0.04506,0.03409,0.03637,0.03012,0.06318,0.03412,0.04317,0.02862,0.03600,0.11162,0.03777,0.02833,0.02526,0.02491,0.02339,0.02993,0.03108
0.02119,0.11987,0.11253,0.03889,0.02765,0.02708,0.02268,0.04528,0.02376,0.03232,0.02674,0.02750,0.27715,0.03433,0.02726,0.02671,0.02180,0.02377,0.03111,0.03238
0.01735,0.08762,0.08721,0.03160,0.02743,0.02337,0.02240,0.03746,0.01970,0.02925,0.02689,0.02784,0.36224,0.03520,0.02568,0.02862,0.02153,0.02090,0.03098,0.03674
0.01935,0.18888,0.17220,0.03757,0.02792,0.02804,0.02397,0.06521,0.02592,0.03696,0.02692,0.02990,0.12225,0.03458,0.02421,0.02520,0.02330,0.02244,0.03048,0.03469
0.02149,0.15617,0.14737,0.03881,0.02950,0.03312,0.02504,0.05545,0.02554,0.03922,0.02250,0.02699,0.19273,0.03551,0.02389,0.02511,0.01915,0.02203,0.02800,0.03236
0.02348,0.13752,0.13537,0.04582,0.03381,0.03401,0.03141,0.05769,0.03148,0.03978,0.03118,0.03670,0.11590,0.04868,0.03036,0.03293,0.02521,0.02865,0.03596,0.04405
0.02033,0.12806,0.12224,0.03710,0.03022,0.03045,0.02395,0.04853,0.02912,0.03396,0.02348,0.02938,0.23214,0.03857,0.03064,0.02795,0.02551,0.02097,0.03284,0.03458
0.01893,0.24676,0.19701,0.03574,0.02915,0.02834,0.02431,0.04922,0.02401,0.04686,0.01783,0.01906,0.13030,0.02376,0.01858,0.01702,0.01467,0.01593,0.02033,0.02221
0.01830,0.22388,0.20009,0.03889,0.03148,0.02922,0.02278,0.07762,0.02360,0.03798,0.01932,0.02299,0.10439,0.02756,0.02027,0.02022,0.01594,0.01732,0.02336,0.02480
0.02248,0.14597,0.16218,0.04607,0.02999,0.03232,0.03188,0.06334,0.02938,0.03836,0.02850,0.02932,0.14560,0.03695,0.02473,0.02572,0.01851,0.02388,0.03129,0.03354
0.02322,0.15431,0.14503,0.06404,0.05684,0.03941,0.03142,0.05272,0.02851,0.04949,0.02815,0.02838,0.08770,0.03890,0.02965,0.03207,0.02141,0.02527,0.02925,0.03424
0.02180,0.15703,0.13380,0.03813,0.02858,0.03143,0.02437,0.05466,0.02831,0.03662,0.02398,0.02599,0.21286,0.03231,0.02645,0.02332,0.02172,0.02234,0.02735,0.02895
0.02000,0.19534,0.17985,0.04491,0.02933,0.03405,0.02463,0.06987,0.03008,0.04039,0.01920,0.02366,0.12744,0.02869,0.02109,0.01737,0.01844,0.02010,0.02610,0.02945
0.02785,0.12562,0.12017,0.04659,0.03837,0.03572,0.03075,0.05369,0.02935,0.04198,0.03510,0.03631,0.13222,0.04281,0.03249,0.03370,0.02744,0.02955,0.03766,0.04262
0.01949,0.20492,0.17998,0.04116,0.03519,0.03026,0.02742,0.06733,0.02837,0.03476,0.02319,0.03333,0.08656,0.03535,0.02465,0.02191,0.02204,0.02392,0.02809,0.03208
0.02258,0.12391,0.12584,0.05053,0.03670,0.03737,0.03114,0.05106,0.02965,0.03606,0.03104,0.02872,0.17251,0.04071,0.03220,0.03016,0.02514,0.02201,0.03403,0.03867
0.02083,0.15873,0.14035,0.04540,0.03158,0.03275,0.02728,0.05315,0.02868,0.03946,0.02240,0.02526,0.18997,0.03254,0.02423,0.02357,0.02279,0.02035,0.02849,0.03217
0.02399,0.17465,0.16268,0.05088,0.03719,0.03541,0.03167,0.06415,0.03343,0.04724,0.02273,0.02429,0.12006,0.02951,0.02411,0.02289,0.02213,0.02150,0.02612,0.02538
0.01843,0.14530,0.14944,0.03457,0.02639,0.02872,0.02507,0.05684,0.02757,0.03107,0.02357,0.02956,0.20813,0.03483,0.02523,0.02672,0.02323,0.02009,0.02975,0.03548
0.01719,0.18681,0.17135,0.03694,0.02601,0.02497,0.02205,0.06550,0.02471,0.03150,0.02127,0.02343,0.18885,0.02961,0.02213,0.02123,0.01827,0.01659,0.02478,0.02683
0.02080,0.13093,0.12445,0.03815,0.03337,0.02796,0.02809,0.05430,0.03141,0.03400,0.02635,0.03024,0.21405,0.03726,0.02613,0.02596,0.02162,0.02670,0.03542,0.03282
0.02277,0.16250,0.14887,0.04005,0.03040,0.02884,0.02665,0.06169,0.02509,0.03495,0.02490,0.02588,0.18554,0.03302,0.02494,0.02393,0.02188,0.02080,0.02875,0.02854
0.02066,0.17403,0.15833,0.03979,0.02719,0.02931,0.02616,0.06907,0.02776,0.03771,0.02382,0.02573,0.15406,0.03344,0.02369,0.02199,0.02236,0.02162,0.03100,0.03229
0.01979,0.18567,0.15717,0.03557,0.02616,0.02646,0.02348,0.05616,0.02403,0.03411,0.02373,0.02439,0.20600,0.02609,0.02034,0.02054,0.01816,0.01719,0.02765,0.02732
0.02540,0.13034,0.12677,0.05078,0.03558,0.04000,0.03445,0.05696,0.03384,0.04394,0.03224,0.03408,0.14036,0.03686,0.02953,0.03103,0.02502,0.02799,0.03114,0.03368
0.02152,0.13936,0.12550,0.04185,0.02985,0.03606,0.03088,0.04532,0.03291,0.03893,0.03072,0.03827,0.14099,0.04750,0.03547,0.03418,0.02827,0.02890,0.03554,0.03798
0.02471,0.17219,0.15213,0.04891,0.03194,0.03764,0.02858,0.06057,0.03294,0.04270,0.02340,0.02359,0.14785,0.02707,0.02612,0.02275,0.01872,0.02275,0.02516,0.03027
0.02459,0.13982,0.13921,0.04678,0.03657,0.03620,0.03038,0.05341,0.03170,0.03991,0.02893,0.03306,0.12451,0.04067,0.03456,0.03187,0.02698,0.02951,0.03265,0.03869
0.02385,0.11847,0.11076,0.04348,0.03536,0.03889,0.03064,0.05092,0.03108,0.03861,0.03562,0.04006,0.11114,0.05722,0.03999,0.03876,0.02981,0.03417,0.04346,0.04771
0.02445,0.16939,0.15836,0.04237,0.03115,0.03309,0.02945,0.06371,0.02795,0.03550,0.02567,0.02839,0.13965,0.03339,0.02564,0.02629,0.02227,0.02051,0.02969,0.03310
0.01900,0.11852,0.12876,0.04011,0.03112,0.03266,0.02664,0.05027,0.02663,0.03451,0.03585,0.04356,0.12292,0.05482,0.03820,0.03493,0.03011,0.03085,0.04992,0.05063
0.01534,0.23689,0.21188,0.02948,0.02400,0.02183,0.02013,0.07875,0.02116,0.02934,0.01856,0.02082,0.12493,0.02770,0.02049,0.01783,0.01784,0.01548,0.02268,0.02490
0.01913,0.15798,0.14669,0.04378,0.03177,0.02941,0.02846,0.05789,0.02816,0.03776,0.02718,0.02522,0.17727,0.03290,0.02574,0.02704,0.02118,0.02402,0.02738,0.03102
0.02011,0.14991,0.14317,0.04402,0.03494,0.03421,0.02733,0.05709,0.02771,0.04088,0.02869,0.02985,0.14681,0.03761,0.02925,0.02808,0.02387,0.02598,0.03613,0.03436
0.02028,0.17512,0.14988,0.03914,0.02793,0.03233,0.02248,0.06132,0.02695,0.03104,0.02943,0.03253,0.13667,0.04019,0.02759,0.02722,0.02336,0.02332,0.03753,0.03569
0.02365,0.12586,0.12647,0.04514,0.03265,0.03519,0.03177,0.05225,0.03419,0.04140,0.02624,0.02704,0.21664,0.03311,0.02325,0.02518,0.02024,0.02272,0.02810,0.02892
0.01821,0.18732,0.17299,0.04033,0.03734,0.02942,0.02607,0.06238,0.02892,0.03947,0.02286,0.02636,0.13189,0.02975,0.02226,0.02375,0.01949,0.01999,0.03117,0.03003
0.02110,0.16443,0.15656,0.04494,0.03274,0.03506,0.02855,0.06154,0.02614,0.03848,0.02489,0.02991,0.15719,0.03217,0.02276,0.02363,0.01989,0.02117,0.02844,0.03041
0.01849,0.12703,0.12579,0.03838,0.02834,0.02967,0.02778,0.05030,0.02717,0.03536,0.03792,0.04118,0.15420,0.04943,0.03449,0.02992,0.02572,0.02766,0.04096,0.05022
0.02003,0.21802,0.18512,0.04190,0.03670,0.03397,0.02487,0.07143,0.03093,0.03943,0.02283,0.02549,0.07710,0.03065,0.02478,0.02035,0.02002,0.02160,0.02705,0.02774
0.02041,0.17051,0.18712,0.04619,0.03717,0.03308,0.02367,0.08490,0.02892,0.03474,0.02446,0.02394,0.10972,0.03328,0.02554,0.02385,0.01912,0.01894,0.02584,0.02859
