0.19670,0.07076,0.11120,0.27818,0.07551,0.03644,0.07560,0.15561
0.10886,0.08219,0.08533,0.20161,0.24392,0.05654,0.08671,0.13484
0.14233,0.08023,0.13385,0.14995,0.17722,0.11748,0.10167,0.09727
0.17157,0.11119,0.04939,0.20295,0.27983,0.04615,0.07105,0.06786
0.07629,0.07194,0.39477,0.14399,0.10928,0.08101,0.05195,0.07078
0.13711,0.07531,0.17426,0.14317,0.14769,0.14089,0.07062,0.11095
0.05949,0.06288,0.16481,0.25267,0.24869,0.08262,0.03837,0.09047
0.06074,0.09068,0.16334,0.29498,0.18268,0.04853,0.03637,0.12268
0.08899,0.22745,0.11084,0.07140,0.12387,0.18649,0.13027,0.06071
0.23175,0.15083,0.07618,0.13768,0.17209,0.05632,0.09611,0.07904
0.06612,0.04976,0.26521,0.10781,0.18291,0.20053,0.04603,0.08162
0.25835,0.12645,0.06931,0.13176,0.15018,0.05902,0.08858,0.11634
0.36183,0.04161,0.08151,0.17644,0.11302,0.05099,0.05863,0.11597
0.36237,0.05864,0.09926,0.14746,0.09872,0.05806,0.08194,0.09355
0.58805,0.04846,0.03438,0.09781,0.09910,0.02890,0.03885,0.06444
0.11900,0.10186,0.07469,0.16299,0.23736,0.04983,0.06182,0.19244
0.12907,0.03224,0.08965,0.20422,0.31231,0.06796,0.04339,0.12116
0.15680,0.06988,0.17701,0.17743,0.14158,0.08300,0.08700,0.10731
0.10930,0.07435,0.07684,0.42373,0.13916,0.02443,0.02733,0.12485
0.04870,0.04378,0.12682,0.13701,0.42995,0.10850,0.04074,0.06450
0.13378,0.09156,0.09005,0.16379,0.22303,0.08218,0.08479,0.13082
0.16779,0.05419,0.08158,0.13482,0.14375,0.26620,0.10735,0.04430
0.07193,0.05881,0.22394,0.21802,0.13208,0.11227,0.05622,0.12673
0.31380,0.02956,0.05737,0.22570,0.19036,0.03749,0.03698,0.10874
0.10155,0.03138,0.06318,0.31523,0.29521,0.04998,0.03223,0.11124
0.16695,0.05432,0.30174,0.16360,0.08760,0.07978,0.06989,0.07612
0.08015,0.04744,0.15158,0.19935,0.27102,0.05814,0.04663,0.14569
0.53541,0.03772,0.11590,0.09593,0.06047,0.05817,0.04674,0.04966
0.23423,0.11660,0.12492,0.12846,0.12754,0.13289,0.08196,0.05340
0.06677,0.05859,0.15961,0.27209,0.13531,0.04151,0.03506,0.23107
0.15758,0.07136,0.06904,0.13602,0.30637,0.09779,0.07965,0.08220
0.18944,0.03921,0.11610,0.20916,0.22507,0.05956,0.04840,0.11305
0.12454,0.08726,0.08794,0.19745,0.22065,0.07996,0.08418,0.11802
0.16666,0.09720,0.23976,0.12481,0.10331,0.12050,0.10455,0.04319
0.36933,0.05319,0.08785,0.14097,0.13661,0.06975,0.06610,0.07620
0.43737,0.03634,0.04177,0.21136,0.10798,0.02542,0.03391,0.10584
0.21106,0.21504,0.07662,0.12028,0.14429,0.05856,0.07681,0.09734
0.07902,0.04431,0.11827,0.17476,0.13959,0.04039,0.03612,0.36754
0.06638,0.14395,0.24755,0.09204,0.14191,0.15547,0.09931,0.05339
0.07626,0.11208,0.07065,0.15032,0.30876,0.05696,0.11160,0.11336
0.08137,0.38834,0.07322,0.11498,0.11483,0.03390,0.05497,0.13838
0.02729,0.11345,0.06943,0.15324,0.35921,0.03368,0.02146,0.22224
0.18011,0.04567,0.05599,0.23317,0.18626,0.03875,0.06296,0.19709
0.11739,0.09300,0.27543,0.09086,0.14605,0.13981,0.06387,0.07359
0.15916,0.08539,0.14068,0.25439,0.15067,0.05322,0.05784,0.09865
0.02400,0.05942,0.04273,0.32666,0.28085,0.01668,0.01396,0.23571
0.36150,0.06931,0.05862,0.13633,0.13981,0.04202,0.06944,0.12298
0.11133,0.08768,0.09057,0.25924,0.16702,0.04794,0.08539,0.15084
0.08339,0.11662,0.10612,0.16531,0.18777,0.07234,0.12459,0.14386
0.10802,0.08328,0.08075,0.22635,0.14139,0.03776,0.06585,0.25659
0.15612,0.05955,0.11437,0.22971,0.16126,0.09884,0.06712,0.11303
0.16600,0.12016,0.06980,0.12434,0.20150,0.10337,0.13622,0.07861
0.13485,0.15958,0.08579,0.13234,0.19308,0.06224,0.10642,0.12569
0.49740,0.03558,0.08644,0.14426,0.09202,0.05045,0.03888,0.05496
0.18601,0.07436,0.10396,0.15814,0.16868,0.08642,0.06507,0.15737
0.11067,0.04364,0.07534,0.33706,0.15927,0.04251,0.04498,0.18653
0.30572,0.07040,0.07772,0.12159,0.16642,0.05318,0.08707,0.11789
0.06918,0.32392,0.15656,0.09223,0.09597,0.08008,0.08000,0.10205
0.05033,0.04213,0.21348,0.14544,0.38927,0.06821,0.02548,0.06566
0.11866,0.05370,0.04399,0.26826,0.24855,0.02929,0.04355,0.19399
0.26753,0.05217,0.09554,0.22268,0.15533,0.05238,0.04196,0.11242
0.07485,0.05932,0.24543,0.12626,0.17550,0.21049,0.05434,0.05381
0.10834,0.04469,0.22296,0.20956,0.19317,0.10953,0.03809,0.07366
0.12089,0.05058,0.08577,0.29759,0.20492,0.07685,0.07197,0.09145
0.09820,0.09393,0.19669,0.13891,0.23616,0.12830,0.05129,0.05652
0.07211,0.09905,0.35568,0.12467,0.08982,0.10687,0.07748,0.07432
0.47172,0.08210,0.06201,0.15686,0.07126,0.03187,0.05146,0.07274
0.14233,0.07102,0.04410,0.21442,0.30078,0.06014,0.08498,0.08222
0.10110,0.07791,0.14303,0.16884,0.16335,0.20651,0.07174,0.06751
0.09066,0.05826,0.29836,0.15964,0.13871,0.14268,0.06393,0.04775
0.08813,0.05817,0.16196,0.11185,0.17325,0.25748,0.10636,0.04280
0.14056,0.06034,0.06365,0.16431,0.38969,0.05225,0.04633,0.08287
0.05902,0.02734,0.16797,0.42672,0.12040,0.04635,0.03043,0.12178
0.36147,0.04819,0.03153,0.09958,0.32818,0.02671,0.03987,0.06446
0.16538,0.05658,0.07079,0.29573,0.13303,0.03995,0.05188,0.18665
0.09609,0.09168,0.08456,0.21145,0.30002,0.05183,0.03140,0.13297
0.32492,0.10697,0.10339,0.18160,0.06886,0.05376,0.08061,0.07988
0.25581,0.07252,0.07681,0.20468,0.09059,0.03030,0.06743,0.20187
0.07572,0.23773,0.10036,0.10872,0.21285,0.08820,0.07854,0.09787
0.27648,0.07512,0.07950,0.16667,0.13651,0.06705,0.11336,0.08530
0.04572,0.05927,0.14355,0.13013,0.28344,0.08877,0.04179,0.20733
0.23796,0.04103,0.12223,0.26858,0.13924,0.04436,0.07526,0.07133
0.39555,0.04859,0.04152,0.17745,0.14139,0.03554,0.05535,0.10461
0.37894,0.05963,0.09181,0.09715,0.12748,0.09288,0.08563,0.06648
0.07090,0.10885,0.14317,0.20538,0.18383,0.07190,0.05692,0.15904
0.09251,0.04156,0.04805,0.25361,0.25860,0.02204,0.02370,0.25993
0.13997,0.07322,0.08683,0.16997,0.27100,0.07901,0.07852,0.10148
0.15004,0.11348,0.21181,0.20371,0.08437,0.05073,0.06781,0.11805
0.08998,0.05295,0.16865,0.24527,0.12200,0.04948,0.04507,0.22660
0.23735,0.04654,0.04160,0.28863,0.19389,0.03081,0.04383,0.11735
0.09434,0.14305,0.05349,0.18166,0.35186,0.04513,0.03985,0.09061
0.05346,0.03057,0.04850,0.21280,0.47994,0.03146,0.02597,0.11730
0.13850,0.03267,0.08673,0.28304,0.13100,0.03478,0.03199,0.26129
0.31115,0.03244,0.13927,0.23919,0.09501,0.04049,0.03975,0.10270
0.15829,0.05977,0.14244,0.21253,0.12770,0.07389,0.09040,0.13498
0.10984,0.10539,0.15635,0.15936,0.22120,0.06180,0.03891,0.14715
0.04407,0.06234,0.10895,0.09012,0.51098,0.09182,0.04387,0.04785
0.28776,0.06589,0.04889,0.19732,0.21780,0.03693,0.03955,0.10585
0.11962,0.09831,0.41417,0.10125,0.04863,0.07187,0.09005,0.05608
0.12524,0.07600,0.14492,0.20012,0.12062,0.12896,0.10054,0.10361
