0.02509,0.08303,0.03270,0.02086,0.09458,0.02293,0.09600,0.01788,0.02007,0.22307,0.01821,0.08974,0.02044,0.01592,0.02669,0.08933,0.02379,0.02374,0.02067,0.03527
0.03679,0.08052,0.05254,0.02504,0.09967,0.02440,0.11796,0.05961,0.02459,0.07367,0.06946,0.10051,0.02934,0.01726,0.02353,0.06802,0.02352,0.02460,0.01907,0.02993
0.03356,0.07751,0.04009,0.03370,0.20537,0.03182,0.13421,0.01923,0.03668,0.03793,0.01889,0.03183,0.03152,0.03420,0.03303,0.07287,0.02376,0.03238,0.03001,0.04140
0.03037,0.06456,0.03658,0.03171,0.12291,0.02943,0.10630,0.06965,0.03314,0.06421,0.06200,0.03478,0.02446,0.02798,0.04123,0.07832,0.04060,0.03802,0.03084,0.03291
0.02328,0.14039,0.03838,0.02203,0.14203,0.02355,0.10993,0.02650,0.02922,0.12342,0.02323,0.05500,0.02141,0.02190,0.02125,0.08947,0.02029,0.01951,0.01864,0.03057
0.02134,0.08002,0.02176,0.01765,0.23161,0.01691,0.22519,0.04780,0.01929,0.03345,0.05487,0.03713,0.01828,0.01401,0.01966,0.06526,0.01664,0.01938,0.01705,0.02269
0.02926,0.06120,0.03087,0.03888,0.20914,0.04063,0.15519,0.03122,0.03205,0.03486,0.03247,0.05064,0.03208,0.01990,0.01983,0.05925,0.03004,0.03175,0.02177,0.03896
0.02416,0.10296,0.03833,0.02141,0.10830,0.02393,0.09260,0.04957,0.02520,0.07025,0.04777,0.09486,0.03875,0.01507,0.02540,0.10185,0.02394,0.03680,0.02578,0.03307
0.02860,0.09336,0.03279,0.02860,0.12370,0.02845,0.10043,0.04261,0.04503,0.02473,0.04826,0.03150,0.04896,0.05255,0.03542,0.09654,0.02680,0.04318,0.03457,0.03394
0.01825,0.04439,0.02415,0.01453,0.33582,0.01545,0.23752,0.02831,0.01931,0.04480,0.02262,0.03530,0.01755,0.01510,0.01799,0.04032,0.01427,0.01630,0.01569,0.02232
0.02799,0.04400,0.02384,0.02414,0.27041,0.02656,0.19892,0.02140,0.02848,0.04575,0.01991,0.03805,0.02433,0.02433,0.02687,0.04368,0.02676,0.03054,0.02590,0.02815
0.03335,0.03353,0.04387,0.03208,0.15657,0.02898,0.14681,0.01644,0.02657,0.08071,0.01632,0.10260,0.04059,0.02201,0.03490,0.04095,0.02526,0.04052,0.03650,0.04142
0.02391,0.04162,0.01925,0.02572,0.05758,0.02553,0.06143,0.28525,0.01635,0.05424,0.15946,0.04140,0.01663,0.01288,0.02490,0.04580,0.02281,0.02109,0.01793,0.02624
0.02851,0.05155,0.02692,0.02350,0.15234,0.02435,0.10754,0.05088,0.03866,0.05734,0.03240,0.07096,0.04878,0.03150,0.05026,0.06365,0.03161,0.03701,0.03433,0.03791
0.03429,0.11196,0.04589,0.03194,0.09735,0.03947,0.11112,0.04686,0.04465,0.03472,0.05423,0.04063,0.03456,0.02779,0.02904,0.08011,0.03659,0.03346,0.03047,0.03488
0.03063,0.05832,0.03671,0.02366,0.12552,0.02250,0.18390,0.01120,0.02059,0.15486,0.01188,0.09328,0.02186,0.01524,0.02476,0.06056,0.02888,0.02114,0.02441,0.03010
0.02113,0.08462,0.02555,0.01647,0.23800,0.01739,0.21831,0.01500,0.01963,0.08027,0.01578,0.04963,0.01958,0.01498,0.01912,0.06862,0.01762,0.01889,0.01615,0.02326
0.02038,0.19754,0.01669,0.01741,0.17108,0.01645,0.25199,0.01727,0.01443,0.02691,0.01961,0.02644,0.01684,0.01232,0.01674,0.09206,0.01586,0.01681,0.01490,0.01828
0.03715,0.06740,0.04886,0.03345,0.09382,0.02911,0.11822,0.02552,0.02139,0.14125,0.02480,0.09303,0.02435,0.01747,0.02797,0.07867,0.02501,0.02379,0.02208,0.04666
0.04457,0.06093,0.02792,0.03892,0.16105,0.03851,0.11649,0.01648,0.04515,0.07547,0.01455,0.05592,0.02748,0.04069,0.03565,0.05440,0.04384,0.03560,0.02748,0.03891
0.02858,0.12244,0.03669,0.02326,0.06028,0.02623,0.06672,0.03080,0.01938,0.18119,0.02984,0.07095,0.01923,0.01419,0.02394,0.14240,0.02261,0.02481,0.02464,0.03184
0.02200,0.09601,0.01754,0.02537,0.20515,0.02801,0.29906,0.02903,0.01622,0.02429,0.03482,0.02919,0.01523,0.01164,0.01260,0.05849,0.01571,0.01678,0.01676,0.02608
0.02251,0.07053,0.02097,0.02215,0.16316,0.02282,0.21914,0.02938,0.01721,0.11351,0.02620,0.05937,0.01773,0.01432,0.02405,0.06715,0.02300,0.01939,0.01957,0.02784
0.02418,0.14094,0.05964,0.01918,0.10244,0.02354,0.10608,0.04030,0.02190,0.07443,0.03856,0.07030,0.02470,0.01494,0.02583,0.10196,0.02468,0.02927,0.02358,0.03355
0.03381,0.10914,0.02009,0.03203,0.14971,0.03593,0.10532,0.06477,0.02434,0.05389,0.06220,0.05144,0.02216,0.01873,0.02834,0.07850,0.02818,0.02311,0.02401,0.03429
0.03585,0.04332,0.04175,0.03302,0.18886,0.03448,0.16514,0.02348,0.05509,0.03149,0.02196,0.03527,0.02907,0.03758,0.03052,0.05291,0.03345,0.03432,0.02862,0.04382
0.03004,0.06512,0.03084,0.03026,0.13579,0.03682,0.11640,0.03448,0.03005,0.10945,0.02753,0.07854,0.02512,0.01987,0.03621,0.06415,0.04686,0.02404,0.02260,0.03584
0.02452,0.08997,0.02071,0.02209,0.19101,0.02270,0.20179,0.06832,0.02158,0.03115,0.04636,0.03062,0.01899,0.01840,0.02745,0.07174,0.02517,0.02205,0.01896,0.02642
0.02473,0.06163,0.02048,0.02804,0.21079,0.02741,0.20289,0.02113,0.02187,0.05733,0.01952,0.05393,0.02014,0.01844,0.02391,0.07105,0.02836,0.03228,0.02157,0.03451
0.01900,0.11979,0.01519,0.01613,0.11617,0.01703,0.10487,0.13605,0.01482,0.10334,0.08563,0.05067,0.01445,0.01171,0.02040,0.08476,0.01933,0.01808,0.01385,0.01874
0.02613,0.04645,0.02251,0.01826,0.33923,0.01808,0.21920,0.01800,0.02146,0.03042,0.01677,0.03575,0.02777,0.01901,0.02072,0.04276,0.01723,0.02029,0.01661,0.02335
0.03075,0.07300,0.05896,0.03052,0.04604,0.02506,0.04999,0.03922,0.02538,0.18076,0.04492,0.09519,0.02899,0.02034,0.03447,0.08391,0.02955,0.03630,0.02837,0.03827
0.02299,0.02463,0.02537,0.06964,0.15700,0.04291,0.10669,0.07654,0.02738,0.03660,0.05228,0.05157,0.03346,0.01976,0.03469,0.03071,0.02545,0.03468,0.02694,0.10069
0.02995,0.07118,0.03589,0.02380,0.16051,0.02041,0.11913,0.01770,0.02729,0.14842,0.01729,0.07981,0.02776,0.02310,0.03047,0.06317,0.02502,0.02235,0.02114,0.03560
0.04480,0.17181,0.02849,0.02965,0.08316,0.03198,0.09397,0.06239,0.02590,0.03725,0.06910,0.04060,0.02772,0.02541,0.03128,0.08613,0.03663,0.02396,0.02195,0.02782
0.03489,0.09630,0.02140,0.04502,0.07360,0.03299,0.08055,0.02940,0.02447,0.07889,0.02442,0.08655,0.03096,0.01928,0.05145,0.11257,0.04324,0.03594,0.03516,0.04293
0.03213,0.06569,0.03155,0.04246,0.12214,0.03435,0.11466,0.03356,0.03288,0.05855,0.02847,0.05595,0.03563,0.02139,0.05165,0.07495,0.03858,0.05124,0.03385,0.04033
0.03604,0.11226,0.02200,0.05430,0.12178,0.04745,0.13359,0.05231,0.02138,0.03917,0.04306,0.03817,0.02045,0.01702,0.03168,0.08257,0.02249,0.02746,0.02532,0.05149
0.02231,0.21118,0.02009,0.01710,0.10036,0.01588,0.13648,0.02880,0.01585,0.04998,0.03091,0.03447,0.01479,0.01203,0.02617,0.19309,0.01659,0.01657,0.01800,0.01934
0.02382,0.05455,0.03791,0.01402,0.03872,0.01569,0.04486,0.01587,0.01512,0.43786,0.01474,0.11447,0.01714,0.01141,0.01939,0.05185,0.01872,0.01392,0.01563,0.02432
0.01394,0.06168,0.01410,0.01600,0.17058,0.01625,0.18538,0.17317,0.01303,0.02984,0.11905,0.02425,0.01306,0.01188,0.01746,0.05636,0.01389,0.01610,0.01350,0.02048
0.03519,0.12225,0.03376,0.02320,0.08827,0.02232,0.09756,0.01658,0.02068,0.18573,0.01711,0.11765,0.01818,0.01397,0.01940,0.07893,0.02231,0.01805,0.01681,0.03208
0.02258,0.07423,0.02023,0.02495,0.19106,0.02689,0.13306,0.08285,0.01868,0.03824,0.10170,0.04879,0.02366,0.01249,0.02246,0.06317,0.02681,0.02217,0.01696,0.02902
0.03588,0.06570,0.02056,0.07248,0.12064,0.04404,0.17512,0.05044,0.02507,0.03844,0.04580,0.03056,0.02005,0.02139,0.02880,0.06287,0.02676,0.02594,0.02651,0.06295
0.02993,0.09406,0.03920,0.05338,0.11798,0.04986,0.10993,0.03399,0.02254,0.04193,0.03554,0.05956,0.02987,0.01529,0.02692,0.09298,0.01951,0.03116,0.02235,0.07402
0.02600,0.08956,0.03232,0.04890,0.08564,0.04599,0.07753,0.08575,0.02524,0.04454,0.06409,0.06285,0.03167,0.01981,0.02859,0.09927,0.02203,0.03759,0.02637,0.04625
0.02004,0.05627,0.01625,0.01957,0.32202,0.01753,0.18512,0.04057,0.01913,0.02836,0.03752,0.03080,0.02192,0.01733,0.03236,0.05208,0.02044,0.02233,0.01911,0.02125
0.03264,0.14170,0.02717,0.02140,0.10242,0.02278,0.09865,0.02827,0.02377,0.10038,0.03134,0.08149,0.02928,0.02334,0.03503,0.09271,0.03151,0.02581,0.02274,0.02757
0.02447,0.04354,0.02517,0.01820,0.24690,0.01720,0.20877,0.01576,0.02257,0.09668,0.01641,0.06917,0.02423,0.02229,0.02118,0.04336,0.01906,0.02114,0.01732,0.02659
0.02841,0.08307,0.06941,0.02107,0.14832,0.02068,0.14272,0.03603,0.03079,0.07391,0.03349,0.06168,0.03625,0.02658,0.02371,0.07189,0.02221,0.02427,0.01825,0.02726
0.03735,0.15064,0.02901,0.02973,0.12002,0.02785,0.13006,0.06174,0.02127,0.04942,0.07112,0.03771,0.01677,0.01586,0.02195,0.08725,0.02251,0.01918,0.01911,0.03145
0.03048,0.03761,0.07419,0.02756,0.15677,0.02856,0.10429,0.02376,0.03224,0.08764,0.02335,0.11656,0.04623,0.03018,0.02834,0.03735,0.02212,0.02513,0.02212,0.04552
0.01952,0.04031,0.02852,0.01715,0.12115,0.01632,0.10820,0.01640,0.01752,0.31575,0.01748,0.09086,0.01958,0.01638,0.02382,0.04864,0.01596,0.02343,0.01861,0.02439
0.02489,0.04759,0.03308,0.03279,0.09152,0.02607,0.08617,0.05628,0.02556,0.02750,0.05842,0.03174,0.04049,0.02499,0.05985,0.07461,0.01987,0.14465,0.05582,0.03811
0.02509,0.20112,0.02104,0.02774,0.07564,0.02244,0.08366,0.02129,0.02086,0.06651,0.02051,0.05233,0.02130,0.01641,0.04046,0.17438,0.02814,0.02863,0.02411,0.02833
0.01931,0.05509,0.01930,0.01639,0.33128,0.01666,0.23399,0.01600,0.01680,0.04721,0.01312,0.03523,0.01890,0.01467,0.02177,0.05369,0.01760,0.01934,0.01403,0.01963
0.01819,0.15950,0.04642,0.01815,0.14003,0.02056,0.10520,0.03943,0.02313,0.04872,0.02961,0.06109,0.02784,0.01670,0.02425,0.12737,0.01955,0.02781,0.01916,0.02729
0.02336,0.09796,0.01864,0.02372,0.08459,0.02199,0.08323,0.01899,0.01739,0.14021,0.01548,0.07961,0.01981,0.01429,0.04722,0.16197,0.03067,0.04002,0.03071,0.03014
0.02003,0.29066,0.01467,0.01841,0.11739,0.01887,0.09404,0.03419,0.01788,0.07055,0.02503,0.03847,0.01675,0.01613,0.02417,0.11470,0.01767,0.01540,0.01378,0.02121
0.03390,0.09056,0.02207,0.03889,0.10020,0.03064,0.11557,0.07565,0.02535,0.03409,0.08213,0.02688,0.01725,0.02051,0.04404,0.11660,0.03050,0.03481,0.03245,0.02792
0.02675,0.07861,0.02199,0.02846,0.12858,0.02717,0.09699,0.06215,0.02720,0.09942,0.03932,0.05939,0.02679,0.02189,0.05014,0.08996,0.04096,0.02380,0.01908,0.03137
0.01920,0.11119,0.01309,0.01932,0.26699,0.01993,0.19943,0.04672,0.01788,0.02837,0.03236,0.02227,0.01537,0.01538,0.02195,0.08004,0.01875,0.01773,0.01470,0.01935
0.01788,0.08786,0.01711,0.02517,0.23687,0.02389,0.12274,0.03653,0.02463,0.04592,0.02470,0.03942,0.02203,0.01908,0.03227,0.10982,0.02753,0.03208,0.02571,0.02876
0.02388,0.05839,0.01717,0.02343,0.24810,0.02298,0.22195,0.02889,0.01882,0.06602,0.02785,0.04196,0.01706,0.01498,0.02568,0.05486,0.02085,0.02176,0.01730,0.02806
0.03259,0.07670,0.05216,0.03719,0.12933,0.03711,0.10067,0.03424,0.03362,0.08119,0.03681,0.07230,0.02975,0.01984,0.03092,0.08087,0.02783,0.02472,0.02294,0.03923
0.02591,0.05654,0.03771,0.02331,0.21754,0.02555,0.10666,0.02283,0.03991,0.09543,0.02151,0.08865,0.03761,0.02487,0.02447,0.05444,0.02663,0.01997,0.01857,0.03192
0.02103,0.08612,0.01751,0.02258,0.25027,0.02088,0.20112,0.04876,0.01798,0.02841,0.04436,0.02663,0.01797,0.01626,0.02384,0.06878,0.01941,0.02326,0.02020,0.02463
0.03609,0.07395,0.03914,0.02633,0.08121,0.02758,0.10269,0.02879,0.02424,0.14449,0.02851,0.09851,0.02608,0.01736,0.03820,0.08609,0.03382,0.02814,0.02604,0.03274
0.02852,0.04978,0.02717,0.02743,0.17424,0.02441,0.17475,0.02933,0.02865,0.04847,0.02849,0.03880,0.02746,0.02132,0.05614,0.06478,0.03270,0.04394,0.03948,0.03413
0.02870,0.04695,0.02779,0.03597,0.15356,0.03738,0.14735,0.07184,0.02768,0.03833,0.06027,0.04387,0.02567,0.02193,0.03790,0.05008,0.03046,0.03531,0.02688,0.05208
0.02153,0.13182,0.01892,0.02366,0.06903,0.02148,0.06091,0.02241,0.01654,0.24576,0.01731,0.07977,0.01851,0.01244,0.02957,0.11879,0.02133,0.01961,0.01707,0.03355
0.03448,0.08311,0.02468,0.03668,0.08214,0.03010,0.08264,0.11718,0.03687,0.03261,0.07649,0.03166,0.02361,0.03154,0.05895,0.08645,0.03640,0.03396,0.02831,0.03214
0.04110,0.04900,0.03161,0.06324,0.07603,0.07486,0.06506,0.02787,0.03782,0.06655,0.02540,0.09366,0.03965,0.02373,0.03895,0.06002,0.03661,0.04531,0.03208,0.07143
0.02245,0.04653,0.02046,0.02454,0.07470,0.01716,0.06913,0.02504,0.02554,0.05682,0.01923,0.03728,0.02572,0.02508,0.27400,0.07208,0.02649,0.06506,0.04693,0.02575
0.02813,0.09018,0.04671,0.03291,0.10908,0.03297,0.08726,0.04859,0.04373,0.04752,0.03536,0.04756,0.03577,0.02676,0.03026,0.09520,0.03266,0.04499,0.03097,0.05340
0.03268,0.23160,0.03159,0.02210,0.04824,0.02186,0.06891,0.03103,0.01378,0.12051,0.04644,0.05005,0.01461,0.01096,0.02245,0.14374,0.02007,0.02019,0.02069,0.02850
0.04178,0.05674,0.04328,0.03412,0.15010,0.03591,0.20112,0.02554,0.02594,0.04711,0.02626,0.06511,0.02942,0.01747,0.03208,0.05003,0.02915,0.02621,0.02675,0.03587
0.02629,0.04182,0.02416,0.03565,0.15246,0.03113,0.15946,0.02412,0.02992,0.09043,0.02045,0.06133,0.02654,0.02009,0.04281,0.05584,0.02985,0.05067,0.03290,0.04409
0.04137,0.04615,0.05555,0.02616,0.13161,0.02581,0.11801,0.01925,0.05197,0.05141,0.02165,0.05222,0.05095,0.05848,0.04033,0.04706,0.04530,0.04874,0.03588,0.03209
0.02836,0.07450,0.02799,0.01996,0.18805,0.01922,0.24249,0.02557,0.02897,0.03924,0.02323,0.03926,0.02725,0.01951,0.03091,0.06476,0.02921,0.02557,0.02138,0.02456
0.04376,0.08880,0.07305,0.02516,0.14011,0.02542,0.22503,0.02003,0.02420,0.05736,0.02551,0.05238,0.02050,0.01744,0.01710,0.06195,0.02090,0.01714,0.01834,0.02581
0.02670,0.03557,0.03204,0.02811,0.12671,0.03341,0.13144,0.13589,0.02962,0.03598,0.10585,0.03510,0.02790,0.02769,0.03161,0.03833,0.02562,0.03076,0.02965,0.03204
0.03035,0.15373,0.02057,0.02268,0.11102,0.02526,0.09385,0.07291,0.02055,0.07328,0.06673,0.05768,0.02018,0.01813,0.02336,0.10170,0.02387,0.01898,0.02067,0.02450
0.02429,0.08068,0.01862,0.01902,0.12591,0.02059,0.10863,0.01815,0.02094,0.20972,0.01553,0.09859,0.01896,0.01344,0.02456,0.07972,0.03084,0.02632,0.01915,0.02633
0.02031,0.05589,0.02868,0.01484,0.21148,0.01493,0.33091,0.01957,0.01535,0.04429,0.02013,0.06577,0.01980,0.01242,0.01708,0.04501,0.01484,0.01529,0.01390,0.01951
0.02221,0.08588,0.01646,0.01875,0.25973,0.01928,0.18425,0.02772,0.02401,0.04528,0.02529,0.05317,0.02019,0.01650,0.02261,0.07168,0.02240,0.02440,0.01704,0.02315
0.03791,0.06171,0.04685,0.03409,0.14043,0.02816,0.10770,0.03083,0.03410,0.07146,0.03016,0.07459,0.05652,0.03312,0.03950,0.06216,0.02667,0.02488,0.02550,0.03364
0.02622,0.22021,0.02378,0.02068,0.08779,0.02031,0.10182,0.01771,0.02059,0.08511,0.01830,0.05025,0.02289,0.01826,0.02730,0.14557,0.02003,0.02353,0.02411,0.02553
0.02600,0.14327,0.02409,0.02792,0.14040,0.02727,0.12682,0.01701,0.02512,0.08489,0.01625,0.05261,0.02212,0.01831,0.02759,0.11931,0.02043,0.02816,0.02139,0.03105
0.01627,0.15590,0.01405,0.01512,0.27461,0.01575,0.15723,0.01867,0.01657,0.03886,0.01502,0.03268,0.01747,0.01458,0.02294,0.10126,0.01642,0.02097,0.01678,0.01884
0.01646,0.11305,0.01934,0.01407,0.24659,0.01380,0.23180,0.02883,0.01773,0.03353,0.02381,0.03726,0.01719,0.01427,0.01980,0.08667,0.01538,0.01876,0.01397,0.01766
0.01802,0.08734,0.02030,0.01734,0.18458,0.01737,0.22535,0.06963,0.01849,0.04157,0.06241,0.03918,0.01725,0.01294,0.02253,0.06700,0.01901,0.02066,0.01665,0.02235
0.03565,0.11142,0.04792,0.02006,0.14322,0.01962,0.16559,0.02864,0.02220,0.05596,0.03446,0.08515,0.02768,0.01611,0.02136,0.07369,0.01861,0.02171,0.02084,0.03012
0.02777,0.11273,0.04054,0.02025,0.11172,0.02322,0.09061,0.02504,0.03780,0.07009,0.02251,0.09034,0.06134,0.03289,0.03246,0.08037,0.04476,0.02544,0.02706,0.02308
0.04849,0.03535,0.08642,0.04005,0.06594,0.03783,0.07078,0.05482,0.03249,0.06994,0.06640,0.11059,0.03754,0.02182,0.03995,0.04032,0.03866,0.03133,0.03113,0.04016
0.03051,0.06658,0.03315,0.02771,0.10882,0.02813,0.11350,0.07168,0.03126,0.05663,0.12391,0.06874,0.02535,0.02156,0.02283,0.05413,0.02503,0.02727,0.02107,0.04214
0.03543,0.03982,0.03699,0.02538,0.15800,0.02598,0.21999,0.03726,0.01938,0.11832,0.03954,0.05362,0.01737,0.01535,0.02158,0.03825,0.02371,0.02046,0.01967,0.03392
0.02909,0.05497,0.02127,0.03089,0.22656,0.02512,0.16766,0.03646,0.02824,0.04901,0.03175,0.03771,0.02239,0.02324,0.03319,0.06350,0.03057,0.03220,0.02591,0.03029
0.03342,0.02755,0.03545,0.03100,0.20483,0.02569,0.18610,0.02078,0.02858,0.10473,0.02046,0.07290,0.02052,0.01993,0.02771,0.03085,0.02540,0.02528,0.02193,0.03688
0.03548,0.14269,0.03299,0.03588,0.09760,0.03189,0.10271,0.01653,0.03557,0.07111,0.01564,0.05101,0.02178,0.02690,0.02555,0.12707,0.03203,0.02981,0.02571,0.04205
