0.10366,0.05170,0.03622,0.04973,0.02268,0.20612,0.07237,0.04883,0.02951,0.02229,0.10138,0.03009,0.03168,0.02529,0.02767,0.02834,0.03864,0.02245,0.02488,0.02645
0.04109,0.08577,0.03499,0.06553,0.02842,0.05138,0.13119,0.07017,0.03600,0.02788,0.11781,0.03558,0.05201,0.03095,0.02922,0.02675,0.03587,0.03413,0.03061,0.03466
0.17075,0.04385,0.02985,0.03555,0.04344,0.10870,0.03930,0.04118,0.05894,0.03822,0.03306,0.04033,0.05081,0.04646,0.03950,0.03011,0.04065,0.02934,0.03394,0.04603
0.20581,0.03638,0.03204,0.03694,0.03851,0.16356,0.03594,0.03821,0.04287,0.02854,0.03286,0.03464,0.03620,0.03772,0.03279,0.03291,0.03413,0.02509,0.03448,0.04040
0.11499,0.04147,0.04352,0.04162,0.03855,0.14216,0.04499,0.03653,0.03877,0.05451,0.05158,0.04648,0.04155,0.03936,0.04699,0.03254,0.03163,0.03384,0.02825,0.05067
0.08784,0.05514,0.04015,0.04940,0.08911,0.06679,0.03742,0.02943,0.03345,0.05665,0.04582,0.06310,0.07515,0.03841,0.04806,0.03025,0.01966,0.03719,0.03374,0.06324
0.07824,0.10999,0.02899,0.06363,0.04331,0.07948,0.07060,0.05670,0.03092,0.02583,0.06363,0.04026,0.04135,0.03618,0.04188,0.02549,0.03285,0.03577,0.04453,0.05038
0.18436,0.03576,0.03354,0.02773,0.02453,0.27264,0.04384,0.03232,0.02849,0.03091,0.03995,0.03185,0.02679,0.02684,0.03346,0.02667,0.02778,0.02057,0.02109,0.03090
0.08113,0.05515,0.04151,0.05194,0.03819,0.09663,0.06330,0.05233,0.03753,0.03471,0.05193,0.04392,0.04097,0.04514,0.05716,0.03562,0.03203,0.03776,0.05382,0.04924
0.12535,0.04177,0.03538,0.04274,0.02011,0.26103,0.06270,0.04216,0.02804,0.02491,0.05436,0.02881,0.02360,0.02827,0.02990,0.02634,0.04013,0.02917,0.02418,0.03105
0.15429,0.04362,0.04215,0.02985,0.03497,0.16968,0.03260,0.03202,0.03519,0.05087,0.04512,0.03849,0.03867,0.03122,0.06408,0.03077,0.02473,0.02638,0.02697,0.04832
0.13922,0.03469,0.03001,0.03957,0.02780,0.17577,0.09282,0.04418,0.04331,0.02613,0.05137,0.04353,0.03868,0.04111,0.02282,0.03145,0.03327,0.02530,0.03096,0.02803
0.07262,0.06240,0.05787,0.04594,0.03243,0.08372,0.03990,0.05096,0.03979,0.03915,0.05284,0.04160,0.04011,0.04384,0.08052,0.03287,0.04091,0.03845,0.03121,0.07290
0.10643,0.05630,0.03278,0.05050,0.03195,0.14366,0.07224,0.05875,0.04372,0.02730,0.06059,0.03483,0.04715,0.03021,0.03157,0.03085,0.03820,0.03534,0.03234,0.03528
0.06219,0.07057,0.03295,0.05582,0.02814,0.06686,0.10353,0.07523,0.04218,0.03185,0.09120,0.04277,0.05706,0.03704,0.03467,0.03025,0.03601,0.03262,0.03115,0.03791
0.06252,0.06381,0.04574,0.06015,0.03491,0.08062,0.04767,0.07724,0.04261,0.03325,0.07123,0.03716,0.03678,0.03908,0.04270,0.03415,0.05524,0.03523,0.03571,0.06420
0.06699,0.03824,0.03571,0.05596,0.02532,0.12249,0.15477,0.05313,0.03694,0.03556,0.08687,0.03108,0.03172,0.02883,0.02487,0.03440,0.04784,0.02885,0.02972,0.03071
0.13165,0.03410,0.04044,0.03565,0.03513,0.13706,0.05145,0.03156,0.05573,0.04468,0.03391,0.05111,0.03770,0.04813,0.03160,0.04152,0.03746,0.03310,0.04390,0.04413
0.08982,0.04372,0.04401,0.02974,0.05387,0.08169,0.03381,0.04120,0.05273,0.05105,0.03118,0.04910,0.04997,0.06354,0.06355,0.03892,0.03996,0.03906,0.03812,0.06497
0.09466,0.05876,0.03876,0.05958,0.03057,0.12414,0.05641,0.05660,0.03911,0.03491,0.06004,0.03493,0.04038,0.03369,0.03996,0.03223,0.03913,0.03952,0.04093,0.04570
0.09057,0.03758,0.03894,0.04023,0.02795,0.10835,0.04718,0.04992,0.06848,0.04612,0.04246,0.03746,0.03390,0.05055,0.03853,0.03580,0.08991,0.03289,0.03325,0.04992
0.03521,0.08673,0.03873,0.07649,0.03518,0.04092,0.07927,0.07563,0.04549,0.03467,0.08741,0.04037,0.05105,0.03771,0.04218,0.02809,0.04493,0.03536,0.03255,0.05207
0.10588,0.06119,0.02777,0.03967,0.03472,0.12953,0.06548,0.06495,0.04852,0.03009,0.04293,0.03939,0.04257,0.04145,0.03279,0.02994,0.04976,0.03265,0.03913,0.04159
0.08512,0.02658,0.06542,0.03604,0.03574,0.10441,0.03238,0.03190,0.04501,0.09464,0.03737,0.04387,0.03062,0.04364,0.06539,0.05529,0.03231,0.03205,0.03299,0.06921
0.04519,0.05963,0.03727,0.07910,0.05232,0.04794,0.07685,0.05295,0.03815,0.03187,0.08149,0.04968,0.05398,0.04534,0.04565,0.02667,0.02512,0.03371,0.04432,0.07275
0.03986,0.07502,0.03866,0.07501,0.03666,0.04729,0.07361,0.09615,0.04361,0.02632,0.06413,0.04099,0.04012,0.04889,0.03712,0.03478,0.05185,0.04087,0.04263,0.04644
0.04351,0.11005,0.02929,0.06876,0.03109,0.04834,0.11217,0.08455,0.03534,0.02767,0.07361,0.03700,0.05351,0.03657,0.03452,0.02598,0.03407,0.03600,0.03381,0.04415
0.05801,0.04416,0.04381,0.05690,0.03097,0.07172,0.08517,0.06560,0.05676,0.03824,0.06505,0.04484,0.04150,0.04919,0.03339,0.04397,0.05676,0.03024,0.04105,0.04266
0.15354,0.03120,0.02939,0.03069,0.02888,0.29710,0.03699,0.03214,0.03229,0.02924,0.03778,0.03094,0.02649,0.02623,0.03195,0.02939,0.03368,0.02476,0.02432,0.03300
0.13764,0.03209,0.03350,0.03183,0.02674,0.21648,0.06027,0.03478,0.04615,0.04776,0.04330,0.03775,0.03689,0.02658,0.02646,0.03138,0.04650,0.02410,0.02819,0.03163
0.04664,0.06693,0.04683,0.05713,0.07778,0.04672,0.03427,0.03659,0.03791,0.04609,0.04268,0.05225,0.05564,0.04867,0.06269,0.02870,0.02382,0.04054,0.04033,0.10778
0.05596,0.06997,0.04289,0.05841,0.05553,0.05302,0.04431,0.05403,0.04196,0.04055,0.04751,0.05167,0.05554,0.05676,0.04925,0.03134,0.03341,0.04058,0.04217,0.07515
0.06005,0.10558,0.02368,0.03594,0.10126,0.03957,0.02942,0.03086,0.03845,0.03095,0.04080,0.07025,0.11119,0.05263,0.06284,0.01971,0.02037,0.02541,0.03629,0.06474
0.11851,0.06146,0.03607,0.05118,0.03613,0.12500,0.05187,0.05589,0.03520,0.03080,0.06026,0.04052,0.04480,0.03447,0.03877,0.03249,0.03632,0.02944,0.03402,0.04681
0.19342,0.03729,0.03074,0.02974,0.02602,0.22800,0.05027,0.03183,0.03159,0.03166,0.03794,0.03749,0.03262,0.02833,0.03748,0.02211,0.02919,0.02731,0.02461,0.03235
0.06166,0.04607,0.06545,0.04436,0.04151,0.07599,0.03710,0.04530,0.04373,0.06267,0.04372,0.03734,0.04201,0.04821,0.05871,0.04418,0.04757,0.03859,0.03828,0.07756
0.11277,0.03236,0.03403,0.04097,0.02966,0.22163,0.04323,0.03885,0.03998,0.04370,0.04052,0.03894,0.03738,0.03159,0.02873,0.04794,0.04220,0.03136,0.03308,0.03109
0.11338,0.03656,0.04164,0.04391,0.02690,0.15875,0.05108,0.06015,0.04197,0.03716,0.05711,0.03202,0.03566,0.03735,0.03491,0.03721,0.05013,0.03202,0.03209,0.04003
0.12610,0.05458,0.03715,0.04489,0.03443,0.15615,0.06732,0.04810,0.03538,0.02933,0.04914,0.04613,0.04383,0.03456,0.02737,0.03080,0.03858,0.03058,0.02922,0.03635
0.20900,0.03841,0.02600,0.03026,0.02915,0.23099,0.04287,0.03968,0.03546,0.02768,0.04142,0.03336,0.03415,0.02872,0.02840,0.02186,0.02771,0.02170,0.02292,0.03025
0.12958,0.02884,0.04192,0.02908,0.02219,0.24899,0.03815,0.03098,0.03712,0.05096,0.04622,0.03167,0.02917,0.03143,0.03729,0.03497,0.04195,0.02838,0.02396,0.03717
0.15234,0.04060,0.04087,0.03239,0.03358,0.17383,0.03703,0.03494,0.04002,0.03532,0.03642,0.04188,0.03463,0.04086,0.04778,0.02728,0.03757,0.03253,0.03119,0.04896
0.05530,0.06050,0.03828,0.06427,0.03055,0.07067,0.06961,0.07582,0.05188,0.03818,0.06893,0.03901,0.04623,0.04317,0.03892,0.03473,0.05394,0.03480,0.03555,0.04968
0.12117,0.05154,0.03727,0.05839,0.02952,0.14639,0.08966,0.04749,0.03068,0.02465,0.07649,0.03769,0.04263,0.02521,0.02708,0.03183,0.03076,0.02714,0.03232,0.03210
0.12401,0.05373,0.04148,0.04865,0.03679,0.12839,0.05133,0.04683,0.03344,0.03521,0.05368,0.03857,0.04406,0.03146,0.03985,0.03272,0.03592,0.03319,0.03789,0.05282
0.10138,0.04101,0.04420,0.03526,0.02669,0.12194,0.04042,0.04215,0.06284,0.05027,0.04256,0.03527,0.03420,0.04461,0.05117,0.03507,0.07788,0.03285,0.02753,0.05270
0.08044,0.07168,0.05308,0.04705,0.04623,0.08190,0.03303,0.05077,0.03623,0.04263,0.04964,0.03971,0.04069,0.03993,0.08659,0.02821,0.03356,0.03657,0.03457,0.06750
0.13958,0.05264,0.03694,0.03660,0.03048,0.16104,0.04371,0.04861,0.03864,0.03425,0.04809,0.03796,0.03932,0.03746,0.04318,0.02857,0.03865,0.03065,0.03267,0.04096
0.03349,0.06926,0.04840,0.09149,0.06569,0.03684,0.04240,0.03818,0.03288,0.04606,0.06241,0.05335,0.06574,0.04222,0.04667,0.02988,0.02402,0.04172,0.03494,0.09438
0.06188,0.09583,0.04064,0.05144,0.05501,0.05654,0.04627,0.04709,0.03708,0.04305,0.06471,0.05132,0.07133,0.04437,0.05398,0.02748,0.02894,0.03192,0.03079,0.06033
0.06280,0.05498,0.04056,0.05259,0.03489,0.07054,0.08302,0.06030,0.04491,0.03689,0.05712,0.04588,0.04672,0.05207,0.03570,0.04082,0.04436,0.04105,0.04675,0.04805
0.14274,0.04071,0.03322,0.03697,0.02805,0.18938,0.04986,0.04994,0.03965,0.03115,0.04837,0.03384,0.02711,0.03535,0.03296,0.03046,0.05395,0.02792,0.02948,0.03890
0.07214,0.05129,0.05756,0.04133,0.04051,0.07732,0.04136,0.05132,0.03804,0.04940,0.05051,0.04003,0.04055,0.04521,0.07383,0.03926,0.03709,0.04253,0.03208,0.07862
0.06077,0.06948,0.04828,0.06880,0.02774,0.08279,0.07157,0.07650,0.03741,0.03066,0.09496,0.03771,0.03808,0.03103,0.03962,0.03446,0.04957,0.03083,0.03175,0.03800
0.12015,0.06037,0.03461,0.04580,0.03993,0.10671,0.05217,0.05454,0.03847,0.02987,0.04400,0.04031,0.04296,0.04228,0.04420,0.02997,0.03858,0.03378,0.04693,0.05439
0.13500,0.04571,0.04455,0.03067,0.03638,0.14252,0.03504,0.03871,0.04148,0.04258,0.03561,0.03813,0.03527,0.04370,0.06282,0.03649,0.03899,0.03068,0.03263,0.05303
0.17876,0.04676,0.02519,0.02993,0.02267,0.25212,0.04639,0.04587,0.03115,0.02615,0.04447,0.03043,0.04118,0.02590,0.03196,0.02219,0.02721,0.02209,0.02255,0.02704
0.13871,0.04732,0.03812,0.04538,0.03945,0.09671,0.06755,0.03990,0.03524,0.03145,0.06773,0.04663,0.06046,0.03758,0.04523,0.02937,0.02207,0.02877,0.03842,0.04392
0.10476,0.03639,0.04272,0.04019,0.03657,0.12667,0.04433,0.04097,0.04668,0.05440,0.03971,0.04174,0.03362,0.04564,0.04407,0.04522,0.05088,0.03371,0.03555,0.05619
0.04516,0.05051,0.04824,0.04071,0.04510,0.05178,0.04109,0.04920,0.05411,0.07856,0.05042,0.04344,0.05375,0.05109,0.06429,0.03358,0.04411,0.04568,0.03401,0.07518
0.10511,0.04415,0.04015,0.04480,0.03279,0.14937,0.05629,0.04801,0.04137,0.03712,0.05296,0.04249,0.03402,0.03949,0.04831,0.04183,0.03391,0.03184,0.03496,0.04104
0.14518,0.04727,0.03029,0.03313,0.02659,0.22830,0.04430,0.03708,0.04188,0.02754,0.04501,0.03150,0.02691,0.03488,0.04271,0.02590,0.04778,0.02708,0.02446,0.03221
0.06993,0.04727,0.05707,0.04278,0.03807,0.09718,0.03746,0.05213,0.04592,0.04513,0.04267,0.03666,0.04161,0.04189,0.06681,0.04449,0.05062,0.03913,0.04322,0.05994
0.04797,0.04487,0.04539,0.05064,0.02466,0.06842,0.09071,0.07015,0.05996,0.03825,0.05285,0.03861,0.03151,0.05090,0.03912,0.03940,0.08663,0.03562,0.03614,0.04821
0.09676,0.07504,0.03784,0.06122,0.03538,0.10287,0.05063,0.05962,0.03547,0.02901,0.06513,0.04046,0.04153,0.03317,0.04849,0.03101,0.03824,0.03755,0.03225,0.04833
0.08236,0.03648,0.04178,0.04445,0.02454,0.16262,0.08992,0.04620,0.04181,0.04222,0.04649,0.03681,0.02804,0.04056,0.03132,0.03621,0.05751,0.03858,0.03447,0.03760
0.27173,0.03572,0.02500,0.02458,0.02900,0.16829,0.03800,0.03793,0.03933,0.02684,0.03053,0.03465,0.03340,0.03440,0.03260,0.02643,0.02891,0.02444,0.02686,0.03136
0.08182,0.05549,0.03792,0.05467,0.03956,0.07700,0.07874,0.06040,0.04688,0.03603,0.05676,0.04443,0.06246,0.04530,0.03856,0.03153,0.03731,0.03266,0.04107,0.04141
0.11285,0.04852,0.03726,0.05927,0.02862,0.15606,0.07598,0.05130,0.03513,0.02763,0.07532,0.03566,0.04023,0.02903,0.02972,0.03448,0.03453,0.02853,0.02751,0.03237
0.09267,0.06363,0.03307,0.04781,0.03394,0.09682,0.07070,0.06723,0.04038,0.03718,0.06342,0.03948,0.03985,0.03412,0.04371,0.02983,0.04322,0.03701,0.03687,0.04906
0.07141,0.07497,0.03759,0.03373,0.06170,0.05481,0.03908,0.05238,0.04466,0.03600,0.03522,0.04450,0.05866,0.06320,0.06491,0.02980,0.03317,0.03556,0.04262,0.08601
0.05533,0.08609,0.03771,0.06918,0.04647,0.05792,0.06081,0.05943,0.04075,0.03690,0.05681,0.04789,0.05203,0.04952,0.03778,0.02782,0.03392,0.04137,0.03651,0.06575
0.15745,0.04549,0.02961,0.03846,0.02594,0.23618,0.04374,0.04940,0.03466,0.02472,0.04247,0.03489,0.02975,0.02985,0.02890,0.02707,0.03945,0.02514,0.02760,0.02924
0.11290,0.03442,0.04866,0.04265,0.03286,0.15953,0.04306,0.04089,0.03831,0.05136,0.04714,0.04189,0.03289,0.03466,0.04502,0.03923,0.03133,0.03007,0.03395,0.05918
0.05572,0.04899,0.04061,0.04933,0.03511,0.07635,0.06891,0.06612,0.06299,0.03768,0.04788,0.03819,0.04257,0.05141,0.03062,0.04157,0.08657,0.03628,0.04226,0.04083
0.07084,0.04510,0.04262,0.06175,0.02177,0.08844,0.09251,0.07855,0.03983,0.03222,0.10367,0.03370,0.03883,0.03547,0.02904,0.04004,0.05120,0.02867,0.03126,0.03450
0.08985,0.05277,0.03658,0.05319,0.02880,0.11226,0.09430,0.05707,0.03957,0.02800,0.07996,0.04408,0.03977,0.03560,0.02989,0.03202,0.04080,0.02965,0.03562,0.04024
0.09507,0.04365,0.03752,0.04177,0.02328,0.12324,0.09593,0.06192,0.04423,0.02759,0.05584,0.03146,0.03510,0.04487,0.03237,0.03766,0.07025,0.03236,0.03213,0.03377
0.10132,0.05219,0.04168,0.04384,0.03671,0.11692,0.06615,0.04749,0.04039,0.03483,0.05217,0.04570,0.03783,0.04595,0.04567,0.03810,0.03481,0.03484,0.03634,0.04706
0.08409,0.03854,0.05860,0.06859,0.03718,0.11109,0.04330,0.03583,0.03435,0.05959,0.06316,0.04666,0.03855,0.03621,0.04147,0.04249,0.03074,0.03685,0.03688,0.05582
0.07496,0.03809,0.04428,0.04751,0.03310,0.10053,0.07345,0.04961,0.05222,0.05218,0.05998,0.03888,0.04742,0.04045,0.03659,0.04449,0.04448,0.03819,0.04299,0.04058
0.17964,0.04972,0.02897,0.03863,0.02840,0.16940,0.05173,0.05309,0.03269,0.02443,0.05316,0.03427,0.03890,0.03234,0.03425,0.02700,0.02975,0.02583,0.03024,0.03755
0.07987,0.08932,0.03052,0.04367,0.03736,0.07874,0.06381,0.07018,0.04326,0.02610,0.04587,0.03633,0.04664,0.04893,0.04890,0.02496,0.04020,0.03844,0.05275,0.05417
0.11117,0.04364,0.04562,0.05055,0.04102,0.12516,0.05273,0.04253,0.04250,0.04464,0.05972,0.04108,0.04342,0.03858,0.03486,0.03666,0.03153,0.03069,0.03921,0.04467
0.05505,0.13598,0.03347,0.05675,0.03623,0.05446,0.06954,0.05696,0.03253,0.02670,0.07519,0.04385,0.07327,0.03697,0.05021,0.02228,0.02882,0.03514,0.03433,0.04225
0.07551,0.04355,0.03892,0.05820,0.02612,0.09826,0.09760,0.06520,0.04970,0.03376,0.07643,0.03725,0.04076,0.03438,0.03380,0.03610,0.05912,0.02789,0.03333,0.03414
0.09022,0.05027,0.05112,0.04945,0.04221,0.12417,0.04317,0.03828,0.03785,0.04610,0.04842,0.04175,0.03662,0.03380,0.05108,0.03806,0.03244,0.04887,0.03647,0.05967
0.20162,0.03864,0.02730,0.02723,0.02439,0.24411,0.04308,0.03987,0.02871,0.02316,0.03716,0.02871,0.02775,0.03053,0.03409,0.02415,0.03259,0.02581,0.02619,0.03489
0.11038,0.03471,0.02788,0.03272,0.02679,0.19425,0.08969,0.04434,0.04464,0.04186,0.05312,0.03913,0.03727,0.03423,0.02863,0.03599,0.03417,0.02844,0.02977,0.03197
0.14294,0.03820,0.02934,0.03789,0.02357,0.17459,0.05349,0.04958,0.05056,0.02791,0.03549,0.03030,0.03638,0.03714,0.03109,0.03186,0.07876,0.02542,0.03328,0.03220
0.04662,0.07663,0.03395,0.05140,0.05072,0.05733,0.06511,0.05547,0.04969,0.04205,0.06154,0.05191,0.06250,0.04560,0.04183,0.02920,0.04066,0.04259,0.03837,0.05685
0.07562,0.03707,0.04384,0.04344,0.03078,0.09536,0.06644,0.06620,0.06063,0.03613,0.04976,0.04147,0.03800,0.05040,0.03683,0.04516,0.07450,0.02901,0.03467,0.04468
0.10874,0.04661,0.03814,0.03460,0.08099,0.08949,0.03333,0.03839,0.03995,0.03612,0.03063,0.04803,0.04332,0.05738,0.06729,0.03659,0.02539,0.03566,0.04612,0.06323
0.05910,0.08262,0.03149,0.08139,0.05388,0.06420,0.07715,0.04914,0.03577,0.02802,0.07673,0.05275,0.04662,0.04177,0.04325,0.02335,0.02401,0.04285,0.04356,0.04235
0.05174,0.05938,0.03338,0.05829,0.04335,0.05967,0.10633,0.05446,0.05158,0.05078,0.05650,0.05278,0.06212,0.04459,0.02747,0.03496,0.03752,0.03802,0.03334,0.04374
0.25253,0.04687,0.02160,0.03078,0.02129,0.21177,0.05164,0.04712,0.02559,0.01766,0.04402,0.02653,0.03099,0.02637,0.02605,0.02117,0.02591,0.01982,0.02333,0.02895
0.06542,0.05192,0.04752,0.05237,0.02563,0.08608,0.09650,0.07308,0.04496,0.02698,0.06845,0.03830,0.03491,0.03915,0.04342,0.03726,0.06906,0.03504,0.02883,0.03513
0.07332,0.04102,0.05561,0.04779,0.04431,0.08446,0.02995,0.03737,0.04211,0.07761,0.04532,0.05037,0.03952,0.04190,0.06367,0.04478,0.03340,0.03893,0.03017,0.07839
0.07953,0.07366,0.04081,0.05386,0.03260,0.10063,0.05577,0.07034,0.03714,0.03110,0.05667,0.03618,0.04196,0.04082,0.04501,0.02914,0.04439,0.03846,0.03871,0.05322
0.14512,0.03455,0.04166,0.03284,0.02918,0.23006,0.03934,0.03903,0.03789,0.03237,0.03233,0.03214,0.02584,0.03590,0.03843,0.03888,0.03674,0.02613,0.03179,0.03979
