0.20615,0.03438,0.03161,0.03655,0.02766,0.22440,0.04510,0.03187,0.02989,0.03253,0.04072,0.03806,0.03344,0.02544,0.02811,0.02910,0.02472,0.02274,0.02179,0.03573
0.06754,0.04736,0.05586,0.04791,0.04429,0.08351,0.04650,0.04967,0.05112,0.05991,0.05234,0.04314,0.04616,0.04603,0.04207,0.04279,0.04838,0.03567,0.03810,0.05167
0.05796,0.05930,0.04321,0.05555,0.03884,0.06555,0.05827,0.05400,0.05083,0.05486,0.05463,0.04325,0.04532,0.04734,0.05515,0.03480,0.04851,0.04049,0.03702,0.05515
0.12607,0.03915,0.03829,0.04063,0.03480,0.13460,0.06122,0.04744,0.04671,0.03920,0.04623,0.04408,0.04512,0.03867,0.03392,0.03816,0.04704,0.03016,0.03151,0.03700
0.13733,0.03991,0.03944,0.04480,0.02908,0.16306,0.04901,0.04885,0.03438,0.03876,0.05037,0.03524,0.03975,0.03219,0.03419,0.03475,0.03822,0.03364,0.03251,0.04453
0.07199,0.05613,0.04169,0.05851,0.05116,0.08443,0.06938,0.04639,0.04663,0.04283,0.05615,0.05253,0.04693,0.04084,0.03797,0.03321,0.03790,0.04155,0.03901,0.04480
0.18756,0.04465,0.03834,0.03886,0.03331,0.19699,0.04174,0.02918,0.03212,0.03731,0.04181,0.03635,0.03573,0.03016,0.03341,0.02615,0.02495,0.02790,0.02713,0.03634
0.06394,0.04876,0.05460,0.05740,0.03748,0.06670,0.05537,0.04214,0.04170,0.05254,0.06382,0.04539,0.04815,0.04140,0.05414,0.04711,0.03566,0.04231,0.03761,0.06376
0.15069,0.04165,0.04023,0.04766,0.03473,0.16318,0.04945,0.04000,0.03363,0.03525,0.04929,0.03652,0.03798,0.03112,0.03622,0.03641,0.02951,0.03113,0.02806,0.04730
0.08554,0.06001,0.03597,0.05177,0.02973,0.10265,0.07565,0.06680,0.04442,0.03165,0.07457,0.03639,0.05210,0.03999,0.04546,0.02760,0.04130,0.02536,0.03094,0.04209
0.05585,0.04866,0.05230,0.05447,0.03472,0.06624,0.05222,0.04184,0.05665,0.05892,0.05376,0.04767,0.04331,0.05152,0.05119,0.04196,0.05076,0.04179,0.02954,0.06663
0.04943,0.04030,0.05766,0.05281,0.03555,0.06352,0.06358,0.06081,0.06759,0.04913,0.05688,0.04077,0.04817,0.04451,0.04431,0.04936,0.04887,0.04396,0.03582,0.04695
0.07192,0.05220,0.04530,0.06654,0.03225,0.09400,0.06992,0.05442,0.05038,0.04251,0.06193,0.04475,0.05007,0.03243,0.03305,0.03834,0.03963,0.03890,0.03825,0.04321
0.06204,0.06348,0.04915,0.05175,0.04324,0.07615,0.05530,0.04644,0.04611,0.04979,0.05909,0.04116,0.04170,0.04098,0.04777,0.03694,0.03561,0.04651,0.04508,0.06172
0.12678,0.05233,0.03475,0.04389,0.05458,0.12530,0.04284,0.03744,0.04068,0.03583,0.04715,0.05481,0.04308,0.04286,0.04036,0.03421,0.03068,0.02846,0.03697,0.04700
0.14080,0.04118,0.03854,0.03942,0.03443,0.15258,0.05158,0.04195,0.04022,0.04419,0.04785,0.04058,0.03290,0.03665,0.03876,0.03708,0.02929,0.03314,0.03867,0.04017
0.08242,0.04749,0.04862,0.04840,0.03484,0.09790,0.05759,0.05209,0.05078,0.04575,0.05071,0.04218,0.04333,0.04418,0.04129,0.03889,0.05052,0.03405,0.03643,0.05255
0.04237,0.05599,0.04367,0.05363,0.03339,0.05638,0.08277,0.06638,0.05424,0.04429,0.06971,0.04114,0.04867,0.04665,0.03984,0.03616,0.06010,0.03642,0.04106,0.04715
0.17529,0.04675,0.03347,0.03603,0.02536,0.19859,0.04727,0.04216,0.03689,0.03609,0.04584,0.03228,0.03615,0.03046,0.03197,0.02403,0.03342,0.02199,0.03169,0.03429
0.07380,0.05869,0.03932,0.06011,0.04368,0.08686,0.07072,0.05762,0.03915,0.03916,0.07101,0.04434,0.05753,0.03701,0.03684,0.03610,0.03552,0.03642,0.03176,0.04436
0.09032,0.05029,0.03687,0.04488,0.03418,0.11130,0.06833,0.06081,0.04946,0.02895,0.05113,0.03911,0.03853,0.04080,0.04100,0.03571,0.05931,0.03063,0.04246,0.04592
0.07189,0.05443,0.04671,0.06632,0.03985,0.08623,0.07021,0.04892,0.03726,0.04231,0.06942,0.04455,0.05052,0.03419,0.04316,0.03603,0.03400,0.03572,0.03824,0.05004
0.11819,0.04230,0.04021,0.04661,0.02805,0.14323,0.05959,0.05229,0.04376,0.03544,0.05829,0.03837,0.04501,0.03615,0.03377,0.03273,0.04517,0.02996,0.03114,0.03973
0.07810,0.05206,0.04436,0.06059,0.02763,0.09232,0.07848,0.06604,0.03986,0.03640,0.07706,0.03925,0.06204,0.03734,0.03541,0.02792,0.03810,0.03147,0.03190,0.04365
0.05575,0.05822,0.05541,0.05610,0.04866,0.06840,0.04989,0.04433,0.04540,0.05324,0.05408,0.04512,0.04118,0.04450,0.04972,0.04170,0.03408,0.04227,0.04622,0.06573
0.11547,0.03962,0.04220,0.03901,0.03324,0.13194,0.05727,0.05205,0.04179,0.03644,0.06000,0.03885,0.03511,0.03710,0.03889,0.04003,0.03859,0.03499,0.03690,0.05049
0.09665,0.05021,0.04410,0.05261,0.02809,0.11408,0.06921,0.05140,0.04409,0.03898,0.06617,0.03962,0.04865,0.03724,0.03507,0.03505,0.03967,0.03503,0.03499,0.03907
0.09218,0.05193,0.03897,0.04350,0.03069,0.09753,0.06518,0.06165,0.04656,0.03640,0.05519,0.03740,0.03936,0.04555,0.03647,0.03569,0.06441,0.03550,0.03870,0.04715
0.04813,0.05129,0.06596,0.05442,0.03882,0.05988,0.04831,0.04560,0.04973,0.06142,0.06400,0.04510,0.04527,0.04002,0.05624,0.04170,0.04657,0.04174,0.03145,0.06435
0.08751,0.05387,0.04760,0.05850,0.04358,0.10415,0.05668,0.04095,0.04069,0.04424,0.05434,0.04400,0.03401,0.03689,0.04654,0.03410,0.03163,0.04585,0.04036,0.05452
0.08408,0.04257,0.04484,0.04856,0.03673,0.09761,0.06203,0.05063,0.04941,0.04474,0.06041,0.03840,0.04352,0.03971,0.04668,0.03893,0.04794,0.03507,0.03605,0.05208
0.11587,0.04323,0.04704,0.04752,0.03783,0.12280,0.03839,0.03726,0.05110,0.05283,0.04399,0.04125,0.04030,0.04317,0.04831,0.03446,0.03668,0.03368,0.02796,0.05634
0.12399,0.04702,0.04158,0.05244,0.03328,0.14047,0.06090,0.04728,0.03401,0.03407,0.05960,0.03749,0.04674,0.02918,0.03935,0.03608,0.03029,0.02947,0.03134,0.04543
0.06275,0.06315,0.05441,0.05248,0.04014,0.06892,0.04284,0.04657,0.03802,0.04496,0.06058,0.03875,0.05320,0.04441,0.04644,0.04241,0.05273,0.04422,0.04090,0.06211
0.07525,0.06258,0.03681,0.04575,0.04122,0.09480,0.05871,0.06332,0.04844,0.04063,0.04634,0.04288,0.04660,0.04606,0.03945,0.03240,0.05392,0.03672,0.03986,0.04826
0.08421,0.03953,0.05379,0.04586,0.03525,0.10239,0.05069,0.04465,0.05208,0.06071,0.04967,0.04469,0.04508,0.04174,0.04357,0.04224,0.04284,0.03656,0.03411,0.05032
0.08081,0.06004,0.03915,0.05713,0.04051,0.09828,0.07714,0.04949,0.03645,0.04002,0.07841,0.04301,0.05775,0.03211,0.03535,0.02832,0.02975,0.03449,0.03685,0.04492
0.06838,0.04658,0.05758,0.05282,0.03817,0.07073,0.05472,0.05468,0.04371,0.03867,0.05729,0.03696,0.05009,0.04008,0.06020,0.03008,0.03634,0.04615,0.05262,0.06413
0.16971,0.04012,0.03770,0.03975,0.02824,0.18415,0.04220,0.03474,0.04167,0.04318,0.03683,0.03728,0.03147,0.03562,0.03875,0.02899,0.03296,0.02603,0.02672,0.04386
0.12086,0.04759,0.03713,0.05106,0.03541,0.13448,0.06119,0.04203,0.03408,0.03840,0.06109,0.04808,0.04506,0.03359,0.03437,0.03597,0.03054,0.02977,0.03187,0.04743
0.05078,0.08653,0.03718,0.06572,0.05040,0.05355,0.04170,0.06779,0.04338,0.03903,0.05119,0.04792,0.04990,0.04366,0.05006,0.03046,0.04898,0.04271,0.04254,0.05654
0.05780,0.05378,0.04310,0.04700,0.03720,0.07286,0.06059,0.04482,0.05268,0.04887,0.05397,0.05594,0.04196,0.05436,0.04136,0.04047,0.05151,0.04056,0.04538,0.05578
0.04868,0.05544,0.05090,0.05634,0.03386,0.06287,0.06573,0.05951,0.04981,0.04802,0.06498,0.04163,0.04793,0.04678,0.04253,0.03952,0.05543,0.04337,0.04235,0.04430
0.12038,0.05166,0.03841,0.04177,0.03360,0.14273,0.05742,0.04983,0.03872,0.03764,0.04612,0.03520,0.03857,0.03826,0.04059,0.02881,0.04783,0.02928,0.03781,0.04535
0.06346,0.04322,0.04039,0.04955,0.04583,0.06690,0.07740,0.05076,0.06635,0.04632,0.04966,0.04710,0.05399,0.04767,0.03931,0.04348,0.04962,0.03621,0.04131,0.04147
0.06169,0.05416,0.05170,0.06025,0.04263,0.07543,0.05758,0.04365,0.04622,0.05466,0.05850,0.04353,0.04367,0.04253,0.05238,0.03865,0.04092,0.03888,0.03593,0.05703
0.07710,0.05599,0.04987,0.05271,0.03823,0.09043,0.05839,0.04907,0.04424,0.04663,0.05975,0.04184,0.04745,0.03659,0.03831,0.03680,0.04428,0.04061,0.03405,0.05764
0.05533,0.04968,0.04692,0.04760,0.03579,0.07466,0.06431,0.05670,0.04958,0.05283,0.05427,0.04678,0.04429,0.05180,0.03919,0.04322,0.05552,0.04364,0.03517,0.05273
0.07666,0.05330,0.05485,0.06115,0.03772,0.09156,0.06090,0.04665,0.03622,0.04229,0.06367,0.04172,0.05524,0.03410,0.03825,0.04068,0.03900,0.03733,0.03365,0.05505
0.09452,0.04151,0.04463,0.05477,0.03298,0.11634,0.05154,0.04788,0.04138,0.04794,0.05224,0.04355,0.04738,0.03642,0.03462,0.04316,0.04171,0.03788,0.03852,0.05105
0.03832,0.07562,0.03326,0.07371,0.03885,0.05139,0.07561,0.06157,0.04685,0.04224,0.07894,0.05048,0.05948,0.03944,0.04600,0.03336,0.04067,0.03524,0.02843,0.05055
0.09280,0.04736,0.03469,0.05187,0.06262,0.08321,0.04477,0.03386,0.04895,0.04464,0.04486,0.05906,0.06502,0.04832,0.05197,0.02625,0.02833,0.03168,0.04923,0.05051
0.06481,0.05750,0.03060,0.07894,0.02742,0.08204,0.08668,0.06604,0.04536,0.03338,0.08755,0.03654,0.06339,0.03117,0.03119,0.03158,0.03938,0.02643,0.03269,0.04731
0.11030,0.04400,0.03714,0.04866,0.03399,0.12560,0.05352,0.04659,0.05007,0.04159,0.04994,0.04887,0.04068,0.03845,0.04052,0.03661,0.03821,0.03528,0.03737,0.04260
0.17423,0.03905,0.03525,0.03724,0.03187,0.18558,0.04267,0.03566,0.03471,0.03102,0.04260,0.03804,0.04038,0.03507,0.03207,0.03215,0.02789,0.03067,0.03241,0.04144
0.11150,0.03857,0.04151,0.04740,0.03638,0.12696,0.05304,0.04237,0.04531,0.04504,0.04782,0.04073,0.04420,0.04071,0.04621,0.03200,0.03195,0.03491,0.04406,0.04936
0.10758,0.05256,0.03819,0.05084,0.03342,0.12434,0.05816,0.05015,0.04050,0.04365,0.05089,0.04077,0.03787,0.04126,0.03885,0.03274,0.04080,0.03683,0.03626,0.04434
0.04033,0.04359,0.05482,0.05374,0.03626,0.05419,0.05999,0.04287,0.05178,0.07165,0.05972,0.05116,0.05024,0.05106,0.03553,0.04785,0.04961,0.04615,0.03395,0.06550
0.06508,0.05514,0.05496,0.05901,0.03698,0.08163,0.06614,0.05327,0.03847,0.04674,0.07894,0.03988,0.05689,0.03377,0.04596,0.03507,0.03429,0.03871,0.02946,0.04961
0.06658,0.06939,0.03424,0.06375,0.04028,0.08540,0.05361,0.06340,0.04194,0.03805,0.05981,0.04589,0.05319,0.04306,0.04563,0.03423,0.03789,0.03401,0.03319,0.05645
0.18788,0.03990,0.03614,0.04258,0.02862,0.20873,0.04187,0.03370,0.02908,0.03836,0.04079,0.02816,0.03305,0.02865,0.02936,0.03001,0.03145,0.02852,0.02527,0.03788
0.16463,0.03651,0.03295,0.03424,0.03491,0.18277,0.04809,0.03844,0.03890,0.03527,0.03993,0.03600,0.03131,0.03551,0.03973,0.02692,0.03957,0.03138,0.03334,0.03961
0.11620,0.05716,0.03711,0.04667,0.03703,0.12880,0.05677,0.05431,0.04072,0.03994,0.05309,0.03842,0.04310,0.04004,0.03645,0.02956,0.04048,0.03247,0.02755,0.04413
0.05238,0.05158,0.05886,0.06685,0.04475,0.05552,0.06212,0.04577,0.04290,0.04096,0.05603,0.04804,0.04767,0.03763,0.05521,0.04329,0.03466,0.04725,0.04505,0.06349
0.07552,0.05461,0.04388,0.06157,0.04835,0.07949,0.05581,0.03798,0.04394,0.05672,0.04934,0.05055,0.04275,0.04664,0.04950,0.03580,0.03080,0.03948,0.04101,0.05624
0.04807,0.05540,0.04796,0.05885,0.03380,0.05468,0.07779,0.06296,0.05931,0.04492,0.06503,0.04389,0.05421,0.04230,0.03814,0.04428,0.05088,0.03685,0.03744,0.04325
0.05473,0.06517,0.02608,0.06872,0.07614,0.03583,0.07401,0.04301,0.05379,0.03822,0.06431,0.06926,0.07380,0.04672,0.03359,0.02508,0.02019,0.03414,0.04789,0.04932
0.05963,0.05284,0.04292,0.05492,0.03358,0.07548,0.06836,0.05781,0.05733,0.04584,0.05647,0.05083,0.04773,0.04812,0.04367,0.03297,0.05322,0.03540,0.03458,0.04830
0.08498,0.04622,0.06032,0.05193,0.03924,0.10125,0.04428,0.03953,0.04038,0.04987,0.05074,0.04286,0.03989,0.03861,0.04816,0.03494,0.03791,0.04535,0.04135,0.06220
0.06246,0.06050,0.04619,0.05917,0.03285,0.08040,0.07473,0.06599,0.04643,0.04019,0.07160,0.04198,0.05460,0.03435,0.04060,0.03314,0.04721,0.03364,0.03108,0.04290
0.08589,0.05333,0.04627,0.05421,0.04503,0.10216,0.04814,0.04150,0.04017,0.05502,0.04832,0.04483,0.04217,0.04433,0.04056,0.03556,0.03621,0.03792,0.03626,0.06211
0.09961,0.04569,0.04636,0.04248,0.04196,0.11266,0.04425,0.04060,0.04851,0.04587,0.04340,0.05175,0.03984,0.04681,0.04646,0.03868,0.04147,0.03552,0.03244,0.05565
0.11488,0.04433,0.04861,0.04997,0.03849,0.12854,0.04560,0.03854,0.04319,0.04552,0.04402,0.04094,0.03983,0.03926,0.04006,0.03678,0.03569,0.03634,0.03434,0.05507
0.06317,0.04768,0.03904,0.05378,0.03120,0.07413,0.08699,0.06537,0.05551,0.03922,0.06662,0.04516,0.05791,0.04065,0.03150,0.03537,0.05258,0.03265,0.03724,0.04422
0.09427,0.04794,0.04211,0.06311,0.02866,0.11095,0.06473,0.04858,0.04286,0.05164,0.06377,0.03840,0.05294,0.03491,0.03121,0.03618,0.03871,0.03405,0.03066,0.04435
0.05330,0.04374,0.05654,0.05472,0.03986,0.05533,0.05637,0.05314,0.05899,0.05030,0.05319,0.04961,0.04776,0.04896,0.04572,0.04752,0.05088,0.04481,0.03906,0.05021
0.11058,0.04564,0.04106,0.04880,0.02933,0.12466,0.05949,0.04775,0.04725,0.04102,0.05133,0.03709,0.03891,0.04015,0.03995,0.03638,0.05023,0.02985,0.03832,0.04221
0.18867,0.02981,0.04758,0.03617,0.03115,0.19025,0.03823,0.02921,0.02781,0.03377,0.04004,0.03924,0.02826,0.03221,0.03035,0.04792,0.02844,0.02873,0.02625,0.04591
0.10464,0.04154,0.04795,0.05063,0.03865,0.12248,0.04963,0.04310,0.04218,0.03436,0.05249,0.03886,0.03658,0.03849,0.04677,0.04101,0.03036,0.04018,0.04307,0.05702
0.07669,0.06451,0.04604,0.06617,0.04400,0.07598,0.06373,0.04682,0.03332,0.04461,0.06309,0.04756,0.04156,0.03656,0.04168,0.02791,0.02889,0.04519,0.04340,0.06227
0.21633,0.03691,0.03032,0.03321,0.02277,0.23385,0.04315,0.03694,0.02828,0.02547,0.03995,0.02900,0.03659,0.02342,0.03261,0.02140,0.03296,0.02201,0.02473,0.03010
0.07032,0.05322,0.04630,0.05410,0.04998,0.07232,0.05569,0.04406,0.05155,0.05212,0.05266,0.05183,0.05007,0.04542,0.04530,0.03680,0.03900,0.03734,0.03723,0.05466
0.08890,0.03722,0.04872,0.04776,0.03499,0.09691,0.05741,0.05809,0.04669,0.03910,0.05620,0.03968,0.04277,0.03803,0.04402,0.03783,0.04654,0.04313,0.04089,0.05514
0.11110,0.05266,0.03903,0.04346,0.02879,0.13554,0.05480,0.04899,0.04042,0.03735,0.04957,0.03771,0.03722,0.03983,0.05010,0.03243,0.04775,0.03185,0.03425,0.04714
0.05448,0.06527,0.04495,0.05992,0.03692,0.07442,0.06714,0.06626,0.04178,0.03900,0.06706,0.04108,0.05012,0.04023,0.04877,0.03122,0.03509,0.03741,0.04231,0.05656
0.08507,0.04877,0.04278,0.05510,0.03118,0.10371,0.07180,0.05154,0.04530,0.05078,0.06253,0.04360,0.04751,0.03797,0.03232,0.03609,0.04245,0.03331,0.03428,0.04394
0.10672,0.04818,0.03558,0.05513,0.03818,0.12930,0.06164,0.04827,0.04182,0.04379,0.05850,0.03711,0.04783,0.03478,0.03933,0.03159,0.03381,0.03268,0.02986,0.04592
0.16455,0.03775,0.03832,0.04617,0.03427,0.16901,0.04700,0.03581,0.03513,0.03114,0.05024,0.04446,0.03769,0.03312,0.03323,0.03521,0.02866,0.02830,0.02743,0.04252
0.05334,0.05454,0.03885,0.05781,0.03195,0.06743,0.08893,0.07098,0.05360,0.03131,0.07572,0.04166,0.06179,0.04368,0.03516,0.03650,0.04692,0.03334,0.03417,0.04231
0.17597,0.04280,0.03754,0.03855,0.03186,0.18057,0.03418,0.02998,0.04141,0.04532,0.03466,0.03620,0.03458,0.03519,0.03863,0.02744,0.03166,0.02832,0.03015,0.04497
0.08054,0.05564,0.04580,0.05254,0.03812,0.09877,0.04817,0.05202,0.03804,0.04475,0.05461,0.04465,0.04095,0.04176,0.05277,0.03479,0.03691,0.04135,0.04150,0.05631
0.06372,0.07710,0.03691,0.06025,0.05270,0.07773,0.04655,0.05642,0.03786,0.03576,0.05102,0.04468,0.04583,0.04350,0.04885,0.03107,0.04607,0.04216,0.04189,0.05992
0.06479,0.06023,0.04487,0.05601,0.04436,0.07806,0.05340,0.05579,0.05019,0.04613,0.05001,0.04365,0.04740,0.03952,0.04487,0.03664,0.04832,0.03996,0.03933,0.05647
0.06554,0.05559,0.04423,0.04863,0.03003,0.07085,0.07419,0.07213,0.05320,0.03503,0.06007,0.03623,0.04579,0.04678,0.04162,0.03102,0.06923,0.03527,0.04225,0.04234
0.15831,0.04651,0.03428,0.03890,0.03429,0.17495,0.05067,0.03462,0.03447,0.03350,0.04728,0.03991,0.04270,0.03242,0.03658,0.03310,0.02867,0.03101,0.02878,0.03906
0.12983,0.04605,0.04427,0.04271,0.03183,0.14495,0.05493,0.04516,0.04078,0.04361,0.05373,0.03766,0.04912,0.03507,0.03995,0.03431,0.02914,0.02975,0.02883,0.03832
0.08033,0.05031,0.04584,0.05158,0.04111,0.09700,0.05164,0.05079,0.04440,0.04940,0.04768,0.03970,0.04048,0.04146,0.04605,0.03417,0.04558,0.04248,0.03782,0.06218
0.08589,0.04564,0.04477,0.05232,0.03549,0.09829,0.06628,0.04576,0.04219,0.04325,0.05907,0.04661,0.04260,0.04289,0.03874,0.03972,0.04589,0.03782,0.03629,0.05050
0.22420,0.03423,0.03155,0.03105,0.02298,0.23819,0.03434,0.03285,0.03048,0.03055,0.03756,0.03363,0.03184,0.02895,0.02946,0.02244,0.03091,0.02261,0.02029,0.03189
0.09530,0.05790,0.04331,0.04756,0.03986,0.10353,0.04788,0.04566,0.04779,0.04767,0.04771,0.04589,0.04016,0.04376,0.05254,0.02951,0.04207,0.03729,0.03388,0.05071
0.12002,0.04370,0.04747,0.04614,0.03896,0.12857,0.04238,0.03978,0.04201,0.04706,0.04856,0.03924,0.04202,0.03987,0.03778,0.03595,0.03624,0.03681,0.03191,0.05553
0.08499,0.04974,0.04962,0.05304,0.04032,0.10036,0.04884,0.04692,0.04447,0.05098,0.05294,0.04222,0.04274,0.03864,0.04967,0.03702,0.03666,0.03907,0.04019,0.05155
0.07706,0.05873,0.05900,0.05872,0.04149,0.08234,0.04851,0.04186,0.04029,0.04814,0.05552,0.04092,0.04166,0.04025,0.04287,0.03947,0.04139,0.03714,0.03774,0.06689
0.04496,0.03897,0.06117,0.04812,0.03958,0.06461,0.05668,0.04907,0.06192,0.07149,0.05149,0.04339,0.04638,0.04814,0.04885,0.04186,0.05135,0.03960,0.04445,0.04793
0.06558,0.05514,0.05828,0.05180,0.04133,0.07432,0.04606,0.04472,0.04067,0.05072,0.05782,0.04409,0.04932,0.04565,0.04609,0.03935,0.04829,0.04207,0.04043,0.05827
0.05675,0.07243,0.03196,0.08144,0.02904,0.06925,0.09589,0.06917,0.03167,0.03407,0.10933,0.03737,0.06796,0.02884,0.02772,0.03420,0.02486,0.03020,0.02544,0.04242
0.06230,0.05367,0.04586,0.05804,0.03652,0.08196,0.05931,0.05015,0.04719,0.05013,0.06114,0.04608,0.04939,0.04028,0.04367,0.03923,0.04685,0.03697,0.03785,0.05341
0.11078,0.04688,0.03985,0.04635,0.03151,0.13061,0.05648,0.05065,0.04750,0.04056,0.04579,0.03785,0.03872,0.03716,0.03783,0.03631,0.04801,0.03644,0.03880,0.04190
0.07483,0.05716,0.05095,0.04511,0.03595,0.08435,0.05755,0.05487,0.04912,0.03676,0.05684,0.03843,0.04995,0.04084,0.04902,0.03477,0.05339,0.04330,0.04522,0.04161
0.09092,0.05145,0.04375,0.05099,0.03899,0.10398,0.05144,0.04442,0.04474,0.05250,0.04772,0.04530,0.04401,0.04702,0.04100,0.03687,0.04405,0.03578,0.03432,0.05077
0.05767,0.04694,0.04436,0.05753,0.04475,0.06807,0.06777,0.04586,0.05482,0.04713,0.05877,0.05690,0.04627,0.04152,0.04256,0.04127,0.04372,0.04610,0.03888,0.04911
0.14379,0.04608,0.03412,0.04383,0.03886,0.14156,0.03838,0.03293,0.04473,0.04582,0.03908,0.05229,0.03406,0.04251,0.04775,0.03806,0.03014,0.02887,0.02634,0.05079
0.07173,0.06405,0.04137,0.05217,0.05489,0.08266,0.05061,0.04383,0.04259,0.04655,0.05015,0.05028,0.04634,0.04233,0.04974,0.03289,0.03124,0.03795,0.04351,0.06511
0.12315,0.04674,0.03584,0.04989,0.03134,0.14474,0.05917,0.04578,0.03980,0.04146,0.06075,0.03581,0.05006,0.03265,0.03424,0.02883,0.03883,0.03030,0.03065,0.03998
0.11955,0.04587,0.03748,0.04568,0.03899,0.13665,0.05065,0.03946,0.04196,0.04301,0.05133,0.04171,0.04447,0.03961,0.04184,0.03402,0.03256,0.03048,0.03565,0.04901
0.06038,0.04291,0.04825,0.05520,0.03524,0.08431,0.05915,0.05048,0.04887,0.05819,0.04832,0.04232,0.04180,0.04682,0.04268,0.03996,0.05497,0.04031,0.04121,0.05862
0.15667,0.03374,0.04120,0.04434,0.02661,0.17775,0.05601,0.03892,0.03977,0.03794,0.04973,0.03787,0.03483,0.03236,0.02960,0.03258,0.03378,0.02533,0.03135,0.03962
0.04492,0.07224,0.03376,0.05943,0.04703,0.04600,0.07011,0.06508,0.04454,0.03424,0.06688,0.05094,0.06682,0.05832,0.04095,0.02842,0.03672,0.03793,0.03994,0.05574
0.04642,0.04784,0.04206,0.05485,0.04272,0.06315,0.05452,0.03813,0.06359,0.07355,0.04066,0.05084,0.03896,0.06051,0.04734,0.03851,0.05836,0.04325,0.03556,0.05918
0.10324,0.04529,0.04365,0.04800,0.03039,0.13030,0.06736,0.05372,0.04390,0.03917,0.06053,0.04054,0.04758,0.03313,0.03851,0.03201,0.04113,0.02908,0.02942,0.04305
0.15022,0.04229,0.03487,0.04339,0.02929,0.17851,0.05384,0.04685,0.03508,0.03327,0.05205,0.03294,0.03771,0.03224,0.03256,0.02846,0.03685,0.02887,0.03157,0.03913
0.13968,0.03617,0.04758,0.04314,0.03794,0.15633,0.04917,0.03487,0.03533,0.03897,0.05107,0.04415,0.03509,0.03817,0.03454,0.03683,0.03356,0.02628,0.03236,0.04874
0.12715,0.04081,0.03875,0.04067,0.03284,0.14755,0.05088,0.04346,0.04510,0.04481,0.04814,0.04005,0.03661,0.03768,0.04306,0.03323,0.04421,0.03399,0.02983,0.04117
0.06412,0.06920,0.03766,0.05620,0.05094,0.07253,0.04542,0.05557,0.04800,0.05157,0.04650,0.05340,0.04457,0.04295,0.04606,0.03667,0.04175,0.04263,0.03625,0.05801
0.15753,0.04757,0.03378,0.04276,0.03105,0.17421,0.04549,0.03942,0.03473,0.03487,0.04607,0.03719,0.03670,0.03040,0.04341,0.02852,0.03139,0.03236,0.03201,0.04056
0.07763,0.04986,0.05599,0.06930,0.04046,0.08677,0.06042,0.04208,0.03401,0.04192,0.05356,0.04301,0.04478,0.03644,0.04567,0.04381,0.02992,0.03915,0.04223,0.06301
0.07740,0.05118,0.04664,0.05438,0.03869,0.09867,0.05756,0.05087,0.04556,0.04577,0.05411,0.04475,0.04413,0.03583,0.04704,0.03633,0.03407,0.04194,0.04172,0.05336
0.08954,0.04420,0.04256,0.05529,0.03273,0.10755,0.06598,0.04966,0.05006,0.04429,0.06440,0.03782,0.04432,0.03813,0.03564,0.03809,0.04633,0.03195,0.03415,0.04732
0.10796,0.04467,0.04398,0.04618,0.03261,0.12547,0.05201,0.04565,0.04375,0.04072,0.05267,0.04045,0.04217,0.03745,0.04344,0.03185,0.04255,0.04034,0.03756,0.04852
0.08611,0.05959,0.04192,0.06277,0.02948,0.10887,0.07145,0.06139,0.03999,0.03835,0.07792,0.03655,0.05531,0.03111,0.03375,0.02932,0.03667,0.02945,0.03060,0.03939
0.10134,0.06045,0.02933,0.04713,0.06940,0.07874,0.03927,0.03842,0.05211,0.03907,0.04771,0.06000,0.07163,0.05695,0.04340,0.03167,0.02216,0.02413,0.03621,0.05086
0.09567,0.05123,0.04603,0.05314,0.03825,0.11522,0.05389,0.04806,0.03710,0.04150,0.05607,0.04046,0.04793,0.03382,0.03635,0.03944,0.03798,0.04076,0.03535,0.05177
0.11909,0.04503,0.04818,0.04414,0.03983,0.12598,0.04574,0.04140,0.03998,0.03568,0.05148,0.04130,0.04105,0.04018,0.04636,0.03540,0.03421,0.04007,0.03524,0.04967
0.06424,0.06170,0.03752,0.06767,0.04816,0.06359,0.07689,0.04138,0.04359,0.04996,0.05446,0.05418,0.04549,0.04059,0.03725,0.03190,0.03293,0.04757,0.04996,0.05097
0.07749,0.03878,0.05366,0.04590,0.02818,0.09481,0.06771,0.05623,0.06038,0.04504,0.05344,0.04140,0.03978,0.04333,0.03692,0.04007,0.05477,0.03470,0.03720,0.05021
0.17883,0.03846,0.03376,0.04042,0.03536,0.19416,0.04069,0.03738,0.03280,0.02745,0.04220,0.03603,0.03504,0.03073,0.03564,0.02798,0.02906,0.02888,0.03196,0.04318
0.05203,0.07846,0.03990,0.06241,0.04845,0.06739,0.06043,0.06084,0.04197,0.04158,0.06279,0.04139,0.04844,0.04032,0.04793,0.03446,0.04138,0.03807,0.03911,0.05261
0.04164,0.06806,0.04359,0.05928,0.03798,0.05278,0.05249,0.05577,0.04551,0.03891,0.05523,0.04010,0.04358,0.05282,0.05630,0.03545,0.05472,0.04820,0.05308,0.06451
0.09326,0.04932,0.04415,0.04833,0.03493,0.11029,0.06125,0.05159,0.04543,0.04766,0.05106,0.04099,0.04314,0.03979,0.04163,0.03524,0.04103,0.03934,0.03559,0.04599
0.07132,0.05943,0.04758,0.06045,0.03739,0.09219,0.05684,0.04934,0.04364,0.04494,0.05778,0.04717,0.04950,0.03700,0.04001,0.03965,0.04441,0.03812,0.03366,0.04957
0.23112,0.03229,0.03194,0.02974,0.02935,0.23372,0.03144,0.03206,0.03139,0.02958,0.03138,0.03135,0.02948,0.02844,0.03068,0.02428,0.02726,0.02812,0.02132,0.03504
0.16382,0.03766,0.03577,0.04321,0.02814,0.18355,0.05367,0.04316,0.03516,0.03590,0.05218,0.03461,0.03686,0.02834,0.03154,0.03257,0.03228,0.02581,0.03091,0.03486
0.05586,0.05204,0.04302,0.06138,0.03254,0.08440,0.06005,0.05106,0.04997,0.05521,0.06702,0.04213,0.04836,0.04453,0.04594,0.03883,0.04089,0.03931,0.03886,0.04860
0.14623,0.04005,0.03992,0.03893,0.03263,0.16117,0.05368,0.03897,0.03933,0.03877,0.04785,0.04186,0.03670,0.03326,0.03373,0.03384,0.03995,0.03326,0.03219,0.03768
0.07842,0.05317,0.04122,0.04595,0.03922,0.10272,0.05407,0.04498,0.04542,0.05029,0.05929,0.04874,0.04948,0.04435,0.04312,0.03557,0.03898,0.03693,0.03654,0.05153
0.08982,0.04258,0.03873,0.04728,0.02869,0.10066,0.06781,0.05685,0.05614,0.03415,0.05823,0.04304,0.04303,0.04178,0.03550,0.04008,0.05891,0.03733,0.04016,0.03922
0.06001,0.06361,0.03719,0.07092,0.03821,0.07705,0.08875,0.05435,0.03575,0.03882,0.09114,0.04983,0.06189,0.03129,0.02931,0.03188,0.02904,0.03876,0.03420,0.03800
0.08315,0.06050,0.04172,0.05353,0.04011,0.10256,0.06283,0.05170,0.04476,0.04639,0.06139,0.04320,0.04835,0.03491,0.04432,0.03576,0.03793,0.03392,0.02966,0.04333
0.04890,0.06887,0.04874,0.05092,0.03789,0.06503,0.05674,0.06491,0.03626,0.03529,0.06792,0.03673,0.05021,0.04466,0.06707,0.02723,0.04456,0.04158,0.04640,0.06008
0.03969,0.07413,0.03236,0.07720,0.03204,0.05239,0.09127,0.06527,0.04301,0.03789,0.09488,0.04540,0.06933,0.03731,0.03562,0.03388,0.03740,0.02958,0.02902,0.04234
0.05604,0.05302,0.04427,0.05881,0.02754,0.06565,0.08139,0.07290,0.05317,0.03908,0.06353,0.04001,0.04622,0.04668,0.03370,0.03358,0.06395,0.03481,0.03494,0.05069
0.06501,0.07313,0.02882,0.05015,0.07085,0.03899,0.04094,0.05257,0.05364,0.02861,0.04306,0.06687,0.08509,0.06944,0.04200,0.02606,0.03497,0.03200,0.04349,0.05431
0.09624,0.04675,0.04632,0.05003,0.04043,0.10186,0.04875,0.04464,0.04339,0.04815,0.05076,0.04330,0.04597,0.04350,0.05225,0.04138,0.03896,0.03308,0.03488,0.04935
0.09664,0.05214,0.04623,0.04864,0.03916,0.11093,0.04506,0.04513,0.04399,0.04810,0.04602,0.04654,0.03990,0.04322,0.04395,0.03509,0.04174,0.03501,0.04108,0.05142
0.06986,0.04728,0.05016,0.05317,0.03241,0.08902,0.06788,0.05851,0.05297,0.04680,0.06327,0.04385,0.04834,0.03797,0.03601,0.03858,0.05416,0.03452,0.02944,0.04580
0.06027,0.05576,0.04765,0.05889,0.03895,0.07553,0.06953,0.06422,0.04418,0.04809,0.07047,0.04112,0.05015,0.03761,0.03826,0.03480,0.04226,0.03320,0.03602,0.05303
0.08897,0.04759,0.03897,0.05293,0.03823,0.11603,0.06324,0.05145,0.04253,0.04025,0.05546,0.03865,0.04405,0.03874,0.04417,0.03197,0.04470,0.03595,0.03930,0.04683
0.06980,0.04054,0.05210,0.04574,0.03866,0.08394,0.05960,0.04569,0.05712,0.05168,0.04977,0.05226,0.04182,0.05055,0.04329,0.04493,0.05191,0.03919,0.03364,0.04776
0.08530,0.04457,0.05458,0.04567,0.04035,0.08739,0.04796,0.04404,0.04210,0.05558,0.05590,0.04268,0.04043,0.04209,0.04184,0.04570,0.04587,0.04128,0.03744,0.05922
0.05940,0.06020,0.04576,0.07355,0.03379,0.07298,0.07159,0.05725,0.04201,0.04946,0.08383,0.04406,0.06267,0.03495,0.02926,0.03899,0.03318,0.03130,0.03159,0.04417
0.14427,0.04126,0.03932,0.04001,0.03493,0.16710,0.04971,0.04067,0.03962,0.04056,0.04722,0.03542,0.04200,0.03182,0.03534,0.03258,0.03241,0.03100,0.03273,0.04201
0.13175,0.04322,0.04087,0.04054,0.03970,0.14658,0.05168,0.04291,0.04209,0.03718,0.05163,0.03654,0.03971,0.03763,0.04322,0.02914,0.03811,0.03287,0.03410,0.04052
0.05854,0.05473,0.05489,0.05624,0.04451,0.06646,0.05290,0.04525,0.04344,0.04697,0.05677,0.03902,0.04748,0.04068,0.05792,0.03839,0.03681,0.04771,0.04689,0.06441
0.03974,0.06333,0.04665,0.05451,0.04412,0.04955,0.06013,0.06049,0.05611,0.04597,0.05426,0.04498,0.04781,0.05275,0.04506,0.04225,0.05182,0.04073,0.04129,0.05845
0.09572,0.05986,0.04433,0.05040,0.04452,0.11245,0.04606,0.04635,0.03855,0.03720,0.05628,0.04151,0.03707,0.03852,0.04368,0.03475,0.03808,0.03727,0.03810,0.05927
0.07506,0.03793,0.05140,0.04875,0.03083,0.09177,0.06833,0.05609,0.05547,0.05152,0.05594,0.04364,0.04878,0.03951,0.04023,0.04424,0.04624,0.03504,0.03665,0.04259
0.03959,0.06431,0.05881,0.06660,0.04220,0.04887,0.03916,0.04009,0.05197,0.06197,0.05784,0.04947,0.04125,0.04798,0.06080,0.03487,0.03359,0.04540,0.03767,0.07757
0.05292,0.06818,0.04585,0.08063,0.03519,0.06549,0.09030,0.05969,0.03064,0.03357,0.09727,0.04332,0.06782,0.02618,0.02797,0.03563,0.03170,0.03598,0.02630,0.04540
0.14724,0.03957,0.04281,0.04495,0.03332,0.16390,0.05481,0.04486,0.03204,0.03341,0.05554,0.03640,0.04595,0.02888,0.03019,0.03705,0.02914,0.02831,0.02938,0.04226
0.22666,0.02987,0.03118,0.02890,0.02410,0.24854,0.04065,0.03424,0.03326,0.02880,0.03493,0.02988,0.02877,0.02547,0.02674,0.02467,0.02885,0.02030,0.02372,0.03046
0.03589,0.07614,0.03332,0.09168,0.02621,0.04731,0.11371,0.08209,0.03357,0.03716,0.12472,0.03877,0.07871,0.02663,0.02212,0.02817,0.02246,0.02031,0.02337,0.03767
0.06980,0.03953,0.04400,0.04557,0.03813,0.08662,0.06614,0.05108,0.06374,0.04742,0.05122,0.04571,0.04054,0.04628,0.04001,0.04151,0.05666,0.03528,0.04463,0.04613
0.13069,0.04270,0.04233,0.04555,0.03433,0.15032,0.04913,0.03955,0.03727,0.04278,0.04644,0.03852,0.04143,0.03534,0.03543,0.03664,0.03195,0.03167,0.03446,0.05347
0.04289,0.06497,0.03958,0.07140,0.03339,0.05510,0.09101,0.06882,0.03745,0.04256,0.09201,0.04350,0.06404,0.03333,0.03479,0.03113,0.03443,0.03728,0.03213,0.05020
0.06477,0.06348,0.03582,0.07124,0.05891,0.05921,0.07820,0.03934,0.04571,0.04427,0.05595,0.06150,0.04834,0.04068,0.04065,0.02855,0.02584,0.04072,0.04681,0.05001
0.08496,0.05748,0.03946,0.05584,0.03224,0.09452,0.06510,0.05551,0.04004,0.03817,0.07272,0.04009,0.04994,0.03736,0.04100,0.03769,0.04382,0.03246,0.03304,0.04856
0.07385,0.05902,0.04024,0.04850,0.03529,0.08937,0.06301,0.06185,0.04961,0.03837,0.05269,0.03943,0.04210,0.04496,0.04559,0.03234,0.05786,0.03612,0.03966,0.05012
0.05421,0.05473,0.05219,0.05507,0.03933,0.06357,0.05229,0.04486,0.05379,0.05986,0.04847,0.04940,0.04462,0.04828,0.04654,0.04283,0.05258,0.03911,0.03820,0.06007
0.05945,0.06496,0.04462,0.06654,0.03855,0.06742,0.06266,0.05610,0.03952,0.03971,0.07909,0.03855,0.05143,0.03565,0.05098,0.03677,0.03339,0.04086,0.03754,0.05622
0.05198,0.04480,0.04649,0.04706,0.03397,0.05607,0.08731,0.07208,0.06982,0.03699,0.05206,0.04100,0.04830,0.05516,0.03572,0.03835,0.06765,0.03379,0.04268,0.03870
0.07047,0.04311,0.04146,0.05109,0.02495,0.08458,0.08662,0.07756,0.06038,0.03717,0.06120,0.03317,0.04524,0.03931,0.02664,0.03618,0.06808,0.03199,0.03510,0.04570
0.14482,0.03951,0.04095,0.03875,0.03044,0.16670,0.05237,0.04995,0.04007,0.03828,0.04759,0.03762,0.03676,0.03479,0.03353,0.03392,0.04056,0.02769,0.02827,0.03743
0.08350,0.05480,0.04689,0.04752,0.03879,0.09648,0.06205,0.05156,0.05132,0.04150,0.05002,0.04588,0.04895,0.04177,0.03951,0.03318,0.04731,0.03714,0.03872,0.04310
0.06164,0.05739,0.05256,0.06805,0.04068,0.07270,0.07182,0.05031,0.04123,0.04796,0.06288,0.05002,0.05452,0.03678,0.04158,0.03290,0.03607,0.03559,0.03637,0.04896
0.08869,0.04777,0.04727,0.05573,0.04859,0.09225,0.04360,0.04035,0.04540,0.05159,0.05833,0.04680,0.04200,0.04565,0.05035,0.03986,0.03290,0.03094,0.03657,0.05537
0.25250,0.02600,0.03204,0.02680,0.02497,0.26697,0.03227,0.03026,0.02790,0.03196,0.03249,0.02601,0.02854,0.02333,0.02457,0.02576,0.02076,0.02057,0.02137,0.02492
0.18587,0.03731,0.03608,0.03710,0.02881,0.20858,0.04302,0.03576,0.03207,0.03393,0.04326,0.03294,0.03132,0.02915,0.02938,0.03068,0.03241,0.02619,0.02834,0.03780
0.14735,0.04546,0.03199,0.04255,0.04979,0.14599,0.03836,0.02990,0.04491,0.03276,0.03999,0.04916,0.04285,0.04213,0.03897,0.03384,0.02582,0.03076,0.03486,0.05256
0.14792,0.04655,0.03551,0.03751,0.03187,0.16785,0.05010,0.04155,0.03714,0.03464,0.04847,0.03255,0.03691,0.03748,0.04222,0.02977,0.04060,0.03186,0.03288,0.03663
0.15140,0.05004,0.03437,0.04032,0.03163,0.17060,0.04647,0.03872,0.03539,0.03344,0.05155,0.03528,0.04073,0.03783,0.04120,0.02548,0.03589,0.02867,0.03175,0.03924
0.06985,0.07346,0.03281,0.06987,0.02609,0.08606,0.09199,0.06957,0.03132,0.03225,0.11093,0.03603,0.07058,0.02636,0.02656,0.02649,0.02945,0.02632,0.02747,0.03654
0.04720,0.09021,0.03355,0.06503,0.06726,0.04847,0.04399,0.06620,0.04347,0.03862,0.04106,0.04941,0.06047,0.05555,0.04858,0.03111,0.03885,0.04097,0.03520,0.05479
0.10303,0.04143,0.04540,0.04905,0.03583,0.11756,0.06413,0.05038,0.05176,0.03504,0.04828,0.04106,0.04115,0.04108,0.03290,0.03810,0.05024,0.03278,0.03801,0.04278
0.14002,0.03890,0.03993,0.04544,0.03302,0.16355,0.05527,0.04087,0.03373,0.03513,0.04782,0.03919,0.04029,0.03422,0.03621,0.03655,0.03678,0.03057,0.02998,0.04252
0.05641,0.04088,0.05022,0.04903,0.03626,0.07289,0.07075,0.06677,0.06232,0.04151,0.05660,0.03831,0.04856,0.04588,0.04334,0.03760,0.05718,0.03576,0.03997,0.04978
0.08743,0.04552,0.04842,0.04599,0.03821,0.10127,0.05605,0.05903,0.04200,0.03286,0.05878,0.04098,0.04601,0.03627,0.05264,0.03195,0.03765,0.03877,0.04352,0.05665
0.05535,0.06508,0.04450,0.05933,0.04458,0.06617,0.06757,0.05351,0.04622,0.04990,0.07163,0.04704,0.05039,0.04339,0.04211,0.03678,0.03749,0.03632,0.03274,0.04990
0.08363,0.04007,0.04738,0.04337,0.03268,0.09735,0.05998,0.05255,0.05870,0.04859,0.04525,0.04163,0.03518,0.04487,0.03712,0.03943,0.05906,0.03775,0.04629,0.04910
0.06531,0.05419,0.03995,0.04776,0.02504,0.07915,0.09173,0.07476,0.05566,0.03105,0.06634,0.03989,0.05180,0.04799,0.03250,0.03103,0.06392,0.02712,0.03495,0.03989
0.08088,0.05253,0.03484,0.05291,0.03663,0.09615,0.07325,0.05194,0.04506,0.03708,0.06515,0.04638,0.04519,0.04323,0.04192,0.03369,0.04453,0.03928,0.03253,0.04682
0.04640,0.06416,0.04257,0.07236,0.03330,0.05982,0.07615,0.06026,0.04110,0.05064,0.08283,0.04342,0.05935,0.03822,0.03514,0.03791,0.03937,0.03540,0.03043,0.05117
0.04009,0.05813,0.05629,0.05418,0.03947,0.05515,0.06703,0.06054,0.04301,0.04562,0.07562,0.04695,0.05452,0.04014,0.04372,0.04595,0.04196,0.04225,0.03607,0.05330
0.19805,0.03481,0.03502,0.03704,0.02211,0.21833,0.05107,0.04152,0.03149,0.03143,0.04353,0.02937,0.04120,0.02785,0.02702,0.02676,0.02722,0.02191,0.02317,0.03109
0.04413,0.07689,0.05149,0.05848,0.04359,0.05172,0.04654,0.05311,0.04133,0.03883,0.05897,0.04118,0.05091,0.04423,0.06251,0.03304,0.03472,0.04790,0.05221,0.06823
0.07082,0.06131,0.03875,0.06078,0.02971,0.09030,0.08761,0.06557,0.04400,0.03684,0.07809,0.03889,0.05706,0.03409,0.03323,0.02855,0.04456,0.02988,0.02878,0.04116
0.11797,0.05437,0.04007,0.04507,0.03798,0.13288,0.04714,0.04768,0.04160,0.03803,0.05218,0.03701,0.04712,0.03638,0.04228,0.02860,0.03957,0.03667,0.03363,0.04374
0.26409,0.02956,0.02894,0.02856,0.02384,0.27023,0.03068,0.02353,0.02388,0.02718,0.03111,0.02374,0.02385,0.02378,0.02333,0.02709,0.02317,0.02122,0.02030,0.03190
0.08310,0.07294,0.02920,0.06785,0.05054,0.08087,0.07962,0.04402,0.03608,0.03588,0.06862,0.06438,0.05075,0.03327,0.03172,0.02278,0.02087,0.03689,0.04609,0.04452
0.06388,0.06677,0.04220,0.06046,0.04099,0.07045,0.07342,0.05798,0.03856,0.03985,0.07667,0.04025,0.05624,0.04001,0.04009,0.03396,0.03278,0.03698,0.04294,0.04553
0.04747,0.04884,0.04280,0.05299,0.03174,0.05933,0.07012,0.05527,0.05597,0.05902,0.05333,0.04239,0.03894,0.05093,0.04206,0.04302,0.07169,0.04192,0.03849,0.05366
0.06261,0.04439,0.05411,0.04879,0.03987,0.07561,0.05897,0.04606,0.05635,0.06500,0.05039,0.04824,0.04115,0.04866,0.04364,0.04026,0.04713,0.03657,0.04304,0.04917
0.11118,0.05122,0.04526,0.04687,0.03499,0.11926,0.04719,0.04877,0.04314,0.04341,0.06225,0.03795,0.04591,0.03893,0.04909,0.03293,0.03740,0.02983,0.03598,0.03843
0.08962,0.05356,0.04865,0.05287,0.03715,0.10231,0.05940,0.04615,0.04324,0.04223,0.06226,0.04368,0.05003,0.03382,0.04223,0.04038,0.03703,0.03283,0.03272,0.04984
0.08555,0.04660,0.04763,0.05221,0.04075,0.10176,0.04856,0.04465,0.04232,0.05518,0.05169,0.04595,0.04502,0.04106,0.03963,0.03758,0.04141,0.03915,0.03601,0.05728
0.05874,0.07061,0.03796,0.05742,0.04335,0.07511,0.05722,0.05350,0.04369,0.05352,0.05306,0.04965,0.04653,0.04996,0.04367,0.03525,0.04005,0.03911,0.03489,0.05671
0.07253,0.04142,0.04174,0.04338,0.03330,0.08675,0.06759,0.05530,0.05688,0.04265,0.05054,0.04071,0.04770,0.04638,0.04534,0.04296,0.05337,0.04020,0.04443,0.04684
0.13750,0.04937,0.03684,0.04735,0.02985,0.15221,0.06128,0.05071,0.03498,0.02924,0.06580,0.03336,0.05029,0.03383,0.03391,0.02522,0.03434,0.02863,0.02766,0.03765
0.10564,0.05697,0.04134,0.05276,0.02925,0.12485,0.06344,0.05316,0.03686,0.03241,0.06388,0.03468,0.05204,0.03528,0.03533,0.03149,0.04679,0.02818,0.03516,0.04049
0.05419,0.05385,0.05932,0.05754,0.04216,0.06661,0.05036,0.04439,0.04457,0.04587,0.05609,0.05323,0.04969,0.04299,0.04656,0.04114,0.04311,0.04317,0.03841,0.06674
0.06446,0.06720,0.05276,0.05404,0.04302,0.07548,0.04996,0.04762,0.03759,0.04257,0.05795,0.04544,0.04614,0.04325,0.04794,0.03124,0.03426,0.04652,0.04489,0.06766
0.12889,0.03371,0.05045,0.04494,0.04348,0.13199,0.04385,0.03676,0.04192,0.04771,0.04551,0.04228,0.03796,0.04070,0.04418,0.03910,0.02798,0.03600,0.03170,0.05087
0.10599,0.04637,0.04249,0.04866,0.04149,0.11066,0.04652,0.04474,0.04340,0.04763,0.04802,0.04522,0.03863,0.04401,0.04377,0.04256,0.03863,0.03205,0.03233,0.05685
0.11332,0.04420,0.05101,0.05017,0.03832,0.12991,0.04185,0.03748,0.03240,0.03867,0.04827,0.03648,0.03665,0.03469,0.04955,0.03581,0.03067,0.03972,0.04314,0.06770
0.11342,0.04320,0.03939,0.05213,0.02924,0.13759,0.05370,0.05049,0.04462,0.03358,0.04862,0.03302,0.04270,0.03918,0.03768,0.03680,0.04863,0.03388,0.03828,0.04386
0.10428,0.05636,0.04222,0.03877,0.02359,0.12064,0.06833,0.05624,0.04369,0.02576,0.05215,0.03473,0.03628,0.04544,0.04129,0.02964,0.06180,0.03722,0.04438,0.03719
0.09031,0.05795,0.04030,0.05237,0.03626,0.10837,0.06185,0.05208,0.04338,0.04416,0.05494,0.03577,0.04319,0.04217,0.04073,0.03401,0.04298,0.03311,0.03996,0.04611
0.06934,0.05115,0.04051,0.05386,0.02736,0.08205,0.07107,0.06115,0.05409,0.03328,0.05981,0.03567,0.04228,0.05031,0.03756,0.04035,0.06190,0.03499,0.04464,0.04865
0.06800,0.04410,0.06454,0.04739,0.04244,0.08469,0.04758,0.04711,0.04938,0.05250,0.04715,0.05111,0.04604,0.04683,0.04629,0.04740,0.04090,0.03995,0.03451,0.05209
0.17537,0.03856,0.03601,0.04101,0.03119,0.17745,0.03797,0.03576,0.03908,0.03938,0.04180,0.03750,0.03324,0.03689,0.03911,0.03023,0.03030,0.02802,0.02872,0.04239
0.06844,0.05875,0.03954,0.06359,0.03889,0.09410,0.06607,0.05470,0.04133,0.04177,0.07118,0.04155,0.05480,0.03651,0.03876,0.03424,0.03504,0.03394,0.03717,0.04961
0.14110,0.03383,0.04482,0.04143,0.03757,0.15554,0.05068,0.03881,0.03830,0.04738,0.04253,0.04018,0.03784,0.03622,0.03548,0.03195,0.03632,0.03098,0.03481,0.04424
0.07741,0.05310,0.04670,0.05295,0.03448,0.09784,0.05275,0.04730,0.04810,0.05326,0.05188,0.04837,0.04482,0.04144,0.03777,0.04045,0.04908,0.03943,0.03175,0.05110
0.08273,0.05008,0.04589,0.05332,0.03883,0.09346,0.05253,0.05299,0.03991,0.04365,0.05533,0.04296,0.04638,0.03918,0.05010,0.03047,0.03884,0.04293,0.04384,0.05659
0.05484,0.06272,0.05130,0.05097,0.04027,0.06616,0.05474,0.05526,0.04775,0.05020,0.05599,0.04570,0.04266,0.04830,0.04817,0.04117,0.05102,0.04028,0.04228,0.05021
0.08135,0.04643,0.04060,0.06154,0.03409,0.09071,0.08424,0.05097,0.04837,0.04354,0.06484,0.04608,0.05616,0.03546,0.03705,0.03997,0.03249,0.03164,0.03362,0.04085
0.05314,0.07159,0.04053,0.04505,0.05503,0.05913,0.05411,0.05893,0.04964,0.03438,0.05825,0.04268,0.04281,0.05435,0.05299,0.03773,0.05076,0.04140,0.05128,0.04621
0.10562,0.04586,0.04461,0.04412,0.03134,0.11680,0.05534,0.04755,0.04603,0.04856,0.05374,0.03907,0.03534,0.04346,0.04306,0.03824,0.04425,0.03495,0.03058,0.05149
0.05153,0.05819,0.04400,0.05093,0.03938,0.07074,0.06158,0.05526,0.05259,0.04700,0.05865,0.04268,0.04517,0.05131,0.04616,0.04072,0.04602,0.03854,0.04296,0.05658
0.16200,0.03869,0.03618,0.03748,0.03192,0.17684,0.05373,0.03966,0.03612,0.03274,0.04913,0.03958,0.04032,0.03236,0.03253,0.02990,0.03201,0.03081,0.03324,0.03476
0.11670,0.05359,0.04588,0.04688,0.03789,0.13281,0.04929,0.04184,0.03887,0.04041,0.05107,0.03810,0.03721,0.03596,0.04889,0.03315,0.03361,0.03153,0.03435,0.05198
0.06137,0.06857,0.04039,0.05301,0.04526,0.08234,0.04502,0.05133,0.04625,0.05161,0.05175,0.04969,0.04327,0.04983,0.04981,0.03384,0.04173,0.04137,0.03248,0.06106
0.12848,0.04139,0.04393,0.04497,0.03634,0.14285,0.04146,0.04109,0.04176,0.05445,0.04430,0.03781,0.03587,0.04088,0.04353,0.03398,0.03356,0.03161,0.03430,0.04743
0.05298,0.06126,0.04498,0.05046,0.03940,0.07061,0.06046,0.05844,0.05145,0.05326,0.06375,0.04373,0.05085,0.04079,0.04963,0.03942,0.04122,0.03911,0.03328,0.05491
0.04907,0.05257,0.03865,0.06846,0.04663,0.06002,0.06959,0.04626,0.05364,0.04840,0.06602,0.05714,0.05060,0.04298,0.03533,0.03601,0.03926,0.04379,0.04517,0.05042
0.06123,0.07948,0.02617,0.05502,0.06991,0.03994,0.05082,0.05535,0.05112,0.03509,0.05749,0.06176,0.07916,0.05571,0.03996,0.02660,0.03123,0.03166,0.03693,0.05535
0.05661,0.05279,0.05149,0.05226,0.04130,0.07406,0.05777,0.05542,0.05166,0.04451,0.05997,0.04350,0.04805,0.04543,0.04521,0.03938,0.04871,0.03684,0.04055,0.05449
0.13141,0.04020,0.04019,0.04323,0.03345,0.15458,0.05326,0.04219,0.03970,0.03889,0.05362,0.04264,0.03789,0.03610,0.03692,0.03264,0.03490,0.03154,0.02976,0.04691
0.13007,0.04480,0.04598,0.04586,0.03492,0.14158,0.04370,0.03603,0.03904,0.04229,0.04833,0.04341,0.03785,0.03853,0.03142,0.04257,0.04106,0.03519,0.02962,0.04775
0.11716,0.05815,0.04030,0.04765,0.04049,0.12556,0.05288,0.04591,0.03754,0.04138,0.05424,0.04189,0.05144,0.03561,0.03469,0.03338,0.03062,0.03126,0.03351,0.04635
0.05311,0.06325,0.04973,0.05501,0.04648,0.06323,0.04981,0.05267,0.04862,0.04246,0.05494,0.04928,0.04804,0.04655,0.05555,0.03472,0.03284,0.04398,0.04535,0.06438
