0.03027,0.07587,0.02733,0.17537,0.02439,0.03800,0.10062,0.02332,0.46032,0.04451
0.03521,0.03401,0.02462,0.03342,0.04083,0.18311,0.35751,0.11599,0.03024,0.14506
0.02655,0.05027,0.03467,0.06660,0.02100,0.20258,0.03269,0.03231,0.41197,0.12138
0.01767,0.04816,0.02732,0.04895,0.04837,0.16605,0.09823,0.43105,0.10182,0.01237
0.03171,0.02588,0.03356,0.01925,0.01815,0.36484,0.02331,0.12098,0.06409,0.29823
0.01534,0.01876,0.02271,0.20527,0.02670,0.26250,0.05848,0.02003,0.01075,0.35947
0.08851,0.04923,0.05054,0.02834,0.19719,0.27327,0.11268,0.03670,0.06943,0.09410
0.01822,0.01910,0.01762,0.03522,0.01569,0.25578,0.10488,0.26347,0.25670,0.01333
0.17496,0.12029,0.02338,0.03672,0.03423,0.25903,0.16141,0.06915,0.09270,0.02813
0.02979,0.03067,0.02133,0.02565,0.02116,0.61426,0.05914,0.01618,0.12558,0.05624
0.02001,0.12320,0.04194,0.03596,0.02992,0.14485,0.12161,0.09083,0.35343,0.03824
0.01229,0.17985,0.01204,0.09426,0.00718,0.49844,0.01213,0.02730,0.14194,0.01458
0.04763,0.05710,0.01714,0.05027,0.06482,0.26266,0.01659,0.12334,0.10586,0.25459
0.03321,0.06441,0.04212,0.05216,0.05147,0.35908,0.11073,0.07229,0.02825,0.18629
0.14802,0.08102,0.09505,0.00637,0.01927,0.42245,0.04564,0.09996,0.00834,0.07387
0.00548,0.14883,0.00509,0.22553,0.00916,0.31587,0.01192,0.01786,0.14543,0.11483
0.13718,0.09162,0.04480,0.03058,0.01860,0.45141,0.02636,0.15397,0.02997,0.01551
0.00726,0.00746,0.30740,0.11919,0.00670,0.03913,0.02099,0.17681,0.01945,0.29559
0.04107,0.05109,0.19242,0.03112,0.03733,0.25554,0.07525,0.20892,0.09345,0.01379
0.01745,0.01434,0.01029,0.00969,0.00938,0.20211,0.39678,0.30342,0.02266,0.01388
0.07327,0.07386,0.09862,0.04639,0.08077,0.10247,0.21374,0.04233,0.10616,0.16239
0.07436,0.08530,0.03720,0.02329,0.04727,0.33197,0.14283,0.19069,0.05388,0.01322
0.01767,0.06190,0.03514,0.04706,0.03175,0.37951,0.33869,0.01443,0.01537,0.05848
0.02319,0.02097,0.02294,0.02065,0.02130,0.33423,0.03404,0.40260,0.05466,0.06543
0.03051,0.09573,0.01952,0.05434,0.03741,0.12875,0.17461,0.09162,0.29321,0.07428
0.06249,0.01451,0.16341,0.01135,0.02469,0.61830,0.02293,0.06113,0.00859,0.01260
0.01813,0.01812,0.01671,0.01177,0.01555,0.53658,0.03666,0.11679,0.18768,0.04201
0.09988,0.05032,0.03686,0.02792,0.03980,0.19632,0.01736,0.32289,0.16243,0.04621
0.01517,0.01739,0.00799,0.00737,0.00722,0.31300,0.01627,0.33778,0.17586,0.10195
0.00557,0.00502,0.00574,0.24597,0.00521,0.20149,0.15356,0.30357,0.06625,0.00763
0.10427,0.07046,0.04422,0.04144,0.04036,0.05208,0.06158,0.15182,0.41122,0.02256
0.01580,0.01616,0.01920,0.01903,0.01428,0.33562,0.16460,0.03353,0.13910,0.24267
0.01083,0.01418,0.01730,0.01395,0.01181,0.57800,0.14960,0.02014,0.11517,0.06901
0.03185,0.02236,0.01815,0.01942,0.01605,0.14009,0.06104,0.14084,0.53352,0.01666
0.14738,0.03094,0.02247,0.04026,0.02512,0.34999,0.08401,0.19053,0.09973,0.00957
0.07535,0.07232,0.22083,0.03224,0.04425,0.16421,0.10343,0.02427,0.03145,0.23166
0.00818,0.03127,0.04134,0.00980,0.03882,0.18826,0.22101,0.43714,0.01903,0.00517
0.02725,0.01824,0.02495,0.01921,0.02009,0.08795,0.02353,0.25362,0.45484,0.07033
0.04480,0.05809,0.03766,0.02914,0.04424,0.13294,0.19430,0.02709,0.03083,0.40092
0.13178,0.15816,0.07105,0.09818,0.05580,0.23797,0.02776,0.09185,0.09339,0.03406
0.01230,0.12038,0.00769,0.25926,0.01358,0.24140,0.08327,0.01354,0.14669,0.10189
0.07438,0.07840,0.11653,0.06196,0.06263,0.12178,0.26015,0.10027,0.03067,0.09323
0.03412,0.03369,0.00883,0.01618,0.01082,0.45163,0.27270,0.03236,0.11718,0.02249
0.01401,0.03392,0.14010,0.01715,0.05025,0.25438,0.01332,0.13645,0.07334,0.26708
0.03130,0.04226,0.06096,0.02372,0.02618,0.22601,0.15499,0.04736,0.34587,0.04134
0.04012,0.08546,0.13213,0.19605,0.02026,0.07483,0.18339,0.16214,0.09767,0.00795
0.03216,0.08627,0.00890,0.00875,0.21767,0.40645,0.02350,0.15291,0.04924,0.01415
0.02802,0.02892,0.01136,0.01248,0.02569,0.63100,0.12277,0.03377,0.00770,0.09829
0.04148,0.02983,0.01056,0.04613,0.02170,0.68442,0.02102,0.03348,0.05236,0.05902
0.06368,0.04657,0.06098,0.02951,0.08416,0.11841,0.08065,0.42323,0.08503,0.00779
0.16920,0.10808,0.07586,0.03140,0.03515,0.20445,0.27176,0.03782,0.04182,0.02446
0.02319,0.03893,0.03106,0.04894,0.01627,0.13231,0.08849,0.13856,0.41560,0.06665
0.02296,0.01674,0.02837,0.02242,0.01222,0.21670,0.04952,0.36163,0.24073,0.02871
0.00970,0.01215,0.00879,0.00799,0.00843,0.83435,0.01797,0.05758,0.02293,0.02012
0.01433,0.01459,0.01630,0.01774,0.01372,0.31226,0.01732,0.20140,0.05755,0.33478
0.03297,0.03582,0.02435,0.01784,0.02928,0.11595,0.16232,0.09240,0.46527,0.02381
0.02552,0.14443,0.13452,0.08889,0.04950,0.31973,0.09310,0.10713,0.02377,0.01340
0.03060,0.33747,0.02858,0.19934,0.01249,0.27791,0.02459,0.02390,0.03685,0.02828
0.01410,0.02115,0.01923,0.01818,0.02324,0.15789,0.01826,0.26931,0.44422,0.01442
0.02383,0.05919,0.20300,0.01091,0.02115,0.29815,0.01307,0.18937,0.12681,0.05451
0.05677,0.04920,0.03415,0.06908,0.05070,0.49537,0.05405,0.03940,0.03787,0.11342
0.06985,0.03682,0.23738,0.11853,0.01703,0.17216,0.05993,0.19865,0.03946,0.05019
0.01748,0.02003,0.01520,0.01634,0.01602,0.09905,0.26245,0.31985,0.17750,0.05608
0.00673,0.00629,0.00436,0.00473,0.00498,0.27753,0.32861,0.35373,0.00817,0.00488
0.03959,0.09528,0.00678,0.00907,0.10985,0.57624,0.00932,0.09752,0.04432,0.01202
0.01862,0.23072,0.00761,0.01326,0.09743,0.09702,0.00754,0.19382,0.11349,0.22048
0.05839,0.07859,0.04547,0.03434,0.05608,0.19410,0.10770,0.37540,0.04028,0.00965
0.08271,0.15791,0.00798,0.02624,0.00861,0.32821,0.05449,0.30018,0.02419,0.00948
0.03100,0.11367,0.00603,0.21679,0.01330,0.43898,0.02390,0.03268,0.06546,0.05818
0.01309,0.01948,0.15675,0.02089,0.01508,0.27528,0.27401,0.18456,0.01569,0.02516
0.01331,0.03784,0.09009,0.02686,0.01630,0.23860,0.06291,0.44957,0.04114,0.02337
0.06386,0.02308,0.27012,0.01320,0.01804,0.10600,0.01852,0.24040,0.16888,0.07791
0.06704,0.05768,0.03800,0.03006,0.03909,0.50400,0.09881,0.03010,0.10099,0.03422
0.02208,0.33295,0.01132,0.06544,0.02229,0.19135,0.03376,0.13790,0.09522,0.08769
0.02471,0.27488,0.03514,0.14702,0.04909,0.13825,0.03886,0.23015,0.02710,0.03479
0.01145,0.01307,0.01217,0.00781,0.00842,0.62650,0.06457,0.23572,0.01096,0.00933
0.12735,0.08360,0.01273,0.00832,0.01153,0.48894,0.01665,0.13180,0.10905,0.01003
0.02826,0.03662,0.02496,0.03405,0.02506,0.20555,0.03317,0.27955,0.26664,0.06616
0.01055,0.11434,0.13765,0.06907,0.00798,0.53352,0.02204,0.03660,0.01418,0.05408
0.01224,0.02833,0.02769,0.01545,0.01169,0.44025,0.27057,0.13692,0.04972,0.00713
0.08123,0.07781,0.04112,0.04184,0.03201,0.38586,0.03221,0.25751,0.02579,0.02463
0.01750,0.01776,0.01681,0.12382,0.06193,0.17740,0.01409,0.17517,0.16028,0.23525
0.15762,0.07082,0.06200,0.05377,0.02194,0.26061,0.08846,0.22501,0.05205,0.00771
0.07489,0.04912,0.03541,0.05498,0.04833,0.12321,0.03121,0.17263,0.21319,0.19703
0.04667,0.22334,0.01462,0.05236,0.00845,0.37795,0.04535,0.06675,0.15288,0.01164
0.01088,0.16919,0.01131,0.12135,0.00826,0.09611,0.16756,0.39189,0.01546,0.00799
0.07628,0.04611,0.01730,0.01597,0.01496,0.15372,0.29003,0.22767,0.14750,0.01046
0.05580,0.03931,0.03943,0.08661,0.03090,0.15753,0.01351,0.15713,0.23937,0.18043
0.05257,0.05922,0.01780,0.03147,0.04745,0.19010,0.11677,0.26022,0.21420,0.01020
0.05410,0.13784,0.24474,0.04146,0.01525,0.28438,0.02471,0.11016,0.07414,0.01322
0.06550,0.28690,0.01184,0.00425,0.05499,0.29449,0.04313,0.12495,0.09929,0.01465
0.00881,0.01235,0.00837,0.00918,0.01095,0.13363,0.01200,0.12609,0.41991,0.25871
0.00995,0.01256,0.00751,0.00847,0.00720,0.58434,0.13214,0.21096,0.01166,0.01520
0.01090,0.00908,0.01567,0.02328,0.28245,0.51985,0.02244,0.01185,0.07299,0.03149
0.07757,0.03898,0.07744,0.04031,0.04152,0.18515,0.05241,0.19219,0.06211,0.23230
0.07336,0.10065,0.03842,0.16066,0.02645,0.41270,0.01971,0.03278,0.09690,0.03838
0.06524,0.07075,0.04700,0.04498,0.05054,0.23547,0.00998,0.18782,0.12289,0.16533
0.02934,0.01944,0.02212,0.02707,0.02499,0.45031,0.01610,0.27136,0.09302,0.04625
0.07238,0.05516,0.00527,0.15573,0.01544,0.25335,0.22026,0.08039,0.04680,0.09523
0.08061,0.07968,0.01948,0.19213,0.01552,0.15992,0.18307,0.22442,0.03530,0.00987
