0.03783,0.01920,0.02762,0.00963,0.01648,0.02854,0.50707,0.02622,0.12457,0.20284
0.05551,0.02107,0.25082,0.01796,0.02827,0.13264,0.14539,0.12859,0.08757,0.13219
0.02312,0.12924,0.21773,0.10199,0.07652,0.05839,0.13936,0.04993,0.07405,0.12965
0.00639,0.00432,0.00570,0.00543,0.00415,0.20157,0.00642,0.08200,0.56832,0.11571
0.07772,0.00603,0.01423,0.01728,0.00922,0.59460,0.01268,0.05989,0.08815,0.12020
0.00635,0.00677,0.00736,0.00462,0.00469,0.07717,0.00465,0.07561,0.73437,0.07842
0.04897,0.01721,0.29593,0.07574,0.05238,0.11308,0.01424,0.07836,0.08746,0.21663
0.01657,0.01689,0.01189,0.00946,0.01403,0.00618,0.89833,0.00458,0.00888,0.01318
0.00607,0.00356,0.00501,0.00375,0.00436,0.11987,0.00500,0.07458,0.68299,0.09480
0.23990,0.00655,0.00832,0.02799,0.00584,0.14405,0.41388,0.12137,0.01392,0.01816
0.02013,0.01506,0.01974,0.01309,0.00887,0.01482,0.87791,0.01260,0.00685,0.01092
0.03048,0.03141,0.02631,0.05015,0.21882,0.15372,0.27295,0.13951,0.03361,0.04304
0.00638,0.00943,0.00791,0.00328,0.01064,0.09914,0.00642,0.05048,0.68679,0.11952
0.11432,0.01375,0.00613,0.04883,0.01644,0.00550,0.11542,0.00492,0.03259,0.64212
0.03497,0.01667,0.03216,0.02911,0.01660,0.08174,0.59972,0.05755,0.06105,0.07041
0.01898,0.02205,0.02011,0.01537,0.01867,0.02936,0.81493,0.02806,0.01376,0.01872
0.03024,0.01408,0.04623,0.07083,0.03146,0.16208,0.00978,0.12674,0.23928,0.26928
0.05345,0.00601,0.35147,0.00595,0.00661,0.01074,0.42789,0.00861,0.03792,0.09135
0.04406,0.03872,0.02345,0.03808,0.10431,0.32524,0.17590,0.17094,0.02444,0.05486
0.01376,0.04809,0.04017,0.01574,0.06739,0.02081,0.33526,0.01687,0.22031,0.22162
0.04802,0.02337,0.04146,0.03104,0.03193,0.01782,0.70761,0.01973,0.02853,0.05049
0.02021,0.01539,0.04243,0.00934,0.03509,0.06979,0.49728,0.05953,0.05162,0.19932
0.01231,0.02265,0.02391,0.02407,0.01345,0.03089,0.57910,0.02740,0.07111,0.19512
0.03355,0.01318,0.54886,0.01088,0.03211,0.10776,0.02057,0.08069,0.06086,0.09154
0.02930,0.01934,0.01692,0.02003,0.01952,0.01340,0.20895,0.01031,0.06439,0.59783
0.01668,0.01478,0.14213,0.02169,0.14676,0.01388,0.10710,0.01312,0.21489,0.30896
0.03718,0.03816,0.02189,0.02912,0.04614,0.12074,0.51764,0.09825,0.03238,0.05850
0.00519,0.83494,0.00260,0.00428,0.03932,0.02434,0.05189,0.01834,0.00819,0.01090
0.00708,0.00729,0.00858,0.00364,0.00437,0.11982,0.00524,0.08770,0.66819,0.08810
0.00692,0.00470,0.00506,0.00543,0.00727,0.00547,0.91684,0.00467,0.01864,0.02501
0.02658,0.01805,0.06276,0.01619,0.02650,0.04594,0.00922,0.03019,0.52483,0.23974
0.04495,0.01116,0.01535,0.00961,0.00690,0.21267,0.43624,0.24249,0.00842,0.01221
0.60464,0.00307,0.00285,0.00272,0.23394,0.00752,0.10556,0.00628,0.01332,0.02012
0.04115,0.02496,0.09243,0.03654,0.06505,0.01425,0.06657,0.01454,0.04949,0.59501
0.00976,0.02977,0.04635,0.02829,0.03354,0.01503,0.06574,0.01562,0.03541,0.72048
0.01171,0.01038,0.01277,0.00604,0.00848,0.00600,0.84359,0.00586,0.03334,0.06184
0.05013,0.01987,0.06048,0.01544,0.02993,0.04251,0.45321,0.03746,0.10812,0.18284
0.04384,0.01285,0.05404,0.04374,0.04189,0.05167,0.13606,0.03895,0.45354,0.12342
0.01399,0.02808,0.01728,0.01366,0.01579,0.02299,0.83819,0.02295,0.01037,0.01667
0.01953,0.03435,0.02327,0.01401,0.03089,0.30751,0.19536,0.19229,0.08874,0.09406
0.02584,0.01689,0.03873,0.01475,0.01556,0.06323,0.67180,0.05511,0.04517,0.05294
0.00403,0.00566,0.00516,0.00526,0.00600,0.04411,0.79454,0.04905,0.03018,0.05600
0.01472,0.03160,0.10612,0.00785,0.02120,0.03582,0.00923,0.02744,0.63912,0.10690
0.02325,0.01650,0.02785,0.01078,0.01385,0.21374,0.40388,0.21058,0.02962,0.04995
0.01470,0.08140,0.00480,0.00829,0.06180,0.56720,0.02509,0.18972,0.02146,0.02555
0.14530,0.03105,0.13185,0.06903,0.11238,0.10312,0.01906,0.06367,0.13568,0.18885
0.06778,0.04285,0.04804,0.04731,0.02975,0.08525,0.52808,0.06398,0.04087,0.04609
0.05742,0.00765,0.01008,0.02427,0.01213,0.51031,0.06508,0.28656,0.01032,0.01617
0.03934,0.09167,0.12517,0.02468,0.02692,0.01213,0.21525,0.01048,0.07923,0.37514
0.00415,0.00376,0.00517,0.00357,0.00373,0.00766,0.89831,0.00799,0.02718,0.03848
0.01321,0.00495,0.00772,0.00574,0.00468,0.27169,0.19216,0.47451,0.01016,0.01518
0.04346,0.04188,0.09823,0.02714,0.05744,0.04170,0.13892,0.03747,0.18752,0.32625
0.01279,0.02348,0.02421,0.01092,0.02643,0.02985,0.70586,0.03106,0.05771,0.07770
0.02166,0.00974,0.01760,0.00761,0.00592,0.07889,0.73369,0.09939,0.01071,0.01478
0.04819,0.03025,0.06287,0.00972,0.03865,0.08556,0.01103,0.05742,0.32765,0.32865
0.05558,0.03567,0.05508,0.01162,0.01313,0.12884,0.01661,0.08644,0.44884,0.14819
0.01203,0.00902,0.01017,0.01706,0.00601,0.51107,0.19077,0.22851,0.00673,0.00863
0.02446,0.01982,0.26852,0.02277,0.07519,0.05177,0.01965,0.03698,0.26108,0.21976
0.02696,0.22132,0.10981,0.01570,0.02838,0.13707,0.01320,0.07521,0.18735,0.18500
0.00934,0.00567,0.00711,0.00834,0.00496,0.05421,0.81005,0.05332,0.02081,0.02619
0.10716,0.00607,0.30033,0.01968,0.00926,0.22864,0.02708,0.15063,0.06005,0.09111
0.00695,0.00705,0.00644,0.00445,0.00645,0.00364,0.23138,0.00388,0.04484,0.68491
0.02785,0.01688,0.02905,0.02030,0.02319,0.03720,0.75062,0.03751,0.02427,0.03313
0.01717,0.02095,0.02266,0.00705,0.00871,0.07653,0.00564,0.06771,0.66192,0.11166
0.04795,0.03371,0.04824,0.05834,0.06141,0.47258,0.01260,0.09060,0.07965,0.09493
0.04170,0.02455,0.03533,0.04021,0.06414,0.01401,0.45296,0.01421,0.06645,0.24647
0.02115,0.00343,0.00180,0.00198,0.80439,0.00588,0.13862,0.00565,0.00718,0.00992
0.03943,0.00981,0.01011,0.01927,0.00656,0.45459,0.22720,0.21362,0.00874,0.01067
0.01217,0.04279,0.40408,0.00450,0.00765,0.02006,0.43597,0.01691,0.01939,0.03648
0.03972,0.01704,0.13112,0.01880,0.01580,0.03857,0.58622,0.03596,0.04521,0.07156
0.00908,0.00875,0.01562,0.03942,0.01259,0.01149,0.60412,0.01154,0.05380,0.23359
0.01052,0.01082,0.01119,0.01349,0.00892,0.21919,0.44692,0.21647,0.02976,0.03271
0.01060,0.00943,0.01178,0.00559,0.00523,0.04916,0.01117,0.03861,0.54280,0.31563
0.07963,0.80206,0.00236,0.00315,0.00290,0.00565,0.06002,0.00546,0.01807,0.02070
0.00141,0.88629,0.00178,0.00217,0.02770,0.00766,0.05494,0.00677,0.00513,0.00615
0.01808,0.02290,0.02957,0.00873,0.38197,0.02803,0.19829,0.02404,0.08965,0.19874
0.00324,0.00260,0.00300,0.00290,0.00291,0.40525,0.26747,0.29762,0.00639,0.00862
0.02802,0.04700,0.03654,0.06130,0.06218,0.02645,0.67632,0.02394,0.01585,0.02239
0.01752,0.07351,0.06530,0.05487,0.04819,0.03323,0.18140,0.02996,0.05230,0.44372
0.00772,0.01593,0.00992,0.00727,0.01283,0.11839,0.65851,0.09750,0.03658,0.03535
0.01135,0.02124,0.01415,0.01229,0.01248,0.06673,0.00870,0.04368,0.68235,0.12704
0.04389,0.07189,0.05085,0.08551,0.09827,0.02284,0.30468,0.01813,0.11536,0.18858
0.10466,0.02042,0.05177,0.03498,0.04146,0.28505,0.16278,0.26534,0.01463,0.01891
0.01601,0.01062,0.01172,0.02414,0.01809,0.04023,0.76288,0.03812,0.03567,0.04253
0.01827,0.01079,0.01651,0.01482,0.01382,0.60384,0.02361,0.14946,0.06130,0.08756
0.00504,0.01235,0.01559,0.00679,0.01630,0.02972,0.81329,0.03261,0.02838,0.03993
0.01184,0.01016,0.01509,0.01753,0.01174,0.33000,0.13719,0.44967,0.00749,0.00929
0.00685,0.00661,0.01654,0.00529,0.00632,0.08780,0.00691,0.06994,0.66548,0.12827
0.00835,0.02470,0.01063,0.00553,0.21156,0.02592,0.16006,0.02266,0.20379,0.32682
0.15411,0.01074,0.02440,0.00686,0.00961,0.04511,0.26141,0.04156,0.14293,0.30327
0.01800,0.00572,0.01644,0.01156,0.00541,0.35583,0.01654,0.52135,0.02085,0.02829
0.00914,0.01069,0.00885,0.01297,0.01465,0.02788,0.83096,0.02285,0.02870,0.03331
0.04242,0.03345,0.06757,0.02321,0.04076,0.08162,0.50034,0.06515,0.04980,0.09568
0.06802,0.01155,0.06726,0.02155,0.02902,0.15247,0.01278,0.08803,0.40551,0.14380
0.10885,0.01877,0.14976,0.01406,0.02943,0.08765,0.00458,0.04288,0.37612,0.16791
0.00521,0.00363,0.00516,0.00360,0.00276,0.40453,0.16204,0.40255,0.00438,0.00614
0.07335,0.02262,0.02573,0.02886,0.01145,0.31030,0.26994,0.22239,0.01533,0.02002
0.39524,0.01239,0.00648,0.07015,0.00981,0.03538,0.29312,0.02698,0.05551,0.09494
0.01967,0.04957,0.05764,0.02353,0.02910,0.24901,0.15289,0.16738,0.09546,0.15575
0.08045,0.00382,0.00219,0.00264,0.55038,0.00741,0.32913,0.00769,0.00720,0.00909
