0.01920,0.01188,0.01027,0.02182,0.01019,0.21351,0.21935,0.20903,0.13626,0.14850
0.02301,0.02678,0.01227,0.01230,0.01708,0.01248,0.31962,0.01243,0.27219,0.29185
0.01540,0.00855,0.00459,0.01219,0.01201,0.02367,0.42165,0.02240,0.22113,0.25839
0.01407,0.02970,0.05304,0.03077,0.02259,0.08306,0.11298,0.07310,0.27527,0.30541
0.06544,0.02595,0.01781,0.01538,0.01557,0.14768,0.50657,0.13347,0.02956,0.04258
0.03556,0.04550,0.02179,0.01523,0.03593,0.39701,0.03400,0.37866,0.01512,0.02121
0.03346,0.01540,0.01443,0.01492,0.01199,0.26595,0.09316,0.25638,0.13887,0.15544
0.03256,0.02681,0.07275,0.03917,0.02317,0.01105,0.08629,0.01486,0.36668,0.32666
0.02115,0.00872,0.00828,0.01692,0.01842,0.02114,0.24325,0.02919,0.30599,0.32695
0.00571,0.00854,0.00977,0.00852,0.00794,0.01476,0.29549,0.01704,0.30565,0.32658
0.01312,0.00542,0.00286,0.00845,0.01074,0.28736,0.27621,0.28165,0.05005,0.06414
0.02077,0.02092,0.03658,0.01855,0.02082,0.33620,0.20779,0.30970,0.01516,0.01352
0.19238,0.01379,0.01458,0.02396,0.17927,0.13574,0.15427,0.11867,0.07900,0.08833
0.00997,0.01067,0.01311,0.01251,0.00897,0.13272,0.01777,0.11711,0.32686,0.35032
0.00614,0.02514,0.05759,0.03755,0.05940,0.15233,0.05419,0.14286,0.22410,0.24070
0.02471,0.01755,0.00687,0.01883,0.01399,0.24845,0.06789,0.23796,0.17345,0.19031
0.01230,0.27220,0.27655,0.01445,0.01313,0.00913,0.29580,0.01034,0.04761,0.04848
0.00591,0.01329,0.01315,0.01592,0.01086,0.02646,0.49235,0.01541,0.19781,0.20886
0.01529,0.02491,0.01037,0.01167,0.01350,0.01120,0.82526,0.01005,0.03541,0.04234
0.01694,0.06200,0.03750,0.01608,0.01833,0.01959,0.60967,0.02452,0.08452,0.11086
0.00560,0.00848,0.00313,0.00546,0.00497,0.01099,0.03498,0.00836,0.44039,0.47763
0.00790,0.00787,0.01058,0.01358,0.00727,0.15820,0.34097,0.14803,0.14526,0.16033
0.34937,0.32950,0.01229,0.01833,0.00890,0.02244,0.07948,0.02252,0.06738,0.08979
0.00809,0.01309,0.01822,0.01684,0.01365,0.02260,0.02498,0.01914,0.41661,0.44677
0.00764,0.00759,0.00618,0.00617,0.00379,0.02239,0.60530,0.01354,0.14809,0.17932
0.00726,0.01316,0.02872,0.01157,0.01238,0.01577,0.53792,0.01595,0.16512,0.19214
0.02952,0.04722,0.02053,0.01424,0.02289,0.03709,0.25880,0.03863,0.25559,0.27551
0.04175,0.05939,0.01539,0.01748,0.02108,0.07700,0.64154,0.06031,0.03100,0.03505
0.00595,0.01171,0.01467,0.00941,0.00972,0.04025,0.73159,0.05064,0.06081,0.06525
0.00635,0.00697,0.00825,0.00944,0.01207,0.04413,0.05564,0.03665,0.39000,0.43050
0.01461,0.01081,0.01286,0.00585,0.00828,0.30323,0.02129,0.29692,0.15385,0.17232
0.05298,0.03371,0.02427,0.03508,0.03161,0.11952,0.51025,0.10801,0.03989,0.04467
0.00834,0.00770,0.00824,0.01121,0.00955,0.01671,0.35647,0.01025,0.27262,0.29892
0.02281,0.04795,0.03497,0.05732,0.01816,0.01285,0.15226,0.00996,0.31007,0.33365
0.01133,0.02276,0.01981,0.01130,0.02187,0.05009,0.10671,0.03374,0.34640,0.37599
0.02049,0.01379,0.00651,0.01823,0.01020,0.10768,0.59215,0.09650,0.06315,0.07130
0.00345,0.00225,0.00346,0.00430,0.00439,0.00309,0.87659,0.00376,0.04095,0.05777
0.01888,0.01108,0.01224,0.01262,0.02061,0.07797,0.51472,0.07614,0.11861,0.13714
0.02201,0.02430,0.01655,0.02114,0.03098,0.05778,0.23599,0.04804,0.26235,0.28085
0.09150,0.00749,0.00934,0.00824,0.09415,0.02086,0.57117,0.01344,0.09233,0.09148
0.09444,0.02287,0.04110,0.01604,0.01265,0.31001,0.05924,0.31414,0.05574,0.07377
0.01353,0.01054,0.00696,0.00536,0.00457,0.01113,0.73654,0.00909,0.09753,0.10474
0.00676,0.00754,0.00405,0.00705,0.00956,0.07846,0.04304,0.07574,0.37163,0.39619
0.42276,0.00933,0.00863,0.42230,0.01080,0.01193,0.04235,0.00729,0.03405,0.03056
0.02352,0.01686,0.00751,0.02387,0.01041,0.03405,0.01926,0.02625,0.40437,0.43390
0.01487,0.00955,0.01795,0.00977,0.00371,0.01312,0.86867,0.01056,0.02091,0.03088
0.01135,0.00853,0.01271,0.00938,0.01185,0.02951,0.07374,0.03432,0.39047,0.41813
0.03780,0.02744,0.01028,0.03050,0.02267,0.03049,0.03609,0.03200,0.37160,0.40112
0.01029,0.01346,0.03194,0.01713,0.03025,0.35548,0.14169,0.35331,0.02097,0.02549
0.02853,0.02890,0.02604,0.01258,0.04836,0.00410,0.47617,0.00254,0.17177,0.20101
0.00880,0.00537,0.01055,0.00575,0.00592,0.02461,0.79081,0.01763,0.06065,0.06990
0.00772,0.00470,0.00540,0.00662,0.00803,0.06312,0.79173,0.07039,0.01882,0.02348
0.30529,0.02465,0.01525,0.00955,0.31111,0.01649,0.27663,0.01412,0.01261,0.01430
0.00437,0.00762,0.00489,0.00325,0.00625,0.00689,0.77567,0.00292,0.08681,0.10133
0.01447,0.01286,0.01272,0.00802,0.00995,0.02308,0.76053,0.01580,0.06472,0.07784
0.02972,0.02326,0.01971,0.01430,0.02938,0.16353,0.51373,0.15159,0.02484,0.02995
0.01536,0.00830,0.00732,0.00941,0.00832,0.17985,0.20131,0.17718,0.18344,0.20950
0.00799,0.00929,0.00878,0.01038,0.01296,0.35602,0.19704,0.35132,0.02029,0.02595
0.01693,0.02135,0.01240,0.01457,0.02231,0.01738,0.04020,0.01909,0.40541,0.43036
0.01926,0.03320,0.02582,0.03902,0.03039,0.04356,0.58618,0.03816,0.08904,0.09539
0.01489,0.01686,0.01799,0.02827,0.01991,0.01960,0.63017,0.01865,0.11016,0.12349
0.01074,0.01763,0.01104,0.01696,0.02258,0.39488,0.07148,0.39088,0.02877,0.03506
0.00749,0.00737,0.00537,0.01535,0.02162,0.14999,0.47809,0.14089,0.08016,0.09368
0.01613,0.01726,0.01390,0.00899,0.01618,0.04833,0.76153,0.05494,0.02748,0.03527
0.01606,0.01444,0.02025,0.01565,0.01303,0.02074,0.63449,0.01582,0.10658,0.14294
0.03999,0.01419,0.01736,0.02121,0.01545,0.06004,0.51512,0.05499,0.12177,0.13987
0.01513,0.02100,0.02728,0.02510,0.01783,0.40564,0.03210,0.39011,0.03166,0.03414
0.00551,0.00723,0.00812,0.00903,0.00673,0.35542,0.10442,0.35375,0.06916,0.08063
0.01423,0.01169,0.01078,0.00985,0.00886,0.03347,0.13479,0.02931,0.36031,0.38672
0.00802,0.02781,0.04820,0.02324,0.01616,0.27725,0.09633,0.26735,0.10566,0.12999
0.01047,0.04194,0.01991,0.03280,0.02075,0.19830,0.03996,0.19909,0.21028,0.22651
0.00927,0.00564,0.00436,0.00717,0.00679,0.12162,0.54430,0.11067,0.08776,0.10241
0.00274,0.02008,0.00455,0.00695,0.00612,0.06310,0.02501,0.04982,0.39552,0.42611
0.00351,0.00744,0.00806,0.00598,0.00387,0.25874,0.24124,0.24292,0.10513,0.12310
0.02838,0.01786,0.00762,0.01265,0.02561,0.32013,0.02802,0.30901,0.11241,0.13831
0.00955,0.01453,0.01154,0.02175,0.01170,0.01550,0.32236,0.02159,0.27599,0.29551
0.00439,0.03487,0.03222,0.02262,0.02618,0.01724,0.12793,0.01291,0.35057,0.37106
0.01023,0.02270,0.05008,0.01732,0.01620,0.05278,0.69864,0.05244,0.03606,0.04355
0.02030,0.00780,0.00835,0.00902,0.03035,0.07898,0.59750,0.06268,0.08701,0.09802
0.01005,0.00601,0.00795,0.01094,0.01506,0.16032,0.51515,0.15090,0.05565,0.06798
0.01659,0.02548,0.04060,0.02633,0.01902,0.27185,0.02262,0.27628,0.13638,0.16484
0.01001,0.01573,0.02060,0.01253,0.00922,0.32262,0.28392,0.30081,0.01111,0.01345
0.04236,0.03442,0.01086,0.05861,0.01488,0.05342,0.66568,0.04177,0.03636,0.04165
0.07263,0.03161,0.00869,0.03156,0.02798,0.09959,0.03619,0.08879,0.28426,0.31870
0.01875,0.01366,0.01340,0.01908,0.02333,0.05365,0.71324,0.03264,0.05129,0.06097
0.01061,0.01087,0.01758,0.01625,0.02032,0.11749,0.57280,0.10255,0.06030,0.07123
0.02730,0.03396,0.01213,0.01581,0.01213,0.03007,0.56572,0.02976,0.12761,0.14550
0.01466,0.01498,0.00538,0.01009,0.01063,0.36967,0.01258,0.35897,0.09354,0.10950
0.00890,0.02038,0.01129,0.01146,0.01164,0.06837,0.75277,0.05691,0.02602,0.03226
0.00820,0.00784,0.00510,0.00350,0.00510,0.02950,0.77815,0.02056,0.05787,0.08419
0.01205,0.01138,0.00676,0.01296,0.00490,0.22624,0.15137,0.21280,0.16773,0.19381
0.00683,0.01131,0.00753,0.00547,0.00991,0.27863,0.18345,0.28088,0.09921,0.11677
0.00617,0.01595,0.00574,0.00956,0.01062,0.05805,0.20835,0.04977,0.29892,0.33687
0.05034,0.02579,0.03981,0.03708,0.02382,0.06584,0.64037,0.05440,0.02403,0.03853
0.02261,0.00920,0.00861,0.01172,0.02210,0.22721,0.16829,0.22227,0.14379,0.16420
0.08885,0.05689,0.02212,0.01729,0.03062,0.15986,0.32322,0.14761,0.06650,0.08705
0.02708,0.01479,0.00816,0.02048,0.03332,0.02261,0.51825,0.01529,0.15603,0.18399
0.01584,0.01614,0.01124,0.01416,0.01336,0.15635,0.17586,0.13424,0.22179,0.24102
0.01537,0.01793,0.01449,0.00991,0.01140,0.15790,0.13599,0.15709,0.23398,0.24594
0.01668,0.01472,0.00808,0.02472,0.01077,0.10996,0.59745,0.10199,0.05256,0.06307
0.01159,0.00745,0.00983,0.01050,0.00889,0.24470,0.12159,0.23584,0.16284,0.18677
0.01045,0.01311,0.01049,0.01214,0.01139,0.02458,0.85041,0.03149,0.01717,0.01877
0.00458,0.01022,0.01045,0.00532,0.00546,0.01055,0.02756,0.00714,0.43135,0.48737
0.01455,0.01201,0.01131,0.01494,0.00776,0.02556,0.53446,0.03245,0.16344,0.18352
0.03809,0.02406,0.02075,0.02309,0.01584,0.02066,0.55208,0.02083,0.12882,0.15578
0.00271,0.00468,0.00804,0.00865,0.00553,0.01177,0.08760,0.00990,0.41484,0.44626
0.24554,0.02438,0.02509,0.23860,0.04843,0.01437,0.01403,0.01927,0.18185,0.18843
0.02553,0.01997,0.02104,0.01613,0.01764,0.10902,0.59515,0.09449,0.04785,0.05318
0.00809,0.00480,0.00590,0.00758,0.00438,0.08814,0.01822,0.08159,0.37951,0.40180
0.01391,0.02473,0.01862,0.01474,0.01688,0.01018,0.56868,0.00844,0.15412,0.16970
0.01542,0.01998,0.01073,0.01594,0.00893,0.38492,0.02922,0.38236,0.05903,0.07347
0.01714,0.02415,0.01338,0.01497,0.01800,0.27847,0.19648,0.26448,0.07907,0.09387
0.01766,0.01121,0.01400,0.01293,0.01162,0.38410,0.10528,0.37436,0.03223,0.03661
0.01118,0.02256,0.01853,0.08352,0.05709,0.02392,0.02237,0.02029,0.35244,0.38810
0.00441,0.03679,0.14907,0.07120,0.04478,0.01260,0.41664,0.01076,0.11367,0.14007
0.00952,0.00711,0.00747,0.00391,0.00599,0.03057,0.12017,0.02193,0.38060,0.41273
0.02022,0.01742,0.01605,0.01200,0.02101,0.11298,0.50667,0.11156,0.08709,0.09499
0.00883,0.00828,0.00390,0.01128,0.00795,0.02371,0.03646,0.01967,0.41411,0.46581
0.00814,0.00500,0.00692,0.00497,0.00832,0.01986,0.40269,0.01201,0.24952,0.28258
0.00920,0.01026,0.01507,0.01150,0.01365,0.02273,0.05332,0.01663,0.41296,0.43467
0.05118,0.01775,0.00349,0.02405,0.00897,0.10239,0.16746,0.10429,0.24954,0.27089
0.00576,0.00600,0.67352,0.00566,0.00454,0.01818,0.01852,0.02368,0.11532,0.12882
0.01566,0.05266,0.02559,0.06097,0.05854,0.08453,0.14687,0.07443,0.22567,0.25507
0.01773,0.00895,0.00706,0.01061,0.00593,0.02399,0.82631,0.01711,0.03704,0.04528
0.01176,0.02329,0.01767,0.01570,0.02662,0.03264,0.62175,0.02937,0.09951,0.12169
0.01957,0.01983,0.03044,0.01969,0.04480,0.00612,0.47968,0.00402,0.18324,0.19261
0.01064,0.00699,0.00486,0.00970,0.01378,0.05500,0.30508,0.05229,0.26211,0.27955
0.00330,0.00687,0.00447,0.00423,0.00540,0.37021,0.03773,0.36459,0.09609,0.10712
0.00335,0.00381,0.00425,0.00550,0.00687,0.10239,0.58338,0.08594,0.09396,0.11055
0.02043,0.01916,0.00710,0.00681,0.00593,0.38978,0.01529,0.37887,0.07272,0.08391
0.00406,0.06602,0.02555,0.02692,0.02597,0.06280,0.09199,0.05175,0.32077,0.32418
0.00304,0.00806,0.00522,0.00925,0.00392,0.01193,0.01906,0.00786,0.45418,0.47748
0.00583,0.00629,0.00481,0.00412,0.00487,0.03759,0.14040,0.03190,0.36528,0.39891
0.00493,0.01182,0.02548,0.01808,0.01533,0.09457,0.19762,0.08099,0.26328,0.28792
0.00297,0.00312,0.00330,0.00275,0.00523,0.00870,0.02701,0.00885,0.44651,0.49155
0.00879,0.01332,0.01267,0.02543,0.01107,0.21654,0.44206,0.20245,0.03133,0.03634
0.01474,0.00877,0.00713,0.00645,0.01303,0.01288,0.06588,0.00782,0.41950,0.44380
0.00588,0.00595,0.00473,0.00696,0.00640,0.00995,0.55611,0.01344,0.18687,0.20372
0.02741,0.01745,0.00999,0.01356,0.03592,0.04984,0.14805,0.04251,0.31671,0.33857
0.13546,0.01105,0.14651,0.00595,0.00684,0.01374,0.18898,0.01098,0.22839,0.25210
0.01006,0.00791,0.00843,0.01048,0.01397,0.25202,0.09783,0.25013,0.16685,0.18232
0.01144,0.00867,0.01177,0.02281,0.01479,0.01795,0.11229,0.01564,0.39213,0.39249
0.00541,0.00667,0.00726,0.00880,0.00970,0.32722,0.19872,0.32351,0.05314,0.05956
0.01549,0.00882,0.00861,0.01036,0.00398,0.00914,0.28876,0.00915,0.31534,0.33035
0.01054,0.27892,0.00350,0.00904,0.27695,0.03270,0.02770,0.02088,0.16304,0.17672
0.03919,0.03275,0.00751,0.03722,0.02453,0.10912,0.35650,0.10088,0.14065,0.15167
0.00646,0.01146,0.00951,0.00668,0.00764,0.01891,0.16207,0.02395,0.35549,0.39784
0.00643,0.01306,0.03298,0.03431,0.02983,0.13448,0.07734,0.12543,0.25249,0.29366
0.01326,0.01890,0.01493,0.01513,0.03515,0.01281,0.08219,0.01290,0.38278,0.41194
0.00935,0.01033,0.00993,0.01145,0.00823,0.13075,0.04992,0.12673,0.30756,0.33573
0.00972,0.00451,0.00178,0.00987,0.00939,0.02678,0.30449,0.01624,0.29119,0.32603
0.00569,0.01137,0.01164,0.01569,0.00949,0.02439,0.29276,0.02223,0.29563,0.31110
0.00706,0.01290,0.01344,0.01629,0.01348,0.01399,0.10799,0.01096,0.39585,0.40803
0.00379,0.00608,0.00483,0.00468,0.00395,0.00993,0.08798,0.00637,0.42541,0.44697
0.01496,0.02744,0.02906,0.02459,0.01883,0.22937,0.28017,0.22126,0.07248,0.08184
0.00782,0.03064,0.01341,0.01212,0.02068,0.02670,0.50533,0.02075,0.17511,0.18743
0.01064,0.04495,0.08412,0.00927,0.01999,0.06916,0.67482,0.05030,0.01669,0.02007
0.02969,0.01314,0.02114,0.02621,0.04900,0.02026,0.03151,0.02574,0.38610,0.39721
0.03678,0.02049,0.03399,0.02101,0.01946,0.22953,0.32119,0.21382,0.04817,0.05556
0.01070,0.01145,0.01353,0.00779,0.00686,0.01793,0.30861,0.01575,0.29288,0.31450
0.01047,0.00959,0.01095,0.01318,0.00932,0.09544,0.07360,0.07811,0.33864,0.36070
0.02557,0.01254,0.01443,0.02072,0.00826,0.31555,0.27646,0.30136,0.01213,0.01299
0.00870,0.01488,0.02647,0.01421,0.01318,0.03747,0.26210,0.03750,0.28728,0.29821
0.00743,0.01745,0.11914,0.03375,0.02016,0.02300,0.68829,0.02643,0.02539,0.03896
0.00913,0.00962,0.00622,0.00512,0.00840,0.23951,0.40218,0.23150,0.05023,0.03810
0.01524,0.00701,0.00616,0.00993,0.00634,0.02230,0.15874,0.02193,0.35674,0.39560
0.03793,0.08472,0.12279,0.02166,0.04145,0.04282,0.56447,0.03073,0.02497,0.02846
0.01016,0.02369,0.03597,0.02151,0.02842,0.03396,0.77654,0.02625,0.01509,0.02842
0.00878,0.01499,0.01501,0.00926,0.01240,0.22125,0.46747,0.21920,0.01220,0.01943
0.01299,0.01995,0.02702,0.01438,0.02651,0.13521,0.31242,0.11939,0.15215,0.17998
0.02559,0.01451,0.00805,0.01598,0.02144,0.02190,0.07568,0.01542,0.39029,0.41115
0.00783,0.00921,0.02874,0.01338,0.00813,0.01626,0.44733,0.01144,0.22114,0.23654
0.01086,0.00943,0.01271,0.00834,0.00768,0.17421,0.59891,0.15741,0.00807,0.01237
0.00891,0.01620,0.01286,0.00897,0.00763,0.03985,0.02625,0.04219,0.40812,0.42903
0.02972,0.03992,0.01630,0.01734,0.00960,0.01303,0.79050,0.00932,0.02826,0.04601
0.00587,0.03168,0.11767,0.04744,0.02520,0.03748,0.12646,0.03625,0.27475,0.29720
0.01180,0.01158,0.00617,0.00729,0.01242,0.15569,0.39805,0.14846,0.11758,0.13095
0.01993,0.00829,0.00788,0.02248,0.02231,0.05787,0.03913,0.04625,0.37888,0.39698
0.05317,0.01914,0.02023,0.04937,0.01850,0.01697,0.71356,0.01477,0.04163,0.05265
0.01889,0.01947,0.02165,0.01464,0.01550,0.08226,0.49924,0.07995,0.11829,0.13013
0.00284,0.01053,0.01330,0.00680,0.00465,0.02140,0.24886,0.03365,0.32285,0.33512
0.01395,0.04341,0.01973,0.04778,0.01740,0.11497,0.11111,0.12420,0.24518,0.26226
0.00449,0.00530,0.00769,0.01018,0.00966,0.01160,0.67779,0.01238,0.12665,0.13426
0.00597,0.00936,0.00579,0.00627,0.00936,0.01111,0.61967,0.00870,0.15511,0.16865
0.01666,0.02181,0.01423,0.01018,0.01296,0.05774,0.04059,0.04371,0.37683,0.40530
0.02025,0.10036,0.04254,0.04936,0.05674,0.28212,0.09321,0.27075,0.03889,0.04578
0.00834,0.00754,0.01220,0.01236,0.00869,0.03458,0.19394,0.02747,0.33495,0.35993
0.01128,0.20956,0.20930,0.01137,0.01863,0.03582,0.04580,0.02476,0.20362,0.22987
0.00528,0.00790,0.00887,0.01335,0.00835,0.03073,0.24787,0.01665,0.31216,0.34884
0.00227,0.45562,0.00284,0.00140,0.45794,0.01015,0.03972,0.00986,0.00998,0.01021
0.01011,0.00645,0.00505,0.00747,0.00823,0.44537,0.04222,0.43515,0.01537,0.02458
0.01362,0.01002,0.01208,0.00720,0.00964,0.17286,0.07638,0.15244,0.25583,0.28993
0.03413,0.09095,0.01859,0.02145,0.08106,0.05023,0.33483,0.02784,0.15944,0.18148
0.31403,0.30746,0.01685,0.03359,0.02249,0.03300,0.11349,0.01846,0.05810,0.08251
0.01186,0.02108,0.09953,0.03747,0.05040,0.03639,0.68619,0.02545,0.01491,0.01672
0.01375,0.29722,0.31214,0.01366,0.02274,0.11745,0.05991,0.09930,0.02930,0.03453
0.03884,0.01871,0.01008,0.03799,0.01758,0.02355,0.29015,0.01918,0.25272,0.29120
0.01357,0.01428,0.00947,0.01021,0.00756,0.01259,0.50810,0.00918,0.19975,0.21530
0.02970,0.02071,0.00400,0.10249,0.00626,0.18552,0.36374,0.17112,0.05215,0.06431
0.01189,0.01796,0.02009,0.01798,0.01459,0.01951,0.02685,0.01873,0.41342,0.43898
0.01831,0.02026,0.00557,0.02739,0.01322,0.08675,0.15327,0.07879,0.28382,0.31263
0.24118,0.08464,0.06690,0.03529,0.08917,0.13063,0.16398,0.10836,0.03370,0.04615
0.01527,0.01583,0.01159,0.00993,0.01394,0.02900,0.66879,0.03287,0.09321,0.10956
0.02570,0.00943,0.00558,0.02480,0.01363,0.40983,0.07218,0.41095,0.01184,0.01606
0.01285,0.00650,0.00621,0.00945,0.01134,0.41942,0.02551,0.41957,0.03653,0.05261
0.02938,0.01946,0.02180,0.02954,0.01861,0.04894,0.75411,0.03437,0.01509,0.02870
0.01641,0.00916,0.01182,0.00962,0.00932,0.19325,0.05611,0.18439,0.25405,0.25588
0.02440,0.01357,0.01039,0.01883,0.01601,0.03273,0.38320,0.02816,0.22910,0.24361
0.04731,0.02519,0.04063,0.05442,0.01718,0.01787,0.24702,0.02003,0.25964,0.27070
0.02385,0.01232,0.00593,0.04050,0.05206,0.15219,0.05291,0.14095,0.24085,0.27844
0.00655,0.00813,0.00320,0.00465,0.00672,0.04204,0.11436,0.03709,0.37642,0.40085
0.00690,0.01294,0.01114,0.00556,0.01398,0.16095,0.39707,0.16058,0.11034,0.12054
0.00568,0.00703,0.00593,0.01475,0.00992,0.01770,0.02591,0.02243,0.43274,0.45790
0.00715,0.00983,0.00440,0.01407,0.00346,0.01294,0.42440,0.01167,0.24666,0.26541
0.00307,0.00670,0.01528,0.00695,0.01300,0.08532,0.01411,0.08188,0.37704,0.39664
0.01202,0.01922,0.03188,0.03391,0.02515,0.10951,0.44455,0.09590,0.11102,0.11683
0.05332,0.01692,0.05152,0.01484,0.02734,0.02263,0.04992,0.02215,0.35814,0.38321
0.00477,0.00599,0.00432,0.00416,0.00439,0.01372,0.58408,0.01534,0.17451,0.18874
0.00821,0.05819,0.02041,0.03828,0.02783,0.04927,0.15528,0.04693,0.27870,0.31691
0.01818,0.03964,0.16185,0.06842,0.03781,0.02076,0.11152,0.02664,0.24909,0.26608
0.02010,0.02322,0.01694,0.01478,0.03148,0.17588,0.39387,0.15461,0.07909,0.09003
0.00634,0.01408,0.01328,0.01601,0.02168,0.41363,0.07667,0.40217,0.01744,0.01870
0.02428,0.02111,0.02796,0.01771,0.01588,0.04548,0.07310,0.03846,0.35849,0.37753
0.02469,0.01884,0.00684,0.02012,0.01120,0.01594,0.02855,0.00802,0.43061,0.43519
0.00935,0.06979,0.03997,0.02848,0.03178,0.25129,0.01811,0.24301,0.14132,0.16690
0.02088,0.06968,0.07295,0.02967,0.02703,0.29745,0.05502,0.27960,0.06531,0.08240
0.05239,0.01537,0.02351,0.01455,0.02221,0.07389,0.20562,0.07746,0.24539,0.26960
0.00335,0.00654,0.00618,0.00583,0.00471,0.38081,0.10209,0.36819,0.05670,0.06559
0.00578,0.00925,0.00890,0.02360,0.01087,0.00953,0.89348,0.01109,0.01023,0.01726
0.00550,0.06856,0.02253,0.04715,0.05702,0.02028,0.34225,0.02264,0.19347,0.22060
0.01216,0.01153,0.00557,0.00890,0.01149,0.37777,0.02501,0.36171,0.08274,0.10312
0.01095,0.00534,0.00225,0.01142,0.01106,0.01823,0.27773,0.01776,0.31034,0.33493
0.00439,0.00561,0.00466,0.00605,0.00532,0.01952,0.42159,0.01414,0.24889,0.26982
0.01108,0.01869,0.02280,0.02765,0.01258,0.03465,0.03500,0.02300,0.38791,0.42665
0.02863,0.05178,0.04175,0.03298,0.02128,0.02035,0.66141,0.01492,0.05779,0.06912
0.02294,0.04167,0.02138,0.04320,0.02625,0.17612,0.08335,0.16111,0.20281,0.22118
0.00666,0.01326,0.00767,0.01086,0.00823,0.46239,0.03143,0.44772,0.00577,0.00600
0.01377,0.00903,0.00956,0.00676,0.00796,0.22966,0.01628,0.21869,0.22643,0.26187
0.00850,0.01507,0.01051,0.00658,0.01787,0.14567,0.41402,0.13720,0.10954,0.13504
0.00959,0.04194,0.00277,0.01260,0.03636,0.17889,0.51603,0.15680,0.01797,0.02704
0.00720,0.01272,0.00894,0.00775,0.00704,0.02923,0.72061,0.01833,0.08751,0.10065
0.02487,0.04028,0.01969,0.01702,0.05818,0.00957,0.35592,0.00852,0.22140,0.24453
0.01664,0.01242,0.00600,0.01270,0.01329,0.02661,0.77322,0.01440,0.06276,0.06197
0.09199,0.05411,0.09786,0.02568,0.02856,0.02039,0.14981,0.06236,0.22819,0.24106
0.01737,0.01310,0.00542,0.00784,0.00826,0.43811,0.04018,0.41854,0.02222,0.02896
0.01561,0.02406,0.01379,0.01010,0.00715,0.03989,0.04915,0.02905,0.39117,0.42002
0.00903,0.00674,0.00493,0.00549,0.00707,0.45654,0.02187,0.45444,0.01321,0.02068
0.03980,0.01890,0.01522,0.01923,0.02088,0.03433,0.32811,0.02487,0.24532,0.25335
0.00928,0.01784,0.02528,0.02337,0.02215,0.06004,0.20868,0.04972,0.28156,0.30207
0.24183,0.08170,0.09280,0.11158,0.03326,0.00895,0.22649,0.01412,0.08938,0.09990
0.01998,0.00951,0.00940,0.00958,0.01167,0.15017,0.59666,0.12669,0.02884,0.03749
0.01856,0.01185,0.01205,0.01761,0.01354,0.35327,0.05798,0.35758,0.07508,0.08249
0.00738,0.00593,0.00748,0.00977,0.01500,0.21046,0.03267,0.21218,0.23752,0.26161
0.43071,0.41361,0.02492,0.01737,0.01415,0.01780,0.01807,0.01656,0.02125,0.02555
0.13759,0.02350,0.01129,0.13894,0.02244,0.02080,0.49259,0.01764,0.06592,0.06929
0.01169,0.01320,0.01991,0.01071,0.00821,0.11700,0.03684,0.10623,0.31986,0.35635
0.01789,0.01432,0.00808,0.02019,0.02622,0.05077,0.03307,0.07482,0.36115,0.39350
0.19625,0.02933,0.17993,0.01908,0.01512,0.04787,0.21484,0.04224,0.12368,0.13163
0.15232,0.00870,0.13297,0.00740,0.00430,0.00727,0.08214,0.00900,0.29485,0.30104
0.00288,0.00579,0.00560,0.00861,0.00473,0.36639,0.13389,0.36474,0.04793,0.05946
0.01031,0.02786,0.02954,0.03500,0.02402,0.12294,0.09552,0.10587,0.26290,0.28605
0.01105,0.01537,0.01103,0.01041,0.00929,0.04977,0.52442,0.03702,0.15681,0.17482
0.01508,0.01381,0.00454,0.01069,0.01465,0.03606,0.72479,0.02892,0.06666,0.08479
0.02647,0.02655,0.01811,0.03138,0.05228,0.11032,0.48731,0.10761,0.06044,0.07953
0.00681,0.00682,0.00561,0.00650,0.00747,0.02598,0.15169,0.02167,0.37326,0.39419
0.02543,0.02123,0.01845,0.02730,0.01179,0.02085,0.04033,0.02008,0.39402,0.42051
0.01142,0.01316,0.01262,0.01345,0.01538,0.01687,0.06045,0.01681,0.39802,0.44183
0.00554,0.00820,0.00623,0.00564,0.00479,0.01655,0.88397,0.01808,0.01869,0.03231
0.22537,0.01039,0.00977,0.22664,0.01269,0.02364,0.44424,0.01719,0.01459,0.01547
0.00998,0.00812,0.00671,0.01115,0.00991,0.01218,0.30508,0.01268,0.28359,0.34059
0.00453,0.01808,0.02322,0.02125,0.01806,0.07111,0.51813,0.05282,0.12776,0.14503
0.01812,0.09309,0.05541,0.01669,0.01785,0.01001,0.34388,0.00482,0.21204,0.22809
0.03061,0.02453,0.00817,0.06152,0.02269,0.07399,0.58578,0.08030,0.04922,0.06321
0.01309,0.00922,0.00576,0.01268,0.01095,0.01048,0.03659,0.00706,0.44896,0.44520
0.00605,0.00747,0.01058,0.01034,0.01165,0.24304,0.36706,0.24926,0.03984,0.05472
0.02053,0.00972,0.01079,0.01232,0.01495,0.01565,0.24039,0.01695,0.31521,0.34350
0.02140,0.01377,0.01322,0.01055,0.01093,0.06312,0.76112,0.04967,0.02354,0.03268
0.00910,0.02256,0.02581,0.01236,0.02802,0.15747,0.13779,0.13810,0.21550,0.25329
0.00813,0.26163,0.27230,0.00682,0.01192,0.03452,0.13068,0.02364,0.11992,0.13045
0.02038,0.00712,0.01604,0.00592,0.00443,0.18983,0.34598,0.18416,0.10959,0.11654
0.03011,0.03944,0.01569,0.02395,0.01314,0.09858,0.16734,0.10739,0.23678,0.26758
0.00609,0.00687,0.00440,0.00818,0.00836,0.09659,0.03931,0.09048,0.35853,0.38118
0.40016,0.01268,0.01307,0.01965,0.39614,0.03091,0.04301,0.02453,0.02655,0.03330
0.28554,0.02063,0.01763,0.28252,0.02191,0.09210,0.07446,0.09339,0.05075,0.06107
0.00653,0.01113,0.00698,0.00862,0.00909,0.05334,0.55934,0.04460,0.14345,0.15691
0.04165,0.01858,0.00867,0.03059,0.03112,0.15002,0.02601,0.14174,0.25158,0.30002
0.01380,0.00891,0.41097,0.00918,0.01315,0.22565,0.06270,0.20266,0.02354,0.02944
0.01000,0.01361,0.00868,0.01087,0.00561,0.36431,0.06206,0.34856,0.08114,0.09515
0.00827,0.01192,0.00537,0.00927,0.01292,0.02141,0.74603,0.01499,0.07409,0.09573
0.02178,0.00937,0.00973,0.00925,0.00775,0.01798,0.14751,0.02525,0.35371,0.39766
0.02769,0.02516,0.01200,0.03015,0.02393,0.01274,0.67112,0.01558,0.08204,0.09959
0.36954,0.00570,0.36731,0.00699,0.01517,0.01978,0.12695,0.01758,0.03311,0.03787
0.00418,0.00539,0.01101,0.00581,0.00521,0.35267,0.02494,0.34220,0.11785,0.13074
0.05294,0.01167,0.01871,0.00934,0.00949,0.04429,0.07072,0.03774,0.35774,0.38737
0.11049,0.04308,0.04669,0.03911,0.06917,0.00990,0.52157,0.00747,0.06924,0.08329
0.03208,0.04663,0.01147,0.03533,0.02672,0.32619,0.09662,0.30660,0.05479,0.06358
0.00674,0.01036,0.00987,0.00679,0.00816,0.15678,0.63049,0.13856,0.01677,0.01550
0.01125,0.01493,0.01222,0.00909,0.01665,0.31395,0.22046,0.30829,0.04828,0.04487
0.01014,0.03834,0.01531,0.01541,0.01449,0.01589,0.05882,0.01196,0.39445,0.42519
0.26559,0.26328,0.00460,0.00526,0.00387,0.05914,0.22786,0.05382,0.05044,0.06615
