0.03659,0.06887,0.08469,0.08412,0.28745,0.39314,0.04514
0.02612,0.01473,0.40493,0.02052,0.03141,0.43202,0.07027
0.06029,0.07097,0.03749,0.04629,0.03061,0.06295,0.69140
0.31991,0.16825,0.07470,0.05861,0.09525,0.20175,0.08154
0.17544,0.13713,0.09674,0.02607,0.10389,0.05281,0.40792
0.25890,0.18709,0.04765,0.16849,0.18975,0.02614,0.12197
0.73616,0.05578,0.04523,0.04061,0.04142,0.03823,0.04258
0.25041,0.24322,0.03426,0.03063,0.05399,0.03385,0.35364
0.05250,0.17099,0.12807,0.25115,0.13539,0.10517,0.15673
0.11688,0.18369,0.13143,0.15642,0.20423,0.17203,0.03532
0.11939,0.02842,0.41411,0.04644,0.36161,0.00979,0.02024
0.20984,0.17082,0.21932,0.02632,0.21853,0.08755,0.06762
0.11329,0.13645,0.24159,0.04090,0.27749,0.16289,0.02739
0.02117,0.04715,0.37874,0.04942,0.40634,0.07809,0.01910
0.12990,0.15635,0.12236,0.19742,0.28159,0.06879,0.04359
0.10743,0.04843,0.02796,0.04951,0.15398,0.15109,0.46160
0.24937,0.20266,0.17620,0.07542,0.13821,0.13235,0.02578
0.10205,0.05734,0.30952,0.06210,0.24957,0.18774,0.03168
0.50750,0.03453,0.06115,0.02039,0.05563,0.05310,0.26770
0.08105,0.09051,0.36088,0.01423,0.03619,0.40165,0.01548
0.18333,0.13546,0.25838,0.04823,0.29711,0.02176,0.05573
0.12651,0.03288,0.26256,0.02873,0.26708,0.02063,0.26162
0.13663,0.12964,0.14232,0.02233,0.05814,0.15300,0.35794
0.25939,0.05889,0.15462,0.23581,0.14426,0.12625,0.02078
0.84926,0.01695,0.04652,0.00899,0.04119,0.01752,0.01959
0.45891,0.15280,0.04177,0.12165,0.09949,0.10810,0.01728
0.23232,0.14819,0.21311,0.09968,0.25439,0.01999,0.03232
0.10315,0.31856,0.05624,0.10131,0.07858,0.31338,0.02878
0.22651,0.01903,0.18968,0.18513,0.08258,0.20495,0.09212
0.08146,0.03123,0.08172,0.01951,0.08782,0.03552,0.66273
0.18664,0.17686,0.18181,0.06506,0.10560,0.17549,0.10855
0.05771,0.03091,0.03887,0.04271,0.05946,0.02842,0.74192
0.17508,0.16049,0.22360,0.03171,0.23447,0.09409,0.08058
0.23240,0.11862,0.05081,0.22259,0.20385,0.05804,0.11369
0.19971,0.05221,0.07281,0.18716,0.08601,0.06236,0.33974
0.29438,0.26933,0.14205,0.03365,0.16971,0.06679,0.02410
0.05749,0.02122,0.45716,0.01250,0.25805,0.17296,0.02062
0.09192,0.03065,0.31643,0.05579,0.16983,0.27753,0.05786
0.47729,0.03621,0.09443,0.02066,0.11475,0.02997,0.22669
0.19680,0.10588,0.21733,0.09074,0.16922,0.16943,0.05060
0.15127,0.12149,0.17118,0.13908,0.23670,0.10983,0.07046
0.22886,0.16947,0.10043,0.12548,0.20181,0.03881,0.13514
0.17571,0.15388,0.04174,0.03074,0.04324,0.03265,0.52205
0.03893,0.02190,0.04984,0.01010,0.04364,0.06295,0.77264
0.01998,0.02297,0.41555,0.01556,0.41740,0.09238,0.01616
0.13240,0.04167,0.25502,0.11449,0.27913,0.13916,0.03813
0.05665,0.04574,0.34553,0.02956,0.34991,0.08865,0.08395
0.03902,0.02806,0.37030,0.01353,0.25401,0.22103,0.07406
0.18041,0.15187,0.26342,0.03222,0.29956,0.03169,0.04083
0.19200,0.15924,0.03235,0.06837,0.05890,0.02985,0.45930
0.17353,0.02475,0.04012,0.01338,0.03368,0.03342,0.68113
0.04043,0.02237,0.02180,0.02424,0.02821,0.03078,0.83216
0.09769,0.32660,0.04410,0.13788,0.05052,0.30659,0.03662
0.12291,0.04199,0.24065,0.10229,0.21707,0.18077,0.09433
0.05423,0.06094,0.34450,0.03933,0.35559,0.10990,0.03552
0.16419,0.07286,0.25333,0.10522,0.06888,0.28220,0.05332
0.41216,0.37738,0.05961,0.02524,0.03285,0.07307,0.01968
0.11728,0.02068,0.07414,0.01526,0.19670,0.17417,0.40177
0.19186,0.07468,0.32645,0.03713,0.29130,0.05231,0.02628
0.23150,0.21860,0.19250,0.02703,0.04516,0.21181,0.07339
0.18519,0.12692,0.16256,0.04423,0.18428,0.02781,0.26900
0.28010,0.04180,0.06575,0.02242,0.27531,0.24279,0.07183
0.17447,0.16220,0.05647,0.10088,0.09235,0.07434,0.33929
0.31461,0.29081,0.04959,0.04954,0.08384,0.05292,0.15869
0.03615,0.02751,0.44199,0.01194,0.45463,0.01077,0.01702
0.30433,0.28076,0.13536,0.02415,0.05613,0.13160,0.06768
0.07865,0.05813,0.07158,0.05007,0.08100,0.04002,0.62056
0.10510,0.07709,0.22266,0.04125,0.15883,0.15177,0.24330
0.13191,0.11687,0.29136,0.01833,0.20986,0.18645,0.04522
0.27784,0.08784,0.16964,0.24188,0.12182,0.03561,0.06537
0.02618,0.01975,0.35977,0.02266,0.37993,0.02663,0.16508
0.03785,0.23474,0.06017,0.52653,0.04151,0.06338,0.03582
0.12708,0.07293,0.12406,0.07644,0.16392,0.02836,0.40721
0.29155,0.25066,0.11243,0.04584,0.12284,0.06821,0.10848
0.30828,0.30189,0.04711,0.07225,0.11058,0.05978,0.10011
0.08888,0.09992,0.37223,0.00823,0.02057,0.39393,0.01624
0.39254,0.02902,0.04852,0.37111,0.06244,0.03893,0.05744
0.16469,0.36642,0.07972,0.32369,0.01604,0.01031,0.03913
0.04824,0.03129,0.04219,0.04737,0.07347,0.04032,0.71712
0.29174,0.18179,0.14064,0.13062,0.17368,0.05776,0.02379
0.05698,0.06347,0.08318,0.23831,0.29194,0.06507,0.20106
0.01789,0.01406,0.24063,0.01252,0.06569,0.25077,0.39844
0.22226,0.19498,0.16618,0.09454,0.26292,0.03248,0.02665
0.06398,0.09177,0.03575,0.08998,0.08848,0.07390,0.55612
0.23920,0.18784,0.16328,0.04971,0.19654,0.03867,0.12475
0.04091,0.01750,0.10334,0.02547,0.09493,0.07637,0.64149
0.61211,0.02427,0.27349,0.02562,0.02227,0.01283,0.02942
0.10481,0.40723,0.04003,0.37114,0.03732,0.03183,0.00763
0.03747,0.03788,0.41679,0.01546,0.03260,0.44030,0.01950
0.08530,0.31455,0.05051,0.18662,0.05851,0.24465,0.05986
0.46335,0.23685,0.03554,0.18810,0.04475,0.02241,0.00901
0.44130,0.43513,0.02384,0.02042,0.02865,0.03168,0.01898
0.34142,0.16918,0.03219,0.13148,0.16918,0.13435,0.02220
0.04312,0.02110,0.09768,0.02848,0.07743,0.06554,0.66666
0.13177,0.05276,0.07244,0.09464,0.10216,0.05545,0.49077
0.39259,0.38076,0.08037,0.01750,0.04378,0.06854,0.01646
0.04348,0.05098,0.15422,0.02879,0.08458,0.02672,0.61123
0.06891,0.02410,0.06212,0.36244,0.37405,0.05723,0.05116
0.07276,0.03343,0.32283,0.03638,0.28964,0.14939,0.09557
0.09065,0.22184,0.04364,0.19237,0.12253,0.11510,0.21386
0.08801,0.04884,0.38013,0.05259,0.39906,0.02087,0.01050
0.15240,0.08592,0.23585,0.09627,0.06953,0.30312,0.05691
0.38621,0.21383,0.07015,0.18308,0.06664,0.06278,0.01730
0.08230,0.06633,0.04238,0.05293,0.34424,0.35222,0.05959
0.06669,0.03780,0.21676,0.05324,0.13804,0.21945,0.26803
0.01875,0.01481,0.40784,0.00712,0.25025,0.26810,0.03312
0.08832,0.06489,0.28565,0.03416,0.15247,0.23475,0.13977
0.29970,0.03362,0.09587,0.28858,0.12693,0.04425,0.11106
0.32881,0.13517,0.03021,0.31773,0.10564,0.04028,0.04216
0.06337,0.36594,0.04436,0.02806,0.05966,0.37323,0.06538
0.47212,0.46882,0.01002,0.00460,0.01030,0.00929,0.02484
0.04433,0.02449,0.42177,0.03502,0.43751,0.01873,0.01814
0.05556,0.06141,0.32463,0.05183,0.06612,0.36925,0.07120
0.05441,0.02328,0.23443,0.04793,0.19880,0.13652,0.30462
0.07846,0.06602,0.37245,0.02125,0.39343,0.03875,0.02963
0.29393,0.26018,0.14614,0.03178,0.16274,0.03882,0.06642
0.06955,0.06117,0.37245,0.02624,0.04565,0.40608,0.01887
0.15569,0.16263,0.21314,0.06409,0.11448,0.25908,0.03088
0.02806,0.04648,0.05239,0.03497,0.36716,0.39160,0.07934
0.22907,0.15896,0.20102,0.09818,0.24049,0.02826,0.04402
0.17478,0.15478,0.29404,0.01431,0.32182,0.02301,0.01727
0.08387,0.07233,0.32548,0.01728,0.07835,0.33252,0.09018
0.10829,0.11406,0.30933,0.01979,0.12706,0.29644,0.02501
0.43561,0.04487,0.02823,0.02207,0.10994,0.09385,0.26543
0.36217,0.40720,0.04929,0.02626,0.07683,0.05424,0.02400
0.40385,0.12037,0.03578,0.11656,0.08876,0.14232,0.09236
0.09383,0.07045,0.27750,0.03193,0.27159,0.11530,0.13941
0.01539,0.01561,0.49289,0.01085,0.26199,0.18956,0.01371
0.32435,0.04295,0.09661,0.27818,0.08017,0.10974,0.06800
0.01817,0.33577,0.01386,0.33889,0.11792,0.16559,0.00980
0.44618,0.01953,0.03297,0.43983,0.04195,0.01284,0.00670
0.14421,0.11845,0.30685,0.02876,0.33719,0.02455,0.03999
0.63250,0.04547,0.05246,0.02125,0.03909,0.02241,0.18683
0.18477,0.06179,0.29133,0.02449,0.32826,0.08342,0.02594
0.11899,0.06023,0.32765,0.07098,0.33508,0.05824,0.02882
0.04469,0.31785,0.09378,0.29812,0.05997,0.06029,0.12530
0.15885,0.07903,0.16304,0.12318,0.22751,0.05592,0.19247
0.04740,0.03604,0.06095,0.03220,0.07354,0.02899,0.72088
0.04147,0.03235,0.42006,0.01244,0.42393,0.04955,0.02020
0.22543,0.17015,0.19116,0.03774,0.16549,0.08520,0.12482
0.02571,0.10704,0.20804,0.09084,0.05255,0.06849,0.44732
0.05808,0.07946,0.34718,0.05592,0.39234,0.05172,0.01530
0.02758,0.01360,0.34601,0.01664,0.34731,0.05595,0.19291
0.24233,0.23595,0.13337,0.03911,0.09288,0.15090,0.10546
0.08208,0.03173,0.31406,0.05381,0.10657,0.34043,0.07131
0.09043,0.15663,0.09368,0.06099,0.14306,0.30759,0.14763
0.46439,0.46241,0.01435,0.00836,0.01114,0.01716,0.02218
0.03948,0.02070,0.03261,0.01145,0.42464,0.43566,0.03546
0.11698,0.04059,0.08812,0.09569,0.09232,0.12602,0.44028
0.02652,0.15447,0.04877,0.42739,0.04456,0.04585,0.25243
0.34120,0.02772,0.12123,0.01867,0.14371,0.10110,0.24638
0.27758,0.22070,0.16758,0.06436,0.11696,0.12011,0.03270
0.31035,0.04878,0.06292,0.29820,0.11571,0.06860,0.09543
0.02124,0.01300,0.42169,0.01249,0.43761,0.05434,0.03962
0.32475,0.27287,0.10274,0.07265,0.11797,0.07428,0.03474
0.07412,0.06483,0.32081,0.05436,0.28609,0.13959,0.06020
0.45767,0.03883,0.20967,0.02958,0.22032,0.02490,0.01902
0.04802,0.33064,0.06700,0.02728,0.04394,0.40612,0.07701
0.01842,0.01273,0.18937,0.01328,0.02611,0.20216,0.53792
0.27249,0.24550,0.11942,0.02911,0.06101,0.13181,0.14067
0.23421,0.05814,0.26388,0.03138,0.29167,0.07613,0.04458
0.19513,0.04205,0.11267,0.18098,0.10886,0.15015,0.21016
0.16398,0.09502,0.24247,0.08199,0.23062,0.11676,0.06916
0.04344,0.09483,0.27137,0.06563,0.16933,0.04563,0.30977
0.02700,0.08869,0.11499,0.06453,0.11218,0.07564,0.51697
0.38379,0.38980,0.05587,0.03195,0.07653,0.05315,0.00891
0.34606,0.27710,0.08929,0.06890,0.11794,0.02418,0.07652
0.16031,0.10837,0.07357,0.25612,0.21904,0.11175,0.07084
0.57087,0.15475,0.04153,0.06808,0.03903,0.11068,0.01506
0.49118,0.05394,0.05793,0.02717,0.06192,0.04245,0.26539
0.03492,0.01535,0.23606,0.02139,0.03989,0.25737,0.39502
0.48068,0.07046,0.11243,0.02804,0.10982,0.05051,0.14806
0.08427,0.02120,0.43850,0.01466,0.40303,0.02086,0.01748
0.02503,0.01332,0.12300,0.01282,0.13951,0.04781,0.63850
0.04865,0.32102,0.05364,0.06753,0.08587,0.34925,0.07405
0.03236,0.07690,0.07228,0.06503,0.05341,0.05993,0.64008
0.02002,0.01995,0.43323,0.01347,0.44949,0.03394,0.02990
0.05748,0.03531,0.40262,0.02595,0.03396,0.43215,0.01252
0.03016,0.01613,0.43953,0.02258,0.45872,0.01692,0.01596
0.07766,0.07144,0.29924,0.05030,0.26920,0.20782,0.02433
0.15090,0.21574,0.08895,0.11817,0.14476,0.18499,0.09649
0.03282,0.02056,0.19434,0.01896,0.05801,0.19006,0.48525
0.02578,0.01921,0.04831,0.01257,0.04409,0.04625,0.80379
0.10243,0.07726,0.19360,0.02521,0.05948,0.20193,0.34009
0.14211,0.01988,0.09890,0.09984,0.07782,0.10934,0.45210
0.11887,0.06979,0.14183,0.23393,0.26970,0.13447,0.03141
0.13670,0.06742,0.10602,0.02520,0.10400,0.04692,0.51375
0.06089,0.05346,0.35160,0.01594,0.35275,0.08334,0.08201
0.01837,0.01695,0.40409,0.01713,0.39404,0.12153,0.02789
0.24643,0.33604,0.04886,0.28725,0.03086,0.02312,0.02744
0.09474,0.06382,0.30352,0.03094,0.32796,0.05009,0.12894
0.01589,0.01680,0.05057,0.01008,0.22813,0.21676,0.46177
0.06576,0.11002,0.06477,0.03513,0.09927,0.14400,0.48105
0.19792,0.18842,0.03470,0.02224,0.03849,0.03821,0.48002
0.13429,0.12047,0.04647,0.02617,0.05477,0.05033,0.56750
0.26912,0.24898,0.09290,0.08511,0.17682,0.07262,0.05444
0.03643,0.05472,0.41280,0.02103,0.39406,0.05195,0.02899
0.13922,0.13050,0.05732,0.02914,0.03933,0.08704,0.51746
0.18515,0.01961,0.24602,0.17289,0.25051,0.08424,0.04159
0.13118,0.07733,0.07394,0.05120,0.07932,0.05840,0.52864
0.14798,0.04519,0.22867,0.15374,0.14973,0.24254,0.03215
0.01190,0.28498,0.11346,0.27879,0.07554,0.04763,0.18769
0.03661,0.03258,0.35005,0.01581,0.35754,0.05060,0.15681
0.06905,0.05156,0.23401,0.01833,0.21486,0.10565,0.30654
0.32249,0.29992,0.03579,0.01620,0.03909,0.02378,0.26272
0.26959,0.22580,0.16315,0.06025,0.19760,0.02648,0.05713
0.20703,0.20148,0.18017,0.03041,0.06274,0.23259,0.08558
0.08139,0.26572,0.02177,0.22403,0.15249,0.19567,0.05893
0.06259,0.02864,0.04848,0.04768,0.06728,0.03900,0.70633
0.06826,0.04563,0.19520,0.03700,0.12423,0.17618,0.35350
0.04925,0.23987,0.15463,0.04562,0.17130,0.25085,0.08847
0.29804,0.33037,0.02562,0.14526,0.09698,0.08442,0.01932
0.24083,0.22972,0.18187,0.02952,0.11202,0.16872,0.03731
0.36288,0.35148,0.09751,0.01803,0.11988,0.01088,0.03934
0.12963,0.10602,0.29534,0.04306,0.33976,0.03218,0.05402
0.06606,0.23744,0.15162,0.10703,0.17100,0.21724,0.04962
0.20208,0.17681,0.02302,0.02084,0.02650,0.01912,0.53164
0.22691,0.22389,0.16792,0.02711,0.18740,0.06025,0.10651
0.02089,0.02102,0.37259,0.01698,0.38731,0.05580,0.12540
0.11970,0.07826,0.08734,0.10824,0.13036,0.09047,0.38562
0.35685,0.07913,0.03371,0.33613,0.06177,0.04295,0.08947
0.07766,0.06332,0.31214,0.04145,0.05032,0.36909,0.08603
0.14984,0.12203,0.10226,0.03707,0.05148,0.12651,0.41081
0.04373,0.01827,0.26179,0.02935,0.20640,0.15870,0.28176
0.16711,0.11902,0.03629,0.07650,0.06126,0.06686,0.47296
0.08058,0.18269,0.20040,0.02316,0.18789,0.22753,0.09775
0.03383,0.02795,0.28260,0.02497,0.21742,0.16508,0.24815
0.02319,0.03239,0.31606,0.01431,0.11770,0.30755,0.18881
0.22026,0.17842,0.16910,0.03763,0.15810,0.09718,0.13931
0.31120,0.37609,0.05157,0.03267,0.04669,0.15526,0.02653
0.03958,0.03309,0.32512,0.02430,0.10445,0.33066,0.14279
0.02848,0.04061,0.06035,0.04241,0.38303,0.39498,0.05014
0.12715,0.12746,0.27457,0.05022,0.30239,0.05599,0.06223
0.02790,0.02791,0.39526,0.01504,0.20253,0.31742,0.01394
0.09428,0.03954,0.30542,0.09485,0.38301,0.03676,0.04614
0.05719,0.04044,0.34405,0.03154,0.14644,0.30446,0.07588
0.08979,0.27124,0.22992,0.22989,0.07832,0.03690,0.06394
0.03825,0.03258,0.37065,0.02928,0.35054,0.13952,0.03917
0.19117,0.08745,0.19173,0.12868,0.19592,0.14329,0.06176
0.52790,0.02443,0.23647,0.01462,0.12787,0.01765,0.05106
0.06272,0.04008,0.24711,0.04902,0.16966,0.21186,0.21955
0.10463,0.03651,0.26005,0.06103,0.16166,0.22395,0.15218
0.03177,0.04721,0.02623,0.40971,0.41050,0.03416,0.04042
0.08772,0.06131,0.20892,0.04286,0.23181,0.05725,0.31013
0.05967,0.09559,0.34859,0.01863,0.08112,0.36555,0.03085
0.01376,0.02274,0.47927,0.01682,0.42076,0.02754,0.01912
0.09602,0.09914,0.03312,0.01902,0.04229,0.04908,0.66132
0.57245,0.08218,0.03975,0.04571,0.13031,0.08895,0.04066
0.25343,0.23648,0.18418,0.03137,0.04265,0.21318,0.03871
0.02772,0.37766,0.02916,0.08828,0.03988,0.40116,0.03614
0.02454,0.20157,0.05247,0.04725,0.06738,0.24316,0.36365
0.28400,0.27396,0.16463,0.02740,0.06211,0.17085,0.01706
0.16791,0.06044,0.21898,0.04203,0.19471,0.02986,0.28607
0.09827,0.35975,0.04502,0.08137,0.05140,0.33906,0.02515
0.02020,0.12428,0.40508,0.08931,0.18921,0.07929,0.09264
0.05215,0.12934,0.14223,0.04462,0.18078,0.22232,0.22855
0.08258,0.42481,0.01905,0.42457,0.01743,0.01512,0.01644
0.04073,0.02783,0.15990,0.01897,0.13294,0.08050,0.53913
0.04056,0.03734,0.39606,0.01447,0.40588,0.07495,0.03075
0.06658,0.07879,0.35079,0.05610,0.34622,0.07290,0.02862
0.05952,0.04899,0.23704,0.02190,0.03453,0.25900,0.33902
0.05931,0.32635,0.04648,0.03276,0.05838,0.32681,0.14991
0.09938,0.04474,0.28967,0.03674,0.26931,0.02624,0.23393
0.03834,0.36790,0.02818,0.35508,0.02772,0.04613,0.13665
0.08817,0.02397,0.10109,0.01798,0.37599,0.36236,0.03043
0.05584,0.23311,0.17569,0.05502,0.19644,0.27393,0.00998
0.07265,0.03613,0.36790,0.04862,0.35356,0.09600,0.02514
0.03230,0.03664,0.24449,0.01262,0.05011,0.25426,0.36959
0.02107,0.03635,0.67110,0.02395,0.17415,0.05614,0.01725
0.04407,0.04036,0.13182,0.02677,0.12548,0.11871,0.51279
0.43987,0.26526,0.03218,0.17534,0.03947,0.02785,0.02003
0.04671,0.10287,0.29875,0.03871,0.26668,0.17059,0.07569
0.18195,0.03157,0.06836,0.21088,0.16357,0.05253,0.29113
0.06715,0.02807,0.37403,0.05540,0.39756,0.06578,0.01200
0.02114,0.01529,0.44144,0.01404,0.44977,0.03820,0.02012
0.08023,0.07027,0.26861,0.09260,0.32269,0.06046,0.10516
0.03169,0.02055,0.33418,0.02507,0.06802,0.34889,0.17160
0.04787,0.02459,0.05809,0.01893,0.17172,0.17250,0.50631
0.13862,0.04697,0.26710,0.08117,0.11647,0.27425,0.07541
0.17555,0.06071,0.24408,0.10432,0.22457,0.04120,0.14958
0.10733,0.13233,0.07101,0.06554,0.09368,0.14148,0.38863
0.24782,0.17760,0.13130,0.13187,0.15726,0.06409,0.09006
0.13319,0.11534,0.05300,0.26965,0.28553,0.06091,0.08239
0.07693,0.04292,0.29230,0.04024,0.28819,0.07920,0.18023
0.06472,0.02705,0.32539,0.03805,0.09609,0.34114,0.10757
0.02750,0.25130,0.13248,0.06085,0.18017,0.32612,0.02158
0.25559,0.21751,0.20176,0.03087,0.22445,0.02564,0.04418
0.03321,0.01433,0.42840,0.01186,0.03196,0.47234,0.00791
0.18528,0.02010,0.25111,0.15785,0.22734,0.14286,0.01547
0.26512,0.03137,0.14432,0.24224,0.17690,0.10326,0.03680
0.06107,0.07187,0.33402,0.03500,0.34694,0.08095,0.07016
0.21937,0.04183,0.04950,0.02408,0.06062,0.03452,0.57008
0.11628,0.06077,0.02068,0.05522,0.31577,0.40437,0.02692
0.03333,0.05266,0.18576,0.02273,0.16524,0.10852,0.43176
0.11175,0.07879,0.28603,0.04764,0.20190,0.19166,0.08224
0.10785,0.11520,0.03472,0.17429,0.15075,0.06216,0.35503
0.06379,0.05675,0.39226,0.02422,0.40341,0.04074,0.01884
0.01777,0.09695,0.04002,0.18758,0.03438,0.04191,0.58139
0.48781,0.08121,0.06577,0.05744,0.07878,0.06328,0.16572
0.03096,0.02237,0.36364,0.02586,0.11941,0.36226,0.07550
