0.33736,0.09050,0.01977,0.02060,0.10558,0.00754,0.00711,0.14829,0.01756,0.00979,0.01191,0.00558,0.00812,0.21029
0.17548,0.19360,0.06314,0.00906,0.21776,0.01090,0.00781,0.12367,0.07887,0.01645,0.00754,0.01012,0.00971,0.07588
0.05630,0.21800,0.01282,0.01282,0.15843,0.08215,0.04926,0.01182,0.10733,0.09885,0.01588,0.01936,0.04295,0.11403
0.13549,0.10094,0.01145,0.01026,0.25459,0.03284,0.01048,0.01416,0.02456,0.19239,0.01716,0.01762,0.03346,0.14460
0.22073,0.09049,0.01943,0.01592,0.06503,0.10584,0.04179,0.01376,0.02229,0.05420,0.02090,0.05503,0.02486,0.24973
0.04393,0.13770,0.03830,0.02683,0.15208,0.02006,0.12245,0.03130,0.05106,0.02086,0.03925,0.06868,0.10211,0.14539
0.03149,0.08572,0.05206,0.01906,0.10324,0.03978,0.05125,0.01129,0.09040,0.02989,0.37622,0.06176,0.01532,0.03251
0.07282,0.21030,0.12687,0.12430,0.22639,0.02141,0.00476,0.01570,0.02096,0.02901,0.01648,0.01605,0.02715,0.08780
0.03410,0.18200,0.03963,0.01578,0.17101,0.13164,0.01312,0.01563,0.11399,0.04923,0.01259,0.11272,0.04097,0.06758
0.12618,0.18617,0.02016,0.01405,0.20608,0.04274,0.01714,0.02041,0.01960,0.01834,0.00854,0.05606,0.07312,0.19140
0.27021,0.01830,0.01069,0.01124,0.01719,0.02338,0.01960,0.01229,0.10614,0.11480,0.08511,0.01931,0.00604,0.28570
0.07211,0.20115,0.03941,0.02003,0.21729,0.07868,0.03073,0.05344,0.07831,0.01749,0.02849,0.08711,0.02017,0.05558
0.16179,0.11712,0.03141,0.01148,0.12626,0.00782,0.01225,0.01480,0.16601,0.15926,0.00675,0.00760,0.01320,0.16428
0.20674,0.16675,0.01963,0.01084,0.18659,0.03822,0.01047,0.01585,0.03817,0.01185,0.03207,0.03512,0.01709,0.21060
0.04150,0.12153,0.02713,0.02977,0.32879,0.02113,0.01504,0.04770,0.04415,0.24013,0.00941,0.01725,0.01989,0.03657
0.05778,0.19698,0.01230,0.01181,0.21367,0.18776,0.01660,0.03247,0.01074,0.01619,0.00650,0.18673,0.00662,0.04386
0.12384,0.20700,0.07756,0.00661,0.22790,0.02687,0.00476,0.01113,0.10925,0.01268,0.02167,0.02046,0.01651,0.13377
0.08366,0.07718,0.01068,0.01038,0.08033,0.02222,0.01815,0.02103,0.01326,0.01365,0.54891,0.01265,0.00503,0.08287
0.04298,0.03018,0.05487,0.02246,0.04390,0.01992,0.01757,0.02239,0.24946,0.23501,0.18661,0.01593,0.01759,0.04113
0.11223,0.11511,0.00928,0.01566,0.11247,0.14154,0.01329,0.01595,0.07602,0.07302,0.03868,0.10627,0.03528,0.13520
0.04582,0.30156,0.03587,0.02988,0.32204,0.02657,0.01007,0.05593,0.05868,0.01809,0.04290,0.02483,0.01152,0.01624
0.28035,0.07106,0.02029,0.00968,0.08605,0.02916,0.01282,0.21878,0.02457,0.01907,0.12169,0.02858,0.00880,0.06912
0.21022,0.08202,0.05027,0.01856,0.12639,0.00908,0.00875,0.01531,0.10709,0.12594,0.00659,0.00795,0.01175,0.22007
0.25969,0.11465,0.01474,0.01225,0.12956,0.01566,0.01701,0.03437,0.04314,0.03420,0.01606,0.01387,0.03199,0.26281
0.03097,0.34282,0.01391,0.01787,0.34787,0.01590,0.01074,0.03248,0.02457,0.01490,0.04324,0.03785,0.02236,0.04453
0.30747,0.02850,0.03310,0.01971,0.02954,0.01748,0.01582,0.01993,0.04560,0.03235,0.01704,0.01903,0.05716,0.35727
0.06088,0.09110,0.05756,0.02670,0.10917,0.15314,0.02377,0.03836,0.11858,0.06816,0.01871,0.16783,0.01978,0.04627
0.03590,0.10663,0.02491,0.01949,0.12262,0.25772,0.00982,0.02590,0.02904,0.03439,0.00843,0.25127,0.02953,0.04434
0.04440,0.27200,0.02626,0.02422,0.28542,0.01293,0.00529,0.01522,0.01828,0.01954,0.00853,0.00711,0.10732,0.15345
0.26579,0.04891,0.10293,0.01833,0.05611,0.01055,0.00869,0.24527,0.12010,0.00995,0.05458,0.01371,0.01061,0.03446
0.34649,0.03339,0.03058,0.01613,0.04164,0.03838,0.01084,0.26262,0.01976,0.02166,0.01223,0.03790,0.01208,0.11629
0.17399,0.11316,0.03229,0.04880,0.12550,0.06440,0.01828,0.03629,0.03660,0.01605,0.02575,0.08654,0.03171,0.19064
0.10973,0.24279,0.02053,0.02157,0.19681,0.03251,0.01092,0.02011,0.09222,0.10222,0.02483,0.00725,0.00831,0.11021
0.00992,0.40976,0.00801,0.01839,0.41589,0.01234,0.01033,0.01564,0.02244,0.02193,0.00589,0.00501,0.01588,0.02856
0.06398,0.07846,0.01385,0.02857,0.13635,0.02530,0.01565,0.02117,0.03538,0.11802,0.00748,0.00924,0.18727,0.25930
0.30233,0.03291,0.01962,0.02170,0.03835,0.02372,0.03459,0.01297,0.01170,0.01246,0.08358,0.05280,0.01733,0.33594
0.10828,0.03223,0.04953,0.05828,0.03230,0.03003,0.01915,0.04834,0.02417,0.02567,0.36056,0.01757,0.06981,0.12408
0.20159,0.08345,0.03548,0.01993,0.20475,0.01700,0.03329,0.01198,0.01427,0.14000,0.01526,0.01348,0.01129,0.19824
0.02764,0.16198,0.04004,0.04511,0.19891,0.02256,0.01132,0.03736,0.01934,0.03539,0.32569,0.01943,0.02972,0.02550
0.26941,0.08646,0.01713,0.01973,0.09040,0.01937,0.03049,0.02021,0.02513,0.02977,0.05349,0.00818,0.02438,0.30586
0.05820,0.27736,0.01267,0.02141,0.29059,0.07524,0.01210,0.04182,0.04988,0.03541,0.00930,0.05287,0.02228,0.04086
0.10967,0.01955,0.12880,0.20776,0.02797,0.00780,0.00589,0.10372,0.11132,0.11000,0.01739,0.00684,0.01563,0.12767
0.06301,0.09270,0.02082,0.02242,0.11852,0.24117,0.01372,0.07663,0.02057,0.03061,0.03058,0.21059,0.03953,0.01912
0.11973,0.07563,0.01764,0.05460,0.14243,0.03523,0.05172,0.02275,0.02128,0.05617,0.12051,0.01818,0.07803,0.18611
0.21517,0.14686,0.03519,0.05176,0.16519,0.01378,0.03343,0.04482,0.02693,0.01205,0.01109,0.01787,0.00935,0.21652
0.11713,0.10358,0.00873,0.00689,0.11398,0.03573,0.36165,0.00937,0.01629,0.03308,0.01535,0.03789,0.01920,0.12112
0.03637,0.18088,0.02130,0.02007,0.17417,0.08966,0.03674,0.01620,0.02587,0.02719,0.16438,0.06939,0.05560,0.08217
0.05123,0.19091,0.01288,0.00864,0.06783,0.13014,0.02909,0.01318,0.17016,0.18758,0.01884,0.01113,0.02871,0.07968
0.02333,0.20670,0.17826,0.17219,0.22135,0.01724,0.00563,0.01068,0.04130,0.02967,0.03610,0.01516,0.01551,0.02688
0.05612,0.09109,0.02387,0.00799,0.12592,0.00928,0.49504,0.02146,0.03026,0.02947,0.01120,0.03220,0.01771,0.04839
0.02149,0.23180,0.03261,0.16898,0.24606,0.01530,0.02042,0.16398,0.02113,0.02182,0.01266,0.01325,0.01007,0.02043
0.04204,0.20952,0.00774,0.00454,0.22494,0.04167,0.04058,0.00356,0.01367,0.01205,0.30028,0.03661,0.01143,0.05136
0.14324,0.08112,0.01930,0.02708,0.08284,0.02307,0.00716,0.03149,0.01223,0.01065,0.38899,0.01598,0.00748,0.14935
0.13823,0.09095,0.05826,0.01184,0.10277,0.01694,0.02308,0.02267,0.19770,0.16199,0.01690,0.01663,0.00546,0.13656
0.12678,0.03878,0.07642,0.07498,0.03520,0.02610,0.01470,0.04034,0.19057,0.19175,0.03079,0.01476,0.00660,0.13223
0.08528,0.25229,0.01571,0.01052,0.26583,0.05862,0.07991,0.04645,0.02400,0.01271,0.00600,0.06002,0.01579,0.06687
0.06702,0.39053,0.00462,0.00502,0.40268,0.00985,0.00545,0.06662,0.00752,0.00700,0.00675,0.00596,0.00623,0.01475
0.06964,0.11717,0.05859,0.02104,0.31364,0.01425,0.02003,0.01843,0.04838,0.19140,0.03255,0.01974,0.01029,0.06487
0.06409,0.13366,0.02209,0.02095,0.19547,0.01607,0.19740,0.01209,0.06534,0.11182,0.06219,0.01429,0.01122,0.07333
0.36553,0.02205,0.01630,0.00878,0.02768,0.03774,0.00868,0.34075,0.02356,0.01738,0.05798,0.02442,0.01734,0.03181
0.16107,0.24412,0.01574,0.01261,0.26151,0.01610,0.00778,0.15788,0.01793,0.00946,0.03476,0.01227,0.01698,0.03179
0.15136,0.10083,0.07458,0.01917,0.11094,0.02994,0.03774,0.15202,0.15387,0.01537,0.00923,0.10034,0.02322,0.02138
0.08213,0.15903,0.03121,0.03381,0.16393,0.01666,0.28552,0.01673,0.01674,0.02279,0.05276,0.01143,0.01286,0.09441
0.01992,0.14501,0.03262,0.01021,0.37277,0.02256,0.09772,0.01092,0.02162,0.21133,0.01078,0.01792,0.01039,0.01623
0.31976,0.06180,0.03787,0.03256,0.07398,0.01088,0.01022,0.13689,0.03996,0.01713,0.02563,0.01445,0.01090,0.20797
0.04146,0.12165,0.02321,0.01166,0.26825,0.01232,0.24007,0.03030,0.03427,0.13616,0.03513,0.00887,0.01112,0.02555
0.04447,0.06258,0.07333,0.07062,0.07925,0.20971,0.08246,0.03723,0.02474,0.01537,0.01011,0.21142,0.02367,0.05503
0.09461,0.07918,0.00940,0.00844,0.07345,0.04936,0.05250,0.02040,0.12022,0.12758,0.23290,0.02936,0.00937,0.09321
0.26513,0.08655,0.02603,0.01832,0.08533,0.02569,0.02221,0.17126,0.03266,0.01141,0.06315,0.03619,0.02327,0.13280
0.04177,0.08227,0.02352,0.01662,0.05756,0.06899,0.00929,0.01163,0.06365,0.07112,0.02549,0.03180,0.22767,0.26862
0.06095,0.32826,0.01406,0.03251,0.18413,0.16101,0.00592,0.01975,0.02915,0.03893,0.02097,0.01534,0.01296,0.07608
0.13174,0.04152,0.03339,0.03178,0.08867,0.03597,0.00981,0.02469,0.14689,0.18385,0.03540,0.02657,0.04199,0.16772
0.08963,0.13905,0.07561,0.02969,0.16034,0.12752,0.01003,0.03944,0.07143,0.01433,0.00942,0.14556,0.00673,0.08122
0.21861,0.11357,0.02549,0.01224,0.13017,0.05551,0.03329,0.01416,0.04747,0.03221,0.03523,0.04854,0.01292,0.22058
0.03206,0.08045,0.02804,0.04000,0.08557,0.04295,0.02219,0.03603,0.04309,0.05647,0.41147,0.02493,0.04433,0.05242
0.02383,0.26935,0.04087,0.02191,0.31316,0.02459,0.06574,0.01007,0.06779,0.08858,0.00981,0.03407,0.00848,0.02175
0.03502,0.08780,0.26347,0.00908,0.14133,0.01983,0.01497,0.02374,0.27864,0.03016,0.01584,0.05235,0.00721,0.02057
0.09702,0.04751,0.11436,0.11075,0.05920,0.01822,0.06739,0.10606,0.16134,0.05774,0.02079,0.03101,0.00815,0.10048
0.16030,0.04862,0.01880,0.03138,0.07351,0.01033,0.01152,0.03643,0.03050,0.03532,0.01216,0.00821,0.18807,0.33484
0.14359,0.15411,0.01631,0.09353,0.16152,0.01724,0.05479,0.17985,0.04440,0.02756,0.01054,0.01785,0.02974,0.04896
0.02210,0.24390,0.17276,0.16312,0.25564,0.02746,0.01407,0.00876,0.01178,0.01750,0.01228,0.01357,0.01255,0.02451
0.23073,0.04476,0.04172,0.01161,0.05547,0.00792,0.02492,0.22718,0.18834,0.10634,0.01265,0.02586,0.00794,0.01456
0.25875,0.09891,0.03474,0.03922,0.12913,0.01009,0.01425,0.09318,0.04593,0.04948,0.01081,0.00983,0.01021,0.19546
0.12272,0.12602,0.14306,0.13110,0.14898,0.02839,0.01946,0.01764,0.02913,0.02132,0.01004,0.03661,0.02188,0.14364
0.07531,0.02955,0.16679,0.13553,0.04591,0.01289,0.02093,0.03433,0.18939,0.16464,0.01433,0.01690,0.01183,0.08166
0.14847,0.23501,0.01613,0.01146,0.25738,0.01802,0.01637,0.14137,0.01611,0.01947,0.07116,0.01322,0.01003,0.02580
0.32585,0.02564,0.02063,0.00622,0.02840,0.04102,0.05715,0.28747,0.03359,0.02223,0.01513,0.04005,0.02822,0.06842
0.04759,0.10400,0.13332,0.01963,0.16472,0.09512,0.01733,0.01850,0.14983,0.04303,0.01242,0.04561,0.11180,0.03710
0.09762,0.14452,0.02507,0.02357,0.14283,0.03343,0.01982,0.04318,0.03071,0.01912,0.04387,0.01543,0.13560,0.22525
0.23747,0.02528,0.03834,0.04406,0.03680,0.02605,0.07531,0.26866,0.09014,0.08070,0.00894,0.02410,0.01603,0.02812
0.03128,0.23370,0.12207,0.09610,0.26765,0.00722,0.00893,0.06319,0.09670,0.01191,0.01528,0.01031,0.00417,0.03147
0.12429,0.01559,0.30045,0.29929,0.02116,0.01571,0.02833,0.01533,0.00861,0.00817,0.01065,0.02485,0.00457,0.12299
0.17258,0.06843,0.03587,0.02755,0.08240,0.09515,0.03595,0.01594,0.06900,0.07169,0.01474,0.05450,0.07692,0.17929
0.05037,0.21656,0.01308,0.01167,0.28457,0.07304,0.05529,0.01311,0.02798,0.06366,0.03994,0.06080,0.02067,0.06925
0.08040,0.13151,0.15133,0.13683,0.15564,0.03055,0.02110,0.02074,0.04805,0.01430,0.04684,0.03912,0.04001,0.08358
0.11697,0.12614,0.06441,0.01317,0.08460,0.11543,0.00563,0.01405,0.10758,0.01572,0.14976,0.05583,0.01372,0.11700
0.04185,0.18992,0.12730,0.10393,0.21519,0.01952,0.00548,0.06460,0.09726,0.02030,0.03953,0.02368,0.01524,0.03618
0.02173,0.19632,0.03745,0.01074,0.22382,0.14954,0.00738,0.01053,0.06991,0.01463,0.07401,0.13576,0.02617,0.02200
0.06862,0.16257,0.02101,0.01781,0.32763,0.01595,0.05682,0.02916,0.02251,0.15594,0.02089,0.01346,0.01793,0.06970
0.02827,0.19656,0.02021,0.03354,0.13110,0.15474,0.01851,0.04880,0.09641,0.15420,0.01568,0.02733,0.03312,0.04152
0.06687,0.10083,0.02625,0.01512,0.34751,0.01228,0.01420,0.01486,0.03183,0.25086,0.01505,0.02226,0.01529,0.06679
0.06550,0.05366,0.01931,0.01947,0.11502,0.01007,0.32605,0.01603,0.09999,0.14962,0.03471,0.00661,0.01142,0.07254
0.05318,0.02141,0.02337,0.05193,0.02546,0.00925,0.00752,0.06576,0.03366,0.01683,0.62312,0.00879,0.01159,0.04813
0.01837,0.14745,0.01571,0.01346,0.15062,0.02451,0.00713,0.02043,0.01489,0.01146,0.03200,0.01029,0.25414,0.27953
0.02001,0.13797,0.01602,0.01193,0.14838,0.24754,0.07993,0.01612,0.02677,0.02697,0.00800,0.22889,0.01245,0.01902
0.03507,0.14033,0.03767,0.00993,0.04668,0.27073,0.02803,0.01366,0.10488,0.01487,0.01686,0.24370,0.00975,0.02785
0.02528,0.05751,0.02444,0.00859,0.15515,0.01895,0.49996,0.01960,0.03107,0.07193,0.01672,0.01882,0.02174,0.03022
0.18807,0.05183,0.01433,0.07380,0.05842,0.02821,0.00872,0.06779,0.10135,0.09320,0.09958,0.01467,0.01301,0.18703
0.16687,0.02823,0.01985,0.01837,0.03767,0.13041,0.03407,0.01488,0.05704,0.06132,0.01878,0.06581,0.14643,0.20026
0.01977,0.04826,0.07877,0.02347,0.05450,0.01567,0.00746,0.01183,0.09370,0.01918,0.56199,0.02803,0.01182,0.02555
0.07818,0.02561,0.01798,0.01941,0.04034,0.27514,0.12432,0.02095,0.01391,0.02164,0.00702,0.26337,0.00935,0.08280
0.05147,0.12640,0.02239,0.01064,0.28424,0.04094,0.02753,0.06050,0.02941,0.17480,0.00692,0.06778,0.07442,0.02256
0.14872,0.09504,0.12063,0.11507,0.12371,0.03024,0.01594,0.01105,0.02008,0.03053,0.08827,0.02372,0.01601,0.16101
0.10999,0.10718,0.03439,0.03887,0.12621,0.01405,0.03066,0.03014,0.03071,0.01976,0.30635,0.01325,0.01678,0.12166
0.11292,0.05348,0.00959,0.10792,0.06425,0.06730,0.00689,0.09233,0.01281,0.01486,0.27650,0.04444,0.02180,0.11492
0.11862,0.32211,0.01463,0.00695,0.33637,0.01266,0.00799,0.00941,0.01466,0.01107,0.00808,0.01442,0.00689,0.11614
0.25388,0.15972,0.01564,0.00488,0.17507,0.01270,0.01411,0.00647,0.01964,0.01424,0.04823,0.01212,0.00496,0.25835
0.15706,0.16815,0.07699,0.09940,0.18110,0.01672,0.01329,0.03908,0.01568,0.01254,0.01795,0.02110,0.01447,0.16646
0.17987,0.08896,0.02741,0.01276,0.11153,0.05171,0.01049,0.02036,0.12160,0.11110,0.01425,0.03481,0.04180,0.17334
0.02406,0.06446,0.19156,0.24210,0.08205,0.01398,0.07588,0.08896,0.03631,0.02081,0.10196,0.01348,0.01377,0.03061
0.02120,0.02016,0.04247,0.00874,0.02900,0.02400,0.00531,0.01764,0.30839,0.26891,0.00555,0.01637,0.10980,0.12246
0.02760,0.12356,0.01208,0.01031,0.14400,0.03322,0.02952,0.01883,0.01531,0.01332,0.03930,0.02486,0.25569,0.25238
0.02710,0.08081,0.02392,0.05865,0.17965,0.09511,0.08659,0.03328,0.01345,0.07066,0.07233,0.08536,0.07963,0.09347
0.03237,0.11112,0.01531,0.02128,0.12194,0.02077,0.00807,0.02638,0.02873,0.01810,0.02742,0.01005,0.26150,0.29696
0.04635,0.05587,0.00774,0.02568,0.06216,0.32331,0.01527,0.03077,0.02872,0.04071,0.00741,0.29738,0.01526,0.04337
0.10811,0.15077,0.01027,0.00716,0.18345,0.12314,0.00637,0.01099,0.02815,0.05145,0.01239,0.03899,0.15970,0.10907
0.03445,0.09013,0.03980,0.02917,0.09760,0.02146,0.01221,0.02754,0.05740,0.02997,0.02037,0.07196,0.22067,0.24726
0.14241,0.21503,0.00850,0.01665,0.22075,0.07931,0.01009,0.14474,0.02071,0.02080,0.02387,0.06017,0.01370,0.02327
0.13749,0.13598,0.02629,0.15767,0.14034,0.03201,0.00424,0.15419,0.01303,0.01207,0.02439,0.01566,0.01739,0.12927
0.03490,0.10502,0.01876,0.00836,0.10744,0.23439,0.02524,0.01118,0.04717,0.04687,0.08983,0.18903,0.04604,0.03577
0.12980,0.16031,0.01244,0.02333,0.16380,0.02152,0.04549,0.13235,0.10638,0.11501,0.01159,0.01392,0.02321,0.04086
0.02663,0.09632,0.24113,0.03262,0.18257,0.01820,0.01601,0.02647,0.23308,0.05542,0.02655,0.01673,0.00693,0.02135
0.01668,0.08253,0.00638,0.00765,0.10986,0.21977,0.01518,0.01426,0.10395,0.07310,0.03908,0.14226,0.15468,0.01463
0.03845,0.33198,0.03119,0.03631,0.34033,0.01392,0.00929,0.07610,0.04561,0.01783,0.01285,0.01194,0.00915,0.02505
0.09831,0.22803,0.04213,0.01105,0.24981,0.02185,0.00933,0.01661,0.10011,0.04755,0.00778,0.04329,0.02759,0.09657
0.15969,0.05267,0.02366,0.01712,0.05059,0.03378,0.27275,0.01978,0.06187,0.05142,0.00847,0.04727,0.02905,0.17189
0.07090,0.34643,0.01762,0.01323,0.36576,0.00984,0.00412,0.06086,0.02131,0.01629,0.02941,0.00910,0.00917,0.02596
0.11249,0.19486,0.02689,0.01865,0.21087,0.01888,0.16672,0.01344,0.04197,0.03947,0.00635,0.02665,0.00765,0.11509
0.12507,0.09859,0.01240,0.06501,0.09482,0.05339,0.00942,0.05130,0.01896,0.01890,0.24427,0.03203,0.02791,0.14791
0.10237,0.02184,0.18537,0.01147,0.03459,0.02384,0.04201,0.00886,0.24638,0.02525,0.02053,0.11541,0.02085,0.14123
0.06158,0.29839,0.01494,0.02128,0.07325,0.24081,0.00708,0.06012,0.01305,0.01950,0.12847,0.02540,0.00904,0.02709
0.13729,0.04959,0.04278,0.03660,0.08681,0.02192,0.01246,0.02894,0.14605,0.14375,0.08675,0.00933,0.04014,0.15759
0.07697,0.12639,0.01003,0.00595,0.12852,0.04110,0.40559,0.01585,0.02535,0.03003,0.00535,0.04547,0.01402,0.06937
0.06674,0.19298,0.11509,0.08608,0.20977,0.04780,0.01329,0.04440,0.04545,0.03720,0.01206,0.05369,0.00825,0.06721
0.02077,0.06589,0.00943,0.01266,0.05939,0.11437,0.00960,0.01309,0.27546,0.24477,0.02350,0.04536,0.08248,0.02322
0.04885,0.13342,0.05729,0.02190,0.16755,0.07041,0.21820,0.01796,0.06992,0.03279,0.01055,0.08914,0.01087,0.05114
0.13391,0.27166,0.01667,0.01043,0.29466,0.02444,0.00894,0.04041,0.01374,0.01785,0.03510,0.01605,0.00545,0.11068
0.01407,0.05333,0.03554,0.01420,0.05377,0.08821,0.48174,0.01206,0.06700,0.06485,0.01507,0.06448,0.02049,0.01519
0.17717,0.09786,0.01816,0.00481,0.10265,0.14497,0.01118,0.01261,0.07232,0.02645,0.00504,0.13540,0.01690,0.17449
0.10830,0.18403,0.06229,0.09120,0.21060,0.02008,0.02289,0.11411,0.03714,0.03405,0.03085,0.01443,0.05175,0.01829
0.02952,0.07920,0.06442,0.04026,0.15115,0.09883,0.13093,0.01552,0.04869,0.06290,0.14004,0.09137,0.01183,0.03533
0.04090,0.21993,0.05145,0.01752,0.25040,0.05077,0.04617,0.01308,0.06254,0.03070,0.01693,0.07375,0.06231,0.06353
0.03850,0.22840,0.01642,0.00657,0.20372,0.16281,0.04132,0.01906,0.02744,0.01242,0.06135,0.12613,0.01273,0.04316
0.03069,0.03144,0.01658,0.01084,0.03387,0.37968,0.01045,0.01649,0.03152,0.00646,0.00535,0.39310,0.00465,0.02889
0.27267,0.07058,0.04134,0.02550,0.08948,0.04021,0.01409,0.20048,0.05652,0.01457,0.02294,0.03342,0.02661,0.09159
0.04203,0.07762,0.01830,0.02284,0.09007,0.02707,0.13204,0.03038,0.01793,0.01648,0.02376,0.02880,0.21474,0.25795
0.02475,0.08749,0.03668,0.02993,0.10788,0.01300,0.01613,0.01225,0.02437,0.02303,0.56193,0.01247,0.01965,0.03044
0.05632,0.08115,0.20491,0.23423,0.10098,0.02666,0.01246,0.05845,0.05478,0.04794,0.01587,0.02325,0.02183,0.06118
0.05820,0.14738,0.02665,0.01507,0.16476,0.02697,0.01308,0.01224,0.03699,0.02720,0.04420,0.01650,0.18211,0.22866
0.12737,0.15036,0.06848,0.02076,0.18245,0.08383,0.01291,0.01490,0.07075,0.02329,0.01416,0.09118,0.00776,0.13182
0.19750,0.20285,0.01511,0.01726,0.21574,0.01634,0.01116,0.18781,0.03111,0.02465,0.00682,0.01307,0.02123,0.03935
0.18569,0.15658,0.00873,0.01986,0.17017,0.09292,0.00708,0.07178,0.02641,0.01418,0.00879,0.07666,0.02781,0.13334
0.20544,0.22063,0.00911,0.01138,0.23619,0.02141,0.01034,0.11170,0.01046,0.00778,0.00985,0.01653,0.01289,0.11630
0.10972,0.09697,0.03609,0.01512,0.11402,0.13742,0.02313,0.01532,0.11433,0.06178,0.00773,0.13153,0.01181,0.12503
0.04183,0.16191,0.12045,0.14343,0.18070,0.01639,0.00520,0.05051,0.06082,0.06349,0.02628,0.01093,0.03625,0.08178
0.07610,0.20443,0.02225,0.07391,0.24329,0.01757,0.01158,0.12131,0.08528,0.04632,0.00679,0.01843,0.05175,0.02099
0.02458,0.13551,0.03677,0.01424,0.14811,0.05164,0.00884,0.01499,0.17102,0.10730,0.00642,0.04186,0.10779,0.13094
0.02369,0.30665,0.01541,0.00517,0.33590,0.08380,0.01346,0.00605,0.02376,0.02627,0.02442,0.07703,0.02069,0.03770
0.02978,0.15958,0.04046,0.00659,0.09404,0.20458,0.06429,0.02917,0.12328,0.02557,0.02730,0.16982,0.00979,0.01575
0.12067,0.08791,0.05900,0.03732,0.11854,0.17447,0.01123,0.01039,0.01375,0.02975,0.04397,0.15976,0.00918,0.12405
0.28768,0.06057,0.01377,0.02330,0.04513,0.03243,0.02956,0.16945,0.04823,0.03834,0.04096,0.01953,0.01838,0.17266
0.22952,0.10590,0.02484,0.01990,0.11605,0.01884,0.00869,0.19935,0.07752,0.05006,0.02997,0.00952,0.03023,0.07963
0.16234,0.12543,0.03352,0.01844,0.13010,0.04350,0.01030,0.01120,0.12448,0.10828,0.02323,0.02789,0.01082,0.17046
0.06203,0.12120,0.03462,0.02267,0.09574,0.18001,0.05033,0.03059,0.08981,0.01891,0.01219,0.19636,0.01610,0.06944
0.29024,0.05809,0.02017,0.03588,0.05316,0.05962,0.00793,0.14743,0.02302,0.01343,0.05837,0.03813,0.01767,0.17686
0.25874,0.14519,0.01442,0.00903,0.20936,0.01398,0.00571,0.00974,0.01426,0.04526,0.00936,0.00730,0.00763,0.25004
0.07544,0.21058,0.06210,0.03149,0.23030,0.09476,0.01645,0.01044,0.04574,0.02691,0.00899,0.06925,0.02359,0.09396
0.13190,0.18351,0.04316,0.02678,0.23282,0.04424,0.01042,0.01134,0.03308,0.04395,0.03937,0.04080,0.01334,0.14528
0.06842,0.21883,0.01013,0.00479,0.24402,0.06601,0.00635,0.00708,0.01056,0.00874,0.19295,0.07561,0.01037,0.07614
0.03276,0.10596,0.03333,0.04976,0.13025,0.01189,0.12464,0.03764,0.02158,0.02053,0.07825,0.01221,0.15763,0.18357
0.02935,0.22587,0.03847,0.05596,0.19306,0.09745,0.01036,0.02836,0.02478,0.05867,0.03196,0.01108,0.07643,0.11822
0.17172,0.03250,0.09907,0.05748,0.09139,0.07959,0.01056,0.01606,0.05214,0.08584,0.03333,0.07158,0.02225,0.17648
0.35267,0.03578,0.03912,0.00881,0.03531,0.03608,0.01131,0.34668,0.05701,0.02698,0.00813,0.02235,0.00748,0.01228
0.01510,0.04445,0.00540,0.39717,0.04842,0.00816,0.01149,0.39962,0.01654,0.01522,0.00555,0.00734,0.00841,0.01714
0.17348,0.18862,0.03269,0.02721,0.21090,0.02324,0.03087,0.06007,0.03362,0.02230,0.02207,0.01793,0.01195,0.14503
0.16070,0.09517,0.00780,0.00838,0.09696,0.03176,0.15875,0.01560,0.02445,0.02424,0.16521,0.03327,0.01261,0.16513
0.05515,0.13547,0.02245,0.03473,0.16785,0.14856,0.02267,0.06733,0.03542,0.05251,0.01046,0.12122,0.06427,0.06191
0.09111,0.12299,0.16867,0.11220,0.13747,0.02181,0.02991,0.00750,0.10720,0.04467,0.00753,0.03209,0.01624,0.10060
0.02785,0.27667,0.01025,0.00703,0.33360,0.06160,0.01508,0.02211,0.01607,0.03786,0.01638,0.02332,0.13076,0.02142
0.04074,0.04297,0.06017,0.04917,0.32007,0.02866,0.02095,0.02502,0.01899,0.29345,0.02297,0.02219,0.01770,0.03696
0.16678,0.09067,0.17657,0.16206,0.10108,0.01307,0.01599,0.00761,0.02548,0.01955,0.01326,0.01309,0.01599,0.17879
0.01510,0.21726,0.00942,0.00814,0.26585,0.18132,0.01686,0.01151,0.01750,0.04816,0.01447,0.15739,0.02236,0.01466
0.02472,0.03318,0.03088,0.02391,0.30466,0.01076,0.01503,0.01677,0.06366,0.34013,0.03321,0.00828,0.03778,0.05703
0.13029,0.18904,0.00438,0.00649,0.20027,0.00566,0.00400,0.14096,0.15176,0.14237,0.00504,0.00500,0.00696,0.00778
0.20095,0.21434,0.01252,0.01344,0.23133,0.01682,0.00637,0.16112,0.01681,0.01365,0.02199,0.01207,0.01040,0.06819
0.14682,0.07242,0.03450,0.02504,0.08646,0.00981,0.06309,0.15880,0.18818,0.16975,0.00583,0.01374,0.00843,0.01712
0.03535,0.29542,0.03924,0.03802,0.33154,0.02824,0.02061,0.04467,0.03331,0.02491,0.04469,0.02828,0.00937,0.02635
0.02640,0.06138,0.07407,0.04464,0.18303,0.02468,0.20680,0.03488,0.06811,0.14170,0.05449,0.02906,0.01685,0.03393
0.03503,0.13668,0.00934,0.01251,0.14491,0.03619,0.00543,0.01993,0.01124,0.01052,0.50231,0.02773,0.01518,0.03301
0.03493,0.07045,0.02729,0.02022,0.03932,0.06606,0.01285,0.01648,0.10948,0.10395,0.02490,0.03029,0.20086,0.24293
0.03529,0.13531,0.05675,0.14216,0.15182,0.01459,0.03466,0.12331,0.06430,0.05443,0.07410,0.01881,0.03369,0.06079
0.16400,0.10197,0.00968,0.00926,0.09810,0.05072,0.24603,0.00852,0.02710,0.03185,0.02225,0.05763,0.00746,0.16545
0.22069,0.04591,0.13062,0.10464,0.06498,0.01113,0.00406,0.01260,0.03347,0.02927,0.06224,0.00978,0.02384,0.24679
0.17487,0.17953,0.01685,0.01473,0.18364,0.04579,0.03616,0.06021,0.01203,0.00951,0.07620,0.03697,0.01928,0.13423
0.07182,0.13416,0.03564,0.02744,0.08437,0.10401,0.00527,0.01658,0.14160,0.13364,0.00947,0.02610,0.06571,0.14420
0.03774,0.10244,0.13881,0.00975,0.12324,0.03773,0.02420,0.01460,0.21757,0.03221,0.05081,0.10468,0.03359,0.07264
0.08270,0.14341,0.05014,0.01535,0.26455,0.05659,0.01599,0.01724,0.05266,0.13878,0.00967,0.06538,0.00882,0.07872
0.03209,0.33554,0.01840,0.06988,0.35531,0.01132,0.00927,0.07590,0.02174,0.01711,0.01626,0.00804,0.00642,0.02271
0.12958,0.06831,0.15813,0.18086,0.09213,0.00872,0.01003,0.06221,0.04554,0.03169,0.02335,0.00851,0.03278,0.14816
0.05452,0.09521,0.02719,0.02506,0.10458,0.22482,0.01989,0.02824,0.06387,0.07635,0.01559,0.20384,0.01266,0.04819
0.28617,0.03219,0.05037,0.04365,0.03378,0.04522,0.02159,0.03119,0.02580,0.01850,0.01396,0.04277,0.03601,0.31880
0.17984,0.25821,0.00829,0.00745,0.13564,0.14049,0.01823,0.00750,0.01094,0.01145,0.00893,0.00914,0.00851,0.19538
0.25211,0.06253,0.00952,0.01274,0.05087,0.05620,0.00811,0.01680,0.06077,0.06759,0.05943,0.02502,0.04991,0.26838
0.24310,0.07206,0.02740,0.00670,0.08852,0.01566,0.01535,0.00744,0.04845,0.03882,0.14646,0.01697,0.01181,0.26125
0.09172,0.13140,0.02188,0.02028,0.03281,0.09543,0.00897,0.01351,0.17127,0.17243,0.07529,0.01077,0.02612,0.12814
0.02325,0.14338,0.02015,0.01543,0.18585,0.03454,0.01286,0.01164,0.19703,0.19026,0.00798,0.01347,0.11123,0.03293
0.21215,0.07852,0.02367,0.01486,0.04995,0.12337,0.02798,0.01934,0.04142,0.02095,0.01222,0.10670,0.02550,0.24338
0.23598,0.03338,0.01478,0.00896,0.04569,0.15303,0.00893,0.00931,0.02974,0.03439,0.02234,0.14680,0.00965,0.24702
0.15066,0.22200,0.02764,0.02239,0.12684,0.10830,0.03333,0.01612,0.03239,0.04542,0.01195,0.01880,0.01487,0.16931
0.02648,0.23093,0.02182,0.01820,0.24734,0.01412,0.01265,0.01592,0.02788,0.02737,0.07289,0.01235,0.12652,0.14554
0.24311,0.04931,0.04897,0.02491,0.15897,0.01546,0.01539,0.04757,0.02038,0.12773,0.00634,0.01484,0.00902,0.21800
0.13251,0.04280,0.15881,0.20580,0.05249,0.02173,0.04834,0.06950,0.03976,0.03491,0.01694,0.02236,0.01197,0.14209
0.04838,0.28854,0.04866,0.02574,0.30667,0.01244,0.00729,0.04988,0.04264,0.01127,0.01412,0.01554,0.05012,0.07873
0.14567,0.09830,0.15503,0.16415,0.11380,0.02014,0.01456,0.03558,0.02328,0.02116,0.03985,0.01575,0.00727,0.14546
0.01082,0.37294,0.01107,0.01146,0.24773,0.20065,0.00734,0.00762,0.02813,0.02795,0.01284,0.02877,0.01035,0.02234
0.26008,0.17361,0.01311,0.01589,0.18935,0.01080,0.00711,0.16732,0.00764,0.01392,0.01597,0.00618,0.00876,0.11026
0.17629,0.10563,0.09392,0.05314,0.11590,0.05988,0.03196,0.01183,0.04433,0.02044,0.01630,0.07549,0.01465,0.18023
0.04768,0.16284,0.02070,0.01309,0.21093,0.09643,0.00805,0.03305,0.04909,0.04631,0.01260,0.02739,0.21156,0.06026
0.04327,0.04988,0.08372,0.01579,0.12416,0.03530,0.04489,0.02475,0.23713,0.25340,0.00757,0.02665,0.01416,0.03934
0.02733,0.24608,0.01478,0.01185,0.07828,0.24830,0.01707,0.01352,0.10731,0.10767,0.01421,0.06393,0.01414,0.03551
0.10520,0.03239,0.01153,0.01159,0.04993,0.09257,0.03375,0.01032,0.18702,0.20790,0.03997,0.06940,0.02101,0.12741
0.05654,0.04208,0.26576,0.16706,0.06403,0.01744,0.01099,0.07802,0.15030,0.02535,0.04285,0.01487,0.00903,0.05568
0.17535,0.05555,0.03685,0.01812,0.06290,0.02956,0.00953,0.01594,0.02751,0.01460,0.30092,0.03543,0.01698,0.20077
0.03749,0.03126,0.03531,0.01623,0.03703,0.18972,0.17932,0.03291,0.04354,0.01098,0.01233,0.30072,0.01979,0.05337
0.15944,0.24158,0.01843,0.01545,0.25969,0.01386,0.01127,0.07157,0.02533,0.02248,0.02993,0.00816,0.01175,0.11106
0.04737,0.09767,0.02043,0.01814,0.11847,0.11471,0.00534,0.01119,0.17698,0.16255,0.01900,0.07249,0.08084,0.05483
0.04315,0.20471,0.02438,0.03075,0.13447,0.13712,0.02536,0.02111,0.02711,0.06524,0.01754,0.02358,0.10255,0.14293
0.09804,0.04285,0.05072,0.04105,0.07548,0.03608,0.27251,0.05181,0.05646,0.09623,0.00533,0.05658,0.04595,0.07092
0.04349,0.04021,0.21815,0.29351,0.03620,0.02304,0.00795,0.10822,0.04311,0.04802,0.06211,0.01264,0.00919,0.05419
0.06101,0.08003,0.02853,0.00703,0.09283,0.04012,0.01746,0.00798,0.07574,0.01722,0.00683,0.09206,0.20119,0.27198
0.06967,0.06496,0.02213,0.01649,0.07123,0.02685,0.01497,0.06508,0.19510,0.17672,0.20319,0.02252,0.01087,0.04019
0.20569,0.21051,0.02074,0.02225,0.23115,0.00963,0.00689,0.02267,0.02296,0.01035,0.01177,0.01185,0.01016,0.20337
0.03328,0.11422,0.05173,0.02403,0.14132,0.07687,0.02272,0.01543,0.08424,0.06025,0.02966,0.07620,0.13472,0.13534
0.12113,0.08361,0.13810,0.12531,0.09069,0.03262,0.00905,0.01528,0.10709,0.09482,0.01133,0.01771,0.01090,0.14237
0.02804,0.04118,0.05975,0.28008,0.04380,0.01230,0.00531,0.26975,0.10467,0.10277,0.00907,0.00812,0.00632,0.02884
0.06899,0.12192,0.17394,0.03161,0.14559,0.00866,0.00544,0.01744,0.23234,0.10875,0.00748,0.00648,0.00492,0.06643
0.06201,0.08713,0.13189,0.25624,0.10594,0.01568,0.00807,0.21161,0.02319,0.01923,0.02994,0.01103,0.00771,0.03031
0.05034,0.27713,0.01527,0.07227,0.29372,0.05270,0.00913,0.07036,0.02020,0.01101,0.01936,0.05118,0.00822,0.04911
0.28957,0.03640,0.09484,0.01189,0.03552,0.02288,0.00621,0.03359,0.10277,0.01172,0.02602,0.02223,0.02099,0.28537
0.09364,0.11398,0.02543,0.01952,0.11199,0.04255,0.06820,0.02358,0.04051,0.04052,0.21077,0.03716,0.03860,0.13354
0.03952,0.25199,0.04611,0.03926,0.30028,0.03793,0.01577,0.03928,0.04445,0.06966,0.01443,0.02212,0.05213,0.02706
0.04471,0.03977,0.30569,0.31870,0.07157,0.00865,0.00464,0.04032,0.01191,0.02635,0.04336,0.00665,0.03522,0.04245
0.03784,0.08700,0.02144,0.01921,0.20136,0.02776,0.20675,0.01708,0.07354,0.16561,0.02507,0.02111,0.04525,0.05100
0.04672,0.13274,0.05640,0.02671,0.17593,0.03412,0.02141,0.01764,0.09305,0.05971,0.17979,0.06792,0.02166,0.06621
0.30509,0.04968,0.02583,0.02104,0.10139,0.01976,0.01144,0.28606,0.02551,0.06974,0.01013,0.01102,0.02150,0.04180
0.02446,0.26024,0.01342,0.01030,0.32344,0.01668,0.11387,0.01674,0.01811,0.04326,0.09117,0.02158,0.02277,0.02396
0.05777,0.07762,0.01744,0.01787,0.09879,0.02455,0.04901,0.01636,0.03095,0.03034,0.47712,0.02163,0.01319,0.06735
0.16032,0.26912,0.01693,0.00894,0.28718,0.01020,0.00353,0.14361,0.01824,0.01854,0.01389,0.00801,0.00750,0.03398
0.26336,0.10172,0.01822,0.01746,0.10494,0.02640,0.00984,0.01095,0.02159,0.01812,0.02784,0.01863,0.03889,0.32204
0.18851,0.07217,0.03142,0.02746,0.09335,0.01603,0.03308,0.20118,0.13760,0.11735,0.00424,0.02081,0.02282,0.03398
0.07183,0.19740,0.00766,0.02172,0.19799,0.02188,0.30755,0.02786,0.00892,0.01077,0.01544,0.02606,0.01663,0.06829
0.12612,0.17981,0.01346,0.01987,0.10220,0.15604,0.05889,0.03011,0.02185,0.01667,0.00681,0.05154,0.05745,0.15918
0.15408,0.21870,0.02280,0.02107,0.24287,0.01214,0.01208,0.12794,0.04775,0.01911,0.01592,0.01928,0.02715,0.05911
0.14229,0.21440,0.01761,0.01176,0.13217,0.10105,0.00790,0.01041,0.01592,0.00711,0.01583,0.01958,0.06832,0.23566
0.02033,0.27791,0.01071,0.01039,0.13080,0.09859,0.00732,0.01231,0.03874,0.05706,0.00943,0.00557,0.13727,0.18358
0.16022,0.08258,0.10756,0.06464,0.09635,0.02281,0.10396,0.02874,0.07847,0.06368,0.01073,0.01702,0.00610,0.15713
0.01532,0.29443,0.15522,0.14220,0.32098,0.00497,0.00442,0.00804,0.01336,0.01183,0.00774,0.00520,0.00436,0.01191
0.10303,0.10743,0.03831,0.02007,0.24722,0.02131,0.09136,0.02278,0.02283,0.15556,0.00956,0.03220,0.02848,0.09985
0.05790,0.17110,0.15143,0.15788,0.20035,0.00914,0.01314,0.05536,0.03800,0.05639,0.01480,0.00627,0.01167,0.05658
0.04155,0.12002,0.03413,0.02414,0.17799,0.17539,0.01005,0.01243,0.03221,0.08428,0.02408,0.16427,0.03324,0.06622
0.01878,0.25453,0.01480,0.00863,0.27222,0.01417,0.03096,0.01459,0.02682,0.01381,0.27512,0.01854,0.01290,0.02414
0.01662,0.08003,0.00577,0.02588,0.07867,0.12608,0.01158,0.02173,0.22219,0.22109,0.05085,0.09558,0.02732,0.01661
0.03414,0.04307,0.02795,0.02744,0.04292,0.01797,0.00553,0.02556,0.08976,0.07895,0.51556,0.01017,0.03496,0.04602
0.01731,0.25816,0.01650,0.06109,0.06893,0.17368,0.01024,0.06039,0.08847,0.11276,0.01289,0.01960,0.03417,0.06579
0.07523,0.11800,0.02095,0.03689,0.10966,0.04825,0.08361,0.07001,0.02541,0.02073,0.08769,0.03525,0.10647,0.16184
0.03823,0.05283,0.06240,0.19105,0.06162,0.03752,0.01224,0.18453,0.08615,0.07233,0.04055,0.03299,0.04951,0.07805
0.01821,0.11686,0.04207,0.04308,0.14711,0.22973,0.00886,0.04684,0.03620,0.02927,0.02152,0.22110,0.02026,0.01889
0.24518,0.11335,0.06356,0.01119,0.14527,0.01197,0.01728,0.05429,0.04803,0.02542,0.03037,0.01197,0.00800,0.21411
0.02942,0.15090,0.18364,0.18303,0.20497,0.01760,0.01491,0.05386,0.02021,0.04108,0.03538,0.02108,0.01339,0.03052
0.17266,0.13227,0.02588,0.01916,0.18031,0.02559,0.01676,0.04541,0.04773,0.09065,0.00681,0.02269,0.03786,0.17622
0.17890,0.03205,0.15951,0.01746,0.05670,0.02338,0.01295,0.01392,0.18514,0.06224,0.03466,0.02358,0.01158,0.18791
0.04069,0.34376,0.02507,0.01921,0.36703,0.02518,0.01090,0.01790,0.03378,0.03211,0.00493,0.02332,0.01386,0.04226
0.10004,0.21986,0.02753,0.02454,0.24687,0.03084,0.03948,0.02320,0.05691,0.05463,0.03327,0.02172,0.01351,0.10762
0.11339,0.05291,0.02057,0.01376,0.06130,0.02183,0.22989,0.02142,0.15281,0.15058,0.00759,0.02970,0.00883,0.11544
0.01137,0.02580,0.36751,0.36145,0.03318,0.01549,0.00876,0.01062,0.05966,0.02280,0.01925,0.01659,0.02510,0.02241
0.02725,0.09189,0.02397,0.18755,0.09312,0.04956,0.01812,0.19167,0.01577,0.02136,0.07701,0.04741,0.06491,0.09040
0.23258,0.13080,0.01257,0.02118,0.13927,0.05770,0.00826,0.19301,0.01178,0.01219,0.06678,0.04440,0.00942,0.06006
0.15078,0.03909,0.12601,0.03365,0.06974,0.02989,0.01289,0.13993,0.17382,0.11835,0.03165,0.02269,0.01372,0.03779
0.03710,0.06414,0.02877,0.03914,0.06747,0.01281,0.00660,0.05442,0.03229,0.02097,0.59316,0.01135,0.01310,0.01868
0.11540,0.07811,0.01156,0.00726,0.14196,0.07995,0.00864,0.00913,0.04522,0.08915,0.00601,0.02304,0.26608,0.11848
0.05242,0.06060,0.03467,0.03854,0.09232,0.01855,0.01046,0.04389,0.02082,0.02590,0.52180,0.01169,0.01796,0.05038
0.10371,0.02889,0.02352,0.01106,0.04148,0.16592,0.01235,0.00980,0.08557,0.07108,0.02771,0.10001,0.21249,0.10640
0.04692,0.04268,0.14142,0.17149,0.04468,0.02106,0.01377,0.03605,0.02634,0.02694,0.16862,0.01232,0.09926,0.14845
0.04162,0.13924,0.13546,0.13720,0.16600,0.02897,0.00826,0.05536,0.11699,0.06755,0.02582,0.02108,0.01470,0.04175
0.05329,0.01860,0.06147,0.02706,0.02559,0.01186,0.01172,0.02308,0.06096,0.03121,0.60695,0.01160,0.00689,0.04973
0.09963,0.07244,0.01386,0.04898,0.06977,0.04014,0.01343,0.03933,0.12649,0.12341,0.07280,0.02506,0.07862,0.17603
0.01504,0.14380,0.01587,0.01274,0.15736,0.11374,0.02747,0.00605,0.02264,0.01628,0.30656,0.10687,0.02833,0.02725
0.08687,0.03970,0.00906,0.01576,0.12212,0.16426,0.01855,0.01283,0.07154,0.12664,0.03811,0.10819,0.08835,0.09802
0.22701,0.09209,0.02071,0.00742,0.08690,0.04272,0.12758,0.03354,0.04721,0.03421,0.01646,0.04423,0.01356,0.20635
0.13841,0.31903,0.01022,0.01881,0.17452,0.12572,0.00538,0.01815,0.01268,0.01764,0.01366,0.00761,0.00689,0.13130
