0.16883,0.13284,0.19343,0.07591,0.04173,0.09427,0.17853,0.11445
0.11087,0.04378,0.05453,0.11339,0.24401,0.11323,0.14484,0.17534
0.13604,0.11860,0.15517,0.15554,0.05812,0.08712,0.16405,0.12537
0.06958,0.06115,0.09622,0.10666,0.15008,0.12182,0.10512,0.28937
0.06887,0.05311,0.17219,0.21017,0.04564,0.07474,0.09663,0.27865
0.07847,0.05966,0.05299,0.04523,0.06797,0.05609,0.47635,0.16324
0.10135,0.10226,0.07743,0.10185,0.08319,0.09725,0.28355,0.15312
0.07619,0.09140,0.06704,0.09509,0.06268,0.09589,0.09723,0.41449
0.09720,0.06003,0.06872,0.11656,0.10671,0.22815,0.19032,0.13232
0.08489,0.04941,0.05848,0.08670,0.06023,0.21303,0.14864,0.29861
0.08825,0.06589,0.07730,0.12344,0.18643,0.10687,0.14222,0.20960
0.11077,0.06930,0.05946,0.18859,0.07065,0.06225,0.31008,0.12891
0.07695,0.06734,0.06991,0.11058,0.14562,0.12344,0.20759,0.19857
0.13248,0.20586,0.13585,0.12950,0.07448,0.07666,0.09457,0.15061
0.06930,0.15242,0.04888,0.05297,0.05592,0.05459,0.46237,0.10355
0.09463,0.03834,0.08927,0.11623,0.25578,0.17783,0.10760,0.12031
0.10719,0.08272,0.10225,0.09097,0.29417,0.12495,0.10408,0.09367
0.04708,0.03072,0.09067,0.08675,0.07582,0.04322,0.06693,0.55880
0.13067,0.07708,0.04480,0.03756,0.07766,0.28809,0.22534,0.11882
0.06491,0.03287,0.06686,0.08245,0.05590,0.04475,0.07330,0.57895
0.04961,0.07584,0.30477,0.09591,0.09862,0.09637,0.12950,0.14937
0.07350,0.04706,0.07832,0.09807,0.17312,0.29987,0.14731,0.08276
0.07228,0.05321,0.39792,0.11836,0.06564,0.09330,0.12535,0.07394
0.09569,0.04837,0.06942,0.10632,0.31192,0.07465,0.12999,0.16364
0.09373,0.08568,0.09139,0.12572,0.27908,0.11200,0.12947,0.08292
0.04238,0.04521,0.04915,0.18067,0.02136,0.02260,0.55076,0.08786
0.05370,0.07923,0.15319,0.11625,0.05068,0.07967,0.08139,0.38588
0.06919,0.04917,0.13198,0.18585,0.04735,0.04933,0.27814,0.18899
0.31078,0.07137,0.04823,0.08045,0.10041,0.11917,0.14955,0.12005
0.03976,0.02402,0.06927,0.05852,0.07158,0.51884,0.12765,0.09037
0.08706,0.11055,0.07987,0.10151,0.07786,0.07482,0.36311,0.10522
0.05387,0.03806,0.61342,0.07440,0.03931,0.04514,0.06249,0.07332
0.03351,0.01926,0.02812,0.06370,0.02774,0.26013,0.39709,0.17044
0.15734,0.06565,0.10171,0.11839,0.11421,0.10991,0.15899,0.17380
0.08753,0.11749,0.11878,0.15373,0.08564,0.09850,0.10174,0.23660
0.04929,0.06182,0.04512,0.24488,0.03014,0.03542,0.37106,0.16227
0.10112,0.12490,0.10393,0.10898,0.07921,0.07462,0.17759,0.22965
0.06122,0.03551,0.07371,0.06116,0.12349,0.23444,0.23239,0.17808
0.08443,0.05952,0.07351,0.08325,0.15186,0.14456,0.19632,0.20656
0.07592,0.10697,0.10401,0.16154,0.07044,0.17312,0.14079,0.16722
0.05498,0.06704,0.23260,0.14315,0.07251,0.05434,0.13910,0.23628
0.10450,0.04161,0.09582,0.11395,0.10389,0.05541,0.09894,0.38589
0.07510,0.05134,0.08391,0.13020,0.27386,0.13200,0.11756,0.13604
0.05914,0.20372,0.05567,0.06322,0.04885,0.06782,0.44059,0.06099
0.07722,0.03758,0.07834,0.12137,0.05228,0.24541,0.21274,0.17507
0.05704,0.05063,0.04871,0.05436,0.08220,0.07336,0.54385,0.08985
0.14657,0.03533,0.06188,0.14290,0.19175,0.13565,0.09965,0.18626
0.14595,0.12839,0.12928,0.16120,0.06226,0.07507,0.22676,0.07109
0.17650,0.04821,0.07876,0.10221,0.17720,0.06045,0.14960,0.20707
0.07832,0.20831,0.10928,0.13510,0.06574,0.05717,0.23849,0.10760
0.06975,0.07702,0.36976,0.10888,0.05815,0.09455,0.11136,0.11053
0.07525,0.13834,0.05120,0.08269,0.07566,0.07475,0.41059,0.09151
0.15034,0.20513,0.10126,0.13279,0.04850,0.05959,0.22483,0.07755
0.08349,0.06951,0.09684,0.08076,0.16442,0.16662,0.19841,0.13995
0.06314,0.03566,0.05881,0.06477,0.06544,0.48866,0.13339,0.09013
0.08012,0.01676,0.03355,0.50580,0.02736,0.08025,0.04297,0.21319
0.05962,0.06425,0.09600,0.10129,0.28750,0.18186,0.11653,0.09295
0.12921,0.12870,0.13265,0.11563,0.07283,0.07922,0.24262,0.09914
0.07483,0.09971,0.07514,0.06747,0.05188,0.06763,0.42078,0.14256
0.10168,0.13266,0.09215,0.13498,0.05970,0.07288,0.30120,0.10475
0.04350,0.03106,0.06730,0.17274,0.04195,0.04894,0.04511,0.54940
0.12640,0.07334,0.06824,0.12265,0.20454,0.18358,0.12106,0.10020
0.08752,0.03821,0.21712,0.13646,0.07671,0.07838,0.08991,0.27567
0.09427,0.09417,0.10210,0.13055,0.11768,0.14346,0.13664,0.18112
0.06779,0.04657,0.09039,0.07528,0.13218,0.18048,0.21077,0.19653
0.11032,0.06919,0.11293,0.09525,0.11017,0.21628,0.14989,0.13598
0.04755,0.05223,0.05866,0.16335,0.02364,0.01910,0.54962,0.08585
0.09232,0.12360,0.08315,0.17348,0.04361,0.06521,0.28925,0.12938
0.15924,0.23274,0.09739,0.19463,0.03835,0.07867,0.13696,0.06202
0.14504,0.18793,0.06275,0.12600,0.09148,0.06516,0.23308,0.08856
0.12263,0.05163,0.13761,0.16055,0.06405,0.06816,0.15548,0.23989
0.19323,0.04140,0.06360,0.09094,0.07080,0.20015,0.18274,0.15714
0.08175,0.04463,0.08039,0.09992,0.31711,0.10489,0.13411,0.13720
0.12740,0.07989,0.33368,0.10086,0.10048,0.09970,0.07040,0.08759
0.08400,0.05295,0.07713,0.08879,0.42096,0.07987,0.10929,0.08701
0.10866,0.05398,0.09945,0.11564,0.22016,0.14692,0.11592,0.13927
0.09069,0.09890,0.07373,0.09318,0.21543,0.14216,0.16460,0.12130
0.07075,0.03952,0.08163,0.12567,0.11699,0.18838,0.16075,0.21629
0.07479,0.03302,0.05007,0.09562,0.02347,0.27570,0.37414,0.07319
0.07282,0.05025,0.08636,0.34913,0.06408,0.09537,0.13531,0.14666
0.06472,0.04705,0.07011,0.16326,0.14079,0.20047,0.10869,0.20491
0.08419,0.06300,0.20461,0.11619,0.05883,0.06735,0.21505,0.19078
0.13509,0.05149,0.06157,0.26282,0.05746,0.14969,0.19280,0.08907
0.14332,0.07050,0.05747,0.10057,0.18219,0.14678,0.16817,0.13100
0.12378,0.16833,0.07528,0.09596,0.06956,0.10607,0.25694,0.10409
0.04495,0.03148,0.07360,0.06467,0.04070,0.03318,0.05841,0.65300
0.08700,0.06052,0.06074,0.15701,0.13336,0.23528,0.12845,0.13764
0.16924,0.13912,0.06957,0.06846,0.09734,0.11378,0.17258,0.16992
0.34244,0.15924,0.08192,0.11098,0.08580,0.06493,0.05776,0.09694
0.08038,0.04988,0.19091,0.20711,0.08587,0.14087,0.09454,0.15044
0.09526,0.06334,0.09090,0.10316,0.24564,0.08007,0.11007,0.21157
0.06513,0.08283,0.06913,0.07877,0.07494,0.05198,0.21823,0.35899
0.03382,0.02808,0.04419,0.05599,0.02658,0.03219,0.04538,0.73376
0.12121,0.10156,0.11054,0.08908,0.10572,0.10276,0.24814,0.12098
0.07418,0.07820,0.18179,0.19743,0.07121,0.07082,0.07866,0.24771
0.06885,0.03528,0.06957,0.09008,0.45456,0.08112,0.08370,0.11685
0.10620,0.06191,0.05581,0.40140,0.06367,0.08788,0.12952,0.09360
0.17435,0.17160,0.10198,0.18487,0.06892,0.07982,0.15908,0.05937
0.08213,0.10147,0.06157,0.17655,0.02883,0.02968,0.38685,0.13291
0.40984,0.03175,0.04535,0.12246,0.07605,0.08775,0.08477,0.14203
