0.03367,0.08213,0.06828,0.06242,0.19507,0.10629,0.12707,0.03005,0.17240,0.07592,0.01273,0.00949,0.00678,0.01771
0.03378,0.12774,0.06104,0.05096,0.02239,0.19599,0.26014,0.01652,0.02337,0.17279,0.00760,0.01206,0.00770,0.00792
0.01864,0.16321,0.11469,0.02560,0.03337,0.21086,0.14857,0.04474,0.03067,0.12238,0.01801,0.04098,0.00457,0.02371
0.04456,0.08128,0.03128,0.09095,0.09264,0.06095,0.21999,0.09080,0.02897,0.19576,0.03000,0.01305,0.00492,0.01486
0.03053,0.19995,0.01998,0.03419,0.10750,0.24012,0.02176,0.10875,0.01591,0.02704,0.07904,0.01923,0.03786,0.05814
0.02361,0.05218,0.06065,0.02386,0.36391,0.07041,0.03481,0.14920,0.15913,0.01391,0.01672,0.01158,0.00454,0.01547
0.01589,0.08259,0.01066,0.03659,0.20710,0.03648,0.12953,0.20118,0.03063,0.14445,0.01802,0.01166,0.02897,0.04626
0.05227,0.05296,0.00940,0.07626,0.02151,0.03997,0.31251,0.04377,0.03853,0.20475,0.03616,0.07086,0.00709,0.03397
0.03227,0.08718,0.01428,0.04139,0.02183,0.12137,0.24619,0.04190,0.02024,0.20693,0.06268,0.01271,0.06232,0.02870
0.06068,0.12029,0.04319,0.01702,0.03647,0.16195,0.25865,0.02440,0.01713,0.21595,0.01284,0.01513,0.01034,0.00594
0.05069,0.12941,0.01680,0.02344,0.25069,0.13322,0.05260,0.21427,0.01785,0.05609,0.01584,0.03085,0.00341,0.00482
0.01353,0.10297,0.02268,0.02188,0.28860,0.11499,0.01460,0.24820,0.04476,0.03526,0.02535,0.00799,0.01820,0.04097
0.04447,0.03946,0.01375,0.05831,0.07928,0.04975,0.07062,0.09289,0.05785,0.18107,0.10269,0.01582,0.01446,0.17959
0.00375,0.01339,0.01144,0.05229,0.12380,0.01023,0.28197,0.10842,0.03507,0.22562,0.02630,0.00940,0.04784,0.05049
0.03493,0.02681,0.04156,0.07626,0.14286,0.04844,0.20037,0.10900,0.04468,0.16638,0.01019,0.02521,0.05660,0.01668
0.02400,0.01833,0.08305,0.03875,0.20104,0.06310,0.16324,0.19802,0.01417,0.10521,0.02404,0.04431,0.01089,0.01184
0.01410,0.09416,0.00942,0.02237,0.01855,0.10804,0.07642,0.00869,0.01403,0.00608,0.31093,0.00762,0.29263,0.01697
0.05915,0.21214,0.02384,0.02782,0.03513,0.23097,0.16775,0.02454,0.03429,0.14550,0.00789,0.00565,0.00648,0.01885
0.07235,0.30565,0.02787,0.03117,0.01743,0.36029,0.03912,0.04403,0.00979,0.02061,0.02534,0.03412,0.00578,0.00645
0.05210,0.23077,0.00666,0.03265,0.05328,0.25444,0.09819,0.02472,0.04505,0.06795,0.08754,0.03250,0.01139,0.00276
0.04215,0.02795,0.03278,0.04432,0.02366,0.03787,0.39804,0.00826,0.00741,0.33886,0.00618,0.01064,0.00557,0.01632
0.10947,0.09359,0.02073,0.08491,0.13176,0.14659,0.12330,0.01737,0.13744,0.10837,0.00371,0.00634,0.00761,0.00883
0.01204,0.04898,0.36997,0.03467,0.03227,0.36130,0.04670,0.02890,0.01480,0.02375,0.01285,0.00573,0.00326,0.00479
0.03802,0.18098,0.01254,0.05129,0.03566,0.01549,0.27960,0.01975,0.03586,0.27912,0.01353,0.01159,0.00879,0.01779
0.09737,0.21857,0.03093,0.05121,0.02292,0.24200,0.14230,0.02338,0.00876,0.10230,0.00861,0.01686,0.02255,0.01224
0.00850,0.21055,0.05789,0.04716,0.03328,0.22651,0.14516,0.02990,0.02139,0.11641,0.02824,0.03028,0.01537,0.02935
0.05364,0.10594,0.04285,0.04159,0.06040,0.15738,0.20787,0.03376,0.07041,0.17237,0.01692,0.00937,0.00785,0.01965
0.00705,0.26672,0.05718,0.05061,0.07910,0.29761,0.04408,0.07735,0.02069,0.02777,0.02150,0.01508,0.01196,0.02328
0.05856,0.28841,0.03582,0.01446,0.05380,0.32161,0.05554,0.04881,0.03044,0.04666,0.02776,0.00719,0.00309,0.00785
0.02101,0.16520,0.05044,0.03232,0.05413,0.03409,0.26752,0.04742,0.02087,0.27698,0.00891,0.00526,0.00688,0.00897
0.04623,0.01651,0.05070,0.01641,0.26690,0.04998,0.12715,0.07618,0.19505,0.09792,0.02059,0.01590,0.00332,0.01716
0.02865,0.22647,0.03631,0.04937,0.10107,0.20319,0.03495,0.10654,0.02525,0.06463,0.02496,0.01618,0.02012,0.06232
0.01786,0.13503,0.06527,0.05937,0.02430,0.18240,0.25730,0.02133,0.00884,0.18330,0.00941,0.01915,0.01040,0.00604
0.06482,0.05561,0.02104,0.08807,0.01813,0.08840,0.31926,0.04415,0.02491,0.18577,0.05456,0.02305,0.00504,0.00718
0.07844,0.07155,0.19970,0.02268,0.03494,0.08156,0.11733,0.03648,0.01879,0.07638,0.02011,0.20931,0.01625,0.01648
0.03672,0.18448,0.02233,0.06621,0.09180,0.24667,0.07101,0.12211,0.02308,0.03543,0.07287,0.00182,0.01650,0.00897
0.03458,0.34978,0.07426,0.01433,0.01192,0.41118,0.02732,0.01238,0.00819,0.00714,0.01485,0.02105,0.00262,0.01039
0.06510,0.18296,0.02166,0.02663,0.09083,0.22762,0.13139,0.00763,0.07975,0.08882,0.01139,0.02572,0.01450,0.02600
0.01876,0.10279,0.01127,0.07941,0.06192,0.12548,0.28732,0.06649,0.02163,0.18071,0.00833,0.00962,0.01434,0.01193
0.01848,0.21619,0.01445,0.03662,0.01890,0.23283,0.07918,0.04479,0.01142,0.18266,0.03097,0.00514,0.00720,0.10117
0.02304,0.05749,0.03339,0.06469,0.25089,0.04635,0.09571,0.25998,0.00852,0.05613,0.01312,0.03844,0.01238,0.03986
0.02632,0.26113,0.02582,0.01176,0.02130,0.31765,0.08765,0.02766,0.01444,0.05824,0.01986,0.09857,0.00381,0.02579
0.05021,0.06741,0.02899,0.10421,0.07982,0.02585,0.29081,0.06977,0.01926,0.23423,0.00745,0.00787,0.00580,0.00831
0.01326,0.02705,0.00590,0.40943,0.02927,0.02676,0.41801,0.01164,0.00924,0.02790,0.00736,0.00462,0.00714,0.00242
0.04682,0.05521,0.01295,0.06479,0.03167,0.01633,0.38334,0.04138,0.01045,0.28733,0.02043,0.00794,0.00505,0.01632
0.08283,0.31781,0.00879,0.02541,0.01613,0.34264,0.03134,0.05411,0.02247,0.02032,0.02160,0.03475,0.00806,0.01374
0.01356,0.03599,0.00691,0.07631,0.04875,0.04275,0.35761,0.01728,0.06937,0.28976,0.01539,0.00490,0.00797,0.01344
0.03778,0.04679,0.02092,0.04016,0.07154,0.02440,0.33206,0.06403,0.01799,0.27493,0.03540,0.01227,0.00985,0.01188
0.03472,0.07276,0.01628,0.01040,0.31456,0.06570,0.02503,0.00827,0.33059,0.01640,0.02750,0.01312,0.02943,0.03524
0.01776,0.18999,0.03051,0.02944,0.00791,0.23239,0.16418,0.00798,0.08878,0.13077,0.00456,0.01638,0.04566,0.03368
0.01922,0.31708,0.02183,0.03906,0.04897,0.34935,0.07286,0.03641,0.01193,0.05358,0.00890,0.00468,0.00845,0.00768
0.01540,0.30592,0.02548,0.02115,0.08879,0.34535,0.04222,0.01253,0.07811,0.01712,0.01556,0.00499,0.00753,0.01984
0.05122,0.08837,0.01903,0.01207,0.01512,0.13077,0.01844,0.01367,0.01603,0.32060,0.01291,0.00756,0.00611,0.28809
0.01710,0.31460,0.01204,0.04131,0.01291,0.35146,0.10530,0.01074,0.01486,0.09161,0.01069,0.00317,0.00895,0.00526
0.02381,0.31321,0.02570,0.04470,0.02487,0.32237,0.07792,0.02877,0.02522,0.05028,0.00479,0.01239,0.02555,0.02044
0.01980,0.21471,0.03443,0.02682,0.13751,0.23800,0.03232,0.13504,0.02664,0.02013,0.03029,0.01671,0.05023,0.01738
0.01902,0.12035,0.01667,0.02801,0.17111,0.08065,0.15910,0.11435,0.06064,0.13969,0.03868,0.00864,0.00967,0.03342
0.00957,0.08659,0.00541,0.01150,0.33833,0.10734,0.02552,0.01678,0.33194,0.01429,0.00825,0.03430,0.00378,0.00640
0.01743,0.07723,0.02273,0.07193,0.02981,0.04282,0.32182,0.05678,0.03658,0.28352,0.00826,0.00876,0.01819,0.00416
0.02330,0.21158,0.06297,0.09687,0.05846,0.24986,0.12891,0.01062,0.03548,0.01144,0.01529,0.06635,0.02310,0.00577
0.02053,0.23950,0.02606,0.02675,0.04059,0.27029,0.10305,0.02621,0.06395,0.08691,0.01907,0.01491,0.03882,0.02336
0.02787,0.05537,0.03002,0.03019,0.33542,0.04858,0.07500,0.29480,0.01037,0.02671,0.01466,0.01882,0.01885,0.01334
0.09503,0.15244,0.01361,0.06727,0.12796,0.18758,0.07319,0.16636,0.03157,0.05374,0.00701,0.00612,0.00397,0.01414
0.03008,0.27314,0.01418,0.06673,0.06048,0.33469,0.06012,0.01716,0.06762,0.02122,0.01130,0.02637,0.00734,0.00955
0.02765,0.26635,0.01255,0.06387,0.02087,0.28042,0.12772,0.01619,0.03036,0.07000,0.01721,0.02193,0.03298,0.01189
0.01400,0.20687,0.07428,0.03079,0.04972,0.22791,0.10206,0.08052,0.02275,0.08845,0.03515,0.02433,0.01266,0.03051
0.06858,0.03330,0.02824,0.01001,0.33830,0.02708,0.03357,0.01568,0.36349,0.02536,0.01803,0.00637,0.02117,0.01082
0.02056,0.05836,0.01779,0.03549,0.31961,0.06589,0.04561,0.01076,0.32892,0.05016,0.00954,0.01295,0.00649,0.01787
0.03788,0.07069,0.01684,0.03129,0.05882,0.07243,0.30541,0.06677,0.02266,0.29228,0.01508,0.00243,0.00336,0.00404
0.07519,0.11625,0.06323,0.03072,0.20360,0.04673,0.06039,0.19144,0.03806,0.06487,0.01528,0.03822,0.02792,0.02811
0.02537,0.04333,0.01587,0.21271,0.17685,0.03197,0.17544,0.10313,0.02453,0.08529,0.01615,0.03378,0.03594,0.01964
0.02333,0.16718,0.00755,0.14473,0.09854,0.21196,0.07556,0.13335,0.01918,0.02834,0.02951,0.04650,0.00381,0.01047
0.04867,0.02852,0.00921,0.03347,0.07351,0.03228,0.36947,0.05773,0.01040,0.31366,0.00253,0.01066,0.00477,0.00513
0.01293,0.18368,0.01704,0.03728,0.20797,0.09469,0.08529,0.20351,0.01429,0.08793,0.03072,0.01752,0.00365,0.00350
0.06964,0.03689,0.02889,0.11377,0.26218,0.05494,0.11363,0.20454,0.01117,0.04290,0.03142,0.00918,0.00780,0.01306
0.18235,0.14196,0.02141,0.02942,0.02303,0.11473,0.20822,0.01696,0.02607,0.17631,0.01219,0.01585,0.01002,0.02147
0.02104,0.10193,0.05148,0.03897,0.01822,0.07667,0.26118,0.01864,0.01138,0.21956,0.02572,0.09076,0.01059,0.05387
0.02398,0.27232,0.03901,0.03307,0.04703,0.30071,0.04186,0.07970,0.00520,0.03225,0.02435,0.01689,0.02895,0.05468
0.03012,0.27736,0.01877,0.08494,0.04701,0.23064,0.05899,0.05039,0.02838,0.06500,0.01481,0.01557,0.01270,0.06533
0.02451,0.19361,0.00973,0.05412,0.13867,0.21666,0.07747,0.15716,0.00495,0.04675,0.03860,0.01649,0.00903,0.01226
0.03493,0.03102,0.05096,0.02447,0.22893,0.06880,0.10852,0.17038,0.09020,0.08782,0.04468,0.02770,0.01100,0.02057
0.02666,0.10306,0.00670,0.03418,0.25212,0.12552,0.03490,0.25850,0.01353,0.01016,0.08394,0.01320,0.01110,0.02643
0.03278,0.25529,0.03069,0.08314,0.04311,0.26621,0.08300,0.05766,0.03462,0.02605,0.01435,0.02937,0.00731,0.03642
0.07825,0.02408,0.02744,0.05123,0.08505,0.03125,0.23832,0.06480,0.01133,0.18145,0.03903,0.09970,0.01149,0.05660
0.17703,0.28416,0.02238,0.01530,0.03265,0.26932,0.03576,0.04119,0.01377,0.04044,0.01417,0.01223,0.01471,0.02687
0.02803,0.23873,0.01537,0.04751,0.09382,0.22983,0.08195,0.10770,0.01809,0.05316,0.03932,0.01213,0.00993,0.02443
0.02964,0.20783,0.03065,0.02840,0.04188,0.26351,0.11336,0.02861,0.03857,0.11257,0.03546,0.01608,0.01117,0.04227
0.04558,0.01058,0.03277,0.04417,0.30079,0.02680,0.12167,0.27701,0.00549,0.06720,0.03957,0.01222,0.01067,0.00548
0.02084,0.31580,0.02433,0.01374,0.06502,0.31088,0.04642,0.06635,0.03538,0.02814,0.01056,0.02736,0.02915,0.00603
0.03749,0.30137,0.04680,0.08650,0.02438,0.33223,0.05128,0.03016,0.01874,0.03720,0.01241,0.01618,0.00280,0.00247
0.02014,0.09824,0.04255,0.07827,0.18812,0.07721,0.14274,0.15811,0.00998,0.09669,0.02611,0.03897,0.01285,0.01001
0.01501,0.07257,0.01308,0.04506,0.24896,0.08696,0.07297,0.07244,0.22736,0.06580,0.03150,0.00710,0.01731,0.02388
0.01538,0.19022,0.03917,0.04261,0.07124,0.09743,0.21365,0.06399,0.02667,0.20335,0.00582,0.02111,0.00211,0.00723
0.06277,0.22430,0.01595,0.05126,0.06654,0.25627,0.08618,0.07334,0.02621,0.04029,0.05215,0.01417,0.01505,0.01551
0.02445,0.07373,0.03650,0.03491,0.19469,0.09582,0.13192,0.16551,0.02276,0.08920,0.01614,0.07019,0.03105,0.01313
0.01765,0.17369,0.10520,0.03523,0.12275,0.19419,0.05649,0.12263,0.02065,0.05218,0.03200,0.04008,0.01874,0.00853
0.02190,0.19370,0.02792,0.03087,0.03352,0.24821,0.14155,0.05275,0.00744,0.12266,0.05109,0.02478,0.00967,0.03394
0.04701,0.07562,0.02551,0.08046,0.14310,0.08808,0.19816,0.11961,0.02423,0.14303,0.02113,0.01141,0.00517,0.01748
0.02668,0.08438,0.18604,0.03893,0.15004,0.07313,0.06896,0.11758,0.00529,0.04092,0.01401,0.15925,0.01427,0.02051
0.03102,0.22941,0.00697,0.05427,0.11915,0.26499,0.09106,0.08601,0.03044,0.03692,0.02287,0.00760,0.01431,0.00497
0.02642,0.07017,0.01769,0.14370,0.21035,0.05927,0.17074,0.15412,0.02216,0.09063,0.00831,0.00529,0.00774,0.01341
0.21706,0.32592,0.01353,0.02182,0.02004,0.31287,0.01733,0.02049,0.02090,0.01255,0.00171,0.00602,0.00532,0.00442
0.03223,0.01935,0.07281,0.01342,0.01073,0.03020,0.38422,0.01537,0.01685,0.29136,0.03091,0.07150,0.00874,0.00230
0.07896,0.16269,0.03270,0.03530,0.05426,0.22954,0.14173,0.04307,0.03850,0.09090,0.05687,0.01169,0.00804,0.01576
0.02932,0.20278,0.02535,0.02750,0.01971,0.23253,0.10783,0.02373,0.02174,0.10625,0.02411,0.07835,0.03112,0.06967
0.04654,0.04047,0.12275,0.04404,0.03053,0.05539,0.29708,0.01836,0.02161,0.22626,0.00672,0.07828,0.00487,0.00708
0.01559,0.04420,0.02588,0.27763,0.04736,0.01625,0.36440,0.01592,0.04858,0.08583,0.00857,0.02655,0.01994,0.00331
0.14410,0.17888,0.01686,0.04951,0.08152,0.23504,0.06802,0.09514,0.02319,0.03683,0.02328,0.01977,0.00910,0.01877
0.01884,0.02453,0.02348,0.02314,0.08279,0.04113,0.32477,0.10185,0.00982,0.30688,0.01570,0.01029,0.00802,0.00876
0.03211,0.22030,0.03809,0.01424,0.02318,0.24659,0.13595,0.01389,0.08875,0.11215,0.04160,0.00830,0.01931,0.00555
0.02809,0.01978,0.04428,0.07138,0.32567,0.04764,0.06763,0.27973,0.01621,0.06116,0.01890,0.00776,0.00371,0.00808
0.05148,0.07849,0.01690,0.02825,0.21343,0.08684,0.08012,0.21575,0.03423,0.06237,0.04339,0.04058,0.02092,0.02726
0.03768,0.05847,0.05117,0.00712,0.32032,0.09540,0.04292,0.29544,0.01108,0.02287,0.01875,0.01836,0.00444,0.01598
0.01478,0.05102,0.04840,0.04712,0.02619,0.03451,0.38026,0.02465,0.01919,0.24151,0.01263,0.04119,0.01625,0.04232
0.01728,0.15413,0.05276,0.01178,0.02939,0.17526,0.08416,0.01976,0.00916,0.06362,0.02726,0.18619,0.01051,0.15875
0.08075,0.04378,0.03193,0.08086,0.02753,0.06317,0.34606,0.02381,0.02146,0.24509,0.01629,0.00472,0.00676,0.00780
0.01633,0.18762,0.01710,0.01131,0.10165,0.18972,0.08693,0.02685,0.14789,0.06647,0.05725,0.01323,0.06438,0.01327
0.05282,0.02930,0.05195,0.09049,0.02690,0.01951,0.36377,0.01658,0.01856,0.25564,0.01209,0.03405,0.01776,0.01058
0.01623,0.15626,0.21184,0.00481,0.02384,0.23469,0.07507,0.02208,0.00705,0.05429,0.02551,0.13781,0.01601,0.01451
0.00879,0.04577,0.01371,0.04588,0.03627,0.04459,0.37534,0.02577,0.03939,0.30353,0.01762,0.02825,0.00952,0.00559
0.05277,0.14672,0.01485,0.01438,0.10830,0.05227,0.18053,0.11112,0.01929,0.20087,0.02858,0.00875,0.02174,0.03982
0.02687,0.01100,0.01027,0.03712,0.03809,0.03329,0.09399,0.01190,0.33238,0.06138,0.00575,0.00475,0.32794,0.00527
0.02611,0.18209,0.03923,0.06194,0.09006,0.06835,0.17199,0.06258,0.06964,0.14439,0.02780,0.01513,0.03118,0.00951
0.03016,0.29888,0.01067,0.05907,0.02147,0.32284,0.03956,0.03485,0.04995,0.02289,0.04206,0.00450,0.05123,0.01188
0.04281,0.23217,0.04393,0.05501,0.04585,0.25838,0.08098,0.03057,0.07180,0.06318,0.02193,0.01688,0.02419,0.01230
0.03495,0.16873,0.09135,0.08309,0.01110,0.22909,0.13399,0.01525,0.04190,0.08021,0.00501,0.07593,0.01015,0.01924
0.01681,0.24974,0.02709,0.06239,0.03916,0.12054,0.17842,0.06727,0.00605,0.19061,0.01464,0.00443,0.01334,0.00952
0.01935,0.03286,0.02156,0.01525,0.32186,0.03676,0.10033,0.30043,0.01034,0.08439,0.03871,0.01119,0.00330,0.00368
0.02355,0.20247,0.03749,0.04925,0.08918,0.26156,0.12320,0.07214,0.02215,0.06647,0.01811,0.02613,0.00273,0.00558
0.02317,0.01132,0.04316,0.02962,0.32959,0.08925,0.09017,0.23751,0.05997,0.06206,0.01346,0.00625,0.00336,0.00112
0.03394,0.05423,0.24207,0.03364,0.07221,0.07455,0.07953,0.01049,0.08289,0.00670,0.01098,0.28344,0.00547,0.00987
0.00925,0.06008,0.01696,0.03631,0.02999,0.02251,0.41252,0.02034,0.01102,0.34470,0.00874,0.01948,0.00294,0.00515
0.01976,0.07919,0.01570,0.01947,0.04949,0.07129,0.34592,0.05880,0.01089,0.28194,0.02160,0.01373,0.00227,0.00995
0.04399,0.07008,0.02022,0.05983,0.09475,0.08810,0.22923,0.12091,0.01188,0.17783,0.01086,0.04903,0.00719,0.01610
0.09439,0.01248,0.05653,0.03045,0.01734,0.03553,0.38723,0.01078,0.00930,0.31558,0.00620,0.01222,0.00692,0.00505
0.01147,0.20952,0.03254,0.00454,0.20744,0.20497,0.07096,0.18567,0.01256,0.02864,0.01520,0.00328,0.00985,0.00338
0.02904,0.05260,0.06900,0.02540,0.00922,0.03548,0.27395,0.01395,0.03257,0.27720,0.03957,0.06998,0.03987,0.03216
0.01549,0.22120,0.03560,0.02045,0.02001,0.28973,0.17644,0.00672,0.01096,0.13106,0.03861,0.01061,0.00782,0.01531
0.02056,0.05629,0.07684,0.09041,0.06328,0.08883,0.24279,0.08290,0.02490,0.18050,0.04723,0.01064,0.00897,0.00586
0.04752,0.06938,0.06102,0.03756,0.01954,0.14377,0.18397,0.13626,0.01763,0.14639,0.11015,0.00711,0.00801,0.01169
0.01659,0.08171,0.01681,0.02006,0.21139,0.06598,0.14021,0.22106,0.01798,0.12775,0.03506,0.00978,0.01579,0.01983
0.01587,0.08445,0.31341,0.01105,0.02301,0.08493,0.04888,0.01890,0.02616,0.02197,0.01987,0.31266,0.00767,0.01119
0.02994,0.09268,0.03887,0.00797,0.29019,0.10841,0.03969,0.01905,0.28378,0.02848,0.02147,0.02437,0.00634,0.00875
0.00892,0.13775,0.25974,0.02332,0.01726,0.15887,0.06618,0.01385,0.01121,0.01511,0.02512,0.24669,0.00761,0.00837
0.59254,0.01850,0.02332,0.03327,0.03375,0.01989,0.12700,0.03801,0.00727,0.07215,0.01542,0.00848,0.00394,0.00646
0.11900,0.14640,0.01611,0.06365,0.10092,0.12669,0.12015,0.07456,0.08036,0.09707,0.01659,0.01083,0.01375,0.01394
0.01502,0.06286,0.04958,0.03874,0.04366,0.08233,0.33384,0.03995,0.03081,0.25321,0.01269,0.02155,0.01019,0.00555
0.02973,0.12801,0.09332,0.02877,0.11750,0.05460,0.18323,0.12428,0.01465,0.17435,0.01258,0.01921,0.01606,0.00370
0.10938,0.03772,0.21132,0.04271,0.01970,0.07201,0.18957,0.01134,0.01295,0.09447,0.00820,0.17191,0.00745,0.01128
0.01684,0.05699,0.01649,0.01986,0.12594,0.04140,0.28316,0.11304,0.01736,0.23585,0.02328,0.00865,0.02970,0.01144
0.18268,0.09522,0.04198,0.03774,0.02757,0.12628,0.23490,0.01128,0.02056,0.16490,0.01045,0.03520,0.00171,0.00953
0.09658,0.13045,0.02822,0.10046,0.02115,0.11999,0.24262,0.03442,0.01804,0.17184,0.01028,0.01054,0.00565,0.00976
0.02024,0.08855,0.17784,0.02544,0.02745,0.06718,0.19666,0.04587,0.00639,0.16279,0.02159,0.13640,0.00603,0.01755
0.01551,0.06672,0.30054,0.01556,0.01080,0.06834,0.09931,0.01972,0.01230,0.06112,0.01822,0.29522,0.00646,0.01017
0.16759,0.09079,0.03295,0.03301,0.16476,0.11169,0.05805,0.14169,0.08400,0.03281,0.02280,0.01576,0.03014,0.01396
0.01885,0.21142,0.03582,0.03874,0.04254,0.24882,0.17559,0.03068,0.04376,0.12468,0.00723,0.01790,0.00177,0.00218
0.07674,0.26085,0.01604,0.02481,0.06107,0.29001,0.02322,0.08185,0.01541,0.05567,0.03085,0.00801,0.03361,0.02186
0.05934,0.01621,0.27364,0.03666,0.03669,0.03853,0.08352,0.05535,0.02635,0.04617,0.03668,0.27107,0.00850,0.01128
0.13246,0.12053,0.02578,0.07533,0.15784,0.12820,0.04683,0.10137,0.05700,0.09238,0.00810,0.00447,0.00748,0.04222
0.02219,0.12401,0.04730,0.06437,0.05134,0.13691,0.25925,0.02074,0.01848,0.19514,0.02592,0.01322,0.01528,0.00584
0.02391,0.04776,0.01627,0.02878,0.07493,0.06152,0.32451,0.09510,0.03907,0.25354,0.01426,0.00721,0.00339,0.00974
0.02740,0.11105,0.01078,0.01851,0.26251,0.11578,0.01544,0.23553,0.02654,0.00770,0.01590,0.04889,0.02569,0.07827
0.06162,0.13913,0.23295,0.01899,0.04863,0.14982,0.04878,0.03837,0.01209,0.03402,0.02191,0.18360,0.00530,0.00480
0.19220,0.23367,0.01322,0.01967,0.04963,0.27372,0.04883,0.01894,0.01366,0.02222,0.02373,0.06264,0.00504,0.02282
0.06134,0.14908,0.05983,0.00550,0.20605,0.17923,0.03094,0.01990,0.19332,0.04196,0.01146,0.02776,0.00540,0.00822
0.01897,0.13357,0.04908,0.08726,0.03032,0.06716,0.27905,0.02818,0.02477,0.22304,0.03068,0.01942,0.00059,0.00792
0.03328,0.19447,0.03322,0.03340,0.03855,0.23085,0.05349,0.03513,0.04021,0.05517,0.13645,0.00659,0.10073,0.00847
0.02892,0.28632,0.03050,0.02492,0.03343,0.34129,0.01663,0.05895,0.03865,0.01903,0.07395,0.01111,0.00661,0.02969
0.04526,0.19016,0.02470,0.01307,0.18775,0.21091,0.02080,0.15766,0.02959,0.03237,0.01522,0.01119,0.00959,0.05173
0.13689,0.09065,0.02131,0.11946,0.10654,0.11802,0.13866,0.10749,0.01055,0.08913,0.00764,0.02369,0.00681,0.02317
0.01711,0.08975,0.00678,0.02584,0.02803,0.04970,0.32812,0.07041,0.00994,0.30716,0.03840,0.01086,0.00702,0.01089
0.01767,0.20205,0.18671,0.03346,0.02204,0.20951,0.05997,0.01436,0.01963,0.01485,0.01158,0.17420,0.02526,0.00872
0.08853,0.24173,0.01302,0.02556,0.14038,0.24326,0.02303,0.14667,0.00760,0.01449,0.03344,0.00700,0.00255,0.01275
0.02413,0.01759,0.01752,0.03506,0.05593,0.03698,0.35893,0.05346,0.02222,0.29806,0.05076,0.01941,0.00438,0.00558
0.04246,0.27030,0.04203,0.08040,0.01251,0.36877,0.05019,0.02626,0.04204,0.01633,0.01477,0.00660,0.02107,0.00626
0.07862,0.06907,0.02163,0.04786,0.04513,0.08356,0.23043,0.05668,0.01328,0.21007,0.03227,0.00829,0.00805,0.09506
0.03736,0.16112,0.12368,0.01640,0.13832,0.18601,0.03904,0.13349,0.02185,0.01953,0.01792,0.09653,0.00556,0.00319
0.01791,0.04104,0.23368,0.00454,0.07644,0.04260,0.11412,0.01004,0.06374,0.09492,0.02581,0.23439,0.01216,0.02861
0.04122,0.25208,0.04513,0.02033,0.02442,0.32352,0.06232,0.06044,0.01692,0.03228,0.05869,0.03237,0.00846,0.02181
0.02590,0.20254,0.01920,0.06241,0.09095,0.20815,0.12079,0.09137,0.02410,0.08820,0.01691,0.00788,0.01456,0.02705
0.01743,0.07851,0.01042,0.04089,0.08235,0.13279,0.29367,0.04476,0.02205,0.20257,0.01228,0.04371,0.00524,0.01332
0.03772,0.05705,0.12515,0.08769,0.09112,0.05733,0.11765,0.12265,0.01025,0.08428,0.05560,0.11481,0.02416,0.01454
0.02003,0.23655,0.01169,0.07448,0.02425,0.29479,0.12454,0.02354,0.03165,0.07325,0.03277,0.01569,0.02504,0.01172
0.03714,0.21953,0.01960,0.01642,0.01896,0.26577,0.15842,0.02138,0.02381,0.10728,0.02602,0.04523,0.01906,0.02139
0.00932,0.04413,0.02246,0.03524,0.06349,0.02096,0.35638,0.04550,0.02273,0.26913,0.03690,0.03648,0.02133,0.01594
0.02408,0.09328,0.05786,0.06129,0.22954,0.04824,0.01978,0.25241,0.01319,0.03425,0.08737,0.02815,0.02482,0.02576
0.00971,0.10904,0.01745,0.04191,0.03541,0.09031,0.32046,0.03802,0.01580,0.24732,0.02140,0.02001,0.01986,0.01331
0.04442,0.05533,0.02883,0.01658,0.02724,0.02308,0.15902,0.03080,0.01213,0.13940,0.23853,0.01398,0.20206,0.00858
0.05861,0.12278,0.02911,0.01795,0.03846,0.11625,0.27786,0.03942,0.01126,0.21404,0.00870,0.05406,0.00543,0.00607
0.90485,0.01155,0.00212,0.00803,0.00870,0.02107,0.00890,0.00964,0.00662,0.00841,0.00046,0.00354,0.00437,0.00174
0.02028,0.04357,0.01384,0.02230,0.36874,0.03559,0.02055,0.33213,0.02099,0.02425,0.05759,0.00400,0.00970,0.02649
0.01572,0.10342,0.01582,0.06629,0.13028,0.04233,0.22358,0.13064,0.03001,0.17552,0.01783,0.01862,0.01936,0.01057
0.24637,0.07737,0.02103,0.05227,0.04280,0.10438,0.11836,0.04686,0.01994,0.06434,0.03542,0.11793,0.02856,0.02438
0.01658,0.05730,0.33160,0.01271,0.02989,0.32968,0.05723,0.02950,0.01045,0.05229,0.04383,0.00823,0.01165,0.00905
0.28866,0.19967,0.03631,0.02719,0.03498,0.25790,0.01662,0.02677,0.04805,0.02587,0.00749,0.01102,0.00434,0.01513
0.00570,0.02668,0.03070,0.01802,0.06875,0.04250,0.04053,0.10177,0.01991,0.02238,0.34109,0.01168,0.26137,0.00893
0.06865,0.21808,0.04247,0.05063,0.04173,0.09497,0.19037,0.03224,0.02064,0.18646,0.01263,0.00935,0.01593,0.01587
0.02462,0.17359,0.01577,0.06350,0.01755,0.18997,0.17900,0.09999,0.01436,0.12330,0.04673,0.01372,0.03174,0.00617
0.03567,0.16321,0.02814,0.06850,0.16402,0.14652,0.13991,0.07741,0.09450,0.03727,0.01281,0.00958,0.00442,0.01803
0.09884,0.01611,0.04314,0.01816,0.03673,0.03949,0.36937,0.01157,0.02496,0.28236,0.00641,0.03363,0.00477,0.01446
0.05165,0.09394,0.02055,0.00860,0.08657,0.06268,0.23766,0.07666,0.01644,0.21334,0.01913,0.03599,0.01890,0.05787
0.00711,0.07815,0.09276,0.11011,0.09881,0.09867,0.15426,0.08613,0.00939,0.01813,0.07856,0.11571,0.03631,0.01590
0.01284,0.22871,0.03155,0.03402,0.05701,0.26416,0.08656,0.02510,0.08578,0.05315,0.02847,0.01681,0.06982,0.00602
0.01820,0.03877,0.01135,0.03605,0.35959,0.06557,0.02106,0.02415,0.35165,0.01949,0.02786,0.00170,0.00260,0.02195
0.02879,0.02441,0.05996,0.01514,0.38154,0.02202,0.04473,0.10445,0.23614,0.01764,0.02199,0.02426,0.01105,0.00789
0.02926,0.33116,0.01688,0.05364,0.05608,0.30364,0.08564,0.03670,0.02071,0.00980,0.01885,0.01783,0.00914,0.01066
0.00895,0.05499,0.22954,0.03347,0.17895,0.08871,0.02480,0.12854,0.01562,0.02477,0.00623,0.18965,0.00339,0.01240
0.02153,0.15574,0.02550,0.07606,0.03566,0.18482,0.23350,0.05591,0.02087,0.14738,0.01925,0.00832,0.00703,0.00842
0.02911,0.10074,0.01760,0.05927,0.04627,0.10459,0.27933,0.04080,0.03158,0.18472,0.02318,0.00472,0.02740,0.05068
0.00493,0.04576,0.01257,0.06175,0.13029,0.05191,0.27266,0.13152,0.02639,0.19400,0.02056,0.00434,0.01437,0.02895
0.03415,0.08560,0.03162,0.02944,0.05055,0.05457,0.30841,0.04933,0.02297,0.26420,0.02654,0.03185,0.00484,0.00594
0.06329,0.15325,0.01084,0.02710,0.15539,0.16362,0.10663,0.02386,0.15328,0.07604,0.02070,0.02291,0.01416,0.00894
0.03786,0.01377,0.01527,0.06838,0.03602,0.03134,0.40760,0.02441,0.03577,0.30659,0.00686,0.00843,0.00224,0.00547
0.02453,0.16495,0.05249,0.03118,0.02476,0.21980,0.21664,0.02413,0.01057,0.17190,0.00708,0.03228,0.00703,0.01265
0.01081,0.02583,0.01388,0.02620,0.09489,0.01940,0.31916,0.11270,0.01180,0.27151,0.05817,0.02121,0.00780,0.00662
0.07538,0.16956,0.06591,0.06195,0.11772,0.20015,0.10029,0.05862,0.05191,0.05103,0.00582,0.02473,0.00524,0.01170
0.01717,0.03393,0.02727,0.04873,0.04358,0.03137,0.29703,0.06482,0.04561,0.23485,0.06143,0.02265,0.03950,0.03205
0.03742,0.23207,0.02232,0.03950,0.04640,0.27379,0.16696,0.01951,0.01304,0.12528,0.00858,0.00584,0.00433,0.00494
0.02557,0.10165,0.04189,0.06718,0.06555,0.06181,0.23080,0.06768,0.00891,0.21244,0.02397,0.01018,0.01415,0.06820
0.06195,0.07396,0.01135,0.08883,0.04653,0.04983,0.19612,0.02825,0.01158,0.12277,0.00612,0.14470,0.00773,0.15026
0.04069,0.13132,0.06035,0.01096,0.15017,0.18888,0.07077,0.11547,0.02764,0.03599,0.01034,0.11584,0.01166,0.02993
0.03044,0.05393,0.03183,0.02222,0.35287,0.06106,0.02407,0.30913,0.01484,0.01738,0.03388,0.01678,0.00921,0.02235
0.02725,0.03146,0.01424,0.06224,0.05706,0.05694,0.30299,0.05648,0.04012,0.27484,0.04202,0.01627,0.00858,0.00949
0.00789,0.03377,0.32712,0.04236,0.02884,0.03849,0.08170,0.00260,0.02198,0.02549,0.02268,0.32724,0.03034,0.00950
0.03254,0.01461,0.01640,0.14118,0.20434,0.02256,0.19313,0.06815,0.18965,0.08217,0.00763,0.01316,0.00634,0.00814
0.01001,0.04358,0.03009,0.03865,0.21273,0.04184,0.08960,0.20294,0.01797,0.05285,0.09432,0.03036,0.10222,0.03285
0.03577,0.26637,0.01433,0.04248,0.05417,0.08114,0.16124,0.06769,0.00880,0.18335,0.04202,0.01643,0.00713,0.01909
0.03646,0.06336,0.00984,0.01330,0.32179,0.06695,0.07791,0.28907,0.00668,0.05302,0.01810,0.01002,0.02856,0.00495
0.05155,0.40693,0.02002,0.00465,0.00906,0.36301,0.00855,0.00663,0.02390,0.01198,0.00641,0.01332,0.00564,0.06834
0.05482,0.15661,0.02490,0.03649,0.03221,0.12301,0.14896,0.05541,0.04220,0.15170,0.03969,0.00959,0.02398,0.10045
0.02850,0.01834,0.02271,0.02583,0.31428,0.04282,0.09564,0.27111,0.04864,0.08374,0.02982,0.00643,0.01029,0.00185
0.01892,0.08317,0.03908,0.18815,0.01579,0.13854,0.27790,0.02476,0.01383,0.14158,0.02259,0.01284,0.00500,0.01785
0.02005,0.20894,0.03152,0.05667,0.03239,0.18770,0.20493,0.03846,0.00791,0.17713,0.01742,0.00485,0.00534,0.00668
0.03477,0.04279,0.03449,0.09032,0.03795,0.03549,0.34938,0.04867,0.00877,0.27546,0.01821,0.01561,0.00320,0.00489
0.01525,0.23917,0.04057,0.02876,0.02989,0.30373,0.05929,0.02497,0.02811,0.03039,0.04988,0.05067,0.06920,0.03013
0.05633,0.13459,0.04779,0.02780,0.11497,0.03298,0.12865,0.18219,0.02094,0.13355,0.06358,0.02439,0.00701,0.02522
0.08102,0.02347,0.01693,0.01717,0.37163,0.02063,0.05238,0.34723,0.00335,0.00435,0.02588,0.01482,0.00166,0.01948
0.02266,0.04447,0.06725,0.05740,0.18328,0.01580,0.18299,0.15570,0.02026,0.15137,0.03182,0.03371,0.01565,0.01764
0.04667,0.18178,0.05566,0.01837,0.13438,0.18498,0.09924,0.11649,0.02892,0.07230,0.01302,0.02503,0.00551,0.01764
0.12383,0.20774,0.02504,0.00888,0.13221,0.22306,0.03415,0.12776,0.01679,0.02432,0.01528,0.02461,0.00519,0.03113
0.02593,0.27010,0.02059,0.02409,0.02895,0.30360,0.09366,0.03986,0.02808,0.07561,0.05635,0.01385,0.01232,0.00702
0.02448,0.13200,0.02814,0.02806,0.01439,0.18776,0.21502,0.00485,0.02941,0.16814,0.07579,0.00946,0.06290,0.01961
0.04220,0.29788,0.01602,0.04849,0.02011,0.33084,0.08607,0.04467,0.00666,0.05692,0.01904,0.00858,0.00275,0.01977
0.04149,0.07764,0.01961,0.05506,0.07691,0.08687,0.18435,0.14338,0.02799,0.15842,0.06809,0.01725,0.00883,0.03411
0.04385,0.03465,0.01527,0.01579,0.38271,0.03448,0.03221,0.05629,0.32639,0.02185,0.00770,0.01283,0.00354,0.01243
0.01144,0.03362,0.00516,0.03657,0.07977,0.03047,0.34656,0.07006,0.04761,0.29344,0.01191,0.00443,0.00807,0.02089
0.01165,0.03845,0.02644,0.02197,0.40158,0.01617,0.01930,0.36880,0.00770,0.01931,0.01238,0.02773,0.00413,0.02439
0.05706,0.10775,0.02131,0.10952,0.04481,0.11744,0.19831,0.05457,0.03486,0.17078,0.00960,0.01421,0.02719,0.03258
0.12187,0.09334,0.01455,0.05811,0.04622,0.08837,0.22602,0.04462,0.00829,0.19500,0.02978,0.00676,0.02216,0.04491
0.02559,0.08544,0.14073,0.06224,0.01526,0.20167,0.10715,0.04238,0.09581,0.04468,0.00708,0.05001,0.09751,0.02445
0.04261,0.27295,0.02337,0.03038,0.12045,0.23281,0.06661,0.13812,0.01154,0.02013,0.02000,0.01296,0.00374,0.00433
0.04426,0.03336,0.02431,0.10449,0.31307,0.03931,0.07328,0.24457,0.02234,0.05390,0.01318,0.01207,0.00895,0.01291
0.01402,0.03527,0.02001,0.11926,0.20234,0.03104,0.19733,0.14701,0.04718,0.14892,0.01848,0.00788,0.00483,0.00645
0.01551,0.01833,0.42365,0.01904,0.01770,0.37947,0.03832,0.01502,0.01034,0.01079,0.01029,0.00552,0.00367,0.03237
0.01820,0.15879,0.04338,0.16402,0.02563,0.19002,0.19482,0.02296,0.03147,0.03380,0.05091,0.01479,0.03142,0.01980
0.03613,0.05462,0.05020,0.12972,0.09865,0.04811,0.25516,0.08826,0.00726,0.17977,0.01384,0.00826,0.00702,0.02299
0.01341,0.03256,0.14765,0.01647,0.03789,0.12294,0.30059,0.00953,0.02433,0.26361,0.00610,0.00779,0.00806,0.00909
0.01135,0.07607,0.04869,0.12236,0.04335,0.11731,0.08490,0.20796,0.02085,0.06119,0.14663,0.01655,0.03460,0.00820
0.00763,0.05163,0.22974,0.00870,0.01887,0.06009,0.02418,0.15992,0.01412,0.03473,0.14423,0.22627,0.01576,0.00413
0.07219,0.09886,0.01025,0.01767,0.30346,0.06477,0.03848,0.25812,0.02886,0.03477,0.01214,0.04220,0.00943,0.00880
0.02628,0.07455,0.02494,0.02560,0.10709,0.05055,0.20252,0.13980,0.00670,0.20913,0.04687,0.01647,0.02332,0.04618
0.02184,0.18394,0.03542,0.07870,0.05954,0.26336,0.16229,0.04800,0.02444,0.09809,0.00937,0.01023,0.00111,0.00367
0.05367,0.20907,0.05831,0.08577,0.02178,0.28872,0.05254,0.02619,0.01986,0.02072,0.07621,0.01258,0.06258,0.01201
0.01629,0.15224,0.03006,0.03896,0.09012,0.19502,0.08274,0.17513,0.01557,0.03455,0.10453,0.03429,0.00821,0.02227
0.01858,0.08899,0.02856,0.11872,0.03508,0.09057,0.32116,0.02621,0.00951,0.23035,0.00523,0.01774,0.00421,0.00510
0.00773,0.04412,0.02987,0.05704,0.03683,0.06124,0.33785,0.02841,0.02013,0.30166,0.03516,0.00910,0.01443,0.01643
0.03521,0.05007,0.04570,0.06390,0.03331,0.04500,0.38758,0.03062,0.01681,0.25461,0.00705,0.02209,0.00486,0.00320
0.06237,0.35885,0.02525,0.02056,0.03107,0.36852,0.01157,0.04026,0.01395,0.00932,0.00918,0.03112,0.00584,0.01214
0.01969,0.12604,0.01284,0.27886,0.01649,0.17469,0.27560,0.01664,0.00920,0.01167,0.01544,0.01249,0.01853,0.01181
0.01260,0.12746,0.07103,0.02650,0.03297,0.13618,0.21510,0.05100,0.01673,0.18036,0.05009,0.05728,0.00242,0.02028
0.04581,0.16760,0.05500,0.11791,0.06279,0.23188,0.11859,0.05068,0.02530,0.05618,0.01707,0.02108,0.00850,0.02162
0.01615,0.14240,0.04632,0.02041,0.01304,0.14223,0.17424,0.00872,0.01358,0.15994,0.11761,0.03405,0.08375,0.02755
0.05808,0.23694,0.05141,0.03056,0.09561,0.24577,0.05796,0.06299,0.05937,0.03906,0.01532,0.02952,0.00725,0.01017
0.01204,0.02989,0.37387,0.01158,0.01535,0.04985,0.03148,0.01237,0.01233,0.01149,0.00498,0.41461,0.00347,0.01668
0.05011,0.14334,0.01700,0.01839,0.22899,0.16767,0.06031,0.01192,0.22540,0.04139,0.00335,0.00822,0.00854,0.01537
0.02875,0.11325,0.03781,0.06923,0.03328,0.13057,0.25343,0.03044,0.03347,0.21106,0.00211,0.01448,0.01318,0.02895
0.10444,0.26922,0.01188,0.05613,0.04874,0.31403,0.02016,0.04708,0.08620,0.00948,0.01402,0.01050,0.00578,0.00233
0.06789,0.09586,0.04873,0.02726,0.10537,0.08958,0.17463,0.11722,0.01348,0.15312,0.02039,0.02431,0.01794,0.04424
0.01476,0.04240,0.01058,0.03985,0.03308,0.04775,0.11521,0.02508,0.02089,0.06560,0.27592,0.03696,0.26447,0.00744
0.01517,0.12366,0.01144,0.06876,0.16583,0.15670,0.10783,0.17937,0.02023,0.06562,0.03979,0.00565,0.02792,0.01204
0.07702,0.05470,0.13050,0.01782,0.08600,0.14679,0.17473,0.01253,0.09518,0.12551,0.02011,0.04441,0.00901,0.00570
0.02114,0.03343,0.01315,0.03109,0.08942,0.03035,0.34384,0.08878,0.02040,0.26232,0.01971,0.02582,0.00792,0.01262
0.14154,0.07511,0.01586,0.00997,0.01157,0.01872,0.01801,0.00577,0.00923,0.33244,0.00825,0.00889,0.00131,0.34332
0.04206,0.03525,0.01936,0.29985,0.09809,0.05413,0.31440,0.05043,0.02192,0.02132,0.01552,0.01007,0.00628,0.01132
0.01159,0.26096,0.10418,0.03243,0.04908,0.26205,0.03102,0.06409,0.01105,0.02829,0.01055,0.10715,0.02139,0.00616
0.00498,0.03025,0.07409,0.04366,0.08860,0.08257,0.20784,0.03013,0.11575,0.16693,0.04677,0.03476,0.03288,0.04080
0.05468,0.03853,0.02518,0.01529,0.17947,0.03770,0.04354,0.13053,0.22010,0.01952,0.00929,0.02149,0.19717,0.00750
0.00875,0.05767,0.00989,0.03072,0.29627,0.03133,0.07796,0.27061,0.03505,0.07408,0.08270,0.00937,0.00518,0.01040
0.05066,0.28787,0.05294,0.02397,0.03353,0.31627,0.06289,0.02803,0.02002,0.04408,0.02134,0.04464,0.00857,0.00517
0.01840,0.08108,0.06842,0.02461,0.02657,0.09951,0.26632,0.06396,0.00999,0.21188,0.04808,0.05195,0.00423,0.02497
0.06570,0.24355,0.04001,0.07286,0.02228,0.26245,0.10883,0.02282,0.04957,0.05520,0.03316,0.01721,0.00089,0.00546
0.02957,0.04710,0.01319,0.03010,0.02619,0.05514,0.02517,0.36856,0.00608,0.02575,0.35606,0.00483,0.00465,0.00761
0.03188,0.02237,0.01916,0.02109,0.30781,0.02091,0.08719,0.10996,0.24851,0.07165,0.04936,0.00367,0.00295,0.00349
0.01492,0.04146,0.03248,0.13371,0.03301,0.04005,0.29431,0.05985,0.01303,0.19532,0.01678,0.07539,0.01336,0.03632
0.02943,0.19226,0.06190,0.02356,0.01959,0.23114,0.08512,0.02838,0.02942,0.05534,0.03841,0.13495,0.01839,0.05210
0.08789,0.06406,0.03459,0.09181,0.25985,0.04583,0.06326,0.22791,0.02619,0.03934,0.01997,0.00506,0.00618,0.02806
0.05506,0.25272,0.00669,0.01645,0.13840,0.28605,0.04066,0.13741,0.00414,0.01451,0.00744,0.01313,0.01035,0.01700
0.03422,0.10724,0.04442,0.02209,0.26947,0.11073,0.04243,0.23933,0.03436,0.03885,0.02611,0.01367,0.01135,0.00572
0.01215,0.04288,0.05037,0.03836,0.03485,0.05359,0.33504,0.01811,0.02281,0.29713,0.05525,0.01391,0.01424,0.01129
0.01627,0.08329,0.31025,0.01492,0.06815,0.34008,0.02859,0.02300,0.05431,0.02516,0.01321,0.01806,0.00154,0.00317
