{"estimation": {"a": 8.900377479481023, "rho": [0.10400391267967243, 0.15603164370188685, 0.36439611310436487, 0.37556833051407507], "Mu": [[-4.970261995937063, -3.21458236395446, 7.131195429107774, -4.006106815582076, 2.821214327062317, 0.3746350297253077, 2.8391839962875314, -8.211755341865635, -3.8691133642922027, 0.5559265112777725, -0.054691459648651033, 2.121715722982136, 1.5285174570596218, -2.3738278973793725, -1.6083454004721398, 1.721519559082857, -3.5485142238202774, -1.3163409965053199, 1.0629658450341952, -0.6795247547851404], [1.4031479420656046, -4.850480702855617, -3.0708202405402125, 1.609962203505573, -0.7870405262803536, 4.140935160653058, -1.225277483072295, -2.0942151469678825, 6.678102502587849, -5.467842347545398, 4.743619430509817, 4.194385116553591, -5.353994964390209, 1.041104082278052, -3.7504821934968895, 1.3423657888770766, -2.687855834353615, 2.0650871567883953, -5.2411343193858, -3.0081788994390037], [-3.356089747555754, -2.446415423131336, 1.951200270439716, -0.5243894021058664, 0.9502566482535764, 0.2397708283593256, 2.839020020534925, -1.7271000059039312, 0.5713946595206388, 1.9888695296903378, 0.5785236248014841, 0.07890273614176437, -3.2047709505726054, 1.124690754866767, -1.9350667145995966, -0.3262794076009552, -0.3760147102312872, 0.5327926140137063, -1.461912615583625, -0.7051914761746539], [-4.497172193347909, -4.898032625158712, 4.560585397951131, 5.2247867191389545, -1.2255189585464166, -3.317320016030918, 2.248127521476044, -0.24190069346927456, -0.18797678746100036, 3.0727384520087866, -2.0109507110793943, -0.6012419219461776, -3.8504157821637177, -0.44007026703854485, -0.6823474755838057, -1.9814319343142115, 0.6714125781490539, 2.831751389871032, -0.7987015753123322, 3.412916944141362], [-7.64761699547577, -2.7130601875873213, 0.4272269117108815, -6.370477703235893, 1.1123392248605408, 3.8068265525901688, 0.2159589689100249, -3.824807103480607, -0.7694301400939108, -0.35274466079915023, 0.40512914291176594, 2.155257626328411, 3.1047493595830744, -0.5812739668705861, -1.6664787853086247, -2.3134815572610212, -4.334177490414401, -3.111979362663998, -2.023853717708161, -0.45183924268389647], [-2.2343766477754294, -0.5002844484574719, -1.0492243048208765, -1.5969025450678591, 2.8998936606977863, 5.562641946119159, -5.66903467994312, 2.143064891991774, 0.9939069272455301, -3.895132663081921, -3.4923466095257525, -4.0400224698671785, -5.519786645897808, 8.108850218948836, -3.4435833517746213, 2.1307564279984406, 2.7275713742389858, -4.544185647295328, -0.1683156798910095, -3.140099027602695], [0.15389035761231093, -6.379258363923065, 1.0482701505116718, -0.8684389386118175, -0.10412485432000268, -2.4616458281926414, -1.8538728744511708, -1.8988196709062248, -1.7937244842308198, -3.659838907595042, 0.41970277638132203, -4.818783878867053, 1.2438849976956659, 0.12409240099947158, 0.03588807635076383, 1.700037404657238, 2.4673537832291723, 2.871352957831916, 0.15232365841413265, -0.8172545354246513], [0.07064717550950188, -5.771441759441893, 0.4979249013763319, -1.0084994286049416, -0.12299767069423985, -1.9652000101615315, -1.7916008797150558, -1.8238409288298234, -1.7593057210559917, -3.1071990290831284, 0.36549970451824354, -4.847324154305787, 1.3981751405619154, 0.288974857205, 0.006169808444321999, 1.672639794533511, 2.3692062007148813, 2.8203674262470098, 0.3747020380401779, -0.9081474317555064]], "Lambda": [[0.6511830053124781, 0.4142566914064876, 0.19518926821676777, 0.48055918621368493, 0.549044796376309, 0.4184950430092141, 0.33067236059579524, 0.4435525245466068, 0.4643111854695172, 0.2843691790747643, 0.33179529899290655, 0.7852560771139915, 0.39569566409267504, 0.3452918860120323, 0.46291193029103217, 0.4993126174098852, 0.505159214956774, 0.3819986783555296, 0.5585111192393852, 0.43420293073041255], [0.5229581811354553, 0.26829939790208773, 0.5458591927315755, 0.44562682116706265, 0.40816168758722055, 0.3633383350752686, 0.3668171148888477, 0.45684460188064946, 0.419734765334024, 0.20180843407030388, 0.27884529666189606, 0.5423296630232266, 0.4685413547257424, 0.855206899437267, 0.5777870638827793, 0.4429307039149492, 0.5830473372590326, 0.3809332303156037, 0.406078091334326, 0.6393046948336175], [0.4624664164433688, 0.5723332896391347, 0.3449994086376223, 0.3944751504893302, 0.4202866879621663, 0.4337326768646058, 0.6724129775154721, 0.6242104097871599, 0.5926560355596678, 0.5095074757087715, 0.5624536088181749, 0.4359826440799248, 0.51716132813898, 0.5094285128882649, 0.593125430030772, 0.45632959450443605, 0.6011423249025034, 0.3881953004399424, 0.40307814596436586, 0.41859215913784953], [0.4589177936125418, 0.43126076884372433, 0.28760084248937545, 0.3885932319995732, 0.4036316557063378, 0.34585202010113175, 0.6566954082900631, 0.5281327182569754, 0.5301573040841797, 0.4960532115891133, 0.5781338064103543, 0.4098200851274142, 0.41784465607012244, 0.4459019960109134, 0.4428037730848432, 0.44279619049165453, 0.5110613446264963, 0.4318418130977432, 0.38716552394743986, 0.34912652481570833], [0.363288280462547, 0.4478844096462967, 0.3472308837043378, 0.4023993154817841, 0.5081306118568657, 0.38343773170411793, 0.3024710351320792, 0.5849031987192536, 0.6875284453424819, 0.2844017943415799, 0.40357977267691414, 0.8534769478634344, 0.20637702917591225, 0.47266374146895374, 0.3943861694374413, 0.8413888304285896, 1.0035540021409206, 0.496225225483732, 0.4566908314424481, 0.6738329578933159], [0.3965349893835378, 0.2676229420070527, 0.48223684019067997, 0.9366371419174649, 0.31956359811525203, 0.45654719908382707, 0.22948755740628018, 0.7828532353251237, 0.5667111334253574, 0.3434356628178631, 0.5308244222849873, 0.14893077291376075, 0.389200690723957, 0.3530475476907145, 0.5262844731330001, 0.8349693778620177, 0.3204610513125743, 1.0787213555944373, 0.4357914034674199, 0.6502594104901419], [0.34429935355234614, 0.04632842714683475, 0.288044817157417, 0.32225336057170323, 0.40027963032260055, 0.3250216783300999, 0.6799526865120884, 0.3782661317100231, 0.5247791428957636, 0.36097541659904553, 0.4825661387610981, 0.39563615816304293, 0.40445515714541136, 0.5253631806714192, 0.948886129130954, 0.7126922415477076, 0.4459542756026705, 0.38915698414717087, 0.4671164403924605, 0.3846110410478899], [0.3453314586347409, 0.04810704125437208, 0.29186873956410003, 0.3363821128333664, 0.40606356909462227, 0.32173653234485605, 0.6631161234941211, 0.3797693649922907, 0.5215727763130686, 0.3557324641757279, 0.48113577270145336, 0.373377316671221, 0.3904702552461511, 0.5230376284830344, 0.9598646239766365, 0.7099261928660431, 0.45015291668053126, 0.3888042393790368, 0.47381295372979254, 0.3883386629194077]], "G": [[0.0323253391463138, 0.11184205700752027, 0.4243865572795744, 0.4314460465665912], [0.06564397579913264, 0.3941836794776716, 0.2626819666081333, 0.277490378115062], [0.12275281475782862, 0.13839769209857697, 0.3630659193583581, 0.37578357378523697], [0.17050126773020702, 0.18408594949540028, 0.3142126378624608, 0.3312001449119319], [0.18608606013116202, 0.22458304396730716, 0.29005243392893304, 0.299278461972597], [0.1534810957277876, 0.08350814851230148, 0.37864809084631174, 0.38436266491359894], [0.17692051351596777, 0.05529275218211333, 0.37898901367553844, 0.38879772062638074], [0.07948396894530259, 0.1307699499074002, 0.39035631863859016, 0.39938976250870845], [0.07710903733359463, 0.1817847047675299, 0.3657805198582741, 0.3753257380406017], [0.1404083451040429, 0.18835056151556442, 0.328005555308893, 0.3432355380714998], [0.27236977402742885, 0.2815197040028239, 0.21979896786279632, 0.22631155410695036], [0.06393203300030027, 0.1287431524965118, 0.3930855937626502, 0.4142392207405378], [0.05978192036026392, 0.10071327829027751, 0.4138266367705694, 0.4256781645788896], [0.07692970268625055, 0.31270461402749883, 0.30020281864472304, 0.3101628646415268], [0.04573895425249253, 0.2555616387744425, 0.33973631534882764, 0.3589630916242378], [0.11586114760139296, 0.32312171374454834, 0.27479703210300693, 0.28622010655105135], [0.13878429081264906, 0.2603032856870375, 0.29182880635584746, 0.30908361714446625], [0.0318556839353161, 0.04712112044722055, 0.45672268080062833, 0.46430051481683554], [0.055918346602803065, 0.29656544123001877, 0.31344212269797156, 0.33407408946920686], [0.05445593651160376, 0.11232736773002631, 0.416699715774216, 0.41651697998415416], [0.032306028052407364, 0.08433116934331931, 0.4320120943900036, 0.4513507082142693], [0.16972771967961, 0.15412602959107446, 0.33299833010166713, 0.34314792062764776], [0.028837817981704178, 0.0515389452206081, 0.4530936434736703, 0.4665295933240175], [0.10491548229563724, 0.09965167185935003, 0.38911137827624004, 0.4063214675687732], [0.029432062144977063, 0.2681429594349172, 0.3463558662738521, 0.3560691121462532], [0.15358698487668473, 0.3828457724047955, 0.22356176293031924, 0.24000547978819983], [0.07859713712629544, 0.06499460394579648, 0.42796660062846664, 0.428441658299441], [0.05750966791161451, 0.3661502985866367, 0.28222360206906016, 0.2941164314326887], [0.08232012386483434, 0.16498178681615153, 0.3702899458872808, 0.3824081434317332], [0.19163728316442452, 0.11436164774051584, 0.34048658548133803, 0.3535144836137217], [0.19225199976668927, 0.05986683769055791, 0.3747044712436771, 0.37317669129907655], [0.15245091447874715, 0.261216376138703, 0.2881637186088922, 0.2981689907736583], [0.10318255776095651, 0.1092443983986103, 0.3889849697635815, 0.3985880740768517], [0.1433077516473464, 0.07394201598141567, 0.3909908441468702, 0.3917593882243682], [0.07611424590420574, 0.18094137862136186, 0.36701994727999715, 0.37592442819443445], [0.07446181147530517, 0.17700865456345358, 0.3626512157751061, 0.38587831818613466], [0.12306202012520846, 0.2902982971131449, 0.2833735974309262, 0.3032660853307203], [0.1221361220753175, 0.18373481431141797, 0.3419498953033766, 0.3521791683098874], [0.07770429483067533, 0.15333308576655072, 0.3788921750541589, 0.39007044434861454], [0.321204704907544, 0.050378928216751676, 0.3142729112038634, 0.314143455671841], [0.06603992392130693, 0.10984273850541634, 0.40505782108574157, 0.4190595164875344], [0.05157990673330557, 0.08470151545950141, 0.4258800499157712, 0.4378385278914222], [0.020542019350900404, 0.1138400439077866, 0.4268788139499937, 0.4387391227913187], [0.07405694733940318, 0.18931344943959183, 0.3570589617924242, 0.3795706414285804], [0.23052048562285682, 0.2418098464834226, 0.25596142834381913, 0.2717082395499016], [0.13796880905073305, 0.2575110724924482, 0.29521975999705463, 0.3093003584597644], [0.06265951118630939, 0.09040248851308393, 0.42278547303464536, 0.424152527265962], [0.04342416134009196, 0.08235989219158843, 0.42792429298210655, 0.44629165348621314], [0.11223387954814915, 0.07623481962229132, 0.4007820430327048, 0.4107492577968547], [0.04130674561129593, 0.11193935668271095, 0.413793652192102, 0.4329602455138916], [0.06272615313928304, 0.2672481842034148, 0.3283018691498378, 0.3417237935074633], [0.0675713319744943, 0.11362955846796916, 0.40292467358167533, 0.41587443597586066], [0.14310901179867008, 0.18887339662129504, 0.3204981703839319, 0.347519421196103], [0.09006503734677322, 0.22064145768667434, 0.3466485870445186, 0.34264491792203283], [0.0719915654002321, 0.26895644172742145, 0.31923334714418933, 0.3398186457281568], [0.19307082802218037, 0.2266273788392721, 0.28438170831020215, 0.2959200848283448], [0.07228527873480442, 0.1554478315561063, 0.3809093599898293, 0.39135752971926036], [0.1012985609791271, 0.20298665504713412, 0.3442772845720498, 0.3514374994016891], [0.06619805458510446, 0.10236322643399084, 0.40919028238932925, 0.4222484365915747], [0.30214043031012594, 0.4198096931476453, 0.13661786616977883, 0.1414320103724495], [0.04041867356696842, 0.5543056001477387, 0.19499647180244467, 0.2102792544828484], [0.03970406490542543, 0.11183799483852346, 0.41870333837720664, 0.4297546018788441], [0.08741321496326013, 0.09554491472699593, 0.40162792398387487, 0.41541394632587003], [0.04715475973532013, 0.12090024260310711, 0.4050518088890253, 0.4268931887725475], [0.11929919960288976, 0.2526752041730664, 0.306867473140206, 0.321158123083838], [0.08413039554889393, 0.11285448925947429, 0.3926215036327441, 0.4103936115588876], [0.06410612145868143, 0.14601762467716792, 0.3871115554937607, 0.40276469837038964], [0.062301877208938754, 0.33455917864261076, 0.2992530789544097, 0.3038858651940412], [0.1232018333861005, 0.10717642766377915, 0.37499744642115074, 0.394624292528969], [0.056802225750538525, 0.17793899014779524, 0.37236290959012086, 0.39289587451154484], [0.10017962475681524, 0.21721574093952659, 0.33713995632029614, 0.3454646779833627], [0.03617685707552741, 0.2853625152848443, 0.33467898256686435, 0.3437816450727635], [0.05428549032630266, 0.13378698351924187, 0.4044208584558431, 0.40750666769861227], [0.14870424678219002, 0.16892744297484816, 0.33359298196279763, 0.3487753282801639], [0.26198183149279236, 0.08442781329619868, 0.3242232614869952, 0.32936709372401346], [0.10757485694124576, 0.18896729884816557, 0.3453099595412513, 0.358147884669337], [0.03395620869243915, 0.2519677430669232, 0.35016075417435544, 0.36391529406628276], [0.07098745474355507, 0.09217191794093742, 0.4166849815152619, 0.4201556458002467], [0.09296652393120151, 0.08821577683602913, 0.4002346966044398, 0.4185830026283302], [0.0968169276757391, 0.1343606127630707, 0.3825946705078264, 0.3862277890533639], [0.07229002377203839, 0.13486190579160165, 0.39167631860262914, 0.4011717518337312], [0.08213710513859972, 0.17303201224218812, 0.36828231923936633, 0.3765485633798456], [0.037598450672501824, 0.061960535222684764, 0.4423499866223338, 0.4580910274824788], [0.11456642741750761, 0.07697880760642112, 0.39962073937026127, 0.40883402560580934], [0.19667524747465376, 0.11442239881149521, 0.34147411695334184, 0.3474282367605087], [0.19869236845035756, 0.14124560528045904, 0.32825636569642347, 0.3318056605727602], [0.05331989953215714, 0.057941487677399164, 0.4368291215408328, 0.4519094912496107], [0.04272841214054241, 0.14829812901208153, 0.3951585296337444, 0.4138149292136307], [0.10566766325862878, 0.1104758453891107, 0.38478695526493717, 0.3990695360873243], [0.17849526982269487, 0.10209084736561919, 0.35418358628858576, 0.3652302965231011], [0.10745039976396548, 0.252201752408399, 0.3094861009258589, 0.3308617469017769], [0.14414266149096194, 0.231720577571291, 0.30834561206554834, 0.31579114887219883], [0.1540354327994612, 0.20583295487810654, 0.3134389178602287, 0.32669269446220356], [0.21330351571250075, 0.08136285651488875, 0.3502877605684698, 0.35504586720414055], [0.07458098630361172, 0.07293955860923136, 0.4201367985687734, 0.4323426565183834], [0.05016584372497355, 0.16580290964257519, 0.38519721318704303, 0.3988340334454091], [0.08452250990321854, 0.16938519740019234, 0.3654203796508652, 0.3806719130457241], [0.2755484797215582, 0.06430571219650957, 0.3319855045194312, 0.3281603035625014], [0.16112708690940403, 0.22690840306834012, 0.2948963799710754, 0.31706813005118045], [0.07322295089298553, 0.17970316495057098, 0.36310978727662657, 0.3839640968798167], [0.04748992248119848, 0.1199456136155331, 0.4079388641445591, 0.4246255997587086], [0.061140376362477794, 0.048964304201681276, 0.43641803464273177, 0.45347728479310867], [0.04902069493631297, 0.07062167469956071, 0.4319574003800933, 0.44840022998403306], [0.08146346734058131, 0.09933502353410299, 0.4061595714155143, 0.4130419377098017], [0.23412138119143847, 0.07866282845272499, 0.33694188816717724, 0.35027390218865956], [0.13051507083334957, 0.06920441827884109, 0.39256702188778037, 0.4077134890000295], [0.15948259040193832, 0.1797787207276544, 0.32372225823609546, 0.3370164306343112], [0.08012721670487777, 0.12069422552240626, 0.390564738872937, 0.408613818899778], [0.09462784993908334, 0.23659455372396598, 0.33059927298592395, 0.33817832335102666], [0.024350994278837135, 0.05009343966682013, 0.4594553109984329, 0.466100255055911], [0.08398519308029602, 0.1467946101107026, 0.3736207660472896, 0.3955994307617116], [0.04985629386890781, 0.18347581462706708, 0.3754221323903956, 0.39124575911362963], [0.06248624483835248, 0.10172720558503735, 0.410332502944833, 0.4254540466317772], [0.22853089378224095, 0.11880487186387487, 0.3229218521988613, 0.3297423821550229], [0.053560552958478856, 0.3845074417503009, 0.2785485118073188, 0.283383493483902], [0.058998343703993046, 0.1313826060634568, 0.4048574675632958, 0.40476158266925394], [0.0783819680384167, 0.03280817002973977, 0.4381846820014378, 0.45062517993040574], [0.07706860239611482, 0.11258195030568546, 0.394115951043584, 0.41623349625461536], [0.12676824365183822, 0.06538111930825882, 0.40321217493219014, 0.40463846210771304], [0.10484686750556019, 0.09785025916118377, 0.39808729169284646, 0.39921558164040927], [0.23317822159395632, 0.05578649375419271, 0.3497586945431757, 0.361276590108675], [0.17286730410994738, 0.14161351183222914, 0.33646541906285193, 0.3490537649949711], [0.16797779328882542, 0.11491328557557876, 0.3625139028416639, 0.3545950182939327], [0.14369126309590985, 0.177591188128342, 0.33302597959672664, 0.34569156917902194], [0.14426710773609017, 0.19717973235509093, 0.3234185273723011, 0.3351346325365175], [0.05917398860032217, 0.23832612809277823, 0.34419651937782697, 0.35830336392907347], [0.13416721189940842, 0.14350070383214805, 0.3542756556852076, 0.368056428583236], [0.14127731954548625, 0.10739986962957564, 0.37081018993144627, 0.38051262089349147], [0.028220123988005597, 0.07358675362391123, 0.44469218724691695, 0.4535009351411655], [0.1978915697632499, 0.08471478909746583, 0.3500448172345497, 0.3673488239047354], [0.04936663875961807, 0.22842131211354322, 0.3521940735587661, 0.37001797556807303], [0.12002651360534189, 0.10670300617586623, 0.384028873111808, 0.38924160710698374], [0.05307195714908192, 0.09902123190107331, 0.42002067112200314, 0.427886139827841], [0.04829177001878433, 0.05445469836342875, 0.44420613155143845, 0.4530474000663481], [0.18346883528387709, 0.15002334926156044, 0.3281770876118697, 0.33833072784269275], [0.10434903180063497, 0.25643472346995244, 0.31531071614950207, 0.3239055285799109], [0.06989509946404532, 0.49866228313153166, 0.21355898375388163, 0.2178836336505418], [0.03565782533306395, 0.25454957382268545, 0.3424380375334243, 0.3673545633108268], [0.033090774919678045, 0.22097028294630597, 0.369384340818151, 0.37655460131586554], [0.05578022169161841, 0.14139936998561398, 0.3880706395174094, 0.4147497688053583], [0.19223412664900325, 0.11489723797843787, 0.3411474033523996, 0.3517212320201597], [0.1138972747290397, 0.20352015998947914, 0.33499858938112426, 0.34758397590035683], [0.04823479357192446, 0.21807158341271424, 0.3659089496678849, 0.3677846733474772], [0.08375859163078771, 0.355843378592265, 0.27302147288723194, 0.28737655688971536], [0.09502753720746597, 0.2040121215299317, 0.34344102928809533, 0.3575193119745059], [0.05930880477604505, 0.1618019904776781, 0.38391244436602284, 0.3949767603802533], [0.03385424475592795, 0.23899665837564196, 0.35471077822791464, 0.3724383186405157], [0.23052035300374524, 0.1264519923535156, 0.311288633593951, 0.331739021048788], [0.05593259282714265, 0.1542474534114782, 0.3874039119597149, 0.4024160418016644], [0.16632958489454575, 0.3233126591283169, 0.24933364479448036, 0.2610241111826572], [0.4137983319827506, 0.04479780314115332, 0.2707872419858809, 0.27061662289021654], [0.27324500319277384, 0.11234805145143927, 0.3025045851482782, 0.3119023602075082], [0.04401875973098735, 0.38059124049559856, 0.28100160450053546, 0.29438839527287874], [0.020492696422900494, 0.08654976113486221, 0.44102254775795313, 0.45193499468428405], [0.09872831956994366, 0.11532108139512853, 0.390301323166058, 0.3956492758688704], [0.15184428716175097, 0.19876423320809677, 0.3189138697527515, 0.330477609877401], [0.20471752905730575, 0.2870839463654555, 0.24812801305690174, 0.26007051152033656], [0.10221201535531532, 0.11118611506523027, 0.3874827516419604, 0.3991191179374938], [0.0945867655651658, 0.2007068273572702, 0.34914754641964235, 0.35555886065792147], [0.04932104366008218, 0.10311209235923413, 0.4150295479624623, 0.43253731601822126], [0.053461233669678664, 0.2390696968063754, 0.3436719461634021, 0.3637971233605437], [0.09865111986658393, 0.10229923436314854, 0.3943070884798577, 0.4047425572904098], [0.06826518967760561, 0.06574790521571652, 0.4247750651219529, 0.44121183998472424], [0.09437664312309803, 0.14305354662854491, 0.3786418188280903, 0.38392799142026657], [0.0328669550439192, 0.047492338326558976, 0.4550121235774616, 0.46462858305206], [0.05780934616854993, 0.12470214875640452, 0.3987315253343829, 0.4187569797406621], [0.09806469211062557, 0.09883768588850463, 0.3930279176652385, 0.4100697043356308], [0.16493590237258077, 0.11693639421633607, 0.35470156406293524, 0.3634261393481473], [0.1651928880530161, 0.14916228331133766, 0.33681759354526986, 0.3488272350903766], [0.08527025557257893, 0.059887855298173254, 0.42446934782527695, 0.43037254130397146], [0.06330232093240562, 0.15914624687239254, 0.38330456892856457, 0.3942468632666375], [0.2197886023552511, 0.12351272803774266, 0.32343530795167447, 0.3332633616553321], [0.09093971829228598, 0.10786354832072877, 0.3919595213851503, 0.40923721200183466], [0.18309741533413532, 0.207755127596773, 0.29997170569498666, 0.3091757513741041], [0.025144087845839824, 0.044934926092437065, 0.46130729095434303, 0.4686136951073789], [0.030248885692648768, 0.10951239163341871, 0.4195707429742454, 0.44066797969968713], [0.05180964856149389, 0.0353066984609622, 0.457856058371992, 0.45502759460555203], [0.04315317451962126, 0.24875380036084313, 0.35086720699861473, 0.357225818120921], [0.08381317138374615, 0.2077208654312833, 0.35216734541084044, 0.3562986177741304], [0.1500367698014869, 0.15708135943371998, 0.34341997903557375, 0.34946189172921777], [0.03892463041129848, 0.15150885884669676, 0.40006138772443434, 0.4095051230175716], [0.10730102658916543, 0.11298457955602546, 0.39312990701940387, 0.3865844868354052], [0.09738249249045715, 0.06727877778173444, 0.41701480720487955, 0.4183239225229285], [0.03542078177811388, 0.1541074445442458, 0.39934084071317044, 0.4111309329644696], [0.05135720032943852, 0.08836242565233383, 0.42484454981888475, 0.43543582419934185], [0.06594694737231974, 0.13863586038455378, 0.39407717211540305, 0.40134002012772335], [0.24579359271723916, 0.11062349851916962, 0.3176191539860023, 0.3259637547775881], [0.13634632773832098, 0.09989335588223267, 0.3736836148190831, 0.39007670156036334], [0.0764715527297543, 0.08301825586539655, 0.4236666606081089, 0.4168435307967405], [0.06030801970153684, 0.1922733296985397, 0.36932357102094127, 0.3780950795789819], [0.06077463838622967, 0.059249765582576275, 0.438848836244225, 0.4411267597869687], [0.1684072643912036, 0.07700870464159293, 0.3695346297496492, 0.38504940121755377], [0.05786753660510494, 0.08101948364341605, 0.4290387362616622, 0.4320742434898175], [0.09445732479547289, 0.10754263390658289, 0.3920385904136578, 0.4059614508842865], [0.05104853550679904, 0.30227085546072485, 0.32051733364326473, 0.326163275389212], [0.05903877306863544, 0.13571591351874818, 0.4030945397629835, 0.4021507736496326], [0.046383229606503255, 0.16516251325708897, 0.3869068918740705, 0.40154736526233675], [0.019059509847252055, 0.08614588469173005, 0.44364842867967713, 0.45114617678134133], [0.038574807017906734, 0.07523922004548973, 0.4377029399914527, 0.4484830329451505], [0.16429352186268892, 0.4086466066947064, 0.2101524871631226, 0.21690738427948142], [0.06540032151455365, 0.11279009347636455, 0.4071060605681667, 0.4147035244409152], [0.41372855055630936, 0.11735561522479843, 0.23302512958487723, 0.23589070463401526], [0.019622994827129894, 0.12172633177706095, 0.4218833011150495, 0.4367673722807591], [0.01818373267741409, 0.08164099353897156, 0.44742680997797774, 0.4527484638056362], [0.16411850671035583, 0.3592110443239122, 0.2323328764828896, 0.2443375724828425], [0.08003845849513028, 0.19160634154887782, 0.3526070538304444, 0.37574814612554797], [0.1774751767389038, 0.14627551970043381, 0.3265909676022572, 0.34965833595840473], [0.12551951254493293, 0.09184908754991881, 0.38792070257011324, 0.39471069733503433], [0.08796789696477486, 0.09860917321816641, 0.39905959858661316, 0.41436333123044583], [0.04381788024735039, 0.047978548979804636, 0.44360982637545415, 0.46459374439739143], [0.18850117654762713, 0.1782177956003709, 0.31032244322887476, 0.3229585846231276], [0.06998277870824635, 0.06203887382039046, 0.43700168868396067, 0.4309766587874028], [0.07179882260183136, 0.11668579768165413, 0.40078767655654274, 0.4107277031599716], [0.16575905218066134, 0.08735993227994496, 0.3711684833140669, 0.3757125322253275], [0.02567934020248845, 0.03729076067172183, 0.4638966345059823, 0.47313326461980665], [0.04510437496093125, 0.09486308282557258, 0.42540470297584915, 0.4346278392376475], [0.10234054360209137, 0.1359540468775522, 0.3754383401226673, 0.3862670693976891], [0.032908228753158936, 0.25600096095917224, 0.3470589558787225, 0.36403185440894537], [0.031201144522460016, 0.11655089823246714, 0.4166265946078714, 0.4356213626372015], [0.04249223022537001, 0.1194609561346028, 0.4118454040051565, 0.42620140963487024], [0.23614901161705545, 0.11886214132141909, 0.31639230539618834, 0.32859654166533736], [0.04968452016444935, 0.14166161376004138, 0.3968212224128834, 0.4118326436626257], [0.032983137108165805, 0.3558882437716788, 0.30195307687164763, 0.3091755422485081], [0.02021819368782552, 0.0623830825684132, 0.4572421474798918, 0.4601565762638701], [0.08356040722907039, 0.1179989619374552, 0.3902507075753213, 0.40818992325815284], [0.08027503912284531, 0.17450306630400117, 0.36776327509680184, 0.377458619476352], [0.024921657041362323, 0.4017305801801394, 0.27637862463800167, 0.296969138140497], [0.0478796753621855, 0.1822099289512579, 0.3762277329906116, 0.39368266269594426], [0.0918476716299225, 0.08850922665221592, 0.40539154676624123, 0.414251554951621], [0.0767623311753358, 0.17252731367313717, 0.3734151464974943, 0.3772952086540335], [0.03869455950563193, 0.06157541610186226, 0.4457496537950034, 0.4539803705975023], [0.04394129157026389, 0.16755364478149307, 0.38334017727824093, 0.40516488637000186], [0.07531120677576644, 0.20457915217454234, 0.3531254947643507, 0.36698414628534076], [0.08311676341296481, 0.09539181905558453, 0.40868878257153224, 0.4128026349599185], [0.05178270385869736, 0.07167824173967724, 0.42906639280933917, 0.44747266159228594], [0.19630114895310782, 0.0600711483694623, 0.36546310111094177, 0.3781646015664876], [0.07130012827189026, 0.36624961531616707, 0.27653606604125985, 0.28591419037068316], [0.09497273528208038, 0.07200206060926362, 0.4071135692727025, 0.42591163483595307], [0.06553416765138619, 0.11807979390208831, 0.40122964248139875, 0.41515639596512693], [0.20035868508455845, 0.16185108970390455, 0.3147877637117723, 0.3230024614997645], [0.29211045351553067, 0.11938281994562502, 0.28646993678813826, 0.3020367897507055], [0.05915019965642817, 0.1584749496990387, 0.3816273228762351, 0.40074752776829864], [0.20240507875036176, 0.05035769429406887, 0.3679590942873921, 0.37927813266817756], [0.18405189165943772, 0.07126228015522605, 0.37170371593320034, 0.3729821122521358], [0.030628941526540745, 0.06508903756533413, 0.4432408900518425, 0.4610411308562832], [0.03311059951275481, 0.260889564329926, 0.34433642181317176, 0.3616634143441477], [0.0973486711675011, 0.11872269411463753, 0.3838422053597593, 0.40008642935810196], [0.041778583488954135, 0.1567128181529975, 0.39348383926591957, 0.40802475909212815], [0.09645809492294331, 0.21842660918322876, 0.33310113765950344, 0.35201415823432464], [0.17956692492293852, 0.17910452428720278, 0.310191568405702, 0.33113698238415684], [0.05056431881680798, 0.15703621704669973, 0.3941720365997356, 0.39822742753675744], [0.09237705368670572, 0.04169910899986706, 0.4296070879145391, 0.4363167493988872], [0.061390806724694415, 0.23706265995819514, 0.3408948939594437, 0.3606516393576667], [0.2622878393351375, 0.19629893971375284, 0.2705336852106752, 0.27087953574043444], [0.1039684234762991, 0.19336886174005827, 0.3437889554466143, 0.35887375933702825], [0.18530420255760338, 0.09050537258306304, 0.35630902973492334, 0.36788139512441], [0.05010304954766673, 0.1337507067947526, 0.40502325515943816, 0.411122988498142], [0.22992827638032093, 0.16367031556643974, 0.2929186537213618, 0.3134827543318771], [0.2391648063478608, 0.12257707090301442, 0.32178981546844593, 0.31646830728067926], [0.2772587205886082, 0.17053426085269888, 0.2685430742371513, 0.2836639443215414], [0.13584461360886135, 0.2006273627771159, 0.3284339161232923, 0.33509410749073], [0.051123791847514116, 0.1691951424588098, 0.3802693584806553, 0.3994117072130211], [0.21121302061449548, 0.13430800272170532, 0.3216221555387876, 0.3328568211250115], [0.3353068031012062, 0.06993130603390024, 0.29769416984082153, 0.2970677210240724], [0.017512029298124208, 0.03180145432343046, 0.47095861363872155, 0.4797279027397223], [0.07904152306833571, 0.2266225106596818, 0.339685192287226, 0.3546507739847562], [0.08631064832482156, 0.04776613487743129, 0.42862079994736424, 0.4373024168503826], [0.07544848429124142, 0.15532859394255277, 0.3821755724889755, 0.3870473492772304], [0.03143200409582335, 0.09773129198383584, 0.4257420539183294, 0.44509465000201204], [0.09963057434648269, 0.08766107543915884, 0.3984392513832633, 0.4142690988310954], [0.17431194640522188, 0.14212538883698111, 0.33440748022237576, 0.34915518453542155], [0.076581420639208, 0.20062203788353328, 0.35496978435486576, 0.3678267571223931], [0.15137601118078842, 0.14350550876130325, 0.34972054332524233, 0.35539793673266573], [0.17696300899440262, 0.0557167595739085, 0.374303278019989, 0.39301695341169957], [0.05526938120881372, 0.05459213651731139, 0.43975220196746, 0.4503862803064143], [0.14654675944748471, 0.06679211360816892, 0.3856861366639398, 0.4009749902804076], [0.040099858218617175, 0.41991450318584955, 0.2677166418257355, 0.2722689967697986], [0.06388595643114281, 0.15444778220024086, 0.38193345543927343, 0.39973280592934207], [0.07760432996981045, 0.02827399405899641, 0.44713951901538396, 0.44698215695580934], [0.2889526403384093, 0.08126612607364564, 0.31071619204928075, 0.31906504153866483], [0.089919352135028, 0.16158965835613567, 0.3748805833118559, 0.3736104061969804], [0.10854505071588935, 0.2441447355695521, 0.32212254979169375, 0.3251876639228646], [0.1542626885935182, 0.05358302022587874, 0.3860076864019357, 0.4061466047786671], [0.20187307189882092, 0.10428677097684214, 0.33416332813723326, 0.3596768289871038], [0.1014062455635181, 0.24855651994140027, 0.3194383615852921, 0.3305988729097889], [0.20720642851228357, 0.3098528106867665, 0.23811778478810808, 0.2448229760128418], [0.061748693366717705, 0.23190796738296227, 0.3469107525148352, 0.35943258673548456], [0.15993207806141505, 0.2259597204148423, 0.3017342579111034, 0.3123739436126395], [0.029513263092006473, 0.15453285792017588, 0.4042894553546245, 0.4116644236331923], [0.17087129802462736, 0.1826409359292132, 0.3197404323510798, 0.32674733369507986], [0.05491211120398354, 0.1202295749944593, 0.41100485269873244, 0.413853461102824], [0.048186424308719604, 0.21790668756931655, 0.3647646174876941, 0.3691422706342703], [0.07703275756866004, 0.1455210366103916, 0.3846683424593263, 0.39277786336162224], [0.10636561922539944, 0.18023026461462446, 0.3488389955881356, 0.3645651205718403], [0.17437294767658615, 0.07012249345968541, 0.37525399255393804, 0.3802505663097901], [0.09603424955145225, 0.13696713906941496, 0.38048934909539855, 0.3865092622837343], [0.02939837025993819, 0.157488588617663, 0.40094589760456784, 0.4121671435178304], [0.03496194489315726, 0.24795063967635797, 0.35274553649494184, 0.36434187893554304], [0.04594065287632993, 0.19309622368338308, 0.37664450926872645, 0.3843186141715601], [0.0706566355035861, 0.4635599128720625, 0.22858323277148868, 0.23720021885286274]]}, "supervised_prediction": {"G": [[0.09911573948551328, 0.20342920770792525, 0.32546314932731385, 0.371991903479248], [0.08946120863288713, 0.10442350840924058, 0.38856123358296396, 0.4175540493749077], [0.238668100554954, 0.16821252760232064, 0.28626523193476683, 0.30685413990795807], [0.06802002869580108, 0.17279372131800183, 0.3917868966162631, 0.3673993533699336], [0.3406345562090489, 0.10916768618909937, 0.2593462196855112, 0.29085153791634005], [0.24668671914748075, 0.07506314107696178, 0.3111787944520088, 0.367071345323549], [0.09550203477870647, 0.22346779248129117, 0.3163605965554274, 0.3646695761845741], [0.06461323793688174, 0.08334300507670839, 0.39580209208744804, 0.45624166489896134], [0.37010750885473126, 0.08464255597232152, 0.2653653250809563, 0.2798846100919908], [0.20681793690864686, 0.15877606739755626, 0.31894049931017804, 0.31546549638361915], [0.1476582245291865, 0.3423381864578908, 0.2464285956422781, 0.26357499337064444], [0.18144264121717216, 0.22181519235074096, 0.2834687946277113, 0.31327337180437576], [0.08479544307697265, 0.3146832618724615, 0.2861659892662775, 0.3143553057842876], [0.1473262339084728, 0.2969465520865173, 0.2604453851013328, 0.2952818289036772], [0.10171426767175219, 0.49426578323807896, 0.18779600742811908, 0.21622394166204942], [0.1395716438858628, 0.11348608698561057, 0.3587961563977783, 0.38814611273074845], [0.09179446292433684, 0.19906493625178623, 0.34241602477435523, 0.3667245760495219], [0.1766574547531959, 0.11724373728922517, 0.32975455574837936, 0.3763442522091992], [0.0450366858113378, 0.09033607682410719, 0.41192011851536187, 0.4527071188491924], [0.07376943252924405, 0.29712332402051167, 0.3157871708501598, 0.3133200726000844], [0.12829521245140535, 0.10727265767921425, 0.3709925900516489, 0.3934395398177308], [0.2751121873762727, 0.10720618587293652, 0.3059187052765661, 0.311762921474224], [0.1625489003957294, 0.05331715460664806, 0.3600058571056697, 0.424128087891952], [0.046052084602842006, 0.25378305804733575, 0.32032952157255307, 0.37983533577727], [0.03701874910759687, 0.08419158254907817, 0.38729991382710677, 0.4914897545162177], [0.23608882405121862, 0.08906032178331659, 0.32274772250322975, 0.35210313166223545], [0.09174412335726052, 0.10810453116132177, 0.3766867139871748, 0.42346463149424307], [0.21805194658678534, 0.37388880874343416, 0.1852916965976508, 0.2227675480721303], [0.2874867950529107, 0.1166741614061555, 0.29905751018438265, 0.2967815333565516], [0.07428038033217244, 0.07095164205886559, 0.3883762489211267, 0.46639172868783535], [0.10788772285221064, 0.17649155346054826, 0.35074168051712473, 0.36487904317011627], [0.09383299294978563, 0.14076600701698624, 0.35830219122569185, 0.4070988088075363], [0.14192837852287707, 0.13698624167921317, 0.3424432585135291, 0.3786421212843805], [0.3489926989210347, 0.104679503400424, 0.27417209050133506, 0.272155707177207], [0.1763367007367315, 0.2584732504331704, 0.2668154090005092, 0.2983746398295889], [0.04194600004264828, 0.39234440663159453, 0.26964024971871414, 0.2960693436070434], [0.2128628277225088, 0.18852657604373038, 0.2678900802887996, 0.3307205159449608], [0.06309566565923935, 0.08569981431742524, 0.3651224880206848, 0.4860820320026507], [0.2910943091278474, 0.1797258594442595, 0.26393831585767835, 0.265241515570215], [0.09170425001765381, 0.11035257769167235, 0.4171189277684096, 0.38082424452226404], [0.04809355629308079, 0.3978103780834575, 0.27091660020090813, 0.2831794654225533], [0.02896633278987581, 0.13499633143775205, 0.42055945524463145, 0.41547788052774004], [0.0492214504498542, 0.1471166433115625, 0.3700424322361196, 0.4336194740024635], [0.2992154337358257, 0.06772172467237796, 0.3168214087404996, 0.3162414328512955], [0.14287121973289232, 0.12949474007592948, 0.33932162092594187, 0.38831241926523563], [0.016847471721447918, 0.04955891891347881, 0.4483493572030236, 0.48524425216204947], [0.1326772716979047, 0.2644909845020573, 0.29120104294063054, 0.3116307008594058], [0.0940334783335607, 0.10022108303119259, 0.39459880054848967, 0.41114663808675767], [0.2501604767691854, 0.1358631172947243, 0.2861667819137168, 0.32780962402237357], [0.06108964696827996, 0.17272907072934254, 0.34960895037006173, 0.4165723319323165], [0.11785129321124128, 0.08302562475928613, 0.3779449197922608, 0.4211781622372115], [0.19699152986063878, 0.14573365874959465, 0.3066550496958454, 0.3506197616939209], [0.11948923861864835, 0.16960937041452284, 0.3372469771268151, 0.37365441384001336], [0.14705986047585198, 0.38243946402802415, 0.21877086959580247, 0.25172980590032124], [0.15247290219232437, 0.12115451663479807, 0.32552244131665853, 0.40085013985621837], [0.08757544155306488, 0.09120997863349281, 0.3557605694880576, 0.46545401032538525], [0.12303381251396915, 0.269922154581512, 0.29925813881453384, 0.30778589408998486], [0.16515508654433017, 0.29669051178158107, 0.2561232201686119, 0.28203118150547707], [0.04762527878534296, 0.329600979442935, 0.2989800957612397, 0.3237936460104821], [0.0304158797491942, 0.12110126886003449, 0.41015372905850156, 0.4383291223322699], [0.09260152216250052, 0.2145449461601039, 0.3348205743718895, 0.3580329573055064], [0.2028006823007991, 0.09905722914695927, 0.3486843093502267, 0.34945777920201454], [0.10309458585958169, 0.12234886855039452, 0.3689833679486938, 0.40557317764133066], [0.0948360830007262, 0.09669685509425166, 0.37829969567830096, 0.43016736622672186], [0.1425534069356029, 0.16648225268551634, 0.3455315168997403, 0.34543282347914045], [0.3064295416965451, 0.136235014119721, 0.2672049238683593, 0.2901305203153744], [0.13637130212206705, 0.3970593842354136, 0.22361059716461407, 0.24295871647790557], [0.0717238364758598, 0.14599124600147811, 0.38501925289859146, 0.3972656646240701], [0.18778788934057528, 0.060953357343632095, 0.3652672051773481, 0.3859915481384451], [0.29477310892052266, 0.0600667563306701, 0.31524775850655756, 0.3299123762422504], [0.29456570774375695, 0.1323908677458525, 0.28472420593124836, 0.28831921857914183], [0.057954928095892214, 0.13830581860597282, 0.39397858539842645, 0.40976066789970805], [0.09623129863265613, 0.11036249579427093, 0.3564278983912869, 0.4369783071817863], [0.04292349324131363, 0.29352238553319987, 0.33378361853871663, 0.32977050268676966], [0.06838518842751533, 0.1454534305684361, 0.37471492960697866, 0.41144645139706976], [0.05255355511492437, 0.15155244630615047, 0.3522409917499195, 0.4436530068290051], [0.21550898634401602, 0.24938404766403702, 0.2521933405180871, 0.28291362547385956], [0.07095857223072213, 0.269259051730759, 0.30214848881847883, 0.35763388722003975], [0.12846676316613087, 0.17640599021402026, 0.3422563311856448, 0.35287091543420407], [0.11018902223279847, 0.2743114681692235, 0.30182889598304974, 0.31367061361492843], [0.08395428653928634, 0.10694219292283091, 0.3876123318337223, 0.4214911887041612], [0.09871607776194806, 0.1675726707828571, 0.3604373058531004, 0.37327394560209476], [0.057308619326004846, 0.3790031697516735, 0.27622463469943637, 0.28746357622288565], [0.19359821707342043, 0.2718390545606506, 0.26008695795261877, 0.2744757704133095], [0.12123719353030349, 0.08294749494930177, 0.3952967643853766, 0.400518547135019], [0.03108958524641907, 0.10512028026479009, 0.4344119250190805, 0.4293782094697096], [0.10431443138818523, 0.126506103148718, 0.3650865258690979, 0.40409293959399933], [0.23268069501504499, 0.10971127683574557, 0.29802740943850065, 0.3595806187107087], [0.1794905521045061, 0.0886235808558631, 0.3325955634348186, 0.39929030360481166], [0.03672469157767538, 0.23811329563175623, 0.34515763279033784, 0.38000438000023073], [0.056112180690446406, 0.10870601899206436, 0.4457406785720562, 0.389441121745433], [0.033090019203113316, 0.08091243659286489, 0.44898994871665776, 0.43700759548736395], [0.04246322403481087, 0.14439839189396064, 0.37238879208412007, 0.4407495919871081], [0.07097001252203104, 0.27209251638360205, 0.27991529728805775, 0.37702217380630937], [0.15611000762933197, 0.1334481874962377, 0.334161772293819