{"estimation": {"a": 3.6578659496407617, "rho": [0.12438482032004075, 0.11800216362394403, 0.2403849320656751, 0.10203643657436087, 0.25000635441205477, 0.07384006384545909, 0.09134522915846546], "Mu": [[1.215532977227333, -2.7076613842104584, -0.11296085783809226, 1.3584456972029377, -2.469173068460109, 0.117004476811569, 1.4320574904425807, -0.4956962024604246, 0.2780452940997977, 0.774157166913059, 0.9364020082741902, 4.800861593175139, -2.8492881085344703, 1.8533392853601842, 0.06288556061912695, 1.8463821051445688, -0.13545573962225713, 1.2445484210285322, 2.1574470122812546, 1.5273105228433088], [2.133905625612939, -2.141015859766025, 0.7394357951092786, 0.10074689179207891, -2.159211230702715, 0.4982779370498651, 2.2126517912595993, 1.0790730588561812, 0.5249119779515911, 0.6017276618364601, -0.6924031495109129, 4.022335383720983, -2.2372306040381336, 3.1170188110872266, 0.9265479530095396, 0.09261609469513567, 0.7378806376357857, 1.6167242493506988, 2.4575414860683287, 1.4380402697761467], [1.1761322189610917, 0.6074516218821735, 1.6202967164660478, -0.48534197935000445, 0.3281992879776368, 0.5373644814068108, -0.6663324019655555, -0.03600477276991081, 1.3220576346818365, -3.058135684956352, -2.2520126995595073, -1.8543256898150786, -1.2579411098308761, -2.142738215128473, -1.7837769580030207, -3.0685502436788505, -0.8205579701517383, 0.8435047706834712, 0.8919098226754649, -0.8835125551060252], [-0.06787311686919678, 0.6942354288541844, 1.1164177922136644, -0.90606154810332, 0.39213915283075435, 3.0167268274572345, 0.3919549735834873, -0.15737537561048248, 1.8496990710752086, -3.562538320942463, -3.3099612131378335, -1.7910012679177334, -1.8591121539657447, -2.8004155378178726, -2.4504227923800324, -1.6084407642770668, -1.516739442740666, 1.0129589427548984, 0.793092508730534, -0.37208355097413975], [-0.9373076521784522, -0.9301512007989126, 1.7920881598674572, -1.4759309460089618, 1.7938981053407157, 0.916638864590065, -3.3180517709772275, 3.5138072112614838, 0.4482442165625314, 3.701776051698679, -4.919933155944453, -2.5411934003952026, 4.799643462273827, 2.1403552658429006, 0.6742318244446852, 0.5210141978924528, 1.4250823490571434, -0.4848916558749666, 6.740043864919292, 1.5940094254627457], [-0.6341097163620043, -0.01816556480957713, 1.5678160401039534, -2.2768823295356055, 1.1353338322939182, 0.9979649587887802, -4.251440711107789, 4.184242036147609, -0.4059339660131811, 3.2794454750609137, -3.5214275787586296, -1.3937106425329315, 3.4446896695577585, 2.110963250723913, 0.33695981711859196, 0.1568662572979846, 0.6409768117236836, -0.016626097422759292, 6.230283117636927, 1.6352892748960053], [-0.5886010450167941, 0.6204274058516343, 3.747309311595856, -0.9912307433981089, -0.71303805750313, 2.1996863318104536, 1.3770042776632043, 0.9629244496161964, 3.1951637516969167, 1.081619931224853, 0.18939508216321432, 2.5253456041461493, 1.0695878941395685, 1.6907844514461712, -3.309524377002163, -0.4635188275685577, 2.2134163136694394, -0.0738539713761079, -2.3025840734724268, 0.7134248639214481], [-0.3442672640610318, 0.6498499696944458, 3.6067229130268745, -2.111324396638031, -1.076918249988344, 3.3118926560310284, 1.6606174451877904, 1.7596779329018362, 3.359022710069135, 1.2915240623821904, -0.1371989776434506, 2.590689099528115, 0.7707527336955804, 2.4682516979837614, -3.8786272067254095, 0.08994008613140321, 4.193207569105045, 0.22812597517794211, -1.189058009967808, 0.8425958404241862], [0.8622725774513931, 0.7828269706957619, -1.1579368285887721, -1.6907469139728468, -1.8356865087523133, 0.8517822235977667, 0.1812425018906149, 0.8641997692439055, -1.2916547173919741, -0.2624759694294403, -5.853537012475703, 0.499340791347986, 1.5575945992918585, 0.28949098003995294, 0.549573927427142, 2.666220387887045, -1.8384509082655194, -1.9595813157119022, -3.0439557508058295, 1.476597966643452], [1.0622031896118582, 0.8225295112877984, -1.3397534720694528, -1.7998937956653496, -1.6694116927736267, 0.829666265409231, 0.24443454567251136, 0.9925270011403103, -1.5700534915285167, 0.048490315386860404, -5.606102555303923, 0.3701339283171822, 1.1796204706553293, 0.21951656221421606, -0.24220936498394102, 2.113967823922163, -1.6121482082174976, -4.198220116611684, -2.8473274791811045, 1.3356846614395237], [0.8432658693000934, 2.1479419008326683, 4.258993222945265, -3.768950165284817, 1.3336801220056922, 0.721037682908555, 0.2740754494295937, 3.95785857070862, 0.7891398579532924, 2.035441954806893, 0.4151404692043685, -0.4176903381565898, -2.4620131348194656, 2.1165901585131164, 3.5888434110675798, 1.4373735097269704, -0.8504679255118454, -0.12941929505512573, -0.03216948251241977, -0.8633516739671002], [0.58139824469994, 1.1306205562798688, 3.8366246731382487, -3.4635257704576663, 1.2430158490942924, 0.33868054886176663, 0.0625368160181805, 3.735542056646382, 0.22966432629758338, -0.280105889238261, 0.058975551775875684, -1.3013084714088667, -1.7701855083137947, 2.1801246501873575, 2.787962440666551, 1.3002093435324604, -1.1360998395108306, -0.21741999306108747, 0.6159657741181265, -0.24911620962178074], [-0.8879619664430907, -1.3560482163379295, 4.1357031015688115, -2.839859427915824, 2.6465891349691497, -2.687305965809771, 2.266935842786973, 5.799152535408999, -4.938691447190198, -0.7806400668482381, -4.793034809862638, 3.653961593438995, 6.808687818179928, 1.4285296911243748, -1.804366531502791, 2.4334421858909896, -5.094396679369228, 0.13642456389421037, 0.1812899213383204, -1.0779062872217218], [-7.672766430813066, 0.05206789946141499, 0.4829291574628377, 3.760794191100024, -0.5939975992149865, -2.5090854326086167, 5.316943691466624, -1.6644770901301444, 3.739419685016872, 2.5960228672526426, -3.326132814704858, 0.6136925466957929, 1.906486914554723, -0.37220085817152326, -1.4505362369665276, -0.42535894167351285, 0.9310711641418564, -3.0521619917461664, 1.7070410178663629, -3.337750132859593], [7.4087513122778414, -0.07271291161706746, 1.436208189570973, -0.6741573931335743, 4.141459170972559, -2.4012159136858338, 0.9735260993631617, -1.7429955915790387, -3.313428776017615, -2.3977361032319835, 11.623273854906216, -2.110727503374427, -1.6819325573149535, -2.1815586818255834, -1.0045422371721973, 3.2367182198769022, 5.512783395883458, -1.1944078615018006, 5.86159401068693, -4.8749570804728375], [7.278015153012385, 0.02239869065479154, 1.7961639640608311, -0.4391302103958894, 4.522334532626396, -2.3497436496289197, 0.8628675390218296, -1.5864756802106035, -3.187811186109402, -2.4349875954717306, 12.115187686337684, -1.672592436501701, -1.7641929690827014, -1.9379195318379414, -0.6712671781554025, 3.44518794975692, 5.4404517125738465, -1.4218635450294292, 5.843617177163324, -4.948044441017677], [3.4412543217995175, 1.5727501865020466, -0.13807431255439306, 0.7437355471970168, -0.5224475409299643, 3.43201514143556, -2.5124866794234837, 1.0108524577908604, 1.364637839765117, -1.456975233525301, 3.2332407843478927, -0.11747243694062816, 1.8062407962223488, -1.0249210121777663, -0.587403309610866, 0.9196409124857291, -4.812885865880715, -0.2679241542823147, 2.241924491473101, 1.2824008393093311], [3.4439285294918376, 1.4983138292735598, 0.16306386158586378, 0.7262392886202632, -0.6366301941648593, 3.5268046058404234, -2.4144400319094705, 0.42575377811006604, 1.381464325140348, -1.6680460294319523, 3.524395489890596, -0.6079218637550908, 1.6348568964210344, -1.2039589341773056, 0.004456862381022868, 0.4819907717822627, -4.743900662353502, -0.16935480861263844, 2.1707543889889847, 1.2373373166989483], [3.286153130906315, -3.343844343629737, 0.022654367284206764, 6.32930089229222, 2.292551030301524, -1.1876167498414103, -1.4568041314339923, 2.1090564698605294, 1.3866906316539738, -1.0705605413608932, -0.9565271555388714, -1.4908418978869376, -0.3814313754536003, 1.846262413327356, -2.8952646505422703, -1.2674389340409327, -4.261854671507773, 5.157212229372096, 9.165273953175943, -4.432021002569526], [1.8348288507748367, -4.322814365021316, -0.7273175800986362, 3.946673048058325, -2.6483876753767093, -1.7297158280419414, -3.0966140729524128, 0.029402562550874096, 5.237060727377671, -4.776345095996591, -2.0337630089508605, -1.8270884536113667, 0.5195389879364389, -0.15668033762833353, -0.9759298693401433, -0.5679422632757575, -8.896427923218361, 3.1155781512450766, -2.757378633702365, -2.564767633769091], [-0.23323825139104595, 2.316339615323571, 0.9117916667886182, 4.15848488643443, -0.6068105839441816, -4.3420267366604195, -5.107739479983003, -2.726388468010589, 4.255757594632743, -1.8847005186132268, -3.0559904050756472, -1.9098776707659586, -1.7153010504175956, 1.4106803314065648, 0.08096472580883497, -0.1629941573254135, -4.938576121379432, 2.980186543074397, 2.612230970629324, -1.336719725666132], [-2.021185074430798, 1.354505233143098, -0.667422422337494, -4.889486922467349, 0.13705554882909615, -2.4999346067457067, -3.4737447171031732, 0.8998516149144886, -1.755421807722439, -1.06715306723479, -1.2231861405303572, 4.422991490373958, 1.0585078871259612, -4.241422572765635, 4.481597332703293, 0.7799217611436581, -1.4685113727122947, -0.21079095559861993, -1.372654446109794, 0.8951333577681418], [-1.7971739659884958, 1.3767963588156644, -1.0015181433654132, -4.703612668630911, 0.027951310713298597, -2.718634500079458, -3.6772667994011634, 1.2604514885337483, -2.0691418012214595, -0.991628593647288, -1.3678412486099227, 4.2057592865111335, 0.9768749324556336, -4.285645905176976, 4.029364283397676, 0.07599216570189134, -1.3278154107068492, 0.2845670271806512, -1.5262911642980759, 0.3570342259399504]], "Lambda": [[0.474687825928764, 0.5713600732935127, 0.5076817450686436, 0.4188280435584207, 0.5631005061967979, 0.48238591890399, 0.4872622554818868, 0.3285741471572464, 0.48187854824753373, 0.49937590831968787, 0.47343984772377096, 0.4803855047472767, 0.3345329347980757, 0.40139351616225477, 0.5624637590513438, 0.5109754137479852, 0.5046611475688243, 0.5230515338264562, 0.2940545760728154, 0.7250946447873666], [0.5092181330647746, 0.5956222490545579, 0.5069448097617274, 0.412005960949042, 0.5695761667112957, 0.46515841442493916, 0.5080682007955363, 0.39230828608326046, 0.49585011576169247, 0.558111911154799, 0.4835075030104193, 0.4905895686404657, 0.38847563567296667, 0.42999045662871443, 0.5355949712720749, 0.48197175658421, 0.5462617237108054, 0.49180186283989047, 0.32720382723369335, 0.6892864605285787], [0.3719397302567626, 0.5476116932571411, 0.50552837431461, 0.555978904174334, 0.5314229906392691, 0.37370189281796923, 0.4530912616377434, 0.45497960184314207, 0.471727848486343, 0.4565466900557017, 0.4544532859328498, 0.49119585182568704, 0.5523424307293892, 0.4872816106961318, 0.5283389486707841, 0.394396231177278, 0.4178704391367976, 0.37139931240365603, 0.5450152817446141, 0.5264797758438444], [0.3296074160768987, 0.558979690689729, 0.5737371031905897, 0.5477197906965248, 0.5397434077824053, 0.3618194195455983, 0.540833798830274, 0.43200504747822815, 0.5007745163934628, 0.4830637659126531, 0.42747958707438616, 0.495814358911237, 0.5550935428740897, 0.5427499190878152, 0.5147764808562171, 0.4491677887553917, 0.4046287661164643, 0.35214034453940113, 0.5644365482572408, 0.5105845577240088], [0.6120277914912864, 0.43297734174689567, 0.5653901244608284, 0.47396780112174325, 0.4484289613864645, 0.9110706969451464, 0.40038183660716437, 0.5735331751223871, 0.36852333647916596, 0.5317387422908308, 0.38170738648038616, 0.47988914702797475, 0.43176842747362226, 0.6140980369495315, 0.6540898137934729, 0.5648282484533661, 0.3901614096031371, 0.5501511112897317, 0.17677122410948967, 0.46609271363440885], [0.635126447175667, 0.4315977589242661, 0.56295787305647, 0.4450159360535599, 0.436570773464407, 0.9721146530639659, 0.36761410185818383, 0.5194786815333748, 0.4180064912180135, 0.5412475860480829, 0.4118016224469694, 0.45751542619270397, 0.39048482786427874, 0.6298893531953963, 0.629854672857788, 0.5627589271054633, 0.41099357416379995, 0.5501437233247701, 0.2148759325848971, 0.43104519503057426], [0.5774402058836712, 0.4539646502729399, 0.3941814264956499, 0.37357146185223705, 0.517274925564883, 0.4166052594153107, 0.7164238447932504, 0.5649740776421085, 0.4977010467184448, 0.7141483031474442, 0.7592451354565491, 0.6688063596403028, 0.7723111543356636, 0.4865441277840812, 0.40249486500765874, 0.4520818976265951, 0.4966384662258049, 0.3532074403510569, 0.2955345840321437, 0.6702170436207083], [0.5904632836221101, 0.47296703636041704, 0.36636384955954504, 0.35865711636248665, 0.5609332455188137, 0.3862775179392729, 0.7251693039502846, 0.5559211951707936, 0.5018538085322944, 0.7674520370779607, 0.7750448607382461, 0.6753969414082767, 0.7285013077959, 0.5196533608406128, 0.39206858533901534, 0.4627974869722621, 0.4614609665770892, 0.37974402877265667, 0.27089919029052795, 0.5830522930524281], [0.4481984975480876, 0.5703355512483104, 0.5350673895188695, 0.5619600251314336, 0.7505037479465648, 0.5760820494785107, 0.8514512679393448, 0.5181507597440901, 0.5153589583985735, 0.5197941892895576, 0.5462062796750556, 0.62462702453047, 0.4115147728068936, 0.3853858682724023, 0.2740562609428642, 0.582936313510678, 0.2985906625113525, 0.28729995934194874, 0.38995722470654554, 0.5677586586002318], [0.47703703724232016, 0.5456011151410717, 0.510494834730221, 0.5325452700592546, 0.7940814760730487, 0.578638415079457, 0.8655009518470586, 0.5366328650195582, 0.510263447188281, 0.5109430934476213, 0.5692922702672677, 0.6370792842039997, 0.43534339698925983, 0.3668051447080894, 0.31331144874937145, 0.6169979427931285, 0.3076294749703511, 0.29479248193067337, 0.38723878240881904, 0.5823750507911781], [0.4350511314114729, 0.4949830457840725, 0.45251014397690575, 0.6218685892678388, 0.5902804291541875, 0.4938337758939395, 0.5029578247055806, 0.49565518668699626, 0.4172681208539274, 0.4631037147626918, 0.5277377562975359, 0.47858620813425345, 0.5441400038702877, 0.4996188980649473, 0.5116137668640598, 0.5731524798618757, 0.4419243475078701, 0.5093306945987492, 0.47545559022572215, 0.40350166657364867], [0.447710687247554, 0.473358029484323, 0.4629172031394367, 0.6009598152181947, 0.5830239282331683, 0.5148843468194813, 0.522329581359927, 0.5156254868232487, 0.44959382460175257, 0.4309677961230472, 0.5311290506740172, 0.5203330868045077, 0.5105013283743561, 0.4564144069463465, 0.5295014644503502, 0.5658962402128745, 0.4587858680328491, 0.5358641476254113, 0.4840356765166596, 0.39465074687027846], [0.20316789122999077, 0.5478972663604209, 0.4133606035673834, 0.5888250037190882, 0.38348212630561274, 0.3061546733043748, 0.46647223531220927, 0.3993465231461441, 0.5544909594606737, 0.1523931424475527, 0.3208678254447549, 0.695845930984548, 0.39699963684770495, 0.6443041543168081, 0.36707913635201306, 0.4283067394014055, 0.6169198650987221, 0.4166265032620703, 0.455210715390965, 0.3971816502534397], [0.26915565820846327, 0.3909977576821293, 0.3989933349835831, 0.20744321105542393, 0.2699542860183216, 0.32991778583644776, 0.589819659588304, 0.3438616819598224, 0.4587514841732392, 0.37100438384388557, 0.2775784126906063, 0.664074207167873, 0.3809489146817204, 0.5785451400802357, 0.5554444779697677, 0.4411023034813756, 0.6618549831348239, 0.5518089276212317, 0.49009553998595135, 0.3866882044540364], [0.43131488285034764, 0.41860437929408734, 0.40571843209230996, 0.5068391482116675, 0.47281827476715427, 0.5525495085320113, 0.40581841928641693, 0.3533637597859006, 0.5508779822859499, 0.5969383130689656, 0.26843903983554845, 0.4134940027593303, 0.5074842511408828, 0.562721402952388, 0.45318155947241884, 0.4850365670457154, 0.4142319980937518, 0.5711784440456045, 0.48860640768995584, 0.5177877968356692], [0.4334543936049913, 0.4107703413110572, 0.3908174330272999, 0.5396895005618897, 0.4549987524003234, 0.5483241776130667, 0.41680046771451457, 0.3593577213045917, 0.537496051509734, 0.5627977493942142, 0.25305955851164863, 0.368808919833307, 0.5206500579487211, 0.5576113574148517, 0.3666211555133317, 0.42709974283953583, 0.40033292754480354, 0.5689349348770557, 0.5063315566487822, 0.500160321619319], [0.6890699756099581, 0.4605266914062086, 0.5248934952836888, 0.5744450819772242, 0.49563644314790756, 0.4040430537777433, 0.5423264159360336, 0.5605802273011813, 0.7179399111338519, 0.49290548643381177, 0.42449277731815466, 0.4023569230955338, 0.46463983938603376, 0.372479647093723, 0.4061633192458288, 0.39555521099839874, 0.46985497819201355, 0.4545547036899507, 0.5640329636207978, 0.8788874013868332], [0.7162201136295289, 0.4562342596246259, 0.5547819430424651, 0.5756061106465946, 0.4998051192947228, 0.4083586527329793, 0.4955278932251558, 0.5760269038060888, 0.6952927471700984, 0.47093202137984064, 0.431656727609828, 0.434035833797405, 0.4687074868574858, 0.36874883051523744, 0.44169571642741934, 0.404934922584383, 0.4548476423879972, 0.486087844816143, 0.564012240929919, 0.8835412710673864], [0.3844447260413517, 0.5776782470598746, 0.711788778141788, 0.4343691269026827, 0.37711965075760845, 0.23048664193395124, 0.8188349739803522, 0.44259602340012016, 0.6340852241203008, 0.24943789073628395, 0.45750511572177804, 0.5177604894585037, 0.4107343521952883, 0.57149155367402, 0.6065108255923166, 0.7565930885924478, 0.4030118444821485, 0.4849708906376621, 0.10576435777457921, 0.3003580799271103], [0.4501642934201117, 0.2786853949769013, 0.7181108703440234, 0.5961133672464074, 0.3412233899767166, 0.30750107742349053, 0.5612990852173577, 0.3926072815683152, 0.38803051723494697, 0.28586533388602214, 0.6877495416428999, 0.5017369169069013, 0.6328973446976002, 1.040230931988392, 0.34143840840830036, 0.41795448212688563, 0.3005972696433362, 0.4690011857517533, 0.15423828132323938, 0.18209251806986754], [0.338885236422658, 0.6029366761508583, 0.7062563706055504, 0.4787070067643253, 0.5094162740347454, 0.22527691076205755, 0.42070131243916736, 0.3571373396126092, 0.784920648141733, 0.2383972331956172, 0.4159689060560783, 0.8565586796857768, 0.30143337103833967, 0.7609262770035619, 0.4308611228479025, 0.5291564842417114, 0.3743565060235481, 0.7041935048230229, 0.11529128403067863, 0.26333845156489943], [0.737365233360234, 0.9228845382625773, 0.5315181906625148, 0.598413513984157, 0.7531509512133037, 0.3961749373235765, 0.3025712540776096, 0.42338243484087323, 0.5189300764325986, 0.5012878288093389, 0.5423879409206942, 0.6582743748475833, 0.5320602896600677, 0.6058459586911271, 0.2728603211985389, 0.282655995135547, 0.4974018596823689, 0.41411971105022877, 0.4432367074663026, 0.21442878110512387], [0.743750153731877, 0.9129709956665607, 0.485755775703969, 0.578590072158237, 0.7342462359115934, 0.3558271610203204, 0.27271608227343525, 0.4546095841482205, 0.48696485580082594, 0.46302701750376196, 0.5087097160414763, 0.6538952379921631, 0.5434246952237237, 0.62748666646871, 0.24428126458419042, 0.22551272843903988, 0.44503195724381894, 0.41127813980715805, 0.38085808846095304, 0.20186188027971416]], "G": [[0.19855091467884192, 0.16365325264859965, 0.2582975177765968, 0.06650928521487356, 0.2219931171656697, 0.038575340265110974, 0.05242057225030703], [0.14435971111438015, 0.1311089211855301, 0.3278517361964274, 0.15592982456675894, 0.19163252664872418, 0.023287440721493607, 0.02582983956668593], [0.24304895268015872, 0.32682727839661463, 0.1803857177879044, 0.03401554598546681, 0.16746945575672947, 0.022470136370126598, 0.025782913022999673], [0.21861864755515756, 0.22102125918296214, 0.11584063418621139, 0.054534050527911146, 0.1278831607504098, 0.12039106122768564, 0.14171118656966175], [0.15187282795748933, 0.13340913840084223, 0.26941682801614947, 0.07104734459789126, 0.3065469917497348, 0.026688255547837783, 0.041018613730055116], [0.4410405357076471, 0.04566908266430638, 0.1566230529008674, 0.08982215978229671, 0.0876615721931411, 0.0715228222682873, 0.10766077448345387], [0.03121135641938731, 0.3216595625896749, 0.2835344166892304, 0.04503269163819509, 0.2879499568003448, 0.012438064099797695, 0.018173951763369244], [0.1583241768993134, 0.16401053846525032, 0.15608184139662112, 0.06655774827429706, 0.1587833089866687, 0.1268249464624256, 0.16941743951542385], [0.0982847031580403, 0.13392008301003552, 0.346926643768166, 0.2323067550897518, 0.1419640837677973, 0.02157480893320948, 0.025022922272999355], [0.10105810435239088, 0.13002643494234445, 0.07860114571715754, 0.026836428158356053, 0.08979019665975624, 0.2775007272618012, 0.296186962908194], [0.1250676826267197, 0.12670102273156228, 0.14524564216448396, 0.05899116937505345, 0.11330081375519098, 0.20643487407862313, 0.22425879526836653], [0.16760951408711855, 0.17350500141366834, 0.22958320393567733, 0.057058604439081, 0.18487491271976458, 0.08162335476177134, 0.10574540864291913], [0.1497604814157873, 0.07076606152236783, 0.26660467943196614, 0.058510430230032155, 0.266110962501436, 0.08168928081986784, 0.10655810407854237], [0.09218316604388532, 0.07680982320839647, 0.3637104780325899, 0.04004936008939509, 0.37189154816722597, 0.024926856996026335, 0.030428767462481167], [0.30143079325331373, 0.2924050506685323, 0.13839731447247935, 0.06815054352049238, 0.11346244650646521, 0.036716757866155504, 0.049437093712561844], [0.11581647910329138, 0.11676235457770193, 0.19247676612629572, 0.06369124458439768, 0.197383522835736, 0.13367244341773152, 0.18019718935484572], [0.21699327279569858, 0.19969122155823138, 0.05415327933603811, 0.11307466891031376, 0.13079347050592308, 0.13723175435125992, 0.14806233254253498], [0.21005062994624404, 0.21848491091031044, 0.18861417539145392, 0.05709649543889087, 0.21554620758907814, 0.05160520794214652, 0.058602372781876994], [0.044549304167063125, 0.042591508388770835, 0.3825343092197366, 0.0442195723373106, 0.3794364524728244, 0.04578977227014068, 0.06087908114415351], [0.02630166383851145, 0.026582937740776618, 0.4516630082617691, 0.024586015423596366, 0.43281120764372466, 0.01680449453801115, 0.021250672553610933], [0.06706163286145099, 0.02530995169721625, 0.32983702862745673, 0.058640017560032086, 0.34309357268197793, 0.07665708568299982, 0.09940071088886668], [0.028400774857686543, 0.027354785797664236, 0.1334004254773825, 0.19499791439561684, 0.270323933275667, 0.16599545760231976, 0.17952670859366318], [0.22293757005373263, 0.2221334245454895, 0.22886179660979566, 0.04130773394624725, 0.2190786764006175, 0.025949127899642665, 0.039731670544473734], [0.08568310819033818, 0.08308145861841496, 0.22851086233144546, 0.03655229456945387, 0.20873776251466628, 0.15488636388569, 0.20254814988999123], [0.10150964137283118, 0.09545825934793806, 0.2775916070167055, 0.11229794794229918, 0.33386209862534677, 0.030884259143841877, 0.04839618655103688], [0.06628974152174089, 0.06858570083188589, 0.34720389907159976, 0.08657604626759778, 0.35386934535785364, 0.03492575789897677, 0.042549509050345206], [0.03922334632332769, 0.0326907895304699, 0.2551257870058083, 0.22464676691940375, 0.41365311640019664, 0.01589710051836111, 0.018763093302432775], [0.042718963232572064, 0.035476012885349684, 0.2794471505764384, 0.2389635504110698, 0.3292258230316884, 0.036706388994142906, 0.037462110868738734], [0.27765210768182347, 0.259658317165875, 0.09382308437695995, 0.07941423591444685, 0.14837302399873561, 0.07426976534456879, 0.06680946551758973], [0.1361498252631458, 0.16626049216322397, 0.22708352986779654, 0.09544873993371795, 0.2889712040434176, 0.0389507301006182, 0.04713547862807973], [0.20702175118139096, 0.1968457766877539, 0.25992984428342203, 0.025682764700651537, 0.2379561664812525, 0.026311857743447804, 0.04625183892208102], [0.26200039228494376, 0.31755890182433094, 0.05952768029325372, 0.044867916173308466, 0.06344382232265247, 0.11851760788556678, 0.13408367921594425], [0.14731502863715037, 0.16933833238932272, 0.13119517865147357, 0.0564763529370804, 0.10374506119384715, 0.1563518116884611, 0.23557823450266446], [0.03297966045297185, 0.03477700547441535, 0.19844861724542118, 0.2514993290853451, 0.3528279266551098, 0.049133116043347254, 0.08033434504338885], [0.0630013168495526, 0.06259008112184763, 0.3816388264194131, 0.3747629849240635, 0.0628566622082816, 0.025246699700578277, 0.02990342877626387], [0.08876826183605714, 0.09282763439080664, 0.10498389598229056, 0.03349734060963895, 0.0948418552091383, 0.28279101142220825, 0.30229000054986027], [0.048667346827794944, 0.07539174790780717, 0.36163829691297505, 0.08032164720933525, 0.38112981519858874, 0.02217411363032509, 0.030677032313174174], [0.0950062002645963, 0.09656918651266806, 0.22881628611775368, 0.2780599086569714, 0.14114012874954365, 0.07569605548666547, 0.08471223421180117], [0.3388139018411041, 0.06405937606339089, 0.18028501561057997, 0.04420779283728455, 0.1536018919822758, 0.1025349313019309, 0.1164970903634335], [0.06784346124397729, 0.026150257604738273, 0.17065716117687976, 0.25116646464370185, 0.38383016128044045, 0.043521024280045006, 0.056831469770217385], [0.029863129679498526, 0.027738136200809616, 0.3559365780099476, 0.22049376141372531, 0.3120444683940608, 0.02651107028929468, 0.027412856012663276], [0.16954327981486955, 0.14281977016965722, 0.2448180815870364, 0.13417237494435486, 0.1277127532283023, 0.07884000005361197, 0.10209374020216738], [0.0454363085304699, 0.05058840831949124, 0.18915014391958168, 0.2623040581235353, 0.4000384470288298, 0.02173387178325844, 0.030748762294833618], [0.059973727410592384, 0.06492997524541494, 0.26389306543003566, 0.06593731638992556, 0.28839223047350176, 0.12012039008656873, 0.13675329496396035], [0.18469779951344645, 0.15784517478571902, 0.144723805374548, 0.08905604443593687, 0.18643025642003247, 0.1088726946464567, 0.1283742248238606], [0.058505899279914376, 0.06934096255040686, 0.11437713621834485, 0.027249741221919158, 0.118346789394862, 0.30197981099956683, 0.31019966033498636], [0.0884099958885041, 0.08885288801448005, 0.3785803962613999, 0.02099790644941157, 0.3844682295300717, 0.019322406908963616, 0.019368176947168535], [0.02971066110017707, 0.03354081828760569, 0.11627716556354012, 0.35214749500787546, 0.3413694422059053, 0.055898197120494625, 0.07105622071440183], [0.060145344839792544, 0.06768154183492654, 0.26296296405827757, 0.11202159844423584, 0.28481801154213265, 0.09166716072168693, 0.12070337855894823], [0.10704273561518346, 0.07828349636895057, 0.2042848773829321, 0.06846764006306182, 0.17670838097121058, 0.15933584037450887, 0.20587702922415319], [0.1498845762091731, 0.1343391222893766, 0.14085417173132356, 0.21469771558869877, 0.27674692475019896, 0.03302158174565233, 0.05045590768557691], [0.18920480954580374, 0.1695562797908479, 0.10816172027212455, 0.08539786574251403, 0.16228768457878964, 0.13117011216226818, 0.15422152790765198], [0.08588245713421304, 0.10573190575719948, 0.1280162763969166, 0.20944458988158898, 0.307956454767822, 0.07939720221700575, 0.08357111384525406], [0.0480295021491913, 0.04667297478583193, 0.3916553701839001, 0.02851410955478076, 0.38250016485383787, 0.04374645035038416, 0.05888142812207364], [0.03258421447920235, 0.03196800699605954, 0.300815846975089, 0.14199716406584412, 0.39906736655730707, 0.04057797628030538, 0.05298942464619273], [0.03769213074257449, 0.032122109183918376, 0.044545011323960514, 0.06129167987904687, 0.09677819455597735, 0.3602256069945031, 0.3673452673200192], [0.06939175614655592, 0.07170580142746986, 0.28354216671328203, 0.05979933172657377, 0.26713295824658506, 0.10313585309231214, 0.14529213264722166], [0.03761236646047367, 0.034487940076560836, 0.3457099701805337, 0.0926947139161752, 0.3853162326880093, 0.04116356973778839, 0.06301520694045827], [0.038304038654164936, 0.035839357369132886, 0.3900063053064613, 0.07626936878615448, 0.40690722169625354, 0.02336962563971725, 0.02930408254811486], [0.14007246033708823, 0.03728227180419575, 0.10342649405144895, 0.23085908354538834, 0.28138869945017764, 0.10193796469519494, 0.10503302611650617], [0.261076937884512, 0.382112967256526, 0.13474462247701782, 0.0350953055568708, 0.11924957260849925, 0.03154514040748969, 0.03617545380908449], [0.166016805781646, 0.2139372423135492, 0.24729342194427312, 0.07204772846766684, 0.23517660835095605, 0.024615251669065998, 0.04091294147284292], [0.06125907389304478, 0.06967423245400774, 0.3834525356702935, 0.061400372012467584, 0.37983090402787084, 0.018193361046214857, 0.02618952089609877], [0.166045759427427, 0.1909678211029026, 0.23259423004594215, 0.0805006417142179, 0.18342649840468148, 0.06247445345000981, 0.08399059585481905], [0.05543045546853933, 0.0486765032083442, 0.12432215501585733, 0.03993075196083608, 0.13305237934987577, 0.28806085069568615, 0.3105269043008617], [0.08297873266582335, 0.08154378985035098, 0.20001108257307001, 0.1209329341498935, 0.26187953703375655, 0.11640294028084973, 0.13625098344625572], [0.07606717080744423, 0.07322222234792071, 0.07682739298263982, 0.04720756531364618, 0.06480070364018728, 0.322029411010128, 0.33984553389803407], [0.03315344780922799, 0.025681325552001224, 0.41527426583804145, 0.06068515229482327, 0.42283809976468434, 0.016268435307116295, 0.026099273434103554], [0.04446623197488811, 0.04913239995922497, 0.43083513056734085, 0.023294826164255652, 0.42729759567989667, 0.01138258734138886, 0.013591228313004449], [0.06701159033471267, 0.03192209418765889, 0.4325263318218355, 0.06784318891060713, 0.3612926586321821, 0.017326565344947406, 0.02207757076805627], [0.05243710505297834, 0.20531662245747506, 0.1870012459376888, 0.1823004400936376, 0.24326289136752777, 0.05705002530188526, 0.07263166978880718], [0.23775607165551416, 0.023974774468155026, 0.13267503481932177, 0.06530495742928553, 0.13402605925085237, 0.18121721503727184, 0.22504588733959896], [0.11308336243931696, 0.10130388669598119, 0.3191278115029861, 0.027736331539555802, 0.32857448522376476, 0.05420734848839339, 0.05596677411000194], [0.05851784312945304, 0.06930110792706744, 0.31453078238315435, 0.06928189293993642, 0.31794890621859573, 0.06409904112253956, 0.10632042627925307], [0.03726334271203867, 0.039256640789988494, 0.4508347014286865, 0.016822010155321487, 0.42883164188686235, 0.010406432467855345, 0.01658523055924676], [0.19914816455534642, 0.21098209736366577, 0.2411575358908381, 0.04212191562088307, 0.22596171518018812, 0.03697401799063082, 0.043654553398447385], [0.08203897170302765, 0.08104171555712249, 0.2613068811939885, 0.1375222869123309, 0.32654601896824814, 0.04635858113996626, 0.06518554452531516], [0.06231058239097295, 0.05674175657578036, 0.358107600828491, 0.13955142242227778, 0.2851877716457662, 0.042801435623719186, 0.0552994305129933], [0.2946155802248982, 0.2366996015766858, 0.1703494947857689, 0.06264519493902168, 0.17907015525732065, 0.028500692054476102, 0.0281192811618287], [0.06910612438104184, 0.06141775550458521, 0.15103549451206114, 0.039078817642149224, 0.1688527454693107, 0.2488854652900426, 0.261623597200809], [0.03917441156986893, 0.037480643720210025, 0.3586018643802664, 0.05970056270339085, 0.3739975766500534, 0.0578586591658946, 0.07318628181031507], [0.18735287020397468, 0.17115489638827852, 0.16697596721430105, 0.03548959803238973, 0.16990663235547204, 0.1350720304794205, 0.1340480053261631], [0.027520130120319057, 0.5689663693895075, 0.12680708391454495, 0.0787531522686846, 0.14867521147364832, 0.02369441068690217, 0.025583642146393668], [0.0579464747911101, 0.04960019184361566, 0.07507558300439376, 0.0353969165311078, 0.09267815314405564, 0.33033090522477704, 0.3589717754609405], [0.01863592668379502, 0.01824588591963176, 0.4402468500115093, 0.4344351827290569, 0.07253839697854053, 0.0065598010147860175, 0.009337956662680337], [0.2574064382609902, 0.03810451878026268, 0.31829334413915206, 0.0672012096306765, 0.2514913653985911, 0.028866137889293143, 0.038636985901033656], [0.07714498306918276, 0.0809356121778432, 0.31871012680656363, 0.1326179657545471, 0.33790432028937933, 0.02253793055528979, 0.030149061347193903], [0.11885822304152069, 0.13811278057954715, 0.2833984146283359, 0.056183985557206544, 0.2936426351547543, 0.04942278708442749, 0.06038117395420744], [0.07831194184634967, 0.06780968480965319, 0.3452508989218881, 0.06527068352391581, 0.3500851292200119, 0.039610481701293186, 0.05366117997688846], [0.09829772829995118, 0.11543393773541909, 0.19463120825674268, 0.03930425735446767, 0.19277213785929445, 0.15120846895525203, 0.2083522615388726], [0.05083920101838997, 0.053749580381499955, 0.42172805294068777, 0.17091047247009084, 0.25720379065922144, 0.01809617595328736, 0.027472726576822305], [0.13630184051168076, 0.11414708384335989, 0.3122595797862522, 0.15206127978207565, 0.20669067045632278, 0.03584211727905125, 0.04269742834125714], [0.04710869823115599, 0.05747652041490378, 0.38369087284573317, 0.06060860129774624, 0.40169972588373437, 0.01966179181353339, 0.029753789513193477], [0.04175906736038809, 0.04262533688954266, 0.23645794315062615, 0.04338392648147146, 0.1980255703652185, 0.19517335442597883, 0.2425748013267745], [0.1756674155826644, 0.16088020393351163, 0.28398964776333246, 0.042355133026788144, 0.28671251013024446, 0.023231841228508833, 0.027163248334950457], [0.037210241768971634, 0.038929370172816447, 0.37876841854975174, 0.031855494836503295, 0.3493062280302355, 0.07002641597007249, 0.09390383067164823], [0.20422255052424243, 0.16563989660344414, 0.2878833653958844, 0.04187069566775054, 0.26088660612796494, 0.017367721749347535, 0.022129163931366925], [0.07391960632407897, 0.07235247403797405, 0.32096865780151074, 0.09852764983260016, 0.30208079626578177, 0.057593127830022295, 0.07455768790803131], [0.16297614135116206, 0.16832193976130833, 0.31390728320820516, 0.01943344839566541, 0.3145454738440949, 0.009695147514673676, 0.011120565924890021], [0.07739867063659348, 0.06651288105542923, 0.19848905078226994, 0.15027475784461333, 0.2341934894646373, 0.12301438094623171, 0.15011676927022521], [0.2203016295006233, 0.3157233693898486, 0.10457794854014657, 0.10316514242962666, 0.1768712508476128, 0.03299965275031927, 0.04636100654182298], [0.10129996595606931, 0.10048515184963068, 0.372595181519506, 0.024381094368162354, 0.35369494911603405, 0.0202540289062375, 0.027289628284359428], [0.43286631004888615, 0.41852102047316875, 0.054341916827661624, 0.01203653582680911, 0.05138873260865564, 0.014074000616769491, 0.016771483598049815], [0.09074216161470182, 0.09652367481423575, 0.18057949194969888, 0.03774431495448369, 0.17169035032102936, 0.20117527780418526, 0.22154472854166504], [0.07112735602899349, 0.070408546670658, 0.3216323990870947, 0.04972870552839481, 0.30771180903678097, 0.07492762874508788, 0.10446355490299078], [0.03739646778612621, 0.03838276010853328, 0.3642654832482651, 0.08459467760896691, 0.4068162128682324, 0.030885378143231404, 0.037659020236644546], [0.19698948608108138, 0.18497397607749058, 0.18428778565176, 0.055817340632173945, 0.19505583585249833, 0.08109860668957503, 0.1017769690154202], [0.12696584912699932, 0.111709553443689, 0.23027599533506854, 0.0457021375105832, 0.24405045872538447, 0.11354163185671598, 0.12775437400155945], [0.23128446832047905, 0.22139229313134803, 0.2297010927902585, 0.04817923863434, 0.2053648910942186, 0.0299244361408654, 0.03415357988848984], [0.053679217326973186, 0.05910814771189212, 0.4150186576630125, 0.02885650421439558, 0.4092448304862405, 0.014254135019433217, 0.01983850757805274], [0.06814196965387942, 0.06262393742755701, 0.32745339275399266, 0.06018339928242281, 0.29754483835789314, 0.07893418723434835, 0.10511827528990612], [0.19382697069134827, 0.14715474460499042, 0.08185971173707701, 0.13637361980567728, 0.18730065984962582, 0.12237811297645887, 0.13110618033482213], [0.043332912982724694, 0.04060506965493125, 0.35605002680724795, 0.04956567704961756, 0.3233916419262213, 0.07311879433161876, 0.11393587724763893], [0.025043618975019555, 0.03140428350370846, 0.19463475348748766, 0.25659520129613045, 0.39478026096980035, 0.0380481964661556, 0.05949368530169744], [0.11097211179626992, 0.0960576337052653, 0.38168060209811755, 0.017360920785004275, 0.3661360722325886, 0.01132456103611916, 0.01646809834663463], [0.04468450667095265, 0.03932314106752742, 0.07004322199705054, 0.3226009537954956, 0.3564269908049563, 0.07875718329446935, 0.08816400236954794], [0.03966307909559876, 0.03687299489649245, 0.39814100230093546, 0.0656232034854532, 0.4086524607819843, 0.022864280326958145, 0.028182979112578034], [0.13513123198951552, 0.09093852941277421, 0.30537542908658305, 0.06597429006005653, 0.2813596551078897, 0.05072626797153844, 0.07049459637164199], [0.0354781642860484, 0.03774687751808343, 0.42469039762807265, 0.031757242003080936, 0.4233601522911757, 0.019661254115865716, 0.027305912157673116], [0.067657748663919, 0.07731655808859153, 0.09778205666787264, 0.22589705318289421, 0.2516256733484178, 0.12922470311674966, 0.15049620693155585], [0.014068552292560352, 0.010791260844569677, 0.04033183191064057, 0.437530694166749, 0.4586056842261346, 0.0176328053256775, 0.021039171233668514], [0.33786719667174747, 0.3407999088837865, 0.12047868538359284, 0.043571488788824664, 0.1149642744457427, 0.018673396857740422, 0.02364504896856606], [0.09155431400152471, 0.07157574708266527, 0.10271224042721121, 0.24092542640475226, 0.3038313755257494, 0.07683775841826429, 0.11256313813983326], [0.27434023927805373, 0.2661165473500804, 0.18334824824951235, 0.084314123950516, 0.15729632330719745, 0.015214138035605904, 0.019370379829033956], [0.1719248106853512, 0.17024746335311247, 0.1682622036689478, 0.11973369082167436, 0.2377776197823309, 0.057132349195383174, 0.07492186249319974], [0.06464371167998453, 0.06740984307941937, 0.18224005640569127, 0.32475497591573627, 0.32870249115882944, 0.012963115842687889, 0.019285805917651333], [0.17429158743922715, 0.1395431104274039, 0.2574191755422901, 0.046769110557621875, 0.2715254756138748, 0.04349923229245399, 0.06695230812712814], [0.0850879217976445, 0.07882733365814061, 0.06490761391044249, 0.11438308363835642, 0.12494057160793, 0.26333355578231477, 0.2685199196051711], [0.09782306678298608, 0.10030982341875003, 0.29594696503919404, 0.07457000907151594, 0.3331016285422036, 0.041140026095286844, 0.05710848105006296], [0.26452665768910066, 0.23609068991354393, 0.22707261410919324, 0.027189182974889772, 0.21252042774596636, 0.014014512507020592, 0.018585915060285424], [0.26806729416193054, 0.37353563695874514, 0.1079323840744385, 0.02493131293232481, 0.09655192840553424, 0.06097624752589802, 0.06800519594112821], [0.18854568127673663, 0.17127372046043743, 0.30063864281712543, 0.016785549494627135, 0.2870840757163088, 0.014282508603910716, 0.021389821630853664], [0.20055438148150795, 0.1821338535442143, 0.20328925028141875, 0.10042181865939333, 0.2554241671818927, 0.02247466410320162, 0.03570186474837094], [0.11455197193550856, 0.11157155413646916, 0.25130145894022415, 0.10594063789405231, 0.31388024601074227, 0.0453203556094062, 0.05743377547359732], [0.03869340336911335, 0.023086694786712124, 0.12910425926252955, 0.32772396749653987, 0.4115845562630086, 0.03017937106778378, 0.03962774775431278], [0.16460115567386724, 0.16498856787327484, 0.2027081918402094, 0.07045584175480912, 0.22416357579240245, 0.07301451106249122, 0.1000681560029462], [0.10287920089629558, 0.13084797635255432, 0.32761362453069864, 0.04878365566037206, 0.3301295850591063, 0.02450351208305207, 0.035242445417920494], [0.03491006978844294, 0.04685720431226213, 0.38325050190594073, 0.058683294172457275, 0.4056340985820338, 0.033910313522903864, 0.036754517715959105], [0.2666983723693403, 0.24399411550723216, 0.1862197653259634, 0.022610849762393196, 0.1663345649282945, 0.05263289029824881, 0.06150944180852785], [0.024837441985865107, 0.024905441642231158, 0.4312346421254279, 0.031194150477342992, 0.43794844314278275, 0.02064687847977347, 0.029233002146576936], [0.4939912064256901, 0.13603290762367096, 0.12081678090367873, 0.037417104678884074, 0.11033840564375001, 0.03956827931957397, 0.06183531540475229], [0.04694962273813256, 0.035848972755691905, 0.1531959232615226, 0.28882247598528354, 0.398646958629722, 0.03230630630037541, 0.044229740329271586], [0.05645630221145363, 0.057106213686940056, 0.26723