{"estimation": {"a": 27.37518296873352, "rho": [0.1881595022245489, 0.15994126717433654, 0.3137378163047766, 0.338161414296338], "Mu": [[2.4507690496084593, 0.5197269973034566, -1.3634100515596106, 2.2796307810744305, 3.119147329757199, -1.307267703533648, 3.9911790178948334, 1.793288252635479, 3.3152125290194525, 0.5993243837122585, 1.2787670887272746, -1.6514833660344845, -1.0426162708402926, -0.15887697969441955, 0.22529720553680874, -0.15586349423526127, -0.3954561208734894, 2.4547864164773197, -2.083388182762812, 1.471463424508439, 0.0959694764886974, 0.43067389811724527, 1.9140060909774255, 2.0416743258110763, -0.6517209620914716, 3.1014640425817017, -1.0285970772142043, -0.7710040122563375, 0.49553714464122717, 0.19440039690062205, -1.4516621240091903, 1.2820055533330887, 1.0963048804615172, 1.159357838621974, 2.2239948922583634, -0.04704824301888769, 2.3522066118915808, 0.25060029263401096, -0.27827952018443625, 0.7781321018871852, 0.3770349256476448, -1.43930876259004, 1.966978478484747, 1.2352923080664873, 1.4384064201789253, -1.062283548921893, 0.23154476404286572, 2.266105939685994, 0.4124462768660515, 1.638650325061247, 2.9534096759850073, -0.22246163667420368, -2.6803801188920287, -0.5608347484874099, -0.02733841414995065, 1.177843833020757, 0.7534283076776098, 1.3962217939827495, 2.4648913185312824, -0.9457692459703363, -3.2581685529194733, -1.94106200548772, -3.362819076237287, 1.9344673103133352, 2.439579721513541, -2.127577879267853, -7.783605740991079, -1.4492124913319457, 1.1348209294371527, 0.5650817060853398, 0.6860686689545842, 0.2979876569479019, -0.5062547474973388, -1.0794618030814165, 0.43192437416633866, -0.5696910527848061, 0.592635842001395, 0.579524854428618, 2.741823022419352, -0.029506709603668028, 1.230073797231729, 0.43352769697020227, -1.8612048329971416, 0.3420293089165948, 2.467357292329734, -3.4340946155979473, 5.02727738765503, 0.4617277262807579, -0.7904626048005774, -0.7294005759249285, -5.357075421321804, -3.6554949099058747, 2.774442171537817, 0.5625752551737412, -0.8685918462075233, 1.193675925770117, -0.9803133182335078, -0.5115520697613982, -0.11792003097280283, 0.43199536995213544], [1.0958122884819466, 0.7841383284834021, -1.5542891693175462, 0.182571338601104, 1.6493837095042763, -1.8108045366220065, 1.9981710445154413, 0.16191136910478596, 2.2417778313124055, 1.566994633452637, -0.45947344231683196, -1.8630493544982127, -0.733195705907679, 0.3470429956327528, -0.19112178474400804, -0.9477164660646733, -0.3643891096014217, 3.3502158120377112, -1.7854657899163031, -0.004467253026199624, 0.24542246529191086, 0.9930562734715899, 2.2913484687398107, 1.230842978981181, 0.4526113071306338, 1.1334949851022547, -1.597458128067603, 0.49380495753711673, 0.7559094508215103, 2.0139986311310865, -1.4317002297289236, 1.5368095107034672, 0.8366781162739491, 0.9052037702068869, 1.5275432377853086, -0.5013759250361822, 2.8765205984353535, -0.9316339815972816, -0.9906707816554099, 0.9580093106589812, 0.6511158468836612, -0.5963477346893945, 1.2867640089646675, 0.5047156173397703, 1.8436438437613492, -0.4013602405854585, -1.0507811718740954, 0.787588288500026, 0.49388176508234793, 2.352317315972943, 3.0474150993962166, 0.7493734510135706, -0.9391032387953387, -1.8910539467781116, 0.10084265611391557, 2.0658091440840254, 1.026915632510457, 0.3322489655207161, 0.6422438381010953, -2.349712140535141, -3.8200529175640914, -0.45917326785233, -1.1750113354465248, 2.3301431513050193, 1.0428505477705978, -0.9080893064514288, -6.432801589121935, -0.6677135059829631, 1.7184085448833495, -0.7124297505861729, -0.15478233293512925, -0.1681805271196525, -1.2164254874013845, -1.183363735956347, 1.4851151933930409, -0.31804805290870486, -0.4065616573930621, 0.008091717280637968, 3.4508138357431255, -1.2256790030621607, 1.788775094815234, 1.1736531704011899, -1.2052505327067602, 0.681269291649335, 2.119007273783202, -3.258287868716805, 4.344396539750874, 0.3572931211004639, -1.6071912281045901, -1.3456186939274362, -4.426154193447501, -2.8357292811305275, 1.1513720958458291, 1.5548662880275421, 0.5516275516377231, 0.7687375735560278, -1.1009996507608169, 0.12849978638905474, 0.9083443380495965, -0.5585179116579573], [2.082594671233732, 0.893219841014245, -1.049957561602728, -4.7440105231651755, 1.6435719947960763, 0.8703942802267262, 1.8933324846480413, -1.1030549220421424, 4.982515741110815, -4.244538170254795, -0.6075472857071074, 3.8096897954984374, 2.286398763454026, -1.5266207849354965, -3.416290732965666, -0.7766873023189188, -0.11782519118324267, 4.927071824681957, 0.2469045261429094, 3.4342169717388678, -0.18413774397918872, 2.5442892717125423, 0.9920796950026144, -1.590480706489002, -2.2431895472699908, 0.700216749383017, 2.6210017466038704, -2.1954244706292605, 0.39903916021666325, -0.03601194172097599, -2.272325417119234, -1.9327761408881725, -1.0274022554349849, 1.584395823728462, 2.1758366133995626, -5.196099455653556, 0.3086858421452371, 0.24862512436648765, -0.24398136451588975, 1.3099194386350461, -2.702618141039363, 1.3511939478606056, -1.7962388088280095, -1.6185393532988623, 2.392471123133362, -1.414735905818218, -2.9701914395520115, 3.027947247672783, -4.546178374013151, -0.175278096448464, 2.03453989045132, 0.4770206112795092, -1.8321690050422412, 0.8690100475502592, 2.940690924692678, 0.05815255944475205, 2.393473644238131, 3.3127273777855826, -2.7653591052288053, -0.04681963365861375, -2.856842953197092, -2.5787486612119164, -1.6960765090748333, 2.0654022353648953, 1.1298440154781035, -0.8996710253687902, -1.5277271740020033, -3.3809868251986708, -1.1501642035703956, -0.23984106165567215, 0.7244866703575401, -0.4484585334147316, 0.0911345518465927, 2.1046676745921946, -2.6335016997288623, 0.5483096018181259, 3.384341990190105, 5.076366561809709, 1.9925846307509936, 0.13443066234607598, 1.5515393817948089, -0.26990106220221555, 3.674093999851718, -5.123596225813356, 3.859120106195085, -1.4503751879940292, -0.20389685913561326, 0.043051545883514786, -4.079286936776512, -1.293322240558195, -0.34822859892058816, 1.389527395653738, 6.235479201234913, -2.3125250362372065, -2.8584012082189783, 3.0909415570090184, 0.9142286269374069, -2.3151537639521127, 3.7604404589284277, 4.819292205211479], [0.16757385720415843, 1.4909310327115872, -0.8803488246878388, -1.6378599025795986, 0.6206599347715761, 0.7385369178111277, -1.527385820929738, -0.8388186813427246, 2.5006680606991987, -2.6746561066389702, -2.4952012229024323, -1.0722975961153847, 3.4175571353764758, -0.9329154871615204, 2.5828427328349424, -5.044769683092069, -2.095919737448222, 0.043549212231186324, -0.04221806761534818, 4.735984920211571, -3.074047899902506, 0.3208442703697552, -0.4536758515833161, -0.3703128957723077, 0.6397278695519765, -5.425639884399036, 1.916535770073918, 0.9867687671321542, 1.5674999157021345, -1.6842834296949512, 1.3185648908465921, 0.7174604017385491, -3.5337137960214298, 3.522763920730791, -1.8012729042568678, -3.8709604692650257, 0.9831522002476618, -3.334274641391498, -1.0510131366263595, -1.4599430798689053, 0.23288131537505266, 2.619213878116413, -3.1770879503427394, 0.6195795907052705, 4.361507561708561, -1.1960976915656405, -0.29705220534259996, 1.5060938854104886, 0.0982848153902633, 0.7442477610029374, -1.8053822088927542, 3.4935191357394375, -0.9545514344603772, 2.9782801770656064, 2.363556617579616, 2.0316977926973268, 2.4408686150213406, 1.5150544478614987, 1.3897420662363777, -0.28876202842651283, 0.04912839413314187, -2.7904961962648605, 1.873690617507484, 4.933315293308548, -2.175228015508109, 3.156264315384292, -1.9737364945553761, -2.0647072219428773, 4.920922964025251, -0.9929486444744541, 4.5366298496727175, 2.124968582233125, 0.23833786898041154, -0.6328726860890195, 0.5846542858963918, -1.071342475007737, 3.7995442007950593, 3.7140668301397612, -0.5362291164857891, 0.27006988428566503, -1.8604153456158008, -1.0913921350511169, 1.0778293673601578, 0.6524148619299858, 0.16333268373436088, 0.03501785811655104, -2.5425489627604216, -3.2507137818691025, -1.132132714675661, -1.2928835830111596, -1.9150338685045123, 1.1624362350765978, 5.67635403952119, 2.8341038382876977, -0.26996582264291974, -2.3300313445878618, 0.6939299519837211, -2.507869284513648, 2.8217682910776847, 4.857696561055383], [6.212202831804857, -2.3074903461563974, -5.900581392618033, 2.889217342949008, -1.8685719628027737, 5.093614893846175, 0.29526485191994994, -0.6924897520646218, 4.258546016522896, -0.15144116684418582, -0.40686890952460475, -0.9220203846065308, -2.2922185556663135, 3.558571834579212, -0.4803476034073862, -5.864670615372192, -3.8581508212185898, -4.050653236250691, 6.0796412890703975, -5.284145738685115, 0.38852932948405866, 0.5077121079111628, 3.971174628917515, 0.593725923701917, 3.9031719674815015, 1.3108512948027675, -2.1848093655053686, 0.4143988973898844, 3.9251036139858995, 4.5254061079074654, 3.211912046597092, 0.1365800542504273, 3.4547157562699757, -1.9444580057941168, -6.9991186052870225, -2.854856057887942, 3.212970017683786, -3.050831188075004, 0.3709839050566379, -0.9172592497979342, 1.892039088151049, 4.361486849776629, -2.3761982545738287, -3.6935246685578367, -2.0323723314199875, 4.736692295245723, 1.0974695600074091, -0.13230025826110994, 2.4607992126226796, -0.5535635429466024, 3.1356522699851217, -0.7316462241055665, -4.281818283859752, 1.6781691445663056, -3.2002023858137303, -3.6484262603123816, 1.7954071390574917, 1.6990708992310357, -1.7076291963670083, 3.7536716773691263, 0.15259342391415479, 3.9291621449326466, 2.665920454104335, 2.7934109922058155, 1.6397480506320694, 2.051273462517193, -0.4673720392851801, -4.178787446910265, 0.3334188307464956, 1.7280413895357187, -4.982878205993517, 4.549565272315168, 9.156673206278853, -3.5173413973565957, 4.662915477677157, -2.0203343817475448, -0.6259464130243814, -2.1424483307364106, -0.9632769956848904, -1.559868372164854, -2.001321165215904, 3.9516510107385954, 10.80402194844875, -5.599331907436785, 0.46910208258091185, 2.8930331618618332, 0.4865736072289688, -0.6589140730257712, 0.7655915019513752, -1.1713367502413428, 1.4180570395171423, 4.879807757464159, 1.5435368448656088, -2.6624531614486915, 4.774783619607908, -2.664231014804625, 2.8954191545197063, 3.8159827930266665, -0.5679044738090633, -0.18571335685600934], [-0.00019828041400819674, -0.05394961914809945, -5.185368182573184, -3.7472160119988294, 6.928170673080397, 2.3523686876425276, -1.363499009879309, 0.2458926521468248, 3.9928638638715572, -2.156801486116423, 2.0919982062275975, 2.442642764437807, -3.935438866488682, -0.5965520105695432, 2.7012893038294226, 2.7892418905825394, -1.4207896210914512, -1.1180082206227524, -4.03816019106424, 3.6801862664975626, -0.7218621630143541, 0.7133398424987384, 6.576044886192609, 3.9467526056023763, -4.521433443831363, -1.5674787318857561, 3.1781175491115987, -4.038640871570528, -0.5591223940113402, 2.184145788624669, -1.2943064308231536, 0.3077577279617907, 0.5988152959216061, -1.2171443970817508, 5.092742077329555, -1.5960493874353554, 2.5004612071199404, 4.59806031366187, -1.608158438326181, -0.3088023125012792, 0.8655603493925528, 5.1004615138441, -1.8131788234830069, -5.9596001575204545, 2.3167646963102326, 1.0444315874488863, -4.722079085512221, 1.7141606300884868, -4.66165704980935, 3.877026266174756, -1.12510536614144, 0.26177341481935495, 7.875756627414903, 3.316156438880481, 2.6408515047319594, -0.36878457314595275, 2.449358341488178, 3.977207767634091, -4.538791367919601, -5.797437039566462, -1.445562535567317, 0.853195198894285, -1.0761687559460484, 2.393796337090716, -1.351640109458135, 0.22729565154863676, 2.3947487549614346, -0.5520038174949663, -1.6737636276631884, 2.748102019097062, 0.28651840070285484, 3.2497624272296406, -4.010832787881027, -2.1893997274625736, -1.80127893024653, -4.542316274410257, 1.2870536161512667, 0.4210255812009322, -2.444841586383475, -1.7732709415917016, 2.2285679582784037, 4.707465720751108, 0.1243721212639653, -2.6248145859243515, 2.9804700083069013, -4.408603145607541, 2.8410783671089623, 1.6450575668450862, -4.166605252274392, 0.039709786375001103, -0.7936392323793768, -0.6409955992368294, -0.4374452740727154, 1.4962596811919353, 0.0013147259317171306, 7.620952754986174, -3.0435021192735423, -1.6826404085138231, 2.9786824518644743, 1.3417629714878565], [-5.080495144031318, -3.4549497045227264, 0.2947763209881634, 2.4125001269678097, -0.36521627480584257, 5.194474393542354, 0.9103696617811666, -0.38883675443556975, -2.3205165234104284, 2.3418948845675898, -3.000377787378196, 1.6605776581375262, -1.433452817462253, 2.1811674294709804, 2.625207303244704, -0.27755024833555597, 1.261669726583778, -0.4491442955446295, 4.146775869605513, -1.625710849295633, -4.314036731689328, -6.319547891530137, -1.2075430815076198, 0.7443592515681542, -4.727222390706037, -3.4375005507867664, -1.7493557111395397, 1.33892527206445, 1.045222468203813, 7.045276647815839, 1.4769712725662771, 2.6511250104723336, -5.141184581756646, 3.6412501433456446, -0.20862183433790515, 0.8577029427168916, 1.5392045456109087, -2.418387183369066, -2.6062106855037452, -0.6907703874568774, -0.903211353641013, 0.9612786986390871, -0.5563741792690206, -6.835722743946696, -2.4864984870862736, -3.849038681132522, 3.7452184330745446, -2.5823039283814433, 0.39463069738238016, -2.4506855009832167, 0.3672919720721143, 5.316406070401584, -1.328245926751211, -0.11187284791654506, 1.9408448105083798, -3.1030024187655534, -3.7057770641357535, -2.5311252721486426, -0.4098125901934731, -1.7785128141152717, 3.3527992818222803, -1.6733280926929643, 2.0781872381982796, -2.764829627999031, 6.830606110335169, -4.279378739584546, 3.3883593033403994, 4.035817524510765, -0.2732152030076913, 1.3834900436823185, -1.805067006406704, -4.793185556602055, 7.996493583072591, 1.7735821561529381, -0.8777814949109044, 2.681700034422748, -1.2704537308677435, -1.3763260398513746, 0.21942095221613558, 0.4604292276702166, -5.439186274842379, 0.5308140774170311, -0.37051856744482486, -0.4914445144281364, 1.8010759257805549, 1.3517980352935317, -3.2133604974395107, 0.9473733060430245, 4.898032031759915, 4.755534342494028, 2.7367514054969586, -3.9835040755061812, -2.7043031234639523, 3.6388328502893112, 3.6491330243332945, -3.4682622881989915, -2.272277249117811, 2.2133354109534054, 1.6692728948989952, -2.088384697044084], [2.5511580369269953, 4.768058235521187, 3.7793169587702677, 0.40467391187694335, -1.446394085453489, -2.0323455704144813, 0.6842987196962035, -2.6177072036685067, 2.784773454534878, 3.10958217721926, -0.14021214573215432, 1.4270032862068098, 1.7883842913757697, -3.3807954067559294, -0.937970774604258, -4.609103129529486, 0.7437241691515044, 2.0879097918226197, -0.9703287272214504, -4.641217892603476, -2.6042109527096895, -0.6812913757731686, -2.14669730351771, 0.7124025668272684, -4.045634436648596, 3.700295911443326, 2.8501923323329383, 5.8247367723677, -1.1792254916838727, 0.27054466528750026, 2.6711120950146707, -1.910750832705808, 1.2550024569357752, -2.2985452705647904, 0.2627609028609057, -0.3831234467874721, -2.236920782427453, 1.3636266222510407, 1.0595208826670452, -3.3817095710420544, -2.7266229052798474, -0.7737650992342742, 3.4515172685952797, 2.7707475496653102, 2.647509641003511, 2.5077691274749667, -1.1537589003096063, -0.7094853317890417, -3.628292503558017, -2.939631164345832, -3.9811469076138275, -0.9007439955799466, 3.020621892461981, -1.908158925389029, -3.6961510678686533, 0.6032100191898921, -3.036165760208241, -0.6008860390788372, 1.1379152222673918, 2.0209251134616815, -0.6342170809111651, 0.35538133270193806, 3.7466942533674965, 0.2740532699472129, -3.6957152363897268, 0.20123307984118, -8.817869931860752, 1.4684677217069542, 0.5395524215457378, -3.934664727758923, 6.343544289189238, 6.724226357251217, -4.942184792541699, 2.2995044496955988, 0.7925696451307678, 2.184802899009332, -1.2965645681948232, 4.474336399154136, 3.1156407302410494, 3.000225798317996, 0.06111154629307455, -5.036087201768813, -3.266982172503793, -3.3828853308358866, -2.110916850385262, 1.316631487089452, -1.303776508199551, 0.5222525974740572, 0.5974735977259378, -1.664305343217438, -3.0786449875804185, 0.5954612841390664, -1.618756622019598, -0.8738002266499713, 4.500364675205391, 2.4738290449025837, 6.062155338995306, 1.6612114022214244, 0.2542417666219726, -9.284036946311936]], "Lambda": [[0.7287102387483164, 0.6592789593523164, 0.7305458102297048, 0.44629040103774764, 0.7123602767598558, 0.8244767023636146, 0.4385074895507441, 0.3961150247286858, 0.44029435674394946, 0.7412262684884471, 0.6139658868947211, 0.6703553232232768, 0.7233302419413398, 0.2575835615228322, 0.4257352948359471, 0.5282608185165073, 0.31977086234296204, 0.30436851517982877, 0.45341103127078614, 0.3845063779365521, 0.48237837133637923, 0.5538520855637331, 0.6283344825453266, 0.41378717950452, 0.27382584051816444, 0.3649501028616146, 0.44017618072060655, 0.6588316184862162, 0.5968488588050875, 0.2967128750560539, 0.6200899604319795, 0.30901466693943297, 0.3738512645507636, 0.28081817536926096, 0.4776234548380704, 0.41857113275466074, 0.6805958272825349, 0.509960634345917, 0.4648763631248812, 0.4464786476746833, 0.6004218609428278, 0.5936007229547273, 0.29801499523130115, 0.6356944971389852, 0.4834838085424585, 0.32138402366036595, 0.3848125260213892, 0.594266005509136, 0.5376530787385926, 0.4107820366390302, 0.5112103931014713, 0.6033034540470316, 0.684362296566911, 0.43216712513609074, 0.566705692789961, 0.3215818704435103, 0.5567054865914504, 0.4424397294459577, 0.5828541304520114, 0.7599096610280055, 0.46589183855955635, 0.6686596189150237, 0.43056947113116795, 0.8727003764836059, 0.42777635553072424, 0.7052552277504264, 0.2570627980664166, 0.4663770687569047, 0.6574594753248725, 0.49825122935828653, 0.35983676172475204, 0.45575069917123195, 0.5959540998097491, 0.732055108000909, 0.5998140093013044, 0.6386319549692556, 0.42207898791540094, 0.284942855605584, 0.4964137992742223, 0.3700833184558322, 0.3477694293687623, 0.6295916634970309, 0.6156657022403472, 0.6642030772083676, 0.5471654479760614, 0.4770738878249926, 0.6888563839708179, 0.4773041510806512, 0.8601997635111492, 0.5709390036124542, 0.42090262807109236, 0.3501979369975214, 0.49450844332274396, 0.304320950051921, 0.37764017177798587, 0.6864590491396786, 0.6010455889661341, 0.651192783115059, 0.570866483175958, 0.5175953617863165], [0.6211473864123301, 0.6155647744566956, 0.7038694974743734, 0.5437184055787423, 0.6096674328930342, 0.6719546669686146, 0.3867690605715808, 0.4165361716923317, 0.4221732726489774, 0.6314157246610251, 0.5444570877427338, 0.6490937362956383, 0.76196696293409, 0.262598829722027, 0.45360095859334604, 0.46793063067873625, 0.3634992357585594, 0.3013926714106559, 0.47618165767925036, 0.3946985434852237, 0.5693087983356235, 0.5891415600042158, 0.5780613629577027, 0.4344625530809936, 0.3567213778295354, 0.37054484592558884, 0.5530972260538383, 0.6297829541343882, 0.5713709203610756, 0.2958931360508581, 0.6160794279382835, 0.3487436005909658, 0.38175141310235394, 0.29750611001386756, 0.4930283723057006, 0.44125389595083786, 0.684295065772976, 0.47353986518719726, 0.49103314139183274, 0.4573862215184262, 0.5943448544005273, 0.6094687330126157, 0.2868408187659943, 0.6380067760044805, 0.4727815222099998, 0.31861162981945634, 0.382888925314764, 0.52232941390368, 0.5203131712146284, 0.4677605170183531, 0.5071897840781964, 0.6117908128884976, 0.6044706729703184, 0.46458219532562806, 0.6164786226820702, 0.37043245426044397, 0.533744538837117, 0.4477939520902331, 0.552750616081394, 0.6655617237980542, 0.546413067034986, 0.6397141771626476, 0.4177765958074844, 0.8009503390847371, 0.4606386618559785, 0.691022474043725, 0.2524565403968686, 0.44915924386322337, 0.7455568411449908, 0.5391820436705985, 0.4098085178165474, 0.45978493714993146, 0.6292947125947164, 0.7170225807589324, 0.569636581413757, 0.5802150833129637, 0.42416835168617895, 0.30852887013079117, 0.5618802427600815, 0.4016135231525686, 0.38768810479067967, 0.6929203468038719, 0.6002365488961082, 0.6342556685643325, 0.5530659214916328, 0.49764274353302507, 0.5989898963897667, 0.48679659219581334, 0.8465874983013912, 0.5548032825186843, 0.4136592042597615, 0.35598564184711273, 0.4980772179352514, 0.3510811235466693, 0.36124282646293887, 0.6238073130592185, 0.5696820934199842, 0.6098905513446968, 0.5436770425431176, 0.5070996806912563], [0.36784829758549875, 0.5657244668373762, 0.6490423129744863, 0.4294176060562962, 0.621962640286106, 0.7136835240513274, 0.6065665959179728, 0.5547472276532991, 0.5813925628498777, 0.5562436117073092, 0.5450917459813192, 0.3802210489929788, 0.46391663449296083, 0.6204338228194036, 0.4808349294774325, 0.5501265876704086, 0.5966620221634487, 0.42274726768317905, 0.7309272603870618, 0.6013392031207851, 0.506401007302553, 0.5504535650084412, 0.4013405180165202, 0.6543256511753215, 0.6059254138504219, 0.4521430205620625, 0.8705758249997404, 0.6332365342239367, 0.39089748184401657, 0.6669992319692999, 0.47605382982319466, 0.6413210106858246, 0.39902400118196146, 0.30945225902386636, 0.905773696924351, 0.41735863484990643, 0.28330415833914435, 0.3743298709089857, 0.2655477213751518, 0.5633075288395395, 0.1794724723033275, 0.32774642883976296, 0.6073339924810239, 0.4560454552869761, 0.3513614960681788, 0.8956966923502803, 0.3275642769079352, 0.9551096077118842, 0.40602070389328815, 0.5846886591931131, 0.3903351566431298, 0.5065235845762013, 0.7217583326245393, 0.5312032768659708, 0.5577899350845282, 0.5360923106332083, 0.3584088864840635, 0.6285529614187865, 0.3362773060132369, 0.7948159667844051, 0.49813979288536275, 0.5247611434609015, 0.7339887675299521, 0.44503393992056833, 0.347145730739757, 0.4782848716686446, 0.5103690442177192, 1.0758380747771685, 0.625237340190242, 0.36691704778293605, 0.5572166358759417, 0.27567788122546694, 0.826776293252678, 0.502223601089605, 0.5239361977700405, 0.6207542369283852, 0.5724010557030554, 0.32629356400139115, 0.5249916580422395, 0.387390981295488, 0.5148533144360006, 0.7768923658091379, 0.2642262631809381, 0.2739032678594062, 0.6882708769010092, 0.5276829889184802, 0.5178889706774521, 0.44433303823529946, 0.459269240347792, 0.2408248563492549, 0.42733254482413147, 0.8330690785970897, 0.506668028869364, 0.4101512953277223, 0.6499716230895005, 0.6358169876079768, 0.45095675794840745, 0.298457651637978, 0.3106563214007053, 0.5878497785619909], [0.4062065525942846, 0.6925988129933531, 0.6437670429946935, 0.3901934062919089, 0.6564606304571288, 0.5902768151564789, 0.5852729996316474, 0.5292814052763033, 0.6124695813158835, 0.41170949593335976, 0.5708390356482652, 0.43280434889996927, 0.5729512351126673, 0.5400042356104708, 0.4436639117298342, 0.5740172643989699, 0.6243588941189149, 0.3438566460764764, 0.7409603150738873, 0.6619576714338296, 0.47838484088783645, 0.45257361444036937, 0.4740360806445628, 0.5128860377330883, 0.5734679791897513, 0.515942939155303, 0.7455390718744285, 0.42944468638742395, 0.4849477476087686, 0.670699668190374, 0.40572911166707604, 0.47747881452211755, 0.554070526024696, 0.32402659195145384, 0.8106025637438293, 0.33041711779771143, 0.3156319900854007, 0.37089329878909594, 0.30935917893725945, 0.4344613359423291, 0.22915700965410293, 0.3373003039504988, 0.5167350425461165, 0.41961818408884766, 0.344739116824935, 0.7811605778548077, 0.31304932402244434, 0.591820282377341, 0.4306986514330497, 0.6905091450864191, 0.38313197172588315, 0.39407414484449405, 0.658524234395443, 0.6060094803346393, 0.6862594708547072, 0.6640520101558409, 0.41290486331524795, 0.608739295142662, 0.3164491245028445, 0.8947153421867152, 0.4857538611564435, 0.6271329465260038, 0.6663533899056457, 0.4450563558042163, 0.3833848600478079, 0.4728012316418575, 0.5997342570608194, 0.7375652406421864, 0.6225929250671909, 0.3984104642214496, 0.5314904273453839, 0.29801773068825915, 0.7114887360645851, 0.613559979028241, 0.5492017482953131, 0.6518497998215111, 0.5791618036122553, 0.31585465039993155, 0.5542312864801303, 0.38544032544922274, 0.33757669961798004, 0.7087731883205058, 0.37734292396805197, 0.38629120260308936, 0.4471575264407543, 0.34068131926647244, 0.4553038608696976, 0.552689715142334, 0.3441735988243047, 0.28582288260476085, 0.46201330158022536, 0.7346523687586776, 0.605918746335904, 0.4095442035164732, 0.4796822974533283, 0.5863009980927266, 0.4097049444077518, 0.3364049281965629, 0.38255379087759, 0.36245050139643775], [0.38868030288012617, 0.35468543922557727, 0.578497128484112, 0.3322439756905049, 0.6685039250165421, 0.29446746171271343, 0.35400850949980966, 0.3999483617633988, 0.2833832028164742, 0.7530069150675801, 1.009210945443538, 1.3307056743893044, 0.2782739274539177, 0.28676507620018904, 0.46339214867573975, 0.3731262815261473, 0.8479790253643775, 0.8283780803165041, 0.48671697762312205, 0.8439347150024838, 1.1407352046103059, 0.20624161394253293, 0.8795675270190905, 0.30853813724868695, 1.00200137070641, 0.8644867712280476, 0.24786159287263096, 0.2521486313267223, 0.34926330007605894, 0.30440372028264534, 0.5833891177299306, 0.35663648803713827, 0.2639934327520639, 0.5923528481808708, 0.3268848879042139, 0.8118342808416261, 0.9257833967543518, 0.32241364893563307, 0.6388005721209119, 0.39867745059597703, 0.5811123916211862, 0.34686497017814216, 0.3170059638460995, 0.22256820346066616, 0.3584100916694995, 0.58167156683181, 0.3683769715906735, 0.5502674121928874, 0.4093567388375067, 0.21666112526579656, 0.8990896788827285, 0.22158800659340985, 0.30137092395349635, 0.26426993303520346, 0.29868691149565824, 0.30649580751293654, 0.356240796009922, 0.23653209042790987, 0.5325628106677339, 0.25112818148264987, 0.2620435881605388, 0.28630047332616365, 0.46146811857265113, 0.39079358225342475, 0.6277506656177352, 0.28974949300214176, 1.0487825579445023, 0.5737590329152087, 0.7326154344034835, 0.4293263685825727, 0.3339081663379066, 0.27792429297552856, 0.41526008118824337, 0.2185374788002725, 0.6853174143624399, 0.2563961515595525, 0.3238186300581514, 0.28892519187166804, 0.35018981978998837, 0.6497539171243476, 0.5400438378526223, 0.1456898992397116, 0.2166215995296754, 0.5822264641315823, 0.2918668413297905, 0.29576469975686703, 0.4199811312834937, 0.5894352172891835, 0.3835164861809329, 0.5073359765426968, 0.6493262208151775, 0.7053638016295088, 1.8115013264264204, 0.5992120344270389, 0.25007318161641706, 0.7262875094895653, 0.30364821001615433, 0.4995249558464464, 0.5983612910327575, 0.9719924280605627], [0.18951578217220244, 0.3164964756804492, 0.3220957357928405, 0.4386553461563476, 0.4575131905299534, 0.40860141514982035, 0.540293006928809, 0.49193096226118244, 0.4189832997530852, 0.46072321307270914, 0.5413972260992748, 0.6355965732801147, 0.2707371155843197, 0.8239730132942352, 0.4646562219278371, 0.4300127037673889, 0.997130906354943, 0.42867783858188024, 0.3498233537788694, 0.42203545564498246, 0.41375849049848895, 0.4760526812422319, 0.3514079767992125, 0.28792343145968413, 0.3654483847061689, 0.42398735959589734, 0.17801475947056522, 0.7097499775836891, 0.5435024108302904, 0.47037301226641165, 0.5548228151980457, 0.2816280404685949, 0.33954891378723345, 0.8797557127172138, 0.1970412923158363, 0.988236117346537, 0.41865513157980616, 0.3440682054420036, 0.6035614542401971, 1.359703628827959, 0.6670534044644515, 0.421388957141599, 0.5806579021048954, 0.4329746075061736, 0.2836319629625459, 0.2134812726793823, 0.5937337788099681, 0.6526340312294497, 0.2629960868303552, 0.5961888207762928, 0.3864534336913264, 0.40850693860401627, 0.3711942757535046, 0.467534627958192, 0.376320348294591, 0.7730807103728826, 0.47516159041796346, 0.24442071836262266, 0.5710643142422621, 0.23151700860123037, 0.5188417377346819, 0.4228377748593462, 0.8997565064624492, 0.5157448995264692, 0.5351784756372768, 0.23960424314866027, 0.5655941707374966, 0.37613241995281976, 0.5004101638090332, 0.3279910581073028, 0.4290830129975647, 0.4709050785286773, 0.270360874108927, 0.24833707302527405, 0.48751643367755676, 0.44110723472073626, 0.5119537881353968, 0.523744403953316, 0.6134946938317699, 0.24799195340627722, 0.8345956172988785, 0.379269684491251, 0.4434392463755213, 0.4292483393609082, 0.5109983997376045, 0.3975025267316207, 0.44738075739662064, 0.7292212888351751, 0.7208034398890659, 0.47456019663747745, 0.4615163945241161, 0.4072163078169811, 0.6460024686998109, 0.50498446505416, 0.5159413236486062, 0.42740043116550985, 0.38992729767393497, 0.4090535315067499, 0.37080999418957494, 0.7723389491117746], [0.5349881369844245, 0.5460554970931403, 0.42716254928263997, 0.49831593877678493, 0.33121310582845326, 0.5047811982701919, 0.6811847666373055, 0.7582953866450896, 0.390052210532011, 0.32555130428908013, 0.7533317036013846, 0.6797901289745453, 0.2913537180752456, 0.2992551310614028, 0.38804769175858334, 0.820472403234461, 1.2996643406779607, 0.34741401757697316, 0.27288679194316434, 0.31032089676197516, 0.3504531428624864, 0.5109923957593165, 0.30635588075274034, 0.33061668156250035, 0.40363588822691326, 0.38059957662470356, 0.477534181860986, 0.6100036011222437, 0.8558264808228698, 0.2048888562711294, 1.3112935916135053, 0.4921861121486619, 0.3836764615342627, 0.3067152191578167, 0.30857702255782954, 0.3110708464742571, 0.6597856391362042, 0.47930227483042814, 0.4459695860119399, 0.5271228922780717, 0.28050114569106777, 0.8392191459780692, 0.5004747554427678, 0.20510760876562975, 0.4575951031050197, 0.4387096784625976, 0.47888370374955636, 0.6779267712993545, 0.3027468171453787, 0.44627433941284783, 0.6812852034546207, 0.43725270610444056, 0.7090889521751166, 0.2353729806423945, 0.5892627322930469, 0.17912258327655184, 0.3881787264603377, 0.5927029642258815, 0.641838145950695, 0.14201562879784896, 0.7340121156155875, 0.2494260151314112, 0.7905772086234123, 0.4489341542817393, 0.296731501628097, 0.104795658518759, 0.4027731782164061, 0.41470653842226046, 0.2623789044627511, 0.7956847040957981, 0.36924352915071346, 0.2905899469676919, 0.18595679266386292, 0.2414847228463633, 0.5196714428236604, 0.5668179533416682, 0.4564560177667495, 0.6255171838598389, 0.9875835766174547, 0.33875538911275, 0.27285282017830564, 0.9288196019902841, 0.3182642515655137, 0.4268755421512732, 0.5362463332001896, 0.2143496629756187, 0.9879284280045985, 0.9218273553037093, 0.44438306213008116, 0.37450435778373203, 0.7151091932456657, 0.4237348258959942, 0.487078439939676, 0.3936218437570913, 0.4417400192500203, 0.6349029490147235, 0.6506173419556023, 0.8945806528952427, 0.5586023404775591, 0.33068149237921535], [0.231304423663176, 0.47530774599069214, 0.3626649296637304, 0.3047781213778202, 0.6977397036321132, 0.6580931212191055, 0.5179444827549288, 0.35006366213051066, 0.27193566718944295, 0.43598342768501425, 0.6624154320394745, 0.4558993906368957, 0.46646739330646225, 0.3415660920264794, 0.5022605240746921, 0.23738137026074574, 0.9181247630740513, 0.7190282374835028, 0.19919977557248947, 0.12242524932047329, 0.4732409949345426, 0.9559392226109032, 0.32137581455960407, 0.4941814958975959, 0.2254890652174738, 0.18151979760190573, 0.2915669467053014, 0.30033159483504623, 0.7664142809472505, 0.3164916697644604, 0.5521220098939107, 0.5184329162414213, 0.8348801167379404, 0.257473531236953, 0.7953504451330103, 0.2540642231828024, 0.6061499840009824, 0.6580593173951165, 0.3261437105936533, 0.6583984066515082, 0.2973203294007167, 0.2950006693199782, 0.38364403387782153, 0.44442403604989816, 0.695301821315854, 0.39602292092238006, 0.3821392966584296, 0.5131885787220842, 0.3385396869809143, 0.4881505167780352, 0.4797418681060683, 0.7833027692144077, 0.3565110444966545, 0.5119967085342185, 0.6383713726839846, 0.3261429166419746, 0.2781878402513009, 0.2576281797128181, 0.3396643457810916, 0.3092347550297439, 0.5435346965915554, 0.4158585689643486, 0.38390606232921115, 0.4999709982031792, 0.34310229722977426, 0.4552338285911731, 0.15334547261078874, 0.6421968719955847, 0.5794056383056639, 0.4155661462019571, 0.15993978363875336, 0.182901941222407, 0.20428020557540308, 0.5275120429601711, 0.8961395865830233, 0.5549291585236413, 0.3938388767230037, 0.2835046182473112, 0.19568085364348034, 0.37624319908715753, 0.18993174841613258, 0.42201482217637054, 0.19195233998006525, 0.7040090397911947, 0.450382708025318, 0.14428412493697582, 0.2944733633089446, 0.5462718793474336, 0.4990356618474354, 0.6287682297763474, 0.7116622730044718, 0.490501822500198, 0.63314940435942, 0.5183909119136887, 0.7145859982461642, 0.4574925819525257, 0.4248007584758621, 0.4282677649480483, 0.6328508260791418, 0.2829212478549311]], "G": [[0.24300076501315457, 0.10105203341590238, 0.22605375942313985, 0.42989344214780273], [0.11918964546403928, 0.14869538916722924, 0.28018128064272013, 0.45193368472601164], [0.1755543307792123, 0.10158224832978364, 0.3847518732656953, 0.33811154762530876], [0.22754703733612816, 0.2270300951816469, 0.26287553484947995, 0.2825473326327453], [0.11737365539932317, 0.27098717874376865, 0.28626485879062985, 0.3253743070662787], [0.15423247434953005, 0.12523956255760182, 0.25336405969135967, 0.4671639034015089], [0.16638177160764017, 0.08864142107768716, 0.27270167470747253, 0.4722751326072006], [0.3019958256740749, 0.10386383752220357, 0.2306256854103677, 0.3635146513933537], [0.12314868150687047, 0.15029372240940841, 0.3922715294167736, 0.3342860666669482], [0.2114577674205216, 0.17491936228602423, 0.24053019254654368, 0.3730926777469104], [0.20200886622350697, 0.1314064108663836, 0.2708015193012442, 0.39578320360886415], [0.1036683674705748, 0.1655888467452371, 0.3973541186669422, 0.3333886671172457], [0.24543508306719275, 0.10501519963976204, 0.29242602368105214, 0.3571236936119933], [0.25923710946004497, 0.12417451147649552, 0.29497668782343905, 0.32161169124002104], [0.17319857940890093, 0.13502110693807132, 0.38694825018577444, 0.3048320634672526], [0.1759369100675106, 0.13715914250009767, 0.2373436940567776, 0.4495602533756136], [0.2504226088258533, 0.1435921655580912, 0.28222660957221013, 0.3237586160438448], [0.1732842642537673, 0.14159117335267243, 0.3535735066879864, 0.331551055705573], [0.29380262090787673, 0.2539239040225642, 0.2152616400565466, 0.2370118350130125], [0.1352318015707664, 0.2720752332262507, 0.2720644720478401, 0.32062849315514225], [0.34099990318831574, 0.15017369358653743, 0.21755611770424854, 0.29127028552089884], [0.19233297559492057, 0.21248369918797053, 0.24024270911988918, 0.35494061609721944], [0.19922438937479336, 0.11077675994309065, 0.450374751586563, 0.2396240990955528], [0.20145358785362838, 0.14836778407532636, 0.3293528005779579, 0.32082582749308797], [0.2092327839214152, 0.19542256076017847, 0.29856467067062914, 0.29677998464777694], [0.24722852074144092, 0.1434513744519354, 0.25841841895989875, 0.3509016858467244], [0.208665637397023, 0.11446823543163333, 0.34910836940236784, 0.32775775776897603], [0.2119372600175222, 0.06852285989926368, 0.37449754648184796, 0.3450423336013661], [0.1941178052232573, 0.22654209453495727, 0.26829070743471495, 0.3110493928070705], [0.23073543830570686, 0.11974263506414293, 0.3023915109565112, 0.34713041567363856], [0.27326633454825777, 0.08909726552038272, 0.3666657460853827, 0.27097065384597707], [0.08615681596158954, 0.24142737168144357, 0.25585028263053555, 0.4165655297264313], [0.1607962862481712, 0.1239444929402912, 0.3680278467555587, 0.34723137405597876], [0.19616339810035527, 0.17744288995846655, 0.33091168833654616, 0.2954820236046316], [0.19602554323432803, 0.2180958676241433, 0.23348262162790698, 0.35239596751362184], [0.1396135950902034, 0.1427663496924615, 0.3350619274572511, 0.3825581277600837], [0.24225027230545904, 0.16913501437744616, 0.30165686700255995, 0.2869578463145345], [0.1675023515329637, 0.15593229134910958, 0.2778956914314649, 0.39866966568646167], [0.23953959870352243, 0.09321036852052074, 0.4181064695893851, 0.24914356318657138], [0.18593354268130763, 0.10741199419909664, 0.34317955611675144, 0.3634749070028449], [0.11596384881172438, 0.13377240300449292, 0.45161177524395235, 0.2986519729398303], [0.28895564068445756, 0.172935648756488, 0.3303009409383606, 0.2078077696206945], [0.16265288037319245, 0.17302646857417647, 0.34382435339689277, 0.32049629765573845], [0.1441703837232507, 0.12421277512830753, 0.26573092465996134, 0.46588591648848043], [0.19833797850019874, 0.12316369679969238, 0.4027125098926218, 0.2757858148074872], [0.27117602172199096, 0.10806781194239141, 0.3385352994500279, 0.2822208668855905], [0.16126472916077295, 0.09710188529450388, 0.3970055547556134, 0.3446278307891103], [0.15337230683190806, 0.1613540192721361, 0.5156476891087066, 0.16962598478724952], [0.15416299367192715, 0.11126270472215886, 0.3366250294651954, 0.397949272140719], [0.16824701842633452, 0.12888119007542453, 0.3151695209543896, 0.38770227054385203], [0.10443274319566581, 0.08336488357536173, 0.22345624934239536, 0.5887461238865775], [0.1622689500115537, 0.21438500834762972, 0.2166020769010563, 0.4067439647397604], [0.12657993252993927, 0.11447378011976306, 0.46367241359690115, 0.2952738737533957], [0.15134180408902112, 0.14432073981769974, 0.3786191420324257, 0.3257183140608532], [0.22539664374089285, 0.22252764051964496, 0.3565569124666987, 0.1955188032727637], [0.27798879850041175, 0.07982095746837059, 0.3951302854333641, 0.24705995859785254], [0.24157521891274092, 0.16459329405335596, 0.26107252353969823, 0.3327589634942048], [0.0861362204525165, 0.23023617778496808, 0.43035590599032086, 0.2532716957721938], [0.10719160510794719, 0.26649136442206, 0.24085090643366588, 0.385466124036326], [0.21979149902895517, 0.08298433643606995, 0.33878695363295, 0.3584372109020251], [0.11783058933692014, 0.17029595411383822, 0.31227499412380383, 0.3995984624254382], [0.13976207945943034, 0.16629341137880285, 0.3338751912242073, 0.36006931793756025], [0.22796861136906946, 0.19931547059832547, 0.25938142631913275, 0.31333449171347216], [0.22085078187472015, 0.18591843246199166, 0.2568905890416593, 0.3363401966216287], [0.27994896439086153, 0.20523624493418857, 0.2737605773273788, 0.24105421334757124], [0.17858835152823707, 0.1640250543972218, 0.28802490478972786, 0.36936168928481355], [0.20889532519807238, 0.07989083058612723, 0.43077702643004745, 0.2804368177857527], [0.17892428254473888, 0.21087897892905194, 0.3036179192499971, 0.30657881927621194], [0.18222228943241373, 0.2659796614074063, 0.23414525934988198, 0.3176527898102988], [0.21023931378241686, 0.11081171023444085, 0.34112113184144455, 0.33782784414169803], [0.21593107380229323, 0.1921265884858852, 0.16084671935061418, 0.4310956183612084], [0.1443041260562936, 0.12098514793228195, 0.20084499107644907, 0.5338657349349754], [0.4100095022792534, 0.09829257925000948, 0.2841489260215894, 0.20754899244914754], [0.2615979290948244, 0.20854756560768228, 0.17353170586458408, 0.35632279943290895], [0.19563988444444932, 0.16114857484315415, 0.2716081006514524, 0.3716034400609445], [0.18345903195527463, 0.14860434103454317, 0.3546813121673176, 0.31325531484286523], [0.1426570629798167, 0.10754845515346881, 0.3451660165693287, 0.40462846529738544], [0.18246097320293597, 0.15094387143354593, 0.3286617243038094, 0.3379334310597091], [0.10010318085931427, 0.14880046794644147, 0.432557680340355, 0.31853867085388976], [0.15474713597827006, 0.16580563813174484, 0.38017790483227504, 0.29926932105771], [0.1097444688024628, 0.08742217106985416, 0.3025907256249412, 0.5002426345027418], [0.1810797849855423, 0.18900027217493354, 0.3825506766529245, 0.24736926618659918], [0.1563126899113953, 0.27834304449674196, 0.28115850552211397, 0.2841857600697489], [0.14884655096416577, 0.2527090069070696, 0.3334140599761829, 0.26503038215258173], [0.2844655085645897, 0.144000266805683, 0.23183667458846235, 0.3396975500412649], [0.24287001883417836, 0.11074671386298852, 0.29575556203294256, 0.3506277052698901], [0.177307533612244, 0.2010645987671794, 0.35049112465693344, 0.27113674296364276], [0.20060179342162404, 0.1297963588527548, 0.295896220469492, 0.3737056272561291], [0.2173592990067602, 0.2623472114769625, 0.22546942883165816, 0.2948240