{"estimation": {"a": 29.652167632787656, "rho": [0.23695711435820987, 0.1247024981532621, 0.27621024938509375, 0.3621301381034348], "Mu": [[-1.826701798779804, 0.17443928268925543, 0.62876926022562, 0.21352390569130916, -0.07231621187790563, 2.727857412914013, -0.715807865340912, 1.5736345753708147, -2.4961338415724414, -0.3738129224078212, -1.2415188214083925, -0.3813067007864434, -0.31009973253310985, 0.6476688536142094, -4.0325367640806205, 1.0181151120793324, -4.144437513175861, -0.04047913559613743, -3.530812541131682, 1.6968534823161463], [-1.189621942396875, 0.21514995863215264, 0.5335958356986806, 0.17060738200163356, 0.2026791749507017, 1.3337596407817387, -0.3936610619600886, 0.486868973108033, -1.0029193683474773, 0.08225126176846513, -1.016948536628257, 0.0499545605015725, 0.011963971940005196, 0.042425666526846324, -2.2310447602403305, 0.7510965215003652, -2.31546991496259, -0.13554910173253498, -2.1394070508078586, 0.6615893730204915], [-0.7654509251948627, 4.950305628920595, -2.4629117676975927, 1.6186427084271164, -3.4889952158227584, 3.2444687925407183, 5.9909071586472775, 1.6998850034507744, 0.4745659080235095, 5.492559447835521, 0.6235482286764017, -0.434351846767923, 1.7886955543610816, -2.56927552756782, 2.160421055710643, 0.7336570072684714, -0.12374754211768363, -0.7829504496907111, 1.0812499792819976, -3.1477371468184887], [-0.300544071961597, 2.3267079514266156, -1.1021803261313246, 1.1727384629414512, -1.7099519129477723, 1.4401617709607726, 3.550646163992176, 1.2822317590016838, -0.12377820725833981, 2.9742868133136424, -0.005772245711763318, -0.407075957691821, 0.12541568463504152, -0.582570396393735, 1.0118261283249057, 0.030092718447013705, 0.28986984242676883, -0.414880840577632, 0.8104587954924386, -1.2665126458254163], [-1.934745667348505, 2.574323063451076, 4.656692943844725, -2.622391741395888, -4.914884284641006, 0.06701601186124972, 2.893433614465436, 1.7895642426232996, -1.2724339088756444, -2.6483301851066674, -0.9874655960486249, -2.344726388876882, 0.23625950769525314, 1.3978199123563297, -1.564162196286671, 1.80387253415888, 2.6487233929844316, -0.15045064920797122, -0.09779370431875746, 0.0039314009018415474], [-1.1834621527149929, 1.2284984193629678, 2.8630469035436446, -2.109603682814829, -1.5834212607585496, -0.7258241218093882, 1.0453155862486505, 1.1021418546017765, 0.07805689313878146, -0.7858633919572835, -0.30911059662886686, -1.143828652671241, -0.3636531732068545, 1.13884557928826, -0.7444779102641175, 0.8252197115071971, 1.3879409595254364, 0.4674596995505112, 0.970860052303834, -0.23074764795467947], [-0.679172602101439, -2.474203909247685, -3.9383846938543674, -2.7637086426604243, 5.66928167426658, 1.8336231631067006, -2.107310871293426, -2.418819216148095, 1.9639833804727058, -2.755187204362692, -1.1632981095283013, -4.4502690380029755, 3.3611822355788985, 4.647819789223951, -4.630429372370165, -0.6161804014061739, 0.07486334385840736, 1.1093404714282726, -3.059466561327825, 0.8696333092006767], [-1.0663950231397499, -1.2721118035364638, -2.79268407060135, -2.189801835148043, 3.1961624883442794, 1.0830036863909283, -0.9682169520720476, -1.4847498835255029, 0.9039283347215212, -0.8434114493766224, -0.25619574167149767, -2.089558402053793, 1.290702009605987, 2.2789838453117706, -0.7383562246214157, -1.65183806448216, 0.6484206053523021, 0.8485152692208306, -2.6204598641882884, -0.2154260235539602], [4.205887697417468, -1.0682452303068029, -2.9480005579115525, 0.11647062955399415, -0.7802962062969441, 0.9166042047147746, 0.9644727148121739, 2.599415772452536, 1.0581369070461584, -2.4011463072566097, 0.23003856500712153, 2.2633631474942972, 2.369874785468564, -0.4820669711858151, 3.4853468234285434, -1.9654796713120704, -5.570311400513618, -4.231430771748906, -5.062725360320268, 0.09898588610521222], [0.5234163689054563, 0.3904999182140712, -0.6955949531687187, 1.16634061013135, -1.3517685131809964, 0.4178375209409322, -0.7208110132439226, 0.2928644407844823, 1.0280682181560556, 0.04236462381464673, -0.16414713287977176, 2.602441836551705, -0.31553950200076686, -0.33012540310776406, 0.6747650790460444, -1.3908672288226582, -1.0387111202452675, -2.12598385388331, -1.2676678809441697, 2.3907372680574714], [0.17333412550224522, -3.1494506170572523, 0.9983722747069982, 1.685677748057191, 3.316036926220987, -4.4585785643385085, 1.7351303360220418, -5.447626875376027, -0.17623643557460644, -0.547556306537868, -0.8869049617001976, 2.015036754785018, -0.3890570585499709, 1.8667231907587865, -1.600015411757071, 4.472784835007453, -2.277761431870364, -2.2934708608372314, 5.58529173912933, -1.7243709643589946], [-1.4843137870017313, -1.8045052518304965, 0.7158778275170276, 2.678051711538004, 0.12708209205514012, -1.1270862534630646, -1.0715304682434414, -3.4041798387904554, -0.6569407478461149, -0.6951162888326774, 0.5444272162593861, 1.8114741689731175, -0.9389173789859654, 0.34735909378657104, 0.07363928772713421, 1.2129013335631014, -0.5885648424534002, -1.537781349765144, 2.187231003141264, -0.5259548065762685], [-0.08611405415398704, -0.8248663570531217, -0.29944002838771594, -0.17499079722411784, 1.0703038156540354, 1.139530723853159, 0.48437384943093575, 0.8261237824870515, -0.3216773864547066, 1.1811678610150094, -0.38613716730699676, 0.8312330936157448, -1.1918762307068738, -0.04916576099561198, 0.9941753290584644, -1.8945704744189114, 0.2559355358684019, 0.03866980973545736, 0.4773048984666412, 0.05117689392138606], [0.2450852178237379, -1.353445817866195, -0.3436381233618411, 0.64114327086814, 0.7051105633135566, 1.324645160321425, 0.4180012123606127, 0.9070774814009072, -0.3239038521158019, 1.121772892932095, -0.054303710835294776, 0.8256685364592095, -0.8525738583865072, -0.7004031819371314, 1.544025011185087, -2.620644629386553, 0.8863666677298583, 0.27072163822229894, 0.9046055782990332, -0.3604059630256065]], "Lambda": [[0.7002431613610907, 0.25892388774411174, 0.6486417995165804, 0.4594647628717269, 0.36919694716579016, 0.25638225754053573, 0.4340580238598953, 0.36168975164759315, 0.3427132856452918, 0.27237164355894533, 0.31499227643166655, 0.672839916602871, 0.5225562671454642, 0.4860521419937213, 0.4992933543079622, 0.6694129120039796, 0.7958706150673017, 0.7448575040552862, 0.4001772176401289, 0.5050562525735204], [0.604776303807676, 0.37549934589689243, 0.572972598594979, 0.49835062975764316, 0.4403552653202477, 0.3527918321850328, 0.4618760446893019, 0.45064747744172784, 0.38897907748656346, 0.35433579840935314, 0.42622829090948444, 0.5986316541029629, 0.5190641391699378, 0.5086012281853912, 0.47726740612462626, 0.614552963609112, 0.6110902887108239, 0.6014983050165653, 0.43418982976572484, 0.51108500693281], [0.49872871702633237, 0.5657504340353713, 0.47290851980435233, 0.5690086194766071, 0.5487225737695224, 0.41084455422980176, 0.5439860686579419, 0.61448067744352, 0.4198418139099889, 0.4722188175219522, 0.4591618222533875, 0.5772073466603724, 0.3260632291732505, 0.37857513268513365, 0.4719479159860529, 0.7491024858340114, 0.7762310256977023, 0.6856647840544031, 0.5017499902367758, 0.428921283856484], [0.5292278461291844, 0.5164057988682781, 0.5037304721378526, 0.5540140193824473, 0.5200820648202434, 0.44110614955379535, 0.4644995721005529, 0.569823523932576, 0.5024738554102435, 0.4403894691751724, 0.4668464449780142, 0.5566589998994914, 0.40612863259867865, 0.4353553928421643, 0.5211195070978651, 0.642281573897413, 0.6276512877430503, 0.5964831833160559, 0.5155966211440698, 0.46197253075040023], [0.41554599209534215, 0.8281481502859638, 0.7704739468794575, 0.5795054963093949, 0.3742747248512079, 0.28191915105086424, 0.3658620635959606, 0.7562415059836739, 0.4206643110132914, 0.5438099073223361, 0.49702939987027167, 0.8296910383041409, 0.420479326864202, 0.3338609270408898, 0.24158356009489307, 0.3710889010338925, 0.7418171077369828, 0.35322579862725845, 0.43816634694670414, 0.3519250538295248], [0.48954247233509884, 0.6589016030373737, 0.6126021005622938, 0.5913045129290421, 0.4346446627522327, 0.4440316625609857, 0.4286305574990071, 0.617796308864274, 0.449166959277032, 0.542925595432442, 0.5032647222392084, 0.633297907203948, 0.4793412592897922, 0.4890687305975642, 0.33778243580618045, 0.45976368279230395, 0.643729001537933, 0.4334153714823692, 0.4929798586374917, 0.4963816538013026], [0.7824387447974355, 0.9172375531137342, 0.6427244810039353, 0.8394209653786114, 0.6701323087101162, 0.6621616889307522, 0.8509246418425764, 0.6468767156916935, 0.22261785274251109, 0.38853056353076304, 0.4965314199484288, 0.5532601345035659, 0.21330964474544045, 0.5497879409151749, 0.30802606122168213, 0.5744470669313549, 0.20983247503850205, 0.495186282273755, 0.619322287796875, 0.3139654829262058], [0.6395445985587438, 0.6622449337881474, 0.5589190250762587, 0.6441583719079662, 0.5101654804731867, 0.5927730857247991, 0.7129402312398543, 0.6049535671256807, 0.3504933259883656, 0.4560728294348404, 0.5301538005687998, 0.4998528931186004, 0.307239494659041, 0.5058281156959156, 0.3737380770719761, 0.5568285663524506, 0.33148480863430874, 0.5676466139250338, 0.548597150349004, 0.42163237515100666], [0.19124429675582474, 0.32172375570641737, 0.3901869564323207, 0.45062457385716487, 0.3760598557158582, 0.36476156213983835, 0.33528742462318667, 0.5249023845902439, 1.0539594161968013, 0.4997664894721353, 0.9011142520347645, 0.38674536926518444, 0.5788128253010111, 0.30162655085392265, 0.6756349065603795, 0.2771299350537246, 0.3139713148541755, 0.4320915774718823, 0.4855853253464373, 0.41251964098226673], [0.25915898307905266, 0.4001066391995961, 0.41773929865886356, 0.4169624780765583, 0.47784298321793783, 0.4390204715899206, 0.39603676647186137, 0.50782489445083, 0.6730045435496878, 0.5352434873280111, 0.6609250394459557, 0.45214083591402515, 0.6249419576096303, 0.421120226643248, 0.566895600922705, 0.3843124467302908, 0.3931805464784757, 0.42067442403577665, 0.5146137169118253, 0.49470441266633514], [0.5549468890629585, 0.6027316460643747, 0.4019294590004334, 0.42234870048856044, 0.3057997605077899, 0.4656958702345377, 0.2871933867638183, 0.2570831347591657, 0.8053594744094612, 0.43620663234649826, 0.30404660013128093, 0.2889070326158305, 0.6286098169086551, 0.7497874195847177, 0.4350316426493422, 0.34511654510821244, 0.607207755833092, 0.17933954633462898, 0.2990853839825217, 0.5331232153825661], [0.652513672380911, 0.5051491541806443, 0.5155318282835639, 0.45764325934147665, 0.3736616498030458, 0.46577725776253903, 0.4179093280669752, 0.34235249333475204, 0.7234426658076217, 0.5095237929989577, 0.36045090936073315, 0.39834938541178877, 0.5505026640364789, 0.5844280065449312, 0.4904138194162008, 0.40593621959761667, 0.5635220104507186, 0.3051555525599082, 0.3937871560773661, 0.5660463561883279], [0.4029569271635817, 0.3937960009488895, 0.5079932851284342, 0.48222936786359355, 0.34883028998733684, 0.4512543420411735, 0.3433414320879092, 0.47226970669655627, 0.42998509866266615, 0.5534568355334039, 0.3976030355827341, 0.5480079579121524, 0.4102362948556921, 0.5232972570880067, 0.41348679790561316, 0.39297557329358723, 0.5216121343879034, 0.533406973843976, 0.33153621078400697, 0.4835134491212227], [0.38467607909584123, 0.34645684329330384, 0.5344885598671515, 0.45253215670754354, 0.3113444634341055, 0.44020777840737785, 0.3568640079712832, 0.4196145779679251, 0.4346122443695083, 0.5546189352392956, 0.35332863160437245, 0.4971283724775856, 0.36481273515254975, 0.5847422918362042, 0.42089485420525247, 0.35908042770774123, 0.4967136864742795, 0.5634190304821283, 0.2639284905059839, 0.5057191325875804]], "G": [[0.20228402535158116, 0.10694903227810391, 0.29722632261984616, 0.3935406197504683], [0.23253732777894712, 0.13919352485002123, 0.2792831100533913, 0.3489860373176412], [0.28299038330659665, 0.13274354718039272, 0.25400559188002375, 0.3302604776329866], [0.1870740478362653, 0.10173962544175766, 0.3051947742023352, 0.4059915525196419], [0.22009808807646458, 0.11805106821402936, 0.281215929594262, 0.38063491411524425], [0.218641691413802, 0.13049246578585869, 0.28369839400146174, 0.36716744879887725], [0.21948684544937522, 0.12094001085076325, 0.2866333720080892, 0.372939771691773], [0.24124670999511705, 0.12775280057610694, 0.2715226862625187, 0.359477803166257], [0.2762442818656541, 0.13033427523855262, 0.26184214724229105, 0.33157929565350297], [0.19599047541406128, 0.13598270906543963, 0.28439454291243943, 0.3836322726080597], [0.28562247905032384, 0.138645448133932, 0.2501495622350698, 0.32558251058067395], [0.22119950706819447, 0.12451440281158374, 0.2881213094294058, 0.36616478069081526], [0.24419784888189539, 0.11513054144787783, 0.27634144088291934, 0.36433016878730695], [0.21101095555492244, 0.12105744836547941, 0.28590153020306663, 0.3820300658765318], [0.19630670784032683, 0.10777872664777689, 0.3017777676535375, 0.39413679785835887], [0.26012727352543175, 0.1456742228332485, 0.25351549587021077, 0.3406830077711088], [0.19441341879023386, 0.12459636615335026, 0.29067072135699584, 0.39031949369942065], [0.23751971002246366, 0.1331155764006247, 0.27244544549590577, 0.35691926808100577], [0.2268636292263322, 0.11678205299637805, 0.28507250267028794, 0.37128181510700226], [0.23235071012509126, 0.13019906388837177, 0.26912926407853033, 0.36832096190800684], [0.2801997257687037, 0.13156758360392815, 0.2553398571345055, 0.33289283349286264], [0.22036119061310544, 0.12609710217804296, 0.2837358008398599, 0.36980590636899224], [0.1934620237628469, 0.11284688220733266, 0.3010689582836848, 0.3926221357461368], [0.317131804497045, 0.14062767771294057, 0.23367101240530191, 0.30856950538471284], [0.24011943704626257, 0.12894559791784324, 0.27438327198416096, 0.35655169305173295], [0.21096419904052507, 0.11190287840307209, 0.29245519336856624, 0.38467772918783644], [0.239355621335296, 0.12891610380000926, 0.26343060271618385, 0.36829767214851133], [0.20208962149928908, 0.12902230606715212, 0.28452863164394127, 0.3843594407896177], [0.2387741721472741, 0.12193964454089612, 0.2772568421385955, 0.3620293411732342], [0.1859530529718157, 0.10291278750020978, 0.3036527523229772, 0.40748140720499704], [0.2325404208924087, 0.1206796688649781, 0.2828191503852393, 0.36396075985737353], [0.20496524347916895, 0.10927199218995108, 0.2957039823662481, 0.39005878196463156], [0.20747965165033797, 0.13017388144542985, 0.2888449595498277, 0.37350150735440457], [0.23938328172015033, 0.11259492426660227, 0.2705207291359648, 0.37750106487728186], [0.22471918247460895, 0.12115420675447713, 0.28560801850023604, 0.36851859227067807], [0.22589107097901037, 0.12312983126810129, 0.27981153074250115, 0.3711675670103873], [0.2481676686441916, 0.13445249579590213, 0.26687862084012465, 0.3505012147197814], [0.20155981412891916, 0.11699782840780948, 0.2901339331807044, 0.3913084242825675], [0.24255315461150015, 0.13976300557273744, 0.2651117989105974, 0.3525720409051651], [0.27465169374652576, 0.15147553718684217, 0.2527251549864074, 0.32114761408022496], [0.29863091187246604, 0.14106146363746633, 0.24161956896536502, 0.3186880555247026], [0.3036758760851279, 0.14264542648681072, 0.24839345906814034, 0.3052852383599208], [0.22163060485123515, 0.11101462337969549, 0.29273999069964424, 0.37461478106942575], [0.2146211065801656, 0.10847307248708132, 0.2884817389206067, 0.3884240820121467], [0.22702907375390705, 0.13312854563405144, 0.2804654678636398, 0.3593769127484018], [0.26108547886102945, 0.11526160869710624, 0.2601885592140584, 0.36346435322780496], [0.28257733367743965, 0.14723735785696893, 0.25360585266508395, 0.31657945580050706], [0.20904980846900797, 0.1426591904825494, 0.2747460723724507, 0.3735449286759913], [0.25979616382510823, 0.13963343711583712, 0.25675080956532526, 0.34381958949372876], [0.26924222885967236, 0.14590154120677576, 0.25466540360762535, 0.3301908263259265], [0.2435308697487811, 0.13308784375677507, 0.2696385547453623, 0.3537427317490813], [0.20420456378607962, 0.11897871894982044, 0.2857171788132426, 0.39109953845085815], [0.24574182540778589, 0.1330973038691661, 0.26762638532320854, 0.3535344853998393], [0.2647435191614189, 0.1426986624888559, 0.26196205021181546, 0.33059576813790914], [0.2627814581870269, 0.11610545306713975, 0.2735966335959932, 0.3475164551498398], [0.19048726076671021, 0.12054924495480814, 0.299477139656378, 0.38948635462210324], [0.23090648301829106, 0.12641124177809657, 0.2790148617931464, 0.36366741341046616], [0.19163256402195586, 0.11232380699547057, 0.2978005127741159, 0.39824311620845765], [0.1981437239348501, 0.13831012031498047, 0.2831086899886717, 0.3804374657614974], [0.2119193387559098, 0.11880594408584928, 0.2793503220719007, 0.38992439508634064], [0.2614739971590409, 0.14122774497859134, 0.2589018423491742, 0.3383964155131939], [0.21097715242776888, 0.11740945804060127, 0.2920224055445946, 0.3795909839870356], [0.1782549252078675, 0.11469225220489909, 0.31097209270478665, 0.39608072988244647], [0.2873515732947128, 0.14201115291510383, 0.24884881169834575, 0.32178846209183815], [0.2205220179749631, 0.11795396613335209, 0.28553685326659606, 0.37598716262508897], [0.2207566941105617, 0.11932090762628686, 0.28313531736633274, 0.37678708089681867], [0.2882939082608616, 0.13159347068068483, 0.25160929293823175, 0.32850332812022204], [0.18654037120863146, 0.10658239642036493, 0.3027167977717395, 0.4041604345992648], [0.2327075793207824, 0.12772525861136425, 0.27504462681468794, 0.3645225352531659], [0.2843021960401864, 0.12508946615174676, 0.2518095761578315, 0.33879876165023537], [0.18720936346933945, 0.10812629433467089, 0.30863391203516144, 0.39603043016082917], [0.24858219859207492, 0.13887814369711302, 0.2656241006368968, 0.34691555707391575], [0.22287603291266372, 0.110595256861219, 0.2858531515885094, 0.380675558637608], [0.21828561898714843, 0.1263926401219101, 0.2827895737640246, 0.37253216712691645], [0.20228188569769584, 0.11445562679904202, 0.2982906046637608, 0.38497188283950184], [0.22413197373824165, 0.10536903845781914, 0.2929975268209827, 0.3775014609829559], [0.2223146060480219, 0.12118832398528848, 0.28466248814361844, 0.37183458182307133], [0.30631989011567096, 0.15561189859304433, 0.23951561312547504, 0.29855259816581037], [0.2794223636831705, 0.13149042201670083, 0.2564630898998318, 0.33262412440029665], [0.2901118134579388, 0.12995824871031356, 0.25708746652630055, 0.32284247130544713], [0.21423574970034467, 0.11499232758193578, 0.293119676154595, 0.37765224656312374], [0.2664157201225102, 0.1346371185574181, 0.2619198443520897, 0.3370273169679823], [0.21333225544968448, 0.10931169439079037, 0.29506135441081355, 0.3822946957487117], [0.22414505663725362, 0.11469434402004128, 0.28574033739782567, 0.3754202619448796], [0.2731309189252396, 0.11487367515798297, 0.26197728014758, 0.35001812576919733], [0.24059424695171713, 0.11118110234240589, 0.2820261106857972, 0.3661985400200805], [0.25226244820015953, 0.1372835626812137, 0.2659110563523543, 0.3445429327662724], [0.21687872209489795, 0.11586459369526703, 0.2869176498583083, 0.3803390343515264], [0.2139976866264083, 0.12785506543871095, 0.2788578338314572, 0.3792894141034234], [0.1941433641407431, 0.15144845453484174, 0.2948257213561278, 0.35958245996828764], [0.1938388967139597, 0.12710290948749575, 0.297722087108194, 0.38133610669034995], [0.3316789947680096, 0.140538246133734, 0.22925457221117573, 0.29852818688708194], [0.2111023851972749, 0.1257483125751176, 0.29009534273815524, 0.37305395948945197], [0.3081480162427381, 0.14102130033336482, 0.24221739056450892, 0.308613292859388], [0.25964458677093893, 0.13195076379848752, 0.2584005736348275, 0.3500040757957464], [0.2952821362381684, 0.13314400919721472, 0.2502612722561396, 0.32131258230847703], [0.22247216260136338, 0.12074776660862509, 0.2838748239425329, 0.37290524684747844], [0.21413955403097812, 0.12967411578215302, 0.28890657019733385, 0.3672797599895346], [0.20827294333529958, 0.11272859572927628, 0.2996744961137093, 0.3793239648217156], [0.22000746075925978, 0.1256772709149688, 0.2811890632738686, 0.37312620505190214], [0.20785669547751462, 0.13088223990079087, 0.2801379814156356, 0.381123083206059], [0.22073245823964266, 0.13104995543546727, 0.2830603601574597, 0.3651572261674308], [0.24674350236028547, 0.1347527785585566, 0.2669758939675495, 0.3515278251136083], [0.2704761148083703, 0.11561487164970227, 0.2656190295545107, 0.34828998398741695], [0.22932622882596465, 0.12842906812414243, 0.27774977966688263, 0.3644949233830104], [0.2087756710761158, 0.12499887608886913, 0.2923823593616744, 0.3738430934733408], [0.32130363166149817, 0.13356088842336036, 0.2364917609704982, 0.30864371894464293], [0.20049934300005265, 0.131732978399783, 0.2880218509596143, 0.3797458276405499], [0.2888890659200931, 0.13777418247996914, 0.24432873323016185, 0.3290080183697766], [0.19037629657109023, 0.11695493015738556, 0.2944168682535007, 0.3982519050180243], [0.22263280079276798, 0.1148325704659509, 0.2830578674218184, 0.3794767613194632], [0.2773881244955164, 0.1276736327792987, 0.25258506915621404, 0.3423531735689707], [0.21749643441600236, 0.11696320042505834, 0.28435301934564783, 0.3811873458132916], [0.21026348698247138, 0.1147350364168532, 0.29028497004017917, 0.3847165065604966], [0.2421152429779643, 0.1324440288232734, 0.2736227867641757, 0.35181794143458606], [0.255452565458936, 0.1351945206748704, 0.26157395624290497, 0.3477789576232883], [0.28760120836109415, 0.1275998622430098, 0.2524421116940207, 0.3323568177018759], [0.24557590740315977, 0.12784945222072494, 0.2690562694060027, 0.35751837097011224], [0.22625088248284966, 0.12511842740449847, 0.28019162556944316, 0.36843906454320874], [0.24931253080484903, 0.10207606564604736, 0.28678617309117166, 0.3618252304579326], [0.20419581104893123, 0.12170224975282741, 0.29403643231011367, 0.38006550688812724], [0.25975614228603683, 0.11663585770355782, 0.2716671763897543, 0.35194082362065066], [0.21872031602568154, 0.11851180003162604, 0.28711494131213594, 0.37565294263055704], [0.27184703372521957, 0.13391369334651346, 0.25632796460708573, 0.3379113083211809], [0.23786997762257864, 0.12763869909294082, 0.2723462434710157, 0.3621450798134655], [0.2523782805456937, 0.1118272245153543, 0.28094076669177154, 0.3548537282471805], [0.250693216599326, 0.12817065358338212, 0.2695364040985347, 0.35159972571875703], [0.19513778871554727, 0.11190783331638339, 0.2924876805201727, 0.40046669744789604], [0.23740585973192171, 0.14809263418391416, 0.26688826867359533, 0.347613237410569], [0.24834672767747618, 0.11709922503478014, 0.273928779541294, 0.36062526774644976], [0.17187898640807173, 0.14955875775281094, 0.28758881700585676, 0.39097343883326047], [0.20315666078051434, 0.10937119149948014, 0.2905603039521348, 0.396911843767871], [0.21432387466211442, 0.12468362663229593, 0.2838733161294675, 0.3771191825761226], [0.2638657534420404, 0.12962765459852985, 0.2627069172007896, 0.3437996747586414], [0.25115791152683975, 0.12836809933393406, 0.2708803250533643, 0.34959366408586207], [0.2860564380374754, 0.11566817833731226, 0.26086153352604624, 0.33741385009916564], [0.25889733510820123, 0.12876677095410408, 0.26132846614005395, 0.35100742779764044], [0.27966342263747135, 0.1299972672286274, 0.2517029264265801, 0.3386363837073209], [0.21628917307149698, 0.11874293550770175, 0.293527467087748, 0.3714404243330526], [0.25782359842635383, 0.12138279857444406, 0.2679477469591193, 0.35284585604008356], [0.25341350266333157, 0.12470731473566371, 0.26470418125279255, 0.3571750013482124], [0.22606325241969838, 0.14151004972394396, 0.2693514088377196, 0.3630752890186379], [0.24183606842011868, 0.1469356144707099, 0.26524860985882476, 0.3459797072503471], [0.2438139655641069, 0.13025742175040245, 0.27219447921132595, 0.3537341334741646], [0.20015924669599844, 0.11594730217258303, 0.2850176001291293, 0.39887585100229], [0.2042136136157551, 0.11222620219292102, 0.2957549701831031, 0.38780521400822093], [0.20886579201745203, 0.12263321068552034, 0.2882129212294627, 0.38028807606756565], [0.2418331894921028, 0.121938377438515, 0.27333028246682906, 0.3628981506025531], [0.2077066943986782, 0.12299563840696291, 0.28787057813796274, 0.3814270890563958], [0.1903550727553631, 0.10589274009426256, 0.3051999295002921, 0.3985522576500824], [0.24950624684836373, 0.12431107145761781, 0.2749640532610991, 0.35121862843291984], [0.20671829064280348, 0.12134109042128967, 0.28651971634916257, 0.38542090258674505], [0.21943223217859906, 0.12178379426716594, 0.2814237282415989, 0.3773602453126367], [0.1991544405364377, 0.10323753105394651, 0.3010325163500093, 0.3965755120596056], [0.23685113179589953, 0.12407923631768689, 0.27286964315159196, 0.3661999887348227], [0.3028003829992796, 0.12120151789818559, 0.25347700675918494, 0.32252109234334947], [0.20847276624100478, 0.11378729600344192, 0.29077893099807883, 0.38696100675747425], [0.2176195320947064, 0.11426357576191051, 0.2879838685004557, 0.3801330236429273], [0.21448851229829058, 0.12094376449764471, 0.2863390200047528, 0.3782287031993114], [0.24076547917429247, 0.11268303018872151, 0.2749606106151257, 0.3715908800218608], [0.30800854985227033, 0.12539817079069998, 0.2559269500043713, 0.3106663293526584], [0.1946073255079398, 0.11312388768404834, 0.29585712160481825, 0.39641166520319343], [0.2716927281878218, 0.13351532742783165, 0.25491028425278894, 0.33988166013155896], [0.269052095030138, 0.12350781064710135, 0.26225637288175013, 0.3451837214410101], [0.26659380292255114, 0.1397735064079889, 0.26627055928254867, 0.32736213138691095], [0.22209000712194932, 0.12338547489405477, 0.2789936344623449, 0.37553088352165126], [0.232994054963856, 0.12183257888058055, 0.27869896311357534, 0.3664744030419884], [0.22033722101679282, 0.10787115265834953, 0.29115875216138154, 0.3806328741634759], [0.2119936860183687, 0.1260239813131111, 0.28913287947805844, 0.37284945319046126], [0.18224540923971216, 0.12267385556621944, 0.29026199399046315, 0.4048187412036052], [0.24815430778520017, 0.13713338419858898, 0.27023682609531796, 0.3444754819208932], [0.31151376600499264, 0.13545105694811518, 0.24212767558942366, 0.31090750145746876], [0.29094403331379526, 0.12210400014470901, 0.2528428653030423, 0.3341091012384535], [0.19447888132673488, 0.11716209829335023, 0.29402411505175463, 0.39433490532816057], [0.18831988291634774, 0.11233103128437437, 0.30015768224242634, 0.3991914035568513], [0.25711882709714856, 0.129102056262864, 0.2657068830443184, 0.34807223359566886], [0.23883670125044815, 0.12860951838099846, 0.2742177647152135, 0.35833601565334017], [0.25853241911668257, 0.11707454582661528, 0.27599895559830123, 0.3483940794584005], [0.30141589528324453, 0.13934275874344054, 0.23997745021526132, 0.3192638957580532], [0.20814079593172138, 0.12312842798069186, 0.29807298456214165, 0.3706577915254456], [0.3177530052390618, 0.1556668542858086, 0.2306573739169864, 0.29592276655814326], [0.28389668005266083, 0.1389331543073374, 0.2457374341696646, 0.33143273147033747], [0.2204234886653403, 0.12266497183159084, 0.28416571653803685, 0.3727458229650323], [0.2445402953367788, 0.11207510030148304, 0.27329118666747393, 0.37009341769426407], [0.1574824502704479, 0.10610490644572547, 0.3246991419944877, 0.4117135012893387], [0.38545360632445436, 0.12104676872883455, 0.2184343413182765, 0.2750652836284345], [0.2470137699467648, 0.13063428641606947, 0.27343085426412567, 0.3489210893730404], [0.3278139371096668, 0.13176165170875387, 0.2376169745749992, 0.3028074366065804], [0.17198794348519028, 0.11544905478543496, 0.30811304083833957, 0.4044499608910356], [0.2766935881665337, 0.1307261689732692, 0.25106639966356065, 0.3415138431966364], [0.19666794313266278, 0.10797455136877009, 0.2942956301572349, 0.40106187534133225], [0.2435885598345654, 0.12329787743381768, 0.27226240997922435, 0.36085115275239216], [0.22884264373949703, 0.14420430504609394, 0.26455463697616477, 0.3623984142382442], [0.19202709913403648, 0.09967490575615429, 0.30518904892946647, 0.40310894618034243], [0.2233777091102508, 0.12331432166045843, 0.2855976962333373, 0.3677102729959531], [0.29890330573034607, 0.13451027050273015, 0.24407312131627232, 0.3225133024506523], [0.20718822294348777, 0.10997687776122499, 0.3029383022324031, 0.37989659706288453], [0.2877606384770596, 0.13206351264989205, 0.2499504767576146, 0.3302253721154341], [0.2383566220243193, 0.10762857862256724, 0.2878836067722969, 0.3661311925808161], [0.20326780358336768, 0.118627717212982, 0.30012325715746785, 0.3779812220461825], [0.23874898399016709, 0.12820202736668823, 0.27083039608502407, 0.36221859255811995], [0.21657398668501016, 0.11148562910037535, 0.2882635246505686, 0.38367685956404596], [0.29776407022092943, 0.13763856463611493, 0.24493970287432107, 0.31965766226863446], [0.2330800579701858, 0.12549961098426296, 0.2840380901109575, 0.3573822409345937], [0.22167746451071405, 0.11861755855977181, 0.28249840525530595, 0.37720657167420807], [0.2317802181322178, 0.13327399994919464, 0.2789364289221219, 0.3560093529964654], [0.2826019465229305, 0.1599356522988783, 0.24429432580712068, 0.3131680753710701], [0.23029954126765384, 0.13861438924051045, 0.2738382501302572, 0.35724781936157846], [0.2343731829270624, 0.14600025702521263, 0.26726654013259105, 0.35236001991513416], [0.2596188182681839, 0.1128631093882614, 0.27676657731966436, 0.35075149502388997], [0.1784747974672783, 0.10447289892491299, 0.3101440675725943, 0.4069082360352138], [0.16129416626253157, 0.11708270739506496, 0.30658498493031755, 0.4150381414120857], [0.24675676043177586, 0.12262734501148742, 0.27670530297693824, 0.35391059157979854], [0.23026170381117392, 0.12286502535162414, 0.2774662170124483, 0.36940705382475403], [0.1757613858962407, 0.11105061705019204, 0.305485565334377, 0.40770243171919124], [0.21708289073751816, 0.12715586380920962, 0.2843418625806774, 0.37141938287259524], [0.2116265897800869, 0.11642447751161356, 0.2887393225534556, 0.38320961015484445], [0.2659099779732744, 0.11718140080915945, 0.26826120160271705, 0.3486474196148497], [0.1944159820063225, 0.11280738017386978, 0.29334858903949684, 0.39942804878031113], [0.23265325133173223, 0.12919870596843583, 0.28029062360595736, 0.35785741909387425], [0.2360857841601104, 0.12560695027374094, 0.2767845734417834, 0.361522692124365], [0.25925119849461625, 0.13026352392381424, 0.2608346048275313, 0.34965067275403827], [0.24767766120232557, 0.1271630106358744, 0.2719705130312179, 0.3531888151305813], [0.19966194663115533, 0.1103994476632458, 0.299321134011131, 0.39061747169446864], [0.21728908736931382, 0.13258459737566275, 0.282555301326881, 0.36757101392814295], [0.21337638446739898, 0.10563599782328015, 0.3007268027669374, 0.38026081494238356], [0.23451102781007024, 0.11920519826735324, 0.27876525811908326, 0.36751851580349326], [0.26677469576011326, 0.11675367102968225, 0.2745921741784554, 0.34187945903174904], [0.2810433428220534, 0.12849646680094218, 0.25883804672202787, 0.3316221436549769], [0.26839760846076954, 0.13223879229894492, 0.25841432490716376, 0.34094927433312117], [0.2608072782780564, 0.12202594105579966, 0.2691241146570591, 0.3480426660090848], [0.22713345154150436, 0.13594570948303183, 0.273694139214444, 0.3632266997610192], [0.2239849693011564, 0.12655521559755573, 0.2779979664564117, 0.3714618486448765], [0.21728685681777618, 0.14521729466186828, 0.27043885708935617, 0.36705699143099946], [0.2499269236178259, 0.11689277724107192, 0.2673907957632134, 0.36578950337788874], [0.2158173338798174, 0.14939519167688597, 0.27415825748588624, 0.36062921695741], [0.23718982512343947, 0.10530739906047723, 0.28588712960550705, 0.3716156462105759], [0.19714351351867992, 0.12522504488006866, 0.2909036940670792, 0.3867277475341724], [0.24071987065928505, 0.12978984050038794, 0.2692120767963159, 0.36027821204401145], [0.24207638447808885, 0.12057075672857286, 0.2744390301069531, 0.36291382868638444], [0.21609161695711473, 0.12560546877414425, 0.284109249585178, 0.3741936646835641], [0.24433538183855805, 0.11304883888484912, 0.27699465143306923, 0.36562112784352363], [0.20455443562924974, 0.12294822125979503, 0.2885065761542128, 0.3839907669567428], [0.22801708136235452, 0.1292234832044275, 0.2745452924397774, 0.3682141429934397], [0.2456169570280201, 0.12364005277601728, 0.27233572965428665, 0.35840726054167643], [0.2274861875112761, 0.12303056206258381, 0.2733867179872412, 0.3760965324388985], [0.2568909923946226, 0.1300780705399798, 0.26597466518401425, 0.34705627188138316], [0.1999403921089813, 0.10805925215794646, 0.29922773729223606, 0.3927726184408362], [0.23372441444916398, 0.12121170067345048, 0.2786247054747694, 0.36643917940261556], [0.23463116594118558, 0.11627922061477894, 0.2760127158747275, 0.37307689756930834], [0.2812045853836574, 0.1204196138997686, 0.2664022875805251, 0.3319735131360493], [0.23997873775548584, 0.1259981673003731, 0.2716183967195959, 0.3624046982245457], [0.20272797561671402, 0.1302114488511997, 0.2913957889476975, 0.37566478658438907], [0.22597528518224733, 0.13053834099634734, 0.27825850059659735, 0.36522787322480765], [0.26828126670702035, 0.14951974434647722, 0.25578782772437064, 0.3264111612221319], [0.18341334149110194, 0.13903190352668873, 0.29124059194582236, 0.3863141630363871], [0.20115514574716498, 0.10663001507763249, 0.3036152924847084, 0.38859954669049435], [0.21105172907391637, 0.11426556384353723, 0.29747152435310154, 0.3772111827294453], [0.2031275518939847, 0.11879759222231864, 0.29361546415627227, 0.3844593917274248], [0.2108157194887756, 0.1126094863581323, 0.2892644802709051, 0.3873103138821869], [0.25366973910590246, 0.10888072721006936, 0.2859406356700118, 0.35150889801401636], [0.22609947029440483, 0.1151246048147316, 0.28471225697061525, 0.37406366792024814], [0.2955784683905187, 0.13305257230166154, 0.24386643145065917, 0.32750252785716033], [0.34078787014600026, 0.1469966937238853, 0.2260087484666599, 0.28620668766345403], [0.2640873557123712, 0.13407714004680746, 0.2640617993280302, 0.337773704912791], [0.2311311159357642, 0.1293423029953763, 0.280389634231935, 0.35913694683692443], [0.24544262459827096, 0.1310240871136265, 0.2715249236526102, 0.3520083646354926], [0.2642033414625606, 0.11089957067264991, 0.26984220105209594, 0.3550548868126931], [0.2510616397789594, 0.12591010525045995, 0.27004769933471356, 0.3529805556358662], [0.21449769408973646, 0.12033608639098542, 0.2884701284753598, 0.37669609104391777], [0.22325483752737404, 0.14627077305210498, 0.2686299489584103, 0.3618444404621118], [0.2794710892557131, 0.13156584175370836, 0.25465994170572603, 0.3343031272848526], [0.200355534136275, 0.10876444659197013, 0.2905806412630058, 0.4002993780087487], [0.2736223096376743, 0.12153585392518985, 0.2649340706623336, 0.3399077657748015], [0.2488161231767144, 0.1239722290674455, 0.2738648338710457, 0.35334681388479444], [0.2073477216815802, 0.12244433752116064, 0.29246936825033276, 0.3777385725469265], [0.21353624503833607, 0.11598089985391079, 0.28774391400278004, 0.38273894110497286], [0.3133623340662841, 0.153242019012616, 0.23302047218190888, 0.3003751747391907], [0.17855611959640308, 0.10752060668415082, 0.3055035037735928, 0.40841976994585316], [0.22773813608388244, 0.12448501813586509, 0.2799014538162479, 0.3678753919640044], [0.21329326697640927, 0.11581475962387146, 0.2825842457112847, 0.3883077276884348], [0.21191179262324616, 0.12672408595979218, 0.29535065225622253, 0.36601346916073946], [0.2438793620387735, 0.12551516300508755, 0.28067473323097497, 0.34993074172516386], [0.19189177357411014, 0.10500871976609563, 0.30770956405618133, 0.3953899426036132], [0.2504791221902846, 0.13855944714964963, 0.27173316965778255, 0.33922826100228315], [0.2782272054580999, 0.12889632653323926, 0.2585703978158114, 0.3343060701928495], [0.2772431462289259, 0.13788379491245203, 0.2559846841283568, 0.3288883747302656], [0.21942028249388557, 0.1210708236545951, 0.2794626087810335, 0.38004628507048593], [0.21811147317098564, 0.13088817874934203, 0.2816201814746067, 0.3693801666050658], [0.24262817037937645, 0.13902950464505487, 0.27138401470100076, 0.3469583102745684], [0.17278413682052002, 0.1058352539624098, 0.30378451528918826, 0.4175960939278817], [0.3295587822724275, 0.13737022923551176, 0.2363992837030996, 0.2966717047889605], [0.25779223545884267, 0.13140193453074517, 0.2627163973973468, 0.3480894326130659], [0.27821283238757566, 0.12736330932150153, 0.2571204039112276, 0.3373034543796944], [0.19012435256637716, 0.11611132413715095, 0.2963918535623919, 0.3973724697340802], [0.19456123631436367, 0.10679266542080361, 0.3026540529684156, 0.3959920452964172], [0.2819489044462036, 0.14452821007107414, 0.2508819179444104, 0.32264096753831206], [0.22366969348604643, 0.10615545613195644, 0.2902765088030087, 0.3798983415789884], [0.2562143895010824, 0.12761264459711977, 0.2651638430842846, 0.35100912281751384], [0.242146813263223, 0.12510564940262636, 0.2734041082705594, 0.35934342906359057]]}, "supervised_prediction": {"G": [[0.22629069097398277, 0.12535794332938077, 0.2802349536843478, 0.3681164120122888], [0.21556657183930386, 0.12357999437695222, 0.27733623012525005, 0.3835172036584942], [0.2398054663548533, 0.13465209120634977, 0.2724303158728277, 0.3531121265659694], [0.20134128154560718, 0.11378968272652998, 0.30807061072790326, 0.37679842499995886], [0.1975383188380193, 0.1144624158580411, 0.3068898447855144, 0.3811094205184255], [0.18946231931392327, 0.1117969408672366, 0.2950430506673079, 0.4036976891515326], [0.23007151978008267, 0.12714505794718944, 0.2733594955268412, 0.369423926745887], [0.19717307439743204, 0.11385353054580155, 0.2934751393936072, 0.39549825566315877], [0.22708608724655022, 0.12450219424391136, 0.28055559174764033, 0.36785612676189794], [0.2560209436623827, 0.1078105498436887, 0.26633426192675974, 0.36983424456716824], [0.2080937214312359, 0.11355680935856008, 0.2919731254025118, 0.3863763438076927], [0.20313597415720805, 0.11956037867873617, 0.29298422249217604, 0.3843194246718796], [0.25401341511554926, 0.11968322726544747, 0.27309830427710335, 0.35320505334189956], [0.25650358956964076, 0.14134063211091713, 0.2594723277166744, 0.3426834506027674], [0.27560548627066583, 0.13742273138743763, 0.24466258397072496, 0.3423091983711707], [0.24554399370436908, 0.1277314163618676, 0.2605676586679019, 0.3661569312658613], [0.25415238015201347, 0.1456161986274649, 0.2669188433781282, 0.3333125778423937], [0.3013113812798024, 0.11578808011984534, 0.24782099405867802, 0.3350795445416745], [0.1829531362467833, 0.10716423636267373, 0.3023569458282364, 0.4075256815623059], [0.21307502995626781, 0.1540804704531138, 0.26845256638862625, 0.3643919332019924], [0.18845131075792793, 0.10277640564434291, 0.29508243424037556, 0.4136898493573543], [0.23496556327327808, 0.11659830624209237, 0.26786197115917415, 0.3805741593254554], [0.20997909704391443, 0.12410335898316695, 0.2897758007699387, 0.37614174320297955], [0.31822985668170856, 0.12591082943071857, 0.234028980109545, 0.32183033377802883], [0.19713252092967115, 0.12250073503462365, 0.3010884261166756, 0.3792783179190301], [0.3273700942895, 0.1338324233961076, 0.22552995538395768, 0.3132675269304347], [0.20836383877650927, 0.12291205845385973, 0.26595690911648, 0.40276719365315133], [0.2261645396288121, 0.10460825515063099, 0.28999854360946564, 0.37922866161109126], [0.22364317058433614, 0.14432005540648654, 0.2785640262921102, 0.35347274771706727], [0.186758741548734, 0.11572909122475332, 0.2954872792431747, 0.40202488798333824], [0.18995054695069993, 0.11417626540545019, 0.30437638215020224, 0.3914968054936477], [0.19385975501477973, 0.1230884714394637, 0.27749095038131294, 0.4055608231644438], [0.20095843665247864, 0.11273946209454745, 0.2947100911713352, 0.3915920100816396], [0.2105124208861907, 0.12368881504596989, 0.2869750419994233, 0.3788237220684156], [0.22671520816645055, 0.12902825244035399, 0.2827998729941922, 0.3614566663990035], [0.19434711861595258, 0.1158456101455671, 0.29505784864040535, 0.3947494225980754], [0.23894227971455434, 0.13142693809497027, 0.2668580362979522, 0.3627727458925228], [0.22207141781452