{"estimation": {"a": 3.351295098744502, "rho": [0.06069906995030274, 0.05577758728339497, 0.07660761168389507, 0.1568797214150164, 0.08322168121302295, 0.06819178308556655, 0.06953124418769559, 0.17287056731846226, 0.06164652483922196, 0.06871069447387677, 0.06982768365428743, 0.056035830895257335], "Mu": [[0.7141788025975696, 0.04082090241844084, -1.196051010757579, 0.5478622603363668, 2.1486354104106846, 3.567545232616202, -2.0544107799742166, -2.597680243279014, 2.2860131466422478, -1.3347941506586283, 0.867811348081926, -0.23684151311669616, 0.6573080500071147, 0.08278864921539189, 2.0716350573405693, -0.8652117304567202, 2.5006339178297208, -2.038748107569578, -0.3243190436262956, 0.8065005674068545], [-1.2061804668742337, 1.933584390079231, 1.6892891305245945, -8.782291897293238, -1.2195883556567535, -1.9207105215571323, -1.5124487113392961, 0.7759046984176264, 4.178861310641867, 0.7295241902606763, -1.9640210674082923, -4.265102343981344, 2.29156333927891, -0.15736246622383027, 0.4059187780931145, 1.6434044744095886, 10.884969896464183, -0.7905022313453255, -2.4899197667569517, -2.887602525692106], [1.6966256460993654, -0.7581208389052758, 0.7507166556750616, 0.6685260085916265, -1.6227107992133671, -2.378948727058286, 0.8441659302267512, -1.9795723985868285, -0.14852641947743186, -0.16798576409176796, 0.816952886274846, -1.1310625519089232, 0.20098775378984646, 2.5001418650141884, -1.1009705528475684, -0.19545451256389557, 0.11011499877510512, -1.0053320235271435, -0.5986273730347806, -1.4023601113965134], [1.4000709512128362, 0.14316265902982014, 0.3891548927349681, 0.10911236848645617, -0.8451355667442345, 0.6310218589054566, 4.786897258051193, -0.011861837441071886, 1.5082257040328468, -0.8304643820409274, 0.2694443169411557, 0.12488528926411836, 2.85042389781228, 1.5611486710845515, -1.499002242961536, 2.1953616670435094, 0.9265996010233105, 1.5620552496924007, -1.7349262218395167, 0.797983424899818], [2.503017861615439, -1.9811086644265874, 0.13492371547512216, 2.637653378693167, 1.2741605209716138, -0.8092826528983055, 1.2465756297364425, -1.06925764124578, -1.643526619376127, 0.10538732874568556, -3.385108729957512, 2.1041286015025085, 2.6121302621736056, 1.558454719508465, -2.4309060011262944, 0.2237026641443179, 3.1453066266442162, -2.1143275704993005, 1.007201348610355, 0.6161867126993286], [1.2762137255090158, -2.0762126217550323, -0.11604944113445162, 0.5117265236641511, 1.889716522089477, -0.579412841460805, 0.35131474378109306, -0.8602947896603714, -0.12910611092626112, 1.6484675536172324, -2.8400025160477123, -0.14850029924294406, -1.8395833447521674, -1.1644866961347333, 3.5086798859539208, 0.5701385059877727, 1.6041176647860673, -1.7619534036137454, 2.775120055300579, 0.13677197098846977], [1.9600604078164459, 0.769181752817342, -1.2235223713304129, 0.9419468577694666, -2.810507783294767, -1.3763379032126033, -1.768075177730483, -1.4261195444630246, -2.9593348770983496, 0.5351736911697386, 3.7276590379478907, -0.3379403916678527, -0.3850413709781967, -0.39427092801814917, -6.212379519782489, 1.4630892401391626, -2.1474325579914417, -3.121097612734511, 2.3683355463978906, -2.9446445315873486], [0.4300700659839741, 1.0440732367202252, 0.22863255209270558, 0.9080088161924913, -2.492356958031557, 2.410781504564407, -3.6116168523810495, -0.014004480033153585, -1.376000232055993, -0.7197348514521111, -1.2047226061208272, 0.1488544451916046, -1.9990733443313056, 0.614246589597242, -1.624444543780324, 0.4912437783866801, -1.0680123187028632, -1.2859359892385682, 1.5053216709782966, -4.698366508865135], [7.93169927305464, -0.2365348010035371, -4.691118263479413, 5.165944936586763, 1.944240886469042, 5.424901802992575, -4.177005224652885, 2.809168237052513, 2.050300853497922, -0.8469651498810714, 1.0980173408079335, 4.386797472312453, 8.45965522356934, -1.66384182566629, 1.8768444053696556, 2.0753628507668545, 0.16597346543711178, -7.719703547720996, 2.9593390607882464, -7.977376414849829], [-0.9864719687984683, 8.93991367604705, 5.683063419249639, 0.39665801977290116, -5.1745145621239015, 0.6904464447430553, 5.923737752057445, -15.112026189105702, -0.7078831332171959, -8.361399006425438, -3.612859587237142, -8.218262126754551, 4.792475835887595, 1.5596649467505836, 1.8967843278165086, 4.411405514578561, 1.5847365628943033, -0.17730937594798296, 0.2435405863518883, -5.8470659392455735], [2.0877535082812964, 5.17701973641386, 0.8309858340146303, 1.8915138438819135, 3.0973126314731645, -2.267990072960335, 3.5876756916607957, 4.211595794222056, -0.3106795791439211, 8.922566232386025, -12.967368375912415, 3.771219715757806, 0.8653603415521629, 5.474515487386683, 1.0578766749117314, -3.8135642388675435, -4.517158154663995, -0.6797582026668375, -0.7801058887087118, -2.3294339085548477], [1.2061867983071155, 0.1012372648584667, -0.9021699424721643, 0.5439948159827219, 0.2561663957517048, 6.4888517820921505, -1.5553300251552036, -0.9715545329677581, -0.13375190354487582, -3.0208058076432085, 1.0893098793997722, -0.37045460220620485, 2.9824276402842367, 0.04026901965090639, -3.474047755574098, -0.10238994935592304, 2.5597450735713467, 3.1726020481771133, 0.5242965772099676, -1.0922293745104505], [6.686610425129528, -0.5143685790277136, -1.5851471224449205, -2.511246599701776, -4.927277976886341, 3.32495886735993, 1.3055825176025952, -1.8194437960138823, -0.6068195246290037, -1.2440861096557672, 2.6074003062628077, 2.882520510766541, 0.5679808637125442, 3.6994722580937602, 1.696033348569444, -0.8420107334056289, 0.7451802703029465, -2.941178570417615, -0.7672957120419149, 1.1426434755674038], [3.925111545135831, -4.891380128239167, -2.0516163881536884, 2.6214471315942363, -13.82618606078077, 2.9230479279921355, 6.847824695073828, 4.410165437565862, -2.1065572407700532, -7.4799928965979, -3.7764440857918156, 1.5717043408662574, -7.34581353399976, 1.4818704524835393, 3.186716632363157, 1.3395687855652645, 6.735294774638913, -0.5149846881997261, 0.7761777384167918, -2.428949699790878], [-3.470087735274929, -1.959080588353568, -4.06405859156807, 0.02807843635823721, -6.736254219792137, -6.658295234244711, -1.1002424152421093, -2.5351954721039665, 4.886327890413507, 1.5679554595187135, 3.086638670684839, 2.888874280514277, 6.17955418881277, -4.977751037122741, 3.7065969710955144, 0.7829294941760391, 1.2707094649045816, -1.3592631858392972, 5.157186058156676, 4.667272924580405], [-3.5361854361778864, -1.8270275146402892, -6.93974552653347, 0.9486996849759967, 2.5481109106670945, 0.29046609211409985, 1.8948249560455719, -1.6869027058084687, -5.21354768163739, 0.29470982055025197, -0.3737752217678275, 3.2243111283966064, 11.720338470805041, -2.7152986395290104, 5.384063772759305, -1.851145275962207, -0.9253090321682331, -0.04405732327096077, 1.2824515487038344, -6.618960695389678], [-0.011041604322789729, -1.4658759964047956, -0.714208603220678, -0.4180346115421014, 2.01505155255246, -3.137791642529774, -0.9043704600741841, 1.7140489094975648, 3.6816030604053704, -0.36553000535640723, 0.4159607237723843, -4.287635788687469, 4.468586160170468, -1.8429461035457764, -2.6919218114357513, 1.4510770909058706, -7.051144387902985, 5.845694437809702, 5.882898803721365, -0.8930186376821333], [0.21736687532417395, -5.892947749780343, -2.124481918785922, 3.306540321175118, -7.722398583398223, 1.2965729332805576, 3.595940615679351, 5.949910754117238, 0.7513594729933399, -1.7601590027872096, -1.312811896332366, -0.9577740096784834, -5.619653789067999, 3.4895249406614774, 2.852235915670768, 0.7148218745266616, 7.048993701414426, -1.3112217966758621, 2.2930262731077846, -5.195877191473916], [10.728869364455205, -1.4842658649770843, 2.2600719927199733, -3.7964875766716837, -0.5368112404654444, 5.76249516735031, -1.7080721925050362, -0.1353155415310447, -1.5855423940277111, -4.476350275212621, -0.7041145187605636, 2.3261023171911903, -4.252211824574193, 1.890968928380009, -1.5133092264043402, -0.18316438500256588, 4.257568563755397, -1.7854622263615647, 0.4350667126946724, -1.8153072125254093], [5.207870171714983, 3.292884312397196, -2.84367361848146, -1.1157946769162772, 8.36376512475448, 0.39219436240067995, 0.844668440159698, -0.6548345101714161, -2.1244623263319062, -3.059631889117872, 0.8977318624039079, 0.7129484336546765, 2.973145846673656, -0.4087378289407762, -2.70263023175324, -1.312101550622093, 1.3756418526747567, -1.4340847103472714, -1.4178791830772823, -2.7551343335704748], [0.040360316125219675, 6.732343095667344, 0.16204823740275967, -2.479189386860074, 12.275737205607948, 3.631930506191267, -2.089973513512126, -0.7341725556960976, -3.696308376827501, -1.2234080513789085, 1.9062456822508804, 2.8713024584837004, 0.292225064672213, 2.0473980260442812, -5.699861843229811, -3.8660543269637184, 2.3375459667256604, 0.652585014779648, -0.07852308397949216, -4.73274652773664], [2.9040942250198136, -5.781362977735693, 0.06397117492196268, 0.4692064480895765, 0.3724672770101116, 2.3353241865045726, -0.5133880371176439, 1.353925699341204, -0.0876737031394267, 1.6684105782752765, 2.9597413727255053, 2.8947951521069615, 4.10618071855136, 3.9456952475187883, 1.5023717650478192, -0.6092198326111455, -0.0016745305275069065, 4.582030797834739, 0.08177102276671726, 0.21626225394113266]], "Lambda": [[0.37489518607258454, 0.6402455308458695, 0.43800894772630355, 0.42814589792743074, 0.360514184810591, 0.4497382717686168, 0.5068463963880125, 0.5388099725035241, 0.5246091839475076, 0.5322611671438875, 0.4886649069653626, 0.5487782497293663, 0.5327588526468255, 0.5001760322608705, 0.5126151137337175, 0.46038903868228476, 0.4316960197392979, 0.6554131564776694, 0.5723186655269038, 0.47051639671219386], [0.3643572442494876, 0.6367147271068343, 0.6107418741932692, 0.3120747086980469, 0.5540512648407916, 0.5035654110587788, 0.6869750703890832, 0.4909418000972568, 0.5320681297407732, 0.5365105591924192, 0.6423282918728576, 0.48972109171201816, 0.6610302409955611, 0.5197526617288096, 0.4536617575728595, 0.4940432539998824, 0.2973602580488944, 0.5645825375634824, 0.5720551109123159, 0.3247384981056348], [0.48828326555060686, 0.5358337438347351, 0.49630348432255916, 0.5107213494278197, 0.4628215912855126, 0.4326852220939851, 0.5008528432097294, 0.5973902157499572, 0.5253516587110574, 0.4923842973737523, 0.4845512650598706, 0.5162369629075925, 0.49019422925773104, 0.4287115238925723, 0.5930766959418597, 0.4799620251648503, 0.43312604825610573, 0.41908279811335897, 0.44281712674716445, 0.4383414186087714], [0.41456468430126764, 0.5012328720118606, 0.5662757898454495, 0.4892046695990261, 0.4183215983708228, 0.5127887125987247, 0.41303405936890897, 0.48567985631108457, 0.470765305093937, 0.4224517403194204, 0.41084982363480077, 0.43046892829567474, 0.4777615685301484, 0.3564391189243051, 0.46410246553857964, 0.6094568449626002, 0.45896170467759206, 0.434538836031709, 0.3510165794481087, 0.5051266257552154], [0.41365123883268046, 0.5677673617056402, 0.4707695181830409, 0.33382155228181687, 0.38115429604209894, 0.3360290120615369, 0.47241787632556836, 0.4883918848458909, 0.47282146964570454, 0.4444904971688838, 0.5592928517826482, 0.4814030492187577, 0.55047051760875, 0.5163651336672732, 0.5171852744808303, 0.4819676447698776, 0.23808210490809253, 0.29357264948446693, 0.41475861348683213, 0.5450162675813686], [0.491307390422056, 0.5690602814882793, 0.599217515634408, 0.34256364922079896, 0.4876226600734012, 0.2955657900238557, 0.5170597217866736, 0.40810289314868936, 0.6314470543170632, 0.6672291690536092, 0.44107998261178105, 0.5147167391265463, 0.28554219305379275, 0.4098524086579182, 0.32125416229674614, 0.5568775289659187, 0.47299572135636114, 0.5568170668925472, 0.3624460465874099, 0.48041785429896816], [0.4096310438253394, 0.3874423297988332, 0.4195939707346966, 0.5146674207203116, 0.6539449375887939, 0.5869437606035244, 0.8059036505570798, 0.6354513063250623, 0.5950402466492523, 0.4298561078099412, 0.293774418222516, 0.5973567258794048, 0.6873389805184368, 0.5261293349570739, 0.27499835447362236, 0.5387839662964619, 0.44310783298846645, 0.3831655763290904, 0.37074779445110223, 0.436281398976895], [0.3896382729207378, 0.569553965815922, 0.3435244413685987, 0.5519829491165651, 0.4569643338205976, 0.6312264601613996, 0.7024772501498913, 0.7264601613096197, 0.574829345307585, 0.5440686881809014, 0.5191118166885037, 0.46801202869409353, 0.7345914228415203, 0.4756872293442321, 0.1985916100904937, 0.5894707092950042, 0.5529936688248966, 0.501405437252346, 0.343422430706665, 0.3561905022866562], [0.60378378563214, 0.5660551351951537, 0.45593150674162747, 0.5502309911556676, 0.6428818063855051, 0.2919693026765921, 0.5609913756792704, 0.6533106405056008, 0.3820036868595904, 1.0362596562694093, 0.9469483828724662, 0.48459850890384865, 0.05176047110667378, 0.4874885271051762, 0.9099816229556494, 0.6117468425485348, 0.4569480472616319, 0.20508171178132248, 0.43527672057829114, 0.4360909326896236], [0.6138481268792151, 0.17375008890925142, 0.4079723973905882, 0.5331988825094052, 0.49856304220641234, 0.2840446964996133, 0.07774478277358768, 0.14870535318353434, 0.46285790584786146, 0.2865864434252108, 0.5776333370288099, 0.3510604890607296, 0.5142456868878897, 0.42705841189585675, 0.43514755754732615, 0.5445924962990822, 0.656306916372336, 0.29963747463827145, 0.5967475245493293, 0.23753497774172036], [0.5524354486522035, 0.31948060897792957, 0.5637777747555326, 0.7682839451495951, 0.45734745035217916, 0.5950905026964142, 0.5447616665045915, 0.48922281108270504, 0.49699879887142323, 0.2812098287684083, 0.17145195527553514, 0.5280273922782057, 0.4961409784316397, 0.19530977308974012, 0.2959399355458261, 0.579729747738849, 0.6455496904436783, 0.7054829935370396, 0.4600828452895865, 0.35245234043474555], [0.5244470755614177, 0.5003221195194087, 0.5268083491087989, 0.7484077438871918, 0.4312413083807104, 0.3586760607689409, 0.3862082187629601, 0.5592174574045161, 0.36740378437081067, 0.34102417448645544, 0.5525669584693776, 0.48562466760174755, 0.3917689351560779, 0.6822127283828432, 0.40342586104306416, 0.5261685669641963, 0.6151127130935872, 0.5107297947999866, 0.5041831652425541, 0.38692166897417407], [0.31556771580475607, 0.6277007892619092, 0.5887369386287533, 0.6139771404501717, 0.21676811349742556, 0.3780353739691934, 0.9214385304801054, 0.3544881654505302, 0.5030830431239408, 0.4613981607349537, 0.6938815242478105, 0.9448900108156185, 0.28470632917663086, 0.5984813296591796, 0.6351953059814064, 0.4687962419283209, 0.32466031521813055, 0.18189719651153216, 1.0309186480027888, 0.29215605069961237], [0.6589404160163332, 0.4411754219257639, 0.39143887362597113, 0.3498986643433744, 0.1582657940538656, 0.4999288945863193, 0.3429253434150228, 0.46869260561250947, 0.6286626087880645, 0.662272909565353, 0.5220834540203013, 0.766174097552814, 0.34138131848192965, 0.774429696387053, 0.6038710261722129, 0.5994710448872301, 0.3984744995999349, 0.2841220501196107, 0.6349591683819731, 0.7644925986194222], [0.17256826060074915, 0.6750662774594848, 0.2306642533763968, 0.5105249801436094, 0.28634912897189546, 0.4908836642468223, 0.9365598914905331, 0.3156678153101377, 0.42640228803410535, 0.933620388441544, 0.5831411772807671, 0.4641766648141913, 0.10576368483376798, 0.5302189492293551, 0.06889923522967448, 0.35034554268370216, 0.9020550178739657, 0.5109719833585297, 0.4641174369132053, 0.35698604421296376], [0.23786231460976734, 0.6880046423811672, 0.1918964102647534, 0.48520850817377936, 0.11144031561680534, 0.3361191509932948, 0.5418771928318942, 0.1839824282548255, 0.38373218591322017, 0.5591463933750086, 0.7670528581432389, 0.5568744000249887, 0.13380492678601782, 0.7562050125046877, 0.23019550054538124, 0.34245088976384935, 0.5818599728298108, 0.44730266242120564, 0.7381126186672853, 0.2661301283552937], [0.31362803157426267, 0.4470161069424379, 0.27036667070630466, 0.6701376652478265, 0.4009747334344162, 0.33444636352536844, 0.7682066269283915, 0.29230998202282354, 0.3204667570800007, 0.7924353013187129, 0.5724845624533559, 0.4401268841354281, 0.13093997042957742, 0.7326664749801053, 0.2530588973827291, 0.24041771918975283, 0.6458525225766647, 0.4222167389521813, 0.4577654549182642, 0.3192465367160554], [1.092868403964906, 0.38729902332569205, 0.48575341304630315, 0.3132592503766469, 0.1942931130044916, 0.4261320111925508, 0.34038989925242025, 0.4251180299514828, 0.7108888449238754, 0.42594293357474583, 0.5760505725708267, 0.8038106501427809, 0.20134582931785353, 0.4867976761256313, 0.12653625049413356, 0.5867384303891571, 0.3064696033848595, 0.23974050590428483, 0.5381425252766833, 0.6360334262811502], [0.18789465382534212, 0.4031725155831388, 0.41025420691277054, 0.384479403032169, 0.19213636407182574, 0.26413990637730794, 0.4037951056806854, 0.5767585925398416, 0.4778429445157633, 0.687398256114195, 0.5574373183606242, 0.3321071508503943, 0.2636118318558771, 0.5726565506998252, 0.5042636194157696, 0.45211046776866004, 0.24020379000422376, 0.16624097653774836, 0.5545878154644108, 0.42434404119026453], [1.1608303232242085, 0.5876492478593369, 0.7783451326071672, 0.6250694384152793, 0.28598899238244957, 0.3664103431791419, 0.8773681239859086, 0.38710635177337366, 0.4912218237888858, 0.4386332670356741, 0.662796338223329, 1.3210021320419674, 0.37041955430135876, 0.9629118990446404, 0.708994498073986, 0.6276996220118711, 0.4319490537713263, 0.5036603328989313, 1.6619944375368871, 0.48916347613071975], [1.2341500615013157, 0.49015772967153515, 0.7044227633495042, 0.379210843946891, 0.09965159909869756, 0.23858850089669031, 0.6230713493570729, 0.7210368245868868, 0.5043073894270296, 0.4997238907837674, 0.4839984752985578, 0.6687739162757698, 0.3081525806951266, 0.6549157433550206, 0.47033038612058703, 0.7097935364556736, 0.28629932558509463, 0.43042291295655866, 1.046223658075303, 0.512109716548256], [0.4464364794882198, 0.4328227938970186, 0.5768888434573379, 0.45772993380140387, 0.19484981372268612, 0.3084987140560568, 0.6420627113599141, 0.46146377874751743, 0.3934328069541393, 0.312975884281372, 0.4047046982867793, 0.30873696154826363, 0.22505596614564966, 0.5724602824991757, 0.45668060571006885, 0.5162269622496027, 0.25956778454696633, 0.26780163379146, 0.342782020008279, 0.326414358389581]], "G": [[0.006930956762762082, 0.004766355800908807, 0.019602566661975292, 0.020667393946976313, 0.1430881237798457, 0.13627909649596195, 0.01430101122849973, 0.05605578583874393, 0.012068262928572484, 0.2494099641203877, 0.27696465742352455, 0.05986582501184093], [0.0497870670233851, 0.02598069403158553, 0.016892761282237403, 0.024906207860173033, 0.028754218781244883, 0.018652457859438573, 0.04571203053043161, 0.3979379052244561, 0.00955043428871958, 0.0029871321542833717, 0.007859045934977878, 0.37098004502906745], [0.006375884317270238, 0.022927382601089875, 0.05912617324971968, 0.13849116409712356, 0.23781341759870298, 0.030380517509590425, 0.23724945343034076, 0.1633303614015061, 0.030388640039256242, 0.03880540924512485, 0.022447031930118558, 0.012664564580155848], [0.02233317316611413, 0.0569961062412933, 0.038843453935586386, 0.24248410919589736, 0.14116011944006795, 0.09653802057780073, 0.05294024339727827, 0.04588541809181295, 0.23493829744913572, 0.016756187357477508, 0.021947102825109525, 0.02917776832242575], [0.03674504698730518, 0.01693162576666389, 0.12097946825834237, 0.22393662309347925, 0.014490390317419928, 0.09514360302534627, 0.052669661090027534, 0.27458613904633067, 0.028432816518120796, 0.09762652704690965, 0.01442192063664796, 0.02403617821340685], [0.06992521103446163, 0.03200118078485716, 0.023455774464355986, 0.05430182282418348, 0.11535321923219542, 0.09366137957667789, 0.019617814382550315, 0.09629952722826982, 0.01003264371928881, 0.1990524976912723, 0.23356987054624956, 0.05272905851563761], [0.007058826300455441, 0.08936809300500402, 0.012160986355654909, 0.11179958652457048, 0.26054882015390113, 0.01642647192404563, 0.2455151656626413, 0.15110357093821847, 0.016354177806038296, 0.00780388558635611, 0.038743321966846586, 0.043117093776268], [0.008404083041020171, 0.02310103343679985, 0.007364302822198583, 0.31640935652285407, 0.09662453292792868, 0.09457101077135499, 0.006474643648678623, 0.34756173343825975, 0.025915644291979015, 0.02693853467136699, 0.04178276992973796, 0.00485235449782125], [0.007020611085398958, 0.007819668882123746, 0.011678861575912185, 0.4283855382293644, 0.0254829229018174, 0.01647177981809648, 0.018591758663954475, 0.44545288544799205, 0.010404517364359756, 0.011842357836811066, 0.005786033655483552, 0.01106306453868622], [0.01239060161146639, 0.023862232210622624, 0.0182052817235655, 0.34656076880403014, 0.026902641446816453, 0.009510046809058998, 0.019617023855566174, 0.39239917847081707, 0.09155161282139054, 0.022051818802745576, 0.01652928483132265, 0.020419508612597972], [0.20367649614039354, 0.14013441843546215, 0.08691996200826382, 0.14624681417035343, 0.09567151559620513, 0.005489920147346233, 0.048221044374800785, 0.16940456523361058, 0.03206601761944558, 0.028028847107480496, 0.014837360571770083, 0.029303038594867763], [0.016328214385697558, 0.03621177244918691, 0.07390725526301752, 0.03267996317880428, 0.027697730705190708, 0.02150025184879464, 0.013259328818766632, 0.04212673789728546, 0.3634443281896761, 0.03236751167124305, 0.32922542802138854, 0.01125147757094729], [0.3078877742357093, 0.05989147029227988, 0.03966177665350761, 0.044661834378603146, 0.041714375799791446, 0.024511483435482793, 0.03888746597497867, 0.05480728074718849, 0.1622873173371579, 0.015612515937425632, 0.15525579427151073, 0.05482091093636435], [0.005450861560655054, 0.002521458045362975, 0.020496252989081334, 0.4410945975354595, 0.01022407379272152, 0.010990852559798103, 0.007883285167222606, 0.4429971662599149, 0.024995807352794427, 0.010651226870309677, 0.010805016633389992, 0.01188940123328948], [0.10517542306495829, 0.026503360680803563, 0.035456073699679076, 0.09947869821611295, 0.020400633747461254, 0.03359903797194485, 0.03723275098088344, 0.08297899325696047, 0.060093651108907006, 0.23273014268015055, 0.25550381201269196, 0.0108474225794468], [0.04438136750156197, 0.05509752202485334, 0.31051381492688335, 0.04002175600006287, 0.018305980975130618, 0.018824753798090423, 0.017946446271073783, 0.0553768108412987, 0.07460786721936347, 0.3140645216210377, 0.020801880158322697, 0.03005727866232168], [0.04223150748873496, 0.09179923250389967, 0.017721977430567085, 0.30041019980473466, 0.01589701769485218, 0.0774031571623082, 0.017355434437614864, 0.35384703834734127, 0.019079844923729595, 0.013229223744407747, 0.025837988250214272, 0.025187378211594315], [0.060753024270092285, 0.03704484780260902, 0.026032087789220358, 0.2374662515290163, 0.04825332311343969, 0.09810564474598889, 0.07577072849024671, 0.2869586828732448, 0.01908312034679673, 0.032150934798190825, 0.054473856253428994, 0.02390749798772547], [0.03344305701967925, 0.014814995518006366, 0.05201499156932739, 0.3389503945295705, 0.015613479326335689, 0.02026207778664182, 0.02139726490552146, 0.3918626639693166, 0.025378390690972998, 0.014699075395173983, 0.01843414289161177, 0.0531294663978423], [0.2537319676655463, 0.0123566794732629, 0.1188575421738694, 0.08498482179173523, 0.12020213509974616, 0.0954531596962975, 0.05307204074818578, 0.0672441653005003, 0.012120451568072722, 0.09413652422816172, 0.01829469235616389, 0.06954581989845834], [0.012747107114089674, 0.0066737511657763956, 0.06369663172221274, 0.37612505708873567, 0.012947736358782607, 0.02341605730039533, 0.011674556246893794, 0.40331471908980915, 0.004854676102758772, 0.0367702644093081, 0.03170430722677656, 0.016075136174460714], [0.013361073101410256, 0.013357316121767495, 0.01989904375235933, 0.022376467669078002, 0.12721149488789382, 0.13034374839839918, 0.008012803848146401, 0.04018830105181398, 0.01644219789128974, 0.27256720513762306, 0.31546706496396537, 0.02077328317625361], [0.030405788941114117, 0.048002118844068735, 0.2590191883730649, 0.04501389758071664, 0.13360214587115404, 0.012739399421570347, 0.13420909466264533, 0.029644926693403958, 0.02739890849079585, 0.2380645349003955, 0.02609058361378806, 0.015809412607281328], [0.5345285880534033, 0.035051732936209466, 0.07276294501139588, 0.04101839057557534, 0.06350465985837335, 0.020612901618964053, 0.06902539477389814, 0.05252931193052398, 0.016655022838696604, 0.024305705507805562, 0.02063873444507181, 0.04936661245008282], [0.034113586311204536, 0.056192717195242124, 0.10061813109614633, 0.14389120954828477, 0.016577304115708513, 0.068727567516949, 0.03107017371438032, 0.16215324813519477, 0.02144396526740623, 0.17134745288370853, 0.14784707288486476, 0.046017571330910265], [0.016317010921566413, 0.06229328767360255, 0.04947042446855421, 0.013646188760331062, 0.01061785517154152, 0.03164762200741915, 0.015409647170550482, 0.08924969193224852, 0.04754519292675095, 0.3169500860198834, 0.33210871298355704, 0.014744279963995348], [0.013467610216022602, 0.008939890632371562, 0.026936993165394538, 0.05065869030084299, 0.03548436473097862, 0.015671280101518872, 0.02873111800245993, 0.0706407997989689, 0.3896461943723453, 0.014124158758827433, 0.3226641421659642, 0.02303475775430476], [0.10893888051293729, 0.03443462732562006, 0.040808686097237305, 0.11407844614761709, 0.14453985352493046, 0.03424012486896013, 0.1539092668349285, 0.09113394813238301, 0.02371314338585309, 0.11577507294383624, 0.11684246064550494, 0.021585489580192487], [0.027016875656649824, 0.008714421496515051, 0.016193433463823563, 0.2203179739596869, 0.01256855544749509, 0.006553411260096914, 0.007369637090007656, 0.2299936099826754, 0.23083976669194825, 0.006450598203239847, 0.22249499767161227, 0.011486719076249432], [0.038878847169788885, 0.03071975040850357, 0.015075805662209157, 0.045615489290334946, 0.4023828521595806, 0.10783135385730332, 0.25084872173748884, 0.03862332638949562, 0.026662905625705995, 0.01874127214294333, 0.013802222775538633, 0.010817452781106717], [0.1019191445485775, 0.01938214816658144, 0.008917924454074792, 0.0306121750043608, 0.34916925593504605, 0.3207845080870259, 0.04250483492220014, 0.07449025778777192, 0.01445880674337789, 0.008633499450502234, 0.00956902549724801, 0.019558419403233933], [0.016726070729879985, 0.027989175921817898, 0.025398070316904334, 0.26470761953754174, 0.1626446606947204, 0.0035844235717326354, 0.14689191616631403, 0.29916119506079686, 0.017523501124307787, 0.017443375359264265, 0.009036390960497818, 0.008893600556222389], [0.01669122386745593, 0.09064404173552847, 0.018916014790943562, 0.035434560689699975, 0.04131464669264963, 0.010785072539799783, 0.027284741121287058, 0.06511809812045168, 0.3081933445670385, 0.028181395990409388, 0.34363055746847143, 0.013806302416263967], [0.01826321952637749, 0.029171514224456466, 0.07165154630346396, 0.15352969990515555, 0.06754571081149381, 0.06403468126695575, 0.016470498234674995, 0.2120002510202648, 0.05684911109863972, 0.11577976413178388, 0.12751992331878356, 0.06718408015794997], [0.0435063932226906, 0.011135480560613786, 0.015054868336028288, 0.2173223028883428, 0.021254505662023408, 0.06223817761781217, 0.036117409829602876, 0.3764095270743692, 0.05136668071748867, 0.02418388059319083, 0.013984979298435975, 0.12742579419940162], [0.08677877105099721, 0.10184565117252764, 0.030968323986640827, 0.2087943072119502, 0.046718108277716525, 0.07203876809123715, 0.061898209173315163, 0.24427270680119656, 0.02580610478262553, 0.013996477368244614, 0.02398284606281824, 0.08289972602073024], [0.014559874293355654, 0.014314118501342928, 0.09151349606271918, 0.23915961764939916, 0.029251850017922264, 0.031097921680092833, 0.017955267079033426, 0.2793999694675356, 0.09099044980502198, 0.022731347859029954, 0.11364222900892934, 0.05538385857561747], [0.010792858106840756, 0.2518454774241105, 0.022519541930157587, 0.2003537600777558, 0.025899687490100732, 0.059726005625141965, 0.07961457365372936, 0.16811667047604406, 0.05474061804554339, 0.04069060842805335, 0.010187208879070079, 0.07551298986345266], [0.03943271492406702, 0.03505291763162798, 0.026882828539959807, 0.40484609303257346, 0.022916397089893206, 0.02389282104359807, 0.017919246621555696, 0.0484829535963814, 0.3013367003387925, 0.03019320918042402, 0.031137490231351247, 0.01790662776977548], [0.007684435556925026, 0.02415911633886433, 0.019440314286251977, 0.3685464086793689, 0.015794474954248433, 0.0287973725041648, 0.022061766031524443, 0.4023980346614225, 0.07298593444159622, 0.01391503693251642, 0.00842963115305303, 0.015787474460065024], [0.016698843027425737, 0.07960465051514234, 0.07968264961829909, 0.12481058245530487, 0.19692912866834583, 0.012723586865445901, 0.1927238781442775, 0.11648506392585288, 0.08789613610715051, 0.022743404807620052, 0.06392291464775625, 0.005779161217379134], [0.20576520785566885, 0.06125742208272253, 0.05645253719599239, 0.04182194297667889, 0.03160909624961926, 0.13538065236668004, 0.08544059338790111, 0.10611194229935099, 0.042857618693999025, 0.07872397192894323, 0.1083151369202628, 0.04626387804218099], [0.1722753739490859, 0.004745860522633948, 0.01879241743668676, 0.19882975977901823, 0.05807521822822391, 0.022402946355365147, 0.011364207866859282, 0.42720685401976327, 0.01803942825528055, 0.01725639863609297, 0.016219179242947548, 0.03479235570804264], [0.007988939836350687, 0.01135891281873169, 0.3337555851909397, 0.03534777648841685, 0.15691419820871771, 0.03510671016201858, 0.123003318564078, 0.04326994493175442, 0.024918743324482667, 0.14323509926754602, 0.02008212289264983, 0.06501864831431402], [0.04392655354929532, 0.010644303602811631, 0.09486334507726087, 0.180741322803854, 0.04180525618281712, 0.013149418774143674, 0.06802470882078401, 0.2014551406184262, 0.15104327717383373, 0.031721015946439855, 0.126661328686002, 0.035964328764331394], [0.012814321426494827, 0.14393153874536121, 0.015859462786127092, 0.014983728245272488, 0.29888534619422386, 0.05819672629811667, 0.23070660104984642, 0.02460119580681473, 0.010974246490524173, 0.08097345791012323, 0.08495054494257662, 0.023122830104517985], [0.02342125741615166, 0.03879959598837305, 0.010877381503674293, 0.20854445002885583, 0.029652419582475924, 0.018119161601839334, 0.029243880402245733, 0.2148345334445348, 0.013156804969012927, 0.18761167782360352, 0.20967641539749812, 0.01606242184173471], [0.05674001477210882, 0.026385165581926204, 0.0424593741166375, 0.24334342936404108, 0.029905351333765685, 0.10046516779981741, 0.08478041730576089, 0.28823616161670895, 0.03520952370348152, 0.035240251873905115, 0.02964902664522945, 0.027586115886617673], [0.05799435352962191, 0.025407936419330784, 0.030131033717754427, 0.20199422106697534, 0.05473753777816302, 0.016629356291193224, 0.011520060187053646, 0.1944316491106283, 0.1815154192635659, 0.02459061709461637, 0.17399003522073533, 0.027057780320361987], [0.34287487495508945, 0.014675953133811771, 0.0342285992977957, 0.06197747341889452, 0.018340395954843946, 0.06848953272198909, 0.035033106639891516, 0.06435631639279811, 0.15971296038163946, 0.018470079213459726, 0.12706171341025482, 0.054778994479532106], [0.03268216852619183, 0.01152220441837298, 0.031217509863117478, 0.3843449651412534, 0.028398906325455303, 0.024266017024151695, 0.014539792559800853, 0.4230168721482654, 0.01588573579860209, 0.015594908238969238, 0.007859317971185378, 0.010671601984633922], [0.03321669537205959, 0.013218061956397456, 0.2451312085403892, 0.14840656861709922, 0.03773761309517863, 0.01686107811522819, 0.019878889346468517, 0.17349520370140403, 0.012557276202586409, 0.20946450614195553, 0.020788726902580535, 0.06924417200865263], [0.0192192817806855, 0.04308332569982866, 0.11554374984623612, 0.1954143248248475, 0.052830358727164725, 0.034310811306017465, 0.03386307533149861, 0.2848135533543977, 0.05396214602471537, 0.08382664126426081, 0.023191398666610526, 0.05994133317373707], [0.24833765533278584, 0.09515179402240072, 0.17915531513222752, 0.05320405342015232, 0.027811140824282182, 0.03385511404223744, 0.010380090070767034, 0.06278615423097852, 0.030502911543084734, 0.1946642031591605, 0.0415360484799154, 0.02261551974200746], [0.014102267690219073, 0.013900386428032853, 0.2803712138743204, 0.09327390404644142, 0.03294401967600183, 0.04649569313655474, 0.015928017754932418, 0.10063195419198817, 0.024559906753077117, 0.2887360220884705, 0.055309518957143186, 0.03374709540281906], [0.020357407248118485, 0.02941882174992242, 0.28477104622660226, 0.08439206836370429, 0.035190012432989096, 0.04717161339005922, 0.03112336113305785, 0.10314394463335583, 0.018455308954132877, 0.2872430852471039, 0.029127404874164365, 0.029605925746788875], [0.01145385877374817, 0.03812914760239989, 0.023749349803479168, 0.015157827112023823, 0.36104850101860575, 0.26904083340473856, 0.09354613739875281, 0.048203761906336795, 0.029282947238703696, 0.024969014608648383, 0.037531483112751514, 0.04788713801981091], [0.005528774054455139, 0.012940017321143025, 0.023291709680829345, 0.09174874409295367, 0.33630721766676375, 0.34227710281944745, 0.02675836204851142, 0.10106293606018438, 0.008795485566174429, 0.006934047691866376, 0.006565403569720604, 0.03779019942795005], [0.02066526960394532, 0.013542791574647122, 0.015510540426152578, 0.36931025414785607, 0.032659260347126795, 0.03420797417996086, 0.02998491804357402, 0.4471333479372034, 0.011669815923459876, 0.005869512587049781, 0.004133012655317351, 0.015313302573707218], [0.006898264073748273, 0.03002764898466193, 0.02991448964892239, 0.30894235618711796, 0.056125441167565876, 0.02430135755003218, 0.04056426399290047, 0.31958735084270495, 0.07237965710216467, 0.018811932675516126, 0.07323968017565992, 0.019207557599004676], [0.008254334445019777, 0.02082706867079581, 0.023000908662851795, 0.3815392933318427, 0.010123846269627564, 0.028562852862189236, 0.01694389203086047, 0.4176298004710799, 0.025414760640047752, 0.021124517558254906, 0.01893397287631285, 0.027644752181117192], [0.4077959932852272, 0.034157275961737475, 0.004423027319961045, 0.04815256149715347, 0.17565424980880623, 0.028735277512383355, 0.1673101109641831, 0.05775297573875977, 0.023066046656163085, 0.01602310270554379, 0.02265482132734542, 0.014274557222736291], [0.03013512833947719, 0.02105792448101611, 0.014190303711205736, 0.13546873586302066, 0.2824660548769471, 0.02065133128385032, 0.2580383049847387, 0.14212458776726244, 0.02718253035443101, 0.009274084223697838, 0.034449672576319, 0.024961341538033952], [0.02994934914323297, 0.0327633612975978, 0.018729672768438586, 0.41385517573348113, 0.012494438984330026, 0.022413999425920365, 0.011075705228983164, 0.08497685528398083, 0.3120285590533651, 0.021174043041594415, 0.01963074934251614, 0.020908090696558686], [0.019604554658133783, 0.012513090022146449, 0.019710520882176154, 0.0988323393101934, 0.1868724255475799, 0.023262007208948703, 0.17619929086652472, 0.15041469925033502, 0.045718042139928125, 0.09204530838627127, 0.1324199605481472, 0.042407761179615526], [0.05586789882343258, 0.0365334749443568, 0.2263569811927381, 0.060024820108907743, 0.09635965701473286, 0.02291759598994399, 0.04767371408708152, 0.058295784413716106, 0.04020582838253357, 0.2500596766773144, 0.06317410006600158, 0.042530468299241085], [0.058122173000694596, 0.010606141107370036, 0.03462476829205757, 0.27743315233451643, 0.0700957575388558, 0.023162096879288035, 0.01940551916760946, 0.3141978936947391, 0.04140206990829338, 0.03829314025638736, 0.07557905462953005, 0.03707823319065793], [0.023112113343310252, 0.045724164068099954, 0.021893948635283482, 0.030249724285342262, 0.37772457474046295, 0.065836100984136, 0.2900251665836819, 0.03182751760986099, 0.06403715346845451, 0.031225385404276187, 0.012790105597531817, 0.005554045279559273], [0.07408762067460109, 0.03871236688704125, 0.016130513121251158, 0.14197251831363783, 0.2734511373280077, 0.15856501003122067, 0.07491687610057621, 0.15936618945162032, 0.015663358147729334, 0.011627966661194089, 0.021910543561687423, 0.013595899721433238], [0.019338479606528743, 0.024275894409977815, 0.08812882093978341, 0.13008078862944092, 0.011150777977008341, 0.03979923782972765, 0.013624378382120625, 0.14432437625402317, 0.021299306798889455, 0.2023763441668156, 0.23215916332289083, 0.0734424316827929], [0.025914394386927844, 0.02081920006149919, 0.02581139449271769, 0.036743526921941674, 0.0177005472265058, 0.23434444993421985, 0.2859902426371158, 0.06547201426043621, 0.017243075802860997, 0.11701933765847078, 0.10568134371789094, 0.04726047289941301], [0.013189021957434481, 0.014023006071126196, 0.18048939471228673, 0.228923712419082, 0.0335566928362456, 0.031789109849964095, 0.06891335943365143, 0.2225544156789347, 0.031136313457227126, 0.11419564553801627, 0.007681470922639912, 0.05354785712339142], [0.015827533733033566, 0.03522906804443761, 0.014544479665598157, 0.3952234306372968, 0.02407418553822914, 0.019565619300446157, 0.021520945995668662, 0.10623705037713886, 0.2943504351654732, 0.022691916456947424, 0.03391907281966353, 0.016816262266066685], [0.043088942515392324, 0.07946519566528004, 0.28638023008836233, 0.04949124575738267, 0.03365481894124053, 0.0336728622871941, 0.04726758406301626, 0.04684345968924644, 0.06079004683828804, 0.2774541243859004, 0.028833129780813187, 0.013058359987884197], [0.04069826748471186, 0.059844805623427984, 0.08377249821687406, 0.03958914760527834, 0.03338856425323228, 0.04233993035431684, 0.025108814678056368, 0.13369485816975782, 0.010968932932809414, 0.17894811647326297, 0.23957383763770193, 0.11207222657057006], [0.02653854225849475, 0.036877647761402205, 0.09938585112401702, 0.09346939519895155, 0.2499154330461578, 0.013358684205307132, 0.24494409412633866, 0.06490031819831765, 0.07281321408904731, 0.008088506163471782, 0.011352280742215073, 0.07835603308627923], [0.38639053293832554, 0.016834354396816766, 0.05715300236011493, 0.028723289320812265, 0.04051842837267359, 0.17712709206865518, 0.14195673399457032, 0.03485785288096237, 0.028743777434904284, 0.031674055344071146, 0.038315867780231855, 0.01770501310786238], [0.04640754034003749, 0.037801243914704616, 0.2030147418355495, 0.11612568452044354, 0.06624882555979507, 0.036497332690823274, 0.01836573596139303, 0.13929246263096914, 0.019371969387778583, 0.23032832371858994, 0.04952959135410917, 0.03701654808580672], [0.11423411616555279, 0.24385957242927062, 0.034393580812805795, 0.05704417321478649, 0.16201325324881236, 0.10214332946231895, 0.12011360135235802, 0.07571688727614433, 0.027871707832683213, 0.01615425258149145, 0.01936591964806326, 0.027089605975712378], [0.04034820325308825, 0.02748769357311751, 0.03205562914862182, 0.26273192311668503, 0.031817383870801214, 0.009658522975139371, 0.01233122340303056, 0.28900581111666473, 0.03368103918062781, 0.11620539904213031, 0.12909503227272207, 0.015582139047370134], [0.04139464909365526, 0.023196823827752504, 0.28476619071310283, 0.09145442642629731, 0.044773191333423716, 0.04073814252391669, 0.028510865550304874, 0.04768636338151912, 0.019942786072345814, 0.2967143616489753, 0.020792301197704154, 0.06002989823100217], [0.045597642695676975, 0.01445158087057914, 0.31510266253939717, 0.03760487059566486, 0.09268731130694688, 0.09257340694705732, 0.019153885904953653, 0.043649385908578, 0.0322664436535286, 0.2769027687491733, 0.019761127292176064, 0.010248913536267666], [0.016205231425888925, 0.013085437337754614, 0.017202410260715388, 0.37830047125309113, 0.010275388640304401, 0.01899496617936704, 0.01846973315564857, 0.40695044083410997, 0.009682928358485464, 0.04887068526424423, 0.05023020678138388, 0.011732100509005954], [0.06592245292182543, 0.07286678194936591, 0.13810955938176753, 0.11541798027345167, 0.028221000220201256, 0.03273267071529039, 0.1318279782184436, 0.11999377802681313, 0.0377898135307793, 0.12481541098733663, 0.07566529175932647, 0.05663728201539887], [0.01280627089556894, 0.018469383046537932, 0.029031340272777685, 0.053767042263101535, 0.06257884160720632, 0.03286025524877712, 0.009146268637342216, 0.08895581808664725, 0.3303948829046648, 0.01455638331699939, 0.319333