{"estimation": {"a": 4.129286389218109, "rho": [0.2914474029252052, 0.2983791045550207, 0.32041138605876146, 0.08976210646101272], "Mu": [[-3.9276372545234146, -10.920538580154975, -1.8919679222502581, -1.2973639412313345, -0.06241693800863771, -1.9532534768719079, -2.8418779826937137, 1.5258032130380998, 2.369089043640076, 0.24055513195361092, -2.1475983003327577, 6.304986135798035, -7.420101747174801, -0.9602400803878018, -3.94107382539915, 10.079308744187431, -2.3030526367107487, -4.548603463920599, -2.0797758110550832, 2.406316084384654, 2.0177017443589276, 0.48505120630626447, 5.203576958289925, 0.8009809462725448, -0.7449621288460394, 3.0791654567989326, 3.8744963180380276, 2.163383883520676, -1.4958181221677171, -0.28047093154567365, 1.0254529231504919, -2.1696136073489103, -4.239300748199262, 2.2712269181455382, 9.152384621163312, -5.300060927336225, -0.10365650421027925, 2.517423126832971, -0.03192691672113301, 1.3003221413693606, 0.9337305177631864, -1.8719820158856704, -2.388425346543291, 4.956126752675184, 2.194246185945639, 1.7838652433558206, 1.3615301700264608, 2.23469516146595, -1.0913033910205752, -2.5251533855305994], [-0.5783541012481224, -0.09072799486134477, -0.22269263717008042, -1.6268322049332593, -7.423402344581146, 10.359717166117578, -1.264244676575238, 0.6606777829560446, -2.4053503081149716, -5.0649064157156305, -1.3541847674663745, 4.065997888422521, 1.5431735880042896, -4.16486319656508, 2.2611943633757257, -1.0059524726823077, -1.365825630684546, -8.384273810989841, 0.5901056758411967, -2.416139032401477, -1.5242552370032492, 1.5349272289614946, 1.6919065712575936, 4.273915008081907, -2.626477669683609, 0.8125385559445476, -1.5344011676935523, 10.00003139978146, 1.9184647646518367, -2.5247027489170217, -2.0143601823597934, -0.6768270962599379, -2.591796731199494, 1.6619271608500656, 6.5036935370680204, 2.237288396709782, -3.067873570725868, 2.1537643460077676, 3.011018481456765, 3.1571216318665654, -0.3190756953899068, -1.3732788339802784, 2.066340892305412, 2.686321626280875, 0.49574689371140473, -7.434186637949384, -3.963203670348401, -1.5851236758849487, -5.5408326624664905, -0.04965054047685784], [1.9854547538604153, -3.467625039855215, 5.2287356019924225, 1.5333807164454534, -4.406976424749732, 5.816584662789708, 2.639210713116887, 0.9461834368351211, -2.8749217516779617, 2.559995103261854, 1.5750302516586374, 1.8691651889282643, -0.4211697264217074, -4.305282952067276, 3.3837296618298183, -0.6605385680575776, -6.0998048298881065, 12.761005423862253, -3.783721074880988, 2.28229346774948, -5.0151479687418705, 0.7222514931059789, 0.0013792297527502344, -1.1974206539719037, -3.6882361909218395, -5.501446930815218, 1.1844582790608138, 8.242339702599295, 3.351946551511883, -0.11951306609359638, -0.9156012767692908, -2.8845633822640875, -3.76747560738955, 1.651446016836177, -1.5032547890495347, -2.5303386874276677, 2.4714577635916517, -1.128386111657356, -0.43774340042376625, -4.322914926718979, 1.5192594900852523, -2.2713833721761505, -2.6527173615384383, 10.010028311508355, 6.210609607841818, 3.394903520999599, -3.8027005957718627, 0.7371951784644982, 0.47081778749609243, 3.9690960497862506], [1.1428428269534148, 3.896829383691433, 0.4658754574877024, -0.41193779557481286, 4.145705233485492, 6.816282099648816, 0.21413559108609306, 2.0440334365969286, -0.2517521816103441, 5.120999451219372, -3.4849823818603616, -9.008782321758051, -0.9262398310609579, 8.09104833233464, 6.811016472687122, -0.9570682606086072, 2.5906263803954994, 4.3705287085621185, 3.4981958081829623, -4.6999586286928405, -0.9248550377540834, -0.6895502999787656, -0.5506812283713548, -5.270335290866182, -1.268970655151159, 2.128160127526834, 5.161634124505518, 2.4127809214302802, 4.980914934444639, 4.50471832420566, 1.1238859671906716, -3.0362281467681447, -3.4761268852231915, -0.0978238180014466, 2.4792060919422805, 5.147982923998772, 0.07468005454917039, -3.8420793010927654, -2.257519703657432, -3.8509854863310817, -0.814727681522829, -1.9030616022189955, -0.02814382399180652, 3.8618969501071714, -2.1310045441767365, -2.148685994815089, -0.7687280395780439, 0.5433097648714592, 5.981687146000745, -4.559155213047511], [-0.7137665951133966, -0.157549383104789, -3.3712008112766836, 0.6165307270486479, 2.470752250695423, 0.0678598272019989, 0.3230359523245724, -1.2706543013375073, -4.896262269364852, 2.2200296584934747, -3.0370556454277033, 0.3751503763763299, -1.71196850442466, 4.367426068951545, -2.9381625482071776, 0.23904615521232986, 3.8424353050806253, 0.6669692851042724, -0.8265118632174822, 0.11883052232616052, -1.8501711431691934, -0.46803980865240724, -0.667507011079952, -7.066328692595608, -4.202780188290143, -0.2321727449516082, -6.212210819889405, -1.8655278328660574, -2.334816866790992, -0.9578174345126352, -4.986445654090009, -1.7051473883469266, -1.1828098973051473, -2.5835180569099596, -0.12276735162643077, 0.8114137082392799, 3.476169252258564, -7.256865086858995, -0.7377648661639006, -2.2818206609766514, 0.6117464085584412, -0.8660224309222393, 1.7283552533622695, 0.9573915644720714, -1.5640113657326018, -0.09074025505671442, -0.8652085550157, 1.2504253877837301, -7.47452254354063, 0.2927391846866664], [-0.743770455761579, -0.10287369718816003, -3.340431558886956, 0.493518466837261, 2.392923026014208, 0.12207638214044766, 0.2609009961371785, -0.5592308796492289, -4.883880638986714, 2.249587130734988, -2.907094597011236, 0.3903312094457466, -1.7123499863399576, 4.423506256936922, -2.9756157271072414, 0.1824613995459246, 3.822101560654979, 0.6906470931210871, -0.8332471948061935, 0.1270589358782695, -1.7913608836086576, -0.4024125634974755, -0.6932358333303296, -6.901027346227576, -4.204760775224376, -0.2030521991611942, -6.043697715348003, -1.5896921150261714, -2.2453867591754753, -0.9914970161438057, -4.5973808257321895, -1.580494206795157, -1.1407251518195585, -2.6138606372700646, -0.14401660624724702, 0.7899455133389401, 3.441838439353546, -6.786037627312229, -0.6718617086232166, -2.2785809794718253, 0.6056772523762193, -0.8704671479014907, 1.718123454982789, 0.9760383436505118, -1.6126325642277344, -0.10176326050994605, -0.9068484671324354, 1.3451147114521227, -7.3627582418731405, 0.3959570556632869], [6.1420767771652836, 0.6419637290161805, -1.502860062828028, -4.41774158588506, -3.92515811304835, 7.967125112550388, -3.558793111085872, -0.27580650469051865, -0.0884955615520867, 4.209999091378257, 5.36426840234465, -1.97861525558388, -3.4294673412302155, 3.4626819854211406, 1.9151818406173302, 3.5045724252689463, -4.017819936793724, 3.678982228969746, -2.263125999101177, 4.870055384834306, 3.4317325949604913, 1.4582449860401154, -0.888640239179937, -3.2774248409142346, 1.19668719874229, -0.8837653585257073, 0.22785567788366018, -1.5873661357286943, 16.035961222564563, -1.6506391369191245, -1.14637620250895, -1.9438774954418383, 0.9073118996373429, 6.463559235610908, 0.4480246258505118, 1.7118606928367708, 3.2533473437837643, 5.548363792625564, 1.6999623158306552, -6.132531665917566, -2.5696502287478276, -0.016359965284108324, 6.235528161593145, 1.5967343974615136, 1.3943799675366029, -5.528304688813186, 8.072167666324477, 0.7484066049889484, 3.512968817817804, -1.180842048733122], [2.9538828441609026, 2.5286661926801006, 2.3480664566071137, -3.1663204517079206, 3.078992571425557, -1.5186463915082347, 0.6662006904829553, 1.3043643775683809, 7.713380475538854, 6.663071246782551, -2.717145667677502, -0.3581169689320172, 2.960362089337471, -0.40198167726372214, 3.040412746983799, 2.1244099589584393, 6.862455483910696, -0.48565423205592056, -3.076124487019262, 4.326922371995826, 2.519902627348218, 1.183476308273573, 2.133101921201991, 0.18959442851907377, 0.09142562329919834, -7.512954452678197, -0.24402601287598502, 4.571632091236621, -5.119295716935377, -3.1885463893857695, -3.8374451023072806, -0.3331024541150695, 1.4749439821431078, 0.14648069143287484, -3.088120122709541, 4.563727264783562, 3.1736060766582317, -4.556359406576343, -0.2798563291066853, 2.053495666899076, 2.466696365410769, -0.8681615818653686, 1.983986823297112, -7.602778193642484, 2.6309248683698003, 9.16869589211513, 1.249337434969651, 1.3384516494982643, -1.2291946477511775, 2.1550777953758233]], "Lambda": [[0.44226034495886546, 0.1760799485538755, 0.5436041283204447, 0.18529760822871788, 0.39777447982566955, 0.2082050995516863, 0.6533560136635379, 0.37363872753943633, 0.3817508674568155, 0.35041402951454637, 0.2876805037697144, 0.2695639382611236, 0.21605277056211505, 0.8476522738571277, 0.3163647758181157, 0.3779073029644801, 0.44621656780241614, 0.862666972910194, 0.5854677584209222, 0.7536835935162637, 0.2371157348113317, 0.4221625956694022, 0.8262965336273277, 0.3671033821615747, 0.23333096516554785, 0.6885523947363658, 0.4088289231259336, 0.36185762531268073, 1.0047209971301465, 0.4940194944798685, 0.6841424027007291, 0.5749340625788244, 0.5292993398976293, 0.8740041492386618, 0.2364415091241739, 0.39021044987787773, 0.7142200866534036, 0.5092450889263376, 1.1720126014243162, 0.629310665890599, 0.2664369788515579, 0.48023854206754474, 0.39407808314647713, 0.39766128773255455, 0.5940754926629677, 0.8669828562098528, 0.44309884113184894, 0.2860007821343263, 0.22315381813306887, 0.3865377950981877], [1.802275474492971, 0.4057275985549788, 0.5598479813597267, 0.17259452751300217, 0.16216019576351595, 0.18166964343446637, 1.1155908476630507, 0.6692929811522093, 0.3082985566974907, 0.12446154217116946, 0.8151346652749676, 0.33221678410056266, 0.37436833039846673, 0.23973572745930313, 0.8186843709724307, 0.8822665086918131, 0.5650794320545866, 0.3916052531068206, 0.340234319309905, 0.8346395833629797, 0.37882148194284543, 0.4407559641279798, 0.5947701521343619, 0.44030736103557955, 0.33071249472188213, 0.9273306416615569, 0.5297782868230898, 0.4052007937796504, 0.34955792141740677, 0.3566067316279273, 0.7163376301363383, 0.37746944157400275, 0.5636422608753678, 0.899950401719903, 0.2001709780098219, 0.2680486671960949, 0.42910557978350333, 0.19253789410321107, 0.933357848777549, 0.6240723882641513, 0.4977025063756686, 0.3437326629792223, 0.5450341485771076, 0.5097785696819623, 0.7879216138646241, 0.2640519228669075, 0.6735141710314708, 0.5242157137183966, 0.40697936296665177, 0.9610566334311802], [0.4468546454666916, 0.6437121335565866, 0.3816220280067919, 0.34844251105220614, 0.1820675217176771, 0.3920608685770926, 0.7316580790041147, 0.41014521702981116, 0.32501054296009463, 0.6821811391509188, 0.47723709071485954, 0.23619880535312074, 0.6143868964945673, 0.5883020420681306, 0.3600423877569397, 1.021190035001066, 0.2267310716721338, 0.19822263688603353, 0.3050135358244331, 0.4124021500661827, 0.37714178380049074, 0.7938211796066367, 0.847030676543915, 0.4133852103171609, 0.48003625810912104, 0.5450705074954312, 1.084444507573237, 0.34589163739017964, 0.14836573006380882, 0.7264644784677028, 0.4350634104677535, 0.21963223761449865, 0.8278544757463766, 0.8341857794654329, 0.41576967780278024, 0.8057503319470355, 0.38053608203480027, 0.4125951324904543, 0.4589757738436224, 0.37684444438616, 0.6736710534945032, 0.37138795330441093, 0.3774605627174897, 0.3196582060642896, 0.36334347820722507, 0.7769718040620999, 0.7650805470800901, 0.4419430451103529, 0.3573308622265401, 0.6271100543712818], [0.7569107614197595, 0.41975924413511956, 0.45244984028883684, 0.3307862366023054, 0.7306161379693931, 0.2779845936634952, 0.8067685601945452, 0.6226103204188992, 0.6036009731412707, 0.5260085615702905, 0.26152751544501995, 0.40580644300309804, 0.28038636136554596, 0.24297377773672602, 0.21593758090228365, 0.8022385580131008, 0.09653512685230259, 0.09516786658630119, 0.9981472493306863, 0.46532265282363455, 0.2525197189957432, 0.3597985830545165, 0.7858073082010896, 0.3613518869109103, 0.41474168874116124, 0.2522358315018795, 0.7624828816543244, 0.3793640831799573, 0.16260595131491037, 0.3774296334696709, 0.8795604208934285, 0.30469794396491245, 0.19584191653475835, 0.29143005001573846, 0.34475855194799954, 0.34065587048734325, 0.6403907115132044, 0.6184992681340952, 0.2993346223250339, 0.5406013501362246, 0.44276103287280333, 0.7988765532546338, 0.5133131473541145, 0.4697773093535438, 0.6247736749531881, 0.17631205917609302, 0.7958718034983424, 0.44922939801414646, 0.5660068806643657, 0.6025520929040611], [0.3339196352554229, 0.3735790708831112, 0.5638735259151345, 0.2790925225239869, 0.42676961146793296, 0.5443843455798438, 0.3773939208752042, 0.7523143373189125, 0.3391624765742976, 0.8488141668314494, 0.41310009086218713, 0.36224990901052867, 0.4895652723516138, 0.44784127388812844, 0.38132528056415055, 0.762400080252402, 0.8763200583942283, 0.8745305233056745, 0.7885065056839992, 0.3896785944355706, 0.6462333229229539, 0.45495187020218053, 0.4479410897868883, 0.29788954363651254, 0.325035749669596, 0.3848732545897015, 0.7316032283309124, 0.22895855058376055, 0.4114703506702434, 0.7380342890443213, 0.3397372075099756, 0.5683594852311176, 0.34234345977799874, 0.4530825563220801, 0.9708054012083902, 0.40954765138739274, 0.4480962151184748, 0.4756768911373078, 0.3120252622010487, 0.35251734544196256, 0.2554498411015078, 0.4087797324624321, 0.3260015731129261, 0.6801134068719102, 0.4718066104532979, 0.7977230648807774, 0.7555780614425636, 0.6112096198203755, 0.2781612358847523, 0.38569444446067463], [0.32941385685566016, 0.3873687205292693, 0.570756307636496, 0.2786974099562623, 0.43452065458964173, 0.5474166130027536, 0.3774156897135055, 0.7451407023620075, 0.3416208145972607, 0.8503802825571544, 0.4256094042461983, 0.3644806538704709, 0.49123250317494327, 0.44397656017964304, 0.37636228946397066, 0.7403370781896685, 0.8840893713279159, 0.8745725801269857, 0.762817123143149, 0.3861453568736497, 0.6498826120352024, 0.4375236443304699, 0.45138390014150936, 0.3059327189842926, 0.3213098909332096, 0.3906427765979025, 0.733298807946552, 0.22461205663700354, 0.4141544788499276, 0.7292163806064793, 0.3348589887553954, 0.5617395622765078, 0.3474549644080651, 0.4466103309730516, 0.987953443025343, 0.39946883253902493, 0.4451760723597987, 0.47246134886133606, 0.3089157523535816, 0.3515963457516031, 0.2511913937158847, 0.3999223999082228, 0.32013462381325314, 0.679374984202455, 0.46123279845896226, 0.7921573610488036, 0.7520606216606837, 0.6089593691491978, 0.2800616508159082, 0.3810013492304719], [0.25469790054591873, 0.07233310304623755, 0.4964041740578855, 0.21370167829819, 0.387698930404094, 0.18243009425247825, 0.5418911085558413, 0.9233635499244034, 0.8878178743255579, 0.24526611679559826, 0.6743688457602706, 1.094964727928174, 0.3632341970744436, 0.5724564426933605, 0.3079568388853159, 1.004320735246416, 0.08307414579130198, 0.23421477647543765, 0.5158065862814587, 0.38484471391110225, 0.3957245193291829, 0.7905209550371001, 0.8384198190466227, 0.5802814100499157, 0.7854369704137188, 0.9000352338415455, 0.8986425489719182, 0.43182683231182284, 0.08685381550575301, 0.7922661844432504, 1.0495924409490878, 0.6702140037885259, 0.5204208066993874, 0.27275439643075705, 0.2233610299123769, 0.7856760097808869, 0.21509207718262577, 0.5946582338635538, 0.131361032467117, 0.8791861471105098, 0.35746445365242957, 1.0188567524671277, 0.16714417212334587, 0.4022831543130083, 0.4623382074554195, 0.33339760625521264, 0.21363349460196757, 0.1895465354093683, 0.8527862942491047, 0.4913095353894505], [0.7430626079332953, 0.35474502259387375, 0.3023648180270459, 0.3096231056913553, 0.31227422551637163, 0.15471551298686811, 0.16457489026848923, 0.7076748171594509, 0.08654996555645385, 0.5007200526324718, 0.20370105248321876, 0.9234382727410754, 0.4202474924079541, 1.1246407686782858, 1.2078877270997253, 1.3558023747575003, 0.48179961337167915, 0.5092363564311536, 0.44902043348699233, 0.5795354380399979, 0.45077446611830463, 0.6867678459815051, 0.5280047273442244, 1.281113522059711, 0.8170167651687154, 0.32849829816367987, 0.5204408433769385, 0.7005531338843107, 0.12936935780277092, 0.44296617814897943, 0.6482789776984154, 1.3368720925461592, 0.4892269586380498, 0.14483014072569186, 0.7308609194619665, 0.3507604414637282, 0.5789531130166202, 0.19342838007407645, 0.7087760733094552, 0.4800171109098858, 0.3777414390913827, 0.37009932926679506, 0.6639099606804427, 0.41792757081295906, 0.3068073413146639, 0.3444516333668883, 0.9508704527032986, 0.2417108609611196, 1.684375745215101, 0.17223386867012438]], "G": [[0.3309308097878958, 0.187186619279143, 0.4612262361251452, 0.020656334807815986], [0.33907972505586714, 0.35083735659669396, 0.09760634188813941, 0.2124765764592994], [0.34695015845102084, 0.35358190251274385, 0.2537204977274773, 0.04574744130875778], [0.10698857744455222, 0.1384723582089104, 0.09725517906529482, 0.6572838852812426], [0.20126974285516355, 0.2038720700203066, 0.21281089983886764, 0.38204728728566256], [0.2876399156892988, 0.29140108947804544, 0.3960069458965589, 0.024952048936096503], [0.3517475677321689, 0.049388114574344846, 0.5715308020144104, 0.02733351567907585], [0.30534615769489015, 0.3121468893895857, 0.36362681701523963, 0.018880135900284156], [0.08369132215248253, 0.026993042625702183, 0.879098783601039, 0.010216851620775933], [0.4209378960928527, 0.42369379172151367, 0.1449141757004607, 0.010454136485171774], [0.17007527824299704, 0.17635716932899698, 0.6397099547661322, 0.013857597661873607], [0.433296500082058, 0.437697720640544, 0.09549867230100872, 0.033507106976389624], [0.38294907388533034, 0.3909235493688963, 0.18741666844517865, 0.038710708300594414], [0.4760527884078583, 0.4794795892180829, 0.03669014405919789, 0.007777478314860789], [0.5047039358045919, 0.23560680577962867, 0.15950715264902618, 0.10018210576675299], [0.3190482037475514, 0.3266415940800371, 0.33387738143431284, 0.02043282073809827], [0.2007758590767958, 0.20576969135429277, 0.5029953346424515, 0.09045911492645968], [0.43107015213387606, 0.4330151953042661, 0.03997883425521955, 0.09593581830663962], [0.3875845683627327, 0.39296898756063053, 0.1872574005474199, 0.03218904352921702], [0.14415175382488127, 0.39450600380205697, 0.4152694277940899, 0.04607281457897194], [0.4230371906968547, 0.10816341499677504, 0.25486375069804285, 0.21393564360832718], [0.36319374536090016, 0.37087354697381864, 0.2533405838473632, 0.012592123817918794], [0.42467568801415545, 0.4331183220283206, 0.10822634182825319, 0.03397964812927014], [0.418531674527725, 0.4322607868567527, 0.10436416435606509, 0.04484337425945786], [0.36974825171414843, 0.37317842081475666, 0.23336004613377673, 0.023713281337317704], [0.32898103955289765, 0.3274179816380414, 0.31288834061770193, 0.030712638191359522], [0.3846841539592623, 0.10032478269373904, 0.4983760227379867, 0.016615040609012255], [0.3349024629182511, 0.3418714955475172, 0.23193719612727265, 0.09128884540695864], [0.14781313641504842, 0.49501651577805494, 0.3435301811875028, 0.013640166619394562], [0.3531649681258631, 0.35950579567828705, 0.23146414263625384, 0.05586509355959572], [0.15910468817141846, 0.1586231213390721, 0.6485601366971117, 0.03371205379239727], [0.061913611300436704, 0.05920048602021896, 0.28692802409795837, 0.591957878581387], [0.409235042031673, 0.4133676578389433, 0.15218004483806657, 0.025217255291316864], [0.37595908371207704, 0.38275828298822695, 0.19310420673732256, 0.04817842656237368], [0.18317613173302716, 0.2324548356690784, 0.4723323814609556, 0.11203665113693854], [0.14521926072942065, 0.14834389852883526, 0.6589776944058341, 0.047459146335910224], [0.19762290934689178, 0.2034162990342653, 0.5046860502476168, 0.09427474137122639], [0.20417684702272224, 0.20385376449627185, 0.38620997043183974, 0.20575941804916642], [0.10446755542160477, 0.10782524287622954, 0.7390340749770531, 0.0486731267251136], [0.06936037831192449, 0.047428867659036394, 0.6408789986352325, 0.2423317553938057], [0.43000563899837024, 0.43804171573184164, 0.11919822133188793, 0.01275442393790037], [0.25456518174563225, 0.25707095987561057, 0.20214299838018782, 0.2862208599985683], [0.2465418466888625, 0.24749718590113412, 0.2525573266364413, 0.25340364077356187], [0.3144795303362962, 0.31952127115993195, 0.12484418973050544, 0.24115500877326645], [0.21400184696450214, 0.2182083453008603, 0.5398031618408593, 0.02798664589377826], [0.035707603728311436, 0.2742704923923263, 0.648632953191291, 0.04138895068807055], [0.22820374676710503, 0.22518058342406383, 0.4275511602487712, 0.11906450956005935], [0.3292862434814811, 0.3290214608705446, 0.2928368400024495, 0.04885545564552539], [0.19913502498911298, 0.20782305253907574, 0.41288244830301957, 0.18015947416879274], [0.05071290961566654, 0.2938082762968275, 0.6140320852119742, 0.041446728875531746], [0.46178745906578134, 0.46570038880445214, 0.0682666097323759, 0.004245542397390553], [0.3453694176865193, 0.34864998388777185, 0.1522629133825992, 0.15371768504310906], [0.18741949450908799, 0.552389489505197, 0.18492615594805173, 0.0752648600376626], [0.12689958704090673, 0.1279808016836462, 0.7363319823993556, 0.00878762887609187], [0.38382427707724603, 0.38518183914397325, 0.2189449860245962, 0.012048897754184022], [0.28155446379120824, 0.2816838374778126, 0.4258154230065482, 0.010946275724431126], [0.2895039976814266, 0.2938829981243174, 0.2717919229436847, 0.14482108125057155], [0.3652453271485593, 0.3738570598250029, 0.15045221227380112, 0.11044540075263569], [0.36966302636271114, 0.3749983874039036, 0.22054237424265138, 0.034796211990734266], [0.11381210969434505, 0.2617612116933684, 0.6058597685092438, 0.018566910103043052], [0.4053652565710473, 0.4087487933042779, 0.16747461330178934, 0.0184113368228853], [0.2119529260956724, 0.21212919219688012, 0.5347378586801758, 0.04118002302727223], [0.24307143792402539, 0.24484022032259622, 0.48536084199054885, 0.0267274997628289], [0.1297212313154342, 0.23542350622954425, 0.6243685310080975, 0.010486731446923742], [0.45121482225721465, 0.4561066890331737, 0.0858032070833846, 0.0068752816262261625], [0.18618102301808087, 0.46811092492701795, 0.3314408230103362, 0.014267229044565514], [0.11741282711812326, 0.12009110420898651, 0.20721078006468432, 0.5552852886082057], [0.20700850701529708, 0.7038376238235161, 0.06316751496582441, 0.025986354195363073], [0.2648053573126565, 0.0917974188352519, 0.2509824206292101, 0.3924148032228815], [0.31696257357974555, 0.32312369559532106, 0.303441694402029, 0.05647203642290502], [0.1572857519001393, 0.15709995868080198, 0.6565096561861494, 0.02910463323290977], [0.4550958862315547, 0.46136092901222703, 0.05748884382788188, 0.026054340928336247], [0.20064989468203948, 0.19873743771271582, 0.4068137121665602, 0.1937989554386839], [0.3859167844193564, 0.3847484201904209, 0.16614575095117895, 0.06318904443904326], [0.20913606432102047, 0.21541076779342122, 0.4679566619782343, 0.10749650590732396], [0.4546105123999782, 0.06478351197822889, 0.45558042322837694, 0.02502555239341672], [0.37937855325049846, 0.3888329939727143, 0.1882154649883187, 0.04357298778846857], [0.07670029058174366, 0.5686113264289601, 0.341276330712885, 0.013412052276411788], [0.367388555905099, 0.37071665283482097, 0.16709302105554177, 0.09480177020453795], [0.36998811219889927, 0.3802907200465782, 0.19333402455413307, 0.05638714320038862], [0.5622033008871447, 0.19796353830650726, 0.2281190687059514, 0.01171409210039638], [0.17185635772563448, 0.17109269640370384, 0.13672303072609582, 0.520327915144566], [0.13420230166230024, 0.13482714891696795, 0.47564740185256743, 0.2553231475681641], [0.40308631542357676, 0.09117915061110869, 0.4931886269281563, 0.012545907037158311], [0.1261945995247748, 0.17132654781747608, 0.4460878909730991, 0.25639096168464914], [0.39653657882313686, 0.5467926838916063, 0.04033713205242395, 0.016333605232832928], [0.12338951457035875, 0.2224198075543659, 0.5755284406794143, 0.07866223719585999], [0.060269620173379515, 0.13052481364634747, 0.7493453613090159, 0.059860204871257636], [0.10195876389457979, 0.11887515697839515, 0.7652191520270452, 0.013946927099980556], [0.35012779855544507, 0.3560204910801127, 0.26025552811786695, 0.03359618224657531], [0.2917046610890288, 0.3003583184292139, 0.3767287345078052, 0.031208285973951568], [0.4060925448065877, 0.418717332729229, 0.1376996994743111, 0.03749042298987185], [0.2374083765323798, 0.24132746385345763, 0.44244643812893125, 0.07881772148523224], [0.1564859111228581, 0.42612789543783663, 0.4071001367284716, 0.01028605671083321], [0.11308602671973488, 0.11730322795581963, 0.4305588873244945, 0.33905185799995063], [0.2775443016645302, 0.2800298113211382, 0.26204690914907114, 0.18037897786526036], [0.34963893505180993, 0.3508424478266102, 0.2006582709911639, 0.09886034613041603], [0.15524132991788828, 0.2510198456814291, 0.5765743626328473, 0.017164461767834246], [0.48416956679151346, 0.1972470589747432, 0.3018178185250848, 0.016765555708658186], [0.3944990493587405, 0.40324436735636354, 0.1822305197266997, 0.020026063558196455], [0.36333589341155814, 0.3691554697421718, 0.04760038807108677, 0.21990824877518372], [0.42467126282902856, 0.4245864663830821, 0.1353966105482439, 0.015345660239645289], [0.2522242428776746, 0.2568067017857025, 0.4722292953812356, 0.018739759955387698], [0.2989267656859531, 0.30244552909208267, 0.34328291143014883, 0.05534479379181588], [0.04695585936461364, 0.18584005702143208, 0.7012159750964619, 0.06598810851749322], [0.2831997998272029, 0.28625639505350703, 0.4201228342850455, 0.010420970834244512], [0.07578861211736611, 0.5794196195733812, 0.2509524687701987, 0.09383929953905376], [0.3668273332678945, 0.37194095555072876, 0.20519648101564605, 0.05603523016573001], [0.29838877749403186, 0.3048218033020496, 0.13793834999538165, 0.25885106920853695], [0.1973193974366316, 0.7198073148987005, 0.0725377513668755, 0.010335536297793461], [0.4418937206525849, 0.12882307482371702, 0.3986036603957741, 0.030679544127925118], [0.23444547573746, 0.2414331722300628, 0.39957654098731743, 0.12454481104515945], [0.14984579666852363, 0.15107485159511772, 0.6866463688096498, 0.012432982926708523], [0.32397619970533903, 0.26103052596976917, 0.3581178044796488, 0.056875469845243116], [0.3605200647735466, 0.5535108237010079, 0.07522074942395705, 0.0107483621014891], [0.15208257155602795, 0.1558384485920278, 0.6324971070953849, 0.059581872756559594], [0.17687095772760397, 0.19489973242287165, 0.6193285837832725, 0.008900726066250362], [0.22373315093478705, 0.22886403166819688, 0.35396501510058587, 0.19343780229643012], [0.32266695677141966, 0.32571931722544245, 0.33931162954789734, 0.012302096455240143], [0.18388473566581892, 0.18884533166218256, 0.5704597593506981, 0.056810173321300526], [0.057229961176394846, 0.15747609290180453, 0.7266219659444803, 0.05867197997731922], [0.37874015148211504, 0.330425257554352, 0.24229449629450245, 0.048540094669031114], [0.45703238830135007, 0.47015525127308555, 0.05746200327955443, 0.015350357146010806], [0.18664884370488266, 0.3446131449177578, 0.4456769186952657, 0.02306109268209376], [0.4366062818989377, 0.4452395714223131, 0.10926781424477032, 0.00888633243397956], [0.3554187119003849, 0.41923587322562245, 0.1992045653395115, 0.02614084953448086], [0.3679524178123403, 0.18596750104280346, 0.3269040546393575, 0.11917602650549869], [0.2542024771977905, 0.25801927665108937, 0.4691621635968712, 0.01861608255424893], [0.3898473528417604, 0.3985993566612556, 0.10146229098271345, 0.1100909995142709], [0.29768091780906525, 0.30463990256399953, 0.03439150895760823, 0.3632876706693277], [0.050539447196471333, 0.052409705305713844, 0.8509796636647399, 0.04607118383307491], [0.1656705534774708, 0.1707145899474113, 0.314534772111637, 0.34908008446348066], [0.4178896576608484, 0.4169200831401912, 0.15267165296856317, 0.01251860623039596], [0.32571872174727773, 0.33700159568552185, 0.31259991552339395, 0.024679767043807154], [0.11814462639483153, 0.6010879346222276, 0.25630280620711626, 0.02446463277582432], [0.25459959076303423, 0.25669459732562977, 0.47059306192394246, 0.0181127499873941], [0.14748410423105315, 0.15159035748777114, 0.31142593626388887, 0.38949960201728734], [0.11473484505037027, 0.11899200029608911, 0.7529378997332649, 0.013335254920276164], [0.46233224361045083, 0.4771005991535246, 0.045286439567095875, 0.015280717668928507], [0.25857475123591284, 0.25660926368529546, 0.4142770243048806, 0.0705389607739114], [0.20560060728225749, 0.20728309982224577, 0.5468611217503097, 0.04025517114518669], [0.055397001148310615, 0.05718323753164775, 0.8685501587246859, 0.018869602595357315], [0.44061868458829395, 0.444731316935731, 0.10650284715725307, 0.008147151318722226], [0.03156551277721091, 0.11163800736921375, 0.8327760045718567, 0.024020475281719855], [0.15541298320508873, 0.15599822389246057, 0.3167369548244316, 0.37185183807801875], [0.2738535368430355, 0.27199499636487756, 0.26526766744049995, 0.18888379935158772], [0.26982735409559966, 0.27196377543565015, 0.4278006423432572, 0.030408228125492334], [0.24584629748322404, 0.24891762756755553, 0.4929553084189011, 0.012280766530318253], [0.3892582785665932, 0.39607867198546565, 0.12021441324037362, 0.09444863620756737], [0.25363804941916585, 0.2563717170848189, 0.3267010640286064, 0.16328916946740896], [0.4557901907541277, 0.3191126867097591, 0.16525082508624928, 0.0598462974498643], [0.42909769151947363, 0.1246186199139612, 0.18003085797614257, 0.2662528305904226], [0.09655274335894477, 0.34708176035310684, 0.5382309762901097, 0.018134519997839053], [0.42001066393201303, 0.42456786157773657, 0.12588810939071676, 0.029533365099534], [0.46010964582205055, 0.46601464046103286, 0.03607192826260505, 0.037803785454311796], [0.2222301318524394, 0.23352695920909505, 0.2862788074849689, 0.25796410145349624], [0.36519650962593436, 0.3655362127554955, 0.24740141822553594, 0.021865859393033878], [0.28696914851127264, 0.2854392431062194, 0.3741231580455531, 0.053468450336955006], [0.25134593808878536, 0.5114757473556172, 0.09829486517735002, 0.13888344937824917], [0.20860144836272265, 0.21607992227738088, 0.5258132011231531, 0.04950542823674354], [0.5115012819127085, 0.15550359192806584, 0.292560227357053, 0.04043489880217281], [0.27858196970988297, 0.28525531744588545, 0.3884259502768059, 0.04773676256742543], [0.4430680747734234, 0.45789889562250585, 0.06463222510962068, 0.03440080449445039], [0.19348226415853434, 0.20100973828103352, 0.4251355224578609, 0.180372475102571], [0.5374586864270039, 0.21188544067109244, 0.23771658925183833, 0.012939283650064746], [0.3269746365462708, 0.32973191994006845, 0.32610380536917677, 0.01718963814448474], [0.3347012376009375, 0.34194367625130245, 0.3115575266818661, 0.011797559465893946], [0.4368745548609489, 0.4405003703876222, 0.10719699535334883, 0.015428079398079393], [0.040757799092797524, 0.5974520482288088, 0.3094977180427146, 0.05229243463567922], [0.448344460804758, 0.4635589352862782, 0.07654623047806472, 0.01155037343089886], [0.38178710913757086, 0.3869708918776662, 0.14260215218855385, 0.08863984679620909], [0.2135717567594831, 0.2217857227994513, 0.2585564059802989, 0.30608611446076606], [0.41813282434800114, 0.4239041081838626, 0.1459094162850174, 0.012053651183118264], [0.1824325463992073, 0.10993228203323496, 0.6581396392582324, 0.04949553230932543], [0.05070790740101389, 0.24013654356434194, 0.6822155661369416, 0.026939982897702202], [0.24674462141860706, 0.2502961082128493, 0.47182381887896546, 0.031135451489578657], [0.5708019121352902, 0.10757560040071103, 0.05456148016710606, 0.2670610072968923], [0.3329120597694999, 0.04585190222051091, 0.5666809195630944, 0.05455511844689468], [0.227774265409469, 0.22756065778851833, 0.21733084877955766, 0.3273342280224555], [0.705661468328953, 0.2234367282458491, 0.060737316746320456, 0.010164486678877944], [0.13077788811785904, 0.4842715014808793, 0.36017917031, 0.024771440091260997], [0.32959226357196825, 0.3340752971436836, 0.29773771979091845, 0.03859471949343037], [0.07505527820865637, 0.47092274501369874, 0.24861308425177173, 0.2054088925258723], [0.12543538918705538, 0.12449485937897854, 0.7329293639387897, 0.017140387495175435], [0.2633300741881405, 0.6436032539122469, 0.08038466128842744, 0.012682010611185257], [0.4329702499497618, 0.4418881054211905, 0.0754248458606695, 0.049716798768378465], [0.1499183716536383, 0.15381107540664307, 0.6359873555808576, 0.06028319735886142], [0.38029311380912617, 0.3879289785016104, 0.18380838353612666, 0.04796952415313683], [0.35612566415433555, 0.36295807085324017, 0.20680214040048123, 0.07411412459194304], [0.3378178905946959, 0.34383032440579486, 0.16469744568705713, 0.15365433931245226], [0.24603165592427312, 0.2554587121072745, 0.48533412053734865, 0.013175511431103442], [0.3645786654120219, 0.3688400447342109, 0.1917585026486741, 0.07482278720509271], [0.3533374155210139, 0.36008381838984255, 0.27379889783866146, 0.012779868250482097], [0.3773426956430993, 0.3877943851562545, 0.2068736347874659, 0.02798928441317957], [0.26006048835945345, 0.2607634126580692, 0.4221117586029677, 0.057064340379509935], [0.2938283512594635, 0.39674532520418077, 0.20560790715936875, 0.10381841637698644], [0.2797118397982367, 0.28312278486376435, 0.3754003241489113, 0.06176505118908725], [0.26818923144149515, 0.2726799951040561, 0.43403016092806146, 0.025100612526386703], [0.45071047865646385, 0.0722453103168238, 0.4655093052862265, 0.011534905740484927], [0.17038951370421143, 0.1811637711936958, 0.5411593451387453, 0.10728736996334717], [0.43753527384050844, 0.4515496916597553, 0.031574795268172015, 0.07934023923156426], [0.3028972762179156, 0.31158732253996235, 0.10347092685591301, 0.28204447438620983], [0.24202297507762482, 0.2506462317686731, 0.42353477308579035, 0.08379602006791094], [0.30165329755597764, 0.3066007400697845, 0.3432250656511436, 0.04852089672309501], [0.6690172826996234, 0.13406470637293164, 0.16133530587400752, 0.03558270505343708], [0.20674843916957195, 0.21368433806418627, 0.137257130622712, 0.44231009214352934], [0.468535784366656, 0.15414096660235063, 0.36366159300457684, 0.013661656026416207], [0.3135326466589862, 0.31791038853743736, 0.3254063357059225, 0.04315062909765343], [0.14083743346157912, 0.2550978225680161, 0.5861632464902207, 0.017901497480183517], [0.27987647768780677, 0.2858890363969639, 0.25713170966195675, 0.17710277625327284], [0.5426360972771279, 0.059170978595037345, 0.38458896232692846, 0.013603961800907111], [0.13390181596651834, 0.27013038007146756, 0.5450340826102893, 0.05093372135172411], [0.3671482281768269, 0.3782972563749064, 0.240810574222781, 0.01374394122548487], [0.3329884732445489, 0.33535180263448217, 0.10771767775433201, 0.22394204636663642], [0.4119196870078064, 0.412100156087505, 0.14808774940574243, 0.02789240749894632], [0.3122145672758545, 0.3181366348663305, 0.3410373257938622, 0.028611472063953494], [0.24757682722148228, 0.25219102447640485, 0.4831344306310427, 0.017097717671070062], [0.14411142387477802, 0.5099559408164658, 0.33221015916294855, 0.013722476145808307], [0.3072345191680213, 0.04155223248285091, 0.22592227185517433, 0.42529097649395387], [0.415640382829223, 0.41673851115549776, 0.15055259903230028, 0.017068506982980174], [0.19415114993018687, 0.057015541007816854, 0.7376269455595104, 0.011206363502485977], [0.37073737171097454, 0.38582830013393626, 0.14645304243976137, 0.0969812857153278], [0.22577813737135716, 0.22899231279880425, 0.5146755023170341, 0.030554047512805278], [0.301637308073311, 0.30828774645160045, 0.2710880931976585, 0.11898685227742943], [0.34819692668289054, 0.35064526091074744, 0.2861718345255582, 0.014985977880804203], [0.2556476406016085, 0.2610962309204262, 0.4324956021388243, 0.050760526339142006], [0.3422838973679449, 0.3524896145078146, 0.19404391565827903, 0.1111825724659615], [0.25719969730311654, 0.14387098021768635, 0.5748662967768499, 0.024063025702347394], [0.12868515018560778, 0.35019473412997915, 0.5096354133676188, 0.011484702316795084], [0.39489304866103886, 0.4030756811693673, 0.17779571012808676, 0.024235560041507277], [0.45901855786604767, 0.4647239499672921, 0.06204625490425609, 0.014211237262403144], [0.4226542743267619, 0.43066365029790626, 0.08347389145692126, 0.06320818391840989], [0.23470910810000298, 0.24136951823627437, 0.5064886064296575, 0.017432767234065377], [0.2303272613493925, 0.23866610438715943, 0.30091565247454016, 0.23009098178890758], [0.28099176833173983, 0.31039510991642616, 0.17941394443977624, 0.22919917731205794], [0.12948033954018714, 0.27529103412794864, 0.551017204610305, 0.044211421721559216], [0.19429238245862293, 0.19794300141319815, 0.12466864071641431, 0.4830959754117644], [0.4804217244575667, 0.12589758759800906, 0.2968041963073542, 0.09687649163707031], [0.16558755117169346, 0.1654679088385632, 0.655101041333371, 0.013843498656372117], [0.23081759446156166, 0.24106415861357605, 0.4369628708229465, 0.09115537610191644], [0.12903603604280126, 0.4517738945381722, 0.35838295875844584, 0.060807110660581344], [0.40133835964795844, 0.41123136876667044, 0.15017281246292605, 0.03725745912244481], [0.3336422107385507, 0.3374911806325393, 0.3066501646159598, 0.022216444012949574], [0.22805035950713923, 0.6022356352998682, 0.15018791709344842, 0.019526088099544307], [0.3124676849588842, 0.3183423775067534, 0.34936410758514536, 0.01982582994921729], [0.410273629012081, 0.42267072534958106, 0.12371939698737858, 0.043336248650958926], [0.3096984767434961, 0.31428867554886586, 0.36185707162722575, 0.01415577608041266], [0.36964533382080544, 0.3751332453037095, 0.21145376173527405, 0.0437676591402108], [0.21906961813114498, 0.21712674783083322, 0.31873107509394744, 0.24507255894407443], [0.46525356780559934, 0.47248811192623846, 0.026180166639158908, 0.0360781536290038], [0.3604197661737094, 0.3688409679284357, 0.24919102325824627, 0.021548242639607817], [0.294573145259562, 0.2975663579725174, 0.38371602093463275, 0.024144475833287295], [0.3436066488405453, 0.34725422008415047, 0.3037724789372871, 0.0053666521380173445], [0.45712394247386634, 0.4678619862011032, 0.04704210762819323, 0.0279719636968367], [0.18106207903735028, 0.36138316844931956, 0.05787322869475439, 0.399681523818576], [0.26180984373182375, 0.26913922327921075, 0.26679879187415495, 0.2022521411148098], [0.38774197910822134, 0.39708746168098746, 0.12122310511578473, 0.09394745409500624], [0.2852056473606736, 0.2886447988706316, 0.41614516358332176, 0.010004390185373347], [0.215305497149477, 0.21712950291161712, 0.5397143960110115, 0.027850603927894336], [0.2177877703537707, 0.22368442311844516, 0.5396850475612078, 0.018842758966575845], [0.6351256539140977, 0.08192556078536263, 0.17150754731165233, 0.11144123798888839], [0.3585530273621299, 0.3660462982462034, 0.2569772423841141, 0.01842343200755256], [0.5884643888395078, 0.11866835494652077, 0.10275459642950487, 0.19011265978446665], [0.5099532100059255, 0.3344207587450946, 0.13178016046302868, 0.0238458707859518], [0.3534670581812718, 0.35474077111990926, 0.2430480492496428, 0.04874412144917609], [0.3195917176998713, 0.3233835469053807, 0.32007783247126614, 0.03694690292348132], [0.2250879776486226, 0.23529168714782342, 0.1219542465001099, 0.4176660887034443], [0.2135837510275928, 0.10198469581136783, 0.6653436668919142, 0.019087886269125942], [0.31979778587019997, 0.3256850923841246, 0.1939472846639857, 0.16056983708168976], [0.16503782508938333, 0.17080131145632932, 0.12738259698556267, 0.5367782664687245], [0.44766746130257623, 0.455661632503755, 0.08109504078896634, 0.015575865404702937], [0.41829085223774015, 0.430586102839754, 0.12838846683910288, 0.022734578083402693], [0.3744149058820293, 0.3662515043537698, 0.22316295975407244, 0.03617063001012901], [0.3681331935718893, 0.372412651320638, 0.22782020981395565, 0.03163394529351746], [0.10654549106672843, 0.641830486285719, 0.24389315019074403, 0.007730872456808449], [0.650499675232681, 0.24527478813176, 0.09295083905545432, 0.011274697580105303], [0.11571895663036179, 0.04085980597461013, 0.8308795357187073, 0.012541701676321309], [0.4261600887821302, 0.4345831876572831, 0.10501469285514599, 0.03424203070544077], [0.06430579989713668, 0.5635337613026812, 0.35455741696041565, 0