{"estimation": {"a": 10.953871093114827, "rho": [0.12068494430115508, 0.146242953573158, 0.04131567163104082, 0.03053333591263618, 0.03315475933021392, 0.26966465351346347, 0.24840285963680334, 0.03269819042273429, 0.026473532668071665, 0.05082909901072322], "Mu": [[-1.8001316313689288, 1.0719499296004447, 1.4818140974626623, 2.6536388259551917, 2.39154939412863, 1.3369892254661047, -0.1169378989151544, -0.46663845961712747, 0.746442593486161, -0.9859125163301965, 0.2384456745400281, 2.3355573868917747, 2.353013264093867, -0.6543940768622037, -2.0826775798954764, 0.9223231331627797, -4.045402693643069, 2.232669813114344, 2.8245804046118774, 2.820294345816866], [-1.6681571155774149, 1.2134336621980144, 1.3781080187896588, 3.3278669922074378, 3.1572192706836124, 1.3554412563643339, -0.35969872843101697, -0.6223137244504879, 1.0450406365770089, -1.645376459167492, 0.7810902085848231, 1.964111845273241, 2.721780720672254, -1.561464773080217, -2.4897836455691498, 1.1302392979034763, -3.3441253991690294, 2.6730753955773077, 2.609977349828183, 2.4590681132585868], [0.2676042274173931, -0.37794655070395383, -0.3123903241723105, 1.2120766589412326, 1.6825670228428975, -0.12482588620428331, 0.7387051270950005, 0.1713938203177121, 0.6386273028548732, -1.1527381189724621, 0.02075791195040466, -0.005915865341815603, 0.9979369457797345, -1.0297325483699324, -0.4131349927288401, 0.3099110839221227, 1.934417874498562, 0.18783977071894473, -0.11396142471975024, 0.10819599145303609], [0.40832048843106855, 0.11831158541976548, -0.11669522593002696, 0.7663228301876078, 1.0026752868391224, 0.27734946457316606, 0.6236624631088292, -0.044084492384009376, 0.47996638107683387, -1.0066043784808723, 0.7010179029090259, 0.12378538438062071, 0.7840558388735475, -0.46230232796666026, -0.1962987842155991, 0.32328648202317395, 1.2508263644346018, 0.5310907265046853, -0.05540795387601059, 0.33544408667864284], [0.5409867989916272, -0.45704577158670295, -0.18655675639343883, 1.0614250187865761, 1.5688018871410283, -0.28394306959423915, 0.2706763281437753, 0.38498138320900177, 0.6319416486058449, -1.0942909745632976, 0.6639140510263224, -0.3651301626422755, 0.9024314902306741, -0.7721536824746759, 0.34360527629270243, 0.5771363248114805, 1.1783414119610183, 0.39612814580456956, 0.20617791228394916, 0.5853470270537801], [1.636225834107005, 2.0685700566961778, -0.7034758202089851, -1.5048376460651147, -2.299800399348985, -0.3198444019298633, 2.619375911747897, 1.8059404204837344, 3.293218052458811, 1.751698727902677, -2.418519504784131, 3.8608999937903232, -0.08679271117366089, -2.1038102064763016, -1.8331139952188715, -0.48346744888261356, 1.7980865561712935, 1.2172225510834387, 2.038569689568418, -0.2869638528282501], [1.2262250273371451, 2.891058617777068, -0.9929085910880285, -1.3048652877138704, -2.705038562898706, -0.3350559290515237, 3.220492408948023, 1.7663385064025385, 4.162906122772797, 2.2972001139438722, -2.5198955048473617, 4.527883309765997, 0.11016704439007663, -2.7575674506616936, -2.126966488312783, -0.19362055367276101, 2.2424274239100117, 2.025502559050583, 2.6561845193936677, -0.41126359346163777], [0.16506662726709448, 0.5279537960341846, -0.8623995977837183, 0.18573073418479033, -1.366130616240534, -0.01701097050820523, 1.003738991145871, 0.14738605977734176, 1.2954782255036976, 0.23764691319373965, 0.2926318602090196, 0.569934631285374, -1.2253954867530918, -0.6955828942060627, -0.5082003986915307, -1.1301697955960293, 0.29238617464718286, 0.5621327811628283, 1.066130773092372, -0.7643273017162198], [-0.5005795868345839, 0.3761471078653949, -0.5803639472577102, 1.0827117153172183, -1.0932651565921727, -0.455775132953571, 0.3901071160460827, -0.3609048509140789, 0.5716360916009864, 0.411532988641341, 0.21860777572399237, 0.4746325248145802, -0.09859627316463539, -0.806142163915166, -0.12370595490925992, -0.380990935664685, 0.07916561169281379, 0.2590860267347115, 1.0287781344114515, -0.5983180318395598], [-0.5306623340719511, 0.08288263758647635, -1.1070481355360677, 0.5097440615178837, -1.234957179238853, -0.27490028728418564, 0.8315841307827179, 0.39523571321970685, 0.6741518799868167, 0.37787701938337975, 0.3304145882455934, 0.37150731265140013, 0.025974421970560047, -0.4071702123799229, -0.321138980089688, -0.5206605290088394, 0.4097825483445082, 0.23796335618907813, 1.2791260381016611, -0.6410001066363559], [1.0523854988757733, -0.9760083832811812, -3.503065855494404, -0.6542543394173852, 0.6281793149376002, 1.3820751536355116, -0.12121183823787464, 1.8830223092958396, -0.40596048601961554, -0.28690132894741077, 6.065146400256931, -2.5893407432044433, -5.236572231862162, -5.22505174793925, 1.4160980539268258, -1.4169241209416477, 0.03476097070538177, 0.26148573911471856, 2.9214987476154546, -3.2816320276664293], [-2.714513616712469, -2.576973747673246, -1.2556539559136408, -2.188975130263593, 0.6326910970364519, 2.0440272166443534, -2.9291577847280754, 1.6849849120994749, 2.061871265105222, 0.7249527298657945, 4.442903802065522, -5.704924101978809, -8.002178156408, -2.5428852809365976, 3.3157008455744283, -2.7751346406157995, 0.0168576628690963, 2.085983843588339, 0.2997390613515468, -1.2114493913282625], [-3.2386357733766697, -1.5342938348939976, 1.1614575828836473, -2.725448407715994, 0.6307376504782131, 0.7302363595986721, -3.35827505552532, 1.1332861753058059, 1.8827813202467238, 1.7320194823921764, -0.513924349359446, -3.442727901792745, -3.5195671171993146, -0.5186308387740082, 1.7911030018021616, -1.6480931675710868, -0.7921495717637205, 0.32256772280734475, -0.5674979228791449, 1.0546478652504065], [-0.7540165953984056, -0.9848373931667586, 0.23347826352832365, -1.7307013651557677, 0.4445341998792807, 0.5080911197557774, -2.2346823478363254, 1.1085002933788086, 0.6795558441038462, 0.8539213377303689, 0.9329202973343608, -1.9898761989158051, -2.0124207963800282, -1.888362329444339, 0.23487500538865755, -0.7159811531930003, -0.9184090545504745, -0.48700665990696806, 0.01743844388365704, -0.24423580695985558], [-1.3862060416432807, -1.0274494430736825, 0.2674277008515232, -2.2332391000191207, 0.6234075088651262, 0.5569208730530761, -2.254359026368702, 1.4177292125265992, 0.6058412649865484, 1.1503632730520141, 0.5083007274087358, -2.134889677255121, -2.3373922797113025, -1.7814896568955625, 0.8856925220213596, -1.023273912659958, -0.9247162402756702, -0.3815618054769302, -0.02332186891465739, -0.2782436382322734], [-4.150518612461968, -2.8961355410094063, -0.08726113475360417, -3.2819914802529118, 2.4493555424992692, -0.7813474018952733, -3.546577199427895, 8.7123455577194, -0.6195917015394103, 0.3770398153802946, 2.945391605561242, 0.42741594058491544, -2.6064280735778844, -3.8410089019440905, 5.755283324479609, -3.3726507853899657, 0.6965165033308881, -2.000436888048983, 3.862881372542805, -3.0391080864365287], [-3.935897893873026, -3.057884485438218, -0.07646830735605996, -2.172647867041286, 2.3572636829424467, -0.9922312269153158, -3.488140203380977, 8.317862692400835, -0.5678865517142411, 0.4745669461063276, 2.7927839222142294, 0.22053824639489966, -2.4881574851487103, -3.858921378803587, 5.652062099239587, -3.3300408232569807, 0.9855911752426597, -2.4009736552223626, 3.8454349541610613, -3.051249820212576], [-0.25530670798481286, -1.3264778461259241, -1.7733160931497902, -0.620892221062747, 0.2074433539602738, 0.026862992399174987, 0.21371441791940846, 2.328707885249912, 1.1186274914735248, -0.2672107507074551, 2.7034850790003917, -1.2666985824074835, -1.5784059535645136, -3.237287870623968, 1.137667986397228, -1.607432973283897, 1.0798138273190852, -1.2990054080654516, 1.7954248997482858, -0.5802455511400277], [-1.1647986308615843, -0.4957550968541637, -1.6434402036747786, -0.09126234948469258, 0.2734911692495817, 0.22132392801285264, -0.246359660927805, 1.8272439702090304, 1.2158951918952332, -0.05258871887751404, 1.9299145701759206, -0.5260515460983505, -0.7792918827575999, -2.3053376450482697, 0.6865756098788812, -2.141754644190619, 1.0312746598925466, -0.6519214116406643, 0.5240761459959947, -0.2692358098570232], [-1.0370012176462964, -2.3541875452853005, -2.4014829819417725, -0.09913538177055206, -0.7475166839730509, -0.6733421541474996, 0.9469968932384444, 2.244777352431392, 0.9950817503991025, 0.2494530035990697, 3.9966240596902516, -1.7269834062204785, -2.2822759016824055, -3.3549554363425536, 2.0094295538960396, -2.726971763158263, 1.8036639978770832, -1.3369338073233847, 3.205207227794424, -0.36311163098941573]], "Lambda": [[0.3790494605201605, 0.682707465381547, 0.5945600995570716, 0.5115114536313501, 0.3629998902513898, 0.5431773710019661, 0.7585862488369252, 0.9216032615180418, 0.45253844287262546, 0.4857325961298288, 0.4962589816012791, 0.4026779053537974, 0.3147576813156044, 0.449153691717644, 0.6147820299986445, 0.3526958124960288, 0.2977605984539697, 0.6390400643239293, 0.37532832729202714, 0.465011716197915], [0.3615896549505462, 0.6303561505172067, 0.5767621221783176, 0.5006408668577439, 0.31945665347767366, 0.5221279104223178, 0.8642803343110629, 1.0010489927614463, 0.4464356980069308, 0.48689242076396877, 0.47724226171543305, 0.4120213874093466, 0.29126778195192976, 0.47044216644522474, 0.6394364812347337, 0.35160291821098605, 0.29822769847659847, 0.6193441744913357, 0.4100588920117001, 0.46345567538720506], [0.5056702145564292, 0.5274183439193572, 0.48841919030766834, 0.5041741080164078, 0.41292899572363184, 0.5194184673501137, 0.5984439525627666, 0.5101749778217826, 0.46843318571857595, 0.4930547748166516, 0.47366873673778837, 0.4962132204901249, 0.42305894709784214, 0.4751378001244868, 0.5218388312124354, 0.4983960663079497, 0.47286771889279555, 0.5094692142440779, 0.5613829564059274, 0.4783533344388303], [0.5164040840800073, 0.5304217241643701, 0.46217931944858726, 0.48725453698241294, 0.46136489204133985, 0.5068862077904478, 0.5641162601507241, 0.5192772387737986, 0.4879658497005211, 0.5071181246648462, 0.48831500336758915, 0.4886391081323469, 0.43898296591104347, 0.47223325819399065, 0.5019725095204285, 0.47078265511789563, 0.4853046024341401, 0.5166282504375544, 0.5104361791059013, 0.4890846414029332], [0.532583160816622, 0.5277304398029865, 0.495954475813889, 0.5147831820052404, 0.41758651931791824, 0.5010694846384087, 0.5575398432399261, 0.5171804395461036, 0.48876740265012125, 0.49740256190565585, 0.49023013252476594, 0.49569960812225583, 0.4370629232437465, 0.48367943233399097, 0.5016329541962545, 0.5077045478168489, 0.48005423724700885, 0.5055939095446148, 0.5469222294319205, 0.5096119829907982], [0.3944736742490959, 0.6070403519084514, 0.674045254948982, 0.4441912093250053, 0.4057870124701909, 0.5950018251454194, 0.5909259991945839, 0.29484183094292327, 0.3680253692993478, 0.5235595511830059, 0.5285627910509135, 0.3635790361878002, 0.6745698451371086, 0.48756804793499675, 0.7065492949955928, 0.4122754864230693, 0.4404266181767817, 0.3918013169972273, 0.42704821761694967, 0.5365631780530616], [0.38363490373887815, 0.5700255883639004, 0.7107887581701376, 0.43910540606554677, 0.401732969657674, 0.6157925722184385, 0.6015287272444464, 0.2207714975238117, 0.30593560689512855, 0.4850661806951407, 0.5181614857746294, 0.33376753179530333, 0.6690671207265773, 0.46111132670536287, 0.7737623793139057, 0.4418873698275534, 0.4335554964181494, 0.38863738294419725, 0.4095576508125846, 0.5568317440421605], [0.44301782858066324, 0.49501092608439046, 0.5537897502228394, 0.47579168398727667, 0.4961943050615295, 0.49837065166982397, 0.5096906004933461, 0.4169357947170486, 0.4313710073791382, 0.4779131012398178, 0.46463024585314605, 0.45891775983036454, 0.5235200931207801, 0.5153983024180913, 0.5342928192607207, 0.5027721963732792, 0.49444058620691506, 0.4869987060542535, 0.4358724914002693, 0.5526073848976077], [0.45029107077325015, 0.4840457176902506, 0.5274940998251406, 0.47780582494316326, 0.5015539096410693, 0.5187601812132306, 0.476826462303097, 0.41391709195641635, 0.4317739031388623, 0.5069515988337585, 0.5208419866592066, 0.4681240722604389, 0.5110609040425338, 0.5113734574764744, 0.538608239625869, 0.4636203687264398, 0.5218284535717368, 0.46352309695908944, 0.4428102424261603, 0.5266097871315917], [0.44817641758795596, 0.5073735737655037, 0.5021242993472084, 0.4664353305541083, 0.489824525948536, 0.4936721326157297, 0.47980468434665907, 0.40795610325377263, 0.4347464531090921, 0.49596249772320794, 0.5093845300576613, 0.47888267631162734, 0.49855009513308957, 0.4623921876847098, 0.5292724450283409, 0.481493316619224, 0.4949539089672738, 0.49357827818853595, 0.45154169817007894, 0.5006992063755556], [0.693092201516479, 0.4234876054097964, 0.4905028920911355, 0.6750933957455278, 0.6300427370034902, 0.5633732720547102, 0.407939939624335, 0.3725686498353932, 0.918996224002806, 0.660380718622773, 0.35824717001737005, 0.7363625656936313, 0.3582624188649237, 0.2979750639388937, 0.5393428183382842, 0.48606035539165254, 0.6950357080573607, 0.7183314508273069, 0.4213689481323304, 0.46152842275594264], [0.6426537859696551, 0.34687360265548883, 0.44608482942012134, 0.6506187557857849, 0.8151083570568443, 0.619896099319735, 0.49455188393380667, 0.3478635628792678, 0.8633049462679272, 0.7170107425329942, 0.4189308311088664, 0.7164569545799488, 0.4235486301924243, 0.3326592406391706, 0.4714919810935908, 0.5353022587861512, 0.656215551337523, 0.6431338220408905, 0.3433447704877393, 0.5083981292316876], [0.4728367400667486, 0.41923163528918744, 0.42973194687771316, 0.42421457917770933, 0.6502641139783524, 0.5071358288988272, 0.4778537324562024, 0.4303395750479621, 0.45702037527547107, 0.5406404622544712, 0.515199418129607, 0.48556269940220526, 0.4392567270719041, 0.41382973855537186, 0.43968718704146537, 0.5522233467441364, 0.5387258561832923, 0.500640494303292, 0.44781868500949484, 0.5057006552702689], [0.4945038226307932, 0.4274448661024926, 0.4170336660437155, 0.4617285903564439, 0.5831911680706322, 0.533395407223311, 0.45981142672015385, 0.4393046404103899, 0.4971069349137602, 0.5100626550737921, 0.4359822995700074, 0.49875183535515144, 0.36828969213845825, 0.4168098328963395, 0.43574035890114743, 0.571375851462925, 0.5677406932895319, 0.5329228560499266, 0.5181845672263886, 0.49029448034143747], [0.49974337447108075, 0.45580548580380414, 0.4539046020527955, 0.48309214839342535, 0.5710607130053386, 0.5034350458783795, 0.4538431905334697, 0.4240186965745066, 0.45749863728032997, 0.5478918053981107, 0.4578651484024966, 0.4761375192079691, 0.38569098643450356, 0.4247801407205971, 0.4433236919808822, 0.5563265929726642, 0.550560328762143, 0.538351909925244, 0.47871723625966245, 0.4654001115879767], [0.34973541806833686, 0.5413019452353154, 0.3826554650567103, 0.7536915434807395, 0.4649878540874038, 1.305625744133762, 0.5919758746221707, 0.3213272392839859, 0.6362968801554785, 1.1893763312103645, 0.1926017248917277, 0.37783667593211595, 0.41105405749279095, 0.6758260327468629, 0.25868846714150817, 0.6812392174657727, 0.18783255634081142, 1.139725874625537, 0.2991054451756313, 0.6846498374067707], [0.37061672520861993, 0.5470233651340647, 0.3689910475171205, 0.7745947280580873, 0.44692477953447896, 1.2105523697624498, 0.5804276201287448, 0.31878851451760604, 0.706984743360849, 1.1845959772874783, 0.2117169561030145, 0.3862158283095657, 0.48893440420186907, 0.6719949312998689, 0.274266085760994, 0.66250611885485, 0.22281667732171592, 1.1281568223135847, 0.2994467758837095, 0.7201745474956189], [0.4639109211131392, 0.5159117825779768, 0.4761661475732039, 0.4580450814589196, 0.4341368634359469, 0.5393425093505818, 0.48227457970069093, 0.363076304578373, 0.4661002252715787, 0.5319263241466223, 0.5207916634159703, 0.4623712646673071, 0.341536551213139, 0.42853437288651297, 0.4452119553820198, 0.5166175938587985, 0.5524984333112183, 0.5222598034106154, 0.48291859167244977, 0.5301415127162841], [0.46012134630502866, 0.5184938460357725, 0.4374543901806197, 0.43553348036062095, 0.4581810729053329, 0.5344933370088503, 0.4608739066126551, 0.36587862853737274, 0.4856689134321133, 0.5180826030745584, 0.4243757235679803, 0.47903863718605444, 0.36213683793907164, 0.4266311136537585, 0.4478995806947279, 0.5054727013970416, 0.5269680677852246, 0.522542970393744, 0.5354454133285826, 0.515188507682769], [0.44056168063733775, 0.5475124244010486, 0.46800815411517566, 0.41502970908929737, 0.4015067929633893, 0.5869969384203113, 0.46275791660871685, 0.36573429348095005, 0.4566898680202281, 0.5243953709174096, 0.5125787737920815, 0.4909766747562071, 0.3298994814983661, 0.43440363758687056, 0.45751667666796164, 0.48295918544132926, 0.6613138053954306, 0.4836712969347559, 0.4490140720707975, 0.5346584950987596]], "G": [[0.0880182974295263, 0.12582635360502675, 0.046713938725542255, 0.033341408553155656, 0.03184474439285487, 0.27215256100242463, 0.2543786398738161, 0.044097705983750894, 0.034752274356492606, 0.06887407607740965], [0.13529897363420879, 0.15439596644891534, 0.03996132624220957, 0.02392232170140371, 0.03904508582442349, 0.20779047212125878, 0.2021159309550215, 0.051428681457854494, 0.0305515201144991, 0.11548972150020509], [0.0390479593048222, 0.20657606700080502, 0.12813501738913038, 0.04289658527056019, 0.055786509703677885, 0.23635393070726238, 0.22369011295303226, 0.02003989979144983, 0.017527091372734352, 0.029946826506525078], [0.09984968911415587, 0.12387138698401177, 0.03692250319425305, 0.029446139150298117, 0.03253865046952682, 0.2950794464337791, 0.2718856453371821, 0.03077724795679356, 0.02779247347306612, 0.05183681788693389], [0.09063195520540093, 0.1112175475911707, 0.0375795427897396, 0.02858142476099206, 0.03332815086381418, 0.29056423939331144, 0.27583786765013624, 0.039724854897262095, 0.03161506148685248, 0.06091935536132079], [0.17458466895810382, 0.17849508522278226, 0.030330786600808464, 0.0375000405137659, 0.03422619730732023, 0.17732594720124403, 0.16264429428244678, 0.06346719473652258, 0.05050588986619998, 0.09091989531080626], [0.07738032006036977, 0.10598904937574809, 0.055072008239383, 0.03725936742566935, 0.04180576889674265, 0.28672211380612, 0.2628160476209661, 0.04408482258554938, 0.03132230235769661, 0.05754819963175479], [0.09665976986489162, 0.11791639184681849, 0.03236146774110174, 0.016806727902893292, 0.02177684664357082, 0.32541905617855615, 0.30929916031209276, 0.022411605508256854, 0.016949458366227806, 0.040399515635591535], [0.05567868399225724, 0.07044333928093088, 0.02376741009033643, 0.018843181896201166, 0.019834140224762868, 0.3793512208159211, 0.3457616392187926, 0.027575675975890467, 0.021206475259062302, 0.03753823324584514], [0.07826110514213792, 0.09150037389812915, 0.01998008679572957, 0.01583278119819156, 0.01526861638639256, 0.3738277215814597, 0.34375530038121477, 0.017429506052874664, 0.014339566245656537, 0.029804942318213522], [0.10798978569544683, 0.11869320589978986, 0.021737330392893113, 0.019710859462054198, 0.023333304670716985, 0.3152017816332501, 0.2881385643861467, 0.02483824439121637, 0.025284922863665845, 0.05507200060482004], [0.11780537528534564, 0.1285097691104861, 0.02405736545787654, 0.020656953061349136, 0.023076865807615886, 0.30917809518367856, 0.28921431919475565, 0.024685987557411557, 0.022092638166837764, 0.040722631174642615], [0.129544202572297, 0.15639744025105873, 0.051247778412879474, 0.0415671839660444, 0.04884202881178379, 0.258148927099817, 0.22898386970712423, 0.027809008918076927, 0.022297817283726363, 0.03516174297719202], [0.2325373644380751, 0.2417334159269523, 0.026840230085114814, 0.023825224534478304, 0.030597398209821408, 0.1717217802635735, 0.15866238057730087, 0.03332619956974296, 0.02724170850246963, 0.0535142978924709], [0.17535496547613819, 0.19257551648496724, 0.036705376929543385, 0.028748313709709084, 0.034673556457479986, 0.21988263076499887, 0.20310169045418275, 0.03355095624455058, 0.022338315091349266, 0.05306867838708109], [0.1835472321222783, 0.19996586250462398, 0.016484320551150195, 0.012479910202521243, 0.012916109803683571, 0.28182004439230196, 0.25065589469482497, 0.012755694446617774, 0.010904889812000702, 0.018470041469997436], [0.10625563046160609, 0.11387179707709673, 0.026398837055153238, 0.020437619724313016, 0.0231474484811831, 0.29080867045587955, 0.2690230845400868, 0.045100794085074836, 0.034956846163314695, 0.06999927195629203], [0.22706951891910296, 0.23362557715033502, 0.01911432655612957, 0.019590814863791058, 0.018720368160179014, 0.22072198118006875, 0.19499364832794214, 0.019519953500026204, 0.0161628238037381, 0.030480987538688005], [0.11569447492229548, 0.1153466479508576, 0.03179717329871009, 0.031157442470953436, 0.03268428913495357, 0.29772745169034126, 0.27928257851618, 0.029379944275343253, 0.0253138699558162, 0.04161612778454898], [0.12584007727944446, 0.1489493659670631, 0.0296880393606769, 0.02000298150448571, 0.02477205795448798, 0.2860131321307795, 0.26884531196131606, 0.02525490476684115, 0.021922487494498454, 0.048711641580406466], [0.1346044683893306, 0.158676733558394, 0.03533034575621954, 0.021940190300983077, 0.02635241847791858, 0.2750009602752463, 0.24777188964787608, 0.03170685519643092, 0.02784508890359337, 0.040771049494007665], [0.14318565623652216, 0.15833186084606055, 0.026827484524854013, 0.02080341692653242, 0.020548024661816083, 0.27909285604274064, 0.26538456246375763, 0.025328668802567872, 0.016354752170615133, 0.04414271732453276], [0.08130380349774488, 0.09925425591431014, 0.03100292221845244, 0.029044727116851087, 0.03258454867047757, 0.32342632539747174, 0.2943990708472323, 0.031398847293322533, 0.024840794034969953, 0.0527447050091671], [0.06545572672230698, 0.07676456291811702, 0.021361549167365677, 0.01780875928935809, 0.019721524985780187, 0.3519610907903857, 0.3326806707862981, 0.03207995162646834, 0.023981993850507238, 0.05818416986341195], [0.1551971632953285, 0.18673199479182742, 0.04148338080186648, 0.030855163405750795, 0.03066223644622518, 0.2446413768610264, 0.22000088004269377, 0.029004126492234814, 0.023577732708622026, 0.03784594515442457], [0.058514535438363, 0.13498027732366238, 0.08467744179561358, 0.0377272529513956, 0.047424780290765356, 0.2764824170765547, 0.24810252181366915, 0.033559480181091055, 0.033279910613815925, 0.04525138251506942], [0.12148541101860635, 0.13399932487772545, 0.025085255437949178, 0.018508420695060628, 0.02028174086366638, 0.3212292788253245, 0.28606927445126834, 0.021106797926066904, 0.016568718536306135, 0.035665777368025696], [0.06559334981099217, 0.10269676333423636, 0.05058478235605021, 0.02629838946435118, 0.034239934055694976, 0.3333818781388006, 0.30188464808987264, 0.026195635221412314, 0.021529031993982886, 0.03759558753460656], [0.09758260918553102, 0.12393285561902087, 0.037794204259401484, 0.02674301735052034, 0.032412858065186484, 0.3014705848472834, 0.2763491420558111, 0.03284007444571932, 0.027478644397975836, 0.04339600977355015], [0.13434016581958194, 0.16471877386655173, 0.04408775654526216, 0.03263411956414432, 0.036013238010578257, 0.24938477624365954, 0.22737535404938794, 0.03720068620183605, 0.026117701915395194, 0.04812742778360257], [0.156466382635827, 0.16500596749058616, 0.036049383773766895, 0.02998623035743892, 0.03383195153165085, 0.23508862028483477, 0.22143979667235555, 0.036237883231754225, 0.028997984312871882, 0.05689579970891351], [0.09094166152076812, 0.09780223769540512, 0.025249564951460055, 0.026070818302718637, 0.024840195573474347, 0.32804005350046317, 0.29560710590476447, 0.029104169295907728, 0.027424769554045696, 0.054919423700992655], [0.23876512252362836, 0.25792587677226, 0.029883014361481386, 0.02560095069668742, 0.025612654417037802, 0.17802772990660992, 0.15275065660472992, 0.026978983471479943, 0.02115298056451194, 0.043302030681573296], [0.1898420585012426, 0.1986910481584774, 0.0661714250042915, 0.05203254089577102, 0.05710443522082826, 0.16389119387188114, 0.15515560109538845, 0.04252057319160023, 0.03323261655965481, 0.04135850750086361], [0.089032851548172, 0.10523423530690396, 0.045689755140678266, 0.04105440669032134, 0.04841041270399606, 0.2848949390489618, 0.27019226504140237, 0.03722789194360868, 0.029204957744526697, 0.04905828483142892], [0.06286039425770182, 0.08906212699361216, 0.04008455753932371, 0.02621685043538897, 0.0298812371648835, 0.3398872468825799, 0.31777874171994874, 0.025534267721179053, 0.02341054905852638, 0.04528402822685486], [0.08340939595324702, 0.10209196951296809, 0.03962684683886646, 0.030099659822106474, 0.032035106832607775, 0.3138238992014028, 0.29094963220887593, 0.03437953668585975, 0.027598768984993933, 0.045985183959071835], [0.0540304305767644, 0.23707929657158794, 0.14738414551852005, 0.051228955021976656, 0.06762523953240826, 0.18651757751168785, 0.16517697688709393, 0.026768923846780625, 0.020332689386443826, 0.043855765146737107], [0.08482698067961791, 0.10052703111054824, 0.02369092853973253, 0.01774907193529155, 0.02051939892453688, 0.34590155303265213, 0.31699343397579444, 0.023211910121182417, 0.021283586913918795, 0.04529610476672504], [0.08209866895601224, 0.11524079096796677, 0.044634534251308026, 0.03359089514294229, 0.03809719055779936, 0.3034448786562423, 0.28127351383229915, 0.032084939908729834, 0.02626998434108952, 0.043264603385610285], [0.10372315422075701, 0.13101133800595527, 0.03595507751381418, 0.02319438743491396, 0.02459781929933907, 0.27383659838892854, 0.2657961911388397, 0.037136864602752034, 0.022657897356215095, 0.082090672038485], [0.05818960721189792, 0.07903509043853041, 0.045718495609887215, 0.03291041514639568, 0.03986979676611436, 0.3326794619112288, 0.3119574876024065, 0.029667923366698185, 0.0291317015919164, 0.04084002035492501], [0.06280611392928848, 0.09430494933939522, 0.039235087543906526, 0.024094633631224233, 0.029997750187039186, 0.3541764010658969, 0.31979418736417226, 0.021372025675176893, 0.01811629406235291, 0.036102557201547696], [0.24803748636110112, 0.25202072804816644, 0.02921876107436739, 0.02919809598045196, 0.034332771088743504, 0.12872548481304985, 0.12367804649716302, 0.046036951923004055, 0.030742032016843408, 0.07800964219710872], [0.19952037615679805, 0.20692279488657467, 0.01850965790063603, 0.01819706739996274, 0.017289145770378444, 0.2341943050896504, 0.22241458553963825, 0.02204285542863173, 0.01589363907756029, 0.04501557275016949], [0.20319270142129023, 0.22768783152787078, 0.04500015085003651, 0.03480563643599006, 0.03502314557033039, 0.2026336667453678, 0.17579889974302154, 0.023676367734459334, 0.021358294057303436, 0.03082330591432981], [0.046711962806998755, 0.059004323102996595, 0.024828718767084746, 0.019397718586723026, 0.02179472248045617, 0.4008568644187708, 0.3625949529381383, 0.018559967406375673, 0.016247369940477097, 0.03000339955197878], [0.12856114592601836, 0.12907949448937578, 0.03016615339182956, 0.03431431726565316, 0.034910068466120735, 0.2721547464344786, 0.2574947198401881, 0.03214256282004549, 0.02970457452436096, 0.05147221684192975], [0.1361965808038424, 0.1774653070567894, 0.08229252764991946, 0.05503882712026405, 0.06676389790713444, 0.18104769898458836, 0.17079727187226254, 0.04038345348233177, 0.03219781464086587, 0.05781662048200173], [0.1809213980898314, 0.21941764818172155, 0.06399731942804987, 0.04239844125377349, 0.044651992604666714, 0.180789609129998, 0.16581696407468988, 0.02999948533273189, 0.02766284148196122, 0.044344300422575776], [0.053644621647997895, 0.05709506501643382, 0.027845643209288642, 0.02088367074499611, 0.022949068119789827, 0.3889330086023101, 0.3427089079086051, 0.022848936527025264, 0.03008072420170283, 0.03301035402185077], [0.1513218664085593, 0.1763348971250832, 0.049853246313977286, 0.04218979461151895, 0.04342102722171272, 0.20102294351435684, 0.18619117061393414, 0.04251234216853169, 0.03715407547073904, 0.06999863655158665], [0.11035941032731562, 0.12850923599044473, 0.02691147603301291, 0.020071079855342126, 0.021827647289197782, 0.32089132479370636, 0.2995796470285446, 0.020760591296683176, 0.020087531063895603, 0.031002056321856878], [0.1976574176772172, 0.2048759286826318, 0.019513132100509516, 0.018610894703489107, 0.016715354125244244, 0.24518578488555978, 0.22168303414641807, 0.02018117148802055, 0.017364547499749222, 0.03821273469115996], [0.08142574647474718, 0.1060017147587284, 0.05591064031679457, 0.041253879076719596, 0.04920967050602772, 0.2881963847782587, 0.2710066331634618, 0.032633958322959296, 0.029794834169239417, 0.04456653843306307], [0.07147442476958132, 0.09533793931202851, 0.04391577956140569, 0.03218807707216563, 0.03657793117774374, 0.3283990981509857, 0.29845739483345407, 0.02927322429792661, 0.024048077713615758, 0.0403280531110925], [0.15159597005613296, 0.17906833043152992, 0.03525858200162442, 0.02861792365670804, 0.02647294041187089, 0.26101518761998205, 0.23919262899246949, 0.02497515766424318, 0.019774861555937377, 0.0340284176095021], [0.1107968037845322, 0.13461570818296906, 0.049697388280147754, 0.038088475410667344, 0.03645464577066978, 0.2569611594394893, 0.248246527512255, 0.03301149004137081, 0.03188496308731893, 0.06024283849057935], [0.0625893069072893, 0.11049945987888662, 0.060503375687794986, 0.03852216630163199, 0.04804944612434623, 0.30303118138012297, 0.2738051838544759, 0.02845856141590831, 0.028470135942555465, 0.04607118250698874], [0.17550325219760118, 0.16860173559736902, 0.07053864394848659, 0.05589934804778535, 0.05845322061983423, 0.16711383008659897, 0.15230724165913592, 0.06097241124321162, 0.03615211617116773, 0.05445820042880978], [0.18683003135777593, 0.22825602996944355, 0.04130451054354938, 0.028154918290499376, 0.02942689632642069, 0.2165874870975006, 0.1894085644006698, 0.024636044260027634, 0.02042753254758447, 0.03496798520652864], [0.053199390232073575, 0.10773799588627336, 0.06920599878839047, 0.03032180930561798, 0.038440482398731886, 0.3173839876666961, 0.2988186159183609, 0.024050844246641594, 0.022785090874770916, 0.03805578468244388], [0.1412231288985069, 0.16766870550304122, 0.05063477684643409, 0.039841339630976316, 0.04036826726435997, 0.241725374238314, 0.21342441159046163, 0.03175099933391702, 0.02984152532094198, 0.04352147137304669], [0.14806205174955173, 0.17640232417760393, 0.040783775617715984, 0.03442280493767909, 0.03231917408279192, 0.2407717792845315, 0.22212061419023624, 0.034650237278071615, 0.028716187359805814, 0.04175105132201189], [0.12368386457167266, 0.17009877208567029, 0.054661952124961624, 0.03543840790049244, 0.040343754769605306, 0.24466070023817396, 0.23143825938710016, 0.03138639283153553, 0.027512483816313625, 0.04077541227447441], [0.13111943417711608, 0.1506595610183065, 0.019900450389554555, 0.015279565430036822, 0.01903316371473893, 0.3012119950003601, 0.2716113780770746, 0.024038714105251557, 0.019855359643537216, 0.04729037844402386], [0.07240784153541427, 0.08420471664691154, 0.02202177844835441, 0.018066624728261458, 0.020719027218791312, 0.36247017880876237, 0.3375239486504603, 0.026256455057594233, 0.018003421276756783, 0.03832600762869315], [0.13794103376982114, 0.16123445166914213, 0.02849330732010245, 0.02092145827111895, 0.024338524253927164, 0.2783371396892456, 0.25764632547848393, 0.02924342891635033, 0.019682345385201076, 0.042161985246608163], [0.19065020037472433, 0.21692936011884675, 0.03696453131509912, 0.03381933589309475, 0.02676267704002818, 0.18636137746050033, 0.18834243202298426, 0.03287634914628679, 0.029952441075520142, 0.05734129555291443], [0.20678710344789392, 0.2316042432724416, 0.04855383451804298, 0.02963580610797859, 0.029974226349590016, 0.19672118548156534, 0.18269011817327346, 0.022088150981733473, 0.02033191840831233, 0.03161341325916801], [0.13281030790251802, 0.15902478845040458, 0.024295734333089142, 0.019905566495415347, 0.019447402603822623, 0.27709615293877654, 0.2615902861757145, 0.028294759430268563, 0.022554046468733175, 0.054980955201257224], [0.13627354807161848, 0.1534856397401725, 0.04035125544534491, 0.03573276929578979, 0.039432069357582394, 0.2157466608930855, 0.19618126684022547, 0.057923824126158485, 0.039849302608653686, 0.08502366362136903], [0.07239074497551952, 0.09609199648017326, 0.06359333665856905, 0.050857263155388244, 0.05764184295259546, 0.22356188651731201, 0.22854989989263197, 0.060077524429086454, 0.049006881901901084, 0.09822862303682359], [0.11477977217509283, 0.12043698145862217, 0.025114865295883193, 0.02447353696120082, 0.026405733837024624, 0.2924566393918231, 0.26709243457053433, 0.03709914471469433, 0.03349662931779458, 0.05864426227732978], [0.1442042004856007, 0.16913641359912684, 0.04390323893942937, 0.03582798330059709, 0.03587845036415568, 0.21994720942492726, 0.2044886044877408, 0.04010410184059537, 0.03877222826788241, 0.06773756928994441], [0.07821176877619322, 0.18748377981050984, 0.10440401488522603, 0.04074834406953123, 0.04821754554795196, 0.21312228771558758, 0.20449736984250622, 0.03377072774398186, 0.03499972103019918, 0.05454444057831374], [0.08904770014316866, 0.08730459899500606, 0.050385068810707284, 0.04893267335749129, 0.05474522716064362, 0.29350475476818044, 0.26466844549763135, 0.03740794440223177, 0.029413928116741483, 0.04458965874819789], [0.22437283649920506, 0.23905528540372528, 0.026241331148501888, 0.020590158734985542, 0.021371886179206278, 0.17636725866638886, 0.16611646655831375, 0.03520802548328103, 0.021396490381368576, 0.0692802609450228], [0.096524012917487, 0.12073742343483786, 0.03725207067680607, 0.026226858891457466, 0.030865371101413817, 0.3067537289460286, 0.2815533556628495, 0.029693427829149376, 0.023636393805058078, 0.04675735673491225], [0.0899806624513682, 0.11808559000578374, 0.04725621684878438, 0.04245062495768504, 0.04630927593159421, 0.2645660972754186, 0.2501579147417017, 0.03783680320745601, 0.03241729500935995, 0.0709395195708481], [0.1706315518375577, 0.19889224280803267, 0.02996269490672768, 0.020315765888450646, 0.01896764631200507, 0.23294014382447992, 0.2147633884646483, 0.03170107421654568, 0.019892403078318906, 0.06193308866323323], [0.15680983321200517, 0.1827428886983658, 0.035616547471326226, 0.02617753536666228, 0.028318341308473674, 0.2492859948454726, 0.22722079310421306, 0.025058821139785654, 0.024178038196159525, 0.04459120665753543], [0.17117933021308318, 0.18756375767112157, 0.042007022278278, 0.031140699173676706, 0.032227469882805775, 0.22903572265998262, 0.20168806524043104, 0.028406451809149986, 0.026496476983821227, 0.05025500408765093], [0.1128136366856599, 0.1111649459813112, 0.04448419373107159, 0.040554403233173705, 0.04463322193014651, 0.25937573231263217, 0.2421465397566275, 0.04210429341002626, 0.03732287102080987, 0.06540016193854106], [0.07314739476173773, 0.09212484156621649, 0.02883170049219292, 0.02210842118875374, 0.023326879691197244, 0.3338278241867354, 0.31203433842029754, 0.030083946104297293, 0.02451851496361388, 0.0599961386249581], [0.16017149181295112, 0.16921576625752374, 0.06293295886665988, 0.0391921414865599, 0.041699335910918456, 0.2016895333840222, 0.18384862061793786, 0.03871962682035043, 0.03255073019345644, 0.06997979464961954], [0.12129642374944012, 0.13479848745081455, 0.0299944945025114, 0.023494517346303503, 0.023679573902962672, 0.29996876283789864, 0.26625956245236754, 0.029523823917777664, 0.023811600980584952, 0.047172752859337905], [0.14853715697730147, 0.17921356150995596, 0.05928292296784735, 0.038212848623706136, 0.041682070960744604, 0.2106781815289602, 0.19788204615746469, 0.03311836483206372, 0.027141850510240605, 0.06425099593171518], [0.13500341582611428, 0.14724049367228403, 0.018142882009547334, 0.02025092817214399, 0.017663084779938245, 0.2822946447668741, 0.2552222136660357, 0.030372076262732067, 0.02391416221798239, 0.06989609862634803], [0.12000434719632679, 0.1300706345407659, 0.02393722780101854, 0.024429354916501236, 0.023687204448132906, 0.31391398074884364, 0.2841126195469565, 0.024906906013820337, 0.019039798924096647, 0.035897925863537745], [0.07911526524572311, 0.09722445270066876, 0.029925293221230238, 0.018987681394783688, 0.023432723991640602, 0.32997153923122763, 0.3004026499682996, 0.0371757353317965, 0.021496154681735373, 0.062268504232894616], [0.25089112484845916, 0.2711320314665328, 0.02475163977523985, 0.019161135484592404, 0.020773408450360322, 0.15913936568523251, 0.15370108440693134, 0.024636597115578213, 0.018366440287880672, 0.0574471724791917], [0.1424982724731467, 0.14944346189021904, 0.033145945221834665, 0.03291573424075621, 0.03345598459258543, 0.2520120580495924, 0.23075908807093226, 0.03828405562568103, 0.035311280528973706, 0.05217411930627859], [0.09243757396377389, 0.11280536580529403, 0.04831194449400148, 0.044066969089889635, 0.04726689018879281, 0.2687990981094558, 0.24585907720300954, 0.045045300837351254, 0.0332124462161836, 0.06219533409224754], [0.1331075669732001, 0.1511292480897286, 0.05282378598572297, 0.03692140984018945, 0.045259908424022326, 0.2415771728109644, 0.22042067184244574, 0.037829458199649224, 0.029800897940921004, 0.05112987989315652], [0.19250034347660272, 0.22944424127949517, 0.03361627199383508, 0.02903142104296998, 0.02793211384309313, 0.192164466933973, 0.18003506544724363, 0.03513908128324671, 0.026911689724147172, 0.05322530497539332], [0.04860549068765691, 0.07027891770240653, 0.037656554365981976, 0.02347919176143681, 0.028887930107039005, 0.36195311060459917, 0.32512582656334105, 0.0306171117717144, 0.032303329104011756, 0.04109253733181179], [0.12272946922729082, 0.15311421459326202, 0.04324660860728506, 0.029886733481917605, 0.03202987136741445, 0.2722032839026324, 0.25247343442404185, 0.027732041624829566, 0.02558179595865533, 0.041002546812670335], [0.16832145437657528, 0.19610032367100463, 0.04688057346057597, 0.02925435597710153, 0.03045513385037726, 0.23038954998882796, 0.2129135731411552, 0.025146973982568394, 0.020499446807349567, 0.04003861474446416], [0.19841797548217116, 0.2335944687847958, 0.05347788546020954, 0.034489541637708294, 0.03569541315569068, 0.1865031724551216, 0.1734621821959805, 0.02633759255408376, 0.019932493635924555, 0.03808927463831402], [0.08323758377402367, 0.11158208482686467, 0.04100795851231216, 0.028764313318455473, 0.034073335040755375, 0.3014016624961652, 0.27442201939922833, 0.04174274401443705, 0.02973047865485747, 0.054037819962900364], [0.10968034020075164, 0.11583254222409595, 0.03238606312943194, 0.03534744637795073, 0.03415030618371709, 0.29138441787719965, 0.26639597335448434, 0.039770835283903544, 0.024019075950638354, 0.051032999417827275], [0.12923507505221699, 0.16425829810245227, 0.0325946199162279, 0.021924952775865394, 0.027166061264936352, 0.27232522984445995, 0.2529939778071205, 0.02865361232967687, 0.020953587569930286, 0.049894585337112884], [0.09169781585442532, 0.14483072129815466, 0.07417646490910872, 0.03961250971986576, 0.04623681274853343, 0.2647144888101163, 0.23908189602429658, 0.03413086158660018, 0.02170115528469114, 0.0438172737642084], [0.1499842498766393, 0.18626503541202144, 0.03506025411976408, 0.02423655892788613, 0.02467842558987645, 0.2686939313251949, 0.24150632054465138, 0.023600579728072776, 0.017437992554947542, 0.0285366519209462], [0.09953765277409408, 0.10576563573568963, 0.025835994197712455, 0.021228816378097846, 0.023349312953198687, 0.32301373946034045, 0.29869499948422085, 0.03196641730796171, 0.02174604519950044, 0.04886138650918369], [0.10416929547101508, 0.11755561710788182, 0.03263774360294197, 0.02869692034805573, 0.029808723082017218, 0.29096510453051366, 0.26960896179759847, 0.04125748079508333, 0.034553213683619216, 0.0507469395812732], [0.060481537362737814, 0.1336229592776248, 0.07178966079910855, 0.028409472012313038, 0.036327282839536575, 0.31227503131157514, 0.2851470010454487, 0.02112563906027953, 0.016538045451889322, 0.0342833708394866], [0.23378030878246994, 0.268210083471964, 0.046173962058518946, 0.03306962459614814, 0.03755606681517146, 0.16427828765516397, 0.1503631314365105, 0.020243228730676476, 0.019044322592765516, 0.02728098386061069], [0.17573695010530457, 0.2015172437988123, 0.03251315188074693, 0.02494310603576779, 0.02711194024420851, 0.2413330704512024, 0.22899102313764286, 0.018900001453553975, 