{"estimation": {"a": 1.7898736028158673, "rho": [0.16454994472560247, 0.16295087458662685, 0.5534867247482816, 0.1190124559394894], "Mu": [[1.08934280296663, -0.9971002646219266, 1.9156870249803597, 3.603987925023122, -2.4805016072483115, 1.897285407077162, -2.360334935660249, 0.589541545475804, 1.9558971297122723, -0.65215549589729, -6.778228126407973, 0.4037760309851157, -0.36424049285373417, 1.0758842664679966, -0.07483810944657134, 1.3617011816794733, 1.2400318223131417, 3.9877424756071433, -0.08925497709515288, 0.28063878115929397, 3.165613491828463, -1.9363777310641477, -4.739002764028812, -1.4157167084571423, -1.337279801395496, -0.15957286363111178, -0.3761533785746681, -6.711744623900752, -2.833622467845768, 1.160745125453508, 3.3909158411513776, 0.2801334330182279, 0.33747099437966344, 2.8686961160596853, 4.836328729096582, -4.109649138433, 1.4077177558144134, -2.2625014168418316, -2.4081305016658665, 0.38139987231884226, -2.1191702697810864, -2.3371003137299633, -3.449073845150253, -7.3631316897123975, -2.143492826893105, -4.3736796827444575, -0.6852305868786983, -2.332951913081285, 3.3562881417072683, -1.6034507237835351], [0.650869711944489, -11.016983264784558, 0.7456323630442507, 2.623078113089092, 1.2836599641968223, 0.3934042978002518, 3.583542093939363, -0.6650572426927267, 0.8546590293206435, -4.952165095211821, -0.780208415691195, 5.295048539913108, -7.532085527922337, -1.5101129729284712, 1.2522037128560681, -0.18768645242439616, -0.1901517801387388, -3.1138221375136945, -0.7117997811809874, 0.381803058694101, -5.314177525007515, -2.309191731617384, -0.5275704521449363, -12.688417312409252, -2.667422989055056, 1.386825748629084, 9.281604700194695, 1.984730589516044, 1.7937419172486504, -2.334332623894065, 2.9812543534235543, 2.719233541518571, 1.0281392184086806, -0.8508006231233071, -1.2473367872614496, 2.3091448192416615, -2.0274535979109323, 3.646650612194896, 0.5142416922649631, -4.128374569319611, -1.4535136755296858, -2.0186362793028976, 2.062911345503919, -0.4818100602172821, -0.12744150961083103, -1.3548182017856394, -2.84837402187534, -0.042387293002033644, -2.260175615245191, -2.6101425578931243], [-0.7280319538313615, -0.05091995775388455, 0.922427164893723, -6.970391184393411, 1.0412659062164182, 0.892337972159279, -3.726125456337624, 1.8858692216786976, 0.43079267400536686, 1.4368855343772098, -3.5895969431704473, -6.311013527991093, -3.5727112121389077, 7.490544782923803, -3.9794811152849796, -3.503165221407499, -3.7549394643034755, -0.8423553417620389, -14.171664492739632, -1.848913288800798, 6.5858922209598765, 1.4985956331721122, 0.8811613283775163, -3.276025868944292, 0.36508419836623224, 0.9416829398721293, 0.33817768846881363, -6.813983574470481, -0.15728049227760238, -3.425042406324276, 4.475833460135592, -2.522192936164017, -1.9986163518264541, 2.177685052228365, -2.0427630936488788, -4.098534075737886, 0.5103474047324064, -0.7623360779503832, -2.201192910161588, -0.3625527597900272, -6.845332985338202, 0.21012488088670872, 2.818609968895032, 2.9645204626908774, 1.2275028964932517, 0.15190193674420086, 3.5978483739941995, -0.4290743230866202, -0.48779846644903824, 4.991660401578461], [5.196408869245112, 2.3635788525956922, 2.75451793354804, 2.0315815408085034, -0.6806644060638335, -1.0451382270394176, -3.9707574349585446, 1.1391675442053295, -0.9281812884445308, 1.201616934779088, 0.5575388137212037, -2.7117744751565027, 2.458771795739981, -0.5226200146167627, -0.41756302822740643, 0.6037129565937592, -0.9831163169796597, -3.725652479615045, 0.8745812075463132, -1.2821351684741438, -3.8924449192233714, -2.041714054193204, 3.7969446412170775, 0.9102125989090704, -1.0082024621076935, -1.5759173452094966, 0.6310513408560723, 1.5836671032814291, 7.86176587255888, 1.7145542259518802, 0.8609477150240273, 2.7726698605807085, 5.475997063598969, 2.1252634964061126, 0.17706382440467866, -4.776445803785419, 2.5900052679374808, 0.15100658031839098, -1.2078008418116093, -3.839665075773618, 6.69823319311047, -0.5185224312627004, -1.9759089301922472, -3.039343741563988, -5.4038586738271475, -8.4774060241797, -0.11905635117010943, 2.167266663048825, -5.335653989361886, -1.5461263714467053], [1.0351323079013535, -0.872696311255548, 0.40580838575387596, -1.348189404538451, 1.3644027386773208, 1.2134648520813014, 4.739786054658724, -4.93796180807127, -2.6929156808125247, 0.580619847002842, 1.062877424408215, 0.791104721789283, 4.483306260186715, -1.3616596581525542, -0.21314195683339626, 2.529867058777915, 1.4543272504833413, -3.4153649051030532, -1.0534539742924938, -4.101682928096335, 0.23827086611066534, 3.8731601409634333, -3.9287807905037666, 0.1311475840250298, -1.4233839817618879, -0.16763720589225448, 2.6226251778526173, -2.253842360884789, 0.5559287139099967, 2.1580954008541866, 2.324103241579414, -1.6978724818643005, -2.5609029926529807, 1.0273898908841672, 0.59151377699595, -1.1575887729625245, 2.100529093021277, 0.15436456260884243, -1.5125978576988, -0.7696642975027662, 0.4190134708260667, -0.6730063156755949, 3.078337702379445, -2.8551893377675976, -0.13803132293789364, 1.6730540095290807, -3.3337210616524677, 2.3936449794741375, 3.5041917972013654, -2.3084410426477193], [0.7418593696141854, -0.901621418250834, 0.29179401893430545, -0.5695403695817193, 3.1450051041338014, 1.5306783229868657, 5.117534274293595, -5.127587181884753, -2.885206059734917, 0.5159041431240966, 1.1498718589924977, 0.29072586246172816, 4.171959760127633, -1.2376100026281618, -0.6474708921364738, 2.312314237904871, 2.0977171590365047, -3.206175684371996, -0.9775565984501274, -3.4824991930519453, 0.008223337312890247, 3.3777924459268247, -3.64584702531609, 0.2870033395673972, -1.6471269723020465, -0.5732495191432702, 2.682852704896304, -2.2317623109751183, 0.2764392403395469, 1.9888068214835903, 2.620951793021023, -2.34091290916225, -2.1330622024718764, 1.2017042161408418, 0.6012522201642065, -0.9926009282906786, 2.1981553959243163, 0.09448759433517341, -1.834208377575391, -0.8015008376625187, 0.5627417500539827, -0.761416101782827, 2.734352755926149, -0.3237554633260392, -0.36754249145775536, 1.4824352591278582, -2.9296981083922957, 2.2611798777083707, 2.8082924317435745, -2.5401913686524042], [1.728505934809851, -19.317333328209983, -1.8533874554551013, 0.5731867978140491, -4.0607533745864455, 2.1235656864583152, -4.703524847399314, 2.5693095959156387, -0.2223520516008517, -1.9574422875832127, -0.9005312487499679, 0.45508753226979365, 0.8247312649358389, -1.6478122366226287, 0.698011065301207, -0.08363788356554734, -5.570399012022459, -1.9020051459243141, -0.7841087211632302, -0.8252639587345404, 0.45078668642697184, 0.207998519598429, -4.367473818001591, -0.6809367806928608, 0.34748204294530044, -1.4520602011432286, -0.2582116733369719, -2.5308908804564707, 0.6432005807503743, 2.6575987773584067, 2.922116432289362, 1.8145392593797596, 0.6320295117347118, -2.655198980089225, -2.853757073795546, 0.56404179181282, -2.061832963602993, 1.3045414260228838, -6.862454570258393, 3.5510404849818697, 1.616216949427986, -2.1346214887307884, -0.21480989764825653, 1.6760331138616456, -1.4511192042057426, 0.7932404737591298, -1.0917000848474383, -1.082872362935757, 2.907404275719324, 7.478209196269265], [1.5769357638503154, -14.51600039119926, -1.9570766722797055, 0.1200774756376394, -4.934650732460173, 2.230561273866703, -3.734140707596338, 2.6760483042819887, -0.3471294056929056, -1.5867776868332428, -0.8080019908152889, 0.37349115217360895, 1.1859848578766705, -1.9249508607203527, 0.703205926047825, 0.15443501325352652, -5.747153210277579, -2.1249589079244675, -0.6534080084360177, -0.8885380072445263, 0.42377297031782096, 0.45876481867204516, -4.293934812647679, -0.9782221976712508, 0.41049578344526894, -1.4968692680684672, -0.21472604580469873, -2.5438878367143567, 0.49193964653705163, 2.701656092140196, 2.975111447421224, 1.4481973154610897, 0.6191576534938925, -2.8124180661026736, -2.9549195920593028, 0.5762916080725117, -2.2710676765912465, 1.4470461091751434, -7.266718493472212, 3.731909305362097, 1.432441590642169, -2.0927369821190562, -0.4380283542240196, 1.6631523497799152, -1.4228951607256597, 0.8742442688447803, -0.9158067141122902, -0.7788490939320399, 2.912322403987235, 4.870425596386073], [0.5222355013763489, 0.46801280072932094, -0.253224775119577, -1.5514805596128876, -2.671594564067386, -0.39303502788260547, 0.7405178549910206, 1.0800405267999926, -1.346306775232152, -2.4028438513315864, 0.311945174787425, -3.857151738205228, -1.9607522864698952, -0.7426756190164004, -0.5051910427336542, 0.19184663829164383, -1.6199316031789195, -0.38037108299026573, -0.3390090083099455, -0.4534425319538669, 0.746085888660154, 1.7584125135445439, -4.14500115480776, 0.22838741762080422, -0.22258754536310232, 1.0655309039365328, 4.692711874979878, -1.2494100953278153, 0.32867601501730104, -1.8099725894881915, -1.110758295662961, -0.6905051972127693, -3.3143956932767824, 8.536390497004408, 15.144783720433137, -0.6704699341821033, -4.2871961109176135, 0.37625032752693094, -2.018894110795337, 5.984184869726432, 2.296332825230648, -2.900903387246066, -0.2355814998742158, -0.11530440700239292, -2.708804641960362, 8.429785853828726, -4.631500308564793, 0.5258633259321648, 1.5590906941149056, 1.3071195577340853], [0.31306344520356144, 0.5532652348075286, -0.05423796078274308, -1.5541008856738896, -2.726993403152278, -0.3486828331759657, 0.4916585717988464, 1.0908312543216168, -1.1738874157781416, -2.1478435477970486, 0.35142589455537115, -3.4718253049208676, -2.1380198867758695, -0.862552578862613, 0.14244367106073633, 0.5938178570180864, -1.3337775132211507, -0.5279527610249358, -0.42617071313401217, -0.46567054872122604, 1.1274424169027812, 1.7577135141486446, -4.138380676670729, 0.46623560720305673, -0.037968620303254715, 0.9490647732076203, 4.779621233877769, -1.063890437162475, 0.38753144969740216, -1.7865837563705316, -1.0999709334804348, -0.4904484416909503, -2.9899631674978195, 7.427801881652247, 13.630991452700876, -0.6511218748716302, -4.289295414886017, 0.5559678202382176, -2.059185699046384, 6.367790466019011, 2.0113227964581277, -2.5735407181542524, -0.481931277038746, -0.23108564277055832, -2.44176198574395, 9.501425638996817, -4.876212386380717, 0.23291506152819066, 1.352666383929664, 1.3622404918553832], [1.635878362138506, -7.08280207471341, -2.2215553786972793, -3.455770168417013, -5.849859353275549, 3.499924347826039, 5.639447156332494, 1.5410093043418038, 4.633638779206177, 1.2890653307336795, -3.409405728112915, 0.42745799556356756, -2.245966297522316, -3.9737263968717267, 0.4138143912771658, -1.0871317648356968, 1.9237474566645998, 0.7004789532855376, 2.4716489542140003, 2.233455311455768, 3.195037516338402, 5.802225959368468, -1.4990684120324624, -2.1744794565546823, -2.2050612840892003, 3.125696071196049, -0.2258344131384846, -1.2973490210094325, 0.9262641754386334, 2.088017404879237, 0.6663255115919308, 0.6619300757859619, 1.9223416306708176, -0.33156336133195297, 0.8795139332729559, 4.175305141581635, -8.479037551981873, -3.881766447108398, -0.05172910022167976, 0.4775079472958997, 1.4072275057869363, -5.761053282665851, 0.5095724798249212, -5.448987181498525, -2.579426987832879, 0.038853932781595144, 1.0061734052841107, 3.1387150794727328, 0.6584339170991027, 0.7824430112768377], [2.3345966768960054, -7.148095914719545, -2.3143126986788274, -3.1014496985282682, -5.730084048989707, 3.643842394619493, 9.314168315064492, 1.480518136519997, 4.520398643135669, 1.4158943875732373, -3.2388889329009287, 0.630210716406843, -2.5170062748017505, -3.9887036135053195, 0.741548883857637, -0.9182713216028366, 1.746182482166621, 0.7542208562264808, 2.4790352444887356, 2.0882682654070677, 3.2275033305404652, 6.245366666943996, -1.2913347497053729, -2.1428560915239294, -2.0314298272178153, 2.8601652453219915, -0.03274384227286932, -0.90464519015631, 0.7059115418225638, 1.981167129860251, 0.456626388978465, 0.8303155163120844, 1.5992176995135916, -0.32212515858876245, 0.7551609992123846, 4.11722365323621, -8.103496565419839, -3.7983379782705438, 0.13353257346547942, 0.2626397126050769, 1.3398172943076632, -5.033774140767899, 0.10688532152154244, -5.416576139273975, -2.7739314655973484, -0.05963962157131821, 0.7566972590258161, 3.155291001995266, 0.8126590484371236, 0.6648944326681919], [-2.758111025538602, -0.2922721325294609, 3.1874616641883087, 0.19668240177709756, 0.388089628794719, -0.37454511942653446, 1.6553756100279107, 0.49033285460040166, -1.0597493777180682, 0.16531875488280195, 0.0977160821321719, -0.3184583658155489, -0.3706451414115678, 0.6759794716016927, -0.48183330065304864, -0.31613950536699975, 1.8143335996663965, -1.199174053397071, 0.8767551113854678, -0.501684215539357, -0.670799425459572, 0.7550074038180224, 1.9969287005695469, 0.3970535106597446, -1.9582988350048696, -0.38702044578678113, -1.2808792673205123, 0.03588840679041934, -1.8074325997271372, -0.9435225662802789, -1.5688810206786625, -1.2686684640811534, -0.7771094945474993, -0.33211355128893455, 0.629885593603454, -0.9186254943354832, 3.2242789908545655, 1.228379867262727, 0.02793386583973731, -0.9441461163722726, 0.8482782102644687, 0.6384444136139331, 0.20259767321197725, 2.230149862665265, 1.2153821318433577, -1.7191385740734175, 1.2676913738356481, -0.3901920031546371, -0.6427018407923963, -0.3012712521425761], [0.5002201043212599, -2.0347609199541705, -0.9006789082543707, 2.7627717453332514, 1.1972404047320269, -0.2707654158990631, 4.158163288826071, -0.16301676368052057, -0.9619006887499648, -0.5798486006646328, 0.4386709421869666, 2.151828047433716, 0.11634812119700955, -3.291354666559764, -3.1152091625745446, -4.736394488591986, 2.7423809845205183, -4.995183401326432, 1.2197644003163697, 1.1910384183659966, -4.976290062957119, 2.1914523444194463, 4.456810905909749, -0.9688204481326079, -1.269993679997309, -0.8053858116480659, 3.537016424532277, -1.7082179453588315, -4.665687156094504, 1.3292021766940632, -0.7769597532800495, -6.122373975734755, 1.5620599824398063, 2.3704167137953887, 3.151615949937702, -5.1897049588720545, -0.06949399933827982, -2.486096415371398, 0.2713184416023054, -2.9048194024214755, 0.9774125456860626, -1.7205115718163342, -1.2465546691150742, 0.9087791222495708, 4.0141617317322895, -1.2149266390741942, 3.9942591653617385, -1.0478754948134235, 5.806520770395715, -1.8554320586108126]], "Lambda": [[0.513845093536629, 0.6402740872476657, 0.7361584580217092, 0.4305157948485056, 0.6136639671088725, 0.7231101960028702, 0.6051251077682095, 0.66085813403732, 0.27263800561772494, 0.7323918344251495, 0.32574166152090284, 0.4068814916598711, 0.593549678058226, 0.5878742895707876, 0.5945064335473523, 0.5269346607132586, 0.4219563334200964, 0.4391974149641301, 0.44054381253018554, 0.5605714821677957, 0.5379031827098145, 0.6201131230466701, 0.4832182358793624, 0.4203999419457138, 0.6064279603767332, 0.3835791067743694, 0.680579786931726, 0.3434772235227314, 0.5861124439413041, 0.5793827211655689, 0.6151798211432336, 0.7693883196841961, 0.5682331738496864, 0.5721724765791175, 0.40496098219322946, 0.2765808047943652, 0.4404210657020442, 0.5172861281360124, 0.4704065050256997, 0.5724815059075442, 0.45598822658377264, 0.5250280845208602, 0.6475432093274751, 0.48805951160143435, 0.7894640373163105, 0.3047224429638267, 0.6423479307080766, 0.44743242144912676, 0.506088576895787, 0.5018997770501896], [0.6668429262232007, 0.1548106511255821, 0.8620951529430593, 0.41486560985776705, 0.8396460691849763, 0.797035243200877, 0.3494091710312692, 0.9899197117969157, 0.3416603465006346, 0.3857128452389909, 0.224919227566943, 0.5925818861077319, 0.3167384857702814, 0.923640633925357, 0.4613728884283802, 0.852493350303277, 0.44591099524240235, 0.5639712309926426, 0.7287441185687548, 0.5315896878788074, 0.31188659127805046, 0.2685658140406528, 0.6791961262581905, 0.17844850216093555, 0.5254788100799732, 0.6778315395701638, 0.23537782491415168, 0.18760755655239245, 0.5970793476215177, 0.7333438725061212, 0.6627919730353596, 0.7508556687590068, 0.8754857960211978, 0.7502122250905162, 0.5699377522787475, 0.6307491421709334, 0.19677044963803428, 0.5771779041718811, 0.5886445769286666, 0.7053264115522281, 0.46535079639627036, 0.6451152203691201, 0.6177391411436289, 0.8732781123410884, 0.5106569205115092, 0.3856730006906732, 0.5015796849761702, 0.7340566864195253, 0.35821296354022963, 0.8370327467352255], [0.29373361568302225, 0.9782890881374698, 0.7460163873684362, 0.3006407603287636, 0.43383210291828456, 0.8088326517883248, 0.23459694529180286, 0.5812813874589877, 0.8134241060425574, 0.17323787926653372, 0.2828011409685202, 0.19015465190613504, 0.6932080688985385, 0.24548918131995034, 0.44790544380857833, 0.5854603660172719, 0.4212682793314232, 0.7792235618418974, 0.12869384855622998, 0.9491965871573399, 0.11384940357411162, 0.8471355521910435, 0.6051461451390563, 0.6301278021878247, 0.4625285433667284, 0.44659785446265904, 0.5676960989775146, 0.20198927927662827, 0.12212079624258104, 0.4951363961414615, 0.4916583109667052, 0.38006993508855985, 0.25377464714990244, 0.7211568304468292, 0.64370046775019, 0.41490663562290686, 0.4801438094668337, 0.6223111889631959, 0.47080463327825667, 0.5619843507169092, 0.29467277507575157, 0.6316018498534886, 0.7448985485052675, 0.6431691066802181, 0.5899008232995893, 0.45748075795595144, 0.1841808788858672, 0.6770223633724562, 0.5016232987203483, 0.34289399285244043], [0.2399941129781365, 0.6530128005066825, 0.4824860648158721, 0.7133086681271036, 0.89348592629059, 0.5799018822226455, 0.6416658417478354, 0.5809338298915778, 0.31088500881596925, 0.48022477771429745, 0.440117045856472, 0.48455838369566606, 0.3425725379041168, 1.000881302985643, 0.691397506680123, 0.9125330323826549, 0.5584402278323253, 0.41553934071630794, 0.33148487022355466, 0.5762223369072157, 0.3903989129275275, 0.754874067609825, 0.409979523906398, 0.5658038085479096, 0.7976620626729412, 0.39541339322914215, 0.8935823150788231, 0.8543451682134399, 0.13701938517577317, 0.36515922126271577, 0.7870996581449734, 0.7832640194938598, 0.5696385590386444, 0.35008358490977054, 0.9184250312365275, 0.4493686807553781, 0.3245366764321894, 0.804155268344131, 0.5616574124426524, 0.35796979985324884, 0.39794708533584366, 0.446483656845438, 0.627756116810658, 0.6041753215315734, 0.3906408256784138, 0.09885948293725029, 0.5178193891695282, 0.4467012798405787, 0.16697509651072573, 0.47162313089025104], [0.7202795704544832, 0.8710603792980833, 0.7824741976219498, 0.23886985649620657, 0.46544374692780716, 0.14385236031661122, 0.5063872576445051, 0.5057603772466519, 0.9595209367872497, 0.45057685939257613, 0.8236074131829728, 0.22078664178394924, 0.3739101087618495, 0.5444492136446046, 0.4116609575439614, 0.6829944026917157, 0.2820371678334476, 0.3093025905383221, 0.3866767488445333, 0.18185287604043385, 0.5997720271243119, 0.7959816895869906, 0.21965503471134715, 0.41540568605008976, 0.5386741378594293, 0.7335391339516567, 0.3984041933049838, 0.5878570395019844, 0.7160107061527704, 0.3327529850855399, 0.5169910621617191, 0.32998039065581874, 0.3904362833337523, 0.5030671783171667, 0.8019819616605744, 0.580151576831727, 0.48752173948800703, 0.8591905901124506, 0.3390617528783072, 0.43550979206343066, 0.39078083291619975, 1.0798199511306432, 0.5639650454287027, 0.3794044886079629, 0.34428202588380086, 0.36142054420289843, 0.5498442121654279, 0.30973326916627963, 0.38090025827536955, 0.536605008939305], [0.7204694002847616, 0.8244822246981008, 0.7635059924054166, 0.4145159547986188, 0.3935974215708833, 0.2053066627083491, 0.40795097083131293, 0.5495807306266578, 1.1415684769610872, 0.4365015020031666, 0.8403015032992154, 0.2769551415455893, 0.4212156528688648, 0.5734198153160994, 0.3514606003851609, 0.7188027920243629, 0.269286430304256, 0.3388589542885111, 0.4390515978986623, 0.19947527693851563, 0.6529569698715078, 0.8158432412443809, 0.28410916436196865, 0.4522755957685362, 0.5402666376497116, 0.6131902879655439, 0.34523465287182137, 0.5825615264442802, 0.7375902775690615, 0.29871783064693563, 0.42941469963768586, 0.4439772683038314, 0.3973512734793301, 0.5401589337858548, 0.9247298161635755, 0.6397575312275692, 0.5512108117387846, 0.7048975060891295, 0.38752977296996655, 0.5530219477138552, 0.44996140360223, 1.066453437898505, 0.6218498892279531, 0.46884276374352224, 0.40617727767384704, 0.4415305181873616, 0.5865163751375367, 0.4247443235360707, 0.37929622361382925, 0.4304751508378255], [0.7059695665424496, 0.4312272162143596, 0.49983050382736294, 0.6497997351219341, 0.15804431514484246, 0.7722157612659696, 0.17567483809636952, 0.44794333420050864, 0.4330054154715171, 0.6528734964394148, 0.8906998289798617, 0.841408618263224, 0.3301323399800684, 1.012820147229227, 0.24830768360611102, 0.5235191290730776, 0.128749731075195, 0.44386177042390573, 0.6258111920801152, 0.4656705196807154, 0.6811239454495334, 0.645954802439951, 0.25746906778997025, 0.6120040678827567, 0.6531984032004955, 0.6783237079861445, 1.389086223805027, 0.8054363224308864, 0.3056791707324424, 0.2667424159742846, 0.6100183485626715, 0.47088138591924156, 0.6596886538110441, 0.44750377865432095, 0.7489294251022034, 0.45400036233439417, 0.7297342173528472, 0.6647086707440201, 0.2048008536079148, 0.6286983331578907, 0.8136696186656558, 0.8722444631552665, 0.9421316969678402, 0.7414078921975464, 0.5751220435899996, 0.9122935668187551, 0.40230918613816996, 0.3955313821141207, 0.5381406316270398, 0.06452751697701657], [0.7161875781536524, 0.36207499795746084, 0.515660758719754, 0.6202196337850739, 0.16049835422606085, 0.5041239027558522, 0.1966260622620423, 0.4865404025626909, 0.4647484694503426, 0.6769510206273673, 0.796934901156557, 0.844209135678858, 0.33864421319941757, 0.8763499869931592, 0.2530781375031468, 0.5852474257903085, 0.13154860523345566, 0.42844994078809434, 0.5653120920044501, 0.49716599076382173, 0.7382158011045428, 0.7021881366525369, 0.2663151504117752, 0.5810288076567462, 0.7054049793319849, 0.7306198131104422, 1.3038094935544262, 0.6573629147373949, 0.3362797406976901, 0.25756365559741473, 0.6067898934259647, 0.534847417497236, 0.5944101815081579, 0.4581880668485102, 0.7864699347228167, 0.47244602332458785, 0.7192401772092684, 0.7204837843625453, 0.19591961296148552, 0.6552116349483852, 0.7471607177034809, 0.947136916099516, 0.9325842532813358, 0.7877780124744493, 0.6351457306874019, 0.8993491528048524, 0.4281648474768943, 0.39737450730368573, 0.4798919990937664, 0.0924931081530547], [1.210676548357469, 0.688830552492043, 0.42986277836169656, 0.8103325756917164, 0.47489559839031736, 0.23990960104949213, 0.7794484809487966, 1.2371958711342859, 1.2135785111687902, 0.6358424422691664, 0.38012706483542685, 0.3587474475610691, 0.5235560074551642, 0.9488234323971436, 0.42272301546844865, 0.4616748169567901, 0.427006992645806, 0.3248523173480593, 0.5109436398962709, 0.9347933125397149, 0.5822710707600022, 0.4160053648087236, 0.5602696632671162, 0.8584566789889517, 0.6270863336740382, 0.6452365615048233, 0.5261199811289072, 0.5479853745355955, 0.44560824817968187, 0.30717801070112905, 0.30923186789100326, 0.5916917720626512, 0.48166671722144433, 0.15974510620091342, 0.7216377522786803, 0.5529062540737008, 0.4257568930407054, 0.9887899247909434, 1.0886138927342792, 0.5336861162799811, 0.7126969803093133, 0.3789648003097863, 1.0817794674583687, 0.6744885569662319, 0.34752976766195237, 0.10918245655006978, 0.40922263386189633, 0.4407749740727031, 0.16119861075718492, 0.5362361767743598], [1.2340653984137526, 0.7385860570283125, 0.386814595290557, 0.7855467816674168, 0.364326686743408, 0.21784527080327656, 0.776643767073502, 1.1288902203129658, 1.2362811047826079, 0.6064548050083854, 0.36434902362532967, 0.3726236167015742, 0.547379673471166, 0.9738551994486305, 0.395726869160262, 0.44811547856079725, 0.49258231036609573, 0.32772891762578527, 0.5969790039758686, 0.9988947191424242, 0.5916345167484176, 0.4076160309175084, 0.6067409813173243, 0.8184561130913068, 0.6240882388870195, 0.6260694055299181, 0.5098657270401921, 0.5659098254998157, 0.32725475728547476, 0.30098046733162603, 0.3360539087438575, 0.6966048696271523, 0.4813367729001299, 0.18874734208104024, 0.755549135669317, 0.529441186376776, 0.425267842031079, 0.9001558073845967, 1.0899731837896793, 0.44029165035695145, 0.6951625979104539, 0.36615654452805324, 0.9953798164894948, 0.6209032007999397, 0.3642997488161094, 0.06941684433557534, 0.36791256956073953, 0.46097560500791473, 0.17747599053476867, 0.4966675681185249], [0.6127985944029294, 0.46927811786263385, 0.468948200662223, 0.3433287618422337, 0.3298480337544858, 0.6872742468125715, 0.40914683695815474, 0.46428379613567616, 0.5742479605414511, 0.5681695235093559, 0.678603707991977, 0.8834045487912768, 0.8924713631153677, 0.8353096354026636, 0.4269510277865682, 0.7967269187169691, 0.4231439456309242, 0.6167348879828798, 0.6296953851481094, 0.7811487262112483, 0.2798257221156231, 0.2920363433322895, 0.8537872050719352, 0.5106135890073946, 0.1915122210841721, 0.74161142913119, 0.5019257673945929, 0.4301715518741084, 0.45935035696217413, 0.6001172993342677, 0.4669358064695282, 0.7225580653882795, 0.7139049010966311, 0.5845395255232133, 0.8317774378807818, 0.48601454257475385, 0.42700020908003156, 0.39514378633061675, 0.7890488096186835, 0.8143643372753838, 0.4782408822517465, 0.1643361101616113, 0.5114301264987849, 0.4584672377794995, 0.3349297380800096, 0.5545608589265453, 0.6743793647126637, 1.0086615082818318, 0.5517215530899178, 0.4113571272339518], [0.5765049981146095, 0.47831332119555103, 0.49059459529964095, 0.3639054515612679, 0.2931786818982121, 0.5241436041171077, 0.3644942603485459, 0.42976595063637035, 0.6596126651869462, 0.622164791176087, 0.6356367090370388, 0.8007228312867698, 0.8481974783125203, 0.8038846296834776, 0.3974779749354662, 0.9149640844222431, 0.29264176162192557, 0.582598104127332, 0.6057822981575891, 0.8557212151117769, 0.2771972075213355, 0.27186532452691153, 0.809752673852454, 0.4730544627848768, 0.19237358402968252, 0.8101131266983902, 0.48772567622097707, 0.4090830107135511, 0.4550339956108527, 0.5733269600929445, 0.5051180106296554, 0.7616553127272148, 0.7883441026859711, 0.6011648275088289, 0.737588487312615, 0.4750735549743586, 0.35459324631989586, 0.3531425579177091, 0.72661760731985, 0.6958268573348845, 0.5370009572539772, 0.19706903572166515, 0.42185271277910963, 0.5680980285520197, 0.2938624265986186, 0.6179374254010016, 0.7493760431598829, 0.9565051722243098, 0.48300281159897646, 0.47076694868750024], [0.02830153743399093, 0.03660358174248018, 0.03653846511049186, 0.0814158837259561, 0.08137323423184668, 0.11835599420098226, 0.06762775300807396, 0.06878011697571619, 0.08961055174579224, 0.06477850475326828, 0.11911118138481479, 0.07281290931886267, 0.09809178871396428, 0.07144062388482682, 0.11177104376493574, 0.06912470781132242, 0.059674216031951305, 0.05201303404082125, 0.13172741222432188, 0.09323193602204385, 0.0756127123552429, 0.03533882610208523, 0.057369518837277644, 0.05815653022285742, 0.0844616966266725, 0.06569278604909573, 0.09192781131726953, 0.04180895614407663, 0.0710133356914063, 0.0653805586050452, 0.08151724254125364, 0.05377193905285016, 0.086462174256671, 0.12002496896238797, 0.10719456952050015, 0.08460533237198786, 0.03014470543899159, 0.08221285510059205, 0.10721676014124651, 0.11855432357075558, 0.08934456825422442, 0.08358795063208345, 0.1156831945547452, 0.08976045019373333, 0.08099182885203823, 0.04102121279390143, 0.07873221091388002, 0.07398764699486517, 0.08738581572402482, 0.08259285081346839], [0.8733719624584226, 0.3975781273959439, 0.8450119208772585, 0.5453590240351481, 0.32771494732129597, 0.28206624074504705, 0.6139328309315573, 0.5286653281844259, 0.7744419442956574, 0.24602822332573168, 0.7504167085654783, 0.5420575654072619, 0.6804582938251457, 0.33882407732469466, 0.31962008686181076, 0.5233847505431558, 0.47289574312033233, 0.36659202289916376, 0.47781498783663806, 0.41556031301676044, 0.2860842277592274, 0.6623743356017738, 0.3213711096918088, 0.7350002660490333, 0.47364579103893567, 0.508567260026499, 0.48474795001559784, 0.6842326221562293, 0.7019574871903552, 0.3678426612430107, 0.3300888606259833, 0.24710921443642656, 0.9581559033173078, 0.28876457522202414, 0.07599621645704699, 0.3037091499193278, 1.5767334407960716, 0.3865654425071529, 1.1640567609118169, 0.25944780536435946, 1.4796692425109261, 0.28713497549565214, 0.4217000347916876, 0.35616730527775486, 0.07374903758018438, 0.4685493259963113, 0.3875558605369525, 0.5513399702208587, 0.298106535927089, 0.4675474551682106]], "G": [[0.0320561077288689, 0.05320830720127048, 0.5191190960768375, 0.3956164889930231], [0.040752881582643445, 0.019236014604520433, 0.7396558759141943, 0.20035522789864177], [0.021581964549966456, 0.10923434318591248, 0.8584864779698883, 0.010697214294231556], [0.08298964289394964, 0.09781519567062771, 0.8100344417398819, 0.009160719695541211], [0.04428211906602213, 0.03562393932212673, 0.4789992311056561, 0.4410947105061942], [0.15668380044601682, 0.2221784405166774, 0.3841817826558948, 0.2369559763814112], [0.07372438827309648, 0.06675359477996692, 0.8512522027692335, 0.008269814177703318], [0.004162663882712421, 0.004808360760478415, 0.979984842664682, 0.011044132692127442], [0.13276535872664214, 0.1562192249931402, 0.644279358843926, 0.06673605743629095], [0.31239901324826086, 0.32120026070227503, 0.35419017210938486, 0.012210553940080143], [0.23102620225010964, 0.22366665518755044, 0.5090557715010408, 0.03625137106129981], [0.02924408727541841, 0.03779914310730347, 0.7828529207745295, 0.1501038488427503], [0.013739407258326623, 0.010927980802624812, 0.9559791263717778, 0.019353485567269343], [0.327827471712995, 0.3534617249708255, 0.29094617859364624, 0.027764624722533132], [0.3254850724193816, 0.33392575177744244, 0.31661442578978216, 0.02397475001339351], [0.032258681565283304, 0.03143805286941071, 0.8613445823672786, 0.07495868319802662], [0.02276713074479099, 0.015690844740415676, 0.9579010285254855, 0.00364099598930646], [0.05769256040537477, 0.05295861276509452, 0.8803038394776338, 0.009044987351897406], [0.13231852601519614, 0.12164835410372861, 0.7366562272179452, 0.009376892663129235], [0.4237451291073724, 0.41214644565022096, 0.16071265292592304, 0.0033957723164833595], [0.40833926286068206, 0.4134745725244307, 0.1696295356908344, 0.008556628924052475], [0.02569380345884044, 0.009553187774107805, 0.545321623570943, 0.4194313851961101], [0.20029768937995718, 0.21000360686821035, 0.5566365213071967, 0.03306218244463566], [0.08248150695322094, 0.1492651974766395, 0.6006527162414589, 0.16760057932868108], [0.013040289000608373, 0.007058681167388108, 0.9783294356825846, 0.0015715941494192421], [0.2020462336339439, 0.1846020119686169, 0.5937470996935169, 0.019604654703921868], [0.23375160769138062, 0.2346701067770913, 0.5190895054432747, 0.012488780088252728], [0.006793691205158821, 0.0038583638073199163, 0.5048460886488675, 0.48450185633865334], [0.038507294308447834, 0.02430775601784911, 0.45830088322083745, 0.4788840664528653], [0.042121267521060095, 0.0250498481872463, 0.5661966419890011, 0.3666322423026937], [0.010652590432252088, 0.015795158214272565, 0.5180711934310508, 0.45548105792242516], [0.02219730846561592, 0.029391107337826086, 0.8985518907583723, 0.04985969343818513], [0.045352605916344865, 0.1035560999421665, 0.4639423642267173, 0.38714892991477146], [0.43204893111448395, 0.436115730396892, 0.12927597540869915, 0.0025593630799249055], [0.22016216028579483, 0.2516300619738967, 0.41919367694078447, 0.10901410079952308], [0.05164509259071328, 0.04467462948287291, 0.5711115870093848, 0.3325686909170294], [0.43578617298738737, 0.41562857285164045, 0.13965539279587713, 0.008929861365095163], [0.2794928492039985, 0.2679644756760201, 0.42539468377637063, 0.027147991343611032], [0.2793250467587466, 0.3228028111687905, 0.33309055510900093, 0.06478158696346073], [0.3283719605082299, 0.363904442880768, 0.2758144374764984, 0.03190915913450393], [0.3531084536652139, 0.3796615998813788, 0.2589905318410813, 0.008239414612326175], [0.04837910920069967, 0.05609743958073989, 0.8808156970801847, 0.014707754138375537], [0.3901531269000125, 0.3959028556817955, 0.19161154015653215, 0.02233247726165951], [0.011062096159308758, 0.009968388362566213, 0.7227076183570372, 0.25626189712108793], [0.022360672274702845, 0.025508651881141438, 0.6057698606211539, 0.3463608152230012], [0.33625045469944553, 0.3015516287442832, 0.3325144136522032, 0.029683502904068133], [0.139480874557873, 0.16220251024073204, 0.6423456257832554, 0.055970989418139244], [0.07708311727362278, 0.0616804258436155, 0.8028546331389721, 0.0583818237437904], [0.17695969714623722, 0.1955276101928955, 0.6016964360336661, 0.025816256627201294], [0.11720485334198219, 0.11305417739838385, 0.7546976476004758, 0.015043321659157319], [0.07031706632153832, 0.08410657647645976, 0.8085987470935456, 0.03697761010845669], [0.013197050998489059, 0.01262039975490884, 0.746543136903662, 0.2276394123429402], [0.0766743518409795, 0.057802758223540425, 0.8288795161832838, 0.0366433737521973], [0.06529914347372505, 0.07688589630522939, 0.8256075705233679, 0.0322073896976765], [0.019910839744828778, 0.032111132113228594, 0.917610877883935, 0.030367150258007673], [0.02723233992643974, 0.18144702907930543, 0.5918114609588284, 0.19950917003542581], [0.10241184962206468, 0.09374395380704535, 0.8008312205458531, 0.003012976025037106], [0.34762656574824996, 0.3869358579624297, 0.25778721386071796, 0.007650362428603049], [0.33812556632249996, 0.378651241690531, 0.23557759007805293, 0.0476456019089166], [0.44563416230463565, 0.4268287271039374, 0.1146048754285372, 0.012932235162889157], [0.04891703907258667, 0.06219252164769408, 0.8716848659935682, 0.017205573286151767], [0.03503353211206532, 0.031804565418963385, 0.9216312770809337, 0.011530625388038684], [0.1655193816208722, 0.1719537355989265, 0.6390820703108504, 0.02344481246935007], [0.1275442275306042, 0.5748233330781436, 0.20333437293489748, 0.09429806645635526], [0.0238262311720742, 0.02033197527637503, 0.6123720834148575, 0.3434697101366937], [0.07176500456328515, 0.06437950983344204, 0.7804310297527149, 0.0834244558505584], [0.01691126993232795, 0.016203579857657805, 0.9525751155980325, 0.014310034611980505], [0.020149313321937538, 0.0264508262520013, 0.9456197725213147, 0.007780087904746689], [0.027328669870854486, 0.04618519519509989, 0.5337731111833399, 0.3927130237507048], [0.01366319152610792, 0.010120844459840845, 0.9702422118215478, 0.005973752192503166], [0.3946601724847287, 0.4013709332337074, 0.1660959925929063, 0.0378729016886577], [0.10548627629303167, 0.08974933017860837, 0.6353763762043017, 0.16938801732405914], [0.4209045851002156, 0.16763734534281355, 0.33874086201590586, 0.07271720754106434], [0.06937908390580566, 0.07808143159479582, 0.5030568772350215, 0.3494826072643768], [0.1015531903931396, 0.12299289094969783, 0.6904069986407372, 0.08504692001642458], [0.170539922203961, 0.17933505178871326, 0.6360910153438322, 0.014034010663494948], [0.0012964987595037898, 0.002390863226262007, 0.995823588671187, 0.0004890493430470271], [0.005436105552714159, 0.005872929561866935, 0.9189804223514095, 0.06971054253401036], [0.38667960194746803, 0.3904688938220381, 0.21208277536235012, 0.01076872886814415], [0.5108275759892922, 0.005777078912914243, 0.4759054759374838, 0.0074898691603100115], [0.016845963593059968, 0.023962697965601947, 0.9237547844567664, 0.035436553984573224], [0.2860300328807473, 0.33406275354763415, 0.3666067028189058, 0.013300510752712368], [0.41613208788320405, 0.4226959260188896, 0.13107225496960168, 0.030099731128304708], [0.3695013245626423, 0.38287440019724317, 0.24517264883603512, 0.0024516264040799506], [0.01099398878937049, 0.019005298693884766, 0.524497425364503, 0.4455032871522418], [0.2495969382432304, 0.2633397094453897, 0.4435231266375769, 0.04354022567380249], [0.2640913246560568, 0.19299084578512077, 0.3651579686781047, 0.1777598608807186], [0.1659081667817679, 0.08004435666302424, 0.48386226234100094, 0.2701852142142079], [0.018470560399725233, 0.018615418856908806, 0.9606772008397885, 0.002236819903577552], [0.016842414676217526, 0.016762493853409312, 0.9632306881219127, 0.0031644033484589515], [0.2477799538981267, 0.290868080990526, 0.4532397816255288, 0.00811218348581806], [0.03906051020935586, 0.048633402174219714, 0.9016058246530356, 0.010700262963387665], [0.13764497200895429, 0.00843554346516883, 0.803363745016307, 0.050555739509570354], [0.04368129155960547, 0.03910236170242079, 0.9077015310532411, 0.009514815684731741], [0.25281880445224797, 0.19801061351483995, 0.2833146522569256, 0.26585592977598654], [0.0656182360082231, 0.04111895553906884, 0.6930448126874976, 0.20021799576521043], [0.22142400493602882, 0.1675486351893646, 0.4169912327003052, 0.1940361271743019], [0.31117405208917776, 0.3511819789824217, 0.21003624185643757, 0.1276077270719631], [0.0349006808550936, 0.018862196517972492, 0.610122181008437, 0.3361149416184954], [0.029673734768086806, 0.01597712150442685, 0.5204526614996111, 0.43389648222787497], [0.2768015178676391, 0.29633206810627727, 0.3326869817431013, 0.09417943228298277], [0.1621294706203387, 0.22003274571894066, 0.28929808612978525, 0.3285396975309357], [0.4213460352924607, 0.4372366006351275, 0.1306998370746696, 0.010717526997742562], [0.046213914002309245, 0.04287194739559868, 0.896366705520667, 0.014547433081425474], [0.3928136029762267, 0.3759493444329906, 0.16821852642461493, 0.06301852616616768], [0.05967754327078448, 0.11078999581608771, 0.4481361660528297, 0.38139629486029814], [0.034159148651611015, 0.02967307175322897, 0.7439882486597194, 0.1921795309354411], [0.22306426400729304, 0.23063122278510936, 0.49395040800186674, 0.05235410520573141], [0.36815664731257963, 0.37681039734085114, 0.23723169040302722, 0.01780126494354165], [0.07295632301551186, 0.0881204942504463, 0.8322309028801025, 0.00669227985393903], [0.24149317184468616, 0.24097718185670763, 0.4974581769406204, 0.02007146935798661], [0.04292133573288688, 0.020743978689131526, 0.5467293285166084, 0.3896053570613746], [0.013391450262376843, 0.012862311237149737, 0.9596104835866993, 0.01413575491377359], [0.04352828242428049, 0.04278439068094026, 0.9069366857773038, 0.006750641117475133], [0.4786030302512752, 0.47151708952476085, 0.047153984041921504, 0.0027258961820416797], [0.3233565841510715, 0.33499969703427496, 0.3264119388195156, 0.015231779995137773], [0.011944370991686194, 0.012954674742137105, 0.5212895216824941, 0.45381143258368095], [0.05814051292636023, 0.06737464859342288, 0.870837352869842, 0.0036474856103769432], [0.26768402095749644, 0.31331052294363076, 0.266969685030047, 0.15203577106882596], [0.05756077097379449, 0.05127266377719097, 0.8786974561377792, 0.012469109111235725], [0.053918055094892295, 0.26784434763675385, 0.5529995519450672, 0.12523804532328683], [0.24169015502246677, 0.3856580744479612, 0.3045348229311091, 0.0681169475984626], [0.5404971947195901, 0.00774874687578252, 0.44807809121914394, 0.0036759671854827442], [0.19371775591257404, 0.17054964653978874, 0.6159340863184951, 0.01979851122914079], [0.0239558011669106, 0.026903195708835478, 0.8993483618492917, 0.049792641274960914], [0.2012153719734918, 0.20429793612706645, 0.5788309404025207, 0.015655751496921465], [0.056799193118127915, 0.051189301731414304, 0.7185501365708566, 0.1734613685796002], [0.35138828426265517, 0.3252618109538474, 0.2465055168350742, 0.07684438794842306], [0.12367695883456921, 0.14219874378642805, 0.43009752436814286, 0.30402677301086045], [0.43444692260322254, 0.410110838958495, 0.15019730696768638, 0.005244931470596343], [0.36302211780030874, 0.363296504791476, 0.2602216731533085, 0.013459704254906097], [0.40654680751545585, 0.38266239533888075, 0.17400066938674555, 0.036790127758917594], [0.40448050078364484, 0.41598126754930576, 0.17180226602567006, 0.007735965641379539], [0.002423661580545585, 0.0019050514125300284, 0.9941515093931041, 0.0015197776138200282], [0.0104713