{"estimation": {"a": 1.3938173224774786, "rho": [0.19675389223661344, 0.23561000789871545, 0.3299704242244834, 0.23766567564018723], "Mu": [[9.510840124155402, -3.6767310204807697, 2.161941620477646, -0.34751430774829634, 2.992703266399188, 6.752623002746021, -3.0992946886960313, 0.6043324605610343, 0.7023745649430414, -0.9509467470629374, -1.4389871695000593, -4.6537970636701464, -2.993371185530977, -1.5412823176518686, 1.505728533968708, -0.8415278059956467, 1.114012431589202, -4.695826790727252, 1.0051979257263397, 0.22398811870439428, -3.520245776571422, 2.9317419946040797, -1.512770623384671, -3.3717381906925916, -3.1533129948080814, -2.7201808515725108, 0.3521638901376521, 1.9698332856783827, -4.547561074472663, -4.313916997983953, 2.275440938210112, -0.5870782355714469, -0.20155557581060077, 3.04597531778241, -3.2220653776903556, 3.340950314518135, 5.705920961109535, 1.559823903898891, -2.0217591385398648, 3.6131683758217643, -1.8898870993012058, -5.23117315471728, 1.6941842153208704, 0.0666925485573331, 3.1209243343213995, 0.9521425134561408, 1.7262671072897, -2.373597452381682, -5.96512542817554, -2.684164301718754], [0.853212056910355, 4.429940542230248, 1.1182560195132163, -6.972066831128964, 1.9070766684637495, 4.501327961488179, 1.270446449209686, 3.441587910368298, 8.96212305311706, -6.65150913957058, -0.011846158631496932, -2.500698079254175, -5.336166587963687, -1.5998406366872977, -0.8383309841508332, 0.5653744078641456, 2.5790476156584354, -0.25894942986024716, 8.32526888418147, -1.9545323166699151, -2.0929378333475297, -0.8099696510371289, 0.03667633240680253, -4.4415289877486615, 1.1642064531529979, -0.2968156454076997, 0.6674168476229989, -6.77415998887098, 0.49234565939227365, 6.041455200389449, -1.062589262804563, 0.07741944921369344, -1.4655032338410534, -3.6861969881309835, 2.720150865476273, -3.9482672696865673, 0.9668447639785682, 1.4065475169391959, 2.2646832026083854, 4.032630477164412, -1.50675122732631, 2.2837591656303813, 0.959536187346877, 0.4117382876029284, 6.626884041195832, 0.4521354467702205, 2.719028070193343, -4.938911941573908, 0.12055804569992544, -5.609911125076419], [3.475353747220019, -1.925535501744014, -2.365291460954677, -1.5710527681808693, 0.3388042987180835, -1.2106010079858944, 2.8081695966832827, 2.651748786262567, 8.973362963272104, 5.725826391141959, -1.2666011757282458, 0.3706818513061419, -5.252113811806245, -7.630787168157428, -0.5208215574023672, 0.20545528214102543, 2.9576107622469143, 3.8763730296426586, -3.1380224758669275, 0.4309639981686014, 1.0412168320294568, -1.8228946464309481, 4.413706442367731, -13.063005493143727, 5.877378442863965, -0.9486835524842699, 2.597448465003686, 0.8106529260245241, 0.10487627795616239, -1.1305819307548042, -5.169021233080896, -1.3859887136468507, -1.039292459315021, -3.1095868254459087, -5.067648086660362, 4.832348561036904, -0.4703946253048242, -3.4121145515284783, 1.9237426751840199, -2.022421107224784, 3.3737636480478663, 0.4979692684865576, 4.920539265617569, -3.1946073647226174, -2.1830992575021044, 1.6341373455659898, 0.5770206750239438, -3.061986252009972, -1.6621996487627806, 3.4957274701365546], [1.8869369154606408, 4.571432867616076, 1.6778640200740358, -4.695601593082042, 1.8923015139377368, 5.004460635049587, 0.4050954729033387, 3.3998123617056057, 9.069127680188458, -6.764934350054685, 0.6152625536307796, -2.3367034036703265, -3.380617947953323, -2.207331806629831, -1.19985878639618, 0.8558293060773706, 2.0286011067962346, 0.7338946168397105, 7.3203073612186325, 0.02388775573778861, -2.38264198490581, 0.04757852339941821, 0.10272365466372134, -4.0890048946377355, 0.6277501286877528, 0.11361773413120704, 2.2958685765701268, -6.951335375684174, 1.0952487927734211, 7.433352980913057, -0.8807449309604833, -0.4590922138349103, -1.6909867997149668, -3.4966180699720595, 4.126814263612867, -4.528626176260111, -0.19186926853929276, 1.2750692438432691, 1.3240222135790367, 3.9832382955686962, -2.7519338552753023, 2.484301132407411, 1.5728405007876427, 1.0127521699474855, 3.831426529012053, -0.04304569702462599, 1.2019913228006291, -5.039851203855327, 0.1291461472259898, -5.271982334626129], [2.287636216990443, 0.8399575736758227, -1.4551186696338105, -5.332503399543089, -0.2935337736794203, -2.604715145752371, 1.175010730080252, 3.403676992022164, 1.0689488282970525, -4.462059951819455, -0.3966716162084264, 0.16032068834170415, -4.547052330832836, -0.2805667795568106, 2.2127637968712075, -1.028346682291616, 3.45016486084273, 1.4238413768878677, 3.9874832129244018, -1.409867261456097, -1.6157821124016387, -1.6602302920976812, -1.268567656319667, -2.553462575055607, 0.32094037747247917, -0.45692556389335465, 0.6314195629341733, -4.663550298090932, 1.4743164085516747, 5.109382286640316, -3.7810394189292778, -0.3658695064945888, -2.4918851581637282, -2.001090365313134, 2.229427981621796, -1.650593219916292, -2.1048004377761163, 2.536618182475778, 1.938365979174966, 2.274573115803278, 0.3097497242250369, -10.597403877421815, -0.6536256485419445, 0.7354530878994106, 0.4164436980541448, -0.8758786047145177, 1.5534354403595767, -3.263316975730127, -2.24325337756764, -4.8803964707360175], [1.209329834659009, 2.709520535340142, 1.4986165502187685, -2.971126681581235, 0.47152194894952937, 3.5723297566315346, -1.2416078353570024, -1.03902235017064, 5.293059415692223, 2.7798497627010903, 2.1740443819127435, -1.95276346107968, -1.332074403255661, -2.1057950367193246, -2.1853154148531835, 0.9906074341010452, -1.1344806483259615, 0.532715102223195, -1.4258052962987524, -5.4489105160360625, 0.20406761423249742, -2.1554906818040243, -0.48930333860001063, -5.675907333336157, 4.025150169834833, -2.9766216578336917, -1.0494922563784115, -2.2356456631559007, 0.11305380773598513, 3.4076214323562466, -2.3351858764082176, 2.8986951921097193, -2.8702321295283983, -4.516829540763803, 2.8746583398283283, -2.6374985131915163, -0.7049219182409887, 2.307545198219276, -3.464025523109399, 0.968921497748943, -2.554638797576694, 0.5867021725935481, 0.4051142549870383, -0.7673210981402864, 2.7390693355566986, 1.6662230248402121, -1.8661122513815196, 0.31363320087243346, 0.17208852097866265, -1.2764517166360883], [-3.044201805713176, -0.5448487559556722, 2.172339617140103, 0.5774273066481334, -2.099009018714749, 1.8964636912112922, -3.600188959177758, -5.758415684704447, -2.865796401549418, 11.749328656052644, 1.3647749000677825, 0.9653644956241655, 1.1866354591062866, 4.357036699092829, 2.04763439543952, -2.1192699277427796, -0.7385491032861231, -1.131412533342661, -9.321402123295984, -2.7971528471370157, 2.941926441857583, -1.2390067874453017, 0.12053270687949719, -4.593142030457416, -0.28247794056358033, -2.2311069173332623, -3.813755621817574, -1.767074024843979, -2.0925169659507574, 2.191769328392206, 0.6083412875047997, -4.54321196748497, -4.8231614656450255, -0.48896031903423354, 5.648872856043373, -0.4101777542417932, -3.657869612746825, 0.9134324692896074, -6.344597077621633, 1.8474681963786663, 1.7751660776127096, -0.41412021966264617, -1.532903157280854, -5.849008063768335, 0.23370057558635862, 1.5420262466012549, -1.7640388647541045, 2.5650006009343613, -5.811239456293032, 2.6132373793934427], [-2.7631821122427382, 2.3798092635567696, 2.7978921857602814, 0.2729744849549682, -2.8824534905887744, 1.2412593216573937, 0.7043282266835839, 3.1827739146075453, -2.386721342180951, -2.704067580258985, -1.801180096451496, 3.058214013388053, 0.06622020614953353, 1.9895835234342387, 2.606649525011888, -5.147284596659188, 3.404146515321326, -0.3721110795828788, -1.9608356987328646, -1.078035738403239, 3.7441823852954736, -5.648786866914945, -4.200914609673844, 0.4467465146363144, -0.8380742769127092, 0.13628349775545257, -2.04440720620874, -3.715724613241269, -1.6908352998640226, 1.0921525514762997, 0.27055788449961393, -1.6306762273421445, -3.095196400909497, -0.6551766816117934, 6.308770868259023, -0.866746033788259, -3.498303442870685, 2.4612314150568175, 1.0511016213898814, 4.4521860743444535, 1.09882988653065, -1.8978249189875276, -1.7816087426074638, -5.476706350100801, 0.5510948019686358, 1.2544829181437227, 3.8260034348522196, 0.37444517331502414, -3.958430600949042, -4.00921554213106]], "Lambda": [[0.09776433899115052, 0.20770364766662944, 0.23784407473427624, 0.5685842478665326, 0.4547011747938207, 0.21582078725915546, 0.3416617740805165, 0.41900710917045675, 0.5760814737618861, 0.7196714129198498, 0.30349580467831133, 0.5357444016597157, 0.49195002115791203, 0.3460599175885123, 0.6731031502420775, 0.38173624977061404, 0.300564425493685, 0.46355279030808466, 0.5294646636315311, 0.8952817857311755, 0.1577551259434892, 0.6687061754555387, 0.4948557093593882, 0.7895083712384411, 0.47704674169565264, 0.3408677010941419, 0.39161745919199664, 0.6094982855590082, 0.6752435443880976, 0.10795952667059712, 0.6231216487004587, 0.6314161700548617, 0.7314241462637477, 0.27224045947441144, 0.27595602677588876, 0.309037809228042, 0.28017657297717075, 0.539511341168007, 0.6565767327432012, 0.3210109154114868, 0.33074573911315674, 0.2686122556782011, 0.7573028557833743, 0.9700359760287754, 0.24621478639993863, 0.3163025083629252, 0.3563618056380482, 0.7682367474935358, 0.14271912937545275, 0.41722470981327087], [0.8298843911347501, 0.7103758758510572, 0.28124820659572636, 0.15833453981407836, 0.15099381464964323, 0.5178664455144133, 0.9820099611445477, 0.6449750003159631, 0.05132868262286258, 0.5691010239982538, 0.49166734853411415, 0.5322869163696985, 0.17633306161642817, 0.5084472023301891, 0.3381661964516408, 0.7573688007862993, 0.5507634593139085, 0.47857032839589253, 0.19091649285537537, 0.4342481558690513, 0.3278768159255787, 0.5198959984495424, 0.3225976421977722, 0.44044512134553543, 1.6556771860613413, 0.6464922889336843, 0.19952863274772073, 0.4582924720673052, 0.4337316838471047, 0.16494128700296054, 0.7558233111365857, 0.8166998936279869, 1.4893906485271304, 0.5215912506173829, 0.21431682677044148, 0.6233500163951091, 0.42215112482633654, 0.5286203955729823, 0.37955680971733513, 1.064477253911257, 0.24693090797745992, 0.5392299359798072, 1.4467283916695033, 0.49658012263167733, 0.1441355868827252, 0.47302192050416925, 0.4002661322346828, 0.047390561491956334, 1.3981812806772713, 0.4237931911626867], [0.03245910845244336, 0.9492891853778322, 0.616256651473027, 0.6213886666797689, 0.23971258176181276, 0.4714561144647178, 0.1601735182086485, 0.508895648675755, 0.01084302812084061, 0.17548633750482812, 0.4222174080524941, 0.5347245443694032, 0.5339595362999491, 0.07951396781332318, 0.6177727391692359, 0.31876791309630165, 0.6298387431618419, 0.1609999824565211, 0.26226167932681216, 0.5198843525561486, 0.13680445835577756, 0.43344409537047474, 0.19723292682337382, 0.05012187804610799, 0.040296038671521595, 0.7340102781988822, 0.11841286069488999, 0.6237933841465378, 0.5384968447848932, 0.3259608176957688, 0.3582510439981909, 0.5274430017510222, 0.7454885449352197, 0.32175141530995455, 0.3981727512367025, 0.13392092217377058, 0.5953261618535427, 0.2966845591013327, 0.4590216252637799, 0.40284345043193776, 0.21475103171392182, 0.0967400049443935, 0.12589488881013072, 0.33045453131016383, 0.5692615978708211, 0.4412926981981934, 0.3208689593446799, 0.1591366280535322, 0.3927434321214774, 0.311454843978051], [0.7289475518689732, 0.7313906439272162, 0.3387743194839099, 0.2632379697394199, 0.40380098582829493, 0.4111115351345877, 1.0625178459735742, 0.7899170530422968, 0.07677838952780434, 0.4310193620345558, 0.652406688078652, 0.595805884622338, 0.20615819259148258, 0.576893537360585, 0.43999370203837534, 0.4729691314503536, 0.32994809159714494, 0.3587599281727246, 0.3195626540103615, 0.43737118694102, 0.500421062827568, 0.3703864973583809, 0.37585674757016607, 0.7116969584349125, 1.091736514628766, 0.3351385068003461, 0.13591988816498063, 0.4808444360621283, 0.38449608463193535, 0.24439377479844607, 0.5403710423205341, 0.7958282841513664, 0.9859623695185337, 0.45543819424480286, 0.12143702657638909, 0.5051304772933294, 0.6185320136077207, 1.0333099183707697, 0.38200064851694787, 1.334228618795389, 0.18195595903978903, 0.5069863579436622, 0.6819406759611245, 0.2968625284044705, 0.1876334142669968, 0.5650654703767362, 0.2775685038512213, 0.04891599517195864, 1.1371802069636294, 0.5649599739038706], [0.5639118344649083, 0.7170758745878699, 0.20091501097625825, 0.16602141793109615, 0.23361291508404203, 0.21299682874435197, 1.1757221631472892, 0.9606199843678588, 0.22550053303115708, 0.4892988217474047, 0.7739484055878475, 0.31149673689678326, 0.17813935839448114, 0.5182649445694804, 0.4432354242703235, 0.42506935514294936, 0.35374192846404656, 0.3265110769572409, 0.43387833544420923, 0.3340824767204632, 0.2817095892644317, 0.31390436203553507, 0.4975377960744725, 0.6585647502898238, 1.5579080521249522, 0.4270320711516348, 0.3159023623789935, 0.36281106792836937, 0.413889657235544, 0.2423653954131741, 0.26506746611819654, 0.3642712748545106, 0.9534232632568678, 0.375281290214396, 0.18432681467122056, 0.4517963621187983, 0.5226605992499648, 1.1279339928525753, 0.49337033930051744, 1.3862861422227533, 0.2389143455475766, 0.19795222215000097, 0.5467699254477731, 0.6244801008367059, 0.18660536692952423, 0.28616161665143536, 0.6848119564398563, 0.5380800045467028, 1.1783094497509667, 0.6313231254241333], [0.7601374259316693, 1.4225649136104552, 0.38745122200955023, 0.48610444585624113, 0.5918996826177797, 0.5244737766735977, 0.8835707153869921, 0.5148802710094221, 0.2055940803632246, 0.16292127598975745, 0.6144113703266803, 0.3124313831215729, 0.6549690976941998, 0.6479497888965079, 0.5167418775770312, 0.7682188087442126, 0.4507334124469536, 0.7416877555965952, 0.11185544624795714, 0.23175985075507544, 0.2731192898487784, 0.38744053345130536, 0.6317098300534645, 0.5309935245849435, 0.8358052330590366, 0.27869029003489415, 0.24535298610357045, 0.2365711846679704, 0.6914314613206449, 0.3594274719591103, 0.44112888021842483, 0.30642037390426985, 0.8783180898638672, 0.29998766239574887, 0.4131828703298798, 0.6095060204289313, 0.8193824441409756, 0.9866718084645446, 0.22843135963280847, 0.947288986079762, 0.5428600554003723, 0.4915011538681702, 0.4973092179861493, 0.36854641948324546, 0.3403852419255131, 0.6162780582536612, 0.4306108414972068, 0.17075319934771052, 1.6784500346538562, 0.3481888054229811], [0.14566337212348424, 0.17036360576286805, 0.23203036135076804, 0.3694279511591507, 0.5129549733223061, 0.21984107440908998, 0.15927493382578686, 0.06526199753381952, 0.146133739568734, 0.17126719140759342, 0.13452753550673135, 0.24161058334329868, 0.3795770533326487, 0.12480430263826842, 0.2338819830098731, 0.1805971997391564, 0.1571270798542828, 0.2661199632115255, 0.053347715354688865, 0.0687647300574569, 0.11175474826299055, 0.04465779103426008, 0.14821854937491774, 0.1654082443689274, 0.1607945943620802, 0.1748054474047741, 0.30540891460234576, 0.1868743599680628, 0.24681851970018717, 0.14852649008749497, 0.36238277374401817, 0.1504574488786231, 0.19683863323308703, 0.21061815243767995, 0.19600272375754468, 0.4003052879161888, 0.29828209654818105, 0.24081339365111135, 0.17619990638098937, 0.21090581387046403, 0.14915249843822545, 0.48147158843774107, 0.47005692968289203, 0.2522183158830435, 0.5349314267740014, 0.45417398612112686, 0.05341190339585847, 0.2140248155783086, 0.23330162142588842, 0.09940660376788958], [0.2429785437718273, 0.30110646268967733, 0.30599122845657895, 0.3072154659442974, 0.6111722097998933, 0.07998243168297442, 0.54290960660383, 0.21824576010903163, 0.32835562994350015, 0.536667534410982, 0.46496947749667933, 0.2031481631495849, 0.32660554197615477, 0.4048442567845927, 0.34882635543897667, 0.23810264166528697, 0.27871665508902155, 0.32900646911147907, 0.41453357178412875, 0.22460111691361703, 0.1531625311435425, 0.0798105517008149, 0.21871220802654168, 0.31528724818739345, 0.44470690967465537, 0.42861124248753135, 0.45314561121358854, 0.3090167870581425, 0.2557303451230128, 0.16424178048570262, 0.40037142886307686, 0.3934786010971924, 0.2711264013363716, 0.5129489331545843, 0.1860999183653357, 0.33586719269262216, 0.5336786900920576, 0.4664155254218481, 0.39885971843218715, 0.6517657025152683, 0.4254320552957767, 0.2634992036204497, 0.6543943718169217, 0.5510537819293403, 0.513292036756659, 0.4551782011056218, 0.2945410800773966, 0.7408847990282336, 0.45192120487699083, 0.24256725596025366]], "G": [[0.07769408966643562, 0.3271739201844931, 0.5109091357872749, 0.08422285436179709], [0.006850799661765105, 0.024710354300643084, 0.8683829539589761, 0.10005589207861616], [0.40165238304592266, 0.4102926846175731, 0.11588100812199421, 0.07217392421451008], [0.5971018255056556, 0.07382015261206072, 0.28201237660034895, 0.04706564528193505], [0.22201278764051258, 0.1883036701214253, 0.2779836290990269, 0.31169991313903483], [0.1954316007144507, 0.03462474614946306, 0.30642747557179983, 0.4635161775642857], [0.007116398507489082, 0.5020197573755852, 0.4677627439091522, 0.023101100207773596], [0.39322413896604974, 0.1311232013595846, 0.1423821330107448, 0.33327052666362084], [0.10198622433587355, 0.4328725080913118, 0.3777389537169737, 0.08740231385584092], [0.013413357651317175, 0.09212347740381423, 0.5161437020912909, 0.3783194628535784], [0.17223482953387093, 0.3505119815032105, 0.2935837177686986, 0.18366947119422017], [0.05164594208946458, 0.20191906026578507, 0.43929333794204645, 0.30714165970270446], [0.2733567156957649, 0.1399854892704485, 0.4250604426478063, 0.1615973523859801], [0.05944287947669215, 0.052383838945053406, 0.7580221198886303, 0.13015116168962393], [0.4709177450838988, 0.4624068713000187, 0.043025915037660796, 0.023649468578421956], [0.25815106363807167, 0.03493665568244378, 0.2534161197426582, 0.4534961609368262], [0.3392231519934917, 0.14279754632295694, 0.20376765058158405, 0.3142116511019672], [0.19225590469979958, 0.23000826949134526, 0.2914274055880448, 0.2863084202208098], [0.026789519088907095, 0.026396980087881855, 0.5264312680743589, 0.42038223274885195], [0.8583755312545368, 0.007965728690002264, 0.12002122801121003, 0.013637512044251112], [0.039691290433963994, 0.42539108727676633, 0.22402018603946458, 0.3108974362498056], [0.4724885581206271, 0.1136315163815201, 0.0337985840977708, 0.38008134140008104], [0.007738716123288597, 0.012607085667405067, 0.5609842313873026, 0.4186699668220039], [0.20523187828828682, 0.23641289784471956, 0.32968690435461967, 0.2286683195123739], [0.009432257873223238, 0.0723029121945158, 0.4127942631190301, 0.5054705668132308], [0.028334299957934992, 0.010892688393798509, 0.4998383595006588, 0.460934652147608], [0.3655663858376872, 0.4392156121745503, 0.15096797287422872, 0.04425002911353334], [0.2980275116339399, 0.15651508599270042, 0.263596770209923, 0.28186063216343643], [0.2204114848722519, 0.01470497617816401, 0.3696671212586169, 0.39521641769096727], [0.49148327991689306, 0.46444974992378646, 0.024401171197292394, 0.019665798962028903], [0.008580004271087566, 0.5120145573111867, 0.46023333647422193, 0.01917210194350413], [0.8394878194089895, 0.015043417837618056, 0.10690546759985249, 0.03856329515354143], [0.01005849753103895, 0.49730882819117933, 0.47559315480042863, 0.017039519477353344], [0.009002407187187351, 0.9515325861977639, 0.032201394401160245, 0.007263612213888499], [0.21633074421289886, 0.1878154076664955, 0.542402414100633, 0.05345143401997224], [0.013681468275467767, 0.12388371601034431, 0.7479726518372873, 0.11446216387690102], [0.0024799834815727993, 0.5288995478153997, 0.4646835913021425, 0.003936877400885186], [0.37655371194011067, 0.1359079702352875, 0.1409204408936796, 0.3466178769309222], [0.21132504031407973, 0.015614982609326814, 0.29788943494729586, 0.4751705421292976], [0.03370282005672989, 0.36031907199498026, 0.37376521993389844, 0.23221288801439258], [0.24067589393842417, 0.15208146988504917, 0.32695496443880195, 0.28028767173772445], [0.21194758140736217, 0.008841532074044785, 0.3157505983505547, 0.46346028816803797], [0.02388730525536482, 0.0614464545682565, 0.5026763140887639, 0.41198992608761464], [0.31335978596624836, 0.29444558820306627, 0.3221933592160337, 0.07000126661465189], [0.0539991366403336, 0.5020814223579676, 0.42347816242750386, 0.020441278574195833], [0.3651540418068264, 0.042233427418935425, 0.18460648154646406, 0.4080060492277741], [0.07160799103047243, 0.010461073713590629, 0.8090017492061592, 0.1089291860497774], [0.07483135241610411, 0.006704075322770184, 0.5955640722330726, 0.3229005000280525], [0.6073048470230238, 0.046064126017635834, 0.21930938243383383, 0.12732164452550646], [0.44416620564185555, 0.406205562154152, 0.12132848830076821, 0.028299743903225264], [0.02067057822314447, 0.5444848875266847, 0.1742378374929616, 0.26060669675720843], [0.03448795672825022, 0.6385252991301061, 0.1424579125385469, 0.1845288316030973], [0.16124234593141154, 0.43340813751949214, 0.36860633479393595, 0.03674318175515964], [0.38324323786912234, 0.29442316235753657, 0.16698706488199871, 0.15534653489134248], [0.04302881200318166, 0.18804524300347097, 0.42549799430392027, 0.3434279506894267], [0.18803150310444852, 0.44317713340344167, 0.3230034082896506, 0.04578795520245919], [0.19966698314400363, 0.07053958957685462, 0.30053275746838864, 0.42926066981075334], [0.007436432911798101, 0.00660632420207897, 0.8285810233653154, 0.15737621952080844], [0.31208117487135234, 0.317998352424477, 0.1978266868138531, 0.17209378589031823], [0.04060872113853844, 0.06344437422585117, 0.5832904736454084, 0.31265643099020246], [0.06920132340773437, 0.8422953211062402, 0.08275923239338455, 0.00574412309264096], [0.02380481593982831, 0.28295828130293166, 0.28787724075825405, 0.405359661998986], [0.01244573027957747, 0.795203755636104, 0.07094802953303223, 0.12140248455128516], [0.031479434141621826, 0.8305966272184551, 0.084143894509951, 0.05378004412997067], [0.3157138161024876, 0.5236838554265234, 0.06903660503550178, 0.09156572343548751], [0.08791860548072941, 0.05849787199748294, 0.5294793527427624, 0.32410416977902623], [0.4241846994729893, 0.2821614359311795, 0.07084794703574791, 0.22280591756008294], [0.10102095007010191, 0.0880505782899969, 0.655328677137778, 0.1555997945021237], [0.1996985930694496, 0.1057198150259536, 0.3538085600155787, 0.34077303188901786], [0.013225240456612749, 0.23304481200144989, 0.635278128951519, 0.11845181859041926], [0.016711217844358004, 0.45799319471578204, 0.43739912448576956, 0.0878964629540907], [0.8511614865593259, 0.00854581908266043, 0.11129861462444747, 0.028994079733566252], [0.47276578592991647, 0.03839611733434171, 0.016551677017362817, 0.47228641971837837], [0.05920256817882328, 0.04623748784002131, 0.652908552777949, 0.24165139120320622], [0.04583772357626585, 0.4793392716627509, 0.2903776674038148, 0.18444533735716923], [0.22751789832156366, 0.04463567158436115, 0.2747797483057209, 0.4530666817883536], [0.047231218794833156, 0.4888036298826529, 0.15800044523203063, 0.3059647060904839], [0.4905375141411167, 0.4755282960702351, 0.02418383239019914, 0.009750357398449143], [0.08650871627798556, 0.267031180860488, 0.36480378489742793, 0.2816563179640991], [0.005840079460364019, 0.010033317749008666, 0.5389199989590765, 0.44520660383155064], [0.04023607484998383, 0.7915332078193316, 0.06218840174501916, 0.10604231558566514], [0.1448537807305243, 0.007053467596580646, 0.4156420079704204, 0.43245074370247477], [0.012047850116255749, 0.005470607257268486, 0.8953849738381747, 0.08709656878830087], [0.019194675041097443, 0.9339024712178914, 0.030130554727517217, 0.016772299013493506], [0.18058775264844035, 0.05830634387891883, 0.3903834417276183, 0.3707224617450231], [0.22247940801401567, 0.023666519726577538, 0.2851010164128733, 0.4687530558465335], [0.012179122936709532, 0.5251732414763994, 0.45260485603943634, 0.010042779547454032], [0.4020832737831002, 0.05222848539637673, 0.10049554982409006, 0.44519269099643244], [0.4239493361634889, 0.3720624375277923, 0.12231437250271535, 0.08167385380600334], [0.011563162925611594, 0.12982260064049023, 0.4975892043980995, 0.3610250320357992], [0.862938244289361, 0.010051278274135052, 0.10641083891892038, 0.02059963851758409], [0.005080714570846091, 0.00722927551399211, 0.8541305671254142, 0.13355944278974743], [0.17968672706927274, 0.7356001182880819, 0.0468292436525357, 0.03788391099010995], [0.020367236380654966, 0.014388566412054384, 0.665972538242568, 0.2992716589647216], [0.16505893504134292, 0.060082377159562675, 0.32576968938182266, 0.44908899841727185], [0.131236029564914, 0.4333722142701144, 0.3758757824470299, 0.05951597371794132], [0.45613149378937395, 0.02367559328346798, 0.024022644777055874, 0.49617026815010223], [0.007731889553153823, 0.07002820348554153, 0.4169270238042801, 0.5053128831570243], [0.01170715333202092, 0.7537250404580103, 0.1991119218400969, 0.03545588436987151], [0.01212303666505143, 0.0985168489751929, 0.4622445845746158, 0.42711552978513895], [0.09229168867780398, 0.09764580350932114, 0.5381537566000956, 0.27190875121277897], [0.06532439748586388, 0.07696092090014589, 0.39248641313292826, 0.46522826848106213], [0.03844632359092827, 0.34672331564931275, 0.35587516228810867, 0.2589551984716496], [0.21956239293864688, 0.03937386080303121, 0.28797436865706605, 0.4530893776012557], [0.28771351077560614, 0.26051543336620964, 0.26081073379394953, 0.19096032206423458], [0.1497244763981779, 0.23804160734824015, 0.41181737703424387, 0.20041653921933797], [0.2833149736327335, 0.2942272313361027, 0.28927106339008796, 0.13318673164107542], [0.3058692292676775, 0.16754799707994344, 0.19883606977462406, 0.32774670387775545], [0.054516815342986524, 0.6908171682648339, 0.14629154478554246, 0.10837447160663631], [0.05803242404869245, 0.05774820872867787, 0.5122083835539571, 0.3720109836686725], [0.38795680301320545, 0.3757085174534722, 0.1785536175639952, 0.05778106196932767], [0.24305034795396954, 0.09783800697393626, 0.25167635658197296, 0.4074352884901209], [0.047238711530445114, 0.08773082478065956, 0.715995825648612, 0.14903463804028452], [0.45267845176973753, 0.40696973219085514, 0.08460260272814853, 0.05574921331125843], [0.18916308736482762, 0.07093707249679218, 0.3304324785660442, 0.4094673615723367], [0.23486206665359408, 0.14241609077934292, 0.24723504880868638, 0.3754867937583766], [0.4420101234165323, 0.3993816122213076, 0.10093282951973553, 0.05767543484242475], [0.3152534476293152, 0.2880218736330865, 0.23024927048948227, 0.16647540824811685], [0.03458846761171155, 0.025480914647220847, 0.6146624603237744, 0.32526815741729287], [0.12379624750591643, 0.10647234893596495, 0.4198164871310556, 0.34991491642706324], [0.006410429736848536, 0.010978661296235799, 0.7760092349059242, 0.20660167406099114], [0.005611026445032766, 0.42564332125653553, 0.4634597028845132, 0.1052859494139182], [0.27647729066317334, 0.008492572327985547, 0.28013191827234807, 0.43489821873649326], [0.059486091297126495, 0.11223365122656369, 0.4985248386311125, 0.3297554188451974], [0.030887161540882183, 0.040077027022740526, 0.5030295255983632, 0.4260062858380141], [0.147264412377527, 0.14101988484764325, 0.5397595762643513, 0.17195612651047867], [0.2896953345591002, 0.26397383876441655, 0.20691222062890036, 0.23941860604758292], [0.23116350553730286, 0.24831071169317226, 0.31208283993206615, 0.20844294283745862], [0.461236442166475, 0.38040432644549493, 0.06241927386694179, 0.09593995752108846], [0.00856446101503846, 0.5228773330060178, 0.45720437908917577, 0.011353826889767828], [0.008881941656611702, 0.3886172579222996, 0.34535496399777077, 0.25714583642331834], [0.17019956545127482, 0.04587797824689488, 0.33386523257336226, 0.4500572237284693], [0.03922491544692839, 0.021526844440068634, 0.6408909303733341, 0.29835730973967034], [0.10950087666009135, 0.1554101017932137, 0.4207052068100436, 0.3143838147366508], [0.014018553004455064, 0.13283552510609423, 0.5238738583743033, 0.3292720635151467], [0.18555655299670162, 0.06809932285870637, 0.3338936245979098, 0.412450499546682], [0.012809767382305565, 0.28271186379897806, 0.3310950469544854, 0.3733833218642317], [0.4257909412585847, 0.43738902812092706, 0.08266210215469136, 0.05415792846579631], [0.13479184791190585, 0.07887873520778657, 0.38012632205104363, 0.40620309482926364], [0.03406503250776044, 0.32508256066381347, 0.4219066226432014, 0.21894578418522528], [0.01885803336429353, 0.09028577281259535, 0.4044212328282653, 0.4864349609948457], [0.26637616044905577, 0.08746673098051735, 0.24275196942659588, 0.4034051391438315], [0.3780959120201646, 0.13361241427241657, 0.18444861352188222, 0.30384306018553586], [0.030030096467846424, 0.36077701906767257, 0.28967340511505224, 0.3195194793494279], [0.44766208191496376, 0.03459998208917362, 0.050929147828482846, 0.4668087881673796], [0.1560102688664285, 0.044225354050035755, 0.3547589150355153, 0.4450054620480199], [0.019906260293835236, 0.7896226707220353, 0.12527835148874908, 0.0651927174953805], [0.4608507770354703, 0.43329588959824783, 0.08829238400268846, 0.017560949363594244], [0.20341093774853028, 0.029492832042451917, 0.3505874587955383, 0.4165087714134795], [0.122298804907969, 0.09432866307736981, 0.4899559226663514, 0.29341660934830965], [0.07793020830223696, 0.5859167778211842, 0.25652543323954957, 0.0796275806370295], [0.0162344783721694, 0.47286185490614685, 0.44067398763079174, 0.07022967909089137], [0.2791165582395339, 0.016818278477027757, 0.2264496101822839, 0.4776155531011546], [0.19999479573831783, 0.0428605955500488, 0.35736311273275284, 0.39978149597888124], [0.4775163204032187, 0.45111165852636376, 0.04337435170542615, 0.027997669364991536], [0.1727218331223509, 0.010911645444328563, 0.3931764194791548, 0.4231901019541664], [0.14068993522477774, 0.43540855942625234, 0.3708229047047581, 0.05307860064421162], [0.1611952029468324, 0.25644654161415614, 0.3107748827414141, 0.27158337269759847], [0.47537269956561273, 0.012768935030758528, 0.028320568698702142, 0.4835377967049267], [0.17485853236421015, 0.029458081128712413, 0.3301733510035987, 0.46551003550347836], [0.018563840479485727, 0.07972932195957098, 0.7193385754162753, 0.1823682621446689], [0.038186999332511094, 0.07860879497989863, 0.48070889161279995, 0.4024953140747901], [0.004419995106315535, 0.07432018048341862, 0.42010842081270316, 0.5011514035975628], [0.46929051455545023, 0.462540754269698, 0.03827971563870637, 0.02988901553614595], [0.38847803639858164, 0.4104029626838596, 0.1696518034293307, 0.03146719748822785], [0.008863075394649518, 0.06615301148062534, 0.7173438350871562, 0.20764007803756898], [0.07599707362722181, 0.2499709804955166, 0.4926627910043819, 0.18136915487287933], [0.020764410086416347, 0.027481228936925315, 0.5191650903092786, 0.4325892706673803], [0.14750618391043513, 0.187104860120626, 0.38267594337452066, 0.2827130125944185], [0.23104962672636714, 0.00317996797915743, 0.27046360609886094, 0.4953067991956144], [0.1163383137220343, 0.1463116213579234, 0.35723277731022557, 0.3801172876098164], [0.21996688696139785, 0.05573387295022965, 0.2870946704006376, 0.437204569687735], [0.06410406210871182, 0.35062959161801194, 0.2967366191499443, 0.28852972712333186], [0.012089152975799657, 0.2124841245246535, 0.35575894285555043, 0.41966777964399576], [0.2937958600667965, 0.2651070827581448, 0.33300300583219705, 0.10809405134286171], [0.13790497077680486, 0.32741380833489514, 0.33489077279434376, 0.1997904480939563], [0.09108482893584739, 0.30761423009315786, 0.44820894134944633, 0.15309199962154857], [0.006514476799465382, 0.011984742003421619, 0.5435770301463166, 0.43792375105079645], [0.011642300352026524, 0.840823591390978, 0.10666806393916343, 0.04086604431783152], [0.49196978676866027, 0.48268289445354007, 0.019288308790944602, 0.006059009986855076], [0.3656882524568013, 0.4260604151570591, 0.12272742151077938, 0.08552391087536011], [0.4179691809123445, 0.05989211738591057, 0.13112913453160394, 0.3910095671701408], [0.3372076143673291, 0.4064668666977162, 0.19111605163433534, 0.06520946730061951], [0.007375391939849735, 0.0864324559455795, 0.711145068174289, 0.19504708394028247], [0.7036374226148888, 0.008148056440689328, 0.18688272934106714, 0.10133179160335509], [0.4856499472471731, 0.475947754458735, 0.024265792892801005, 0.014136505401290652], [0.8150757257557325, 0.10191253206495078, 0.07367378799753306, 0.009337954181783603], [0.19874735945068528, 0.22705465503080893, 0.3318852346422292, 0.24231275087627646], [0.02232960752353814, 0.33859716691935904, 0.29642871540461646, 0.34264451015248476], [0.022795790778390397, 0.7505580387244698, 0.17092182583369608, 0.05572434466344321], [0.4607872834805238, 0.45601240388520037, 0.05591356868541451, 0.027286743948861155], [0.04192136707849136, 0.07493781339935579, 0.5042137973665796, 0.378927022155573], [0.021220706300090937, 0.270440294293833, 0.5592269805084441, 0.14911201889763268], [0.45356935071248, 0.024286878865706674, 0.05204023125088429, 0.4701035391709289], [0.25482594014889415, 0.3409570958775176, 0.2291729575763934, 0.17504400639719567], [0.013670070431049137, 0.02207074551886911, 0.5109113459932583, 0.45334783805682305], [0.1739805666619493, 0.14347960524230197, 0.33630470690274517, 0.3462351211930045], [0.11046266891051415, 0.48636580292819986, 0.3771897104608156, 0.025981817700471168], [0.31069115695047506, 0.03361382973037907, 0.2163838898617905, 0.43931112345735573], [0.8082528409767404, 0.14284551934512238, 0.029438966149734267, 0.01946267352840337], [0.401328687497964, 0.3919806909504889, 0.12314027168711478, 0.08355034986443198], [0.022570329368712873, 0.039204596824998994, 0.8026153443127574, 0.1356097294935305], [0.43158186990243225, 0.3218620464618444, 0.05829485657471616, 0.1882612270610082], [0.07597927473126023, 0.015502848791661574, 0.5946344942139494, 0.3138833822631286], [0.3546307431657272, 0.2227866980919401, 0.17686347904846716, 0.24571907969386564], [0.0441815637150362, 0.05971478861382547, 0.4818245656618395, 0.41427908200929875], [0.2833703156783632, 0.2892317161740323, 0.21802752281285276, 0.2093704453347519], [0.00999196048823175, 0.03204918004625606, 0.5079927378687807, 0.4499661215967324], [0.1726847303338296, 0.19899016050253515, 0.34413801101928904, 0.28418709814434534], [0.290104096960264, 0.3144379968921843, 0.17206199457316892, 0.22339591157438296], [0.0830481180243857, 0.00740223919292169, 0.5340568510758403, 0.37549279170685224], [0.3868223686735656, 0.2015868131488423, 0.13410656868274942, 0.2774842494948419], [0.07782689001230325, 0.013703729161300618, 0.8342935440881138, 0.07417583673828257], [0.21676120720538655, 0.11066308838611078, 0.29600508949285775, 0.3765706149156452], [0.01224362087967402, 0.021451714937544004, 0.7987939755936206, 0.1675106885891626], [0.24371644796749695, 0.5488560850660634, 0.12618303643918, 0.08124443052725981], [0.020634853838597835, 0.8873421296865769, 0.057415761688253554, 0.03460725478657069], [0.269496697569642, 0.023294040354612817, 0.4337548176763828, 0.2734544443993613], [0.05421086081118853, 0.11486150134273598, 0.5373011403263622, 0.293626497519713], [0.3156176598964538, 0.4386529438803191, 0.1875646127572479, 0.05816478346597984], [0.030710710489685676, 0.44259122466777523, 0.4184950796248681, 0.10820298521767079], [0.21882287216504415, 0.013356607155233246, 0.28604121795873555, 0.481779302720986], [0.03158366024229753, 0.11517925950909173, 0.44342302145217893, 0.4098140587964315], [0.6653857208683525, 0.04697134824648461, 0.17715472017406036, 0.11048821071110368], [0.14882627906763968, 0.21570761305872682, 0.3971699613887863, 0.23829614648484684], [0.0029040435743194373, 0.5247029480140674, 0.4657301223151922, 0.006662886096421426], [0.09355642200720317, 0.07590920146317424, 0.3933218387921818, 0.4372125377374407], [0.10416328347696711, 0.6434157577344691, 0.10837490660110416, 0.14404605218745992], [0.020098270272528848, 0.9170466889374336, 0.04071489755258505, 0.0221401432374521], [0.11088354216690469, 0.1128086314831416, 0.5483148556175528, 0.22799297073240032], [0.10288253835630595, 0.07786264214412618, 0.3933697319039055, 0.4258850875956623], [0.02393903647915652, 0.08930735591397777, 0.5590226472236697, 0.3277309603831959], [0.7536945925647719, 0.008052958255489816, 0.21632911433682614, 0.02192333484291203], [0.0043930274937991586, 0.33150791572785715, 0.37632959560660906, 0.28776946117173474], [0.004683291872424182, 0.005241879244982208, 0.8486470930263597, 0.14142773585623322], [0.3884535425593395, 0.013311460093849346, 0.12323607449473674, 0.47499892285207396], [0.7609157213692043, 0.045500639799593984, 0.16265266381591517, 0.030930975015286227], [0.20560866159512925, 0.13681408338473042, 0.3318011088467732, 0.32577614617336764], [0.14672733358044437, 0.1084962200848771, 0.33674489258108303, 0.4080315537535952], [0.2587396594369746, 0.5197544842039061, 0.14074822638124646, 0.08075762997787271], [0.03155111685772653, 0.8325047675993869, 0.07486659558531046, 0.06107751995757672], [0.46165543531981307, 0.43345901031320827, 0.07785126310792861, 0.027034291259049385], [0.060601531435587754, 0.513949345935288, 0.4113046443371116, 0.014144478292013107], [0.7705098773540334, 0.012943905781218623, 0.18375031273318634, 0.03279590413156238], [0.1213898618644098, 0.4033757283322753, 0.3622988335262745, 0.11293557627704058], [0.2538479283529797, 0.05288919859316247, 0.3063713685618362, 0.3868915044920214], [0.034292529468299124, 0.13185480112245868, 0.5606189122498618, 0.2732337571593806], [0.21756436580005384, 0.3561951880718968, 0.3597555991304525, 0.06648484699759757], [0.16469368204131674, 0.3897809300144933, 0.32277777289473164, 0.12274761504945804], [0.04938230848361933, 0.016213062977032372, 0.725347692729793, 0.20905693580955545], [0.08746833079284376, 0.014316972893043683, 0.5273589695355853, 0.3708557267785274], [0.10618875174060892, 0.051572994463605186, 0.4708026550633504, 0.37143559873243587], [0.016264961431095386, 0.029021243115023528, 0.7143670409577224, 0.24034675449615933], [0.24873762070307354, 0.23803786179008282, 0.30592914535228805, 0.207295372154556], [0.1512531422629846, 0.4496074749648984, 0.3385702690105249, 0.06056911376159178], [0.005543406527687013, 0.4702623631005389, 0.4851127876562903, 0.03908144271548392], [0.024824984904305795, 0.18803454556846844, 0.6654057294972595, 0.12173474002996731], [0.4785520383738193, 0.444466452015977, 0.05468246386801515, 0.022299045742188536], [0.4228774503509579, 0.3585241851012937, 0.07827211396125178, 0.14032625058649648], [0.2259092040389608, 0.007795596689621946, 0.27691283581274206, 0.4893823634586748], [0.31932329872581855, 0.020377886662168197, 0.38790648640941805, 0.272392328202595], [0.43844273396102446, 0.03548854402128073, 0.062572011166239, 0.4634967108514572], [0.42495718855461184, 0.3642435250618217, 0.1484509331906819, 0.06234835319288386], [0.24486158216685003, 0.02720805574572304, 0.2678349852726207, 0.4600953768148065], [0.036027359793780064, 0.5438457384241187, 0.15070193783157285, 0.2694249639505285], [0.48492502312201946, 0.007629511666689909, 0.011631895489710362, 0.49581356972157997], [0.08457851132790752, 0.05398676679794226, 0.6893110989313609, 0.17212362294278988], [0.043148950863613485, 0.10659893012434912, 0.42845579346080054, 0.4217963255512374], [0.32100240933149315, 0.10726535639789796, 0.19867621596911716, 0.37305601830149165], [0.007122305292196474, 0.5229334897368056, 0.45980741285987736, 0.010136792111120306], [0.012834588043396496, 0.05039465407889972, 0.6344976316524511, 0.3022731262252519], [0.42234526484890145, 0.24959997199321468, 0.07822113535914017, 0.24983362779874357], [0.25527361842932533, 0.04391037290219373, 0.3082078668680432, 0.39260814180043707], [0.4653337454352311, 0.4392414171932193, 0.04962275335766957, 0.04580208401388003], [0.3508298818851165, 0.22171138464724835, 0.1275325289434423, 0.29992620452419316], [0.03943351181431193, 0.08025360316917922, 0.4503669493944504, 0.4299459356220589], [0.19608140422074904, 0.2323457295957914, 0.39713501614812946, 0.17443785003533085], [0.011575541658828032, 0.8761195294863399, 0.059310090574966653, 0.052994838279864405