{"estimation": {"a": 4.078317797347509, "rho": [0.12360655426615816, 0.16317462930366733, 0.4104761682779824, 0.30274264815219204], "Mu": [[-0.6407279845556505, -1.3242411710385875, -0.787806068943837, -2.4009304059143064, 3.2588036802012006, -0.7929796534688499, 0.6907735331567836, 2.535124942403438, 0.8814356979544103, -2.2551771604810043, 0.31831989247832415, 0.9260027889742315, -3.5965034589911635, -1.9522644196978418, -1.4201554047034903, -0.273973328706358, 0.8022067662354178, -0.3615915450560597, -0.5810926375305638, -0.8653094728192413, 0.666862686362413, 0.20408444099195747, -2.0157212041354655, 0.30516476169189516, 0.2889475865703791, -0.8677932412201055, 0.4476768334191726, 1.115512495408257, -2.6236094361588136, 1.7874914247437952, -1.9835896686702736, 1.239062549796808, 1.3266002222137092, -1.6779731657487262, -0.9410548471200766, 5.476669755547784, 0.1982120237923154, 0.952315192939679, 2.189921008353708, -2.737352299132564, -0.3638916454120311, -1.8321636595463269, 2.365707194981704, -0.4014100543349386, -1.5660902117659246, -0.13687941985649862, 2.4837829874692163, -0.10170645468856795, 2.236954708705609, -0.3946912305407329], [-0.5066894631486607, -1.3521656588364934, -1.0034649525885593, -2.428922866237315, 3.1399258671585017, -0.6585968238795104, 0.7873171753971435, 2.6164487359920052, 0.6338447357672915, -2.284268130682018, 0.4102203781337511, 0.5267630213535095, -3.5477397343559267, -1.8120693477917538, -1.2914160625973001, -0.45464262481882983, 0.7815637885865871, -0.44220139949141823, -0.49979149223449915, -1.1390333098052134, 0.4443579627111765, 0.34987444317796673, -1.942733626194621, 0.04147719784119481, 0.3625403927063665, -0.8639846670069395, 0.73253657438026, 0.9613270272693444, -2.5917203467028895, 1.667974118153176, -2.3260115025289396, 1.2851065217871391, 1.7580525203526585, -1.628901686811575, -0.9702953062167706, 5.705678354355929, 0.4611124687584241, -0.06717376734260118, 2.144414593614025, -2.7455715996165617, -0.3591502505620224, -1.7031257417569594, 1.8281367705288356, -0.609444899167145, -1.4489368134035858, -0.43161397049765904, 2.0677861769542227, 0.13818019230771053, 2.5980596547903643, -0.3015491155300583], [1.6869697414760236, -0.14525283461978086, 0.5549928701606456, -1.1293725538265986, 0.9218719723597384, 3.895959870324515, 0.1328377828387221, 2.6558112836317047, 2.9195735456135856, -0.7529307107532199, -2.2272493698059583, 2.403256639969995, 3.0200327187905813, -1.108393509863798, -0.610383006269993, 2.261084932501276, -0.14901823824819804, -0.42369088361564233, 1.0351681504234744, -3.5277920598279833, -4.79390808181497, -0.9465178778001863, -0.9063988329979313, 3.24937282897483, -0.48047449321334545, -0.9836052246808389, 1.0871709896186348, 2.4729311575960002, -3.4033001120286803, -0.20074739683547654, -0.22421313247489938, -0.9678950709708826, -0.8789810450555866, -0.20464141216658246, -0.318388578748126, -1.8670533991289444, -0.2059751836832037, -1.2474596205479918, 3.285686726527515, 1.230604926908644, 0.30297404212925794, -3.2981570882245945, 2.7523596716931253, -2.2347668627208144, -0.14088579534697576, -0.19279505533025748, 4.632476254504261, 1.4034090645576254, 1.3588576947668505, -0.6047415201606866], [2.3304823879452075, -2.0524324190632126, -0.3351952535034631, -2.1207070151576657, 2.5037565438948537, 4.413626142011682, 0.44773494878245257, 2.376361939652674, 2.1905568011393894, 0.02837718417174247, -3.2369137431882287, 2.7390259111762116, 2.203087690984415, -1.7053427633771994, -2.1709148046026265, 1.0489044339811515, 0.4454798037235676, -1.1078241905727049, 0.698208953669533, -4.197339413283435, -5.135453961125921, -2.3794066991403016, -2.9230711122090742, 4.234198566572409, -0.4676882173764712, -0.7967273753589819, 0.7046391382042967, 2.8600872109711313, -3.3631406771053993, -0.49887138207873666, -0.26755738384594757, -0.8353339343781484, 0.8152116297639848, -0.7468750393846081, 0.2566225547591098, -1.4765972918768728, -0.11263880198194592, -0.8807783946034616, 2.2336151358594143, 1.9441247265923076, -0.40939833532645, -3.9632908918557694, 1.862803775618536, -1.9933424006135332, -2.0015572912832336, 0.5064540464727972, 4.052224768714504, 1.18787944377658, 1.8655425927647495, -0.2634395871747465], [0.9136882258789172, 3.9061591028895277, -2.403994519206543, 4.441681503499935, 7.397524682234773, -6.802495588870976, 3.5923795403278427, 2.32305510075874, -0.9083579092964227, 8.790744561647099, -0.5173461270285694, -0.33383129460782396, -2.965080428583133, 4.080201360193125, 0.5582228548198812, 0.5176232615550377, -0.8577672802716675, -0.7242238181087653, 4.781717568557305, 6.616467104230576, -1.7914186691265406, 4.763735320790875, 5.044910885220559, 3.446435127472574, 4.345570916538476, -1.1528699785268728, 1.3347678307477546, 0.4967274324213751, 0.7295814961137295, 3.0829283381283683, 1.2366944889620342, -8.379023297765244, -3.2201016662338464, -2.0733294872720505, -0.997799957763525, -2.2687175684200245, -0.13118727556562018, 5.003076175564868, 3.1190083542602705, -2.6269543185651356, 4.222824120887258, 0.7733095539526968, 0.34308949797838384, -4.121287706491916, 3.1673125057547136, 2.600310234504349, 4.332160650772521, 2.572919039803242, -4.318711787945888, -1.489180279066383], [-3.7670440351044134, -4.307104326368988, 1.362774852250082, -6.014779103589958, 9.320451345487289, -6.422475563358891, 0.813655352683649, -1.0474024601585739, -3.3667961827242356, -10.010598847899725, -0.6370692510177035, 2.534321677442621, 11.461431565278634, -1.6685886777605106, 0.6929902096401037, 0.030888592370609057, 6.555654935858705, -5.349210744621818, 0.7849612440352469, -2.494224987355686, 2.513829355440405, -4.063513061265459, -1.2355632653107367, -9.288734909565624, 0.130250303780843, 2.5696757705595603, -0.7003742946055257, 7.236663622147819, -2.2755118845254727, -4.595351148651771, -2.00939420815736, 6.782000923014151, -5.049794277177531, -0.7101857350110211, 0.5733271272955807, 3.181020200709621, 3.34018761029109, 5.95173332170615, -4.324462428105951, 2.8849305861725374, -6.339740427127928, -4.367791255517824, 3.3763820464493683, -5.647637119707138, -0.7061156711258462, 3.2993984290763874, 0.9333325540096207, 3.564594255125762, 4.701675422180561, -3.44450999526168], [0.9618245181285924, -4.761386596987872, -0.7108889443609836, -3.6417314562601937, 6.819848851850043, -1.458146984295594, 1.163043287508526, 2.4615708343261242, -1.5158262656280808, -4.348717002424516, -2.5300737147954173, 4.4153266443144465, -2.038040311943392, -6.53178994217612, -3.5054180966233632, 4.34580915107089, 2.61799311780811, -1.156581158117311, -0.4707500509281911, -0.8930523438478568, -7.12379694216925, 0.8305627832850946, -4.775842057324848, -0.45604749575241244, 0.48945635950524413, -0.39146709819645675, -1.1835409405182942, 0.5011407244707065, -1.890745134542384, 1.3488360558514438, 0.6709818035222371, 3.337035773337758, -0.06968860597844084, -2.00742907738694, -1.8372909321910935, 6.362972191875609, 2.145065749321473, 0.5859915518389177, 2.0677184543069878, -1.2842424545094406, -0.6536760105070067, -6.77834430387731, -0.33947164098105, -1.2789807824134645, -0.7799125333137507, 5.691723093748569, 4.3338995927719495, -2.300289654171384, 5.4705428979104145, -5.895583526006764], [2.8571918169747277, -4.608946304137859, 6.458868680882472, -2.092396357496879, 1.3537553252844083, -0.63725894735255, -5.515392608970419, -0.39268751861365647, -5.1012754904185025, -2.62068869924724, -3.766037315478004, 4.686123547808606, -3.81011653080641, 4.881136591279499, -2.8084982836622197, 2.37270019008023, 3.461478494253096, -1.419812912327429, -2.0700743347487713, 5.015757081635996, 2.9229579380291413, 2.4941172208510083, 2.945233442779111, 5.508502700032532, 5.698548564278891, -3.0424797421448364, -3.810155856120691, 2.2866679055350905, -1.7518764278952665, -8.038962025239593, 5.8293739962907205, 4.580114238333395, 1.0591698643927798, 2.1976847369207873, 1.749516428263902, 1.6566418576882944, -5.823307779324724, 3.736358119478007, -2.63083240592999, -0.32997246769672045, 2.9550833807100285, 1.1363164595824222, -4.147030400144594, -6.077693951283753, 1.6553716099793792, 3.260355176395375, 1.9070569542538283, -1.1857798824356938, 1.7039745283921623, -1.4876277543351832], [3.231389372810663, -2.1703871643915273, -1.6008083750195945, -3.871937990310231, 3.8105612266914375, 1.662110140419579, -0.7995539222847746, 2.962194270173406, -0.5127672946845188, -0.8463163389882816, -2.150136840333651, 2.957774910706699, -1.3774553135956964, -0.881127153933315, 0.6894713939881076, 0.894876566206198, 4.4816949318574935, 0.21555812214601214, 0.6309380372114711, -3.4697347115898536, -2.336732148928153, 1.4450718076840134, -2.311574924901859, 1.1769769488934356, 0.5404855437121749, 0.0006142323007611327, 0.5106445060424996, 1.6655385382127716, -4.882299702804782, 0.1377013546575249, -1.424743893234061, 2.3635900084997186, -0.0627432819995462, -3.1991691217410145, -2.321369022992995, 4.725913217215097, -1.1795814365285495, 1.8409410306213922, 7.865724663027695, 0.7128847064069972, 0.765460915984454, -0.04782926945478828, -0.3408052368199032, -2.1929603993027404, -2.346798987569027, 3.976634171770813, 2.8969234178436687, 1.4049765211416252, 2.5782933171364304, -0.44095243004085277], [2.9280760537691792, -1.9688642298122614, -1.5310018074955158, -3.7054444989902344, 3.5663740269012023, 1.6170556338938056, -0.9395746731513119, 2.689091366682634, -0.37999131774389805, -0.7776686787718555, -2.137469195666111, 3.2973101404239515, -1.6866437230285927, -0.6158661827153975, -0.5049930553755921, 0.8381180926944977, 3.8322490919705507, -0.09931962008425473, 0.7740385085433764, -3.462495596210939, -2.1514025498257143, 0.2850539348223027, -2.3756537512543385, 1.248185452310583, 0.7984408883695292, 0.23228367539125822, 0.8914791092889922, 1.8272884220786398, -5.476871424791719, 0.09503710804933019, -1.1589652416639737, 2.4964871046546753, -0.15634416739265328, -3.160001847904855, -2.685301620493342, 4.9134905523645, -0.9793308822541523, 2.0468872755207967, 7.703499639675756, 1.1562696824641854, 1.024731275831583, -1.032719352992032, -0.5524046350752868, -2.225741201563413, -2.3345395911059112, 4.284826528571935, 2.635051613237064, 1.4811263004633894, 2.6483295648017844, -0.19173949845737054], [0.9116213750146386, 2.25931125703421, 1.2813069596868714, 2.2602204859241803, 5.113530067700374, -0.2517669458519749, 0.3200649200189161, 2.34419255483163, 1.6770821558368645, -6.906040332549873, -3.9581553297463175, 0.5850515842038259, -2.797052907373723, -1.6942520364513676, 0.17873111494548113, -0.6418852948582023, 1.461383458850443, -1.360877885212654, 0.7318445649492259, -0.08930740394615096, -1.6126363846150786, 0.18937949753049232, 1.5765281459900389, -0.3053396122239216, -0.27084627595602717, 3.851731714299391, 0.06076834758132321, 1.5999784077181058, -2.0007232012147242, -1.4149518669197416, 0.4380282705831135, 0.15595933468006953, -1.429617474095937, -2.0026555596338405, 3.450978677820372, -0.05031692405320559, 3.399302309585346, -1.0905530591009631, 3.0187078163672116, 1.1733189190839182, -0.54050040074142, -1.1915846180813319, 3.448906492367644, -3.1708507269291575, -0.42305128982719226, 1.3373017323694338, 1.3394666339824004, 1.5677408376141395, 2.2492605689758083, -1.3919568958626352], [0.7078368379699016, 2.336607070930472, 1.4151044233811831, 2.5213179212416277, 4.959870791255196, -0.19685363649039414, 0.27100534926182296, 2.323308760840646, 1.626416279917493, -6.929428675041455, -4.35223138085265, 1.2040041066020588, -2.6683900119884094, -2.01294544267821, 0.3699062867174047, -0.31597552638868887, 1.5175609897723044, -1.1758314601903999, 0.5924058461293383, -0.34968532059750473, -1.6827483888860857, 0.17269986691125652, 1.78407186172758, -0.326312742071059, -0.03977613001624158, 3.942517591113506, 0.16008838051908084, 1.6823383678770827, -1.869845284403758, -1.0757490263502356, 0.4283533117349267, 0.19400580912984483, -1.5482072148526496, -1.949121217587658, 3.510955776561999, -0.3011825727700476, 3.0049481589428146, -0.8788629609440152, 3.1647581140507315, 1.074700964991473, -0.5784111778503529, -1.4379434455837279, 3.3877808338764552, -3.0144018512800814, -0.5389308571809297, 1.3362623556068762, 1.4888633943194711, 1.704695637278169, 2.448883576882131, -1.4582559608310488], [1.9511146865968159, 5.22378967755672, -1.3658717868163115, -2.9953604836177092, -2.2444271628095844, 0.4461252572729689, -2.7850474120036637, -0.7778479116917354, -0.2465409100814521, 4.341204142680746, 2.3423561098456704, -0.5497089399472082, -3.6164080188658976, 5.310116629604586, -4.299212023679288, -0.6396003790213034, 1.8727994772462737, 5.372791984205554, -3.4664528055305914, 2.453608977024162, -0.2583041128565764, -2.905958167825463, -1.4044617794972016, -1.505998039665551, -8.51186916336733, -1.8959427795732826, -5.025235419848841, 1.509960519165146, -1.2611276707014314, -1.5834237256735506, 0.825926995960818, 6.441180054801446, 0.8273428245658375, 4.219309124910897, 2.0389206964041944, 3.16668692652911, 2.3542138379751956, -0.36718572565221796, -0.17902146026762647, 5.838517558462233, 17.120299655249465, -1.0314948376687032, 1.485428368651117, 5.221270919107566, -0.26681981509666247, 0.5235263399426182, -1.4838729055639102, 1.7752271922623253, -2.565853067203066, -2.3734784140600538], [-1.908234242585326, -0.09087380817654218, 5.405133527230084, -2.427993803791217, 1.31002409236167, 2.5270944334078638, -4.236751771191415, -1.4688867707320499, -3.2071837912378145, -1.2816588681223338, -0.7396466844014054, -1.5089071209064744, 1.040431260319457, -3.827871183792361, 0.2220896747638537, 1.104229920626336, 4.416399739769468, 11.224005261238819, -8.807925087864986, -3.1015751410455117, 1.8899689067284748, -2.8165578730378957, 1.6619796515875724, 7.115139751700425, -3.1198134030246205, 4.615385149630058, -2.4370591599627165, -6.550524249243655, 6.019439298936798, -3.1068587632848805, 1.0419968373069397, 1.3924869747548225, 1.1565036573963465, 3.779934328964946, 3.0961183017059413, 0.23425620672165537, 5.437650747964533, 0.9254270952240681, 3.8359239669718828, 2.6647223574415047, -7.267196081997242, 6.775120381079401, 0.9902395498903276, -0.2782895671273979, 12.348848375960083, 2.79902197554918, -3.2307383562325027, -3.269335302850997, -5.317972640411721, -2.344660383817065]], "Lambda": [[0.541535984932758, 0.4799683293679252, 0.6683476966877078, 0.4301380742237148, 0.4275568690523433, 0.48135910958791384, 0.5407515690145714, 0.5186113484409017, 0.6015249422099257, 0.407392448320013, 0.4653818299597513, 0.5211688899763086, 0.37165966514250304, 0.6070389526962578, 0.5275535951394563, 0.532417569730932, 0.5709282994366787, 0.42167499138848724, 0.6105519308228938, 0.595369817907698, 0.49875480082365875, 0.568730917451827, 0.5046668334593201, 0.4334253427504797, 0.5733734031543429, 0.5248775835961214, 0.5608375297933654, 0.5091795769601654, 0.39423471226497464, 0.5214006947873739, 0.5541637881508009, 0.5069059707859886, 0.4862774942717122, 0.5888740279189759, 0.5457558477189822, 0.3281799343918437, 0.5428030390630073, 0.5435481668656108, 0.5019971799619855, 0.5575614533291615, 0.6529111000264096, 0.5655035305671162, 0.43186005856475435, 0.5549426004386793, 0.281806257273914, 0.5768303353090652, 0.44775463552207023, 0.5521423571643264, 0.4979028457790302, 0.5785837913959198], [0.527895716054086, 0.47209425781439895, 0.7167972979989533, 0.42329651016735664, 0.4619056048385561, 0.48204298730524264, 0.5445966280337868, 0.5254344093912832, 0.6339851910360348, 0.40235648762742166, 0.47069093362544123, 0.5183332296664993, 0.36505781309808844, 0.589373390722045, 0.5216682387099606, 0.5598395659414781, 0.6058973440294756, 0.4067357339678106, 0.6577024957134555, 0.5846006340395484, 0.4723030699502642, 0.5810452626894558, 0.5006851720312601, 0.41197815962767975, 0.5606275684801596, 0.5181858725723741, 0.5669472586646893, 0.5268884865873829, 0.37008751473147766, 0.49425177902796336, 0.5276292225517123, 0.5011116470296513, 0.4946230820173062, 0.6270746214263793, 0.5316264773832389, 0.3266355065893635, 0.5356434558425821, 0.5864511169345963, 0.514773036943594, 0.6235175639831823, 0.6752852530358603, 0.5426888003901207, 0.4226448551214545, 0.5367071131941098, 0.2537803552299799, 0.5781069583626961, 0.4722710841873487, 0.5392066174868003, 0.4817096100325734, 0.553821931523909], [0.5929295021965428, 0.47199092213057214, 0.5882302326000678, 0.46887229901553634, 0.4882783485503931, 0.4567980724169062, 0.5333742332971894, 0.49636348385162543, 0.5340531833249351, 0.5219715160984327, 0.6052468837451649, 0.5565285419218635, 0.550134309581817, 0.4361536032526132, 0.4620823399278477, 0.4753253006514539, 0.5243593284889659, 0.40800846905397226, 0.6526800215347163, 0.5643945344228873, 0.34267751330100643, 0.4846415434137171, 0.46930125163161873, 0.2720343884365365, 0.46248160809378064, 0.513083231725759, 0.4252429295476322, 0.48497867320685994, 0.5235317327489459, 0.44563976147496037, 0.6348160291211108, 0.5203951840878598, 0.43654683138026357, 0.6211990427432217, 0.6238999397034137, 0.526998957714663, 0.5503783416047519, 0.534049611968751, 0.34995185848505284, 0.4295477993577173, 0.7123248120504065, 0.24237304372519605, 0.4508695963998486, 0.4840268288851558, 0.34905340881044616, 0.5685656584925777, 0.35673031975555186, 0.43350737269449663, 0.6241603943872636, 0.5651652877259671], [0.6133312903387674, 0.4814507765010463, 0.6501272448995167, 0.4243464681868979, 0.44588223437838287, 0.39585951436582983, 0.5937255076454122, 0.45080026660591044, 0.5786108977753487, 0.57344643216627, 0.6524312935154242, 0.6311886021841533, 0.5430602571390476, 0.47532164457938003, 0.5004828941733092, 0.48498653186260066, 0.5144830657204739, 0.40986030073907126, 0.7058310298909233, 0.611304308166898, 0.33085868909898936, 0.41813149312287995, 0.3882227520932847, 0.24100504695807912, 0.4233622051658558, 0.5408938954300483, 0.43667613658853, 0.5348553190254254, 0.43386759937236846, 0.39712915770031476, 0.5919911897857066, 0.50679354622763, 0.4895298829676407, 0.6901137896992616, 0.5541593244371215, 0.45064375688963504, 0.5210855447254743, 0.5549591246087437, 0.330881669835413, 0.3964255863181423, 0.6251735634193121, 0.1626707827949331, 0.4547940041618078, 0.45583224562384345, 0.340181663258196, 0.5480074239984479, 0.3175110424610841, 0.40130405615605147, 0.6603232100315989, 0.6093728829472667], [0.433485117157292, 0.18986211994428898, 0.5516047430548168, 0.5220452960037056, 0.16977323486538365, 0.21029624582577905, 0.8174238091682888, 0.24736905456177508, 0.39755686195046724, 0.13408001384232102, 0.5867239610503932, 0.39049023869226623, 0.3058799964057539, 0.2958228550145175, 0.3626287384298001, 0.3586282456007678, 0.3509735926859892, 0.5680785653167528, 0.7859845316713612, 0.19370800768432528, 0.839649545994064, 0.2685707860808696, 0.444265988536053, 0.37080390659008017, 0.25448648409207353, 0.5282277284621956, 0.7247968080358076, 0.43283659311425116, 0.4324210263410511, 0.41596573104963935, 0.7854293942549705, 0.17193535775745486, 0.31030169156231246, 0.6327998772808322, 0.8557580715375886, 0.6366162161118046, 0.7372523438316793, 0.24285052014977412, 0.5004351590868316, 0.5886638026954865, 0.6007077859599166, 0.6408826150092459, 0.4257408166641641, 0.4231695907415228, 0.2970672720910383, 0.35570916671908087, 0.5700448893474153, 0.6198783228240657, 0.27193125043936417, 0.49615149912471623], [0.49439146937173056, 0.24587463658099915, 0.44389713875764875, 0.2670346856134178, 0.21124182733620792, 0.29061210613632166, 0.4423787031420124, 0.31677029810931323, 0.1747500258252538, 0.15692648083034083, 0.31317436108191354, 0.2215940748455845, 0.1218902535766012, 0.9474642573017693, 0.3710736581313199, 0.41298917293079423, 0.14905944775939184, 0.5940666495258091, 0.369118550676502, 0.4130997445481108, 0.04628135573780571, 0.44023408845356043, 0.4389210590740645, 0.18792167836395732, 1.1975774206115968, 0.3059249858697031, 0.23422607774980078, 0.26994176437125317, 0.37108487214534003, 0.25765819554342567, 0.30421255883796106, 0.34832820354512856, 0.25311333364652727, 0.18829468058370077, 0.9294239819707478, 0.14037804132058448, 0.47424052624298596, 0.18312885304262783, 0.285710204868114, 0.24007668062371293, 0.19824617512014353, 0.48296276814860206, 0.24091328755665656, 0.2405575906477452, 0.2879444160320913, 0.32394795619816086, 0.2586057692207619, 0.4097789306392558, 0.4145879126567883, 0.29476869974521536], [0.485287658954494, 0.37705780267532213, 0.20418948750381846, 0.14974182990464774, 0.4470373753226056, 0.3657692770753896, 0.6057729135762399, 0.7310061046421161, 0.32621331705347856, 0.173291732566651, 0.6965938779934022, 0.4096763010508628, 0.3703377650526183, 0.16791147171792822, 0.33901215225492903, 0.6350056228480704, 0.2446389985764782, 0.8119912854775995, 0.5059675175031159, 0.4897018276434136, 0.258803149988576, 0.3255033420308761, 0.6585574942509379, 0.11662108276295244, 1.4479730034525955, 0.7126536098066819, 0.635755814408843, 0.3835978956793793, 0.953973601362485, 0.8955701119812268, 0.153866121507053, 0.260167149940221, 0.32043755408539504, 0.3257289007488274, 0.4889819267224177, 0.3022153857593369, 0.4325342177695858, 0.3563265410369971, 0.4713383084491951, 0.16746918339894126, 0.36604266370509675, 0.45337023151029354, 0.16725117716660173, 0.36714963946624346, 0.34355346840832174, 0.5681958482613004, 0.27352489297348204, 0.5149178447577185, 0.28124109881081033, 0.14245266065164933], [1.121212555744506, 0.5220927652818875, 0.30855586106020877, 0.5715428929296605, 0.4896197870921003, 0.617423784691176, 0.28577074221872467, 1.1423847212268075, 0.636206338246258, 0.24757781229577971, 0.9530179225036045, 0.2552958441486025, 0.6596905111289937, 0.637432626541577, 0.2698681514714407, 0.859013314532732, 0.39824874271933197, 0.8533463980949888, 0.452335428197756, 0.301832991642577, 0.5652273788553439, 0.4423663781067472, 0.4445167990699957, 0.28289712478338386, 0.2851373343606199, 0.8056643144503574, 0.6985438674483986, 0.38625360840388384, 0.40989093437221374, 0.2844088244708926, 0.5357257880839208, 0.6709814038466012, 0.3271029279605402, 0.6282928273127892, 0.31152460175723795, 0.2679731257494986, 0.20861614400101003, 0.4672216213009661, 0.7305156740503843, 0.2876826484224167, 0.7559208991283144, 0.5628797387328922, 0.8788964450844658, 0.3062762448656553, 0.6438786386799614, 0.4253830372089907, 0.5696633070669473, 0.825328757688649, 0.6776656008688776, 0.3506417057469514], [0.3847488916539056, 0.7829444050299854, 0.36533712902095605, 0.5089907970550719, 0.43264579630776784, 0.8403304671535429, 0.6336272588439645, 0.5207459901860678, 0.31271085197311055, 0.27085958222971684, 0.4711391575215139, 0.11161261968104524, 0.45712799724398095, 0.5671741993208239, 0.20235388091553655, 0.7722648163588992, 0.2178451796650595, 0.5731247650145048, 0.365225984025464, 0.40377036662418925, 0.49609264012650417, 0.15861818531055977, 0.6891959614730367, 0.5482366858094967, 0.578988499780535, 0.5068659333508713, 0.40671117120493694, 0.5144391840527424, 0.19455465700149935, 0.5315524151848602, 0.3830216754566709, 0.21191396588316702, 0.3914951089420594, 0.5415843369328217, 0.5124145055435283, 0.3785318860095857, 0.6396865486801933, 0.39626688016373407, 0.216851780002639, 0.3289979279638019, 0.26739439876627524, 0.34731569823684016, 0.4404806211228314, 0.6119970428388927, 0.4847048854835028, 0.2593400947430074, 0.5405691198819874, 0.1386360142795392, 0.6176256386289105, 0.7472110963483225], [0.38960318160929874, 0.8025619045203506, 0.34872447179505833, 0.48137908726793954, 0.40504889058457255, 0.893336718331863, 0.6485368156452502, 0.5662470674943756, 0.273854942988447, 0.244570807496953, 0.47780819644004485, 0.10312525038490444, 0.46263393959304117, 0.576026535342768, 0.20048512141763422, 0.8024521517546559, 0.19864526603677274, 0.522723754047897, 0.34412260654944565, 0.39808200594017823, 0.4407023185213298, 0.15398107330239671, 0.7013111085379885, 0.5428510101768514, 0.5135369941342549, 0.5295196117195535, 0.36646019891942255, 0.5116670899958013, 0.17848720682385275, 0.4996532311894076, 0.3478821259874005, 0.17871141946872268, 0.3667651372565453, 0.527862094898682, 0.4691762263401892, 0.38819941285091375, 0.6998091752289308, 0.3943665146096511, 0.17298597701523405, 0.3375464663408072, 0.24503779413410537, 0.2878346480603748, 0.44091439103985847, 0.5926579870639288, 0.5008930985193523, 0.2556892783468951, 0.5372198817450404, 0.12418220391303059, 0.5938096025870256, 0.6953349309518185], [0.49167833470072186, 0.22294630783088565, 0.5646747084366797, 0.2523807034258368, 0.3897839691770269, 0.4023134005368441, 0.7756657857895934, 0.6086865747005386, 0.5566073766415405, 0.18357597067229883, 0.32096295417068094, 0.40906613965541083, 0.38885039066129545, 0.41780448484619875, 0.23913125349886646, 0.3293351761511598, 0.2812265439333369, 0.4892894853339877, 0.3903069309845866, 0.3237864390617133, 0.7215235665990314, 0.5250901790052124, 0.28049229566797323, 0.4527404349768724, 0.44313632813091014, 0.4696171663046727, 0.4607837423568631, 0.35297192434277214, 0.5907873334730328, 0.45156325923373225, 0.3053303098257426, 0.5606956280605736, 0.4740490129310091, 0.43262430649716627, 0.3398310992889514, 0.24784383923012385, 0.5386526704808566, 0.37609099134796137, 0.2985065762509581, 0.8278283347576897, 0.6164778552241886, 0.3987477131002828, 0.3115350018142848, 0.5371850153739182, 0.7046850496796473, 0.5105929490190405, 0.534399867136614, 0.3330822229764083, 0.4426999918951137, 0.4820829621741039], [0.46318591468341214, 0.21139945374178748, 0.5602965065345856, 0.24361335706192902, 0.3743757241246248, 0.38580006314513104, 0.7707261368564675, 0.6054853174828401, 0.5427537677482193, 0.17299647147761202, 0.3124504478261647, 0.37973021293280496, 0.35181792708597887, 0.3864091204273032, 0.19265136516235432, 0.3227705957366541, 0.2773966776868388, 0.4814098592171792, 0.3722469699541548, 0.308575110389345, 0.7359749134222245, 0.5029059310149682, 0.2666226599687732, 0.4585499192065799, 0.4208785523970625, 0.4572388926360338, 0.4477788497378361, 0.3458662522975796, 0.571138815088916, 0.4208745097573816, 0.28825493153468373, 0.5654848857901055, 0.4346850844513119, 0.4195037081327221, 0.3237400579241311, 0.2316564625869446, 0.5289019560468703, 0.3365632377011764, 0.2793185262711066, 0.7764727003899996, 0.5923232016510366, 0.37275942448915234, 0.2896551358764811, 0.535799546212726, 0.6966202269251577, 0.5480240188858615, 0.486364220468918, 0.3077807303610779, 0.42084303036144954, 0.4609400812390124], [0.523426180734566, 0.16780673266596613, 0.2388242801333348, 0.6395331554457953, 0.10944283275454748, 0.40772138170324806, 0.594407773977806, 0.5185405173329831, 0.3140891270100062, 0.08660793916822102, 0.9737888078877561, 0.34293462909337546, 0.18754694337818578, 0.30872028917424776, 0.17945924111789244, 0.3039581378160204, 0.06294786871197948, 0.22552318847309033, 0.06998510296255073, 0.4995378098943733, 0.2738751732313192, 0.8352210168159332, 0.4153181526085878, 0.11728400830711311, 0.13716670849233095, 0.7542941044448782, 0.3147864967160212, 0.3227986818816996, 0.6675702632383984, 0.6854856233168568, 0.5076730868099572, 0.16013039215485572, 0.10229886941703882, 0.6503556431928589, 0.33828868186584354, 0.390226114945102, 0.7711283002205428, 0.2778815890834667, 0.09637297872936228, 0.18554672273671702, 0.03496154262452671, 0.2804491302790266, 0.587949274504765, 0.19278264002594514, 0.1465340786525003, 0.638594830020804, 0.44692881934834733, 1.0849075334863898, 0.4531403490071287, 0.17521009464517168], [0.9052842027782312, 0.5153945254378242, 0.4606574315906467, 0.20455609708790723, 0.6796419782029594, 0.12239183213449789, 0.2343131977216877, 0.48682941116858114, 0.233966267423919, 0.29219640133585195, 0.4029271600092337, 0.09726307922794218, 0.3034432074928139, 0.1450318462753489, 0.39789679812593953, 0.28033984439681336, 0.1464807519971084, 0.27639670346608075, 0.29435078635817946, 0.4823041920887878, 0.42095493909036114, 0.8308197833448018, 0.47049598111828106, 0.15101470449474805, 0.23588898237822017, 0.75705706931145, 0.7020697199498609, 0.17129405942661796, 0.80621038103405, 0.9764280041485394, 0.47619489224098, 1.4204814215851436, 0.7335362855116612, 0.6411074442423839, 0.3180990892771401, 0.6457029790765001, 0.2672051090928752, 0.330504757481392, 0.16850173526061243, 0.404778976208107, 0.43740275325753586, 0.20460899972350946, 0.2376335683653313, 1.3549598601919495, 0.2370973303153131, 0.442540782599768, 0.3803096846428286, 0.8353882623284695, 0.475760953934126, 0.6319570530494546]], "G": [[0.06297374696888713, 0.06223141453793164, 0.3606317730312094, 0.514163065461972], [0.06716054730467391, 0.19400805213596156, 0.5294393273977912, 0.209392073161573], [0.024908495752313627, 0.13118310200712832, 0.4751985608476702, 0.3687098413928878], [0.03805221151367609, 0.04496871728825967, 0.27269767137575446, 0.6442813998223088], [0.25058814080974046, 0.21754498053973734, 0.17462006848901668, 0.3572468101615059], [0.03195093317476304, 0.04297530901224323, 0.22925310405844865, 0.695820653754546], [0.22264394349444142, 0.24582373463379117, 0.4689469631072759, 0.06258535876449121], [0.15224198134459485, 0.17991290660197237, 0.4512134510344508, 0.2166316610189817], [0.021323003592268987, 0.027898879530845265, 0.31219597192890436, 0.6385821449479813], [0.03175752964528156, 0.0569985588610018, 0.35336989213320597, 0.5578740193605115], [0.10821028310715722, 0.06265357636911617, 0.7894596692841935, 0.039676471239531934], [0.23210036704580564, 0.23955406807774643, 0.39286946298830444, 0.13547610188814438], [0.6726392732504566, 0.026986161716059442, 0.2534114011986068, 0.04696316383487871], [0.1938851588194092, 0.2094256576368056, 0.246590337930172, 0.35009884561361404], [0.28872392767631366, 0.3178161675532336, 0.25158962128043877, 0.1418702834900135], [0.2353398446299236, 0.27234357606468396, 0.40285328528210773, 0.08946329402328415], [0.07954699044729058, 0.025937829711206714, 0.567729055754994, 0.32678612408650953], [0.26787629251810063, 0.14044750517061946, 0.3884741401332758, 0.20320206217800463], [0.09457801346934717, 0.4443522648528269, 0.25413393876340884, 0.20693578291441747], [0.1526914513978389, 0.18501297765641483, 0.2819648144252863, 0.3803307565204593], [0.13419807734670622, 0.15618988953629484, 0.23716080285496433, 0.47245123026203567], [0.08560675057140148, 0.09677580886219712, 0.6222434274032436, 0.19537401316315745], [0.12471320864363916, 0.1386817167922813, 0.37897534998738225, 0.3576297245766966], [0.05376925204093178, 0.060569028744311804, 0.798866520579485, 0.08679519863527135], [0.024056716076093766, 0.28471310769445707, 0.24388790322792228, 0.4473422730015283], [0.15941071170909607, 0.20041397940355016, 0.28637687036121073, 0.35379843852614407], [0.2184144748624825, 0.27217371785867567, 0.4003854051401419, 0.10902640213870024], [0.04631946996002004, 0.15224546638750222, 0.575565181483398, 0.2258698821690792], [0.085952198270572, 0.09731105047742479, 0.7580121373282857, 0.05872461392371703], [0.06908152505740602, 0.07554417906973795, 0.6730056138270071, 0.1823686820458479], [0.06776441942183144, 0.09490550278010157, 0.10523923350865344, 0.7320908442894127], [0.24399034498286543, 0.28942420089602755, 0.4259979018641641, 0.04058755225694351], [0.3182975642324443, 0.3629918335608484, 0.1654050195445124, 0.1533055826621937], [0.1390929602284977, 0.16670717678194794, 0.22949360364964191, 0.46470625933991316], [0.1427995203646627, 0.11628463489515868, 0.5858165270573136, 0.15509931768286517], [0.04342521446374155, 0.2591742896381882, 0.21084344121714618, 0.4865570546809241], [0.1835113156464489, 0.2091854229786762, 0.47025180665930416, 0.13705145471557142], [0.010056628531147208, 0.00902807231441022, 0.9148389073849194, 0.06607639176952232], [0.1010757073799976, 0.1343791453810029, 0.13049980532154382, 0.6340453419174554], [0.17800487721699285, 0.07937157732740545, 0.4292186528152471, 0.31340489264035487], [0.02009691445295605, 0.014123261321750041, 0.5981362407999218, 0.36764358342537246], [0.2635396088406465, 0.27744804616151825, 0.24310357753075032, 0.21590876746708462], [0.0721891666301364, 0.09080974016131914, 0.6807196421037858, 0.1562814511047589], [0.031936420336472884, 0.028721409744370867, 0.6676847846701358, 0.27165738524902044], [0.3063162482815878, 0.11152306711489682, 0.10478095200375087, 0.4773797325997636], [0.07093402670788658, 0.14144281765902428, 0.7044400708149791, 0.08318308481811028], [0.7033364958301332, 0.05079782402948851, 0.18366113652556548, 0.06220454361481245], [0.013952297320372654, 0.29762957292496744, 0.3588152036518008, 0.3296029261028588], [0.02007980310269987, 0.028461063465513643, 0.45124848008406987, 0.5002106533477164], [0.0494815534729992, 0.04736612713865886, 0.7143815041761815, 0.18877081521215933], [0.025769188978495446, 0.03183944177423865, 0.12564934372669256, 0.8167420255205737], [0.4584218922744522, 0.02977108781805322, 0.3378416992181039, 0.17396532068939083], [0.5117390286722551, 0.10825352372958766, 0.3221727398901098, 0.0578347077080476], [0.24525177427289266, 0.2781804444937425, 0.31757694945484144, 0.15899083177852322], [0.01622787485210317, 0.022776915238978138, 0.6103874565961602, 0.35060775331275856], [0.042760104819292655, 0.6695830669501419, 0.15661488159387954, 0.13104194663668653], [0.022122643843355605, 0.2565153840023773, 0.1738717540499872, 0.5474902181042806], [0.12230777951074195, 0.4201776541073954, 0.3894649683541546, 0.06804959802770752], [0.15930682276407135, 0.17430125481987352, 0.29151162691720806, 0.3748802954988484], [0.011530335077489776, 0.2452077366523056, 0.6612648541252875, 0.0819970741449182], [0.05990973874338405, 0.2466539691658333, 0.508133343674111, 0.18530294841667166], [0.053264393381658524, 0.019210265112294234, 0.47952916186290484, 0.44799617964314287], [0.09136904078337588, 0.0577530830955373, 0.7406656093272603, 0.1102122667938258], [0.008485960385120185, 0.02402339156749137, 0.6815980249457668, 0.28589262310162117], [0.09881751393255828, 0.11359422982832146, 0.2540315684055965, 0.5335566878335232], [0.05633596282249661, 0.06808529122277936, 0.5964598923830069, 0.27911885357171595], [0.1334641138899144, 0.16119435779981403, 0.676046001487903, 0.029295526822368474], [0.11036323304450948, 0.12955708733300006, 0.21290327717772833, 0.5471764024447614], [0.12328555761308842, 0.12987892118578623, 0.5115381284430762, 0.23529739275804923], [0.1133303509569133, 0.015705921364032555, 0.33397526429926094, 0.5369884633797931], [0.014748488018353687, 0.01485621754287752, 0.2475316909945446, 0.7228636034442243], [0.09470419673943928, 0.10039314857053848, 0.4178323704121523, 0.3870702842778699], [0.18919139316189354, 0.22148621447697095, 0.3473912543715687, 0.24193113798956623], [0.10143622431165672, 0.17591623597134382, 0.4028019451796903, 0.3198455945373094], [0.17940042682141424, 0.04157540894429549, 0.7311795811879291, 0.047844583046361515], [0.03541201476869732, 0.04787182824455251, 0.7791403580200529, 0.13757579896669678], [0.21093194776663973, 0.24581188500029047, 0.4020881791572494, 0.14116798807582046], [0.0951507357011297, 0.11619609846701016, 0.5344740599348902, 0.25417910589696946], [0.04413798170274162, 0.06210160670240256, 0.30537557116564185, 0.5883848404292135], [0.3392635513765227, 0.09017916047792189, 0.46917690724032446, 0.10138038090523058], [0.09048903656841772, 0.6169178084705312, 0.142878987773943, 0.1497141671871081], [0.04485389376594426, 0.1202577067806457, 0.24402880714707728, 0.5908595923063323], [0.3443708010186566, 0.3703657521000465, 0.13808838153121689, 0.14717506535008], [0.03956020056417332, 0.024705824279661757, 0.5422771336768522, 0.39345684147931304], [0.06496729759124087, 0.029930420169655345, 0.8163299354052148, 0.08877234683388914], [0.10193129423443793, 0.1169543881883139, 0.3738628560533296, 0.4072514615239188], [0.01124521466852868, 0.02355419802672741, 0.37309783427574134, 0.5921027530290036], [0.05548105089053713, 0.08174382024425329, 0.2613178077382156, 0.601457321126994], [0.16526016243170452, 0.4015610554683487, 0.2679234047906037, 0.1652553773093424], [0.24023808301568383, 0.27732624145599555, 0.34473272836695484, 0.13770294716136647], [0.20760880943097446, 0.23395000578567293, 0.4537876707643249, 0.10465351401902735], [0.030928647820214924, 0.0415415007981645, 0.17754877969776803, 0.7499810716838518], [0.2447594444061566, 0.048895684964395426, 0.5070517823009265, 0.1992930883285224], [0.2880221698462536, 0.3112067495366876, 0.15231479658924166, 0.2484562840278177], [0.032370133280350676, 0.22443173486632206, 0.6311814573131322, 0.1120166745401942], [0.1047476284760028, 0.12565854941606558, 0.31318392606701484, 0.45640989604091625], [0.09030121884162164, 0.35731061984668394, 0.3543568999683389, 0.19803126134335539], [0.3641395514648464, 0.05930476770742011, 0.4452031676826779, 0.1313525131450556], [0.37615137977837326, 0.08085866147433933, 0.2589372802816327, 0.2840526784656554], [0.19534209493743054, 0.22318760648459215, 0.38013352122915356, 0.20133677734882402], [0.2180894140551807, 0.26354349026589624, 0.35360987084443385, 0.16475722483448949], [0.01716514739314954, 0.037378550633304836, 0.8091273986140901, 0.13632890335945538], [0.3001484926601836, 0.35838898930892976, 0.24999035842706718, 0.09147215960382003], [0.1437439383641239, 0.17178770259921286, 0.38264676276423076, 0.301821596272433], [0.017874805977738998, 0.02554356306255035, 0.45689300863657106, 0.49968862232314015], [0.02355901158132293, 0.03044472389799798, 0.2101601416973751, 0.7358361228233044], [0.09481808628632744, 0.1011632316518431, 0.19608289422281946, 0.6079357878390095], [0.03196079434314493, 0.14602358486843614, 0.23326566207960195, 0.5887499587088176], [0.08480767221948478, 0.10046152668988999, 0.6135827912609547, 0.20114800982967104], [0.19456888219573515, 0.2212425251853908, 0.2917472095937205, 0.2924413830251534], [0.2986151400797365, 0.1504932382231052, 0.483485665807653, 0.06740595588950449], [0.04732235588269957, 0.13151050013595114, 0.17638714981112838, 0.64477999417022], [0.0640944844561702, 0.08904107758963771, 0.27636875275032985, 0.5704956852038615], [0.21850618748957326, 0.24607620552872236, 0.16580789334133428, 0.36960971364037004], [0.2389332066234114, 0.035275778258057125, 0.6479293561531166, 0.07786165896541437], [0.11040006500552002, 0.13435009247965676, 0.6314641210479052, 0.1237857214669178], [0.1521157783483903, 0.10178002272544526, 0.2971074835741153, 0.44899671535204944], [0.18935276047757738, 0.022701066357152546, 0.5467323554910013, 0.24121381767426908], [0.2206050668940228, 0.2600780971609882, 0.4101352048635136, 0.10918163108147551], [0.11806492198495665, 0.12076722999859277, 0.31655704720837535, 0.44461080080807514], [0.13025339052069196, 0.17010099241563134, 0.2185207326130423, 0.48112488445063434], [0.06382573921089121, 0.07383176783475034, 0.7253105889384379, 0.13703190401592147], [0.04897329564601954, 0.25404245909516054, 0.5031246212416225, 0.1938596240171967], [0.07593786205614352, 0.10040267822221685, 0.16468015746451703, 0.6589793022571232], [0.0533355374525239, 0.45786437440226774, 0.41803558085007503, 0.07076450729513326], [0.0410940144159229, 0.301943899232601, 0.4687007108036792, 0.18826137554779704], [0.061506741803486246, 0.06369848462852484, 0.5023642634455813, 0.37243051012240747], [0.2805336242998472, 0.35347142922992575, 0.15850503018856182, 0.20748991628166547], [0.13765964184127888, 0.10202096771283352, 0.3460865406043179, 0.4142328498415702], [0.26150342409611876, 0.30278996970822347, 0.3231044258716097, 0.11260218032404769], [0.10917296481840999, 0.12433091231813463, 0.14043261709932, 0.6260635057641345], [0.015440040976570058, 0.0475027441115095, 0.6307466867088055, 0.3063105282031158], [0.030828579206361437, 0.07916422706302538, 0.3149969362926122, 0.5750102574380015], [0.014177680902871734, 0.017886707181072374, 0.5860937094022507, 0.3818419025138045], [0.23403161725304, 0.2531608964447647, 0.44577429647663797, 0.06703318982555669], [0.07105993886046465, 0.4570228027990155, 0.302235837497893, 0.16968142084262705], [0.0