{"estimation": {"a": 3.0966787338024235, "rho": [0.1193650810003474, 0.12392864920911681, 0.5384768703497126, 0.2182293994408237], "Mu": [[0.02809941660544023, -1.1115387849511726, -0.03864218702162868, -1.049532410888702, 0.7585597670310539, 0.011039533873321319, 1.0929063585099572, 1.5575891184602382, 0.3961752705385301, -0.945828455433261, 0.41829549304726255, 0.5967732832377021, -0.3833354192886217, -0.290004241405624, 0.09241191638787745, 1.4684946000140553, -0.41169328083702666, -0.26469193419653, -0.3126472730190515, 0.3232468477845251], [-0.16593261026407, -0.9338539721867057, -0.36603693100041745, -0.7897980478839612, 1.1344661239347449, -0.058438406986960616, 0.872577640915638, 1.3482437657569737, 1.1089116840820201, -1.2512242394281885, 0.21261321834541383, 0.5222358296386453, 0.3382665535816203, -0.1752625601202338, 0.5098664878399861, 1.8283106171906076, -0.4251658485462605, -0.26765933347439747, -0.34638791187132906, 0.23138034207244146], [0.6791083993372865, -0.914640299385644, 0.3149450373633225, -1.3143784058009125, -0.6243391697541593, 1.2423964484934782, 1.8785831441315877, 1.4510153323992818, 0.31664257354521275, 0.9713229170590391, -1.51164037506181, 1.3837482842589954, 0.8530659308688773, 1.4456316931985018, 1.3116265142527421, 0.23385642790367725, -1.6974018990765358, -0.47614566015813026, -1.516502479678099, -1.368007008450898], [0.5986363261180365, -0.8392385019773446, 0.25010777210285046, -2.070791875846202, -0.6628006542186833, 1.439319940307614, 2.34511931607551, 1.6143311417545154, 0.6287777171543397, 1.501448092850179, -1.8587100298459305, 1.9474586586465237, 1.2376267619574666, 1.7999339157108527, 1.8764870534662423, 0.10562275640091659, -1.2878383312301345, -0.4870543713793905, -1.8399178070150601, -1.2134586149732005], [1.1688784884864096, 1.8750093142297788, -5.912251045798253, -3.2103130414045746, 2.4072769980451163, 5.429570434940764, 2.1458757504345454, -0.6523055026515927, 1.6592682552231728, -1.4687232189415025, 0.9576374750179548, -2.701720437406173, -1.9627439871115016, 0.4798050983225479, -3.6302289309822324, 0.129344258944915, -4.048991815139713, -0.6355131185870815, 1.2780824949800262, -4.210171662698408], [-0.8737559605976106, -0.5774266668610599, 4.764009161063381, -3.951504400829563, 3.3861504137305096, 1.195397503834676, 1.4321799070416503, 2.348613122330874, -1.989321077222968, 8.491819844347692, 2.053217278052088, 4.225088850919732, 3.2969696286277594, 4.806429867894116, 2.233534597007036, 2.6364776527907514, -3.7648739698028377, -1.1503721709551251, -4.989173964182225, 1.7179639424268502], [0.35307254271704325, -1.0330625160591753, 1.60912093691305, -2.7962266100229076, 2.4520414378874085, 0.7782401507821624, 0.04424697185742852, 1.3691180489684576, -1.816007302364338, 0.5855504945302513, 0.8215603096867509, 1.5566287945413135, 4.797987254534957, 1.655716863936797, 1.694505387537413, 0.9291635467793419, -1.383892063590722, 0.05828266052439514, -5.678630628714723, 1.635179351718111], [0.3781933012240156, -1.0150138371265456, 1.6791584059243219, -2.602259756389462, 1.8854426319416497, 0.73903523992551, 0.16429097301258144, 1.3782823671382285, -1.7883628593277956, 0.7735582291294679, 0.6045237778300451, 1.6969488174636573, 4.795129919469195, 1.4462491877607784, 1.4007558227761747, 0.8997459739292618, -1.6927115466491138, -0.3831778397339917, -5.450525881097169, 1.6735942949892337], [0.7841445863049011, -1.479397383676998, -0.5361276761284169, -0.775661555731597, 4.096795495317609, 2.2384592707731654, 1.0476803773565073, 1.9961162898908809, -0.8311280169573623, 5.134907246812238, 1.0767885657825524, 1.7413554781966205, 3.0036605859283676, 2.7236531583581427, 1.3804543935052234, 1.2340874565282385, -7.050873823862231, -2.142229992590572, -5.382920020080327, 0.6149409347227321], [0.7020828986000625, -1.437631395726232, -0.62642397612572, -1.07930040832644, 3.9930132050143725, 2.1688673847993547, 1.2283306612666334, 2.0551776255128344, -0.6644601683757654, 5.501762315745359, 1.2095584550650011, 1.2567114460756905, 3.5757540839633615, 2.9191169336303497, 1.391745589330723, 1.3018946694482891, -7.048050062420593, -1.870914118534867, -5.412103289138067, 0.5671297530269384], [1.2156041935804185, -0.698638187118334, -0.4335586712077979, -2.523586883111111, 1.746713233461216, 0.42058439857900454, 0.09789119022240966, 1.1592211902238732, 1.0881331764692785, 0.455140868545294, -0.30802281398859593, 3.5087604931158403, 1.0377117870750108, 0.29097435487943857, 0.17322237027850754, 1.209367222253831, -3.4978350694051894, 0.10159007016402347, -3.031226221501745, 1.0235834356364581], [0.752981412701054, -0.8265382160475405, -0.7452806684423067, -2.575626997132152, 2.070456808582554, 0.2135543008615864, 0.2724306405194552, 1.017377490324064, 1.0796397661599935, 0.4276565467631427, -0.10296046111693667, 3.3753736576544098, 1.1345807258546172, 0.1245272944146885, -0.08825900835488706, 1.2035233424913598, -3.4707395343063476, 0.08774014461210357, -2.812074921666813, 1.0122299062092568], [-2.35345151387378, -0.6919465041077485, 3.1734948962155105, -1.2235535752360571, -5.34563970686647, 1.3931480157180767, 1.8911399592525762, 2.8358417777958738, -1.5883138427387524, 1.5071746101229258, 0.8410653535762285, 2.7007725935604, 1.8253381231149524, 3.11632508381094, -0.6923916823265005, 1.448403000332793, -1.7933761515294437, 0.8807942925552488, -3.0847348817485676, 1.6447890486899452], [-2.4039781551127635, -0.5960780466613392, 2.9676433220092675, -1.3244189738156082, -5.0256510590847885, 1.6687928262860707, 1.764438652854815, 2.8377190108678634, -1.5643971130365903, 1.7264478042307718, 0.8353350983363668, 2.9677500598163524, 1.866665633545877, 3.1067319539155, -0.4478808472872248, 1.631803156158368, -2.008909460308065, 1.0219855573236, -3.200426980072512, 1.450805662141073], [-0.7546832883374605, -0.7051031173007213, 1.8355726276606052, -2.7214208028091442, -3.367967790528834, 2.262082947441518, -0.8726912664024251, 0.6084466054981039, -1.1918990311321347, 4.000936564348226, 0.7088180942722088, 1.2112447133738335, 4.0964650065271915, 4.0445750597052985, 0.046656338471457164, 0.6727851783510503, -0.5829804966100706, -4.45985194198346, -4.693753285437587, -3.372146316699671], [-0.6897088229774779, -0.802947366589922, 1.8334324055209217, -2.8599206479513297, -2.7348687200537523, 2.4441258871553155, -0.6272388818189518, 0.6978059424800521, -1.1864188767223858, 4.184599336015183, 0.7743591774066868, 0.9228333530732209, 4.254599962188149, 3.9245465341419115, 0.4462428262892706, 1.0215182831956877, -1.0721558294494293, -5.144476053484041, -4.598151897241293, -2.102323573815501], [2.1066543904222836, 2.5186628378958584, 2.272551742584853, -1.9091826869510151, -1.083781133792997, 3.31006614857996, 0.7073830641606368, 1.5280435686228018, -0.999463062270336, -1.3972216296739581, -0.22400389825450606, 2.0498844101122455, 1.0125235830233248, -0.9827184527636623, -0.772310023892574, -1.3001910761460007, -5.259197353332112, -1.2761510751709326, -3.235427420536444, 1.453683161401183], [2.172821373272681, 2.548387112297718, 1.4280020934276831, -1.892893097489927, -0.01273663284568453, 3.5343212630225174, 1.0443090781618989, 1.6539319334657956, -0.9761994063651639, -1.0395385690194572, -0.526920556275554, 1.9712506757114845, 0.805470590389074, -0.5229775206109416, -0.5632525690400054, -1.7275763551165304, -4.691521063221498, -0.8333474127281327, -3.2726824820640443, 0.951179787284032], [0.23883575980942098, 0.6549855766408903, -1.2537305975230697, 1.9847887829471416, -1.133549029766049, 0.1688543573077366, 3.4879529902253807, -2.4343050293512793, 2.16275117485851, 1.154039303080044, 0.2998000465125901, -2.4681999011450184, 0.4372779281128502, 1.5478084053813543, 0.9920295317326923, 6.063597504282793, -0.37966783142467647, -0.9466118783180578, 1.778792917256545, 3.7130825845071693], [17.09007948765379, -2.3584833017632785, 4.582697517220261, 1.6939255115781484, 2.8125496269185306, -7.059620578224064, -2.49848698110805, 4.0620489417509535, 6.335424136872868, -5.308713505738157, -2.2072418843148296, 0.21956224576808836, -0.8953272324545233, -2.0148983275041585, 1.6353842802100103, -2.7780747809677755, -1.6696535646416109, 3.0474943935358243, 1.990254758139063, 3.374929464274562]], "Lambda": [[0.4942042009664121, 0.4570868799243788, 0.48598712733448396, 0.5441360393184489, 0.4900115575638664, 0.48077641706335283, 0.43719498981664096, 0.4725498860416796, 0.5243217237023252, 0.4065734295868051, 0.5333769274536156, 0.472130557920615, 0.5127230721106268, 0.4791825732490691, 0.5388551169732843, 0.39311506055639406, 0.4896530825128569, 0.5102285909260986, 0.5184650561739559, 0.47210961918460526], [0.5071302788851116, 0.44479443217167347, 0.4896695752019544, 0.5306790934902044, 0.5233287819890868, 0.5012521115427554, 0.4557385127484265, 0.46438875375057054, 0.5186803115543618, 0.4040671901410222, 0.5519795934451022, 0.48589499791335344, 0.5151023297210138, 0.497747820937426, 0.4873392572715825, 0.4076824930403221, 0.5008789822354749, 0.5006724156799784, 0.4904991872119266, 0.45821191042713366], [0.5218331813407014, 0.49761911888684285, 0.5460153115604273, 0.5468066111061113, 0.49595743154005884, 0.5230181841183518, 0.3220319809946073, 0.5158684068511623, 0.5176441890572558, 0.4252766611973899, 0.5253509824929131, 0.4590534963294503, 0.5335341242062065, 0.47834477136350206, 0.47051090329025846, 0.5288757873145072, 0.5084119019206959, 0.4972265904096087, 0.5737344347848784, 0.5467790298329218], [0.515559833806579, 0.5396308695838677, 0.5337114316537297, 0.5047245116563672, 0.5243705760306527, 0.5116787821388946, 0.3329466919064694, 0.5360027750607209, 0.5489570001523283, 0.42892231353644344, 0.5064812685540075, 0.47735637326349, 0.5371295538078961, 0.4963173111298896, 0.4353389373493011, 0.5526369516688182, 0.5285405253510161, 0.49504455003966286, 0.5524342996321937, 0.5726845175898007], [0.2961264915102825, 0.48571288230471366, 0.2709502497639283, 0.5062650974940532, 0.5496733868544691, 0.6422147679008134, 0.918326679730987, 0.4189001005371778, 0.4883515303162574, 0.23690267874875293, 0.438684169283711, 0.525105821746648, 0.5752384490408751, 0.4976666372067116, 0.5596331631086932, 0.6576004115906416, 0.37315018355514806, 0.6907623851946721, 0.3991392700418788, 0.48065829314197706], [0.8953120272027244, 1.1923370151404022, 0.27443427937562376, 0.7168241723673845, 0.5101805422084948, 0.282636068228511, 0.5069951411779511, 0.6948698008775193, 1.0217760295848273, 0.1235370147806388, 0.39614562321181584, 0.30836507020650855, 0.570782426671, 0.34354613182294796, 0.42477725675289524, 0.4203976323443514, 0.37375914703376156, 0.4138392714317903, 0.577357954361362, 0.5271148633045109], [0.6704256162241463, 0.5118328135270535, 0.29781601272447555, 0.5840274147836972, 0.3641248229497812, 0.2532629987400582, 0.4011441811518509, 0.5688775403746192, 0.5676903901598743, 0.26310552307490503, 0.5988865546356822, 0.5915565268305191, 0.4419483620218702, 0.45996827578261257, 0.5016783560960285, 0.34047802029724655, 0.587621746529467, 0.5483234420976878, 0.4536376981714659, 0.5381382443915529], [0.6684521999914386, 0.5257637638649498, 0.3067420247171706, 0.5805086541318596, 0.3726565799394819, 0.23531642590286964, 0.40011498984016797, 0.5712084883653905, 0.5656866677551521, 0.2538326619114951, 0.6294280923772467, 0.5790081763772448, 0.425525599857832, 0.46943453365025484, 0.4984428006119369, 0.3245393774953848, 0.6057353072475682, 0.5543545413166661, 0.4641708298575328, 0.5250761050946672], [0.6479750544320623, 0.6650056066781963, 0.5823022937565661, 0.6016842415276938, 0.473487712886483, 0.48194781672329856, 0.7771071361008075, 0.5687786327861737, 0.6220073644083256, 0.19609834165677217, 0.505350433636982, 0.3630143671012366, 0.351986775968283, 0.7145701172141338, 0.4774639037266461, 0.7556431270339643, 0.35219106725402205, 0.4143863053885556, 0.4554048181324055, 0.4812219570310693], [0.6459108462771023, 0.6831256016348558, 0.6032417363995318, 0.6006621250042868, 0.47211510007677104, 0.4805673553836642, 0.766727070746238, 0.6040589310735521, 0.6250901611628509, 0.19309862966844876, 0.5150047200451751, 0.3628789782711526, 0.3681959789523784, 0.6936274207396862, 0.47591534064559854, 0.7466161471171587, 0.30414445816454044, 0.42989990561984703, 0.46535699673715125, 0.47224168275483186], [0.27236691719384604, 0.5969081336133526, 0.30282883306106384, 0.5360705440850612, 0.4669718707485603, 0.4186134462200377, 0.575651895338122, 0.42380473575859695, 0.867173833372386, 0.33486104017128654, 0.6385278599003181, 0.243502120803065, 0.5243984028595623, 0.47370285912721843, 0.6118944898602654, 0.430949589489705, 0.3902899205225994, 0.5726046328518145, 0.526325884656596, 0.45545663062166875], [0.27081010224544216, 0.5939602304037267, 0.3104174910747139, 0.5469959383044353, 0.4651983475883323, 0.3934177056112037, 0.5859131345903011, 0.41194647559151726, 0.8808866608309887, 0.32676556435238124, 0.671460691386832, 0.2458378230474949, 0.5212748528057792, 0.49416954205393326, 0.6049549395042745, 0.4220391391441509, 0.36180481683629506, 0.5857833001199777, 0.5348642992058361, 0.43871033874761095], [0.6110925022029997, 0.4395877923393617, 0.33314303823031627, 0.5921191734814548, 0.4906660337478559, 0.6670500706530821, 0.4571218728675539, 0.7062721757727635, 0.4348035298787874, 0.4818949209018529, 0.5183123704100239, 0.3984736636962009, 0.5702190904806355, 0.3919324616459832, 0.447220685499191, 0.27237803928144577, 0.7267360770047585, 0.4016052936290004, 0.6698145902056265, 0.6178495156908352], [0.6412799895370076, 0.43765330162052785, 0.3250402519589391, 0.5721646201301777, 0.48390785701824784, 0.6599960751054699, 0.46407493261687865, 0.6742311012133634, 0.43578825326068193, 0.4785845185772421, 0.5141133483908641, 0.3914626569027193, 0.527472575693295, 0.40609548273161855, 0.4208532377133022, 0.27456478548538504, 0.7087021185080056, 0.4057326596742148, 0.6678911950212878, 0.6161029106043155], [0.5492069305860331, 0.6831214214580603, 0.5339010079324935, 0.49422584522557594, 0.3605440150221815, 0.5307544624482343, 0.2996824425501854, 0.5995031284664574, 0.5893319097171985, 0.25534296206865814, 0.3006282913299382, 0.5181544660342392, 0.524707305378793, 0.502721564356317, 0.3844867156768703, 0.24678571894606488, 0.2923662335260252, 0.3176174236214928, 0.43840032134656176, 0.1927625512155189], [0.5612462596321623, 0.6395317424264045, 0.5602232938485999, 0.48446888555202405, 0.3446344134313154, 0.5219190747174877, 0.2924879848565299, 0.5923647038119547, 0.5833873029137079, 0.24261798955046351, 0.3052490701639709, 0.4885611713348917, 0.5331729197872523, 0.5243309505389292, 0.3907047796208449, 0.23918981460538452, 0.27429401969375955, 0.30116288433846056, 0.45426080200620783, 0.21486871506595295], [0.27332761326321153, 0.3859715633441724, 0.33877334089452443, 0.6010823244321626, 0.31200017492776944, 0.30508830317008023, 0.5679961369204781, 0.39321556009027503, 0.45438648504531043, 0.6186969098545072, 0.38130240703240453, 0.7125105763750261, 0.24344833261544355, 0.3451031471854656, 0.5198766200256122, 0.38891681427591407, 0.346620385442311, 0.6852700109377272, 0.4087066347551701, 0.4199119064021139], [0.30429778170835975, 0.377112780725647, 0.3476736949620316, 0.5881714076414026, 0.3337415112404677, 0.2943071003886136, 0.5463498568797125, 0.3692371543042845, 0.49898459678215495, 0.6113998243129293, 0.3747643047052484, 0.774461917156892, 0.23402693293207202, 0.3233282968557396, 0.5446452252806541, 0.44182829273904695, 0.39581998321033857, 0.6509587443021152, 0.3961810125661415, 0.43248556710531044], [0.23324672908446728, 0.32046185260731447, 0.3174012030228199, 0.5084314448994673, 0.3987440992156662, 0.5204855788421096, 0.16929747562189684, 0.16375455619053345, 0.3274664439837238, 0.10034598824135481, 0.3275813739464205, 0.2298751570316262, 0.5235013749421528, 0.4638025408197301, 0.2717839504217182, 0.3191418475039554, 0.2812580120288718, 0.33612133340639605, 0.3498882267724474, 0.24921996945408256], [0.04618475494280127, 0.4639130147796655, 0.23264873511263362, 0.336652360199219, 0.12250078888770988, 0.14859300712902287, 0.4268476385789006, 0.24657801437948978, 0.142708815404454, 0.3681675754163662, 0.9973916073569393, 1.0023082770183207, 0.7758404490830348, 0.42814906077711634, 1.0111027073806382, 0.9444588764547647, 0.3703345635565917, 1.0396338896961783, 0.4128455887135907, 0.39338480226062383]], "G": [[0.006788644486947579, 0.00729869469506106, 0.9725980395494179, 0.013314621268573029], [0.1384514820014929, 0.13859593448009164, 0.4004903648702913, 0.32246221864812397], [0.029842434721492162, 0.03325290224620695, 0.8544814631676549, 0.08242319986464548], [0.15898978881335424, 0.1715408589300859, 0.4938520198179047, 0.17561733243865596], [0.16535258432335015, 0.17382221642698853, 0.5221188059682962, 0.13870639328136447], [0.015149096468002264, 0.013112042042562383, 0.06667672063713698, 0.905062140852297], [0.032584154029558415, 0.03032927939719681, 0.6776100697689369, 0.2594764968043079], [0.03175607420202293, 0.03281553654702356, 0.40725284693687547, 0.5281755423140774], [0.04115944256361071, 0.2122162425919782, 0.5231285339454637, 0.2234957808989479], [0.18228615982717275, 0.1956787168288199, 0.5888383987394507, 0.03319672460455669], [0.012716660793824257, 0.014412197715343203, 0.9543913192547164, 0.018479822236115523], [0.14667446248337848, 0.16051073368991736, 0.48053111149822175, 0.21228369232848246], [0.16193707830028556, 0.014280085492625775, 0.30751231427724046, 0.5162705219298485], [0.30856419691419246, 0.3180798691011327, 0.35642476135330675, 0.016931172631368126], [0.2837104791440551, 0.28765431058337304, 0.34854665697025855, 0.08008855330231385], [0.06756986780867738, 0.07277444067481846, 0.7821230490095379, 0.07753264250696588], [0.12456395551535593, 0.13448878902405573, 0.6364445534335105, 0.10450270202707702], [0.02392026828989378, 0.026992721757825213, 0.9121353445104786, 0.03695166544180145], [0.23852989660542487, 0.2423046746671405, 0.46505797015011896, 0.0541074585773159], [0.24032282918371992, 0.2565155373239273, 0.4180046523487734, 0.08515698114357904], [0.10360519426376588, 0.11038506670281693, 0.23338055027871554, 0.5526291887547016], [0.17004936549773417, 0.1814535952680852, 0.5098738717279845, 0.13862316750619544], [0.21167362172094983, 0.12647631694508146, 0.6166683566825609, 0.04518170465140773], [0.07466067413283935, 0.07314375668417292, 0.7887774197717486, 0.06341814941123936], [0.05563011845581637, 0.06095663101932956, 0.6960338535926913, 0.18737939693216285], [0.05699461380201752, 0.05507031156333291, 0.8153003554260847, 0.07263471920856483], [0.22465270662469725, 0.18658602138139144, 0.5592384964391319, 0.029522775554779127], [0.17199572565031912, 0.1669442789212567, 0.633746579237772, 0.027313416190652907], [0.19909025827088042, 0.27114820368216086, 0.4956669746075155, 0.03409456343944368], [0.06826534106109111, 0.06419030028183666, 0.8271051163443996, 0.04043924231267292], [0.06929737633882552, 0.06968761233035102, 0.7854341415175616, 0.0755808698132627], [0.09741631136335145, 0.09613363172513795, 0.543885290087877, 0.26256476682363317], [0.30470075652615275, 0.3691625889477192, 0.2107222213820301, 0.11541443314409841], [0.052476609225288656, 0.050422872092621994, 0.8384373981928689, 0.058663120489221184], [0.09413332576005254, 0.09284115923332567, 0.29338696660787034, 0.5196385483987516], [0.13751250964767683, 0.17731827545636342, 0.6402742272218169, 0.04489498767414461], [0.15577461499452167, 0.1544561073450965, 0.45977961619945057, 0.22998966146093114], [0.2863130471311374, 0.2833823369945489, 0.3799774618466355, 0.050327154027678365], [0.021031479899744354, 0.022319397077187553, 0.704132504553997, 0.25251661846907114], [0.0439502077534208, 0.5018966800905426, 0.26871468737376775, 0.18543842478226985], [0.06560479619622944, 0.06427855943108778, 0.78170028181562, 0.08841636255706287], [0.11281773227708444, 0.12416082700774743, 0.6272350061959585, 0.13578643451920966], [0.06276753135583356, 0.05727770293868353, 0.47764593918973747, 0.40230882651574496], [0.053928571378453145, 0.06120284832333764, 0.5471042808448742, 0.3377642994533341], [0.2027500662446464, 0.16983657982836728, 0.5603483814400816, 0.06706497248690445], [0.1547094074400311, 0.19292384053240244, 0.5602287583432931, 0.09213799368427375], [0.04098318574637794, 0.048745348864077415, 0.7296016694298904, 0.18066979595965554], [0.06453706767614474, 0.07461997110197094, 0.6270837084299425, 0.23375925279194126], [0.046925246013993796, 0.04312388751273655, 0.7057103278048383, 0.20424053866842976], [0.03678073413565534, 0.03627419926418875, 0.6011522720876583, 0.3257927945124979], [0.03720585118184603, 0.04070517410541183, 0.6356271606298998, 0.28646181408284277], [0.14644947661837862, 0.14552103264013058, 0.24789532861432173, 0.4601341621271694], [0.061673326688251526, 0.016277933027624945, 0.5796611927588894, 0.3423875475252346], [0.03227044192385725, 0.027813972226615805, 0.3301209726696493, 0.6097946131798778], [0.0396352857998184, 0.04173199337871128, 0.5708786658329988, 0.34775405498847106], [0.33326120144864735, 0.33826202142825496, 0.26543795669807724, 0.06303882042501992], [0.2552518147530151, 0.26230371414404047, 0.44857826847801374, 0.033866202624930675], [0.07658949374433391, 0.08328724482689145, 0.8076891033833199, 0.032434158045454596], [0.09482263459050227, 0.10132180069280777, 0.38064368162695983, 0.4232118830897303], [0.23591091527929606, 0.23724623516750853, 0.5049971056032093, 0.02184574394998545], [0.03211679676911214, 0.037188594680306726, 0.7285307906358157, 0.2021638179147647], [0.04246864319257727, 0.045107647462194665, 0.89554149445076, 0.016882214894467208], [0.36222950803266746, 0.15258176321659486, 0.3474231685777984, 0.13776556017293926], [0.06499346256228056, 0.06974415424772303, 0.2339244128193511, 0.6313379703706451], [0.06108880141233091, 0.24980578012226373, 0.5205236110064787, 0.16858180745892712], [0.23153484423797321, 0.2248666250717148, 0.4817493873119023, 0.06184914337840979], [0.16282731695211386, 0.17366753454781317, 0.22104953553310044, 0.4424556129669728], [0.0561728744044226, 0.054839471266577906, 0.2712568541756282, 0.617730800153372], [0.020100241066837457, 0.022158054957478655, 0.929498587255954, 0.028243116719728158], [0.020989529919392555, 0.06470414898872887, 0.6329932653112418, 0.2813130557806363], [0.19254162367622407, 0.1650996918320266, 0.45468440136543736, 0.187674283126313], [0.015938069668841266, 0.00540212167226899, 0.14955288080787488, 0.8291069278510156], [0.03324310091645393, 0.0318905454197835, 0.8942089678365622, 0.040657385827198925], [0.04873877136313078, 0.02596000800674575, 0.756823862776526, 0.16847735785359746], [0.07334822234357354, 0.06905780555655572, 0.24653337108120138, 0.6110606010186687], [0.022709795986392667, 0.021687171617023066, 0.8475354697752611, 0.10806756262132432], [0.36324372512609593, 0.36205704481151274, 0.2419005394612957, 0.03279869060109541], [0.3806997633988829, 0.3856318989740544, 0.19580722721243157, 0.03786111041463122], [0.10719736651838946, 0.10625436161034865, 0.7415245194732558, 0.04502375239800641], [0.06578898227295606, 0.06172285862870533, 0.8018852251094384, 0.07060293398889997], [0.06737360266554507, 0.05399368886142937, 0.6580376132030418, 0.2205950952699831], [0.2533591735449687, 0.26771697528467375, 0.30477814385641255, 0.17414570731394532], [0.03781956771786383, 0.03978077832917646, 0.8016950550720268, 0.12070459888093356], [0.049391183579987744, 0.027275805898758183, 0.5618433574557847, 0.3614896530654706], [0.06560430530297127, 0.07005665352704772, 0.7462060082066634, 0.11813303296331845], [0.09994137267086486, 0.1040199026831318, 0.14763010169970853, 0.648408622946295], [0.03990569483629378, 0.04539332305818027, 0.47631059011616317, 0.43839039198936314], [0.023131841373354438, 0.023502932802902197, 0.7145518563525848, 0.23881336947115972], [0.10158130478353866, 0.10730845016068309, 0.7054170883787654, 0.08569315667701302], [0.01051146762700954, 0.010836434916293929, 0.7418014528678689, 0.23685064458882757], [0.030863565179775104, 0.032724219472130424, 0.5245940125065528, 0.4118182028415417], [0.05248246856774858, 0.04843751129929184, 0.6630963984402847, 0.23598362169267534], [0.16736754471666376, 0.1681542040377, 0.615905665913056, 0.04857258533258033], [0.11023324916702347, 0.11289949503269174, 0.44660950961178886, 0.3302577461884952], [0.27261507152778885, 0.29635906742233525, 0.3815395254877279, 0.049486335562147925], [0.28354213451388033, 0.26098440295971265, 0.3888442861559989, 0.06662917637040819], [0.08571064011317434, 0.08533593450020899, 0.36988239882374935, 0.4590710265628678], [0.1901470255858391, 0.1822926407459215, 0.6071348986480578, 0.02042543502018092], [0.019360209499550963, 0.02013819271470278, 0.8976801389195482, 0.06282145886619658], [0.05472041162771993, 0.05019811606057958, 0.6624920315218171, 0.23258944078988372], [0.32844938830099324, 0.3270105280715057, 0.2703668205872629, 0.07417326304023886], [0.047379973007403466, 0.04562735311630755, 0.8510354429799545, 0.0559572308963346], [0.16188385610165823, 0.16323042881881092, 0.6252045332577976, 0.049681181821733825], [0.025083861164292422, 0.029902137633430394, 0.9006677542459761, 0.044346246956301495], [0.12633772573743843, 0.13872889085153872, 0.37550114766321946, 0.35943223574780353], [0.08660704040315227, 0.09199880865253073, 0.7364950817027891, 0.08489906924152747], [0.0767110338024754, 0.08034721619482199, 0.52548229219243, 0.31745945781027324], [0.03213751365200012, 0.032339042301036805, 0.8250015099462388, 0.11052193410072468], [0.03421333844200532, 0.249718136321663, 0.5908552297745757, 0.12521329546175552], [0.14998743804549738, 0.020513987187449473, 0.67258503546791, 0.15691353929914215], [0.04794604450903682, 0.5963415556276942, 0.22596495160260344, 0.12974744826066517], [0.22586321360222097, 0.2354833558002238, 0.5215784505764061, 0.017074980021149454], [0.048197700367175085, 0.053827456934598644, 0.7918384839728818, 0.10613635872534387], [0.2410732651530607, 0.24153096908369945, 0.4536017397081505, 0.0637940260550894], [0.04241546821231505, 0.044983230047218235, 0.8343908676228079, 0.07821043411765959], [0.10016028211645263, 0.1064316186288853, 0.7279162197982239, 0.06549187945643908], [0.03598523328652644, 0.18142226955655844, 0.33007202594480917, 0.4525204712121057], [0.020530547819433243, 0.0250417140764337, 0.9221209329588338, 0.032306805145299745], [0.3063068276076887, 0.015497385170573372, 0.5795529019388601, 0.09864288528287704], [0.01961893244462294, 0.022915451250657127, 0.7488094366082272, 0.20865617969649328], [0.317624377255439, 0.3309120180397589, 0.27152546853003634, 0.07993813617476543], [0.06993545165306912, 0.06953149444614949, 0.8085034840705931, 0.05202956983018918], [0.09900319348167501, 0.11354304703208543, 0.7299135280051107, 0.05754023148112918], [0.10847261879713457, 0.12585923943748845, 0.45221293070370533, 0.3134552110616711], [0.02785423423787191, 0.025387726518876774, 0.6173668492065654, 0.3293911900366863], [0.466798732119681, 0.06358006089623815, 0.31674534368390506, 0.15287586330017594], [0.11205134720710261, 0.11502579733478685, 0.744778966716537, 0.028143888741574745], [0.15550235950592514, 0.1490068720358985, 0.5313861989222591, 0.16410456953591684], [0.03166731680498211, 0.026543608378919174, 0.8317798623794214, 0.11000921243667734], [0.02462945490491518, 0.025950297840111387, 0.780513538198778, 0.16890670905619412], [0.06468608369035787, 0.05563658334142399, 0.6036587507682136, 0.2760185822000045], [0.01924202063007615, 0.020353296003864044, 0.657970746983382, 0.30243393638267746], [0.04216695798513564, 0.04516430527659602, 0.8504156675879854, 0.062253069150282586], [0.07355008279191205, 0.07122645160830102, 0.7304926300116581, 0.12473083558812957], [0.01767797783070343, 0.017243378103372925, 0.6880659711494556, 0.27701267291646803], [0.02268784884276037, 0.02637623164225763, 0.7256774830379521, 0.22525843647703084], [0.3231051401090901, 0.31828957001888836, 0.20872981192131473, 0.14987547795070688], [0.03870085058680044, 0.38703074184566566, 0.5232709448825299, 0.0509974626850044], [0.28526003042088377, 0.28237775161280815, 0.11221347888678367, 0.3201487390795237], [0.06498280956895351, 0.06585716085712466, 0.6670091392309007, 0.20215089034302175], [0.0255638418221645, 0.017440812626349014, 0.7083318312261893, 0.2486635143252982], [0.04340769843116414, 0.04116271883248567, 0.8318023289745705, 0.08362725376178036], [0.03705462892100306, 0.03817228627384919, 0.8870601605864881, 0.03771292421865962], [0.032130634839745306, 0.03084767841147595, 0.8597129599120801, 0.0773087268366984], [0.06495445930499855, 0.07015206710084246, 0.23117890607065014, 0.6337145675235091], [0.35272611589099356, 0.3613312013470778, 0.22744758820684918, 0.05849509455507909], [0.10153190258614106, 0.10379393844339092, 0.3782091802723226, 0.4164649786981461], [0.17709172174205293, 0.1448210827796027, 0.3541809451109819, 0.3239062503673625], [0.304334900956756, 0.31016953605493464, 0.3431579784363047, 0.04233758455200536], [0.13578297172981527, 0.14252685871617388, 0.28486757419296876, 0.43682259536104306], [0.17886190905377825, 0.1788043908228607, 0.581532550826634, 0.0608011492967281], [0.053402536325443124, 0.05579415665074394, 0.6410103325947004, 0.2497929744291116], [0.12430850717934541, 0.1262104796149041, 0.36186478393094146, 0.38761622927480927], [0.3533076070717854, 0.08576102707337038, 0.5122520326133029, 0.04867933324154188], [0.01714407399343063, 0.5599874135258308, 0.3995561351699937, 0.023312377310744627], [0.051283451266323644, 0.049619036971082435, 0.1662490789516838, 0.7328484328109112], [0.1217215157888616, 0.1657055711676254, 0.6736614127682882, 0.03891150027522455], [0.14136272449383386, 0.14058743426372036, 0.6769669788225481, 0.04108286241989906], [0.039758268942780825, 0.044467611119559707, 0.2519461350313147, 0.6638279849063448], [0.24920402939353675, 0.24531919170237265, 0.18895276069815342, 0.3165240182059368], [0.021838895663376393, 0.023505019385429794, 0.8898921035413231, 0.06476398140987048], [0.18617912110285267, 0.18243446935948926, 0.5894078089616193, 0.04197860057603917], [0.10915775035572284, 0.11733609508440772, 0.5019178897125851, 0.2715882648472838], [0.09913658582043493, 0.09917286181772411, 0.5827745395938666, 0.21891601276797468], [0.18440614256061394, 0.1826837609709084, 0.5392043269266574, 0.09370576954182161], [0.026933806830282438, 0.027661464691039764, 0.7213886803480941, 0.2240160481305827], [0.08026771516517395, 0.07453539123955977, 0.3440366567504105, 0.5011602368448556], [0.11531501657136836, 0.1133920259792365, 0.5993658722341875, 0.17192708521520822], [0.09670326612652538, 0.0942875977140648, 0.4026098913901208, 0.40639924476928957], [0.08981404124800439, 0.09335364883296875, 0.7306124679988286, 0.08621984192019876], [0.023993362567414044, 0.027372658022684525, 0.14444800917761055, 0.8041859702322897], [0.0703015843609227, 0.0581619499274384, 0.661408734811175, 0.210127730900464], [0.22609376199736603, 0.2293524203914246, 0.24552290065800023, 0.2990309169532094], [0.12378222461218483, 0.14121962579130828, 0.6165193556684121, 0.11847879392809499], [0.26803636329007274, 0.2683795865801832, 0.39470449014414966, 0.06887955998559443], [0.11833955190427134, 0.11141588581752197, 0.5266927119263242, 0.24355185035188295], [0.3868508272390618, 0.38257517890642706, 0.14743615440693694, 0.08313783944757391], [0.03552023762767137, 0.04245321992459759, 0.4532777663934343, 0.46874877605429627], [0.06833434731625107, 0.07419455491100083, 0.08247822990621484, 0.7749928678665324], [0.09660112715861735, 0.09555232921961035, 0.7746049909372332, 0.033241552684538], [0.03742494943399189, 0.038740095036310165, 0.8261508673584966, 0.09768408817120051], [0.07384231347324362, 0.08097390446767393, 0.503904110855864, 0.3412796712032179], [0.024560374665915305, 0.02436984783724124, 0.1891240653301128, 0.7619457121667311], [0.2034928517262777, 0.23957125655462633, 0.39235727983889274, 0.16457861188020295], [0.2812605281008049, 0.27954027422107913, 0.41087890403064553, 0.028320293647470088], [0.2452767897660408, 0.24051344310758382, 0.293196507002611, 0.22101326012376393], [0.20628105048047354, 0.38461935360902094, 0.2890218240603148, 0.12007777185019028], [0.2323281421951682, 0.22618164358156473, 0.22448730110217166, 0.31700291312109496], [0.0995236544586188, 0.11171753323756255, 0.6240364996911113, 0.16472231261270737], [0.05826679522672159, 0.05627824863226101, 0.4585575889703417, 0.42689736717067506], [0.033614121745093796, 0.038755644170552425, 0.8740401325342748, 0.05359010155007858], [0.11932179017629789, 0.12029034973288392, 0.7345939971037733, 0.02579386298704522], [0.12325927504018014, 0.12855463370533343, 0.5299591338717569, 0.21822695738272904], [0.10380596848351126, 0.12521432926619816, 0.3747411548690351, 0.3962385473812558], [0.11559729551271082, 0.1189727708622612, 0.662337110859095, 0.10309282276593222], [0.06759330494525692, 0.07099978599823116, 0.649310751036421, 0.2120961580200913], [0.10730894666839513, 0.11428894972525169, 0.689832347618607, 0.08856975598774798], [0.11335061168323536, 0.1114927602003103, 0.7340979709488542, 0.041058657167600245], [0.10591357893742114, 0.10992490586847167, 0.6807069574283442, 0.10345455776576301], [0.07357393143799655, 0.06977131325189141, 0.31347113107183905, 0.5431836242382732], [0.047969461346442206, 0.04735120428374908, 0.8133210906054859, 0.09135824376432242], [0.2379181020956294, 0.23793281773612088, 0.44222928339707673, 0.08191979677117231], [0.13321594745852194, 0.14306562041622883, 0.383389506412533, 0.3403289257127162], [0.14761966506023227, 0.15354428214875152, 0.6030146954501759, 0.09582135734083884], [0.0941867950725109, 0.1000195418090366, 0.42090591772469227, 0.38488774539376047], [0.0888000614975102, 0.06346241748401533, 0.6880925960376145, 0.15964492498085922], [0.25924690923932464, 0.2588790313113801, 0.42655158477229765, 0.055322474676997885], [0.11060728072841144, 0.05175871087479789, 0.5262444155666092, 0.3113895928301816], [0.164258803547439, 0.19796748322551364, 0.4331332599073728, 0.20464045331967387], [0.035832136403491796, 0.035717640363807805, 0.2230038474221493, 0.7054463758105515], [0.03461322881319419, 0.03279517684189786, 0.5322286819319006, 0.40036291241300825], [0.31216540675599613, 0.25025141830207887, 0.2807725200571599, 0.15681065488476528], [0.13902662820249828, 0.14590466930593782, 0.6310644025028224, 0.08400429998874234], [0.17584086389760856, 0.1396506609228264, 0.3284117688123388, 0.3560967063672271], [0.08967017225886832, 0.09102606128065058, 0.4724050071176712, 0.3468987593428098], [0.035313352107258465, 0.0686390713648926, 0.46549712393139364, 0.43055045259645486], [0.02391491758914854, 0.027518373779902405, 0.9011051317732565, 0.04746157685769166], [0.03434785672160198, 0.040560382455048505, 0.9049914602227894, 0.020100300600560537], [0.10729304325062708, 0.11810008971992264, 0.3227314703376578, 0.451875396691792], [0.036599028206388676, 0.28847801366737263, 0.647496079791782, 0.02742687833445675], [0.10728733791388048, 0.10133177312934072, 0.6582512514606048, 0.1331296374961753], [0.41385205626163984, 0.06201310967703887, 0.46324493937153166, 0.06088989468978942], [0.0876749066858239, 0.10160196787126675, 0.5422245803009478, 0.2684985451419622], [0.12468672314182973, 0.15896466824838412, 0.5521983393746379, 0.16415026923514786], [0.24067896010049056, 0.2522065412207561, 0.28335618486851666, 0.22375831381023667], [0.017848090032880178, 0.08682223837121128, 0.8637242714679584, 0.03160540012795005], [0.1867132390312811, 0.19122687305939262, 0.41398694877798686, 0.2080729391313405], [0.24360335002798103, 0.24335929546686796, 0.3870986799552739, 0.12593867454987726], [0.020487109684148616, 0.02460615170561754, 0.3705735326845415, 0.5843332059256925], [0.08440013870423486, 0.09024743555873865, 0.24998117588899618, 0.5753712498480298], [0.366152171972301, 0.36639496712790526, 0.17459615781245735, 0.09285670308733637], [0.06226984165172578, 0.0580151378143603, 0.8277340193734793, 0.051981001160436135], [0.03814638695247084, 0.04129603685806537, 0.8900116065626253, 0.03054596962683971], [0.0666449670907906, 0.06892481778635859, 0.3677074360694399, 0.49672277905341156], [0.30101985378370216, 0.3407444220833247, 0.27759191923188764, 0.08064380490108576], [0.04157538287400157, 0.11265623371203555, 0.725150006885012, 0.12061837652894998], [0.06133530930928327, 0.06719476653424653, 0.3812308214358938, 0.49023910272057697], [0.20180682033116745, 0.22364259061253264, 0.43101656799811316, 0.14353402105818602], [0.03623111207688194, 0.03355371933455434, 0.8063507204556587, 0.12386444813290405], [0.05535576025649123, 0.05413564938101625, 0.8136623796522763, 0.07684621071021609], [0.019372783915096153, 0.018633506104828553, 0.8431304431176018, 0.1188632668624733], [0.23204621009860302, 0.2779739863459999, 0.25947012447740725, 0.23050967907798964], [0.0493938618730576, 0.053676897360752665, 0.85015988618703, 0.04676935457915762], [0.06306264196114059, 0.06587157027693923, 0.29802755283208743, 0.5730382349298315], [0.08464275731470104, 0.08498289186969946, 0.6572047760760455, 0.17316957473955366], [0.2885634953620342, 0.2939614660703688, 0.22639859429630615, 0.19107644427129108], [0.03512759722790943, 0.03538793117357172, 0.7957712359527574, 0.13371323564576224], [0.32208019270718496, 0.33744288221126184, 0.28696956516788, 0.05350735991367286], [0.012743391585980994, 0.012688282930724265, 0.9498756498606988, 0.024692675622595934], [0.11436466732999075, 0.11261360419613921, 0.682196321721169, 0.09082540675270123], [0.19768296443356975, 0.16460722925286683, 0.33119579240991937, 0.30651401390364297], [0.06463934258578866, 0.06991185131049345, 0.4418200091630395, 0.4236287969406783], [0.04582333649143198, 0.04487809584446821, 0.7765320751181386, 0.13276649254596024], [0.14664039397346204, 0.15009235459875378, 0.4468516599457735, 0.256415591482011], [0.048950268784904744, 0.051087349074742, 0.29720628213353595, 0.6027561000068175], [0.05246530033676991, 0.05079498047390638, 0.4272876119646663, 0.46945210722465774], [0.04903507181899128, 0.05062222663985399, 0.6026503744588338, 0.29769232708232124], [0.046989376607148706, 0.04809210001923352, 0.4663651526698905, 0.43855337070372624], [0.3199534552706288, 0.30762674481955765, 0.17240399956718752, 0.20001580034262603], [0.10123668129721451, 0.057875425518414056, 0.7552973345660084, 0.08559055861836229], [0.3057035541815561, 0.30343400217666344, 0.3278448853843559, 0.06301755825742474], [0.23343647021606498, 0.2274919817014793, 0.32622950683131374, 0.21284204125114284], [0.09729766694755267, 0.09712599761056064, 0.24049426425385334, 0.5650820711880337], [0.13937484700353625, 0.1411569633998776, 0.38571003534343307, 0.33375815425315253], [0.08866897568264948, 0.08538522990437301, 0.5952568695276201, 0.230688924885358], [0.17816396117828454, 0.17144354524021702, 0.4546472357075947, 0.19574525787390465], [0.026092712176950094, 0.029508742979449967, 0.6254960261189968, 0.31890251872460357], [0.057308093666504904, 0.056349489833233284, 0.5040143144562703, 0.3823281020439916], [0.1278074212041648, 0.011154851412254023, 0.6059159531792678, 0.25512177420431364], [0.0176714702852499, 0.07462243527827768, 0.5767925654481415, 0.33091352898833126], [0.26292500763430715, 0.2702576238081429, 0.27202759293520345, 0.19478977562234662], [0.08316614105683627, 0.0852207434346609, 0.3251778314434209, 0.5064352840650824], [0.15842806600816298, 0.030114488014353083, 0.615078564767628, 0.1963788812098558], [0.09235090916716797, 0.09131284045604944, 0.4802924136275039, 0.336043836749278], [0.17601647779692417, 0.060200302596232456, 0.6598544237109953, 0.10392879589584776], [0.1949494703986749, 0.19125025687746347, 0.43093140440065747, 0.1828688683232044], [0.04605279978020879, 0.04395729483292345, 0.4299681751505935, 0.48002173023627553], [0.019881978935288657, 0.021095656463790465, 0.13594425083640216, 0.8230781137645181], [0.20160179503331765, 0.1951836400126875, 0.1665026