{"estimation": {"a": 18.239870035593167, "rho": [0.06561745110951236, 0.058699736527756445, 0.40664486972339936, 0.46903794263933113], "Mu": [[-0.8269240974456883, -0.902049156943825, 1.837986809537513, -1.1188030354752447, 1.7527824747614429, -0.036700446749282446, 1.1663361817069644, 0.638238018892952, 1.821857128154741, -0.46734289378016014, -0.1366305587134045, -0.3514251267180665, -0.36136948568378213, -1.975824810696021, -2.506985650139875, -1.9923772262077326, -2.8187593208711945, -0.5382882068937663, -1.206994246078023, -0.46763139802496645], [-0.6607276999635847, -0.5515466703874625, 1.4779252306619335, -0.9638873452520405, 1.3715260377654852, 0.13391508899166474, 0.9427124706514465, 0.8842632586426188, 1.9739660828439012, -0.5325912403165364, 0.08121024887460845, 0.04473676523325218, 0.10709557546791088, -1.4699104366099498, -2.185384403054551, -2.084405751317173, -2.5835310549845705, 0.024929003498149818, -1.7905801882954147, -0.592199988737942], [2.327523067048786, 0.3702658443904991, -0.7078055008294315, 1.8108377884391875, -1.3320222408162794, -1.5286493576430944, 0.7073392142921101, 1.2626905098504912, 0.2475202914432152, -0.5571666600686015, 1.2469920399556582, -0.7903757277707664, 0.3763691772821407, -1.2080377313390158, 0.49362651969448845, -0.1542354750848755, -0.5554929079117978, 1.5329432155997538, -1.7033957445537178, 1.395859661453935], [1.7626006107515577, 1.0145746713794028, -0.6864694626517801, 1.9247005718820298, -0.7312860028488665, -1.709719115615764, 0.9816217669285351, 1.0104707366308818, -0.1585478565646028, -0.5000560993796046, 0.8940762990220799, -0.12103413173711283, -0.06973231725766978, -0.8437524533231121, 0.4906218036110759, 0.0005558640721332682, -0.5987173999543228, 1.5384900357500726, -2.1835363672431707, 1.3138243400253524], [-1.5384895033713701, 0.9683248946314266, -0.264260301475641, -0.8674719946421106, 4.4746276735468955, 2.5561604064613723, 0.9048219845031295, -1.234972238439781, 1.220717110832134, 1.665705714016838, -1.7994868566476585, 0.9859904322358936, -1.3504109540173768, 3.8615912728811894, 0.6695639202198165, 1.4333842728085229, 1.152459155769659, 1.2659713761505118, -0.9418980270321432, 0.9754001044981265], [-1.3928340994783803, 1.0305649840172737, 0.23470041665542546, -0.6995156278352778, 4.268960402907558, 2.121605097917759, 1.0957648302119685, -0.8650991208041128, 0.9728890383662478, 1.8635387703638207, -1.5239013936098202, 0.3742617705017572, -1.1626542064297214, 3.9672429754057585, 0.8900138539733858, 1.481500688799843, 1.2469855044045783, 1.3270421184765737, -0.7579287286520523, 1.1764842246702267], [-4.537560909454227, -1.8183052302352332, -1.86270044132753, -3.911361593305375, -1.4522259676348601, -4.430047809492453, -0.2076009353262228, 2.004558577316721, 7.261547048215525, 1.3323625022407908, 0.590797593700114, 2.763043407604945, -0.11012097583767078, -1.3896711517837745, -1.756965034830685, 1.0903311751469136, 4.8961795071086485, -2.9359117731649347, 5.919654723103203, -1.1563805336222874], [1.3236503722464794, 1.906224741538928, 1.365518889915004, 5.190836608406399, -3.7266591988974747, 0.5519110478636042, -4.6563648444739, -0.3094604929579912, 0.0005899254090927018, -0.43144739600080645, -3.6571670471923348, -4.510799488065964, 0.48970060967070494, -0.9741717274507716, -3.1848583438477687, 2.371587734053703, -3.199005712074388, -0.8372594063556722, -0.6860881171663649, -1.7962738869714872]], "Lambda": [[0.4434178212480796, 0.4592402753275196, 0.48745580891519386, 0.47576624179267546, 0.6693625193673798, 0.44368795067854816, 0.6209472620109934, 0.39450293096064304, 0.34985178252233445, 0.5522009804431048, 0.42222368612153466, 0.42837733043882453, 0.49863572106832676, 0.547328298646461, 0.4320560661282174, 0.5042086359140749, 0.6081818783795477, 0.4494759436498406, 0.5257844836930512, 0.49167109667900877], [0.4664116569737568, 0.45377334596848834, 0.46694723652141407, 0.4924789110212119, 0.6496150591594841, 0.46112138974519706, 0.5980211932246066, 0.4039724181447467, 0.37569036470721545, 0.5671006513087722, 0.4416283665302221, 0.46269488280304055, 0.47962262105885783, 0.5106089236769604, 0.4497800457087853, 0.49627714361304975, 0.5727190298995518, 0.47165262856113227, 0.5287366700205082, 0.5298552613730778], [0.5038916765346969, 0.5246747001443125, 0.585622556045174, 0.5072734079416232, 0.4776317613715635, 0.5520460039769451, 0.5016240209127415, 0.5079791949247806, 0.4783271077294674, 0.3908217732350865, 0.5922380365767222, 0.46208289274745706, 0.5543162414693371, 0.4733701793534227, 0.4796195513408868, 0.4391482204873004, 0.5392627069023483, 0.5369526192510149, 0.4248121764829269, 0.5882763209389203], [0.5063969008108237, 0.534094787606985, 0.5388601605331182, 0.531984948805529, 0.48531825817381885, 0.5272837380868677, 0.5168320214942469, 0.5051228058411565, 0.478803799206256, 0.4137091963958729, 0.5835797588750566, 0.46751144267660333, 0.5378794260629182, 0.47513319936454684, 0.46645672937144395, 0.42395163843964195, 0.5315477305873871, 0.5286542838552503, 0.47333269917397686, 0.5976967289301593], [0.5472648489560676, 0.5496667464571515, 0.3940729117849614, 0.4165415625323685, 0.5386861130632188, 0.5807607827150848, 0.3813414234229819, 0.5743458978113414, 0.40377764120760457, 0.4509830573355651, 0.45733731033880676, 0.38884792865151313, 0.49409825303671145, 0.6177307588417492, 0.517161138517851, 0.4613313212103781, 0.4457483596947438, 0.4698949332022287, 0.621190235313985, 0.38390537785781037], [0.5673171648280254, 0.5604392067689911, 0.3880615347162015, 0.4247635637087787, 0.5794882106261618, 0.615182145175899, 0.3892922289402786, 0.5400863330898849, 0.40833903667034793, 0.45524530047265177, 0.4743799310607761, 0.3636323449820656, 0.5203185622506276, 0.6240544454631237, 0.5231348985246865, 0.47531504227438626, 0.44867955406360227, 0.4926253160871417, 0.6474153018570363, 0.38173212337481754], [0.5543671175467331, 0.6961795943681413, 0.35144005560822694, 0.7862213149162786, 0.5363918189341013, 0.5450028875945503, 0.4659246343185596, 0.38917105563653454, 0.3698276208924987, 0.350755596105348, 0.7681093705127978, 0.6360257793972164, 0.45672673293582006, 0.4827663181151822, 0.7677542943888159, 0.4213931791619096, 0.38716133898288047, 0.4940092550952653, 0.3611121604086699, 0.4042421378416097], [0.6143470568561893, 0.6092023689728452, 0.3716969658151526, 0.546611035713046, 0.14564362787626223, 0.9275699720663182, 0.19072273189522546, 0.257133729355375, 0.6290310640313935, 0.36353922260877836, 0.34874334460718975, 0.22414936093490634, 0.6570801707108205, 0.4432879241376546, 0.619737026963124, 0.36964144231686313, 0.3385186515908231, 0.3056557109841751, 0.3963124807406074, 0.4262125508817793]], "G": [[0.05731458713010567, 0.051612176574887425, 0.38047627006114093, 0.5105969662338656], [0.08972541905788031, 0.07800512328655472, 0.40371048319221553, 0.428558974463349], [0.06267975656830545, 0.0549463465925718, 0.3805775073125455, 0.5017963895265775], [0.07170013223787974, 0.06511683879394431, 0.23820266212585164, 0.6249803668423245], [0.07337088534009917, 0.06799604709431285, 0.37359743173942195, 0.48503563582616566], [0.07504027658483874, 0.06720322599611372, 0.3875990654723103, 0.47015743194673737], [0.04840839617357445, 0.04206296531516995, 0.37179364429586503, 0.5377349942153904], [0.04692764110807185, 0.04186533170950116, 0.6072010491436066, 0.3040059780388203], [0.10758791429217393, 0.09032752185668744, 0.2909906240919508, 0.5110939397591874], [0.054997599322348024, 0.049472824302878415, 0.28184782944656556, 0.6136817469282069], [0.07445415147331493, 0.06719848813718723, 0.34436207203820135, 0.5139852883512973], [0.03665538703349975, 0.03511779869955077, 0.5395888098451983, 0.38863800442175117], [0.05928534269060039, 0.051711988480624284, 0.38015136693472484, 0.5088513018940507], [0.04824558066758507, 0.041695244644316384, 0.48427344149289325, 0.4257857331952061], [0.1010673210352063, 0.08803298027852859, 0.45803660444959393, 0.3528630942366709], [0.07431897420511079, 0.06400280810040708, 0.35739775354547215, 0.5042804641490101], [0.06917263581834783, 0.06320446126623892, 0.4698458490422521, 0.3977770538731621], [0.059732947185923445, 0.055439797468760176, 0.32216106486665386, 0.5626661904786626], [0.06970212994425941, 0.0671658701123381, 0.3556326110512346, 0.507499388892168], [0.06259543138656223, 0.05446354323612372, 0.4941832504861425, 0.3887577748911708], [0.05882124801600664, 0.0472994066309749, 0.4763434037969581, 0.4175359415560599], [0.06316776308123957, 0.05371824656883114, 0.5020474066579199, 0.38106658369200885], [0.1133427643713927, 0.12070658159795693, 0.2873469390572126, 0.4786037149734385], [0.07486736116990461, 0.07259361129101317, 0.4482403718930127, 0.40429865564606915], [0.04177582668008413, 0.039223837911914555, 0.509197810642119, 0.4098025247658825], [0.05736492320318479, 0.05022926901052259, 0.4679071193202678, 0.4244986884660244], [0.059682422549036045, 0.053865199976378064, 0.49291355954722105, 0.3935388179273653], [0.06687493446585496, 0.05622337846335988, 0.4216143135145665, 0.45528737355621784], [0.05403423954609908, 0.04591924028756533, 0.6141355701463048, 0.2859109500200317], [0.08855929505001175, 0.07078188123465072, 0.2940485803913101, 0.5466102433240286], [0.09036891162726257, 0.07863405568158173, 0.37139368718931115, 0.4596033455018451], [0.05173955154325233, 0.04599642487118998, 0.3593430802300892, 0.5429209433554687], [0.06090809813066424, 0.050170854256123706, 0.3951711325803022, 0.49374991503290927], [0.1260074737981975, 0.11820889695190387, 0.2751377130650389, 0.4806459161848595], [0.0913305139009477, 0.08052405498015931, 0.33286305973303093, 0.49528237138586245], [0.051689236394761716, 0.04862862125766073, 0.5425459616705822, 0.3571361806769945], [0.040753327415119334, 0.032371934099641224, 0.5055711559318824, 0.4213035825533571], [0.036726287193206704, 0.032910713252227865, 0.3731479934002637, 0.5572150061543018], [0.05991520802060309, 0.05072447735590078, 0.4463567759373668, 0.44300353868613046], [0.12239616898258594, 0.11284184171775484, 0.30766805106473094, 0.45709393823492833], [0.08006434807945925, 0.07046047973355277, 0.43580460666925225, 0.4136705655177364], [0.05912701554897827, 0.05493371407755805, 0.4025038318871396, 0.4834354384863242], [0.0715007673583132, 0.06675872599763386, 0.32761467441842945, 0.5341258322256244], [0.03916656823479021, 0.03444639097314485, 0.5787899444913092, 0.34759709630075447], [0.07979974796760234, 0.0698290423685742, 0.2740539811231336, 0.5763172285406888], [0.0599471123693143, 0.05303120846786471, 0.4873438114382064, 0.3996778677246138], [0.05627968926984358, 0.05034392045816252, 0.5513948621603185, 0.3419815281116754], [0.06461738135982172, 0.05961360415590293, 0.4362414772157649, 0.4395275372685098], [0.05601833301965635, 0.04825110312531809, 0.45225083071154626, 0.44347973314347877], [0.04480006747769314, 0.04190505606927738, 0.5771695117173451, 0.33612536473568366], [0.05535734554114136, 0.0475623338167867, 0.45698466615301775, 0.44009565448905363], [0.0918682983723919, 0.08683418056433896, 0.40756599414477257, 0.4137315269184965], [0.08079649069262891, 0.07102659213453463, 0.40952050743800783, 0.43865640973482783], [0.06383066118246515, 0.05253176477026685, 0.5445623925887951, 0.33907518145847254], [0.08594221067836022, 0.07356315725077288, 0.33082705200727647, 0.5096675800635905], [0.06469104513627515, 0.059608817761779925, 0.37240437188389247, 0.5032957652180523], [0.059623796820368696, 0.055981116213654286, 0.5176506941913585, 0.3667443927746191], [0.06767622689957845, 0.06334700804720397, 0.41110061788332103, 0.45787614716989644], [0.05669622398678536, 0.05268218521758897, 0.30827515740467576, 0.5823464333909503], [0.03741844109416253, 0.032993296951887095, 0.5807469585515282, 0.34884130340242137], [0.04549437835704083, 0.03809484224156212, 0.6597813054353984, 0.2566294739659988], [0.055326898863020293, 0.04863732373074863, 0.3982846192315822, 0.497751158174649], [0.09510334013124003, 0.08360450209785947, 0.4055102787922569, 0.41578187897864377], [0.06925752792585678, 0.05998811567844693, 0.36421752551957653, 0.5065368308761187], [0.03569769388054047, 0.03169645088626577, 0.39428320377895104, 0.5383226514542417], [0.05025874625818531, 0.04528878179250724, 0.3640937840551086, 0.5403586878941998], [0.0853312850045638, 0.07260478927101187, 0.44637470329308815, 0.39568922243133625], [0.044466729825879306, 0.04188520063233634, 0.3202716931667046, 0.5933763763750802], [0.07048981373981353, 0.05929531571957323, 0.538495644963995, 0.3317192255766184], [0.06925687833192097, 0.06294194159733517, 0.5141631962425818, 0.35363798382816186], [0.08261314566790441, 0.08070753722260741, 0.320967963253695, 0.5157113538557928], [0.04178886406426999, 0.03587024584788139, 0.39236343289652476, 0.5299774571913234], [0.07753564449653622, 0.06934693630057069, 0.376041325672142, 0.47707609353075126], [0.06154721976504968, 0.05276823487632924, 0.47600685128687525, 0.40967769407174576], [0.1113346763151197, 0.0923977887844247, 0.32864269298216875, 0.4676248419182868], [0.06244802538136663, 0.056955416572954436, 0.33532357180673006, 0.545272986238948], [0.03679893291959844, 0.032266550643777786, 0.41330357643465826, 0.5176309400019656], [0.11065390025848919, 0.10519927745283357, 0.37767251101357374, 0.40647431127510286], [0.0764478784039433, 0.06922584787138734, 0.36746029597432056, 0.4868659777503487], [0.04054105432004378, 0.03287363317426769, 0.5633034049137872, 0.36328190759190115], [0.05200429100606539, 0.04744933353747626, 0.3950689030536876, 0.5054774724027712], [0.05973151998356668, 0.051987313296519636, 0.44672345544552483, 0.44155771127438903], [0.059804135602428546, 0.052033408283174924, 0.3406664729608786, 0.5474959831535171], [0.05029225717920264, 0.04370694335239918, 0.3993097037280668, 0.5066910957403324], [0.06813490851164253, 0.0592784533338418, 0.29260043605376407, 0.5799862021007515], [0.05463813091275165, 0.041857436530166554, 0.3826156352573392, 0.5208887972997426], [0.05939775434819945, 0.05458371400604324, 0.33945768027021783, 0.5465608513755399], [0.062278423837232866, 0.05693217287070881, 0.35353538962513054, 0.5272540136669276], [0.08265052926434227, 0.07748930228341355, 0.2952148691801419, 0.5446452992721024], [0.051342366696299074, 0.047068215799411305, 0.2981577532728575, 0.6034316642314325], [0.08587284778018735, 0.08116828363601242, 0.4305549755427224, 0.40240389304107793], [0.05603990108011093, 0.05845259455052284, 0.35147304323456174, 0.5340344611348045], [0.04432226879905751, 0.04057139119255461, 0.6509721615305053, 0.264134178477883], [0.040198916955708125, 0.03053013191156261, 0.3916136398144768, 0.5376573113182516], [0.07532594127995158, 0.07047296932001547, 0.3867796902060283, 0.4674213991940049], [0.03732537824837699, 0.03179007429325881, 0.39757802552448457, 0.5333065219338803], [0.14823866429420063, 0.1308489940631807, 0.34293041259935264, 0.37798192904326533], [0.0443492713206871, 0.03834231007612928, 0.39244488496935825, 0.5248635336338255], [0.05530312708770842, 0.047007193299627104, 0.49988103677423273, 0.39780864283843137], [0.04419888164585538, 0.039923122150328005, 0.32048581344242205, 0.5953921827613947], [0.12869053158017352, 0.12568477863967503, 0.29834859459152013, 0.4472760951886308], [0.06024643912467695, 0.054023071543339136, 0.4434890562999551, 0.4422414330320285], [0.05351847609352838, 0.049587644066017574, 0.3947138403564772, 0.5021800394839769], [0.09399164984818437, 0.08713863877429319, 0.3776710038759179, 0.44119870750160517], [0.06868468836450314, 0.06214340854864585, 0.3807145548091289, 0.48845734827772264], [0.06362209390753125, 0.055767325494961294, 0.4994429438287588, 0.381167636768749], [0.032881193930088835, 0.026948707998204507, 0.470836354189027, 0.46933374388268007], [0.12007265061360647, 0.10492583984573618, 0.377767170661742, 0.3972343388789155], [0.08374528442284114, 0.07374415264192556, 0.39077873618119896, 0.4517318267540342], [0.042973777445936084, 0.03578123192209721, 0.5053359275864652, 0.41590906304550135], [0.08104395823804095, 0.07330643151063604, 0.4578167160006956, 0.38783289425062734], [0.051149280441914524, 0.04334936771695051, 0.600779996750421, 0.3047213550907137], [0.07390060070676445, 0.06395745953372306, 0.39742555162808163, 0.46471638813143046], [0.05488776044989218, 0.05088053328992777, 0.4315851015704815, 0.4626466046896985], [0.05225626013101932, 0.04829219931462939, 0.4169928453329407, 0.4824586952214099], [0.10368735854816037, 0.08587821526797401, 0.3753050372189789, 0.4351293889648867], [0.06686927478072012, 0.06034363216310174, 0.42738532139117236, 0.4454017716650051], [0.10279571368628783, 0.0968995317595128, 0.3363316727886664, 0.4639730817655335], [0.06737259323011033, 0.06464228505851305, 0.3150517726867697, 0.5529333490246064], [0.07050970368545369, 0.05929304598483079, 0.3267999495203862, 0.5433973008093296], [0.05049821578319102, 0.04829480777223029, 0.4404104107839652, 0.46079656566061333], [0.05472704479681836, 0.049444905279266524, 0.21042581971190283, 0.6854022302120122], [0.04665945157148493, 0.04287355415579636, 0.5861212750194011, 0.3243457192533173], [0.07892813693641793, 0.07625695480042405, 0.32521656388269105, 0.5195983443804675], [0.07399408556310856, 0.06558300122286922, 0.35009648147514577, 0.5103264317388767], [0.05817726078091555, 0.05787546248396838, 0.38989802926366696, 0.4940492474714492], [0.05617446169687666, 0.05364760438919244, 0.4490814174661597, 0.4410965164477717], [0.1298730816614237, 0.11237352068348941, 0.4183862648272837, 0.3393671328278033], [0.0630709780274326, 0.055820635816180735, 0.5251723615812302, 0.355936024575157], [0.05231617976452203, 0.046603304464446604, 0.5293618248935824, 0.37171869087744924], [0.029230584185419003, 0.026164043630121956, 0.19125152141270416, 0.7533538507717552], [0.07744297981608282, 0.06301275111441924, 0.451219949529428, 0.4083243195400698], [0.049139400633940136, 0.04675656034610696, 0.46763335379575516, 0.43647068522419835], [0.07133227931579275, 0.07044927266784605, 0.361970380968194, 0.4962480670481663], [0.06746115904415909, 0.06105508175022431, 0.40578684514715174, 0.465696914058465], [0.048953253176656414, 0.03862249815194154, 0.2572330576971775, 0.6551911909742231], [0.05913370864428851, 0.05526700918014373, 0.5297714547873119, 0.3558278273882561], [0.0653659515539045, 0.05672277993010638, 0.4296459792000783, 0.44826528931591203], [0.09228154677522814, 0.08130697010560636, 0.46802151529624203, 0.35838996782292293], [0.07482392914100307, 0.06394454566421495, 0.26704359355033025, 0.5941879316444514], [0.05100088628365193, 0.04705717775003143, 0.399355685716006, 0.5025862502503108], [0.053642360549755144, 0.04547115622081074, 0.504005306825573, 0.3968811764038613], [0.06956234203458875, 0.06139345603083649, 0.38503631356189, 0.48400788837268455], [0.10920509015977294, 0.09951086996978989, 0.3442028612693534, 0.4470811786010836], [0.07872528017864815, 0.06025234393863265, 0.37323046266264504, 0.487791913220074], [0.06705069537353973, 0.06386858410109983, 0.4181036890748612, 0.45097703145049844], [0.07913498665406342, 0.07189653678476426, 0.461199796565069, 0.38776867999610304], [0.0758496790159249, 0.06837745689246442, 0.3279661547532228, 0.5278067093383876], [0.06861181397183845, 0.06050466141029846, 0.31234324680194814, 0.5585402778159149], [0.07884458326472549, 0.07049697612063724, 0.40504875961753, 0.44560968099710774], [0.0894890140549474, 0.07123028845410272, 0.3550384384195092, 0.48424225907144064], [0.050504944278029165, 0.04812795436095509, 0.5161077560449426, 0.3852593453160735], [0.050027835650415756, 0.04732999394816018, 0.4722117107632251, 0.43043045963819965], [0.04392320708357268, 0.03777573564067141, 0.5049433113059865, 0.4133577459697709], [0.05600316322082007, 0.050243255596727855, 0.4066309519754101, 0.48712262920704213], [0.08254126218407931, 0.0764514776112521, 0.3927063012079065, 0.44830095899676276], [0.047967168424813245, 0.04258982927235629, 0.3958886750096568, 0.5135543272931732], [0.04895762436984052, 0.04466995501437277, 0.44639864541371505, 0.45997377520207117], [0.08504465930301959, 0.08100380850608768, 0.4234561362692052, 0.4104953959216872], [0.08419166237444964, 0.08132882075655962, 0.4184700206455105, 0.41600949622348043], [0.07450763988384768, 0.07216156643329588, 0.35940825785991126, 0.4939225358229455], [0.05940196990185263, 0.05310253861653094, 0.43235611966460596, 0.4551393718170117], [0.0424906613203303, 0.036335827529186446, 0.31081048956378926, 0.6103630215866936], [0.07948505829030005, 0.07284394305804559, 0.3626553396516134, 0.48501565900004073], [0.05222681677130522, 0.0487952069636221, 0.33000228814844795, 0.5689756881166252], [0.09027970416542183, 0.08213520902921985, 0.36367815147143817, 0.46390693533392063], [0.08379954094655463, 0.07485693622671236, 0.39590683189604436, 0.44543669093068816], [0.056633005104956606, 0.04917775182916596, 0.47642519622917623, 0.41776404683670093], [0.05137264514426388, 0.04581477941011247, 0.48659991452846735, 0.4162126609171573], [0.08199155038323483, 0.07208284016095179, 0.3540324316612122, 0.49189317779460107], [0.08560400093673996, 0.07728964473161004, 0.26408541360231813, 0.5730209407293317], [0.05780386310327513, 0.050067417036738796, 0.43040076077951644, 0.4617279590804693], [0.07216866295270882, 0.07134855975316802, 0.32205955775445555, 0.5344232195396671], [0.0522933988480077, 0.04571562367945096, 0.4404321231321668, 0.46155885434037497], [0.08943758555507232, 0.08152003123151522, 0.353829567501208, 0.4752128157122049], [0.05273879679396817, 0.046729225622316184, 0.30230075812678386, 0.5982312194569328], [0.061440015444176245, 0.05442810014462175, 0.46184507497348626, 0.42228680943771635], [0.04922560247678716, 0.04505835241002624, 0.40856180917664, 0.4971542359365469], [0.04677788552763743, 0.04507356608964041, 0.31279173338636435, 0.5953568149963572], [0.03900289829522591, 0.03405810865436724, 0.30605322169098426, 0.6208857713594241], [0.06887284873546445, 0.06264136784962285, 0.3544158585653917, 0.5140699248495207], [0.04413239644946525, 0.0376291279131725, 0.29142662633253524, 0.6268118493048278], [0.05261110147341665, 0.04841064894652983, 0.3517105567457551, 0.5472676928342988], [0.07231301840147993, 0.05941188158210616, 0.23402580703281461, 0.6342492929835998], [0.049518190269078374, 0.03840105429766687, 0.3303815365767036, 0.5816992188565512], [0.05173757645952878, 0.04690962596150523, 0.35846273167377035, 0.5428900659051952], [0.07234898290646469, 0.06436401846704382, 0.4898568604856756, 0.37343013814081566], [0.10035523811986348, 0.09692662825785628, 0.3231213526354583, 0.47959678098682196], [0.047928439825504425, 0.04423372768887683, 0.5457073088637111, 0.36213052362190784], [0.042074901183338384, 0.035885932304494425, 0.5158612615058967, 0.4061779050062705], [0.04315588704219924, 0.034679027105117194, 0.3413740868694002, 0.5807909989832836], [0.07496003256358082, 0.06620251510064112, 0.4167639467696747, 0.4420735055661031], [0.11582184175844366, 0.09949427602889142, 0.2849669141597667, 0.49971696805289867], [0.05160491127102289, 0.04835172919277063, 0.3331724049567011, 0.5668709545795046], [0.05734104790567707, 0.04823044721223732, 0.41013852339973, 0.4842899814823562], [0.03681503492588233, 0.0313295996135782, 0.48835437264444065, 0.44350099281609884], [0.05875789021696891, 0.052251357994843484, 0.3031277340460491, 0.5858630177421386], [0.046510236442773883, 0.04077317108714404, 0.519032601715366, 0.39368399075471694], [0.0343337030630569, 0.03277183444862758, 0.4523201119703384, 0.4805743505179768], [0.06518175390343854, 0.06159861837921014, 0.3910300688145933, 0.482189558902759], [0.06849867595207743, 0.06137257938583243, 0.29266635286450793, 0.5774623917975816], [0.052600038352750844, 0.045153234242566884, 0.41620066152684826, 0.4860460658778344], [0.05417994513909871, 0.04599006561107227, 0.5063932896697421, 0.3934366995800873], [0.05339780883301007, 0.05055124875688442, 0.4316455771703241, 0.464405365239781], [0.08832371156418861, 0.08485775850398926, 0.3573392966437713, 0.46947923328805136], [0.06604981195763499, 0.06334906274820018, 0.406386140408881, 0.46421498488528384], [0.07283902997049183, 0.0668506112705971, 0.510477562263641, 0.3498327964952692], [0.0644935823509308, 0.05451671790814453, 0.3784272313889991, 0.5025624683519258], [0.0581767854257314, 0.05158659718694792, 0.39817848837414116, 0.49205812901317986], [0.06227321912296838, 0.05138250676989424, 0.41759179618930947, 0.4687524779178276], [0.06774220957769911, 0.05509803170493775, 0.33872330580971627, 0.5384364529076462], [0.0824752453352451, 0.07283049929224025, 0.3672088455917197, 0.47748540978079534], [0.0733610138128953, 0.0685724587517595, 0.5469416067198568, 0.3111249207154879], [0.07523584836808939, 0.07196438488597247, 0.3237117661782013, 0.529088000567736], [0.047280274666012145, 0.0417915782349344, 0.4779690997355436, 0.4329590473635102], [0.05699799393027541, 0.05207274234549235, 0.4692410377448538, 0.42168822597937816], [0.050958419905252524, 0.045481545771554215, 0.43374848077769446, 0.46981155354549864], [0.05108794544384296, 0.0449793807327617, 0.3661422960192871, 0.5377903778041085], [0.06137535227818761, 0.05298393897391294, 0.3191858683890813, 0.5664548403588181], [0.0442501925168779, 0.03899037049065572, 0.5547625301217869, 0.3619969068706798], [0.04629047788313387, 0.04366609134427375, 0.5554507999654104, 0.35459263080718256], [0.0641428392280772, 0.05957226985425132, 0.4951949279688462, 0.38108996294882486], [0.041227996492159795, 0.034963603647377245, 0.4443626877952052, 0.4794457120652582], [0.031680127895580626, 0.027796490074557464, 0.6117335301397642, 0.3287898518900971], [0.04908414792490253, 0.0426341586036294, 0.49347978790997726, 0.4148019055614898], [0.07603715121025777, 0.06901184892412557, 0.26941168396128307, 0.5855393159043334], [0.05468075946564645, 0.049506462280254765, 0.5503044418574075, 0.3455083363966908], [0.06330696229129709, 0.05660233627851265, 0.42037684894176935, 0.45971385248842167], [0.04143739381575722, 0.03725450810864398, 0.44521417662503276, 0.4760939214505658], [0.09303902681097824, 0.08520211983282984, 0.342335182559275, 0.4794236707969174], [0.05800996662569678, 0.05440714621048228, 0.33298120741840714, 0.5546016797454141], [0.05345709676864599, 0.045204866870031175, 0.30279725068136193, 0.5985407856799618], [0.09160961933186887, 0.07839621672907912, 0.47808843067447715, 0.351905733264574], [0.07528908529680588, 0.06550861940901412, 0.329842679517833, 0.5293596157763469], [0.05326888532508676, 0.04121036396353486, 0.5526000707571049, 0.3529206799542748], [0.06929089753288442, 0.061987896755088916, 0.43817777272569935, 0.43054343298632713], [0.10628768629864496, 0.09729506863278604, 0.41351224790728847, 0.382904997161281], [0.06162033523726897, 0.05856690722968237, 0.664599980834463, 0.21521277669858457], [0.07313111524068969, 0.06431625860925552, 0.4085992560726072, 0.45395337007744707], [0.07134327247446891, 0.0675948965213792, 0.3504686661857845, 0.5105931648183671], [0.059776935258380966, 0.05472486883726503, 0.5094644735456575, 0.37603372235869653], [0.07016786497534258, 0.060349422308317434, 0.25119726431723466, 0.6182854483991056], [0.04440546608912346, 0.040675073847398525, 0.37287551603653946, 0.5420439440269382], [0.05980127121922777, 0.0527836835860024, 0.5413515579386597, 0.3460634872561088], [0.10370808614798936, 0.10274459246168684, 0.38765452138132644, 0.4058928000089968], [0.06807633948660653, 0.06438831818903167, 0.45843240394222884, 0.40910293838213274], [0.049272894118159834, 0.041560692227012176, 0.41448441280117954, 0.4946820008536483], [0.10527298906866704, 0.10002053052515088, 0.45937988957361725, 0.33532659083256433], [0.07540370463597167, 0.0641795724395525, 0.502622320848738, 0.35779440207573754], [0.060417642870476955, 0.051904365266524255, 0.3625739761868163, 0.5251040156761824], [0.04590143734828812, 0.04113485907515053, 0.2537961628283787, 0.6591675407481837], [0.04974009301989582, 0.04291479733580854, 0.37060564364011106, 0.5367394660041845], [0.05481820104802367, 0.04527540413080527, 0.38463455204701463, 0.5152718427741568], [0.05437915105060232, 0.048856818775936776, 0.38522911024387596, 0.5115349199295848], [0.10413528686578881, 0.10211664422445803, 0.34778882444106785, 0.44595924446868557], [0.05148482760044511, 0.045892039668268866, 0.5455029605188616, 0.35712017221242504], [0.08775116329109148, 0.07781142026932092, 0.3445099970371554, 0.4899274194024322], [0.03940575868040774, 0.035350936125466, 0.4436746886739253, 0.4815686165202012], [0.11581607482260592, 0.11676864799660462, 0.3481268784247207, 0.41928839875606905], [0.06715351466113188, 0.057336013341136687, 0.475050098513086, 0.40046037348464575], [0.08029309439870952, 0.07643933985927528, 0.4210221020719218, 0.42224546367009264], [0.04578643482910101, 0.0393203157862154, 0.5604090172632916, 0.35448423212139113], [0.08768470375014296, 0.07976985270581191, 0.25525854585797736, 0.5772868976860678], [0.06035617536575462, 0.05538760993693712, 0.5222007231873005, 0.3620554915100081], [0.046644358738828474, 0.041916239886512024, 0.2659452537109686, 0.6454941476636905], [0.05483318999603122, 0.04951480894298574, 0.2529081871310871, 0.6427438139298967], [0.08193560971607075, 0.07792039809432663, 0.43751707437040305, 0.40262691781920035], [0.06753881183482645, 0.058320712753497185, 0.5090946202328251, 0.3650458551788516], [0.06054171656297801, 0.052460883718355014, 0.29393101545691735, 0.5930663842617501], [0.058029786701610235, 0.05276950446933251, 0.3750769777831875, 0.5141237310458702], [0.046779604466221654, 0.04187544884930258, 0.40327952375648884, 0.5080654229279868], [0.047020614593323816, 0.04211020221379773, 0.43972564733885516, 0.4711435358540229], [0.055049940476427674, 0.05239685585705982, 0.3172873966836793, 0.5752658069828335], [0.061645482853115184, 0.05310344993606322, 0.37938427263193397, 0.5058667945788876], [0.07902878407079801, 0.06793508779198225, 0.2752902238170624, 0.5777459043201576], [0.06027063769027785, 0.061663461433279526, 0.3556921622030035, 0.5223737386734387], [0.09447847304162388, 0.09220493265348455, 0.2757864651208738, 0.5375301291840173], [0.07156892647338388, 0.0638564163397503, 0.19482623823719783, 0.6697484189496666], [0.059262947520943556, 0.05230557649634733, 0.38355514459480716, 0.5048763313879012], [0.05807843872497009, 0.0507908687533043, 0.4805619137898773, 0.41056877873184816], [0.06548860783430627, 0.058976421257496095, 0.2912956138374303, 0.5842393570707672], [0.0564832801758673, 0.05050572953567057, 0.4148262896919996, 0.4781847005964623], [0.07147898909223556, 0.06264062027079681, 0.45208564203631624, 0.4137947486006524], [0.046316245696997015, 0.04028460626512608, 0.5802675096597851, 0.3331316383780922], [0.052679740068374156, 0.04926736700092859, 0.48991254852694316, 0.40814034440375396], [0.061762903723492774, 0.05561546537142874, 0.5051383193276879, 0.37748331157739046], [0.05008784725144221, 0.041581886966421795, 0.24905202116062342, 0.6592782446215121], [0.05341801391515746, 0.04896798169426867, 0.445395543730264, 0.4522184606603085], [0.10048555732093248, 0.09468303316995462, 0.34048630855627476, 0.46434510095283765], [0.07228929407372427, 0.06655951540607909, 0.5773081671987538, 0.2838430233214433], [0.08840261374125463, 0.07791063373148158, 0.43024575745713883, 0.40344099507012476], [0.07481251140982488, 0.07002630244955071, 0.3751462933150013, 0.4800148928256227], [0.046632767666201114, 0.037866168287036595, 0.5789986589010574, 0.3365024051457039], [0.08373225083076252, 0.07357467141188585, 0.2829966256742141, 0.5596964520831368], [0.058243996092451726, 0.04652404847045606, 0.38893195008217296, 0.506300005354919], [0.08910091640096066, 0.08197442660254263, 0.3548960166565674, 0.4740286403399301], [0.05786359658549879, 0.054600165893792955, 0.2808062787787157, 0.6067299587419924], [0.055629834363215926, 0.049707441417078904, 0.2834731684488137, 0.611189555770891], [0.09015580685014388, 0.0801567624611572, 0.3854868354049146, 0.44420059528378447], [0.05354494357893338, 0.045255396619674586, 0.44462745279891286, 0.45657220700247986]]}, "supervised_prediction": {"G": [[0.07260853986959763, 0.0677371431670905, 0.30715935695595714, 0.5524949600073541], [0.08055133580682772, 0.06695729147306433, 0.36056907201025723, 0.4919223007098507], [0.034192257313524294, 0.02964480699665193, 0.3073052775668786, 0.6288576581229446], [0.04959513457625142, 0.042887944114989626, 0.4712088108464628, 0.43630811046229523], [0.05782227589376042, 0.053282385624548546, 0.40532820743224324, 0.4835671310494477], [0.04912034732644498, 0.043317010678000874, 0.3397579028877139, 0.5678047391078392], [0.08023968449590002, 0.0748942912433853, 0.458901145846388, 0.3859648784143272], [0.0670569264381121, 0.05532032651319966, 0.42678946077445257, 0.45083328627423525], [0.06461739364118613, 0.05718488395304923, 0.46051898233780797, 0.4176787400679572], [0.06099828498008647, 0.05270124984951447, 0.5265770093374694, 0.3597234558329296], [0.08333787176186351, 0.06970352829662142, 0.42868672003061725, 0.4182718799108985], [0.07747131404419172, 0.07020210562506822, 0.4136445268082179, 0.438682053522522], [0.04995265597636167, 0.04635417768105319, 0.5646944801951718, 0.33899868614741324], [0.09790346477244959, 0.08905128876577419, 0.27547496870956556, 0.5375702777522093], [0.076753603100586, 0.07075257269864065, 0.2790329971557673, 0.5734608270450055], [0.08367136197671819, 0.08294701164809387, 0.2755103429413428, 0.5578712834338451], [0.08177493245255353, 0.06726052316710934, 0.40058467361126826, 0.4503798707690691], [0.05237879634879939, 0.04799336583078806, 0.3850816101967434, 0.5145462276236691], [0.04229433728840656, 0.03673025130813611, 0.3762489361159686, 0.5447264752874881], [0.05125847461727271, 0.046575990802818, 0.32266684507612126, 0.5794986895037879], [0.04453637370849111, 0.038499795189496096, 0.6238703545431583, 0.29309347655885404], [0.06541449788147899, 0.057357671399510785, 0.4021788452085967, 0.4750489855104129], [0.06156399381614493, 0.05369355504427846, 0.3058346681368729, 0.5789077830027032], [0.051029362405251855, 0.04023039032815163, 0.3859207156929834, 0.5228195315736123], [0.053738902884652655, 0.04535890543183032, 0.39661249479286337, 0.5042896968906537], [0.08510318133342301, 0.07347455777820813, 0.44735279086035024, 0.39406947002801895], [0.05515838440989482, 0.0476439066035167, 0.4904551656635023, 0.406742543323086], [0.06946954224404481, 0.061207759001194385, 0.41986256890900103, 0.44946012984575884], [0.05205288838190762, 0.04567456012978715, 0.6213651622767933, 0.2809073892115108], [0.04901389386859231, 0.04314359103339467, 0.4482208347934229, 0.4596216803045897], [0.07251987286187936, 0.06364985186571667, 0.3075473567885096, 0.556282918483894], [0.0617742011867904, 0.05785882242412474, 0.3294625794748861, 0.5509043969141981], [0.10253418012127954, 0.09329786084798987, 0.33037704369905657, 0.4737909153316741], [0.08427149958324606, 0.07039126550064398, 0.4888421689265799, 0.3564950659895298], [0.04108823492607285, 0.035941177533459996, 0.5183984408420124, 0.4045721466984558], [0.05259169752517349, 0.04262498260290085, 0.5220931532277795, 0.3826901666441461], [0.0775516910749879, 0.06405293691009546, 0.3253090766067645, 0.5330862954081523], [0.06385844127757959, 0.05870327902430418, 0.2937539626933862, 0.5836843170047304], [0.0571868450526092, 0.046824291138636884, 0.45641419361363283, 0.43957467019512014], [0.06895963220916813, 0.06360277133822548, 0.36342354893227263, 0.504014047520334], [0.09619142101583275, 0.07735766611597646, 0.3625204317025509, 0.4639304811656396], [0.07862462452220342, 0.07398586861239005, 0.509103102779205, 0.3382864040862015], [0.04344571500839639, 0.0397105946342011, 0.3445568556953517, 0.5722868346620505], [0.03151924702413983, 0.028716108532033848, 0.5706947378397859, 0.3690699066040405], [0.05726906084801718, 0.05366276009062066, 0.45755199545275266, 0.43151618360860866], [0.04256059824796927, 0.040396839491511086, 0.3078356840208503, 0.6092068782396692], [0.0699677733185901, 0.06431457050807192, 0.411229979685691, 0.45448767648764626], [0.05090441235862667, 0.04669901281762272, 0.2689395054728326, 0.6334570693509184], [0.1075358999127148, 0.08824007126741341, 0.4023819718684804, 0.4018420569513911], [0.05832938473204779, 0.052874163037210736, 0.4729810899718928, 0.4158153622588484], [0.05385793708913217, 0.04842548864828028, 0.5472649646984198, 0.3504516095641678], [0.05765044126358293, 0.04580184796840537, 0.4434764807376584, 0.45307123003035193], [0.08077715849713485, 0.07443834667967227, 0.38492540850831575, 0.459859086314877], [0.057904105409060505, 0.05519875136071256, 0.4951255172912005, 0.3917716259390261], [0.06070313447225895, 0.05156074751541713, 0.5277095173752326, 0.36002660063709185], [0.12106120034726742, 0.0926116257205088, 0.3962293676048064, 0.39009780632741736], [0.04283633787230642, 0.039059122391935035, 0.24239529101293703, 0.6757092487228213], [0.0770471681231988, 0.0749930892427221, 0.339729621713328, 0.5082301209207509], [0.09365899762041151, 0.07971274155002471, 0.3331671376687448, 0.4934611231608187], [0.056119257676362916, 0.049448773674833794, 0.5896948518905769, 0.3047371167582266], [0.05592714384554289, 0.049085846380960224, 0.4533639092896076, 0.44162310048388925], [0.07896715447755803, 0.07809445578656635, 0.37192372943540747, 0.471014660300469], [0.061744558526158254, 0.05289476398307879, 0.3701971830572614, 0.5151634944335016], [0.04335413214520556, 0.037883785174097566, 0.29175231930631307, 0.6270097633743825], [0.0395872063157034, 0.03137595015874981, 0.5004924283946518, 0.42854441513089475], [0.04826233487390539, 0.04306985485234678, 0.512444255830682, 0.39622355444306584], [0.05878097449038768, 0.05498479466236808, 0.312965044946832, 0.573269185900413], [0.06233932819685277, 0.05996149124379307, 0.4685309480221515, 0.4091682325372021], [0.07244487087529919, 0.07083627992879113, 0.3335863488178717, 0.5231325003780382], [0.07754043133514368, 0.07922428713179468, 0.37681083085602163, 0.46642445067704], [0.04163673098708305, 0.036458864249372155, 0.5949164159435645, 0.32698798881998087], [0.05089152806393063, 0.04852682914264432, 0.44082131194041724, 0.45976033085300705], [0.06259506405526644, 0.05488436986096761, 0.42749767764225166, 0.45502288844151334], [0.04048939514674554, 0.036965740817929804, 0.5354114664834208, 0.3871333975519035], [0.08100716798219777, 0.07475143348049706, 0.40784858236397104, 0.43639281617333414], [0.07360552452399388, 0.07013242444363936, 0.26485333216890034, 0.5914087188634677], [0.056170982910985386, 0.0468830275072326, 0.3264757512775249, 0.5704702383042581], [0.06701085302394373, 0.06675884893828432, 0.4446001158625804, 0.42163018217519116], [0.03705471758633026, 0.0321732176969347, 0.2870515382943456, 0.6437205264223881], [0.04316747004446074, 0.03862476126964781, 0.5629710201416259, 0.35523674854426485], [0.05833793222158267, 0.053770851055290586, 0.49271259138907647, 0.39517862533404996], [0.05548696749347187, 0.04993298921512734, 0.2730595511723129, 0.6215204921190882], [0.07028066905447994, 0.06710775866775763, 0.4002862392408648, 0.4623253330368966], [0.03602177150322632, 0.03043911120717467, 0.33291197278952134, 0.6006271445000777], [0.059387841439252895, 0.0558940673427714, 0.4935977636008164, 0.3911203276171596], [0.07160126474591834, 0.06004878151281081, 0.35188236126282635, 0.5164675924784446], [0.045816775953567056, 0.039875258031957794, 0.499990225790358, 0.4143177402241173], [0.05179750013981424, 0.043145945719629424, 0.45154774275234255, 0.45350881138821353], [0.07440882482831392, 0.07175787512273345, 0.3818300315290096, 0.4720032685199437], [0.12903362738021168, 0.12238097821203371, 0.3714645713815042, 0.3771208230262491], [0.08830041012708059, 0.08000311156312144, 0.24580521739677957, 0.5858912609130187], [0.04983643058947544, 0.042372929740362004, 0.4836174185438036, 0.4241732211263583], [0.05257077302077001, 0.04722066214177487, 0.4446518724701408, 0.4555566923673