{"estimation": {"a": 5.085310723575961, "rho": [0.1801544295179887, 0.13906927961086585, 0.3284357228183454, 0.35234056805280095], "Mu": [[1.5062008972172238, 0.838210424510107, -3.332696009001876, 2.1543002228159622, 0.6041823227376445, -3.526378456633198, 0.22900291373551585, 2.195675807031144, -0.20834891408328188, -1.897953988542925, -0.7483705936696401, -0.04576950145213783, -3.515957047028769, 1.6840804593423546, -0.8599072399424065, 5.884894738257598, 1.9130132696107247, 0.5527703503157958, 3.9856553722756773, -2.9199484450663586, -3.623858652366083, -0.834350807035121, 2.5855950595817823, 1.496152151965139, 1.2651181058508114, -0.8883912441627205, 0.16913403978912028, -6.853823465286293, -0.21483767621602937, -0.9420543701364953, -0.36986257888295676, -0.5820897688182718, -0.12002011118459414, 4.687752897712255, -0.5783895117451453, 0.015521381672020213, -0.13079008047439397, 0.5011572709539045, 0.11118837435650804, 3.493830964919871, -3.0076932628485444, 1.5652571006514415, 0.3481155570831982, 3.366284667300468, -2.7344247821860423, 0.2133701215634336, -0.5045273402755401, -0.24114875137491962, -2.5490620683723524, 1.8180165217810778, 1.4975799448027596, -1.2398676366169443, 4.45290101248147, 0.2448552894720233, 4.237610729585505, 3.387201213877536, -0.8762359865003669, 2.3691317330135213, 0.5674696710784015, -0.12802648906828737, 2.4468174536454304, -1.5267472150602004, -0.9711600938491376, 0.4661507707998692, 2.508972745176497, 2.2032447987386705, 2.2322165594800207, 4.866521798522064, -1.33976818712889, -0.5530209026088622, -5.218679969250603, 0.13567184814794178, 7.3958200488006165, 2.3281262172033195, -3.0426717718839993, -0.8608986493691368, 1.1940334926733587, 4.588103573407152, -0.7730324987340136, 2.8113185757978103, 3.269359541683234, 1.3216598018374037, -2.0458420021269608, 1.742309839105715, 1.3663096081360437, -1.0133090730214385, 0.5313049254306889, -2.8253943188792348, 0.3207337972164692, 1.4362524288477998, -0.4119178914937855, 2.73338294941403, -0.4623193888969382, -1.0203476690964721, 3.472081527671934, 0.82257850223865, -2.584241381560751, 1.954743645981806, -2.0372830363474033, 1.8424835336431735], [-0.9350087742452857, -0.1802003709739416, -2.945294083894102, 3.2779504877878556, 1.3865268174704983, -2.103433580654457, -1.1435427417182846, 0.7842570761945052, -0.49758961918742484, 2.2399600701332325, -0.8577273300945646, 0.18730769990693308, -0.9244825459124625, 0.20508296561835518, 0.36684223602305727, 2.840437065884662, 1.3514203064059584, 2.0112661373133065, 0.11505888004989222, 0.8422728196911945, -3.4575175299705663, -0.5915921864678161, 1.7342703264259012, -0.9622345319119859, 1.9596114060621983, -2.6823101030939736, 2.0872531740650113, -5.105567268812797, -1.5516486468336432, 0.6000705196425695, 0.4736579969607377, -1.4575892221843245, -2.3826178051176994, 1.2838558470921138, -1.5210624131977135, 0.5004529042771058, -0.8210237835764748, -0.7474740276308873, 1.9372859684228683, 4.363498614655511, -2.3134224142493474, 2.8332897666454797, -1.0643063954670529, 1.155134743279611, 2.963191646452082, 0.857200548465869, 0.4495063510922584, 3.9006401255674614, -1.2065521313124286, -1.3157475203180977, -2.6770970858843173, 3.183214151098342, 2.6530286195838566, -3.7463576640561222, 1.5290405472060369, -0.4322302790424264, 2.0765495916636523, 0.5138910880907605, -3.8873000141578338, -2.5945090254455017, 3.4069967741543143, -0.6806466805627999, -1.3624357672487069, -1.1851953235800867, 4.002810709857277, 2.527383758833113, -0.8205097182528025, 0.8091538389849872, -0.6474412618253922, -1.225230175354314, 0.9356354514699481, -1.230301752917732, 3.0278008270138392, -1.9517777139235726, -2.5192768131967678, -3.3626071785312406, -3.65416337854024, 4.2340969457979885, -1.6769479939130556, -4.702397487824501, 2.761141183355814, -1.423514313605092, -0.27718003219417253, 0.4612858040472902, 0.02032358394866465, -2.2510107235225814, 1.1479258568569237, -0.4848579689430079, -0.3881649185977834, -2.2993133836898934, 2.1084401820599483, 1.004759743435857, -2.732378746398699, -0.09535834281970292, 0.8271155119541027, 1.4238842360782242, -2.904966901942961, 2.312771778506773, 4.8945284962561715, 0.46469643533246635], [2.6420764321183228, -1.1487830334281917, -3.794723943530564, 1.9686308695140196, -0.3207411848046423, -0.4978002105973235, -3.089081524185655, 3.6495702745669942, -1.191249568252551, -3.7101723079738402, 2.3337443472646995, 2.9051285746797233, 0.11084748671637093, -2.2004614440168297, 2.632589383577124, 3.0906860412757196, -2.57331612164514, -2.287656658658313, 2.546356175979081, -5.023210502330741, -0.20929302893132773, 3.8324076146558457, 0.9238175650389134, 0.36235513542276465, 2.2670766073869566, -2.587372630611961, 0.53939862817795, -9.851206121411996, 3.128278340545192, 0.23706090443272063, -0.07669393665525803, 0.01612370004151431, -5.91811020030159, 0.6573617852156739, -3.979133482686782, -0.4777872591476226, 1.1807715811379662, -0.9033869987602847, -0.46605735146818134, 5.659728518699572, -1.049562644999401, -1.5766801607896, -0.513444053208532, 0.07469651280496069, 2.3893420845180953, -0.18599437228399693, 3.4008962684292996, 0.5391739574235538, 1.389623904707388, 0.043528702174637585, -3.593334920607523, 0.6841791848777269, 5.251384209777705, -1.9579448555044192, -0.7181996907202596, -0.1631300586143481, 1.7219727589357525, -0.38688778649592126, -0.13263800485548802, 0.6718424179544432, -3.2841420590320403, 0.9646642481924247, -4.184976451516496, 1.3521498978201318, 4.242884766159749, 7.444479031348561, 0.8408634724677572, -3.404703816287618, -1.0291004547871614, 2.3847660276112994, 0.11753961039270956, 1.231710456633886, 2.590572283873728, 2.6186610573270417, -4.047035584211775, 1.2606242755280432, 1.1376624128753163, 3.091503241028887, 0.19357326520913287, -5.745676789710158, -6.352802962849327, -0.6739425088987894, -1.6257280456274412, 4.878409296295189, -2.3760790669717644, -1.1169054829547398, -5.667053319877467, -2.704638733954092, -3.7695828824583706, -4.130780750123635, -4.269484164030457, -1.516640006491785, -0.0788200347894276, 4.945367634011722, -0.2628002866016495, 0.5500251715132276, -1.5260461312805547, -2.859246989771762, -1.1753412171372621, -0.373781808156958], [2.359200998982898, -1.3721768833785104, -2.1887457670408064, 2.130787391108925, 1.2480296477862074, -3.313177674702139, -2.5377509435316834, 3.434301281746809, -4.169137278423426, 1.3764375836585419, -2.308406733626866, -1.2533044980298984, -2.9471407880164833, 0.39910886855044514, 3.118710940236953, 4.043087854977414, 1.7437592771294592, 0.23866126767542936, 1.2337565922855558, 1.642674910173733, -4.196657435671247, -0.2918057113794308, 1.1444496517187877, 0.6248010628939684, -2.5671366953255084, -2.002372522794595, 1.6359195302526655, -2.8648067351404767, -1.011615439235253, 3.1817030743089725, 2.1119070100524318, -1.5396816347375213, -2.340139761263582, 2.2915866855877636, 0.6176460208397342, -0.8001509041924647, 3.4384890311559424, -3.606870428788674, 1.7990818365194963, 0.6250881186143973, -3.273503399385681, -1.6005905938023286, 1.1592164032598355, 0.4899284081771382, 0.08309433807065213, -0.5162726978324091, 2.5425790718306103, 1.014210111885129, -4.719221638760218, 1.764433303415055, -2.215029163393881, 0.8098483889585033, 2.691904298368682, 0.5758469905479162, 1.8773123100884288, 4.901728100145044, -4.975256010672653, 1.9751042435486343, -2.307971983953558, -2.981643064648976, 0.5838464757835211, -1.035319965676354, -0.25903570231805995, -0.7883697099398901, 3.102229372855499, 0.220923348217986, 2.887325456804514, 2.20467895550952, 4.553394782621465, 0.1011420692976105, -6.339069603250202, -1.1657373227102426, 1.9534033889370155, 0.9090140327481359, -0.35520980098363053, -0.7054301439540733, -2.3398270249805315, 6.666792782978006, -0.8196248296890286, -0.317350798025487, -7.085458948829747, -1.6898059706455109, 0.07004739237856866, -1.523901768669604, 3.6708250247693317, 0.901368396814931, -6.252355236423508, -2.3994170844343037, 1.7178283318769363, -1.5668428279827753, -2.608558386324167, 4.376391175387472, 0.2749688275839554, -3.7237807880803495, 0.8469254881895782, -1.8858234991518907, -2.948416181419983, 0.8724588181278574, 1.3353299263950127, -3.8107590080925373], [1.8170802247792854, -1.0190261568047314, -5.443062632310253, 3.0084643011416334, -1.5957202465379712, -3.731655006121926, -0.985073942158978, 1.297443136819293, -3.9791715635021085, 1.6067371840619422, -1.3360013342055626, 0.9535767966637871, -2.8224358328118586, 0.07011835573590104, 2.1695507217328713, 5.783635978639309, 1.4397511104092646, -0.4387292091268743, 1.47225704783143, 1.5991283163293786, -5.401831035438827, -3.382243500906671, 3.5550577083118506, -0.49876901793229694, -2.6819150427415237, -5.078031150683663, 1.4701306087479842, -3.2885204950945655, -0.6894354329191629, 1.5443078725418111, 2.6137092874645296, -1.1640208687701643, -2.2420468986995323, 1.409778074791284, -2.3465335678003703, 0.4462322657392633, 2.7345831661379183, -5.9089089944575734, 2.6066838402806325, 3.5987609196410073, -0.32609864370492225, -1.081048882958413, 0.857234070792187, 1.6258494452589916, -1.131307206230847, 1.0243913469341457, 2.5041854556507808, 1.7295560409955753, -4.029796031983266, 1.157032595884145, -2.6903472151228653, 2.652920222433943, 2.7586442176514914, 0.6133204227520378, 1.476619846627386, 6.524052414968833, -4.413573134418444, 3.0609825165876057, -2.9779555894662093, -4.431255532906276, -0.5726456210677481, -0.528837041595126, 0.13237171666638664, -0.09401372084098808, 1.5307274854460038, -0.1464255303343355, 1.5690602316929052, 0.20005559071386225, 0.8439174931867502, -1.2786078088677795, -5.912253025581438, -0.943253178457449, 2.252755990609909, 0.6039444953912328, -0.08698915506493066, -0.4896001668213204, -3.4567402352297982, 7.9956883378885975, -2.0114787924228894, 0.03374297542824188, -2.1594839617295443, -1.3675217004941267, -0.23951540738645405, -2.586473909495688, 4.497372848080998, -0.4486197847085768, -4.02598359230499, -2.171393982777465, 1.2567345836903003, -1.1325068657676238, -1.0645459946177367, 2.6261822537102524, -0.22530509894927067, -8.958249874947246, -0.6596281113892789, -1.3212508462034953, -2.0261425993913273, 0.969669944666868, 0.8906407939109763, -4.667913416555326], [3.2681080137656893, -1.668569255492901, -4.442721770393267, 1.0086830335796397, -0.5683442167064845, -0.8560553337585355, -1.38648219415449, 5.275927281131809, -0.09639669881553266, -2.5202061036059002, 1.71367387243578, -0.22634181701419806, -2.1831732944749684, 2.333408778092732, -1.7013097712976142, 1.631463064660087, -0.14737640155062084, -3.85061478196288, 1.772134336657477, -4.306645312238247, 0.05158764828254261, 3.6242900324289336, -0.8396528225063679, 2.6935555887718063, 2.9566433298698693, -0.7205945437612091, 0.9778634574905161, -10.213249523160574, 4.5177533451889405, 0.49789393993430503, 1.4495299322288266, 3.764706738988274, -12.466911086863131, 2.299564833774732, -4.090917269360861, -0.553541441181181, -0.7789150915702832, -2.811408786059662, 2.7126628705727165, 9.051363062010415, -2.5505666475381408, -5.53697904674746, -0.08766681318474179, -0.06553091945773491, 2.067242993708494, -0.39632332589095604, 2.4682518839010705, 0.329351665673881, 0.4471733518224045, 0.5491962324383531, -0.8184020544146157, 0.43215909762281374, 9.643028037036691, -0.9497542096322444, 0.9229869802660519, 2.3065277915004017, 0.4626944972196336, -0.29163283621795877, 2.520348042899868, -1.543767041805246, -3.2439885187884503, 0.5842904378641647, -3.1581359181411592, 0.7550983639489038, 2.442401618536944, 7.205276358031777, 4.504273499684659, -1.8258063786574328, 0.13355546746896818, 2.9383433722001087, -0.35474447173519036, 1.5093866612956774, 3.626621702281777, 5.5001153539275105, -4.354132300719573, -1.3294240697151984, 0.4671216364207095, 2.359457014670217, 2.704617518036632, -2.098476121373791, -4.404616556571368, 5.433418441547181, -1.7831340827943176, -1.1109178937456843, -1.0627049045673482, -1.629545789729801, -3.0203812880126097, -1.6356055598312789, -1.239986870721195, -1.168733832525181, -4.310119538867031, 1.4682921204863688, 1.3116192247012737, 6.087567985505773, 1.166436904443754, 1.6756897531281303, -2.562720854409733, -1.9151223028419582, -0.23448527362808422, 0.94054629325643], [0.7682047317574979, -1.0171648573915992, 1.8120450868786573, 2.4795489107459385, -0.5755500325919358, -0.9455825522577755, 1.5730185018414353, -1.2137470845316318, 0.8255777149767166, 0.4211423161832181, -1.7776944757580455, 0.25911750996175414, 0.09672152971281726, -1.997040022460048, 2.4369261434370553, 0.9255883459007906, 0.8438250102541587, 0.43639012928858506, -3.981503702473268, 1.8857726542818358, -2.269428627998959, -1.5162085552885087, 0.23171407127680813, 2.5154654945334802, -2.5668409603566986, -0.3604867195462149, 1.7047001361291796, -1.5255953940430402, 4.870243559766724, 1.765859159531415, 3.6173280062685493, 1.82305572392239, -1.8493048600625304, -1.553257370869862, -1.917928659205351, 1.9078739523071553, -1.112394387087109, -0.390898545996686, 3.0887072650509357, 1.56672757675156, 1.6986667572302212, -0.7787665791242966, -1.5856614672778369, -2.892164643436753, 3.0878711869528352, -1.5368796205332076, -0.0331591893852209, 7.111530426804679, -1.800164512493582, -5.751725706065045, -4.460132814919371, 5.317436504262152, -0.936967970179964, -1.8197087415230389, -1.168894464648931, 0.9040107516324599, -0.07479263213932623, -0.6536599187594775, -2.11938672895967, -2.378053757042052, 1.299823836605701, 0.4721557228799592, -0.3214894341965091, 0.5866956130147546, -0.8674250069946818, -4.562139917765532, 0.5385812169244151, -0.7804114303263248, 2.3535679758692396, -0.24305140585824597, -3.3003106970423173, 0.8167312342894197, -2.973091618167378, -3.5559003032219416, -0.5130297051116117, -1.623443047225677, -2.7681506401976934, 5.025602446293482, 2.1211474645695847, -5.355812070938746, -0.2925240931588407, 0.7960521710499237, 8.01833007514124, 1.941610200191934, 5.466643332272119, 1.6350129337030779, -1.6764230298375122, -0.5767346638625385, 4.3295737874001095, -1.791652021113371, -2.8720762742545203, 0.6964535203126415, -5.072071917799441, 5.5732772926688305, -1.6667326991910387, -4.780379548064387, 0.5877913989453538, 0.026911168568853883, 3.6295593562266975, -3.228287443836979], [3.007172430844326, 0.04208143363572907, -0.034588403046210546, 1.2945174808569009, -2.196069644569493, -2.7726920541166473, 2.471721683121689, 0.22943048746745057, -0.11293343735520218, -2.512411975833281, -1.9108481479206614, -1.4316993374396418, -2.4533780737161535, 2.3899178845878906, 1.0611907491508639, 4.956600524867647, 2.0440276952649707, -0.9027164899572817, -0.7064539404927791, -0.7345891735719112, -3.3230842754188394, -1.9646926961510938, -0.1126922101856421, 5.192144179141082, -3.1542028287128114, -0.30734784284167976, 0.7134536074048338, -1.2243484149768455, 5.598413398603683, 0.6542072475122146, 1.7572542451415092, 1.632055141896266, 1.4446787267013281, 1.8934761685106203, -0.3425012510942953, 0.9735568640441347, -1.3659389556735364, 1.7913173228357873, 1.4232579481799217, 0.3607982257799456, 1.4021933852353101, -1.5747409766795328, -0.6772940924682019, -0.08506837688414094, -4.4141779891667285, -2.849884236070493, -0.24665859274526977, 2.776991397878401, -4.096319299485836, -0.6609152993010408, -1.4297649159670078, -0.3130852893706561, 0.7903741008743815, -0.05703340232043141, 0.8833461421507327, 5.534536323607506, -4.853969174044156, 2.198320292345858, 0.28482744305758656, -0.13454229489739183, 0.15320435673462668, -0.4757148010899972, -0.13390573280493837, 3.108307308331164, -3.824777688621044, -4.824562104283781, 6.737098063302633, 4.119391823986181, 2.492650904343789, -1.3874858624959598, -8.183335660009593, 2.387632397241097, 2.561382277673884, 2.1273454264689624, -2.560947940245689, 2.127460545224904, 1.0128503604373915, 4.120421494070747, 2.0981040193725855, 2.1140643816271245, 1.238873325346683, 1.1799915340804084, 6.8364570701652525, 2.2965435739967632, 5.439465496498832, 3.023970840146483, -1.3357585513873345, -4.752059149633963, 5.040927300968037, 0.6212999175397842, -3.952574995669368, 2.6431891855484984, -3.1139826258927523, 1.3818058688145671, 1.575070717680635, -5.182487181538446, 0.6497499532073967, 0.7234629130533784, -3.116465872517512, -2.215352274826694]], "Lambda": [[0.5651054544278915, 0.3435373140226975, 0.6011152005976717, 0.5774604572553034, 0.44052791933618624, 0.5203935799131275, 0.8770775106623562, 0.2794113671581177, 0.607195322004281, 0.3758137361888341, 0.5807084116116374, 0.5000906097623163, 0.3890298439435877, 0.5060708912864432, 0.728339299367351, 0.2835708099690143, 0.35114239891934285, 0.5975180429860764, 0.39920061485803693, 0.38030150662888307, 0.4449836016084214, 0.5887378546309588, 0.546876780088876, 0.6829235376845424, 0.28508073059484873, 0.44358533340579615, 0.48388517483134297, 0.2576668656636977, 0.5247614456649186, 0.7121597572703187, 0.9142650518581468, 0.5505227854441574, 0.3944936559188323, 0.3475056354138438, 0.8690278925083341, 0.7046284134849476, 0.6781310811449308, 0.38810651733563856, 0.28405062257523433, 0.823559936472851, 0.4634669893334304, 0.5341931184184748, 0.3892718275146898, 0.3602401289709392, 0.45916120202829386, 0.3636277808857071, 0.9154824823552025, 0.6831039547189856, 0.33971811408950026, 0.8180819677260007, 0.7659131494129094, 0.587156034783875, 0.42383080882584534, 0.3893621037574322, 0.2776434867159684, 0.33239021173388417, 0.31759545179126575, 0.7911716403964142, 0.31736573523956124, 0.5908331614279776, 0.3600575917290689, 0.5003924468831707, 0.40015186841509176, 0.7343335790474834, 0.4066159704951716, 0.6879246816585514, 0.36025772041935017, 0.3013807842056889, 0.510605838237356, 0.3644514431672085, 0.40057456919736434, 0.7088447350311327, 0.2921198306444122, 0.4932742667701695, 0.4962882937622712, 0.48347650801297926, 0.5146926615362739, 0.42843558298132595, 0.5565789919413205, 0.4831668155354163, 0.4008867365104801, 0.42418476704194225, 0.2866316036237864, 0.5705971332653872, 0.4753737831059399, 0.6143200697457079, 0.19281353244461602, 0.36665090400588884, 0.3325510390653917, 0.7008954384852829, 0.3597392021962425, 0.26180353346422197, 0.5407743810905883, 0.3391056284573955, 0.4146309972326105, 0.5781349229372836, 0.6723775577469254, 0.3432118772724175, 0.6267508904861306, 0.4024902525520535], [0.7521921791660757, 0.36989311962114624, 0.6102703678126586, 0.47044007187240083, 0.43705407493779647, 0.5973048841252716, 0.8189908623088512, 0.3951727114005296, 0.5324221968433422, 0.4347920054984115, 0.704183489267979, 0.4492743847806024, 0.5238484926650544, 0.3798544275827893, 0.641335057515245, 0.5318576693884453, 0.402571383999424, 0.5122177910114424, 0.4697427576377043, 0.3931027023994884, 0.4463204061382881, 0.4245179383118516, 0.7477997099169063, 0.47316220024433875, 0.6371982876938918, 0.49495984757781253, 0.552293700326547, 0.3624537571851549, 0.5756045653942575, 0.4815783876885975, 0.7731988952795807, 0.5327569676514937, 0.30004898532002333, 0.4244730746315389, 0.6021929003315593, 0.5653132891677972, 1.0891306870938835, 0.39595369202140296, 0.3882275892812943, 0.4939202895843468, 0.41655519696710974, 0.5262517202746765, 0.270115190626269, 0.6808368159695094, 0.5031975273009702, 0.6414588232575461, 0.5988992961100645, 0.36153484280914505, 0.2910803332123181, 0.5995510652383801, 0.5489343858546163, 0.37141901859679266, 0.44700154821407645, 0.3290943737737288, 0.46289960107174827, 0.43747023699819554, 0.5212876633096425, 0.6550491074350898, 0.37833984282060423, 0.7287239788982534, 0.37533125415492696, 0.4802589168055915, 0.42833716615106326, 0.6158138570152322, 0.4018681819904178, 0.6248380886810057, 0.39855405929382115, 0.3137465900795054, 0.5668393911344016, 0.7189729677575136, 0.48666690188828865, 0.5242540107685829, 0.4190729125514702, 0.32850850042647706, 0.37088004799081364, 0.406375772698037, 0.5447798387498839, 0.4775831773252526, 0.9013906493599134, 0.3695398783930986, 0.37582595164155763, 0.36747203529250916, 0.6429690737819431, 0.3889673076217744, 0.27753194323982744, 0.5865837474049449, 0.29556323665089534, 0.46233833678496633, 0.43277975575472616, 0.5167632215217276, 0.29440726949204543, 0.45056521374256725, 0.5580487987397426, 1.116078644130957, 0.4014483599951457, 0.5952627643270085, 0.7675283074453588, 0.3539023039976752, 0.36842365193149434, 0.4662120320493516], [0.4767542506415409, 0.9441994384945528, 0.6718977646713532, 0.6013945015057651, 0.3234619201618118, 0.7036444551519924, 0.4253216224098238, 0.3670154847218494, 0.23343547638546694, 0.33123471648059555, 0.44205197955629416, 0.4925246220889963, 0.49158282835551315, 0.420235565339747, 0.4841165864536964, 0.48426322043239156, 0.3345116319172043, 0.5239204339009619, 0.227502130952606, 0.3152949042781221, 0.3175998390174228, 0.378542803738418, 0.5259061707773266, 0.3903906415051232, 0.8080735488983467, 0.768963596687314, 0.6490957714464689, 0.17729269370123485, 0.42135863937923174, 0.37697233928832685, 0.8299309046440515, 0.6620505616513833, 0.2818808778023158, 0.5309463986413866, 0.4402957460585507, 0.6330212573863546, 0.3980146585136424, 0.2604625973906353, 0.5083052079271783, 0.26782977649937345, 0.7140608587395314, 0.5959177701043074, 0.42180295039481275, 0.7005359107379168, 0.4561999184249891, 0.6346355608839885, 0.564170349105831, 0.3514593620336099, 0.30805196873423224, 0.44337863112617104, 0.44367129292541596, 0.47154346101283934, 0.5448354138015591, 0.6033439974321227, 0.5701706816373119, 0.36808183741425576, 0.4984160489361811, 0.5554046440934788, 0.7028215737776838, 0.4865631238262259, 0.5699433994912653, 0.4887666795444205, 0.5258649412188126, 0.4468037831638244, 0.4490407261503494, 0.5228551580197953, 0.2632719107489369, 0.8298859124564542, 0.6406183524861048, 0.6790568979915905, 0.6372278502313249, 0.4481431294714453, 0.44227271630517384, 0.5209571887669987, 0.2773749400207658, 0.2959794546251226, 0.6750284308490662, 0.323399112467349, 0.5176619841406446, 0.2782817519894175, 0.2034025489539908, 0.821264202232996, 0.6690045671331013, 0.35429992640801045, 0.5938238259119502, 0.5661125635902596, 0.423659629853345, 0.38350512592434793, 0.17236592710010784, 0.5455326967346664, 0.3985023078847363, 0.2237519962554769, 0.3652496143859105, 0.19223601603196508, 0.712658289218387, 0.5689523612198502, 0.5106330757546628, 0.544514764988789, 0.49098539222854815, 0.46933649261826715], [0.6185261946134818, 0.5506875957734322, 0.5912365410659828, 0.750929889423601, 0.2476168255975698, 0.4410808286573725, 0.6604900592383904, 0.3114059443970648, 0.4115966360954285, 0.5550455325450303, 0.34900395428233766, 0.34107377038697556, 0.5404116400043727, 0.3066058476698332, 0.46729782583365764, 0.4837099355313934, 0.570819304688006, 0.856127500049785, 0.2617262163356954, 0.501303900843699, 0.300301004916115, 0.5201782976730774, 0.48965094030774275, 0.44692833575222723, 0.3178590736219807, 0.658203418993725, 0.6981730352634476, 0.3855957002737186, 0.7234490068810167, 0.5341138386044227, 0.4592425525747572, 0.7181007805531726, 0.4898185902303933, 0.44258312935492283, 0.5485435091626005, 0.5721799286749546, 0.699414766455735, 0.24563815140011142, 0.5043080138986509, 0.4276251971252321, 0.5388395818712061, 0.6296884017437586, 0.4404948636911796, 0.8047144091924945, 0.5685613195906489, 0.4578417509543937, 0.772068277216683, 0.7659131935624566, 0.18271272686845175, 0.6509824048750438, 0.8852723398232077, 0.6257965813151025, 0.5419552482410144, 0.6779688376157055, 0.46741219960323366, 0.4955587232376423, 0.3716928289367231, 0.5622437828687463, 0.6431246315949036, 0.7244067291269919, 0.2768436992198188, 0.6061913306719982, 0.5016230088071919, 0.784769594131356, 0.3333262718557477, 0.45257315749864135, 0.17162683595581493, 0.527491504824242, 0.38355583955177447, 0.5730093536630266, 0.4691359114186038, 0.6029508602193403, 0.3121975395716993, 0.44260406106004513, 0.23692038364347287, 0.39087287702391804, 0.6204156809846725, 0.3036044784696808, 0.6750519904892378, 0.33410066245626335, 0.22648026247420122, 0.838901034342074, 0.6506198969303678, 0.9553732881160178, 0.42688622230605566, 0.30020722644078446, 0.2374855709469568, 0.3408309350055888, 0.2928942375848588, 0.7296844911833998, 0.4706135070049464, 0.30940990859836404, 0.6145572804101038, 0.9093358928504567, 0.5532973182513569, 0.7090694316630863, 0.5972298943061788, 0.519422257094477, 0.4572016387246543, 0.48975219484261384], [0.5681970777454296, 0.23160209654603295, 0.2587632074487036, 1.271518642394026, 0.5261883697910026, 0.41838911555127445, 0.7439210018042405, 0.3191935137163426, 0.5101189518754982, 0.3925992452120491, 0.45139692201825643, 0.5201594792751827, 0.21391151853726098, 0.16697566530769734, 0.4163988004359015, 0.27053023538105686, 0.43004644825801885, 0.8051747364503956, 0.38802499097420745, 0.49861938930661304, 0.4544096296248462, 0.3955175040998948, 0.4929865447665404, 0.5171826964235429, 0.4011511964409812, 0.2549458257203597, 0.5344499441473072, 0.18431680372449283, 1.2178921840843187, 0.5214690713859017, 0.361683529322939, 0.7750537417195644, 0.6873530161379172, 0.50696882560672, 0.900953057917399, 0.6445730849447412, 0.7314109059773231, 0.19522978886564624, 0.46728295918213847, 0.5017698050791841, 0.48460464499177314, 0.9494316882382352, 0.6793662004265884, 0.6849086136555139, 0.36429169809017425, 0.24920893364428248, 0.7974068258002082, 0.7080061274478164, 0.2778864797649508, 0.2906969725676249, 0.90591306513464, 0.46652638624362414, 0.5937059869880954, 0.6118542202790949, 0.44130384820257196, 0.360341752474022, 0.34357955879226015, 0.48342173617746453, 0.5883109272323354, 0.7055595973592307, 0.3274273129106659, 0.48003526883974273, 0.6442870066745772, 0.847486160957504, 0.3668245651964467, 0.5020725925319159, 0.15130980627369672, 0.34758880434191697, 0.5012630641690664, 0.6375346202001987, 0.4357905096585567, 0.5228338398267369, 0.2986113467588497, 0.37202645559990893, 0.2884142719652777, 0.46168670768514997, 0.6635869060687486, 0.20753447428909624, 0.630557555691322, 0.3106856607090775, 0.31751902947669086, 0.8246392149331306, 0.5391514891133815, 0.5860020831241853, 0.36949706350381795, 0.2664666801410031, 0.2457812589959955, 0.4046638234688035, 0.35775585453374315, 0.8938293475193058, 0.39277130141489885, 0.3978479957073762, 0.6599630063055678, 0.7535077865121932, 0.551359780491406, 0.9127724001380398, 0.6177544872805634, 0.37551517449947264, 0.4339426505223523, 0.23081758918583745], [0.5647268395118923, 0.6223803713040351, 0.5544561155424127, 0.5890948076626245, 0.40905157511561285, 0.8762748555966229, 0.6678816144038914, 0.3138124721406985, 0.46524847428353366, 0.21530603126858855, 0.866958443170284, 0.5564641745256866, 0.10800115313693721, 0.4446185864282173, 0.5397757610410108, 0.9044310199082093, 0.10639888822635761, 0.28425035978735363, 0.44045756782416756, 0.46155003004809214, 0.3511482010047474, 0.500477031714449, 0.440508916017346, 0.3682858004559959, 0.6718847271714304, 0.718335040065595, 0.686571403847544, 0.20804029926769388, 0.16878952041006126, 0.34699725563186323, 0.8880225269564961, 0.2405745242406285, 0.11969606436185545, 0.882617120412973, 0.2895155379551687, 1.3531753863852516, 0.490187223970105, 0.9953757857342853, 0.3160903187031399, 0.1295089337421893, 0.8299041921438997, 0.25957892919901066, 0.14161993570567016, 0.2185448306711502, 0.741624597389652, 0.417832312619936, 0.4642940105252084, 0.43280408027115735, 0.9157810238948179, 0.9316854418782551, 0.2618522703088447, 0.09126931381789663, 0.16924460137637853, 0.577773074059033, 0.18309463923866395, 0.42331771037005705, 0.5708791985553744, 0.39043389521675126, 0.212636909017295, 0.4986326894976742, 0.5904827522059054, 0.4023759433873998, 0.6967696743789857, 0.6600374375082433, 0.5903259801818486, 0.43659024404557123, 0.09245051747175344, 0.3664098659594645, 0.36023873246696003, 0.48851058990802604, 0.38776974024769456, 0.4437981849046749, 0.6943473888644462, 0.21543316834721593, 0.35515074548826, 0.22664717498636588, 0.7564678360047943, 0.31690850215571426, 0.5637508726061581, 0.3324545266123897, 0.29690790112820376, 0.24147680134287466, 0.5773767301409678, 0.1485843000093152, 0.9620849534667129, 0.6298818214253641, 0.25821580746267925, 0.1515070106882422, 0.2893967913609943, 0.40504448099912166, 0.22842393385796847, 0.3220773661401626, 0.3538328858429779, 0.17399777612109765, 0.4103105706913619, 0.49841025630047, 0.5551785038563174, 0.3683169572561982, 0.7979060377025952, 0.3573196831991766], [0.5014917793475145, 0.39032771307555947, 0.3131724437311585, 0.9470570636957882, 0.42753838500768776, 0.3669238671655376, 0.956649569076296, 0.34219069660362267, 0.2877793869068713, 0.5845125086092953, 0.4572849921864922, 0.3473551421526283, 0.27351157958695016, 0.5546905598071239, 0.6116267441327562, 0.5599656245005015, 0.5368767856913434, 0.5336587705420552, 0.2891230562941376, 0.46705441586103846, 0.5744096124033271, 0.2273293251806276, 0.395990457025792, 0.2366579398650907, 0.5103365072398304, 0.44540514869283254, 0.5876963612696603, 0.4254529323550223, 0.8207020344918963, 0.33110019305155225, 0.4899739481675586, 0.458155495873526, 0.34296169893133394, 0.4635773829179833, 0.38828135641167144, 0.4417670040742006, 0.8850890129073457, 0.1834979737808125, 0.6131611328112785, 0.31922160906143604, 0.3122804732483398, 0.7332486332643735, 0.3157123730616954, 0.6515486225781078, 0.29442902452699343, 0.42034389856334947, 0.36608083514256085, 0.14421887507753628, 0.12437308276077796, 0.20767324516576943, 0.45511347719089773, 0.7569131106697765, 0.588325259834149, 0.3252153110905147, 0.6117246817445181, 0.6561018619535427, 0.2946011548082178, 0.6129273294673087, 0.42156230040964376, 0.7391793491817489, 0.18637165033197034, 1.0075167438988681, 0.6860219814542297, 0.6317522411476025, 0.1944548142880909, 0.2891367278965205, 0.14426773386427894, 0.5868248906007637, 0.5177022224555686, 1.0252919271991146, 0.4165379281095294, 0.32990792650868334, 0.355687772225464, 0.30740165173030176, 0.13274500429020464, 0.28539918864256575, 0.287854656225358, 0.4548022490576622, 0.9200789165219067, 0.11013732527303997, 0.09817482115556785, 0.47302108163894785, 0.5615173446613066, 0.3776233725519441, 0.14541802353283542, 0.22716000417048668, 0.3407058452078935, 0.38704821070592876, 0.35589576799215733, 0.5536179380433539, 0.2980063292183098, 0.41305486443808614, 0.5564068386353347, 0.6608753841013183, 0.2745985519282264, 0.3582368625063371, 0.7398382082655875, 0.819374935089135, 0.17965485815130106, 0.3390847252308903], [0.20212100680597384, 0.36864070821729306, 0.24796084534299825, 0.7980796593248057, 0.5637700388343038, 0.22776303091197342, 0.9538647299283697, 0.323066787113249, 0.3730171488146365, 0.5114161548913689, 0.16816074268331965, 0.6352692141698708, 0.13983018526895521, 0.5644654090145246, 0.6447078397509887, 0.3332071730820237, 0.30803486201632535, 0.6800012548016754, 0.17816467726357968, 0.38167363593494597, 0.4074645587111004, 0.5800233640152521, 0.28305322348849693, 0.5426890502879945, 0.3989142521678681, 0.32737858062803904, 0.37949704252363786, 0.35559721472391, 0.43967425128522103, 0.5827504042366362, 0.6523348246846535, 0.4089352903361196, 0.6884339574680921, 0.25991429331126925, 1.0344989802923628, 0.5870307908975896, 0.5889508693538035, 0.1964035677455137, 0.451471769428882, 0.6627643460185259, 0.3988809505640316, 0.7197853619995729, 0.5498862267629893, 0.2943387699106918, 0.33310045888768786, 0.26593226401827247, 0.8438035350765725, 0.6315400801853994, 0.1963229933901578, 0.2417165463508228, 0.6155209545729055, 1.028958303758694, 0.4940870358212362, 0.5914205039046657, 0.3800071215395222, 0.4455797220625419, 0.07414049799290458, 0.4780361545655134, 0.5484306054321104, 0.6276345058134923, 0.2785745954347517, 0.9284299892373268, 0.7225843221902811, 1.1390961627157234, 0.29832516984119267, 0.40602789819274443, 0.09800388135677504, 0.5607843430990721, 0.24079540628097768, 0.40620945864041724, 0.18889718212338996, 0.47817164692856046, 0.29461226054834627, 0.275568111655957, 0.30140643980419507, 0.5121378090719493, 0.6720342168789686, 0.5376428646131806, 0.3552565547042961, 0.23584283015650992, 0.2690281704084572, 0.6904776040553567, 0.22592158565697518, 0.6637429916168716, 0.43708480433517477, 0.14933737474703668, 0.32545755059456016, 0.2874789381204418, 0.2004125338282737, 1.017626213602401, 0.4058034534941877, 0.1677147782814744, 0.5260236308565913, 0.07199769481033504, 0.501907576874365, 0.7781547645871364, 0.48619427419721517, 0.7290322673229056, 0.33671682899082356, 0.3526658066140029]], "G": [[0.054169270857506675, 0.8020716834733623, 0.06566765436729179, 0.07809139130183929], [0.12529491993794728, 0.13933420484000344, 0.335497465439418, 0.3998734097826314], [0.2301185842058209, 0.17710050232576535, 0.17891643111761543, 0.413864482350799], [0.13744170256109095, 0.0329468231782565, 0.3467887753273277, 0.48282269893332513], [0.0929575130015354, 0.050821610383909616, 0.4468986667038532, 0.40932220991070173], [0.2207793233032954, 0.2492638208992542, 0.29471178984906055, 0.23524506594838965], [0.17053819383875368, 0.2276155695798556, 0.2488938624602585, 0.3529523741211315], [0.33942459160821314, 0.05070648727949188, 0.33674994171918055, 0.27311897939311447], [0.022460584673283344, 0.27575685939132616, 0.18499410332014904, 0.5167884526152418], [0.051413714082222534, 0.3213817724730018, 0.29957754557308003, 0.32762696787169493], [0.08875716446177356, 0.279410898229394, 0.34669049246893835, 0.28514144483989395], [0.025396493626366153, 0.3637452134873917, 0.29390722183819784, 0.3169510710480438], [0.13722912715217084, 0.3769966825495937, 0.2815571961230621, 0.20421699417517328], [0.1816324815847844, 0.07348393439206928, 0.30228192923811875, 0.442601654785028], [0.09318955048754309, 0.19689759380983174, 0.3287717552878326, 0.38114110041479254], [0.14193129160353254, 0.5152213488230968, 0.20794563550054201, 0.13490172407282894], [0.3867621263769129, 0.040234222353085984, 0.13439377985024817, 0.4386098714197532], [0.07290182812015196, 0.2037026134569741, 0.25083783827446127, 0.47255772014841263], [0.18741628626122808, 0.2162229561072195, 0.312765519364321, 0.283595238267231], [0.04442234263030679, 0.11851579109542362, 0.42824488494051394, 0.40881698133375644], [0.13280371919665912, 0.2042200808689888, 0.32247640283103635, 0.34049979710331607], [0.05346920690901593, 0.3230004126130229, 0.473508690096525, 0.15002169038143615], [0.2707399357888039, 0.14427597064134925, 0.18527492520534883, 0.3997091683644977], [0.2662284731142823, 0.01599897617992889, 0.36958049430613765, 0.34819205639965023], [0.10225232215395108, 0.19129984134159544, 0.38315330899896316, 0.3232945275054909], [0.02611205959265719, 0.04835396857614842, 0.45197580457410363, 0.4735581672570904], [0.1744503827737716, 0.08606858943013442, 0.3320543703568003, 0.4074266574392938], [0.34401347307802493, 0.05324191914617533, 0.24960533386737713, 0.3531392739084225], [0.22314120178781474, 0.05531814288994746, 0.43987106639223605, 0.28166958893000105], [0.06597001929128857, 0.20031623068680937, 0.4458416199841018, 0.28787213003780016], [0.23750018645093002, 0.21305533558538328, 0.2456270300816044, 0.30381744788208254], [0.06412076431434675, 0.07730622913201403, 0.3890715694632403, 0.46950143709040004], [0.3289889428763509, 0.025487681155376498, 0.3753564556734174, 0.27016692029485506], [0.24268682085087043, 0.1742302551881755, 0.3986124516815817, 0.18447047227937186], [0.3140510163895478, 0.033690162524705095, 0.35254032753192904, 0.29971849355381763], [0.12190516969726223, 0.350022177340309, 0.29223789310930337, 0.2358347598531242], [0.08928870125443027, 0.08685258229394875, 0.403571860561077, 0.4202868558905443], [0.30394464206634636, 0.06349008421302596, 0.16496521649266865, 0.4676000572279588], [0.200714052459898, 0.013925515997965592, 0.27640016838494336, 0.5089602631571923], [0.18266157410736666, 0.28917434169499506, 0.0992158363675602, 0.4289482478300785], [0.26997111556138825, 0.11231412890483458, 0.42110888276308406, 0.1966058727706932], [0.19010041006690198, 0.059217128721231124, 0.29491679536041326, 0.4557656658514536], [0.26658213495437494, 0.07549181433578896, 0.455965429780324, 0.20196062092951275], [0.12990982639265714, 0.2512088245996057, 0.4104931638644931, 0.20838818514324328], [0.20092228080895255, 0.37312900405300053, 0.11484550593572332, 0.31110320920232376], [0.15177516847085828, 0.00876756021348835, 0.4888700985948913, 0.35058717272076195], [0.1837875166969572, 0.18220250546895192, 0.3908091710663385, 0.24320080676775235], [0.21436752457906544, 0.15049179408915883, 0.3259269246050788, 0.3092137567266962], [0.05582550972623282, 0.012183470001721514, 0.4751742095494726, 0.45681681072257346], [0.26552736043895253, 0.013883906489911458, 0.3116843424520453, 0.40890439061909006], [0.2525953037976983, 0.4072648194149236, 0.24684694854706937, 0.0932929282403087], [0.12835787996110246, 0.12939663161977122, 0.40231331748283233, 0.33993217093629385], [0.21378619312189412, 0.32422260994772023, 0.15566742308123474, 0.3063237738491506], [0.0998283431636334, 0.2530160612805583, 0.4603535590653067, 0.18680203649050178], [0.20562396574327552, 0.4079260203844434, 0.18695912678467846, 0.19949088708760215], [0.27777870318314685, 0.0672738644142594, 0.2827997338415628, 0.37214769856103025], [0.04287560758843859, 0.057939847040592914, 0.41856398104201464, 0.4806205643289541], [0.33369045912936435, 0.036245337494506834, 0.37855444109806996, 0.2515097622780579], [0.05963512329991023, 0.04166145043198181, 0.46510151515123926, 0.4336019111168689], [0.0629353457570903, 0.09927556122276404, 0.41336830102648936, 0.4244207919936557], [0.1915038728667648, 0.0673351249350213, 0.39587491142865056, 0.3452860907695631], [0.013158529029138074, 0.012794520295377797, 0.482306336195191, 0.4917406144802938], [0.07610260927663333, 0.2302183549334028, 0.22293516706977257, 0.4707438687201916], [0.13906261364181943, 0.034099066086789774, 0.45095706104038175, 0.375881259231008], [0.14176090738428687, 0.06379032814916422, 0.35508096052567617, 0.43936780394087277], [0.2681350234008221, 0.01315265466147829, 0.44459714586998983, 0.27411517606770985], [0.04251252342026472, 0.11404099245937076, 0.4239666812165821, 0.4194798029037816], [0.09590009869850019, 0.4192487618483517, 0.20898207470590005, 0.27586906474724837], [0.17897263313926964, 0.2894457081283723, 0.31405445387397785, 0.21752720485837992], [0.2627764712159211, 0.04874906865037706, 0.29918858168681606, 0.38928587844688506], [0.3570391783655043, 0.039157313253244445, 0.10833656678892317, 0.4954669415923286], [0.11048073457005926, 0.12366430642849985, 0.4360295267028239, 0.3298254322986161], [0.3194717562264966, 0.027783334307523687, 0.4946434722496007, 0.15810143721637884], [0.24236859048555984, 0.025288537615543328, 0.4612429404221732, 0.2710999314767232], [0.15731774966978454, 0.1548966857260518, 0.34687546522652407, 0.3409100993776401], [0.25030565691795237, 0.10551029117710733, 0.3653097371419854, 0.2788743147629541], [0.10284499351561936, 0.10229011109873373, 0.39370673721171484, 0.4011581581739313], [0.21613452934573366, 0.11518251240509918, 0.2635723697005998, 0.4051105885485668], [0.28204085934791756, 0.20717784327091124, 0.21618558016508235, 0.294595717216089], [0.1084135450205156, 0.02614623359369687, 0.4976190258883495, 0.3678211954974394], [0.10840292587336448, 0.14500701787551734, 0.4502095177148291, 0.2963805385362897], [0.16271091467483115, 0.2973433442171614, 0.3552156313011281, 0.1847301098068794], [0.16751039402264573, 0.08247908065177767, 0.29377324189961407, 0.4562372834259627], [0.34052927588682175, 0.12045747790691796, 0.14229080218480225, 0.3967224440214576], [0.3290321113945197, 0.13875353288673423, 0.26930515843289765, 0.2629091972858484], [0.14021053592528807, 0.04924303022840909, 0.36755255970445694, 0.44299387414184654], [0.3014662755252482, 0.06639772635699114, 0.2085894801975591, 0.42354651792020204], [0.02873207382112765, 0.223735438838707, 0.37826334332354394, 0.3692691440166218], [0.11107107192794945, 0.035