{"estimation": {"a": 10.599890490312271, "rho": [0.07501381318223382, 0.07871416084452888, 0.4153503805691394, 0.43092164540409816], "Mu": [[-0.9477075723866663, -1.3785843289795157, 3.1980580099618834, 1.4108120074592403, 0.3903619077936659, -1.310188660535891, -1.4329496342884886, 1.5008450698270785, -0.7951064360327197, -0.9254806810800396, 0.7704471060579935, -0.19756462829563756, 0.3605445714309791, 1.9906768737321219, -1.5519080563706005, -1.4995337148482673, 0.43604598361380675, 2.3149159471776626, 0.9789203614695757, -1.892404138893889], [-0.5912233047162826, -1.4838874264148418, 2.9755582149517474, 1.0673350785540232, 0.7070782477472739, -1.349631346205034, -1.8598683691915743, 1.6938373561767706, -0.6369007719546469, -0.7663311444574802, 0.6183831392463482, 0.005717220256626755, 0.11997261579731551, 1.8418376922709483, -1.6613507143174668, -1.450644574410779, 0.39877586668058224, 2.467476027331024, 1.0761528314279643, -2.3795428535471848], [-1.6293526353192629, -0.44366705413896823, -0.29107874587788246, -0.18825170189390383, 0.9072872568051087, -0.5565241429724453, 0.7136100594610756, -0.9954650008258775, 0.8295174179322237, 1.2188932245461028, -1.1188941281138411, -0.39205691100395096, 0.8066652051776699, 1.208497349985444, 0.43432015656125705, 0.4684765421459788, -0.4677026135816993, -0.7912111058933777, 0.6468132840831291, -0.9294961895557587], [-1.5421168119857074, -0.48424714541764297, 0.5629419394428014, 0.14276207673241353, 0.9078073649785535, -0.6378180690894727, 0.3919991147380851, -1.023067962447868, 1.0233885077166085, 1.4215754531180194, -0.8718372685644569, -0.2268854684727602, 0.9805380795246663, 1.1516093692227982, 0.2914015643135179, 0.7667222115115391, -0.6119503169009015, -0.9604942704234883, 0.8363860544042095, -0.9356970348493869], [0.38030384735243133, -0.4153467989344107, -0.12622549881566883, 0.8026566127400735, -1.5299990002253194, 2.5861029093769123, 1.9939346964384856, -4.257466910601539, -3.450302067280157, 0.7963257469824202, -0.8531515926951262, -3.107540609497166, -0.26974989335305216, -0.5718903630578994, 0.028636170940777014, 1.452566944055975, -0.5594872080151375, -0.038417040804460935, -1.6469228278615669, 4.628259848343831], [1.4506492709503225, -0.7055269880250479, -0.8251685264008412, 1.1910971031700688, -1.2099391352568543, 3.3203429917594893, 3.141319557194061, -3.8247903163135377, -3.7066475179593126, 0.29631470294598455, -1.1316185310999487, -2.556363026504561, -0.05625553158720842, -0.3831267252011903, -0.1021521806388281, 0.4385691344710791, 0.4415542329909508, -0.2089450857626139, -2.0917001255241616, 3.50330646554645], [0.6060636649752275, 1.6145734235879883, 1.0502114773721467, -1.2850817328599367, 0.9885612390610417, 0.89741985358488, -2.814043437326536, 2.312334715866154, 0.24213999119789978, -0.2528530859595887, -0.6246289153352714, -1.5670514202343322, 1.2103106563208095, -0.2992311405850313, -0.5580477779434002, 3.7233851238443916, -2.491014758153704, -0.012889985432015947, 0.4942798968989161, 0.9271187740385021], [0.4423068110103917, 1.637550141750457, 1.3233369290571095, -1.1117134217452884, 0.9830268339853313, 0.982735113291084, -3.4554492948836733, 2.237587691307651, 0.10580202484839947, -0.37458444028988264, -0.7485844922491194, -1.951553397729577, 2.1343132181774394, -0.009273944396645133, -1.0596417733609764, 3.6788342149348496, -2.542822507277845, -0.5629814269506226, 1.2641639202803499, 2.019340093888534], [-0.4578041460643423, -1.308765522818039, 3.4354280887593838, -0.29747114422490295, -0.28828975585742606, -1.0948493589345354, 3.388437199673371, -0.055375080525567895, -2.1404990223879214, -0.2273432061415839, 3.984090253887442, 0.22607943037061537, 0.668819596167484, -0.34784814523187163, -1.0859560277157916, -0.009623937091924523, 2.076066919327195, 0.2619644062068012, 0.04294384883416089, 1.1444982803742278], [0.027814945650583702, -1.6470223854034916, 3.2500573663922157, -0.5908757318282329, 0.04521104161277057, -1.265558996791446, 3.385926573581507, 0.537838877960517, -2.032946374219579, -0.19264953868815157, 3.8787665436310355, 0.17026040398491088, 0.967819515470798, -0.1360636173340699, -0.9499879149139258, -0.16101641343056278, 2.2144209238138397, 0.2768702015155739, 0.28505391250744605, 1.2403063748602692], [2.1232959156879647, 0.8724399746776532, -0.10242307542372872, 2.6437207754699905, 3.9166837853619407, 0.6527910903712989, 0.47029686511118535, -1.6086155106735982, 0.5037629025704382, 1.504778586883407, 0.5295579030379204, 2.0549066233815587, 0.56961936977474, 0.16502523182167736, 1.224952384939241, -0.0906089208231374, 0.10383024966446851, 1.2424595063323696, -1.033970824654725, 1.27244452265156], [2.3822841546272717, 0.46975101561486127, 0.1989942853571031, 1.7215333936705919, 4.406771553396775, 1.0991306375082166, -0.6089693406913342, -2.2544888348294956, 0.9585629873658857, 3.40115066230475, 1.2151961654005303, 2.859642445831216, 0.15601093549873238, 0.021176559714067986, 1.1158514736031484, -0.5519985428129832, -0.1426715775902033, 1.61712742199352, -1.1433493285939818, 0.9964252146536726], [-3.5248693893442202, 1.1191800648111796, 2.265475557760991, -1.3882531691204323, 0.26148093714515225, 1.0011611958265703, -0.5572368573425522, -1.3745342747433145, -0.35657213183952097, -0.5422126931352548, -3.146393092076443, 3.0106934083375556, -2.276514788739268, -0.10099515941924277, -0.2967069573048827, -1.8107678538415262, -3.0989404857967617, 2.3619655921161335, -1.5207265031234587, -0.42249263164095396], [-4.010959548747918, 1.0907802681779675, 2.674562015481034, -1.5903488282221752, 0.6678626093404871, 2.129800133469723, -1.1295023077159045, -2.509072939390504, -1.0741592794791066, -1.4610838454223198, -4.578656294763267, 2.720159349805403, -1.7879671506598425, 0.3086906928301848, -0.07310040184209866, -2.1276114030456794, -2.719965644638585, 3.021415787810514, -2.2407915014286086, -0.0734715022525187], [-3.2813987370631756, -0.6754319511851844, -0.5173503396390434, -0.4670629440956617, -0.636364750714651, 1.3278431898485352, -0.9830368112436316, 0.4219296603355018, 1.478204020691258, 3.9888029184798888, -1.42722894760224, 1.9572323081617826, -2.3981734506805577, 1.1922319697976649, 2.116127810840205, 3.9193855710463583, -3.567070068519249, 0.8679255982345656, -1.5623838228719766, -2.6112092385989802], [-4.11724416407441, -0.16883831406484856, -0.9220121388664353, -0.35291230230104065, -0.291146874107808, 1.4327219705459475, -1.15123843136829, 0.6111137838820924, 1.6028015996090557, 4.280539014623703, -1.4500500289020537, 2.070562169185124, -2.8064167053393687, 1.9174680006696927, 2.0550895556818096, 4.048764731467548, -2.280099006554647, 1.3532182167033604, -1.4514255210381557, -2.4205952330598426], [-0.29302806990304175, -0.32553119647851425, -2.3383614075253147, 3.1913003251292604, -2.3555015838841644, 0.21854069479419444, -2.083817128223148, -1.8261373278767445, -0.4856479161602127, -2.1436498194407525, 2.587572287161022, -0.9525079748482415, -1.2208242897187263, -0.9669650786854777, -0.5875029236463529, 0.4474209535768095, -0.2268048508009209, -1.209900466843045, -0.7764111674495906, 0.3625226637618811], [-0.792386903778749, 0.062488890777328075, -2.2884310582542415, 3.4936943949591655, -2.749130779038191, -0.2514658525634483, -1.9334500340973555, -1.2701716272927241, -0.048904038261647735, -2.4884466747031104, 2.4888273755927215, -1.0615330344833214, -1.731634135384167, -1.7919222821834402, -0.28047746571164484, 0.5769005345290773, -0.3225479880722355, -1.7546119665869393, -1.1529227798462198, 1.1134117009516649], [-0.384347058448535, 2.973185690262786, -1.3676465293830786, -1.2504982437089949, 0.18057404419109968, -2.224023411674739, 2.369357134572088, -0.8083812089058563, 2.017982057142809, -1.1180243413955566, 0.6713691854295485, 0.9915450804142589, -0.6769136089179776, 0.41709357742381364, -0.20586694687320045, -0.30882766188862276, -0.16350368097015666, -1.3254047579286965, -1.9178705091717663, -1.3324246961662296], [-0.4161158271071047, 2.850804355016164, -1.551855484564166, -1.3110758495467978, 0.13375534452509585, -2.368419986264662, 2.659875420706265, -0.6273196721599616, 2.0393242709715755, -1.1242911218183775, 0.5716346983463266, 1.163496348468248, -0.8483789906960935, 0.24656303340720784, -0.24166268271656693, -3.3753831977237696, -0.09859290615943647, -1.8210952905620281, -1.9657835259591048, -1.2966262741529686]], "Lambda": [[0.499121934468191, 0.5771590532656642, 0.6312233210539191, 0.5595937929857948, 0.490516875635825, 0.4302501833932957, 0.6298509974061044, 0.4827584674689228, 0.5235855235775243, 0.49456556874624186, 0.5679226011446277, 0.4743263294348463, 0.5211222859163303, 0.4603744852364511, 0.5777281967140034, 0.44403074153049876, 0.5697873673471273, 0.5421279677974236, 0.49037840446295866, 0.5283478147910974], [0.521235406414505, 0.6233601479640013, 0.6360914106614007, 0.5267929139693396, 0.5025285267306971, 0.4221088333816626, 0.6131535198193572, 0.4871799322283581, 0.544077531927297, 0.49605766927774136, 0.5410316495449927, 0.42798823810690245, 0.5320496227142818, 0.4591421738851928, 0.5338768683330771, 0.46301644830954114, 0.5397661986020761, 0.5207193842424238, 0.459373905189196, 0.5493061914313813], [0.480704131050969, 0.5178915015861925, 0.4888440026207215, 0.5050695472503542, 0.47335666213810657, 0.47686730994149534, 0.5147703678291061, 0.5236547205157197, 0.4303498588520763, 0.4888626438670471, 0.516326418060587, 0.5221711195283771, 0.5205552165911123, 0.4829950691132534, 0.49345000847217446, 0.4904101241436578, 0.46968240797080907, 0.44958372568563826, 0.5686159281037487, 0.4941281581147509], [0.4686125167498674, 0.49869967050220015, 0.48784761555075934, 0.4716132757235361, 0.5155754145313861, 0.46262763848495564, 0.5245618855454319, 0.5150916419628518, 0.4482411092705804, 0.4708780903266624, 0.5325141008959006, 0.512506186378066, 0.5339272456639087, 0.4930187067529743, 0.539265339370434, 0.520229680444891, 0.4887447718132442, 0.46703234969350577, 0.5517406172360856, 0.4881819232585553], [0.4904955560007536, 0.4935935138679287, 0.3678306402533873, 0.6014445740557606, 0.5485051166876723, 0.5495506054486282, 0.3592360154884522, 0.4039953019131617, 0.45482573873404686, 0.722321121904421, 0.6323011720412667, 0.5884557794210264, 0.45226890457935537, 0.338751019786166, 0.3916407481666301, 0.5286330003045695, 0.46880305965536295, 0.7409838448913748, 0.41317922633464016, 0.3802852404763296], [0.46945242983094404, 0.49994760606907807, 0.3608089656794319, 0.6225328359918518, 0.5258337586850166, 0.4884784279602909, 0.3235664732998765, 0.3837870438368378, 0.43071138235578876, 0.7778004715050315, 0.6315905549516614, 0.5558135500583611, 0.4927339276348855, 0.3595982787004884, 0.37032788250532445, 0.5083407009993824, 0.48316467971987137, 0.7187424134605512, 0.37147014818289936, 0.42621980134015797], [0.8053591614107467, 0.4011073805881309, 0.5819921862402945, 0.7072007552536586, 0.4528489220871372, 0.465375983536439, 0.37240094972040405, 0.5596251249181237, 0.4632981850341137, 0.6066031639389156, 0.4968237684748174, 0.48168637648541834, 0.3931326460279527, 0.5575269300546096, 0.4753435340376648, 0.47228492522995846, 0.32178409114377193, 0.38582736962610376, 0.4110804622526798, 0.35030558095050124], [0.8119457026341026, 0.40891484726314575, 0.5789188514632418, 0.7161593695097717, 0.43749478129035013, 0.4629277033210344, 0.3403936804703492, 0.6029927709549188, 0.4472335023060216, 0.5520817320505317, 0.4822893201377161, 0.47661701477043783, 0.37291503770103435, 0.5639278468391109, 0.509272061977535, 0.4565658634822708, 0.32808192120753915, 0.3555563509070402, 0.42444269453058364, 0.3483037654377723], [0.47857428815688297, 0.5530546377875104, 0.43014676092198617, 0.5784463662081839, 0.6304793742072211, 0.4295220318961344, 0.39184915695045563, 0.558293638656381, 0.5423871293739001, 0.4950319573848127, 0.5703347842242628, 0.5705691384941611, 0.5485780556435053, 0.4672366735725682, 0.4996860760668821, 0.598127496036486, 0.4263370171566304, 0.5745938886267478, 0.48815173965285025, 0.6646314571845641], [0.474782313131247, 0.5364713762456582, 0.4183205829420572, 0.535754987495509, 0.6085655518490675, 0.43270134475642136, 0.3891204366912619, 0.5811831633762595, 0.5167552647476336, 0.511727252339453, 0.5784143459276123, 0.561175681529899, 0.5481287754013645, 0.4607624161163392, 0.5279816074350223, 0.5926784179859466, 0.4169143645970349, 0.5459465078907602, 0.4461557354771945, 0.6587863362544979], [0.6906965234173612, 0.4979301626809014, 0.4868465790197733, 0.5197834170709115, 0.47393301576981545, 0.470836694104622, 0.4032408637334717, 0.5042007667565894, 0.4903943348404022, 0.38648718252634856, 0.41428529347548215, 0.4737639345243863, 0.4753996922773045, 0.4877974961977408, 0.5696013731123455, 0.5173245698472198, 0.4293312375937317, 0.62444338388977, 0.42347376708891793, 0.48860508762804916], [0.7369689604221354, 0.4679644559040614, 0.4822688774882587, 0.5387408193573653, 0.4835845547954595, 0.46797475496801266, 0.39811009296354666, 0.5147095058076258, 0.4374779969860709, 0.38534053813848657, 0.3964987919128779, 0.419266499156303, 0.4802079448855619, 0.5051709221360587, 0.5711138293818692, 0.5141895758032442, 0.4180690032930726, 0.6716421499871547, 0.4388017386250975, 0.44378029848905465], [0.433102764351591, 0.4921471706143659, 0.602536472469326, 0.48042892188670494, 0.5347538832390536, 0.4468655300763902, 0.6176376943495321, 0.4704242929971335, 0.5452842413476418, 0.4547224154552046, 0.44149477091149825, 0.34660057176018744, 0.48718921465977133, 0.45243582040951424, 0.5188045030941631, 0.5378507600337488, 0.6322163319871966, 0.49621599031670294, 0.4821831406035281, 0.41323613017201605], [0.474113084160423, 0.5042189600085751, 0.5616792827067185, 0.5114704213063594, 0.48530422561644265, 0.4256161338579761, 0.6213379612673531, 0.40848177567406097, 0.5816275169811326, 0.43298745792117926, 0.5037676097835515, 0.32186871074655643, 0.4689977659688421, 0.4544762609461851, 0.5645494641264699, 0.6067255191857921, 0.688544496757285, 0.4976693805059156, 0.4965510596013959, 0.4015364805103071], [0.33937330163320817, 0.36980940675216745, 0.4683924536344402, 0.3589834432053999, 0.42636136187877455, 0.7139352670567086, 0.6097511371980832, 0.4232831832099514, 0.40903477277068, 0.6371834167980369, 0.5828489345301491, 0.41046463802067373, 0.502401908705477, 0.5657531456731312, 0.5918336564810858, 0.695885972261522, 0.45332208131902124, 0.5283840095132127, 0.4581548382086425, 0.7457553755736177], [0.32908267822992315, 0.3477517041806591, 0.5191597330185302, 0.317452762912349, 0.40129007153013463, 0.7356477511065792, 0.5790974953114224, 0.4095772619038348, 0.40289903780735026, 0.6138342613745073, 0.5713209113582116, 0.40466319002621204, 0.49599294447832787, 0.5828471413465292, 0.5900146871991031, 0.6766816635434657, 0.46462726237979063, 0.5270271863666857, 0.43378052611098145, 0.7790632241574843], [0.5273730799468389, 0.6960374942769411, 0.3309763659212063, 0.47163543041280326, 0.5622965220979296, 0.4552998243006166, 0.54055942093664, 0.4973566046243343, 0.493573174144754, 0.5101000287067032, 0.5124406814310782, 0.5480046306128553, 0.41986353594806003, 0.5408319606246692, 0.36045526228142843, 0.41376642873545727, 0.6220276931561819, 0.39646972573552963, 0.4483969685185292, 0.3569558202623279], [0.5660001313495823, 0.663118984622378, 0.34039403363519527, 0.451732379856408, 0.5423710633111886, 0.4334304652943649, 0.5488917059224139, 0.4734478108167698, 0.5198619745663684, 0.5284647100395938, 0.5025404252860275, 0.5360084003424846, 0.3735288261398646, 0.5612738083760399, 0.38527871087806015, 0.3837702381604563, 0.6614085689663305, 0.39655094737887775, 0.45213038897241653, 0.35967007188699074], [0.3523564447925915, 0.2712887997678703, 0.3168448972489466, 0.19947165746540885, 0.401609380670451, 0.44322008329437085, 0.43160131806225127, 0.3644907356048035, 0.5231138299489696, 0.3657649897040659, 0.3287893605172449, 0.34486090860269286, 0.38189258109429297, 0.24019137294786025, 0.369720078165277, 0.4029484571629568, 0.3836465413461449, 0.2636785421942839, 0.5048862365852284, 0.36533283641975617], [0.33860638162136775, 0.2729532664258571, 0.29015441249290025, 0.19645467094505084, 0.38617527562591697, 0.4260838600013938, 0.406356195344377, 0.3874390559093035, 0.5277060397901125, 0.36848143212047046, 0.3378724774693074, 0.3585626374999976, 0.39958643318383, 0.23742091232424908, 0.35622964322079514, 0.3692686708763738, 0.3801111544674079, 0.27106067470554407, 0.48580289996194076, 0.3502138722907148]], "G": [[0.11475768744446223, 0.10182813523001201, 0.38156653148137126, 0.40184764584415533], [0.07692340066011755, 0.08818368198669013, 0.41416113419314415, 0.420731783160048], [0.0397334606471157, 0.04405561009325463, 0.44947747325929077, 0.4667334560003391], [0.05483851766572568, 0.057204807609767094, 0.4320058964370063, 0.4559507782875014], [0.06666675031327658, 0.0684133710909071, 0.4311346346086441, 0.4337852439871729], [0.07164930268083465, 0.08709017360690995, 0.40882016942598726, 0.43244035428626865], [0.08448531784057824, 0.09252691378968174, 0.4047524483552937, 0.4182353200144466], [0.09253196352626519, 0.10399425342987438, 0.3970930615331527, 0.4063807215107074], [0.09580958012705405, 0.08861763908090965, 0.3964333253587994, 0.41913945543323666], [0.07641958681262681, 0.08472936231034613, 0.41547538492061264, 0.42337566595641485], [0.0657278754952686, 0.07845280132212187, 0.4189857752137633, 0.43683354796884705], [0.0777126704322593, 0.06646838585586308, 0.4219471833168408, 0.4338717603950366], [0.05386654106340951, 0.059194734136780926, 0.4340177933163213, 0.45292093148348755], [0.04808818984962632, 0.05534272696157195, 0.4463969299461803, 0.45017215324262166], [0.07702518618294638, 0.07336155024069169, 0.4096939196535788, 0.439919343922784], [0.09355013139415266, 0.08373526948076065, 0.40776136888310205, 0.4149532302419847], [0.07483479759608282, 0.07106372696475895, 0.42097865594824596, 0.43312281949091236], [0.051666946591276665, 0.05656641198569386, 0.4409877670269521, 0.450778874396078], [0.08612336682638655, 0.08205986241222851, 0.4100827178661014, 0.42173405289528315], [0.030999246178786823, 0.03184769260985198, 0.4580308644394775, 0.4791221967718831], [0.07209928562499743, 0.06242420881379185, 0.40970796527278464, 0.4557685402884282], [0.08107378042692884, 0.08074274816274342, 0.411797806813913, 0.42638566459641536], [0.04692136141081827, 0.05827606520523368, 0.44063930569555587, 0.454163267688392], [0.0699883812498166, 0.06289526916939217, 0.4278473789648766, 0.43926897061591474], [0.08817827587321188, 0.09535011765522973, 0.3964804203988894, 0.41999118607266867], [0.08385789343283162, 0.07913219180371957, 0.40333534165343865, 0.43367457311001034], [0.04147509662526949, 0.042138687796749334, 0.4422112383385067, 0.4741749772394735], [0.10997982345585298, 0.12450264691773817, 0.37974648232251135, 0.3857710473038979], [0.12590216392236983, 0.15774116256623066, 0.3437471412389432, 0.3726095322724564], [0.07049493745526396, 0.06001363832657872, 0.42786591062392665, 0.4416255135942303], [0.19947885690152803, 0.26248301096717297, 0.26236797392988453, 0.27567015820141383], [0.08048246561312017, 0.07985321014401371, 0.4254456346822154, 0.4142186895606508], [0.14576683780685837, 0.15286137972879899, 0.3493497815158691, 0.3520220009484725], [0.041081903045046, 0.039222528582030486, 0.4545590666062823, 0.4651365017666418], [0.09498110169077398, 0.0992194305185112, 0.397228991577137, 0.4085704762135778], [0.08235969419671473, 0.08577840637948103, 0.413587038558056, 0.4182748608657476], [0.04485594707058346, 0.05355939765555109, 0.4412099851428605, 0.4603746701310042], [0.08696256592021824, 0.091401767136534, 0.4045281771577138, 0.4171074897855329], [0.056462835221583706, 0.05407819842351883, 0.434360298488025, 0.4550986678668713], [0.11391209126260693, 0.1089991730166583, 0.3798720313755622, 0.3972167043451718], [0.11233710304894955, 0.10704433290996714, 0.386429472699814, 0.3941890913412697], [0.06563076891781758, 0.0764682095569575, 0.41780450244818323, 0.4400965190770418], [0.05284307124631599, 0.05111799487431877, 0.44432058085288334, 0.45171835302648194], [0.06060341129921464, 0.05923641784808627, 0.43007424232791314, 0.4500859285247869], [0.05456031017762915, 0.054726353662241885, 0.43082165076695733, 0.4598916853931721], [0.0630505413237504, 0.058326063057404225, 0.42729707664323574, 0.4513263189756105], [0.05239970082507778, 0.05839972787789067, 0.4335056016629407, 0.4556949696340911], [0.05723779192986001, 0.06524328739528681, 0.4274461813314163, 0.45007273934343595], [0.04824544198425854, 0.04911448030170498, 0.4444150673850759, 0.4582250103289612], [0.06258662893794574, 0.06553731902150307, 0.4293081079507182, 0.4425679440898326], [0.057590814161487036, 0.06286793845525564, 0.42721296825184124, 0.452328279131416], [0.12766475557283474, 0.1429402780117113, 0.35387232501512084, 0.3755226414003325], [0.04055770096094793, 0.04701785842725345, 0.44783795735177045, 0.4645864832600277], [0.0595332224219078, 0.07840302224817049, 0.4201635156274287, 0.4419002397024925], [0.1822276077451236, 0.18597487347720648, 0.3097574798487231, 0.322040038928947], [0.07379891930823856, 0.082929772979076, 0.4104398525506883, 0.43283145516199717], [0.0753278292991486, 0.07629570053347406, 0.41201594075650183, 0.436360529410875], [0.07446990597575139, 0.06761743839935487, 0.4180959787631973, 0.4398166768616974], [0.05915930461283772, 0.05695525677379227, 0.4341036607719548, 0.4497817778414155], [0.080215975353565, 0.07760797850855006, 0.42013951066403127, 0.4220365354738536], [0.11086099050953803, 0.10933199118927879, 0.38750169091889697, 0.3923053273822862], [0.09307251224659883, 0.09782604708999057, 0.39887779688091035, 0.4102236437825009], [0.05018326974379804, 0.04686387458762291, 0.4421687992340566, 0.46078405643452236], [0.06391440281869167, 0.06346943919353346, 0.42685234959412616, 0.4457638083936484], [0.1251113518589059, 0.1825987289796218, 0.33936086938100113, 0.35292904978047135], [0.07424842289269883, 0.087661345995111, 0.4118142795391671, 0.42627595157302256], [0.07219792695696203, 0.06354188456414524, 0.41379002170170254, 0.4504701667771899], [0.04532659343035474, 0.045823066750237465, 0.44923396504645013, 0.45961637477295786], [0.04881858458668988, 0.05869858697303222, 0.43275355996812404, 0.45972926847215334], [0.03816699765466791, 0.03308530299150589, 0.45874104226431567, 0.47000665708951117], [0.09117180046951612, 0.10022519696272324, 0.39957597453759797, 0.4090270280301616], [0.055317404828799835, 0.0615983331605866, 0.43304507780662505, 0.4500391842039885], [0.08309746082338779, 0.0905972933448257, 0.40336442267875383, 0.42294082315303294], [0.08329949323251325, 0.10233822519620067, 0.3941778673296326, 0.42018441424165326], [0.0364868814044049, 0.03956766233688089, 0.4560825751481741, 0.4678628811105398], [0.09434061517354911, 0.11004920411284815, 0.3797327077192055, 0.4158774729943969], [0.08330492287751516, 0.08919796409020773, 0.40360445535208145, 0.4238926576801954], [0.06307435670255561, 0.06462222934496108, 0.42167322808872204, 0.4506301858637605], [0.08003548890361152, 0.0731873953859913, 0.41588883611849403, 0.4308882795919032], [0.07470024252137236, 0.07066488499314479, 0.4156946759840521, 0.43894019650143096], [0.05528325680846309, 0.056821716463374174, 0.43595571313760717, 0.45193931359055567], [0.04440611224014886, 0.049329532909807426, 0.43718121186478565, 0.4690831429852583], [0.07988246758756738, 0.0812555611613277, 0.4198440664744489, 0.4190179047766549], [0.060251131019876725, 0.06388079368263937, 0.4311760467458296, 0.4446920285516535], [0.055621236696666874, 0.05991135469961326, 0.4372609759565185, 0.44720643264720117], [0.03956111719340497, 0.039921673313257654, 0.4558798761630479, 0.4646373333302905], [0.08091733596904974, 0.08830518061694355, 0.4108976736155264, 0.41987980979848133], [0.15769834950325284, 0.15620493892784973, 0.3382525537106715, 0.3478441578582256], [0.05389566582426487, 0.052211349514293355, 0.4429245027464458, 0.4509684819149959], [0.09632909992184857, 0.09838582861028987, 0.3988428884787463, 0.4064421829891147], [0.03715704452016511, 0.03398915153936403, 0.4564000662075291, 0.4724537377329427], [0.045346472910842074, 0.044258987081048654, 0.4415075354990112, 0.46888700450909815], [0.06148993718148652, 0.055503600749298096, 0.4371630369836944, 0.44584342508552016], [0.0991587820858719, 0.11205450712703241, 0.38835282928318476, 0.40043388150391096], [0.09472086501423695, 0.09589364146216668, 0.39228370456030337, 0.41710178896329314], [0.06777264369547932, 0.08440981847354098, 0.4137604735268438, 0.4340570643041366], [0.05972113827061386, 0.06448036361254246, 0.43170653109965085, 0.44409196701719256], [0.061608523784454985, 0.07836365420820084, 0.4196965866517452, 0.44033123535559876], [0.11875759246584854, 0.12620346922070996, 0.36962728789423754, 0.3854116504192038], [0.08528951034660373, 0.09216409329316418, 0.39750130508978504, 0.4250450912704469], [0.06333472815104339, 0.06317868515824134, 0.4266860613178868, 0.4468005253728289], [0.2190460295108708, 0.17441746879117467, 0.30081889021493774, 0.30571761148301635], [0.09474116198812273, 0.09614420743919637, 0.3993375673321181, 0.40977706324056223], [0.06654074234451791, 0.07152534390639106, 0.42219275038427445, 0.43974116336481667], [0.1110271786523626, 0.1254655798981379, 0.3754969207902222, 0.38801032065927704], [0.09978894093995203, 0.11330101412523709, 0.38204887655008746, 0.4048611683847227], [0.10682781202704146, 0.09717868602450662, 0.38232569569229397, 0.4136678062561582], [0.07976044040370014, 0.09055589599503398, 0.40969138389876386, 0.41999227970250286], [0.0701661312385973, 0.0699471264309168, 0.4230812042109353, 0.436805538119551], [0.05347093074800136, 0.0578396756320263, 0.43545485814693063, 0.45323453547304193], [0.06683226283356707, 0.07148689867200743, 0.4196068330825921, 0.4420740054118339], [0.07399866392156758, 0.06967661179870972, 0.41536498904322766, 0.44095973523649523], [0.04274694453310863, 0.049567171100518934, 0.45101442537826, 0.45667145898811196], [0.07783372690644719, 0.0899281875481411, 0.40672661075269634, 0.42551147479271617], [0.04526232560764202, 0.042278932281728826, 0.44340932648008513, 0.4690494156305444], [0.036294021642455675, 0.0361605369389897, 0.45250817365494583, 0.4750372677636095], [0.07097915417861039, 0.0696259026076479, 0.41314273484479386, 0.44625220836894736], [0.039350700936170754, 0.04026891598127629, 0.45117744995752057, 0.46920293312503225], [0.04058806625236111, 0.04891747967584789, 0.44501693600905323, 0.4654775180627377], [0.03898452410514359, 0.04429707485436924, 0.4474556854539538, 0.46926271558653343], [0.051827652859246044, 0.05480821344930305, 0.42873491066821295, 0.46462922302323806], [0.09117632031594737, 0.11321625870335571, 0.3944581965315246, 0.40114922444917195], [0.060570468334076095, 0.06376691933483648, 0.4253190003493357, 0.45034361198175044], [0.07457554287978432, 0.08548365106645496, 0.41723817973451394, 0.4227026263192469], [0.0448355251898247, 0.05068373264583818, 0.44658115773386226, 0.4578995844304753], [0.06003235761489865, 0.065859444754341, 0.4327345855496581, 0.44137361208110193], [0.05752084496028706, 0.06422068345348017, 0.43352141562514945, 0.44473705596108365], [0.05666293053794116, 0.06552286976674394, 0.4223849006735916, 0.45542929902172297], [0.12362166751069245, 0.12307597150308841, 0.3715016455288787, 0.38180071545734034], [0.044788145890833186, 0.05114015268859486, 0.4451650699796601, 0.4589066314409125], [0.08510533574645981, 0.0969431038250103, 0.3979758371195136, 0.41997572330901717], [0.08850537140086309, 0.07698359140714242, 0.41524314470181595, 0.4192678924901781], [0.06397480241351798, 0.05203820687855491, 0.43263271182818014, 0.4513542788797462], [0.07520695399835077, 0.07401952409276966, 0.4159489641189825, 0.43482455778989665], [0.07997782877339167, 0.07985169239074838, 0.4118879004147908, 0.4282825784210695], [0.11897052812439762, 0.12707282548178722, 0.37048276423355747, 0.38347388216025724], [0.04404612870120741, 0.048141589081710776, 0.4383696365436134, 0.4694426456734687], [0.08096814554180015, 0.08460636639644258, 0.4069173969916163, 0.42750809107014026], [0.05717662073168567, 0.06131069125957888, 0.43424725457241126, 0.4472654334363242], [0.05921830101815828, 0.06045272273752607, 0.4409535553967646, 0.43937542084755116], [0.08502864022522204, 0.08334764855952961, 0.41082469794539883, 0.4207990132698503], [0.04942452107611072, 0.04858354942148661, 0.44566630724879996, 0.4563256222536034], [0.04950330160076145, 0.05042279728802875, 0.4372930243912732, 0.46278087671993573], [0.07748246650761453, 0.07674503223465605, 0.4103766828423881, 0.43539581841534136], [0.033209550992982895, 0.0359419928744549, 0.45968896412796034, 0.471159492004603], [0.09073575745871718, 0.09260720060666668, 0.40273966285985613, 0.41391737907476017], [0.14298411436929576, 0.16511385818788146, 0.33911502807361965, 0.3527869993692032], [0.039418934403697425, 0.04110589490005806, 0.4487300154252139, 0.4707451552710315], [0.07380145073047291, 0.07441396761938582, 0.41992256034838377, 0.431862021301758], [0.05783700802550934, 0.058990863230076275, 0.4362565813077033, 0.4469155474367113], [0.05200650136032177, 0.04055531835754112, 0.4406163783521387, 0.46682180192999756], [0.053131753122109424, 0.05017794997413223, 0.441539186532035, 0.4551511103717242], [0.04554045850082211, 0.04491865394975695, 0.44274693789864067, 0.4667939496507805], [0.09780138288089887, 0.08531212463026391, 0.40552656648291646, 0.41135992600592064], [0.10807079403812016, 0.09618812101280738, 0.38558665599767566, 0.4101544289513968], [0.04958845321893881, 0.05501900201209714, 0.4362768674772503, 0.4591156772917138], [0.06846591131122319, 0.08046368001325495, 0.41286933926962416, 0.43820106940589787], [0.05343551253244192, 0.052844501322401476, 0.4408568302695045, 0.45286315587565235], [0.048665401218472244, 0.05258163209603133, 0.4342759996821821, 0.4644769670033135], [0.06889192012994495, 0.0767163228134458, 0.41638795850659066, 0.4380037985500183], [0.0922516244695428, 0.10238224951180712, 0.3943003916752111, 0.4110657343434393], [0.10728636608846268, 0.09902426162210835, 0.383635839212864, 0.41005353307656517], [0.08069844990866992, 0.07553470376818315, 0.41506687292261585, 0.4286999734005314], [0.07162724597032086, 0.07863928630453573, 0.41046684551780205, 0.43926662220734186], [0.08264544111278774, 0.07864870894991859, 0.40827979345345466, 0.4304260564838384], [0.18718789533932914, 0.1959333981281219, 0.30100076681047394, 0.3158779397220755], [0.07718367458264352, 0.07750775330742828, 0.4122452815043163, 0.433063290605612], [0.04909151007589447, 0.05781654273874307, 0.43930277671744716, 0.45378917046791506], [0.04543455384019396, 0.041850174800623204, 0.4411507736895265, 0.471564497669656], [0.0809449416246334, 0.1072386518176105, 0.40512875445245206, 0.4066876521053044], [0.08397330779154114, 0.09223425876011936, 0.40393197037129597, 0.4198604630770436], [0.06558281656216111, 0.06711474669609654, 0.4280958447896162, 0.4392065919521272], [0.054396992626818595, 0.06610734157152594, 0.44034617937434156, 0.4391494864273143], [0.16437761841467569, 0.19017663080567415, 0.3143459841833204, 0.3310997665963287], [0.10656560236445328, 0.10410147229612825, 0.38709832634690916, 0.40223459899250896], [0.08694877234860675, 0.08642095805349098, 0.4093330142907859, 0.41729725530711564], [0.054466434860020986, 0.06627576055237247, 0.4333959193517584, 0.4458618852358484], [0.0853806154852826, 0.09714573852381335, 0.4063769486498759, 0.4110966973410283], [0.046359762890337296, 0.04982352705236541, 0.4411754246111514, 0.4626412854461455], [0.09000713609696603, 0.0819397609845226, 0.40849986834469043, 0.4195532345738206], [0.07876618326110703, 0.09985018117663327, 0.40713985562073324, 0.4142437799415273], [0.07504007761918222, 0.07436832280659343, 0.4238101505537965, 0.4267814490204277], [0.07529327046855087, 0.07224085684543079, 0.41772593207204495, 0.4347399406139732], [0.0589260757803824, 0.05722613344849483, 0.4346722813456757, 0.4491755094254472], [0.07184442488226174, 0.07442639258734324, 0.4189630714564484, 0.43476611107394675], [0.10892616445296356, 0.1324528583605659, 0.3776047637284011, 0.38101621345806924], [0.10042988725829974, 0.0941878727754883, 0.3943182832202799, 0.4110639567459314], [0.06906719476904483, 0.05698207157316471, 0.4327430578136707, 0.4412076758441211], [0.14831060389029668, 0.17651334453758713, 0.32922916885312575, 0.3459468827189904], [0.05269824763792461, 0.05016154030966129, 0.4334672223982451, 0.46367298965416914], [0.05897839399398936, 0.04990615775081688, 0.4344086261015001, 0.456706822153695], [0.0879874990195345, 0.0954162619314438, 0.4052730186079099, 0.41132322044111247], [0.09311171694803454, 0.08330457243496292, 0.4067946591689941, 0.4167890514480081], [0.06891553809865415, 0.06601580844834727, 0.43294277748375887, 0.43212587596924024], [0.10377141545963667, 0.11478062223771314, 0.39079574716165183, 0.3906522151409982], [0.05381913730951615, 0.05504319778973711, 0.43943074661339854, 0.4517069182873476], [0.0706189281334378, 0.08083419145068979, 0.41719947569854354, 0.4313474047173292], [0.06087812638640503, 0.054114994744529625, 0.43021546534867916, 0.4547914135203858], [0.09800682763202682, 0.110433871612108, 0.3875975433524964, 0.4039617574033692], [0.1636755912873905, 0.19903105030445561, 0.31489473093789094, 0.3223986274702626], [0.07585113357553655, 0.07391358300334629, 0.41660345760729856, 0.43363182581381843], [0.03462745053022268, 0.036429010527354415, 0.4546291140913881, 0.4743144248510348], [0.041769416778666205, 0.0418606575768627, 0.4572121382753524, 0.4591577873691188], [0.05144085076573574, 0.04989322994115875, 0.44343328390829934, 0.45523263538480685], [0.06937394260984624, 0.05659765190789524, 0.43250405037135775, 0.44152435511090055], [0.08327369197995257, 0.09151268356692936, 0.405316340631551, 0.4198972838215678], [0.137891806271665, 0.1661885371204135, 0.3372708138136139, 0.3586488427943082], [0.1222891343932907, 0.14451961595991608, 0.3635419928857646, 0.3696492567610298], [0.05236326315950021, 0.05486448934256696, 0.43587401450313795, 0.45689823299479465], [0.07920784956171038, 0.0727351594230996, 0.4138545421151081, 0.4342024489000827], [0.08501731544808132, 0.07855044187423825, 0.4149520996688497, 0.42148014300883063], [0.040203825616414175, 0.04283038844795622, 0.45537945525003065, 0.461586330685599], [0.056785020212702084, 0.05546345940443717, 0.4225540942416394, 0.4651974261412211], [0.059508954633996435, 0.05709454225179805, 0.43649395285095144, 0.44690255026325476], [0.03653318654401994, 0.04038169270781001, 0.44863706261643727, 0.47444805813173196], [0.07052953927009845, 0.09511448428954986, 0.4141235611122934, 0.4202324153280585], [0.0747159495513704, 0.0817923640791856, 0.4167237738062376, 0.42676791256320584], [0.041798661025478114, 0.04444022509010033, 0.4476385466325852, 0.46612256725183754], [0.06537952771568985, 0.059996361934001284, 0.42795044288111006, 0.44667366746919895], [0.10540893352741112, 0.1402517625407349, 0.37208652153174887, 0.3822527824001054], [0.07558391574618686, 0.08069456418473926, 0.4114735851231926, 0.4322479349458817], [0.11132232906944917, 0.10980746619370511, 0.391819314006343, 0.3870508907305029], [0.1129913242684911, 0.11269702329703613, 0.3791327627164358, 0.39517888971803644], [0.07654828266856585, 0.07465211405392894, 0.40874213139726023, 0.4400574718802448], [0.08576804099031861, 0.10007713763112355, 0.40061335579573415, 0.41354146558282384], [0.0828555172527866, 0.09243179516581518, 0.40341281402885376, 0.4212998735525446], [0.059376592766115247, 0.061767355305274385, 0.4392407751982567, 0.4396152767303528], [0.09386063102536374, 0.10036926389267628, 0.39792427775652234, 0.4078458273254382], [0.17768652552173247, 0.1559492826888205, 0.3276555137711636, 0.338708678018283], [0.06749390180015706, 0.07207880455206002, 0.42230842814118974, 0.4381188655065936], [0.07097698672624361, 0.08362609120923861, 0.4099875202217755, 0.43540940184274257], [0.0588226691223855, 0.05292693371603765, 0.43515770265348463, 0.45309269450809275], [0.08011357750314031, 0.0881543928696354, 0.4067844777290076, 0.42494755189821654], [0.06353160359623944, 0.0764363181774179, 0.42442364225397705, 0.43560843597236604], [0.0378168908026802, 0.040187221034217756, 0.45496816372015914, 0.467027724442943], [0.10256817679410453, 0.09630403865237973, 0.3994270203226076, 0.4017007642309086], [0.05367360335972587, 0.05033005803251476, 0.43652720812132684, 0.4594691304864331], [0.06610908591108379, 0.07834993638193703, 0.42193623426577037, 0.43360474344120903], [0.0834740931773518, 0.0913710201430941, 0.39351703959914464, 0.43163784708041003], [0.08081609121546912, 0.07399163679067423, 0.4163882886263205, 0.42880398336753556], [0.10946264688692034, 0.12280315625076538, 0.379338627880114, 0.38839556898219946], [0.0602325523601984, 0.06070654399069859, 0.42493356734928456, 0.4541273362998182], [0.15656078757870154, 0.20215708571102553, 0.3182408612392254, 0.323041265471047], [0.03687871729489301, 0.038206859538777206, 0.4556349739636169, 0.46927944920271214], [0.21152223465332695, 0.17297321216678072, 0.30273409421722547, 0.31277045896266636], [0.07834748143718018, 0.08538890404286971, 0.4079122849040456, 0.4283513296159044], [0.09232319484469018, 0.08916886740801092, 0.40611506342976184, 0.4123928743175366], [0.07357409508576776, 0.08543290612531798, 0.4186890486190688, 0.42230395016984534], [0.06513674466695742, 0.062669745495339, 0.42270444578670674, 0.4494890640509968], [0.0721734916282476, 0.08680786919874275, 0.4180455125932254, 0.4229731265797837], [0.05741270844532541, 0.05008360311336046, 0.4379275275862647, 0.45457616085504976], [0.08623442217922044, 0.08187908016578255, 0.40920343397955505, 0.4226830636754411], [0.09986440816401289, 0.09076271716138898, 0.3931623120613943, 0.41621056261320355], [0.12900673374832958, 0.13629924542733662, 0.3601917209929798, 0.3745022998313539], [0.08269086613995043, 0.08408662888552479, 0.41021273980723455, 0.4230097651672913], [0.06486832829034371, 0.0679625082935403, 0.427153096291435, 0.44001606712468067], [0.04126901376344863, 0.042639372813186124, 0.45533800845650696, 0.4607536049668589], [0.07989183718714668, 0.06779196092869283, 0.41548532058427645, 0.4368308812998837], [0.0857735505815428, 0.0913088619525155, 0.40675232697790603, 0.4161652604880372], [0.07405392199562306, 0.07060861155487883, 0.42211084493218326, 0.4332266215173155], [0.061502047133236495, 0.06144262789902609, 0.4251218115884446, 0.4519335133792934], [0.09966702757699328, 0.10962640402239136, 0.3870375953191687, 0.4036689730814468], [0.07846720965357602, 0.07188795034555015, 0.41929861350603886, 0.43034622649483617], [0.04739640535762033, 0.05024860761281487, 0.44370794941074176, 0.45864703761882264], [0.03569023601629575, 0.041857985670864045, 0.4443291039566863, 0.47812267435615363], [0.0656700917878708, 0.06546228138625883, 0.42021965608169853, 0.4486479707441731], [0.08057061548612228, 0.08164881010777796, 0.41123415759056514, 0.42654641681553435], [0.05964403453616986, 0.06311628092825619, 0.4255026025636009, 0.4517370819719726], [0.07190423865769224, 0.07281194079454459, 0.4178137213757629, 0.43747009917200097], [0.09908184389897687, 0.09152558112107774, 0.4023968632574413, 0.40699571172250393], [0.0675039639502325, 0.06154807810201046, 0.4335969904498624, 0.43735096749789465], [0.044826902180506466, 0.05489760706183079, 0.4420107659936662, 0.45826472476399566], [0.073851655155644, 0.07775142398684584, 0.4141828282878527, 0.4342140925696571], [0.0525911204230975, 0.05542542442132958, 0.43401100824265304, 0.4579724469129198], [0.051902764682478404, 0.050985292534037295, 0.44109830787800713, 0.4560136349054783], [0.12485374938376144, 0.16685447185974392, 0.34675274558367175, 0.36153903317282265], [0.10190182948729341, 0.11620675989404612, 0.3821933399305702, 0.3996980706880903], [0.047122957780272, 0.04713097139846227, 0.4447283199697