{"estimation": {"a": 5.561162937709826, "rho": [0.2193428049864961, 0.20879123509561284, 0.2371867086964127, 0.3346792512214779], "Mu": [[-1.4010140660791373, -0.708777746004641, -2.930025916438087, 1.7457977784488679, -2.159336806030567, 1.243228764137342, -0.6600105981728813, 1.8686393146316576, -1.4699268761653919, -2.010066136635589, -0.14011614719977644, -5.295007136959059, 0.3698569147575531, -1.6949287972013471, -2.0520107134498726, -1.0294937061232412, -2.166359046627724, 1.1877084277832868, -2.1876568584535176, 1.3833090446156824], [-3.2662447605320466, 2.203271938167924, -1.5711534729886294, 1.848532975417847, -4.991053086930908, -0.6778855876227426, 0.6085049141373285, -3.172768212259879, -0.44983267261029136, -3.3446297909694076, -1.1773551597038399, -1.0132117116496406, -0.9914920725321476, -2.125262101880328, -3.6399392977836635, 3.7717266250273314, -1.820665692951697, 0.041131412326020876, -2.897130455229351, -0.702422632525486], [-3.043806852476501, 1.0572185968716323, -3.0034729810255336, 0.41574485331625843, -2.606268443946109, -1.177297810333785, -2.236452165409497, -0.9895391567911564, -0.9708050050363727, -1.0749342624894915, -0.4929629509624687, 4.200488437333101, 2.404692480426836, -0.9782401576095346, 2.4651953333950827, 1.280323053299429, -1.7640991250652456, 3.742899635282764, 0.3777407330797058, -1.31775684517697], [-2.676441755493823, 0.8786892903072606, 1.1881577359438829, -1.2954358831247266, -3.4934351447606278, 0.6497210070921878, 3.36774143951805, 1.7210358479848467, -1.653006484737187, 1.7550900495540334, 2.2418753542441814, 2.648161910357542, -1.84066350123766, -1.1408483861827803, 0.6918374149672498, 3.654032140606264, -1.0419060159715838, 0.22406595595357223, -2.432551793242299, -0.41718916755270974], [-3.4441240973579688, 0.322374519786893, 0.10638135448387145, 1.7867865414998143, -2.28236575136407, -0.5421222275320664, 1.5299211623260933, -2.648860783544134, 1.8934727274010934, 0.7148107989578462, -6.16368629831394, 7.538313619712811, 3.7614058166306137, -2.986153801990204, -2.47671372017447, 0.6369127001393826, -0.4496177314032155, 5.422574317252347, -1.9054134176070712, -8.694434598241958], [-0.5352712959401702, -0.4932926767534973, -3.694937952052697, 2.79946597915344, -0.07914550348624187, 5.0241812281202005, 0.5135950312648001, -0.27266466105627907, -0.6955095508552153, 0.7597880970718984, -2.637215071837847, 3.5499359137020714, 3.917783387521807, 0.029336043885326703, 2.2376807782938206, -3.945751577735026, -0.990296452235324, 5.608963714788368, 0.7767742473879979, -6.30807500825738], [0.10380635430263414, 1.7163032212803462, 3.875499980138935, 1.105949983220194, 0.238012649167537, -4.692592182424747, 0.993589738035329, -3.039288500756021, 0.26226417936242014, -2.9483750891100846, 0.19767466852956306, 5.757279646060156, -1.0263919362214178, 0.8101654541113729, -1.0713020889207587, 2.1390147392615493, 1.451789598484054, 0.6032091502339384, -3.1787308270929313, -0.18806777962530663], [1.7001955031816318, 0.7322306424097199, 2.3237011721748866, 1.8288663400457625, 2.0472245135627203, -0.22680551434851418, 0.41358865164678427, -0.36842527524541324, -1.1957482055609716, -2.6563203888819915, 1.6372401826637903, 1.1745247814139452, -0.5304326848679907, 2.4089617498754077, 1.793130310472128, -1.8413730201187644, 1.4373505101876252, 1.0367796651489332, -0.3245839745332709, -0.12221353179093404]], "Lambda": [[0.4703052907138238, 0.37430604490796254, 0.2824588248414908, 0.2997021751138053, 0.6355726957483246, 0.7611849205000512, 0.4084672144109875, 0.5191181004560703, 0.7678844739692282, 0.5577968235413407, 0.8564154957653776, 0.5191759367028328, 0.6451048564779238, 0.2775492293460067, 0.6790289202529637, 0.46183477064526013, 0.462809218242108, 0.5350650322956143, 0.3865686700060747, 0.7059555923964547], [0.5431738994361767, 0.2754099469751459, 0.4698980133779905, 0.2782429788812253, 0.7031927962190208, 0.38515556912898846, 0.5465958592878163, 0.5250446215658691, 0.7613079182454913, 0.35469858997241815, 0.8424121404312566, 0.29960430774561014, 0.7491926349979833, 0.3567434754711924, 0.8506247661012534, 0.6778839460598226, 0.49043248602319767, 0.6444318532889062, 0.32353970848453595, 0.5372769614689965], [0.3571343752816481, 0.4011819342559769, 0.5685315241875614, 0.617775864798571, 0.4200460119064321, 0.430253800996103, 0.3620132391394616, 0.33704336238598875, 0.4595210128332562, 0.525625296420348, 0.439294467066347, 0.32559716988612375, 0.43152574021097845, 0.5617738797646051, 0.39549119226702345, 0.4286749959447185, 0.5645759138530404, 0.4929761981247121, 0.4565056357190294, 0.6976321621455074], [0.513572936266955, 0.3256324467640004, 0.5825147081004619, 0.49315562590628825, 0.4749785016278991, 0.2575629117875904, 0.3216006662156899, 0.6006830667540656, 0.2913961526399401, 0.5239033696132328, 0.5414521185920205, 0.4316389791653776, 0.5215625236855418, 0.5355303601140801, 0.375316106668885, 0.47523097346614285, 0.5230553411364457, 0.6966876952049454, 0.6326347307792828, 0.829887473760499], [0.48519770387728806, 0.6797303740496944, 0.6109493907965767, 0.5203121104837113, 0.6230477873314328, 0.11851511249451246, 0.3709861367620499, 0.7142988404275353, 0.5529210031688041, 0.5301857752010778, 0.3451404952833399, 0.058785750685457876, 0.317521202634464, 0.44927730885005557, 0.2466783120635125, 0.7685160516428757, 0.9477417622650564, 0.4419126731349334, 0.25385258714124825, 0.5430775233148827], [0.31767005431325435, 0.7069395839878932, 0.457207741522022, 0.5102231847329399, 0.5115351588782331, 0.25216895625677704, 0.5615806676487375, 0.7071222817509597, 0.6843212561141905, 0.6448218033597336, 0.19552579510928605, 0.21766493835388892, 0.2949169100432578, 0.1577646353309944, 0.2150076057205666, 0.6541698240833852, 0.6826078759039831, 0.3284491714266991, 0.3216933087226033, 0.394225921028792], [0.4046364219694688, 0.3683039115115235, 0.42341158131999046, 0.2510781039694481, 0.524281760585991, 0.13262772577005874, 0.34137419033149036, 0.1958936781954926, 0.3973447171345648, 0.46110458755287725, 0.3726483147438292, 0.07445659819822659, 0.2909853847365873, 0.42608462601837405, 0.29796704129510854, 0.25506754813274046, 0.5839906049050004, 0.48835667430868734, 0.3612123120661322, 0.5865002466142488], [0.23609874343942683, 0.48441631104121907, 0.20777738434662874, 0.2749152089052355, 0.35024532885105997, 0.2503715866750044, 0.3629175460214902, 0.22652457090373943, 0.3954472035179278, 0.5641370973220212, 0.19562991775926863, 0.13273669561917376, 0.2727679854852711, 0.17807740781133383, 0.25143616748354275, 0.21301482738773145, 0.32173879641402764, 0.3381612571592284, 0.3518694675832927, 0.41056154395542316]], "G": [[0.1367815835289111, 0.24063843584275355, 0.17760294715878636, 0.44497703346954903], [0.15211939718587525, 0.1440427035988144, 0.2922803316166167, 0.41155756759869416], [0.3066212933328889, 0.09866540027549033, 0.20850943923760087, 0.38620386715401994], [0.1499585381300127, 0.2435888823373292, 0.17547107929062336, 0.43098150024203485], [0.2996326055078703, 0.2709016388045118, 0.19336920865296636, 0.23609654703465202], [0.08863766455303372, 0.2924778772124562, 0.3272866522516441, 0.2915978059828657], [0.1652486821504993, 0.14914592683129116, 0.25375776684430945, 0.43184762417389977], [0.19518429496915912, 0.11676518966117314, 0.304159566546008, 0.3838909488236596], [0.3447290096528971, 0.35152532972860995, 0.13275083707692323, 0.17099482354156997], [0.37970652786241943, 0.05777815882173088, 0.41316793783392775, 0.1493473754819224], [0.2633888584204143, 0.3500696026772644, 0.10501300091898853, 0.2815285379833322], [0.2017651548759555, 0.21078157095543626, 0.2218263920423017, 0.36562688212630606], [0.15962087012865459, 0.3303110613429738, 0.20584678314212362, 0.3042212853862474], [0.20514158218009423, 0.1864010450115529, 0.25517261433278465, 0.353284758475567], [0.051580505840461005, 0.21319573697398195, 0.22151802548607444, 0.5137057316994826], [0.05366265107268606, 0.35088941091490267, 0.3817350559420114, 0.21371288207040087], [0.22740063205780625, 0.262495897430612, 0.17347891777553925, 0.3366245527360427], [0.22093672122936223, 0.10058146228933502, 0.2586048877108714, 0.4198769287704309], [0.34183464751534665, 0.19840046039597348, 0.26574375553879237, 0.19402113654988679], [0.3083774577544378, 0.22262937648867387, 0.22857149912718344, 0.2404216666297049], [0.18877084756371706, 0.2999678482750878, 0.24004276894839052, 0.2712185352128047], [0.30621106504038215, 0.3460702550662023, 0.13938959973376736, 0.20832908015964707], [0.14654486226479504, 0.32071585580715656, 0.12018800667411142, 0.41255127525393703], [0.32237905992729204, 0.36410160666916325, 0.09094374268045413, 0.22257559072309066], [0.34529605756053044, 0.3422107183350027, 0.1372392862980738, 0.17525393780639403], [0.2207062993592911, 0.19295483650506887, 0.20328795868087818, 0.3830509054547627], [0.3556841633194747, 0.14083911666229773, 0.31791393495382453, 0.18556278506440355], [0.1915576328453405, 0.13415004781670342, 0.32946226587249494, 0.3448300534654614], [0.2646152087831037, 0.2844188824763678, 0.21530192230357031, 0.2356639864369584], [0.1315984396952037, 0.22527495390655403, 0.21466518466853474, 0.428461421729708], [0.13026938358547818, 0.0949710725607216, 0.3423163025627475, 0.43244324129105244], [0.3344452891732025, 0.3664098352145942, 0.11502192970440897, 0.18412294590779438], [0.12886907862585978, 0.15551444127530553, 0.3160742983509296, 0.39954218174790435], [0.1790319339208866, 0.21106304510017793, 0.19366082657583525, 0.41624419440309984], [0.18878199735040452, 0.19234104343134892, 0.2154463543498123, 0.40343060486843446], [0.33643392527431376, 0.08966665450926357, 0.3665402876549553, 0.20735913256146718], [0.2527061109933737, 0.08367334993553897, 0.3671495112786731, 0.2964710277924142], [0.2326512538133357, 0.09466552578982142, 0.3492301004274953, 0.3234531199693476], [0.3097141067608394, 0.25793515894510405, 0.220101607698411, 0.21224912659564568], [0.17494837481924666, 0.20356248615601172, 0.21770655733119113, 0.40378258169355025], [0.19644936676954095, 0.21115356939124147, 0.2259670482985736, 0.3664300155406445], [0.24456308503355928, 0.28902082318595623, 0.1826780003902925, 0.28373809139019185], [0.33278153710521746, 0.2010245336701027, 0.2744826022502352, 0.19171132697444462], [0.1384872235603902, 0.1231061207729821, 0.30617585575817424, 0.4322307999084536], [0.18122299726596872, 0.1375390895555125, 0.23442058134732366, 0.4468173318311956], [0.14573414595061632, 0.19076134957879035, 0.25142966835936503, 0.41207483611122814], [0.15675875286433802, 0.231103184782988, 0.19490878739597672, 0.41722927495669665], [0.20799094050169867, 0.1385004786365583, 0.30066464371363993, 0.3528439371481026], [0.15153619274767574, 0.08407191003215375, 0.3445254022139735, 0.41986649500619716], [0.19022089768869282, 0.20265611456322224, 0.22986366582948578, 0.37725932191859846], [0.266469094734018, 0.22194257182416977, 0.19190151121004473, 0.31968682223176825], [0.10783374003780398, 0.20801973281400424, 0.2570009774219656, 0.4271455497262264], [0.08859506036460553, 0.08045129272639313, 0.39157346687782296, 0.4393801800311789], [0.21128133609467384, 0.23713312877799514, 0.20792495596607066, 0.34366057916126014], [0.26266460083579607, 0.08399545593957645, 0.1959816400411091, 0.457358303183518], [0.17659094470108785, 0.24878904668147436, 0.22696566891294406, 0.347654339704494], [0.1954942810395436, 0.1785318992557353, 0.2582437521125406, 0.3677300675921811], [0.13946812304267373, 0.2372698882710694, 0.17685672194087212, 0.44640526674538544], [0.2565710762069314, 0.24409786340930276, 0.2096846302491012, 0.28964643013466457], [0.315576486979116, 0.3242862565619983, 0.1386775810785118, 0.22145967538037345], [0.18320599125404402, 0.09137561660009928, 0.35670977370031154, 0.36870861844554553], [0.2540037960010438, 0.18629666981998044, 0.34518912779120137, 0.21451040638777377], [0.1810230635735489, 0.20701279427688524, 0.27035532239219084, 0.3416088197573751], [0.26128710135270344, 0.1766119829521706, 0.2667867413451506, 0.2953141743499762], [0.16053329788461201, 0.2646545807702195, 0.1513447658410964, 0.4234673555040721], [0.29693638536923783, 0.33271704541998687, 0.14974721765751986, 0.22059935155325486], [0.11505415827449597, 0.197733205926209, 0.2093250363255561, 0.4778875994737389], [0.2685110171437973, 0.19370612931355644, 0.252412321507529, 0.28537053203511664], [0.28149518513136323, 0.1446392342714894, 0.30037592173947136, 0.2734896588576759], [0.278807165584594, 0.10681425166866738, 0.3314775371613137, 0.28290104558542495], [0.21826187470534203, 0.22901176243094315, 0.19724597445416017, 0.35548038840955515], [0.1872782110148907, 0.258666151721514, 0.15382925837186573, 0.4002263788917296], [0.28900804376402217, 0.15044316335441643, 0.10906202097786537, 0.45148677190369574], [0.20615036190386707, 0.2735624830956574, 0.16440685496253005, 0.35588030003794474], [0.2550584711410829, 0.12541983515188046, 0.296789942409227, 0.3227317512978086], [0.2638947809646687, 0.17721492526626725, 0.26603234519240626, 0.29285794857665787], [0.18083989179151136, 0.24882397540683465, 0.1708691988957366, 0.3994669339059167], [0.10686244950301815, 0.2106872980021764, 0.21795241428644455, 0.4644978382083612], [0.34202125001632233, 0.2540952016199943, 0.23487053451899406, 0.16901301384468886], [0.17997184032472094, 0.19863915278671554, 0.22887481006738183, 0.39251419682118094], [0.2930429650635748, 0.13967750238590873, 0.31677556439293625, 0.2505039681575805], [0.2149860761203763, 0.06063668387426532, 0.2077208967964929, 0.5166563432088658], [0.16988264326036934, 0.09548684798282057, 0.21973243371280232, 0.5148980750440079], [0.16810679754583469, 0.16673410634384947, 0.2702991419314982, 0.39485995417881703], [0.10091939111493166, 0.08092635851599057, 0.38066754478105375, 0.4374867055880244], [0.24767925597962073, 0.15324333998616183, 0.2963658152221391, 0.3027115888120775], [0.17011003225160787, 0.1546059482920579, 0.2773288722852195, 0.39795514717111535], [0.2947264556371008, 0.2822236282394979, 0.1923478009646279, 0.2307021151587732], [0.18389811246491786, 0.20376549576814887, 0.2282208988515932, 0.3841154929153397], [0.3197602105654658, 0.2628663682960956, 0.13793981198329267, 0.2794336091551454], [0.21585023557150243, 0.2542959239144984, 0.1746651367445331, 0.3551887037694661], [0.32314425264179386, 0.2599574285256507, 0.21362466197348462, 0.2032736568590704], [0.16879190961084575, 0.3285363149426215, 0.27752365942929247, 0.22514811601724063], [0.41197398355946985, 0.04094252181516287, 0.42558359517951405, 0.1214998994458533], [0.36873083692224246, 0.41066969229097794, 0.0828162716570916, 0.13778319912968778], [0.2379889088482232, 0.1815331891928396, 0.2790356256510102, 0.30144227630792625], [0.22030238218069326, 0.11569981097325495, 0.235301475377651, 0.4286963314684011], [0.26381882669633844, 0.23795547906852405, 0.21011316310148423, 0.28811253113365304], [0.3148118151457985, 0.09467233990278977, 0.35004964332553196, 0.24046620162588017], [0.14300170768475473, 0.2888730718609275, 0.1283279092733356, 0.43979731118098314], [0.16482002396327072, 0.22158306465402686, 0.18949001911817945, 0.42410689226452347], [0.06746114041217068, 0.26550228351372746, 0.15112662882303465, 0.5159099472510672], [0.12716126219135052, 0.25446134407725374, 0.31161379205983053, 0.306763601671565], [0.2277513254281834, 0.22787839018074563, 0.21285068629382137, 0.33151959809725007], [0.12072633858617066, 0.2931015428687257, 0.11322801415837114, 0.47294410438673273], [0.28545895784632397, 0.2649943625487273, 0.21182301590005306, 0.23772366370489575], [0.21713934269078716, 0.21003244650961414, 0.2317538165532203, 0.3410743942463778], [0.2630376388617731, 0.10079836056968203, 0.34132266108885223, 0.2948413394796929], [0.39872279155269436, 0.09658195350661762, 0.38630320824981745, 0.1183920466908705], [0.30828882343091674, 0.1454822699310806, 0.3160739064197929, 0.23015500021821048], [0.15707383200167835, 0.23923227963730612, 0.17827827902986015, 0.42541560933115447], [0.25935928560376775, 0.23810319221609566, 0.20886059260814596, 0.29367692957199], [0.23747766629232975, 0.06511243966480147, 0.3931032699617974, 0.30430662408107173], [0.2803089210725054, 0.2181869272187335, 0.22984083184104037, 0.27166331986772074], [0.1039799244688001, 0.2560517737223746, 0.17435915315353037, 0.46560914865529524], [0.2555152526005407, 0.217674546304717, 0.22386447907135623, 0.3029457220233856], [0.15345467674339247, 0.16329564324192372, 0.2963419408201084, 0.3869077391945748], [0.24315810748900693, 0.2160946440635432, 0.27036630988882054, 0.2703809385586296], [0.27357084315671026, 0.1856831614323001, 0.1745118915598337, 0.36623410385115596], [0.366509436099775, 0.22924626505197848, 0.24046588462257293, 0.16377841422567355], [0.1316106100250378, 0.10673831227104912, 0.31348116373225676, 0.4481699139716567], [0.13499061516612054, 0.14213645951632375, 0.3127736577740853, 0.4100992675434706], [0.24427514614707843, 0.1738267645311357, 0.2682112285906336, 0.3136868607311522], [0.2821464157967803, 0.26984793367278953, 0.19850322220465086, 0.24950242832577993], [0.20952323452119634, 0.3331320687286721, 0.22832024379421373, 0.229024452955918], [0.3149863517697153, 0.22394191648544, 0.18128787068773897, 0.27978386105710606], [0.20648374677913484, 0.16997194560200793, 0.2862295122136923, 0.3373147954051646], [0.2410317937026333, 0.18917473742345922, 0.26634238946298194, 0.3034510794109251], [0.19508217678812673, 0.24353475194737464, 0.19155816213759722, 0.3698249091269022], [0.2819819063552138, 0.12638003981709778, 0.18544817063664965, 0.40618988319103855], [0.3370706914359345, 0.2115431022794914, 0.2664346420335898, 0.18495156425098427], [0.19668467893221986, 0.23325020954256312, 0.18094880383540576, 0.38911630768981137], [0.19645351673933784, 0.13661032055617536, 0.33665780273932977, 0.33027835996515675], [0.38798840982498695, 0.04922348179688202, 0.4126803157971651, 0.15010779258096504], [0.24148955403359065, 0.18870092137315825, 0.2518508322262324, 0.3179586923670186], [0.1613821127667147, 0.15550369546885418, 0.2796203787391155, 0.40349381302531495], [0.2462407432329725, 0.07807596702490295, 0.21721233800732995, 0.45847095173479435], [0.2840585374345233, 0.1258206547555037, 0.3235231228453713, 0.2665976849646019], [0.32273965978334196, 0.2895082573766929, 0.19208215115315283, 0.19566993168681146], [0.3700415647784325, 0.06743078099822261, 0.39955787827672257, 0.16296977594662257], [0.17235346791325565, 0.2170425455533421, 0.21625520411015944, 0.3943487824232429], [0.11344767037106004, 0.196397369952922, 0.22305192021693104, 0.4671030394590867], [0.21148778079332825, 0.2605648342088578, 0.17583618710926935, 0.3521111978885447], [0.21366288623047253, 0.11608717503090218, 0.31658001156167787, 0.3536699271769487], [0.14806382365789186, 0.1469843362049359, 0.29596542556587435, 0.40898641457129825], [0.2251000301679835, 0.2393661364202068, 0.20628129456099256, 0.3292525388508177], [0.27551562325312234, 0.20826247702631864, 0.2465445736005246, 0.2696773261200349], [0.32701809216540606, 0.28699316369917194, 0.18888685202376695, 0.19710189211165538], [0.15014632170102324, 0.1853526829090329, 0.24235900460550086, 0.42214199078444303], [0.23405500225717474, 0.2584249725889123, 0.20771668868903895, 0.2998033364648737], [0.19427663015628344, 0.1575012352588605, 0.28738801079204246, 0.3608341237928137], [0.35042602909129306, 0.30035964170988844, 0.1652002919473543, 0.18401403725146384], [0.17256712314122138, 0.2569029776797227, 0.2772769939062492, 0.2932529052728073], [0.18860873266972428, 0.2075940723265682, 0.21553934912821707, 0.38825784587548945], [0.1655051168968652, 0.15178623203663685, 0.2882203041570857, 0.39448834690941215], [0.2124311857942376, 0.2207945217241607, 0.22504142879268305, 0.34173286368891964], [0.3172795217990182, 0.24777125890087992, 0.22979875521528945, 0.20515046408481316], [0.2724715614910493, 0.17686717553597736, 0.2675374078643941, 0.283123855108579], [0.3862264882439774, 0.3538060142498459, 0.1443086403057048, 0.11565885720047174], [0.0510790600848404, 0.16076193031556277, 0.30520932811028695, 0.4829496814893106], [0.05992163076515782, 0.07966811243068864, 0.3834390703898795, 0.4769711864142741], [0.14201853070685186, 0.12056569955044646, 0.3379672459711034, 0.3994485237715981], [0.22145760442220488, 0.1402307659933927, 0.21806475580629842, 0.42024687377810427], [0.26079111825966617, 0.1788035580820548, 0.2687254996114255, 0.291679824046853], [0.2938642065192895, 0.16391003178760166, 0.18403168289923316, 0.358194078793876], [0.20073296480535752, 0.3206287739583808, 0.22249392421654376, 0.25614433701971767], [0.3525782857199007, 0.2188172417731187, 0.2508383528941116, 0.17776611961286945], [0.14760749001631251, 0.3099372244006347, 0.3067487719227011, 0.23570651366035222], [0.18178377836567414, 0.27040782438347677, 0.2327257678453965, 0.3150826294054528], [0.11746947720404693, 0.3081096270874227, 0.12005591185577298, 0.4543649838527575], [0.13137896428668652, 0.19916004985060137, 0.214777205047018, 0.4546837808156943], [0.23156037701993304, 0.07405469036247728, 0.20941543099837476, 0.4849695016192147], [0.24801316895448938, 0.2747813526955725, 0.18263040458321075, 0.2945750737667278], [0.3076050786344482, 0.10140010429051409, 0.3428609697542219, 0.24813384732081478], [0.2537652459425646, 0.28343789580409184, 0.18601340421171744, 0.27678345404162596], [0.27793682174017975, 0.3355507826510235, 0.12758561054850623, 0.25892678506028943], [0.2373949328501426, 0.20365484420609098, 0.24967079264182598, 0.3092794303019406], [0.26127342060197817, 0.15123107699116473, 0.29783769724243475, 0.28965780516442274], [0.10099742076786716, 0.3119601538651804, 0.11552874989923322, 0.4715136754677198], [0.06980981591949513, 0.07114994247008967, 0.40477804775084153, 0.4542621938595732], [0.22899206215598297, 0.08176846763781032, 0.36659168660121033, 0.32264778360499646], [0.20609480895258694, 0.18542413665365554, 0.23141656377126565, 0.3770644906224917], [0.09128131582479485, 0.3206714148632873, 0.37096165737746833, 0.21708561193444922], [0.19236349607656794, 0.3112909213618681, 0.12155325142064918, 0.3747923311409151], [0.12001226987464149, 0.2552175510734105, 0.18481865979503673, 0.439951519256911], [0.2524934775627434, 0.07273835277363407, 0.15398104961217113, 0.5207871200514508], [0.16780219953967956, 0.29343637138209244, 0.11680847963799394, 0.4219529494402349], [0.2193160097685258, 0.3459641132247155, 0.155805159866215, 0.2789147171405435], [0.18059534468447527, 0.2781830699537781, 0.1535766069036431, 0.3876449784581033], [0.16898698643491403, 0.152650924805282, 0.2826646223143482, 0.3956974664454557], [0.3240335248117068, 0.42445929527325477, 0.06030943878711066, 0.19119774112792806], [0.21742835598670293, 0.3064125643779676, 0.13399114288570826, 0.34216793674962154], [0.1733745675349094, 0.2347959205572415, 0.21344899513996027, 0.3783805167678896], [0.15819626380575366, 0.22552553378920337, 0.1914111121952503, 0.42486709020979235], [0.3194041791499304, 0.3232734817988599, 0.15528799458070108, 0.2020343444705092], [0.11243806211696188, 0.16113893949652977, 0.27224468091064014, 0.454178317475868], [0.14337033157636236, 0.243188598658845, 0.29046490693489074, 0.32297616282990244], [0.2627322965962446, 0.2443634225791606, 0.19804659212621897, 0.2948576886983767], [0.12002997548282843, 0.16925513843706258, 0.24037776881108142, 0.4703371172690275], [0.2452541962056629, 0.09269848559095305, 0.25517535066960606, 0.4068719675337773], [0.1727270864107784, 0.2973254073409872, 0.12374149427871318, 0.40620601196952133], [0.17041765316348764, 0.17377152782466004, 0.24285264257822348, 0.41295817643362825], [0.13947397579590048, 0.2609203236862036, 0.18415162674217259, 0.4154540737757227], [0.16959111348252576, 0.11418356150045914, 0.3119401725597429, 0.4042851524572721], [0.26751670793104854, 0.23455478097143406, 0.1673053195864879, 0.33062319151102904], [0.35550435643006106, 0.12388500640174746, 0.11238695586387884, 0.40822368130431247], [0.3271154395542284, 0.1459255563386708, 0.323693028085552, 0.2032659760215478], [0.3733605441538847, 0.22534517829973955, 0.264635341829407, 0.1366589357169692], [0.25007715996499785, 0.32176998502874066, 0.13610587854926584, 0.29204697645699546], [0.292790971014344, 0.2819961011837717, 0.18849398353228597, 0.2367189442695989], [0.24043083517690872, 0.2721290567520349, 0.19527463519493193, 0.2921654728761244], [0.20505757839072833, 0.2263378279714838, 0.2301301040237955, 0.3384744896139924], [0.33764823878216904, 0.2878050141356888, 0.18403431517988497, 0.19051243190225703], [0.21483577570387144, 0.17261155021511393, 0.32606387572590645, 0.2864887983551086], [0.23363604161515933, 0.14021671142313266, 0.29344527983878993, 0.3327019671229182], [0.3750064850675707, 0.3417682609547858, 0.143380881789843, 0.1398443721878009], [0.21514587337203897, 0.20758330405448036, 0.23206208776328635, 0.34520873481019443], [0.2109646858514295, 0.2688441663455658, 0.23328843185846776, 0.2869027159445369], [0.12117194387971356, 0.12714161113779512, 0.3220420626589705, 0.42964438232352126], [0.33603243439101993, 0.2999781749355509, 0.18003951634952478, 0.18394987432390486], [0.16380885596456798, 0.1760512212568148, 0.2521577520850508, 0.4079821706935666], [0.241984725749607, 0.16889612879874233, 0.2746451781860025, 0.31447396726564825], [0.2546334685294113, 0.25638110713007245, 0.1991339524391901, 0.289851471901326], [0.2772487802837473, 0.1453836182087991, 0.29700683647880927, 0.2803607650286445], [0.13772051474390587, 0.2440936744000608, 0.30078121946259634, 0.3174045913934374], [0.1370603804979558, 0.19084394877361213, 0.3248185755597784, 0.34727709516865324], [0.3066720848668838, 0.3275021697881986, 0.13987157875893805, 0.22595416658597972], [0.18143382974668223, 0.275007573712383, 0.1455507069426119, 0.3980078895983228], [0.32955040089315013, 0.12723225657642306, 0.3309303493605354, 0.21228699316989194], [0.1731240856152041, 0.0524189651973301, 0.2820145177848239, 0.4924424314026426], [0.1288234127058833, 0.2553760879314299, 0.17270284132540983, 0.4430976580372763], [0.09810906339318573, 0.22038774698787894, 0.20869045886901136, 0.47281273074992486], [0.2817576014168355, 0.11395885740518964, 0.33658744493982523, 0.26769609623814977], [0.24651965580729063, 0.25751297756173475, 0.22707367665875394, 0.26889368997222063], [0.05284849343855466, 0.3022034584281293, 0.36727878995306285, 0.27766925818025373], [0.13947065315021387, 0.24482757194074337, 0.19875380116176888, 0.4169479737472746], [0.31330407802457777, 0.27203471293422976, 0.13486506993966746, 0.2797961391015246], [0.19090139511375484, 0.13694351811091374, 0.2994113431797905, 0.37274374359554135], [0.19465849091024987, 0.18532967032194256, 0.2394854062206001, 0.38052643254720736], [0.16833517428033887, 0.21339990498363082, 0.21139234021203873, 0.4068725805239919], [0.18340188382852343, 0.09979573821919616, 0.27334026273585726, 0.4434621152164234], [0.23960777904566355, 0.1809804139751197, 0.2238654762861919, 0.3555463306930245], [0.2882495669779736, 0.17822117557623882, 0.2847277968026499, 0.24880146064313774], [0.1456072045933893, 0.2115819443558524, 0.23611520104360184, 0.40669565000715685], [0.25693458719398893, 0.13460694818584368, 0.32322353406929444, 0.2852349305508728], [0.13436323833253408, 0.07237673596545204, 0.3487543626778384, 0.44450566302417505], [0.31786428039008063, 0.22650793919304865, 0.25201989906527456, 0.2036078813515968], [0.17976217183825052, 0.11861806722183198, 0.3168411694028603, 0.3847785915370569], [0.17636739820505742, 0.22250538757008226, 0.1983767222134285, 0.40275049201143265], [0.2634489638998768, 0.13370011736916168, 0.29857425161964946, 0.3042766671113126], [0.0956360178363063, 0.3007232229019315, 0.1329387130777293, 0.47070204618403305], [0.12733944640659664, 0.2088465250489132, 0.21154845735464656, 0.4522655711898439], [0.34460920277758683, 0.27429309721215184, 0.20398286871198967, 0.1771148312982723], [0.23926503792170448, 0.21253545911474608, 0.2365080949305101, 0.31169140803303913], [0.07351283552947456, 0.11017715550784316, 0.3374833318208314, 0.47882667714185057], [0.0900770437694216, 0.10819092347896506, 0.34905438894168717, 0.4526776438099256], [0.23315022364969343, 0.17430153184797098, 0.254165807357781, 0.33838243714455546], [0.2951179347520502, 0.3035621878040881, 0.16919314099029503, 0.232126736453566], [0.11996844630645556, 0.10305936409594076, 0.3405052711443073, 0.43646691845329527], [0.09293991094510015, 0.2602985774554655, 0.14210756249861267, 0.5046539491008208], [0.2047381630840256, 0.14982084977481747, 0.21216378887415321, 0.4332771982670037], [0.31483988438569266, 0.3000332756911014, 0.16597825434940902, 0.21914858557379613], [0.3326362801748557, 0.3944880850831484, 0.09516615440499587, 0.177709480337], [0.2356666551004544, 0.2879135718431675, 0.16542114890668402, 0.3109986241496937], [0.3099204177456778, 0.08390929904466933, 0.36738083310777075, 0.238789450101882], [0.3029173411902008, 0.13774290422351526, 0.3230584134964087, 0.23628134108987564], [0.21017078035906706, 0.21941140360304337, 0.33780236613114767, 0.2326154499067426], [0.23961472187659175, 0.155549628761208, 0.30528686739676736, 0.29954878196543344], [0.2078058106073354, 0.18246417146130003, 0.256812760523035, 0.35291725740832963], [0.23320564447227016, 0.18156249690409676, 0.3140195202631927, 0.27121233836044034], [0.17845061107887525, 0.1874597611299736, 0.21716994068417714, 0.41691968710697397], [0.19067932657259645, 0.26570102180068433, 0.18295339264565574, 0.36066625898106325], [0.09819285949028994, 0.24896730154062977, 0.16859270128094908, 0.4842471376881314], [0.37147304950662924, 0.34278856405530567, 0.15627319563209877, 0.12946519080596627], [0.09454698638055893, 0.10253204730576929, 0.34777403029320564, 0.4551469360204663], [0.16858923561347064, 0.29159293273233117, 0.25283661686626496, 0.28698121478793365], [0.3086413579059525, 0.17526575845296297, 0.1685313120131511, 0.34756157162793355], [0.09620023352994118, 0.29591630913112094, 0.35271533030144697, 0.255168127037491], [0.2512418163216102, 0.2441332537446635, 0.21486583439724943, 0.28975909553647683], [0.2984869929442724, 0.3477713364670625, 0.12189732003460223, 0.23184435055406308], [0.198409953500836, 0.20546639314015203, 0.2372857684142793, 0.35883788494473284], [0.18600748238300982, 0.2981142460744605, 0.1372089497985849, 0.37866932174394474], [0.06932430234601702, 0.19155975413360835, 0.2678133596732714, 0.4713025838471035], [0.12320476995767786, 0.24188968608250142, 0.18679120678469158, 0.4481143371751288], [0.2886746508723845, 0.3607488298114847, 0.1858612044216994, 0.16471531489443117], [0.1596277800912937, 0.22913528566464034, 0.18793480939442492, 0.42330212484964], [0.18254376334545408, 0.22561338013227003, 0.211489871670651, 0.38035298485162494], [0.08008460202674071, 0.2572089052485969, 0.15113976695209735, 0.5115667257725645], [0.10660767310041033, 0.2856850966616348, 0.13717942906957598, 0.4705278011683799], [0.1770846544931489, 0.17147974763033325, 0.3070752097259155, 0.3443603881506023], [0.1675737551410415, 0.22212521908888927, 0.19658768083962408, 0.41371334493044565], [0.35145489786348394, 0.07092155716378193, 0.3891160826552806, 0.18850746231745313], [0.22337089825876338, 0.2413102557648334, 0.20595568348552004, 0.3293631624908837], [0.29415963511379933, 0.20619064720857103, 0.24452739717005728, 0.2551223205075722], [0.07677051147010142, 0.20907750544367892, 0.22562490494528706, 0.4885270781409319], [0.1784705464854927, 0.09037801102684336, 0.3540926838477877, 0.3770587586398765], [0.18125656823467906, 0.2727544854596593, 0.14080234550942572, 0.4051866007962356], [0.18947251076746052, 0.29002454613534445, 0.15625465294668583, 0.36424829015050925], [0.14916904339245937, 0.265026535804323, 0.16373538515303904, 0.4220690356501786], [0.21010195094957043, 0.32967484493541255, 0.2464869671715955, 0.21373623694342114]]}, "supervised_prediction": {"G": [[0.4471521189422404, 0.08904163227104302, 0.1480618991404114, 0.3157443496463045], [0.5349794857459756, 0.22837778960858582, 0.08461286798950321, 0.1520298566559359], [0.1322092213629736, 0.10567163254586641, 0.07904791547637748, 0.6830712306147834], [0.1485240841433631, 0.39256243928463236, 0.16120073673513174, 0.29771273983687324], [0.39926368301130816, 0.17367900603626943, 0.17868897290011146, 0.2483683380523101], [0.5051807046910092, 0.08247620181215118, 0.15414754969430822, 0.25819554380253223], [0.31084248225250305, 0.15754445544519194, 0.2118558965347877, 0.3197571657675188], [0.3102952879009727, 0.3055089607199666, 0.12372247943224213, 0.26047327194681913], [0.11923754834514538, 0.39979574044788874, 0.20749867906640462, 0.2734680321405604], [0.10522749317755166, 0.10820941375475812, 0.36645018406532676, 0.42011290900236425], [0.44881376463654027, 0.06684911941040657, 0.244260575570186, 0.24007654038286777], [0.1899839925334371, 0.38701507921267037, 0.16991794416582903, 0.25308298408806384], [0.1766856311762897, 0.3014545008778031, 0.28936836341516264, 0.2324915045307445], [0.17197302666338043, 0.2787419077743538, 0.22431265467760683, 0.3249724108846592], [0.11953550237842839, 0.4403159777953495, 0.13942285031329718, 0.3007256695129249], [0.08754089875816448, 0.5089151579894471, 0.1830292739909743, 0.22051466926141372], [0.3732599715446701, 0.1546183681224337, 0.20183698759715432, 0.27028467273574186], [0.2571765548662757, 0.2238961359543313, 0.20684795518246252, 0.3120793539969314], [0.08970645264071553, 0.4763437779234972, 0.23117789338529976, 0.20277187605048846], [0.3276968023515833, 0.2216685849645528, 0.19431240810638004, 0.2563222045774834], [0.15118063363156412, 0.36052911769509594, 0.200933775209196, 0.28735647346414356], [0.07383953649077357, 0.07869180882541009, 0.2642045011266449, 0.5832641535571711], [0.18381540676027652, 0.17684875727958735, 0.26689092110066515, 0.37244491485947057], [0.20400594664524174, 0.2934158329088476, 0.21288647056724422, 0.2896917498786657], [0.6095429194027026, 0.1315247689940466, 0.13363251827399392, 0.1252997933292564], [0.12922852518016734, 0.5859369430885603, 0.12341271320193672, 0.16142181852933474], [0.45985760118637736, 0.20733281559303013, 0.14843565274125517, 0.18437393047933692], [0.07484158765441738, 0.5178816073091969, 0.10443248536144893, 0.3028443196749369], [0.4432736344339393, 0.10306533391720328, 0.15849000991791468, 0.29517102173094384], [0.28023706023447326, 0.19834718455477243, 0.14726966191573224, 0.3741460932950212], [0.17429661340182825, 0.2742216544187967, 0.31340119662998883, 0.23808053554938655], [0.18621354212554037, 0.25990107977910387, 0.21625068195712419, 0.3376346961382317], [0.2612315285940105, 0.1430645925533001, 0.28864464900743136, 0.30705922984525746], [0.2554043809908223, 0.07518809180232887, 0.42880418750390564, 0.24060333970294387], [0.11698087260375811, 0.299114769728841, 0.16585253796727215, 0.41805181970012945], [0.37562067538928784, 0.21936719702323623, 0.12240610513719234, 0.28260602245028277], [0.22611911726152337, 0.47750244795813185, 0.11034429273643045, 0.18603414204391383], [0.18992530879005193, 0.07039787634987792, 0.3413208147734098, 0.39835600008665983], [0.26482585310967927, 0.3015199637987871, 0.20959435826013237, 0.22405982483140183], [0.5457037915688762, 0.09682994007197901, 0.09359848338039173, 0.26386778497875274], [0.17669644269160872, 0.34299082729300245, 0.19197753613166077, 0.28833519388372825], [0.3433331128155798, 0.24490077731544155, 0.11794315031036352, 0.29382295955861626], [0.2644166429175262, 0.4409736926976166, 0.11180337283341768, 0.1828062915514396], [0.2509403080913848, 0.16660900660893957, 0.19921144973053626, 0.38323923556913925], [0.23457838196678485, 0.22758258358415512, 0.1570036587615996, 0.38083537568746006], [0.18853712458358984, 0.2868432718234682, 0.17068396563178231, 0.35393563796116084], [0.2655937595009275, 0.2035325366511904, 0.17386367677225573, 0.357010027075626], [0.5136383030831536, 0.05685961312619105, 0.2664381865855889, 0.16306389720506612], [0.10325584670151375, 0.3932742042306931, 0.16776212279598102, 0.33570782627181167], [0.1677631719234133, 0.1677490263198449, 0.18252819583576685, 0.4819596059209755], [0.43859028510830084, 0.13716291557252566, 0.1866368116964144, 0.23760998762275878], [0.29688833317409485, 0.2228865743452718, 0.16075631074381877, 0.3194687817368155], [0.20373236090630262, 0.3040693965983662, 0.22305528616860118, 0.26914295632672997], [0.22257578016138976, 0.20674119745885486, 0.16912643216159134, 0.40155659021816387], [0.4300846971501579, 0.18226541622260967, 0.15855992540605957, 0.22908996122117276], [0.2797780151728602, 0.11943319582301425, 0.2344753030827854, 0.3663134859213402], [0.34287950438813697, 0.14855379557480472, 0.10864724383580623, 0.39991945620125247], [0.3636570000013442, 0.11265860121858079, 0.10503846709424423, 0.41864593168583075], [0.24266872877196882, 0.19284889614121314, 0.3163936488700869, 0.2480887262167319], [0.23354151337543858, 0.21801164560489722, 0.1402061437626176, 0.40824069725704637], [0.3048664296051999, 0.3684548482965037, 0.12856177278752307, 0.19811694931077437], [0.4555853659263499, 0.08491403646120263, 0.1789027778229629, 0.28059781978948456], [0.4228159461565057, 0.2557168312246092, 0.1270565897357249, 0.1944106328831604], [0.07428157965190568, 0.0974037096412481, 0.1392139491567543, 0.6891007615500923], [0.2063386610924438, 0.6050945876719627, 0.05922411822347607, 0.1293426330121174], [0.36145191871617105, 0.12158606969099467, 0.2548786380512032, 0.2620833735416306], [0.10586601881459358, 0.07611734802283554, 0.41724196522576473, 0.4007746679368061], [0.2908913553866612, 0.3394186809038754, 0.1401715869211596, 0.22951837678830367], [0.3059522959109464, 0.41631497334231166, 0.09347134707612736, 0.184261383670614], [0.20750988213459798, 0.27364215384523266, 0.15119390490701476, 0.36765405911315463], [0.12180403090696554, 0.12296004072789657, 0.19325787038588618, 0.5619780579792517], [0.32140455450187033, 0.19437469808531588, 0.2173754289019887, 0.26684531851082577], [0.4174761086046303, 0.2764003833188608, 0.09833434967027872, 0.20778915840622997], [0.15381838366583853, 0.21931507791045368, 0.20980328789876493, 0.4170632505249428], [0.12147129483935609, 0.19580354501288408, 0.321594394736288, 0.36113076541147165], [0.1191112041808542, 0.32297659297229725, 0.3072259425046612, 0.25068626034218716], [0.38776651467038775, 0.11531967851089167, 0.20763725362181534, 0.28927655319690515], [0.2615546907367458, 0.44586746423294066, 0.10796783542669094, 0.18461000960362348], [0.3178940829453027, 0.3774355286375131, 0.11132421015597228, 0.19334617826121142], [0.24862487945903083, 0.23638903381226659, 0.16021925501829568, 0.3547668317104068], [0.41486296119267563, 0.18314702821281595, 0.1750540770442001, 0.22693593355030753], [0.21040664640705448, 0.4124247546092939, 0.15691445149137978, 0.2202541474922726], [0.24016268529834384, 0.4630275843547451, 0.10316103182181557, 0.1936486985250951], [0.061142296809853176, 0.08396446748376239, 0.05877569362752787, 0.796117542078857], [0.2590630622101046, 0.39264506623927287, 0.07821605817316997, 0.27007581337745235], [0.5753204239625741, 0.04823471890369815, 0.22803064693490005, 0.14841421019882806], [0.2809405265377494, 0.1270773376817986, 0.3202842941549503, 0.27169784162550253], [0.2081186375053378, 0.2831207326694586, 0.2061378972806273, 0.30262273254457667], [0.06094498377159194, 0.47645407758716807, 0.11356958718160007, 0.34903135145963954], [0.15032393020594872, 0.46274098720677015, 0.11610541794818248, 0.2708296646390987], [0.40824907286238044, 0.24736587430879195, 0.1522771176786946, 0.1921079351501329], [0.14883265016184322, 0.15025031692599655, 0.15229104990251255, 0.5486259830096476], [0.3785470145672689, 0.06773050318339761, 0.34242079957339766, 0.21130168267593566], [0.3146012128265387, 0.26322520382796794, 0.19133191041293166, 0.23084167293256116], [0.4549007946534497, 0.13865302905392066, 0.18780498761870154, 0.2186411886739279], [0.42269424955383766, 0.16952160