{"estimation": {"a": 5.4614762412651086, "rho": [0.22098070071301168, 0.05126305091154105, 0.08898486895931987, 0.07456755635256485, 0.12482985527767551, 0.12061711575188507, 0.05992101048505895, 0.059163177071925636, 0.06676967505870111, 0.04612441667663475, 0.03508464375384863, 0.05169392898783324], "Mu": [[-3.247500259032486, 0.9141981731910522, -3.3083570081224156, 1.8430862224406663, -3.7490393841524665, 2.8298899287503256, -0.20910894309103667, 0.6040114344794943, -2.2068340734135266, -4.871197393808578, -0.5064529777271013, -8.160948627562478, -1.9127205026337506, 0.8929481048275657, -4.448656451227137, 2.4051180278019277, -2.846248156160103, -0.6094522891952628, -1.5595488226737546, 2.3104946693484028], [0.15193374544761393, 0.10165232553116663, -0.25095811087874514, 1.720582418927133, -1.4277849997241276, 0.10408081151447844, 2.0225308041183774, 1.0913712310950923, -0.46789274503364037, -0.016493053351614984, -0.3118048398014737, -2.39067915523278, 1.395615245669828, 0.23839829255782866, -1.2199909857445075, 0.2117351021094109, -0.5079469888466065, 0.19013890611932532, 0.0665663091627622, 0.5570920249076666], [-4.690708397318499, 1.7893602122740522, 0.138451843670947, -2.0280333445013246, -2.6541093690959756, 1.2793050609478889, 2.2495027871371858, 4.087682609117851, -4.657859933001802, 0.5507264996389868, 2.4452825075383213, 4.429006532346524, -2.5538150241670525, -0.08167976303561912, 3.9174635076270934, 4.910245672897768, -2.5036231319014384, -0.2194495941720184, -2.0677443784202625, 0.17669222469776275], [-1.004411370360104, 1.097944269486818, -0.17307594759105357, 0.2243947366004805, -0.8252918161603967, 2.4979855206837795, 0.27714191205884475, -0.05742974423187259, -0.5356086068192266, 0.006898540249533559, 3.0605926295891543, 0.6134429860534141, -1.607371215247953, 1.9742573108011987, 0.4914565461416852, 0.3773738128476187, 0.7759538890067021, 0.7662239282528176, 1.0660926536041813, -0.530104900369756], [-3.417238499500547, -1.780475857054626, 0.5387147895928023, 2.8950189197921263, 0.10630675193163264, 14.936759609238784, 3.847243119341374, 3.088905361856656, 1.702734127551033, 1.1233481244952073, -8.868387133452048, 8.703960203638134, 5.860028655355413, -3.7283558466846474, -0.1256785544177414, -3.7992465920074214, -0.46648493865914786, 7.924078736843669, 1.909045081965172, -14.926430643176841], [-0.7100231095221592, 2.7178871535087477, -2.162815642678769, 3.1367561556386887, -0.6914822626429178, 1.556069930599878, -1.192884319520248, -4.229943468017123, -4.394944856068769, -1.586883607626141, 1.7795419084223172, -0.04112790554360927, -2.3723974107765744, 0.8345945890076293, 2.310201045685591, -1.506322965446549, 0.981915034614381, 4.255748377318001, -0.8423117242347835, 0.8724731319416599], [0.49346094039497723, 1.000417439213331, -6.478404172770554, 2.7106380433567345, -0.2069167351347985, 0.05327511464889466, -2.069074891814153, -1.3709926015000307, -2.488998319856549, 0.10091397876245099, -2.00918386578201, -0.3129815517332567, 2.590536401389992, -3.1626730242672303, 3.589213679356957, -2.6470509987108284, -0.16260584476994763, 4.859594436678615, -0.2651863404671427, -0.13571124178797503], [2.3720574004535226, -0.6925408415525581, 4.203135128555559, 0.7449138001748485, -0.37991647642584314, -1.86241165114322, 2.671808160460633, 1.9964456526689338, 0.4460297658263825, -1.9737181887595865, 3.2399970292429305, 0.3197254626087538, -2.185797140031763, -0.7214592151838036, -1.2661511725172248, -2.859496445757747, 1.82153948521253, 0.17007060448712252, -4.423056698263156, -0.0016123594888846644], [-2.4283470075609084, 1.9894695072835042, 0.04584499968376682, -0.12639635845105926, -5.175320827883534, -5.233529169973398, 0.9947474373658785, -7.4921106343073935, 2.9398918700438212, 0.23186152300829502, -0.48912702597810914, 8.09669834261967, 0.9515857610233042, -4.645765576995759, -2.9589719530420133, 2.6525919984101245, 0.6470983816560277, 2.227529034151688, -5.310956436955279, -1.4403862764681243], [-0.11397971007860647, 4.070715801613639, 2.2368366482816526, 3.1512514365008646, -1.2668446978077479, -5.076938483594361, 1.5674345466609283, -5.08231816405387, 0.611205106650416, -3.0169819721731472, -1.3417597974678808, 11.662488340185693, 1.657433375127725, -2.281352003871579, -0.11795824626963863, 5.142723260645098, 1.2299776659689516, 1.0098849406290271, -1.5934137546313665, -3.820791585184187], [2.306374002381227, -0.33219717152926287, 3.8308867851472623, 0.5722325179199388, 1.4077766531514857, -2.0596836891415293, 2.096156807796624, 0.7993622276051492, 2.922735467401823, -2.527869505640831, 3.3694189458617863, 0.09490706518960926, -3.0979113174867394, 0.2903866217977647, -1.2532351318210146, -1.3518126282435208, 2.032299588855085, 0.5623230277575392, -3.852699750471608, 0.001060199516188025], [-2.6237526919512346, 0.20624598252357562, -2.427659377081005, 2.1428478794723063, -1.1851345524261123, -0.5621453461691176, -1.0929189742697991, 1.0870830725983198, -2.5554096335305156, -0.4543063459983451, 4.241001209602065, -2.0697958768096405, 0.7768200222296763, -0.722553890165044, 2.0758793328631224, -4.250817356638088, -3.202327490558167, 4.362655590241232, 1.8883060021961982, -1.3043247847964128], [0.565050589451804, 1.3248800509249554, -3.7840328616272627, 3.779581621684278, -1.2701766635114562, 2.9257776989780844, -2.5556477059101996, -6.134812035816115, -4.033939791708974, -0.7100173563810436, 0.14288265804239864, 1.286349494814877, 0.3253583611414302, -1.5519644823051302, 6.1678495796277195, -2.794715394401463, 2.0711676189225865, 1.0921453735280127, 0.006679265885643899, 1.5158575769568856], [0.9140460825457378, 1.7226492653595353, 1.4050982558740412, 2.4525568331910934, -3.4601913792485237, 0.22930756870378, 2.4394058428044, -0.11795840788956863, -1.2627146555859945, -1.7086611724027445, 3.4457757583800377, 4.0585265763508165, 0.652520315011268, -1.0848482201978946, 4.051190421168183, 0.5000441990267211, -0.7702860510347074, 0.23481404228958794, 2.2936720694434487, -2.703302245166237], [0.7682566953559073, 0.9460272732786745, -1.7033983155301928, -0.9871297892702652, 0.5274963080424182, 0.21970741103429156, 0.4598090385499437, -2.137428243004065, 0.2553604766118433, -1.3684571444911613, 0.7201973411410314, -0.18249404471573388, -0.33454733733335956, -1.3031308958572836, 0.8561510997161261, 0.06372661212164324, 0.8993165317846923, 5.094586373779208, -1.7642676957462522, -1.3080562492385412], [0.011973024843944616, 1.1433790690198795, -0.7076332598245114, -0.11334654961922101, 0.2558950062132448, -0.6909437288594986, 1.1702596080273187, -2.926526839945625, -0.3244458462172379, -2.520444516731428, 2.722297169131724, 0.9675619987646561, 1.1360153719131147, 1.6487988560806965, 0.005522900581963682, -0.7995362156208613, 0.1278268304799569, 1.5145165038265485, -0.8997179753890261, -1.8089589230517802]], "Lambda": [[0.4318122510895678, 0.2749617815834563, 0.24669170832459922, 0.2757528336632682, 0.8965490417036325, 0.710161238738393, 0.44757508910931587, 0.5623305150820295, 0.828618801519603, 0.33041372211580566, 0.971356236634632, 0.6501728038763294, 0.8547114633696963, 0.298775145302073, 0.8708369900680554, 0.550795277005132, 0.475994731060583, 0.5836145269630699, 0.4105806923223639, 0.6146339583615875], [0.49873223109166326, 0.48392084814660685, 0.4432294309284961, 0.40296935056060135, 0.4429865681914299, 0.5742730087412324, 0.486036652488168, 0.45021440927635215, 0.5475272675647206, 0.5405540050935886, 0.5567601784177806, 0.4458093551906681, 0.5596998214353778, 0.4070265777606807, 0.5191882242761096, 0.45112232384624706, 0.4934546142788691, 0.500940622948237, 0.45457839898061386, 0.488752306836726], [0.5587972221626358, 0.3669594299883882, 0.389671051139923, 0.5520618086061766, 0.4171952069939392, 0.34890911450285406, 0.19366767338740085, 0.5419478991611735, 0.31634949109358035, 0.41680942030779944, 0.5876160526820176, 0.5475907446568844, 0.4559296482032732, 0.7725542015299695, 0.4575849624342938, 0.4568784832659483, 0.5761359506744231, 0.6284757924907493, 0.6641977501748934, 0.899535153035817], [0.46529082380857034, 0.4948166376739332, 0.5142737055898752, 0.5526375965531997, 0.4665466977140577, 0.3972497751139481, 0.438927383946629, 0.46178425364260656, 0.4688903835300674, 0.513702611704421, 0.4288627043383828, 0.5159870214981673, 0.5188733858481283, 0.5153393180249026, 0.4962174123930549, 0.49682374329607804, 0.5011565684845646, 0.49634453941599493, 0.5382274042579213, 0.5620498355727491], [0.4876523528320784, 0.8756028915304936, 0.5969499455672721, 0.7406450430226045, 0.6356821428864219, 0.12255040509970831, 0.3820016241271636, 0.8409563551238421, 0.45940160982808464, 0.593044507062885, 0.4138254661272468, 0.05217363226468588, 0.39885672283419926, 0.17204946245201314, 0.08474824526667904, 1.0212516788089505, 1.1678318908221395, 0.41121177372782963, 0.3360980156836366, 0.22661817862301045], [0.24889063979168263, 0.43051774560032696, 0.5715582873872053, 0.451087156662185, 0.6755493888367569, 0.4737082732103392, 0.5217354744753385, 0.5922550080044214, 0.6421985880084544, 0.499336492835181, 0.23156395313762357, 0.4665097516200074, 0.47984932990334145, 0.5033525593256306, 0.4929267793475138, 0.3424740426727974, 0.46632380597611, 0.3179929266828055, 0.3207308849819737, 0.7272494814376772], [0.37257294256902573, 0.5073410985766329, 0.43714369125577307, 0.40338292361827643, 0.4964705147519387, 0.4398976129045497, 0.6052571136003492, 0.4444772383157095, 0.8666420306761677, 0.8279409029063629, 0.31145793278376027, 0.2529547493907283, 0.6890583918468579, 0.2720042265429502, 0.3804361586553767, 0.48703699268890316, 0.601316494630747, 0.5750168847909186, 0.40847979727120604, 0.62907266076957], [0.4257725002497511, 0.8959264923449962, 0.4512629232089571, 0.32953814409699056, 0.48891468814475525, 0.5324269078496584, 0.42677139050176677, 0.6231965721971374, 0.23093549155114118, 0.6878935021141408, 0.397799343891339, 0.2130118784215522, 0.6034126719709322, 0.6366470684328309, 0.6590915624361494, 0.2273818498941096, 0.38641263161892747, 0.4625634619525214, 0.5240823727686409, 0.35790674891095425], [0.7088527214355663, 0.5759325248721551, 0.6348410876660934, 0.3960808730550353, 0.6468181179421036, 0.31466778760357783, 0.4607208800000881, 0.37520268452152156, 0.651257254498721, 0.5633002142592941, 0.5049343646993036, 0.12331400983082434, 0.36406843890159735, 0.5488899077360319, 0.4188052972735867, 0.4697289829046799, 0.7978225031213413, 0.4848484028324057, 0.3286630122937472, 0.9357806677570565], [0.7509358317622025, 0.29786613774026904, 0.4791883207291794, 0.40398802162470027, 0.7305521993650566, 0.49503545853532493, 0.4519351400648327, 0.6511025364336426, 0.7541641853310651, 0.5589322669958635, 0.5598105725503206, 0.19987552125323016, 0.24081272960787659, 0.5122068024962226, 0.2937530742152365, 0.4338058431152827, 0.6865557976485278, 0.4481755487009708, 0.28164357491196146, 0.833370321961374], [0.3821203337140665, 0.7256777754507318, 0.4461565901992141, 0.3859960581147469, 0.46485997109489413, 0.5104989372965048, 0.48667256611539844, 0.6759444314791166, 0.25235657445837706, 0.5789767217836196, 0.3819623086266452, 0.26912496976132927, 0.5639049377730947, 0.6317879563886049, 0.6492782899408368, 0.303071524377455, 0.3638942417494162, 0.5197145345892077, 0.5023203709405994, 0.39580710615782794], [0.4328517608406385, 0.6721410166586986, 0.6134175971714323, 0.6143564480533441, 0.4775005059234074, 0.4600652464670275, 0.4563001952261082, 0.38163758283506216, 0.5351116094701279, 0.5825370985288384, 0.28159741147724704, 0.7174864176024186, 0.3852935735376281, 0.45606296562806964, 0.528705934543165, 0.3654582743846846, 0.5535319220096564, 0.2652440693022294, 0.49175555180060443, 0.5977576878944443], [0.23908962058223163, 0.5134276428336877, 0.509227530503607, 0.36026858637626896, 0.5945230220292221, 0.3827138529760829, 0.48968494784499456, 0.37662659200005133, 0.7815051877563852, 0.8479887556659915, 0.3141622293097525, 0.23117292370294448, 0.686695834872206, 0.3144694333135877, 0.32459132042950695, 0.4740301512218413, 0.5200583970371546, 0.585174337832063, 0.4049235764111427, 0.9045481263203697], [0.5752761882349144, 0.6130506678680749, 0.6054950205019359, 0.5211720037199976, 0.5265450211079705, 0.6368458769108302, 0.527222820729562, 0.6546814198510096, 0.5323218245177738, 0.6707677752912113, 0.44074499451114624, 0.6854969404612172, 0.22594591787064122, 0.37928809627796006, 0.41391825447734276, 0.2901533222206827, 0.4246127901435365, 0.31141599871133735, 0.4492732391626604, 0.412297124657751], [0.4144699563628743, 0.5023792396197444, 0.5141636788993642, 0.5723503994202193, 0.5208934919036559, 0.44477539577472974, 0.5248128050243187, 0.5141304045904125, 0.502095028049556, 0.565552304169163, 0.37181058330109146, 0.34998591233963305, 0.516711029327885, 0.3515943888773834, 0.5155877302558933, 0.4658640213016301, 0.5119750517253052, 0.37088671951874624, 0.5165510786705209, 0.4595273146130035], [0.43473050412886843, 0.5220187015851631, 0.43686845239979916, 0.573384983185178, 0.3900385955968109, 0.32529514755156996, 0.46181933538938486, 0.3324652070426603, 0.34059130459871617, 0.5102531860249825, 0.30720217162058533, 0.29668387344188507, 0.45733548240591976, 0.391721041275831, 0.428184850304413, 0.4298071821358252, 0.5943376904430181, 0.49519658339446465, 0.6498569837754269, 0.5040461186027048]], "G": [[0.10645978348770015, 0.03432349176419521, 0.17781557980071463, 0.10701480468434282, 0.08952870044387637, 0.061023019708757724, 0.07617550776901123, 0.06173866236578492, 0.15761918052405663, 0.05487807443825222, 0.03870857933657072, 0.03471461567673726], [0.1251321537879564, 0.05930521920538672, 0.1242007184310906, 0.07184782393883096, 0.08682171466239115, 0.10382139214237161, 0.05681033090734951, 0.1309210074748845, 0.02904109347276393, 0.02788887514844506, 0.048742652957384246, 0.13546701787114523], [0.1350940129425681, 0.01903846567448706, 0.23098457191962873, 0.018448717469175927, 0.14862604318510575, 0.15211539039171462, 0.013392297207963989, 0.05356157253293394, 0.16168896450279258, 0.016730279422667634, 0.01865816816138003, 0.031661516589581634], [0.16643398196187292, 0.08814755734914406, 0.11336272940000085, 0.07911453925853522, 0.07563462332714191, 0.052287751413690374, 0.05189872900297463, 0.13901016150503814, 0.061568540758110774, 0.0648623702119757, 0.047708391977190664, 0.05997062383432457], [0.400351623858481, 0.03633358164340922, 0.07522341264932207, 0.053962911073087205, 0.12004745970794253, 0.09739010495851562, 0.04475981645774491, 0.055049769438775, 0.03856868625864483, 0.03160200296645963, 0.017714478605482923, 0.028996152382134807], [0.16486403764056187, 0.03695967064437844, 0.02621237267814017, 0.03988073513563715, 0.18107173314029976, 0.28641989206931534, 0.03544904528166966, 0.024964723630975218, 0.022725686006006336, 0.12711214796890954, 0.01428332041793356, 0.04005663538617263], [0.11298686002517597, 0.07821723507118816, 0.07916337951842065, 0.05852022247458217, 0.14361039160923272, 0.10928958188228671, 0.053651798594004374, 0.07989018449407168, 0.10521906982253817, 0.05455588839269953, 0.04930391698636259, 0.07559147112943725], [0.054808065301270414, 0.11496730155038803, 0.09876277576472342, 0.07153274771298578, 0.14726024127507714, 0.1171514536405095, 0.08416513799166885, 0.0818748732811012, 0.04182807352887743, 0.03583437524385571, 0.09518452989658453, 0.05663042481295776], [0.6311453745522175, 0.022341987168542177, 0.050099247550835516, 0.021158694401711524, 0.07024233542459077, 0.0758970417421088, 0.01710719195387715, 0.026242328892558807, 0.03495546973010549, 0.01504620852337913, 0.012706925133713768, 0.023057194926358878], [0.06714697282543704, 0.01634305972597284, 0.043428340664895176, 0.02044202447952331, 0.36683258528222573, 0.33592174049132273, 0.016758644491313195, 0.028073373053878796, 0.031216246560493054, 0.01838036720774941, 0.024593122707567704, 0.030863522509621537], [0.4952769791520839, 0.03302263066274548, 0.0772016563766128, 0.07548037013069173, 0.029258044635039032, 0.029832147165553956, 0.06534546537034032, 0.054436058598729735, 0.03175671878872823, 0.028138269444854126, 0.026854638027600672, 0.05339702164702003], [0.21216242545151084, 0.05360344949630875, 0.11922472373422428, 0.06204716453478455, 0.12018947569526486, 0.12097076358014235, 0.0524089511181364, 0.09402217967894537, 0.056753514615606376, 0.03295004151647504, 0.023997279771523817, 0.05167003080707738], [0.32365350670513904, 0.06675959970959008, 0.036285349800855536, 0.14174536521963643, 0.08643267898018317, 0.04674533676151472, 0.10707218253073905, 0.04716982896314129, 0.020815727986068573, 0.021591914810903733, 0.028693387438062733, 0.07303512109416584], [0.1633102027764836, 0.0382041317617037, 0.14342611653150525, 0.03672310641223146, 0.16459250187092583, 0.1503421243439811, 0.030010376598060124, 0.0782266577224445, 0.08917924774938787, 0.026866794894473894, 0.021587536580591326, 0.05753120275821168], [0.05721661636382675, 0.15268824020836586, 0.0942816737143014, 0.05067043521057876, 0.04307947012732077, 0.06847926426719826, 0.031935913598767074, 0.12429374026343858, 0.1802359526541669, 0.09921038616552062, 0.03344980174196849, 0.06445850568454667], [0.06869358212765043, 0.029410859388209896, 0.05641593174761986, 0.03098447375539089, 0.32452101137005157, 0.3305919165078229, 0.01914264333081702, 0.04413827374163586, 0.02728551740184864, 0.029755417224109362, 0.014130724967791927, 0.02492964843705279], [0.36321544645836457, 0.04266105587078799, 0.07688055153770866, 0.11399060714616122, 0.07633149234752368, 0.04626817134987703, 0.07780583691331758, 0.056762442194949136, 0.0635635348146593, 0.022471056927204934, 0.01981197314723179, 0.04023783129221421], [0.18085343914504204, 0.057598991948526655, 0.07579100500359073, 0.17746323298323444, 0.054434784672960035, 0.04092290563114418, 0.16340941934630313, 0.08374315001628693, 0.033607407063907774, 0.033363961856088635, 0.02770347499781639, 0.07110822733509893], [0.36981754482658874, 0.01643118553232612, 0.05074492881091755, 0.029077834654711292, 0.19424747819883847, 0.2172340411370473, 0.022508723480220875, 0.02036078474932009, 0.03479496573280415, 0.017470507460974154, 0.010907676572966124, 0.016404328843285413], [0.3053064443911494, 0.020497179496247697, 0.06405550673597683, 0.09982259110168022, 0.1440008230322256, 0.10355293999260173, 0.062055045025114185, 0.04676612117044927, 0.03569059237801898, 0.04390308557892076, 0.03892297170786092, 0.03542669938975432], [0.13111531786879102, 0.03792150454359395, 0.032814770049450416, 0.24534617575260304, 0.19788978856009884, 0.05579233382672712, 0.13471005723861884, 0.021118186251890714, 0.03575805970650155, 0.023885570869405053, 0.045462581232075486, 0.038185654100243833], [0.5974836527819977, 0.015245151822174546, 0.022566433260154287, 0.08105400323211484, 0.050481126558205004, 0.03588302202009352, 0.08298555379463952, 0.026957462741662833, 0.013171272399639786, 0.02642674120873817, 0.016121615282574747, 0.03162396489800524], [0.3225405451510067, 0.17305991437119317, 0.13711839371628745, 0.018188422868281453, 0.03479568931933376, 0.03448909475050736, 0.011365340937718942, 0.036944230693139075, 0.1936205368713603, 0.011010296793852813, 0.00848367382338587, 0.018383860703932678], [0.5773734014540851, 0.030014762065171518, 0.06456808598996493, 0.04253735422109751, 0.03884208093826454, 0.0320618684121762, 0.027875984446709943, 0.0769815720348357, 0.023452235006028093, 0.024262836952400876, 0.02240079613917333, 0.039629022340092565], [0.567615953700062, 0.014993649870931412, 0.07091048440404395, 0.022620651813738644, 0.07539337207587202, 0.07700481450591423, 0.016376260717117383, 0.024124634611377774, 0.04975007644197539, 0.022469612482570407, 0.02714507553102934, 0.03159541384536716], [0.16070888285937637, 0.07112125980625932, 0.12772631414600402, 0.08665124339960556, 0.11341231939724877, 0.10845369321686543, 0.060118187156632245, 0.07083112963756967, 0.07576569038088732, 0.04432664070424584, 0.043809172133969294, 0.03707546716133604], [0.26920963273364185, 0.012926070901195921, 0.026826497862344062, 0.06279635632382131, 0.2347020305905265, 0.17582816495208783, 0.04989583217156172, 0.014170312167643482, 0.020380987459707196, 0.019140407115137252, 0.042752816103076415, 0.07137089161925655], [0.17735419444568004, 0.02144841750234891, 0.026419877415597932, 0.020749794382950472, 0.09125510902130174, 0.313344217840978, 0.01809368670021566, 0.014602318209919866, 0.024431966364455257, 0.24845001578918532, 0.016767779167726177, 0.027082623159640575], [0.47457980332695937, 0.0353411738152614, 0.04192752554197345, 0.029017436451290703, 0.08393458606785158, 0.10926313497941224, 0.0430340713250276, 0.022672304662178202, 0.037789718486296066, 0.053800028123466, 0.02774303195486628, 0.04089718526541678], [0.05467756902002684, 0.05406763472639682, 0.08877837219120491, 0.04068100661741798, 0.12084560921805286, 0.109558502347759, 0.03103260815809964, 0.19580971179874412, 0.06666589747421575, 0.14577472535833305, 0.029426066874200872, 0.06268229621554829], [0.07196239970128333, 0.04539851510696176, 0.08182687751971811, 0.1534438217846455, 0.11755057607684694, 0.10322471007053216, 0.12732230165546343, 0.026268484697105337, 0.05385230701190247, 0.017521562386468823, 0.07825992861123128, 0.12336851537784067], [0.6230608093902112, 0.02373372323256043, 0.03548543940192812, 0.0428170043723472, 0.06011268381289054, 0.03521493993633228, 0.03220815360698325, 0.028346373998406577, 0.021173759661304036, 0.022454012659390617, 0.029075331915166005, 0.04631776801247933], [0.1001886816637234, 0.0528262947511661, 0.06124536453489734, 0.14547603010003457, 0.11461957067142155, 0.11533913641423842, 0.13264825027351781, 0.06709295859459763, 0.035808590444096206, 0.0624401574778149, 0.04385548813901595, 0.06845947693547602], [0.17640730774218819, 0.018351466998739872, 0.06684762245540471, 0.03842267155610573, 0.09416504364404683, 0.08257669781058731, 0.03281248512096309, 0.14298974782739043, 0.040844717928561466, 0.13182643017568998, 0.07701792983823869, 0.09773787890208374], [0.13970386023073356, 0.034331202572439753, 0.06766819518358354, 0.06553810200455197, 0.09632392806267576, 0.08469747132128516, 0.05951831040561901, 0.20880062209577804, 0.02840453498393386, 0.12486626115844664, 0.025139621334837697, 0.0650078906461156], [0.09736992125844095, 0.03930640206453189, 0.04031262205823892, 0.060823936750202104, 0.28913250600500495, 0.28466413348747316, 0.05729206079970812, 0.035700513365752286, 0.021421990170951283, 0.016386044801481706, 0.027901373356943152, 0.02968849588127148], [0.07689587330316808, 0.021470024696213962, 0.039287290932884134, 0.05387211031043371, 0.23542522700542776, 0.21356144566648072, 0.050570807105763005, 0.0864565212979296, 0.028063404911810856, 0.06522442659818256, 0.040433171032996866, 0.08873969713870881], [0.09156244257039534, 0.018758154978672323, 0.032105788067605445, 0.11807326166651987, 0.21464937846768867, 0.06791032663749244, 0.11544829594095832, 0.02687526351138287, 0.01699358804686232, 0.03241585117278636, 0.11008753645933335, 0.15512011248030225], [0.4002903708190763, 0.016419149847608953, 0.05401814070585954, 0.09648809429675616, 0.13384736806917652, 0.11748714445065292, 0.04723467290364393, 0.033320165875462805, 0.028977634958675315, 0.02176130840496434, 0.014252525502993206, 0.035903424165130385], [0.17281750502698315, 0.03131732836662199, 0.12866391456676218, 0.024590176233187, 0.06693409200371028, 0.20482039330442123, 0.018873020492889414, 0.07632790355324494, 0.046899940681570905, 0.15944455997438522, 0.025890642794057027, 0.043420523002166596], [0.22031095368700698, 0.05965235034320038, 0.10717314911061623, 0.13736053330547485, 0.12817465254169794, 0.06941994760772224, 0.06382263890640846, 0.061500496080680096, 0.08365153204150085, 0.025951530555706127, 0.016475875017875632, 0.026506340802110204], [0.4756705606182073, 0.012880984477345722, 0.043993440682136585, 0.13233175116713997, 0.038215936368266194, 0.054295973501766535, 0.12021911309755455, 0.023912652751057004, 0.026692198977940042, 0.016510688436742697, 0.01630824332454649, 0.03896845659729647], [0.3559485858013147, 0.026015701745806596, 0.06135677313128775, 0.0258135777272853, 0.19836943732161405, 0.19453118897260352, 0.01875284802103614, 0.03239464447308928, 0.03517606523873607, 0.015437942897920538, 0.013935675058789343, 0.022267559610516963], [0.18013751405428158, 0.06967271965988014, 0.05568591544297198, 0.10355099385256368, 0.08500740418073877, 0.12319444579348246, 0.09781453739165867, 0.027664128198222924, 0.0484518343322137, 0.07137387006090251, 0.05867489317645899, 0.07877174385662458], [0.16545712147351097, 0.07168077345078633, 0.1040453814301352, 0.05764758398586902, 0.05718442492674325, 0.17656687815572406, 0.052146167765399334, 0.05952945174484101, 0.051079943075976623, 0.1291738077552139, 0.039082349376321074, 0.036406116859479025], [0.1967460832874541, 0.04744036495461265, 0.055479159057222845, 0.17088848813680577, 0.0690033839212643, 0.08577311447660604, 0.14131568807609385, 0.05225579319667557, 0.029399656805804055, 0.055018168643013426, 0.042017616708686305, 0.05466248273576136], [0.197622220007614, 0.09099036109337613, 0.10887043168523942, 0.09331214620160697, 0.03817601261017709, 0.04782332482744103, 0.07698673281488567, 0.12391199858405308, 0.03249332430769978, 0.04947233003783093, 0.05946882485137962, 0.08087229297869625], [0.05597229713757889, 0.055685543439543454, 0.05172828940849203, 0.042234061509052755, 0.18844451373716026, 0.18464284955919955, 0.034515253447220326, 0.12988881754602163, 0.06813849985677266, 0.1150549707080215, 0.02719837232684014, 0.04649653132409648], [0.04049899691327221, 0.05931390643262048, 0.0653536538376083, 0.09428653038383404, 0.10342699038909406, 0.2223494317331291, 0.09804429539196167, 0.04508215954547163, 0.03818775541653391, 0.14986188279372198, 0.04312777863958133, 0.040466618523171946], [0.13123788889353863, 0.03526647342568124, 0.20014314750935897, 0.040005416639719446, 0.13190207498497145, 0.14486518447181151, 0.03460982337800254, 0.028661203167553058, 0.18380846831348058, 0.022258189510130526, 0.017463848199490855, 0.029778281506260953], [0.33081149103535046, 0.059109700299025035, 0.0612193430502614, 0.061353123570620005, 0.08301490017769787, 0.06410702343726732, 0.057326600260195454, 0.07101027692815506, 0.05401593245349947, 0.07170781243154177, 0.029493324282544576, 0.056830472073841384], [0.16479467155766303, 0.19514743596357653, 0.05040410328642734, 0.09053218611435399, 0.05791707208720845, 0.03851692369793326, 0.06498824344749896, 0.07608550488577044, 0.11693194093460102, 0.029162622140841424, 0.04957884967864784, 0.06594044620547797], [0.08428151297602438, 0.01850757618438088, 0.03684280761196582, 0.29583460687434715, 0.0590777084678481, 0.054261616768467164, 0.2832902728618218, 0.06343313141097623, 0.014632194348948786, 0.016699279187400353, 0.016844544151188447, 0.05629474915663106], [0.284413412671318, 0.02629984576115995, 0.07100284423946499, 0.08436667790920005, 0.0764690301935012, 0.13391141547257016, 0.059411023635434004, 0.023522206436868004, 0.04873048498399299, 0.07408307057959503, 0.06527472251848046, 0.05251526559841557], [0.08822202185456937, 0.10399460820659899, 0.09664608483485095, 0.13543486765006046, 0.10129616498586101, 0.04465431843166898, 0.09219862557636739, 0.09368009368271064, 0.060289847849319955, 0.04981152371845569, 0.03147914823582689, 0.10229269497370978], [0.20670228739083688, 0.08021145828877038, 0.051165923808960546, 0.08418445047500762, 0.10647939766724883, 0.07601157670972912, 0.06841547716455226, 0.1081781663448275, 0.03763985626290611, 0.09047475635298317, 0.03846928169637958, 0.0520673678377982], [0.08075177422006706, 0.03938544800231138, 0.20041560682162357, 0.03145291188538553, 0.1766100827004095, 0.1735345199906171, 0.02985976425648828, 0.07703653063918064, 0.10198991021314968, 0.016834103283620824, 0.016924469905157478, 0.05520487808198884], [0.12980676443089312, 0.05177884791619427, 0.21347651029735207, 0.06800300822234415, 0.07751816631420924, 0.0708807524224314, 0.053983273351845204, 0.03838406442392259, 0.19228427957632752, 0.028048022161964788, 0.03513444239760851, 0.040701868484907804], [0.3853779823996216, 0.057596250757757886, 0.06557933880399643, 0.039945025139663415, 0.11298163831741176, 0.11118703211805302, 0.03336172337243331, 0.022502425090697838, 0.07037956442354643, 0.024921343226861167, 0.03257449148145912, 0.043593184868497524], [0.5455244583646077, 0.04084931079374947, 0.03476871240358584, 0.04755438112808587, 0.07002222815491485, 0.06552712407745577, 0.04125123817948864, 0.051332207208175655, 0.020841027297448928, 0.023086384713018767, 0.02290493088800238, 0.03633799679146635], [0.08709131173760218, 0.03872507345392515, 0.04369682400509245, 0.1592232163158641, 0.16347420342259747, 0.16178416421704825, 0.14401325639932946, 0.035921958830593764, 0.027914728930567373, 0.02023063996588728, 0.049285296214608657, 0.06863932650688379], [0.12223503407407638, 0.035091872083241396, 0.0327948223895253, 0.041735646505059475, 0.30645524129386925, 0.2655846131231588, 0.030134742003250628, 0.021264616533122525, 0.04810997640307077, 0.01658193665575399, 0.029615870770167356, 0.0503956281657031], [0.2690107978642078, 0.04071048037353447, 0.05376999438065091, 0.07520620391688407, 0.10269400752389395, 0.16056532876640156, 0.06094443008381138, 0.04739096055281759, 0.03262201719310007, 0.08136447783420245, 0.024991928855785498, 0.0507293726547103], [0.21486161728332606, 0.036722733549268936, 0.09060505259433954, 0.055157056319005186, 0.1829380715966879, 0.1856371466377383, 0.044421172923896836, 0.062184277073921844, 0.04608966623169333, 0.017461743398003094, 0.020687118815096942, 0.04323434357702226], [0.23769541882453782, 0.03965872259885361, 0.1520015357638446, 0.05091912547870193, 0.06348743145580402, 0.06467816284646745, 0.060331137447260305, 0.08197675905357756, 0.07946560240295884, 0.04933101353418821, 0.0451184503966591, 0.0753366401971467], [0.5107703322171032, 0.018792271445669563, 0.11942597999516563, 0.017279214464079668, 0.07994684709066155, 0.09547517402251757, 0.013822119018508354, 0.02340264877144291, 0.06622775447170444, 0.021718515622525025, 0.017105274578235876, 0.016033868302385644], [0.14559563366193995, 0.12731439218528204, 0.06857216183685928, 0.025643383354980967, 0.08965310546979029, 0.10379145078958459, 0.02107055121602747, 0.08685308647882486, 0.1804850514000733, 0.08051093884743797, 0.0288568754405607, 0.04165336931863842], [0.17772361060833158, 0.01748789860971693, 0.04890350120421969, 0.24001319464789875, 0.1811047306667084, 0.06716216690566847, 0.131074769034299, 0.036255276611276505, 0.028642149485594407, 0.021412684699344483, 0.014974374642899087, 0.035245642884042847], [0.15753106617193488, 0.06726211875884507, 0.08157701212266173, 0.03807112779758141, 0.21056681957482437, 0.2201575998274614, 0.04167666677887164, 0.05421533187088456, 0.03293124885292977, 0.02355162663282806, 0.03354037489953862, 0.038919006711638275], [0.07164202145118069, 0.04846967046689253, 0.08226880094193588, 0.0502812263644984, 0.22967707772706858, 0.24752234455914643, 0.06092514112626295, 0.025499982371475334, 0.06580057862302974, 0.04077082544059759, 0.04262045921486182, 0.03452187171305038], [0.2879987719412854, 0.03736413374706417, 0.11623328102107035, 0.09804522685739726, 0.09706916553991239, 0.08442462912150625, 0.07465969398750832, 0.032169211353778135, 0.08219735622855956, 0.022471495680761244, 0.03512428608563236, 0.03224274843552431], [0.1832032840982525, 0.12380166948476311, 0.10528235991888787, 0.1312940538696065, 0.06262514104073268, 0.034525253935613696, 0.11483073294454886, 0.05701942244132562, 0.04066919867698695, 0.020798165360783997, 0.10021082176010748, 0.02573989646839019], [0.21581332798132757, 0.03985257804646916, 0.13708467347830458, 0.029052179818576416, 0.04054918666949094, 0.04162955118577238, 0.02283775662146796, 0.25213401944791575, 0.046415445919194526, 0.09799832770144654, 0.02435387941358251, 0.05227907371645171], [0.391681522693089, 0.03675090296870893, 0.08000788015200314, 0.0771868704324565, 0.02830934641667291, 0.0318305885650619, 0.06995497171649635, 0.08680377828402268, 0.04204362392303956, 0.04617423829770163, 0.034199899787607776, 0.07505637676313996], [0.12394525793446055, 0.05581110791585244, 0.07442306549443174, 0.07307960675532763, 0.18127215076822933, 0.19692409948040865, 0.06577169432635013, 0.04720777549981322, 0.036093332337612784, 0.04184374395971196, 0.04310680176137793, 0.06052136376642367], [0.26349343137430736, 0.032450119398328904, 0.046606819615254, 0.09698198347432993, 0.18052131191865908, 0.08968897024816105, 0.06906798469737448, 0.019020802912362623, 0.04897503577020645, 0.023512355844988994, 0.06017179688564188, 0.06950938786038542], [0.19837664755411183, 0.10242163490758414, 0.10472700780804121, 0.0629409392812278, 0.0644746826568137, 0.051404415423483465, 0.052428727843226816, 0.1464471727639465, 0.024038342621567396, 0.05832045095741068, 0.07682065542256822, 0.057599322760017925], [0.09007792516318638, 0.07635410567871678, 0.15709149640253964, 0.04321371834262751, 0.1185078226562209, 0.10445060858268101, 0.04449457174771183, 0.06236902098479248, 0.15962475472597906, 0.03531705846104039, 0.04898519797778344, 0.059513719276720944], [0.4216358685720215, 0.012279538759976458, 0.04077320052534024, 0.07058941354454368, 0.15643880499959947, 0.14589898304248186, 0.04076447459596298, 0.021486485504338293, 0.022742275143320122, 0.023327094844050465, 0.016752293116515538, 0.027311567351849267], [0.21894048529975788, 0.09490281182593764, 0.09575133450058022, 0.07140577216096673, 0.10470868270554366, 0.07794456331554095, 0.0629924788457665, 0.05152618447783774, 0.1161035166295727, 0.01748431243074371, 0.0347553016752838, 0.05348455613246865], [0.17821705501025067, 0.029962776118737447, 0.0686864733521326, 0.04470992020694015, 0.24292914047882183, 0.1960828184821628, 0.036550813822274916, 0.038402874204396004, 0.05222266920431152, 0.02866956052154188, 0.037707379513157384, 0.04585851908527293], [0.0806374086530859, 0.057882138419407564, 0.18659614257036164, 0.06839348473971982, 0.05128432398814779, 0.04772842399234482, 0.06003317335346487, 0.12854311358997556, 0.10139714193515374, 0.03141408468470316, 0.04065473919357186, 0.1454358248800629], [0.13703228606892148, 0.04582301623040955, 0.16460955324162568, 0.08963023237724102, 0.045935535894164624, 0.0745790021678117, 0.07184050356699331, 0.025220316723006626, 0.1552064876066429, 0.044661467933728494, 0.06660007142458686, 0.07886152676486778], [0.14495355326531312, 0.02172669031054377, 0.05307200253849556, 0.10256732737850888, 0.11272963672989574, 0.09262255742657623, 0.08717937369735637, 0.09214088211929987, 0.03210859298100781, 0.10281265049130288, 0.06542854454665607, 0.09265818851504408], [0.02551131915093814, 0.19626881607415017, 0.03912176462040661, 0.035360268053813294, 0.11061105084650383, 0.0705821075301145, 0.04834664006555576, 0.023737673576097424, 0.21068234886461693, 0.01571582334285524, 0.07267481538635563, 0.15138737248859216], [0.16709310157119447, 0.07732038041704327, 0.06570592920006936, 0.03772010608975208, 0.20750915974614384, 0.18509408902146515, 0.02620623144707863, 0.05039329401485605, 0.09119996387097046, 0.03168142653328413, 0.02296021085537468, 0.03711610723276826], [0.09319901848861085, 0.10477878808688362, 0.06187042135905245, 0.12257273991065075, 0.13063921956433278, 0.06262543496428878, 0.08261841203973282, 0.08321914555725334, 0.11552322054592316, 0.05222574032102709, 0.04515630987983678, 0.045571549282407656], [0.48302657646174024, 0.040945982485375315, 0.03411796277064499, 0.07398881989791982, 0.09231841021552223, 0.07051146105001543, 0.05235214598816944, 0.023545583995756104, 0.028669579823074637, 0.023566137614290956, 0.027214822306341944, 0.04974251739114843], [0.11396556316672637, 0.05905508137888307, 0.11634236347377297, 0.1757884875322819, 0.13723644741521107, 0.06789243111590625, 0.12255573618854071, 0.03320348722422843, 0.10022038040944546, 0.023492084210813165, 0.025557618921228275, 0.02469031896296235], [0.46641405301909017, 0.046493338354425866, 0.10894175759994315, 0.03681730390600572, 0.050460300174992305, 0.061688555199705314, 0.03377514903970405, 0.053649857914364656, 0.058479524963076096, 0.020324156836736877, 0.022744574220099085, 0.04021142877185648], [0.28223253877529814, 0.0853052144712584, 0.1105350138099772, 0.04784172805436819, 0.0774221452546995, 0.0886895199382724, 0.041919283212214185, 0.10802203291605983, 0.036290443980371664, 0.020472980808625585, 0.03941638804167744, 0.06185271073717765], [0.40095757149130823, 0.019239197367100124, 0.0762910421615046, 0.09228044372722352, 0.12548165568045164, 0.10313527457847071, 0.03947240205529005, 0.024232000468660756, 0.04906819450907132, 0.022578505080151728, 0.015982790192557036, 0.031280922688210366], [0.24646552139237546, 0.03855971531987911, 0.055763669839809266, 0.03822309017514237, 0.1896727398983379, 0.21273398851066164, 0.04216669001846988, 0.031024415945262514, 0.02840355210231386, 0.040177260407340126, 0.03859730661103835, 0.038212049779369386], [0.06778440906523776, 0.013271472210814532, 0.031535685225720755, 0.018386925472573465, 0.38084325682254505, 0.38925968970012004, 0.016455530942452397, 0.011109109395130129, 0.021264671403231017, 0.010466890785387338, 0.012040581211857096, 0.027581777764929906], [0.7162593458082431, 0.020628610836566995, 0.04590319740312012, 0.01849787860470644, 0.03971192955915822, 0.040494760066764064, 0.016072628957912845, 0.016580036283273647, 0.03375320540788965, 0.020444922690207073, 0.013592733448234919, 0.01806075093392236], [0.20763732505889748, 0.031078717916854917, 0.03167424941278283, 0.19683835353497853, 0.16407810946065757, 0.10275342751423416, 0.09129209470734095, 0.03359244833732987, 0.04118017828244431, 0.04693267948770171, 0.013468326129529504, 0.03947409015724822], [0.1340370609314467, 0.028796990895495575, 0.22338884509812992, 0.03603362056726885, 0.13143619403934523, 0.11739402864244912, 0.027601430264646398, 0.047596317267540225, 0.17288188582362854, 0.026872060813410713, 0.023380753996618323, 0.030580811660019663], [0.26607997282966134, 0.013430795283982014, 0.046051125721066045, 0.15612308642946043, 0.1674556277060537, 0.05140355280122998, 0.10030544702473247, 0.025890861131190608, 0.027534364843290266, 0.04193389286939799, 0.051518680668049155, 0.052272592691886756], [0.08309359012802688, 0.035036388273346944, 0.036346434742787294, 0.1171979180215785, 0.26388586675938547, 0.22333685954806637, 0.09193866776307125, 0.0385225228315146, 0.025178111186407035, 0.023150040709118542, 0.028268373334593578, 0.0340452267021031], [0.15310987208565946, 0.08091376953195266, 0.10301238143543455, 0.06572154770551507, 0.05335204053193271, 0.026704371699528304, 0.04440627614485655, 0.23896124604668395, 0.04723340814292614, 0.12806790879829638, 0.031224418406325807, 0.02729275947088822], [0.1655284478461183, 0.09153809916735856, 0.16198946800850203, 0.08145828714764286, 0.08921342671062193, 0.09270827525483981, 0.060842987745692315, 0.0541696443750054, 0.11466149303745753, 0.013151147911690881, 0.026686878143070126, 0.0480518446520001], [0.0719208520162225, 0.04744395990016303, 0.2731800100041643, 0.05932266007240977, 0.0266663604691658, 0.08838804320834032, 0.045525879294066644, 0.03219710988490632, 0.24786370578256386, 0.050254191113658295, 0.018733242581199558, 0.03850398567313914], [0.09814996335708491, 0.043192215664719556, 0.04095907551701894, 0.11561738734436987, 0.23743110643076226, 0.21158400724837886, 0.09897618965278986, 0.031669734352474596, 0.03349708702569113, 0.020558394799070432, 0.020591588625088583, 0.04777324998255056], [0.28604609704345346, 0.09386899418157517, 0.07225729159576008, 0.06151662330469683, 0.10649380711300865, 0.09669120323318764, 0.043911375058611694, 0.05209699141335696, 0.10178226785659104, 0.024767359516699453, 0.02703340202282199, 0.033534587660237127], [0.16687412241968125, 0.0392092714666302, 0.245778522