{"estimation": {"a": 6.185599094545298, "rho": [0.29930281664212904, 0.26898207542000596, 0.22029432652068134, 0.21142078141718337], "Mu": [[-6.344439995157707, -0.7254343046835733, -3.050055919842327, -7.024242799490066, 1.0358728254557765, -2.0213710112076426, 3.4922151949108198, 1.0276558734469965, -2.0311792066737104, -5.8127574393166395, 2.3180688246137127, -1.4324321573672225, 1.3129449734656828, 4.14307150371511, 0.06888859774858762, 4.1895095112247756, 0.12601264128960135, 1.6744520436266073, -2.546474018693107, 0.4798349447533271], [-3.0600659557366066, -10.969483188666432, 3.043666382880711, 2.1579659003424827, 3.843894461005594, -1.1456150244780379, 4.482255403658189, 0.9054860853624548, -2.720621848112439, 2.700415429562414, -2.548574119183183, 3.732720049628246, 2.7532722971447328, 2.0242790761811293, 2.0323713948708675, -0.8872808073813842, -2.693339892116878, 6.076875144424413, 2.1960084045317902, -2.4247685653239484], [-3.0370123479537963, -2.767679346988118, 2.5537128956850577, -0.7052695173896417, -0.5879803488843093, -1.2445230543792452, -1.4163914181217714, 2.1653845249388315, -0.6571848559007203, 2.302095798083141, -0.9745672677625994, 0.10406369391177306, 1.37407307584216, 1.222020003679313, 1.9761238435387662, 2.4980331730627965, 0.18610796088844064, 0.6641281764227362, 0.7782137265210359, -4.889241097424784], [-3.256874063446389, -2.8148184602349624, 2.6565461575060425, -0.15606925271607375, -0.5445874661095852, -0.5622000617934493, -1.3964642760198533, 2.609767560878862, -0.3860994996275366, 2.205035213588542, -0.9742409311377863, 0.38917828866062426, 1.4379004413545646, 1.155616133097267, 2.0124761898391816, 2.0935482013229123, 0.1866274096083312, 0.7634823457183209, 0.9143394632448416, -4.830340395368336], [0.8440217246442411, -4.658602267787548, -3.0546098833465942, -0.1305767419130857, -1.251855398719725, -2.5338856526007105, 6.714776373523723, 1.3626300696233045, 0.08059868956028471, 3.6275666464628586, -3.295833279458138, -0.5471144528887251, -3.3418138994801976, 1.456644297195869, -0.32388872997428364, -0.007231518166642194, -0.8043565077885124, 0.5629134521985537, -5.053988276179796, -0.35917037250719397], [-0.9104402891131749, -2.455299657135446, 1.1358110506026284, 1.4246074476036608, 0.7146379865406296, 6.240867761322967, -3.33893528092057, -1.3311431016932567, -1.7042130120171828, 2.414421033523393, 0.7889045905184746, -0.2033853280276166, -0.09735978321882845, -2.9170698401546984, -0.04764778694824866, 5.9351515948973, -0.2171348349666765, -0.33405305233143046, 0.10150019727892341, 3.913621625224015], [3.7974121977331885, 4.390637668642387, 0.17693480603310224, 3.2067201599581985, 0.7942143003334052, -1.6039848329607371, -1.7792051537447013, -0.23822640530691827, 2.882341694110971, -1.5394825956701323, 1.6171879248675527, 1.9692235276683818, 0.07312499989818252, -2.598346729803686, -4.659948094069879, -3.065622615704068, -3.218006254950684, 3.6307183351929972, 0.09185616557766513, 1.902625678700876], [3.7821311491678595, 5.106091277846547, 0.09986436347590219, 3.588731264604203, 0.8082865682631727, -1.7386917904714845, -1.669359494485528, -0.280530850720923, 2.8954358996303675, -1.7151868089675417, 1.659352674312092, 2.058628937642087, 0.08937319201606563, -2.5491082565336303, -4.711499827390499, -3.189960898307589, -3.4995649325262943, 3.5909503847256077, -0.1577972849938276, 1.920623449061163]], "Lambda": [[0.2757642971468818, 0.633572982631918, 0.3921975114783985, 0.41316081125833853, 0.9733945235635316, 0.30935660245795055, 0.6287585685584266, 0.7555786594308406, 0.4652959778052503, 0.3476013862223038, 0.2210469824011776, 0.42020185631598334, 0.23166999068184577, 0.6844398794855843, 0.3348651807273004, 0.2503422082201191, 0.21495669349336613, 0.7185762785835427, 0.5047908914286017, 0.7097070185220588], [0.3688100810494834, 0.3162664752380665, 0.5498980668916653, 0.23787954562586666, 0.4205238444285759, 1.0178685506752931, 0.49211070190218276, 0.5936818134034926, 0.7946208387464238, 0.21616357483646245, 0.6559015228701528, 0.4711873230377888, 0.2706899026861052, 0.6554137219809703, 0.726131165428002, 0.3796504110329239, 0.33735031009583305, 0.22935573319656716, 0.6915719768458496, 0.6759589020802094], [0.3355435037178668, 0.8430795446001642, 0.5089403909307788, 0.12492411984207957, 0.7891233217872935, 0.6767270551161519, 0.5073572797712782, 0.28711501843553755, 0.2771917376831013, 0.42456201962413953, 0.849359363503285, 0.3369841018018686, 0.3048436216275585, 0.43489939116678716, 0.6197799740506695, 0.48930236701462826, 0.617765341967199, 0.5243351979560767, 0.7010546684874777, 0.4092862716799038], [0.36378130941255166, 0.8226002308974434, 0.5200950075408719, 0.14022517075874041, 0.7884614641340565, 0.665548599068673, 0.5335706680199436, 0.2847670156605899, 0.3074014802174732, 0.4375959053759819, 0.8720917146445665, 0.3642209963305141, 0.30580372718296484, 0.43893435602251585, 0.6435025395631219, 0.5240164494597347, 0.62039744400818, 0.5276376892434786, 0.7077357255244437, 0.46694641945674664], [0.3905947267750174, 0.0789364577870377, 0.6001929257484767, 0.6008043468570385, 0.15708962276390329, 0.26271099181344154, 0.056219114300221154, 0.3761802888525879, 0.24189705563666752, 0.19919350848598047, 0.2570836118862517, 0.3495816102731991, 0.23887299148578156, 0.0934811661220682, 0.13326691355411746, 0.09418676437399633, 0.20999977621941188, 0.35832449687776974, 0.2957258064289189, 0.7696530092789746], [0.14680416575065094, 0.7764680675821898, 1.3303173299892785, 0.807762914859234, 0.54900934932214, 0.6106090223489637, 0.4429903973697075, 0.6434717486999005, 0.5803864136510168, 0.2138555850624593, 0.21269481011902583, 1.0708328956908273, 0.8922410400606462, 0.11558569012396201, 0.4345845520884037, 0.3619043986690509, 0.41063615936798914, 0.33535357688133965, 1.1188107245078553, 0.23784102766486348], [0.25004388052362403, 0.23796263188174527, 0.4955245248087348, 0.18177007727474062, 0.3248522348003501, 0.35313555390345186, 0.34157860320161587, 0.4240650946844591, 0.4753359424602627, 0.6323740912935114, 0.3177138999972812, 0.6988799592125963, 0.4375923807158238, 0.32728685925726897, 0.22905154095007044, 0.6708689460774069, 0.20271347829042896, 0.1682069605252178, 0.5184913164025325, 0.5031216119559756], [0.2462526157080448, 0.2292601105991945, 0.48966742010189584, 0.1898954194087123, 0.33633556218980554, 0.3487165753177455, 0.368103088191011, 0.44960426731663067, 0.4976766811060292, 0.6532066362887947, 0.33041439788885685, 0.6916402932118241, 0.447875745822399, 0.3470639531424036, 0.24101164642528533, 0.7234879297108837, 0.20287395611135178, 0.17281225380906343, 0.5045160098651645, 0.5102301844122169]], "G": [[0.22301648302874327, 0.3534595652170701, 0.21062592136425426, 0.21289803038993246], [0.16629923712530548, 0.3182447244219134, 0.2587576886309529, 0.2566983498218286], [0.19279037266477428, 0.3793614619402621, 0.22020231132159415, 0.20764585407337005], [0.3500717980025602, 0.14332789718094502, 0.25685719628339015, 0.24974310853310544], [0.3859803174040326, 0.24505772791758015, 0.18604312342531065, 0.18291883125307742], [0.10632394721868703, 0.09027623510433432, 0.40818339660535236, 0.3952164210716266], [0.41552537053595817, 0.3694272344388936, 0.11456720385731517, 0.10048019116783298], [0.30301744579165213, 0.5978520267684985, 0.05152820610053394, 0.0476023213393158], [0.13326045425292324, 0.4038172682118606, 0.23211895818121372, 0.23080331935400228], [0.5135233512799471, 0.11639323815660851, 0.1896412440085905, 0.18044216655485476], [0.22917712456284445, 0.5615107037928901, 0.10602329898703652, 0.10328887265722886], [0.3972204705416532, 0.1653563766283213, 0.22664864301084253, 0.21077450981918291], [0.23075477724767174, 0.2832828392737683, 0.24553408341492122, 0.2404283000636384], [0.6652352375344105, 0.16924577543213862, 0.08885959882884947, 0.07665938820460154], [0.11812422323034165, 0.16047627607073808, 0.36618018864661656, 0.3552193120523034], [0.3962038021220276, 0.31567219347346853, 0.1438245777804849, 0.1442994266240188], [0.5741412587612357, 0.12457156221181087, 0.15571840587523958, 0.14556877315171396], [0.373306744312384, 0.13503560746095633, 0.2503823611873442, 0.24127528703931608], [0.308399939157948, 0.11987385890143289, 0.2915236636905882, 0.28020253825003105], [0.43284245256582526, 0.13969972265790126, 0.22138149888144182, 0.20607632589483144], [0.09977611857725142, 0.12799667436511256, 0.39020022532482745, 0.3820269817328082], [0.2349919040179974, 0.23202353180946397, 0.27436471894908476, 0.2586198452234531], [0.3742297048221457, 0.34593729973919374, 0.14249319613236033, 0.13733979930630053], [0.4440540313454353, 0.4190195517484953, 0.07383184185951726, 0.06309457504655236], [0.2730370891776877, 0.18477126051259798, 0.2742909420913523, 0.2679007082183624], [0.6507202105138934, 0.16529537139054715, 0.096486387838166, 0.08749803025739343], [0.1829388600189422, 0.16036351853354766, 0.33671314614572134, 0.31998447530178914], [0.40143346108051225, 0.2592383458768257, 0.17559620792651434, 0.16373198511614684], [0.19431511947642244, 0.170089495133738, 0.3279891615907958, 0.3076062237990441], [0.2687349991174498, 0.3991488914546164, 0.1672278430298929, 0.16488826639804086], [0.16835706739652048, 0.6298732603200264, 0.10606394446867666, 0.09570572781477676], [0.36384435861023207, 0.38617541861939403, 0.12313717705790544, 0.12684304571246866], [0.30864557501291223, 0.14816442287979542, 0.27451208524132725, 0.26867791686596515], [0.3919084356700481, 0.35038998146336714, 0.13186016024902247, 0.12584142261756207], [0.3393069486691543, 0.3443959996801243, 0.15923718385065097, 0.15705986780007072], [0.24324048984236493, 0.21313111903003643, 0.27130128385789515, 0.2723271072697038], [0.13508623214323418, 0.5798967805393297, 0.14898397439663033, 0.13603301292080622], [0.22459921233689964, 0.16649275936917216, 0.3122264427297098, 0.2966815855642187], [0.11495016553087671, 0.4294995461771202, 0.2345581473532539, 0.22099214093874878], [0.37822025009188837, 0.29934852404874546, 0.16784746023399022, 0.154583765625376], [0.5501422131719093, 0.08284071107807071, 0.19072648209590048, 0.17629059365411998], [0.36637928712197854, 0.2502018497574272, 0.19856630419501842, 0.1848525589255764], [0.23020208089141134, 0.27871191080543123, 0.25134897045878396, 0.2397370378443738], [0.2768527206258126, 0.47107409116170795, 0.12809080532348077, 0.12398238288899811], [0.16489017499631084, 0.10680263389973436, 0.36997518729941054, 0.3583320038045441], [0.3468438176687278, 0.3188462404157789, 0.16936220214975178, 0.16494773976574117], [0.6224987988707646, 0.0646368282055315, 0.1632039014266297, 0.14966047149707312], [0.5691475049669975, 0.06395765707805147, 0.19186773034325702, 0.1750271076116936], [0.1311715682796953, 0.26645358090297416, 0.3088140412559507, 0.2935608095613804], [0.4744731293329504, 0.2401405473469526, 0.14642569724169952, 0.13896062607839688], [0.27274291025776753, 0.29569695010625063, 0.21881143718390936, 0.21274870245207228], [0.3956778140605676, 0.2225341175982088, 0.19730348105305293, 0.18448458728817146], [0.23123312196177295, 0.2088113777138129, 0.2870414851412976, 0.2729140151831162], [0.32420789134556793, 0.12675029219669937, 0.28146064074188704, 0.26758117571584594], [0.16090095640597984, 0.2033927685592192, 0.32262807940480076, 0.3130781956300002], [0.208266013762548, 0.15362569725722203, 0.32428387865379427, 0.31382441032643543], [0.2819300193203652, 0.20064054608241247, 0.26566787838601624, 0.25176155621120566], [0.12012339993318868, 0.19764897992897987, 0.34425380928795973, 0.33797381084987127], [0.12138469818539853, 0.3881523956476355, 0.2533419356186652, 0.2371209705483008], [0.21072208255752858, 0.18021633541876286, 0.31326070926080696, 0.2958008727629025], [0.38157585217851403, 0.3636489554344375, 0.12842813774359554, 0.12634705464345297], [0.3624263369218244, 0.10177042189810694, 0.26798689578912366, 0.2678163453909457], [0.23482746625429224, 0.13223144477267254, 0.3235520234175723, 0.30938906555546297], [0.30991600924936313, 0.25532612391639464, 0.22338824534397347, 0.21136962149026844], [0.3709202812392357, 0.18675230167771237, 0.22982350563357018, 0.21250391144948183], [0.37693723170057125, 0.2045899786394902, 0.21675308786544287, 0.2017197017944961], [0.2475220951817552, 0.29744640703023756, 0.23233217797838301, 0.22269931980962407], [0.278797450514981, 0.4254522779764819, 0.14656957159457332, 0.1491806999139636], [0.08347413248919826, 0.5243940228581615, 0.1965417469952825, 0.19559009765735716], [0.21551971491100472, 0.13648501003084304, 0.3282707016640123, 0.31972457339413984], [0.35728536078801715, 0.31896497135614615, 0.16043698591122774, 0.16331268194460863], [0.13582545070409413, 0.10052551560093739, 0.3869927612199679, 0.3766562724750007], [0.493730933805305, 0.28786033799579863, 0.11370764712346706, 0.10470108107542922], [0.13997867953056486, 0.4972475744150697, 0.1868596531933178, 0.17591409286104737], [0.25591054981309264, 0.3093697646117764, 0.22372750246076853, 0.21099218311436208], [0.12188544218759745, 0.0546768433966447, 0.4162563505215495, 0.40718136389420784], [0.3580722844642141, 0.3171283338149041, 0.16894222745217796, 0.1558571542687032], [0.5174382161512198, 0.23905325117895687, 0.12497413082150859, 0.11853440184831476], [0.3964581909529096, 0.3047956071295627, 0.15167105400139225, 0.14707514791613496], [0.23723857499087844, 0.45332547932964, 0.16060202145833416, 0.1488339242211471], [0.14639635595269435, 0.5700340496811973, 0.14585362941380012, 0.13771596495230823], [0.3636563659320259, 0.2320113447471507, 0.21170959817296234, 0.19262269114786115], [0.1798997008468558, 0.15044104838956826, 0.3455226883338196, 0.3241365624297563], [0.4041605854613427, 0.32761670442256513, 0.14118593362065585, 0.12703677649543685], [0.2863677026913494, 0.4714828083153809, 0.1262261429958934, 0.11592334599737683], [0.16840281281444586, 0.09951504233769558, 0.37282253943835447, 0.3592596054095041], [0.22608318108673134, 0.25604285874983046, 0.2635906358447376, 0.25428332431870043], [0.24923432312513846, 0.22585834079209371, 0.2652919346792853, 0.25961540140348205], [0.39291635769915234, 0.22062192454788337, 0.19961250959688132, 0.18684920815608377], [0.36167476693229716, 0.11312438312696708, 0.2663348639074473, 0.2588659860332879], [0.5852160438192414, 0.06768474074331775, 0.18098430141392086, 0.16611491402351924], [0.2088886762009906, 0.18303178202487425, 0.311426080555785, 0.29665346121835], [0.17182236337301252, 0.5050390538507856, 0.16246659125563995, 0.1606719915205615], [0.2541601608790005, 0.36695431676591145, 0.19603861340552656, 0.18284690894956104], [0.06522132121444976, 0.05832394385864891, 0.4454693949170968, 0.4309853400098043], [0.21832081182895194, 0.2977214603494127, 0.24546063401221674, 0.23849709380941816], [0.4691208640652698, 0.18908668757866112, 0.17594100097052467, 0.16585144738554436], [0.282430396279892, 0.5578852033566281, 0.08632552446524863, 0.07335887589823162], [0.1733363203747871, 0.22382190761981766, 0.3060119321577643, 0.296829839847631], [0.13977406115536478, 0.509351465077613, 0.1782191407050689, 0.1726553330619535], [0.34944176867767524, 0.0823587061232192, 0.28411927039084905, 0.28408025480825644], [0.2668613181501762, 0.43106890271864645, 0.15291705099416947, 0.14915272813700833], [0.3137083625521185, 0.27743133170536055, 0.20324402629246002, 0.20561627945006142], [0.31798758141254013, 0.3501722172055025, 0.16676760952321668, 0.1650725918587412], [0.31778649075093873, 0.16743733796357185, 0.26107835888485026, 0.25369781240063954], [0.1003868567640501, 0.6439783614188117, 0.12996516590672613, 0.12566961591041229], [0.13228123361277525, 0.5952681226957641, 0.13976233261028026, 0.13268831108118115], [0.23357228527825297, 0.22337565983936025, 0.27394217274557986, 0.26910988213680764], [0.29550358648202696, 0.3595574799973488, 0.17424119669906576, 0.17069773682155873], [0.4356138708669539, 0.23156604048517584, 0.1724717750781773, 0.16034831356969226], [0.14221015096651599, 0.1316168955975417, 0.3708833953008329, 0.35528955813510904], [0.33725520034865336, 0.30551429374161876, 0.18357659187482667, 0.17365391403490063], [0.16471335707843648, 0.06767331655905713, 0.38777967917410483, 0.37983364718840135], [0.2276874371473127, 0.1751488876628604, 0.30408047932855625, 0.2930831958612698], [0.37672100095881367, 0.21800219644467053, 0.20974905692599852, 0.19552774567051653], [0.2521261216210425, 0.33142580245995906, 0.21060074380538737, 0.20584733211361086], [0.12414066621401035, 0.6188920797744532, 0.13250619483002948, 0.12446105918150747], [0.2842750035562529, 0.32696352615646074, 0.19453360423722904, 0.1942278660500563], [0.357760772805708, 0.3219638136417678, 0.16755949145642535, 0.15271592209609894], [0.1577691916404531, 0.2717416018335501, 0.28544411399918623, 0.2850450925268105], [0.35716828590908334, 0.1860875558603897, 0.2347698380331745, 0.22197432019735183], [0.42199158280032867, 0.1104550834757632, 0.24096262785213476, 0.22659070587177385], [0.1693499447232504, 0.15677859853261406, 0.34714622458127137, 0.3267252321628647], [0.17153535729151625, 0.15499205134114172, 0.33752491854011907, 0.3359476728272231], [0.4799266531283419, 0.17089488507616324, 0.17728749031319851, 0.1718909714822969], [0.33188714706468403, 0.18368175498901074, 0.2517853398277961, 0.23264575811850902], [0.32171916857927674, 0.3055371588746435, 0.19297823803842706, 0.17976543450765278], [0.3634747500134467, 0.1757517855516938, 0.23715693455420517, 0.22361652988065472], [0.3415893089320105, 0.3041714039454937, 0.17735614599346342, 0.17688314112903314], [0.2720983527106342, 0.5532059989615, 0.08770036137283967, 0.0869952869550248], [0.5904372514523043, 0.08618091184057636, 0.1684828315613046, 0.15489900514581398], [0.2397000199010248, 0.3123314984648881, 0.23199493418965098, 0.21597354744443595], [0.38832890416046467, 0.27913735480595697, 0.17184996485899906, 0.16068377617457968], [0.2284612168668288, 0.28290715291335694, 0.25586977157738555, 0.23276185864242924], [0.26564590104976826, 0.3002163421527225, 0.2202773575741711, 0.2138603992233386], [0.22286165526677906, 0.4021478694052208, 0.19102549957084008, 0.18396497575716084], [0.06244823972990291, 0.056879763591527355, 0.44597274223506955, 0.4346992544435], [0.38163713218835893, 0.11776502235914994, 0.25666722354964105, 0.24393062190285025], [0.22453932353671893, 0.2193766507730401, 0.2823805644404852, 0.27370346124975586], [0.3803992562373988, 0.0540753182301214, 0.28852012833636786, 0.27700529719611267], [0.27502076655581237, 0.4237137571720254, 0.15528614211594818, 0.14597933415621445], [0.14954398119455461, 0.10561021638089432, 0.378242499137876, 0.36660330328667523], [0.3030804320600956, 0.23824326140002292, 0.23052883637413488, 0.22814747016574619], [0.36827472088610547, 0.3324493165204996, 0.15540775504117613, 0.14386820755221913], [0.4426403065540791, 0.09085689062019234, 0.23973495968416256, 0.22676784314156556], [0.20233167940937144, 0.1492210564143581, 0.33618379623245737, 0.312263467943814], [0.2827140198962296, 0.20044649993452843, 0.2637811316413466, 0.2530583485278955], [0.12470332997274333, 0.2829647303844505, 0.30097234299598774, 0.29135959664681776], [0.2706001724574902, 0.2469502469101011, 0.25100069562506316, 0.23144888500734564], [0.2603980092452951, 0.49061184648237705, 0.12606421169167842, 0.12292593258064986], [0.40273962751152326, 0.25676347677617, 0.1728811261352159, 0.16761576957709068], [0.32495234632312214, 0.2971419762284091, 0.19045522816369412, 0.18745044928477386], [0.22163972466343923, 0.5251952837659389, 0.12549678305167425, 0.12766820851894747], [0.1753151369506347, 0.269601373932375, 0.2806658594431729, 0.27441762967381667], [0.24943833457799683, 0.4491719787198958, 0.15660804465127193, 0.14478164205083555], [0.16166954086118718, 0.562584158414159, 0.13973361304393703, 0.13601268768071612], [0.20627247096444504, 0.4252444834576849, 0.18473416879024268, 0.18374887678762714], [0.3915413354821824, 0.2452568287919193, 0.18484758434779094, 0.17835425137810706], [0.3558518213006538, 0.4534568548752415, 0.093962281919055, 0.09672904190504916], [0.18860991585025536, 0.17272970983698252, 0.3246023367889902, 0.3140580375237718], [0.4448661027181743, 0.39384794888165625, 0.0793015986704566, 0.08198434972971279], [0.15783746626902048, 0.3529929073753364, 0.24632670122992348, 0.24284292512572045], [0.3813985968258877, 0.16223204923126852, 0.2363388028684781, 0.22003055107436548], [0.15886304607164728, 0.2939253754149574, 0.2800134353918067, 0.26719814312158835], [0.33587431601938234, 0.4312302686931854, 0.12090354666127927, 0.1119918686261528], [0.4292026648437483, 0.11203307696713058, 0.23557733517835922, 0.22318692301076135], [0.35026316150760295, 0.2240919144984182, 0.22356867081535373, 0.2020762531786251], [0.2118531492277669, 0.14029055804618795, 0.331059517722446, 0.3167967750035999], [0.301446505210395, 0.4253699776905987, 0.13660484956169974, 0.1365786675373065], [0.2538162229710027, 0.10693415581828006, 0.32412293576588336, 0.3151266854448338], [0.34407559738523474, 0.2056837016069776, 0.23052756926009976, 0.2197131317476874], [0.6186028559403464, 0.09764768921703161, 0.1457420603554356, 0.13800739448718624], [0.2807057780393171, 0.27034175506880653, 0.23330733977229645, 0.2156451271195804], [0.21050382088882605, 0.2530499437615312, 0.2693723271843364, 0.2670739081653063], [0.6049561647788666, 0.12036803148916855, 0.14408182386687454, 0.13059397986509047], [0.23717219878540968, 0.21474793893404842, 0.2775336388552764, 0.27054622342526524], [0.3903240199784208, 0.35114386928527763, 0.12876993798818773, 0.12976217274811488], [0.4875021311396281, 0.08902815166681795, 0.21609605945262403, 0.20737365774093022], [0.31201135662571083, 0.22918317423651158, 0.23186585225169964, 0.22693961688607778], [0.46809574429583106, 0.12004137678006416, 0.2122675305212291, 0.1995953484028755], [0.55608778634095, 0.1648088469748399, 0.14639738009839304, 0.13270598658581745], [0.2385146341445514, 0.426652582182729, 0.1668609232471726, 0.16797186042554688], [0.3297050912639821, 0.15598881941655784, 0.26101478035100684, 0.2532913089684525], [0.2932364023423965, 0.3463177735935169, 0.17916022799502446, 0.1812855960690619], [0.4352936915926392, 0.032023921416949055, 0.26697312347197405, 0.26570926351843777], [0.14850473926520522, 0.2997550297517506, 0.27803637290962135, 0.27370385807342235], [0.3490268526262219, 0.3722109370510698, 0.14327818366390332, 0.1354840266588042], [0.48556364831406323, 0.2189285681710802, 0.153210947302389, 0.14229683621246753], [0.517503097561604, 0.18029593010422304, 0.15842804407270944, 0.14377292826146357], [0.45246473848136426, 0.3382382408106463, 0.10633326460557782, 0.10296375610241144], [0.4372654734152453, 0.26951875899391875, 0.14469480474492136, 0.14852096284591498], [0.16327948553502564, 0.4253331203960925, 0.21243276256850957, 0.19895463150037174], [0.2506714170578824, 0.3660335328971003, 0.19023897881090454, 0.1930560712341127], [0.18691907815484057, 0.15841870548690512, 0.3336249265075212, 0.3210372898507342], [0.17467777152812902, 0.20719420978646724, 0.3098318442568966, 0.30829617442850676], [0.23618421114946686, 0.27896217131766765, 0.2445180586586846, 0.24033555887418048], [0.2267038083228289, 0.17620973198651202, 0.29799756597469707, 0.29908889371596203], [0.32201898795954714, 0.34619369453788307, 0.1694873442362413, 0.1622999732663285], [0.16032413014897282, 0.24404734696073233, 0.3035271284062508, 0.29210139448404354], [0.15851489766006757, 0.38608726419577394, 0.23056900047033727, 0.22482883767382197], [0.2941018348186697, 0.22057281730361888, 0.24695731969197712, 0.23836802818573471], [0.34718671303539417, 0.3894182707707046, 0.1332074160456999, 0.1301876001482004], [0.2914767937525792, 0.11919050884054545, 0.29723024257019576, 0.2921024548366804], [0.2385122250857056, 0.21679219765782853, 0.27941826401162445, 0.26527731324484083], [0.3891191628677136, 0.05587874028008278, 0.28502227663018775, 0.26997982022201544], [0.24580127708495647, 0.0795462652160229, 0.34325810109704624, 0.3313943566019749], [0.21763434881811233, 0.36718991093792236, 0.20699710062180054, 0.20817863962216454], [0.2821782836207967, 0.17533408856111363, 0.27597604383345264, 0.2665115839846362], [0.232310537761612, 0.24381809583781883, 0.2642469602946999, 0.2596244061058687], [0.1119528772642963, 0.23840188634670756, 0.33862809307745256, 0.3110171433115438], [0.16319091035288674, 0.2710591368466985, 0.29265718789641104, 0.2730927649040041], [0.3139914541662411, 0.3114745269237596, 0.19125233529967797, 0.18328168361032196], [0.19144776352512707, 0.46854780534724577, 0.17759859779196474, 0.1624058333356621], [0.30895921887401767, 0.2720153825192984, 0.21246014592940582, 0.20656525267727832], [0.4333664020747882, 0.34681467776681285, 0.11573586653916319, 0.10408305361923657], [0.273737145460211, 0.17226471974280116, 0.2769093541451222, 0.27708878065186565], [0.29179063455194, 0.1896427472435082, 0.259673195516415, 0.258893422688137], [0.1562109810936463, 0.287382898999979, 0.27841614947717686, 0.2779899704291973], [0.13861345719102183, 0.5914234655321301, 0.13708639213366877, 0.13287668514317966], [0.3562442768696259, 0.31463820806412834, 0.16797401626879915, 0.16114349879744683], [0.3360519125427585, 0.09689082197418245, 0.2949621886974585, 0.2720950767856009], [0.37923085507680043, 0.33887816146319893, 0.14612061622895683, 0.13577036723104377], [0.40781453119594396, 0.1844715297241338, 0.20995580306630762, 0.19775813601361567], [0.45219203694194204, 0.24286579342617687, 0.16049290716758996, 0.1444492624642901], [0.20955446035493458, 0.18590124012707732, 0.3075521981602244, 0.2969921013577647], [0.32038779528005473, 0.1710765751946497, 0.26348198939999384, 0.24505364012530134], [0.3544531038989491, 0.3957972235247625, 0.1275537911177772, 0.12219588145851017], [0.39798008260834133, 0.3690317577186912, 0.11977229864778986, 0.11321586102517771], [0.3494558554748524, 0.3279634074443382, 0.16571313552476796, 0.15686760155604162], [0.11927714393021555, 0.5623708177336987, 0.161289295222316, 0.1570627431137692], [0.28005344646915586, 0.27190630394523135, 0.22841583641138136, 0.2196244131742317], [0.2104795793103126, 0.4660415434684865, 0.16631645585827107, 0.15716242136293004], [0.29231372875215844, 0.37532772408282833, 0.17182813256680823, 0.1605304145982053], [0.4577751657957069, 0.2789870954661159, 0.13622717752942656, 0.12701056120875134], [0.1604563727843146, 0.1191083824136478, 0.36575416628774504, 0.3546810785142924], [0.19763553157360753, 0.2023843607147077, 0.3045821004590182, 0.29539800725266646], [0.32892781203836174, 0.30317848695291516, 0.18983842260451822, 0.17805527840420454], [0.3756857416581876, 0.38533265209606643, 0.12119531755802301, 0.11778628868772306], [0.3217505098019732, 0.2934108638633745, 0.19958087768925828, 0.18525774864539435], [0.19507303641559212, 0.32238805151974176, 0.24881121194782096, 0.2337277001168454], [0.30594013518812574, 0.2692471619617566, 0.21752202230086226, 0.2072906805492553], [0.4245718221489573, 0.1581204979990724, 0.21986375240831604, 0.19744392744365338], [0.4679180192957139, 0.10357310489260434, 0.2218692312358491, 0.20663964457583278], [0.34725927695718306, 0.08460129721512415, 0.2923236364147919, 0.27581578941290164], [0.49664963062082795, 0.07612924576974217, 0.22245723216722574, 0.20476389144220272], [0.2645496894951897, 0.28211083700772527, 0.22703168439754293, 0.22630778909954166], [0.24146547976076418, 0.2911418056852378, 0.23495114066669015, 0.23244157388730793], [0.2940680727279728, 0.31410712753463804, 0.19759983456318522, 0.19422496517420362], [0.27541980000892596, 0.3451631200372097, 0.188218452082095, 0.19119862787176903], [0.18531323108779318, 0.29842377951283483, 0.26253893989011734, 0.2537240495092545], [0.2202556778150019, 0.1931609335545495, 0.29823621812376255, 0.28834717050668585], [0.11740260963275492, 0.31770588672101713, 0.28491769486389107, 0.279973808782337], [0.3977958055484991, 0.3946881652243044, 0.10484322179730193, 0.10267280742989464], [0.5743695918472949, 0.13804924667222662, 0.146119750108132, 0.1414614113723456], [0.2719800753870221, 0.4960182995440143, 0.12043226935722504, 0.1115693557117388], [0.11966758249769589, 0.2797154903935896, 0.30611142731313423, 0.2945054997955797], [0.5689505732720286, 0.15968625350225069, 0.14018250968730978, 0.1311806635384109], [0.15052444602240864, 0.34376747874127017, 0.2537769007571502, 0.2519311744791713], [0.1981772328965125, 0.2833404389556326, 0.26514477572182604, 0.2533375524260297], [0.056960544746890905, 0.09246433372971152, 0.4319247531619894, 0.41865036836140795], [0.2513856052967426, 0.48461626284707204, 0.12947741806817015, 0.13452071378801478], [0.4094729217591874, 0.3281089576409781, 0.13698523956291025, 0.12543288103692424], [0.35000139812141207, 0.3410111823818962, 0.15654213737603687, 0.15244528212065517], [0.40270716827467035, 0.35892619402630227, 0.1277502889330195, 0.1106163487660075], [0.17286270556009395, 0.5975345216147474, 0.12346695787540887, 0.10613581494975004], [0.39820296456131227, 0.3564708162361963, 0.1284885181491121, 0.11683770105337918], [0.6141367590288737, 0.14821214420721895, 0.12547263628278174, 0.11217846048112573], [0.24002529259573152, 0.12411267355874436, 0.32774763118528744, 0.30811440266023704], [0.13244598766599672, 0.6159375619962637, 0.12832777068824366, 0.12328867964949528], [0.6379370103797375, 0.10131347056379764, 0.13980712712100185, 0.12094239193546247], [0.21804227851203298, 0.43598774814449615, 0.17536250755130847, 0.17060746579216207], [0.1608016494705566, 0.1523632061765336, 0.35106928128835085, 0.33576586306455874], [0.3194880534561612, 0.29254707223550314, 0.2026657288438709, 0.18529914546446505], [0.1948660308732296, 0.10466857204607811, 0.35756797336101204, 0.34289742371968024], [0.5552662755630625, 0.13265284024793836, 0.16591620436424903, 0.14616467982474962], [0.3703715641053254, 0.3366987712970952, 0.14750398043820426, 0.14542568415937468], [0.2831967927882175, 0.2422544478274762, 0.24187481980934308, 0.23267393957496366], [0.24954245452755172, 0.3724533682858216, 0.19118875603073227, 0.18681542115589495], [0.4680601193183801, 0.17451584138002557, 0.1841238378554885, 0.17330020144610542], [0.28455132231566976, 0.3352280408530721, 0.19721425160824738, 0.18300638522301105], [0.3590005510919898, 0.13561797874925832, 0.25958271885626033, 0.24579875130249118], [0.318848360029829, 0.30532521119227046, 0.19110750649148764, 0.18471892228641332], [0.4823198159868177, 0.22361755436560865, 0.15112007461920307, 0.1429425550283701], [0.3458558732633192, 0.32882530355821804, 0.1629038334412919, 0.16241498973717108], [0.4029641804578772, 0.1688132607437651, 0.22013194813080006, 0.20809061066755824], [0.5426513542435912, 0.12819301048145854, 0.1721894139931315, 0.15696622128181945], [0.327808412201167, 0.22051900815169842, 0.22990310874134973, 0.22176947090578444], [0.3539111049710538, 0.21274100195183257, 0.22265397789201757, 0.21069391518509697], [0.1552711610257107, 0.17422127204237892, 0.34153544818038406, 0.32897211875152604], [0.16982925480203673, 0.15716936925509006, 0.34082688664105937, 0.3321744893018138], [0.277531788670009, 0.2302166728780469, 0.24911556835290974, 0.24313597009903462], [0.4297351422273843, 0.31498894428473556, 0.13026017238310292, 0.12501574110477753], [0.3858699604439098, 0.3521542882517162, 0.13359150329696656, 0.12838424800740694], [0.1686748558102602, 0.6620302520567709, 0.08966688952500808, 0.07962800260796046], [0.2918648407638765, 0.22217628454840643, 0.24553660544201575, 0.24042226924570187], [0.244932104714786, 0.35777131326325773, 0.2033319732251378, 0.1939646087968192], [0.433816081080339, 0.2738321209620037, 0.1515072471947477, 0.14084455076290994], [0.29543009367923306, 0.27812303931033755, 0.21502470073924732, 0.2114221662711817], [0.36846398840611605, 0.1286785425512824, 0.2557689289002613, 0.2470885401423397], [0.4176611029952236, 0.13571055967445905, 0.2279208515402863, 0.21870748579003105]]}, "supervised_prediction": {"G": [[0.19082564105986205, 0.37159442353315447, 0.22174245516608984, 0.2158374802408938], [0.2732064775086926, 0.2299642138590046, 0.2548876452319018, 0.24194166340040124], [0.5070251252700738, 0.1967141238283783, 0.1541180709324738, 0.14214267996907376], [0.21879970407317764, 0.18080470648679542, 0.2889888943255854, 0.31140669511444125], [0.22027789018073532, 0.1838024111548771, 0.3019283049059174, 0.29399139375847066], [0.5087722052797973, 0.07969372724970138, 0.22108840906924684, 0.1904456584012548], [0.2746438830377128, 0.2587626666057644, 0.23054275034407648, 0.23605070001244594], [0.23995885154906696, 0.4954010984531998, 0.13632075766333965, 0.12831929233439382], [0.31858113877113675, 0.15676284740326787, 0.26294841287333953, 0.2617076009522554], [0.23330505495135972, 0.09652068218623364, 0.34786511104049656, 0.3223091518219103], [0.4627595356359505, 0.04774770442113802, 0.23411010362419932, 0.2553826563187114], [0.23123825067858064, 0.4550254770498183, 0.16159338826887748, 0.152142884002723], [0.38963605135288504, 0.4241767026144469, 0.10020098012546629, 0.08598626590720122], [0.12112380660335281, 0.46959763830091056, 0.20001133536517307, 0.2092672197305635], [0.40706230105747354, 0.33116777034004985, 0.1432930081202797, 0.11847692048219582], [0.389324390351822, 0.3081263110267022, 0.1518914667337263, 0.15065783188774992], [0.33296833161686556, 0.08433847651770286, 0.27873058382314597, 0.3039626080422849], [0.39733000856428, 0.12007903515133252, 0.25182834778712404, 0.23076260849726346], [0.6121204338170135, 0.09884463393925605, 0.15020759006762763, 0.13882734217610188], [0.19585040957031385, 0.21539713863421814, 0.30825244522333956, 0.28050000657212815], [0.4863718116202311, 0.1776258430912746, 0.17286380992983233, 0.16313853535866196], [0.2060950107119612, 0.6973389726579112, 0.04803303286616096, 0.04853298376396595], [0.25642849009030955, 0.28938955904513713, 0.2299979374556714, 0.22418401340888242], [0.3496824313412598, 0.5295858285816634, 0.06457845201739186, 0.056153288059684656], [0.7137068602049057, 0.17337665744064457, 0.05976280760507191, 0.05315367474937824], [0.30436776649350156, 0.5026645547546287, 0.09840014478939592, 0.09456753396247401], [0.5222915025387121, 0.16483081989600715, 0.15638579619053095, 0.15649188137475004], [0.12149579790656297, 0.5015600012590572, 0.19705062641659643, 0.17989357441778253], [0.2357497925093165, 0.37088575202047774, 0.20184902576871466, 0.19151542970149202], [0.34576808706519496, 0.3542110148753582, 0.1528777980920405, 0.1471430999674068], [0.14386930323621838, 0.24026296915762532, 0.3042147716989074, 0.31165295590724906], [0.36125940102825876, 0.3968178976111358, 0.127217076791375, 0.11470562456922966], [0.34481622707888715, 0.3362463729093268, 0.15934378014876693, 0.15959361986301818], [0.47390200599808735, 0.36084936573987064, 0.0816811366802168, 0.08356749158182557], [0.39110273831418285, 0.1960355788891478, 0.20571417623265062, 0.20714750656401906], [0.2477616431655311, 0.42816837882792097, 0.16115267474266162, 0.16291730326388582], [0.3212163165251686, 0.3298085428913801, 0.1799878361294611, 0.16898730445398896], [0.09118187467518946, 0.3862341254687432, 0.2779870095578546, 0.24459699029821316], [0.4973192496671135, 0.1958562204484564, 0.16255092529311538, 0.14427360459131472], [0.3756702919710232, 0.23557532249620813, 0.2040839176619193, 0.18467046787085029], [0.28167907604411657, 0.3494603449382388, 0.18864255884336195, 0.18021802017428254], [0.28649228926560044, 0.4920719903737535, 0.11655960843503305, 0.10487611192561339], [0.3407793175073052, 0.10104318970764266, 0.28349816191442156, 0.2746793308706305], [0.3730641601010511, 0.08203759678919627, 0.2807259631921332, 0.2641722799176179], [0.18805309948330234, 0.5148450227705375, 0.15868731486459553, 0.13841456288156406], [0.24779617347776936, 0.18508766343775115, 0.286376189704063, 0.28073997338041706], [0.2590500590469057, 0.38141087853042605, 0.1830597507045442, 0.17647931171812403], [0.33618292793096327, 0.12399311307703988, 0.2713312534149127, 0.2684927055770836], [0.44038893988022637, 0.1022182183235523, 0.232098429043406, 0.22529441275281567], [0.36956198490818315, 0.3461722225795004, 0.1499124280357836, 0.13435336447653298], [0.2911650059105167, 0.2897042882815867, 0.21096937242317884, 0.20816133338471773], [0.24297605179258147, 0.2085498034716486, 0.3047860908901121, 0.24368805384565803], [0.3726779846355263, 0.3375037468966794, 0.14960743383953765, 0.14021083462825681], [0.19160126166621363, 0.6995862273779142, 0.057674450966741564, 0.05113805998913085], [0.08871599214506619, 0.44614027361623965, 0.23249135251740585, 0.23265238172128733], [0.4558938232507273, 0.2738375976740261, 0.14023446304334208, 0.1300341160319051], [0.48755691044590843, 0.2901936556838315, 0.11547933011836124, 0.10677010375189848], [0.29022112534717287, 0.2023973396013197, 0.2637043219131907, 0.24367721313831603], [0.4680424524386064, 0.1698658305665333, 0.18063144878755671, 0.18146026820730354], [0.20916290968492152, 0.4468952729507898, 0.17556429734862564, 0.16837752001566283], [0.3060921563010949, 0.5173388621867892, 0.09307086883411611, 0.08349811267800022], [0.3166105872813486, 0.35550151875715663, 0.17251166744336685, 0.1553762265181284], [0.1523692685977496, 0.14302406424547778, 0.33029339911422245, 0.3743132680425506], [0.3947718555046714, 0.19635756805741525, 0.20989152954559473, 0.19897904689231954], [0.4551270043159182, 0.3522501580187519, 0.10026448231193194, 0.09235835535339772], [0.2876456999924178, 0.24465717608044155, 0.22450805504716712, 0.2431890688799727], [0.2000622516855116, 0.18357345291571148, 0.3189001061402369, 0.2974641892585394], [0.5285807492327753, 0.21552041984486325, 0.13238767104172272, 0.1235111598806387], [0.43715519792866214, 0.16151516354847517, 0.20199474509999868, 0.199334893422863], [0.24067475028551397, 0.2321694784329823, 0.28321840926513303, 0.24393736201637115], [0.30432372161696813, 0.2230737325413314, 0.2345476908783432, 0.23805485496335688], [0.19968559243899744, 0.19316503601992224, 0.3099735770273771, 0.2971757945137032], [0.22509692305333293, 0.5617872577450818, 0.11438780199634212, 0.09872801720524366], [0.7542305524850963, 0.1253229736594337, 0.06524250260634452, 0.05520397124912601], [0.4498614745737089, 0.32473670364351137, 0.11674259831074725, 0.10865922347203244], [0.1556356061873537, 0.43602652731949565, 0.21245800348559576, 0.19587986300755497], [0.24552306597866108, 0.5930131204954977, 0.08491319639296782, 0.07655061713287342], [0.5271990419858642, 0.24851187245551196, 0.12191113992166826, 0.10237794563695518], [0.26609397165299875, 0.19937357264391967, 0.2828469653472956, 0.25168549035578586], [0.2874540370318941, 0.24816451600982953, 0.22771896235954628, 0.23666248459873057], [0.45209719268458104, 0.14455450499404157, 0.21435096954713206, 0.1889973327742463], [0.19194681206239309, 0.3701548610534234, 0.2157698306838321, 0.2221284962003509], [0.23471846115408398, 0.2518893748863402, 0.2478304252061493, 0.2655617387534266], [0.11596703950108377, 0.4904685985226806, 0.19589796892608002, 0.19766639305015526], [0.251644579581718, 0.18424389638319466, 0.3043355811645886, 0.2597759428704985], [0.1606521431988584, 0.33706974141187696, 0.2406690465214233, 0.26160906886784135], [0.11729754512982801, 0.3191170220245623, 0.29526564534319855, 0.26831978750241053], [0.3334090412332407, 0.27252894599906385, 0.19910245075597255, 0.1949595620117235], [0.4203784957417473, 0.2556603197956288, 0.16469754985072318, 0.15926363461190113], [0.34288096565819104, 0.2596863029479796, 0.1997737841422212, 0.19765894725160826], [0.22556695275343472, 0.4113938112781691, 0.195351734504357, 0.1676875014640387], [0.3665144404454839, 0.1651174574057796, 0.23657313602678498, 0.23179496612195083], [0.3065050071199898, 0.1847117346938615, 0.25485614478374474, 0.2539271134024043], [0.2221994740736675, 0.15060559461426817, 0.33727402169000165, 0.28992090962206196], [0.612569903498717, 0.14186743688176257, 0.13446194199879397, 0.1111007176207267], [0.324398