{"estimation": {"a": 30.76403132957755, "rho": [0.06295830550405689, 0.05379161063244065, 0.45786929553119854, 0.4253807883323047], "Mu": [[1.4172427726330183, -0.22093537961185636, -0.8069828324582488, -0.5541196062506095, -1.2375108574378881, 1.0826198918534866, 0.15123876353662946, -0.14363673754974754, 0.33335738838511997, 0.36634433093105984, 0.3000500193693557, 0.03360863117118757, 0.8880360324287281, 1.8001810205338509, 1.6317141629022902, 1.2768968778764194, 1.6234824655225357, 0.2957274467906682, 0.5968720899696017, -1.0996812572301156], [1.107305285998829, -0.0563989194744383, -0.736344997979139, -0.1730840974230535, -0.6686628361419801, 0.8692117305098495, 0.0068658272373205076, 0.04392750867415688, 0.07262122240817828, 0.23508527801761317, 0.2778581938751415, 0.3142622303216019, 0.8800361226127509, 0.8143567713613126, 1.5133585112718058, 0.9089618048070982, 1.6710922856685027, 0.29877061059207904, 0.9332319133767881, -0.8108078237833074], [-0.6520298043395449, -1.201097414919465, 1.2908171529936496, 0.8863923322044555, -1.118907018821782, -0.2234034627111554, 0.11365359253548395, 0.12028737376985835, 0.10696955242260771, -0.2098792718025473, 1.4965664696227146, -1.7992393127259492, 1.1013651681545669, 1.6871749984675402, -0.3830756409994484, -0.5403825116325773, 0.10939646113934398, 0.3992146653310811, -1.8736665501880851, -0.9185109756925925], [-0.5571700702230972, -0.9523627838518184, 0.8982276599456048, 1.186911258752487, -0.9766998628643934, -0.2831750660263922, -0.014147624761920682, -0.12352541793747811, 0.25822943588293634, -0.1314254440178281, 0.8073216022466295, -1.4513137772502673, 0.8520093886338451, 1.1788761833755914, -0.4004596341933877, -0.6722379530833372, -0.46276408755879894, 0.2236769337526235, -1.5433459100428697, -1.0392525495920446], [-0.7144985701851241, -3.0306687264245307, 2.7229459529274496, 1.2200026649758289, 0.6280044586366589, -0.46683819225818857, 1.5987120357096405, -0.41262322375899624, -0.36614998091677703, 1.3362444204454218, 0.9329157999040673, 2.6742949595449277, -2.354719044811458, 1.2158705197004784, 2.315043868193762, -2.2847706890220247, 1.2003709378579612, 1.5182855920151093, -1.7249105268958997, 2.4546393062306264], [-0.31277666562431117, -2.9254497645124338, 2.4202909223379514, 0.5869100922749824, 0.3712140461998428, -0.4209285546390735, 1.0483060874709567, -0.6499801431824651, 0.05177940529740871, 0.7992983572497406, 0.6686111425564235, 2.084060017199094, -1.8022656894182303, 1.1759876028401353, 1.835486491542365, -2.118695292319322, 0.9730368882741327, 1.1517519029499947, -1.5093329196478897, 1.9553312671127838], [-1.3644013449854, -0.21447721559688054, -1.100566443304021, 0.4518053181546135, 0.8970372909862074, 0.05126727826084587, -2.5411966651398408, 0.40783995209461427, -0.8609833786213057, 0.8370742007119115, 2.8003317327548523, 1.1056936639395738, 1.6967888058892766, -1.7401657668967776, 2.5665178622480047, 2.3480386186538142, -1.4637750745047906, 0.014300569396069981, 2.047581553958353, -0.1331743834023571], [-1.220182169742629, 0.23055841102817895, -1.1097007967401589, 0.1788343606894858, 0.48884800151022473, 0.369486698765661, -2.0369949252079476, 0.7076267386268666, -1.0137181055257627, 0.8747260884402055, 2.1214923319256296, 0.4464761739909958, 1.3110060160175845, -1.4702457230897217, 1.4449293130762269, 1.6360586408335462, -0.6507454588787759, -0.32897355698769215, 1.9545904644458465, -0.6008051084046105], [0.16844978701802607, 3.5970238345154426, -0.927387744033602, -1.262777952945189, 0.9557875321261844, -2.6676862513133663, 1.3119795606101208, -0.6626538095355203, -2.992582073114856, 3.3278794526113593, -2.0171446673554425, -3.023564578677867, -0.25610484306959164, 0.20093209739835102, 1.045987680817047, 0.26563205825652375, -2.0306363556059708, -0.3708732232976165, -0.9255708289237736, 0.7549519938410437], [0.2966622259693731, 3.28899903068473, -0.6056121316594393, -0.5794870295220962, 1.0274344181032526, -2.39784641498497, 1.1963718251552526, -0.4131599492158931, -2.537778475642377, 2.729610598831569, -1.6707309564273738, -2.0899723026671415, 0.29559714701770834, -0.13313081663448845, 0.967438599254908, 0.3972100978841504, -2.0582690537119244, -0.3445493007782223, -0.9134435744800995, 0.40986998942380426], [-2.174338592537775, 0.5200531649616992, -0.233585563420567, -2.7580257527934937, -0.33366826931446353, 1.2544702495842002, 0.38854836770700724, -1.4417866728608375, 0.8451651661551832, -1.0501664606874896, 1.1668757279200348, -0.2193581974226512, 0.39133347501197674, -1.6240195219644622, -2.5964850840279823, -2.2018014852192658, 1.8730684361590029, -1.898673404805401, 0.3031563042458657, 0.34347253502043923], [-1.605446489044395, 0.442186124987296, -0.25144788744501684, -2.1560694497585864, -0.26400378622675635, 1.1926224239111323, 0.19502609825158393, -1.330241121668117, 1.0923350712865874, -0.7137401369226762, 1.0576310389000352, 0.23920101638383834, 0.6494294290482072, -1.424701395083693, -2.2428984198218638, -1.978132905405294, 1.169379440445707, -1.3689598964168714, 0.6294876117630839, 0.7108614009062092], [2.2490842803304893, -2.521586634788514, -0.31942262793395926, 0.13701412476618727, 1.6701005581970305, 3.4171987524961183, -0.6784870788834728, 2.2140608913663695, 2.3529749886567823, -1.3354843804359589, -0.46581352567309836, 0.9922398534703698, 1.1288592565416462, 0.8178120995582989, -1.4350715402136272, -0.9427139268948265, 1.5807452812023048, -1.7672822868976485, 0.9525890449621417, -2.865324884029816], [2.187112637141067, -2.313321801676596, 0.11154529047156825, -0.23423950348516534, 1.5065765175470702, 2.6509259021801883, -0.29300726046148656, 1.8795828836815751, 1.8376921123715204, -1.0441892541119884, -0.28459555761495064, 0.1688302106378644, 1.6078090911743783, 0.6592794482489798, -1.1454433023838493, -0.6105509583897114, 1.2555330324240292, -1.8727053611147828, 0.28889092295001634, -2.631569770149458], [-0.5913203488327171, 0.5617198883269438, -2.5667434826281568, 2.035289483790373, 1.6842295328317596, -1.6569516764083054, 0.6508383159510508, 0.4427971381097803, 1.1242077947466862, 0.08132908103854421, 0.6870046080722627, 1.2755656566481552, -3.2431514319011177, 0.8955149896615041, -0.2504350896533262, -0.32540304643421536, -0.5803514429053529, 0.49096364102531653, 1.6209709748191692, 0.9311833140115849], [-0.3379780986890253, 0.6749978926921758, -2.397979709534515, 1.4463308149136673, 1.0476342800731215, -1.381596630945234, 0.3548329303067799, 0.534749601833629, 0.8002015085222702, -0.04303723530357561, 0.2651404037372971, 1.265718099443709, -2.480885003776079, 0.6261337417053594, 0.76403850016216, -0.4599573889389556, -0.4346576146084852, 0.496767428780843, 1.3135982482007849, 0.5496120187897778], [-0.7717142089220351, 1.4787708040659202, 2.4326389428819, -0.6729977937090958, 0.7523000715481314, -0.6891745147500837, 0.47055317873218805, -2.1149335141479204, -0.5774347321645911, -2.3658841335662726, -1.3729209416282349, -1.4347969953369033, 0.7568996366117817, -1.2401156019086346, -0.35249031190476254, 2.923183912940249, -1.4202719750616961, 2.132335835985877, -1.6414125691367198, 2.0875906266303343], [-0.5384761764512525, 1.6408223093504828, 2.5517831369855504, -0.4746963000260096, 0.6914385450791783, -0.5296568541615881, 0.21120607913772776, -1.6720901819400467, -0.27200147632705013, -1.9993434850939311, -1.2734100949302072, -1.1580672114947381, 0.24633819551762395, -0.9418048076092775, -0.30419461580698065, 2.0805241015100844, -1.5375512369122455, 1.599545859901039, -1.50545314731016, 1.4847750234470853], [-1.1476811506498559, 0.17331536212657012, 1.2551773672447413, -0.36127174674116447, 1.6099404021818813, 0.2528805797813289, 0.6486040177658196, -1.0486052208738792, 1.3915178340858245, 0.2094465235360456, 2.718052267789585, 0.6533596385576265, -0.8615374613419559, -0.2788276885532335, -2.0603455554324124, -0.5771840898244832, -1.4808025675680883, 1.6690907017012981, 1.3724235197296275, -1.602146969841435], [-0.8702023142113516, 0.34566574292365737, 1.5891577738825682, -0.19914081492769747, 1.371466283647583, 0.3294711514610332, 0.8566307988923679, -0.7554628618901811, 1.4076818726475706, 0.47339334257088234, 2.32828230885179, 0.3770601897618836, -1.080768797811376, -0.24660922013097406, -1.8504137889289776, -0.7383120339513987, -1.692789315587445, 1.4876312224108577, 1.398764035814083, -1.687213455057173]], "Lambda": [[0.4867949256082692, 0.49886868434858433, 0.4817692275817122, 0.5043456154851153, 0.5405133746891039, 0.47355626439753284, 0.4846096919003682, 0.5113561794816441, 0.5074224148562662, 0.5023258773324898, 0.5210300803097567, 0.4997185584971905, 0.5157382730760295, 0.4977941137132206, 0.477135678863711, 0.5012146490623667, 0.582956397689613, 0.4777323583341445, 0.49165252940641496, 0.48358625403664035], [0.5220401845987261, 0.5031183767507599, 0.502001253446588, 0.5029828727705467, 0.539810227705798, 0.4928780798512286, 0.5120009843707793, 0.46295596186948046, 0.501213538141505, 0.5325581026133751, 0.5031631424916324, 0.5017024327511769, 0.5354999352127325, 0.49866823007877276, 0.4621968565272614, 0.485262764984571, 0.5516323867388347, 0.4765507513296398, 0.5105805802621205, 0.5068599478324675], [0.4846959691905511, 0.5305736634743836, 0.4689059501957521, 0.5026242036082013, 0.4642638365920344, 0.4773593721366937, 0.509316937433476, 0.48619600478811675, 0.5285195662811535, 0.5360508717772445, 0.45011004130414695, 0.5489934620080725, 0.49432022108497703, 0.504915464833053, 0.4569257918990847, 0.4846724302801931, 0.45276938668357086, 0.49727005769127836, 0.531074714663887, 0.5224416790923587], [0.4818717709520108, 0.513903593548135, 0.4673667531312192, 0.5018574423849586, 0.48160583781944033, 0.4733051753043667, 0.5154790324387827, 0.5219267404643118, 0.5018453042595423, 0.5114764448918733, 0.4566797104804829, 0.5431836018131315, 0.499491031880274, 0.5062497546241056, 0.4618582731539833, 0.5242746313488821, 0.47283823193997826, 0.5061828632778318, 0.5377991579537014, 0.5411726075110215], [0.4425378898705603, 0.7169824518506112, 0.4023974044157144, 0.48603826589604404, 0.4770559817011262, 0.5350250287407222, 0.45825383353087346, 0.48771144766775426, 0.4584531903836372, 0.561696143728976, 0.5282733484129698, 0.5050420686671488, 0.4240052921837577, 0.5567780736210467, 0.4660912942754371, 0.5835803913190483, 0.47827751931070006, 0.42448861677770783, 0.4675650878550775, 0.3734171669605235], [0.46180240011963164, 0.6576109323201919, 0.4022376526231283, 0.46795119675858754, 0.44417222897738595, 0.5604232434772979, 0.474587527928174, 0.5096458806446755, 0.46559560159607044, 0.5460048360410755, 0.5134782234017755, 0.49748081340694705, 0.45536599815868434, 0.5702769663468734, 0.4690431372184486, 0.5925494266723608, 0.4627316639585889, 0.41802966573203776, 0.4744757952625045, 0.40691430385822946], [0.5190555409620707, 0.4236366483238752, 0.49397488049773913, 0.41184705790727627, 0.4087526833157529, 0.41478640104417636, 0.633391356228064, 0.5319784164999691, 0.49007746542847086, 0.44790288426695707, 0.3275905163941055, 0.49649644847674684, 0.6078078083638974, 0.4991376432250123, 0.5963065876973567, 0.5584826729936895, 0.456070827119373, 0.447839403469398, 0.5299655613726322, 0.543541728278729], [0.5029226300527787, 0.451569509758343, 0.5122337762049449, 0.4177065096135777, 0.4199642102933486, 0.41154877251765254, 0.6149278495152558, 0.5308709859582214, 0.498720906843518, 0.4371645400230452, 0.3941072091186781, 0.48955638913873, 0.5934680545068051, 0.5231368302039563, 0.5601775427905576, 0.5137979864198458, 0.4703268432536561, 0.4417499815298351, 0.5432080813474901, 0.5276314545459445], [0.3683111096817579, 0.5116879228572419, 0.6438054460931701, 0.4303183352948581, 0.4766033390221846, 0.5890970113936982, 0.41414448764677647, 0.4865291909396354, 0.6413835673706436, 0.4218697822646783, 0.7672051097058254, 0.5680789992816819, 0.5082605795420642, 0.45805698715284165, 0.600325924293435, 0.682855637032777, 0.4750369577514888, 0.47962355404146123, 0.4215121546501302, 0.6470569066985751], [0.4030459814953916, 0.524823994845155, 0.6073606074087291, 0.4453281414428277, 0.46121188512008154, 0.5821221324444544, 0.4138278488388154, 0.5118511084199903, 0.6107432691131067, 0.40246705343761474, 0.7290869594983609, 0.5177225360273808, 0.5140918108877286, 0.48038846272143393, 0.5911949194777564, 0.6601819883574497, 0.47309031854933176, 0.48961226770247335, 0.4358633953237851, 0.6075518042694342], [0.531243552332245, 0.6200672613988364, 0.5663336508475209, 0.5634953340093865, 0.4268894532177162, 0.43006253958133767, 0.4900513537330766, 0.47447828396518105, 0.46435551766463673, 0.4298862261913082, 0.425465183994701, 0.4865449982350168, 0.536753790682897, 0.442423646902491, 0.5042096829745164, 0.466657939803649, 0.6009271334955146, 0.5583678903846336, 0.47386276759225504, 0.500017535103964], [0.5367106649772845, 0.6156998053995675, 0.5134576188112983, 0.5414198052012247, 0.47018292858018623, 0.4604744869479453, 0.4982721924496026, 0.5018237714259639, 0.47249843157480376, 0.46529905817101447, 0.43031540290066106, 0.470032663562361, 0.5502876994464846, 0.49147745114173313, 0.5172543809749369, 0.43781479216551, 0.5956564135230075, 0.5630940797611554, 0.458240392338527, 0.5276826626037499], [0.5330198552736057, 0.5328799872427653, 0.4428027499017001, 0.5204213233427811, 0.37610124437132664, 0.5045593950713171, 0.4912352240882546, 0.5493729526298, 0.4488989320514364, 0.4875865895009818, 0.46598040137500246, 0.4573756203861038, 0.5136303749742385, 0.4971568693919231, 0.43744322728309, 0.4411218147559503, 0.54382288183411, 0.5349810450576705, 0.4693055651468705, 0.5879308971057092], [0.5654502432347264, 0.5320743509601698, 0.46619243622335926, 0.5059450285285249, 0.39619826205130165, 0.5066275485031401, 0.5092226603818835, 0.5334089777100217, 0.4476135197926476, 0.46920596996983016, 0.45735918300785655, 0.45708508725566005, 0.5350789660443283, 0.47658055258603305, 0.45223810422757327, 0.4276221676470536, 0.5042268685875811, 0.5260525135424289, 0.5117473907608825, 0.5657385333774326], [0.5539644114753361, 0.47357257546151066, 0.49304348925824604, 0.5250394168992819, 0.4361598489611316, 0.5654273136084632, 0.540552346792327, 0.43764924620055123, 0.48437993712784955, 0.4207811392815816, 0.4346928893965017, 0.45688843200878915, 0.47584308233702605, 0.47904775892681134, 0.5511483653237572, 0.3610505617151421, 0.503110031006519, 0.4861300311960477, 0.42680203763147695, 0.4293374446925954], [0.559012077250393, 0.49991141781641446, 0.5206107503996477, 0.5448305366667922, 0.4346336557531015, 0.5106355308744207, 0.5312715707170573, 0.44340515763606075, 0.49470748209452653, 0.42734843514684057, 0.42238366187358667, 0.4838233325593287, 0.4614907269243073, 0.48532084268621467, 0.5361745258136583, 0.36461505730400656, 0.4827921284114943, 0.46232209690954057, 0.4695956313336238, 0.4218482765830281], [0.47816690274303825, 0.4544143492898421, 0.511437291479757, 0.509465047546404, 0.44282274619628775, 0.5881400860103477, 0.46528519776445404, 0.46597823725450604, 0.518676598121797, 0.726949791339911, 0.7345528456938631, 0.6325974747499624, 0.3952213242210599, 0.41891719033514274, 0.4542531041264604, 0.564822983537899, 0.45227783544043565, 0.4967727114633123, 0.5803174170072126, 0.40827803210020297], [0.47978743002995977, 0.44550419110246176, 0.5158606867006278, 0.5458804109284954, 0.4454241600454931, 0.5389421310817605, 0.468240371726819, 0.46932472341356324, 0.5239737631411896, 0.703058286654287, 0.7254248176483856, 0.6223980759558331, 0.3894475964975043, 0.4470895633663511, 0.4808286784963017, 0.568863947380079, 0.45225045859630136, 0.48780372950268813, 0.5776906089179545, 0.4582168464713989], [0.515359722180037, 0.5538892791485064, 0.4909654703916856, 0.5466829814577118, 0.29990278771861995, 0.5490313345664753, 0.6343225786548474, 0.6388678156045869, 0.7450927133066358, 0.39636013826356076, 0.3497519700871445, 0.6228286329000392, 0.40862809909685605, 0.3705975210666194, 0.4491568965529508, 0.42681862162727985, 0.7841597785107859, 0.4566949773950849, 0.4422217138057145, 0.5511464761126154], [0.5304211616519002, 0.5352985860148951, 0.5208407095095321, 0.5834819739382888, 0.31529691338814947, 0.5827896881879021, 0.6127964033734808, 0.6627743306893099, 0.7193359474455178, 0.42222643852428465, 0.36497445947088447, 0.6587504969640492, 0.41555307847571965, 0.39502356813756156, 0.475167647696007, 0.438454387031809, 0.7150756585612549, 0.46675180625635615, 0.4480364293041915, 0.6101872363360078]], "G": [[0.05300506884431277, 0.04663311728295818, 0.4713974851180606, 0.42896432875466867], [0.0729515346114169, 0.06109493350901857, 0.44706093922116286, 0.41889259265840245], [0.07269784771204729, 0.061561172926528296, 0.45103125395371985, 0.41470972540770423], [0.0821711615982129, 0.06350723339727346, 0.44476468231709915, 0.4095569226874145], [0.05550733899081199, 0.04687406275979936, 0.45935077489610543, 0.43826782335328357], [0.06472801236062307, 0.057214673978908524, 0.4565351169104595, 0.42152219675000835], [0.0699624163386174, 0.056291397865738974, 0.45170546150288776, 0.42204072429275535], [0.05998735412714469, 0.051987625808564836, 0.46584991598581127, 0.42217510407847886], [0.05318843598056067, 0.048734573998093056, 0.46220185889081805, 0.43587513113052784], [0.05377272907233606, 0.043997744761284784, 0.45990428062068667, 0.44232524554569264], [0.08220711743840858, 0.06431832063515108, 0.44138657076911797, 0.41208799115732214], [0.05917162682255557, 0.05335995987216281, 0.46186203373704227, 0.42560637956823905], [0.05991833554661208, 0.05064371879339245, 0.45889996203527456, 0.43053798362472134], [0.0812824105908008, 0.0695253018651881, 0.4385984342376298, 0.4105938533063816], [0.06176833127702805, 0.04902354551269625, 0.45489261967266087, 0.4343155035376153], [0.05078403849391492, 0.04366433073206816, 0.45945241455119484, 0.44609921622282234], [0.05728388787416669, 0.04891797518870461, 0.4691975943700883, 0.42460054256703983], [0.05127802490933473, 0.045689178114633, 0.4706139187553525, 0.4324188782206797], [0.049294161609303236, 0.041493648578213284, 0.4675390283783689, 0.4416731614341145], [0.10010519421284285, 0.07970324385615075, 0.42784020648274346, 0.3923513554482637], [0.05462252472728627, 0.04761484109380659, 0.46087303618181125, 0.43688959799709615], [0.07395573607103523, 0.06421249820667835, 0.4448533168656499, 0.41697844885663643], [0.05891688502119458, 0.05205907937733815, 0.4675853973368503, 0.4214386382646177], [0.06168203751871779, 0.051159179891054195, 0.4600242639195998, 0.4271345186706283], [0.0672017492112476, 0.06098416459284814, 0.44731933230830706, 0.4244947538875967], [0.08454547023550757, 0.07329893595354732, 0.43209115787405544, 0.4100644359368892], [0.07545000838561516, 0.06037514023572614, 0.4473192605830981, 0.41685559079556084], [0.07385642803935827, 0.0589955184792292, 0.45123812265813557, 0.41590993082327693], [0.05527129578293186, 0.044773350550276786, 0.471269854748723, 0.42868549891806834], [0.05701561982135475, 0.04747255217731078, 0.4602275700208, 0.4352842579805339], [0.0660135333178686, 0.054468549522151015, 0.4624255073330687, 0.4170924098269114], [0.0480135900921787, 0.041280555453694, 0.47676672676933035, 0.4339391276847981], [0.07635969720231178, 0.07000667126322481, 0.4386254551978085, 0.41500817633665543], [0.06697643451671846, 0.0589886335486267, 0.45422451689710375, 0.41981041503755184], [0.0529856048083849, 0.049284786113872034, 0.4614588796387699, 0.4362707294389723], [0.04636601710385721, 0.04317120030859547, 0.47019924138113217, 0.440263541206415], [0.06805635108776709, 0.05476914567440736, 0.45671256387746223, 0.4204619393603628], [0.07701730012663324, 0.06158240566804948, 0.4538633481972461, 0.40753694600807017], [0.05478088114045869, 0.045993734269936824, 0.45916503734255837, 0.44006034724704624], [0.07766419032028066, 0.06540985557184699, 0.4459535082788315, 0.4109724458290407], [0.06603756578162091, 0.05204492617485126, 0.4539244350679297, 0.42799307297559813], [0.0573199110961234, 0.049706290360611236, 0.4668897493141045, 0.42608404922916093], [0.06347197408649091, 0.05014192659392, 0.4623430660838252, 0.42404303323576353], [0.07270017503749696, 0.06227605488382758, 0.45943595139114524, 0.4055878186875308], [0.06195426438891755, 0.0553371491894155, 0.46421418876175247, 0.4184943976599152], [0.06733777522012484, 0.05795724739854552, 0.44865268516300183, 0.42605229221832813], [0.06570196204911326, 0.05519981966022322, 0.45737989465296836, 0.4217183236376949], [0.059296705680637135, 0.054348260264836724, 0.4556616167423012, 0.4306934173122253], [0.06489041862443506, 0.05781737750732142, 0.45316383242587466, 0.42412837144236865], [0.04985715737109748, 0.04144741994080256, 0.4676172061693774, 0.4410782165187227], [0.08776555560736332, 0.07581529638325014, 0.43706787365844496, 0.3993512743509419], [0.05589665886058335, 0.04914376457162717, 0.4680311867270052, 0.42692838984078463], [0.06874730073359786, 0.05897507950575542, 0.4584503019852813, 0.4138273177753662], [0.05043482783764293, 0.042833867058364075, 0.4665551372982851, 0.4401761678057081], [0.058476590401758385, 0.04676205568448959, 0.4648790879758579, 0.42988226593789414], [0.05908508977881891, 0.04894932849525397, 0.4557913581733161, 0.4361742235526099], [0.06096330742429674, 0.05316142178153578, 0.45709264915205344, 0.42878262164211395], [0.051573045118450074, 0.04468747346536273, 0.4676443065908201, 0.4360951748253675], [0.06799417828345558, 0.06109830558220665, 0.45527291540336295, 0.41563460073097425], [0.04546466754378082, 0.04055110656079461, 0.47456871944293294, 0.43941550645249194], [0.05726546942909134, 0.049381418594937956, 0.4609616833341709, 0.4323914286418004], [0.06456295240505666, 0.053684730084913077, 0.4578415318056412, 0.4239107857043891], [0.060515740384743805, 0.0492752620518589, 0.4610514359042215, 0.4291575616591757], [0.07671723387543672, 0.06932770826746959, 0.44503298181893586, 0.4089220760381574], [0.05627118332778055, 0.04864039413378078, 0.4591500574419289, 0.4359383650965094], [0.044850806476435454, 0.03998389921692648, 0.47727573992143874, 0.43788955438519855], [0.05674836247971344, 0.0513381524968205, 0.46381224360897233, 0.4281012414144939], [0.06717804769734591, 0.05357209366510461, 0.4505486431491165, 0.42870121548843376], [0.0572068038460803, 0.04340907023817732, 0.46389673624276945, 0.43548738967297346], [0.06933218959419186, 0.052673048431632945, 0.4510362582406293, 0.4269585037335453], [0.06034857371274722, 0.05163519620256704, 0.4620975635132888, 0.42591866657139693], [0.08749300320588892, 0.07134383837907818, 0.43903665025401856, 0.4021265081610134], [0.06372910570091533, 0.05385145481651509, 0.4582029067075084, 0.4242165327750601], [0.04806189078723207, 0.04695320879619433, 0.46242375980859013, 0.4425611406079834], [0.05600391594974274, 0.04738452139208923, 0.46487683577673594, 0.43173472688143255], [0.04319823405704883, 0.04072501418998766, 0.4677287939260395, 0.4483479578269244], [0.05694524762608381, 0.047318825818227044, 0.46730402208629734, 0.4284319044693917], [0.056268731619463316, 0.04706980008210939, 0.47022743029144853, 0.4264340380069797], [0.06717573373347911, 0.05807169491576323, 0.4604198096415194, 0.4143327617092375], [0.07057690911688125, 0.06157014660110429, 0.4541149562900708, 0.41373798799194345], [0.056169525558435664, 0.04856729374218098, 0.46490878858263407, 0.43035439211674975], [0.08802964053551732, 0.0701033009527452, 0.43555827289055277, 0.4063087856211847], [0.057433345767247415, 0.046453455255835885, 0.4647669661426036, 0.4313462328343126], [0.06727534959749253, 0.05566247631909191, 0.4585029274535589, 0.41855924662985666], [0.05942494190335974, 0.053069588227751464, 0.4619173662709573, 0.42558810359793164], [0.0688739924599953, 0.06175277082197687, 0.4599447291417517, 0.40942850757627575], [0.05272621957882049, 0.04722448057205298, 0.4650869852727748, 0.43496231457635276], [0.06996699321857257, 0.05758181813625351, 0.45369297458810187, 0.4187582140570713], [0.06288679745743302, 0.05674556340952899, 0.45607571053144397, 0.4242919286015943], [0.056847406187167, 0.04779203071744611, 0.4636387578185334, 0.431721805276854], [0.05144514509921099, 0.04688257506179845, 0.46524448212179553, 0.43642779771719553], [0.07818408868787027, 0.06575888960650182, 0.4422289443600694, 0.41382807734555876], [0.049925049800606136, 0.0449595052832736, 0.4725235631724837, 0.43259188174363594], [0.06137460697016755, 0.0486233268355091, 0.46224901150141995, 0.42775305469290414], [0.06821982706439549, 0.05854384893549405, 0.44616873068715296, 0.42706759331295724], [0.05850426213300783, 0.050504814482843906, 0.4626973644367093, 0.4282935589474389], [0.08659533492747257, 0.0705607569829683, 0.44139209777772526, 0.40145181031183524], [0.06525772225121479, 0.053766823645654716, 0.45434390481655684, 0.4266315492865726], [0.06484574127644056, 0.053768681972498025, 0.4475957947831188, 0.4337897819679423], [0.07157443514137816, 0.058571995560195426, 0.4564893840790654, 0.41336418521936225], [0.06007376797467103, 0.04907174377002442, 0.46058436120770396, 0.43027012704760004], [0.0487880780442501, 0.04489572469716253, 0.47431851039076184, 0.43199768686782575], [0.05930816081678663, 0.05218939873985049, 0.4634527326908586, 0.425049707752504], [0.047932893057863524, 0.042685288860182045, 0.4747327044088163, 0.43464911367313785], [0.0497465967421093, 0.042679140586305245, 0.4722266368419342, 0.4353476258296515], [0.06880582105821928, 0.056544219644475535, 0.44898016628168974, 0.425669793015614], [0.06488631745829206, 0.05433568809226654, 0.4583924679796289, 0.42238552646981264], [0.06306539911462428, 0.05529419512240335, 0.4565183752751106, 0.4251220304878626], [0.06341957048597677, 0.05674599180673697, 0.45800891787478987, 0.4218255198324972], [0.06179068140420222, 0.05549832699617654, 0.45894787450549074, 0.42376311709413045], [0.06362271763582812, 0.053071171725033735, 0.45602783412877884, 0.42727827651035954], [0.05738125630242861, 0.05021035552720743, 0.4596878688602754, 0.4327205193100886], [0.05915498594734013, 0.05311132046067031, 0.4652615095498986, 0.42247218404209097], [0.04727379959836082, 0.04414847692413636, 0.4695107313143655, 0.4390669921631371], [0.051312560511290566, 0.049219304556316026, 0.46831979498430676, 0.4311483399480869], [0.09879506659663514, 0.0783022710559595, 0.42655325573356784, 0.39634940661383805], [0.06013992649628687, 0.051440000830075265, 0.45375294221168166, 0.43466713046195615], [0.07249877039992747, 0.06472860650997711, 0.44294023595894877, 0.4198323871311461], [0.10084668444720014, 0.08194204402851889, 0.42814911060581806, 0.38906216091846263], [0.05842098560989839, 0.04962733467833474, 0.4634228398205822, 0.42852883989118473], [0.06234140167050741, 0.04863029279157977, 0.4557340508396194, 0.43329425469829297], [0.052453879892355545, 0.04863713276265039, 0.4660928665387626, 0.43281612080623066], [0.0560695416427315, 0.04777007295120859, 0.47063527636233343, 0.42552510904372715], [0.06885528705887192, 0.0584723874908009, 0.4542462333321686, 0.4184260921181583], [0.053764826730423605, 0.04818801815939561, 0.4627002348546787, 0.4353469202555025], [0.05751315874512832, 0.04567571282168474, 0.4637091018872271, 0.4331020265459606], [0.05102756648469913, 0.041294412915134075, 0.45921205391928116, 0.4484659666808847], [0.05524029678239217, 0.047403080098853356, 0.4593579604960095, 0.43799866262274545], [0.06616562682102752, 0.06207039424748186, 0.4510744094105438, 0.42068956952094594], [0.06065567025426453, 0.05276630035519067, 0.4524202255827901, 0.4341578038077554], [0.07584551557990342, 0.06357779699396407, 0.4439275815838794, 0.416649105842253], [0.07199767979152354, 0.0640893054389549, 0.4480948230153131, 0.4158181917542081], [0.052023949421316024, 0.0453991949649061, 0.478977880172043, 0.42359897544173475], [0.061103382223858645, 0.05269874951500382, 0.4602740529110569, 0.4259238153500805], [0.06877613824349572, 0.057874254005150574, 0.4554553682873722, 0.41789423946398135], [0.06990357368217308, 0.060814886608819195, 0.44982609856433087, 0.41945544114467703], [0.06900030293607684, 0.05894355099299618, 0.4534412474053234, 0.41861489866560264], [0.0748903448768866, 0.06249450844085351, 0.4487618823468816, 0.4138532643353793], [0.05448426870287622, 0.047143719839617765, 0.4719994029508218, 0.4263726085066836], [0.06970820108980959, 0.05872962533000388, 0.4493659665675027, 0.42219620701268423], [0.06456118068946522, 0.05697641937791423, 0.4567492078783788, 0.4217131920542419], [0.05013171298557679, 0.04488355995429808, 0.48015870683011863, 0.42482602023000693], [0.0650929307393325, 0.05914192653540648, 0.4587024775054819, 0.41706266521977836], [0.07401737539967757, 0.06282374044774365, 0.44940517438544053, 0.4137537097671382], [0.09330726991138472, 0.07196833496595847, 0.43470990421475164, 0.4000144909079043], [0.062404868844697106, 0.05250664044205919, 0.4554664298148225, 0.42962206089842264], [0.051219999120897905, 0.04577230896083533, 0.4666030550500603, 0.4364046368682071], [0.05185103287429766, 0.04334236611631941, 0.46348579631425674, 0.4413208046951261], [0.08208616919160072, 0.06848509117668514, 0.44054083529616045, 0.40888790433555455], [0.06793027343524193, 0.05479698519599862, 0.46171712582115676, 0.4155556155476033], [0.04992792092908064, 0.043787712388810546, 0.4730952359456361, 0.4331891307364725], [0.06883757232147486, 0.059707572215003904, 0.4488587550056769, 0.42259610045784335], [0.07514444201874272, 0.06450551623314632, 0.4455857543186844, 0.4147642874294257], [0.06014909903941471, 0.047831527684510475, 0.4650796666624686, 0.42693970661360653], [0.05526117338527305, 0.04824059438960011, 0.46105369385344647, 0.4354445383716799], [0.06385789477474631, 0.052542892090819866, 0.46181024360583395, 0.4217889695286009], [0.059349398453881846, 0.04921059549142309, 0.46180737693005197, 0.4296326291246429], [0.05650716348422026, 0.04545003498711517, 0.46189947306407236, 0.43614332846459325], [0.05464692246787054, 0.04742504288042476, 0.4625465908664072, 0.4353814437852965], [0.08881939261080013, 0.0706441993569713, 0.4319691910465546, 0.40856721698567416], [0.05736023524499982, 0.04832135936361655, 0.4701270678510571, 0.42419133754032595], [0.0737521112525693, 0.06454848683087683, 0.4427860795024252, 0.4189133224141284], [0.05852552255864955, 0.04968576269817826, 0.4541355486268049, 0.43765316611636707], [0.05602449980516927, 0.04910313277335761, 0.4630926291773992, 0.4317797382440738], [0.06172170275050675, 0.05888250307488252, 0.4562773668728192, 0.42311842730179106], [0.05879308769044292, 0.051420878118019216, 0.4690877962697295, 0.4206982379218088], [0.08985243850988704, 0.07602507914733364, 0.42827400684567735, 0.40584847549710173], [0.056058456915094375, 0.04689078095393656, 0.4606552537146548, 0.4363955084163135], [0.07214995425610828, 0.05971825890327239, 0.44855476527158644, 0.41957702156903254], [0.05869516812370899, 0.05291014028242405, 0.46576028806193714, 0.4226344035319287], [0.06947823840568154, 0.06087189766126542, 0.4530324435798462, 0.4166174203532074], [0.06001157735551118, 0.049238248869715374, 0.46206472765187134, 0.4286854461229022], [0.05256189592245895, 0.04734760952203421, 0.46560197164678163, 0.43448852290872503], [0.05956329442429438, 0.05111025423681188, 0.45403917455940246, 0.4352872767794905], [0.060240884271264804, 0.05239105943822184, 0.4578890986715061, 0.42947895761900673], [0.048342818086322, 0.04147022909460078, 0.4697726686112576, 0.4404142842078193], [0.05668831856294326, 0.04719637542871971, 0.46238209872748753, 0.4337332072808489], [0.06527700189827958, 0.05533611193641329, 0.4555496550857287, 0.4238372310795798], [0.06545047024907993, 0.0543938351105782, 0.45854106722412497, 0.42161462741621736], [0.06118575061190678, 0.05196383503759736, 0.46382680599494813, 0.42302360835554736], [0.06662051182757886, 0.05687778037827754, 0.4559785061539777, 0.4205232016401662], [0.07225319871961025, 0.05937967118826964, 0.4537313751069065, 0.4146357549852131], [0.06699132244112527, 0.05743782278377752, 0.4535509764767604, 0.4220198782983376], [0.04480867833794472, 0.04377485052202458, 0.4693335476062217, 0.44208292353380957], [0.048005183741792065, 0.04138759859206688, 0.4724508801865996, 0.43815633747954147], [0.0524878561452739, 0.04593675198073233, 0.4690827291005133, 0.4324926627734811], [0.05713085715553854, 0.0504329149039807, 0.46065678283682143, 0.4317794451036595], [0.0633442166982689, 0.05304951537970245, 0.4602662729314602, 0.4233399949905693], [0.05719228584768173, 0.05282501768747318, 0.4665327853944664, 0.4234499110703786], [0.061315387451882405, 0.05068012660168379, 0.4561445662225808, 0.431859919723854], [0.05929640814464694, 0.051438794367987296, 0.4617647014936025, 0.42750009599376265], [0.06732879427306646, 0.057284216651214824, 0.4545865887890584, 0.4208004002866601], [0.05176319307682658, 0.04449447887154516, 0.46789151206615365, 0.4358508159854746], [0.04223825393346454, 0.04014721030962414, 0.4751606953990052, 0.44245384035790647], [0.053222095570149876, 0.0506810895287998, 0.4557794699603746, 0.44031734494067665], [0.06596412968720401, 0.0592598239950606, 0.4473800982768316, 0.4273959480409038], [0.062313006473354596, 0.049350646459244876, 0.457076798262237, 0.4312595488051629], [0.058901231566793326, 0.04991389009518831, 0.4644641652171175, 0.4267207131209012], [0.06335537750361711, 0.05160129374823083, 0.45907887636787714, 0.4259644523802751], [0.07421892719648365, 0.06724881012790067, 0.44019025600415934, 0.4183420066714563], [0.056789160077565404, 0.04601118337138867, 0.46052757729903715, 0.4366720792520085], [0.06490519396920688, 0.052676123484036566, 0.4542114255836794, 0.4282072569630773], [0.06156311303696271, 0.050943257600105304, 0.46021635498737634, 0.42727727437555607], [0.0530026232579663, 0.04751834085742582, 0.4638506542474267, 0.4356283816371814], [0.0651008046820261, 0.05859907898747499, 0.4582238688515276, 0.41807624747897204], [0.06988035521364153, 0.055339204760559105, 0.4587493649849146, 0.416031075040885], [0.09361942621707053, 0.07730822279519427, 0.4305477198844767, 0.39852463110325864], [0.0538529235845663, 0.046969668640363595, 0.46511011670486296, 0.43406729107020725], [0.05391020088273257, 0.047281073983809006, 0.46964229700266963, 0.42916642813078865], [0.08415294701279723, 0.07287034710895691, 0.43875115072614085, 0.40422555515210584], [0.06366013480008828, 0.055671742887910554, 0.4573040810223118, 0.42336404128968885], [0.06727820888598546, 0.057751429426431994, 0.45650972809994017, 0.4184606335876429], [0.07547394041194681, 0.060253648985011975, 0.4434155177243275, 0.42085689287871436], [0.06458458740146154, 0.0518555435318629, 0.4529329633229802, 0.43062690574369555], [0.05633561597955767, 0.04976147973232426, 0.4636440079366576, 0.43025889635146014], [0.07834281833709582, 0.0670395165619013, 0.4424532816384549, 0.4121643834625486], [0.06602104776065869, 0.057601527842363616, 0.4508287890505739, 0.42554863534640314], [0.04573383303423434, 0.04190937523651605, 0.46746168592367787, 0.4448951058055721], [0.04623422216439068, 0.0400220829418111, 0.46798265293028596, 0.4457610419635113], [0.05417560873948487, 0.04903283130212943, 0.45931113999352924, 0.43748041996485526], [0.054820446313614275, 0.04640367255946376, 0.46432882423145516, 0.4344470568954664], [0.06047497478391372, 0.05305325071285505, 0.45538829076941273, 0.4310834837338172], [0.07822381044631677, 0.06517053114724623, 0.44769375909682646, 0.4089118993096101], [0.060099314075322756, 0.04891603543394622, 0.4702131868537178, 0.420771463637014], [0.05378513560286447, 0.046735439440679656, 0.46673136399337006, 0.4327480609630855], [0.05845397876138462, 0.0503962016146308, 0.4496034713040855, 0.4415463483198986], [0.058123959467916035, 0.05593910436724337, 0.45795766009603023, 0.4279792760688098], [0.05564333308444506, 0.04770127799677071, 0.4721055723396074, 0.42454981657917684], [0.05250376932115676, 0.04557037592569498, 0.4670072061018839, 0.43491864865126506], [0.05436386715814527, 0.05340003290997026, 0.46172947403373077, 0.4305066258981532], [0.05727603379240452, 0.04831261332527334, 0.46455063281893655, 0.42986072006338544], [0.06195531711454304, 0.05800241042883309, 0.4541474196861248, 0.4258948527704994], [0.06577422312228481, 0.05121778403428768, 0.4537130928556719, 0.429294899987754], [0.0699670971895337, 0.05800540924413481, 0.4508591562902398, 0.4211683372760913], [0.0704156096939625, 0.06266540091456012, 0.45655808108337415, 0.41036090830810174], [0.06063823731704933, 0.059143906114781236, 0.45420803090262324, 0.4260098256655475], [0.06730591572142851, 0.058305199837863, 0.4485083937011114, 0.4258804907395967], [0.06210201429300209, 0.0505121741012112, 0.45116961675469136, 0.4362161948510956], [0.05282046231963002, 0.048738318699483744, 0.46924713322604233, 0.42919408575484397], [0.06358698840006759, 0.0535036192780848, 0.46397081702173437, 0.41893857530011264], [0.059831545779606456, 0.05287887498140518, 0.4524353863212764, 0.43485419291771227], [0.057742496423286285, 0.04797283576026647, 0.4647105361509938, 0.42957413166545405], [0.06373834307073313, 0.05265642563247651, 0.4569076916790274, 0.42669753961776336], [0.05565334710385251, 0.04815010128520676, 0.4579435724134362, 0.43825297919750456], [0.055923470798760117, 0.05055627946170173, 0.46044409500999983, 0.4330761547295385], [0.06113540253414355, 0.053372624363576204, 0.4560507213383008, 0.42944125176398], [0.06857342235739798, 0.057437322427079045, 0.45437681075196756, 0.4196124444635547], [0.0879377930984658, 0.07706096131678186, 0.43951998919033225, 0.39548125639442105], [0.06966092295935208, 0.059100247140115976, 0.4571019383189703, 0.41413689158156186], [0.05656220694723658, 0.04643737100022584, 0.46947352347021537, 0.4275268985823221], [0.052975714596576254, 0.044338560802686486, 0.4663116084432582, 0.4363741161574797], [0.07802792439309564, 0.06642892631867557, 0.43946981203468155, 0.4160733372535471], [0.06345258345389806, 0.05281655266784147, 0.45797712875129015, 0.4257537351269702], [0.06482696399361947, 0.05681430277683669, 0.4517710426368915, 0.42658769059265195], [0.07826355222157307, 0.06705138918189384, 0.43913291445116515, 0.4155521441453685], [0.06977990271683089, 0.057194493353780934, 0.44918262239020174, 0.4238429815391869], [0.060996195505892296, 0.051505786390507347, 0.4575939107576974, 0.4299041073459033], [0.06562242352340947, 0.055649768596754745, 0.4560516181729824, 0.4226761897068534], [0.07148898010768975, 0.06340158284886124, 0.45258875919284597, 0.4125206778506025], [0.058337884665957705, 0.04917163056127747, 0.46022432442736133, 0.43226616034540316], [0.05397668001046559, 0.04915046076753858, 0.46622063571623334, 0.43065222350576304], [0.05788810556857478, 0.04540482247517054, 0.4599887988898922, 0.4367182730663632], [0.07703222603205989, 0.0628156982688806, 0.44372603427922425, 0.4164260414198348], [0.052530473902871744, 0.04277243057093253, 0.4685935652715328, 0.4361035302546632], [0.041021292595688784, 0.037056878882543, 0.4700904208697969, 0.4518314076519705], [0.07703436071561538, 0.06778412061118516, 0.4449999331666313, 0.4101815855065693], [0.05653035163929087, 0.05085104624682894, 0.4587776655831121, 0.4338409365307687], [0.05183477186084557, 0.04712351357751242, 0.46916063995302965, 0.43188107460861247], [0.07971424580746539, 0.06905608219088642, 0.44361551936532906, 0.40761415263631956], [0.09284457715796027, 0.07912459825014992, 0.42854219976009655, 0.39948862483179315], [0.060177161715389185, 0.052911756739814464, 0.45611560244405136, 0.43079547910074467], [0.05728745661275154, 0.04879520585538731, 0.4595301770133866, 0.4343871605184744], [0.05306454831881399, 0.04185842103037405, 0.4650464704601258, 0.44003056019068665], [0.044067883989606656, 0.04024537156127567, 0.4723466436263534, 0.44334010082276404], [0.055787897567787785, 0.04801537377226317, 0.4643727043111179, 0.43182402434883094], [0.05510425776879488, 0.047870921685269824, 0.47159723466020353, 0.42542758588573176], [0.06432558002829014, 0.05751825819669214, 0.44844944553700633, 0.42970