{"estimation": {"a": 4.972427426902872, "rho": [0.15491583548753077, 0.13166193113378238, 0.3541350320971765, 0.3592872012815099], "Mu": [[-2.1038387111599173, 2.17528189014106, -3.0319422966721308, -2.228940973072831, -2.652726136586841, -2.306159687838885, -2.128131611478513, 1.6383381136763029, 6.170069773970169, -4.548865273099967, -2.1976312897755714, -0.3635553480882612, 0.9594962458017803, 0.6538994311557096, 0.3150514246850723, 0.9412485029574565, -0.07973182660234027, -1.895905941512889, -1.8076906451016932, 2.7143932718621993, 0.3106853677580884, -5.369970948057911, 2.784988357284793, -2.410316921142606, -1.9149074500498755, -3.2665034451338717, -6.972780584136313, -3.385157247818043, -0.08429848074290863, 1.5111057227943554, 3.9457704726119514, -0.3379128001711551, -1.8478247643569117, 3.6343033486673146, 2.109296296914184, -2.2503694413057356, -3.4309582965112333, 1.1172988788949119, -0.12932452842033654, -1.0521053310944433, 1.386644091224854, 6.764983741664494, -1.424527179400849, -0.41912986686065506, 0.8224900658413289, 3.1805281727300243, -2.94605768435072, -0.8534282460360831, -1.2866799392719552, 2.7572695534756466], [-3.1695577659413576, -0.8039996970466537, -1.2403202597113423, -1.1988176095200085, 2.025817314306335, -1.9346509165916836, -1.220337297860708, 0.19804366296923312, 0.10884051398694301, 0.4973329038983419, 1.7067909379633253, 2.7748421758978354, 4.08064056273384, 1.3628709804153187, 0.05196487430503656, -2.3721750600050973, 1.1506319435661732, -1.439110649215585, 1.783972000109519, 1.1795279718871918, -4.183777596011017, -0.7399945870407811, -2.158971539648584, -1.9363971181491413, -2.2809688808592026, -1.8120754240808643, -3.900490295386165, -3.0523465884451895, -3.4793012904263216, 1.9551236552146025, 1.8188503496386927, -3.114735638020317, -6.361059409066382, 5.1908117817824975, 0.29819417488292554, -0.2086956415936197, -4.084221278306859, 3.3107348315823786, 2.740516822481198, 0.6203693714585928, -0.07431534871417939, 3.503058476002571, -3.2257732902092364, -2.169441812520847, 2.689078672122199, 2.361120530542954, -0.2815699380280886, -2.8889157457633865, -3.2910663371173032, 0.6683735064281672], [0.9911348787388229, -1.132074530025082, -2.6607676170892325, -3.897224442888714, -0.23523294905174447, -0.4923513003422739, -1.644184906003981, -1.5369150114648145, -3.5824119970068424, 0.2013396177548302, 1.3928753845916806, -2.064381461919854, -1.8362923641520306, -0.41429146802092504, 0.5075486367551245, -1.0582274074710645, -3.9714663725840684, 2.5317957871209376, -0.8229106326103193, -0.7027891755109446, -0.10170163637089201, -1.753507421803111, -0.751224185472231, 0.4336633677636978, 2.0804242626766447, -1.4649409784081606, -0.2295264676267203, -5.059458379588252, -1.2644010655201967, -0.3709094545086938, 4.6437394191048735, 1.1442940973732978, 2.136204963119154, 0.826692185860576, -1.5411744928832989, 2.6122961619291636, -0.6363594832311291, -0.3689116785493443, 1.3271447829486511, -0.7555268755699335, -1.6766447678734824, -0.7053028774825987, -1.106359921379131, -1.9584745827762617, -0.14356401871826102, -0.0543241537260345, 2.147624840446219, 0.19138030921809301, 1.5686764241807192, 0.25327029127620465], [1.1032616305480871, -1.5232389718153547, -1.1723925282241194, -4.3573119467308965, 0.22704701328749752, -0.33799825875561296, -1.3767889751693647, -1.572118917629686, -4.6927666560567705, 0.8337069650914821, 1.7456581024649613, -3.2987494219429525, -1.7745829632035326, 0.27265635590213644, -1.1076824305005342, -2.0571990527023303, -4.3200996933527325, 2.992939590805696, -0.8987474661788946, -0.33985770408342186, -1.7058954923211005, -1.1441140217849537, -1.4723173013712143, 0.6827455312163692, 3.261314042096712, -0.9016982606986887, -1.0823973112796095, -4.447038051278516, -1.5746952095783457, -2.0332372393387654, 5.5863400031797665, 1.1141950675724257, 2.8787360404395748, 0.5174759516079855, -2.4535540618565643, 3.5832397652429466, -0.6922097483200292, 0.009315783412467788, 1.274966134857407, -0.7039839156946419, -0.7896874431388865, -0.11500661717123398, -1.1285432653686733, -1.055724512942733, -0.2732729599155813, -0.08254202535968497, 2.131446239024566, 0.14179177344562935, 0.7705058820268711, 0.1269908104164434], [1.7148802246322508, -2.7279513416276036, -0.20780508046239254, 6.641297154035725, 0.7291371618491871, 3.182077873002326, -1.3048503732622405, -8.064424389973707, -0.18216173190812746, -4.71023409282226, 0.4910267910080592, 1.7556014891058005, -2.4107946721470523, 5.202629469055644, 0.0246177967801535, -5.507587420730043, -0.9512593317275717, -1.2963918208542498, 0.4027001661037791, -5.574162646116784, 0.8599371786106622, -1.4068406690066826, 10.975145214240149, -4.494051307939095, -2.1710926429431425, 2.9774912727754685, 1.9005148168580122, -0.2555471011331345, 11.67093097252169, -2.268200010849923, 1.805676349292607, 3.1457509439909983, 4.320123970046791, -2.087852341535406, -1.0080357951206858, -7.488631292646442, 2.011466570558982, -0.8408872341949913, 1.2544211202689048, -3.148073325319187, -1.502197439617748, -3.7694880576351433, 2.97727217354152, -12.899943413313991, -3.93091537836017, -3.711414301792803, 2.594810884214439, -5.336364410492052, -1.446277212117895, -0.5357504069389825], [-1.286705530677962, 0.49453238915897224, -4.263940978316463, -2.6785054034762874, 1.0577864507649208, -1.5715809028927235, -4.218040306228135, -0.6889752684277024, 2.845927808028302, -8.010708989566552, 0.9399926143895629, 1.2023586379119315, 0.033578878786755334, -2.430853619551598, 2.5141265244578914, -3.5324402068435887, -2.626855857949445, 1.1080396187141168, -8.90476630041026, 0.5821674789709248, 2.1215538144091397, 3.282316213754915, -2.8348443500627702, 4.58708116257933, -1.5561782160712911, -0.4812973552049143, -4.771022544138659, 1.6071025714147054, -4.63056669155882, 0.9911063789625396, 3.149853657345939, -3.6324747418593644, 3.857848556059543, -0.1882393307074436, 0.8726851556281386, 2.630008266202398, -3.4088940002347417, -1.4912228914352408, -0.8096171626694795, 1.6039991344826563, 9.668827976853295, -2.290358593062744, -6.219306903806624, 6.855760502716191, -1.5251246388883584, 1.7885679133191141, -3.079245772205983, -6.141502793651056, 0.3010086564971616, 1.8796198666783341], [-2.603243396354573, 0.3043858575269005, -0.2764761762270474, -1.423714227682001, -0.855836800649837, -0.07416176955830794, -2.9210582781267145, -3.925442549654465, 0.8755099675090244, 6.069609663168987, -0.5621676532069491, 3.3165532354099674, -0.9961134368307571, 2.6471374310887077, -0.40488816511541453, -2.483198427759382, -3.8097070406356153, -2.7984335373065403, -2.919558373124433, -5.970894670094169, 3.819174852334255, 0.5293392950139858, 3.6837563758003027, 2.6820551465083273, 3.913361071967388, -2.758820206580848, -2.5413755345672873, 3.451962984759258, -4.110318741249212, -2.26215855839631, -0.5079733779932858, -3.4843635334501393, -0.7478711156636992, -0.6388317428755934, -3.1350328085370607, 0.7522842417506616, 0.8094506381824804, 0.032150012062568185, -0.588971060218053, 4.012499994045383, 3.635627360075424, -1.806236341895962, -1.5570064074444292, 0.596479242379643, -2.1903988635422977, 1.253321698486927, -2.130526274191377, -0.24252627871836088, -1.5849820864960165, -3.3525534482900796], [-2.7166569444991535, 6.771988212346464, -5.544499874840157, 3.0474934667707667, 2.1012704378518405, 3.8958565239252057, -0.5214026902835629, -7.904885205808917, -1.4290867505385492, 5.076363421635185, -5.107111599428321, -3.279308382823636, -2.3050521801059123, 1.1265261894645435, -2.8677531666922698, 3.7287692869148263, -2.27540338809314, -0.6783072519874583, -0.7167710326122381, -6.445243415498781, 0.7887803360975304, 3.0985770538868507, -1.4743782645341905, 7.111260603570988, 2.014570320957644, -2.127804546836537, -2.204192423311557, -0.6850858256520714, 0.6157708816096149, 6.369654514859991, 0.9771310587215831, 5.485037982377601, 1.1431552758634766, -1.753418945119408, 2.301564912755004, -8.337557090212004, 1.687347987225002, -0.4099232471331089, -3.283773169997495, -8.162229908660718, -3.626460338046339, 4.688125209371049, 4.198092900745192, -3.412882043195015, -0.254317819120318, -8.932957459878258, -0.7293698561431782, -5.712852524008277, 6.314013098534817, 2.7913274372498003], [1.0540020413817897, 5.220160594719704, 0.4934617494886452, -1.249447561277379, -2.153435337477339, 1.3885691503104198, -0.5909124707507464, 0.9574806730126141, -2.2693888225768206, -2.423806118201105, 1.5848561909402894, 0.8214361271457556, -0.3578356994546642, 0.1977675412684821, -0.38039583096402413, 2.4465921742478622, -0.9684412581540814, -1.597697808700484, -0.5247060499888191, -2.869815181837022, 0.6184551453729455, -0.3488221524927048, 0.545280054845868, 1.925603403449903, 1.4939901755504057, -0.5011564645823686, 0.16370918803893653, 0.751496412627583, 0.3944369533591142, 4.736390047042191, 0.5947721015999778, -0.21748571843078612, -4.128982612547736, -1.103514255401661, 1.153757126322236, -2.247050769239468, -1.5297348127745916, -2.5138674460263175, -1.948276016067781, 2.285068363142248, 7.215070988683754, 1.6570487340150344, -0.6221157458743382, -0.3480906719819336, -2.861190432106582, -0.6396536333723983, -2.993033143461844, 0.11166990338523027, 2.132594479835185, -2.193303099272461], [1.0665212094830852, 5.281531693411935, 0.6015077560317212, -0.9609066816787029, -1.923457386889522, 1.3964105468968098, -0.5536116528662004, 1.0145375550330684, -2.214801965827111, -2.3521615308058523, 1.6768273883098535, 0.6966892588614786, -0.26930220260222676, 0.1846086753458131, -0.5382017306307053, 2.396627993786354, -0.8492687046606671, -1.8055406278442903, -0.5493997162062993, -2.9193489934671084, 0.5189747348454264, -0.22837991198382132, 0.5969519645893185, 2.1669062684691527, 1.4404341717628952, -0.731162259281451, 0.1603201324091647, 0.8855633332581184, 0.2507749484875102, 4.41600342002483, 0.6686342203002017, -0.22297825857857292, -3.963333273094072, -1.1101337320363287, 1.1771695016692219, -2.277959061328892, -1.0208045859797374, -2.551779276976297, -1.9472369238658052, 2.1657933431897245, 6.9872921738289, 1.6183644216985413, -0.6049992187930657, -0.06336684124139173, -2.802503326949115, -0.7309315158472917, -2.960674517898753, 0.017971442221180214, 2.7222843997711976, -2.2905926342197342], [-0.21398170324811844, 3.3516587148596115, 0.4081038453436786, -1.7585986417659927, -8.466522395138316, -0.7299337976676612, 1.648118970316224, 1.3587909865616739, -3.1511562325347016, -3.7445025226556297, -4.75372148260204, -8.185191730250274, -2.068493347445752, 1.2158525319871494, -3.8474175786260627, 3.38748620079016, 1.9185083266235117, -2.069028586417535, -5.839372191360748, 0.04542562096384393, -1.7501731786262782, -2.583183278495811, 5.254590838211406, -0.37945186646002715, 8.955388866328938, -2.0069823181149746, -3.8950087067479946, -7.653174823992792, -2.5380522190689776, 0.11804462910509622, -1.294864671652107, 1.1964557369616213, -0.5437458416444382, 0.415510714933554, 0.8607369668475658, 3.949314655936275, -6.663240375843703, -2.016705372383262, -8.269050464880408, 1.087631877447799, 4.821029593955659, 0.5094064093202905, -3.6330889613892245, 0.32516554984339285, -2.0663677137832397, 10.36626274640585, 6.347692451028432, -2.456113673801477, 2.64023598494472, -8.425813444667462], [0.6892731411938116, 4.89025701878079, 4.8033912065890085, -3.469860931954484, 0.6850319498117772, -1.6655264892607682, -1.5497009859622664, 4.882337797924756, 2.8822161307532825, -3.1025739081596413, 7.653408339038355, -3.334620915313875, 0.9480904177961487, -6.748127837060061, 10.108681302394631, -8.995471869217653, 1.2518517034130114, 0.7882377293480286, -1.319746546177927, -2.1466168371744168, 1.6628526445199063, 2.8028244813647385, 7.774303328858389, 1.266260107391223, -4.688319759178928, -7.87043198252372, -1.363025539884577, 2.858888631250525, 0.5794082313175335, 1.6886622638081108, 4.253410987271722, -2.5807394873702627, 2.214131603104446, 4.027523876902241, -0.46008816842619465, 5.09265691218773, -9.327904211774916, 0.05951604512516872, 1.0210490896833808, -1.754364211411654, -1.8692150661354687, -2.678890653192539, -2.2531877648157757, 1.8697547610227807, -0.6208025495334196, 1.3590270634872212, -0.8308101407454513, -1.26900013927373, 2.8820875678720235, -3.291528122196077], [3.1720364136565222, -1.1227655629999367, -0.908373430152981, 1.1005082529596002, -1.9565315700682167, 1.565709768442764, -2.6436622416470748, -0.3315792379688105, 2.4924545101841113, 2.7619585586112168, 1.4791259343865615, -0.9644546910199819, 1.7305098376843608, 0.6569820631025153, 1.4505901029857917, 0.3273958537649212, 3.077004478427, -2.6309068079023983, 2.0009771033718513, 2.633108881411368, -1.1052495602716121, -1.0027507524834558, 0.766031695383906, -0.8578729741787798, -1.8309575520732921, 0.5773259096315606, 0.7685427360876622, -2.0100950936149014, -0.3043275920335803, 1.1968756674162675, -1.1276087364390568, 1.391007592741998, 1.8301292410477372, -2.806816587624696, -1.3006986291890499, -2.893206864405752, 0.15195290075407666, -0.7622837134665731, -0.8032969246429837, -3.388649056100838, -0.07110764008667604, -0.021569619463211533, 5.232669963699609, 0.6218936379608079, 2.3306828228985936, -1.1479404579896564, 1.1628045883661047, 1.667565149274587, -0.6969123234371236, -3.5123134823373863], [3.2463848061536216, -1.1652844308704688, -0.8551576392734965, 1.1081696151391385, -1.982147135142088, 1.5991924805330309, -2.9062078859187, -0.22584191175315807, 2.4592637752258293, 1.998511105642472, 1.1259756579030387, -0.9903926331942482, 1.75173779812677, 0.6856212112033293, 1.5416903789823533, 0.30605750356249933, 3.117052749493146, -2.699114330306001, 2.0571625538043183, 2.5642915315636983, -1.1490925357575783, -1.1178037412902293, 0.7882411092099689, -0.9404689131970241, -1.7931132833735843, 0.6170726791031642, 0.7587476545246029, -1.9967830074103574, -0.2648643096203349, 1.2184015397363719, -1.2057716001764627, 1.4328159839947963, 1.671388403542351, -2.813491998604753, -1.2468181392516402, -3.246186831664638, 0.2036043817620812, -0.7408286310634993, -0.729151241380779, -3.5880903937677044, -0.09655006224678206, -0.059800326686141485, 5.489215050118978, 0.6521656543459106, 2.4622803525127392, -1.1522928188333699, 1.2679780588591298, 1.6623127822614567, -0.6839520052471452, -3.58465204681495]], "Lambda": [[0.5357204199725236, 0.505900783225476, 0.5902706873294523, 0.5054278037656743, 0.47835060486015396, 0.4583151035903639, 0.49727712799623663, 0.710068657699498, 0.3667979338650721, 0.45147241779566494, 0.5141544950934194, 0.36639421686712, 0.47174050819726365, 0.6064546782508284, 0.38262957533990893, 0.39404289686502153, 0.3183778324132687, 0.5105476267812717, 0.31428349215673607, 0.5783563087002163, 0.501865075882823, 0.43490920669046856, 0.5326994614076136, 0.7192948589028285, 0.3809525944913101, 0.32225704016260115, 0.406460368376738, 0.506845876822719, 0.3556054022309269, 0.49905677733236864, 0.5101356792616503, 0.4737057938565305, 0.46020320018334737, 0.3570425878453395, 0.5968946713809477, 0.6293182980916796, 0.4240934219011205, 0.6059453129936064, 0.4252386639435549, 0.5306229834792493, 0.5433998085830225, 0.18798691246462337, 0.5584871913363013, 0.3752279044437195, 0.46834259530456335, 0.3506072050465209, 0.4438993975803226, 0.3794880382317466, 0.5019519827007698, 0.6720841116248379], [0.6223510483905739, 0.4136481793985388, 0.6006337057158484, 0.5976743699097197, 0.48187262377230866, 0.649784228058755, 0.5775836503502928, 0.5845239974298266, 0.258933630679611, 0.379309486315767, 0.5240826412314373, 0.37086710344225216, 0.44369841707080443, 0.6517931643817312, 0.5377752448142028, 0.4463349777018133, 0.38668549689268106, 0.5860472878458352, 0.36971461857002835, 0.665941667364012, 0.39719056438921924, 0.46999094585393136, 0.3663475390370406, 0.567511032137517, 0.5498592062037455, 0.3637318862391699, 0.4466007219713217, 0.46834049877190814, 0.47559317578198324, 0.5180596633331767, 0.5440005415797028, 0.5751658685893055, 0.3072135432638886, 0.43731346280782757, 0.50074074187526, 0.6023346619015342, 0.4840843814379045, 0.5661520051216141, 0.41648134148716515, 0.5414549945261805, 0.583175030858339, 0.32499188230013165, 0.4794553335566095, 0.36869424961259145, 0.4619684012613568, 0.4571323038957816, 0.4736006792068857, 0.4379388266903866, 0.551829076221579, 0.5963747692784422], [0.4189053549209084, 0.5419813852045297, 0.4356030667292259, 0.46943220597417806, 0.606916154244618, 0.6236123763324494, 0.4986827375737817, 0.6176938968078769, 0.3369419299819868, 0.6038530265937386, 0.45755703805157155, 0.37420673668574084, 0.5992791755235214, 0.4774742738551867, 0.43662553370469903, 0.5058177917209156, 0.4637130326673868, 0.5878579592822134, 0.5171698587492494, 0.6597004765627117, 0.3920882677810043, 0.4800810147955955, 0.6220930144021782, 0.5177138412971148, 0.5152373089616666, 0.3183998053074188, 0.5876296127289279, 0.3241557201916835, 0.558693203773392, 0.45562422561672666, 0.41136623349906076, 0.5620566999107054, 0.4160730064480325, 0.5838862771479464, 0.4550528686616508, 0.4898761418576631, 0.5015998379373122, 0.4715768999739526, 0.6657375929586709, 0.5073052788123541, 0.4761593365204287, 0.6212044125898671, 0.5273301247249749, 0.5391261790942901, 0.6263880620226732, 0.5973085934677228, 0.5097688775315224, 0.5809091449261048, 0.44659227048503264, 0.5995972753416337], [0.4459698395246955, 0.5410775098482214, 0.45988555942002035, 0.4837443884605675, 0.6066614599572723, 0.6811634657818101, 0.5470826319455019, 0.6251515693525573, 0.3405210740005999, 0.5887272364295479, 0.5081757101311228, 0.4091196455984566, 0.5545521113688747, 0.5202450205113339, 0.41241813918417414, 0.4972561807144623, 0.451656148918604, 0.5823639349238573, 0.5072856377713333, 0.6397461535269089, 0.386597405536992, 0.44353833755042993, 0.5725170306310362, 0.547160584597451, 0.5185299467441792, 0.2795460389612823, 0.606099967004658, 0.3273796380350803, 0.552475152162965, 0.4654820557614522, 0.36998125061908876, 0.5372668984904075, 0.4208975361593442, 0.5908699832397482, 0.4371564759063662, 0.47249456816581686, 0.5116386872836263, 0.4632524585113519, 0.6551033327807352, 0.5381346398823518, 0.5060731135714508, 0.6095056056953031, 0.5494697785428225, 0.5768485719200268, 0.6581568935311788, 0.6355379243691487, 0.5076297753851237, 0.5723678131182228, 0.44138782780393815, 0.5898217348193688], [0.49151865260428435, 0.847828654607723, 0.3088226173336652, 0.22289374693136205, 0.38806803332832973, 0.2402189463404171, 0.24426674966558953, 0.10347196617703136, 0.8515625078638613, 0.5746391439616715, 0.4227643647796786, 1.079972353506649, 0.5821075558600748, 0.17373729761877185, 0.6383452160584168, 0.27298311170099987, 0.8379025060835006, 0.3792182749202518, 0.6972695269815196, 0.33190706419417026, 0.25448989177982273, 0.1790798613461715, 0.1621404447672323, 0.2444398513575893, 0.3214002498594385, 0.8937864628059686, 0.5010945758599018, 0.385630578417066, 0.21883189260403438, 0.45046745077285477, 0.480066932075588, 0.275409911368003, 0.5395963086734217, 0.6514094669184661, 0.40134916135818766, 0.471246719942334, 0.41323526693425566, 0.7936880070743287, 0.43823991665651707, 0.6017892067633209, 0.7125189755614368, 0.7070334555070776, 0.3689318111937318, 0.17498591711615763, 0.1897467486320848, 0.5117536573567126, 0.2949273689334906, 0.4341860159354968, 0.4083622804740907, 0.5182644608470816], [0.4540632050267139, 0.46510973891462476, 0.2442199012366655, 0.49537465444888834, 1.3742400724526873, 0.3150634365496217, 0.2935471094894107, 0.9318074442121871, 0.18287516712726037, 0.08828704395741627, 0.18243485455694777, 0.8049551564844802, 0.5313171206726119, 0.5760555525448063, 0.4795905155485754, 0.4894622297110732, 0.6164457983016453, 0.36380960579360777, 0.22067132659674843, 0.7426344379731875, 0.4431810493111371, 0.5755732560008632, 0.2360228850560141, 0.583951824612176, 0.1843764915199432, 0.49063075520688804, 0.7633621298780467, 0.49911815372546253, 0.42057299670696047, 0.6599922390457148, 0.4322088884108939, 0.34642713358463867, 0.44225465868500896, 0.3900285714599474, 0.32977100819968885, 0.6162789722408529, 0.34736244688276025, 0.7876593702151742, 0.24396634751419582, 0.46225308748189275, 0.18156743448346238, 0.5964882411841711, 0.43268064548958823, 0.3724517394189607, 0.8938406513405204, 0.6205627521325386, 0.4354755124232189, 0.16753671592074174, 0.523879941246935, 0.22590634355700576], [0.4871547217901556, 0.2976168207174602, 0.521475874471796, 0.7861256852390827, 0.49529405607541366, 0.5884764590844697, 0.6329421666847183, 0.3253796032033258, 0.3158244933465245, 0.4792843911520996, 0.46921715209301734, 0.3656147140027036, 0.6113795698789425, 0.3054734263804254, 0.15076204832746004, 0.388397563024059, 0.16335345782877392, 0.5705811506329274, 0.5594905947340059, 0.36407632636662374, 0.31581376244122106, 0.546116151514132, 0.29858025052247095, 0.30325209271643483, 0.41656370199928183, 0.274314521115612, 0.5783085216715059, 0.48674497718022935, 0.3261892098377422, 0.16076468983197084, 0.7176748425662673, 0.36972958149443197, 0.6020566971753812, 0.7984124314829086, 0.6948449456579509, 0.651192319873271, 0.37515861727905053, 0.32762097576441496, 0.37185161728142685, 0.5260178855647923, 0.43157522708382207, 0.30692059692336005, 0.42186082743678466, 0.5244215671267591, 0.5392747677876425, 0.4098612230629249, 0.39077023579228776, 0.7074016622845154, 0.5871828183817891, 0.8000337372306269], [0.4184923126620239, 0.1509647360799495, 0.4492988583106397, 0.569070098729528, 0.3703379702827959, 0.20827273615929673, 0.8097716125115233, 0.2741446955812906, 0.6063906785176576, 0.3014181477705685, 0.8348490928437386, 0.23594913544124535, 0.7700471955973685, 0.7548374349019835, 0.6544495568951377, 0.44805869075608856, 0.28538614729117223, 0.7325734455429437, 0.6140579871427989, 0.5417043520973124, 0.48736247013352324, 0.14566776904563158, 0.2712620052673093, 0.14362541417087807, 0.369444691125996, 0.17450371535816686, 0.5225528747607906, 0.45123703236589613, 0.2060134447455581, 0.37808507048649004, 0.512866780224062, 0.34061246914089793, 0.6127974756729715, 0.6406163989676187, 0.17504179905356526, 0.17972228319571615, 0.30323149636236324, 0.29542354659186776, 0.42329160281364475, 0.25149851404806256, 0.6283362394672221, 0.606779738638859, 0.7059985552588219, 0.42470265769888166, 0.2428890116715212, 0.2471272188706692, 0.3125347982654712, 0.37065854562928857, 0.3909671181267266, 0.25680896973489176], [0.9029429394079537, 0.49379122946975773, 0.5655523195608398, 0.5292464698309136, 0.6843530800528327, 0.6320455953526025, 0.7240506790438358, 0.8766298963802465, 0.6190708112454251, 0.47010852845317924, 0.4791193541433355, 0.6350165576556739, 0.18243836926393608, 0.6373953474175191, 0.8870421993190939, 0.6217258679391224, 0.3638497677781793, 0.7872750201726029, 0.40344483582848367, 0.3826860594519261, 0.9089678387462772, 0.37124171394783706, 0.6961778824387996, 0.3872319447916805, 0.5891906215346606, 0.2864596702676657, 0.38000718884174717, 0.42296081182307116, 0.6139569849349716, 0.34342336408355056, 0.48531951403776363, 0.2949742624949374, 0.4012465633228686, 0.7355576509076791, 0.3383838100683095, 0.6642231374150437, 0.43311749504737257, 0.6575308867603963, 0.9307598948982027, 0.4719238948427654, 0.34104515835369204, 0.4514756166018885, 0.4399409998556983, 0.32729451129509435, 0.5560716991156963, 0.4861752564107876, 0.8016343869246864, 0.4319280032695654, 0.23253476327404543, 0.4433942835073173], [0.8794396066392901, 0.487611352709233, 0.582376113739482, 0.5672011160793758, 0.6957667894381603, 0.6118897691051325, 0.7376627821653194, 0.854983093738398, 0.6398968460126685, 0.5041081452549796, 0.4917361601332945, 0.6350167678724232, 0.20297004042915717, 0.624927332057607, 0.8826225656632453, 0.6121229176019133, 0.3857903014302404, 0.810485967400471, 0.41171394908401265, 0.3941558667796466, 0.8700936444869564, 0.3663657598780112, 0.6819722153059977, 0.41561393634350485, 0.5636632167833724, 0.2863623723475239, 0.3787628746280588, 0.43025335399617604, 0.6329232933024054, 0.39268888409370195, 0.5168406370004283, 0.3137370921091124, 0.43759919039036227, 0.7863634632551412, 0.34787489839460367, 0.6631573751759986, 0.41069354966464844, 0.6380998263699683, 0.9059486598897327, 0.4695862869037536, 0.33818779466220816, 0.48053737138785924, 0.45493276121362763, 0.3326568279497855, 0.5480936220074163, 0.5113694529414683, 0.8107349685388971, 0.466643834518565, 0.27278233795428775, 0.42413430069101943], [0.5169841084957773, 0.3882438877906796, 0.4083482203054687, 0.5468995121346331, 0.10367813402785657, 0.42186638077695926, 0.23460623407677073, 1.1500246476424796, 0.433093500350386, 0.6746700931439408, 0.17321581789534068, 0.12193219093181476, 0.2697578840398509, 0.6883612730723551, 0.2865356949681237, 0.19755882478140374, 0.462724294254411, 0.07748053800783937, 0.10180252857009948, 0.09662571028759442, 0.10948619470084682, 0.9462360310645087, 0.16403895241918556, 0.5844926807624267, 0.1415830573935177, 0.2656638940255673, 0.3545772425631744, 0.27145826272971696, 0.7954648917633796, 0.5852703693259944, 0.08373080537880603, 0.33009994172040935, 0.6738614724090848, 0.2406376713903026, 0.5713758217118398, 0.4738918232840851, 0.19365861468777013, 0.43538161937352543, 0.08208379595514423, 0.47527200796648644, 0.9525888709898059, 0.484693918371308, 0.23726219184607086, 0.19414454660944455, 0.28929222428444923, 0.1840728087758998, 0.4267066599087261, 0.38350947861347406, 0.6224456802406629, 0.16371984824321836], [0.5130408513897169, 0.2691366415437089, 0.318006696011551, 0.3650608489477809, 0.6680189057276806, 0.3329210732829498, 0.8899421117301529, 0.263274733618098, 0.36784121638649747, 0.19901247292167104, 0.4939498769673309, 0.23067405849455208, 0.31061926217475483, 0.12110069589225446, 0.17718253906024792, 0.26477069744465415, 0.5186806580003921, 0.2736810088341171, 0.44324478388521343, 0.4176091474052616, 0.3012969985522303, 0.32844644188526445, 0.11971827839093933, 0.40903990215874936, 0.22698519701837322, 0.2611374708237446, 0.4083023609980499, 0.3383545196036042, 0.3359780531557672, 0.7592404943799599, 0.5150239437677842, 0.20108843339296747, 1.0061026547766134, 0.5710648477854186, 0.6718728095313157, 0.6240477765261154, 0.20306853896518517, 0.49128842776234594, 0.37380068554795964, 0.9528295003312138, 0.3645785449033126, 0.3891284544072439, 0.7720274466046062, 0.5478306077104158, 0.6996156677367927, 0.3977166227600817, 0.8447268899132669, 0.6719885461873052, 0.34179588746858175, 0.612503022308488], [0.20511370296614254, 0.6013535675680922, 0.9222530937203226, 0.45430753823231673, 0.2673449734893959, 0.34631197459707674, 0.14202046724730177, 0.28623579188899884, 0.6538489712333222, 0.142539892643228, 0.19482717462109658, 0.37608367434240125, 0.400954013029174, 0.541303867056433, 0.4742581340612019, 0.3654632902598823, 0.250251670646786, 0.2711071279612771, 0.5169114392512323, 0.36173252681657336, 0.39343262386377587, 0.3372790797360419, 0.5904026066909074, 0.4446194990372401, 0.35476165274315996, 0.3362302028618187, 0.4835125825484079, 0.5008455895430513, 0.19211773705878793, 0.46387566189121754, 0.35407216610783576, 0.4915795453752882, 0.4419777228186799, 0.23345222948262984, 0.49415896893139516, 0.2482638559564314, 0.6487501457931757, 0.27772723498314367, 0.5067231596310121, 0.22924732954842064, 0.3190692363187464, 0.4207474548260838, 0.17261145441127942, 0.4754889706659537, 0.42603707593917706, 0.5741083271816351, 0.32906783998344685, 0.595081455683154, 0.19589487080652612, 0.23537769902339428], [0.19812610889488833, 0.5810654740715593, 0.8854031923764968, 0.4451111735379494, 0.25754684586605386, 0.338179791874203, 0.13455713544973158, 0.2716578174716267, 0.6324406596279613, 0.1440853196084098, 0.19000377985731093, 0.3564002336207931, 0.386177320792773, 0.5156259445588597, 0.4708301017391967, 0.35617723394628853, 0.24611484404179537, 0.26349096527029126, 0.49733834247576963, 0.35659148438391425, 0.38065187588693894, 0.3266304914636976, 0.5859565354138625, 0.4399598861504531, 0.35391543446207685, 0.33692348978585746, 0.48622618155075736, 0.4907451304294997, 0.18731954329785255, 0.4498959842462968, 0.345532326852494, 0.49584198833492993, 0.4382122437713161, 0.2277661782288567, 0.4838895657586963, 0.23857377628651222, 0.6660373358082969, 0.2819940208097321, 0.5041626653891292, 0.22787791407994826, 0.30631501328491056, 0.4130368338822608, 0.16564366721390505, 0.45980693728273386, 0.3926750760445735, 0.5545741821396526, 0.3181477847004728, 0.5670102594671805, 0.19369134589584247, 0.23755830909319478]], "G": [[0.04440317108774936, 0.04842885773704935, 0.4502948662451632, 0.45687310493003713], [0.7140739665872134, 0.027558482116633976, 0.12325386340726792, 0.1351136878888858], [0.13972823755341252, 0.01785893156455899, 0.4153204105088014, 0.4270924203732274], [0.06070842899045813, 0.05482119982044333, 0.43843353350287695, 0.4460368376862211], [0.24963994870007405, 0.02673425503382869, 0.3553630451500021, 0.3682627511160953], [0.33738475427439457, 0.42091832386095746, 0.1243985442962553, 0.11729837756839213], [0.40689462335040943, 0.09363273228839396, 0.24682220549218015, 0.2526504388690158], [0.03280999508468467, 0.007024425955384521, 0.47143424022413977, 0.48873133873579055], [0.38292430937313454, 0.365330371626361, 0.12387391764936363, 0.12787140135114095], [0.07948819865795831, 0.06898321263989107, 0.4270941979415043, 0.42443439076064576], [0.18021944316056554, 0.1509971990890403, 0.3379844178195766, 0.33079893993081744], [0.02861004740334578, 0.2597290312484531, 0.35175212304009623, 0.35990879830810535], [0.023953675489100608, 0.24151190244392753, 0.36480407740135806, 0.3697303446656134], [0.07991706097410219, 0.027567809576568642, 0.44109045847929124, 0.4514246709700377], [0.0325372349110496, 0.4900000032702713, 0.23748087753950545, 0.23998188427917386], [0.15900866460664115, 0.14518153094238528, 0.3431597370594976, 0.35265006739147575], [0.09344056378972143, 0.13815751163581286, 0.3809641639069473, 0.38743776066751756], [0.029789632694381937, 0.1961720748964275, 0.3861446896745061, 0.38789360273468454], [0.1392491376187892, 0.053904448169571934, 0.39883382462923384, 0.4080125895824045], [0.18282649698452966, 0.0467370175873062, 0.38371965766122446, 0.3867168277669406], [0.04417415123160668, 0.03482253891674966, 0.4579863232589322, 0.46301698659271123], [0.15851608099890074, 0.14790432776434492, 0.34311445633233484, 0.35046513490441894], [0.18389227719571216, 0.1701904669881592, 0.32494665940094586, 0.3209705964151827], [0.025518271006626222, 0.02105829559870796, 0.4763545591849108, 0.4770688742097549], [0.12875765441398532, 0.3970395377305896, 0.24122233811620247, 0.2329804697392231], [0.2796414479378873, 0.21955155486365743, 0.2540509774328948, 0.2467560197655597], [0.10996835656570116, 0.02912224653017918, 0.4268964820405485, 0.4340129148635716], [0.1497315250482578, 0.11597579790454865, 0.358711810706319, 0.3755808663408749], [0.5728617618378896, 0.0842672857284299, 0.17326429149389863, 0.1696066609397823], [0.048699203409930315, 0.12579533407480248, 0.40433332584161324, 0.42117213667365466], [0.04430634671053148, 0.03445314743789569, 0.4576857147352276, 0.46355479111634584], [0.1397552908448572, 0.12944424691497064, 0.36064354311386804, 0.37015691912630444], [0.2929607910046309, 0.14301984622373626, 0.2806845367613519, 0.2833348260102811], [0.10349641134297932, 0.12080476296334469, 0.3844820333798883, 0.39121679231378814], [0.08883552929004182, 0.25032438260394213, 0.3314629135106558, 0.3293771745953593], [0.02399591430080383, 0.020060866806421978, 0.47424149403044913, 0.4817017248623243], [0.14721636978767175, 0.13017250542497114, 0.35720937169974437, 0.36540175308761286], [0.24887437039118293, 0.14659461061778087, 0.30419787688829314, 0.30033314210274276], [0.194278527582953, 0.1069015168708434, 0.34390003734558555, 0.3549199182006182], [0.06532603953759487, 0.06234284609277083, 0.4385650372018487, 0.43376607716778653], [0.11568250098201788, 0.16896378701604467, 0.35692139229429637, 0.3584323197076405], [0.5529562441814244, 0.013959773842331888, 0.21693159558454497, 0.21615238639169873], [0.1261555370683336, 0.14701768275470764, 0.36302370645389737, 0.36380307372306114], [0.07434716685056182, 0.27903922037764, 0.3209418135264027, 0.3256717992453951], [0.240846172927227, 0.1922015205877273, 0.28332106508348975, 0.2836312414015556], [0.35649931886661484, 0.024920140137747845, 0.30622286184269687, 0.3123576791529408], [0.14984989135891094, 0.04641411702180482, 0.40152274495061285, 0.40221324666867053], [0.047801152669505555, 0.2849400160581164, 0.3336381039525298, 0.33362072731984815], [0.22818464591186471, 0.1760965964129204, 0.2951392083764027, 0.3005795492988125], [0.06344060525926189, 0.4893685864456392, 0.2200358436029455, 0.22715496469215385], [0.19792426462586624, 0.18679532746777042, 0.3060340015598815, 0.3092464063464813], [0.2966520467780508, 0.27117006511604086, 0.2088823141803167, 0.22329557392559118], [0.1275664212113562, 0.18866684205445478, 0.3430710910010605, 0.3406956457331294], [0.6479496964607122, 0.031111829859410998, 0.16320578100153177, 0.1577326926783452], [0.09631252970680819, 0.09022904731614947, 0.4028581493346621, 0.4106002736423797], [0.37532828812520935, 0.0337131095550291, 0.292146954652168, 0.29881164766759427], [0.09234921462962715, 0.04068122460344921, 0.4226548121278636, 0.4443147486390609], [0.048494279621433566, 0.02724930561850711, 0.458038146791024, 0.4662182679690357], [0.5439701951887186, 0.025835529575141698, 0.21663831273825687, 0.21355596249788247], [0.1624626830867885, 0.11173912922870713, 0.3637154209374011, 0.362082766747103], [0.10509023240411432, 0.18288608770565612, 0.3551377472897234, 0.3568859326005053], [0.12016820590509601, 0.11237595152101135, 0.3777460018598192, 0.3897098407140737], [0.17721426956618846, 0.06645655958686347, 0.37816102246766264, 0.3781681483792848], [0.0479830702339568, 0.0558083218706861, 0.44651098247329035, 0.44969762542206776], [0.11593998432736709, 0.28004258842870294, 0.2997186669238655, 0.30429876032006514], [0.06890576282655228, 0.05975570175894705, 0.4354248498448583, 0.4359136855696416], [0.04286046731959745, 0.14684446856302746, 0.40547427605760133, 0.4048207880597737], [0.17736780814356548, 0.15618840926437405, 0.3315998781770524, 0.3348439044150072], [0.03434270193127648, 0.04777535375259115, 0.4582608681881323, 0.4596210761279992], [0.07272737049791622, 0.059419301621687445, 0.4358791581806453, 0.4319741696997508], [0.08446567383882797, 0.07030936328845547, 0.4195489612246917, 0.4256760016480246], [0.06042876367744454, 0.05326674295981205, 0.4392432155519938, 0.44706127781074917], [0.06705490683060614, 0.05598555550278823, 0.4360216400575867, 0.44093789760901925], [0.08724857580459526, 0.07192300289625672, 0.42134544517387545, 0.4194829761252731], [0.12829507974933407, 0.4795688406977563, 0.197644799304403, 0.19449128024850612], [0.05214172570419461, 0.06345496533870756, 0.4400485504566931, 0.44435475850040473], [0.24030959046372136, 0.013937908539942005, 0.36127092813558653, 0.3844815728607498], [0.021535608290512445, 0.729263701753449, 0.12332238600736257, 0.12587830394867644], [0.020481977081515917, 0.05061147751238936, 0.4650754379136814, 0.4638311074924131], [0.1769916686241833, 0.26248893606709706, 0.27877165858605846, 0.28174773672266157], [0.16336237781246077, 0.14189400394366625, 0.3431932973837144, 0.3515503208601589], [0.056667242196824674, 0.11593232036295024, 0.40694822786410684, 0.4204522095761182], [0.0379389086894139, 0.031224674159505767, 0.46644018980288676, 0.4643962273481933], [0.3867369311136607, 0.180051566655725, 0.21582103021725219, 0.2173904720133614], [0.11070123457346007, 0.18163723514802116, 0.351590132489773, 0.35607139778874575], [0.1208847511625851, 0.16434077305225844, 0.3595336398184373, 0.35524083596671935], [0.056175446669980596, 0.0465313595852878, 0.43773547968620286, 0.4595577140585279], [0.308840755174564, 0.10031088863311666, 0.2932881864530469, 0.29756016973927135], [0.05888525439160109, 0.05235688784878426, 0.44125844266017006, 0.44749941509944435], [0.11566112299332325, 0.11758288502243622, 0.37574556494045847, 0.39101042704378175], [0.10940086757482613, 0.10341317723040186, 0.39289086524166483, 0.3942950899531073], [0.024009268908982473, 0.11035831531250978, 0.42863338146445207, 0.43699903431405646], [0.08200291664925292, 0.17304383619755684, 0.3724978749926016, 0.3724553721605888], [0.06134144817296632, 0.028552913853419456, 0.44421948832206554, 0.46588614965154884], [0.11334030916886415, 0.2618867556916955, 0.3100252715686793, 0.3147476635707612], [0.14496968821630293, 0.032486169286367175, 0.4087207741434667, 0.4138233683538633], [0.16869397468148525, 0.041813356027109734, 0.3937041823748711, 0.3957884869165344], [0.2600789254512447, 0.2389253116885243, 0.24763162752078746, 0.25336413533944363], [0.060922272044274556, 0.4396303162177113, 0.24894043983520012, 0.250506971902814], [0.09599212437944, 0.07832897112569735, 0.4060278424290736, 0.4196510620657892], [0.3572856610384073, 0.10873668543789645, 0.2640826046345568, 0.2698950488891396], [0.038438828647369784, 0.09572196947619369, 0.4280781351570825, 0.4377610667193539], [0.17126730452494615, 0.015755956583866023, 0.3961359158686908, 0.4168408230224977], [0.14856060133224375, 0.1314722714416183, 0.36040063154361973, 0.35956649568251864], [0.19331092456083698, 0.18008753771806896, 0.31218020315820977, 0.3144213345628843], [0.31100353260370883, 0.07089972606204799, 0.30588065753539007, 0.3122160837988533], [0.13782893670735152, 0.1247689297921866, 0.3642736715160893, 0.3731284619843726], [0.10484019063391478, 0.20121116891606658, 0.34230810588361815, 0.35164053456640015], [0.06232701853083435, 0.057807707563231545, 0.44051784630566765, 0.4393474276002664], [0.21831066196833568, 0.2066112470158857, 0.28559816895217516, 0.2894799220636035], [0.13237502301128284, 0.020811883757736016, 0.42499478587747486, 0.4218183073535071], [0.17227162876990823, 0.07458108018529991, 0.3725755585640659, 0.3805717324807263], [0.13256314025092134, 0.30534299461180764, 0.2802192215621948, 0.2818746435750755], [0.14805414008287077, 0.10910594654910404, 0.36983503464029693, 0.3730048787277275], [0.30719660008682037, 0.08840203709660757, 0.30227044961038585, 0.3021309132061866], [0.07664341455808513, 0.1798657253434381, 0.3728949136659013, 0.3705959464325754], [0.05513078298692955, 0.27415718661942534, 0.32914394272684705, 0.341568087666799], [0.1798345917730322, 0.17071866014694784, 0.3222252557461947, 0.3272214923338248], [0.12709784509023964, 0.11541108694264403, 0.3803973087821704, 0.3770937591849455], [0.07164613295877982, 0.06281829738894525, 0.42239625197130987, 0.44313931768096554], [0.49219372439542114, 0.060836561171798004, 0.21976241088280882, 0.22720730354997193], [0.0603262459827289, 0.42630460181904356, 0.2545377877033308, 0.25883136449489647], [0.07999562052891264, 0.04977988845443791, 0.4268387214151476, 0.4433857696015021], [0.03254174970897443, 0.2093681341360955, 0.3800510809553676, 0.37803903519956206], [0.029761446881524725, 0.024969637155574397, 0.4697406761397315, 0.4755282398231697], [0.31021720513396506, 0.17028867393073382, 0.25619816802701695, 0.2632959529082846], [0.03862639995660441, 0.03680217426621247, 0.4608093147045334, 0.46376211107264986], [0.05443815792379844, 0.05274493376284297, 0.44531263896833845, 0.4475042693450204], [0.06623616312463043, 0.06180478711190634, 0.42968852690852904, 0.4422705228549332], [0.10324727435136917, 0.06480446916063114, 0.41663416327428093, 0.41531409321371826], [0.24359778876250923, 0.17115871265213, 0.2926095727811055, 0.292633925804255], [0.23583815870332803, 0.20332008082823588, 0.28056307866409685, 0.28027868180433946], [0.03545346808321142, 0.03012262163534967, 0.46475325960343067, 0.46967065067800856], [0.10336335281282837, 0.08536757539160084, 0.40850184823416147, 0.40276722356141], [0.38924411379657575, 0.024607641394806267, 0.28755567853183495, 0.2985925662767831], [0.19239162051328298, 0.2140404232677