{"estimation": {"a": 10.703130118979606, "rho": [0.031650754239776625, 0.0831421307136468, 0.030231120812261217, 0.02777264277380532, 0.09045273309263704, 0.210578801655667, 0.1901823878434628, 0.11708890244063669, 0.06609634527824582, 0.15280418114986014], "Mu": [[-0.3469556737822849, -0.5021873874777064, 0.14907428058593034, -0.26905039486034216, 0.5166954431708494, -0.6422810234997268, -1.0129597891503581, -1.0700825461641779, 0.45183397706710565, 0.3979764735855832, 0.4774778051953781, 0.537380613365982, -0.0182004529567369, -0.15016598106076745, -0.6981921889380378, 1.2551781388856285, 0.5000277414012649, 0.3865617751909015, -0.6295096405638668, -0.6014318544066896], [0.49497794616207763, -3.141206793600811, -1.4087266644464418, 1.072436888222878, 0.18624284250994114, 0.9599646837798315, -1.0995575388795786, -1.8067894889479374, 2.9235098098442527, -2.1269363083344808, 2.0304319226244205, 2.375566332278613, -2.5694660557066644, -0.17411656639705933, -1.8991216339478503, 0.9899645884824434, -0.8312508914160505, 1.0020959251823527, -2.6278929346887705, -2.27277483024476], [-0.31830845776011135, -0.4422844573951357, 0.06444739371962145, -0.1812721872398914, 0.4626596190031316, -0.449318937650632, -1.4245243095728466, -1.0194130182986607, 0.5307039226153618, -0.270762607033323, 0.8382497048797002, 1.4257411380707998, -0.7106619394177581, -0.10799661897776101, -0.8240657225551554, 0.7141948162351167, 0.3819915053321615, 0.01578845778388529, -0.40108238387124406, -0.5079261422141437], [-0.032051637206269745, -0.3898392090885926, 0.2636135654246193, -0.3680604404881913, 0.8247974817425873, -0.9884282090640409, -1.5137845172026514, -0.9347041555639128, 0.36605316673931304, -0.3261110742393183, 0.546369128678142, 1.1122359690965544, -0.3464718781507762, -0.42401687279771266, -0.40864831629304577, 0.8863835286242833, 0.8509828468909391, 0.06693011649965187, -0.3862981726483359, -1.180969318133768], [0.22271058847370728, -3.6673330898412524, -1.320123513793417, 1.259018095482613, 0.03807050427783527, 0.7811922233043151, -1.1280310543999732, -2.04754470488701, 3.40820295447134, -2.6624258223270747, 2.6767868054722306, 2.5189474170287047, -2.5290632073257013, 0.10661972126343876, -1.7278054993748548, 1.2788862800536331, -0.6701391459329857, 1.3315211861734981, -2.2607374360835566, -1.6740209816157654], [-0.3948879387293176, -1.4942480860783984, 0.028356691142179122, 0.4187353842216857, 0.3022093640985091, -0.5927000568315657, 1.2302254369241539, -0.2547085444085762, 0.5521294337102118, 0.7186098352260746, 0.7093051668729722, -1.6040578724959778, -0.9202770477326059, 0.20005116938998968, -0.8734629533948545, -0.37683972588251075, 0.38073846200091294, 0.3502910243828688, -1.1015488352661398, 0.10588078756871065], [-2.364303353515865, -2.906358408085889, 2.8701812636115207, 3.9340342183034984, -1.4995223188042799, -3.136872698056562, 1.1752374307519717, 0.4591103267682507, 0.09430190634358841, 1.9607004500258423, -1.055430193097625, -2.185546579038737, -2.6841855324212403, 0.06111265089686299, -0.4737724865023017, -1.12854355193829, 1.6463506984615344, 1.8458348184070126, -0.492885792484937, 2.689109306866828], [-0.7578581142479686, -1.032628419830446, 0.1432373672414061, -0.005010961863290285, 0.30137921852855437, -0.6385918011771375, 0.8199296089360995, -0.18373233907441672, 0.11092086985918033, 0.6539135081417031, 0.3867452917951828, -1.570878799220331, -0.8455379049363325, 0.27177882411752796, -1.1701131425885245, -0.24872215340674955, 0.06247945454397083, 0.04294545788101243, -0.5963042499999669, 0.44278004057937675], [-0.2354854442687801, -1.3414278892408569, -0.26238751329046206, 0.053746589495573385, 0.41802949187586064, -0.5974879431797643, 0.9314163209220032, -0.5844902804107293, 0.542549669192572, 0.4369274396696182, 0.6015682028656448, -1.321167219998037, -0.6987661847762862, 0.058801737890570395, -0.7981434289768984, -0.38534526736491126, 0.3332153165132885, -0.13731483416393298, -0.8244718563260864, 0.42591750962720454], [-2.400402950451166, -3.0361673637243096, 2.476516961959091, 4.358392507125202, -1.1727710756931151, -3.2059985210403052, 1.4757126134672858, 0.3175095498506546, -0.16904460030359272, 1.8923734541420199, -1.1652637255083231, -1.8036691933001097, -2.881273594711278, -0.1005504785086618, -0.3526156018377055, -1.3565683152875903, 1.771480942368021, 1.8238601504229204, -0.8411704996139551, 3.022714509742674], [-1.2838609850204017, 1.037579498309247, 0.22612050951856194, -0.6667340073367443, -0.6690385004937224, 0.8866075296560108, -1.3165550880548542, -1.1665772776779577, -0.47787893478554966, -0.7693803692073372, 0.09625428845486168, -1.215691181620491, 0.5471816759185145, -0.32418296930651325, 0.31924891669251476, -1.0678842431437603, 0.10513428537004782, -1.2535608741239737, -0.37095804685182665, -0.7935259961682392], [-2.6171519167765145, 0.19238432310780568, -0.6880273646550715, -1.214300714458607, 1.3653767453184467, 4.160944612600231, -3.810606380897331, 0.654786390026069, -0.006441400884706609, -2.6965896588307676, -2.250358390534279, -2.1003413808627247, -2.4293455089070273, 5.142568253696587, -1.2127533439315783, 0.4145968197109361, 0.7339055873109251, -2.8934264205383977, -0.18948450355282018, -1.8678893485433359], [-1.4516712563371872, 0.9750071678056325, -0.24843382777776793, -0.5909688725204956, -0.5071715335302429, 0.6983740580093841, -0.8623216866037434, -0.773133678461672, -0.3470276918310201, -0.23508367431052213, 0.15182210929582177, -0.46078089588968785, 0.5202015399899129, 0.29068483368881354, 0.17562314455178954, -1.1689672482316966, -0.29892607360770196, -1.2942509328543186, -0.463009419720878, -0.7118262758684206], [-2.026423305979456, 0.6115145113892723, -0.5186836495099978, -0.37027719990454877, -0.6915753506382418, 1.3452097815111448, -0.7545755677385328, -0.46652236363013455, -0.32070987275352836, -0.9408352141989514, 0.12949021516853992, -0.5272661635914111, 0.5396511515198399, 0.5069789278738259, -0.08256650928773898, -0.9626090429882332, -0.8284868051819142, -1.4699305749923164, -0.14385959879366192, -0.25142723883246676], [-2.5628299575270965, 0.3707205471297982, -1.419089241805115, -0.9911865775861277, 1.4044821990170702, 4.3325391412450305, -3.315116187567565, 0.9980373283273688, 0.5352338784029526, -2.765099111611678, -2.1383972390986155, -2.0371952315624453, -2.1484581609933318, 5.012071360966235, -1.913804046308396, 0.17287737997185953, 0.5056314051907478, -3.546084468910449, -0.5347860240703903, -1.6642738754538127], [1.556023919016385, -10.58074313507256, 0.30645890797138237, 0.5686512672010315, -0.49629183132952837, -7.091017627130371, -1.9985423998167002, -0.7158463470754273, -2.8922323951855713, -3.637722543570932, 0.29099940279978065, -7.119137307533871, 1.8827171220616181, -0.40361057668856, 0.2311124879657925, 1.9663968751840994, 4.300579064074097, 3.5107395338475307, 0.7440118577356816, -0.19994524178823805], [-0.9893288612261575, -9.997944214404262, 3.501115286819807, -0.1117544265584841, -0.7036355893627856, -2.719905403958286, -2.2324920752384845, -2.7185203627556827, -1.1621273950067155, -5.131252345178895, 0.9170725046555417, -3.7240723083293092, -0.7045590755648478, -1.776103274448181, 0.49268816934603166, 0.08461524342247452, 2.732253006760324, -0.05359606256259609, -0.6834094231397805, -0.6675383095194635], [-6.159913552682248, -5.216213540688147, 4.751840147059085, -6.256889811918418, 1.7261494935154695, 1.1443819838502294, 1.6571538735821012, -6.9470392381963055, -2.039771238697412, -0.40635699256159985, 0.6151958105469546, 0.7398403679363598, 2.459351382188971, -1.8882766369519408, -0.838759013597543, -0.9356805543344614, -3.5692677437644855, 1.6518865434604875, -0.10557176918543183, -0.01207601231843449], [-1.294007022610625, -0.5296323749903092, 1.404879908163652, -1.401642003858777, -0.11324519102379077, 0.494652445759072, -1.5609018432819806, -2.4681138211123654, 0.5830152497536106, -1.124122317361895, 0.7991112169284749, -2.439692271027492, -0.7620165751638466, 0.569703193882216, -0.5973797646939657, 0.24090112331650132, 0.4503579367888141, -0.7465843054925699, -1.1477396000469333, -1.7010190896768915], [0.26904760271190475, -4.856308498954404, 0.18488477433095013, -2.286062094061461, 0.5583384097398004, 0.0039666335327867295, -0.6139555440764194, -2.334747109433312, -0.9306146766370025, -1.312184472530864, 0.12388624888049399, -5.17698083488382, 0.5641808780711596, 2.4306836443073574, -1.2800683370261894, 2.75964407772747, 0.48939163668014846, 2.9896446852804552, 0.7857960300293443, -1.8582240422530796]], "Lambda": [[0.5331884051803689, 0.4178063687062203, 0.4779995174745643, 0.48833691531237355, 0.5022353331067092, 0.44942476661442704, 0.46241512996611, 0.4354789897851524, 0.496624789672871, 0.42720101079786493, 0.45175563998640855, 0.5024093060573294, 0.47754177710015405, 0.5152666072084053, 0.5065999559071517, 0.5049253213614502, 0.49746216641383734, 0.488020281446707, 0.503743391031315, 0.4940831450523293], [0.5274992089659449, 0.381717603341779, 0.4876688513022722, 0.503538441633695, 0.468069944053401, 0.37349968973901104, 0.45806766792738707, 0.47208269207530124, 0.4134006510298138, 0.3174612391436347, 0.375047213959935, 0.4915896558967332, 0.45968371681479736, 0.6048378317829547, 0.5118538542298915, 0.4734341713387722, 0.5121997438304728, 0.46309564501303424, 0.45544490117507347, 0.4981323696120107], [0.5145712989339967, 0.4405525475096132, 0.48914226742348776, 0.5004380276341703, 0.49230372309623405, 0.4544696905733031, 0.4714874461016025, 0.46587581320470656, 0.454221206752002, 0.42639165862417183, 0.4520575011834007, 0.5068764297324886, 0.4914403938220206, 0.5115292019154282, 0.5121777685474609, 0.4848367135472732, 0.47506473329007676, 0.4730365889899881, 0.49984536963459314, 0.4951820750754401], [0.520907094592108, 0.4409296225999768, 0.4707722203713486, 0.48141332428746114, 0.49760348273905897, 0.4253240277691264, 0.4763993564008539, 0.4567457483654782, 0.4711953657037458, 0.436475234228928, 0.47350777301868013, 0.5192203763449893, 0.481133218485479, 0.5207811374943612, 0.5168701597726533, 0.49908741687362407, 0.4823217622626522, 0.5112184671845049, 0.5128371364712918, 0.5261335093395164], [0.5472304503945411, 0.362111081755031, 0.5066695567054295, 0.5022496777665401, 0.45435072421081907, 0.37729614192707994, 0.4401591167182462, 0.43478439721944995, 0.4033260138305997, 0.3010840453208335, 0.3740464910604404, 0.5230824715597673, 0.46945995194107554, 0.6227446128787485, 0.49755064623984135, 0.48133662632189755, 0.5200569645539809, 0.4461501167506411, 0.4372863487521019, 0.5068224859388829], [0.4779209374274061, 0.47196088040905476, 0.46574523229081355, 0.4666963759267093, 0.48154346223332567, 0.4792197073547457, 0.5417223442794163, 0.5424000552142528, 0.5231554623346806, 0.5241149714262366, 0.5142715549182059, 0.43581656382819295, 0.5100441148267048, 0.5021814403854025, 0.5356631177840805, 0.4877349588702767, 0.5395008281162054, 0.47706178670466176, 0.466262808849244, 0.4830424932021311], [0.46125841767905845, 0.42125949272307406, 0.3849050315460016, 0.45328165886762073, 0.4452304125922084, 0.4433217544922357, 0.5938191103168454, 0.5704268515815631, 0.5410832462546912, 0.5254137739178485, 0.5815139621783648, 0.42434595267732667, 0.4647877154978107, 0.481191319440398, 0.4565463361480762, 0.4632903744576393, 0.6134977473677466, 0.4624646829957628, 0.4287120063891364, 0.40964938240116416], [0.49988606225607884, 0.5023910094418158, 0.4641038152230324, 0.4413931595147401, 0.45348363082470294, 0.48648046842520765, 0.5619622622527273, 0.5360527586536621, 0.5542442757557813, 0.5034461112524976, 0.5217706195500129, 0.4037205973942928, 0.5031803369179704, 0.5194483890586684, 0.536596637550673, 0.48426236893692254, 0.5221775502396465, 0.4632676004793692, 0.4909422471757088, 0.48565799196192727], [0.47723565964469444, 0.4684873281124785, 0.48620867542058316, 0.4412013033965376, 0.5124823644715885, 0.4806247502670469, 0.5544122190358463, 0.5426108661977521, 0.5392098005634794, 0.49445250513245037, 0.5260689343120983, 0.4373509896854729, 0.5397825030116615, 0.5235505898776582, 0.5320231787485519, 0.4890231394202533, 0.5347819976520378, 0.4769701571751966, 0.4799115107803946, 0.4988687181916257], [0.46923646043238965, 0.40998690013725153, 0.3849425886943207, 0.46973675438106993, 0.44534865111615496, 0.4235021021332034, 0.6493285149596023, 0.5645322166023368, 0.549752849807596, 0.5221979684479834, 0.5658226043174592, 0.41843701862095284, 0.47488277681849644, 0.4544755682420695, 0.4393939859046702, 0.45594777404263864, 0.5687534115130962, 0.4712543917614493, 0.4282787583180151, 0.3836014485245876], [0.4508073322349368, 0.41605323453714715, 0.5087096341726653, 0.48166115968818013, 0.5156136027239868, 0.5221323727701159, 0.47836871117109475, 0.5339763031531279, 0.47146331991467433, 0.4795573373782561, 0.4445687445726921, 0.44850150420540275, 0.4360032605313205, 0.5184675813415758, 0.479774425295012, 0.6029885679125861, 0.48358131419259104, 0.5167291712287885, 0.46780474910873254, 0.5248910221282602], [0.39228609261314795, 0.3576542830877226, 0.5526131168418414, 0.6777256703032811, 0.43664263000121245, 0.4538357337306771, 0.4282335178720996, 0.7814391006366435, 0.626918614604491, 0.40525815358305634, 0.5227870092622184, 0.30478744565068944, 0.40695468951445163, 0.3783966274029996, 0.46238101358327777, 0.6665640497131421, 0.3889034540640522, 0.862210757462089, 0.45853030136621553, 0.5716689232726554], [0.46711895325451647, 0.3994497542746099, 0.49567142869635117, 0.5252627505558698, 0.4932187584462689, 0.5378973089230084, 0.4865931280358718, 0.5092284042461778, 0.4903638807814093, 0.4811702375674899, 0.4876298322316946, 0.46979085928619285, 0.40824042562805335, 0.5363636517337413, 0.5195150452731482, 0.5756118026676785, 0.46289979332064396, 0.5333046754892841, 0.5045681414638826, 0.512816087552122], [0.448651556106943, 0.39449561291332125, 0.5239626974776521, 0.48180905370905835, 0.5005381541884824, 0.4878176562843532, 0.4697864106179885, 0.535636569671085, 0.4911196970768081, 0.4893854349169005, 0.4929598740920766, 0.4548110111369514, 0.42206774533934804, 0.496762690776731, 0.49529116473731927, 0.5504726825860392, 0.5026639003772865, 0.5021832095803727, 0.49180582730178424, 0.5060466173628813], [0.4028627516783113, 0.31327905305775083, 0.5537687914599068, 0.6775106368164981, 0.4196443820337836, 0.4520400548339246, 0.4503544094457473, 0.7549504409369535, 0.6216289250040565, 0.4079352913926316, 0.5102128987240179, 0.2807007494440022, 0.38449615434036977, 0.376766517069482, 0.4848742868111575, 0.7016108561604089, 0.3547628160341399, 0.8144045272180976, 0.48202142111093493, 0.583171677710568], [0.3893448766825985, 0.055945927093443204, 0.3585698222216069, 0.370944929028372, 0.38562944027358187, 0.3976665712404325, 0.8154669058537055, 0.40424527248875436, 0.5424562879655079, 0.41781658495030044, 0.527843565396311, 0.5243387650092713, 0.4417207992223288, 0.5819273098786301, 1.0966620938843203, 0.7119009653705515, 0.5434302010281827, 0.44851440941392995, 0.549240423377676, 0.34840509812980397], [0.47360985224778895, 0.1447704052556908, 0.21796128270505896, 0.29686847079057266, 0.45279673223436706, 0.22058797071247924, 0.47971761218753123, 0.4537411690624232, 0.5483595837898314, 0.21042946279547395, 0.41935206488347193, 0.5795831757073349, 0.5061432646507855, 0.5506155282252846, 0.9367039943906988, 0.9067589890650177, 0.3549586892192183, 0.4021647186537433, 0.30962352423137673, 0.45100402038814347], [0.4162338816202776, 0.25866091739441444, 0.14683798200805961, 0.4000250067070546, 0.6201910274805228, 0.2805007008135836, 0.3557969965402448, 0.4959102633003182, 0.6924916929681456, 0.30028709293360695, 0.4142957361462217, 0.7976596314207111, 0.3896349006444614, 0.49059254251661133, 0.6862861568176174, 0.9159520896525294, 0.8412620541696281, 0.28628738859443387, 0.4122513057188941, 0.5783962709070489], [0.4696453575397268, 0.3011876073296477, 0.3888011788540829, 0.4493241775368522, 0.4614726179296852, 0.429608542994601, 0.4644115945680333, 0.5747155549242691, 0.49889914246701306, 0.33359022133970684, 0.43226928802445247, 0.35397490516431956, 0.4539457710344491, 0.5880771461386957, 0.6532708519761031, 0.7444519679256167, 0.5139781624006527, 0.4336846053411448, 0.4102444080524629, 0.5764305663416677], [0.3661141607300364, 0.0828045005423664, 0.35549917981379864, 0.42401306391962196, 0.3948761920542282, 0.5088894160368115, 0.6991983652129362, 0.4558475398120432, 0.5899481580038131, 0.44741483750432665, 0.48088160360471616, 0.28275638561662964, 0.39603193194890657, 0.7261197410645571, 1.0060286272298586, 0.8211918081907026, 0.5858184214397862, 0.4358329431261825, 0.5884559958080621, 0.5232568049015646]], "G": [[0.029083732648459027, 0.06274019390047132, 0.025208532721502284, 0.021030232360910527, 0.0737384477423524, 0.2796879240611854, 0.25696525428962325, 0.0577943183177962, 0.06156781782469285, 0.1321835461330073], [0.033270940310159675, 0.19206110859370062, 0.031058077470339857, 0.03255964986965308, 0.20702812872925677, 0.14776706877686588, 0.1396171736283767, 0.06836604952412306, 0.051601518897898095, 0.09667028419962642], [0.052162675176888405, 0.07431917129094141, 0.052058635755438516, 0.05220178127458829, 0.09091651382665099, 0.19741553353486196, 0.1658100141384561, 0.1048638427018684, 0.06416997099907618, 0.14608186130122977], [0.026914347160630705, 0.08402180644691593, 0.027978394354833895, 0.028188803657836263, 0.09535596642565822, 0.15238886591501705, 0.18117923937807487, 0.169821452680882, 0.07351557223153415, 0.16063555174861724], [0.03664790624464804, 0.11206401665945506, 0.033844214486465574, 0.03187885712514836, 0.11916105180084972, 0.1436141551216147, 0.1418215955115295, 0.16872803385632915, 0.06763920072410572, 0.1446009684698544], [0.02430768288002126, 0.05706010458599728, 0.02726803364521159, 0.0228454271380332, 0.058924874313819195, 0.21170407200220207, 0.1729730835662052, 0.20186025921972178, 0.05571866794310542, 0.167337794705683], [0.028923484772649048, 0.04409736803750746, 0.025108862508783913, 0.02125192974050303, 0.052914498581900955, 0.213772380055584, 0.2411740161407486, 0.21108377727691657, 0.05649451161134619, 0.10517917127406025], [0.04835432411033016, 0.06814886296742752, 0.045315024831741414, 0.041988592661440456, 0.07455078818031632, 0.2011551795034388, 0.16623602380169145, 0.09525962744873633, 0.08501857935428495, 0.1739729971405929], [0.020019971674657456, 0.1118787293608376, 0.02137526436724601, 0.017645650375234335, 0.12635290872147154, 0.23067251704969868, 0.2022838035667709, 0.07984409978817768, 0.04857251607152483, 0.14135453902438117], [0.03907402752742158, 0.11144244209920749, 0.04135885680544621, 0.03585505304527219, 0.12607313076819107, 0.1713518087697284, 0.16167537859408623, 0.12890212404269324, 0.06178830668342124, 0.12247887166453299], [0.030509343226185922, 0.15405488986223906, 0.035699821412067415, 0.03987240996349418, 0.16173416760151255, 0.10052263713888474, 0.12913012559956039, 0.16995025869979008, 0.06255767447483855, 0.11596867202142729], [0.037319609850480384, 0.07860332151652812, 0.03305713335924729, 0.028505498419917924, 0.07632105489241278, 0.23277666441816197, 0.19287297034673015, 0.0826550487875385, 0.07130434438480877, 0.16658435402417385], [0.027019854543648837, 0.06257544612679723, 0.029944181654837837, 0.024536928400441416, 0.06556424572197363, 0.2795347843986186, 0.1864428170611407, 0.07012413848025169, 0.05865826386613911, 0.1955993397461507], [0.04753371857266955, 0.14104390835755876, 0.040786543362397155, 0.03879340202311582, 0.15166534698446954, 0.14377710235684624, 0.14894562785111742, 0.08705424172319243, 0.06911276632971995, 0.13128734243891318], [0.03254685976631787, 0.12425415112258666, 0.030967207432738886, 0.026527584235738463, 0.12232588161202351, 0.196277922212798, 0.18633725444778512, 0.06904975987244717, 0.07180606566164914, 0.1399073136359152], [0.02640957784138763, 0.15876889821166418, 0.027724031946135586, 0.02536391868469918, 0.165016322015116, 0.13593996021944899, 0.14859158258622596, 0.12282422791519297, 0.06848361680182681, 0.12087786377830308], [0.030426279317490666, 0.12306714214893523, 0.024386724574063608, 0.024855852227598056, 0.13267828401647394, 0.1454362578749732, 0.17942246823150418, 0.12971673754073493, 0.07770404652540977, 0.13230620754281683], [0.018026512173380003, 0.03366229263951541, 0.017718312329320328, 0.015811124081241936, 0.03928935659954931, 0.33617171831224846, 0.25452307891380455, 0.07482489394874585, 0.041583742042520924, 0.16838896895967378], [0.02336464385783135, 0.12039732868357879, 0.022206061106736005, 0.019122082750865268, 0.1346140909828983, 0.16846775810003897, 0.16402260175261754, 0.09764793357330948, 0.07189680937100046, 0.17826068982112409], [0.018033099932587802, 0.06710145572243487, 0.01887360677163026, 0.015399178094925076, 0.07004135388931242, 0.26548010760265045, 0.26142298811061526, 0.10319972067123079, 0.05442458490771431, 0.12602390429689866], [0.02944027325950947, 0.054500278367799714, 0.02729325940287103, 0.02935006972572579, 0.05477304909175252, 0.2808266841779222, 0.17335217496509064, 0.05198784525453582, 0.07639155187045975, 0.22208481388433243], [0.032418854185871065, 0.07944786121861896, 0.03478047266907535, 0.034887805445164996, 0.08595248893681666, 0.17456528883543354, 0.21271178414965658, 0.15832731315526408, 0.0732730560026663, 0.11363507540143221], [0.012224872881927884, 0.032478225882012365, 0.01136789149183796, 0.009561542407722763, 0.03327107453466659, 0.332089554133422, 0.1652787803670279, 0.0587265118492345, 0.04868260619682535, 0.29631894025532235], [0.03573328173223798, 0.060353933069651595, 0.03223327673487082, 0.028200925533034292, 0.0647262688628149, 0.20265468363069858, 0.22687123032116696, 0.09056448459360959, 0.09318514182843003, 0.16547677369348546], [0.026834361071160107, 0.12127136503751415, 0.02377393631065939, 0.022620946986498223, 0.12715901581207859, 0.23673429344536273, 0.13102379725525706, 0.0545079611247773, 0.054490931466916505, 0.20158339148977572], [0.034445085951221414, 0.14346089513507101, 0.037363374508953925, 0.0344114799971415, 0.15682172931799485, 0.1065698032639144, 0.135382579398987, 0.10563069188034409, 0.08410299539194876, 0.16181136515442288], [0.035914966544833754, 0.05395321625695522, 0.03697121012384962, 0.030890621432970437, 0.05781415963042466, 0.2719427285628176, 0.24969192174585084, 0.10107967719937473, 0.05830342501806711, 0.10343807348485683], [0.03855103274128785, 0.13959191184945904, 0.0377674035885258, 0.04281765643615546, 0.1569947599607962, 0.13909405591592894, 0.14831484538545356, 0.06839593551591384, 0.07857920663640461, 0.14989319197007464], [0.025651135391237014, 0.08829116484998616, 0.02676733012111798, 0.02544015752047267, 0.0990028191516007, 0.22741922814395452, 0.16401891312085135, 0.10620597671956081, 0.05469529156673278, 0.1825079834144855], [0.0611773111752995, 0.06955960513010083, 0.0554290275137658, 0.04380056102944789, 0.08207119961933859, 0.156104986967561, 0.17546533707604742, 0.1495474541268456, 0.08567080111393753, 0.12117371624765647], [0.024859161753091052, 0.04944426173435512, 0.02427231788730697, 0.027371593036627832, 0.051658465766007515, 0.20126384298594152, 0.2106556104851437, 0.21688170739989612, 0.05800117258876416, 0.13559186636286594], [0.022748214052065226, 0.11546444473460714, 0.02261111739670206, 0.02118447617490605, 0.1287461105675251, 0.14468067825368763, 0.14547132286020625, 0.1965344446112925, 0.05776094675824137, 0.14479824459076657], [0.031297023815399304, 0.07735710641510705, 0.024885004378980405, 0.026563949785268038, 0.0823690709800948, 0.2367260757242499, 0.2382977904780365, 0.12109162326458697, 0.05711836457689473, 0.10429399058138247], [0.038839248203714274, 0.050894448716821014, 0.03269662796227013, 0.02707463734169172, 0.05322709789231912, 0.20214128417067018, 0.20451122665620308, 0.17635599269967348, 0.0772040243586125, 0.13705541199802393], [0.0429716036826251, 0.09403607003641908, 0.03905757325494148, 0.0428204270032238, 0.09926092015012344, 0.1970828475639288, 0.14790498418276357, 0.08903871046032588, 0.07369695942156518, 0.17412990424408353], [0.033050928593837056, 0.07842303952417805, 0.03196337449154847, 0.025944292149560334, 0.08395718147150463, 0.21660924097668055, 0.12076969963775974, 0.10949383066060513, 0.07976205415960631, 0.22002635833471984], [0.044416737023549306, 0.14728441330963052, 0.04238981387855351, 0.039617532398014424, 0.1578378125388274, 0.13099411191893404, 0.13071763893875937, 0.10742546150433852, 0.07470019516545147, 0.12461628332394131], [0.02620304300264992, 0.1149283261078359, 0.02585350133627324, 0.0286168707430025, 0.12408017524928212, 0.18465592450545945, 0.2298605857641901, 0.09441043211438206, 0.06572503970038367, 0.10566610147654114], [0.02333236618947861, 0.0820240395992048, 0.02262896021167855, 0.025025213842089618, 0.09357283723945674, 0.2214064953800216, 0.16134715035317299, 0.1108578671768478, 0.05776571744330793, 0.20203935256474134], [0.0211743881007841, 0.0309854113339304, 0.01841627946026527, 0.016459356865543492, 0.03611748139517213, 0.1713736080476415, 0.2106639044568963, 0.3526321414050274, 0.05088770632637337, 0.0912897226083662], [0.030613919698578088, 0.0672833974143604, 0.032571007758519524, 0.031007892512531457, 0.07121196591837152, 0.2505688426327707, 0.19940913702139829, 0.09749663692413611, 0.05646639012795276, 0.16337080999138182], [0.041507182410628396, 0.05675730368756693, 0.0348292711660203, 0.030326384373617433, 0.0639280228694881, 0.27021859785609137, 0.23284177094256608, 0.07802180367618962, 0.057619754515477024, 0.13394990850235466], [0.011583733707163113, 0.056381613413349255, 0.011249228514214218, 0.010011567346871269, 0.06360941813181842, 0.26825152747894837, 0.32087223317199765, 0.06788574519662693, 0.06846398174574161, 0.12169095129326889], [0.02519148079043937, 0.10282388583402566, 0.023814048763177092, 0.024541550750855116, 0.1085202680080759, 0.228885569669305, 0.14906136133796857, 0.09552757555281194, 0.05150313659412008, 0.19013112269922144], [0.03310604261803475, 0.14759008577598784, 0.028803825759758234, 0.03245900077526291, 0.1519454478189657, 0.13478547777040145, 0.149318436755038, 0.15765575710719112, 0.05737285373906247, 0.1069630718802973], [0.029349023917721505, 0.11792094033136523, 0.032323974369467, 0.02769517103311695, 0.1251376943836748, 0.1422764130782252, 0.1541523560262275, 0.12745269265136677, 0.07632409554610428, 0.16736763866273016], [0.027007989743961573, 0.060725875094297374, 0.02860998728493889, 0.02485659513340048, 0.06678445527824152, 0.29654485847129763, 0.14723161805736815, 0.048604526949365255, 0.05359113751523469, 0.2460429564718944], [0.022066881295739013, 0.05115002539730045, 0.016734062597129045, 0.01732502119760976, 0.05485880686737198, 0.27357809552758433, 0.23642015052171933, 0.0972691692101785, 0.05993694735804386, 0.170660840027323], [0.03701416867514837, 0.0460860255061248, 0.03481634515828318, 0.033393691683039975, 0.04567930403364149, 0.18964147134948608, 0.2214928706756984, 0.09704234181415636, 0.10413119118113826, 0.19070258992328315], [0.031141443876382822, 0.07525105370370637, 0.025653539189342017, 0.025188716125028345, 0.07995320723259783, 0.286239466829024, 0.2595213962430294, 0.058888697667041356, 0.0530640732568627, 0.10509840587698474], [0.03274654952556834, 0.12370869039569064, 0.03043853933572989, 0.027695073750058558, 0.13795340564372802, 0.1824302476493843, 0.19969450234442424, 0.06812012550070966, 0.0729139414574401, 0.12429892439726645], [0.030384143609608713, 0.06252124818653561, 0.02679024364129069, 0.024504925110831036, 0.07044521087252198, 0.245583348541229, 0.2079915039779233, 0.10788612986627612, 0.06106207084674744, 0.1628311753470364], [0.0318674970073616, 0.09583265727562647, 0.03018460569849704, 0.030845268299143722, 0.10657275934512626, 0.15401282668876554, 0.19552809323639347, 0.1419759642185998, 0.07762582801473548, 0.13555450021575094], [0.036974055624829597, 0.09984762572999906, 0.03211600126047428, 0.032979810674672864, 0.10576392172758939, 0.17213623392092273, 0.15154576747549287, 0.13053921676434901, 0.07492837222160466, 0.1631689946000658], [0.0224465790427233, 0.13984761348273964, 0.021532961223440582, 0.022575270773256675, 0.1510033656342841, 0.19815111677294645, 0.17340340401616075, 0.08751631596333966, 0.05496728456787763, 0.12855608852323114], [0.0403915919186299, 0.11032770273660242, 0.038227969164263395, 0.03675307077914334, 0.11520325732898686, 0.14903888541565868, 0.1316689301968428, 0.16874308094756904, 0.0605424255968066, 0.14910308591549679], [0.019444969561019196, 0.08256605973035418, 0.02060148637698773, 0.018206080055284093, 0.08622712145979261, 0.24177220781595832, 0.1684171933297787, 0.14329777835784133, 0.04311368055745751, 0.1763534227555263], [0.025369827847828395, 0.10611798049912557, 0.02794373984846233, 0.021638928954679417, 0.11375720614004223, 0.20433449636320747, 0.22378447577836127, 0.11996849187320359, 0.05653217210688222, 0.10055268058820811], [0.04371415321154449, 0.06615662782123946, 0.042518709301713836, 0.0446054416590373, 0.07451222986465138, 0.2501250711302814, 0.21091511833735457, 0.07972315798831138, 0.05542061552100819, 0.13230887516485781], [0.0414059750314555, 0.18535759687527414, 0.049931997387422655, 0.05259965620695059, 0.2159829978056484, 0.060710632825094035, 0.09108266960038254, 0.1436217808182483, 0.06356941856736235, 0.09573727488216147], [0.01738246270096737, 0.2623551001167448, 0.016025259755056472, 0.01884593696329922, 0.2683643190626394, 0.11194757754180909, 0.11499356794492904, 0.05343426899217269, 0.04561563156925843, 0.09103587535312309], [0.06022913177932868, 0.06775505501644628, 0.046892973291650805, 0.03154879789739906, 0.07659592895379044, 0.22767910635014424, 0.24171993519293727, 0.06752537054211495, 0.08074757832185984, 0.09930612265432831], [0.027514958694285736, 0.06379804824034828, 0.023721830926012388, 0.02522433266291627, 0.07278241639597259, 0.24394973859227462, 0.2635811125465592, 0.11486347019946891, 0.06382319460919995, 0.10074089713296201], [0.022622726017636954, 0.06494702951735129, 0.022721031836051737, 0.021011801005786524, 0.07075177639160372, 0.25624220239382295, 0.22354220812528047, 0.08322680016699079, 0.07030064477329913, 0.164633779772177], [0.06313478585380167, 0.11375390206145002, 0.07711495380991053, 0.06776578788497482, 0.1266110255259576, 0.12355059837281855, 0.13420738455425746, 0.07181496762851186, 0.08764959815535481, 0.13439699615296316], [0.02729025357191698, 0.06565000342814714, 0.029362771563308673, 0.023143475113363874, 0.07278508430831963, 0.2318042840289263, 0.1903868071570656, 0.10299548315750538, 0.0753223447903283, 0.1812594928811175], [0.02229971240474878, 0.06635503953944939, 0.024782981505524992, 0.018479633882088432, 0.07444791831675866, 0.21733464370194033, 0.2319696709737129, 0.09760007715670048, 0.07776893247858435, 0.1689613900404922], [0.03328155210159711, 0.15757088682060028, 0.031127328809780766, 0.026042166941634158, 0.16323594981497602, 0.1774035564667994, 0.12141846245202523, 0.07330398505448589, 0.060502486945362546, 0.15611362459273864], [0.028042081376645756, 0.0711070321347114, 0.028895638883826742, 0.030761233119223023, 0.07992003701202471, 0.21407859287751205, 0.20152142315984262, 0.13152258083189358, 0.06313871922848938, 0.1510126613758301], [0.02703494693115763, 0.08917756481047588, 0.028256906070380887, 0.026644805348514822, 0.09593009708966774, 0.2165964682911937, 0.20441889435174868, 0.08788437575270688, 0.07673139816660474, 0.14732454318754865], [0.029153578987309827, 0.13404974966136005, 0.025602149809822908, 0.022922020407363432, 0.145862808748995, 0.20105182955888834, 0.16591906089344768, 0.07082041788542023, 0.05824146207617506, 0.14637692197121696], [0.016808744955690926, 0.14708292871815368, 0.016336586437471108, 0.015202659623419622, 0.15106747164359555, 0.22424538470137587, 0.17607701823574706, 0.058388923152381506, 0.04844293533297299, 0.14634734719919143], [0.02952585413672149, 0.07692025262118476, 0.025653274945805857, 0.026107480404048387, 0.08474842714634061, 0.2611234365836332, 0.17542750882280925, 0.07359901791191835, 0.055791105812797136, 0.19110364161474105], [0.02300229874595313, 0.08658195541877663, 0.02115154754324611, 0.01993925288843746, 0.09364155512692988, 0.17337544040320813, 0.21547889404852155, 0.1600874054201208, 0.0728125728969709, 0.1339290775078355], [0.05091387864309374, 0.0618697328438461, 0.045857935805744925, 0.03491557611536809, 0.06379507136808794, 0.13764011168855117, 0.16577176657434017, 0.2281286364145844, 0.08625103070848061, 0.12485625983790286], [0.03178637624140001, 0.09881561084439046, 0.03734420914109732, 0.030195776442626613, 0.1031953877993173, 0.1782791982814555, 0.19748924689044156, 0.1174210601964273, 0.08138117169731317, 0.12409196246553121], [0.03027454559252201, 0.11763478456439981, 0.026395024538871582, 0.0234528741579683, 0.12410802402440166, 0.23317869002198824, 0.15185475247688407, 0.05567853639778925, 0.06042478458697336, 0.17699798363820146], [0.021444647025474838, 0.06161589244583682, 0.018925314002190736, 0.01759446083147336, 0.0672194114612126, 0.26854479319881575, 0.17366595111305266, 0.118622963092071, 0.04683802704730084, 0.20552853978257105], [0.03131767364750797, 0.06294091836427869, 0.029405138147062127, 0.021978803383186817, 0.06266849926520367, 0.2435779711907239, 0.2627641962951646, 0.12189187779958925, 0.0652271484397086, 0.09822777346757412], [0.030156583315056787, 0.07701549126324551, 0.028881789187170038, 0.026245128019778963, 0.08761780253247191, 0.22653201316431076, 0.21114795833554656, 0.1078694154350181, 0.06518356303053087, 0.13935025571687054], [0.02978436518131, 0.07063991636975689, 0.029595020446115068, 0.02375900041809995, 0.07600997141735563, 0.2356947388984973, 0.2535221327921722, 0.12516800206735473, 0.058906063214339915, 0.09692078919499837], [0.034072018660230415, 0.09556261586573306, 0.03303169592502576, 0.031581975545395914, 0.1094597149414303, 0.26228185119372294, 0.2049341555513824, 0.06015846126963747, 0.044595407622338254, 0.12432210342510355], [0.022439355163051577, 0.03842087953007672, 0.02118381918759835, 0.016618826050128273, 0.03922013791884517, 0.2918341093489707, 0.2670275256635002, 0.08445717444744316, 0.05791709679831533, 0.16088107589207065], [0.019443974944669516, 0.04524359592169578, 0.01811682948804891, 0.015181729629014694, 0.05354814608332345, 0.24078116216704704, 0.2823296415418332, 0.1513381885376559, 0.0607474773602946, 0.11326925432641731], [0.02982750288230398, 0.06429518065911216, 0.027143555185905697, 0.02423479149536365, 0.06866701204397888, 0.16514537514361802, 0.1932547310151418, 0.2146498732980247, 0.06961560400136388, 0.1431663742751867], [0.03573570977616998, 0.08567053768721865, 0.03495304985581376, 0.031204478236846654, 0.09296260802805155, 0.16112260970592773, 0.18780922919567872, 0.1784000047397937, 0.06963188567867432, 0.12250988709582504], [0.023424877706117238, 0.04236682465141016, 0.023251801706262194, 0.024413023148267845, 0.047077307612993335, 0.30087421782705726, 0.1973398354462516, 0.10193804166936879, 0.04739078933735375, 0.19192328089491806], [0.026332880802372453, 0.08275612867454218, 0.029614715939076476, 0.02157286953183415, 0.08823175628994605, 0.2584377432691918, 0.18481068333982664, 0.05942266873961986, 0.058232299097698385, 0.1905882543158924], [0.036332540485530744, 0.06265166540583021, 0.035709935685559864, 0.030641577143464136, 0.06393998992555698, 0.21075209045268634, 0.165476232316992, 0.12302471929318316, 0.07906816948136848, 0.1924030798098278], [0.034193730635040255, 0.06680617482216356, 0.02997186796471021, 0.031128319640877512, 0.07548335257044739, 0.18758099107417014, 0.18183601935178687, 0.1848660546908655, 0.0654599450764312, 0.1426735441735073], [0.024373146304959268, 0.14586155061436099, 0.022936850657670822, 0.024545437038374494, 0.15500239211605665, 0.17627645306679487, 0.175204070232867, 0.11007509484641909, 0.05248011862711519, 0.11324488649538235], [0.041407854200581164, 0.12597210744097764, 0.04709536673914487, 0.03774453764219774, 0.14638443321388095, 0.16481264918392716, 0.1546638945381197, 0.10395678081296303, 0.06782069169460572, 0.11014168453360206], [0.026732530839339616, 0.08394175424236554, 0.02458797106846963, 0.023176330838678302, 0.09188572097322893, 0.15252090743883756, 0.1657550228761875, 0.25265926713869497, 0.059700476493790004, 0.11904001809040748], [0.03987985763186201, 0.06387044531486258, 0.04260941865963907, 0.044839047903978926, 0.07760466797600457, 0.19019158898546654, 0.14779212466608443, 0.19682987029498877, 0.056012223117419116, 0.14037075544969368], [0.031191467058685658, 0.03965557247816679, 0.02975469814399633, 0.029230999214256394, 0.04795380866335056, 0.24068951704732167, 0.2606855832518043, 0.12799240816311663, 0.07412853827713026, 0.11871740770217144], [0.01629299638203726, 0.07343053736913271, 0.01776732959258814, 0.015763954417332197, 0.08156718347420633, 0.20755526070024577, 0.2424249107499831, 0.09152362393759446, 0.0838599872038783, 0.16981421617300205], [0.04363232794629354, 0.0835444454646188, 0.035733772893813465, 0.03572818909376756, 0.09213207042731637, 0.18302368030043442, 0.1905104210104839, 0.10428672414402473, 0.07655127073302836, 0.15485709798621825], [0.035477818807178145, 0.05264306442151147, 0.03827333968758971, 0.031927512165950064, 0.052984876641289445, 0.1457264526373695, 0.16992143318557382, 0.2642977261589143, 0.06763211148277364, 0.1411156648118499], [0.02876421860623811, 0.11688891111255298, 0.02502585482348775, 0.03148009509564917, 0.13136483726510592, 0.13911729323321498, 0.17655500151745718, 0.16251273412744008, 0.060136707295799445, 0.12815434692305422], [0.03441083694049347, 0.071900264790109, 0.03446499016904101, 0.03151050002002077, 0.08734320847209523, 0.19266763464058903, 0.19288157329309077, 0.09786193984936294, 0.08040893630545468, 0.176550115519743], [0.03444457417766359, 0.08997244540724672, 0.02799978108849465, 0.027517843739676782, 0.09295780004096735, 0.27272980788536355, 0.2527331763372754, 0.06979377232806125, 0.046538120850369645, 0.08531267814488078], [0.014645484554507083, 0.031243148456736567, 0.014793153648349886, 0.012688588672427331, 0.031852748006132275, 0.27032547034102, 0.2672316204532785, 0.1395917755186854, 0.06285094823015759, 0.15477706211870548], [0.01770335303341342, 0.04569206539615338, 0.017270702490783465, 0.016875859171216024, 0.047218439590901246, 0.27921793045132653, 0.2821171288941174, 0.1069724927021269, 0.057382995809690834, 0.12954903246027052], [0.023417097862486188, 0.045087252528671316, 0.02056281653928545, 0.015592735339942192, 0.04938311326452992, 0.23409123429898873, 0.15746078147310713, 0.1615071975273846, 0.05577500477552459, 0.23712276639007943], [0.03780984636261372, 0.06106486372033878, 0.036096224045886964, 0.036334108900977935, 0.07415447949926046, 0.18434494020886005, 0.16976064231327687, 0.21517204584214025, 0.05815509805443924, 0.12710775105220598], [0.0336097324337623, 0.053143525869476696, 0.030178332595368444, 0.027589702882807588, 0.05268820452210169, 0.22516160686145933, 0.1883837593565552, 0.15991378439782125, 0.06460381015219399, 0.16472754092845257], [0.03929563546603508, 0.07965596409744781, 0.0368701770868886, 0.03314068570791791, 0.08939883673499392, 0.17523659991062174, 0.1367133942623595, 0.19628219446669268, 0.05769545653306384, 0.15571105573397873], [0.032005438680000414, 0.08041354164242796, 0.029902049372048295, 0.028934905213309412, 0.08871373309730012, 0.2468621852017294, 0.24708662847415538, 0.08843499796381663, 0.055689512474946766, 0.10195700788026581], [0.022546853916942868, 0.12498878361036375, 0.02444544318741961, 0.021885502358022717, 0.13158642206165058, 0.2457603455833156, 0.24123725352205402, 0.07425007992871974, 0.03715958257384597, 0.076139733257665], [0.012055291727678484, 0.040138480293654195, 0.01345818124594505, 0.011689440787897664, 0.042588586093641544, 0.34767279909822196, 0.3061254051034628, 0.06833116481213905, 0.039394290660951896, 0.11854636017640