{"estimation": {"a": 5.255719480048307, "rho": [0.12478925317345206, 0.09485709674637445, 0.16197397347816783, 0.1544160104226161, 0.09331961869226997, 0.04094428278967246, 0.03509619899623478, 0.1180450729803462, 0.11705714075039364, 0.059501351970472245], "Mu": [[-4.540028864047553, -0.6467117100103426, -1.1236999643913081, -6.551001648976267, 0.9408579626192911, -2.4104226028686027, 3.5361573709331644, -0.8513647621651441, -1.564102470299239, -4.601168302533967, 2.1050224523757786, 0.34887435117044713, 2.8273856500001306, 3.9725310562467673, -0.6650314735176929, 2.454441520430274, -2.4152236256131316, 1.3013207405538565, -2.411312136075047, 0.7424965651854324], [-1.6422974094782032, -2.1314029505004735, -0.485376360748933, -2.4112672839775517, 2.9378533760126055, -0.8500513705362315, 0.889590204446946, 1.6124740455546465, -1.6872565726872917, -0.2719183860552728, 0.5329753127220619, 0.18197897838658156, -0.8319590146506619, 2.7016209269868012, 0.5926373661684713, -1.161737387668581, -0.09333672089350756, -0.06965676138768692, -1.1717711126310912, 0.38296259230317825], [-3.8114466556645645, -5.738143701335336, 0.24130059348382835, -1.066142042140385, 1.690401678929736, -1.1704085242043578, 2.99632622943001, 1.2061818288608221, -1.6509303224206127, -1.8538540374090084, -1.4436041431326168, 1.8065282211406077, 1.2068288094608262, 2.841699751082536, 1.0602117333246939, -2.0292838547109837, -1.659036810011087, 3.4677305440227477, 0.5899153484844039, -0.4635320903648567], [-2.9144013826104183, -6.09289125405518, 1.0284267619305825, -0.6147543793224541, 2.1406543371156412, -1.2446778898033064, 2.7975267374919253, 1.3677593569605053, -2.3347934192797926, -0.8283531645440823, -1.5475003090084458, 2.102767849197676, 1.3021001017615124, 2.3120383806297213, 1.314327948585772, -2.2129930909009685, -1.4324766746612554, 2.641150895279787, 0.7490480683436239, -0.6489578336057726], [-5.097120678740814, -0.8267936134096073, -1.6758253657938733, -6.3478177319649225, 0.4544378528034767, -1.4419596798829866, 1.8946557619783009, 0.5634408113146134, -0.9826434139888718, -3.3336799198505394, 1.7443400163003384, -0.2100699114755206, 1.1579616334460379, 3.161256005674779, 0.31598354528801936, 0.827087007811179, -1.468286380944166, 1.1845739004901767, -2.2844277904451364, 0.18203949755901416], [0.3811052382425198, -2.244792687669942, 0.32455816007721644, -0.23053293829190763, -0.8092480912144338, -2.475107248990194, -0.29973066873624266, 2.2867249852153395, 0.9474518013256885, 1.3519890059088346, 0.38403180849458324, 2.5081607396461614, 2.705378707126675, 0.011836632496427954, 2.8244597080095883, 1.0258002263100436, -0.4013344579971874, 2.12694327579015, -0.7063638904964815, -5.34620748554301], [0.9106144790933343, -1.634384976923711, 0.7901131763731307, 2.8074952580146517, -0.005558762420140096, -2.3853484324145797, 0.6044788297075064, 4.177379967234564, 2.667744727457759, 0.2686310896777037, 0.5986657759755881, 2.2944274671500806, 1.1939355609644318, -0.5137636728396848, 3.215377728723705, 1.1870832236965876, 0.30422092654163135, 1.506742169175674, -1.4835327950579313, -5.264655708010902], [-4.627655233812696, -1.9238430128239317, 3.0633343779481383, -2.3193575632002186, -0.37273870941994963, -1.401310920558343, -2.4494862203994696, 0.15720146605495722, -1.5523771734752356, 0.8019428167075736, -1.452908527995285, -0.46573019149429845, 1.4426028917447185, 2.4572632062142636, 0.5221779696040697, 1.8520743865227465, 0.7394905804975033, 0.7261417637091192, 1.6868567347661483, -1.3646600180608834], [-5.070032184280594, -2.366657382223295, 2.2856127825190833, -2.9172800328864947, -0.26033354893476784, -1.2613074754074953, -2.793543988219844, 0.528616683380503, -1.8557707215488544, 1.9064728947412797, -1.4847812175448911, -0.19739945332852177, 1.2166575452002404, 2.4839216218874163, -0.17796333396397226, 1.3730122746428586, 0.9553654540791955, 0.1420342197819856, 1.543336906989785, -1.3201582735145865], [-1.007261026021311, -1.5780476454543637, 1.679416646208523, 0.2754280197995068, 0.22746334548262614, -1.740919297896886, -1.2226869633464799, 0.37299395441889677, 0.3489204105985946, 0.20744480642230345, -0.38454224055188635, 0.18687524456152177, 0.9737295213318542, 0.5396748595831784, 1.7035191942965162, 2.463277054254233, 0.8462342305640237, 1.631035605867009, -0.5623969124866035, -1.6102084752608756], [-0.45696882277509804, -4.154832269821032, -1.9710708795811214, 0.8068013993833001, -0.4980269496702485, -1.7743027935235696, -1.1611053940824618, 0.8283300524378202, 3.5226560208877054, 2.9135670270108793, -4.326475082397619, -0.07741230000756717, -3.1366553996651514, -2.8660709412411247, -3.7394694044376124, 0.0516855080953408, -3.129638730774719, 0.8887398092792738, -3.0174698483715665, -0.6630758834817796], [2.851509424035638, 1.4424258836561787, -3.7599673150881574, 0.5340775963253126, -2.807233275344369, -1.1128477436461313, -1.6374255368358845, 1.769109419542114, 2.812955256792268, 3.1255325057306806, -2.556542877198894, 2.485706922201827, -0.42526915701001844, 0.7193123632150187, -2.7192535611128057, -1.479917445358095, 1.7794068319645506, 2.4051302119835953, -4.566785325119275, 0.5911669396649896], [-0.6133284182251727, -2.9414124791259275, -0.28976831087408933, 0.13313443480964915, 1.9196076679533745, 3.0245931861507738, 0.8352347295554142, 0.2976607360481052, -0.6929752187070095, 3.0524133888698386, 1.006651965178222, -1.1397415370785617, -4.474720626184736, -7.142148048130561, -0.9509940254076314, 6.894480841991472, -1.3582712420238658, -0.4434513344041344, -1.1148632144286474, 0.8207968967578801], [2.5458231437376413, 2.5032697565019855, -2.2540416370112024, 0.06960893734276852, -0.7730574659242371, 2.503935570634322, 0.20173469715763226, 0.8094584257483111, -1.1469142474830496, 3.543673824163339, 1.9431583840258773, 2.4719537869450883, -1.1088603243536765, -3.098256960040303, -1.2611269305268729, 4.207618297042108, 3.543730275227153, 1.3225714013968504, -2.8491193816254126, 2.0924315469130694], [-1.0355596956508084, -5.576054409422948, 0.3888099133743204, -0.9161898595580396, -2.202085690092302, -7.027032960667863, 4.635528120232499, -3.623042243518193, -2.9567242850266395, -5.854343964650285, 1.3905232804626007, 2.19256959591618, 3.0564030863415788, -6.707946854872489, -2.4825018543652764, -3.4116691268651267, -5.59672738672149, -2.795226395126076, -2.924166662028362, -0.46337164606212805], [-0.370204011463406, 0.8075431712247391, -0.8335095853021832, -0.03402128833605185, 1.5855670929048995, -0.47869827714075536, -1.4703147986558978, -0.6649746136041983, 1.4504523300786327, 0.063662053067661, -0.795168747183608, 0.1991173332614142, 0.2539891980586444, -0.9672415106335233, 0.35272512103632836, -1.4288382194975242, -1.65713001972634, 3.6374003116619735, 0.44434748274640723, -0.07782828706533129], [0.6345003686695583, 4.476882578700555, -0.65514602835195, -1.6426780429077974, 0.5166048930433214, 0.10040157669580438, -0.4667566440426367, 2.18941309154482, 2.509186745702178, 2.448360035398578, 0.13933418763693534, -1.5087383656682212, 0.12338151718437396, -0.4838991016794418, 3.7698611832461557, -3.1488256026429067, -2.278879956091158, 3.7764198364895303, 0.793204233696623, -0.485709333349636], [1.8104705267635108, 4.497837775109748, 0.6698240841636665, 5.0650515316998055, 1.3037582194198296, -2.278530783341313, -2.416256671190883, 0.9896525657621288, 3.6684650807703343, -2.0426774968668857, 2.6410198068662387, 2.6629299120726095, 0.9015677049334463, -3.0740267121052134, -5.793078906681403, -4.273712338746792, -5.477539494468665, 3.3292575850745005, 0.37355462021072383, 1.5855691559423513], [1.8238571726602046, 4.507505725882629, 0.7008766791683182, 5.596905161841578, 1.2664507359148414, -2.2946637577173927, -2.4192602892700124, 1.0544474303932585, 3.810818511675045, -2.0596201089190194, 2.6972119348876196, 2.638731369880109, 0.9892791954425554, -2.884728899182233, -5.893790129551871, -4.162026419445393, -5.573491752665723, 3.467423306661597, 0.3541960445840442, 1.7220486076561305], [-0.2852305922330455, -1.4645029414493391, 0.3912012528057214, 1.6588431242877344, 1.7344235219680364, 0.14061361946145326, -0.8831267729034218, -1.5737720387030574, 0.5911491748372533, 0.4019851501548134, -2.102284601681167, 0.5883122744219837, 1.1517043692031754, -1.8681313251530254, 0.7677558276178218, 0.33087805961671196, -2.0699529968413297, 2.7380288987854176, 0.7274167724945955, -0.1568894789981707]], "Lambda": [[0.32249084787561294, 0.6969016722150484, 0.4532611048373956, 0.396857740634953, 0.6818994820090157, 0.41502813964740654, 0.5798237225040294, 0.651920982403629, 0.4519481719041867, 0.3734821564560284, 0.3285010599729781, 0.47987169045033123, 0.4283944694301225, 0.6493061323985811, 0.4956794603506275, 0.44990826710232823, 0.4261197974737684, 0.6070279866366957, 0.5491970900004675, 0.6300650164243681], [0.3642735877445924, 0.4959241941192102, 0.50387429533341, 0.42844877846080365, 0.5204974921688319, 0.541241124825475, 0.579610552832583, 0.6444893323410907, 0.6358525509615847, 0.43585358185826334, 0.4435749361840664, 0.5254020670995803, 0.46905206186576265, 0.5337107444741502, 0.4963788064626686, 0.4168078967265283, 0.4789305744951857, 0.5439891326923365, 0.535702937251946, 0.5944666544002539], [0.5102116685459702, 0.46548031238430865, 0.5273252337263783, 0.3316857908547555, 0.652878514855609, 0.6730393173500431, 0.5595001879482326, 0.6196471033377495, 0.7004701959344293, 0.30362713230230004, 0.5308584846818039, 0.596890590890599, 0.4181973095958409, 0.6029433770576943, 0.5881297037786559, 0.3616724347540169, 0.4275384963416755, 0.4387700376126021, 0.6591351351513584, 0.6507285288909317], [0.5007376262930657, 0.41363414245210106, 0.48844889567095656, 0.31510104961286306, 0.6081623534664294, 0.7355152343831073, 0.5684140393067375, 0.5733721855271314, 0.7014859708768464, 0.30614139529054807, 0.5395780583308531, 0.5818765647161634, 0.4372148490578457, 0.5870534382915942, 0.5511351377135808, 0.3565805710077014, 0.42434082562307024, 0.4045037965461982, 0.6599552114758304, 0.6687124044369587], [0.3441997996496721, 0.5914963444033081, 0.5316823065882379, 0.4112975376989881, 0.6460792967328463, 0.48238852234720553, 0.5639721977589933, 0.6063515645805723, 0.5088257039603927, 0.42747255627054603, 0.38880496536622977, 0.5139823179476313, 0.49614904882500127, 0.5531899861293312, 0.4632877655731784, 0.4318398689426222, 0.4516097646977329, 0.6162854283466381, 0.5603539479378308, 0.5730886725144316], [0.4260250692838831, 0.6176436629981162, 0.4900724298828997, 0.3055937162936207, 0.7117572818303743, 0.7802254662758302, 0.580790783175829, 0.42116416009034596, 0.4291404400867068, 0.4539142362673715, 0.5743343638558552, 0.5197640468408083, 0.46650265093692156, 0.42261056278566117, 0.7030518803396624, 0.6574181249823504, 0.4576347879160671, 0.5760267306618744, 0.7354608579875836, 0.4632289797993388], [0.488523840127382, 0.6852657398780683, 0.47818604807682946, 0.35732238677616235, 0.6770628479556814, 0.6909609259339446, 0.586185528666147, 0.40460279200252924, 0.46284966452187587, 0.5371594814585057, 0.5588400628341219, 0.45279352701902703, 0.48093700368192255, 0.4379214710378663, 0.6367065930486283, 0.5662342572186232, 0.4447463415696019, 0.5428488974935387, 0.7769873317417142, 0.4119188849009517], [0.3829642847620032, 0.8272605003555807, 0.6337918049916217, 0.25926545469676876, 0.8222971899048411, 0.485520224397588, 0.4569484890633483, 0.4072366643188254, 0.45378555238955287, 0.5603841416160036, 0.8138169557803833, 0.5357813723813575, 0.38152229615340333, 0.476601353685674, 0.459758567083696, 0.4866805028953351, 0.7127734910886139, 0.5049995520265488, 0.5579892275072896, 0.49898421071373855], [0.36471274069532883, 0.8857394434285454, 0.6740177791178862, 0.26760096791995286, 0.7248212165645073, 0.5003083395612911, 0.4654796808487243, 0.38650884147289366, 0.48432142695733443, 0.5664840260913773, 0.8036801409090413, 0.5519763325121984, 0.39340697853375056, 0.4583004296774542, 0.44855193027761514, 0.5149918564706639, 0.7070772104794028, 0.5143729600110731, 0.6265216067450334, 0.5097692083400629], [0.42519647305657504, 0.5582024323018657, 0.4957782836181026, 0.3551052904160362, 0.6234213090831159, 0.5848788228108667, 0.5064419113606782, 0.45810874142695795, 0.4620793365903495, 0.5915235007051783, 0.6123707187399096, 0.5067168901558362, 0.49014991971724486, 0.4453633117700599, 0.5534868229193717, 0.5480111399480616, 0.5177253348245189, 0.5056276678972936, 0.682016607446397, 0.5225518080599303], [0.7465392017347333, 0.2662090648394244, 0.7215699814444078, 0.7007950056540826, 0.17616854653857225, 0.26193527519672166, 0.161527994320144, 0.5377659372726321, 0.3161971859032181, 0.29959477090740255, 0.4861682347780442, 0.7558698562687077, 0.4005170124766115, 0.557397593452726, 0.2228042884695008, 0.24910679395529284, 0.648076563558606, 0.4462272978757984, 0.33778153034401276, 0.980410425816849], [0.6943180551968104, 0.2260361263961038, 0.5333598303008787, 0.47323028944228424, 0.31321439063853157, 0.4610771204978672, 0.2762970488469386, 0.6288582053193739, 0.33499353768004403, 0.38788970616706203, 0.45077905823583403, 0.4660064493841073, 0.5482553770827374, 0.5790661238553937, 0.2442648849864634, 0.34261788695955225, 0.5842256116590728, 0.4050614022082634, 0.4002562246084686, 0.9585910038417148], [0.19209910562393306, 0.5338872040951484, 1.0317227846211272, 0.737763175777164, 0.48347059561720007, 0.5240811491454842, 0.313616852642224, 0.44021039462162737, 0.6186933529400457, 0.25919912079805685, 0.42802980733431245, 0.9312112528260489, 0.5773089727122873, 0.22213597393376414, 0.3895101409404543, 0.25321410982629916, 0.49744515277024354, 0.36815641605833826, 0.81244399892518, 0.5718808195036589], [0.14038411153455377, 0.48922156183221877, 0.9473974964630258, 0.5962048373057456, 0.5222085272015045, 0.7505390997754567, 0.406102831002771, 0.5735951038189693, 0.5442687021219421, 0.3697974317274894, 0.3592787581842583, 0.701454809750065, 0.7097560322436628, 0.19644198026341655, 0.39901886606869574, 0.30861600436399655, 0.393521104711649, 0.36871230530725857, 0.8678306490683386, 0.523922457423265], [0.4089474446038014, 0.15385257227509916, 1.0831626088168238, 0.8095020333433609, 0.5857935924630262, 0.3829455059958382, 0.16707070059169163, 0.3178596772691302, 0.8585067149635294, 0.3741483666532563, 0.21546028130767422, 0.8102680616228827, 0.3697149996318014, 0.18396325004427383, 0.2026144925284032, 0.48428357989739285, 0.31357144905844675, 0.773082533009618, 0.31852296078998793, 0.4060672292004201], [0.4278915493344663, 0.37328900919760577, 0.5146778352083459, 0.35549590268141323, 0.3971223973148204, 0.4478536715403123, 0.34090718343939147, 0.48559423662337997, 0.5277934933691517, 0.4876632096643472, 0.5501582478019454, 0.5884580617569068, 0.5052272617543786, 0.36455975975768995, 0.4440447114521431, 0.3717448003583619, 0.46451275100899525, 0.39631863209329643, 0.6410558312493886, 0.5212648035236902], [0.41611245140708114, 0.33831981870714334, 0.5530796102472385, 0.32267323748344334, 0.4586955606206997, 0.461507987960304, 0.3576484612151666, 0.42492434368634796, 0.5031494569532495, 0.41208034698773327, 0.5852463994015702, 0.5467904435228457, 0.4454704485102465, 0.39300479988070536, 0.48148780659509577, 0.3134012522183475, 0.4525227216034556, 0.36903187784689895, 0.6344221685598392, 0.39550279570089025], [0.2682530533915678, 0.39013578370333, 0.5612063225299804, 0.21310226042579813, 0.3585838784996146, 0.46128164362853147, 0.3717049719133771, 0.5531730269243205, 0.6995480687944744, 0.7797972770266398, 0.33010195857146524, 0.9159331694304571, 0.43611558468151357, 0.4321334806998496, 0.36023467692172567, 0.7397843732528917, 0.24204015798885245, 0.1922009857657481, 0.5463116908816569, 0.5499891870105734], [0.27367864826805777, 0.3986332868544955, 0.5664141794168317, 0.2047063253312866, 0.34603095167657466, 0.4272589928523503, 0.40621359096500204, 0.5824505003893874, 0.6688837870721395, 0.7944087920832991, 0.34849966725736325, 0.8872627784501178, 0.44008828399765076, 0.44730950109610407, 0.3479794719212407, 0.7794095563374318, 0.2381767289337359, 0.18084261564805681, 0.5669090954743816, 0.5512772287240121], [0.3446852066746632, 0.41069333151629694, 0.5378990804555169, 0.3345197598708726, 0.35843122813612327, 0.4398001652821879, 0.34248934869001274, 0.4354183868137982, 0.5596214936088239, 0.4273993754517402, 0.5868470656237306, 0.5695719795335054, 0.5067049328371, 0.3435526124924438, 0.42940282659681783, 0.3968511557975537, 0.40612750699906686, 0.3860446943064427, 0.6907498146901824, 0.4489130450985797]], "G": [[0.09842542394931367, 0.09239487042333949, 0.19216258685626045, 0.20376102680201288, 0.05053058794467046, 0.029783328490897057, 0.014678829438657079, 0.1324554492465752, 0.1353214893930796, 0.05048640745519406], [0.0641205515448356, 0.045336806661077284, 0.1836336911254498, 0.18316208743270684, 0.027707260706980083, 0.05437647400892118, 0.026222650578384778, 0.17042879036060007, 0.1650328920053014, 0.07997879557574294], [0.07404948503734803, 0.04996425706663777, 0.20089739282427838, 0.1981186583340493, 0.04783630796444894, 0.044235668165096345, 0.05184352899181612, 0.13602314300169963, 0.13884372975035478, 0.05818782886427079], [0.20823368128187378, 0.0669804391066899, 0.11682818509928528, 0.10648373857487788, 0.11893044884057312, 0.027219173194912752, 0.013657584769118316, 0.1533140917940417, 0.1487469007243168, 0.03960575661431071], [0.14705901020445514, 0.1101097719169619, 0.18347087898323428, 0.16424690870461064, 0.1321827205430052, 0.04795291566339659, 0.04024696843717298, 0.06049218509142669, 0.06022803656610064, 0.0540106038896359], [0.05848277737131831, 0.0450518898709608, 0.06591891591341068, 0.063580734391651, 0.04968225422176297, 0.03491606842375352, 0.02759898373177286, 0.3116673393917543, 0.302173627832979, 0.04092740885063681], [0.10040348436050177, 0.10730684061998663, 0.21992381006068895, 0.21203172231531572, 0.14401251871951012, 0.04069856789851358, 0.033557415338364274, 0.033699338171914034, 0.03216206410379029, 0.07620423841141437], [0.17478225799278188, 0.028646630937996173, 0.394665278742666, 0.27897499077329174, 0.02763121125746251, 0.016372470226735436, 0.015598193565463521, 0.016467366249255346, 0.016521660312977044, 0.03033993994137063], [0.05915845600440413, 0.0599257003841538, 0.1953630369072372, 0.20048470812399527, 0.0420902762301693, 0.06636572533936642, 0.04622573575830757, 0.10819833287605017, 0.10089112421387379, 0.12129690416244229], [0.20013889399337736, 0.12050113867492947, 0.12490473377445271, 0.09267610501724967, 0.19192187785237783, 0.02790038345295051, 0.022300926217703534, 0.09186703661496166, 0.0903903591422595, 0.03739854525973778], [0.15085412861334344, 0.026955822825091524, 0.3243944160254693, 0.2589352500987979, 0.04053286555035776, 0.030644323560220434, 0.01699690519931452, 0.04925243310362812, 0.04967914813499613, 0.05175470688878084], [0.17304198372242366, 0.1017997236456114, 0.11540393984304839, 0.08218931989236407, 0.2102205063974028, 0.029761221057159747, 0.02456074665486047, 0.10291320505307396, 0.10698742184173275, 0.05312193189232262], [0.10482237680113374, 0.09758251943270804, 0.15359414548941552, 0.151881399906423, 0.11067482669049979, 0.030950302781565804, 0.024030915558788106, 0.13840101292775725, 0.1322375402281209, 0.0558249601835881], [0.07634504672454766, 0.24217334867712287, 0.11367256326519652, 0.33787129279796896, 0.02359084896916337, 0.03115657830620174, 0.08612163681674069, 0.02851636010815537, 0.0258119953366685, 0.03474032899823372], [0.04493330924199086, 0.021778283829902365, 0.08131147883270673, 0.07207544459761729, 0.040948178060777884, 0.03498212988569882, 0.02598194097490368, 0.3085443872478807, 0.30609605805654966, 0.06334878927197227], [0.24038076339091768, 0.05265419187758644, 0.21280062176477324, 0.20789167784331397, 0.13417214550900092, 0.018112629626754796, 0.009650409434605286, 0.04732132148438654, 0.048375673211570415, 0.028640565857090138], [0.34664157902733617, 0.07338860278515816, 0.09543471891654208, 0.07260660701947884, 0.1987450376072732, 0.02359931841064263, 0.02528826802108514, 0.06753820840737922, 0.06823574321800148, 0.028521916587102587], [0.24353617455069587, 0.06635420854383842, 0.0852041734460805, 0.07875770951549332, 0.14866404146403314, 0.036595185277530945, 0.04827695248142343, 0.12721053027448895, 0.12396673715917567, 0.04143428728723976], [0.09335172280471987, 0.10099968990742696, 0.08873965336478824, 0.1115283974693554, 0.08762830325710279, 0.0346367526844401, 0.03386125316374638, 0.21234797645782957, 0.20158881963502046, 0.035317431255570186], [0.1636927196736535, 0.12745642592713516, 0.0888813910169944, 0.09613333318854504, 0.13646299694884856, 0.06124474389255726, 0.06541965980801526, 0.09578727706110723, 0.08968785741709531, 0.07523359506604846], [0.03522222244611422, 0.02159819853219885, 0.09463468889272526, 0.08991142052208576, 0.08702698526605174, 0.01555129124105816, 0.009848298000747496, 0.3089724519842764, 0.3101856489417913, 0.02704879417295074], [0.11523584729305418, 0.10090602245317377, 0.12968344223791073, 0.13536698393658625, 0.022830851943801675, 0.032545080708125326, 0.015582482152861779, 0.20140798557473902, 0.20199050464702142, 0.044450799052725455], [0.11716864393594001, 0.08097785492024535, 0.2376066831690456, 0.23598018549909347, 0.08610182296716794, 0.029463566304465547, 0.024633362708172873, 0.060247359583069635, 0.06222189612261225, 0.06559862479018774], [0.24104554580956192, 0.03937367703689145, 0.3610652923477713, 0.18850551296946924, 0.03505439978238202, 0.022693614250111592, 0.011170889785559052, 0.023269864051068175, 0.026654780562369817, 0.05116642340481501], [0.1566362787282195, 0.02938099410817896, 0.1807272548454201, 0.08628119685398376, 0.13564525244650724, 0.017454440136514506, 0.026373920416561312, 0.17593146853057873, 0.16587454776091698, 0.025694646173118504], [0.24907513562146935, 0.12589262036074542, 0.14378914203488735, 0.1172164875360281, 0.23893890617295616, 0.01780308481083407, 0.0151464039231024, 0.03585757071748254, 0.031522853111225727, 0.024757795711268925], [0.07057117281111379, 0.03519078705005746, 0.10437130852463977, 0.09706011010126558, 0.11805161893712895, 0.021908374675416738, 0.01314875721638226, 0.25883132126004577, 0.2568347575124589, 0.024031791911490942], [0.16323520123872634, 0.19371803778456068, 0.12353951528061619, 0.14258553575162783, 0.04583914258419312, 0.07888852626652211, 0.03381439674730098, 0.06250938428671544, 0.0686743927070011, 0.08719586735273605], [0.06221294638746497, 0.07105606284214665, 0.1110081965315307, 0.12248185411269552, 0.07078239535181913, 0.03403809241985153, 0.026441921918640972, 0.23532421152817357, 0.2329566318040261, 0.03369768710365142], [0.11490760497027859, 0.07814024996373425, 0.24092026985234843, 0.23164208116042173, 0.0706632926968356, 0.030000181246023674, 0.02448202423342241, 0.0842458917654199, 0.08895851008872745, 0.036039894022787934], [0.07776359518308913, 0.03295182494369584, 0.34005682179257934, 0.3308868574658169, 0.03525635279832804, 0.021701403677677013, 0.018423376836422437, 0.05516788475722247, 0.05466625345774035, 0.03312562908742837], [0.11405731969631235, 0.13238454638521363, 0.2476824425682228, 0.22844931484099246, 0.10992468853212883, 0.02833232929203379, 0.02049707318977924, 0.03968241020530615, 0.04293835739877722, 0.036051517891233745], [0.14939077042161353, 0.057158373205937495, 0.10649100499208754, 0.0642730276098333, 0.055025017650237845, 0.07989862333823392, 0.08761090345634659, 0.13950893161889769, 0.14320755546795086, 0.11743579223886112], [0.13960239551758422, 0.13639411930849668, 0.21872870826771323, 0.22382910313585538, 0.10439583427070888, 0.024045589634462898, 0.016538588427489127, 0.044453024398902884, 0.047081226413931296, 0.04493141062485512], [0.15853723255907698, 0.07053159388924136, 0.22901079176745892, 0.2081224069196822, 0.09857279206338132, 0.028145373765836982, 0.022989559090319234, 0.06553777151033606, 0.06869524936248682, 0.04985722907218015], [0.1406347898716556, 0.11910766976861048, 0.10335034751574719, 0.0952765093799898, 0.07999951913086419, 0.018967384742014422, 0.01979530453910812, 0.19108282899678042, 0.19556353478617008, 0.03622211126906017], [0.0432616975590036, 0.057917946799267546, 0.3122637417830324, 0.31729726388205104, 0.046883059032076256, 0.02159661452121128, 0.02685235290815864, 0.07011898803990763, 0.07542743289500575, 0.028380902580285854], [0.1071282402529828, 0.09156028832201116, 0.09978976524148069, 0.09769387107739923, 0.01902418433750455, 0.056812504491238626, 0.023169747064473705, 0.210936197810692, 0.2091465244096803, 0.08473867699253707], [0.04570698984005963, 0.04609943848743871, 0.24166466104605466, 0.2429574013828269, 0.04503231746600769, 0.03346823680653947, 0.017216348036868633, 0.14694772936200506, 0.13945183546794257, 0.04145504210425715], [0.10701703704451096, 0.12423439306817152, 0.20469244879429224, 0.26154865297326, 0.040100284000016, 0.01516464800137583, 0.022341927363555586, 0.0995836701149221, 0.0955725739983321, 0.029744364641563943], [0.33743245181951353, 0.301284514322771, 0.04205518045984784, 0.042239806196599804, 0.02898243812297524, 0.016164237435707444, 0.012903708820556688, 0.10119999699896971, 0.09322386462193911, 0.024513801201119872], [0.10634740833906034, 0.05437369301553996, 0.13666345810383385, 0.09406833452681557, 0.03176682732636663, 0.11216147643248582, 0.20743377303553914, 0.06804425739180546, 0.0714963346916828, 0.11764443713687034], [0.10393253069242916, 0.07681785657984389, 0.14929480883085952, 0.13699933454462498, 0.025102168162180607, 0.04105774422324302, 0.048398498144160244, 0.1754584904409894, 0.17638952389321785, 0.06654904448845105], [0.06406249692887478, 0.1038166712524033, 0.2717772023010106, 0.31307706536340957, 0.04468754250524232, 0.026934374160256784, 0.02207020994529411, 0.06031862186783201, 0.05598261466032312, 0.03727320101535269], [0.1154315490896623, 0.12885392658836334, 0.048093282723191653, 0.05268780332372562, 0.026758093467348004, 0.04070866523041252, 0.026324003002359465, 0.2462469752015019, 0.25781058236849824, 0.05708511900493673], [0.17931095173894973, 0.16067187887877157, 0.16559989135569092, 0.15035148588237607, 0.17925667939149692, 0.01902762172485194, 0.010380177353404452, 0.04714125681468676, 0.04845963149358477, 0.039800425366186845], [0.29852282060190577, 0.2772971916392146, 0.04876277735724405, 0.04303194890936564, 0.04982865464366004, 0.07158155711617191, 0.036843285470506026, 0.06282744139104271, 0.06219325185695925, 0.049111071013930474], [0.057231778170319714, 0.15047491679791156, 0.05522759404416688, 0.11191966378391274, 0.025517146930301157, 0.1060060400254517, 0.33156864213934, 0.04114530313252146, 0.04320807346382925, 0.07770084151224518], [0.045693528266521434, 0.03289531287813009, 0.16464540363668462, 0.16204996275961528, 0.02833805183207148, 0.04060893025685384, 0.04897315992246026, 0.20943666445955222, 0.20306101798725834, 0.06429796800085225], [0.22747007569410363, 0.20006764967165735, 0.13800169759148367, 0.1476689581965798, 0.03608092774580985, 0.02878030505561634, 0.015262919641158052, 0.0834682074939607, 0.08574462440006475, 0.037454634509566], [0.1859771952293527, 0.15286899997617653, 0.1478869081379275, 0.130124983461426, 0.10320607879857167, 0.029852661960804272, 0.018693268609919714, 0.09219887346742331, 0.09327344647740599, 0.04591758388099299], [0.13037163555537556, 0.09618403077491615, 0.10924639483293509, 0.08500540445134631, 0.07006537372371248, 0.09835246149837264, 0.18236574724041982, 0.06608021729485286, 0.06730308861017692, 0.09502564601789198], [0.10751796469240259, 0.030920224622412867, 0.13811986032874388, 0.11029501768705216, 0.14584147701674993, 0.039340623820861065, 0.03389672205360797, 0.18517708864334145, 0.17011381346697682, 0.038777207667851255], [0.19067532254349248, 0.10837856918690787, 0.08642890016557572, 0.08562240686924384, 0.1298611484371028, 0.025386993759827465, 0.020485883827968867, 0.15661417893836171, 0.15814834958287582, 0.038398246688642994], [0.074532046034307, 0.043563006960218933, 0.12643509542516712, 0.11970126995945986, 0.04174890803736572, 0.0272416356703808, 0.019457697562768418, 0.2576702087926312, 0.24603900890036476, 0.04361112265733631], [0.08930081589971318, 0.08046752198696693, 0.08135178361524148, 0.08616303365375737, 0.05445619589775052, 0.039583669243305586, 0.017106577193727133, 0.25216928269582944, 0.2411884930677487, 0.058212626745959936], [0.12886589430766066, 0.06330491954683773, 0.14676597616403525, 0.1360239475316033, 0.03686053858994966, 0.03095722233275242, 0.023749809621810412, 0.1958209182906422, 0.18742293605236562, 0.050227837562342385], [0.0377528457628599, 0.03345561238359013, 0.12354798468799372, 0.1316153859096353, 0.0758895454329619, 0.017486139436634518, 0.008789919840927425, 0.27643647548296346, 0.26962437577037307, 0.02540171529205992], [0.057112642078742545, 0.17474724088310042, 0.10781502571709227, 0.14474212687272503, 0.051443966036316686, 0.08082620486043247, 0.040924599639464064, 0.09650426558591484, 0.09257197550259233, 0.15331195282361962], [0.1271842746088555, 0.14739919129964946, 0.058285759557220304, 0.05282757930530669, 0.0906942320870583, 0.03483014594010378, 0.02131676259624696, 0.20795104512306714, 0.21195349199446423, 0.04755751748802759], [0.07350199730063905, 0.09163798469512476, 0.2586012152679736, 0.2832288105786276, 0.11069166280741567, 0.023121850169441124, 0.033134628740493506, 0.04431545585536108, 0.04233555761703662, 0.039430836967885956], [0.08766952352267908, 0.13070344974011525, 0.08919639361372277, 0.1642875678392205, 0.044789895508466966, 0.0428860418103405, 0.04827767953886258, 0.1645293169769638, 0.1691400841737383, 0.05852004727589012], [0.09634706670533087, 0.05453052755200525, 0.09173740630352124, 0.07909863883985056, 0.20061923849354682, 0.018952752005424896, 0.015197195568660752, 0.22243458287590678, 0.1937501098826212, 0.027332481773131453], [0.16999252166280182, 0.15110819539716389, 0.12814305729902492, 0.12101603084934379, 0.05138659195501902, 0.059492384198889164, 0.05403169199869556, 0.09751405077013704, 0.10323587941630842, 0.06407959645261595], [0.16775089689411188, 0.15673576017605356, 0.10341507788340851, 0.11241472618079759, 0.04090079750688449, 0.07657750086349976, 0.028355713401294246, 0.11642138162420226, 0.10532484585475417, 0.09210329961499414], [0.14908190850809805, 0.10941295756802459, 0.10602993581673743, 0.09066454073346841, 0.0540411322961572, 0.07342787047181622, 0.0698449395324449, 0.12046283067965936, 0.11821791905083744, 0.10881596534275646], [0.13223196379536656, 0.11328774024136799, 0.1464550801258026, 0.14844548591438428, 0.06419872288233726, 0.04951608075882985, 0.029026875586465682, 0.12091117796612881, 0.12204005778428283, 0.07388681494503424], [0.09583078624437534, 0.08675845805813809, 0.23695775957281068, 0.23648859856500962, 0.12414447430894884, 0.030402672927908183, 0.021684186297403193, 0.05089534851401386, 0.05612167662784596, 0.06071603888354654], [0.033671252586746886, 0.032148893474891735, 0.2817455691928548, 0.2869315187558697, 0.041675618607986305, 0.022461377103815707, 0.02532815675645844, 0.11658621633218733, 0.12566222563533425, 0.03378917155385441], [0.050835521299341505, 0.07112098162966127, 0.07785055533071063, 0.0887706568280057, 0.18956883999553042, 0.036729470055728304, 0.031188891870688375, 0.19829865581390863, 0.20379038786363224, 0.05184603931279287], [0.13339268849234612, 0.08071310900593523, 0.22710942150233077, 0.2120580118685812, 0.11511068906823559, 0.03608120969943075, 0.03024478819616644, 0.05936939294146325, 0.05883362680837709, 0.047087062417134], [0.04984142630003987, 0.027120440397415704, 0.0573209303512058, 0.04733405045502548, 0.2651593968318748, 0.018609719039298877, 0.014475253630809662, 0.25723665140825563, 0.22839461961845853, 0.03450751196761591], [0.20897392318615138, 0.12973142919323308, 0.1807367487346672, 0.16510763551720875, 0.1382587806751208, 0.03506926436699414, 0.029667781299234572, 0.0323305494025246, 0.032374341347153224, 0.04774954627771229], [0.036956037895174355, 0.0467922539487742, 0.29091107035605457, 0.2799614715258191, 0.07773061944095255, 0.02427140004921155, 0.021485206480488156, 0.10306792752469264, 0.09568147580881627, 0.023142536970016676], [0.09926398316635417, 0.0312331235697599, 0.17094965553501743, 0.1499551206115375, 0.032111064801493214, 0.08369809413623021, 0.14126402918406572, 0.11136844768469241, 0.11102707378209306, 0.06912940752875607], [0.05579828177687063, 0.04939212863294393, 0.030649627064758204, 0.03245274052476759, 0.049583995728325544, 0.021921327977421523, 0.02413125994817564, 0.35488064906550926, 0.3368639470455926, 0.044326042235634605], [0.16816944559620295, 0.12164534361057538, 0.19560910236111825, 0.1619087980312386, 0.11281578240954103, 0.030128698550209224, 0.021797036832521665, 0.06402446918473274, 0.0741531740336421, 0.04974814939021844], [0.23896869109792318, 0.16235743754412446, 0.16723968924567245, 0.13171825481106658, 0.10521358440024921, 0.03209221753687005, 0.03273108586696453, 0.04191528734042382, 0.039656043203955466, 0.04810770895275029], [0.15903758421537342, 0.20177661955710913, 0.16448263615827027, 0.1881618547497582, 0.10734040935606762, 0.028399179119032825, 0.027760266306319507, 0.03722278252185947, 0.03828543266739548, 0.04753323534881366], [0.14262117526759716, 0.03221821280158811, 0.29742548715922756, 0.2222317630288102, 0.04856339511980662, 0.03144932874331352, 0.031915348525554985, 0.0748292680899246, 0.07618315115802503, 0.04256287010615207], [0.05202333633869223, 0.060532648129421704, 0.3032123878879646, 0.3110877406613876, 0.04201803708222308, 0.03461499217483568, 0.02382366602274282, 0.049678138102940236, 0.0509856771647133, 0.07202337643507815], [0.26864823243724506, 0.22470070352723673, 0.10350358275950772, 0.08899590192716973, 0.014685627408901381, 0.018572803217169205, 0.013941459875921762, 0.11651008792451868, 0.11724929657729143, 0.03319230434503827], [0.07263042349403405, 0.0705668034284783, 0.08526918592616037, 0.08649153684705846, 0.0322683342779182, 0.039896305340282344, 0.032035088278186984, 0.25950323266038977, 0.2543274521462532, 0.0670116376012379], [0.1981017425335143, 0.10886392686428713, 0.22528050364197227, 0.166633839804962, 0.05556068782978355, 0.03878420854742358, 0.018528259217575508, 0.06004352298201475, 0.06716489656994401, 0.06103841200852324], [0.12557893373028875, 0.06807529618547412, 0.2616956259366002, 0.24326601199206063, 0.029526243302203832, 0.048473321910439265, 0.04152518326191639, 0.05782686491450017, 0.04489026796951827, 0.07914225079699805], [0.09784290382540417, 0.0647848674892058, 0.0574984731249955, 0.056459511539634515, 0.03842420161119352, 0.028715671884269618, 0.015892611031903554, 0.30232915050252085, 0.2959343632736937, 0.042118245717178586], [0.12849889107255735, 0.024403896166804388, 0.14754497674760186, 0.10886548514872525, 0.20718506838066011, 0.04381982415960577, 0.02633482556758791, 0.13150147349370228, 0.11117293414088697, 0.07067262512186821], [0.05526978337156908, 0.06223868240176367, 0.17445819477213814, 0.17699634293285987, 0.08311441973983003, 0.02930657692189076, 0.02321750829188096, 0.17681567364310471, 0.17183642781591266, 0.04674639010905044], [0.042544384007804505, 0.2080355614367763, 0.15636549065882926, 0.33623747158995393, 0.03476809480030962, 0.02579495751803134, 0.03471288964205186, 0.061835731625903355, 0.06864088223405405, 0.031064536486285998], [0.11475785989156231, 0.07125732537333461, 0.061368708453789375, 0.04433912252024074, 0.3826324610873818, 0.03850438958498967, 0.020432316394413803, 0.09790761803451291, 0.09050119725360349, 0.07829900140617146], [0.11331997098504876, 0.23854861725461302, 0.04865650058918645, 0.21327066673711415, 0.0720147562017436, 0.047129661072148776, 0.06107071404646975, 0.07996254862837002, 0.07078642600011109, 0.05524013848519511], [0.06694039546447941, 0.08518482566399956, 0.1185803855860524, 0.1313507866625287, 0.03639816514528667, 0.04641738898405402, 0.03273007829355399, 0.19796029930641712, 0.2074469207999322, 0.07699075409369548], [0.07741740708429225, 0.05456062496026901, 0.2831427232855995, 0.26652394884057273, 0.06508199109432479, 0.023964245980751708, 0.01978304962829234, 0.07869240729421384, 0.08618766574518445, 0.04464593608649957], [0.06074251418179306, 0.11122485202911199, 0.2102653469890038, 0.2558639688033691, 0.06824479823632151, 0.027842989152246492, 0.020893092805372233, 0.09148339391040504, 0.09359042595814657, 0.05984861793423123], [0.029056014137717374, 0.02501665571076221, 0.05475244409220506, 0.04768913225833043, 0.027327673409622517, 0.02135657375950561, 0.019167407902489587, 0.37027712749697944, 0.3742848058496899, 0.031072165382698143], [0.10314983651223268, 0.06657189271797548, 0.19344199130158812, 0.17056344509269644, 0.07790490332648967, 0.029324974067426752, 0.03299302456051621, 0.14343466071678546, 0.14614534227743378, 0.03646992942685532], [0.20360447172570323, 0.24494999826923233, 0.1042517914801721, 0.1582239213966516, 0.03628414433413042, 0.031292385737919926, 0.043148659213993155, 0.06174446822686536, 0.06658167493681848, 0.04991848467851312], [0.07439010398393717, 0.05964837469238475, 0.3054039771544016, 0.31184144146699533, 0.05022992924832756, 0.04135960522993416, 0.020895362433223746, 0.03254369626718877, 0.03242643024189999, 0.07126107928170694], [0.06679204516434284, 0.06640207603680731, 0.12075197930338855, 0.12185880795375277, 0.04911260327242375, 0.06556364054616054, 0.028344166175646557, 0.20067320308889536, 0.19647231526688472, 0.08402916319169729], [0.04933011188355082, 0.03839927451535178, 0.2807991001460947, 0.2828521529983964, 0.04946985303257541, 0.02629072988929113, 0.017500030701162298, 0.11235726204395621, 0.09998430323264194, 0.0430171815569793], [0.1344898219739249, 0.0533668397908357, 0.07537993973871655, 0.03508479084222829, 0.2312833182709655, 0.027987614319162888, 0.01609321802994174, 0.20283918869470183, 0.181949262303119, 0.04152600603640401], [0.09490454855535223, 0.08256164552012814, 0.2605947106558981, 0.25615228130956624, 0.07808847149929374, 0.023250101616843426, 0.014820880300578737, 0.07721096297404476, 0.073176612235849, 0.039239785332445105], [0.12006382769435937, 0.1538087232618165, 0.16770744323239703, 0.1670528345915154, 0.08637272121054758, 0.0271846411882007, 0.023561813847214595, 0.10692605507314021, 0.1060634626329535, 0.041258477267855594], [0.12815263385104006, 0.04288076770500671, 0.20352115851601763, 0.16394408636849225, 0.15934163019476624, 0.05128978245537456, 0.053706150119962576, 0.06406329147944455, 0.06819808213666757, 0.06490241717322764], [0.11156570794677435, 0.09495173109153661, 0.0833731024068451, 0.08636299863150297, 0.15981395392999126, 0.03536099079675681, 0.03635692864550014, 0.16104024387009172, 0.16461777653510717, 0.06655656614589413], [0.038147550146702014, 0.04094501511525495, 0.34987655217869446, 0.3462413319399492, 0.027385669355718307, 0.023786160258554814, 0.021525038170019835, 0.05576170665315334, 0.05577501871230923, 0.04055595746964372], [0.04864284064812643, 0.046650915667025596, 0.298641454985509, 0.303032341231112, 0.04142414294192504, 0.03390666972422012, 0.03390751230263337, 0.0566952425001646, 0.05845800594042546, 0.07864087405885835], [0.08033084719485024, 0.07150273540902913, 0.15738437605604758, 0.15811882494541754, 0.06611019073393155, 0.029490433126768523, 0.015588393104471791, 0.1967335708592455, 0.19012594639352998, 0.03461468217670827], [0.227595834769459, 0.23183459831426215, 0.15835650757827352, 0.1725918227795667, 0.02369046618152904, 0.02111440710671592, 0.017352009288845022, 0.049527615320326526, 0.059271136962336594, 0.03866560169868579], [0.18080126819738074, 0.1351912617093237, 0.17658178083151588, 0.16060599624710817, 0.12295023245390913, 0.025596362915740904, 0.03543169172166463, 0.06358448697004616, 0.05989531472588196, 0.03936160422742889], [0.05354993449708336, 0.0476807597609841, 0.09781360563751444, 0.10192104091563195, 0.050864271976171174, 0.0298