{"estimation": {"a": 4.447840776946285, "rho": [0.0463568276905555, 0.05626436736329189, 0.11225479046852567, 0.1410933664871452, 0.11957948284511882, 0.11210429287847179, 0.07989330753727765, 0.04240400910865502, 0.1448954050878492, 0.04540493078046583, 0.03781746309536595, 0.06193175665727715], "Mu": [[0.33910912524769715, -2.126024474741542, -0.908904290521721, -0.09107475519326085, -0.07822285879080587, -0.3086924613811352, 0.8732900290127977, 1.0553007580565466, -0.42917727193987015, -0.4214596173874577, -0.1375487913293147, 0.009309525049210109, 0.1215236675636458, 0.36289586027260573, 0.11768263340791314, 0.796270268530343, 0.004521036326322658, -0.0013012633673172278, 0.06927058850447829, -0.2868652628957642], [0.05288590661521909, -0.5093880959153451, -0.5499712813562616, 0.22085662900081918, 0.19203423070124093, 0.510913052185614, 0.7294146364701289, 0.9959446576364075, 0.40158323749485214, -0.0957017919817935, 0.28536865085041246, 0.4815863087209963, 0.23455858957659897, -0.04116421916261539, 0.19805818110694812, 0.6439661271810685, -0.9862144502569005, -0.3383115695608035, 0.1784738751194634, 0.15266084757530526], [-0.05578664635498781, -0.7214214330962692, -0.1276425405217372, 0.06455584452508503, -0.8184600473902544, 0.04382380917462308, -0.02147696814428854, -0.4503670077661763, 0.22271625967689193, -1.4498170101985386, -1.2556926067301433, -1.187109941437853, -0.06191686955629023, 0.35729198687447594, -0.902974952987554, 0.4577125687750556, -0.6940134153875533, -0.7512262386116296, 0.14905740928425945, -0.9326347519236543], [0.4859188539434653, -0.7294218584407126, 0.7574216198797834, 0.47486745043324474, -1.3513531449712326, -0.04423723953116266, 0.3034376078265357, 0.14989820932823483, -0.17803652990764915, -0.9106207582363777, -1.00173255440204, -0.2032852648096501, -0.05134570705131699, 0.17606367698600792, 0.02649341197350975, 0.8454099673754308, -0.8223368724089835, -0.7736180994217285, 0.23815832337401943, -0.7797707451274297], [0.6476960540343368, 1.4017915114697042, -2.545578208002249, -0.18959701455953915, 1.0797684314802727, 0.14178055977740203, 0.8272890820536796, -2.3440157510454807, -0.021220774277918557, -0.9374776063845487, 2.123008688561484, -1.8702166318725202, -2.1361493486639764, 0.30110109209870745, -1.7702442993771403, 0.7584339631644585, -0.722980287071705, -0.41949793920433576, 0.49197643527378565, -1.3340212154031024], [-2.0040542116380857, 1.400349601192747, -5.231684387376418, -2.8243128188649096, 3.2192568913012467, 5.884651325113896, 2.697827866566193, 0.6182762175366227, -0.42023501071590474, -0.8098129098017793, 0.3853690811976975, -4.053744721155569, -0.006843693419211636, 1.0170292007820325, -3.3266340877940097, 1.5446290983840556, -1.267538881384049, -1.3793375838158992, 3.9003488651879867, -4.6239794875568885], [1.3680660846818797, -0.26163906999368797, 0.48968998137522707, -0.7747873132991798, -0.10375067690681819, -2.2349996227500886, -1.4527608778233252, -0.7315684983255158, -0.4109936755576299, -1.3103475395651536, 0.03601045950389085, -0.4905847101214747, 1.8252562236503458, -2.2193097693272703, 2.4706536371594687, 0.050494215832595994, -0.3993880086083458, -0.6975234816566226, -1.972291712006384, 0.839106561721731], [0.47408341734028936, -0.06908101787128736, 0.3781221502770694, -0.9722820258806536, 0.6807036397847526, -2.4696305969615078, -1.8609700071041546, -0.6078394881090097, -0.5456435341345122, -2.6155187303353626, 0.08084781633956946, -0.6961289352962762, 1.9172460122971535, -2.7430813196002335, 1.9473507756888164, -0.14814931312616972, 0.18996207236408857, 0.09200500702064555, -1.3887058882597187, 1.226265248673634], [0.35873346850306165, 0.4919003391935651, -1.9633834878030139, 1.957206776233088, 0.9998837025728003, 0.12410657813791007, -0.5240042280301214, 1.6115470873667235, 0.9272617607459813, 0.6647975098029136, 0.5509425158816801, -3.550492825305355, 1.1102096442212779, 0.6354271977031131, -0.7624793804080627, -0.3645023226196749, 1.4942145558868833, -0.5421064127407181, -0.6963643476049242, 1.4653464854437448], [0.8317670076441158, 0.14085412173841635, -2.0785767000852435, 1.5536077515056284, 1.297571521826746, 1.3495888137366483, -0.715076718076226, 1.5461487080434222, 1.5333924134373023, 1.6127862376822764, 0.009578186506410543, -2.666340827505451, 1.0551430770601768, 0.2808122215938442, -0.7977090339303501, -0.09320472578283913, 1.674757593285304, -0.39235022516382806, -0.8906541811794699, 1.482080393456723], [1.4990883322046005, -0.23925615355085972, 0.19283490926488256, 0.12423996506530587, 0.46849565852012387, -1.2921124069064356, 0.14439693447287238, 0.0023423015651211454, 1.2868414407820996, -0.22482726330341382, -0.9813639563578701, 1.0084734061092977, -0.45252129434059823, -0.805899344381985, -1.2689176874015666, -0.2759179219258125, -0.2994405413017648, 0.2670908286857578, 0.8438735185695365, 0.4873697110718642], [2.0610583108959015, 0.15087538771993, -0.189809623441909, 0.9352035967018105, 0.09767640964796424, -1.8630408178948552, 0.2603667761079892, -0.1786433518765511, 0.9338101765939423, -0.8025354578282681, -1.1697760193383693, 0.9215207506581387, -1.3409019387945953, -1.674978290026487, -1.875882549184451, 0.5030554795070122, -0.4642701173771843, 1.12463957653939, 0.42865966319153653, 1.0890200227788296], [-2.444425027627359, 0.6739503809800894, 2.528738478854313, 0.3004349325094785, -1.088082590528126, 0.15910538000683386, -0.11507958553932744, 2.760544825890646, -0.3944721223137833, 1.0491695076758378, 0.8985175220315882, -0.04591820072071954, -0.9863432682576324, 1.274120345135799, 0.7163988137537541, 0.04426163233753411, -0.87787091615438, 1.56932967771592, -0.6333258643858865, 1.4070340117103484], [-3.121366949013076, 0.39127954392967457, 2.5063146579254987, 1.3853294170280892, -1.40010682504819, 1.3363118825751419, 1.213936241902445, 2.0608681124337043, -2.3640267606298164, 1.728645135702723, 1.2028760880184581, 1.935682073586719, -1.1264820400474942, 1.2379832757412352, -0.329861465227053, -0.33650457701608233, -1.7163203708583057, 1.775147110571201, -0.7413037293416458, 1.5108900294279837], [-2.0544296812066283, 0.32298535929476596, -0.4649510490013073, 0.38240165513639207, -6.3676179047338985, 1.689101970017503, -2.0181794206679933, 3.4343822264099475, -0.22221099450214238, -2.46752193058574, -0.051946003701540205, -1.6870783834876844, 0.8365431525307704, 1.6774722699381188, 1.0728723542221037, -1.195779146110841, 4.038264322949491, -5.951129600182883, -0.7889914714976893, -5.322332970309401], [-2.730725344948689, 0.33770952399826387, 0.7234628633283923, 0.12037067484047488, -6.825687230048589, 1.9179608542925295, -2.401134354554896, 3.820954981118002, -0.5192945259702147, -1.7410744155542703, -0.8480097240073118, -1.8298120089433065, 0.13564718732463696, 1.5758660498088213, 1.5381745967222271, -1.9052858417748118, 4.38267052263225, -6.341928891047517, -0.5460811936014931, -6.006772608560998], [5.200659295046054, 3.931564346190854, 2.1745990405689843, 0.5185800300955071, 1.3153778005025025, 1.3837230678543748, -0.7200875646116165, 1.593501934029913, -2.0131927140598282, -1.9734073267083037, -2.978203781774997, -0.5759885621667551, 3.832556695643954, -1.9241905312391763, 0.4882704695260668, -1.5619632635131553, -0.012466671010005826, -0.9721054724625459, 0.4491325238530913, -0.815017404155054], [4.573205298433074, 3.254994564362786, 1.9375167695411724, -0.019856145322268027, 0.8067118060039741, 1.039705009054144, -0.9182257628104701, 0.1336217850572323, -1.4040384949044216, -0.9591195868556694, -2.3256635811953212, 1.0709461501427833, 2.018023812148987, -2.196428130334229, -0.12049281030413611, -1.831421166967089, -0.5150119687946154, -0.9927161507671619, 0.35379450065202084, -0.28908739779183035], [13.517859589006676, -3.329316050895079, 3.5597817054947285, 1.1405877428073747, 3.3039298764539464, -6.05404656270258, -2.719896859093318, -0.2835327013707057, 5.9736024266815075, -3.7884101850383205, -0.6713691670050024, 0.46868973523798585, -0.6326881857814795, -1.8020345714757717, 2.8516009675608895, -0.25106036719355795, -3.090996328238723, 2.0042841511881715, 0.5556942154752854, 2.0600247853999027], [12.633667704828968, -2.4388120029801605, 5.150735937944125, 0.05812617836552059, 5.089248121677363, -3.6955002063062246, 0.6557344158829896, 3.7588139176354516, 4.454872385884264, 3.902138431596837, -2.1377395157422114, 2.1627780555975638, 1.8313736193236352, 1.2951192226125487, 2.242790578140667, -0.7984900549988043, -1.7215739364872813, 1.3283825777932878, -2.8684040025497666, 1.0678905320372658], [1.3495376351529293, 1.816784486435993, -0.44883019326797613, 1.9353495327731347, -1.4350219603574115, -0.29940956526140733, 5.475539878621681, -2.63584775500084, 2.7634572108738116, 1.6528529168621884, -1.2445655585213307, -0.5668546786137427, 0.3938981720314419, 1.9549731207636671, 0.88452822887618, 4.586416389641924, -0.21290660879731904, -1.1355340632199478, 2.124751866819037, 4.3539094248008965], [-0.06759597857948106, -1.1978047035043826, -1.4108349780533431, -1.15448627096771, 2.240092842933498, 1.6597663151218298, 2.6026297719246396, 2.714967377491115, -1.5944217039063648, 8.364277301596216, 1.952070336191126, -0.9453297627241095, 4.316141466512741, 3.912419847834278, 2.3925345746381272, 4.880735248404761, -2.499103743164352, -1.1578273861587907, -6.015156290736108, 1.5558203675750175], [-4.814054095599154, 2.714485550708009, 5.482249701672492, -1.3909261944947504, -15.240543898491758, -0.42687231244323676, -2.289775951733187, 0.9975602116876623, 1.6352842140642558, -5.705881361593436, 0.7133045823197318, 2.1616436318367467, 1.3856371561769163, -0.9014534573420308, -5.504499525640611, 6.17583082181408, -6.077749913449542, -1.5222658537524008, -2.1634561451913283, 4.523146688729535], [-1.4856879603351851, -1.0320256356946989, -4.731231292620525, -0.35871180040931083, 2.4334014106871034, 4.99573094331389, 0.7760637643174604, 3.1664387737324087, -0.14863945138295995, 0.9640903642637333, 4.999493514826761, 4.838710777650269, -0.8186723342605794, -0.5001123981832752, 0.8180065134047665, 3.957742500925019, -14.387102711082415, -3.996832730052222, 1.4838717615068404, 2.9833211779928033], [-1.1053821323684871, 1.677621857058104, -3.490824305209774, 2.5710556223070493, -1.146305438514534, 0.6717202305602898, 4.86643172405238, -2.1238697434855895, 2.120476753258633, 2.56098698374079, 2.254731794296157, -4.245887637914786, 1.563645770731092, 2.0169102390086677, 0.9323729131073595, 7.699389455578357, -1.0415490047951623, -1.4994280613715312, 0.8192579494046969, 5.986238650444786], [3.1538997865757183, 1.2451578641221737, -1.4071739239415786, -0.1634455207999468, -2.4817563783115855, 2.538884566546146, 1.1704518875164491, -4.624133598997928, 3.3596605305255642, -1.1130432372600112, -0.9148811391929207, -0.5397464270893796, -3.29347432876226, 0.4521782596082899, -0.4044445457076258, -0.8017597565984979, -3.6443477758196834, 1.5907809500533316, -1.8219873947172371, -1.1110618126270315], [2.391014573723638, 2.7397891036191595, -0.709720716603631, -0.49878444634609714, -3.1938683710518423, 2.988407102015185, 1.7860192118037508, -0.7296255179945956, 0.7561194690646948, -0.35917501467127827, -0.35627814325797247, 0.7734114076744228, -2.500539892904156, 1.7242017164905699, -0.2568225236222234, -1.8419701492505212, -1.4210278007604042, 0.33559675241835535, -0.20409603545827146, 0.8824838367895902], [3.486047521387266, -3.1128644271877075, 1.3077995681737489, 1.5780392869385995, 1.0664320945307622, -1.166442753148562, -0.2805376522356677, -2.519620226050464, 2.769113803979786, 0.37395096296985486, 0.755155030945976, -0.17300989281038448, -0.7598436372795517, -0.41088795105413084, 4.671897528550482, 1.5495068126022362, -3.273056875564866, 0.6760133102264938, -2.997849122307337, 0.08825055402386382]], "Lambda": [[0.5076540293284565, 0.43857133602233234, 0.493327204302035, 0.5479641358514908, 0.5386789855259788, 0.4924046079324543, 0.48082798515554953, 0.47479196361081455, 0.5039145053734623, 0.4702267063512679, 0.5170304566846113, 0.48168906268320155, 0.4969961803874415, 0.5120128442476791, 0.511388599746682, 0.4445802678120502, 0.4850043827858476, 0.5168230082714586, 0.5662656760254662, 0.4932987050446235], [0.5201107164939082, 0.46195064068797415, 0.5061322151359383, 0.543346296354929, 0.5180263406609042, 0.5005685572723901, 0.4660625065176501, 0.44041022596814206, 0.5454439859839461, 0.41009196229582323, 0.47306937717035497, 0.47774675933173666, 0.5341403223153199, 0.5139594676418004, 0.49643754669128815, 0.4432921161245257, 0.4833156827201843, 0.44677547505877063, 0.5298585837016295, 0.4905106944557575], [0.5215148372337718, 0.5343776425409639, 0.5116282698857643, 0.4727938515012269, 0.5056217229969386, 0.46998168667343365, 0.4085212091462079, 0.5401030031474982, 0.5203654406253337, 0.49511349083609324, 0.48034333605184876, 0.442257808955952, 0.5095486409443004, 0.5258362575839188, 0.4742123478020544, 0.5150637458752381, 0.493459891292259, 0.4602991843506883, 0.5415395077495934, 0.4825853473651593], [0.5294364133384895, 0.5020881872216488, 0.5212261754008667, 0.46916222039980243, 0.549096274736775, 0.49723111728742625, 0.4237206893783202, 0.5273598934683795, 0.5832232052770301, 0.4973159216637881, 0.49575734746433964, 0.49571519464352226, 0.5293401187128904, 0.5493148017971418, 0.5059444551698159, 0.4812653237587013, 0.48554761245874334, 0.473335086279605, 0.5303083405942741, 0.5559820711213891], [0.4771970231484151, 0.5258047079212227, 0.43582342532014595, 0.43997841395785825, 0.4703806324931086, 0.464819335902356, 0.6370812854056982, 0.49122236140290426, 0.4845483252734013, 0.34878556462351135, 0.5076813547760801, 0.5248599495103169, 0.6343558930646374, 0.5539029229822999, 0.5548093725266912, 0.5404150753360436, 0.49073628943933595, 0.5722722086937779, 0.4575294512326866, 0.4993993526012304], [0.43818759744775054, 0.48758223129516476, 0.30770455786745093, 0.4291177516897761, 0.7949038477036353, 0.6328654647909563, 0.6041745483153562, 0.46462794766269594, 0.6015285591703321, 0.26354541756550287, 0.5072017317744854, 0.7523139880303091, 0.5991815332412563, 0.5620339669932239, 0.602926703754443, 0.5896587264495949, 0.5448299595833704, 0.6294706833100128, 0.6754007116666583, 0.5851995332805109], [0.47724778959290043, 0.4848773419083471, 0.49668689829441093, 0.4997238542923888, 0.43534161980707653, 0.40238459542704125, 0.5826536424385574, 0.4934762526519064, 0.5204162061939498, 0.44377955706351946, 0.496571270080852, 0.4879419319500314, 0.4664698196136473, 0.5155527848873782, 0.5044385819266388, 0.5193993707789751, 0.5274926751328535, 0.5269231583090181, 0.47717304992434223, 0.5423932949705833], [0.49797486453624673, 0.5049132822071583, 0.45737361469365756, 0.495947815870115, 0.42793855748771936, 0.44877847706052265, 0.5284076978715052, 0.5053636648649797, 0.4922596121294726, 0.4408154811111263, 0.5415357814578168, 0.5084355295316322, 0.4608802142888948, 0.5602204811376856, 0.5630363731913309, 0.518558741477964, 0.5513234569971875, 0.47457306716711856, 0.45472003049872717, 0.527725233065031], [0.570182105496718, 0.48541017747788157, 0.5648507597255167, 0.5233890900513568, 0.5155902630921327, 0.474758617494179, 0.500627287728761, 0.5147103792241438, 0.4696603440832051, 0.38660166223881687, 0.4507531887599655, 0.34458917088711855, 0.4659807057579906, 0.4835252375349569, 0.4230127056823828, 0.5776748166398994, 0.4926781464611023, 0.41844586222014263, 0.47214302734169705, 0.4501044190467387], [0.566662821410156, 0.49965569962899414, 0.5385365248339532, 0.47156307642682643, 0.45262316450333107, 0.43308529624536235, 0.5288054688596702, 0.5185479809432023, 0.48590461468280927, 0.3802468557557928, 0.41028668176970995, 0.37689679140765103, 0.44182224721779256, 0.46799985093030344, 0.42595106122078524, 0.5871442865247137, 0.47877850503403735, 0.39671233586189963, 0.48687700700110614, 0.4025474360570462], [0.4343096256693223, 0.4882604118790874, 0.46027019631108423, 0.49298938894745886, 0.5140757923302557, 0.5230107910244023, 0.5833887972875644, 0.4216608414418715, 0.5265328621399037, 0.4810192249702328, 0.531750919110279, 0.44223958243387806, 0.4894892793060188, 0.5202138204879933, 0.5932928238214157, 0.46587936047284223, 0.4349579733916202, 0.510213504906165, 0.45188664720091426, 0.4753316262626833], [0.40671675288694203, 0.45411837685682704, 0.42500780951465805, 0.49602709500151454, 0.5158558086868582, 0.46906039902649505, 0.5859184194659024, 0.4172387502995298, 0.519328948281973, 0.49504580745759663, 0.5515191620445496, 0.3873239143045529, 0.5206235440330542, 0.5722319173038832, 0.6272246272081529, 0.4622915427755671, 0.3925318548936621, 0.5027175001264311, 0.5133594728746282, 0.4628339514212388], [0.5669233520320197, 0.4282684150569539, 0.46903362408536625, 0.5160182880819435, 0.4365291514009439, 0.5397864653059832, 0.48614446929850025, 0.4964414858035761, 0.4815100844724098, 0.534235601019099, 0.4713682049353644, 0.5310006265169276, 0.5474418786236813, 0.49011681200732815, 0.4620820446815657, 0.3986149229692215, 0.5880247414220294, 0.5278603923806693, 0.5252415122831597, 0.407805097783769], [0.614493588678669, 0.40744833392277, 0.5395064332537752, 0.47431169501742454, 0.38579828438622826, 0.6104190076856634, 0.47173231783627634, 0.5132332531119016, 0.48569588626391996, 0.5449973178358238, 0.4996905749223732, 0.48616484726019477, 0.5316676440828786, 0.49739161989792396, 0.4555912830479818, 0.3472504236320682, 0.5784543243147826, 0.47504034947506446, 0.5144647363248892, 0.38350477256226956], [0.465616125863721, 0.6443566848685015, 0.5410565242213599, 0.5504544063029189, 0.39200642987019285, 0.6275216525491052, 0.37348622147002114, 0.4456608616268828, 0.5125584778964751, 0.4553392442227699, 0.47771016188182025, 0.46577359735426527, 0.5308358164018074, 0.6073054282818087, 0.5228121913371996, 0.5493458882331194, 0.4979834477346378, 0.3146716419374575, 0.5197429240724233, 0.25999967102726085], [0.49695874621337993, 0.6463103066574091, 0.5633044716956478, 0.5664339064763668, 0.34666751999155637, 0.6581404531328763, 0.3445803860921096, 0.35918844277610495, 0.5402284436751783, 0.44840477438726634, 0.4418043152537118, 0.5002970537898227, 0.5005910944487295, 0.5892133084572834, 0.5388113332943874, 0.5064551264475977, 0.47727449893166335, 0.2825247833053018, 0.5332139326817422, 0.22032685089805634], [0.3418616936223878, 0.5152491133177504, 0.3876086715761676, 0.5652965139456058, 0.5225962402347816, 0.545342897720569, 0.5851348367888444, 0.47540282715880294, 0.4154470905221873, 0.518805099325925, 0.40265973141887046, 0.5248513938631867, 0.3656389072578697, 0.49021782853567164, 0.5906502170151594, 0.5551365405946282, 0.5478462717756436, 0.6224889824185116, 0.4036549655768418, 0.49822191990501724], [0.3367116101456164, 0.5660599802782104, 0.37558791527769086, 0.6164154195543982, 0.5095190084689585, 0.4858809526394738, 0.5671564057632393, 0.3981937270435601, 0.43730352775748693, 0.5842387311535179, 0.4370427406806304, 0.6098646863291918, 0.43207892522466357, 0.5236085909211743, 0.564297928696369, 0.5291871295225821, 0.5519144553933742, 0.6204765737757735, 0.42710150257752566, 0.5166040373783735], [0.299743411545803, 0.4740107744170509, 0.2768573782151921, 0.4264844098946689, 0.27186443055406306, 0.2629716804151564, 0.47472099389430994, 0.25252287997571027, 0.35740371163673046, 0.43411867394261855, 0.8102518955309487, 0.7450207014403709, 0.7632213281299677, 0.4858739866913306, 0.9362215867117202, 0.7593562591162972, 0.3824146045737383, 0.8760941028944412, 0.486074944519849, 0.4701737983594692], [0.46127113139211245, 0.6108786248302277, 0.3070162934894059, 0.4754011396301944, 0.5399712248571437, 0.19416653519626426, 0.4105837751046827, 0.2030623868915745, 0.30696245746526396, 0.2949949248902181, 0.8548212074400159, 0.7700298694422016, 0.8070717647576265, 0.43956252153844, 1.0115943195543484, 0.7469020297881843, 0.5247469935771847, 0.9560959023680973, 0.40349502881491617, 0.3973182922901325], [0.2584714141234449, 0.3781068821205132, 0.5213871743713918, 0.6842272821765883, 0.5167650115935548, 0.7144971651691642, 0.33348045407086896, 0.36032576948906603, 0.5260403480638483, 0.2182805866358274, 0.49559738331700004, 0.49900007363261356, 0.7576134289534667, 0.5722742728483662, 0.37482449082160996, 0.4529029897683189, 0.6244089791269287, 0.43898015886833525, 0.7739287102873451, 0.33345327886066445], [0.6474254584827377, 0.9682820811075507, 0.42459120256466565, 0.42096786451248436, 0.6392624227294272, 0.4389275331604101, 0.33742212652374115, 0.272345246969534, 0.943253173853415, 0.18332747006486913, 0.43715523837716497, 0.46045109796076916, 0.682146828918904, 0.5312170822552912, 0.565550070720845, 0.5110878589794202, 0.5424095890270977, 0.4577326831975766, 0.5947068663329937, 0.5699900066921484], [0.5598739935488474, 0.43384527643199927, 0.3754659110890358, 1.2796662605563152, 0.1283379621883402, 0.5575613913670213, 0.6756411417938526, 1.009560259478869, 0.3744378167867854, 0.6905773678155712, 0.9420747381370436, 0.24126636242886507, 0.506688724042839, 0.5665379625520822, 0.4512420256117152, 0.14112176548340233, 0.09877402893193571, 0.3350195480060349, 0.6017787207634732, 0.7382588370863155], [0.22008277740432194, 0.9788095958427314, 0.683077990057127, 0.586398708539059, 0.5494507010387922, 0.5177243488534725, 0.5418361014846279, 0.417546714709403, 0.5555999549560601, 0.426176680923568, 0.4694332594733571, 0.4602669181155806, 0.6733080715639352, 0.7142800931107921, 0.43741350839098747, 0.2887975942281414, 0.22629340328348996, 0.4259667266391349, 0.26656164856931464, 0.552117201466164], [0.2328680324399458, 0.6814312704399349, 0.48800349398561504, 0.6723910082772717, 0.6309398808852512, 0.9462538367147002, 0.27663781894961936, 0.38268322577965874, 0.9565482294164195, 0.14313779162835763, 0.38875763024415505, 0.502603991769349, 0.8660214802511523, 0.5867381807423374, 0.39707744164237846, 0.4676788203373372, 0.5701739767602789, 0.2889162291000942, 1.060838105821973, 0.5003121982028557], [0.47414105167864, 0.434314646190296, 0.3321163163587532, 0.5728536183837278, 0.34751817218086606, 0.44216202667797366, 0.748478893044477, 0.303500285374513, 0.4873542291099752, 0.5296813456637742, 0.45970711231182315, 0.4305731962825346, 0.5464288627328154, 0.32143092838611886, 0.4561024518189724, 0.4759282772011635, 0.3873479101388587, 0.5279618985502531, 0.5191475587399775, 0.4586206081536849], [0.47219612836387176, 0.4457356197557768, 0.385814885601462, 0.5962220358999596, 0.3477731300501499, 0.4654794260761955, 0.782139683710771, 0.44778564218638417, 0.5275993877303847, 0.425121727792677, 0.5075830143963652, 0.44661400307816324, 0.5489020519505148, 0.34357508491261335, 0.4966312653869183, 0.4394181031931683, 0.48494125310469166, 0.48325575508623597, 0.47481673457181406, 0.509959333843637], [0.44454905557938423, 0.47180136443832565, 0.30608983596160433, 0.4668457977517088, 0.3913190909700841, 0.3786319639774264, 0.5474340112217273, 0.2243426996920822, 0.5470518724243248, 0.4072745138990146, 0.5080042791769452, 0.3601012518664124, 0.592399073938427, 0.4812638985086244, 0.5254453254127467, 0.41093439440477153, 0.44159437318890665, 0.5421173167589999, 0.48379227531821606, 0.5241225789988457]], "G": [[0.011726772098323351, 0.013405131129103534, 0.01728283484180735, 0.017593354631143036, 0.3941577828850548, 0.04096177208782203, 0.02640384065786694, 0.01612268426602612, 0.41933173179071803, 0.013122542478752093, 0.013394364550982835, 0.016497188582399874], [0.02252662275092473, 0.028812108490813067, 0.12366296743504186, 0.13650758930327983, 0.04278319808552815, 0.05676555454415589, 0.43477646908590956, 0.01251188775308699, 0.05798891396033948, 0.02567044287900274, 0.024506561497888782, 0.03348768421402883], [0.04002799827821621, 0.050069097133668014, 0.09466000483482341, 0.07534931629005902, 0.188117120649607, 0.05691418082200711, 0.017932969878569825, 0.014277914334314367, 0.19308317879758782, 0.09268171364735302, 0.029735688447668617, 0.14715081688612533], [0.036217199721239844, 0.04419974855885729, 0.1241231744536414, 0.11287109491398183, 0.045987926178329426, 0.21671561499392888, 0.07085811418874369, 0.02797688985878101, 0.21917769903834147, 0.031568439638171346, 0.020704327141195827, 0.04959977131478783], [0.038944800945382975, 0.029580400858996533, 0.06645620535802042, 0.2081725666986598, 0.1428186868627261, 0.18688339129291487, 0.020674599206003893, 0.028807615121742118, 0.12205018592444142, 0.043763213916610276, 0.04988267632470644, 0.0619656574897947], [0.01617901014466048, 0.024829933986567285, 0.41859578042347784, 0.4030452716346684, 0.051390566720533666, 0.006223827213808728, 0.007457153270684307, 0.006331363114876118, 0.04309321076703014, 0.007755857097337158, 0.006428298319440369, 0.00866972730691524], [0.027461716290833424, 0.02782726366786399, 0.1540124122855739, 0.15119006285528688, 0.22738526759288546, 0.033084049882177155, 0.013649097928571576, 0.04357546122114055, 0.23052773056577175, 0.028725493748478846, 0.02223574329749777, 0.04032570066391884], [0.023058590505065566, 0.03089158695142275, 0.2397372711996448, 0.23378494983680015, 0.09445217317701887, 0.035660964043892185, 0.021426027804540976, 0.09067542473265439, 0.09269018617007704, 0.05618048773603564, 0.04039366368711413, 0.04104867415573314], [0.032490210967126926, 0.034699220208016385, 0.16673892895617132, 0.10692819007831472, 0.053263262511349635, 0.13895135454650767, 0.15229644364765907, 0.03380401417378603, 0.09820208731505532, 0.03394982358903969, 0.026336830618603483, 0.12233963338837003], [0.05117404183399426, 0.05781173265997362, 0.04163811733416196, 0.05918478029578095, 0.04894633959424684, 0.31838663591434124, 0.04164671122949235, 0.018803432566429162, 0.27446851476462075, 0.017347074874839816, 0.021757690118833297, 0.04883492881328572], [0.02425662101469653, 0.03442734856637204, 0.01680237520698586, 0.02188365481711594, 0.37333801168617503, 0.03977857419198966, 0.03875815846769542, 0.011056001559062587, 0.38790696640158784, 0.018867449171990413, 0.01702091690283603, 0.01590392201349192], [0.027626358904001592, 0.029462792942534587, 0.1492285155238104, 0.14159543840254005, 0.053327044616706905, 0.11561048959333661, 0.02959488212532466, 0.04122471994945134, 0.0775008648172991, 0.10178810059545816, 0.029679984162378666, 0.20336080836715784], [0.04991885089172348, 0.018234997898770755, 0.21169185778941277, 0.20073295132903468, 0.03926494615317926, 0.017830403840626355, 0.0634616592678627, 0.021373786187098242, 0.041006087570139814, 0.1756857685829046, 0.12875534764395052, 0.03204334284529732], [0.01101099578133925, 0.01498276042972065, 0.01811173671241798, 0.027206800331908212, 0.028786923040456106, 0.13877662595630882, 0.46918380103688995, 0.11562792562885896, 0.1273320152141679, 0.008952646762713705, 0.009084006215987941, 0.030943762889230737], [0.019109715234152377, 0.022115781906588125, 0.06246718040806448, 0.2307760455472438, 0.05783592512821324, 0.2698799338944332, 0.04533537909649012, 0.0987822679762827, 0.10042339246112084, 0.022460214760214696, 0.02596887614965054, 0.04484528743754585], [0.025319941848414008, 0.02868775704498301, 0.07152009678160455, 0.06755160198882394, 0.11198555936003218, 0.2028579530583521, 0.046965756909336825, 0.09730944935833812, 0.2345794722359507, 0.04036096775998239, 0.03158537701405775, 0.04127606664012482], [0.043992449786498654, 0.05030808714440717, 0.13826631757683397, 0.05630582531557268, 0.10504644058625183, 0.02738344248572152, 0.029017325699476383, 0.0288356318541103, 0.09025679532771842, 0.16389628547508972, 0.027207324642538538, 0.23948407410578015], [0.019458755436206048, 0.024019899675542394, 0.035774368215890834, 0.11358900651675653, 0.2992336919105489, 0.0940238103008045, 0.010978149789597685, 0.00805063053572772, 0.3057056264037936, 0.03251680072324556, 0.02844776929559928, 0.028201491196287433], [0.022379308284794168, 0.022084134210384018, 0.04441389522344519, 0.3014410536530962, 0.08881134668079443, 0.2994713778763793, 0.037801561005755865, 0.015098495848279249, 0.08705427426877185, 0.019775024661042535, 0.023554412500479124, 0.038115115786778744], [0.05425383217914296, 0.07992877246077885, 0.09032744725182934, 0.06960589165786417, 0.028677369514372605, 0.1645456690303508, 0.17009933688936907, 0.03517645375475384, 0.11566254520178733, 0.05751502191916618, 0.0359092808679423, 0.09829837927264296], [0.023115885699489656, 0.026594286729809756, 0.23771231178999078, 0.2789461785500934, 0.044934664069993156, 0.064629392315785, 0.04378472716234499, 0.03009489737727353, 0.04690446059214183, 0.08601693251318228, 0.06259398367702725, 0.0546722795228678], [0.04060414941076902, 0.06272019453401481, 0.06373772406330026, 0.1763490959002081, 0.1638491857402391, 0.19708422315509938, 0.02806701359354214, 0.020680605660203823, 0.13586433729467648, 0.023202300168362666, 0.05349612995236078, 0.03434504052722347], [0.051019819831520936, 0.1988818341989734, 0.03717392414457106, 0.09475920770326224, 0.11953672630351471, 0.14663176137518008, 0.01671384360681423, 0.07404513162545212, 0.16651494087035193, 0.02862754414256016, 0.02304880570009265, 0.04304646049770615], [0.03134662547093327, 0.03691474567800286, 0.07008763959700856, 0.05206070700326747, 0.14976286520244197, 0.20921836746896122, 0.04780040350323868, 0.02790093436643154, 0.2521746018240716, 0.02918375506482411, 0.028988678867490562, 0.06456067595332847], [0.02417806267144129, 0.03178135549589294, 0.11544198659033232, 0.11313191615428522, 0.09784903624249029, 0.2101189739817741, 0.015642616271007284, 0.016900728463701182, 0.2653757662954919, 0.034877876197526095, 0.031011310105641902, 0.043690371530415516], [0.024868088544154072, 0.03456236699480254, 0.04129718248297918, 0.06176890728603901, 0.18983156631725873, 0.046257734091031795, 0.035953481013443644, 0.3317619881484258, 0.14610199235255478, 0.03261619910534945, 0.02888061174564579, 0.02609988191831553], [0.010806686783391825, 0.01532381554272017, 0.035664128242075335, 0.024680496090390462, 0.05469004415643158, 0.054868186665435054, 0.40661722210234785, 0.2524969182947914, 0.07754978195145912, 0.017877574391145706, 0.014463824323236903, 0.03496132145657456], [0.0763120491740955, 0.08832283349887463, 0.04540024419280895, 0.039303620529313216, 0.06409528973017403, 0.26094665193746536, 0.009604683142506006, 0.026595583324557578, 0.28237618253366953, 0.023882977319660954, 0.033159506617222244, 0.050000377999651686], [0.016718557057401547, 0.02690943171141706, 0.02466769801655512, 0.03872972963257241, 0.042273181271703805, 0.05576528386102087, 0.06163707831709119, 0.6259226770546363, 0.056681446651718134, 0.015159122434095654, 0.01465746887708346, 0.02087832511470478], [0.023957099919456486, 0.027604330790979993, 0.0948753813788638, 0.04026260877550991, 0.13029078925045331, 0.18165668678710187, 0.02700937521684567, 0.017322064592383887, 0.23874092222127413, 0.06844321526403316, 0.03402258620012726, 0.11581493960297062], [0.056121022361708246, 0.07682769836964277, 0.059326052641670735, 0.04395437103319302, 0.27188883552623544, 0.02746292862942206, 0.06187553032595163, 0.02137307522418146, 0.25530640991028175, 0.04480021575517626, 0.028844008877057986, 0.05221985134547909], [0.031395414243028094, 0.04213006734932143, 0.1389718869732745, 0.12559456267575034, 0.07848270212625706, 0.10971676030276074, 0.21308693185748148, 0.02660808430099344, 0.0933955182854425, 0.033155343494131996, 0.016215435209237048, 0.09124729318232142], [0.09148515818078545, 0.09204042381390677, 0.059154696851151774, 0.1838520854475752, 0.029342174940224335, 0.10463628180580471, 0.025826721541155916, 0.031214444297495845, 0.028319590899386328, 0.14953457224192146, 0.11339272950393829, 0.0912011204766539], [0.04642711014993314, 0.051586474813611075, 0.06577277902430112, 0.05367519335195337, 0.2066427645837802, 0.12900111681427207, 0.03782093273799395, 0.04171525905021506, 0.2303704783734608, 0.037298665849209156, 0.03514323753907091, 0.06454598771219895], [0.03784605238291193, 0.03259997541560768, 0.23808169904774593, 0.2543188382375462, 0.04826764916362014, 0.09694265243635532, 0.12002899657976995, 0.015424423235924316, 0.07102593861446112, 0.018224912183823674, 0.022479821054581337, 0.04475904164765264], [0.03486545748390915, 0.16572896567310547, 0.04425473770593345, 0.06783802132620968, 0.10158761115969168, 0.18753996223714028, 0.058738725250620946, 0.07057771146006228, 0.19069034859184067, 0.0189298802524082, 0.021057825012626007, 0.03819075384645276], [0.03777697851270342, 0.030619963351762442, 0.13396298993546119, 0.1046569327812927, 0.05083109019400862, 0.15752594807502715, 0.18937588241587625, 0.01387088468393651, 0.15651050585837445, 0.04302490910884682, 0.02760263749487692, 0.05424127758783411], [0.22231167440694968, 0.26322545326714764, 0.02813151102358768, 0.03401260803109425, 0.05108556352668604, 0.12003586817036013, 0.051686856112579636, 0.029281943310841718, 0.1411031286396587, 0.013531037362767622, 0.02370113059316176, 0.021893225555165173], [0.04018300600651519, 0.014963979798160033, 0.13706108741411457, 0.13293209050116986, 0.18733697773283273, 0.0904843912330284, 0.04171294001438425, 0.01885538714956647, 0.22239414427759152, 0.03998471536962277, 0.02944509959567334, 0.04464618090734085], [0.018239200352608082, 0.015890433014332815, 0.07172385288855773, 0.2255651077302785, 0.03946367089660529, 0.2179870097854146, 0.22707682569930057, 0.030094142750801023, 0.06410181877922058, 0.023874280430240702, 0.022883706745977138, 0.043099950926663244], [0.02386025975674232, 0.032690296417636544, 0.06111401731176576, 0.05911053470196446, 0.14203560010495028, 0.1854283320565293, 0.052072031699574965, 0.040013634204438486, 0.2649110068167694, 0.05035424022015888, 0.04083408196090883, 0.047575964748560746], [0.023381627666253995, 0.029308475244704514, 0.05016832061153535, 0.06043712950874803, 0.11800003839848017, 0.03932251341939154, 0.013923642511279895, 0.013575358453083207, 0.11826522689424449, 0.26871673938524204, 0.21175397533573687, 0.05314695257129991], [0.02967588512822389, 0.03474344472651277, 0.21110312569651485, 0.2098837408734644, 0.10228823499026228, 0.12207344639205489, 0.016188418316033192, 0.03260843669485109, 0.16911661171551107, 0.018169508526644056, 0.01536882061104676, 0.038780326328880683], [0.041020207279390014, 0.04509098636160255, 0.15491427408699082, 0.21551765061022488, 0.14923673350621394, 0.08807871262576236, 0.024052119572105034, 0.023084322026774205, 0.16387631062561703, 0.030465810951598764, 0.02518087130407852, 0.039482001049642224], [0.0310855690148854, 0.03331172416353355, 0.050461598054870806, 0.07899784795146379, 0.08087891204998073, 0.10874327555041748, 0.3992795112659733, 0.018119159239291447, 0.10582475031156784, 0.014722821289690245, 0.02555442480837513, 0.05302040629995028], [0.11710119402471919, 0.10998375135908417, 0.05138210323054258, 0.11017726051648288, 0.1511716793210717, 0.08788376120335267, 0.01787144962523766, 0.12329606120190902, 0.12432541016269816, 0.036680726442684525, 0.039606950791893844, 0.03051965212032328], [0.0399720557318888, 0.0502302408002352, 0.07276070500049522, 0.10776742198113726, 0.1825479596199443, 0.08415504206792733, 0.040710394707867276, 0.023390322296878898, 0.19781647783662568, 0.08631185747811458, 0.0713879815913371, 0.04294954088754836], [0.01947202973525352, 0.021593707459231597, 0.1270004420910675, 0.16747593789500856, 0.10300576817922523, 0.18691982275000757, 0.03726278344284945, 0.05683872894500948, 0.19434642634406993, 0.01868450901972657, 0.030066171826464018, 0.03733367231208679], [0.04908114594969461, 0.0492259357581775, 0.09679902675706394, 0.09567023273564514, 0.17518040342279617, 0.0723135944954078, 0.08658017103789765, 0.024181737758248882, 0.19841216150996238, 0.05533727608895584, 0.0549757530345318, 0.04224256145161846], [0.038467961978782376, 0.03916957925824584, 0.15691624309536967, 0.18621419291809266, 0.19160220957441343, 0.07477397680221516, 0.013815899007900923, 0.017726748680901263, 0.16710105474169115, 0.023633004860170153, 0.047407370674421294, 0.04317175840779614], [0.01897266173856117, 0.019396426963050536, 0.14701146729736178, 0.19325140541877683, 0.16991440203272629, 0.11897464392716749, 0.02782479907139558, 0.019600096099491423, 0.18627518056203168, 0.02296748899918093, 0.03301750327906124, 0.04279392461119558], [0.02897365450674693, 0.03863990421225387, 0.20575832170293257, 0.20999394229088142, 0.05982826033107631, 0.07337456321846585, 0.2142098837457183, 0.016065993922058534, 0.07428956472288144, 0.025859181067892905, 0.02588732322681147, 0.027119407052280317], [0.05196407042288313, 0.05298729897045526, 0.1653351387840942, 0.17516264128695183, 0.160882625220897, 0.0546476944068384, 0.03292474782542555, 0.040027528990428204, 0.17324373107159305, 0.03173919598969495, 0.04139440779605001, 0.019690919234688006], [0.038779916547015195, 0.0336798883859236, 0.281209011921033, 0.28392061479688663, 0.08533556098606862, 0.04385897428802897, 0.05606368735276696, 0.019366179730261418, 0.10089838898859274, 0.01639118240449397, 0.01283651549563855, 0.027660079103290866], [0.04101886177600075, 0.046992056618291624, 0.17984806143428744, 0.17347786691377443, 0.18782066146522422, 0.04140512447546692, 0.04990472960880478, 0.012719499189755712, 0.18979050113365026, 0.02215070843096392, 0.0238687334176616, 0.031003195536118387], [0.024719927843581242, 0.03406850526300091, 0.05685462013153354, 0.30408053171797816, 0.04391504494615878, 0.29369961922634075, 0.013800281605252313, 0.036669661076784876, 0.08611050435912372, 0.025501711954941775, 0.02327518480699374, 0.05730440706831036], [0.040828867505332336, 0.05246966129674503, 0.033879006872749855, 0.16914003719900453, 0.07148628450992221, 0.26554198965065234, 0.03998045191899294, 0.06490907463636617, 0.1570385244107193, 0.02639397344796911, 0.04381316463135663, 0.03451896392018922], [0.01493243688706672, 0.02073052544985898, 0.03836905431594164, 0.1581139790907465, 0.19934540371309195, 0.20553823355891226, 0.02036857218354398, 0.025859175024935784, 0.22487843203570923, 0.03192493898750451, 0.014617057576688224, 0.045322191176], [0.0281267320542041, 0.034573954597762246, 0.1943221715315079, 0.18975427012869475, 0.0714167842771807, 0.030558364156591432, 0.29476857320206085, 0.02332893090548356, 0.05852869869077141, 0.02248429168395704, 0.018356031605380272, 0.03378119716640605], [0.009222404886104565, 0.010375264839385343, 0.027176971265542103, 0.28495633043689167, 0.08657133521452964, 0.3510658408478777, 0.028035221759761357, 0.013959997884447364, 0.13469653654284258, 0.01211913000417243, 0.015979017427700377, 0.025841948890744426], [0.026210678683918496, 0.02614147940220613, 0.1075382456923262, 0.20113916805941737, 0.22823246307207531, 0.09438299208445418, 0.0108261976089392, 0.014356523711549784, 0.21046653965037945, 0.028937794663042353, 0.018430241725936346, 0.03333767564575514], [0.015693740198933236, 0.02041053997291347, 0.038726745537556236, 0.030797457576681467, 0.13057524591073907, 0.3037646170884977, 0.016742854588702977, 0.04198641705548836, 0.3598994864637594, 0.010707222243566081, 0.009860652751431016, 0.02083502061173103], [0.06081091609173948, 0.29787352712230547, 0.07513925755869377, 0.08134206151964835, 0.060952207664646936, 0.07647827706380445, 0.0850323245127058, 0.08059514930700053, 0.0717105410962525, 0.028446776820959252, 0.0380572690216839, 0.04356169222055914], [0.030721391167741183, 0.03915623864472029, 0.26766538163070885, 0.3245584349902138, 0.06841184440048234, 0.07445405641413866, 0.025009985103080667, 0.014483810084545638, 0.06189963763001979, 0.02592205130435737, 0.02697811229105859, 0.0407390563389325], [0.029268199524806283, 0.0194421611698622, 0.08003947957251814, 0.19808878844982905, 0.09105327046539222, 0.1708059208566234, 0.15384495293110115, 0.019884253725382363, 0.10571537129612098, 0.039651591457886826, 0.04053095523632099, 0.05167505531415644], [0.03683729074131214, 0.0383531126913671, 0.060196673607403266, 0.13686513777895126, 0.07452315296487819, 0.2143100876558692, 0.09092939367002743, 0.12083342202326859, 0.11258370071825544, 0.0159589