{"estimation": {"a": 4.886610087660966, "rho": [0.14237796812212852, 0.15404480843357501, 0.34516872508816415, 0.3584084983561324], "Mu": [[-1.7866197246370106, -2.0749395212351183, -1.1061876626855376, -2.5223579371437497, 4.217168122754594, 4.7545828445776435, 0.9108695650369092, -1.8853809651208386, 3.567730777123972, 3.863885384504497, 1.615639057731765, 0.4005915805387648, -0.5062446571843814, -0.9215167052226712, -0.8329324815058355, 2.504280285263383, -2.933755236428091, -3.078218683636985, -1.9826981070643692, 6.2070967840563895, 2.7345906980072927, -0.8479004443845738, 2.179928342627546, 0.017609478721764958, 2.7872922565316713, -2.6977615561073875, -1.9415778087147815, -2.151324377224392, 1.3736218073472912, -3.07552114608809, -1.8170154954167361, -0.7950141468030866, -3.1507731528662353, 0.03200704536045913, -0.49225032755605563, 1.9906830931446322, -4.385415550237866, 3.9458171025519424, -1.279187357023709, 0.6441920425043602, 0.806091448203833, -1.6463175531897098, 0.21610988546784238, 0.7760754426142771, 2.1090073443407333, -0.9481148818743906, 2.9961576864132025, -1.2391955415501084, 0.4459612808140767, 0.2077720940137123], [-1.5900568465646527, -2.3195195307049676, -0.5230586939590169, -2.787351337786951, 4.2896352398606625, 4.758516280553298, 0.9604731819691031, -1.962623112628157, 4.260097666883128, 4.039926961778019, 1.1592055074047065, 0.2660539421059966, -0.3203510986903817, -1.0988359839014525, -1.5579951190471495, 2.732825509485596, -2.9191552711502875, -3.4504321772756126, -1.9158377766740229, 6.029953032505986, 2.7346407659283645, -1.1309998500363903, 2.1720734364086365, -0.10069069895848812, 2.86343533766908, -2.4250419129943275, -1.4576215229760998, -1.911388055479486, 0.9870559897701078, -3.7671038763653124, -1.9100648489656296, -0.9900435815408862, -2.8911806166685428, -0.1965857267223586, -0.6602501667661181, 2.269770365508591, -4.357751557590673, 3.882413075773045, -0.699364963486991, 0.7583587496887053, 1.2403226423715559, -1.5445783065083611, -0.1250081365052861, 0.5966000542063192, 2.1978167128561275, -1.0245239495200522, 3.1514146522694584, -1.3010210539491422, 0.5208507093667323, 0.4641100363864062], [3.478294085057817, 1.3913573208385355, 1.3540848737299354, 2.380164390000318, -0.17229641501857992, 2.1663951432577004, -5.736780340388557, 2.8712604389490455, 1.005090256810487, -4.307755476157738, -0.3064371669773161, -4.240707607777073, -1.34945267990829, 2.33448886903611, 4.093521982893942, 1.3014549826619435, -2.0263086969813715, -0.8286935065345379, 2.205159883697445, -3.70888969324889, 3.178608819408559, -2.7382151767113525, 1.535323243849412, -2.45516034821275, 3.544710816395862, -0.1470627872841071, -2.823219452363618, -0.24720905956728526, 0.802207576861319, -3.9698855802888766, 4.812932483886691, -1.1342446414187979, 3.306858236634509, 2.2638328113994834, 0.3063373141687259, -1.258443555290355, 3.4358626404947614, -0.11038673402142193, -0.10292916823898088, -6.355581863944523, -0.9527414939777795, 5.670892951024378, 0.6154310484515458, -0.727508652145963, 1.248302763368652, -3.0733176534401756, -3.0355460430456733, -2.2337983038037237, -3.9320471953412044, -2.829269665995754], [0.6370099329821292, -3.4395164905700857, -0.1005909533966389, -3.3889046704400463, 2.1842792286641934, 1.6796407326836675, -5.074866131998312, -1.264827983508256, 3.2943615586414023, 3.2079249925637012, -0.2879653068596967, -0.6683285907106946, 2.506088907349662, -2.0431884132650246, 2.36142862470358, 0.1532732865469758, 8.439807477377125, -1.901733287853754, 4.2756553866947185, 4.250867434865558, 0.9292471214813228, -2.1566222218934676, 2.958127129986397, -1.5219375249800755, -0.6591796366515357, -2.1237994015523083, 2.0562934639057233, -0.3786609305005274, 8.951922112721476, -1.2696827199593086, 1.1557804102573175, 5.7133532134702865, 1.926016322055477, -0.5063677339428238, -0.005962595462154089, -0.8026809065791768, 1.1565409855182096, 0.49382577975580355, 1.000170869408268, -3.516238271168089, 2.0760130461348565, -1.8233141334061271, 0.3252317816480154, -1.0453353792762106, 1.0051863805577193, 3.095648161438945, 5.362927575124784, -4.084693662061943, 3.066769987961887, 2.1784041870911115], [2.097414212557695, 1.1973006498594487, -1.0141469384812447, 5.526645493193588, -1.8687732730920292, -2.3586231699583244, 0.5109369769979563, 4.253801160105936, 1.3828944246991304, 0.4785298180532232, -2.2662051496752387, -2.689627062062023, 0.5561790853089932, 3.2624402136584583, -0.16909813186120887, -3.8704324697226187, -4.580413674727214, -0.6003153879009223, 4.29450548122932, -0.510550595808591, 0.48611422856908804, 0.871098636532379, -2.67128236370648, 0.1883891584966767, -2.2618510840267363, 0.37802988026323364, -2.533740061544779, -0.5448386587012986, 3.824109705095322, -0.012223269282944359, -1.0989744240256198, 1.3085371976322395, 1.5093991079907723, -3.5095521322584715, 0.45125604626698057, 2.5876337195261754, -1.6703050306509315, 1.6903210542690705, 2.426219711925751, -2.6002854946673137, -1.3284507571052973, 0.5567512041668136, 1.916913293233135, 1.043780605330485, 2.671219022889608, 0.7413658799249069, -3.0109542925377304, -0.8338092695058691, -0.6084748718685522, 1.542350686275862], [2.0818807784743023, 1.1503961132181686, -0.9286155275745184, 5.967006050859566, -3.6320412822173216, -2.323723378020343, 0.5121127706476629, 4.355036120043987, 1.4825959264268966, 0.48634034803314113, -1.8588069846621424, -2.4686553343999162, 0.6230309823281268, 3.655433374897054, -0.43157610660711504, -4.200075362719882, -4.898480916964486, -0.7315804625256501, 4.394764077856081, -0.3783392669742094, 0.4572775319752457, 0.6806935684646129, -2.7612039289485857, -0.11324484787402019, -2.6335358873701837, 0.2477207715236226, -2.5465858369780765, -0.6430612152943983, 4.11172085868369, 0.014014375706183389, -0.9976117172889862, 1.585157774670131, 1.6263482508081288, -3.6780449249250786, 0.5971413920194589, 2.1398022696401573, -1.8211674977083407, 1.6301900813661279, 2.7187435942123352, -2.9676725003516213, -1.3774188558779388, 0.3896344329423653, 1.7873621269906974, 0.8398432656635036, 2.7525328702032055, 0.5356356266114812, -3.0266680917168163, -0.699815190871413, -0.5458554684774184, 1.7633767249858396], [5.366793542491356, 1.1990464987585785, -3.0914507504270916, -0.20198162649587398, -1.144722186209887, 1.9275819454287135, 0.3893860096378001, 4.365378057008197, 1.9900961373308335, -0.5225103777591804, -1.8525674919115227, 0.9302163606732505, 1.4754706909262243, 4.388513687165828, -0.9629038902535779, 1.3041745148409578, -0.3624361256571516, 0.6651954407550705, 4.5659243936442655, 3.0094206442603513, -0.8270552560137578, 0.28368770843762575, 1.2182486572524545, -0.45684780732401686, -0.3242537082535848, 1.2452026629694446, -4.724380145935138, 0.6636764157392253, -1.729383136143186, 0.8567755378636901, -4.179998013632851, -1.1773796469363307, 0.9365085404916988, 0.40296020540196953, 3.9465897876457645, 0.20598940012763334, 3.1646928062386186, 0.542149938767864, 1.213497876641854, -1.6019292178660587, -1.517657737891563, -3.1785541847816674, 0.2841494994006435, 1.797098087253283, 3.416799487478818, -1.026105949605891, 2.741594323255541, -2.0137916498109476, 3.174769122495425, 0.6424495574024284], [5.201106671893511, 1.3889969995260183, -2.8940184015651886, -0.27649423812820917, -0.6827238420116346, 1.9914488971527746, 0.40592569897105557, 4.522853690466929, 1.937685155456217, -0.6760996706591373, -1.7739327802883695, 1.062471388521415, 2.001246676720433, 4.349918959191159, -1.1079648538322655, 1.189415730611346, -0.3171451136190474, 0.8594829270767539, 4.3431536176605645, 3.059292637605604, -0.6239801881378715, 0.4358917376826072, 1.0877773977414362, -0.4713415899189112, -0.4562913259198332, 1.7848488868771424, -4.9712628492705715, 0.49255414186899354, -1.1693196917509177, 0.986761579283604, -4.155991088858238, -1.155238677386195, 0.8981190100591834, 0.5500930699603934, 4.028949576320555, 0.008556653649711251, 3.275411569468699, 0.5115039716690329, 1.1475053253237464, -1.651763263843013, -1.4370148198604185, -3.4169501258367148, 0.44098500220825965, 1.8195575126563583, 3.523036518202888, -0.9186505378471299, 2.6583255246695283, -2.182605197975248, 3.0929965004413127, 0.9844660469863595], [-0.6678963302966275, 1.5064503412462442, -1.684761498397084, 6.042324703533512, 0.15069013363587877, -0.16933824619606427, 1.460055829721677, 4.3738775066398, 1.4285016543027005, -9.376930783343758, 1.7525970172147316, -0.09755502403897692, 0.9984628391315807, -0.4080275325714283, -2.3139458967033053, -1.1167136165212044, -2.777570308477322, 1.0256286985646619, 1.8119029956412906, -3.4081908266398706, 0.7408409345369817, 4.267571348409691, 6.440638709354817, -0.37053157776241874, 4.468899776648037, 0.1972325675362261, 0.9846270942377296, -3.498746807629545, 0.3248090425061786, -2.35397088570592, -3.648928637908195, 3.6572453667467886, 0.5528544607482345, 1.7384903904028364, 3.3471533313386255, 2.7293476814516673, -0.842611744498464, -1.1203169978568, 2.123350810719952, 1.6339603882088511, 2.1281197306237654, -1.6867500397316229, 4.166308043460704, -3.741461885110673, 2.353302834630604, 2.735187315128629, -2.149805018234249, 1.98825193786405, 3.4861143063353977, 1.17247198526494], [-0.5780185214585325, 1.5555630608134425, -1.8086711524214374, 6.5150334380794055, 0.15850521248862454, 0.03398342792580995, 1.804934745928251, 4.043529758851443, 1.3572244119615708, -9.560279809766364, 2.046881876182755, -0.20284317067159466, 1.1928865661938364, -0.3954212464352635, -2.3580811666561083, -1.1409128852723485, -2.827968343653196, 0.9422158327527269, 1.7350203412356953, -3.554730379857787, 1.5234254400026994, 4.413948762180319, 6.168274923975678, -0.7789684195677432, 3.557550897602062, 0.2700859285575519, 0.9275225512665431, -3.368723963577772, 0.4111946436756405, -2.1001168810387956, -3.6157160259517642, 3.4648105106508766, 0.5867830614112863, 1.9484021542169112, 3.3955664509502386, 2.6318365572603755, -0.6402532729431101, -0.851657186077418, 2.0386142647273306, 2.0945368446107073, 2.2781623458402667, -1.5165020137893472, 4.331602907760546, -4.250749561563526, 2.667400338832933, 2.8145598358086876, -2.155414340860241, 1.9508306934479867, 3.400025863393867, 1.4873859840313457], [-1.3136698303942462, -1.7899892372997193, -0.43919506257986507, 5.587174297352336, 2.5074535094323713, -1.1367010445498855, 4.301898376795452, 0.7698234155313055, -6.914943993585378, 2.8447099977483283, -1.8351386216672134, -5.684899597426841, -2.41614650188521, 2.4495738255481445, -4.142904314844643, 5.328641832319087, 3.941812109467586, -1.275253323377775, -3.605158118428206, 0.30373229236280913, 1.198046503915742, -1.5516516382672565, -2.1699170887303567, 3.81390173224304, -1.5786144416754349, -7.0332324839099885, 10.93703991402557, 5.058852362618333, 0.40989766939862937, 1.7242326442456988, 7.464250330504145, 1.9570242982209682, 2.4210433882676363, -0.06650515474361327, -0.91851663595474, -1.1481267051968773, -3.605083116003989, -8.333012559817435, -0.000922295264672267, -2.406486995699185, -2.212877253297442, -4.610258828400403, 1.8609811552677307, -3.8877408892155896, -1.469294560023777, -3.538618116650655, -1.0304462018575098, 5.30408270506693, -0.5970809735175003, 0.9173335934127038], [-2.8046323940126414, 0.7973899730918889, -7.074824060125563, -2.2245810507277235, -3.14028507074613, 1.5473798889458967, -2.0624920548599945, -0.8217095480145548, 3.94432846051414, -1.0517264573936356, 2.302976953694054, 2.962170661655855, -2.053702912464127, -11.802576215871387, -0.584550823185511, 0.09911990609414517, 0.7822986949572186, 1.2231262648015744, -0.9234356110367707, -1.3397201381955595, -2.323372180772188, -2.4470771317044386, -3.67395513972624, -0.6720429098134454, 2.2121685660585935, -1.7505043801545714, -2.01804993439832, -3.1006091385124788, -6.110367319887946, 3.706655906567433, 0.13322033068423186, 6.041196713205932, 4.726565884215281, -4.6313922701406, -0.42036091692882216, -4.244405846506925, -5.603172453608655, 4.300656979179197, 1.7198875871068373, -2.2656044231810712, -3.5173273841407613, 2.955409956012375, -1.0323939543418674, 6.286793240195242, -0.5926897921659187, 0.009984607112917222, -6.646389454841581, 2.670269388469045, 0.9230163025273538, 8.024364050074396], [-4.179539778625971, -0.537667552019482, 0.4459447311450849, -1.8911072309613948, -3.073980038332301, -1.963623766119559, -0.17018532151265034, -1.57492826961689, 0.37374671060814035, 0.2689088191940151, -3.9791513008146095, -1.7659429611106687, 2.032851794888438, -2.493467430416447, 1.4493976984828474, -0.8946218214844318, 2.0584706718408907, -0.2757754877465783, 1.587511572325223, -0.3155306675387793, 0.12244445152331045, 4.588328673728539, 0.08551341364674526, 0.9541119111859745, -0.6497769669275661, -0.5850109167648538, 0.31303350702691835, 1.9447543623318553, -1.4455834712032838, -0.8353043664894059, -2.917549864230333, -0.5731375352502657, -2.0790562530944245, -5.325197257594686, -0.8415787286182432, 1.867369931126091, -1.905950177746501, -1.6818621970606842, -4.562468397719711, 6.184695123853816, 2.175761901476475, 0.35973735776107607, -0.7292995370829148, 4.285197690749617, 1.058772069050015, 1.9672570750484573, 1.389283000356285, 2.6739285853422445, -0.7392639800625369, 0.2815969320582297], [-3.851055925257139, -0.5624933713001816, 0.40998533543944493, -1.8466551996444485, -3.031071397450444, -1.964635029474825, -0.2704158385556618, -1.5764306512345196, 0.4596902624400679, 0.27029784660734546, -3.882444912801632, -1.7084536282935467, 1.8017409835380434, -2.478721502631981, 1.4343587811479872, -0.8291789910189541, 2.0510561458978147, -0.24707193506730052, 1.5767520659323988, -0.29636050046126494, 0.1277998556493649, 4.74179111671594, 0.11691084169387887, 0.9122894393918437, -0.6162420647492787, -0.38759420218573903, 0.3307395443407313, 1.966888806863043, -1.423210078662421, -0.815960395377194, -2.9349187478879495, -0.4912915380391994, -2.184733878879104, -5.260105088455724, -0.7174451434540018, 1.9064710392059299, -1.951613729549991, -1.5746789604935163, -4.485109331094875, 5.909441311251991, 2.192205549825553, 0.33331972484640904, -0.6283622697818868, 4.021758503468378, 1.096773355866594, 1.9800546628581617, 1.3957149081885876, 2.522874940397209, -0.8232790769487477, 0.28953163651195146]], "Lambda": [[0.5315274984723649, 0.2704403015629508, 0.5674696632490478, 0.3283251043340581, 0.5065635747569412, 0.33340744511172155, 0.5532875149002036, 0.4597123785340447, 0.29622233694612005, 0.5829337126229457, 0.5626138784110847, 0.5581413306711742, 0.5023340496273905, 0.5558178765901188, 0.38674565995225607, 0.5629137408578562, 0.4408664146226586, 0.3928025502894951, 0.6841342072131572, 0.3830448817201846, 0.5821898968063585, 0.5925206003298825, 0.5251262813452572, 0.6159562859312552, 0.5710302562168402, 0.23965590461978523, 0.40129897195268394, 0.4914919822278012, 0.6030400938998817, 0.6085391604783925, 0.4345806833381465, 0.420718430195128, 0.5343743941866999, 0.6748019771537432, 0.3976463983799039, 0.49847213073853003, 0.31383298492363076, 0.3498334839551995, 0.4922480758572975, 0.5409505098698562, 0.4528733489460025, 0.3467002786099228, 0.6130647301932888, 0.4761461836008394, 0.6117957476235684, 0.629714304339382, 0.46715063915043553, 0.2943696603156735, 0.605238163137628, 0.3806899718003472], [0.5085378571681571, 0.26271652423933745, 0.5539075180357402, 0.3341852269399782, 0.49540559344290996, 0.322755827478277, 0.5424593606014453, 0.4168631454015817, 0.2731299901324732, 0.5753586353603513, 0.5879630911774866, 0.5869302882238583, 0.4686999709771687, 0.5891662823537049, 0.37199579510878483, 0.5799471077716827, 0.4237665348422236, 0.40164057847151563, 0.742614029312924, 0.37906765104924917, 0.572671765756053, 0.571024206232266, 0.4967101897931821, 0.5794893747865683, 0.5720276695766734, 0.24624086358339362, 0.3941617677573305, 0.5106084122207759, 0.5812913279487942, 0.5906058981428559, 0.409511958296604, 0.39305768033037863, 0.5182266236810636, 0.6849280950747425, 0.38138667766917445, 0.5121909238626707, 0.30956022721210014, 0.35436110688226946, 0.5171946000960316, 0.5620541827618072, 0.48880171768478237, 0.3462402683719192, 0.617239839113881, 0.454359879992798, 0.5949808381717475, 0.6088692129211248, 0.4716437602535875, 0.2741257199184728, 0.6358104674146923, 0.35690729863831194], [0.39695634922488693, 0.406570736332566, 0.4301158665133085, 0.27169345991334237, 0.7372135928595712, 0.5803870158924845, 0.32143073835014907, 0.45354642501888287, 0.2782291950514753, 0.3498757390949141, 0.40339119767751286, 0.3093580608209344, 0.5177279854255439, 0.4794760772364625, 0.4017851700873272, 0.4837433910548909, 0.5636741507249838, 0.5493517610010404, 0.3657267035478483, 0.40311243785816214, 0.4910503046158821, 0.7689758232110424, 0.44732745095136145, 0.462887487062853, 0.4925081710839402, 0.7027906434314368, 0.4712039411770799, 0.6198885690984112, 0.6202443166456637, 0.5688970758909212, 0.4401773661521092, 0.3010238940114241, 0.5626785136182221, 0.6813039295588679, 0.6039745518474194, 0.6759239446796692, 0.46733012540426616, 0.35730104233289195, 0.8351848531310506, 0.413679490882377, 0.4883239900738787, 0.47755876086622157, 0.5670398833674749, 0.5236480863049896, 0.6505459662058903, 0.672048103454288, 0.6424327215101141, 0.3723235742341262, 0.47351297337467607, 0.6121939569207637], [0.4341655166863505, 0.5154815535724299, 0.4325858128544919, 0.7363208443907825, 0.7542912606068868, 0.4989534767767318, 0.45744806302854957, 0.5441827369716903, 0.432665768481422, 0.3774214038214417, 0.408841473348599, 0.3273756777314145, 0.37740479491979445, 0.5991789167324373, 0.5111145198539855, 0.5459272754151634, 0.3597956762168891, 0.6036057795282499, 0.4199283533444131, 0.5671844835666473, 0.5328996772818693, 0.3753667799854159, 0.6047476307751065, 0.7609990188365034, 0.3369773713892305, 0.6350097543200826, 0.40012215524941863, 0.4892174212266149, 0.33419813692568023, 0.3170337809522211, 0.47403362712621216, 0.5452963799011141, 0.6916122077382735, 0.7643651404769853, 0.5276391024811256, 0.30038108175519057, 0.49978457436579293, 0.44816459129694347, 0.6968661935963619, 0.8019022489115354, 0.7593801052187609, 0.5078056715674206, 0.21025408842824742, 0.5005490035291936, 0.7232390373263161, 0.41968999293847076, 0.3068749731251313, 0.3690098555330596, 0.4209424261518731, 0.4558569279075927], [0.2489112371658438, 0.5470434640061677, 0.5566810068919907, 0.24858846827399, 0.4784271783624694, 0.5910288481856385, 0.5751377168916675, 0.6177182457027491, 0.4733095879273923, 0.4950654377745782, 0.17803815536379122, 0.5075593401706122, 0.2902147693845222, 0.4440146102778659, 0.38423757854170754, 0.4279056182942563, 0.43485959276871394, 0.4520734361133923, 0.6878314981785572, 0.46048545768242044, 0.6870927504621634, 0.44238683248580485, 0.5459683258277922, 0.4053922839172545, 0.5460518298022471, 0.4913126242155754, 0.4641631106179082, 0.29585315813370705, 0.2008231268309123, 0.3728800170445096, 0.5488597041654388, 0.5655863498882179, 0.36119573198503974, 0.4217858158457549, 0.35546754251172985, 0.2192701247715002, 0.3664899635018658, 0.8416036603227806, 0.3370290861067799, 0.42262778241919396, 0.43496944212271277, 0.4963405429718219, 0.5935536413117133, 0.4591884084378439, 0.4674440922636325, 0.6632605620467998, 0.47950909540211284, 0.6331574474565346, 0.484272911143788, 0.274705906660097], [0.25302483554019956, 0.5085069125961924, 0.5442410714099851, 0.24425852760972983, 0.4334397810847438, 0.5939646134124319, 0.5863670763343335, 0.6472641711195063, 0.479282065916929, 0.49478759940751976, 0.17857358532942819, 0.502685447035642, 0.2699250129634938, 0.416469415431102, 0.40918008421788066, 0.40944317087779497, 0.40710139471509654, 0.44803900400256774, 0.666624819427657, 0.4455388592164796, 0.7316904757294623, 0.4301222380065868, 0.52039469622693, 0.39908385256946793, 0.5459284794866199, 0.5047429305627023, 0.4601213520566497, 0.2680696242428555, 0.1879484345608545, 0.36911238446819006, 0.5512244123386233, 0.5525161068173233, 0.36413311373476104, 0.4108154286541067, 0.32928178229963734, 0.2252562596404357, 0.34282632661768375, 0.8591602543486875, 0.33219598874461737, 0.4028449787051287, 0.4505249066578632, 0.5009209413572958, 0.5854179185762959, 0.45418140554445385, 0.4664682434098788, 0.6662704582110074, 0.4687544450479658, 0.6433186821988162, 0.5342959971785238, 0.2697556094639394], [0.38870672772173404, 0.47547381077706746, 0.3833878586413194, 0.5835486341767586, 0.6868273936747753, 0.32849344804139624, 0.468126650989373, 0.6356157093810035, 0.5122806459176868, 0.33329327726993335, 0.4766156501735716, 0.557143490436822, 0.928668736049448, 0.24841528142890784, 0.46649477027840064, 0.48970412602463836, 0.39841501770317167, 0.3040519384309238, 0.6458892058839032, 0.608993756427782, 0.4004073702274054, 0.6012400852902913, 0.6156693001935674, 0.8438818377000767, 0.5887995871970135, 0.41914727727496176, 0.32185437247839943, 0.557655412262596, 0.24336128928172446, 0.7426094675671722, 0.5353481616934849, 0.7548583673914956, 0.7860631400117263, 0.6054295704019169, 0.6337803856250227, 0.35783980147993094, 0.43995282463942836, 0.4599770921434642, 0.8096563206237434, 0.4079940879980619, 0.5668239704074066, 0.5629267846800763, 0.3151839699155497, 0.7007949746669407, 0.37459561938460767, 0.2536702927043239, 0.3970999871622001, 0.2864123889517949, 0.40115069654816016, 0.7034464077933716], [0.3780658686521899, 0.4628003243034674, 0.38700177650322437, 0.5920855365045301, 0.6630934542915985, 0.3285806859257725, 0.4964934634529186, 0.6362055578598141, 0.4770097284730077, 0.3280900601989053, 0.4771641672069129, 0.5461198333038857, 0.8759721319692305, 0.24465814710620518, 0.4549843158712665, 0.47151307293704403, 0.4124891308000887, 0.30954876211858023, 0.6248506143997437, 0.5912018360472154, 0.41360538008782793, 0.6192874373104787, 0.6130609865177031, 0.8435375584611725, 0.5588539582699791, 0.40786783282111705, 0.3243544481721219, 0.5541128191474465, 0.2376338615208954, 0.7453718565972809, 0.5357145507887007, 0.7103812961343159, 0.810387956431739, 0.5774647592883279, 0.6052110158269357, 0.3419511569446998, 0.4369368983906868, 0.4383441366888257, 0.838193387649031, 0.40641941854138725, 0.5765125813969523, 0.5658688705004198, 0.29231403060942646, 0.7009422236563108, 0.3732753675228807, 0.24068466575503195, 0.3917238759415972, 0.27531686759069945, 0.41359057250607284, 0.6843317562517509], [0.6654645578162249, 0.5009083912864919, 0.5331651467129682, 0.4122148627083278, 0.23929622728576874, 0.4538452132402769, 0.48731017611512506, 0.48620037826098444, 0.7878921900691103, 0.34675996516293306, 0.5975949358590832, 0.4206670244955497, 0.4798560990581868, 0.6294323434490694, 0.37302555439905977, 0.3470497550265216, 0.40711660438266667, 0.6504732492638315, 0.5429401184781247, 0.29460545927822723, 0.2885678501673565, 0.4850064647193793, 0.3047075471721514, 0.4059532909504378, 0.33660909279154905, 0.5449573617814845, 0.2822872733293456, 0.6854348057601578, 0.5214064474526917, 0.3967441182937158, 0.9341192757044324, 0.4360289058678783, 0.6235803741698938, 0.3486714331050228, 0.5183009023658043, 0.5681677512080975, 0.34500642137771537, 0.680956796304762, 0.6819246522298127, 0.21342518010293748, 0.6088676535760633, 0.5305584284195892, 0.36530753894209683, 0.3051053275278096, 0.2927388559967784, 0.3629111732446135, 0.7655267781112634, 0.4215648559529886, 0.7443928643108803, 0.5267280820385944], [0.5927160383360328, 0.43901352525031084, 0.5500814877677583, 0.3763410897497445, 0.23427867306048744, 0.4238324236944595, 0.44819876162392075, 0.516162721201317, 0.7790548842307997, 0.35271081199912785, 0.57750984664572, 0.43714451435521484, 0.49071868345453723, 0.6359556849093065, 0.3470348295674231, 0.3558056360796199, 0.39416980113018174, 0.6553131143023975, 0.5765842033197612, 0.280654821147998, 0.2632098981147784, 0.5050814846178407, 0.31545291872175796, 0.4070453516523584, 0.31768044473507423, 0.5214277870930423, 0.26531738736668653, 0.7034165457629057, 0.5110889421839924, 0.3966579135900041, 0.9109330041288014, 0.44479401589149736, 0.6378979616509175, 0.34430884040741555, 0.5451201929334465, 0.554583229903265, 0.34320171052431586, 0.6672082177738478, 0.6728616331301821, 0.219540050326354, 0.6337540907568326, 0.5225733561335053, 0.3298606628412979, 0.2826717776650078, 0.27090776576684145, 0.36338298729861773, 0.8397111975527805, 0.4550709385801988, 0.7757460652490171, 0.5135159162596951], [0.466903996071996, 0.3364872560818936, 0.5651785420927701, 0.30126123841329683, 0.9052403078814706, 0.4238874720377819, 0.1976763420264552, 0.652267227098717, 0.505874424909396, 0.8141246149071435, 0.8714004955479112, 0.40078883531906767, 0.7306637858426692, 0.6871604874899351, 0.3682901261758679, 0.30853218518381037, 0.442052103462397, 0.5019338295242153, 0.47278507297628497, 0.7997891706827388, 0.8849720207671874, 0.38272079593299513, 0.8802317576516827, 0.410702421936572, 0.280068722947095, 0.1954313652946618, 0.250717260951595, 0.3520274286910007, 0.7128388521796578, 0.2255360639027736, 0.11163472458002674, 0.5888278043943119, 0.6575123096921234, 0.43564485094906263, 0.6845931342147182, 0.7316750131647426, 0.4318004271347897, 0.14844121963738038, 0.10255009955332531, 0.3387800713329954, 0.6073358523051535, 0.39478295338228536, 0.41040944591273176, 0.563482771358984, 0.38096002468763807, 0.4668562116788092, 0.22549118665625342, 0.2820471558054668, 0.44376273802000243, 0.5398699784218601], [0.3462303752858385, 0.29165622722300305, 0.34207839807869583, 0.13712645529600606, 0.6192878510640388, 0.495845826659494, 0.23996552185396608, 0.7201049044802575, 0.39641968232617536, 0.7990927090192921, 0.7102125541634142, 0.6199650161518144, 0.4324941121769532, 0.13084154310933604, 0.5065099559562529, 0.5360014526613734, 0.21644050992185132, 0.5583999975616011, 0.626827738523734, 0.429823922926339, 0.1919202758798198, 0.5957544038955087, 0.1332413008838131, 0.43979815214224655, 0.30199337876462323, 0.41637859195869464, 0.5657151856092157, 0.5901701092983328, 0.36581261383150915, 0.21866966978862798, 0.2587152329898528, 0.13221118977767857, 0.0758085074880771, 0.3906705896810451, 0.4386913482733535, 0.46679566413033086, 0.4672240605780539, 0.9232931822643794, 0.3284270859246528, 0.46662786473261086, 0.42623568746327867, 0.3526958140000481, 0.5622249474926053, 0.22191822245991247, 0.14602423707236828, 0.9378919779796013, 0.3243865012050309, 0.5020451092216279, 0.38978647169935393, 0.43076567026167417], [0.31791996666345673, 0.2883550200915481, 0.5150753977353336, 0.2770965416684658, 0.3861737229263502, 0.4685469767648099, 0.6210062563553358, 0.6889128055469247, 0.5040318236683868, 0.6238999597296941, 0.2129251756150048, 0.4470704777315682, 0.6771805479762791, 0.5497338454801967, 0.3676079542291331, 0.6200773712503199, 0.2758563108887906, 0.3367476206957723, 0.5517048204323557, 0.24976383873244634, 0.3140170878465609, 0.27708536196316996, 0.3811004228266081, 0.21907308797774408, 0.4596172050053593, 0.2810356848659812, 0.32086787052493254, 0.6102277545081064, 0.5778497996846031, 0.3233709685950412, 0.14686569556002987, 0.22473847626134708, 0.44888496054310056, 0.2915509542159383, 0.6842892682132222, 0.38992993510749585, 0.2851652195575349, 0.3387561837371843, 0.2930793507895842, 0.1662441338020942, 0.486901673135932, 0.20722761803290532, 0.42272467981036643, 0.24096774845715038, 0.2109670157639811, 0.3823579953516026, 0.33635553510034627, 0.29104793299339254, 0.829287511844667, 0.7262676093424848], [0.3241858189356331, 0.28978655242706003, 0.5198286919263199, 0.27020246170176043, 0.38460870141039577, 0.45856718566809246, 0.6194605513648288, 0.6745120964656083, 0.5008094674361713, 0.6036834317035235, 0.2083122871092656, 0.45455474568028753, 0.6694523117092961, 0.5227689644432051, 0.3679118963425375, 0.6063290471027841, 0.27089301091907464, 0.3424355689927623, 0.5490734809970034, 0.2554921884917914, 0.31561550888722667, 0.2694508445068127, 0.3700473745719063, 0.22203416805682621, 0.4539989931378708, 0.28199207096435625, 0.317764670249729, 0.5998806272862858, 0.5576966251662396, 0.31698953839734323, 0.1442882071458414, 0.22638368801463957, 0.4325296023742878, 0.2845803274400826, 0.6823577663400296, 0.38003837690086506, 0.2726336985281244, 0.33307637805362333, 0.290301758648188, 0.1651976835923799, 0.46958278251127356, 0.21001455863844465, 0.42481744946118205, 0.23802290035192886, 0.21057050152840634, 0.37545481823919763, 0.3350949635788316, 0.289635157656583, 0.8385761457289378, 0.7405445034563588]], "G": [[0.17299675546572643, 0.15047204791057697, 0.3335487727524246, 0.3429824238712714], [0.06106662943697968, 0.031160970765633036, 0.4466305023685637, 0.46114189742882356], [0.2263063174200434, 0.23831858375100368, 0.2626033387855294, 0.2727717600434239], [0.07097239596425563, 0.07278951103265836, 0.4224786237080697, 0.43375946929501646], [0.34588223401752666, 0.3433822639277469, 0.14694409853915708, 0.16379140351556884], [0.12074626204179563, 0.11961669417659897, 0.3713739698066688, 0.3882630739749362], [0.15789817912222912, 0.16782348056618132, 0.3293275241452849, 0.3449508161663045], [0.3206632254080079, 0.025815679032581654, 0.32358314049748427, 0.32993795506192597], [0.41812898978114227, 0.09714804941758054, 0.2374217262536588, 0.24730123454761796], [0.10053991428185496, 0.04186779338187758, 0.4252621510149708, 0.43233014132129627], [0.0453566838358324, 0.048604540832833484, 0.4420818309762956, 0.4639569443550393], [0.3540308822737612, 0.36295837264310465, 0.13319049809431377, 0.14982024698882007], [0.21229428301975176, 0.22470807459738987, 0.2795912707446697, 0.28340637163818855], [0.15043143219365607, 0.15492161074983088, 0.33821524243452383, 0.35643171462198914], [0.07963302269290914, 0.07747734895604065, 0.4136830032812147, 0.42920662506983526], [0.18943013199740144, 0.1909155067205497, 0.30551642515327476, 0.3141379361287738], [0.7469337866599438, 0.019701236462098697, 0.11394495162164993, 0.11942002525630788], [0.08805616108180148, 0.0890198191984402, 0.4067597262932877, 0.41616429342647115], [0.18282472450633833, 0.19579509082485452, 0.3098645163641274, 0.3115156683046805], [0.18919586329213836, 0.20590329917768277, 0.2941769506250492, 0.3107238869051307], [0.028329963903113913, 0.056073055176530925, 0.45186380961143935, 0.463733171308916], [0.0805309019681235, 0.09300100507032967, 0.4040032595861437, 0.42246483337540275], [0.22402538780780265, 0.2413570680897386, 0.2619263706341851, 0.2726911734682731], [0.035975989919621996, 0.03566084208717752, 0.4532713792416932, 0.47509178875150754], [0.3296503806163815, 0.3438834129665843, 0.1623893693752012, 0.16407683704183332], [0.18838449014321842, 0.20255364871957324, 0.2953461181990065, 0.3137157429381998], [0.17017807029911416, 0.17624978942076366, 0.3193140264004485, 0.3342581138796737], [0.05269580915740095, 0.18543459251481892, 0.37625792688765697, 0.38561167144012365], [0.29431196470195176, 0.3008511675873506, 0.1984652099983773, 0.20637165771232094], [0.04801775637397299, 0.04998660275702378, 0.44801214703838826, 0.45398349383061537], [0.12843650464147716, 0.09159936888009595, 0.3835384790905067, 0.3964256473879203], [0.06725666921262406, 0.07526090224748924, 0.4206436722188, 0.43683875632108715], [0.03988825069574461, 0.04243412927085656, 0.45743463609160323, 0.46024298394179575], [0.06511191969133255, 0.07044484640276202, 0.4301450430719731, 0.43429819083393223], [0.0940717365575735, 0.05678082775225004, 0.4199565649027301, 0.42919087078744683], [0.23019089715907132, 0.1634498296081437, 0.30128874393811067, 0.30507052929467426], [0.05270009554264238, 0.04388220185345835, 0.445876592476545, 0.45754111012735443], [0.13612315584650025, 0.14584321505893041, 0.3538245550891525, 0.36420907400541713], [0.2124948487085284, 0.21053867777674415, 0.2820308705387094, 0.29493560297601856], [0.3191905884064548, 0.3340918953676141, 0.16610331153430605, 0.1806142046916248], [0.47225177475072955, 0.01989168273428775, 0.25215161700020894, 0.2557049255147743], [0.05136403907287538, 0.054077332245213154, 0.43993290792707573, 0.4546257207548365], [0.26211827332775867, 0.27274745991905186, 0.2276887351707936, 0.23744553158239515], [0.16757567286471292, 0.17180090340046225, 0.32338814153026296, 0.3372352822045616], [0.411773000106326, 0.03325087616488928, 0.2745257555155003, 0.28045036821328434], [0.008339105610385391, 0.009064176245650061, 0.48730331473529476, 0.4952934034086695], [0.11564721489851218, 0.1211376879659549, 0.3752670405310486, 0.3879480566044841], [0.0867236403697457, 0.09093389006255397, 0.40509202544231215, 0.4172504441253883], [0.16988826253477585, 0.18396309953183082, 0.3174295843234059, 0.32871905360998677], [0.32287531646521517, 0.22396889156096783, 0.21977145197966916, 0.2333843399941473], [0.22387257064991287, 0.23170887758085001, 0.2654968445839078, 0.278921707185329], [0.10830199423049808, 0.10806439707205082, 0.3887043443793415, 0.3949292643181096], [0.06024278126893001, 0.06961478741035958, 0.4285320722924795, 0.44161035902823154], [0.07986031028023016, 0.08826705709568981, 0.40702115088478885, 0.424851481739292], [0.18474360172523283, 0.18959418213064883, 0.30890842828312776, 0.3167537878609905], [0.039155974183028026, 0.03790962305307039, 0.4561767562136907, 0.4667576465502114], [0.062232464203694965, 0.06620785670702779, 0.42861741949969084, 0.4429422595895868], [0.0467090061093265, 0.02416529561398235, 0.460830619540547, 0.4682950787361435], [0.4028285892905458, 0.042113125868286916, 0.27028608735746135, 0.284772197483706], [0.034438547951069945, 0.5967373552099172, 0.18466168426553306, 0.18416241257348015], [0.26872988044680934, 0.2788033128842445, 0.21874656863079472, 0.23372023803815156], [0.10549875620204302, 0.11462823160750818, 0.38445923789892666, 0.3954137742915216], [0.1569420915242369, 0.17343582128221896, 0.32635575811139017, 0.34326632908215365], [0.20047113116950968, 0.20560756075879977, 0.29190519922087704, 0.30201610885081387], [0.02175370665099246, 0.2822523543130052, 0.34521955210958233, 0.3507743869264198], [0.09131673652396918, 0.09728893909670683, 0.39933769325742624, 0.412056631121897], [0.10598122061146492, 0.19824728393470517, 0.3448084467546222, 0.3509630486992072], [0.12986513607890846, 0.1354688020558917, 0.3617449366783458, 0.37292112518685433], [0.19289157124766715, 0.19876335393439704, 0.2970555602234788, 0.31128951459445675], [0.14488972501156863, 0.15076949253600533, 0.34045684563852796, 0.3638839368138981], [0.13744781646095577, 0.13989674457535914, 0.3532811194770206, 0.3693743194866654], [0.12664977538390498, 0.12924202876084562, 0.36814157555062565, 0.37596662030462447], [0.22332691828994583, 0.23674441872714877, 0.2633069283346296, 0.27662173464827566], [0.1020996198473312, 0.11299204202528904, 0.38490196115897535, 0.40000637696840413], [0.11105865751477013, 0.3023322657993359, 0.2914761280469103, 0.29513294863898304], [0.17819204333454833, 0.18370816519827912, 0.3155150870540858, 0.3225847044130861], [0.3695521054912771, 0.37350807168346056, 0.1236884196022569, 0.13325140322300483], [0.03825338913020038, 0.039649645589336716, 0.4491902918196564, 0.4729066734608069], [0.06365854688927357, 0.06896078106769578, 0.4273074878611075, 0.4400731841819231], [0.07471302680631312, 0.08210154592436122, 0.41771742315270055, 0.42546800411662555], [0.04046364275498911, 0.04204498140938755, 0.4479406119072648, 0.46955076392835815], [0.19973232494452428, 0.14839255850089933, 0.32322091327649566, 0.3286542032780812], [0.06761574568682999, 0.07139406487358872, 0.4217662629145172, 0.43922392652506415], [0.08350346741906564, 0.08218820428585186, 0.4105142957830652, 0.4237940325120178], [0.01865516068749902, 0.025119322613002978, 0.4669045818215915, 0.48932093487790673], [0.32917164638625057, 0.3474050177564747, 0.1546401096883626, 0.1687832261689122], [0.2862458676108186, 0.2894569616290201, 0.20937377193362972, 0.21492339882653105], [0.23564077039153725, 0.24451412426757893, 0.2533266853644646, 0.2665184199764188], [0.28410865229258936, 0.29013400820323654, 0.20767434928423664, 0.21808299021993757], [0.03806690312609333, 0.04175538995318764, 0.45486789719700466, 0.4653098097237148], [0.27134625043275357, 0.2853386774326921, 0.21642726545612095, 0.22688780667843406], [0.33519755711675886, 0.3505926558771965, 0.14900121910715078, 0.16520856789889393], [0.27168420448981734, 0.2862842410125947, 0.21737039804502867, 0.22466115645255938], [0.08562782065941081, 0.0881849041683758, 0.4078826560746136, 0.41830461909760047], [0.0882004066649069, 0.09354611768012049, 0.40146901424510795, 0.41678446140986514], [0.08390052549990007, 0.21453083468640077, 0.34612777046452786, 0.355440869349171], [0.08188623705937283, 0.08882618399104307, 0.4076435745798798, 0.4216440043697044], [0.06898658200120676, 0.0440225582022422, 0.43653889012429525, 0.4504519696722558], [0.21789507409087533, 0.27363314580538745, 0.2517072942544215, 0.2567644858493162], [0.05781600255122606, 0.06845717585222395, 0.4283781228179687, 0.4453486987785818], [0.020873861713159626, 0.4868547650704195, 0.2423288799998949, 0.24994249321652523], [0.0839347581534558, 0.09045348264324284, 0.4016651395180848, 0.42394661968521696], [0.16505897716972281, 0.1114711969725923, 0.35317882616489515, 0.3702909996927898], [0.25421730032663353, 0.2636210216734045, 0.23457959797652742, 0.24758208002343451], [0.2544696970294807, 0.2618924908132945, 0.23254740317992664, 0.25109040897729845], [0.19746063419558177, 0.027529767749498012, 0.3864489846599279, 0.3885606133949924], [0.02348256882307416, 0.025689041977685092, 0.46500632826870775, 0.4858220609305331], [0.034481416315916315, 0.02442246855547907, 0.4625535018234167, 0.47854261330518816], [0.020189569829070022, 0.40043040986770667, 0.28820904568644573, 0.29117097461677816], [0.04098953549088465, 0.018521819128108494, 0.4672008761040828, 0.47328776927692523], [0.0629169489223719, 0.062850864062119, 0.4315688415417109, 0.4426633454737981], [0.17920514303601873, 0.19011408435836674, 0.30635757662624297, 0.32432319597937276], [0.044494534130472954, 0.4938116351388896, 0.22861157737013246, 0.2330822533605054], [0.1732195727588076, 0.18814756155704765, 0.3119555517176613, 0.32667731396648403], [0.22139838991292843, 0.22886689203795346, 0.2701146842479037, 0.2796200338012146], [0.06293086481433949, 0.07209117415414669, 0.4234117466418198, 0.44156621438969434], [0.2535149007641776, 0.2640743701610279, 0.23450223781510834, 0.24790849125968661], [0.4995756058693733, 0.16075296387431404, 0.16970611975236483, 0.16996531050394809], [0.1597006697489411, 0.16255537035720838, 0.33158366314628934, 0.3461602967475609], [0.17537664785550303, 0.1805638342145847, 0.31534245076895345, 0.32871706716095883], [0.045993383312410464, 0.04857340804337276, 0.44626121717848105, 0.4591719914657351], [0.17472495556283238, 0.1742730176264351, 0.31985024246917765, 0.33115178434155496], [0.2247498711699069, 0.24864676414102188, 0.2566720901886942, 0.2699312745003773], [0.1780782502788472, 0.181932728799916, 0.3117855288685643, 0.32820349205267274], [0.15129284273492707, 0.1545328037873282, 0.3399281353159427, 0.3542462181618024], [0.08228666694620632, 0.08973213671157189, 0.4088599523740187, 0.4191212439682037], [0.06692141740307253, 0.07248970238880904, 0.4249660306032627, 0.43562284960485576], [0.04141553224097172, 0.043350431881037606, 0.4493483082932364, 0.4658857275847541], [0.036981140607782195, 0.029509231938361656, 0.46026283271843377, 0.47324679473542314], [0.24886115303725687, 0.2515464896105385, 0.24305127633350893, 0.2565410810186961], [0.27536753638983336, 0.28530023798698345, 0.2129322356650324, 0.2263999899581511], [0.02810209399488605, 0.04792078125144901, 0.45743634280603057, 0.46654078194763443], [0.150976998676175, 0.15245654093850566, 0.3381416990905618, 0.3584247612947574], [0.10641302432138529, 0.11837274434163945, 0.3762034577388374, 0.39901077359813797], [0.1658683110659356, 0.18665558539930033, 0.32144697841198894, 0.326029125122775], [0.09291327372827256, 0.14466525770405156, 0.3757047065815931, 0.38671676198608246], [0.07192289786609883, 0.0