{"estimation": {"a": 11.451529478373338, "rho": [0.15816646093923117, 0.1582219372969522, 0.34242236918424235, 0.3411892325795746], "Mu": [[2.434838599172241, 2.1268249724489006, -3.83431455353921, -2.106382112153076, -1.0020825050760749, -5.007305078816708, -0.039090012175328474, 2.2429045281868145, -5.575925166551568, -1.1494425256712375, -0.6583576859301016, -0.43812627600623977, 3.0102948825458657, -2.7810766257072097, 1.5969476595999585, 1.4602762845005748, -0.4063336049599112, 4.530246887614979, 0.04257264994387268, -0.7437114288039729, -0.5845739365539318, 1.81954191791629, -1.160377843648038, 3.7966966723426427, -1.4973473915267936, 1.2961261595343543, 5.21807935018871, -4.452392165715385, 0.2217854037647196, 0.5379683105330367, 3.140137181707461, 2.455940064335733, -0.28701147241889985, 1.1701673629220832, 0.7058605363832325, 2.6188629742891307, -0.6569630604123002, -5.0028728245400815, -2.6001690103547848, -1.0204657964662656, 2.203210234134053, -0.11399419923489086, 3.0732533469884555, -0.16950862899662514, -3.5245403518440828, -0.16518858067619863, -3.638615921072074, 1.7551446206731844, 4.250925879808612, -0.4813810498608304], [1.1141977457465264, -0.7416713325582313, -5.966470661825841, -6.049387352765081, 2.27708213968644, -5.106776052915925, -1.8698702369251525, 1.3527741067030437, -2.8640610079110806, 0.9247274582727409, 4.799894753743097, 1.5184880191908021, 2.0466299097029013, -3.0570557125305715, -0.40101492752956386, -1.6530346509040863, 1.260326112104453, 0.32658723462088346, 0.19293075082977237, -1.1230293092067765, -8.778568148140822, 0.2657076464882828, -0.8839213982502607, 4.642467514588007, 0.6690808059071239, 0.9113358893783565, -0.25818834577848276, -1.8751675781221486, -1.0100743864131045, -0.6432196301228006, 0.2473166396860007, 2.747468307022146, 0.21272470319892617, 2.7528203203750103, -0.3706265761592692, 1.4850012346766586, 1.3371511468849322, -1.865938342300254, -2.4521669049273376, -0.6085452856110907, 3.4838605216273812, -1.3291123875652646, 3.4411037336478136, 2.0887401488799964, -2.31038913100751, -0.070532741012765, -5.516184047411905, 2.1864323225835682, 2.2835461507330175, 1.9707866420203095], [3.7806497192647783, 2.7761673954741464, -1.5081400892622312, -0.02680280053453352, 2.412910454859577, -2.2932869633134265, -4.446385185440468, 0.20388715326130874, 0.23036178250582318, -2.0729807298967278, 0.2276394243400467, -0.41639238515770816, 2.4712010405612856, -2.503253552631914, -0.015070204999006999, -2.04679378970759, -2.999407277547281, 1.097760849491222, -1.3955455679744149, 0.6860567052254792, 1.5603074457008947, 0.2996146929392912, -1.0556017374662041, 0.6692445259498039, -3.797151618973972, 0.6338039678773045, 1.4247866721415592, -2.1124094890675598, -0.5458795296335772, 1.3727843316468515, 2.5655550286295163, -0.7062408929614115, -0.9643991949571998, 0.9238968263194846, -1.1083934245709661, 4.346037724220397, -1.071238474792764, 0.5341939401472133, 2.360744906770039, -3.090569193741668, -2.393526836611058, 1.4405482549989996, -1.2069930222612653, -0.7829803392782336, -1.0923546895582743, 0.2855625362600136, -0.7815975674476557, -0.1540227735548634, -0.9443216503760782, -1.0652318116722297], [3.5104183995886613, 2.5296677809666477, -1.8330247319962267, 0.05881323945254967, 1.338746915703957, -2.3853179162821205, -4.686232374035185, 0.35562705630039426, 0.3342225833943964, -1.954925341740358, -0.10124139959654385, -0.10323321295537488, 2.4741814209354756, -2.4231210762711104, 0.3382448919743776, -2.28438523157321, -2.6606318181693727, 1.1659236401754092, -1.3148061437122947, 0.5150689525812894, 1.6591059372582053, 0.24527300290586918, -1.41014975789294, 0.12306777750302676, -3.5986720313999614, 0.7557538222138358, 1.8679499686920984, -2.236572835675551, -0.040001929077054306, 1.5996527427041438, 2.1392183674802983, -0.5083868845399959, -1.0542902978767572, 0.8600987066419261, -1.1537553195390242, 4.44892694612762, -1.3779509256506173, 0.556474176427639, 2.3505684519781767, -2.85195875718534, -2.4816246981843073, 1.2112626679548406, -1.5839310894223273, -0.38405489225721906, -1.5160849589400647, -0.001449051846556327, -0.3437070408810363, -0.11041921887559294, -1.0972685435073755, -1.5039593754672982], [0.6287767635123106, -1.1820355937358498, -1.0159834987548415, 1.5647244618627913, -0.6626794400173229, -1.9984689939724238, 0.14273325446123056, 0.2883085358372161, -3.44075740250863, -2.581398617041622, -0.4336638437243219, 1.6576734194036986, -0.11832598086929251, -2.356788466044283, 2.962637237982294, -2.3362905875958466, -4.394844542290532, -1.9172780338368667, 0.6535929708588869, 0.35805107757041166, 0.11586388761722373, 2.8007396032922447, -3.5776367978491446, 6.033342804773544, -4.633631552791368, 3.7389069440073945, 2.1406899508321446, -1.5816993363669984, -4.668802176343544, 4.048197108429729, 0.8500221184883624, 2.4516079359086196, -0.06282356195216887, -0.49879758950959224, 3.2297946795294665, 1.39312393012007, -0.039087892891843466, -0.2485939506770271, 0.8599492666762922, -1.0599767444790487, -2.8899866907398444, 2.985390455563721, 4.6665133881259635, 0.3894577752282415, -5.741243923742437, 1.4923621849591076, -3.333309615680554, 0.8035594716736573, -2.199472055132649, 1.2516238327522942], [0.6846119068613936, -1.0125619528319763, -0.9813081014857205, 1.1644771807300698, -0.48395250514562116, -1.8894807253494446, -0.309552842586624, 0.17789167524726981, -3.3606431316682035, -3.1613408601445934, -0.6736288286902284, 1.5512997933287074, -0.15874668598130612, -2.416821958583655, 3.2393469560547565, -2.3814467891772146, -4.220518733265894, -1.7551619405797287, 0.31241218572524004, 0.2804847462003948, 0.04408978120694389, 2.8466673104520592, -3.6729324263379914, 6.214791386987127, -4.850763218875474, 4.45559370946806, 2.340449017867636, -1.3402052699687672, -4.678600402192143, 3.9452715869949886, 0.5680239496935494, 2.659147140927008, 0.35107117006026933, -0.6958812284595641, 2.5454181049255147, 0.9583890687938208, -0.1720186658650298, -0.1504199240965169, 1.1796954381507403, -1.6861556169734404, -3.044479898156608, 2.814170407280159, 4.661679619426242, 0.22686142644351814, -5.7171523147227274, 1.5885704494204038, -3.402508550625122, 0.6250511692097763, -2.2057061063165904, 1.3563352126549544], [-0.57775718958728, -3.5783939863451595, -1.0646631604317005, 0.08536305668842377, -3.04764134582865, 2.5205166234320284, 2.330131537147136, -1.131930515395584, 1.620694762156244, 3.1637779564532473, 1.0238759852467134, 4.335086829926883, -0.38400134821672455, -0.8500735195178413, -2.119893592273701, -4.790534232722754, 5.149215894116872, -0.30003471790665553, 4.576340186683185, 2.3205105662867695, 1.0540240952869666, -0.020732091827418066, 3.3259299997929817, -4.282211824419886, -1.3147679474040888, -2.022630528379097, -3.901498893731149, -1.4179020115942451, 0.5202162176829613, 1.1040886814201623, 0.5546430101515175, -0.2039121165670692, 1.113988086354667, 4.357643494516358, 0.16396551938333215, -0.031135210054314008, 2.8854742866310845, -1.2803263535374239, -4.0976602784609675, 4.48268505110177, 0.32397689553516634, -1.1015051978474781, 0.41860313139982336, 1.804767850697777, 0.5533538425535582, 1.7070479767423674, 0.3623514303131547, 0.8875140596135421, -1.936050629603405, -1.404195353040474], [-0.4690193870164972, -3.5933942285070506, -1.0109274678617501, 0.027773703873686544, -3.0190846290520645, 2.529002430672758, 1.7208170479805598, -1.2415142414892528, 1.739855578128017, 3.172781257486249, 1.2156838311509104, 4.590429210972455, -0.3394733425351422, -0.8742600594752851, -2.1372131893275266, -4.655384542172581, 5.364031772599667, -0.3354019299503929, 4.416029746141804, 2.3642373568733595, 1.1339612316486005, -0.056140704560338095, 3.364113136455238, -4.212852061502378, -1.5999735567148237, -0.3989662737608237, -4.003474034650827, -1.350671471382072, 0.8543097022908925, 1.1293914220227868, 0.5400052717009717, -0.23730883288986618, 1.1839222819953266, 4.0785203842381765, 0.16422910845678904, -0.059327749282284126, 2.859909776582495, -1.2732610401904103, -4.140805784214676, 4.297886168430258, 0.28607486285468575, -1.0263513702073142, 0.44964273742519945, 1.712681463856774, 0.4760221127739696, 1.7472367716462749, 0.324995900457151, 1.0724924722018376, -1.878047505679598, -1.3841923941373349]], "Lambda": [[0.7844253552352535, 0.9704876762657113, 0.4425833638492233, 0.4405041392589471, 0.4133367129737497, 0.535971072870731, 0.47150346605561466, 0.3322845472924627, 0.2991811409086444, 0.6165041648954619, 0.5091232195020021, 0.6625669150181159, 0.33041356327787785, 0.4700722633761696, 0.7514140569879991, 0.5591868408844514, 0.7747862977015244, 0.2353817487845756, 0.6669158441204438, 0.4448730827212054, 0.2701423777957252, 0.5965441629521564, 0.670761807638135, 0.43271845773969875, 0.529973730292173, 0.5457885354257536, 0.5790459175142773, 0.6421609647644311, 0.4605409362471159, 0.42201504092972675, 0.6131289702220615, 0.6431013245006827, 0.3278058046082988, 0.29793743369095965, 0.8707289291335465, 0.4598497528210457, 0.7364231182460705, 0.4027774259898319, 0.4663132580274662, 0.18525361379993432, 0.5866151386673467, 0.9047893101079335, 0.42326983192903006, 0.5564703354260518, 0.7198634890303521, 0.4127403602644325, 0.429154033421269, 0.4553020756203262, 0.36018471362899, 0.5177493651518629], [0.501705633535834, 0.6426413363819662, 0.3238748757942436, 0.46569657856675095, 0.570690382773946, 0.6252890004999617, 0.40766039641179325, 0.37059242519970376, 0.33792624699147145, 0.42043045795400885, 0.39988904237246603, 0.6721943235778773, 0.15677385776207117, 0.4165413162542071, 0.7535068882553266, 0.3990239795666182, 0.7174733720750026, 0.2696904351857964, 0.7454553240367104, 0.37717214780023034, 0.26372908234396253, 0.6404391822039934, 0.49252609610351483, 0.5433466864088692, 0.5244033173068833, 0.61466892137473, 0.4386303053899118, 0.7142346634816072, 0.6456366562079665, 0.3872656913000685, 0.5351701059870846, 0.440932465235706, 0.29608556197338237, 0.4324794494751092, 0.7122357381276907, 0.47680717293093455, 0.5173230522947568, 0.46546961044921437, 0.46101079596432115, 0.2586316943017729, 0.6506697710402993, 0.7583628717114342, 0.4504866427458192, 0.5227014004673476, 0.6631906223342592, 0.37448850831543073, 0.46023259883287343, 0.45397920453399493, 0.44769137986524093, 0.6147437281613922], [0.32529450352894446, 0.8962735150782369, 0.3607785436747865, 0.5887412022696844, 0.42638273463580073, 0.5836559601348925, 0.34357460714778454, 0.5258750720685821, 0.5847716694171492, 0.48899732347991287, 0.37122562030935063, 0.49022485447600345, 0.5483854727305498, 0.519177737661162, 0.38155823432856073, 0.3348202491060657, 0.31833217264090674, 0.48836100577103686, 0.6002238867093899, 0.4603296632543126, 0.6724586981808398, 0.2926771807059027, 0.3668383587387675, 0.32293614648686475, 0.5703931282945276, 0.47844588274863403, 0.4503001883672218, 0.5571531529580366, 0.3503388692773621, 0.36229155030201876, 0.5274921987522292, 0.520001060715378, 0.5445418125848088, 0.6515006307388154, 0.3348771757524608, 0.5299565329080197, 0.4745402853517121, 0.3989231318048456, 0.4364318940841839, 0.5507222192188124, 0.6582792365249144, 0.42962509876247473, 0.5029041823795458, 0.3399072240024854, 0.6542547366497479, 0.43056731090124917, 0.4166539737481459, 0.41180422438415865, 0.7207467732433591, 0.5037158860996896], [0.3310191976869134, 0.9013345592894629, 0.3610061740578084, 0.6086683699930207, 0.4114015231994562, 0.5839327400016703, 0.3405681519935895, 0.5068898973111091, 0.5964375763706723, 0.4677275884552169, 0.37326160315768336, 0.5183262214329598, 0.5639951688921483, 0.5462782466989499, 0.3730507119724947, 0.33912195391824407, 0.31245210378118965, 0.4786207736760658, 0.5597325830038067, 0.45221081705453126, 0.6774973072991485, 0.27923608374198156, 0.36443677863999235, 0.32406166280852255, 0.5911469040517523, 0.48364976756928013, 0.4288781669939367, 0.5612760371634423, 0.3616554195816392, 0.35733711228059495, 0.5307699436980503, 0.5605788667947387, 0.5416835770349652, 0.6517074675298491, 0.35555268067090606, 0.4946467215433248, 0.47593634682615416, 0.4061568530514536, 0.4214004613753243, 0.5922131192656693, 0.655905981145958, 0.42220394570241804, 0.5136284623737984, 0.320910623966371, 0.6261023427655824, 0.4129259441036618, 0.3921776768061219, 0.4254518281525476, 0.6815340715611305, 0.4961148278354964], [0.6881259305856092, 0.4519308793057293, 0.4825805006327881, 0.3044733644472016, 0.4440475416556676, 0.516397426284821, 0.27511979649060775, 0.53254864891407, 0.28779666931221176, 0.5901492069855244, 0.6149147641105697, 0.321396401541473, 0.48559959638275946, 0.3195183311773277, 0.539667519076431, 0.4670690524769803, 0.3051693403002544, 0.1856839377660014, 0.2849078661842391, 0.4972418159617052, 0.4360048728600414, 0.5034327051451875, 0.4871129631788653, 0.2768425633657542, 0.29505747817496775, 0.2792866338064933, 0.8051183843422846, 0.5854104568544003, 0.20903630684751076, 0.28265205390596304, 0.5441693870745019, 0.898544263993654, 0.2690609167944715, 0.5795287070523002, 0.39488839761718736, 0.1672472433910304, 0.6237447893131638, 0.5442071395679681, 0.6247836197923106, 0.19684088305944927, 0.6436039978411463, 0.6571498619826348, 0.5942288529375673, 0.5597173856325786, 0.328802287064926, 0.5455439256371972, 0.25967486012623914, 0.8200581618511396, 0.5667601037489958, 0.6192706851932239], [0.713883756073467, 0.4407862664199973, 0.4570201793041084, 0.32092711348442876, 0.43840540432546127, 0.5279356932323765, 0.2732079188197806, 0.5042378251009546, 0.2925455065021497, 0.5934574982706936, 0.5982393318505024, 0.32141261130007576, 0.4951946106055181, 0.31774967513839536, 0.5404295631885654, 0.4789814812005439, 0.3260360631084479, 0.1743324237989613, 0.2884081392368436, 0.4989429932020461, 0.4352684740925886, 0.5021758810577659, 0.4811405544399621, 0.28365009532408514, 0.29628370448814884, 0.2738339608154305, 0.7492627778130283, 0.5853328063648954, 0.21374493276266515, 0.2724821987444097, 0.5237322581267029, 0.8700934732676833, 0.2793219888172459, 0.5980498682106774, 0.40364524243758415, 0.1632008437740502, 0.650714225301644, 0.5208138283515674, 0.6299199921339833, 0.1963376119974567, 0.6304139516392004, 0.6840709044514371, 0.5761915425050627, 0.5399597863429694, 0.33623254318932433, 0.528718360356781, 0.25954637915223094, 0.7976814269176163, 0.5800545061125691, 0.6441722136320253], [0.36555111749151614, 0.344198894833733, 0.26513217565138364, 0.5358431198395395, 0.3846794598944495, 0.4669947536187408, 0.1817423813121057, 0.5028194795909254, 0.17867296139108918, 0.4571919990162417, 0.3193428677021383, 0.21472623375900854, 0.36913205058936804, 0.42725600546757186, 0.6135028678497059, 0.31100015473539877, 0.31593686492942774, 0.38113463878253606, 0.19090981504972795, 0.5100703100365881, 0.498652348512493, 0.3016557270791846, 0.6436654301242669, 0.19789759771141494, 0.24865608103851428, 0.2786267616551193, 0.342096444532958, 0.48370565511138713, 0.209007816898122, 0.659514543429496, 0.6176814838826739, 0.7880408161567187, 0.33993895388268325, 0.29781856913507637, 0.8143246680360299, 0.32678717473823976, 0.5105905349175097, 0.49798395718112654, 0.6036349527414481, 0.20362532871260797, 0.8980324798538594, 0.5503273748426544, 0.5517608451458753, 0.5758132244736731, 0.6114963791341094, 0.8383411179762266, 0.3637242486866313, 0.5417926545390137, 0.3795886662621942, 0.9733622198643869], [0.36714123906915525, 0.3409740031459308, 0.2566010953740278, 0.5342730781564499, 0.38943043476037553, 0.46847894193312223, 0.18342603506383243, 0.5038271166062483, 0.17925431273555545, 0.4485364239551561, 0.3243445057016292, 0.22071596815075062, 0.3582653610936024, 0.41410324210311455, 0.6074077644051584, 0.3142578478889641, 0.3163822530173976, 0.3985192639658906, 0.20772590754755157, 0.49688408863945194, 0.4817783658610431, 0.3037736163589365, 0.6295872143042933, 0.1995402738011817, 0.24785370704876772, 0.29543332872625183, 0.33555021272297186, 0.48406642010691947, 0.21085299746689065, 0.6795174317885465, 0.6332422343605256, 0.7805275152845542, 0.33892266351583006, 0.310029331634295, 0.7840609373570985, 0.32337659914100436, 0.5021419458018368, 0.49273855530293786, 0.584485189144605, 0.20373501264284424, 0.9181260132207681, 0.5612175916265797, 0.5602454018721565, 0.5845392874467741, 0.5951466431523786, 0.8291805457966405, 0.3642971776701436, 0.5491027864081823, 0.38800450806046627, 0.9734566414728145]], "G": [[0.07788814523033347, 0.07646130765077373, 0.4232582794441676, 0.4223922676747254], [0.17085048475451256, 0.16901169618995335, 0.3310315856001911, 0.32910623345534235], [0.11343336426439453, 0.2091576014439163, 0.3397039640399678, 0.3377050702517218], [0.15807552225117893, 0.15994606292976976, 0.340634706613774, 0.3413437082052775], [0.15229913235367776, 0.1965986749534804, 0.3256585524480182, 0.3254436402448237], [0.06431405978273591, 0.05072004075038623, 0.44210830834044557, 0.44285759112643225], [0.16613237018077326, 0.16801999750391888, 0.331312151323611, 0.33453548099169667], [0.10319998713102334, 0.10844373238567026, 0.3934209998829663, 0.3949352806003401], [0.12724127295179266, 0.1319822313914317, 0.373634098419148, 0.367142397237628], [0.05437196564057368, 0.05378716184190206, 0.4493948422482893, 0.44244603026923496], [0.23367196595714096, 0.23880663477503017, 0.2616863256319525, 0.26583507363587655], [0.24603066967736095, 0.24383102732807146, 0.2554177882082602, 0.25472051478630786], [0.051007725707036815, 0.0664603364261862, 0.4398268495430569, 0.4427050883237203], [0.14036487709673612, 0.1387819692411233, 0.35915648021541147, 0.3616966734467297], [0.1982024630365864, 0.1998239798879377, 0.30474124796290986, 0.297232309112566], [0.1849167988051449, 0.1862322183152721, 0.3118476940989736, 0.31700328878061024], [0.17906916713581478, 0.17571224272449326, 0.3201170846852103, 0.3251015054544826], [0.24185647110591468, 0.27604737842781746, 0.23704518043498976, 0.2450509700312782], [0.10106882048207737, 0.15585043556273964, 0.3714428598158439, 0.37163788413933957], [0.169647473128681, 0.16571371545962435, 0.33272303754989424, 0.3319157738618005], [0.0878229086996379, 0.08392170593106, 0.41429998108550886, 0.4139554042837928], [0.22742067207327307, 0.1545446725939724, 0.3069794473420369, 0.3110552079907178], [0.13760809524696915, 0.13918557179706278, 0.3595474424986435, 0.3636588904573248], [0.1590378975180592, 0.16201434225487737, 0.3404638790672177, 0.3384838811598457], [0.07590265914928133, 0.08946873526661438, 0.4188912720865647, 0.4157373334975387], [0.19408082095728754, 0.19596331872690798, 0.305366516152427, 0.3045893441633775], [0.20697604930649896, 0.20279571810995733, 0.2943594197897516, 0.29586881279379157], [0.2851502425154026, 0.2842179940893823, 0.21321281188141278, 0.21741895151380225], [0.03931018790158555, 0.037734642493438525, 0.4637000298951038, 0.4592551397098719], [0.23708385602115153, 0.2390346846631518, 0.2617147557235507, 0.2621667035921461], [0.16689985337761973, 0.16341174284819798, 0.3332781881570453, 0.33641021561713624], [0.18374354041486735, 0.1902063756452513, 0.31259902867646744, 0.3134510552634133], [0.19191185840726135, 0.19434963797396804, 0.31042242877023324, 0.30331607484853723], [0.09334631913123372, 0.09181676335688217, 0.4092713418213466, 0.4055655756905375], [0.17756392393097306, 0.17836990097953337, 0.32092189997891823, 0.3231442751105745], [0.24954554336625057, 0.2075563533623525, 0.27013854953870176, 0.27275955373269556], [0.12578085225840166, 0.1281094656098724, 0.37206888288798223, 0.37404079924374384], [0.06373677953608896, 0.06412411598919343, 0.4359103301745192, 0.43622877430019874], [0.2056071875310534, 0.20617512934983473, 0.29768686430875624, 0.2905308188103559], [0.17405660565956232, 0.17567296201481564, 0.3275978290189104, 0.322672603306711], [0.2526164371397036, 0.30109374911360054, 0.22298513131591388, 0.2233046824307826], [0.10115382805169096, 0.09877389135099705, 0.39931522650314955, 0.4007570540941627], [0.13678539091679476, 0.1369446279567348, 0.36373391071113975, 0.3625360704153308], [0.06951454256851598, 0.07210863317446231, 0.4345969600241431, 0.42377986423287867], [0.1961854255819688, 0.19329850993614564, 0.30658853038014294, 0.3039275341017429], [0.17397919031462858, 0.17289780237353636, 0.3254018915374136, 0.3277211157744228], [0.1548801281867063, 0.15382583122213359, 0.34829098467439595, 0.343003055916764], [0.2055347724381889, 0.20509167395542285, 0.29401670092160753, 0.2953568526847798], [0.13230284066370937, 0.10942813413929046, 0.382774836854202, 0.375494188342798], [0.23188623424224536, 0.2397041897028997, 0.26690906944762843, 0.26150050660722707], [0.19935997417182738, 0.2062457911255532, 0.29888498622658966, 0.2955092484760296], [0.07056112513157174, 0.12821863546138054, 0.39922290116881876, 0.4019973382382281], [0.22667210517451017, 0.22311939343245205, 0.2738679051382328, 0.2763405962548051], [0.2000547544997864, 0.199291202254939, 0.30042646458631367, 0.30022757865896177], [0.11017893421993856, 0.11383518480711957, 0.3915644110891998, 0.3844214698837422], [0.18229729891084853, 0.18023581484211196, 0.3165974170780872, 0.3208694691689523], [0.12531842674135568, 0.12224776044984352, 0.37787345937420036, 0.3745603534345999], [0.27319107241709345, 0.21323757160008816, 0.2590114929356813, 0.2545598630471374], [0.09477065371004853, 0.09585815335012181, 0.4031066125280756, 0.40626458041175395], [0.22720279904088816, 0.23225970388665457, 0.27178747581615004, 0.268750021256307], [0.10575329841720477, 0.10483595344483732, 0.3974115775690111, 0.39199917056894723], [0.14194676030559897, 0.14303631692571261, 0.3606539886109676, 0.3543629341577201], [0.0705452666592293, 0.1097889197901136, 0.41120076181518134, 0.4084650517354764], [0.23642086811997973, 0.24356149578471548, 0.2636508511086886, 0.2563667849866167], [0.16167056708548058, 0.08233535683790034, 0.3784408104083343, 0.3775532656682846], [0.20620759449009712, 0.2049522365855202, 0.2933072622061014, 0.2955329067182829], [0.12903285699542724, 0.1338874558906733, 0.37046405990568265, 0.36661562720821744], [0.10751636249105284, 0.10499681034836007, 0.3910563969735867, 0.3964304301869999], [0.20258061287012624, 0.11892058531423445, 0.3433537912428517, 0.33514501057278756], [0.21290084878243665, 0.21311123019596506, 0.28221544739512733, 0.29177247362647124], [0.19075227466980707, 0.19210192245100044, 0.31099827359962706, 0.30614752927956596], [0.12792701397436312, 0.12948974308271266, 0.37308508480636354, 0.3694981581365612], [0.08032272893818376, 0.06768854845603992, 0.4266101897573041, 0.4253785328484721], [0.22642847519057932, 0.22641856280477834, 0.2755488532382575, 0.2716041087663856], [0.21426745276016756, 0.20848090864262664, 0.28727299658353483, 0.28997864201367013], [0.0982360631718945, 0.09945970780977997, 0.40568170293639527, 0.39662252608193027], [0.18780789435014444, 0.20683573828978596, 0.3036364669201376, 0.30171990043993174], [0.17172344853934599, 0.1771465777402501, 0.32496782436171207, 0.32616214935869137], [0.21744642318694948, 0.21656206997115504, 0.2846361590298685, 0.2813553478120254], [0.16900883698283878, 0.16654966362691112, 0.32891071193700355, 0.33553078745324666], [0.11527158859179777, 0.11434606514658614, 0.38561913394229874, 0.38476321231931654], [0.055768114542531694, 0.05480932913076664, 0.45028149343143903, 0.4391410628952633], [0.1975379164227665, 0.2004796150783581, 0.30378050441213694, 0.298201964086738], [0.12512707326634864, 0.12548223011115453, 0.37292950071057884, 0.3764611959119182], [0.2661903645070479, 0.12240431469852338, 0.3068178990343867, 0.3045874217600418], [0.07692009599822315, 0.07717818367840558, 0.4255482581249496, 0.4203534621984221], [0.0810377930824915, 0.07840910400380899, 0.4227940891814788, 0.4177590137322219], [0.21580437866810318, 0.21127947164749686, 0.2857370356198287, 0.2871791140645711], [0.24960609729930153, 0.24474109387646908, 0.25175565177719517, 0.2538971570470348], [0.2531266104107285, 0.2575445118698336, 0.2441854488561287, 0.245143428863309], [0.13758599084600312, 0.12945588126188173, 0.3626620571891997, 0.3702960707029165], [0.08265969631462729, 0.08100152037026442, 0.4204377690199244, 0.4159010142951838], [0.20211211495217887, 0.1994467751244534, 0.301867796883732, 0.29657331303963586], [0.13182937163343997, 0.12616422502672534, 0.3740387977530313, 0.3679676055868033], [0.1594260975637221, 0.15615881941488102, 0.3432947731087869, 0.34112030991261094], [0.1914960739867745, 0.18861980373972623, 0.3142372328660109, 0.3056468894074887], [0.16313946616666844, 0.16361286253777416, 0.33862062483346894, 0.33462704646208735], [0.05689742843194652, 0.05790645100532928, 0.4447020929158454, 0.4404940276468782], [0.1311922728432627, 0.12909991207970842, 0.37304441489753376, 0.36666340017949406], [0.12818993377651655, 0.12534688720484513, 0.3736864772237308, 0.37277670179490685], [0.16509337164666588, 0.1634154809164638, 0.3340397145220755, 0.337451432914794], [0.21363784387411835, 0.21131042354056956, 0.2885380383826023, 0.28651369420270956], [0.11272376809782429, 0.18717222629244254, 0.3526586710554354, 0.3474453345542978], [0.09794261945045943, 0.09956249270349705, 0.4034990121990241, 0.3989958756470197], [0.22025216111287194, 0.1283789081990246, 0.3235386325096112, 0.3278302981784917], [0.250539520931677, 0.2542649511466573, 0.2495842040471494, 0.2456113238745161], [0.0723332971502154, 0.1061016494518555, 0.41230727478235607, 0.4092577786155734], [0.21985718728902415, 0.21588380301688323, 0.28374484689725843, 0.28051416279683355], [0.08633006024277373, 0.08710158042654469, 0.41510961834803733, 0.4114587409826442], [0.15151388418392528, 0.14253855206020433, 0.3527142927185225, 0.3532332710373491], [0.24930469220631943, 0.2518235235054062, 0.2499554241467667, 0.24891636014150717], [0.20894895723836965, 0.20908508474995322, 0.29163017168515665, 0.29033578632652113], [0.22112429288334998, 0.22593822655764503, 0.2767854005958013, 0.27615207996320357], [0.1015102671810473, 0.10075425033248644, 0.40037173008695215, 0.3973637523995148], [0.13951447567633335, 0.14311601616885122, 0.3599738306127601, 0.35739567754205515], [0.16902134511434425, 0.17116156632795942, 0.32854353988632806, 0.33127354867136843], [0.10091439536713079, 0.10153758294566559, 0.39968543158713843, 0.39786259010006547], [0.14661430874655268, 0.14226864095048886, 0.3593201017422363, 0.35179694856072197], [0.17761390597247245, 0.17185934244073642, 0.32933904467424635, 0.3211877069125443], [0.11234160494851796, 0.11021077912465664, 0.3894718658389969, 0.3879757500878288], [0.1610811394832134, 0.16342758869926532, 0.3416029054358165, 0.3338883663817057], [0.03655145399906999, 0.03603193682789734, 0.4658924411435502, 0.4615241680294827], [0.13621914534622254, 0.13809664556061074, 0.36511190174224284, 0.3605723073509234], [0.051816346443370576, 0.04984055183055745, 0.4495903657788957, 0.44875273594717674], [0.16566712665795244, 0.1703498709851562, 0.3326692751976213, 0.3313137271592701], [0.28002364998730045, 0.27609578394812906, 0.22082022017587313, 0.22306034588869772], [0.19157906889087273, 0.19354239733049797, 0.30947150226028586, 0.30540703151834264], [0.23596403067509292, 0.2352394882882435, 0.2639401950696144, 0.26485628596704835], [0.10353327160251961, 0.10153940327523923, 0.39815386722477214, 0.3967734578974697], [0.18008371018930597, 0.18257045328292487, 0.31972196091906296, 0.3176238756087065], [0.17506033718886274, 0.17213457047148764, 0.3236919367187966, 0.3291131556208529], [0.22672858066762436, 0.23409868412243484, 0.2718820216481269, 0.26729071356181444], [0.16293628628520956, 0.16568332155382792, 0.33521733877999227, 0.3361630533809696], [0.22017820517043982, 0.24004879161967532, 0.27119237375060756, 0.2685806294592781], [0.09766899242922772, 0.09483269557228302, 0.40818140585087803, 0.39931690614761156], [0.07133717405076295, 0.06679108833096244, 0.4318703087690997, 0.4300014288491741], [0.09229034838445774, 0.08796319316365017, 0.41034272046346265, 0.40940373798843016], [0.15417103841439686, 0.1546324211634219, 0.3460547834081122, 0.3451417570140687], [0.20682260400258948, 0.2093016063668578, 0.292489944770885, 0.2913858448596677], [0.21609114903500384, 0.2137880933229028, 0.28497965634575445, 0.2851411012963395], [0.08981891840997933, 0.08766356107229875, 0.41444200449843976, 0.40807551601928205], [0.22076738472254265, 0.22315045274311593, 0.27668946409399053, 0.2793926984403506], [0.11700745619250157, 0.23895952482405305, 0.3231563455254601, 0.3208766734579842], [0.08746468648698574, 0.11545788025624, 0.3982907476862256, 0.39878668557054847], [0.16604158237807523, 0.1646194064289053, 0.33772668247839344, 0.33161232871462626], [0.14497985090472315, 0.14637516828586383, 0.34999193490751107, 0.3586530459019017], [0.10084299106913017, 0.09463095419176307, 0.4034546439927222, 0.4010714107463845], [0.06582584307927002, 0.0659058798943943, 0.4367778647068112, 0.43149041231952423], [0.09546166141816513, 0.09696115805039997, 0.4050481414324776, 0.4025290390989568], [0.26741502857189575, 0.261364075092854, 0.23769369967207693, 0.23352719666317306], [0.2112040271117071, 0.21202905813909143, 0.287421761074866, 0.28934515367433533], [0.12774660677060676, 0.12481883311033597, 0.37258006958399387, 0.37485449053506353], [0.12168313196915582, 0.2866322782328055, 0.2930968616592945, 0.29858772813874424], [0.1352401604088554, 0.13177626557204047, 0.36650246871815667, 0.3664811053009474], [0.1613316388449087, 0.1610754453033518, 0.3396923330062707, 0.3379005828454686], [0.207049096519564, 0.21139899026444042, 0.2902771356877124, 0.29127477752828257], [0.05720868002131339, 0.060016678261522724, 0.4431267049495793, 0.43964793676758496], [0.17691045504746014, 0.17019009475525915, 0.32327671305521716, 0.32962273714206336], [0.1598277615084015, 0.15691598194973913, 0.33806733804241945, 0.34518891849944017], [0.12010889507485739, 0.12208952698648842, 0.3795261996189905, 0.378275378319664], [0.20488275814835194, 0.20405384291991893, 0.2956281439341234, 0.2954352549976054], [0.15651184713008884, 0.15957578355201493, 0.3394755103661222, 0.3444368589517742], [0.13555022695486826, 0.13191965265432, 0.3638320190524522, 0.36869810133835923], [0.08828780341562553, 0.0818483499544791, 0.4193187395929841, 0.4105451070369115], [0.2511142061439968, 0.25258606120932486, 0.24676076202151406, 0.24953897062516442], [0.08108086316054446, 0.07796891268438656, 0.4222306978007531, 0.4187195263543164], [0.2393867157634799, 0.2481995233649184, 0.2575888867528104, 0.25482487411879184], [0.14064016739884627, 0.1391719264746711, 0.3625859078190707, 0.3576019983074118], [0.2768833089030924, 0.28057420686419277, 0.22295855413748208, 0.21958393009523286], [0.044968419440357975, 0.04303873512886868, 0.4590301444294492, 0.45296270100132396], [0.0799341566566505, 0.1973834324991436, 0.36236602274439456, 0.3603163880998112], [0.10806632734214794, 0.10884361757123143, 0.3932501961889725, 0.38983985889764816], [0.11401888801609575, 0.09086891855462836, 0.39961810318957286, 0.3954940902397028], [0.20081601037919447, 0.20584167639359732, 0.2972774923201532, 0.2960648209070548], [0.18940727451744527, 0.18929706441301986, 0.31327619892764685, 0.3080194621418874], [0.2408338557361569, 0.23962662184007288, 0.25845664946779245, 0.26108287295597693], [0.09541380137248623, 0.10029387541016718, 0.4027990097921393, 0.4014933134252078], [0.16550772970762787, 0.16759255327284472, 0.3359499893608874, 0.3309497276586406], [0.24064557113433277, 0.2507636776539988, 0.25489436203524707, 0.25369638917642107], [0.1262602383771706, 0.16376116020057804, 0.3598074899685942, 0.35017111145365726], [0.1985890788087661, 0.20123257735431652, 0.3015942527380138, 0.2985840910989035], [0.14839671090719359, 0.14831677184097333, 0.35036740981230635, 0.3529191074395261], [0.09110794802206887, 0.08802980774075488, 0.4127411126765255, 0.4081211315606503], [0.16243210139630224, 0.16030448098660274, 0.3433961271043799, 0.33386729051271513], [0.21872115332836073, 0.21626316980993904, 0.2806833559459454, 0.2843323209157547], [0.24876015431006, 0.14477608206336973, 0.3052953859299387, 0.30116837769663285], [0.14874903697816116, 0.15459865018643446, 0.3476046865435581, 0.3490476262918468], [0.17149247219405025, 0.17183920331560099, 0.3302477425188108, 0.3264205819715383], [0.17792243854275555, 0.18193973548444584, 0.318919752510796, 0.32121807346200304], [0.09710251437729603, 0.10449629855565684, 0.40071588316862516, 0.39768530389842227], [0.274390441842595, 0.2661460338487273, 0.22484125766687824, 0.23462226664180008], [0.09529604733290051, 0.09076668676163104, 0.40976545533225006, 0.4041718105732183], [0.180791561139616, 0.1789948861740821, 0.3157949866834839, 0.32441856600281765], [0.12758997653107856, 0.1382672168260139, 0.3672349066889725, 0.36690789995393536], [0.2531475660127826, 0.25354312089932646, 0.2478245344944474, 0.24548477859344414], [0.06368419650910871, 0.06359797585648518, 0.4376374562161743, 0.435080371418232], [0.19542985708173188, 0.18572021065195807, 0.3085130244597018, 0.31033690780660833], [0.10686887809828499, 0.09972012756277773, 0.4000707227054368, 0.39334027163350016], [0.09695467692164225, 0.10099402192494165, 0.400334735504148, 0.40171656564926855], [0.10924929887841091, 0.10727794994138576, 0.39209281534808105, 0.39137993583212244], [0.25659211944882393, 0.2582148972063986, 0.2454277978105802, 0.2397651855341973], [0.21110904850375, 0.2155411881840731, 0.28719019412343827, 0.2861595691887384], [0.2048599692624121, 0.20452158832938241, 0.2958761697671345, 0.2947422726410711], [0.18527381997823825, 0.1797697465439894, 0.31643111567027266, 0.31852531780749965], [0.03996659409907424, 0.03882047848542127, 0.460314400481623, 0.4608985269338816], [0.1869345746925257, 0.4210513041536672, 0.1907995298270725, 0.20121459132673314], [0.1240169746927552, 0.11821068377288571, 0.38067439495500505, 0.37709794657935386], [0.10613778261346422, 0.1081290778769777, 0.39610454992790195, 0.38962858958165614], [0.058732540656429306, 0.05946169228724147, 0.4405734810002573, 0.4412322860560718], [0.1416395042586145, 0.14295697520946624, 0.35836969599003693, 0.3570338245418822], [0.23269569738062207, 0.22698120896823715, 0.2686420880349487, 0.27168100561619185], [0.21835360916417818, 0.22214272653887007, 0.2770930503899142, 0.282410613907038], [0.27993986134826426, 0.28138484269678454, 0.21555574018784396, 0.2231195557671072], [0.21873662531866359, 0.216829255945618, 0.28280510646666057, 0.28162901226905784], [0.305710894846325, 0.31227444452543635, 0.1895901683904755, 0.19242449223776292], [0.1180166077525193, 0.12108460029358739, 0.38092542515207306, 0.3799733668018204], [0.15120760077050377, 0.1593653064661891, 0.34674070489284714, 0.34268638787045985], [0.19799563149941263, 0.19714532390272888, 0.30116374315644334, 0.30369530144141543], [0.16997451936759658, 0.1835419142396408, 0.3241757294809386, 0.32230783691182374], [0.10512518893266788, 0.10290952669603413, 0.40054254045935483, 0.39142274391194243], [0.2547704458371367, 0.14710792838895795, 0.2986810393201846, 0.29944058645372096], [0.13144296232610683, 0.12403979211898558, 0.3770756532869443, 0.36744159226796325], [0.09195858067870098, 0.09627060459803648, 0.4054094542314456, 0.406361360491817], [0.20626026396793154, 0.209140171288426, 0.2935194587060266, 0.2910801060376158], [0.12489382207295471, 0.12329396470663391, 0.37600169236472714, 0.37581052085568384], [0.1629277144973455, 0.16055294014649107, 0.3389016047060207, 0.3376177406501431], [0.1644083975000726, 0.1653795754758367, 0.33485350679361736, 0.3353585202304743], [0.1469172776443664, 0.14705774393079257, 0.35336295870450385, 0.35266201972033806], [0.12398938132633457, 0.1268185145679969, 0.3742425233449958, 0.3749495807606719], [0.10619124977270662, 0.10623381297315478, 0.3969360141976889, 0.39063892305644965], [0.1520481755218018, 0.1543930362288005, 0.35008318804104205, 0.343475600208356], [0.17463073925559247, 0.16589129894757385, 0.32959695991571797, 0.32988100188111563], [0.1890931735408195, 0.18867268914716306, 0.31049710121252627, 0.3117370360994912], [0.10168470182735374, 0.0767523685344952, 0.41248181623080227, 0.4090811134073483], [0.26338251212275215, 0.17394412857775207, 0.2825027383725559, 0.2801706209269406], [0.1739791106135828, 0.17277145873077787, 0.3249706316971947, 0.328278798958445], [0.10091138380164427, 0.10252378530377759, 0.39884607469004096, 0.39771875620453845], [0.09404198900556937, 0.0971038722241585, 0.40751199104310404, 0.40134214772716714], [0.12536373644342433, 0.1303808764332685, 0.3737813029038809, 0.37047408421942624], [0.16709158138074226, 0.20726608231171478, 0.31077420814278656, 0.3148681281647562], [0.17577892908276435, 0.16072500064639636, 0.3333846141544357, 0.3301114561164034], [0.08853785578034176, 0.0887230575956885, 0.41259577125559493, 0.4101433153683749], [0.149507558532502, 0.15519348961074095, 0.34883408616433553, 0.34646486569242085], [0.2055995548659223, 0.2081140641023706, 0.29935559933084055, 0.28693078170086705], [0.12137264955663375, 0.11810129795627489, 0.38201003043067516, 0.3785160220564158], [0.18298354582865253, 0.18775170251642645, 0.3158121963697661, 0.31345255528515553], [0.21463760525196132, 0.21101086805762992, 0.28528061934568705, 0.2890709073447211], [0.13875854848786956, 0.12844605291500114, 0.3664137604940421, 0.3663816381030873], [0.2064150790319963, 0.19160599908377682, 0.2994667084930304, 0.30251221339119694], [0.11912113199746607, 0.11591680934249905, 0.3841814953387538, 0.3807805633212805], [0.27954227178633523, 0.27972810563755945, 0.21886504117698674, 0.2218645813991193], [0.09977942791086489, 0.10383963713760248, 0.39899090767776213, 0.3973900272737699], [0.1193426243721991, 0.13479690921362864, 0.3720138107576064, 0.3738466556565668], [0.30377554581719984, 0.3098034868934499, 0.1910313718432962, 0.19538959544605336], [0.07836098248047724, 0.07288151180130968, 0.42670483639027795, 0.42205266932793484], [0.1786301500501906, 0.17097398622538726, 0.32798285452315773, 0.32241300920126437], [0.15037599850610325, 0.14847199009197115, 0.35202201752086804, 0.3491299938810576], [0.17126409622707786, 0.1702260201765341, 0.32947077629374133, 0.3290391073026466], [0.1881078142234041, 0.18984057293796286, 0.3094521652447511, 0.31259944759388164], [0.2381368491209387, 0.2352865779701234, 0.26228986639925883, 0.26428670650967967], [0.1669486486596992, 0.16453985568965993, 0.3341577266704827, 0.33435376898015795], [0.17209718515632907, 0.17872630301142195, 0.326407043910607, 0.3227694679216419], [0.2424766104307885, 0.2441470563069201, 0.255652630205925, 0.25772370305636655], [0.19626437395441293, 0.1943777181760182, 0.30543552620231174, 0.3039223816672573], [0.18830840452765696, 0.18562477537400604, 0.3150795569693309, 0.310987263129006], [0.23360796447139923, 0.2308073122822068, 0.26832699391437315, 0.26725772933202163], [0.22859911781641967, 0.24597798750789518, 0.26168381660539414, 0.26373907807029107], [0.049762385537284085, 0.05085628957341899, 0.45097691183971333, 0.4484044130495843], [0.11587953739215712, 0.11643052985409157, 0.38860548699050124, 0.37908444576324996], [0.21480827096603688, 0.2196554855021494, 0.28230163451385026, 0.2832346090179627], [0.19389783641769467, 0.1927403386346298, 0.30954526924681025, 0.30381655570086546], [0.1530020592247443, 0.15486261547874497, 0.34593426903427543, 0.3462010562622346], [0.097535805464951, 0.09583454817400863, 0.40677006691956846, 0.39985957944147305], [0.1357152618652326, 0.1389918656343409, 0.3631059517247248, 0.3621869207757026], [0.1869919152466361, 0.13786256398451335, 0.33590371831405796, 0.3392418024547926], [0.15462688480982537, 0.17750539584754815, 0.3331077801409961, 0.33475993920162944], [0.05258971870206962, 0.048932897105550356, 0.4486903349149854, 0.4497870492773951], [0.3721332591198682, 0.14692688549914945, 0.2384724984778325, 0.24246735690314963], [0.2961049049439043, 0.183702018294588, 0.2589892996858928, 0.26120377707561465], [0.11250669068201796, 0.10615479034853932, 0.39205792996717803, 0.389280589002265], [0.12289522362527