{"estimation": {"a": 5.588388607092642, "rho": [0.23672818314603067, 0.2814701706522234, 0.24155907082494463, 0.24024257537680152], "Mu": [[-2.8789610295235972, -1.787002638855054, 2.9495060889281985, 0.9162672694860653, -3.959505401274793, -0.9930577853244168, -2.5632822658693275, -0.8252108368951195, -5.2167823107884015, 2.952439495376869, -0.17956135918333194, -4.575680936895081, 0.3688481362589131, 1.4920754676821664, 0.442629862950805, 2.355640232782937, -0.3572835596877963, -0.4927669017829951, -0.6669704619651683, 3.365781789723629, -0.9840718950831024, -2.2793395789158657, 0.34045263752958893, -2.686267381378419, -3.8414540293532564, 1.5515952762698353, -2.0330108343294415, 4.157477690267427, -1.166269799294894, 1.8448313306320527, -3.094303075802358, -6.890637659762725, -0.40211145003412113, 1.6127028469994642, 1.4031601980946191, -1.536104349156761, -1.2277159655048588, -1.4790486940382426, 2.3759104198675236, -0.4985379335953348, 1.1616724758808865, -0.7447637869102666, 1.1885367430018554, 1.380728591982633, -0.7260594374279626, -0.9032843952933207, -0.23532380025278438, -2.814611080580776, 2.178643975897363, 2.2040194482803703], [-0.5195622348089509, -1.1031880190895749, 2.798653539957871, 0.4635593707624838, -4.959242397066397, -1.2352538653099145, -2.676927310000997, -0.7990785783808289, -4.162213982303975, 3.141785927965794, 2.1226094260707695, -3.769501882830693, -1.8616673535859865, 0.8737905314056394, 1.128240599420797, 1.000672543041243, -2.7262924510338005, -0.3928669079199679, 0.06462333114387186, 0.49023415626857014, -0.7541195814919529, -1.2744588582793626, 0.39347361412825393, -2.00634876424187, -2.4312091624398566, 1.6627729377219749, -1.6257540893156541, 6.855453647687758, -1.4403539373646221, 3.183135776305902, -1.5937212621891577, -7.289896654474284, -0.07407124683133647, 0.8219654705436674, -1.2768801956618454, -0.868147427205303, 0.4497153791223122, 1.157609260844407, 2.447109272793081, -2.443488162908404, 1.2897588809435387, 0.3429365561644021, 1.4997290734038453, 1.1958050867604941, -0.17856416391411178, -1.02526063600852, -0.1329109414258665, -3.7291750082020414, 2.542848959854154, 2.8672198525228576], [4.2205739183053845, 0.36685393728603843, 3.322457096920579, -4.851745191733972, -3.367758532979796, -2.8372543117909808, 4.598899464876548, -2.8319885228023622, -1.9779392835898886, -5.29356473366095, 6.049257907146032, 4.087314337238869, -0.10793430265818726, -2.438105923929399, -3.8161761386420228, 0.23981784351290727, 0.12285965578317037, 0.6445949329650874, -3.2140458824595517, -4.386688561580415, -5.653038364839858, -2.463374452939138, -1.7692069502578909, 0.3698613378094562, 4.36633063446972, 2.9879920017580925, 0.9788766695792359, -0.7905816514033533, 3.017143101643209, 0.5816236588348974, -4.391219391041884, 2.8643794287210036, -1.9640706682358395, -3.221434465739207, -10.078813351817894, -2.775892308323172, -3.495941403026705, -5.280744282484603, 1.593223360230559, 2.324047486093003, 1.7710262662805574, 2.0199487697724146, 2.6959521503897643, -1.3984150745972042, -1.6252759515216302, 0.5309961361676272, 2.112716086298678, 2.2053719917252232, -5.0067308871485245, 2.4186361310702265], [-2.4224672558453952, 4.045096628252072, -2.8168370540999303, 2.610656884080707, -0.6953197670127307, 0.42436352920065973, -5.605771029397571, -1.9515094272291444, -6.08443953646746, -5.027679771694025, -6.956371611429583, -1.7773475458381502, -0.19615452371243192, 1.7580945598956068, 4.054822307117098, 1.4318388507726485, -2.595389612231455, 2.8367352136547788, 3.2477311729512066, 4.893253026895749, -2.286681541844151, 2.3308304392436843, 0.8070148584059974, -5.559691424067786, -2.3199152642711547, 0.8822917642502626, -0.3794727721853667, 3.7064322326726424, -0.2974629110900177, 0.6377979477471438, 4.790667676744751, -2.550817737636871, -1.9969281726563786, 1.887854191767508, 2.1563523708412284, 5.063111611475405, 5.201208793368775, -2.411668216335794, -0.16592836558006327, 2.4373581174915024, -6.557254497197639, -1.948693856706352, -1.334927259241897, 8.963308491455631, -0.3687390629746674, 1.931615080574731, 7.051839138974795, -2.419135456272979, 6.531141029277283, 9.184712810731364], [0.6826188621914016, -0.44123693159726646, -1.982179542269722, -0.6681867835993895, -1.206897945643971, -0.5309634247340534, -0.7982538744488932, 2.874844117232217, 0.266600811382527, -0.5417847219294696, -0.9827297352327226, 4.856784253387785, -1.1499571239363224, 2.2061968008539767, 0.2852475853150161, -1.0349884850039657, -0.9153985985011943, 0.9899703623075709, -0.6155600241096731, 1.6068372441857321, 7.716528696550248, -2.215373771580231, 2.049646426741794, 1.6930129620959782, 0.13073137834162754, -1.3862178916163626, 1.723279609878775, -1.1472236652832912, 12.657663716329848, -0.5437260943872191, -4.560315122495959, 0.29250769938924837, 0.8755719897370436, 2.0385567319385, 0.21352921040242154, -5.158219783409229, 3.7410973274971373, -2.8289396918726326, -1.1632027372132232, 4.7146278533380634, 3.9868661140504855, 7.289594961381276, -0.14268860338360753, -2.500612975351067, -1.0036403368348978, -1.4007942532494804, -2.0813986441977868, 2.9088103238748686, 0.9895504874104438, 0.07889054202351799], [1.185917923918515, 2.752625562305732, 1.1193736133778085, 0.8340980333092857, 1.488765129460026, 3.6277719634897636, -1.2340921257568171, 1.78510450169777, -1.6239123908406514, -3.2428215229702997, -1.3922617296718414, 2.4400309307586254, -1.1619686674032208, 2.021102602071957, -2.8769204924692726, -4.503744370024063, 0.39248108565031525, -3.052406132012042, -0.6486052805004072, -1.3452214512533145, -1.8112250730775272, -1.0759665747606575, -3.500261260873144, -0.12473193830135576, -2.390902529107721, -1.6146726365857864, 1.9986972309190025, -0.7996561166641546, -3.0882632534553003, -2.1797314207665095, -0.8165132066884168, 1.5886959469670558, 7.344937317821349, 1.045750900483717, 3.6656662275665073, 2.3379844117731476, -1.8272635711960352, 0.7305101603397519, -3.0106227646750012, 1.5205506468188066, -0.16779714312281083, -1.4785850137125258, -1.4387427083084117, -0.9421671041800275, 2.384713930288058, -1.295580025895267, -3.285050811603894, -0.3726389291612657, -0.9778796999448057, -2.582484755295414], [1.4660900487535553, 0.4592713976647745, -2.142566716449112, -3.313794106362931, -0.9489941090240825, 2.1181888480222817, 1.9738736478128804, 0.48732630636965746, 0.22449234615526373, 0.3476713920452736, 3.114719526734849, -0.5431250235042053, 1.3363890622529464, 2.430150500777633, 1.103221313703601, -3.2948877650628248, -3.017295952927216, -1.6807842872079435, -0.7534033620048991, -1.3119846759843894, 7.7359540306811025, -1.7628546274374153, -0.9955125418227015, 0.09728713392808068, -3.764083214233204, 1.6348587143762683, 1.5306893402841226, -1.187889086850268, -0.43200872828567244, -1.0243287699701287, -3.1706547431910774, 1.488586836554826, 7.397694216395275, 1.0006381844933239, 6.184005325226486, -2.575604172980209, 1.694039326269864, -3.3116633472483126, -0.44212117293990444, 5.463967846127289, 0.5716131719421548, 6.7527149555117765, 0.429016025725047, -1.0414830740256684, 2.2896303850659936, 0.3625665690722667, -2.2762954254885956, -2.738257359626871, -0.01740168632401285, -0.5215046610322841], [-0.6933379654786412, 0.9504484669363935, 0.621892910364616, 2.821063287363759, 0.898489107759056, -0.02630761271586565, -2.47088117490578, 3.5913210100264337, -0.7484083462025896, -3.230077787328179, -5.414157845501823, 7.912086383059689, -1.55808627629281, 2.190154272751693, -3.6168892160561157, -0.39443031039525267, 1.7840021543087912, 0.18326933295246076, -0.6749164575411887, 2.3235389123639747, -2.5228181284372586, -0.5043623550280137, -0.6829455000506799, 0.6570689612390461, 2.033179535630061, -2.769862539566443, 2.1006719556802276, -1.451002628619857, 10.219820390349179, -2.293633666748767, -2.704468172798508, -0.7017941423886843, 0.3285870729630304, 0.14473701085621302, -1.3339711794768423, -0.9259288416336175, 0.18836425656253117, 2.4191992887921647, -3.02645880032916, 1.0221702295794335, 4.0590690427524745, 0.23325952129698488, -3.0987521373829265, -1.9700442806598428, -1.2709695119277569, 0.8225358304537391, -2.82963555736211, 3.7567855610463834, 0.8548519780691873, -4.403271619139029]], "Lambda": [[0.23208745408385056, 0.5293962154595483, 0.5008893749971915, 0.36546367956704184, 0.32590890415654794, 0.5013184178667138, 0.1823035125067615, 0.28606562049978485, 0.28292959724969924, 0.5080516083983387, 0.2888543525470905, 0.5462045099605077, 0.34419259489554127, 0.3962551955251656, 0.42752777475953363, 0.2841964553894703, 0.34910491070533445, 0.6665327651035966, 0.664035912189624, 0.35614454387046474, 0.36344847466705027, 0.5478843647285976, 0.46192879668650066, 0.6532368636744968, 0.6160988063819288, 0.45253966260776185, 0.8117368180500159, 0.24833397054087747, 0.5191326633648013, 0.3415088377112887, 0.29017358134678184, 0.3918788531022481, 0.6622528814901638, 0.24646035036500383, 0.23401712998272287, 0.8063726013061678, 0.3268711330340003, 0.2049630441700847, 0.7014473666799023, 0.1442119947482153, 0.21851552346391812, 0.2555007996894847, 0.6846598019307308, 0.7873315490978146, 0.38766202817294737, 0.4226295695751, 0.5252466586245168, 0.17211161993430735, 0.3246395573359267, 0.2872054425482885], [0.17081952478065524, 0.5043953823881828, 0.5273852743693782, 0.337267664789321, 0.25726559254257486, 0.573813946057064, 0.16021577962411895, 0.2743191720831739, 0.2785904732193166, 0.5031173400744812, 0.267252917645485, 0.4108588466557825, 0.3780014876306156, 0.3528075183017801, 0.3807825466238778, 0.29609449699248325, 0.33490198873147436, 0.7352597944017052, 0.5409043044641676, 0.3281138172947461, 0.3539897410359341, 0.5416456283022747, 0.4890736022197114, 0.5162795365387263, 0.3734421651990308, 0.4607463848984177, 0.8002902976526208, 0.2051321095533388, 0.532359812122523, 0.29979949009999785, 0.2719353697097721, 0.3242063564590277, 0.5648951165124986, 0.2850348299077723, 0.18815145159897506, 0.6843922702485518, 0.241349216680785, 0.1866784874211033, 0.7521384282614595, 0.12350302368862702, 0.2488193021185047, 0.24367229421169276, 0.7371322071160699, 0.7373887277318312, 0.3144919865694153, 0.469871883210278, 0.4908039050466924, 0.20823424541241015, 0.316522899389281, 0.24407553671250273], [0.5500823033359314, 0.16871530941452922, 0.5616305312566349, 0.06667321780912945, 0.5063851069307417, 0.3026395603258401, 0.14248462192073744, 0.39427819327543107, 0.23269025709885238, 0.0932136113480813, 0.37963966668759064, 0.6558325638777274, 0.28571416895327256, 0.9132650517585155, 0.3841122712206112, 0.920684823288711, 0.7128052340543999, 0.4481670756541145, 0.5798796055986054, 0.792974274721415, 0.1563407795146698, 0.6599295103494125, 0.3590439087109632, 0.42936865494934173, 0.5169352620065394, 0.24323483774890217, 0.5642087007547592, 0.22648190196541387, 0.5770724355062821, 0.34941060944826047, 0.10865733390044156, 0.6893296171995958, 0.34064690979595635, 0.4211121581307229, 0.11739008666003195, 0.6379235036258232, 0.33453948078530965, 0.32500148207140794, 0.3393743670290137, 0.46200202301700166, 0.25217528758815994, 0.3508143672148073, 0.46003999765044473, 0.19496915163378126, 0.1962193192116354, 1.1112058800285904, 0.20684862599504916, 0.26602432294355344, 0.4377843764393779, 0.5416529290569614], [0.5430792502684646, 0.22738482109559416, 0.6994334679574806, 0.5686685972516334, 0.2791713265557569, 0.280414307624354, 0.13157769990154458, 0.5270118661168701, 0.2693900463384523, 0.2777662202803944, 0.30517762985466185, 0.5814435733910283, 0.4514671824434971, 0.2875389044156388, 0.387529428851885, 0.8211287778894529, 0.5391800973292018, 0.45442404609681347, 0.33951608274799344, 0.6081328194436998, 0.2638128505383418, 0.38780817058507633, 0.424007767137809, 0.33814438710820677, 0.14017200197291305, 0.15223641390909892, 0.26187205798264007, 0.294841973737925, 0.37595450873474845, 0.3222601609628265, 0.12261318333779994, 0.6613015974366251, 0.39070808347904373, 0.4294137529927918, 0.38066520553083716, 0.3758974588557723, 0.19091843051077423, 0.429300219267254, 0.5447611516126549, 0.29482553015922236, 0.37773588681380776, 0.27743591590976274, 0.3933716958048068, 0.12911030318494832, 0.20638305000798535, 0.5181139607977555, 0.22732555442523414, 0.24931297029038602, 0.18316056259755922, 0.16870770890367837], [0.9278599762170412, 0.47258470653300333, 0.3518015132071529, 0.3664489933654163, 0.7462531220494233, 0.5103084064432314, 0.4704899368958244, 0.9289927081052772, 0.49902393879792073, 0.5105006478776979, 0.37293307367858625, 0.17892597898962187, 0.46086202196148196, 0.41722363370555104, 0.5392534552965923, 0.8726411940486601, 0.45612093567316603, 0.7846195514667916, 0.49894103409583124, 0.35146992766716745, 0.3521402254651518, 0.5225316997296039, 0.3222463210543413, 0.3591061040025656, 0.3362050920878182, 0.49004957185505965, 0.27892043600468713, 1.1344106553974749, 0.16742917249526137, 0.7250995525978858, 0.3897576250721291, 0.6940278132311656, 0.5117946219715918, 1.2387780543760816, 0.9328126396542339, 0.27371945648964047, 0.4461993247598878, 0.19423963375615194, 0.6234940223441144, 0.3151871458349276, 0.4184640069485595, 0.1952657103309944, 0.7182738802417156, 0.4292119409978743, 0.319182155358022, 1.0590426060475493, 0.5137659568975189, 0.3315411632703191, 0.5970941281379728, 1.0068167597286453], [0.3758399739888225, 0.5052395714616279, 0.359866355013234, 0.33295698224953413, 0.5047733942201456, 0.30888167612889916, 0.33913559319343556, 0.6773027097347859, 0.5297805951000717, 0.7150702105059071, 0.4889872617847456, 0.23679880317846003, 0.9366961181494604, 0.31157957160806243, 0.4530917353413793, 0.29410842928090053, 0.4157132014584135, 0.2836580853772615, 0.3514247278922315, 0.5643411810407414, 0.483776113185413, 0.2537773220425413, 0.2083787576029518, 0.5861815402552129, 0.35572811824885964, 0.44151276540158163, 0.18960085602610433, 0.8574927338607081, 0.25208083589639474, 0.6029907020649148, 0.6390744699109145, 0.42362921779348933, 0.11687367725346541, 0.49212016288745614, 0.6851942368743544, 0.5437007739941941, 0.4728106573778172, 0.3104628813950085, 0.5846322095192492, 0.3218257475965758, 0.6652601854105656, 0.40861543945060824, 0.18214641279811683, 0.38202879503431, 0.34992285882254337, 0.14171764438270237, 0.3770963992037556, 0.5565367312351874, 0.643699125471693, 0.27550710290912483], [0.3995884798658053, 0.2935808709474742, 0.32995205057600324, 0.22309046513663644, 0.3161311842267509, 0.4362387662602097, 0.5374424279814229, 0.255125905485041, 0.5114670077209815, 0.537847172717166, 0.35105457584734406, 0.270886299261764, 0.6344539941530638, 0.3722856888906732, 0.5723113217752935, 0.16423301952896077, 0.3250745509684503, 0.5043769771117732, 0.47911061825944373, 0.33173234893872977, 0.27601937543689076, 0.5765945923996759, 0.2732431084988236, 0.41112614176260426, 0.23137856812696736, 0.2915729083169658, 0.3066299507150084, 0.639381072355999, 0.2924237786030015, 0.4588258986091763, 0.2243384276598307, 0.4703002804804164, 0.519460569434856, 0.9850649151741978, 0.363320498196808, 0.4981015150717897, 0.43134173945207577, 0.2388127850558798, 0.6189701365531084, 0.1621739250869778, 0.5363103871350332, 0.3405461488346442, 0.21987897879621562, 0.2718947773364911, 0.2791341125822934, 0.4286547680604795, 0.3608653782835248, 0.27687814349396306, 0.19102448094780558, 0.2696142285582717], [0.7315899848102877, 0.4512784339611778, 0.21013630707731223, 0.2364901744899322, 0.6526613482524011, 0.45864524625427827, 0.13115388852558751, 0.601194217614777, 0.43370451743178856, 0.3791020999995972, 0.18132597745646734, 0.19572747470687707, 0.3875351086409713, 0.32442530590473945, 0.403172636773034, 1.0879582070164573, 0.4726960137813359, 0.48733368043687425, 0.4119061801655641, 0.41182179117679385, 0.34475014792693986, 0.2871256996254298, 0.37944422205135386, 0.2798269555135453, 0.39058976952959656, 0.37213524559363065, 0.1735085800325458, 0.48050271263069133, 0.14344833036414778, 0.3095374401689036, 0.3338129547842583, 0.3442185820411931, 0.28591023369470336, 0.35381367606531927, 0.7732476724562735, 0.18986162073463228, 0.4495156292701298, 0.18327137984013916, 0.4198614146955705, 0.4036175217289131, 0.24750986403696884, 0.13926505361365626, 0.751846906938496, 0.41035599984626536, 0.3587412560897435, 0.841066892505949, 0.23085136109074864, 0.24392904895181994, 0.4274719966604533, 0.5151435464030925]], "G": [[0.30233603389581376, 0.1820381528955406, 0.14667456694209394, 0.3689512462665515], [0.31813655458226253, 0.16757130315623112, 0.26385546947829835, 0.25043667278320797], [0.32556057076723804, 0.2845693542026259, 0.15988923008867714, 0.2299808449414584], [0.27247087179450796, 0.22707251214938728, 0.21601558409112132, 0.28444103196498344], [0.19520465914518925, 0.28134514965875046, 0.28841865546824236, 0.23503153572781738], [0.11990703837006737, 0.32374794741428664, 0.23493653590711758, 0.3214084783085288], [0.24933283211439614, 0.33379044754549686, 0.23676766041532488, 0.18010905992478118], [0.2500442584361213, 0.2555981520906599, 0.304184261379188, 0.1901733280940301], [0.20687174212289233, 0.2781086173749658, 0.26973129929211415, 0.2452883412100273], [0.12517865865361277, 0.3565855610633732, 0.3676087544152876, 0.15062702586772764], [0.21548691448678098, 0.2736250256969592, 0.285886019925478, 0.22500203989078207], [0.32493716446154514, 0.20076712126189014, 0.10798016473049035, 0.36631554954607354], [0.2037438173536817, 0.2741237501340608, 0.13893387141817082, 0.3831985610940866], [0.4437354321373336, 0.10358218930285586, 0.3122782984207035, 0.14040408013910663], [0.4561436627208214, 0.10175880663740047, 0.2395455898282536, 0.20255194081352446], [0.20109815356825728, 0.2189125423792605, 0.18191730596962752, 0.3980719980828549], [0.09310044812412355, 0.3870842342017974, 0.3959835961760712, 0.12383172149800774], [0.28796966660609297, 0.18993496570381682, 0.2680440431260281, 0.2540513245640621], [0.10787925720903642, 0.32367756987385415, 0.3069552563558347, 0.26148791656127357], [0.0797565553981391, 0.6418410725931893, 0.109880490583169, 0.16852188142550145], [0.33028693579283697, 0.154904006773829, 0.18329849637085163, 0.33151056106248156], [0.1108516726482298, 0.3551702151212284, 0.21305718936052154, 0.32092092287002066], [0.12736867764974164, 0.31989418546817294, 0.3345254218752045, 0.2182117150068812], [0.06751771948221318, 0.31288212092513956, 0.2712005287474909, 0.3483996308451565], [0.06367182087052951, 0.38258612331578434, 0.43196397493115873, 0.12177808088252721], [0.10910373751852852, 0.22183922605171935, 0.3970886769558828, 0.27196835947386905], [0.32519183310147454, 0.16525559849655483, 0.34581471444749484, 0.16373785395447585], [0.16488364470045275, 0.3355258268750598, 0.13464012175891146, 0.36495040666557604], [0.15688682405247553, 0.30152527422285036, 0.2655941520853206, 0.2759937496393537], [0.6570392148755422, 0.11008126593225916, 0.10979583474993433, 0.12308368444226579], [0.6820421339509044, 0.062370032555506785, 0.12851607176134477, 0.12707176173224397], [0.21711208666263884, 0.22625748815433694, 0.25905757075316677, 0.29757285442985726], [0.4549792425038538, 0.08811731833420823, 0.3139417000959605, 0.14296173906597656], [0.06282505783562171, 0.28505521838218933, 0.3818992501445901, 0.2702204736375986], [0.35428729363106604, 0.1919308177598256, 0.21134438017071486, 0.24243750843839296], [0.19142858580622074, 0.2723898196465396, 0.3435260175189219, 0.19265557702831804], [0.21355250551858784, 0.2678039484742027, 0.2943680894119279, 0.22427545659528225], [0.20262100683929635, 0.29647831347652226, 0.1804139539807908, 0.3204867257033901], [0.37371665425530476, 0.1387161107428284, 0.41712556122130856, 0.07044167378055777], [0.3153986098751405, 0.39439293145958043, 0.10160362866521983, 0.18860483000005912], [0.1799430315282589, 0.35316583917444383, 0.249771135697523, 0.21711999359977482], [0.4866583968187862, 0.11054710702737024, 0.2132330348925471, 0.18956146126129755], [0.19033110627586447, 0.282507320197182, 0.23142835614083532, 0.29573321738611724], [0.30233473995593513, 0.19626781509470087, 0.1885167991392324, 0.31288064581013164], [0.33785271346743456, 0.1563872459268489, 0.17426225484297184, 0.3314977857627442], [0.4182603830332052, 0.08296392326668124, 0.07113220784741987, 0.42764348585269335], [0.3396741998008377, 0.4027660873886717, 0.0915549629250024, 0.16600474988548758], [0.25654599275374323, 0.19989711048688058, 0.24947968464073483, 0.29407721211864124], [0.2701674628355468, 0.28174314398832806, 0.2242188218432067, 0.22387057133291757], [0.2326162357386826, 0.25019733579670583, 0.3746781333544268, 0.14250829511018492], [0.11951834511441928, 0.35183151759318493, 0.3611700921663395, 0.16748004512605563], [0.23782570105762735, 0.2511485318204264, 0.1821697352655087, 0.32885603185643664], [0.5102497249728594, 0.2020760396442722, 0.14147103528799188, 0.1462032000948772], [0.3372250459033253, 0.19299869616985763, 0.22002449335157007, 0.24975176457524717], [0.16590125507480785, 0.31523412054760347, 0.17071647932486803, 0.3481481450527206], [0.26367376155528827, 0.23449987521667945, 0.2719542498202, 0.22987211340783137], [0.4527800991525963, 0.0820795456913252, 0.36688817124642037, 0.09825218390965729], [0.2142778962911574, 0.27896443685695593, 0.231196733480009, 0.27556093337187765], [0.2967758274170316, 0.3451691829400459, 0.16035621672644296, 0.1976987729164804], [0.15849504645858278, 0.32009006007697793, 0.1579942994830763, 0.3634205939813638], [0.28266199671649506, 0.27908361410494587, 0.15599256418459956, 0.2822618249939607], [0.39767212900774457, 0.255361982357062, 0.17390928998292926, 0.17305659865226442], [0.2832282034651302, 0.2467485553455589, 0.3470348821825314, 0.12298835900677858], [0.19747251272594316, 0.28386778247050454, 0.22459633444660174, 0.294063370356951], [0.23819699852469864, 0.28258344905220556, 0.23495834298732854, 0.24426120943576735], [0.36561364027589716, 0.4467522555989518, 0.13116900296815445, 0.05646510115699688], [0.30904343049808625, 0.34295662610798033, 0.14282557090308354, 0.20517437249084955], [0.26740710094968095, 0.2364650353076478, 0.3454267590047914, 0.15070110473788034], [0.17115606277423157, 0.4562548288935431, 0.19594256782040959, 0.17664654051181622], [0.0696962968819875, 0.43999222042249114, 0.04712185043379729, 0.44318963226172386], [0.19167909869779215, 0.3348273243150899, 0.1202285352219978, 0.35326504176512014], [0.2911026089474492, 0.21785024732334435, 0.2962998930406325, 0.19474725068857435], [0.34838232351128146, 0.13572966876401488, 0.15123913343627854, 0.3646488742884251], [0.21947116524817661, 0.2478280057010299, 0.3188025145129427, 0.21389831453785105], [0.18852170362725526, 0.2762122974666101, 0.31681572112386214, 0.21845027778227327], [0.15637470511208007, 0.29708758655975254, 0.27974916600558697, 0.26678854232258026], [0.3164888739529758, 0.3649404998988644, 0.16303014273777786, 0.15554048341038115], [0.22536548054063693, 0.46377593450226434, 0.17725091868472165, 0.1336076662723769], [0.0948217060554491, 0.5276593802341214, 0.203903692274244, 0.17361522143618538], [0.1892415013280754, 0.3121164677126751, 0.32060440805115326, 0.1780376229080952], [0.21019417023753417, 0.4072967814163704, 0.18418681393667702, 0.19832223440941832], [0.2196559397999747, 0.2668851849658408, 0.28882322996681303, 0.224635645267372], [0.3175071301563529, 0.3590143915614683, 0.15819781417011444, 0.16528066411206407], [0.30386574576856584, 0.18968776539031793, 0.1767344548178367, 0.3297120340232802], [0.18777744337068894, 0.22956668095241678, 0.3357328581903137, 0.24692301748658127], [0.14757442219141428, 0.3586762612487056, 0.10986018676096149, 0.38388912979891826], [0.16528984765527574, 0.29371807879143375, 0.3302496926405773, 0.21074238091271286], [0.059021399120594904, 0.32059770391909476, 0.41907744558186016, 0.20130345137845052], [0.23662070989571868, 0.23410516932557945, 0.2116967354729889, 0.31757738530571306], [0.1963539697799181, 0.2928226877330235, 0.2685019500182518, 0.2423213924688061], [0.20051396185976253, 0.3202293496557502, 0.12641140509572676, 0.35284528338876037], [0.10698303447732599, 0.29825541566333413, 0.3225541282324468, 0.2722074216268927], [0.20063156468061835, 0.29489475892065536, 0.29169314337685476, 0.2127805330218711], [0.21014402753895095, 0.31192983638405786, 0.3240745432036889, 0.153851592873303], [0.1830640815822796, 0.30661997342397973, 0.30477834073004706, 0.20553760426369425], [0.1790429104674294, 0.3142085579584786, 0.3101547217847143, 0.19659380978937716], [0.13638707098619293, 0.2962473743955825, 0.2765163975646019, 0.29084915705362285], [0.10663148900854368, 0.31585139214951247, 0.35407443563238694, 0.22344268320955707], [0.15400686452202425, 0.31461354937226976, 0.28248963928590565, 0.24888994681979987], [0.15889452918073182, 0.2981336682087768, 0.3480783145205324, 0.19489348808995938], [0.29273774743508596, 0.22080931209375743, 0.22859484705863015, 0.2578580934125255], [0.38306368056744533, 0.1127963285781314, 0.20236339486078786, 0.30177659599363543], [0.15068444723270807, 0.38315341706132516, 0.2458248960108403, 0.22033723969512678], [0.20436938521450362, 0.25390113810073234, 0.35037113751354143, 0.19135833917122158], [0.22474151803667397, 0.22382744125176468, 0.21720065341772007, 0.33423038729384025], [0.12395032261525563, 0.3630723929780818, 0.1288458301461848, 0.38413145426047757], [0.20564112075277263, 0.3157380295653365, 0.37303122225541074, 0.10558962742648088], [0.20064447473536162, 0.29837650707367075, 0.11471750815554763, 0.386261510035421], [0.30013588790978946, 0.3508982422708025, 0.19911989907294392, 0.14984597074646464], [0.1945800686781124, 0.24468702712523363, 0.37616310108279644, 0.18456980311385793], [0.11349698493055584, 0.28540339995834857, 0.2819728533968228, 0.31912676171427257], [0.2018121322491917, 0.29300909965421346, 0.14982692518857424, 0.35535184290802035], [0.14960275646083, 0.23939802073593647, 0.3486605374563185, 0.26233868534691457], [0.16733236738260182, 0.29753814212963464, 0.3146905660869835, 0.22043892440078092], [0.32362358528216695, 0.18502382764234085, 0.23373323720928574, 0.25761934986620666], [0.2911926735171618, 0.2318155282673706, 0.10888943875592622, 0.36810235945954073], [0.3132753329275243, 0.3013527814150457, 0.15579307249318275, 0.22957881316424694], [0.1365765199766808, 0.3566698016684215, 0.36915564030531856, 0.13759803804957887], [0.30610864027004014, 0.22429156417653454, 0.293356923243094, 0.17624287231033142], [0.25624449057731447, 0.27105796330733717, 0.2781127619769367, 0.19458478413841132], [0.38272357397539153, 0.1555745126141446, 0.1904577427433162, 0.2712441706671474], [0.21445119216921832, 0.2790219558776151, 0.2728539497832065, 0.2336729021699604], [0.4148381960678334, 0.10906047446438431, 0.12030596410678403, 0.3557953653609986], [0.084565686568548, 0.3511815606052963, 0.3585184322657974, 0.20573432056035748], [0.14751924363489616, 0.20457220208681762, 0.2827490322981254, 0.36515952198016094], [0.0971157150015377, 0.36018470843069383, 0.20353023157399744, 0.3391693449937712], [0.3093198379967377, 0.21065481855676957, 0.20136567660004404, 0.27865966684644894], [0.16794686029300665, 0.2932410914257264, 0.321721945407486, 0.2170901028737813], [0.14414714575443935, 0.3691667336651189, 0.41559624948558904, 0.07108987109485322], [0.30625964103114917, 0.37335230377834855, 0.14703051922411128, 0.17335753596639056], [0.3997099989507361, 0.1462098779155268, 0.3174142220359976, 0.1366659010977394], [0.3189546856734959, 0.31817671050881813, 0.18947915713881372, 0.1733894466788723], [0.3144184649570451, 0.21701025691488252, 0.28958553706382595, 0.17898574106424667], [0.3727501442867533, 0.1671143843527204, 0.03703354726477456, 0.4231019240957511], [0.31980069743568273, 0.18225680801236943, 0.17422011377436072, 0.32372238077758725], [0.31770356326862786, 0.3628345864813254, 0.1838863075391421, 0.13557554271090497], [0.24263576356860725, 0.2687149948164671, 0.24205009427686222, 0.24659914733806368], [0.1285627698984766, 0.36099385356482777, 0.108287937731668, 0.4021554388050282], [0.5646341758245035, 0.1304012578782637, 0.1140336599213422, 0.19093090637589033], [0.16846636999650574, 0.31237853094473206, 0.3379527264844183, 0.18120237257434432], [0.39582496125591915, 0.19546365811081445, 0.20027003190023127, 0.20844134873303496], [0.24140953336760304, 0.2645272170379396, 0.22696936360066292, 0.2670938859937944], [0.15868906468161703, 0.3007769265165913, 0.32018276369357906, 0.22035124510821283], [0.22182114050783178, 0.28753930143836093, 0.1752293565483031, 0.3154102015055041], [0.34128595596458616, 0.1604384811276215, 0.11026152253696413, 0.3880140403708284], [0.2763458605900376, 0.27503933151208243, 0.19699678038012938, 0.2516180275177508], [0.2416571307274522, 0.17273287161172596, 0.29174278240938983, 0.29386721525143167], [0.2959506763387539, 0.2230384843130748, 0.39373676258156337, 0.08727407676660753], [0.22999983532687684, 0.2820851873713778, 0.3010139744990348, 0.186901002802711], [0.27429185793629896, 0.36423526845117166, 0.1964322306852702, 0.1650406429272592], [0.355610074828943, 0.1675579562335512, 0.1669013372861639, 0.3099306316513428], [0.12647835603709368, 0.3428538794307351, 0.2480239499515304, 0.28264381458064086], [0.14507990040043026, 0.3087716279851683, 0.23046111478969528, 0.31568735682470606], [0.25391028188111125, 0.16760673660596404, 0.1657786118161535, 0.41270436969677193], [0.025464165376557112, 0.26398872163319337, 0.3013351662663971, 0.40921194672385264], [0.2429066251997693, 0.32443150805072596, 0.20090662576471063, 0.231755240984794], [0.05635113172546363, 0.36386042884901065, 0.3642728866236245, 0.21551555280190107], [0.2449921308924, 0.21674154692921296, 0.1664261106910677, 0.37184021148731955], [0.18760167318245555, 0.3244072778682567, 0.05681158501792862, 0.431179463931359], [0.11811417729168817, 0.33914228096259413, 0.2968940999774613, 0.24584944176825665], [0.3206445242917769, 0.19340437626966084, 0.3075915654566673, 0.17835953398189436], [0.39855915602275754, 0.13370898753251328, 0.18423005330126496, 0.28350180314346396], [0.6782085470466346, 0.11105325971994932, 0.11553949770527791, 0.09519869552813817], [0.1798052284088586, 0.31502179673093006, 0.36294138981280855, 0.14223158504740355], [0.23112805809662354, 0.24080758117132223, 0.28552713117712375, 0.24253722955493046], [0.12763381916168481, 0.3383757376550428, 0.16729740050662373, 0.366693042676649], [0.4342104765665485, 0.11276952512918306, 0.20448495569948613, 0.24853504260478163], [0.2222587077223375, 0.26043002549602895, 0.23456662918524251, 0.28274463759639135], [0.1527459706135113, 0.3104180492048127, 0.1941113887124637, 0.342724591469212], [0.27445219027584367, 0.29736101342842464, 0.24112687611759048, 0.18705992017814047], [0.16275373944225166, 0.2975642011454416, 0.319931901522499, 0.21975015788980812], [0.35680322190623387, 0.17211236561743445, 0.28428803938756575, 0.18679637308876537], [0.15970594199875665, 0.4303807949844015, 0.2771281542522814, 0.13278510876456062], [0.5005269923793003, 0.1837775077258309, 0.12885622435767052, 0.1868392755371982], [0.12244248812123999, 0.33264819897081577, 0.3055400286035251, 0.2393692843044191], [0.12626925471345593, 0.3335682460723096, 0.2601016918364207, 0.28006080737781486], [0.0977183212056166, 0.3019717947849091, 0.37323327576739196, 0.2270766082420822], [0.36588466046606394, 0.26787839882933256, 0.1585932909766942, 0.20764364972790947], [0.28197286780577074, 0.2253649822840881, 0.20298922663122007, 0.2896729232789216], [0.2725112513507943, 0.22236798525279297, 0.2805815282858675, 0.22453923511054535], [0.18124279950943933, 0.19708516009433408, 0.3633211298757648, 0.25835091052046216], [0.07453434832211793, 0.36049563020987246, 0.41095937221730383, 0.1540106492507066], [0.19378197943607603, 0.286379823918741, 0.32208888289669185, 0.19774931374849017], [0.2651613805497133, 0.30864853252395985, 0.18264649684136378, 0.2435435900849628], [0.21986617422004048, 0.2863733079392632, 0.28680506351713886, 0.20695545432355705], [0.3610306261040675, 0.41215531332443095, 0.12812365276792992, 0.09869040780357208], [0.2095035382473468, 0.41831539966209663, 0.16676009320740226, 0.20542096888315445], [0.2848895264714954, 0.34646559171604063, 0.188176758732877, 0.1804681230795869], [0.13495256374110276, 0.35814384009970185, 0.3967603314040917, 0.1101432647551032], [0.4187374934746151, 0.13315647848804332, 0.2716905159482863, 0.17641551208905523], [0.4240545427226722, 0.11436840798314364, 0.11399234702454847, 0.34758470226963617], [0.32712679630296876, 0.19454250033241968, 0.19422075704284134, 0.28410994632177095], [0.31184725294760884, 0.1938328996962409, 0.2001479448161472, 0.2941719025400033], [0.3573010142000142, 0.4151047298410073, 0.11735624111922731, 0.11023801483975024], [0.39354569898462427, 0.39644140263878935, 0.13655569748915755, 0.07345720088742928], [0.3190032798555773, 0.19588306390550114, 0.09215217512482737, 0.3929614811140942], [0.06619324359404549, 0.4682466623637483, 0.22904437117988405, 0.2365157228623221], [0.1607026035049954, 0.2446734283036063, 0.28671540574616156, 0.3079085624452369], [0.25949352314883245, 0.23739110522705978, 0.24862250593873494, 0.2544928656853731], [0.4176187080145356, 0.09900100066046222, 0.35756029847283727, 0.12581999285216452], [0.1285951013160548, 0.2847295091348963, 0.36776582220537984, 0.21890956734366948], [0.24757636509691794, 0.31385303168877715, 0.21965517826771835, 0.21891542494658647], [0.15017113409344157, 0.3382852234760392, 0.337828712358511, 0.17371493007200842], [0.1503039066161296, 0.23798237043975667, 0.2675760530901696, 0.34413766985394356], [0.33347231080129763, 0.36856719281428646, 0.17607513897712665, 0.1218853574072891], [0.2865865122110548, 0.19288604653883812, 0.26743697069179506, 0.2530904705583121], [0.24416986110683422, 0.3231947432184672, 0.23587082515834182, 0.19676457051635593], [0.21302193594327756, 0.25778612535099965, 0.2907374095256188, 0.23845452918010457], [0.17991411931919765, 0.30044164809975527, 0.37532360796334086, 0.14432062461770623], [0.3411725933817893, 0.3573121345724301, 0.15669986961900667, 0.1448154024267735], [0.21450256535565496, 0.2922574934296955, 0.12470672001310225, 0.36853322120154697], [0.28805093718314007, 0.32685215959959363, 0.21443050689567197, 0.1706663963215937], [0.09468686965004447, 0.355930852088246, 0.3547070486567507, 0.19467522960495914], [0.32096742800748546, 0.19788225732464185, 0.22678663778396826, 0.2543636768839047], [0.13354383581786286, 0.5098459304720205, 0.20061117410168797, 0.15599905960842897], [0.23862316808917022, 0.26718955310339343, 0.1699110751438993, 0.32427620366353754], [0.17792912071053618, 0.3115214490157875, 0.1632026780615472, 0.34734675221212924], [0.21976688989904514, 0.269438471718786, 0.303264902684391, 0.2075297356977773], [0.09181801901553663, 0.3750017403744386, 0.1572941941355828, 0.37588604647444174], [0.31473419117472173, 0.19307110596872176, 0.2025078072346213, 0.2896868956219352], [0.33750357739921805, 0.3795972684951187, 0.14011149775319467, 0.1427876563524685], [0.02679943679513897, 0.4604733925860503, 0.4718453213266399, 0.04088184929217123], [0.1800417549683166, 0.23384098177849263, 0.14550522515860434, 0.4406120380945864], [0.19403133519180563, 0.43986303846236585, 0.17978084188437324, 0.186324784461455], [0.26906075472049773, 0.24393867411707368, 0.09029146194376395, 0.39670910921866376], [0.12208357152007578, 0.3968116176424762, 0.08220197524527417, 0.39890283559217427], [0.2545197659470746, 0.1913433685150655, 0.2612693714342716, 0.2928674941035888], [0.23560576775646655, 0.295325595182158, 0.2500179917421943, 0.2190506453191814], [0.340478935624263, 0.15611074639853229, 0.14419628443813992, 0.35921403353906606], [0.2991722211393771, 0.33663459384738176, 0.15232009706816987, 0.21187308794507106], [0.462993104089707, 0.06414113330795976, 0.06441449853993012, 0.4084512640624036], [0.20274577793911774, 0.28357188549540374, 0.2747354727880736, 0.23894686377740593], [0.18307870998780557, 0.2772168279690431, 0.23262194214569265, 0.30708251989745816], [0.19804943854545676, 0.3468351638214213, 0.2567451581092099, 0.19837023952391214], [0.3837620784688178, 0.2685872651883073, 0.1948033324379164, 0.15284732390495792], [0.3761974131066314, 0.14546927518364602, 0.23554182110948085, 0.2427914906002414], [0.33024814462026714, 0.3534347605419137, 0.19245713181287064, 0.12385996302494753], [0.09310867248809078, 0.31926083751392564, 0.27706802064814595, 0.3105624693498366], [0.21710347973716407, 0.2786091853971426, 0.19105722478773812, 0.31323011007795515], [0.1067461191024078, 0.23680450850376597, 0.29611059819228247, 0.3603387742015435], [0.32486087189589036, 0.14390940559139245, 0.3383490057265887, 0.19288071678612917], [0.15935544954308253, 0.3270873175633766, 0.3005512715218274, 0.21300596137171315], [0.30069195868824977, 0.22455549099384287, 0.23567155009674554, 0.2390810002211612], [0.08116647933014319, 0.41943120351784857, 0.06584329514121155, 0.43355902201079666], [0.3086533057161952, 0.34639308523550727, 0.1721864210470072, 0.1727671880012902], [0.3178817582944458, 0.17432346894859096, 0.26282873936624507, 0.2449660333907178], [0.301618742697385, 0.19336088685440836, 0.1883732761928803, 0.3166470942553266], [0.22308080586292037, 0.2249002380262649, 0.31983968437782323, 0.23217927173299222], [0.3256370149239127, 0.1970741142933591, 0.27965367745048264, 0.19763519333224586], [0.1399861580712217, 0.4759080355678267, 0.24034200902213348, 0.14376379733881886], [0.12437457362720704, 0.29639059623494274, 0.4006071798186881, 0.17862765031916225], [0.15220361619144124, 0.34751712674195645, 0.3687896537677207, 0.13148960329888099], [0.44147292321595766, 0.10308202171850225, 0.20769698128349254, 0.2477480737820471], [0.11687393803873448, 0.36949723909030663, 0.41035570343737743, 0.10327311943358204], [0.2928956879655023, 0.18533535952205402, 0.3466666388262872, 0.17510231368615714], [0.29523366745426183, 0.33833368028322697, 0.15967275944933657, 0.20675989281317397], [0.34941959371503445, 0.16814149236650347, 0.30230266192955557, 0.18013625198890634], [0.12018636008316826, 0.5580967161500188, 0.16299361413552776, 0.15872330963128523], [0.2774655995525753, 0.28312598264260014, 0.18148739079059528, 0.25792102701422864], [0.12926763635506122, 0.32094545191878915, 0.37513859045145664, 0.17464832127469218], [0.041258838156509, 0.33360858900605833, 0.19419870346312498, 0.43093386937430694], [0.2852585166349961, 0.22906855760644357, 0.26368434163658544, 0.2219885841219752], [0.3543885003813533, 0.1775400154313396, 0.2407705331513526, 0.2273009510359552], [0.230854164225376, 0.27707115722588976, 0.2685263556634161, 0.22354832288531856], [0.04170512764846245, 0.5440900209183581, 0.21347532730671379, 0.20072952412646505], [0.11380540457666241, 0.29097903432018496, 0.26783295448679406, 0.32738260661635843], [0.34832634038608895, 0.17565682662837404, 0.2939153467480059, 0.18210148623753092], [0.13278610766249183, 0.34241107565884504, 0.3926276157866418, 0.13217520089202117], [0.34553073953531915, 0.16386601983987165, 0.09131286706336418, 0.39929037356144587], [0.11458144624670347, 0.36083945925322075, 0.38622629848466544, 0.1383527960154104], [0.21085012854691368, 0.26501808054289944, 0.19728072289127632, 0.32685106801891106], [0.07456275026946442, 0.36490769726729305, 0.3966000199496404, 0.1639295325136026], [0.1151802068118556, 0.3469738441596915, 0.2762600624650549, 0.2615858865633976], [0.11831370005052878, 0.33635825990069723, 0.2223377096585773, 0.322990330390196], [0.09132608451817775, 0.47649006932081883, 0.18301765989928134, 0.24916618626172282], [0.1988634700498794, 0.2925228930289338, 0.1798183110106487, 0.3287953259105382], [0.10998209017624075, 0.3555088943633685, 0.35564295134619245, 0.17886606411419778], [0.2739468969320857, 0.17841586936369644, 0.24905620689769403, 0.2985810268065239], [0.07414641748644436, 0.38271226787334306, 0.37945391604734596, 0.16368739859286702], [0.3567276309989292, 0.3696754292457055, 0.13125560150345816, 0.1423413382