{"estimation": {"a": 1.2314309891447475, "rho": [0.10693665529109816, 0.17490698817983988, 0.22119138950202444, 0.11050793639833838, 0.12835840370867824, 0.08317241853975078, 0.1749262083802703], "Mu": [[1.100428962974845, -1.524295845195754, 0.9497422525126474, 0.9928860867984953, -0.36731736533626846, 0.48545297601831416, -1.3423262432873144, -1.03857373081334, -1.0886444910542687, 0.9092475399770994, -0.48840673019245184, -3.677247862606992, 0.9778981346593292, 2.5649174111913293, -1.0635731367872827, 3.224170051313129, 1.2494076212659992, -1.1884216686397002, -3.525634761908387, -2.2836617540476207], [-1.897085584280613, -4.1705809602635995, -0.2696068150557556, -2.2090699686447763, -1.4027228386369293, 4.065697158108162, 0.15491193930177521, 2.3857548702148477, 0.6338565277960913, 1.6642302060186607, 0.31938612972234903, 0.260429876279048, -1.3154698594513887, 5.988024801183366, 6.425050936973458, 2.2245231276197166, 3.1568693386885225, 1.4992717679814604, 6.0894130502415065, 3.567139330436654], [3.8814839558412264, -10.02006129933852, -2.1219439684096133, -0.8391833756246112, -2.6726585929739386, 6.5986802765833055, 0.34420535870138896, 3.797643757818835, -0.30308443308988736, 3.8033142710131282, 1.3062908024263715, -3.6943834766605237, -1.1166820458065683, 1.6178554343918221, 8.853387239746064, 3.793827856490335, 2.2494685844011895, 0.22385505824015123, -6.447965023995326, -1.2241166346259411], [-1.1278728190054077, -0.8272533735256885, 0.10000554133035772, -0.8346941486234444, 0.9462135933187932, 0.21711594369001225, -0.1405499402696398, -0.03402833482093194, -0.36629149590857935, -0.6381475620441545, 0.22491708755301693, -1.2330428036946588, -1.7196359220077386, 0.8477270419367958, 0.020535095679401507, 0.9290739033914086, 1.9504013830460218, 1.0391883539736853, -1.475540923071454, -1.441506077286539], [-3.3648086299534814, -0.6219097693849852, -1.265433446038799, -2.085229808746477, 0.07379097364350139, 0.7099006560847549, -0.10393432385981599, 1.1639687212616403, -1.254570132067645, 2.3182489691868087, 0.16241680799615899, 0.4589915504263239, -2.597268740541383, 4.926607240544612, -1.9477576876360858, 1.5563505490669125, 3.3423706722156346, 1.1343546882769644, 7.438424211037079, 6.148399289431471], [-1.5394353201187754, 1.707181395522721, -2.721437184879646, 1.5046968208920786, 1.284512313447449, 0.3348075059688584, 0.2716122916289697, 1.3236400414791094, -0.21153243145612444, 2.9757681213706633, -0.7333570426582, 3.684403805482053, -2.243118872794592, 2.3239468368042897, -0.3029993795745531, -1.157989881237888, 1.1477724236567495, 0.5959223424236026, 1.1307338589810911, 2.293488895627253], [1.2294317182540866, -4.888603679487237, -5.506547245402268, 1.3946829073607392, 0.947227413706388, 5.199461097325177, 2.2986492603430393, 4.971038102031164, -3.9016944096537483, 3.7374204333088623, 1.3449259471406751, -2.18217317100547, -3.6658939509405686, 0.7950158108244059, 0.666384551824658, 1.3531165869324078, 3.816616879987128, 0.16940595274548792, -1.779110033406291, 1.8337194823910676], [-2.154426045897941, 6.35250647293462, -2.848113952059455, 10.78697824723255, -2.9106735008376043, 0.5954888589369539, 0.89579652287972, 6.625172195449683, 0.6799583300580071, 1.2475936027450285, 2.4419583366035673, 1.9375026849367545, 3.2077036372003045, -4.124076299558289, -9.510822893958357, -0.25554621991780074, 0.6232061664025205, -2.416244040886017, -4.036655142135772, -1.554451558407779], [-2.778338975492018, 0.590468840732379, 4.61031532198832, -9.355310225757552, 0.5068786537479882, -1.1434773700315133, 3.944867517650696, -3.6578053968621336, -0.6447774446177551, 1.01504169929121, 5.132173905779937, 3.0533281552884906, -1.0584657708418717, 6.9137125224445, -0.13029118455212937, 4.890522436587617, -1.6387434950813533, 0.1906007374054959, 1.0048126365771477, -1.954985437141708], [-1.19488033655046, -5.45590713094205, -0.5249686098322391, 12.225524888655068, -1.9728741496879048, 4.620017872578895, -2.895165711412593, 2.95142670839698, -0.18983495592127755, 2.1658208277562077, 2.347126054831246, 6.830297606578262, -0.3817022047964897, 4.569937706063371, -2.5568926415213977, 3.888325032346825, -1.5216278884080543, -0.51684939726491, -5.752695052335204, 13.200979727196556], [-4.098747237957423, 1.4329659917725135, -2.4675412479573544, 1.002658871380704, -0.2566177910552616, -0.8642342898648505, 3.273915975630641, 1.2157169419948477, 4.184756590025085, 1.047107585168876, -1.461733902465907, -2.553173253065452, 1.9224488991023694, 0.07207822726929516, -4.853475286593272, -3.6004053453441447, -0.2723251014802753, -0.7651976663440044, 0.5693626265434022, -1.328945014094722], [8.368683433860607, -8.032523362613661, 2.681146722305794, -1.2252131555099846, 2.4932540742697147, 1.7204224014564506, 0.3999121921783872, 4.930336517126796, -5.040111055010648, 6.475100309807387, 2.7116470535686568, -7.013022529020226, -3.915903887055011, 3.5241058159606955, 1.1352776513137022, 1.63996999000448, 6.241329861859981, 1.3822002909881204, -6.361785749449578, 0.4844976855155026], [0.5307302308398274, 4.404448761426096, 1.7947427918155159, -4.650592512141739, -1.9927014645184937, -3.7319562399273596, -5.652404111702916, 1.5988387659694916, -5.596718156995462, -3.25423123197359, -1.0105067012319784, 2.591021754857107, -4.507524503468432, 0.988261451049966, -1.0928825787787533, 0.0582097448308238, 2.7955814688599, 0.9680809733959583, 0.13637806827834084, 6.4986713260621025], [-2.288361620898723, -1.1467777697635917, -1.8816982442785748, 0.9279576845366978, 0.10672623815689719, -1.2054076750146416, 2.7577467468205072, 1.183619946228312, 5.736883594253048, 5.557036537025796, -4.25921640191091, -3.6462330907984426, 2.9197707569609697, 1.6860382712554443, -5.165834720932586, -1.8511952273990007, -0.2914318864055088, 1.9476049065789303, 4.993041053899361, -1.1400482384122976], [8.788787028291635, -2.4652696267854157, 13.549045890777935, 0.01312934275383175, 3.481048359605512, -2.725521127551617, -8.922013546092405, 1.8513916999137108, -3.4230921260816287, -6.481976326375892, -0.8182400178197352, 1.9997874381865262, -1.8182871014882052, 6.748814479588819, 0.7155789165370401, -0.6380726280273941, 5.232652779461415, 0.47521855207117447, -3.1756630824877283, -0.9401373034233655], [-6.611494928776217, -3.5167404321280413, 2.512422338259713, 3.819335023108742, 9.324453092052664, 4.424070829640707, 2.232355929065977, 0.9958336359179364, 2.1643053709040614, 1.8083674275009622, -4.889147713916613, -1.326296722183937, 2.421087558893606, 0.032325731072671185, 0.5533058421942163, -2.7187394501983055, -1.5886125225025736, -1.5697653598959809, -0.6347095168910907, -0.19480674478626764], [0.7012633429310362, 0.3319965546721866, -1.4730770698303308, 0.4934207524532608, 4.25173812977804, -0.3705178416337026, 2.07648541252357, -3.746315098750496, 1.1968242740625235, -0.14231387586828997, -10.31923933522045, 0.8349983614396452, 2.5649739702352403, -0.3018734221402302, 0.3222525858076532, 0.8650920017397956, 0.40561090275546896, 0.412958400491818, -1.1264945325945603, -0.8752094746733377], [-2.099771547045925, -9.01324591550922, -1.2558462638426222, -0.8577418836469944, 9.315955863253956, 5.01519794370602, -1.7672697890413211, 0.6931025621043287, -1.7562196271949817, 8.77768617126638, -0.1871604324637511, -7.259111985743717, -2.014464983386171, 0.04499188436825091, 0.7860615086079026, 1.979841621140417, 2.4254947478613538, 0.7685568234265088, -5.4651163722105665, -1.8788473322157362], [-5.771652735521347, -3.1232576304495514, -1.5030525645303483, 3.272836651755932, 13.057663033658985, -0.7652075168391204, -4.979889198544717, 0.585482518286781, 4.166245071616091, 1.6576971302744485, -1.764360057921846, -0.5287400120613764, 0.20311332451142872, 0.40509711884676114, -3.4052941264159107, -2.4642495540294087, 2.7119398822030716, 0.8441650800839207, -2.6501175836654935, -2.5259301178559737], [-2.04078423671975, 1.3537794079062044, 1.1735902147805033, 2.5772257042862075, 6.5414076927954214, 2.658554127128967, 2.891883591412964, 1.2663961716117842, 2.447394618272706, 0.3041773741229087, -11.08192860536056, 0.04590347655167808, 3.5160039494008584, -1.0791878145288216, 3.3617084472178416, 0.5975685846145751, -2.48026827225891, -2.285935063552672, 3.958779697944254, 3.3647565044603365], [1.8930127162649244, 4.668588464796762, 3.752943368147289, 1.2961306607655305, -1.032379007485313, -1.3935298168620875, 0.508908253439311, 1.2200239810982763, 0.8226485843397919, -0.11104080901882447, -6.655590099881266, 0.3237697597851649, -0.0344912651762095, 1.998750562822704, -4.360160751434621, -1.1675436982544203, 0.5139383697239264, 0.9854168084672202, 5.73329372697885, 0.23135716402585552], [-1.2094345213592104, -1.541118654004634, 5.245628393433139, -2.346834559760929, 1.1115580687902142, -0.38114565065380057, -5.926230281794461, -4.589207478192222, -0.3236029046609734, -0.2780723011530371, 2.0292621578755563, -3.0688645954142824, 2.424454772527002, -0.2025905280033317, 0.30154214116664096, 2.8972290224407757, -3.411303923624679, -2.9044198715078045, -3.7411533039658638, -2.2612115050776875], [-2.3054474233283853, -6.398642227501836, 9.451674028253953, -1.2473327197181643, -1.7886046915930007, -2.172483725965354, -3.994814862836681, -2.9376614846836033, -3.7504371494964435, -1.152565137503994, 0.4442168303264229, 2.9453880809131174, 6.00347120541292, 0.15635400868950747, -1.1000275444511212, 1.4932641379938467, -0.9062494074919148, 0.5936097288533657, -0.8882833899835814, -2.0058699823168515], [-3.378565240105127, -8.836064445367196, 2.5152319842900206, -1.2639299040884007, 2.9657650076651954, -0.10782855389932454, -4.650217693673505, -4.153428691036071, -4.133188893350025, 0.4303391149571477, 1.8472756163586945, -7.859381660456528, -1.092124834676814, 1.7179305658569297, 1.9111153728073664, 1.8335071047112061, -1.174955413754086, -1.4472922054693407, 1.4982651189438403, -2.5795471873291334], [3.5440843181892654, -7.156214518247399, -1.3828518786613915, -0.009708006920251998, -1.223546720172089, 4.791497385890094, 1.7351568276612497, 4.454987403380779, -1.3654892491251676, 6.715815889241251, -3.9281250917586474, -6.114109576891253, -4.284541791137189, -0.662364077844178, -0.9168522345772068, 4.158784332871599, 0.8788169021312965, 1.2772128281377848, -3.31418604952166, 0.10860142994313787], [-4.9353620893464685, -4.401558827528719, 0.5613571145553171, -1.3112197269221442, -0.1678616101879244, 2.8134406901336564, 2.5547142913371945, 2.534700934368137, -4.451205326243817, 11.4105245982518, -0.30157802317352206, -3.4743256162584966, 5.296905399944526, -1.1446698293228876, 3.2359500075321765, 1.9441450376873524, -0.8183015223115644, 0.9175046631511778, -6.079456465593607, 2.3061775602282397], [-1.0401927381265375, 1.3873721669411831, 0.5243539271549954, -0.4028544314538493, 0.5101822693290096, -0.07433996416572723, -0.3165259535844361, 1.5694951678944942, -3.3345511938568353, -1.5152190051154801, 2.2626645556358995, -1.6563954178676499, 1.3995676896345648, -2.2439400217205026, -2.1764080923929576, -0.020298591018454423, 12.281555635866566, 0.28488559123364204, -0.7970952835909146, -7.860401444191298], [-5.296896247952708, 3.277534898262729, 6.9349205691343885, 1.6850418931033186, -3.8549681970713126, 1.2593574091967294, 6.258749740592765, 0.7423601842331401, -2.1905132409323747, -2.360300007598271, -2.1620256125153783, 2.358173287589143, -6.7649245476971975, -4.421459152306872, -0.8050670088008314, -0.7698876418544167, 17.575043668095653, -0.7594834395724883, 2.7358034351789797, -2.066736019426328], [-6.9213623925778975, 0.46809624582316756, 3.9176657963659234, -4.069336569984676, -1.059800006239548, -1.649852109057084, 0.3526226602880602, 0.8674222804203812, -0.671537344813116, 8.504112830066399, -1.9572471185519968, 9.445885035251683, 10.38022278446691, 1.0393538269383624, 1.6366725899025019, -1.8813481944497594, -1.1141349719330835, 4.418500466629287, -0.7269124752383213, 1.9100604889901158], [-1.094597620124294, -4.294983735156769, 2.0513318460099947, -1.9003055919274954, -0.985053892995498, 3.566392840127144, -3.8988108589107258, 0.8425279014101915, -0.867676759739564, -4.32570309857849, 0.5417045567339245, 8.384266011491576, 2.233214041395521, -2.3939485437680257, -1.6113557518583996, -5.462958081471698, 2.2011869916664324, 2.8480395148257296, -1.986979942641518, -0.6456297067847607], [4.417001402874347, 6.555496986467755, 0.8669339542494318, 0.878674690143048, -21.02342586877301, -5.715219443319518, 1.106772274927486, 11.198315899912833, 6.351798383638017, 21.21127189041783, 3.904825356162938, -0.903150362534474, 2.7915918562236794, 1.6082385588481827, -2.394989733852964, -4.076557454329843, 1.4724821932634313, -1.7687704553297636, -2.1902181631725735, 1.7642339702191971], [3.085960333696458, -10.230539198896933, -2.9374404364335174, 0.020584171403131565, 1.6195233800634836, 10.164949239067623, -1.8372226814507897, 2.7901351560689727, -4.466536410687729, -3.321871230233334, 3.5962166484786255, -8.572571759742962, -1.5462174533118134, -4.163309813388277, -5.183313073286166, -3.9502400259074184, 3.222493998935678, -0.13251418050830194, -8.878038534128322, -4.842651087071612]], "Lambda": [[0.46037887569723146, 0.4234239866182296, 0.5251124360264512, 0.46463771958843986, 0.5410635261232817, 0.3860645372030706, 0.5313010734972134, 0.6172153139268934, 0.5309663179271201, 0.48789923467747087, 0.46518171487503607, 0.3313745318823755, 0.4474904622508628, 0.43385489372023, 0.4579240715562517, 0.46714007409988706, 0.4799729325532286, 0.539987964914309, 0.3186958219098057, 0.5670303744920562], [0.2742561287059687, 0.33983470747667627, 0.554115188843751, 0.5438610938725927, 0.48515150592888723, 0.6168375238563348, 0.7214351865553865, 0.4275935839125476, 0.48648449442835734, 0.5161354764747023, 0.9202991468357076, 0.6771772762583131, 0.5799127050028942, 0.30437212193559315, 0.23703960434298338, 0.4564675481511948, 0.3230979710484806, 0.38219799412553135, 0.225148356861629, 0.40576130705939956], [0.33880122310591765, 0.2034199457226109, 0.5341315282882887, 0.7041856463872126, 0.41629035353650895, 0.4475305978564728, 0.7926278501338124, 0.355218942779832, 0.46939890269046797, 0.2990741147233759, 0.8163399478738249, 0.5313356735177792, 0.7753814860728889, 0.47996296062815313, 0.2146404082747455, 0.5186179168372858, 0.49321632061948445, 0.6010306523948977, 0.2641618745528505, 0.4225723413363874], [0.4910584369585094, 0.42061083248931974, 0.5324245402669127, 0.5881796989708407, 0.5511528635314236, 0.4698036231434038, 0.5290733995536059, 0.6121568184283134, 0.5955523730744454, 0.4577694205670781, 0.5327352558282409, 0.4516204222820052, 0.3994794992087951, 0.542382060516924, 0.39986851210226415, 0.5886512562876332, 0.5028398956723409, 0.47523817115152234, 0.3429446524531809, 0.514857162468272], [0.3754661085665604, 0.4737241455324211, 0.5727728287521981, 0.478127977313806, 0.6391706543572043, 0.5035722010348362, 0.6306231565679179, 0.4193923580320156, 0.4830983300113093, 0.42642994713197746, 0.5984429324524558, 0.4405674795976486, 0.38628559313380095, 0.3405827399521631, 0.36230124610804276, 0.5110074112793165, 0.3273132623864, 0.38277167346477503, 0.21205918636346394, 0.2725799443330066], [0.7154072393805128, 0.5051808211235577, 0.414589922423343, 0.42558193701938757, 0.5215570633287091, 0.4886171181323938, 0.43107644617800667, 0.5073840232644818, 0.3615640025016932, 0.32815465487898327, 0.5464107792338846, 0.3702822889629691, 0.45863878737092384, 0.4177796779817345, 0.6797770848537823, 0.5792705359211139, 0.5550481507923387, 0.5349325355912119, 0.33253867873630755, 0.3270063384831051], [0.5103281297170172, 0.447261110874699, 0.42521012020748894, 0.3824117826253426, 0.7122517228239507, 0.4760582593410041, 0.5591342431590529, 0.2537662707999931, 0.5544376312293248, 0.14965872760774385, 0.7716625859561916, 0.18040245309726474, 0.5330337253430494, 0.5869248171268306, 0.5589749789046252, 0.5867090905447352, 0.5635498293363476, 0.5993360463262203, 0.2854302131337541, 0.4466266846245068], [0.6287015828121126, 0.3875346003875919, 0.5873767104525422, 0.23432649599615318, 0.3772817395456132, 0.8918533907023013, 0.6036087754110286, 0.2351460905007233, 0.5834366951373324, 0.3722222129458426, 0.6104298135287509, 0.2616655772198661, 0.2591574941944405, 0.4313499045694119, 0.17687102603168836, 0.5932701926631185, 0.6195209612822398, 0.5052088397811609, 0.5377040183134388, 0.6677954296751821], [0.4462349288561464, 0.7458922621193833, 0.3951062961392957, 0.22648067509487976, 0.6452795145925506, 0.41757756894471293, 0.48507127931121674, 0.4657056808261966, 0.6187265397826427, 0.4513068088867895, 0.3846536205725935, 0.5056735178540143, 0.5289135982324489, 0.21849622452734868, 0.6395068308925403, 0.37986189285910277, 0.5661667204410945, 0.4726306141123071, 0.5373000897559321, 0.5035691772486055], [0.5205267584880712, 0.47192472277144587, 0.4877772087237023, 0.1172879257310436, 1.2137840997252776, 0.238331793401755, 1.1448205671807254, 0.6793189572122084, 0.8379564326345028, 0.8811764831653507, 0.6734832151554097, 0.5035341635126652, 0.4246903418416207, 0.7544141512936712, 0.49233288821592386, 0.4062443426998546, 0.7548304095931433, 0.2642104517776524, 0.5234343190346353, 0.06242028302284553], [0.3262135617605384, 0.503889071427794, 0.339302182921132, 0.5312682741979664, 0.3847907044138972, 0.3463911761153992, 0.5965046324173766, 0.526927623084427, 0.5641162876155679, 0.2645563193064484, 0.32198215378747613, 0.3492483261439974, 0.5360786452736224, 0.3016364269019287, 0.47450610452383274, 0.3373410618372623, 0.646055958277538, 0.44156718257230876, 0.14121552783705837, 0.2811127437667978], [0.28099721230237307, 0.23739519715024354, 0.27488677925183597, 0.7086777055152703, 0.36333424926289337, 0.36978456107220037, 0.3550115640568068, 0.3331131417402547, 0.19974904287779569, 0.17735552741167113, 0.6018272788887042, 0.37816279373492595, 0.8796414156167882, 0.4963623420395366, 0.5254285815408184, 0.5040649371743794, 0.4062029016622296, 0.4675663350380382, 0.2853830510388256, 0.4847035992219222], [0.951180659119772, 0.5148637547278412, 0.21286391614174519, 0.31378702576842804, 0.16154962015668828, 0.6259879103292522, 0.2754213545058857, 0.48298355445301955, 0.32382234241082514, 0.5051256777136859, 0.48744752581993234, 0.28975647427271617, 0.34173203808274444, 0.2603219715381396, 0.7144678970004946, 1.1168236622671732, 0.5157658565447892, 0.4250623355591348, 0.25561851239115746, 0.3431598477867802], [0.34984017466392225, 0.5745122954398889, 0.3297611908719559, 0.5963107482807619, 0.4692038044886147, 0.3763312925721398, 0.5540919473540853, 0.43637072346154737, 0.5123731434265891, 0.20932822401447254, 0.3545932877421581, 0.2727999435267843, 0.3495084852804941, 0.3674069169280374, 0.35464923915731583, 0.3832378463310206, 0.45451290360866, 0.46762690652194944, 0.16457082367216247, 0.3555105902259185], [0.2648316104348695, 0.45026861515523964, 0.168227712601916, 0.5665646564519372, 0.3344777083148091, 0.4285850597214729, 0.4053678487858118, 0.5577648602929193, 0.26373740218562675, 0.26346007703894275, 0.591948413055939, 0.5492236575095732, 0.7114311739450013, 0.49303634006307534, 0.682762042840948, 0.5722885088812284, 0.2498879070582094, 0.377083501821409, 0.38767104849915296, 0.598061463914671], [0.38010575794667373, 0.3364650682831553, 0.5342947296138605, 0.3341934134749619, 0.22133180808270414, 0.3953233934865489, 0.29469377618765447, 0.5056705174639218, 0.4669811164288445, 0.5922350097976076, 0.3751975675988907, 0.651866789794137, 0.41367679303050403, 0.7469210878857722, 0.5465683489537799, 0.5488744005770866, 0.46637626991916886, 0.5306900976800202, 0.5758501828529392, 0.3706948900086092], [0.5740409355267947, 0.2813807699087647, 0.3681879510086919, 0.8285771646865658, 0.23243044628582205, 0.6610662164351881, 0.28099531836707176, 0.5302959618836425, 0.43721616116705875, 0.4972393911880825, 0.19554028169943016, 0.6180112694094304, 0.3263336399903956, 0.5395923960580642, 0.23173913248551686, 0.40358867282349914, 0.6448704553510769, 0.29139215722777156, 0.7035543186535663, 0.422269977564887], [0.3918066196906096, 0.3239339234058189, 0.9516624324977682, 0.6992040285598768, 0.492938214753174, 0.33213241965766116, 0.1607017026917847, 0.5142041188134112, 0.39637875527909405, 0.17076317273098737, 0.4163892067250476, 0.5241641790402065, 1.0713282754000284, 0.7237013655722245, 0.29719409334557073, 0.5801568581205434, 0.36477229377369813, 0.2716936789315658, 0.3645901197000624, 0.4239745877195455], [0.28429635980142587, 0.553952553769963, 0.5641487319234192, 0.5780960181011825, 0.16326208746227552, 0.5370318818176604, 0.32584083060798136, 0.7550390204785097, 0.5404626930192346, 0.46303280324023993, 0.312551798395566, 0.9244509745708352, 0.820953372035375, 0.5994952736513124, 0.4143395487803738, 0.5074837389712624, 0.18704143575386362, 0.31436226236539605, 0.5323563615130329, 0.5726032620539864], [0.37037205308873855, 0.3894245934469374, 0.28976300681955347, 0.7226203901466774, 0.21959336739142535, 0.4816846879281124, 0.2298552814976293, 0.46277811485073994, 0.2900767717782301, 0.53031394578522, 0.3207179965086695, 0.5822775963436814, 0.22573783932366645, 0.5402095335794204, 0.2808600358397883, 0.5057986253008688, 0.7585134437914973, 0.5379400177373299, 0.5307591036941006, 0.5015677915519601], [0.4042978842332231, 0.3491730707472683, 0.38508929808389786, 0.645517437490284, 0.6151553332165531, 0.5191514116434797, 0.6303756912662482, 0.4652840103913915, 0.4356380141022425, 0.3553621545511266, 0.3631447234720535, 0.33841469657306955, 0.259335706918216, 0.46429048479376717, 0.4153794475945663, 0.35327152311347326, 0.3335567104316987, 0.45377437625988687, 0.6410933461458653, 0.4399970182658752], [0.9640324961771534, 0.5902917234410878, 0.2596814796020646, 0.4612415888253672, 0.4861146023829546, 0.7222309837481495, 0.5644835298849104, 0.4715824172975882, 0.33456897411207953, 0.4519705047121112, 0.9899540242642998, 0.6680396076710812, 0.6205549929544758, 0.6355573182879707, 0.37813999386981856, 0.37798437254068323, 0.3251507818195308, 0.21702225647985396, 0.33467680136982325, 0.8979971073181378], [0.5975731680077195, 0.39278620297870376, 0.17670199419887198, 0.5322899184275479, 0.46540932116050576, 0.5469193485198034, 0.3684076925095578, 0.45917022382571293, 0.28288431364215205, 0.7249931322632952, 0.9251141398309228, 0.5623972438700765, 0.4862158366723913, 0.5668912846429106, 0.10970625472327541, 0.25978647324473214, 0.1723764922198744, 0.38114947523759135, 0.1828877415562712, 0.7151602747333431], [0.5425366639851047, 0.2578237582625009, 0.31487015191037276, 0.675828830045611, 0.27327963923305215, 0.44762359176900807, 0.5086466856899772, 0.3487607089267674, 0.23846925803137525, 0.4406152204414957, 0.656426838441875, 0.21160225418310052, 0.4364480311312844, 0.5346610428053542, 0.6383833816907828, 0.42579298047641806, 0.2601912483448353, 0.4387219706329732, 0.4770344171773359, 0.5587238323319074], [0.2866529938806515, 0.2802552210767591, 0.7010665628171873, 0.4982114379749952, 0.622667077122316, 0.2554118832513483, 0.5139751052276649, 0.24862568889929781, 0.4399159206246071, 0.261848996967159, 0.2823346166099078, 0.32597818114996374, 0.814908337628916, 0.3323666100076037, 0.41991448614227717, 0.45705791698706594, 0.5540807299646883, 0.5348292070900552, 0.4454760886493855, 0.3716076122434567], [0.2230217590499703, 0.19502214076273378, 0.6600527234822958, 0.6513156034590403, 0.5427222378065664, 0.7222254316437027, 0.5657819727669555, 0.424803770435374, 0.40105793687020214, 0.13118795945688727, 0.39250294152285015, 0.20646962155766183, 0.48603794922622534, 0.665433656927685, 0.3577806967752229, 0.5943526242506526, 0.6591490227849306, 0.3736264611119773, 0.335602884924925, 0.42807001050396964], [0.4098451745896088, 0.5801931576570649, 0.4942642270606857, 0.47380017974687016, 0.5553374556802086, 0.6267437466438153, 0.318610978879415, 0.4023972402840904, 0.3762024161131173, 0.5393687702237415, 0.3007316949152114, 0.3749973351941027, 0.28908918086260244, 0.5908016800656385, 0.6782779003235122, 0.36211241716211423, 0.38760898458921106, 0.43065024613676084, 0.5513010113023091, 0.41768657162567824], [0.9361810159876643, 0.6775739465843558, 0.09090801573297984, 0.10829899263721922, 0.4996773347459477, 0.6300647568601283, 0.3701790136462562, 0.6567903183098067, 0.5808339284530206, 0.7937140806538167, 0.5111035285449849, 0.3235913976835755, 0.3067188305585955, 0.7781303309339332, 0.7321592191375637, 0.6945568195703451, 0.034527279805103894, 0.9767618008905513, 0.5090922810752425, 1.1264430692221337], [0.358677498793276, 0.2945407517113402, 0.4066645416105155, 0.3184579308728222, 0.44782129326061787, 0.645845784348824, 0.6636504650288659, 0.730899524447606, 0.6427519990589998, 0.4404430141470786, 0.30798208236206026, 0.23868727835663173, 0.13218737676943754, 0.7606355592504495, 0.5442618533953797, 0.47879725919850114, 0.40257892158427383, 0.18133117036218868, 0.7066802095593248, 0.5762128611938804], [0.44778872791902624, 0.2708820272618122, 0.43710655303214946, 0.3869931005817549, 0.302293503348723, 0.7061551490070143, 0.35090448112759237, 0.7736414151647047, 0.4547798224655275, 0.6966936591955482, 0.3244577137061235, 0.3021408085381009, 0.2460602257346582, 0.3573416927285172, 0.5360530800984962, 0.4230849343024851, 0.4534567600588693, 0.373969910000898, 0.4834336362641148, 0.334982306607247], [0.20079342572188982, 0.09087778576922409, 0.2284892007131103, 0.3217851336056931, 0.027671763536788938, 0.19003217405639947, 0.26476678521233993, 0.13144886107914922, 0.2571067640613778, 0.02779273044268964, 0.37752622260156293, 0.25201959565413573, 0.2832653656666295, 0.12500698479152728, 0.2611468112449156, 0.11985610285569424, 0.19696086652002034, 0.4967290378014812, 0.19108783539964377, 0.4958209212492661], [0.1992323392004842, 0.0973787730907479, 0.4858759330988441, 0.4548248895953763, 0.3075683420422051, 0.16979527552429832, 0.2225271581771798, 0.1387503127894838, 0.2254296544561097, 0.0548356494139824, 0.4205460182796237, 0.07870696441351228, 0.7249175498831835, 0.27147572249116964, 0.16079482087377964, 0.21364938896293953, 0.40095096460606044, 0.5391550376680317, 0.10249013442263323, 0.13484601685247957]], "G": [[0.016219762125341423, 0.025819456108312624, 0.23835975307100485, 0.013050602481147752, 0.005735908554490847, 0.022411881309540676, 0.6784026363501622], [0.005279181779646594, 0.1264820478395336, 0.10749736692386078, 0.011231571006946122, 0.3360408993149955, 0.009668929577720304, 0.40380000355729695], [0.010835241650646105, 0.41082167876312287, 0.04188306578619546, 0.033716202858925313, 0.4322069182877924, 0.028253177723369122, 0.04228371492994809], [0.008191062845543351, 0.018438059289955403, 0.01603008427837488, 0.4765764505433092, 0.46444885132064057, 0.004749862277453473, 0.011565629444722801], [0.005355796845275177, 0.027799086222820218, 0.028192981961580623, 0.016066483190811522, 0.46576888291976937, 0.014347630417349311, 0.44246913844239355], [0.05436768948300603, 0.2771022986734124, 0.5125623284475286, 0.056610664177932826, 0.01876539811220201, 0.06239177100847573, 0.01819985009744277], [0.35094277477523605, 0.050188110970250575, 0.03900232191730319, 0.006686317059085669, 0.005700002168704262, 0.01936647941792206, 0.528113993691498], [0.09436778773982997, 0.07201555555226104, 0.44841529184420603, 0.35339892964573877, 0.01592936989799969, 0.004890937251288218, 0.010982128068675764], [0.014986986012886923, 0.02215086249437719, 0.4695226986616032, 0.0053772609123299295, 0.011301491726175422, 0.00833569620343252, 0.4683250039891939], [0.01605533140701936, 0.052481056951051645, 0.026434019610986077, 0.44209567886648055, 0.4219438521459891, 0.022913649915350127, 0.01807641110312321], [0.06142584102772132, 0.06304660905686628, 0.7985559009193064, 0.011445910070278854, 0.012822714002401472, 0.012263340018840831, 0.040439684904584265], [0.010946735873840404, 0.05200376444550187, 0.008380332605768847, 0.10471525263300434, 0.36754689794332995, 0.01975066874451108, 0.4366563477540444], [0.022929465020546224, 0.029212022944869957, 0.008955630468643295, 0.010170093087936436, 0.3900700712741885, 0.005346957538710307, 0.5333157596651051], [0.015042356526453103, 0.1377472901863008, 0.24285399137085892, 0.018398094183450446, 0.21306828724331406, 0.014047312422829613, 0.35884266806679294], [0.06746119680492461, 0.35821220056694514, 0.02779526930839694, 0.05570058460993062, 0.224508234943123, 0.17797381298249138, 0.08834870078418808], [0.08883984035009786, 0.022412164002642836, 0.008237334287226613, 0.014005998087707605, 0.8019548997464461, 0.014851549571030173, 0.049698213954849524], [0.01829987789555056, 0.008495654772298371, 0.428748164914464, 0.005900041406096742, 0.005621538695445379, 0.006350266101543277, 0.526584456214602], [0.08447944409273028, 0.00420945531579693, 0.02313413871797396, 0.017439444175471913, 0.37878597516716295, 0.04840108515481949, 0.44355045737604465], [0.30597314199661124, 0.14146251447920993, 0.17562961501626995, 0.2794941009515678, 0.030673856189376295, 0.03969725942270415, 0.027069511944261333], [0.21338062776177671, 0.15283456460322173, 0.1322361977444413, 0.029021640071190808, 0.3562091043809398, 0.00924831867528851, 0.10706954676314108], [0.4311966660620389, 0.01161804555110393, 0.0057060229668136385, 0.0216386887590874, 0.01054497048457687, 0.022854465679697344, 0.49644114049668214], [0.009495177272775152, 0.20062349908336433, 0.6695741246097049, 0.026444617492286236, 0.0232787855894838, 0.03849308815563485, 0.03209070779675236], [0.04804580762494905, 0.06475574946444339, 0.7603161782010184, 0.03018661161758867, 0.021280154328099394, 0.01805939413478642, 0.05735610462911472], [0.0593396575238112, 0.026607961297789938, 0.38121483207277246, 0.03736149254962656, 0.06203745435061805, 0.009642484022151905, 0.4237961181832294], [0.06884544438144694, 0.3946762393449147, 0.08282865367581088, 0.014257650253150038, 0.008053918291985433, 0.009701881004317323, 0.4216362130483749], [0.015749886877794567, 0.41313903363289645, 0.45745405127791006, 0.02193514849812398, 0.018848833246446907, 0.02230902970986674, 0.050564016756962045], [0.08669757127309659, 0.4104228877813255, 0.039716695337807195, 0.006892687961672443, 0.44322915187478434, 0.005430874106977565, 0.007610131664336478], [0.01386486433743162, 0.2282878186804125, 0.01256865874891071, 0.24271903435698688, 0.2669702043506444, 0.06547723647349463, 0.17011218305211892], [0.01364319997111829, 0.48240484216255, 0.020148186874323615, 0.013471227629617728, 0.44012184819272643, 0.012503858245398044, 0.01770683692426575], [0.013574357164937942, 0.37873795530977905, 0.430148590467105, 0.06539078077188444, 0.026040918495190215, 0.04894032024819266, 0.037167077542910744], [0.02531260612431237, 0.47178924880107864, 0.05434022127799612, 0.40660895080732556, 0.009295073926672604, 0.01358116697821505, 0.019072732084399295], [0.03373298522194526, 0.012873554786905491, 0.03478539857992816, 0.028556878876335637, 0.3910334053291536, 0.007678057970565916, 0.4913397192351659], [0.32674961889184045, 0.02613717328868675, 0.44710992762532575, 0.09983059684603984, 0.06911391107595771, 0.012241087367478415, 0.01881768490467016], [0.04911283811167482, 0.11305366694914175, 0.71257419621788, 0.028173844377409028, 0.046486435789257256, 0.009680113359811079, 0.04091890519482681], [0.004212018042294965, 0.4738380668633494, 0.014441186806482376, 0.0032517493369676855, 0.005046826468769054, 0.01637899420633623, 0.48283115827580003], [0.07835954204835369, 0.028066200658035976, 0.4800510704232081, 0.37113895537403996, 0.014708295147738828, 0.00551338315994664, 0.022162553188677776], [0.0173106611580347, 0.43229845953200274, 0.030859378119085134, 0.030488631901356554, 0.41734319721664015, 0.004190515741768874, 0.06750915633111193], [0.021994608035893044, 0.14277086805151226, 0.5584840778458984, 0.027094275589194017, 0.050367451950418696, 0.024142058771829827, 0.17514665975525334], [0.014618965916547688, 0.430400496994577, 0.4254683542138773, 0.01678208847119346, 0.02448913616925764, 0.061422289654864744, 0.0268186685796824], [0.04424626952356133, 0.43703776928329063, 0.020718232165909692, 0.05643650629371158, 0.38461947427799814, 0.01858664506785672, 0.038355103387672], [0.25163465924091133, 0.15620961300308006, 0.28076154056493857, 0.013727703345574644, 0.13648828011706104, 0.10636882075317838, 0.05480938297525716], [0.09182393795343259, 0.3150114928078397, 0.10933551111417479, 0.09452633291301751, 0.3325155235433254, 0.01237835131936591, 0.044408850348843704], [0.02729095456612924, 0.07432676120409254, 0.8207518381901736, 0.00508623555448511, 0.030508453409001254, 0.01438971881942771, 0.027646038256689844], [0.006675946235242946, 0.45537657369290274, 0.48461764558775466, 0.011256589679041352, 0.00848604332348965, 0.012603981093248588, 0.020983220388319474], [0.006090573808054609, 0.4770709724567691, 0.020028626222847856, 0.011474637799925323, 0.4763788151207515, 0.002436234995062328, 0.006520139596588856], [0.007932727415433622, 0.010095797842688988, 0.34326876770483467, 0.006077960473420208, 0.005576965470674648, 0.019412381575842776, 0.607635399517106], [0.007175756743858813, 0.46786309712294327, 0.47813964801726966, 0.005934224493157415, 0.008007575436563785, 0.013661371554248278, 0.019218326631959316], [0.01839793369206753, 0.33453901995226243, 0.046157851257544694, 0.28929323631661447, 0.10891324488225146, 0.043661155299989145, 0.15903755859927052], [0.018715793043439358, 0.47167576840140335, 0.00586170095167251, 0.005948756853143598, 0.0043828331125268, 0.036430049178188866, 0.45698509845962526], [0.4692346077835809, 0.011723150581948087, 0.010578776060489405, 0.00764758652278738, 0.47701142239539335, 0.00701370896553024, 0.016790747690271005], [0.01494410968618083, 0.3506631479075933, 0.009353754925568421, 0.01083046285538034, 0.016862876437170268, 0.011818582182903879, 0.5855270660052025], [0.03781154814077415, 0.09519112249436606, 0.04031131213850464, 0.3585790281773902, 0.3954722935136136, 0.03397840399775451, 0.038656291537596484], [0.007523759964392061, 0.14385358851222885, 0.8033328084731991, 0.0065063157519569615, 0.02314511316094499, 0.004960537445275774, 0.010677876692001171], [0.022314310778324707, 0.24880411288956122, 0.24798785098663437, 0.059895203528752, 0.16905888081316567, 0.01092352567664251, 0.24101611532691966], [0.00551440205850359, 0.4791582124535101, 0.010943982698069775, 0.005329167022043138, 0.3652539133117235, 0.005647950357394441, 0.12815237209875502], [0.02424164195583808, 0.11234015535824314, 0.6178066539736862, 0.0340756997755079, 0.07830223020389294, 0.005780776890775676, 0.12745284184205544], [0.09036792752008184, 0.01602441815084657, 0.438484415408951, 0.06852706820895087, 0.00991296615347751, 0.0069391661818138895, 0.36974403837587877], [0.007305146593479216, 0.4750064603499194, 0.48582437345813323, 0.0069144664943639, 0.004070326227292168, 0.0037032666425409126, 0.017175960234270735], [0.02750281463937096, 0.2384930469590982, 0.6070580808167876, 0.017102893453264902, 0.032919187334486094, 0.01691933115045848, 0.060004645646533475], [0.014838947500506829, 0.39902849581877825, 0.42968864743061846, 0.045845898807877566, 0.05615805106001248, 0.03484022625310753, 0.019599733129098337], [0.007356942216897575, 0.4433843617260139, 0.01311864054984274, 0.0070648750934827744, 0.002492400691390178, 0.06224243072461891, 0.46434034899775445], [0.06770827467792494, 0.03384226877362279, 0.42481247046286563, 0.11427330609175382, 0.046765738387689576, 0.019787942145101243, 0.29280999946104164], [0.008536730313970339, 0.43240476988978854, 0.007487477382248256, 0.0042200733265312105, 0.0026695896256711633, 0.004225260409604073, 0.5404560990521867], [0.009768761479384274, 0.37526305078611455, 0.4954969158742755, 0.034418985606556686, 0.010960626329865482, 0.038752611107489586, 0.035339048816313876], [0.022806301211649827, 0.40167638459933686, 0.4598613501271301, 0.016392580296401362, 0.015891013922478447, 0.034739618477750055, 0.048632751365253295], [0.06901259515033283, 0.09247485571038717, 0.12268463032181494, 0.20149688872007956, 0.0828559782038395, 0.41565482228848505, 0.015820229605060736], [0.017286656430573217, 0.21047439800670373, 0.044756434139606914, 0.007017503181435964, 0.09853639943009031, 0.005682214803174434, 0.6162463940084155], [0.4792314796387021, 0.017734284773496638, 0.01621261506255895, 0.011596528150022068, 0.4588360296301158, 0.00741936864469091, 0.00896969410041345], [0.034184433448191144, 0.10751100496528238, 0.3560190360555095, 0.36793586253762, 0.04391955241312511, 0.06626614509521724, 0.024163965485055828], [0.02174807588195475, 0.41441137800680256, 0.034307309689258804, 0.021149598887984296, 0.01761155367320366, 0.0679979744414608, 0.4227741094193343], [0.0738937933704803, 0.23721237526959424, 0.5454175743093819, 0.005922026264106542, 0.011045606380254433, 0.004966668315881652, 0.12154195609030045], [0.003113211134843603, 0.07690102019767886, 0.841086873902135, 0.02640930641382593, 0.03352545677470923, 0.007641359115186864, 0.011322772461621144], [0.03641561749647083, 0.3252505128947276, 0.4528141692977878, 0.13195192373466066, 0.026963605461065493, 0.005897660405302205, 0.02070651070998593], [0.0824751075101102, 0.3607256791430725, 0.03839885582810353, 0.039635741261744364, 0.3525305384341465, 0.06511939024790937, 0.06111468757491263], [0.023745150837114808, 0.41581238396453635, 0.09141008406794729, 0.3361063815507539, 0.027604573005886028, 0.012849252531814294, 0.09247217404194714], [0.015814022432152193, 0.4475840003910139, 0.06074096653797778, 0.014578984697961782, 0.0061241101016736, 0.023845682159832356, 0.43131223367938815], [0.007869707439584456, 0.04693889501910214, 0.4039572387623596, 0.3366391946640212, 0.023302371221688933, 0.11667882924155339, 0.06461376365169075], [0.3716047196516442, 0.04975785385646938, 0.11064916470599545, 0.36779469868443376, 0.052912055446256955, 0.011249074328618575, 0.03603243332658227], [0.0041397476785896645, 0.299844538268496, 0.014359080185924892, 0.00389569295334718, 0.02588312141905418, 0.010248600796077104, 0.6416292186985091], [0.044723117666148005, 0.12006303084369735, 0.7281744821848364, 0.029429032793251902, 0.031985617710375974, 0.00648022281593984, 0.03914449598575063], [0.012163745751428543, 0.43949113865646366, 0.4855624219123146, 0.0205971116303177, 0.01661429303851838, 0.0079090136175944, 0.017662275393362323], [0.012822655443306501, 0.40997412449033827, 0.005898926308453896, 0.08732347235631546, 0.3413862744350239, 0.020493085961320153, 0.12210146100524212], [0.006762640134149817, 0.3858899351531789, 0.007596156963205296, 0.010802538200178756, 0.03861356183157136, 0.003675561803174276, 0.5466596059145422], [0.02044605916939801, 0.4909362362363551, 0.024011363564153183, 0.01031170953743748, 0.39582366302605226, 0.019113395322968747, 0.039357573143635374], [0.0150694584138431, 0.05300739661804489, 0.42794593636892875, 0.015473913011967152, 0.02195788692767536, 0.02601475369975138, 0.4405306549597886], [0.02490757722961158, 0.41814111938910375, 0.08623088167881397, 0.03941709062895297, 0.00876897560254835, 0.022966122843903706, 0.3995682326270657], [0.32555830942729747, 0.05486623193667637, 0.41866388219251804, 0.01834052756941861, 0.028255840582615935, 0.007261674938702393, 0.14705353335276947], [0.011149222785025224, 0.010922979066253696, 0.48861612356194123, 0.4675513680164514, 0.00989353519219594, 0.0049640935374916295, 0.006902677840640784], [0.04538436415122663, 0.06863650906666191, 0.39593676780738307, 0.04570787669641594, 0.04568507239196771, 0.04060060810410824, 0.3580488017822362], [0.02900213391398406, 0.30810930211833926, 0.010655526809277097, 0.028552829142769416, 0.26696014380876193, 0.2133732879318848, 0.1433467762749835], [0.0649590250367265, 0.01168772499879974, 0.4850797571628458, 0.4047534670203744, 0.009660557516976078, 0.004388218225710676, 0.0194712500385676], [0.23116387359941196, 0.019746905040112925, 0.4367276761404173, 0.2429416204624384, 0.04866760331481526, 0.007066159917488474, 0.013686161525315432], [0.013346