{"estimation": {"a": 4.485033760086426, "rho": [0.18667387875343458, 0.30815016846527027, 0.2514142472876374, 0.2537617054936574], "Mu": [[0.28192588299888544, 0.799005899984927, -1.1488241378025508, 0.008424232216899795, -0.7314564141488807, 2.0709956195557866, -0.9195923007628909, 3.2309832420861526, -2.775671185045361, 0.08041181294298776, 1.504223930657321, 1.035944263890375, 1.0178027232098237, -3.561669454534965, 0.4258802875639128, -0.4049420073759015, -3.412749582777609, -0.5172151507630703, -2.4373524076871296, -0.5667624179798864], [-0.27865482592497304, 4.454745072304076, -0.9746646920379561, -0.7698773894588111, -2.2861968130739236, 4.353403744981695, -4.558609027668033, 3.1631243021655733, -4.46096858414437, -0.9152488169400311, 3.178722410789698, 1.1889826208704957, 2.4242583513494846, -3.1771410242382787, 0.4033124532748686, -1.3823185661887125, -8.804449595495262, 2.290013975099603, -3.3037854913747053, -1.4897367259150527], [0.3077630222846888, 1.8599991190832366, 0.3518285163384814, 1.597837876000665, -1.8637763000672507, 2.4834541961727674, 1.5427474737669356, -1.1083246579051478, 3.3441421959970676, 1.7571228083237336, 0.0015543632488401132, -2.691530721738729, 4.532711558694832, -0.09097750962862214, 2.0247029182328364, 2.4563694175244044, 0.02752680446055138, 0.8631544993312134, -0.937203552117353, 2.4549082699025684], [-0.2745503164410851, 1.3039488175671194, -5.421192203768278, -0.8193140436128905, -1.0800665561912473, 1.8761630178862017, -0.2376069664649219, -1.2673479593621864, 4.26894807710098, -1.1704619206487104, -0.6875376971964718, 1.4296871914238842, 1.3287392248710288, -0.2889464041679763, 0.3990580355817523, -1.007547547539294, -0.43388513841045406, -1.3860312335360523, 0.6423972662101367, -0.46132612935347217], [-6.494876611610533, 0.5807060548681315, -0.6132050530388768, 2.9332024261222474, 2.9501562275755493, -0.8415787134677593, 2.318191813928357, -2.2799898592984014, 0.7421903684354696, 3.105736922996624, 5.870404405945065, -6.141069248839108, 0.4108374842314265, -4.038319947338486, 5.709652116851817, -3.1183864319913406, 1.4140984328928183, 4.620969735294839, -0.31610263439529107, -4.531148183281226], [2.313322828579674, -11.74134152515827, -4.166589427056838, 6.967404251468997, -1.710108929924853, -2.4197249629164186, 0.38484560778108257, 2.8263135394811285, -3.592229295354747, 0.785742649796377, -5.13677670449899, 2.803835140575254, -3.347226849058998, 0.9417663455475824, -1.5989212976676883, 3.6197327451576298, -1.5940184877689862, -3.0675921863318685, 3.0829796065033306, -2.5791620194683995], [0.6485812675721677, 1.724482017475772, -0.5675070975909475, 1.1607290893490796, 1.1429634391050452, -1.1948863044257823, -1.7127585654823718, -0.8322123082658562, 1.5116986970914292, 3.3356683375478005, -0.6651403439546634, 1.8211378780787133, -4.056318609325239, 1.8651297278356318, 0.6203036673043185, 1.9794059631712178, -1.9495331061284482, -0.7416877235471516, 2.436342809174127, -0.7542934325647709], [0.7432378666971685, 2.34943183782972, -0.5335445536760524, 1.4741786775317527, 1.2960557411664326, -1.42034813918112, -1.949579656550383, -0.190297676968626, 0.7777235920821496, 3.96414506320083, -0.8839772950520695, 1.4320636557071653, -4.179936216968368, 1.3203467908417095, -0.3568478657942787, 2.630835629372179, -1.5422936589420577, -0.5541233563247238, 2.2915757637104766, -1.7403188265074754], [1.712168206721033, -0.5229931082169985, 1.0639050530644756, -2.8667994391459586, 5.811557733689505, 2.067760431376366, 1.3889389173290274, 11.453435697508375, 4.478631811326898, -5.256090952487262, -0.8373389992889095, 2.6213947968659745, -6.128073864411203, 0.05053764567068578, 5.058937752579404, -1.2537204519940426, -3.2075597150324286, -0.7958424620176848, -3.409011260871446, 0.016871853954730013], [8.68776686252011, -1.068662302998927, -7.4025356656960195, 2.259032761142194, 6.223171342665385, -3.6004280830893536, 0.6622554566965816, 4.9756711378248255, -1.311072078435952, -5.989099489906851, 3.3192830753807727, 0.21418933718438227, 2.7455819066824234, 1.7844972265735752, -7.967974907737327, 3.1793178366232855, 1.112396325880817, -4.059771682859593, -5.7708853912835565, -1.794759206611988], [0.9869939484972007, 0.7476571281491752, -1.7466922539145335, 0.13033794869500342, 2.097818961590495, -1.122219142945732, 1.1049653009547928, -2.0565582556902706, -0.7755663084381162, -2.792456248610456, 2.0349170792963833, -2.999843547207006, -1.217215739038261, 4.839297201744655, -0.8211936134226727, -0.763215281422681, -1.3837454458358762, -6.46947378463408, -0.19887386182290456, -1.3603526105370694], [0.8214571124848649, 0.9707429305202058, -2.26739286251075, -0.4655537152471978, 4.273583528424579, -1.5008831090872885, 1.9584303153439013, -4.239622322294843, -0.6165024107592959, -2.8433158274358155, 1.541286778708617, -3.2933748950059054, -1.0553591993401295, 4.852435917096974, -3.3994233363141375, -0.9892750051600689, -2.3294301138025597, -6.007778020492607, 0.16179993325678085, -1.9427850229779131], [-2.8531708375923976, 0.3947993142600024, -2.652179639186442, 0.020145299832424766, -5.743318209550522, 4.46211175302924, 2.435566656742898, -2.4851116167274028, 1.0227756436451367, -2.7800209208859594, -1.206477285428911, 3.0726220016971277, 2.6797566284280943, -4.147002031389904, 1.5773790857152488, -5.232907602480446, -0.5005003216048517, -8.90654772048559, 8.359462264753427, -14.240091830252101], [-2.2385976673426162, -2.916723387619549, 0.8137250140313845, -6.834545326203872, 2.2044416714675164, -5.0067824982004225, 0.8258175118133585, 3.3869706825890304, 0.28133600883248944, 3.4228924559100835, 0.7058566612588282, 0.1540486966471421, -3.5126595568359127, 2.907435305324074, 1.6662923275627046, 7.228805972965765, -4.689411352744551, 5.057029886788543, -7.272947066092051, -3.286486110092349], [1.0669908438978393, 0.9483387779141803, 4.943846288421225, 1.3367613912614886, -1.4174038087456167, -5.155610686356424, 1.2347816834766845, 2.953074924854062, -2.4284711418306864, 3.140116718439017, 5.304943187982649, 0.45600404011162426, -0.6767186120451949, 6.638157569204458, 3.8601811014614653, 7.071154918796805, -5.105584174129423, 2.472465590064238, -2.861490229743259, 0.35586252397302975], [1.570775304923984, 7.1496368022170875, -1.7821389710531164, 0.4960390374288838, -5.822541245106254, -0.2743144648860956, -4.24038856524499, 4.119186424406988, -1.1989553974145153, 4.581104823660309, -0.5738711576717757, -2.599698241600444, -3.766896237935012, 1.7423306264569196, -4.8534635875860985, 3.2119869150434988, 6.0942464249198585, -3.4228194564597647, 0.16893347152285673, 1.5539868435708097], [-3.1445699189679623, 0.7213811118757631, -1.284964119498346, -0.6705074790316231, -0.3057177882834844, 1.0931677208492636, -3.4762837655884935, -0.15636863116550934, -1.4884819321546314, -0.9975292002439862, 0.3421549927753729, -2.457819562784927, -0.7420002039157385, -3.576413483704005, -0.9374187005070778, -1.5460992597941208, -2.2061251792567003, -2.1564585876004876, 1.2988205791605894, 3.1036315058017925], [-2.50335795742221, 0.12397618012361303, 1.496856796371767, -4.314980961790906, 1.655143130360667, -0.8484822235898459, 3.5968829190740474, -0.8690079610126179, -0.04496844232651021, -1.2706148492852865, -1.4553134247856154, 1.0991526782394556, 0.8815194615064048, -1.5945540347188603, 0.3658257848989743, -0.627266960179368, -3.890811804058844, -2.9171374330345334, 2.6598995890046204, -4.096223805257378], [-0.03301844050807878, 0.7731180416807907, 1.5952277922621962, 2.547734621086038, -2.301015375810903, 1.280002509327617, 1.3047080885545637, -5.252904078219564, 1.779291593890574, -0.45680324759667795, 7.469197382883779, 1.7338227978057945, 2.2561562805276516, 3.622567509708283, 1.9143713304379426, 1.196653712164991, 8.434775397711846, -3.5726793746277363, -1.6180710146967752, 2.982950443258907], [-0.0010426061174699933, 0.7606379315817537, 1.5358207209137638, 2.530602602125858, -2.2867910547159216, 1.2920391081544274, 1.3589759301616702, -5.507809689594751, 1.7959887355826758, -0.4526942758958518, 7.361852413030227, 1.9001328508987834, 2.217921738391705, 3.718095005212979, 1.8613705210834328, 1.129136459666139, 8.36170314678822, -3.6587340741888608, -1.6408275215323334, 2.8866545057549167]], "Lambda": [[0.5686072738482458, 0.4223942231512484, 0.5398567769223311, 0.5517399881362047, 0.49899697839952645, 0.41402353598263525, 0.4305081912264748, 0.5675146400341573, 0.4755720057653493, 0.5626726773577587, 0.45734280103240826, 0.4514430501641716, 0.5177725725955901, 0.5605588156706628, 0.5256684457923901, 0.5198940727541521, 0.3799989460063261, 0.482234885176124, 0.40581028961326016, 0.6085749385306212], [0.6552883867420951, 0.3123707359659681, 0.5991640571666385, 0.6172076677701404, 0.49426617414051466, 0.3020225207151604, 0.396779467370867, 0.6113385645328012, 0.43952993633868404, 0.5876751056109344, 0.39481448505132, 0.4156892044642262, 0.4612015978258319, 0.6209372347611916, 0.5535063150972739, 0.5655119958691313, 0.2539086741713445, 0.4119563527858708, 0.3734549942729408, 0.7118804010244519], [0.522615605063879, 0.5431727831742125, 0.36592140279555346, 0.42852051310020123, 0.47762082721946186, 0.5023016088493033, 0.5772162896921694, 0.4072844391381921, 0.4275446560398587, 0.4731406451503235, 0.5571044846156932, 0.5873818269309138, 0.4417507838515275, 0.6548139040647445, 0.5883352232131637, 0.5296864994866334, 0.6535898908638786, 0.4878398628933766, 0.4990511726235385, 0.42877540605726117], [0.5097560395763364, 0.45180652342151334, 0.32247701811545976, 0.3975039531852969, 0.42178283583351067, 0.6002519896735594, 0.7211863193342363, 0.60622572006958, 0.3707837527945422, 0.4700396360890412, 0.6833410625362818, 0.5361676384093477, 0.494113596343396, 0.7262267732602599, 0.6406940145478534, 0.6197336102924734, 0.7660615477401144, 0.26204190639960195, 0.40363124386085014, 0.5591747920751395], [0.3260470359347232, 0.46389483115151775, 0.511019201203443, 0.20821819272091835, 0.29557868970276585, 0.735708590760273, 0.3447696836654536, 0.3736350314095957, 0.5589211369110948, 0.40174721808311675, 0.5958777698828077, 0.35644075190592084, 0.4170013708059193, 0.4692981523979103, 0.28459462892688997, 0.6521104614954895, 0.3557639755992925, 0.36888041023097823, 0.7720411993992735, 0.5733769742206369], [0.6906566255456642, 0.13745917245643832, 0.33036489703027955, 0.09456866871334443, 0.643150955790152, 0.5826904402194033, 0.8171305000040777, 0.8232800382349141, 0.41709867976588505, 0.5055310031298896, 0.4013244986062877, 0.46335169580557944, 0.2288732255560676, 0.28070351468359256, 0.5582712005299255, 0.18938130904439615, 0.3917850178305588, 0.3436573832757099, 0.4637092319437018, 0.2057505291197254], [0.5918304624599222, 0.47709450161653827, 0.674359389180628, 0.46597100700667266, 0.5095164954698943, 0.5849071095265231, 0.7584485982546797, 0.3175325287394967, 0.48987944505269676, 0.48613380732302724, 0.3417463616910313, 0.4510679349372114, 0.26656601682372294, 0.5808928790862168, 0.5934648616185507, 0.29850996145615644, 0.6365993339817332, 0.6909059511762738, 0.5983676202629845, 0.2580071669129124], [0.5661663274985527, 0.41918395716991946, 0.6879500427392903, 0.39952222556310085, 0.48471019806202126, 0.5471750422009372, 0.5990124278506204, 0.30577428154425634, 0.38923005731550214, 0.45347688753326976, 0.2518475173665965, 0.4354319008185972, 0.21415143472366432, 0.560386724254592, 0.45006877866604383, 0.23016987068156786, 0.6448780825333974, 0.6155044871272225, 0.5470821051198211, 0.1943066249155113], [0.6283423139424829, 0.7634916795651315, 0.34722910105348864, 0.3685253575454795, 0.7450971704076615, 0.5460791066195525, 0.742368896289867, 0.119941599273794, 0.28964584961559875, 0.4627844873474748, 0.8275752554009032, 0.5270959068069886, 0.3994526949212694, 0.39987905453068107, 0.22314517547478305, 0.9466485364293983, 0.20351306147424156, 0.2624900442318089, 0.4763494484355447, 0.4899695778229899], [0.31069645600309354, 0.6612030292984591, 0.3881519466436699, 0.6258778697769621, 0.31088591104627256, 1.003113092229182, 0.5891893845118925, 0.2150963767421628, 0.32065248077112274, 0.26215781919814984, 1.1682109971328907, 0.6933786664493897, 0.694076347776548, 0.5682453894652689, 0.348847920181353, 1.01727034972609, 0.2145266816856656, 0.18843690264636917, 0.35814531927957927, 0.38828142857371417], [0.5880842253405653, 0.42589650074552876, 0.48510464801416786, 0.3691341624548107, 0.2619776983897601, 0.5682536338158584, 0.3014278686658887, 0.218998665617829, 0.5288505671543464, 0.7036820285903446, 0.6747575459854526, 0.5567609657058317, 0.4549187097437154, 0.41812232491822415, 0.5728979745900644, 0.6914141328395369, 0.5557062574853585, 0.4766362870771119, 0.748517561916052, 0.6083148716291824], [0.43469784688581975, 0.38748385995304735, 0.47760721406470985, 0.3289932532355147, 0.2233268661731689, 0.6116587133606713, 0.22619674753830404, 0.20470927277755968, 0.5105963926563497, 0.7310774083469622, 0.6050452148587567, 0.5654814543366116, 0.5041982458628023, 0.3731700210108609, 0.4905639114421922, 0.7474482958643098, 0.45348077171165463, 0.3399565209544747, 0.7552632156550373, 0.5120663602620098], [0.6143623916486303, 0.5432461751494577, 1.2015126762499175, 0.12988515127961764, 0.2613814947089056, 0.6246031986615116, 0.4723276392044753, 0.3115435879937227, 0.4611053660979973, 0.6235651347632707, 0.3135865469292949, 0.7038488834570041, 0.3950576590882998, 0.43640462213593045, 0.5279218200340542, 0.3353411296682567, 0.4851897888456975, 0.13418791298304156, 0.11047705993239715, 0.13556807093514195], [0.7239091121448188, 0.1818190360550304, 0.7252933807774314, 0.4624089375463361, 0.6431088796105319, 0.5058294350544106, 0.531835638598674, 0.13152144476148594, 0.6945682239648984, 0.6335055254897588, 0.6906285922763382, 0.3580478833027911, 0.2943807857766618, 0.2876774144714795, 0.44804208874342505, 0.21747255184907982, 0.1210371802592485, 0.2777613029737579, 0.31024355774998635, 0.5325797967052164], [0.2992658193706124, 1.0463911525654064, 0.4069200737732023, 0.7091974681968526, 0.32277432332375156, 0.7161227695935873, 0.4335246826519251, 0.12380570947515583, 0.5789964558534301, 0.5812447378544648, 0.4318104860360011, 0.8048060969528779, 1.2424165087745331, 0.49404158387143743, 0.19126191425308386, 0.3433840056854559, 0.4422069355667278, 0.699049354457287, 0.44944441811065683, 0.669635627288384], [0.3753866523129061, 0.5157289574413422, 0.4252293781523029, 0.2254029624688449, 0.2690715559143293, 0.31947035388779055, 0.46170448429257666, 0.5715030059027235, 0.6776746289451718, 0.4696100041671158, 0.633437218839084, 0.28067547202727827, 0.28677637722932253, 1.1335825683473333, 0.23047676981433865, 0.410958261990338, 0.24608954547206413, 0.2316074141000925, 0.4494113638896287, 0.7416023656272894], [0.45774022418798105, 0.16575909886825563, 0.5220489758410056, 0.3688775139589413, 0.30026617749173373, 0.5017688030708802, 0.5912380353421028, 0.6077787184713279, 0.5250725863366181, 0.5501321454057743, 0.5922568841412721, 0.5191181716324935, 0.3930546160718328, 0.6363239491726241, 0.46127474412552255, 0.5348046809637164, 0.5325289316753958, 0.5267049357405703, 0.42581693018617994, 0.4276465627349424], [0.7395386430170058, 0.11188662566949961, 0.35436977879262066, 0.439000834809192, 0.32679995792335886, 0.6340851123121665, 0.3947545074840306, 0.7777342375061275, 0.7523600120393592, 0.6531760148836723, 1.1665996502404299, 0.3405721486055303, 0.4905168407376797, 0.6001992184617913, 0.7201119530896111, 0.7567531746913346, 0.45807122682632206, 0.4565871931954551, 0.2657989433936054, 0.3636787075550966], [0.5688854604511366, 0.6826914009584252, 0.6328254180469585, 0.2954280976528073, 0.7089505226492671, 0.5554075947160321, 0.32441780387863955, 0.3889108261598292, 0.7895777426052084, 0.9055472714392089, 0.6723630942454843, 0.4086926810598869, 0.34894892249372145, 0.4163193455494823, 0.3866356387035627, 0.4758263367430907, 0.24053786674109612, 0.1831159682837207, 0.21801123338476697, 0.4836464560090857], [0.5716912534486791, 0.6694309811085517, 0.6382514695517508, 0.2927276521469434, 0.7075413003023114, 0.5418500748826582, 0.3041070580888952, 0.3845905534885553, 0.791045720996518, 0.9142779227059108, 0.6849326959121754, 0.40064445092407275, 0.3442382250475537, 0.4080044636161032, 0.38669957279741185, 0.4738367576505813, 0.24687077579986313, 0.18345125488375774, 0.21344897923992662, 0.4776628509357026]], "G": [[0.26420665797336945, 0.388084381995143, 0.1751350491100156, 0.17257391092147228], [0.15025264952975623, 0.43637785294111486, 0.20299283917814442, 0.21037665835098524], [0.14358219238410683, 0.4145646055180085, 0.21779215279612243, 0.22406104930176216], [0.2432724675549551, 0.4231631495577666, 0.1678109198276086, 0.1657534630596701], [0.192176554785198, 0.35335759714536, 0.22320269457038178, 0.23126315349906038], [0.3252180963952585, 0.04350729322234179, 0.313889918361696, 0.3173846920207033], [0.051167091347420486, 0.7026472125551653, 0.12331485616559469, 0.12287083993182088], [0.06779026627245407, 0.5628157899536811, 0.18226241777166716, 0.18713152600219776], [0.19488484190538186, 0.2703942023819221, 0.2674157137670411, 0.26730524194565547], [0.28973915016471724, 0.20718227321765098, 0.2529797796764965, 0.2500987969411347], [0.2591597466719928, 0.3794852812177515, 0.17425142012971528, 0.1871035519805398], [0.3046487859478373, 0.44081968782307845, 0.12336781894985305, 0.13116370727923146], [0.15890804885377913, 0.24926664596053463, 0.29057419889764097, 0.30125110628804574], [0.1223984378249475, 0.4209449511514595, 0.22520783363670976, 0.2314487773868841], [0.37573869208686633, 0.42593118750136044, 0.09929101524317697, 0.09903910516859547], [0.20769346415155876, 0.29476536772673234, 0.2432126230552443, 0.25432854506646424], [0.27240479838865467, 0.13485300926947777, 0.29653469406877153, 0.2962074982730958], [0.051624651314220955, 0.3643729555255461, 0.2908475107854489, 0.2931548823747846], [0.030047643125203846, 0.49976455362039235, 0.23335006226337943, 0.23683774099102387], [0.07656796257747336, 0.4221708617851457, 0.2500674778166408, 0.25119369782074025], [0.08164601440975015, 0.5900612874837678, 0.1613925243449807, 0.16690017376150112], [0.2397501809505535, 0.22835004198830253, 0.26794190399609286, 0.26395787306505125], [0.5981436039022755, 0.19415569484098613, 0.10627546544211239, 0.10142523581462616], [0.2853811533454218, 0.10667755990258561, 0.3051736901593012, 0.30276759659269065], [0.1044163580638223, 0.31439116918223314, 0.2924445856310116, 0.28874788712293303], [0.3564492599674109, 0.04407182253835245, 0.2976598655040747, 0.30181905199016146], [0.25429289177817854, 0.32739315090069515, 0.20857517381875967, 0.20973878350236652], [0.314616305059171, 0.18365039945828576, 0.25168201474215396, 0.25005128074038924], [0.06410069547127609, 0.12625155186311784, 0.4025886978516016, 0.40705905481400373], [0.25387797204218016, 0.4768480387518, 0.13266012851249695, 0.13661386069352313], [0.31208466453218237, 0.3971806189218962, 0.1435620438264855, 0.1471726727194359], [0.18548402490826424, 0.5352977168309431, 0.1379367421306219, 0.14128151613017093], [0.054398394681359506, 0.17551759331162928, 0.3823087142192677, 0.38777529778774295], [0.13094447929012895, 0.16354940253993647, 0.3433886357716178, 0.36211748239831654], [0.18933980799608582, 0.29122406337146034, 0.2586634463276259, 0.260772682304828], [0.041686146609796255, 0.8381035916456633, 0.06022015880515902, 0.05999010293938207], [0.42773991737761263, 0.2730719700929104, 0.15293324649067835, 0.14625486603879834], [0.07244384597077334, 0.11180901045820413, 0.4071151061638488, 0.40863203740717374], [0.21148107755453038, 0.33929856861327823, 0.21894129025613232, 0.2302790635760593], [0.10796897635403863, 0.16517840795990868, 0.3599026295475029, 0.36694998613855034], [0.10679656397178448, 0.16023176544937212, 0.3651112447118632, 0.36786042586698015], [0.11986402157217793, 0.2813419623707068, 0.2933932117853247, 0.30540080427178995], [0.21410027218480285, 0.33024010735544435, 0.22674126362186692, 0.22891835683788556], [0.08676824039331714, 0.17056429317231006, 0.3703266365992767, 0.37234082983509564], [0.05544791082309681, 0.33553364144619446, 0.3020636581598516, 0.3069547895708563], [0.2886447955777069, 0.22856261820678406, 0.24222004055858923, 0.24057254565692002], [0.057020995015948615, 0.6366933299184411, 0.152474122393924, 0.15381155267168647], [0.041547853928210414, 0.3472590769136719, 0.30337024028155185, 0.30782282887656526], [0.375387110591063, 0.08151497240803672, 0.2743033854990911, 0.26879453150180793], [0.2521039127278367, 0.3138530092605935, 0.21894611871662953, 0.21509695929494071], [0.11002838114571445, 0.16978265592022188, 0.35353862896740446, 0.36665033396665897], [0.3437680723657939, 0.4112067461196334, 0.11399947130981812, 0.13102571020475431], [0.136493357752143, 0.640505455857084, 0.10951139651348568, 0.11348978987728733], [0.03498779412790853, 0.20839364949010222, 0.37460862626352043, 0.3820099301184683], [0.19463139551849598, 0.28045688546605146, 0.2630105811717299, 0.26190113784372215], [0.08034250326858751, 0.6899522224604286, 0.11281162946319015, 0.11689364480779328], [0.11179006359178824, 0.19253994322920864, 0.3465812664459126, 0.34908872673309105], [0.19509693454219823, 0.11832616556897257, 0.34039270980756503, 0.34618419008126494], [0.2097368957647981, 0.37566136358242863, 0.20287974702645234, 0.21172199362632088], [0.12706477397890406, 0.08409121561944374, 0.39139688652789734, 0.3974471238737552], [0.08280470978075079, 0.12839734968489008, 0.39381228351122166, 0.3949856570231372], [0.3500173432668338, 0.4197530933466911, 0.11650105925412431, 0.1137285041323506], [0.4383580468343117, 0.1902862910216129, 0.18472078582305015, 0.18663487632102532], [0.27839895554154437, 0.42818797145948245, 0.14675755346070457, 0.1466555195382678], [0.2624136545054993, 0.2514656437006378, 0.25653925629147356, 0.22958144550238963], [0.11337297405479882, 0.1467472951996448, 0.3706218118806598, 0.3692579188648967], [0.4916773909710576, 0.22048208346722992, 0.1474331167740411, 0.14040740878767088], [0.1426615312609359, 0.42100847404371183, 0.22009739041567017, 0.21623260427968247], [0.07579964888707513, 0.1773655588467891, 0.37013439390062086, 0.37670039836551494], [0.4215374797297281, 0.2621738405391908, 0.15927895743609155, 0.15700972229499002], [0.09489884958353206, 0.5810512752309296, 0.15769353395740562, 0.16635634122813167], [0.34690063245788294, 0.4928312130853978, 0.0793159255908916, 0.08095222886582822], [0.2156939611346632, 0.20396415270058413, 0.29392811335292685, 0.28641377281182523], [0.1924297549662768, 0.30996914741787057, 0.24301125901670406, 0.25458983859914835], [0.20716960737038315, 0.3135224677112029, 0.2396329780599054, 0.23967494685850835], [0.796700316350688, 0.07290015156484385, 0.06642150245698715, 0.06397802962748096], [0.27990054403789716, 0.0882331839897688, 0.3130456850695962, 0.3188205869027386], [0.08635338215693984, 0.16454218571426593, 0.3744405107876747, 0.37466392134112003], [0.36117382185348346, 0.15534602336052758, 0.2407790459310412, 0.2427011088549475], [0.14655506755718642, 0.2525577265460253, 0.2958706983008305, 0.30501650759595816], [0.5017700023384667, 0.3659041737973178, 0.06462491880602454, 0.06770090505819099], [0.12525296963784208, 0.4591932012035334, 0.2041832205795861, 0.21137060857903828], [0.083027428229537, 0.5018830619470566, 0.2109735419176672, 0.204115967905739], [0.04069025113460611, 0.08117464239877586, 0.4332430792231082, 0.4448920272435097], [0.1319676427452385, 0.43449484342898725, 0.21311275512388117, 0.22042475870189293], [0.08488882098132858, 0.3953658853568625, 0.2585393696194303, 0.26120592404237875], [0.06567056583207127, 0.10255334961680788, 0.415911007637881, 0.41586507691323954], [0.06148239774156585, 0.2697247523251668, 0.3345533242324849, 0.33423952570078214], [0.2976143821883581, 0.4580814593772351, 0.11715704965755792, 0.12714710877684904], [0.2999833082585615, 0.3113699029388868, 0.19491584065605622, 0.1937309481464954], [0.03498603336109407, 0.09884183152637147, 0.43512103123502033, 0.43105110387751383], [0.409537647966996, 0.2824678429471083, 0.15421398107360357, 0.15378052801229153], [0.16744872412915435, 0.21369599446788812, 0.29787802473355746, 0.32097725666940036], [0.053301153171100284, 0.08941796772584083, 0.4256808524211336, 0.431600026681926], [0.34398017031717626, 0.21075427571313463, 0.22579632964164006, 0.219469224328049], [0.11405793038612928, 0.1857860042826284, 0.3504967393049269, 0.34965932602631616], [0.08220525133546104, 0.13021797054123546, 0.39371498262597826, 0.39386179549732453], [0.09959225966793213, 0.22949698132432048, 0.3326721662074193, 0.3382385928003272], [0.2806645775442397, 0.42889800484766194, 0.140893571778857, 0.1495438458292415], [0.20376600620337737, 0.2915734420621461, 0.24872751518440428, 0.2559330365500723], [0.1681566512036126, 0.37464168455598307, 0.23123085640306182, 0.2259708078373433], [0.13796676628706833, 0.38101463102456723, 0.2373134649312537, 0.24370513775710992], [0.04411248363788077, 0.25998846009698695, 0.34453150864470977, 0.3513675476204223], [0.04942583523657355, 0.5907049044705832, 0.17789200607624814, 0.18197725421659589], [0.1564155050262552, 0.3913120076775631, 0.22586118162605692, 0.2264113056701242], [0.07742991032967357, 0.3296786779734187, 0.2988552711271075, 0.29403614056980026], [0.5228152858641721, 0.11876251559440598, 0.17801594771823098, 0.1804062508231904], [0.08095769932470512, 0.7915359386062397, 0.06440573371196114, 0.06310062835709453], [0.23264017167281495, 0.2971172023217864, 0.22840823315398875, 0.24183439285141017], [0.10233916205915226, 0.6353389118130272, 0.12964974903477122, 0.1326721770930488], [0.3355591617861596, 0.269386211413861, 0.19932963225071157, 0.19572499454926837], [0.2854075904647507, 0.4141074019718332, 0.14930674962409266, 0.1511782579393233], [0.11172652696019325, 0.3146535545301835, 0.2856976760787638, 0.28792224243085945], [0.09963198538412273, 0.5291724454441334, 0.18209105047224022, 0.1891045186995029], [0.0306827261733442, 0.15925473438373638, 0.4050623970958167, 0.4050001423471023], [0.38950905014173426, 0.2275617807680214, 0.18992822109554078, 0.19300094799470358], [0.2617498733763065, 0.3902868855580501, 0.1736985601789907, 0.17426468088665287], [0.6457832608541826, 0.1260047205306905, 0.11214415674295207, 0.11606786187217533], [0.40567422803684, 0.11980109230330815, 0.24170889660203743, 0.23281578305781384], [0.061908642954329005, 0.41767162814399117, 0.2580270449650086, 0.2623926839366703], [0.2535909878049775, 0.3964957164113199, 0.17074877631858035, 0.17916451946512246], [0.15036289796564228, 0.20217714685187924, 0.3222068891351681, 0.3252530660473113], [0.3956223089649052, 0.1883811888514819, 0.20650395224869147, 0.20949254993492147], [0.36076656413405034, 0.17261254971285253, 0.2329355542631168, 0.2336853318899796], [0.1989443926359068, 0.4525399961594111, 0.17241282573977773, 0.17610278546490418], [0.0241388138958612, 0.040361948230154765, 0.46761288942859786, 0.4678863484453866], [0.27802188622817015, 0.40965490213464967, 0.1507837075335523, 0.16153950410362794], [0.1099973414751761, 0.1728971954130618, 0.3594243482580556, 0.3576811148537064], [0.12643249727952763, 0.15947049251146767, 0.3539543103535558, 0.3601426998554491], [0.1245615713564975, 0.3026769207328485, 0.28810094534030517, 0.28466056257034944], [0.07105033300596467, 0.6097573904896253, 0.16133629595664953, 0.15785598054776007], [0.21811946893955722, 0.27104010221890124, 0.25413386994734344, 0.25670655889419886], [0.10599464279908946, 0.08127020932127256, 0.4062991790478307, 0.4064359688318071], [0.2481869788394276, 0.27941758567041797, 0.23440606292265853, 0.23798937256749547], [0.27152045382751094, 0.29165882187367864, 0.22158289722354965, 0.21523782707526073], [0.0813815546911746, 0.1329668984059922, 0.385996767451983, 0.39965477945084993], [0.07805269769610869, 0.13534999412305723, 0.39162802482398357, 0.3949692833568511], [0.11799652702920654, 0.652231735175147, 0.11308766292263413, 0.11668407487301252], [0.06161400880055393, 0.14836103904245607, 0.39455604979087, 0.39546890236611987], [0.11740869818597521, 0.5596077678787013, 0.15966214227426526, 0.16332139166105814], [0.043679156046337396, 0.5510513176009664, 0.204480811045848, 0.20078871530684844], [0.05741053888595353, 0.2049837095751802, 0.3691040298595871, 0.3685017216792803], [0.049121204084594666, 0.48325081359699373, 0.2314418793584541, 0.23618610295995787], [0.3009941570836505, 0.5607370068126731, 0.06864889811021806, 0.06961993799345877], [0.8496612577191917, 0.029658331173358997, 0.06063738368085044, 0.06004302742659871], [0.12254720429582078, 0.09023509608366467, 0.3886478966747599, 0.398569802945755], [0.19342472082051282, 0.1858908876145801, 0.31049329344175736, 0.310191098123149], [0.39056580749119985, 0.20870440612218089, 0.20105215663618314, 0.19967762975043657], [0.227736297709401, 0.3861962436844168, 0.19232538186756207, 0.19374207673862046], [0.2202281954353942, 0.44794337864508416, 0.16053220455464084, 0.17129622136488076], [0.1458047561141225, 0.26867873581648455, 0.29461208799585853, 0.29090442007353434], [0.23223238333548707, 0.5128179662652445, 0.12672704506262622, 0.12822260533664215], [0.074906231200674, 0.3420437227350318, 0.2888209557069178, 0.2942290903573764], [0.17161659035832552, 0.29615834888624765, 0.26587944746081577, 0.26634561329461104], [0.10798767330249533, 0.22750469374730023, 0.32845129669547074, 0.3360563362547334], [0.5530072726706747, 0.04754347255602818, 0.19677710776083068, 0.2026721470124673], [0.06959137052726233, 0.2614609834687142, 0.3305834920142972, 0.33836415398972586], [0.0994439803990835, 0.32523496805287333, 0.2883898255985845, 0.28693122594945847], [0.14541654578516203, 0.06949970145367465, 0.3896453518752811, 0.3954384008858828], [0.12435198376775089, 0.18247995614586837, 0.3424606537521848, 0.35070740633419606], [0.2564037571586886, 0.3338355275283419, 0.20802114166901947, 0.20173957364394987], [0.3667309268742035, 0.1696374547188475, 0.2294610676705836, 0.23417055073636547], [0.29124839651445844, 0.05044592468077305, 0.32639646695779106, 0.3319092118469775], [0.07695089911842509, 0.49317457102380896, 0.21340407812522152, 0.21647045173254356], [0.24780363918568216, 0.422366453592165, 0.16321226014657889, 0.1666176470755738], [0.3156500154601366, 0.09549464664956503, 0.29334082971115494, 0.2955145081791432], [0.12119829260428786, 0.2816047093761341, 0.2963088774975128, 0.3008881205220656], [0.13792051549861983, 0.15416434582097455, 0.3500992277430315, 0.35781591093737314], [0.11893208611072428, 0.37673812140040325, 0.251600719464959, 0.25272907302391395], [0.08153880403671075, 0.574030247138601, 0.17332551095995385, 0.17110543786473356], [0.14134049547303842, 0.17595659332853056, 0.34093818276955634, 0.3417647284288745], [0.07496591635932844, 0.28882951414915575, 0.3171616450242835, 0.3190429244672328], [0.273694623896367, 0.296026164246169, 0.215905674640277, 0.2143735372171866], [0.34938963164157694, 0.2812722016859246, 0.18668041613977418, 0.18265775053272462], [0.023146024164877155, 0.1421209495608656, 0.41758010256579897, 0.41715292370845874], [0.24892574392198816, 0.39778764807526135, 0.17238520482169462, 0.1809014031810564], [0.2132088329679368, 0.28338241538802017, 0.24705586735543794, 0.2563528842886045], [0.3465514729745029, 0.3943062805521214, 0.12959591376320057, 0.12954633271017457], [0.23898014959160097, 0.521602167904501, 0.1189772686244537, 0.12044041387944415], [0.10081892719798596, 0.5586131868997752, 0.16751288504557235, 0.17305500085666703], [0.1306025079744523, 0.3890498262683222, 0.235523681273322, 0.2448239844839032], [0.056149843958472695, 0.20603113515221338, 0.36108666922246807, 0.3767323516668454], [0.12822486519533854, 0.3530982121400545, 0.2574012958253745, 0.2612756268392325], [0.3980023287669136, 0.16615367227307362, 0.22020817861530492, 0.21563582034470788], [0.171959728296588, 0.6059768614277841, 0.11056623540546473, 0.11149717487016347], [0.03949361362555355, 0.26116164063868424, 0.3466828104593406, 0.352661935276422], [0.20640510354326214, 0.4845238282124732, 0.1590632650413092, 0.1500078032029552], [0.08070907156900851, 0.12872920998633122, 0.3918037674562688, 0.3987579509883911], [0.182983936137063, 0.4200868196051124, 0.19843595397450367, 0.19849329028331997], [0.1716359791204275, 0.25366272709978016, 0.2845061558155808, 0.29019513796421237], [0.1815040015321463, 0.3127494228428096, 0.2499243290164372, 0.25582224660860653], [0.18222961758529707, 0.20601769440617332, 0.3063486274650796, 0.3054040605434496], [0.26482354888942894, 0.26617731901519326, 0.23344527250136032, 0.23555385959401773], [0.09337003801997976, 0.21286700003333042, 0.3462994033197357, 0.3474635586269547], [0.0677360614225569, 0.22584651279862702, 0.35117751204044273, 0.35523991373837394], [0.1253731230877166, 0.12696913896823972, 0.3736031517920794, 0.3740545861519644], [0.3543791127040298, 0.3497073249136006, 0.1479244150071218, 0.14798914737524782], [0.44817169460246425, 0.053891934371621666, 0.2513452907331929, 0.24659108029272053], [0.5536540209803951, 0.16750744451304558, 0.13800607519773905, 0.14083245930882052], [0.08403794124403886, 0.19961319646285325, 0.35464034323641236, 0.36170851905669493], [0.19810809105925978, 0.25642911887248104, 0.2689013266576177, 0.2765614634106411], [0.11778091971121282, 0.3797098240959547, 0.24901528439189682, 0.2534939718009356], [0.24936150411698862, 0.39562594684677915, 0.17940592936137403, 0.17560661967485852], [0.1721266585842801, 0.2468675481389902, 0.28774516914354265, 0.2932606241331872], [0.05755345073020998, 0.45822536864863195, 0.2415418054806697, 0.24267937514048799], [0.15113934257367587, 0.14394164275387544, 0.3517890658502132, 0.3531299488222352], [0.13440488838285905, 0.1890668180264797, 0.3298963821258475, 0.34663191146481426], [0.06701885804226551, 0.11576999677914641, 0.40551921557594217, 0.4116919296026456], [0.12378897417162094, 0.20155876482744142, 0.340625718289799, 0.3340265427111388], [0.12341689904458948, 0.5901866393199051, 0.14119713846933316, 0.14519932316617176], [0.17429539144592618, 0.32443003981170887, 0.2506749947667778, 0.25059957397558713], [0.03425084254911552, 0.13266294071842147, 0.4188309042774767, 0.414255312454987], [0.3255294277443445, 0.5156241707415359, 0.07789149689731309, 0.0809549046168064], [0.11037882083598312, 0.47765696495723314, 0.20821461891142054, 0.20374959529536274], [0.11034755377075664, 0.15031253343838394, 0.3698225091849164, 0.36951740360594304], [0.10611418179910545, 0.15456286811267575, 0.3685410419362584, 0.3707819081519603], [0.1386681075398928, 0.20138174290713046, 0.3244893654608877, 0.3354607840920884], [0.16687875984043699, 0.4301295584682617, 0.20094424810426084, 0.20204743358704053], [0.15736114484227504, 0.21425079609892936, 0.31676987340646157, 0.3116181856523337], [0.06166991557927119, 0.11018607188689544, 0.408521826010767, 0.41962218652306627], [0.10735571768713895, 0.125991662500665, 0.38256334578361945, 0.3840892740285766], [0.04756869764145434, 0.26333609503496974, 0.3421554848461138, 0.34693972247746185], [0.2797204045423789, 0.33009697187463694, 0.19789352818086922, 0.1922890954021143], [0.10866770689616916, 0.4973122470691126, 0.19660462516111543, 0.1974154208736034], [0.06179754430031544, 0.4494124250944322, 0.24423978428930412, 0.24455024631594852], [0.20002887534213593, 0.48033582091294497, 0.16333212637898012, 0.1563031773659387], [0.1431410912604854, 0.22326873885839613, 0.32007070217022954, 0.3135194677108889], [0.10812408208809832, 0.24829344565883976, 0.32394073199122386, 0.3196417402618379], [0.29848972348499264, 0.441592795840978, 0.12431705562237862, 0.13560042505165001], [0.20592285982062353, 0.27978865551806076, 0.24884599640369853, 0.2654424882576169], [0.12305351208280743, 0.42288659097231274, 0.22594946598817764, 0.22811043095670214], [0.311364059973183, 0.45422583883157674, 0.11278216613179415, 0.12162793506344588], [0.06708754660544032, 0.3956289708505085, 0.27074501107280413, 0.2665384714712466], [0.14533508114485, 0.38476871070707974, 0.23649626290405762, 0.2333999452440123], [0.4398215550483323, 0.20498619027644674, 0.17192689271314823, 0.1832653619620733], [0.22810154613358202, 0.5893441176430045, 0.08811227407976471, 0.09444206214364881], [0.18058222644859548, 0.3908874978559993, 0.2129603303038949, 0.21556994539151028], [0.0876756917275177, 0.5296150169430446, 0.18968001578016516, 0.19302927554927227], [0.19224707452968112, 0.655167365265358, 0.07915177979849178, 0.07343378040646868], [0.019763590454095467, 0.29132608872440385, 0.34301891916630284, 0.34589140165519694], [0.060307326652138574, 0.10415498977537553, 0.41540285550237205, 0.42013482807011493], [0.05349490144051021, 0.5601266007888007, 0.19317199492072681, 0.19320650284996227], [0.2986207262186872, 0.4358137326633166, 0.13204617691310647, 0.13351936420488852], [0.12511488048833833, 0.18422124168310572, 0.3408276080977394, 0.3498362697308175], [0.11485550768416322, 0.5162035216081753, 0.18067694295011918, 0.18826402775754178], [0.13056524021797958, 0.38031139991814944, 0.24319079422417977, 0.24593256563969107], [0.037858297172453155, 0.3667325689178779, 0.29404265031663224, 0.301366483593037], [0.07476748647557702, 0.12761907361770342, 0.4001690340537206, 0.3974444058529998], [0.17558954886673936, 0.6022045038993613, 0.11465839447458875, 0.10754755275931063], [0.29455827930841616, 0.3505211507699736, 0.1691563871204404, 0.18576418280116974], [0.13172538477004497, 0.20354733651053994, 0.3321200541332068, 0.3326072245862076], [0.09934366614838572, 0.08397029219884018, 0.4056199744615235, 0.41106606719125], [0.2551880798872524, 0.36822833380913994, 0.18750435043729527, 0.1890792358663125], [0.12347430406388285, 0.4617350118622116, 0.20755787859136646, 0.20723280548254], [0.05402265057105753, 0.31131299713178157, 0.3138664910895726, 0.32079786120758763], [0.1669915471938863, 0.16797660045183194, 0.3323649463158132, 0.3326669060384702], [0.1473646538436808, 0.1256347202237802, 0.3636070531526885, 0.3633935727798503], [0.033455955064317096, 0.32303795298666504, 0.3239833905678851, 0.31952270138113237], [0.14193510572396748, 0.3871153391150597, 0.23716984522609066, 0.23377970993488253], [0.18435653724415224, 0.5754605596927727, 0.12169703509587167, 0.11848586796720315], [0.4064833313814097, 0.27952320055947255, 0.16037122584222413, 0.15362224221689366], [0.0722691966623379, 0.5943158867257815, 0.16685809159778453, 0.16655682501409633], [0.17289275308654212, 0.2919632731677229, 0.26889687262332046, 0.2662471011224157], [0.10052845860388276, 0.1609175699414887, 0.36571258025175063, 0.3728413912028776], [0.5001353497941828, 0.3839821124935051, 0.05850353799179737, 0.057378999720514474], [0.14466682828048782, 0.14378233952685676, 0.35147171083022394, 0.3600791213624315], [0.05972227579319015, 0.11471700281403206, 0.41166230638037765, 0.41389841501239993], [0.27804530826594465, 0.1337740171983892, 0.2958664810756334, 0.2923141934600333], [0.2981019138668976, 0.3691046222448477, 0.16504284251216636, 0.16775062137608873], [0.22634273195054191, 0.456009116003327, 0.15444309490411, 0.16320505714202072], [0.2790356252740515, 0.16324223738083138, 0.27516781004591523, 0.2825543272992026], [0.04306761397318601, 0.27715548378294697, 0.3397602214907355, 0.340016680753131], [0.2501667491914401, 0.27433766572406837, 0.23919489016738085, 0.23630069491711064], [0.14636560012993297, 0.035713496917279694, 0.40687411000020673, 0.4110467929525803], [0.09082147908797589, 0.3676093486158474, 0.26985170190683966, 0.2717174703893375], [0.17576027579784562, 0.10208636705309171, 0.36229398950655556, 0.359859367642507], [0.3800827667390101, 0.3355614256172803, 0.13979476315207845, 0.14456104449163118], [0.4294304184894866, 0.28901546787312465, 0.1415720063695737, 0.13998210726781612], [0.12446158021123216, 0.16603535030631858, 0.34517787628299396, 0.3643251931994552], [0.1254992585092937, 0.4351334885148587, 0.22361379916565902, 0.2157534538101883], [0.18213872471000025, 0