{"estimation": {"a": 13.674847612035032, "rho": [0.08683752074776768, 0.07802358235374586, 0.08095975113007056, 0.0938502385630362, 0.08200713145454278, 0.09699128604119094, 0.13265282175788576, 0.10254061436185051, 0.10858852198787669, 0.1375485316020332], "Mu": [[1.9281515174672854, -1.4174653055413298, -1.3395130624444287, -0.5952604479786505, -1.031309519633596, 0.3131405743703377, -0.5939125609691023, -0.35554602155491283, 0.9613465175189944, 0.1455345167337223, 1.541794881092519, 2.101872738987419, -0.20188732562708617, 0.753524050497068, -2.976685171784968, -0.7202665219568002, 0.39101464588750023, -1.7224488406134588, -0.2741891605599229, -0.7786594273020034], [1.2312520356428605, -0.9664813925742904, -1.411500244809616, -0.5735302238421272, -1.2191652877564054, 0.2624056991691811, -0.4116102049262327, -0.3991466219677471, 0.6417695739541542, 0.23452075551582097, 1.1293450413568433, 1.9036545015454542, -0.12320343167688942, 0.2369124028251112, -2.0711560713301624, -0.5951387137227153, -0.0399527668569039, -2.0520582558653073, -0.5052749478309115, -0.11742618800348513], [1.784172726960786, -0.7447980415088654, -1.1960347258878794, -0.6249758801523552, -1.2384136001563175, -0.3257952737474434, -0.6840530441582932, 0.14192651800139644, 0.6479059319597938, 0.22327237249694468, 1.9201813132763776, 2.2090263058502497, -0.29936481664031434, 0.2859472075392946, -2.1194844326374533, -0.7078158292884658, 0.0849654526076572, -1.6965757368678278, -0.18175303842711787, -0.3418181599167406], [1.6433275250807364, -1.3035367847663468, -1.0493873376189602, -0.9419816546243596, -1.6163124740815922, 0.3377822145594471, -0.2935840997993251, -0.7204240633503137, 1.1776331575763783, 0.1690149423205724, 1.0212389871042773, 2.269619971040047, -0.36441212697411635, 0.6206421110364774, -2.6072874353346265, -0.7841533903414892, 0.1278029226383758, -2.2495149828032783, -0.5635233339456021, -0.7226447470899949], [1.7952816621764427, -0.9226765863583494, -1.156275031751806, -0.9605513443873872, -1.3287033072479242, 0.201559378626545, -0.30859703496118973, -0.11424475123389227, 0.4841979690199703, 0.5917763255027427, 1.5767243722611557, 2.264043267213891, -0.27776120572959434, 0.18916609817230134, -2.1320742178408554, -0.33124282648819736, -0.04598264485600272, -1.367965235748493, -0.26720963287565197, -0.6999704958312207], [-1.7348315122484632, -0.563136570389831, 0.5783680260341866, -0.23099401130502098, 0.6640567109868635, 1.2561215097610958, -0.1599618995881589, 3.1225858152889066, -1.3048476523592076, 0.3641949471399468, -2.3376304489078685, 0.18320632836373985, -1.3828465344219256, -0.5170047191537332, 0.7183314934774246, -0.8024528589943776, -0.8409626842332706, 1.104076105467895, 0.396914741274312, -0.7980712373449314], [-1.7789084592561033, -0.4911830161452308, 0.5903283118814675, 0.06322973484998211, 0.7337206686503692, 1.69133746787516, 0.2490423158497263, 2.37016115059759, -1.137502668361854, -0.0012161754200203693, -2.123702680369114, -0.2522283984475485, -0.6448973387711958, 0.03265972024665729, 0.7758397087915783, -0.20821904389220136, -1.1469139158831079, 1.0317815594997093, 0.2454312803723325, -0.7973938630747193], [-1.6119466249936345, -0.2943934637451087, 0.6855477473635343, 0.03516796648176439, 0.36597320160626307, 1.4186734350944705, 0.3436713092675945, 2.6312126566761838, -1.0289517205219758, 0.12607710195190913, -2.2936433373675924, 0.16875601216228978, -0.6067722343133919, -0.057482575194862925, 0.3307807155247206, -0.6669064209909746, -0.974340868798752, 1.224945590106703, 0.28365595488114137, -0.8242440888384711], [-1.7860669070250044, -0.728590758392407, 0.3070233411381952, -0.1770462351927096, 0.13496989405844256, 1.6982147130352423, -0.3213515672767008, 3.549119100890527, -1.2214886449008684, 0.29593512785424525, -2.9927436990720375, -0.12749238426513204, -1.6323391340659237, 0.3571183378139623, 0.33729325443112657, -0.7036466133844679, -1.5015740532085835, 1.6909331165846884, 0.46069990818957757, -0.7137184534628028], [-1.823032172153483, -0.5978006944575189, 0.4202636721733991, -0.16750082149317064, 0.6326482793416823, 1.575589653498831, 0.07187776885443477, 2.754237792687161, -1.1448429253456092, 0.09327116250937496, -2.1803834993598588, -0.13181444838881887, -1.1747391523607706, -0.12806383208753871, 0.6991989826827307, -0.7194844416196907, -1.0762452572918675, 1.1702068228990523, 0.6088498316700445, -0.4169328898168305], [0.1521773943764815, -0.2694506693067151, -0.27016316490921144, 0.02129401561915865, 1.1955305944535368, -0.21491972320535324, -1.2917762500412633, -1.900659575120574, 1.3110555846261627, -0.27774641979853054, -0.8122798724928656, -2.078736936654538, 1.1797624446787445, 0.1668543349625764, 0.08603086570256485, -0.1477888477734534, 0.9013382570168629, 2.1320336860378943, 0.1936091930583505, 1.3791362548076163], [-0.06014576490010585, -0.41183964027742076, 0.18290790627325743, 0.23598670226568028, 1.335545534995185, -0.2115053140675726, -0.762866798915733, -1.3523264580131955, 1.5634722863788288, -0.32929742374429605, -0.2058912224469102, -2.0325830385119708, 1.2376796981666944, 0.30537239902020724, 0.7183654911105453, -0.2265914302736397, 0.6571911336860476, 1.5712511117355112, -0.17513148530000583, 1.0881492095135112], [0.3332286993811534, -0.3217464163625239, -0.6105101430504908, 0.2567809605672139, 1.361868721184283, -0.055435208759058364, -1.5012757181382617, -1.2458377302167547, 1.4250417568872178, -0.1398475409443235, -1.0185578768517125, -1.4048005374612647, 0.35212176614125706, -0.23700913825121425, -0.7254602260591788, 0.8858295197788886, 0.31196803694154723, 2.984056329487787, 0.3137014950260118, 1.2682325786241706], [-0.12447080189844403, -0.5096576517754904, -0.27387965829553756, 0.542062247432274, 1.2370861232327832, 0.30779634572458614, -1.369530758299545, -1.143793257139378, 1.3106137448801272, -0.26738056474467475, -0.2922534725565989, -1.518717578812104, 2.1840720171960903, 0.8110672195950059, 0.44864253055926384, 0.46655146001041975, 0.9202949646170503, 1.9197913813939984, -0.6058137856806549, 1.7449152581326643], [-0.8802266355821091, -0.40297483150706415, 0.7095028601390081, -0.045968333242434385, 0.13628947700090271, 0.1269792847154807, -0.8259738677876337, -2.6332855262745225, 0.0033391180314560733, -1.1366936132260648, -0.04767866289881214, -1.905797405630412, 2.29361529905759, 0.039708144720771714, 1.5214829054539663, -0.460622296553129, 0.8126795399116222, 1.4670971630821905, -0.7545059991566898, 0.5632755936254755], [-1.1681381122864385, -1.465261416611116, 0.14350271338786943, -1.1266533024772099, 1.1667427638832546, 0.4809423922076405, -1.3249034585221486, -0.23836512264979173, 2.1287079330015195, 3.082714896491503, -0.32746251323000786, 1.2559847245583322, 0.4737255334211226, -0.8789002405074374, 1.7673129912885983, 1.458014545664488, -0.766402962204454, -0.8297121313956494, 1.094436179785687, -0.9098587025747469], [-2.590182261095667, -2.742611176654969, -0.7003609290464616, -0.43168483442645145, 0.6707654278001444, -0.5624121249447372, -2.0912157371005455, -0.8564320034004397, 2.9776064963183977, 3.453968034348935, 0.20136151302906732, 1.3185858158493133, 1.2252328866197468, -1.3488754741248372, 1.898836530565481, 1.2782846918754989, 0.22155526211833446, -0.9655110665186425, 0.393687367326161, -1.2340306409582165], [-1.4587510741504528, -2.3513121030410487, -0.13086317607352183, 0.37751065127502537, -0.4427275848092019, -1.1317987577346353, -3.258453760830676, -0.15777430005223667, 1.3138132742210276, 0.8207015305042594, -0.3240449169547713, 0.7082620908978855, -0.43060642906907975, -0.9781756790779438, 1.6540620148731688, 1.6842141115636218, 0.9657752433911031, -0.7504212004027365, 0.3677450791256258, -0.575814717658457], [-1.6915840586699096, -2.1753357351197042, 0.09765399749939173, -0.367610862801393, 0.06857866897150831, 0.19884694199269154, -2.0277549785196594, -0.834414494508959, 1.7106181754085148, 1.8691199869150295, -0.015343400856612923, 0.6583595736040841, 0.46273547070531384, -0.7577689321748157, 1.8659722083899033, 1.562517820258558, -0.0005785115166451859, -0.8966707778753191, 0.367136033309873, -0.9591207830205991], [-2.456655852707395, -2.925612545587964, -0.39490633674754827, 0.18036271092531891, -0.17526859852574203, -1.2000525265321598, -3.196571973941497, 0.06539220005348885, 2.0660412398497408, 2.7689393959181587, -0.033581730472322394, 1.3077890521189433, 0.2676110929301933, -1.2377505070035526, 1.5070162842068966, 1.3804104835920865, 0.2745217779788998, -0.7726260377654061, 0.7434381705461519, -1.0887867254311105]], "Lambda": [[0.5044420961233763, 0.4354745862482834, 0.48733101810822443, 0.4871143832792751, 0.48305211822621896, 0.5323523945078461, 0.4745618878394085, 0.521052709027156, 0.48195542501034927, 0.5324726676645829, 0.41654296105270827, 0.4630228463603904, 0.6205234586680022, 0.45218739366126026, 0.5072486148220618, 0.43730625951692437, 0.5214531498357727, 0.5375150137840844, 0.46263985838182653, 0.3903595980276635], [0.4981024683491479, 0.44535365006612715, 0.4720705438559996, 0.4816010518144316, 0.5019164320786953, 0.5395679004172614, 0.47133693698509666, 0.5306783110526513, 0.4735168089865785, 0.5394918175156621, 0.42322167166581287, 0.4976766718347452, 0.6060109343221078, 0.45382790686355157, 0.5023905842551722, 0.4509960709409879, 0.5238839002474411, 0.5434421492011592, 0.456508663743493, 0.39261555401965104], [0.4852411656521207, 0.44768186051631775, 0.494783495480284, 0.4769240106490602, 0.5100751949657071, 0.5436880406492304, 0.46152678443193257, 0.5295366134997374, 0.4974776421804515, 0.5452724351537576, 0.41929563207771403, 0.4910463257872522, 0.6219315744673412, 0.46552898990936614, 0.5092917399458441, 0.44683149828379193, 0.5194802061457535, 0.5322468926575372, 0.4734116453624647, 0.39532223404093925], [0.48018850424954507, 0.42668498437323127, 0.4823215746170493, 0.4852474275065125, 0.5114344577561513, 0.5299883410507854, 0.462924645335419, 0.5172150655689953, 0.44487449052252037, 0.5320529128520205, 0.385347512063358, 0.49757098469986555, 0.6178244786091401, 0.45647076933899433, 0.5215056946966806, 0.4184631454727101, 0.5450882703879991, 0.5572839500761152, 0.43375165032861046, 0.3819712475517486], [0.5041651192613095, 0.447177678788621, 0.48412870220018156, 0.490215591955482, 0.4963807805932397, 0.5254289816379485, 0.46516613217835695, 0.5275747740065101, 0.4757562223815304, 0.5288027613003996, 0.4064895072640876, 0.496792822866524, 0.6414268820933975, 0.46955952728169936, 0.4535034561078283, 0.4580164588804142, 0.5219970535643844, 0.5699008659737927, 0.4597256903194821, 0.38965225450695834], [0.4889229395126861, 0.43575379741849357, 0.4721848760443933, 0.4952134683309704, 0.5285518520856606, 0.4967589217721106, 0.4520657392166001, 0.45015832893637775, 0.5706169985445305, 0.4574606236699874, 0.425097439602875, 0.6248418556887881, 0.3444515865664283, 0.5389347960281569, 0.5342531667142264, 0.5678365028686889, 0.5588526218149937, 0.4159969737876265, 0.4865459439660693, 0.59293484007641], [0.48100903475225787, 0.47809422044769556, 0.47865181079208885, 0.505409311798416, 0.5103210479736517, 0.5032905256097486, 0.4654169136752744, 0.4726602865508989, 0.5627153535131192, 0.47067430873991273, 0.42669412231718873, 0.6371692379200989, 0.34656306170362294, 0.5412971512368782, 0.513100970931629, 0.5565239411192722, 0.5801804995957416, 0.4139389727975915, 0.5084746699292481, 0.5633920395784314], [0.4607414962720473, 0.4681940529448307, 0.4418392528499708, 0.5066825597696206, 0.5592721731549779, 0.4950472082728662, 0.463211372008829, 0.4883540572910143, 0.5704731869221075, 0.4598083361371406, 0.4458681931551858, 0.5795842392332555, 0.34534078197762175, 0.5465561685796974, 0.50113671995929, 0.5574221417421285, 0.5558659779369755, 0.3948844658482362, 0.5150126232888222, 0.5866291047043256], [0.4872692502986067, 0.4545020777231377, 0.4355634062037737, 0.48471411209326354, 0.5377166710438167, 0.5026014594703085, 0.4540082127463959, 0.4518850565314064, 0.565601017591939, 0.4243162011893924, 0.4286953253042604, 0.6036372103585483, 0.32176481953069747, 0.5600186078389404, 0.5147042692827174, 0.5676419535735588, 0.5641638210033877, 0.37752306956148424, 0.4794920214507047, 0.6048056634119334], [0.460768361605796, 0.4658064153924322, 0.4560346420398982, 0.5036901730390559, 0.5393971302279648, 0.5292768154721404, 0.449858635255618, 0.456811487286435, 0.6099215241907595, 0.46767741323799294, 0.42735868423727624, 0.6102925506695199, 0.35274128866797344, 0.5606473103560812, 0.5241573459798906, 0.5567864962142095, 0.5767431885704988, 0.42569410834154736, 0.49863239670340503, 0.5901600961551899], [0.5399514600056337, 0.48328990286037554, 0.4423808297724038, 0.5320523460289814, 0.4902999915427691, 0.49776782610311043, 0.6272069058648464, 0.4758211507153105, 0.44422127197100353, 0.4517793450084859, 0.625897224697307, 0.5003941319596393, 0.3672989163134952, 0.5092445011811697, 0.5414025129436686, 0.5089460772709349, 0.3658339354611678, 0.39299902439777645, 0.5120998595197312, 0.5410350448236676], [0.5256073186545217, 0.4899784765889625, 0.44292933114559746, 0.5155733410281986, 0.5028573365101854, 0.4790682429206579, 0.6181974422668013, 0.4727255946814585, 0.4498702033491035, 0.48345836380531104, 0.6074299354229027, 0.484969303612002, 0.39433629558958827, 0.4814359309941329, 0.5381580729681213, 0.5012096486738574, 0.37895610611268515, 0.42320002443583044, 0.5391863879926457, 0.5365706649963343], [0.5653665929724043, 0.4644577107195331, 0.455445166837449, 0.5515688330036963, 0.4989033729948026, 0.4599139965956008, 0.5459751223502439, 0.5010233578179485, 0.44620521578947575, 0.43368246739384325, 0.6146105969537509, 0.5096672162271224, 0.39326574283205573, 0.45414535435319253, 0.5783693237213188, 0.497383965398501, 0.38451869465063865, 0.4176272460089757, 0.5362293465092589, 0.5185386615425014], [0.5246737243299592, 0.46708168784744714, 0.4520792578675787, 0.5738735058975485, 0.47084241733063364, 0.43557137338940344, 0.6430593751524935, 0.49941389726146196, 0.4365763700432151, 0.4194929116142788, 0.5953375654265765, 0.48953935131434323, 0.35811174708475785, 0.47483043160098626, 0.5448775963871312, 0.48998871472120564, 0.37753116385702823, 0.40725671613161835, 0.5153995342921744, 0.48960318928896784], [0.5143990908970717, 0.5028615848215047, 0.46812579279896843, 0.48059744021744594, 0.46357734943707885, 0.47584768344245015, 0.692776834537966, 0.45826736149294034, 0.44796628693076823, 0.45895348820797915, 0.5946121135931378, 0.4865994588069891, 0.35562917634861374, 0.5038635984833917, 0.5257599028493142, 0.5299966647189649, 0.3679621677216845, 0.4204323888872592, 0.5559036138378356, 0.5393444340367655], [0.4064721412411882, 0.49965719073717896, 0.4496181838850156, 0.5025607737799663, 0.4248276212707618, 0.5113318303748533, 0.40423964157456815, 0.44193880494250176, 0.4757163026426308, 0.37698824430085554, 0.35157152152054894, 0.5727544044270529, 0.4414386150414582, 0.5671785787538146, 0.49936488099654075, 0.6486521496158288, 0.5757855858424149, 0.5535486712584066, 0.5735340922939973, 0.5298826626871668], [0.43496828178123603, 0.44083133934208846, 0.4258609887359609, 0.4976685492863972, 0.36529383418327377, 0.4990657532201884, 0.3869897111580441, 0.3986543073525796, 0.43839269577910484, 0.3176505800005816, 0.33219908139109017, 0.5941283524347031, 0.4566234589156303, 0.5876021952525977, 0.4174403936577007, 0.6055360693270964, 0.5777204206824523, 0.5308554387637496, 0.5947581706767867, 0.5823977392744578], [0.42681702659190307, 0.4463498060573306, 0.3925488749260303, 0.5574899368380358, 0.46392505912554316, 0.48883949506573227, 0.4605286919113119, 0.4171384365006537, 0.45740005598271316, 0.4547583526752064, 0.33718526857997616, 0.5563088152761161, 0.4055812069888097, 0.5588178153295341, 0.443415074472361, 0.5357924102035425, 0.5736987759743596, 0.522955550673973, 0.5509212433057191, 0.5542375403206832], [0.44459294175541814, 0.456799574476169, 0.42392760380292993, 0.49236828078043426, 0.4297785033310234, 0.4935347497282772, 0.4504481711357739, 0.40699300136088223, 0.45016283057197953, 0.4031089941689532, 0.3606085229418939, 0.5667024050064271, 0.4409410157559517, 0.5586652417496895, 0.4420889576696807, 0.559200740877932, 0.5674328944693897, 0.5360720126590139, 0.5896997764804002, 0.5582710496485027], [0.456375701755436, 0.4033515297546635, 0.3927245683162154, 0.5296130525291146, 0.3819805270228448, 0.4779379309537537, 0.3941733804753864, 0.40573824933890373, 0.4121335927869377, 0.36898927696271316, 0.3308798536847373, 0.6063186469429317, 0.4331255076425181, 0.5752274516043363, 0.4261772325646526, 0.5582812229331781, 0.6045362113675471, 0.5331794792057539, 0.6268960165403643, 0.5603860694315117]], "G": [[0.09187648369946098, 0.08056165796973742, 0.0887835239101024, 0.1012090240518381, 0.08427246950866087, 0.10293415064919584, 0.1334639767944652, 0.09141101251837154, 0.10305391115014186, 0.12243378974802549], [0.08690562419662098, 0.07331158148641381, 0.08306235838304776, 0.09919820171997742, 0.07642024584454486, 0.0990665053772919, 0.13404619574678664, 0.0986471976042739, 0.10950494635137513, 0.13983714328966718], [0.10451660452338622, 0.08995671310282419, 0.10003145985037258, 0.09267856048561245, 0.09508766691890849, 0.08462532045015025, 0.11556747847471383, 0.09500339310842469, 0.09838407209058891, 0.12414873099501807], [0.08465635389704582, 0.07273473019064293, 0.07836996580393586, 0.08343117452976553, 0.07550985329795877, 0.09178786189788318, 0.13032258948418785, 0.12265427029823664, 0.1125410191463899, 0.14799218145395382], [0.09553831267080655, 0.08451012636218827, 0.11672541257831695, 0.11048198353604187, 0.07786920500705229, 0.0795288391273597, 0.11338524543257082, 0.0943007642981213, 0.09279747187569001, 0.13486263911185192], [0.07413822161627347, 0.06804381551478832, 0.07603373083765276, 0.07931832109333023, 0.07670087195371948, 0.10463966204392805, 0.14448921908614654, 0.11290024756506621, 0.11867136633219787, 0.14506454395689675], [0.08036122956266463, 0.07070524861056825, 0.0707146105483229, 0.0848285958902403, 0.09138212761487165, 0.09647050093139119, 0.13904323387136833, 0.10565923599853012, 0.11551429793058474, 0.14532091904145789], [0.08128101164836873, 0.06776721685550097, 0.08297785681900599, 0.08726438401910937, 0.06678158025644919, 0.08870189930627631, 0.14345191073641148, 0.11321486081247885, 0.11747906192979618, 0.15108021761660337], [0.07857979057708042, 0.06820189501585862, 0.06704523563725402, 0.08653740903777463, 0.07197670019303108, 0.09790176014779482, 0.1487429525243956, 0.10967246708654592, 0.11516130782979504, 0.15618048195046996], [0.08034925920243671, 0.069782961912348, 0.07179651300333305, 0.08984412006261368, 0.0727847695784079, 0.09416951374363725, 0.13595553007589073, 0.11377272222520181, 0.1195520799336466, 0.15199253026248435], [0.08970816028085633, 0.07958251705959361, 0.08741890631904718, 0.09828918423910471, 0.08761193603206797, 0.08779883043722335, 0.13568074798303037, 0.09318244724447335, 0.1019515893929651, 0.1387756810116381], [0.08923534055995129, 0.0805719336435877, 0.08387637846124772, 0.09710216098504655, 0.0830512244165947, 0.0904231783067646, 0.1259752521417764, 0.10137774007028884, 0.11106561852872406, 0.13732117288601808], [0.10062355371750763, 0.09032980748416995, 0.08053685896215947, 0.10166164208020546, 0.10691802663248445, 0.07814331328065922, 0.11512842894836708, 0.09640539688605819, 0.10189269903863626, 0.1283602729697522], [0.09021536460777392, 0.07911484686006619, 0.08701638805083069, 0.09824523890363222, 0.08390737105088879, 0.08560005521670158, 0.12568662734197544, 0.1132437377325796, 0.10364774330685031, 0.13332262692870123], [0.08999758437694208, 0.07468752469964136, 0.08076052909649074, 0.08978121717262912, 0.07782256997932158, 0.08417774769504491, 0.13778447499620491, 0.1050423181784526, 0.11141982184174766, 0.1485262119635248], [0.08932269234014302, 0.0834860632188184, 0.08412917294743195, 0.09903357748170519, 0.08523731759507025, 0.10266055889348852, 0.1172277091441107, 0.10165977869550474, 0.10232593019441606, 0.13491719948931158], [0.07168981346214463, 0.06482079699027203, 0.05977159252906759, 0.07588793836468369, 0.08456384791922068, 0.1057993898486186, 0.15699364770620441, 0.1061316799372549, 0.12325784238291056, 0.1510834508596228], [0.10417226438436485, 0.0984748334892803, 0.10471067479361246, 0.11827423476963937, 0.09536324235123056, 0.0843096800934189, 0.11079217923037517, 0.08102010631131508, 0.08906915593750238, 0.11381362863926059], [0.12549620056402694, 0.10501369866556275, 0.10962754267988341, 0.1303757478791475, 0.1013358766893449, 0.07016892463706782, 0.0959162304641607, 0.0778094522067907, 0.08092690393987591, 0.10332942227413912], [0.07928481859011954, 0.07151735402758663, 0.0604841345165047, 0.0829721369109548, 0.08308214738469451, 0.10249230320423199, 0.15223346865778636, 0.10222602879948461, 0.11963905765874455, 0.14606855024989196], [0.06630266354702988, 0.06548007653623386, 0.06340816810307225, 0.07277326158843464, 0.0638507586562077, 0.12259211187563954, 0.1569805003947776, 0.10789383371519697, 0.12706609528319276, 0.15365253030021492], [0.09013783677301768, 0.07438296290559154, 0.08361220304568663, 0.08697785864359714, 0.08221543787039064, 0.09472769627418198, 0.13343545765010514, 0.10328996013586791, 0.11140350778113572, 0.13981707892042528], [0.06911772396531068, 0.0593365665422775, 0.06414180205534692, 0.07504726586134164, 0.06067889679774852, 0.12510017563317435, 0.1616160566906303, 0.10694365678796815, 0.1244702133186683, 0.15354764234753351], [0.08509997981781012, 0.08026401124290682, 0.07420265348427962, 0.08760503926451867, 0.08491607389969469, 0.09696662274491721, 0.12416511332147341, 0.10940045300150736, 0.11484564924927812, 0.14253440397361403], [0.06496792266157983, 0.06457012483132675, 0.06482410741047018, 0.07270862025835652, 0.06519711073793431, 0.10029858946834899, 0.1484423403030166, 0.12762833132606333, 0.12336628263435061, 0.16799657036855306], [0.11271958867969824, 0.09857076780049175, 0.08000202929858798, 0.1207237821319839, 0.12193746692725738, 0.07489733343713065, 0.1057040065735186, 0.08530191590852355, 0.09094271129361911, 0.10920039794918875], [0.10738530268287069, 0.09595188349100459, 0.08810257926351873, 0.11442815872755777, 0.11019572880520657, 0.08580081725083663, 0.11187077308617069, 0.08785228141670189, 0.08815851160463394, 0.11025396367149838], [0.04934899830996938, 0.047265426343161325, 0.04860777517836294, 0.05789342976467431, 0.0461975516757223, 0.11817430771984395, 0.18454843104151983, 0.12271957591001555, 0.13339990993708747, 0.19184459411964358], [0.09093379371862848, 0.0820409138806675, 0.09707863097646688, 0.10444339065393306, 0.08171219518091279, 0.10609103977337825, 0.12475832715909843, 0.08716407873778194, 0.10299473308954221, 0.12278289682959032], [0.08545632931318424, 0.07494007280951684, 0.0766281471029494, 0.08865714479190996, 0.08077325395679234, 0.10511803998427392, 0.13416506321574465, 0.10429638133339285, 0.11447964682254223, 0.13548592066969364], [0.09422556243356058, 0.08129112148203996, 0.0980242660184232, 0.10550051685094208, 0.08599992729591675, 0.08691640689432778, 0.12291940720846312, 0.09853365049507841, 0.09893368460183533, 0.12765545671941309], [0.1047508509815812, 0.09319904980833685, 0.09756037940141876, 0.11070910539120031, 0.10106948577264317, 0.08548748647450934, 0.11212960434303569, 0.08695605878672458, 0.0949591260603474, 0.11317885298020237], [0.10585342945975516, 0.09096140168474359, 0.12164063617799635, 0.13243753604291683, 0.08677555421533549, 0.08110640450017383, 0.10511191029149247, 0.0794753441402164, 0.084412511089174, 0.11222527239819587], [0.08542311637910305, 0.08217993966209786, 0.08089669735541406, 0.09534246255492226, 0.07809677362149514, 0.0968748048189939, 0.13130657387307, 0.10153063497655644, 0.1080866518620671, 0.14026234489628023], [0.07921259449927137, 0.06425855967851736, 0.06710008272503445, 0.08616532909572196, 0.06967855396411629, 0.09617308337444469, 0.1445190577720613, 0.1124920938642917, 0.12248280056977855, 0.15791784445676194], [0.0799917057034637, 0.07592882731343377, 0.06558285765605042, 0.08784635667637078, 0.09061024388552455, 0.1072359502866362, 0.14767238413845957, 0.09546463600845276, 0.11208160315259524, 0.1375854351790132], [0.07150714797322688, 0.06110531279000446, 0.06984095781287233, 0.07937332281036276, 0.06667515929004832, 0.09770004642100566, 0.15030169841887936, 0.11662036892405458, 0.1231255713533282, 0.16375041420621714], [0.07894204673572429, 0.06912231547431365, 0.0722867920017885, 0.08516893731952704, 0.07642554815613599, 0.10712489762739615, 0.14651194163247758, 0.10590673177692622, 0.12191078377067892, 0.13660000550503196], [0.08056560771155499, 0.06877553926919308, 0.07302085335392337, 0.08312772665543457, 0.07644467821842318, 0.10565382208109758, 0.14445692983210037, 0.10468738224852765, 0.11825801738493072, 0.14500944324481468], [0.07830892479332467, 0.06533909536428374, 0.07307022548179212, 0.08136672326630393, 0.07642658969531808, 0.10578469992818865, 0.14432883294825044, 0.10688670507582138, 0.11412409514252354, 0.15436410830419284], [0.08621297406708509, 0.07807630794098722, 0.08158072342205813, 0.09583697448259623, 0.08624802554697528, 0.0967815908498116, 0.13013196678273325, 0.10338829794555347, 0.10646031732975969, 0.1352828216324398], [0.08681130220247678, 0.08005757417001327, 0.08022832324062774, 0.09163015415900844, 0.08085657905829118, 0.08485582213690882, 0.12351275100214137, 0.11929173191013896, 0.1072434452523685, 0.14551231686802535], [0.11276977054167711, 0.09569750074150782, 0.07453290731508874, 0.11533910884407982, 0.13034560712985344, 0.07243162351218352, 0.11855266542554604, 0.08103766102035152, 0.09303909152460187, 0.10625406394511043], [0.09047991911548545, 0.08413167178124871, 0.08105352807381595, 0.0908723083903636, 0.09629951701057866, 0.10395818399417647, 0.11706836994642031, 0.10593980355381331, 0.11017678630510237, 0.12001991182899496], [0.0824430351964168, 0.07652140506252966, 0.07463941521153983, 0.09780677095483459, 0.08034407811315739, 0.10717090479808002, 0.13683704058233487, 0.102219574596293, 0.10776786808293184, 0.13424990740188192], [0.10044178626087662, 0.08305410254461573, 0.09337094930781917, 0.08766535276312824, 0.09069554352165773, 0.0862869975274077, 0.1262634977223313, 0.0959259134457582, 0.10231021132484643, 0.1339856455815587], [0.08257573175795568, 0.07561992885151624, 0.08190202235479475, 0.08988411439522644, 0.07324603340391325, 0.1016215173358541, 0.1267228169477557, 0.11438898017818061, 0.11371810211943291, 0.14032075265537025], [0.11565315934955697, 0.10353465966869442, 0.1116811068406348, 0.13205061329637502, 0.10689015198317692, 0.06858113207501262, 0.09075145088260579, 0.08471169729235908, 0.08282675809023274, 0.10331927052135172], [0.0828498340780626, 0.07681675857252117, 0.07444849828858388, 0.08662858464241875, 0.07992556690578646, 0.1140319720681468, 0.131051090867781, 0.10628741284778483, 0.11570315781554652, 0.13225712391336839], [0.08999369701156691, 0.07954160318495627, 0.09351579995025677, 0.08997629153168818, 0.09255330371286265, 0.08904554800432193, 0.1201298959836205, 0.10668041084112066, 0.1004727540746372, 0.13809069570496899], [0.11543460199928561, 0.10104436506429995, 0.1026558731631061, 0.10389616669054319, 0.10344826045594115, 0.07859823171459099, 0.10078947946376308, 0.08894620267272262, 0.09357611939958622, 0.11161069937616125], [0.06883751080844715, 0.06542103400555525, 0.0654643320501974, 0.07298462187415164, 0.06423482191980165, 0.11260501666953118, 0.15239042269740266, 0.11715814426579432, 0.12694346345930965, 0.15396063224980858], [0.0731722969297106, 0.06322811181722407, 0.06812232326976607, 0.07810251365558613, 0.0698420518729034, 0.09373850962671568, 0.1508598328949359, 0.11295567613623272, 0.12321614272147695, 0.16676254107544908], [0.10481946739543024, 0.09149734619281097, 0.10317538038064532, 0.10232085364192836, 0.08977691205211948, 0.08406238151035755, 0.11499492108327768, 0.09055958990599236, 0.09487817295252325, 0.12391497488491544], [0.06765031181686769, 0.06307412903388261, 0.06187513419894961, 0.06888336294461628, 0.06846740456119808, 0.0992904511496258, 0.1463921446389396, 0.12783269674301953, 0.12245561810448527, 0.17407874680841576], [0.08451706586017964, 0.07443168360781041, 0.07898838075171073, 0.09181975946414087, 0.07873955393805307, 0.10324136152084794, 0.13313732740002523, 0.10461344503595484, 0.11067394810981852, 0.13983747431145852], [0.09473096171906578, 0.08256362542809821, 0.0882424960081724, 0.1118311296852038, 0.08604694897419259, 0.06882206161030416, 0.10730871051483294, 0.11896459755658645, 0.09876552359233699, 0.14272394491120707], [0.0671282033869098, 0.06452309089668024, 0.06423294507099046, 0.07120815590763437, 0.0595148521051172, 0.1138123937117751, 0.1608018186522804, 0.10955801626545324, 0.12734727837183127, 0.1618732456313271], [0.09109142790631301, 0.08361157921750348, 0.08993261220760022, 0.10659352661180867, 0.0859332545062139, 0.0967914751591462, 0.1350690450433634, 0.0843944663612191, 0.09670411496527484, 0.12987849802155732], [0.0742531037045331, 0.07244462801657596, 0.06418206548991762, 0.07696629621180907, 0.07648676024820081, 0.13322956063218713, 0.13714228270826379, 0.1110158625643829, 0.12485457874491974, 0.12942486167921002], [0.08596866699419464, 0.07664594045468862, 0.06753455020477565, 0.09084368536497599, 0.09012013670217697, 0.10661158195815541, 0.1366959285817689, 0.10693872752805247, 0.10878163594427566, 0.12985914626693523], [0.0876146832809441, 0.08462798344765098, 0.09290440946175996, 0.10679256863793966, 0.08564673929497382, 0.08820042636515942, 0.12236067849414206, 0.10083438240707755, 0.10237000097684548, 0.12864812763350741], [0.08868806949535382, 0.08457024982361894, 0.08022415959404522, 0.09466577781985808, 0.08860327066695114, 0.09962370876325578, 0.13076693836456305, 0.09464317141256781, 0.10962011198382231, 0.12859454207596369], [0.08127814783729434, 0.07003023270222287, 0.07401356616966195, 0.08949253430913785, 0.07720658344996759, 0.08738759506444128, 0.14788142550874772, 0.10135257569198358, 0.11440198615469012, 0.15695535311185307], [0.08255888115880201, 0.07482550734194307, 0.07637550310541338, 0.08871402691417227, 0.08103462184505533, 0.08263058769512849, 0.12264768198326413, 0.12436053589912338, 0.11470790975633373, 0.1521447443007644], [0.10788737938179938, 0.0997343561693279, 0.10392073266669755, 0.11963366534615297, 0.1071250206360383, 0.08410224166031577, 0.10420885860741629, 0.08170741416170312, 0.08679611781256087, 0.10488421355798767], [0.07787931458963422, 0.06845979698029009, 0.07180150521344464, 0.08428074810481438, 0.07132312975234244, 0.08842216191014653, 0.14078324496453587, 0.11763803956197054, 0.11273081156280101, 0.16668124736002005], [0.0727528763700819, 0.05702061621423193, 0.06430924219805491, 0.07482051282465245, 0.06686885039050783, 0.09842009355699263, 0.1374150780900947, 0.13793808308046393, 0.12709228029925682, 0.16336236697566264], [0.07298943811983759, 0.06387245832468727, 0.06547548985497173, 0.07892836120141246, 0.07591722413525026, 0.09875382406273221, 0.14655636808270633, 0.11623234683147346, 0.12057245394545327, 0.16070203544147538], [0.07322948390009541, 0.06759562050521509, 0.07462870855880854, 0.08585796880683151, 0.06733412818277404, 0.11356844572635716, 0.13068822838300043, 0.12155953207293943, 0.1220927371778791, 0.14344514668609906], [0.08142289292478973, 0.07577599555464257, 0.0741148301532246, 0.08549565464809349, 0.08332706452256373, 0.11987400705883051, 0.14069515171246405, 0.09667718598484026, 0.11078285866532296, 0.13183435877522837], [0.07731742695020392, 0.06670823554331103, 0.06803428451033815, 0.08295142936141955, 0.07455587509298675, 0.10927982977411335, 0.15215963522730733, 0.10522602443611791, 0.1175419776706999, 0.14622528143350266], [0.08395351901800026, 0.08011607557896736, 0.08441574886164337, 0.09339581506214949, 0.08377885468287305, 0.10706952019844354, 0.13666404389083497, 0.09445454479729556, 0.10646643765743925, 0.12968544025235337], [0.1030337576340107, 0.08951087321562567, 0.09883424800286868, 0.09004539053043287, 0.08462269355794975, 0.10052242631196694, 0.11891041454848474, 0.08978781048805011, 0.09509565018521109, 0.12963673552539984], [0.10063048501955942, 0.08551503699236397, 0.07966669682361402, 0.09889388299291803, 0.10143493628514656, 0.09081139607701731, 0.12749821571324782, 0.0872675079434302, 0.10530749627474081, 0.12297434587796204], [0.08932993850611301, 0.08675745116833883, 0.07310219168027586, 0.10010948337531665, 0.09126181834053425, 0.08548256330225625, 0.129426986147056, 0.10384483444633652, 0.10445011290904918, 0.13623462012472348], [0.09569687299235581, 0.08712634795585814, 0.08710186000878328, 0.10633869374485679, 0.09039391488032619, 0.08744092320829701, 0.11577710455198635, 0.10139417251705057, 0.10562849340998867, 0.12310161673049683], [0.11126520098012536, 0.09508654148572548, 0.09330689828183682, 0.11044893183627659, 0.10042789468941564, 0.08074052059849626, 0.10859892396528528, 0.0911747408614448, 0.0916351868562723, 0.11731516044512189], [0.07783384226667353, 0.06760329320253375, 0.06682946029649461, 0.07810158302086691, 0.06547310548483058, 0.0874783657475542, 0.1482176794920285, 0.11863590204060574, 0.1200405000261884, 0.16978626842222366], [0.09457897453787219, 0.08478680636650117, 0.09189207017911385, 0.10296184885489579, 0.09503617615269802, 0.08999122885901867, 0.113044838552603, 0.09882183538083822, 0.10085680218503613, 0.12802941893142283], [0.07425743764481596, 0.0719884144100297, 0.07716539931881901, 0.08644405321292825, 0.07037568405167767, 0.10108246718331824, 0.15062914717210726, 0.10238921579367209, 0.10889056337369513, 0.156777617838936], [0.0797530379870712, 0.07213200106750596, 0.07110427205175818, 0.08460800687882436, 0.07881511853436948, 0.10640860303481914, 0.143701863936958, 0.10771235719326298, 0.11479727397025682, 0.14096746534517363], [0.09595842116706477, 0.09159131028942617, 0.0935891110427134, 0.10764391275153576, 0.09992928586903445, 0.09703606651997934, 0.11130283268752052, 0.09432918407812758, 0.09696446989206209, 0.11165540570253606], [0.0967742196341819, 0.08946086073525236, 0.08707157883861065, 0.11641654498807183, 0.08652109464539091, 0.08651587443050505, 0.12441281361236922, 0.0881548329389124, 0.10060403182671866, 0.12406814834998701], [0.08122039366031804, 0.07411726726227248, 0.07390640126343069, 0.09669671554871398, 0.07844740132183164, 0.09718748025657938, 0.1468055652328676, 0.09597645742844282, 0.1144044262758447, 0.1412378917496985], [0.08966329452923387, 0.0812229432742266, 0.09049751614264871, 0.09809555824528904, 0.09393432052174992, 0.08855668019308513, 0.10557143597613035, 0.11373986258073884, 0.10272911736899765, 0.13598927116789988], [0.08228957128111476, 0.08489534292369966, 0.07736547765632507, 0.09796527623359055, 0.08331453998456924, 0.10012070961847677, 0.1307963095996719, 0.10102434360492611, 0.10738410701211212, 0.13484432208551342], [0.0833511096036521, 0.08882323779680563, 0.08497525860525446, 0.09406155298713689, 0.08771753788543227, 0.10507615025433999, 0.12826852364376265, 0.09334644588092281, 0.11292176285021246, 0.1214584204924808], [0.0943796694341862, 0.0823489887225267, 0.09440551875260514, 0.10645675537777051, 0.07802635107671227, 0.08985585285782607, 0.1229074257480619, 0.10011299985455226, 0.09931983785960491, 0.13218660031615367], [0.08126969796932836, 0.06755890836215427, 0.09269145872380094, 0.0984835180490858, 0.06681259048847293, 0.09223877136457109, 0.13418536901265166, 0.10281102155749329, 0.11109093000929149, 0.1528577344631504], [0.08685135970365444, 0.08030042845283084, 0.08564673598906211, 0.09724292421974436, 0.07682460095500225, 0.09574528674881129, 0.13289978765504168, 0.10177745611896691, 0.105342454797457, 0.13736896535942925], [0.07647374409859362, 0.06689923497040337, 0.07280418698445251, 0.0827217985426838, 0.07566849539387961, 0.10863555600646131, 0.14019347797920242, 0.11621460653923102, 0.11523351796683255, 0.14515538151826018], [0.10084083361383278, 0.0828444982953371, 0.07970283963405839, 0.10077786833275795, 0.09857801186808085, 0.08929193490644634, 0.1185047151371372, 0.10128065702452105, 0.10142938105673836, 0.12674926013109014], [0.06661317463343704, 0.05909246388212943, 0.07030409080630753, 0.07207715711326597, 0.060324428372983394, 0.1130334580578187, 0.15882760764709725, 0.11983154924085779, 0.11895902577862039, 0.16093704446748255], [0.0736784852773692, 0.06105710846213195, 0.0773679415265445, 0.08179338600743594, 0.061564618297903835, 0.10045488805743014, 0.14418150945030717, 0.11109585616420618, 0.12091844757814182, 0.1678877591785298], [0.06376300841593986, 0.05634314044182833, 0.06096156785427438, 0.07000230211610795, 0.05894234214572654, 0.11296736685380424, 0.17811466936471304, 0.10786952346712417, 0.12202369526382126, 0.16901238407666036], [0.08468950248660746, 0.08333924416908443, 0.08641159052643133, 0.09327167887856577, 0.08937668234945588, 0.11176180381770741, 0.12361685826711949, 0.09607522657073614, 0.10432346305755145, 0.12713394987674054], [0.07143668520432275, 0.06545557619992586, 0.06306506754135305, 0.08363051705070688, 0.07304559143651256, 0.10196204018121087, 0.15594815703604709, 0.11012499227778147, 0.1208945519344322, 0.15443682113770707], [0.10667202018190027, 0.09183644701815352, 0.0998289950358679, 0.1134960061136628, 0.09461368940608032, 0.09527605522858723, 0.11428925417006139, 0.08381930137673915, 0.09569611069603158, 0.10447212077291576], [0.06672491041515465, 0.06014441699546545, 0.06353089773827475, 0.07168087533547994, 0.06331964721991758, 0.11132405887313059, 0.15448653039789706, 0.12109485700416368, 0.12864972425946705, 0.15904408176104945], [0.07455659847502133, 0.07229280037617246, 0.0721354886845649, 0.08474253191501357, 0.07615763713129213, 0.10568194936194948, 0.14909686955448143, 0.10330314125676411, 0.11428762277353832, 0.147745360471202], [0.06443383423463339, 0.05829665138180984, 0.061276474513929646, 0.07028800821306215, 0.06455394596436279, 0.11935767524759959, 0.1714470248310655, 0.10862594639600613, 0.12506654944474518, 0.15665388977278585], [0.08127953724564063, 0.07582646800857296, 0.07607755101406662, 0.09392686300227257, 0.07527051186431254, 0.09596080565861334, 0.14152824617978235, 0.10227054001038009, 0.11492861315079753, 0.14293086386556114], [0.0929349433152704, 0.08812392777409712, 0.08050039881758425, 0.09781729513663129, 0.0832260921703643, 0.0945575159311828, 0.12562154007603468, 0.10273858102711965, 0.10467757208845402, 0.12980213366326138], [0.12419209492070508, 0.10173076257109458, 0.11099654236634428, 0.10893687681133983, 0.11254469571128468, 0.07220318214087185, 0.10182072067289959, 0.07846009875531157, 0.08364766025493761, 0.10546736579521113], [0.07763087605652783, 0.06561473356691815, 0.06701970974636656, 0.07976563808066267, 0.07964925152811533, 0.10814396360616853, 0.1485748292356167, 0.10990923236420838, 0.11786989593606667, 0.1458218698793488], [0.09852891011669274, 0.08997965927416238, 0.06812576378457369, 0.10514001139261503, 0.11496016258949006, 0.07959318407053959, 0.1278856875204434, 0.09263577083322021, 0.09852893762383783, 0.1246219127944252], [0.09751597113384973, 0.08084963786859664, 0.10784097869786677, 0.10165658344428331, 0.07246156166396762, 0.09199805013850411, 0.12515536324470164, 0.09409423488418049, 0.09870966306975147, 0.12971795585429813], [0.11577697801082627, 0.10034620329036525, 0.09814153042050365, 0.11535649481360566, 0.11318556518156997, 0.07562957074226082, 0.11029691160811105, 0.08032493289899573, 0.08623157315629526, 0.10471023987746654], [0.11587221355532491, 0.09910262294643704, 0.10932432986199386, 0.12322375019798372, 0.11464451889539314, 0.0736365196402128, 0.09588211178909456, 0.07958878576493843, 0.0809671966407173, 0.10775795070790423], [0.10721882942113445, 0.09306521281475551, 0.10469514559313722, 0.11344623860988501, 0.09995097176297345, 0.08626983871903961, 0.10713285006895093, 0.08856964455