{"estimation": {"a": 8.3732578516663, "rho": [0.06319371637046871, 0.09093651995740717, 0.07984461185919318, 0.07947684329342826, 0.0801445693421018, 0.09771117165149698, 0.09673335536036297, 0.0814369602981211, 0.2175083375541689, 0.11301391431325052], "Mu": [[1.289780717882279, 0.27361345867436954, 1.9651750442794749, 0.18780544325772588, -0.97321703827066, -0.748944837233654, -1.90004236055801, -0.2475728497497178, -1.2575461466486915, 0.9630569437519779, 1.4463689319833286, 1.0818616080036845, -0.4451369785680804, -0.41209523462475744, -0.21428819839918065, 0.010428043412175972, 0.8782309635866771, -0.6844791061638297, 1.000091375488914, 1.5850391740159373], [0.6912840289038585, -1.171559043230606, 1.0697099049205179, -0.12442664746516989, 0.3072018423643122, -2.2305864255133274, -3.9806742329374667, 0.46781993633904473, -2.1153763123213314, 2.4358311615907207, 1.9344197035967, 1.0558661465431427, -1.107203303238062, 0.7588885025936573, -1.0390536521930305, 0.4037384883929339, 0.8540282993714868, -1.1224640126481205, 0.4016216380350949, 1.1319073485852167], [0.42925008657803415, -1.1569775584797986, 1.377028438572085, -0.025541985753315757, -0.3257000862727125, -2.195068017482053, -2.824696980537752, 0.31046151330295774, -1.7317186535550066, 1.9398258657065452, 2.205113518267653, 0.6763584028526108, -0.441052799497816, -0.36406139078748473, -0.5708985813731002, -0.05956268352666274, 0.952762642066192, -1.0362845622340549, 1.0209558514992139, 1.4883219230819302], [0.8065432609471382, -0.5137726455281965, 1.756955651803273, -0.09564104591733052, -0.2360280154387054, -1.9795005458985782, -2.654814670311863, 0.21366631000480243, -1.8013253205640305, 1.7171915329247343, 2.205843962007487, 0.956953351010082, -0.4460928554897542, -0.44449186705686716, -0.5969484293526637, 0.2719003328056684, 1.1037378131356141, -0.6012436041427659, 1.1625041879475395, 0.9333193028004086], [2.117338272012462, 0.2967849479548149, 3.1096059532618776, -0.09646486521672225, -2.2400740867663114, -1.0186845262473398, -1.8721249329778553, -0.5005278988122914, -1.2639607889457873, 1.4077004163576525, 2.478232001787908, 1.070825199389915, -0.4696715958577486, -0.7631125920582037, -0.4664269999904242, 0.30806430101192506, 1.643412082699434, -0.6305995972901072, 2.239420556891097, 1.7248883865852478], [0.6413805355510679, -1.1588759785833762, -0.06733257694095159, -0.9380614591765306, -1.4668261602465527, 1.922476824839253, 1.3684790662582345, 0.17009952589019064, 2.299210494815738, 0.18851589195824292, 1.7286755580964788, -0.05911865691286726, -1.409833788787169, -0.5481923713061511, 0.3137560869336402, -0.5517638697952885, 0.9142345360316954, -1.1713410230445027, -0.7826592220001864, 1.0020515776737502], [0.7873529106504704, -1.2865064883421071, -0.25833456094548957, -1.1576200449650373, -2.4553677852617097, 2.954751107538878, 3.1082424720134583, 0.036340497978636206, 4.099115689185444, -0.11058064669946649, 2.954194202173805, 0.06319298024052923, -1.7021845549732317, -0.8541746406984144, 0.3438180190583315, -0.38799121020959293, 1.5120584528455043, -1.537328207955613, -0.9888330323234923, 1.0570237671732716], [0.3797801164433559, -0.8375948791513043, 0.021665804024627967, -1.0885743085589448, -1.791481441324369, 2.5550410327749487, 2.7475743117666958, 0.25893165947489166, 3.2744695543522986, -0.08826248918265896, 2.3571056311000484, 0.48606208049784755, -1.6380097435839518, -0.5985863558475804, 0.22088702933181184, -0.3207089571420501, 1.0560926479162311, -1.6502651370821608, -0.9428435065529134, 1.0924840345403926], [0.5459731979714616, -0.6058629275339136, -0.17874679767100773, -1.1843973846318256, -1.6647527418207533, 2.663609211285679, 2.777913836592491, 0.17730012721612975, 3.324778285277201, -0.11842838893188465, 1.9443044066145223, 0.31542480542129714, -1.714983235732071, -0.5407452460089366, 0.3500638682880573, -0.34042602207468664, 1.0178379205389183, -1.57562821806431, -1.0616374864917122, 1.4929278360521194], [0.5837960571692922, -1.1640571925018435, -0.018079033566718642, -1.0298468404355205, -1.766893890345169, 2.5213804947488025, 1.5985693534219048, 0.025238291584248288, 3.1969986621277053, 0.1870761919896864, 2.0554047382165392, 0.6474104761236583, -1.708451890431567, -1.0255506334754179, 0.5257115524519841, -0.5078142782197278, 1.0378256528972676, -1.849888197097298, -1.2215617226332578, 1.1143523188346856], [-0.9446671713228278, 0.02197146405832655, -1.4328741347852862, 0.0555714119677786, 1.0348569530688048, -0.057959686119821746, -1.0290430702477145, -1.739139778959714, 0.456259617942138, 0.4964543223906713, 0.24205025211443548, -1.5644140018281396, 0.23190349884571815, 0.4737383077014893, 0.6959505169482726, 1.569876529851947, -1.520253475681452, 0.5776150380890246, 0.511300074862492, -1.9605926417677737], [-1.1194322247972832, 1.0274809929024042, -2.0277196777963162, -0.052995934118393026, 0.8559222807796214, 1.0643706700360913, -0.6044713658185904, -1.4329261456486138, 0.9516769384995618, 1.0653954131422545, -0.8276471492396135, -2.5463824539794215, -0.004131068254425358, 1.165652621729233, -0.4453390987176906, 1.3930853067281705, -1.929060593566194, 0.9603825423409651, 0.9953815957671551, -2.2831508918122987], [-1.0766711096848751, 0.5309465799244311, -3.1566798543155676, 0.11039248184929634, 0.4764440620979435, 1.5724193987437278, 0.20923384259655514, -2.4707417060070656, -0.049521150524840726, 1.658289860957078, -1.6365443943589073, -1.5217088398208853, -0.011888410255337817, -0.4642905995171731, 0.16214688051913656, 0.2365062879100013, -2.3049403673776467, 2.3914548850640407, -1.342025497315004, -2.11104318816656], [-1.1722953843518495, 0.7190077604489014, -2.4421392925870555, 0.37653789939748655, 0.7328952527381811, 1.0419244286656202, -0.7022939178856048, -1.475481961215332, 0.6982824518671072, 1.1387688371612135, -0.6309118394532437, -2.070228023339127, -0.023323495354285743, 0.23021138317221063, -0.028297157032990752, 0.993238132492508, -1.6943889556395393, 1.131428189301752, 0.6081591453558285, -2.237809432260828], [-0.6595353972722883, 0.8191859972311307, -2.1245386801235626, 0.06273614363991803, 0.9818231973205535, 0.9365538784404855, -0.9991280301056301, -1.2629579221664589, 0.9410938465752563, 0.9935337408830309, -0.7893610006210667, -2.201613383577995, -0.3146634936051837, 0.6542643294079941, -0.20542798460971615, 0.8014674530523407, -1.7474759002067226, 1.1057548488469724, 0.99132071257636, -1.8349207623892885], [2.1999195727878496, -2.1366289830551577, -0.9537200121889925, -0.19424454280465836, 1.4817468610719762, 1.6308357172739854, -1.933732788887632, 1.1090473529242975, 2.8195845368645407, 0.277681640553932, -0.40294118252716943, 3.682357985274099, 0.9284276092381559, 0.7261091153469696, 0.5197335347416472, -1.636842486787615, 0.4638964995757154, 0.3404444753469291, 1.7009931097645048, 2.045952829325269], [1.5237358773604284, -3.064030067114851, -1.5961581666211246, -0.34073642226672746, 2.001611124481354, -1.1903678277399574, -1.1192838286957325, -0.4143615201032082, 1.250229668316915, 1.7985846343634213, 2.781762441503705, 3.35521482179751, 4.745450534449771, -1.5839328368423453, 1.8776197938411279, -0.2158726175816149, -1.1338705537254041, 1.55881644580881, -0.6953562883578837, -1.081115529942387], [3.3454601612304558, -4.668018523287067, -1.3228084984530528, 0.9456046779023963, 1.133973552805837, 0.9119579098071682, -1.306699073112312, -0.005726988843795578, 2.6458658680179834, -0.25051421172445615, -0.23778086760553357, 3.9693912356483763, -1.1468678003732578, 1.3564588992482192, 0.6945151634669512, -0.6539621376964591, 0.8300725408665086, 1.4656407270134717, -0.8469822756281421, 1.8707841680923827], [-12.691544038851315, -0.7475382009158168, -2.2698441690084707, 1.612462652152422, 1.2091627609257973, 1.0498720213520638, -0.46851937049285836, -0.7224587812872442, -1.4652783011567818, -0.28556770854954594, -1.047234744545849, 0.7307586489590975, -3.7930940895819782, 0.5230550291588358, 2.694760118155101, 0.27494940055994976, 3.983197890241822, -5.736840527519231, -1.1533137928029749, -3.6662725793048776], [1.5432068612240315, -3.745812243392619, 0.18101204311347704, 0.13816815822338008, 1.1689937686725478, -1.6524318244374925, -1.1496859631743512, -0.7160416593173403, 1.4025509047793003, 2.821724133905299, 3.040436181774489, 3.4263944610402377, 5.737340666557173, -1.2794538966993905, 2.59346815951503, -0.2129206953407713, -1.6228015509307823, 1.4962414889750006, -0.7149143609012056, -1.6372616050001025]], "Lambda": [[0.6262017812286913, 0.4797176749507907, 0.44735154812029854, 0.5541897758746651, 0.4859664412944484, 0.547475941307536, 0.47632776712770925, 0.5109027322822358, 0.48743361853294337, 0.4296588020085867, 0.43988291731884843, 0.5399349439926974, 0.5687454476228795, 0.4589973605336297, 0.5544112540614731, 0.5348187885445999, 0.5751618547086254, 0.5155122606776638, 0.4761371960401437, 0.47723727999303117], [0.6272071984338711, 0.48859921836900644, 0.4112147619020984, 0.5566746669431728, 0.46202459132177226, 0.5511813671885855, 0.5105241227158971, 0.4994164410576386, 0.5477308344633643, 0.4173550576984255, 0.39987243923481514, 0.5601240430743004, 0.5396024165634172, 0.4885139201443702, 0.5159050774857754, 0.5284251536586653, 0.5483414106268243, 0.5581325965100769, 0.4406980310981804, 0.4434781436651461], [0.6061927557640984, 0.4725924061030853, 0.40976139443894494, 0.5964140554261288, 0.45788949421883035, 0.5595901112007833, 0.501408342475737, 0.5235769210367451, 0.5343059200987065, 0.4002841374582609, 0.4300571937425105, 0.5694317218443582, 0.5678278525796735, 0.48367339275237897, 0.5159364021838997, 0.5388606001064365, 0.5877953259431817, 0.5397081980365498, 0.4260071441703326, 0.4446576502375482], [0.6102216319286089, 0.47509853105929273, 0.40582376451376473, 0.5685630157400917, 0.4539306328358931, 0.5310470748902295, 0.4592407444906454, 0.5398559347969117, 0.5169550535299906, 0.39920283322897865, 0.4272785631397785, 0.5520245264546786, 0.5305776896317808, 0.4879096337390927, 0.5092587817050984, 0.5548833490910963, 0.5541136428697497, 0.5084691755236715, 0.4413035294383975, 0.45138261234193927], [0.6500952900328424, 0.48193056229977005, 0.44727978986758476, 0.5748871485299026, 0.48158320037904345, 0.5500873219199972, 0.44128695293118625, 0.465911476610075, 0.4260809999530563, 0.3966122641060276, 0.4187991475353365, 0.5448718035325933, 0.5904368370080326, 0.47521558435787825, 0.5453725046970583, 0.5207400754424054, 0.6120401532277255, 0.5058539524699243, 0.494174415283135, 0.4722920757036641], [0.39911648544094597, 0.4384389667924743, 0.5423474064510969, 0.5082060428035865, 0.45688676743330986, 0.5254867515328614, 0.4448792392737038, 0.49945039663892105, 0.49247326214889353, 0.4351753339466102, 0.42719599271929976, 0.4945834247004676, 0.4603562310261445, 0.5265006599887211, 0.5317549665058772, 0.5492559827028054, 0.4393121112563632, 0.4191306231576661, 0.515469337302007, 0.53567304334983], [0.3737297535181272, 0.4097276717920317, 0.5409120730602192, 0.522713579790658, 0.4219929573585793, 0.5635607873116313, 0.3835907341649708, 0.4879949254838629, 0.4955530187913265, 0.3986108849889943, 0.39409890256565694, 0.4745917417284586, 0.4696358400360988, 0.5201734248493838, 0.5780170408334185, 0.5488007307310101, 0.4323715959434582, 0.374886476662441, 0.534857664773104, 0.5836327992583666], [0.3949571634036737, 0.41366641971081924, 0.5459765648459928, 0.5055950462278743, 0.4358281336603049, 0.5701458418804399, 0.4083910785200966, 0.5124970059867902, 0.503955816800538, 0.4268529243617495, 0.4097501738790975, 0.45477884857101414, 0.47298146228855, 0.510818788058443, 0.5623536147277776, 0.5195646782392696, 0.44849321617169585, 0.420674439197554, 0.5095191032286097, 0.5781747125548751], [0.3963643289805031, 0.4107093908382185, 0.5364561373788048, 0.5464049618861918, 0.4391787817466554, 0.5498144172772331, 0.3893341590852289, 0.5240677280282692, 0.509787669315253, 0.44566374957012495, 0.39492943424090277, 0.47959412129059337, 0.4835527989474332, 0.5257389479622098, 0.5957486533557711, 0.526771626916694, 0.42267854467765537, 0.40880032542105343, 0.4924735286486929, 0.5763157734711284], [0.3779878880043624, 0.4370016260478914, 0.5539054352907312, 0.5160315460914673, 0.43550112429836296, 0.5444605101404826, 0.3812299366246314, 0.5036434498465301, 0.5110863451025262, 0.42099617782531074, 0.4045393087466333, 0.47552016878595466, 0.46505063827701043, 0.530642998221627, 0.5454963846915805, 0.5275440105353083, 0.44903213040215684, 0.4159002738831138, 0.5217462129786196, 0.5457023043822434], [0.39110715123958856, 0.4758020465132396, 0.44147243833952243, 0.5207900512681806, 0.588706859665937, 0.39865356419122067, 0.556868464100824, 0.5484545859287799, 0.5283033555859763, 0.5411027386591702, 0.600444076410418, 0.4460674638555997, 0.48651512983614587, 0.4528420816392716, 0.4125024288054189, 0.4747101171938531, 0.47554606718557624, 0.49573955513575313, 0.5527732571362667, 0.4527897899596715], [0.40443847032789726, 0.5366687974574927, 0.40351628055793903, 0.5206446254914426, 0.7644741174587296, 0.35110341878152546, 0.5830275698597142, 0.5227178995238461, 0.5074737218164246, 0.4884858609324716, 0.5728147186099292, 0.40739343251743393, 0.5143668347174765, 0.42135305348333685, 0.3781096913487133, 0.4335134284758237, 0.4893428536210392, 0.5661580231532042, 0.5433998817134832, 0.45909263483145674], [0.3594102272917033, 0.45811744013928096, 0.4111676625789569, 0.5430416252084102, 0.8733183074950984, 0.3648028286776814, 0.641264808136054, 0.4689741971175881, 0.5637728664278522, 0.45483490393071857, 0.5693801148155584, 0.409867632620065, 0.587738851692142, 0.3761103604466913, 0.39632505552832276, 0.4476312107170353, 0.4894532109940494, 0.6170202329904793, 0.5158592761967961, 0.5200757083452631], [0.3804297420867864, 0.510409786769161, 0.43087325861464437, 0.5264815952658116, 0.6745265674787422, 0.3824504670892181, 0.6048933353495993, 0.516023735911468, 0.5173098241170148, 0.5185823237048662, 0.5785153531945241, 0.41281344201361714, 0.5222320800259452, 0.40881904483509884, 0.3950164972028834, 0.434836601467752, 0.4995441468531628, 0.5575548336771011, 0.5497401866695726, 0.4577091576931568], [0.39974103839478914, 0.5509251595093231, 0.4274196353973677, 0.5222770799162627, 0.7250986091872018, 0.3874865357796458, 0.5383259129199975, 0.5039896025836158, 0.5318239327284375, 0.5108125066704151, 0.5764965027456049, 0.4102890682260587, 0.484739790273242, 0.4257023175921067, 0.392987665904758, 0.4225685724133732, 0.4474981290171764, 0.5344463338178789, 0.5809298027419744, 0.47789208577164694], [0.29601983032620643, 0.3463957685715429, 0.4086243996585665, 0.7873138592901464, 0.7046092030789195, 0.45863883371173003, 0.4850866400865121, 0.5174547310128905, 0.6175827822680785, 0.3483096855503317, 0.40647108802589005, 0.5741432397027656, 0.4783517693154429, 0.5472476171491193, 0.5046777453454152, 0.6220042559684555, 0.5129346004717855, 0.500246856810265, 0.46310125585846773, 0.4233480808655656], [0.28250724820754, 0.29863194674604515, 0.357951878831846, 0.63983915081603, 0.49441320915637577, 0.4083386730043144, 0.5613231411981244, 0.6041415069412962, 0.4034410790962385, 0.4267701358304057, 0.3451689739333642, 0.5577221160308092, 0.41605208058213683, 0.567344158625023, 0.588342342419545, 0.6518850652030094, 0.5394268570045074, 0.5747556296960474, 0.357829585760779, 0.38404164390249607], [0.382499263155164, 0.40453426700452644, 0.3995570237304496, 0.7630427592867421, 0.6335678368264689, 0.45404144219850445, 0.46407880899985265, 0.5392622714919256, 0.6737357649779336, 0.3692423621007952, 0.472169078157751, 0.5376644299584556, 0.6122137684778431, 0.6266229761252338, 0.4987927405842987, 0.6039936420378036, 0.6060216487892471, 0.49757537608285046, 0.43833860178508927, 0.41300420821708966], [0.16528558883444425, 1.0891623626389924, 0.22186009623038638, 1.6695235402702866, 0.2510878533894632, 0.5060250910059831, 0.3548355763773486, 0.4446656810673213, 0.6322309211005448, 0.6388849953194826, 0.5125707443737358, 1.0421369958465703, 0.40796243762013157, 0.5911027007175577, 0.8203715843460786, 0.5067109712340149, 0.29419605922597264, 0.677463233094345, 0.9415818641793776, 0.6697258381477535], [0.24671313259785005, 0.2751893262175422, 0.2780801329489814, 0.6843547396836479, 0.49401400072209223, 0.41407808371941857, 0.5215610255628444, 0.5871642399878183, 0.4261300154478268, 0.3804758607195023, 0.36817072515542604, 0.5813338268015242, 0.39548620939802825, 0.5778895886670107, 0.6346759526268483, 0.6162082241784549, 0.5964493751570076, 0.5798102500024878, 0.3115074263683831, 0.37144996129409735]], "G": [[0.04215666696372837, 0.06266376606871997, 0.04433989218201614, 0.05258829751802309, 0.054351975532403694, 0.06482033683549758, 0.06108715050923819, 0.05226064469468321, 0.4929819034273507, 0.07274936626833936], [0.08564262192924285, 0.12241019717520138, 0.07944842512091399, 0.09986830740861105, 0.11054811992069478, 0.11295217345857826, 0.07755327880946161, 0.08452696386970879, 0.14335903113552315, 0.0836908811720641], [0.056661569249755524, 0.08516696125588002, 0.07781983618519042, 0.08221217128199489, 0.0727680447674073, 0.1221970294346579, 0.14818363753446728, 0.08419437237677674, 0.11644573901137084, 0.15435063890249873], [0.07782784232602585, 0.12485241696927198, 0.0964231763049488, 0.1075969568794231, 0.09883959506064696, 0.05512801628938466, 0.07115416372401388, 0.046816849542586386, 0.23675454733434043, 0.0846064355693579], [0.05221602249871162, 0.07344572642275801, 0.056701629689166345, 0.06340295206721742, 0.06128164868838614, 0.08174001243833517, 0.08434377912946252, 0.07352687587697262, 0.34939050495733376, 0.10395084823165654], [0.0845089860258649, 0.10415079239308749, 0.07798990510561714, 0.0864136463744343, 0.09306269073279211, 0.10072162930745299, 0.09181322812784944, 0.08739471007775593, 0.15808440077365368, 0.11586001108149248], [0.05872829143134323, 0.06656977983866916, 0.04786963300562918, 0.055795220502297085, 0.05751512835896863, 0.0573217234949471, 0.0679885707380297, 0.056077311350567, 0.456123113223866, 0.07601122805568311], [0.0643917396733116, 0.099560828377821, 0.08287036471717212, 0.0829612301379244, 0.09017480010202637, 0.13406622801818455, 0.08443213816393172, 0.10169116706067549, 0.15369116958207343, 0.10616033416687923], [0.047940318556250285, 0.06016397993965811, 0.04555788343058621, 0.05286614942014019, 0.0555606446845105, 0.09088980276219229, 0.08361650122718609, 0.07148337360536734, 0.3961883022844798, 0.09573304408962904], [0.05917308448172025, 0.08241642382580708, 0.09543676651837564, 0.0724676525691119, 0.0766883222355838, 0.08004711819374083, 0.1357553867910552, 0.051965534654121376, 0.17201336056388256, 0.1740363501666009], [0.04249104238349447, 0.07404649995123949, 0.054140243192114405, 0.06014614456697407, 0.0809110275636021, 0.23000204105475866, 0.09000819603305836, 0.1290731701305743, 0.13723870744467423, 0.10194292767950937], [0.09760567697355994, 0.13758395354904443, 0.1092066203753854, 0.12391217078669235, 0.1409361438915514, 0.07394979657321028, 0.08150709912983303, 0.05527727567945678, 0.09226927769556034, 0.08775198534570648], [0.08346205356524793, 0.11227690386935274, 0.08044724963939372, 0.10013290070758746, 0.09523101477091825, 0.060672208282672335, 0.12047304110632877, 0.04171038202216073, 0.1687910240202441, 0.13680322201609396], [0.07442682801703307, 0.0959780568172129, 0.05542606639356557, 0.0700465405661017, 0.08434212940244529, 0.13608792143123152, 0.08860612172537129, 0.14347107896753927, 0.13481481680719987, 0.11680043987229956], [0.06977822165951095, 0.10475279475387148, 0.0839001040512859, 0.08461552134500681, 0.08662093875916826, 0.07681664230966836, 0.07133393570597879, 0.06545864789449042, 0.27062972977701305, 0.08609346374400641], [0.0862936172791623, 0.10551136791690013, 0.06817861842006244, 0.0818266824153731, 0.08724161799974278, 0.0738460830281509, 0.06181717949690629, 0.0738830985742987, 0.279859314917312, 0.08154241995209123], [0.06426438381303569, 0.09591811371756831, 0.10011049293245083, 0.08631127828799892, 0.08461548156374707, 0.10520340213299048, 0.08531359784075723, 0.08538432408741076, 0.20190784543323653, 0.090971080190804], [0.06314803816288803, 0.1104070140108823, 0.11626196094003223, 0.09564527700221552, 0.09866237144653672, 0.10614764090248835, 0.10746980547119203, 0.08493777900508657, 0.08536256997380476, 0.1319575430848732], [0.04644935021518954, 0.0714991995630748, 0.06813927843295034, 0.06331822217431576, 0.060167361598841416, 0.06781729975679304, 0.08381180511295348, 0.0657711035615188, 0.37580266113551913, 0.09722371844884348], [0.07798627775513518, 0.09481111163987356, 0.07463015679803435, 0.07820512124149287, 0.07442471322215988, 0.07660708658187076, 0.14622777861840444, 0.06887863271312046, 0.14329479908926282, 0.16493432234064614], [0.06568075517079393, 0.10814891307090775, 0.16963469871595457, 0.10360664526274403, 0.08799699362579345, 0.05755488768551605, 0.06094261401314764, 0.05402798263149539, 0.21949053027171564, 0.07291597955193177], [0.07036929795277673, 0.12176085576573391, 0.10383107524457104, 0.10261293377896541, 0.09125130209561516, 0.05849024348454012, 0.08806909615658666, 0.0426158419518846, 0.21024386916720708, 0.11075548440211926], [0.058465307137354816, 0.08691649950689131, 0.08039180009529175, 0.07660191737095058, 0.08449819828528125, 0.07679933708135513, 0.08497843772199959, 0.0608660000621028, 0.28580342625064686, 0.1046790764881263], [0.054034090195476024, 0.07761785678885796, 0.06327206339035531, 0.06879441489427818, 0.05535292240694232, 0.08353012631391628, 0.1529292061318028, 0.06298321704786478, 0.19864532352028313, 0.1828407793102227], [0.05139370315205251, 0.06309361449091752, 0.045883285530604036, 0.05293222263742948, 0.06532228436102804, 0.20664577305081566, 0.08829390849037577, 0.1703646784331892, 0.14172504688660625, 0.11434548296698097], [0.05396915922045346, 0.08341268899396545, 0.08434883540133951, 0.07644473455457929, 0.0755240057641654, 0.08095682014498416, 0.0658098549586795, 0.08701062218946806, 0.3084713863858574, 0.08405189238650758], [0.051344604109771506, 0.0663216524163079, 0.059740108494684335, 0.06351850088485105, 0.05363368805532087, 0.07575020562024885, 0.13663542553376615, 0.05482988187685222, 0.279822507235047, 0.15840342577315009], [0.054260351265398514, 0.10297424029735897, 0.13372602002445827, 0.08753217062562123, 0.08641290208876795, 0.08225012661129502, 0.07459996151687481, 0.06939200911422037, 0.2184158530035896, 0.0904363654524153], [0.05467081012836991, 0.06787407882288611, 0.06285287038777859, 0.05768337278822803, 0.05630901273802071, 0.22716934891653934, 0.10408561878101152, 0.13824778056936277, 0.11966380428331937, 0.11144330258448334], [0.07672439478497119, 0.11864075876217565, 0.09097727501103402, 0.08987497433614282, 0.09468466431854713, 0.06695721511732429, 0.05624674503389491, 0.06934785382224752, 0.2662624401967865, 0.07028367861687551], [0.05606364844040717, 0.09104989338312623, 0.08696699057917914, 0.0792976361855203, 0.08255914601478966, 0.11806322252233471, 0.07836817111968268, 0.0944787327566748, 0.21280269663945478, 0.10034986235883037], [0.05624957201628938, 0.07709561717290915, 0.052024044786845164, 0.06009379354472481, 0.0799667887831038, 0.17294859297902782, 0.06101109866547752, 0.10341886867977644, 0.2601697812186767, 0.07702184215316911], [0.043300130169952405, 0.06405946879105867, 0.05696918891814977, 0.05763421589808679, 0.05495976908114649, 0.08000291876947459, 0.1137691927012933, 0.058789344276982444, 0.3411298052232275, 0.1293859661706279], [0.0697081757199148, 0.1231681248562005, 0.10723820739973773, 0.10121473574169225, 0.08185691890389798, 0.09147478601097211, 0.09018193547520133, 0.08089548563231248, 0.14691324619255802, 0.10734838406751276], [0.06411414327088115, 0.09949934313009721, 0.1314368339164205, 0.09292390496521404, 0.08684401707804819, 0.07852405514210548, 0.10000807669712232, 0.08335988925996829, 0.15954023121813846, 0.10374950532200472], [0.07724217096031921, 0.11141042896555138, 0.0685765815383993, 0.08567152839194409, 0.10610717361559499, 0.12855960167474317, 0.07039490256151675, 0.08099628081170629, 0.18590546840177632, 0.08513586307844825], [0.06459538564533256, 0.08038488340791418, 0.05611966635008307, 0.06703776111971013, 0.07038368410642674, 0.08983075298425021, 0.14323029182293567, 0.0669560695330316, 0.173147641636669, 0.18831386339364659], [0.059215800920169086, 0.08933238598816945, 0.07005139673608447, 0.07705439697072454, 0.06802797763681431, 0.11500352452896374, 0.09226649323946108, 0.15198680378901278, 0.14730185201877694, 0.12975936817182393], [0.05747116587083654, 0.0803844851798004, 0.05930300977418551, 0.06653891884882845, 0.07410786515080929, 0.09556528347604878, 0.05702141113871984, 0.06948950803508835, 0.3693854683296685, 0.07073288419601416], [0.05718901560318324, 0.07881794696693048, 0.07147464763986629, 0.07786650141308014, 0.0733426291095867, 0.0627359746443456, 0.09082580911586861, 0.046045792072429634, 0.3448506803060589, 0.09685100312865033], [0.04918007144122774, 0.07149235787193951, 0.056767052014984526, 0.059468876966171494, 0.049467453274219, 0.11432358937480623, 0.18062246651884167, 0.1422915182697209, 0.10280791572124971, 0.17357869854683988], [0.062220400228652266, 0.09970190672715985, 0.08609717650831702, 0.08475373953478389, 0.08936783185269104, 0.14801775123362168, 0.09207323191802888, 0.09648669638130566, 0.13764944900296017, 0.10363181661247978], [0.08015877781466603, 0.11469880694417568, 0.10591499618414006, 0.10265196386648708, 0.09953481410117443, 0.09051771757204992, 0.11092102828714864, 0.08080169539536249, 0.09304980741940787, 0.12175039241538813], [0.058386186724575594, 0.08416715756317056, 0.1046028446243408, 0.0818848998692906, 0.07706762308543014, 0.07606256774640394, 0.09466792813433458, 0.07995057756640903, 0.24230665231898904, 0.1009035623670557], [0.10864082600181521, 0.1664867570213866, 0.1147086316592212, 0.13656635444235565, 0.13352808173424277, 0.057026085941916556, 0.05694197715239864, 0.05273626738621755, 0.10105420919808838, 0.07231080946235702], [0.05061886451756064, 0.0772331398272876, 0.06613869865146914, 0.06528441722631637, 0.07205588509447158, 0.17683723788111835, 0.09882930961366458, 0.11370684330799603, 0.16535348077856002, 0.11394212310155587], [0.06323450012065794, 0.07338010314402486, 0.0584269186667608, 0.06695470497052144, 0.06992388453124349, 0.10798162163402124, 0.13929348344978162, 0.08618556871567731, 0.19268185503669333, 0.1419373597306174], [0.06564832059875393, 0.11121031631575531, 0.0859079744491821, 0.08717971662962591, 0.0999446891305441, 0.14963809248839458, 0.08592335526336337, 0.0963641532514932, 0.11328886279197266, 0.10489451908091493], [0.05779757594194794, 0.09991905194688691, 0.08938701777221356, 0.09031408855636909, 0.07446712912126251, 0.08630888153291982, 0.1011164207704409, 0.06799959822044589, 0.2201711810296734, 0.11251905510784044], [0.08426585404566743, 0.1088152374287619, 0.07356506466906501, 0.10212532689040328, 0.09916581648148824, 0.061997056791284304, 0.08691344798082494, 0.048593999689115694, 0.24496128864219965, 0.08959690738118954], [0.04831645616789221, 0.06345448966904062, 0.0477137012459061, 0.053947511723861315, 0.05129757314737027, 0.1211136384474951, 0.2227776049143613, 0.08624095881479948, 0.08045692505776633, 0.22468114081150714], [0.0909150032632384, 0.14661342661215515, 0.12379437986995338, 0.13536254345875387, 0.11536099332486995, 0.05312080421083464, 0.05350299000434182, 0.05174382790862654, 0.16061735157290047, 0.0689686797743254], [0.04928014693130125, 0.06176861915791129, 0.067958269041062, 0.059015514888856827, 0.052947188122039454, 0.08125416323875793, 0.18558413212503225, 0.05211123921919293, 0.16656748450546838, 0.22351324277037762], [0.0747289652259384, 0.09890451812106274, 0.08902840743173883, 0.08813743875351536, 0.08419420116568889, 0.07028040349082636, 0.09092900181294061, 0.0537767849979357, 0.2543881349853492, 0.09563214401500436], [0.0513952944028608, 0.060026963695168564, 0.05881543471705264, 0.05687010711612313, 0.05505649258438841, 0.05698602047208236, 0.06502782378016327, 0.060752395735174665, 0.4515450381271822, 0.08352442936980391], [0.06830897461185406, 0.09996655099865459, 0.0833485134228357, 0.09007718486003358, 0.08101533280238593, 0.08210211185428039, 0.07623447396359659, 0.06442607882014463, 0.2673751538946518, 0.08714562477156235], [0.0730575892443778, 0.10190587316489963, 0.07673055236948369, 0.08143625814934874, 0.08663154097900179, 0.0834711313604003, 0.08709150607687682, 0.07077291326221401, 0.2352728234514082, 0.10362981194198914], [0.05853220470805506, 0.09766675131763303, 0.06237051980923563, 0.0792838954561522, 0.12133690725531063, 0.19623444234575227, 0.08093501671346705, 0.11614158650169988, 0.08491259450115486, 0.10258608139153934], [0.05896293933312965, 0.08726723650946376, 0.08661186077411885, 0.08487362711831699, 0.0676086893747386, 0.1081288492761104, 0.12230039651906625, 0.07253962069329642, 0.1645393761813203, 0.14716740422043886], [0.05323413052643565, 0.06503071494693949, 0.06319152550355599, 0.054977592919482655, 0.05362670953625733, 0.11852568642804219, 0.1620585156835736, 0.10195442637207335, 0.16461210049785555, 0.1627885975857839], [0.04171043863124223, 0.05262401051649274, 0.04030588149389045, 0.04740943254889389, 0.04642554623541169, 0.07636199945949863, 0.09581191282842845, 0.06516806940554962, 0.42908915325015784, 0.10509355563043436], [0.061396038844322626, 0.08623369672243181, 0.07911937888557613, 0.07168557975902853, 0.06816146728669073, 0.07645834326151223, 0.05453579001354554, 0.07142950932056459, 0.35679010470393313, 0.07419009120239488], [0.05053941309094009, 0.06525077503382738, 0.06487982749304251, 0.057129522334021896, 0.05682058936315247, 0.09195657612497549, 0.1414329041887524, 0.07358385718133394, 0.2457634614504614, 0.15264307373949185], [0.07911192030185334, 0.10875121095599999, 0.1010785013902355, 0.0925854270546487, 0.10974687041398215, 0.11825865146421642, 0.07159516487064267, 0.1025066562760763, 0.12257821112120687, 0.09378738615113823], [0.07414723974234282, 0.07966133512763275, 0.07852387576547802, 0.06924536544763456, 0.09944373278251539, 0.13452374711973733, 0.0663470000247614, 0.0947350330979985, 0.21751855399307748, 0.08585411689882186], [0.0920038883646566, 0.11990668110139081, 0.10270980264897427, 0.11262159960385157, 0.10261659945436913, 0.07801496153638432, 0.10949745571809684, 0.07110583965671147, 0.07958685710261802, 0.13193631481294715], [0.13121047040589273, 0.08284355018415498, 0.09728890838339764, 0.11137381320982565, 0.2024456069403, 0.07027422984672581, 0.0776853264460171, 0.06055445275370842, 0.07588474503401818, 0.09043889679595965], [0.06475540142765966, 0.10809566201133418, 0.10351376550183665, 0.09594147104865174, 0.08985174827087641, 0.11270046701051337, 0.09741023529623712, 0.08257967345081842, 0.13363165422156822, 0.11151992176050428], [0.07586748971124864, 0.13333969832028508, 0.0966699977886106, 0.09622913433834065, 0.08313763187411839, 0.09085789302189762, 0.053817240973956494, 0.0759801135328229, 0.22671634256857515, 0.06738445787014434], [0.05780477530253205, 0.08363863331862548, 0.08390597345800811, 0.07735829017110668, 0.07756915986659918, 0.09837089377129511, 0.15959199032832447, 0.057202852549074513, 0.12771192641568427, 0.17684550481874997], [0.06113035856104272, 0.1001693070301506, 0.07867422686277448, 0.08326821121192979, 0.07134989810939533, 0.0931952112506118, 0.09363807506406174, 0.08411971552767211, 0.2380420552924517, 0.09641294108990937], [0.052765779921631256, 0.08368741803056594, 0.059783192491908194, 0.06683461374953828, 0.08173294187305201, 0.1454479911268563, 0.07711642827618648, 0.0947604301006175, 0.2542302357323468, 0.08364096869729731], [0.05826150586900865, 0.08610530128527581, 0.05464985721198316, 0.07331457852860226, 0.07889721453162143, 0.10475718932781056, 0.0676386955008779, 0.09629350262274369, 0.2926374736840765, 0.08744468143800005], [0.0675748708966845, 0.11271312106734427, 0.09838465357204801, 0.10316350030702519, 0.0983083713294341, 0.07460347323032769, 0.10815435366019176, 0.06044776884757474, 0.14562151254871294, 0.1310283745406565], [0.07430463412058726, 0.10212592846640732, 0.06393731285126614, 0.08715550831887937, 0.08960830519531672, 0.07805264068914737, 0.12042578160627802, 0.04782407020254562, 0.20195102798019857, 0.13461479056937342], [0.07611946809510008, 0.12794544264562147, 0.10612302205196888, 0.10536525343054182, 0.11989031204575382, 0.12248150753255338, 0.0699510475684775, 0.09184964950402728, 0.1028715073130743, 0.0774027898128817], [0.06600434393244081, 0.10808150801849956, 0.10567071719640617, 0.09311327921155052, 0.08517484401165243, 0.0635758926271505, 0.0761879788639429, 0.05183038385551773, 0.26847885335757604, 0.08188219892526362], [0.03608238955393425, 0.057125299718770714, 0.04402109732729371, 0.049531105870268766, 0.054190912191367915, 0.06345989904970613, 0.03975118293210141, 0.04939347657297463, 0.5624999938058752, 0.04394464297770665], [0.045427121195838825, 0.06400798118856993, 0.05075168994984246, 0.0561818381330877, 0.06167170382424827, 0.11125438508390137, 0.06424714511245862, 0.13502561358335824, 0.3215120744750683, 0.08992044745362641], [0.07717152785886307, 0.10838027689870208, 0.09171745560593081, 0.09197421292812946, 0.10373541743928352, 0.07948328727313653, 0.0780052893185249, 0.07232865036448333, 0.19902657176214694, 0.09817731055080015], [0.04390013238339206, 0.05907927906493598, 0.061676544795007754, 0.059119709732948424, 0.05312203369965295, 0.049348930708538505, 0.08322022278675198, 0.04496116464107498, 0.4459317184418142, 0.09964026374588326], [0.06701671204933299, 0.07126876600142619, 0.07765010033388045, 0.07767018558566177, 0.0881880231867917, 0.12492571712394702, 0.10697750885187121, 0.0989621251148071, 0.17366583332928262, 0.11367502842299898], [0.06719342703504641, 0.10000613556937671, 0.08438469932253717, 0.08907849229876375, 0.09728677489053679, 0.08686261471745317, 0.06688156581922836, 0.116826539195858, 0.2017048965185734, 0.08977485463262598], [0.05757061757374738, 0.07523115869351686, 0.09201251440498151, 0.07563266460579089, 0.06973865438997306, 0.09915541803204192, 0.09659940266983072, 0.07508229953608442, 0.2451755028620567, 0.11380176723197638], [0.04691621986660131, 0.06408209874049318, 0.059418764218355555, 0.05915065239209796, 0.0547655766380823, 0.13046087313352528, 0.11660085129997275, 0.1646976981087093, 0.13811942547919592, 0.16578784012296707], [0.07026999811536079, 0.10043008890493882, 0.062037450307417745, 0.07934138978915178, 0.09641374666489502, 0.09755938537149875, 0.11326309106819162, 0.058996027478521194, 0.19038711286491544, 0.13130170943510905], [0.07161749350960675, 0.0821085853279016, 0.04602411006904188, 0.06978145853226399, 0.07059308012400925, 0.08876402931652293, 0.12120974820476138, 0.06538851647485511, 0.2510436671840119, 0.13346931125702555], [0.053138019523795314, 0.0741869340018998, 0.06581498528614722, 0.062470703243485956, 0.06810985622246771, 0.06574667118667361, 0.06826212208286422, 0.053763549277925655, 0.4003510045989882, 0.08815615457575267], [0.0604833395724112, 0.1069291958489698, 0.11015665903973546, 0.09346486506822518, 0.09171623672272172, 0.07297924100981472, 0.13600084907112608, 0.042304638629541466, 0.12738300060377603, 0.15858197443367858], [0.044562928621374204, 0.06305760151674558, 0.04983922674664777, 0.05183341693246029, 0.05886705775390712, 0.11923833263218922, 0.06365593165114604, 0.08169413267983247, 0.39301727384534685, 0.07423409762035062], [0.051809363086866206, 0.06818799173056007, 0.05937258549401154, 0.058414524571666716, 0.06255088477023894, 0.1289261070914588, 0.09328148081161107, 0.16389893914588857, 0.19611187985718406, 0.1174462434405139], [0.050294555049504266, 0.06461348459092148, 0.07845475783514755, 0.06400684622241266, 0.058904675115034, 0.11369215974888834, 0.11943344815321268, 0.1620136136354411, 0.14723046147685245, 0.14135599817258532], [0.06105457292224061, 0.08393834200802586, 0.07858306147665543, 0.07491624965829012, 0.07808169295236299, 0.11878120280001393, 0.12409711195564505, 0.10967597610622294, 0.14291567271971897, 0.1279561174008238], [0.05856773603347066, 0.11434411291495573, 0.153717649997137, 0.10164490606582101, 0.08681648990893545, 0.08092694385801814, 0.08226691817860306, 0.0793298711055443, 0.13794059779946266, 0.1044447741380525], [0.060075086927547754, 0.08393325776534273, 0.06325267087360684, 0.06879674752083897, 0.07017112441244973, 0.06469390591544337, 0.06831711902947413, 0.05458938343692175, 0.38520195329044904, 0.08096875082792547], [0.06284284654856179, 0.07902519117919815, 0.05679219680203019, 0.07551802236620861, 0.06870071699700861, 0.08386900180783097, 0.09985293570736807, 0.05900837623673339, 0.3005021150796316, 0.11388859727542859], [0.049317233590595456, 0.06314377952112293, 0.05550216481103447, 0.053666858035283004, 0.0517628126861629, 0.1604980252252454, 0.09335928997380055, 0.1292554918595939, 0.23279520598776973, 0.11069913830939158], [0.04988899974519061, 0.08499194681228443, 0.07826201331642359, 0.07108357114008237, 0.07789578964067709, 0.11701443244104734, 0.0902804188334795, 0.07804039980545856, 0.2511698863548383, 0.1013725419105186], [0.044323967442235886, 0.06683336292001948, 0.05784423958709469, 0.05958428750335611, 0.05419608652167322, 0.05720379271658234, 0.06698291078850983, 0.04799855261094139, 0.47120238570591744, 0.07383041420366906], [0.055987133601829595, 0.07743419130104426, 0.07766917196809864, 0.06650139025555857, 0.07042591786512084, 0.15267923393696348, 0.08815855340190136, 0.12506400930317957, 0.18764926587631575, 0.09843113248998782], [0.06157151992440738, 0.08495387253254784, 0.0740006056883977, 0.07797308626378942, 0.07770709393991686, 0.11556803002758348, 0.0641307395497165, 0.07929176731183549, 0.2856448184240931, 0.0791584663377121], [0.06576687263081389, 0.08653544912343035, 0.06262550057550181, 0.07860400129276428, 0.07739800616473798, 0.11299921963230823, 0.0873908983161026, 0.11733514024287585, 0.20259395323560528, 0.10875095878585984], [0.07567460489270723, 0.13144497001563116, 0.10361322877708291, 0.10883740222461336, 0.08494267354331458, 0.07557192153788611, 0.07563314503439378, 0.06441388461972272, 0.19325445885839737, 0.08661371049625055], [0.11133530415938313, 0.16303504502819904, 0.10196991444272853, 0.13568442874988207, 0.14944603792051153, 0.07147609486438113, 0.058098187111730946, 0.048640800547907134, 0.09264409985252144, 0.06767008732275538], [0.06842956353056916, 0.0902815442625783, 0.07878997623034266, 0.08223513492768982, 0.0900745971583132, 0.11976938736627116, 0.09774459866490944, 0.09636169584934491, 0.16656312425469091, 0.10975037775529026], [0.04157752160582619, 0.06355899584343337, 0.05487556547099387, 0.059054519137261494, 0.053294080534037364, 0.09223210315923518, 0.1954321419779508, 0.042059478125828886, 0.1539105098349334, 0.24400508431049903], [0.06204837202408657, 0.09022788643639072, 0.06684488693964666, 0.08060195438757117, 0.08333880758320253, 0.1298411270673538, 0.11586988876381867, 0.08888648439453593, 0.15431557497458798, 0.12802501742880587], [0.0728824075571597, 0.11082597146544854, 0.11138840564508184, 0.09876097768359672, 0.09713636573059163, 0.06654586069882075, 0.07545738173873442, 0.06006249085580037, 0.226906093012069, 0.08003404561269695], [0.09242175848673735, 0.10176986531021291, 0.12949689240365822, 0.10913602852153148, 0.09110531796141091, 0.05634373576989298, 0.10430736746584192, 0.05384180185172277, 0.1410486175334665, 0.12052861469552535], [0.07035823097550306, 0.09847780116489419, 0.06410997095233632, 0.08077262071701512, 0.07877792455153469, 0.11431585188267702, 0.09639382492264217, 0.09084427279893624, 0.20273026634375738, 0.10321923569070413], [0.07712685365969595, 0.12298608556803284, 0.08242819587121936, 0.10868387333119364, 0.1188903176813793, 0.11082146168411255, 0.07589403351140327, 0.08630868661286008, 0.11332131310259769, 0.10353917897750574], [0.055297038715945