{"estimation": {"a": 2.0775942363566564, "rho": [0.2924029614893875, 0.10610044152503995, 0.29506668555158017, 0.30642991143399223], "Mu": [[-0.33271532842446505, 10.604874073933917, 1.0226939067961764, -0.6135725830167562, -2.4452702373620596, 1.1546864770487169, -4.852005027935266, -1.8811022151345427, 0.16245422886284572, 2.518097118452837, -3.9990595545575554, -2.408410448391297, -4.3091620316185235, 2.0549698944387194, -2.240962425637422, 6.094234167123097, -1.1550343212839358, 6.373965547039086, -1.226302035325116, 2.0435030615078733, 1.7168839676098515, -2.742100360573229, -0.8011434115728636, 5.482600437211855, -5.379536379906871, 2.6752781956276346, -1.0110524766975977, 6.351197727116682, -0.43125477915269816, -1.1993114795041713, 5.853967465391873, 6.742313310706349, 1.877205548609528, 3.002946745753542, 3.4316447211469603, 1.5866607646391149, 4.382900168464974, -3.305275015064943, -6.639426187173485, 1.4327626844332602, -1.3960944749205988, -2.4873676797918245, -0.3463492267000458, -3.5934220231044214, -6.64745932871423, -6.496506419602697, -4.034255461197615, -4.795841308132448, 8.515118395731895, -1.7124748035405786], [-0.4448274999089803, 0.8126630811115406, 0.5436177836213288, -0.41661335400014365, -0.9556395378335283, -0.2832363710654934, -0.28532334651915753, -0.2081739526329755, -0.4419482679687089, 0.8485358750885634, 0.3876792596474835, -0.46849591403049645, -0.6764495055144061, 1.0001655684784527, 0.2411523759510102, 0.8339063389761595, -0.24819263861249685, 0.5890968670046772, 0.3567405479959734, 0.02958811772441692, 0.37939202898319574, -0.8146625045926273, -0.2938552265503153, 0.266876224780762, -0.8420431781597734, -0.3378757648502005, -0.39237199163980896, 1.1823207358896468, 0.22695250340177514, 0.5470013002343024, 0.8271368057294607, 0.590086426661802, 0.7723503906394218, 1.50429010204145, 0.5753145869919412, 0.6065975296754392, 0.17608782215614557, -0.4108083405907857, -0.1339736380374069, 0.5250067943153595, -0.5529375598778404, -1.311527812237403, -0.6412495271323347, 0.4662735938452457, 0.06339964716217533, -0.874429034300852, -0.3153902821627946, 0.021687694844309022, 0.017839175493333928, -0.2563461363503813], [3.0958077571683713, -3.076617017478991, 8.407667020354815, -0.4215821407175251, -4.71017923865415, -2.7220252561528704, 0.46160400839384874, -2.8895661645601454, -1.1958807603217116, -1.7035024341202414, 0.4861718146997061, 1.1606847015112343, -5.095133263255156, 2.165921338675942, 1.5200573010332448, 1.1379731148179613, -1.8909018235153752, 0.901816931394885, -0.362319943852691, 4.8485310345806845, 10.378826039006409, 2.3859820450831233, 0.6406699674909779, -11.843119936440118, 7.25122216967555, -9.470668922770276, 1.9141030131188514, 4.932875083262595, -3.5453533225924008, -1.3956521543992317, 3.463921941090393, 3.508222119112034, 1.9572226758747961, 3.068213671540586, -1.7058948621864864, 7.759676373213825, -2.0627090747166257, 0.5427851026254453, -2.0699303009274566, 1.9553834932664447, 6.366474444619446, -3.8836046403850997, -1.2462541915772876, -8.046393500071831, 0.3207831592061892, -2.3021422806451755, 0.49077706180915914, 0.23013186629849267, 2.145896872480943, 2.820719950325273], [-3.1865524077235303, 0.48870962273544083, -0.5762191644963497, -0.17342591784600028, 1.0198950944037652, 4.6714886603927965, -0.9359576632028717, -6.114706470611367, 1.3031948612434539, 0.4219978573664958, -4.697552744575298, 3.994643839303702, -3.0076494690502686, 3.8605778657229326, -2.0346702519361703, 0.7672981089893031, -0.612620828672638, 2.5209172800964597, 4.963484730812725, -2.1725987580778554, 2.999723260606907, 2.0801748959391206, -3.2048498518178703, -1.8582817166930217, 0.20911006526751258, -0.782052949768303, -2.7445109777895844, 1.3681152384116604, 3.2757423924214244, 0.1992000046012313, -4.0830657368290355, -0.9582944819488503, 1.552915997416318, 2.370103796484174, -0.1680486026605087, -2.9055298297865964, 1.1768842849413292, -4.877108151980956, 5.942214372809784, -3.514730617619387, -0.03127491871096982, 5.96287224119634, -0.7261908564029318, -0.7625583987701325, 3.8290165972128465, -1.341422727930117, 0.6148145075467571, 1.99578244953475, 1.2188658355153412, 0.33923043557373184], [0.5059375039106412, 1.396499106507068, 2.811394633832332, 2.3349382749086813, 4.0249076821432865, -1.3483886612794864, -3.914703115724904, 1.3547273463449958, 2.2802349360377834, -6.04890372677708, -0.36686219764484157, -1.1600407962726869, 0.14164711604599003, 0.7309198670117352, 2.1107344410579088, -2.527399887106018, -2.0525112038447686, 7.207901683546714, -1.2541981697598816, 2.2176288964900044, -4.002439281406167, -1.3301725966426423, 1.7005448187297099, -3.53132060404042, -1.4889318374963418, -0.02016655286678711, 1.2434040678321532, 0.04582078965183288, -1.7777649750746174, -1.8358641480751514, 0.8151398512854022, -1.476400009577602, 0.45826203695027823, -6.622652243063381, 3.2871892916529935, 0.24186394509543027, 1.1909874901186392, -3.259099816284709, -1.3077938852775106, 2.7374643298705648, 2.161701727567067, -5.2674176432257935, 5.647911514395305, 3.2306452768621674, -2.939137846800518, 1.3507006852597874, 0.24536006038333905, -1.968961492266455, 0.45578794240509324, 3.0544933933051372], [0.6027445578790089, 0.5907500406215548, 3.1998679816071123, 2.08653172365799, 3.4313958320043683, 2.1862249349729317, -4.054925148622436, 1.897098649698389, 1.5282669013199421, -6.791961499513861, -1.1348938493075933, -1.462956729213682, -0.4774599794312932, 0.8332212371190637, 3.0523384899829353, -1.8677930397267946, -2.1935103467954, 8.080501473450523, -1.2487453100034145, 2.9586344669696287, -4.241348308758351, -1.573362872107954, 1.667890441852943, -3.1110788270862346, -1.7577371276255838, -0.25828804550209145, 0.8103916383890694, -0.5393013772268505, -2.1348273819964683, -1.865706879336486, 1.0971398716754552, -1.7226345048881804, 1.1490407564440777, -7.29084552704949, 2.9384552737533407, 0.5616421149678844, 0.8657398363459325, -3.7005388471268237, -1.8964935568762271, 2.65521668112039, 2.2935082568768843, -6.852515596528182, 6.485932016693509, 3.5205179893663323, -2.908212043537975, 1.3835771205268932, 0.5926111214346551, -2.3415458188969756, 0.699116834790906, 3.398296935026841], [2.760832753429811, 3.3645195820942204, 0.6530230681469246, 3.34861747657415, 3.661886846568331, 0.48272077589300977, -3.439504397518106, 0.5835170730031737, 0.4971714296661767, -1.005774104705816, -1.2556489777525917, -5.4993703534342355, 2.3659154575648103, 0.7635304483723769, 1.1990762611753756, 3.2328294546274527, 0.3186004464545739, -1.2193384074541684, 4.990584209749724, -0.06725273213255631, -2.0855838300121556, 6.086377708250285, 0.5439825817346927, 6.998077575833155, -0.05755620184702263, 0.31955356790154044, -2.2478261515285594, -0.8852562217101289, 1.98621176873083, 2.6837341705533264, 0.9532518552562649, -1.0517054046546284, -1.1717760286978953, 2.1468182453616627, -4.128310540272275, 2.630267372303677, -0.7803664747935788, -1.3704965963135913, 3.052517787459631, -0.5857890752722391, 2.208350155896374, -0.7913900958116579, -4.404887094549269, 4.8335939600064295, -0.9248042137422674, 1.352369980174428, 2.672034946750639, -7.443090947992444, -1.404092022410622, -4.613329452750981], [2.3183823919563697, 3.2067595601433223, 0.9327742512935712, 3.582091329168363, 4.842998837852818, 0.7109774711997849, -3.866756871754314, 0.23878578928999672, 0.4686717305727626, -1.02234876220832, -0.9807382181284585, -5.7000371520945015, 2.2754303223766104, 0.688458010693752, 1.2953905338284806, 3.7866824621720383, 0.32094992585804705, -1.378277479040455, 4.686157087618355, 0.13506888212525284, -2.076502953185863, 7.181116768386017, 0.6683336638367585, 7.049287130032983, 0.4247810520694077, -0.13053725174047642, -1.1330155542665135, -1.1017671322654687, 2.4302290396308672, 3.039978691516963, 1.197766237263528, -1.6965464850777674, -1.3967078653057814, 1.350848863477488, -4.46345104228112, 2.6263851580368915, -0.8019964284500288, -1.4021504995299587, 2.9246161476986745, -0.46610108211547274, 2.233728728143724, -0.6824404702887709, -4.340341196328767, 4.646629699623331, -0.683113571805123, 1.54909016935097, 1.9150623442595287, -7.1116134966569655, -1.7291116354136231, -4.675598333300348], [3.4088391947109153, -2.2591822613541526, -3.2578879583488516, 1.6376140464973543, -1.9674398235337767, 1.1547574309121895, -0.9099762654288281, 11.530925929973625, 3.0616527449230193, 1.4169028844693325, -1.8302601808620036, 1.6537253074994787, -2.0849884143548736, 5.554387731224165, 3.6402740248991385, 3.6461504170493226, 5.6315928865346905, -0.9612792320996297, 1.5022537954789492, -0.07427954543821601, 9.354320502079066, -0.7154941449805239, 6.902604840529596, -1.4449652753632276, -0.1850051207973463, 1.3859958153238694, -7.978832207462253, 2.6094501187682257, -2.3130005818551806, 6.713141664947261, 5.701526019543227, 2.5967091978605357, 0.07459575408381437, 3.568323502298748, -6.18673669369495, -5.4489102832658585, -9.868481991045156, 1.7837904472050428, -2.1778101187036745, 3.1786561344703186, 2.486181272229926, -1.197649373665756, -0.253739005826359, -0.32197574470902884, 1.3683750352761006, 1.2392909106966021, -6.92452247465306, 3.0319263542691988, -0.7108634321046804, -3.5193406911674354], [1.4089034763649, -5.0595513647327115, -5.553911352517424, -2.234366376751712, 0.6110499999857911, -2.604262515687933, -1.5762561399408554, -5.962417541834672, 3.211684935774094, 0.35569158941722995, 2.78411109074957, 2.17741929432287, -0.6868730813441568, 0.10844337964777769, 1.8986225803605576, 2.9902180427096003, 0.766538969936359, -0.5232633680950366, -0.6454431146194707, 0.07960914838701247, -1.324644784202052, 3.5888749949564587, 0.7783883621247906, -4.533678358923953, -0.9561880582518769, -1.6802086422186415, 0.20528701791348253, 0.36473187386372324, 1.272938543745583, 0.7812372029293572, 0.30694302695145803, -0.7954955840155578, -5.167744726439305, 0.20596838443209745, 0.24444054593269016, -3.7053023655830577, 0.2842432576254399, -2.744133201008103, -1.1965028792746382, 1.2530667053937525, 0.9929698753223791, 1.3937515293548943, -3.0872388978398897, 2.6953771621563822, 0.6169288359874862, 2.474043214420669, 0.24501649370407588, -2.1774387221997644, -2.098898328657679, -0.14689952774290743], [-1.7848429227729998, -3.3445567728905643, 1.6303539245286145, -6.207783023670896, 2.9726892113946293, 1.6974218293699719, 4.361092789289425, -11.372432737757572, -2.3248357437492997, -9.474746021307684, -2.809227074656967, 3.619022134112351, 2.1619814398254396, -0.8691906124922661, -4.273093831886999, -0.933424099676162, -2.4465029791929234, -2.9383434792096748, 4.251788782917095, -2.1400487168780424, -0.25253404446013766, -3.825646657605448, 3.7666939533293218, -0.7697843765561478, -1.6826370474562908, -1.0181837450842426, 0.40906899026336246, 7.391407549521973, -6.510770912010061, 8.125612222962687, 4.169862129472637, 0.9211970967879306, 2.519338875944703, -7.335528931805785, -1.0421420178453848, 7.059559311153391, 4.563084166764471, -2.762043336135061, 7.0134253206917565, 0.3236424402024275, -2.987553145551729, -1.5358562627088932, 3.1048854263283703, -5.935716869676589, 4.449728189928221, 6.182893324671091, -0.9535550963932633, 0.31098119410616365, 8.540928050405999, 5.099704626054452], [-2.584073449953177, -2.24267890483329, 2.4297400724045954, -2.554546554469506, 1.4517528254613337, -5.30336252863098, 1.5220586075645595, -0.11538577040762141, -0.9925953201247784, 2.6028608612519704, 3.0076995487883624, 6.897176755585184, 3.2662581132440294, -1.9873347651965358, -0.19399526309560922, 1.3973842893570065, -0.11498917826275185, 1.0361751862114847, 5.625429132076334, -4.478081073621461, -2.6801912773299392, 9.648731017660353, 0.0030219905613393765, 0.003665487580072829, -0.6592259548152929, 1.726667454322125, 1.2241136568158035, 6.972057928207006, 2.5929854189398447, -0.8422987314313112, -1.0608814876415944, -1.4646299836687295, -1.1351993490237724, -0.8391830686095156, 1.904427263384275, 2.4747895675437146, -4.488324073788292, -5.317908947628379, -1.4294154563529151, -2.7063305630992396, 0.6340051531839795, -3.3502620490186845, -0.32336201327576564, -4.6262568782998965, -1.258223313724531, -0.0874921040226132, 0.7094180073028752, -5.46984429246416, 1.980276972631124, 2.1740183091312777], [-3.7329147580654336, -0.9878445707441974, -1.251440508080644, 2.844833158837288, -8.220980860740317, 4.194275115244189, -0.49933384302945016, -0.044592108033059616, -1.1455490673140762, 4.134194603421929, 2.454513330532041, 0.22723423528739303, 1.100109175659259, 4.8026349418067475, 0.05624555549885134, -4.156672496126203, -4.333564181207819, -0.21529694948331435, -0.2585297419789834, 0.7411145968988299, 2.1104606217449424, -4.407046749864132, 4.881053007839759, -2.5529426976049154, 0.2536567950409212, -6.42646496862483, -1.8646140384095162, 0.7355258048792217, 1.7074428127843744, -1.3767911962596042, 1.6224279423229322, 2.3104560308379343, 1.135890551987231, 7.8958871619259465, 0.04347645571480796, -1.0369987331515549, 2.7715958572519654, 1.1137660225132557, 0.6345827388107589, 1.1790119979994853, 6.2763031120614405, -5.689684379502678, 1.3696858126778284, -2.8131532415287746, -3.5544387413257086, -2.1665013479961637, 1.1249283967532087, 7.964197151406177, -4.545537252466987, 0.0424003074471826], [-3.517776938536682, -0.9974681962596522, -1.22394399579288, 2.782612044782484, -8.121539645987022, 4.148207776994869, -0.48601861513203265, -0.005222347512820805, -1.029594965987334, 4.0247235312256855, 2.4369998225292187, -0.6881113831890205, 1.066282999102414, 4.632626038171603, 0.02252904875902101, -4.677894504807616, -4.453362110963635, -0.16540738414792275, -0.25705655732178045, 0.750262072536079, 2.195568388567554, -4.334658450142388, 4.532832142240457, -2.701904382508192, 0.2694875218080665, -6.4829247704380135, -1.942364781625886, 0.7142852575688559, 1.7183008140779763, -1.3675458825619664, 1.6240513504154261, 2.251649847338162, 1.9622380543034603, 7.975190453054364, 0.1311149638893298, -1.0078054779046244, 2.785928782179684, 0.9851609056387041, 0.8098930943076542, 1.211324849027571, 5.979334427515453, -5.7291613934075905, 1.2838231730025509, -2.7868526514219454, -3.5360725501074595, -2.1828402740300468, 1.068777255951258, 7.656472256411222, -4.28576379389086, -0.06261268280223321]], "Lambda": [[1.0151287152935757, 0.19273466969954547, 0.27773461823830925, 0.4260470740704441, 0.3427740771552887, 0.7013230617997904, 0.27024096564313604, 0.5136792895570436, 0.5542896732668379, 0.562768209316689, 1.0151156640777677, 0.522174756596716, 0.7732200331008151, 0.7969369267406711, 0.4941060092848686, 0.6063008755267044, 0.7355026359756147, 0.17535872038750555, 0.2375407731315275, 0.34398126101452287, 0.6560200924094939, 0.5781318212854882, 0.4652352131646741, 0.33760286176025467, 0.35161179914679586, 0.33368827189793565, 1.0189861053284133, 0.44907673266435255, 0.46866805070075085, 0.4271106947840696, 0.2501394089177248, 0.4849517445688796, 0.7724028883902365, 0.220866939946599, 0.3576858268347222, 0.6923094161717854, 0.22625254906095957, 0.3699763883886749, 0.20147472707319086, 0.605319946601858, 0.34689239602859756, 0.6289515101795583, 0.39665867036485586, 0.1743820735967904, 0.2834399521124075, 0.4525671141239739, 0.5811423499267236, 0.3732550893269634, 0.4419172762482739, 0.8146020012023296], [0.4925919289785055, 0.4171440274950672, 0.47246061652323335, 0.5119584070164469, 0.45950143604000904, 0.49133429410579416, 0.46353476618170353, 0.47707234159724893, 0.5193118991066961, 0.4666296142471468, 0.4894247570676777, 0.47877734982727105, 0.5216279717695237, 0.4958384972995588, 0.509370525272143, 0.4769761942910826, 0.4869537572191501, 0.47192147637011744, 0.48975027447074326, 0.48833051713034126, 0.5204832628229294, 0.4919654667780208, 0.46781323682172776, 0.4879619090108156, 0.4656839018634227, 0.473140138278328, 0.5031631924179686, 0.4383686780410269, 0.5522550910245926, 0.510773052019287, 0.4790693346334274, 0.46381273700780445, 0.5089443523741009, 0.41411026231244485, 0.5120677835130569, 0.49918550852378496, 0.45475200083352296, 0.45741237725809136, 0.4896575298873697, 0.4971496148058623, 0.5082085384445285, 0.4264146008857885, 0.5395563696204617, 0.4686917094689492, 0.4106711093431375, 0.4313567592396284, 0.49672133931855345, 0.4472211091725418, 0.44487118785784424, 0.5266059200017448], [0.5612446900514865, 0.31676181001165304, 0.4671065709487834, 0.9891420584672157, 0.33683528574243926, 0.7250990931550068, 0.23803775196187876, 0.45287275476115874, 0.565299538946378, 0.3401165043100732, 0.8676594818517505, 0.3310912025486275, 0.2599101703552881, 0.8803915242492256, 0.7538143262886189, 1.052540813449609, 0.8337095518090701, 0.2894613413282917, 0.46546143724900263, 0.7856115984088189, 0.16278476943927944, 0.17380916650363248, 0.3516105713010889, 0.1936881190345906, 0.5711619729928439, 0.3239057686383675, 0.5670824771439601, 0.41542960702313336, 0.4993063300092312, 0.3917456495816756, 0.49178703696483445, 0.2755229021228831, 0.4414599946084863, 1.0249709455997094, 0.5658710114125056, 0.963232640055989, 0.1519629449156765, 0.9094913234833846, 0.3579856213088372, 0.6534726725542577, 0.2872453398227457, 0.16672007675833614, 0.20193756391112685, 0.18448816341479551, 0.377402591280273, 0.5999256930921527, 0.21901803867860092, 0.32369949886548377, 0.3952518332559377, 0.32745035277997786], [0.37269765910565467, 0.3243933030314903, 0.5237354043037807, 0.644733284366686, 0.5565235421009587, 0.32556980680148573, 0.691165699381885, 0.47970737868541924, 0.3789408493482404, 0.6920061847724257, 0.7527134118034, 0.460363738348618, 0.7148490852610545, 0.4004866870632809, 0.5483260745875589, 0.6029460768502564, 0.6163529075213073, 0.5621247728849734, 0.35891306593162164, 0.4362109730344619, 0.5588359664549171, 0.5241801612499182, 0.5443594823832926, 0.5148080336062943, 0.46603613944705796, 0.6051027886351362, 0.536688661949076, 0.48115611886691717, 0.47018198028554603, 0.5937084816448269, 0.47767006712263016, 0.6226900657964698, 0.5929358852933374, 0.5024463076251314, 0.5200636452975922, 0.419662702054324, 0.4977402069562714, 0.356671698963949, 0.33666481662428177, 0.6509285604811235, 0.4577298773310153, 0.3609520501966494, 0.5044920778777696, 0.6178460936366739, 0.641222815646614, 0.5809124004602056, 0.4897188588055398, 0.5087857623345734, 0.4708687215354538, 0.5603119438451286], [0.2617908363569122, 0.39551478243360516, 0.622769294212158, 0.7742777212170338, 0.3899968492846763, 0.128430036861054, 0.3845178378470462, 0.5554273091553823, 0.6493754739435058, 0.3642155537121883, 0.6607027922731024, 1.1221598111939095, 0.44735822343661785, 0.39825715792091393, 0.789034107394709, 0.44970190664475834, 0.9732422831200788, 0.23892524966890222, 0.3615847730684165, 0.33809782559377854, 0.20461261568966793, 0.745704054193569, 0.588101827345739, 0.2455893691057498, 0.1767414769946242, 0.2730482607690572, 0.385281260357381, 1.126931870237722, 0.3585841665490574, 0.5391822135637884, 0.7619613113765205, 0.7799689748178386, 0.34727183585653365, 0.17150875902554089, 0.38362968735206027, 0.31588434266640153, 0.770590596042326, 0.7911712385594675, 0.23744813473405404, 0.3480107262750794, 0.3964628510427042, 0.476403470089783, 0.24722482309465763, 0.4326031387842182, 0.5869122282564165, 0.5120831392906791, 0.7656938444302692, 0.5583619117110621, 0.5646986117414156, 0.6837492007122474], [0.2588916574939754, 0.44671531453999636, 0.6257359722940329, 0.7729204214948813, 0.5522200169530608, 0.27133190300418114, 0.4240959898381088, 0.6956576513953427, 0.7013368774212273, 0.47229039098451586, 0.5509408804642973, 1.0812862940138863, 0.473220897932428, 0.46714241911961735, 0.5496504938620649, 0.4870625037432411, 0.881875138233465, 0.2819107286882572, 0.3313233640774578, 0.4095612351166979, 0.25059022458064983, 0.8688001519698455, 0.6061724020908217, 0.33493897714311216, 0.25148909451985296, 0.29549060015073264, 0.44737300497742494, 0.9608049787415702, 0.37775246524413514, 0.6564021857903779, 0.8590616250219675, 0.7609891232734695, 0.39301313398465015, 0.27122007524165953, 0.49477118896560923, 0.3491063094260952, 0.6853796335338198, 0.695980419809951, 0.2421574166867607, 0.46018482534317645, 0.5143092608799461, 0.5825860437948935, 0.3023789231503231, 0.5066929184920606, 0.6133605240707274, 0.6264464882832935, 0.7914723584584945, 0.5871668106829593, 0.5039899652286212, 0.7724740683616348], [0.8837898458703846, 0.22048488390742899, 0.33012271276993366, 0.25159849664880346, 0.23021327080965512, 0.44658190729293085, 0.15096971606327178, 0.39969274555096906, 0.5551305741280792, 0.3564574793125265, 0.44201716711945455, 0.18953946419857554, 0.5146803191216329, 0.443227749680592, 0.5582786028480398, 0.4036169020134787, 1.2688934374217844, 0.8601865605533097, 0.2823837357749327, 0.21345252683055843, 0.4062962019354656, 0.3243477152584886, 0.7517874040873401, 0.3437931906511413, 0.27243425811607214, 0.26823653840074146, 0.2784861815415621, 0.3066796589539801, 0.40583419884776345, 0.4402179745041883, 0.41257450461125333, 0.5753677930332685, 0.4925545696939478, 0.8936451697881845, 0.36271051095192103, 0.3275403606221197, 0.8448921249896645, 0.48631164036539404, 0.5030623795019792, 0.5850685984055136, 0.273065765518794, 0.5807148822244902, 0.28039996646562926, 0.3007464232332183, 0.36755515390877525, 0.6753459038917573, 0.8900503903172622, 0.22361202641586436, 0.26321702783446466, 0.4444690732571259], [0.8805394463964604, 0.2541882208624167, 0.3452036664482538, 0.262772566866253, 0.2920153698758082, 0.5995207271499366, 0.1981686967716764, 0.49722893988684913, 0.5668542076875995, 0.4345996611865748, 0.47071370088036263, 0.21969633365780608, 0.6023948404285853, 0.4699230403611427, 0.6756303719521084, 0.5144066495199296, 1.0523006339347885, 0.8547071856695104, 0.33467969407814063, 0.2550114859303834, 0.45341124357088963, 0.355310829719943, 0.6086217124774934, 0.4115669134129217, 0.4504850913511383, 0.35028204699885895, 0.3054119502956715, 0.3244796589729159, 0.4281417191687407, 0.4406220178231726, 0.5778500164917821, 0.5075387788408391, 0.5093187131656483, 0.9385392518676762, 0.41217509436792116, 0.3723337752461949, 0.8005155720393112, 0.48540005615435394, 0.6271971034349798, 0.5738669252721452, 0.2945775392776828, 0.6077230133384134, 0.3439026611534886, 0.33995954515388077, 0.39362521624084024, 0.6178836316467989, 0.7704240878278149, 0.28017662503380614, 0.28327094311641376, 0.4453432912459387], [0.5281977361531303, 0.4705359249027067, 0.33184295944501463, 1.167554761909285, 0.11518390713137773, 0.7600893438465565, 0.40749085668032786, 0.09051320285058738, 0.8294683637931055, 0.5081847320179772, 0.42900366881268737, 0.2335177176244729, 0.34014766098093024, 0.4806472586526813, 1.3329142990517213, 0.6089514677564277, 0.39927682720880436, 0.837736989094942, 0.8770609424787275, 0.5221971783090881, 0.4520573383545146, 0.652906880025602, 0.2919082647712237, 0.7621816130826928, 1.3379797367003887, 0.599007407491088, 0.15766481865652368, 0.24702656038185403, 0.3935308123395713, 0.2585981544402057, 0.3058312166783373, 0.5932203413011058, 0.35457790151029234, 0.5273935988914517, 1.0268925943955793, 0.5537155215708631, 0.27103545294005565, 1.1069095716774817, 0.9238983718498253, 0.6571581332497083, 0.7296152863408116, 0.29864854309741096, 0.4764497465473228, 0.3737281918961922, 0.2250146031820761, 0.49144321574333727, 0.22733792888291385, 0.31356291445054657, 0.8073747343950544, 0.49439463052416704], [0.6865872063607049, 0.4527694819321742, 0.22770611370750285, 0.514876088288373, 0.29200466637330663, 0.4831642332699531, 0.3776688454492856, 0.4081723753817337, 0.42625198079496424, 0.4868078550665936, 0.2692725915631049, 0.5553461511947846, 0.439595484556629, 0.4953674897389078, 0.4672882060702469, 0.507170577392024, 0.3853815992222756, 0.5618306198143509, 0.5376315076798449, 0.5067294654742193, 0.47620702514569135, 0.4097751230718209, 0.6452314754965093, 0.368840477470919, 0.7974508482429736, 0.6800492268384921, 0.3503017281101427, 0.25008719801496965, 0.6712891713785134, 0.3344206087289758, 0.5514893277849544, 0.6771786519383509, 0.5001426895317068, 0.35530577962636284, 0.3334224546127716, 0.505069606482479, 0.42672921972108696, 0.5857182732756083, 0.4487324819153794, 0.27939752838585263, 0.5817299396720836, 0.4829595174055871, 0.7286755660450808, 0.4631907657463375, 0.43550553111335966, 0.4999702478210387, 0.5216773073488461, 0.4181931068034027, 0.4631955061871469, 0.48518281796572726], [0.7317084078202861, 0.17151126819525012, 0.24483875758908435, 0.43209021745162257, 0.49527619153029323, 0.5986071952059039, 0.38288928429444535, 0.14528118512991403, 0.5545880569153404, 0.13840398966129885, 0.685714179098997, 0.34694610939418624, 0.7185747730261275, 0.95806661445294, 0.17816452528722218, 1.0143436355399937, 0.2975518935993575, 0.8155487083159543, 0.926827066351484, 0.879335093818074, 0.5979336143809255, 0.7321224498999177, 0.20681960589235426, 0.8660578963793738, 0.7155220594554454, 0.6566277607513279, 0.7014314284853956, 0.115254214049692, 0.16047075466402308, 0.39517182632918235, 0.43798804456267204, 1.1228347711393183, 0.840963771850961, 0.48911667150044646, 1.066749947471749, 0.28159115965986753, 1.1792106506253002, 0.4402231913714697, 0.2363861532589081, 0.48028568359340484, 0.7569672445142812, 0.31790817852450626, 0.3615630045839672, 0.26576364941677133, 0.34886669177991764, 0.09347073016285332, 0.1770032867337906, 1.2435605474329503, 0.31283855494775065, 0.4415381994548152], [0.39550557234092554, 0.6008539395708922, 0.26889186113943736, 0.5768611756240697, 0.43151468943287113, 0.39258005542008234, 0.42786737379389767, 0.3940176969193454, 0.5974306026038798, 0.42767314623842934, 0.5643919434824147, 0.23753821850691983, 0.49830361833266273, 0.6842362759958357, 0.3751389087548986, 0.58505764638037, 0.8731903207295771, 0.6190994183746048, 0.49155479321711415, 0.3269197262659072, 0.34651191041736296, 0.18655400962014904, 0.5168119841987515, 0.6160450652293477, 0.925110803468195, 0.32414869615892455, 0.46985747171319847, 0.218903606468461, 0.5124957875730713, 0.5166484145074414, 0.5208625993301421, 0.37618639557426614, 0.5274793242248419, 0.799332124028585, 0.40322869200680406, 0.3848757928811693, 0.4032220383827615, 0.47174910463350284, 0.6150237725005886, 0.9248310001071386, 0.47146281266122864, 0.5839343541715712, 0.6361834698002719, 0.42732108515970507, 0.5028535481842726, 0.4885639738843048, 0.5061152008170824, 0.3154653583219965, 0.40141281217453256, 0.6908412693573608], [0.21243361486966164, 0.2538998722752212, 0.39480358716692093, 0.5787908738216316, 0.21339540265162582, 0.5215801842165458, 0.3105809311543911, 0.23782986252227797, 0.6482553006314216, 0.46487713156064037, 0.6937930053427787, 0.6282372490691638, 0.8896965349450556, 0.08763266531918186, 0.7994929871604061, 0.5063636174993384, 0.20894534579095794, 0.4063947862217211, 0.6552888878699752, 0.6177531347795028, 0.22742917004852933, 0.3315329931607565, 0.5843963416921248, 0.15285834119641825, 0.22312372256382965, 0.29677647649597366, 0.11673751376514402, 0.5435272219414401, 0.8171605650803546, 0.7736639839003185, 0.8754969631586196, 0.5501240724522508, 0.5048147330133964, 0.4036336377304291, 0.20999721516161515, 0.7317565519071437, 0.535091325015268, 0.30503325020186217, 0.5111236584490642, 0.255214859684998, 0.20023490172960004, 0.5026237978174812, 0.09956636349455465, 0.20406256196553435, 0.3976370406501106, 0.5922306108831881, 0.7243340618287164, 0.8337301378220303, 0.6318805515099404, 0.4688932898333535], [0.2195515497487864, 0.2473508084640628, 0.37597943274203643, 0.5848264694072836, 0.2010794891781957, 0.5105336976520412, 0.3012667971962716, 0.21961105189868413, 0.6040533639049352, 0.459512591836274, 0.6944859518957579, 0.5949964882672546, 0.8787816252836209, 0.08970963219792892, 0.8332961100092781, 0.4785875764869228, 0.20282470236193903, 0.3978871589201193, 0.6368781418105829, 0.6162027948380212, 0.22233055856513842, 0.315719245664813, 0.5798415959930553, 0.1492568520627907, 0.20976892204077374, 0.28438293998587955, 0.111382404546643, 0.527451723109888, 0.7873560462751833, 0.769104991788365, 0.8505809467208196, 0.57811710680308, 0.4678935202184855, 0.41055546000024157, 0.20851974594714556, 0.7262306096512151, 0.5360897566651288, 0.29594788662084404, 0.5148966752321676, 0.2645935783444103, 0.20184679342666684, 0.49553453870940606, 0.0985213728726126, 0.19529857228151654, 0.39592966145810854, 0.5803971776310252, 0.7398772369962487, 0.7752378539299173, 0.6306823370721891, 0.45824461699565655]], "G": [[0.3297236908585951, 0.0743092628337827, 0.30648129066076046, 0.28948575564686163], [0.1886617872953145, 0.025054541705530755, 0.38358085795021035, 0.40270281304894445], [0.721157010613995, 0.06631820676321784, 0.10843009967168167, 0.10409468295110656], [0.6513661167863161, 0.045222569095269415, 0.15235865549935693, 0.1510526586190579], [0.5397280338911812, 0.03518039151861904, 0.21049558246122274, 0.2145959921289774], [0.010181622875571804, 0.006730007048062226, 0.49179050262959184, 0.49129786744677456], [0.14639947599429712, 0.010552944144987152, 0.4200423757671919, 0.42300520409352366], [0.43847737211567744, 0.355988056816312, 0.10266190664376651, 0.10287266442424495], [0.023155535076348877, 0.03416086490031869, 0.47048301328492714, 0.4722005867384049], [0.32944815687702406, 0.0341302955013264, 0.31486613974542077, 0.32155540787622877], [0.09061490428183201, 0.0228627987294109, 0.4323420715904273, 0.45418022539832975], [0.2739267981293535, 0.019375449984014092, 0.34712840983531934, 0.35956934205131336], [0.08358952936223837, 0.17023813453630354, 0.37094388067693956, 0.3752284554245188], [0.21693473367355778, 0.14291658204504462, 0.32033642659205563, 0.3198122576893403], [0.33471358347257785, 0.01214972676992913, 0.3222607022103514, 0.33087598754714065], [0.15345791616768356, 0.08152701772570682, 0.3631503259146394, 0.40186474019196994], [0.32180921721336814, 0.27086336453482307, 0.20654571643129413, 0.20078170182051486], [0.04084279069504518, 0.013295422631466176, 0.4652056749989848, 0.4806561116745039], [0.07833767514631244, 0.25218481486501504, 0.3254924204880225, 0.34398508950064965], [0.5127043527622257, 0.417769449540693, 0.03598228599784397, 0.03354391169923837], [0.4446313415533369, 0.3818141734967575, 0.08583115103177759, 0.08772333391812837], [0.19111627826452673, 0.13925430596517457, 0.3302694627397202, 0.3393599530305777], [0.3376439853175388, 0.2130997900915537, 0.2064743352130448, 0.2427818893778631], [0.143977169596759, 0.00819842736902107, 0.42013284591295746, 0.42769155712126333], [0.17369211345832847, 0.14346884905639573, 0.3312362712777602, 0.35160276620751507], [0.37187948543755134, 0.0459934737283198, 0.2799870455870684, 0.3021399952470604], [0.17466845875011333, 0.13692907375968974, 0.33796671475141743, 0.35043575273877986], [0.2640450180468254, 0.10660247715214985, 0.30710316291750867, 0.32224934188351595], [0.4604304976940865, 0.014670605489416911, 0.2625650682937756, 0.26233382852272036], [0.028251958157913464, 0.009900324458092384, 0.47716605642646054, 0.4846816609575337], [0.11080936976735205, 0.06701464039747063, 0.4093950723560529, 0.4127809174791251], [0.38641801038747714, 0.0053180744491119055, 0.2968943011134082, 0.31136961405000285], [0.052861648452447334, 0.026626487145964845, 0.45546600331423204, 0.4650458610873562], [0.04190623193424769, 0.0384955096221974, 0.4552139170153802, 0.464384341428175], [0.05033045429536191, 0.02109524733220834, 0.46201442585191804, 0.4665598725205124], [0.20139702164208462, 0.1290370846926703, 0.3362944423564273, 0.33327145130881897], [0.937570158877212, 0.020015907661411196, 0.022555254089707294, 0.019858679371670226], [0.08535186218910266, 0.05299473299276912, 0.43033936588243776, 0.4313140389356907], [0.3488069509373273, 0.05939159649778627, 0.28961066234159144, 0.3021907902232942], [0.08453562425450986, 0.06289277802966883, 0.426644647447848, 0.42592695026797317], [0.4318455761787944, 0.20961860336036411, 0.1709021675617028, 0.1876336528991389], [0.801449114065364, 0.013252354100855708, 0.09236222829897653, 0.09293630353480292], [0.09637749326043772, 0.041269268136806155, 0.4237173178751518, 0.43863592072760366], [0.08207929813489985, 0.03417837610239795, 0.4376934293230798, 0.4460488964396224], [0.02994906909789984, 0.06052973401263754, 0.4490097581069621, 0.46051143878250095], [0.24003174946415629, 0.17199401189301874, 0.28594175455184917, 0.302032484090976], [0.28246089384155815, 0.03585488827068279, 0.3360956500319566, 0.3455885678558018], [0.03228881114617735, 0.010760678737212079, 0.47322288851516037, 0.4837276216014503], [0.07375006069229093, 0.04382370992662993, 0.4403952558380792, 0.44203097354299953], [0.29951245348490757, 0.24076486958828586, 0.21116361638531625, 0.24855906054149002], [0.14457849263561456, 0.07883024048680566, 0.38335664197582003, 0.3932346249017598], [0.2379006903380714, 0.19999977487506712, 0.2730020638567377, 0.2890974709301234], [0.033363223362007, 0.7024638928713938, 0.1268304676526297, 0.13734241611396888], [0.36302832472088314, 0.2513174040640813, 0.18340347387386172, 0.20225079734117432], [0.03366044022823414, 0.006030684788349523, 0.47833566167337493, 0.48197321331004206], [0.21603772623921166, 0.14687897872837438, 0.32661785351774125, 0.3104654415146731], [0.09589368907889184, 0.05122172325935593, 0.4233052286055303, 0.4295793590562232], [0.034050313341449895, 0.011379012844278676, 0.4811336295787286, 0.4734370442355414], [0.07418421516733661, 0.022218378577562627, 0.45043875683400364, 0.4531586494210971], [0.07846348366451009, 0.03906776092449105, 0.42841832266544355, 0.4540504327455548], [0.31439693913154165, 0.00840498511532002, 0.3378146907850519, 0.33938338496808645], [0.24823190098107295, 0.18635852749935744, 0.28015946175916084, 0.2852501097604095], [0.2831107734263014, 0.009385998374423485, 0.3495755436009993, 0.3579276845982756], [0.47121132292895596, 0.014171815950834847, 0.25249569281222, 0.2621211683079894], [0.15694578213656674, 0.12543745347655455, 0.3519549725412353, 0.3656617918456433], [0.013741154301157747, 0.008027034565594114, 0.48704162214949076, 0.49119018898375716], [0.19875890498260448, 0.03190823846075295, 0.3833872912126823, 0.3859455653439601], [0.578575926115797, 0.015451778553862382, 0.20164833939302762, 0.20432395593731198], [0.3882540338196472, 0.009531745745413546, 0.2988573635220786, 0.3033568569128605], [0.37628397209077763, 0.0049965575068137294, 0.30789630409421953, 0.3108231663081883], [0.23353721912257036, 0.1817141429034613, 0.2878561273805162, 0.29689251059345245], [0.04987656715254227, 0.01325440873809754, 0.4664791618363568, 0.47038986227300295], [0.24549159547067004, 0.07134239267440971, 0.334214844886307, 0.3489511669686124], [0.46838873357104105, 0.33587286389855836, 0.10121183595634026, 0.09452656657406044], [0.3413715538529083, 0.010527355752422566, 0.32286627141165614, 0.32523481898301276], [0.5366507544009207, 0.02969560455121128, 0.20580882748390142, 0.22784481356396644], [0.49521261827604035, 0.420030030565581, 0.04249730574026164, 0.0422600454181173], [0.036561118220969954, 0.012289599999475606, 0.46537150153370477, 0.48577778024584933], [0.02084289450795133, 0.005515081186052885, 0.4835572911690831, 0.49008473313691314], [0.4432902543638256, 0.04313778227019106, 0.2595778759359997, 0.2539940874299838], [0.7603042397799424, 0.050593671021163376, 0.09824291654266175, 0.09085917265623165], [0.2363352708758628, 0.164162260903606, 0.2945612127478133, 0.30494125547271794], [0.11190696421630375, 0.04615961038446465, 0.41065231940767016, 0.43128110599156216], [0.03346250202172701, 0.00953194853452798, 0.47381174624496286, 0.48319380319878236], [0.033279228115083, 0.0066465668973396, 0.47889865653813185, 0.48117554844944516], [0.015784466052670667, 0.006035341689554422, 0.48283831227709506, 0.49534187998068], [0.14622194394995724, 0.009365548388561582, 0.42217107188609526, 0.42224143577538614], [0.3745408749262491, 0.02146289559243338, 0.2990653155559077, 0.3049309139254091], [0.34934445634269545, 0.014284342721035839, 0.3125792281450529, 0.32379197279121513], [0.43116755982938487, 0.38327157816031615, 0.09216045415711448, 0.09340040785318449], [0.6633839410732943, 0.025725215576659886, 0.1500104077211883, 0.16088043562885695], [0.4512085301181874, 0.4053625816220092, 0.07501503576873046, 0.06841385249107305], [0.014880219818688112, 0.004412011489767927, 0.48815288459261463, 0.4925548840989285], [0.1365503137919623, 0.013883893664395927, 0.41952841261514784, 0.43003737992849406], [0.25936471948078366, 0.048182769204906446, 0.34353114202152807, 0.3489213692927818], [0.023533914910048897, 0.0055995748295934325, 0.4866244661761763, 0.4842420440841811], [0.10333119907549412, 0.011363265555325582, 0.4398004860426075, 0.4455050493265725], [0.2692827327462923, 0.19262155204363815, 0.2650626403262958, 0.27303307488377376], [0.8491266139843692, 0.015686326592826327, 0.06463097776044666, 0.07055608166235766], [0.7280656153333266, 0.11431890095578899, 0.08069180839037457, 0.07692367532051013], [0.10258802004909053, 0.05280389288238824, 0.41971922168402925, 0.4248888653844918], [0.11309002738014576, 0.033267728794271804, 0.42587363352858604, 0.4277686102969956], [0.8515409047045072, 0.013967296550941378, 0.06562844743518935, 0.06886335130936214], [0.6751897443246526, 0.08859162145428091, 0.10628348419391359, 0.12993515002715317], [0.14924174763868236, 0.08720352497046494, 0.37760116533369564, 0.3859535620571572], [0.24533994023828562, 0.18116902209673288, 0.28570943522997666, 0.28778160243500583], [0.1377652790310032, 0.10436730594237816, 0.3772591148746438, 0.3806083001519756], [0.04454254544824563, 0.008934859120870881, 0.4666941707564288, 0.47982842467445525], [0.08068932266076861, 0.017412446271390592, 0.4420367881676314, 0.4598614429002099], [0.12875718961006963, 0.07206969127417472, 0.3871115069191611, 0.41206161219659376], [0.07553463647071987, 0.024007750612663577, 0.43882286477938875, 0.46163474813722816], [0.3689609842666632, 0.25713808644981706, 0.1895958642695476, 0.1843050650139719], [0.44839756033893274, 0.01494259128952353, 0.2646270793132263, 0.2720327690583168], [0.19104378060775706, 0.03209052685245958, 0.3776436922529585, 0.39922200028682464], [0.5820054224414842, 0.010530092576744766, 0.20217983813207754, 0.20528464684969305], [0.3865674171618397, 0.013135093579917727, 0.30107409664980944, 0.2992233926084338], [0.048367202515178204, 0.009316779347593446, 0.4682648046511197, 0.474051213486107], [0.33351665229495686, 0.020654955457542156, 0.31943697115567216, 0.32639142109182945], [0.5601575647319174, 0.05668471166767927, 0.19174248101605126, 0.19141524258435225], [0.07889734531669287, 0.03303950711245977, 0.4410058973374062, 0.4470572502334408], [0.08556641667329215, 0.11532383911001473, 0.39358470874353957, 0.4055250354731536], [0.2449632474576912, 0.010251175296676816, 0.36539921460408986, 0.37938636264154163], [0.31550934114862217, 0.2534165158499438, 0.21642778956254513, 0.21464635343888913], [0.30920985987463157, 0.2170268190042294, 0.21465867568652153, 0.25910464543461753], [0.14075396644019342, 0.071626696672709, 0.3852894500773768, 0.4023298868097217], [0.05301023797337101, 0.004621520974289624, 0.4616683992230972, 0.48069984182924297], [0.49961306453350257, 0.04927760866186481, 0.22156091700187297, 0.22954840980275873], [0.11250776104724325, 0.008050349093432588, 0.43534082208568636, 0.4441010677736374], [0.05516091678047676, 0.06574133108217796, 0.4395277777847443, 0.4395699743526007], [0.19765033078642585, 0.10716772353220456, 0.3289256519149821, 0.36625629376638774], [0.31166788235752896, 0.22704105431448798, 0.23040264742051145, 0.2308884159074718], [0.45583722790789916, 0.41099283508620926, 0.06919493066699049, 0.06397500633890141], [0.12281393597298039, 0.06728642915168517, 0.390466139545852, 0.4194334953294826], [0.7673546847221027, 0.008237953047374994, 0.10885898457391564, 0.1155483776566064], [0.292070920657839, 0.1014802185578435, 0.3023660318690475, 0.3040828289152708], [0.3902038898607972, 0.3230617364711