{"estimation": {"a": 2.1992483781724896, "rho": [0.29474303381651434, 0.29762914199398166, 0.2156547089034159, 0.19197311528608835], "Mu": [[-0.25053663415830896, -3.4175562325253734, 0.6742991442471503, 2.9336657657459546, 0.746736050747514, -4.089589349065313, 6.993169403353432, -2.096930119780616, -0.9418213937362259, 1.6284809450597908, 0.2633468674600837, -3.53397469943415, 1.5790723748358584, 2.5576502494615028, -2.859792303874465, 3.388147109101355, -1.3673852752671765, -1.9864064899238658, -1.705546713188084, 0.28289041965642364], [2.8131606932330206, -2.4314463056338234, 1.1718000252021419, 0.3209383254501611, 2.285322572243953, -3.828470823693515, 2.0112712275867293, -4.704471938067932, -0.37516441325730004, 1.1670900584885942, -0.8129595451542576, -2.388334315243332, 1.714943755035628, 1.4708923399126332, 1.24906843937637, -1.205672767818178, 0.414738756471831, 0.8407408160978206, -0.9177386605054658, 3.9898637984284213], [-0.4077078141712578, -2.6472756371365285, -3.510861121926353, 7.482555894022724, -0.9641699821089118, -1.3419274087230102, 1.9927696847656726, 1.0555381393274956, 3.2697457494875395, -3.7903586002121794, 0.023205987488627823, 1.8821769946968914, -0.258547783200846, -6.7680517496322015, -1.8291616243263187, -1.171590209812998, -2.1122688082614287, -7.518290127929157, 13.37708282784051, -2.3448898638213267], [2.210551574888277, 0.4121071661441543, -2.1684697292288244, -7.108120348268886, 1.6523181162336313, -2.28300317122641, -0.6764134447943717, 0.8041368813865527, -7.722545355912896, 2.9743012041873484, 1.363319682945348, 0.17003894590605068, -1.9148148704226657, 1.576195936986723, 2.038869764452457, 0.60274976714597, -0.32955876557844255, -0.5834126927932853, -1.0140401775127592, -0.25882198277604324], [4.720994408729722, -0.1755964770664274, 0.23573435658818231, -2.4072882654304246, 0.5127582461485651, -1.6277100408857748, -1.89726366004785, -0.9748069054616558, 5.6298189416162, -2.098125151070938, -0.37379630270966374, -2.733844385611637, 3.848057956808548, -0.8620723955887953, 2.3830692083930702, -2.284911717080781, -1.9603580855838152, -0.3289879781655565, 2.9668056244551138, 1.3781371808031577], [1.4888836744599714, 0.20720011713884692, 3.7481106396147044, -2.474181952119797, -1.07805273568931, 0.5573587417296891, -5.018100417384677, -2.8760476931493844, -0.6493251931277306, 0.5553952581820039, 4.525351069512494, -2.130616196010343, 1.1872446181697356, -8.954680542679471, 0.9519264629099953, -3.4558031885184404, 1.3224427105584589, 3.4269232391631057, -8.501668942101444, -3.7154135126240013], [-0.3147177849855375, -0.06525909193649185, -4.745042222275741, -0.9200469933050903, -4.50420883097405, 1.337823076500004, -3.072115912148595, -7.478908363985435, -1.9251996294006275, -0.4484191039309056, -0.5851183377220132, -4.2379590110054774, -3.9715751496473555, -0.6503474746422353, -0.8180299743736705, 0.3054756862892395, -0.7898030170966431, 3.323134812971223, -0.049050507783579306, -0.00036845076750979567], [5.7224297344205075, -0.08201672006448413, 0.07296151186557713, -2.3694158897854414, 0.40715863954437936, -4.024515600617144, -2.818576458856544, -1.6338185913848444, 6.594568765251692, -0.6259192925967952, -0.010366941852461424, -3.359474616326918, 4.7344260627213215, -1.2789747168862435, 2.4795737023120714, -2.9980089689431146, -0.47091211705211994, -0.2591949343541764, 3.1415382881943783, 1.2889544605245586]], "Lambda": [[0.2717654406857712, 0.22202492219959608, 0.5679265690959808, 0.3489966201805926, 0.6373122993631578, 0.3421583308269928, 0.14465553152794755, 0.3177243938737198, 0.8003540054420765, 0.47866626472523865, 0.462267978992344, 0.6839788301176968, 0.17807115173303883, 0.4069334283906384, 0.2501777988394827, 0.15664386585424844, 0.2847713124684271, 0.30447820326494673, 0.5875572259179602, 0.14524282586450155], [0.2381830060370829, 0.273430585749885, 0.4537912411537977, 0.6290037334315146, 0.6502761933554942, 0.47355815487084413, 0.38856709868228584, 0.4003863387639664, 0.6130666927651391, 0.4391499116042987, 0.4478461732679546, 0.3511087175022859, 0.3782168803287212, 0.43567171998414883, 0.4131201544059358, 0.26908173277425973, 0.45361643548976965, 0.19285706569567335, 0.6113635573766929, 0.3516111549416098], [0.7064368003538926, 0.5996395322386147, 0.31070522519211685, 0.2093754539066838, 0.4944232226230477, 0.25020246688858755, 1.042290170260895, 0.44627527235433556, 0.5913416871068542, 0.14981298982995245, 0.61562107731017, 0.20083407311656162, 0.5463812400860506, 0.6805380444484552, 0.21099713816184798, 0.5145050321848511, 0.29783560933126446, 0.20149071634062332, 0.22188390664751834, 0.13916772503864808], [0.18550800444181928, 0.27852508753586547, 0.23575335635412922, 0.11366305094322586, 0.07073071399874788, 0.060993482127181954, 0.10099882718883074, 0.2659084107905692, 0.0805917279793968, 0.3037821076926188, 0.2510424824553442, 0.10073917398869278, 0.09812374645664881, 0.17347991666770743, 0.5636994507989772, 0.12056213519092018, 0.481253188460005, 0.2552252632268928, 0.450735424716742, 0.1530968126792128], [0.1007955304796519, 0.470056718861902, 0.20762118357641968, 0.634448808715007, 0.4885191393171315, 0.30614980559381644, 0.4536344475938194, 0.4977041581964628, 0.2306089273138746, 0.18408765254138684, 0.375657765133843, 0.11076009303121126, 0.5230159998480277, 0.37419274730873536, 0.7410943047757441, 0.1796650522152487, 0.27486137299036734, 0.3639183317298352, 0.7915878955299174, 0.5351286397034998], [0.4047925277879746, 0.27225901993343027, 0.7686101796458361, 0.252234094724325, 0.9738029996400519, 1.1754537566791698, 0.4704912933048916, 0.26632429524973905, 0.7333968689716546, 0.506892929560284, 0.2921335768658267, 0.4982637564744788, 0.6542688117717685, 0.07325985611790478, 0.5781035486480387, 0.3598706904495558, 1.0988926276880566, 0.5823738279603113, 0.2275777587289203, 0.22568999082181915], [0.5695128034572355, 0.5951428941610395, 0.5988355124453714, 1.6444396401523873, 0.3888014709952948, 0.5800119119580299, 1.042473118599058, 0.4977890880152247, 0.3180816006114903, 0.4336340713639251, 0.6349610223952769, 0.5129146063235559, 0.5319024144791414, 0.4830309692347023, 0.42466697293695294, 0.6372809890532393, 0.6905180070130031, 0.4924861836504235, 0.07459361860107518, 0.38544953133677645], [0.18548518227782787, 0.5588357448246923, 0.24608081701166848, 0.687922641380941, 0.5847261968956026, 0.25439953565309154, 0.5903695355211189, 0.513205230512374, 0.23340992358606694, 0.27084351600805007, 0.3766961496768065, 0.19098436255667142, 0.47473854275096455, 0.5535771284296515, 1.2907326939413162, 0.23073528404243535, 0.5086460792382715, 0.3537818091223227, 0.8667009350012895, 0.420091515824014]], "G": [[0.1257270332678218, 0.25564389509911206, 0.5444297876395114, 0.07419928399355522], [0.07690403082545995, 0.026981489800392184, 0.8441771402956674, 0.05193733907848124], [0.0778446310875094, 0.36197069120335856, 0.1435313539469394, 0.41665332376219205], [0.35303557181268197, 0.2212785197608977, 0.3540351264987455, 0.07165078192767461], [0.3742579491252753, 0.24653444452981615, 0.07882592844314146, 0.3003816779017675], [0.49256945513170725, 0.14858546312999976, 0.023566757688689006, 0.33527832404960445], [0.5442452086480251, 0.3271561113786092, 0.04416574632689829, 0.08443293364646756], [0.5044798044503557, 0.09052472582175597, 0.022776725437458924, 0.38221874429042935], [0.23855353904034005, 0.2916012138169145, 0.3073555239969443, 0.16248972314580143], [0.10549581817553744, 0.48272151740692426, 0.33125826137317943, 0.08052440304435902], [0.7688120062001558, 0.19193948888367973, 0.011822489455878375, 0.027426015460287327], [0.25256609181339695, 0.450007774946163, 0.13515873984043975, 0.1622673934000007], [0.3959862106090282, 0.28027545964062395, 0.26853847859788227, 0.05519985115246525], [0.42685426533212134, 0.4176078553905546, 0.13051767454974417, 0.025020204727580132], [0.41861351531204694, 0.31429470834473294, 0.05042928417053497, 0.21666249217268496], [0.14720730943942695, 0.36551229558114967, 0.20702713244650872, 0.28025326253291477], [0.28560384511113573, 0.29678782317742103, 0.22344200674849463, 0.19416632496294858], [0.14528501916541736, 0.4372471862502699, 0.3432335951004701, 0.07423419948384248], [0.3483257491835736, 0.3149868010005557, 0.09661005999625087, 0.2400773898196193], [0.08640818127395027, 0.04102952685832475, 0.8064792332053724, 0.06608305866235334], [0.21065541275345165, 0.6044895564206708, 0.027108725244392756, 0.1577463055814853], [0.29658918338497353, 0.42263577882017583, 0.03433688735466605, 0.2464381504401843], [0.35620594255271454, 0.1167992760083064, 0.2424284920326587, 0.28456628940631995], [0.2639495487746973, 0.4009415654398874, 0.2470542785597593, 0.08805460722565607], [0.35644985513875743, 0.36422117789030894, 0.02326096436388352, 0.2560680026070496], [0.6205876809795031, 0.1360399514060451, 0.17825590307423267, 0.06511646454021928], [0.23516986045029228, 0.5671778578824145, 0.028570091436607978, 0.16908219023068485], [0.20327528409763918, 0.11249388362026463, 0.6227554811005658, 0.06147535118152943], [0.23335170482501527, 0.18812946342164086, 0.4214179370830681, 0.1571008946702762], [0.12564146949590424, 0.4037603053751505, 0.06314313919663532, 0.4074550859323099], [0.3484958615243801, 0.04869269606141894, 0.3385744324596003, 0.26423700995460025], [0.42002715408308616, 0.13570305341756064, 0.02432289804921771, 0.4199468944501356], [0.23128529556096358, 0.46856519440994243, 0.12513228360951548, 0.17501722641957776], [0.4771701669231531, 0.08362650603508748, 0.11615122957798259, 0.3230520974637766], [0.3651115988712994, 0.25326274275460964, 0.06319190382556832, 0.3184337545485237], [0.33264431715111625, 0.31340641992565216, 0.07775951441854408, 0.2761897485046867], [0.04127359301935802, 0.4863341525154804, 0.4128603066944156, 0.05953194777074588], [0.11264637438637828, 0.3023939315928576, 0.5224070700027563, 0.06255262401800846], [0.32980767500898567, 0.3717842270449714, 0.048672358836575315, 0.24973573910946778], [0.22533033296366628, 0.3485131295641921, 0.29646782825349266, 0.1296887092186492], [0.3019105618232192, 0.33812919022244875, 0.12100237518215831, 0.23895787277217276], [0.37391741562099806, 0.2537140815572889, 0.06651081029423622, 0.30585769252747697], [0.45922556435766443, 0.11733245606988345, 0.041847428911547996, 0.38159455066090436], [0.06447453712648464, 0.4009641641433872, 0.020889158557546215, 0.513672140172582], [0.034425264799519704, 0.8181610224985733, 0.1296660272267202, 0.017747685475187788], [0.18698591115024207, 0.4527157387010295, 0.2622247955711802, 0.0980735545775481], [0.10132692311244854, 0.7123144892351342, 0.11897041392778608, 0.06738817372463118], [0.07441438026054467, 0.44802206988540627, 0.42704042942585707, 0.05052312042819248], [0.2143224138288196, 0.5607747348402462, 0.05108134800773208, 0.17382150332320262], [0.4849152094257629, 0.09563987653497899, 0.033580267632911026, 0.3858646464063474], [0.09060361007721825, 0.39677133141570914, 0.04730728763860787, 0.4653177708684649], [0.45890234957637055, 0.04869319552420707, 0.03957179303613615, 0.45283266186328663], [0.20938021909727103, 0.11927349198199805, 0.6311569289476547, 0.04018935997307555], [0.219512909509491, 0.3323951113501957, 0.29983153641212884, 0.14826044272818437], [0.07768755353178272, 0.720933946232062, 0.15581169427342628, 0.0455668059627288], [0.2113333274656984, 0.1057866276826672, 0.5657499570714686, 0.1171300877801653], [0.4148513211477166, 0.06818045933991053, 0.14842973242180968, 0.368538487090563], [0.13605800334788437, 0.2915510919579216, 0.3231581504486963, 0.24923275424549776], [0.5937561922905709, 0.27486575084580955, 0.051299907955253445, 0.08007814890836593], [0.2925912318325248, 0.053588696452280475, 0.41880078054045156, 0.2350192911747427], [0.3094622161038545, 0.3990849137956719, 0.049832397386672264, 0.24162047271380171], [0.29898536822555305, 0.17492858437063014, 0.42265694403153214, 0.1034291033722845], [0.45347328641616846, 0.14507116240334866, 0.05004287436971968, 0.35141267681076277], [0.4853693666239735, 0.10622247609486951, 0.0501834876453227, 0.3582246696358346], [0.041648438026242886, 0.9266581186372933, 0.012368285601302539, 0.01932515773516172], [0.36077104315844244, 0.0943693200944705, 0.2477996122464712, 0.29706002450061714], [0.39817019413754134, 0.17396065805680552, 0.03776488296328225, 0.3901042648423706], [0.23280598551015272, 0.3239840559685061, 0.24780827519504922, 0.1954016833262923], [0.14338006224739505, 0.3885221179639226, 0.3526674444972641, 0.11543037529141723], [0.5407109253652226, 0.25100578087450975, 0.097926022156139, 0.11035727160412831], [0.10480369291801944, 0.7764942435196227, 0.03312546187943959, 0.0855766016829181], [0.35784705810141954, 0.20346764121773767, 0.3874193487159091, 0.051265951964933144], [0.3669487747607938, 0.30245404946137616, 0.03352112844759999, 0.29707604733022935], [0.3667370586217196, 0.26719135382353515, 0.09113023474415669, 0.274941352810588], [0.486369842656217, 0.12896339935823117, 0.03919696131496789, 0.34546979667058286], [0.09156213068353533, 0.021451834757042505, 0.8035296106643814, 0.08345642389504057], [0.4198839702633195, 0.2545405014468722, 0.08748138147079565, 0.2380941468190132], [0.8245216541674789, 0.10109120116845766, 0.010626146712330779, 0.06376099795173244], [0.4329872108754346, 0.11928802999678312, 0.02580061957456253, 0.42192413955321956], [0.2888819560192919, 0.39208032015710725, 0.11702115390231128, 0.20201656992128947], [0.466550840467528, 0.1364654483914082, 0.05387224585848175, 0.34311146528258274], [0.20334665794066803, 0.13077592883736325, 0.4562156534128718, 0.20966175980909715], [0.33294657119379584, 0.3895918321054937, 0.03932461076617642, 0.2381369859345333], [0.4608597070509784, 0.08302783190885417, 0.04002327050443403, 0.4160891905357336], [0.3345619879431057, 0.37451304289554943, 0.05655417029362453, 0.2343707988677196], [0.3487004713399678, 0.21440355537105876, 0.09094872220159267, 0.34594725108738106], [0.2418204675362528, 0.5902529333087737, 0.01495818904963071, 0.1529684101053424], [0.8887057804729531, 0.05157937762743173, 0.04303478904821045, 0.016680052851404968], [0.05693637038607717, 0.029548713103930833, 0.877633734490171, 0.03588118201982095], [0.1744429866015101, 0.15992173947760624, 0.5988835223400807, 0.06675175158080339], [0.7433190024004016, 0.1844349724760652, 0.03972355504837718, 0.03252247007515615], [0.4934822415353708, 0.03900982503699366, 0.03671255184841786, 0.43079538157921804], [0.5845287997683944, 0.12872085493055885, 0.2524675977145268, 0.034282747586519294], [0.34594046509349674, 0.20669999709531808, 0.08682386505124647, 0.36053567275993875], [0.36951394336074433, 0.23200245990980908, 0.06396969023982156, 0.3345139064896248], [0.42515112298863733, 0.07535456669452392, 0.1188603137356896, 0.38063399658114977], [0.14546432564598963, 0.4332962846493242, 0.03936965677167751, 0.38186973293300885], [0.5632064292290697, 0.03276899943071101, 0.0988455878165501, 0.30517898352366934], [0.12093406968167364, 0.5313738281997514, 0.2701238640582091, 0.07756823806036614], [0.5081455959654022, 0.15050037649276343, 0.16398069421612996, 0.1773733333257054], [0.08425274462013187, 0.8406304707521377, 0.030071818140867613, 0.04504496648686292], [0.24611374124398572, 0.05675835251409308, 0.5638655896843784, 0.1332623165575432], [0.6350582425072142, 0.22160929613050712, 0.08973157193802543, 0.05360088942425348], [0.18917401779555207, 0.09063715460059404, 0.6510494960822264, 0.06913933152162839], [0.2605053523552344, 0.19376423703256188, 0.3236538087325862, 0.22207660187961728], [0.03407459310602199, 0.42308389919964173, 0.5238933932652781, 0.01894811442905817], [0.18690959474528343, 0.24282902227838832, 0.4380787250378073, 0.13218265793852121], [0.3198232920196291, 0.38378318220011964, 0.06678208685346239, 0.22961143892678923], [0.5412924554072043, 0.16015274855528794, 0.022989212633893044, 0.27556558340361526], [0.4893658904800474, 0.0888591397832953, 0.07724380574124882, 0.3445311639954094], [0.5113278229456464, 0.01737499438266105, 0.012854960230035923, 0.4584422224416559], [0.045159203116870016, 0.9056870417761694, 0.026073699306353355, 0.023080055800606798], [0.14334228837709145, 0.03825554161825555, 0.7189807083056013, 0.09942146169905194], [0.21924656015025049, 0.33947052015492585, 0.23577231018690245, 0.20551060950792102], [0.09779660070336677, 0.807883447812914, 0.04463473940002857, 0.04968521208369034], [0.35667437093569804, 0.3160420817420565, 0.05241676368455529, 0.27486678363769057], [0.080133552138965, 0.04972695722335328, 0.8125923273965479, 0.057547163241134895], [0.25865129466725534, 0.11971714841719021, 0.4421470077904676, 0.17948454912508627], [0.11708889153215457, 0.11248679122728882, 0.6972642985694351, 0.07316001867112186], [0.27517002638094895, 0.4996039692407713, 0.03827338106087358, 0.18695262331740617], [0.17435352893645223, 0.6567001685770821, 0.03268423444611116, 0.136262068040355], [0.11304274194969019, 0.10479492858058465, 0.6934859306702142, 0.0886763987995111], [0.11671925053949049, 0.1999115471430922, 0.5959035297954276, 0.0874656725219904], [0.39674673162323704, 0.21662258541034723, 0.17243995024739742, 0.21419073271901787], [0.44426697949117777, 0.16674154882802347, 0.02340770086598432, 0.36558377081481497], [0.5314113566412375, 0.16204020616731576, 0.15827098031476886, 0.14827745687667793], [0.18669176655161515, 0.48531993977411836, 0.19346759039776204, 0.13452070327650478], [0.020920453581939093, 0.500211516402019, 0.43061129882117305, 0.048256731194869604], [0.41122565440205777, 0.08947666620283408, 0.25947114663938775, 0.23982653275572022], [0.7647141419347637, 0.030012318831174754, 0.19028467379792458, 0.014988865436136596], [0.3951433600617849, 0.5164457007809523, 0.03229416100590804, 0.05611677815135427], [0.19224834483123907, 0.6671466286324534, 0.022927799855792685, 0.11767722668051414], [0.44874478139892543, 0.3329626712078714, 0.03273382714341351, 0.18555872024978942], [0.43568662453128554, 0.3866821252842144, 0.13408556965763851, 0.04354568052686159], [0.4230609021842753, 0.3816745577384384, 0.1377937612803429, 0.057470778796943005], [0.6386241757976994, 0.1602658867409744, 0.04861191660299918, 0.1524980208583267], [0.33323946013613487, 0.3618315069469138, 0.08077202097025145, 0.2241570119466998], [0.3926751945179436, 0.19368082072761816, 0.019222854466946358, 0.39442113028749215], [0.04324983308110037, 0.8490328137518751, 0.08375097887341251, 0.023966374293612144], [0.2805524556261852, 0.3379969892003581, 0.17704242266413572, 0.20440813250932094], [0.19933486449253937, 0.3656769527687278, 0.06704876482003794, 0.3679394179186955], [0.08689495644308626, 0.8625253370902625, 0.013557902136466331, 0.0370218043301851], [0.11522000279657259, 0.6999762326729047, 0.08742649444504998, 0.09737727008547345], [0.3710503045703415, 0.15766049722272651, 0.21544097419133465, 0.25584822401559765], [0.15562441815445746, 0.12663430035443743, 0.6093908413641053, 0.10835044012699904], [0.23500690291925108, 0.19552354848454528, 0.2924707127083786, 0.27699883588782553], [0.49714359437267547, 0.017214971583161806, 0.02991670122441212, 0.4557247328197517], [0.06045658712122286, 0.05292461042419354, 0.8508953625979794, 0.03572343985660399], [0.39864417603994007, 0.07605977745221727, 0.17791765129256953, 0.34737839521527314], [0.13964320384871495, 0.305692333449479, 0.26899757386518136, 0.2856668888366248], [0.24362040715140984, 0.34469539294836415, 0.19611498289958465, 0.21556921700064197], [0.2963882791356129, 0.23885587427416272, 0.24259211502117406, 0.2221637315690504], [0.4111829140005138, 0.1707000137668142, 0.10571350836499395, 0.31240356386767826], [0.034069976318388824, 0.8664663224690135, 0.07825444295548967, 0.021209258257107986], [0.3952259059770833, 0.13222499037509702, 0.15906211011369553, 0.3134869935341246], [0.12392925445760673, 0.5575905209530243, 0.24773864111148433, 0.0707415834778843], [0.5056931774500503, 0.3847569236795817, 0.03415113981521985, 0.075398759055148], [0.44536326423470546, 0.0639922390691188, 0.13315779999994934, 0.3574866966962271], [0.31917611040970945, 0.04314180602162432, 0.3299441731976625, 0.30773791037100395], [0.3858253921953088, 0.09518852650342742, 0.22392777333034053, 0.2950583079709231], [0.4681560306836709, 0.3633447223646203, 0.1085353683566878, 0.05996387859502041], [0.3371707198936112, 0.17523877311050534, 0.21905182939451506, 0.2685386776013682], [0.22295592973034045, 0.44844718859212473, 0.2059614893206974, 0.12263539235683822], [0.1618128885276115, 0.5411215793092986, 0.05070055843298402, 0.24636497373010574], [0.18125838271961403, 0.3498710802346811, 0.10760007046794211, 0.3612704665777638], [0.43004757396880394, 0.14060904076154324, 0.04915619856212651, 0.380187186707526], [0.42463326870710216, 0.24983529119341805, 0.020986581560715332, 0.3045448585387648], [0.47229427525847983, 0.06788460635335718, 0.16190052833084473, 0.29792059005731825], [0.547353675420414, 0.2123755503957256, 0.20730588130378183, 0.032964892880079186], [0.37223263624084335, 0.33322138720528266, 0.07577485788280014, 0.21877111867107352], [0.23760028960655766, 0.08112503906740508, 0.45228043549027, 0.2289942358357675], [0.4355348210460749, 0.2913310463769543, 0.06468316416737625, 0.20845096840959312], [0.76470495311428, 0.19569994179205835, 0.01207765862329435, 0.02751744647036738], [0.3111963112983492, 0.3025980462346684, 0.06758531959085823, 0.31862032287612446], [0.12005227030488408, 0.12941408780062402, 0.6764495439604082, 0.07408409793408306], [0.17255789496699875, 0.3355921827478544, 0.036163823457432825, 0.4556860988277142], [0.4542988051744695, 0.4632411145002018, 0.05352175743933154, 0.028938322885997302], [0.06303973862657163, 0.036280387591209405, 0.8642975050447698, 0.03638236873744921], [0.03352453772247098, 0.9227315633871436, 0.022207198021961784, 0.02153670086842319], [0.11700305074619485, 0.5159674552606127, 0.3130028690156668, 0.05402662497752501], [0.41756728202430127, 0.06548899583014449, 0.20115042968631747, 0.3157932924592367], [0.275551460491863, 0.12785439708991853, 0.3125291512507209, 0.2840649911674983], [0.39553342054877305, 0.11992519268627046, 0.06659393071778337, 0.4179474560471725], [0.27105618492081257, 0.1279788127175252, 0.37689098259513487, 0.22407401976652708], [0.33053410836901653, 0.18749465898827064, 0.1562713740641824, 0.325699858578531], [0.3892638194300615, 0.04663200326881857, 0.3401575130392228, 0.22394666426189735], [0.20803706168429006, 0.3447597827239099, 0.08255595863468261, 0.3646471969571171], [0.11018426599398101, 0.6869359637586574, 0.13349871479694728, 0.06938105545041377], [0.0354327728655069, 0.7701634138086544, 0.17418810951889008, 0.020215703806948794], [0.8156364899995049, 0.10940501616528926, 0.028567937764037734, 0.046390556071167814], [0.15120994046588895, 0.6531172620464556, 0.08260760422865182, 0.11306519325900459], [0.09495291348102095, 0.21979947952424486, 0.4152679091116438, 0.26997969788309045], [0.12495895764635921, 0.33663005342958396, 0.25009144440314157, 0.2883195445209152], [0.47493111521428844, 0.08241005551622446, 0.04627407415559827, 0.3963847551138894], [0.4502034655651386, 0.12071546955898128, 0.047736845163469, 0.38134421971241067], [0.42292716079049464, 0.18837613731482175, 0.07264498621722949, 0.3160517156774547], [0.7432682955516191, 0.17256837177620163, 0.044187751802303596, 0.03997558086987601], [0.4465457072802171, 0.07312937407015996, 0.10729364423548474, 0.3730312744141379], [0.17707185569760822, 0.6026762873194861, 0.12461396085271856, 0.09563789613018622], [0.38749749410127343, 0.19700548110610716, 0.07141044008700781, 0.3440865847056117], [0.2058126429041218, 0.27715351440919256, 0.4279558153521472, 0.08907802733453944], [0.04365867093697312, 0.7803356963645205, 0.07908373745260273, 0.09692189524590336], [0.10575371397491777, 0.7362464290625677, 0.07197212265305104, 0.08602773430946284], [0.23168134776750832, 0.4226851896463743, 0.1689439997168638, 0.17668946286925352], [0.5083123514798623, 0.07987086410837815, 0.033951235258745514, 0.3778655491530144], [0.33236609730058, 0.4093554788532623, 0.03285153959152056, 0.22542688425463736], [0.29944686005136695, 0.09056069197009367, 0.38627267779133256, 0.2237197701872071], [0.5924617480308659, 0.03444050938838882, 0.02175828124215091, 0.3513394613385927], [0.4039682359881635, 0.15649446605901118, 0.02893913759485613, 0.4105981603579691], [0.27233764325536813, 0.23025141703502242, 0.27239578592992236, 0.2250151537796871], [0.28882429201444726, 0.42260312372591846, 0.06138698432338899, 0.22718559993624485], [0.5360532975818391, 0.10363679740557948, 0.036812515330056805, 0.3234973896825242], [0.27278835320333295, 0.14100404870285102, 0.3306237866937469, 0.2555838114000694], [0.40584896677695825, 0.22955822548701704, 0.013824368483597279, 0.3507684392524282], [0.1822433104344909, 0.671516078384325, 0.04077515307507943, 0.10546545810610357], [0.25741599846151647, 0.24743703902027783, 0.42228392765426404, 0.07286303486394097], [0.513654518298761, 0.05623868186929955, 0.025299029527806566, 0.4048077703041333], [0.32498623456045045, 0.3857415866161099, 0.05692058286218565, 0.2323515959612539], [0.08364292295526995, 0.773928143265374, 0.08035467952503456, 0.06207425425432094], [0.4071900267457716, 0.1309583755939592, 0.12623194317676056, 0.3356196544835088], [0.478443387222306, 0.19787456080289562, 0.03870341807252714, 0.28497863390227074], [0.16289146595622855, 0.03928305098360538, 0.6904458074276913, 0.10737967563247477], [0.394529837272309, 0.06559951696838413, 0.20788899174078623, 0.3319816540185203], [0.18684283658228787, 0.4010546268639179, 0.24638000195918444, 0.1657225345946097], [0.3611068227387351, 0.19266831626774034, 0.10262335712062931, 0.34360150387289534], [0.25414611572915485, 0.40532192535609823, 0.18063746180039414, 0.1598944971143524], [0.17326478542131732, 0.3834332851671484, 0.2917629614187867, 0.15153896799274746], [0.12810100645581593, 0.18509860009603096, 0.5712502893512503, 0.1155501040969027], [0.28496245730473135, 0.3121392125933799, 0.19375074555424582, 0.20914758454764296], [0.4199547668345438, 0.07187488052831209, 0.1635322012477881, 0.3446381513893564], [0.11880809760598109, 0.1398546770831556, 0.6443333357713249, 0.09700388953953835], [0.06715153845739547, 0.16596315802999537, 0.7265493012011015, 0.040336002311506254], [0.20465543678517856, 0.6302823854672971, 0.03783972991809501, 0.12722244782942943], [0.032983150292160486, 0.32451511960705653, 0.6252110363630151, 0.017290693737768925], [0.15083982507633184, 0.6916746021282371, 0.0645878794608267, 0.0928976933346042], [0.09841824828993045, 0.22538583297470682, 0.6119557749212701, 0.06424014381409222], [0.5464738251722834, 0.3126843967318328, 0.05462338157852444, 0.08621839651735998], [0.05487456522759086, 0.6858299141055169, 0.21982680563909324, 0.03946871502780042], [0.27122673953074145, 0.30514101525270926, 0.2635099211977955, 0.1601223240187541], [0.2604513261295785, 0.502140714019051, 0.03052516013656799, 0.20688279971480214], [0.18651826577155217, 0.24649384740185698, 0.3873522358908449, 0.17963565093574574], [0.17393241704326232, 0.2860713648029586, 0.4135132055499453, 0.12648301260383335], [0.5939836072894259, 0.017859353788374173, 0.04015489008203038, 0.3480021488401686], [0.24221861815652626, 0.4757704865628472, 0.07677350695657, 0.20523738832405578], [0.10644151519270131, 0.09276296667151389, 0.7384873380469755, 0.06230818008880925], [0.026798821626383303, 0.9067309118476877, 0.02101547470440839, 0.045454791821520305], [0.46258332510396977, 0.0900157435860305, 0.030740502583691022, 0.41666042872630815], [0.5667711419031453, 0.15303607609670497, 0.1790162333903288, 0.1011765486098213], [0.30448826461281303, 0.047221476679795114, 0.4201064902872513, 0.22818376842014054], [0.05856580264572788, 0.0679134384344136, 0.8274139762176196, 0.04610678270223917], [0.07775566928480926, 0.24556467976141932, 0.38626758080489815, 0.2904120701488729], [0.29912038654508216, 0.0880058337702184, 0.34334343214209107, 0.2695303475426078], [0.34922532665943123, 0.37447463727932145, 0.022300542691339457, 0.25399949336990746], [0.5499225045446197, 0.07230039535112312, 0.1394137147732755, 0.23836338533098198], [0.18496131875066255, 0.5277519165585227, 0.16946704772563392, 0.11781971696518141], [0.21020527430582575, 0.24654600284105788, 0.382114750533987, 0.16113397231912918], [0.03745302907311986, 0.9323138330798451, 0.011246335390353876, 0.018986802456681093], [0.2994009656730468, 0.296420509578128, 0.1005347841453032, 0.3036437406035229], [0.058445156570956856, 0.8063338745340632, 0.10386554211270506, 0.03135542678227502], [0.6886301519982039, 0.19488929073215489, 0.07831439664889131, 0.038166160620749644], [0.24497072146745302, 0.04890214859553539, 0.4943750292401119, 0.2117521006968998], [0.4956396583220617, 0.09133621830277222, 0.05728085312861648, 0.35574327024654967], [0.38941780318054287, 0.41345479924884115, 0.04032534107278466, 0.1568020564978309], [0.7174459875850244, 0.1269604486918246, 0.02486614375129036, 0.1307274199718604], [0.07117992842712238, 0.1833254766380242, 0.6936069799714942, 0.05188761496335948], [0.39648641791437217, 0.1129593722430277, 0.46942089411363364, 0.021133315728966026], [0.07746692309514085, 0.720404421690905, 0.1647882255557685, 0.03734042965818531], [0.22628525029473498, 0.09439260449731916, 0.46498580951382973, 0.21433633569411625], [0.03814499771625635, 0.7385977602843756, 0.16397773306347754, 0.059279508935891005], [0.31940787508910334, 0.24811884440605886, 0.11428195952149728, 0.3181913209833403], [0.46451985930550815, 0.12974526405163697, 0.07899253303049239, 0.3267423436123625], [0.13689953348127942, 0.5289618788542835, 0.24960155686678615, 0.08453703079765035], [0.40593306738541096, 0.15437527117326985, 0.07735420841691784, 0.36233745302440074], [0.06646688460911189, 0.7992045415334907, 0.10576932983939237, 0.028559244018006177], [0.028921745706060008, 0.9099068715283413, 0.04457156186929178, 0.016599820896306433], [0.19392500810244043, 0.6253122611687373, 0.05720359557234109, 0.12355913515648118], [0.11822984795420709, 0.08872020884920538, 0.6796474091172249, 0.113402534079364], [0.1328936992733479, 0.2676717193028118, 0.29954490141367435, 0.299889680010165], [0.1923283685516639, 0.21675656839334062, 0.4835362838233149, 0.10737877923168156], [0.3943788640370237, 0.3707040653683674, 0.06500932161324435, 0.1699077489813646], [0.1466784071672796, 0.30090713060113494, 0.2398214381500245, 0.3125930240815609], [0.3600787774989014, 0.37044120061378616, 0.05189514498134855, 0.21758487690596318], [0.5513978357604249, 0.029493699841047147, 0.11402122887262492, 0.3050872355259027], [0.16598736583325832, 0.5777634329043481, 0.13903351283977464, 0.11721568842261894], [0.11424687229765014, 0.1375990083651643, 0.6548541341894986, 0.09329998514768675], [0.1973932259778477, 0.1408967071382568, 0.6245661530466677, 0.03714391383722719], [0.28711255508196293, 0.46381261584647593, 0.03877951416746537, 0.21029531490409661], [0.026170529702210833, 0.035264512775480414, 0.9255113071994069, 0.013053650322901554], [0.1093417430619381, 0.533753906762917, 0.31307218632401923, 0.04383216385112647], [0.29474245557324436, 0.3710512911039718, 0.20433265693914765, 0.12987359638363605], [0.6206209515052172, 0.19144814418179995, 0.07524555939871995, 0.11268534491426331], [0.24473054229929722, 0.33379568075512434, 0.0696062557835986, 0.35186752116198006], [0.19257188905039663, 0.08851785231809277, 0.6680546492390431, 0.05085560939246737], [0.2753596273692385, 0.3208225325614714, 0.14057406135890188, 0.26324377871038857], [0.19133885870104056, 0.3363113192566509, 0.345905199047439, 0.12644462299486936], [0.5023862743556918, 0.08026266339275971, 0.03459007838672257, 0.3827609838648247], [0.460386783552924, 0.42674558703186716, 0.06253990897980403, 0.05032772043540536], [0.07643033488655927, 0.374013721035758, 0.1561540836486545, 0.39340186042902964], [0.38077331052089736, 0.371770483329264, 0.11392255839301196, 0.13353364775682677], [0.06038326185390482, 0.15973052581947036, 0.7247667557282428, 0.05511945659838189]]}, "supervised_prediction": {"G": [[0.1596959294269024, 0.3173287063586868, 0.36189924949967256, 0.16107611471473815], [0.5744391182094437, 0.24299575093149053, 0.03493619236524328, 0.1476289384938222], [0.05989405945185253, 0.29155587720443954, 0.5968953886556579, 0.05165467468804958], [0.11607029324379962, 0.6415463318013306, 0.16969324105778735, 0.07269013389708291], [0.17661585510542968, 0.23893956023819815, 0.5061188114060274, 0.07832577325034462], [0.09852234527242501, 0.19007022853006195, 0.6437600400725101, 0.06764738612500269], [0.29766165281547474, 0.5123537616402658, 0.050400850413794496, 0.13958373513046446], [0.10205443903781636, 0.48068211384169907, 0.2954216370848004, 0.12184181003568338], [0.2615913505382914, 0.5911278987232969, 0.023062524470598818, 0.12421822626781386], [0.21416420633599598, 0.42222418036014814, 0.2700932058336751, 0.09351840747018154], [0.1990558309563323, 0.5461513603935624, 0.16083278595621117, 0.09396002269389386], [0.20970374691032295, 0.4411016757227902, 0.22860158981385534, 0.12059298755303179], [0.51060031706495, 0.37247201758016457, 0.03647631670045521, 0.08045134865443068], [0.13487689371674963, 0.12417512682561697, 0.6535774279295997, 0.08737055152803402], [0.30998405667295525, 0.2892963615515223, 0.24033443640413904, 0.16038514537138335], [0.1352102691410555, 0.10519434123109675, 0.6414305181941521, 0.11816487143369613], [0.2794720118288274, 0.4203025861130591, 0.13834328161665987, 0.1618821204414544], [0.036481019965782596, 0.8645049531307426, 0.07860154413402053, 0.0204124827694537], [0.5508859337515184, 0.3227746293555514, 0.019860512431721346, 0.10647892446120835], [0.054454956874461856, 0.5927493490735131, 0.3170861188920204, 0.03570957516000494], [0.25327157128242844, 0.471949490079024, 0.2071805662909951, 0.0675983723475523], [0.08373021018492091, 0.07983330568406583, 0.7848521820474322, 0.051584302083581286], [0.2628292825105952, 0.3404854916161471, 0.222247267828232, 0.1744379580450253], [0.41656732575808486, 0.21984292424774443, 0.18724126293303028, 0.17634848706114029], [0.3452495303323124, 0.4113595928947303, 0.17303056505547385, 0.07036031171748466], [0.18782938922924416, 0.30764874342102516, 0.39340906533585507, 0.11111280201387556], [0.13950870524643594, 0.6534793694441807, 0.15193959314029762, 0.055072332169085476], [0.27217359056704105, 0.3144703460862468, 0.3229673696934905, 0.09038869365322169], [0.15102053755561876, 0.5700857045452228, 0.2662488821306069, 0.012644875768551118], [0.270873309432767, 0.19829795287605154, 0.014403685620299988, 0.5164250520708821], [0.3885521661878077, 0.3283603891030824, 0.09749041619191579, 0.18559702851719317], [0.06435245019582679, 0.7256447049673056, 0.024712970324484364, 0.18528987451238302], [0.13099117089519105, 0.17937347203433937, 0.569454502342757, 0.12018085472771238], [0.4681640829040013, 0.3193118571270292, 0.12467703536481209, 0.08784702460415693], [0.17111352964470697, 0.15324965700801865, 0.41336052170787985, 0.26227629163939487], [0.12767019748029534, 0.31666986882180626, 0.45628491079293804, 0.09937502290495995], [0.1564618675651758, 0.20426041370974973, 0.2155627690823706, 0.423714949642703], [0.10777590335723418, 0.4320516339102429, 0.36652596044904656, 0.09364650228347611], [0.07573650442701496, 0.29013276199444704, 0.5538617929948221, 0.08026894058371573], [0.28915861962931516, 0.31785660205241373, 0.2595805167672875, 0.1334042615509835], [0.32659658925928176, 0.47354437738830957, 0.030595304265082026, 0.1692637290873261], [0.28895595860768314, 0.5525560040559474, 0.03839658940465233, 0.12009144793171779], [0.3881444651234508, 0.38703122572160975, 0.03774467121848104, 0.1870796379364583], [0.14403211585884054, 0.1951574097503793, 0.5568352196198029, 0.10397525477097766], [0.10643500506567115, 0.11885186665116362, 0.7400232189766259, 0.034689909306538994], [0.3155823412473784, 0.445293231972858, 0.04541471924679812, 0.19370970753296587], [0.1762062512288111, 0.1934258605103913, 0.5061989660920826, 0.12416892216871553], [0.09737541724678513, 0.37958612493223814, 0.48168472596616113, 0.04135373185481519], [0.12557316233380536, 0.16536788017405962, 0.6144173572830555, 0.0946416002090806], [0.16575146422963669, 0.38657781605978053, 0.3495467099655231, 0.09812400974505991], [0.04269545520837087, 0.5667661256793701, 0.3647842989065998, 0.025754120205659602], [0.20662460246064862, 0.47425417328269986, 0.17231436580460216, 0.1468068584520493], [0.13005344117531195, 0.36461751902902584, 0.4350086713547772, 0.07032036844088514], [0.2300863246125915, 0.593280631653555, 0.030295479169069845, 0.14633756456478395], [0.11919517625134914, 0.2203673492304772, 0.59405597675477, 0.06638149776340357], [0.5032093531471493, 0.18955451969364778, 0.19310436491412086, 0.11413176224508223], [0.0356778531866856, 0.120049448236956, 0.8276451637612854, 0.016627534815073414], [0.18954765386554787, 0.6004014325352002, 0.08516154778048811, 0.12488936581876368], [0.27454141582550934, 0.11512462176520617, 0.39343170114479903, 0.21690226126448478], [0.3493086353713809, 0.19526111418559314, 0.32919422519676916, 0.12623602524625627], [0.23772175968538856, 0.12653834007580148, 0.36208831387267637, 0.27365158636613346], [0.23888576415851273, 0.26010880204940345, 0.45161275269667067, 0.04939268109541363], [0.06028552757569512, 0.3395919921330868, 0.5724743821621605, 0.027648098129058277], [0.11924345519915235, 0.7029922299187259, 0.10648125003797435, 0.07128306484414812], [0.09054773482954313, 0.8673895843696259, 0.021986600141201976, 0.020076080659629212], [0.6514105575684394, 0.3146459544614731, 0.01592214858963327, 0.01802133938045476], [0.5952777652320429, 0.13290261727181216, 0.045071174047256225, 0.22674844344888848], [0.1306806941781589, 0.08621513083414648, 0.7055648040899857, 0.07753937089770967], [0.1207485091375209, 0.1744413439216552, 0.6769665357427735, 0.02784361119804906], [0.335332973054822, 0.23001319209023466, 0.3557230609594191, 0.07893077389552423], [0.4463903397182465, 0.10286066087104725, 0.011809319331407438, 0.4389396800792994], [0.2554779997394886, 0.600708818205751, 0.059646717950438584, 0.08416646410432235], [0.2609802972010818, 0.5428268994369552, 0.06115585569828599, 0.13503694766367744], [0.28442270485114735, 0.3882853389516604, 0.03672737128725973, 0.29056458490993203], [0.14836094070332478, 0.15736142690786828, 0.6512868398893822, 0.04299079249942386], [0.37192425731978057, 0.2833539619220692, 0.3188205139681273, 0.025901266790022397], [0.14015939300784713, 0.5711415415531761, 0.19760068133690967, 0.09109838410206694], [0.30232642103226626, 0.2657074477378945, 0.18415640674603065, 0.24780972448380834], [0.06920618553832994, 0.06084002506547764, 0.8045195492417312, 0.0654342401544614], [0.2359367351818606, 0.4059482107931141, 0.1521111111200919, 0.20600394290493396], [0.3803227641144032, 0.16366904811847957, 0.024449617185374257, 0.4315585705817429], [0.1013493346879904, 0.7010578333887815, 0.06219377312715702, 0.13539905879607156], [0.3266917708389173, 0.3780756578710454, 0.058722886278566526, 0.23650968501147068], [0.11386401921964849, 0.5167609313966097, 0.14612349810569275, 0.22325155127804866], [0.760866262453004, 0.08347719638833528, 0.023711929665244585, 0.13194461149341638], [0.23219544868485092, 0.43969512166426655, 0.015979602121382157, 0.31212982752950036], [0.2654846088114559, 0.35368801597440075, 0.2606312554412011, 0.12019611977294277], [0.2579139244700345, 0.5474853764797011, 0.06808725299829363, 0.1265134460519699], [0.13799520210123783, 0.7148540798411123, 0.053239387893855857, 0.09391133016379426], [0.30384903874040187, 0.6158355937791193, 0.06506063951033475, 0.015254727970144301], [0.3072060949442392, 0.5703409863544205, 0.027441270182030124, 0.09501164851931004], [0.4798856288104896, 0.4629697310401123, 0.03233245425890983, 0.02481218589048844], [0.21472790054203106, 0.22589903172261283, 0.36795856117367126, 0.19141450656168507], [0.39873086540