{"estimation": {"a": 3.279778612771207, "rho": [0.17007171332220064, 0.08945031836941446, 0.09829249788983019, 0.08623542695982916, 0.0896693728413015, 0.11760637519565145, 0.10255440058093403, 0.04880637378437396, 0.12338226695831021, 0.07393125409815418], "Mu": [[1.8435480808095486, -5.574534726907193, 0.2606692415943238, 1.7553427211430297, 3.677229209946591, -6.63073762356315, 0.04030002542928199, -5.126063861199652, -1.584399635139183, 2.444699763882314, 1.4690064801282794, -4.05156880795285, -0.4310491757010382, 4.315281397948799, 0.42897268081558143, -0.720691697517147, 0.7388009667101795, -0.7139313777213928, 0.18064116535736804, 4.279472004632173], [1.4056375239552603, -3.1897267312410977, 1.4101103673241409, 1.356161259501723, 3.705759826580604, -4.92490715381506, -0.49465819900899227, -4.281935437014643, -1.2558613732709936, 0.9427818346801838, 1.4448832012391781, -3.4138571699554445, -0.1850179942406926, 4.567335776793694, -0.718528957976598, -1.9985401458742607, -0.9999058841732786, 0.66114706630025, -0.8772688990218016, 4.243628584529538], [-1.5203615323356472, -4.310312985034185, -0.05328909390656786, 2.20802525465373, -0.26306435350295937, -4.278318724355547, 0.8917114863786985, -3.072420579855133, -1.1105230211071269, 0.5765383715437953, -1.8550742566926706, -1.9546355371134345, -2.947131282008773, -1.8881985456182127, 1.6573547057142657, 0.30794161117080576, 2.31797507668964, -0.1550057280852807, -1.0774736314458253, -1.094756523931464], [-0.6461030030680298, -0.9128556086354752, 1.3585333662224437, 2.281051677714002, 0.10245182397654895, -1.2041872745925917, 5.89731921017132, 1.188490623493148, 0.5256565894610067, 1.019933606391726, 0.0884881812687997, -1.761412350418671, 4.849307805089399, -0.30205796537582424, -2.3750647498188373, 3.6199752554441895, -1.6588223267842312, -0.8672749305346363, -1.3862038859395014, -1.6648591976435516], [-2.505381628409473, 0.01729822208838412, -0.1166522297633255, 3.190601790743391, -1.5820163848630495, -2.7296258836490512, 5.956520866108119, -1.1075215217977474, -0.693383598714909, 0.43617181299322366, -3.639726975310576, -1.5629675745553804, 0.772232116229055, -1.76128854245198, -2.912058635882622, 2.2299096710282083, -0.5993691329090809, 0.6276512696489582, -2.713985111325089, -2.836927689064567], [-1.7266217760819318, -3.708219297167558, -4.51914429087109, 7.897343343927186, -0.7929199729957082, 0.3702022297512403, 2.9892743255499794, 1.2933141766185239, 2.375323582606314, -5.6865950020447835, -0.13709264472813268, 4.630532864764064, 1.57984219311618, -7.383349168953048, -1.4736066844631317, 0.5414186749458441, -2.779178592524329, -8.768083358869278, 17.041497898193597, 1.487870899149463], [2.417044503298346, 1.307079761004739, -3.562457383890193, -7.506649436080117, -5.92537466368564, -1.6786001291475603, 2.6776365306770478, 3.5174727082735395, -0.09011780505086395, 3.7981190705780294, 2.0954321077261366, -4.97109244777702, -2.0926081753231944, -0.9617714726550263, 0.017628188689296692, -0.826127528002097, 0.42777359332633064, -3.7896415127953316, 3.6420630302235257, -4.367168396639537], [0.26861528075961494, -2.268529451389952, -3.676450502199523, 0.10177906825430734, 2.4379627250169196, -2.1440767043439477, -2.810303406971079, 1.5611188814661312, -3.847196085389905, 2.8222900264728623, 0.4784085592818301, 4.3651303613349475, 1.3814732271782348, 0.7652108618549569, 0.3124382781068356, 2.3116016853908046, -1.1945354480187755, -0.11483977027806348, -0.5310809450364883, 1.5545515683414994], [-2.075193605810016, -1.2323245469986606, -2.7779956138357353, -5.139785346503137, 0.3697550517740959, -7.180285906151392, -2.183235008090765, 0.5585567482872417, 1.2668312898198548, 1.4969419265323192, 3.671780426886761, -4.331959192208215, -5.594488267344459, -1.9032931386902925, 0.997203196151522, -3.3603079335210277, -1.3470724528707567, -2.2699121114920984, 3.379035541176271, -1.3928994865894575], [-2.5864430760099664, -1.9755706271565028, -4.05394981883676, -1.193474671108839, 3.517691827481092, -2.7841044433978603, -4.647432303238427, 0.21364628666070962, -5.146567831270418, 1.6397880682357446, 3.0962883347050827, 4.116257768697535, -2.8801736463088163, 1.4314901201272976, 2.124065091021513, 1.128043172166277, -1.987967881704647, -0.4957687782710398, -2.009911890934368, 3.2199085258191773], [7.001000194755389, 0.5167539194469208, 0.9623640799514702, -2.5873254227065545, -0.5904225853936197, -2.438212378579529, -6.95375263525521, -0.6800874077905953, 6.703222122131093, 1.7881276371435098, 4.199983504398335, -4.730919969480509, 4.0020131198647135, -5.05497134642584, 1.703447317285139, -3.84212747357142, 0.5493683758989699, 1.2498929025037127, -2.8432305738010624, -2.1752423909029535], [-3.0832988355791686, -4.286531826088266, 3.1744202029073243, -3.184533787542529, -1.2867256478988092, 0.8737199538428875, 1.4545316028245348, -1.15762065521359, 1.5986123049203738, -6.49591563998724, -1.0660225745215175, 1.0440299145535188, 2.9065626774300646, 0.6122280469570632, -2.4225249737570795, -2.1820278828787987, -0.4929337015001471, 0.8492473335394021, -0.2045500920952584, 1.9604223886576078], [0.5596570301775331, 0.3161506150843664, 2.790092351203774, -0.7207031492575734, 0.8002957353806103, 1.1824474183143696, -1.7554733846239041, -1.1037706040826116, -0.025597916308248772, -1.2995745244543924, 2.6256212200910447, -1.0519827142543923, 3.389257320013475, -9.436922942024196, 2.9443336812344807, -0.7332228959366351, -3.4611288831153577, 0.9901765877601458, -4.363488517667145, -2.112986975846316], [-0.04115390919090169, -0.09221494898251931, 1.6862401870021049, -2.7692475156348055, 2.0244135884766514, 0.08829950132370334, -1.07070702082767, -3.313464371523962, 1.6436172946111078, -1.466418104081018, 2.578912868633056, -0.2835341403531335, 1.3196655259570047, -4.4646969214224015, 2.5735102815575, -4.067547922156808, 1.0760407251132795, -0.8637543860178267, 0.29145472647963505, 0.9389923380186777], [3.39393093082084, -0.42331910802578704, 0.4364556518090146, -4.022826893090876, 0.6281040852252919, -4.089642085495575, -3.382756079083825, 1.5888797214396908, 6.807673420334705, -0.15111586906429622, 0.09468641432231431, -5.600104475928265, 3.847241482204676, 2.846397094615815, -1.207699175322875, -4.019096499483594, 0.7287044496093755, 1.3284404723296814, 2.963912462503003, 1.8469214776538514], [-0.19313595342521547, -1.532730701649534, -2.6425099368083496, -1.757160089073578, -4.239639355502798, 3.314850174490334, -1.4629837930414973, -5.543788648666718, 0.19419559585534482, -3.9917415680168853, -0.8599403320100806, -0.08634509457753566, -0.14203757819668056, -1.5619255303535948, -1.2927171366009538, 0.5839470829138075, -1.3262631808718799, 0.6020931365627058, 4.280026624964374, 1.048082868834388], [0.23860840223195232, -1.1866703280432223, -3.6824744044550304, -0.05465531450436297, -3.2979035790429507, 1.5607393309230955, -3.8144966462115972, -5.465302082225857, -0.8382047535990321, 0.17411327738964663, -0.6536662772567977, -4.220996624168832, -2.337631692859419, -1.1471910702982229, -2.211508713290193, -0.3637731795160533, -0.6287791886090787, 3.137629604926501, 0.3004512404051946, -0.9418829458896878], [1.780938884657545, 0.15502920978028625, -1.180730059765731, -5.197871115949865, -5.142665445598708, 3.7336711212961973, 0.2895471685363643, -0.13074874585763643, -3.7813285258015674, 1.2213875239117076, 1.6582058294275976, -2.6654436696189556, -1.210140972685945, -0.3303011265552787, 0.3580850599030829, -1.366444322459345, 1.1905990370562318, -0.20434062070633288, -2.677573451006554, -1.591472383828718], [4.853956977812785, 0.523949900890155, 3.6115626342460336, -1.8465290108972499, 0.675078854842363, -0.44971354384860196, 2.351861683399983, -7.583589525019393, 3.308630897314086, -0.9687528911305058, -3.370264036021744, -1.4240074802857259, 1.3877917241797506, -4.749356662134545, 3.114114464911866, -2.61957686960723, 0.3189687413497683, 2.881207166070378, 0.8153483693487102, 2.3001289649387413], [0.22640046428376118, 0.31174761576470794, -2.3894049387967384, 0.1504053638020105, 1.3806267990781758, -0.06775529829247998, -0.183433089814153, -2.935280309769931, -0.4797244097568522, -3.2563030352516247, -2.862469723101972, -2.1521397548317025, 0.34811473174633323, -3.375447618553486, 3.0966523592971713, -0.08788884010307206, -4.092967700448735, -0.5608200145134424, 0.34136015102993716, 1.8790084877660487]], "Lambda": [[0.21566339437891296, 0.32185878157303016, 0.7001771579481126, 0.7158637139268764, 0.6415145534779636, 0.5302601320799094, 0.3103232526617676, 0.4613272143187857, 0.7691042124219382, 0.5255015320840317, 0.7032263709354806, 0.4786804255093072, 0.3865837957186883, 0.503740475080937, 0.5909976409384512, 0.3494369689126392, 0.45995013188303757, 0.3142233958225629, 0.6052164435710278, 0.3292280121088827], [0.32744944136133464, 0.3370604936649404, 0.5043281395672261, 0.7106079536296654, 0.5860115642635416, 0.48500301727284584, 0.3590628634899683, 0.37589435330927556, 0.605059310732801, 0.6376569608593259, 0.6035820635528882, 0.4435318052170968, 0.5180439496291713, 0.43972827555843663, 0.6155919768556756, 0.50772864789042, 0.6367712470975792, 0.408673637560475, 0.649881183538353, 0.35649236758930464], [0.546639896577668, 0.45524897211967086, 0.6190553385951552, 0.38391793626779647, 0.7679361008000246, 0.4629782630838083, 0.3531247393941968, 0.5753924226862971, 0.5732584158602027, 0.6206374401710619, 0.4929360296279579, 0.4217742517491217, 0.35774157787900684, 0.5658275505614172, 0.4646325288778389, 0.5411695616921692, 0.4547206232376784, 0.3461905657763024, 0.632030565648515, 0.42584640225021975], [0.3726750166282401, 0.506270688184772, 0.5369543298663847, 0.3218016267850541, 0.7289774666299229, 0.36073760948966554, 0.3733487710027881, 0.5718702949946309, 0.684781483695724, 0.5931251920121171, 0.4958784355324731, 0.5470249279733089, 0.31643952903233, 0.48992770881317277, 0.4631693190204775, 0.4039189651582428, 0.5022577424595593, 0.540685955993728, 0.6371920465808562, 0.3122275231447172], [0.5338343623396474, 0.5287070175143381, 0.6366728821908885, 0.398747339699933, 0.7495716917450955, 0.382023221093159, 0.3655208151803712, 0.6439789713766224, 0.6655243966408877, 0.6090874188749976, 0.46541496629608214, 0.5588629693083977, 0.41931338806232926, 0.5315436807512515, 0.5802662507692657, 0.4077407539742471, 0.45340534855342296, 0.4128855039756946, 0.6923525809409814, 0.3015844229194003], [0.8428603207149129, 0.6288768077896834, 0.42437755383848075, 0.4521878981874321, 0.39544028670242487, 0.6953232783629136, 0.6271583163272526, 0.588417057726203, 0.548393858034855, 0.3490265614354521, 0.5313455802849355, 0.591304361185584, 0.3722311702769532, 0.7429524309102937, 0.23866420638480398, 0.5269487385124486, 0.34974907598398053, 0.3415301438339518, 0.18666827647293413, 0.1546984997719862], [0.7693201807704815, 0.5505058913054017, 0.4166094267761044, 0.18741488559655242, 0.42144632454721065, 0.22288929975562344, 0.6126926271010065, 0.5075110622882203, 0.39534387605930205, 0.5609853015290054, 0.6870361292631888, 0.3882835737134725, 0.7928905663680181, 0.3464966982797827, 0.4388642013547853, 0.5936641269906474, 0.49342612469637165, 0.3899584186085305, 0.46770473773886445, 0.5282784797146689], [0.5063447756583243, 0.4800957109646869, 0.42047857103646685, 0.47392692592650526, 0.38378103264846813, 0.3828487549036876, 0.3724128305809748, 0.44938938828238056, 0.34116359356419385, 0.44274847188871685, 0.5058065079552626, 0.32311476081993884, 0.39618173862087547, 0.33429998716877096, 0.5265438394946725, 0.36779230252516193, 0.48974410078124847, 0.4341291030582242, 0.40364240946579877, 0.5028737922478721], [0.7359609252850514, 0.5673714871512868, 0.3781942387123283, 0.24640302587100138, 0.5409377541651283, 0.37378156625539266, 0.6511545871099962, 0.6466493406395991, 0.5292690796483178, 0.6194007080219007, 0.5259496204725055, 0.3492159483096024, 0.6063835966857879, 0.31447616462163436, 0.47259371547547196, 0.6090706900149356, 0.4335507357960698, 0.29439671906548104, 0.5881579732882076, 0.4025441862701105], [0.5052366059655172, 0.42263044828434276, 0.32694930639456427, 0.4071864942150897, 0.5466128940558523, 0.49982007457336664, 0.2789998725783688, 0.5420101552556978, 0.30340089973030154, 0.5094662829230234, 0.3980101654095075, 0.38803472539741224, 0.29946876040675713, 0.36384945390199275, 0.6085205120725814, 0.3989436861750766, 0.5337173431440431, 0.37704729486105165, 0.5020037193219533, 0.465508105760617], [0.3570895649395706, 0.33872973493586045, 0.5833194993476286, 0.4852595334102624, 0.9368536252566004, 0.8462231224003055, 0.4379924355334169, 0.5916086286151835, 0.46744749983779266, 0.5738841378164465, 0.29975856949645285, 0.3901251869053109, 0.5620813927716752, 0.3405622783291222, 1.5719851786722587, 0.2868989419617316, 0.8890626792390816, 0.5363683756052122, 0.43997323472327726, 0.3427089974263917], [0.5864675866035182, 0.3275273940132691, 0.3980900308392904, 0.5433635268172219, 0.4363361215660196, 0.5945995183154824, 0.39383632023325227, 0.5202894679207656, 0.685239290692989, 0.33216603334667577, 0.5174258083178415, 0.42560062154156, 0.5431939260830582, 0.10983843551988871, 0.49465609148469686, 0.43268839641518547, 0.4277413003270099, 0.5804760866243667, 0.5485765919098448, 0.5912340889323817], [0.6403567183474473, 0.3335103992327475, 0.6245340851732037, 0.39417914042146646, 0.6383533243853966, 1.236839415350308, 0.5732292061164932, 0.3304041084535941, 0.7492721626265045, 0.5126798745730791, 0.5956362293939946, 0.40376266393493193, 0.640912257432321, 0.16632424861002662, 0.6678355418260616, 0.49534989068230306, 0.6070856273103435, 0.6471310203586997, 0.4247424867722031, 0.4281779714899083], [0.5338383547409883, 0.6869244516311447, 0.40632040537391534, 0.5284016803525948, 0.7767651283805261, 0.7981163206961522, 0.3837059284320465, 0.37823813000366896, 0.563496900194906, 0.4803648081755824, 0.4337276808374807, 0.35824579418615626, 0.3841843710037167, 0.32851563453611937, 0.5182986799300388, 0.42092280123138637, 0.5431162128968675, 0.5000435002231677, 0.341787327571314, 0.4874544516663915], [0.43439177059385864, 0.4589608951744338, 0.2667072772522766, 0.4964251522376365, 0.7446720333287508, 0.3913369770339871, 0.46538945962289036, 0.8658465055427212, 0.5649852799637642, 0.6617822890861514, 0.38804936572094473, 0.19920429751332064, 0.6129534343926222, 0.4019019400732282, 1.28468665048107, 0.21300123065141033, 0.5460965543552039, 0.6591468211156943, 0.8671494267475139, 0.41590215963495963], [0.6375556437201888, 0.47429601262352006, 0.48083764334924106, 1.1909240359388775, 0.37951456354384056, 0.6016000390477652, 0.765633533922401, 0.6030520846912285, 0.3561273448640002, 0.27937792983072285, 0.7323991504799332, 0.5082863002757594, 0.5402945374755854, 0.3964016105535758, 0.5623204700926505, 0.7270363647433127, 0.7549235226806017, 0.6299515736361412, 0.14100310616424, 0.48772929079436844], [0.6995399320723436, 0.5785863367032406, 0.5893600226241043, 1.2631179562405912, 0.5157808287047039, 0.6320026444419548, 0.9141628436667832, 0.5132246618957623, 0.45283228919733726, 0.41932199530552533, 0.7131845713677225, 0.5656339246326516, 0.5282690515785875, 0.46903926184969486, 0.4274063893871576, 0.6561860006173754, 0.6642363542930664, 0.5408792982495968, 0.18719850357376008, 0.43172203034313517], [0.5066768187897595, 0.5209391518324126, 0.45270270804123924, 0.4487454274594856, 0.5712129269141636, 0.3308688742927921, 0.35235286480309286, 0.4301838859077583, 0.3276449683730745, 0.48310869781723975, 0.4873713635000348, 0.5441103145139923, 0.33873965250619886, 0.41029627590432016, 0.5656992978294284, 0.32098674597266025, 0.5326942185734392, 0.4992739527394361, 0.3894971824075202, 0.4381709833005018], [1.1334744494089792, 1.042814296722852, 0.5974150345655621, 1.23669368394513, 0.4851912073620076, 0.5157239739746142, 1.3847162066337375, 0.24824835717130447, 0.25950308924441373, 0.0856350278398826, 0.5139492415651532, 0.5370931807829968, 1.2097441603842853, 1.0306623377300952, 2.244968969198259, 0.3858245238339784, 0.858592350058725, 0.3810622182120598, 1.3604765321677985, 0.7128893397031584], [0.34080335719570104, 0.8313996081037367, 0.36020978199847664, 0.7132739718558728, 0.5228621181062647, 0.5869327301409524, 0.49976050975468833, 0.4561370399421429, 0.5056748029223654, 0.36242521616054235, 0.42375245506540715, 0.2523830644353193, 0.36604904243156916, 0.4608854827264272, 0.4384615103769329, 0.4157690751532952, 0.2888759975321953, 0.6825250042447285, 0.48766696207613586, 0.4771532180954524]], "G": [[0.13599120488922775, 0.041700153193600376, 0.07617989825383874, 0.04073187261149102, 0.04253822667674373, 0.35447505458363887, 0.22172136959860186, 0.029288702821355983, 0.03291165696592244, 0.02446186040557906], [0.023370973731109877, 0.016806464824589883, 0.027911486424535187, 0.028214591061971012, 0.014124912908557465, 0.36716956780295623, 0.32435861714140335, 0.04056512367640416, 0.04097944334295784, 0.11649881908551452], [0.05448169518327141, 0.02470765576166635, 0.06512361104735061, 0.03402617711128209, 0.02928241074010805, 0.08358647617441602, 0.07019597715049979, 0.020433686029123117, 0.5648383576511509, 0.053323953151131365], [0.21407377738273237, 0.1011069069983315, 0.10915862547649628, 0.05516393434831865, 0.03541743928296744, 0.15210436256204093, 0.1364580008073087, 0.061947792890458604, 0.062291881110164614, 0.0722772791411809], [0.14765191456280427, 0.04441368813783977, 0.03195014678242782, 0.1301735378400645, 0.10599977528268104, 0.0484593946608651, 0.05006383007048878, 0.05340765819384367, 0.2997828085377964, 0.08809724593118916], [0.20359435059743994, 0.12144349414408717, 0.1395481146039267, 0.05028036524955589, 0.17398394904600767, 0.02487107519512689, 0.020966807518714894, 0.04640165744711999, 0.11429634991268277, 0.10461383628533784], [0.3863225960197635, 0.11167002057787669, 0.29363729749283335, 0.033540847008902724, 0.026626283580838767, 0.039265533384576605, 0.02534561650968946, 0.014952966588539627, 0.04115436081228994, 0.027484478024689125], [0.20285417314827425, 0.028435779880728103, 0.05144304603501046, 0.12178513812559698, 0.1758496466545161, 0.03674938019160829, 0.022985934268431027, 0.02621726528102197, 0.2836236628750652, 0.05005597353974693], [0.11798948850207211, 0.08529229183033911, 0.15554116222839515, 0.04367866119710657, 0.13728806215542452, 0.1046271835493578, 0.11611462157428777, 0.049734499757598125, 0.11860872652524576, 0.07112530268017306], [0.0616489780439147, 0.19039344181157464, 0.07625823924888316, 0.08149982811641271, 0.04883688653845398, 0.1398954015128889, 0.1222741002857874, 0.19685107176835592, 0.019715033334926448, 0.06262701933880283], [0.08879984414214452, 0.03976337978075627, 0.08998622956538564, 0.33720890247432517, 0.3669167833887405, 0.01143304174409504, 0.015536717025761744, 0.015667731659802883, 0.01773896698763638, 0.016948403231351418], [0.31739673391537027, 0.04012199949358736, 0.1335985932016221, 0.041580281429263635, 0.14787447971507087, 0.08935663159579192, 0.07112519143092486, 0.032050778278528536, 0.05814267802176184, 0.06875263291807836], [0.26416133923376295, 0.18258113740408274, 0.060549210749180994, 0.058644453043006584, 0.05870511894174406, 0.13352062895989503, 0.1345530646707326, 0.04830765753019042, 0.021280599256281243, 0.03769679021112375], [0.36702739746878177, 0.3416056053372968, 0.029334875063843177, 0.027878971376500913, 0.031946476497588396, 0.08734965895942, 0.07015923585984332, 0.010076016022079571, 0.012514685881956016, 0.02210707753268988], [0.17103162420822351, 0.10225615680252971, 0.24603310015466684, 0.058220317957956125, 0.08196631339292339, 0.049015083687354306, 0.045765969440185295, 0.04233940466816014, 0.04149240924135298, 0.16187962044664825], [0.036848412830528664, 0.10629488486443997, 0.029310133780090633, 0.057884467974226556, 0.013782310431919405, 0.16211163448654553, 0.11597249212061278, 0.0563020803034163, 0.3917894145988254, 0.029704168609395832], [0.23372001215812843, 0.14049507170260372, 0.08759212878159423, 0.04972217112284384, 0.1768165742651947, 0.11444652582408388, 0.11020339832467806, 0.02723237945387598, 0.024689843364888164, 0.03508189500210868], [0.22924416832641012, 0.06694951926120082, 0.1810979040821377, 0.049408410093844043, 0.06818973852495978, 0.15433913267539762, 0.15051438056650537, 0.03732270437831427, 0.025437524475195594, 0.03749651761603427], [0.06097212702655559, 0.23697700729076573, 0.045635527779026165, 0.24414079656875393, 0.021774981559211853, 0.060652451689861706, 0.03612000023492526, 0.040976478551259986, 0.21346213016652102, 0.03928849913311909], [0.0630368355726549, 0.019758799146931752, 0.03825181844611483, 0.030940308534300714, 0.061754224338034694, 0.3548672880449618, 0.37108384852630405, 0.012643341733942425, 0.010425881041101403, 0.0372376546156537], [0.33518368332105525, 0.05483905946378382, 0.1495983875473389, 0.14762375656258492, 0.13637766998604656, 0.023308234774029667, 0.03212066826410166, 0.05444656543491307, 0.04043616319014921, 0.026065811455997113], [0.31787161242957096, 0.2069792382956862, 0.0722766087302812, 0.03814519144220623, 0.029599636012337106, 0.028113749239790237, 0.031737857679424705, 0.036261353776819875, 0.21534717521474464, 0.023667577179138807], [0.14723439469530344, 0.025838213448224047, 0.038591959900753495, 0.034788528277035595, 0.10660016852978654, 0.1425201904928126, 0.14075019204512168, 0.0182940074613543, 0.3114989494657271, 0.03388339568388083], [0.09188772752704198, 0.2531072574725959, 0.07253356593062511, 0.0987498052525083, 0.14180216509866514, 0.1084709589814996, 0.11747137733155977, 0.04919613661128299, 0.01829517685654115, 0.04848582893768019], [0.029624517768629684, 0.4069249311325702, 0.024027372386833362, 0.4012211834523651, 0.03193649740685111, 0.024717802609517645, 0.01950520682818, 0.0158312506772628, 0.021775081652637616, 0.02443615608515207], [0.28982537273318515, 0.1993085845677638, 0.05320284421749268, 0.1785972881529384, 0.028195178746860075, 0.09547487428193557, 0.07178358135816337, 0.0470042230545131, 0.013759227879079078, 0.02284882500806894], [0.25286236415042385, 0.1262174813593555, 0.08713327455569596, 0.1565850965220087, 0.12796150033845782, 0.024450224682673116, 0.01462225569406572, 0.14149049808066866, 0.026764971366429705, 0.04191233325022148], [0.0822197758723536, 0.047846394976496745, 0.0816109689714131, 0.04883317689686144, 0.049281704721180236, 0.23621615475112268, 0.2430701282605554, 0.11188813007514178, 0.019392068992640753, 0.0796414964822339], [0.050247969591480486, 0.1732764073503658, 0.04336528915554034, 0.05162337621702049, 0.14533351873153072, 0.1831438982450362, 0.18178647107461443, 0.030546522787139995, 0.07423252633340303, 0.06644402051386833], [0.09698728467112759, 0.05854826780325712, 0.07746341825333014, 0.05019157448612664, 0.03259562650195857, 0.04493309406045548, 0.03511324059365584, 0.022814179224667018, 0.5428800386909832, 0.03847327571443843], [0.18854744566583265, 0.026028175237859323, 0.081097839810565, 0.05632838452970199, 0.1351067987793575, 0.14756318607890903, 0.13052641502667117, 0.044602294826928, 0.08310435612226263, 0.10709510392191358], [0.0561291284408199, 0.06027691350050115, 0.044697776197475926, 0.05779240011635607, 0.04542713393688079, 0.030558574352768774, 0.020578633510457814, 0.016501152989456595, 0.6356297480344176, 0.03240853892086561], [0.2418829741392466, 0.051563564350823994, 0.08751900941993614, 0.22507844429141727, 0.10192733322727414, 0.0957691827943727, 0.04884121672855819, 0.04374262075392368, 0.048276574433736105, 0.05539907986071065], [0.08992035168216253, 0.08333706690310168, 0.07734343676560573, 0.14088587860557403, 0.15243023858567076, 0.054463645368069906, 0.04222079702668864, 0.032618828106702254, 0.08273819854869059, 0.2440415584077342], [0.07066197184933247, 0.19376772386402777, 0.06352738724168717, 0.05982214911398773, 0.13297029789791165, 0.0717294655108626, 0.05440106248269738, 0.04408283518384835, 0.28207787461409894, 0.026959232241545554], [0.34015480309194257, 0.04600387478130022, 0.09677262786410529, 0.03651483679092637, 0.2258934103570328, 0.06326400186851688, 0.052378290237719505, 0.06188054704736114, 0.022629685475564695, 0.054507922485530685], [0.02754885616333701, 0.03771665754492933, 0.04979424420168068, 0.21518024307527794, 0.1803166733811121, 0.10436367625336056, 0.13776618540098057, 0.12098846710757256, 0.01743019632138659, 0.10889480055036259], [0.09795106433337765, 0.05983778324241672, 0.08109699622572994, 0.0760781366891573, 0.029917159136943143, 0.23077890058729134, 0.2056192773832887, 0.05204855589537497, 0.037045059574277873, 0.12962706693214274], [0.34519408107325716, 0.16437181666314712, 0.11179435363208963, 0.02867640867568891, 0.021213990246533136, 0.029659054529848346, 0.02711750381096891, 0.016972664264563314, 0.18159283833407294, 0.07340728876982978], [0.1443569209347306, 0.13694170530552116, 0.06808894369559022, 0.1187344351981188, 0.09717683060804182, 0.14027322629343336, 0.14659560127319624, 0.04716647508022719, 0.04088744446714557, 0.05977841714399507], [0.11077584686941946, 0.11700416453816997, 0.08763505457924388, 0.24468134134740643, 0.042300635437774736, 0.09162011944964236, 0.038524522903402025, 0.04593563864308057, 0.047287183470564126, 0.17423549276129643], [0.16099274455883125, 0.10382170620652635, 0.08225424772300119, 0.17687493354486972, 0.1373384313490597, 0.04845885805597008, 0.033334176691461256, 0.0475015744581796, 0.09480777726424842, 0.11461555014785227], [0.14787029256369583, 0.05786058477824287, 0.02570940941213929, 0.042452873860530246, 0.09571073101586937, 0.04153257523285435, 0.05483071616635798, 0.05860267653497521, 0.44064740320722945, 0.0347827372281056], [0.033989585484456825, 0.029401040842763067, 0.020587686521480082, 0.041146256101461186, 0.032778954805578214, 0.06652660141070045, 0.016641333466661506, 0.013322233519807542, 0.6660125258470468, 0.07959378200004524], [0.33914165890794973, 0.01836773504207683, 0.3165160290575549, 0.04343697327682536, 0.014263043939529542, 0.0859101874363189, 0.07884407636398258, 0.03275461736821308, 0.013114784114534407, 0.05765089449301473], [0.1556327323389834, 0.08255980046195918, 0.13533070476197862, 0.10576766159074143, 0.051958119383507716, 0.11177813924530251, 0.09172062910860007, 0.06158944676607323, 0.02330634465346821, 0.18035642168938515], [0.24212992481294882, 0.0536321378648023, 0.19758003091538107, 0.14688810877121, 0.026920164410206244, 0.06284724900484359, 0.07945958974584137, 0.1039170761591872, 0.04286151450831822, 0.04376420380726122], [0.21475606432112068, 0.027373122943893515, 0.16473833466446747, 0.04950910464048038, 0.018086646904687205, 0.20415133884427694, 0.1809831923111056, 0.04313924113377445, 0.06062873642089911, 0.0366342178152947], [0.3663045892004798, 0.029941931246556714, 0.17477003659792237, 0.10008956450883427, 0.1408201473619416, 0.03568243606163473, 0.028925181871827594, 0.04070205036999836, 0.031850748057156854, 0.05091331472364788], [0.17254387032908106, 0.07964680773892158, 0.053825714446955705, 0.04827550951738827, 0.13997271951816845, 0.03959115807717776, 0.02266219116542805, 0.01903757263091805, 0.3986153790669642, 0.025829077508996108], [0.12238057064760759, 0.045621996252010966, 0.06263378314578014, 0.03497340068627765, 0.028117470966024082, 0.02853391005052328, 0.012198892160826959, 0.019759555281126023, 0.5428808204262274, 0.10289960038359605], [0.02370785899590006, 0.029236299431236675, 0.01804884096247641, 0.032793895565603526, 0.023209714531888206, 0.03182089457367827, 0.02643945539215016, 0.01889453950034136, 0.727847332067323, 0.06800116897940303], [0.07105342276737445, 0.026821045005104117, 0.06793096616885251, 0.06313556658051889, 0.07780848420253106, 0.19187982488187047, 0.20410651529549476, 0.15162282467189037, 0.025599669216813607, 0.12004168120954893], [0.1566885461776601, 0.08783190492541484, 0.11598766920315694, 0.06364531956612306, 0.07846082237610019, 0.17693657746991684, 0.1503684559398289, 0.027018838331221755, 0.10064410286766425, 0.04241776314291315], [0.2866480336776985, 0.08934987292255374, 0.21937639886058474, 0.08058706740912822, 0.0270625770859805, 0.09297251656702413, 0.0919644084112157, 0.04948614465126297, 0.02757178395537745, 0.03498119645917399], [0.0761354905942742, 0.12007066453881814, 0.040800661777547015, 0.05433301224764175, 0.08012065201860046, 0.24920345512592335, 0.25632366370531157, 0.025740386494011516, 0.04241115318638251, 0.054860860311489575], [0.3476311868532071, 0.029370855918804308, 0.012681357004024302, 0.04337450820118032, 0.3321090413339975, 0.07726673292115922, 0.07353261758191375, 0.02631731537319704, 0.015158720198952121, 0.04255766461356474], [0.022584248018539897, 0.06808761734640338, 0.046521319004094265, 0.08247465063336587, 0.03499147771207357, 0.1652909584345464, 0.16766950144475945, 0.039121195968341425, 0.32920564842381145, 0.044053383014064515], [0.210602677911849, 0.1411095728545076, 0.12130864682275462, 0.19249458584866708, 0.1661828710156113, 0.04733948656136343, 0.045800325003923725, 0.02122323137219459, 0.021514921021247465, 0.032423681587881156], [0.2066850564741533, 0.03734560369472664, 0.02808680104523526, 0.05832750128455337, 0.17732694110184402, 0.1886630372018346, 0.18599024836004152, 0.012807108191760647, 0.06839590851817266, 0.036371794127678485], [0.26887025859082836, 0.060497833067093346, 0.1277046424709471, 0.037261125238081456, 0.12328253743419051, 0.022957672824376513, 0.04928214887275796, 0.03491162352028245, 0.22887283855562787, 0.04635931942581377], [0.07906713265319977, 0.12773050684924886, 0.07641548017173945, 0.12142661561842137, 0.02839206339004375, 0.17897343951309233, 0.19020920694257615, 0.06270577252690092, 0.0439380526163111, 0.09114172971846654], [0.11439434695492094, 0.15448255712187936, 0.07002635053040457, 0.09388901775456793, 0.06890802509802796, 0.07382294098955802, 0.026172626471397703, 0.03150259551509544, 0.28003922162362904, 0.08676231794051945], [0.29642442290810855, 0.04106302419447863, 0.05372249504498631, 0.03573690300444411, 0.2112586911049789, 0.051030142963815896, 0.0420219341367798, 0.11182268625707799, 0.10793220982664908, 0.04898749055868008], [0.41107473660190397, 0.02869427712674593, 0.38968847274579377, 0.038230058290635596, 0.02158350529047602, 0.013674861572299088, 0.010661893291269356, 0.055074575882602096, 0.016008360728080505, 0.015309258470193784], [0.28612081400480655, 0.030452288410558623, 0.03341582894742432, 0.021502480963789677, 0.2540881584700717, 0.12127008864655667, 0.13758032309392326, 0.023054270810071286, 0.05805170409482427, 0.03446404255797368], [0.08866248931346875, 0.07392883081116675, 0.06336063837280659, 0.061065629787076456, 0.043825886937442625, 0.04990459661817593, 0.03704883018476557, 0.021203252578323065, 0.5054045299402803, 0.05559531545649322], [0.15574782245592345, 0.05688143746509328, 0.10537436851950836, 0.07126036226161449, 0.06604134220973439, 0.12027976890624606, 0.1320330222341053, 0.037373580168321166, 0.19976249002645405, 0.055245805752999276], [0.22580393050536582, 0.031819473759878356, 0.09489431975144062, 0.1431605672743202, 0.08282238574507064, 0.1690114735018416, 0.13885824987263587, 0.020524573377702172, 0.03741668044705812, 0.055688345764686495], [0.2068374563669053, 0.06446230228308301, 0.1973915594596303, 0.09984590773741094, 0.1959387998201516, 0.03288310750870392, 0.030249031539632158, 0.05807210147469173, 0.04802653093314642, 0.06629320287664484], [0.32681132231607946, 0.05448513866346316, 0.29494305886815136, 0.07300560187834244, 0.016108118936638945, 0.04207933844809209, 0.0194509608085585, 0.025041015654076796, 0.11828235564501122, 0.02979308878158651], [0.05814884346950838, 0.03096859246492652, 0.25895131734960325, 0.03990220159059122, 0.2758608590842471, 0.06474769607760625, 0.04561667501024467, 0.07823113554466013, 0.022482050971475077, 0.12509062843713806], [0.16560648173653356, 0.07813217432539334, 0.11526049155100605, 0.09183711325127576, 0.06694032205340963, 0.02858498404495135, 0.05012552341801148, 0.036912624691598596, 0.324583767728749, 0.04201651719907142], [0.28840797739543833, 0.07341532587470972, 0.06222603130185544, 0.06501207084941205, 0.20754672954652556, 0.06832855768230853, 0.06613482872386754, 0.03490721434732822, 0.09466242085407986, 0.03935884342447509], [0.26237995653383955, 0.05024863319280194, 0.09018733543423287, 0.06981315852375067, 0.23274237832629183, 0.05677603585758023, 0.03962010414450151, 0.01790212799464605, 0.08956917543951404, 0.09076109455284184], [0.09411322810289227, 0.01565370428825722, 0.014699889303208875, 0.01655042220373731, 0.0923280678545431, 0.3536198781643343, 0.3593199141737041, 0.015670738504272863, 0.014260437941904097, 0.02378371946314579], [0.052232302824210264, 0.3304028730460438, 0.051182214800466815, 0.043179234672762364, 0.32099179645589443, 0.046498771194327264, 0.03874111784941552, 0.019786936317104927, 0.04418231420837425, 0.05280243863139989], [0.6979266862241419, 0.06239237306930267, 0.04280308430086553, 0.061113879488172346, 0.03328034153040415, 0.014765787416437706, 0.012299169607823384, 0.009175265820172886, 0.04523848286209766, 0.02100492968058238], [0.056010959781156514, 0.0604699243710416, 0.05106710524799645, 0.0650641904567065, 0.02292637775293568, 0.03928307853146361, 0.019190687241292224, 0.02252700346412721, 0.5987855820498286, 0.06467509110345161], [0.2827853297707213, 0.1139081655715476, 0.07664832179621793, 0.060334192839220604, 0.22244730370300622, 0.052689021396157686, 0.04478388201185962, 0.05600222714970546, 0.023168274092992526, 0.06723328166857154], [0.06972768812447165, 0.06123785093375953, 0.17299180834766956, 0.2017369580628977, 0.04960617848586831, 0.05818413943594523, 0.027516524032842868, 0.022861759972158502, 0.13722802728565922, 0.1989090653187278], [0.05006437014371825, 0.017626022389123246, 0.04332932710115612, 0.021750937655698143, 0.010113685462680017, 0.24003725347392973, 0.22746537358362462, 0.0210247152234252, 0.34223404188828543, 0.02635427307835993], [0.28429961622111466, 0.06540474264801287, 0.11129600322490121, 0.131885204765922, 0.15981646212146267, 0.03143397817946324, 0.02382497228969483, 0.09566989947387725, 0.020220983449936496, 0.0761481376256149], [0.06499963382400047, 0.06722189424322042, 0.10281480441176002, 0.08913982815503164, 0.03309597315867958, 0.07054637761206965, 0.03258070639392546, 0.018944816944795415, 0.4465485061084839, 0.07410745914803346], [0.2561051416971446, 0.060239439594686, 0.08240311075923244, 0.16367812364512102, 0.15016094777646907, 0.04535146976669426, 0.03579711436823004, 0.06598838471993079, 0.08331812824040645, 0.056958139432085116], [0.07685127735125045, 0.028394510190606504, 0.053282273493239544, 0.10653234919895212, 0.01280649509520987, 0.07519779958183659, 0.07357643217523675, 0.044918125140139605, 0.4761935497573369, 0.05224718801619074], [0.024777074712234885, 0.32024175671694205, 0.04608281301370116, 0.3980356707139457, 0.0920439120012839, 0.015405076899940931, 0.014473846278619423, 0.02964058882930469, 0.02640757058821978, 0.03289169024580833], [0.7649237542406515, 0.03916017577125059, 0.03372649755203722, 0.03993425364779224, 0.030946347570378254, 0.0381658217668604, 0.028037508263145113, 0.007293335620149725, 0.005692551282883801, 0.012119754284852345], [0.04635892092536047, 0.021787952939838602, 0.019363840141044263, 0.02752300763899388, 0.024624028566024418, 0.3945575331634646, 0.3577399769872952, 0.0558777144956664, 0.013997118644758083, 0.03816990649755463], [0.07568283734411962, 0.03709820641461606, 0.11649007231858689, 0.05093785541716349, 0.08483735579243143, 0.1797845853488092, 0.21683085361835827, 0.09915586644460005, 0.04424985965127189, 0.09493250765004321], [0.4563510276311337, 0.19573892101996132, 0.04282048401462186, 0.16461149257663804, 0.037679455784547344, 0.02869710188161476, 0.029991743013347866, 0.019147349986090783, 0.007812457392803496, 0.017149966699240193], [0.4008758051168202, 0.03836939220188677, 0.027620527137548215, 0.02240624859591941, 0.3907881567507869, 0.034920811094706315, 0.02425136973639841, 0.0071895617430728104, 0.016207609321243287, 0.03737051830161918], [0.312612856882108, 0.16524616453368057, 0.03863952018742315, 0.15039385465649532, 0.017375641427766337, 0.13813672974352162, 0.10701048100965976, 0.022613563622892865, 0.01546211045657311, 0.03250907747987944], [0.0755016113897089, 0.05126909567808248, 0.04094103121303727, 0.027275262644310554, 0.027536056688323506, 0.07578453313259975, 0.06488046700581857, 0.04345205893892339, 0.5464573533401492, 0.046902529969046126], [0.07350124571633523, 0.11047507901356043, 0.0684515144082407, 0.08490747043274703, 0.09453347081702758, 0.050534464477640186, 0.03562302528126745, 0.03092242378637567, 0.3919361046654788, 0.05911520140132674], [0.36410678739673186, 0.02082414135048985, 0.035616419115145986, 0.02231006353057505, 0.347683725191411, 0.0520907254424384, 0.08594050368965367, 0.022437561277213695, 0.014197241557045794, 0.03479283144929498], [0.06502947015731637, 0.034606569838821835, 0.10447528722440359, 0.03095960164834177, 0.11916980516385998, 0.0329845801633168, 0.029211974074335807, 0.015101616043259977, 0.5205290186419979, 0.04793207704434589], [0.040150959305373164, 0.05195858032102397, 0.3003038665843748, 0.05479349354628023, 0.055063744577667856, 0.04881402461865101, 0.052782622160903306, 0.014478951484254005, 0.04248981124685441, 0.3391639461546177], [0.21767192086038578, 0.040357256202302655, 0.15471920368107056, 0.12354865880835339, 0.03306228582804462, 0.12410193715070027, 0.10465843507754391, 0.03697624145115365, 0.05659476827828739, 0.10830929266215736], [0.41878235986894746, 0.04636682893007513, 0.03180528935925348, 0.03513069709834335, 0.028485219741707132, 0.11600026064152645, 0.07654844144785942, 0.0196718277055412, 0.17053162421530704, 0.05667745099143917], [0.3779746631844971, 0.06553991728683956, 0.29012844860649145, 0.06009722676826369, 0.06305387787792169, 0.02675110637602334, 0.05467317943313973, 0.027860114204929957, 0.007999263624938583, 0.02592220263695498], [0.05594063580932522, 0.12887117753444233, 0.04435481256182922, 0.05738582783942096, 0.08162287029244111, 0.262632771835959, 0.22521111635525107, 0.017431983961112334, 0.0441232323272196, 0.08242557148299925], [0.376621494469633, 0.17625757018284485, 0.07363155456423283, 0.15518449238983412, 0.04552669913621514, 0.06282532056624177, 0.04540109497311741, 0.023716059670668383, 0.01413842523556333, 0.02669728881164927], [0.13790299133374284, 0.05537559225951371, 0.03535551348628249, 0.02590124548963467, 0.02306188167744563, 0.28174353126251295, 0.26779411602987563, 0.05993842947853018, 0.044023486889657584, 0.06890321209280441], [0.0835294967667495, 0.045670043216658913, 0.07599045060884337, 0.11416214914489493, 0.015703785878994576, 0.17422181621962549, 0.13393055030946743, 0.03972487691256946, 0.17698439975877195, 0.14008243118342484], [0.20940141624533926, 0.013812095421591451, 0.17090371139017635, 0.03207988380974078, 0.008319016007939922, 0.25788502613898107, 0.24084331643157408, 0.016188617108156274, 0.029646417175374626, 0.020920500271126536], [0.14565522013377838, 0.032396812238928256, 0.07265499605359911, 0.08902065139292435, 0.048851794831422074, 0.2065393152297047, 0.17594809760720304, 0.027658198259839145, 0.1174610261598141, 0.0838138880927867], [0.054320004208101236, 0.28579856531960146, 0.0496658077322953, 0.13314403049188053, 0.18663010590409637, 0.046310879877114706, 0.04788534736953163, 0.053693857767340966, 0.08821864915344513, 0.054332752176592614], [0.10199763141942743, 0.2502203159400817, 0.06603955036294087, 0.1338452706799985, 0.2618421540984834, 0.03891371003976149, 0.017337953260329112, 0.017489434960926895, 0.03822789633451404, 0.07408608290353703], [0.06599702430749657, 0.32185428883922923, 0.030245691992457382, 0.056952305946383966, 0.019921848750365605, 0.3567183984192586, 0.03478708624972856, 0.017877642302179097, 0.06262560881444128, 0.033020104378459876], [0.45075834605140364, 0.006075643453147754, 0.007057930537794755, 0.019177077296