{"estimation": {"a": 2.087640047030312, "rho": [0.12000362319705629, 0.11427046113619811, 0.37655972936867693, 0.3891661862980681], "Mu": [[-3.6559147874991966, -0.8086326620160659, -1.3519919549893098, -5.480447408325964, -0.2373912327550136, 0.5769634640729199, -1.763833188123181, 3.970015283032587, 2.7632833944096684, -2.0389938064373685, -1.6963420488886907, -5.546810488445849, -1.738956201551309, 2.170114029903491, 1.541877016020443, -1.5751187076181101, 1.8714761354546576, 1.3441785376398978, 2.1588310555624224, -0.19328359119829214], [-2.7766654519925815, -1.2776749512866337, -1.3748038624144852, -5.491224419254649, -1.3104155886280149, 0.5789076612328948, -1.9817419438897184, 3.761426886895459, 2.975082754376611, -1.7264538114424821, -1.1879684883223776, -5.044054084062362, -1.8126758751549952, 2.2399598053020537, 1.7014525300248116, -1.795194862419974, 1.8715003503288024, 1.4540176952490906, 1.6307620637054756, -0.2476877450328054], [-2.9319280148428803, -2.7009767023707245, 5.255427885511862, -0.9020573155570871, -0.02177727918281403, 1.9011038831125318, -4.065887515017668, 0.16245102823133867, -1.3567065784717998, -2.4743659656318395, 1.0595436669911997, -1.6311146928057012, 0.7242380338579106, -0.43390399458038104, -0.4405652424201158, 2.045814648165376, 0.7880617599781858, -0.19336432326672084, -1.473962725823632, -1.4107211749007658], [-2.814799834217165, -2.995053597050796, 5.528665970813641, -1.0400997600551611, 0.06275244061462852, 1.2758546409527158, -4.183929316392961, 0.602217274192944, -1.2801723346400875, -3.231708029749509, 1.1729530472603995, -1.8464876905296967, 0.005548567492699789, -0.43890452555200615, -0.21440174020686656, 1.594582016123962, 0.21282592888770077, -0.08371132510767937, -1.4215718508224702, -1.22691667514255], [-2.8247052492320144, 3.010138258530315, 2.1758401608308584, 2.9570381673432706, 12.024499978082908, 1.7474482591312612, 6.5371364084917785, -1.335898689705401, 2.54254686132999, 1.3654274505663384, -0.7962663209850367, -1.615365297350177, 5.96348197450666, -7.603727360474246, -1.2506769946370873, -0.7596307850878473, 0.8530662691878603, -3.0732154251631054, 0.037587369853194164, 3.5396192788167435], [-0.964594193479257, -3.065387461950746, -4.903475621652232, -8.756794866081433, -0.8564094480503088, 4.661670769919077, -3.7009871255601676, 3.8316070631200416, 1.8884263227576807, -2.8039557943064746, 4.062051452313512, -6.087899856924243, -3.860119628224451, 6.058580337267168, 2.722508054285702, -0.9991778776380459, 5.357250640571223, 2.8016097654803898, 4.86272295930485, -4.203909320882513], [-3.155686189542651, -4.3948039877544485, 3.2532505106003495, -6.916906408106395, -1.6815874900628107, -2.780950417304726, 2.8473822835350755, -2.943036777873392, -2.0225824199599223, 0.19089590150075056, 1.2825101350999244, -8.698921307701147, -2.915792865075208, -0.6690415248225339, 0.5575265772130289, 0.2658354133658313, 1.6728627164473482, -1.5993012134678772, -3.912462594669531, -7.908542022541487], [-4.098966758091186, -2.8551997656375097, 3.9215913343203312, 1.6699089825647297, -20.0025768006749, 4.658714784897042, 1.830063155127592, 0.37373737595172457, -1.3003177195876747, -3.481420853279534, 2.7708205030948796, -2.479420429810347, -1.383611523120192, -0.08505044752249453, -2.583421024383186, -2.250421772942955, 6.501553460603751, -5.334934264579276, 0.40015209476537583, -3.683528975125017], [-3.519731921365907, 1.0386423523604746, 6.059556387819101, 1.4501592298899169, 1.5659815437085833, -0.034077505343548614, 4.02818043666898, 5.383543391005897, -5.308614783839345, -0.45428699985159304, 3.3637948624993053, 4.973779018173649, -3.10073932768967, -1.7583363398059495, 1.512359695045338, -3.5699560559931554, -1.44199806789267, 4.108388001403137, -0.313601549991357, -0.5379022077650102], [-4.073232830335795, 1.2813877641235987, 2.1025067579783547, 2.763012216883873, 2.6196217938418767, 0.7347296564676536, 2.801610865528555, -3.9383389223418246, 0.5968780382761021, -0.40633001773130467, -3.169564189405155, 3.6908811924855844, 2.22537411051233, 5.400498733644011, 3.518966949642771, 0.952708970210371, -7.617010779635539, -0.2500374556167613, -6.3193164076495965, -1.5025325818128155], [-1.936823223361546, -3.6376166403768866, 2.0498032672139566, 0.85219794770273, -1.0745347618105665, 0.6769407883615308, -3.9359507673468728, -3.01802357221612, -1.8315748171295967, 4.263796526571551, -1.6082200991245212, 0.762403099297772, 1.092509200985184, 0.36756230406821266, 0.20737767130678772, -1.8961583405873503, 3.481536275515358, -0.4824786538059527, 1.9788531846484623, -3.2993594728852202], [-1.6904496699969342, -3.4737605927297444, 1.989400554420724, 0.7413141204806635, -1.297160152569946, 0.40309657771175283, -3.559891215599638, -2.3146301164229333, -1.6973881964646358, 4.145542892980643, -1.4808144464078015, 0.49549534721651456, 1.1289399263129225, 0.4349483280905364, 0.026768099531220953, -2.413243276957889, 3.312956055879499, -0.47698392959933156, 2.040920961321094, -3.3198198485179975], [-2.0199341197668024, 0.2692199681709386, -0.093183007991327, 3.9144389731313356, -0.6460174324614182, 0.9122375881248925, 1.6562936088246807, -2.4634892532023924, -4.915927659722023, -1.5393499394042205, 1.0236014410156278, -0.8182613653663273, -0.0010184658112679188, -2.6397037197259707, 3.245850908218626, 2.271609658498657, -4.02436258352387, -0.8604730444113462, 0.5983495424675253, -2.818486007106122], [-1.9110636685279259, 0.23080695608792404, -0.00992146297735855, 3.915372262800565, -0.6042213868521306, 0.9225539116432127, 1.6468119193353739, -2.3823271750226143, -5.01272207307924, -1.4810199013694778, 1.011372174994121, -0.7219056361420304, -0.06575135151611289, -2.730597651489586, 3.42224660573293, 2.1833176763446187, -3.887729154778185, -0.78046466033167, 0.6001024286685007, -2.887118436155588]], "Lambda": [[0.5119490297130702, 0.5888158937928296, 0.600246980495657, 0.3357752115128373, 0.24924825785637303, 0.618227103303477, 0.560021807152924, 0.3756220385773214, 0.5321957873690639, 0.4952527215132354, 0.560404322584584, 0.32865046105897955, 0.5083556557286601, 0.5475777492930951, 0.5171262874899503, 0.3976124919509992, 0.48559418387995174, 0.7112363093517878, 0.46860771607430357, 0.6124595750454794], [0.4733422506389134, 0.6428428122404215, 0.6421910917435742, 0.3368340930921285, 0.27791050919690935, 0.6221002660892802, 0.5312973878578194, 0.3855566842778049, 0.5461079101161814, 0.5291950936179312, 0.5759431506442699, 0.3384637313813455, 0.49388322592789385, 0.5185439529672862, 0.5260868813081359, 0.4120656487639168, 0.5203200717597644, 0.7172253646943197, 0.5091317616031674, 0.6882105577093092], [0.37102109111031006, 0.4261516008973462, 0.377378460511427, 0.4266586467863797, 0.47060992324756173, 0.6149856756355572, 0.5051761405758843, 0.4495731965238767, 0.5640079709068625, 0.5632786818612247, 0.5564196254560094, 0.6114282625284458, 0.6769850180881648, 0.7203303919492425, 0.5017288407382089, 0.4810660054152569, 0.4626277913400156, 0.7344148402016494, 0.4604071732227369, 0.5612797151270642], [0.38549042003801864, 0.43400162026391176, 0.3572687439693712, 0.435048880917062, 0.46012638542249606, 0.5926865074365792, 0.4682679434687338, 0.4509983139971916, 0.5460703890565589, 0.4765272976553222, 0.49437686982658424, 0.6178539958980784, 0.6799420814189238, 0.6613920973707188, 0.5269890971926454, 0.4402890760630443, 0.534038758529742, 0.7597866580990508, 0.4337879979240211, 0.5670942574942548], [0.5010335904005698, 0.6741359107032696, 0.33203001111009056, 0.2834687373711407, 0.20972552245333648, 0.4388686932097338, 0.6638097469556822, 0.9946697452268101, 0.7513424992387185, 0.3982771492898118, 0.6901186563447803, 0.3078434038040728, 0.16301449571032597, 0.13349944602426608, 0.692019693869983, 0.7652236008205213, 0.6791622555227387, 0.1589010553750034, 0.5691406506106182, 0.8131238261404764], [0.5303915716716036, 0.818048257677603, 0.4726277354149515, 0.2335293970134667, 0.3875956188144053, 0.5101607048155896, 0.42618054824784113, 0.20289396200816237, 0.8440973160007849, 0.7413313170084403, 0.4741463924046642, 0.5004355974875458, 0.39563828939288553, 0.30220316668433217, 0.6200246441439499, 0.9236173018565415, 0.19483191936371227, 0.5056114976736005, 0.37769450566768514, 0.26917231127942126], [0.8506008164128355, 0.5574789091648221, 0.6586323727054606, 0.2575071537527843, 0.2742547067781899, 0.3582358624589328, 0.7579920204482699, 0.3734282572342727, 0.5252115468019933, 0.5380308863699387, 0.5370355225299831, 0.35834554914401595, 0.307732777718149, 0.8963228070078266, 0.6052441398699473, 0.39735158733534504, 0.23220419121342303, 0.9528849617575772, 0.1370555844097391, 0.5812898671278557], [0.20707430348025332, 0.3117923069489164, 0.3568580475267565, 0.6122749653363757, 0.06699160136889845, 0.7673028347433632, 0.8465752526182739, 0.9307536579536597, 0.3924571014425025, 0.5590498938747852, 0.2573556812862306, 0.8144757441603591, 0.21153581078966052, 0.8306628748241088, 0.7828594235775633, 0.14842563153254315, 0.2309698269934239, 0.22072044343435449, 0.503315066410325, 0.536828844134975], [0.6711355134047366, 0.22987425026893465, 0.3230320248396417, 0.8912806013019365, 1.1181738497590066, 0.9581818819163406, 0.20987465085593826, 0.42154924431018337, 0.06317259191204289, 1.283075304866524, 0.6653596750876437, 0.18440084714524788, 0.34023051075369243, 0.7094299787088296, 0.8675237290752195, 0.8827399586427199, 0.5657852782665115, 0.3849056618445527, 0.4196380907734809, 0.4366454819501477], [0.2925081668120962, 0.8322010475411983, 0.6604173236222565, 0.6694080297764098, 0.6207959479825399, 0.2821004536328777, 0.2965711745036327, 0.46502701638899147, 0.45849969908877664, 1.060900262153359, 0.24184305956587054, 0.44587307341640825, 0.6858344520821272, 0.46740590744444355, 0.20834218500682034, 0.5047920326190324, 0.12635248591940323, 0.8968327818829023, 0.4612153723377688, 0.3529491023037782], [0.4473062673452189, 0.35067017896856817, 0.3777966695721294, 0.24798897770139222, 0.46971349824616815, 0.7397280004107681, 0.2077403696304612, 0.1978034695603461, 0.5698517242877688, 0.4029765136710694, 0.4326898336612731, 0.4639472821314102, 0.5942933475647737, 0.38056698590922095, 0.30805606846362976, 0.33654014632026524, 0.5500840878886064, 0.9097886711184899, 0.291973861064676, 0.4102451482228735], [0.4418625622621027, 0.35519336624872067, 0.3828348459342441, 0.2271117016944963, 0.45413584587015504, 0.7174473057154044, 0.2090101282361466, 0.18779120037302885, 0.6050713839781032, 0.42818310155585915, 0.48368616947063164, 0.3960536865974874, 0.5706911609816435, 0.39079776032237573, 0.318736422252447, 0.28605064429299715, 0.6367832298831834, 0.9111705814778076, 0.3249072923713003, 0.4345598150687952], [0.1719512927613916, 0.1884841438720202, 0.316063604762228, 0.48970932544546963, 0.2282384584518181, 0.2524046133610522, 0.26144401872414413, 0.09802612468404444, 0.3774956222805179, 0.6320228056909658, 0.5229188415521422, 0.3179406106864162, 0.5085996771051038, 0.5362339175260487, 0.13457264560235777, 0.36420205385703963, 0.13819499410304406, 0.13242268147288655, 0.41278305905116225, 0.2268909032430377], [0.16741816575776405, 0.19023640868843003, 0.29753241685623083, 0.4869209901803528, 0.22703697286434585, 0.24976262048489287, 0.25659591856977865, 0.1004538595478126, 0.35526656776769194, 0.6085212118663217, 0.4964565769866865, 0.2988289780782063, 0.4737129050561598, 0.4921644090540382, 0.12834018462336816, 0.3658208390520423, 0.14147726529751428, 0.12938977169657276, 0.39760509714330144, 0.21774710023704855]], "G": [[0.11299692046461797, 0.11889451893185513, 0.3785914191517883, 0.38951714145173966], [0.019585306166101622, 0.005363310205839332, 0.48038107282662545, 0.4946703108014339], [0.025785815971953445, 0.12983124835043774, 0.41780682304767275, 0.426576112629936], [0.0489259194460775, 0.03211576094889703, 0.45804721175760194, 0.46091110784742423], [0.023550625844163765, 0.03348877925859655, 0.475825019924089, 0.4671355749731508], [0.023520684158183015, 0.02313256060144911, 0.45889150693586966, 0.4944552483044978], [0.016711849707946907, 0.023055874416582727, 0.4790775770703128, 0.4811546988051582], [0.046812143984863754, 0.09316063234711924, 0.4168404094911305, 0.44318681417688693], [0.3681359857830014, 0.04215438525980431, 0.2912615440554833, 0.2984480849017112], [0.04713091761623077, 0.03683461362015855, 0.45531900448786633, 0.46071546427574434], [0.5008226953108357, 0.024946836268980446, 0.23889905124728625, 0.23533141717289746], [0.4903683617520556, 0.0950959152581453, 0.21081496232509508, 0.20372076066470354], [0.024545205432814243, 0.02326455964521397, 0.47400583970851023, 0.4781843952134622], [0.05897603165090261, 0.050200397489844006, 0.4376615876043051, 0.45316198325494805], [0.013950946024307055, 0.03675365629036553, 0.4664230823777434, 0.4828723153075842], [0.05717694332069781, 0.06033932134939843, 0.43825767654006553, 0.4442260587898367], [0.10605620582470758, 0.10838560635400502, 0.38523352092069324, 0.40032466690059376], [0.15195590766613082, 0.14716342030642984, 0.34316418955807493, 0.35771648246936444], [0.019547343225281708, 0.12039818333747943, 0.4292756830460556, 0.4307787903911836], [0.07563648014169794, 0.03860673786430357, 0.4357265861603813, 0.45003019583361714], [0.13227672489440426, 0.12946973812453433, 0.36078385242027466, 0.37746968456078683], [0.04470432927899548, 0.032220083380456205, 0.462076247300614, 0.46099934003993454], [0.08511028265279467, 0.017054176569233182, 0.43706844823924557, 0.46076709253872544], [0.011991611716324945, 0.5000798200066954, 0.25405319611118404, 0.23387537216579588], [0.05087353567482596, 0.08873551701027964, 0.427893266799985, 0.4324976805149088], [0.2544395691743609, 0.03373269540602819, 0.35503206669229226, 0.3567956687273182], [0.023669656333244266, 0.049405572944284444, 0.45933617030039314, 0.4675886004220786], [0.007643010395841775, 0.3460361158339512, 0.3311214711683244, 0.3151994026018822], [0.5659792128658918, 0.08105408368825408, 0.17862848827995909, 0.1743382151658954], [0.1315467847739836, 0.10188641601458771, 0.39889533605905714, 0.36767146315237215], [0.1394569124330734, 0.1559320851337289, 0.35752257461882164, 0.34708842781437604], [0.23156565908020754, 0.018790144982925198, 0.37819502363774504, 0.37144917229912217], [0.0262152841959097, 0.6526960732262611, 0.1724535791396729, 0.14863506343815563], [0.02527230704946553, 0.11642889698576767, 0.44293530312124807, 0.4153634928435185], [0.23724869388475148, 0.23945177350002791, 0.2574570418669726, 0.2658424907482479], [0.12443996126263247, 0.13180198667621298, 0.3517459157612791, 0.3920121362998751], [0.04200172895737894, 0.3468576281330779, 0.31098978701089924, 0.30015085589864404], [0.005184808430034808, 0.01430025960865695, 0.48801400617118507, 0.49250092579012233], [0.004161139894339134, 0.860298872848088, 0.06998841646271965, 0.06555157079485331], [0.7540762592719396, 0.03161438107356181, 0.11349074084881475, 0.10081861880568299], [0.011125006518057923, 0.0348758538818538, 0.47016283168777717, 0.48383630791231014], [0.22371166735302953, 0.023269212693699477, 0.3781258314134302, 0.3748932885398404], [0.09778945812105543, 0.11178153541626036, 0.39486606082507186, 0.3955629456376117], [0.007997405793909049, 0.031198273392369805, 0.4744593787682748, 0.48634494204544615], [0.03655278979010436, 0.4801236019446407, 0.24119128659056213, 0.24213232167469367], [0.01198181417354668, 0.03888173724620146, 0.4703594914434155, 0.47877695713683716], [0.1235662502998889, 0.07529745767148706, 0.3858967275571827, 0.41523956447144095], [0.016249535066974987, 0.06595953132852807, 0.4420245115363337, 0.47576642206816344], [0.20282303311855793, 0.04811391501867894, 0.3646740556546506, 0.38438899620811356], [0.05693018681706119, 0.07113640472020469, 0.4283534832432631, 0.44357992521947087], [0.06864644379865514, 0.03631351572384982, 0.4351168635053237, 0.45992317697217105], [0.053864627100064386, 0.05962459818610271, 0.43648633527785885, 0.4500244394359739], [0.40173003846497984, 0.03078373868302364, 0.26482071228336784, 0.30266551056862884], [0.040692428399187325, 0.010205247424802881, 0.46706131998862643, 0.4820410041873844], [0.03299687212653929, 0.14293947780411745, 0.421714034241502, 0.4023496158278406], [0.026357709073692264, 0.2824353613856061, 0.3505962399269511, 0.34061068961375124], [0.010554396212333136, 0.04649798196677247, 0.4677028937077716, 0.47524472811312224], [0.06796418472731794, 0.06500359606016193, 0.4254130238336385, 0.4416191953788813], [0.06494796781043777, 0.5785767309290047, 0.17475937266835198, 0.18171592859220576], [0.2262380357119263, 0.21562101093006328, 0.2781265337719765, 0.2800144195860338], [0.05010516238007608, 0.05149278919669392, 0.4604861829537199, 0.4379158654695094], [0.4254422550493483, 0.055711533499719114, 0.2625458974378036, 0.2563003140131285], [0.03377375162525729, 0.044150316879003525, 0.44907755819570916, 0.4729983733000302], [0.05052830607267005, 0.01710609414029314, 0.46339997554143286, 0.46896562424560423], [0.5430144280641032, 0.07664091184453928, 0.18914313050551865, 0.19120152958583891], [0.07001445518195488, 0.4070938045577966, 0.25985161057306055, 0.2630401296871873], [0.1796024146732467, 0.0449734119622811, 0.38859916045158494, 0.38682501291288773], [0.22600708171622652, 0.014384341396152776, 0.37302051033690636, 0.38658806655071287], [0.02103457340458407, 0.6244316943769137, 0.1871048533682633, 0.16742887885023872], [0.027603429625998672, 0.027331559039122683, 0.45328655313856336, 0.49177845819631544], [0.4127735881884866, 0.27933041494246963, 0.15946667555580551, 0.14842932131323885], [0.011629363455194322, 0.12022384154190827, 0.43191991550872594, 0.43622687949417105], [0.2697683803011659, 0.29633291265120604, 0.2187902799326779, 0.2151084271149498], [0.010458265494960463, 0.5821402302956891, 0.21122060735236967, 0.1961808968569811], [0.0994640794601565, 0.007367196655970514, 0.4451256079534082, 0.44804311593046514], [0.013075438018204466, 0.025412247395400336, 0.46995490548654933, 0.4915574090998449], [0.11220514532528571, 0.09786094131182162, 0.3800784079672589, 0.40985550539563365], [0.04564147133778659, 0.04767960817391449, 0.4372206502355153, 0.46945827025278375], [0.3570347116990576, 0.0298513450201143, 0.30494519459630903, 0.30816874868451866], [0.02792112146827756, 0.027238329163100802, 0.47086739559908414, 0.47397315376953686], [0.019071212117774215, 0.09984243772190593, 0.4309812442995331, 0.45010510586078717], [0.013462681936177669, 0.012398276216013783, 0.4791833137531712, 0.49495572809463684], [0.1256132677071944, 0.5540477537299999, 0.16692718159207384, 0.15341179697073182], [0.11966322791681368, 0.11986843280044589, 0.3775946380334459, 0.3828737012492939], [0.1638729452257484, 0.15474341337914535, 0.33808438920390754, 0.3432992521911987], [0.022510150524345168, 0.023137486379895322, 0.4722422843690719, 0.4821100787266878], [0.3082955066772545, 0.07328118980995589, 0.3032613155824827, 0.315161987930308], [0.1028397574779624, 0.10515649861735316, 0.3929220228911737, 0.39908172101351047], [0.019003759115023756, 0.03855486204137259, 0.47205862677191546, 0.4703827520716886], [0.7397686607936979, 0.005786285034915201, 0.13370977767806574, 0.12073527649332186], [0.036072219589115065, 0.05657246243665848, 0.46009878000167287, 0.44725653797255327], [0.7810275270042052, 0.010629321528952846, 0.10350486836287222, 0.10483828310397027], [0.04712201815062632, 0.048415517739304054, 0.4513667274323656, 0.45309573667770303], [0.24696367651417783, 0.10206101557727973, 0.33018250356560197, 0.3207928043429413], [0.03793643795273107, 0.05246894451415444, 0.447559344494345, 0.462035273038769], [0.08484848683161715, 0.012533484274748603, 0.4448020718881143, 0.4578159570055199], [0.016800892756108295, 0.0036579738233697315, 0.48275607726561787, 0.49678505615490354], [0.21660781763285167, 0.22076192845122605, 0.28525719541922107, 0.27737305849670024], [0.3706326790561191, 0.3380996709215495, 0.14867328276098227, 0.14259436726134925], [0.006711477311115165, 0.010130939002009174, 0.48800701418384107, 0.4951505695030345], [0.05921344519353097, 0.28906560753582716, 0.31561708092918106, 0.33610386634146056], [0.021711495672740264, 0.19302095881203016, 0.4058771967232318, 0.37939034879199773], [0.6768493384484063, 0.01573304731446307, 0.1491711730777315, 0.1582464411593988], [0.03646505370579607, 0.039410741513604616, 0.4568174191987918, 0.4673067855818085], [0.06598756844191402, 0.05913374756430132, 0.44060948467852257, 0.4342691993152621], [0.31084820912244643, 0.03333534421404189, 0.31823028506306217, 0.33758616160044996], [0.09464737314477624, 0.13489358941277899, 0.39973566604413685, 0.3707233713983074], [0.2892583458090419, 0.02555750241011824, 0.34205525410211374, 0.3431288976787253], [0.010943032709976768, 0.13959270253427142, 0.4614710906812921, 0.3879931740744595], [0.018433946520355033, 0.06491882904952426, 0.43834022189491634, 0.47830700253520386], [0.07271341220393826, 0.07084005684208787, 0.42755058662505285, 0.42889594432892053], [0.01677042966891289, 0.04106026381833495, 0.45979065526484114, 0.48237865124791107], [0.1175593450301275, 0.006540370908161681, 0.42529289277414883, 0.4506073912875629], [0.004848262979447307, 0.015460349207817128, 0.48759151539896495, 0.4920998724137703], [0.09005804507995192, 0.08709319763316027, 0.38439616481691136, 0.4384525924699761], [0.03793547496821153, 0.04446797872026489, 0.45012077121685523, 0.467475775094669], [0.0230189063252795, 0.027000923223656926, 0.47273223365169537, 0.4772479367993696], [0.12954490407332656, 0.11968576989380861, 0.3763106878512906, 0.37445863818157366], [0.08521587079394902, 0.09922829307349591, 0.3968301643357429, 0.4187256717968127], [0.3706895973387401, 0.3846967409833817, 0.12396778761356322, 0.12064587406431336], [0.16915815508340717, 0.27945063736256226, 0.28316173049404775, 0.2682294770599832], [0.008293853161479453, 0.006610560806800121, 0.49022310710572964, 0.4948724789259911], [0.16732277875753432, 0.031634721074386134, 0.4005092635673736, 0.4005332366007055], [0.18026503552273118, 0.3966903136170497, 0.21167816915212587, 0.211366481708093], [0.22548036769245805, 0.05478932019585523, 0.35668035087203803, 0.36304996123964833], [0.10057327446222215, 0.09936190059231012, 0.39328551742764767, 0.4067793075178207], [0.0094030597694707, 0.034987160295858875, 0.47686730711738184, 0.4787424728172886], [0.3769599200769771, 0.044703903434479816, 0.2854949473265393, 0.29284122916200384], [0.014870802225679458, 0.06897406032301426, 0.446640287538762, 0.4695148499125439], [0.33019184756035197, 0.3215731819143542, 0.17686011482865932, 0.17137485569663513], [0.14800846866647277, 0.15203799064577697, 0.33773253940341896, 0.36222100128433077], [0.09085171013382813, 0.10282767181504224, 0.3900842185521596, 0.4162363994989708], [0.033834317055206016, 0.019266326102898315, 0.4708500495485048, 0.4760493072933911], [0.34003989007189067, 0.3600311957836834, 0.15905824100674482, 0.1408706731376804], [0.29920296592205414, 0.3270290052494027, 0.19937108713996401, 0.1743969416885787], [0.0786311262861156, 0.02143563412096877, 0.4589068924193691, 0.44102634717354705], [0.0069198088584130815, 0.00895590666341709, 0.4736671932976536, 0.5104570911805163], [0.006907390860142957, 0.01176334840933542, 0.4886914241499593, 0.49263783658056237], [0.02205340949263676, 0.023421119567792782, 0.4584914067513283, 0.4960340641882416], [0.09496825684646613, 0.07690456661166777, 0.404320082153141, 0.4238070943887244], [0.019637457886672007, 0.02070788551564681, 0.4783229414742553, 0.4813317151234251], [0.0639871411985711, 0.03407780542375063, 0.4459145013011566, 0.45602055207652215], [0.21540529759625518, 0.06842242355305456, 0.35604171041689675, 0.3601305684337934], [0.18278607721994963, 0.06829212559267833, 0.3994800799824572, 0.3494417172049151], [0.0672787628244432, 0.05699752241784965, 0.41389769901788387, 0.46182601573982424], [0.07696136692598247, 0.4955052341800828, 0.21254872074142436, 0.21498467815251085], [0.016874078387253598, 0.1427635934627728, 0.41105698795871864, 0.4293053401912554], [0.010536445867172334, 0.007070775661167786, 0.48921340237903616, 0.4931793760926238], [0.010657377606573178, 0.015622294336667156, 0.482184062482578, 0.49153626557418195], [0.5289880063142499, 0.0072321240492881815, 0.2172955187044325, 0.24648435093203003], [0.02448064981022313, 0.02264889338137637, 0.47113324096416825, 0.48173721584423235], [0.32092708178480206, 0.2964468580760058, 0.18769274006530964, 0.1949333200738833], [0.013509645080431244, 0.009879243208689326, 0.4739265635502173, 0.502684548160662], [0.00951269266178139, 0.008606190271400794, 0.4879635640322092, 0.4939175530346085], [0.028984224593240255, 0.03155269166368143, 0.45282140798097015, 0.4866416757621081], [0.0455458661987975, 0.04388257773565765, 0.4536102899275517, 0.45696126613799426], [0.3892672928108571, 0.28638476601952206, 0.16490652792213698, 0.15944141324748387], [0.10370894897308156, 0.2549185769077508, 0.36213569742243873, 0.2792367766967283], [0.04406199718915266, 0.03490247515971891, 0.45558070111129934, 0.4654548265398281], [0.522961322023454, 0.09210513880554427, 0.18161491035229627, 0.203318628818706], [0.010966194382338135, 0.008871598343032763, 0.4871931982858349, 0.4929690089887933], [0.04249208759670901, 0.04170569554211254, 0.4549720396397925, 0.46083017722138525], [0.1969382592204868, 0.0994886714753678, 0.3478659428706653, 0.3557071264334797], [0.03877766215353859, 0.5038958459588057, 0.23119281651464593, 0.22613367537300974], [0.040032086317817905, 0.13652295654900426, 0.39959608758635207, 0.4238488695468256], [0.0047721373083971265, 0.061673550690108644, 0.45592851628346637, 0.47762579571802766], [0.015359331707497337, 0.019926482589313777, 0.4661486052119755, 0.4985655804912127], [0.02593260479219199, 0.04707226638948579, 0.46892271223458293, 0.4580724165837392], [0.02468848851920096, 0.5057750548737416, 0.23211739495367692, 0.2374190616533798], [0.3562210793386139, 0.3636535678620361, 0.14371464775278572, 0.13641070504656486], [0.03126042069588358, 0.0037851030427264037, 0.48130878071045374, 0.48364569555093734], [0.050005247522476426, 0.00489278657166165, 0.46740540934843505, 0.477696556557428], [0.15234766429756053, 0.006130224695219681, 0.4171992953655801, 0.4243228156416399], [0.021431929102613406, 0.025838804372272813, 0.47556052041831537, 0.4771687461067979], [0.012870920959698237, 0.007797034227463457, 0.4864265594650349, 0.4929054853478025], [0.02229830694210287, 0.022705473413876943, 0.4721315513904041, 0.4828646682536161], [0.577965976445733, 0.01304609909824944, 0.20449984950595154, 0.20448807495006663], [0.17647562812571374, 0.4221998109983594, 0.21785510810514408, 0.18346945277078253], [0.5438224504723467, 0.025001226543282445, 0.2025213627402782, 0.22865496024409354], [0.0542713230321588, 0.006539836408431778, 0.462962127249988, 0.4762267133094219], [0.03449916625971621, 0.03854433649890956, 0.45823907842507094, 0.4687174188163034], [0.11983974252584909, 0.03442632695028996, 0.4128814150682258, 0.43285251545563574], [0.04918984484221061, 0.04760324322959755, 0.44892998474448464, 0.4542769271837059], [0.24699949176259095, 0.252239313093286, 0.24764860387320858, 0.253112591270915], [0.03409267472489716, 0.029676866016889073, 0.45939452174042955, 0.4768359375177845], [0.02525941066320877, 0.5901788014304555, 0.2070218673339969, 0.17753992057233986], [0.05342379584461044, 0.032958802161288415, 0.4435325027659821, 0.4700848992281196], [0.1473916100441786, 0.2609519000932617, 0.28593276189944616, 0.3057237279631135], [0.016723932438053223, 0.01099166212116644, 0.48096833665693284, 0.49131606878384715], [0.11589193629936878, 0.1082304711683768, 0.37627730385078234, 0.3996002886814721], [0.21920877481503756, 0.14316308777462297, 0.3120438710268875, 0.32558426638345117], [0.2830256869283335, 0.033798535600401386, 0.33870091138227126, 0.344474866088994], [0.005717144868025216, 0.005288147991729177, 0.49297898139679563, 0.49601572574345], [0.02106944713953602, 0.03805978746977121, 0.4660030078279251, 0.47486775756276756], [0.32461592127378974, 0.3219531355839042, 0.1798056286883094, 0.1736253144539963], [0.13222829399480984, 0.1328187100399892, 0.36220361218042724, 0.37274938378477346], [0.017516509860371506, 0.06283956391074524, 0.44462980917968703, 0.4750141170491955], [0.01817356418565715, 0.027170288239332503, 0.47464039305489164, 0.48001575452011797], [0.014850136180730038, 0.014589887142165617, 0.4718934423395917, 0.4986665343375124], [0.00658907138278978, 0.0064963630038118786, 0.4911137468062169, 0.49580081880718113], [0.045968853926105634, 0.05744860153563426, 0.44038550926994047, 0.4561970352683199], [0.04458036711160062, 0.04084537510309498, 0.4465324999017829, 0.4680417578835221], [0.05103624897032515, 0.13932381345663955, 0.381023205468844, 0.42861673210419116], [0.02402604857465372, 0.02255483533708648, 0.45219248335288864, 0.5012266327353709], [0.1632251638246071, 0.0237276339589026, 0.4044371196961014, 0.4086100825203895], [0.019359356614556334, 0.022030419175914417, 0.47199716075792814, 0.4866130634516013], [0.07966199043745961, 0.07986242450748476, 0.421957179743424, 0.4185184053116323], [0.12553025478356578, 0.12935794025092925, 0.36736399732951447, 0.37774780763599075], [0.009231389835953025, 0.027605594140276246, 0.48078723891339836, 0.4823757771103718], [0.02159178772522506, 0.015082909029632609, 0.4721474081323186, 0.49117789511282467], [0.0033678588545653027, 0.013193863889175985, 0.4828039259645708, 0.5006343512916881], [0.013831941688970029, 0.8383395633418014, 0.08115323851460686, 0.06667525645462226], [0.007975427846866712, 0.006826703793174983, 0.4813157439847432, 0.5038821243752144], [0.20587015316056906, 0.20876511114335178, 0.29069531472714233, 0.29466942096893795], [0.16990534883617311, 0.14856947165707068, 0.3375397782900452, 0.3439854012167106], [0.10676468792961458, 0.10995785881767363, 0.38193279664910557, 0.40134465660360524], [0.002570689346487759, 0.006299798008177725, 0.4950304879874638, 0.4960990246578716], [0.13563588665038828, 0.1397890092505991, 0.34451524755872204, 0.3800598565402904], [0.14800056027062847, 0.14282555939206176, 0.3544020472232451, 0.3547718331140657], [0.2447376689687705, 0.228770561812813, 0.2642697445372146, 0.2622220246812022], [0.34493054786653476, 0.05077475786996859, 0.30320168308981676, 0.3010930111736792], [0.03700442944947091, 0.03549279578738164, 0.46588710456337085, 0.46161567019977695], [0.16002644594742768, 0.14241174775379126, 0.3599353138277907, 0.33762649247099], [0.047596137274116955, 0.011650405134729286, 0.4684940264020103, 0.47225943118914343], [0.061936268573533286, 0.06630151099607672, 0.4248036637997027, 0.4469585566306874], [0.03372728315121951, 0.4027801834390014, 0.284841988146607, 0.2786505452631721], [0.0029140253003427873, 0.0010885658591794666, 0.49783329144805555, 0.49816411739242183], [0.15473576653022758, 0.02217426230100082, 0.40160014156053053, 0.42148982960824066], [0.021745531771133995, 0.06381142700587328, 0.46030161670575076, 0.4541414245172421], [0.012519839165377718, 0.04066705871413374, 0.4714969417375884, 0.4753161603829004], [0.055883318866314376, 0.05087198843355224, 0.44150226270165693, 0.4517424299984767], [0.01955579862129068, 0.05359630383353729, 0.46158116324273996, 0.46526673430243204], [0.01447337585441369, 0.01412049977467681, 0.4675972518028023, 0.5038088725681074], [0.011744070157983321, 0.007656715203695068, 0.4743453517278735, 0.5062538629104479], [0.0345159861434365, 0.287224473979009, 0.3301388924715198, 0.3481206474060351], [0.006927410673879373, 0.003643670048749482, 0.4927792560314924, 0.4966496632458801], [0.03176542520214622, 0.0605730534965341, 0.45338461427435367, 0.45427690702696605], [0.022542255805509625, 0.6609394142683378, 0.16335189431133976, 0.15316643561481333], [0.15522505753806784, 0.16472341568178567, 0.34433913390959897, 0.3357123928705481], [0.005353507887951487, 0.13552782222196058, 0.433192632731386, 0.4259260371587016], [0.058564206939218856, 0.0498867887546651, 0.4373669124600803, 0.45418209184603575], [0.10071712585559, 0.03046646099549723, 0.4320033988215153, 0.4368130143273967], [0.7225549372088585, 0.006237959477819026, 0.14312561402914317, 0.1280814892841792], [0.6145783232138592, 0.014641213502723075, 0.17999727563315607, 0.19078318765026242], [0.05706516135755532, 0.049920740477357825, 0.43385476231664327, 0.459159335848443], [0.10115791293029183, 0.14843010958134634, 0.3720744681014979, 0.37833750938686356], [0.014373337892704178, 0.1812799138611718, 0.4101822064791096, 0.3941645417670146], [0.23904143373920345, 0.2269290866020001, 0.25820465991586, 0.27582481974293677], [0.16411494405486876, 0.15419578112787857, 0.3333807688223323, 0.3483085059949197], [0.008207762797944036, 0.010556143612866132, 0.48446316620129143, 0.4967729273878978], [0.03148008213697979, 0.02236127575645022, 0.46495436398056106, 0.48120427812600897], [0.015181945328337686, 0.012290220379806193, 0.4846278570560146, 0.4878999772358413], [0.6828185368710105, 0.03390589638200377, 0.13799780121910374, 0.14527776552788316], [0.021749123554637838, 0.03011585055166034, 0.4721679795706991, 0.475967046323002], [0.030951791784320164, 0.4711908122840331, 0.24737774180089442, 0.25047965413075113], [0.012327416935160733, 0.013326476317863684, 0.4797612854152783, 0.4945848213316971], [0.5147192799130444, 0.005583876711066853, 0.2306672589746756, 0.2490295844012131], [0.058926372907390584, 0.017299294873758544, 0.4508235014667305, 0.47295083075211913], [0.09108724988103273, 0.08216136346808942, 0.39631313117328565, 0.43043825547759174], [0.33502911661849916, 0.3227862365582359, 0.1702470401079993, 0.17193760671526614], [0.13881695639647698, 0.10335645412170603, 0.36565391473941994, 0.39217267474239736], [0.017799433360164756, 0.06196720780758664, 0.44892566687733804, 0.47130769195490935], [0.03135306598570633, 0.21446461295804245, 0.38743214142067955, 0.366750179635571], [0.06936764243834741, 0.01791193053818358, 0.4664455895018823, 0.44627483752158614], [0.1437775597375736, 0.1672605085584609, 0.3525441813704134, 0.3364177503335521], [0.25290355102350515, 0.22875522276074906, 0.26604591791770305, 0.2522953082980425], [0.1657141381914725, 0.1590527582028509, 0.33251968469228566, 0.3427134189133904], [0.04356460885912285, 0.00862756023303578, 0.4551992265724603, 0.4926086043353806], [0.06597077981495435, 0.08117464915528752, 0.4291670231911087, 0.4236875478386496], [0.08971213978188862, 0.01868152358438301, 0.4443410294608396, 0.44726530717288815], [0.005996434533764727, 0.010764304369512187, 0.48928964248435763, 0.49394961861236575], [0.02033935266760614, 0.33612810179467784, 0.32070694963511465, 0.32282559590260057], [0.019729570819304165, 0.26813078672377255, 0.3610821264712794, 0.35105751598564333], [0.027769471446606842, 0.07497201439232722, 0.45058781658423436, 0.4466706975768312], [0.005134318600865556, 0.036074363219025476, 0.4747904938737616, 0.4840008243063467], [0.03405070254170511, 0.1904385240830369, 0.3861978342386555, 0.38931293913660303], [0.006362571542757198, 0.015010175433567249, 0.4853998538960541, 0.49322739912762126], [0.09680590955124388, 0.017892329760162955, 0.43560937238416036, 0.4496923883044329], [0.2304624609990131, 0.31341081283971034, 0.22809442058147789, 0.22803230557979784], [0.10211582492921811, 0.059420684905332324, 0.4164707111535719, 0.42199277901187704], [0.05436163449384757, 0.05120587073531189, 0.442214357640316, 0.4522181371305251], [0.02057350646733072, 0.009292387675638638, 0.4741116149145656, 0.49602249094246487], [0.02968258221152783, 0.011977915654698117, 0.46067294986568863, 0.49766655226808465], [0.034594939695336044, 0.035870167363976135, 0.45142984799929176, 0.47810504494139655], [0.0067109619025752945, 0.00915274078582613, 0.4916431091461446, 0.492493188165454], [0.007110653043114336, 0.03168159965796289, 0.4714163606411264, 0.48979138665779676], [0.06241132613807463, 0.05297479001824858, 0.43920903251419097, 0.44540485132948665], [0.4068761734217869, 0.035044578319930186, 0.27396441469340294, 0.2841148335648799], [0.005285148402966396, 0.021093359447354524, 0.48174771787123677, 0.49187377427844237], [0.004681022972882745, 0.01283921222822444, 0.4864685279217378, 0.4960112368771547], [0.011457730454430461, 0.2312946493066078, 0.38402603391781526, 0.3732215863211474], [0.011954689498590423, 0.02461005775651911, 0.4785062274821514, 0.4849290252627395], [0.06907412614072939, 0.09540610525492528, 0.38962839134327554, 0.44589137726106903], [0.14468268988006355, 0.18082157332623763, 0.35061833827929734, 0.3238773985144008], [0.7763087241725316, 0.01288483008273878, 0.10860954305171253, 0.10219690269301665], [0.04303560814922775, 0.18613918612024558, 0.36408800670766284, 0.4067371990228632], [0.007573269748004984, 0.011383675102395326, 0.48809579133928466, 0.49294726381031473], [0.05283536483624776, 0.009459530179112097, 0.4630620985414528, 0.4746430064431883], [0.26068404357972536, 0.0368334103375971, 0.3462675611108721, 0.356214984971806], [0.011707536239803905, 0.012023476100417357, 0.4891742449581703, 0.4870947427016103]]}, "supervised_prediction": {"G": [[0.07832182947888824, 0.12925180662207678, 0.3555540835879087, 0.43687228031112585], [0.1669242659545314, 0.2655872078741884, 0.27239657167854925, 0.29509195449273157], [0.405982690823377, 0.06560866320752536, 0.24004124875388255, 0.2883673972152156], [0.023526933347484312, 0.8381638324011672, 0.06784770366323839, 0.07046153058811154], [0.030415863509641712, 0.04027117773926938, 0.43629152931969084, 0.4930214294313981], [0.674573042280802, 0.07566438217012743, 0.11914707649621434, 0.1306154990528567], [0.11208528577401032, 0.23041420928405232, 0.31743305385910847, 0.34006745108282893], [0.17902027744783083, 0.12606295614877702, 0.3071029778418447, 0.3878137885615474], [0.006468769981694177, 0.40744371572942834, 0.300165732290335, 0.2859217819985434], [0.14663928528281256, 0.156948484989201, 0.3292365407710966, 0.3671756889568894], [0.1216412200278275, 0.08122174661079964, 0.42389335083620466, 0.37324368252516815], [0.06674534676621667, 0.05549597367927995, 0.36824418199031067, 0.5095144975641931], [0.019154453041413437, 0.012415388121170167, 0.43861141447716084, 0.5298187443602554], [0.1827402502486604, 0.24835323373753926, 0.2640380507916192, 0.3048684652221804], [0.03548742127791545, 0.3939527658192111, 0.2257750882962978, 0.344784724606575], [0.21526279171514456, 0.3363600564851883, 0.19935843882093637, 0.2490187129787308], [0.12291925154834364, 0.12127311592114802, 0.32863321812974766, 0.4271744144007604], [0.12207727901902318, 0.09214612012703272, 0.3553113447842617, 0.4304652560696823], [0.005298929368753398, 0.00533430547252588, 0.43556499022228284, 0.5538017749364376], [0.08726222327888124, 0.1635476855718812, 0.3358882419244539, 0.413301849224784], [0.2600451827513458, 0.2190450417993187, 0.2568397872679575, 0.2640699881813783], [0.1850740701546861, 0.17424789822334563, 0.319953906769342, 0.32072412485262686], [0.014328195372050516, 0.04881035460629342, 0.38348415941811326, 0.5533772906035429], [0.19894996412261023, 0.0871419915112356, 0.3180103741440721, 0.39589767022208183], [0.016255338705986177, 0.09813841760623884, 0.4064587313383089, 0.4791475123494655], [0.06418419328350716, 0.052210865900925, 0.4282590426051896, 0.45534589821037863], [0.02063403740297348, 0.01557402012425036, 0.4568652536739878, 0.5069266887987883], [0.009749775512656765, 0.010449130156102696, 0.34016751831313646, 0.6396335760181046], [0.03193063555897282, 0.5210673221239128, 0.1938766013076152, 0.2531254410094987], [0.09386943772664572, 0.18996391348594976, 0.24132274932382597, 0.47484389946357825], [0.18618239613764392, 0.1635182725582708, 0.31789388105157024, 0.33240545025251483], [0.45650194686909074, 0.09846190857036217, 0.22463042334861044, 0.22040572121193688], [0.4299794030482171, 0.3852985287940767, 0.09003784183868131, 0.09468422631902479], [0.04783133561112003, 0.08509885343125612, 0.2323042546633777, 0.6347655562942468], [0.0077476971577447