{"estimation": {"a": 18.214144507047394, "rho": [0.18509354817057438, 0.17261950775635604, 0.33375858647605267, 0.3085283575970168], "Mu": [[2.9069932198306825, -4.518387377111031, 0.4281451998490505, -5.635449432701215, -6.5785994573705135, 1.2978399726519179, 2.737784211407653, -0.27245488459712214, -0.3793734710204237, 4.672928952941327, -0.19508615368754562, 2.493505278696529, -2.0615579112434115, 2.687076264907146, -2.27382969472544, 2.973677090052821, 0.20710296660680794, 0.41007210058210314, 2.641438298877267, -1.2835795372268555, 4.480793375461723, -2.4642758956581554, -3.3250682256741877, -2.076146817313964, -7.264822162239385, 3.8661598216980395, -4.3120974981828155, -0.4518447211265466, -0.7442283888131574, -3.5923359382363853, 1.2267969404086294, -0.3373223129741765, -7.039283723163465, 3.9493906296543475, 2.0856000680488287, -3.43739052940376, 1.6787363081563755, 0.6898430287316051, 1.9161192982832218, 2.8650988611590376, 0.062470396647940116, 0.8111539777169398, -0.5496206383394029, 4.571585411035908, -1.2441062074346827, 0.15032118715851392, -2.454250197119083, -4.783580517601598, -2.769998066841332, -0.9255930157670211], [-3.8994188116886144, -0.6117822425422935, -0.39619132962389875, 0.15586091047790723, 3.1153674278209245, 2.1658383602634514, 2.1062551224992117, -2.9030410062084355, -1.1883122326088955, 1.5953505385672968, 1.9180200251025816, -4.274248510076339, -3.8757585730967015, 3.9218437812821714, 0.15921049889243033, -2.599425693064611, 0.5697775929105847, 1.456219080157731, 0.3188705629200023, -1.78921444922859, -0.08595654459154706, -1.684580058808542, 2.170096436834575, -0.7835568052532816, -0.7568123469945592, 1.7806474786933484, -3.7899253894104734, 1.7613255853053509, 1.41585115201273, -2.196239813865049, -2.7709201788622027, 1.4752781852598023, 2.85752351753089, -3.6770432415807273, 1.8813893324803495, 4.682326058093704, -1.9009161760659583, 3.862739675824065, -0.2665008318533367, -2.2896456078974623, -2.4959348754733375, 0.4686331921496313, 1.7616522420644531, 2.028390881537567, 3.56073453194438, -4.5015798476646784, -0.036807160331308236, 3.795130508268151, 2.9282075301895603, -2.349948237684042], [-0.05142253628169387, 1.9592040704586593, 2.8015788270379307, -0.7150656765904636, 1.3219671505044508, -2.2353500406388727, -3.5756377530293, -3.966983373133091, 2.495812738476948, -2.7931543955140437, -0.6509682548245993, 1.1882889330429205, -0.37468354669815085, 2.0173194082815478, 1.0801510849546858, 1.9050635517968415, -1.0730951827081237, 2.5497994421116577, -5.281176867665352, 4.324297670501587, -0.5846333138480609, 1.3722776244291892, 1.4045298175655374, 6.565427791197772, 3.9725131666156703, -2.23763581712433, -0.35636466343020967, 2.3028644457819216, 1.0664783879671245, 0.025699016612389797, 2.7099767444984697, 0.6277443909530412, 2.8545670757792996, -2.5774966079604615, 2.985725728140882, -0.9985858163612499, -0.983654366565002, 1.7386652178054511, 1.3164723607083162, -2.493280020954967, 1.992172076292009, 0.12326024253692588, 0.13815122501916588, -2.801412034162575, -0.7337892759168377, 0.03521117054903661, 2.2948178044151777, 3.2464533005865603, 0.4752977653527381, 1.9913192007044553], [-0.18440895515203326, 1.738920680889361, 2.790039985635696, -0.6219325014972145, 1.5146892295807988, -2.4148765492029955, -3.5786246302039713, -3.6175095764298146, 2.555903455081079, -2.5080776013673405, -0.3806026586034499, 1.3962348828559479, 0.03845068523998782, 1.9264379878963898, 0.5234016165970674, 1.696289171703963, -1.1081723291275158, 2.481484836346022, -5.068983002082098, 4.319241494172813, -0.33190368584214447, 1.5850421020525336, 1.541877896131302, 5.754164294539439, 3.6695735066893587, -1.7390269365671294, 0.15795454693153038, 2.1061619774741343, 0.5890475192039488, 0.0006619192383921175, 2.6968894668372867, 0.930947881762796, 2.5333726941905743, -2.1114671161447576, 3.2250359264779442, -0.763679853201698, -1.0270998386848262, 1.8374101201197282, 1.5113344735947654, -2.2533643168873745, 2.137593183703474, 0.24730376803417828, -0.29040132575959376, -1.6695888082580796, -0.825016053091373, -0.07849709775189023, 1.7645904222732518, 3.039022168946716, 0.6536211819876293, 1.5688893153022816], [1.8803934069080397, -1.5981947158226844, -2.547017185460311, 6.2626932348257975, -1.5485161675612864, -0.05131392711467991, -1.047960130328034, -4.674498350907887, 2.304015784252608, 0.9791390726998175, 0.199231430315666, -0.09357319644364391, -2.568991257925658, -3.3729790438554383, 2.010093017158958, -0.5640223499530476, -0.2565406359768204, -0.4376491668429004, -1.718711212646515, 0.40983453637647554, 2.9162488636648587, 0.9996235402548327, -5.1903579377919735, -1.6122395861442573, 2.791758900083096, -2.791436771126999, -1.2432550487884024, -0.3806238694863823, -0.2567485339837244, 1.0458177708749887, -0.9943354957633928, 1.3210965609159544, -0.8324517886379833, 1.29487595057173, 0.06635726898372303, 0.396485667630738, 2.9654967870965065, -2.5864673121356, -1.8273532197787363, -2.8745316264517964, -5.024648672717992, 2.994018481463139, 3.2056256898736595, 1.3503127747379566, -1.2140135141396153, -0.3081892594139785, 2.669533190082174, 0.3447839974672614, 0.5285774777915297, 3.457449355457023], [1.8364591834767796, -1.4046012049249168, -2.4782553363292417, 5.784672511214744, -1.5795603766340665, -0.11269125699273945, -0.8713701398352869, -4.670069329399313, 2.4627941159849023, 1.3024559772129554, 0.13042805736057583, 0.050622739717760795, -2.6300622689542155, -3.724327540755558, 2.207146933649169, -0.3986710597617972, -0.9177316232070981, -0.46003008234860243, -1.536799941885566, -0.38945310198063476, 2.8179406500936204, 0.9558813163856812, -4.770953909302386, -1.6609611273285423, 2.822944043601345, -2.6946575225092504, -1.6857457451208675, -0.7444958250792586, -0.355362135368568, 0.8056980067483259, -0.3702308062839343, 1.0632585394750111, -1.108406849549984, 1.1655429345885298, -0.5188290965050579, 0.2819049936250315, 2.692182105620938, -2.4135331023215603, -1.9447984934504141, -2.78662286353124, -4.627006228183914, 3.242353612061195, 3.3119697124886383, 1.6733962656574997, -1.3505213666991316, -0.4323539203431016, 2.6642230570026264, -0.17851476947144654, 0.834596655802347, 3.7486733450364755], [0.5086145590540578, 0.8159971566584079, 1.3388385586870317, 1.4726968912502323, 0.21257491992950533, 0.15093149203405687, -0.2526098327945255, 0.6957295599614643, -0.5885967047980233, -1.2126221291255133, 0.024776577393238682, 0.08622969983245565, 2.139171623527726, 0.5202489630373205, 1.536282785726422, -1.2158076274351775, 1.8684832375866562, 1.251495970274893, 5.06366884467552, -3.666249927554602, 0.26949765267642956, -1.3518091854474108, 0.8387196418956249, 1.7137467507069613, 0.17383540696522148, -1.0860721975649241, 0.08713410238699805, -1.7670809452308933, -0.37122574691991084, 0.528632951302881, 0.7276650080804558, -1.5935938248484252, -0.7024375034085245, -0.5534335637625107, -1.66590974728912, 1.5025399776732973, -2.6928091062954755, -0.3377425263655262, 3.0219086371827193, -0.47202745282268055, 2.4724945974849755, -0.8312758334723745, -1.2286471426137233, -3.4454164828456295, -2.8153909780752455, 0.44883868331278304, 1.2258297447418203, -2.148184567473233, -1.7154406224796084, 3.0468665235564836], [0.5604882218235853, 0.6774340775156262, 1.3504365810762302, 1.5500218127352152, 0.5324214444581521, 0.35017304150105444, -0.10210427863999193, 0.7524295766453656, -0.4826238919210706, -1.0537567637043705, -0.16995176901903908, 0.092423582304855, 1.9821729039984186, 0.5193959824752825, 1.2968718220998654, -0.22970537946951164, 1.91336453930333, 1.4180867466744276, 5.142461985671485, -3.7417538747220855, 0.17679356641047983, -0.5980519587669426, 0.7835644820817197, 1.9683866497586642, 0.20226067398229897, -1.1138584153276858, 0.029547214233036426, -1.709250046995884, -0.3325626273335248, 0.41412056684233634, 1.0087383107301886, -1.6957343650998684, -0.7870088896108877, -0.8079435763064565, -1.7523115378634655, 1.3294907882647409, -3.132988572037524, -0.26683576734168674, 3.1477502203079317, -0.8415823171649751, 2.2777083257482884, -1.1076609510508952, -1.4186612457981682, -4.098027387627698, -2.9657154942310444, 0.41636038514473245, 1.6605595793473265, -2.373527726351827, -1.860191690416866, 3.304782759939901]], "Lambda": [[0.3975801853091926, 0.32010328428596735, 0.9743033088006079, 0.6172065197826744, 0.367709767499889, 0.5376048295540753, 0.42962485820833296, 0.39115149368196317, 0.5349703373808965, 0.5838186629408617, 0.4100563820946987, 0.6355449322535849, 0.36087239866661924, 0.325128665163263, 0.6980951654075374, 0.21949586322404901, 0.621181100328103, 0.6812748800874178, 0.4070354205194108, 0.26625372627481325, 0.7572969365452072, 0.28721943411424816, 0.5682403194066682, 0.5257228935301711, 0.7061850713548742, 0.6942226796634634, 0.6381020270938186, 0.3884686922322917, 0.8680075823625694, 0.4751270116617129, 0.4761487256313784, 0.5244274783298235, 0.415724174695672, 0.43617511145298116, 0.5986714875508743, 0.21897361438555396, 0.5509081949326521, 0.3275794840346827, 0.39638137327216827, 0.6111138141205289, 0.5364421199343177, 0.8094821950198631, 0.558973624776398, 0.5385549529419317, 0.5004676526479956, 0.4381858215785586, 0.3031170765650017, 0.32092653295895335, 0.5415595926438179, 0.5857913359704524], [0.6003052532548343, 0.32880064133717024, 0.6824366202193409, 0.3565315592310007, 0.4553544515483861, 0.6382645486288017, 0.6118900066682934, 0.5468013755576958, 0.4799950347145818, 0.46900762990849404, 0.3694538725688569, 0.4983498622467631, 0.3778268729253117, 0.2995240156746961, 0.5876547914697275, 0.24257964459134945, 0.4008792593246435, 0.5029747049678966, 0.36181216523593546, 0.35877279016118413, 0.8115151097111816, 0.3119619951477523, 0.6461279513118197, 0.5464696212623642, 0.3905704833078605, 0.6253374590274539, 0.49648657458823703, 0.32224437223041824, 0.8003861911990864, 0.36793042306656654, 0.5548037747432718, 0.5750662295609098, 0.43843912473359303, 0.3918637311449071, 0.790740454331587, 0.3688107404029824, 0.5464336569578154, 0.4130799684182939, 0.5579127275842968, 0.7104329578554246, 0.5528379927934759, 0.7455172321880993, 0.31616661188911116, 0.32687897175419856, 0.6087498275998892, 0.5314588630035584, 0.2820220410964466, 0.4510286291086934, 0.6583792244190283, 0.47201186306220316], [0.27416933086578116, 0.4964789239704938, 0.5548302438118511, 0.6985057462070866, 0.5651875278693052, 0.47502983145575395, 0.4035405014726068, 0.7923008930956744, 0.34970202233963954, 0.4102587841466647, 0.386632530643537, 0.2783644232449277, 0.35595697334269716, 0.4424033491475061, 0.6376769408474094, 0.5451862277136619, 0.7548098612934213, 0.45457804023261417, 0.5473753385551597, 0.2983667103325311, 0.6504122885375213, 0.4928793413403628, 0.9688285982487999, 0.25127358049741644, 0.48759839415880757, 0.3054189240965037, 0.5038827740373284, 0.7666566390593432, 0.31453287692283605, 0.5106624690543577, 0.9077613763018457, 0.48194488221296006, 0.5970706934456982, 0.4675325186525566, 0.7481528960808728, 0.5097537911989569, 0.4380868922001171, 0.5504250984694178, 0.286879824241561, 0.5065255709609795, 0.48126328349473974, 0.34514801505686044, 0.2966165528447919, 0.40329502108490384, 0.6792018269656438, 0.5118024262673369, 0.329182080567858, 0.5310569007585106, 0.409265309089621, 0.26082070762220755], [0.2845550952505781, 0.4678494662751916, 0.5364543761507296, 0.7001307059037648, 0.5853323760111896, 0.47131012983022935, 0.4355001812924503, 0.7952115352965169, 0.3608058522125968, 0.41474958116115423, 0.38487529106449225, 0.28106518548056103, 0.3759735884981117, 0.4478658096241735, 0.6230837836858184, 0.536368859753543, 0.7307215748701096, 0.46397091868183266, 0.5404463341688277, 0.30414517291471627, 0.6721454061371693, 0.5208185090868739, 0.8859839609429844, 0.25518015034600944, 0.5323261551215206, 0.3349304911951011, 0.5005397432576157, 0.7498934155728278, 0.3363755118801963, 0.5231868744942959, 0.8406462997969274, 0.4740837340581249, 0.5916059229691765, 0.4624147494877781, 0.7181843428750487, 0.5190998872589028, 0.443681312638626, 0.5570715494041165, 0.2975704143074959, 0.5076727547246026, 0.476360372896809, 0.37464682859832094, 0.3249532084165401, 0.4053180693453816, 0.6775635878446118, 0.5137896801203287, 0.3369301603312254, 0.5528295825954378, 0.42395704781356874, 0.2710884142731249], [0.4186396978488582, 0.4553639675721076, 0.49440330907794816, 0.3632823790487779, 0.6253734987667584, 0.35980955856327834, 0.6820359953748827, 0.399432465075408, 0.3789415511177171, 0.39305667989819226, 0.4191181122438605, 0.681604070683803, 0.5763585982675339, 0.557061408441115, 0.2545041590882956, 0.515290025268548, 0.23077396137806355, 0.6842313607122046, 0.4478168254456064, 0.2090055048908625, 0.4580046044050824, 0.6051551872459902, 0.3137076468617546, 0.7857233517690019, 0.2647574003709079, 0.8062507323375854, 0.20709460315235062, 0.3208456724813521, 0.44173384656834125, 0.34914484883056274, 0.4426774212547835, 0.580926317507354, 0.5337302776429929, 0.6386929471402218, 0.3738295029691766, 0.4513388821646469, 0.273488225034669, 0.4382307327347034, 0.38030083601173453, 0.3381133743755712, 0.43465759180880215, 0.29739990373233094, 0.7025908307750747, 0.5685362193366129, 0.380683889182024, 0.7911942439050023, 0.5712083508094771, 0.2779846429134868, 0.453575703032996, 0.43790097733270195], [0.38808379112284735, 0.44771197809224417, 0.48657980421558716, 0.3705985953500666, 0.6163100631271645, 0.370195169045513, 0.7010327112710855, 0.4221497845011708, 0.3869365639963247, 0.39902643667273524, 0.43354635403532277, 0.6702923662004852, 0.6007776215969376, 0.5360177563920775, 0.25913640192172827, 0.5536561957552222, 0.24732712215999508, 0.6951681282768013, 0.4560935663858499, 0.22534069473035162, 0.45061409819793796, 0.6315015293470909, 0.3179388757972181, 0.7479229081139718, 0.28097855961298085, 0.8237723653717539, 0.2121182334927409, 0.3329948687851763, 0.4469782926097883, 0.36394113240347636, 0.42129261542703117, 0.5546524162773718, 0.5194740097126151, 0.6363451690510089, 0.37184012733254046, 0.45784744322473697, 0.2576658717609532, 0.4646961926488226, 0.38829258072100115, 0.35843666715672456, 0.46955282854899105, 0.29422055704293987, 0.6608486217401767, 0.577921920170258, 0.3852527187782761, 0.7791054895512198, 0.5875571509646956, 0.30509470087799845, 0.45211078189015175, 0.4388004948750385], [0.3941407087840745, 0.7555370018341675, 0.4865145747622617, 0.563390360788717, 0.48359858153756524, 0.5039937097646612, 0.38254531116614643, 0.5713232166410696, 0.43853538987839863, 0.3365656040239986, 0.3467882075472664, 0.43547527145800646, 0.3098602691134936, 0.4156469098079564, 0.640254744032219, 0.3546759507126236, 0.32397579882222544, 0.4589370796230225, 0.35762808361575305, 0.2466550258917447, 0.46524519262995134, 0.27508496208794964, 0.752505334338097, 0.5952585486046638, 0.36961841979403987, 0.43606709987900333, 0.3336602995014181, 0.5117441244118107, 0.5190806784721834, 0.5424202228040581, 0.6272160349837044, 0.40601901325416284, 0.3890265102578571, 0.6013456760799816, 0.5130421530564573, 0.3004069920078974, 0.766241419848609, 0.39068505286695776, 0.27933088804233736, 0.39974873858127336, 0.39535534047247145, 0.3348544984820277, 0.45626348340208867, 0.2750969003853745, 0.26825839038713045, 0.7135078902030726, 0.30199717462373465, 0.36009572638050824, 0.49074251646309136, 0.29329789533569645], [0.42157673166774623, 0.7862896794786746, 0.490720781750572, 0.5858026635673348, 0.473515656345973, 0.4957557650188532, 0.38981520920661245, 0.5651757165878756, 0.4387141831307459, 0.344647749642249, 0.353577504592844, 0.451236473590257, 0.3132845229520708, 0.44229569843466815, 0.6582614849422229, 0.3830135078630851, 0.3354392999245321, 0.4437634206901226, 0.3646906133349604, 0.26775205849126843, 0.4695931764060739, 0.2933153395391713, 0.775496309607638, 0.5937660216187094, 0.3788123972069344, 0.4459817191384626, 0.34726482887781757, 0.5248176322054207, 0.4969337393412138, 0.5385203889374924, 0.6110029059987323, 0.429073248559811, 0.39571313573471084, 0.6184787665849499, 0.49161903045960453, 0.3062944692657059, 0.7033488390197669, 0.39688503862846775, 0.28356083897011264, 0.4258225185791576, 0.3929463395525203, 0.33474502932251315, 0.45100111716312546, 0.2726870370980567, 0.27500028055580683, 0.7113098989484576, 0.30668590679370467, 0.3525160944462432, 0.5130639146102867, 0.2987147189921925]], "G": [[0.22380904719110242, 0.20393870125220137, 0.29790193594415393, 0.27435031561254214], [0.2540411490963656, 0.23657117518760987, 0.2677394673754337, 0.24164820834059056], [0.21336600642808207, 0.19925698406804637, 0.30244337569632623, 0.28493363380754555], [0.13731090234540297, 0.12577211918647754, 0.3815571189811501, 0.35535985948696885], [0.14050970308816238, 0.39554317832939084, 0.24483744505412322, 0.2191096735283247], [0.18668843406838273, 0.17953179927417853, 0.33147753553142695, 0.30230223112601173], [0.12293928136686243, 0.11290669518092288, 0.3976765030923013, 0.366477520359913], [0.17120832771658775, 0.16157639045689334, 0.3452727376079622, 0.32194254421855717], [0.2045245465716889, 0.1935923228898682, 0.312606101144162, 0.2892770293942803], [0.16836811304458293, 0.16085947854014293, 0.3500722928577934, 0.32070011555748035], [0.2605330112132448, 0.24118908546714413, 0.26045667479085427, 0.23782122852875673], [0.1660100900133032, 0.15444574589726642, 0.3501503760982077, 0.3293937879912221], [0.18816239963047518, 0.1836771138069759, 0.3282482923018728, 0.29991219426067517], [0.16065533242480876, 0.15349805246798912, 0.35862893068477986, 0.32721768442242244], [0.26432172565792916, 0.24553952565291529, 0.25274412273175695, 0.23739462595739855], [0.1935567679117318, 0.18432548360912515, 0.3216217919334704, 0.30049595654567196], [0.25869538980681195, 0.2486771949581145, 0.25266024483052935, 0.23996717040454435], [0.20634546528953157, 0.19295191095769784, 0.3105263834090703, 0.2901762403437006], [0.11057323771608238, 0.10233073905190536, 0.4027759053440148, 0.3843201178879974], [0.21007252670356305, 0.1926412194766784, 0.3085454591276643, 0.2887407946920941], [0.17792746395225856, 0.16642210702809956, 0.339223496162598, 0.3164269328570444], [0.19015578927751545, 0.1770318358489145, 0.3263855971936681, 0.3064267776799024], [0.1604048751467858, 0.15036503504140128, 0.35747741031430497, 0.3317526794975075], [0.2826704159151959, 0.273016404721757, 0.23342239950819246, 0.2108907798548551], [0.21156049483527495, 0.1969504984018431, 0.3096457058181299, 0.2818433009447526], [0.30809639849561843, 0.16593786325569335, 0.27087738226812963, 0.2550883559805584], [0.25451211449732986, 0.1633037698910956, 0.30318166072187025, 0.27900245488970427], [0.18008391580456015, 0.1721648494045967, 0.33298213981271985, 0.3147690949781227], [0.18773314026133958, 0.17651083218474867, 0.3298635266864576, 0.3058925008674537], [0.14611561511766982, 0.1625081608856285, 0.3634848787724922, 0.3278913452242094], [0.2729578869343425, 0.2487516796950345, 0.247811652910632, 0.2304787804599912], [0.15911930452416437, 0.1508140168052547, 0.35766835696304566, 0.33239832170753486], [0.17135622069834466, 0.15482102597215883, 0.3523566327875387, 0.32146612054195783], [0.17974506193288328, 0.16120409181266174, 0.34274932595780083, 0.3163015202966546], [0.12351108081551379, 0.11144560053630988, 0.3960499942640347, 0.36899332438414056], [0.15171177809949093, 0.14322665818440097, 0.37016252395426363, 0.33489903976184454], [0.16762370033218552, 0.15395713785155107, 0.353121981191936, 0.32529718062432794], [0.16024377096052914, 0.15435861591854516, 0.3581484180843173, 0.32724919503660826], [0.18646545536094408, 0.17996525459028279, 0.3314643963242815, 0.30210489372449145], [0.2196372315351604, 0.19690410421719226, 0.3037450684227369, 0.2797135958249102], [0.1590205755821806, 0.1430184730181288, 0.3623007965153448, 0.33566015488434586], [0.23252461526450086, 0.22522987008482107, 0.2792198639461498, 0.26302565070452916], [0.10173383180128151, 0.09850098785764849, 0.4138513348362898, 0.3859138455047804], [0.29801312896229415, 0.13289226064104379, 0.2995859740414798, 0.26950863635518124], [0.13587128297137555, 0.12709423795289196, 0.381956864586276, 0.3550776144894553], [0.15181061802338738, 0.14004666235062876, 0.3701774249254972, 0.33796529470048664], [0.19283373293850745, 0.18743845676474563, 0.3226773803290075, 0.297050429967739], [0.1447821566806845, 0.13967441913980563, 0.37254174379686306, 0.3430016803826476], [0.15910836230932354, 0.1450630865736563, 0.3604372690111246, 0.3353912821058959], [0.24522382276678487, 0.22649445986287972, 0.27580271199384704, 0.25247900537648765], [0.10967290894428669, 0.10209905043090756, 0.4075277726667266, 0.3807002679580793], [0.13137142038409583, 0.12008066463408978, 0.3890545232631846, 0.3594933917186294], [0.22579419633553113, 0.2070443615652994, 0.29275744459448594, 0.27440399750468325], [0.13834019042369333, 0.09747799370133958, 0.39191225827343545, 0.3722695576015324], [0.2197885111701727, 0.20032185904446748, 0.3028907514709467, 0.27699887831441333], [0.2599750756826867, 0.2459833002270598, 0.25799098771456724, 0.23605063637568582], [0.21298682372632025, 0.19234652124255425, 0.30877300046749423, 0.2858936545636313], [0.12510677784429278, 0.24267088914814516, 0.32818697316448564, 0.30403535984307695], [0.1861450656816826, 0.18118867710686648, 0.3299651198798117, 0.30270113733163867], [0.21990705706032984, 0.20243600606490395, 0.29985496081715834, 0.2778019760576078], [0.1416707111774138, 0.1353653395837666, 0.37562899117511783, 0.3473349580637029], [0.16810871573920172, 0.15855218870849147, 0.3507447710604638, 0.32259432449184294], [0.22172559783814869, 0.20968765936550057, 0.298345358846984, 0.27024138394936703], [0.1841568620210598, 0.1691332758938852, 0.3328318413365981, 0.3138780207484561], [0.15124977219838187, 0.143666655265409, 0.365791905979969, 0.3392916665562406], [0.16485340792823988, 0.14622538725639397, 0.35798625838447734, 0.3309349464308885], [0.09287370849788061, 0.0866588633750995, 0.4260149468509807, 0.39445248127603916], [0.17083868149172135, 0.1570827763175218, 0.3467460948652622, 0.32533244732549416], [0.1852497093916147, 0.168833724957662, 0.33636362210109777, 0.30955294354962604], [0.10644400447499965, 0.15115200397526618, 0.3840786661397233, 0.3583253254100106], [0.24627200922578407, 0.23157122354274598, 0.27203836903748213, 0.2501183981939878], [0.22145687381220006, 0.21427896063523824, 0.2912048524939115, 0.2730593130586498], [0.1810712136517254, 0.17225735728142821, 0.3359757360918479, 0.3106956929749983], [0.16627987061869656, 0.2221544179300547, 0.3203215083731833, 0.29124420307806465], [0.21083670112681488, 0.20167392313117202, 0.3085023221299195, 0.27898705361209464], [0.23225356568007707, 0.21083445125137998, 0.29064293559195603, 0.26626904747658725], [0.20603939420800635, 0.18650052039058004, 0.31725009286441075, 0.2902099925370035], [0.19231478691568676, 0.1838038975526676, 0.3215647654136934, 0.3023165501179526], [0.23568602071648923, 0.21631549458052893, 0.2832200683810112, 0.26477841632197036], [0.1598996577352807, 0.14959110341401646, 0.35521935259453813, 0.33528988625616496], [0.16090382950168408, 0.14415377861615475, 0.361082866953633, 0.33385952492852844], [0.1711086685215115, 0.159599729918687, 0.34608991865062316, 0.3232016829091783], [0.09791210224615719, 0.11911822173841279, 0.40784727522981384, 0.3751224007856162], [0.14343594266478937, 0.08139742993828215, 0.4011252278291572, 0.37404139956777066], [0.11113929456026313, 0.10418185119741068, 0.40716435563091047, 0.37751449861141445], [0.17579891380853505, 0.16662157438242126, 0.34155167973747913, 0.31602783207156493], [0.1332718441416282, 0.12112899136044589, 0.38759157726131693, 0.35800758723660897], [0.1606457160964771, 0.14914939379324496, 0.3561871994836422, 0.3340176906266352], [0.16481434458635058, 0.1486578026873327, 0.3533352309400622, 0.3331926217862544], [0.22584408500736206, 0.2121365091550293, 0.29650128111183216, 0.26551812472577574], [0.20263425899029988, 0.18814462308647928, 0.3194660746504615, 0.2897550432727594], [0.21571448007209595, 0.20522579460808058, 0.30291603310938725, 0.2761436922104358], [0.1388884435941387, 0.13091251700319564, 0.37762891779953, 0.3525701216031355], [0.2570325231125165, 0.2428109728319765, 0.2624148975899244, 0.23774160646558232], [0.20721963871561205, 0.26172700385550324, 0.2778746774184086, 0.25317868001047567], [0.18799804714659846, 0.17975937463762934, 0.3279364429677323, 0.3043061352480399], [0.10799023474557365, 0.17875196364396462, 0.3689413659138993, 0.34431643569656295], [0.1680796089482844, 0.15237449976242035, 0.35261843857125563, 0.32692745271804036], [0.12745972620295168, 0.11999393182618905, 0.3846866263072443, 0.36785971566361425], [0.24747652384981644, 0.22594906951897578, 0.2716506024309598, 0.2549238042002482], [0.20749526228470386, 0.20005470957965144, 0.31044051254030897, 0.28200951559533655], [0.26692895420998447, 0.1273837230481003, 0.3168903756603023, 0.28879694708161296], [0.22692921743951835, 0.21869017301125832, 0.2895370118114634, 0.26484359773775945], [0.1983834661729797, 0.18805333212234598, 0.3184720153872397, 0.2950911863174337], [0.19064267815817962, 0.2684097248566974, 0.283962448603612, 0.2569851483815104], [0.20970328320206155, 0.19624448251623786, 0.30575844756880083, 0.2882937867128994], [0.14588678755845394, 0.14120365632554513, 0.3719027973223356, 0.34100675879366565], [0.1522760471943635, 0.1382543569684871, 0.366741621032899, 0.34272797480425143], [0.20514653805396826, 0.18865492538771472, 0.31378859446643587, 0.29240994209188165], [0.21475146179022037, 0.10397766526937467, 0.3538227769386063, 0.3274480960017979], [0.1348572480072818, 0.1247992357734689, 0.38384538126446965, 0.3564981349547799], [0.16910967224916915, 0.16452620115830327, 0.3423294236795664, 0.3240347029129609], [0.22243994561968058, 0.20932245269099536, 0.29130219849408734, 0.2769354031952367], [0.14395416536961225, 0.13179813128917173, 0.3773696292246593, 0.346878074116557], [0.17490316213121038, 0.1656885886099495, 0.33999361145726004, 0.3194146378015801], [0.2082743994749607, 0.1929292815202687, 0.3079326979658215, 0.2908636210389486], [0.1267875709549471, 0.1359680614309729, 0.37898762184887735, 0.3582567457652026], [0.12455134636842294, 0.1110405044889855, 0.3913656247194751, 0.37304252442311553], [0.11783182516059171, 0.11167720161970014, 0.39857705807462285, 0.3719139151450862], [0.14232366318354114, 0.12824418320777578, 0.3773576096294257, 0.35207454397925697], [0.12934991017612094, 0.12478765253764895, 0.3890001650396805, 0.35686227224654965], [0.17155456025244703, 0.16071012600322013, 0.34462112536705763, 0.3231141883772752], [0.185790372972831, 0.18023730457062587, 0.3277165682874657, 0.3062557541690768], [0.15892115997951112, 0.1446390356951846, 0.3631044168759132, 0.3333353874493912], [0.20647342234746144, 0.07958947187778473, 0.3690305197482719, 0.344906586026482], [0.22012203863485552, 0.20206307728921363, 0.299893757164072, 0.2779211269118587], [0.26196654884613846, 0.24239323346385028, 0.2584556031087316, 0.2371846145812797], [0.1668915914240148, 0.15411478009487017, 0.35168099382978824, 0.327312634651327], [0.10180066981076971, 0.14801693113314746, 0.39126213960512873, 0.3589202594509542], [0.21323146117788624, 0.20832609430273394, 0.3041338379320297, 0.27430860658734996], [0.16729239621361744, 0.154894806752531, 0.35109887349483426, 0.3267139235390173], [0.15371166913544, 0.14567272626208103, 0.3685803562509995, 0.3320352483514798], [0.2716730797028832, 0.2571617496714771, 0.24842256052051714, 0.2227426101051226], [0.1540180432096176, 0.14702911620677397, 0.3624586585000431, 0.33649418208356485], [0.23441058416357127, 0.22388944613605152, 0.2830506343830436, 0.2586493353173337], [0.14334621883313664, 0.13877947172912805, 0.3714026186407727, 0.3464716907969627], [0.14125757331432975, 0.13823320446409537, 0.37109508866425844, 0.349414133557317], [0.23552098350135384, 0.22265247210365363, 0.283601610577062, 0.25822493381793055], [0.12359574782300652, 0.11745663407258301, 0.39200139556075825, 0.36694622254365317], [0.22205969212402837, 0.1996991626276702, 0.30006042597637217, 0.27818071927192894], [0.15327743330297916, 0.14100780967400098, 0.3624756076070631, 0.34323914941595635], [0.2140356295891395, 0.201815211846151, 0.30688367262155664, 0.2772654859431526], [0.26984946519309677, 0.12279265099691149, 0.3170024912434177, 0.29035539256657383], [0.14410840113981357, 0.18124225725739865, 0.3531235507016181, 0.32152579090116973], [0.15710763836610978, 0.1515000265079819, 0.3619202788222418, 0.3294720563036656], [0.20398898965004325, 0.18890018187731344, 0.31477635963594125, 0.29233446883670167], [0.22632034227969822, 0.20726599127296588, 0.29643341785741606, 0.2699802485899197], [0.17670012569375532, 0.15762463918135347, 0.3471339360761718, 0.3185412990487194], [0.12759829019261285, 0.11406892006994682, 0.3923419737863073, 0.3659908159511334], [0.22970181298647566, 0.2171166252326828, 0.2871363774751974, 0.2660451843056438], [0.15319051428083058, 0.14137789796366743, 0.3640328515025287, 0.3413987362529723], [0.2153103926948817, 0.19750338276257637, 0.30304216704971904, 0.2841440574928228], [0.15041042624599774, 0.1204514007269029, 0.373864712176843, 0.35527346085025713], [0.14284060950911978, 0.16064285612414403, 0.3619506318546129, 0.3345659025121237], [0.15360613156067848, 0.14991968152147006, 0.36202417140669013, 0.334450015511161], [0.16542254051524902, 0.14934654212507364, 0.35283358828355804, 0.33239732907612], [0.1961164973130605, 0.19220742942317373, 0.31969834003076536, 0.2919777332330005], [0.2127652630672222, 0.20170328563529988, 0.30661874036141074, 0.2789127109360662], [0.15257520453011766, 0.1458926234734175, 0.3630500963016445, 0.3384820756948208], [0.15732509391532357, 0.14914153081159634, 0.36287368630246086, 0.33065968897061987], [0.16481144287993327, 0.1467795717707366, 0.3546865485988247, 0.3337224367505054], [0.15880105619657808, 0.1464873528812475, 0.35767623784163094, 0.3370353530805431], [0.14738531563898852, 0.13576944113570893, 0.37215874448559055, 0.3446864987397121], [0.21216644451991037, 0.11824368491783777, 0.346936631987638, 0.32265323857461387], [0.14458124136468006, 0.13469040381224592, 0.37207741452464127, 0.34865094029843335], [0.23080795544201985, 0.21457822179241348, 0.28804079059496857, 0.2665730321705978], [0.16863669651947802, 0.15474731689830962, 0.35151690419016624, 0.3250990823920457], [0.2519743911746668, 0.24378251229457767, 0.2613856965523098, 0.24285739997844588], [0.11159831329921943, 0.35639182578929063, 0.2756294689800191, 0.25638039193147083], [0.3092580123576012, 0.1766155178142264, 0.2695939684373773, 0.2445325013907955], [0.3881028795579918, 0.11375698389536196, 0.25745934826123346, 0.24068078828541292], [0.08884901293972602, 0.08055650849229085, 0.42843363942818713, 0.40216083913979495], [0.15364940849028463, 0.1459453969960262, 0.36440814694556256, 0.3359970475681263], [0.2635919134331414, 0.24867088206650598, 0.25713471114164715, 0.23060249335870592], [0.20290743649789494, 0.18906986578171692, 0.31240226981884517, 0.2956204279015433], [0.1972618555568983, 0.18757054147122915, 0.322222579185492, 0.29294502378638004], [0.1147841283628795, 0.19286856496416757, 0.35694909407536257, 0.3353982125975898], [0.24661797353608342, 0.2360706124980585, 0.2651234286836136, 0.25218798528224395], [0.19566278784192798, 0.1795944377613635, 0.32336459624686964, 0.3013781781498378], [0.1794452131955998, 0.1659115142351087, 0.3387651063229659, 0.31587816624632503], [0.19764130726087897, 0.18604659394656545, 0.31858011611774917, 0.2977319826748059], [0.13238391977872876, 0.1780943622552475, 0.35692610048783, 0.3325956174781939], [0.23355634321700483, 0.21630003789617688, 0.283377773933227, 0.2667658449535912], [0.1369465349283241, 0.13567113008340367, 0.37495977784528406, 0.3524225571429875], [0.20887232317841797, 0.19849122032768296, 0.30856585639282136, 0.2840706001010778], [0.2110077329803291, 0.20075725019453972, 0.30793342196939066, 0.2803015948557402], [0.20060045442039073, 0.1908454686778389, 0.31915018060672323, 0.2894038962950471], [0.16344798469376712, 0.15080743545616687, 0.35412023077132115, 0.33162434907874455], [0.1885869460453033, 0.17225209288996396, 0.3334646884265999, 0.3056962726381335], [0.15488458451308462, 0.14373754245439735, 0.36352502499448, 0.33785284803803817], [0.22344027246612436, 0.20695339688838219, 0.29276389263587943, 0.27684243800961367], [0.15582576274929402, 0.15018604862745075, 0.35950793579673396, 0.33448025282652094], [0.12133825428227421, 0.11592578526443673, 0.39335701189936517, 0.36937894855392367], [0.18611270676675662, 0.09954104320837816, 0.3737640715135498, 0.3405821785113154], [0.09327175580892591, 0.08398418018119173, 0.42950084449677994, 0.39324321951310265], [0.29977310650376093, 0.2850245175903186, 0.2140080931553352, 0.2011942827505855], [0.2264211017967116, 0.21160001879993615, 0.2896627822152408, 0.27231609718811145], [0.2138220626310736, 0.2045229803623897, 0.3031798852519963, 0.27847507175454045], [0.14244160128165043, 0.13010558543783202, 0.37593643929625353, 0.3515163739842638], [0.15833690564125438, 0.15042915123146966, 0.35758209414338565, 0.3336518489838906], [0.15590528105057497, 0.21615858769689972, 0.32761215006634986, 0.3003239811861754], [0.28962140131484904, 0.2687563866513977, 0.23229058426262011, 0.20933162777113284], [0.15489634648641845, 0.14915475971536324, 0.35886978275756615, 0.3370791110406523], [0.21585255629915054, 0.20115516038547404, 0.29907174323884406, 0.28392054007653134], [0.28613482929909057, 0.07016496320662573, 0.3348696035382891, 0.30883060395599476], [0.2127286421901137, 0.19620601762786563, 0.30666846895074146, 0.2843968712312793], [0.20121474091978217, 0.18575829694368556, 0.32012000526142387, 0.29290695687510887], [0.23734114635632722, 0.21606136111562307, 0.28213633479228606, 0.26446115773576384], [0.1567660103938877, 0.15110625159741842, 0.3560658127501219, 0.33606192525857254], [0.26026842485074975, 0.2519258467983249, 0.2541409465328442, 0.23366478181808156], [0.08613642327710314, 0.08386709593145698, 0.426993226135143, 0.40300325465629705], [0.2233040278204923, 0.20759803869736024, 0.2957973865917762, 0.27330054689037153], [0.17158174867894233, 0.15703641150125955, 0.3450987962627608, 0.3262830435570384], [0.14868561258755889, 0.14111758142652892, 0.3703133978888237, 0.3398834080970884], [0.14338180257936903, 0.12837814046503013, 0.3756759843832876, 0.3525640725723141], [0.24023799838200793, 0.2259804610922424, 0.27793606920927577, 0.2558454713164747], [0.28718980508665765, 0.27223580616071863, 0.22713293653135885, 0.21344145222126473], [0.20114171226904318, 0.18600448113917997, 0.31741585524899196, 0.29543795134278517], [0.19224835649292116, 0.18566311548552566, 0.32333031393847034, 0.29875821408308306], [0.2233832937682716, 0.21516101274292843, 0.2942098768279123, 0.2672458166608876], [0.17526699021758763, 0.16465029170567017, 0.3385466954997506, 0.32153602257699065], [0.10213816092291036, 0.09740619202013594, 0.4130561229341458, 0.3873995241228075], [0.1538732965540321, 0.14957650354130167, 0.3603175063603889, 0.33623269354427743], [0.19355724641482952, 0.17320907126566856, 0.3286858562440284, 0.3045478260754731], [0.16752723104799655, 0.1546447411787964, 0.3507169650367284, 0.3271110627364784], [0.17048584046814486, 0.14192133139070714, 0.3576795229921724, 0.3299133051489754], [0.11826022691213339, 0.1137957501752953, 0.3971132338158962, 0.3708307890966755], [0.18135750829497777, 0.17333875429834159, 0.3367142190016098, 0.3085895184050701], [0.11961950485755996, 0.11675298245418042, 0.3935648313073295, 0.37006268138092935], [0.17003415106184638, 0.16131685595947381, 0.34593570466140827, 0.3227132883172711], [0.19927562548169067, 0.19628374677911567, 0.3114313985728791, 0.2930092291663143], [0.2343378489062471, 0.2682222871776339, 0.25936660442291004, 0.23807325949320907], [0.2816603358355405, 0.11440988639772962, 0.31475402873862673, 0.28917574902810395], [0.2205926092157009, 0.20488555254046234, 0.2983614363589676, 0.2761604018848688], [0.13374454990085358, 0.11422992522887145, 0.38940218246103186, 0.36262334240924343], [0.24080520008688316, 0.22584418748702081, 0.2765465920282889, 0.25680402039780725], [0.17767291395896545, 0.16371288181665924, 0.34327826783520954, 0.3153359363891658], [0.13698485263822344, 0.12701906764320092, 0.38091068551951834, 0.3550853941990581], [0.2399571316809347, 0.20724377704107694, 0.2866470654081796, 0.2661520258698078], [0.2005412873126965, 0.1513065912797338, 0.3382666352815228, 0.30988548612604605], [0.22636350171383893, 0.21073403942079305, 0.29139235422809456, 0.271510104637273], [0.14522390207496294, 0.13678517848741614, 0.3758669436186653, 0.34212397581895465], [0.1530175034594358, 0.14129603770375598, 0.36162617715805506, 0.3440602816787531], [0.1547093385093233, 0.14089424930383918, 0.36498803523464046, 0.33940837695219767], [0.0823618625764698, 0.2710498588838744, 0.33903459003161635, 0.30755368850803877], [0.2305913311181636, 0.22362142958805367, 0.28303784017480893, 0.26274939911897366], [0.17670117786233555, 0.22388192981119487, 0.3119986459889472, 0.2874182463375221], [0.13453038388072125, 0.1226766105373379, 0.38491549506018946, 0.3578775105217507], [0.267359428755313, 0.2615507697608392, 0.24652746912212556, 0.2245623323617224], [0.1685000987665539, 0.1578549508423615, 0.3474954830908947, 0.32614946730018995], [0.08890494078173242, 0.08380134491818624, 0.42403069308485003, 0.40326302121523117], [0.2185828307280247, 0.20396678159964968, 0.30086385920990993, 0.27658652846241594], [0.2157259406243599, 0.19658849513717477, 0.3045241117484029, 0.2831614524900631], [0.1783314609857846, 0.17149186836009267, 0.33718060138256933, 0.31299606927155377], [0.2044756277206707, 0.19806236156939944, 0.31180217133417615, 0.2856598393757539], [0.17110521099587567, 0.16771550871082933, 0.34224181155727684, 0.3189374687360186], [0.12373663621759542, 0.11639250163883283, 0.3916681565213631, 0.36820270562221], [0.41150999976025104, 0.15630743734829805, 0.2255555376751347, 0.20662702521631612], [0.10559819995296398, 0.09425772834570705, 0.416748992543097, 0.3833950791582316], [0.11362108161167296, 0.10060230164152188, 0.40658801212616946, 0.3791886046206351], [0.23410594802954696, 0.18634105581495045, 0.30502066394407545, 0.2745323322114269], [0.10856337894663474, 0.10074506401043105, 0.4064040672239557, 0.38428748981897803], [0.24791523578233657, 0.2329155708037514, 0.2716191615812851, 0.24755003183262786], [0.12668978350804863, 0.10771344904947279, 0.3970886014572547, 0.3685081659852235], [0.2141680607491168, 0.19584003494654786, 0.30839073949615703, 0.28160116480817815], [0.1816215547864101, 0.16953076156439284, 0.3305287699073299, 0.3183189137418669], [0.16041756208826796, 0.14651243368494107, 0.3602865554926817, 0.33278344873410864], [0.2284997700151614, 0.21552512304233556, 0.2918360612291494, 0.26413904571335395], [0.22214246591919617, 0.2056035824367512, 0.29438278010870167, 0.2778711715353507], [0.20580549496283684, 0.19071124403289577, 0.31393495326859217, 0.28954830773567497], [0.16682195179962023, 0.1566780961701906, 0.3505900808864874, 0.32590987114370157], [0.23070431210537312, 0.21348182262330495, 0.28612285551142097, 0.2696910097599004], [0.09692807349289051, 0.14843442897171627, 0.390034308145619, 0.36460318938977554], [0.19607727077710982, 0.18934257660760176, 0.3154257872488716, 0.29915436536641604], [0.12627106401141952, 0.11159270057944957, 0.3928464485972923, 0.3692897868118388], [0.19598799352887059, 0.1969170495857439, 0.31573264844170595, 0.2913623084436802], [0.1366832913085003, 0.10543576997822156, 0.38933807087479755, 0.3685428678384806], [0.1562079931550209, 0.14506533418759054, 0.3620507885734894, 0.33667588408389976], [0.17212145260747783, 0.15970827323837503, 0.34370152806581405, 0.32446874608833376], [0.14935905064719546, 0.14149606878168713, 0.36806093335269424, 0.3410839472184225], [0.1297020785194807,