{"estimation": {"a": 1.7815139947981076, "rho": [0.1627351297781827, 0.12109761442070581, 0.12432765082060594, 0.08539203627812199, 0.08181282600589584, 0.17299203302168276, 0.0688512861664632, 0.18279142350834202], "Mu": [[-3.1110371829088677, 1.964840781655193, 2.337722701729692, 0.7974875844116602, -3.3780034704598845, 3.607447259298358, 0.691954779312752, 4.140721454975096, -1.786005339261218, -2.896742158454332, -1.8532664583047394, 2.5651647825518493, 1.017743795700989, 1.9303224206168899, 4.4317289880045, -4.834074582576105, 2.274337877723212, 1.5982559405594408, -3.1006829094890813, -2.700619827972921, 2.157290887700169, -7.735720626993853, -3.2809462651435117, 1.1411633219142652, -1.6633345831898962, -0.9353424626966849, -2.416745734438006, -3.855315870052885, -3.245666841501435, 2.1957951026665183, 1.1549655664448397, -2.2151985926561233, -4.277650591807955, -1.5999264749501017, 7.565042359690913, -1.0741805576021703, -4.324056669176816, 3.1264571885452392, 1.6443904936325349, 4.539653610014015, 1.556938958329736, -0.864470707956932, -1.867064372524567, -5.540491973053559, 0.7022336884427454, 1.2511799496846643, 4.473391631125871, 0.42604602204680986, -5.148029386814232, -3.7919370185534684], [0.12376780843434008, -1.2589955203598133, -0.904108931341802, 2.205799169570634, -0.7668176556143231, 0.8911621652337337, 2.8774693265363824, 0.08981136411185109, -9.741018496967254, -4.303584429256081, -3.2946120081702706, -0.013934615885330343, 2.5045574713332908, 4.170514336936263, 3.3484287255498932, 0.18013094685388387, -1.1726246528747248, 2.9447937891996085, -3.253079318042531, -1.5855068089796873, 0.5109814292120495, -3.788642338760615, 2.281435129501749, -5.95802673546787, -0.15873865208926283, -2.0461698229361023, -0.9566278136294144, -9.85933849084534, -0.324204926369226, 4.34693966603393, 2.209685845304551, -0.3338921985032829, -5.031489697850566, -0.4667454004584335, 2.051807129217933, -1.5507860918211103, -4.286329627164451, -0.32762647833625697, -1.848276082661313, 0.7935353454197777, 3.370434558980808, 0.820468466171709, -0.6863651013826351, -0.9137066011502093, 0.01792262084795545, 0.16486005114555724, 3.079097918803992, 1.8769670692206217, -0.9626079399645691, -1.7190254984058209], [-5.451233310876087, 4.0839757572564706, 3.8075255252526246, 0.7857375011570595, -2.3395152837100595, 3.460612820094054, -1.475865157637284, -0.8324823905039357, 3.0825146970195796, 7.681722496900584, 0.5582813802164572, 2.8449785694374286, 0.9581496293758929, -0.796654231359235, -1.9597689272335967, -4.12852009913868, 1.1032913007525063, -1.4077790139156565, -9.700077642258321, -5.949462862802199, 6.430699367802167, -6.525983406757429, -4.04079127161876, -1.9133020313008458, 3.57102951448451, -2.1532784758924985, -2.8994300444178633, -0.5524160629731375, -0.59472154360658, -1.253167629192063, -1.7907796225572903, 3.8671425145413303, -2.585428035889292, -3.311501694887125, 6.665915400860921, -1.4118909845988488, -1.8473767031511334, 2.791590737124679, -4.809500671200954, 3.422892839459792, -2.0518182756815073, -2.350933964101701, -1.093467530742126, -7.127642948024121, 1.4817785255432516, 2.7164429599952156, 1.151959787897278, 4.927688143162405, -1.19050853726414, -0.9051884073358254], [-0.060651937527400474, 0.34245865899259675, 0.2296792007698497, 2.118588827337073, 0.045125952047816234, 1.0739055311473344, 0.45140005102240777, -5.187870710662776, -4.719768515502582, 6.6995218082463985, -0.5887574922281537, 0.07176886794800738, 2.433788936559136, 1.4178878606190513, -2.955619438949305, 1.6798711262361892, -2.866857038098261, 0.9120405553786995, -10.944152035238906, -5.163930032554591, 5.03776643312944, -2.2694328291275245, 1.7293507654735358, -9.617661727831221, 4.6220189529222795, -3.584089912601823, -1.7287156469553675, -5.388404432190947, 2.357645822480253, 1.1962695186918249, -1.2767001455040063, 6.195343088703773, -3.142176054807063, -3.3659219929987683, 0.7036090236020439, -1.809225852385087, -2.02530285991536, -0.43862063184176087, -9.680834817497475, -0.8937483212090853, -0.21535539938381057, -0.4847818678224062, 0.3460566802986405, -2.016444021328739, 0.8237585485728762, 1.7337331775698017, -0.7573325816453497, 6.759591829114513, 2.5521460569290113, 1.2009947533214957], [5.453351318096871, -3.3272270744595525, -4.472214737745523, -4.042929942511041, 0.10236872769246087, -4.088645187607742, 1.7727720303188825, 2.5504599914292645, 2.0662028430968578, 2.306945014879243, -0.9041687839129935, 1.9769898925203289, -5.031385586367916, -3.6031614024028507, 2.6618499818317916, -1.402492158678149, 4.869938903838639, 2.246519508184242, -1.5509425236108376, 0.6419676817282136, 1.072667203708076, 0.04948663945559024, 0.4929802838242437, -7.792500824973545, 1.879147188374475, -0.1923850111010041, 1.7594815291051074, 0.4753659201426497, 2.023241779012522, 0.14734551037079738, -6.952077432595753, 1.3941578841018551, -1.210893334275528, -0.8509489756358345, -2.9595956924562707, 3.1046663104428656, -1.0769751516289252, -1.1626100166191842, 1.762190762947843, -1.4894816449142718, 5.095840461751826, -10.041490257423293, 0.2808089050067775, -1.0852848631728835, -3.442967842576376, -1.0077497174472725, 0.3816783354070626, -5.355987756896094, -3.474493756747664, -0.16561840425519753], [-1.95229631925003, -0.2317661690151309, 0.567623909864277, -4.568449037321814, 0.6321251829012894, 2.797826330694762, -2.228374412869576, -1.159429637713745, 4.626053987012888, -2.999440357659597, 1.8496665175734965, -1.1593302784523902, -2.256958801611147, 2.488507599033972, -1.0453502267247032, 1.7669363975381474, 4.7024233516379645, -1.596158141785296, 7.279577936859573, 0.5331243353781643, -1.257231652128213, 1.9036147678111857, 2.5289058467747303, -1.1770209771107802, -1.1229003309108825, 2.2565399613441026, -1.366222586226233, -6.267609263505321, -0.5513695971932345, 5.928820496002124, -0.1890136961877506, -1.833818062269563, -0.8865432049440085, -0.08165335321136907, 4.860312589268802, -1.6951510771543719, -2.6088423649038175, 0.29238297330113394, 0.40531738673117984, 3.8459509287190383, 0.5356394174895004, 1.321184691812317, -0.6064225459259095, -3.034167410816375, 3.3265234688030714, 0.41898739938722684, -1.9148350029507057, -10.035504076818992, -1.8869523282013054, -0.18258961255670694], [4.128475904191123, -3.0513005530864072, -3.9670264757044142, -4.316100856452706, -0.18945189551786318, -4.565860765541197, 1.8947326675966591, 2.561216234224937, 3.2125197680017576, 2.5440885671466242, -0.8547743679513233, 2.474886646980833, -5.04483383645193, -2.8313374389535735, 2.608085516582048, -1.5958957109417466, 4.661727621673477, 2.362348226744719, -1.447534790901295, 0.680248418713467, 1.1950694348878363, 0.06626190661842314, 0.48088942236438537, -6.783776214184172, 2.089526337740774, -0.1708955497979614, 1.792726941791353, 0.5115663305620173, 2.3542540152262936, 0.3735946027869228, -7.4102036994657805, 2.7310652732164984, -1.157576174413984, -0.8298913017554032, -2.4950348443218546, 2.92836307038119, -1.8797903492292731, -0.2665542815247907, 1.565859680162568, -1.6400098455533285, 3.5324593357791203, -12.454387301564482, -0.19326232104661742, -1.0758400328758562, -4.188321881424866, -1.8070163028458592, 0.4757416277675237, -1.5668384178739174, -3.214890331888923, -0.38938398463382246], [-1.867509461747197, -0.4968282992010009, 0.43221551374486705, -3.8956842292473626, 0.29095980042418956, 2.532359597204697, -2.9294248334434845, -1.3851388924080277, 3.9226154330615874, -2.65368208115361, 2.0518858190010265, -1.0243431142190897, -1.7825526719234648, 2.8300496723756776, -1.1885057948615694, 1.8845155533558753, 5.622826920901679, -1.576682944194424, 6.215549369755031, 0.6803376648304368, -1.1783882550239992, 2.0178696961536864, 2.8085300568282654, -1.122369398173411, -1.154466375086855, 2.2474577555898096, -2.3196433893673913, -6.102092610975741, -0.5635314983127487, 5.756609981240855, -0.19036837201155038, -2.044489333140142, -0.850832965054129, 0.008579407122797865, 4.771694199847775, -1.5984017996522388, -2.836726780154657, 0.2709279781613031, 0.33283031778987077, 3.56737276744957, 1.2588475662296716, 1.37628665142579, -0.7132136993591606, -3.1694028848080924, 2.096718496979535, 0.4997512196805124, -2.4986068376995325, -6.315078280090673, -1.834465026660221, -0.015983089124242237]], "Lambda": [[0.34179172949496467, 0.5168454976716917, 0.4337703452609156, 0.9639029973213964, 0.6658883557435005, 0.1593047547329961, 0.6913510177933337, 0.22708885989296707, 0.5271739428377546, 0.5402334345679012, 0.6221050291325984, 0.4702041010066373, 0.4444692038755182, 0.5671293720503265, 0.28739526998463605, 0.33829149290832744, 0.21012426559528954, 0.25321297603997683, 0.7220148247748382, 0.30162359135759625, 0.19329271698657888, 0.12094945351428299, 0.6020727618120427, 0.220280000535538, 0.3464298007210613, 0.4197988048977544, 0.6133697401493395, 0.3516611010074373, 0.3710473551867187, 0.18677500959502022, 0.4080595029887906, 0.5844416850269838, 0.2976786907325821, 0.7172467015019766, 0.3556251054191569, 0.41822463043277525, 0.566606907394023, 0.864213192281685, 0.31962088708381625, 0.7774148134711063, 0.6972155501938093, 0.7856176901635741, 0.6534946600973864, 0.6354972308677738, 0.9855604294796464, 0.6030527313753203, 0.42672558220756013, 0.9280695868224699, 0.5835883278779809, 0.4270012205730118], [0.5203928835588019, 0.5783958966684589, 0.3654860580979992, 1.1745895646686757, 0.46952788249540073, 0.34897410136167245, 0.4520708591219382, 0.46156764310105597, 0.4247545345548002, 0.3114227447724791, 0.5523338835032052, 0.6125387470737846, 0.5704566909845981, 0.649512510449493, 0.19472420374989055, 0.4287972052935484, 0.4269748218622468, 0.244981612973988, 0.8115487020748545, 0.40220123217612697, 0.10784474534389886, 0.5049135594341776, 0.671009860444435, 0.15955595350991336, 0.37483595079425047, 0.39943272697200927, 0.5367145860487462, 0.28375491316271834, 0.4063149838928916, 0.794585184428271, 0.4639731144347015, 0.46573127120689095, 0.3442668629635424, 0.7170719744884961, 0.42465804855946876, 0.7792144228328682, 0.835440638476598, 0.8956590852890883, 0.3888542337853778, 0.6613611768238746, 0.327811162523116, 0.8358928707397356, 0.42420350127784956, 0.7494994426357794, 0.8406681984598872, 0.5746354106448186, 0.5980708849614734, 0.6435246355188419, 0.5326596583692056, 0.3295690553811613], [0.42353682647854257, 0.9992679220080335, 0.49514987747746064, 0.593449196192623, 0.9294354384585107, 0.4182630543128889, 0.7606393348593221, 0.280881284475482, 0.42919197810044196, 0.3412016863103239, 0.5521369877385877, 0.14501982308113068, 0.9302613058070393, 0.592869292038786, 0.3441259172823864, 0.48322787935928657, 0.33706854036936224, 0.6790428465118656, 0.2071949080745448, 0.3278430612801703, 0.19114081202818922, 0.17177894808343502, 0.49789111793216806, 0.2958296374298295, 0.44419268376251125, 0.3628994560186061, 0.4954995363128096, 0.2435532537623273, 0.4163134913071316, 0.3011309178431368, 0.4333191683826161, 0.2665535169975641, 0.19556836295984154, 0.45041071455560333, 0.3787706322200794, 0.4585769481645373, 0.7302921651571056, 0.9355413071201041, 0.23847877633657927, 0.4685338476624827, 0.9098411093138361, 0.5293856988511372, 0.6671909731385036, 0.3158064415872493, 0.6428405548985267, 0.7731338952686697, 0.424248361647137, 0.6235900856227885, 0.8384047163528031, 0.41559614918000076], [0.6981988532352558, 1.0877112923962933, 0.43855750137666716, 0.8072859372109206, 0.71687945546779, 0.6070579530222783, 0.45040675870677527, 0.4784236589730831, 0.3010033617979711, 0.1570987694418215, 0.5290174379252998, 0.2734441019162914, 0.9907421788547167, 0.7107589628795418, 0.26969479713830047, 0.623905690904644, 0.5418889918287173, 0.7474984914785808, 0.28351736580358583, 0.42298393848502275, 0.10716725097313556, 0.5686977686499181, 0.5454220049700422, 0.22721129900027767, 0.4339127712410463, 0.34409305105479476, 0.4183781979585701, 0.15798364115024577, 0.44663744026341123, 0.885964605040072, 0.5644512262804195, 0.15654874800650453, 0.27452249548336877, 0.4439427653384383, 0.452197912661075, 0.8764807774427024, 0.9013357114324009, 1.0413832026654004, 0.2798574105337083, 0.3582425077183165, 0.5569635406275015, 0.5697841713586445, 0.39994190298231064, 0.40508641649318056, 0.46487496471754963, 0.6699859934043146, 0.646077938642578, 0.31519008770109586, 0.8576146225256107, 0.31287090134510215], [0.18192063935163585, 0.5179821402595004, 0.16904446923712008, 0.49941553859258786, 0.4209636788373025, 0.26322680358388656, 0.48305750851039164, 0.425387278356694, 0.06018747733671612, 0.32624219964806295, 0.3760955858181259, 0.283038383326626, 0.5590767132287959, 0.17815969752624722, 0.29977839524253574, 0.2086451840325459, 0.269324478447301, 0.2480988611709877, 0.35202548996099214, 0.5935364178181157, 0.39322373527282944, 0.24227953910674496, 0.4159409633055064, 0.6450212604447813, 0.49293430891905343, 0.8073394535137507, 0.34544209696627065, 0.6006341597375847, 0.3078262947269569, 0.264466253471313, 0.15511699324312334, 0.37450884644479443, 1.000197506335476, 0.683398889878542, 0.6417051595014129, 0.3251622011075883, 0.24509286477621187, 0.5993062255108454, 0.2458484451778417, 0.37927046415137994, 0.11035967004617135, 0.07211689907922816, 0.245199392070522, 0.526006993425355, 0.23837724266865692, 0.3112957702244149, 0.5241360682947858, 0.4313316602239636, 0.2746781596302665, 0.42057878693747297], [0.4993818624450194, 0.7381439113834184, 0.3932315308802608, 0.2143546299930101, 0.39938876445572724, 0.43759917488479, 0.6495396488768032, 0.6627488119664532, 0.2671989462683179, 0.3589603828222557, 0.565586657706628, 0.5025857401871391, 0.17134060917448998, 0.376808120602988, 0.6098849695473592, 0.4300563650704804, 0.4083350399685353, 0.439287990935417, 0.17349204062128284, 0.633850436705634, 0.6959865785658899, 0.4339956758781593, 0.35588736097615997, 0.726523473215203, 1.4591374117116953, 0.3729910952888236, 0.368231351894289, 0.5773913403009407, 0.5874956640095554, 0.3744896265729544, 0.8354679774428185, 0.39957964577056165, 1.2354351086305742, 0.35037280750555394, 0.2555893021463916, 0.8456238093728559, 0.3775288988676929, 0.8431717310616252, 0.5449372653264525, 1.0341327397842641, 0.2052286136918311, 0.446317913093379, 0.5742983351507893, 0.25541815364336257, 0.4767304297239103, 0.4288587343655936, 0.27357562878534575, 0.3239593085717832, 1.448932578140905, 0.47816919445342676], [0.20140553693239266, 0.5851269807851686, 0.1872723883200303, 0.5202674968256018, 0.4273337169910629, 0.2492707259617957, 0.4543580715675905, 0.3935832662438177, 0.06055999816851403, 0.3083654503062088, 0.391754154267559, 0.2670158232013376, 0.5165629204114196, 0.165070970209898, 0.3387808039541198, 0.20803528632914536, 0.23025509761509053, 0.19908688301595828, 0.31676023591634034, 0.5063161127477753, 0.3798856714606278, 0.19382975972146785, 0.4202465659282076, 0.6346820455353461, 0.4448648644654597, 0.9450592377527675, 0.34204669331247706, 0.5825523624096833, 0.27914435462521686, 0.29447876104011367, 0.14661496027896967, 0.35420875361818227, 0.8918360527070921, 0.8132235298925308, 0.6360504431507459, 0.33938974558839696, 0.25316989832024583, 0.5523369270914521, 0.2522383538747851, 0.408861314546733, 0.14631373529113606, 0.07106127738569437, 0.25802169767501637, 0.5133194853067782, 0.22162831552469506, 0.288679996721472, 0.528188966966288, 0.48370293654886276, 0.28044204855969307, 0.4549143622776501], [0.49276326822209693, 0.7524098270751663, 0.4242567611686922, 0.21979420860702958, 0.4494450778354044, 0.43026706105814183, 0.5868441212025391, 0.6183666612000093, 0.25518289446809794, 0.33188909697651603, 0.550757619222225, 0.5586982979650679, 0.1757818295673428, 0.3697686230523037, 0.567293403293707, 0.42288395940467277, 0.331534523736807, 0.44054556447062043, 0.1594515057525567, 0.6890016299525785, 0.7720576635003723, 0.41351920491188804, 0.32952552075713937, 0.6740788217520928, 1.4064048506995304, 0.3753031092412297, 0.39859116162092567, 0.5853459892097055, 0.565775898315444, 0.37210525111714826, 0.9214586968737289, 0.3994755711118016, 1.1783257285080926, 0.34890288228808836, 0.23802133718195864, 0.8300837568586683, 0.35955841714603826, 0.8351292096166836, 0.5205946164562786, 0.9902090230935142, 0.20541520810427807, 0.4411311592798218, 0.6091412832832189, 0.2551438945949659, 0.4998327569213106, 0.40294365312960484, 0.2512330499525895, 0.303535281140343, 1.4493352735698724, 0.4746615669298579]], "U": [[0.09543776287461699, 0.01676507258529905, 0.32118388800168546, 0.2334006964231969, 0.026752859681477042, 0.12713390591291646, 0.03210559177890135, 0.14722022274190621], [0.010279119854198689, 0.008331870679493321, 0.015557090975170594, 0.014089505387126677, 0.02620708710850441, 0.46204902863763825, 0.01698883272661383, 0.4464974646312538], [0.07401731125569706, 0.02021544884835111, 0.06807706411433233, 0.0237698318507046, 0.008067917716910398, 0.39268836733798634, 0.006861050889499367, 0.40630300798651964], [0.012815582129289807, 0.011040283250693998, 0.018384580833643704, 0.00926376247145926, 0.36810086818909943, 0.10865846992117117, 0.36188605374995486, 0.10985039945468783], [0.244661330458537, 0.19821692969409802, 0.06504969933279958, 0.015448098971795018, 0.08261062242221133, 0.1777012654623598, 0.04208149828235121, 0.17423055537584828], [0.39980396315987937, 0.3995119144491889, 0.028653616571635798, 0.015772857573923126, 0.015538168451468753, 0.06802071430900737, 0.011914165471379495, 0.06078460001351679], [0.04103348409107189, 0.03724154034696361, 0.4647017536142393, 0.42669478590777793, 0.005045021276465543, 0.00934265984397348, 0.006087165712740157, 0.009853589206768262], [0.1246621981734367, 0.07962220509314608, 0.09230855942711728, 0.009320899985067715, 0.18748252549861122, 0.1737272922617301, 0.16776144271786553, 0.16511487684302514], [0.03645466487339776, 0.02747552330089109, 0.02290575635700653, 0.018332287654903877, 0.021942736955420258, 0.4166882933804143, 0.014729573987161976, 0.44147116349080506], [0.4198326238246667, 0.0786639177866623, 0.33902429203972007, 0.010255379206545144, 0.019656228008767398, 0.05592058192551844, 0.018972195064212993, 0.05767478214390806], [0.16235625064843162, 0.008869172101127002, 0.17250000540530602, 0.010857679860404229, 0.15760021272066108, 0.16214920917164624, 0.15214689518832397, 0.17352057490409944], [0.2853298509197841, 0.03634778086773749, 0.2535791861963253, 0.006323129330204446, 0.061123532108249355, 0.14907546800633048, 0.06058290394195687, 0.14763814862941255], [0.03844970105468732, 0.1494090385866728, 0.04879098712581281, 0.1534135099224386, 0.11052566175427997, 0.19529882503306312, 0.10399914676653961, 0.20011312975650614], [0.026928962624305764, 0.005200728981276356, 0.027760141256167617, 0.002496402764229666, 0.00623786995975835, 0.474553591514343, 0.00449193937567258, 0.4523303635242471], [0.016340820129404424, 0.00348133682881592, 0.0369123329093397, 0.019571310860344786, 0.014483355822858911, 0.43713505996456, 0.0075797756507488675, 0.464496007833927], [0.3313295892995639, 0.3447841539242009, 0.009050376564839898, 0.01517674212383211, 0.062215794331159605, 0.07912014914332614, 0.07304293741161062, 0.08528025720146663], [0.07933876265701885, 0.19426500126995142, 0.018278708837879534, 0.1124386061945633, 0.1325696116334576, 0.15634158410982296, 0.13096906591519863, 0.1757986593821074], [0.2010320299192093, 0.22676040178037893, 0.09405034359877941, 0.10435461892817736, 0.012433723479998078, 0.16852367990368983, 0.00880974639041965, 0.18403545599934776], [0.46709261219137255, 0.04245170809771632, 0.4153211810061584, 0.017888667321499716, 0.013929341873674167, 0.011523691439098574, 0.010803839255505016, 0.020988958814974732], [0.005464841970240314, 0.02403553693609365, 0.01189729934322282, 0.029669270869315294, 0.4484814448709169, 0.004605938172539537, 0.4710578333371978, 0.004787834500473321], [0.24691522410420527, 0.14904932505921245, 0.0702001391128935, 0.010730913976849249, 0.037318107982741225, 0.22488982602332755, 0.03836102754144708, 0.22253543619932398], [0.015113381738464382, 0.00746632123494418, 0.024003771832641123, 0.031200326146723738, 0.34640118281252463, 0.13523314439893927, 0.3049433117367002, 0.1356385600990622], [0.46900002579187683, 0.01777406142031475, 0.44483991977608445, 0.016707081786841507, 0.01591298808344829, 0.01504188881117178, 0.00908197813104875, 0.011642056199213947], [0.23476329433823243, 0.024136349004975074, 0.18451134707209452, 0.01282629347764261, 0.006922713074955137, 0.2625760939281793, 0.00534586336983483, 0.2689180457340857], [0.44225142665471934, 0.4404812288370196, 0.03298965083606436, 0.005443863597722913, 0.023182641402998725, 0.017591170932163135, 0.013136588416654127, 0.024923429322658813], [0.49978626002789367, 0.023621182276761847, 0.44366317735886124, 0.004448964581285244, 0.003748354606844727, 0.011926275043515839, 0.004209196128294502, 0.008596589976543606], [0.040542851230575494, 0.03094801227212519, 0.0810144659450889, 0.08197173145903155, 0.07984231437695281, 0.29963251604241653, 0.06045218042536136, 0.3255959282484489], [0.1632105168155719, 0.1565907916042376, 0.011441096444126725, 0.013485306564189066, 0.017426556967847208, 0.2952580343550174, 0.013507423402230413, 0.3290802738467793], [0.2925741032656577, 0.03951174781968121, 0.23786824670166073, 0.008360712973909418, 0.1930214069445594, 0.020091587423813843, 0.1901099045330333, 0.018462290337684307], [0.02793382425826063, 0.018040326212104572, 0.012821575753337016, 0.008731208160012533, 0.017047764661340625, 0.4417026852700568, 0.010637360899334144, 0.463085254785553], [0.019751989064843913, 0.04715337849788801, 0.44836966665142913, 0.4556345052819239, 0.0032426359893148776, 0.011033928262755833, 0.0030941033645883647, 0.011719792887254537], [0.0743700530007934, 0.0036759223272541403, 0.07519396967484301, 0.0012368867025291932, 0.40676323346375765, 0.009603210077204204, 0.42098230844012646, 0.008174416313491698], [0.01765829186000506, 0.01169429429406912, 0.3996380674104295, 0.3764277073946641, 0.061890963064486736, 0.033782239111924205, 0.06165721491235936, 0.03725122195206276], [0.007044472547614124, 0.005270087410503353, 0.003849303364226229, 0.003275476482456505, 0.0143570721733901, 0.46307838986306715, 0.005091129138311108, 0.4980340690204319], [0.01547780351176918, 0.00957059601028466, 0.013002002335069842, 0.012284801657270555, 0.012273920381995785, 0.45234684314446233, 0.014883797649253062, 0.47016023530989454], [0.017184452843280344, 0.007458897376778344, 0.12198142109491754, 0.10059016802395256, 0.026486955428186625, 0.3584492367154146, 0.01729797436810803, 0.3505508941493615], [0.004882766900600248, 0.00539815286554378, 0.47755070491609736, 0.4612271051391338, 0.01714803472784172, 0.010738888265915365, 0.014842014773318804, 0.008212332411548976], [0.26365895959517094, 0.24587235341434915, 0.009972395130062765, 0.006059980162305789, 0.01605338061078752, 0.2170488515734353, 0.010922216335197459, 0.2304118631786906], [0.4096638058935618, 0.4274532377394586, 0.06019678588789028, 0.03355586995298697, 0.012779690981196131, 0.018880931882238466, 0.012216706980086001, 0.025252970682582174], [0.13355443731623332, 0.022919500518089837, 0.12893567216663507, 0.021762049097051622, 0.056694979917360756, 0.29077155615107336, 0.0421769908656613, 0.3031848139678947], [0.15178450418189743, 0.13210841131097323, 0.029323876923034287, 0.011974904426068455, 0.14520236919130844, 0.17716130835384136, 0.1524949741065162, 0.19994965150636093], [0.47242221683994434, 0.35496979935814915, 0.12641216850801623, 0.005185420325290319, 0.00792417117953393, 0.013102753014510419, 0.0046601927242464055, 0.015323278050309768], [0.028429400379056922, 0.4549439805672908, 0.008409017163334136, 0.43912243770746423, 0.01663722529206993, 0.017129941253350153, 0.014686866260692995, 0.020641131376740774], [0.030847149215512903, 0.022611281252384346, 0.041352690045738175, 0.04001065282126644, 0.009397666101346444, 0.4096160206587052, 0.005378557003721544, 0.44078598290132515], [0.021805538982699917, 0.0169019451755399, 0.403165387288758, 0.3692909034694262, 0.032961681359862605, 0.06918387045463627, 0.011968011219620215, 0.07472266204945707], [0.19392339725607227, 0.08166589334242427, 0.07703382415488841, 0.0110308262546402, 0.27516240645438567, 0.06305783002882581, 0.2503662061985208, 0.04775961631024336], [0.014827859543964678, 0.07978874876310778, 0.017655465197233274, 0.07007485200243156, 0.01649085020329034, 0.40262842104660734, 0.014047395104904343, 0.38448640813846136], [0.20141772303627536, 0.20463703472597553, 0.02015133738188831, 0.0057249165310900435, 0.022176567612063165, 0.27173581479379566, 0.015627685871625392, 0.2585289200472859], [0.057853735247795496, 0.020052713965612343, 0.053936644132524955, 0.007261036189443559, 0.3778692554463291, 0.044818299553233826, 0.3856007808266706, 0.05260753463839065], [0.02689087800740341, 0.013680186524261652, 0.02775415955003285, 0.01968639111745266, 0.03465869296597511, 0.40975336955931324, 0.010959539793092984, 0.4566167824824677], [0.15521831428848, 0.11583711276875051, 0.0371856006602716, 0.006814718849849634, 0.04336340024186374, 0.2886901361411694, 0.03785305737128056, 0.3150376596783349], [0.09425580275785315, 0.07785230972445574, 0.034551716262685855, 0.015799475308503796, 0.012372243636301452, 0.3605411043888074, 0.011388208299571757, 0.3932391396218206], [0.028068380757478816, 0.010461731828717959, 0.2578916567266745, 0.25082680804586455, 0.04389376998889157, 0.16822626504600013, 0.0417033105406919, 0.19892807706568053], [0.07396513006740423, 0.08333731019705706, 0.024560282384560535, 0.03194524632364111, 0.02796660185134322, 0.34473629840833286, 0.0375381218137705, 0.3759510089538905], [0.38151436269107536, 0.028805086335538497, 0.33315985817912785, 0.0034981329265684224, 0.029873927077819176, 0.10262987359748667, 0.01069600782328096, 0.10982275136910331], [0.07159613204923383, 0.01685359682862194, 0.27819254772669405, 0.21958004873485026, 0.0162660863093566, 0.18074737117507167, 0.019534924997511388, 0.1972292921786605], [0.3602531660003241, 0.3576887366471891, 0.023584169593503193, 0.02840933996458936, 0.011143591828055311, 0.10179285037617929, 0.006883159410729485, 0.1102449861794301], [0.027692282173076142, 0.06726782260515042, 0.004325705735965966, 0.0333240109571633, 0.019269109064475216, 0.43590869382649566, 0.0074879741089960705, 0.40472440152867706], [0.1701148612472815, 0.04395044935459305, 0.0917866410399623, 0.004717280292704771, 0.0032575823474119314, 0.33904731863220683, 0.002362035446618404, 0.34476383163922086], [0.41276350670250245, 0.0866147327646856, 0.38146645087372816, 0.07242914528410628, 0.0036017649712169575, 0.01847098601571317, 0.005183530410018606, 0.01946988297802887], [0.0027903265213275346, 0.002932565407295725, 0.005305801144478961, 0.007990654406550826, 0.08668601591778187, 0.39692258534517166, 0.04748229623575903, 0.44988975502163425], [0.28602124180508387, 0.29714478021432655, 0.011810761992286457, 0.009754134460176969, 0.018575348592257263, 0.17629633307848067, 0.007406141216442722, 0.1929912586409452], [0.050573197062250524, 0.03095487497168254, 0.03501108436841826, 0.018097783316346185, 0.029683741553757765, 0.396787922890236, 0.02228870044640685, 0.4166026953909026], [0.029353363608934195, 0.014865718184343932, 0.052861424279668244, 0.0219502852013582, 0.022908328625696736, 0.4022389558509486, 0.017492776094519706, 0.4383291481545304], [0.032066140160616215, 0.01582835512983717, 0.023878359846191324, 0.011819680697487962, 0.1745674450746489, 0.28836020622785746, 0.14704766367283534, 0.30643214919052514], [0.32490257749408913, 0.10003188039570517, 0.24871373558176507, 0.02229731966337982, 0.0110451585900382, 0.14062780957882848, 0.006917152565143135, 0.14546436613105077], [0.16666534459741994, 0.15487299501035937, 0.009364506773432235, 0.009751468753353233, 0.013817107004524336, 0.300393245561952, 0.013625275230402273, 0.33151005706855624], [0.056777174769104016, 0.03951778366789323, 0.020424853298484688, 0.011365039232711045, 0.03334232338810255, 0.41451218919982585, 0.023480827950565417, 0.40057980849331265], [0.36731242014062454, 0.15212574469616688, 0.20710997838602094, 0.028533369758840244, 0.023708997779643293, 0.09673055505881181, 0.021142887353746167, 0.10333604682614607], [0.03170156252712512, 0.03098744631756301, 0.20374896993366784, 0.19416285541090664, 0.01900096719968816, 0.25192982198660463, 0.022894980415584975, 0.2455733962088597], [0.06902352997015843, 0.06636117023394537, 0.401325662696118, 0.3860843807420285, 0.01867303114039358, 0.02517993368512152, 0.011575692266205254, 0.021776599266029067], [0.01116267410878292, 0.005835359120388472, 0.017301066768496562, 0.0030025468163296914, 0.4650169887366183, 0.013977289715313458, 0.47525193804325, 0.00845213669082234], [0.007247801379305836, 0.0037965065449129354, 0.007988345941705116, 0.003655486961579282, 0.4245004377182733, 0.08271027611404834, 0.40274562436252725, 0.06735552097764833], [0.18729263280099007, 0.013370614133559647, 0.18191195743763783, 0.007542669576111437, 0.0422613081288976, 0.2506334990615409, 0.06167077194338574, 0.25531654691787736], [0.025851549655160396, 0.17225485259487222, 0.007030785743192423, 0.16035995791310942, 0.014771563042514058, 0.3070541290399764, 0.010438695492127148, 0.30223846651904857], [0.3913177098776617, 0.37555818736721563, 0.07384028093352753, 0.025628909228710115, 0.015657914813403676, 0.0467137991892502, 0.00815715354784566, 0.06312604504238545], [0.1637964554657, 0.1462776131857215, 0.06313682100117786, 0.01739664127392253, 0.021170014776314142, 0.2756962978562742, 0.013389210345653001, 0.29913694609523633], [0.008460871521250473, 0.0027376585084473676, 0.00513079541771186, 0.0023787872727621473, 0.006279349564086504, 0.46829722113764477, 0.01052492848704343, 0.49619038809105404], [0.2075197893510218, 0.17502234772376357, 0.26578169917358946, 0.21093521022698597, 0.011889667517905355, 0.054626833156520595, 0.014584204921463386, 0.05964024792875], [0.48556862881460555, 0.009760139997870298, 0.4687095934608382, 0.01239973419652524, 0.005990232821990631, 0.004954303912137787, 0.002691728804998438, 0.00992563799103286], [0.08651206853756474, 0.06233239600148473, 0.02143269366206483, 0.003991382474575694, 0.009136565029128112, 0.39215889760772693, 0.005158643185841003, 0.41927735350161377], [0.3186989610739602, 0.33307695411128924, 0.01316078863491611, 0.006399618250242209, 0.008932837875313049, 0.15600266575489857, 0.005240618958703835, 0.15848755534067677], [0.015330678440647262, 0.003609321041609047, 0.02332934739770239, 0.004651107636799326, 0.0082526236876022, 0.4773423253742139, 0.007112681084416186, 0.4603719153370099], [0.013791931655077062, 0.007815497544241372, 0.005602122643829621, 0.005083615043745013, 0.019904595757910107, 0.45826781655525, 0.009279496203223533, 0.48025492459672303], [0.3625331581147623, 0.19485091460147105, 0.20023774858848334, 0.03281081324369467, 0.032464556737393215, 0.08053405467673355, 0.01804960312404922, 0.07851915091341266], [0.3814497522794133, 0.3640962366617278, 0.06520764240793656, 0.010060853047187237, 0.08002610322414427, 0.03359581331594613, 0.038129492023311576, 0.0274341070403325], [0.01236710331564211, 0.007605269698582886, 0.4576744595802129, 0.4444694638015447, 0.0065720489079578405, 0.037478080988785197, 0.005931731708891383, 0.027901841998382953], [0.17943983290319804, 0.2064175840562744, 0.014725277503977435, 0.009424777886232872, 0.26037690407576153, 0.06655672759250304, 0.18115844694391958, 0.08190044903813307], [0.04150886205074114, 0.03299352554869323, 0.01702585337354459, 0.019547808931503746, 0.021005285097440908, 0.4135171927095631, 0.015430544664324091, 0.43897092762418866], [0.3770976336716117, 0.006786674924422468, 0.3642361230064007, 0.005722798510755933, 0.010067638973618218, 0.1107796788929888, 0.009634452142932626, 0.11567499987727038], [0.009365944729894802, 0.008766092242189617, 0.013423939737439482, 0.024368201984525533, 0.4606191165716001, 0.004978569373135087, 0.47395919461187347, 0.004518940749342271], [0.03885396020395676, 0.018123042656798753, 0.038260680474174164, 0.009940206557880573, 0.015854763004716783, 0.4435612589505216, 0.012369744157062029, 0.42303634399488954], [0.05191699865679378, 0.022705434219967586, 0.057231096981686304, 0.038427124754674954, 0.049132061163763195, 0.3574292263491843, 0.026455811448376856, 0.39670224642555335], [0.33594721814727174, 0.04858909713285809, 0.27416965929505493, 0.009216729926855696, 0.04283053091885075, 0.13447977260642413, 0.03447911398530398, 0.12028787798738048], [0.3968567885084595, 0.39116075060315025, 0.06903509373581777, 0.07138776895790852, 0.01230432911537305, 0.021997630266221726, 0.009945928099844258, 0.027311710713225155], [0.02411586776051428, 0.09011284349721113, 0.2608415481384219, 0.3134448398596538, 0.020847407671437106, 0.12086131311565253, 0.023140060909173074, 0.14663611904793655], [0.02500760883265092, 0.009169608984912737, 0.047254786625289334, 0.02514352868935136, 0.4518048953337976, 0.01564623827267809, 0.40780434154346257, 0.01816899171785733], [0.4450270609353028, 0.4511659708767907, 0.0325701944860401, 0.004682158950587427, 0.017021059067387382, 0.01670491063249054, 0.013568081101676503, 0.01926056394972491], [0.010803259033279382, 0.005556049101243019, 0.011416465112598279, 0.0053258004169634806, 0.013277846428946381, 0.467108276828518, 0.008975150804757573, 0.4775371522736933], [0.37757513124885433, 0.3432905457962553, 0.0865309710829168, 0.04178887023409329, 0.015357017974083408, 0.05339655888843767, 0.016889485427741224, 0.06517141934761822], [0.25743837753979343, 0.031384426431213336, 0.22027820233798873, 0.012498230292206538, 0.012744954456592638, 0.21428951680200295, 0.02079349816914811, 0.2305727939710545], [0.33481125975482395, 0.4393938205022168, 0.01909712003485271, 0.10048124240766018, 0.036864799308568556, 0.01536245806978319, 0.04264618555289486, 0.011343114369200134], [0.2685344466556823, 0.149891136036064, 0.1498020772177033, 0.02343827344254466, 0.024740508362983783, 0.1758375851304144, 0.011650483310595736, 0.19610548984401216], [0.3768025145361907, 0.3639035675673303, 0.03148333664536645, 0.010902547113522943, 0.027437022936789214, 0.07951195116642054, 0.017185894364017046, 0.09277316567036172], [0.19675230367766286, 0.1264477933281392, 0.06188746718902758, 0.05572554936718484, 0.007937453394856017, 0.2652251705413788, 0.010313865843172988, 0.2757103966585779], [0.05698548201883864, 0.005852896872665708, 0.22797239172543884, 0.1528802158482422, 0.20347670489000877, 0.08082637672721552, 0.20414897704566165, 0.06785695487192878], [0.13855368425378603, 0.02288276582105151, 0.121338243065019, 0.029464946416631894, 0.02128037761068076, 0.30086312270638743, 0.0261914206185029, 0.33942543950793963], [0.20199259985511986, 0.20678582613096075, 0.015634225107269032, 0.012422777220854492, 0.08827939781255995, 0.1906146653491623, 0.07396867470688379, 0.2103018338171897], [0.023748257413059658, 0.10917391697775823, 0.015901295446473087, 0.09447669674176996, 0.01706678571946282, 0.35036161950006134, 0.018308962876355386, 0.3709624653250598], [0.4160768229174902, 0.16937658552964263, 0.2475869187742222, 0.01900228995664973, 0.05884113044450855, 0.032501826332772314, 0.02228308895116588, 0.03433133709354821], [0.0610368762330129, 0.01465911361996903, 0.0732378806887068, 0.020755409676853586, 0.012096987371023032, 0.3899690307768039, 0.010042052263999257, 0.4182026493696306], [0.32391328823199045, 0.3351214709203945, 0.031125478964965942, 0.03824439166941371, 0.012111319832966806, 0.12145899316732692, 0.0064557539063119064, 0.13156930330662936], [0.0299518026643992, 0.036315059199949, 0.012573674001067799, 0.009784267221880322, 0.008445159441148174, 0.43776905617302414, 0.016704686259894477, 0.44845629503863677], [0.06091108755607031, 0.039468980730682536, 0.014405327662403102, 0.011629903746607563, 0.007035105288751608, 0.41743723450118136, 0.00730935383761365, 0.44180300667669015], [0.24248753990766264, 0.22122085719516743, 0.04293319904905764, 0.011069425635000706, 0.19630530508577465, 0.03178026222616396, 0.22729541801364, 0.02690799288753345], [0.08350109433088641, 0.07471030232947318, 0.14751507260114824, 0.13375307248972482, 0.2789418100461294, 0.014383478510880478, 0.2514913346383191, 0.015703835053438368], [0.023196956886558436, 0.008449757706495056, 0.018104998525480292, 0.004541157291485898, 0.02832092995945402, 0.4358194084651066, 0.02282223025601264, 0.4587445609094066], [0.10193683423500599, 0.0885398426387714, 0.043645526494994, 0.057731960447179376, 0.006815074159726892, 0.32887548215970225, 0.008323168481014989, 0.3641321113836056], [0.3267029080372289, 0.07865463295041034, 0.24811084636003275, 0.011861567314886657, 0.04115427700440912, 0.14067213163903572, 0.014045493775235491, 0.1387981429187604], [0.4195041998546938, 0.05854518350383408, 0.3173207032596808, 0.008865969197909647, 0.010800057820104798, 0.08164492234561375, 0.005463081857168566, 0.09785588216099537], [0.18401881327507025, 0.02085127508852159, 0.15668553167814306, 0.006050506757077128, 0.039055117896925715, 0.2801453158441426, 0.0480584498089198, 0.26513498965119947], [0.09093180577608773, 0.07487280801365803, 0.3859157968004269, 0.38095665615587565, 0.014593113957466304, 0.035050556187977616, 0.0069586599065344324, 0.010720603201972427], [0.31928676806387696, 0.12682874964794152, 0.19654379754513435, 0.0047963548708173515, 0.1648479664285529, 0.010978835233499901, 0.16908522991484876, 0.00763229829532837], [0.20620733992353707, 0.1602439865692901, 0.06198063710344201, 0.00644202373366427, 0.020190952114037215, 0.2590989635292905, 0.016117836572297674, 0.2697182604544408], [0.42660704743243805, 0.013565668755229717, 0.39973737014074406, 0.016131927329877255, 0.028161412385433713, 0.05310993694409609, 0.012491469554699848, 0.05019516745748138], [0.0765957973927893, 0.06104255700672445, 0.05426095019767505, 0.017187903834911505, 0.02963032510260588, 0.3695860640638813, 0.010208661606048374, 0.38148774079536457], [0.17384845270217208, 0.15122443079822434, 0.09722750351462374, 0.0077449244584928195, 0.09576071704905852, 0.19615817166160587, 0.042467579536035215, 0.235568220279788], [0.19493164485239478, 0.023557061499681647, 0.19562580680306238, 0.010899287560448211, 0.023269377730966843, 0.24811169225025595, 0.026205397708381723, 0.27739973159480824], [0.07067140773869249, 0.06845106503902962, 0.013308800194523891, 0.008881340494912694, 0.02162046404620112, 0.3913203296558398, 0.0093802959702017, 0.4163662968605983], [0.018591644151675465, 0.008382512389167558, 0.4717158107842337, 0.4463451172077718, 0.013449285014595436, 0.012032763719776966, 0.013633388934288048, 0.01584947779848995], [0.2184057563513002, 0.00405330171074287, 0.20939835456438233, 0.008124465932196553, 0.006198945911153019, 0.2599873036978432, 0.007218930554511915, 0.2866129412778687], [0.3876029357799274, 0.376501491915169, 0.042145553364943494, 0.05122110850608222, 0.006754446089675933, 0.054399786031575185, 0.004332392632166815, 0.0770422856804598], [0.19403780295225587, 0.2101971060450136, 0.10057211429087981, 0.09141919967620848, 0.008150376632742847, 0.19060210625440174, 0.01581621651501525, 0.1892050776334826], [0.3264657818520461, 0.028351187075963392, 0.3205142845041663, 0.04338613727547825, 0.010795097791774715, 0.12045914203404581, 0.013138882133227746, 0.1368894873332968], [0.3649002162206836, 0.14312904318593403, 0.2262793232262314, 0.012921826749843239, 0.007874239119727629, 0.1149254744674889, 0.0069930295963866506, 0.12297684743370481], [0.3097360550505476, 0.3251012966232288, 0.027720889416885594, 0.023353676178836744, 0.015284424924720229, 0.1429579730889323, 0.009368566154519425, 0.14647711856232884], [0.3579587287708943, 0.17877740013129023, 0.19705984143261884, 0.018667699006317602, 0.015734000271377804, 0.10104133207646288, 0.01669939649049053, 0.11406160182054777], [0.025922630272654523, 0.03652280114660389, 0.0492436156236106, 0.056259390669688845, 0.07302630541914662, 0.3390