{"estimation": {"a": 4.9388741385193775, "rho": [0.09685756511976983, 0.07894292959392758, 0.0830933284365369, 0.07993600608341343, 0.09775565116722808, 0.08073654291202727, 0.08574222007794864, 0.059088667747042405, 0.069151501182416, 0.05148682636727412, 0.05411226513597705, 0.0531443429904524, 0.04571924091985355, 0.06423291226613274], "Mu": [[1.5393914525860697, -0.8209490937177923, 3.6875306898998073, -0.38017890933341797, 2.3408733486788713, -0.5800997521058971, 0.4060923356004043, 4.632325680021863, 2.2380519446555875, 2.997752225429192, -0.7172843637043923, -3.7828336344468942, 0.6318432120619769, -1.384641426771867, -1.323719969919877, -0.27652337883751954, -1.247991150195249, -0.5761761192795251, 5.701656433756999, 1.3213633247859902], [-2.808076233946551, -4.231149077661984, 4.111658005495526, 2.780732639631353, -3.375736396426332, -2.9677410466557044, -0.9443837370570222, 0.8464321190448026, 0.047115814776111126, 0.6005846543576142, 2.887977879686685, 1.851359536138517, 1.1901705374005354, 0.6886932659505409, 0.4043874234915686, 3.365334488095558, 2.6978879427300924, 1.05118941874682, -2.3130262262311394, -1.9024172735733822], [0.6813339963570292, -1.202453497614869, 1.9614829731550123, -0.6742650800586336, 2.2356945450172927, -2.1520571034897262, -0.5985186186149949, 0.9753202837619788, 2.329652160939677, -1.3561803365299672, -1.1566011963321856, -0.8388627518487034, -0.6223473045968765, 0.40750435176169053, -0.7214463804098918, -0.5872678410407399, -2.842961160487215, -0.9049359114922867, 2.6905688648318136, -0.08359692787703771], [0.35272634412483755, 0.2234184776450356, 1.0947050905289566, -3.3422714771506543, 0.894302142103349, 2.2523521875576615, 4.705182802490165, 3.320769813251015, -0.8843127747604875, -2.139025729380378, 0.20722360254207203, -2.2806461123918353, -0.9283744170249129, 0.9682973572491291, -5.384451005137638, 2.775977279576881, -3.3058564706820275, -1.4735475140561654, -1.4197950554273164, -0.4999254843787266], [-2.959301617736184, -0.7016499285778137, -0.04700193703426571, 6.143070376930307, -3.0084139911338803, -4.517922788339799, 0.38243433839774577, 5.562964046161948, 0.5042771093902901, -2.4586334068535187, 3.812245481309557, 3.463780606037509, -0.40361654901178495, -3.531176428192758, 0.45843836209692773, 1.6424641422100956, 0.8807197161852971, 2.6412572595083916, -0.2677756677873282, -1.6152983196625301], [-3.8333563824122643, -1.4257738668361601, -0.10970781236677732, 2.552273474357844, -2.1921778891821173, -3.246036357582758, 0.2976952910291958, 2.970224998630298, 0.06019311621910991, -2.577814006993915, 1.8927221554251639, 1.876201447834113, -1.1145577330625238, -3.9376431488950208, 1.3924519520326246, 1.0628612136437932, -1.007782131185898, 2.095887803821265, 0.12488209708665024, -2.8497496839416874], [1.1272794758166298, 1.5380232380456849, -0.11891116504994412, -2.7983645549348646, 1.46234221427376, 1.7466929427741371, 2.7238906078337592, 0.4076810072204061, -2.932637975406376, -2.110862434138858, -0.22201427717318825, -2.0459025618993087, -0.980979168792892, 0.5901605406526599, -2.373063443448986, 1.9689547494085808, -2.852109981633349, -1.9800245495973572, -3.1637212275167, -1.1368608015031745], [-1.1656733804379307, -4.848988226012428, 2.1238461235073847, 0.8944895505411788, -1.926490734527274, -0.14446895143683802, -3.234863764270754, -3.105734563908076, 0.6483235495429758, -0.5483041809860328, 2.889235377443733, -0.2658985636995063, -0.44658456298862254, 3.102089114885301, 0.7000807564807372, 1.4845961129920284, 0.8284508121334362, 0.026312821101998236, -1.2210803812884867, -1.2267920681838487], [0.039202766413911024, 1.1279529341335472, 0.26656711233199887, 0.9554609983311775, 0.9335166621489563, -1.6556897772819037, -1.4786436165245416, 3.170315518444618, 2.4114486871459664, -1.7501260782638226, 1.5558293663711398, 1.7128066111673337, -1.480976903246243, 0.15422742984969126, 0.30621428250486765, -1.7843635238397824, 0.738465240257741, -0.35930346769225713, 1.3019592764802528, -2.0154379662425894], [-0.28081884412621416, -1.2033953997456501, -0.6302698470150538, -0.33732629111965656, -0.30145207148511227, -1.2133600820535364, -0.9268280995132392, 2.83510855335963, 0.37946479348204126, -0.18597891930080282, 3.5189386693435356, -1.2873431789773253, 0.6924983121610804, -1.789803723893001, 0.5952168189359016, 0.8065396785272576, 2.7023671696583986, 0.04416689424341224, -0.6796953839997643, -1.0646766804161538], [0.6281688609431364, 0.4309526652473603, -0.03507670485986013, -0.13967019082776216, -0.33491837563999255, -0.6092372363403882, -1.2934136557515943, 4.639179604107466, 0.23349299206501833, 0.06941551241454508, 3.204127807374657, 0.33632549270309714, -1.0023045942848565, -1.6782660695985738, 0.25571038832586995, -0.06199306887267825, 2.5307973310498633, -0.030023091482376526, -0.2059758031980038, -1.9444475550160145], [-3.8712577596937354, -1.1225176048785932, 0.5706765605018079, 1.1491639907661322, -0.7746073695342989, -3.4062982497562504, -0.8295033154100055, 2.0170134491639975, 2.451231450397472, -0.6197317434409859, 2.2642441150671284, 1.2872370538796551, 0.12459552720191178, -0.9053518777688144, 0.5346867923810422, -0.21820862738225333, -2.441602083420953, 1.6683474475087336, -1.2274165144500602, -2.449701288431187], [-1.1162371468348853, 0.6335626348566528, 0.21305320422707835, 2.0035729463446033, -0.14815728069995227, -2.762091025996753, -0.6888377427323384, 1.6098443054076135, 1.8005191357703083, -1.217210010554453, 0.34643966351171596, 1.8970395036877115, -0.5494094413305937, -0.43625496866011165, -0.3748435348064972, 0.2747401883214569, 0.11784809972276418, 0.55211612141541, 1.929016989683048, -0.5052589245064685], [-0.11993081665833567, 1.2318369299815404, 1.258835149852249, 1.738859767999563, 1.2962159496244094, -0.47497771650856585, -1.396143666072808, 0.5226790740602197, 0.552136099749567, -0.8750095488486828, 3.139403620076499, 1.1117975128068918, -1.5637177933113782, -0.8917063712001497, 0.47333831866397086, -0.9220803603591511, -0.7681093884628416, -0.4512416364371661, 0.7981035915120279, -1.8406504156386865]], "Lambda": [[0.4863898623848681, 0.7839779457302147, 0.5068839399014755, 0.6174443887200682, 0.6873949844158825, 0.6274110034417857, 0.5324909239928844, 0.3768548348355483, 0.49267345630372383, 0.4855000066014523, 0.32237859075687536, 0.7979121347612732, 0.6197976233096323, 0.30493705445102354, 0.47336650433929184, 0.45854416337762843, 0.35489142571346155, 0.3635937850345115, 0.29327520935292334, 0.41139721321744094], [0.5788527775486783, 0.3749312809197767, 0.312631944747912, 0.421229815730571, 0.5253630425331451, 0.42780060383547447, 0.548513913310942, 0.34205059487091005, 0.7235769248656954, 0.6302859461437826, 0.6571095673121484, 0.31202267923778176, 0.5811932475287748, 0.4207127828419406, 0.7156633167717008, 0.4802248630342609, 0.40889706881722254, 0.4054484457948632, 0.46669764862252616, 0.36133078093799015], [0.58521574492532, 0.5306083795476662, 0.5981391789673591, 0.7586442733273961, 0.7238477603079809, 0.5310243697125752, 0.5631903932684985, 0.6128244470450398, 0.4095446973520652, 0.7048462255536747, 0.44592227945414165, 0.790468391508047, 0.5250395166617338, 0.47748687072158186, 0.6282850553411018, 0.41897897879643914, 0.44346727268907143, 0.4451363467320268, 0.5297878866601409, 0.5661918861642268], [0.4878798824915645, 0.9201962202293577, 0.9264022933736116, 0.48705699329334634, 1.0836110504333751, 0.7039818704865745, 0.5920928010202712, 0.5314437674149408, 0.4296750068803345, 0.4654029616141478, 0.4780000415271886, 0.6426975504333098, 0.4075290169777975, 0.7104449499589758, 0.3618620340885122, 0.3413949235600524, 0.39860494452011863, 0.29190009343668993, 0.4670285386803778, 0.5963290805429019], [0.4671232293232378, 0.4629511087003514, 0.43919616445251614, 0.26330107022720073, 0.3652110146307401, 0.31769883729231385, 0.4230769371600901, 0.40749647192519867, 0.4976637599865185, 0.6305322778004236, 0.48623242449837484, 0.42790808158899524, 0.43378085094174135, 0.5250801990505869, 0.5652730461538796, 0.3651478480730829, 0.3752104921076809, 0.5405877395989596, 0.5275355344026599, 0.4771561405281334], [0.5113879364144859, 0.4691268361692408, 0.4666086570342043, 0.31284553050835984, 0.37126643492169076, 0.33383010604439095, 0.44589931766201785, 0.44075823000206354, 0.41900895537900346, 0.5551675787730449, 0.6470599609021532, 0.44106834664857575, 0.5350859745770115, 0.4800499668790617, 0.4655878875251649, 0.3090653111988704, 0.3763457864314759, 0.45584674189356683, 0.5591240729909023, 0.48153552602708555], [0.5409733766667206, 0.6662397175511381, 0.9445006091228315, 0.5026119469949519, 1.020335136396018, 0.5713545011359894, 0.6441557368941775, 0.6998043626776214, 0.3745230401548026, 0.5764330071734293, 0.524663466543623, 0.4259979189215845, 0.3981275961896832, 0.6835795945228107, 0.510070937366708, 0.3797081647676644, 0.4579500051924164, 0.2904977966787104, 0.6053606651187664, 0.684876726492879], [0.5951593310571507, 0.43533952744773524, 0.29751502423382725, 0.6312989482354656, 0.7313852894818987, 0.4530017165554292, 0.6621056672428487, 0.4578875125188653, 0.736752869771095, 0.5520995283301512, 0.47217098611039177, 0.3852652642977961, 0.579026506484032, 0.4919418963019879, 0.6248861738614008, 0.46736518761874113, 0.527630138217563, 0.5058333442210095, 0.4766436171149126, 0.418896307087872], [0.5688129080512467, 0.44054886013151295, 0.31806633029538467, 0.5716024725815467, 0.37220101686189705, 0.5137426362161096, 0.6673285429488648, 0.5633377048704062, 0.43321973732188745, 0.4986261704328437, 0.3681213855627595, 0.3558998345493886, 0.538903271510972, 0.48685534890286747, 0.5602085856357221, 0.39382766753425374, 0.5858099593383207, 0.5474937396217111, 0.4803737663921444, 0.5333120987107891], [0.5125532739424764, 0.502362837610608, 0.4444872149457996, 0.4129279724804554, 0.4498524891685505, 0.49962255881283457, 0.511967026649731, 0.3529918480504237, 0.5027381130017129, 0.5613083071208395, 0.4009497042605182, 0.34676125951561965, 0.49146845454774857, 0.4564535054477796, 0.5080193504277593, 0.4846345613051505, 0.48040345830455583, 0.5426465105707536, 0.37917423949640694, 0.5423131478442833], [0.46582518339610773, 0.5595593742550891, 0.3559459949725763, 0.44760643332662264, 0.3595332757637719, 0.47107997617049524, 0.568459829210317, 0.42394239605265005, 0.4864353661325581, 0.601096315104124, 0.3694011593708862, 0.34578285478152704, 0.5893060827441843, 0.4308508089961737, 0.4854571353915144, 0.45228132212961286, 0.5440992736351075, 0.5082763687492723, 0.39613220746689404, 0.5336163492963683], [0.44952539394490876, 0.5117162017854787, 0.4572499544265222, 0.39748544302731487, 0.47761039653688875, 0.42539451515328763, 0.497197466785694, 0.4130362209414956, 0.39930275157197415, 0.5945086838543066, 0.5479959029131635, 0.4305459445862803, 0.46381989060235973, 0.49707907906121845, 0.4818113833781613, 0.36461985534171065, 0.4291949094167586, 0.5184880938447634, 0.40151114664942905, 0.48934772551121747], [0.5336357982080452, 0.5310309016757779, 0.45059612452643144, 0.5310813469751128, 0.5823221847667375, 0.4522310539475177, 0.5290132913512586, 0.48551143864056734, 0.5183535864115305, 0.45562418016595607, 0.3980480774922484, 0.41819109166117535, 0.4874321668515615, 0.48245677279711796, 0.5552763450258992, 0.43025405663501465, 0.48573926949477003, 0.6662925937696713, 0.41657920497077666, 0.5441665688486936], [0.5076511318129581, 0.4341924794871686, 0.378978705251686, 0.4064622998167109, 0.3997295673012774, 0.41346400399559485, 0.5957606173020951, 0.42592441564111133, 0.3684339693959336, 0.4952196335872364, 0.41595943809702635, 0.4127248969500206, 0.4751535636588902, 0.3911586791907307, 0.4931838958907252, 0.4458220663502979, 0.5423649967374673, 0.49424155388925, 0.4030564538847411, 0.5168720651026579]], "U": [[0.09253115039548031, 0.12636839750382264, 0.07603409236940288, 0.04617768945356405, 0.128245595419839, 0.05605819525875832, 0.05859644119010403, 0.04475076073475008, 0.09516527382287832, 0.0609993346304326, 0.05114597270672081, 0.04645374067668432, 0.05043541680487101, 0.06703793903269173], [0.03628461335012213, 0.07576988874496031, 0.05635800285763806, 0.05163689685345391, 0.12476777156058524, 0.06236088582598175, 0.0710927122525806, 0.09576207901704306, 0.12232759345429198, 0.05865742907636621, 0.08790956799319263, 0.04230744919870032, 0.043615123155456195, 0.07114998665962761], [0.04362894591694541, 0.0679371232331796, 0.05946503702930892, 0.034125971008151935, 0.12072555339556108, 0.08453232266873063, 0.0359109756984644, 0.047039625245440655, 0.14727029401986302, 0.052937102356025924, 0.07552725051760868, 0.06866017835624257, 0.04247426122511071, 0.11976535932936642], [0.08543753488476362, 0.033393957061845995, 0.09584896924822194, 0.21957829150848848, 0.048411569248556274, 0.056983992933476856, 0.23641630790164814, 0.028539170648603555, 0.038191028459006855, 0.036793584293915105, 0.03301148732598338, 0.026291024102738883, 0.029592299980121518, 0.03151078240262985], [0.13334480973195956, 0.04406903682049893, 0.17102180660224042, 0.021670285642941593, 0.09938398161962261, 0.10562122353777323, 0.07618323155140676, 0.05489356310056095, 0.07041738053895731, 0.03659849665960811, 0.042799237750001606, 0.047080277767511815, 0.04211377331632638, 0.05480289536059163], [0.13799299888298994, 0.08917778170736311, 0.07091942798546608, 0.10040723471279596, 0.0739677250376936, 0.050189979398818196, 0.10279198769748803, 0.07886583532131272, 0.05427590312025831, 0.06007441378170008, 0.04730457546002446, 0.05357861174261929, 0.03550866400364584, 0.04494486114782447], [0.09013301706863504, 0.14840558783982016, 0.055558973302212405, 0.08140091591252005, 0.15277882694102105, 0.08101660010838879, 0.026607775697065576, 0.06072170952009916, 0.044966979186191816, 0.046557808448178445, 0.03594277872366438, 0.06330447171601761, 0.05341736325203446, 0.05918719228415133], [0.03290494696209578, 0.05522916438706199, 0.036344893557816546, 0.23155678965865623, 0.06819727405461479, 0.07384772369284683, 0.25278337911075716, 0.04073220876308427, 0.029419530811766764, 0.030789624647182004, 0.027419045319667927, 0.04002730491456657, 0.0325935948027224, 0.04815451931716112], [0.03774059517471371, 0.09332693149450114, 0.04463061543452019, 0.17099151123433567, 0.07229104581266564, 0.0496578054440109, 0.19168907396188561, 0.07207685251350837, 0.04124162340376131, 0.05339103290321957, 0.04787978194303249, 0.03735133148693931, 0.0429005247973563, 0.04483127439555024], [0.06626942932270492, 0.09468195803555347, 0.04981187960242465, 0.08581854525162316, 0.12372306214584136, 0.07525523004468139, 0.09372593879472117, 0.02947367037195722, 0.07735931275599105, 0.057165176758388996, 0.08024002847976602, 0.043984314248099746, 0.06666629179055132, 0.055825162397695596], [0.029455358185848435, 0.24143332609727758, 0.0495041028026434, 0.03926136871019425, 0.23199162103222254, 0.05565418037318595, 0.04257165557972665, 0.045099682171473705, 0.06812216390724211, 0.037095427914417625, 0.03998356486001183, 0.037075635133965876, 0.036574584996923856, 0.046177328234866456], [0.06675512223723815, 0.27869046987467166, 0.037774761264016105, 0.03840924058341598, 0.054557209489076455, 0.03679505036242621, 0.026159678612310527, 0.2501737910249727, 0.03533119775176929, 0.03361288322562809, 0.031217453002855937, 0.03373681185339313, 0.03794019232169269, 0.038846138396532955], [0.24737100427444372, 0.045473518585928074, 0.12401162964214457, 0.2027227853230485, 0.045815969270685875, 0.04210513956172087, 0.05774251576963442, 0.04635858584178635, 0.030730566191864594, 0.026404469765991274, 0.030184430337036564, 0.03412958036245819, 0.031454752521896626, 0.035495052551360234], [0.0397741087597133, 0.032361794227326074, 0.06289043679921877, 0.2292035134315916, 0.06885338497802673, 0.07581752664426658, 0.21561645792442438, 0.03152345967797572, 0.059268851604445075, 0.02238710711994743, 0.03528388685624029, 0.038034889034621135, 0.03312683245516022, 0.055857750487042515], [0.06800552520515858, 0.04934293483140904, 0.0585071709259442, 0.16100325513070046, 0.08109006604071785, 0.05233587804069386, 0.18624299713651477, 0.0327455731654032, 0.05547075718622151, 0.06654043244043667, 0.07065538599132686, 0.02873547208715657, 0.02636570802152966, 0.06295884379678723], [0.16257325352694016, 0.07455602297201065, 0.15497513459598475, 0.0282620880349896, 0.07926623378305461, 0.06562300459836669, 0.05457137627151185, 0.06674179076286131, 0.08745204884687173, 0.0385334938524575, 0.04279346890536938, 0.041707982723715724, 0.027662675709825918, 0.07528142541603988], [0.08394852700119232, 0.11287077636369693, 0.04995697227574527, 0.0488623862844626, 0.18033038659426145, 0.1544529166718375, 0.039829087998680464, 0.030080295628602257, 0.04180022107483578, 0.030768619778958933, 0.03736021336173981, 0.10169045353622598, 0.023823187621605433, 0.06422595580815522], [0.06558253629257096, 0.07481929837848418, 0.05758942074086641, 0.09342769009707802, 0.15448960983381582, 0.16959579007095027, 0.08327604323777892, 0.027882400323785667, 0.02896934152669257, 0.034372799607004186, 0.030860505750181743, 0.10095350698882197, 0.04048900807303948, 0.03769204907892908], [0.22762559779004338, 0.04923329537987924, 0.11927957415887502, 0.13626526267544734, 0.0610023792506764, 0.09349785211162162, 0.07581574033579742, 0.033143854671139325, 0.03450045880252474, 0.034326111027486804, 0.0270386987712549, 0.04476294831677843, 0.02130583031431531, 0.042202396394160326], [0.07582042855846578, 0.14188099147148242, 0.06294232434517708, 0.03369747718048485, 0.17226545990026054, 0.06623172669136308, 0.04363588012053931, 0.0558867433390266, 0.07556117033096715, 0.03877958668524402, 0.04658172776728405, 0.05525926762053544, 0.07054005335881612, 0.06091716263035375], [0.0926536456524482, 0.1006045768924578, 0.055997261711121724, 0.05193410468459292, 0.13312076679661516, 0.14218478446385266, 0.02967641955666645, 0.057528675010130634, 0.05137456840986717, 0.045071002488590695, 0.04392676192671022, 0.08392043811484926, 0.03271766924918003, 0.07928932504291647], [0.10491980857752305, 0.11272845575234133, 0.0830923976001708, 0.06064513376425981, 0.09057863641860234, 0.08805377766010763, 0.07243835640904861, 0.0979343038126506, 0.03935350533258705, 0.06713492715334705, 0.05392473735554632, 0.03365751240437758, 0.04290872116464791, 0.05262972659478996], [0.06822206011796142, 0.06354173056434098, 0.08641585726513189, 0.036537722785149454, 0.1316765881037414, 0.12747050019989334, 0.06161771909565761, 0.09171348811948768, 0.06365604792826678, 0.03698486101831038, 0.04420660964429786, 0.06692381852836306, 0.051281367779227434, 0.06975162885017075], [0.0655637381962146, 0.0661557395415183, 0.11684844652668329, 0.07773431446252439, 0.10439879166528437, 0.07931051772799964, 0.0925410142556762, 0.04404574808760759, 0.0716804837427071, 0.031751338419020565, 0.038590233128949894, 0.06561848234867106, 0.08719301442499193, 0.05856813747215097], [0.051350400685690994, 0.1431164784497207, 0.029950726762874424, 0.03295893159420023, 0.1596255315906228, 0.0818898952551929, 0.05058418473155724, 0.06683563310992595, 0.043983506747287154, 0.10035013321432779, 0.0612337485742378, 0.07738524910425121, 0.03803696819789778, 0.06269861198221355], [0.0862158081852274, 0.04288264791656141, 0.07080415247957268, 0.1948074304777566, 0.0663541390395167, 0.05892219810026161, 0.20048527119594353, 0.02989241337875499, 0.039643386732684235, 0.054392542937897775, 0.042102708753166226, 0.032042671852378794, 0.0364871125778503, 0.04496751637242813], [0.12490376959313951, 0.17673544874977645, 0.04928863707783517, 0.07428824052205697, 0.05046501892742668, 0.03594860920717462, 0.06656549196667141, 0.1685747236955586, 0.04724776190172417, 0.05169182083744771, 0.049955809396773666, 0.021349310533975915, 0.04821454883282593, 0.03477080875761379], [0.03484120998222182, 0.06780842792168455, 0.11194156137301674, 0.07071133890802478, 0.12346359080403717, 0.052664391374477634, 0.058043157380187775, 0.04111481877377808, 0.16974706203101758, 0.02810240516563849, 0.05129639100757822, 0.05313795250892165, 0.07683414468263115, 0.06029354808678462], [0.15133530396104983, 0.04536127804641019, 0.19054043721687391, 0.039211832013938505, 0.059070808031043136, 0.0749999441024024, 0.09726206121717595, 0.04205381086323361, 0.09567161176724996, 0.02970579974804034, 0.03954885057187328, 0.03344121126609233, 0.027465196908266886, 0.07433185428634984], [0.10737551577191609, 0.057101157157700616, 0.06485403825885355, 0.030805895908813077, 0.08983021766304998, 0.06370576570981855, 0.03648146735931289, 0.09318892862660606, 0.1103943175694082, 0.06676183228669477, 0.10131960662714058, 0.04290636564801657, 0.0518079943531085, 0.0834668970595608], [0.054858831827549207, 0.04786026616612749, 0.06548862475337584, 0.04821008199213828, 0.07330964292756291, 0.11027614352003551, 0.12277021735149778, 0.034553139716443415, 0.0848416492556667, 0.0423610474810142, 0.05452519046582661, 0.06267597544328882, 0.03536464869095231, 0.1629045404085213], [0.16774627611974072, 0.056434710958581415, 0.12629529365335962, 0.08948187957231638, 0.09149707612567104, 0.10064145249062276, 0.08531010832463724, 0.03632189438170052, 0.04408899768340403, 0.04146663047762535, 0.051656758819949224, 0.030359569166445947, 0.037628404091697785, 0.04107094813424855], [0.0791241899592797, 0.06510362647553573, 0.07021228105690777, 0.12964381108640358, 0.09031708908993302, 0.09752654045606937, 0.13531977461252043, 0.04774024885430732, 0.04105056166320481, 0.05077821501028668, 0.0590082059170581, 0.030369518007094, 0.04554609945623148, 0.05825983835516788], [0.13065391866820442, 0.034914343555989574, 0.1583701186953093, 0.025617786380731637, 0.07102014208025267, 0.1160357573047691, 0.09864164216345325, 0.04274832271483967, 0.08610911940322649, 0.038050346584338715, 0.047794629787822264, 0.02742356433419666, 0.028518060405788352, 0.09410224792107817], [0.05090910285825392, 0.05241691438430554, 0.08159889114871302, 0.04078106984025912, 0.129640823240905, 0.0989481554395759, 0.03875201515984896, 0.06065625212705598, 0.1596639462008668, 0.04797273263835077, 0.0737115954483929, 0.03949070967192468, 0.050550270377390814, 0.07490752146415681], [0.28427741069811263, 0.023911186972563038, 0.24935471087780564, 0.06750459020212923, 0.04544721421097545, 0.049272473460146564, 0.049552276461596344, 0.01755259645099906, 0.05635275144638513, 0.022325969566253885, 0.03490835884773394, 0.036592474606708024, 0.022367030706634546, 0.04058095549195649], [0.2255873489138821, 0.06537529605782716, 0.12298694583361983, 0.048254542239519596, 0.10000415101370871, 0.06705323794257004, 0.03643709799533231, 0.03023981100007493, 0.051369461225418064, 0.0628837978199491, 0.060078650982081774, 0.046707186588549374, 0.03514577647811753, 0.04787669590934905], [0.047144336580783715, 0.05792228735380642, 0.029675417080393042, 0.2383875411700894, 0.08400656814851588, 0.0796725378478072, 0.25718902588308873, 0.027967623394440616, 0.029593279740570057, 0.02614132090002606, 0.03031568525542323, 0.03874147548380688, 0.018448812695430868, 0.03479408846581785], [0.05015127626274789, 0.09121290051213453, 0.05723713601821067, 0.07093520919006059, 0.11022822401029271, 0.05614394399768042, 0.08392616088633759, 0.08573026878567697, 0.08722097240910578, 0.06539967697031582, 0.0624413880741987, 0.06084567094776013, 0.04050421478538147, 0.07802295715009679], [0.1250124692471507, 0.08706277149188696, 0.05194284012112897, 0.05840659677916771, 0.09081839630414607, 0.0689583683263812, 0.07754358242561268, 0.0594957114959755, 0.06898062891391689, 0.06973048515081295, 0.06927746639413913, 0.04639230730906201, 0.04500105893571162, 0.0813773171049075], [0.03545196506338091, 0.037654376403380534, 0.04413318739734178, 0.24655621696206328, 0.06633358071297313, 0.06574597881029665, 0.2653124298355704, 0.02520951801695919, 0.037684961779684556, 0.026066662161820735, 0.02590708301085864, 0.04618783307926961, 0.02793076547909291, 0.049825441287308], [0.058723194721375174, 0.04582262579164778, 0.0887365212239914, 0.06329721119643099, 0.10654515011815441, 0.08075402463888028, 0.05664330026801623, 0.029316065767228266, 0.12439805895566387, 0.042011651549175216, 0.07731845718120348, 0.07365344126326369, 0.07529715495761659, 0.07748314236735246], [0.03098204474748483, 0.029688799042883417, 0.061407541394859315, 0.2016443125089982, 0.06512787486649228, 0.050661368209202334, 0.21308893251245006, 0.04212565671921329, 0.08633355977431204, 0.027933102053074876, 0.04850900381052834, 0.026035284275523214, 0.053391558369932646, 0.06307096171504567], [0.06622643592659487, 0.09598746327099411, 0.03295967743907348, 0.21471450173070367, 0.09638045492904318, 0.0628479319202251, 0.2006979685862385, 0.03054868043926499, 0.028107901915128467, 0.03742103354500877, 0.03351703291193124, 0.04592701853141835, 0.027004589923694294, 0.027659308930681713], [0.1148540759197734, 0.05688399398071391, 0.04204390562290133, 0.21056525168132223, 0.057798689229144, 0.053918904449199515, 0.16181448746562344, 0.02877932003931936, 0.0441488399126325, 0.05339438599274336, 0.05579734209694186, 0.0491860423241548, 0.025634703039431897, 0.04518005824609828], [0.2625901241598547, 0.0503584074800031, 0.16590620914745863, 0.06303831318283444, 0.048181263029660165, 0.052467402188959525, 0.03561021193472729, 0.028111303656379445, 0.05732162604247762, 0.052269846968617514, 0.06919945714696955, 0.04283176038524683, 0.028111640644931064, 0.044002434031880366], [0.061139674299803264, 0.14811208471770698, 0.04734041998621496, 0.025569092394438837, 0.15701610495793492, 0.07644988946974228, 0.03017174954226876, 0.052502167329187874, 0.0739177818380917, 0.08103170203040276, 0.09803818270004232, 0.05613492548263733, 0.04308221811533449, 0.04949400713619352], [0.1657712571097859, 0.0670373054207763, 0.08067214386075408, 0.1253613844224772, 0.08911249654252677, 0.06572795456996852, 0.032706047951799974, 0.03943647473114983, 0.07222944276648711, 0.05982990624622356, 0.05401439855298356, 0.058851464823374895, 0.02572756743024118, 0.0635221555714512], [0.18486100300175745, 0.029670314282704655, 0.1366458944829883, 0.09865911039116239, 0.05026191692596297, 0.03522682115040771, 0.06292992053337229, 0.0320903611095177, 0.0994717568453115, 0.031825346892215826, 0.06472511404048004, 0.03633058428632956, 0.06364556661998863, 0.0736562894378014], [0.07757267135593172, 0.08221958101667168, 0.06240192862234442, 0.07663990748150615, 0.08029995975803277, 0.05357617889847578, 0.08566247561403413, 0.05883011163807073, 0.09567413184317362, 0.08749411704537494, 0.08132399947504945, 0.04618820012529161, 0.05184362939794244, 0.06027310772810065], [0.06797514607662038, 0.05858578993473888, 0.039551264063064626, 0.24646418497095238, 0.055062407303821746, 0.031623196999687214, 0.23658892900890893, 0.036702638671625556, 0.03458549504747126, 0.04755362281072374, 0.03287815514271584, 0.04328049783316387, 0.027857872458281873, 0.04129079967822411], [0.055536836537847196, 0.17160681650135926, 0.05973494714200605, 0.024734618061789154, 0.2519386095364182, 0.10799293349979457, 0.035632156314125356, 0.023313996732432132, 0.045778073302001794, 0.03956012966341896, 0.04627609310454161, 0.0542862698541444, 0.036072451668531035, 0.04753606808159075], [0.05132688761353127, 0.20140226938598968, 0.03912502482412012, 0.03601024378397827, 0.2491913502238507, 0.10536810254789258, 0.02854587691087966, 0.027912138624413354, 0.0472029808529699, 0.05068939882692648, 0.042773032052132794, 0.05464543452072072, 0.023084111434694986, 0.04272314839789986], [0.04864680072364481, 0.06789698984757603, 0.040025341577044675, 0.1173072214514838, 0.09097803041069383, 0.07478681951169389, 0.12697344778023328, 0.066003290496001, 0.05680013978278523, 0.0898780180954623, 0.07273606483972414, 0.04024996274462225, 0.04819907656053334, 0.059518796178501754], [0.05912484105793073, 0.08429837275812148, 0.06121575320075943, 0.024656338715840147, 0.13658961485390733, 0.15007489604537722, 0.05432363507602803, 0.08326806451119312, 0.051720495324084625, 0.06453188753583303, 0.06454632581303116, 0.0322300288912319, 0.07176498745043217, 0.06165475876622934], [0.07304106814912761, 0.06192222688586572, 0.055676116573365075, 0.08276276127961908, 0.08647278771451279, 0.06690632427486588, 0.10747665594364814, 0.03756278994232481, 0.06447736709088528, 0.09921623887112442, 0.11090772025405667, 0.03745457340443264, 0.04859301907834455, 0.06753035053782705], [0.07271920780933314, 0.06425231479073291, 0.12940097100823467, 0.04039380824361362, 0.12320794679994232, 0.08390151943578467, 0.05796025728513008, 0.08325907114614692, 0.05784716987511021, 0.036589650320692856, 0.03276478619718139, 0.07936824312888104, 0.07034904976217195, 0.0679860041970438], [0.08745987837496616, 0.07718998380116905, 0.10727251509941423, 0.05762212427827429, 0.10349870118508026, 0.07728544186375204, 0.058798166732298804, 0.06605880511472785, 0.09388519382326228, 0.040467076838861145, 0.03718441912342141, 0.07194092617986278, 0.06345010487361871, 0.057886662711291115], [0.025014694995371817, 0.09148414819683465, 0.045369571278062786, 0.06449380774776937, 0.16660334452002126, 0.14564659247071957, 0.08828657176059306, 0.08624758482260363, 0.04070728049319703, 0.030351908854588654, 0.02820339685383184, 0.06807744128535831, 0.060346308090576714, 0.059167348630471545], [0.24958887679098427, 0.04524301854745685, 0.1000444232498347, 0.1602506281534329, 0.05805537421808621, 0.08179241023227486, 0.04533121234407353, 0.02963636430706222, 0.04560610680641088, 0.030280144008364658, 0.04215207807734207, 0.04575242355269661, 0.02171740333397809, 0.0445495363780019], [0.08900904202685567, 0.04473699407215089, 0.07124353138681304, 0.157589604926948, 0.06754642156169172, 0.059258864999090256, 0.17107905391201905, 0.04547125604587217, 0.06500417928185828, 0.04002632289288634, 0.04566557259911888, 0.05735465872716871, 0.035934478222126635, 0.0500800193454001], [0.038949392550845445, 0.06329092631387624, 0.06909752937684088, 0.03325231181806749, 0.12852533972254404, 0.12486598147511456, 0.06813701939438548, 0.09862236697976293, 0.06915599343894194, 0.04147040198307993, 0.042656392450429195, 0.07269743716466236, 0.06819318695233632, 0.08108572037911382], [0.04065880544608347, 0.10399152432960355, 0.03316277505233954, 0.030139102157709107, 0.11769366755575307, 0.17778414401370574, 0.039481115633767584, 0.0970316232730644, 0.035638579931495634, 0.029903986052719468, 0.035800610304730515, 0.12610447590328722, 0.031435903611460474, 0.1011736867342806], [0.06544573028431931, 0.06104241953714729, 0.08998122852401269, 0.05130023525791678, 0.13086197299765054, 0.14418405697080738, 0.063861704970725, 0.0423007931920663, 0.05815715966268881, 0.031033151126815206, 0.03950932032093086, 0.1011102757757746, 0.04334969072411069, 0.07786226065503479], [0.14194938207989358, 0.028283550263576478, 0.2458706592853074, 0.03145287620054813, 0.037769690826872, 0.03960650069970021, 0.11622243823769655, 0.03578245473165327, 0.09964482018059145, 0.030913416688962567, 0.03521145360732252, 0.04170530714568729, 0.035575275418679185, 0.08001217463350963], [0.0651040090503616, 0.044929062119386194, 0.07634585249959815, 0.023243777892342738, 0.14710571750666082, 0.15745847434804763, 0.04223488359669259, 0.1121534347335611, 0.0718193438291809, 0.049506069384796896, 0.07486308435078837, 0.030934490986750964, 0.05016166334483462, 0.054140136356996924], [0.06131032496166345, 0.04627929289184814, 0.10660369058164347, 0.04054654261970743, 0.11008019884792127, 0.08956236210233215, 0.030043058195704672, 0.04592983047215463, 0.13627964642351076, 0.0328065343903269, 0.054034953776653565, 0.10082919712907484, 0.059722730090865914, 0.08597163751659245], [0.0691191496543845, 0.07198511409745119, 0.06861121102694813, 0.06729433931006981, 0.05473960740675511, 0.05019495543715595, 0.12538416652187462, 0.05735608798562238, 0.09603042022676019, 0.057277729080602226, 0.06212469273398557, 0.038309209803336845, 0.04588592442275984, 0.1356873922922932], [0.034781934821799684, 0.048834330719906456, 0.06485275305957032, 0.02926542803072767, 0.1502440275487873, 0.18454357499602903, 0.06393471396661539, 0.07096938679655992, 0.06251928452645106, 0.03556415285669396, 0.03458614847084963, 0.07423593327000212, 0.06525576121278244, 0.0804125697232248], [0.12743673887065546, 0.03631226935641952, 0.05220600835147767, 0.15117593031952145, 0.03280239377377417, 0.02619768816362083, 0.18073260694133636, 0.041268296341265207, 0.05371727991280106, 0.08522098294040463, 0.06356545401900922, 0.04327889878751816, 0.05393985434136368, 0.05214559788083297], [0.069949615606813, 0.1904111077591348, 0.050845069474972936, 0.05325337578815317, 0.17984296275972037, 0.06979242469499733, 0.047494295656920135, 0.06336960695347692, 0.052708251299658046, 0.0411416566432618, 0.027038862145205015, 0.06369138324849184, 0.03036230329556523, 0.06009908467362917], [0.051627349754192135, 0.028936293018660516, 0.13913552692897446, 0.07486873696429465, 0.08118217312326802, 0.040208381417828114, 0.047457902009578265, 0.03638790194701156, 0.2046218773557902, 0.028050658451767248, 0.0675606429001913, 0.050451999610918175, 0.07179923070875859, 0.07771132580876706], [0.04795568706484273, 0.15988188769192832, 0.0485324756972197, 0.022446764452231673, 0.24186116286029102, 0.10880629636115015, 0.03669793455051818, 0.03126440586260316, 0.04776634427160879, 0.052110033019861716, 0.06220171533407614, 0.027224521331241196, 0.057599448063870344, 0.05565132343855675], [0.2143419403484354, 0.060151382149676226, 0.19273272025910448, 0.06934420744769476, 0.07322968642153939, 0.06796100308569215, 0.08763802630522913, 0.025518428850502053, 0.04335158388819853, 0.0455825749197729, 0.03509827738459746, 0.025741934816269924, 0.02057521539267354, 0.03873301873061388], [0.07076149197696172, 0.053066355315433765, 0.07348381671700108, 0.07825002329641091, 0.07979994464814323, 0.06922303783299881, 0.07557464024742636, 0.0712481040725164, 0.12767197278736345, 0.048352041798744125, 0.06032329116539958, 0.053882328922834975, 0.04225647512516578, 0.09610647609359994], [0.10076102959760677, 0.05798581560002817, 0.08184097011717566, 0.21842412989978266, 0.07584816303286915, 0.06007678315789289, 0.19463582678889563, 0.03149854009324275, 0.02693640411624198, 0.026402151283194005, 0.025249936898930146, 0.04574579065689061, 0.022987335331748845, 0.031607123425500004], [0.08676583591771146, 0.05905437065997666, 0.057467237385473664, 0.030583577497940575, 0.09104731097471748, 0.07898420615279522, 0.04435060989169946, 0.09701733481526345, 0.0862454491160314, 0.07912575641713392, 0.06775671344180377, 0.07882959750062214, 0.0616084865003947, 0.08116351372843623], [0.19013032959995943, 0.0562694360400473, 0.16214183913516556, 0.0688486707922239, 0.05429979163273286, 0.05690237927643621, 0.08163052242115043, 0.061888815739651486, 0.05118766447875726, 0.040849603958372914, 0.04375344508636494, 0.035699827498758094, 0.05324898762733687, 0.04314868671304293], [0.04147760708699622, 0.07206330894543088, 0.03171622394306975, 0.07658844515882682, 0.16045011854966898, 0.22448921261249255, 0.06558848594188804, 0.026818088757961253, 0.04274129486046517, 0.021036119002875334, 0.03152967562069914, 0.139719708575303, 0.02579411115489463, 0.0399875997894285], [0.13946578352156097, 0.041932223306515894, 0.0441503999974065, 0.2880834097935043, 0.04506368328818708, 0.04646723589189815, 0.18738980707562033, 0.019461559494699646, 0.028297093920425783, 0.033037416141930065, 0.0223343315641595, 0.04324962959071, 0.02079178497167948, 0.04027564144170163], [0.09950047838527554, 0.26272518262680683, 0.05998466092302467, 0.03898069962600359, 0.03856460773618034, 0.03370639871404067, 0.027534763584890574, 0.2568427472819639, 0.027524240079778967, 0.0476050640074719, 0.03338014725054935, 0.023837385432839097, 0.016422626342544582, 0.033390998008629914], [0.031740734557274275, 0.16616142014755567, 0.05261120500998199, 0.041256648492030736, 0.06668681889328179, 0.07109556657662428, 0.05351812330139485, 0.19538273148292598, 0.05581708235580064, 0.05352920810511213, 0.0712959048470022, 0.03317281487518991, 0.060308143945113316, 0.047423597410712504], [0.10347993098901544, 0.03088111791067843, 0.16369724822199588, 0.0617353788981818, 0.05195693659771583, 0.07888391305772853, 0.1474064567924912, 0.022243543358529776, 0.09333520180941943, 0.04272354342601185, 0.05494070786063177, 0.02850077656409953, 0.03733764559960663, 0.08287759891389397], [0.24791614177648297, 0.0542924943121909, 0.14753001670781202, 0.06266559442518321, 0.0883365947422873, 0.10257163459837608, 0.03940393769314386, 0.028064809647661663, 0.03933191832939382, 0.04273801584406405, 0.03562015957960223, 0.030241362239714825, 0.04448104351394642, 0.03680627659014027], [0.04742026145563627, 0.1138426459483172, 0.060081504046437695, 0.039321335716505895, 0.1652076515398197, 0.08904384981998406, 0.05222166563149315, 0.04261451945360895, 0.0854543540972385, 0.06225810126656723, 0.07097519633558476, 0.038391075507194915, 0.07338552257937582, 0.05978231660223603], [0.04768802757664631, 0.14578743644764092, 0.04515956046505605, 0.04022341273907947, 0.1427610402487497, 0.08957132970625604, 0.051880219954083144, 0.09534571487401107, 0.061594535355969794, 0.04867062952511222, 0.04074188236969023, 0.07865286039989408, 0.03721314016417231, 0.0747102101736388], [0.07747312563413235, 0.06383058384046476, 0.07590637756817828, 0.03425882315499144, 0.0845140453300453, 0.06014513276394488, 0.05145844921397894, 0.10975056409294695, 0.073253928007697, 0.07013102493337241, 0.03978506627907557, 0.09321224428052931, 0.092403907317492, 0.07387672758315042], [0.20446516020980324, 0.05368893261075207, 0.17073602963444534, 0.0742971478608321, 0.06240515797111117, 0.05702766933375134, 0.08017509513038272, 0.0335383424385862, 0.06389304976036046, 0.03236544472626908, 0.04402768158733879, 0.028254384125438813, 0.03324726293019211, 0.06187864168073712], [0.1350513764784846, 0.051233961712401105, 0.0802662013397478, 0.06174517508004693, 0.0856743154941137, 0.0939812969959075, 0.08756899927388079, 0.05121510794329847, 0.06882905909907608, 0.05201648707045642, 0.04690107633070947, 0.056830297067802626, 0.03432878097165731, 0.09435786514241667], [0.09963264157110817, 0.08899907444432123, 0.10300021756207532, 0.08163274984845047, 0.09400572753241362, 0.062214639264301874, 0.08433508480423056, 0.0633678186660693, 0.05382737207510086, 0.05451905917043109, 0.036542842282929096, 0.07845958820294363, 0.05004558482908489, 0.04941759974653989], [0.1319348656222981, 0.027021888047551346, 0.1500239869329062, 0.06444441690340637, 0.04497397513457882, 0.06070258162687335, 0.1303271295633164, 0.0353398826485985, 0.10361440592866229, 0.029625356690808253, 0.04704038192944179, 0.03619360058724957, 0.028949591730714746, 0.10980793665359381], [0.06992557039195255, 0.04791230693038248, 0.09395002651451, 0.08853134818705154, 0.09668439475006513, 0.10583712290321019, 0.10423303359762429, 0.04086434583909309, 0.05727648967410637, 0.028254146661590103, 0.034247400614109184, 0.09126039408161311, 0.06266727874926242, 0.07835614110542943], [0.09512189298937117, 0.034628401088579, 0.08368649238065104, 0.05636253601711208, 0.09061184634035145, 0.06213061392411286, 0.08493081107755901, 0.06532804432728166, 0.08830389023205917, 0.05727114394880714, 0.08422344441599416, 0.04361203491720107, 0.057727765822935824, 0.09606108251798473], [0.1080394377797557, 0.077455662281436, 0.08917369909232516, 0.03893095638587671, 0.11030489120919253, 0.07039168095570392, 0.03626599250053025, 0.06506531495658366, 0.08398502347597059, 0.07421070976895748, 0.06997116019362416, 0.05552575553235126, 0.0441841208440505, 0.07649559502364212], [0.03403447749977351, 0.042234486091625924, 0.03814645887083272, 0.030157343358951347, 0.10505335744653335, 0.15565824041867607, 0.07486065266442357, 0.05679583324674225, 0.05790289769569112, 0.03923060822586037, 0.06139286146269747, 0.09306857380462456, 0.026017164476635313, 0.18544704473693238], [0