{"estimation": {"a": 3.6006606568058253, "rho": [0.10851847327881434, 0.1430265144857217, 0.0813076411908149, 0.147182761352129, 0.11490043711765821, 0.14323788875977442, 0.09859558609800607, 0.16323069771708115], "Mu": [[-5.127722012162833, -1.6088002037442029, 1.6244103784254182, -3.265524359844952, 0.5164809417998137, -2.8225529049060674, 0.7325061090051606, 0.7126294210348145, -0.3380181758901063, -6.081672307457638, -0.6799653552776284, 3.186245620868254, 5.214831476839518, 1.155653652618422, -1.6597589288124193, -4.635852603649356, -4.929092746630802, 1.7108154417281511, 1.9140284726874393, -0.22743007294270023], [-0.8985455268133679, 0.8402880833193391, 2.52014151624038, 0.4230339869841326, 1.0756922746425317, -2.1067328338959572, -0.04289000032114291, 3.172335332943492, 1.086312154568171, 1.9328791133928824, 0.9068722322094617, 1.5775517522855023, 0.7273907505184809, -0.9005058519815058, -0.7228609305166454, 0.0217573110555182, -1.668334825806221, 3.681365561587585, 0.483217965792733, -2.0481864738688054], [2.51981000226017, 1.3522553489954499, -3.8031829315248697, -0.6315440400477353, -1.7890223535373793, -0.2725004056574679, -1.6331113716196826, 1.1474053068957768, 2.0282794928335113, 3.184181782150702, -2.749123459779466, 1.806089783747348, -1.1514155032130065, 1.4085159953748478, -3.1480994469757118, -0.8873437308156387, 1.9458045520065426, 1.900433734726241, -4.172136682605132, 0.7125097967009137], [-0.7082135379784242, -2.692029237786113, 1.0924875749484266, -5.23383123198799, 2.477044664445895, -2.159016625293983, 4.262390032930633, 0.28921335476081245, 0.6955914101037344, -3.039667860212493, 1.1614079154284134, 2.5855055912243534, 2.130093586242256, -0.3752678367775169, -1.4677328484242629, -0.5329507884863387, -4.733345576072971, 6.0391784296268325, 0.37341003226171116, 1.6701183357297034], [-0.5913703417909645, -3.0962564607895513, -0.23631894443650164, -0.12545424066352867, -1.3249764116157061, -3.6141950381566637, 2.1645958321621226, -2.9455954883050177, -1.7080661523425076, -4.522417806956579, -0.4841544577476679, 0.3201875410153662, -1.068057223224333, -11.4997410572534, -3.7213073173015934, -2.3907042569079233, -4.873817145521955, -1.9738208437434441, -3.0329984061205066, -0.9477298505157453], [3.1839546794351303, 2.268275898975584, -1.9827519095415018, -0.6373675049252752, -0.3036840426089549, 2.3673860135439, -0.12776246472243932, 0.34260241957046866, -0.608301859678773, 3.2434893169204715, 1.2171579811473703, 0.8997846633684268, -1.62869451093513, -3.312598698362103, -1.9268211527673003, 3.8837091034272397, 3.214578391082947, 1.2324285482318167, -3.102038402426556, 1.8420582582536194], [-5.558818618330859, 1.1093922360165487, 3.161544122810293, 2.3635768292223114, -1.226929783580954, -2.6877293977262475, -3.815513851255442, 3.062912628316561, -0.3555188252313605, -1.1125512067174839, -1.1426668616446063, 2.2709820964509086, 4.4450290687344065, 0.7239423209724042, -0.6025920664152957, -3.8323641494474594, -2.2791684927987004, -0.7154415870003674, 1.9157974577892363, -4.329116886941876], [-0.31720948867363324, -3.172155667069694, -0.8309092371806118, 1.5101052682187428, -0.4486719367813593, 3.136347412918899, -5.260231359303817, -0.5111636110473876, 1.2202786179472713, 2.1103213947723627, -2.344539646529106, 0.5158430628755655, 0.06958527085191603, -1.044686394185162, -1.9974446197168712, 0.016123618144301334, -0.9606607370019132, 0.3846281551784317, -1.1144107971787818, 1.7243675459480934]], "Lambda": [[0.3586803280176778, 0.3534426008866675, 0.46407579443401825, 0.15314858353357316, 0.6453711732092295, 0.49800442021204006, 0.3348687027455919, 0.4572546309091472, 0.5409288215724903, 0.39180979908415076, 0.3018668699535882, 0.7313179111731142, 0.3900941707137742, 0.39634462988201186, 0.4275975940741542, 0.3361823080827755, 0.18148955088002786, 0.18927442262173805, 0.43312547882370483, 0.5159542216821276], [0.1510093344779592, 0.5887366396019984, 0.5258843594617377, 0.11598938055423356, 0.43721351642587997, 0.5733140245489592, 0.3897188309591998, 0.23584288268031356, 0.46460533147632127, 0.635534032064596, 0.6304570041599233, 0.3352787406415027, 0.2293377686433846, 0.4750297756133291, 0.2543446975477133, 0.5348573189972142, 0.5159939264027523, 0.3555428342244152, 0.5684831557705761, 0.205673852628946], [0.6042762323085907, 0.19029550293722466, 0.5939277302500499, 0.446709128776905, 0.305380484520442, 0.4034094691975583, 0.2687132331611501, 0.7336617039719054, 0.33346918061713626, 0.30271097839172884, 0.3880493964430128, 0.5281524005314435, 0.6527619393919976, 0.4700377667121539, 0.2355216423641254, 0.28057436485501297, 0.5616364047620921, 0.46631616532731635, 0.38441211494844807, 0.8740614643570753], [0.2468807593964322, 0.1657839188576321, 0.42176551329858153, 0.1674455015490897, 0.5219682902946413, 0.4806300413183743, 0.36580305435993504, 0.48713396394798075, 0.6515039574642334, 0.5159816922088669, 0.26889259061577764, 0.3944453554735119, 0.19753044696338998, 0.5697112389028655, 0.262640991513702, 0.4358110823645098, 0.25494534538008473, 0.22595042612385663, 0.5737109475100243, 0.4086529502249965], [0.3986983947758947, 0.19915762885291244, 1.2323075529989138, 0.8967416190058317, 0.45759913449703726, 0.16453908013879756, 0.14701168152008617, 0.2659488913816697, 0.6655114847874994, 0.17687166294291543, 0.2538303404327532, 0.7813681292332448, 0.18275773233553727, 0.19948864863986884, 0.18325865875267733, 0.1187158963534526, 0.4635269338661356, 0.640274664461509, 0.2890040489807144, 0.45908259804373924], [0.11409013122011319, 0.5198320866178894, 0.8362275266546184, 0.411029489779913, 0.49962073359581266, 0.5873536639533319, 0.36753390854188545, 0.6465366586513758, 0.5482685859485472, 0.27284225381624727, 0.31646053655722306, 0.6351625678422839, 0.7691631876254591, 0.1723291561203023, 0.38020553731286305, 0.2992576843612875, 0.3918711162075435, 0.38895181880347557, 0.7693074971505532, 0.6325174857022704], [0.2693389874479217, 0.7740607234420565, 0.5719055155364106, 0.10994776846425529, 0.5755644457600382, 0.5769650502010525, 0.3888804559357993, 0.2173386133161524, 0.33332038326188956, 0.49923453813399893, 0.6544073038780491, 0.6990945928833839, 0.42238569550422383, 0.31272250460881074, 0.426873835680334, 0.45321580426455377, 0.42928275497557516, 0.3209039171112337, 0.4718994732288215, 0.3236035607330179], [0.5967567207447175, 0.495697747005888, 0.6845384708819426, 0.5566617292194205, 0.293969009417206, 0.4775861808472625, 0.34515062559535176, 0.6788753370293886, 0.39660310062472975, 0.27466305630770693, 0.28647159577045117, 0.8828935283455797, 0.8154776225799453, 0.4727255452773248, 0.29945205573345396, 0.37027494182235104, 0.5222308846770402, 0.3642306967152525, 0.6887801179294781, 0.7298744079974001]], "U": [[0.04450826040540985, 0.15715989601751748, 0.06290641288659785, 0.16073930822393326, 0.054263583182304204, 0.2276810038602581, 0.047922607589470353, 0.24481892783450948], [0.08576845396189269, 0.1510513714934966, 0.04173801893067891, 0.17815866959646096, 0.042077939029838286, 0.2295113211407211, 0.0728982896725602, 0.19879593617435146], [0.047202100109000784, 0.19088600980590925, 0.03278384273399562, 0.20409191790730627, 0.04945318461996045, 0.21551386624726415, 0.04712667275104852, 0.21294240582551494], [0.3410686927741891, 0.046884970711678894, 0.03770220588044489, 0.2563981301989735, 0.12881894548559228, 0.030225742397157068, 0.11341217778793387, 0.045489134764030346], [0.29204119602539225, 0.05051103740317425, 0.0839568615035082, 0.28127789146686344, 0.06104347090834757, 0.0680135308508463, 0.042320934669627094, 0.12083507717224075], [0.09367585017643856, 0.2648554201629175, 0.06695950893423823, 0.26290306225020055, 0.07852922372984605, 0.09675491322583904, 0.08151624198192227, 0.05480577953859812], [0.03500328138259749, 0.27123802486636645, 0.042270366717333516, 0.0543239923625298, 0.03240592450297657, 0.15437955746761958, 0.2429626516409439, 0.16741620105963217], [0.012679467475687276, 0.034640414881191385, 0.02351296158093052, 0.03258297721453159, 0.17169447664107812, 0.34991446678446464, 0.014151914809101222, 0.36082332061301575], [0.17208364022471734, 0.19050266345230235, 0.06797646370712608, 0.254471350400385, 0.03482344667761688, 0.06362290998646905, 0.09608538087225307, 0.12043414467912977], [0.20176972330234613, 0.07338302348387266, 0.10021501601490539, 0.23395690703714275, 0.039926432066585624, 0.21264121330339955, 0.038415940272732846, 0.0996917445190157], [0.028692097103148267, 0.06865891648968003, 0.018307109431856153, 0.066715486809679, 0.20335631381612182, 0.29278972934779374, 0.02781715491284241, 0.29366319208887864], [0.10092748788863365, 0.09742459271434425, 0.09344671828031197, 0.1215283093206594, 0.30984879333807747, 0.08294602219341587, 0.06209155996375659, 0.131786516300801], [0.17136866894879352, 0.05104337689537517, 0.09532792644338454, 0.05981625114150473, 0.09162877774630435, 0.14211092907927986, 0.1566561141324233, 0.2320479556129346], [0.0489967971913045, 0.05047328291259255, 0.31048026590063127, 0.05102893861876413, 0.02813172574921325, 0.36596591156862296, 0.04348790959521378, 0.1014351684636567], [0.02962636755817362, 0.3663868962342152, 0.014220401951776655, 0.38064675607345033, 0.04144749463066078, 0.07706368981443544, 0.024607299154867018, 0.06600109458242047], [0.39260505150965347, 0.043450476341087584, 0.023159288883944987, 0.3698463203118616, 0.042956402211860915, 0.03657090177190168, 0.04821027484099812, 0.04320128412869118], [0.2998172568972211, 0.11373670429321273, 0.03393795853838162, 0.3777032088719958, 0.07270865739679976, 0.04417166119735913, 0.0229958913291449, 0.03492866147588514], [0.2323606025396799, 0.19839117105070397, 0.02196065268105941, 0.3806270784500524, 0.04047498097653635, 0.041709729031492185, 0.04212646720651116, 0.0423493180639644], [0.12887318583734492, 0.1635663888594276, 0.08888776447144103, 0.16499699329549858, 0.12264461516975833, 0.12135199178712677, 0.12762116587786376, 0.082057894701539], [0.10145226695389095, 0.15868773387505516, 0.13084730110913073, 0.09688186043169181, 0.12849528098135163, 0.10171573453777366, 0.15127804605957387, 0.1306417760515319], [0.35459048961424383, 0.03871666565699072, 0.014153700559211878, 0.04694411620179009, 0.07145454999808881, 0.061443251825926214, 0.34757278298799815, 0.06512444315575051], [0.0553574300386579, 0.2009636239030349, 0.08875636716288487, 0.21142141862804098, 0.03384712700975173, 0.1637007119742486, 0.05337493187056649, 0.19257838941281422], [0.04448537611895979, 0.27358436079897785, 0.04188324654943408, 0.06854052414140657, 0.05111905768541457, 0.12328548435478577, 0.24462479290394623, 0.1524771574470752], [0.028471264944721224, 0.04857485863257787, 0.04493965123028249, 0.06365288284007656, 0.24303085471493152, 0.2766472094667914, 0.024393024479727913, 0.2702902536908918], [0.16694607729396382, 0.035159821166345, 0.024382027031842824, 0.035704467382721046, 0.42389325067586, 0.07058669560724165, 0.17090530682780142, 0.07242235401422403], [0.28352997969018323, 0.0667011227701992, 0.07222064549834264, 0.30651737434715126, 0.03100380041207056, 0.13575904019706087, 0.038027539621580356, 0.0662404974634123], [0.11268062056338458, 0.2062655435373886, 0.026331873802126433, 0.22104674558486176, 0.15862503695249955, 0.08692083557493478, 0.1007050020358407, 0.08742434194896372], [0.09156077330943903, 0.0691580848221044, 0.1980690505242054, 0.10575813652003577, 0.034856934805447715, 0.15648661073387093, 0.04589899169455412, 0.29821141759034275], [0.16259070445692708, 0.1637077784295637, 0.04769202901387785, 0.17131650016676933, 0.07621918023017915, 0.12362177778361591, 0.15437144977516795, 0.100480580143899], [0.05024409460223161, 0.08215842451462813, 0.056810504517052954, 0.0906451613399364, 0.14230311566499795, 0.25593087764787387, 0.05091221972445771, 0.27099560198882194], [0.017402838154444298, 0.06759480037537419, 0.021906244840139408, 0.06673016447258144, 0.06785755599440549, 0.36315154268547295, 0.019404489604188783, 0.3759523638733938], [0.3028387037857684, 0.04825472441653363, 0.0902099907479853, 0.2950931434454259, 0.03182031356583802, 0.10747630659013815, 0.05215823513082251, 0.07214858231748786], [0.16629325984373466, 0.16913448438683165, 0.06028955194108476, 0.2048648118152517, 0.12238443404139582, 0.044522253108521995, 0.13004059744265065, 0.10247060742052934], [0.052691334122804696, 0.31298990844120805, 0.04581309549678016, 0.0761804186989443, 0.04772001776168762, 0.07747236870941387, 0.28426536223880955, 0.10286749453035167], [0.30785370203631945, 0.07758773689011471, 0.036368326900239036, 0.31537278594122864, 0.06802298422806163, 0.06877158007674646, 0.05723677065172985, 0.06878611327556045], [0.18769423573092225, 0.2595014241400993, 0.018557061203725075, 0.12247405324170492, 0.023413382125752485, 0.028042893331114194, 0.3271764929431194, 0.03314045728356266], [0.03714607096018255, 0.0675646554787276, 0.04064152537937408, 0.07852791718332339, 0.04372355939389252, 0.3495385659300061, 0.033789235069475516, 0.34906847060501867], [0.09844623347993162, 0.24834706559653796, 0.05961187506055311, 0.31286995293757514, 0.02404150637840713, 0.10211537444731056, 0.038676870590319115, 0.11589112150936598], [0.11597896274679867, 0.08262070142206514, 0.03487940239077189, 0.09877234864669394, 0.03744932804522144, 0.2669255329326927, 0.10406806103111742, 0.259305662784639], [0.017831433040632592, 0.1124268247035415, 0.12836564562702826, 0.11633100635819477, 0.0917772194436467, 0.3192639157782005, 0.015316245103723623, 0.1986877099450329], [0.028509760654044404, 0.10877491329950913, 0.32961484927113777, 0.10343063357264147, 0.0328393686482151, 0.02886477557034825, 0.033118490018425005, 0.3348472089656795], [0.09181140493679779, 0.1687619734959011, 0.11550847128572751, 0.1819339057449188, 0.0833095701054211, 0.0895152718460644, 0.08262260012667035, 0.18653680245849819], [0.0303583988412235, 0.24678778439074373, 0.0591414582657391, 0.2519922277990473, 0.035950962889337516, 0.16101650002393483, 0.03119741685873663, 0.18355525093123712], [0.027862002516856853, 0.07408912326062699, 0.06796119454238446, 0.07412182186672008, 0.0658953259828304, 0.35565174903671065, 0.03298461944771808, 0.30143416334615203], [0.32691350398823105, 0.03525327260164677, 0.10656052511885572, 0.07271418109767165, 0.022133417757991575, 0.036258156947138714, 0.27557060821098806, 0.12459633427747571], [0.04706851140873997, 0.05361599360222187, 0.17232679327464534, 0.04965309938483574, 0.20862695404360404, 0.13219891117183696, 0.05445302854773433, 0.2820567085663821], [0.05922357868010259, 0.036479748954879654, 0.3557295744027081, 0.03794589912959206, 0.05385152135380805, 0.049673231013139786, 0.04925510533247711, 0.3578413411332926], [0.054111626286794653, 0.2882476568032763, 0.1128655788133539, 0.28744714703629626, 0.046684718716818494, 0.1308873691140347, 0.04581712307282343, 0.03393878015660207], [0.12936820231000898, 0.19113259856830028, 0.021363218679721713, 0.1930124596711344, 0.03319306744350538, 0.1474084455520782, 0.13070446266301275, 0.15381754511223908], [0.026473310615072663, 0.11633130776764887, 0.21012695835148323, 0.10621876223272252, 0.05862212136114566, 0.16210749575481678, 0.03267609448430714, 0.28744394943280305], [0.09347238724858074, 0.07265008875799345, 0.16587925640758092, 0.08137839009883015, 0.11798809254840653, 0.12142795218734061, 0.07727750770746582, 0.2699263250438018], [0.06829159126199874, 0.15067279275881987, 0.13952193962325787, 0.1494047664603399, 0.10720322574065091, 0.09975948578922204, 0.0589315527850348, 0.22621464558067553], [0.09018249289254074, 0.19751657153670069, 0.02008786937961649, 0.205050836454401, 0.2243952780950412, 0.0942949267957012, 0.0724726564817172, 0.09599936836428115], [0.219998419340164, 0.1395364901609506, 0.05173413272694359, 0.2966929976506866, 0.06255713075723973, 0.0803590826508225, 0.061642086490486844, 0.08747966022270612], [0.21346692791858274, 0.12422782942529437, 0.030089666903672773, 0.1374131406414625, 0.07140080486014169, 0.09997583097298424, 0.20542111948233982, 0.1180046797955216], [0.08971161534104921, 0.2500903606989537, 0.06527235271083719, 0.2633933233368707, 0.04910523249858271, 0.09367805741592662, 0.07703219756748057, 0.11171686043030027], [0.05211796086215232, 0.22795657471574168, 0.05953011989701439, 0.25976015390833834, 0.06835860398374606, 0.17152013749990416, 0.029361610919131056, 0.13139483821397183], [0.14054872158233325, 0.18429159157087738, 0.02714284806309533, 0.2075655032025394, 0.0726667217841487, 0.1374317413451154, 0.11661767367508663, 0.11373519877680356], [0.06809596319868617, 0.19948645042255653, 0.09837713558414997, 0.2087389971483304, 0.10398565609082375, 0.10061344464361344, 0.0623877622884469, 0.158314590623393], [0.046254271989203344, 0.298786161709184, 0.07928123659259788, 0.278460457908017, 0.030859617250661085, 0.12587733246140728, 0.07223740965625153, 0.06824351243267793], [0.056542963334679536, 0.27305915938830005, 0.05711499661813525, 0.07420269708215038, 0.03202681143892476, 0.14583070190307032, 0.2510319999944491, 0.11019067024029093], [0.11775912044981446, 0.16408221464029857, 0.13714102235699818, 0.1761865895177042, 0.06945466120298335, 0.16983896691757014, 0.09795146866897805, 0.06758595624565268], [0.22576864008686437, 0.026633689620524526, 0.05450801594752372, 0.036534356739666735, 0.28384743768554743, 0.051846259114549244, 0.22515823242097546, 0.09570336838434891], [0.09938075107464979, 0.1007056594989049, 0.18573603598828992, 0.12709224245133693, 0.05220645123235121, 0.1136795487829385, 0.05707390686093046, 0.26412540411059804], [0.0552831596000201, 0.17923669317848268, 0.145109975019211, 0.199748768970746, 0.06025680847832159, 0.12278614390151743, 0.04619138243603965, 0.1913870684156619], [0.05317457943324664, 0.233689560922334, 0.10431334367908236, 0.22642580587534736, 0.07071507909302392, 0.0900875810790144, 0.05935907443988332, 0.16223497547806767], [0.11413506084681496, 0.10300663887928468, 0.10954998673670106, 0.14504949557346586, 0.0818886812906381, 0.14792953984060686, 0.06868345103194312, 0.2297571458005452], [0.10763737517982148, 0.045583996045793385, 0.06662927878375383, 0.0630580343926663, 0.10268298923087561, 0.25378980639792137, 0.07379039912656649, 0.28682812084260156], [0.08887535774894532, 0.09352846038918253, 0.01733523221873099, 0.11753739353187997, 0.03554695383957776, 0.2880192169814527, 0.07526564322198573, 0.2838917420682455], [0.30210247878891466, 0.05005744059653425, 0.055655852951590666, 0.0907560573191971, 0.09366927245978336, 0.07914343042036855, 0.2523908288725672, 0.07622463859104402], [0.31935693509663815, 0.0975003742529764, 0.02977989142773465, 0.3369577597558294, 0.035931390005604816, 0.05553626951407709, 0.06484408085605595, 0.0600932990910835], [0.2568531665806284, 0.0724481869130708, 0.020655996954423834, 0.11053835425549789, 0.23782557154883846, 0.03500748372454239, 0.22372400149063762, 0.0429472385323605], [0.2915358201888744, 0.0428530909422804, 0.03563478355869485, 0.2989821643305593, 0.026716664712360654, 0.13854218690872458, 0.028372934035266032, 0.13736235532323995], [0.08300167991453325, 0.060543420344621644, 0.03291044423958236, 0.08003755972715604, 0.05528863970358784, 0.31522629602116237, 0.063024921196416, 0.30996703885294047], [0.04284561909957811, 0.2243959930615705, 0.03673110932827473, 0.24291809096577027, 0.0783118412354823, 0.15995315370367558, 0.032256665508294056, 0.18258752709735443], [0.24616911682567322, 0.1939484714487208, 0.030448951972319612, 0.22853504321115944, 0.029070980051966126, 0.02572032662136431, 0.20490950626407553, 0.04119760360472126], [0.14763348583021108, 0.22123079878146934, 0.04410124629008313, 0.18666577956391658, 0.05164886614418025, 0.09196348582542423, 0.1716806869596697, 0.08507565060504584], [0.04762399433617068, 0.06423168723415201, 0.18657355449991664, 0.06836361566577302, 0.18662553253673453, 0.14738591889002386, 0.041904041228600204, 0.25729165560862927], [0.07774684990916005, 0.05593733067433395, 0.18633914476194954, 0.07203175276781101, 0.0773732080140433, 0.18284086854706744, 0.05841982672189165, 0.2893110186037426], [0.02791498075050329, 0.10701279907633462, 0.018957023920604086, 0.10554325907332483, 0.1845371742110678, 0.2615020817110486, 0.029019128552450767, 0.26551355270466626], [0.28547098227926904, 0.07820069219693697, 0.06030571245088861, 0.3025070907171232, 0.0677297116164019, 0.04891515505608616, 0.04770635413034896, 0.10916430155294485], [0.022927247496808, 0.1291148999086537, 0.271173022274659, 0.13271858554029087, 0.02776268450112114, 0.0698444565257752, 0.021122123989595832, 0.32533697976309583], [0.0778202011946749, 0.287437825513395, 0.05077323075986558, 0.2980199905377076, 0.0352611015049543, 0.08267738129592123, 0.07243259242764698, 0.09557767676583345], [0.048881860001387625, 0.08267018220794027, 0.12224045280271786, 0.09343064934662736, 0.12876583408564984, 0.2101435120025421, 0.03463506401669023, 0.27923244553644455], [0.04425932762034745, 0.100299264505025, 0.05895426722954069, 0.09449744914396943, 0.057288399754253254, 0.2859568670269607, 0.05189864524775453, 0.3068457794721481], [0.1279499863978912, 0.2578531269069434, 0.047589773845242024, 0.2659419625620698, 0.05050742258168672, 0.04480137016262173, 0.1303872382363334, 0.07496911930721159], [0.09007482054986049, 0.08643253807320618, 0.016561144819050456, 0.08727767983515737, 0.442984747816767, 0.0928403462991931, 0.08320479660961494, 0.10062392599714982], [0.03833283616587428, 0.26677576475522935, 0.026489709906533612, 0.19738835913298436, 0.032753174158571305, 0.16498659518357528, 0.11598754832937339, 0.15728601236785827], [0.02847847938935288, 0.06485660599845088, 0.23752096547586288, 0.06346481847326575, 0.03483266424976285, 0.39718315051342046, 0.028188246538351076, 0.1454750693615328], [0.21589267854627944, 0.04845218959457752, 0.04076194911514909, 0.16626511499960583, 0.3428272385626853, 0.04060455174613167, 0.08563941258551121, 0.05955686485006004], [0.1208611478113254, 0.1060835165265419, 0.22450302300950137, 0.17701187866404658, 0.04838695431237766, 0.21582862372440403, 0.03788037601062361, 0.06944447994117943], [0.21612032024102154, 0.1320768871463783, 0.06106624176710652, 0.10433489769112146, 0.03564118083760189, 0.09755596977865727, 0.23537503334203802, 0.1178294691960754], [0.08049994538311818, 0.06950505752298806, 0.033729021804917866, 0.055448269540829986, 0.07628495691295069, 0.27925650866066776, 0.0913410491387948, 0.3139351910357329], [0.029219597645498026, 0.1355070729103436, 0.07622494300592501, 0.12965786858629663, 0.07516557178676211, 0.2943173305893159, 0.037788270282317266, 0.22211934519354104], [0.37623793950704776, 0.05273446242843252, 0.04119107607180259, 0.049262246144069856, 0.02083266956147952, 0.02366876751921511, 0.3838517461566645, 0.05222109261128735], [0.14649201204447942, 0.08697825965915279, 0.06179075047244517, 0.0697914106430986, 0.10103328678290638, 0.16839553029057394, 0.1591154525919199, 0.20640329751542388], [0.050683873828896345, 0.10888809961320675, 0.25630191347110987, 0.06817314724635544, 0.033775412525780875, 0.1603083015558777, 0.08741674941716754, 0.23445250234160478], [0.0335611240510604, 0.04914467074407462, 0.05183164670557103, 0.056915552316564574, 0.06482925129945571, 0.3562917424098132, 0.023657214694116316, 0.36376879777934457], [0.09229427507734951, 0.20758054390312566, 0.04475670345950179, 0.22090644067152287, 0.038562500137807064, 0.1615894584413301, 0.08494913787549341, 0.14936094043386983], [0.06637459842452029, 0.09551932986276683, 0.025882077913307325, 0.08971427238094799, 0.05300050834661073, 0.3097764620084537, 0.07383043999847616, 0.28590231106491754], [0.08178250829619152, 0.1922950310327672, 0.03860576056670539, 0.20669470803578746, 0.32744439356947835, 0.03505131127136869, 0.06673566008978497, 0.051390627137916936], [0.2938671735556987, 0.09883342093632734, 0.02600191096588799, 0.3077966559125259, 0.05560961067245381, 0.07347252717182305, 0.07112145978884243, 0.0732972409964402], [0.03018385150240746, 0.3577685288134196, 0.0324574531821252, 0.19628396997525838, 0.04165927231963475, 0.07014251674819527, 0.19014084802766648, 0.08136355943129316], [0.07934211583399152, 0.03602122938161371, 0.059691970926469475, 0.041058849341163904, 0.3693188673832807, 0.13425942997029003, 0.08115743419267515, 0.19915010297051608], [0.060802298704682074, 0.2340862279927443, 0.06385285499278484, 0.22283595018050836, 0.17685102623246404, 0.07739993717703168, 0.06712414813641886, 0.09704755658336542], [0.30430644628870107, 0.12789561412226735, 0.03517391910000808, 0.3535074917747307, 0.03156387131851088, 0.026142079028059022, 0.058045181032770725, 0.06336539733495218], [0.06102156630412049, 0.06414329677797688, 0.026755650817645513, 0.07129650798242196, 0.03642556852427984, 0.3429854945248838, 0.05077190334054054, 0.3466000117281313], [0.19686752418209225, 0.06838853868813785, 0.07232408537701236, 0.06294819124720016, 0.08169061814712761, 0.16253738989860436, 0.1969815886478525, 0.15826206381197266], [0.044480778193798004, 0.049308734373255426, 0.2500760044612592, 0.041805416008439844, 0.02329257426704606, 0.16176983975904566, 0.04852125885592782, 0.3807453940812284], [0.24710694402227312, 0.05234130919950728, 0.09622849209593147, 0.24319198848537682, 0.05823078711770228, 0.16229848319219478, 0.05009399190986264, 0.09050800397715159], [0.2245264275953254, 0.17136773628208438, 0.018297074087166566, 0.13411585131784348, 0.06708647255975693, 0.06035534522534715, 0.2623524877060911, 0.06189860522638489], [0.08372799736561637, 0.07990502422632594, 0.1463499359767481, 0.06713603087477962, 0.1161722450737133, 0.14861699594369868, 0.08126602368718425, 0.2768257468519338], [0.11839317294552303, 0.29039453945599564, 0.028607713367620947, 0.30659109213659436, 0.07652821097771045, 0.02839044204919993, 0.10802852889916698, 0.0430663001681889], [0.1867917293303413, 0.055782345077738126, 0.18507308982248488, 0.05824674924702965, 0.027540846808079972, 0.0716667494677181, 0.18210120057353185, 0.2327972896730764], [0.05036792532669971, 0.03126430131298849, 0.339716849359938, 0.03086355636602523, 0.04431597849167417, 0.06817780812804417, 0.048489331958170456, 0.38680424905645955], [0.12293104119640352, 0.07073706393147113, 0.10812554153654529, 0.09456602045446756, 0.09780623584126392, 0.16144417014961004, 0.09050404699277949, 0.25388587989745875], [0.03012202119196228, 0.06661505170177912, 0.012007690191220196, 0.06809179138178692, 0.09521113242258981, 0.3464863236977497, 0.03274444324565505, 0.34872154616725676], [0.07674423766422755, 0.09463036617844049, 0.11260284260134526, 0.0791582898097639, 0.1474911643672985, 0.16449986862453517, 0.08407455469358902, 0.24079867606079988], [0.03976169759935818, 0.3832048156077076, 0.024747892449341256, 0.2200881017969431, 0.06098697013346509, 0.03685203893678471, 0.1945353620337709, 0.03982312144262969], [0.1628845420702185, 0.06897733385288864, 0.012297917270455743, 0.07248353922478873, 0.39390630980452435, 0.06979276531485132, 0.14222823193588638, 0.07742936052638612], [0.04002377342605376, 0.19288791784765177, 0.12393767628045786, 0.17889363236109662, 0.05982474067467507, 0.24474106134332704, 0.036209183154553536, 0.1234820149121841], [0.07505551567183172, 0.22215373340547206, 0.1307214464481088, 0.22008467734382753, 0.0768230932205504, 0.056249180693235014, 0.06960791244610928, 0.14930444077086513], [0.1840176114790685, 0.18769297370781748, 0.030660157097546367, 0.13103454855060678, 0.036730562571765324, 0.08338702900281295, 0.24331290221013518, 0.10316421538024767], [0.10197379484769288, 0.20009417166773355, 0.1117907800827625, 0.20041142860745817, 0.02871176189783536, 0.17225011219123876, 0.10492089639251775, 0.07984705431276078], [0.06418657939018776, 0.035924107110625984, 0.20409390398984759, 0.04853934156574281, 0.3195873017091005, 0.07084719166772467, 0.03250948498850139, 0.2243120895782693], [0.09024505260861283, 0.1611858652645525, 0.12384096027824845, 0.12397033185250154, 0.1431894204096911, 0.07328053818124143, 0.11332827842002927, 0.17095955298512264], [0.05753510884988652, 0.20522831408048828, 0.04735138395811297, 0.08436650675344096, 0.06544072353974553, 0.18501174387392988, 0.16830497357571647, 0.18676124536867936], [0.09474698235864316, 0.1630134731231218, 0.06636339238952756, 0.16522389365031576, 0.1699198206999138, 0.11002310929625378, 0.09147691850949628, 0.13923240997272796], [0.10864045909287935, 0.3049880497563883, 0.03706531670742386, 0.14096143120427312, 0.047974309169749665, 0.04794574668819349, 0.2647353479440839, 0.047689339437007594], [0.03800852574635829, 0.034130327096457455, 0.020554590607381164, 0.050594200281303306, 0.3206025082345007, 0.2590665017085978, 0.020197262492878496, 0.25684608383252244], [0.026203890068757167, 0.08960108789477819, 0.29345725125529093, 0.08367544841020946, 0.09206906527941569, 0.29901148019276946, 0.022038735020768994, 0.09394304187800968], [0.2085038833429187, 0.10096806084867928, 0.09865834704702402, 0.23387661492825257, 0.05849614967565539, 0.10023532953130276, 0.05380631878355263, 0.14545529584261455], [0.06796415652974645, 0.16967102490660632, 0.12577617689277962, 0.17268687700534927, 0.05216487613122085, 0.136291468970051, 0.06932713183723194, 0.20611828772701496], [0.08511545759375443, 0.13863639457731128, 0.0514771156326255, 0.15414229557500392, 0.1681694201246485, 0.14802138024445222, 0.07801714314266824, 0.17642079310953573], [0.13211961841491432, 0.05632555882062068, 0.042984666920343584, 0.05722162736645222, 0.2338192172799774, 0.1655516312356252, 0.13546080077345962, 0.17651687918860673], [0.041949679216532976, 0.16015334295081393, 0.03009973634004954, 0.16073550029095035, 0.11130846756277557, 0.22244988421292378, 0.04274600936975528, 0.2305573800561985], [0.025474769460018643, 0.4122580570610787, 0.018113751105749597, 0.42431161188641614, 0.020234893273822774, 0.04579696293840422, 0.01798853170053273, 0.03582142257397765], [0.09674248548708839, 0.11563788392521898, 0.03956206138152675, 0.11910747244939841, 0.428913333584065, 0.06683333608905893, 0.08268488555805657, 0.0505185415255863], [0.07612681008164475, 0.10669232563488334, 0.010176817668326696, 0.059620639756063874, 0.5296382861264771, 0.060229324098198395, 0.10200531243094321, 0.05551048420346184], [0.20953132936685684, 0.10794391910229581, 0.13950367249420986, 0.12219907686283576, 0.05557542669695465, 0.05911224761117774, 0.19116684469434286, 0.11496748317132614], [0.06814274110961613, 0.09150397988741146, 0.11578103353036424, 0.10068634683429153, 0.055589882619979915, 0.20792873904912268, 0.046002924469972416, 0.314364352499242], [0.2886835215970421, 0.08127043279995641, 0.014974821594818393, 0.07849579016982663, 0.1567809104441497, 0.047837669403157944, 0.2912412873247769, 0.04071556666627191], [0.23498856229736734, 0.08727334888038611, 0.03067437302856681, 0.25776008909991255, 0.04067135710395012, 0.14849187138461328, 0.06499943547763579, 0.13514096272756881], [0.028560779851428294, 0.37554974567187477, 0.031107701468967776, 0.22548803744743526, 0.06887111418364687, 0.03899241740078859, 0.18107536329934315, 0.050354840676515626], [0.13206511402352678, 0.07513128610062401, 0.24132478883204866, 0.07252618401134073, 0.059574414388117586, 0.06581883951400605, 0.1256033930569044, 0.2279559800734317], [0.26400315145438064, 0.07374594110144643, 0.07362210277133599, 0.08426592079145212, 0.06465549804725564, 0.07429893434224609, 0.2524931130975516, 0.11291533839433207], [0.08696544874602916, 0.09716263508296698, 0.02444846990103409, 0.06399996436785317, 0.49458520043133475, 0.0560993229976237, 0.1129083484690436, 0.06383061000411483], [0.11953264769220742, 0.2559770956250405, 0.06182415015407784, 0.3148819995221475, 0.04782223289228317, 0.06479799468867725, 0.046083235736338074, 0.0890806436892279], [0.05111657959407044, 0.2510896747468932, 0.03676116492615494, 0.09370427719958108, 0.1874821646253544, 0.07890528341375962, 0.20686595892843374, 0.0940748965657527], [0.04704451331259047, 0.09097779124009582, 0.08277666444753784, 0.09373232363035142, 0.06251618666606289, 0.2468013323533537, 0.042945085719476424, 0.333206102630531], [0.052383939201788104, 0.13330831597986698, 0.056039504200797126, 0.07554255261622923, 0.3268238408270284, 0.11342661523732969, 0.10136624574567316, 0.14110898619128676], [0.1033937284555257, 0.31149421372252767, 0.04185616215521836, 0.04791647221481229, 0.044926800061028296, 0.04889649222834461, 0.3435882784609711, 0.0579278527015725], [0.03974332741269475, 0.049724012061236895, 0.09319775526563409, 0.0515130974146317, 0.07733531688663925, 0.2835608818745461, 0.03728965682482398, 0.3676359522597939], [0.2772411843023839, 0.07378363750675336, 0.07749084608064977, 0.2229771357278585, 0.047325561924894004, 0.053559699053775625, 0.1154613983837082, 0.1321605370199764], [0.04406987444717837, 0.09310060601166101, 0.044299802488718475, 0.11943981377357159, 0.12000274977712876, 0.27503226199342135, 0.03270738626229966, 0.27134750524602064], [0.04941194069850173, 0.06458260862297746, 0.02258349594510873, 0.07326978038490899, 0.10418720262773107, 0.31730834943979624, 0.042585591513786186, 0.32607103076718896], [0.09031817599326114, 0.10611077466929147, 0.056268385842232836, 0.09744683679478712, 0.05014067778321347, 0.2374901654205669, 0.09721975396237116, 0.26500522953427613], [0.22189745216145618, 0.10488154895032326, 0.0740067985245514, 0.22440104997441893, 0.10535309343611277, 0.11028904135758455, 0.09301623781526941, 0.06615477778028314], [0.03980545580958465, 0.04171941479644608, 0.12958733893438984, 0.057537279507964854, 0.08383962153744089, 0.26941267483896203, 0.024817599972909003, 0.3532806146023023], [0.01762660024489104, 0.28623301130285594, 0.04930989335767274, 0.2953402187163498, 0.04937899395667741, 0.1767553205155645, 0.015089664999084105, 0.11026629690690465], [0.13293898475529914, 0.3006690535353518, 0.019334492354138557, 0.13637491756486564, 0.04762922398362974, 0.04090849297660991, 0.28272083305514834, 0.039424001774956245], [0.0512601796549491, 0.2245264110034024, 0.035372808317680894, 0.2517365757252512, 0.029560874719208274, 0.17602630820365275, 0.0478643636456759, 0.18365247873017926], [0.07961370508066606, 0.13457870338379496, 0.19226670072057878, 0.11430188375376005, 0.0774301146666947, 0.10178345955774977, 0.09355422339685152, 0.20647120943990482], [0.049160923241411275, 0.2359259906072589, 0.028862185820472654, 0.2199718308978281, 0.06577193654921214, 0.16804575431047256, 0.06328792794951793, 0.16897345062382646], [0.03082410755801279, 0.11389751526795419, 0.09980090622585858, 0.12439106801650944, 0.06889540577912139, 0.2248237811855881, 0.023508394156468455, 0.3138588218104867], [0.02807277270861696, 0.25423356701422617, 0.027549358936168927, 0.25289057152071953, 0.29790205608924064, 0.06719333906926132, 0.027782775115691036, 0.04437555954607529], [0.05461590156823361, 0.2196327310097853, 0.06024182349023203, 0.17759202292216064, 0.12849127228106683, 0.15493816486995293, 0.08430449221614428, 0.12018359164242448], [0.16675306299266882, 0.1903650587591718, 0.07325851601932039, 0.15227753065871072, 0.023431277064769714, 0.09716801000809754, 0.19960108464841986, 0.09714545984884117], [0.03396023655788332, 0.05950618482327179, 0.15234591117275878, 0.06713067324668553, 0.07238970942988376, 0.23073667578198467, 0.02940060521681166, 0.35453000377071997], [0.04444226186909339, 0.260501656290675, 0.06359390453933615, 0.26165751016140326, 0.17473393556068195, 0.10507369867433315, 0.04106574840592143, 0.048931284498555785], [0.0646614274970853, 0.21686461661337836, 0.09079029733957023, 0.20944546980781045, 0.10106119489407622, 0.08555099300135774, 0.06736186914170136, 0.16426413170502013], [0.058474828596973984, 0.07294367106023357, 0.22958626046557873, 0.09176436385666233, 0.24402033049764518, 0.03267832330717174, 0.031201584083176564, 0.23933063813255795], [0.07504747044812914, 0.1325704164588405, 0.020319334916285976, 0.10294525124902247, 0.06592907809415115, 0.2486295682166001, 0.09669273179499933, 0.25786614882197134], [0.2185913330653921, 0.07383170232125255, 0.047610006971026665, 0.05180223343429422, 0.07212957643023125, 0.13468178174659853, 0.23988855792837072, 0.16146480810283456], [0.11742577782925372, 0.16383392694364116, 0.07084146610718621, 0.23372259699437029, 0.23470883573571574, 0.07725003149649785, 0.032194883561773795, 0.07002248133156126], [0.22285106435522545, 0.16461367741780675, 0.03734639091386562, 0.23946198638373278, 0.09746905057882928, 0.04767006908049696, 0.13575312555753768, 0.05483463571250509], [0.032325455263185, 0.4329472795736576, 0.013927541940573789, 0.1264485211956615, 0.02144548365644066, 0.025561449807242318, 0.32260581825245804, 0.024738450310781486], [0.210163609912343, 0.03203931109682688, 0.21859956850423898, 0.15201052817192473, 0.03649653769028014, 0.20424099460773493, 0.0789303634076995, 0.06751908660895149], [0.056151172458252845, 0.1430192784981168, 0.06915239574435682, 0.15327511263808408, 0.24288357106099495, 0.170631434301405, 0.04298017473892004, 0.12190686055986909], [0.074363274090445, 0.06656459178912301, 0.24642040930490575, 0.060276090107778985, 0.17851280131383696, 0.05355081984677873, 0.072152777331217, 0.24815923621591424], [0.03285557877023357, 0.11217547045778563, 0.27237780008322565, 0.11701583254313928, 0.04970691994301021, 0.09074027534507978, 0.023762439243729692, 0.301365683613796], [0.07218030970834682, 0.049116628310915615, 0.16555385144508375, 0.06510710820477855, 0.059160196390282534, 0.19537696095218135, 0.052668227776961486, 0.34083671721145076], [0.06676142384971079, 0.2205890232947438, 0.10295197963982762, 0.22266820084514932, 0.051627014349422844, 0.182713456386784, 0.053796517564096126, 0.09889238407026615], [0.0915893070022746, 0.05846523901752724, 0.039359400280625935, 0.06793725498411435, 0.36381597768225993, 0.1387397139930217, 0.07509971934146044, 0.16499338769871633], [0.05763537976399051, 0.15299895820447215, 0.2652553345657763, 0.15505102659832, 0.027147409304230426, 0.27719302332738727, 0.03412543997565549, 0.030593428260168205], [0.1825573324162052, 0.0853611217834487, 0.016342039107985692, 0.07288688596396391, 0.14913073433393154, 0.15056272179714203, 0.18445989969646534, 0.1586992649008585], [0.06660467335258845, 0.05507107958689195, 0.09718625642216942, 0.07596269564225876, 0.1598415564830312, 0.24783173994553512, 0.03680001442681017, 0.2607019841407146], [0.05389382584706399, 0.08598782470950005, 0.19832038638421873, 0.08181389386749789, 0.17992285072199374, 0.11012808245628296, 0.05232084671091702, 0.2376122893025254], [0.0191348581025784, 0.163393478413164, 0.059804741724925566, 0.1584482972342939, 0.3668068136307617, 0.12417069193670935, 0.018581105680534046, 0.08966001327703309], [0.05197591495549854, 0.04750487676040372, 0.17163315714831698, 0.0640673213370402, 0.15738725973971976, 0.16682586529817095, 0.03111665164595155, 0.30948895311489866], [0.29343680827514895, 0.022377392311112274, 0.02788789210068782, 0.2699326026944336, 0.18613462570257544, 0.07815653048985861, 0.03141374004182195, 0.09066040838436035], [0.11369235733546268, 0.07122365498743621, 0.023516982095097186, 0.0679214067974197, 0.13793331136828432, 0.23093431019443236, 0.11658397120046783, 0.23819400602139973], [0.10194738976087955, 0.07437353841077787, 0.05506257651116102, 0.04649839683986461, 0.18588735842498202, 0.18288829024426495, 0.11987949750699728, 0.23346295230107267], [0.143195501437006, 0.2589553114629161, 0.02566070709856148, 0.2874410216809012, 0.04464594861733114, 0.05825651151859433, 0.11200455118606703, 0.06984044699862312], [0.15069240442929807, 0.03604455973924048, 0.025253583760183093, 0.06100319665917174, 0.443386203973719, 0.06848813208153062, 0.124226245223623, 0.09090567413323403], [0.17969330536868072, 0.05090596062690477, 0.040105079645993434, 0.0503478297917899, 0.17681415549230337, 0.15114879424956534, 0.1778308239052061, 0.17315405091955596], [0.3119364401603929, 0.0467844822572085, 0.0596775034869973, 0.164928366216404, 0.1443348