{"estimation": {"a": 5.808251687512955, "rho": [0.19677900276831092, 0.1164706424387833, 0.05739028438260835, 0.1258778167494207, 0.1928228940381763, 0.2023613938840034, 0.0516118036763333, 0.05668616206236354], "Mu": [[-4.288853630972143, 0.4148503142448004, 2.2351994880439316, 1.394032653001181, 2.7846494834843107, 0.8007792682434784, -2.789092075198816, 1.4079965644240688, 3.5467896527872433, -0.5488290016043479, 2.4812247678036257, 1.7929212368708856, 0.5634882180879595, -2.9908156558148726, 2.1104195641137076, -0.11502894998917366, -4.194036251560532, 2.0883741450726516, 3.597629734888669, 2.314656468448192], [-5.255544303487541, -1.3990641146630902, 1.8609065624514176, 0.9899553559019384, 4.91813295835701, 1.2442066105859344, -1.993738569771342, 5.496476823560283, -1.1022300314793536, -0.6658641062250032, -0.05318868493588775, 3.0949912015166716, 5.967404477776051, -1.8126284426514552, -1.0014103743951162, -0.9313584496652192, -4.265177314234005, -0.6248825953849164, 3.5445171154817205, -0.6606129690154814], [-1.0126197665731236, 0.6650309144197851, -1.1217170885672594, -1.3398062897117378, -1.90156154133222, -1.1111678237556135, 2.454437954714983, 3.9179439625994705, 6.194783657755161, 1.2266176327149483, -2.2726823142240864, 4.61674828992502, 0.5629825002865769, -3.2160406174640093, -0.9326480629160475, -1.6920313334294623, 3.3088678923235904, -0.22015638081295802, 2.3793989764456427, 0.698146152645329], [1.9168763373592055, 0.8089065350111142, -2.5286823168339296, -1.837877335096497, -1.9662897100188141, -0.17571644008003964, 2.076955654043652, 3.1591478889025466, 4.12775920469349, 1.5642533983989506, 2.093884498581049, 3.0648083037480442, -2.6176717641846836, -5.602715879434448, -0.6256048752980377, -1.043242399932265, 2.9463020636038997, 1.3496159116048512, 2.530535235522472, -2.253170486546005], [-2.0211583113442604, -2.6605391897305855, -0.8507532613510271, -1.7267594369253725, 0.18597254698657503, -1.5251324177276024, -1.5222910014187436, 2.917499247122162, 3.0047048674336256, 0.06363767366958778, 4.896151442193585, -0.714053507058217, -5.173416427797831, -3.080418411554339, 5.735667671045444, -2.704525192422848, 0.7598252931708283, -0.6310108830333632, 3.685649185879781, -0.10737353356728103], [-1.5075655397280499, -3.4318160417514867, -2.661860604887125, -2.1569328926831526, 2.957199770347508, 0.6168701855247174, -1.5133698590266547, 8.107594040639123, -2.885405910839909, -0.2806801350985676, 4.640664449882849, -0.8947439602448697, -1.4213297708237074, -4.691400626472691, 2.0195313838253544, -3.09730201164107, 0.8318285763067914, -1.9068948032641195, 3.0400576506300347, -5.2639814780903444], [-4.399528100621463, -3.6739522540626957, 0.03825369767097765, -2.0388992317920462, 0.8631561765101817, 1.6945226446833352, -2.6795930152901133, 2.3780504862668557, 2.836438647333378, 0.5534479663878686, 1.1024956230758522, -4.808796792217724, -4.666163086130159, -0.7067736807234263, 4.138596790402311, -3.3744149053984076, 1.051334062089715, 0.8502185670981662, 1.6878313803125777, 1.0822964664846746], [-5.277760797568923, -2.4356612985165493, -0.3338847814627157, -1.6958051691242961, 1.4127654319816283, 0.8256951936498071, -3.7751664946303762, 1.6436069730494647, 3.3009417223784316, 0.9738590142234895, 0.32743108850849756, -4.248685347766617, -3.864698943528532, -1.134988498733546, 2.855100418643751, -2.646330101995166, -0.38630506675027143, 0.6285512939491286, 0.0014201680071745499, 0.7395177745221027]], "Lambda": [[0.2682153022897761, 0.7454693346367883, 0.4631673064552395, 0.3341490563418346, 0.43263931458819205, 0.5627557011968924, 0.8464764393411974, 0.8175482245396993, 0.5906235420679965, 1.0450397850568998, 0.400950614315113, 0.4179009264066383, 0.1771651441338734, 0.4950017225718727, 0.4732713142091947, 0.44983176485662596, 0.22249653115932738, 1.2222671544220196, 0.22341812711278444, 0.6652335216886102], [0.3435343552643793, 0.5170557034252772, 0.6583970407511934, 0.8826316429618327, 0.32846767026750573, 1.027757209870114, 0.6173147755807425, 0.7841994588196726, 0.36240213551510364, 0.4863650225993583, 0.40062078357569886, 0.36838007528547534, 0.4812089714337802, 0.6297567274524989, 0.4957051471141517, 0.4651545636250095, 0.1488527743688291, 0.5775568739024628, 0.2582249603608953, 0.5564200318153456], [0.374936424608242, 0.6747300676238855, 0.5592351284524891, 0.43446592831915465, 0.3062845973819745, 0.7227311093098153, 0.5954764216428666, 0.2660384928813216, 0.394007959930858, 0.4901863973166769, 0.3807268639527485, 0.3258794490099337, 0.5554899920838137, 0.4776258128010085, 0.4810545173981571, 0.47446723543648495, 0.49653489554874697, 0.4204288669117052, 0.46872923980617764, 0.573494362330809], [0.5632733518976946, 0.607169248383252, 0.6979859737059977, 0.6272673774886846, 0.401342826443933, 0.8481160651532483, 0.629253135563725, 0.24350860576653235, 0.7858757683372456, 0.7449271210061954, 0.37362674664704854, 0.6004475957947868, 0.5473444278106382, 0.2940378500046989, 0.6839393279516514, 0.4438468989045578, 0.5606932790468979, 0.6235362604092761, 0.4294807084119345, 0.5356523604613931], [0.4076903939919558, 0.6270969327897797, 0.33862274659069147, 0.36197137234604315, 0.5069215339374913, 0.6040678207180379, 0.6260209603425413, 0.36920197143021116, 0.6511115356732743, 1.0613068334421158, 0.32884370300744475, 0.4190953442590469, 0.24269675790676878, 0.4934647873749032, 0.31492614938539343, 0.5543432473686448, 0.48826751879806846, 1.1266448218361358, 0.3188844599123164, 0.6714132756269763], [0.6195426660394904, 0.3538249833349121, 0.5981789098046429, 1.0319165602636609, 0.42286157811010866, 1.235623968934556, 0.41534299358607313, 0.325876217017518, 0.7750123063362518, 0.7068464597273378, 0.2503986340480685, 0.5752546588941246, 0.5160029715387785, 0.5192905451299259, 0.4723147492157007, 0.5326709793972877, 0.4903118209605142, 0.6436393843908829, 0.3665256679009984, 0.5218395331789247], [0.41031690613051297, 0.4339401009173524, 0.43477195249157635, 0.3807296568600733, 0.6035798364725251, 0.6622910018179212, 0.43726654294110945, 0.32439542180633935, 0.3870672898139742, 0.5197212845944553, 0.5618184935532532, 0.3783503823602962, 0.46400060387947895, 0.5492343243486927, 0.3680950795473962, 0.5817465544791913, 0.5263586743266916, 0.4638569139944628, 0.37464892448778625, 0.5496421976782377], [0.3759018149975922, 0.4217295138282823, 0.38954549457090415, 0.4032682847726006, 0.657797379740894, 0.6530554390682026, 0.43429556781763284, 0.32158584187200345, 0.4085528514097872, 0.5423620895022967, 0.5097203057214356, 0.3366634925624145, 0.43186225189239114, 0.5172557430826029, 0.35547077874814764, 0.6221942745895328, 0.4552621607266853, 0.4717658384444272, 0.3773645605872633, 0.5404292730696219]], "U": [[0.2517055201722397, 0.05833361155673929, 0.06010870727385027, 0.08070446912176395, 0.25530470697660274, 0.1395409442496439, 0.07771200511523892, 0.0765900355339213], [0.06501726848461424, 0.12326039256343474, 0.1735980719633158, 0.21440948876997223, 0.08853390230680003, 0.2237144498312314, 0.06362263473475921, 0.04784379134587181], [0.23161003355473786, 0.03328641725414839, 0.02401923363468211, 0.028371577955966003, 0.1990033339826571, 0.046332109663667104, 0.19968595365523922, 0.2376913402989016], [0.23959834449691367, 0.11506228312489074, 0.03467801028791538, 0.09721574557657314, 0.2318543274389529, 0.19415386911618399, 0.03980770635936779, 0.047629713599202254], [0.0950542675431882, 0.26139061006242287, 0.10230048943873851, 0.08871593400991722, 0.09515381161174052, 0.27894279259965526, 0.03619017969541665, 0.042251915038919854], [0.12753959512620994, 0.04780456270863867, 0.08118971919832764, 0.20319156274503417, 0.16153289996287937, 0.24245450825275988, 0.05699692608691267, 0.07929022591923852], [0.24461969367250613, 0.05935113109506496, 0.12922058102131034, 0.1476862516838503, 0.23026384274680461, 0.11851435617840077, 0.033433003886102736, 0.036911139715959856], [0.3382366891447216, 0.026624622165954705, 0.022750895138796846, 0.08153284879817885, 0.3476864058408972, 0.1066356097801746, 0.041459673884553294, 0.03507325524672221], [0.22698884125231214, 0.17620952437573376, 0.04568042091612096, 0.05776531099105416, 0.2293311337230469, 0.20053406892013065, 0.029665399031374513, 0.03382530079022694], [0.15300998477092484, 0.22872774864622408, 0.02356365164387125, 0.0934096256142701, 0.16327772075130953, 0.29825283956519594, 0.018289157267596536, 0.02146927174060751], [0.13355965633939412, 0.20057105331080338, 0.03020164299202852, 0.1168253413319519, 0.1412930967031792, 0.31834360843191695, 0.0280941895983911, 0.031111411292334606], [0.05505987618417201, 0.2756240586681852, 0.024722289667399918, 0.1301681259526619, 0.06238862621240225, 0.3948466613770705, 0.027542782481336132, 0.029647579456772467], [0.20758944464615914, 0.10167327044825401, 0.02170932334392584, 0.13282772487005365, 0.19244976190567573, 0.22043452451126558, 0.05619303904791503, 0.06712291122675058], [0.08674594100501659, 0.059705860680733844, 0.05182552066364055, 0.2878281179488525, 0.09668403504040171, 0.3429852527083297, 0.04076465455417322, 0.03346061739885191], [0.1298568492582625, 0.11530383090341867, 0.034131825605489004, 0.20032908535324617, 0.12776256679847314, 0.3024917692792517, 0.04516720550799173, 0.044956867293866776], [0.2461125789739497, 0.35972125426362156, 0.02216047274888737, 0.028650521251688422, 0.06654087045578835, 0.20125938270720475, 0.011371940815604102, 0.06418297878325642], [0.22307912410624, 0.08333441270908469, 0.06479579694396946, 0.12538419584999821, 0.2267364810867013, 0.1912194138167911, 0.03567189250019902, 0.04977868298701615], [0.15839128897952223, 0.047871244980766475, 0.01751119329109964, 0.2650668114737282, 0.16584666131151976, 0.30976774263831475, 0.014426117688885918, 0.021118939636162588], [0.13330485272225437, 0.20305072529861226, 0.04535870222847935, 0.12671576428988676, 0.1276379432650242, 0.2978382366443344, 0.02831056737472422, 0.03778320817668396], [0.19557125637349684, 0.11047582837276523, 0.03639762791491637, 0.13795348878320765, 0.20063005721039318, 0.23317456941843143, 0.04055732984286751, 0.045239842083921226], [0.12040330580346224, 0.12819574987384322, 0.1614736494928676, 0.1629674519667324, 0.12007708543818342, 0.1598617703281349, 0.07604562410268445, 0.0709753629940918], [0.15877191966303136, 0.13141249237708377, 0.023940304842562647, 0.16827836429192616, 0.16261553288359212, 0.2877741222289898, 0.034652062861876165, 0.032555200850937806], [0.21356516467717201, 0.16754286342414343, 0.075907461592345, 0.08457704309655574, 0.20375265910439286, 0.18131619741887237, 0.03752280839097328, 0.03581580229554525], [0.08754684186116529, 0.2899215135451657, 0.04421079958138339, 0.07115914941381198, 0.10475010417455317, 0.3365482691044163, 0.03550015562908052, 0.030363166690423608], [0.2140524729429761, 0.06717639511855104, 0.030297242137638583, 0.15774122506725902, 0.21164128869601131, 0.21243729769423692, 0.05324890293391552, 0.05340517540941148], [0.24873906838872697, 0.04733444506495478, 0.06897015440217695, 0.04254309738590263, 0.24237488488482423, 0.06885284268903083, 0.13623303027215736, 0.14495247691222574], [0.21283147789595866, 0.11623274469679674, 0.021512576411598212, 0.1358765762202315, 0.21742374468982914, 0.24036686494551457, 0.02818068798018975, 0.027575327159882014], [0.20992725108578927, 0.1886801012820424, 0.029772449213750933, 0.05795160361570124, 0.19179076275144138, 0.21048517865750074, 0.05028802795147271, 0.06110462544230143], [0.18040162711806818, 0.1384588288536227, 0.06839654256002184, 0.12399591564131977, 0.1817053166941266, 0.21762357519088252, 0.04500297959180999, 0.04441521435014894], [0.2169130151401384, 0.07846623947565573, 0.03489390577812904, 0.1427697370221608, 0.21200146219366411, 0.2189409628333901, 0.04186222838261164, 0.0541524491742499], [0.15637610990461975, 0.10137394567042766, 0.062323717142683394, 0.19703846172158396, 0.16012942491931867, 0.2524606701496648, 0.0325617044715542, 0.03773596602014734], [0.16425827964911155, 0.1850719183477911, 0.035651684441574995, 0.0939985954325628, 0.17971920565534838, 0.26763512287594204, 0.030898441970301296, 0.0427667516273679], [0.14461160778260995, 0.028935667497415638, 0.02685317543511377, 0.2787213366288794, 0.1515710488185067, 0.3063834308149802, 0.03013053176136459, 0.032793201261131076], [0.21265728513315804, 0.11519655532393695, 0.024180966053291734, 0.20875644056425016, 0.124736925627095, 0.2333496451388015, 0.03735035862851378, 0.043771823530953054], [0.2929710776981277, 0.08727054872420217, 0.0395197795688412, 0.08214019473797197, 0.27847142107184797, 0.13891654275223336, 0.033889983130594624, 0.0468204523161807], [0.33198985011268073, 0.04819623200594518, 0.03405023507915294, 0.050896911677913784, 0.3390909169637964, 0.09318760055053614, 0.052057230836878944, 0.0505310227730965], [0.14537761672244937, 0.20449634537259692, 0.07008703154957378, 0.10181577634719954, 0.14247220454804443, 0.259793283367304, 0.0350575102367107, 0.04090023185612107], [0.14273812851549483, 0.06822480308833061, 0.030418938355844624, 0.034197429485324365, 0.12603441778871438, 0.08948469994928204, 0.24313875288664114, 0.2657628299303677], [0.2546645838416329, 0.11248118644314076, 0.030788328565655793, 0.08380371724152212, 0.2614156898333674, 0.19784775659469367, 0.029085236579685005, 0.029913500900301745], [0.1586404065955611, 0.19910400852613733, 0.03771616109608193, 0.07751926631329217, 0.15340509920836415, 0.25654365618458796, 0.04935591100332836, 0.06771549107264714], [0.2577842307971296, 0.027882208466683583, 0.04930506355718271, 0.09228237837518889, 0.32574648838215303, 0.10133888989511064, 0.09221506088011554, 0.05344567964643574], [0.13982788661016746, 0.2908312522052354, 0.03317539313813823, 0.04923294149128023, 0.11510554199006022, 0.2874628112491179, 0.04231933944510782, 0.04204483387089276], [0.21114843672506317, 0.19210704245462448, 0.01947743374265715, 0.05032911533027745, 0.21359573899506012, 0.23136356910671418, 0.038051731670232486, 0.043926931975371564], [0.08685385532569169, 0.036933260562307973, 0.04085036996403461, 0.2881142777062828, 0.11043136665936258, 0.30942306425118443, 0.075679167769402, 0.05171463776173348], [0.20212756241256355, 0.024784402872172942, 0.02294015609190455, 0.2229475911416129, 0.22361437802612133, 0.2508397973517279, 0.025475571314883132, 0.02727054078901366], [0.3119664558974577, 0.27717961571184974, 0.057494079088859035, 0.07163102794226578, 0.12498542477488901, 0.1119163729646531, 0.017927474270559327, 0.02689954934946607], [0.35929183640516194, 0.0668714011707526, 0.01959669686502203, 0.032372597727178556, 0.36863283997901164, 0.0924978969212089, 0.03271997590899997, 0.028016755022665], [0.07791350125501548, 0.24608767371347026, 0.03848125410530884, 0.1385503564548341, 0.07316264070798008, 0.3498503298206268, 0.0400249064492424, 0.03592933749352226], [0.1662766043467407, 0.23187142925515541, 0.09186106378204094, 0.1051631351951781, 0.06622007029499251, 0.2098646266740011, 0.06330126219296976, 0.06544180825892154], [0.1345695751645416, 0.08023523979833208, 0.2092397809523512, 0.24739437114113597, 0.11194831821483858, 0.10885563855982146, 0.04563274975592234, 0.06212432641305653], [0.18267490196571928, 0.21013372163866395, 0.07794367079617975, 0.04069797936776864, 0.17857955206339685, 0.20749634150247093, 0.04203402296432687, 0.06043980970147389], [0.12657905134617586, 0.08219542071479055, 0.0680770428372208, 0.16987815580610563, 0.1608424729218367, 0.2392054405266468, 0.07159735007498898, 0.08162506577223495], [0.10218929691193215, 0.25070606879079327, 0.10250312372624362, 0.12100698101252097, 0.10436350745318752, 0.27675597334212465, 0.018558260778792385, 0.02391678798440531], [0.09239533056868851, 0.1377066611220072, 0.025342974060919985, 0.23717355342918628, 0.09488051219910508, 0.3741019220180057, 0.019236722292381405, 0.019162324309706043], [0.13771964239734014, 0.2765416687643702, 0.029140123711352696, 0.06960827163297477, 0.10048386591085504, 0.2897971211015706, 0.04338264054784903, 0.05332666593368713], [0.18774564373071487, 0.20143373815414867, 0.027064438726966154, 0.06456943690006403, 0.18374511843054997, 0.24430325074120246, 0.04597553505374322, 0.04516283826261026], [0.3585428417155189, 0.1942615323723726, 0.027936364715483646, 0.0528319636452132, 0.23034842951260576, 0.08325558948252318, 0.022231482637257903, 0.030591795919024507], [0.22273050052500176, 0.04969292032768235, 0.13356420448310877, 0.17687796851171658, 0.2270653247808292, 0.1045175054695276, 0.03435170640188943, 0.05119986950024441], [0.23764711288176701, 0.10055074452507688, 0.05348071455413328, 0.06035495988602719, 0.23455576439399314, 0.12970414385694237, 0.08084505303459955, 0.10286150686746016], [0.1958171415454725, 0.06150498914095135, 0.058922314143652524, 0.2157135547247817, 0.1633721460663103, 0.20864561004717777, 0.03975575874484795, 0.05626848558680617], [0.13420655984684512, 0.08186756647204493, 0.02258022572089417, 0.2186092683109436, 0.13857000008254336, 0.29803124387992075, 0.04975967814855306, 0.05637545753825548], [0.34726116630830955, 0.04280107569502663, 0.0278631343729291, 0.03855588378995559, 0.32149198775928306, 0.05567266266775465, 0.07785862518561107, 0.08849546422112935], [0.22851408395427592, 0.10676894711593546, 0.15508750679374872, 0.1758001866261049, 0.18343848521554443, 0.07493349818297532, 0.033774456033301294, 0.041682836078114086], [0.30376316869225806, 0.19799066039790875, 0.05301557978639733, 0.042304155595542695, 0.16489693190270252, 0.10151962484029448, 0.06532191260879448, 0.07118796617610201], [0.2692488355044721, 0.03597553679726222, 0.03563061564371722, 0.11096255743890755, 0.2652819276533278, 0.12487891110730458, 0.07153478510397127, 0.0864868307510373], [0.14139530772454206, 0.1617828292942447, 0.025928878547860346, 0.15125442699955308, 0.13845046150705942, 0.3270741806047618, 0.02794113769424234, 0.026172777627735993], [0.17614764157561666, 0.2392241529510963, 0.020311919976419693, 0.0666450063574878, 0.168930735882605, 0.2816724008186256, 0.021421512709304667, 0.025646629728844704], [0.13784058647718392, 0.1487783761565198, 0.039468990984391314, 0.16059720496300972, 0.139101799454933, 0.2913164792585023, 0.04183389846414142, 0.04106266424131867], [0.311827840304264, 0.1957049054574531, 0.04808412111733339, 0.07864850776036865, 0.14298131990196455, 0.09071805816482739, 0.06756882119470753, 0.06446642609908163], [0.12398033561579735, 0.08215972156501669, 0.24184539327512136, 0.25427810953113855, 0.10861910039228785, 0.11452195431122374, 0.03464687297833246, 0.03994851233108212], [0.19437836573749911, 0.08741348113223571, 0.03278764376627717, 0.16193621486239368, 0.2068054835233657, 0.25089252641936327, 0.030002167461216256, 0.035784117097649316], [0.14609727523721988, 0.0764378090269856, 0.07992930549448723, 0.18302832963739868, 0.176065071393036, 0.21873057009556476, 0.055821747548493, 0.06388989156681474], [0.24828422164754527, 0.07705363451375087, 0.08766703084925433, 0.11329997473938548, 0.24750798608019628, 0.12034382194494117, 0.04777000919276185, 0.05807332103216467], [0.2342295619196066, 0.07372651169542373, 0.056125689428103656, 0.13251831117000884, 0.2540085150222824, 0.18238939719712433, 0.024595553406641667, 0.04240646016080863], [0.14395533484832307, 0.0826014617868073, 0.0659652150985767, 0.1605407635062971, 0.16577931910621616, 0.2413551613850587, 0.06606236140250236, 0.0737403828662189], [0.20789084946009215, 0.030794485455375727, 0.07545534633229883, 0.06284768288952211, 0.22330207995707546, 0.07723594289877268, 0.15576042524996883, 0.16671318775689425], [0.19836755791631955, 0.20484703147005623, 0.04942301840337378, 0.08105692657334791, 0.17026392788071665, 0.22681899770593822, 0.02845702482044841, 0.040765515229798995], [0.14032615613397356, 0.026916359555883226, 0.03442217976389999, 0.25928837093406254, 0.1649697015876297, 0.27993303659489605, 0.05811892423055854, 0.03602527119909593], [0.17645382390186964, 0.1756385328682073, 0.0273565595117249, 0.09565525920045963, 0.17383906841810498, 0.2646609576027506, 0.04288703472115593, 0.04350876377572751], [0.31032775135073454, 0.1364285369974706, 0.06336871706975279, 0.08101421363367114, 0.2288121799650525, 0.1143610516346762, 0.02699203631821339, 0.03869551303042875], [0.18616950326651108, 0.044972993958756924, 0.03848768000626102, 0.1904759817130392, 0.2063612917027249, 0.2303665264230236, 0.06239591396160736, 0.04077010896807647], [0.2245403032567492, 0.05280043525709376, 0.031548874471473656, 0.16160572801348155, 0.24068032965523184, 0.20430039625078267, 0.044199497941245273, 0.04032443515394232], [0.1612457452292493, 0.08712750108387567, 0.03993267259363821, 0.20902440264678138, 0.1523179236560677, 0.2712686709309477, 0.03644163615257138, 0.04264144770686878], [0.22985526181680083, 0.06574861497865166, 0.0759528506625069, 0.1341362085796873, 0.25209640862237703, 0.14779857394625456, 0.05358461364338852, 0.04082746775033269], [0.19151345620520158, 0.15791270834048388, 0.06284051708656148, 0.07797098937455829, 0.2037959040766097, 0.21874961262463397, 0.043693342699852665, 0.04352346959209808], [0.0899903819593427, 0.11785969914080742, 0.1986708820025811, 0.22900757591246546, 0.09378214472419795, 0.1977963416279875, 0.04187534027917174, 0.031017634353445567], [0.19077265279761682, 0.11802304858726022, 0.047323334977843634, 0.13474053650754134, 0.19811882296442532, 0.2340582722385046, 0.03705084769738984, 0.03991248422941848], [0.14000960101666068, 0.05902077969131444, 0.19285495801971106, 0.24686879260694788, 0.1526741706056471, 0.13622871677967185, 0.03370098941423479, 0.0386419918658125], [0.11902386765349818, 0.15622528046817447, 0.034715216321587354, 0.14831066575684562, 0.14694584273257205, 0.31352932621101837, 0.04820035824324306, 0.03304944261306059], [0.19815667070269716, 0.1378410923647217, 0.024076720145407775, 0.12563819801202394, 0.19291700042848903, 0.2684022721815287, 0.02266545138717964, 0.030302594777951747], [0.24856140036595345, 0.07433332313297097, 0.07603906422249342, 0.12306728979008608, 0.2615996543648216, 0.13791956266052935, 0.04047036010310616, 0.03800934536003942], [0.10651185595081683, 0.03788609366502462, 0.02082758013070107, 0.3045694508125474, 0.11804727877680374, 0.3383497396958352, 0.04094630097762892, 0.03286169999064273], [0.13327592003189687, 0.143898909509081, 0.04417617864337831, 0.1528665306642853, 0.1298906798643211, 0.29699079975982756, 0.042172372045653994, 0.05672860948155578], [0.12843500761902585, 0.18963383271203008, 0.06720596133647087, 0.10201939160429238, 0.1350017884515089, 0.2501557806800468, 0.05713353597157544, 0.07041470162504934], [0.15308820474130427, 0.12521384665602997, 0.03890703159531803, 0.13439008760419582, 0.16397590769656423, 0.25745045123045623, 0.05801497839636814, 0.06895949207976357], [0.09555753206836404, 0.07582536244113748, 0.24222128244864424, 0.26470725779744075, 0.12108377075291392, 0.1337179901968835, 0.029120935920653845, 0.03776586837396205], [0.18872372887308547, 0.1802518602713556, 0.06405451253659811, 0.04113259121209003, 0.18414826429233064, 0.22156203664320728, 0.06016475426471328, 0.05996225190661964], [0.19821719427294562, 0.12602535489737654, 0.033180067709699224, 0.12280920682733677, 0.1818880210529064, 0.23287479702831057, 0.047758883110985154, 0.05724647510043981], [0.18586067246150503, 0.04652853076205654, 0.19888887278578468, 0.20555675967583154, 0.1940794202343928, 0.07102309719214817, 0.049971513238797456, 0.04809113364948403], [0.34872191821808163, 0.25022153501942396, 0.051282148604688355, 0.06475107203585623, 0.14772403605108614, 0.08205353047450775, 0.023669084115548366, 0.03157667548080797], [0.18771759487723794, 0.21600305325892993, 0.06144793723499404, 0.04928869508721496, 0.16355683191419523, 0.20874890420039444, 0.045592620949547885, 0.06764436247748556], [0.2238986940945636, 0.10424791181750685, 0.0535368310690343, 0.1310105465021428, 0.22537509421158156, 0.20216447483631922, 0.030141510667672077, 0.02962493680117903], [0.15975148344644696, 0.1333015791436445, 0.02887964131163852, 0.1465431793882219, 0.16502176220976017, 0.2799164647583246, 0.040043045247780115, 0.04654284449418377], [0.26383763267693816, 0.06821488877867163, 0.03865380735533687, 0.08464561173303121, 0.25107379233247806, 0.12986363663967157, 0.07325059577728081, 0.09046003470659118], [0.1445456692200582, 0.13108472449146444, 0.18625451437367763, 0.19435785901885552, 0.1462242263902744, 0.1368431623771367, 0.02496822042908074, 0.03572162369945253], [0.273422425176426, 0.08009956341052901, 0.041526876439450196, 0.09677195919827457, 0.2925765099972396, 0.15516694029241246, 0.030107921905076405, 0.030327803580591776], [0.24701065244987763, 0.07188184869987002, 0.05104981479361878, 0.09707893102540346, 0.2726740940903202, 0.16108392939339064, 0.04153228627822992, 0.05768844326928951], [0.16423240591252475, 0.2109916385955381, 0.023153263156899497, 0.0457633744537925, 0.14992205547070864, 0.2362289094438232, 0.07620064680033846, 0.09350770616637448], [0.35934953945606646, 0.29612551540649573, 0.03854112135044916, 0.05616286811313111, 0.1101339394477491, 0.0752992059972236, 0.028210639258182492, 0.036177170970702395], [0.24030095679366517, 0.027190478192747627, 0.01783130478478553, 0.18132665830173134, 0.25094875630956526, 0.20698720934886794, 0.03698461049379929, 0.03843002577483816], [0.1953371802248537, 0.05202312096337138, 0.0803348503093287, 0.11857211938540475, 0.2076671507158911, 0.14831414798030548, 0.09080432729881355, 0.10694710312203162], [0.11841409545179542, 0.17968335845427058, 0.0604729074423989, 0.13885350098087518, 0.1261043575004915, 0.28476999075041204, 0.044578436892820185, 0.047123352526935884], [0.07239508523390514, 0.26311948522897455, 0.020315471224791982, 0.13181744070622825, 0.07045956174026669, 0.3959310496202868, 0.023964428911701002, 0.02199747733384558], [0.3129669517616735, 0.021925794928379847, 0.026221628773943757, 0.11374157889983555, 0.3165092647113615, 0.1304664783947459, 0.03321617390454858, 0.04495212862551065], [0.13400236824962924, 0.06246428984720432, 0.20342892865159318, 0.22285951203940638, 0.14773543117686783, 0.1288306495753406, 0.049972836671571194, 0.05070598378838736], [0.1397204916080805, 0.13888269706350087, 0.07294999557455459, 0.1706856530613688, 0.14719975549964154, 0.26002210389767766, 0.03326087174003279, 0.03727843155514333], [0.33667557306457174, 0.3158058708225284, 0.019703879615309665, 0.02795423437104056, 0.11681792052971594, 0.12025774031617165, 0.02434573968018884, 0.038439041600472845], [0.21442873086744846, 0.02765170513349905, 0.05666127528477464, 0.1684975867870376, 0.24964803964801208, 0.1900665212017122, 0.05075648605560971, 0.042289655021906424], [0.2556653752182985, 0.07415107548021214, 0.03588465915729961, 0.12023056227510022, 0.25969945543915496, 0.18680514902048362, 0.03416568791085178, 0.033398035498599925], [0.12667267766290857, 0.09704080104539287, 0.04502013953207282, 0.18845491072978798, 0.15024989983122308, 0.2691778619688684, 0.07443110158626585, 0.04895260764348068], [0.19458588464671428, 0.1537071997710045, 0.03358006190659836, 0.08828595287490448, 0.21025688384714633, 0.23342931587947321, 0.04493431612291409, 0.04122038495124491], [0.09852613947169094, 0.08136047305948145, 0.060774243645344034, 0.15369594958306562, 0.15835566031912093, 0.21848713518077173, 0.1275540521055824, 0.10124634663494278], [0.1810093391407922, 0.053396280622747955, 0.05713918737542936, 0.17215985715130083, 0.18435682149180582, 0.20957490465614798, 0.0657245530026525, 0.07663905655912367], [0.3045752871089894, 0.04018736011539636, 0.03432761587061642, 0.10001404034158104, 0.31134033934828326, 0.1270927525948899, 0.037168153099748975, 0.045294451520496035], [0.1751478617292377, 0.08447621168488223, 0.0347545819913574, 0.1757125595094446, 0.16316649618420564, 0.23829786562726113, 0.059248788383604686, 0.06919563489000692], [0.2529034509503373, 0.07344055008839444, 0.041747081479779465, 0.11755873815906479, 0.2743222362806142, 0.17613683141510564, 0.025936288951497292, 0.03795482267520648], [0.32679802639910127, 0.10904547088746248, 0.05505719166091046, 0.04415733680921916, 0.29370419682063653, 0.06904377627005795, 0.05305106354579765, 0.04914293760681439], [0.21479555590111132, 0.11587704008720044, 0.025372744360454225, 0.13705983587653264, 0.2153487042832811, 0.24015800245119295, 0.023852317074182974, 0.02753579996604501], [0.17321786021327387, 0.16103468207635244, 0.08757554855159039, 0.09824208064208899, 0.19093152837979338, 0.2028835226023978, 0.046182489238471014, 0.03993228829603249], [0.3060429021739345, 0.038988084012879974, 0.04427572026197163, 0.05830414688963913, 0.35199422465000846, 0.0919281372117485, 0.06518663650744971, 0.04328014829236727], [0.09735565652357821, 0.09428810230816863, 0.025144207452165293, 0.25637784602699115, 0.09595167906473336, 0.3448474095939445, 0.04231075062632228, 0.0437243484040965], [0.14310359729770356, 0.22633557630430096, 0.0216274522427552, 0.10630056625338632, 0.14813379019772213, 0.31742065255473106, 0.018404016441192, 0.01867434870820946], [0.07848501583735776, 0.15908786256087143, 0.214903180372631, 0.2226557232857733, 0.07479893689673815, 0.18415236305745966, 0.03060276608652751, 0.03531415190264127], [0.09095256608006312, 0.17162814245282135, 0.0390606665732138, 0.13115069533708112, 0.11788967200085997, 0.31341756990110364, 0.062249080202234124, 0.07365160745262345], [0.22934631793672444, 0.19688227791504978, 0.042290464308580335, 0.047395086625040835, 0.22155234611299002, 0.21081426736520226, 0.022972802733854335, 0.028746437002557173], [0.11170342293622486, 0.05315026603867512, 0.025574584904363686, 0.30393042351774147, 0.11761184792035258, 0.3495400183140698, 0.020142758660072934, 0.018346677708499817], [0.24866324289936886, 0.10477106134783007, 0.02709865937435756, 0.10154418734713955, 0.257579288000014, 0.18684219507864389, 0.04351968190771125, 0.0299816840449344], [0.27211654986730166, 0.07917561054780724, 0.07928877458326256, 0.12564331413468124, 0.24543941664680227, 0.13775934222385985, 0.022965534514519544, 0.03761145748176579], [0.2911785528149725, 0.04109486428353258, 0.038951214570657276, 0.08715498626549176, 0.31971281793309403, 0.11514694668046596, 0.0585425612968882, 0.048218056154898194], [0.09068669509785172, 0.1369148291348614, 0.05880687525140476, 0.17139883323720465, 0.12627228170859386, 0.3019832195164167, 0.056309893504370004, 0.05762737254929709], [0.2328974255570916, 0.1437269306564294, 0.05120618530498939, 0.06784102012365385, 0.24158524138343518, 0.19198014575368452, 0.028389475844346024, 0.04237357537637001], [0.0602522083055669, 0.1946194489540384, 0.01733063006385216, 0.20923912349228688, 0.05629562965435044, 0.4106174076541443, 0.025412512581283922, 0.026233039294477192], [0.12982459274076663, 0.1074643200862402, 0.1864683839141609, 0.21968936652620968, 0.12840198789638385, 0.16370154905075993, 0.029939769602825038, 0.03451003018265408], [0.2292106233434744, 0.06796129381303097, 0.055122796018180424, 0.12025829034976576, 0.2634775984116238, 0.18204475988028965, 0.038304228064150445, 0.04362041011948473], [0.12039095808315516, 0.19304887997783912, 0.022588007796657487, 0.13590174296150556, 0.12488179832229161, 0.3243973736332504, 0.045213525992197544, 0.03357771323310306], [0.28586423484029394, 0.10247955336776184, 0.051391845703861475, 0.058731000089077, 0.29521254334344466, 0.11449927505212353, 0.04535775586333877, 0.04646379174009838], [0.23631204568142683, 0.2655170683348981, 0.04274357379687705, 0.04352020421539648, 0.13760566575244038, 0.19155548382212828, 0.03882539383984612, 0.04392056455698662], [0.30375744929541393, 0.07774188890555139, 0.040627988058311325, 0.04345551418577895, 0.31274661000277043, 0.10499297375177497, 0.06041531291244309, 0.0562622628879555], [0.19859499107861298, 0.06104350521440433, 0.059943544655521666, 0.1655884834976231, 0.20396231055522954, 0.22099096500457624, 0.04017683196450555, 0.049699368029526673], [0.13108198123389797, 0.16356011788183908, 0.07685153862732812, 0.07914321294612196, 0.12046007803575029, 0.22752278824499206, 0.10117625976066691, 0.10020402326940397], [0.16506178587549283, 0.18945288551758932, 0.027544260647070298, 0.12358986002719359, 0.16417525444044617, 0.2876408825357187, 0.017814583876679065, 0.024720487079809762], [0.21678698466912494, 0.07272645592163977, 0.028006479687941233, 0.1500195990524646, 0.22294953275698748, 0.22335011867173415, 0.041635545226551426, 0.044525284013556446], [0.19673785276821124, 0.13547868988312006, 0.01927521216878537, 0.1338363051636201, 0.20428613372492233, 0.26827919648520704, 0.021979335289012435, 0.020127274517122196], [0.2283887979816911, 0.06785724205622211, 0.04095127670043642, 0.13358580292143485, 0.24847521880647647, 0.18267297205537025, 0.05104068589017883, 0.047028003588189725], [0.15345159468458783, 0.044450926313917574, 0.052349594132572584, 0.2214805606465097, 0.1856226971353164, 0.2573254333454364, 0.049542262800085446, 0.03577693094157415], [0.17976983127167054, 0.21153641877552876, 0.055813563905388525, 0.04631125006616286, 0.17464891043233047, 0.24016456903466138, 0.041291444674118945, 0.05046401184013848], [0.2895873792580544, 0.07132269799264807, 0.10762087292276584, 0.10964090019686865, 0.2794581055107044, 0.07489454520779235, 0.032259458433379205, 0.0352160404777876], [0.19653123282654364, 0.18754696146704597, 0.0555665429393921, 0.05263092656169296, 0.1983357331004526, 0.21099108768445504, 0.04486977818370883, 0.053527737236709026], [0.16603417969231618, 0.25309231115418696, 0.03281427150912784, 0.04107345492317343, 0.15944082634855306, 0.2802525752086488, 0.027776335928611187, 0.03951604523538218], [0.1672916218687667, 0.10539089874006392, 0.15029119649985864, 0.19949772582632033, 0.1500616606224302, 0.15912076365851152, 0.022145015590663873, 0.04620111719338501], [0.301025711906341, 0.04996916779684306, 0.039287065575447366, 0.06347027982478558, 0.3447594338070351, 0.10722690544338608, 0.059418503686925694, 0.034842931959236344], [0.19150683947893685, 0.1355094999320425, 0.05551900155647122, 0.13843687206798025, 0.18876161376252534, 0.23208184681860528, 0.024517259888723438, 0.033667066494715556], [0.12699992342603167, 0.1514283356395971, 0.07116226648558306, 0.10848987390988808, 0.12464888315777063, 0.2385915345277581, 0.09045056124329398, 0.0882286216100774], [0.29036412930450567, 0.12827096391837378, 0.052859882943059745, 0.08409617532523332, 0.2431790554018987, 0.13424932296832587, 0.029523893826414006, 0.03745657631218908], [0.2822189486618345, 0.03897776394801418, 0.03037689859803017, 0.11315180489406094, 0.30281511007479023, 0.146567717199928, 0.04334518080046594, 0.04254657582287564], [0.24027169680286375, 0.13044468653012922, 0.06443433955700732, 0.08986603702474108, 0.25004569059303966, 0.17557025271017926, 0.02180746287317552, 0.02755983390886437], [0.2301580925630264, 0.1470819981174437, 0.028068455370083796, 0.08847698689674216, 0.2337034489958568, 0.22165714971095007, 0.024930260145957426, 0.025923608199939423], [0.10345523973547247, 0.039573849477244676, 0.020348307041334543, 0.32389165433303135, 0.11152173136676304, 0.35901895002066897, 0.017952964023852883, 0.02423730400163229], [0.18778463796340006, 0.0658216323833324, 0.029240618442959755, 0.19695944991126182, 0.18052693714008297, 0.2528644900331996, 0.040243382821575906, 0.04655885130418687], [0.2657544938012081, 0.06430415900201926, 0.0694391756691059, 0.075153978777288, 0.28745733238377863, 0.12142935546970322, 0.05380471232868573, 0.06265679256821154], [0.22205267050626745, 0.06090283627667344, 0.042308990984980185, 0.12569898590342202, 0.24595576042118186, 0.1715910696714251, 0.07427181756547967, 0.057217868670570236], [0.3297228899688116, 0.24166201561547157, 0.022852651828075908, 0.08897201717977216, 0.13319475323432411, 0.11803622748008241, 0.02848391865941141, 0.0370755260340505], [0.2369891278731982, 0.07256578418397965, 0.07293796790507859, 0.08204666787465546, 0.24311324077617733, 0.1094069690854181, 0.08011734921233231, 0.10282289308916016], [0.08612145675275963, 0.0655368265765094, 0.2896329244813806, 0.3189368771058458, 0.08516139474384954, 0.10515460125720688, 0.020879703625869564, 0.028576215456578655], [0.3674776609045773, 0.1320124371750773, 0.043320548739670166, 0.0578444592642527, 0.2560272917029741, 0.05685725219080578, 0.036585070076300415, 0.049875279946342534], [0.13315759459288007, 0.10641312641138631, 0.04141959480901193, 0.2015729669214375, 0.13254376678486707, 0.2983737373796064, 0.041855901414269245, 0.04466331168654137], [0.2673726307186678, 0.029371370791973314, 0.05042191676132972, 0.10826760212800426, 0.30124374180050334, 0.13032301958845527, 0.05989968545090753, 0.05310003276015835], [0.18617150049240613, 0.047948809140462297, 0.18281504238443957, 0.17213591795991923, 0.22329269456869932, 0.07724151481935593, 0.06558626807884328, 0.04480825255587395], [0.18831201774687284, 0.23190231446126966, 0.024404246732617894, 0.06547300074037277, 0.1676682203617609, 0.24892221895829184, 0.027687518994345035, 0.04563046200446905], [0.22343603674949242, 0.06350793634261089, 0.05189416101771726, 0.1669642653274228, 0.22813152849602558, 0.20061745593677385, 0.02875796250238625, 0.036690653627571214], [0.24539045842285834, 0.08851184360702781, 0.03125234749137742, 0.12275816725570851, 0.23237550725499828, 0.19400779310563707, 0.037006577797999506, 0.04869730506439334], [0.20294783877349182, 0.1138051002914167, 0.08517441770710715, 0.11385788770403887, 0.2158898923004245, 0.17982120545128796, 0.039931787031750036, 0.04857187074048277], [0.20559387136177446, 0.04595215354519972, 0.02326251433443206, 0.10391293728401489, 0.19211715487174716, 0.13382015579677942, 0.1319259457076933, 0.1634152670983595], [0.10928467157836584, 0.16322981046961266, 0.06492901405040945, 0.13706562557468369, 0.14303909623705763, 0.2715376776896492, 0.06550102121051835, 0.04541308318970402], [0.08703432365670367, 0.1645586281194419, 0.21427894514550705, 0.2236376724093271, 0.08606910247589022, 0.17412565220968568, 0.022362965044516854, 0.027932710938927567], [0.17652272430162305, 0.07920908897586779, 0.0232173985297467, 0.09164794199441957, 0.14790378045724695, 0.1553741940004005, 0.14867725098423196, 0.1774476207564631], [0.1844086206718945, 0.04849187649973339, 0.04962889101212632, 0.2132118241248894, 0.1810374992056499, 0.23428281385916247, 0.035805247284380545, 0.053133227342162186], [0.30343036120567535, 0.05058952986658242, 0.023741262074402573, 0.09478123349997811, 0.3108675084461652, 0.14224506165106332, 0.0424084496360707, 0.03193659362006242], [0.25386491107723486, 0.09772551191680456, 0.045880888230992525, 0.10474241938358177, 0.26367630677348675, 0.1814857926475716, 0.027733383965600933, 0.024890786004727605], [0.23967532528157762, 0.18084482568558002, 0.03691874039588811, 0.037303161095956744, 0.23124435099165197, 0.1926857257063738, 0.04092970227175581, 0.04039816857121577], [0.29340068519651513, 0.06290504363866731, 0.025770135980136156, 0.07265620245052357, 0.2666767886622911, 0.10079256700786958, 0.07600686572265473, 0.10179171134134259], [0.07453739025137313, 0.22523973774079034, 0.03457696352442804, 0.07362653295095462, 0.09124987785855555, 0.2896824083224263, 0.10701633817390209, 0.10407075117757046], [0.27609156137537993, 0.118881120718986, 0.020074380318928327, 0.07579741199589012, 0.2760810752387543, 0.1774690589645906, 0.024082385730335817, 0.03152300565713523], [0.22008779174057322, 0.17610360851526433, 0.02642231126842464, 0.03879440051678473, 0.21163339429723044, 0.2078757477046489, 0.053953553749942255, 0.06512919220713162], [0.1407926598711434, 0.15658875609514217, 0.12857895038799882, 0.15821554001476426, 0.12912577162616415, 0.18538772194486028, 0.044262457939728, 0.0570481421201991], [0.0866943420315265, 0.3091421979831121, 0.08206483719534562, 0.08305900319093942, 0.08467540888668303, 0.3154411120569136, 0.01731039318801254, 0.02161270546746742], [0.18722996626113295, 0.11603321322268116, 0.02695121644154092, 0.1466751842956327