{"estimation": {"a": 4.406934727032965, "rho": [0.08199799756483728, 0.217159127031039, 0.06964308269627588, 0.08239792069554314, 0.08280401650280562, 0.23901277428213927, 0.13144477864756318, 0.0955403025797964], "Mu": [[1.4165572133319562, 4.144514839536866, -2.3626932708457375, -0.484094948796539, 3.659190186572243, 3.37798782486328, 1.8846828176064898, 1.12440411639996, -1.6363206278423361, 0.23600612434075824, 0.25247677381089423, -1.114039031621413, -0.9258228460095264, -1.077787256636451, -6.2756418954530195, 2.879972933229806, -1.8113817642937924, 2.2786490783312434, 0.2569816652928756, 0.5479140706528852], [-0.3462889390312672, 0.7018791231760491, 1.0905047027454218, -1.858405672137805, -1.7258963312392346, -1.7010349958954691, -1.7339088362456498, -1.2628095117280769, -0.1737956617529473, 3.3705724915051447, 1.9702936551878363, 2.1044547418039987, -2.6253397548645934, 0.9473707254536233, 0.8392608055754891, -1.6382670276223399, 1.0955078254833235, -0.11949235374016864, -1.0639011865890395, -1.2114459858415954], [1.6955559559798377, -0.5294966272598192, -0.9806919596861962, -0.8481286640644424, -0.46090470937624933, 1.3148725788564426, -1.3682238470455301, -2.6134164506735558, -1.283460036491867, -2.2931433382050264, -1.0304342748994895, -1.3375347238947952, -3.142674398241645, -1.324841160031892, -0.4865471383893659, -0.6293090834580352, -1.7647679519866712, 0.8677801179589681, -1.531550391084392, 0.6288005363260604], [2.3076464162460484, 4.333848807269017, -2.477905876121372, -0.534225035899737, 3.721941228989018, 3.1643541021960613, 1.799790343887307, 1.6172992233055892, -1.4977131388092746, -0.07320432876317942, 0.17279207518565617, -1.7507090204068465, -0.5249374949668235, -0.845632438121334, -5.377258840278058, 3.621498242956305, -2.380005529118637, 2.4486126190522977, 0.34703161335100957, 0.6543080032994559], [1.8761186369263998, -0.33951926203198, -0.12649583044214857, -0.5071454553079745, -1.3584290894387805, -0.311640174302204, -2.2029705975151064, -2.0795108822368853, -0.47563180603575395, -2.7406089766990918, 0.11046957134062499, -0.15611947223145245, -2.6918267328419283, -0.30545117849290293, 0.536889251441744, -0.5401542162469355, -0.9785536423320649, 0.7102654475072835, -0.9871888941007995, -0.6290078847119681], [-1.8920719319333563, 0.07960303390341313, 0.24353114987789024, -1.5539011314368343, -1.4104152481891203, -0.004620178301788306, -1.5931112048079292, -1.3261806790602493, -1.017324938409779, 0.7831794945056957, 1.2765500978059146, 2.467645785301374, -2.850540778948208, 0.36149363061649936, 0.1073405962324047, -2.121081453017742, 1.2844125019885524, 0.026223101736471147, -1.8285535837272109, -0.6438666557467694], [0.87497027882626, -4.020308884859102, -2.1240184162307627, 4.186109894235091, 3.0492958997735213, 3.8876376789895635, 3.4356477168724076, 5.833530329976758, 1.8410082744627163, 5.706730745114653, -8.253130193928342, -4.366056383796119, 0.4999794271773606, -10.080664351971082, -0.2525687469497195, 5.538047946589013, -5.113167183313454, 4.8072059978897475, 1.2472154965483493, 1.6909104385391878], [0.5841759035593421, 1.7345372336715472, -0.188478241926613, -2.1498774091186634, -2.573356224981422, -2.588382801455408, -0.07059679680679014, -2.2230819340393766, 1.3395065931557597, 0.5694748771713307, 1.7455291082196116, 0.564720808938877, -0.5009764627270725, 1.0526149522094252, 1.2885437088465093, -0.26017578456975293, 1.2610913368324097, 1.318006470236492, -0.37992221511588103, -0.42246492752195935]], "Lambda": [[0.5071614769740141, 0.40780745258669243, 0.42018616187561814, 0.5849442702925073, 0.48746361099177593, 0.5698839877404743, 0.40929390813751626, 0.3837488601834927, 0.3628685041622572, 0.503504251616658, 0.6160896749864606, 0.4801458468178063, 0.40761113375727753, 0.4500114780963526, 0.35416261161579343, 0.45856620077934923, 0.42030270259252295, 0.6592247286735453, 0.5510668996526819, 0.5210315860328268], [0.5128978282706399, 0.7000792109324857, 0.6434010378703111, 0.3981255834239125, 0.7045723280139704, 0.8655581311137392, 0.45887290113883583, 0.6144719092080861, 0.6042526827819116, 0.4721318494862321, 0.5402079382219017, 0.7353304226044769, 0.43659323656131765, 0.34196304779392306, 0.5330459327750722, 0.479212090245033, 0.7588922611048882, 0.609985899342601, 0.4183049101311786, 0.5906176561007049], [0.5176484080727074, 0.5145487468920081, 0.43897596894740615, 0.49180277672481865, 0.4123240896936541, 0.6384121448611859, 0.3918484625064128, 0.43489479999738045, 0.4394100221944267, 0.4513577507095362, 0.5870263822506568, 0.4839922949369452, 0.610842231182614, 0.4679913487701629, 0.6095751879432946, 0.33879574540141666, 0.43395651758041404, 0.6134721934163033, 0.6142178512345111, 0.5001234467462672], [0.4844741157536397, 0.4226981044448027, 0.41036693206110453, 0.6131872321012481, 0.49081804253104655, 0.6045214592509351, 0.4063536125560277, 0.3787579746871761, 0.35106857750298526, 0.5449261183909245, 0.7286651367875898, 0.5267531609268015, 0.4295498175379693, 0.4623384397545846, 0.3998365249284452, 0.410659022997411, 0.47273658606768165, 0.6641812081436106, 0.562447196178994, 0.5553588756509009], [0.4724996993606144, 0.4963747537978368, 0.538795477506468, 0.5048593114646303, 0.551828233998648, 0.6080169816354717, 0.42572659613708774, 0.4925924220200485, 0.4710549748480844, 0.5940380137630075, 0.5790998375216121, 0.49492772319969086, 0.5558671139467817, 0.4615773431470791, 0.584682064569367, 0.33820102645377753, 0.5210243730891575, 0.568843011063936, 0.6147534630340028, 0.4470797619727125], [0.5819411605809736, 0.789273439511747, 0.6254128859986822, 0.39971527334029555, 0.7801227672693091, 0.8353096516268826, 0.3868066511260768, 0.5868191264759668, 0.5536996849638192, 0.43009236513338117, 0.4875448757415773, 0.6742013226447129, 0.48955487612262605, 0.37595826148324013, 0.4905284491641304, 0.5304255814608159, 0.7067501684650227, 0.6295343374854031, 0.40772640781808395, 0.700755035421583], [0.5389616432162825, 0.18718050906890565, 0.4537220494481431, 0.4024579245201164, 0.4079321705214053, 0.2303997250546523, 0.7717043401736485, 0.29857972219259776, 0.2723776534413666, 0.21348086222174317, 0.2563783194311226, 0.7815164861945983, 0.4557036373040593, 0.12485555325804529, 0.5070954511696483, 0.32716722172857016, 0.13397669132835563, 0.44451950766110676, 0.32934001688010545, 0.40192288722712033], [0.3239664367287138, 0.5232327489883923, 0.5845396898651204, 0.34542530556973655, 0.7465560908502602, 0.4529844013707098, 0.47943196445638325, 0.41201112834668163, 0.4744847403494334, 0.7419651930069019, 0.5325852124397884, 0.4484624556059642, 0.500972961325555, 0.32063801286684657, 0.44019766110211345, 0.30168523080001597, 0.4879278571254396, 0.637473724029806, 0.5584622779217255, 0.4438746960233718]], "U": [[0.06575680656521932, 0.29279280556786796, 0.04079126519644689, 0.0654702582012392, 0.0735353661680777, 0.31851652741293074, 0.0743460293801071, 0.06879094150811069], [0.06557444171988672, 0.2557484968232562, 0.06897318055371954, 0.06530040587297979, 0.10031813360666897, 0.2722225894377848, 0.08971737864539818, 0.08214537334030533], [0.05934093231723272, 0.23853776156779924, 0.06044490540122447, 0.047884989905232773, 0.08176885229592643, 0.2434271741493878, 0.16475278659945, 0.10384259776374608], [0.08229141284451591, 0.10978033257787563, 0.08505783964987318, 0.080524875360021, 0.09512809680572101, 0.10913412385390407, 0.3522206218118462, 0.08586269709624315], [0.25662190797543627, 0.11122168073012147, 0.036737124810419325, 0.23600059617343042, 0.04527462207386659, 0.13817845557511615, 0.11347471748865022, 0.06249089517295945], [0.11308658892330864, 0.11155574877309336, 0.058508211968423846, 0.10534984141209291, 0.05748770758117503, 0.1354345740758698, 0.35789508700122846, 0.060682240264807646], [0.07377003651661128, 0.1960284623275777, 0.09095432193017318, 0.08956371922754001, 0.09868445445036951, 0.2707647923825462, 0.05217436537075602, 0.12805984779442633], [0.062258119195185965, 0.12278352896120628, 0.03769799587564966, 0.058616361281194275, 0.057241628348179946, 0.14604303461601825, 0.4174560933523113, 0.09790323837025461], [0.03156368515120318, 0.3375120454294056, 0.02308903950809066, 0.0389144159624594, 0.0856258080052359, 0.3579475406273529, 0.02651216567582089, 0.09883529964043099], [0.03859354398421661, 0.12724038847179428, 0.031239187888863415, 0.04201961378726815, 0.06383386759007366, 0.13413152737473227, 0.47855925870683913, 0.08438261219621279], [0.06864956377746198, 0.26724403710169303, 0.06415588422313609, 0.053722969760805525, 0.08941056154890412, 0.3110019586065689, 0.07880092287814269, 0.06701410210328741], [0.030380211425565042, 0.3224936496903927, 0.03798249597606769, 0.03559803680959723, 0.08019228630329277, 0.35212525480670925, 0.04514234542341081, 0.09608571956496408], [0.053925526570277986, 0.22173190116853217, 0.12358368915979376, 0.06852326501444844, 0.11897504032712233, 0.2149980578995341, 0.0727247012392846, 0.12553781862100646], [0.07095085125169441, 0.12105182371989838, 0.06518859305415807, 0.06388861895381398, 0.06262355960426125, 0.13112815209900608, 0.4425397172010638, 0.04262868411610418], [0.06643348227651329, 0.19702039530704224, 0.15436992925489518, 0.07526332552602451, 0.2036622192454191, 0.18651896969358234, 0.03644441679824889, 0.08028726189827472], [0.04956534009320096, 0.2664630694170771, 0.07206816467742293, 0.06931650135283363, 0.09977165541899391, 0.30617909996289894, 0.034435104553462124, 0.1022010645241107], [0.03173081932823464, 0.3150384359841409, 0.037429435829475194, 0.03701531662546789, 0.08017913513590955, 0.3505520189974989, 0.04110500022224685, 0.10694983787702653], [0.04605184385849895, 0.1996718710031964, 0.06768803262452358, 0.07395966702114504, 0.13760486836771255, 0.16314154769011796, 0.06311189603436276, 0.24877027340044247], [0.04860034828184809, 0.2638737362402073, 0.054665124680418134, 0.05287106720279289, 0.08915102897143808, 0.27539435683853913, 0.11785791792595487, 0.0975864198588017], [0.3060636098742199, 0.0785483464593189, 0.052754797045337, 0.2938725845787455, 0.056234815393692336, 0.08258941902186144, 0.08300889848757405, 0.04692752913924995], [0.07153701179789451, 0.2445415283238631, 0.05916366081492276, 0.06938760479374333, 0.09447872507745325, 0.24553148801702868, 0.0972649425341901, 0.11809503864090426], [0.08048228681519318, 0.19940001921320397, 0.08023290095327874, 0.07569739567065031, 0.07894722204867016, 0.2048987255521122, 0.18829844387868033, 0.09204300586821075], [0.04329138458195195, 0.2761999708137613, 0.04666328360753917, 0.04970201419630347, 0.08434807277514242, 0.284582447254814, 0.12462632463178319, 0.09058650213870477], [0.17757825499562857, 0.10073378246424243, 0.09528333351537452, 0.1599816262829816, 0.07299671033466819, 0.13119260028791532, 0.15203730385964107, 0.11019638825954842], [0.07373007386263124, 0.26655993019646124, 0.07652348003554002, 0.06625619536329572, 0.06643438166169387, 0.287091223731636, 0.10542246009753477, 0.05798225505120701], [0.11105473471835561, 0.23314744048897007, 0.06966612770668613, 0.10940599985860235, 0.08190264034738384, 0.255667103687796, 0.07479174045470562, 0.06436421273750048], [0.06697847722639559, 0.2539079827688376, 0.04694578392165107, 0.05844146299725417, 0.07064717112202466, 0.3186847754272087, 0.06396138435441523, 0.12043296218221243], [0.03884796062134037, 0.3111666224875869, 0.08235149741739417, 0.037706726992289566, 0.11429150112642501, 0.3276054498431227, 0.03355896840113242, 0.05447127311070927], [0.09297662292132053, 0.210274609076886, 0.08073141122300678, 0.10120769182203093, 0.07000084477052865, 0.28788925372840407, 0.048312455569383156, 0.10860711088844], [0.11587478959806148, 0.1042921925505506, 0.12257706363664995, 0.13265501432039317, 0.0833564972080602, 0.1248389620000373, 0.2584069327620122, 0.057998547924234714], [0.05266514412231241, 0.22758905960977618, 0.03942300942827411, 0.05007178108831052, 0.09019037764675229, 0.25371396089413817, 0.13892753303146044, 0.14741913417897567], [0.04586063734137924, 0.13595656126320396, 0.0351905594000687, 0.04303614125583048, 0.04070660331941279, 0.1466161411017789, 0.5132438328348381, 0.03938952348348757], [0.032360310544395345, 0.28783629385488946, 0.04483984682137561, 0.05560224902786381, 0.0914113458295609, 0.3045707283063326, 0.0344759222414098, 0.14890330337417212], [0.18969225237584103, 0.13117373723377504, 0.037762533490313756, 0.18666978552520488, 0.05328044198722257, 0.1829750724207494, 0.10657744945301166, 0.11186872751388112], [0.04686374842672551, 0.3657743219011036, 0.030191551453935636, 0.041474707444114765, 0.037327803856427554, 0.3804586598231343, 0.05347518562383825, 0.044434021470719856], [0.03660336096661449, 0.3476713787703188, 0.04194561213968104, 0.03222219992945911, 0.04421272458221116, 0.37207462048448303, 0.08808354449760189, 0.03718655862963036], [0.07509215442158046, 0.07666551135683101, 0.06738276358851723, 0.06779182777617189, 0.053972693235664254, 0.096102204010952, 0.5021789862798532, 0.06081385933042984], [0.06065139930854488, 0.3058095121872469, 0.041751446613687355, 0.044551640406084864, 0.040788670726616995, 0.34050850635619156, 0.11294551068953872, 0.05299331371208982], [0.060201630164402054, 0.23997695385706244, 0.041326067277098116, 0.057465259234218406, 0.09165269708707217, 0.2364703472288581, 0.14152274668320453, 0.13138429846808408], [0.08443621979576797, 0.15741398916898613, 0.07186637375302943, 0.06858215172400306, 0.0515752621064985, 0.17452325572563462, 0.31179483273563935, 0.07980791499044101], [0.04875212461525915, 0.20585454078340762, 0.16523143928712247, 0.06565355323085734, 0.16602381648784303, 0.21708979724463098, 0.07078142612892376, 0.06061330222195581], [0.047870085983370815, 0.2717726571926003, 0.04413249344618365, 0.04126446986493028, 0.0655499402300678, 0.28695300003840934, 0.15804102682857327, 0.08441632641586455], [0.029382798448517527, 0.31590712665050086, 0.04850165064571242, 0.031128654030434418, 0.09852667322143699, 0.36852660567817463, 0.035960453133353956, 0.0720660381918691], [0.28546780087915286, 0.07661999058567019, 0.04411662706445793, 0.27268236627475867, 0.04159605067059337, 0.08262072404375433, 0.150588994150026, 0.0463074463315863], [0.2541603362386945, 0.11327803427078009, 0.07026142099510523, 0.2410924509183736, 0.052553973278046985, 0.14208468080832157, 0.08582588999347848, 0.04074321349719968], [0.05935902287861818, 0.24006642672843406, 0.022380006641683794, 0.044818157963635176, 0.059963352617688766, 0.2621293186330112, 0.2353315446185058, 0.07595216991842292], [0.032851466613740866, 0.3427392426186543, 0.03155359736305058, 0.034893013149733455, 0.046514961504742845, 0.35792772703696496, 0.11138763780527004, 0.042132353907843825], [0.25761206532650216, 0.127004048223514, 0.047345535712058746, 0.2308966996396855, 0.05590755946090064, 0.14958214381113583, 0.07312182603402807, 0.05853012179217498], [0.08939263921049727, 0.1252674282685138, 0.07354979317490891, 0.07814976761708792, 0.07879702474484275, 0.11471469520354241, 0.3668691339622768, 0.07325951781832983], [0.0510542947980298, 0.2701700720612189, 0.10214702333707358, 0.04205529270273457, 0.11149788242240267, 0.3078770055156377, 0.04802031821638548, 0.06717811094651693], [0.14356078198149175, 0.14289750610401247, 0.038788070962095335, 0.1152174751740346, 0.07002449000635258, 0.13666171448783826, 0.21925027733436198, 0.13359968394981317], [0.06054735379860829, 0.23069901789743433, 0.11057480867222097, 0.07917879602331077, 0.12670311229795264, 0.2113336364848446, 0.05087021982544631, 0.13009305500018248], [0.05550137748963926, 0.2583671418120853, 0.044155241830783475, 0.057458987643337456, 0.08266727997865411, 0.2923411035559029, 0.11488678161847682, 0.09462208607111985], [0.05978662389193383, 0.32004424280841626, 0.04905282331937243, 0.04212528731578325, 0.059206872049372083, 0.3535157871943963, 0.05235237428633095, 0.0639159891343952], [0.07546387413180504, 0.2661379504371652, 0.03679793472265805, 0.06698484228271039, 0.06266590087311012, 0.30046130713719327, 0.09584801169155976, 0.09564017872379843], [0.03160773178396647, 0.3200571287196069, 0.032562829604376384, 0.03242898627312496, 0.08217633816006752, 0.3498063005137418, 0.058395216555949245, 0.0929654683891666], [0.10465806395971744, 0.11582831951371103, 0.04455444497790221, 0.10483912993833665, 0.057904558563002986, 0.1226091942269851, 0.3586486748723609, 0.09095761394798409], [0.039377934152874196, 0.29839716755322393, 0.044048334745004185, 0.04213296167659841, 0.08889984615229678, 0.3461920165120438, 0.046560038625642085, 0.09439170058231622], [0.0523909065747063, 0.2756586572518687, 0.09463063683038983, 0.060038767311775564, 0.11371666850653817, 0.31178102622969533, 0.026690528369438644, 0.06509280892558711], [0.05088117247516519, 0.2675112554044017, 0.09147733419536061, 0.05946663224563706, 0.12029613368997283, 0.29020298451291376, 0.031553405085564055, 0.08861108239098506], [0.04054158022590552, 0.3494591158292147, 0.03436462338249954, 0.028845117743260554, 0.04202441208765209, 0.3884429607274522, 0.08495441922510825, 0.031367770778907025], [0.1163660272826225, 0.09777811530227282, 0.04931305028206981, 0.11680406047784331, 0.06332642269067267, 0.10248955325485133, 0.3616858776677373, 0.0922368930419302], [0.05783129085758057, 0.26585267791416617, 0.047184508904390396, 0.049579489457047765, 0.07294688407767466, 0.33280818881834356, 0.08216282395837461, 0.09163413601242237], [0.14771679748443584, 0.06887404592607511, 0.07714827856733136, 0.13978366699600311, 0.05507875923010719, 0.0817892416583998, 0.371872029917068, 0.05773718022057896], [0.31654326404637856, 0.07001155267078477, 0.07344568122522688, 0.3109090590665703, 0.06550303877202536, 0.06469735844021172, 0.05706773186563257, 0.04182231391317005], [0.03390800267580615, 0.11937440140625209, 0.0204290423591021, 0.034484372764245104, 0.0482130685785706, 0.11593650450339148, 0.5523488318550098, 0.07530577585762237], [0.05408377504776403, 0.25362326584268924, 0.06785141381049199, 0.06644431657923236, 0.07279409861183046, 0.2969666052684317, 0.11979253763822491, 0.0684439872013352], [0.04773020352891302, 0.35049882222316375, 0.033816870978247864, 0.037739992222299776, 0.051301695049646635, 0.3956190965674093, 0.03688053359299303, 0.04641278583732754], [0.1084256083492652, 0.20284399087505495, 0.04232460167373131, 0.10672653869755204, 0.07919441640978783, 0.2059451590548328, 0.10837973222423285, 0.14615995271554325], [0.03162122565894994, 0.3538636201410411, 0.04491616573410572, 0.03337262013576621, 0.05282892752741781, 0.3825777408096245, 0.04815108039908055, 0.052668619594014136], [0.04574970445139497, 0.2936640290634944, 0.06887136655640473, 0.04775794730778064, 0.08097547583086637, 0.33026671058740387, 0.050582365316603116, 0.08213240088605156], [0.07163800734457132, 0.1980632025416494, 0.04092533768588124, 0.07339472566743122, 0.08104765275879497, 0.23081227564464268, 0.16037572961545474, 0.14374306874157447], [0.031901929968810014, 0.3249524726693497, 0.028091866701946813, 0.033670787879257126, 0.0785755475460552, 0.34203221752080537, 0.035693054844031395, 0.1250821228697443], [0.057163095362679765, 0.27368213832138727, 0.043012636778524516, 0.07100254366123178, 0.07608641643254622, 0.3285426118570245, 0.03638516855481727, 0.11412538903178909], [0.06373317502026277, 0.12589761495201293, 0.06676719121672842, 0.0711133599237101, 0.06069196413539487, 0.14280533604895457, 0.4217627092396807, 0.047228649463255126], [0.04990397265192982, 0.3270276006473843, 0.031933304669295594, 0.051602886872278396, 0.05950690991697748, 0.3525290907724473, 0.0838229005692613, 0.04367333390042577], [0.06536059460582072, 0.17840241636067722, 0.15807476692995218, 0.07581476106698276, 0.1595682595091619, 0.19010734469839277, 0.10258388961377783, 0.07008796721523451], [0.049438342673756776, 0.25530473709021795, 0.04885833020499309, 0.055377860106783784, 0.09176955578710266, 0.2670212740710465, 0.048127145822548636, 0.18410275424355055], [0.310680709590577, 0.0836355759403878, 0.04239215516732769, 0.28030238842231225, 0.03795027787997879, 0.09295766567052395, 0.10638533080399756, 0.0456958965248959], [0.08872944044254685, 0.2334723680502481, 0.06298912999307027, 0.10384762310654133, 0.07680763292748642, 0.26119423015978704, 0.060531892170595764, 0.11242768314972455], [0.05145981302814971, 0.28519830592933737, 0.040783055029804095, 0.062036862569202184, 0.07429769005955848, 0.3558093581585051, 0.028800024207298266, 0.10161489101814496], [0.04256831792796189, 0.34782564409976313, 0.04278005272628334, 0.032804842920822634, 0.06732787910780338, 0.3825142876439649, 0.045019722025407376, 0.03915925354799301], [0.21262688422135723, 0.12978025944517507, 0.0721256648468414, 0.18432666309054832, 0.0780007138387054, 0.12683759445345696, 0.11891053192062905, 0.07739168818328634], [0.11892576018538759, 0.07910640924308601, 0.2049846671662613, 0.1130166712443541, 0.17013119644173874, 0.1001295426951611, 0.1736486620852034, 0.04005709093880816], [0.0749490506152796, 0.2124908688171865, 0.08214564340879017, 0.09714292211228696, 0.08273383803132583, 0.2681967102113044, 0.061164144586480444, 0.12117682221734526], [0.07999216715831312, 0.24026179814330392, 0.08213670882361171, 0.08699528797854324, 0.09406657098531405, 0.27294497869902196, 0.05528596677593201, 0.08831652143595929], [0.031195393858284536, 0.32216002561252194, 0.07211671089632322, 0.03109191492645564, 0.06990641065742721, 0.3450481476899822, 0.06532075885938356, 0.0631606374996209], [0.06199948428642582, 0.29882920775178695, 0.04705756836222226, 0.053659168136521405, 0.06546145611013723, 0.33626764835773426, 0.07403482496447195, 0.06269064203070071], [0.08342097010922518, 0.1338061805634073, 0.12692893427947155, 0.10650897186897894, 0.09160168420680877, 0.1548006796271131, 0.21469250056890277, 0.08824007877609277], [0.04970714914188057, 0.25244475820100826, 0.08163972791637025, 0.06265732378716406, 0.093040884605014, 0.2841468443080703, 0.07593350620614531, 0.10042980583434744], [0.049318043760700744, 0.28683557910623175, 0.0339621671787348, 0.04994615084080429, 0.07165938628156554, 0.3178712044345836, 0.10016776764464964, 0.0902397007527295], [0.0983866536120472, 0.20280835460353117, 0.08756005536833145, 0.08501018118181917, 0.06715889933390673, 0.20665125726353598, 0.11954511777927201, 0.1328794808575567], [0.05287171910438515, 0.3015303299098357, 0.06724407164464903, 0.0593252059742244, 0.06898223520993195, 0.33142231973323993, 0.04431495162049374, 0.07430916680323939], [0.034388935634362225, 0.2898163011661539, 0.023704621149818857, 0.035260097567508246, 0.07075599030549795, 0.3359038271533613, 0.08186721453274735, 0.1283030124905503], [0.025965693858681065, 0.27298881944897346, 0.04206757627706188, 0.03344556429318876, 0.1260659817640237, 0.26286995104084376, 0.03897056790908995, 0.19762584540813738], [0.2780401476730273, 0.11322578878159058, 0.05384329489482276, 0.24071376750633533, 0.04682316485741908, 0.13984024346652316, 0.0776830552512789, 0.049830537569003346], [0.03819680280199623, 0.3560693598083414, 0.04072930051498725, 0.03343412194337398, 0.059556001443841676, 0.38849940745985045, 0.03862247243208915, 0.04489253359551943], [0.05766601227745723, 0.11197205969194227, 0.06730876573880425, 0.054436152707204435, 0.07189696080514968, 0.10875155588361851, 0.46302502262381956, 0.0649434702720041], [0.06815339390258726, 0.11391193342119486, 0.2539900083091107, 0.08109117683337119, 0.200691023253156, 0.15958796944141818, 0.04401732072348858, 0.07855717411567281], [0.05004184382683801, 0.2629393923375201, 0.0686910159966791, 0.05886693557617223, 0.08735998147567052, 0.2949464981199651, 0.09201715519235336, 0.08513717747480223], [0.04323473739282601, 0.2591827839734778, 0.07418644533967442, 0.04833151234114477, 0.09135749734593869, 0.29773636610279064, 0.10126060277618437, 0.0847100547279629], [0.057912670794971206, 0.25776749668652765, 0.08121888893999989, 0.06300181323772971, 0.07314638419597395, 0.3041280909916682, 0.09492559020480282, 0.06789906494832709], [0.04557280580436045, 0.2740996899484827, 0.11866880251595194, 0.05620036072936647, 0.11854084724830659, 0.3031676249947831, 0.0328887659308259, 0.05086110282792338], [0.046858222313819156, 0.288920144315789, 0.05387931848893772, 0.05107721783777004, 0.07272443501399774, 0.3133690460946952, 0.05972310037128315, 0.11344851556370833], [0.05636230363156341, 0.26167863815436837, 0.026581827182836158, 0.05116159042676058, 0.08620168866991024, 0.3007551430476766, 0.07950097400612724, 0.13775783488075727], [0.058501902798448246, 0.25070399385357844, 0.07495189993266388, 0.06761026521389148, 0.0993070884412353, 0.31143405494538046, 0.042567938394886554, 0.0949228564199157], [0.09072984250301182, 0.20631160315914387, 0.12336925881285338, 0.09983816808422957, 0.11266572382361678, 0.22552082227569048, 0.08199969525890856, 0.05956488608254538], [0.11808479167913688, 0.14797360731293638, 0.06356644770794308, 0.128352386037984, 0.0874524296258307, 0.14847676680318023, 0.19938987878270656, 0.10670369205028216], [0.0281104734258679, 0.37881953478862834, 0.0317474445115256, 0.02561884632981443, 0.04011195191904033, 0.4059271731517268, 0.04191475006447567, 0.047749825808921294], [0.06500953670951862, 0.2671341799746983, 0.06234818902878505, 0.06311729027185052, 0.08204101007509541, 0.3037484565694654, 0.04253862492799837, 0.11406271244258859], [0.09021952518373608, 0.2771700106061695, 0.05251580799753299, 0.08502680730206816, 0.05388923763715243, 0.30929230824767445, 0.06997054657111819, 0.0619157564545487], [0.04975432019000349, 0.24998362584435993, 0.09414558659943502, 0.06443450872948224, 0.13881160753635804, 0.22931628549245206, 0.03983252862146317, 0.13372153698644615], [0.055233341096423166, 0.31172610517937177, 0.05609171654143084, 0.041136104118691466, 0.057653930606801164, 0.33867351702523213, 0.09066527572329632, 0.0488200097087532], [0.12334750076666672, 0.1164282678483154, 0.08706915811371214, 0.1148689386892123, 0.07082855156949303, 0.16076747851580858, 0.24543883187529988, 0.08125127262149218], [0.037771810222997824, 0.3359537487943316, 0.04250626245253442, 0.03916092910562016, 0.05601427858014584, 0.3784741653640547, 0.055958371349999515, 0.054160434130315876], [0.10788617650842354, 0.08131088735019062, 0.05093472729407035, 0.10022542351660702, 0.045574577492739986, 0.09585168045983415, 0.4634675880701883, 0.05474893930794471], [0.11054225368167679, 0.11440263060358133, 0.04008163401701323, 0.09528085857415347, 0.036412598522839054, 0.13121748668388047, 0.4182788962162742, 0.053783641700581836], [0.25835120098496717, 0.09880979867623152, 0.053494370416506246, 0.23486171310827977, 0.0551799159065555, 0.10458655799845142, 0.15676735684429058, 0.0379490860647182], [0.3294469377685133, 0.0889617368721347, 0.03205746013436768, 0.3027174384239857, 0.04453223695364267, 0.11040711321311923, 0.040053690811088276, 0.05182338582314874], [0.04935790399792594, 0.2256323572138193, 0.15717197090171856, 0.059946930626559265, 0.18839939390263077, 0.23636478704251382, 0.03132140475848804, 0.05180525155634468], [0.04023054386411182, 0.32194883668076396, 0.024533957329400793, 0.04084199984671118, 0.05760698128130703, 0.3470562806155878, 0.07681746238610104, 0.09096393799601703], [0.04615232674966055, 0.30396649995273306, 0.04608690577562348, 0.04463726500196321, 0.08932229922636606, 0.3297590214596076, 0.05229239438655888, 0.0877832874474868], [0.0688832401414521, 0.20860496836809725, 0.1020613524475106, 0.08001321385661372, 0.10919210183624685, 0.25065590300305124, 0.05334457305019816, 0.12724464729682983], [0.07620735150011756, 0.2224351628771194, 0.08546819079064862, 0.08022191312667204, 0.07908679350537681, 0.2616894073374145, 0.0515393282902373, 0.14335185257241442], [0.07311841480261205, 0.22440452544736297, 0.10168255792768456, 0.08919517904946063, 0.10505510138098455, 0.19900565874807183, 0.06878275649490058, 0.1387558061489224], [0.08129563906344887, 0.23374328734467928, 0.06530965266005659, 0.07665601021431986, 0.06323179022654316, 0.2894451697829406, 0.07714491309255095, 0.11317353761546085], [0.16122431089243927, 0.12740185083807198, 0.04006358369858534, 0.1415444116991289, 0.03600300689677073, 0.13728162349889214, 0.31742026134803025, 0.03906095112808199], [0.05262345081796451, 0.24899019332457212, 0.029345795938730646, 0.05207345504682933, 0.09998744810785211, 0.2602173194414406, 0.06190089279823214, 0.19486144452437934], [0.13430173026282757, 0.08415922725511069, 0.09218127614330253, 0.13485466695804912, 0.08966264732348268, 0.09583459983310523, 0.27906543737737, 0.08994041484675244], [0.29691338238500214, 0.09953089639172515, 0.04161569851300251, 0.28509279438830404, 0.04277564068703435, 0.1099526240304596, 0.06916505369798512, 0.05495390990648687], [0.04527377743800639, 0.19482102753274824, 0.0473306616431333, 0.058132254965970506, 0.12115647537376105, 0.18791142505061514, 0.11651380307065003, 0.22886057492511552], [0.03221798871081128, 0.37316219346754337, 0.031865818121144335, 0.03012385266129998, 0.05194483525832617, 0.39538428131925907, 0.040892117173964244, 0.044408913287651924], [0.09090219782233072, 0.18462882228710714, 0.06675266630339825, 0.10989754943898307, 0.082558312040688, 0.23841233227716976, 0.047619106906754326, 0.17922901292356863], [0.06903938086645212, 0.20936747529280378, 0.09722806985119914, 0.06793087137711543, 0.1057417612313304, 0.2630958545799408, 0.11199969552796202, 0.07559689127319638], [0.06337501796014025, 0.29548769484853005, 0.08126351547321227, 0.06365760235690725, 0.08277508117363945, 0.3189412351518139, 0.04815965008907336, 0.04634020294668339], [0.059857980193078, 0.2328838811359692, 0.12239041940037249, 0.07130555620492487, 0.0970466640990303, 0.2380131983090407, 0.07582368505751669, 0.1026786156000675], [0.04560550844269497, 0.3368966975969624, 0.0457409025433019, 0.03946227408560623, 0.06231452059405039, 0.3700025659546855, 0.049925865107557005, 0.05005166567514052], [0.04348134093413616, 0.14579481509761066, 0.030529407515373405, 0.039456538611883175, 0.04192434953964495, 0.15863070700322826, 0.49264416900741, 0.04753867229071282], [0.040609901773978656, 0.26381931528089914, 0.047052137125232596, 0.0455121413465496, 0.07700715617942988, 0.2952942574863777, 0.1179752290499537, 0.11272986175757845], [0.055416839591009896, 0.29854370650784484, 0.028175093837446916, 0.05255404350791834, 0.0551003762465143, 0.3375409324070252, 0.10383326552935526, 0.06883574237288557], [0.07664120289835405, 0.12330861556322024, 0.2437139191479507, 0.0955290704361725, 0.226527073058808, 0.12344305746859255, 0.04024742477468816, 0.07058963665221367], [0.062046357270939274, 0.23942182103338383, 0.10821581463192499, 0.07795571064639724, 0.105585450436071, 0.27621365167175593, 0.04243134566293606, 0.088129848646592], [0.037789250101482035, 0.3389163910756499, 0.045756420962371466, 0.04150656458040003, 0.050262169093162265, 0.3568965446463357, 0.050823442180301034, 0.07804921736029785], [0.18854871832317713, 0.07037422081096169, 0.036913492214678385, 0.16002889110138985, 0.033963904142804494, 0.07352604304615293, 0.399006947098063, 0.037637783262773165], [0.16367737863898948, 0.17784359027425845, 0.07093929344054495, 0.17553371296792786, 0.10655992893596061, 0.16311224751562958, 0.04906900929578351, 0.09326483893090569], [0.07064394875648418, 0.2516512976766919, 0.05637313372963452, 0.07563636685529897, 0.06303468278521143, 0.33325856817543914, 0.036698923691123576, 0.11270307833011693], [0.045304940618584894, 0.2930814031037239, 0.045902905425874344, 0.0411151484831857, 0.07102094379920504, 0.3592744851680582, 0.06261005580287937, 0.08169011759848835], [0.0637616238419854, 0.21758610900467087, 0.07220377435205823, 0.08179313142643899, 0.09204098212113147, 0.249352042711404, 0.058734333234763375, 0.16452800330754805], [0.02450158783966956, 0.313243127503444, 0.02912116423068942, 0.03253494197364322, 0.08724737730018853, 0.34826544426058986, 0.0382893700232721, 0.12679698686850363], [0.05597615486737033, 0.33606855607346725, 0.051997297946689766, 0.05439962628727881, 0.058437735681079635, 0.3575219991847159, 0.03990258192790461, 0.04569604803149443], [0.038696499312325314, 0.3036772394079098, 0.03881612858309619, 0.05059595821257054, 0.07870692812727195, 0.30048567968278495, 0.06407304805900872, 0.12494851861503294], [0.05500304935353846, 0.3380334455778346, 0.01746296433335651, 0.04336944052114092, 0.06607413657121004, 0.3771082226422202, 0.04387379586392236, 0.059074945136778516], [0.10013110743584511, 0.10540144918883698, 0.11665197816560563, 0.12741666767780815, 0.07730959564585389, 0.1144116251336658, 0.2965255569881715, 0.062152019764212654], [0.07179180065078997, 0.09605468087625557, 0.07555449982790302, 0.0709534445944803, 0.05527440574720078, 0.11864062240792174, 0.44870905042014647, 0.06302149547530211], [0.07133009335937661, 0.2529805127913842, 0.058523749641950715, 0.08052291461343523, 0.07399282764166833, 0.29491422711745835, 0.07449255308821653, 0.0932431217465097], [0.06122667207512271, 0.17770953616499066, 0.08154383179232998, 0.07753824092506392, 0.07731659452262235, 0.21243323086114346, 0.1715969850899209, 0.14063490856880573], [0.08064530636683018, 0.2049982882165759, 0.1050192054413312, 0.09241378209931435, 0.09918004278700968, 0.18914360850537376, 0.11853584930472592, 0.11006391727883896], [0.051656475166804355, 0.2538606016248272, 0.11508317636846166, 0.05723008365835726, 0.09968660213336648, 0.29001921276381853, 0.043285758786124576, 0.08917808949823933], [0.04680884984644736, 0.265269168318543, 0.09462529532097684, 0.049226708816365275, 0.11011236086220223, 0.2734060296847162, 0.05669613456096948, 0.10385545258977939], [0.07192612267100951, 0.2824017903696391, 0.0687936219942902, 0.09104468847042432, 0.06309475948429859, 0.3070528476060065, 0.046858231973464656, 0.06882793743086779], [0.05406793497675757, 0.2747716078385641, 0.10441436590463142, 0.06539741741797052, 0.0986602090408621, 0.2913742782763202, 0.03443252614219154, 0.07688166040270177], [0.05801331694347787, 0.17762392358938284, 0.0792032319350453, 0.0753578609419824, 0.09962098251106875, 0.22114196176508724, 0.11273602511299724, 0.17630269720095734], [0.04942978580710698, 0.29852816437864743, 0.05527697513528328, 0.05347349679570916, 0.07361140321617679, 0.34391392265352094, 0.06044975403619366, 0.06531649797736239], [0.10522299020535039, 0.10803238264350001, 0.05251621106826312, 0.09551465446157127, 0.055050857547799995, 0.11220459148422264, 0.4101594249953062, 0.06129888759398651], [0.03223488930921476, 0.14809413757446352, 0.03915462378733767, 0.03044140933718543, 0.035805545355310074, 0.17097194488089437, 0.5036114810654899, 0.0396859686901043], [0.05690473991458824, 0.24954050150940094, 0.08765556262832384, 0.05469772912919909, 0.08828876658614261, 0.29724789470400703, 0.09496930766719273, 0.0706954978611458], [0.04410459912206829, 0.09468832890369701, 0.133334492216181, 0.07691426807301664, 0.11636347944816462, 0.13120571692863617, 0.3392150423894578, 0.06417407291877872], [0.04271638048285067, 0.30408276091707837, 0.05853737984926863, 0.03449702230778106, 0.05440121908283834, 0.33592190976933817, 0.12641607841681224, 0.04342724917403249], [0.0433386413692418, 0.20960560536746303, 0.061366919639181824, 0.07066460985580339, 0.1375489870899867, 0.14082883704107374, 0.05425218032820575, 0.282394219309044], [0.06214481136816193, 0.1892036729065973, 0.0450389735709014, 0.08857591917551082, 0.10632858801730297, 0.14821111228859923, 0.095588654676213, 0.26490826799671346], [0.06232463361961397, 0.2555951201075329, 0.058492520155941446, 0.06508839835530801, 0.08248212455842391, 0.29314593377514214, 0.061094544647923424, 0.12177672478011416], [0.038717878151405406, 0.34019541387984675, 0.03069849476360667, 0.03119512815665171, 0.05850308859641387, 0.38864262649899206, 0.06056972177164712, 0.051477648181436075], [0.04105021449390647, 0.35464773198794425, 0.055623316134236586, 0.031133802885565914, 0.043950162730634436, 0.3831304405344069, 0.04060955959010777, 0.04985477164319679], [0.07054326811408305, 0.16798869589016385, 0.14897608825213876, 0.07159022663909671, 0.11556883451425952, 0.23006744048460456, 0.08829664184997758, 0.10696880425567608], [0.22244370536828684, 0.07733717821591174, 0.09185051586011964, 0.18930638559398916, 0.06724727204257262, 0.111667689076338, 0.14636268214552325, 0.09378457169725837], [0.19801808010953864, 0.09861923893963888, 0.06346776734574253, 0.21162483198284776, 0.0679393160670369, 0.09041116326592008, 0.1800519225239434, 0.0898676797653316], [0.030764055209721777, 0.0818881374855002, 0.02057903977520087, 0.03391746070269794, 0.05979596425092303, 0.05518476584328867, 0.5775095011769013, 0.14036107555576666], [0.22681735868643887, 0.12860384684691126, 0.06875717361468821, 0.22964988264209898, 0.06806413545084862, 0.1378531473288707, 0.06217805183367076, 0.07807640359647261], [0.07799165253888637, 0.28504835847605003, 0.0682380631862544, 0.05312307687499917, 0.04830370505051337, 0.3226832017453221, 0.09794926551128523, 0.04666267661668974], [0.05560919754832259, 0.2242903509615694, 0.0370553403738688, 0.05749598713350253, 0.10602982992192497, 0.21025876107541142, 0.09369755630210072, 0.21556297668329966], [0.1577603433003606, 0.1182360122225366, 0.11190102710808088, 0.18497973210578963, 0.09329429236951327, 0.11902548300725158, 0.10775349399188099, 0.10704961589458649], [0.038345269467510684, 0.2739040581750418, 0.02864407387037513, 0.04875308979488507, 0.07555184748145354, 0.322813715357545, 0.032994226226534216, 0.17899371962665483], [0.031404178429378045, 0.10041639135920755, 0.023220443555873816, 0.028924020772372522, 0.03887270899828202, 0.09676278127313409, 0.6358295426339656, 0.04456993297778644], [0.021255379589415025, 0.36544321965390175, 0.023920465272690667, 0.021032684251892066, 0.0761246078739261, 0.39399440393247026, 0.02379358664513073, 0.07443565278057428], [0.20177655216351642, 0.09077750208163099, 0.08039428003230516, 0.20898001647133757, 0.10375212957725784, 0.07308421428986332, 0.11828277833156133, 0.12295252705252759], [0.06277622567675882, 0.24914723257384752, 0.052904727580748226, 0.0601664375223142, 0.08142592055855874, 0.30287711963069636, 0.0911058704454301, 0.09959646601164567], [0.10766475470929726, 0.07441171150620902, 0.1709927033274768, 0.1378295229557984, 0.12600568005452067, 0.1351410517060388, 0.17160742016110359, 0.07634715557955546], [0.16435441561981046, 0.1388178550303985, 0.08117626272752897, 0.17306377735476752, 0.09902063675161905, 0.10884795231374877, 0.08754128805765257, 0.14717781214447423], [0.04154886074082149, 0.380082504630932, 0.04427271482496979, 0.03542599669899392, 0.03711947953727718, 0.4068688481469202, 0.026765382144172598, 0.027916213275913242], [0.0393704249323807, 0.3058305999683682, 0.07285101797953478, 0.04291407580475587, 0.08802020354306822, 0.3447192615341987, 0.05508312452375174, 0.05121129171394147], [0.11336056673350627, 0.16338259211217238, 0.026683953376696046, 0.08567548751253169, 0.05377088103214086, 0.19466866853882128, 0.2862966045684271, 0.07616124612570467], [0.039042094081188985, 0.24283692769700993, 0.05756442805991658, 0.04356979412959521, 0.1405503545782866, 0.17820856236174518, 0.056915661666393655, 0.24131217742586433], [0.09105707807247378, 0.24704596044771338, 0.051922043013714315, 0.09010931408432911, 0.05892185995573795, 0.29219022455415333, 0.06791780154318224, 0.10083571832869526], [0.05968352493093533, 0.24900232039127163, 0.059759541119175724, 0.06849954964404258, 0.0837942121413508, 0.27498751994604076, 0.10181071717491104, 0.10246261465227205], [0.18873966476364112, 0.1151827798236723, 0.047377200262227574, 0.1711739663418356, 0.05635220028109527, 0.12059610654525277, 0.24951109010118386, 0.05106699188109214], [0.03396308703480338, 0.10627632244107825, 0.04132016659725339, 0.038115621757548235, 0.0490428123218202, 0.1254415495598708, 0.5751875770283262, 0.030652863259299196], [0.07999320593506566, 0.13938608285539875, 0.07710601956239271, 0.09476546118472054, 0.050994692825