{"estimation": {"a": 2.859898773471135, "rho": [0.0882272474427388, 0.15772064729686083, 0.09901020432116969, 0.1544750723888483, 0.10325488748118278, 0.12859129567033908, 0.07632751671448268, 0.19239312868437775], "Mu": [[2.8508344703017543, 1.3638604700605572, 1.576420362856843, 1.053557837261775, -2.0594903715834434, -10.273953527801975, -2.9320287088034562, -1.3010469621123344, -0.09469322558119177, 1.4988622345386098, -1.9706200624948933, -2.9458511630468016, -1.890429257472544, 0.9230155826124646, -4.301095833300593, 0.19535643532377692, -2.7207176101669943, -0.08723888142774015, 0.6475702331715316, -0.6568094874861444, -0.2603860121742492, 1.0770470111950283, -0.6251319743422687, -2.0331682611439, 1.3560448514208128, 1.2081768812498617, 2.174482632509437, -1.431279209624892, 0.6064447761137887, -3.3973023174350416, -0.2680694964552937, 3.0829343613056723, -5.732549813440626, 2.6569748623196205, 0.2125645275265713, -1.6636049923165221, -3.779975184761799, 0.7968535156996709, 0.0709609782447361, -0.3251991825329099, -0.6252730927957376, 1.312814455765662, -1.7237539183679806, 1.0614595539337797, -1.3812182604202308, 1.8778327710348564, -1.1618074394527547, 1.972700613938609, -3.2404576073603777, -3.141482327123741], [-0.9797646995851382, -1.8879709574818035, -0.01951421400660909, -2.675624063828122, -3.173365914118731, 0.256510156720791, -0.9103377143722978, 2.772130990175499, -1.0295266742859768, 0.541508585787867, 4.1315200030128825, 0.19964858575674155, -4.688208152651573, 0.4808692221154909, -3.316024199622976, -1.8758090252505524, 3.0566590897408235, -5.054792140101338, 0.4472828669205279, -4.138346985058971, 0.300881403659172, -1.4372561176734673, -2.839276011249454, 1.5653907714879784, -0.959816569557661, 2.9469166008525067, 0.011346648634420581, 4.435346862594403, 4.204266957810232, 3.930223427799997, 0.34110471497996614, -2.9002385251000518, -0.7622658249001274, -5.367663312971155, 1.6772791041059127, -0.797917315222282, -0.4173757871103865, 0.9571840857071279, -3.1978522539570924, 2.018696293643479, 1.6596932345883542, 1.7503778347571872, 2.818173526416184, 4.015772887653159, -3.426655797821268, -4.167891760561491, 4.946353597193098, 2.6481063872179016, -1.2010843616818871, 1.3487704665163356], [-3.8984184502072634, 1.0070387505578153, 1.9298199702668628, -0.20021589685292993, 3.4513984630444017, 1.2974606953728014, 1.482637432656058, -0.5380452710403618, 0.022847202390407547, 2.0699789163613747, 2.9828558115573927, -1.2162010585523513, -3.1178489860992205, -0.491498883798295, 5.694121793630886, -2.3574758203083523, -0.05602062704970609, -0.6310904836810404, 2.093117046099891, 0.7587726457202344, -1.9422942430485233, 0.571691359754178, 2.97980321285233, 1.1465129895196386, 3.707398044926415, 2.0419482839225767, -2.6994473453773127, 3.545840697429573, 0.7483414232509233, -1.7258507163893198, -0.2575642931527898, -4.7278182590186075, 3.0586597655618037, -1.160497224518642, -0.706453465221678, 2.0200824484315425, -4.0097172322542844, -7.290955201462558, -5.107843727116256, -0.15346842037542782, -2.9580154352471757, 0.0564783825464399, 0.06528678516165097, -0.6204473791116668, -9.271407161474134, -2.113223848599115, -0.2980737360284895, -5.925240824673004, 3.3125552557681863, 4.350388527350179], [6.646130012191067, 0.240242028673897, 0.8362903626016831, 0.21206114877618068, 0.29184357421343293, -7.7006012766916, -5.585726395227029, -0.7971965882271849, -0.1493160829931657, 0.07540440155720955, -2.059072540092151, -2.516161016321462, -0.7925303789168996, -1.306922826744524, -0.34493467986137777, -5.531596759917761, -5.197260191722702, 3.0057100380847372, 0.08605652778604349, 0.18615586047772567, -1.2408931422384846, 0.23527899119160173, 0.9350152465043873, -0.6919434173998094, 0.5443935939837399, 0.6063445780962338, 2.7854272559530107, 2.863705862693766, 1.6428323340889348, -2.6679579114415777, 1.425787440892265, 1.1683893508346266, -3.8439002745387234, -0.1700500698007867, 1.9233872150693156, -3.869653881164506, -4.17767656408142, 2.0366442204785535, -5.039178131283402, 1.1813437691026767, 1.070414678754541, 0.6193611677484143, 1.7352871504015757, 1.745125584185801, -3.5069096869270657, 4.267594837351659, 1.031056486481178, 1.8550321502491203, -3.248189938482237, -1.698971818301946], [-3.6738020015763597, 0.9487686937142539, 1.8622798039590915, -0.4526320225591737, 3.465864236861864, 1.1651106169500807, 1.3866542263776993, -0.49533490117466, 0.04465910892668219, 2.1567266120085575, 2.9639347973329064, -1.1699755506853853, -3.068996926565892, -0.37511593655915354, 5.550488745370216, -2.578451309770963, -0.08505351510288502, -0.5964046761537704, 2.0782596432275278, 0.7563651944467163, -1.8905916782886014, 0.5491875339119761, 2.912277473805757, 1.3098240138070756, 3.76266785566617, 2.3337503579350627, -2.608491530180314, 3.680012498977457, 0.7880836149227333, -1.6812676932631656, -0.20899483984613662, -4.571283091033988, 3.112460353369246, -1.1228296082316704, -0.7004386631876315, 1.9728176115156697, -3.8460539483422225, -7.059735160190184, -5.191923792491042, -0.05603924642674427, -2.9801368838100495, 0.07068397969896696, 0.07376483310341754, -0.8067052480241798, -9.778147158349933, -2.086706801802441, -0.3061840583353241, -6.034095969613654, 3.21649487533352, 4.190327642076105], [0.25210044254931796, 2.2358661203999355, -3.2941639925215447, -0.7618206521361783, -3.0217668078757853, 1.7239260951362918, -4.877541225516376, 1.5849847819022225, -2.73938488544119, -0.8098413429879133, -0.9755155161348918, 8.053687107206393, 1.4922517917242784, 1.5427632458025702, 1.0121905200872763, -2.6715084685998556, -2.4322585744641034, -1.9174366233211833, 1.524242515743783, 0.04123548845281769, -1.019138251242883, 0.8365951777774394, -1.3470488366616507, 0.9939411789215346, 0.37891357269215553, -0.6484534909112878, 0.7926594547742123, 5.686152251067642, 3.2565862882794554, 2.502897716543278, 0.9525489652999841, 1.6411257686051328, -2.5063118656925347, -3.7464930615464427, 1.546838106252689, -1.0660618743671395, -1.8489036589508119, 0.9010874649747265, 0.16640192851257804, -1.2200728871284585, 1.5667124223007103, -0.6886899303509919, -1.2231352408258769, 6.556862101086705, -0.21305586385529215, -6.650964533628349, 0.43835928427075443, 1.415060053581666, -0.3086908786000486, -0.35740314694384234], [-2.767003321700408, 0.9405589457946623, -0.0485719905925143, -0.4887909247937834, -2.8114316202697505, -1.3065283482840504, -3.493176151913391, 0.8809888153022097, -4.873333661502884, -2.129018949645434, -3.2413107108277033, 7.69912271646909, -0.0033334543164562085, 1.7468659127363306, -1.5517390785307525, 1.7837468920442274, -4.263445975188073, -1.36258110531187, 0.8574563731007689, -1.7919535316265802, 0.10126268205592746, 2.4172721529072487, -2.2968712870072534, 3.1200882233301286, 0.12419808380093791, 0.3511370561243574, 0.7989738995305765, 0.6575323111745691, 1.558494753028629, -2.136427598461907, 4.475630397070054, 1.487259354364983, -1.9155457454240978, -4.291382534612794, -0.3118620730178744, -2.734677307305624, -6.759580839351674, -2.144136328060547, 0.16058131030488199, -1.4919751465917783, -0.5403120622253991, 4.087082873037988, -1.5498609834920682, 2.6839954717804835, -0.908060696442195, -1.817986812075949, 2.8866745526535365, 2.788714138792835, 2.02342183432809, 1.2920094981391117], [1.862009645772111, -1.9024767276750043, 0.17720116858833954, -0.9645648815521013, -1.985667046505952, -3.565537365357514, 2.213552905661812, 0.4180268404194154, 1.535227172051969, 1.684073632452185, 0.7947927418405376, 0.4258635101386081, -0.8121078359534663, 1.0410010925775754, -4.4790308083309975, -7.0313723245816355, -1.3870746465343928, -0.3292607876082662, -3.471787501382597, 1.6028750975661874, -0.3624096257528185, -2.7082612073881016, -2.75119345577043, -0.2774053537270849, 0.35916524148997675, 1.009641815956949, 5.309587390979793, 0.3300641217014297, 5.173795044636204, 2.113107336843052, -1.3181992198532353, -0.8047933465645036, -2.5889228142089213, 4.345471747048768, 4.065310863915064, -0.10735157909121956, 0.226992138237226, 4.595067217895611, -3.7734505063044166, 1.4854668000888327, 1.171793636213228, 2.6737031721712254, 0.8377071439182442, -0.04236768454601614, -4.656209268208017, -3.3616615467822317, -0.4585897093148658, 1.4589134070536462, 0.5549265292229557, 2.2607613801906896]], "Lambda": [[0.41470434815959895, 0.6665601930759407, 0.484646864201035, 0.41265397014846333, 0.6362772638559123, 0.141835644037779, 0.4829885445235495, 0.7381733176232225, 0.38441794959382986, 0.41103281180577006, 0.6628531015566446, 0.29434853787696913, 0.14573932031026382, 0.47219413226569207, 0.3567592983846956, 0.5827748160469289, 0.40224977695300174, 0.4802342102241399, 0.5157617033282161, 0.22664136899547038, 0.6104421884945034, 0.601797344777733, 0.5056825981933403, 0.6448140871166289, 0.49626120105008, 0.4358391267146934, 0.6792370052206068, 0.5116110090955569, 0.3169827239706634, 0.30297968263460767, 0.4696453107106013, 0.715790354717433, 0.3699696931772013, 0.3642388732537492, 0.6541434859784855, 0.44378238769945016, 0.6069301536591707, 0.35086916876872126, 0.3908381801036862, 0.6803844489726827, 0.49185542961854123, 0.4212355032720333, 0.47049510432960906, 0.5793360684606762, 0.3097541364666085, 0.28822250796645715, 0.27844801700332894, 0.46055812367430327, 0.45757545964687046, 0.5157885758553576], [0.33736017794608597, 0.3976303474143596, 0.7121375247862293, 0.5222837153679271, 0.622283710849305, 0.5821880927680437, 0.6383990325686948, 0.5678222854544951, 0.4075893659775215, 0.7118157388374226, 0.38742467488437776, 0.5043361555492284, 0.19592234567936165, 0.5146857213425909, 0.2502116545838399, 0.4646104845881621, 0.38260539134811405, 0.29377284149231125, 0.4152655878754501, 0.8084124782365999, 0.5339518554103174, 0.2232402664642426, 0.9749927954343878, 0.3004434291386686, 0.5408135245018111, 0.8594981427376907, 0.4350501893319839, 0.24303263967750904, 0.6656968936599373, 0.3494130305624803, 0.4530873119927399, 0.38236244743105396, 0.9760290529592294, 0.20741795398452187, 0.2364395888457533, 0.697219291839485, 0.34212610296231927, 0.4148942142615944, 0.4801794918609336, 0.49158217434067836, 0.6001563002333978, 0.39688967410420595, 0.4087179334120201, 0.33949096914375165, 0.3309109513264821, 0.4333613796489262, 0.307585364995133, 0.4803048789725772, 0.6093400738561784, 0.35853146314037787], [0.23777386808035994, 0.33419534670121565, 0.7841716753842878, 0.23478834780858351, 0.3799132707492514, 0.4631748890217167, 0.3099691225665237, 1.0140503203399531, 0.5851101652722684, 0.3853095392137393, 0.34800656536501845, 0.261940552929446, 0.4400369205001002, 0.2988439354417845, 0.3778713383382931, 0.35694406664080996, 0.4666479799035718, 0.5716349545999513, 0.47307038068837726, 0.8378036999735169, 0.6328315564385429, 0.5485315056595891, 0.36778398318431765, 0.5133605456435414, 0.41801735526004624, 0.29397050584052864, 0.1540473225063153, 0.20601831956391495, 0.534922058886359, 0.320183860897047, 0.32131745841221426, 0.3327451686181183, 0.8176604497061135, 0.47134466174398537, 0.7600833818197288, 0.4739085895597546, 0.5270652078596005, 0.5896090751344065, 0.24926164445151622, 0.5541759469153268, 0.8593758884369376, 0.8575175412755859, 0.38460259316063816, 0.24331102466086882, 0.27026021429678243, 0.5990726650970801, 0.17307444055340898, 0.4275914621320761, 0.4841531250800837, 0.3181200057687437], [0.18930455531801052, 0.4089979432608343, 0.6323286695391654, 0.36367320156633925, 0.822501075930618, 0.4201024472170697, 0.3201868444988238, 0.5601324986951112, 0.18544328024522932, 0.3497141755843682, 0.6134484315402826, 0.7116558126186174, 0.35457425617087346, 0.5081740807053102, 0.4794293836931738, 0.2994951257893945, 0.24259316052178898, 0.3500192472988188, 0.39473527869948305, 0.37067793137116145, 0.6975208153306582, 0.5603677710044368, 0.7150559563090861, 0.4088774790926313, 0.712330035728126, 0.3743824429503345, 0.5490657226508227, 0.48134028804491386, 0.27378730347465813, 0.3299877923959331, 0.3989932852407092, 0.3752331897202304, 0.705762337837598, 0.44887128487188804, 0.5177168655417893, 0.7064512128586306, 0.42655176524526606, 0.5169502268242674, 0.2531704733685517, 0.5367798605040034, 0.823023710925936, 0.46031867702084966, 0.4972536637842503, 0.32954756327991674, 0.43370610870418513, 0.19779804710157448, 0.41708575278341514, 0.5121563938567866, 0.27736776326214857, 0.34662219990247767], [0.23035579453092253, 0.3288589066450064, 0.7683913681731179, 0.22788874525283823, 0.3778537663474467, 0.45530852929733623, 0.3045129331429464, 1.0334343330619171, 0.570655502881981, 0.3925216188940132, 0.3381768591027533, 0.2682223563137191, 0.4440130893511703, 0.2887767606226457, 0.3717613420802609, 0.3477664548778647, 0.46037542448913893, 0.5766663161924809, 0.4802826195274472, 0.8353306837704962, 0.6411921516571745, 0.5376320000986233, 0.3796746144439074, 0.5110624445735776, 0.43476569483797634, 0.28540277254119645, 0.16159961192794892, 0.20591699526683147, 0.5241736689645707, 0.3190906506013114, 0.31354602651582186, 0.3244148770866952, 0.7937750676568863, 0.46565561942162903, 0.7264759054206027, 0.44189243015660695, 0.5312662890102404, 0.5649452781072095, 0.24684908099320982, 0.5624738778335614, 0.8160826528772429, 0.854207904128099, 0.3864388850907417, 0.24391085576953098, 0.25853824944716, 0.584068260744736, 0.17294736159885468, 0.4257301889014, 0.4806344797584578, 0.3280347507541055], [0.3255146395701862, 0.308711479858858, 0.3531416400126729, 0.421316069758557, 0.32006796499221984, 0.4762267888170302, 0.5484602952708505, 0.47731996625643947, 0.23218845566990598, 0.42438047477767615, 0.38776885497011065, 0.44501614108754745, 0.27390204443666805, 0.310715634977662, 0.3304965746271798, 0.8229389286987868, 0.12500259279623782, 0.29182061816409405, 0.6347733066130425, 0.6184530438721434, 0.6228267522528582, 0.3542721523990489, 0.5942265951218887, 0.2222566817428011, 0.5624857806430698, 0.8339753758790798, 0.7569887008272829, 0.190022041198455, 0.7186219090534738, 0.32798665502895413, 0.3476809159542096, 0.28840833800789, 1.0581370320259884, 0.3179252923137595, 0.38796649071578815, 0.7058489212076396, 0.48613358380375454, 0.6379823104038276, 0.5017696698730895, 0.4516315751568189, 0.6021742274278998, 0.43075339016754816, 0.41164348819678587, 0.15067007895858195, 0.37454537339061006, 0.17638074829235964, 0.3473017231160027, 0.8306519491054164, 0.3180886157092469, 0.5451251215724874], [0.228735006774826, 0.34111327548866627, 0.6493784482715615, 0.31566736317630195, 0.6598090965490959, 0.3586528673167327, 0.356884915394311, 0.5390434535566747, 0.34869628130961805, 0.7535627484981505, 0.29339122141252455, 0.16549052391527555, 0.22495516299258447, 0.34416371836141957, 0.24912124939099453, 0.8599068295868972, 0.35588103412700484, 0.33270262117771854, 0.3136032859199811, 0.5784752807905247, 0.6529469141550766, 0.2746046042581246, 0.6687551081196007, 0.24314745242389094, 0.5935036491846915, 0.43620896413355814, 0.5705162814732996, 0.35299533343201656, 0.6767838401048458, 0.30748150230725496, 0.32204161314087937, 0.2921507255316708, 0.4815434583861175, 0.3790258586775105, 0.4073799076887828, 0.5412189627614216, 0.2485696949696946, 0.46234988074711475, 0.17157372241679578, 0.3014977930540859, 0.29200340072985476, 0.5671132783441245, 0.3677297892606935, 0.38040772990278865, 0.3216889199146404, 0.44202016122684396, 0.4016214992310715, 0.4664263393129847, 0.5178668772882159, 0.5245946319805174], [0.457109315297073, 0.5687916786689575, 0.6270962697567432, 0.3305811869901616, 0.7025660693373761, 0.40096209895092466, 0.4644384882599986, 0.9345650640588935, 0.2855662979278996, 0.43384252726537936, 0.6278328296983955, 0.7857705678129242, 0.3004914713123852, 0.30994197970965776, 0.28536876525718174, 0.4141785670864948, 0.2793555428294086, 0.41123818288995556, 0.45908054045262553, 0.34061120390889277, 0.34306173148098135, 0.40466521736044003, 0.60749307963054, 0.8496721457419542, 0.5445063664437779, 0.24226011054611704, 0.2285330123223808, 0.313048219027131, 0.17920115204098216, 0.2969300527381015, 0.38235831101342077, 0.7455516536731914, 0.7362625061557961, 0.24480545731901604, 0.7026962050718822, 0.7616926106115736, 0.6599731488739973, 0.3630998873914726, 0.26881678622302996, 0.388681412527162, 0.6687475766939083, 0.28251817867322176, 0.594154542819025, 0.3170811275067395, 0.36114694386820045, 0.35760514096516044, 0.24171842306866495, 0.46009181922419934, 0.37269825615735863, 0.5705772258831434]], "U": [[0.36096928332153655, 0.0787125042930403, 0.016521294433168007, 0.31419586604373484, 0.019406248943750058, 0.0711958432985955, 0.029640966166887387, 0.10935799349928753], [0.02319299757879443, 0.1294343183913691, 0.017698240565034162, 0.3279659293670902, 0.02102998280403711, 0.12080448131925997, 0.030347229365308554, 0.32952682060910615], [0.01130105504078455, 0.32815778233582105, 0.020974716368050452, 0.1373226737366559, 0.025417542131981476, 0.29298964019709317, 0.036852892431268484, 0.14698369775834436], [0.08474619768595323, 0.3262884334336709, 0.02516315202373855, 0.06486013827170135, 0.025242088189510584, 0.2838551793333439, 0.04253805303288553, 0.14730675802919577], [0.11932623792295387, 0.1678060480518504, 0.03912603034538124, 0.1943603561206849, 0.0302137603237395, 0.08630326675732562, 0.08563084096531133, 0.277233459512753], [0.1528847305557182, 0.05480077789675234, 0.15989299551392003, 0.11736640654064447, 0.16967223656701902, 0.030527327588253585, 0.0403713916342763, 0.27448413370341596], [0.06565187809045436, 0.1892233155541555, 0.09092202264065853, 0.15345298867432008, 0.08899665961230686, 0.15437524307952907, 0.04967560012314947, 0.20770229222542638], [0.13627545099935248, 0.03647279008739087, 0.14704471180503084, 0.16483185817197996, 0.16396595671012293, 0.03238391928057573, 0.013472402901848101, 0.30555291004369894], [0.29151044380924157, 0.1081494390416206, 0.042648846180653614, 0.272967361713189, 0.04290254039912745, 0.04709921852301968, 0.09281120257812944, 0.10191094775501792], [0.17958675225766604, 0.10640140802641258, 0.048129379977990064, 0.16614727395583867, 0.05195828806566593, 0.1642633888754684, 0.20524941590150106, 0.07826409293945698], [0.034733340362479145, 0.15839151153882028, 0.1400149607112768, 0.13579301099732788, 0.14540860832522065, 0.15400482089714992, 0.06033131966723611, 0.17132242750048876], [0.08522150031494034, 0.3283522446047688, 0.016559086015029117, 0.04004223369562795, 0.018321863694920407, 0.359636692546472, 0.03693742354627834, 0.11492895558196288], [0.012702031278371854, 0.12306059876364615, 0.33362146376487817, 0.018571895678232635, 0.339063347020483, 0.13437743075663977, 0.0138601592196707, 0.024743073518078307], [0.014419517800283827, 0.20749559573885806, 0.011371038940516429, 0.26792765024001336, 0.01357312274789291, 0.19044506983668197, 0.02064091028645126, 0.2741270944093018], [0.045663498391324976, 0.14637177587614525, 0.04933419360705896, 0.25623698620487456, 0.05589535376141467, 0.05386436366443544, 0.10194716618587372, 0.2906866623088726], [0.11357286677455912, 0.10090788213022765, 0.034093949952739726, 0.25351488134412664, 0.039219921666230964, 0.06357787836591222, 0.05449692460455679, 0.3406156951616475], [0.09178307538207085, 0.13952324866314214, 0.008694199665036415, 0.2573368764170768, 0.009121125559128009, 0.13747687559836017, 0.012040510831360133, 0.3440240878838248], [0.015776069716103208, 0.10490974540568171, 0.3586744628120295, 0.02714475490123745, 0.35422707919004176, 0.03630406537802452, 0.06437167931734326, 0.038592143279538325], [0.043340542681428465, 0.059604656035089354, 0.016939044328540643, 0.40975652536673013, 0.01829356140916429, 0.019582496824688118, 0.04156209449634763, 0.3909210788580116], [0.2531928273630483, 0.07020600542601252, 0.015168325054749625, 0.1561861275677546, 0.01356672890577302, 0.05597861361490096, 0.017403481700789158, 0.4182978903669723], [0.011377811473894266, 0.2331258843404571, 0.14606669600748753, 0.10695127522078926, 0.15302512701081697, 0.23597228281515512, 0.012906112737358729, 0.10057481039404086], [0.024287523747941134, 0.06287250048100683, 0.36838029505472947, 0.0491631239994592, 0.36773980232262254, 0.021926926337361888, 0.06147055934427451, 0.04415926871260464], [0.1773371782222473, 0.11550744061271605, 0.030575965618742644, 0.15743866667359155, 0.03170197748814733, 0.16070147833637213, 0.24240173759348785, 0.0843355554546957], [0.138093144727073, 0.12875016713835594, 0.026185317814196824, 0.20445098612404164, 0.028718145702521937, 0.11571141522646892, 0.014433689136626446, 0.3436571341307159], [0.2679694575052917, 0.19869750317331747, 0.01364883150062277, 0.016414405254743206, 0.013729448115226181, 0.18322460529443907, 0.012099976348361484, 0.29421577280799716], [0.007853159168682454, 0.0236461259136292, 0.02051090334037284, 0.45032684282053526, 0.022346193379644438, 0.0071696725961634, 0.018186282093840895, 0.44996082068713067], [0.02059626142260351, 0.1257286635082902, 0.11945274568492188, 0.22870322192846837, 0.12046857699867107, 0.09155142298867419, 0.06764466559453099, 0.22585444187383966], [0.04286303581566826, 0.2770001532321181, 0.08011730401853685, 0.10794602152863994, 0.0861224888053684, 0.2282040218086259, 0.051362055200314484, 0.12638491959072826], [0.046935103029669585, 0.2113919398203629, 0.046203575031607796, 0.15848555729130917, 0.051305797508032595, 0.12430794770807216, 0.16924754100528852, 0.19212253860565673], [0.18246529090921126, 0.2687483161012456, 0.013381961758470963, 0.20941538192215753, 0.012734204393570777, 0.018600976816745038, 0.2549190433463504, 0.03973482475224841], [0.05898056033962666, 0.1610436476204832, 0.014707988024499848, 0.24006109578803622, 0.018215731251161365, 0.16583554019670116, 0.04373703575448683, 0.29741840102500455], [0.06869527575629272, 0.2059041695567138, 0.013053567375935105, 0.20966497512074175, 0.013502210653760057, 0.1990736377688976, 0.011547598505949951, 0.27855856526170875], [0.3475210382743354, 0.06143935640682249, 0.05730894005988784, 0.35942362100476016, 0.054028936299661046, 0.06714988375719894, 0.019536248183962115, 0.033591976013371966], [0.02258586638740142, 0.2510244194640858, 0.1042216442958048, 0.13469380918069004, 0.1092025511185129, 0.23778774142445894, 0.02873419785454539, 0.11174977027450066], [0.21037266915406086, 0.09332460899508453, 0.13600148377754354, 0.061115608129732636, 0.12868823618664205, 0.022184541884198227, 0.07531885149145856, 0.27299400038127947], [0.021832764551393314, 0.056240175670648714, 0.3753009361158898, 0.04910153198864597, 0.3756405505120643, 0.05444580992624548, 0.013040599629799879, 0.05439763160531256], [0.08270454732202831, 0.03918134091689003, 0.018606308906116285, 0.35181578692513726, 0.019083471404107426, 0.03311954917361288, 0.02741588553490674, 0.4280731098172016], [0.06756030433481322, 0.22422525251879227, 0.02338322796251135, 0.1804214977173278, 0.02558176050842575, 0.08035557365495605, 0.17380734009875376, 0.22466504320441966], [0.007711714696236172, 0.09522307497552063, 0.025400479835210894, 0.36905018602108136, 0.029798561506483547, 0.08953865686782152, 0.01006019585371764, 0.3732171302439281], [0.15197405849188497, 0.1525333290056211, 0.1476712843085896, 0.050613483857286624, 0.13663119679314253, 0.11296713793406567, 0.044192460930073424, 0.2034170486793364], [0.018821816920245864, 0.03590837298793949, 0.014949201387400482, 0.06292473153826082, 0.018214009631666712, 0.4055892461675597, 0.38723894939373277, 0.05635367197319426], [0.02409301098649784, 0.05879221966259356, 0.024364950980655466, 0.05232891735465595, 0.027448709762755666, 0.3743616945353789, 0.404809744797625, 0.03380075191983714], [0.028459967681265564, 0.19035570331083793, 0.09275691149573308, 0.19413612583130394, 0.09881064967268578, 0.13198217002213516, 0.06515218498479534, 0.19834628700124318], [0.039457194332937186, 0.09455442945806103, 0.11194826675792985, 0.27489337769272887, 0.1214260203686587, 0.07865079301352737, 0.03198570493284932, 0.24708421344330794], [0.04042655907443803, 0.10594114589379604, 0.032825001880796595, 0.32306100083977163, 0.03669388892566641, 0.10153683568442354, 0.014499595299129614, 0.3450159724019781], [0.04384143373738822, 0.2953331142101442, 0.023029778658668416, 0.13161194973111992, 0.026169555770690623, 0.2832337036648848, 0.016136718068977984, 0.18064374615812603], [0.09422557049685186, 0.08569481747494329, 0.01558314817577093, 0.3070762378342105, 0.016629143784218356, 0.08136316957832707, 0.00947824381623666, 0.3899496688394408], [0.06655505198588975, 0.06359423743730466, 0.18911334141860894, 0.16936698789388108, 0.19923102418945945, 0.04773123238569019, 0.036947317885092416, 0.22746080680407366], [0.13571748831127786, 0.21897361351037548, 0.08623833411336078, 0.04966559225672239, 0.09502555919974058, 0.20040279762660726, 0.03019736327296115, 0.18377925170895432], [0.0542472915103367, 0.08698494528624405, 0.052500220527943925, 0.2830798024193207, 0.06016127740969714, 0.10731919133361965, 0.04186126625415277, 0.3138460052586857], [0.2702864307261679, 0.04647898967805526, 0.0722664624637896, 0.30994290925239965, 0.06834902074399521, 0.08285138977514021, 0.08129590145484238, 0.06852889590561004], [0.020562668865153046, 0.2497453141826819, 0.041738386844031486, 0.18659046557448106, 0.04549536382684643, 0.15102523404312124, 0.11170800022909376, 0.19313456643459143], [0.1974921615697912, 0.17122620511398973, 0.0721094572251314, 0.05957468974060835, 0.07569797738931348, 0.15093339992666815, 0.033407124230906145, 0.2395589848035914], [0.12264721435803541, 0.034297730096140795, 0.18814760355401497, 0.1540832095051461, 0.19656195826530487, 0.023196804783867413, 0.017002183514766712, 0.26406329592272393], [0.22801257374950604, 0.14933634448535102, 0.04631803798439234, 0.06776598418774703, 0.05186848337386255, 0.09859487136895191, 0.06341449082469472, 0.2946892140254939], [0.02694842439955375, 0.02791061789149994, 0.030210142120261574, 0.04941953341345903, 0.0343998612459023, 0.40390988641791375, 0.3888571774245546, 0.038344357086855935], [0.19458202030845623, 0.031059093917557054, 0.03440112276251164, 0.23629339679036507, 0.03838651485890158, 0.012964503423403615, 0.023003648502975264, 0.4293096994358293], [0.016482374009999023, 0.09643773046531011, 0.22609638283517036, 0.1568867561739413, 0.22980187154223636, 0.09371373509955817, 0.019156436057658658, 0.16142471381612541], [0.01694346654548463, 0.027913681212447104, 0.41505888048522954, 0.038779598035295945, 0.4143825991415892, 0.030467191327983437, 0.015555620757406114, 0.04089896249456267], [0.21632375308721719, 0.13857376814841374, 0.009422714955132926, 0.13259970370635965, 0.010304064158168093, 0.024390149745043634, 0.11405107693490985, 0.354334769264755], [0.01253837101592967, 0.08653610709425016, 0.010631756587261287, 0.38995379807730907, 0.012136013679424969, 0.08348061087585755, 0.00805028243411927, 0.39667306023584725], [0.013097001293146426, 0.42969908925378664, 0.009408504769404323, 0.042961334622704, 0.010922225908086627, 0.29294084091543243, 0.14504738968972025, 0.055923613547719166], [0.10314643957878926, 0.15415279109114138, 0.037319526200923284, 0.20637432742652337, 0.03799912401044738, 0.14603169978309213, 0.01191425314677126, 0.303061838762312], [0.041930686375758176, 0.028806762736769034, 0.395520668096221, 0.045206257512354776, 0.3955359643555396, 0.03434203364840915, 0.03299071497224475, 0.025666912302703876], [0.02373972258241632, 0.1461769660552663, 0.05165154361205285, 0.2738918341941452, 0.05503514603830058, 0.06982641904821844, 0.08468321900456964, 0.29499514946503047], [0.011989962869284524, 0.20877495313554556, 0.019086488849144302, 0.2626606933280107, 0.02102122711843072, 0.20823640904362412, 0.011600125083407556, 0.2566301405725519], [0.18632803651639376, 0.12717854821800628, 0.026609233536421955, 0.15475057274841914, 0.03099639572775593, 0.12483789973017073, 0.022802769964848077, 0.3264965435579844], [0.04606372434161261, 0.1686573938452016, 0.022073581330009195, 0.2630508952592717, 0.023635639348590615, 0.0853583228012428, 0.09206854205771639, 0.29909190101635486], [0.08914247239967782, 0.13052060482024053, 0.011820133049956525, 0.2667789518074644, 0.01176494110078763, 0.1198998846197191, 0.01060759259819348, 0.35946541960396017], [0.365195540609837, 0.04913251463907045, 0.031029728311457935, 0.3835954444327278, 0.03217474526073018, 0.040340330745785705, 0.048438910707273894, 0.05009278529311719], [0.011391680601998576, 0.041349961590380756, 0.14962130839568924, 0.29719809355414617, 0.1622192430731573, 0.035632442456196525, 0.016180580356185678, 0.28640668997224594], [0.10433845149326067, 0.04076927072939705, 0.0620813548514447, 0.2715332917905606, 0.0666498349354243, 0.04466407277796284, 0.030140903428365576, 0.3798228199935836], [0.01586389904624878, 0.16677742708591498, 0.013786857753142942, 0.30816803440528473, 0.015093343340224726, 0.1512497637692967, 0.018653598588066877, 0.31040707601182144], [0.014393351019693872, 0.14347746690496183, 0.027149285446726647, 0.3192556151286923, 0.02880073655830936, 0.13890911809369286, 0.008198841434219851, 0.3198155854137036], [0.20841677838392833, 0.1451566921598213, 0.07278992638473815, 0.0688612661133277, 0.08012128667967354, 0.04751796880673189, 0.09167130688114827, 0.28546477459063085], [0.05930061224984633, 0.19418944498709928, 0.1549812045922463, 0.022669718546418163, 0.16429383960999772, 0.2159964765757619, 0.10999827229938061, 0.07857043113924969], [0.013081204887052935, 0.16117119924600332, 0.27306599612366134, 0.04958841986485466, 0.27571131866935944, 0.16366323701276292, 0.007830095115077942, 0.05588852908122818], [0.021089528109727675, 0.2923997940802606, 0.11234386733302966, 0.0736680125002418, 0.12234178565168377, 0.030537560556770413, 0.25503021107906715, 0.09258924068921977], [0.04377555685706032, 0.28150959353602323, 0.04941370321048973, 0.11542484831950572, 0.054090872217882294, 0.30016545470596695, 0.04213182054310714, 0.11348815060996441], [0.02781702181767142, 0.017655669574635817, 0.2198517210262416, 0.24807394806913535, 0.2288851002913956, 0.01588671507141096, 0.012122795408098207, 0.22970702874141102], [0.2652721018822898, 0.06030632074965193, 0.040372691947593964, 0.36598471628480694, 0.04513452129967283, 0.0559336100664451, 0.04566294356295447, 0.12133309420658508], [0.044325038823186384, 0.03776449051810036, 0.1248400051320606, 0.29984514957884584, 0.13783265233015368, 0.012176761239914756, 0.026805326951671135, 0.31641057542606765], [0.0246191759428317, 0.23356014682934775, 0.17410427262281572, 0.058565850248289544, 0.18959863128520654, 0.13772084517017322, 0.11081288805847685, 0.07101818984285904], [0.03300154198338783, 0.37764711251831823, 0.04649189154221783, 0.04163409784369355, 0.044523971999097425, 0.2143518496894911, 0.1777615362582095, 0.06458799816558469], [0.10405373426389597, 0.17832456626387988, 0.14102989697512447, 0.07873237903273154, 0.15127564764330212, 0.15279625833058513, 0.02424048592332821, 0.1695470315671526], [0.04885869853638016, 0.05792658158092047, 0.34066252412328407, 0.03520682836889012, 0.3474955724668541, 0.06846396035066636, 0.04895821402258481, 0.05242762055042059], [0.04289286309687606, 0.07957742532519378, 0.04019544082651069, 0.3113100149065796, 0.048312742701534996, 0.10297781995365729, 0.050411985221033656, 0.32432170796861404], [0.03199827864837036, 0.1673483803837696, 0.26325598949167345, 0.04673882787719368, 0.2600329678978611, 0.07617941727006744, 0.1193293379275471, 0.03511680050351676], [0.2499682114029089, 0.0649660606411576, 0.06251349527165684, 0.3573142144841271, 0.06425974247689742, 0.03493999386345764, 0.04632668014334177, 0.11971160171645275], [0.1608662924124271, 0.13333554401571762, 0.10888904559876428, 0.08929200889381114, 0.1170724381217968, 0.03799581408514916, 0.09832046994340413, 0.2542283869289302], [0.03792050754586504, 0.3926088824252344, 0.0424799103314972, 0.029872148848064748, 0.039453156943811116, 0.05789317959032246, 0.336324665671171, 0.06344754864403386], [0.011546811381049578, 0.08705841211306792, 0.1419615664741778, 0.24874336237645842, 0.1518631706481937, 0.0962695917378448, 0.020388130320313627, 0.2421689549488939], [0.011607755174467254, 0.22810370111132552, 0.23090902879271855, 0.03191159077541942, 0.23368893311338612, 0.02407992260547834, 0.202075585056489, 0.03762348337071547], [0.10640182903935703, 0.2493454452848487, 0.07747524582902449, 0.06957473538331346, 0.07973995820024782, 0.221719698856852, 0.026971904386477997, 0.16877118301987798], [0.051470119623509426, 0.35244485992178465, 0.047403077038408965, 0.030243156749392368, 0.051794958425272056, 0.3617859599772712, 0.028114048784019807, 0.07674381948034091], [0.06682140165644807, 0.19882786539946617, 0.01896648273290327, 0.2199606750166141, 0.019587327814363495, 0.19280737922471625, 0.025671440004440948, 0.25735742815104745], [0.010357486456596936, 0.05554368186419701, 0.13840037725493678, 0.29419612815243706, 0.14645185382505965, 0.05140168296131259, 0.00821759356881329, 0.295431195916647], [0.29563439773706424, 0.06633533359775165, 0.06015488682456189, 0.07082773757701188, 0.06917576354324997, 0.04883669235693613, 0.01928371984967837, 0.3697514685137454], [0.037090833001067254, 0.31044099479760495, 0.11371547736715934, 0.054600852201739256, 0.11373723033999039, 0.03580355755420413, 0.2957161037663667, 0.038894950971868174], [0.015090013337641024, 0.3475639332713829, 0.013117480774504477, 0.11972584214316187, 0.01276774102388424, 0.07961888220408045, 0.28638458606371353, 0.12573152118163186], [0.033093752839954145, 0.15977875739380293, 0.1541099414574842, 0.1291048618049913, 0.16752844971263314, 0.16553220118068998, 0.037046543659925456, 0.15380549195051896], [0.020934408400557165, 0.21620535845751002, 0.22535047169058164, 0.03658078624739322, 0.22831950269774653, 0.051838103860395, 0.17776642169645318, 0.04300494694936286], [0.007629120035297548, 0.19270447899844673, 0.12847889641273352, 0.1641227529404368, 0.14002518939761574, 0.19190508115852195, 0.019036470309588858, 0.1560980107473586], [0.07256029301285848, 0.09713239700039109, 0.11846118448265919, 0.20058631628862583, 0.12841206198734062, 0.024712936342820662, 0.08409015066488652, 0.2740446602204174], [0.01829412464173084, 0.09497376670752404, 0.37427095170343394, 0.021397160198785497, 0.37244445291741946, 0.030282392877700005, 0.061465469911105894, 0.02687168104230013], [0.028061851556243154, 0.16119581712551054, 0.20874266932627442, 0.11272944219795702, 0.2121000171130472, 0.1449052761737331, 0.02239086339702939, 0.10987406311020517], [0.03525265486019958, 0.03915265241093355, 0.3787405286564027, 0.04543850902523698, 0.38171661694562975, 0.039278282517878835, 0.008586977980515217, 0.07183377760320349], [0.10455058987592764, 0.16942197726509617, 0.11078246325307893, 0.11640136453565264, 0.12079191618041168, 0.12827264846912811, 0.03819298645449123, 0.21158605396621344], [0.04396760933004625, 0.3063362280972682, 0.09927462922888136, 0.05333733391453198, 0.10565124648227321, 0.2922775922543226, 0.03185010390062852, 0.06730525679204748], [0.05211206877168364, 0.24551906741154578, 0.11995852522745606, 0.07883845719837577, 0.1317551506130746, 0.013768712398284947, 0.23548942406167603, 0.12255859431790297], [0.10203416996561442, 0.03963167193438938, 0.017038628445129076, 0.3387184945305835, 0.01678201549476989, 0.03561220234109648, 0.012077957560736624, 0.43810485972768015], [0.012325795927603201, 0.062319516960000584, 0.07777617398596806, 0.3464021349833605, 0.09066633748054638, 0.05655088485009028, 0.011114369663674134, 0.3428447861487566], [0.016527490526346868, 0.1785978151837245, 0.24224057847275374, 0.06086799971107548, 0.25107569883680864, 0.14950183398524156, 0.030887836551732367, 0.07030074673231673], [0.018042963789227866, 0.21798746621752865, 0.1318032558804267, 0.12820662743266523, 0.1427440978645021, 0.21890705770487048, 0.012254950077265073, 0.13005358103351358], [0.25598141577184336, 0.03375224305947689, 0.048285272708501255, 0.32954299677064636, 0.04440444609440805, 0.10347342037121394, 0.09023056429380068, 0.0943296409301085], [0.10119513424476498, 0.03925974829113359, 0.06370084104011955, 0.24627432571559033, 0.07571008441493639, 0.07605633474515014, 0.06289477929480317, 0.33490875225350286], [0.02652885029088521, 0.18034602531961572, 0.025090552917424454, 0.2613227837433056, 0.0234896047235056, 0.14468323757091148, 0.046950074975585634, 0.29158887045876575], [0.4458601622883445, 0.010843834877873347, 0.013807482199937321, 0.30897569309993356, 0.013772501992169825, 0.01717912853946676, 0.008771511928521976, 0.18078968507375254], [0.30418872829860727, 0.045035497036669196, 0.10390759579118725, 0.09401347552627756, 0.11818115314468434, 0.034708800539048984, 0.022018760232253062, 0.27794598943127297], [0.013865327765827625, 0.3178289472419407, 0.06420863681239435, 0.10144528192886428, 0.06859468391435505, 0.3032123080706004, 0.020723773754977658, 0.11012104051104023], [0.12687608564312383, 0.20378692368809126, 0.07779422534229762, 0.08658812422258222, 0.07585252641487233, 0.1996352451174126, 0.039614781395855614, 0.1898520881757645], [0.01958895970792089, 0.15306484728409342, 0.14846559153631747, 0.1678882066946511, 0.15916555944192995, 0.160318302727417, 0.010367960711541007, 0.18114057189612945], [0.08912144217055952, 0.21290975115960017, 0.17225819216823787, 0.019743907452965635, 0.17605954508500832, 0.19669196555146323, 0.01820956526339505, 0.11500563114877023], [0.0078088602220974905, 0.022206494115161415, 0.40245918599436303, 0.06716418759462821, 0.4067833216117102, 0.018004676917584752, 0.007758915488372934, 0.06781435805608163], [0.18987033325723982, 0.1801055394040683, 0.03246466000806822, 0.06258658299390099, 0.03972913483868698, 0.22111925987090092, 0.061499839937900515, 0.21262464968923392], [0.043931016641594406, 0.20410531733411885, 0.014560212733181564, 0.2328606028981381, 0.015967784581230472, 0.20174268589446373, 0.009576469166607999, 0.2772559107506645], [0.010143017922580124, 0.43635095913054045, 0.006401704692673449, 0.04183356098428762, 0.007632359832247315, 0.4403165882391351, 0.008631440721336028, 0.048690368477200166], [0.03880887804551751, 0.11627228689353239, 0.2560718324673049, 0.08551496075477491, 0.2533029282853636, 0.07873451419368982, 0.10270770763739918, 0.06858689172241733], [0.010144742306197111, 0.051315381438418434, 0.36714637651759274, 0.023726573069620924, 0.36496805447877884, 0.07604165450540978, 0.07852111322611763, 0.02813610445786428], [0.018878621449691012, 0.2056944786515857, 0.2032306177094906, 0.07026878798186363, 0.21693428186936664, 0.05406416358824113, 0.15060559513603414, 0.08032345361372648], [0.031470828519308984, 0.08378255470792867, 0.13752742459845427, 0.21906208979301542, 0.15443469433580204, 0.0603681545832799, 0.09648697451797308, 0.2168672789442381], [0.015587647406883945, 0.1531380646468574, 0.22158515629156444, 0.11104872941890948, 0.22765215089721316, 0.1081172897350449, 0.04581988362984046, 0.11705107797368657], [0.017861139456333067, 0.13482095643911152, 0.29855988780844733, 0.048428815301920426, 0.2943468364034811, 0.06586218322648352, 0.07214465321516494, 0.06797552814905698], [0.10041395853273673, 0.3308197753886231, 0.024310009582003564, 0.041115960937890474, 0.0238248253537079, 0.15518152868918994, 0.18586725312597482, 0.13846668838987372], [0.016092225216950567, 0.09491812365301962, 0.12110269555255225, 0.2517589124374492, 0.13158467639945962, 0.10534623227614662, 0.03698487130812855, 0.24221226315629343], [0.02495011273134612, 0.025030200563035863, 0.40146573319715784, 0.05130046859559841, 0.4041080078431908, 0.020882521512286572, 0.008228215423229298, 0.06403474013415533], [0.009664696427504404, 0.21768652769151361, 0.023375668520727297, 0.24350171445717145, 0.029547850400082346, 0.2227334108669767, 0.010252142309853952, 0.24323798932616997], [0.036773660559065086, 0.05486404010609419, 0.3646787713071171, 0.04502474620809412, 0.3734911753169289, 0.050000128763818305, 0.016426400962911838, 0.05874107677596949], [0.024041067218198812, 0.06302458869502424, 