{"estimation": {"a": 8.5573486425519, "rho": [0.1659712977978671, 0.09733645222433691, 0.16868740112558117, 0.09482819479168902, 0.04934590783215515, 0.1587469801184358, 0.0484140552452216, 0.04573737831436132, 0.038653084435866084, 0.045219503956744025, 0.08705974415774159], "Mu": [[-1.0865645506839905, -9.982288111844483, 2.4195786583690606, -0.12056927520919353, -0.28835970705844904, -3.8948075287956594, -3.1620760647041104, -2.133988834119225, -2.0973263878329673, -4.959924110069519, 1.0022850198297883, -3.7336399677602405, 0.14238242427172237, -1.184032662024708, 0.7911311084202326, 0.1884520313291625, 2.5282842803884256, -0.2999259683153446, -0.5912697269118082, -0.5207284670923976], [-1.8048046480316915, -2.8252182026145736, -0.30998805971781196, -2.2798608665063123, 0.8912670041296833, -2.7105733452483607, 0.2139088776433158, -4.055989592423926, -1.1731079376456937, 0.6281080333323016, -0.800536791698477, -2.203088057265165, 1.6207542917991138, 0.7183526152684407, -1.2626589248543156, 1.1508900559703348, 0.35999038937707745, 3.38978438229706, 1.0645489669642176, -0.5836483378611685], [-2.4454297458763024, -0.9673374984323111, 0.5022012688563241, -2.7085948364949513, 2.016414456473865, 7.396155039628576, -6.542871106274418, 1.6640733346789955, 0.24498567700605137, -5.33233580534066, -2.2781124870380087, -5.1478285190395106, -4.23652992341904, 6.6864066460975575, -1.5291846367246225, 1.4282660908060367, 1.479762971286662, -4.330559619893861, 0.044496605013241555, -2.8876026366388903], [-1.7104627815014237, -4.352057558964724, 1.5922547324794742, 3.4289322015214028, -0.6033947828442099, -4.982259291607286, -0.22940865283722223, 0.00829639799604562, -1.6376695660529526, 1.8675761532015605, -1.08441016966043, -5.552672718633695, -0.14745978713935193, 0.4213583246182016, 0.8013117714300045, 0.4399257762207671, 3.0830748577019342, 3.616871842492668, 1.0070481457726208, 2.6030918768669133], [-3.172955918996268, -0.42173261353416036, 1.288542910954454, -1.4796063461572597, -0.9152979869649919, 0.5713842932204788, -0.5048297349204081, -3.1507570842315498, -0.9367994892356015, -0.9023270310983493, 0.5961666433774752, -0.7757248135592681, 0.970722697241186, -0.567219594082826, -0.6934897524159611, -0.5377705224100855, -0.7984423350288323, -0.7610743743663261, -0.28339515916125285, -0.6240006319730157], [-2.3673527439446276, -11.506579880047418, 3.4194616496314514, -1.2176827825136245, -0.11402121147749979, -2.2814801623632204, -1.9933557833010425, -3.5982792895615563, -2.467153272305508, -5.726731381566504, 1.4319592439863096, -2.1290162677057523, 0.3884085733685934, -1.8619564339174333, 0.8712813182270721, -0.5530666330352617, 0.9680672749602895, -0.42621103435959856, -1.1854736760906355, -0.5321919494123567], [-1.6542275039814773, -1.1878387535797115, 0.5581980129562694, 1.4474512039391427, -0.6622728504806292, -1.900503762553921, 0.07476471233489324, -1.0485939472860368, -0.5316505878650537, 0.6099267306707824, -0.3093451059872245, -2.714014800168182, -1.0236821706223007, 0.5886199701074921, -0.5006136006078374, -0.27049654119815364, 1.4658684110847162, 1.1099678191163251, -0.36794051926724786, 0.25644678630842793], [-0.7632801025868285, -4.026530866931441, -1.1273946246953512, 0.49478871978020195, -0.834587460146772, 0.8008759115043922, 0.07257638156827369, -3.113248817489622, 2.966113017184638, -3.0476464862529085, 2.3911586819685127, 0.7964119228244079, -1.8269845717017557, 0.4162244786982557, -1.4825065216867983, 0.01701579708745063, -1.4813402103114175, 1.4208358667722545, -2.5871127655691444, -1.6386987014530825], [-1.7349829568211617, -1.6551130897242166, 0.4349112145069142, 0.7570538841880651, -0.5550209939491823, -0.5013963082220577, -0.4298349188770271, -1.8836207653183372, 0.24491483749485354, -0.43479614190317933, 0.38477891365241523, -0.5909383387271113, -1.7022619781706767, -0.08823138639720059, -0.38625857714040557, -0.22177615157862868, -0.7169468375012298, 0.44404317033409296, 0.21501475821697164, 0.18405372312609294], [-0.43906915062662377, -1.3640999986946534, -1.4569155983159028, -0.9606170780193589, 0.21902748203942907, 0.6084671979791134, -0.2406880756961753, -1.9775765101579288, 1.6875844281676335, -1.3530884289400005, 1.1870616412883561, -1.1172272401557821, 0.4096159991751422, 0.6721876516124351, -0.564440234570666, 0.16147489633871218, -0.3011910368302825, 0.45078135885791365, -1.6503765919138365, -1.3924538266115811], [-1.5668705002910666, -5.188378173423514, -0.705327328695109, -1.250589540166159, 0.17826195374912165, -1.91616687765487, -0.10189106817597432, -3.7878767295270452, 0.6464446520534448, -0.8716854369548197, 0.559714667279122, -0.5025079568684484, 0.3720686085246249, 1.123410305313011, -1.2900009839816748, 1.0387822624408287, 0.32912336122348684, 2.790351024310582, -0.09614235178899422, -0.8432496019845936]], "Lambda": [[0.4734396401603907, 0.17649580218095057, 0.3385326238818637, 0.3499047569708844, 0.4564621891104969, 0.2306860266720851, 0.5131403549909442, 0.4481125505258693, 0.6398119892605897, 0.21640006433427175, 0.42325243377208266, 0.6496009546252915, 0.47822072374811225, 0.5261768415540252, 0.9355079488535492, 0.7997864294718474, 0.4814790604622247, 0.44685794691043257, 0.324658048884522, 0.41694245806425184], [0.37910297488731787, 0.2426864415331681, 0.3136854296799635, 0.464205850869194, 0.4492573142214525, 0.5003196869718614, 0.6923985274745256, 0.492012967774274, 0.5610573378174032, 0.5383664495457663, 0.5027161188534839, 0.46781447892382466, 0.44754194525561697, 0.5622612736794802, 0.9454524559187154, 0.6018330934322875, 0.6981015875427503, 0.43626681769706255, 0.6205533961515994, 0.4397967100729795], [0.44409167062886873, 0.16149240355806818, 0.36006115496864527, 0.6922158092502677, 0.35160591932384144, 0.3624173314836408, 0.34287681557333827, 0.5665195373299403, 0.794566777770095, 0.24458561687953814, 0.47085225575507883, 0.15843260979204957, 0.528369466979093, 0.39582064897777464, 0.6486956972181556, 1.3899483999857156, 0.22523561289891889, 0.9504558644207789, 0.3683446760114896, 0.7548734372987675], [0.3909991952566743, 0.18312671514176085, 0.4564554004109514, 0.5033188706141624, 0.399249570243816, 0.4379545992769963, 0.6476353680483604, 0.6700686978475092, 0.48003684596258805, 0.4561392777177036, 0.5237606940938704, 0.3890745738646053, 0.3584458327823375, 0.5471285546803171, 0.6952713640539565, 0.6184016042613424, 0.6159063427226572, 0.48607818220043675, 0.5984229797595451, 0.38394989398197943], [0.47193662423268584, 0.3555520986009693, 0.41081486224515706, 0.4497923564707785, 0.5224155981286325, 0.42824617315701125, 0.43722087055942965, 0.48567156159318725, 0.4924659999600141, 0.3907199083654181, 0.40258091017037406, 0.47131747621787956, 0.42202028122427077, 0.5171628181048992, 0.5381383620038999, 0.6445648902597968, 0.6458423517169131, 0.4023600670116535, 0.49474364734657383, 0.5123426836252915], [0.467465594827337, 0.1956519532588763, 0.25765393941815734, 0.32058075138142605, 0.4866702664072233, 0.23266983286408183, 0.4554395392616634, 0.348994367762417, 0.590464894975753, 0.2532186967372278, 0.42747129284100854, 0.6522076355131428, 0.471030837048551, 0.5153353400632397, 0.8861814467963124, 0.8217422399641348, 0.5617008668280273, 0.37775520394744555, 0.344289034819759, 0.47105031865789865], [0.5275369364208781, 0.3019364066269067, 0.5597084733051859, 0.47482358333565783, 0.47023633815421634, 0.4851613994359214, 0.5356924396842669, 0.6191811273770047, 0.45230855357079935, 0.46920576256931257, 0.4575788089851195, 0.37096617563973155, 0.4060503551858472, 0.5259127351986735, 0.5091353212813647, 0.5688305729378461, 0.6140785339172853, 0.4072523767639182, 0.4689237274632869, 0.41300979153523726], [0.4763116501601092, 0.26638569224323894, 0.49269795116803927, 0.4126400727904564, 0.5250160515417177, 0.3916643219266576, 0.45368420822501526, 0.5804061029687937, 0.42100389876482835, 0.3391557764248843, 0.41694565820066365, 0.44803227528246975, 0.40249398703973355, 0.6851362574419975, 0.5627466429667889, 0.5720118842870026, 0.5803269410787836, 0.34246414785882784, 0.4655370064597012, 0.5641223532565245], [0.45594233939350176, 0.3156541996438132, 0.40853801979281823, 0.4287462281546153, 0.49902682720269737, 0.455354430598087, 0.4885796111175221, 0.5599636968171935, 0.47666204776013, 0.39728287137130086, 0.47495338326073955, 0.4164990766466125, 0.43921398655899757, 0.593402831338126, 0.5555818264570264, 0.5587174070358437, 0.4893555666700665, 0.40418217807708073, 0.4252149155671927, 0.464337742583774], [0.4545690386004198, 0.3097880589142194, 0.4833719489746181, 0.4482668041522991, 0.5255700704470802, 0.4568315355788635, 0.6085398794100204, 0.6542398241705145, 0.4298576159060795, 0.3976212193586307, 0.48029559393461985, 0.4297720484763607, 0.38262509485841034, 0.6536196464030599, 0.5774903765072773, 0.5297856053248421, 0.540723785731253, 0.41476340416125346, 0.4880987587288477, 0.5081284209264813], [0.4073641230825441, 0.18563671216963382, 0.36836840991261716, 0.354071961906407, 0.4824352687713472, 0.46861519918174493, 0.6035685368411606, 0.4626584026028038, 0.49039235292046746, 0.47363596882948383, 0.43648218835544667, 0.35495021689902867, 0.42729007464956814, 0.6361487578800927, 0.8308970345946348, 0.5380994317654592, 0.5900192814500299, 0.394422283535325, 0.5203129690448894, 0.5018064898070945]], "U": [[0.2383467274640411, 0.06610839284688405, 0.14976460511973774, 0.09272501931231693, 0.03313912736118791, 0.2174017437381504, 0.04830811505027274, 0.03209796129794011, 0.027142576760849173, 0.036119480094698814, 0.05884625095392104], [0.12554967689398785, 0.055393483368619774, 0.36468966047156604, 0.0919812551184517, 0.038004423388936934, 0.11433227770213523, 0.05582753100385132, 0.03309671987048502, 0.026248347213658197, 0.039751609058361, 0.055125015909946215], [0.1533584634601123, 0.11549094053822682, 0.08278217297985387, 0.12760182855464092, 0.05476581961941105, 0.14492639183221181, 0.06631020193374218, 0.05596524761966441, 0.047644047153973204, 0.05228791175055182, 0.0988669745576113], [0.14797246964636399, 0.08278525326645456, 0.25878122512438745, 0.06258642558101392, 0.06447682961750414, 0.15993508818591137, 0.03313101085838102, 0.03757035351833103, 0.03350053879577379, 0.04288195739361463, 0.07637884801226433], [0.12211552224312767, 0.11078877658276567, 0.2482726724619951, 0.085377557960366, 0.06416622916360659, 0.12117763824110832, 0.0476162336010144, 0.033379184436183894, 0.04107834642647031, 0.04274084106876159, 0.08328699781459993], [0.16231536997252607, 0.14692235800052547, 0.13168322350760525, 0.09023814234315004, 0.06217237335432349, 0.15561314378019125, 0.035052102317172186, 0.03351524018707902, 0.03143192705431888, 0.04013863039262015, 0.11091748909048837], [0.2435236209754876, 0.09265561486139025, 0.1024240314363463, 0.05593553634614351, 0.07815272661496925, 0.24640887516283033, 0.025869169121810875, 0.030348805593835727, 0.03208335416988909, 0.03185329525006982, 0.060744970467227266], [0.13824531522832642, 0.1245421391162197, 0.14996256863303745, 0.0912736618901792, 0.06510448069714009, 0.11894180163777687, 0.05789063775295272, 0.04820780503533196, 0.052013084194150676, 0.05431089678148672, 0.09950760903339814], [0.16658639433955846, 0.11582588393456984, 0.07966502151482545, 0.17543158734303754, 0.031072066288154766, 0.162450805259486, 0.06205858696131588, 0.0337706621652395, 0.04508038951714527, 0.021980403521301633, 0.1060781991553654], [0.1456426085726086, 0.08792172373691737, 0.2123462997716807, 0.08991858218050383, 0.058299353744304484, 0.13848998086732944, 0.054738731828681726, 0.04207351788440345, 0.041247282844552854, 0.04627581463928696, 0.08304610392973058], [0.12758019661738404, 0.06857669285753146, 0.319401491216274, 0.055078453360855616, 0.06039649544224692, 0.12920498038867803, 0.04630752716377951, 0.05920616945733767, 0.0319440362309372, 0.03879139750022516, 0.06351255976475122], [0.1683068314198909, 0.10035367575618286, 0.1687813632221195, 0.09512187826715986, 0.044297714804378927, 0.15074281152694718, 0.05003267270694907, 0.04418205455426138, 0.03251496483901327, 0.04896191803915387, 0.09670411486394291], [0.16409800180424586, 0.12827049671675733, 0.10380325164369426, 0.16186525056356, 0.03129956976645201, 0.12942754008111365, 0.059792503885673226, 0.03068990730015012, 0.030677022606055752, 0.06310073653433138, 0.09697571909796676], [0.11988894262933197, 0.08485922901903321, 0.11874000473959864, 0.06242233066970836, 0.048050497072309066, 0.11955813029469244, 0.06694028808183253, 0.13328071228931754, 0.0695009866167036, 0.07699272674468687, 0.09976615184278584], [0.1571949206034143, 0.06073907757504381, 0.27383878599669265, 0.09347028704771594, 0.03346060068180936, 0.15697846426528955, 0.04735847022868206, 0.03301067079401456, 0.03963785173290691, 0.045808818585504923, 0.05850205248892559], [0.12656389122968797, 0.06599902044443241, 0.3633448275747549, 0.06915602727019056, 0.0443132272787529, 0.13343411930703256, 0.04168660338180589, 0.03529881670864742, 0.03062425481619964, 0.03515170093290305, 0.054427511055592535], [0.1500664401863252, 0.06294328948041666, 0.3406662753339257, 0.06393454150004461, 0.046337226526486225, 0.14132584021176592, 0.03707940907240865, 0.02647151645008969, 0.03536380927952249, 0.034838788903356295, 0.0609728630556579], [0.25478504609181607, 0.09618959997623282, 0.06543373224545727, 0.10619483712073657, 0.028855230227166264, 0.21966852481787694, 0.046998225150199066, 0.026850541450331174, 0.02412638165556792, 0.05053134136053901, 0.08036653990407659], [0.1115562431018641, 0.08724769602488941, 0.14505366703747907, 0.07157613094407889, 0.03984312120986621, 0.11832114413364703, 0.05163494318665422, 0.13556131532135873, 0.04787953930969314, 0.0877219850969102, 0.1036042146335592], [0.23587985781616577, 0.08434554326871133, 0.09531236398352572, 0.1065102323206593, 0.03127067217580022, 0.22081854581785967, 0.0408251345821016, 0.0375485946012517, 0.031612492931375455, 0.029826590361893654, 0.0860499721406556], [0.14969800514171738, 0.13503767539742595, 0.11108185591638627, 0.16089361042054726, 0.04148196522731501, 0.12174937835438339, 0.06136621456097317, 0.039743496804807425, 0.02697850464687834, 0.05538280819456801, 0.09658648533499746], [0.1908811343454658, 0.07284495740787944, 0.16399778183147146, 0.06921291571311443, 0.0693331115313155, 0.18785128696864245, 0.03541153302576827, 0.051921211853534335, 0.038943685789957154, 0.040330914506636555, 0.07927146702621445], [0.14848441455168174, 0.1796767190278582, 0.09283813216112367, 0.16923018327991013, 0.021185155884182048, 0.12203434581163423, 0.0474227093626472, 0.022643101366868534, 0.01262398584841104, 0.0485002037251321, 0.13536104898055087], [0.18183562881915216, 0.07415145709322235, 0.1576557090989589, 0.07654696391507253, 0.038607537129666206, 0.1792163597012492, 0.049867706786047426, 0.06687093812899358, 0.04605664300237668, 0.041981806138837376, 0.08720925018642368], [0.12573911429041243, 0.1048440652616856, 0.25370185462635303, 0.145158644111631, 0.03502612606119582, 0.09754096249578968, 0.062381062342828586, 0.022195156368755624, 0.025465598766198295, 0.04858296867951649, 0.07936444699563357], [0.09287935960035074, 0.05144696785824942, 0.329057657237951, 0.05503888287352202, 0.041433221296683344, 0.08296934281553087, 0.05511577812973107, 0.09876333641185317, 0.05111006485127655, 0.07817142505844997, 0.06401396386640179], [0.2117466409786374, 0.0817833952080414, 0.06010727355706316, 0.11842797239504664, 0.05467898329277988, 0.20103893081759494, 0.06779359196040677, 0.03620861438771616, 0.05372242840914796, 0.03561687148186915, 0.07887529751169635], [0.10197598551697752, 0.08844983195617455, 0.28126701040730456, 0.0967901923822001, 0.03580291691261703, 0.10025949010400434, 0.06003532488385268, 0.059984926425528315, 0.035320082791243476, 0.0640074989591123, 0.07610673966098483], [0.14351085215622694, 0.11687780786290101, 0.18703331247045268, 0.11878677389741263, 0.03921881717909218, 0.131126108049562, 0.060725055221639936, 0.0371282333866271, 0.03129123110230989, 0.047727503950336134, 0.08657430472343966], [0.15603488391241363, 0.08175249479052588, 0.1249673062957547, 0.05769229890399805, 0.0625826136497113, 0.14566706594969347, 0.05266859136355134, 0.08903517223308585, 0.06044028798450636, 0.07120586664946403, 0.09795341826729549], [0.1978976715446157, 0.09503139437398447, 0.10003807229119308, 0.06951540002607158, 0.07425376672274905, 0.20379093657603622, 0.03173630672133585, 0.05329693615004831, 0.03484897603201025, 0.049924305596830774, 0.08966623396512478], [0.11195398456906946, 0.11801890139849343, 0.07088681010808841, 0.06166237352768467, 0.06314888607110306, 0.1280351852686775, 0.04326396783972425, 0.14294439640884404, 0.05789400311611509, 0.0706714743472002, 0.1315200173449997], [0.22737986980085503, 0.06875595898559181, 0.15869707332280955, 0.07509477722616936, 0.05408370657521135, 0.21210882188383576, 0.039818943037298764, 0.03531847351142533, 0.03343157815938103, 0.034537902755781384, 0.06077289474164029], [0.18404366390822724, 0.11539200160520613, 0.11808455992878254, 0.08494802629910078, 0.06260009385060185, 0.16879231574705597, 0.042890986574827795, 0.048320467702480205, 0.044099062580585394, 0.04005533389685513, 0.09077348790627669], [0.11530615270175289, 0.11186522185416996, 0.203368347239776, 0.11207062208210254, 0.04383540300323712, 0.1045818823481162, 0.07200179272794399, 0.038090421025733234, 0.04889983626741279, 0.05016082163692516, 0.09981949911283047], [0.08810707780491336, 0.17241294990252146, 0.19398377109538356, 0.12026565108663284, 0.04343016661694174, 0.08313467753459128, 0.05036422698417588, 0.03437825221915379, 0.03739918315868706, 0.04341103488158957, 0.13311300871540968], [0.11923671752862244, 0.0771143263550904, 0.28667314372260566, 0.07917282435621459, 0.054505650102138974, 0.11932007095067317, 0.05493868508281792, 0.04134438485566043, 0.04576868581786927, 0.05306614457067043, 0.06885936665763656], [0.19024284173357656, 0.03143144944105342, 0.2809112836582878, 0.05351613995832625, 0.04755354742634264, 0.197462755695895, 0.02786338690878955, 0.041553407963527016, 0.03910751683864361, 0.04051190540971819, 0.04984576496583957], [0.1480166846828051, 0.10924070422834621, 0.18926476785972818, 0.11618915965497571, 0.04412589575262991, 0.13301193934623967, 0.04671549277066089, 0.035329927141970356, 0.022635215411562784, 0.06447115990776456, 0.09099905324331724], [0.22008545617596942, 0.12463308395057461, 0.06433211041414925, 0.047547235745961224, 0.11564416059891937, 0.2471973564019326, 0.021467675553843504, 0.03599912046875958, 0.02740578934679947, 0.024884054035087352, 0.07080395730800372], [0.1606538208164751, 0.08276067467390402, 0.1676908127452703, 0.1207629443557659, 0.040049197146306705, 0.15717487801109797, 0.05176997312255542, 0.04005726471596835, 0.04598985766752713, 0.043807959877093634, 0.08928261686803557], [0.20765618333036656, 0.08209506661525431, 0.1059478160273167, 0.1225765288155002, 0.03923661583929181, 0.17366100551348954, 0.0551934897996191, 0.045248852833273116, 0.04710805905110593, 0.04761613899843933, 0.07366024317634277], [0.29607244137927924, 0.0245879657667977, 0.22829842925551838, 0.032798111419236074, 0.017404501856112017, 0.29321389822018756, 0.01818471258250955, 0.0218201099492963, 0.015421773945814258, 0.02063272049167691, 0.03156533513357329], [0.13515814750699456, 0.10871730928076274, 0.2363194448186742, 0.10920845309592571, 0.03744794739574526, 0.12194657713698297, 0.04594374762502151, 0.03778486232530866, 0.026934466864641207, 0.04655625240451769, 0.09398279154542526], [0.14751442237122878, 0.07053669092128496, 0.3062009699407582, 0.05809488626385237, 0.0597076445887426, 0.16153835371102152, 0.03535673620649879, 0.04015053638302422, 0.028200453061283444, 0.03338118710827396, 0.05931811944403048], [0.10774363421845184, 0.08032043173343188, 0.3073557387669541, 0.07401972864408811, 0.046588151516479936, 0.1217655497045752, 0.046039819397243824, 0.05726111308055744, 0.03688760170231316, 0.04130054532278277, 0.08071768591312192], [0.1465859778687721, 0.15784253680396265, 0.07409671323886617, 0.16693913126170573, 0.030737233318281054, 0.12031563092783829, 0.06090322253369847, 0.030317929005376696, 0.029785817140173493, 0.0610781629751525, 0.12139764492617333], [0.19290248618159236, 0.10068936334259147, 0.16288444994154674, 0.08682119125089648, 0.03209610997468649, 0.19245347758874268, 0.03511089363686826, 0.035516214540842854, 0.030233702777379853, 0.03179532270535114, 0.09949678805950182], [0.15782954017067402, 0.08437028322499443, 0.23198794586147892, 0.0798812966769364, 0.0367215844866718, 0.16012993380360785, 0.04380709997412297, 0.04052072161652023, 0.04458867368716335, 0.0432801991640876, 0.07688272133374233], [0.2523198422191574, 0.057188803083370356, 0.13921873702718934, 0.0943235233329416, 0.04118053948147443, 0.21262112724468676, 0.056874499399360345, 0.03010947660037206, 0.03241082452598575, 0.03587402588726909, 0.047878601198193156], [0.1599031974729178, 0.041178792604675565, 0.2846155671303818, 0.08067327779782985, 0.042905908095414266, 0.16757063716141155, 0.04521182543513211, 0.04531955287315533, 0.04010905400219824, 0.03942597324010709, 0.05308621418677671], [0.17869700426144547, 0.10409440705555495, 0.11920489833201779, 0.12572777295802554, 0.04145489970905248, 0.16901644566587717, 0.0485469299537009, 0.03493786806173998, 0.04027635474065413, 0.04445210588199953, 0.09359131337993268], [0.1734129105809437, 0.04859709160285754, 0.2224096584862869, 0.05302308378712385, 0.05478430407775901, 0.15330600206633802, 0.03294209591622846, 0.07753365453611202, 0.03686561555923567, 0.08398329401723095, 0.06314228936988371], [0.12071497172573682, 0.12798429282689747, 0.09429984980205527, 0.09228126551000339, 0.06751429169497779, 0.13186515189801817, 0.05109401350515886, 0.0824419194035225, 0.05160962783368828, 0.06109819549492689, 0.11909642030501452], [0.15613054835035334, 0.07188545552374125, 0.3124891432921158, 0.09027490591506176, 0.030528240984780255, 0.1416697098094926, 0.04379186450340444, 0.027693977051736183, 0.02416174266908323, 0.04125041244180756, 0.06012399945842375], [0.12495156805418069, 0.1372664542358732, 0.0947198061981975, 0.14893060775210937, 0.0576099108231319, 0.10412464416077868, 0.07078001522926243, 0.04880770846580735, 0.062211646172635374, 0.03205225979985209, 0.11854537910817163], [0.14121353176134838, 0.1668855364692336, 0.05084480253098914, 0.15593362310479983, 0.04763558214576878, 0.1380197264971045, 0.04532848233809288, 0.03137264387208583, 0.039904149868755685, 0.031756607888370564, 0.1511053135234504], [0.19342421188424289, 0.10442416828527995, 0.0644171028341043, 0.14011944779586968, 0.04690442749791596, 0.18011874737029643, 0.0708812668719273, 0.03536250051725763, 0.055936616257091516, 0.021933161129517806, 0.08647834955649635], [0.1999230119670119, 0.0910052430139479, 0.10441836222146733, 0.1040037267226854, 0.06274278909046552, 0.16685994633251316, 0.06132695031066774, 0.03816286915777044, 0.04496859284940523, 0.053587770425679866, 0.07300073790838554], [0.07758730825068111, 0.04645908596650598, 0.33412151982074056, 0.04052507702061356, 0.06489505328469553, 0.09072958977381694, 0.06514914351120853, 0.10202463096783075, 0.04883987327555162, 0.06786000076254743, 0.06180871736580825], [0.09201328113611067, 0.038671224807307406, 0.5520891912297149, 0.06754711095337766, 0.019960686921373316, 0.09212939066661889, 0.030976828195814668, 0.024987029095946436, 0.014570068049003052, 0.03148692682317646, 0.03556826212155638], [0.22795791965612522, 0.06517460539241388, 0.13799262555997124, 0.06606563240732798, 0.06022246531253771, 0.2168930187612448, 0.049469884705030664, 0.035729970257896836, 0.043036343263935385, 0.04188649197530816, 0.055571042708208084], [0.25302991717274315, 0.05152020348189531, 0.1527703910755347, 0.05161908839286091, 0.05407306007822037, 0.237848970191868, 0.030771953822113077, 0.047095494397745054, 0.029662406515989604, 0.03757836312709655, 0.054030151743933365], [0.1752358663059099, 0.08344015882501263, 0.18790312720571573, 0.09960125534277121, 0.03174577416976242, 0.1829636610218982, 0.036869843664872545, 0.035343664680906925, 0.031213334208690185, 0.041951539331199855, 0.09373177524326019], [0.1111816874768189, 0.07833948754923989, 0.24836203062511675, 0.07725592101640481, 0.06245488367120368, 0.09495582089421817, 0.06509099774512651, 0.07023455883607645, 0.05503731235856641, 0.04364178793121002, 0.09344551189601832], [0.14971317449657484, 0.11136013863891607, 0.10380217292824342, 0.12173557380208842, 0.04360349910230722, 0.16941589924531772, 0.0614397257888276, 0.047661642906387615, 0.03616468331921747, 0.041741082232396684, 0.11336240753972252], [0.18375480785933576, 0.06422553341146653, 0.22572761661252824, 0.07018628875715273, 0.03459903399959372, 0.1776357482025652, 0.03750656001891595, 0.055677523874164636, 0.029813405973082508, 0.046785967501710796, 0.07408751378948468], [0.10180803153506851, 0.08612427246115259, 0.3005913807089155, 0.11640471793316351, 0.030854228562632344, 0.09722574375005434, 0.06921353120050225, 0.03840861012783458, 0.03527010221775266, 0.045097587209208756, 0.07900179429371469], [0.19076554850557823, 0.07661823113445103, 0.17310635578682587, 0.08079468073606201, 0.0546091854525178, 0.17643418235095376, 0.046063478797020684, 0.04240894976654646, 0.03718339456124378, 0.040189103263046595, 0.08182688964575366], [0.17960432126320927, 0.06920263542658488, 0.17684950119752976, 0.08446450940769488, 0.045422122664255625, 0.16986088585480055, 0.04628137956484775, 0.04521430530630663, 0.04237049953463433, 0.0632098683220502, 0.07751997145808538], [0.14613136248100445, 0.09972104704849404, 0.10999020368916057, 0.16901379597996402, 0.024590877525342253, 0.15103184992152316, 0.071579378779432, 0.040883581835800334, 0.05312455002177232, 0.03253770875410331, 0.10139564396340359], [0.167245541240635, 0.0670329994301554, 0.32822387827799426, 0.09775103839023426, 0.024040873347143735, 0.14400239112930582, 0.03815219127042429, 0.022870533351367142, 0.019569669496457137, 0.03598168596021442, 0.05512919810606937], [0.15240409672969163, 0.11327551874195177, 0.13434109821777065, 0.14026351697468697, 0.03761165180342293, 0.12900784752533886, 0.06800278456041466, 0.04329590158613009, 0.03132818209223639, 0.06105223695505574, 0.08941716481329953], [0.18939700971857323, 0.0628833636692562, 0.2543555824101038, 0.05844617225994412, 0.05099623218292675, 0.19839465758147987, 0.03130140555420379, 0.03230580721043487, 0.03014271558355066, 0.03412309970950934, 0.057653954120017406], [0.15570089981971258, 0.14364375515808028, 0.12883938393432298, 0.06263930962046702, 0.08467813000342506, 0.15129044099972538, 0.05015042484225726, 0.042913069481808466, 0.05194160023772518, 0.04339198802082779, 0.08481099788164813], [0.17315881700146288, 0.07745414601686168, 0.22862913306738927, 0.07217630656333592, 0.05082808890431228, 0.1686029097399281, 0.041172793569206015, 0.04405082035573504, 0.03490909824642801, 0.0406354989939014, 0.06838238754143944], [0.13136108944896313, 0.09664158204016099, 0.25349029147688645, 0.13023940126151176, 0.032693102248092167, 0.1154943479755668, 0.06486009075933014, 0.03166312998514072, 0.02956368428459091, 0.042922750263359274, 0.0710705302563976], [0.14966650403199555, 0.14011176948119186, 0.14416299145477826, 0.12933444175789147, 0.04097301428500738, 0.143597118893515, 0.039980806285571185, 0.02965429327657615, 0.029848896937757562, 0.03379454432325125, 0.11887561927246411], [0.2240016767581194, 0.06433268857342511, 0.14873236147085162, 0.08227886625057251, 0.048878171917450794, 0.21557319936776997, 0.03811225266575541, 0.042839309611847474, 0.04087525381243612, 0.032322849959541315, 0.06205336961222971], [0.18706662365672005, 0.07227610342416367, 0.17938286263878223, 0.08964273579072642, 0.04346110965698717, 0.17691142642592958, 0.0536254116141661, 0.04965233365960639, 0.03940010615426853, 0.04231053790709411, 0.06627074907155592], [0.2452280315976257, 0.07046793394121047, 0.07142440649911146, 0.08928788895105697, 0.046778220034843394, 0.2256614357065075, 0.04774849508838183, 0.05217270207104828, 0.04754170977145094, 0.0380682547069047, 0.06562092163185819], [0.2023178838807198, 0.0852025244046038, 0.03115874941327721, 0.1740902974117807, 0.03301097983293559, 0.16248399734690716, 0.07751913220018974, 0.04843284746916799, 0.05028016630911378, 0.045871205308574595, 0.08963221642272963], [0.23904173128762582, 0.08869112556592952, 0.10619874082296528, 0.07892094960813574, 0.032643433964174504, 0.23906586940920704, 0.0385676815688478, 0.028610838270460067, 0.02570725764132226, 0.03657334098231738, 0.0859790308790148], [0.26597126379353053, 0.056140811224344146, 0.12769323125448595, 0.05500500142927527, 0.05327141672616793, 0.26470376439525406, 0.0254621473936612, 0.038353312877581015, 0.023775218139289393, 0.026057446135246912, 0.0635663866311643], [0.1719184817682582, 0.11333801304624697, 0.16749971821633777, 0.06613481457626501, 0.07681289778751485, 0.17728838437085548, 0.035677642527963446, 0.033733185908995454, 0.04054642343577972, 0.03684486942764406, 0.08020556893413895], [0.16113196442949954, 0.09923181083486439, 0.20741479091835632, 0.07407697814976764, 0.06287491658737576, 0.14705283761145047, 0.04207411454195531, 0.04311427059047614, 0.045586890827781605, 0.03597405289621318, 0.08146737261225924], [0.16249316309766582, 0.12897881552105506, 0.07325456220035494, 0.14269847418552456, 0.03786797215358892, 0.16134849864533068, 0.05445914220098363, 0.03658639395338671, 0.034358657942604974, 0.054087474760352756, 0.11386684533915181], [0.161408522534505, 0.09386164594370319, 0.17916744083382583, 0.12795646230533603, 0.03225617165685873, 0.15291695122921437, 0.0615070649635386, 0.03385323106376588, 0.023699664175876507, 0.05096321253081866, 0.08240963276255737], [0.14546977819935997, 0.14960428007394483, 0.1006607977198537, 0.12171727278224084, 0.048959582044636595, 0.12592862573552221, 0.05570271001043926, 0.03935149866611023, 0.04263208309941068, 0.04621649978193945, 0.12375687188654258], [0.16644850020827762, 0.11421535168988796, 0.14444227149405528, 0.08697038243640179, 0.06525512709253657, 0.1601080418082532, 0.04160745398489935, 0.04421519468414332, 0.04171130364647754, 0.047120833827604736, 0.0879055391274626], [0.16007438343621996, 0.05906468273960978, 0.3204008142284689, 0.06790916199280293, 0.04327088193274495, 0.15596169741038843, 0.035966717309418736, 0.03137648823355734, 0.03088889880850417, 0.0383673093469045, 0.05671896456137968], [0.13388983809229554, 0.11234372690039672, 0.07442154421228277, 0.1573987101305974, 0.058481129207630746, 0.12583661386656245, 0.08701463842694099, 0.05086031022498411, 0.06149104079272146, 0.04113606819317755, 0.09712637995241055], [0.13802058218382623, 0.1558912913965369, 0.06858287935479251, 0.10701978368042596, 0.07193999249759965, 0.16603005177820343, 0.04215584060401017, 0.04400068751228522, 0.0487182771663024, 0.0326145474827639, 0.1250260663432534], [0.15289280500363003, 0.13047079505162665, 0.09737700114020972, 0.09922444130814696, 0.06853275760457196, 0.15544776237887564, 0.060957152517231925, 0.04427080465580101, 0.04319963253100329, 0.05636136751793398, 0.09126548029096894], [0.24866396086279097, 0.06387709388563803, 0.12132918165953661, 0.0669562052376778, 0.04808382390548488, 0.23446591145269532, 0.03833270899977355, 0.03897606168191886, 0.03430732047665778, 0.0390024677457384, 0.06600526409208751], [0.19875176090468927, 0.04788457977408479, 0.23292329175588292, 0.05308973643848791, 0.02870604007103783, 0.19721208404054885, 0.030652284581559695, 0.0648315584252323, 0.029177842579778634, 0.050968850077081115, 0.06580197135161706], [0.1498809916266378, 0.08898732108322156, 0.23512705663357045, 0.08233195267391431, 0.05682209658321557, 0.1488883312976739, 0.040188067715891986, 0.03862303249530518, 0.043635366711486094, 0.03938312127910105, 0.07613266189998258], [0.15420291687149631, 0.1370340875760815, 0.1169068966317328, 0.06017758179696597, 0.09388051160275962, 0.17999542065948468, 0.032109256887099605, 0.04764913854559201, 0.036244211973915884, 0.05294802195402115, 0.08885195550085032], [0.1552173433777604, 0.06393053166470411, 0.31964499965332277, 0.04579545701417085, 0.06534796772321287, 0.166791812202127, 0.020144150203262483, 0.02851530924320463, 0.03758357510893769, 0.04053967539379897, 0.05648917841549868], [0.159184193648468, 0.0855824263630785, 0.19579829756970385, 0.08380989415067543, 0.04655311885771126, 0.14758147134159447, 0.042281558832593304, 0.060961847859334305, 0.03812371625435677, 0.05789454397312257, 0.08222893114936133], [0.21071158686814984, 0.04450420944550272, 0.1913002279681301, 0.11021762927583421, 0.0339279007028615, 0.19893111830774218, 0.05855166699975925, 0.027071201840003396, 0.04688258720430913, 0.03470922118353809, 0.043192650204169306], [0.23270988262079634, 0.09382464975432071, 0.0997809967694798, 0.06672655632552286, 0.04048199663897222, 0.2267160953040192, 0.02646062365207737, 0.04284331337117374, 0.027855501336925555, 0.040872703601339794, 0.10172768062537217], [0.268492126134001, 0.06918805052026146, 0.12908252004178727, 0.07647716217573786, 0.035305173680050816, 0.24311393927474037, 0.034040098582490776, 0.02672521073875388, 0.023257944354580395, 0.02778296993298653, 0.06653480456461035], [0.11619391909484635, 0.18604701382056837, 0.10137163976520007, 0.11972898576379915, 0.04693717374555437, 0.11531602936721895, 0.042087270737796126, 0.038136517140036026, 0.03330877843030466, 0.03267186237661604, 0.16820080975805995], [0.15808874103091833, 0.1232454772038164, 0.0989976487828145, 0.08446639893120611, 0.0778954428868439, 0.18095258122200214, 0.04782027406999487, 0.05248492420397851, 0.042320029132638735, 0.047662343099844816, 0.08606613943594198], [0.16265936901335412, 0.12430989515421012, 0.11328541625151523, 0.09857462596995441, 0.0510288186445045, 0.16612698559944006, 0.043062811623419406, 0.04820269383846559, 0.04392016168256786, 0.04251415845110504, 0.10631506377146392], [0.11189521964832186, 0.1730665865525092, 0.06092155826428128, 0.12047832728538638, 0.05529917034571505, 0.12497650427251569, 0.054085361058781936, 0.058320745712183604, 0.055375373307243264, 0.03837293764030707, 0.14720821591275463], [0.2397139739770916, 0.061487376646500766, 0.14370259472824157, 0.08016802486930713, 0.04336745300252458, 0.20530839499545062, 0.04862191741903687, 0.04688233437052995, 0.03083878849628009, 0.045515366895055163, 0.05439377459998204], [0.2271554907445495, 0.054347494836411096, 0.06471829383626092, 0.16848106912767546, 0.03654023580292005, 0.20243026207654818, 0.07837414876601223, 0.03436952920963874, 0.05960346048171317, 0.021511403957896042, 0.052468611160375135], [0.3132374675868671, 0.06706058370825657, 0.09331458759006714, 0.08498412285044653, 0.02488131919619312, 0.2633955184984837, 0.03031155501261397, 0.02328778794947276, 0.01760334217364343, 0.026555443394235833, 0.05536827203971981], [0.2114904610308171, 0.08730918891921635, 0.12253052748819557, 0.09931905776130785, 0.02906363935871921, 0.20903857982711568, 0.039193626240380024, 0.03915492016329738, 0.032659590626712434, 0.02874760379918084, 0.10149280478505805], [0.17300285838892548, 0.08631745861365173, 0.19768753761288646, 0.11138275053878735, 0.04035737790392836, 0.14823846589055104, 0.0595922253143255, 0.031732709221963806, 0.037158573799827566, 0.04806888786444164, 0.06646115485071155], [0.1751223212729002, 0.11701403961427498, 0.17066563773028873, 0.10603910306250199, 0.03708194420130463, 0.1655182610669258, 0.03739128828078296, 0.030022907824920016, 0.021165111378174152, 0.04387371815118466, 0.09610566741674195], [0.1877501848695506, 0.08301221084742022, 0.2018534798614622, 0.058739325176453076, 0.06568405193761251, 0.20003802879519716, 0.03645534905169334, 0.039419323221852674, 0.029871041562180033, 0.035065404184260345, 0.062111600492318134], [0.1472122242691136, 0.04559266531917738, 0.07131462023685947, 0.06190090318815599, 0.05016331039727134, 0.12671927903995725, 0.05520969784620895, 0.199075620003008, 0.07743912001659274, 0.0770232996266461, 0.08834926005700897], [0.16808544712045245, 0.11834219608667057, 0.13602243881128384, 0.12867035335839497, 0.0410634551128439, 0.1470115808350235, 0.052396978875818824, 0.03287752513576104, 0.02888888276788818, 0.05726207504630751, 0.0893790668495553], [0.12561550784675263, 0.1896799226332581, 0.0604045182175776, 0.12019326935287908, 0.04264398000897116, 0.12367687308561925, 0.04043858186204837, 0.0494626597026484, 0.030449457857029818, 0.04264342226943214, 0.17479180716378315], [0.11826886014706883, 0.1252863298556212, 0.15149309863315696, 0.11241571503601056, 0.032865951569765635, 0.11478491782100557, 0.04660714606568992, 0.07106290151401116, 0.04601120846739959, 0.04614131001857117, 0.1350625608716992], [0.1950936316983095, 0.08826677279529983, 0.09609115806456664, 0.06040572332146531, 0.08369772963353696, 0.21362616477516497, 0.039987214160360655, 0.03772971859969255, 0.05451869599051788, 0.05209345380949947, 0.07848973715158578], [0.14546142144582985, 0.16797152556549164, 0.06622476659210873, 0.09809004167860799, 0.07929406080718585, 0.16471034561408712, 0.03396994643649746, 0.04173702716881891, 0.04463907869033074, 0.03766787139609266, 0.12023391460494931], [0.20644712621662012, 0.08911623632793869, 0.08459275411543586, 0.04178269586862075, 0.0910795632708344, 0.22385687189414893, 0.04029930551301804, 0.05573984863952475, 0.04538087585174509, 0.05543951740390537, 0.06626520489820786], [0.1292259558481183, 0.1298056055153785, 0.16208953819376082, 0.10798628660464693, 0.04439359238144342, 0.1407662240479246, 0.049113959883160925, 0.0344508128635068, 0.04366209854129563, 0.0318775640375646, 0.12662836208319941], [0.09860626681450595, 0.21093984885622447, 0.06917122591530217, 0.09933697908655018, 0.05846624736338367, 0.10926061450438923, 0.03578903945674534, 0.05651858209440276, 0.039020001069073135, 0.031158399941537563, 0.19173279489788567], [0.0939934051779618, 0.16051787522371075, 0.10103712305633311, 0.12794379382274224, 0.05424053510276834, 0.10513446418579785, 0.056885766391067655, 0.06024235921885646, 0.046615183028354344, 0.045734565024865004, 0.1476549297675424], [0.11025090638415341, 0.14372494127190735, 0.08263512312762242, 0.09713844806309889, 0.06071258465296712, 0.10633732955085283, 0.05406224033426576, 0.07557691115506077, 0.06071819218132991, 0.05202084606567336, 0.15682247721306816], [0.1732506550618432, 0.0573584851242132, 0.29260639299788205, 0.07777081730705808, 0.037229475233443984, 0.17067091374667068, 0.03485530312130698, 0.025569968064875243, 0.027651091721835098, 0.049822749467821024, 0.05321414815305088], [0.15149222883479493, 0.08485291273793089, 0.1862213977946673, 0.1126875784607169, 0.03373247176952298, 0.15234661467728935, 0.06860899349325887, 0.04457864687450883, 0.04935147498358906, 0.040266735518393, 0.07586094485532704], [0.22214709257970633, 0.0412632758081984, 0.2467919919349898, 0.026765612020562917, 0.05654160178369494, 0.22368217753753353, 0.020367140987127063, 0.0442250687517998, 0.02198681998267892, 0.04726735011247935, 0.0489618685012292], [0.2100395398130476, 0.08707555337229174, 0.09728446837472476, 0.14177772501923988, 0.030300501580268945, 0.18733508257161538, 0.06453563377266439, 0.03211115111515419, 0.03403853092804569, 0.049596241022545166, 0.06590557243040251], [0.17280972892970647, 0.10394660456263785, 0.10753121917084642, 0.0763285351047103, 0.0694583166422806, 0.17447241149331064, 0.04712686925187045, 0.05230541944879366, 0.04838912140132637, 0.05737258021283646, 0.09025919378168056], [0.15493701440090354, 0.07164896023933552, 0.26059425861816926, 0.09083314257277121, 0.034843672642534226, 0.13964346657030244, 0.04834242151606211, 0.046319946791081076, 0.03748725275787465, 0.04594236645855942, 0.06940749743240669], [0.19353165454171034, 0.07515087287925122, 0.15087786600024017, 0.0830472024671824, 0.06310471408603087, 0.17609613501238044, 0.05127551331984281, 0.04638886774879107, 0.