{"estimation": {"a": 3.8424466939293116, "rho": [0.09788282499142191, 0.140456783918325, 0.1892811152312016, 0.14855866308976406, 0.1553197513861923, 0.0753264508663213, 0.06850406370605684, 0.12467034681071719], "Mu": [[0.3765647877692565, 1.5827230219398272, 2.3795200813755133, 1.0354965419446438, 1.4347510623570268, -2.30104619262215, 0.43894443638359204, 1.3559722135196381, -0.9211137313561326, -5.19475605098952, 2.257649077925407, -5.2607742749042155, -2.627311467807683, 2.731027323920246, -2.1116748568928716, -0.4515397716836732, -1.3209654172432133, -2.253965532471602, -1.4659296768146115, 0.5102728957129836], [-2.815583342941922, 2.8015739032977303, -0.2051558648056985, 1.0282800331615078, -3.4971455029348166, -2.524276592683185, -0.3449779112138828, -9.827275722600872, -2.1961956780519, -0.4440539393343889, 1.5084507175665218, 4.969209060332002, -0.4946498808276831, -0.554743579765362, 0.9094516713427757, 2.055333684670195, 1.0656954354686676, 1.5243850817699676, -2.0451507698861526, -0.00926311967543671], [-0.5582863323422796, -0.7611498478395416, -3.1494558000034116, 2.6450953774456685, 0.2568360343334377, 6.601219974051818, 0.18237327857452826, 0.5694047097058846, -0.5691325698374294, 0.43268021006706653, -5.201501886732985, 3.11611243664008, 5.0278346455126846, -2.348732978488292, 2.5985115118539652, -3.6744229319751427, -0.6917159804812334, 5.562161082967198, 0.7732059613618426, -7.256196952185267], [-1.9968792335474046, -1.3521484982012522, -0.017404040107091727, 0.4354179655431429, -3.5970317682892943, 7.755995795357955, 3.315218845047395, 0.8770206557839716, 3.440667334379647, 1.3824040898780239, -2.7677062470992038, 4.064097568408622, 2.642489614098409, -4.295410224403223, -0.9086294811414685, -1.89783244410289, 0.014796340681178065, 5.418492027722747, -2.3844668723530695, -6.5056016925457705], [-0.12731679677070787, 1.6380567960889751, 3.844605467224244, 0.7887844207902786, 1.0961223806065417, -8.033748812566586, 0.20735867648393233, -2.7002593280469194, 1.1355515469549062, -3.2960254883365727, 0.5849861360765617, 3.5898530962737776, -0.6146435523182817, 0.8430230803872146, -1.8105820201133158, 0.9284571916540343, -0.13219954542460666, -0.046309004109613666, -2.5624893413519274, -0.7454880819548545], [0.19289519588709914, 4.0576568787269185, 0.6302884222691069, 2.314829467133472, -0.4932536124318077, 1.5017250381111242, 1.826840675461802, -0.8440348880765175, -0.6322095270820555, -5.369269290815049, 0.27952215071198133, 1.2876000927810334, -0.9495518412746937, 0.5990228628467551, -0.01703944903979266, 4.589967734195095, 0.3318270399650275, -1.3291000052261555, -0.3670400473807775, -1.5558963521458826], [1.5483332873784874, 1.588497680798373, 2.250673892126437, 0.14128275476695015, -1.9951810505004737, 1.803707296093353, 4.347620716839096, -1.0747034049775073, 2.957202204413149, -1.5710289144148275, 1.6828431591316289, 5.378622660713371, -0.42676246772374554, -2.938879338647017, 0.7188925662586659, 3.1292343242244924, 2.1609282424285614, 1.2825354897113295, -2.3695120040725546, -1.9556620681133225], [0.047022637435993345, 1.3096463814294923, -3.3038508713924446, 2.4069048397665993, -1.0754868880903, 2.252454897163449, -1.2893679770535051, -5.458375320921723, -3.7280280058457214, -0.18186249059131473, 2.243033079828321, 0.03612087705158764, 0.651541679866364, -0.31087602815113635, 4.819189521532124, -2.3085645454608805, 0.6291389567186085, 5.72747430336877, 0.44163137827179916, 0.691538747179743]], "Lambda": [[0.2838414941750611, 0.4476287972389807, 0.2707511590808515, 0.3007112339413804, 0.4378301476185149, 0.5433623176759473, 0.47580824284188805, 0.655541945358343, 0.7283929946834605, 0.29835753478882393, 0.5194520499022138, 0.2541653879823095, 0.7554818806112763, 0.4728421039237167, 0.5744893263118714, 0.35765194841873693, 0.2629718734971634, 0.3136481838854752, 0.4699439129660287, 0.47308436295901035], [0.48016180765311467, 0.35821653521224534, 0.5901992688042421, 0.25875776025555186, 0.6541207030720434, 0.2467802002471566, 0.3588750010881283, 0.17867682072804947, 0.5357845301656926, 0.4083115170429767, 0.3451807280326336, 0.14510148449534302, 0.3221992917776853, 0.6048348815481216, 0.2992729747659621, 0.3515234203905688, 0.6631089598763806, 0.3804064288489353, 0.32701127937598834, 1.1422724234732746], [0.3353234039459146, 0.6472583840686166, 0.4525855773387394, 0.49216516732944904, 0.5235315575304929, 0.26152428944895234, 0.446191870973607, 0.48734188659153677, 0.5842510269155303, 0.7870452859440901, 0.26021598691601544, 0.1407824803930779, 0.5081456231906348, 0.17168601443893036, 0.20163792612516332, 0.7104023277933166, 0.7647787180302804, 0.5068541302161356, 0.3745568656412313, 0.4426756826574479], [0.5712424403316576, 0.9559802827874304, 0.6780103634792352, 0.45917500703758823, 0.46324921690594134, 0.3576516565950736, 0.41596499684781113, 0.5861367940320751, 0.34124438812764246, 0.7922779495044764, 0.3566989719976332, 0.10027463733316119, 0.4070756990835195, 0.3841434530664132, 0.33549843178155336, 0.5172968635192918, 0.8325147456894075, 0.4116462460346502, 0.2821467196066821, 0.26962685657578855], [0.4588899600709038, 0.4872076052043963, 0.4385432141497182, 0.3204644339519308, 0.5235060902502584, 0.24328246920649987, 0.41167765993372263, 0.28513327706229935, 0.445246205043108, 0.3816178223219687, 0.4203025454965663, 0.20232106999400723, 0.3398805264375134, 0.6888115148681652, 0.3696652453034966, 0.3867007905697814, 0.5576222269505534, 0.4390673662137389, 0.36324589898968324, 0.8069737404238505], [0.5173874822950375, 0.2880566365329733, 0.2838440785812643, 0.3000344650037152, 0.6561193277478974, 0.7927732431394421, 0.454795319925906, 0.847969040867312, 0.8008428178135002, 0.41060765009524003, 0.5941847948527379, 0.26006471756088506, 0.6165131309857086, 0.29161742212591324, 0.508316294101572, 0.38464910486012144, 0.33517063037052514, 0.3945172829679562, 0.4066008996565321, 0.48134198249956994], [0.7393348551280321, 0.7959197271456402, 0.4531672572945734, 0.27749132419799843, 0.5495695413436208, 0.7706655618047565, 0.4319488851298483, 0.6442722902751301, 0.3151968307838654, 0.8287841322498624, 0.476973466820369, 0.22066755139958005, 0.31355600067528844, 0.4791952067640218, 0.4731229657304463, 0.1956119111529849, 0.3899926600725219, 0.4653220383482644, 0.3291605799762823, 0.28624435506010404], [0.2088188272650706, 0.49936418005899147, 0.4729561980371443, 0.27986959801118994, 0.59110904592716, 0.3484226264627526, 0.45164155840160247, 0.2324152052399637, 0.5726816694671338, 0.6429570151490153, 0.17373436519938276, 0.22161122615513673, 0.4830352972183276, 0.29930406199368287, 0.3136330340726305, 0.351715340833204, 0.3988843395125135, 0.401454681034331, 0.37971657852121193, 0.8043428343768048]], "U": [[0.0651414958628469, 0.05687093327916327, 0.2718200166871935, 0.1336874212605135, 0.062381062334530016, 0.0659719074499714, 0.10284420136667191, 0.24128296175910935], [0.23149517502842923, 0.07073105757057929, 0.16887225910869721, 0.10967617536740579, 0.14495423390767884, 0.1474087165026879, 0.050761170619499564, 0.07610121189502268], [0.022827046356397825, 0.20152983942409436, 0.25813927632611, 0.0706972418459455, 0.19424855254891774, 0.01648085383636122, 0.01685920817992137, 0.21921798148225222], [0.12635434274383442, 0.09128493420264315, 0.2215414173349744, 0.16691447315617924, 0.10755666979253024, 0.04650502446708927, 0.050052958886299355, 0.18979017941644985], [0.2845378031098962, 0.11627629144284674, 0.07447004333279618, 0.06817892599480913, 0.10930974449330463, 0.2522790054481347, 0.03122604534560619, 0.06372214083260612], [0.15323040429863843, 0.16939247733501828, 0.04598759559487334, 0.0586351920601584, 0.20066853683145178, 0.2186338186113478, 0.11852995385666378, 0.034922021411848726], [0.10317805658813697, 0.24947131303679845, 0.10611375374696405, 0.05988134833980319, 0.19943708955773398, 0.05373334702126821, 0.03971539207492789, 0.18846969963436727], [0.21547085715935588, 0.1841189426368748, 0.07867882390228023, 0.07693460859557023, 0.17145349455131675, 0.14726001104303665, 0.040334194683853554, 0.0857490674277117], [0.021448884328170992, 0.06919605184682516, 0.38451893742006327, 0.3549167319924607, 0.06953257957567088, 0.021945332403542548, 0.020970242995842686, 0.05747123943742335], [0.01519647899722047, 0.40333068286200413, 0.06896587935315351, 0.04301372641848984, 0.3918083700850398, 0.009669933966494714, 0.01695796068810547, 0.05105696762949166], [0.0937399450164062, 0.022174174609784686, 0.3528925681549133, 0.3026423733168037, 0.10121211262074012, 0.020924581631394445, 0.022211565176918042, 0.08420267947303921], [0.10090247593191219, 0.14873568469406703, 0.2184720047507069, 0.1572474883139718, 0.16589923637902626, 0.04925754790794088, 0.028337880989949077, 0.13114768103242555], [0.17765187157467055, 0.1394648445412808, 0.0764052563269441, 0.14438124639567543, 0.26808770806687376, 0.017460483976077808, 0.10835377498105585, 0.0681948141374219], [0.05290302459246603, 0.19264931522369766, 0.21116018742295142, 0.12174036056257931, 0.1975435756437244, 0.03577373380059722, 0.027700460208964408, 0.16052934254501988], [0.057248097919025014, 0.2281862876181517, 0.15726606764454315, 0.05704808033257175, 0.045279066395560216, 0.05621745897539615, 0.05133402174245321, 0.347420919372299], [0.059948659713491656, 0.36755466037626716, 0.05290045777950272, 0.03956267292147285, 0.3724462178168166, 0.035119024477486695, 0.020955179250069473, 0.05151312766489219], [0.0714093213787463, 0.08042501808212785, 0.28947932950760497, 0.28026374574753204, 0.07391174735958704, 0.04697490236054825, 0.0642435837773117, 0.09329235178654263], [0.2893894245696995, 0.04666359919410613, 0.15013627250650555, 0.115201643863892, 0.2586365649976573, 0.05903811946345093, 0.018727637673145003, 0.06220673773154401], [0.020552795188373118, 0.22004384880959046, 0.22369279491087524, 0.21071519388042953, 0.22479194945370432, 0.029242670938778352, 0.023135558813862547, 0.0478251880043863], [0.032617658270422505, 0.08650794698667293, 0.23855663270687433, 0.30255118283380356, 0.10496981793368043, 0.021189211280450645, 0.1401952439056069, 0.07341230608248932], [0.04397472663734395, 0.07895458546115876, 0.057760811132432165, 0.32328850139628124, 0.07268707969067757, 0.049238731544133725, 0.31931924623419133, 0.05477631790378103], [0.09596095992371842, 0.020717583343705895, 0.34679236074172887, 0.3473327530989863, 0.10680226521819478, 0.029243683262443112, 0.0315819765650105, 0.0215684178462117], [0.014575510942004107, 0.16652797710349806, 0.2699523004952843, 0.18700585984139984, 0.03322567101394736, 0.017195266446314965, 0.014322055992383058, 0.29719535816516834], [0.04694683962089095, 0.03775360803517164, 0.39912922620707847, 0.3591280883047308, 0.05469636152137801, 0.027857554155442353, 0.016574297790420734, 0.05791402436488718], [0.013998265387570421, 0.0676529664594194, 0.38447152380625466, 0.3326994032384686, 0.07353022364412573, 0.019402309286767193, 0.03731174388275753, 0.07093356429463664], [0.11879620312636409, 0.09891274987236698, 0.17270290048882234, 0.1507332817692997, 0.10114907082134755, 0.10950718645685997, 0.11200079759275501, 0.13619780987218397], [0.022020939892659238, 0.22019951094999285, 0.1572130264134857, 0.21999486922858688, 0.2159914671293314, 0.040204819766513494, 0.09067211514379486, 0.033703251475635944], [0.016138937304457875, 0.08725449995118097, 0.12372627362804269, 0.08619758409623605, 0.09372203415127738, 0.28480740214964445, 0.2698795581892751, 0.03827371052988556], [0.30633705270286127, 0.07456795748698981, 0.06329597548874537, 0.06656795437787434, 0.07897383779277388, 0.3107652267988186, 0.0510590382870806, 0.048432957064856494], [0.08875843338890174, 0.1667036435923366, 0.18011026846940648, 0.07958017227992235, 0.13173971015563124, 0.06722281920740848, 0.04264480687276333, 0.24324014603363076], [0.23184108769854944, 0.10068337971031684, 0.1109716772623569, 0.05241468585030476, 0.24319643621251064, 0.10716676750858627, 0.055793248187746204, 0.09793271756962917], [0.05695832954183837, 0.038228898112008004, 0.38020091976575604, 0.38009227613402596, 0.06556946845016706, 0.018573894889687043, 0.022200162360074882, 0.03817605074644231], [0.25056324733143814, 0.11885393344542129, 0.0684750654654852, 0.06326820173037793, 0.2673775716329934, 0.10106651818782758, 0.06263168823652973, 0.06776377396992635], [0.0277831566627559, 0.07902764659067642, 0.2801427299935065, 0.1997072912247748, 0.07795611489373282, 0.029569326355388583, 0.11061695112124183, 0.19519678315792308], [0.12117567345985437, 0.1326947828479225, 0.2151602374249912, 0.1118601643675285, 0.22021855848403343, 0.024832217334013394, 0.021503490875414626, 0.15255487520624209], [0.07955757611939611, 0.32497094452183317, 0.07794108517862887, 0.07307886835450153, 0.3474190429089297, 0.039321807109624504, 0.02143074007843459, 0.036279935728650896], [0.08707102348918716, 0.2842754642190468, 0.0851964986030748, 0.05965256899079432, 0.3551491869287204, 0.02053587541439971, 0.03269944567372467, 0.07541993668105272], [0.04128585719288158, 0.0813695049736614, 0.06648405524405301, 0.27563400694849616, 0.08393609442055477, 0.11175263917611077, 0.3012139766301246, 0.038323865414117544], [0.03172003917589867, 0.1121869762657686, 0.2715074769995686, 0.3093509660317039, 0.11030649654324202, 0.040175465567612784, 0.07204244304306377, 0.052710136373141495], [0.02877899149583843, 0.09746089109304346, 0.212546519357462, 0.1313187054373465, 0.07902817003837576, 0.1550483397059777, 0.1469013452174886, 0.1489170376544677], [0.028359745089060143, 0.10878309738216693, 0.21841136866948369, 0.28689406024191644, 0.0656788029333665, 0.02744380391941247, 0.14914609641445156, 0.11528302535014205], [0.13481073380902045, 0.03726489849451519, 0.30471261265060073, 0.2640172833919435, 0.16928605925955165, 0.02701170825832767, 0.017256449608419315, 0.04564025452762164], [0.01675363312157259, 0.21976404826686335, 0.24099444723991734, 0.21927922955303658, 0.20726432015735297, 0.015080204502266902, 0.019592007643387314, 0.061272109515602705], [0.19798958763188915, 0.09072213928443419, 0.07430698516362007, 0.061530381568659295, 0.16073673695789822, 0.19075913255283725, 0.11847203771879054, 0.10548299912187131], [0.17815133511385303, 0.05569292764126411, 0.11623808344060872, 0.07040252833733783, 0.06546400504500657, 0.2485538507250475, 0.14873474388578323, 0.11676252581109968], [0.17463080999938235, 0.046042476174818665, 0.16544519517876782, 0.18904908657275685, 0.1913378614691238, 0.05185565712198996, 0.10334397908828862, 0.07829493439487209], [0.17773628400840433, 0.038174094330870746, 0.26695539930052564, 0.14235352211087024, 0.16923265833143702, 0.035275680007672186, 0.03697368997624248, 0.13329867193397685], [0.06249365096999195, 0.2857975644199317, 0.09618672805424829, 0.07112959772854639, 0.22655510190181213, 0.04793293393871484, 0.04787030062193231, 0.1620341223648225], [0.16321815918675872, 0.07313841865070979, 0.06775882264865501, 0.06567164355495653, 0.08668544623713699, 0.28234848356515285, 0.20296556538094207, 0.05821346077568826], [0.03036678207187347, 0.15097723678327696, 0.28366486870075186, 0.08370551990512921, 0.1431331670801624, 0.046068081988404806, 0.03816736595808014, 0.22391697751232031], [0.26472371778805726, 0.09756675287635098, 0.08370048473184784, 0.07631923771412298, 0.09196164204483702, 0.22173589801030588, 0.06270175586848754, 0.10129051096599066], [0.13580474737797357, 0.24741611432419044, 0.06869740881316018, 0.08761950417993117, 0.1379858402877189, 0.03940410378424514, 0.031598065695537914, 0.25147421553724203], [0.3658657552541505, 0.05213382180085269, 0.06850167628197408, 0.05832824742482518, 0.388445318851662, 0.023858444009477692, 0.01792715898971381, 0.024939577387342704], [0.055090107026886395, 0.04610839977089975, 0.23892447228902583, 0.21579695525367978, 0.07020434282969494, 0.12158837951861619, 0.15249139386039293, 0.0997959494508042], [0.14029497629151283, 0.09909142586936419, 0.1551139224772458, 0.2039018940740836, 0.1632346560918709, 0.028753938344020683, 0.08547259010530867, 0.12413659674659294], [0.1756928691838002, 0.17179558999906727, 0.07846900855090021, 0.09977955866312349, 0.21611632855367097, 0.06015050746850384, 0.059122108874693775, 0.1388740287062402], [0.04272861563775435, 0.20876399325169107, 0.22949874722176963, 0.0520450299390008, 0.22031280742856157, 0.021748349634426383, 0.0126571811707887, 0.21224527571600743], [0.04084371963416786, 0.07846775335278577, 0.3086380951813618, 0.11924730292174911, 0.07302786232212424, 0.049318933336324304, 0.06509593378815842, 0.2653603994633285], [0.032357061015382375, 0.14202777330147237, 0.2643664002190363, 0.24990863801590696, 0.10735711495039305, 0.037050311521818785, 0.05356057682658848, 0.11337212414940176], [0.06547168505194843, 0.06487018402387497, 0.33627510106111613, 0.3278651389200754, 0.11435791297398469, 0.02619429204387676, 0.020524743105123363, 0.04444094282], [0.2327308445186571, 0.15380460598292467, 0.06671709502970385, 0.06325066647622021, 0.2806372558654256, 0.10241458466995895, 0.04974791534091025, 0.050697032116198644], [0.04689220002452178, 0.37796520062991684, 0.029777270271716113, 0.03439771147858102, 0.3423067972964976, 0.03413900778293078, 0.03320243743520327, 0.10131937508063181], [0.1456136283669947, 0.168971856676843, 0.073965194913736, 0.06146036616669661, 0.24278554521793236, 0.11210308093895045, 0.11070577618266919, 0.08439455153617718], [0.06441900164574736, 0.21052077457695528, 0.20076265843452157, 0.12649866159907716, 0.24478417263380864, 0.03205412267700274, 0.018816896416604174, 0.10214371201628358], [0.10090474969909131, 0.05267181652951425, 0.30493534944532974, 0.14474895315551264, 0.11420174601392159, 0.043721132664389796, 0.02860754548212183, 0.2102087070101183], [0.012348271932419193, 0.07158842412576438, 0.3820856962929871, 0.2944021905960921, 0.07736964518964241, 0.018606624295215892, 0.0238622353805433, 0.11973691218733494], [0.019324940623759217, 0.2426423044958497, 0.15890587734040065, 0.11132505718551851, 0.0697777849350955, 0.048352579140217504, 0.0572878522402348, 0.29238360403892477], [0.04709500323262982, 0.060607409674545296, 0.1450324919214243, 0.34790019140411926, 0.07296145963033371, 0.031710444023064485, 0.2403323113519136, 0.05436068876196892], [0.07978490892472735, 0.2444840770076771, 0.15164203100662907, 0.11514586476603779, 0.2464973223862012, 0.062182386844694786, 0.03298978202451469, 0.06727362703951775], [0.06586523096118188, 0.26462246909178005, 0.10609413511016769, 0.06924641596064696, 0.25580855219907533, 0.08728774581798827, 0.065042441474554, 0.08603300938460588], [0.12868217445860652, 0.0981224323579995, 0.13521479132300562, 0.11658759881098806, 0.09685154503820294, 0.15557174610302618, 0.14758257263281865, 0.12138713927535283], [0.09520498932757579, 0.04430130447218798, 0.2197174439814604, 0.2738352654728723, 0.049172218144459934, 0.07710813977037512, 0.13309186818758192, 0.10756877064348677], [0.12718882549522398, 0.0967001750173194, 0.2666281268296475, 0.05713245128895275, 0.09391407658727907, 0.049839849642659764, 0.01685087413470642, 0.2917456210042113], [0.11055803515479107, 0.03569514011988687, 0.32879471037425434, 0.2464987331794898, 0.12249119449885916, 0.02690061107276696, 0.026772356200421815, 0.10228921939952924], [0.1076986354625077, 0.18251792110418866, 0.13548802376001168, 0.12948824714631235, 0.19249287788399186, 0.10683575595249734, 0.06830436712265671, 0.07717417156783357], [0.02342280384290679, 0.12390605265305392, 0.20101136381620685, 0.2525218649459157, 0.09950456089415914, 0.06714339273164316, 0.15706445901574595, 0.07542550210036798], [0.18301742968974694, 0.04974235475517159, 0.24195846325368556, 0.1858596577960664, 0.10905982363156025, 0.08733011029432351, 0.031193095630214385, 0.11183906494923185], [0.0466529674371065, 0.18578156356315187, 0.24924062213121356, 0.048273494274192884, 0.14539975184719814, 0.024861664557340554, 0.019537337004899034, 0.2802525991848977], [0.020132587221857557, 0.14134640201872956, 0.2550934955069534, 0.3132973965807952, 0.13410712524203758, 0.02141674324934389, 0.06803943312523193, 0.04656681705505067], [0.10914976705581703, 0.14202256478567554, 0.2114740566380587, 0.16183618816164172, 0.09562182951178878, 0.07924146234257512, 0.030110614125735388, 0.17054351737870807], [0.026519619776613868, 0.2593924351864094, 0.15188795462342025, 0.15446174582029815, 0.2385207293761339, 0.018418018326557636, 0.04079250283179479, 0.11000699405877228], [0.1344596995528887, 0.1107274535665344, 0.23173516121650112, 0.03318356369221606, 0.15782503908353585, 0.03929887981162536, 0.019106244641977913, 0.27366395843472036], [0.19316160392403187, 0.07714660502188922, 0.1875939992431621, 0.027658956041142595, 0.0768979373416018, 0.168787417263447, 0.0733384063948748, 0.19541507476985126], [0.1297832888057585, 0.0986540455827837, 0.1749439273556612, 0.15641311959130177, 0.20116079233511547, 0.03984423991632201, 0.09673520836071879, 0.10246537805233825], [0.031685064086055176, 0.3933377487179928, 0.037947635202124325, 0.018664851806107653, 0.09101873851628281, 0.048699251897274594, 0.03256520201535905, 0.346081507758804], [0.038351762587098874, 0.25754961516456504, 0.15139138391221835, 0.11524380673848666, 0.20797360999687695, 0.04056721821105476, 0.03939074502470536, 0.1495318583649942], [0.1439058215656471, 0.15822204578520985, 0.0873482890608148, 0.15485558211949285, 0.09302859558318001, 0.12142736123186534, 0.09899618180599494, 0.14221612284779453], [0.3424635210355812, 0.07367601645302427, 0.04152226522507137, 0.04209919817114986, 0.12399960291508684, 0.2966330100720451, 0.03170132804584497, 0.04790505808219571], [0.076083044039028, 0.08907661932999414, 0.1733917049853523, 0.22119638063386618, 0.06865713618892744, 0.07323481668652317, 0.1624036121837726, 0.13595668595253602], [0.340993910414174, 0.04743511653552212, 0.10178023325460986, 0.04515711661968701, 0.052872917118290993, 0.2944047087985519, 0.018465162073943105, 0.09889083518522182], [0.11209001159507287, 0.09277482874446635, 0.2881138211930501, 0.2020911835678638, 0.11644633119676935, 0.06212685991170493, 0.016395000591809462, 0.10996196319926325], [0.026792396066987502, 0.10221877182047494, 0.2796608777715321, 0.30905906509144315, 0.09670071001935963, 0.03872673401891526, 0.08243029138934724, 0.0644111538219404], [0.20509625549859453, 0.21095608759700182, 0.046597160428787726, 0.04709681415807993, 0.21364793251840553, 0.18095958335328727, 0.046260597228029755, 0.04938556921781326], [0.012957143422025162, 0.42802507558700525, 0.050500033992306306, 0.029678815923944925, 0.43083239641483195, 0.008886639195000951, 0.01103396374458053, 0.028085931720305875], [0.017590687251576125, 0.03899493413993651, 0.4227799983161519, 0.40390363107785215, 0.037182103597109176, 0.01517543710858334, 0.015258744688337753, 0.04911446382045233], [0.043043702040361335, 0.0935630807688622, 0.14006787284009337, 0.31418271573937934, 0.05965530718100132, 0.08875064582015225, 0.2049566294191393, 0.05578004619101041], [0.05367848957168343, 0.1366646648643417, 0.2751277413809733, 0.08328405054972185, 0.13273772065567205, 0.049603316304667355, 0.04167895763484858, 0.22722505903809126], [0.01932410775920911, 0.04097186196697995, 0.19091162579201185, 0.38042790736648785, 0.040678599538676675, 0.03110986258366035, 0.2400838459454753, 0.056492189047499176], [0.05557785679075629, 0.26983703379771684, 0.0734242787632932, 0.13794540851649453, 0.2860434440477056, 0.03976676667777602, 0.09353374814724429, 0.04387146325901336], [0.07810316710368917, 0.12977968169655443, 0.19122205899779285, 0.22746709758152112, 0.043576716153559895, 0.04687182899603195, 0.07568111924090637, 0.2072983302299441], [0.10761605780860797, 0.10070363441819068, 0.29022551505869865, 0.09854012572508435, 0.16137429146912774, 0.02829708248679302, 0.015646342649409797, 0.19759695038408742], [0.04326858130786548, 0.06366507755213667, 0.32052843033844897, 0.03453843050796556, 0.037716583631689324, 0.10897080065958535, 0.082282286079903, 0.3090298099224058], [0.123881952323987, 0.23935361260918891, 0.07451985189515944, 0.08794790965261784, 0.3133331251414428, 0.05500330540194728, 0.05017287140980038, 0.05578737156585665], [0.04016020880110579, 0.18334970381932325, 0.2247198912500693, 0.21949870667522647, 0.09785661293663567, 0.03597830977042581, 0.04298584073346679, 0.1554507260137473], [0.034940316767339254, 0.03941191992313842, 0.3921175418028108, 0.08340116122897649, 0.046231682412604225, 0.03750714806316501, 0.040138129816084264, 0.3262520999858812], [0.06592648316527754, 0.05907050291590264, 0.2542238541485632, 0.3314919330765412, 0.06515219774660463, 0.08163264803652533, 0.10903206240266718, 0.033470318507917526], [0.13437712901158994, 0.12808453490812965, 0.218975300950522, 0.15977676905751192, 0.13629962574418372, 0.09359996925509108, 0.02005459138553272, 0.10883207968743933], [0.04736653714038853, 0.3483906223705423, 0.07140070260072134, 0.046231940499842125, 0.28521132831817775, 0.028842763740103056, 0.01626609585641868, 0.1562900094738055], [0.011822441356224034, 0.3489480185521576, 0.12325024627654195, 0.11120151760309384, 0.3430041089334054, 0.007549389835892807, 0.016605628551045797, 0.03761864889163927], [0.01761009686447742, 0.2505805684810418, 0.18248930776928657, 0.18286273406451525, 0.22255481659470805, 0.012751282346934895, 0.038787353778585984, 0.09236384010044983], [0.014875440814470696, 0.11438446630830577, 0.3309659139008738, 0.09820276417993706, 0.09474756977952566, 0.03924332559724972, 0.040815959728355236, 0.26676455969128193], [0.06414602315822929, 0.10372614494049405, 0.3046737873241085, 0.22704716373531597, 0.09381224507427974, 0.06497598189675005, 0.034933531948002305, 0.1066851219228202], [0.06346319377669075, 0.2237117849410836, 0.052700450911495854, 0.03980082951993203, 0.2258592043031385, 0.19033189214659724, 0.15786016215050805, 0.046272482250553915], [0.057897685519120404, 0.1542279933566109, 0.25632768645279314, 0.2025936192485499, 0.18258845432785986, 0.027188776618791613, 0.02539180205495536, 0.09378398242131875], [0.03852298776635097, 0.07793577676391872, 0.2615700651014239, 0.12321187182907929, 0.04841717561416338, 0.06721573551657972, 0.11412801062119098, 0.2689983767872937], [0.07094306899935969, 0.14362023045562536, 0.24840335341936137, 0.2299897653206187, 0.1442666303115826, 0.0466167553464295, 0.041051269084743484, 0.07510892706227963], [0.06006138375211292, 0.03945412759182629, 0.17753804226868175, 0.11130750782973253, 0.0871025277223309, 0.2351725478293526, 0.22400119984932956, 0.06536266315663414], [0.1205827960359303, 0.24448764613603427, 0.09397852577708422, 0.07963228703855069, 0.22625186817284917, 0.09612269808197751, 0.04308853058131176, 0.0958556481762624], [0.08269877974835704, 0.16207034196711972, 0.21936230989240027, 0.0630887200551184, 0.17183480654182623, 0.04787293393343296, 0.04169654317938903, 0.21137556468235602], [0.02573352838163747, 0.1819763234405856, 0.24893569846785446, 0.24055203938458564, 0.20405905510040234, 0.03788695285321324, 0.0280371355808489, 0.03281926679087252], [0.18053263924656654, 0.11913188132658406, 0.1032892954709338, 0.07693441379284147, 0.15337962742630312, 0.12949113138546436, 0.08809023521592779, 0.1491507761353782], [0.23128764606630717, 0.12934832907952076, 0.10254908093771656, 0.09754143315146704, 0.2570564481664143, 0.05723594630054368, 0.038587740500590766, 0.08639337579743939], [0.017633210089514958, 0.053006904383412864, 0.13697203190757135, 0.3055716427066976, 0.05279651799154448, 0.09630123653553259, 0.2833235629733505, 0.0543948934123761], [0.029833167022524462, 0.0779517016757562, 0.2657296955150588, 0.3343063280801171, 0.06682965459128724, 0.04043178505148168, 0.11518957564965315, 0.06972809241412187], [0.16807701362900845, 0.20620293212450239, 0.03785864475009974, 0.08310665415956957, 0.1779484851593019, 0.14933789519705573, 0.10240534787640163, 0.07506302710406085], [0.23439753723672052, 0.09771513264871436, 0.15082171003065722, 0.12877505533312553, 0.12202734407960245, 0.19239825335631788, 0.028520438057541526, 0.04534452925732081], [0.10762664687406324, 0.12458148441403559, 0.1658890401767617, 0.2200873768829145, 0.15911468791673616, 0.05323546386831963, 0.08661660098285281, 0.08284869888431605], [0.04122182132634962, 0.1409070146221334, 0.2166525762270623, 0.1933550871330577, 0.11370204629557934, 0.11275898906626279, 0.09490692268463054, 0.08649554264492368], [0.025875014204815444, 0.11960709246978886, 0.3027926122535997, 0.14182951142663025, 0.11320274399688103, 0.03601548187714133, 0.04689532998522759, 0.21378221378591603], [0.11912545180227391, 0.09173408397328664, 0.18201726608115726, 0.10891449750969552, 0.08906258289130446, 0.12466063005337533, 0.09374962559177784, 0.19073586209712878], [0.038561322463229, 0.17972446010395868, 0.23265670523935267, 0.24272867063532916, 0.18923363806128138, 0.041150526350329016, 0.037239150555227446, 0.038705526591292914], [0.06409463427088584, 0.08990974180578937, 0.31713430796126135, 0.1482597099010644, 0.10269193822075476, 0.04103238746216777, 0.03171100486941806, 0.20516627550865824], [0.18916842228934297, 0.05996307345851014, 0.1165391863300355, 0.1898339039724921, 0.249146360979869, 0.03697817540478358, 0.13523033200568704, 0.023140545559279874], [0.018503390646111454, 0.39754635374902153, 0.06427397512620842, 0.04664305828317238, 0.40843463111921013, 0.017552269075750998, 0.014776898248198011, 0.03226942375232726], [0.04404535209254989, 0.19627521918926324, 0.2152002336895404, 0.1387704778408683, 0.19434537929658702, 0.039162385835932186, 0.042287895796795684, 0.12991305625846306], [0.14831281064367918, 0.16747523226187327, 0.14726793320415324, 0.08424788129454942, 0.23896564913674104, 0.051249319871051656, 0.034602374127916315, 0.12787879946003594], [0.057925716082080796, 0.13128006503460263, 0.2515554721798622, 0.1553351509140897, 0.13647637525964118, 0.05658666674650216, 0.05509114029747907, 0.15574941348574275], [0.053838572916420316, 0.24018004985211494, 0.13735563208995238, 0.11427973492838547, 0.2430983335562737, 0.043334136643544734, 0.06574204998091908, 0.10217149003238973], [0.018305516868720683, 0.06599075491650844, 0.27780602792023956, 0.3134071249984874, 0.06558368313657605, 0.10780632208751506, 0.1254695768340605, 0.02563099323789252], [0.05460057638920483, 0.37488030590686205, 0.049696868595758344, 0.03459796076617644, 0.37920853058298, 0.0388291846008431, 0.01749069850040442, 0.05069587465777068], [0.18476923713785884, 0.06106316835153275, 0.18174008164643315, 0.20730594502122965, 0.20673886129309277, 0.027398270570594175, 0.05671617931939045, 0.0742682566598679], [0.10398224698323923, 0.0951702263654413, 0.27736752636630035, 0.04820740113120374, 0.16779296500048985, 0.036337025004762026, 0.02740154191159256, 0.24374106723697053], [0.06473939478422698, 0.10851289181331579, 0.3151551424841836, 0.1869534228201143, 0.10803637922464362, 0.03962483056414316, 0.02121115728966831, 0.1557667810197042], [0.04838839754256179, 0.1530771728597696, 0.1497508263930366, 0.10513084300861866, 0.15320923935618896, 0.15098577353302672, 0.14614986649014733, 0.09330788081665], [0.2368010320927969, 0.09317320503717876, 0.12776803276259438, 0.11784029108171501, 0.2802454353470878, 0.0491146481983478, 0.030292747774410742, 0.06476460770586837], [0.08812024638426537, 0.09563493432685206, 0.2610629011528603, 0.2237347125382737, 0.07842768999161322, 0.10148509095024266, 0.07549349473402862, 0.0760409299218642], [0.03373168848572632, 0.19300804693334964, 0.24078539189621292, 0.16258344378767622, 0.20473188055813452, 0.026053494850185644, 0.0295994075895471, 0.10950664589916727], [0.0314157446347381, 0.12262641533047607, 0.3037918401065385, 0.31058561750916075, 0.11075151330462177, 0.025616396164245735, 0.03930978608818458, 0.0559026868620343], [0.054418117943314234, 0.20599675724372293, 0.22939509339424985, 0.05590412558454759, 0.17074342655509744, 0.04071551517370103, 0.02709328304930518, 0.2157336810560615], [0.11417472437640662, 0.25592537875007443, 0.08844349955410005, 0.06418015120329143, 0.23252102039721176, 0.04876445966514899, 0.03489110344594907, 0.16109966260781747], [0.12101639124361242, 0.1346627217633245, 0.16762666838549525, 0.16093148161623794, 0.2050510687058961, 0.05586080982934496, 0.07442740552903782, 0.08042345292705129], [0.34021876017276675, 0.07524333674662019, 0.0681957913800709, 0.048165285344705, 0.08596906770438986, 0.308408199832732, 0.021719136046919944, 0.05208042277179568], [0.08998516655028005, 0.12079328530649489, 0.030286274495540763, 0.12129192721504467, 0.11561659886793976, 0.2137981806162207, 0.25549606420021576, 0.05273250274826352], [0.1420657291123902, 0.08418905472286752, 0.23632805888928093, 0.16746358889545915, 0.13836036186708492, 0.05746179600949137, 0.045770278230135006, 0.12836113227329043], [0.047096952908790096, 0.20205277074362996, 0.1852534066393749, 0.06697001220992574, 0.2023790871617398, 0.042854278963738564, 0.05551215195551258, 0.1978813394172885], [0.030934944124793144, 0.18584636864734272, 0.2663443099881004, 0.16028869333214485, 0.17311181590268754, 0.01846746677129854, 0.02723703871157168, 0.13776936252206112], [0.03674405388889272, 0.15602824636524085, 0.2643136021334804, 0.25634408374719303, 0.1671614006668957, 0.03337944327068854, 0.045888844824530685, 0.04014032510307883], [0.07366888527589535, 0.08945562007862051, 0.12868716474318376, 0.31056529498951363, 0.09982698324488533, 0.049523136076231794, 0.20392865332009744, 0.04434426227157246], [0.012074122860579128, 0.07373228606552838, 0.38238432027399605, 0.3867306208899772, 0.07713737656802644, 0.014146567931182819, 0.024151944502056523, 0.02964276090865235], [0.10657453457311758, 0.2586158931209563, 0.0741966525498471, 0.04031204728604168, 0.11546892376655347, 0.0598543798846321, 0.03930436148159572, 0.3056732073372562], [0.27123822088288213, 0.05219108220906848, 0.061537117429160466, 0.03581061130070487, 0.27327739887720476, 0.12584297586919704, 0.10919018902502552, 0.07091240440675668], [0.08184353429824075, 0.06867215369784162, 0.11747778509269516, 0.07749055265117179, 0.07914733572798592, 0.264609010488282, 0.23907333169292191, 0.07168629635086052], [0.039322736032383225, 0.16117995233397361, 0.180086243575921, 0.06515484227273653, 0.14551623923048707, 0.10440933651636083, 0.12698752855365017, 0.17734312148448722], [0.0397062212295298, 0.2250102378614962, 0.19616174523315327, 0.13844065961404717, 0.2384136631397922, 0.018977424039036878, 0.022889712553400273, 0.12040033632954496], [0.16713086951747513, 0.08150548597683059, 0.1707179844295128, 0.14225004365592545, 0.09625930700008625, 0.13368397971834267, 0.08195128249849808, 0.12650104720332866], [0.15221962331520617, 0.17232814706010627, 0.08085132175916307, 0.16449354557079346, 0.2195830727476343, 0.05960527403950114, 0.09649788228950837, 0.054421133218087676], [0.02391936368488596, 0.15352665800916085, 0.25091189911049117, 0.2838628974656921, 0.14793556985491643, 0.01917060263124942, 0.06527768225699959, 0.055395326986604126], [0.11325500528619774, 0.26070678888629795, 0.08392749056013145, 0.09109240058585592, 0.2962649791470499, 0.06089895767862239, 0.038215733301373817, 0.05563864455447091], [0.16467491634760373, 0.1831728968045403, 0.07607749254391048, 0.060221522538767246, 0.2128720348003519, 0.10359767736549137, 0.08186199299374038, 0.11752146660559422], [0.0248424687765028, 0.06840646619901639, 0.38315416956951565, 0.09578295440146142, 0.04565784121163398, 0.023341309373040565, 0.031198674000820333, 0.32761611646800815], [0.11185670291887756, 0.06245970584226067, 0.26840000944333425, 0.08173527005025927, 0.10400210799483717, 0.09278636598377558, 0.06806833345785615, 0.21069150430879954], [0.04844816135261425, 0.1307502794418224, 0.2712035670459207, 0.09000217702289683, 0.10824978415139926, 0.03228958564045724, 0.046432375404195224, 0.27262406994069405], [0.14687485427174038, 0.07282576109072626, 0.2699911291338052, 0.2554922513055615, 0.07323530459998226, 0.11054618496500312, 0.01879550249185258, 0.05223901214132902], [0.04984726873205763, 0.3045079589192937, 0.11505813968949027, 0.07030726381132636, 0.32781406740973057, 0.030133564559910186, 0.013254733410399878, 0.08907700346779038], [0.09968350076123592, 0.059882808632729385, 0.28465291719248237, 0.3046562648658478, 0.09728403063839494, 0.045960334539335214, 0.0590875527702312, 0.04879259059974359], [0.058230483199325306, 0.03986407941065896, 0.3615027131164232, 0.30207870401854364, 0.07374928076795943, 0.055519728277485934, 0.03423959989204648, 0.07481541131755697], [0.0886266529218349, 0.11948588604858638, 0.07713264896992524, 0.24885365343341226, 0.11338809877830663, 0.08053325436891155, 0.20842424852852628, 0.06355555695049678], [0.08556929352086792, 0.24013239287659338, 0.14708412820548084, 0.10398308739627858, 0.23976551685326966, 0.06057238926565825, 0.02157704597750747, 0.10131614590434383], [0.046448282278851845, 0.04437661350827769, 0.3734417185115804, 0.067770250645373, 0.04238606924090135, 0.04690733078581301, 0.04058133661289006, 0.3380883984163125], [0.3054071229454153, 0.03696970340571036, 0.03989850152340701, 0.02610580727245848, 0.2998998968526813, 0.1409263981176877, 0.11972141967632192, 0.03107115020631791], [0.05523428732821375, 0.30767407931796315, 0.08265449968619364, 0.03735617240738913, 0.28642089137995846, 0.04186015978867021, 0.03138689915548453, 0.1574130109361261], [0.12467123230741031, 0.18017654182643955, 0.13235021555278134, 0.0796892107682429, 0.15180398072184637, 0.12395337999931126, 0.030385325473359863, 0.176970113350608], [0.04637466649444545, 0.2989482942949561, 0.0496275938280803, 0.12343164138292442, 0.284638121545946, 0.04602616569252474, 0.10199370443663716, 0.048959812324485145], [0.033305092293287084, 0.1414786809863726, 0.30476996075272583, 0.232775128942941, 0.05172740838224321, 0.021354905410201533, 0.0190504305985899, 0.19553839263363806], [0.00803296570399799, 0.09806490174348104, 0.3642620460645282, 0.05752895894036843, 0.08937251932606212, 0.02563080517752934, 0.023721296476592567, 0.3333865065674397], [0.044199550985463965, 0.10562595375916067, 0.29537269155877327, 0.043944549222225425, 0.06421033100280692, 0.07636466058968297, 0.050922018677628515, 0.31936024420425807], [0.07417190231353028, 0.05047793102293209, 0.35835671559447674, 0.14491548179774177, 0.10601808739732586, 0.010077943512846771, 0.009444123991982235, 0.24653781436916444], [0.06271747854205342, 0.253819920421216, 0.1037259821875022, 0.09813075893096072, 0.16788042807198136, 0.04157569773768122, 0.06676695003407739, 0.20538278407452826], [0.0458391303227639, 0.10196634583701346, 0.3038129920706663, 0.1988974477989049, 0.05340652698018989, 0.049519935805545416, 0.030142867584167978, 0.21641475360074836], [0.1738155743096855, 0.11810663540456366, 0.1297396970335124, 0.10092010380611462, 0.1665056014823126, 0.13374274288226365, 0.060120004019917274, 0.1170496410616305], [0.01942599680264538, 0.028903145818878883, 0.4334603309479265, 0.3595934240760446, 0.03146272805395797, 0.015389659468457523, 0.015874648583507966, 0.09589006624858103], [0.0947076824514639, 0.05727362988435215, 0.30758355595733444, 0.2458197896048855, 0.06820186082609746, 0.06002725720746831, 0.046516319101790334, 0.11986990496660681], [0.07886012845150434, 0.06736657633738354, 0.24561167228557595, 0.17269939480788712, 0.08473157563307553, 0.11333415212902469, 0.11090589222277435, 0.126490608132774], [0.16632238293994445, 0.08951208329802154, 0.22793101315757475, 0.1312955266988364, 0.11848858461378647, 0.08568303073249497, 0.016119071793603015, 0.16464830676573877], [0.051553260714955196, 0.06061511707423647, 0.33810342739892857, 0.337585120891009, 0.08653554852663312, 0.03954986119914042, 0.03808514985082882, 0.04797251434426897], [0.2124296869203954, 0.07583447947124604, 0.12305142282450376, 0.13563411233739422, 0.1780865396370274, 0.08130016724143073, 0.08382075406824895, 0.10984283749975318], [0.09406687075811558, 0.2368021085521928, 0.13797557043617753, 0.0710413