{"estimation": {"a": 10.308727445555789, "rho": [0.08680332951336432, 0.11725415592512534, 0.1852714955442589, 0.11600768528983692, 0.11533350434128378, 0.11140177845830684, 0.10984853294933097, 0.15807951797849287], "Mu": [[-2.8020661995791256, -2.4812123774546238, 0.7559133183502893, -8.031995312073061, -3.8227377657568176, 2.390925350434439, 4.794553203865959, 1.1147714595769176, -2.664973122412366, 4.04553452840272, 0.994413980447673, 0.800339340909291, 0.29869719464002503, 7.028371928270194, -2.107914902495602, -0.02494984948875926, 1.627839210489195, 2.075073638783707, 5.955405279598456, -3.72423399122895, 1.755653141759777, -6.459823428883077, 2.770286886761894, -0.46920135748498, -6.896989375740252, 5.604392372626772, -5.028605937729043, -0.1765891519040913, 0.2700637215293614, -3.658317356641099, -1.192751435349885, -1.8086027519104546, -6.67217284896189, 4.61587098806504, 2.0960236697016694, 4.925223275391996, -1.197361836927309, 4.619463150155619, 2.3170434716572297, 2.053249337089021, 1.4598607444321077, -0.29542144168498446, -3.885939845937464, 7.422317034958007, 2.626170153179378, -3.7103755852086655, -3.712512062646129, -1.2028112251016667, -1.5279164136540735, -4.2034922135229555], [-1.7208435329139538, 1.6693243397532755, 0.9822362288573052, 0.62215767409864, -0.17105697747407358, 0.40714916556971664, -0.8025873908106408, -2.22685655448854, 1.0674323297083823, -1.926908004341503, -2.869676101044118, 2.1421719056330844, 0.5352944976967506, 0.6546061735636692, 0.55474300569746, 1.2768373157771482, 0.09027836988388081, 3.6992379606902235, -4.766524444894882, 3.5131869443428165, -1.4126535961329398, -1.8739452138561847, 0.29318506736949734, 5.547739478335793, 0.4679684941260704, 0.9387009254422931, -0.7229765336049715, 2.7007000329882898, 0.11210982029509117, -0.3775114858186303, 3.400978913609262, -0.4760658327626812, -0.28090707467671583, -2.583520780103812, 0.9957208873366203, 0.6859475690132946, -1.2680566738168995, -1.626462154997183, 0.4618654302499744, -3.479494539534013, 1.3969488791489315, -2.405422983367052, -2.8666483515357286, -3.1942189558309337, -0.1514522755040923, -1.5167950180320928, 6.173292875055696, 1.9466146027137579, -0.16594658762373807, 1.0082366140426655], [1.2304425630989795, -1.1793209988178017, -1.6656056023873176, 7.327064625726087, -1.5118855018943098, -1.2877176545416453, -2.7010514685344527, -3.287259522806786, 3.377378591375833, -0.8817730427250863, 2.5212075449435694, 0.0489685873337865, 0.11291342639933918, -1.9050524028672438, 2.3954225581467647, -1.028095416371078, 2.15320310573683, -0.5654992791553233, 0.5195166434831613, 1.3961556646726254, 5.267291587764573, 4.354093740376143, -4.670666441423827, 0.34371124271770415, 2.016343309003063, -1.3057424723884448, -0.9437992338844918, -3.05432417465654, 0.09484444183201314, 3.9963912697424306, -0.03866317377537765, 2.3487213588279467, -1.3510508385547833, 0.901109308511913, -3.226788205444775, -3.276576427348804, 1.3677994321822784, -2.0506544134781906, 0.5215960048642391, -3.107252591615974, -3.000756655025918, 3.9113359961184204, 2.0359387536704716, -0.5469123209696414, -3.4724797931854505, -0.08216728387201871, -1.4912232307946873, -2.809221829752616, -0.9261702312846246, 2.8615169872115804], [-1.244500586282972, 1.752845181730479, 1.7775575160227313, 1.7314412115774185, -0.7530364966616252, -0.46691433512078023, -2.2078460947998924, -0.9636760782323922, 0.9256719795721614, -3.208872237566129, -1.6831521242491958, 1.6406152815246058, 3.2900515972465785, 2.6709919975983354, -1.1109617010357054, 0.7051128739007982, 0.9302151201215647, 4.180372336127244, -2.1712955802819813, 2.6911716145185096, -0.31135175299697954, 0.296110773912702, 1.4441478869089324, 6.181250800899577, 1.9374093744980465, -0.3656460559097823, 1.1474354656621095, 0.9902119533844568, -0.17287653381647688, 0.7918084880821237, 0.969841492675023, -0.8355196765572028, 2.066730459900384, -2.4944137871420877, 1.2703927099200185, 0.42051352908737105, -2.0188644711256627, 1.322620264382758, 6.426256046645727, -0.7263300872452318, 4.698199895899155, -1.8520555016285256, -2.622932909049672, -3.7896598056054165, -2.338771792323522, -0.3968074709897638, 2.8046996473763026, 0.09395586631979327, -1.8356321662748545, -1.344772668296295], [0.5348554379582127, -0.08336786940310921, 1.6009203606474378, 3.9209087208254974, -0.4154230524964992, -0.19526469238553684, -1.2000660690327167, -0.5009535641304214, 2.1027803683959454, -2.0768689258689603, 1.2804745180030495, 0.5240656492812159, 2.2308093739471095, -0.3578265257456357, 0.41678828167670284, -0.5190656405780283, 2.9272239675014227, -0.04186687868999751, 1.2779007866429986, 1.039364048396464, 3.8890229108188894, 1.6662645487800378, -2.1190326611479318, 1.431808299629728, -0.2678082603688158, 0.28382613051028033, 0.18225439815709163, -1.7829444692882792, 0.18224113850428955, 3.3309645786534183, 0.5577455962778952, 2.0539584432634532, -2.2139719170211127, 0.23705286957831503, -2.4169381383798667, -2.964671460715079, -0.8903453585795992, -1.6642725680453656, 0.9059513526977684, -2.746982870742399, 0.7334597702201432, -0.019918791081355792, -0.34066933347509315, -1.7053484583293956, -3.398667257211159, -0.4628892624537233, -0.6122181923495227, -2.60891491128898, -1.3281111377651367, 0.2208854141180038], [0.5482314870266081, 0.30343421884526933, -1.7807214853087916, 3.619114418283007, -1.5788485754354555, 0.7267607894942909, -0.249144483311196, -0.817381354944343, -1.0509520459437618, 0.6934492645703534, -3.0181967967322887, -1.188135306148676, -2.5586229135753977, -3.534962203004273, 1.1210118621450873, -0.8115715270915755, 1.6397985065547458, 0.25907442917844764, 2.5896372696865324, -3.410654058379688, 1.1949938328045366, 1.3441416933264168, -0.7836576349494696, 0.0828939697688958, 0.4177588708094912, -2.910390631502643, -0.5225571128732447, 0.5392104274320508, 0.07990304654319949, 0.4103353176291822, -0.6862514139373789, 2.2936360507341638, -1.3904463269304808, 0.8339792334671523, -0.4330899455551159, 1.9228818265892367, -0.8325812561651548, -3.373230376294164, -2.336918315928637, -0.8085593527901946, -1.8845236846901534, -0.3406575024518991, 0.699406403494375, -1.1728860578389932, -1.492725977722114, -0.37124381783389304, 5.023803616033752, -1.5625551686709622, -1.5168681723658204, 2.3193009506944926], [0.594259383188933, 0.25900593194193317, -2.3911445014619086, 5.442346101798081, -3.4281038051975727, 0.8776775682328105, -1.0508282951694794, -0.9164983069792857, -0.740153433465805, 1.1696431844542707, -1.5710798673433544, -1.3384502308982376, -0.3216460349732334, -1.2239478656712495, -0.7541455733286732, 0.23715875395994382, 0.3084045380703566, 0.2902415263663093, 1.9973182099278668, -2.5378819389838223, 2.4760286891080225, 2.1961892655684148, -0.027521468275718518, 0.25845190327237555, 1.3295145625353173, -3.1590406868859895, 1.1128935334545789, -1.0906923854253754, -0.5162313862279247, -0.27958974052345065, -2.160663926852586, -0.042535905851735216, 0.48008036563100526, 0.7405537295230396, -0.761668023170068, 2.293429593215865, -0.880780871640937, -0.6837673870202206, 3.1663357410859883, 1.97036335589795, 0.6603696763057579, 0.24900433540708883, 1.0357667507243156, -0.5213529761650314, -3.139906771008678, -0.22120648848256177, 3.973398404464608, -2.3664018755151717, -3.104440570108571, 0.7400622986116632], [0.933445017110621, 1.215790338670985, 3.192770259806703, 0.3931256333671221, 4.206714525368741, 0.49470807772370873, -0.22762971949104316, 2.4194065212636473, -1.5928815057065124, -0.1909226596930498, 1.0289651067371532, 0.8844494943137147, -0.708617055205681, 1.0505245336554092, 4.729037524213506, -2.407174640545812, 2.1325801951707914, 1.8346752347128337, 10.35435281857601, -7.645032463681152, -2.5079769191094705, -0.3571139097379016, 0.9098811197979069, -0.538565483590246, 0.7956176447052835, -2.8954361304431147, -1.8102210822783833, -4.55258487035797, -1.1337347086828171, -2.3336408798100448, 1.4583866312221074, -5.921767429711822, -2.1844235277912656, 3.2868814280627827, -4.834222290382479, 0.7307109382252805, -3.7668609911555233, -0.09145394758042363, -1.8501991078346098, 3.305755792649704, -0.35882013383825057, 1.0748269761039275, 0.016279333927331975, -4.831123344605582, -5.81445735992692, 2.702850610271927, 0.8796006377474772, -1.9957247458207676, 0.31172319450077757, 10.704547618166798]], "Lambda": [[0.37637097900709116, 0.2810699091529171, 1.028908435018141, 0.40569903400444257, 0.23089420689632023, 0.7642444035551387, 0.6825386306886083, 0.3850133865102445, 0.48525113583043944, 0.49681748183559243, 0.4496102972502144, 0.3722267416421237, 0.24791568465626457, 0.3386961324158849, 0.8575088889087735, 0.128393896073065, 0.41823855199197496, 0.5559154061330808, 0.4261576036045205, 0.3584314882957156, 0.8865666266128971, 0.38491820962227596, 0.7003060527668568, 0.5699450845791252, 0.7634419387280602, 0.79538103344235, 0.540464650727735, 0.41920400319473744, 0.8124295882404765, 0.42329142209191617, 0.48125942835587865, 0.6375533266412811, 0.33167974386580995, 0.2532832430925432, 0.7892432118697664, 0.2505136683982563, 0.7600253914473196, 0.3505348068535498, 0.3604736673632293, 0.567997225618061, 0.6714411173390136, 0.8994625116753252, 0.4512186561736676, 0.24682978410539674, 0.455181313024931, 0.3892342663385015, 0.15130000414578623, 0.28228385602762457, 0.4336036379967033, 0.5302236266224409], [0.3468857254395063, 0.6713393123496385, 0.7118328861439817, 0.7618273431504576, 0.5558833310108997, 0.4943875299106821, 0.2985601942505727, 0.853692224829558, 0.409672854258996, 0.31517639987160284, 0.37477191826053435, 0.36797584462667987, 0.33039789676986625, 0.606340921928069, 0.5665416835048906, 0.4321726539068766, 0.5179893493885562, 0.41936026500271256, 0.3956591252096002, 0.28729081545561264, 0.5184929174261947, 0.49167314985566596, 1.0567988177525947, 0.34378391363272043, 0.5080791713679488, 0.3037635045302618, 0.30841511656711657, 0.8147770180150292, 0.32343879596635133, 0.507649931996777, 0.7123494497466479, 0.39320564528648894, 0.44149892124227524, 0.3406128944788655, 0.5497466151239162, 0.32796801337937226, 0.4830385216506509, 0.5069364014113613, 0.3088385616052084, 0.46931553199175785, 0.5355454209398218, 0.2658374903946716, 0.2121450711059596, 0.2792954216150404, 0.32349606870399494, 0.6962084303184745, 0.25094235745906046, 0.3529627327408728, 0.48790537157800123, 0.33651323113467346], [0.4712153726443399, 0.3455265936138874, 0.3782598138524782, 0.36844584714826595, 0.5688534436424356, 0.4117167082598506, 0.5716359048911799, 0.3978076037212248, 0.45503274368098123, 0.3346244611570462, 0.4186800678637989, 0.6356322177610182, 0.31238040022030034, 0.5347702508616932, 0.323062518200642, 0.31059799172533553, 0.2994356604134574, 0.6274676821226413, 0.5781421158050982, 0.23803814151363592, 0.6660217716775726, 0.4688332441018223, 0.458636336304012, 0.7482935758607863, 0.27539231562942895, 0.8484003327081409, 0.23046788040725824, 0.3881962928071445, 0.4788924373558521, 0.4873604736799787, 0.8278395479037994, 0.7726190588850289, 0.5223259603705505, 0.7381178786644759, 0.4626560428276293, 0.44777394240173524, 0.3811733648448271, 0.5161525571328393, 0.30254759309373125, 0.29059400380657685, 0.3304309646811809, 0.21368191663788602, 0.7667544006309304, 0.7343539509669851, 0.42223894461373185, 1.0100287788206188, 0.5963639085616461, 0.30438283465567234, 0.5612887162254778, 0.3159841779172109], [0.3687879625560071, 0.6904946880934165, 0.5131569027997005, 0.6845146739927986, 0.4728414827143171, 0.49756100711358986, 0.30791175234275037, 0.7123030059129866, 0.3565257082703352, 0.39318304007294114, 0.320033476673308, 0.24832585834236312, 0.32045305802810786, 0.42958323148229316, 0.9017220433132237, 0.5684818152105201, 0.5449536470442193, 0.3362292867968876, 0.3333043793245406, 0.3204716476557699, 0.5491055663540537, 0.41894559122226926, 1.0124422325788274, 0.48321314257972997, 0.5458451582555113, 0.44413304023580374, 0.5725905991162878, 0.7194147307919573, 0.2875886961539873, 0.644049145674356, 0.7699196638989808, 0.49575799244077756, 0.4415430985635182, 0.32076643940491517, 0.6182609850682512, 0.4708720496753539, 0.6926872770095762, 0.5483695059143056, 0.3169315541721681, 0.3157036883741669, 0.49524546826093085, 0.3667065646568534, 0.39576696671185313, 0.2903491141937265, 0.34544529283890174, 0.5786675581348055, 0.311231766758764, 0.40215770918246735, 0.5093183352543958, 0.3594627298504549], [0.6171927052935323, 0.44218604660004407, 0.4416614540886304, 0.34516557322168595, 0.4756823346818424, 0.4571455901386896, 0.5059190577285148, 0.5327588659944713, 0.48362415495526795, 0.3921118086431953, 0.5734386438353336, 0.5297426171225114, 0.3504390215487614, 0.45764183521130525, 0.47735879945611953, 0.3462564547669604, 0.34551839106875826, 0.47786419107410205, 0.509957588328016, 0.37980396843183173, 0.5752097840724569, 0.4046689495846681, 0.49230933451050507, 0.5687938783928818, 0.3617226790622291, 0.8217127436242573, 0.39858581694516826, 0.491362487488161, 0.4566644214827627, 0.5661754751509168, 0.7432861898144679, 0.604674430406385, 0.4479608360116037, 0.4903638098558993, 0.5335380527363218, 0.46182234780119974, 0.5862012921208538, 0.4979874797232789, 0.35199738377692996, 0.36486489747226236, 0.327476843978075, 0.29349287081564035, 0.6455815200199115, 0.5906214875202194, 0.41783911885750075, 0.6690798563746133, 0.5224147510356894, 0.36088090993290317, 0.6730475974849178, 0.34883542162912173], [0.4492690872564793, 0.7935967143114749, 0.6320360776339213, 0.5341217129241927, 0.5414978382505184, 0.4318280149827329, 0.7017322516039267, 0.5637558751680711, 0.5000261573613023, 0.38934366289913835, 0.4450001001149178, 0.5608201290957967, 0.6122656323880159, 0.558227481817667, 0.5074816489081144, 0.524249759368121, 0.2586355288655785, 0.5386990449993071, 0.41144633147396376, 0.3529170004472392, 0.35732558292298205, 0.34599186296375883, 0.511133373644631, 0.5742726129622218, 0.4752007251806566, 0.43059319421435555, 0.28688413705738997, 0.5010804640200246, 0.38495392820793306, 0.3910850750523737, 0.4582331527025345, 0.34949362416304514, 0.6393559762289979, 0.5187671542225233, 0.5643537730623435, 0.42110647999459305, 0.4516449169124514, 0.4654128961659167, 0.4661244947492091, 0.4555236910531493, 0.47724742968462297, 0.34785747820032675, 0.38532867620407213, 0.24108098109661852, 0.28382131390880955, 0.6247401774125656, 0.3461002638206318, 0.3440889870212851, 0.5907100855599708, 0.4246513868889003], [0.42320105437269434, 0.6805950591945387, 0.5416258306039443, 0.4413577838741619, 0.5332008354567087, 0.55299387900683, 0.6040939817050502, 0.5118485153851849, 0.4335227064527733, 0.4719849204333391, 0.3856745747171082, 0.44546554912196906, 0.5921391987261385, 0.5413426063220803, 0.8243739418225229, 0.7007489968414168, 0.3298884231021583, 0.45767644916087163, 0.3591869267516531, 0.3519134193806245, 0.399164729783392, 0.33305124600030683, 0.491281398320029, 0.6504644285345981, 0.5558574035057307, 0.556506830576276, 0.5304376600463839, 0.4980936124338832, 0.3391182742698212, 0.44358889084852, 0.5172447782747254, 0.43927858652508284, 0.558745468458869, 0.4714043361729639, 0.5531889530387875, 0.5159297749857049, 0.48942475942915264, 0.466284045456441, 0.4251665982767633, 0.37283071183827415, 0.4346947077865395, 0.4385424857826801, 0.529514411433782, 0.23433296487063515, 0.3014701355560236, 0.6568234164638854, 0.36794885336132227, 0.28678619459103255, 0.550065237492097, 0.5758503528579789], [0.23011865849139637, 1.175566868833794, 0.3672670077238402, 0.661217758644814, 0.5867535130767754, 0.454253761727459, 0.46037933615563087, 0.6135205372340571, 0.5299421834964869, 0.33581587796932516, 0.4796301056367992, 0.6879190134627897, 0.4759617610941888, 0.3085782534374922, 0.5615556124005622, 0.5248353381138043, 0.3332893465934103, 0.5340283586376682, 0.19831181775353962, 0.29068660762000276, 0.292745191713519, 0.1880630345818006, 0.8103730353401807, 0.6637583257246279, 0.16699860574668798, 0.3472862769964107, 0.3102411965713779, 0.42055668211313163, 0.973051416981038, 0.38536425908713007, 0.3446446296071278, 0.2298029876154687, 0.40647364717069845, 1.1280532648933042, 0.38336116566699036, 0.20915661201786218, 0.8703837745443073, 0.2402869238577237, 0.6398740844107096, 0.8767794412658164, 0.4412975190858449, 0.33495139259390294, 0.6647484679026616, 0.1909912858807424, 0.27315288647424363, 0.5383412349178522, 0.5313941324116869, 0.5535862042273588, 0.314259105460968, 0.28501485898567447]], "U": [[0.020135911779281247, 0.2327088074719817, 0.13550574877980087, 0.25749957229133297, 0.10190841443869501, 0.07584100214010286, 0.09821217790857288, 0.07818836519023256], [0.0907082103435007, 0.09541678071930317, 0.2770438196523388, 0.05815195611285648, 0.1043635816855191, 0.13542626679067968, 0.1241854382924367, 0.11470394640336526], [0.04478707713487289, 0.10513196286760405, 0.2677310921803955, 0.08241524052380561, 0.14363397163651798, 0.1330277017112722, 0.11026169576188746, 0.11301125818364467], [0.04227519276012082, 0.1362051721438924, 0.10689960375631198, 0.16341669280181548, 0.07903050443363233, 0.10577696423060959, 0.11871196097678972, 0.24768390889682732], [0.3058281153097794, 0.11169526804997158, 0.12270476120008982, 0.08783873618799903, 0.06478219213296094, 0.12797756694626297, 0.0942683735464428, 0.08490498662649325], [0.028111342168922023, 0.1838673908480464, 0.09572930346022632, 0.19298927015751954, 0.056440365383068763, 0.15978552938726498, 0.15449792891220152, 0.1285788696827503], [0.07089989541435382, 0.0907861270508119, 0.18740185412675586, 0.13612438869647725, 0.17761027344659824, 0.09823142749470273, 0.09861508196835493, 0.140330951801945], [0.04860700591514294, 0.19367590045696845, 0.15337725560347776, 0.08718550404096802, 0.10194561382269365, 0.15182707688814356, 0.07748643695178484, 0.1858952063208209], [0.032889430557148665, 0.08615712702316713, 0.2906403725988598, 0.08801128217267626, 0.14640742584218802, 0.10145232558939342, 0.11228109679515864, 0.1421609394214087], [0.04078554931697581, 0.13135065910177665, 0.20767583933243597, 0.11577628489665925, 0.14018226642633347, 0.1254769741287128, 0.11080065603686239, 0.12795177076024283], [0.0474934416956473, 0.1131112538885711, 0.3258967255428266, 0.0666312015757777, 0.14486613152045336, 0.12281367428324473, 0.09041325862996837, 0.08877431286351099], [0.03348083296024834, 0.13577015513195728, 0.2196718494773437, 0.1172981605339962, 0.14265488693129627, 0.12591617942614028, 0.10696884121633161, 0.1182390943226857], [0.030008791576051613, 0.07346134402154371, 0.28741810251111083, 0.08868590358754405, 0.15258539849232505, 0.06890442214600762, 0.09673738773819877, 0.20219864992721817], [0.0737798598407693, 0.07471641273969419, 0.2597141435197818, 0.09478429704215798, 0.14504391877241232, 0.07706889751813888, 0.09726693622598234, 0.17762553434106268], [0.02864021071862823, 0.10422997799447421, 0.33106783029460246, 0.07322821852365012, 0.14932535746854705, 0.1205940036577153, 0.12118644933170124, 0.07172795201068173], [0.043293302722308934, 0.1625834716441367, 0.20130779877286467, 0.061821366317399616, 0.10091062263402908, 0.15988665236937608, 0.08811047316166945, 0.18208631237821585], [0.05835497167497405, 0.25063722215240763, 0.08715526259088582, 0.057873635822093525, 0.04881632187964385, 0.22993578675400028, 0.10265972764976374, 0.16456707147623134], [0.05077555836797087, 0.13853751542016443, 0.1911008220371866, 0.09506945437597845, 0.11488894429382555, 0.15522302905932042, 0.1333658038773623, 0.12103887256819089], [0.04960925948599532, 0.05172922402991352, 0.06950927031455106, 0.06252659921987049, 0.04816600850505845, 0.14421530566317303, 0.11770761611154086, 0.4565367166698974], [0.05516754978271891, 0.23227140571815547, 0.15882621041454045, 0.1995670412051358, 0.10554825225386096, 0.08395014187308375, 0.06779239274431238, 0.09687700600819225], [0.08149652706285408, 0.1800154731595256, 0.11616875603622738, 0.20833368098116883, 0.07391634711967723, 0.09090291572636897, 0.12129079814649518, 0.1278755017676824], [0.08988054810261027, 0.13548405469860342, 0.21967578474741978, 0.08657407471485526, 0.12527971679543126, 0.12632629793010505, 0.11402744133531136, 0.10275208167566403], [0.05126218155227327, 0.12258286436354666, 0.21697631607696485, 0.09003017434341373, 0.13652680799728187, 0.10141998984267364, 0.05718500619710263, 0.22401665962674308], [0.025200799235537426, 0.06629801336983063, 0.3785914766943914, 0.05684529960906417, 0.12600217234425493, 0.10973197738978287, 0.12201022074815397, 0.11532004060898463], [0.034452590903205564, 0.08105255448232883, 0.2594475389730428, 0.11424323527016497, 0.12506203553148254, 0.10878751133285815, 0.16224378027996064, 0.11471075322695672], [0.33137487673015015, 0.11740820451483282, 0.13748221129889443, 0.05570868744492374, 0.08777493461640998, 0.10590922480197888, 0.07903206105649402, 0.0853097995363151], [0.2958354471231248, 0.11151372346081119, 0.1666650125437288, 0.11203099358426329, 0.10610238649665168, 0.07140100168061411, 0.08550071772902537, 0.05095071738178156], [0.05093482364888505, 0.20276901895730126, 0.15292836686784586, 0.21660249212974947, 0.12158156224967627, 0.0887229769989572, 0.09362623888073031, 0.07283452026685443], [0.022524019365857857, 0.1911848501256288, 0.13560894376978044, 0.17259968363582154, 0.07965066200041633, 0.09361705546973279, 0.07905275597744076, 0.22576202965532166], [0.20482821341044105, 0.10553665829796866, 0.19204228862415287, 0.08815858411559536, 0.1435469833511538, 0.07660099880085676, 0.05126964678944287, 0.1380166266103888], [0.025003729031535932, 0.13940291229149215, 0.24089642853268237, 0.051705087309565294, 0.11112227828797842, 0.19440406242996178, 0.13442472412751272, 0.10304077798927136], [0.07336625140176731, 0.12238550797258109, 0.14485321648557148, 0.09873716697519187, 0.0778784796678219, 0.11269574783056488, 0.08850730065335333, 0.28157632901314816], [0.2684594416685404, 0.07961410916892273, 0.11392225560758297, 0.0732385356009676, 0.0979960015114697, 0.08078662873362875, 0.06335926056632414, 0.22262376714256382], [0.06532935298922898, 0.1392393193058718, 0.15867717824167626, 0.08715547588430433, 0.1157546696583506, 0.1774368996944862, 0.13082177516462948, 0.125585329061452], [0.04821652329541429, 0.09115454565977604, 0.18139316372406541, 0.1723555328265118, 0.17915803239598357, 0.11052369314848878, 0.13690924331297674, 0.08028926563678401], [0.037390094754212753, 0.06621780656885323, 0.24206084592845425, 0.12397911330871675, 0.17572706530646193, 0.07969115231021164, 0.11418850338381305, 0.16074541843927564], [0.06459768269974413, 0.11746627339121844, 0.1355193717482773, 0.09268100927648719, 0.08979153033018315, 0.17757398451316078, 0.13157426116040272, 0.1907958868805263], [0.08142651484443642, 0.13539692545214307, 0.1836770269688107, 0.11709484807627381, 0.127148891407748, 0.11569571593230589, 0.11949628062546121, 0.12006379669282104], [0.022744567657695235, 0.08730802364643903, 0.2781681551506895, 0.09637549397004092, 0.13802101653187449, 0.06903435694853433, 0.07754992351698335, 0.23079846257774284], [0.07483304308010955, 0.09576587550586438, 0.19569363224007805, 0.07957271947697221, 0.11385594175124528, 0.19338125344133472, 0.14846403556869872, 0.09843349893569704], [0.10607186982617685, 0.07700596657044939, 0.144661833241065, 0.13123254432644507, 0.09636065700140768, 0.1434925122675979, 0.20082669448769885, 0.10034792227915938], [0.021362748733600088, 0.23675271589975502, 0.16330293774089188, 0.25463212563654225, 0.13525214818149228, 0.06606352638323337, 0.08592182597777603, 0.03671197144670949], [0.07673609514039902, 0.11500141099167543, 0.13907479549109789, 0.12858177183550912, 0.10702868972675639, 0.10533851141287921, 0.11332249372712683, 0.2149162316745565], [0.3144693621178177, 0.06842374504858975, 0.188301946573898, 0.04686439774313733, 0.11188178204376481, 0.0833340707080251, 0.0663083396803305, 0.12041635608443603], [0.10815787882962946, 0.1514349207989259, 0.12540716699295004, 0.10177618931830687, 0.08794455067612185, 0.09567859160333538, 0.06899017150825215, 0.2606105302724787], [0.044894251437021714, 0.06775449640013215, 0.20438277093696408, 0.13527522582156284, 0.16233847443578953, 0.12183324499802448, 0.1371699535724404, 0.12635158239806485], [0.03199353838780239, 0.07603567902251789, 0.2771141756804715, 0.07303071684785996, 0.13324284510084553, 0.08817697578598113, 0.08541658463981269, 0.23498948453470872], [0.043144523865216104, 0.04931684849239425, 0.14566732770395158, 0.06450899510245499, 0.08903385244566613, 0.12675043711013098, 0.10755680950120287, 0.37402120577898296], [0.06569848542686092, 0.08917573715343305, 0.1833653428320896, 0.09911785073017894, 0.09811369627585523, 0.12044794024338792, 0.11856257372968329, 0.22551837360851038], [0.06095782495965735, 0.06982317396507554, 0.2862340747088796, 0.09122410624735232, 0.1436654443588407, 0.10378691751876071, 0.16869591836120326, 0.0756125398802308], [0.09688193708633228, 0.21038284721302952, 0.09165174029378383, 0.15447496786517914, 0.11671272214927697, 0.12413358747817829, 0.07319899878196091, 0.13256319913225922], [0.121055376732116, 0.07234249010676451, 0.1663639611989282, 0.07355240143614497, 0.09536463305141922, 0.11558279881699962, 0.09302560111976081, 0.2627127375378663], [0.05720957613728877, 0.19383547192780376, 0.17816065449050233, 0.09465681792129058, 0.11651143044757163, 0.17361451888586252, 0.11784412543806402, 0.06816740475161673], [0.11112760319202099, 0.1579877978476848, 0.12638257254829124, 0.11360485693846181, 0.11707826616611999, 0.11053920079915044, 0.06738602938883963, 0.195893673119431], [0.04265624548672725, 0.04857849194373161, 0.1538437065192843, 0.07694761304460959, 0.06867183644097304, 0.2092471231623564, 0.2058877357612477, 0.19416724764107046], [0.023749979943784243, 0.07323757008143282, 0.2963450039280088, 0.04485500205794091, 0.11018260109701801, 0.14271926589381925, 0.11962758721393901, 0.18928298978405722], [0.09070807068870758, 0.1498869920536345, 0.13368573318400773, 0.09200883877344361, 0.07318510024003334, 0.17568267407848476, 0.16244573341829935, 0.12239685756338937], [0.2156313660338038, 0.17371190977435025, 0.1338908291203995, 0.11568341065211633, 0.10285352912462531, 0.10683550383626565, 0.07304867149823228, 0.07834477996020657], [0.10257135635548771, 0.1069515344586043, 0.2171641427294489, 0.07035016400876602, 0.09883116661248711, 0.09456779178193575, 0.081807616852927, 0.22775622720034336], [0.029225912854990398, 0.0990487551439096, 0.28827613950400466, 0.10197034484982988, 0.16582045316378047, 0.10394969837468979, 0.1165001662054641, 0.0952085299033316], [0.11810357481625643, 0.08196139815589933, 0.2216718907475802, 0.11215541230304137, 0.12505907016354448, 0.07572427661733791, 0.09622595331683811, 0.16909842387950175], [0.058444667351715544, 0.03166729961378229, 0.11987047106961073, 0.1049949917704208, 0.08241204568563411, 0.19085968041744047, 0.2196462295209782, 0.19210461457041741], [0.04528319121841154, 0.10575767392011944, 0.27310874459194656, 0.08429899483008413, 0.12985258129041594, 0.1231745782490108, 0.1349146977143693, 0.1036095381856421], [0.05152584315665458, 0.27014587509045224, 0.12763101341828081, 0.15451137250785002, 0.0976807092286149, 0.15752896798436716, 0.08183688625317678, 0.059139332360603904], [0.07130939256898061, 0.09560939235148688, 0.22011764656344687, 0.08597826296884514, 0.1677000590699682, 0.07664226849824711, 0.04603582073741895, 0.23660715724160616], [0.05861571820666265, 0.07815760168856102, 0.24953762793076537, 0.1521377924316, 0.18027734508309035, 0.07299337435984168, 0.12901154255916059, 0.0792689977403184], [0.1378632589645741, 0.10804211258124102, 0.17896959517268943, 0.1589470988550509, 0.16807790010716392, 0.06693614076555916, 0.08604067154262436, 0.09512322201109664], [0.05726285843280395, 0.20803159462587512, 0.13231295240789923, 0.21447208317810226, 0.11100871586960907, 0.09178941262740235, 0.12197932951971688, 0.06314305333859122], [0.03155530100321366, 0.1751337842849066, 0.14920127868944696, 0.1727529653147652, 0.08337393643249116, 0.10590423914189685, 0.10362213142848181, 0.17845636370479717], [0.15885969649374065, 0.13325367741963676, 0.12054636504440938, 0.13172899024347645, 0.1112010378750909, 0.11827028255503201, 0.10977291293021295, 0.11636703743840117], [0.09977692267209907, 0.17717629820304465, 0.17438448664822695, 0.06961584483089489, 0.08878871510452609, 0.16599457518117203, 0.10090027736399589, 0.1233628799960397], [0.03319519882212159, 0.06729587224061412, 0.3321216232352372, 0.07445327556958346, 0.16034190713154053, 0.07168026609483019, 0.08075501221676427, 0.18015684468930884], [0.05491608542736208, 0.1909855900958143, 0.15487454981693602, 0.1800928294815034, 0.1072969374140049, 0.0657701220255107, 0.06909241181036964, 0.17697147392849896], [0.3234514312819783, 0.06056607731143445, 0.10701560983285137, 0.09058454173734672, 0.09121419526961815, 0.1095461386005205, 0.10038598574196246, 0.11723602022428896], [0.04753965429911371, 0.21361747633939476, 0.14408064796301542, 0.17879319644906627, 0.09523386213315045, 0.11291556286479855, 0.08484649156806669, 0.12297310838339379], [0.08047461410711831, 0.12323980500035858, 0.22439417625712302, 0.07988749712206347, 0.11260205378177905, 0.1604956473505154, 0.1442545241142966, 0.07465168226674562], [0.04615523845003204, 0.213458616166603, 0.11735930201402266, 0.219022084819515, 0.09508617105105921, 0.06090541573879754, 0.05230957667832943, 0.19570359508164129], [0.06453107390811434, 0.082876089289058, 0.22237241802004334, 0.09859807259675009, 0.1041376956301821, 0.11906116558496589, 0.14595129722902275, 0.16247218774186362], [0.047197200061982615, 0.12969513916314962, 0.2897465366824251, 0.11869029749888721, 0.1300709536034682, 0.08709678700735117, 0.11140295958919476, 0.08610012639354159], [0.05004335168377248, 0.1122436748428037, 0.22193890754392853, 0.09818314265557013, 0.13753971555839914, 0.10284234396119965, 0.09650906497126625, 0.1806997987830593], [0.03037687053551606, 0.1430372947611986, 0.22570133761371275, 0.1210403725166328, 0.13692571103680531, 0.08881779131764042, 0.06681318595217206, 0.18728743626632222], [0.07191438190221677, 0.09204887363613304, 0.25027550935168685, 0.09117870993514093, 0.15599370464692294, 0.09902395590777908, 0.08947772606502385, 0.150087138555097], [0.11437427221089856, 0.10957335333507726, 0.13180210794838268, 0.13424375285434142, 0.10965539142061839, 0.09353802535775671, 0.11410820904140129, 0.19270488783152304], [0.19481701970784016, 0.04316633355245956, 0.12094390403089679, 0.08867296372637266, 0.1068129186752669, 0.055952639575417996, 0.08662639956863231, 0.3030078211631134], [0.04668720582838105, 0.11552441219405098, 0.1196635501489637, 0.18183436716349644, 0.09318991147510529, 0.13347255227774155, 0.17385192446026235, 0.13577607645199855], [0.08871601631272563, 0.09404837703973827, 0.18080212941977333, 0.082023254784808, 0.09817607234215449, 0.13637538346546954, 0.11905629643475389, 0.2008024702005762], [0.11831404730339123, 0.07090564610583887, 0.12140324121058692, 0.09593078588248993, 0.10641106062088407, 0.17314435069764925, 0.1419433298527649, 0.17194753832639495], [0.11203503111168071, 0.10961704395543208, 0.16517789555951864, 0.1158740531638874, 0.09226411701518687, 0.11771767958761938, 0.16751045392039957, 0.11980372568627565], [0.040374555358351924, 0.10419033317006889, 0.2226817277293818, 0.12423339696226315, 0.17407529789674367, 0.12386947345644081, 0.12719588792478326, 0.0833793275019669], [0.04174870517330471, 0.0725354940529836, 0.3430975155382515, 0.061879550869674546, 0.20692972295589362, 0.09462747585330832, 0.08819255714475502, 0.09098897841182897], [0.06592786154193535, 0.0700774409418093, 0.25110604815594906, 0.06091049703563917, 0.13732318686253817, 0.13897739913975254, 0.11663753780563402, 0.15904002851674245], [0.034648330096617386, 0.1871620451203684, 0.23907411330663111, 0.19742868541098033, 0.12716612130761307, 0.05998706280314006, 0.07125888016278228, 0.08327476179186744], [0.05102691286434386, 0.14248954368759933, 0.13561689006563987, 0.13117259943786075, 0.08485557107669456, 0.1347955957863009, 0.1149633775373815, 0.2050795095441798], [0.0715049171950166, 0.057356451415446694, 0.38533151850294234, 0.06468121520170751, 0.16168215049185589, 0.07380867213332529, 0.08593822452557313, 0.0996968505341323], [0.40420147688091795, 0.05299290181722466, 0.069343558557051, 0.09881775625516279, 0.05728957248832914, 0.09875712925746061, 0.11307951307542274, 0.10551809166843135], [0.06161127489471432, 0.1821452976879148, 0.1449462962349953, 0.18782424773368872, 0.09802999621254618, 0.08528954676599355, 0.08659028469623879, 0.1535630557739081], [0.12106956228394145, 0.08351232898150195, 0.13344810492233034, 0.09340343374662144, 0.07503731706006378, 0.1285856789765197, 0.10806543073539801, 0.2568781432936232], [0.07126003767125161, 0.18331665480378312, 0.09294742833802946, 0.20241667714901582, 0.07546660284890912, 0.07858211734716754, 0.09834437012665798, 0.19766611171518572], [0.040973740266762634, 0.1408966412562377, 0.09178081922083582, 0.14534761857733974, 0.06139876219121998, 0.10903920051815819, 0.08597953728725699, 0.3245836806821893], [0.0535533170804023, 0.10289802607838101, 0.3145816305286933, 0.08409819993060272, 0.1445673489825116, 0.11580032040595784, 0.12126867326895246, 0.06323248372449898], [0.03755113810108463, 0.12672735911746444, 0.2981597179624496, 0.10555942508843777, 0.15663644370817154, 0.0878901968711458, 0.0974751344168335, 0.09000058473441222], [0.3089015713632171, 0.07649280816585355, 0.14326199615826588, 0.08772018549099961, 0.1165467878903645, 0.07669721037620343, 0.08209296403849577, 0.10828647651660019], [0.038331419328950976, 0.10103598480355169, 0.3326023973153073, 0.08841321622282307, 0.1761216415414772, 0.09863048432440802, 0.10598017704505952, 0.05888467941842272], [0.044361370088292405, 0.26053900844712535, 0.10488564035715722, 0.23762462431882034, 0.08175288724411738, 0.07320918985782444, 0.05737512418930696, 0.14025215549735584], [0.3391565121026095, 0.0811348127009831, 0.10786387082279808, 0.07051768730263915, 0.08135264805228239, 0.10096627384027528, 0.07187925623293687, 0.14712893894547555], [0.027312781337300474, 0.0421685287023728, 0.23687542270167553, 0.044872093100033275, 0.08985656151280151, 0.14094241925108, 0.12049431569128825, 0.2974778777034479], [0.09141637840007864, 0.09368473123006738, 0.13054015220550919, 0.09113729540641739, 0.08888679011350221, 0.13639856645980256, 0.11691436864294642, 0.2510217175416759], [0.09460132088502496, 0.06190104072548907, 0.09637919614636467, 0.12157812957140253, 0.06033868285407806, 0.13344276650643794, 0.19730599233084817, 0.2344528709803559], [0.023215997442693037, 0.21400303859240277, 0.13446713055973786, 0.22439280110877302, 0.0801080288868826, 0.08203270703312802, 0.09942911432829003, 0.1423511820480927], [0.2510886427426722, 0.06242133603252632, 0.09911438464501963, 0.11352711651302003, 0.08755833720473513, 0.12557802638120494, 0.12739274247007995, 0.1333194140107416], [0.07844401313218359, 0.11862108433865316, 0.14840199519363978, 0.1398689021702408, 0.12322900097269963, 0.14164449578708976, 0.14227902303631879, 0.10751148536917488], [0.020411848097468856, 0.03773804363579534, 0.2357567512970726, 0.041259652682945784, 0.1143684590905803, 0.07831211856426706, 0.08649238408924229, 0.3856607425426284], [0.027498146915904745, 0.2523351840893095, 0.14794000039162097, 0.25528325297187543, 0.1471364963037783, 0.058155764206071485, 0.07137991238329654, 0.04027124273814281], [0.10288716319057478, 0.07319908736469259, 0.20941112431280082, 0.143308054605144, 0.12606516231191175, 0.08936375429028329, 0.14010540315791203, 0.1156602507666801], [0.03223554349542057, 0.08403312999988657, 0.22414072727442436, 0.14588295701115306, 0.1529221063073706, 0.1395341565981225, 0.1583618799344368, 0.06288949937918538], [0.04603823679484881, 0.12744806306713205, 0.2946406522434272, 0.12030901286472293, 0.1546239540670319, 0.09083781103440916, 0.09513403258637775, 0.07096823734205021], [0.1801012297760515, 0.10337192269844916, 0.12104046249914094, 0.09837872297208561, 0.10464358258273562, 0.10599666529527679, 0.08927119877602681, 0.19719621540023388], [0.1249039467156, 0.15529627903287996, 0.1343937146766728, 0.1433899021103906, 0.10641786946057114, 0.10725366685242947, 0.10310272777505414, 0.12524189337640193], [0.04933492440777115, 0.14141079057067182, 0.1871740161241564, 0.2172642258104396, 0.19021626582717868, 0.041985295817072464, 0.08562189923264202, 0.08699258221006753], [0.07879203392451485, 0.07050146171818675, 0.15821244952030758, 0.10462741145189793, 0.09782149621907796, 0.10218712181752287, 0.12810220912568787, 0.2597558162228047], [0.05951610350599441, 0.06849366210106768, 0.2506630082924884, 0.12198618494997801, 0.18712097324046467, 0.05839894141685293, 0.09748830536190191, 0.1563328211312526], [0.07660758515226362, 0.08760610963834227, 0.2752446131150275, 0.11380004634124882, 0.16921494940175544, 0.0729093869132835, 0.10366271136973441, 0.10095459806834385], [0.035294064326656466, 0.17521387721898948, 0.18072290789502476, 0.20563001393438757, 0.1359193669649382, 0.04739263730787048, 0.05634533104754044, 0.16348180130459247], [0.05431567216855333, 0.06032864288891402, 0.1452447573056003, 0.0782443199536058, 0.0899259576329854, 0.18478452916929836, 0.14533732088914614, 0.24181879999189634], [0.21575674194601777, 0.10831272245189141, 0.13578300088771367, 0.1280480406511362, 0.08580474502849132, 0.06004543504586959, 0.09305883448572319, 0.1731904795031567], [0.05832041279674117, 0.12385814442263426, 0.1719381381636697, 0.10516744501238366, 0.08919752893028715, 0.1751262545726978, 0.18154534196499336, 0.09484673413659307], [0.035153701937894265, 0.13519658079300897, 0.2985619375565091, 0.10536313582344933, 0.12321416192174262, 0.11271139983323744, 0.11852395083730001, 0.07127513129685821], [0.02842011029186657, 0.13927285464340852, 0.0962758968827844, 0.09774066385464847, 0.05822865632874046, 0.14186917480493802, 0.11820863960194876, 0.31998400359166457], [0.12900416602515993, 0.06877697049941887, 0.2360249195267936, 0.11870187675091769, 0.14088190189973016, 0.07305548249033411, 0.11909248126930423, 0.1144622015383412], [0.033525015405202994, 0.05327102020947325, 0.3367276058286214, 0.05843489229528188, 0.1660110914199513, 0.07229588589075257, 0.08113838495162047, 0.19859610399909677], [0.027286120303394137, 0.11409972721860111, 0.16565340853055083, 0.10966194521769618, 0.09551653256075791, 0.15644165320457815, 0.13808267472537827, 0.1932579382390428], [0.12264628638913697, 0.04910492405994337, 0.2359458851853628, 0.08828901119968577, 0.13437059633964638, 0.08389912080693848, 0.10443619941546718, 0.18130797660381884], [0.025040853141789946, 0.06724188318178566, 0.39396359929461855, 0.04895490546220709, 0.16010305076909984, 0.08574184384983699, 0.08300707031519788, 0.13594679398546344], [0.035136103407267937, 0.03896132175687714, 0.16416923032312475, 0.06113101434119081, 0.0930663512762867, 0.1449224120862902, 0.1293138969071108, 0.33329966990185134], [0.019285636720534703, 0.056236815847841265, 0.2743798304157918, 0.08146893218466325, 0.12307901842684704, 0.15996938968387128, 0.15102054764648049, 0.13455982907397038], [0.04571038507151085, 0.07049354874479014, 0.17494338706444942, 0.05603607469244205, 0.08451042037972444, 0.08189553349643897, 0.06473645957433355, 0.42167419097631015], [0.030682790814048583, 0.08773109650745685, 0.0821887042714178, 0.07724805870405084, 0.051250117308957524, 0.14372491974745255, 0.1149830734304225, 0.4121912392161936], [0.103488919006514, 0.09295769723328522, 0.2755095790693243, 0.07151933014097452, 0.12425490187031943, 0.10164103712338807, 0.12678441271635588, 0.10384412283983811], [0.07868186291604522, 0.12567700318451713, 0.1379876250452792, 0.08959455093720725, 0.09002567747093508, 0.0926816141978874, 0.06231431423724201, 0.3230373520108869], [0.03531388962800075, 0.12678857259813622, 0.1832685729389684, 0.09682329485589908, 0.09617627953274