{"estimation": {"a": 3.58533727662365, "rho": [0.0864720107565643, 0.0877582579369675, 0.08642956926732223, 0.08347335810851138, 0.08015733062468758, 0.10464309454512923, 0.07764031937874685, 0.06639800965842177, 0.07734159763155939, 0.06105762484108899, 0.06633817991262585, 0.03736942119832362, 0.039002721225554884, 0.04591850491449663], "Mu": [[-0.12547645698237758, -0.14075108918299184, 1.9283012572771432, -1.3866255778425194, 0.8953871633539106, -2.4048341263717665, 0.30022504651330273, -3.00272156348102, -6.323703906454585, 1.2075358929734317, -3.4257330197345506, 6.9626186333832205, -1.1146333706082712, 1.8118072798637819, -2.3294105119021595, 7.248480012930111, -7.504318097531622, 3.6130353231188743, 1.6387965338318558, 3.25021634701715], [5.982511155286519, 3.456383279473616, 7.618029873612157, 7.461741280977551, -2.3650398608710175, 3.1944760074112812, -8.382304079819145, -0.9279611136088172, -6.188654556385186, -3.497817308986995, 1.1595096809805217, -0.8346456667994792, -2.1341606203930095, -2.1953916375768094, -7.090075265203042, -2.195741134504113, -2.0229642811965873, 0.4392354257383263, -6.876772716483555, 2.314436550414496], [0.792260164949299, 0.21135680575840984, -8.422571473218568, 0.4298926647553428, -1.577056224568438, -1.6217560657209764, -6.972930490054699, 10.644594830849302, 9.24811797857247, 6.427580091556318, 5.724449461522812, -4.722573330156656, 3.003668257845834, 3.517200094910805, -3.9806651248133837, -4.908490949082201, -3.650508481147404, -4.485385069106582, 0.10140441162278162, -1.177510513273638], [0.4799539366337193, -1.2520322962478925, 1.5868342175342731, 6.292356707086684, 2.8698316614360952, -7.070279565961966, -0.7986190687959542, 15.822353185145376, 6.513934604886949, -2.46365170061472, 10.595139185661969, -8.219029528198217, 5.549228252606504, 9.819327008761386, 2.2519546272989928, 3.5949740964539285, 4.632673844241159, -6.217317460794487, 14.202109495216485, 2.832560947686411], [2.8306936301449133, 0.9391324640429034, 2.8927447173449985, -2.0742175151867617, 12.030373395291372, -4.589861875663914, -1.9644595053649079, 7.621293177185531, 3.3295951200669003, -3.8894090818806015, -2.6194241700496574, 2.801686872928123, 5.194571678540589, 12.414436759388998, -4.008711506205868, 0.1743564521013716, -0.3232758269393093, 0.20517330280733453, 9.168100096878756, -4.847435889578071], [-3.8763292758077075, 8.530718379754337, -5.325904689379545, -5.407550109231331, 2.1603772157555765, 1.9129576190321302, -34.77819629381744, -10.607926977211077, -2.672673987107321, 0.37913242319471435, 2.9812436637278297, -0.053644828163823946, 9.06596049080541, 1.6626821757746262, 5.988890821563535, -2.699452254328407, -15.088340714931903, 3.2839690490341473, -2.1002125005216485, 0.3173947467560571], [-1.2227688253551738, 6.927516686856484, 0.9656923929959352, 14.006681303688794, -0.3968400581414429, 3.888494111315691, -13.320623221471985, -1.080713021837056, -8.772275038310147, 3.6796606264018754, -2.584961921870631, -2.85343873413742, 0.7004192174561514, 2.873853143303646, 4.459444018322065, 0.4974997234134149, -1.9127463915248686, 1.381480854277566, -3.0670475346976143, 3.951940859420902], [3.2791724478930298, 0.05688114509830473, 4.133470960874414, 6.011632367191186, -0.5327895965657892, -0.030691625251435307, -5.723667739569644, 2.515468872539468, 4.868259910463856, 2.71201142423491, 0.8971561688425128, 0.6988194372372981, -1.6662893768996794, -1.648620855836791, 11.88245495188272, -3.5649245393316495, 0.4007931614661331, -1.1457298041965787, 4.620212195529242, 1.723218961327001], [1.9653537283633955, 6.410152582877051, -4.494155710786911, 7.559442620836846, 2.6880671437552746, -2.469758851457488, 2.2323157091950585, 20.27669371077346, 6.0587312460701295, 10.174434726423776, 13.631735310376724, -5.250498410518283, 0.24256272114968883, 9.066687986527189, 3.13600646033925, 3.670535441722644, -3.618790753934379, -2.2949636978695884, 3.0230925976490757, 2.208411030825632], [8.651161136329113, -0.3294208724237849, 8.849090653324588, -0.04396609505462191, -9.73110237977455, -4.522962889878316, -4.157074193644862, 2.707776053927546, -0.35118104677289125, -4.829128810001315, 1.731741836136445, 0.1771236714431862, -4.4397258489556375, -6.4641756254530796, -1.6901786965174275, -5.443443677221351, -2.5625431192932338, 0.1316900019831191, -4.578711304083996, -0.14678996531274421], [-0.16706431944488573, -4.056971491246732, -1.1256355653304229, 1.6261648493780485, -4.642375095021409, -3.695685918139466, -7.36694892389503, -1.5085228559085138, 4.926859606151526, -0.9490952248054241, -2.5377067074005053, 1.904765892519578, 4.749898938212163, 2.989594417623749, -4.4103342223901345, 4.200518980693308, -1.7610795977338476, -6.155009147793696, 0.06638930824473355, -0.45629513769167385], [0.07489421406340545, 2.126648194711206, 5.028406159736707, -1.4586720058155687, -4.474251257420505, -0.060081816103136815, -1.6460738049729777, -0.7266131111934147, 1.8963192912072209, 7.7328394329379675, 0.2578585663106607, 1.6063420549988656, 1.102051843360217, -3.7982432610826975, 1.1235613133782645, -10.524415538724167, -3.43644881580817, 2.847966456938504, 1.7928711226966296, -4.0818849917817195], [2.360474414159189, -0.1220899014529665, 2.5854098741286826, -0.5497653627382574, 7.6864943534209615, -1.2782047533526564, 0.49186004281096246, -0.5425347887152815, -2.5144107108228626, 4.951056231948358, 0.15855047241638334, -1.4680735906095226, -6.387628940949932, 0.6043391000562576, -2.4203799642815786, -4.891503244820658, -4.35548523977933, 0.7003557900574572, 2.6309651414851296, 0.08413815105004865], [1.8345774755490825, 4.879796281198637, 4.43672328814839, -1.445036957502963, 8.321893300125861, 1.0628943014381198, -1.9369456226380846, 0.13507025832052236, 2.1721295386182216, 3.996642267889461, -1.6948265589445781, 8.536125445173122, 3.3279308999690875, 6.948657391002561, -2.049107878491182, -4.662878868091815, -5.880000673841802, 2.503127565138121, 2.300079049942245, -7.4081026419973135]], "Lambda": [[0.9482620457844255, 0.5401563400284779, 0.34024552866175634, 0.19245461875428996, 0.2481644193056002, 0.2989898567506239, 0.3272132500291284, 0.1566400591658417, 0.3502836799265783, 0.2683776217315673, 0.5645764464387494, 0.27094785023299994, 0.2671716272982896, 0.36641148513765387, 0.35628350888778754, 0.8320143335742124, 0.24808547999695618, 0.41713044726826864, 0.34266898400082557, 0.3807151668295645], [0.2313307083660045, 0.46542590036361875, 0.3830936215221008, 0.6637835563482039, 0.492083360155363, 0.1635405702063157, 0.32586849144835983, 0.4474442005349149, 0.2726291826790623, 0.49168315218454195, 0.9163389590706136, 0.5362405964533471, 0.6474182078205348, 0.357041506357387, 0.4253611082840119, 0.34944649500518127, 0.5518120531879248, 1.1391251354348393, 0.5412537882745874, 0.7084497282457336], [0.9272718659449415, 0.25665788881571067, 0.27964590607215345, 0.48728962074630144, 0.22184992601812195, 0.4971785233789996, 0.2387813059787394, 0.2681192445054487, 0.6403896894540619, 0.42566683262430777, 0.28812630975737064, 0.4477649273236114, 0.6576114455068729, 0.5171384063471184, 0.32341788264314797, 0.30064829939129994, 0.6062083638202963, 0.344833708057806, 0.5915978667440247, 0.44777065829733587], [0.783864624701677, 0.37234479496704936, 0.44677771492684265, 0.4467457431532378, 0.5884218213579413, 0.2010317739093728, 0.45313656105668754, 0.11081173812321359, 0.24430320993870627, 0.33733648322137294, 0.4917498569945249, 0.430317491356476, 0.46181936558118986, 0.36782065779191303, 0.46798990654242406, 0.2573899913526469, 0.6754071685046644, 0.5130754939277637, 0.33828130169679727, 0.658072009716684], [0.599895650324738, 0.21053394255828214, 0.31536590000494125, 0.47417416535518947, 0.13518397323054468, 0.17564704794857855, 0.42430462564204324, 0.3691561657878261, 0.3716496548569886, 0.717197381316643, 0.5074917016924143, 0.24713556708756707, 0.20892494219107544, 0.23883973996702978, 0.44198842365868846, 0.6582377879596223, 0.45345890762723073, 0.7814588907434871, 0.32881952370422746, 0.454207545699732], [0.6746671969167021, 0.3402956672846267, 0.27676574727183956, 0.4894877590854794, 0.5833465177741027, 0.5647113067579828, 0.049054191994643524, 0.24637461599259328, 0.7672156087326194, 2.170801048935472, 0.34943407864378234, 0.17434225772579945, 0.33756272741287624, 0.6002490164415389, 0.5155719877965503, 0.22519995679811064, 0.13715937247703106, 0.7090099068222447, 0.3569035876938363, 0.6659243755353462], [0.3490069460121343, 0.44618678800223877, 0.8821034556709856, 0.3086838477150031, 0.5100817503951195, 0.28557699290516914, 0.20274249861527893, 0.23994955726489584, 0.17022074181555438, 0.6131266900044307, 0.8412108381041594, 0.3258173551271274, 0.5662153303506148, 0.766502225889566, 0.4113661311043453, 0.6359799758319397, 0.4372373903892145, 0.9944691594036836, 0.29365233909717886, 0.5273771944408521], [0.2124092147779228, 0.3357610822238528, 0.7891655971745031, 0.5104411438035409, 0.12560071806323977, 0.19110039283076818, 0.15109366456309586, 0.37979046566629737, 0.3380391237471206, 0.6547517157055264, 0.22219088933572043, 0.36988928750187056, 0.5961224349874318, 0.5421570720611333, 0.20966263084936304, 0.4959077298961196, 0.37830522637845265, 0.6076146690324856, 0.3088354121738883, 0.252680917091508], [0.7937823476050571, 0.3782346400982581, 0.5574043565296809, 0.3200419240769027, 0.5978255336559224, 0.40741172212549676, 0.538226648856667, 0.05560807036176198, 0.643244398644425, 0.3116485670141286, 0.23572602618303273, 0.3342950046441417, 0.6465286393674763, 0.27688483487556553, 0.3029071529916368, 0.18300241340022808, 0.40496303666890276, 0.33092728790746334, 0.49434561416184947, 0.4769794151936273], [0.3223851802231239, 0.6721772802087955, 0.20154999289934142, 1.0208588303979786, 0.2524795961507641, 0.15058463123647078, 0.3312328440835028, 0.46978073017725847, 0.4156795995920194, 0.48719781541554474, 0.6497871814971299, 0.8114508921374644, 0.4142196546066991, 0.30021852961355294, 0.31073156108595534, 0.3151991544888036, 0.5007340034278834, 0.588585955776001, 0.6467722315409397, 0.5698089014672008], [0.8634585080195046, 0.4196013027372589, 0.26989486438160837, 0.42857128915341336, 0.36281495198797237, 0.45489304682921194, 0.20002055583853795, 0.3681380535655258, 0.22037136898560203, 0.536469532711355, 0.5364047023661027, 0.48534006949018227, 0.5092450841661099, 0.36107553533980896, 0.2889716573491388, 0.23385994134646426, 0.9331245712592888, 0.28600964639293314, 0.4604189656423072, 0.3570043080809289], [0.6402696874040742, 0.4640010753457968, 0.3229127729763962, 0.5027497726624615, 0.32565793155432143, 0.2567279393063973, 0.3888465188004148, 0.36815476347762577, 0.326775115910671, 0.367315291810568, 0.3457448197387015, 0.5037743692584623, 0.3252633504001198, 0.4147508522389844, 0.27797876933076243, 0.3551804748343849, 0.45394246634323093, 0.5383675379266529, 0.37160976908215115, 0.5850879098775774], [0.7689712746352837, 0.6339273005280074, 0.5508418083719002, 0.6109069314519688, 0.15697318387742387, 0.48453046546319795, 0.4188169508604493, 0.4510959769177607, 0.6493296430776618, 0.4138867283271489, 0.5469160032262361, 0.7435847016831603, 0.3376526522338675, 0.6488899154616949, 0.5495994505859759, 0.9073628916752748, 0.375743021321732, 0.32990819603738336, 0.5871683234026478, 0.5489751787018394], [0.6159537607523491, 0.34364158441567155, 0.5085661006728074, 0.5298074977497158, 0.19023419037244782, 0.3911273113789165, 0.4298361818280479, 0.6643547129672065, 0.3421244528916881, 0.9622112919235437, 0.25788583768910545, 0.30692238020854035, 0.22195374742086413, 0.3594235863301896, 0.31528022649035914, 0.8401938366732637, 0.3108578072813519, 0.6437003384064804, 0.5426818142586729, 0.2650400509874394]], "U": [[0.02376628436381111, 0.013361926248570865, 0.029759038353436584, 0.012376071436530292, 0.02825884396813529, 0.6227131342640366, 0.10190992921524072, 0.07550958135828471, 0.009297020757536911, 0.023320268292300432, 0.018270050331387195, 0.00544731754213884, 0.003996982659786058, 0.032013551208803996], [0.01229344367121424, 0.013217295727135037, 0.36965838567524506, 0.1128937815439307, 0.01696456668200241, 0.021108530709185395, 0.020771139453804276, 0.04582577620671161, 0.32029749760954257, 0.011709741740150294, 0.018659722735676076, 0.004498236097239489, 0.026668378655621848, 0.005433503492541582], [0.020284174904705705, 0.043545319023386916, 0.07144362858104318, 0.05197285972946753, 0.07401525699395896, 0.02423308503207809, 0.024228287778751897, 0.3047579221962905, 0.029926813528497808, 0.0365548569126024, 0.008914952063636336, 0.023356509808276037, 0.27853546994994555, 0.008230863497359197], [0.004511092190263625, 0.01651317445088056, 0.043721055902880744, 0.40094981076664715, 0.021652841146051413, 0.01203444346352252, 0.016219304401200958, 0.034843776384900195, 0.4225645086589108, 0.003770449983473176, 0.006858592592828839, 0.007523568287070752, 0.003956991579613175, 0.004880390191758027], [0.01232865324097359, 0.02050158649998936, 0.17000127230249018, 0.12924906545661757, 0.09479924698869344, 0.14782417897200642, 0.03390868960826941, 0.04086844393915664, 0.2030762640842473, 0.0371795646413345, 0.015038826478994304, 0.027591259161390727, 0.01430004866682432, 0.05333289995901193], [0.04198554596938164, 0.35167774717467837, 0.03271476847728611, 0.023242221892888708, 0.037637486579897184, 0.025958733512868884, 0.017258261251242826, 0.026080406398533214, 0.011288996359428732, 0.3268717916808471, 0.038312877980513436, 0.02945976390839642, 0.016144809818013778, 0.021366588996024033], [0.02521153767458314, 0.025955019023521177, 0.032437077409413845, 0.020853402778463166, 0.01944236474764118, 0.29332167527670766, 0.04940051246925829, 0.031184762011702248, 0.0171119158040941, 0.03378803874139585, 0.01707039034124787, 0.2156441357965472, 0.0070896774874157605, 0.21148949043800863], [0.032936214095334225, 0.2914608328046112, 0.058380771281211226, 0.008257175912958405, 0.018348864547691187, 0.03255928964275505, 0.026743621343370664, 0.023284927586487387, 0.01755189226996694, 0.2907136527378133, 0.02944128272283105, 0.10163181226547471, 0.007560082103116403, 0.0611295806863794], [0.03077403904989107, 0.288279598236295, 0.035274749065921485, 0.012281783644617484, 0.030549462428784577, 0.2482799118987147, 0.03833669665565562, 0.05384531756295868, 0.030780668497110416, 0.19403574662090461, 0.00927369207272949, 0.007923876686449288, 0.0072972840106119595, 0.01306717356935518], [0.12716015172634473, 0.027437462239278235, 0.006208406518043773, 0.006616890260480805, 0.01139620048242561, 0.6211769321238085, 0.058685647185488694, 0.058981367815954366, 0.0064026022809167095, 0.011486921658996356, 0.0242484601980007, 0.009081857399882536, 0.002493717255796841, 0.028623382854582043], [0.02610419550000589, 0.37529970633481785, 0.01715019100957029, 0.024249230320399322, 0.06754354390673228, 0.008272856450230874, 0.006627867723770722, 0.03673754849675366, 0.04203018013964155, 0.33354503127698376, 0.014606514860741488, 0.008438273718414924, 0.011101843680354667, 0.02829301658158191], [0.030956466303350347, 0.35951570080364476, 0.08178006269582207, 0.027943116631402806, 0.020363934651331003, 0.05785127765767908, 0.3492204804363621, 0.01180108515355132, 0.008870199467689402, 0.007525800573405873, 0.025622878756593276, 0.012639866799286331, 0.004061461015030974, 0.0018476690548509015], [0.050786650052266694, 0.039011124006662144, 0.04855002889223933, 0.011543320249269852, 0.038308366324891575, 0.06089204092002193, 0.037152291060899435, 0.08097941028846287, 0.03408202400994878, 0.3059512980217379, 0.0160113024756474, 0.23629892274923847, 0.023496374026209733, 0.01693684692250346], [0.01804525705550675, 0.3766815380870566, 0.03944956166838671, 0.01684500563564388, 0.025041646840185186, 0.040938299156005414, 0.020790590291223682, 0.021568509952827063, 0.01755797603179543, 0.3222942985990007, 0.010651262844677514, 0.019433390180582537, 0.00891151920386553, 0.061791144453244046], [0.03872859550865321, 0.011015804395272057, 0.1862175363791241, 0.23674511527777145, 0.2588226719037879, 0.017832662643615674, 0.024476342410157045, 0.03775232507545125, 0.06320632202626075, 0.014008768019812512, 0.08887250137719897, 0.01843553973119345, 0.0034952780740780736, 0.00039053717762387063], [0.10718979051377996, 0.02751412708265593, 0.06525451078090098, 0.021354844626089733, 0.021836827726588126, 0.42053503467322706, 0.06944728728467955, 0.0680536663664738, 0.0797393188510208, 0.02344528970435321, 0.03700664678142388, 0.04282942656030186, 0.00987110967733694, 0.0059221193711686375], [0.02003713302977537, 0.06623386187122879, 0.014021483123131149, 0.01365558685316808, 0.008421152146837248, 0.20579629773653954, 0.2835439881522711, 0.2978672674793552, 0.023423526093874006, 0.03550716466405892, 0.007454436064043733, 0.008292823157399565, 0.007952325283506414, 0.007792954344811633], [0.2276637407664013, 0.023290164980169177, 0.011506586669239554, 0.03346297626458814, 0.11760450667958014, 0.2607376081239947, 0.03011677577410801, 0.014309461996946944, 0.011590657621890129, 0.01020585615625016, 0.016840624782626875, 0.012893800107488763, 0.17313680751870417, 0.056640432558011926], [0.022778800958489318, 0.13276708923233235, 0.01649968264814506, 0.03388856020331233, 0.03437692211001654, 0.3416707974934923, 0.15101400828267594, 0.14631516679395215, 0.03455922838013108, 0.016736668875497365, 0.007964941894829521, 0.016249935120906084, 0.023817364358062507, 0.02136083364815671], [0.11143537984915342, 0.01891326542581153, 0.05488007726169807, 0.2673723324202876, 0.060830144701401585, 0.03319009975591154, 0.025121661005031434, 0.02598212815453139, 0.25325320181081024, 0.031178509121323514, 0.09323934229856311, 0.008378159118502237, 0.004864112498698437, 0.011361586578275337], [0.24374554826420353, 0.15378320509741245, 0.013977698290142991, 0.037076410638575835, 0.05399698861254554, 0.033877903696681214, 0.023962875493147105, 0.02341380291582544, 0.02301718402539301, 0.13516430099303117, 0.04009276661889266, 0.010644438633124564, 0.18065850035870928, 0.02658837636231492], [0.024225873546819158, 0.017026665752081095, 0.1537316240583833, 0.27151888887717535, 0.21785847600017402, 0.0923818009949876, 0.009013995809143128, 0.01933363758366032, 0.059749173425758334, 0.010831538814365478, 0.0914442579743118, 0.006216624314086346, 0.006592525864891747, 0.02007491698416156], [0.10848510613200434, 0.27438222722711325, 0.09465382331035024, 0.01309639851695691, 0.02483520224880181, 0.012536665027581896, 0.035154286542776636, 0.04336224474080297, 0.10019844091153617, 0.23520393591784483, 0.025028463215366146, 0.003616591954295897, 0.01309742963318066, 0.016349184621388284], [0.03249546307117794, 0.10141470274951042, 0.23220721372605227, 0.04704441989250528, 0.026565389737658086, 0.07732797817748586, 0.11682197796131277, 0.05409811346067605, 0.20126230542606577, 0.03014480278366924, 0.03679577724218385, 0.020429245557270555, 0.01678032702880307, 0.006612283185628601], [0.038309483135493046, 0.021496988517495787, 0.005925005123378029, 0.021514612411087593, 0.01703963930418123, 0.49052767456417873, 0.011812595758820613, 0.02873369911813512, 0.01622565909900291, 0.05149016718026665, 0.0188401126379625, 0.13864385415820143, 0.012456813511795761, 0.1269836954799994], [0.08914857600154645, 0.03792640318671604, 0.04609473529277872, 0.1730302344456755, 0.12261425874201498, 0.036507527828475606, 0.06308922710416703, 0.03950811950922121, 0.18819668072535162, 0.018087055815796373, 0.09625680830429993, 0.013573704281260701, 0.018506228754099917, 0.05746044000859597], [0.02224120100149557, 0.05451654751508603, 0.0736209478834532, 0.007721101185094815, 0.18581940036117586, 0.3036538503168713, 0.09937425217834715, 0.013937695290422155, 0.07208444396182889, 0.016023325544021194, 0.008390613094158908, 0.012835572976684553, 0.007492836519226281, 0.12228821217213368], [0.12383335954394521, 0.3388130052749692, 0.011828078603965585, 0.009675527376480631, 0.01577236676452314, 0.022049326795534993, 0.33777331998386656, 0.007547802444491002, 0.008066959726867298, 0.013599976861282073, 0.07203753326058969, 0.02236376097409835, 0.00692606808718357, 0.0097129143022028], [0.014360227740431164, 0.02187351508381315, 0.1040070299218253, 0.08169790593496097, 0.1223450713656054, 0.31297490869194744, 0.0219796580978389, 0.010225537697469485, 0.09695728593221403, 0.016113787238397972, 0.12011192544611093, 0.02858262623181542, 0.00810429748261753, 0.040666223134952], [0.03388321906365279, 0.015363665221844685, 0.04693451773894263, 0.36546065225925195, 0.014421565363190706, 0.01059395108543218, 0.03420626791212771, 0.04057708818702602, 0.3884191806383509, 0.010080191930432967, 0.028016620291153257, 0.00533633073216244, 0.003138129213570942, 0.003568620362860697], [0.21622851172985663, 0.17196089065035336, 0.014134147548057356, 0.051776541347432495, 0.07152305818160891, 0.019951308044337677, 0.009894889203518446, 0.01324575519729462, 0.008543964182611595, 0.19073991686424188, 0.01413150776869847, 0.08644358475373597, 0.12066892680580123, 0.010756997722451374], [0.13772091759133123, 0.1916537854012797, 0.01642955290218394, 0.027281914547776676, 0.06262833019864647, 0.25317537041528604, 0.06039992538089643, 0.021934595345319444, 0.009885497652465814, 0.1484229308304941, 0.031827782422104725, 0.012083227936781068, 0.012560450850735901, 0.013995718524698872], [0.08247511418798688, 0.04388159653454849, 0.08175178962920812, 0.10875084796292922, 0.2644327032975514, 0.01121882865830442, 0.022101070871794, 0.05122763663664451, 0.1233146192288626, 0.01878255676036373, 0.024598326257683108, 0.004388200708698839, 0.025826605707575872, 0.13725010355784859], [0.029143830117470244, 0.023014823287540374, 0.012669379066878456, 0.34941916884548907, 0.016447637283685212, 0.018155728379110673, 0.044803656695110355, 0.10723561675632423, 0.3552348974525358, 0.007532541087135609, 0.01599903349051136, 0.006145833786324868, 0.00629220495207364, 0.00790564879980989], [0.35727120683700336, 0.03556353658127768, 0.037113417665538447, 0.010622202138998744, 0.05808805334749778, 0.03505048565444184, 0.03161631094745682, 0.02620985562950266, 0.015798302680775273, 0.017998868941304702, 0.020008981427748936, 0.013832736342114493, 0.3116255667829705, 0.029200475023369258], [0.03650666301218247, 0.036535435093061897, 0.033645883820487305, 0.0034200260790261763, 0.04363041202393075, 0.7352665526965527, 0.0159699411951594, 0.035879130714372806, 0.004710373037667011, 0.018345134415642176, 0.009026303586815207, 0.0022163671140396062, 0.014561907831522827, 0.010285869379539538], [0.05375688932222398, 0.021275778552244506, 0.011998673159259685, 0.007639001959693229, 0.3256454001529995, 0.05954135679676874, 0.01012229711736984, 0.010641508434517614, 0.012498775622966035, 0.018588863411318268, 0.03175646001248762, 0.08807515515026308, 0.0038226716124778416, 0.3446371686954099], [0.034902309365965216, 0.025555607776683146, 0.02675230903724034, 0.01972764087827705, 0.040702542936065095, 0.44649315787636856, 0.024665475782557077, 0.06441226690652434, 0.02028574698154273, 0.09084054325918672, 0.02651785380246281, 0.09475409027881922, 0.05886229699395814, 0.025528158124349908], [0.04586876424277924, 0.02160887641352683, 0.04171280554162593, 0.06870999045515244, 0.05019744072202446, 0.032530617466682406, 0.311225462292665, 0.32852777934258853, 0.02820343860947674, 0.004218572618426094, 0.02899521278611852, 0.017382943249887425, 0.0037326124236122036, 0.017085483835434036], [0.16174503904367302, 0.04486063263017585, 0.04983334441609793, 0.07065733173914898, 0.06473919137202501, 0.3923491991070959, 0.014590968687905262, 0.04295060363768464, 0.02277675137033512, 0.012533581965616783, 0.07920097639402603, 0.009151244163688926, 0.024422939229375783, 0.010188196243150288], [0.05997472153557538, 0.01524852412989067, 0.30748517461886604, 0.10698329719749301, 0.12534090111883764, 0.004926187989519473, 0.036302695685214895, 0.028203584334632565, 0.22069824509984354, 0.026971974096874914, 0.022363719565841034, 0.005830207420207476, 0.03336308597443506, 0.006307681232767744], [0.1024721226921891, 0.2552879954818756, 0.029562834583438807, 0.02324889603743136, 0.017774275974664383, 0.06769820075129393, 0.25874139156798087, 0.08306791155912636, 0.029758127401950215, 0.028536683585647066, 0.0722614619346938, 0.009920623530992928, 0.010369666513064073, 0.011299808385651797], [0.01903467133104213, 0.04881980590457716, 0.36837215059993295, 0.04719319090531035, 0.027570574375590625, 0.018505047041477075, 0.04493849396052654, 0.010662110766528994, 0.012770751145839244, 0.013778703388006084, 0.3614344288216141, 0.007681665493447295, 0.008945490105660741, 0.010292916160445744], [0.14322526970737795, 0.26558072658540316, 0.016748511787655428, 0.02135114022180386, 0.05498745426935241, 0.03435578177418797, 0.017504861932398325, 0.021060183865412075, 0.013537454116235904, 0.2664633008282268, 0.06510890211879046, 0.02722709814623745, 0.03397518253357018, 0.018874132113347746], [0.03478461021723575, 0.16064272457440007, 0.24338035760989718, 0.02802055660055672, 0.036952107297917695, 0.06410355381314951, 0.17118242915403364, 0.010280263089962926, 0.19154564270790336, 0.0173850629830368, 0.021451773066657468, 0.011147905822361269, 0.0031139288279220904, 0.006009084234965123], [0.014598530944989092, 0.01712919706754364, 0.01574938026441053, 0.016261232387408, 0.01089694840267259, 0.7719627852345834, 0.04752770106889805, 0.012990367146334445, 0.009856647697694586, 0.02219904322263831, 0.02280770242877021, 0.00507127631376008, 0.01882873975406823, 0.014120448066226665], [0.15583234643712904, 0.16696542793768743, 0.015657712519729576, 0.012545595714263596, 0.020324588515445597, 0.08935345803675854, 0.10843035796816902, 0.08737975532052655, 0.016319517838162347, 0.1649937567445328, 0.04694773587475885, 0.02507221819715765, 0.0656781931054523, 0.02449933579022736], [0.14348566169983487, 0.00972213862376211, 0.05897218961394641, 0.02211746024894221, 0.03025298255205736, 0.5005741573550243, 0.01165911455817042, 0.009957439361047418, 0.01471120881025217, 0.007076773648003319, 0.09267794724862527, 0.03530919767648037, 0.053291468565352135, 0.01019226003850228], [0.010014220552247636, 0.025398848743211577, 0.39215286542512434, 0.04151593544578781, 0.012581109740298307, 0.02175701755480153, 0.020094287927873933, 0.03321569726983415, 0.3544031704211361, 0.03901765279911179, 0.013005924430786677, 0.020750791812688105, 0.003446472676490098, 0.012646005200609095], [0.01846011590383887, 0.03382826265150684, 0.03747156559944076, 0.01822028312191694, 0.012714594329884213, 0.008893992627525459, 0.053180650645821274, 0.02734371457808333, 0.060615800139624594, 0.010749006848442771, 0.012079400674277338, 0.34651717112665537, 0.007420070083770958, 0.35250537166921114], [0.012087390855715497, 0.02605487830371372, 0.024616499996849013, 0.040987252876776355, 0.031846279327662416, 0.6227253617728351, 0.02649140523722566, 0.01494033938233277, 0.04708480318510116, 0.016743624823075752, 0.022607794472052266, 0.04728388619144146, 0.016292237387219043, 0.050238246188000615], [0.04435717424166123, 0.022168751715884907, 0.14552047615937788, 0.2209742361148205, 0.25459955747413243, 0.06277573608264865, 0.023189772746912984, 0.015321534508702064, 0.0366503094964163, 0.00414196358572371, 0.12163764412960512, 0.006603348741231568, 0.01632834989838937, 0.025731145104493664], [0.1275888624424282, 0.0270070612331415, 0.021804774781859798, 0.030427928015972276, 0.04680791481083006, 0.15575696003144107, 0.13968107075225394, 0.18117904171816437, 0.045751587818275596, 0.027562787510445726, 0.09718653457956021, 0.02707435754985834, 0.009259642567923743, 0.06291147618784533], [0.03170361548766066, 0.022945584663041047, 0.06363859959198305, 0.01640901192612972, 0.36432778514249387, 0.01981071460736702, 0.01812121585719015, 0.019338701842373435, 0.04805580153289168, 0.010829735772526194, 0.024661506881391564, 0.003823148470509484, 0.01590486316746115, 0.34042971505698094], [0.27703757831125886, 0.0864282039745832, 0.040893427755852904, 0.05573930910443718, 0.015395467675185232, 0.06283460728340987, 0.045097081989442345, 0.031752144532373544, 0.06074505554961856, 0.0359227198400836, 0.028333038098522032, 0.0039371598492452765, 0.23333515747145844, 0.022549048564528086], [0.027293402830657607, 0.032168904691332115, 0.35486481989497975, 0.012944199385536094, 0.04815876973061256, 0.012214602814252655, 0.03314903688518157, 0.03353754519496107, 0.0024111851243236557, 0.011478137984359735, 0.37315157447513425, 0.007005623767520875, 0.008019873340176797, 0.04360232388097087], [0.03861001761458074, 0.3458468033917678, 0.02862568163952217, 0.028503739792259078, 0.010018272580659085, 0.03932746885222369, 0.32133117711590836, 0.029436824681328574, 0.024670355406626727, 0.009970619618805281, 0.018650423902685936, 0.06121294823698225, 0.006962145644293416, 0.03683352152235723], [0.04125661796825931, 0.015081347076135414, 0.03729093576535629, 0.33904001044330956, 0.03989459739691944, 0.03963539512341014, 0.018578172618305994, 0.044783676587724294, 0.3338116454834512, 0.028158537793756135, 0.023505260535158837, 0.00714164509830442, 0.019870766434579218, 0.011951391675328745], [0.017931554631629442, 0.04510057977379362, 0.4174466396633158, 0.01620063003014359, 0.010880109017777525, 0.01598410098917541, 0.02235859752321072, 0.014413486995214646, 0.014659664949507859, 0.006136415702337458, 0.4096032214429925, 0.0012602793670149636, 0.004151826173279615, 0.003872893740607345], [0.046549591741963034, 0.03291130973474998, 0.041270536926419556, 0.15285879411420214, 0.06690458194815802, 0.3850410381218672, 0.015666008614296012, 0.015921602838696387, 0.18835371411177781, 0.018236654481100022, 0.013659229408199188, 0.008198567101549824, 0.004536825418000667, 0.009891545439019454], [0.02559476149386601, 0.33130809326840516, 0.04176241053308693, 0.031281537415210336, 0.01777986624701259, 0.025612164464444163, 0.010563725256784326, 0.039403202893830064, 0.012210310955738398, 0.34422495407774595, 0.03117398662430654, 0.060763935986314, 0.012716113191249327, 0.015604937592007307], [0.008732586888614127, 0.09920934955507162, 0.09233534829395403, 0.21836805996903783, 0.1037800885739165, 0.04125097953180668, 0.09877536274456007, 0.02027088505029964, 0.17558720771217615, 0.036168380851054456, 0.013782315018548952, 0.0203347820816806, 0.03750848919720985, 0.03389616453207002], [0.12013123248147686, 0.04827240411590028, 0.1571599048581189, 0.19037829015180008, 0.16441782939178295, 0.04180570218125266, 0.021307280208371155, 0.03571612980269102, 0.011752168582059595, 0.020525502055101483, 0.15425363541224732, 0.01077496133211402, 0.017726584846372916, 0.005778374580709888], [0.04485829153666558, 0.011269193975705936, 0.03420485011090701, 0.2685833624715446, 0.020119225084829728, 0.3033413562465557, 0.012622725365814703, 0.028118068971279025, 0.24639459653330337, 0.005429710021167005, 0.011221864341626565, 0.005235360637918554, 0.004953447999317889, 0.0036479467033652805], [0.08359860154986012, 0.2425880578968359, 0.03510180176005815, 0.06673483862254373, 0.04947295386155677, 0.025851717162937774, 0.023253145575842665, 0.05686581344315247, 0.06691629148507852, 0.23120212169916146, 0.059718729209590815, 0.019461017830584355, 0.03203448717347986, 0.007200422729317475], [0.014500711030638208, 0.00932365613194787, 0.00858028495354918, 0.37922284148617696, 0.38978582688481145, 0.02201490526923853, 0.027347743532072578, 0.03329310162657566, 0.012161712132948295, 0.008332850359605933, 0.011231838998957534, 0.048547132712605454, 0.006517948862149262, 0.02913944601872244], [0.08718871740062463, 0.340126871936399, 0.030110722311699038, 0.015011242681730898, 0.013261810747020517, 0.08076820660260572, 0.011519606987814653, 0.017298728815638285, 0.018110641178997546, 0.3360317460093174, 0.025352613059365675, 0.01057036063764661, 0.006402198946800764, 0.00824653268433918], [0.029208305975479645, 0.01257669955677861, 0.0823218497088123, 0.04737382785720777, 0.039280587772271336, 0.021295060702925354, 0.012690112441722886, 0.3516519092421519, 0.024512585136025156, 0.023991769661510887, 0.013631888763670476, 0.026688884676567194, 0.3036146108736775, 0.01116190763119886], [0.07914164380371036, 0.2553525915239497, 0.026141614669717365, 0.06317660665603965, 0.014749576407449894, 0.04080649393543653, 0.020685657630818408, 0.02395977405272954, 0.0724421461513567, 0.27305729673658014, 0.08025029785795318, 0.011782002991040237, 0.02271383234602103, 0.01574046523719737], [0.2513126595442478, 0.20595278239100145, 0.025980323463590596, 0.012233512949314995, 0.03562975531872519, 0.020310134754800285, 0.04610721150146712, 0.0283344502360058, 0.01181287043919443, 0.17041442605846352, 0.035840100547004705, 0.011063394092301844, 0.1287191787142138, 0.016289199989668133], [0.022059572933250657, 0.3457300771400382, 0.038647738002472044, 0.03155722622167391, 0.04970152231581212, 0.027061183525901266, 0.03919148441660281, 0.0360960564446962, 0.031807421870431514, 0.29112947314689325, 0.036338344451390954, 0.015682360708251054, 0.007481733209657978, 0.027515805612929413], [0.035794896670228935, 0.012735203330504999, 0.03738189246025832, 0.3916192179228498, 0.40857864124989257, 0.012512831443215569, 0.009883884585428635, 0.015711030400132484, 0.035233151817146674, 0.010279660860639629, 0.020405849690290575, 0.003924351683231915, 0.003400908581394701, 0.0025384793047851127], [0.0229515858458649, 0.20613562632742988, 0.07492331724558318, 0.03424016161677936, 0.02851421502835594, 0.020279824662969334, 0.3269557009941152, 0.13257751124024575, 0.007242137021730141, 0.023286579410352233, 0.0558671471511153, 0.04528387785049184, 0.005919964882357565, 0.015822350722609412], [0.2928072345099857, 0.04926979306900718, 0.03551588846673646, 0.04887312165977952, 0.038949900090351944, 0.1002740599375437, 0.04366936388167676, 0.039658769376678615, 0.01899665967535639, 0.05449851334888385, 0.029014659184151453, 0.018192625108626567, 0.22582277493756417, 0.004456636753658165], [0.05517291369009988, 0.26761452719244033, 0.01611226666361268, 0.02660232435786645, 0.07211118643030649, 0.11236139709302596, 0.0241046916957061, 0.028943097623859604, 0.016191466815291995, 0.291205753432212, 0.037394346122700726, 0.022666700464765554, 0.011648727820084033, 0.01787060059802853], [0.022449187644519246, 0.03190089306780254, 0.08762096153834975, 0.2365930207356975, 0.21801300937277943, 0.0792526229833538, 0.04117082280964439, 0.03112265126371807, 0.03867045592252942, 0.007645046262564821, 0.07901677434029149, 0.055663867936964734, 0.00976100645874091, 0.061119679663044324], [0.06477132830535597, 0.030215196137515984, 0.010543854310513502, 0.28929942447902884, 0.09816855108910111, 0.036739266659291156, 0.05494076540504061, 0.026393117826540278, 0.2695417838113127, 0.012625589295646137, 0.016058392720150694, 0.004677873687562379, 0.004916012505344742, 0.08110884376759556], [0.04338688903175054, 0.3263947973362848, 0.0450412285552456, 0.030611020191564423, 0.08645535985065309, 0.00727115643721066, 0.022808210161608958, 0.014614744085712134, 0.015569128346403704, 0.29490840456368117, 0.06217482962275019, 0.02563853224980767, 0.007524975038899504, 0.017600724528427574], [0.11564974740627645, 0.01758770163378874, 0.25467898145631995, 0.07078318127378307, 0.0747745943513241, 0.03486941423840091, 0.021944140377706416, 0.013548705202695731, 0.011854769400083722, 0.034506161807647935, 0.24528333781250317, 0.0477989485631194, 0.012594564130126731, 0.04412575234622358], [0.04450500852895822, 0.007491608718015689, 0.052180476917705054, 0.031694251482739494, 0.050872144243959236, 0.06529300439196206, 0.030126669701693018, 0.05120634149346245, 0.017971539878541252, 0.04450973345783743, 0.05613122643368867, 0.23473407505459287, 0.06941253300957768, 0.2438713866872666], [0.08272065840725439, 0.23202017753227072, 0.01328922856860462, 0.02716585758240137, 0.03447875268399607, 0.015635005277368386, 0.3181369479602304, 0.15779270301400872, 0.018566316346393563, 0.020642383589179233, 0.021085416615430213, 0.0034666290913203056, 0.03706126850282716, 0.017938654828714963], [0.024674773245593057, 0.045826073654862, 0.020152782857604454, 0.2676042050491922, 0.013219591467047742, 0.1525354632777795, 0.025347545483543368, 0.07921330801844124, 0.3114224879247145, 0.011750438650351705, 0.008334624094950633, 0.010888841056171437, 0.014601635652252925, 0.014428229567496065], [0.17467184670401106, 0.08668874592496101, 0.023442982406022297, 0.07902736412195709, 0.10624055714182423, 0.10961418434926695, 0.0592812033506066, 0.0505058549008019, 0.021664884658277105, 0.08328483967579146, 0.023482065418158306, 0.010914022747590716, 0.14991708091810257, 0.021264367682628512], [0.019871880309761163, 0.2938206929790877, 0.09465045901349062, 0.019736900984307134, 0.07171589386015176, 0.03873105014333894, 0.18940509773211367, 0.034919820168047414, 0.057797549565149736, 0.07117238725349397, 0.0490910396248419, 0.020848435052991533, 0.015178365827561746, 0.023060427485662886], [0.02435379861892869, 0.014116774511044339, 0.014387685159812145, 0.3845929092994184, 0.37845924577082196, 0.09952361046801561, 0.013983867060452992, 0.01158345821528685, 0.010023058648305896, 0.004746111653573707, 0.006519146113310891, 0.010174655591744542, 0.014060874671009596, 0.01347480421827337], [0.02155314229514596, 0.37446396722975683, 0.048205501652013705, 0.012677904196224438, 0.012482086809066636, 0.029138742493142068, 0.38191983632516696, 0.040756150318275064, 0.01294844766353089, 0.011130163197124458, 0.03393369539111817, 0.004682389796097394, 0.008855261306105044, 0.0072527113272324775], [0.00933522879863523, 0.014648725288674724, 0.030646573626296723, 0.1970377060998393, 0.0223389058312108, 0.4541340633743226, 0.00520786479088346, 0.014033597639170975, 0.20918594970888219, 0.00974169177667603, 0.012778033343139093, 0.00634071028510425, 0.004763275444676326, 0.009807673992489318], [0.09033622456186123, 0.032996908387614085, 0.3041852460019379, 0.05847752663823576, 0.06115428329707606, 0.02106185759144485, 0.036940322546587176, 0.03712092388671526, 0.027784177938691965, 0.018436098883772567, 0.2613540659883066, 0.002512911607326691, 0.03688178888289478, 0.010757663787534504], [0.08629121232220166, 0.04916743448561127, 0.07517515621459707, 0.08598777338392682, 0.119171782784213, 0.28175214216048716, 0.014741282450919385, 0.01595609563519738, 0.051838447946584335, 0.026535004123926974, 0.11079834080842459, 0.007143464344151289, 0.06347715809599835, 0.011964705243761193], [0.03890151600650663, 0.26701224790194583, 0.021937489743601317, 0.09461316911202491, 0.024870663982547198, 0.1669626314002733, 0.2578869923988037, 0.026139295629517445, 0.070984715221608, 0.004925279023961773, 0.01198592128446984, 0.0033830597682158506, 0.0017026655602805341, 0.008694352966243504], [0.1545023809118659, 0.05003212276103559, 0.034430975174102214, 0.008123044892312517, 0.025606857114426236, 0.5328204695824478, 0.03189347260508066, 0.011915928954942399, 0.024392880630523275, 0.010462724351625421, 0.09176470547139634, 0.011797564176641438, 0.0033853618409049975, 0.0088715115326951], [0.06726338371025274, 0.029779153489519896, 0.08446707769762443, 0.011907970316277763, 0.014373329443049827, 0.6662079895397369, 0.0145627932066741, 0.005706802348655964, 0.046475014557934985, 0.012577767988509007, 0.017157289610143973, 0.0009277350190975257, 0.013330131868655034, 0.01526356120386697], [0.013841506995940766, 0.08844889557896186, 0.14777867361932953, 0.13030293118889189, 0.1053341689599394, 0.20542195068195518, 0.1001996080988883, 0.021817563194399828, 0.07776752187021775, 0.04276250083160072, 0.026815109965288127, 0.014892540751168908, 0.0072119177650587915, 0.017405110498358814], [0.06440919814042571, 0.05758000959437336, 0.05239590500920689, 0.27882810496688054, 0.03681532801716793, 0.051477570318838414, 0.03814422016883422, 0.015025903557255822, 0.29110863483181026, 0.024215779451670756, 0.06082247884744701, 0.0037187121235501197, 0.008240900774920847, 0.0172172