{"estimation": {"a": 20.608938066496627, "rho": [0.15175079588201387, 0.03874164268451882, 0.06116494564154117, 0.12510899854116514, 0.054181749687092315, 0.04298103149543238, 0.1537250769126973, 0.06396944749452052, 0.02985169272146277, 0.054837166014712016, 0.03332911357084043, 0.03636541113881432, 0.04702609226754978, 0.028471785764202145, 0.016625536452548252, 0.03009219026240157, 0.031777323468486725], "Mu": [[4.0721354795589795, 2.5912438092300745, -4.375825096989168, -0.5198690072377063, 1.6033738771338504, 4.9643560377837055, -1.1558512599713215, 6.9913597300286865, -0.19996557449739621, -1.3015329703223621, -2.422973903309824, 4.516953019568604, -7.199270418677149, 5.660226550081267, 1.5837667935190618, 5.91197433147459, -3.609842372854, 4.768274199389418, -2.104667074593473, -3.295411738112134], [-0.8488980846204469, 0.3743576485593769, -0.2564174079917606, -0.10643271766232609, 0.5517238086073338, 0.8304160613966816, 0.09747626070395914, 0.6676905554825197, -0.9305173628470904, -0.3696345731771876, 0.4144081409235484, 0.8323969983669225, -0.771379967065441, 0.5549054131807624, -1.5294402377201084, 0.7159936990989133, -0.5647281381889031, 1.0404805038717664, 0.601624636405472, -0.38904992533907906], [-0.7116615098984215, 0.9942512295487436, 0.6347810877331191, 0.48702159771498976, 0.3894330967446645, 1.1374821181325132, 0.12722411926364274, 1.980778472162368, -0.7395872989540356, -0.7299506781843343, -0.08473087069965576, 0.5117545594119373, -0.31727773530156145, 0.42387363315524273, -1.5583342546819747, 0.7572697084802682, 0.0012292017765704784, 1.191115801126138, 1.9970046070385599, -0.09570307788505333], [-3.0339053369068485, -0.4478915648060977, 2.025858059260838, 0.5503625303732829, 0.38803679631958715, 0.5575224734470313, 2.0820350120732756, 2.3237589477320477, -3.043527785784117, -1.6098870153873444, -0.19638491079132364, -4.757411945672233, -0.7054227520132099, -0.948519780949608, -4.049868384521501, 1.3896816341200038, 3.0561750664060017, 1.7534725616536755, 0.3810975896491716, 1.804479150238845], [-0.9514713273595132, 0.5789106117391128, 0.2737505142516198, -0.17769069975348842, -0.1128768120132568, 0.6304593716271748, 0.2433680264523261, 1.7445814750970678, -0.583779972182881, -0.751676396280458, -0.5482940882765485, 1.6516840110290412, -0.987606718931097, 0.6178706469322692, -1.4844610912304739, 0.7854071912840422, 0.21890338062500675, 1.3021237024504635, 1.846503170206533, -0.10910829012356676], [-1.019785377156351, 0.2776623997771325, -0.0020168410387522134, -0.019277397346207047, 0.3477707689293127, 0.9597291399929637, 0.14462446790004446, 1.0666420491672148, -0.3901090909994532, -0.7239080052461477, -0.21170523179541018, 0.9384149008920364, -0.6505403671229962, 0.6559362926601768, -1.1392769310955648, 1.2067454495974341, -0.02352598936975363, 1.0213127868783136, 1.2215840223894157, -0.3277803929174231], [-3.520088097962203, -0.6066529978424249, 1.9813305133447516, 0.577706792377009, 0.8600267338231365, 0.7302094137742152, 2.183095550587161, 2.7810356485725154, -3.2457850880505505, -1.737321132908778, -0.6530108517455909, -5.829504111526933, 0.3127133830438857, -1.804951625933369, -5.120644976193066, 1.7974095940620853, 3.114618948671339, 2.049059397335847, 0.7292857481104733, 2.658908582488444], [-1.2778909896443849, -0.1377843165324651, 0.4753890200495352, 0.0031304196575802617, 0.4149377383528904, 0.6785181899217234, 0.783626158303534, 1.1696516910261578, -1.527202191958252, -0.8880824440865923, 0.30248127320939266, 0.9010775956787518, -1.1360574560791123, 1.0531867666790384, -3.172461381735404, 1.2461128409047328, 0.06729298575726268, 1.2842617562402372, 0.9305855452264233, 0.15523918303615233], [-0.978309517902661, 0.2827959482483806, -0.1521159551810153, 0.1245875922394234, 0.1926315474207009, 0.9689692673066789, 0.08962531040655164, 0.43459351226252585, -0.36436661362610195, -0.5763593459849503, 0.2902058573101329, 0.36409033277691905, -0.7325680480829974, 0.6730996040105015, -1.1297381124525403, 0.4956993222644472, -0.21798300488712846, 0.921777401720833, 0.5064098895300689, -0.5486923524215644], [-1.438815602041917, 0.7725170961110984, 0.3228718794550567, 0.34460318978547466, 0.4588302683382201, 1.4150715753176737, 0.02047452305948093, 1.1695733608652301, -0.5952060187468976, -0.810107194543188, -0.10871129326625636, 0.679129353723731, -0.3637107031998109, 0.31886749998812564, -1.554438380618135, 0.4537675967026954, -0.11820350925113429, 1.4015313654380706, 1.4971660583258302, -0.043173212764739614], [-0.7637751187265803, 0.07756631304592497, 0.1274738710850832, -0.08099408140281929, 0.5210750719534895, 0.5488190511796763, 0.3506828586448682, 0.9565813975060606, -0.7462757922324353, -0.6472345187377926, 0.5608332790717419, 0.4483091403792849, -1.0256339208665035, 0.4017494056070548, -1.4892269355983956, 0.48751528485094875, -0.2513617818401115, 0.9470284995007, 0.8341960967206618, -0.31317654535875467], [-0.9300665468028736, 0.35143040958779687, -0.039868729425368385, -0.009916630232517296, 0.21225871691786577, 0.5347556036363852, 0.0002266219787123922, 0.9103946303634272, -0.5002188188393611, -0.5807922237684372, -0.17637473453602173, 1.050909750274506, -0.7033544319514069, 0.9515110848244933, -1.056807980437413, 0.6368411548675493, 0.2215955747374674, 0.9840267124930924, 0.7563921816995182, -0.25451552380013637], [0.02248164018218179, 0.6026388710499019, -0.6886157500064276, 0.33563179419298445, 0.3813102558647978, 1.1606659516938755, -0.028085931565546705, 1.1421400739723622, -0.29522035267686736, -0.9714565140643218, -0.24445568220889233, 1.3694316376457707, -1.6249904674303768, 1.560785435812958, -0.5447485689913215, 1.6474307874587062, -0.6729874270760466, 1.0370699476518728, 0.5620706645372414, -1.0095976979606454], [-0.6419262358021348, 0.3544774280914593, -0.07220895955839987, -0.4203931412605858, 0.2573368978069122, 0.503176033578295, -0.10380859058299871, 0.45643104021771785, -0.501700806124211, -0.45146645336763425, 0.23742008964204134, 0.49354284655721176, -0.6695072421192308, 0.16050980570337958, -0.8697355516297891, 0.6059628019341666, -0.24577132263783522, 0.5885979848415104, 0.7141858888481734, -0.4363701611106991], [-0.46402810187856586, 0.06772542249655084, -0.2591008583223925, -0.11173343372932525, 0.48611422500363355, 0.5247654480234847, -0.22067831507792937, 0.12441319558332814, -0.14299581668715708, -0.40449919117489835, -0.0709041230338017, 0.09627443151689959, -0.45569946156178676, 0.40291066699931627, -0.3685097281607507, 0.5099392641790456, 0.011049643572518622, 0.4441252293550891, 0.4915658214913388, -0.1653256532772672], [-0.8819074668251768, 0.539515565121599, 0.09478314438881835, 0.10271502260502703, 0.16670456824200716, 1.0145763707359203, -0.19716229561322945, 0.5480309641753751, 0.0029680119484154274, -0.34373821228102663, 0.030878795458316653, 0.7727089883437102, -0.6380139797456321, 0.2870211379891714, -1.0209027041809033, 0.3370313094771888, -0.13430177835182358, 0.7833887974204111, 0.7639781089315698, -0.30053466031513276], [-0.6505287243028957, 0.22925643582395838, -0.19015446986604367, -0.007309083315290034, 0.5911188630868517, 0.5871687188616138, 0.12522031866500655, 1.2498691570430536, -0.34101029608064126, -0.5089513161293066, 0.09072120859042007, 1.0871193922362372, -0.687458461056868, 0.2647455552594571, -0.7744887723787282, 0.3552757914974011, -0.28810592980774496, 1.102542587107473, 0.751333561715926, -0.41290394148800275]], "Lambda": [[0.5152552728743454, 0.6980936259765294, 0.692485996151355, 0.4186065317743592, 0.46829805937320595, 0.45678038018411393, 0.8388301880837307, 0.36409719756228587, 0.5467973419126331, 0.537193671082579, 0.3804184316015778, 0.26996305047680547, 0.2613584140129365, 0.6791347179135896, 0.5709712904264395, 0.3781651969388954, 0.44027547735282146, 0.46597140892290734, 0.25389640367092936, 0.6927349596548139], [0.4902731133263697, 0.49527833589994674, 0.5215052385902089, 0.51176550810977, 0.46600969420674265, 0.4857427871885313, 0.4823450124593626, 0.42477767882783574, 0.511609395878363, 0.5299342989909421, 0.4460579317599835, 0.31768576575621227, 0.4436615189269178, 0.4537825410732583, 0.41276783106040454, 0.4903978885339391, 0.4852461596152113, 0.5005205386771463, 0.4056893343395415, 0.47600200988337527], [0.4804853199739402, 0.5003064017532741, 0.49581364043807225, 0.4880969726183156, 0.47680302470592234, 0.5060111853384519, 0.4888876137039606, 0.3892567749486738, 0.523862711104313, 0.5487644796885729, 0.41475414141853195, 0.27558304554520285, 0.4136139503454793, 0.4471672157908092, 0.3838102078447889, 0.52433042622844, 0.41174170115545927, 0.5483692764531453, 0.36014957070250286, 0.4703827136192871], [0.46382646197973454, 0.4369470600113815, 0.4564799180317426, 0.37526962190863317, 0.45650077550996554, 0.44805356558281695, 0.44161179877155593, 0.41449943353976826, 0.4876820380757731, 0.5652155208351484, 0.3119517973706899, 0.21069174495216467, 0.36223014518995084, 0.43141179911126637, 0.3284280949018291, 0.5778686450459958, 0.3382292018528802, 0.9703442617093408, 0.3015083833454828, 0.38777863180216776], [0.4565303023159362, 0.48046558289544683, 0.4872399869133964, 0.5002021767435266, 0.4720763520146496, 0.49415499405228713, 0.4794708931826575, 0.3844775028724349, 0.5674749906307345, 0.5221247011110536, 0.41853727185807604, 0.3067065348600354, 0.4298284043673633, 0.4560573122696019, 0.4083933154943891, 0.5098518665420531, 0.436796990960931, 0.5266712957934434, 0.3817647049085778, 0.44810673024651243], [0.4928610822803779, 0.46873132472269713, 0.5036344751907447, 0.531526416134969, 0.4984300896801762, 0.504975717358495, 0.5000215592257105, 0.432035600817197, 0.5410066561175118, 0.5273516384557804, 0.44995228398726744, 0.31527788978480703, 0.443582401034811, 0.46323398337821003, 0.3979516421456602, 0.47824967157093184, 0.4785099740641996, 0.5145161298709708, 0.39498925208410013, 0.456787185616576], [0.47108870241838247, 0.41343565867768184, 0.47381730055840116, 0.35016152518997407, 0.46917346444417135, 0.4240231768311695, 0.44133678921838987, 0.4252162036929027, 0.47948654530844487, 0.5461593799045791, 0.3057981536941645, 0.18611873971047146, 0.358627037177584, 0.39687482720959166, 0.3098398774608735, 0.5835099460455717, 0.31676041060872623, 1.0936981986369518, 0.2671250338717332, 0.35786224784448406], [0.45774848393184764, 0.47788292454646275, 0.4755522350501453, 0.4941275205150952, 0.45867795951928125, 0.5289626760598181, 0.4612663923599996, 0.41876879174576914, 0.5231831532331835, 0.5300280132406824, 0.4395609606475591, 0.28082092761912064, 0.4171563515464732, 0.48078950838750184, 0.38137816837673433, 0.5013552923423266, 0.4344464083759636, 0.5709143253881819, 0.36949737483410194, 0.42699001348465193], [0.47341068759907157, 0.5074561320017017, 0.5130363259563628, 0.5032466330862548, 0.4892941900108043, 0.5167680324742416, 0.5158815699501414, 0.443417547177264, 0.5039479827597912, 0.5355783555370536, 0.46614911552962207, 0.3326138531104838, 0.4623047944134441, 0.4980102005082634, 0.4050852428264847, 0.4881893071219967, 0.468781993429641, 0.5019728515990349, 0.4410617144027988, 0.4768775384048952], [0.47512777465950085, 0.5181326873165595, 0.5127960851002119, 0.4756301636423298, 0.5111016731812658, 0.5052556678741498, 0.46829801591858233, 0.4223354904455312, 0.5566539778762738, 0.5229382931624671, 0.42956895807964723, 0.29568938240914455, 0.4133750250754801, 0.48372172230898997, 0.36832530873975494, 0.49698633004818116, 0.43062141703526735, 0.525619917037405, 0.369375532800839, 0.46905625156618064], [0.48544861863136046, 0.4949672849894029, 0.4812780463790747, 0.5009693906958899, 0.4829885720601819, 0.5112229042497283, 0.4762753009551995, 0.4282656002905521, 0.5194824299771863, 0.5384946497956004, 0.48634227306485933, 0.33426196958742066, 0.44272598760291165, 0.4602095204320502, 0.4179656989314072, 0.484774502369333, 0.4883898684313423, 0.5120610094362265, 0.4311020549666601, 0.49612977074029685], [0.4875458282655462, 0.5118783133766969, 0.5081321666664843, 0.5283817204694294, 0.4815419013371837, 0.5210204352687057, 0.4817292906892328, 0.4374946764883806, 0.5256064672386273, 0.5242817177912242, 0.45697245643497664, 0.3465600275424555, 0.4538693170239056, 0.4862264438609124, 0.40743612855202965, 0.4849844054905086, 0.45846970425387645, 0.5122731847834721, 0.42033236646379424, 0.4692100613397857], [0.48833781380580377, 0.49120728158891575, 0.5308846765612307, 0.5072089441428432, 0.48865253864718683, 0.5160441043544587, 0.5262343891552997, 0.4393908360939862, 0.5334414999941, 0.5359597331360962, 0.4569940879283833, 0.3256972627248594, 0.44828023951900975, 0.5052733191644672, 0.45625344969114934, 0.44385990193342834, 0.4675072050713262, 0.49584732031845535, 0.40225362720012275, 0.5085590478232899], [0.49021723571907716, 0.48389019119736143, 0.5013389928009724, 0.5108724248197829, 0.47791291376730827, 0.5110983449293046, 0.5018965680998018, 0.4437696390337318, 0.5297896607524291, 0.5493754395008696, 0.4570953439812847, 0.3639609256533628, 0.4649329456060169, 0.4663668696973579, 0.45588030567247234, 0.4627841712594056, 0.46690644341460025, 0.5222985479940083, 0.42234288283611165, 0.4839596528097928], [0.4886578455042885, 0.5037629642695742, 0.4977677171598485, 0.5118445247772164, 0.4911063099026468, 0.5145677281420864, 0.4995901479751638, 0.4557838489995111, 0.5356163320663259, 0.510828395285572, 0.4719093977209709, 0.39957173274760616, 0.4771555732139325, 0.471144801290156, 0.4463306040709473, 0.4743176169191024, 0.4925300253595387, 0.5028873262413872, 0.4557432984246123, 0.4906399917606018], [0.49825654103122813, 0.48505838283983826, 0.5083072184734628, 0.5060511913130492, 0.4761670455314191, 0.5002845992608601, 0.49268414547310185, 0.42710410606367344, 0.521607662504176, 0.5231448995404903, 0.43884204423319806, 0.35669571290814134, 0.4489240906796719, 0.48678607091860704, 0.41501246923990776, 0.5037118622261785, 0.459958688817677, 0.5091235083804184, 0.4135422531557498, 0.4774091113908982], [0.46654997157725175, 0.49264385521738363, 0.49595509305089674, 0.5127727646689307, 0.5065776429584763, 0.5034170322554308, 0.5085101333865154, 0.42375140533101896, 0.5179697239357629, 0.5324161826477247, 0.45834787145797085, 0.34976884567007105, 0.4673348281843853, 0.47611166909180513, 0.4219784052998035, 0.47742572639283715, 0.4850348953889546, 0.4993619793494275, 0.39985227238306187, 0.47846423471857175]], "U": [[0.15778597267918404, 0.03524738418937, 0.06204724571616297, 0.13735044888489156, 0.05261480022084935, 0.03699130013254386, 0.17314265128238399, 0.05952307443404261, 0.026928602374532887, 0.04902340788821024, 0.029322320409220302, 0.03575983665049825, 0.047595212488821176, 0.026194153969780462, 0.015115010458893565, 0.026801264034008798, 0.028557314186606144], [0.1355819987472754, 0.0414718324224614, 0.06589962059661117, 0.12704849720936895, 0.051883535161433965, 0.04419901897666034, 0.15117380454632548, 0.060356961777442104, 0.03362347358859953, 0.06342213061237782, 0.034341420118426044, 0.0367418395765768, 0.04410490983340234, 0.030771916922249527, 0.017065821009709936, 0.030597506768872254, 0.03171571213220718], [0.1844222679011269, 0.039144766369100775, 0.05624892052526322, 0.1108486653585961, 0.060027360043477515, 0.04134071640022405, 0.12628336876253007, 0.06600098762903749, 0.0286439051907124, 0.05351322959658409, 0.032323170698994055, 0.03894842525703601, 0.05461346900423342, 0.028649136137975532, 0.01569055672135233, 0.03117485366390691, 0.0321262007398488], [0.09350734935849836, 0.03448929709610695, 0.07164065583357436, 0.14331192119337122, 0.06396448311635801, 0.04203381054821077, 0.18679613070259457, 0.06248307469695794, 0.027987004576722308, 0.0592128774395386, 0.03103600005066021, 0.037909528585994445, 0.040527974575092614, 0.029247259382423257, 0.016009326707693547, 0.029348551777154737, 0.030494754359048314], [0.15913416545440653, 0.043930993528133004, 0.06280777911680213, 0.10617263064129077, 0.0646491019935327, 0.04385319490755989, 0.1272526186367575, 0.06867357328609983, 0.030031169842636637, 0.05300473330308446, 0.03514243049651325, 0.04291384190949937, 0.05129175123537366, 0.02681891666464862, 0.018110607363206042, 0.03266040263617836, 0.03355208898427676], [0.16470065134209846, 0.03744624227323005, 0.06075856870814706, 0.12864000122975455, 0.05368860590374271, 0.04198806136932693, 0.16201086675397033, 0.06560927987794807, 0.02708352063233962, 0.04772764934363155, 0.030355910714576544, 0.036154018842459994, 0.04585686983899814, 0.02593293312572855, 0.014726757837179014, 0.027040586237246016, 0.03027947596962231], [0.12696184122093487, 0.038367043662714685, 0.06999321771930782, 0.12092543799808393, 0.061622928497516896, 0.042689595056567255, 0.15171018827315336, 0.06687949767966009, 0.029708147331895647, 0.0604955798194392, 0.03454043674283005, 0.037472678675612686, 0.04507210444568849, 0.03137346522519599, 0.017891351266313714, 0.03139954704977944, 0.03289693933530578], [0.179667194561756, 0.036092614318249276, 0.060233295504101454, 0.1268020394361017, 0.053167818788769874, 0.04414538106234921, 0.15201408154167026, 0.057534830495389676, 0.027940535390045512, 0.050647973842325084, 0.030583467084808524, 0.03425159146551577, 0.047209601383424823, 0.02675197418844988, 0.015586557523025426, 0.028257704571858895, 0.029113338842158772], [0.10075622275046905, 0.04436333126223638, 0.07235078178105368, 0.1255243097343984, 0.059389246921512914, 0.04070942110890867, 0.15301748024977405, 0.0689731012602498, 0.03261116246868854, 0.06773713039896591, 0.03439868184425503, 0.03821161411357541, 0.04366775510506531, 0.029853446725140554, 0.017677151454912634, 0.035099156380917866, 0.03566000643987564], [0.12464048417113961, 0.03998901609145966, 0.06089866494795168, 0.1312870774722148, 0.05438122423200178, 0.050013281155220225, 0.16672668497189574, 0.060490032075697975, 0.03121484420059003, 0.05290779383157496, 0.03321097943410132, 0.03909847702229494, 0.0426024161787201, 0.03130488783425369, 0.018821935400096964, 0.030635771256550072, 0.03177642972423635], [0.1321685685818438, 0.03471595326246337, 0.06035238416326793, 0.1546441582595101, 0.0490384382482682, 0.03808877654472119, 0.19027533782093375, 0.06151695529290824, 0.0292048905864222, 0.056347030425671525, 0.028121894643877564, 0.03305662888418552, 0.039781342951020336, 0.023934083481032428, 0.015076285623129305, 0.026296685379452924, 0.02738058585129172], [0.07385963594423159, 0.04091158692126248, 0.06452304360250442, 0.16324752275796975, 0.05036155465547553, 0.04159947476850191, 0.1984727191854157, 0.06695255584614887, 0.02903699195347081, 0.05751755417986336, 0.03511550826761239, 0.034871382211192035, 0.03825134973320484, 0.026177766986026568, 0.01890048005797033, 0.02801727250822875, 0.03218360042092071], [0.27347745569163473, 0.032344218741891965, 0.05759966986963444, 0.08996718853904727, 0.05182311727903497, 0.04133433095703294, 0.11108695421268645, 0.05173275726725218, 0.026706269321535966, 0.047552279018465385, 0.02837477964184621, 0.03223139603184316, 0.05765425078551092, 0.02414318513856779, 0.01516504349314309, 0.027134107729398966, 0.03167299628147388], [0.10897082163420468, 0.04003773542436488, 0.062228870460486016, 0.13098876309909216, 0.061261405650551895, 0.047980799003118524, 0.15588229592745625, 0.06579670980893758, 0.03464933399470151, 0.05552880041848022, 0.03472092083290714, 0.03916500041974164, 0.0450406918430732, 0.028732350709840662, 0.020321322165140484, 0.03195427320501332, 0.03673990540289], [0.15192644974970437, 0.04450317874215202, 0.06124039385541271, 0.11246046042242759, 0.05732212318516556, 0.045081764331141035, 0.13999334505792252, 0.060215127458903235, 0.03232381030039144, 0.057847536145453446, 0.03608455481218084, 0.037145450565805746, 0.04810481616274574, 0.03142887080564729, 0.016620542694174595, 0.03245510313546766, 0.03524647257530417], [0.24054856413056497, 0.03728409210584424, 0.05469057638572154, 0.09593228306709785, 0.05093932846026438, 0.041588198290745004, 0.1173320280538867, 0.05843534213756341, 0.02842560076802412, 0.04654977149060948, 0.032547853967429645, 0.03503960226596171, 0.060236033712463194, 0.028511476707385526, 0.01463396767702952, 0.027749668905379044, 0.02955561187402939], [0.12767566972475694, 0.043227489506421586, 0.06368501683690146, 0.12842758388868458, 0.049999081454863696, 0.043074105107181175, 0.15311928718673815, 0.0647446532034614, 0.03109368867497471, 0.06034894999738299, 0.03873749854760082, 0.03795166533372008, 0.047133494681018455, 0.03153388398299682, 0.017306118649019757, 0.028310000453891586, 0.03363181277038547], [0.1569923990042504, 0.04434238258860881, 0.058651775304683504, 0.10731290554638025, 0.05248009335383853, 0.04865601923836302, 0.1296121150098309, 0.06270511035372632, 0.036798785731001295, 0.05505781149928096, 0.039655096205545706, 0.03851834419250611, 0.05309539711629182, 0.03214180226529861, 0.019439991456266865, 0.03205115777420774, 0.03248881335991889], [0.25428664833746417, 0.033648652986382595, 0.060292287523509236, 0.09521970732532187, 0.05121820774117992, 0.037254078632282854, 0.12367475367985518, 0.06005029395943482, 0.026019558544290597, 0.04754972543016231, 0.0277402261039347, 0.032788921831588144, 0.05699968881618303, 0.02381103444342057, 0.015375649248724801, 0.027480426838680343, 0.02659013855758488], [0.15933658778171933, 0.03514443055021721, 0.06664547691904665, 0.12286126059988997, 0.05746545293728473, 0.04439272825826482, 0.14783784382603876, 0.06107885247089787, 0.02853597538116732, 0.05364077051329049, 0.03154651908482611, 0.037409141967920834, 0.0469367248572866, 0.029647486258180727, 0.015597319652769644, 0.029975536241102767, 0.03194789270009626], [0.21885145877556805, 0.038504563373301826, 0.06298248530144966, 0.10775387798189864, 0.04932487626730062, 0.03995345834648262, 0.13350016040753354, 0.057553072876816894, 0.026219827402490375, 0.056730502737956656, 0.031301547092226385, 0.031085236850543922, 0.048910474222776675, 0.023902265511827173, 0.013604566670920526, 0.030127542093720164, 0.029694084087186514], [0.10653580289601268, 0.03418294478377542, 0.05898451042635421, 0.1693286729686141, 0.04718414672544202, 0.03652777351110308, 0.21592407317880474, 0.06247493083101343, 0.026821586528302847, 0.052106242735257165, 0.030449580456989596, 0.030024894297840776, 0.037263139028154826, 0.025064885548520852, 0.014283071041228026, 0.025646052361974966, 0.027197692680611268], [0.09603708911930897, 0.04376979106191526, 0.0718854686266197, 0.12231493418528389, 0.05982010021561621, 0.04808954226397046, 0.15660674539479313, 0.06456878900348029, 0.031003225294298217, 0.06421222616460563, 0.03370852476862582, 0.03935593430301379, 0.04371291394721448, 0.0331956664955504, 0.020234046459505085, 0.03454054706524768, 0.03694445563095101], [0.17308997938409856, 0.03261671501132566, 0.05878413389203925, 0.13918120357916922, 0.05052012322177515, 0.03882997752619644, 0.17568386721622034, 0.059735129585573775, 0.025443695342522565, 0.049980946767369215, 0.02776917763341091, 0.03206009987428114, 0.04586586285513471, 0.02305240155228873, 0.013202918147433238, 0.026078200095973753, 0.02810556831518725], [0.18494929842925886, 0.036921154123968784, 0.060592084826246485, 0.12118518845641678, 0.05126086080129893, 0.03824864509850015, 0.15647556568578103, 0.05782902012229282, 0.029369619379413243, 0.057435791476757245, 0.028356074370077193, 0.033013854241588134, 0.04638723746441842, 0.024865058669062225, 0.014011832465834774, 0.029263090853832312, 0.029835623535252404], [0.28341152167594913, 0.03326598136001489, 0.054480117960978465, 0.0932283928174475, 0.04928961552699056, 0.038780921313905634, 0.11243493593792567, 0.052329422774667636, 0.02539886344382651, 0.04404093069019284, 0.02704398427090673, 0.029350759201166837, 0.0631496073361091, 0.024144395038782105, 0.014642625348527028, 0.028258285598446013, 0.02674963970416385], [0.20625668382821158, 0.03723985752232765, 0.05732059897006933, 0.10883862613501143, 0.05299726986642777, 0.04224614196723208, 0.12573769251222547, 0.06346773210916921, 0.028753374494174734, 0.0528539644827689, 0.03377212185446875, 0.03452773439700156, 0.05452053481814557, 0.0268265082675847, 0.014235213204686006, 0.030465011459226015, 0.02994093411126996], [0.12206015893600626, 0.03961655763763908, 0.06432758250407387, 0.13238909878803326, 0.05187754853801699, 0.043906160204500125, 0.17098542172064837, 0.06578034516139233, 0.03012140300662059, 0.05737338402704922, 0.03140832620893457, 0.03575722194087354, 0.04660140962002967, 0.03030869241017505, 0.018241684776623225, 0.028366764227517813, 0.03087824029186664], [0.16852362868127646, 0.03595919784196918, 0.06258999597301199, 0.1318996144582645, 0.05483474268444513, 0.03698522807307014, 0.15720246950840447, 0.06019465350115902, 0.02849122596883091, 0.051389586576967836, 0.030719464446698642, 0.033242975337511645, 0.04767297239596629, 0.024854829531207538, 0.017127570579327487, 0.02948353797807537, 0.028828306463813645], [0.09201104766826138, 0.02996096669754929, 0.06733525627321522, 0.16929430598448458, 0.05381763025060897, 0.0368677797572469, 0.2163503661188395, 0.061392067562401856, 0.027230191808955112, 0.05837339672647867, 0.028734325074108266, 0.03318419183155266, 0.03681575205322807, 0.022229875017837734, 0.012733415616419165, 0.025901610723932583, 0.027767820834879615], [0.1427881533760512, 0.03758352344798125, 0.06387046498003729, 0.1334939971100036, 0.053447015029321525, 0.04090264457980939, 0.1663887854601777, 0.06270491041807026, 0.028517482555377813, 0.05532054275437819, 0.02961408810062446, 0.036558226331228454, 0.04759256370208094, 0.027754925720500218, 0.01570184250156483, 0.029510321745647182, 0.028250512187146276], [0.09981751640110602, 0.03785372116997728, 0.06599694820535253, 0.14107872676411148, 0.060050960082146804, 0.04329689435585422, 0.17582145580856356, 0.07008498942634057, 0.030032005962374726, 0.056147067999557154, 0.03399684808720854, 0.03818173094989505, 0.03915136405466012, 0.02947814732027368, 0.015636819774423417, 0.03140263753255047, 0.03197216610560439], [0.09777580963226964, 0.03602909987964229, 0.06415006505572853, 0.1539025196625637, 0.052796119522004636, 0.04140550383259715, 0.19826550981979002, 0.06718508316193712, 0.02991944639887269, 0.05597514915364325, 0.031864603456836844, 0.03443710702270023, 0.03713093143790746, 0.027682078408165986, 0.015272895657027741, 0.027310987246875446, 0.028897090651437394], [0.2607155720327776, 0.038112310480919016, 0.05577222596522963, 0.08885775158604688, 0.04979208182460601, 0.03536255158185, 0.10193332461001249, 0.06278146837085838, 0.02829535870234932, 0.05124962328317578, 0.031871133918674854, 0.03535120822681549, 0.06165702449892414, 0.025027749397786396, 0.014425692175815462, 0.028089959264870536, 0.030704964079288462], [0.11800461219396524, 0.043647045952276, 0.06223838354968039, 0.13329826059435892, 0.05529664254734852, 0.04660689942911583, 0.15135138073017654, 0.06260996603634478, 0.03253608449715811, 0.05661269725971003, 0.03353496555113023, 0.03893595362138045, 0.046782513237988134, 0.03301232569735971, 0.01961901387464473, 0.03185009081792021, 0.03406316440944249], [0.11053108234307381, 0.03944041246636328, 0.06414928242027881, 0.1340300491281654, 0.05307460773118173, 0.043575100875089125, 0.16882109771733905, 0.06129593653271716, 0.03141443648865846, 0.05856609605353695, 0.03549401657853948, 0.03783236997511506, 0.043382171244440694, 0.0311735892739883, 0.01886488255677917, 0.032245056166840425, 0.03610981244789308], [0.2793868750586243, 0.03409345282545259, 0.05030307844385827, 0.09832341544799023, 0.04689794684264767, 0.0392695713649523, 0.11712197956809496, 0.05487696360713619, 0.026743647416078473, 0.04481525183996728, 0.029621417891547118, 0.030905460419742035, 0.05843019414152527, 0.02354537427222464, 0.013444998709491863, 0.023997552541858216, 0.02822281960880911], [0.12260681624459761, 0.037846591799115155, 0.0605619791525345, 0.1368332779500841, 0.05834322605042239, 0.04218474552201668, 0.16554177073025902, 0.0648340986015713, 0.03184425959106298, 0.05977676541202818, 0.030722831889645426, 0.03813559968812033, 0.043967401468094955, 0.02806502275207298, 0.015590019802419643, 0.03126560514466772, 0.03187998820128665], [0.11744350307130058, 0.0410306545837544, 0.05987308050981112, 0.12564220541929835, 0.05566726438055774, 0.04748291576594503, 0.15504900433100643, 0.07035223594115972, 0.034669968437381196, 0.054720878188151224, 0.03644722675539079, 0.040454006626761504, 0.042674258864434454, 0.032226723136688847, 0.020312067899384924, 0.03258956153802958, 0.03336444455094382], [0.12663279577118308, 0.03635947855238442, 0.060202114399430046, 0.15029450916781564, 0.05132059333171522, 0.040152510093203767, 0.1893508631301801, 0.06328359920792571, 0.029116778446262443, 0.048107608071234036, 0.030770369060984078, 0.03583910980590233, 0.04241932501305328, 0.024504829548118133, 0.01483678885474132, 0.0282009324677973, 0.028607795078069223], [0.14904123660333787, 0.042661945833958576, 0.060755853418988016, 0.11408084856256076, 0.05252156840279344, 0.045833917459633146, 0.13779662787924363, 0.06684605242702982, 0.032583405665331, 0.055932370565030996, 0.034969361063896295, 0.03989554974750431, 0.04954887745788474, 0.032531520096924886, 0.016701152367145797, 0.0325971011862608, 0.03570261126247593], [0.1896145323675791, 0.03511037542598904, 0.057859616766004096, 0.1162114901935015, 0.05682076437827981, 0.04528758181736878, 0.13668941649493127, 0.057800397118151006, 0.030241224188487487, 0.052459523228759124, 0.029677296274980093, 0.038567828120750054, 0.05022069388341977, 0.02747713937979867, 0.016242715304361312, 0.030284080172397386, 0.029435324885241282], [0.11113277722536635, 0.04038545137894062, 0.06629241420155312, 0.13300237127686373, 0.05469958904166318, 0.045461671235985004, 0.1643659734475202, 0.06985562002056421, 0.03009395265377109, 0.0596834898375089, 0.03301091131621592, 0.040782806786505574, 0.042333547857184864, 0.030420540640755483, 0.01720899728639914, 0.030921923607055007, 0.030347962186147645], [0.26304647115208474, 0.03915378477125212, 0.05061939074642344, 0.09433915348948457, 0.04848517448530087, 0.03948128982776442, 0.1140952991921106, 0.05733774367830111, 0.02695867223985949, 0.04685965556318817, 0.027082475517587686, 0.032800662553471166, 0.056980067314097424, 0.0264910357056593, 0.015308920245525047, 0.030234723596590147, 0.030725479921300005], [0.15824049192433517, 0.048306201831039716, 0.059508845916035016, 0.09488873682579356, 0.057216355398185696, 0.04884625187863407, 0.10939590725427892, 0.06803479565112662, 0.03442007853963218, 0.060045109227276065, 0.03958152234756926, 0.04285701331971336, 0.05473770741608527, 0.030258517716588596, 0.01847390802819101, 0.038659473192362015, 0.0365290835331536], [0.12273783466113478, 0.03717820968916074, 0.05834586810290608, 0.14730887912796192, 0.049629737814004045, 0.03966083868187584, 0.17635949447649676, 0.06630067931495565, 0.027913256227805546, 0.056036953835344225, 0.03501670834392073, 0.03444205800866317, 0.042662860845919914, 0.029920349169647285, 0.01577507903976428, 0.029792000262906335, 0.03091919239753256], [0.20521729095465815, 0.03609050295629025, 0.05679200522714464, 0.10733550772148268, 0.0526069967612955, 0.043871318563248225, 0.12577804877356297, 0.06274830342754736, 0.02916825654754374, 0.04994254252791984, 0.0351126203580891, 0.03636132322329373, 0.053158033258494546, 0.029068807750583726, 0.015347108386472652, 0.029504048292486085, 0.0318972852698869], [0.12498280936120937, 0.04369401392311226, 0.06094696556166517, 0.12340393554862043, 0.05453040324118382, 0.04584885476215649, 0.14654131012026705, 0.06718402473355517, 0.03408375631539197, 0.05700767412233629, 0.039652828506575276, 0.03791810546307607, 0.04761067600501641, 0.0321330178561427, 0.018648548850212998, 0.0318496452173367, 0.03396343041214198], [0.12054554532859674, 0.044131558493029605, 0.06646135549854248, 0.12048147737456184, 0.06157077276763921, 0.04436655843207668, 0.13950429764863753, 0.07003367808048684, 0.02793342444481992, 0.06488976589269077, 0.03986611260764241, 0.04231508950831648, 0.04799966061070843, 0.030525748997929057, 0.014665165337768377, 0.032755240108053266, 0.03195454886850001], [0.20300844065529816, 0.03645741205014721, 0.06402459775424904, 0.10426769007290283, 0.05162795697507693, 0.04879045998756985, 0.12014248668763766, 0.05620527733331599, 0.03125216708255256, 0.05659346849177965, 0.033551010382374104, 0.03389730270793644, 0.05188491315337446, 0.027490967856149306, 0.017657437941982677, 0.03059334997790618, 0.03255506088974676], [0.17206038034495105, 0.043184437306192806, 0.061255114137098575, 0.109719959007831, 0.056188024793937336, 0.042284849798103985, 0.12727554898659837, 0.06316003252659216, 0.031215170195839772, 0.05340188179994161, 0.038630494374140054, 0.03814121928351639, 0.05076080314012628, 0.028769014353446084, 0.016671022030042646, 0.03297324719815981, 0.03430880072348249], [0.12785880377973052, 0.03807791293176183, 0.06765351881114016, 0.12931944583575844, 0.05845318802651947, 0.042693165007995866, 0.16337394215061135, 0.07007365788385253, 0.029291226948515017, 0.05425892521817068, 0.03386686282763249, 0.035720569503517895, 0.04206849488360597, 0.026393174367675954, 0.01791130244966405, 0.032952001030172255, 0.030033808343675746], [0.11269857560231433, 0.03360797262818526, 0.06036640006353061, 0.15991956767349522, 0.05016883486255562, 0.039506705695649326, 0.19998845112158667, 0.0640862989020629, 0.029648943658083533, 0.0523856756285938, 0.03135217742417145, 0.03147616379829751, 0.040796614687868986, 0.026727997371648392, 0.012940770887516325, 0.025607989929641188, 0.028720860064799205], [0.15729557880601672, 0.03709623765331266, 0.06326441488941069, 0.11357065564837326, 0.05622158107381486, 0.04858550347471451, 0.14042830364122538, 0.059628276183573484, 0.03056018938301406, 0.05649646040591161, 0.03538267221401015, 0.03842824026726022, 0.04800149633038383, 0.03234580711635857, 0.020377294979310557, 0.02890542647809366, 0.03341186145521569], [0.16024732405574485, 0.04048748593133742, 0.06276737217732788, 0.11579532420705896, 0.05429719267693714, 0.043794868266526114, 0.14384203766682901, 0.06229591361101058, 0.030861484274498797, 0.0577445128780768, 0.03161429327908696, 0.037278857937787103, 0.04833656741711502, 0.029503417147811132, 0.018617033388713698, 0.02990245152860644, 0.03261386355553179], [0.0958044789687332, 0.03404981688074613, 0.0634451482599184, 0.1604551343808279, 0.05051685392601717, 0.0403510343151841, 0.20294708205486153, 0.06584458071621441, 0.025295581790617458, 0.05582560083308576, 0.03334754638412439, 0.03305828574521244, 0.03763828263944849, 0.027907169231754986, 0.01605370505273581, 0.028520576219139972, 0.02893912260137716], [0.17249577578413428, 0.042700395730845525, 0.058969257352228126, 0.1088975980237801, 0.056647567618454374, 0.04549988393784675, 0.13234250364737876, 0.05949541484073305, 0.031232569195454717, 0.057244750263278445, 0.03333630424778068, 0.03747523559529236, 0.04994889856464614, 0.03026831015357764, 0.018309541924331534, 0.029922934753493568, 0.03521305836674425], [0.09798561457963513, 0.037910461826826766, 0.06701908326831654, 0.14341576785174712, 0.057922746705842174, 0.038980935802775195, 0.18027152815073239, 0.06565691773276924, 0.028430395635291372, 0.058087248453888705, 0.03733095511040516, 0.03598446512312459, 0.03979394453889807, 0.027987860522337392, 0.017641058541203687, 0.03300872626024365, 0.03257228989596233], [0.2637757543387873, 0.037979190001539334, 0.05453781864711215, 0.09321437947159154, 0.048259942747697675, 0.04130032237297704, 0.11431593108058409, 0.055624845818681976, 0.026995281412354227, 0.04570442079305188, 0.03382879260945986, 0.032484041743899066, 0.05571351888464106, 0.02554124930060052, 0.013661692057512463, 0.02801757498896804, 0.02904524373054137], [0.23875454827427053, 0.035377458460520095, 0.05646367044864693, 0.1012740506988056, 0.04844352364525942, 0.04267740824184457, 0.12138652206670596, 0.05539859776718328, 0.025270602635073074, 0.05139289502693896, 0.03163831103007418, 0.03348156604855891, 0.05651114871060504, 0.026529454808174608, 0.015598073529033783, 0.030374949700301555, 0.029427218908003264], [0.10636416036928689, 0.03627456603302129, 0.06553404040859888, 0.1422648729711574, 0.06249742585988181, 0.0414340845301196, 0.17818822608463583, 0.07063845154641435, 0.028883524515747362, 0.05551235207964734, 0.03297570541506185, 0.03850839178480549, 0.03856423488240353, 0.025555187899437913, 0.013796081942416754, 0.03085015106348877, 0.03215854261387492], [0.1464916620039679, 0.04055872035234491, 0.061063371148527563, 0.11535407598478557, 0.05598278129250923, 0.0446044679547134, 0.14202083488795617, 0.07121631694816097, 0.029860973252842336, 0.053567633309119234, 0.03594545446351554, 0.04076407423861113, 0.04627314026290312, 0.029929249364574223, 0.018029177248423234, 0.03349116419291721, 0.03484690309412822], [0.12189974822679586, 0.04373275816140598, 0.059314215048077594, 0.12208497546379908, 0.05813536052256047, 0.04695109166537135, 0.14183284123899434, 0.06841747740644791, 0.03554000279261531, 0.053645205206162776, 0.038691388129390054, 0.04264923689356276, 0.047273604426359445, 0.028872716417248, 0.019993121792158144, 0.03615630158637023, 0.034809955022680625], [0.1036245855894583, 0.0397374636077675, 0.06714846427320312, 0.12178690386166542, 0.06063203988673534, 0.04837488027057497, 0.15480951978431423, 0.06217808299180268, 0.03264114470679137, 0.06102034910998202, 0.035238135371660734, 0.042234452962810885, 0.04388243178112286, 0.03267430274210825, 0.021842212768144346, 0.033112076581444785, 0.03906295371041303], [0.08647283174357268, 0.03571320021724583, 0.0681980995483119, 0.1524240412096521, 0.055944457445394176, 0.043347624345234474, 0.19825315651090752, 0.06524805595907515, 0.028768374471499478, 0.05412517248310871, 0.030601200077347367, 0.036610355708534825, 0.036919507151963536, 0.029701324033797088, 0.017322890008882152, 0.029821914232578704, 0.030527794852894707], [0.15161788940719859, 0.0367080288839769, 0.06019812901955711, 0.12263215742001247, 0.05479568750859594, 0.045438378952875065, 0.1548370418217284, 0.06423880725221663, 0.0277671234921185, 0.05522737307341906, 0.03367542460938384, 0.03661760130336915, 0.04736400945168576, 0.028422339484711404, 0.02035361247991519, 0.029049371764816617, 0.031057024074419775], [0.1393935781360246, 0.044527055518264975, 0.06235634531629594, 0.10462895242529652, 0.05087003432512718, 0.04688050993853725, 0.1291101274410983, 0.06542657054198234, 0.03671702977472277, 0.060623160596668134, 0.04190961985876722, 0.039813189578727246, 0.049035084644207756, 0.03570328432389815, 0.020634756639943862, 0.034008181398325975, 0.03836251954211187], [0.10546614429231363, 0.03846986754088757, 0.06189796088627499, 0.15790826956372261, 0.046334037461567376, 0.040287526539069814, 0.20268672545043642, 0.0628358257555189, 0.02835570211518756, 0.05604499545323052, 0.03277911493168441, 0.03242662634553107, 0.036569566297374685, 0.02704637912763155, 0.014595290621667378, 0.026337896547634986, 0.029958071070266677], [0.17416329632290767, 0.042091933293533106, 0.058514274820232255, 0.10306769728390575, 0.05671390112809522, 0.045857068292334144, 0.11968475525478157, 0.06892156442468661, 0.03533562817454457, 0.054067183811737356, 0.03844600737992357, 0.03935172079843559, 0.05089816949539588, 0.029832831050748427, 0.018627280665091915, 0.02984590998274562, 0.034580777820901076], [0.2624486395965999, 0.035755613083337225, 0.055062907657468955, 0.08229988988145472, 0.05078884137296366, 0.0419665471158142, 0.10643745276158853, 0.057687477663318304, 0.028735552880134487, 0.04850143001898308, 0.03220543279117514, 0.03627899853241979, 0.06127205061211665, 0.026658721448748725, 0.015574690070881135, 0.03021556174062676, 0.02811019277236896], [0.18964968768177318, 0.03758775335188099, 0.05274087638105594, 0.12533793140711605, 0.05320452114479521, 0.036921063488652345, 0.14705376456814576, 0.06534701947081088, 0.026335261098384077, 0.05128610749230875, 0.