{"estimation": {"a": 4.811549465295526, "rho": [0.10439568937975743, 0.048298094277745056, 0.10204742443980057, 0.10847216111410352, 0.07223942725982084, 0.067248189630395, 0.06167737643551162, 0.06882324574421368, 0.07446677812085113, 0.09038100609158016, 0.051569637417701215, 0.04649879081856783, 0.040339100127044426, 0.06354307914290792], "Mu": [[3.431474147006928, 0.42627068638872984, 0.900083912130899, -4.004990986479562, 1.0206710468336473, -0.843399262732323, 1.5056411909050191, -2.069483884044199, 3.1023925861065296, 3.766249854076664, 1.2935179973616608, 0.43017962912623287, -2.966859242775304, 0.9435990015125386, -0.13168423482298147, 3.62543326331995, -2.8040151245372504, -0.796951096063625, -0.517808804466277, -0.7184284577207346], [1.4007552631261404, 4.402289366986761, -5.1089857049553435, -1.8958699391816594, -0.6995162206266963, 3.2418050095231856, 1.7087825564984294, 2.1748037217766862, 4.551800669270597, 1.853442918727159, 0.24684559426390645, -5.309901239934721, 0.3064401240310096, -1.5659531024098132, -2.1215493598909294, -3.748069251161951, 2.781942874273012, 1.6924758007959786, -1.0854504679088863, -6.123470345000492], [-2.1368611188568134, -3.378277995925602, 2.109772040554684, 3.697765869803554, -5.582097250369873, -3.819148307911456, 1.4381367111824257, 1.167784318437096, -3.246481412509334, -1.84595858078924, 1.5448188628468436, -2.8322035049298524, -2.2798115016839353, -2.4682291384723505, -4.317810876182188, -1.2353336517936595, 1.1617032057719558, -0.021686015239602993, 1.1339173796284452, 0.12327969844160673], [-2.19680830094749, -3.335035452706596, 0.23525190187521883, 3.2748157816526984, -1.190956347479977, -4.373621189409777, -1.5913190932089865, -0.10788212804109808, -2.4766063453440985, -4.6722718385349475, 1.3966259306652453, 0.11624543956007805, 0.8649809319524057, 3.9759095640407636, -4.5568125377565, -5.38157273423053, -4.386663725690212, -6.594910587616676, 2.651547697835603, -0.2681750673955094], [3.6300541445303804, -0.718646362650687, -1.7273522434742614, -3.4362285969266106, -2.657398620114767, 4.203160214096604, 0.0359024677406147, 1.4361704954145569, 0.32859490515294126, 4.8599350793762515, -0.7812589867595233, -5.755989875088783, -0.04016988930449335, -1.2977973196330728, 1.0944206969818413, -4.721911207543664, 3.0722351520177216, -0.7772246256914318, -1.1736067279734363, -5.60294673038286], [-1.9922976978620741, 1.681773602320863, -1.9666893952423425, 0.3956175988607129, 1.3385071426747028, -1.2334459537536968, -4.808222357316124, 1.014724771560997, 1.3086420911070376, 2.454345591611801, -0.9993502515140711, 0.5946155795426668, -2.9396221225032475, -6.900903175868666, 3.696492686941428, -3.372110619328576, 8.500058394198563, 1.9194808093795397, 1.075151304634943, -1.650178538030748], [-1.7180873069015212, 0.33356919552780806, -3.1937930256362206, -0.6759635804645019, -6.1965074107777935, 1.8455928376808173, 0.45561849847403635, -0.9176476075424431, -0.11456710051226392, -1.8445038953931776, 1.929668425504673, -1.713895232227619, -1.7014185294131077, -5.282456041240507, -2.4489613679451128, -0.7058188476883075, 3.322553156532547, 0.3189154072810309, -1.5460284455316122, 1.4773004282254592], [3.701542396679966, -2.365166809540127, -0.5755422771584083, -2.9306864214027755, -2.2168681016422855, 1.5356459863995193, 0.12502120435658784, 6.740688735890293, -1.9412113740731292, 4.490464331900311, 1.2585304164299373, -0.0011208998580461422, -0.7417176781798599, -0.06422532517091392, 0.003509310317233561, -0.64099687514421, -0.2825990230038544, 4.67623081275773, -0.9583921200961703, -2.1353876441104553], [0.1652037893566561, 2.7094279929943688, -0.13332659410142736, -1.2528266042667975, 3.3403572312953353, 0.45490927890317784, 0.6045464753574282, -7.462044245848191, 3.775297166832567, 4.735452179737929, 1.4784751767402824, 1.684008637097888, -4.845221859118087, -1.8251366973691316, 3.638263407127709, -1.1617362813279972, -1.6791176923803182, -5.8335150821773185, -1.1025632662751987, -1.7459283459773105], [-0.3883359052701573, -3.8984512327836605, -0.5403002851179114, -0.501405860962073, 0.7615025904368633, -2.418224596600737, -5.716244106671194, 0.7544772297040929, -1.1041548187927672, -1.5095492927616625, -2.407903330282753, 1.458226304307335, 1.3674776969382305, -5.487532722628555, 0.03959305234504897, -6.819772226440208, 4.697766577996845, -3.5299828029531537, 0.4390804357929456, 2.343699212817765], [-1.0063770615519576, 1.4136379233300156, 2.747396641564551, -0.37178182542205385, 2.2769560336166856, -3.2236530441918414, -0.7494710290138261, -4.109480472515442, 2.882706395763959, 0.3075841359401756, 1.3935289136895854, 2.3134021642850437, -3.484934830850266, 0.939443211382475, 1.182738319540117, 1.5622442264160505, -1.0283811778139604, -3.5333798910735945, -2.298831432458435, 2.5680317741719554], [-3.1067874613960944, 0.318273700422111, 0.9163551260474541, 5.391196980030422, 2.234177199606301, 2.5542031537754686, 1.4845761123310506, 1.5545997881212714, 1.8952462087447692, 0.6494380927077056, -2.2951644197752694, 2.3899564073165123, -2.012453258954665, 0.12442285144741853, 1.7501617747343339, 4.873121674433398, 2.601694775478359, 1.128520114526803, -2.1109539457026143, 4.451420509555867], [-3.692890683188569, 0.5198524338520398, 2.289190514072902, 4.65245172921145, 0.9241002191938018, 3.2840859904621116, 2.5750163641894415, 1.7285008145265384, 1.6011244391245534, -0.03769078709956974, -5.0756609979092575, 1.723293506230133, -1.6101910393858931, 0.10165298185020974, 0.2837005454449408, 4.239836717859665, -0.3295049610105589, 1.466020549746768, -1.1430979657875595, 4.281564576903284], [1.5312265067835436, -1.7644244845331967, 2.0440549866493756, -0.9517046858985367, -5.899131669744628, 2.2998360002612994, 0.5668125118603967, 2.7172832478511215, -2.757972100022801, -0.7804970018953515, -0.05054239402548158, -2.3897151326516135, 1.701346238144218, 1.9935495519094, -0.44986978952348766, -0.45736590502834074, 1.6146241668855998, 3.0144979068432343, -0.03500476234985088, -0.6355706266259404]], "Lambda": [[0.5636435469675243, 0.36608810054145363, 0.32387621268676053, 0.45971790389696554, 0.3951754473150513, 0.31351850753249133, 0.24638506381148143, 0.12197536426129443, 0.4237036259466934, 0.14783390992625903, 0.5269913108485266, 0.2645478426967449, 0.22176280546715968, 0.4231022125840169, 0.7464817647998552, 0.15675489404581655, 0.3264053025533349, 0.3897737354990162, 0.27436694388898114, 0.24849813954502548], [1.0009437947442255, 0.5315894131261898, 0.4830249063180923, 0.815150854867252, 0.529601555787423, 0.34718778875298467, 0.3547685866751065, 0.44795713837721146, 0.4993243765463258, 0.3509347371647729, 0.6846529184250022, 0.5531626383466, 0.7995832583200789, 0.31322893531663476, 0.8223557655539044, 0.29837110640195846, 0.45094657516658765, 0.2436604335869142, 0.5159517801676775, 0.2481102960297202], [0.44500843170141136, 0.4003528149245346, 0.36751341319642333, 0.31605937106798415, 0.3270666058023144, 0.29269427675749354, 0.21133064391098752, 0.5284241719361069, 0.3153175940872404, 0.3636950287563496, 0.22736574820693803, 0.24298692650717743, 0.2557970731030055, 0.27961280337263994, 0.5062141398826583, 0.29337070812784016, 0.28857267164837686, 0.2929288004644204, 0.31333083324061517, 0.3622081011208288], [0.6060772308229997, 0.45511399067524355, 0.43926408002111145, 0.4177933308373294, 1.0723210227035345, 0.26113099327983963, 0.43109306062921576, 0.18866359006371805, 0.23499662628829834, 0.40348342536167014, 0.34578350546332015, 0.21677094703237842, 0.26880350698942035, 0.25072972558948664, 0.44758124579781083, 0.2183323505381931, 0.23844214472118747, 0.2553875589594761, 0.3003700446516775, 0.2549876073614977], [0.7871927517209641, 0.4064390506980589, 0.32267882581319457, 0.41745544216891367, 0.45554243573272224, 0.2763024514239996, 0.29892845696383297, 0.30615825025830995, 0.39075292028020653, 0.4912617759185067, 0.7708379640321396, 0.4864460461208256, 0.43501167378670696, 0.3877809804737278, 0.8736316199481899, 0.34277208224241734, 0.5314319928346739, 0.2291693597938896, 0.5324108130199218, 0.27622209659598873], [0.39795381740559, 0.2959358701190641, 0.7754199898754635, 0.5241022543510222, 0.5396494024879308, 0.429795285641519, 0.7130747346655744, 0.2893976626573209, 0.803399820696053, 0.4438728181831465, 0.43071691782471866, 0.32996008607953925, 0.40223952710169325, 0.16527934125308574, 0.7701990094428129, 0.6306608844255611, 0.3631693242017032, 0.2050593074293359, 0.30705592083809846, 0.29372486546539256], [0.8939187141898329, 0.3404954238950433, 0.3257744387485635, 0.7720196214722309, 0.25837206588480144, 0.5104796953197178, 0.3181282909234498, 0.7290714142401128, 0.5015053405623355, 0.5227030257463668, 0.43164719999607526, 0.4027237844915086, 0.5385014154514053, 0.2454481317149182, 0.5913183519997797, 0.2933093913551385, 0.6039662126588109, 0.3412559820729267, 0.45905810251815027, 0.3649638094615661], [0.4770296089434942, 0.47769733710106693, 0.3106500612131903, 0.47611407495445834, 0.5682571739190266, 0.38890842504131456, 0.3541719365002391, 0.19077871765580873, 0.3603002476183079, 0.3372002307313152, 0.8430847422798854, 0.44103650312610976, 0.18836637820974197, 0.4644771333898415, 0.549867398667208, 0.26288103480377384, 0.5158554982114689, 0.35112993550549526, 0.4027295185530892, 0.32985582558221493], [0.3977717363785823, 0.3099510778725763, 0.5178700780953974, 0.4213896626645621, 0.43196949070433116, 0.30767494594956324, 0.41351503142260637, 0.1775373759996773, 0.5646573638400879, 0.21517749788630988, 0.41826534665409987, 0.30139845380589336, 0.32735193096304255, 0.300765677627397, 0.6017455253379476, 0.16657925048239833, 0.45650856153024233, 0.18643767696935967, 0.28298863520862383, 0.22275391079168577], [0.6894035398933491, 0.23662154073332148, 0.6972955389877982, 0.5157012755781157, 1.230303448391591, 0.4991133510727324, 0.8024632560162869, 0.2821043292872375, 0.5406898636634936, 0.6066809430861478, 0.5172255183158518, 0.2529629053885012, 0.31188066657190977, 0.1895599240874239, 0.8684554338453344, 0.5260416804954229, 0.31233992217386025, 0.13531178339342934, 0.4095234953659824, 0.26236872503972536], [0.6333946556061918, 0.2935810722733381, 0.3446619463423165, 0.46326366161515015, 0.4512174351224561, 0.2383105438812532, 0.3570618763340564, 0.288890148265713, 0.2790388233136792, 0.2633460878777052, 0.4671039001053244, 0.438774645916852, 0.4366068505520698, 0.3380143355154285, 0.5404719839547675, 0.33227331003352245, 0.424771272852536, 0.351957114901055, 0.33010259241177514, 0.3491510822354263], [0.5301790419242707, 0.4882700249182095, 0.39138003887445943, 0.35763905208945795, 0.5284108151339628, 0.30539054912398256, 0.32637865571367, 0.30307820234723054, 0.38039370017476587, 0.33038577515451634, 0.33684213972600774, 0.2790133355838741, 0.6280394625184186, 0.6396381429073672, 0.336416053296461, 0.22962207929421202, 0.35809516855761403, 0.5169358593258365, 0.40353076395805954, 0.42745819463545215], [0.49324762090180246, 0.5002984894517555, 0.4467544662179952, 0.3544663733983749, 0.5086705157755437, 0.33091039998668653, 0.28626467357914953, 0.3510650646203348, 0.31465529545154597, 0.30664772272817703, 0.3001617148849445, 0.31142902325683675, 0.6472915094591544, 0.6733726832801938, 0.3661528282512292, 0.23237574269804795, 0.3138426770433484, 0.5955411234955007, 0.35336217468805775, 0.4207231091106224], [0.5460106005667744, 0.3989420775878375, 0.3261572277385648, 0.4739020429838473, 0.2807628052369174, 0.25629264299140825, 0.3108043363667398, 0.19993092147109984, 0.5367918972324811, 0.4935750864752198, 0.5096274217089624, 0.45695140013504804, 0.2815129951910051, 0.35053926614980796, 0.40755954804979194, 0.28249766446493196, 0.592700458052959, 0.4004232041986096, 0.3743169055977561, 0.39138789544821945]], "U": [[0.06446628891774844, 0.02188351955861613, 0.08346160401032245, 0.08896461739820347, 0.17020131145724127, 0.06114874937020094, 0.06253989799854698, 0.09130093305526675, 0.07340692225770143, 0.05955033667139859, 0.04134447049375158, 0.04964805810892495, 0.03426092960837555, 0.09782236109370149], [0.0501277578585326, 0.022947996889495934, 0.09153648707559388, 0.1518428869051291, 0.12591468795452584, 0.04090107826581883, 0.03798121361599086, 0.0509142928435799, 0.0392693230902731, 0.10869578140012562, 0.038346307115342995, 0.07250263558467002, 0.0779011926684236, 0.09111835873249789], [0.0828642646107156, 0.013370026148473201, 0.07565784276725535, 0.10386315750073033, 0.048586195242146385, 0.1488171052985978, 0.03216582124905746, 0.040481970755528306, 0.062519694468665, 0.16085323363774556, 0.07784483250608647, 0.05918755166721513, 0.04751704639814825, 0.04627125774963555], [0.04355430870544517, 0.03313299570936545, 0.08950565058440313, 0.03081005523176463, 0.06708535668691513, 0.019108811357067636, 0.017255908249094308, 0.038213998648040724, 0.02621666047390529, 0.016134195850164096, 0.035503064634077, 0.21610795984354994, 0.2651303502501455, 0.10224068377606352], [0.13560374184725926, 0.01909109800498779, 0.08036606231687343, 0.103906202483852, 0.01641525824590805, 0.03032612925288846, 0.02241194191554456, 0.05086305996791182, 0.12795648168672785, 0.05657991904922866, 0.13802790205099288, 0.10966775383001122, 0.07802871062292661, 0.030755738724887467], [0.10252328360182315, 0.017764076377150797, 0.1585091738796866, 0.09297192872297966, 0.17053926434354863, 0.017830990214545487, 0.03551309060141069, 0.13153154647831994, 0.037654180430464354, 0.0107228625656598, 0.027209353521301247, 0.018645109223673805, 0.012646668417298201, 0.16593847162213768], [0.08788957432532608, 0.01929201477096801, 0.1491100681007394, 0.11372015023683948, 0.05581043716975013, 0.03599590896796653, 0.10239044916740975, 0.07376295856665085, 0.05728536481963324, 0.08341856103314152, 0.047216658276170324, 0.05839878996052239, 0.05116669349782795, 0.06454237110705346], [0.15293620743349906, 0.033512010756431176, 0.02792234274857296, 0.10103380600593409, 0.02028823772239686, 0.03265588003401796, 0.030232138221910853, 0.12782170380681077, 0.043232812249384696, 0.09449654800088675, 0.08818398829491617, 0.1223956336049211, 0.07831790533794636, 0.04697078578237086], [0.11957438515744039, 0.03297500499140166, 0.0812348963204172, 0.14592214964471756, 0.043851074290075634, 0.0738064733760012, 0.024839662195400396, 0.050232984702207856, 0.1100853300921115, 0.0931102188374797, 0.04223229782298326, 0.01960187183506655, 0.019330724347673977, 0.14320292638702278], [0.07480757012478488, 0.04432849383660932, 0.08964649082883935, 0.11769923169065537, 0.0631146097425929, 0.07184867371762411, 0.046434657490997684, 0.05315227437065799, 0.047965011046960666, 0.1281468169882707, 0.021403140308773494, 0.06525711454884076, 0.10934570876298243, 0.0668502065414104], [0.042012097862050866, 0.019392221598014677, 0.09168520833851976, 0.3383806847861051, 0.026845381145989472, 0.04205253167631178, 0.03397217555008924, 0.01996506563592725, 0.0376936810765302, 0.282099150362134, 0.020925233920353097, 0.01144899597752821, 0.013631182611589434, 0.019896389458856998], [0.2748443835376562, 0.020951188727274413, 0.06888403701260014, 0.037027429356421414, 0.026141592526571077, 0.017531647632503214, 0.030556130408514494, 0.05698875006473628, 0.2821300603838324, 0.017233642144377108, 0.07797646512091126, 0.03104141653556964, 0.02911216218680929, 0.029581094362222615], [0.11174140028149501, 0.01749735286300182, 0.20388158182232152, 0.039634958620429525, 0.07651899348808293, 0.07076077444970061, 0.1447003514705261, 0.08630759214182411, 0.05066096505367567, 0.0591523848936984, 0.04401264631532699, 0.014646158403085441, 0.01761673122518134, 0.0628681089716506], [0.038588152279684124, 0.02055707503683622, 0.19216806758756533, 0.04702402377673306, 0.036906187676102785, 0.16217845851846488, 0.14930366446433432, 0.028484680967422397, 0.034167021831686656, 0.16740343085015819, 0.02605614095286385, 0.03447765706680714, 0.03220347912196947, 0.030481959869371616], [0.06332718697539952, 0.12822637721632124, 0.05072125384631808, 0.09176072585114932, 0.07892581977146479, 0.10723200333797117, 0.10271357629806353, 0.04798140940692388, 0.13287824279458874, 0.06655155173503532, 0.033286654630321454, 0.022035294268519336, 0.023241522753553914, 0.05111838111436997], [0.06788813909460853, 0.03031166394385903, 0.033144790429072105, 0.16387788707849807, 0.05963188016841513, 0.0791413655320873, 0.018464130803585835, 0.05318721995555065, 0.07344710955220593, 0.18206430894857903, 0.07038309736000714, 0.0740439909482793, 0.04560545430627872, 0.0488089618789731], [0.04093072819783619, 0.009704958521947185, 0.18152007698453448, 0.14586072992340676, 0.01549439673396821, 0.17513954037969667, 0.02130239452788893, 0.024031906994566452, 0.0351961518900723, 0.16489571906655884, 0.03218241401573907, 0.05084021133269529, 0.06269881991390762, 0.0402019515171822], [0.06511369537267725, 0.05194063416286259, 0.1737629955811606, 0.08063383644315106, 0.08469621418228017, 0.029671151796405747, 0.10586225236134889, 0.10535726816730343, 0.02942913910568424, 0.028156928432359184, 0.0278165600411312, 0.025466343376957037, 0.024644345684418305, 0.16744863529226098], [0.07625349141516702, 0.034572399225750186, 0.02260063060485517, 0.08031420651121149, 0.01890353717868425, 0.20334059836110277, 0.03307352176184668, 0.016445204714251763, 0.25184543210934046, 0.0710191649860315, 0.09495709897413193, 0.03609788841563334, 0.04464578267883632, 0.01593104306315728], [0.0737178973349878, 0.030686220343860614, 0.06618857451485397, 0.04498427910656155, 0.05641694184131657, 0.23711451474850692, 0.03928412179041384, 0.04075732489166566, 0.08158142033402185, 0.22768434271350313, 0.02946122916317118, 0.01754366273375922, 0.013895910712890426, 0.04068355977048725], [0.0710022804762042, 0.01731968610146723, 0.09960136316571985, 0.23265334489249, 0.09637521048077992, 0.02235090997614366, 0.04351201176974168, 0.06677026834933832, 0.04605805258673428, 0.18506411682754934, 0.027692492852978055, 0.012281188953910331, 0.00917833199872794, 0.07014074156821563], [0.030229103243441687, 0.16231538217601552, 0.07866575544381171, 0.19313915845088817, 0.022407798857409254, 0.04129243817096481, 0.18165294666611184, 0.022156826780572722, 0.04080825513011075, 0.13999697399896555, 0.02212803133998828, 0.025779492541274724, 0.017587229723459573, 0.021840607476986046], [0.09915420206158188, 0.04501143750667359, 0.14767521290170477, 0.1777018174736971, 0.014280939924990887, 0.036719581809968614, 0.061056413068186474, 0.022956874730417035, 0.041294277565778574, 0.07802994154248803, 0.06292900133682543, 0.07504312134570824, 0.10086276201517852, 0.03728441671680083], [0.09334376334861927, 0.03175298252626848, 0.09476027810885918, 0.07916490531942491, 0.06504720233592341, 0.10926798761270998, 0.06221863003728549, 0.06310572490984062, 0.08235716005979916, 0.11077778787732594, 0.057625355084155075, 0.06663625695331399, 0.03190805639027409, 0.05203390943619981], [0.05897601528304055, 0.02175985618472316, 0.03697867936945002, 0.03913575052997232, 0.21279611040488688, 0.09595208024733454, 0.023954431275292516, 0.11053185908854594, 0.08964894326332958, 0.02547966594904512, 0.02712034010745036, 0.07744917262500561, 0.04602480437682617, 0.13419229129509683], [0.1316838163085514, 0.045861399444102745, 0.10961111954618288, 0.05954049720033149, 0.12091071632261179, 0.045090343737045305, 0.06130674762733569, 0.10663874918083929, 0.06754527480995953, 0.04318026456208317, 0.039020510919598045, 0.03442766364022829, 0.022829526228751878, 0.11235337047237831], [0.13654261024837336, 0.11793374624042036, 0.05022688639240639, 0.06116594552749995, 0.18131644734960603, 0.034049598297256574, 0.03679090238344467, 0.08592247221856261, 0.09937577316612729, 0.04132756445519365, 0.039154880690251664, 0.03319445169891383, 0.027230849802259444, 0.05576787152968391], [0.17886079106392844, 0.014299871187174724, 0.08066119385066985, 0.20299843764215428, 0.02359196604709493, 0.033530932890599795, 0.022434454478570016, 0.04491224641573749, 0.07825133704205432, 0.1621928480358934, 0.07710254258422303, 0.023263402382080196, 0.017103287408735214, 0.04079668897108433], [0.11104953312648094, 0.0226387462402138, 0.17263677767213514, 0.16909087022424457, 0.02490469849824234, 0.0964181829164338, 0.030535246834407347, 0.07862243162287642, 0.09010203614478798, 0.04895108358961744, 0.029020404056144235, 0.016355094567162803, 0.012673556551177575, 0.09700133795607573], [0.19318142302078092, 0.016941141415768066, 0.054827591132393015, 0.1992027315067272, 0.015927546866351262, 0.02486437606336218, 0.02335311389289565, 0.03002631121152169, 0.07425004990789572, 0.15943989920077073, 0.1317400830853195, 0.02910789825648927, 0.022747921002601645, 0.024389913437122573], [0.1153880485276506, 0.044413210462782494, 0.05366537786762297, 0.23896371619824516, 0.032233238251622685, 0.04384157847412446, 0.0458083808225969, 0.024455239872282923, 0.07490150960849183, 0.2049856160298502, 0.053524325140803256, 0.02198951690819425, 0.021923902780238334, 0.023906339055493976], [0.08417641472872926, 0.057250888110281124, 0.14288263874791501, 0.11043801438977456, 0.04911491218916542, 0.056130129757225866, 0.1270021159552136, 0.06185326252463386, 0.052088343920784326, 0.06317746091070282, 0.043505353799876446, 0.04346813445205956, 0.036510224247463356, 0.07240210626617433], [0.16466939461141225, 0.030838438742629613, 0.070125389640898, 0.024669869705219116, 0.03467501967273292, 0.01770175967032939, 0.054757003640352256, 0.06535810405637266, 0.10973473556905423, 0.015109725293938595, 0.06024936020236568, 0.1593808114923036, 0.15644808193773724, 0.03628230576465442], [0.1722217583321943, 0.07349800437001637, 0.06110556232087358, 0.08638816383871413, 0.08862840537158446, 0.055368168870961895, 0.03203650771029753, 0.1205144255302645, 0.05656615401282501, 0.06466640760929995, 0.04310028152448375, 0.0292453454990159, 0.021278245386854522, 0.09538256962261384], [0.04886657613329767, 0.10257417231935739, 0.042894788284268806, 0.08923887401137404, 0.023241497651968576, 0.052538281962091794, 0.09853916875070724, 0.025505771483471315, 0.05480759129206447, 0.07738321001831032, 0.0324192108915004, 0.1670190754512986, 0.16228532418568478, 0.02268645756460428], [0.07482644412156098, 0.03287246053847952, 0.150110128979591, 0.08619936976135593, 0.16035717360155904, 0.015231358563621348, 0.07445159789809598, 0.13464167215266995, 0.03040148316406723, 0.013295023646522342, 0.024020893481557018, 0.031036632730204093, 0.03351077414290626, 0.13904498721780992], [0.09595674879386104, 0.012451564647697077, 0.056479879456718174, 0.3365768555607525, 0.02038793095539182, 0.035495959012446905, 0.014638523391165666, 0.024851011279354965, 0.04010791963803587, 0.2817792655679911, 0.029348177009194645, 0.013144084472244823, 0.014697572988380354, 0.02408450722676474], [0.11206175802999696, 0.034458842331552796, 0.1701054074804019, 0.08090937421034589, 0.0768749597063459, 0.03344263761282968, 0.11766742212422934, 0.11729030455677908, 0.03506233012565875, 0.04275994865919505, 0.026699744036529933, 0.025431111926169783, 0.024934293093706886, 0.1023018661062581], [0.09444581943866952, 0.018505847740132295, 0.11457045581389437, 0.06070039374112833, 0.10415277946548883, 0.05632197324523775, 0.04315425824555231, 0.06914346124441487, 0.07818595491981567, 0.03439619396011641, 0.04753274468964337, 0.0829382378059288, 0.10190593026486945, 0.09404594942510774], [0.15939829459594682, 0.014686705773162475, 0.06817298654630995, 0.12012163255159099, 0.06047934937090085, 0.030112393025368542, 0.05219233246379668, 0.048247350851254284, 0.07759126225455355, 0.09917495563264671, 0.10135240842077237, 0.07141665130928092, 0.0503528442195033, 0.0467008329849126], [0.09609149281849597, 0.1163742943554308, 0.13102286119082193, 0.08641332242869121, 0.028728285615018747, 0.015051092021891957, 0.14972894039845622, 0.04708277675893837, 0.05627919414124038, 0.024617945502854007, 0.0511004821663586, 0.0643315735488122, 0.0691072203984776, 0.06407051865451216], [0.06496976227646271, 0.010317604226855915, 0.05521956793278804, 0.30739031212365125, 0.0273690232142184, 0.017120760728441733, 0.026398765175234932, 0.018844538773190776, 0.05038643985974553, 0.25429953270357886, 0.06660743164319835, 0.05086484018986993, 0.028226531772652868, 0.021984889380110822], [0.05727086728102954, 0.21647669740316483, 0.05522685130271565, 0.10583839948813434, 0.050574433458308345, 0.02948802685646106, 0.21264687053506443, 0.03102016949522814, 0.03490396992440329, 0.0860992329607883, 0.02642389692947503, 0.025114978280935285, 0.020711192320313414, 0.04820441376397783], [0.04641281811399523, 0.028468047775935316, 0.22936967622443458, 0.261972770966877, 0.04052714779675806, 0.11191346710932727, 0.021635603006727913, 0.039633234705921845, 0.05231560592548143, 0.08688233331649091, 0.018882053827369922, 0.01198986525935042, 0.010588112909967065, 0.039409263061363234], [0.09279852128026736, 0.01949279450283929, 0.1020640859875628, 0.16760163005926043, 0.04623211497150701, 0.12490992769730248, 0.02688471132128336, 0.06442627019497514, 0.08662857107804509, 0.15106757369565701, 0.03476078893700021, 0.021805919868910614, 0.019200960432253947, 0.04212612997313558], [0.09962821379913608, 0.13258224469380744, 0.08893908592792552, 0.06428073787510598, 0.15054338048331636, 0.0862624214744613, 0.05192074708431957, 0.0528750463594282, 0.11067157980450375, 0.05374460128640317, 0.03479911341522037, 0.017868134078370672, 0.013715456895925583, 0.04216923682207582], [0.20149890605934084, 0.00940590289128848, 0.10329663196342534, 0.13447912195501344, 0.018563811493044733, 0.07839864927936505, 0.02076053239168436, 0.020131267807240356, 0.07691232414031611, 0.10808552313459181, 0.15476851759921156, 0.02359332143283423, 0.014732645328084479, 0.03537284452455945], [0.09708955806391568, 0.021170725133281637, 0.0664739332191715, 0.044604310589502684, 0.04222340911578265, 0.04387232246465787, 0.03434318855728153, 0.058197100405891225, 0.09102063616771208, 0.05223226584276208, 0.06801060850751892, 0.15785422043290423, 0.16164427420387345, 0.06126344729574408], [0.1707560603181927, 0.03203709065579518, 0.03710635509916894, 0.05901329636863711, 0.04248079981929797, 0.1181685663653401, 0.027560860243665202, 0.04714446240918394, 0.17676662456250264, 0.10379684351026064, 0.07196894790720144, 0.052394489455549746, 0.030347461880128535, 0.030458141405075558], [0.07546198033321475, 0.02052505352920134, 0.05078202139386808, 0.04417020709058311, 0.0942418198543529, 0.2046586876206316, 0.02603081146475389, 0.08101447715447321, 0.06656759817072974, 0.1837459182773458, 0.025310885091564962, 0.03273409704801432, 0.020999914820970935, 0.07375652815029542], [0.03960385764989658, 0.05803096470003645, 0.04318089133669171, 0.048245921707411335, 0.19333905432180637, 0.13755886532474337, 0.06503203185545683, 0.08030536536574799, 0.11032461710902249, 0.035296901882994176, 0.02569990957140349, 0.03192326585472123, 0.02018483652668529, 0.11127351679338282], [0.04336856892245116, 0.05033752672277103, 0.091824421435439, 0.08990845876731982, 0.1434737804355414, 0.060221239239384196, 0.08331021999550464, 0.08844826203728116, 0.05617716801290396, 0.08028872517991892, 0.03191539529016321, 0.04661954794829829, 0.03429963225767196, 0.09980705375535114], [0.07897698737283797, 0.026555963851934847, 0.14486887669395324, 0.0838932918187395, 0.07097634846793263, 0.12684960715140434, 0.06529559407278065, 0.0425748498611864, 0.054216279311939286, 0.10548360019171922, 0.05322132191159329, 0.037587963415776846, 0.03388984704272017, 0.07560946883548149], [0.14579212612768253, 0.0407138987285524, 0.10859610317503951, 0.04541958100319149, 0.04272622003151952, 0.082700934534505, 0.09134211651987306, 0.06412974642242501, 0.10784672767942918, 0.08911307244912417, 0.0604754756014587, 0.02724083006967326, 0.022674278743836263, 0.07122888891368971], [0.07412198251042532, 0.03944375141424118, 0.20221826750838715, 0.07421715613670875, 0.07644804683996138, 0.05308942681249177, 0.13247029995145182, 0.0761609637459367, 0.03507282625792205, 0.05689436263278829, 0.027469609639807924, 0.024957488228640225, 0.02461336962187545, 0.1028224486993624], [0.03552608924873046, 0.015729664140098375, 0.29349001250621815, 0.2937373897865722, 0.034837884038735535, 0.044187038033555316, 0.029369624190017037, 0.03154181254271336, 0.038471065357130435, 0.028239663730724136, 0.042922763975723345, 0.047398913472562136, 0.020235142477538794, 0.04431293649968134], [0.049592051563300536, 0.052760771152167305, 0.04782189140733519, 0.14105380585070568, 0.0974478152778712, 0.10429142164813611, 0.059751646244834, 0.04843536848496691, 0.1232635492812907, 0.1234007905060786, 0.039389115326039385, 0.030509446377202803, 0.021821098045454304, 0.06046122883461694], [0.11128584821642105, 0.24040827910106793, 0.04368552322644769, 0.051101114347678014, 0.2558073307257817, 0.029607933760878117, 0.02346020860252075, 0.06558513891998287, 0.031180353104293332, 0.03670221308910306, 0.01511616379042879, 0.012253046578993053, 0.011304161927620498, 0.07250268460878316], [0.09707055848754374, 0.03406523169100864, 0.0695979717066465, 0.09775652725788293, 0.1340644935438361, 0.07830676717755962, 0.02975281328138954, 0.10566695561291552, 0.05749306247382172, 0.1189077499772029, 0.039579239711130455, 0.02945615908060758, 0.019539534731544933, 0.08874293526690952], [0.05999563589280653, 0.13960623907564337, 0.054844819617280736, 0.08548727288754383, 0.10705914218057709, 0.03692859400400707, 0.15125006146112563, 0.0640454501238094, 0.04576239140727044, 0.0699868651911571, 0.034525469523775186, 0.054221725882789444, 0.027136107521212184, 0.06915022523100144], [0.09123646171436385, 0.03449225287793741, 0.090050596637472, 0.16608878585379297, 0.04285717805373573, 0.085214313648234, 0.04219047207310093, 0.06254987897310664, 0.045091108820109284, 0.147190637355053, 0.037707277546289025, 0.040331814954730774, 0.04637385248656723, 0.06862536900550739], [0.0695312243101114, 0.02697479785017609, 0.0682964000587266, 0.17054346800206494, 0.08823842150865369, 0.0455837325586917, 0.0428575156777791, 0.07349999217101154, 0.0651198188778562, 0.13599579407781381, 0.03830848932710382, 0.06383050317875907, 0.054243865620382345, 0.056975976780869866], [0.048399269233891894, 0.018383423833711308, 0.060226851966492884, 0.04205162475130439, 0.15914283376488003, 0.035092904711158564, 0.027331781171158673, 0.051747721218089425, 0.053454065547245605, 0.025990767066905132, 0.053000251377721345, 0.1697827280797298, 0.14354808497502117, 0.1118476923026897], [0.15636782282955045, 0.0278813127789999, 0.16274208137295035, 0.11128750657967039, 0.08377533664330285, 0.05025226904828808, 0.039099985372250484, 0.09142593300227793, 0.09214002327058567, 0.02072302593557741, 0.0570918081184507, 0.021052052987079885, 0.01966445050406689, 0.06649639155694878], [0.13071609876031595, 0.02068799857977303, 0.13476124744297366, 0.10761582058347408, 0.1353669434451293, 0.019265934518329416, 0.03589572693771325, 0.07963718214909957, 0.10030526058352192, 0.025575753859361817, 0.05195355501531557, 0.024231877791303078, 0.024778217336576695, 0.10920838299711279], [0.05922688147324391, 0.014977687010844395, 0.03749163296075228, 0.03669738741224142, 0.05469334161197225, 0.16991765166451295, 0.01982390280637882, 0.08391689943334174, 0.17698190006992978, 0.03040061891616973, 0.08540466295315982, 0.10291748388526088, 0.040152023591147716, 0.08739792621104471], [0.19882074744812303, 0.010350217538505343, 0.06097107731928535, 0.07705426591334577, 0.020697418753649166, 0.04643392724915151, 0.04715525036435983, 0.043294347864083246, 0.17688684181745656, 0.06082756756730009, 0.12525827407159437, 0.06287837820930874, 0.03598711662324895, 0.03338456926058781], [0.0731427862365403, 0.14418395787093563, 0.06165082410778056, 0.06562702827010532, 0.1686332952195527, 0.1051473573618371, 0.039164134075287606, 0.0669816593900667, 0.08012076235503705, 0.0788959317855189, 0.034256761306572424, 0.021913210388629426, 0.019084269442717593, 0.04119802218941855], [0.06375541467374123, 0.09374826530452703, 0.03939598836010455, 0.14891669292559134, 0.06670641785079898, 0.07533675777745494, 0.10957939496575776, 0.04013538134833382, 0.10991944171912912, 0.14500399391846105, 0.04090086455470345, 0.019340613948097544, 0.010356178501716594, 0.03690459415158275], [0.1531010580294892, 0.08047114555679755, 0.034124494319912844, 0.13939059867953815, 0.07660778113320753, 0.041747929481277715, 0.03551261197400589, 0.16513349471950559, 0.04700906463577502, 0.13030341852030142, 0.033712632345149825, 0.02180764815118697, 0.010347878750115183, 0.030730243703736768], [0.10597957569667842, 0.027258888478566917, 0.08064155910794842, 0.07276739722673027, 0.1421469281289435, 0.07471732514402409, 0.03744964666242896, 0.09168077206771183, 0.062222089471519595, 0.06043672083733963, 0.05329820532062842, 0.04455083165929142, 0.04890598160594703, 0.09794407859224163], [0.06634632612442393, 0.02367106523578276, 0.04951296584776807, 0.05046574892052784, 0.05310381925384346, 0.24414194913309806, 0.016961779835682495, 0.0796651205021816, 0.02796822463438498, 0.24020807654157003, 0.02553701884372298, 0.040241826347782804, 0.027977750319226478, 0.054198328460004386], [0.11967378377377796, 0.0285154244927606, 0.0667043638965575, 0.2167866756772893, 0.04382305282339156, 0.04864820025792845, 0.025217350103768892, 0.07244349108154505, 0.07957093096009217, 0.17556390670836755, 0.030709726995510285, 0.026283314830478736, 0.02563897171400922, 0.040420806684522574], [0.08696916040932079, 0.010643424117442351, 0.07034403698401409, 0.0545693956497348, 0.07343820786746465, 0.21999378413758072, 0.017996781788045268, 0.041876574658824696, 0.06467872865690699, 0.23482719075640998, 0.03229873802621181, 0.020782344308921383, 0.01811362223150543, 0.05346801040761677], [0.04243891888230281, 0.011860310219259491, 0.03671920354327456, 0.04363922717527234, 0.032686779106578634, 0.06519764940230456, 0.025816673607369313, 0.05771461153302067, 0.06848224372353982, 0.03539510225735549, 0.1798667825843922, 0.22893100171657296, 0.09697797195020572, 0.07427352429855123], [0.2315779031315166, 0.028695738014010493, 0.03818252311274778, 0.15932479769798658, 0.023585870469283076, 0.02468180338705695, 0.02620158229365185, 0.031034516757956484, 0.15456139098156252, 0.11183884052124668, 0.11361063235388964, 0.01804122337737969, 0.013158837229826154, 0.025504340671885548], [0.143907782879657, 0.015714430383968324, 0.08534112145506383, 0.047924511045332324, 0.015660644786081302, 0.038060804008456135, 0.10629003272471639, 0.03475688769838199, 0.197853369215528, 0.04018782253632391, 0.1528131391663479, 0.048580488844242604, 0.052045432112960706, 0.020863533142939567], [0.06105246041318927, 0.021096086278724183, 0.11649723455490042, 0.16140916456601717, 0.09482036448687009, 0.06640376788442497, 0.032860784018494626, 0.04992742736693706, 0.0586406091589272, 0.10314405489888875, 0.04546971880956683, 0.0594132078542383, 0.05289501741397049, 0.07637010229485056], [0.22051258859858008, 0.055443906741954645, 0.09849147378706985, 0.08576240962224714, 0.04831576117761006, 0.01816362415516012, 0.03521084727692287, 0.11604341028207171, 0.04645753433091631, 0.03827988287105489, 0.04083619591166537, 0.017781206982854736, 0.015379045983416604, 0.16332211227847573], [0.17927919195178418, 0.023726519969425652, 0.14564956613554364, 0.15769860935816135, 0.046762726390756335, 0.034231576998478445, 0.03266702929659919, 0.03629975755017141, 0.07662596210671861, 0.04144384255147373, 0.12800661460231103, 0.023773342952609848, 0.021219480196086923, 0.052615779939879447], [0.11608895155370531, 0.03916765639384839, 0.07047005445500927, 0.2688563078009541, 0.04500811974513555, 0.043038898050554095, 0.024658966111870656, 0.019257410158224054, 0.08221343802799871, 0.19252811958259325, 0.045044598890349806, 0.013362852689913962, 0.012496752066802792, 0.027807874473040495], [0.07207248912016165, 0.04523665931088234, 0.11401475131337933, 0.05891424035261166, 0.06830702511479826, 0.13436876458667538, 0.09416567191607529, 0.06131725899606799, 0.1127932277649076, 0.10925064023705397, 0.029778664677971144, 0.024681072141250596, 0.018278445332027687, 0.056821089136137], [0.14335456841629415, 0.08200247555046913, 0.049952841551304805, 0.150722221889162, 0.02508796163137977, 0.03771657675656469, 0.07797822188321615, 0.03690774711711111, 0.0941797017255981, 0.12323358172496747, 0.07789985010715797, 0.04630283517888086, 0.025770577422723057, 0.028890839045170664], [0.13324289158634986, 0.0426427272707767, 0.05369194991919994, 0.060222401547121364, 0.04038911104471583, 0.1526951420489363, 0.04033371196951444, 0.032240174659461475, 0.09532466495251404, 0.1756940741216762, 0.07235944547823024, 0.04466909864538287, 0.027473939791722385, 0.029020666964397954], [0.054849326819333105, 0.013746903579843843, 0.14729317428147096, 0.03538387856354656, 0.02605421774367857, 0.08506107380253293, 0.13653055266033662, 0.12286292975833478, 0.02384878255618832, 0.07919559594408318, 0.011793492504310048, 0.012684680072018768, 0.012029083318337892, 0.23866630839598463], [0.09442286091124329, 0.10246085489174837, 0.08374753919581047, 0.09389654929090144, 0.11184101890725862, 0.05320520160764796, 0.11708811388113993, 0.08721954025418119, 0.06076150065838821, 0.036034371876304705, 0.0411786174832359, 0.0218473247992812, 0.017534327577431105, 0.07876217866542712], [0.09572557245662802, 0.22829146736933167, 0.052836442921501116, 0.03267101436494107, 0.11358666827681478, 0.031314289752491356, 0.17814812329329674, 0.09437643606889205, 0.043399133739945014, 0.0269233440725979, 0.021386130877911923, 0.024840933470221146, 0.021067683730123125, 0.03543275960530462], [0.039255119172831844, 0.01770446552908028, 0.3101250970886648, 0.03775023465333678, 0.039129337454799074, 0.036671220866880856, 0.2999737327439606, 0.05084608158270629, 0.027157344687080146, 0.043634462015644734, 0.022487481219255617, 0.014564829019036617, 0.011496615425731736, 0.049203978540990165], [0.032557095156697274, 0.012803418282564117, 0.0502711673612539, 0.04099641514156235, 0.014242786725955619, 0.11280764570261083, 0.029113425042623167, 0.01596738354823032, 0.04100786624069929, 0.1181213125761909, 0.03143953873184399, 0.2386232701123184, 0.24286417739904873, 0.01918449797840125], [0.2462819731246446, 0.01645297933432216, 0.06474877905065271, 0.05514011217500775, 0.07367618938950769, 0.036852579719183105, 0.0305233373930625, 0.20770357655990904, 0.052313502585506884, 0.0595986999566467, 0.02024034535877489, 0.012513720751283135, 0.008488722557442563, 0.11546548204405632], [0.026519383154163242, 0.015628906941881935, 0.026356701268907892, 0.03439659914030567, 0.018329102557511846, 0.38587210406880607, 0.015388975898411247, 0.015414393869577233, 0.01827165653818505, 0.3996336468869553, 0.009433366126114442, 0.012134982023426425, 0.008432440277518933, 0.014187741248234633], [0.034313446614760615, 0.03751293156559904, 0.25801519441595827, 0.08542853004695561, 0.033972606495628235, 0.03025169475251093, 0.23437189348322296, 0.03216603876444163, 0.02835019674884887, 0.07979225283402634, 0.023567151306099304, 0.04276331894664272, 0.04241353318719458, 0.03708121083811095], [0.026601459115665672, 0.007924017827844528, 0.2439533638014012, 0.15171724477299484, 0.024932181471589033, 0.0627020535335514, 0.21488802452129202, 0.025283323868793683, 0.02611707162574178, 0.13373647537414815, 0.024579845329084107, 0.02017379385051092, 0.012629253582868222, 0.024761891324513598], [0.0801598038352662, 0.02019964520604102, 0.059696859685781804, 0.19625222572352452, 0.03216133030867251, 0.107144476801991, 0.028590518271438856, 0.03263014842887162, 0.08100514299081919, 0.2106268953908209, 0.07698626028185716, 0.033280503617993236, 0.0200515270755927, 0.021214662381329408], [0.2516993171223509, 0.04519228878713824, 0.03711912394242141, 0.035903004929326104, 0.08943640838209845, 0.04029765495809069, 0.019283562060120253, 0.09766185782947485, 0.18663883437098608, 0.04831117687771664, 0.07497458479