0.01059,0.01028,0.03223,0.01265,0.01044,0.01268,0.01824,0.01089,0.01986,0.01877,0.01428,0.01442,0.01410,0.01849,0.01324,0.01792,0.01235,0.01268,0.68864,0.03724
0.01103,0.01110,0.01416,0.01333,0.01203,0.01121,0.01111,0.02523,0.01259,0.01237,0.00954,0.00937,0.73982,0.01308,0.01428,0.01741,0.00932,0.00982,0.01821,0.02500
0.01473,0.00884,0.02224,0.01432,0.01147,0.01545,0.01286,0.01725,0.02671,0.02679,0.30543,0.09868,0.00836,0.02165,0.01524,0.01310,0.01048,0.01418,0.25682,0.08540
0.02437,0.02100,0.03616,0.02009,0.01572,0.01651,0.03788,0.02692,0.02156,0.02184,0.01904,0.01656,0.02948,0.02316,0.02835,0.01593,0.02487,0.02621,0.54236,0.03197
0.01233,0.01223,0.01963,0.01665,0.01697,0.01375,0.01552,0.01178,0.01633,0.01512,0.01276,0.01077,0.01383,0.01536,0.01398,0.13038,0.01731,0.01478,0.59783,0.02269
0.03069,0.03232,0.01883,0.04066,0.02007,0.02019,0.02976,0.02231,0.35346,0.12793,0.01761,0.01939,0.03563,0.02717,0.01820,0.01842,0.01661,0.03175,0.05998,0.05902
0.02282,0.01663,0.02992,0.01746,0.02814,0.06269,0.03242,0.01529,0.02678,0.02750,0.03135,0.02817,0.02119,0.04154,0.02452,0.03325,0.23373,0.19462,0.03758,0.07440
0.01915,0.01765,0.02701,0.01440,0.01624,0.03102,0.01298,0.02808,0.01462,0.01543,0.01958,0.01978,0.02479,0.01892,0.05742,0.01735,0.02303,0.01579,0.49745,0.10930
0.00958,0.00990,0.00927,0.00901,0.00838,0.02067,0.01027,0.01088,0.02568,0.02536,0.00807,0.01008,0.00995,0.00822,0.00663,0.00760,0.00856,0.00693,0.01501,0.77996
0.01655,0.01136,0.01854,0.01674,0.01123,0.01539,0.01502,0.01859,0.01416,0.01376,0.01173,0.01120,0.59379,0.03741,0.02528,0.01708,0.01380,0.01455,0.09029,0.03353
0.01073,0.00958,0.01199,0.00908,0.01214,0.04658,0.01550,0.00889,0.01010,0.01092,0.01050,0.01221,0.00891,0.01246,0.00773,0.01360,0.01239,0.01055,0.01619,0.74996
0.01503,0.02116,0.02002,0.01354,0.01801,0.10586,0.01379,0.01485,0.02217,0.02632,0.01997,0.02623,0.01761,0.01326,0.01359,0.01597,0.02260,0.01870,0.03580,0.54554
0.01217,0.00712,0.01444,0.01196,0.01112,0.01049,0.00939,0.75445,0.00861,0.00816,0.01111,0.00950,0.01337,0.00873,0.01514,0.00570,0.01255,0.01132,0.04609,0.01856
0.01347,0.01053,0.01269,0.01218,0.01102,0.03268,0.01366,0.01470,0.01491,0.01508,0.01587,0.01719,0.01190,0.01774,0.01197,0.01203,0.01394,0.01304,0.04428,0.69112
0.05195,0.02192,0.02226,0.01993,0.03174,0.03047,0.04118,0.04255,0.02841,0.02900,0.02026,0.01828,0.02053,0.02045,0.24351,0.20078,0.02371,0.02500,0.06254,0.04554
0.01307,0.01135,0.02582,0.02128,0.01476,0.01410,0.02114,0.01437,0.02121,0.02126,0.26008,0.12002,0.00997,0.01842,0.01421,0.00917,0.01329,0.01776,0.31699,0.04173
0.00794,0.00534,0.01180,0.01092,0.00489,0.00638,0.00646,0.01250,0.53215,0.21452,0.01177,0.01030,0.00551,0.01224,0.01051,0.00679,0.00619,0.00615,0.10022,0.01741
0.01431,0.00828,0.01669,0.01997,0.00627,0.00926,0.01128,0.01622,0.38979,0.27284,0.01750,0.01585,0.00769,0.01049,0.01578,0.00960,0.01170,0.00892,0.09445,0.04310
0.00811,0.01027,0.01322,0.01012,0.01040,0.00866,0.00948,0.03135,0.01337,0.01341,0.00968,0.01001,0.76377,0.01132,0.01431,0.01139,0.00970,0.00907,0.01538,0.01698
0.02585,0.02075,0.02571,0.01781,0.02243,0.03574,0.01707,0.03273,0.02593,0.02690,0.03403,0.03230,0.02539,0.03763,0.36286,0.02849,0.02829,0.02233,0.05363,0.12413
0.00858,0.01669,0.01965,0.02164,0.01665,0.02201,0.02615,0.03049,0.01537,0.01519,0.02179,0.01813,0.01383,0.01321,0.00878,0.01774,0.01245,0.00876,0.01906,0.67382
0.00977,0.01813,0.00969,0.00743,0.01032,0.03621,0.00813,0.01715,0.01003,0.01046,0.00879,0.01023,0.02132,0.00929,0.00794,0.00730,0.01579,0.00908,0.01963,0.75331
0.01591,0.01158,0.01492,0.01647,0.01090,0.00959,0.01311,0.01294,0.01786,0.01797,0.03512,0.02340,0.01390,0.01055,0.01086,0.01138,0.02011,0.01522,0.69417,0.02405
0.03275,0.02809,0.02849,0.04255,0.05717,0.03453,0.01545,0.05244,0.02286,0.02141,0.05146,0.05907,0.02603,0.05001,0.01877,0.02350,0.02697,0.02548,0.34410,0.03886
0.01750,0.04157,0.04477,0.04086,0.01829,0.04075,0.02385,0.02632,0.02980,0.03308,0.02490,0.02743,0.06383,0.02215,0.01878,0.02768,0.01776,0.10300,0.16452,0.21316
0.01257,0.01477,0.01151,0.01209,0.01317,0.01092,0.01034,0.01831,0.01302,0.01440,0.01278,0.01186,0.01170,0.74423,0.01003,0.01663,0.01303,0.01159,0.02251,0.01454
0.01600,0.02601,0.02291,0.01646,0.01321,0.03233,0.01630,0.02768,0.02376,0.02697,0.02104,0.02373,0.01209,0.03326,0.01244,0.04602,0.01876,0.01966,0.04619,0.54519
0.01005,0.01270,0.00954,0.00802,0.01087,0.05249,0.00954,0.00872,0.01086,0.01194,0.01047,0.01250,0.00987,0.00851,0.00694,0.00703,0.01189,0.00835,0.01663,0.76307
0.01673,0.01365,0.02242,0.02465,0.01569,0.01997,0.03394,0.02173,0.02209,0.02230,0.01758,0.01881,0.03318,0.02517,0.01721,0.01817,0.01640,0.06404,0.47326,0.10303
0.01300,0.01162,0.01638,0.01084,0.01395,0.01610,0.01324,0.01543,0.01677,0.01628,0.01056,0.01132,0.70385,0.01684,0.01664,0.01348,0.01541,0.01329,0.02791,0.02707
0.01374,0.01518,0.01759,0.02185,0.02409,0.03449,0.02627,0.01969,0.01362,0.01374,0.01562,0.02230,0.01972,0.01809,0.01260,0.01323,0.01877,0.04859,0.02419,0.60661
0.02850,0.02986,0.02225,0.02578,0.02173,0.02585,0.06368,0.04115,0.02687,0.02644,0.02708,0.02433,0.04715,0.02116,0.15000,0.02342,0.03159,0.03326,0.25445,0.07546
0.01298,0.01754,0.01240,0.01979,0.01753,0.01350,0.02129,0.01730,0.02768,0.02754,0.03031,0.02745,0.01679,0.01134,0.01269,0.01074,0.03913,0.02158,0.54961,0.09279
0.01558,0.01899,0.01204,0.02121,0.02191,0.01054,0.01551,0.01779,0.02531,0.02630,0.06020,0.03521,0.02138,0.01333,0.01135,0.01064,0.05211,0.02717,0.54238,0.04107
0.04893,0.01718,0.02364,0.02626,0.12081,0.03890,0.03445,0.03835,0.02964,0.02573,0.01596,0.01525,0.02939,0.07104,0.04998,0.01381,0.07907,0.04701,0.13653,0.13809
0.01736,0.01071,0.01655,0.01727,0.01105,0.01246,0.01540,0.01274,0.01805,0.01638,0.02291,0.01761,0.01295,0.01272,0.01390,0.01156,0.02013,0.02033,0.69635,0.02356
0.01606,0.01506,0.01005,0.01683,0.02077,0.04606,0.01380,0.01236,0.01651,0.01851,0.01956,0.02315,0.01705,0.01727,0.01059,0.01832,0.02759,0.01696,0.03090,0.63260
0.02329,0.02636,0.02500,0.01587,0.02008,0.07854,0.02643,0.02114,0.02179,0.02264,0.02990,0.02657,0.01670,0.03235,0.02007,0.01711,0.08036,0.03295,0.05136,0.41150
0.01712,0.01855,0.02049,0.01475,0.01754,0.08530,0.01198,0.01692,0.01341,0.01468,0.02627,0.02844,0.01469,0.02036,0.01946,0.02469,0.01848,0.02635,0.04066,0.54987
0.01704,0.01647,0.01665,0.03561,0.01626,0.01728,0.02372,0.01242,0.24964,0.16385,0.01304,0.01577,0.01820,0.01594,0.01569,0.02548,0.01607,0.08523,0.09296,0.13269
0.01185,0.04162,0.01605,0.14806,0.00927,0.00795,0.01952,0.02459,0.03884,0.03794,0.01860,0.02070,0.01233,0.01480,0.01974,0.14652,0.01302,0.22988,0.11663,0.05210
0.02261,0.03794,0.02005,0.04035,0.02586,0.02532,0.05303,0.02862,0.25518,0.17803,0.02035,0.02204,0.04546,0.01553,0.03073,0.02794,0.02163,0.03028,0.04681,0.05224
0.06421,0.03317,0.05639,0.03238,0.02793,0.02224,0.04461,0.03168,0.04615,0.03799,0.01967,0.01697,0.02432,0.04576,0.04270,0.08436,0.07335,0.06012,0.17337,0.06263
0.01112,0.01174,0.02184,0.01658,0.01266,0.01047,0.72981,0.01906,0.01292,0.01131,0.01202,0.01041,0.01345,0.01332,0.01257,0.00867,0.01531,0.01452,0.02335,0.01886
0.00453,0.00628,0.00480,0.00459,0.00538,0.01982,0.00391,0.00570,0.00522,0.00600,0.00405,0.00489,0.00550,0.00447,0.00473,0.00450,0.00590,0.00436,0.00797,0.88740
0.02209,0.02146,0.02715,0.03351,0.14002,0.09655,0.02273,0.03571,0.01974,0.01720,0.01909,0.01823,0.02869,0.02154,0.02511,0.01418,0.06201,0.03451,0.14523,0.19524
0.01389,0.00909,0.01670,0.02108,0.04889,0.01139,0.00913,0.02697,0.02055,0.02047,0.01517,0.01211,0.01194,0.02609,0.42657,0.01824,0.03243,0.02184,0.18302,0.05442
0.04130,0.02284,0.04174,0.03098,0.02253,0.02562,0.02350,0.02512,0.06192,0.05697,0.01620,0.01636,0.02554,0.01662,0.21280,0.05202,0.01483,0.01933,0.12933,0.14445
0.04943,0.01658,0.02088,0.02230,0.02115,0.02681,0.06752,0.01617,0.03466,0.03268,0.03694,0.02548,0.02600,0.02433,0.04410,0.02292,0.34321,0.08707,0.04784,0.03393
0.01818,0.01559,0.01094,0.01173,0.01611,0.02600,0.01194,0.01542,0.03250,0.03442,0.01511,0.01802,0.01176,0.01286,0.53428,0.04954,0.02288,0.01599,0.02650,0.10022
0.01088,0.02430,0.00665,0.01216,0.00813,0.01078,0.01964,0.01094,0.01187,0.01104,0.01868,0.01932,0.09997,0.00731,0.00860,0.00916,0.01138,0.00581,0.08781,0.60556
0.01970,0.00983,0.01422,0.00902,0.01797,0.01364,0.02273,0.01357,0.01247,0.01125,0.01127,0.01065,0.00966,0.01756,0.01775,0.70172,0.01758,0.01533,0.03552,0.01855
0.01112,0.01719,0.02086,0.02674,0.01574,0.03516,0.02046,0.01455,0.01541,0.01590,0.01748,0.02348,0.01795,0.02009,0.01158,0.01460,0.01426,0.16797,0.02461,0.49487
0.01672,0.03828,0.02602,0.02937,0.02116,0.07898,0.02830,0.02535,0.02543,0.02713,0.02407,0.02854,0.01463,0.02272,0.02178,0.02600,0.03564,0.04647,0.04095,0.42246
0.75525,0.00834,0.00967,0.01088,0.01373,0.00831,0.00968,0.01189,0.01137,0.01092,0.01619,0.01446,0.01767,0.01188,0.01111,0.00846,0.01629,0.01351,0.02090,0.01949
0.01149,0.01915,0.01270,0.01364,0.01706,0.01148,0.01442,0.01272,0.01738,0.01736,0.01803,0.01626,0.02203,0.01223,0.01484,0.00987,0.03199,0.01591,0.67133,0.04009
0.04125,0.01528,0.02129,0.02004,0.01224,0.01377,0.05003,0.03704,0.01599,0.01670,0.02946,0.02472,0.04053,0.02242,0.03289,0.02012,0.06862,0.01855,0.07334,0.42571
0.02540,0.04112,0.05555,0.03168,0.09951,0.04431,0.04140,0.03982,0.11373,0.12311,0.03111,0.02904,0.05813,0.04091,0.02601,0.02045,0.01837,0.03117,0.04422,0.08497
0.01163,0.01249,0.01552,0.01011,0.01484,0.03039,0.01392,0.01186,0.01007,0.01008,0.01427,0.01233,0.01233,0.01562,0.01480,0.01272,0.01558,0.01202,0.63264,0.11679
0.01170,0.01139,0.01090,0.00813,0.01350,0.05890,0.01159,0.01211,0.01189,0.01348,0.01199,0.01515,0.01130,0.01103,0.01034,0.01294,0.01480,0.00921,0.02266,0.71701
0.00421,0.00453,0.00410,0.00355,0.00355,0.00975,0.00393,0.00468,0.00584,0.00632,0.00386,0.00481,0.00610,0.00411,0.00362,0.00352,0.00419,0.00327,0.00832,0.90774
0.00810,0.00787,0.01011,0.00792,0.00676,0.00999,0.00722,0.00961,0.01013,0.00941,0.00945,0.00843,0.00689,0.00867,0.00572,0.01133,0.00816,0.00829,0.82690,0.01905
0.02933,0.01890,0.02041,0.02593,0.01903,0.03728,0.02204,0.01864,0.03550,0.03678,0.04891,0.05488,0.01383,0.01764,0.03381,0.01662,0.01908,0.01631,0.46004,0.05503
0.01086,0.00777,0.00795,0.02556,0.01510,0.01422,0.01151,0.01925,0.01076,0.01011,0.01368,0.01132,0.01056,0.01214,0.00840,0.00567,0.57271,0.00744,0.14056,0.08443
0.00766,0.01119,0.01434,0.00752,0.00837,0.01859,0.00704,0.00915,0.00847,0.00805,0.00986,0.00929,0.00754,0.01073,0.00868,0.00847,0.01129,0.00880,0.77871,0.04625
0.01560,0.02177,0.02353,0.07050,0.01851,0.01736,0.02968,0.02158,0.04324,0.04225,0.01923,0.02267,0.01946,0.01636,0.01590,0.01835,0.01129,0.25567,0.06407,0.25299
0.02061,0.02242,0.01952,0.01917,0.04330,0.02146,0.02327,0.02344,0.03068,0.03364,0.02986,0.03239,0.01826,0.01645,0.02392,0.02881,0.08143,0.06810,0.32299,0.12030
0.01790,0.01255,0.03774,0.01842,0.07316,0.02579,0.08333,0.03604,0.02330,0.02047,0.01034,0.01004,0.01731,0.02580,0.01630,0.01582,0.01893,0.01377,0.25910,0.26389
0.01723,0.02519,0.02952,0.01501,0.01461,0.05665,0.01739,0.02082,0.01736,0.01715,0.01750,0.02630,0.01991,0.03038,0.03106,0.01799,0.04177,0.05210,0.02252,0.50953
0.01875,0.01288,0.02160,0.02568,0.04312,0.02869,0.02307,0.01631,0.02385,0.02401,0.04490,0.04511,0.01909,0.02208,0.01929,0.01875,0.26628,0.17718,0.07701,0.07236
0.01068,0.01120,0.02035,0.01358,0.01153,0.01800,0.00817,0.01323,0.01386,0.01508,0.17445,0.41099,0.00733,0.01630,0.01068,0.01287,0.01080,0.01114,0.03240,0.17735
0.00984,0.01128,0.01114,0.00985,0.01057,0.01470,0.01241,0.01059,0.00988,0.01020,0.01374,0.01112,0.01041,0.01560,0.02228,0.04817,0.01167,0.01172,0.71944,0.02541
0.01374,0.01680,0.01146,0.01736,0.01153,0.01219,0.73938,0.01200,0.01146,0.01109,0.01204,0.01233,0.01250,0.01397,0.00971,0.01381,0.01299,0.01576,0.02086,0.01903
0.01017,0.01972,0.01082,0.00951,0.01209,0.05393,0.00666,0.00949,0.01242,0.01541,0.00991,0.01270,0.00854,0.00815,0.01033,0.00906,0.01180,0.00812,0.02085,0.74030
0.03359,0.02246,0.03020,0.03052,0.02595,0.02330,0.12809,0.09568,0.01916,0.01865,0.03611,0.02577,0.04021,0.03818,0.03003,0.02318,0.02306,0.02255,0.29026,0.04304
0.01422,0.01876,0.01846,0.01497,0.01115,0.06211,0.01479,0.01911,0.01341,0.01429,0.01394,0.01671,0.02126,0.01503,0.01522,0.01873,0.01371,0.01145,0.09004,0.58262
0.02796,0.01614,0.02045,0.01847,0.02114,0.01939,0.03003,0.52551,0.01824,0.01740,0.02810,0.02296,0.01924,0.02013,0.02268,0.01055,0.03873,0.02472,0.06320,0.03494
0.01852,0.03024,0.05178,0.02966,0.03546,0.13182,0.01463,0.03388,0.05486,0.06218,0.01850,0.02105,0.01740,0.04503,0.01855,0.02033,0.01956,0.01879,0.07791,0.27985
0.01578,0.03604,0.03890,0.08261,0.01902,0.02265,0.04185,0.02160,0.02032,0.02146,0.02205,0.02894,0.02013,0.01517,0.01737,0.02200,0.01362,0.34842,0.04887,0.14318
0.01295,0.01514,0.03695,0.01508,0.02093,0.06725,0.01213,0.02271,0.01215,0.01351,0.01315,0.01372,0.01416,0.02239,0.02974,0.02225,0.01672,0.01847,0.02755,0.59305
0.00332,0.00516,0.00333,0.00411,0.00367,0.01255,0.00330,0.00401,0.00359,0.00430,0.00345,0.00394,0.00415,0.00343,0.00332,0.00296,0.00386,0.00302,0.00635,0.91818
0.01378,0.01786,0.01416,0.02551,0.01764,0.00926,0.01685,0.01491,0.02504,0.02635,0.07216,0.07364,0.02202,0.01277,0.01996,0.01251,0.07019,0.03978,0.46701,0.02861
0.01888,0.01229,0.03177,0.00989,0.01847,0.02306,0.01383,0.01939,0.01363,0.01439,0.01635,0.01510,0.01871,0.03854,0.01540,0.01650,0.08385,0.11229,0.44773,0.05992
0.02211,0.04507,0.03132,0.04258,0.05093,0.04799,0.03994,0.02811,0.05154,0.04655,0.09826,0.06799,0.02934,0.03513,0.03842,0.04093,0.04117,0.10347,0.06391,0.07526
0.02203,0.02288,0.01881,0.02226,0.04721,0.02466,0.04500,0.01829,0.05012,0.04676,0.03776,0.03759,0.01886,0.01497,0.10517,0.15054,0.07137,0.05137,0.10531,0.08902
0.01081,0.01366,0.00913,0.00702,0.00807,0.03564,0.00794,0.00826,0.00881,0.00966,0.00794,0.00975,0.00847,0.00854,0.00745,0.00938,0.01065,0.00800,0.01736,0.79347
0.02067,0.03084,0.02163,0.01693,0.01728,0.04112,0.02077,0.02209,0.02222,0.02226,0.01777,0.02056,0.03262,0.01638,0.01918,0.01608,0.02041,0.01804,0.04327,0.55988
0.01696,0.02835,0.02018,0.02297,0.01587,0.02936,0.04503,0.02721,0.02107,0.01988,0.01777,0.02082,0.01899,0.02377,0.02149,0.02667,0.01914,0.01687,0.08406,0.50355
0.00967,0.00824,0.00987,0.00854,0.00881,0.00949,0.00837,0.00895,0.01101,0.01070,0.01160,0.01087,0.01203,0.00942,0.00817,0.00838,0.01420,0.01084,0.80378,0.01705
0.01166,0.02301,0.00743,0.02581,0.01309,0.00930,0.00991,0.00843,0.03020,0.03852,0.00795,0.00919,0.01122,0.01039,0.03989,0.01110,0.01498,0.01742,0.67438,0.02612
0.00979,0.00857,0.00987,0.00649,0.00847,0.02133,0.00854,0.01017,0.00928,0.00942,0.01058,0.01128,0.00898,0.00943,0.01115,0.00918,0.02359,0.00818,0.02365,0.78205
0.02367,0.01713,0.01855,0.02742,0.01824,0.01935,0.01859,0.01551,0.02538,0.02687,0.02037,0.01841,0.01851,0.01674,0.01247,0.01583,0.03160,0.01997,0.57639,0.05899
0.01848,0.01228,0.01485,0.04563,0.13716,0.27605,0.01358,0.01965,0.02712,0.02840,0.01696,0.01553,0.01406,0.01935,0.01494,0.02693,0.01480,0.02213,0.22570,0.03641
0.01092,0.01686,0.01582,0.00995,0.01264,0.05609,0.00920,0.01266,0.01605,0.01905,0.00930,0.01111,0.01489,0.00861,0.01003,0.00972,0.02106,0.01303,0.01957,0.70345
0.01703,0.00802,0.01908,0.01732,0.00739,0.01183,0.00897,0.01585,0.16852,0.24236,0.02427,0.02043,0.00758,0.01761,0.01308,0.01265,0.01068,0.00699,0.34595,0.02438
0.01680,0.02970,0.02010,0.01844,0.02889,0.03494,0.01583,0.02096,0.03163,0.02861,0.02402,0.02219,0.01831,0.02293,0.01753,0.01455,0.02029,0.07901,0.42692,0.10837
0.02008,0.04543,0.02599,0.02904,0.01454,0.03300,0.03961,0.01524,0.20111,0.17862,0.01728,0.02067,0.01655,0.02642,0.02004,0.01839,0.03234,0.02171,0.12853,0.09539
0.01840,0.01769,0.01562,0.03080,0.01955,0.02598,0.02030,0.03007,0.03210,0.03479,0.02074,0.02363,0.01965,0.02470,0.02362,0.01374,0.01361,0.02437,0.36191,0.22872
0.01424,0.01151,0.00958,0.01011,0.51451,0.01229,0.01673,0.02774,0.01836,0.01728,0.01785,0.01621,0.01318,0.01322,0.02103,0.01835,0.01791,0.01095,0.16470,0.05425
0.01609,0.01122,0.01357,0.00900,0.01859,0.02669,0.01360,0.01386,0.01548,0.01645,0.01428,0.01306,0.01193,0.01724,0.01375,0.33083,0.02081,0.01575,0.36125,0.04655
