0.00000,0.00000,0.00000,0.00000,0.00000,0.19837,0.00010,0.16063,0.08913,0.00000,0.00000,0.00000,0.00000,0.00000,0.00000,0.03150,0.13201,0.01339,0.02328,0.00382,0.10117,0.20185,0.00020,0.03336,0.01119
0.00000,0.00000,0.00000,0.00000,0.00000,0.00000,0.00000,0.00000,0.00000,0.00000,0.05058,0.00000,0.24733,0.13651,0.00000,0.00683,0.01620,0.10494,0.03914,0.14755,0.11089,0.01774,0.00627,0.11601,0.00000
0.00000,0.00000,0.00000,0.00000,0.00000,0.00000,0.00000,0.00000,0.00000,0.00000,0.05365,0.00000,0.18644,0.04293,0.00024,0.05589,0.01337,0.14300,0.16958,0.08470,0.05130,0.10197,0.00148,0.09545,0.00000
0.00000,0.00000,0.00000,0.00000,0.00000,0.05578,0.00440,0.18966,0.06548,0.00000,0.00000,0.00000,0.00000,0.00000,0.00000,0.00145,0.01767,0.00850,0.26601,0.02650,0.03430,0.04137,0.09685,0.19202,0.00000
0.05445,0.00002,0.17683,0.56489,0.03715,0.00000,0.00000,0.00000,0.00000,0.00000,0.00000,0.00000,0.00000,0.00000,0.00000,0.02488,0.00862,0.01240,0.05098,0.00001,0.00091,0.00775,0.00057,0.06053,0.00000
0.00000,0.00000,0.00000,0.00000,0.00000,0.01874,0.01473,0.24798,0.20871,0.00000,0.00000,0.00000,0.00000,0.00000,0.00000,0.02869,0.02685,0.01095,0.26765,0.00000,0.01526,0.01982,0.00161,0.13902,0.00000
0.00000,0.00000,0.00000,0.00000,0.00000,0.00000,0.00000,0.00000,0.00000,0.00000,0.18806,0.00000,0.11690,0.03666,0.00017,0.03964,0.00142,0.07279,0.03328,0.00055,0.09239,0.21724,0.05080,0.15011,0.00000
0.00000,0.00000,0.00000,0.00000,0.00000,0.00000,0.00000,0.00000,0.00000,0.00000,0.15974,0.00000,0.05460,0.09210,0.00000,0.04355,0.01144,0.12604,0.18462,0.00964,0.11186,0.03926,0.00022,0.16693,0.00000
0.00000,0.00000,0.00000,0.00000,0.00000,0.00000,0.00000,0.00000,0.00000,0.00000,0.07947,0.01353,0.31719,0.16253,0.00403,0.00674,0.09485,0.03937,0.01342,0.00140,0.00302,0.11565,0.01602,0.12907,0.00370
0.00000,0.00000,0.00000,0.00000,0.00000,0.00000,0.00000,0.00000,0.00000,0.00000,0.14282,0.00045,0.11348,0.16851,0.00000,0.00065,0.03240,0.04827,0.19846,0.04633,0.05046,0.02804,0.01847,0.15163,0.00004
0.00000,0.00000,0.00000,0.00000,0.00000,0.00000,0.00000,0.00000,0.00000,0.00000,0.01257,0.01806,0.31606,0.00482,0.00001,0.02339,0.00971,0.31356,0.08473,0.00008,0.01623,0.06051,0.01451,0.11939,0.00637
0.00000,0.00000,0.00000,0.00000,0.00000,0.00000,0.00000,0.00000,0.00000,0.00000,0.06687,0.00000,0.11557,0.07692,0.00020,0.01963,0.00637,0.32278,0.05107,0.02870,0.00203,0.14813,0.00001,0.15606,0.00564
0.00000,0.00000,0.00000,0.00000,0.00000,0.00000,0.00000,0.00000,0.00000,0.00000,0.07142,0.00081,0.10929,0.11754,0.00001,0.18820,0.07291,0.03637,0.02948,0.00002,0.00560,0.21943,0.00610,0.13574,0.00708
0.00000,0.00000,0.00000,0.00000,0.00000,0.00000,0.00000,0.00000,0.00000,0.00000,0.15193,0.00109,0.04702,0.01802,0.00000,0.10410,0.11171,0.00419,0.15939,0.00000,0.04401,0.19152,0.00315,0.11003,0.05383
0.00000,0.00000,0.00000,0.00000,0.00000,0.00000,0.00000,0.00000,0.00000,0.00000,0.08176,0.00001,0.25635,0.15663,0.00004,0.05869,0.02810,0.00401,0.11479,0.02885,0.00764,0.18779,0.00723,0.05772,0.01040
0.00000,0.00000,0.00000,0.00000,0.00000,0.00000,0.00000,0.00000,0.00000,0.00000,0.12755,0.00213,0.20279,0.06994,0.00000,0.04519,0.00223,0.17653,0.00240,0.01043,0.18373,0.06227,0.00187,0.10500,0.00794
0.00000,0.00000,0.00000,0.00000,0.00000,0.00000,0.00000,0.00000,0.00000,0.00000,0.03369,0.00197,0.05991,0.02473,0.00236,0.12930,0.07137,0.02850,0.04124,0.02115,0.44931,0.03154,0.00004,0.10487,0.00002
0.00000,0.00000,0.00000,0.00000,0.00000,0.00000,0.00000,0.00000,0.00000,0.00000,0.20237,0.00106,0.09271,0.24493,0.00000,0.06812,0.15710,0.02647,0.07560,0.00025,0.00402,0.02437,0.00079,0.10221,0.00000
0.00000,0.00000,0.00000,0.00000,0.00000,0.00000,0.00000,0.00000,0.00000,0.00000,0.00753,0.00021,0.01772,0.32464,0.00000,0.01228,0.14459,0.00047,0.04351,0.00310,0.09453,0.02024,0.00035,0.33057,0.00026
0.00000,0.00000,0.00000,0.00000,0.00000,0.01388,0.00124,0.11792,0.21432,0.00063,0.00000,0.00000,0.00000,0.00000,0.00000,0.08022,0.15523,0.04748,0.01450,0.01166,0.01231,0.16394,0.00558,0.16108,0.00000
0.00000,0.00000,0.00000,0.00000,0.00000,0.03885,0.05968,0.07637,0.27000,0.02774,0.00000,0.00000,0.00000,0.00000,0.00000,0.07486,0.01569,0.01800,0.08641,0.00110,0.14907,0.07458,0.02239,0.08369,0.00156
0.00000,0.00000,0.00000,0.00000,0.00000,0.00000,0.00000,0.00000,0.00000,0.00000,0.17590,0.03447,0.06077,0.00351,0.00000,0.00110,0.05252,0.26568,0.00476,0.00015,0.03764,0.10787,0.00525,0.20710,0.04328
0.00000,0.00000,0.00000,0.00000,0.00000,0.00000,0.00000,0.00000,0.00000,0.00000,0.02803,0.00575,0.13037,0.01275,0.00286,0.23344,0.02173,0.06373,0.06767,0.07167,0.01304,0.17485,0.00003,0.17368,0.00041
0.00000,0.00000,0.00000,0.00000,0.00000,0.00000,0.00000,0.00000,0.00000,0.00000,0.00143,0.06609,0.41150,0.15957,0.00007,0.01582,0.00399,0.05452,0.02989,0.00486,0.01022,0.07102,0.03867,0.08031,0.05205
0.00000,0.00000,0.00000,0.00000,0.00000,0.00000,0.00000,0.00000,0.00000,0.00000,0.13908,0.01796,0.12859,0.20908,0.00254,0.05808,0.00124,0.00830,0.09015,0.00047,0.00546,0.17001,0.00000,0.16903,0.00001
0.10248,0.06603,0.39142,0.02605,0.00000,0.00000,0.00000,0.00000,0.00000,0.00000,0.00000,0.00000,0.00000,0.00000,0.00000,0.01367,0.02715,0.17244,0.01185,0.02427,0.08373,0.04521,0.00241,0.03320,0.00010
0.10335,0.01888,0.18863,0.03591,0.00000,0.00000,0.00000,0.00000,0.00000,0.00000,0.00000,0.00000,0.00000,0.00000,0.00000,0.07984,0.01193,0.10355,0.15383,0.00022,0.02448,0.24594,0.00199,0.03089,0.00054
0.00000,0.00000,0.00000,0.00000,0.00000,0.04096,0.07544,0.28843,0.18057,0.00000,0.00000,0.00000,0.00000,0.00000,0.00000,0.04505,0.02506,0.06645,0.03246,0.00569,0.00227,0.16464,0.01151,0.06148,0.00000
0.00000,0.00000,0.00000,0.00000,0.00000,0.02088,0.00580,0.29272,0.02655,0.00000,0.00000,0.00000,0.00000,0.00000,0.00000,0.00091,0.02910,0.00035,0.12782,0.00016,0.17957,0.11198,0.00000,0.20416,0.00000
0.03777,0.00000,0.13132,0.06998,0.00000,0.00000,0.00000,0.00000,0.00000,0.00000,0.00000,0.00000,0.00000,0.00000,0.00000,0.14069,0.04691,0.18544,0.03094,0.00009,0.00844,0.11306,0.03450,0.18444,0.01641
0.00000,0.00000,0.00000,0.00000,0.00000,0.00000,0.00000,0.00000,0.00000,0.00000,0.20720,0.01791,0.22626,0.16010,0.00290,0.03456,0.00499,0.04962,0.04542,0.00464,0.06751,0.09592,0.00113,0.08183,0.00000
0.00000,0.00000,0.00000,0.00000,0.00000,0.00000,0.00000,0.00000,0.00000,0.00000,0.00330,0.00001,0.16211,0.00527,0.00107,0.02013,0.14014,0.04238,0.12617,0.01506,0.02082,0.08504,0.08485,0.26625,0.02741
0.00007,0.00154,0.09906,0.07935,0.00000,0.00000,0.00000,0.00000,0.00000,0.00000,0.00000,0.00000,0.00000,0.00000,0.00000,0.02546,0.15011,0.00935,0.11109,0.00029,0.09317,0.05861,0.17802,0.19378,0.00008
0.00000,0.00000,0.00000,0.00000,0.00000,0.00000,0.00000,0.00000,0.00000,0.00000,0.15426,0.11901,0.09879,0.12923,0.00000,0.00839,0.03161,0.00014,0.12442,0.07679,0.01683,0.06927,0.00097,0.17028,0.00000
0.00000,0.00000,0.00000,0.00000,0.00000,0.00000,0.00000,0.00000,0.00000,0.00000,0.28714,0.00699,0.02814,0.05526,0.00000,0.00949,0.07347,0.02647,0.07071,0.01250,0.06431,0.33775,0.00344,0.02433,0.00000
0.00000,0.00000,0.00000,0.00000,0.00000,0.00000,0.00000,0.00000,0.00000,0.00000,0.01937,0.00036,0.19070,0.10026,0.00000,0.25383,0.00185,0.02463,0.02002,0.00635,0.01264,0.16755,0.05052,0.15194,0.00000
0.00000,0.00000,0.00000,0.00000,0.00000,0.00000,0.00000,0.00000,0.00000,0.00000,0.07290,0.00367,0.07781,0.12759,0.00000,0.02040,0.01610,0.04878,0.05939,0.07618,0.00695,0.04198,0.15781,0.29044,0.00001
0.00000,0.00000,0.00000,0.00000,0.00000,0.00000,0.00000,0.00000,0.00000,0.00000,0.21759,0.01155,0.02697,0.03066,0.00000,0.21161,0.08707,0.03596,0.01198,0.01324,0.02060,0.17358,0.01281,0.14568,0.00069
0.00000,0.00000,0.00000,0.00000,0.00000,0.00000,0.00000,0.00000,0.00000,0.00000,0.01092,0.01876,0.17957,0.04655,0.01267,0.06775,0.03686,0.00171,0.01603,0.01502,0.07636,0.31893,0.00403,0.17293,0.02190
0.00000,0.00000,0.00000,0.00000,0.00000,0.00000,0.00000,0.00000,0.00000,0.00000,0.20295,0.03750,0.19219,0.21805,0.00000,0.00017,0.00006,0.02944,0.14489,0.00000,0.00013,0.03493,0.00757,0.13211,0.00000
0.00000,0.00000,0.00000,0.00000,0.00000,0.00000,0.00000,0.00000,0.00000,0.00000,0.01020,0.00004,0.01909,0.15465,0.00000,0.00020,0.02007,0.10657,0.14873,0.00467,0.17127,0.08193,0.14767,0.11945,0.01545
0.00000,0.00000,0.00000,0.00000,0.00000,0.08105,0.02686,0.34955,0.05228,0.00000,0.00000,0.00000,0.00000,0.00000,0.00000,0.00347,0.05866,0.00318,0.03105,0.04813,0.01685,0.30058,0.00221,0.02220,0.00393
0.00000,0.00000,0.00000,0.00000,0.00000,0.01881,0.00087,0.02803,0.03602,0.04836,0.00000,0.00000,0.00000,0.00000,0.00000,0.00059,0.13894,0.02969,0.18195,0.02282,0.07170,0.10888,0.03338,0.19694,0.08301
0.04261,0.01874,0.28066,0.02637,0.01080,0.00000,0.00000,0.00000,0.00000,0.00000,0.00000,0.00000,0.00000,0.00000,0.00000,0.22226,0.00540,0.10306,0.00664,0.00509,0.01061,0.09437,0.01374,0.15966,0.00000
0.00000,0.00000,0.00000,0.00000,0.00000,0.00000,0.00000,0.00000,0.00000,0.00000,0.13312,0.02751,0.06820,0.17437,0.00000,0.02222,0.04374,0.01095,0.00144,0.00001,0.11377,0.13077,0.00030,0.27289,0.00072
0.00000,0.00000,0.00000,0.00000,0.00000,0.00000,0.00000,0.00000,0.00000,0.00000,0.03923,0.00000,0.14455,0.06534,0.00000,0.04248,0.01274,0.00452,0.12521,0.03225,0.11327,0.33445,0.02811,0.05733,0.00052
0.00000,0.00000,0.00000,0.00000,0.00000,0.00000,0.00000,0.00000,0.00000,0.00000,0.06699,0.00001,0.20210,0.20522,0.00003,0.00919,0.04744,0.00115,0.08916,0.05061,0.02034,0.03723,0.00000,0.19450,0.07602
0.00000,0.00000,0.00000,0.00000,0.00000,0.00000,0.00000,0.00000,0.00000,0.00000,0.01614,0.00703,0.22774,0.06871,0.00000,0.00036,0.12489,0.01047,0.12028,0.00000,0.00025,0.03284,0.01896,0.33456,0.03777
0.00000,0.00000,0.00000,0.00000,0.00000,0.00000,0.00000,0.00000,0.00000,0.00000,0.06422,0.00005,0.19302,0.14996,0.00000,0.00892,0.08830,0.16961,0.04483,0.00514,0.01714,0.11351,0.00831,0.13022,0.00675
0.00000,0.00000,0.00000,0.00000,0.00000,0.00000,0.00000,0.00000,0.00000,0.00000,0.06408,0.00515,0.08814,0.28023,0.00000,0.21906,0.01632,0.07808,0.07528,0.06693,0.00241,0.06401,0.00505,0.03519,0.00004
0.00000,0.00000,0.00000,0.00000,0.00000,0.07127,0.00745,0.11222,0.02548,0.04540,0.00000,0.00000,0.00000,0.00000,0.00000,0.03982,0.06074,0.06563,0.13577,0.08132,0.04778,0.03995,0.01481,0.24471,0.00764
0.00000,0.00000,0.00000,0.00000,0.00000,0.00000,0.00000,0.00000,0.00000,0.00000,0.05225,0.08234,0.07873,0.04469,0.00000,0.06046,0.04184,0.01938,0.42950,0.01918,0.00186,0.01341,0.00000,0.11111,0.04526
0.00000,0.00000,0.00000,0.00000,0.00000,0.00000,0.00000,0.00000,0.00000,0.00000,0.14666,0.00233,0.09781,0.30187,0.00003,0.00024,0.05149,0.00375,0.05093,0.01305,0.08688,0.20680,0.00322,0.03495,0.00000
0.05561,0.00502,0.06323,0.04166,0.00008,0.00000,0.00000,0.00000,0.00000,0.00000,0.00000,0.00000,0.00000,0.00000,0.00000,0.03138,0.06875,0.27171,0.00217,0.03116,0.10332,0.06866,0.04793,0.20929,0.00001
0.00000,0.00000,0.00000,0.00000,0.00000,0.00000,0.00000,0.00000,0.00000,0.00000,0.05175,0.00000,0.19244,0.44075,0.00215,0.03287,0.03287,0.00364,0.07874,0.00731,0.00725,0.05595,0.03671,0.05227,0.00530
0.00000,0.00000,0.00000,0.00000,0.00000,0.00000,0.00000,0.00000,0.00000,0.00000,0.10781,0.00001,0.29258,0.25792,0.00000,0.07372,0.00521,0.00672,0.00707,0.00010,0.00342,0.01433,0.00014,0.23098,0.00000
0.00000,0.00000,0.00000,0.00000,0.00000,0.00000,0.00000,0.00000,0.00000,0.00000,0.12155,0.00059,0.01815,0.26943,0.00000,0.04043,0.13195,0.00020,0.13957,0.01213,0.00436,0.02745,0.01490,0.21928,0.00000
0.02116,0.01310,0.16698,0.12150,0.00003,0.00000,0.00000,0.00000,0.00000,0.00000,0.00000,0.00000,0.00000,0.00000,0.00000,0.09685,0.06141,0.18744,0.07470,0.08619,0.09315,0.06650,0.00258,0.00841,0.00000
0.00000,0.00000,0.00000,0.00000,0.00000,0.00000,0.00000,0.00000,0.00000,0.00000,0.00680,0.00508,0.05588,0.03934,0.02499,0.01329,0.00116,0.06510,0.01872,0.03261,0.42733,0.14110,0.00795,0.16067,0.00000
0.00000,0.00000,0.00000,0.00000,0.00000,0.00000,0.00000,0.00000,0.00000,0.00000,0.04608,0.12055,0.17741,0.14727,0.00000,0.04367,0.00997,0.12074,0.01168,0.00274,0.11724,0.06300,0.04615,0.09346,0.00003
0.00000,0.00000,0.00000,0.00000,0.00000,0.00000,0.00000,0.00000,0.00000,0.00000,0.01998,0.06711,0.19142,0.01810,0.00001,0.05507,0.02494,0.01651,0.06234,0.00022,0.02429,0.14788,0.10265,0.26807,0.00140
0.00000,0.00000,0.00000,0.00000,0.00000,0.00000,0.00000,0.00000,0.00000,0.00000,0.07609,0.00176,0.12884,0.30580,0.01083,0.01900,0.05398,0.05381,0.01153,0.00263,0.01734,0.14808,0.00205,0.16545,0.00281
0.00000,0.00000,0.00000,0.00000,0.00000,0.00000,0.00000,0.00000,0.00000,0.00000,0.01474,0.00000,0.13772,0.20652,0.07728,0.03005,0.16391,0.11066,0.04937,0.00028,0.00036,0.06112,0.07414,0.07354,0.00030
0.00000,0.00000,0.00000,0.00000,0.00000,0.07757,0.00197,0.14222,0.07850,0.00000,0.00000,0.00000,0.00000,0.00000,0.00000,0.00126,0.05812,0.23174,0.06869,0.00908,0.17102,0.07072,0.00077,0.04452,0.04384
0.00000,0.00000,0.00000,0.00000,0.00000,0.00000,0.00000,0.00000,0.00000,0.00000,0.09349,0.01467,0.18601,0.08743,0.00000,0.19798,0.10800,0.14341,0.02523,0.00002,0.00015,0.00300,0.00000,0.14061,0.00000
0.00000,0.00000,0.00000,0.00000,0.00000,0.00000,0.00000,0.00000,0.00000,0.00000,0.02493,0.10081,0.11091,0.12539,0.00305,0.18679,0.03694,0.01821,0.07681,0.05943,0.00163,0.18831,0.03724,0.02954,0.00002
0.00000,0.00000,0.00000,0.00000,0.00000,0.00000,0.00000,0.00000,0.00000,0.00000,0.11410,0.02802,0.13719,0.02885,0.00000,0.00564,0.06223,0.08177,0.15252,0.01794,0.00553,0.23639,0.00772,0.12207,0.00003
0.00000,0.00000,0.00000,0.00000,0.00000,0.03005,0.00074,0.32741,0.10078,0.00000,0.00000,0.00000,0.00000,0.00000,0.00000,0.13439,0.01266,0.04243,0.02425,0.02059,0.09051,0.11276,0.01032,0.09226,0.00086
0.00000,0.00000,0.00000,0.00000,0.00000,0.05673,0.00339,0.12523,0.03993,0.00008,0.00000,0.00000,0.00000,0.00000,0.00000,0.12468,0.10708,0.15455,0.09168,0.00116,0.02614,0.05532,0.00016,0.21387,0.00000
0.01431,0.00186,0.05253,0.24326,0.00000,0.00000,0.00000,0.00000,0.00000,0.00000,0.00000,0.00000,0.00000,0.00000,0.00000,0.01972,0.09484,0.09456,0.20334,0.08246,0.01210,0.09995,0.00042,0.08053,0.00012
0.00000,0.00000,0.00000,0.00000,0.00000,0.00000,0.00000,0.00000,0.00000,0.00000,0.01532,0.02880,0.09848,0.14430,0.01049,0.04846,0.06878,0.04858,0.01762,0.00186,0.33401,0.09487,0.00005,0.08836,0.00002
0.00000,0.00000,0.00000,0.00000,0.00000,0.00000,0.00000,0.00000,0.00000,0.00000,0.04735,0.00141,0.33843,0.06214,0.00038,0.11626,0.01833,0.00008,0.01255,0.00076,0.00175,0.18602,0.00144,0.21304,0.00005
0.00000,0.00000,0.00000,0.00000,0.00000,0.14304,0.00002,0.05891,0.12420,0.00134,0.00000,0.00000,0.00000,0.00000,0.00000,0.04692,0.00338,0.01809,0.05232,0.00886,0.12126,0.29775,0.00003,0.12342,0.00045
0.01122,0.00083,0.35599,0.33423,0.00051,0.00000,0.00000,0.00000,0.00000,0.00000,0.00000,0.00000,0.00000,0.00000,0.00000,0.00305,0.00203,0.02486,0.05329,0.00342,0.00380,0.05980,0.02006,0.12691,0.00000
0.00000,0.00000,0.00000,0.00000,0.00000,0.22835,0.00020,0.30525,0.01039,0.00012,0.00000,0.00000,0.00000,0.00000,0.00000,0.02068,0.02517,0.09440,0.04759,0.02249,0.01265,0.06620,0.02872,0.13778,0.00000
0.00000,0.00000,0.00000,0.00000,0.00000,0.00000,0.00000,0.00000,0.00000,0.00000,0.11932,0.00000,0.18107,0.23566,0.03364,0.02300,0.00997,0.15980,0.07566,0.04075,0.03790,0.00975,0.00000,0.07347,0.00000
0.00000,0.00000,0.00000,0.00000,0.00000,0.05609,0.03742,0.24051,0.14794,0.04229,0.00000,0.00000,0.00000,0.00000,0.00000,0.21098,0.00729,0.02692,0.01412,0.00212,0.00063,0.04833,0.00210,0.15243,0.01084
0.00000,0.00000,0.00000,0.00000,0.00000,0.00000,0.00000,0.00000,0.00000,0.00000,0.00380,0.00138,0.09994,0.26342,0.00004,0.01306,0.04490,0.11392,0.17072,0.00010,0.04417,0.11393,0.01686,0.11377,0.00000
0.00000,0.00000,0.00000,0.00000,0.00000,0.00000,0.00000,0.00000,0.00000,0.00000,0.03669,0.00000,0.17104,0.23355,0.02802,0.13585,0.09031,0.04288,0.05772,0.00199,0.00004,0.05586,0.00651,0.13955,0.00000
0.00000,0.00000,0.00000,0.00000,0.00000,0.00000,0.00000,0.00000,0.00000,0.00000,0.12662,0.00150,0.12580,0.08048,0.05044,0.00832,0.03966,0.03859,0.05475,0.07233,0.14262,0.15841,0.01059,0.08989,0.00000
0.00000,0.00000,0.00000,0.00000,0.00000,0.00000,0.00000,0.00000,0.00000,0.00000,0.10640,0.00000,0.03503,0.01594,0.01110,0.02237,0.20671,0.07541,0.01598,0.00968,0.06421,0.17133,0.00000,0.26334,0.00251
0.00000,0.00000,0.00000,0.00000,0.00000,0.00000,0.00000,0.00000,0.00000,0.00000,0.07756,0.02086,0.28845,0.04022,0.00000,0.02398,0.06117,0.02270,0.12279,0.06904,0.02821,0.20498,0.00000,0.04003,0.00000
0.01272,0.00020,0.12181,0.19969,0.00000,0.00000,0.00000,0.00000,0.00000,0.00000,0.00000,0.00000,0.00000,0.00000,0.00000,0.06149,0.02855,0.07496,0.01935,0.06843,0.16549,0.14605,0.00129,0.09996,0.00000
0.01400,0.00055,0.12952,0.00876,0.00002,0.00000,0.00000,0.00000,0.00000,0.00000,0.00000,0.00000,0.00000,0.00000,0.00000,0.09762,0.02817,0.00350,0.18353,0.00069,0.01530,0.11866,0.03411,0.36558,0.00000
0.00000,0.00000,0.00000,0.00000,0.00000,0.00000,0.00000,0.00000,0.00000,0.00000,0.02438,0.00000,0.10694,0.18755,0.00257,0.01555,0.13791,0.02414,0.05038,0.00795,0.02345,0.23661,0.12107,0.06152,0.00000
0.00000,0.00000,0.00000,0.00000,0.00000,0.00000,0.00000,0.00000,0.00000,0.00000,0.05845,0.00066,0.15489,0.10246,0.00014,0.00320,0.02385,0.04263,0.21374,0.00016,0.05165,0.08375,0.00000,0.26428,0.00015
0.00000,0.00000,0.00000,0.00000,0.00000,0.00000,0.00000,0.00000,0.00000,0.00000,0.06247,0.00771,0.13880,0.05013,0.00000,0.01630,0.04836,0.10352,0.27497,0.00026,0.03453,0.09253,0.02961,0.13771,0.00311
0.00000,0.00000,0.00000,0.00000,0.00000,0.00000,0.00000,0.00000,0.00000,0.00000,0.14434,0.00638,0.03494,0.10245,0.00000,0.01230,0.08194,0.00225,0.13690,0.01614,0.13254,0.29711,0.00428,0.01392,0.01451
0.00000,0.00000,0.00000,0.00000,0.00000,0.00000,0.00000,0.00000,0.00000,0.00000,0.12730,0.02370,0.16058,0.02417,0.03109,0.08659,0.00128,0.03467,0.11616,0.00378,0.11413,0.20790,0.02102,0.04467,0.00296
0.00000,0.00000,0.00000,0.00000,0.00000,0.00000,0.00000,0.00000,0.00000,0.00000,0.20338,0.00980,0.34980,0.03629,0.00008,0.02155,0.00585,0.01583,0.00677,0.00035,0.02085,0.14290,0.00273,0.18383,0.00000
0.00000,0.00000,0.00000,0.00000,0.00000,0.00000,0.00000,0.00000,0.00000,0.00000,0.01393,0.02117,0.22084,0.10075,0.00118,0.05803,0.00979,0.01486,0.15476,0.00638,0.00248,0.23997,0.00372,0.15214,0.00000
0.00000,0.00000,0.00000,0.00000,0.00000,0.03125,0.02262,0.10909,0.22933,0.00131,0.00000,0.00000,0.00000,0.00000,0.00000,0.32819,0.01571,0.06693,0.03108,0.03253,0.01874,0.00322,0.00000,0.10967,0.00034
0.00000,0.00000,0.00000,0.00000,0.00000,0.00000,0.00000,0.00000,0.00000,0.00000,0.08844,0.00263,0.03699,0.15169,0.02478,0.00116,0.09353,0.11491,0.19198,0.02116,0.02677,0.06693,0.02099,0.15780,0.00023
0.00000,0.00000,0.00000,0.00000,0.00000,0.00000,0.00000,0.00000,0.00000,0.00000,0.00731,0.01619,0.40186,0.14005,0.00833,0.04557,0.10510,0.04281,0.00624,0.00016,0.01201,0.12163,0.00000,0.09254,0.00019
0.03101,0.00000,0.26213,0.23835,0.02320,0.00000,0.00000,0.00000,0.00000,0.00000,0.00000,0.00000,0.00000,0.00000,0.00000,0.03066,0.00373,0.00353,0.18311,0.08377,0.00136,0.04744,0.00003,0.08413,0.00755
0.00000,0.00000,0.00000,0.00000,0.00000,0.00578,0.00977,0.09168,0.20803,0.00362,0.00000,0.00000,0.00000,0.00000,0.00000,0.14933,0.12830,0.13655,0.02599,0.00007,0.00827,0.05778,0.01914,0.15556,0.00013
0.04771,0.00118,0.06345,0.24579,0.00000,0.00000,0.00000,0.00000,0.00000,0.00000,0.00000,0.00000,0.00000,0.00000,0.00000,0.21874,0.01111,0.00008,0.05968,0.03371,0.08795,0.01621,0.10530,0.10907,0.00002
0.00000,0.00000,0.00000,0.00000,0.00000,0.08759,0.02550,0.09726,0.18109,0.00000,0.00000,0.00000,0.00000,0.00000,0.00000,0.00257,0.17257,0.04501,0.05079,0.00121,0.01207,0.01002,0.16853,0.14578,0.00000
0.00000,0.00000,0.00000,0.00000,0.00000,0.16518,0.11209,0.08544,0.04460,0.00015,0.00000,0.00000,0.00000,0.00000,0.00000,0.00417,0.06261,0.00745,0.04507,0.02976,0.02659,0.09269,0.00160,0.32261,0.00000
0.00000,0.00000,0.00000,0.00000,0.00000,0.00000,0.00000,0.00000,0.00000,0.00000,0.07101,0.00788,0.20288,0.16726,0.10943,0.00661,0.02533,0.12540,0.04372,0.00813,0.02913,0.09371,0.00380,0.10114,0.00457
0.00000,0.00000,0.00000,0.00000,0.00000,0.00000,0.00000,0.00000,0.00000,0.00000,0.10112,0.01988,0.24725,0.05782,0.00402,0.12576,0.07928,0.00673,0.07942,0.00001,0.00745,0.19121,0.02947,0.05058,0.00000
0.02483,0.02393,0.34938,0.20051,0.00001,0.00000,0.00000,0.00000,0.00000,0.00000,0.00000,0.00000,0.00000,0.00000,0.00000,0.08776,0.00153,0.01362,0.08700,0.00542,0.00573,0.06411,0.00352,0.12370,0.00896
0.00000,0.00000,0.00000,0.00000,0.00000,0.00000,0.00000,0.00000,0.00000,0.00000,0.29616,0.00123,0.24062,0.07619,0.00002,0.12967,0.00031,0.02230,0.00457,0.05226,0.02055,0.10972,0.00205,0.04259,0.00177
0.00000,0.00000,0.00000,0.00000,0.00000,0.26289,0.00000,0.25775,0.13721,0.00000,0.00000,0.00000,0.00000,0.00000,0.00000,0.00065,0.01498,0.05190,0.05737,0.00344,0.06727,0.04621,0.00011,0.10020,0.00000
0.02480,0.05977,0.27201,0.38605,0.00000,0.00000,0.00000,0.00000,0.00000,0.00000,0.00000,0.00000,0.00000,0.00000,0.00000,0.00434,0.00072,0.01318,0.04438,0.00274,0.00398,0.06647,0.00245,0.11909,0.00000
0.00000,0.00000,0.00000,0.00000,0.00000,0.00000,0.00000,0.00000,0.00000,0.00000,0.03110,0.02704,0.20782,0.18911,0.00000,0.02631,0.00483,0.02643,0.04748,0.02912,0.02111,0.10262,0.00645,0.28059,0.00000
0.00000,0.00000,0.00000,0.00000,0.00000,0.00000,0.00000,0.00000,0.00000,0.00000,0.00319,0.00000,0.11712,0.06797,0.00001,0.12701,0.00009,0.14092,0.11965,0.01507,0.00296,0.02944,0.14993,0.20964,0.01699
0.00000,0.00000,0.00000,0.00000,0.00000,0.00000,0.00000,0.00000,0.00000,0.00000,0.04150,0.00413,0.01392,0.22900,0.07026,0.09680,0.02109,0.02767,0.00914,0.00682,0.04647,0.14381,0.00036,0.28898,0.00004
0.00000,0.00000,0.00000,0.00000,0.00000,0.02053,0.01381,0.07841,0.14746,0.00000,0.00000,0.00000,0.00000,0.00000,0.00000,0.04107,0.02669,0.03408,0.10764,0.11301,0.01725,0.02308,0.00945,0.14265,0.22488
0.27226,0.00001,0.15394,0.03551,0.00007,0.00000,0.00000,0.00000,0.00000,0.00000,0.00000,0.00000,0.00000,0.00000,0.00000,0.01744,0.01654,0.00767,0.16853,0.00375,0.07589,0.14383,0.03524,0.06004,0.00928
0.00000,0.00000,0.00000,0.00000,0.00000,0.00000,0.00000,0.00000,0.00000,0.00000,0.00606,0.00083,0.10822,0.12649,0.00000,0.09367,0.06578,0.20514,0.05040,0.00716,0.00203,0.21047,0.11076,0.01298,0.00000
0.00000,0.00000,0.00000,0.00000,0.00000,0.00000,0.00000,0.00000,0.00000,0.00000,0.01546,0.00342,0.12698,0.34193,0.00124,0.12133,0.03339,0.01649,0.01748,0.09232,0.02164,0.03930,0.00010,0.16691,0.00200
0.00000,0.00000,0.00000,0.00000,0.00000,0.04520,0.00418,0.34245,0.05442,0.00212,0.00000,0.00000,0.00000,0.00000,0.00000,0.07801,0.13306,0.00117,0.07546,0.00352,0.00029,0.22132,0.01822,0.02057,0.00000
0.00000,0.00000,0.00000,0.00000,0.00000,0.00000,0.00000,0.00000,0.00000,0.00000,0.01671,0.00145,0.07502,0.18875,0.00000,0.12322,0.01089,0.12701,0.11563,0.00691,0.11136,0.15394,0.00002,0.06742,0.00167
0.00000,0.00000,0.00000,0.00000,0.00000,0.00000,0.00000,0.00000,0.00000,0.00000,0.00568,0.00107,0.30115,0.13106,0.00000,0.01643,0.08962,0.00930,0.17512,0.02465,0.00201,0.22312,0.00441,0.01406,0.00232
0.00000,0.00000,0.00000,0.00000,0.00000,0.00000,0.00000,0.00000,0.00000,0.00000,0.11717,0.00000,0.16803,0.12528,0.00847,0.04440,0.01461,0.12619,0.08382,0.00228,0.02320,0.09523,0.10837,0.08294,0.00000
0.00474,0.00000,0.20956,0.00600,0.01184,0.00000,0.00000,0.00000,0.00000,0.00000,0.00000,0.00000,0.00000,0.00000,0.00000,0.05629,0.14412,0.02271,0.10903,0.02214,0.25376,0.05188,0.04334,0.06456,0.00004
0.00000,0.00000,0.00000,0.00000,0.00000,0.00000,0.00000,0.00000,0.00000,0.00000,0.08340,0.00000,0.04404,0.06985,0.00002,0.03827,0.01627,0.23463,0.16798,0.00346,0.02245,0.18486,0.05536,0.07940,0.00000
0.00000,0.00000,0.00000,0.00000,0.00000,0.00065,0.00000,0.16808,0.09531,0.00143,0.00000,0.00000,0.00000,0.00000,0.00000,0.00699,0.00052,0.01933,0.01801,0.03027,0.03986,0.43729,0.00001,0.18226,0.00000
0.00000,0.00000,0.00000,0.00000,0.00000,0.00000,0.00000,0.00000,0.00000,0.00000,0.02217,0.01804,0.01594,0.12625,0.00000,0.11674,0.00268,0.08169,0.10976,0.00503,0.03581,0.13562,0.00004,0.33021,0.00002
0.00000,0.00000,0.00000,0.00000,0.00000,0.00000,0.00000,0.00000,0.00000,0.00000,0.05573,0.00157,0.12163,0.12295,0.00244,0.02478,0.01341,0.00311,0.14809,0.08314,0.01961,0.34613,0.00416,0.04871,0.00456
0.00000,0.00000,0.00000,0.00000,0.00000,0.00000,0.00000,0.00000,0.00000,0.00000,0.14480,0.00000,0.19124,0.04428,0.00000,0.06449,0.15011,0.04837,0.11860,0.00129,0.08608,0.09806,0.00031,0.05239,0.00000
0.00000,0.00000,0.00000,0.00000,0.00000,0.02555,0.01660,0.03459,0.32081,0.00004,0.00000,0.00000,0.00000,0.00000,0.00000,0.06159,0.10557,0.00022,0.06811,0.00170,0.00166,0.19320,0.06445,0.10589,0.00001
0.00000,0.00000,0.00000,0.00000,0.00000,0.00000,0.00000,0.00000,0.00000,0.00000,0.04337,0.00473,0.15227,0.10318,0.00000,0.00096,0.00926,0.02895,0.09391,0.04216,0.14026,0.04104,0.00000,0.33904,0.00089
0.17888,0.00049,0.06735,0.03241,0.00000,0.00000,0.00000,0.00000,0.00000,0.00000,0.00000,0.00000,0.00000,0.00000,0.00000,0.01569,0.15000,0.07977,0.05072,0.00000,0.04066,0.27008,0.00021,0.07562,0.03811
0.00000,0.00000,0.00000,0.00000,0.00000,0.00000,0.00000,0.00000,0.00000,0.00000,0.08071,0.00000,0.22797,0.11023,0.00798,0.02718,0.02655,0.01075,0.00543,0.19605,0.00352,0.04889,0.00079,0.24638,0.00757
0.00000,0.00000,0.00000,0.00000,0.00000,0.00000,0.00000,0.00000,0.00000,0.00000,0.13845,0.00021,0.15158,0.21437,0.03430,0.09219,0.16554,0.00450,0.06671,0.00885,0.02741,0.04058,0.00259,0.05271,0.00000
0.00000,0.00000,0.00000,0.00000,0.00000,0.00000,0.00000,0.00000,0.00000,0.00000,0.01229,0.00094,0.03851,0.30885,0.00000,0.00188,0.11981,0.07881,0.04399,0.00003,0.00755,0.08584,0.01539,0.28610,0.00000
0.11444,0.00614,0.09965,0.12281,0.00000,0.00000,0.00000,0.00000,0.00000,0.00000,0.00000,0.00000,0.00000,0.00000,0.00000,0.03881,0.00804,0.06340,0.04398,0.22252,0.03377,0.04214,0.00491,0.19510,0.00430
0.00000,0.00000,0.00000,0.00000,0.00000,0.00000,0.00000,0.00000,0.00000,0.00000,0.00014,0.01334,0.43125,0.10622,0.00000,0.14334,0.04707,0.00005,0.03805,0.00043,0.07499,0.10945,0.01820,0.01742,0.00005
0.00000,0.00000,0.00000,0.00000,0.00000,0.00000,0.00000,0.00000,0.00000,0.00000,0.03336,0.00432,0.10081,0.22980,0.02233,0.00146,0.03306,0.00457,0.08806,0.03197,0.01042,0.19386,0.00234,0.22633,0.01732
0.00000,0.00000,0.00000,0.00000,0.00000,0.00000,0.00000,0.00000,0.00000,0.00000,0.06822,0.03540,0.16322,0.12108,0.02610,0.03334,0.04719,0.05734,0.00264,0.06092,0.01922,0.24199,0.00043,0.12272,0.00019
0.00000,0.00000,0.00000,0.00000,0.00000,0.00000,0.00000,0.00000,0.00000,0.00000,0.03593,0.02366,0.38098,0.15440,0.00000,0.03074,0.11414,0.00938,0.02689,0.00488,0.00070,0.09362,0.03295,0.08650,0.00523
0.00000,0.00000,0.00000,0.00000,0.00000,0.00000,0.00000,0.00000,0.00000,0.00000,0.01359,0.00554,0.21334,0.15258,0.00000,0.04612,0.09555,0.01655,0.16779,0.00645,0.00022,0.04287,0.00147,0.21330,0.02464
0.00000,0.00000,0.00000,0.00000,0.00000,0.00000,0.00000,0.00000,0.00000,0.00000,0.00526,0.00343,0.37044,0.27279,0.00001,0.00890,0.02372,0.03295,0.02430,0.00000,0.00144,0.11779,0.03453,0.10441,0.00002
0.00000,0.00000,0.00000,0.00000,0.00000,0.00000,0.00000,0.00000,0.00000,0.00000,0.04714,0.04389,0.12196,0.10574,0.00024,0.02068,0.00661,0.01489,0.03421,0.00905,0.03714,0.08560,0.00026,0.47260,0.00000
0.00000,0.00000,0.00000,0.00000,0.00000,0.00000,0.00000,0.00000,0.00000,0.00000,0.00085,0.00388,0.11747,0.23673,0.01031,0.03708,0.00515,0.00246,0.13059,0.00131,0.02679,0.03314,0.00162,0.37986,0.01276
0.00000,0.00000,0.00000,0.00000,0.00000,0.00000,0.00000,0.00000,0.00000,0.00000,0.15767,0.00035,0.14610,0.24426,0.02420,0.03327,0.00619,0.04266,0.02293,0.00046,0.11374,0.04095,0.00348,0.13010,0.03364
0.00000,0.00000,0.00000,0.00000,0.00000,0.00000,0.00000,0.00000,0.00000,0.00000,0.03146,0.00001,0.11309,0.07366,0.00849,0.01733,0.37282,0.00955,0.01247,0.00027,0.03998,0.13198,0.01122,0.17766,0.00000
0.00000,0.00000,0.00000,0.00000,0.00000,0.00000,0.00000,0.00000,0.00000,0.00000,0.14920,0.00870,0.05616,0.12775,0.00000,0.14522,0.01310,0.03174,0.20757,0.00014,0.00506,0.09092,0.00732,0.12490,0.03222
0.00000,0.00000,0.00000,0.00000,0.00000,0.04907,0.00072,0.19324,0.05937,0.00144,0.00000,0.00000,0.00000,0.00000,0.00000,0.00480,0.26783,0.07188,0.05850,0.01475,0.09750,0.04862,0.00091,0.12429,0.00708
0.00000,0.00000,0.00000,0.00000,0.00000,0.00000,0.00000,0.00000,0.00000,0.00000,0.03916,0.00001,0.31950,0.17424,0.00015,0.08671,0.06003,0.04295,0.12062,0.00059,0.01095,0.08546,0.00238,0.05726,0.00000
0.02655,0.01069,0.19992,0.08475,0.00000,0.00000,0.00000,0.00000,0.00000,0.00000,0.00000,0.00000,0.00000,0.00000,0.00000,0.04635,0.01037,0.05862,0.00729,0.02424,0.00187,0.07493,0.06203,0.34975,0.04265
0.00686,0.00031,0.15258,0.26558,0.00006,0.00000,0.00000,0.00000,0.00000,0.00000,0.00000,0.00000,0.00000,0.00000,0.00000,0.02744,0.02615,0.00092,0.17327,0.00012,0.03499,0.15020,0.00768,0.15378,0.00006
0.00000,0.00000,0.00000,0.00000,0.00000,0.00000,0.00000,0.00000,0.00000,0.00000,0.03815,0.03575,0.26973,0.08399,0.00001,0.00121,0.04428,0.02431,0.04067,0.04836,0.00608,0.30147,0.05213,0.05362,0.00025
0.00000,0.00000,0.00000,0.00000,0.00000,0.00000,0.00000,0.00000,0.00000,0.00000,0.01438,0.00039,0.20650,0.19785,0.11324,0.01186,0.09108,0.03308,0.08661,0.01718,0.05138,0.09352,0.01457,0.06836,0.00000
0.00000,0.00000,0.00000,0.00000,0.00000,0.00000,0.00000,0.00000,0.00000,0.00000,0.01227,0.00006,0.28730,0.17048,0.00000,0.12572,0.12758,0.03977,0.02513,0.00040,0.09583,0.05667,0.00007,0.05828,0.00044
0.00000,0.00000,0.00000,0.00000,0.00000,0.00000,0.00000,0.00000,0.00000,0.00000,0.01439,0.00011,0.12044,0.08319,0.00000,0.06849,0.01054,0.16687,0.25726,0.00215,0.00398,0.18347,0.00244,0.08667,0.00000
0.00000,0.00000,0.00000,0.00000,0.00000,0.00000,0.00000,0.00000,0.00000,0.00000,0.01585,0.28863,0.02300,0.16330,0.00000,0.00345,0.02065,0.02613,0.04078,0.04595,0.01871,0.13824,0.05943,0.13430,0.02159
0.00000,0.00000,0.00000,0.00000,0.00000,0.00000,0.00000,0.00000,0.00000,0.00000,0.03675,0.17568,0.16841,0.13257,0.03048,0.02254,0.15419,0.00546,0.03854,0.02541,0.00081,0.07995,0.01779,0.10919,0.00223
0.00000,0.00000,0.00000,0.00000,0.00000,0.00000,0.00000,0.00000,0.00000,0.00000,0.02117,0.00311,0.10391,0.13476,0.02862,0.09219,0.11528,0.01938,0.11609,0.00002,0.00540,0.07997,0.12379,0.15590,0.00041
0.00000,0.00000,0.00000,0.00000,0.00000,0.00000,0.00000,0.00000,0.00000,0.00000,0.10869,0.00012,0.14670,0.31226,0.00000,0.10434,0.00494,0.01052,0.04699,0.00017,0.04131,0.08595,0.00947,0.12772,0.00083
0.03896,0.00168,0.22265,0.08728,0.00002,0.00000,0.00000,0.00000,0.00000,0.00000,0.00000,0.00000,0.00000,0.00000,0.00000,0.06419,0.07093,0.04180,0.02905,0.00019,0.21643,0.19380,0.00367,0.02935,0.00000
0.06719,0.00285,0.22099,0.09846,0.00015,0.00000,0.00000,0.00000,0.00000,0.00000,0.00000,0.00000,0.00000,0.00000,0.00000,0.02830,0.00870,0.02004,0.14632,0.10771,0.06463,0.04996,0.00772,0.15016,0.02683
0.00000,0.00000,0.00000,0.00000,0.00000,0.00000,0.00000,0.00000,0.00000,0.00000,0.00474,0.00000,0.21203,0.07845,0.00000,0.00132,0.00098,0.06088,0.07582,0.04554,0.05905,0.10158,0.00007,0.30233,0.05722
0.00000,0.00000,0.00000,0.00000,0.00000,0.00000,0.00000,0.00000,0.00000,0.00000,0.07929,0.00055,0.22027,0.03712,0.00000,0.01120,0.05969,0.09014,0.21108,0.00285,0.00016,0.01884,0.16852,0.04301,0.05726
0.00000,0.00000,0.00000,0.00000,0.00000,0.04648,0.00914,0.20881,0.16431,0.00004,0.00000,0.00000,0.00000,0.00000,0.00000,0.02277,0.00219,0.00259,0.07385,0.03555,0.00428,0.01777,0.01151,0.38613,0.01460
0.00000,0.00000,0.00000,0.00000,0.00000,0.07421,0.00000,0.04057,0.25632,0.00000,0.00000,0.00000,0.00000,0.00000,0.00000,0.11167,0.01661,0.01351,0.09037,0.01152,0.04132,0.11121,0.00878,0.12442,0.09950
0.00000,0.00000,0.00000,0.00000,0.00000,0.00000,0.00000,0.00000,0.00000,0.00000,0.15979,0.00121,0.13051,0.06302,0.03440,0.09331,0.05109,0.04394,0.01310,0.00002,0.04292,0.16625,0.14022,0.05192,0.00830
0.00000,0.00000,0.00000,0.00000,0.00000,0.00000,0.00000,0.00000,0.00000,0.00000,0.12870,0.00000,0.19886,0.07743,0.00000,0.10789,0.00613,0.10437,0.01511,0.00167,0.01784,0.09640,0.02537,0.22022,0.00000
0.00000,0.00000,0.00000,0.00000,0.00000,0.00000,0.00000,0.00000,0.00000,0.00000,0.11668,0.00006,0.05680,0.24455,0.00000,0.00379,0.01708,0.02020,0.05768,0.00033,0.19486,0.18348,0.01258,0.09190,0.00000
0.00000,0.00000,0.00000,0.00000,0.00000,0.00752,0.01744,0.21911,0.02683,0.00133,0.00000,0.00000,0.00000,0.00000,0.00000,0.00543,0.00557,0.44905,0.08886,0.01196,0.02153,0.02932,0.01941,0.09664,0.00000
0.00000,0.00000,0.00000,0.00000,0.00000,0.00000,0.00000,0.00000,0.00000,0.00000,0.18272,0.00444,0.18657,0.01861,0.00000,0.00028,0.00098,0.00411,0.14305,0.00333,0.07170,0.29546,0.00010,0.08865,0.00000
0.05898,0.00324,0.25576,0.07935,0.00000,0.00000,0.00000,0.00000,0.00000,0.00000,0.00000,0.00000,0.00000,0.00000,0.00000,0.00639,0.16325,0.06794,0.04923,0.00004,0.06813,0.06015,0.00031,0.18474,0.00249
0.00000,0.00000,0.00000,0.00000,0.00000,0.00000,0.00000,0.00000,0.00000,0.00000,0.06898,0.00343,0.12379,0.22425,0.00317,0.00696,0.01741,0.01972,0.03710,0.00003,0.01407,0.28953,0.00003,0.18891,0.00262
0.00000,0.00000,0.00000,0.00000,0.00000,0.00000,0.00000,0.00000,0.00000,0.00000,0.17055,0.00001,0.06741,0.25963,0.00000,0.03136,0.00572,0.02062,0.07089,0.05435,0.03946,0.04943,0.00121,0.15758,0.07177
0.00000,0.00000,0.00000,0.00000,0.00000,0.00000,0.00000,0.00000,0.00000,0.00000,0.05548,0.00969,0.11372,0.18114,0.01253,0.03036,0.11749,0.02746,0.05042,0.00017,0.09557,0.18474,0.00277,0.11730,0.00115
0.00000,0.00000,0.00000,0.00000,0.00000,0.00000,0.00000,0.00000,0.00000,0.00000,0.10048,0.00233,0.16121,0.06085,0.00000,0.14306,0.17160,0.05680,0.02127,0.00044,0.22974,0.02196,0.00496,0.02478,0.00052
0.00122,0.00271,0.06145,0.20379,0.00000,0.00000,0.00000,0.00000,0.00000,0.00000,0.00000,0.00000,0.00000,0.00000,0.00000,0.00011,0.00223,0.24730,0.00297,0.01297,0.12037,0.11344,0.00054,0.15976,0.07115
0.13700,0.02770,0.28009,0.10095,0.00001,0.00000,0.00000,0.00000,0.00000,0.00000,0.00000,0.00000,0.00000,0.00000,0.00000,0.01409,0.00082,0.00807,0.04707,0.00000,0.02397,0.08223,0.00297,0.27294,0.00209
0.06382,0.00018,0.32380,0.04313,0.00007,0.00000,0.00000,0.00000,0.00000,0.00000,0.00000,0.00000,0.00000,0.00000,0.00000,0.01449,0.09327,0.00220,0.07347,0.03688,0.06889,0.10639,0.00001,0.17340,0.00000
0.00000,0.00000,0.00000,0.00000,0.00000,0.00000,0.00000,0.00000,0.00000,0.00000,0.00102,0.05076,0.08162,0.09452,0.00215,0.02137,0.08199,0.00011,0.02953,0.00929,0.07219,0.34172,0.05091,0.16283,0.00000
0.00000,0.00000,0.00000,0.00000,0.00000,0.00000,0.00000,0.00000,0.00000,0.00000,0.02775,0.00331,0.08599,0.22918,0.00000,0.02154,0.11117,0.02784,0.03702,0.02248,0.06485,0.22797,0.00055,0.14009,0.00028
0.00000,0.00000,0.00000,0.00000,0.00000,0.00000,0.00000,0.00000,0.00000,0.00000,0.00103,0.00001,0.37221,0.12044,0.00000,0.10007,0.01726,0.00361,0.14022,0.00002,0.06823,0.00813,0.03427,0.13374,0.00077
0.00000,0.00000,0.00000,0.00000,0.00000,0.00000,0.00000,0.00000,0.00000,0.00000,0.04468,0.00032,0.07816,0.29294,0.00018,0.00269,0.19293,0.08928,0.06093,0.00531,0.01156,0.05373,0.00008,0.16721,0.00000
0.00000,0.00000,0.00000,0.00000,0.00000,0.00000,0.00000,0.00000,0.00000,0.00000,0.01622,0.00228,0.13076,0.02632,0.00718,0.38551,0.12822,0.00545,0.10800,0.00664,0.00090,0.12906,0.00000,0.05345,0.00000
0.02239,0.08082,0.03194,0.06635,0.00009,0.00000,0.00000,0.00000,0.00000,0.00000,0.00000,0.00000,0.00000,0.00000,0.00000,0.09155,0.13762,0.00313,0.20397,0.00194,0.17191,0.02725,0.00009,0.14693,0.01401
0.00000,0.00000,0.00000,0.00000,0.00000,0.00000,0.00000,0.00000,0.00000,0.00000,0.09123,0.00000,0.18064,0.17861,0.00002,0.09752,0.19124,0.01536,0.15804,0.04794,0.00417,0.02522,0.00001,0.00995,0.00004
0.00000,0.00000,0.00000,0.00000,0.00000,0.00000,0.00000,0.00000,0.00000,0.00000,0.09996,0.01988,0.26777,0.20840,0.07190,0.00934,0.00074,0.07562,0.08193,0.02212,0.00115,0.07343,0.00049,0.06013,0.00715
0.00000,0.00000,0.00000,0.00000,0.00000,0.05418,0.00400,0.24225,0.05168,0.00006,0.00000,0.00000,0.00000,0.00000,0.00000,0.01936,0.06717,0.00524,0.14050,0.00274,0.00912,0.25171,0.01650,0.13535,0.00015
0.00000,0.00000,0.00000,0.00000,0.00000,0.00000,0.00000,0.00000,0.00000,0.00000,0.17118,0.02845,0.08451,0.20033,0.00000,0.03684,0.00087,0.09879,0.03188,0.00152,0.07892,0.15725,0.00000,0.07263,0.03682
0.01408,0.00057,0.06438,0.18695,0.00000,0.00000,0.00000,0.00000,0.00000,0.00000,0.00000,0.00000,0.00000,0.00000,0.00000,0.00802,0.01185,0.34289,0.02416,0.00683,0.02802,0.13178,0.00925,0.16959,0.00164
0.00000,0.00000,0.00000,0.00000,0.00000,0.00000,0.00000,0.00000,0.00000,0.00000,0.08530,0.13167,0.35288,0.06833,0.04613,0.02750,0.01521,0.00004,0.10113,0.00005,0.02267,0.06581,0.00069,0.06728,0.01530
0.00000,0.00000,0.00000,0.00000,0.00000,0.12282,0.00272,0.05616,0.10380,0.03749,0.00000,0.00000,0.00000,0.00000,0.00000,0.14070,0.02099,0.00273,0.05007,0.02542,0.10301,0.03039,0.00000,0.29290,0.01080
0.00000,0.00000,0.00000,0.00000,0.00000,0.00000,0.00000,0.00000,0.00000,0.00000,0.01554,0.00000,0.17102,0.16696,0.00004,0.02818,0.08905,0.01407,0.00298,0.01724,0.26684,0.11673,0.03932,0.07201,0.00000
0.00000,0.00000,0.00000,0.00000,0.00000,0.00000,0.00000,0.00000,0.00000,0.00000,0.08196,0.00762,0.27848,0.07284,0.00060,0.01670,0.09286,0.00050,0.10055,0.02382,0.07217,0.12927,0.03042,0.09190,0.00032
0.00000,0.00000,0.00000,0.00000,0.00000,0.00000,0.00000,0.00000,0.00000,0.00000,0.08331,0.12883,0.12462,0.07294,0.00631,0.04069,0.00595,0.11924,0.02485,0.01028,0.08183,0.15012,0.00703,0.14398,0.00000
0.00000,0.00000,0.00000,0.00000,0.00000,0.02476,0.00026,0.19776,0.10540,0.00000,0.00000,0.00000,0.00000,0.00000,0.00000,0.00505,0.12953,0.17501,0.19790,0.02401,0.01306,0.07888,0.00590,0.04192,0.00056
0.00000,0.00000,0.00000,0.00000,0.00000,0.00000,0.00000,0.00000,0.00000,0.00000,0.02656,0.00362,0.06291,0.29724,0.00354,0.23846,0.00357,0.01551,0.01308,0.00222,0.08264,0.12730,0.00934,0.05920,0.05481
0.00000,0.00000,0.00000,0.00000,0.00000,0.00000,0.00000,0.00000,0.00000,0.00000,0.00331,0.01938,0.09378,0.15449,0.00317,0.02668,0.01618,0.00110,0.03263,0.01040,0.18645,0.18539,0.00119,0.26434,0.00150
0.00000,0.00000,0.00000,0.00000,0.00000,0.00000,0.00000,0.00000,0.00000,0.00000,0.06917,0.01534,0.09877,0.15356,0.10145,0.06529,0.03752,0.18747,0.04954,0.01436,0.04793,0.02130,0.00238,0.10388,0.03204
0.00000,0.00000,0.00000,0.00000,0.00000,0.10054,0.01377,0.08346,0.16438,0.02036,0.00000,0.00000,0.00000,0.00000,0.00000,0.00789,0.00008,0.10505,0.04414,0.02398,0.04105,0.23143,0.02222,0.14162,0.00004
0.02447,0.00183,0.05722,0.11651,0.00000,0.00000,0.00000,0.00000,0.00000,0.00000,0.00000,0.00000,0.00000,0.00000,0.00000,0.04016,0.24432,0.06214,0.00877,0.00001,0.17000,0.06420,0.00002,0.21036,0.00000
0.03148,0.00001,0.30923,0.03697,0.00000,0.00000,0.00000,0.00000,0.00000,0.00000,0.00000,0.00000,0.00000,0.00000,0.00000,0.20727,0.00642,0.09753,0.05029,0.00005,0.00835,0.11257,0.01075,0.12907,0.00000
0.00000,0.00000,0.00000,0.00000,0.00000,0.00000,0.00000,0.00000,0.00000,0.00000,0.05394,0.00937,0.02313,0.09527,0.00537,0.01785,0.23295,0.04290,0.06158,0.00016,0.02701,0.26693,0.05042,0.11176,0.00136
0.00000,0.00000,0.00000,0.00000,0.00000,0.00000,0.00000,0.00000,0.00000,0.00000,0.14723,0.05689,0.35415,0.09362,0.00012,0.00151,0.05148,0.00497,0.03445,0.00294,0.13204,0.02008,0.00000,0.09100,0.00953
0.00000,0.00000,0.00000,0.00000,0.00000,0.07403,0.01480,0.24916,0.14978,0.00619,0.00000,0.00000,0.00000,0.00000,0.00000,0.03146,0.02870,0.00870,0.03959,0.01422,0.16129,0.07233,0.01834,0.12885,0.00255
0.00000,0.00000,0.00000,0.00000,0.00000,0.00000,0.00000,0.00000,0.00000,0.00000,0.01230,0.07036,0.35193,0.01883,0.00001,0.02370,0.01862,0.21281,0.04358,0.00275,0.02603,0.11419,0.00000,0.10306,0.00183
0.00000,0.00000,0.00000,0.00000,0.00000,0.02082,0.00501,0.13750,0.22012,0.00002,0.00000,0.00000,0.00000,0.00000,0.00000,0.00898,0.27333,0.07823,0.01437,0.00000,0.02350,0.02417,0.00752,0.18644,0.00000
0.00000,0.00000,0.00000,0.00000,0.00000,0.02067,0.12006,0.04572,0.19105,0.00002,0.00000,0.00000,0.00000,0.00000,0.00000,0.09543,0.10436,0.00921,0.03167,0.00008,0.03875,0.11423,0.08629,0.14246,0.00000
