0.05376,0.00530,0.02021,0.00938,0.00915,0.48751,0.01452,0.03850,0.01566,0.01842,0.00879,0.06147,0.01284,0.01559,0.03714,0.06808,0.01802,0.08169,0.01504,0.00893
0.01517,0.02591,0.02665,0.02258,0.01539,0.02766,0.02336,0.13181,0.03333,0.02706,0.03669,0.03001,0.27321,0.06354,0.03677,0.17249,0.00873,0.00857,0.01151,0.00956
0.00782,0.03026,0.01456,0.00899,0.01106,0.01713,0.02876,0.01887,0.02476,0.02484,0.28395,0.04363,0.03994,0.01086,0.24989,0.00735,0.00490,0.01201,0.00986,0.15056
0.01044,0.01651,0.01291,0.00958,0.01680,0.25081,0.01221,0.02574,0.02444,0.02862,0.00804,0.00389,0.38852,0.02585,0.01102,0.06389,0.05265,0.00457,0.02609,0.00743
0.06545,0.04172,0.01713,0.01350,0.04524,0.01073,0.07467,0.09805,0.18724,0.01598,0.00657,0.04189,0.02619,0.08972,0.01233,0.00976,0.00704,0.00842,0.00433,0.22404
0.00594,0.01554,0.10796,0.02490,0.08049,0.01829,0.17314,0.01400,0.00405,0.23150,0.12298,0.01493,0.02717,0.00257,0.01102,0.00752,0.00329,0.00781,0.00426,0.12267
0.05009,0.00988,0.02021,0.10160,0.00944,0.34966,0.01274,0.01959,0.08676,0.01022,0.12831,0.00762,0.00399,0.02351,0.02053,0.00925,0.01776,0.05635,0.05161,0.01091
0.14232,0.02422,0.01007,0.01791,0.01624,0.01884,0.02134,0.10240,0.05161,0.02898,0.00779,0.01414,0.03359,0.03904,0.00445,0.01341,0.40985,0.01415,0.02030,0.00935
0.03353,0.04508,0.09264,0.04731,0.03963,0.01269,0.06022,0.13910,0.01263,0.01492,0.01621,0.04868,0.00731,0.19518,0.03554,0.01000,0.00802,0.00697,0.07140,0.10296
0.00907,0.04743,0.00924,0.17315,0.32701,0.01764,0.02494,0.13679,0.01251,0.02572,0.00869,0.00659,0.01052,0.04505,0.00815,0.01049,0.04973,0.01433,0.01282,0.05013
0.00683,0.00984,0.02069,0.18270,0.43371,0.02164,0.01148,0.11177,0.00960,0.07417,0.01151,0.01089,0.00652,0.01168,0.01803,0.00757,0.01105,0.02288,0.00468,0.01277
0.04919,0.00835,0.01674,0.18213,0.01161,0.12086,0.00777,0.00934,0.09363,0.01506,0.26524,0.00698,0.00570,0.00804,0.00891,0.01345,0.01135,0.06858,0.07425,0.02283
0.23470,0.00538,0.01845,0.01080,0.00681,0.01121,0.00390,0.02201,0.01510,0.10056,0.00863,0.01644,0.00738,0.21759,0.02042,0.00594,0.27758,0.00740,0.00318,0.00651
0.03228,0.05291,0.13845,0.01138,0.05105,0.01420,0.24927,0.02653,0.00685,0.09923,0.14434,0.02262,0.03826,0.00415,0.02529,0.01251,0.00986,0.01674,0.01548,0.02862
0.00781,0.03855,0.00754,0.01341,0.01002,0.01131,0.37171,0.02769,0.01939,0.00480,0.01403,0.01044,0.00685,0.33928,0.01941,0.00671,0.00539,0.00804,0.01477,0.06286
0.00848,0.00782,0.24268,0.01486,0.01216,0.04211,0.19242,0.02091,0.00550,0.08164,0.24296,0.01265,0.01666,0.01066,0.02007,0.01179,0.01047,0.01324,0.00349,0.02944
0.03244,0.01715,0.14098,0.03729,0.02248,0.05158,0.00437,0.02712,0.01692,0.00615,0.00497,0.00700,0.00539,0.05982,0.50863,0.01035,0.02756,0.00892,0.00590,0.00499
0.01469,0.03725,0.01783,0.02644,0.01905,0.05256,0.01112,0.11753,0.05677,0.01881,0.01234,0.00799,0.14466,0.02291,0.04902,0.29712,0.02982,0.02934,0.02323,0.01152
0.00896,0.01527,0.01675,0.02159,0.01019,0.06185,0.01219,0.01080,0.06382,0.01990,0.04377,0.01565,0.00705,0.01357,0.04074,0.00536,0.01146,0.34632,0.23740,0.03738
0.01250,0.06051,0.00626,0.00649,0.04426,0.00653,0.30082,0.04569,0.01594,0.00921,0.00622,0.02631,0.01167,0.38470,0.00766,0.00721,0.00246,0.00614,0.00488,0.03451
0.07358,0.02473,0.01497,0.01063,0.02322,0.01161,0.00904,0.01321,0.01473,0.17593,0.01594,0.01207,0.01287,0.03700,0.01809,0.01527,0.48702,0.00841,0.00451,0.01716
0.02687,0.03538,0.02481,0.04218,0.06131,0.32901,0.03701,0.01138,0.01032,0.01499,0.04354,0.04392,0.06153,0.01668,0.02259,0.03032,0.04907,0.10309,0.02386,0.01213
0.04771,0.01629,0.02195,0.03126,0.02133,0.16530,0.02064,0.03671,0.00930,0.01588,0.02762,0.04919,0.21015,0.07911,0.01883,0.16875,0.03187,0.01265,0.00550,0.00995
0.01399,0.00589,0.01889,0.05270,0.01511,0.34533,0.02025,0.00969,0.01338,0.02440,0.18128,0.03736,0.01658,0.02341,0.01480,0.01234,0.01868,0.07384,0.07264,0.02941
0.02162,0.00480,0.07047,0.18837,0.00833,0.19344,0.01884,0.01603,0.00906,0.06540,0.28921,0.00697,0.00715,0.00442,0.00805,0.00879,0.00941,0.02695,0.03023,0.01247
0.00777,0.04278,0.05611,0.12850,0.33981,0.03412,0.02085,0.04571,0.04107,0.02645,0.01898,0.00720,0.00640,0.04978,0.04263,0.00720,0.00874,0.07308,0.01831,0.02451
0.01076,0.01102,0.08356,0.15485,0.38826,0.05840,0.02161,0.03038,0.01148,0.03845,0.01328,0.00516,0.00699,0.06181,0.01474,0.00365,0.03357,0.02613,0.01638,0.00952
0.00653,0.01652,0.41533,0.18046,0.01426,0.07955,0.00435,0.01915,0.01325,0.00538,0.00407,0.00514,0.01719,0.00962,0.07605,0.08909,0.00680,0.01861,0.01562,0.00303
0.01212,0.11543,0.01988,0.08916,0.43682,0.01944,0.02132,0.02845,0.02958,0.04386,0.00933,0.01328,0.05323,0.01230,0.01567,0.00672,0.02024,0.00804,0.02842,0.01672
0.00659,0.00513,0.07524,0.02401,0.01036,0.01497,0.18001,0.01629,0.00454,0.15931,0.31498,0.01729,0.02060,0.00750,0.05575,0.01267,0.00465,0.01750,0.00635,0.04623
0.01077,0.01922,0.03727,0.02173,0.01454,0.01925,0.00836,0.00649,0.01189,0.01853,0.02107,0.01535,0.02923,0.12550,0.03507,0.00866,0.55923,0.00723,0.00341,0.02721
0.25673,0.01085,0.04264,0.02001,0.04538,0.02718,0.01255,0.04640,0.02127,0.05016,0.01920,0.01605,0.01014,0.05301,0.02453,0.00460,0.29289,0.02873,0.00889,0.00879
0.01278,0.00957,0.01071,0.00600,0.00793,0.07224,0.01913,0.01525,0.03057,0.03155,0.01194,0.00629,0.30182,0.02633,0.01263,0.33842,0.00853,0.04282,0.02867,0.00680
0.00721,0.00460,0.01783,0.23221,0.52622,0.00443,0.00493,0.06296,0.01174,0.00987,0.00794,0.00912,0.00387,0.00993,0.01081,0.00329,0.05609,0.00494,0.00693,0.00508
0.01137,0.03334,0.00817,0.02349,0.02051,0.02633,0.01194,0.04430,0.00916,0.02957,0.00763,0.00518,0.35932,0.13616,0.00655,0.20486,0.03633,0.00717,0.00782,0.01081
0.02683,0.01395,0.35658,0.03648,0.02117,0.03168,0.00672,0.02073,0.01051,0.01130,0.00710,0.00461,0.00578,0.00988,0.30205,0.03809,0.01659,0.02481,0.04765,0.00748
0.06485,0.02246,0.16741,0.02408,0.01136,0.01335,0.01468,0.09506,0.01835,0.02020,0.00659,0.00617,0.00554,0.00993,0.23480,0.01103,0.00814,0.01845,0.22046,0.02710
0.01235,0.00424,0.00960,0.19773,0.00665,0.17986,0.00767,0.02382,0.02156,0.06648,0.20636,0.02428,0.01307,0.01307,0.00736,0.01615,0.01759,0.13053,0.00795,0.03368
0.30770,0.02551,0.05209,0.02339,0.01051,0.02392,0.00550,0.03639,0.00770,0.04537,0.00756,0.07023,0.02225,0.11058,0.01364,0.00539,0.20167,0.00899,0.00236,0.01926
0.01367,0.02028,0.32558,0.10604,0.01776,0.05253,0.01032,0.07483,0.02225,0.01943,0.00962,0.01878,0.00813,0.02351,0.23315,0.00483,0.00679,0.01668,0.00785,0.00797
0.02174,0.00575,0.23385,0.02485,0.00536,0.04078,0.04138,0.02985,0.01699,0.27717,0.01048,0.03485,0.00837,0.00508,0.00656,0.03093,0.00805,0.05427,0.00950,0.13419
0.02868,0.03464,0.01221,0.01221,0.00651,0.04395,0.00744,0.01914,0.01787,0.01546,0.01984,0.01320,0.06131,0.02898,0.01581,0.01788,0.60801,0.01759,0.00616,0.01311
0.03159,0.07696,0.02561,0.00653,0.00826,0.03715,0.02332,0.23309,0.04881,0.12486,0.00858,0.04418,0.09922,0.02110,0.02927,0.10534,0.00960,0.02557,0.03204,0.00891
0.01397,0.00604,0.01943,0.29315,0.00635,0.27360,0.01074,0.01281,0.01676,0.01467,0.21608,0.01310,0.00368,0.00923,0.00709,0.00386,0.01447,0.03941,0.01168,0.01389
0.05708,0.09907,0.04237,0.00821,0.01301,0.03839,0.08302,0.04810,0.02246,0.05298,0.08601,0.02751,0.01746,0.15756,0.01237,0.00818,0.18729,0.01065,0.01543,0.01285
0.01725,0.00760,0.03291,0.02752,0.11188,0.35261,0.02183,0.01402,0.01831,0.01520,0.27937,0.00471,0.00519,0.00951,0.01538,0.00697,0.00849,0.02034,0.01656,0.01435
0.02207,0.03361,0.10746,0.02844,0.01438,0.04517,0.06369,0.03178,0.04522,0.01410,0.04007,0.02364,0.05404,0.03185,0.10697,0.04972,0.02657,0.01289,0.08452,0.16381
0.01903,0.01335,0.09399,0.01827,0.40977,0.02534,0.03483,0.06597,0.02280,0.07092,0.00914,0.02502,0.01361,0.07803,0.01055,0.01017,0.01986,0.03105,0.01704,0.01126
0.01531,0.00712,0.02679,0.23315,0.02055,0.09462,0.02801,0.02601,0.02627,0.01331,0.24953,0.01328,0.00781,0.01161,0.01311,0.00901,0.01009,0.17489,0.01160,0.00793
0.00583,0.00658,0.08150,0.00807,0.08953,0.01463,0.08298,0.03125,0.00673,0.07929,0.30379,0.05969,0.00632,0.00654,0.09984,0.00409,0.00442,0.01626,0.00480,0.08785
0.01734,0.01002,0.00778,0.00398,0.02267,0.13627,0.00841,0.22284,0.01763,0.08473,0.00785,0.27098,0.03786,0.02196,0.01188,0.04083,0.02089,0.01352,0.03077,0.01179
0.01990,0.16470,0.23851,0.06060,0.03981,0.01323,0.00523,0.01820,0.01616,0.00966,0.00688,0.01942,0.01169,0.02339,0.29186,0.00850,0.01020,0.00903,0.01826,0.01478
0.02072,0.00880,0.17218,0.02777,0.02186,0.01919,0.01746,0.01015,0.01622,0.03205,0.01658,0.41554,0.06456,0.01359,0.05091,0.00409,0.02370,0.01504,0.02277,0.02681
0.13183,0.06446,0.05004,0.01520,0.03128,0.02008,0.02645,0.06784,0.06335,0.04192,0.01064,0.01059,0.01398,0.02951,0.01487,0.02343,0.34113,0.01287,0.01226,0.01827
0.01074,0.19590,0.01122,0.01100,0.00549,0.06443,0.19453,0.27620,0.03971,0.00986,0.00646,0.00859,0.00883,0.09219,0.00930,0.00851,0.01036,0.01624,0.01062,0.00983
0.01341,0.29931,0.02658,0.01851,0.00627,0.01315,0.03713,0.20407,0.13088,0.00683,0.01587,0.00894,0.00705,0.14168,0.02697,0.00785,0.00768,0.00658,0.00856,0.01269
0.02237,0.00645,0.01447,0.03420,0.00795,0.34901,0.00848,0.03350,0.05535,0.02120,0.13131,0.02057,0.01545,0.01464,0.02670,0.02081,0.06625,0.08607,0.05151,0.01369
0.02673,0.00661,0.06623,0.04639,0.00981,0.24963,0.03716,0.02768,0.04504,0.02962,0.06716,0.03324,0.01210,0.00713,0.02249,0.01616,0.01137,0.10959,0.15687,0.01900
0.00780,0.27496,0.00763,0.01747,0.00583,0.03775,0.29770,0.08020,0.05036,0.00460,0.01293,0.00522,0.00500,0.14531,0.00888,0.00613,0.00395,0.01411,0.00599,0.00817
0.03368,0.01166,0.04465,0.02171,0.03973,0.01383,0.00808,0.00997,0.01667,0.03782,0.02426,0.01720,0.04428,0.09895,0.05673,0.00955,0.47890,0.01468,0.00488,0.01276
0.02370,0.00714,0.04459,0.21934,0.00809,0.14305,0.01379,0.00832,0.08692,0.01216,0.05824,0.00943,0.00420,0.02911,0.02811,0.00429,0.00755,0.04842,0.22639,0.01716
0.00805,0.01823,0.01743,0.06111,0.03161,0.02388,0.01213,0.16665,0.01974,0.10410,0.01808,0.00626,0.20943,0.01304,0.01141,0.24440,0.00768,0.00645,0.01304,0.00725
0.06458,0.01077,0.03580,0.00897,0.00947,0.00811,0.00908,0.01207,0.00744,0.01493,0.00972,0.01815,0.01198,0.22424,0.01548,0.02240,0.48987,0.00725,0.00309,0.01661
0.01229,0.19980,0.00453,0.00665,0.00726,0.01700,0.20578,0.21128,0.24031,0.00545,0.00449,0.00539,0.00352,0.03470,0.00578,0.00421,0.00386,0.01030,0.00775,0.00966
0.06653,0.22601,0.01038,0.03405,0.00582,0.10115,0.00517,0.04976,0.04046,0.19415,0.01329,0.01743,0.02314,0.00800,0.03592,0.01026,0.06305,0.06059,0.01825,0.01657
0.26606,0.01446,0.05011,0.17391,0.01410,0.01658,0.02840,0.01433,0.00879,0.01112,0.02276,0.00727,0.01209,0.01016,0.01004,0.25627,0.00769,0.03027,0.02510,0.02048
0.02825,0.04835,0.15137,0.01592,0.00743,0.01556,0.01281,0.02976,0.05654,0.01035,0.00591,0.02318,0.00710,0.13824,0.25143,0.01099,0.02006,0.00991,0.12745,0.02940
0.09738,0.03585,0.01157,0.01522,0.02683,0.03862,0.01308,0.03441,0.01418,0.06596,0.03652,0.16022,0.00744,0.06532,0.01999,0.00672,0.32383,0.01512,0.00485,0.00688
0.34208,0.01678,0.03017,0.02253,0.01085,0.01295,0.04056,0.02513,0.05518,0.03124,0.02378,0.03541,0.10434,0.03172,0.01705,0.14970,0.00822,0.00509,0.01053,0.02668
0.02175,0.00534,0.05995,0.01215,0.01451,0.26025,0.01216,0.01498,0.08787,0.09739,0.02344,0.01172,0.00488,0.00621,0.02241,0.00455,0.00685,0.22922,0.09191,0.01248
0.01032,0.06298,0.02280,0.01470,0.41005,0.11189,0.01399,0.04051,0.02151,0.01662,0.01247,0.01163,0.01955,0.02137,0.03675,0.03390,0.00974,0.04907,0.00506,0.07510
0.09837,0.01271,0.21091,0.12333,0.02526,0.01098,0.00908,0.14323,0.03231,0.01048,0.01519,0.01818,0.00906,0.01797,0.22634,0.00957,0.00832,0.00577,0.00761,0.00532
0.00794,0.01866,0.07530,0.01063,0.01724,0.02542,0.01282,0.10397,0.06670,0.03406,0.00760,0.01024,0.30324,0.00995,0.02599,0.22697,0.01233,0.00632,0.01591,0.00870
0.02228,0.01661,0.35717,0.01745,0.04814,0.00797,0.00826,0.10646,0.04836,0.00995,0.00544,0.02392,0.02601,0.01046,0.24244,0.00885,0.00801,0.00680,0.01995,0.00548
0.02502,0.04325,0.22268,0.15769,0.00749,0.02937,0.00453,0.02143,0.01236,0.01232,0.00837,0.01008,0.02109,0.02079,0.33285,0.00870,0.03744,0.00958,0.00802,0.00694
0.02861,0.06218,0.01882,0.04988,0.32299,0.01828,0.00775,0.28275,0.05778,0.01522,0.03595,0.00825,0.00862,0.01341,0.02400,0.01297,0.00745,0.00741,0.00639,0.01129
0.05358,0.02442,0.35500,0.03866,0.02981,0.01740,0.00445,0.05178,0.00825,0.01249,0.00608,0.01049,0.01107,0.00816,0.25308,0.06182,0.02256,0.00832,0.01602,0.00655
0.04825,0.01225,0.01722,0.02340,0.00725,0.01802,0.00496,0.00861,0.00884,0.03461,0.01137,0.00937,0.01713,0.34192,0.01365,0.02885,0.36244,0.00799,0.00326,0.02062
0.02196,0.01406,0.22845,0.00749,0.07160,0.00761,0.17549,0.02679,0.01176,0.04936,0.17760,0.02659,0.02158,0.00453,0.03890,0.05788,0.00405,0.00745,0.00797,0.03887
0.00638,0.00784,0.06778,0.00618,0.02121,0.00988,0.13431,0.01388,0.01161,0.21148,0.32482,0.04322,0.03066,0.00562,0.02730,0.00768,0.00407,0.01209,0.00741,0.04658
0.03874,0.20054,0.01333,0.01835,0.02469,0.01028,0.16391,0.04568,0.04593,0.00851,0.01540,0.01362,0.02353,0.20524,0.01442,0.11509,0.00583,0.01073,0.01016,0.01602
0.00983,0.00763,0.01686,0.05435,0.45146,0.01862,0.01226,0.02487,0.01377,0.03278,0.03098,0.04475,0.10257,0.01614,0.02731,0.02071,0.05058,0.02423,0.01550,0.02480
0.02250,0.02619,0.40958,0.01703,0.02668,0.01347,0.00641,0.04838,0.06117,0.00844,0.00386,0.02103,0.07015,0.03055,0.05935,0.02784,0.01702,0.01634,0.10597,0.00804
0.00857,0.00716,0.10271,0.02855,0.48563,0.00847,0.01723,0.04081,0.01483,0.01843,0.02645,0.01716,0.00823,0.02817,0.04240,0.00749,0.06093,0.00484,0.00664,0.06530
0.01115,0.02525,0.00699,0.00962,0.02933,0.04032,0.01862,0.02081,0.01526,0.01754,0.00910,0.00440,0.39023,0.07369,0.00879,0.22975,0.01402,0.00869,0.05724,0.00922
0.01308,0.00480,0.01355,0.03710,0.00850,0.51344,0.01164,0.02236,0.00668,0.01187,0.21847,0.01021,0.00820,0.00637,0.01898,0.00982,0.01192,0.05877,0.00628,0.00797
0.01007,0.01710,0.04057,0.00705,0.53553,0.04542,0.05291,0.01741,0.05864,0.01806,0.01076,0.05246,0.01912,0.01854,0.01435,0.02905,0.00523,0.02411,0.00612,0.01749
0.01833,0.24810,0.03464,0.03292,0.03631,0.01992,0.02387,0.12424,0.03415,0.00879,0.01940,0.05462,0.05707,0.02044,0.03382,0.15426,0.00897,0.01118,0.00819,0.05077
0.01365,0.00900,0.47663,0.05438,0.05627,0.01463,0.00636,0.03626,0.01076,0.00646,0.00756,0.00884,0.00495,0.00970,0.24501,0.00563,0.00667,0.00918,0.01203,0.00601
0.05072,0.00689,0.03154,0.12998,0.00863,0.40887,0.02114,0.02659,0.03536,0.02077,0.07171,0.01613,0.00598,0.00661,0.02370,0.00551,0.00577,0.08033,0.01503,0.02874
0.00974,0.01335,0.19829,0.00842,0.02474,0.03044,0.37390,0.01088,0.01043,0.04700,0.09580,0.02781,0.01070,0.00710,0.05896,0.00690,0.00834,0.02884,0.00814,0.02023
0.01364,0.01758,0.01539,0.01343,0.07764,0.03566,0.01403,0.08301,0.05301,0.07685,0.00715,0.02617,0.33616,0.02910,0.00970,0.08897,0.01969,0.03608,0.03356,0.01315
0.10906,0.01106,0.01193,0.01335,0.01270,0.00806,0.00995,0.01710,0.01701,0.01717,0.01212,0.02589,0.08427,0.20234,0.01382,0.02542,0.38802,0.00470,0.00748,0.00856
0.07300,0.00919,0.04098,0.12423,0.00819,0.20955,0.01136,0.01183,0.01860,0.01006,0.09387,0.05462,0.00886,0.01351,0.07785,0.00866,0.02723,0.12025,0.06346,0.01470
0.02340,0.01549,0.31833,0.06095,0.00704,0.07196,0.00495,0.01044,0.03127,0.01342,0.00652,0.01147,0.01252,0.01403,0.33167,0.00854,0.01864,0.01373,0.02094,0.00468
0.00796,0.00690,0.08608,0.00369,0.01675,0.00603,0.32246,0.00669,0.00581,0.05321,0.25497,0.01937,0.02452,0.00749,0.08014,0.00543,0.00972,0.00587,0.00565,0.07123
0.01628,0.01438,0.07320,0.05313,0.29340,0.08298,0.05430,0.15974,0.06344,0.02841,0.01097,0.01165,0.01100,0.01531,0.02072,0.03045,0.00722,0.03543,0.00796,0.01005
0.35344,0.02641,0.03287,0.03601,0.02441,0.03772,0.00902,0.03776,0.04157,0.03548,0.01766,0.00946,0.00900,0.21103,0.01163,0.00573,0.05054,0.01812,0.01509,0.01704
0.04175,0.06594,0.04292,0.03266,0.07921,0.04580,0.16555,0.08764,0.03566,0.01805,0.03009,0.03751,0.01397,0.10615,0.04329,0.02272,0.02321,0.03585,0.01920,0.05284
0.00791,0.27312,0.01162,0.00383,0.01586,0.02094,0.09491,0.26990,0.23948,0.00734,0.00494,0.00791,0.00672,0.00662,0.00513,0.00446,0.00253,0.00570,0.00311,0.00797
