0.00808,0.10505,0.05261,0.03648,0.10434,0.02805,0.15998,0.02760,0.03683,0.00608,0.10133,0.01728,0.00947,0.13799,0.06953,0.00314,0.00421,0.00865,0.00458,0.07872
0.02004,0.04076,0.09603,0.02812,0.01013,0.04250,0.01886,0.04186,0.01117,0.07720,0.22589,0.00868,0.01089,0.01091,0.21881,0.00887,0.00627,0.05782,0.00508,0.06011
0.02434,0.01020,0.07267,0.03856,0.46572,0.03175,0.01289,0.02044,0.01101,0.01292,0.04355,0.02967,0.03241,0.00947,0.03879,0.01386,0.01722,0.06379,0.04285,0.00788
0.02897,0.06680,0.23406,0.06789,0.01976,0.01307,0.03526,0.06544,0.01423,0.03032,0.01915,0.02510,0.03130,0.03079,0.20391,0.01084,0.02978,0.01308,0.00898,0.05126
0.01384,0.03346,0.25937,0.05502,0.01871,0.03406,0.03066,0.07113,0.01693,0.01604,0.02696,0.02157,0.02368,0.01802,0.27426,0.02120,0.00963,0.01692,0.01047,0.02805
0.02415,0.05691,0.06444,0.04917,0.01258,0.03903,0.01597,0.05130,0.03379,0.03189,0.02571,0.00959,0.22405,0.00735,0.07247,0.24199,0.00446,0.01164,0.01036,0.01318
0.01391,0.01695,0.25997,0.04562,0.03993,0.02792,0.02548,0.07457,0.02349,0.02353,0.05597,0.04218,0.02602,0.00627,0.27310,0.01041,0.00341,0.01285,0.00624,0.01219
0.03921,0.01349,0.01751,0.13270,0.29447,0.01032,0.05652,0.14485,0.03081,0.03538,0.03678,0.03043,0.01262,0.07665,0.00931,0.00717,0.01810,0.00586,0.01165,0.01616
0.03868,0.01325,0.06120,0.08034,0.01951,0.11274,0.01426,0.06058,0.08098,0.04192,0.05676,0.02564,0.01217,0.06751,0.04964,0.01794,0.06226,0.12461,0.03447,0.02553
0.00706,0.03443,0.29351,0.02224,0.06686,0.01903,0.03398,0.05704,0.02913,0.01120,0.03591,0.03961,0.00685,0.00941,0.28525,0.00426,0.00367,0.01133,0.00518,0.02406
0.03857,0.03286,0.10160,0.01711,0.02094,0.01042,0.09996,0.03262,0.04618,0.12629,0.14051,0.02899,0.01977,0.01443,0.07612,0.01084,0.04485,0.01044,0.03122,0.09626
0.01116,0.05345,0.32927,0.04141,0.00960,0.09080,0.00866,0.00749,0.00835,0.00625,0.00437,0.00983,0.01172,0.01056,0.32300,0.01065,0.00535,0.03154,0.01098,0.01557
0.02694,0.03788,0.01034,0.06525,0.03117,0.20301,0.01836,0.04012,0.02848,0.04871,0.03500,0.03364,0.03665,0.01560,0.02851,0.03910,0.01005,0.20448,0.02602,0.06069
0.04928,0.01963,0.02326,0.09325,0.06616,0.01423,0.03188,0.12037,0.01742,0.02473,0.01681,0.04794,0.16860,0.01813,0.01422,0.19745,0.01207,0.01234,0.01198,0.04026
0.31882,0.04579,0.03604,0.02146,0.03060,0.01196,0.03175,0.02638,0.02258,0.00731,0.01557,0.00927,0.00966,0.01257,0.01658,0.27875,0.02108,0.01646,0.04463,0.02274
0.01605,0.00521,0.31125,0.02259,0.01642,0.03036,0.30213,0.06166,0.01552,0.01721,0.00997,0.07372,0.02213,0.00905,0.00981,0.00891,0.01158,0.03017,0.01514,0.01111
0.01380,0.02483,0.02638,0.13865,0.49651,0.00962,0.01553,0.13557,0.03741,0.00841,0.01065,0.00813,0.00837,0.01155,0.01539,0.00985,0.00595,0.00417,0.00744,0.01176
0.01592,0.03090,0.03454,0.03561,0.01765,0.03410,0.02442,0.03253,0.25059,0.03007,0.06469,0.02815,0.01231,0.02478,0.02910,0.00639,0.01281,0.04037,0.24078,0.03432
0.01344,0.04338,0.03134,0.23498,0.03470,0.10839,0.00843,0.01631,0.05862,0.01554,0.21826,0.01631,0.02129,0.01623,0.03413,0.01846,0.01690,0.03243,0.02984,0.03102
0.04785,0.03551,0.03669,0.00714,0.02684,0.01463,0.16439,0.17808,0.13569,0.02868,0.01020,0.08224,0.00909,0.13405,0.01601,0.00810,0.00871,0.02075,0.00776,0.02760
0.04031,0.00861,0.01872,0.08294,0.03841,0.09414,0.02404,0.03769,0.19326,0.03416,0.06761,0.02230,0.02007,0.01512,0.00595,0.00934,0.01776,0.07999,0.17734,0.01223
0.03348,0.03720,0.28434,0.02988,0.02216,0.02863,0.02273,0.02952,0.02023,0.02276,0.03022,0.02593,0.02348,0.01269,0.28832,0.02907,0.01180,0.01083,0.02107,0.01569
0.00387,0.12912,0.07318,0.05592,0.32052,0.13389,0.05701,0.03379,0.03692,0.02256,0.00760,0.00702,0.01167,0.01427,0.02747,0.00931,0.01588,0.00917,0.01134,0.01948
0.04197,0.01297,0.05108,0.05722,0.49233,0.01501,0.02308,0.03446,0.01029,0.05856,0.00896,0.00637,0.01220,0.02247,0.02136,0.00827,0.02149,0.01213,0.02675,0.06301
0.01115,0.02958,0.01637,0.02326,0.01136,0.04902,0.01754,0.17802,0.04998,0.00696,0.01503,0.19656,0.16167,0.00912,0.01133,0.13216,0.00548,0.05791,0.00457,0.01295
0.02314,0.06051,0.01597,0.22512,0.01113,0.16726,0.02259,0.01567,0.03638,0.03648,0.15197,0.01432,0.01391,0.02823,0.02429,0.01722,0.02578,0.07003,0.02362,0.01636
0.02450,0.02139,0.28166,0.02144,0.03093,0.04627,0.01743,0.01703,0.01903,0.02744,0.03967,0.01788,0.02138,0.03699,0.27651,0.01525,0.01756,0.02864,0.01452,0.02449
0.05093,0.25032,0.01612,0.01705,0.04634,0.09043,0.03109,0.02641,0.14751,0.01044,0.00876,0.00733,0.01260,0.02416,0.01170,0.02951,0.01834,0.02824,0.03858,0.13415
0.04575,0.01250,0.02590,0.03922,0.49616,0.02189,0.01177,0.07158,0.00990,0.03477,0.03195,0.04694,0.00862,0.02064,0.02503,0.00643,0.03316,0.03236,0.01160,0.01385
0.01419,0.11602,0.04442,0.01496,0.01202,0.01794,0.12530,0.12688,0.19209,0.00650,0.03668,0.02059,0.00960,0.09372,0.01776,0.00647,0.00726,0.00716,0.00466,0.12578
0.00983,0.02333,0.03343,0.04342,0.01915,0.06678,0.03549,0.02460,0.00996,0.02502,0.01207,0.01121,0.25606,0.04790,0.00633,0.25693,0.03638,0.05259,0.01423,0.01528
0.04432,0.03336,0.01188,0.11861,0.24881,0.01977,0.03138,0.20624,0.07688,0.01935,0.01860,0.05070,0.00235,0.02296,0.02262,0.01703,0.01467,0.01315,0.01966,0.00765
0.01204,0.02194,0.20762,0.01517,0.05462,0.01012,0.18983,0.01682,0.02815,0.13550,0.01195,0.03014,0.03859,0.02366,0.02187,0.00950,0.01464,0.00636,0.01370,0.13779
0.22399,0.01536,0.05261,0.02775,0.01866,0.02053,0.02185,0.06881,0.06365,0.18639,0.03474,0.03374,0.01286,0.10180,0.03318,0.00640,0.04988,0.01040,0.00801,0.00938
0.04804,0.01964,0.01480,0.01567,0.01809,0.02647,0.02264,0.10099,0.01209,0.03368,0.01789,0.16330,0.22965,0.02236,0.01937,0.18004,0.01444,0.01895,0.00844,0.01347
0.03526,0.05472,0.01731,0.12204,0.31752,0.05499,0.02123,0.10289,0.03114,0.03297,0.02774,0.01592,0.01567,0.01780,0.01105,0.01547,0.01229,0.03627,0.02516,0.03256
0.01233,0.01430,0.02694,0.14898,0.32690,0.02202,0.02779,0.18364,0.02869,0.02761,0.01302,0.01562,0.00640,0.02783,0.02855,0.00544,0.03210,0.01888,0.01626,0.01667
0.03250,0.04409,0.02632,0.03723,0.01905,0.03452,0.02800,0.01923,0.01445,0.02136,0.03280,0.01417,0.27641,0.01684,0.01535,0.28635,0.01335,0.02782,0.01642,0.02374
0.04034,0.01079,0.00755,0.01781,0.36282,0.00694,0.01458,0.18430,0.04817,0.02957,0.02931,0.13379,0.02577,0.01107,0.03432,0.01631,0.00948,0.00633,0.00457,0.00618
0.00851,0.00774,0.15414,0.03395,0.01888,0.00844,0.13941,0.02694,0.01094,0.04511,0.27985,0.02053,0.00984,0.00605,0.18457,0.01162,0.00545,0.00496,0.00539,0.01766
0.00984,0.01063,0.03610,0.07620,0.47380,0.02708,0.01180,0.04038,0.00457,0.03093,0.02549,0.01363,0.02658,0.01169,0.04439,0.00897,0.00350,0.08479,0.00554,0.05409
0.01419,0.01904,0.23843,0.03746,0.02508,0.01068,0.00912,0.08433,0.07051,0.01226,0.10759,0.01768,0.00833,0.00826,0.30072,0.01114,0.00261,0.00558,0.00846,0.00853
0.01650,0.03539,0.15808,0.01255,0.01221,0.06161,0.13187,0.01491,0.02343,0.09273,0.13568,0.02229,0.01838,0.02689,0.11475,0.00982,0.01333,0.02525,0.01364,0.06066
0.01947,0.02434,0.03910,0.00892,0.01862,0.11893,0.01218,0.01057,0.23250,0.02059,0.00386,0.01023,0.01684,0.01649,0.02625,0.01717,0.00932,0.14330,0.21350,0.03782
0.00707,0.03310,0.01769,0.02004,0.60071,0.03701,0.02117,0.01527,0.04673,0.03989,0.02937,0.00734,0.00889,0.00664,0.03063,0.00710,0.00738,0.01897,0.01841,0.02658
0.02939,0.21038,0.04088,0.01417,0.00639,0.02114,0.10022,0.01375,0.08423,0.01946,0.02517,0.00548,0.01941,0.13301,0.04192,0.00797,0.02741,0.00544,0.00890,0.18529
0.01669,0.01690,0.00920,0.02646,0.01044,0.01102,0.01157,0.08453,0.06124,0.05195,0.07260,0.02228,0.01166,0.17884,0.01078,0.00600,0.25166,0.00906,0.08592,0.05119
0.02227,0.01814,0.03241,0.02736,0.01722,0.01802,0.06063,0.02528,0.04751,0.01757,0.02387,0.00761,0.23497,0.05851,0.02072,0.25984,0.02680,0.00887,0.06332,0.00907
0.01423,0.00596,0.34820,0.01298,0.07831,0.00869,0.01050,0.01899,0.03217,0.01008,0.00908,0.00863,0.00782,0.01465,0.37004,0.00961,0.00541,0.01060,0.01400,0.01007
0.04096,0.07202,0.03097,0.03891,0.01326,0.01843,0.02519,0.05363,0.02989,0.04185,0.05053,0.02053,0.01563,0.17403,0.03463,0.03760,0.21389,0.00873,0.02423,0.05506
0.03202,0.01511,0.03902,0.07720,0.38233,0.01559,0.03559,0.08560,0.00649,0.02251,0.06969,0.02998,0.02258,0.01542,0.03592,0.05073,0.01694,0.01443,0.01252,0.02033
0.06549,0.01641,0.21698,0.01950,0.01080,0.01582,0.21799,0.02219,0.01397,0.04584,0.03443,0.02158,0.02332,0.06583,0.02402,0.06848,0.05163,0.01060,0.01269,0.04242
0.01515,0.05826,0.26906,0.02838,0.02340,0.01585,0.26230,0.04470,0.01857,0.05367,0.01716,0.01645,0.01837,0.02954,0.01565,0.01821,0.01564,0.00867,0.01315,0.05781
0.06681,0.01768,0.01272,0.05390,0.01455,0.01209,0.02521,0.05374,0.03162,0.03854,0.01974,0.25405,0.26331,0.03745,0.03498,0.01403,0.01591,0.00813,0.00573,0.01981
0.01022,0.05053,0.24565,0.01799,0.13812,0.01675,0.03970,0.03309,0.03248,0.02361,0.02361,0.02415,0.03615,0.01271,0.23327,0.00920,0.00994,0.01038,0.00657,0.02587
0.14816,0.01797,0.05548,0.01655,0.01215,0.01217,0.00997,0.01928,0.02163,0.11928,0.02660,0.01138,0.01186,0.21014,0.07306,0.01167,0.18915,0.00810,0.01619,0.00925
0.02552,0.01427,0.04083,0.05511,0.01563,0.20226,0.02872,0.02934,0.07676,0.07452,0.03290,0.02116,0.01748,0.01451,0.02418,0.01403,0.00815,0.19798,0.06516,0.04147
0.01453,0.25167,0.02961,0.01135,0.00794,0.03817,0.09626,0.01592,0.02022,0.01854,0.03289,0.03284,0.06473,0.09985,0.02445,0.03228,0.00866,0.01058,0.00494,0.18459
0.02641,0.02055,0.02730,0.22021,0.26954,0.01564,0.01783,0.21598,0.01271,0.01704,0.02085,0.00985,0.00872,0.02484,0.02824,0.02372,0.01079,0.00758,0.00468,0.01757
0.01816,0.02272,0.30877,0.01658,0.00869,0.02467,0.30693,0.01607,0.01435,0.06080,0.01964,0.00982,0.01615,0.02368,0.01422,0.00799,0.03212,0.00682,0.01036,0.06145
0.01058,0.05505,0.03411,0.21900,0.20134,0.03911,0.01100,0.18957,0.01303,0.03564,0.01162,0.00244,0.00792,0.01318,0.02349,0.00532,0.00800,0.05736,0.01123,0.05101
0.03641,0.02601,0.21635,0.06186,0.02338,0.01997,0.01278,0.05705,0.05311,0.04754,0.05262,0.02206,0.01304,0.01412,0.22288,0.01588,0.02455,0.00994,0.02705,0.04342
0.06474,0.01114,0.01226,0.02422,0.07952,0.22849,0.02252,0.02398,0.02124,0.02275,0.01374,0.04201,0.07343,0.01887,0.01362,0.04993,0.01233,0.23991,0.01007,0.01521
0.01936,0.04572,0.02554,0.12226,0.22241,0.06259,0.12783,0.09686,0.01025,0.02066,0.03970,0.00833,0.02248,0.07763,0.01374,0.01596,0.01473,0.03913,0.00501,0.00981
0.02416,0.01529,0.02483,0.01936,0.02111,0.02987,0.01319,0.03008,0.02464,0.02603,0.06086,0.09358,0.26764,0.01770,0.04523,0.20644,0.02813,0.01982,0.01615,0.01589
0.00602,0.04023,0.02553,0.05882,0.59881,0.05631,0.03361,0.00614,0.00827,0.02720,0.05262,0.00703,0.01467,0.00455,0.00928,0.00456,0.00629,0.00999,0.00382,0.02627
0.17092,0.01701,0.02740,0.01465,0.03667,0.02442,0.01168,0.05422,0.04644,0.16196,0.05024,0.03751,0.01326,0.06728,0.07105,0.01651,0.08092,0.04066,0.03126,0.02595
0.03357,0.09237,0.23278,0.02212,0.02820,0.03786,0.01884,0.03122,0.07399,0.03470,0.01724,0.02136,0.01885,0.01318,0.23730,0.00945,0.00915,0.01894,0.01335,0.03553
0.00750,0.03279,0.25275,0.00896,0.01128,0.01463,0.20549,0.01234,0.02818,0.06220,0.05421,0.02390,0.02593,0.04496,0.08389,0.00884,0.03552,0.01408,0.02449,0.04807
0.05046,0.02877,0.03490,0.01247,0.02777,0.04731,0.01745,0.03257,0.01156,0.06322,0.01267,0.01541,0.00708,0.30546,0.01615,0.00398,0.25581,0.02592,0.00655,0.02451
0.04122,0.01687,0.11532,0.00844,0.01193,0.03727,0.05800,0.01152,0.01594,0.17702,0.10949,0.03264,0.03383,0.01193,0.12258,0.00709,0.00440,0.01178,0.01218,0.16054
0.01525,0.02336,0.24838,0.03269,0.05188,0.04982,0.01860,0.02845,0.02470,0.03290,0.02274,0.01707,0.01190,0.02459,0.23790,0.01300,0.02003,0.06633,0.02240,0.03800
0.24426,0.06420,0.02667,0.02485,0.01145,0.02394,0.01862,0.01406,0.01554,0.24442,0.00786,0.01785,0.00894,0.10142,0.01332,0.01439,0.08613,0.00647,0.00835,0.04728
0.25156,0.03997,0.02716,0.06524,0.04087,0.01942,0.02033,0.03718,0.01717,0.26208,0.02225,0.01855,0.02587,0.03823,0.02818,0.01765,0.02504,0.01268,0.00430,0.02625
0.02184,0.01293,0.23440,0.08778,0.00582,0.01693,0.02491,0.15102,0.02989,0.01687,0.01413,0.06545,0.00642,0.01744,0.23630,0.01198,0.01004,0.01538,0.00824,0.01223
0.03980,0.04198,0.27390,0.03560,0.00774,0.02476,0.01220,0.01387,0.01249,0.03700,0.06406,0.01074,0.02789,0.03657,0.28429,0.02009,0.02312,0.01602,0.00672,0.01116
0.04124,0.01553,0.18686,0.02857,0.05957,0.01077,0.16372,0.01652,0.01800,0.05039,0.09970,0.06856,0.04886,0.02810,0.06823,0.00879,0.02731,0.00747,0.01552,0.03629
0.05493,0.02774,0.03811,0.04473,0.03498,0.01894,0.01545,0.06541,0.04806,0.06962,0.02832,0.05640,0.19117,0.01493,0.03581,0.19511,0.01004,0.00990,0.00723,0.03315
0.04749,0.12959,0.01174,0.01033,0.06051,0.01386,0.21701,0.02150,0.01198,0.02647,0.00786,0.02488,0.01214,0.20946,0.01505,0.01090,0.00903,0.04041,0.01102,0.10878
0.03398,0.03468,0.02324,0.04112,0.01609,0.01624,0.03757,0.03206,0.03287,0.00938,0.04861,0.02911,0.01888,0.27259,0.01763,0.02483,0.25268,0.01380,0.02561,0.01903
0.17974,0.01728,0.05990,0.03554,0.00388,0.03505,0.01208,0.03135,0.01432,0.23331,0.00543,0.02900,0.01384,0.10635,0.02878,0.00807,0.07313,0.02027,0.00908,0.08360
0.03371,0.02935,0.01602,0.06766,0.02413,0.03039,0.01447,0.10713,0.01403,0.03108,0.03640,0.14307,0.17845,0.03279,0.02409,0.14249,0.01308,0.01347,0.02434,0.02386
0.01807,0.14086,0.01892,0.02023,0.01416,0.00754,0.15829,0.08117,0.02607,0.01373,0.04516,0.04395,0.01884,0.13855,0.07629,0.01318,0.01762,0.01465,0.01170,0.12103
0.02397,0.27036,0.02817,0.06062,0.02802,0.05295,0.03807,0.02637,0.06260,0.04573,0.03990,0.00621,0.02340,0.01137,0.02691,0.01563,0.00695,0.01742,0.00625,0.20912
0.01781,0.01106,0.02689,0.01150,0.03624,0.01049,0.01924,0.01580,0.01829,0.01912,0.05841,0.00826,0.00831,0.32308,0.05643,0.00896,0.29426,0.01130,0.02900,0.01555
0.10375,0.04156,0.02322,0.01117,0.06087,0.01339,0.01809,0.02660,0.02091,0.05497,0.01396,0.01290,0.01447,0.11453,0.02081,0.01079,0.25049,0.00730,0.15087,0.02936
0.18591,0.03547,0.01265,0.06050,0.01049,0.03515,0.01505,0.08916,0.09269,0.15960,0.03967,0.01366,0.01796,0.07946,0.00586,0.00796,0.07550,0.01257,0.02386,0.02681
0.00992,0.14479,0.01797,0.01174,0.03432,0.06507,0.20355,0.00918,0.01611,0.02617,0.01273,0.01437,0.02074,0.19335,0.01228,0.01024,0.01598,0.05209,0.00801,0.12140
0.01469,0.03053,0.05403,0.01947,0.45525,0.01503,0.05090,0.07276,0.03657,0.02248,0.02623,0.02131,0.00934,0.01004,0.02183,0.00860,0.04947,0.01271,0.03705,0.03171
0.02791,0.00927,0.02636,0.01334,0.01145,0.01265,0.05481,0.10827,0.03326,0.03128,0.01464,0.06340,0.15405,0.04941,0.02299,0.17851,0.08027,0.01276,0.07738,0.01799
0.02286,0.01410,0.27853,0.01765,0.00433,0.02034,0.25720,0.02262,0.02039,0.10890,0.03422,0.00804,0.00649,0.01555,0.01695,0.01483,0.00382,0.01639,0.01868,0.09813
0.02194,0.01262,0.03422,0.08273,0.01796,0.01553,0.01691,0.08819,0.01227,0.02198,0.06898,0.02385,0.25447,0.00663,0.03963,0.24523,0.01168,0.01175,0.00497,0.00845
0.04861,0.03150,0.00929,0.03629,0.00718,0.02977,0.04078,0.06021,0.04305,0.06900,0.04322,0.05568,0.17204,0.09024,0.01883,0.14740,0.02932,0.01220,0.01603,0.03935
0.04018,0.00696,0.05658,0.02157,0.01297,0.00785,0.02443,0.01975,0.05884,0.03033,0.03581,0.01044,0.00981,0.29906,0.03851,0.01132,0.25948,0.01188,0.02817,0.01608
0.13770,0.07295,0.04826,0.01391,0.00619,0.04815,0.01688,0.01552,0.02476,0.12140,0.00892,0.02043,0.05031,0.16915,0.03759,0.01200,0.13617,0.02544,0.00757,0.02669
0.01393,0.07045,0.03000,0.11616,0.28686,0.06603,0.01964,0.07653,0.04928,0.02023,0.03306,0.01215,0.01000,0.02870,0.02197,0.00896,0.05802,0.00701,0.04540,0.02563
0.02146,0.00772,0.01569,0.11263,0.46468,0.00713,0.01229,0.16147,0.03685,0.02041,0.01398,0.02987,0.01622,0.01598,0.02008,0.01385,0.01342,0.00637,0.00394,0.00597
0.02088,0.03903,0.29714,0.00947,0.03168,0.02572,0.02470,0.02080,0.02423,0.04578,0.03335,0.00998,0.00867,0.01962,0.30017,0.01367,0.00774,0.00942,0.00908,0.04889
0.10650,0.01302,0.03903,0.01845,0.01519,0.00698,0.02861,0.05131,0.03167,0.09396,0.04346,0.05080,0.01900,0.20986,0.04638,0.00823,0.17822,0.00556,0.01502,0.01876
0.00814,0.03303,0.01420,0.02872,0.01105,0.01257,0.27773,0.09284,0.01954,0.02995,0.02505,0.03089,0.02209,0.26815,0.03375,0.00945,0.02592,0.01288,0.01366,0.03040
0.01594,0.02793,0.01540,0.27830,0.01715,0.12503,0.01749,0.06022,0.02224,0.01266,0.22550,0.01836,0.00645,0.01434,0.01871,0.00448,0.00686,0.06246,0.01466,0.03583
0.21344,0.03771,0.02475,0.01558,0.06293,0.03726,0.03046,0.00827,0.01963,0.04969,0.03803,0.02813,0.03976,0.03562,0.03461,0.20660,0.01681,0.03144,0.01923,0.05007
0.01397,0.00860,0.01446,0.02895,0.04402,0.02093,0.31530,0.02440,0.02351,0.01271,0.03782,0.01375,0.02230,0.30865,0.02447,0.01765,0.02538,0.01099,0.01688,0.01524
0.04289,0.00763,0.03606,0.08789,0.00532,0.18789,0.01049,0.09360,0.03463,0.06762,0.01434,0.02397,0.00547,0.01694,0.03059,0.05776,0.00841,0.18508,0.00776,0.07564
0.04710,0.02899,0.18893,0.01554,0.02503,0.01443,0.15621,0.05120,0.05205,0.10767,0.04948,0.01452,0.01577,0.01957,0.05252,0.03139,0.01696,0.01239,0.01786,0.08239
0.04108,0.05276,0.05235,0.02025,0.01626,0.03822,0.02899,0.01604,0.01724,0.01821,0.02918,0.01617,0.21717,0.04825,0.04952,0.21387,0.04974,0.01159,0.04888,0.01422
0.04756,0.01995,0.02759,0.05995,0.01569,0.01377,0.02816,0.11450,0.05139,0.04783,0.07923,0.03235,0.00585,0.19595,0.03374,0.00347,0.18984,0.00697,0.01679,0.00942
0.02864,0.01163,0.26509,0.03563,0.01509,0.02229,0.23087,0.10626,0.01607,0.02227,0.01578,0.03904,0.00619,0.02731,0.01019,0.00968,0.01134,0.09429,0.01806,0.01429
0.02314,0.03328,0.28515,0.01895,0.01378,0.05191,0.01811,0.02033,0.01324,0.04670,0.01344,0.01917,0.02024,0.03794,0.27674,0.00636,0.02307,0.01228,0.01462,0.05155
0.01606,0.02870,0.25891,0.06120,0.03516,0.04469,0.27427,0.03024,0.01355,0.01688,0.05042,0.02148,0.02801,0.01428,0.05097,0.01353,0.00572,0.01202,0.00712,0.01683
0.02916,0.01728,0.02378,0.15801,0.32622,0.01555,0.02012,0.16840,0.04260,0.02100,0.01016,0.04384,0.02107,0.01323,0.01288,0.01121,0.01629,0.00431,0.01483,0.03008
0.01911,0.01744,0.06339,0.10536,0.38771,0.02301,0.01285,0.05170,0.02087,0.03312,0.05440,0.01129,0.01778,0.02039,0.07627,0.02596,0.01933,0.01339,0.00815,0.01848
0.18975,0.06148,0.05474,0.01719,0.07304,0.05172,0.03506,0.05077,0.05933,0.03988,0.03014,0.02521,0.01660,0.03299,0.03309,0.14712,0.01714,0.02687,0.01489,0.02299
0.06586,0.01880,0.02429,0.01658,0.02089,0.03381,0.01629,0.01729,0.01701,0.03597,0.03291,0.02870,0.04658,0.28118,0.02274,0.04257,0.23247,0.01993,0.01211,0.01403
0.03155,0.02477,0.05830,0.14174,0.23294,0.06991,0.04222,0.11097,0.00817,0.01000,0.02955,0.02389,0.02036,0.02795,0.00979,0.04083,0.01792,0.07827,0.00961,0.01126
0.01671,0.04482,0.05259,0.03762,0.03775,0.01712,0.06264,0.01837,0.01955,0.01492,0.04341,0.00674,0.22013,0.03297,0.02109,0.23359,0.03850,0.00768,0.02761,0.04618
0.12191,0.01984,0.03580,0.03066,0.01594,0.02604,0.02229,0.01810,0.01157,0.10095,0.02993,0.01001,0.01214,0.25947,0.02545,0.00803,0.22172,0.01230,0.00661,0.01127
0.00588,0.01574,0.29924,0.06609,0.00690,0.03254,0.25914,0.04226,0.01978,0.00975,0.05075,0.01520,0.00607,0.01094,0.05085,0.00803,0.00674,0.07615,0.00607,0.01189
0.01526,0.01306,0.01915,0.23754,0.20520,0.02883,0.03781,0.24997,0.00920,0.00993,0.01350,0.01288,0.01769,0.04511,0.01807,0.01137,0.01069,0.03142,0.00629,0.00706
0.01640,0.05485,0.04138,0.01199,0.57173,0.05072,0.03124,0.03556,0.01495,0.01872,0.02628,0.02290,0.01069,0.01628,0.02186,0.00570,0.00432,0.01793,0.01141,0.01510
0.04516,0.08893,0.04961,0.04003,0.01048,0.14529,0.01142,0.06817,0.04879,0.02092,0.01724,0.07812,0.11691,0.01275,0.05052,0.11649,0.01140,0.02302,0.02537,0.01938
0.01387,0.01034,0.08162,0.07870,0.29508,0.06308,0.08683,0.12111,0.01781,0.01117,0.00771,0.02729,0.00806,0.00893,0.01520,0.00614,0.01720,0.09089,0.02911,0.00988
0.16854,0.01316,0.01908,0.02613,0.01374,0.01434,0.01243,0.05863,0.02690,0.10902,0.05074,0.01586,0.01530,0.01332,0.03470,0.05983,0.16844,0.01918,0.13730,0.02337
0.04682,0.02855,0.25735,0.03381,0.01725,0.07689,0.22473,0.01199,0.01991,0.06124,0.05103,0.00829,0.02026,0.02287,0.03052,0.01056,0.01954,0.02522,0.01604,0.01712
0.02048,0.01810,0.08538,0.02302,0.01260,0.02193,0.07000,0.02100,0.02557,0.16038,0.14353,0.03861,0.03956,0.01059,0.09160,0.00938,0.01074,0.01575,0.05451,0.12728
0.03648,0.04345,0.05495,0.10996,0.43484,0.01207,0.02112,0.09135,0.02428,0.01165,0.00900,0.00627,0.01094,0.00740,0.03041,0.02225,0.01017,0.01296,0.01334,0.03712
0.04427,0.01158,0.22877,0.01737,0.07773,0.01933,0.02752,0.02704,0.01377,0.03312,0.04175,0.03901,0.06102,0.01968,0.24190,0.04116,0.00809,0.01175,0.01487,0.02026
0.14900,0.01486,0.02452,0.03693,0.04787,0.01891,0.01891,0.02566,0.03683,0.15352,0.05264,0.02581,0.02658,0.14628,0.03396,0.00764,0.12889,0.02164,0.01576,0.01381
0.01251,0.09981,0.02658,0.13195,0.33973,0.07495,0.00866,0.10880,0.02432,0.00836,0.02366,0.02908,0.02024,0.00906,0.01900,0.02552,0.00874,0.01452,0.00493,0.00959
0.01160,0.02516,0.02592,0.12744,0.02126,0.20787,0.01795,0.02111,0.01985,0.07803,0.07475,0.04311,0.02280,0.01700,0.02819,0.01336,0.00576,0.16321,0.00936,0.06629
0.04573,0.01432,0.02327,0.04824,0.48566,0.01569,0.03715,0.03127,0.02216,0.04128,0.02404,0.04704,0.02866,0.04260,0.01570,0.01261,0.01830,0.02192,0.01229,0.01208
0.03762,0.00937,0.01078,0.10902,0.36936,0.03468,0.01022,0.11412,0.01113,0.03071,0.03322,0.08030,0.03015,0.01795,0.01902,0.01584,0.01852,0.02451,0.00893,0.01457
0.09429,0.02145,0.10373,0.01024,0.01620,0.01477,0.07216,0.04106,0.01865,0.18939,0.03369,0.03688,0.01279,0.00745,0.01551,0.09407,0.01197,0.01928,0.01283,0.17358
0.02613,0.02286,0.02687,0.12621,0.43394,0.01096,0.03148,0.06320,0.02550,0.02135,0.01045,0.01641,0.02406,0.03686,0.03223,0.02476,0.03094,0.00451,0.00921,0.02206
0.04486,0.01634,0.03200,0.01286,0.00952,0.03243,0.04314,0.04805,0.03489,0.03718,0.01354,0.27418,0.27212,0.04612,0.01874,0.00792,0.01409,0.01249,0.00657,0.02297
0.02576,0.05126,0.07088,0.03051,0.02877,0.05977,0.09005,0.01733,0.02873,0.19262,0.10802,0.00879,0.00458,0.01486,0.05888,0.01282,0.01004,0.00599,0.01137,0.16895
0.22031,0.02269,0.02390,0.02878,0.01603,0.13597,0.00499,0.00816,0.03441,0.19545,0.02404,0.00366,0.01026,0.02628,0.01458,0.00553,0.05230,0.10858,0.04945,0.01463
0.01423,0.02062,0.01346,0.04745,0.03041,0.01194,0.00925,0.03092,0.01661,0.04374,0.36417,0.01021,0.01470,0.01371,0.26214,0.00785,0.00790,0.02103,0.01975,0.03989
0.04667,0.06527,0.01481,0.08648,0.02549,0.15186,0.03345,0.04558,0.02468,0.04440,0.01402,0.02092,0.07650,0.02926,0.01424,0.07004,0.01691,0.17768,0.01137,0.03035
0.03921,0.02063,0.02734,0.02794,0.03748,0.02565,0.05127,0.01474,0.00981,0.04859,0.07124,0.23800,0.24269,0.04135,0.01591,0.01448,0.01888,0.01394,0.00674,0.03409
0.01092,0.01093,0.09277,0.02149,0.05133,0.05415,0.07854,0.02063,0.01056,0.12489,0.15163,0.01602,0.01985,0.01122,0.12695,0.01975,0.00255,0.05697,0.00530,0.11354
0.01255,0.07791,0.04673,0.04009,0.02525,0.09146,0.01141,0.01242,0.01521,0.01055,0.01925,0.00368,0.19519,0.01299,0.05597,0.22084,0.03494,0.01969,0.08635,0.00751
0.01409,0.07374,0.04463,0.11712,0.00788,0.16015,0.03933,0.02624,0.08919,0.01522,0.09542,0.01638,0.00775,0.04245,0.03611,0.00881,0.01928,0.08614,0.08232,0.01775
0.19632,0.03000,0.01910,0.05950,0.01651,0.01354,0.01854,0.15962,0.10270,0.04255,0.01275,0.01681,0.02155,0.02143,0.01557,0.17347,0.01375,0.01571,0.01618,0.03442
0.02106,0.15073,0.02811,0.02359,0.02194,0.00711,0.15748,0.05142,0.02103,0.02078,0.07806,0.03464,0.01793,0.17232,0.01062,0.01379,0.02639,0.00385,0.02195,0.11719
0.05202,0.01867,0.01713,0.03686,0.51079,0.04860,0.03393,0.02991,0.02513,0.01321,0.01995,0.01374,0.02604,0.02437,0.01281,0.04195,0.01216,0.03382,0.02105,0.00786
0.03385,0.01612,0.04485,0.01488,0.00778,0.01554,0.02238,0.02621,0.01574,0.03107,0.01919,0.02575,0.00605,0.32508,0.04398,0.00321,0.28869,0.02429,0.00806,0.02728
0.01195,0.01872,0.02915,0.02865,0.65874,0.00563,0.01494,0.03358,0.01076,0.00982,0.04441,0.02312,0.01832,0.00881,0.02523,0.01259,0.01163,0.00550,0.00423,0.02421
0.02287,0.00841,0.03713,0.01368,0.04993,0.05141,0.03061,0.03789,0.01216,0.01293,0.01704,0.04206,0.24875,0.04864,0.02950,0.25454,0.01772,0.03534,0.01646,0.01294
0.01005,0.01486,0.06933,0.29219,0.02388,0.10316,0.00948,0.02226,0.00764,0.03141,0.26719,0.00747,0.01276,0.00743,0.03849,0.01131,0.00624,0.01706,0.00524,0.04254
0.15947,0.02134,0.00862,0.06409,0.01076,0.03744,0.01799,0.03079,0.03386,0.10192,0.05379,0.00783,0.00652,0.09161,0.01305,0.01218,0.18196,0.02876,0.10567,0.01235
0.08438,0.01074,0.07328,0.02470,0.02695,0.02192,0.02405,0.03218,0.01105,0.19698,0.08552,0.02229,0.04042,0.01781,0.08214,0.01382,0.03467,0.01632,0.02902,0.15177
0.05086,0.11366,0.05447,0.05967,0.01599,0.23361,0.02438,0.05307,0.02580,0.05790,0.03503,0.02350,0.01079,0.00812,0.02714,0.00806,0.01249,0.16680,0.00693,0.01173
0.01715,0.16328,0.00677,0.01136,0.00817,0.02001,0.15192,0.11335,0.17752,0.01103,0.00355,0.02569,0.00516,0.14344,0.00571,0.00316,0.00708,0.00640,0.00886,0.11041
0.01796,0.01477,0.01746,0.09711,0.02881,0.05796,0.01758,0.06302,0.02429,0.02730,0.01725,0.07574,0.20801,0.01642,0.02398,0.21233,0.00574,0.04469,0.00472,0.02487
0.21036,0.00518,0.04347,0.02400,0.01905,0.01179,0.02573,0.04141,0.02716,0.17251,0.03385,0.02112,0.02609,0.08888,0.02648,0.01950,0.13812,0.00913,0.03435,0.02182
0.02149,0.02982,0.14086,0.02110,0.05915,0.02230,0.13565,0.03423,0.02529,0.04886,0.15700,0.01304,0.01149,0.01004,0.12681,0.01046,0.04324,0.00994,0.05033,0.02890
0.02718,0.01716,0.02728,0.04293,0.44840,0.00933,0.04303,0.10488,0.04163,0.01806,0.04981,0.05578,0.01215,0.01107,0.02601,0.01048,0.01154,0.01324,0.00616,0.02390
0.05899,0.01636,0.03189,0.02973,0.48234,0.00934,0.02839,0.02564,0.04298,0.04554,0.04715,0.00981,0.01558,0.02854,0.03049,0.00610,0.03154,0.01372,0.02239,0.02349
0.02410,0.01597,0.00902,0.05353,0.02921,0.01648,0.01181,0.02539,0.02346,0.01219,0.09008,0.04131,0.06898,0.21920,0.02061,0.04432,0.25663,0.00887,0.01878,0.01007
0.04318,0.01965,0.01659,0.06265,0.00877,0.01261,0.01600,0.11037,0.02224,0.04408,0.06299,0.19399,0.20025,0.02912,0.01294,0.01298,0.07553,0.00565,0.01310,0.03733
0.14816,0.03274,0.03926,0.01016,0.05311,0.03933,0.02453,0.02080,0.01602,0.12386,0.02715,0.02526,0.01083,0.18692,0.02641,0.01122,0.14961,0.01826,0.00795,0.02843
0.03101,0.02921,0.06016,0.01243,0.56578,0.02318,0.05324,0.01815,0.01790,0.01804,0.02486,0.01759,0.01366,0.01586,0.03448,0.01182,0.00893,0.01739,0.01555,0.01079
0.03205,0.03012,0.24822,0.02931,0.03624,0.01684,0.02881,0.02921,0.02341,0.02028,0.05330,0.02143,0.02527,0.05232,0.26314,0.01562,0.03394,0.00656,0.02070,0.01322
0.02953,0.11715,0.02353,0.09698,0.01911,0.05609,0.01058,0.09434,0.08775,0.01770,0.02388,0.02463,0.15390,0.01468,0.02436,0.16096,0.01002,0.00486,0.01021,0.01973
0.01087,0.01238,0.32106,0.01760,0.00740,0.00827,0.31761,0.03252,0.01377,0.02393,0.06023,0.03907,0.00922,0.03165,0.03809,0.00714,0.01178,0.01390,0.00880,0.01470
0.01387,0.05766,0.25216,0.05416,0.03012,0.01937,0.01209,0.05909,0.05176,0.02069,0.04656,0.00757,0.00925,0.02307,0.25500,0.00983,0.00593,0.00813,0.01173,0.05196
0.06085,0.02748,0.02034,0.03079,0.06489,0.04058,0.04706,0.04249,0.01498,0.04222,0.00775,0.02270,0.21612,0.03861,0.01065,0.23620,0.01321,0.02710,0.01326,0.02269
0.01011,0.02579,0.01749,0.04711,0.38282,0.09571,0.01399,0.06366,0.01045,0.00947,0.02149,0.01910,0.02717,0.01783,0.00868,0.00768,0.01268,0.15507,0.02340,0.03029
0.04498,0.01351,0.01020,0.03358,0.38667,0.02031,0.03930,0.04927,0.01302,0.01283,0.07137,0.02657,0.01616,0.03837,0.04376,0.01824,0.02776,0.10910,0.01703,0.00796
0.03373,0.01772,0.12314,0.04326,0.02347,0.02994,0.10499,0.05887,0.00750,0.17263,0.00955,0.02475,0.03549,0.03264,0.01890,0.02845,0.03300,0.02787,0.01160,0.16250
0.10073,0.02662,0.07224,0.02806,0.06048,0.01565,0.05813,0.02996,0.02420,0.09272,0.06726,0.15560,0.17727,0.00603,0.03488,0.01403,0.00768,0.00956,0.00289,0.01601
0.02072,0.02310,0.27846,0.01047,0.00983,0.01831,0.02813,0.01038,0.02135,0.05974,0.01902,0.01202,0.03667,0.05070,0.28603,0.00977,0.02918,0.01055,0.01696,0.04863
0.01384,0.01405,0.22578,0.01921,0.09304,0.00878,0.01167,0.09989,0.09591,0.01928,0.01896,0.02972,0.02948,0.00800,0.21742,0.03670,0.00561,0.00432,0.02135,0.02698
0.07462,0.01168,0.02353,0.07504,0.01427,0.19734,0.02344,0.03644,0.03765,0.07244,0.01484,0.01631,0.02343,0.02366,0.01620,0.07209,0.00798,0.18130,0.02100,0.05674
0.02052,0.02283,0.04544,0.04187,0.02628,0.01270,0.03176,0.01311,0.01646,0.17602,0.24030,0.02728,0.01425,0.01913,0.06312,0.01282,0.00909,0.01071,0.04160,0.15473
0.05680,0.15402,0.06449,0.01319,0.05574,0.02817,0.09775,0.01622,0.04673,0.01945,0.01497,0.02224,0.02432,0.12977,0.03608,0.02205,0.04123,0.00778,0.01379,0.13520
0.02383,0.01200,0.03021,0.23264,0.01059,0.15715,0.02642,0.09397,0.03249,0.00925,0.13472,0.01554,0.00677,0.01743,0.02235,0.03258,0.00449,0.11030,0.01515,0.01212
0.03621,0.06193,0.02985,0.05529,0.03099,0.01571,0.23807,0.08719,0.02272,0.02356,0.01984,0.01545,0.00598,0.23137,0.05104,0.01747,0.01664,0.00762,0.00970,0.02339
0.20967,0.02191,0.05591,0.00657,0.01165,0.01618,0.03170,0.04329,0.03240,0.18540,0.01121,0.02655,0.01013,0.12587,0.04760,0.01763,0.07319,0.02169,0.01168,0.03976
0.03502,0.01645,0.01540,0.02169,0.01385,0.01644,0.01758,0.03297,0.01507,0.06134,0.06229,0.00900,0.00872,0.27646,0.01334,0.02169,0.27529,0.02079,0.01749,0.04914
0.00383,0.02086,0.06039,0.03013,0.01457,0.01703,0.01076,0.01133,0.00723,0.00420,0.01124,0.33519,0.36824,0.00365,0.03869,0.00733,0.00516,0.03577,0.00615,0.00826
0.04047,0.06258,0.04744,0.01953,0.03053,0.05455,0.02425,0.03138,0.02513,0.03046,0.01040,0.01794,0.20239,0.02404,0.02692,0.21310,0.02320,0.03865,0.02355,0.05348
0.01194,0.01500,0.32584,0.01845,0.02756,0.01230,0.05811,0.08215,0.00670,0.02459,0.02348,0.02949,0.01027,0.00775,0.30673,0.01223,0.00679,0.00884,0.00451,0.00729
0.11504,0.00919,0.01830,0.03305,0.01370,0.01210,0.03370,0.05641,0.13757,0.11931,0.02650,0.02615,0.01088,0.11494,0.01131,0.01651,0.09629,0.01416,0.11744,0.01743
0.01507,0.02507,0.04605,0.02715,0.03776,0.00738,0.00335,0.03406,0.01289,0.32208,0.01290,0.02086,0.01709,0.00734,0.02577,0.00913,0.00419,0.04203,0.00735,0.32247
0.02155,0.01943,0.16512,0.05396,0.01396,0.02563,0.17382,0.01453,0.02119,0.02037,0.25059,0.00860,0.00357,0.00606,0.13524,0.00670,0.03329,0.00642,0.00966,0.01032
0.02703,0.07428,0.02282,0.02693,0.02099,0.02648,0.21867,0.05539,0.08421,0.01912,0.04228,0.02068,0.01067,0.21733,0.02178,0.00597,0.01153,0.02604,0.00746,0.06035
0.01285,0.03322,0.26598,0.03637,0.04076,0.02657,0.02468,0.01986,0.03652,0.04471,0.01508,0.00911,0.02762,0.01118,0.25693,0.01878,0.01844,0.02413,0.01978,0.05745
0.02469,0.03513,0.06841,0.01010,0.03446,0.01653,0.04152,0.02693,0.05392,0.01699,0.05515,0.24073,0.24689,0.00623,0.05888,0.01186,0.00794,0.00775,0.01009,0.02580
0.08014,0.01463,0.01465,0.02485,0.01177,0.01301,0.05612,0.04132,0.07282,0.03057,0.01718,0.02142,0.02005,0.22613,0.01092,0.06766,0.18751,0.01180,0.06345,0.01400
0.09769,0.02130,0.04248,0.02089,0.04678,0.01708,0.02170,0.06585,0.03074,0.06378,0.05487,0.05462,0.01419,0.18288,0.03121,0.01474,0.19208,0.00780,0.00850,0.01083
0.01274,0.05102,0.03976,0.05230,0.02656,0.07883,0.04838,0.05911,0.02976,0.01671,0.01502,0.01106,0.21914,0.02023,0.01796,0.22219,0.02245,0.01522,0.03016,0.01141
0.02626,0.01479,0.06442,0.03352,0.01813,0.03125,0.05262,0.05315,0.03600,0.01563,0.01334,0.02405,0.22967,0.01492,0.04941,0.24932,0.01837,0.01819,0.01600,0.02098
0.01856,0.01129,0.01618,0.33119,0.02351,0.10925,0.01310,0.01703,0.01687,0.02795,0.30302,0.01171,0.00557,0.02007,0.01573,0.00455,0.01502,0.01949,0.00833,0.01158
0.04592,0.02586,0.16576,0.04130,0.01948,0.01300,0.14730,0.02959,0.03465,0.00945,0.15328,0.01203,0.01993,0.01022,0.14939,0.04989,0.01362,0.00688,0.03406,0.01839
0.02225,0.26803,0.06137,0.02326,0.05975,0.05004,0.02329,0.02555,0.03726,0.02446,0.03117,0.01677,0.03248,0.01732,0.03775,0.01546,0.00688,0.01505,0.00843,0.22343
0.01281,0.16433,0.04778,0.03788,0.01654,0.12442,0.17308,0.03015,0.07309,0.01473,0.02455,0.01007,0.01943,0.15084,0.03073,0.01407,0.00779,0.02100,0.00442,0.02230
0.01308,0.02302,0.05230,0.01320,0.07601,0.11050,0.01133,0.01395,0.20773,0.01166,0.00984,0.00962,0.01566,0.01153,0.05953,0.02714,0.01672,0.12719,0.18237,0.00762
0.02889,0.01455,0.07375,0.02572,0.00827,0.04200,0.06019,0.01587,0.01044,0.10314,0.21444,0.01879,0.01787,0.05198,0.16404,0.01348,0.01159,0.01133,0.01121,0.10245
0.02247,0.08712,0.03498,0.18007,0.03481,0.15810,0.01861,0.02867,0.02430,0.01681,0.13041,0.01456,0.02329,0.01069,0.02143,0.01836,0.01343,0.09580,0.02901,0.03709
0.01058,0.01996,0.01851,0.23213,0.05283,0.08323,0.01249,0.06378,0.04780,0.04069,0.18092,0.03190,0.01968,0.01328,0.03990,0.01303,0.03249,0.02608,0.02411,0.03663
0.06162,0.01400,0.10340,0.01475,0.00694,0.02707,0.07849,0.02089,0.01367,0.27749,0.02931,0.01469,0.00330,0.01932,0.02921,0.00402,0.00826,0.02237,0.00951,0.24170
0.01802,0.01073,0.05841,0.08506,0.01187,0.02327,0.07356,0.11095,0.01048,0.01806,0.02733,0.19662,0.21613,0.01238,0.03683,0.02088,0.00825,0.02840,0.00954,0.02324
0.02170,0.01789,0.02483,0.02648,0.31692,0.03771,0.01713,0.02961,0.01682,0.03773,0.02405,0.08958,0.07564,0.01465,0.01531,0.02030,0.00566,0.13490,0.02459,0.04850
0.05155,0.01058,0.01096,0.16780,0.20326,0.01725,0.00930,0.20442,0.00994,0.01091,0.02271,0.07572,0.06238,0.01183,0.01774,0.05673,0.00582,0.03718,0.00676,0.00718
0.00878,0.02755,0.28026,0.03384,0.01793,0.04722,0.01415,0.03088,0.04931,0.03751,0.01093,0.02101,0.01650,0.01375,0.27467,0.01102,0.02484,0.01635,0.03192,0.03156
0.02359,0.04360,0.03365,0.06729,0.03380,0.06839,0.19999,0.09310,0.06985,0.01552,0.00861,0.00964,0.00905,0.19586,0.02805,0.00785,0.01047,0.04243,0.01730,0.02196
0.02152,0.01143,0.06608,0.02624,0.00757,0.02232,0.04535,0.06116,0.03432,0.01975,0.03198,0.27486,0.25105,0.00990,0.04736,0.01066,0.00936,0.03235,0.00446,0.01230
0.04105,0.01472,0.20893,0.02220,0.04147,0.01535,0.02666,0.02573,0.04172,0.04079,0.01816,0.01509,0.01135,0.04593,0.20571,0.00781,0.02609,0.08179,0.04111,0.06832
0.06885,0.03327,0.09020,0.03363,0.01723,0.01123,0.08974,0.03422,0.01834,0.12702,0.15167,0.03510,0.02560,0.01121,0.06598,0.04637,0.00911,0.00981,0.00825,0.11316
0.00743,0.01534,0.03412,0.01123,0.01274,0.00571,0.04303,0.15462,0.04614,0.02789,0.01564,0.08032,0.19689,0.03144,0.02933,0.22641,0.00630,0.01328,0.00374,0.03840
0.02808,0.03836,0.22389,0.04158,0.00764,0.01048,0.02461,0.06705,0.06435,0.06760,0.01420,0.01762,0.00859,0.01362,0.21905,0.03383,0.00950,0.00465,0.00977,0.09553
0.01829,0.06071,0.04221,0.02175,0.40500,0.02824,0.04951,0.07668,0.08871,0.02782,0.03112,0.01644,0.00920,0.02713,0.01441,0.01474,0.01895,0.00770,0.00959,0.03180
0.01240,0.02179,0.06043,0.05123,0.02622,0.02571,0.05173,0.02599,0.01167,0.27291,0.06624,0.00675,0.00531,0.00949,0.02542,0.00538,0.02486,0.00995,0.02762,0.25889
0.08787,0.04283,0.00947,0.00723,0.01500,0.05965,0.00980,0.13800,0.03607,0.06557,0.01412,0.27468,0.09765,0.02573,0.00871,0.02773,0.03593,0.01175,0.01198,0.02024
0.02742,0.01914,0.17497,0.03207,0.01170,0.01004,0.16695,0.01144,0.00867,0.17942,0.13292,0.01593,0.01139,0.02543,0.01308,0.00669,0.01145,0.00572,0.00243,0.13313
0.03263,0.01893,0.31155,0.02185,0.01850,0.02584,0.01491,0.02168,0.01028,0.02415,0.02183,0.01705,0.01462,0.02410,0.31618,0.03509,0.01252,0.03576,0.00759,0.01495
0.06106,0.04744,0.02726,0.01804,0.00587,0.05781,0.03637,0.01736,0.02237,0.04309,0.01151,0.01095,0.01632,0.31215,0.01571,0.00741,0.25786,0.00700,0.00581,0.01862
0.02226,0.01072,0.05949,0.05109,0.08992,0.01529,0.05925,0.04383,0.01915,0.02864,0.02966,0.02111,0.18697,0.04628,0.03063,0.19878,0.04109,0.00714,0.00962,0.02908
0.04693,0.01568,0.05162,0.02120,0.01109,0.07661,0.02457,0.03305,0.02364,0.02670,0.01578,0.13013,0.21987,0.01841,0.03282,0.14694,0.03463,0.02242,0.03575,0.01217
0.16097,0.03166,0.06029,0.02532,0.02451,0.03640,0.03584,0.01579,0.01029,0.15216,0.00867,0.01612,0.02666,0.17269,0.01399,0.01491,0.14371,0.02318,0.00810,0.01874
0.21624,0.02828,0.05705,0.02285,0.01441,0.07552,0.04168,0.02588,0.04191,0.16942,0.01466,0.01813,0.01898,0.05240,0.03185,0.04894,0.03027,0.06866,0.01026,0.01260
0.01124,0.02103,0.01542,0.00957,0.01935,0.00899,0.25048,0.15490,0.11872,0.02060,0.00709,0.04369,0.01575,0.24424,0.00794,0.01439,0.00973,0.00884,0.00776,0.01027
0.04388,0.00705,0.01417,0.04219,0.02778,0.01230,0.01612,0.08379,0.00663,0.05365,0.04769,0.21684,0.20776,0.01587,0.01776,0.11885,0.00810,0.03154,0.00818,0.01985
0.04840,0.00823,0.03990,0.07215,0.00684,0.11319,0.03193,0.02950,0.16372,0.07327,0.05223,0.01202,0.00453,0.01447,0.02950,0.00912,0.01162,0.12061,0.12926,0.02950
0.03192,0.01520,0.26783,0.01419,0.05496,0.02263,0.27386,0.01337,0.02189,0.02417,0.01827,0.05672,0.03568,0.04805,0.01164,0.00746,0.02891,0.02003,0.02142,0.01180
0.03977,0.02632,0.05692,0.13228,0.28225,0.02543,0.01592,0.14464,0.01384,0.02921,0.05243,0.01078,0.01674,0.03184,0.06894,0.01793,0.01131,0.00787,0.00830,0.00727
0.00813,0.03318,0.02732,0.11585,0.02765,0.09280,0.01676,0.02670,0.15684,0.01896,0.13517,0.02340,0.01492,0.01117,0.04523,0.00968,0.00825,0.04092,0.16985,0.01721
0.03914,0.05085,0.05601,0.05697,0.03557,0.05152,0.01670,0.04707,0.03853,0.03674,0.01372,0.05073,0.23079,0.01007,0.04280,0.19214,0.00822,0.00647,0.00822,0.00774
0.00840,0.15128,0.06040,0.07024,0.04126,0.05127,0.06201,0.08471,0.03717,0.01873,0.01265,0.01340,0.01224,0.07043,0.06523,0.00686,0.03437,0.01757,0.06047,0.12132
0.07025,0.05261,0.03936,0.04258,0.01102,0.02147,0.13769,0.08116,0.11870,0.08137,0.03138,0.01579,0.00717,0.14242,0.04351,0.01417,0.01820,0.00852,0.01154,0.05110
0.01656,0.11955,0.01708,0.02533,0.05505,0.05724,0.22175,0.02432,0.08244,0.01086,0.03196,0.00533,0.00803,0.20976,0.02250,0.01603,0.01202,0.01346,0.01133,0.03941
0.02135,0.15164,0.02375,0.01385,0.02215,0.04547,0.11319,0.06054,0.02864,0.01660,0.00958,0.07214,0.04518,0.10835,0.01738,0.03695,0.01090,0.07048,0.02382,0.10804
0.09607,0.05240,0.02699,0.01602,0.01561,0.03519,0.02511,0.01695,0.02230,0.03276,0.01303,0.00775,0.01764,0.18321,0.02097,0.04443,0.25408,0.01549,0.08080,0.02320
0.06891,0.05459,0.02673,0.07706,0.35131,0.07975,0.01812,0.05072,0.01354,0.07112,0.01908,0.01071,0.00746,0.03842,0.01871,0.02396,0.02934,0.01690,0.00900,0.01457
0.04199,0.05151,0.01222,0.06560,0.01755,0.18767,0.02423,0.06350,0.04581,0.00935,0.01714,0.05720,0.04052,0.02424,0.01304,0.01687,0.04471,0.17732,0.04836,0.04115
0.01760,0.04671,0.01315,0.01794,0.02124,0.07388,0.04909,0.01304,0.02369,0.01678,0.00848,0.00914,0.21252,0.12170,0.01113,0.21322,0.04023,0.03527,0.03244,0.02273
0.01144,0.01756,0.33120,0.01856,0.00699,0.02787,0.01332,0.00949,0.02017,0.01024,0.01316,0.01154,0.02857,0.00645,0.33190,0.02397,0.04009,0.01409,0.05180,0.01159
0.05651,0.08580,0.21755,0.02084,0.05201,0.05966,0.01233,0.02948,0.03804,0.03150,0.03657,0.02040,0.03873,0.01223,0.24433,0.01028,0.00802,0.00720,0.00334,0.01519
0.07325,0.08150,0.03782,0.03825,0.02762,0.12456,0.04541,0.16482,0.09448,0.01067,0.00376,0.06068,0.01144,0.04276,0.03061,0.02638,0.01206,0.08828,0.01174,0.01389
0.05126,0.14186,0.05396,0.02000,0.01955,0.03770,0.05344,0.09346,0.19718,0.04495,0.02068,0.01353,0.01434,0.06479,0.05499,0.01138,0.02098,0.00436,0.01246,0.06913
0.02492,0.01327,0.26233,0.02895,0.05209,0.03349,0.02401,0.04991,0.03305,0.01483,0.01294,0.02306,0.03918,0.02323,0.25125,0.04247,0.01642,0.02432,0.01545,0.01485
0.01787,0.03268,0.27227,0.03960,0.08005,0.04867,0.01080,0.03787,0.04364,0.01637,0.00960,0.00949,0.01811,0.00414,0.27588,0.00398,0.00627,0.05645,0.00739,0.00887
0.07620,0.06011,0.03185,0.04081,0.02925,0.07950,0.01092,0.05267,0.00912,0.03874,0.01438,0.02342,0.02681,0.19473,0.03022,0.02776,0.16226,0.06888,0.01143,0.01093
0.08135,0.09770,0.06682,0.02277,0.02150,0.15610,0.03791,0.02099,0.09817,0.03343,0.01572,0.02114,0.02646,0.02146,0.04673,0.03143,0.01243,0.09212,0.07075,0.02501
0.03026,0.02166,0.04391,0.14245,0.02456,0.21666,0.03259,0.02209,0.05559,0.01441,0.04561,0.00646,0.01161,0.00992,0.03768,0.02347,0.01405,0.17880,0.05300,0.01521
0.03556,0.02506,0.08989,0.05937,0.02376,0.03712,0.04196,0.02136,0.01581,0.23314,0.05356,0.01499,0.02007,0.01421,0.03640,0.01787,0.01001,0.01241,0.01043,0.22702
0.02789,0.00742,0.25308,0.04910,0.01099,0.01953,0.03614,0.09378,0.02159,0.02969,0.07635,0.01775,0.00437,0.03499,0.26397,0.00897,0.01583,0.01011,0.00516,0.01328
0.02171,0.02009,0.23767,0.01551,0.02294,0.00868,0.00727,0.10627,0.08982,0.05134,0.02804,0.01692,0.01387,0.01491,0.24275,0.00815,0.01720,0.00915,0.01005,0.05766
