0.15969,0.02377,0.02067,0.00554,0.16290,0.11792,0.19807,0.01272,0.18146,0.11727
0.49311,0.02917,0.07530,0.00845,0.05462,0.13980,0.01813,0.00550,0.01607,0.15986
0.09156,0.02220,0.06998,0.00954,0.02521,0.05784,0.31788,0.02160,0.29291,0.09129
0.01940,0.01674,0.01674,0.01982,0.02422,0.04635,0.40783,0.01450,0.39091,0.04349
0.56589,0.01083,0.00813,0.01079,0.01264,0.16630,0.02253,0.16009,0.02153,0.02128
0.02453,0.01591,0.08745,0.05930,0.02722,0.33785,0.03928,0.00942,0.04157,0.35748
0.11649,0.02907,0.02995,0.01920,0.10658,0.31785,0.01542,0.01609,0.00762,0.34171
0.81736,0.01731,0.01827,0.02055,0.03684,0.02446,0.02017,0.00557,0.01395,0.02554
0.09392,0.09915,0.00986,0.03525,0.03968,0.28913,0.04863,0.01556,0.04049,0.32832
0.01107,0.01404,0.01192,0.00942,0.01668,0.01871,0.43607,0.44103,0.02023,0.02082
0.02247,0.02530,0.03608,0.04042,0.00953,0.22818,0.20421,0.00709,0.18394,0.24280
0.01918,0.01874,0.04005,0.01218,0.01178,0.20726,0.24886,0.00681,0.23886,0.19629
0.02358,0.01441,0.01673,0.01417,0.00726,0.15380,0.02818,0.01564,0.30132,0.42491
0.01067,0.01820,0.00953,0.00800,0.02054,0.24933,0.18521,0.01156,0.18419,0.30277
0.72842,0.02427,0.02278,0.01962,0.02131,0.06738,0.02291,0.00614,0.02410,0.06306
0.19276,0.03295,0.01859,0.05816,0.04001,0.21454,0.09980,0.09089,0.01288,0.23942
0.02313,0.01434,0.01852,0.01238,0.02330,0.05097,0.17752,0.01094,0.38498,0.28392
0.40744,0.00594,0.02171,0.01060,0.41989,0.04308,0.02269,0.00751,0.02350,0.03764
0.00727,0.03985,0.03196,0.12499,0.04766,0.05712,0.31680,0.00752,0.30116,0.06565
0.00662,0.06405,0.02000,0.03016,0.03152,0.34315,0.05859,0.01043,0.04673,0.38875
0.00853,0.00686,0.01908,0.00464,0.00512,0.03033,0.45389,0.00421,0.43638,0.03096
0.01196,0.05815,0.03211,0.11619,0.02959,0.30817,0.06659,0.01395,0.05604,0.30724
0.00831,0.00787,0.00596,0.00623,0.00672,0.30105,0.16601,0.00864,0.16470,0.32452
0.03599,0.01687,0.02072,0.03722,0.02279,0.36361,0.03269,0.00959,0.03908,0.42143
0.00489,0.02321,0.02768,0.02014,0.02195,0.14660,0.30844,0.00839,0.28041,0.15829
0.00767,0.01135,0.02446,0.01373,0.01103,0.05535,0.03553,0.02348,0.41078,0.40661
0.02686,0.01011,0.10384,0.01741,0.01982,0.31033,0.10352,0.00560,0.07933,0.32318
0.01894,0.00555,0.00393,0.02552,0.00695,0.43797,0.01344,0.00480,0.01154,0.47137
0.76282,0.00770,0.01346,0.01004,0.01368,0.03690,0.05971,0.03928,0.01221,0.04420
0.07873,0.01443,0.02540,0.01968,0.08274,0.01226,0.38804,0.00705,0.35812,0.01355
0.03665,0.05378,0.05806,0.10052,0.04986,0.30148,0.01729,0.01356,0.02226,0.34653
0.17222,0.01362,0.01370,0.02618,0.01076,0.33862,0.02030,0.00472,0.02646,0.37342
0.01011,0.02930,0.01336,0.01290,0.04479,0.41087,0.01246,0.06130,0.01452,0.39039
0.13760,0.00834,0.01776,0.00661,0.02718,0.33507,0.05411,0.00924,0.04473,0.35936
0.00417,0.00657,0.00595,0.00500,0.01273,0.45220,0.01569,0.15351,0.01862,0.32556
0.03339,0.04097,0.02218,0.01815,0.03710,0.23105,0.18506,0.18444,0.01912,0.22854
0.08374,0.06893,0.10660,0.34933,0.00767,0.02658,0.11395,0.05279,0.08637,0.10403
0.21690,0.03356,0.02572,0.07282,0.02217,0.04839,0.26038,0.00714,0.24628,0.06664
0.01731,0.01860,0.02259,0.01335,0.02108,0.02948,0.05739,0.03723,0.39569,0.38728
0.00381,0.00163,0.95945,0.00233,0.00357,0.00894,0.00611,0.00298,0.00421,0.00697
0.04261,0.02373,0.04897,0.04642,0.01548,0.07332,0.34824,0.01150,0.32669,0.06304
0.01634,0.04731,0.24435,0.02843,0.01828,0.29563,0.00707,0.00695,0.01255,0.32310
0.01869,0.08976,0.01502,0.01099,0.08704,0.34617,0.01053,0.00521,0.01604,0.40055
0.01767,0.02121,0.02280,0.04715,0.02442,0.38008,0.03462,0.01756,0.01798,0.41652
0.08739,0.07574,0.20175,0.25101,0.02795,0.05435,0.11856,0.01419,0.10295,0.06611
0.01892,0.01560,0.00559,0.02820,0.01458,0.14918,0.07113,0.06529,0.25850,0.37302
0.26099,0.05610,0.05874,0.03026,0.22346,0.14938,0.03555,0.02164,0.01054,0.15334
0.00426,0.00284,0.00900,0.00261,0.00553,0.00910,0.00443,0.00422,0.48505,0.47294
0.02013,0.01385,0.80738,0.01681,0.01196,0.03051,0.03454,0.00734,0.02813,0.02934
0.00907,0.06341,0.02177,0.03435,0.04457,0.20395,0.21206,0.01248,0.18499,0.21336
0.39391,0.00661,0.00551,0.01398,0.39828,0.06920,0.01340,0.00706,0.01252,0.07954
0.01182,0.00773,0.00504,0.00453,0.00396,0.40851,0.06264,0.00591,0.07185,0.41801
0.02224,0.01169,0.08343,0.05645,0.01234,0.24395,0.16103,0.02185,0.12243,0.26460
0.01145,0.00929,0.02133,0.01679,0.03982,0.39476,0.01425,0.00273,0.03625,0.45334
0.09335,0.01023,0.04940,0.04318,0.01042,0.06722,0.31493,0.23666,0.09615,0.07847
0.01611,0.01871,0.01333,0.01521,0.01281,0.03198,0.43862,0.08194,0.34645,0.02486
0.00467,0.01138,0.01401,0.00846,0.00974,0.07411,0.41595,0.01984,0.37246,0.06939
0.03209,0.06786,0.03430,0.02520,0.02439,0.36778,0.02746,0.00451,0.01903,0.39738
0.04696,0.07030,0.05525,0.06750,0.05837,0.07235,0.27298,0.22024,0.08072,0.05532
0.02615,0.32802,0.04771,0.01829,0.29367,0.12428,0.01432,0.04552,0.01785,0.08420
0.00391,0.02058,0.02657,0.02993,0.02463,0.04038,0.41324,0.01073,0.39028,0.03975
0.83950,0.00589,0.01423,0.01040,0.00766,0.03919,0.01358,0.00684,0.00989,0.05282
0.06287,0.11571,0.00945,0.03156,0.04650,0.24947,0.10623,0.00991,0.09706,0.27125
0.00551,0.01446,0.01784,0.02400,0.02007,0.35507,0.03312,0.02493,0.04628,0.45872
0.02079,0.01276,0.04965,0.01009,0.01297,0.01789,0.42739,0.00292,0.41196,0.03358
0.02013,0.03702,0.04493,0.03318,0.01869,0.05701,0.35547,0.00586,0.34382,0.08389
0.01731,0.04109,0.03328,0.03058,0.04386,0.04899,0.37099,0.28581,0.09121,0.03688
0.02293,0.01437,0.01105,0.00929,0.00952,0.41683,0.00859,0.00463,0.02728,0.47553
0.00365,0.00330,0.00338,0.00364,0.00277,0.00576,0.50044,0.01201,0.45783,0.00721
0.01636,0.01540,0.01527,0.00700,0.02298,0.21704,0.24056,0.01926,0.21747,0.22865
0.01430,0.01212,0.01213,0.00903,0.01390,0.12237,0.34558,0.00653,0.32943,0.13462
0.15059,0.01446,0.01844,0.17144,0.01012,0.01250,0.31168,0.00674,0.29362,0.01041
0.03815,0.24921,0.33412,0.07721,0.02887,0.01658,0.01534,0.01205,0.10362,0.12487
0.00681,0.00850,0.01573,0.00720,0.01172,0.29783,0.17727,0.02735,0.13809,0.30950
0.02092,0.33351,0.05496,0.11207,0.35856,0.03102,0.03425,0.02345,0.00992,0.02134
0.02585,0.02406,0.01422,0.01236,0.01016,0.41068,0.02551,0.00747,0.02694,0.44274
0.00762,0.19977,0.00773,0.01133,0.20314,0.02537,0.24610,0.01305,0.23978,0.04612
0.01409,0.03070,0.01018,0.01259,0.02872,0.34250,0.09958,0.01766,0.07449,0.36949
0.00870,0.01758,0.00775,0.00579,0.02084,0.05131,0.40528,0.39927,0.03384,0.04964
0.01743,0.04093,0.02642,0.02783,0.03542,0.27170,0.14786,0.20423,0.01573,0.21246
0.05553,0.02160,0.19517,0.19588,0.03833,0.22412,0.01349,0.00660,0.01104,0.23825
0.01892,0.01431,0.01729,0.00839,0.03415,0.26717,0.17626,0.03053,0.16177,0.27120
0.01478,0.01080,0.00654,0.01399,0.01143,0.43193,0.02145,0.01884,0.02714,0.44310
0.02390,0.24373,0.01594,0.07669,0.25439,0.02817,0.16252,0.00522,0.15501,0.03442
0.03400,0.04793,0.00912,0.02459,0.02031,0.37248,0.03165,0.00474,0.03270,0.42248
0.04642,0.20749,0.03784,0.20045,0.03365,0.05242,0.19004,0.01153,0.17542,0.04474
0.00503,0.03003,0.02128,0.01606,0.01453,0.10918,0.07913,0.08567,0.27873,0.36037
0.01703,0.01356,0.00394,0.00989,0.01072,0.01024,0.46555,0.00404,0.44444,0.02057
0.00941,0.01038,0.01424,0.01268,0.01312,0.09732,0.38197,0.01662,0.33204,0.11220
0.01805,0.00554,0.00876,0.00613,0.00784,0.42987,0.04958,0.37681,0.05133,0.04610
0.01217,0.00932,0.00731,0.00363,0.00597,0.19496,0.29793,0.00787,0.27521,0.18563
0.01507,0.15730,0.01441,0.35828,0.36726,0.03703,0.00715,0.00632,0.00548,0.03169
0.02011,0.01482,0.00598,0.05253,0.02100,0.11041,0.32891,0.01693,0.30427,0.12503
0.02497,0.01784,0.01370,0.00721,0.01190,0.41969,0.03837,0.00605,0.02868,0.43160
0.01015,0.00927,0.01326,0.00624,0.02084,0.05022,0.43318,0.00761,0.40978,0.03945
0.01082,0.00304,0.01046,0.01266,0.00713,0.40956,0.06133,0.02671,0.03606,0.42223
0.02369,0.02587,0.16209,0.03922,0.02522,0.04249,0.29916,0.27527,0.06903,0.03795
0.05664,0.03860,0.04934,0.00849,0.05134,0.33935,0.02281,0.01979,0.03996,0.37368
0.02382,0.01385,0.31147,0.32005,0.01204,0.12879,0.02553,0.02646,0.01507,0.12291
0.01249,0.00620,0.66397,0.00902,0.00757,0.01121,0.13833,0.00633,0.12852,0.01634
0.02178,0.01103,0.01058,0.01104,0.02618,0.26475,0.17483,0.14752,0.05032,0.28197
0.03994,0.13020,0.01972,0.11669,0.01672,0.20993,0.13324,0.01175,0.10880,0.21301
0.00784,0.00560,0.00860,0.00958,0.01245,0.32942,0.14565,0.00748,0.12941,0.34397
0.01715,0.01074,0.00789,0.00577,0.01204,0.10996,0.37544,0.01518,0.33851,0.10733
0.58491,0.03138,0.01230,0.02507,0.02879,0.01675,0.14225,0.00340,0.14060,0.01454
0.03099,0.02324,0.01746,0.02808,0.01043,0.26285,0.17395,0.00575,0.15912,0.28812
0.01184,0.04649,0.02215,0.07771,0.01287,0.36087,0.02158,0.06454,0.02248,0.35947
0.00859,0.01038,0.00473,0.00861,0.00914,0.41847,0.01814,0.01964,0.03141,0.47089
0.01550,0.01899,0.02386,0.02482,0.01637,0.39698,0.01096,0.00615,0.01791,0.46846
0.01327,0.01440,0.02190,0.01416,0.01652,0.37369,0.07872,0.01772,0.05707,0.39255
0.01173,0.01924,0.01858,0.00670,0.01400,0.02646,0.42752,0.00657,0.41969,0.04953
0.00721,0.00486,0.00199,0.01042,0.00542,0.32707,0.06175,0.00934,0.13430,0.43764
0.01663,0.43382,0.00545,0.42197,0.00701,0.03722,0.01544,0.00299,0.01813,0.04135
0.31209,0.02134,0.03421,0.02354,0.32885,0.10003,0.03143,0.02614,0.01791,0.10448
0.02528,0.02220,0.01036,0.02673,0.02633,0.28124,0.14785,0.09664,0.09289,0.27048
0.01884,0.00915,0.42732,0.00636,0.01221,0.01870,0.06383,0.00821,0.23440,0.20097
0.00356,0.01333,0.03055,0.20401,0.00972,0.01582,0.35245,0.08606,0.26353,0.02096
0.00276,0.00316,0.00311,0.00186,0.00504,0.03686,0.46487,0.00583,0.44830,0.02820
0.03501,0.06209,0.38856,0.26091,0.13196,0.02132,0.01999,0.02205,0.02736,0.03073
0.28506,0.06835,0.05461,0.04167,0.11941,0.17844,0.02462,0.11842,0.02070,0.08872
0.09470,0.01630,0.02084,0.02090,0.01454,0.24144,0.16690,0.00776,0.14610,0.27053
0.03066,0.01286,0.07613,0.03334,0.02631,0.29742,0.10839,0.01697,0.09318,0.30473
0.02584,0.00766,0.00944,0.01602,0.00832,0.42542,0.02530,0.21878,0.02138,0.24184
0.01843,0.01102,0.50175,0.01938,0.02563,0.08819,0.12482,0.04335,0.10773,0.05970
0.01583,0.02061,0.00993,0.00909,0.00794,0.41656,0.04636,0.01297,0.03176,0.42895
0.04992,0.02072,0.02003,0.01178,0.02209,0.19370,0.25288,0.02048,0.21679,0.19162
0.06485,0.03827,0.36419,0.38101,0.03319,0.01339,0.04574,0.01326,0.03403,0.01207
0.00400,0.08249,0.02292,0.18476,0.04225,0.30291,0.01718,0.01080,0.01528,0.31739
0.02871,0.01313,0.00770,0.00665,0.00599,0.13991,0.33729,0.00545,0.31137,0.14380
0.03192,0.02460,0.03308,0.02374,0.06090,0.17855,0.06663,0.03577,0.19255,0.35226
0.01915,0.02026,0.04756,0.01771,0.02109,0.01031,0.42931,0.00528,0.40358,0.02575
0.01617,0.01136,0.20592,0.02121,0.01528,0.33850,0.01984,0.30549,0.01357,0.05265
0.04818,0.08680,0.06848,0.04921,0.02372,0.25453,0.08639,0.10910,0.05316,0.22044
0.37209,0.01880,0.36406,0.01307,0.03485,0.07017,0.01520,0.01230,0.01901,0.08046
0.36236,0.03078,0.04139,0.02152,0.34419,0.02257,0.06281,0.01365,0.06000,0.04072
0.00388,0.06630,0.02013,0.02838,0.01609,0.37653,0.03665,0.00898,0.02896,0.41410
0.25999,0.04891,0.07986,0.05523,0.24591,0.08341,0.06484,0.01414,0.05475,0.09297
0.02062,0.01155,0.00821,0.00993,0.02607,0.26147,0.20411,0.21659,0.18359,0.05785
0.01070,0.01098,0.64110,0.00973,0.00955,0.13979,0.01541,0.00647,0.01066,0.14560
0.04779,0.05109,0.03569,0.05415,0.04344,0.32861,0.03878,0.04304,0.01709,0.34032
0.02348,0.02105,0.02922,0.03099,0.02205,0.01106,0.41790,0.00529,0.40533,0.03362
0.01324,0.01719,0.03591,0.00852,0.00937,0.37297,0.05280,0.01652,0.05537,0.41812
0.04099,0.01585,0.02859,0.02123,0.01817,0.40068,0.01533,0.01908,0.02007,0.42001
0.31874,0.01510,0.02603,0.01406,0.05845,0.20412,0.07183,0.01484,0.06044,0.21640
0.02459,0.02991,0.01997,0.02339,0.02007,0.15521,0.28403,0.02443,0.26593,0.15247
0.00579,0.01031,0.02079,0.00696,0.01569,0.32864,0.12620,0.01273,0.11855,0.35434
0.01013,0.02287,0.02258,0.02119,0.03758,0.16163,0.13753,0.12955,0.25942,0.19752
0.02349,0.00777,0.01499,0.01308,0.01139,0.08290,0.37955,0.39280,0.00809,0.06595
0.01460,0.04264,0.02189,0.06234,0.00792,0.26817,0.15756,0.01159,0.13299,0.28031
0.06594,0.01398,0.01654,0.00669,0.02459,0.08542,0.31359,0.05172,0.32463,0.09690
0.01598,0.01546,0.00429,0.01066,0.01627,0.07105,0.39725,0.05595,0.38030,0.03278
0.01573,0.03492,0.03897,0.00814,0.07567,0.38956,0.01509,0.37343,0.01186,0.03662
0.27913,0.02354,0.01216,0.01168,0.01501,0.01490,0.30973,0.01803,0.30507,0.01075
0.01638,0.40050,0.01645,0.01153,0.38183,0.03287,0.05119,0.04156,0.02484,0.02286
0.00964,0.01622,0.00507,0.01337,0.00819,0.33125,0.12456,0.00997,0.11479,0.36693
0.04203,0.01195,0.00958,0.01401,0.02752,0.13014,0.32265,0.00765,0.29588,0.13859
0.04965,0.03403,0.01394,0.05195,0.02568,0.11623,0.29542,0.01267,0.26831,0.13212
0.00742,0.00446,0.00870,0.00456,0.00639,0.45479,0.01436,0.01642,0.01635,0.46655
0.00181,0.03641,0.01622,0.06954,0.01866,0.39611,0.01894,0.01552,0.01158,0.41521
0.00630,0.00433,0.01967,0.00407,0.00662,0.07463,0.41750,0.00855,0.38736,0.07097
0.00792,0.00680,0.00670,0.00987,0.01059,0.03030,0.45522,0.01656,0.43964,0.01640
0.05485,0.01006,0.00905,0.01950,0.04228,0.17425,0.27010,0.00646,0.23423,0.17922
0.02261,0.02354,0.04904,0.02970,0.01576,0.15234,0.29332,0.02539,0.27239,0.11590
0.02227,0.01106,0.00422,0.01396,0.00853,0.43989,0.01584,0.00554,0.01848,0.46023
0.04150,0.01131,0.02497,0.01721,0.05329,0.01496,0.42117,0.00732,0.39286,0.01541
0.00835,0.00368,0.00730,0.00902,0.00554,0.04584,0.43435,0.45876,0.00534,0.02182
0.00733,0.00279,0.00101,0.00840,0.00455,0.46707,0.00435,0.00150,0.00776,0.49524
0.00412,0.01307,0.05988,0.82859,0.02401,0.01135,0.00737,0.00371,0.01358,0.03432
0.00822,0.00514,0.01074,0.00681,0.00610,0.02343,0.32793,0.00442,0.44128,0.16593
0.01018,0.00934,0.00909,0.00892,0.00383,0.46641,0.00919,0.44993,0.01361,0.01951
0.01747,0.00472,0.38691,0.01017,0.01083,0.23056,0.04334,0.00344,0.04395,0.24862
0.07137,0.02670,0.20051,0.02921,0.04948,0.04730,0.25905,0.00745,0.24279,0.06613
0.03346,0.01588,0.09428,0.02505,0.03398,0.36692,0.01600,0.02450,0.01070,0.37922
0.06637,0.33379,0.09017,0.31222,0.01585,0.01195,0.07503,0.02326,0.05391,0.01745
0.03215,0.01478,0.11214,0.14119,0.01529,0.02680,0.30241,0.00498,0.29445,0.05581
0.01685,0.01374,0.01954,0.00842,0.03312,0.09142,0.36664,0.04374,0.33855,0.06799
0.01237,0.01339,0.02794,0.01516,0.01162,0.26109,0.20385,0.08110,0.18621,0.18727
0.00924,0.19010,0.00656,0.00581,0.17004,0.09059,0.10565,0.01163,0.21370,0.19669
0.01102,0.00894,0.01738,0.00832,0.01067,0.37942,0.09532,0.32104,0.08314,0.06476
0.00978,0.01841,0.02010,0.03497,0.02117,0.08492,0.35312,0.00602,0.34533,0.10618
0.03752,0.02187,0.01830,0.02557,0.04834,0.39179,0.01728,0.01907,0.01983,0.40044
0.00363,0.00209,0.00395,0.00309,0.00289,0.22040,0.26706,0.22831,0.23901,0.02959
0.01078,0.08120,0.02704,0.05195,0.04935,0.35139,0.01127,0.01135,0.01351,0.39217
0.01103,0.01398,0.01398,0.01942,0.00861,0.43098,0.01204,0.01793,0.01589,0.45614
0.02801,0.00962,0.01757,0.05175,0.02045,0.08904,0.01777,0.01510,0.33697,0.41371
0.05054,0.01744,0.00863,0.02104,0.03351,0.15169,0.30112,0.13081,0.26284,0.02238
0.04147,0.01639,0.02571,0.02559,0.04230,0.37977,0.02502,0.01001,0.02196,0.41178
0.01342,0.01049,0.01427,0.00744,0.02010,0.29597,0.16658,0.01235,0.15071,0.30869
0.16758,0.01219,0.01607,0.01426,0.01496,0.01185,0.37901,0.00821,0.35900,0.01687
0.01827,0.06470,0.04378,0.09132,0.05116,0.27711,0.07650,0.03394,0.06286,0.28037
0.32495,0.06178,0.35926,0.11824,0.04958,0.01323,0.03022,0.01248,0.01504,0.01523
0.00926,0.03591,0.02489,0.06996,0.03699,0.03112,0.20825,0.01452,0.35960,0.20951
0.01150,0.02635,0.00570,0.01196,0.01136,0.42813,0.02441,0.26756,0.02724,0.18578
0.00642,0.01385,0.02703,0.01831,0.02577,0.05069,0.40700,0.09864,0.29347,0.05883
0.08021,0.03468,0.04804,0.01593,0.02857,0.12388,0.24419,0.01219,0.25504,0.15727
0.00673,0.00437,0.81009,0.01171,0.00976,0.01558,0.06262,0.00718,0.05713,0.01483
0.03489,0.02513,0.00963,0.01141,0.01424,0.39200,0.01800,0.02095,0.02936,0.44438
0.03565,0.01658,0.01080,0.01822,0.01747,0.26362,0.17820,0.06908,0.14734,0.24305
0.24328,0.02031,0.02430,0.14537,0.01306,0.01026,0.26300,0.18542,0.08229,0.01271
0.07065,0.03298,0.02177,0.00602,0.02426,0.15258,0.23473,0.10152,0.24254,0.11296
0.00597,0.00805,0.01201,0.01284,0.00750,0.43646,0.01816,0.00531,0.02030,0.47341
0.02064,0.01033,0.57554,0.04036,0.01120,0.02556,0.12754,0.14868,0.01474,0.02541
0.05801,0.03156,0.00267,0.08941,0.02629,0.23216,0.03807,0.00318,0.14129,0.37735
0.01150,0.01176,0.33730,0.00999,0.01403,0.27022,0.02147,0.00634,0.01742,0.29996
0.02083,0.00946,0.00975,0.00998,0.01360,0.41849,0.01900,0.00607,0.04007,0.45274
0.03729,0.01001,0.37763,0.01692,0.01414,0.14562,0.13504,0.01196,0.11277,0.13863
0.11382,0.02502,0.00739,0.02674,0.03060,0.27235,0.11276,0.02170,0.09993,0.28970
0.06657,0.02257,0.03501,0.01876,0.02244,0.05923,0.10608,0.03802,0.34879,0.28253
0.00874,0.00744,0.01287,0.00663,0.00675,0.44992,0.01844,0.01000,0.01496,0.46425
0.01281,0.02491,0.02745,0.01023,0.00360,0.27695,0.18308,0.00368,0.17471,0.28257
0.00724,0.03619,0.03026,0.02269,0.03956,0.36174,0.07420,0.10155,0.03356,0.29301
0.02857,0.01826,0.02735,0.02537,0.01492,0.02032,0.40299,0.38169,0.05583,0.02471
0.01722,0.12950,0.05039,0.31679,0.05632,0.06047,0.14185,0.13164,0.02042,0.07540
0.42776,0.01165,0.01227,0.01602,0.01008,0.19634,0.01211,0.00583,0.04116,0.26679
0.01106,0.00742,0.46356,0.01373,0.01031,0.03716,0.19844,0.18624,0.03601,0.03607
0.02644,0.00401,0.00723,0.01349,0.01092,0.43740,0.01440,0.00241,0.01444,0.46927
0.01419,0.01455,0.85391,0.01534,0.00744,0.03283,0.01194,0.01115,0.01408,0.02455
0.04749,0.01393,0.24189,0.25307,0.02606,0.12295,0.09324,0.01271,0.07778,0.11089
0.18705,0.01749,0.02230,0.01236,0.01132,0.17120,0.20747,0.01587,0.18686,0.16808
0.12828,0.00907,0.01498,0.00592,0.01040,0.06864,0.01441,0.01035,0.34206,0.39588
0.03534,0.02221,0.04542,0.01181,0.02085,0.03526,0.38048,0.06178,0.31848,0.06838
0.03021,0.00965,0.01384,0.00946,0.00909,0.10334,0.36982,0.01011,0.35173,0.09276
0.01002,0.03153,0.04171,0.00484,0.04592,0.17586,0.24256,0.24265,0.01232,0.19257
0.01017,0.00591,0.90432,0.00881,0.00565,0.02089,0.00596,0.00466,0.00847,0.02517
0.02629,0.04517,0.01785,0.01716,0.04884,0.39945,0.01298,0.00539,0.01072,0.41617
0.03009,0.01414,0.05485,0.02368,0.03514,0.13304,0.27700,0.01338,0.27451,0.14418
0.00229,0.00327,0.00396,0.93949,0.00247,0.01449,0.00880,0.00321,0.00699,0.01503
0.01852,0.02358,0.02325,0.01046,0.01503,0.05879,0.35965,0.33255,0.07446,0.08371
0.04080,0.21089,0.03046,0.02448,0.19968,0.09101,0.16288,0.10000,0.06129,0.07851
0.02834,0.01586,0.01009,0.00811,0.01071,0.13225,0.34696,0.07762,0.32722,0.04283
0.01635,0.00815,0.01229,0.04136,0.02779,0.04624,0.38897,0.42589,0.01289,0.02008
0.00923,0.45106,0.45178,0.00480,0.00406,0.02006,0.01632,0.00571,0.01331,0.02368
0.01260,0.00465,0.00721,0.00572,0.00456,0.19139,0.02082,0.01538,0.27552,0.46217
0.01323,0.00846,0.00922,0.03190,0.01572,0.07775,0.39639,0.00852,0.36215,0.07666
0.39103,0.02229,0.02133,0.01124,0.39776,0.03242,0.03846,0.00664,0.03747,0.04136
0.06868,0.19417,0.02870,0.02953,0.15059,0.16753,0.09476,0.00318,0.08892,0.17394
0.01552,0.00923,0.01430,0.00843,0.02134,0.45087,0.01538,0.30448,0.00822,0.15222
0.01704,0.01784,0.12839,0.01376,0.01743,0.34411,0.04758,0.06910,0.03375,0.31100
0.45061,0.01377,0.01764,0.00251,0.00534,0.22248,0.01666,0.00607,0.02176,0.24315
0.64594,0.00552,0.00827,0.00802,0.00842,0.12231,0.02983,0.02380,0.02714,0.12074
0.01094,0.01122,0.59901,0.00684,0.00874,0.15506,0.02391,0.00549,0.01510,0.16370
0.00422,0.01396,0.01717,0.01918,0.01416,0.20193,0.27201,0.00634,0.24680,0.20422
0.02939,0.24838,0.02127,0.01431,0.22008,0.17522,0.02194,0.02215,0.03793,0.20933
0.04135,0.18571,0.01887,0.17456,0.02954,0.22537,0.04151,0.02292,0.02114,0.23903
0.00388,0.00224,0.00308,0.00470,0.00300,0.48534,0.00594,0.47441,0.00560,0.01179
0.12608,0.01856,0.09309,0.03475,0.08963,0.08981,0.22479,0.01008,0.20267,0.11053
0.24418,0.01254,0.04527,0.01401,0.01636,0.28557,0.01610,0.06121,0.01376,0.29100
0.06914,0.02448,0.03914,0.01544,0.05878,0.12186,0.28103,0.00419,0.25630,0.12965
0.02207,0.00383,0.01208,0.00267,0.00570,0.43150,0.01813,0.00350,0.02527,0.47525
0.01537,0.01213,0.01112,0.01146,0.01512,0.13699,0.33104,0.06465,0.24189,0.16023
0.00682,0.00310,0.00514,0.00410,0.00439,0.01142,0.48886,0.00987,0.45059,0.01569
0.01738,0.01061,0.01326,0.01424,0.01070,0.36216,0.10111,0.05654,0.08417,0.32983
0.00879,0.01221,0.02046,0.01490,0.01179,0.29291,0.16329,0.16135,0.00848,0.30581
0.30944,0.03843,0.02060,0.01444,0.06845,0.21848,0.06026,0.17625,0.05752,0.03613
0.05656,0.05087,0.16574,0.02730,0.04545,0.11255,0.22020,0.00606,0.19764,0.11764
0.00832,0.04030,0.03220,0.44341,0.04701,0.08344,0.12718,0.06740,0.10744,0.04331
0.01165,0.01509,0.00642,0.00654,0.02904,0.44576,0.01423,0.00535,0.00955,0.45637
0.01041,0.00466,0.00483,0.01108,0.01183,0.06311,0.42838,0.00966,0.40627,0.04977
0.03356,0.01115,0.13104,0.01655,0.02297,0.11251,0.29181,0.00586,0.26870,0.10585
0.03900,0.02005,0.20993,0.20628,0.03293,0.13991,0.06870,0.02078,0.08866,0.17376
0.01509,0.01124,0.02701,0.01764,0.01753,0.21767,0.23828,0.09094,0.15698,0.20761
0.03203,0.11351,0.06180,0.16938,0.21023,0.08242,0.12619,0.01944,0.09346,0.09154
0.03006,0.01919,0.02373,0.02792,0.02824,0.29372,0.06244,0.05682,0.08022,0.37766
0.01904,0.17863,0.02921,0.06345,0.09052,0.07636,0.23665,0.00643,0.23137,0.06834
0.12208,0.20576,0.33608,0.08218,0.08640,0.04843,0.02559,0.01268,0.02308,0.05769
0.00547,0.00638,0.01070,0.00759,0.00904,0.16384,0.32231,0.01160,0.30836,0.15471
0.01204,0.00964,0.01932,0.01250,0.00992,0.43621,0.01346,0.04341,0.00703,0.43645
0.01788,0.02345,0.37308,0.02732,0.02787,0.13196,0.04051,0.02103,0.11767,0.21923
0.01541,0.00778,0.45706,0.45901,0.00658,0.01573,0.00852,0.00316,0.00767,0.01909
0.01505,0.00800,0.00667,0.00615,0.00982,0.45710,0.02709,0.38538,0.02105,0.06370
0.03470,0.01119,0.02534,0.01667,0.01647,0.24198,0.19908,0.01589,0.18732,0.25135
0.02093,0.01695,0.35731,0.35500,0.03203,0.08966,0.01880,0.01143,0.01825,0.07963
0.22518,0.00758,0.01668,0.01207,0.01712,0.18252,0.17926,0.00468,0.16536,0.18955
0.00676,0.00373,0.01248,0.00612,0.00315,0.18151,0.31072,0.00924,0.28532,0.18099
0.02122,0.02246,0.02018,0.04342,0.01840,0.14555,0.29974,0.00945,0.28303,0.13654
0.01810,0.00943,0.42592,0.42899,0.00913,0.01279,0.01625,0.01242,0.02528,0.04170
0.82099,0.00553,0.01829,0.00912,0.01202,0.02807,0.02986,0.01685,0.03524,0.02404
0.02683,0.07757,0.06251,0.16391,0.03850,0.24895,0.04805,0.02899,0.01771,0.28697
0.02763,0.00771,0.03692,0.02066,0.06189,0.11679,0.31500,0.01334,0.27907,0.12098
0.01212,0.01420,0.01284,0.01037,0.03122,0.06238,0.37701,0.00294,0.39427,0.08264
0.01192,0.03079,0.00945,0.00740,0.01172,0.42598,0.01337,0.01547,0.01504,0.45887
0.01216,0.11184,0.00399,0.11730,0.01642,0.01428,0.36341,0.00525,0.34453,0.01081
0.19598,0.03105,0.03665,0.02525,0.02409,0.01084,0.33397,0.00356,0.32264,0.01598
0.56711,0.01378,0.02580,0.00392,0.01925,0.09429,0.07311,0.02324,0.07398,0.10553
0.01519,0.00943,0.85499,0.01621,0.01421,0.01013,0.02888,0.02153,0.01153,0.01790
0.00716,0.00960,0.01025,0.02059,0.00731,0.42761,0.03808,0.02631,0.00690,0.44619
0.02168,0.00531,0.03163,0.02461,0.01343,0.32947,0.10690,0.00405,0.10570,0.35722
0.03949,0.01667,0.03331,0.01253,0.01802,0.12088,0.32507,0.02427,0.28661,0.12316
0.01257,0.01565,0.01058,0.00841,0.01414,0.25234,0.21375,0.02470,0.19300,0.25486
0.21947,0.01927,0.03580,0.00856,0.01644,0.16137,0.15773,0.01382,0.15939,0.20816
0.02628,0.05571,0.01164,0.05335,0.00748,0.00738,0.43044,0.00642,0.39040,0.01091
0.09112,0.01352,0.03196,0.02682,0.10597,0.17949,0.18394,0.01117,0.17280,0.18321
0.01190,0.01363,0.01007,0.00560,0.01026,0.10728,0.38108,0.00544,0.35954,0.09519
0.00464,0.01070,0.00695,0.00531,0.00575,0.40765,0.02337,0.00524,0.02820,0.50220
0.03266,0.01832,0.04392,0.02615,0.02229,0.26110,0.12348,0.01954,0.13635,0.31620
0.06293,0.02365,0.51118,0.02708,0.05637,0.10160,0.02097,0.03480,0.04321,0.11820
0.05374,0.03592,0.01581,0.01111,0.03702,0.38848,0.02043,0.00734,0.01626,0.41388
0.03435,0.03694,0.00992,0.04193,0.02814,0.38391,0.03787,0.01310,0.02157,0.39228
0.05627,0.00794,0.01609,0.00926,0.05208,0.00968,0.42566,0.00341,0.40696,0.01264
0.30599,0.02162,0.04579,0.06385,0.29778,0.10533,0.02486,0.01858,0.01801,0.09819
