0.00677,0.81143,0.00494,0.00219,0.00117,0.01662,0.12657,0.00115,0.00342,0.00195,0.00857,0.00204,0.00487,0.00128,0.00703
0.00660,0.00798,0.01423,0.00533,0.00678,0.08667,0.80483,0.00243,0.00911,0.00878,0.03124,0.00458,0.00143,0.00233,0.00769
0.00991,0.00688,0.01250,0.00635,0.00778,0.01452,0.05197,0.00095,0.00978,0.00374,0.60920,0.00658,0.10517,0.01185,0.14280
0.00116,0.00292,0.86504,0.00482,0.00212,0.00608,0.01782,0.00436,0.00905,0.00338,0.01455,0.00450,0.00294,0.00659,0.05466
0.00667,0.00568,0.00529,0.00262,0.00211,0.00924,0.04268,0.83242,0.00788,0.00107,0.05902,0.00278,0.00136,0.00388,0.01731
0.01504,0.01579,0.03213,0.01507,0.00844,0.03970,0.09659,0.00329,0.03923,0.00622,0.10535,0.14046,0.01898,0.01826,0.44547
0.01041,0.04631,0.02021,0.00759,0.02971,0.11632,0.07950,0.00253,0.01355,0.00511,0.62410,0.00413,0.00391,0.00614,0.03047
0.00894,0.02975,0.01508,0.00432,0.00464,0.03868,0.04947,0.00868,0.00833,0.00538,0.76149,0.00988,0.00417,0.00609,0.04509
0.00711,0.01681,0.01855,0.00932,0.00466,0.00805,0.16200,0.03627,0.01144,0.00299,0.37965,0.00318,0.00311,0.32373,0.01313
0.00912,0.00653,0.02383,0.01828,0.00489,0.01795,0.05395,0.00217,0.00861,0.00317,0.64970,0.10098,0.01151,0.02471,0.06462
0.01277,0.00642,0.60128,0.01224,0.00477,0.24860,0.02210,0.00409,0.02238,0.00540,0.03258,0.01188,0.00375,0.00354,0.00819
0.01198,0.08240,0.37613,0.00752,0.01156,0.20858,0.09427,0.00527,0.02412,0.06008,0.05723,0.01651,0.00358,0.01380,0.02699
0.01989,0.03514,0.04906,0.00956,0.01756,0.02665,0.19420,0.00288,0.04785,0.00878,0.33676,0.01369,0.00473,0.03708,0.19617
0.00390,0.00259,0.00791,0.00417,0.00251,0.00511,0.24424,0.00265,0.65199,0.00206,0.03084,0.01096,0.00521,0.01602,0.00983
0.00883,0.02013,0.01616,0.01391,0.01162,0.04732,0.18272,0.00564,0.08292,0.01232,0.55293,0.01311,0.00338,0.01107,0.01792
0.02098,0.01092,0.07179,0.03846,0.02368,0.06741,0.34578,0.00930,0.01863,0.02342,0.23656,0.00746,0.04793,0.03285,0.04482
0.01485,0.01887,0.02402,0.00771,0.01261,0.01343,0.05221,0.02415,0.21287,0.00616,0.59022,0.00480,0.00263,0.00411,0.01136
0.00484,0.04985,0.02464,0.01223,0.04389,0.00311,0.26167,0.00102,0.03443,0.00215,0.53016,0.00945,0.00097,0.01650,0.00510
0.01987,0.03513,0.16481,0.00942,0.01114,0.32368,0.10687,0.02369,0.12092,0.02552,0.06006,0.01627,0.00586,0.00748,0.06929
0.03446,0.01820,0.04002,0.01793,0.01179,0.03172,0.27004,0.00351,0.01712,0.00540,0.23285,0.01462,0.00963,0.00607,0.28665
0.02684,0.00729,0.01956,0.00362,0.01286,0.05085,0.11889,0.00439,0.57919,0.00937,0.08824,0.00718,0.00323,0.00414,0.06434
0.00707,0.00750,0.33100,0.00692,0.00435,0.02430,0.02235,0.00262,0.00787,0.00414,0.03420,0.49506,0.01337,0.00980,0.02945
0.00692,0.00813,0.00725,0.00297,0.00347,0.10598,0.01737,0.00108,0.00525,0.00313,0.79876,0.01495,0.00299,0.00464,0.01710
0.01444,0.01287,0.02111,0.01059,0.00720,0.36152,0.04371,0.00327,0.01693,0.01327,0.04286,0.01194,0.00782,0.00367,0.42880
0.01412,0.01645,0.04386,0.02058,0.05420,0.00763,0.26136,0.01246,0.27677,0.00434,0.21269,0.01684,0.00162,0.04667,0.01040
0.01552,0.15743,0.00794,0.00494,0.00592,0.01611,0.24701,0.00122,0.00473,0.00117,0.14509,0.00682,0.00181,0.00714,0.37716
0.01808,0.01970,0.09149,0.08610,0.04989,0.01830,0.22590,0.03084,0.04681,0.00577,0.08527,0.24695,0.01156,0.03261,0.03073
0.01035,0.02384,0.04805,0.01081,0.00513,0.16517,0.02557,0.00182,0.02445,0.00615,0.03540,0.14441,0.02557,0.00277,0.47053
0.05118,0.02348,0.03243,0.00616,0.00520,0.54475,0.01430,0.01481,0.04996,0.01419,0.02127,0.03236,0.05611,0.00268,0.13111
0.05719,0.03791,0.09795,0.03652,0.01787,0.29463,0.18812,0.03583,0.02712,0.02999,0.11303,0.00891,0.00924,0.02568,0.02002
0.05136,0.00900,0.09964,0.11685,0.04269,0.01949,0.08745,0.00406,0.00775,0.00240,0.22965,0.01504,0.05782,0.03064,0.22617
0.00856,0.01084,0.02896,0.03722,0.01059,0.01575,0.22393,0.08397,0.03146,0.00387,0.19255,0.01490,0.00550,0.07400,0.25790
0.01860,0.05664,0.06028,0.01409,0.01100,0.05115,0.07236,0.12356,0.13575,0.00366,0.29609,0.02485,0.00348,0.00848,0.12001
0.01442,0.01296,0.02972,0.01732,0.00839,0.01723,0.68795,0.00762,0.00982,0.00260,0.13156,0.01169,0.00679,0.00934,0.03258
0.00355,0.00207,0.00374,0.00256,0.00169,0.00492,0.00966,0.00059,0.00154,0.00090,0.20190,0.00611,0.02274,0.00355,0.73448
0.00354,0.00536,0.00433,0.00109,0.00158,0.01762,0.00681,0.00144,0.00333,0.00175,0.94069,0.00186,0.00113,0.00133,0.00815
0.01472,0.02449,0.35504,0.03267,0.00698,0.22696,0.10335,0.00232,0.04881,0.03526,0.04416,0.01104,0.01639,0.00935,0.06846
0.03972,0.01522,0.36195,0.00946,0.00986,0.03082,0.04250,0.02551,0.03467,0.02556,0.04038,0.00837,0.00265,0.00706,0.34629
0.00543,0.01517,0.01985,0.01539,0.00448,0.01760,0.02896,0.00277,0.02063,0.02852,0.81763,0.00380,0.00241,0.00312,0.01425
0.00317,0.00572,0.01782,0.00349,0.00415,0.00827,0.05184,0.00658,0.06875,0.00270,0.01717,0.00323,0.00176,0.06299,0.74236
0.01647,0.00569,0.04329,0.00606,0.00453,0.42074,0.37828,0.00295,0.01299,0.00618,0.02239,0.01285,0.04345,0.00870,0.01545
0.00633,0.01361,0.25479,0.02694,0.00387,0.01427,0.05788,0.00482,0.45071,0.02354,0.09019,0.00650,0.00312,0.00492,0.03851
0.00689,0.00406,0.01183,0.00268,0.00619,0.58409,0.03042,0.01152,0.01255,0.00238,0.02601,0.00890,0.00226,0.00403,0.28620
0.00685,0.01728,0.01537,0.01893,0.06022,0.14486,0.34238,0.00145,0.01601,0.00284,0.28529,0.00774,0.03192,0.01710,0.03174
0.03081,0.35815,0.07697,0.00341,0.01871,0.10408,0.04999,0.02821,0.05191,0.02920,0.18132,0.01883,0.00245,0.01760,0.02837
0.00773,0.04472,0.07284,0.00622,0.00807,0.00890,0.73999,0.00539,0.01364,0.00612,0.03221,0.00926,0.00425,0.01746,0.02320
0.01825,0.02160,0.06518,0.01060,0.01652,0.15016,0.20020,0.00909,0.05156,0.00478,0.26356,0.04687,0.01585,0.08929,0.03649
0.00649,0.01752,0.01876,0.01073,0.01493,0.01405,0.04043,0.00099,0.02864,0.00702,0.01725,0.67902,0.01865,0.09601,0.02953
0.00881,0.00475,0.00997,0.00460,0.00199,0.22689,0.01123,0.00113,0.00617,0.00434,0.02411,0.64744,0.01818,0.00635,0.02402
0.00551,0.01637,0.03629,0.00738,0.02121,0.01144,0.07471,0.74853,0.01119,0.00460,0.03312,0.00624,0.00247,0.01171,0.00924
0.00866,0.01812,0.03558,0.04414,0.00906,0.02650,0.08767,0.00217,0.03792,0.02892,0.44593,0.00479,0.03665,0.00534,0.20854
0.01173,0.00354,0.01751,0.00261,0.00229,0.01969,0.02005,0.00107,0.00288,0.00181,0.85689,0.03674,0.00867,0.00615,0.00838
0.00433,0.01546,0.01545,0.01785,0.00350,0.02874,0.02506,0.00219,0.03711,0.00736,0.01554,0.08965,0.00362,0.65741,0.07672
0.00654,0.00518,0.01256,0.00284,0.00355,0.57485,0.01867,0.00292,0.01380,0.00426,0.01476,0.00868,0.00367,0.00162,0.32609
0.00811,0.00894,0.03183,0.01969,0.01017,0.23172,0.48870,0.00596,0.01968,0.00261,0.02150,0.00965,0.00803,0.00502,0.12840
0.00568,0.00637,0.00865,0.00426,0.00248,0.00513,0.53008,0.01417,0.36291,0.00176,0.02460,0.00860,0.00145,0.00628,0.01758
0.00834,0.00563,0.01361,0.00560,0.00392,0.28586,0.02830,0.00159,0.00638,0.00809,0.02986,0.55841,0.00852,0.00481,0.03107
0.00834,0.00906,0.01389,0.02384,0.00617,0.03167,0.04956,0.00394,0.75725,0.01148,0.06274,0.00440,0.00238,0.00629,0.00899
0.00625,0.00711,0.01444,0.00389,0.00313,0.01630,0.00993,0.01533,0.70917,0.00208,0.01730,0.00574,0.00138,0.00220,0.18574
0.01880,0.00937,0.23848,0.00319,0.00658,0.01168,0.02993,0.41468,0.19877,0.00277,0.02668,0.00662,0.00210,0.01043,0.01992
0.01936,0.02516,0.07948,0.03508,0.02061,0.09014,0.06542,0.00341,0.04990,0.00744,0.20199,0.26528,0.02791,0.01735,0.09146
0.00413,0.00420,0.09575,0.00983,0.54317,0.04186,0.03466,0.00548,0.00890,0.00508,0.04525,0.00331,0.00341,0.05710,0.13788
0.01028,0.00639,0.03046,0.01350,0.00674,0.03109,0.75970,0.00708,0.01486,0.00739,0.03841,0.04649,0.00465,0.00552,0.01745
0.01382,0.01650,0.04227,0.00512,0.00361,0.04009,0.01591,0.00401,0.55954,0.00773,0.01775,0.23492,0.01093,0.00399,0.02381
0.14246,0.05986,0.07441,0.00956,0.01126,0.02468,0.14282,0.04101,0.02460,0.00736,0.40669,0.02271,0.01010,0.00871,0.01376
0.02278,0.02958,0.01682,0.01176,0.00529,0.04167,0.18830,0.00403,0.48984,0.02622,0.05949,0.01329,0.00829,0.00551,0.07712
0.00625,0.01602,0.01274,0.01077,0.15310,0.04203,0.07447,0.00337,0.03236,0.00539,0.61598,0.00254,0.00255,0.00671,0.01572
0.01102,0.01957,0.02453,0.00427,0.00647,0.09901,0.10930,0.00379,0.55699,0.01166,0.08535,0.02808,0.01296,0.01282,0.01419
0.10138,0.02583,0.03553,0.01232,0.00965,0.08604,0.06365,0.01537,0.04929,0.01976,0.38618,0.14716,0.00403,0.01388,0.02992
0.00271,0.00379,0.00784,0.00647,0.00279,0.01090,0.01059,0.00077,0.00612,0.00796,0.91258,0.00474,0.00197,0.00757,0.01320
0.00558,0.00271,0.00721,0.00411,0.00148,0.92232,0.01016,0.00080,0.00690,0.00200,0.02026,0.00664,0.00153,0.00185,0.00645
0.02011,0.02539,0.34589,0.01905,0.00488,0.02162,0.29096,0.00346,0.01028,0.01110,0.06434,0.02464,0.01235,0.11789,0.02804
0.00866,0.00539,0.01620,0.00645,0.00360,0.58914,0.09001,0.00952,0.01728,0.01114,0.20736,0.01156,0.00436,0.00510,0.01421
0.00903,0.00608,0.01098,0.00644,0.00637,0.00852,0.27909,0.00497,0.02923,0.00213,0.03028,0.01291,0.53427,0.03428,0.02541
0.00829,0.01651,0.05389,0.01715,0.01483,0.18370,0.07373,0.00454,0.02090,0.00444,0.12758,0.10780,0.03077,0.08417,0.25171
0.60363,0.00333,0.00743,0.01091,0.00196,0.01241,0.01416,0.00835,0.15610,0.00176,0.01985,0.12993,0.00402,0.01913,0.00704
0.00801,0.01307,0.02536,0.00740,0.01121,0.01806,0.40747,0.00479,0.01246,0.00708,0.03259,0.01995,0.00988,0.01745,0.40522
0.04419,0.00388,0.01994,0.00462,0.00722,0.00720,0.04106,0.00252,0.00302,0.00591,0.76943,0.00810,0.00795,0.00378,0.07118
0.00148,0.01826,0.47887,0.00222,0.00329,0.00715,0.14152,0.00144,0.00586,0.00191,0.30818,0.01377,0.00244,0.00715,0.00647
0.03740,0.01061,0.02269,0.00936,0.00788,0.01855,0.07172,0.00232,0.01758,0.01962,0.06523,0.66426,0.01580,0.00939,0.02758
0.00927,0.00818,0.01139,0.01059,0.00605,0.05405,0.15337,0.00345,0.20543,0.00959,0.05942,0.00928,0.00682,0.00863,0.44449
0.02121,0.01052,0.06224,0.01838,0.00795,0.01879,0.08473,0.49117,0.01609,0.01090,0.03603,0.00468,0.06246,0.08359,0.07125
0.02169,0.02479,0.04822,0.01467,0.02067,0.15303,0.05387,0.01089,0.37641,0.10457,0.08564,0.04869,0.00921,0.01127,0.01639
0.01844,0.04838,0.09853,0.01098,0.01118,0.22598,0.13148,0.00668,0.05206,0.00730,0.22302,0.00897,0.00363,0.13510,0.01826
0.02860,0.03848,0.02998,0.00972,0.00795,0.13566,0.45774,0.00524,0.12251,0.00648,0.09525,0.00650,0.01041,0.01898,0.02650
0.08644,0.04432,0.03966,0.00510,0.01823,0.03370,0.04346,0.01088,0.01437,0.00349,0.66379,0.00646,0.00315,0.00670,0.02025
0.00350,0.00444,0.00925,0.00242,0.00288,0.00857,0.01347,0.00203,0.90665,0.00380,0.00936,0.00693,0.00129,0.00247,0.02295
0.63452,0.28217,0.00356,0.00398,0.00118,0.03118,0.01194,0.00607,0.00243,0.00034,0.00485,0.00249,0.00347,0.00082,0.01099
0.00602,0.00868,0.01968,0.00554,0.00697,0.03273,0.45665,0.00260,0.01231,0.00464,0.05028,0.00967,0.00635,0.01852,0.35938
0.61178,0.01486,0.00481,0.00707,0.01836,0.00934,0.09120,0.00088,0.00460,0.00179,0.07863,0.00997,0.00575,0.01065,0.13031
0.02241,0.02623,0.03213,0.01006,0.00984,0.21128,0.03828,0.00317,0.01430,0.00799,0.05307,0.45362,0.00941,0.01972,0.08849
0.00745,0.01082,0.01710,0.00637,0.01327,0.74369,0.01406,0.00847,0.02526,0.00163,0.04913,0.02280,0.00358,0.00412,0.07224
0.00652,0.04254,0.79495,0.00766,0.00125,0.02533,0.02504,0.01706,0.01942,0.01220,0.01986,0.01645,0.00364,0.00174,0.00633
0.03426,0.01397,0.02422,0.00331,0.00835,0.01748,0.69030,0.01234,0.08013,0.00659,0.03314,0.01116,0.01484,0.01836,0.03154
0.32220,0.13614,0.00861,0.00358,0.04271,0.11121,0.04386,0.00701,0.09296,0.00516,0.04930,0.01099,0.00478,0.12724,0.03426
0.00452,0.00563,0.02120,0.00401,0.00432,0.00597,0.85988,0.00197,0.00925,0.00365,0.05412,0.00288,0.00286,0.00608,0.01367
0.00719,0.00620,0.01886,0.00520,0.00518,0.03417,0.03276,0.00326,0.72845,0.01556,0.03171,0.01620,0.00521,0.00343,0.08660
0.01894,0.05937,0.03083,0.01045,0.00568,0.04690,0.01978,0.00345,0.02734,0.06825,0.44610,0.01166,0.23327,0.00583,0.01216
0.06908,0.01746,0.02629,0.02390,0.00535,0.00703,0.14700,0.32415,0.13735,0.00563,0.12970,0.01071,0.00880,0.07180,0.01576
0.01594,0.02493,0.03015,0.00528,0.01330,0.08524,0.03863,0.02229,0.00737,0.00653,0.70367,0.01544,0.00658,0.00512,0.01953
