0.00796,0.00965,0.27666,0.00773,0.01888,0.01895,0.00791,0.00713,0.00553,0.49837,0.03197,0.01208,0.05189,0.00569,0.00392,0.00863,0.00576,0.01360,0.00186,0.00584
0.06557,0.08008,0.01565,0.00777,0.01418,0.00928,0.20160,0.02668,0.01247,0.00666,0.00654,0.10947,0.13878,0.02543,0.00396,0.00541,0.02318,0.07764,0.00964,0.16001
0.02096,0.01091,0.04491,0.20686,0.01217,0.01392,0.05112,0.01426,0.00698,0.02460,0.01012,0.02040,0.00502,0.05109,0.00299,0.00746,0.00741,0.35590,0.12703,0.00588
0.02213,0.03739,0.02729,0.01389,0.02627,0.02922,0.04732,0.02674,0.01674,0.02896,0.03258,0.19993,0.02128,0.01229,0.03623,0.10069,0.00539,0.27868,0.02175,0.01524
0.04236,0.01001,0.00936,0.01936,0.00968,0.00708,0.00668,0.00694,0.55045,0.19884,0.00808,0.01211,0.00639,0.01991,0.00936,0.02546,0.01740,0.01853,0.01545,0.00654
0.06329,0.00537,0.04522,0.09404,0.00538,0.05165,0.19199,0.00493,0.00701,0.01800,0.00949,0.28599,0.00742,0.02117,0.00404,0.00733,0.01083,0.06942,0.08941,0.00802
0.03824,0.02508,0.00737,0.05667,0.05950,0.25593,0.01630,0.43740,0.01023,0.03446,0.00547,0.00786,0.00433,0.00544,0.00477,0.00681,0.00943,0.00852,0.00164,0.00453
0.03206,0.00844,0.00721,0.02147,0.02223,0.19800,0.02328,0.01778,0.00844,0.08068,0.00565,0.35039,0.02239,0.00558,0.00725,0.02599,0.00927,0.09387,0.04588,0.01412
0.01423,0.00653,0.05179,0.04233,0.00692,0.25758,0.00669,0.00499,0.01232,0.00555,0.00872,0.05390,0.41723,0.00715,0.00558,0.00940,0.00617,0.03874,0.00853,0.03564
0.05169,0.15150,0.05259,0.06289,0.04900,0.04683,0.01680,0.01208,0.03761,0.29549,0.01266,0.00665,0.00704,0.04760,0.00698,0.06018,0.01009,0.00868,0.05903,0.00460
0.01114,0.01730,0.15121,0.01240,0.13848,0.21561,0.02724,0.09267,0.02496,0.01241,0.01227,0.19476,0.00498,0.01041,0.00635,0.00864,0.00856,0.03638,0.00774,0.00649
0.67916,0.01056,0.08209,0.07015,0.01066,0.00660,0.06268,0.00670,0.00560,0.00396,0.00409,0.00560,0.00756,0.00445,0.00547,0.00695,0.00774,0.01008,0.00235,0.00753
0.04158,0.01351,0.23613,0.04422,0.00826,0.40201,0.07506,0.00413,0.00537,0.01249,0.00945,0.01978,0.01328,0.01011,0.00306,0.01856,0.01654,0.01801,0.01957,0.02888
0.01036,0.06357,0.43502,0.01028,0.00860,0.18783,0.04309,0.02183,0.01146,0.03228,0.02262,0.01604,0.02110,0.00748,0.02006,0.00682,0.01036,0.01101,0.00778,0.05243
0.03840,0.06357,0.15450,0.14901,0.01626,0.08306,0.19625,0.01365,0.01078,0.05377,0.00738,0.03060,0.02338,0.05905,0.00879,0.01511,0.01116,0.03918,0.00926,0.01685
0.02856,0.01829,0.06954,0.04327,0.03665,0.03353,0.03499,0.04093,0.01637,0.00909,0.01722,0.30174,0.00791,0.04884,0.00593,0.03853,0.00645,0.19776,0.03632,0.00810
0.02906,0.01751,0.04942,0.01173,0.05792,0.02983,0.01228,0.12369,0.06460,0.02411,0.08938,0.03919,0.01099,0.21562,0.00574,0.15527,0.00773,0.04286,0.00371,0.00935
0.12504,0.28971,0.02910,0.01637,0.00818,0.01077,0.24557,0.06486,0.01246,0.00547,0.02995,0.06343,0.05545,0.00375,0.00705,0.00393,0.00264,0.01395,0.00376,0.00855
0.01148,0.00880,0.00694,0.12266,0.00861,0.05822,0.11837,0.01196,0.00908,0.44896,0.01357,0.01901,0.00469,0.01765,0.00942,0.09283,0.00842,0.01811,0.00425,0.00698
0.05990,0.09302,0.03962,0.04830,0.01950,0.01300,0.02781,0.50731,0.01205,0.05102,0.04076,0.01995,0.00682,0.01051,0.00959,0.00695,0.00418,0.01236,0.00660,0.01074
0.28303,0.03032,0.03363,0.04616,0.00433,0.00328,0.01344,0.02799,0.00838,0.04262,0.01221,0.11974,0.25561,0.03672,0.00456,0.00513,0.00499,0.04342,0.00260,0.02184
0.01866,0.03345,0.48356,0.01467,0.00770,0.01018,0.11461,0.01138,0.01716,0.04773,0.01161,0.00587,0.07763,0.00678,0.00472,0.01733,0.01741,0.00925,0.00568,0.08464
0.01803,0.55147,0.02282,0.01835,0.00778,0.00671,0.24476,0.01006,0.08031,0.00330,0.00347,0.00494,0.00569,0.00526,0.00202,0.00194,0.00280,0.00382,0.00250,0.00397
0.01031,0.01343,0.01703,0.02437,0.54620,0.19014,0.02310,0.01126,0.01643,0.02289,0.00673,0.02025,0.01444,0.00745,0.00595,0.00577,0.01817,0.03112,0.00469,0.01028
0.15144,0.01834,0.42061,0.12066,0.00775,0.01815,0.01405,0.00921,0.01152,0.00866,0.00689,0.08247,0.00517,0.01049,0.00576,0.01218,0.01050,0.07263,0.00336,0.01016
0.00825,0.01487,0.25912,0.01658,0.02988,0.01979,0.28380,0.02312,0.00560,0.21068,0.01328,0.02017,0.00585,0.00843,0.00432,0.01682,0.01495,0.02566,0.01069,0.00812
0.07702,0.04042,0.05213,0.01518,0.00710,0.04081,0.40275,0.13820,0.00549,0.00540,0.01597,0.03330,0.01508,0.01599,0.00389,0.00957,0.04555,0.04902,0.00728,0.01984
0.06704,0.02835,0.08834,0.01221,0.04005,0.06761,0.02958,0.01361,0.05772,0.07237,0.01727,0.01771,0.26874,0.05316,0.00658,0.02254,0.02593,0.07027,0.00638,0.03455
0.02172,0.01259,0.16140,0.03711,0.00893,0.01492,0.62180,0.01445,0.00555,0.01357,0.00991,0.00666,0.00466,0.01362,0.01180,0.00459,0.01079,0.01088,0.01127,0.00379
0.04155,0.01747,0.02762,0.02215,0.00810,0.01828,0.15274,0.01204,0.02372,0.01865,0.00652,0.00453,0.46205,0.00807,0.00380,0.00654,0.00917,0.00815,0.00361,0.14523
0.03206,0.16337,0.22194,0.00766,0.00649,0.01008,0.09522,0.00842,0.28134,0.02788,0.02241,0.02834,0.01245,0.00673,0.00322,0.00667,0.00867,0.02490,0.02528,0.00686
0.18151,0.08195,0.11220,0.03545,0.01850,0.00757,0.01889,0.00434,0.06042,0.08004,0.01148,0.01231,0.00647,0.18883,0.01779,0.03392,0.03371,0.04778,0.04107,0.00578
0.00974,0.00888,0.01794,0.01044,0.01044,0.02351,0.02065,0.00914,0.00809,0.00672,0.00542,0.40183,0.01257,0.01261,0.01869,0.01181,0.01317,0.35248,0.02825,0.01763
0.01497,0.00722,0.10711,0.22406,0.00526,0.36247,0.01938,0.00366,0.00526,0.03333,0.00471,0.09300,0.01084,0.01282,0.00227,0.02159,0.00909,0.04695,0.00853,0.00748
0.02139,0.19361,0.04812,0.02241,0.07117,0.01119,0.28532,0.05075,0.02365,0.04058,0.15286,0.01684,0.00763,0.00911,0.00443,0.00311,0.00800,0.01503,0.00344,0.01135
0.12760,0.03736,0.04027,0.03154,0.02136,0.01323,0.38857,0.16644,0.01115,0.01189,0.01155,0.02904,0.00674,0.00993,0.00978,0.02459,0.00672,0.03797,0.00654,0.00773
0.01876,0.01017,0.06475,0.01412,0.03696,0.02465,0.01803,0.01237,0.08091,0.10290,0.00573,0.11576,0.12970,0.00445,0.00680,0.02579,0.00913,0.18676,0.12094,0.01132
0.00910,0.01196,0.03122,0.01330,0.28036,0.00977,0.14922,0.10571,0.00878,0.06048,0.01511,0.03550,0.01109,0.00642,0.00532,0.01549,0.00975,0.19078,0.01267,0.01799
0.36051,0.00516,0.04321,0.04595,0.00406,0.00701,0.00633,0.00991,0.00373,0.01041,0.00532,0.07620,0.00975,0.00632,0.00648,0.00628,0.01030,0.36860,0.00731,0.00716
0.00894,0.00571,0.03566,0.02089,0.01972,0.13112,0.00834,0.00403,0.04441,0.00579,0.00771,0.35108,0.03248,0.01346,0.00268,0.01057,0.01187,0.17098,0.10363,0.01093
0.01928,0.00816,0.03850,0.07243,0.01033,0.18260,0.08503,0.00416,0.01143,0.03436,0.00599,0.04031,0.31181,0.04434,0.00697,0.00857,0.03171,0.03681,0.02698,0.02023
0.07076,0.37213,0.02821,0.02860,0.06264,0.04784,0.17425,0.09215,0.02821,0.00431,0.00544,0.00682,0.03986,0.00445,0.00558,0.00300,0.00395,0.01181,0.00550,0.00447
0.02866,0.24131,0.05115,0.02055,0.01694,0.04190,0.21147,0.00536,0.12891,0.02454,0.05079,0.02858,0.02311,0.01419,0.00752,0.01425,0.02125,0.01989,0.00584,0.04378
0.23690,0.03089,0.11994,0.06911,0.02133,0.19630,0.01691,0.06878,0.04743,0.03598,0.02393,0.01182,0.00610,0.01306,0.00499,0.02236,0.03853,0.02186,0.00493,0.00884
0.05223,0.01031,0.18824,0.20127,0.01693,0.03898,0.05474,0.00854,0.02946,0.16539,0.03758,0.01833,0.04481,0.00508,0.00752,0.00317,0.01072,0.07097,0.00319,0.03254
0.14972,0.03304,0.01072,0.06144,0.03450,0.01563,0.28975,0.05921,0.01353,0.04999,0.00777,0.10446,0.00992,0.02777,0.00467,0.00640,0.01858,0.04545,0.04157,0.01588
0.03117,0.01125,0.02299,0.01948,0.00811,0.00766,0.01922,0.52074,0.00752,0.21838,0.01369,0.02660,0.00402,0.00842,0.01679,0.01142,0.00851,0.03232,0.00805,0.00367
0.00633,0.08340,0.27728,0.08778,0.03813,0.17732,0.00663,0.15919,0.01000,0.01629,0.01516,0.01918,0.00487,0.00515,0.00592,0.01481,0.00875,0.05531,0.00540,0.00310
0.01192,0.27498,0.03358,0.02034,0.12578,0.03437,0.01555,0.02046,0.03117,0.02657,0.02230,0.00744,0.23387,0.01021,0.06501,0.01738,0.00626,0.01795,0.01085,0.01402
0.01141,0.12974,0.13520,0.00720,0.00642,0.00657,0.33569,0.00830,0.00799,0.03083,0.01376,0.00735,0.24247,0.00722,0.00457,0.00456,0.00932,0.00514,0.00290,0.02333
0.01417,0.24776,0.02062,0.01433,0.08766,0.08131,0.08593,0.00538,0.32870,0.01320,0.00453,0.00838,0.00454,0.01738,0.00590,0.02324,0.00958,0.01115,0.01220,0.00405
0.19276,0.02160,0.03743,0.04012,0.00795,0.00832,0.02633,0.26815,0.00745,0.03519,0.00653,0.09074,0.00987,0.01172,0.00555,0.01752,0.02634,0.16887,0.00865,0.00891
0.07403,0.00810,0.02611,0.01030,0.00952,0.01045,0.20828,0.01122,0.00601,0.02364,0.00739,0.00770,0.08245,0.00649,0.00346,0.00372,0.00616,0.00788,0.00181,0.48527
0.24944,0.01287,0.01597,0.05004,0.00447,0.00416,0.01177,0.00673,0.00413,0.00582,0.00687,0.26568,0.00792,0.00555,0.00302,0.00966,0.00212,0.32552,0.00262,0.00565
0.01826,0.00937,0.01509,0.00873,0.00801,0.01400,0.00870,0.00946,0.01327,0.01259,0.00548,0.09013,0.43152,0.00648,0.00325,0.00557,0.01171,0.15966,0.01944,0.14927
0.01500,0.01191,0.00849,0.00981,0.00829,0.00643,0.51525,0.03160,0.00608,0.19521,0.00698,0.04060,0.01117,0.00678,0.00615,0.00326,0.00759,0.09649,0.00276,0.01017
0.01548,0.05842,0.07686,0.03725,0.01824,0.05279,0.02241,0.07131,0.07808,0.02252,0.00786,0.11759,0.00624,0.01245,0.00666,0.03123,0.01184,0.09472,0.24488,0.01318
0.01809,0.00831,0.00589,0.08853,0.11533,0.24314,0.09008,0.01204,0.01400,0.05271,0.00718,0.02017,0.12076,0.02210,0.01877,0.06256,0.00795,0.03826,0.02771,0.02645
0.02440,0.01370,0.10881,0.01708,0.08859,0.03762,0.01554,0.42540,0.01142,0.05424,0.01043,0.03187,0.00672,0.00810,0.01004,0.01020,0.01043,0.10039,0.01125,0.00376
0.01770,0.22719,0.09055,0.00777,0.00851,0.00699,0.26347,0.00817,0.00678,0.04609,0.01444,0.01875,0.13112,0.01605,0.01256,0.01723,0.01212,0.03768,0.00654,0.05028
0.07140,0.46790,0.01676,0.00559,0.00728,0.01479,0.01624,0.00735,0.04356,0.04264,0.00738,0.18187,0.00493,0.01147,0.00338,0.00688,0.01684,0.06322,0.00606,0.00445
0.00938,0.00988,0.01101,0.00962,0.01731,0.00876,0.01200,0.01705,0.00668,0.01933,0.00515,0.37892,0.02643,0.02154,0.00587,0.00847,0.01062,0.36409,0.05138,0.00652
0.08458,0.11256,0.03396,0.03562,0.03584,0.12329,0.02801,0.01805,0.01266,0.03157,0.01074,0.01935,0.34246,0.01281,0.01934,0.01618,0.01297,0.01537,0.00934,0.02531
0.07710,0.01239,0.17480,0.07054,0.00707,0.01178,0.06406,0.14892,0.06141,0.03424,0.08274,0.16159,0.01279,0.00581,0.01580,0.00858,0.00447,0.01676,0.00452,0.02464
0.03354,0.04493,0.27453,0.02212,0.01103,0.01553,0.12110,0.02630,0.14645,0.03648,0.02942,0.02203,0.01993,0.02574,0.04499,0.01111,0.04338,0.05134,0.00779,0.01225
0.00963,0.01295,0.08910,0.00666,0.01380,0.00990,0.19846,0.01302,0.00520,0.01365,0.00627,0.29730,0.00562,0.00854,0.00635,0.01103,0.01371,0.19748,0.07638,0.00495
0.01551,0.01128,0.40006,0.02766,0.01586,0.01882,0.01621,0.00612,0.01300,0.02425,0.00479,0.16918,0.05186,0.06475,0.01717,0.00836,0.01721,0.05944,0.04974,0.00874
0.03225,0.12136,0.33166,0.04338,0.00975,0.25759,0.03392,0.00615,0.01227,0.02135,0.00724,0.01204,0.00979,0.00657,0.00749,0.00815,0.00559,0.01286,0.05194,0.00864
0.02955,0.02470,0.05801,0.08096,0.02018,0.01264,0.01989,0.02519,0.02517,0.19732,0.00942,0.20031,0.04968,0.02130,0.00453,0.01940,0.00902,0.15092,0.01570,0.02612
0.01290,0.00826,0.08656,0.00948,0.01996,0.01277,0.15229,0.06792,0.00629,0.27381,0.02999,0.10775,0.01629,0.01410,0.00837,0.00640,0.00787,0.12152,0.02280,0.01466
0.02826,0.06366,0.00954,0.00878,0.00442,0.00854,0.19265,0.09541,0.00716,0.00519,0.00505,0.27002,0.03776,0.05248,0.00380,0.00543,0.01872,0.14148,0.02312,0.01853
0.01068,0.01061,0.03464,0.41645,0.00632,0.06331,0.00731,0.00790,0.01203,0.14773,0.00502,0.01006,0.02316,0.01535,0.00606,0.00857,0.04996,0.00842,0.14826,0.00816
0.01535,0.10581,0.04926,0.02246,0.01119,0.04386,0.28713,0.04067,0.01363,0.00989,0.01830,0.20296,0.02113,0.00978,0.00865,0.07576,0.00513,0.02177,0.02125,0.01603
0.10252,0.01220,0.01488,0.46817,0.00994,0.07148,0.01733,0.22350,0.00724,0.01009,0.00651,0.00760,0.00760,0.00759,0.00392,0.00300,0.00406,0.00870,0.00880,0.00488
0.28098,0.03452,0.01423,0.01512,0.00827,0.05498,0.02517,0.01094,0.13671,0.13687,0.02047,0.03295,0.03656,0.01010,0.00436,0.01268,0.01486,0.06038,0.01746,0.07239
0.14281,0.15591,0.02529,0.05357,0.02665,0.02570,0.14626,0.03021,0.12598,0.03999,0.00559,0.07307,0.01419,0.01430,0.00551,0.01057,0.01133,0.06117,0.02181,0.01010
0.07153,0.01744,0.12360,0.02341,0.00818,0.09367,0.22852,0.01120,0.01027,0.01351,0.01618,0.05692,0.03654,0.01572,0.00622,0.00547,0.04432,0.06120,0.00785,0.14822
0.02551,0.00983,0.06187,0.00788,0.01792,0.02154,0.16099,0.00959,0.01373,0.33036,0.07268,0.14036,0.00762,0.00319,0.01783,0.00206,0.04256,0.04111,0.00308,0.01027
0.01100,0.05937,0.09607,0.06851,0.01621,0.02000,0.00464,0.30928,0.28959,0.00816,0.00969,0.00902,0.01684,0.00735,0.00614,0.00702,0.02363,0.01057,0.00366,0.02326
0.02435,0.04913,0.00734,0.04608,0.01218,0.09813,0.02608,0.24751,0.01637,0.00837,0.00803,0.19976,0.04550,0.00707,0.00400,0.01049,0.00799,0.15167,0.00859,0.02136
0.01560,0.13027,0.25235,0.04796,0.02217,0.00966,0.12292,0.01413,0.09030,0.03696,0.01805,0.00946,0.04668,0.01884,0.09788,0.00598,0.00759,0.01715,0.00892,0.02712
0.03196,0.07901,0.03742,0.02913,0.01141,0.02783,0.55712,0.03050,0.00699,0.01296,0.01823,0.01803,0.01051,0.02620,0.00961,0.01436,0.01615,0.03463,0.01673,0.01122
0.01154,0.04501,0.22060,0.00784,0.07436,0.07848,0.01493,0.01561,0.00847,0.03277,0.01755,0.19321,0.01000,0.01649,0.00346,0.01211,0.04154,0.16060,0.02475,0.01067
0.01493,0.01326,0.01107,0.01852,0.01674,0.02220,0.02010,0.02357,0.01393,0.00995,0.25173,0.02285,0.07257,0.00553,0.00792,0.00337,0.00391,0.01568,0.00380,0.44839
0.00601,0.00682,0.00712,0.00629,0.27777,0.17667,0.01068,0.45914,0.00308,0.01066,0.00274,0.00506,0.00415,0.00262,0.00324,0.00169,0.00354,0.00800,0.00180,0.00292
0.56971,0.01858,0.03144,0.08898,0.02574,0.11221,0.04177,0.02355,0.01052,0.01201,0.00682,0.00745,0.00803,0.00522,0.00860,0.00458,0.00539,0.01075,0.00261,0.00603
0.03396,0.15330,0.15538,0.02053,0.00622,0.01146,0.14022,0.00713,0.03288,0.03394,0.01598,0.02683,0.00745,0.01005,0.01132,0.02002,0.01508,0.27042,0.01981,0.00802
0.06478,0.03434,0.00893,0.18248,0.00868,0.02235,0.12736,0.05372,0.02497,0.01020,0.01189,0.01666,0.28097,0.01261,0.00935,0.00546,0.00554,0.01858,0.01198,0.08916
0.01494,0.08300,0.08008,0.01948,0.03025,0.08632,0.27842,0.00747,0.00927,0.04539,0.00517,0.00769,0.00714,0.19291,0.01595,0.02149,0.01002,0.01196,0.06646,0.00660
0.03155,0.03243,0.14377,0.05045,0.01905,0.01895,0.05091,0.03483,0.04524,0.06506,0.02497,0.23322,0.03136,0.00789,0.01103,0.00840,0.00872,0.14823,0.01380,0.02015
0.04945,0.04587,0.49446,0.02373,0.01984,0.01374,0.19045,0.01408,0.01313,0.01624,0.00751,0.00820,0.01666,0.00920,0.00696,0.01443,0.01192,0.02893,0.00340,0.01179
0.07225,0.26297,0.01803,0.02551,0.01052,0.00941,0.41588,0.00908,0.00472,0.02718,0.00887,0.03104,0.00864,0.00563,0.00526,0.00492,0.00629,0.06161,0.00403,0.00816
0.07013,0.01142,0.11494,0.01045,0.20050,0.01933,0.02136,0.24434,0.02317,0.04473,0.01102,0.02188,0.07177,0.00643,0.02191,0.01615,0.01049,0.03466,0.00793,0.03740
0.14835,0.00884,0.01685,0.01689,0.02185,0.02014,0.48935,0.08797,0.00985,0.00380,0.01282,0.03567,0.00394,0.01191,0.00670,0.01172,0.00464,0.08048,0.00434,0.00387
0.69526,0.01337,0.04451,0.11330,0.00593,0.00383,0.01258,0.00452,0.00613,0.00436,0.00368,0.00690,0.02787,0.00508,0.00390,0.00694,0.01605,0.01229,0.00539,0.00812
0.66741,0.01603,0.03977,0.04774,0.03196,0.01926,0.01966,0.00642,0.00930,0.00740,0.00527,0.01565,0.02010,0.00428,0.00624,0.00374,0.00806,0.05844,0.00405,0.00924
0.04727,0.04085,0.25487,0.06956,0.01326,0.05979,0.16274,0.01108,0.01715,0.01534,0.02298,0.06359,0.00708,0.02467,0.10221,0.01037,0.00861,0.05797,0.00505,0.00558
0.01902,0.40054,0.02451,0.03097,0.01006,0.01943,0.05332,0.01567,0.04906,0.01256,0.01732,0.00796,0.18028,0.01730,0.00422,0.00836,0.00666,0.01034,0.00770,0.10474
0.31038,0.02775,0.03399,0.04377,0.05850,0.14737,0.01995,0.02871,0.01339,0.01201,0.02178,0.05451,0.09506,0.00784,0.00721,0.01005,0.00981,0.02531,0.02761,0.04502
0.01599,0.19544,0.01303,0.00772,0.12708,0.01840,0.07226,0.00714,0.00857,0.01702,0.00626,0.03150,0.02374,0.01775,0.00589,0.03221,0.00504,0.35760,0.02443,0.01294
