0.04203,0.01976,0.03029,0.02899,0.03062,0.02472,0.25952,0.32226,0.00705,0.01667,0.02274,0.02508,0.06088,0.00571,0.03453,0.02281,0.00567,0.00543,0.00896,0.02628
0.06628,0.03928,0.01843,0.04342,0.06200,0.06065,0.11313,0.13773,0.02289,0.03259,0.03156,0.08750,0.03597,0.04171,0.02121,0.03200,0.03099,0.01904,0.08463,0.01899
0.02767,0.07560,0.05328,0.06453,0.04393,0.03808,0.03799,0.17686,0.04117,0.02922,0.05341,0.06672,0.01866,0.03879,0.01741,0.01766,0.03916,0.02347,0.07556,0.06082
0.01667,0.02562,0.02033,0.01517,0.02741,0.02600,0.00806,0.00610,0.01183,0.02127,0.06886,0.23687,0.02049,0.07596,0.01910,0.07108,0.01270,0.01829,0.27353,0.02467
0.05697,0.01774,0.01075,0.01163,0.02158,0.01193,0.05848,0.11360,0.00997,0.13277,0.02269,0.10686,0.13686,0.02468,0.06218,0.01978,0.02786,0.01315,0.11673,0.02378
0.04942,0.04451,0.15508,0.14259,0.03832,0.05737,0.04591,0.05254,0.08654,0.05513,0.02743,0.02888,0.03573,0.03443,0.03490,0.02472,0.01889,0.01362,0.01515,0.03883
0.04245,0.03593,0.03131,0.02334,0.06771,0.04752,0.04926,0.03760,0.03085,0.02125,0.03021,0.14806,0.02634,0.02745,0.02321,0.04054,0.02433,0.09783,0.16498,0.02981
0.20159,0.02533,0.05845,0.04041,0.08072,0.12668,0.13925,0.06888,0.02980,0.01076,0.05772,0.01096,0.01718,0.02430,0.02852,0.01484,0.00905,0.02271,0.00615,0.02670
0.07711,0.02412,0.06887,0.04665,0.03706,0.01600,0.04456,0.04906,0.02681,0.02155,0.03752,0.01656,0.16748,0.08045,0.14588,0.02043,0.01742,0.03169,0.01399,0.05681
0.03225,0.23130,0.01264,0.20000,0.02907,0.02788,0.02690,0.06109,0.01306,0.04905,0.04060,0.07867,0.01573,0.01029,0.01809,0.01808,0.01443,0.00700,0.09885,0.01501
0.02509,0.01964,0.27153,0.23007,0.02412,0.02759,0.02372,0.02989,0.01609,0.01301,0.03308,0.04559,0.04455,0.01669,0.04142,0.02942,0.01817,0.02259,0.04405,0.02369
0.03173,0.04724,0.01882,0.03820,0.02339,0.01901,0.04652,0.03200,0.02623,0.01890,0.03302,0.01365,0.28143,0.03164,0.20141,0.04955,0.03354,0.01611,0.00503,0.03258
0.02684,0.02395,0.02490,0.02279,0.01489,0.02899,0.20704,0.24386,0.04067,0.03425,0.03661,0.09214,0.01922,0.03264,0.02453,0.01448,0.01548,0.00818,0.06586,0.02268
0.04910,0.01426,0.08751,0.05961,0.12514,0.02840,0.20212,0.02446,0.04313,0.01260,0.02635,0.02493,0.04499,0.03424,0.09357,0.02626,0.02139,0.01392,0.04967,0.01834
0.05192,0.01249,0.11041,0.02581,0.17041,0.01424,0.27301,0.03028,0.02291,0.03172,0.03585,0.02376,0.03158,0.02678,0.04437,0.03704,0.02252,0.00760,0.00758,0.01975
0.18100,0.04547,0.03792,0.03806,0.18899,0.03660,0.07559,0.04258,0.03881,0.04898,0.03082,0.01480,0.02045,0.03095,0.01772,0.04033,0.03395,0.04705,0.00806,0.02186
0.07885,0.02747,0.12113,0.10432,0.06699,0.02459,0.02333,0.00962,0.02841,0.02367,0.01797,0.02072,0.18404,0.03312,0.15424,0.02702,0.01642,0.01312,0.00802,0.01696
0.06543,0.02728,0.01305,0.02806,0.02537,0.02254,0.26178,0.31938,0.01387,0.02158,0.02187,0.01766,0.03893,0.01091,0.02779,0.03135,0.01106,0.00905,0.01577,0.01727
0.15800,0.05865,0.02745,0.03773,0.15781,0.03073,0.04207,0.04508,0.02515,0.02485,0.04509,0.03667,0.04524,0.03034,0.04913,0.05320,0.02358,0.02210,0.03975,0.04742
0.05081,0.04880,0.08803,0.01719,0.04130,0.04592,0.06386,0.05594,0.06965,0.01465,0.01835,0.02987,0.17975,0.01681,0.14113,0.02548,0.01470,0.02146,0.02165,0.03467
0.32270,0.01852,0.02365,0.03163,0.03275,0.25007,0.06538,0.03251,0.03157,0.01430,0.02371,0.01387,0.02307,0.02121,0.01617,0.01579,0.01397,0.01294,0.00548,0.03071
0.26518,0.03403,0.02510,0.02120,0.02965,0.20114,0.03758,0.06348,0.04991,0.03016,0.01503,0.02294,0.03699,0.01565,0.03742,0.03015,0.02673,0.00969,0.01713,0.03082
0.01995,0.03756,0.24614,0.01702,0.02613,0.02227,0.00917,0.00928,0.02344,0.27164,0.05897,0.05722,0.02328,0.03687,0.01401,0.03801,0.01190,0.01524,0.04452,0.01740
0.06940,0.04321,0.02958,0.06957,0.13753,0.08906,0.07778,0.09368,0.03291,0.03205,0.05569,0.03264,0.06173,0.01426,0.03982,0.02317,0.03173,0.01015,0.02586,0.03016
0.02780,0.01520,0.39039,0.36652,0.01961,0.02130,0.01347,0.01382,0.01065,0.01225,0.01271,0.01035,0.01104,0.01745,0.00774,0.01442,0.00849,0.00614,0.00927,0.01137
0.05547,0.02384,0.01485,0.02645,0.02788,0.04692,0.22045,0.29416,0.00887,0.04982,0.03761,0.01791,0.02625,0.02467,0.02948,0.03100,0.01437,0.01032,0.01654,0.02316
0.03902,0.01699,0.05338,0.03810,0.07087,0.01801,0.06238,0.02826,0.03659,0.02964,0.02966,0.20038,0.02009,0.02846,0.02020,0.02763,0.01445,0.01002,0.24209,0.01376
0.05478,0.03498,0.02754,0.18547,0.04609,0.06073,0.08533,0.26460,0.02972,0.02593,0.03081,0.01851,0.01428,0.02003,0.01958,0.01099,0.02147,0.02205,0.00859,0.01852
0.13695,0.01056,0.03056,0.01847,0.10645,0.04085,0.03878,0.02453,0.04087,0.03888,0.04690,0.08256,0.06753,0.06173,0.10049,0.03105,0.02752,0.02899,0.04044,0.02588
0.00724,0.00348,0.00430,0.00468,0.42433,0.00739,0.01605,0.02165,0.00499,0.00623,0.00528,0.00839,0.00637,0.00830,0.00235,0.00380,0.01006,0.44512,0.00389,0.00609
0.12787,0.01397,0.07896,0.02886,0.10153,0.08685,0.12606,0.04319,0.03219,0.03144,0.05103,0.01954,0.02703,0.03527,0.03068,0.03348,0.02219,0.05674,0.01805,0.03508
0.01507,0.02302,0.01737,0.01040,0.02408,0.01251,0.03692,0.01077,0.00932,0.01417,0.02309,0.03652,0.32037,0.01541,0.26806,0.02697,0.05290,0.03748,0.01015,0.03539
0.10078,0.16508,0.06876,0.14902,0.05770,0.04113,0.05402,0.01920,0.05674,0.00800,0.03891,0.04567,0.05196,0.03089,0.02245,0.01802,0.01040,0.00676,0.03649,0.01804
0.17133,0.02599,0.02324,0.02541,0.21449,0.04415,0.04322,0.03180,0.02368,0.02873,0.02681,0.02539,0.10128,0.01924,0.06185,0.03019,0.02611,0.00639,0.02126,0.04945
0.02912,0.00749,0.09714,0.03137,0.03238,0.02910,0.05060,0.02688,0.02773,0.01450,0.02905,0.20363,0.03094,0.00811,0.02342,0.03972,0.01997,0.06420,0.22348,0.01117
0.35227,0.02982,0.01618,0.01397,0.29458,0.03604,0.02361,0.03385,0.01858,0.01086,0.01781,0.01120,0.02660,0.01803,0.00565,0.02792,0.01351,0.02868,0.00762,0.01322
0.11672,0.03449,0.04787,0.09105,0.10202,0.04911,0.07103,0.06855,0.02545,0.03840,0.03526,0.02901,0.07885,0.03002,0.03566,0.05130,0.02086,0.01258,0.03708,0.02469
0.15238,0.04878,0.03384,0.01628,0.20805,0.01858,0.07589,0.05590,0.05577,0.05477,0.02902,0.02181,0.02561,0.03247,0.02103,0.05432,0.02280,0.02346,0.01959,0.02964
0.03518,0.02953,0.03151,0.01335,0.02660,0.03546,0.01162,0.01453,0.01711,0.01556,0.04311,0.01634,0.35027,0.00967,0.26144,0.02633,0.01776,0.00962,0.00960,0.02543
0.07688,0.07426,0.04160,0.06801,0.10038,0.06056,0.12782,0.12468,0.03126,0.06808,0.02899,0.00889,0.02878,0.04583,0.01440,0.03113,0.01553,0.01255,0.01717,0.02318
0.03614,0.15930,0.01536,0.16284,0.03642,0.00467,0.02285,0.12938,0.02697,0.16193,0.04089,0.03109,0.01143,0.02826,0.00765,0.03668,0.01845,0.03247,0.01545,0.02179
0.15257,0.01287,0.03106,0.01868,0.03502,0.12455,0.02468,0.02502,0.02441,0.01565,0.03158,0.01813,0.17917,0.03752,0.14437,0.02261,0.04290,0.00806,0.01309,0.03808
0.03479,0.02056,0.05184,0.03120,0.02026,0.03155,0.03177,0.03387,0.03287,0.04291,0.03077,0.22573,0.02135,0.01997,0.01138,0.02539,0.01317,0.02847,0.27285,0.01930
0.07988,0.01509,0.05097,0.02773,0.05707,0.05449,0.04503,0.05784,0.02166,0.01063,0.02008,0.19729,0.04572,0.02846,0.02602,0.02676,0.01790,0.01340,0.18821,0.01576
0.21861,0.04072,0.03320,0.02560,0.04016,0.12079,0.03679,0.04299,0.05985,0.01539,0.04778,0.02637,0.09309,0.01002,0.05650,0.03444,0.02276,0.01628,0.01161,0.04704
0.04158,0.03743,0.01588,0.04401,0.04869,0.02699,0.03902,0.03307,0.02173,0.05785,0.03167,0.14837,0.05798,0.02656,0.09030,0.05219,0.01038,0.02226,0.14949,0.04453
0.09852,0.02872,0.02891,0.05201,0.10457,0.06889,0.05253,0.08781,0.03902,0.05923,0.02133,0.02849,0.14525,0.01786,0.09185,0.01450,0.00726,0.02255,0.01275,0.01795
0.18356,0.01428,0.05025,0.01323,0.04745,0.11847,0.05519,0.03530,0.03193,0.02495,0.02917,0.04091,0.08807,0.04552,0.07224,0.06078,0.02113,0.03208,0.01585,0.01964
0.33338,0.01934,0.01613,0.01660,0.26840,0.03528,0.01748,0.02855,0.02698,0.02958,0.03227,0.01788,0.04872,0.01133,0.02719,0.01122,0.02266,0.00520,0.00527,0.02651
0.06308,0.02865,0.01866,0.02805,0.05285,0.01475,0.02481,0.04935,0.01234,0.01854,0.03497,0.02883,0.29107,0.01733,0.22143,0.01393,0.02545,0.00759,0.01347,0.03486
0.04003,0.03543,0.04229,0.05492,0.03742,0.02879,0.07879,0.05462,0.04392,0.03332,0.01842,0.19327,0.02295,0.01303,0.01993,0.01348,0.01872,0.01453,0.21022,0.02593
0.02239,0.12628,0.11566,0.15089,0.05236,0.02923,0.06024,0.02326,0.03289,0.00797,0.03903,0.04766,0.06406,0.02386,0.06344,0.02197,0.00741,0.00776,0.06783,0.03579
0.03969,0.02268,0.01246,0.01356,0.03677,0.02296,0.04018,0.05432,0.01165,0.02305,0.02226,0.03616,0.31195,0.01605,0.21953,0.03633,0.01512,0.01392,0.03084,0.02051
0.06365,0.04562,0.03583,0.02862,0.03426,0.03608,0.01718,0.01605,0.02574,0.01730,0.02631,0.02553,0.28118,0.02330,0.22568,0.02636,0.01514,0.01519,0.01302,0.02794
0.01009,0.00999,0.04055,0.00666,0.00821,0.02385,0.02431,0.02582,0.01744,0.01502,0.04807,0.24499,0.03128,0.04279,0.02856,0.06397,0.00813,0.01184,0.29263,0.04579
0.01873,0.02381,0.31119,0.02457,0.02790,0.00928,0.02206,0.02003,0.01854,0.35571,0.02999,0.02392,0.01564,0.02047,0.00809,0.02312,0.01000,0.01223,0.01137,0.01334
0.03112,0.20279,0.03407,0.20297,0.04567,0.03143,0.04405,0.03766,0.03360,0.01942,0.04406,0.04915,0.02244,0.03739,0.01032,0.02176,0.01657,0.01817,0.06653,0.03083
0.02405,0.06453,0.02621,0.06610,0.03087,0.08284,0.04000,0.01791,0.04446,0.02157,0.02078,0.02725,0.18738,0.02737,0.14644,0.03616,0.03929,0.01382,0.04236,0.04060
0.04863,0.03861,0.05622,0.02936,0.03996,0.02550,0.05058,0.06729,0.03119,0.04143,0.03528,0.02706,0.22306,0.02709,0.17679,0.01825,0.01649,0.01481,0.01483,0.01757
0.04003,0.04072,0.17756,0.05434,0.05596,0.05096,0.02747,0.07049,0.17661,0.01918,0.04124,0.05968,0.02718,0.02357,0.00979,0.01604,0.02329,0.01602,0.04271,0.02715
0.03141,0.04254,0.01560,0.02309,0.01818,0.03761,0.02864,0.03208,0.05250,0.02470,0.02114,0.01655,0.28864,0.01910,0.21350,0.02688,0.03902,0.01996,0.01020,0.03865
0.03504,0.38046,0.02261,0.33925,0.02053,0.00949,0.04111,0.01125,0.01583,0.00736,0.01748,0.00931,0.01489,0.01800,0.01408,0.00682,0.00712,0.00826,0.00847,0.01265
0.06131,0.04115,0.01210,0.02923,0.06026,0.04311,0.17825,0.21988,0.02226,0.01389,0.02925,0.07479,0.04687,0.01154,0.01793,0.02383,0.01589,0.01809,0.04994,0.03042
0.15227,0.02334,0.02225,0.03970,0.11843,0.04726,0.01602,0.05878,0.01675,0.01510,0.02263,0.15629,0.04960,0.01023,0.03065,0.02070,0.00874,0.00954,0.16057,0.02113
0.04255,0.02929,0.02124,0.01996,0.06675,0.20374,0.07761,0.19267,0.00867,0.04244,0.04758,0.03830,0.03667,0.02982,0.00777,0.02416,0.03236,0.03463,0.02644,0.01734
0.01546,0.02142,0.03859,0.01711,0.06578,0.01645,0.07830,0.22157,0.01845,0.22976,0.03224,0.01430,0.07003,0.02522,0.02819,0.03860,0.01344,0.01181,0.02784,0.01544
0.08417,0.01778,0.02780,0.02812,0.10846,0.04971,0.03146,0.03481,0.01274,0.02719,0.01800,0.13028,0.03955,0.04873,0.01309,0.06799,0.02801,0.01797,0.17750,0.03662
0.05669,0.01349,0.09206,0.02510,0.03676,0.08822,0.17903,0.21024,0.08348,0.01146,0.01474,0.02980,0.01657,0.02119,0.00576,0.01742,0.02408,0.02391,0.02908,0.02092
0.03807,0.17654,0.03488,0.16252,0.03648,0.02576,0.05333,0.15931,0.04222,0.13227,0.01341,0.02654,0.00919,0.01056,0.01585,0.00493,0.01231,0.00909,0.02477,0.01194
0.26692,0.01760,0.01533,0.01513,0.04377,0.15581,0.02083,0.01739,0.02405,0.01124,0.03510,0.01940,0.17354,0.05510,0.05208,0.02100,0.00934,0.00834,0.00593,0.03211
0.34864,0.02274,0.02895,0.02717,0.02976,0.27779,0.01390,0.03037,0.01332,0.01258,0.02741,0.01592,0.01763,0.02601,0.02355,0.00961,0.03575,0.00768,0.01410,0.01713
0.26789,0.01615,0.05071,0.02420,0.12408,0.20060,0.07869,0.02003,0.02609,0.02084,0.01155,0.02578,0.01356,0.01947,0.01693,0.01992,0.01216,0.02267,0.01947,0.00921
0.04470,0.05958,0.13564,0.12876,0.06812,0.04822,0.05981,0.06842,0.02013,0.06865,0.02624,0.05199,0.03730,0.02238,0.03323,0.01127,0.01188,0.01517,0.03039,0.05814
0.02113,0.02433,0.01646,0.01762,0.02785,0.00594,0.03947,0.00684,0.01144,0.00497,0.05777,0.21058,0.10157,0.01685,0.04323,0.03522,0.01962,0.00709,0.24434,0.08772
0.09176,0.01377,0.20506,0.03854,0.05520,0.03479,0.05703,0.03132,0.03877,0.23091,0.01312,0.02240,0.03097,0.01755,0.02308,0.02000,0.03104,0.01356,0.00940,0.02172
0.18329,0.04764,0.04256,0.06250,0.06487,0.09876,0.05053,0.02253,0.03392,0.03204,0.02426,0.05193,0.03513,0.04281,0.02664,0.04611,0.01989,0.02331,0.06392,0.02735
0.02415,0.02817,0.25541,0.01259,0.04128,0.04896,0.09153,0.09086,0.15050,0.08879,0.01506,0.02137,0.02762,0.00765,0.02080,0.01656,0.01043,0.00930,0.01315,0.02580
0.03651,0.02969,0.06123,0.03707,0.01487,0.03187,0.05245,0.04687,0.04542,0.05871,0.08595,0.03740,0.11995,0.04434,0.08882,0.04584,0.02698,0.00983,0.02698,0.09922
0.01968,0.01370,0.01149,0.01077,0.00636,0.02266,0.01563,0.01638,0.01202,0.00669,0.02062,0.02205,0.37569,0.01466,0.31452,0.02525,0.00844,0.02714,0.03415,0.02208
0.03259,0.02205,0.02770,0.01776,0.03670,0.00601,0.05679,0.01728,0.02231,0.00999,0.03116,0.03408,0.30438,0.01595,0.22169,0.03255,0.04136,0.01058,0.03609,0.02299
0.11717,0.02771,0.03587,0.03109,0.17679,0.04621,0.01787,0.01682,0.01115,0.01505,0.07069,0.07766,0.06453,0.02948,0.01250,0.05795,0.02829,0.00588,0.11090,0.04637
0.18238,0.03188,0.03608,0.04012,0.21527,0.03711,0.03125,0.02365,0.02654,0.02749,0.03819,0.03083,0.04531,0.01362,0.04172,0.04672,0.02244,0.00932,0.03770,0.06236
0.04312,0.01890,0.02817,0.02939,0.03275,0.05312,0.03242,0.06270,0.01905,0.02118,0.03817,0.20276,0.03847,0.02683,0.01584,0.01552,0.01758,0.01748,0.25377,0.03279
0.03658,0.02671,0.07196,0.00997,0.02618,0.02451,0.21715,0.27968,0.07786,0.01741,0.02203,0.01695,0.04153,0.02930,0.01854,0.03867,0.00836,0.01385,0.00862,0.01413
0.01291,0.02104,0.02336,0.01313,0.00829,0.01262,0.02437,0.01806,0.01517,0.02454,0.02785,0.25106,0.05025,0.03392,0.06893,0.00854,0.02294,0.00551,0.29438,0.06314
0.16021,0.03709,0.05600,0.04034,0.06056,0.11910,0.05995,0.09553,0.06025,0.03453,0.04184,0.03067,0.01518,0.05083,0.01676,0.01437,0.01781,0.04161,0.01784,0.02954
0.07677,0.02848,0.02635,0.04101,0.04849,0.04987,0.17116,0.22649,0.03406,0.01594,0.03919,0.01781,0.02140,0.04051,0.03792,0.02072,0.01915,0.04401,0.01441,0.02626
0.13933,0.11248,0.03232,0.02682,0.17228,0.02197,0.05861,0.07991,0.06559,0.06120,0.03370,0.01240,0.02459,0.04518,0.01279,0.02459,0.01625,0.01378,0.00882,0.03738
0.07268,0.03826,0.03514,0.02144,0.09364,0.09757,0.09522,0.15332,0.01595,0.02977,0.03005,0.03327,0.05311,0.02330,0.04612,0.03229,0.02830,0.01800,0.05305,0.02952
0.01994,0.03046,0.02416,0.00625,0.01697,0.02768,0.01255,0.00734,0.02042,0.02131,0.04016,0.09126,0.25501,0.01776,0.20501,0.05575,0.01393,0.00958,0.10099,0.02347
0.05391,0.03588,0.02068,0.02419,0.02672,0.04920,0.06889,0.08999,0.01311,0.01616,0.02324,0.15442,0.04962,0.03211,0.02696,0.03419,0.01035,0.02888,0.20282,0.03869
0.03301,0.03583,0.25404,0.25700,0.01958,0.04229,0.07213,0.05188,0.02863,0.01753,0.02473,0.02582,0.01302,0.01244,0.02086,0.02029,0.01265,0.01676,0.01293,0.02858
0.01976,0.05210,0.02247,0.03382,0.01994,0.11494,0.18428,0.24523,0.05671,0.08531,0.03787,0.01971,0.01957,0.02131,0.01923,0.01292,0.01121,0.00738,0.00615,0.01008
0.01226,0.11886,0.01531,0.19566,0.01838,0.00566,0.02905,0.01524,0.01818,0.00748,0.10432,0.03583,0.06523,0.01435,0.15388,0.01247,0.00544,0.00317,0.01383,0.15541
0.07327,0.02918,0.05856,0.05258,0.04432,0.06616,0.05837,0.04808,0.04606,0.01766,0.02385,0.13375,0.02555,0.03405,0.01719,0.02581,0.04053,0.03691,0.14814,0.01997
0.02510,0.22851,0.10805,0.23075,0.04002,0.03157,0.06641,0.03679,0.02011,0.04366,0.01191,0.03111,0.01673,0.01806,0.01854,0.01405,0.01359,0.01813,0.01506,0.01184
0.01965,0.28516,0.03901,0.02250,0.01458,0.01965,0.01849,0.36468,0.03605,0.00918,0.03381,0.00914,0.01666,0.01895,0.02480,0.01852,0.00630,0.00508,0.00975,0.02807
0.05397,0.03294,0.02977,0.01272,0.03277,0.04962,0.22843,0.31515,0.01540,0.03504,0.03404,0.01672,0.02868,0.01440,0.01399,0.03373,0.01148,0.02418,0.00767,0.00931
0.07319,0.01808,0.02556,0.26814,0.03864,0.06697,0.02705,0.26318,0.02063,0.02173,0.02280,0.01565,0.02497,0.02577,0.01313,0.01209,0.01107,0.01058,0.02024,0.02054
0.24522,0.02173,0.02640,0.03185,0.05070,0.16052,0.04328,0.01831,0.03232,0.01369,0.05073,0.02152,0.08172,0.02109,0.02627,0.04299,0.02688,0.01516,0.02697,0.04264
0.11209,0.03203,0.15705,0.14461,0.07954,0.05217,0.04020,0.02264,0.03866,0.05844,0.02292,0.02401,0.05520,0.03408,0.03715,0.01703,0.00786,0.02657,0.01050,0.02725
0.05034,0.03910,0.04214,0.06707,0.05120,0.15713,0.07946,0.11433,0.04555,0.15332,0.01793,0.04308,0.01862,0.01517,0.01660,0.00870,0.01740,0.01999,0.01835,0.02454
0.05130,0.01683,0.30891,0.02589,0.03118,0.01269,0.01605,0.01620,0.01392,0.35557,0.02301,0.01583,0.03843,0.00886,0.02315,0.00614,0.00669,0.00520,0.00854,0.01562
0.18230,0.02371,0.04535,0.16053,0.06877,0.08618,0.01503,0.16915,0.02350,0.04044,0.04594,0.01999,0.02862,0.00950,0.02347,0.01841,0.01043,0.00484,0.00883,0.01503
0.30623,0.03585,0.02708,0.02944,0.03982,0.23317,0.05085,0.01621,0.02777,0.02582,0.04443,0.03163,0.01409,0.02368,0.01261,0.02273,0.00883,0.02680,0.00925,0.01372
0.03367,0.03296,0.04160,0.01136,0.02752,0.05641,0.01248,0.01333,0.02204,0.00494,0.06524,0.04532,0.20366,0.04777,0.18062,0.11260,0.01852,0.01058,0.02176,0.03764
0.07628,0.01345,0.01128,0.05845,0.05295,0.03880,0.02062,0.02911,0.01039,0.00811,0.00969,0.23616,0.04307,0.02074,0.03097,0.01038,0.01250,0.01144,0.28319,0.02244
0.07941,0.02066,0.26702,0.06153,0.04081,0.01037,0.01702,0.02617,0.00945,0.32641,0.01688,0.00779,0.02006,0.01286,0.02999,0.01830,0.01021,0.00433,0.00768,0.01305
0.04744,0.03621,0.02807,0.25735,0.05009,0.02188,0.03077,0.22930,0.01831,0.03058,0.02474,0.03272,0.02208,0.03119,0.03409,0.01384,0.01070,0.02438,0.03350,0.02274
0.11844,0.03055,0.05860,0.17151,0.06333,0.06566,0.02573,0.11823,0.02371,0.06038,0.00831,0.02134,0.08386,0.02303,0.03424,0.02001,0.01932,0.02233,0.01350,0.01793
0.06778,0.07124,0.01477,0.05674,0.06454,0.04444,0.03353,0.13752,0.07570,0.07005,0.02795,0.04239,0.08523,0.01765,0.03972,0.03059,0.00904,0.01709,0.05192,0.04209
0.07776,0.04608,0.02026,0.04082,0.05179,0.04147,0.19249,0.22655,0.02285,0.04876,0.02380,0.02162,0.03734,0.02233,0.02439,0.02593,0.01991,0.02239,0.01062,0.02285
0.03007,0.02231,0.02516,0.00772,0.02012,0.01612,0.01402,0.01028,0.02195,0.01863,0.11788,0.03288,0.23937,0.03865,0.18720,0.07980,0.01756,0.00513,0.01758,0.07758
0.02899,0.01258,0.02218,0.00803,0.01965,0.01423,0.02043,0.09537,0.02046,0.17779,0.03287,0.02289,0.18258,0.02090,0.11190,0.15556,0.01127,0.01484,0.01417,0.01330
0.02314,0.03063,0.03847,0.03074,0.01191,0.10792,0.03627,0.08813,0.06554,0.03269,0.00395,0.11290,0.01370,0.01587,0.01717,0.02327,0.02996,0.16828,0.10632,0.04315
0.06135,0.01525,0.04854,0.08330,0.04235,0.02173,0.03629,0.05315,0.00891,0.04324,0.02730,0.20485,0.01983,0.01407,0.00990,0.03669,0.02942,0.01083,0.21799,0.01500
0.19201,0.08979,0.01907,0.02273,0.02561,0.13785,0.02787,0.19104,0.02170,0.03302,0.04452,0.01359,0.02095,0.08926,0.00840,0.01738,0.02073,0.00544,0.00551,0.01352
0.18826,0.02881,0.06630,0.04114,0.03806,0.11577,0.05541,0.04813,0.08627,0.03014,0.02037,0.02935,0.04252,0.07599,0.02954,0.01811,0.01763,0.02003,0.02496,0.02323
0.03053,0.01878,0.36914,0.01119,0.01926,0.04525,0.02665,0.02011,0.28242,0.02404,0.01519,0.01888,0.03479,0.00805,0.01201,0.01864,0.00422,0.00998,0.01259,0.01829
0.04074,0.03045,0.25350,0.03555,0.04342,0.06026,0.04200,0.04959,0.08574,0.18398,0.02206,0.00916,0.02637,0.02493,0.01922,0.01600,0.02054,0.01248,0.00555,0.01846
0.13099,0.01237,0.01715,0.02642,0.03214,0.11024,0.02662,0.02156,0.01530,0.01490,0.00944,0.21693,0.02954,0.02496,0.00739,0.01279,0.01084,0.01132,0.25290,0.01618
0.04594,0.02687,0.07640,0.03021,0.02682,0.05874,0.18249,0.25747,0.02235,0.07055,0.02690,0.01372,0.02504,0.02814,0.02662,0.02299,0.01415,0.02662,0.00708,0.01088
0.14762,0.04478,0.01843,0.02231,0.02734,0.11121,0.04126,0.04872,0.03995,0.01507,0.03246,0.01379,0.19803,0.02248,0.12250,0.02123,0.01295,0.00844,0.00635,0.04509
0.01246,0.00686,0.34257,0.32340,0.01415,0.01902,0.02003,0.01487,0.00793,0.02588,0.02067,0.02509,0.02960,0.01060,0.03508,0.01843,0.01432,0.00970,0.01642,0.03290
0.04504,0.03421,0.03885,0.07330,0.07939,0.03807,0.05019,0.05923,0.03836,0.02361,0.02639,0.02020,0.21464,0.01655,0.15221,0.02860,0.01153,0.01191,0.01476,0.02297
0.01866,0.03066,0.04520,0.01634,0.01416,0.03007,0.02772,0.03188,0.01705,0.02368,0.02959,0.23652,0.01917,0.05001,0.01226,0.02804,0.02535,0.04184,0.26026,0.04155
0.05052,0.02258,0.11241,0.21899,0.03131,0.04588,0.02294,0.15580,0.08593,0.03066,0.03966,0.00762,0.03177,0.03457,0.02467,0.03761,0.00786,0.01150,0.00588,0.02183
0.02147,0.02658,0.02899,0.01724,0.01605,0.04766,0.24268,0.26520,0.02717,0.01011,0.01726,0.08984,0.01644,0.01811,0.01605,0.02287,0.01092,0.00593,0.06654,0.03290
0.08145,0.03343,0.02664,0.01650,0.02714,0.06633,0.24171,0.29200,0.03532,0.01038,0.01589,0.01288,0.03041,0.01049,0.01679,0.02094,0.01933,0.01552,0.00750,0.01933
0.05391,0.04006,0.00922,0.01685,0.02551,0.04176,0.04758,0.08713,0.00766,0.00855,0.02011,0.07461,0.19341,0.00768,0.06800,0.07195,0.06639,0.01232,0.11537,0.03192
0.22319,0.03655,0.04668,0.04918,0.23475,0.05892,0.02402,0.02384,0.03406,0.03072,0.03503,0.02143,0.02447,0.02464,0.01855,0.03305,0.02519,0.01476,0.01465,0.02633
0.06374,0.04167,0.09396,0.03714,0.03283,0.04654,0.05635,0.06332,0.04303,0.02108,0.02924,0.14820,0.01938,0.02197,0.02574,0.02180,0.00886,0.02522,0.15002,0.04993
0.10244,0.05636,0.02031,0.04992,0.04446,0.05486,0.14326,0.18037,0.02885,0.02406,0.03128,0.02329,0.05007,0.02976,0.01300,0.04169,0.03777,0.00967,0.00853,0.05006
0.03804,0.01552,0.01260,0.01038,0.02206,0.01676,0.02027,0.01433,0.01071,0.00642,0.00667,0.13395,0.24236,0.01771,0.15069,0.02552,0.04209,0.01223,0.15525,0.04644
0.27690,0.04169,0.01453,0.01274,0.35232,0.03872,0.02685,0.03359,0.01811,0.01466,0.02212,0.01523,0.01677,0.01756,0.01246,0.02629,0.01131,0.00956,0.02168,0.01690
0.27954,0.00809,0.03192,0.02288,0.13246,0.23346,0.05517,0.02318,0.00910,0.01678,0.03168,0.01648,0.01689,0.01152,0.02155,0.02536,0.02141,0.01215,0.02001,0.01037
0.02541,0.02882,0.18104,0.09921,0.04878,0.02763,0.01467,0.08036,0.14371,0.01022,0.07655,0.04427,0.05816,0.02797,0.01773,0.03152,0.00941,0.01371,0.02431,0.03653
0.05805,0.01971,0.02752,0.03239,0.06412,0.01375,0.04394,0.03235,0.05413,0.02300,0.07089,0.17402,0.02799,0.03700,0.03005,0.04056,0.00748,0.00794,0.21081,0.02431
0.08883,0.01274,0.02221,0.22224,0.09836,0.03294,0.02274,0.17821,0.01032,0.01490,0.02584,0.06476,0.03455,0.02325,0.01231,0.01746,0.02107,0.00471,0.05512,0.03744
0.03679,0.02036,0.13362,0.01854,0.08387,0.03313,0.03757,0.05503,0.01015,0.18388,0.05176,0.03356,0.06055,0.01629,0.08365,0.04947,0.01519,0.01631,0.00827,0.05199
0.04315,0.04099,0.03657,0.01520,0.03620,0.02310,0.04202,0.02600,0.01269,0.03647,0.03433,0.02848,0.28664,0.02912,0.22645,0.02212,0.01483,0.01981,0.01206,0.01379
0.01943,0.03590,0.03033,0.03198,0.04713,0.07500,0.20875,0.29616,0.03675,0.03435,0.02182,0.03549,0.02550,0.01297,0.01789,0.00905,0.01297,0.01459,0.01993,0.01402
0.02453,0.01210,0.01496,0.01290,0.03082,0.01218,0.04312,0.29432,0.00993,0.35648,0.01882,0.00829,0.02326,0.02307,0.01475,0.04468,0.01048,0.01286,0.00882,0.02363
0.07903,0.03261,0.01497,0.04741,0.07726,0.04500,0.13181,0.12466,0.01444,0.03201,0.02135,0.09124,0.02014,0.01697,0.02195,0.05014,0.01585,0.03603,0.09410,0.03304
0.14671,0.04914,0.03857,0.04738,0.13089,0.04380,0.04484,0.07330,0.02709,0.01259,0.04830,0.03993,0.04490,0.03561,0.02710,0.01614,0.02263,0.02864,0.01040,0.11205
0.06908,0.03430,0.05015,0.02350,0.08318,0.05294,0.05809,0.07880,0.03423,0.03322,0.05301,0.03583,0.08145,0.04085,0.06534,0.06007,0.05695,0.01339,0.03210,0.04351
0.16913,0.03861,0.01931,0.02387,0.23964,0.04763,0.07497,0.03301,0.04233,0.05422,0.02971,0.00684,0.05100,0.03185,0.00987,0.02931,0.02268,0.03155,0.02047,0.02401
0.32248,0.00560,0.02846,0.01025,0.04862,0.26503,0.04313,0.05691,0.01177,0.04842,0.01223,0.01502,0.02286,0.01501,0.01532,0.01555,0.01640,0.02308,0.00955,0.01430
0.26280,0.02303,0.01528,0.03135,0.20953,0.04564,0.03080,0.03204,0.02090,0.02875,0.02334,0.02156,0.09397,0.01040,0.06377,0.01481,0.01752,0.01419,0.01846,0.02186
0.28683,0.02496,0.05492,0.02871,0.04793,0.23798,0.02017,0.02234,0.02444,0.01096,0.03347,0.06720,0.01514,0.01240,0.01439,0.02070,0.01239,0.02387,0.02602,0.01518
0.03934,0.05883,0.04556,0.02529,0.04722,0.03399,0.02588,0.01865,0.07269,0.02307,0.03411,0.17490,0.03616,0.04652,0.02197,0.05218,0.02446,0.01012,0.18244,0.02662
0.11482,0.01298,0.01483,0.02428,0.17954,0.05971,0.11674,0.16087,0.03042,0.03694,0.05266,0.01755,0.06631,0.01183,0.01710,0.01400,0.01811,0.00477,0.00695,0.03960
0.11314,0.02749,0.01564,0.04829,0.05558,0.04381,0.23275,0.27034,0.00591,0.01039,0.02408,0.02144,0.02873,0.01603,0.01546,0.01336,0.02184,0.00419,0.00692,0.02460
0.34572,0.01274,0.00570,0.03002,0.02969,0.25460,0.02212,0.03711,0.02195,0.02973,0.03250,0.02735,0.02713,0.02478,0.01001,0.01823,0.01053,0.01501,0.02298,0.02210
0.06806,0.02312,0.17777,0.14803,0.05967,0.05870,0.06917,0.05527,0.03048,0.06094,0.01732,0.05236,0.02226,0.04842,0.01663,0.01427,0.01164,0.01840,0.02570,0.02180
0.02401,0.02344,0.30457,0.25945,0.01767,0.05377,0.02771,0.04205,0.02560,0.02128,0.01227,0.03863,0.01450,0.01944,0.01782,0.02678,0.01490,0.01294,0.02274,0.02044
0.05963,0.02741,0.01944,0.07125,0.06932,0.04502,0.03640,0.08776,0.05873,0.01909,0.05445,0.10489,0.04137,0.02543,0.01434,0.02518,0.03173,0.04154,0.14352,0.02349
0.02992,0.02218,0.30461,0.24615,0.03408,0.04834,0.01715,0.02872,0.02718,0.05453,0.01721,0.04472,0.00597,0.02698,0.00655,0.01324,0.01095,0.01203,0.03638,0.01313
0.19893,0.08666,0.02549,0.05404,0.21243,0.08656,0.05265,0.09447,0.01746,0.02513,0.02490,0.01696,0.00649,0.01517,0.01141,0.01895,0.00508,0.01390,0.01470,0.01863
0.19385,0.03597,0.01990,0.02207,0.15721,0.15410,0.13155,0.03096,0.04693,0.02246,0.02070,0.02787,0.02583,0.01058,0.01052,0.02666,0.01047,0.02698,0.00641,0.01899
0.05381,0.03061,0.03907,0.03100,0.03184,0.04264,0.21485,0.26066,0.06978,0.01044,0.02644,0.01780,0.03257,0.02732,0.01178,0.02425,0.01673,0.01079,0.01297,0.03465
0.21959,0.02223,0.05168,0.01490,0.25587,0.05559,0.02733,0.02542,0.02830,0.02649,0.05474,0.00771,0.04713,0.03017,0.03052,0.01462,0.01204,0.02741,0.01465,0.03361
0.02708,0.02349,0.01844,0.02506,0.03116,0.01025,0.02522,0.02784,0.01156,0.01945,0.03436,0.13956,0.18512,0.01840,0.17167,0.02454,0.01494,0.00973,0.15215,0.02999
0.05274,0.04264,0.03435,0.16506,0.05889,0.03664,0.04479,0.15788,0.03955,0.01235,0.05187,0.05419,0.03063,0.03156,0.02079,0.02894,0.03320,0.04482,0.02525,0.03385
0.07943,0.01946,0.03523,0.03642,0.02126,0.06685,0.02393,0.27655,0.01967,0.27404,0.01882,0.01876,0.01056,0.01373,0.01112,0.02055,0.01303,0.01614,0.01615,0.00829
0.37166,0.02436,0.02084,0.03190,0.05529,0.31806,0.02804,0.02712,0.01762,0.01206,0.01308,0.01026,0.00744,0.01042,0.00732,0.02015,0.00654,0.00693,0.00271,0.00821
0.06063,0.04116,0.09210,0.03721,0.09282,0.07834,0.07487,0.06639,0.01639,0.07825,0.03288,0.03450,0.03573,0.03534,0.02855,0.03331,0.02216,0.05534,0.03471,0.04933
0.08425,0.02759,0.02853,0.01099,0.05070,0.07311,0.03757,0.02821,0.01851,0.01841,0.06071,0.11373,0.11394,0.05025,0.05380,0.04644,0.02956,0.01476,0.10581,0.03311
0.20947,0.01707,0.05118,0.01077,0.05753,0.10058,0.10141,0.03825,0.05280,0.06772,0.03989,0.04507,0.04008,0.03091,0.02900,0.01300,0.02570,0.01190,0.00973,0.04793
0.02091,0.09139,0.02964,0.06751,0.03519,0.06500,0.16490,0.19802,0.02893,0.05793,0.04501,0.02091,0.03021,0.02530,0.01430,0.01720,0.02860,0.01796,0.01257,0.02854
0.37358,0.00595,0.02394,0.01937,0.02717,0.28322,0.04479,0.03208,0.02274,0.01373,0.01868,0.01257,0.03574,0.01200,0.01660,0.01040,0.01704,0.00904,0.01127,0.01010
0.17661,0.02535,0.17657,0.03447,0.02560,0.10259,0.04959,0.05662,0.05108,0.05061,0.01458,0.03446,0.02903,0.02725,0.01886,0.01653,0.01160,0.04647,0.02720,0.02492
0.08412,0.15868,0.01492,0.14952,0.02538,0.02040,0.04538,0.01307,0.02805,0.01183,0.06026,0.07790,0.08116,0.02134,0.03557,0.01417,0.01655,0.00749,0.09542,0.03878
0.05952,0.02893,0.01834,0.03512,0.03277,0.03412,0.25632,0.31067,0.01537,0.02337,0.00556,0.02873,0.02732,0.02784,0.01873,0.01795,0.01243,0.01770,0.01266,0.01655
0.03089,0.01161,0.02045,0.01395,0.02247,0.00892,0.01148,0.04521,0.01841,0.02483,0.02842,0.29023,0.04000,0.01630,0.02668,0.01251,0.01256,0.02083,0.32339,0.02086
0.06316,0.03323,0.01324,0.01251,0.09784,0.04824,0.03254,0.06229,0.00907,0.01705,0.03436,0.07429,0.14719,0.02347,0.09312,0.05221,0.03145,0.01581,0.09343,0.04549
0.03530,0.04206,0.02350,0.07170,0.04865,0.01301,0.04591,0.03199,0.02459,0.01751,0.03126,0.03603,0.22205,0.02444,0.19700,0.02974,0.01108,0.01710,0.03914,0.03793
0.09951,0.02031,0.01506,0.03828,0.07896,0.03575,0.02879,0.02036,0.01793,0.01736,0.05813,0.18027,0.01730,0.04765,0.01773,0.07438,0.01637,0.00899,0.17496,0.03190
0.03003,0.01888,0.02441,0.04948,0.01747,0.01307,0.02694,0.01337,0.03363,0.02118,0.04090,0.02916,0.29106,0.04285,0.22196,0.03370,0.02110,0.01748,0.00760,0.04572
0.08725,0.03519,0.03331,0.01929,0.07951,0.05765,0.06231,0.20542,0.02945,0.19752,0.04014,0.01897,0.02454,0.02131,0.01846,0.01827,0.01514,0.00650,0.01272,0.01705
0.15726,0.01824,0.02502,0.01882,0.17774,0.03850,0.02545,0.02038,0.01555,0.01538,0.02310,0.10065,0.02357,0.08131,0.01103,0.01885,0.01953,0.05936,0.13134,0.01892
0.07096,0.02682,0.03111,0.04575,0.03530,0.04162,0.13224,0.18051,0.03190,0.00885,0.09008,0.03422,0.06942,0.02991,0.05477,0.03854,0.01621,0.01268,0.01024,0.03888
0.06454,0.08235,0.15626,0.05130,0.04684,0.05432,0.03182,0.02291,0.13349,0.02133,0.02150,0.05972,0.02095,0.04603,0.01143,0.03993,0.04771,0.01553,0.04367,0.02838
0.07951,0.02191,0.10927,0.00484,0.05771,0.07093,0.12922,0.17641,0.02251,0.13346,0.02687,0.01020,0.01158,0.01917,0.00852,0.01839,0.03783,0.02480,0.00558,0.03130
0.05315,0.01225,0.02064,0.06667,0.01361,0.05150,0.03790,0.02332,0.02929,0.00782,0.07681,0.01610,0.28816,0.01968,0.21573,0.03679,0.00554,0.00318,0.00629,0.01558
0.06881,0.02442,0.03159,0.02515,0.03258,0.06142,0.16776,0.21699,0.02367,0.03158,0.02166,0.04373,0.04208,0.02235,0.04696,0.04067,0.01975,0.01222,0.04297,0.02364
0.02426,0.03053,0.18503,0.17206,0.02214,0.02086,0.04565,0.02687,0.02239,0.02457,0.03594,0.09174,0.02162,0.03766,0.01015,0.08029,0.01750,0.00947,0.08496,0.03633
0.04794,0.05510,0.01298,0.23333,0.06159,0.03642,0.01930,0.18542,0.01249,0.02303,0.05154,0.05652,0.02015,0.03275,0.03270,0.03698,0.01802,0.01603,0.01667,0.03106
0.03676,0.00798,0.01161,0.03062,0.03586,0.03190,0.04827,0.14666,0.01792,0.14753,0.03559,0.14206,0.01839,0.02752,0.01487,0.01800,0.00446,0.01756,0.18232,0.02412
0.04832,0.02369,0.01791,0.02847,0.02662,0.00736,0.03640,0.29136,0.03571,0.32432,0.01582,0.02107,0.01429,0.01436,0.00864,0.02172,0.01165,0.00928,0.02421,0.01881
0.10124,0.03849,0.06428,0.02219,0.02553,0.09254,0.01806,0.04957,0.02761,0.02194,0.02685,0.17383,0.01775,0.03108,0.01272,0.01082,0.01743,0.05147,0.17194,0.02465
0.10861,0.07397,0.04391,0.06679,0.12055,0.02722,0.04463,0.05778,0.06970,0.06163,0.04135,0.02535,0.01510,0.09458,0.01874,0.02089,0.02357,0.01897,0.01603,0.05066
0.05900,0.01253,0.00889,0.00705,0.02748,0.01931,0.29656,0.31992,0.02775,0.01140,0.05001,0.02663,0.00599,0.00903,0.00869,0.05698,0.00888,0.01500,0.00759,0.02134
0.02873,0.02837,0.01495,0.22930,0.05819,0.01294,0.02560,0.17624,0.00825,0.03524,0.04219,0.10523,0.02252,0.01109,0.01237,0.01625,0.02311,0.01611,0.10835,0.02499
0.28766,0.01398,0.02165,0.02452,0.02456,0.19768,0.02603,0.03061,0.05076,0.02428,0.03386,0.01595,0.09592,0.01103,0.02298,0.02202,0.01370,0.00977,0.02140,0.05164
0.03476,0.04199,0.02795,0.02496,0.03414,0.04597,0.03038,0.02425,0.01172,0.03660,0.10319,0.17946,0.01788,0.03959,0.02296,0.06230,0.01711,0.01631,0.20166,0.02683
0.02287,0.02061,0.02888,0.03521,0.02624,0.02012,0.02500,0.03164,0.01597,0.02502,0.02687,0.01472,0.33231,0.02929,0.24860,0.02857,0.02001,0.01704,0.01307,0.01795
0.35055,0.01442,0.07786,0.02894,0.01888,0.26129,0.02858,0.03020,0.03080,0.01743,0.01133,0.01362,0.01465,0.01214,0.02745,0.02308,0.00647,0.00876,0.01324,0.01032
0.12236,0.04348,0.00964,0.01781,0.16176,0.03214,0.02785,0.05071,0.02544,0.04083,0.05003,0.10001,0.06630,0.02211,0.01649,0.02493,0.01134,0.01654,0.14127,0.01896
0.05601,0.05188,0.04219,0.02647,0.03500,0.09168,0.04561,0.03449,0.06122,0.03796,0.02893,0.05045,0.12023,0.04449,0.10496,0.04393,0.04498,0.01169,0.03145,0.03639
0.11321,0.13325,0.03757,0.12865,0.02302,0.09534,0.02537,0.04987,0.03670,0.03476,0.02180,0.09433,0.01781,0.01615,0.01341,0.02158,0.00833,0.01642,0.09753,0.01489
0.15097,0.02316,0.19508,0.03135,0.06989,0.02486,0.02581,0.02665,0.00879,0.20441,0.03738,0.01711,0.04811,0.02965,0.00807,0.01786,0.01581,0.00635,0.01893,0.03975
0.07253,0.05541,0.06025,0.08934,0.11078,0.06434,0.09581,0.06159,0.04618,0.09666,0.04044,0.03784,0.04158,0.01475,0.01915,0.02592,0.01425,0.01227,0.02432,0.01659
0.05692,0.18637,0.01618,0.15632,0.05048,0.04047,0.05769,0.02847,0.02328,0.01332,0.07311,0.03393,0.05412,0.03728,0.04214,0.03398,0.02753,0.01491,0.02187,0.03165
0.10840,0.01350,0.08278,0.06671,0.09613,0.09304,0.09035,0.06490,0.03037,0.10416,0.02694,0.03649,0.02039,0.01549,0.01003,0.02838,0.01208,0.04530,0.03780,0.01676
0.02597,0.06924,0.02817,0.05614,0.05046,0.02988,0.04561,0.03382,0.03094,0.03102,0.03131,0.06072,0.16550,0.02480,0.12711,0.01536,0.04212,0.02867,0.04413,0.05903
0.02378,0.45025,0.01107,0.42436,0.00420,0.00139,0.00815,0.00654,0.01207,0.00422,0.01048,0.00714,0.00495,0.00506,0.00480,0.00474,0.00293,0.00283,0.00384,0.00723
0.05699,0.03261,0.05005,0.07374,0.07681,0.05721,0.13326,0.19348,0.04558,0.00992,0.01722,0.02116,0.02533,0.04572,0.01357,0.03110,0.03413,0.01918,0.01343,0.04947
0.03806,0.01071,0.03643,0.01979,0.06058,0.03383,0.23242,0.29809,0.00898,0.01918,0.05112,0.01718,0.02872,0.01930,0.01368,0.05118,0.01236,0.01222,0.01500,0.02116
0.07323,0.04957,0.03490,0.04268,0.06886,0.05149,0.02835,0.01966,0.06274,0.01726,0.03459,0.02211,0.16761,0.01288,0.18252,0.03112,0.03562,0.01721,0.01435,0.03323
0.02766,0.05322,0.01554,0.01796,0.02904,0.03722,0.01406,0.00987,0.01597,0.01263,0.11893,0.22949,0.01194,0.03968,0.01093,0.05338,0.01752,0.01873,0.25698,0.00925
0.19916,0.06537,0.03443,0.02306,0.02882,0.14248,0.03319,0.17761,0.07377,0.01958,0.03184,0.01667,0.02170,0.04368,0.01849,0.01414,0.00700,0.01210,0.00753,0.02938
0.05578,0.16134,0.03867,0.17314,0.05316,0.03956,0.02990,0.12679,0.04759,0.02967,0.02260,0.01916,0.00964,0.02033,0.01294,0.02655,0.01845,0.05258,0.01656,0.04559
0.04073,0.02398,0.03691,0.03556,0.04038,0.02822,0.02883,0.04452,0.02199,0.01442,0.03032,0.24256,0.02045,0.02379,0.02432,0.02432,0.00761,0.01469,0.27918,0.01722
0.13727,0.02063,0.12613,0.04159,0.07603,0.07447,0.09625,0.06889,0.06665,0.03544,0.03260,0.03833,0.01625,0.03523,0.01784,0.03710,0.01593,0.02110,0.01891,0.02337
0.08284,0.02575,0.05043,0.04470,0.09169,0.01087,0.01018,0.02334,0.01134,0.02459,0.01707,0.24963,0.00927,0.01532,0.01154,0.02066,0.01026,0.00445,0.28006,0.00602
0.11682,0.03924,0.10669,0.04655,0.03667,0.03933,0.04124,0.02108,0.03334,0.09694,0.05074,0.03774,0.10982,0.03466,0.08004,0.02926,0.02419,0.01085,0.02480,0.01999
0.03306,0.04998,0.01921,0.21582,0.01978,0.06367,0.01565,0.18668,0.01840,0.02148,0.02254,0.06839,0.02232,0.02975,0.01069,0.02307,0.01024,0.09282,0.05440,0.02204
0.11358,0.03078,0.09621,0.07393,0.16071,0.02224,0.01534,0.04743,0.01991,0.01787,0.01771,0.07873,0.05469,0.02210,0.02031,0.03137,0.01575,0.01318,0.12619,0.02196
0.10280,0.04664,0.15720,0.03107,0.04375,0.03576,0.09393,0.07171,0.17547,0.01218,0.03079,0.02642,0.04727,0.01519,0.01748,0.02185,0.02138,0.01103,0.00378,0.03431
0.03502,0.01997,0.02307,0.02276,0.02547,0.00816,0.01953,0.01937,0.02054,0.01072,0.02514,0.25886,0.04504,0.03253,0.02568,0.03285,0.03426,0.01009,0.29731,0.03364
0.05158,0.02237,0.02410,0.02292,0.02113,0.04677,0.25181,0.32774,0.02153,0.02600,0.00827,0.00708,0.04099,0.02577,0.01933,0.01616,0.00966,0.00554,0.00719,0.04407
0.03898,0.01180,0.16217,0.02348,0.15438,0.02725,0.19348,0.02757,0.04383,0.03776,0.01555,0.01870,0.05237,0.02256,0.02905,0.03995,0.00863,0.05242,0.01252,0.02755
0.30868,0.02505,0.02531,0.05312,0.27134,0.05570,0.02949,0.03883,0.03149,0.02117,0.01792,0.02470,0.01100,0.01203,0.01440,0.01589,0.00986,0.00698,0.01316,0.01389
0.07661,0.23412,0.02366,0.19249,0.04785,0.02937,0.03379,0.01595,0.02524,0.01044,0.04008,0.04036,0.03529,0.05480,0.01984,0.02561,0.01299,0.00934,0.04004,0.03212
0.01010,0.01252,0.35375,0.31374,0.00843,0.02750,0.03421,0.01712,0.01300,0.01135,0.01643,0.03888,0.02879,0.01089,0.01367,0.02523,0.01088,0.01071,0.02803,0.01476
0.14729,0.04858,0.03708,0.04605,0.16077,0.03756,0.07972,0.05989,0.05332,0.06753,0.03242,0.02642,0.03680,0.02112,0.03472,0.01368,0.02678,0.02828,0.00922,0.03277
0.06326,0.01813,0.00950,0.06338,0.03788,0.02927,0.20255,0.23841,0.01347,0.03242,0.02195,0.06189,0.02073,0.01881,0.01808,0.02272,0.03334,0.00975,0.06676,0.01768
0.05052,0.02778,0.31230,0.27387,0.03498,0.03033,0.02192,0.01944,0.01746,0.02410,0.02695,0.01680,0.02129,0.03690,0.00921,0.01877,0.01218,0.00869,0.01086,0.02567
0.03266,0.26381,0.01262,0.11564,0.02423,0.03771,0.02221,0.26940,0.02008,0.02118,0.02321,0.02010,0.00848,0.01783,0.00668,0.01423,0.00897,0.04995,0.00895,0.02207
0.01962,0.22202,0.03556,0.20561,0.05647,0.00975,0.06046,0.03200,0.04771,0.03471,0.01728,0.03735,0.01231,0.01877,0.02489,0.04900,0.06086,0.02274,0.01456,0.01832
0.14408,0.02638,0.08758,0.09626,0.07411,0.03920,0.09654,0.16749,0.07687,0.00872,0.04324,0.02381,0.03219,0.00548,0.01153,0.01899,0.01191,0.00924,0.01092,0.01547
0.04467,0.00962,0.02693,0.00809,0.03082,0.02976,0.03015,0.01156,0.01175,0.00796,0.03893,0.19615,0.13368,0.01864,0.04856,0.01601,0.02571,0.00603,0.26744,0.03753
0.19140,0.02249,0.03189,0.02045,0.19097,0.04135,0.03496,0.02337,0.01450,0.01627,0.02800,0.11116,0.02547,0.02398,0.03023,0.03364,0.02235,0.00446,0.10694,0.02611
0.04631,0.05782,0.01790,0.06881,0.02702,0.02646,0.02473,0.04306,0.03422,0.01118,0.04544,0.16761,0.03049,0.05755,0.01734,0.01786,0.03820,0.00749,0.21077,0.04974
0.08278,0.02613,0.03782,0.26366,0.04256,0.03299,0.01587,0.19819,0.04212,0.02174,0.03279,0.03269,0.05291,0.00540,0.02235,0.01532,0.02051,0.00465,0.02904,0.02049
0.39120,0.01062,0.02598,0.01858,0.02860,0.27104,0.02815,0.02996,0.03040,0.03070,0.01775,0.01129,0.01509,0.01659,0.01607,0.01189,0.01294,0.01097,0.01072,0.01148
0.18299,0.11014,0.02912,0.09661,0.03342,0.10970,0.02426,0.06557,0.06825,0.07570,0.01579,0.03666,0.01027,0.06365,0.01075,0.01094,0.01050,0.01785,0.01091,0.01690
0.08652,0.05415,0.01323,0.04457,0.08830,0.06425,0.13518,0.18047,0.03965,0.02220,0.04094,0.02759,0.02205,0.02092,0.01906,0.03910,0.04721,0.02072,0.01199,0.02189
0.02926,0.01391,0.01482,0.01362,0.01679,0.01367,0.02328,0.02685,0.00671,0.01836,0.02740,0.29903,0.06739,0.00741,0.05275,0.01519,0.00569,0.00570,0.33280,0.00938
0.05164,0.01285,0.15029,0.08265,0.07306,0.03889,0.09743,0.04481,0.06466,0.01965,0.02553,0.06276,0.02908,0.04928,0.00954,0.03717,0.00786,0.02837,0.07185,0.04264
0.03919,0.01539,0.26356,0.04061,0.02783,0.01974,0.01992,0.01877,0.00762,0.33804,0.01685,0.01152,0.05805,0.01527,0.03597,0.01633,0.00776,0.00592,0.02696,0.01470
0.30787,0.02365,0.02141,0.04607,0.01544,0.21596,0.02886,0.02218,0.03318,0.02472,0.02153,0.03337,0.05212,0.01500,0.02058,0.02420,0.00896,0.01494,0.03551,0.03445
0.15758,0.02101,0.08394,0.03531,0.08343,0.07353,0.02962,0.07696,0.03761,0.03027,0.04468,0.03172,0.04690,0.03932,0.02972,0.07547,0.01473,0.02385,0.01940,0.04493
0.05754,0.02627,0.01217,0.02612,0.02519,0.02888,0.27241,0.32513,0.00594,0.05367,0.02742,0.01109,0.03603,0.01595,0.02190,0.01480,0.00870,0.00708,0.00547,0.01824
0.13508,0.01410,0.03906,0.04221,0.04882,0.13240,0.03551,0.08411,0.02958,0.09924,0.03748,0.03681,0.03040,0.03388,0.02205,0.05100,0.03319,0.02730,0.03496,0.03281
0.12726,0.10696,0.07381,0.04653,0.15049,0.07685,0.05286,0.05574,0.05456,0.04747,0.03419,0.00948,0.01749,0.00615,0.01702,0.00894,0.05500,0.01931,0.00538,0.03451
0.03892,0.03635,0.08751,0.06942,0.02846,0.03046,0.05055,0.10556,0.06695,0.03318,0.02203,0.09982,0.01060,0.00727,0.02022,0.04721,0.03649,0.06815,0.11211,0.02874
0.11125,0.03842,0.22372,0.03142,0.05804,0.03250,0.02571,0.01750,0.01088,0.25937,0.02316,0.01613,0.01575,0.02314,0.02067,0.02003,0.01090,0.01870,0.01793,0.02479
0.05760,0.01534,0.03697,0.23844,0.04234,0.00672,0.01943,0.17460,0.01370,0.04810,0.06545,0.06523,0.00962,0.03041,0.01552,0.05450,0.02405,0.01029,0.04385,0.02785
