0.08564,0.44254,0.01638,0.11152,0.01770,0.02667,0.08052,0.01590,0.01865,0.06473,0.07203,0.04771
0.08489,0.07766,0.05144,0.11883,0.01911,0.02072,0.25277,0.05065,0.04135,0.14396,0.06968,0.06895
0.03248,0.04735,0.10702,0.08799,0.01463,0.05041,0.20152,0.06188,0.13190,0.16160,0.02558,0.07764
0.09187,0.07083,0.05410,0.13553,0.11656,0.15003,0.09011,0.06345,0.05002,0.06429,0.08043,0.03280
0.18823,0.09149,0.06213,0.03283,0.02799,0.05589,0.12439,0.06089,0.05418,0.20580,0.03767,0.05852
0.03044,0.03017,0.33006,0.03695,0.02757,0.06736,0.09034,0.02379,0.27391,0.05456,0.02283,0.01202
0.00934,0.50515,0.06619,0.05177,0.04904,0.05541,0.05083,0.08633,0.04450,0.02054,0.01921,0.04170
0.02750,0.10675,0.09296,0.04623,0.01586,0.14884,0.20288,0.07696,0.08726,0.13754,0.02902,0.02819
0.01367,0.05580,0.03177,0.03995,0.04774,0.02038,0.37697,0.01984,0.02883,0.31950,0.01270,0.03284
0.01289,0.02228,0.32855,0.02586,0.01898,0.05451,0.09992,0.07852,0.24042,0.08620,0.02315,0.00873
0.05457,0.01591,0.07926,0.06905,0.08545,0.03146,0.22691,0.05217,0.10640,0.12636,0.09332,0.05915
0.04756,0.02500,0.19210,0.03222,0.03012,0.06574,0.18482,0.06625,0.12963,0.12521,0.06891,0.03244
0.01501,0.07121,0.06645,0.30085,0.02333,0.02461,0.11121,0.05667,0.01781,0.05056,0.24230,0.02000
0.01853,0.03328,0.22998,0.02684,0.03166,0.02633,0.21244,0.01372,0.20142,0.01827,0.16986,0.01769
0.02568,0.01391,0.30837,0.04689,0.02518,0.02416,0.11861,0.01578,0.26234,0.04929,0.09907,0.01071
0.01695,0.01914,0.11967,0.03042,0.03434,0.01769,0.31790,0.01830,0.09042,0.29671,0.01870,0.01973
0.07147,0.04210,0.07663,0.10753,0.01129,0.04938,0.23345,0.04501,0.04241,0.15329,0.04592,0.12152
0.02639,0.15754,0.17235,0.17813,0.02795,0.03940,0.11689,0.02051,0.11321,0.04462,0.02972,0.07329
0.16402,0.03269,0.02270,0.22381,0.02597,0.03644,0.15513,0.02362,0.02254,0.03876,0.04178,0.21253
0.02115,0.08355,0.25460,0.02927,0.25106,0.04022,0.05111,0.01959,0.18094,0.01283,0.04176,0.01390
0.06184,0.06851,0.05900,0.02029,0.01525,0.08250,0.28922,0.04088,0.03070,0.30931,0.00836,0.01414
0.09623,0.07371,0.07713,0.06801,0.03059,0.25944,0.12955,0.11848,0.02822,0.07127,0.02060,0.02678
0.17879,0.16000,0.16136,0.10109,0.01509,0.04607,0.04659,0.13710,0.03476,0.02253,0.06145,0.03517
0.01366,0.01803,0.16823,0.13848,0.01506,0.03771,0.16876,0.05309,0.10200,0.05320,0.08074,0.15104
0.04550,0.01154,0.28518,0.03709,0.22612,0.01420,0.04475,0.02788,0.22643,0.03108,0.01684,0.03340
0.03976,0.06303,0.02292,0.02077,0.05129,0.20966,0.20248,0.21673,0.00992,0.13923,0.01154,0.01265
0.10589,0.07358,0.18992,0.02860,0.05167,0.08168,0.06767,0.06828,0.15286,0.10226,0.01658,0.06102
0.16580,0.10153,0.05511,0.04368,0.31405,0.01985,0.05481,0.03069,0.05098,0.11665,0.02516,0.02169
0.05588,0.02503,0.24674,0.04025,0.01695,0.14067,0.05647,0.25468,0.04318,0.04812,0.01702,0.05500
0.02626,0.01020,0.04335,0.21319,0.03560,0.21209,0.01711,0.16544,0.04713,0.02560,0.15905,0.04497
0.04535,0.01902,0.03011,0.07282,0.01482,0.10165,0.32464,0.01907,0.03460,0.27437,0.02960,0.03395
0.03892,0.06766,0.05767,0.11533,0.02606,0.09562,0.21761,0.08161,0.04720,0.16913,0.04980,0.03339
0.02256,0.09027,0.21934,0.10659,0.05377,0.01693,0.15643,0.01134,0.18301,0.01633,0.06279,0.06062
0.03010,0.38585,0.06797,0.05424,0.05477,0.06595,0.09251,0.05265,0.02369,0.07710,0.04653,0.04863
0.07160,0.03785,0.04114,0.04278,0.02742,0.14318,0.23423,0.08207,0.06169,0.17017,0.02272,0.06515
0.01998,0.03381,0.09283,0.04872,0.06052,0.02583,0.25064,0.04062,0.09035,0.27528,0.03282,0.02861
0.01698,0.06844,0.04101,0.04331,0.01807,0.07589,0.32912,0.03431,0.03723,0.28867,0.02644,0.02052
0.10889,0.03805,0.15220,0.08315,0.03794,0.04271,0.09212,0.02335,0.23518,0.05230,0.05583,0.07828
0.03261,0.02936,0.39924,0.02876,0.04107,0.02591,0.04250,0.01440,0.34105,0.00653,0.02082,0.01775
0.01243,0.04460,0.07114,0.18094,0.05026,0.07016,0.18567,0.01310,0.08545,0.12636,0.01257,0.14732
0.03142,0.05610,0.03313,0.04131,0.01564,0.04778,0.31700,0.01391,0.04667,0.02245,0.32883,0.04577
0.03982,0.01822,0.38925,0.04460,0.02250,0.02274,0.01959,0.02790,0.34420,0.01638,0.01115,0.04364
0.01989,0.02643,0.04771,0.25554,0.09984,0.01445,0.16572,0.01102,0.05613,0.02008,0.18541,0.09779
0.38037,0.02437,0.17939,0.02308,0.01964,0.06497,0.02904,0.19371,0.01708,0.03456,0.02099,0.01280
0.02653,0.02788,0.14507,0.17712,0.02092,0.03327,0.12136,0.10324,0.03258,0.02085,0.24674,0.04445
0.02271,0.01753,0.23507,0.08614,0.02051,0.04113,0.16362,0.06501,0.16902,0.11175,0.01729,0.05023
0.11208,0.02756,0.17963,0.04313,0.02633,0.07974,0.12873,0.02058,0.21040,0.05462,0.06910,0.04808
0.03024,0.05487,0.02150,0.09644,0.02033,0.19721,0.05964,0.17084,0.03858,0.09432,0.03846,0.17757
0.01089,0.05757,0.20453,0.05428,0.01375,0.06353,0.15284,0.19435,0.02374,0.01488,0.16655,0.04309
0.04542,0.18522,0.01985,0.04888,0.04731,0.06482,0.20734,0.02393,0.13344,0.15951,0.01503,0.04924
0.06719,0.02075,0.08138,0.03081,0.02781,0.25286,0.14222,0.21301,0.01419,0.06597,0.04099,0.04282
0.06458,0.03243,0.29221,0.03760,0.03583,0.06963,0.04303,0.29184,0.03343,0.01957,0.03592,0.04393
0.01523,0.08081,0.29630,0.04864,0.07678,0.04356,0.05298,0.05491,0.22861,0.06343,0.01108,0.02767
0.04804,0.40352,0.11100,0.07165,0.05604,0.03140,0.07634,0.02263,0.05682,0.03413,0.03775,0.05068
0.01225,0.47157,0.03587,0.01982,0.01761,0.23945,0.01412,0.14569,0.00920,0.01180,0.00789,0.01473
0.13659,0.04624,0.04933,0.02847,0.04018,0.05830,0.26728,0.05768,0.04252,0.20680,0.04851,0.01813
0.02308,0.02820,0.04594,0.26160,0.10752,0.06833,0.05635,0.06170,0.04072,0.04362,0.21145,0.05149
0.03467,0.01111,0.10865,0.09979,0.01841,0.01837,0.19626,0.05336,0.10843,0.12536,0.11709,0.10851
0.00886,0.01043,0.12259,0.03972,0.14633,0.09012,0.23284,0.04917,0.08060,0.10293,0.07437,0.04204
0.09031,0.04432,0.04616,0.02905,0.03781,0.18587,0.22064,0.09539,0.04150,0.16780,0.01720,0.02395
0.05623,0.18621,0.12590,0.04143,0.04470,0.04117,0.12670,0.05658,0.10502,0.10999,0.07108,0.03499
0.02306,0.05296,0.06339,0.29689,0.01377,0.01587,0.14060,0.01466,0.04224,0.07362,0.02201,0.24092
0.08207,0.06023,0.22032,0.03178,0.04679,0.04074,0.12027,0.04799,0.14964,0.10892,0.06953,0.02172
0.02291,0.02623,0.06199,0.01754,0.56141,0.07992,0.04967,0.07906,0.02798,0.02977,0.01977,0.02375
0.05718,0.06698,0.29229,0.02918,0.00598,0.13458,0.05476,0.03823,0.23969,0.05117,0.00642,0.02353
0.03184,0.03109,0.07868,0.14311,0.03255,0.05657,0.22208,0.04102,0.03580,0.03307,0.27013,0.02405
0.04634,0.15003,0.05051,0.04861,0.01632,0.05833,0.25764,0.03142,0.02404,0.23727,0.05230,0.02719
0.01241,0.70982,0.10020,0.00862,0.00774,0.01697,0.01227,0.00391,0.08784,0.00841,0.01226,0.01956
0.27444,0.01711,0.05010,0.10640,0.02192,0.03791,0.03318,0.02255,0.04331,0.25903,0.03170,0.10236
0.05761,0.04367,0.02187,0.03372,0.05516,0.03927,0.32095,0.02197,0.01741,0.03172,0.33363,0.02302
0.02723,0.15508,0.08863,0.07011,0.04199,0.10024,0.12661,0.03381,0.07763,0.22404,0.02306,0.03157
0.01845,0.06615,0.09462,0.12093,0.03048,0.09943,0.17715,0.12787,0.05035,0.11976,0.04587,0.04893
0.02947,0.01609,0.04026,0.09447,0.02698,0.02722,0.03157,0.03237,0.31650,0.00858,0.06285,0.31364
0.02425,0.17369,0.06237,0.06696,0.03080,0.03261,0.18919,0.02108,0.06381,0.21127,0.05537,0.06859
0.04343,0.09921,0.04684,0.06952,0.01781,0.06489,0.23960,0.03728,0.06731,0.22545,0.04452,0.04415
0.21053,0.02081,0.07215,0.02450,0.02572,0.04190,0.04877,0.06226,0.09612,0.34215,0.01854,0.03654
0.05942,0.01345,0.13053,0.03250,0.01897,0.01660,0.25847,0.10496,0.02018,0.24068,0.07368,0.03057
0.03952,0.02261,0.05253,0.05895,0.06080,0.03514,0.28988,0.06338,0.03294,0.09300,0.21964,0.03159
0.03599,0.08818,0.03379,0.24799,0.04851,0.04251,0.11178,0.02091,0.03695,0.04455,0.07378,0.21508
0.01997,0.01911,0.04900,0.04403,0.02606,0.06204,0.32134,0.03019,0.05660,0.32809,0.01208,0.03150
0.02627,0.03956,0.07445,0.01691,0.02172,0.00920,0.34675,0.01064,0.07283,0.35209,0.00944,0.02014
0.03614,0.02494,0.17243,0.25598,0.01365,0.04698,0.03960,0.01689,0.12415,0.03149,0.00932,0.22843
0.02147,0.05170,0.18452,0.11591,0.06878,0.03552,0.17866,0.04681,0.07596,0.07556,0.07082,0.07428
0.44350,0.23397,0.06849,0.03223,0.02507,0.03450,0.03331,0.01892,0.05363,0.01822,0.01844,0.01972
0.01379,0.03081,0.32235,0.03208,0.08025,0.04172,0.08368,0.02514,0.28512,0.05790,0.01164,0.01551
0.02217,0.01907,0.36504,0.02040,0.01381,0.10682,0.03445,0.19985,0.15867,0.02313,0.02423,0.01236
0.02549,0.11481,0.07509,0.04710,0.01490,0.01853,0.24096,0.04821,0.02921,0.27782,0.07009,0.03778
0.06403,0.05725,0.02510,0.02933,0.01968,0.02090,0.37994,0.03098,0.02546,0.15161,0.16996,0.02577
0.03185,0.03261,0.02554,0.18867,0.02345,0.06208,0.14381,0.01911,0.08141,0.13376,0.11313,0.14458
0.03704,0.00952,0.21801,0.01838,0.02330,0.22947,0.02565,0.17851,0.20402,0.01836,0.02057,0.01716
0.01850,0.04884,0.11556,0.15954,0.03434,0.10039,0.16529,0.02367,0.12318,0.02336,0.16736,0.01997
0.12457,0.03737,0.06564,0.04948,0.07558,0.20882,0.10812,0.11830,0.03195,0.04591,0.11793,0.01632
0.21669,0.32029,0.03051,0.08731,0.01945,0.07790,0.08584,0.01355,0.03277,0.05379,0.02171,0.04019
0.02846,0.02110,0.13649,0.04410,0.01440,0.03187,0.29530,0.01707,0.12175,0.24474,0.03034,0.01439
0.01438,0.03359,0.03036,0.02840,0.03552,0.04969,0.35200,0.01367,0.02232,0.02380,0.34739,0.04888
0.37016,0.02251,0.06315,0.02843,0.09657,0.03107,0.13780,0.02377,0.04872,0.05514,0.10232,0.02037
0.02352,0.01652,0.09665,0.02176,0.06618,0.04778,0.02041,0.04103,0.34824,0.01588,0.01723,0.28480
0.06846,0.05708,0.22948,0.06366,0.04920,0.04428,0.07709,0.17818,0.05532,0.05591,0.06867,0.05268
0.03247,0.01854,0.35121,0.06934,0.01247,0.07450,0.03751,0.04327,0.29395,0.01764,0.01225,0.03685
0.00876,0.04705,0.11797,0.04453,0.02822,0.02141,0.31393,0.01711,0.11443,0.24866,0.01617,0.02178
0.03100,0.04869,0.03075,0.00830,0.01919,0.03182,0.38878,0.02052,0.02997,0.35704,0.01368,0.02027
0.02957,0.01579,0.03264,0.02749,0.16565,0.02015,0.33890,0.02609,0.01947,0.18830,0.11325,0.02269
0.05228,0.01386,0.04150,0.02040,0.71988,0.02501,0.02480,0.03422,0.01888,0.01839,0.01491,0.01588
0.02257,0.11592,0.10361,0.09427,0.08087,0.02599,0.21967,0.02873,0.06166,0.11571,0.09693,0.03408
0.03581,0.01032,0.05134,0.02862,0.01096,0.06949,0.36558,0.05441,0.03267,0.28896,0.02783,0.02402
0.05325,0.05699,0.01837,0.03998,0.01468,0.04472,0.38255,0.03341,0.03767,0.21739,0.07770,0.02330
0.01133,0.01738,0.09788,0.01223,0.36518,0.05553,0.16674,0.12300,0.01550,0.11099,0.00906,0.01519
0.02366,0.11370,0.17754,0.03553,0.01068,0.01738,0.22421,0.02159,0.11370,0.21443,0.02118,0.02640
0.02455,0.04381,0.12865,0.20538,0.03931,0.05854,0.07266,0.13775,0.03592,0.06009,0.06519,0.12815
0.05532,0.01098,0.11820,0.01419,0.04555,0.04951,0.27917,0.08603,0.02336,0.03357,0.26418,0.01994
0.01927,0.02623,0.19393,0.04479,0.10334,0.14857,0.09411,0.10145,0.15254,0.05402,0.04094,0.02081
0.16683,0.01028,0.10245,0.00894,0.01184,0.01323,0.21091,0.08934,0.01836,0.12912,0.21105,0.02766
0.21599,0.38246,0.05230,0.05395,0.01351,0.07321,0.03247,0.02955,0.05031,0.04701,0.01253,0.03672
0.04091,0.01804,0.02240,0.02419,0.01673,0.01640,0.42865,0.03548,0.01317,0.31826,0.04361,0.02215
0.01898,0.01653,0.08915,0.14789,0.04349,0.05842,0.16497,0.05361,0.17259,0.11449,0.03718,0.08269
0.01918,0.02490,0.12600,0.05871,0.03171,0.25114,0.06092,0.19543,0.06055,0.01772,0.11968,0.03408
0.01346,0.31243,0.24172,0.03930,0.01432,0.03090,0.02543,0.21727,0.02808,0.00962,0.01510,0.05236
0.02446,0.04230,0.32116,0.06846,0.04301,0.04001,0.03735,0.16930,0.15391,0.02560,0.03362,0.04082
0.04079,0.06444,0.11050,0.06043,0.02822,0.03787,0.19101,0.08102,0.05250,0.09156,0.17139,0.07026
0.39762,0.01320,0.06171,0.01502,0.04831,0.08311,0.13956,0.10838,0.03495,0.04398,0.02708,0.02708
0.08192,0.24536,0.03252,0.12555,0.01327,0.02870,0.04060,0.01438,0.04156,0.16286,0.02257,0.19070
0.17669,0.02078,0.09435,0.06658,0.01749,0.01681,0.05935,0.02809,0.10564,0.33143,0.02405,0.05874
0.06231,0.10308,0.13734,0.04816,0.16362,0.03890,0.11210,0.02231,0.14478,0.06519,0.04969,0.05252
0.03768,0.02340,0.01570,0.03149,0.02725,0.02934,0.39959,0.02261,0.01771,0.32502,0.05158,0.01863
0.01322,0.01451,0.04548,0.02186,0.07743,0.01399,0.35575,0.02967,0.02805,0.02988,0.34119,0.02898
0.06531,0.03677,0.21099,0.04440,0.02169,0.03522,0.09482,0.20999,0.05326,0.12979,0.01957,0.07820
0.04156,0.01035,0.04292,0.04494,0.01516,0.36568,0.03670,0.30910,0.03359,0.04382,0.04198,0.01422
0.59957,0.03460,0.04193,0.02904,0.05407,0.03849,0.03238,0.02606,0.07179,0.02699,0.01651,0.02858
0.02619,0.79824,0.02911,0.01460,0.01361,0.01996,0.01638,0.01499,0.01975,0.02090,0.00932,0.01695
0.02415,0.04456,0.12550,0.28959,0.01789,0.02336,0.05876,0.12210,0.02038,0.02328,0.22505,0.02537
0.01268,0.17730,0.01954,0.04997,0.14400,0.02146,0.23724,0.03826,0.01640,0.04260,0.19926,0.04128
0.08284,0.09017,0.08415,0.08419,0.03645,0.01575,0.19017,0.02632,0.04417,0.22699,0.04857,0.07023
0.02150,0.01714,0.23782,0.02621,0.04426,0.03675,0.19483,0.23607,0.02277,0.11598,0.02995,0.01672
0.02653,0.04078,0.04921,0.05243,0.04030,0.02648,0.31420,0.01228,0.03697,0.01471,0.35175,0.03435
0.00949,0.02888,0.02395,0.06135,0.00649,0.01658,0.38612,0.01349,0.03728,0.06252,0.32960,0.02425
0.02635,0.04505,0.06754,0.03396,0.06237,0.04284,0.30537,0.04576,0.05969,0.26128,0.03302,0.01679
0.07449,0.01663,0.21060,0.17053,0.01563,0.01839,0.10850,0.05584,0.12850,0.04945,0.01938,0.13205
0.55808,0.03630,0.04582,0.02424,0.02046,0.08194,0.01839,0.07191,0.02241,0.07492,0.00928,0.03626
0.03317,0.03382,0.02929,0.31553,0.04663,0.02589,0.07708,0.01904,0.02494,0.05299,0.31268,0.02893
0.01988,0.09802,0.04837,0.03074,0.01500,0.22470,0.15482,0.14592,0.04152,0.15920,0.03814,0.02368
0.00962,0.05726,0.17681,0.21350,0.05146,0.05644,0.03752,0.04741,0.12560,0.03032,0.18174,0.01232
0.02515,0.01689,0.12276,0.03904,0.01857,0.23559,0.18523,0.16372,0.06360,0.09956,0.01471,0.01519
0.02263,0.01558,0.01808,0.08893,0.13129,0.04420,0.30667,0.05147,0.01592,0.20110,0.02805,0.07609
0.02091,0.05437,0.02879,0.08038,0.04620,0.03401,0.34357,0.02847,0.03193,0.22779,0.07984,0.02372
0.23494,0.07560,0.08166,0.03768,0.04729,0.11341,0.03200,0.04794,0.08582,0.19459,0.02304,0.02602
0.02734,0.00927,0.12324,0.01825,0.01313,0.08063,0.27144,0.02104,0.12265,0.28057,0.01145,0.02099
0.01054,0.72919,0.00874,0.02910,0.02755,0.03824,0.04171,0.01986,0.00905,0.04655,0.02700,0.01247
0.57433,0.02551,0.06593,0.01610,0.04097,0.06781,0.06293,0.04298,0.04569,0.02575,0.02057,0.01143
0.05190,0.02776,0.12848,0.09008,0.05080,0.04776,0.15157,0.02488,0.16480,0.05147,0.13370,0.07681
0.08519,0.07243,0.04462,0.05494,0.02142,0.03829,0.28699,0.05461,0.02488,0.08164,0.17467,0.06032
0.02234,0.03591,0.02745,0.05104,0.03921,0.28313,0.13982,0.22660,0.02357,0.09738,0.02739,0.02615
0.01166,0.21831,0.17270,0.05176,0.01974,0.02007,0.03617,0.02523,0.15186,0.23402,0.01809,0.04039
0.06578,0.25362,0.04634,0.05234,0.02394,0.03063,0.07966,0.03381,0.05518,0.28205,0.01363,0.06302
0.03696,0.01773,0.03272,0.01430,0.05849,0.40784,0.07019,0.28656,0.01315,0.04638,0.00809,0.00760
0.03493,0.02032,0.15948,0.08169,0.03130,0.05055,0.04207,0.19064,0.18846,0.02025,0.01882,0.16148
0.67785,0.02399,0.02058,0.01700,0.01455,0.03563,0.04172,0.09027,0.02833,0.01637,0.01647,0.01724
0.02384,0.08108,0.22570,0.02466,0.01466,0.01134,0.10730,0.19436,0.03733,0.18552,0.06408,0.03013
0.14340,0.28113,0.04876,0.04923,0.08207,0.02958,0.14521,0.02392,0.03573,0.08857,0.03124,0.04116
0.04891,0.00844,0.11701,0.11829,0.00574,0.25443,0.03016,0.19599,0.10181,0.02362,0.00792,0.08768
0.02681,0.04567,0.07082,0.03907,0.07146,0.07318,0.25240,0.01817,0.09032,0.25281,0.03024,0.02903
0.01472,0.02919,0.05000,0.03218,0.00704,0.34807,0.02759,0.33002,0.01938,0.04168,0.02321,0.07692
0.45807,0.04815,0.09958,0.01553,0.01673,0.03394,0.06641,0.03209,0.06051,0.13336,0.00772,0.02791
0.02379,0.08252,0.13099,0.19672,0.06995,0.03899,0.08689,0.05122,0.08934,0.07378,0.09100,0.06483
0.00768,0.02482,0.02461,0.02452,0.07693,0.01976,0.39566,0.01545,0.01834,0.36121,0.01641,0.01460
0.01151,0.02019,0.06121,0.38661,0.01109,0.01377,0.01946,0.00983,0.03831,0.01702,0.01108,0.39991
0.02095,0.02663,0.16310,0.05645,0.05990,0.04574,0.24676,0.05218,0.07447,0.20512,0.03079,0.01791
0.02599,0.18057,0.11976,0.08165,0.04306,0.02905,0.15835,0.05051,0.10206,0.15151,0.02520,0.03229
0.14699,0.01703,0.19240,0.02258,0.05070,0.08412,0.10028,0.07677,0.15301,0.02024,0.08770,0.04819
0.08881,0.25193,0.06403,0.03787,0.12624,0.06336,0.04652,0.05649,0.10538,0.07854,0.02262,0.05821
0.03572,0.01949,0.05203,0.05029,0.02121,0.03760,0.32128,0.01813,0.04229,0.05888,0.32520,0.01789
0.05042,0.03320,0.13547,0.17675,0.02763,0.02231,0.08295,0.01261,0.14921,0.03093,0.05177,0.22675
0.01564,0.01741,0.03252,0.40271,0.01787,0.07727,0.02812,0.00840,0.02631,0.02885,0.31688,0.02801
0.02834,0.07421,0.05311,0.05020,0.03522,0.04030,0.30468,0.05551,0.02159,0.15429,0.11920,0.06334
0.01924,0.05441,0.01671,0.34839,0.03106,0.04397,0.05258,0.02182,0.02589,0.04757,0.27303,0.06533
0.03721,0.29907,0.03437,0.02553,0.01365,0.02773,0.25009,0.01343,0.03339,0.01289,0.23541,0.01724
0.18490,0.04278,0.03567,0.05056,0.00832,0.03146,0.09796,0.02946,0.06919,0.28196,0.02957,0.13817
0.54869,0.09574,0.01941,0.03569,0.02598,0.03437,0.06023,0.00993,0.03639,0.03268,0.02839,0.07250
0.03646,0.04944,0.06708,0.08118,0.02338,0.02703,0.30482,0.04945,0.02512,0.26667,0.01593,0.05345
0.04219,0.09313,0.03054,0.02861,0.00712,0.01737,0.32559,0.01635,0.01779,0.34557,0.02790,0.04784
0.04356,0.01757,0.02784,0.07473,0.02730,0.16159,0.23795,0.02145,0.03815,0.08218,0.24585,0.02182
0.03805,0.01170,0.26408,0.03236,0.19664,0.03468,0.09107,0.09574,0.14801,0.03729,0.03079,0.01959
0.01368,0.04541,0.25645,0.03315,0.01817,0.04371,0.16914,0.04579,0.20006,0.13113,0.01972,0.02359
0.01135,0.01889,0.30217,0.08613,0.01668,0.07827,0.08850,0.06963,0.20465,0.03201,0.03992,0.05180
0.10310,0.03029,0.03961,0.03849,0.05588,0.08924,0.23883,0.07483,0.04769,0.21541,0.02657,0.04005
0.15933,0.03397,0.02757,0.06874,0.02543,0.02872,0.25325,0.00914,0.02797,0.30308,0.04622,0.01660
0.24929,0.03880,0.07712,0.08444,0.01086,0.16938,0.04536,0.05377,0.09610,0.04647,0.07274,0.05566
0.02116,0.10791,0.17262,0.04608,0.02010,0.03120,0.03694,0.18666,0.07523,0.17289,0.01064,0.11856
0.03962,0.01546,0.20255,0.03153,0.35288,0.06172,0.05724,0.02332,0.12196,0.01365,0.06209,0.01799
0.04982,0.05207,0.28221,0.02471,0.01918,0.06761,0.07945,0.25410,0.02987,0.08148,0.02743,0.03206
0.04373,0.01621,0.02507,0.00989,0.01129,0.38095,0.10833,0.32511,0.01994,0.04296,0.00777,0.00876
0.25881,0.01345,0.01634,0.06295,0.00692,0.13547,0.01685,0.11066,0.05956,0.24988,0.00676,0.06235
0.00880,0.03497,0.14415,0.06680,0.01802,0.03066,0.24833,0.04455,0.12276,0.16163,0.07096,0.04838
0.00724,0.00848,0.02351,0.03457,0.01008,0.00933,0.45608,0.00860,0.00994,0.20989,0.17073,0.05154
0.03161,0.09999,0.01178,0.26841,0.01140,0.19114,0.10608,0.02775,0.00902,0.09141,0.13521,0.01620
0.01497,0.02385,0.03004,0.03203,0.03476,0.03153,0.39568,0.02411,0.02387,0.34762,0.01630,0.02526
0.05023,0.03133,0.26828,0.10743,0.01572,0.04681,0.06003,0.01556,0.24960,0.05220,0.09179,0.01101
0.22297,0.01475,0.05143,0.02651,0.02916,0.01391,0.11336,0.03230,0.08198,0.26796,0.08910,0.05657
0.06020,0.02818,0.14787,0.10134,0.02309,0.12323,0.11916,0.15397,0.02261,0.11660,0.05848,0.04527
0.00779,0.02531,0.13381,0.04335,0.01326,0.07717,0.26930,0.13117,0.04415,0.16867,0.03918,0.04684
0.30422,0.01775,0.09037,0.03222,0.01396,0.04814,0.03353,0.08212,0.08229,0.26488,0.02079,0.00973
0.02818,0.12367,0.03561,0.02889,0.01084,0.02709,0.33854,0.01621,0.01932,0.01484,0.31450,0.04231
0.02400,0.05660,0.24256,0.02627,0.03238,0.02731,0.15282,0.09077,0.11290,0.08234,0.12896,0.02307
0.21171,0.02815,0.17662,0.01855,0.06102,0.01773,0.15573,0.09097,0.09292,0.11181,0.02083,0.01396
0.01966,0.06827,0.13263,0.19673,0.01630,0.04488,0.07709,0.03665,0.11499,0.04561,0.09882,0.14838
0.04717,0.02886,0.06331,0.02491,0.10417,0.22021,0.13547,0.21279,0.03942,0.09574,0.01613,0.01182
0.02605,0.02998,0.28133,0.03108,0.06276,0.04685,0.09319,0.03318,0.24535,0.10013,0.02052,0.02958
0.03323,0.11507,0.10612,0.08175,0.06541,0.04829,0.15996,0.10440,0.04699,0.12750,0.05736,0.05393
0.04277,0.00910,0.05125,0.03131,0.01469,0.04169,0.36010,0.01481,0.06070,0.34638,0.01392,0.01328
0.02666,0.01728,0.23758,0.02254,0.03228,0.02399,0.20698,0.01332,0.20329,0.01327,0.19407,0.00873
0.00996,0.00704,0.07429,0.01374,0.01860,0.06397,0.35647,0.03683,0.03055,0.00919,0.37088,0.00848
0.02018,0.01208,0.02042,0.03607,0.00866,0.01241,0.41173,0.01261,0.02600,0.38244,0.01989,0.03752
0.01486,0.02533,0.11423,0.09653,0.12364,0.14528,0.11391,0.13902,0.07083,0.03931,0.09430,0.02274
0.02186,0.11034,0.05528,0.10631,0.11594,0.04392,0.21292,0.05694,0.02650,0.05276,0.14011,0.05713
0.01903,0.24374,0.23917,0.03507,0.04956,0.03940,0.07080,0.04499,0.17740,0.04110,0.02234,0.01740
0.03852,0.01594,0.26611,0.03650,0.02040,0.04470,0.13470,0.04426,0.24508,0.11585,0.02403,0.01390
0.19281,0.06766,0.05781,0.02683,0.03288,0.01342,0.08079,0.01225,0.08192,0.38747,0.02314,0.02302
0.31738,0.01406,0.05246,0.02335,0.01772,0.23918,0.09585,0.05184,0.04482,0.09486,0.01137,0.03712
0.37697,0.14117,0.09461,0.03700,0.03323,0.07510,0.04472,0.01892,0.08743,0.05333,0.01676,0.02075
0.10784,0.06099,0.04225,0.02460,0.04479,0.27456,0.15580,0.05744,0.03435,0.06520,0.11918,0.01300
0.04678,0.01930,0.18569,0.04272,0.01944,0.01680,0.23052,0.01095,0.15381,0.03931,0.20129,0.03340
0.04811,0.07388,0.13201,0.03069,0.00594,0.06386,0.22173,0.05042,0.10559,0.24660,0.00798,0.01319
0.02787,0.01793,0.25462,0.03477,0.03608,0.13118,0.07822,0.09332,0.22672,0.01957,0.05337,0.02635
0.16085,0.03173,0.04189,0.17026,0.04616,0.05221,0.04930,0.04910,0.09732,0.09275,0.07199,0.13643
0.01739,0.02492,0.07268,0.02556,0.02518,0.26795,0.19349,0.12104,0.02688,0.04610,0.16458,0.01421
0.02429,0.02415,0.03751,0.03334,0.04459,0.18127,0.26015,0.03956,0.04204,0.01365,0.28341,0.01604
0.08060,0.08519,0.05412,0.02015,0.02418,0.03266,0.31123,0.01673,0.04911,0.01857,0.28509,0.02236
0.02899,0.06451,0.05504,0.07923,0.03677,0.03685,0.28361,0.02512,0.06379,0.18630,0.07209,0.06769
0.02008,0.06683,0.03990,0.03192,0.01406,0.04221,0.35161,0.03298,0.04614,0.30847,0.02783,0.01797
0.02691,0.01117,0.01543,0.02032,0.59410,0.05207,0.10399,0.08968,0.01427,0.04337,0.01560,0.01309
0.17410,0.19859,0.14471,0.05409,0.07407,0.02866,0.09650,0.05135,0.08306,0.05386,0.01269,0.02830
0.03398,0.02255,0.16074,0.04137,0.04511,0.04976,0.22925,0.01694,0.15033,0.03137,0.19806,0.02054
0.05290,0.01584,0.02901,0.37735,0.02738,0.04291,0.04320,0.02423,0.01821,0.03524,0.32143,0.01231
0.02883,0.08401,0.28252,0.07313,0.02483,0.07645,0.04802,0.05161,0.21816,0.02243,0.02396,0.06606
0.01806,0.04643,0.33878,0.03374,0.01810,0.03123,0.01886,0.32493,0.04170,0.02329,0.00968,0.09521
0.05509,0.44614,0.07749,0.02413,0.01222,0.04487,0.12631,0.04726,0.03743,0.02080,0.08631,0.02194
0.28326,0.02080,0.18059,0.01316,0.02872,0.12038,0.07304,0.12241,0.03585,0.08856,0.01421,0.01904
0.04127,0.01675,0.01750,0.06170,0.01992,0.03243,0.35055,0.03041,0.03618,0.31726,0.03457,0.04146
0.03003,0.05997,0.03498,0.01649,0.08565,0.03712,0.32720,0.03841,0.01855,0.02764,0.31072,0.01325
0.05789,0.07089,0.04439,0.04773,0.00974,0.07367,0.28708,0.03256,0.04133,0.25535,0.01626,0.06312
0.01175,0.02577,0.04642,0.05142,0.02595,0.03544,0.38972,0.02122,0.02831,0.21301,0.11293,0.03807
0.04137,0.01092,0.20291,0.09326,0.07265,0.03832,0.15666,0.09578,0.10944,0.03755,0.09743,0.04371
0.00974,0.03908,0.17415,0.01605,0.07882,0.01951,0.25900,0.01030,0.13117,0.01379,0.22501,0.02338
0.17579,0.03958,0.05424,0.04987,0.20916,0.13778,0.04650,0.06938,0.09332,0.01878,0.02799,0.07761
0.01940,0.35428,0.03602,0.06034,0.03236,0.07441,0.11711,0.07913,0.05448,0.06182,0.03668,0.07398
0.01178,0.13769,0.04230,0.01292,0.01474,0.22587,0.03745,0.22776,0.04197,0.22632,0.00952,0.01170
0.03376,0.02946,0.01866,0.31738,0.11103,0.03863,0.04698,0.02136,0.01604,0.01440,0.05521,0.29709
0.03034,0.02994,0.10969,0.06155,0.14368,0.25682,0.02249,0.21029,0.07801,0.01594,0.01051,0.03075
0.00923,0.77004,0.02536,0.01418,0.02023,0.04136,0.01601,0.05159,0.01855,0.00979,0.00534,0.01830
0.01773,0.02349,0.01419,0.03011,0.01254,0.02837,0.42959,0.01749,0.01435,0.37699,0.02091,0.01423
0.02075,0.04704,0.35406,0.03438,0.01878,0.05888,0.02092,0.31877,0.03546,0.01265,0.02077,0.05754
0.02635,0.01011,0.00805,0.01355,0.22537,0.02468,0.33783,0.03194,0.02071,0.26223,0.02254,0.01664
0.02475,0.01584,0.02716,0.03740,0.01291,0.02510,0.35085,0.01386,0.04437,0.00542,0.36351,0.07884
0.13255,0.21434,0.05139,0.12681,0.07902,0.03329,0.13766,0.01114,0.02985,0.03974,0.10581,0.03840
0.03551,0.01164,0.14739,0.05270,0.00593,0.02409,0.28295,0.02675,0.14180,0.23487,0.02200,0.01437
0.13232,0.13872,0.02459,0.16814,0.02437,0.00995,0.25611,0.00685,0.01317,0.08323,0.11554,0.02700
0.03644,0.08334,0.08739,0.11678,0.04906,0.05190,0.07042,0.05861,0.10905,0.12910,0.04113,0.16678
0.02040,0.01566,0.20904,0.05193,0.09385,0.04159,0.18049,0.02206,0.17006,0.15203,0.01685,0.02604
0.03359,0.05343,0.02175,0.01830,0.06814,0.26153,0.14930,0.23174,0.01769,0.10105,0.01926,0.02423
0.04527,0.07107,0.11557,0.06393,0.02590,0.03764,0.22497,0.01417,0.12795,0.21450,0.02217,0.03686
0.03236,0.11923,0.29887,0.02564,0.09989,0.07298,0.02836,0.01511,0.27467,0.00455,0.02000,0.00834
0.03351,0.02472,0.07702,0.05748,0.37493,0.03165,0.12970,0.03643,0.06121,0.04121,0.09534,0.03680
0.01574,0.03936,0.02366,0.14264,0.03482,0.05013,0.27257,0.03129,0.01484,0.05747,0.19516,0.12231
0.02173,0.02600,0.10899,0.03228,0.02160,0.02371,0.32301,0.03326,0.07756,0.28813,0.02066,0.02308
0.00924,0.03922,0.01179,0.10737,0.03906,0.04243,0.33404,0.03226,0.01388,0.29345,0.02473,0.05255
0.12721,0.05236,0.12245,0.04317,0.13231,0.05834,0.03903,0.05667,0.12254,0.15270,0.03623,0.05700
0.01778,0.03370,0.12751,0.11117,0.02214,0.05697,0.20297,0.07873,0.08527,0.16658,0.05623,0.04094
0.01934,0.01574,0.25684,0.01359,0.03811,0.01725,0.19593,0.01783,0.21282,0.18315,0.01399,0.01540
0.20635,0.22872,0.04306,0.08945,0.01949,0.04926,0.08801,0.01770,0.06947,0.05823,0.03776,0.09251
0.16991,0.03884,0.10503,0.02394,0.01683,0.09036,0.01337,0.09498,0.14267,0.26350,0.02335,0.01721
0.06237,0.02937,0.03976,0.13607,0.08023,0.03111,0.24074,0.02596,0.03286,0.13923,0.06769,0.11461
0.42076,0.06484,0.02056,0.09385,0.03617,0.07848,0.11345,0.01307,0.03871,0.01270,0.07658,0.03082
0.03619,0.03927,0.17860,0.07716,0.02988,0.01686,0.19167,0.01178,0.19613,0.08611,0.06391,0.07244
0.06581,0.44910,0.02603,0.04671,0.01649,0.04046,0.10829,0.00938,0.06792,0.10622,0.01337,0.05023
0.07417,0.01461,0.02939,0.05225,0.01949,0.01820,0.29890,0.01249,0.03557,0.04244,0.30483,0.09765
0.03994,0.18959,0.06148,0.03337,0.34764,0.03681,0.08500,0.04311,0.02914,0.07316,0.03342,0.02733
0.04160,0.06682,0.04971,0.04076,0.02311,0.27324,0.07575,0.25327,0.05477,0.04295,0.03009,0.04795
0.00954,0.01784,0.17995,0.01858,0.53842,0.03363,0.02081,0.01300,0.13915,0.00544,0.01090,0.01274
0.02699,0.06926,0.10650,0.07504,0.03754,0.03280,0.22229,0.05842,0.08877,0.04259,0.15702,0.08278
0.02129,0.02772,0.02397,0.26474,0.01453,0.08868,0.11514,0.03457,0.06051,0.07167,0.23875,0.03843
0.19831,0.30097,0.05281,0.06321,0.02449,0.03660,0.07005,0.03073,0.06060,0.03067,0.04761,0.08395
0.02345,0.02526,0.09526,0.03245,0.08479,0.19251,0.18867,0.11336,0.06003,0.04749,0.10514,0.03157
0.01380,0.02178,0.35936,0.05188,0.01277,0.12359,0.05061,0.01084,0.29903,0.00754,0.02197,0.02682
0.02349,0.04003,0.05508,0.02731,0.00952,0.01990,0.39049,0.02080,0.03187,0.33731,0.02545,0.01875
0.01433,0.01809,0.37748,0.03091,0.02052,0.01990,0.04461,0.38468,0.02325,0.01121,0.03196,0.02305
0.01542,0.02396,0.37652,0.03750,0.00993,0.01589,0.02914,0.36659,0.02141,0.02780,0.03356,0.04228
0.01977,0.69509,0.02796,0.02451,0.03820,0.02236,0.05131,0.02172,0.02024,0.04415,0.01197,0.02272
0.10450,0.19323,0.06596,0.06595,0.04932,0.05414,0.20474,0.03301,0.02473,0.13214,0.03582,0.03645
0.06895,0.00810,0.30725,0.04455,0.05883,0.02076,0.11148,0.01208,0.28485,0.05750,0.00892,0.01673
0.01386,0.02806,0.02657,0.05935,0.01679,0.02572,0.38711,0.01521,0.02284,0.23800,0.12145,0.04503
0.01267,0.09206,0.04877,0.08958,0.01806,0.30907,0.03001,0.27456,0.01888,0.01676,0.01250,0.07707
0.26572,0.02444,0.10299,0.02331,0.01578,0.04181,0.02573,0.03710,0.14925,0.25483,0.01714,0.04189
0.07365,0.01186,0.07002,0.02175,0.05339,0.02826,0.28634,0.05394,0.03180,0.31964,0.03529,0.01404
0.00805,0.03072,0.07474,0.05851,0.07725,0.04143,0.29875,0.02438,0.05614,0.22850,0.03623,0.06529
0.02497,0.01646,0.35025,0.03095,0.09107,0.03327,0.02595,0.31523,0.04781,0.01489,0.02707,0.02207
0.01270,0.01273,0.39015,0.02813,0.05914,0.03293,0.03621,0.02618,0.33702,0.03285,0.01392,0.01804
0.01096,0.01575,0.36057,0.02114,0.02214,0.03693,0.07311,0.38140,0.02345,0.02389,0.01876,0.01191
0.01846,0.03794,0.07412,0.10598,0.01557,0.00995,0.21997,0.03443,0.05382,0.07021,0.17290,0.18664
0.08191,0.05431,0.04311,0.01017,0.02439,0.10165,0.26954,0.01565,0.06202,0.01239,0.28238,0.04248
0.09237,0.02049,0.14541,0.03400,0.02359,0.04643,0.23053,0.02870,0.14460,0.05798,0.15609,0.01982
0.03089,0.11511,0.16561,0.05269,0.02702,0.06270,0.19240,0.04782,0.11722,0.10263,0.05023,0.03568
