0.26581,0.02518,0.10847,0.02118,0.01249,0.04510,0.02494,0.01650,0.02821,0.02387,0.03841,0.03354,0.01307,0.05053,0.09348,0.14315,0.01206,0.01111,0.01559,0.01732
0.02395,0.14342,0.05470,0.02033,0.01955,0.03444,0.02489,0.01733,0.02269,0.46669,0.02052,0.03166,0.01238,0.00818,0.02159,0.02528,0.01075,0.01023,0.01983,0.01158
0.22479,0.05112,0.03506,0.03572,0.02731,0.02226,0.02175,0.01361,0.02522,0.01769,0.02080,0.01612,0.01531,0.04399,0.03237,0.34742,0.00917,0.01189,0.01245,0.01595
0.17900,0.03561,0.17507,0.01891,0.02239,0.03067,0.04469,0.03449,0.02267,0.04377,0.01917,0.02144,0.03125,0.03115,0.04797,0.14475,0.01509,0.02131,0.02104,0.03953
0.02508,0.02480,0.06720,0.06518,0.03707,0.27380,0.14221,0.01302,0.03233,0.04250,0.03598,0.07104,0.02431,0.02359,0.03249,0.01900,0.01406,0.01289,0.02098,0.02249
0.03688,0.07624,0.05823,0.04593,0.03771,0.05792,0.04318,0.01503,0.01901,0.41928,0.02332,0.02049,0.01624,0.00838,0.01478,0.02080,0.03790,0.01678,0.01898,0.01293
0.06327,0.01501,0.04873,0.03646,0.01364,0.10709,0.21103,0.02502,0.07422,0.01564,0.02165,0.05263,0.08914,0.00847,0.01684,0.04236,0.00923,0.01150,0.01702,0.12106
0.03452,0.03534,0.07494,0.12697,0.09173,0.02033,0.03186,0.02449,0.01157,0.29799,0.08863,0.01982,0.02259,0.00885,0.02124,0.01777,0.02297,0.01599,0.01111,0.02128
0.29049,0.05724,0.03066,0.03760,0.02063,0.03047,0.02414,0.01435,0.03902,0.03854,0.04909,0.02557,0.02967,0.01818,0.03358,0.13030,0.01676,0.01742,0.02260,0.07370
0.04617,0.02278,0.01236,0.04297,0.02285,0.04173,0.05035,0.02364,0.02835,0.04474,0.05234,0.01823,0.03593,0.01216,0.01368,0.43326,0.02115,0.02948,0.01638,0.03143
0.03059,0.03343,0.04044,0.06153,0.03047,0.25753,0.18859,0.01575,0.05591,0.02570,0.04441,0.05259,0.02921,0.01498,0.01510,0.02169,0.01906,0.01579,0.02355,0.02368
0.04083,0.07997,0.07000,0.04822,0.01502,0.03986,0.04087,0.02998,0.03756,0.13484,0.03642,0.03834,0.11669,0.01917,0.03256,0.02470,0.03364,0.03595,0.03747,0.08792
0.03398,0.03963,0.02103,0.02035,0.02377,0.35138,0.08877,0.04529,0.02166,0.02755,0.01489,0.01791,0.05847,0.02107,0.01332,0.04833,0.01534,0.03362,0.06257,0.04107
0.05537,0.09552,0.08920,0.02476,0.01909,0.02742,0.01540,0.01595,0.03838,0.01738,0.01498,0.01599,0.01325,0.28264,0.03890,0.17035,0.01185,0.01438,0.02139,0.01781
0.03954,0.02255,0.02868,0.04422,0.02165,0.06175,0.36730,0.02478,0.01195,0.06272,0.03944,0.02326,0.09151,0.01079,0.01650,0.02130,0.01112,0.01387,0.02089,0.06619
0.03696,0.08702,0.02779,0.02069,0.02167,0.03637,0.02005,0.01886,0.03027,0.45784,0.01373,0.03305,0.02757,0.01346,0.02220,0.03207,0.01995,0.02301,0.02242,0.03501
0.02735,0.02304,0.16823,0.02241,0.01429,0.21668,0.09289,0.01723,0.13018,0.02460,0.02201,0.04925,0.02482,0.01185,0.05053,0.03094,0.01863,0.01660,0.01835,0.02013
0.04407,0.03103,0.03598,0.01812,0.04119,0.08076,0.42332,0.02101,0.02555,0.04206,0.01645,0.04317,0.02855,0.01697,0.02660,0.02664,0.01476,0.02092,0.01844,0.02444
0.02123,0.04621,0.00934,0.02185,0.01126,0.26202,0.19116,0.03200,0.10333,0.06005,0.01559,0.02905,0.04368,0.01375,0.00946,0.03450,0.01299,0.01884,0.02005,0.04364
0.05542,0.20987,0.07332,0.02229,0.04433,0.02659,0.05511,0.04607,0.02269,0.13344,0.01913,0.02236,0.03799,0.01220,0.02793,0.05080,0.02446,0.05503,0.01824,0.04273
0.29595,0.13258,0.07144,0.03752,0.02209,0.02622,0.02457,0.01527,0.04944,0.02395,0.02888,0.03172,0.01101,0.01663,0.01684,0.15784,0.00821,0.00799,0.00930,0.01254
0.02722,0.14261,0.05047,0.04174,0.11967,0.03198,0.03052,0.01936,0.03212,0.19411,0.04559,0.06014,0.02106,0.01176,0.03476,0.02969,0.02811,0.02306,0.04016,0.01585
0.12870,0.05387,0.01719,0.02367,0.03240,0.02275,0.01582,0.05697,0.02741,0.04389,0.02590,0.04887,0.01841,0.03869,0.01642,0.33779,0.02011,0.01476,0.01774,0.03865
0.12887,0.09284,0.02412,0.07972,0.01036,0.04030,0.05067,0.01320,0.03497,0.04142,0.04632,0.01485,0.02137,0.03883,0.01627,0.28430,0.01186,0.01324,0.01807,0.01844
0.04313,0.10724,0.03717,0.02124,0.22129,0.01982,0.04181,0.02145,0.01154,0.29073,0.02667,0.02150,0.01827,0.01297,0.01720,0.03224,0.01042,0.01387,0.01496,0.01646
0.04399,0.14211,0.02148,0.08710,0.02239,0.03052,0.02624,0.01998,0.12986,0.16481,0.14191,0.03413,0.01308,0.01570,0.01361,0.03881,0.01195,0.01224,0.01894,0.01116
0.03428,0.01907,0.01637,0.21139,0.00899,0.04308,0.39006,0.01591,0.00840,0.03790,0.04969,0.02062,0.02857,0.01096,0.01403,0.01653,0.01388,0.01024,0.01433,0.03569
0.04356,0.05520,0.06420,0.04791,0.05710,0.02934,0.03251,0.01907,0.03486,0.34686,0.07155,0.04433,0.02108,0.01206,0.02347,0.02666,0.01325,0.01500,0.02199,0.02002
0.60812,0.01776,0.01213,0.02066,0.02830,0.01666,0.01280,0.00874,0.01019,0.01511,0.02206,0.01439,0.00693,0.01699,0.02741,0.12568,0.00979,0.00756,0.00776,0.01096
0.03007,0.29555,0.01922,0.03696,0.03295,0.06987,0.04881,0.01617,0.01302,0.23335,0.02769,0.02795,0.02872,0.00756,0.00977,0.02471,0.01251,0.01396,0.02169,0.02949
0.03173,0.05187,0.02857,0.01421,0.01754,0.41735,0.16569,0.01563,0.01463,0.02246,0.01024,0.01639,0.01555,0.03456,0.02383,0.04890,0.01592,0.01907,0.01260,0.02324
0.02710,0.03782,0.01281,0.01224,0.01006,0.11966,0.27878,0.02107,0.03759,0.03984,0.00714,0.11037,0.05265,0.01308,0.00988,0.03165,0.01285,0.03481,0.04887,0.08175
0.02029,0.05132,0.02958,0.01534,0.02199,0.14121,0.31422,0.01465,0.06246,0.08815,0.01188,0.04686,0.04863,0.02099,0.02970,0.01374,0.01201,0.01497,0.01277,0.02927
0.02155,0.02984,0.04402,0.03689,0.01224,0.03460,0.38497,0.01482,0.05090,0.05796,0.02363,0.01250,0.09056,0.02222,0.04919,0.02047,0.00931,0.02177,0.01004,0.05251
0.02923,0.05396,0.01305,0.08110,0.01935,0.08542,0.06725,0.01284,0.02369,0.41152,0.04154,0.02632,0.02517,0.01188,0.00882,0.01901,0.01641,0.01261,0.01455,0.02627
0.01788,0.02210,0.01334,0.12404,0.02901,0.22583,0.23636,0.01670,0.04263,0.02506,0.06987,0.02099,0.02175,0.01922,0.01861,0.01672,0.01381,0.01678,0.01285,0.03644
0.03683,0.05114,0.01806,0.02184,0.02163,0.49752,0.05355,0.03651,0.03071,0.03668,0.01533,0.04652,0.01215,0.01239,0.01073,0.03128,0.01454,0.01898,0.02127,0.01231
0.01748,0.02467,0.01272,0.09058,0.01546,0.22016,0.19462,0.02010,0.01416,0.02956,0.17295,0.05373,0.01854,0.01607,0.01096,0.01744,0.01792,0.01281,0.01531,0.02476
0.02237,0.02281,0.01077,0.02345,0.02899,0.32201,0.04212,0.05489,0.14292,0.02542,0.04506,0.03506,0.01820,0.00915,0.00813,0.07100,0.02232,0.02521,0.04289,0.02723
0.04540,0.02707,0.06740,0.12169,0.01464,0.03442,0.02929,0.01763,0.05813,0.02830,0.05384,0.01928,0.01879,0.01279,0.04589,0.34185,0.01340,0.01395,0.01163,0.02459
0.01959,0.12616,0.00935,0.00823,0.00645,0.03615,0.06049,0.01338,0.05392,0.39939,0.00590,0.01997,0.07697,0.00841,0.00771,0.01826,0.00767,0.02231,0.01209,0.08760
0.04648,0.19365,0.02110,0.01252,0.01096,0.02152,0.02324,0.04009,0.15415,0.25580,0.00936,0.04035,0.02154,0.01373,0.01132,0.04505,0.01291,0.02155,0.01612,0.02856
0.19659,0.12408,0.11614,0.01587,0.01682,0.02053,0.02710,0.01514,0.04599,0.02699,0.01336,0.02653,0.04735,0.06602,0.05380,0.08167,0.01450,0.01926,0.01422,0.05805
0.02473,0.04881,0.03572,0.01205,0.02850,0.25321,0.22489,0.02790,0.05783,0.03794,0.01307,0.02744,0.01375,0.03203,0.06816,0.02852,0.01540,0.02285,0.01497,0.01219
0.46997,0.01764,0.02375,0.02836,0.02092,0.02192,0.02529,0.01694,0.04431,0.03303,0.03204,0.05138,0.01997,0.01170,0.02074,0.08241,0.01613,0.01799,0.01622,0.02931
0.27651,0.03501,0.08789,0.04027,0.01597,0.02871,0.03565,0.01245,0.01530,0.01702,0.02582,0.01636,0.01717,0.02791,0.04686,0.24997,0.01054,0.01223,0.01251,0.01585
0.08110,0.01524,0.06636,0.02008,0.02394,0.05270,0.05056,0.03730,0.16501,0.02945,0.02175,0.06646,0.05208,0.01141,0.04167,0.13630,0.01513,0.02130,0.02432,0.06783
0.02371,0.03884,0.06876,0.01836,0.01790,0.17477,0.06375,0.01754,0.14729,0.01853,0.01385,0.02573,0.09753,0.03358,0.02587,0.02170,0.01391,0.02126,0.02498,0.13214
0.06396,0.02324,0.05148,0.03512,0.07982,0.05427,0.05308,0.04150,0.02778,0.04918,0.02908,0.02423,0.02869,0.01826,0.04016,0.24344,0.02925,0.05019,0.02343,0.03387
0.18256,0.06311,0.09258,0.01448,0.01498,0.03719,0.02894,0.02491,0.19161,0.04226,0.01159,0.02754,0.01584,0.01252,0.03112,0.13348,0.01112,0.02117,0.02699,0.01600
0.02916,0.03979,0.03426,0.01548,0.01451,0.31814,0.18334,0.01591,0.12723,0.02927,0.01417,0.04901,0.01566,0.01261,0.02386,0.02858,0.00872,0.01044,0.01610,0.01377
0.20364,0.07331,0.02535,0.06196,0.01863,0.02463,0.02094,0.01626,0.02975,0.01792,0.01992,0.02922,0.10476,0.10411,0.01353,0.06636,0.01165,0.01537,0.01952,0.12315
0.10040,0.06720,0.09402,0.02183,0.01415,0.01596,0.02491,0.01914,0.02086,0.06245,0.01760,0.01918,0.03658,0.01874,0.06973,0.30566,0.01587,0.02754,0.01595,0.03224
0.05719,0.13233,0.02295,0.02333,0.01844,0.05107,0.03422,0.01503,0.04633,0.33483,0.01816,0.04161,0.02069,0.01988,0.02069,0.03757,0.02961,0.02014,0.02337,0.03255
0.14980,0.02347,0.04394,0.01027,0.01539,0.06231,0.04956,0.01351,0.12232,0.02599,0.00921,0.17404,0.02127,0.01028,0.03137,0.15591,0.00876,0.01394,0.02141,0.03725
0.05146,0.24190,0.02037,0.03256,0.01752,0.05469,0.06950,0.03914,0.02225,0.21074,0.03354,0.02340,0.02202,0.02441,0.01153,0.05378,0.01066,0.01924,0.01807,0.02325
0.13130,0.03286,0.30102,0.02907,0.01870,0.02077,0.01779,0.03382,0.03251,0.03750,0.01803,0.05806,0.01662,0.01673,0.06470,0.09177,0.01675,0.01556,0.02249,0.02396
0.03001,0.14003,0.01414,0.03212,0.02192,0.03475,0.04862,0.02127,0.01484,0.21780,0.01880,0.01276,0.22057,0.00992,0.00951,0.02381,0.00978,0.02395,0.03181,0.06360
0.07969,0.01792,0.03856,0.03077,0.01369,0.07516,0.04869,0.02521,0.04398,0.04574,0.05048,0.04970,0.02951,0.01002,0.02254,0.30349,0.01396,0.02377,0.04713,0.02999
0.02478,0.02944,0.02140,0.14611,0.01722,0.03996,0.37220,0.03190,0.01617,0.03237,0.06103,0.02151,0.04229,0.03087,0.01292,0.02186,0.00860,0.01741,0.02213,0.02983
0.02077,0.03618,0.01877,0.03138,0.02465,0.33142,0.05667,0.01945,0.20774,0.05218,0.04444,0.03967,0.01555,0.01548,0.01777,0.01843,0.01218,0.01056,0.01054,0.01617
0.28581,0.02621,0.06081,0.04304,0.02752,0.05109,0.06283,0.01307,0.04296,0.01970,0.02256,0.02249,0.03572,0.02506,0.04686,0.12074,0.01148,0.01587,0.01441,0.05175
0.05433,0.24209,0.02304,0.01338,0.02063,0.04119,0.07639,0.01907,0.04096,0.19258,0.01764,0.03453,0.03193,0.01797,0.02027,0.04268,0.01514,0.03978,0.03370,0.02271
0.24319,0.06617,0.02359,0.01881,0.03081,0.02552,0.02198,0.02984,0.09994,0.03760,0.01979,0.06206,0.01560,0.04313,0.01697,0.12168,0.02477,0.02936,0.03095,0.03827
0.04649,0.14068,0.06663,0.02200,0.02653,0.03983,0.05870,0.02119,0.01288,0.38331,0.01470,0.02609,0.01661,0.01844,0.02819,0.02325,0.01028,0.01156,0.01707,0.01557
0.27471,0.03951,0.02120,0.02575,0.05828,0.02561,0.01928,0.02164,0.14974,0.02685,0.02287,0.05443,0.01567,0.01242,0.01232,0.16486,0.00744,0.01056,0.01490,0.02193
0.50130,0.04245,0.03250,0.01915,0.00964,0.03768,0.01627,0.01268,0.02838,0.01415,0.01247,0.02496,0.01459,0.03121,0.01823,0.12404,0.00808,0.00816,0.01947,0.02457
0.04364,0.08829,0.02137,0.02807,0.01801,0.05763,0.05827,0.01342,0.08134,0.28239,0.02730,0.14233,0.02063,0.01011,0.01750,0.02627,0.01733,0.01362,0.01554,0.01694
0.02086,0.05714,0.02202,0.03956,0.02216,0.18560,0.24215,0.02387,0.01309,0.05093,0.08479,0.02299,0.03040,0.03363,0.01383,0.01809,0.03448,0.01889,0.03747,0.02807
0.04212,0.05811,0.02584,0.02113,0.05417,0.03875,0.06858,0.03742,0.03581,0.38853,0.01464,0.02803,0.03919,0.00959,0.01364,0.02324,0.01668,0.02985,0.02441,0.03027
0.07629,0.11165,0.01407,0.04568,0.02841,0.09945,0.33687,0.01317,0.01409,0.05083,0.02860,0.02608,0.02746,0.03015,0.01049,0.01830,0.01312,0.01240,0.01879,0.02411
0.08065,0.05981,0.19640,0.04292,0.02624,0.02633,0.02304,0.02152,0.05467,0.02116,0.06503,0.04183,0.00973,0.02995,0.04778,0.19696,0.01756,0.01072,0.01390,0.01379
0.08501,0.15102,0.01415,0.02121,0.01517,0.02844,0.02522,0.01375,0.14278,0.25970,0.01514,0.02651,0.03788,0.01103,0.01389,0.05836,0.01533,0.02261,0.01449,0.02831
0.02805,0.04051,0.01846,0.01285,0.01125,0.35630,0.13802,0.03127,0.02104,0.08377,0.01070,0.02438,0.01690,0.02057,0.01276,0.04725,0.02430,0.03757,0.03488,0.02916
0.09557,0.07423,0.05948,0.01410,0.02007,0.02515,0.02293,0.01285,0.02119,0.04803,0.01006,0.01246,0.01654,0.09811,0.11709,0.29686,0.01183,0.01311,0.01146,0.01887
0.01970,0.02579,0.02403,0.01789,0.03678,0.44721,0.16109,0.01528,0.02231,0.03435,0.01311,0.00941,0.06183,0.01308,0.01489,0.02338,0.00855,0.01465,0.01102,0.02563
0.04220,0.11435,0.01719,0.02350,0.02010,0.02903,0.08865,0.02927,0.03614,0.26526,0.02308,0.03543,0.08375,0.05058,0.01378,0.02040,0.01839,0.02121,0.01212,0.05557
0.04721,0.09255,0.05147,0.02476,0.03913,0.03635,0.03421,0.02812,0.03727,0.21472,0.01472,0.06259,0.03240,0.00945,0.02010,0.03591,0.01714,0.07737,0.02475,0.09979
0.10110,0.09857,0.10802,0.01215,0.01003,0.02856,0.03635,0.01238,0.02732,0.02544,0.00996,0.02736,0.01095,0.09475,0.20106,0.14973,0.00762,0.01171,0.01405,0.01287
0.01836,0.02675,0.02280,0.02464,0.05518,0.26444,0.18499,0.04804,0.03786,0.02883,0.03017,0.04044,0.02407,0.04043,0.01426,0.03562,0.02500,0.01983,0.03190,0.02639
0.02186,0.08811,0.04239,0.02730,0.02063,0.08829,0.22367,0.02052,0.18650,0.02350,0.01859,0.02169,0.04073,0.03717,0.01924,0.02116,0.01186,0.01959,0.01416,0.05305
0.26998,0.09442,0.03262,0.08597,0.01447,0.01831,0.01766,0.01240,0.03589,0.04255,0.05323,0.01585,0.01305,0.06311,0.03053,0.15143,0.01273,0.01000,0.01303,0.01277
0.07646,0.09567,0.03997,0.02593,0.01852,0.03388,0.03201,0.03600,0.03932,0.03895,0.02335,0.02448,0.03529,0.18684,0.01820,0.15369,0.01360,0.02648,0.04420,0.03716
0.06819,0.08767,0.02950,0.04926,0.03100,0.03961,0.07292,0.02305,0.02430,0.31116,0.07901,0.02872,0.01690,0.02436,0.02030,0.02533,0.01497,0.01344,0.01208,0.02824
0.02258,0.03913,0.06591,0.01663,0.02326,0.12763,0.32908,0.02001,0.06340,0.03014,0.01181,0.09513,0.02109,0.01458,0.03933,0.01686,0.00976,0.01550,0.01589,0.02230
0.26180,0.07366,0.03969,0.01372,0.01914,0.02432,0.01844,0.01627,0.07891,0.03438,0.01386,0.09814,0.01130,0.02669,0.05718,0.16984,0.00726,0.01075,0.01111,0.01355
0.10224,0.06186,0.01823,0.02096,0.04166,0.01725,0.01827,0.02986,0.01067,0.06932,0.02968,0.00989,0.01397,0.07724,0.03127,0.35785,0.02834,0.02831,0.01423,0.01889
0.57538,0.01951,0.00863,0.01324,0.01741,0.02456,0.03227,0.00939,0.04208,0.02314,0.00903,0.08122,0.01631,0.01617,0.00819,0.04777,0.01173,0.01100,0.01055,0.02242
0.02523,0.02053,0.02781,0.01433,0.01915,0.28775,0.25674,0.02208,0.11240,0.01486,0.01081,0.03054,0.01994,0.02980,0.02097,0.02865,0.00633,0.01407,0.01249,0.02552
0.01590,0.05163,0.01083,0.04908,0.00847,0.03211,0.02888,0.01262,0.08595,0.45007,0.02535,0.05473,0.04355,0.00841,0.00888,0.01609,0.01945,0.01439,0.01947,0.04413
0.05129,0.03810,0.03210,0.02452,0.04213,0.19224,0.22770,0.01783,0.02827,0.04280,0.02396,0.01560,0.06353,0.01544,0.02150,0.04713,0.02363,0.03649,0.01924,0.03648
0.02452,0.07535,0.02088,0.02271,0.00989,0.02369,0.02409,0.01524,0.06203,0.56956,0.01095,0.02684,0.02289,0.00789,0.00863,0.02287,0.00725,0.00964,0.01598,0.01908
0.03282,0.07365,0.01033,0.02287,0.01296,0.02814,0.01671,0.03803,0.05256,0.40860,0.02001,0.04920,0.01775,0.01158,0.00799,0.04865,0.02188,0.03810,0.05152,0.03665
0.14757,0.04460,0.21069,0.01858,0.01433,0.02637,0.03212,0.02932,0.02372,0.03142,0.01826,0.01379,0.01876,0.07884,0.04319,0.19476,0.00893,0.01231,0.01448,0.01795
0.07828,0.03485,0.01205,0.04889,0.03068,0.02654,0.02578,0.01887,0.02682,0.40843,0.03959,0.03252,0.01902,0.02478,0.01396,0.06134,0.02544,0.02167,0.03003,0.02045
0.03517,0.02817,0.11708,0.01337,0.02045,0.07856,0.38649,0.01800,0.03293,0.01999,0.01042,0.03862,0.02085,0.02569,0.05346,0.03442,0.00819,0.01519,0.01958,0.02337
0.02162,0.22642,0.02256,0.01614,0.02487,0.09807,0.07073,0.02434,0.01412,0.31311,0.01608,0.02079,0.02017,0.01283,0.01541,0.01563,0.00991,0.01411,0.01434,0.02875
0.04898,0.03394,0.07055,0.03037,0.01601,0.03295,0.02081,0.01451,0.01321,0.01830,0.03295,0.01401,0.01333,0.02346,0.28989,0.23632,0.01655,0.02622,0.02152,0.02611
0.03246,0.04983,0.03576,0.02550,0.01183,0.02564,0.03419,0.03271,0.01253,0.07922,0.01132,0.01459,0.07604,0.02781,0.02858,0.30460,0.01177,0.05495,0.02471,0.10596
0.01868,0.02622,0.03070,0.06867,0.03980,0.04505,0.34776,0.03183,0.01293,0.05113,0.12152,0.01721,0.02085,0.04878,0.02608,0.01650,0.02038,0.01700,0.01618,0.02273
