0.07835,0.03238,0.00900,0.03064,0.00884,0.07012,0.00801,0.00941,0.00764,0.00561,0.33118,0.34553,0.01701,0.00587,0.00745,0.00611,0.00555,0.00561,0.00471,0.01097
0.05439,0.06114,0.01327,0.08089,0.01290,0.03175,0.01346,0.01568,0.01522,0.01834,0.29079,0.30358,0.01140,0.01281,0.01153,0.01262,0.01111,0.00775,0.00988,0.01148
0.09611,0.13119,0.01955,0.12351,0.01812,0.10186,0.02122,0.01483,0.01811,0.01654,0.16625,0.17885,0.01429,0.01517,0.01129,0.01631,0.00833,0.00571,0.01243,0.01034
0.09416,0.15624,0.01815,0.15023,0.01525,0.10808,0.01955,0.01974,0.01543,0.02202,0.13535,0.14579,0.01743,0.01651,0.01530,0.01005,0.00826,0.01019,0.00909,0.01318
0.03588,0.21928,0.01563,0.21807,0.02523,0.02880,0.01219,0.02498,0.01168,0.01977,0.14172,0.15497,0.00921,0.01657,0.01583,0.01542,0.00725,0.00671,0.00866,0.01216
0.02792,0.13105,0.01351,0.13255,0.01291,0.02034,0.01445,0.01393,0.01064,0.03914,0.25728,0.24120,0.00788,0.01857,0.00883,0.00660,0.00714,0.01013,0.01149,0.01444
0.07852,0.07822,0.01104,0.07399,0.01170,0.07770,0.00557,0.01295,0.00566,0.00669,0.28257,0.29673,0.01061,0.01377,0.00808,0.00535,0.00384,0.00472,0.00408,0.00822
0.03520,0.22339,0.00913,0.22748,0.00877,0.02881,0.01135,0.01094,0.00888,0.00859,0.17033,0.18389,0.01143,0.01575,0.00882,0.01017,0.00434,0.00966,0.00384,0.00922
0.02511,0.09043,0.01006,0.08221,0.00960,0.02935,0.01048,0.00877,0.00935,0.01151,0.29432,0.31460,0.01480,0.01128,0.01835,0.00984,0.00970,0.01652,0.00717,0.01655
0.03749,0.05792,0.00795,0.05412,0.00751,0.03152,0.00844,0.01058,0.00715,0.00957,0.33323,0.35340,0.01636,0.01542,0.00834,0.01109,0.00557,0.00406,0.00859,0.01169
0.07346,0.05073,0.01817,0.05387,0.01426,0.07517,0.01098,0.00940,0.01124,0.01770,0.27462,0.29804,0.03550,0.01823,0.00678,0.00721,0.00451,0.00629,0.00595,0.00788
0.04439,0.11267,0.02225,0.08606,0.02891,0.08490,0.01818,0.01280,0.01224,0.01007,0.22765,0.23775,0.01519,0.01781,0.01087,0.01112,0.01105,0.01214,0.00843,0.01551
0.13720,0.07857,0.01020,0.08078,0.01106,0.13217,0.00789,0.00881,0.00775,0.01005,0.21516,0.24012,0.01222,0.01268,0.00586,0.00864,0.00382,0.00499,0.00476,0.00727
0.06132,0.08206,0.02273,0.09658,0.02164,0.04424,0.01561,0.01712,0.02077,0.01046,0.26060,0.27592,0.01339,0.01143,0.00761,0.00586,0.00610,0.00891,0.00798,0.00967
0.03325,0.18971,0.01960,0.07020,0.03010,0.17226,0.02278,0.02409,0.01256,0.03828,0.13201,0.14765,0.01834,0.01607,0.01173,0.01614,0.01168,0.01462,0.00615,0.01278
0.10370,0.08948,0.01933,0.13419,0.02440,0.05169,0.01718,0.02299,0.01217,0.01842,0.19952,0.20670,0.02149,0.01338,0.01342,0.01474,0.00858,0.00780,0.01113,0.00967
0.01680,0.16600,0.00776,0.03627,0.01204,0.15814,0.00908,0.01504,0.00838,0.01320,0.22559,0.24474,0.01141,0.02569,0.00789,0.00548,0.01077,0.01124,0.00383,0.01067
0.11908,0.17431,0.01491,0.18050,0.01179,0.11716,0.00998,0.01637,0.02051,0.01892,0.11660,0.12958,0.01245,0.00790,0.01095,0.01021,0.00657,0.00701,0.00882,0.00639
0.05796,0.14219,0.02704,0.15333,0.01573,0.07286,0.01566,0.02538,0.02141,0.02091,0.15916,0.17290,0.01759,0.01021,0.02574,0.01504,0.01134,0.01040,0.01143,0.01374
0.12651,0.12367,0.02514,0.17873,0.02342,0.06830,0.02396,0.01545,0.01738,0.02013,0.13363,0.14609,0.02898,0.00817,0.01869,0.01175,0.00426,0.00566,0.00867,0.01142
0.04076,0.09526,0.01091,0.07773,0.01364,0.07516,0.00858,0.00883,0.00837,0.00998,0.27076,0.29777,0.01354,0.01071,0.02495,0.01076,0.00375,0.00508,0.00419,0.00928
0.07446,0.12909,0.00801,0.12818,0.01060,0.06027,0.00858,0.01181,0.00801,0.00926,0.24202,0.24793,0.01474,0.01022,0.01013,0.00731,0.00448,0.00469,0.00500,0.00522
0.03821,0.11990,0.01289,0.06477,0.01993,0.09588,0.02813,0.02194,0.01002,0.01366,0.22545,0.24028,0.01869,0.01872,0.00820,0.01119,0.00402,0.02923,0.00683,0.01205
0.14059,0.09752,0.02746,0.09847,0.01787,0.13682,0.00820,0.01729,0.01619,0.01063,0.15822,0.17218,0.01723,0.01051,0.01903,0.01287,0.00655,0.01123,0.00835,0.01279
0.03847,0.30385,0.00865,0.31120,0.01224,0.03517,0.00986,0.01590,0.01139,0.00812,0.08386,0.09168,0.01219,0.00580,0.01133,0.00822,0.00491,0.00696,0.00479,0.01542
0.02153,0.11178,0.00800,0.11020,0.01005,0.01970,0.00600,0.00643,0.00390,0.00953,0.31789,0.32956,0.00624,0.00630,0.00647,0.00725,0.00714,0.00295,0.00394,0.00513
0.17562,0.05621,0.03382,0.04601,0.02113,0.18101,0.02453,0.03581,0.04840,0.02480,0.11617,0.11882,0.02768,0.01078,0.00856,0.02171,0.01457,0.00441,0.00918,0.02078
0.08260,0.05989,0.01719,0.05386,0.01464,0.07952,0.01381,0.01467,0.01577,0.01540,0.26773,0.28051,0.01721,0.01639,0.01080,0.00914,0.00432,0.00755,0.00341,0.01559
0.07286,0.17657,0.01246,0.17575,0.01298,0.06246,0.01140,0.01449,0.01209,0.01647,0.16789,0.17967,0.02050,0.01604,0.01011,0.00849,0.00538,0.00802,0.00904,0.00735
0.13081,0.15553,0.01256,0.16794,0.01259,0.13561,0.01143,0.01729,0.01296,0.01145,0.11442,0.12129,0.01704,0.01953,0.00896,0.00832,0.01119,0.00913,0.00978,0.01217
0.12575,0.10013,0.02459,0.15775,0.02691,0.06221,0.01743,0.02467,0.01704,0.01973,0.16181,0.17507,0.01487,0.01628,0.01664,0.00885,0.01035,0.00546,0.00466,0.00979
0.08112,0.12439,0.01381,0.13177,0.01000,0.07421,0.01437,0.01117,0.01110,0.01128,0.22441,0.23578,0.00734,0.00900,0.00626,0.00544,0.00647,0.00662,0.00466,0.01081
0.05580,0.10541,0.01426,0.11092,0.02882,0.04543,0.02332,0.04952,0.01360,0.04060,0.20538,0.22195,0.01613,0.01121,0.01402,0.00597,0.00499,0.00850,0.01005,0.01413
0.07105,0.17099,0.01290,0.18102,0.01823,0.06409,0.00868,0.01799,0.01304,0.01038,0.16632,0.17877,0.01342,0.01325,0.00798,0.01163,0.00927,0.00990,0.00750,0.01359
0.14991,0.12737,0.01702,0.21394,0.01872,0.06573,0.01162,0.01441,0.01014,0.01142,0.13657,0.12902,0.01259,0.02143,0.00840,0.00882,0.00663,0.01963,0.00642,0.01022
0.07762,0.15739,0.01640,0.14202,0.01860,0.10381,0.01817,0.02153,0.02176,0.01490,0.15629,0.16159,0.01939,0.01381,0.01286,0.01058,0.00621,0.00647,0.00655,0.01405
0.18740,0.06685,0.01641,0.06797,0.01077,0.18477,0.01778,0.00898,0.02003,0.01747,0.16649,0.18054,0.00860,0.00636,0.00618,0.00941,0.00462,0.00544,0.00574,0.00820
0.03750,0.14517,0.01701,0.14492,0.01205,0.02919,0.01662,0.01281,0.01450,0.01805,0.23372,0.22032,0.01439,0.02237,0.00760,0.00898,0.01326,0.00823,0.00909,0.01421
0.05532,0.09531,0.01793,0.09899,0.01345,0.04975,0.01506,0.02128,0.01515,0.01425,0.25164,0.26689,0.01338,0.01385,0.00781,0.01274,0.00604,0.01518,0.00540,0.01059
0.04828,0.03850,0.01513,0.06177,0.01374,0.03068,0.01209,0.01594,0.01183,0.01413,0.31090,0.32621,0.01041,0.02050,0.01299,0.00950,0.01282,0.01011,0.01005,0.01442
0.10430,0.17214,0.01013,0.17419,0.01493,0.09067,0.00911,0.00860,0.00940,0.00956,0.15953,0.16717,0.00955,0.01009,0.01167,0.00406,0.01044,0.00968,0.00581,0.00897
0.07311,0.06404,0.02298,0.09528,0.01787,0.03077,0.01323,0.02369,0.01268,0.01726,0.25890,0.26961,0.01150,0.01610,0.01553,0.01819,0.00654,0.01285,0.00929,0.01058
0.05769,0.05943,0.01241,0.05046,0.01762,0.05120,0.01022,0.00832,0.01056,0.01385,0.30129,0.31555,0.01650,0.01684,0.00868,0.00693,0.00562,0.01264,0.00700,0.01719
0.02644,0.15326,0.01809,0.14688,0.01907,0.02054,0.01253,0.03209,0.01896,0.01158,0.22004,0.22895,0.01833,0.01085,0.01413,0.01291,0.00677,0.01174,0.00618,0.01066
0.05988,0.17934,0.01430,0.11249,0.01378,0.12773,0.01263,0.01110,0.01212,0.01578,0.17788,0.18920,0.00968,0.01259,0.00884,0.00737,0.00753,0.00668,0.01027,0.01080
0.04339,0.17643,0.02059,0.10813,0.01925,0.13328,0.01556,0.02230,0.01809,0.01658,0.15335,0.16301,0.01638,0.01528,0.01651,0.01372,0.01403,0.01304,0.01048,0.01059
0.04587,0.16570,0.00744,0.17156,0.01072,0.03038,0.01240,0.01349,0.00837,0.01384,0.20060,0.22216,0.02818,0.01210,0.00972,0.01286,0.00506,0.01020,0.00712,0.01225
0.12276,0.10777,0.00858,0.17915,0.00818,0.04962,0.01015,0.01001,0.00728,0.01274,0.20843,0.21307,0.01017,0.01100,0.00626,0.00719,0.00317,0.00547,0.00435,0.01465
0.05830,0.09374,0.01908,0.10143,0.01160,0.05447,0.01616,0.01951,0.01214,0.01564,0.25085,0.26601,0.01199,0.00583,0.02263,0.00969,0.00783,0.00673,0.00608,0.01029
0.04691,0.08845,0.02876,0.08072,0.06196,0.03433,0.07683,0.02988,0.03394,0.01815,0.17885,0.19080,0.02179,0.01000,0.01318,0.01951,0.00916,0.00761,0.00806,0.04111
0.09071,0.09867,0.00920,0.09628,0.01135,0.09143,0.00910,0.00865,0.01077,0.00844,0.24321,0.26052,0.01343,0.01163,0.00695,0.00590,0.00731,0.00655,0.00462,0.00529
0.14769,0.13841,0.01855,0.14311,0.01512,0.14798,0.01327,0.02514,0.01730,0.01289,0.12219,0.13010,0.01100,0.01199,0.00975,0.01003,0.00578,0.00701,0.00481,0.00789
0.02450,0.07767,0.01944,0.07501,0.02554,0.01514,0.02198,0.05125,0.01636,0.01729,0.24332,0.26053,0.01917,0.01529,0.01810,0.02758,0.00937,0.02960,0.00779,0.02508
0.01884,0.13978,0.00625,0.13632,0.01116,0.01661,0.01149,0.00821,0.01144,0.00692,0.27198,0.28663,0.01275,0.00760,0.00857,0.01807,0.00279,0.01196,0.00243,0.01020
0.02648,0.15839,0.01680,0.16472,0.01014,0.02479,0.01580,0.01214,0.01216,0.01145,0.22602,0.23951,0.01192,0.01492,0.01094,0.00623,0.01184,0.00920,0.00597,0.01059
0.11256,0.20006,0.00934,0.21212,0.00706,0.10903,0.00993,0.01198,0.00896,0.00891,0.13258,0.13085,0.00736,0.00744,0.00594,0.00969,0.00381,0.00310,0.00337,0.00591
0.02438,0.23051,0.01372,0.23662,0.01122,0.02387,0.00818,0.01170,0.01064,0.00911,0.15246,0.16340,0.01011,0.01756,0.01210,0.01592,0.00634,0.00713,0.01662,0.01841
0.09330,0.09220,0.01866,0.13988,0.02083,0.04465,0.01192,0.01405,0.00779,0.01132,0.23057,0.22454,0.01205,0.01234,0.01451,0.00968,0.01810,0.01088,0.00520,0.00755
0.06364,0.20057,0.01866,0.18944,0.01316,0.05063,0.01330,0.07840,0.00983,0.04996,0.11074,0.12898,0.01307,0.00564,0.01730,0.01062,0.00556,0.00886,0.00519,0.00645
0.05883,0.27151,0.00920,0.27927,0.00712,0.05470,0.00828,0.00595,0.00691,0.00538,0.12330,0.13054,0.00812,0.00447,0.00405,0.00555,0.00344,0.00762,0.00214,0.00362
0.06245,0.08072,0.02975,0.07790,0.01823,0.05802,0.02856,0.02783,0.03823,0.02429,0.20944,0.21922,0.01649,0.02192,0.01686,0.02678,0.01200,0.00913,0.00935,0.01282
0.11379,0.19641,0.01345,0.21432,0.01456,0.09659,0.01229,0.01153,0.01113,0.01190,0.10781,0.12132,0.01011,0.00860,0.01726,0.00525,0.00594,0.00716,0.00961,0.01096
0.17612,0.06770,0.02767,0.06276,0.01895,0.18299,0.02161,0.02766,0.01628,0.02224,0.14250,0.14141,0.01261,0.02575,0.01790,0.00923,0.00647,0.00718,0.00358,0.00938
0.08127,0.07280,0.01249,0.08046,0.01187,0.07203,0.00495,0.01319,0.00767,0.00636,0.27501,0.29546,0.01047,0.01568,0.00914,0.00790,0.00671,0.00552,0.00362,0.00742
0.06669,0.26033,0.00714,0.25832,0.00894,0.05617,0.00672,0.00716,0.00518,0.00501,0.12918,0.14491,0.00802,0.00800,0.00644,0.00444,0.00296,0.00353,0.00439,0.00648
0.05837,0.24492,0.01469,0.24635,0.01015,0.05424,0.01592,0.01520,0.00974,0.01170,0.12233,0.13070,0.00971,0.01285,0.01294,0.00847,0.00468,0.00636,0.00554,0.00516
0.03160,0.19975,0.00953,0.20539,0.01194,0.02630,0.01836,0.01300,0.01126,0.00823,0.19272,0.20844,0.00856,0.00763,0.00842,0.00892,0.00482,0.00887,0.00625,0.01000
0.02777,0.14036,0.03246,0.12204,0.03237,0.02997,0.03554,0.05519,0.02294,0.02648,0.17098,0.18571,0.02650,0.01131,0.01116,0.01868,0.01615,0.01004,0.01037,0.01398
0.02714,0.16234,0.01189,0.07319,0.00984,0.13433,0.01199,0.02379,0.01208,0.01141,0.21396,0.22395,0.02050,0.01107,0.01000,0.00956,0.00893,0.00685,0.00647,0.01072
0.06181,0.10453,0.01097,0.10736,0.01413,0.05522,0.00984,0.01177,0.01025,0.01294,0.25518,0.27432,0.01043,0.00855,0.00774,0.00602,0.00590,0.01398,0.00748,0.01156
0.18029,0.16174,0.01343,0.25438,0.01634,0.06410,0.01944,0.01161,0.01601,0.01084,0.08671,0.08636,0.01020,0.01219,0.01494,0.01101,0.01033,0.00679,0.00392,0.00938
0.03869,0.12946,0.01270,0.13958,0.00792,0.02815,0.01124,0.01865,0.00854,0.01012,0.24944,0.25692,0.01121,0.01791,0.01483,0.00844,0.00865,0.00945,0.00594,0.01217
0.02042,0.04842,0.01141,0.04415,0.01425,0.02012,0.00803,0.01076,0.01345,0.00480,0.34516,0.36539,0.01267,0.01993,0.01540,0.01158,0.00826,0.00736,0.01030,0.00813
0.12396,0.15602,0.02293,0.16771,0.01175,0.11376,0.02000,0.02276,0.01037,0.02567,0.11951,0.12940,0.01336,0.01186,0.01100,0.00752,0.00692,0.00959,0.00793,0.00797
0.05548,0.15745,0.01334,0.15835,0.02838,0.04770,0.01033,0.00833,0.01705,0.00999,0.21916,0.20911,0.01281,0.01483,0.00860,0.00547,0.00427,0.00363,0.00772,0.00802
0.12611,0.16854,0.01902,0.17412,0.02408,0.11869,0.01957,0.01734,0.01510,0.01457,0.10934,0.10371,0.01483,0.01997,0.01149,0.00768,0.00895,0.00846,0.00683,0.01159
0.05175,0.09938,0.02043,0.10266,0.01839,0.05094,0.01718,0.02470,0.02013,0.02149,0.24083,0.25672,0.01138,0.01013,0.01125,0.00655,0.00639,0.01280,0.00687,0.01004
0.07230,0.16146,0.01292,0.12352,0.01950,0.12194,0.01143,0.01514,0.01345,0.01419,0.15869,0.17615,0.01876,0.01280,0.01040,0.01386,0.00950,0.01070,0.00982,0.01344
0.03909,0.11370,0.01585,0.12481,0.01596,0.05157,0.01713,0.01973,0.01060,0.01076,0.22217,0.24361,0.01263,0.01163,0.02894,0.01957,0.00872,0.00793,0.01068,0.01493
0.14758,0.10158,0.00597,0.19252,0.01101,0.03943,0.00915,0.01096,0.00930,0.01441,0.19347,0.20431,0.01093,0.01358,0.00663,0.00690,0.00656,0.00414,0.00287,0.00867
0.07013,0.11466,0.01298,0.10871,0.01457,0.07382,0.02268,0.01938,0.01659,0.02089,0.20693,0.21992,0.01309,0.01145,0.02126,0.01121,0.00637,0.01197,0.00594,0.01746
0.17259,0.05228,0.01644,0.20227,0.01027,0.01696,0.01228,0.01458,0.01227,0.01230,0.19157,0.18917,0.01373,0.01404,0.01252,0.01353,0.00984,0.01173,0.00954,0.01210
0.11970,0.09045,0.00823,0.16005,0.01138,0.03058,0.00839,0.01307,0.00919,0.00964,0.22670,0.23594,0.01013,0.01413,0.00685,0.01113,0.00869,0.00878,0.00450,0.01248
0.17174,0.08173,0.01509,0.08346,0.01610,0.17714,0.01373,0.01682,0.01952,0.01442,0.14264,0.15854,0.01419,0.00914,0.01887,0.00740,0.00602,0.01162,0.00953,0.01231
0.05384,0.16190,0.02188,0.11400,0.02182,0.11814,0.01230,0.02335,0.02021,0.01173,0.15548,0.15774,0.01345,0.03182,0.01378,0.01452,0.01768,0.00902,0.01247,0.01487
0.27068,0.06358,0.01375,0.06833,0.01502,0.27661,0.01190,0.00691,0.01760,0.01230,0.07840,0.07426,0.02156,0.01262,0.00921,0.01024,0.00765,0.00851,0.00691,0.01397
0.10074,0.11756,0.02464,0.10810,0.01320,0.10889,0.01536,0.01702,0.02130,0.01419,0.17875,0.18718,0.01388,0.01632,0.01058,0.00679,0.00486,0.02211,0.00641,0.01211
0.03953,0.11478,0.01898,0.10853,0.03225,0.02621,0.04636,0.01208,0.02123,0.01569,0.23685,0.24520,0.01437,0.01150,0.01017,0.00876,0.01027,0.00754,0.00555,0.01415
0.02362,0.11129,0.00996,0.04414,0.00686,0.08628,0.01664,0.01299,0.00907,0.01214,0.27791,0.30324,0.02064,0.00852,0.00990,0.01104,0.00852,0.00940,0.00658,0.01126
0.10813,0.13292,0.01671,0.16473,0.01079,0.07291,0.01518,0.01475,0.01204,0.01198,0.17598,0.19068,0.00969,0.00904,0.01094,0.00862,0.00642,0.01197,0.00615,0.01036
0.13759,0.06512,0.01299,0.17951,0.00960,0.02717,0.01070,0.01120,0.00817,0.01126,0.21568,0.22695,0.02004,0.01896,0.01034,0.00897,0.00668,0.00792,0.00443,0.00673
0.03958,0.11855,0.01605,0.11810,0.01267,0.03684,0.01082,0.01220,0.00910,0.01079,0.24394,0.26216,0.01863,0.01914,0.01022,0.01831,0.01024,0.00973,0.01143,0.01149
0.07852,0.05843,0.01693,0.05696,0.01853,0.06282,0.01460,0.01530,0.01148,0.01797,0.27403,0.29203,0.01359,0.00997,0.00921,0.01690,0.00575,0.00900,0.00741,0.01055
0.04380,0.12190,0.02583,0.13599,0.02580,0.04277,0.01275,0.04521,0.03213,0.02226,0.18794,0.19947,0.02043,0.01036,0.02246,0.01024,0.00946,0.00896,0.00661,0.01563
0.05899,0.25622,0.00929,0.26253,0.01275,0.05251,0.00905,0.01081,0.01365,0.01182,0.11183,0.12035,0.01294,0.01089,0.00616,0.01142,0.00359,0.00931,0.00650,0.00940
0.18134,0.05803,0.01376,0.05040,0.01697,0.18759,0.01806,0.01158,0.00743,0.01155,0.17397,0.18895,0.01530,0.01022,0.01216,0.00860,0.00608,0.00815,0.00812,0.01172
0.07705,0.10944,0.01327,0.10569,0.01219,0.07013,0.01084,0.01458,0.01276,0.01264,0.24216,0.24610,0.01243,0.01402,0.01091,0.00860,0.00470,0.00880,0.00618,0.00752
0.04465,0.10159,0.02259,0.09163,0.02622,0.02707,0.01770,0.03717,0.02610,0.02168,0.21381,0.24425,0.01607,0.01993,0.02673,0.01443,0.00937,0.01448,0.00905,0.01548
0.06194,0.11948,0.01489,0.09526,0.01653,0.08793,0.01327,0.01543,0.01751,0.01578,0.21831,0.23343,0.01917,0.01478,0.01317,0.00868,0.00734,0.00744,0.01112,0.00854
0.05561,0.15593,0.01257,0.15179,0.02106,0.05172,0.00712,0.01064,0.01318,0.00628,0.20540,0.22626,0.01407,0.01285,0.00896,0.01321,0.00540,0.00779,0.00931,0.01083
0.05766,0.20534,0.01511,0.21468,0.01125,0.05226,0.01273,0.00829,0.00714,0.00873,0.16261,0.17540,0.01127,0.01388,0.01315,0.01046,0.00443,0.00345,0.00616,0.00602
0.07915,0.08476,0.02277,0.11472,0.02284,0.05689,0.01716,0.02488,0.02036,0.01743,0.21132,0.22560,0.01644,0.02210,0.01520,0.00990,0.01330,0.00979,0.00656,0.00882
0.02644,0.04226,0.01590,0.03740,0.00904,0.03310,0.00747,0.00831,0.00944,0.01039,0.34146,0.36941,0.01429,0.01009,0.01975,0.01058,0.00880,0.00852,0.00539,0.01197
0.14103,0.08159,0.03450,0.07235,0.05088,0.13902,0.04735,0.02882,0.02667,0.01380,0.11436,0.12239,0.01853,0.01777,0.01171,0.02479,0.01662,0.01230,0.01219,0.01331
0.07172,0.20717,0.01621,0.14028,0.01244,0.15197,0.01569,0.03001,0.01338,0.01906,0.09989,0.10368,0.01670,0.01781,0.01713,0.02067,0.01278,0.01158,0.00855,0.01327
0.05424,0.09026,0.01512,0.08688,0.01864,0.07212,0.01159,0.01366,0.01027,0.01688,0.25559,0.27556,0.01269,0.01490,0.00774,0.01349,0.00637,0.00543,0.00805,0.01054
0.08869,0.12327,0.02818,0.13407,0.02313,0.08476,0.02044,0.02401,0.01495,0.02062,0.15985,0.16666,0.02165,0.02456,0.01078,0.01006,0.00678,0.01099,0.01032,0.01623
0.02044,0.15411,0.00919,0.16191,0.01217,0.01999,0.00945,0.01488,0.01256,0.00715,0.25576,0.27510,0.00748,0.00777,0.00577,0.00593,0.00306,0.00566,0.00429,0.00733
0.08288,0.21407,0.01011,0.23198,0.00715,0.07661,0.01122,0.00886,0.00664,0.01005,0.13738,0.14517,0.01166,0.00767,0.00870,0.00692,0.00563,0.00534,0.00505,0.00690
0.03352,0.24107,0.01022,0.24591,0.01049,0.03378,0.01358,0.01220,0.00969,0.00911,0.13668,0.14659,0.01833,0.00995,0.01036,0.01230,0.01131,0.00961,0.00787,0.01743
0.24635,0.08762,0.01796,0.28620,0.01422,0.02654,0.01261,0.01608,0.00898,0.01139,0.10205,0.10198,0.00897,0.00893,0.01396,0.00429,0.00762,0.01244,0.00463,0.00717
0.14798,0.24057,0.00962,0.25038,0.01656,0.14709,0.00937,0.01075,0.01251,0.00861,0.04405,0.04092,0.00933,0.01177,0.00850,0.00534,0.00604,0.00972,0.00416,0.00672
0.08018,0.15549,0.01845,0.17099,0.01557,0.06962,0.01194,0.02169,0.01188,0.01318,0.15418,0.16963,0.02947,0.01598,0.00785,0.01050,0.00699,0.01292,0.01149,0.01200
0.04139,0.12312,0.01444,0.12338,0.00977,0.02644,0.00808,0.01365,0.01924,0.00970,0.24688,0.26009,0.02321,0.01244,0.01183,0.01027,0.00718,0.01311,0.01088,0.01492
0.05721,0.03350,0.01689,0.05805,0.01623,0.01713,0.01420,0.01978,0.04145,0.02346,0.28509,0.29641,0.01333,0.01685,0.02177,0.02045,0.01134,0.01115,0.01061,0.01510
0.03650,0.13237,0.02327,0.13378,0.01484,0.03210,0.07121,0.01348,0.00900,0.07368,0.18735,0.18894,0.00953,0.01976,0.00848,0.01258,0.00981,0.00606,0.00666,0.01058
0.05814,0.10722,0.01965,0.10888,0.01994,0.06739,0.01673,0.01601,0.01262,0.01701,0.22977,0.23950,0.01474,0.01487,0.01261,0.01135,0.01061,0.00599,0.00503,0.01194
0.09986,0.07164,0.02137,0.11928,0.01879,0.03566,0.02003,0.02226,0.01512,0.02102,0.21628,0.22106,0.02744,0.01709,0.01402,0.01126,0.00949,0.01205,0.01360,0.01268
0.13011,0.04547,0.01138,0.14585,0.01468,0.01896,0.01185,0.02710,0.00696,0.01562,0.24801,0.26394,0.00468,0.01412,0.01247,0.00444,0.00397,0.00807,0.00467,0.00766
0.03220,0.09749,0.03439,0.10363,0.01098,0.03309,0.06746,0.01429,0.02439,0.06899,0.21282,0.23103,0.01516,0.00848,0.00949,0.00730,0.00700,0.00756,0.00769,0.00658
0.07788,0.07524,0.02230,0.07418,0.01280,0.07488,0.01139,0.01028,0.01589,0.01309,0.25493,0.26898,0.01220,0.01667,0.01106,0.01354,0.00705,0.00886,0.00845,0.01032
0.02962,0.07966,0.02401,0.07643,0.00945,0.02732,0.11632,0.01511,0.00878,0.11590,0.21026,0.21535,0.01525,0.01231,0.01145,0.00786,0.00778,0.00747,0.00288,0.00678
0.04576,0.25887,0.01313,0.12085,0.02084,0.22989,0.01429,0.01281,0.01566,0.01892,0.08303,0.09020,0.02086,0.01106,0.00732,0.00655,0.00930,0.00456,0.00731,0.00879
0.06819,0.17814,0.01508,0.13965,0.01411,0.13541,0.00979,0.01826,0.01379,0.01688,0.14611,0.15915,0.01850,0.00859,0.01238,0.00978,0.01124,0.00735,0.00826,0.00934
0.13012,0.03289,0.01910,0.03825,0.01813,0.12316,0.02330,0.02609,0.02129,0.02484,0.21512,0.22483,0.01519,0.01098,0.01040,0.01893,0.00932,0.00736,0.01271,0.01799
0.03106,0.08462,0.01816,0.06262,0.02311,0.05089,0.02147,0.03468,0.01019,0.01433,0.28196,0.29955,0.01240,0.00767,0.00335,0.00934,0.00449,0.01538,0.00578,0.00896
0.03596,0.11394,0.01025,0.05375,0.01759,0.09359,0.01927,0.01307,0.01413,0.01641,0.23953,0.25544,0.01530,0.02045,0.01730,0.02003,0.00512,0.01176,0.01342,0.01367
0.02781,0.19084,0.02435,0.06914,0.01686,0.14598,0.02584,0.03609,0.01481,0.01123,0.15488,0.17100,0.01390,0.01500,0.00896,0.00717,0.00756,0.03424,0.00716,0.01716
0.07850,0.07922,0.01644,0.08993,0.01963,0.07508,0.00493,0.00777,0.00750,0.00871,0.26310,0.28012,0.01188,0.01559,0.00704,0.00640,0.00466,0.01066,0.00455,0.00829
0.05690,0.11252,0.01891,0.11733,0.01501,0.05743,0.01043,0.01371,0.00584,0.00766,0.23592,0.24919,0.01604,0.01677,0.01393,0.01213,0.01205,0.00595,0.00808,0.01418
0.05740,0.06141,0.02405,0.07023,0.00785,0.05386,0.00834,0.00942,0.00862,0.00936,0.28896,0.31788,0.00862,0.00585,0.02106,0.01602,0.00603,0.00878,0.00653,0.00974
0.10211,0.08243,0.01996,0.09748,0.00982,0.11613,0.01662,0.06087,0.01586,0.03202,0.14455,0.16269,0.01309,0.01147,0.03737,0.03129,0.00806,0.00986,0.01317,0.01514
0.06979,0.16463,0.01626,0.16387,0.02236,0.05350,0.01596,0.01447,0.01548,0.02407,0.16168,0.16962,0.01980,0.01983,0.01769,0.01663,0.00838,0.00684,0.00706,0.01206
0.09454,0.08570,0.01806,0.09258,0.01303,0.09403,0.01099,0.01078,0.01318,0.00950,0.22518,0.24368,0.01371,0.01827,0.00925,0.01314,0.00779,0.00968,0.00529,0.01161
0.07604,0.09673,0.02876,0.10306,0.02024,0.07219,0.01773,0.01560,0.01681,0.01614,0.20822,0.21311,0.01567,0.02211,0.01816,0.01210,0.01025,0.01331,0.00741,0.01635
0.04086,0.12630,0.01481,0.12832,0.01855,0.03278,0.01357,0.01262,0.01636,0.01538,0.24226,0.25207,0.01209,0.01369,0.01246,0.01231,0.00802,0.01141,0.00695,0.00918
0.07184,0.07976,0.03955,0.09365,0.02480,0.05741,0.01063,0.01178,0.02525,0.02142,0.21759,0.23262,0.02100,0.01614,0.00963,0.00656,0.01787,0.02497,0.00995,0.00758
0.12838,0.07398,0.02520,0.08032,0.01510,0.12447,0.01614,0.03062,0.01476,0.01836,0.18193,0.19087,0.01377,0.00968,0.01613,0.00900,0.02027,0.01193,0.00667,0.01242
0.05187,0.15321,0.02186,0.15506,0.02314,0.04769,0.02250,0.03779,0.02930,0.02418,0.16634,0.17916,0.01923,0.00924,0.01107,0.00995,0.00901,0.01012,0.00733,0.01196
0.07169,0.07197,0.02135,0.06618,0.01785,0.08182,0.01064,0.02333,0.01959,0.00841,0.22834,0.25471,0.01605,0.02711,0.01527,0.02393,0.00845,0.01565,0.00745,0.01021
0.11759,0.06114,0.02924,0.06314,0.05320,0.11043,0.03494,0.09299,0.01617,0.04071,0.12862,0.14345,0.01349,0.01691,0.01496,0.01318,0.00676,0.01353,0.01147,0.01806
0.17519,0.09498,0.02164,0.20249,0.02205,0.02911,0.01556,0.02231,0.01741,0.01876,0.13185,0.13907,0.00882,0.00788,0.02257,0.01381,0.01115,0.02011,0.00879,0.01646
0.07502,0.03590,0.01003,0.03132,0.01251,0.07334,0.01040,0.01943,0.01416,0.00772,0.30050,0.31865,0.01518,0.01554,0.01546,0.01412,0.00382,0.00778,0.00683,0.01230
0.11158,0.08070,0.02533,0.13028,0.02441,0.02956,0.01923,0.02539,0.01521,0.01682,0.20465,0.21754,0.01357,0.03760,0.00719,0.01214,0.00712,0.00698,0.00744,0.00726
0.04156,0.20321,0.00953,0.20647,0.01151,0.03835,0.00798,0.01087,0.00700,0.00612,0.18499,0.19760,0.01905,0.01300,0.00660,0.00786,0.00583,0.00826,0.00417,0.01005
0.04731,0.17594,0.00948,0.19075,0.01227,0.04093,0.00857,0.01198,0.01485,0.01168,0.19652,0.20691,0.01367,0.00931,0.00932,0.01149,0.00746,0.00674,0.00436,0.01046
0.03753,0.03085,0.01351,0.04249,0.01312,0.02310,0.01211,0.01094,0.00934,0.01693,0.34462,0.36512,0.01108,0.01116,0.01396,0.00592,0.00652,0.01389,0.00957,0.00825
0.05925,0.10487,0.02504,0.10264,0.02153,0.05691,0.01542,0.02460,0.01584,0.02958,0.20623,0.21499,0.01619,0.02513,0.02555,0.01059,0.01441,0.01007,0.00943,0.01173
0.08890,0.17847,0.01657,0.17716,0.01227,0.08468,0.00915,0.01918,0.01447,0.00528,0.15815,0.17417,0.01414,0.00585,0.00745,0.00765,0.00499,0.00545,0.00624,0.00977
0.04590,0.13634,0.02181,0.07739,0.01826,0.11696,0.01422,0.01261,0.01221,0.01606,0.21673,0.22772,0.01879,0.01367,0.01128,0.01379,0.00463,0.00701,0.00631,0.00831
0.03046,0.08961,0.02460,0.09790,0.01578,0.02591,0.01711,0.01762,0.01193,0.02080,0.26208,0.27877,0.01395,0.00920,0.02005,0.01602,0.00954,0.00799,0.01152,0.01915
0.05656,0.21948,0.02944,0.22875,0.01315,0.06469,0.06265,0.02230,0.01139,0.04788,0.07192,0.07923,0.00833,0.01198,0.01020,0.01155,0.01335,0.00822,0.00667,0.02226
0.14056,0.09141,0.02582,0.08893,0.02363,0.14904,0.01196,0.02378,0.01021,0.01840,0.14695,0.14312,0.01621,0.03211,0.01425,0.01286,0.01096,0.01440,0.01485,0.01056
0.06778,0.10473,0.00778,0.10594,0.00396,0.05693,0.00602,0.00885,0.00596,0.00923,0.26840,0.28400,0.01444,0.01254,0.00759,0.00600,0.00561,0.01068,0.00493,0.00863
0.07718,0.08370,0.01230,0.08925,0.01244,0.07712,0.00859,0.01140,0.00581,0.01193,0.25448,0.27669,0.00998,0.01941,0.01196,0.00885,0.00715,0.00767,0.00591,0.00819
0.04502,0.08546,0.01438,0.06781,0.01841,0.03170,0.01391,0.01530,0.03003,0.02474,0.26212,0.27150,0.01928,0.01601,0.02028,0.00722,0.01300,0.01414,0.01185,0.01781
0.04387,0.12011,0.01701,0.12482,0.03352,0.06254,0.01220,0.02086,0.01500,0.02229,0.19630,0.20622,0.00953,0.02530,0.01421,0.01568,0.01202,0.01642,0.01199,0.02009
0.14684,0.05355,0.01504,0.05218,0.03595,0.18406,0.02543,0.02405,0.01740,0.04945,0.10972,0.10730,0.03015,0.04389,0.01607,0.01300,0.00655,0.01542,0.03221,0.02174
0.03759,0.08520,0.00982,0.07687,0.00686,0.02695,0.00945,0.01029,0.00673,0.01494,0.31224,0.33408,0.01542,0.01030,0.00557,0.00685,0.00484,0.00618,0.00862,0.01121
0.10251,0.19573,0.03034,0.21135,0.01305,0.09470,0.02981,0.01548,0.01337,0.01339,0.08633,0.08377,0.02253,0.01107,0.01451,0.01313,0.01146,0.01336,0.00898,0.01514
0.05831,0.05040,0.00638,0.05135,0.01605,0.03250,0.01590,0.02546,0.00697,0.00624,0.29052,0.31224,0.02434,0.02145,0.01020,0.01703,0.00993,0.01376,0.01080,0.02020
0.15065,0.11067,0.01212,0.10964,0.01353,0.15152,0.00995,0.01102,0.00964,0.00845,0.14850,0.16439,0.01229,0.01758,0.01732,0.00919,0.00478,0.01900,0.00463,0.01511
0.09707,0.18291,0.01068,0.16818,0.01064,0.11714,0.00973,0.01442,0.01162,0.00938,0.14409,0.15003,0.01473,0.01029,0.00855,0.00390,0.00781,0.00798,0.00502,0.01581
0.02905,0.06398,0.01245,0.05602,0.01149,0.03362,0.01800,0.00849,0.00759,0.02413,0.32778,0.34065,0.00781,0.01059,0.01196,0.00697,0.00939,0.00735,0.00389,0.00878
0.13802,0.14324,0.01251,0.14906,0.01455,0.13819,0.00792,0.01035,0.01030,0.00721,0.13676,0.14920,0.01739,0.01748,0.01230,0.00763,0.00577,0.00626,0.00485,0.01102
0.12272,0.05388,0.01098,0.04982,0.01434,0.11968,0.01459,0.00998,0.01066,0.01257,0.25181,0.27177,0.01114,0.00805,0.00779,0.00659,0.00682,0.00481,0.00454,0.00747
0.03752,0.21809,0.01444,0.22283,0.01266,0.04000,0.01267,0.01145,0.01169,0.01646,0.15653,0.16374,0.01380,0.01116,0.00866,0.00828,0.00820,0.01106,0.00753,0.01323
0.06224,0.08110,0.00874,0.07445,0.01065,0.05839,0.00896,0.00838,0.00930,0.00653,0.29010,0.30956,0.01406,0.01182,0.00812,0.00872,0.00593,0.00643,0.00617,0.01037
0.05334,0.18786,0.02699,0.19977,0.01346,0.04737,0.01505,0.01541,0.01138,0.00908,0.16686,0.17589,0.01184,0.01136,0.01452,0.01010,0.00622,0.00907,0.00708,0.00736
0.11995,0.05952,0.02730,0.06556,0.03988,0.11693,0.02947,0.03920,0.02035,0.02100,0.16403,0.17120,0.02060,0.01503,0.01932,0.01969,0.00680,0.01852,0.01288,0.01277
0.07986,0.08202,0.01522,0.11751,0.01393,0.05094,0.01716,0.01268,0.01393,0.01229,0.23910,0.24861,0.01452,0.01262,0.00924,0.01021,0.00578,0.01085,0.01250,0.02105
0.02192,0.05638,0.01622,0.05288,0.00992,0.01765,0.01166,0.01213,0.01134,0.00960,0.34645,0.35816,0.01636,0.01063,0.00516,0.00980,0.00755,0.01184,0.00618,0.00818
0.10972,0.10937,0.01562,0.11211,0.01176,0.10370,0.01284,0.00854,0.01016,0.01535,0.20341,0.21758,0.01467,0.00764,0.01747,0.00526,0.00464,0.00544,0.00585,0.00885
0.08905,0.16517,0.01319,0.14934,0.01705,0.10940,0.01132,0.01254,0.00698,0.01368,0.16933,0.18290,0.01551,0.00851,0.00730,0.00647,0.00506,0.00624,0.00317,0.00780
0.02542,0.09504,0.01520,0.08883,0.01496,0.02197,0.01189,0.01482,0.01052,0.01543,0.28619,0.31493,0.01746,0.01194,0.00897,0.00978,0.00768,0.00843,0.01007,0.01048
0.06741,0.08886,0.01542,0.09555,0.01094,0.05522,0.01884,0.01151,0.02707,0.01579,0.25062,0.26853,0.01706,0.01322,0.00854,0.00488,0.01100,0.00714,0.00356,0.00885
0.15723,0.03330,0.01538,0.02990,0.01249,0.14172,0.01312,0.01053,0.01082,0.00900,0.23210,0.24820,0.01734,0.01070,0.01425,0.00859,0.00666,0.00789,0.01076,0.01002
0.05711,0.17631,0.02433,0.18295,0.01852,0.04362,0.01245,0.01933,0.01035,0.01490,0.16592,0.18143,0.02059,0.01410,0.01025,0.01639,0.00593,0.00725,0.00586,0.01241
0.09209,0.23240,0.00591,0.23848,0.00947,0.08377,0.00765,0.00854,0.00762,0.00647,0.12190,0.13821,0.00757,0.00805,0.00690,0.00641,0.00390,0.00454,0.00642,0.00370
0.03236,0.13346,0.01843,0.13185,0.00994,0.02209,0.02180,0.01053,0.01566,0.01594,0.24066,0.25390,0.01286,0.01215,0.02323,0.01390,0.00680,0.00792,0.00866,0.00786
0.10184,0.09176,0.01507,0.09320,0.01936,0.10201,0.01195,0.02947,0.02083,0.01984,0.18145,0.19321,0.02415,0.01608,0.01922,0.01464,0.01358,0.01023,0.00795,0.01415
0.07255,0.10234,0.00605,0.10336,0.01736,0.07726,0.00961,0.01163,0.01623,0.00918,0.24089,0.25572,0.00991,0.01387,0.01001,0.01017,0.01249,0.00742,0.00689,0.00706
0.12667,0.08984,0.07088,0.14895,0.06055,0.06392,0.03062,0.02892,0.02271,0.05096,0.10787,0.10805,0.00858,0.01762,0.01038,0.01078,0.00803,0.01111,0.00869,0.01488
0.08509,0.09811,0.00937,0.12163,0.00669,0.04634,0.00861,0.01085,0.00767,0.00789,0.26986,0.27956,0.00638,0.00721,0.00777,0.00808,0.00545,0.00401,0.00316,0.00627
0.04488,0.05293,0.01008,0.04392,0.01302,0.03972,0.00620,0.01461,0.00930,0.00849,0.32334,0.34045,0.01253,0.01165,0.01158,0.00953,0.00993,0.01779,0.00597,0.01407
0.09900,0.13688,0.01135,0.13685,0.01622,0.09162,0.01830,0.00842,0.01398,0.02085,0.18259,0.18884,0.01639,0.01477,0.00938,0.00794,0.00581,0.00725,0.00747,0.00607
0.01690,0.13252,0.01191,0.12764,0.01970,0.01956,0.01415,0.01197,0.01310,0.00857,0.26739,0.28455,0.01546,0.01191,0.00801,0.00767,0.00529,0.00930,0.00391,0.01049
0.08614,0.07200,0.01945,0.06081,0.01322,0.09331,0.02061,0.02133,0.02223,0.02449,0.22018,0.23656,0.01495,0.01712,0.01976,0.01028,0.01158,0.01765,0.00888,0.00944
0.04126,0.05122,0.03120,0.05820,0.01599,0.04226,0.01232,0.01555,0.01225,0.01051,0.27401,0.28307,0.01177,0.02904,0.01448,0.01142,0.02013,0.02516,0.01241,0.02777
0.05150,0.17536,0.01952,0.10231,0.02716,0.13670,0.02563,0.03052,0.01909,0.02581,0.14271,0.15099,0.01254,0.01289,0.01356,0.01347,0.00884,0.01051,0.00527,0.01563
0.04226,0.11520,0.02201,0.10913,0.01453,0.03302,0.01086,0.02676,0.01925,0.01830,0.24901,0.25634,0.01585,0.01601,0.01115,0.00943,0.00750,0.00788,0.00506,0.01045
0.14415,0.07926,0.01431,0.16695,0.03040,0.04401,0.01101,0.02207,0.01784,0.02097,0.16420,0.17826,0.02440,0.01390,0.00670,0.01100,0.00744,0.01037,0.01432,0.01845
0.09465,0.11710,0.02790,0.12824,0.01839,0.09509,0.03810,0.02369,0.03018,0.01764,0.12774,0.12896,0.02143,0.02324,0.01874,0.01860,0.01970,0.01779,0.01441,0.01841
0.03050,0.11364,0.01195,0.11477,0.00532,0.02966,0.00875,0.00798,0.00880,0.01088,0.27913,0.29535,0.02133,0.01143,0.00911,0.01190,0.00606,0.00664,0.00874,0.00806
0.05321,0.12469,0.01841,0.12094,0.01495,0.04045,0.01440,0.01538,0.01172,0.01132,0.24035,0.25856,0.01327,0.01128,0.01171,0.01101,0.00839,0.00857,0.00527,0.00612
0.19151,0.08757,0.02133,0.07792,0.01711,0.20433,0.01439,0.01201,0.01226,0.01758,0.11278,0.12229,0.01817,0.02494,0.01009,0.00790,0.00617,0.01803,0.00998,0.01360
0.07622,0.03863,0.01493,0.03624,0.01115,0.07391,0.15483,0.01217,0.00564,0.14120,0.17753,0.18943,0.00743,0.01024,0.00716,0.01207,0.00782,0.00555,0.00935,0.00849
0.06319,0.06306,0.00800,0.05433,0.01358,0.05655,0.00822,0.01447,0.01043,0.01342,0.29176,0.31562,0.02303,0.01570,0.01119,0.00672,0.00655,0.00670,0.00691,0.01058
0.13662,0.05434,0.01646,0.16497,0.01122,0.02149,0.00989,0.01476,0.00658,0.01355,0.24321,0.25380,0.01121,0.00692,0.00525,0.00716,0.00331,0.00766,0.00566,0.00592
0.03226,0.24591,0.01048,0.08221,0.00996,0.20435,0.01340,0.01243,0.01715,0.00934,0.13754,0.15012,0.01341,0.01285,0.00866,0.01023,0.00611,0.00637,0.00559,0.01164
0.03337,0.14507,0.01225,0.15068,0.01148,0.03166,0.00944,0.01260,0.00795,0.02035,0.23094,0.24776,0.01829,0.01513,0.00981,0.01386,0.00593,0.00547,0.00482,0.01315
0.05618,0.13514,0.02352,0.12925,0.02288,0.04204,0.04850,0.02525,0.01666,0.03976,0.17384,0.18682,0.01813,0.01219,0.01361,0.01993,0.00757,0.00817,0.00879,0.01176
0.05873,0.16854,0.00940,0.17269,0.01394,0.05061,0.01207,0.02431,0.00757,0.01255,0.19019,0.20510,0.01208,0.00998,0.00678,0.01324,0.00706,0.00699,0.00956,0.00862
0.03647,0.21451,0.02139,0.10688,0.01482,0.14579,0.00940,0.01554,0.00760,0.01140,0.15431,0.16583,0.01913,0.01899,0.01872,0.00941,0.00894,0.00861,0.00460,0.00767
0.03496,0.12518,0.01147,0.13493,0.00763,0.02962,0.01754,0.01597,0.00917,0.01066,0.24302,0.26777,0.02531,0.02061,0.00768,0.01076,0.00457,0.00930,0.00662,0.00723
0.11952,0.10682,0.01567,0.10600,0.02422,0.12048,0.01667,0.01567,0.01735,0.01764,0.16970,0.17810,0.01935,0.01284,0.01377,0.00661,0.00328,0.00922,0.01570,0.01139
0.03361,0.20234,0.02620,0.19424,0.01667,0.03162,0.01808,0.02240,0.02436,0.01905,0.14680,0.15492,0.01769,0.01481,0.01836,0.01127,0.00770,0.01313,0.01320,0.01353
0.09740,0.13976,0.01381,0.15164,0.01086,0.08485,0.00884,0.01153,0.01320,0.00780,0.18994,0.19455,0.01258,0.01444,0.00771,0.00915,0.00494,0.00463,0.00644,0.01593
0.08690,0.20709,0.01363,0.15598,0.01671,0.14426,0.01410,0.01340,0.01861,0.01279,0.09929,0.11156,0.01988,0.01470,0.01550,0.01371,0.01129,0.00745,0.00830,0.01486
0.04124,0.10004,0.01467,0.07360,0.01312,0.05095,0.01346,0.01172,0.01133,0.01404,0.28102,0.29470,0.01109,0.01628,0.01259,0.00774,0.00987,0.00584,0.00860,0.00811
0.02873,0.11173,0.02172,0.11093,0.02905,0.03134,0.01289,0.01448,0.01687,0.01532,0.23319,0.24664,0.02109,0.02371,0.01266,0.01937,0.00589,0.00816,0.01547,0.02076
0.03204,0.17333,0.01834,0.17577,0.01354,0.02408,0.00995,0.02019,0.00699,0.02456,0.18847,0.20298,0.01361,0.03374,0.01294,0.01492,0.00550,0.00804,0.01046,0.01056
0.11045,0.07907,0.01642,0.07901,0.01375,0.09414,0.01149,0.01531,0.00832,0.02194,0.22838,0.23375,0.00940,0.01274,0.01864,0.01256,0.00918,0.00550,0.00891,0.01102
0.01535,0.04967,0.00870,0.04251,0.01061,0.01364,0.00743,0.00667,0.00918,0.00548,0.34945,0.38411,0.03613,0.00879,0.01154,0.00471,0.00457,0.00970,0.01060,0.01116
0.05234,0.11222,0.04446,0.12675,0.01695,0.03281,0.06853,0.02693,0.02803,0.07117,0.14518,0.14699,0.02616,0.02081,0.01487,0.01780,0.01549,0.00842,0.00988,0.01421
0.02663,0.04062,0.01177,0.03604,0.02168,0.02652,0.01552,0.00885,0.01061,0.00877,0.34838,0.36349,0.01367,0.01386,0.00689,0.00706,0.01201,0.01143,0.00669,0.00952
0.13851,0.05413,0.02721,0.07544,0.03378,0.12537,0.02499,0.02234,0.02157,0.03734,0.13806,0.14125,0.02073,0.02677,0.01694,0.02025,0.01530,0.00993,0.01707,0.03302
0.07823,0.10159,0.05636,0.09138,0.03952,0.05826,0.02977,0.09908,0.08554,0.02049,0.11766,0.12704,0.01012,0.00925,0.01162,0.00737,0.00691,0.02714,0.00608,0.01660
0.05451,0.12891,0.02412,0.11868,0.01804,0.03436,0.03943,0.02349,0.02243,0.04960,0.18153,0.18968,0.02910,0.01271,0.01334,0.01883,0.00567,0.00896,0.01125,0.01536
0.02028,0.21123,0.00551,0.22070,0.00543,0.01880,0.00823,0.01004,0.00924,0.02199,0.18771,0.20507,0.01736,0.00972,0.01028,0.00918,0.00587,0.00561,0.00831,0.00944
0.03572,0.14174,0.01201,0.14115,0.01328,0.04017,0.00770,0.01604,0.01112,0.01123,0.22825,0.24674,0.00966,0.02352,0.01132,0.01319,0.01016,0.00591,0.00838,0.01271
0.11505,0.09667,0.01631,0.10641,0.02283,0.11580,0.01921,0.02047,0.02171,0.02120,0.17695,0.19521,0.01760,0.00763,0.00745,0.00954,0.00781,0.00699,0.00514,0.01002
0.07773,0.06923,0.03510,0.08479,0.02467,0.08389,0.02644,0.02202,0.01141,0.02762,0.21499,0.22271,0.01629,0.01190,0.02161,0.01434,0.00899,0.01182,0.00603,0.00842
0.06368,0.13834,0.01630,0.13568,0.04318,0.06794,0.05280,0.02222,0.02884,0.01379,0.13166,0.16469,0.01290,0.01885,0.01468,0.01178,0.01082,0.01220,0.00924,0.03040
0.13113,0.14014,0.00680,0.14638,0.00701,0.12428,0.01006,0.00620,0.00946,0.00666,0.17167,0.17920,0.00836,0.01013,0.01120,0.00552,0.00514,0.00787,0.00494,0.00787
0.07358,0.19338,0.00926,0.19159,0.01207,0.06113,0.01015,0.01234,0.00636,0.01730,0.16896,0.17165,0.00755,0.01575,0.01484,0.00709,0.00442,0.00429,0.00824,0.01005
0.06216,0.11717,0.01348,0.12085,0.01455,0.04862,0.00850,0.01049,0.00709,0.01226,0.24061,0.25523,0.01891,0.01201,0.00850,0.00848,0.00992,0.01277,0.00860,0.00981
0.02328,0.12259,0.02435,0.03826,0.02701,0.10686,0.01191,0.01845,0.02022,0.01593,0.25546,0.26570,0.01447,0.01228,0.00902,0.00973,0.00674,0.00632,0.00319,0.00822
0.09182,0.09536,0.02917,0.11847,0.02548,0.05897,0.01833,0.01787,0.02340,0.02916,0.19459,0.20952,0.01192,0.01736,0.01397,0.01414,0.00677,0.00817,0.00702,0.00851
0.04884,0.09503,0.03380,0.10931,0.02108,0.04057,0.06543,0.02242,0.02098,0.07335,0.16844,0.18590,0.01533,0.01417,0.02109,0.00976,0.01221,0.01505,0.01093,0.01630
0.07417,0.07223,0.01362,0.08419,0.01116,0.06641,0.01449,0.01694,0.01327,0.01417,0.24287,0.26406,0.01117,0.01710,0.02481,0.01264,0.01122,0.01494,0.00569,0.01486
0.05996,0.14372,0.01327,0.14810,0.01961,0.05708,0.01928,0.01362,0.01743,0.01169,0.20170,0.21409,0.01004,0.01413,0.01293,0.01302,0.00648,0.01083,0.00526,0.00774
0.06465,0.12375,0.01932,0.10875,0.02217,0.08694,0.01751,0.01519,0.01426,0.01132,0.20686,0.20564,0.00598,0.00972,0.01576,0.01447,0.02117,0.01085,0.00849,0.01720
0.10746,0.08599,0.00848,0.07970,0.01858,0.11226,0.01080,0.01782,0.01783,0.00792,0.20801,0.22649,0.01398,0.01298,0.01100,0.00882,0.00987,0.01311,0.01478,0.01412
0.02727,0.07729,0.01318,0.07515,0.01424,0.02871,0.00989,0.00890,0.01009,0.01103,0.31878,0.33458,0.00894,0.01502,0.01100,0.00790,0.00491,0.00672,0.00869,0.00771
0.18216,0.11609,0.02259,0.24304,0.01140,0.05231,0.01707,0.01834,0.00788,0.02000,0.10917,0.11579,0.01750,0.00957,0.01289,0.01075,0.00733,0.00570,0.00759,0.01280
0.06851,0.14302,0.01739,0.10447,0.01603,0.10673,0.01966,0.01810,0.01726,0.02759,0.17833,0.19087,0.00774,0.01056,0.01379,0.01458,0.00532,0.00772,0.01642,0.01591
0.16816,0.07002,0.01751,0.06621,0.01465,0.17266,0.01131,0.01046,0.01015,0.01269,0.17278,0.18088,0.01620,0.01400,0.01594,0.00774,0.01614,0.00935,0.00652,0.00665
0.06023,0.06021,0.02246,0.08851,0.01668,0.02792,0.01093,0.01423,0.01370,0.01586,0.28792,0.29771,0.01422,0.00855,0.01434,0.01235,0.00742,0.00954,0.00702,0.01019
0.06557,0.16542,0.02886,0.16692,0.01590,0.06858,0.02158,0.02295,0.01574,0.03199,0.15564,0.16059,0.01386,0.01094,0.01137,0.00706,0.01529,0.00623,0.00642,0.00910
0.02879,0.15939,0.01529,0.16481,0.02800,0.03011,0.01480,0.01105,0.00799,0.01133,0.20303,0.20444,0.01576,0.04720,0.01118,0.01189,0.00718,0.00724,0.00854,0.01198
0.09056,0.11135,0.01744,0.14347,0.01074,0.06200,0.01232,0.02011,0.02307,0.01787,0.17018,0.16851,0.02394,0.02211,0.01041,0.02120,0.02016,0.00999,0.01061,0.03396
0.03112,0.09389,0.04609,0.06479,0.02716,0.06458,0.03256,0.01853,0.02188,0.01962,0.22486,0.24385,0.01951,0.01891,0.01949,0.01100,0.00446,0.01254,0.01305,0.01213
0.05105,0.12628,0.03070,0.12915,0.01946,0.04840,0.01419,0.03574,0.01555,0.02469,0.19336,0.19671,0.02117,0.01719,0.01565,0.01671,0.01367,0.00825,0.00740,0.01466
0.06525,0.11172,0.04090,0.12360,0.03022,0.05203,0.01701,0.01635,0.02037,0.01597,0.18489,0.19413,0.02873,0.01977,0.01864,0.00747,0.01203,0.01032,0.01308,0.01752
0.06023,0.08769,0.01344,0.09250,0.01767,0.05760,0.01604,0.01019,0.01563,0.01095,0.25624,0.27033,0.01147,0.01173,0.01642,0.01184,0.00840,0.01023,0.01052,0.01087
0.14533,0.17466,0.01111,0.21846,0.00933,0.10162,0.01251,0.01223,0.00742,0.01104,0.11059,0.11621,0.01153,0.01225,0.00556,0.01519,0.00960,0.00531,0.00300,0.00706
0.09524,0.18621,0.01725,0.19553,0.01205,0.08790,0.01629,0.02717,0.01186,0.02658,0.11250,0.11502,0.01374,0.01231,0.01682,0.01447,0.00826,0.00802,0.01388,0.00889
0.06152,0.13260,0.01432,0.10634,0.00941,0.09447,0.00929,0.01210,0.00663,0.00648,0.23678,0.25010,0.01540,0.01081,0.00565,0.00678,0.00482,0.00438,0.00390,0.00825
0.14789,0.03875,0.00914,0.03583,0.01788,0.14897,0.01144,0.01065,0.02349,0.01231,0.22182,0.23956,0.01144,0.01013,0.01494,0.01032,0.00925,0.00689,0.00753,0.01177
