0.22119,0.02594,0.03515,0.26015,0.02624,0.23854,0.01667,0.17611
0.03616,0.34694,0.02230,0.05432,0.16286,0.12554,0.22978,0.02209
0.01903,0.03920,0.61569,0.11220,0.02516,0.13198,0.02965,0.02711
0.10287,0.01393,0.03248,0.10087,0.01759,0.35736,0.34064,0.03425
0.01007,0.02747,0.31217,0.08316,0.04547,0.27573,0.21003,0.03591
0.00858,0.05096,0.53924,0.16385,0.03418,0.17856,0.01575,0.00889
0.00810,0.19266,0.02730,0.26628,0.18329,0.28647,0.01154,0.02434
0.08960,0.07020,0.43570,0.15392,0.02429,0.12958,0.06307,0.03365
0.03246,0.00459,0.01741,0.43580,0.01909,0.44506,0.00580,0.03979
0.00623,0.00739,0.31676,0.06338,0.25801,0.06532,0.00861,0.27431
0.00638,0.01501,0.16234,0.30509,0.09068,0.32087,0.01408,0.08555
0.03769,0.00879,0.02797,0.05487,0.38746,0.05018,0.01514,0.41789
0.00716,0.05802,0.69825,0.06074,0.02847,0.09111,0.03942,0.01683
0.01552,0.00794,0.02830,0.02262,0.44276,0.01348,0.00845,0.46092
0.00716,0.33712,0.05598,0.08147,0.33290,0.09467,0.02897,0.06174
0.04829,0.03263,0.05762,0.15938,0.24039,0.16024,0.02022,0.28123
0.00923,0.01653,0.34170,0.22828,0.03715,0.29348,0.04626,0.02737
0.01597,0.03306,0.02621,0.01693,0.39099,0.05362,0.04476,0.41847
0.04203,0.03895,0.35026,0.08033,0.16725,0.08490,0.03503,0.20124
0.00835,0.27106,0.03491,0.18051,0.03881,0.22937,0.21910,0.01789
0.22649,0.01151,0.05183,0.11752,0.04677,0.19906,0.09737,0.24945
0.00573,0.07381,0.51538,0.09674,0.11273,0.11221,0.00726,0.07615
0.02895,0.03016,0.73770,0.03877,0.03084,0.05117,0.05038,0.03203
0.07044,0.01239,0.49217,0.06555,0.13677,0.04817,0.02674,0.14776
0.01671,0.02111,0.17401,0.10803,0.25677,0.11555,0.03277,0.27504
0.00502,0.05997,0.07266,0.12139,0.24289,0.15237,0.08331,0.26239
0.21561,0.02844,0.03720,0.22458,0.01417,0.23693,0.03642,0.20663
0.00766,0.00996,0.25691,0.10547,0.19812,0.15481,0.05579,0.21127
0.28271,0.03481,0.02179,0.42252,0.01974,0.18999,0.01084,0.01760
0.02446,0.02723,0.22214,0.09944,0.20205,0.13359,0.06916,0.22192
0.00511,0.03410,0.26294,0.28131,0.01550,0.32413,0.05706,0.01984
0.00914,0.01597,0.08735,0.12945,0.01086,0.42691,0.30737,0.01295
0.01651,0.03182,0.17985,0.05977,0.28208,0.07631,0.02580,0.32787
0.06619,0.02586,0.55182,0.11857,0.05247,0.09510,0.02420,0.06579
0.01233,0.22586,0.03236,0.21036,0.08713,0.27099,0.13679,0.02418
0.01469,0.01982,0.05539,0.30810,0.09706,0.34386,0.05012,0.11096
0.01143,0.01891,0.37153,0.23411,0.01515,0.28678,0.04841,0.01368
0.02356,0.04189,0.25880,0.18140,0.04473,0.27615,0.11596,0.05750
0.00401,0.00670,0.06212,0.35503,0.07778,0.38853,0.02018,0.08565
0.01967,0.00805,0.04654,0.31781,0.01359,0.44426,0.12889,0.02120
0.01509,0.01146,0.11240,0.05313,0.34851,0.05540,0.01183,0.39218
0.00647,0.01674,0.30506,0.05909,0.09570,0.23837,0.17929,0.09930
0.01721,0.02904,0.32120,0.11329,0.07183,0.23376,0.13530,0.07837
0.01879,0.06805,0.54165,0.05092,0.03396,0.14344,0.12853,0.01467
0.01386,0.04180,0.31088,0.23497,0.03863,0.25653,0.05599,0.04734
0.00575,0.13660,0.02526,0.29488,0.01985,0.33882,0.16035,0.01849
0.01220,0.01902,0.39360,0.20076,0.02668,0.25565,0.06578,0.02631
0.01753,0.02199,0.21514,0.13447,0.20914,0.15997,0.03657,0.20519
0.01589,0.03930,0.07457,0.18351,0.14279,0.28087,0.10618,0.15690
0.12326,0.02965,0.11945,0.38373,0.01917,0.30278,0.01158,0.01038
0.00425,0.00720,0.91867,0.02657,0.00678,0.02095,0.00408,0.01150
0.08515,0.02602,0.53478,0.07652,0.03600,0.10994,0.07925,0.05235
0.30342,0.01556,0.15798,0.35757,0.01832,0.08949,0.02313,0.03453
0.01527,0.00635,0.18617,0.35176,0.02583,0.36332,0.00614,0.04515
0.05048,0.03076,0.57504,0.07565,0.04960,0.08995,0.00612,0.12241
0.00638,0.01591,0.42875,0.19975,0.07930,0.20588,0.01278,0.05125
0.02193,0.01740,0.03406,0.14407,0.24407,0.20063,0.06967,0.26817
0.03448,0.08968,0.05693,0.06638,0.30522,0.08411,0.04130,0.32189
0.01649,0.01652,0.60366,0.10716,0.06376,0.11536,0.02347,0.05359
0.01061,0.19718,0.02072,0.26955,0.01938,0.30432,0.17026,0.00798
0.02531,0.00945,0.79746,0.05726,0.00695,0.06561,0.01171,0.02626
0.01643,0.01669,0.26999,0.25755,0.06062,0.28838,0.01887,0.07147
0.03190,0.01337,0.42276,0.22879,0.02599,0.24325,0.01539,0.01854
0.13854,0.02215,0.02447,0.42294,0.01846,0.31961,0.01802,0.03581
0.05708,0.02152,0.06830,0.03312,0.34727,0.02916,0.01071,0.43285
0.04168,0.30784,0.03486,0.14030,0.05807,0.16096,0.24575,0.01055
0.00772,0.01173,0.09249,0.08772,0.06423,0.37098,0.29829,0.06684
0.38405,0.01810,0.07888,0.40060,0.02014,0.03652,0.01160,0.05011
0.15754,0.04615,0.01183,0.10522,0.02807,0.30424,0.21256,0.13440
0.02202,0.05870,0.36031,0.13359,0.12362,0.15170,0.03464,0.11543
0.00852,0.00632,0.04742,0.32013,0.12356,0.34702,0.01431,0.13272
0.02620,0.01313,0.81851,0.03308,0.02729,0.03170,0.02073,0.02936
0.03035,0.01386,0.23738,0.17939,0.05357,0.29898,0.11789,0.06859
0.05373,0.06812,0.35569,0.08005,0.16546,0.08061,0.03694,0.15940
0.01225,0.01699,0.09984,0.21347,0.14985,0.29535,0.04431,0.16793
0.21945,0.02442,0.06555,0.20545,0.02208,0.22119,0.01410,0.22775
0.01587,0.02213,0.17384,0.09256,0.27260,0.10295,0.02778,0.29227
0.29860,0.01715,0.03487,0.43805,0.01058,0.17407,0.01654,0.01014
0.02153,0.06003,0.04535,0.06999,0.32891,0.10728,0.04184,0.32508
0.01965,0.00808,0.20915,0.09619,0.25793,0.11360,0.02718,0.26822
0.03363,0.36058,0.03342,0.11990,0.31274,0.12055,0.00850,0.01068
0.00929,0.02554,0.26504,0.04869,0.01960,0.30622,0.30445,0.02115
0.01962,0.00734,0.23213,0.22478,0.01336,0.35490,0.13446,0.01342
0.00530,0.24101,0.02585,0.23345,0.22089,0.25448,0.01009,0.00893
0.10600,0.06717,0.03045,0.27055,0.03999,0.33220,0.13715,0.01651
0.43247,0.01584,0.04714,0.28990,0.01568,0.02208,0.01028,0.16661
0.00819,0.18394,0.03416,0.28020,0.05092,0.31495,0.10418,0.02346
0.06240,0.01518,0.10560,0.37800,0.01156,0.38023,0.03039,0.01662
0.00475,0.08594,0.02324,0.36549,0.04078,0.39399,0.07375,0.01205
0.05447,0.01508,0.42700,0.13811,0.10951,0.12612,0.01714,0.11256
0.01223,0.00876,0.40930,0.17226,0.08552,0.19957,0.01658,0.09578
0.01209,0.01116,0.70358,0.06486,0.05666,0.07658,0.01714,0.05794
0.00494,0.04545,0.37520,0.19219,0.04560,0.22558,0.07549,0.03555
0.02260,0.30434,0.02595,0.17525,0.03561,0.19858,0.22356,0.01412
0.02636,0.01003,0.04702,0.20482,0.07676,0.38779,0.17070,0.07651
0.03965,0.01198,0.10661,0.12914,0.18636,0.19865,0.08365,0.24395
0.01548,0.01859,0.04152,0.10110,0.30104,0.15086,0.05049,0.32092
0.16837,0.02021,0.02259,0.41055,0.01708,0.29726,0.01454,0.04941
0.02137,0.30900,0.05214,0.15053,0.27351,0.15839,0.01862,0.01645
0.00643,0.03048,0.29804,0.08637,0.23811,0.08603,0.01283,0.24170
0.01009,0.01685,0.66979,0.01944,0.02327,0.13113,0.11314,0.01629
0.00924,0.00828,0.81138,0.05249,0.01773,0.05735,0.01754,0.02600
0.00629,0.06701,0.36778,0.19518,0.04889,0.22343,0.05277,0.03865
0.00772,0.00550,0.45431,0.15833,0.08731,0.17574,0.03348,0.07761
0.08191,0.03110,0.07625,0.38247,0.02346,0.36139,0.02938,0.01403
0.00714,0.00743,0.03980,0.20507,0.25158,0.21518,0.00829,0.26550
0.26692,0.04885,0.10417,0.30800,0.02553,0.12221,0.08625,0.03807
0.00787,0.05486,0.65918,0.08548,0.03671,0.10424,0.03066,0.02101
0.01552,0.01075,0.40973,0.05864,0.07303,0.19702,0.14908,0.08624
0.43391,0.01028,0.02774,0.43947,0.01309,0.04296,0.01102,0.02152
0.28511,0.00963,0.03033,0.20507,0.01230,0.21127,0.02239,0.22391
0.01381,0.05797,0.15174,0.18029,0.14416,0.23770,0.07066,0.14367
0.00611,0.00956,0.28278,0.32573,0.01132,0.33935,0.01268,0.01246
0.26250,0.04060,0.05540,0.26646,0.03397,0.19563,0.02364,0.12181
0.01320,0.45769,0.09742,0.02004,0.17728,0.02096,0.18654,0.02687
0.02448,0.03769,0.12631,0.29341,0.06404,0.33270,0.04005,0.08133
0.19573,0.00898,0.04008,0.40104,0.00988,0.31582,0.00745,0.02101
0.00865,0.05850,0.31192,0.14140,0.05712,0.24315,0.13626,0.04299
0.00639,0.02519,0.60880,0.14356,0.00897,0.15018,0.04337,0.01355
0.02317,0.01706,0.04299,0.28201,0.14281,0.31610,0.01969,0.15617
0.01330,0.06283,0.10133,0.35345,0.01906,0.37757,0.05283,0.01963
0.28727,0.07000,0.07193,0.19022,0.06830,0.09941,0.02531,0.18756
0.00836,0.00803,0.78421,0.02875,0.06549,0.02720,0.01024,0.06772
0.21597,0.04336,0.04402,0.38907,0.02619,0.22882,0.02485,0.02772
0.01508,0.03022,0.52393,0.04408,0.15096,0.04426,0.02258,0.16889
0.34779,0.02205,0.06404,0.28673,0.01770,0.10270,0.01154,0.14745
0.02008,0.24619,0.09750,0.15260,0.23282,0.18212,0.04601,0.02267
0.00760,0.01711,0.41278,0.21425,0.04796,0.23228,0.02199,0.04602
0.01570,0.07605,0.42738,0.03632,0.18503,0.06342,0.04338,0.15273
0.01377,0.09811,0.34262,0.01883,0.12301,0.16102,0.16722,0.07541
0.00846,0.03870,0.04603,0.38838,0.01796,0.42821,0.06085,0.01141
0.02544,0.01403,0.27935,0.14580,0.01817,0.31512,0.18002,0.02207
0.03381,0.01844,0.16612,0.07416,0.29435,0.06663,0.03199,0.31450
0.02527,0.00576,0.24481,0.15967,0.19321,0.15987,0.01001,0.20140
0.00844,0.35674,0.08170,0.08606,0.02327,0.11565,0.31245,0.01569
0.01834,0.02044,0.18772,0.22204,0.13699,0.23348,0.03412,0.14687
0.00531,0.01021,0.23198,0.13197,0.03456,0.35021,0.20489,0.03087
0.01305,0.01048,0.19274,0.36756,0.01655,0.37748,0.00793,0.01421
0.01486,0.01511,0.76583,0.02177,0.06658,0.02198,0.01495,0.07891
0.04269,0.03086,0.20496,0.20884,0.11529,0.22315,0.04149,0.13272
0.05373,0.02366,0.29762,0.25985,0.02504,0.26870,0.01653,0.05487
0.03805,0.01302,0.04270,0.42699,0.01158,0.43133,0.01452,0.02181
0.02242,0.00941,0.75948,0.04499,0.05297,0.04300,0.00450,0.06322
0.02849,0.08162,0.03224,0.37566,0.01172,0.39364,0.06819,0.00844
0.02813,0.01804,0.03657,0.15648,0.12862,0.32470,0.19367,0.11377
0.01294,0.01929,0.46102,0.11349,0.02975,0.22265,0.11665,0.02421
0.01203,0.03842,0.39838,0.18970,0.05204,0.21594,0.04040,0.05310
0.00453,0.00880,0.47517,0.23669,0.01357,0.23778,0.00907,0.01438
0.02498,0.02856,0.32677,0.06309,0.19187,0.09439,0.06093,0.20940
0.03725,0.01571,0.46083,0.15813,0.01410,0.21891,0.07743,0.01763
0.00324,0.38517,0.07676,0.06724,0.26783,0.09560,0.09405,0.01012
0.24202,0.02332,0.02836,0.09314,0.03298,0.20488,0.14199,0.23332
0.00858,0.21075,0.04266,0.22857,0.02924,0.26964,0.19008,0.02048
0.00766,0.05066,0.71009,0.04516,0.06304,0.05200,0.03085,0.04054
0.04045,0.01351,0.61956,0.03094,0.11749,0.02665,0.02291,0.12849
0.07501,0.04898,0.25445,0.11922,0.06391,0.22507,0.12753,0.08584
0.01787,0.02032,0.48594,0.11876,0.11026,0.12483,0.01403,0.10798
0.04098,0.06921,0.11192,0.16712,0.15856,0.17160,0.10941,0.17121
0.33050,0.02458,0.09122,0.30379,0.01996,0.11302,0.06998,0.04695
0.01067,0.00853,0.36499,0.25209,0.03080,0.28652,0.02207,0.02434
0.01428,0.30451,0.02834,0.14302,0.28421,0.17699,0.03722,0.01144
0.00845,0.00943,0.24666,0.17319,0.15167,0.22294,0.02598,0.16168
0.01987,0.00882,0.65848,0.04443,0.10348,0.03112,0.01983,0.11397
0.01832,0.01506,0.03838,0.20654,0.15165,0.30439,0.09497,0.17069
0.00645,0.35602,0.04643,0.11783,0.29775,0.12642,0.03223,0.01687
0.01709,0.04935,0.12925,0.14431,0.23336,0.15912,0.01929,0.24823
0.00834,0.01932,0.31669,0.14486,0.16083,0.15088,0.02833,0.17075
0.03936,0.04893,0.14562,0.05388,0.32322,0.03865,0.02024,0.33010
0.02731,0.26940,0.09587,0.10511,0.03039,0.14081,0.29428,0.03682
0.00613,0.01231,0.78989,0.03484,0.05793,0.03831,0.01090,0.04969
0.03372,0.02333,0.62843,0.06772,0.05866,0.10008,0.04584,0.04222
0.01479,0.03793,0.08430,0.10551,0.12952,0.26317,0.20799,0.15679
0.01685,0.05037,0.76508,0.05145,0.01569,0.04843,0.02051,0.03162
0.01025,0.12663,0.03766,0.32312,0.11008,0.35052,0.02254,0.01920
0.01755,0.11587,0.04108,0.30962,0.01182,0.33865,0.12713,0.03829
0.01064,0.03876,0.44155,0.19892,0.01015,0.22702,0.06241,0.01056
0.02544,0.30677,0.07428,0.02790,0.31802,0.09584,0.09585,0.05588
0.13731,0.00886,0.09761,0.23939,0.04877,0.26671,0.01453,0.18682
0.02326,0.00955,0.40384,0.09149,0.01551,0.24009,0.17468,0.04159
0.45060,0.01139,0.04318,0.07917,0.01584,0.03053,0.00884,0.36045
0.26513,0.00567,0.08779,0.40087,0.02257,0.18407,0.00875,0.02515
0.01392,0.01873,0.62075,0.13382,0.02113,0.15251,0.02687,0.01227
0.00879,0.26725,0.03881,0.09355,0.01590,0.21476,0.34712,0.01381
0.02301,0.02008,0.21013,0.34517,0.02084,0.35706,0.01072,0.01300
0.01648,0.46408,0.08386,0.02150,0.10916,0.02391,0.25143,0.02957
0.03426,0.01572,0.66189,0.03779,0.06943,0.06060,0.03068,0.08962
0.02310,0.01970,0.12816,0.30826,0.06933,0.33815,0.03058,0.08272
0.03353,0.01877,0.06477,0.08819,0.30840,0.11268,0.02429,0.34938
0.00893,0.01055,0.24216,0.10736,0.22351,0.12472,0.04454,0.23822
0.00550,0.02338,0.12436,0.07557,0.26672,0.14910,0.08248,0.27289
0.02252,0.00933,0.36767,0.23360,0.05205,0.24705,0.00722,0.06056
0.00456,0.02274,0.70309,0.08245,0.01765,0.11755,0.03831,0.01364
0.00839,0.03403,0.50604,0.11769,0.09519,0.12593,0.02699,0.08574
0.01709,0.01319,0.67216,0.08320,0.04659,0.10191,0.01643,0.04944
0.01705,0.05958,0.33568,0.18971,0.07009,0.21698,0.04721,0.06369
0.31044,0.01835,0.05064,0.29471,0.06640,0.13070,0.03121,0.09756
0.03624,0.01176,0.50549,0.16600,0.01600,0.18878,0.02571,0.05002
0.01557,0.04026,0.46209,0.17800,0.02993,0.20564,0.03399,0.03451
0.22917,0.01431,0.06006,0.22110,0.01572,0.22605,0.01099,0.22259
0.00554,0.02058,0.18792,0.25080,0.07813,0.32470,0.05062,0.08172
0.02176,0.01790,0.74668,0.01912,0.04723,0.04768,0.03893,0.06069
0.02940,0.02325,0.09415,0.03642,0.22547,0.17656,0.14940,0.26534
0.00410,0.00689,0.22060,0.18966,0.14786,0.24422,0.03675,0.14991
0.00919,0.02289,0.58829,0.15349,0.01222,0.17948,0.02707,0.00737
0.37476,0.01667,0.03336,0.07507,0.02087,0.08601,0.02862,0.36465
0.02387,0.03101,0.15250,0.05591,0.11851,0.28235,0.23068,0.10517
0.01022,0.28608,0.03073,0.18033,0.27215,0.18908,0.01344,0.01796
0.07109,0.03916,0.44319,0.16488,0.04260,0.15367,0.03695,0.04846
0.16533,0.02640,0.02791,0.40681,0.02276,0.30348,0.01300,0.03431
0.00952,0.01386,0.37359,0.11202,0.07775,0.22236,0.10473,0.08617
0.01288,0.28443,0.02548,0.17964,0.28116,0.19408,0.00817,0.01416
0.17370,0.01390,0.05278,0.39023,0.02602,0.29461,0.02173,0.02703
0.03867,0.03188,0.43552,0.08521,0.11337,0.10212,0.02469,0.16854
0.01150,0.04860,0.01606,0.03685,0.27006,0.15289,0.16189,0.30215
0.06563,0.01223,0.72967,0.08748,0.02043,0.05565,0.01287,0.01603
0.00638,0.01096,0.56110,0.15954,0.03518,0.18197,0.01763,0.02724
0.01487,0.01431,0.43017,0.23580,0.03439,0.23641,0.00765,0.02639
0.00299,0.35790,0.02743,0.12285,0.03205,0.16361,0.28154,0.01163
0.01990,0.15825,0.04034,0.10909,0.15637,0.29126,0.20840,0.01639
0.01380,0.05021,0.18514,0.05754,0.29918,0.07283,0.01699,0.30430
0.10082,0.00958,0.03338,0.35591,0.01711,0.37024,0.01009,0.10285
0.01800,0.01208,0.49784,0.05945,0.11747,0.10738,0.05732,0.13046
0.00957,0.03182,0.24224,0.22806,0.08612,0.26533,0.04601,0.09085
0.04080,0.04972,0.34277,0.11325,0.09121,0.17196,0.09579,0.09450
0.04878,0.04032,0.40558,0.11709,0.10258,0.11930,0.02762,0.13873
0.02303,0.01790,0.43760,0.20107,0.03230,0.22582,0.02950,0.03278
0.01201,0.03556,0.43541,0.08048,0.12016,0.14081,0.06506,0.11051
0.18499,0.01826,0.01956,0.30737,0.03022,0.29427,0.01665,0.12867
0.20674,0.02996,0.04222,0.41930,0.01353,0.26123,0.00949,0.01753
0.01174,0.01415,0.04551,0.08004,0.35812,0.09844,0.02225,0.36975
0.06347,0.01564,0.62471,0.04807,0.09216,0.02264,0.00681,0.12649
0.05930,0.02073,0.22494,0.04701,0.26372,0.06132,0.02996,0.29303
0.02071,0.01960,0.39987,0.23370,0.02516,0.24229,0.01734,0.04132
0.01136,0.04236,0.07586,0.13017,0.17290,0.26110,0.12085,0.18540
0.23061,0.02212,0.05946,0.22113,0.03378,0.18258,0.11837,0.13195
0.02393,0.19864,0.03865,0.24151,0.03216,0.26987,0.16106,0.03418
0.00655,0.01847,0.32493,0.04292,0.03091,0.29575,0.25483,0.02563
0.01622,0.28826,0.03740,0.15172,0.27678,0.16299,0.04747,0.01916
0.00460,0.00969,0.19858,0.31328,0.06490,0.33316,0.01099,0.06480
0.00428,0.00840,0.25900,0.20222,0.10565,0.27014,0.03879,0.11152
0.22760,0.01537,0.07874,0.37926,0.04781,0.18236,0.02009,0.04876
0.01105,0.02506,0.31120,0.07183,0.23183,0.07297,0.02987,0.24619
0.02283,0.01697,0.55532,0.14022,0.04572,0.15019,0.01676,0.05198
0.00579,0.42739,0.04568,0.04401,0.09528,0.07127,0.29560,0.01498
0.02110,0.01714,0.55274,0.16671,0.03384,0.16959,0.01318,0.02570
0.10264,0.01612,0.60134,0.08364,0.04487,0.04962,0.02922,0.07256
0.01502,0.02226,0.18363,0.15789,0.18970,0.18092,0.03925,0.21133
0.03522,0.00911,0.70767,0.09267,0.01208,0.10227,0.01620,0.02477
0.00672,0.01626,0.10677,0.14203,0.16248,0.27352,0.13876,0.15347
0.01464,0.01272,0.88139,0.01111,0.02808,0.01723,0.01640,0.01843
0.01360,0.03253,0.62488,0.10388,0.04503,0.11877,0.01617,0.04513
0.01029,0.09362,0.33843,0.14970,0.07770,0.16733,0.09036,0.07257
0.00529,0.00651,0.69149,0.13709,0.00731,0.14184,0.00410,0.00637
0.01734,0.01028,0.27962,0.02277,0.30142,0.03103,0.01540,0.32214
0.19416,0.01339,0.08858,0.19268,0.05075,0.20070,0.18692,0.07281
0.03661,0.05654,0.34327,0.12847,0.07191,0.19117,0.10817,0.06386
0.05664,0.01612,0.35522,0.07835,0.20057,0.06914,0.03964,0.18432
0.00829,0.04600,0.51731,0.17967,0.02407,0.19281,0.01435,0.01749
0.01215,0.03442,0.21847,0.24402,0.08984,0.27460,0.03135,0.09515
0.00750,0.01938,0.38178,0.24880,0.01807,0.26427,0.03327,0.02693
0.02704,0.32436,0.04939,0.08001,0.35204,0.09316,0.02291,0.05110
0.00845,0.01143,0.15970,0.12511,0.26537,0.13311,0.01345,0.28338
0.30904,0.01165,0.12709,0.05065,0.01743,0.11105,0.08046,0.29263
0.00624,0.41413,0.06813,0.06073,0.27955,0.06844,0.09096,0.01180
0.04672,0.04832,0.51050,0.09424,0.05619,0.10551,0.04414,0.09438
0.06187,0.00629,0.39160,0.17064,0.08942,0.15361,0.01566,0.11092
0.02450,0.03792,0.04363,0.04998,0.19571,0.23642,0.20893,0.20291
0.12704,0.00742,0.04694,0.32424,0.01740,0.33685,0.01158,0.12853
0.01396,0.00797,0.06714,0.07672,0.26395,0.19599,0.07627,0.29798
0.02288,0.01050,0.23837,0.05825,0.02489,0.32097,0.28481,0.03933
0.05586,0.01628,0.75587,0.05624,0.03130,0.02999,0.01344,0.04102
0.03474,0.02146,0.71215,0.05851,0.04876,0.05602,0.01788,0.05047
0.31072,0.01312,0.12230,0.25361,0.01475,0.10443,0.01389,0.16718
0.02761,0.06706,0.59895,0.09971,0.04969,0.09931,0.01886,0.03882
0.01250,0.37957,0.02841,0.09033,0.01496,0.11237,0.34869,0.01316
0.42279,0.02240,0.04771,0.09193,0.02961,0.03982,0.01128,0.33445
0.00489,0.07444,0.01630,0.40603,0.05593,0.42512,0.00793,0.00935
0.10583,0.01808,0.44800,0.03289,0.11930,0.03867,0.01227,0.22495
0.28211,0.00888,0.03278,0.44779,0.01327,0.18677,0.00996,0.01843
0.03823,0.01865,0.65141,0.07273,0.03761,0.07775,0.02348,0.08015
0.02782,0.06145,0.59108,0.07652,0.03610,0.08570,0.07156,0.04977
0.30703,0.00838,0.05637,0.15746,0.01288,0.16154,0.01233,0.28401
0.01204,0.01492,0.21262,0.10261,0.01451,0.35462,0.27288,0.01581
0.01340,0.03686,0.16018,0.18898,0.17352,0.20256,0.02305,0.20145
0.02944,0.01002,0.59344,0.10054,0.07760,0.09960,0.01557,0.07379
0.01397,0.02286,0.58558,0.10487,0.02956,0.14713,0.05771,0.03830
0.01854,0.02351,0.69701,0.08864,0.02763,0.09482,0.01901,0.03085
0.00846,0.01330,0.10098,0.38033,0.04212,0.39797,0.01597,0.04088
0.00876,0.07108,0.37643,0.03256,0.18292,0.03795,0.08437,0.20592
0.00944,0.00807,0.13146,0.20193,0.21122,0.20742,0.01038,0.22008
0.01884,0.01831,0.73169,0.07190,0.01518,0.09257,0.03576,0.01575
0.01543,0.03363,0.42363,0.03179,0.02524,0.21798,0.22126,0.03104
0.01533,0.05331,0.17512,0.09193,0.24568,0.11339,0.03580,0.26945
0.33276,0.04362,0.05323,0.36906,0.05056,0.07112,0.03145,0.04821
0.01398,0.00551,0.05693,0.01860,0.01829,0.43222,0.42524,0.02922
0.04326,0.01136,0.34708,0.13075,0.01730,0.27014,0.16109,0.01901
0.01130,0.01159,0.50730,0.20809,0.00811,0.22108,0.01024,0.02229
0.02716,0.08292,0.27011,0.02814,0.23577,0.02369,0.07617,0.25604
0.19254,0.07581,0.12854,0.21896,0.06460,0.17260,0.05274,0.09421
0.02189,0.01136,0.28864,0.12616,0.16791,0.15644,0.06173,0.16587
