0.22802,0.23348,0.25923,0.27927
0.28317,0.27489,0.13642,0.30552
0.23981,0.24433,0.29565,0.22021
0.18824,0.29350,0.28564,0.23262
0.23725,0.23948,0.31312,0.21014
0.27826,0.21391,0.18789,0.31994
0.31530,0.23310,0.22806,0.22354
0.32267,0.30481,0.17658,0.19594
0.23999,0.31031,0.27231,0.17739
0.26563,0.27027,0.26086,0.20323
0.23779,0.32286,0.32545,0.11389
0.19713,0.31766,0.26416,0.22105
0.25868,0.24185,0.26125,0.23822
0.26307,0.27254,0.22008,0.24431
0.32890,0.14240,0.31765,0.21105
0.20038,0.20392,0.32838,0.26733
0.23993,0.24342,0.26204,0.25461
0.20277,0.29625,0.30152,0.19946
0.14259,0.32195,0.23735,0.29812
0.28855,0.21662,0.22916,0.26567
0.26550,0.27232,0.22652,0.23566
0.25213,0.17109,0.20045,0.37634
0.25182,0.26009,0.25872,0.22937
0.21964,0.31291,0.26331,0.20413
0.26462,0.27175,0.24994,0.21369
0.31077,0.19573,0.22294,0.27055
0.31485,0.15560,0.24091,0.28863
0.29110,0.29793,0.19227,0.21870
0.21785,0.28408,0.22804,0.27002
0.28366,0.18200,0.19273,0.34161
0.32740,0.22040,0.20396,0.24824
0.24403,0.28559,0.20477,0.26561
0.23037,0.29264,0.29775,0.17925
0.37151,0.14982,0.21160,0.26708
0.27036,0.20204,0.25400,0.27360
0.28877,0.29525,0.21352,0.20245
0.29290,0.25276,0.19929,0.25505
0.28675,0.29064,0.14356,0.27905
0.25708,0.26718,0.31334,0.16240
0.28939,0.29576,0.21426,0.20059
0.26409,0.26913,0.20138,0.26540
0.20656,0.21236,0.30460,0.27648
0.20693,0.34722,0.21825,0.22760
0.24849,0.25398,0.18594,0.31159
0.35011,0.26330,0.20563,0.18095
0.26248,0.26836,0.16689,0.30226
0.27388,0.28056,0.20717,0.23839
0.16236,0.16520,0.21579,0.45664
0.23400,0.27666,0.16031,0.32903
0.21059,0.34520,0.25931,0.18491
0.16471,0.24527,0.28478,0.30524
0.31867,0.21060,0.26966,0.20106
0.24801,0.25754,0.29093,0.20353
0.25033,0.27224,0.15042,0.32701
0.21918,0.19746,0.20354,0.37982
0.29813,0.30794,0.19538,0.19856
0.22509,0.23179,0.33114,0.21199
0.18789,0.38639,0.15647,0.26925
0.32959,0.24151,0.22113,0.20776
0.26103,0.26505,0.22901,0.24491
0.31564,0.15110,0.36700,0.16626
0.17119,0.25683,0.28203,0.28995
0.27542,0.19899,0.24538,0.28021
0.22391,0.22558,0.37343,0.17708
0.30833,0.33643,0.11475,0.24049
0.15126,0.34877,0.25788,0.24209
0.36151,0.18653,0.25854,0.19341
0.14520,0.32443,0.23844,0.29192
0.25342,0.23971,0.20948,0.29739
0.31730,0.32601,0.14784,0.20885
0.22097,0.25253,0.24162,0.28488
0.22116,0.13231,0.24565,0.40089
0.24688,0.25054,0.26487,0.23771
0.23575,0.24404,0.24684,0.27337
0.22647,0.23250,0.24134,0.29969
0.22542,0.18319,0.28634,0.30505
0.28175,0.24936,0.24784,0.22106
0.26515,0.37180,0.18725,0.17580
0.17967,0.24240,0.29032,0.28760
0.23246,0.24103,0.32974,0.19677
0.18582,0.31201,0.20095,0.30122
0.35070,0.25274,0.21190,0.18466
0.22776,0.23194,0.19585,0.34445
0.27092,0.27751,0.23057,0.22101
0.17432,0.29344,0.26218,0.27006
0.21822,0.31794,0.19428,0.26956
0.21559,0.21657,0.32816,0.23968
0.28696,0.29232,0.21524,0.20548
0.21371,0.21199,0.28131,0.29300
0.21720,0.36179,0.23286,0.18815
0.23570,0.24063,0.28851,0.23516
0.34265,0.23415,0.22749,0.19570
0.17909,0.22284,0.36418,0.23389
0.22260,0.23065,0.19478,0.35197
0.27142,0.27730,0.23597,0.21531
0.32768,0.25843,0.26962,0.14427
0.35104,0.19299,0.25154,0.20443
0.28375,0.16966,0.19763,0.34896
0.32454,0.18333,0.26152,0.23061
0.20711,0.27667,0.29055,0.22568
0.22121,0.21576,0.16162,0.40140
0.24330,0.24612,0.28246,0.22812
0.32703,0.15369,0.30712,0.21216
0.24572,0.26631,0.21548,0.27249
0.23589,0.28805,0.23947,0.23659
0.24706,0.25149,0.21879,0.28266
0.17343,0.38689,0.20238,0.23730
0.19447,0.18813,0.28748,0.32992
0.27609,0.20840,0.32758,0.18793
0.24884,0.33207,0.17534,0.24375
0.19130,0.21410,0.37163,0.22297
0.35941,0.28315,0.24995,0.10748
0.16052,0.29657,0.29953,0.24338
0.27657,0.28571,0.20936,0.22837
0.23847,0.24247,0.29651,0.22255
0.20329,0.20650,0.25577,0.33445
0.29107,0.29574,0.21788,0.19531
0.22010,0.29492,0.33918,0.14579
0.20365,0.20585,0.31725,0.27324
0.23664,0.24159,0.24384,0.27793
0.30009,0.36759,0.16552,0.16680
0.29491,0.11914,0.25962,0.32633
0.26441,0.17774,0.28672,0.27113
0.29296,0.29368,0.22718,0.18618
0.20445,0.21117,0.30255,0.28184
0.24693,0.25193,0.22585,0.27530
0.21777,0.22280,0.31523,0.24420
0.27416,0.22601,0.34534,0.15448
0.17394,0.30558,0.27035,0.25013
0.26854,0.23151,0.25694,0.24301
0.25372,0.22849,0.24557,0.27222
0.28306,0.18960,0.22731,0.30002
0.21943,0.22371,0.22512,0.33174
0.27314,0.28285,0.23272,0.21130
0.23112,0.24613,0.28389,0.23886
0.22449,0.26136,0.22801,0.28614
0.23979,0.24609,0.30424,0.20988
0.18358,0.19055,0.27956,0.34631
0.13127,0.30324,0.26181,0.30368
0.18954,0.24164,0.26677,0.30205
0.34715,0.22292,0.24174,0.18819
0.22156,0.22472,0.24038,0.31334
0.18471,0.29644,0.24167,0.27718
0.23650,0.22793,0.19115,0.34442
0.21686,0.18093,0.26800,0.33421
0.23009,0.23575,0.28605,0.24811
0.27380,0.28002,0.20860,0.23758
0.25667,0.25848,0.23842,0.24644
0.27071,0.11811,0.28016,0.33101
0.32889,0.22091,0.24777,0.20243
0.20091,0.25692,0.24593,0.29623
0.14810,0.21175,0.41902,0.22113
0.23727,0.18650,0.26811,0.30812
0.30549,0.26000,0.13752,0.29699
0.26679,0.27103,0.20892,0.25326
0.35127,0.24311,0.15774,0.24788
0.28114,0.28775,0.21324,0.21787
0.38168,0.16711,0.28371,0.16750
0.20886,0.36690,0.30404,0.12020
0.19648,0.20085,0.27602,0.32665
0.25543,0.20346,0.29026,0.25086
0.31395,0.23560,0.21301,0.23744
0.21442,0.21852,0.25342,0.31364
0.24891,0.23684,0.25791,0.25635
0.25000,0.15487,0.34026,0.25487
0.29010,0.35134,0.21591,0.14265
0.18592,0.31218,0.20176,0.30014
0.15284,0.27545,0.25463,0.31708
0.20282,0.21558,0.32457,0.25703
0.25828,0.26473,0.28211,0.19487
0.27711,0.23573,0.16489,0.32227
0.26102,0.26234,0.19347,0.28317
0.22372,0.31926,0.21848,0.23853
0.22242,0.20196,0.33131,0.24431
0.28461,0.28925,0.23568,0.19045
0.37815,0.22226,0.16095,0.23864
0.20768,0.31893,0.16601,0.30738
0.26989,0.27424,0.25225,0.20363
0.28142,0.27206,0.17738,0.26913
0.16040,0.27809,0.29840,0.26311
0.27309,0.28042,0.16853,0.27797
0.28880,0.28809,0.25673,0.16638
0.24470,0.25199,0.26099,0.24232
0.22740,0.19909,0.43484,0.13867
0.31427,0.24241,0.27402,0.16931
0.23104,0.29569,0.27817,0.19511
0.21678,0.27016,0.27895,0.23412
0.29117,0.29493,0.17388,0.24001
0.26237,0.29337,0.20061,0.24365
0.25780,0.27175,0.17251,0.29794
0.23182,0.23902,0.28741,0.24175
0.21779,0.22783,0.26788,0.28650
0.20751,0.28039,0.32634,0.18576
0.29092,0.29914,0.22520,0.18473
0.18702,0.21564,0.27239,0.32495
0.19787,0.22215,0.35662,0.22336
0.23493,0.35557,0.24053,0.16897
0.23463,0.23778,0.26314,0.26445
0.24017,0.24922,0.32165,0.18896
0.32108,0.24432,0.16836,0.26624
0.29936,0.30384,0.14878,0.24802
0.19487,0.27165,0.23302,0.30046
0.23991,0.24802,0.20628,0.30580
0.23351,0.25919,0.30454,0.20277
0.23787,0.20310,0.14739,0.41163
0.25311,0.22895,0.23777,0.28016
0.25829,0.26263,0.24142,0.23765
0.28133,0.28048,0.18704,0.25116
0.20226,0.37074,0.17488,0.25211
0.32973,0.18561,0.22029,0.26437
0.19472,0.34684,0.22296,0.23548
0.24723,0.25433,0.25269,0.24575
0.23274,0.20019,0.26182,0.30525
0.15143,0.30236,0.32967,0.21654
0.17948,0.38422,0.20410,0.23219
0.19723,0.16140,0.27699,0.36438
0.26604,0.14008,0.43582,0.15806
0.36611,0.17283,0.28144,0.17962
0.21934,0.26498,0.17994,0.33574
0.23710,0.24221,0.22290,0.29780
0.24248,0.24947,0.29646,0.21159
0.39532,0.13794,0.21042,0.25631
0.30306,0.30960,0.20066,0.18668
0.12073,0.20488,0.28788,0.38652
0.31150,0.31937,0.18127,0.18786
0.26509,0.27041,0.19433,0.27016
0.30174,0.23478,0.18639,0.27709
0.23664,0.26227,0.28064,0.22045
0.23680,0.33663,0.20429,0.22227
0.22505,0.16806,0.44918,0.15771
0.21369,0.22167,0.33462,0.23002
0.24909,0.25390,0.23708,0.25993
0.21705,0.22261,0.34669,0.21366
0.24577,0.25023,0.23998,0.26402
0.19752,0.20203,0.37676,0.22369
0.17255,0.19467,0.28141,0.35138
0.23696,0.24244,0.27244,0.24816
0.25665,0.24249,0.27137,0.22949
0.34149,0.30040,0.13719,0.22092
0.27012,0.27554,0.17397,0.28036
0.33160,0.16704,0.26893,0.23243
0.22939,0.33010,0.15596,0.28455
0.26390,0.26882,0.18084,0.28644
0.15355,0.18214,0.41002,0.25429
0.23978,0.24455,0.28257,0.23310
0.24264,0.19250,0.37674,0.18812
0.29905,0.14647,0.39927,0.15521
0.25691,0.26768,0.24537,0.23003
0.31842,0.19521,0.23447,0.25189
0.22643,0.28847,0.21117,0.27393
0.27452,0.29143,0.22428,0.20978
0.18966,0.35639,0.26473,0.18923
0.21257,0.32213,0.28857,0.17673
0.31384,0.24086,0.21807,0.22724
0.24156,0.24814,0.24484,0.26545
0.23374,0.33466,0.20293,0.22867
0.15072,0.34060,0.26242,0.24625
0.21041,0.37897,0.19197,0.21865
0.19283,0.17972,0.20021,0.42723
0.16340,0.30289,0.20328,0.33043
0.29271,0.30189,0.19980,0.20560
0.21668,0.18870,0.33000,0.26462
0.26493,0.26874,0.19084,0.27549
0.25890,0.26429,0.23758,0.23923
0.25893,0.19888,0.21920,0.32298
0.18169,0.20081,0.30965,0.30785
0.33060,0.21216,0.24171,0.21554
0.30000,0.29932,0.13649,0.26418
0.25242,0.35456,0.20286,0.19017
0.19325,0.27175,0.25638,0.27863
0.15907,0.43230,0.15033,0.25831
0.23865,0.24414,0.26708,0.25013
0.32163,0.33350,0.21741,0.12746
0.34518,0.26741,0.17161,0.21580
0.22936,0.23347,0.32216,0.21500
0.21837,0.33790,0.28250,0.16123
0.31278,0.15140,0.28288,0.25294
0.33176,0.34064,0.16711,0.16049
0.25809,0.26891,0.18884,0.28417
0.27620,0.24650,0.21896,0.25833
0.29775,0.16135,0.28070,0.26021
0.18962,0.32068,0.28198,0.20772
0.24720,0.24505,0.25962,0.24813
0.23609,0.24940,0.29373,0.22078
0.27803,0.28625,0.19846,0.23726
0.13689,0.26907,0.32800,0.26603
0.32022,0.25081,0.18008,0.24889
0.22924,0.30321,0.22210,0.24545
0.28434,0.17332,0.32194,0.22040
0.21259,0.37397,0.17641,0.23703
0.24586,0.25395,0.21429,0.28590
0.23008,0.28985,0.21350,0.26657
0.22122,0.40450,0.24970,0.12458
0.35878,0.21130,0.24036,0.18957
0.34733,0.25882,0.20962,0.18423
0.19850,0.36306,0.27728,0.16117
0.27050,0.27633,0.22676,0.22642
0.24655,0.35905,0.18301,0.21139
0.25737,0.34920,0.16497,0.22846
0.27105,0.27380,0.27093,0.18423
