0.19397,0.07950,0.12932,0.06017,0.06241,0.08630,0.02453,0.02249,0.02763,0.25532,0.01552,0.00690,0.01025,0.02569
0.04611,0.03117,0.02664,0.36889,0.02260,0.01697,0.04107,0.01896,0.13346,0.01849,0.01785,0.01251,0.18040,0.06488
0.05700,0.04187,0.39402,0.02088,0.07815,0.06238,0.06763,0.01454,0.02228,0.01825,0.02768,0.01274,0.16835,0.01423
0.07348,0.08270,0.10835,0.05374,0.02011,0.07210,0.08545,0.02391,0.18110,0.05326,0.02190,0.13681,0.03701,0.05008
0.12416,0.02857,0.01194,0.23220,0.29789,0.01166,0.01570,0.01356,0.11906,0.00810,0.05654,0.00536,0.04453,0.03073
0.06267,0.07924,0.00147,0.01744,0.23370,0.00125,0.01586,0.36633,0.01874,0.00602,0.00330,0.17891,0.00842,0.00665
0.18727,0.02865,0.04268,0.03741,0.03703,0.19583,0.01149,0.02423,0.09182,0.02430,0.01101,0.00693,0.01093,0.29041
0.07556,0.10317,0.03317,0.11681,0.02350,0.00751,0.00896,0.01254,0.32074,0.02922,0.02700,0.06060,0.08937,0.09186
0.05771,0.15049,0.06855,0.02685,0.01350,0.26702,0.00811,0.01793,0.11678,0.04199,0.01512,0.00659,0.01576,0.19360
0.04769,0.02602,0.01991,0.04597,0.02187,0.01764,0.02682,0.15894,0.02076,0.07916,0.02419,0.01506,0.02002,0.47594
0.02903,0.01916,0.14314,0.02502,0.01631,0.43735,0.01476,0.02190,0.02657,0.00747,0.01395,0.00550,0.01090,0.22893
0.06652,0.02222,0.03660,0.02373,0.06613,0.03655,0.01480,0.00678,0.02068,0.00658,0.68250,0.00259,0.00562,0.00870
0.10497,0.02489,0.01421,0.06790,0.25753,0.02694,0.34973,0.01958,0.00951,0.02055,0.06767,0.00733,0.01860,0.01059
0.02674,0.01578,0.01051,0.04873,0.01621,0.00834,0.01180,0.04155,0.01666,0.00430,0.01137,0.00871,0.75466,0.02464
0.06156,0.02563,0.02252,0.00998,0.07892,0.02451,0.51352,0.06019,0.00889,0.01088,0.08541,0.07223,0.01503,0.01074
0.06862,0.02919,0.13573,0.02627,0.02388,0.47148,0.01285,0.03127,0.05247,0.02675,0.00894,0.00668,0.00767,0.09819
0.03003,0.05761,0.00503,0.40032,0.02316,0.00389,0.01203,0.14357,0.02345,0.00643,0.01122,0.02192,0.23719,0.02416
0.06684,0.04871,0.11445,0.04384,0.03320,0.15008,0.01849,0.06381,0.04304,0.01338,0.05713,0.01156,0.01729,0.31817
0.04663,0.03260,0.01014,0.34250,0.01977,0.01465,0.06398,0.02146,0.01715,0.00387,0.34978,0.00402,0.06072,0.01273
0.05881,0.12625,0.00516,0.07997,0.26693,0.00381,0.08497,0.06325,0.02216,0.01531,0.01129,0.04748,0.20471,0.00992
0.02542,0.05341,0.00337,0.03875,0.32013,0.00249,0.01520,0.30350,0.01413,0.00837,0.00591,0.17372,0.02320,0.01240
0.03329,0.02131,0.02815,0.02535,0.13136,0.01185,0.02332,0.05468,0.03926,0.03164,0.02030,0.10756,0.04156,0.43038
0.02469,0.02601,0.03481,0.04286,0.01909,0.01146,0.00700,0.01128,0.51012,0.00649,0.01652,0.00541,0.04253,0.24173
0.39466,0.10873,0.04606,0.09904,0.06278,0.00945,0.01065,0.02270,0.01293,0.13392,0.00933,0.02885,0.00495,0.05595
0.02764,0.17835,0.03907,0.01843,0.05713,0.34784,0.01140,0.01296,0.06975,0.02414,0.04498,0.00420,0.01509,0.14902
0.04442,0.26886,0.00454,0.04210,0.14594,0.00264,0.01662,0.21935,0.02605,0.01390,0.00741,0.14081,0.05248,0.01489
0.07452,0.02707,0.26081,0.10555,0.12603,0.04597,0.06066,0.11611,0.04672,0.02481,0.01714,0.01619,0.02389,0.05451
0.22210,0.03046,0.11457,0.02214,0.01575,0.00961,0.00847,0.00414,0.00945,0.00738,0.02301,0.51487,0.01217,0.00587
0.02971,0.03279,0.27157,0.05603,0.01223,0.30910,0.01126,0.02534,0.05857,0.02018,0.00836,0.00652,0.00959,0.14875
0.04308,0.02512,0.00927,0.37597,0.23809,0.01034,0.01860,0.02249,0.02489,0.14600,0.02457,0.00632,0.01478,0.04048
0.24659,0.03538,0.01901,0.01726,0.49649,0.03576,0.05381,0.00680,0.01775,0.01907,0.02408,0.00314,0.01196,0.01290
0.05809,0.08769,0.02950,0.00918,0.25944,0.04040,0.01296,0.01282,0.02309,0.23359,0.05720,0.00555,0.03013,0.14036
0.18189,0.09931,0.00142,0.00698,0.00693,0.00104,0.00481,0.51242,0.00664,0.00417,0.00348,0.15941,0.00624,0.00528
0.02722,0.06007,0.00366,0.01728,0.25102,0.00261,0.01150,0.48715,0.03352,0.01220,0.00692,0.03736,0.02164,0.02785
0.21973,0.05887,0.00935,0.10776,0.24182,0.01743,0.09148,0.05219,0.01274,0.01649,0.08568,0.02043,0.05347,0.01255
0.11741,0.32775,0.04300,0.27347,0.01078,0.05101,0.03297,0.00541,0.01582,0.05738,0.00892,0.00561,0.03552,0.01493
0.05324,0.01726,0.00509,0.14010,0.01968,0.00254,0.00724,0.04199,0.07234,0.00262,0.01536,0.01520,0.52599,0.08136
0.03202,0.08173,0.00508,0.07459,0.06265,0.00411,0.12238,0.27117,0.00815,0.01303,0.01006,0.09121,0.21724,0.00659
0.02688,0.08388,0.01418,0.10575,0.12753,0.00688,0.02593,0.04207,0.08631,0.08148,0.02148,0.07690,0.25933,0.04140
0.01508,0.21000,0.00838,0.03138,0.41496,0.00642,0.04332,0.09348,0.01731,0.04622,0.00835,0.06807,0.02657,0.01046
0.18406,0.04073,0.11584,0.01610,0.07716,0.40607,0.01375,0.01270,0.05151,0.01919,0.00850,0.00491,0.00956,0.03990
0.11713,0.04425,0.01302,0.03312,0.04217,0.01261,0.02517,0.02383,0.05526,0.01094,0.02318,0.00683,0.56290,0.02959
0.06114,0.21400,0.04295,0.02324,0.01857,0.36153,0.00677,0.00489,0.02724,0.03266,0.02570,0.00185,0.00438,0.17509
0.03498,0.06046,0.03620,0.02485,0.26166,0.07201,0.02123,0.18035,0.00680,0.06466,0.03240,0.00706,0.00778,0.18956
0.04465,0.26197,0.04444,0.10518,0.10760,0.01400,0.02197,0.08190,0.03202,0.03458,0.03292,0.13880,0.03944,0.04052
0.09271,0.13747,0.03044,0.02292,0.28809,0.02293,0.06706,0.03387,0.01921,0.09090,0.03257,0.10767,0.03811,0.01606
0.03637,0.06278,0.04981,0.13416,0.08252,0.01832,0.01814,0.28187,0.04027,0.03322,0.05694,0.01663,0.03495,0.13401
0.03852,0.07920,0.03666,0.02475,0.04339,0.08663,0.02132,0.17961,0.02125,0.03280,0.16210,0.00944,0.01709,0.24724
0.02669,0.16243,0.01753,0.04617,0.06502,0.01122,0.01048,0.00626,0.44880,0.02596,0.08905,0.00305,0.03329,0.05405
0.22008,0.01972,0.02758,0.01887,0.34145,0.03584,0.02317,0.04838,0.02287,0.13618,0.01826,0.00869,0.00725,0.07167
0.02533,0.05646,0.05161,0.04164,0.01829,0.02454,0.01678,0.07923,0.00703,0.00558,0.16197,0.04429,0.45713,0.01014
0.04251,0.03365,0.01967,0.28108,0.02688,0.03330,0.01854,0.01723,0.02047,0.00987,0.04100,0.00609,0.42869,0.02102
0.03499,0.07535,0.02864,0.11890,0.23494,0.03076,0.04607,0.19401,0.02934,0.05573,0.07109,0.00969,0.03071,0.03980
0.05252,0.21838,0.03690,0.05100,0.04761,0.00964,0.02450,0.03213,0.12845,0.13441,0.03993,0.02829,0.09612,0.10013
0.02554,0.02174,0.00808,0.05787,0.07484,0.00555,0.01089,0.00696,0.38320,0.01361,0.02589,0.00616,0.34314,0.01652
0.03881,0.12729,0.04974,0.01274,0.03082,0.03104,0.02117,0.25418,0.03754,0.11283,0.01117,0.01011,0.01975,0.24281
0.05895,0.02073,0.00461,0.02545,0.02954,0.00261,0.00901,0.31548,0.06166,0.00231,0.01138,0.01143,0.39443,0.05240
0.18583,0.02506,0.10394,0.02487,0.31912,0.01319,0.04570,0.02070,0.11191,0.00979,0.03087,0.02867,0.06443,0.01591
0.04885,0.18688,0.00572,0.44732,0.01135,0.00626,0.01020,0.02576,0.01735,0.17500,0.01830,0.00534,0.00874,0.03293
0.45173,0.02216,0.01988,0.00556,0.11903,0.28565,0.04448,0.00516,0.01104,0.01246,0.00271,0.00357,0.01117,0.00540
0.04077,0.01046,0.02874,0.27919,0.02609,0.01111,0.01113,0.00880,0.01114,0.00488,0.02199,0.02431,0.51034,0.01106
0.17201,0.39927,0.02383,0.20547,0.02323,0.01755,0.00939,0.01604,0.02149,0.03523,0.02490,0.00662,0.00660,0.03837
0.14673,0.02553,0.00671,0.18820,0.02666,0.01072,0.20985,0.08956,0.01088,0.00465,0.02124,0.00415,0.24236,0.01275
0.13333,0.32652,0.16199,0.05614,0.02249,0.06695,0.01108,0.02279,0.01875,0.05714,0.03598,0.00602,0.00641,0.07441
0.07615,0.03527,0.01799,0.01737,0.02942,0.01560,0.10972,0.04829,0.07194,0.06117,0.00880,0.01146,0.05566,0.44114
0.37661,0.02743,0.16532,0.06610,0.03171,0.09277,0.02965,0.02830,0.01969,0.01110,0.02467,0.01604,0.08506,0.02554
0.06950,0.09955,0.23387,0.02790,0.10005,0.11569,0.02436,0.12684,0.04069,0.02535,0.04971,0.02251,0.02099,0.04298
0.22769,0.04160,0.03288,0.03611,0.04699,0.26399,0.29630,0.00964,0.00470,0.00695,0.01190,0.00430,0.01201,0.00495
0.04308,0.01887,0.01026,0.02209,0.01203,0.02017,0.05837,0.20128,0.01807,0.01647,0.02331,0.00451,0.07639,0.47510
0.09553,0.34991,0.00380,0.04951,0.02667,0.00236,0.01761,0.34142,0.02850,0.01330,0.00553,0.04588,0.00862,0.01134
0.02232,0.00827,0.02857,0.01909,0.10114,0.01641,0.02139,0.22925,0.02099,0.00784,0.04504,0.01194,0.04208,0.42567
0.02435,0.04215,0.01140,0.02251,0.32455,0.00949,0.01694,0.08130,0.12226,0.02204,0.09628,0.01910,0.03604,0.17161
0.10924,0.02031,0.00993,0.02816,0.16011,0.00482,0.06395,0.03005,0.21413,0.07839,0.00633,0.08276,0.04808,0.14374
0.02530,0.28270,0.01048,0.01703,0.10985,0.00659,0.07598,0.03242,0.25717,0.05047,0.03410,0.05001,0.03577,0.01214
0.07796,0.07543,0.00518,0.02765,0.30435,0.00392,0.06740,0.27301,0.01642,0.01020,0.01252,0.03106,0.07907,0.01583
0.01705,0.13623,0.00362,0.02459,0.30089,0.00269,0.03417,0.23003,0.04899,0.05233,0.00863,0.09546,0.02595,0.01938
0.03326,0.06360,0.05632,0.20455,0.05883,0.10713,0.02412,0.12750,0.07737,0.02667,0.08877,0.01328,0.06345,0.05516
0.15356,0.06445,0.08644,0.06171,0.30542,0.03592,0.03294,0.02383,0.03856,0.04679,0.05300,0.01639,0.05554,0.02545
0.02968,0.06799,0.01235,0.04255,0.02612,0.00613,0.00596,0.00721,0.52789,0.00919,0.04986,0.00346,0.00996,0.20164
0.04048,0.02857,0.05323,0.25829,0.04329,0.08015,0.05163,0.01670,0.01889,0.35524,0.01838,0.00506,0.01449,0.01561
0.03518,0.03836,0.11746,0.06146,0.03894,0.38392,0.01239,0.00946,0.01954,0.14845,0.03437,0.00448,0.00791,0.08809
0.28049,0.11179,0.01675,0.05462,0.06724,0.00788,0.02046,0.15450,0.03864,0.00560,0.09968,0.01529,0.10204,0.02502
0.09025,0.01976,0.04219,0.12391,0.15097,0.10541,0.04485,0.01865,0.04089,0.01663,0.17799,0.00745,0.12911,0.03194
0.09612,0.02822,0.04879,0.05371,0.03072,0.28475,0.17269,0.02733,0.03923,0.04330,0.01565,0.01150,0.11975,0.02824
0.05276,0.01526,0.00959,0.10099,0.03221,0.01099,0.55050,0.06049,0.01595,0.00565,0.01027,0.01337,0.10261,0.01936
0.05569,0.04727,0.06493,0.05586,0.01789,0.24073,0.01500,0.01258,0.18603,0.02098,0.02549,0.00618,0.06045,0.19093
0.02367,0.14717,0.01846,0.08421,0.35204,0.01148,0.01394,0.05620,0.01994,0.03251,0.17450,0.01186,0.01927,0.03475
0.08551,0.07419,0.00861,0.15470,0.29849,0.00839,0.02990,0.04198,0.15286,0.00761,0.01884,0.00542,0.09517,0.01834
0.07854,0.04141,0.01109,0.18753,0.00596,0.00564,0.00404,0.02229,0.00466,0.52267,0.01233,0.08607,0.00322,0.01454
0.21572,0.14045,0.10424,0.07962,0.02217,0.05155,0.00992,0.01991,0.00868,0.30056,0.01301,0.00824,0.00569,0.02023
0.02294,0.02817,0.01141,0.04076,0.08374,0.00426,0.00804,0.02641,0.05699,0.00680,0.00945,0.04775,0.61844,0.03483
0.02448,0.06607,0.05240,0.02617,0.04673,0.01775,0.00679,0.00728,0.31947,0.01756,0.27536,0.00563,0.01654,0.11778
0.03979,0.04793,0.01704,0.06072,0.01156,0.00890,0.01335,0.18843,0.01769,0.00425,0.07238,0.01461,0.47559,0.02774
0.07388,0.39242,0.00652,0.00638,0.08760,0.01086,0.06791,0.00708,0.01582,0.26757,0.01503,0.00438,0.03285,0.01169
0.20696,0.02965,0.00483,0.02285,0.11291,0.00413,0.09926,0.25013,0.10095,0.00616,0.01523,0.01087,0.11380,0.02227
0.02739,0.03533,0.02603,0.01311,0.03887,0.02652,0.01778,0.02370,0.02253,0.04044,0.07301,0.01312,0.60790,0.03427
0.05784,0.03672,0.01158,0.01614,0.09509,0.01876,0.66643,0.02741,0.00571,0.01364,0.00957,0.01977,0.01651,0.00484
0.01240,0.27234,0.01272,0.01153,0.45237,0.02094,0.01253,0.03811,0.01267,0.02702,0.08525,0.00395,0.00740,0.03077
0.04788,0.03467,0.01204,0.18609,0.09540,0.00517,0.01718,0.03466,0.10221,0.00770,0.02494,0.07646,0.34001,0.01557
0.07089,0.02161,0.02564,0.09856,0.01088,0.00749,0.00620,0.00703,0.63216,0.00618,0.00712,0.00576,0.02173,0.07876
