0.04412,0.05396,0.55251,0.34941
0.05013,0.06632,0.43316,0.45039
0.04845,0.04941,0.63786,0.26428
0.04340,0.05839,0.41974,0.47847
0.04034,0.04959,0.56843,0.34165
0.06504,0.07945,0.63872,0.21679
0.05293,0.05613,0.49634,0.39460
0.04041,0.05003,0.61080,0.29876
0.05038,0.05825,0.59814,0.29323
0.07355,0.11208,0.47050,0.34387
0.03999,0.04480,0.48173,0.43348
0.04630,0.06287,0.49609,0.39474
0.03378,0.04013,0.47244,0.45365
0.05389,0.05956,0.45878,0.42777
0.04673,0.06398,0.59393,0.29536
0.11301,0.13103,0.55610,0.19986
0.04828,0.05969,0.56111,0.33092
0.04629,0.06108,0.55102,0.34161
0.04689,0.05594,0.55641,0.34076
0.06312,0.07793,0.47097,0.38798
0.03147,0.04516,0.72733,0.19603
0.08682,0.10935,0.43487,0.36897
0.06883,0.08783,0.56304,0.28031
0.05422,0.07421,0.55451,0.31705
0.03906,0.04986,0.67712,0.23396
0.07974,0.10219,0.54107,0.27701
0.06133,0.08540,0.48000,0.37327
0.04473,0.05640,0.72023,0.17864
0.04490,0.05565,0.57241,0.32705
0.05546,0.06937,0.52044,0.35473
0.07747,0.10185,0.45164,0.36904
0.03959,0.04525,0.70350,0.21167
0.06056,0.08256,0.52189,0.33499
0.04903,0.06159,0.65054,0.23884
0.04669,0.06673,0.49647,0.39011
0.05168,0.07349,0.50700,0.36783
0.05184,0.06074,0.54861,0.33881
0.03965,0.05228,0.55877,0.34931
0.06325,0.07544,0.58996,0.27135
0.03625,0.04519,0.74600,0.17256
0.06011,0.07141,0.58137,0.28711
0.05529,0.06368,0.66253,0.21850
0.05085,0.06247,0.51699,0.36969
0.04276,0.05814,0.60416,0.29493
0.04905,0.05603,0.65257,0.24234
0.04489,0.06739,0.54329,0.34443
0.04635,0.05885,0.46694,0.42786
0.04961,0.05866,0.48550,0.40624
0.04780,0.06217,0.57775,0.31228
0.05317,0.05673,0.45924,0.43086
0.04217,0.05062,0.39531,0.51190
0.04575,0.06016,0.65197,0.24213
0.03302,0.04532,0.65385,0.26781
0.03911,0.04707,0.71775,0.19607
0.02542,0.03217,0.75639,0.18603
0.09667,0.13711,0.42697,0.33925
0.05350,0.06038,0.58750,0.29863
0.04950,0.05746,0.61802,0.27501
0.05989,0.07081,0.54786,0.32145
0.04827,0.06795,0.54453,0.33926
0.03331,0.04081,0.78123,0.14465
0.03202,0.04215,0.72138,0.20445
0.04858,0.06871,0.60076,0.28195
0.03475,0.04782,0.60482,0.31262
0.08302,0.10415,0.49169,0.32114
0.05257,0.08268,0.58708,0.27768
0.03299,0.03912,0.44362,0.48426
0.07534,0.09585,0.54060,0.28820
0.04875,0.05930,0.41904,0.47290
0.04607,0.06016,0.58132,0.31245
0.03799,0.04783,0.63872,0.27545
0.03379,0.04455,0.62591,0.29575
0.03950,0.05486,0.50354,0.40209
0.04569,0.05833,0.58080,0.31519
0.05217,0.08138,0.60363,0.26281
0.07333,0.09766,0.56591,0.26310
0.08069,0.08994,0.53330,0.29607
0.03044,0.03739,0.67768,0.25448
0.05839,0.07174,0.48845,0.38142
0.06238,0.07751,0.57033,0.28977
0.03585,0.04841,0.58534,0.33040
0.04447,0.05371,0.69989,0.20193
0.03556,0.04290,0.53537,0.38617
0.04078,0.05151,0.60002,0.30768
0.07114,0.09810,0.58113,0.24964
0.06082,0.07641,0.51236,0.35042
0.04330,0.05668,0.62531,0.27471
0.04700,0.05646,0.58622,0.31032
0.04670,0.05641,0.49309,0.40380
0.06563,0.09748,0.55003,0.28687
0.08239,0.10406,0.44214,0.37141
0.05518,0.06015,0.58112,0.30355
0.04831,0.06088,0.45845,0.43236
0.04840,0.05502,0.65043,0.24616
0.04710,0.05873,0.56570,0.32847
0.06270,0.08570,0.60396,0.24764
0.05658,0.08174,0.62588,0.23580
0.04687,0.05247,0.59942,0.30124
0.05530,0.06868,0.48295,0.39307
0.04378,0.06586,0.41858,0.47178
