0.03591,0.04224,0.59931,0.32254
0.07252,0.09652,0.53232,0.29863
0.05242,0.06117,0.48211,0.40430
0.07932,0.10602,0.61811,0.19655
0.04091,0.05399,0.52741,0.37769
0.03317,0.04271,0.57614,0.34798
0.05788,0.06936,0.56520,0.30756
0.03180,0.03761,0.54540,0.38519
0.04280,0.05244,0.62383,0.28093
0.04278,0.04861,0.61778,0.29083
0.03339,0.03500,0.65653,0.27508
0.03832,0.05473,0.72541,0.18153
0.06052,0.07751,0.38844,0.47352
0.08983,0.12448,0.54905,0.23664
0.04449,0.05320,0.54432,0.35798
0.04538,0.05719,0.42568,0.47175
0.05028,0.06613,0.58488,0.29871
0.05125,0.05886,0.53297,0.35692
0.03200,0.03596,0.43763,0.49442
0.04343,0.05291,0.54735,0.35630
0.07525,0.09741,0.43168,0.39565
0.03171,0.03599,0.71163,0.22067
0.02955,0.03405,0.65986,0.27655
0.02917,0.03759,0.60230,0.33094
0.06884,0.08831,0.50511,0.33774
0.04188,0.05441,0.39340,0.51030
0.04679,0.06163,0.48157,0.41001
0.03986,0.05352,0.62626,0.28036
0.05172,0.06036,0.54456,0.34336
0.04698,0.06254,0.69273,0.19774
0.03780,0.04767,0.59737,0.31715
0.04722,0.05518,0.66144,0.23616
0.04176,0.04784,0.67944,0.23095
0.03623,0.04599,0.38476,0.53302
0.05382,0.06001,0.60343,0.28275
0.05163,0.07183,0.62427,0.25226
0.02939,0.03479,0.41835,0.51746
0.06423,0.09873,0.56584,0.27120
0.05896,0.07829,0.59362,0.26913
0.02643,0.03592,0.66270,0.27494
0.04972,0.06476,0.54178,0.34374
0.05947,0.07533,0.50938,0.35582
0.05774,0.07401,0.58938,0.27887
0.05998,0.07576,0.39726,0.46700
0.05178,0.06305,0.44480,0.44038
0.04145,0.05228,0.63851,0.26776
0.06181,0.08817,0.44306,0.40697
0.03568,0.04445,0.59495,0.32492
0.05011,0.06294,0.55274,0.33421
0.06374,0.07883,0.43470,0.42273
0.05847,0.07283,0.46504,0.40366
0.04205,0.04765,0.61972,0.29059
0.02667,0.03260,0.69411,0.24662
0.06509,0.08345,0.51848,0.33298
0.04188,0.05031,0.54695,0.36086
0.03701,0.04860,0.68952,0.22487
0.05018,0.06546,0.49481,0.38955
0.05095,0.06611,0.64703,0.23591
0.04414,0.05510,0.40679,0.49396
0.03953,0.04514,0.43871,0.47662
0.03530,0.04976,0.66319,0.25176
0.04595,0.06075,0.54932,0.34397
0.07339,0.09238,0.54243,0.29180
0.07661,0.10277,0.55901,0.26161
0.07659,0.10382,0.63015,0.18944
0.04024,0.04732,0.57054,0.34190
0.06150,0.07176,0.51960,0.34714
0.03374,0.03864,0.69358,0.23404
0.04729,0.06507,0.47770,0.40994
0.04920,0.06458,0.39348,0.49273
0.02908,0.03696,0.54185,0.39210
0.03128,0.03701,0.53854,0.39318
0.05404,0.07456,0.62106,0.25034
0.04255,0.05594,0.66572,0.23578
0.06038,0.08319,0.49846,0.35797
0.05318,0.07092,0.62441,0.25148
0.05948,0.08577,0.49091,0.36384
0.06286,0.08418,0.47464,0.37833
0.02762,0.03242,0.65022,0.28974
0.07860,0.09617,0.57162,0.25362
0.05791,0.07370,0.72280,0.14559
0.07204,0.08831,0.34573,0.49393
0.04576,0.05935,0.51967,0.37522
0.03748,0.04967,0.54922,0.36364
0.04870,0.05344,0.48577,0.41209
0.03914,0.05117,0.50687,0.40282
0.07081,0.09865,0.55514,0.27541
0.06876,0.07871,0.56046,0.29207
0.06064,0.07670,0.53616,0.32650
0.06256,0.08495,0.47479,0.37770
0.04620,0.06279,0.40378,0.48724
0.03878,0.04758,0.51987,0.39376
0.03278,0.03861,0.44374,0.48486
0.04171,0.05810,0.63076,0.26942
0.03944,0.05478,0.51245,0.39333
0.04292,0.05267,0.64537,0.25904
0.04174,0.04711,0.48880,0.42235
0.05467,0.07096,0.54319,0.33118
0.06841,0.08515,0.45260,0.39384
0.03078,0.03863,0.67467,0.25593
0.04440,0.06155,0.64241,0.25164
0.03982,0.04535,0.58272,0.33211
0.06464,0.09323,0.65088,0.19125
0.06416,0.08602,0.58344,0.26638
0.04078,0.05357,0.61078,0.29488
0.03763,0.04640,0.67395,0.24203
0.04209,0.04835,0.68365,0.22591
0.05315,0.06635,0.64494,0.23557
0.04291,0.05136,0.73850,0.16723
0.03765,0.04829,0.69182,0.22224
0.05546,0.07673,0.43820,0.42961
0.02807,0.03068,0.59799,0.34326
0.03974,0.04641,0.54362,0.37022
0.05051,0.06090,0.53953,0.34907
0.04152,0.05321,0.55455,0.35072
0.07236,0.10116,0.56384,0.26264
0.06324,0.08795,0.46713,0.38168
0.05676,0.06644,0.64188,0.23493
0.06548,0.08687,0.51619,0.33146
0.06265,0.07825,0.56826,0.29083
0.03429,0.04051,0.55980,0.36539
0.04975,0.05516,0.45477,0.44032
0.06659,0.09556,0.46976,0.36809
0.04524,0.05506,0.52763,0.37207
0.05891,0.08286,0.51432,0.34391
0.06527,0.08979,0.52631,0.31863
0.05743,0.06683,0.54138,0.33436
0.05017,0.07029,0.50022,0.37932
0.05110,0.06684,0.58556,0.29650
0.03534,0.04182,0.47298,0.44987
0.06006,0.07879,0.49445,0.36670
0.04702,0.06065,0.53406,0.35827
0.03250,0.04103,0.61787,0.30859
0.07779,0.10392,0.47666,0.34163
0.04030,0.05389,0.66581,0.24000
0.04562,0.06385,0.47677,0.41376
0.06826,0.08151,0.47455,0.37568
0.04614,0.05793,0.59450,0.30143
0.03735,0.04591,0.63111,0.28562
0.06510,0.08041,0.56324,0.29125
0.04536,0.05180,0.60910,0.29374
0.04631,0.05553,0.53543,0.36273
0.04024,0.04969,0.69016,0.21990
0.04877,0.06123,0.63703,0.25298
0.04335,0.05236,0.41923,0.48505
0.06103,0.08013,0.61735,0.24149
0.05385,0.06797,0.46104,0.41714
0.05133,0.06481,0.50581,0.37805
0.03772,0.04262,0.52700,0.39266
0.05289,0.06721,0.53374,0.34615
0.07785,0.10888,0.51611,0.29715
0.04617,0.06201,0.49160,0.40022
0.05123,0.07439,0.57354,0.30084
0.03914,0.05127,0.64954,0.26006
0.06728,0.08334,0.44949,0.39988
0.02985,0.03652,0.37057,0.56306
0.04741,0.05761,0.61933,0.27565
0.05544,0.06874,0.55925,0.31656
0.05053,0.06279,0.45241,0.43427
0.08520,0.10561,0.58234,0.22686
0.04620,0.06009,0.42092,0.47278
0.03475,0.05060,0.53502,0.37963
0.05676,0.07312,0.62007,0.25006
0.03540,0.04119,0.62929,0.29412
0.05851,0.07760,0.58551,0.27838
0.04897,0.06368,0.55070,0.33665
0.04093,0.04212,0.56884,0.34811
0.04607,0.05236,0.64305,0.25852
0.05671,0.07480,0.56507,0.30343
0.05193,0.06798,0.35386,0.52623
0.05941,0.07507,0.52170,0.34382
0.03046,0.03879,0.52428,0.40646
0.05868,0.07243,0.54856,0.32034
0.04185,0.05911,0.51051,0.38854
0.08452,0.09993,0.54053,0.27501
0.11850,0.17428,0.41275,0.29447
0.06033,0.07823,0.60693,0.25451
0.05701,0.06989,0.49897,0.37413
0.04202,0.04979,0.52106,0.38713
0.04767,0.05976,0.45875,0.43382
0.04034,0.05006,0.59997,0.30963
0.03718,0.04328,0.52945,0.39009
0.05755,0.06046,0.53823,0.34376
0.02704,0.03493,0.73815,0.19988
0.01972,0.02534,0.76675,0.18819
0.05688,0.07772,0.50355,0.36185
0.04760,0.05936,0.52228,0.37076
0.04552,0.05782,0.73577,0.16089
0.09219,0.11157,0.46719,0.32905
0.03565,0.04728,0.64408,0.27299
0.03024,0.03849,0.75948,0.17179
0.05155,0.07067,0.56547,0.31231
0.04540,0.05413,0.59031,0.31016
0.07106,0.09011,0.53568,0.30315
0.03760,0.05049,0.41807,0.49383
0.04444,0.05318,0.51757,0.38480
0.04986,0.05374,0.50319,0.39321
0.06173,0.07754,0.55727,0.30346
0.03609,0.04124,0.61768,0.30500
0.05190,0.05951,0.53070,0.35789
0.03025,0.03389,0.50909,0.42676
0.04302,0.05402,0.55623,0.34672
0.03361,0.04417,0.67887,0.24335
0.06178,0.07792,0.62553,0.23477
0.03973,0.04804,0.49048,0.42176
0.03290,0.04439,0.65109,0.27161
0.06415,0.08503,0.58518,0.26564
0.05642,0.06530,0.66905,0.20923
0.07796,0.09813,0.46374,0.36016
0.04266,0.05343,0.63117,0.27275
0.06314,0.08314,0.49243,0.36129
0.03888,0.05778,0.45327,0.45008
0.04878,0.06094,0.51501,0.37527
0.03484,0.03745,0.69014,0.23757
0.03610,0.03727,0.52614,0.40049
0.04937,0.06192,0.53377,0.35493
0.04469,0.05445,0.50499,0.39586
0.04250,0.04763,0.58673,0.32314
0.04296,0.05450,0.50778,0.39476
0.06437,0.08945,0.42651,0.41967
0.04508,0.06059,0.57488,0.31945
0.04861,0.06653,0.62420,0.26066
0.03742,0.04473,0.55746,0.36039
0.04630,0.05454,0.51710,0.38206
0.02504,0.03037,0.69263,0.25195
0.05055,0.06205,0.68307,0.20433
0.08552,0.11524,0.50113,0.29811
0.05665,0.07440,0.50066,0.36829
0.07626,0.10070,0.57723,0.24581
0.04136,0.05166,0.67767,0.22932
0.03249,0.03577,0.44540,0.48634
0.03962,0.05125,0.47984,0.42930
0.03978,0.04516,0.64360,0.27146
0.05336,0.07266,0.60656,0.26741
0.05789,0.07873,0.55582,0.30756
0.06116,0.08672,0.42594,0.42618
0.04600,0.05804,0.52034,0.37562
0.05922,0.06681,0.54826,0.32572
0.03975,0.04832,0.65861,0.25332
0.04257,0.05658,0.54890,0.35195
0.04966,0.05703,0.52810,0.36521
0.08316,0.12097,0.61928,0.17659
0.05696,0.07485,0.55563,0.31257
0.08093,0.10989,0.54012,0.26906
0.04896,0.07088,0.59425,0.28591
0.04507,0.05967,0.69152,0.20374
0.05005,0.05259,0.61312,0.28423
0.03038,0.03617,0.62459,0.30886
0.06002,0.07749,0.66666,0.19582
0.03780,0.04531,0.66727,0.24961
0.04915,0.06507,0.61065,0.27513
0.04072,0.04762,0.57555,0.33611
0.03445,0.03898,0.65402,0.27255
0.07066,0.09834,0.36048,0.47052
0.04568,0.05223,0.56405,0.33804
0.05202,0.07076,0.50966,0.36756
0.05347,0.07416,0.48525,0.38712
0.04377,0.05746,0.62949,0.26929
0.04010,0.05059,0.59864,0.31066
0.03944,0.04702,0.65234,0.26120
0.06494,0.08507,0.45499,0.39500
0.06220,0.07149,0.53274,0.33357
0.04266,0.04988,0.72276,0.18470
0.04186,0.05317,0.56731,0.33766
0.06951,0.09627,0.48182,0.35240
0.05003,0.07045,0.63519,0.24433
0.05471,0.06708,0.56614,0.31207
0.07978,0.09975,0.57728,0.24320
0.07466,0.09885,0.50725,0.31924
0.02964,0.03577,0.42282,0.51177
0.05986,0.07834,0.61821,0.24358
0.04069,0.04925,0.71625,0.19382
0.02522,0.03315,0.32311,0.61853
0.04137,0.05340,0.60584,0.29940
0.04746,0.05933,0.54873,0.34448
0.04713,0.05755,0.71094,0.18438
0.04125,0.05469,0.56570,0.33836
0.04864,0.06232,0.59556,0.29347
0.03864,0.05173,0.69839,0.21124
0.04100,0.04991,0.52412,0.38497
0.03238,0.03719,0.56860,0.36183
0.04282,0.05272,0.65410,0.25036
0.03994,0.04721,0.47458,0.43826
0.02408,0.03028,0.82002,0.12563
0.08204,0.10307,0.55539,0.25950
0.04954,0.05988,0.43959,0.45100
0.03628,0.04380,0.41369,0.50624
0.05543,0.06842,0.53565,0.34050
0.03720,0.04115,0.55594,0.36571
0.04611,0.05229,0.61899,0.28261
0.05980,0.07634,0.65877,0.20509
0.03086,0.03708,0.51387,0.41818
0.06939,0.09086,0.45554,0.38421
0.04787,0.06089,0.60400,0.28724
0.03968,0.04851,0.57870,0.33311
0.05447,0.07568,0.36916,0.50069
0.06265,0.08866,0.58288,0.26582
0.05246,0.06482,0.56050,0.32222
0.05394,0.07096,0.54843,0.32667
0.05211,0.06660,0.58462,0.29666
