0.07008,0.06863,0.06953,0.06825,0.07019,0.07306,0.07223,0.07147,0.07143,0.07041,0.07131,0.07119,0.07662,0.07560
0.07024,0.06910,0.06779,0.06668,0.07479,0.07715,0.07173,0.07091,0.07049,0.06968,0.06897,0.06930,0.07237,0.08080
0.06881,0.06698,0.06843,0.06806,0.07424,0.07420,0.06970,0.06738,0.07322,0.07328,0.07359,0.07141,0.07918,0.07153
0.06950,0.06960,0.06832,0.06937,0.07233,0.07331,0.07191,0.07190,0.07012,0.07086,0.06959,0.07021,0.07142,0.08156
0.06846,0.06609,0.06814,0.06914,0.07575,0.07663,0.07145,0.07043,0.07126,0.07078,0.06920,0.06646,0.07859,0.07761
0.06949,0.07013,0.07006,0.07060,0.07402,0.07194,0.07177,0.07070,0.07393,0.07427,0.06931,0.06775,0.07847,0.06756
0.07137,0.07031,0.07253,0.07139,0.07353,0.07376,0.06870,0.06683,0.06802,0.06766,0.07100,0.07067,0.07629,0.07795
0.07028,0.06865,0.06967,0.06673,0.07268,0.07210,0.06971,0.06870,0.07302,0.07441,0.07026,0.06923,0.08029,0.07428
0.06646,0.06485,0.06941,0.06840,0.07419,0.07759,0.07180,0.07039,0.07388,0.07353,0.06921,0.06826,0.07869,0.07335
0.06942,0.06864,0.06910,0.06773,0.07338,0.07487,0.07010,0.06946,0.07666,0.07876,0.06643,0.06491,0.07401,0.07654
0.07015,0.06716,0.06965,0.06843,0.07282,0.07432,0.06883,0.06524,0.07418,0.07074,0.07139,0.07210,0.07508,0.07989
0.07126,0.07135,0.06864,0.06847,0.07384,0.07390,0.07042,0.06843,0.07241,0.07512,0.06857,0.06556,0.07477,0.07724
0.06942,0.06899,0.06949,0.06970,0.07158,0.07337,0.06812,0.06895,0.07248,0.07180,0.06844,0.06828,0.07569,0.08370
0.07044,0.06815,0.07055,0.06940,0.07347,0.07417,0.06957,0.06750,0.07254,0.07082,0.07087,0.07138,0.07254,0.07860
0.06876,0.06751,0.07102,0.06857,0.07374,0.07772,0.07045,0.06923,0.07200,0.07200,0.06819,0.06589,0.07969,0.07524
0.07188,0.07098,0.07100,0.06942,0.07003,0.06965,0.07240,0.07237,0.06891,0.06776,0.07684,0.07601,0.07656,0.06617
0.06932,0.06720,0.07039,0.07101,0.07239,0.07335,0.07009,0.06936,0.07459,0.07531,0.06775,0.06642,0.07685,0.07597
0.07196,0.07247,0.06910,0.06977,0.07138,0.07086,0.07055,0.06928,0.07215,0.07444,0.06872,0.06695,0.07705,0.07533
0.07053,0.07034,0.07140,0.07116,0.07191,0.07329,0.07083,0.07022,0.07061,0.06873,0.07046,0.06893,0.07649,0.07510
0.07332,0.07422,0.06904,0.06963,0.07343,0.07247,0.06822,0.06883,0.07057,0.07199,0.06989,0.06970,0.07283,0.07585
0.06532,0.06420,0.07050,0.07155,0.07117,0.07300,0.07361,0.07458,0.07026,0.06890,0.06883,0.06873,0.08964,0.06972
0.07021,0.06848,0.07120,0.07116,0.07486,0.07693,0.07233,0.07256,0.07003,0.07125,0.06852,0.06789,0.07018,0.07438
0.07233,0.07257,0.07110,0.07278,0.07281,0.07208,0.07031,0.06907,0.07209,0.07221,0.06876,0.06712,0.07553,0.07123
0.07281,0.07410,0.06769,0.06684,0.07161,0.07283,0.06923,0.06861,0.06837,0.06986,0.07312,0.07364,0.07655,0.07474
0.06994,0.06616,0.07271,0.07333,0.07033,0.07047,0.06818,0.06819,0.07198,0.07121,0.07189,0.07222,0.08322,0.07018
0.06993,0.06919,0.07008,0.07089,0.06984,0.06816,0.07037,0.07030,0.07179,0.07287,0.07476,0.07573,0.07576,0.07032
0.07079,0.07130,0.07033,0.06904,0.07297,0.07269,0.07082,0.07097,0.07017,0.07296,0.07052,0.07026,0.07188,0.07530
0.07127,0.07085,0.07126,0.07151,0.07310,0.07132,0.07152,0.07098,0.07204,0.06949,0.06946,0.06912,0.08256,0.06551
0.06632,0.06478,0.07103,0.06807,0.07299,0.07581,0.06984,0.06866,0.07155,0.07151,0.07343,0.07253,0.07789,0.07559
0.07131,0.07096,0.06923,0.06766,0.07305,0.07201,0.06909,0.06755,0.07437,0.07446,0.07029,0.06995,0.07437,0.07572
0.07171,0.07186,0.07189,0.07127,0.07274,0.07259,0.06905,0.06951,0.07098,0.07118,0.07018,0.06863,0.07152,0.07689
0.06951,0.06990,0.07135,0.07147,0.07295,0.07348,0.07144,0.06840,0.07220,0.07100,0.06799,0.06683,0.08481,0.06867
0.06996,0.06944,0.07207,0.07117,0.07208,0.07235,0.07050,0.07179,0.07374,0.07333,0.06857,0.06807,0.07298,0.07396
0.07052,0.07076,0.07177,0.07090,0.07128,0.06991,0.07146,0.07108,0.07103,0.07277,0.06985,0.06893,0.07974,0.07000
0.06863,0.06804,0.07040,0.07001,0.07378,0.07831,0.07189,0.07048,0.06948,0.06943,0.06928,0.06738,0.07526,0.07764
0.06624,0.06637,0.06674,0.06588,0.07356,0.07422,0.07333,0.07532,0.07288,0.07281,0.07109,0.07024,0.07469,0.07661
0.06877,0.06897,0.07298,0.07252,0.07193,0.07483,0.06999,0.06890,0.07068,0.06917,0.06904,0.07112,0.07629,0.07480
0.06636,0.06426,0.06989,0.06805,0.07479,0.07775,0.07103,0.07112,0.06860,0.06709,0.07224,0.07161,0.07855,0.07864
0.06775,0.06683,0.07101,0.06894,0.07426,0.07545,0.07365,0.07309,0.07181,0.07175,0.06894,0.06789,0.07691,0.07172
0.07031,0.06978,0.07003,0.07037,0.07001,0.07029,0.07088,0.07156,0.07012,0.07026,0.07283,0.07265,0.08582,0.06508
0.07103,0.06860,0.07082,0.07209,0.07241,0.07279,0.07051,0.07057,0.07051,0.07206,0.07051,0.07003,0.07611,0.07196
0.07150,0.06923,0.06991,0.06971,0.06869,0.06862,0.07082,0.07202,0.07300,0.07287,0.07227,0.07292,0.08086,0.06759
0.06841,0.06776,0.06725,0.06565,0.07334,0.07412,0.07201,0.07233,0.07247,0.07325,0.07137,0.07094,0.07517,0.07594
0.06781,0.06638,0.06900,0.06740,0.07106,0.07154,0.07229,0.07212,0.07110,0.07087,0.07301,0.07415,0.07874,0.07451
0.06838,0.06677,0.07048,0.06980,0.07284,0.07308,0.07218,0.07161,0.07148,0.07108,0.07104,0.07217,0.07969,0.06940
0.06853,0.06660,0.06939,0.06939,0.07433,0.07653,0.07228,0.07123,0.06943,0.07007,0.07024,0.07059,0.07656,0.07483
0.07012,0.07022,0.06952,0.06849,0.07331,0.07459,0.06944,0.06899,0.07142,0.06910,0.07132,0.07127,0.07351,0.07870
0.06948,0.06785,0.06674,0.06751,0.07265,0.07358,0.07099,0.06967,0.07228,0.07189,0.07267,0.07280,0.07421,0.07770
0.06988,0.06897,0.07065,0.07103,0.07260,0.07195,0.07220,0.07348,0.06922,0.06989,0.07049,0.06970,0.07636,0.07360
0.07075,0.07026,0.06969,0.06818,0.07359,0.07406,0.07070,0.06944,0.07015,0.06893,0.07155,0.07085,0.07297,0.07888
0.06980,0.06838,0.06957,0.06902,0.07418,0.07650,0.06915,0.06901,0.06987,0.06855,0.07064,0.07075,0.07147,0.08311
0.06905,0.06676,0.07028,0.07096,0.07098,0.07202,0.07036,0.06929,0.07210,0.07162,0.07331,0.07366,0.08058,0.06904
0.06849,0.06688,0.06967,0.06762,0.07091,0.07244,0.07084,0.06842,0.07411,0.07437,0.07108,0.06964,0.08266,0.07286
0.06904,0.06780,0.07049,0.07014,0.07169,0.07105,0.07187,0.07152,0.07226,0.07249,0.07008,0.07004,0.08374,0.06780
0.07070,0.06995,0.07007,0.06987,0.06998,0.07063,0.06806,0.06798,0.07219,0.07018,0.07035,0.06982,0.09050,0.06972
0.07426,0.07578,0.07072,0.06888,0.06929,0.07066,0.06931,0.06979,0.07023,0.06943,0.07297,0.07149,0.07200,0.07517
0.06934,0.06876,0.06995,0.06952,0.07446,0.07498,0.07121,0.07028,0.07241,0.07335,0.06961,0.06877,0.07637,0.07100
0.06827,0.06766,0.06967,0.07012,0.07033,0.07015,0.07223,0.07119,0.07341,0.07106,0.07328,0.07197,0.07888,0.07179
0.06984,0.06911,0.06990,0.06993,0.07465,0.07301,0.07138,0.07036,0.07084,0.07104,0.07122,0.07135,0.07371,0.07366
0.07151,0.07079,0.06927,0.07019,0.06904,0.07016,0.07078,0.07101,0.07101,0.07488,0.06964,0.06959,0.07690,0.07523
0.06948,0.06708,0.07029,0.06761,0.07247,0.07134,0.07312,0.07003,0.06873,0.07076,0.07352,0.07267,0.08897,0.06395
0.07392,0.07374,0.06866,0.06877,0.06963,0.06948,0.07238,0.07160,0.06918,0.07229,0.06713,0.06551,0.08762,0.07009
0.06920,0.06936,0.07063,0.07058,0.07412,0.07490,0.07255,0.07303,0.06980,0.07086,0.06832,0.06642,0.07741,0.07282
0.06641,0.06507,0.06912,0.06909,0.07341,0.07759,0.07160,0.07012,0.07430,0.07440,0.06741,0.06611,0.08002,0.07537
0.07182,0.07209,0.07060,0.07106,0.07371,0.07284,0.06927,0.06880,0.07000,0.07010,0.07305,0.07216,0.07249,0.07201
0.06899,0.06861,0.07068,0.07055,0.06981,0.07180,0.07186,0.07524,0.07263,0.07350,0.06918,0.06965,0.07683,0.07068
0.07124,0.06920,0.06692,0.06572,0.07449,0.07561,0.06836,0.06576,0.07051,0.06942,0.07188,0.07168,0.07344,0.08576
0.07008,0.07033,0.06991,0.06807,0.07348,0.07308,0.07175,0.07208,0.07214,0.07282,0.07115,0.06964,0.07415,0.07130
0.06904,0.06846,0.06935,0.06822,0.07438,0.07525,0.07055,0.07012,0.07119,0.07230,0.06984,0.06939,0.07120,0.08070
0.06982,0.06906,0.06957,0.06921,0.07068,0.07096,0.07110,0.07190,0.07207,0.07364,0.07168,0.07075,0.07744,0.07212
0.06716,0.06518,0.06812,0.06806,0.07242,0.07488,0.07227,0.07300,0.07023,0.06915,0.07188,0.07214,0.08163,0.07387
0.06966,0.06909,0.06795,0.06770,0.07107,0.07199,0.07003,0.07016,0.07258,0.07108,0.07101,0.07264,0.08048,0.07455
0.06722,0.06652,0.06946,0.06938,0.07372,0.07587,0.07142,0.07212,0.07065,0.07212,0.06892,0.06777,0.07548,0.07934
0.07069,0.06924,0.06849,0.06838,0.07239,0.07186,0.07147,0.07282,0.06940,0.06964,0.07141,0.07154,0.07845,0.07423
0.07159,0.07199,0.07047,0.07053,0.07042,0.07056,0.07234,0.07391,0.07025,0.07008,0.07019,0.06968,0.07693,0.07106
0.06897,0.06887,0.07098,0.07176,0.07237,0.07185,0.07213,0.07238,0.07138,0.07098,0.07289,0.07098,0.07519,0.06925
0.07048,0.07091,0.07235,0.07094,0.07241,0.07250,0.07000,0.06992,0.07062,0.07149,0.07053,0.07181,0.07393,0.07212
0.07010,0.06871,0.06821,0.06691,0.07230,0.07186,0.06994,0.07076,0.07304,0.07355,0.06857,0.06868,0.08429,0.07309
0.07108,0.06967,0.07003,0.07020,0.07331,0.07344,0.07215,0.07141,0.07094,0.07196,0.06942,0.06818,0.07289,0.07532
0.06965,0.07014,0.07021,0.07023,0.07360,0.07233,0.07159,0.07362,0.06996,0.06878,0.07104,0.07040,0.07598,0.07246
0.06983,0.06884,0.07051,0.07165,0.07243,0.07177,0.06814,0.06820,0.07290,0.07332,0.06851,0.06797,0.07956,0.07637
0.06902,0.06867,0.07485,0.07378,0.07270,0.07381,0.07001,0.06792,0.06939,0.06785,0.07076,0.06914,0.08306,0.06906
0.06748,0.06673,0.07082,0.07128,0.07152,0.07329,0.06943,0.06910,0.07402,0.07456,0.06712,0.06629,0.07814,0.08022
0.07048,0.06994,0.06896,0.06915,0.07292,0.07169,0.07037,0.06988,0.07003,0.06937,0.07253,0.07255,0.07769,0.07445
0.06863,0.06876,0.07229,0.07171,0.07131,0.07034,0.07204,0.07228,0.06876,0.06721,0.07414,0.07550,0.07696,0.07006
0.07276,0.07208,0.07016,0.07061,0.07168,0.07098,0.07034,0.07108,0.06902,0.06979,0.07144,0.06984,0.07520,0.07501
0.06919,0.06798,0.06921,0.06786,0.07220,0.07370,0.07320,0.07256,0.07115,0.07182,0.07043,0.07024,0.07860,0.07187
0.06897,0.06723,0.07105,0.07006,0.07162,0.07307,0.07203,0.07013,0.06970,0.07081,0.07303,0.07156,0.07671,0.07403
0.07025,0.06800,0.06836,0.06660,0.07230,0.07354,0.07051,0.07081,0.07132,0.07213,0.07218,0.07146,0.07488,0.07764
0.06934,0.07054,0.07050,0.07237,0.07218,0.07299,0.07246,0.07326,0.06968,0.07111,0.06972,0.06895,0.07572,0.07118
0.07088,0.07104,0.06951,0.07052,0.07140,0.07322,0.07286,0.07324,0.07049,0.07145,0.07023,0.07091,0.07112,0.07313
0.06844,0.06847,0.07054,0.06979,0.07299,0.07282,0.07099,0.07138,0.07222,0.07248,0.07111,0.07154,0.07498,0.07223
0.06872,0.06802,0.06817,0.06745,0.07393,0.07613,0.07190,0.07195,0.07173,0.07210,0.07022,0.06751,0.07312,0.07906
0.07288,0.06975,0.07052,0.06967,0.07172,0.07178,0.06963,0.07001,0.07213,0.07090,0.07181,0.06999,0.07965,0.06954
0.07005,0.07061,0.07091,0.07053,0.07224,0.07437,0.07084,0.07165,0.06877,0.06952,0.06959,0.07043,0.07677,0.07372
0.07210,0.07246,0.07129,0.07060,0.07104,0.07032,0.07210,0.07117,0.07011,0.06902,0.07145,0.07042,0.07902,0.06888
0.06968,0.06860,0.07119,0.06937,0.06933,0.06938,0.07339,0.07335,0.07382,0.07432,0.06933,0.06954,0.07889,0.06981
0.06860,0.06885,0.06910,0.06875,0.07280,0.07424,0.07039,0.06910,0.07251,0.07200,0.07158,0.07066,0.07806,0.07337
0.07007,0.06845,0.06948,0.06794,0.07191,0.07369,0.07127,0.07126,0.07075,0.07105,0.07172,0.07281,0.07314,0.07646
0.06604,0.06563,0.06780,0.06721,0.07590,0.07855,0.07092,0.07208,0.06926,0.06918,0.07023,0.06909,0.07352,0.08459
