0.11433,0.01195,0.01524,0.03767,0.10576,0.01423,0.11357,0.02324,0.15371,0.01762,0.22355,0.02133,0.01721,0.01826,0.02697,0.01266,0.01493,0.01593,0.01664,0.02519
0.09715,0.02542,0.02251,0.03736,0.09670,0.04775,0.06355,0.03184,0.05022,0.04241,0.11444,0.04136,0.02492,0.02747,0.13644,0.02253,0.02277,0.01968,0.03995,0.03554
0.12819,0.01191,0.03545,0.04257,0.09734,0.03985,0.28122,0.03322,0.09999,0.00962,0.06530,0.01400,0.01095,0.01504,0.04442,0.01743,0.01210,0.01366,0.01023,0.01751
0.10850,0.01846,0.02247,0.02171,0.13719,0.02173,0.19660,0.01652,0.13656,0.01467,0.15253,0.02185,0.01672,0.01689,0.02231,0.01057,0.01206,0.01318,0.01219,0.02730
0.18434,0.01518,0.01620,0.02060,0.13627,0.01417,0.05202,0.01643,0.05220,0.01534,0.17559,0.02315,0.02461,0.01605,0.15313,0.01126,0.01179,0.01532,0.01512,0.03122
0.11218,0.03773,0.02178,0.02669,0.04559,0.02448,0.09503,0.02211,0.23046,0.04435,0.06236,0.03077,0.02635,0.02930,0.03063,0.02134,0.03787,0.02621,0.04020,0.03460
0.24825,0.01426,0.02259,0.05674,0.08607,0.01733,0.10116,0.03337,0.11603,0.01720,0.09853,0.03038,0.01991,0.02043,0.02085,0.01958,0.01523,0.01908,0.01656,0.02645
0.24686,0.01435,0.01817,0.07278,0.08904,0.02345,0.05475,0.02556,0.03925,0.02303,0.11602,0.01378,0.01151,0.01577,0.16323,0.01217,0.01104,0.01095,0.02109,0.01721
0.13013,0.02328,0.03179,0.03746,0.11855,0.01688,0.05924,0.02252,0.05319,0.03726,0.20787,0.03207,0.03121,0.02045,0.05673,0.01632,0.01577,0.01585,0.03315,0.04027
0.08834,0.01518,0.03345,0.04212,0.07772,0.03552,0.27108,0.04300,0.13744,0.02449,0.05123,0.02759,0.02425,0.01906,0.01034,0.02035,0.01251,0.01388,0.02181,0.03065
0.04239,0.01448,0.01311,0.01620,0.09363,0.02086,0.05252,0.01519,0.05289,0.19027,0.26200,0.01594,0.01553,0.01359,0.00661,0.01219,0.00976,0.00975,0.12157,0.02149
0.08411,0.02430,0.03204,0.02663,0.23243,0.02531,0.11888,0.02492,0.10257,0.02090,0.12404,0.02736,0.02436,0.01921,0.01173,0.01495,0.01654,0.01723,0.02161,0.03088
0.10572,0.02458,0.02249,0.02145,0.05155,0.03546,0.06709,0.02035,0.05585,0.11212,0.04069,0.02430,0.02477,0.02220,0.18662,0.01691,0.01408,0.02157,0.10695,0.02525
0.14912,0.01787,0.02483,0.02322,0.14307,0.13452,0.09161,0.02001,0.03962,0.05085,0.10981,0.01923,0.01386,0.01501,0.04052,0.01763,0.01313,0.01268,0.04046,0.02296
0.19331,0.01514,0.01443,0.01740,0.07272,0.03497,0.19455,0.01525,0.10156,0.07596,0.10082,0.01654,0.01181,0.01471,0.00924,0.01281,0.01120,0.01316,0.05532,0.01911
0.06235,0.06741,0.09613,0.03205,0.10647,0.03657,0.10738,0.02610,0.09691,0.03655,0.05985,0.02829,0.02617,0.03630,0.02608,0.02380,0.03081,0.03547,0.03135,0.03397
0.22263,0.01642,0.02250,0.04647,0.06921,0.01479,0.13720,0.02241,0.20289,0.01297,0.07070,0.02646,0.02143,0.01740,0.01394,0.01234,0.01259,0.01432,0.01359,0.02975
0.10490,0.02362,0.03024,0.05635,0.05294,0.05812,0.14595,0.03424,0.08120,0.06646,0.04696,0.03852,0.03198,0.02713,0.02891,0.02701,0.02334,0.02419,0.05950,0.03843
0.24525,0.01689,0.01884,0.03783,0.10950,0.03287,0.10576,0.02961,0.08012,0.02204,0.12690,0.02176,0.01624,0.02031,0.02549,0.01794,0.01232,0.01575,0.02068,0.02392
0.37682,0.02738,0.02615,0.02821,0.08178,0.01802,0.05608,0.02133,0.06090,0.02351,0.07223,0.02447,0.01935,0.02779,0.03387,0.01449,0.01456,0.02368,0.02300,0.02639
0.15395,0.01704,0.02463,0.04633,0.05039,0.02042,0.14834,0.03123,0.20439,0.02725,0.06364,0.02721,0.02607,0.02139,0.01807,0.02082,0.01695,0.01738,0.03082,0.03368
0.06440,0.01709,0.05768,0.02990,0.28547,0.05358,0.15054,0.03271,0.07049,0.01775,0.07350,0.01946,0.01382,0.01229,0.01293,0.01586,0.01349,0.01337,0.01906,0.02660
0.21007,0.01696,0.03210,0.01927,0.21387,0.01616,0.08719,0.01412,0.09085,0.02424,0.14533,0.01605,0.01226,0.01502,0.01007,0.01193,0.01076,0.01263,0.02110,0.02002
0.17158,0.01948,0.08436,0.03189,0.09240,0.02936,0.11993,0.03174,0.11956,0.02597,0.05750,0.02741,0.02261,0.02079,0.03094,0.01860,0.01733,0.01809,0.02611,0.03434
0.05461,0.02108,0.09434,0.05197,0.07174,0.16826,0.10478,0.04158,0.04608,0.05505,0.03567,0.03534,0.02325,0.01843,0.02896,0.02226,0.01588,0.02045,0.05219,0.03808
0.14400,0.03058,0.02491,0.01870,0.09709,0.02057,0.11494,0.01856,0.13730,0.02435,0.14197,0.03127,0.03428,0.02265,0.01211,0.01496,0.01390,0.01933,0.01925,0.05928
0.08158,0.01526,0.01488,0.02010,0.07646,0.01618,0.19040,0.01696,0.29304,0.01547,0.10263,0.01913,0.02242,0.01278,0.02650,0.01216,0.01115,0.01319,0.01523,0.02449
0.24074,0.02550,0.01836,0.01603,0.05203,0.01666,0.12049,0.01418,0.21372,0.02211,0.05658,0.02503,0.03352,0.01969,0.01651,0.01392,0.02049,0.02360,0.01968,0.03115
0.17263,0.02142,0.02220,0.02169,0.09619,0.06293,0.07289,0.02433,0.04567,0.14203,0.08562,0.02015,0.02013,0.01906,0.01263,0.01811,0.01682,0.01739,0.08412,0.02399
0.18355,0.01500,0.01396,0.03407,0.06160,0.02050,0.17165,0.02559,0.20877,0.01794,0.09486,0.02188,0.01637,0.01646,0.01749,0.01391,0.01434,0.01439,0.01409,0.02358
0.16063,0.01909,0.03990,0.02899,0.12008,0.03613,0.07936,0.02623,0.06554,0.02271,0.06497,0.03731,0.03971,0.02162,0.09076,0.01900,0.02531,0.02775,0.02665,0.04825
0.15854,0.01770,0.01798,0.02423,0.07709,0.15937,0.07632,0.03930,0.05391,0.05547,0.12140,0.01927,0.02071,0.02260,0.02081,0.02287,0.01357,0.01308,0.04179,0.02400
0.05040,0.01516,0.01531,0.01740,0.09634,0.03185,0.04728,0.01684,0.03212,0.15664,0.23813,0.01670,0.01694,0.01527,0.01892,0.01570,0.01099,0.01393,0.15408,0.02001
0.10738,0.01762,0.02092,0.05302,0.06246,0.02160,0.12334,0.04157,0.07858,0.02283,0.08280,0.04011,0.04188,0.02313,0.13675,0.01966,0.01852,0.01656,0.02457,0.04672
0.09282,0.01230,0.01989,0.01758,0.12566,0.02250,0.17437,0.01615,0.17739,0.01729,0.21422,0.01262,0.01023,0.01118,0.00861,0.01177,0.01017,0.01284,0.01616,0.01626
0.21812,0.01410,0.01437,0.02010,0.07400,0.01503,0.04749,0.01521,0.04800,0.11769,0.18463,0.01903,0.01427,0.01470,0.01460,0.01091,0.01111,0.01262,0.11086,0.02315
0.05277,0.04159,0.02548,0.02361,0.11316,0.03080,0.13229,0.02029,0.09069,0.02058,0.23832,0.03301,0.02612,0.02167,0.01678,0.01726,0.01617,0.01903,0.01850,0.04186
0.15480,0.01281,0.01564,0.20080,0.04352,0.02476,0.14458,0.03575,0.08945,0.04901,0.04494,0.01948,0.01374,0.01753,0.02159,0.01499,0.01255,0.01475,0.05201,0.01729
0.25155,0.02903,0.01943,0.01951,0.05665,0.02296,0.06055,0.02096,0.11920,0.03131,0.12406,0.02223,0.02700,0.03469,0.02924,0.02090,0.02437,0.03124,0.02825,0.02688
0.19535,0.01627,0.01728,0.01343,0.07799,0.01824,0.11491,0.01376,0.16109,0.03130,0.19946,0.01600,0.01357,0.01556,0.00839,0.01229,0.01238,0.01394,0.02825,0.02054
0.14979,0.01165,0.03006,0.02534,0.13182,0.19137,0.16455,0.02644,0.05510,0.01697,0.05928,0.01192,0.01131,0.01179,0.02717,0.01944,0.01041,0.01087,0.01827,0.01645
0.10810,0.03498,0.02256,0.03376,0.09500,0.02596,0.14221,0.02451,0.12839,0.03019,0.11295,0.02850,0.02209,0.02615,0.02253,0.01925,0.02630,0.03155,0.03358,0.03143
0.15647,0.01566,0.02284,0.01625,0.10439,0.02318,0.12667,0.01616,0.23433,0.02069,0.11240,0.01610,0.01606,0.01747,0.01091,0.01606,0.02022,0.01491,0.01944,0.01978
0.11005,0.02988,0.10689,0.02698,0.12468,0.06401,0.10761,0.02979,0.07944,0.02263,0.07395,0.03318,0.03165,0.02470,0.01854,0.02224,0.01923,0.01889,0.01786,0.03782
0.32398,0.01644,0.01555,0.02356,0.05875,0.01660,0.11182,0.01955,0.12533,0.03413,0.07452,0.02633,0.02302,0.01640,0.01249,0.01187,0.01479,0.01494,0.02800,0.03192
0.10525,0.01689,0.03087,0.03863,0.18855,0.05693,0.14949,0.04052,0.07247,0.03155,0.08462,0.02538,0.01703,0.02070,0.01983,0.01864,0.01452,0.01538,0.02643,0.02631
0.21246,0.01097,0.01293,0.03389,0.12876,0.01134,0.05690,0.01350,0.04382,0.01550,0.28900,0.01324,0.00987,0.01057,0.08124,0.00907,0.00865,0.00808,0.01531,0.01492
0.19618,0.01979,0.01036,0.02673,0.05080,0.02293,0.03115,0.01813,0.02634,0.15349,0.18701,0.02669,0.02098,0.01811,0.02610,0.01349,0.01282,0.01359,0.09819,0.02712
0.05594,0.02540,0.02749,0.11318,0.13156,0.03817,0.07205,0.04447,0.04332,0.03472,0.12365,0.03758,0.02844,0.02716,0.06398,0.02105,0.02348,0.01898,0.03118,0.03819
0.18296,0.01797,0.02582,0.02251,0.18851,0.04904,0.05602,0.02057,0.03838,0.01649,0.22903,0.02232,0.01643,0.01400,0.01477,0.01692,0.01274,0.01432,0.01542,0.02579
0.05536,0.02271,0.05760,0.02661,0.19479,0.04933,0.13770,0.02836,0.07907,0.01689,0.14552,0.02011,0.01795,0.01952,0.02495,0.02127,0.01823,0.01967,0.01798,0.02636
0.07898,0.01784,0.04225,0.01798,0.07575,0.03793,0.26053,0.01967,0.24884,0.01869,0.05256,0.01398,0.01264,0.01512,0.01166,0.01539,0.01368,0.01412,0.01802,0.01434
0.19565,0.01610,0.01325,0.02468,0.05082,0.02173,0.19457,0.02335,0.14686,0.01425,0.14832,0.01840,0.01484,0.01620,0.02682,0.01389,0.01156,0.01389,0.01443,0.02038
0.08752,0.01887,0.01440,0.02638,0.07963,0.01525,0.06767,0.01598,0.07631,0.02630,0.26501,0.02427,0.01544,0.01616,0.15600,0.01246,0.01269,0.01384,0.02928,0.02656
0.07413,0.05817,0.07863,0.03145,0.07931,0.02438,0.09946,0.02558,0.19377,0.02394,0.07111,0.03884,0.03723,0.03307,0.00942,0.01361,0.02506,0.02595,0.01936,0.03752
0.07026,0.03145,0.03760,0.02072,0.10842,0.04957,0.05241,0.02271,0.03711,0.03113,0.05632,0.02107,0.02344,0.01907,0.29698,0.01919,0.01761,0.02535,0.03315,0.02645
0.14485,0.02019,0.03346,0.02287,0.09274,0.02310,0.18244,0.01925,0.19910,0.01817,0.05143,0.03004,0.02098,0.02038,0.01857,0.01452,0.01552,0.01741,0.01724,0.03774
0.17814,0.01393,0.03529,0.05218,0.07022,0.03079,0.10365,0.02922,0.06374,0.02205,0.04452,0.01784,0.01491,0.01866,0.21303,0.01589,0.01553,0.01606,0.02167,0.02269
0.34012,0.02360,0.01372,0.01990,0.04331,0.01542,0.05480,0.01712,0.07076,0.08484,0.09982,0.01914,0.02009,0.02009,0.01534,0.01311,0.01679,0.01369,0.07628,0.02205
0.21496,0.01704,0.01550,0.02992,0.04022,0.01566,0.11375,0.01977,0.26309,0.02398,0.06785,0.02638,0.02280,0.01740,0.01490,0.01216,0.01273,0.01384,0.02425,0.03380
0.19847,0.03172,0.02185,0.02096,0.11750,0.02311,0.10160,0.01732,0.13180,0.02803,0.14017,0.01970,0.02041,0.02038,0.01330,0.01293,0.01571,0.01802,0.02312,0.02388
0.14084,0.01578,0.03031,0.02374,0.19558,0.01374,0.13551,0.01603,0.12220,0.01660,0.15724,0.01776,0.01550,0.01175,0.01384,0.01114,0.01053,0.01313,0.01688,0.02192
0.16550,0.01372,0.01419,0.01925,0.08532,0.02281,0.07898,0.01554,0.05970,0.02701,0.31085,0.01587,0.01306,0.01486,0.05724,0.01283,0.01415,0.01455,0.02686,0.01771
0.22296,0.02169,0.01363,0.02127,0.04347,0.01591,0.04829,0.01613,0.05025,0.01624,0.06907,0.02644,0.03245,0.02088,0.27525,0.01888,0.01883,0.01919,0.01655,0.03264
0.11832,0.01493,0.02656,0.01504,0.13971,0.04537,0.27384,0.01779,0.11182,0.01457,0.10302,0.01227,0.01176,0.01378,0.01298,0.01297,0.01067,0.01179,0.01524,0.01757
0.15919,0.03290,0.04942,0.03193,0.14427,0.04591,0.11082,0.02861,0.06309,0.02590,0.07411,0.04078,0.02718,0.02764,0.01597,0.01970,0.01780,0.01716,0.02284,0.04481
0.10755,0.02269,0.02365,0.02956,0.09967,0.04649,0.11948,0.03182,0.06819,0.07584,0.09316,0.02482,0.02182,0.02241,0.03422,0.01990,0.02814,0.02215,0.07176,0.03667
0.13856,0.01383,0.01063,0.01955,0.06522,0.01698,0.08953,0.01670,0.23589,0.01374,0.25206,0.01658,0.01385,0.01385,0.01225,0.01159,0.01341,0.01275,0.01425,0.01876
0.08827,0.01287,0.02656,0.03232,0.12131,0.15861,0.06434,0.02571,0.02894,0.06583,0.08576,0.01732,0.01373,0.01414,0.10818,0.02151,0.01263,0.01411,0.06762,0.02022
0.09736,0.02433,0.01250,0.04202,0.04941,0.01471,0.15531,0.01955,0.20581,0.03833,0.10855,0.03648,0.02393,0.02332,0.03635,0.01172,0.01380,0.01910,0.03052,0.03687
0.29352,0.01862,0.02044,0.06477,0.05003,0.02346,0.04724,0.02424,0.03265,0.04997,0.04284,0.02098,0.01991,0.01532,0.16636,0.01292,0.01305,0.01453,0.04106,0.02811
0.06388,0.01376,0.01036,0.02903,0.04703,0.02028,0.11934,0.02177,0.11458,0.02249,0.36705,0.01983,0.01741,0.01800,0.03295,0.01538,0.01182,0.01402,0.02187,0.01914
0.17995,0.01531,0.03051,0.02378,0.08305,0.03620,0.05718,0.02379,0.04500,0.10288,0.06638,0.01673,0.01647,0.01615,0.03681,0.02026,0.01759,0.01665,0.17633,0.01900
0.06976,0.01835,0.03703,0.06173,0.10669,0.01194,0.12979,0.02146,0.15219,0.01400,0.13892,0.06952,0.03161,0.02008,0.01177,0.01030,0.01152,0.01465,0.01346,0.05521
0.07837,0.02063,0.04785,0.02653,0.12770,0.10468,0.21863,0.03135,0.08271,0.02108,0.06846,0.01875,0.02036,0.01584,0.01891,0.02440,0.01299,0.01388,0.02183,0.02505
0.20602,0.01332,0.01648,0.04133,0.06080,0.01657,0.12557,0.02258,0.14602,0.02586,0.16489,0.01905,0.01577,0.01602,0.01879,0.01576,0.01245,0.01532,0.02932,0.01807
0.10717,0.01178,0.02174,0.01821,0.07293,0.01678,0.04031,0.01232,0.03385,0.28567,0.06084,0.01607,0.01382,0.01029,0.00806,0.01159,0.00994,0.01208,0.21704,0.01951
0.15683,0.01599,0.02239,0.01444,0.08106,0.01602,0.11409,0.01296,0.33529,0.01509,0.08155,0.01681,0.01631,0.01578,0.01420,0.01263,0.01203,0.01385,0.01316,0.01953
0.18155,0.01069,0.01016,0.01879,0.05604,0.01966,0.03711,0.01500,0.02780,0.10981,0.23540,0.01239,0.01211,0.01256,0.01694,0.01179,0.00910,0.01020,0.17876,0.01414
0.12566,0.01798,0.03320,0.05267,0.10800,0.02398,0.12816,0.03121,0.10764,0.03579,0.10063,0.03004,0.02747,0.02296,0.01620,0.01988,0.02128,0.02417,0.03739,0.03567
0.17261,0.01417,0.01167,0.04261,0.06196,0.02004,0.08726,0.02893,0.09526,0.03520,0.21437,0.03360,0.02403,0.02168,0.02465,0.01541,0.01578,0.01450,0.02956,0.03672
0.07836,0.02111,0.02006,0.01577,0.11344,0.02936,0.12386,0.01782,0.10498,0.01602,0.31988,0.01852,0.01426,0.01671,0.01403,0.01789,0.01236,0.01219,0.01622,0.01716
0.22465,0.01383,0.02886,0.03452,0.08129,0.02480,0.18396,0.02367,0.15332,0.01668,0.05629,0.02010,0.01596,0.01951,0.01639,0.01713,0.01358,0.01969,0.01631,0.01946
0.15043,0.01187,0.01304,0.02753,0.13115,0.02701,0.04840,0.01746,0.03157,0.02817,0.16398,0.01561,0.01350,0.01285,0.22961,0.01101,0.01109,0.01215,0.02600,0.01758
0.17414,0.02701,0.01347,0.02801,0.05497,0.03756,0.17835,0.02882,0.15370,0.03207,0.07746,0.02475,0.01382,0.01994,0.01804,0.01462,0.01864,0.01877,0.03222,0.03364
0.09632,0.01263,0.01268,0.02681,0.12621,0.01822,0.04545,0.01695,0.03945,0.06589,0.35822,0.01424,0.01405,0.01539,0.02510,0.01374,0.01127,0.01142,0.05507,0.02090
0.04196,0.01600,0.02736,0.01934,0.15890,0.03497,0.15849,0.02222,0.16292,0.02631,0.14169,0.02738,0.02069,0.01599,0.01450,0.02395,0.01366,0.01687,0.02451,0.03227
0.12502,0.01980,0.03997,0.04276,0.11012,0.06252,0.13422,0.03732,0.10494,0.02644,0.08768,0.02149,0.02008,0.01897,0.02894,0.02369,0.01772,0.02246,0.02857,0.02730
0.14788,0.01670,0.01850,0.02340,0.11911,0.04379,0.15236,0.01835,0.10019,0.03366,0.12422,0.01548,0.01515,0.01925,0.04837,0.02147,0.01537,0.01599,0.03473,0.01603
0.14851,0.01453,0.03416,0.02713,0.08725,0.13644,0.05324,0.01943,0.02894,0.14329,0.03754,0.02356,0.01741,0.01659,0.02815,0.01667,0.01204,0.01882,0.11241,0.02391
0.13667,0.02231,0.02299,0.05383,0.11105,0.01940,0.09235,0.02348,0.05770,0.06007,0.14291,0.03375,0.02587,0.02324,0.04218,0.01474,0.01435,0.01598,0.05071,0.03642
0.10247,0.01771,0.02355,0.04592,0.08157,0.01940,0.13171,0.03268,0.19547,0.01195,0.12152,0.03212,0.03286,0.02408,0.01902,0.01692,0.01608,0.02117,0.01115,0.04265
0.23627,0.03240,0.03925,0.01952,0.09117,0.03031,0.09990,0.01946,0.11769,0.04252,0.06848,0.02443,0.02612,0.02300,0.01063,0.02102,0.01450,0.02344,0.02889,0.03098
0.15599,0.01540,0.01912,0.01756,0.09083,0.02284,0.16387,0.01568,0.26174,0.01211,0.08976,0.01802,0.01694,0.01670,0.00908,0.01297,0.01070,0.01573,0.01154,0.02343
0.11927,0.02024,0.10131,0.04636,0.11923,0.03033,0.13830,0.02780,0.10918,0.03996,0.04970,0.02788,0.01979,0.01689,0.01421,0.01623,0.01639,0.01537,0.03573,0.03582
0.12522,0.01722,0.03843,0.02231,0.07629,0.01756,0.12726,0.02162,0.29528,0.01935,0.05847,0.02577,0.02300,0.01864,0.01673,0.01587,0.01552,0.01375,0.01802,0.03368
0.23621,0.02216,0.08603,0.03171,0.11235,0.03732,0.09315,0.02609,0.05262,0.01732,0.04526,0.02145,0.01931,0.02293,0.07484,0.01843,0.01649,0.01878,0.01594,0.03161
0.13865,0.01197,0.01408,0.03177,0.08352,0.01962,0.04896,0.02030,0.03752,0.11768,0.17450,0.01760,0.01730,0.01285,0.01735,0.01342,0.01095,0.01302,0.18127,0.01766
0.14013,0.01595,0.01519,0.03733,0.09347,0.05212,0.08271,0.02804,0.04641,0.08983,0.13098,0.03755,0.02662,0.02103,0.02905,0.01672,0.00922,0.01671,0.05610,0.05485
0.05461,0.01486,0.03222,0.01332,0.14104,0.02619,0.14423,0.01404,0.27676,0.01763,0.12799,0.01322,0.01308,0.01604,0.01780,0.01635,0.01330,0.01396,0.01614,0.01720
