0.03308,0.03224,0.04788,0.12511,0.12655,0.10618,0.16725,0.17818,0.09240,0.09111
0.03220,0.02820,0.07565,0.07295,0.07538,0.11046,0.20992,0.18650,0.09857,0.11017
0.03825,0.03545,0.07651,0.09161,0.09510,0.06561,0.21976,0.13886,0.06309,0.17576
0.02767,0.02552,0.07002,0.12092,0.12421,0.13858,0.14165,0.10286,0.14523,0.10334
0.03736,0.03239,0.10780,0.06615,0.06769,0.14392,0.16693,0.10838,0.14651,0.12286
0.02436,0.02407,0.08114,0.08183,0.08417,0.10014,0.22606,0.18855,0.09301,0.09666
0.02942,0.03177,0.11127,0.08826,0.09430,0.04838,0.25211,0.19814,0.04500,0.10135
0.02151,0.02037,0.05704,0.15931,0.16287,0.08138,0.18089,0.14508,0.07949,0.09206
0.04337,0.04865,0.04731,0.07506,0.08455,0.09657,0.19452,0.13861,0.09321,0.17815
0.03614,0.03744,0.13626,0.10665,0.10376,0.08184,0.16095,0.13666,0.07826,0.12203
0.02440,0.02375,0.06153,0.10773,0.10900,0.08736,0.21402,0.15908,0.08524,0.12789
0.02140,0.02146,0.08321,0.09802,0.09781,0.05369,0.26018,0.14586,0.05558,0.16278
0.03462,0.03557,0.09575,0.12992,0.13484,0.05736,0.19648,0.14326,0.05797,0.11422
0.03503,0.03286,0.10133,0.13614,0.13919,0.06269,0.19015,0.12115,0.05772,0.12374
0.03762,0.03831,0.07980,0.08446,0.08719,0.08633,0.20827,0.11685,0.08849,0.17266
0.03118,0.03114,0.08425,0.09459,0.09943,0.09316,0.20785,0.18333,0.09055,0.08451
0.03641,0.03730,0.11627,0.08549,0.08438,0.12184,0.14819,0.11794,0.12057,0.13162
0.03051,0.02898,0.08786,0.09282,0.09376,0.09126,0.21403,0.13277,0.08939,0.13863
0.03814,0.04352,0.08110,0.15616,0.15848,0.11295,0.10386,0.08332,0.11476,0.10769
0.03104,0.03322,0.12974,0.06804,0.07461,0.14905,0.14329,0.11545,0.15033,0.10521
0.02867,0.02285,0.05751,0.17737,0.17814,0.10513,0.13589,0.10347,0.10585,0.08512
0.04330,0.04280,0.10356,0.09611,0.10182,0.12377,0.13230,0.13812,0.12167,0.09654
0.03437,0.03719,0.08711,0.10938,0.11319,0.06940,0.20611,0.09723,0.06654,0.17949
0.02669,0.02618,0.09531,0.10330,0.10423,0.09192,0.17104,0.12841,0.08920,0.16371
0.02947,0.02550,0.07187,0.10683,0.10934,0.12374,0.16404,0.10907,0.12321,0.13693
0.02841,0.02896,0.06867,0.12863,0.13184,0.10579,0.17478,0.12838,0.10516,0.09937
0.02701,0.02680,0.06201,0.10936,0.11166,0.09272,0.21353,0.12612,0.09536,0.13544
0.01882,0.01656,0.08504,0.10739,0.10830,0.04365,0.27075,0.15078,0.04308,0.15562
0.02687,0.02699,0.13878,0.10579,0.10593,0.10718,0.15591,0.11409,0.10822,0.11023
0.04355,0.04275,0.10567,0.08837,0.09562,0.09993,0.17714,0.12338,0.09602,0.12757
0.01391,0.01274,0.05757,0.14252,0.14314,0.07308,0.22291,0.10928,0.06840,0.15644
0.05472,0.05776,0.09620,0.05299,0.06160,0.12515,0.15672,0.16166,0.12857,0.10463
0.03515,0.03051,0.06942,0.08693,0.09046,0.08887,0.22518,0.13536,0.08774,0.15039
0.02724,0.02989,0.12935,0.13431,0.13268,0.06321,0.17988,0.11544,0.06182,0.12615
0.02964,0.02974,0.10991,0.11459,0.11430,0.11178,0.14693,0.13430,0.11404,0.09478
0.02901,0.02825,0.07349,0.07042,0.07225,0.11793,0.21496,0.15671,0.11256,0.12443
0.03913,0.03662,0.09699,0.09692,0.10393,0.12287,0.15261,0.09751,0.12912,0.12429
0.04687,0.04608,0.05828,0.08742,0.08938,0.11236,0.16769,0.16150,0.10797,0.12244
0.02013,0.01995,0.05793,0.12545,0.12504,0.07534,0.23046,0.09305,0.07200,0.18065
0.02670,0.02413,0.11719,0.09823,0.09723,0.06859,0.22910,0.14053,0.06661,0.13170
0.03891,0.03432,0.05476,0.06474,0.06815,0.09739,0.23836,0.11338,0.09752,0.19247
0.03130,0.03181,0.11034,0.15634,0.15891,0.07119,0.15620,0.08018,0.07224,0.13149
0.02730,0.02753,0.10967,0.11481,0.11852,0.06942,0.20501,0.12506,0.06859,0.13408
0.02402,0.02047,0.04600,0.07378,0.07277,0.13085,0.21593,0.18917,0.11997,0.10704
0.03013,0.02869,0.11333,0.10227,0.10520,0.06559,0.20940,0.11039,0.06678,0.16821
0.02359,0.02154,0.05266,0.14502,0.14510,0.08375,0.19414,0.11775,0.07920,0.13724
0.03608,0.03249,0.08715,0.06706,0.07695,0.08014,0.23802,0.13610,0.07692,0.16909
0.02838,0.02891,0.07764,0.07858,0.07963,0.09482,0.21544,0.07939,0.10129,0.21591
0.02855,0.03030,0.07083,0.08617,0.08665,0.07161,0.24146,0.16415,0.07097,0.14931
0.03076,0.03157,0.08355,0.08265,0.08548,0.09390,0.21247,0.15371,0.09183,0.13409
0.02102,0.02124,0.15266,0.05392,0.05504,0.04891,0.28029,0.24982,0.04568,0.07141
0.03489,0.03317,0.12908,0.08605,0.08833,0.10999,0.16167,0.15099,0.10888,0.09695
0.02572,0.02322,0.07103,0.06751,0.07304,0.08102,0.25761,0.11745,0.08310,0.20030
0.03463,0.03439,0.10981,0.07808,0.08161,0.09811,0.19797,0.13017,0.09266,0.14258
0.02127,0.02191,0.14197,0.11714,0.11711,0.10654,0.15593,0.07597,0.10626,0.13588
0.02550,0.02419,0.05842,0.14741,0.14985,0.05532,0.20947,0.10197,0.05677,0.17109
0.03318,0.03325,0.07250,0.12741,0.13225,0.09776,0.16756,0.12286,0.09536,0.11788
0.02889,0.02818,0.10909,0.05094,0.05234,0.12663,0.20151,0.09043,0.13233,0.17967
0.02474,0.02189,0.25837,0.05113,0.05222,0.10820,0.15705,0.13609,0.09739,0.09291
0.04078,0.04230,0.03895,0.11679,0.12124,0.05979,0.21937,0.14333,0.05621,0.16124
0.03459,0.03205,0.09155,0.09525,0.09540,0.08512,0.21021,0.16745,0.07630,0.11206
0.04791,0.05039,0.08836,0.08197,0.08761,0.08174,0.18853,0.14938,0.08073,0.14339
0.03973,0.03807,0.09481,0.09268,0.09440,0.13989,0.14274,0.11203,0.13912,0.10653
0.03129,0.03399,0.11164,0.11950,0.12036,0.09582,0.16790,0.12031,0.09497,0.10422
0.02913,0.02986,0.08996,0.14905,0.15051,0.10329,0.13049,0.09359,0.10282,0.12129
0.04135,0.03993,0.12320,0.09669,0.09571,0.07694,0.19128,0.13478,0.07560,0.12451
0.02322,0.02253,0.05535,0.10978,0.11326,0.06735,0.24657,0.11273,0.06893,0.18027
0.03286,0.03352,0.10619,0.10843,0.10972,0.09731,0.16338,0.12100,0.09712,0.13048
0.04409,0.04528,0.21695,0.09555,0.10155,0.08863,0.12406,0.11526,0.09002,0.07861
0.05073,0.05130,0.04456,0.11842,0.11623,0.07878,0.18882,0.12759,0.07498,0.14861
0.02938,0.02980,0.11283,0.12327,0.11878,0.10608,0.16010,0.15843,0.10426,0.05709
0.02431,0.02447,0.07067,0.08805,0.09076,0.10497,0.21898,0.21521,0.09576,0.06682
0.01748,0.01581,0.09564,0.21110,0.21418,0.05175,0.15047,0.08019,0.05193,0.11145
0.04395,0.04276,0.13153,0.14069,0.14015,0.09648,0.12511,0.11881,0.09926,0.06125
0.03378,0.03422,0.09941,0.09632,0.10187,0.10035,0.18354,0.13950,0.09914,0.11188
0.04565,0.04592,0.12025,0.09794,0.10546,0.07705,0.17653,0.12316,0.07417,0.13386
0.02349,0.02129,0.08629,0.08897,0.09420,0.05605,0.26077,0.16990,0.05577,0.14329
0.05230,0.05457,0.08006,0.09986,0.10513,0.08313,0.16526,0.13830,0.08286,0.13853
0.02541,0.02508,0.07593,0.05568,0.05583,0.10416,0.23883,0.13002,0.10350,0.18556
0.03348,0.03640,0.10417,0.08849,0.09136,0.07479,0.20899,0.11695,0.07481,0.17055
0.02805,0.02573,0.04519,0.05649,0.06366,0.09473,0.26563,0.21886,0.08724,0.11441
0.03622,0.03891,0.15332,0.09723,0.09848,0.07216,0.17773,0.09028,0.06867,0.16700
0.03100,0.02791,0.07459,0.08319,0.08322,0.16931,0.13068,0.11182,0.17338,0.11490
0.01822,0.01742,0.31401,0.07166,0.07273,0.06916,0.16524,0.08521,0.06841,0.11794
0.04071,0.03756,0.10367,0.10029,0.10692,0.13134,0.14666,0.12154,0.13030,0.08102
0.02559,0.02270,0.05534,0.13123,0.12972,0.08383,0.20595,0.14167,0.08005,0.12393
0.02927,0.02802,0.09740,0.10856,0.10246,0.10277,0.18725,0.10910,0.09880,0.13637
0.02936,0.02899,0.12708,0.10530,0.10632,0.06709,0.20520,0.14937,0.06430,0.11697
0.03715,0.03602,0.14084,0.12086,0.12447,0.11551,0.11518,0.10945,0.11436,0.08616
0.04938,0.05442,0.13366,0.10146,0.10884,0.06087,0.17212,0.16006,0.05925,0.09994
0.03532,0.03423,0.13064,0.07564,0.07852,0.14900,0.13624,0.11659,0.14886,0.09494
0.02928,0.02816,0.14945,0.14869,0.15334,0.07052,0.14811,0.13158,0.06870,0.07217
0.02952,0.03009,0.10314,0.10133,0.10113,0.06427,0.22305,0.18171,0.06212,0.10365
0.07756,0.07729,0.08975,0.04582,0.05539,0.10767,0.15793,0.15501,0.10599,0.12760
0.06727,0.06767,0.16100,0.08822,0.09372,0.07236,0.14566,0.13535,0.07558,0.09316
0.02918,0.02913,0.07810,0.08824,0.09000,0.10505,0.21397,0.13165,0.10362,0.13106
0.02897,0.02752,0.10784,0.10747,0.10722,0.07372,0.20855,0.12921,0.06986,0.13965
0.03174,0.03333,0.09259,0.08291,0.08873,0.11905,0.16189,0.14899,0.11711,0.12367
0.04549,0.04282,0.22024,0.06694,0.07195,0.10020,0.13958,0.11708,0.10136,0.09435
0.03343,0.03222,0.10967,0.10756,0.10949,0.08507,0.18529,0.14761,0.08531,0.10434
0.01539,0.01454,0.14545,0.08415,0.08805,0.05406,0.25351,0.12995,0.05135,0.16356
0.03330,0.03547,0.06394,0.14174,0.14450,0.06524,0.19594,0.15565,0.06616,0.09806
0.03219,0.03309,0.12532,0.07356,0.07386,0.08221,0.21332,0.13687,0.08235,0.14721
0.02488,0.02372,0.08476,0.10918,0.10987,0.09168,0.19911,0.11488,0.08677,0.15514
0.03655,0.03230,0.08548,0.07281,0.07984,0.15103,0.15012,0.15105,0.15410,0.08673
0.02068,0.02024,0.22445,0.08331,0.08429,0.07444,0.18826,0.05911,0.07561,0.16963
0.03023,0.02809,0.09127,0.08631,0.08726,0.16567,0.10555,0.13879,0.15602,0.11082
0.04624,0.04822,0.09266,0.13715,0.13982,0.07932,0.13472,0.09947,0.08452,0.13788
0.03182,0.02776,0.08111,0.06315,0.06864,0.08126,0.25536,0.17019,0.07931,0.14139
0.03192,0.03137,0.06946,0.13481,0.13582,0.06012,0.20043,0.14553,0.06070,0.12983
0.02641,0.02646,0.10500,0.11575,0.11544,0.10479,0.16677,0.12955,0.10492,0.10491
0.03492,0.03750,0.10638,0.09383,0.09233,0.06791,0.21008,0.15973,0.06111,0.13620
0.03852,0.04135,0.13249,0.13728,0.13690,0.08572,0.12998,0.09472,0.08715,0.11589
0.03993,0.04247,0.15662,0.06080,0.06428,0.08885,0.19215,0.15698,0.08773,0.11018
0.02057,0.02228,0.13634,0.06182,0.06367,0.08216,0.24183,0.14945,0.07577,0.14610
0.03938,0.03836,0.06572,0.06766,0.07351,0.11993,0.18709,0.12354,0.12078,0.16405
0.03890,0.03740,0.08739,0.07185,0.07352,0.09353,0.20901,0.13088,0.09527,0.16225
0.02620,0.02581,0.07651,0.08268,0.08498,0.06838,0.24870,0.21340,0.06319,0.11015
0.03965,0.04331,0.05971,0.14868,0.14964,0.08672,0.13421,0.10462,0.08501,0.14844
0.02486,0.02654,0.09203,0.07365,0.07363,0.05944,0.25922,0.23025,0.05743,0.10295
0.03026,0.02995,0.10209,0.10694,0.11215,0.13847,0.13588,0.11446,0.14133,0.08848
0.03461,0.03472,0.10886,0.09473,0.10276,0.10009,0.17888,0.12657,0.09984,0.11895
0.03472,0.03284,0.12068,0.10982,0.11459,0.10916,0.14790,0.10963,0.10952,0.11114
0.02063,0.02033,0.06075,0.04970,0.04987,0.07881,0.29160,0.11488,0.07642,0.23701
0.03177,0.03212,0.08822,0.08379,0.08793,0.10604,0.19366,0.12299,0.10730,0.14617
0.02843,0.02795,0.10984,0.08060,0.08162,0.11367,0.19397,0.11460,0.10956,0.13976
0.03692,0.03513,0.17902,0.13600,0.14140,0.06425,0.14149,0.12058,0.06368,0.08152
0.02924,0.02772,0.11247,0.10464,0.11613,0.09373,0.18206,0.15422,0.09145,0.08834
0.02468,0.02257,0.12167,0.07070,0.07095,0.09697,0.22066,0.11602,0.09854,0.15724
0.03059,0.02916,0.08092,0.05976,0.06482,0.09409,0.24365,0.16880,0.09394,0.13428
0.03071,0.03023,0.10236,0.14664,0.15084,0.09978,0.13115,0.10178,0.10280,0.10370
0.02359,0.02494,0.12099,0.15428,0.15852,0.05456,0.17974,0.08511,0.05493,0.14333
0.02019,0.01785,0.14241,0.07563,0.08067,0.06414,0.24308,0.10911,0.06062,0.18629
0.03432,0.02822,0.05459,0.19538,0.19504,0.11481,0.10300,0.10716,0.10747,0.06002
0.02967,0.02978,0.28372,0.05051,0.05880,0.07086,0.17247,0.14076,0.06786,0.09558
0.01811,0.01753,0.04503,0.05268,0.05558,0.08322,0.28442,0.18514,0.07938,0.17894
0.02680,0.02667,0.06914,0.06176,0.06903,0.09680,0.23965,0.13101,0.09362,0.18553
0.03478,0.03541,0.08341,0.08569,0.08649,0.09055,0.21798,0.10729,0.09035,0.16805
0.05882,0.05429,0.09657,0.08419,0.09649,0.12298,0.14887,0.10483,0.12289,0.11007
0.03214,0.03176,0.08000,0.07595,0.07603,0.10456,0.21008,0.12330,0.10127,0.16492
0.04598,0.04267,0.11549,0.04901,0.05280,0.09599,0.21538,0.17333,0.09119,0.11814
0.01878,0.01798,0.10610,0.10753,0.11027,0.05093,0.24767,0.09719,0.04902,0.19451
0.03516,0.03479,0.15515,0.11427,0.11708,0.08109,0.16080,0.06940,0.08593,0.14633
0.03370,0.03132,0.18818,0.09753,0.10084,0.09688,0.14711,0.08918,0.09723,0.11803
0.02253,0.02303,0.07468,0.07462,0.07616,0.07938,0.25260,0.20603,0.07316,0.11780
0.02311,0.02313,0.08150,0.09254,0.09646,0.13208,0.16423,0.13716,0.13300,0.11678
0.02593,0.02919,0.07539,0.07076,0.06786,0.13911,0.18826,0.12102,0.13176,0.15072
0.01585,0.01659,0.07267,0.13783,0.14280,0.04441,0.23981,0.17509,0.04341,0.11154
0.03006,0.02905,0.06078,0.11478,0.11628,0.10142,0.18368,0.10162,0.10428,0.15804
0.03969,0.04283,0.08929,0.10765,0.10951,0.07172,0.18111,0.09610,0.07314,0.18895
0.03076,0.02844,0.08035,0.11217,0.10960,0.17537,0.10662,0.08658,0.17436,0.09575
0.03205,0.03288,0.10590,0.11850,0.12255,0.07089,0.18290,0.12829,0.07117,0.13488
0.04645,0.04577,0.12013,0.11594,0.12346,0.06729,0.17145,0.14059,0.06680,0.10211
0.02344,0.02272,0.07571,0.08552,0.08669,0.09815,0.22425,0.13450,0.09488,0.15414
0.02735,0.02726,0.09226,0.15047,0.15132,0.08598,0.15754,0.14912,0.08185,0.07685
0.02192,0.02392,0.06416,0.17086,0.17022,0.09233,0.15613,0.07706,0.09265,0.13073
0.02100,0.02141,0.19270,0.10084,0.10580,0.13670,0.11765,0.09949,0.14156,0.06284
0.04075,0.04212,0.04126,0.08943,0.09767,0.11790,0.16824,0.13159,0.11581,0.15524
0.02081,0.02066,0.04266,0.19366,0.19356,0.06166,0.17872,0.16302,0.05849,0.06676
0.03554,0.03618,0.12741,0.09898,0.10159,0.06218,0.20632,0.09958,0.06184,0.17038
0.02127,0.02261,0.09990,0.14174,0.14411,0.07663,0.18652,0.14459,0.07339,0.08924
0.03091,0.03071,0.10573,0.10880,0.10074,0.05914,0.21456,0.13084,0.06094,0.15763
0.03080,0.03111,0.18050,0.08089,0.08537,0.08956,0.16311,0.13084,0.08758,0.12025
0.03069,0.03180,0.10269,0.10392,0.10617,0.16213,0.11054,0.10445,0.16734,0.08028
0.04192,0.04060,0.11906,0.10536,0.10493,0.08387,0.15735,0.11968,0.08579,0.14145
0.04715,0.04666,0.04802,0.11061,0.11099,0.09985,0.16931,0.11079,0.10147,0.15515
0.04048,0.04120,0.12152,0.13690,0.13518,0.08940,0.13400,0.10553,0.08801,0.10776
0.02504,0.02308,0.05953,0.12018,0.11608,0.09939,0.19749,0.13599,0.09798,0.12524
0.03693,0.03884,0.06411,0.08762,0.08919,0.08010,0.20945,0.14129,0.07417,0.17832
0.03001,0.02595,0.03990,0.11708,0.11674,0.08378,0.22577,0.15151,0.08042,0.12885
0.02594,0.02638,0.08671,0.08743,0.08931,0.12262,0.18450,0.17685,0.11176,0.08850
0.02764,0.02770,0.09061,0.07789,0.07753,0.07328,0.24368,0.13689,0.07034,0.17445
0.02570,0.02414,0.08612,0.06420,0.06504,0.10513,0.21958,0.13091,0.10321,0.17598
0.04228,0.04017,0.09536,0.08327,0.08992,0.09189,0.17446,0.12250,0.09165,0.16850
0.03422,0.03758,0.05889,0.07683,0.07914,0.10305,0.19654,0.16360,0.09854,0.15161
0.03147,0.03014,0.11747,0.05388,0.05747,0.11091,0.20844,0.18775,0.09904,0.10343
0.03191,0.03227,0.12299,0.13698,0.14357,0.13023,0.09072,0.09441,0.12872,0.08821
0.02715,0.02625,0.06354,0.09238,0.09500,0.16618,0.14001,0.12178,0.16859,0.09913
0.03382,0.03748,0.06406,0.12014,0.12199,0.08508,0.17492,0.18308,0.08187,0.09757
0.03002,0.03147,0.05254,0.08887,0.09354,0.11304,0.19147,0.15986,0.10655,0.13265
0.06597,0.06956,0.06012,0.12941,0.13424,0.09224,0.11950,0.12856,0.09279,0.10762
0.03658,0.03707,0.10165,0.09614,0.09698,0.09341,0.17263,0.11327,0.09353,0.15873
0.02272,0.02242,0.07095,0.08505,0.08650,0.10652,0.21815,0.15597,0.10441,0.12730
0.02227,0.02121,0.07831,0.07735,0.08090,0.13827,0.18785,0.12565,0.13732,0.13086
0.03296,0.03344,0.10495,0.06732,0.07127,0.07714,0.22868,0.20347,0.07256,0.10823
0.02447,0.02393,0.07688,0.08422,0.08721,0.10500,0.22151,0.15892,0.09944,0.11842
0.02409,0.02374,0.09823,0.10516,0.10913,0.06032,0.22883,0.14003,0.05667,0.15380
0.03740,0.03915,0.16460,0.18173,0.18394,0.07229,0.09478,0.06320,0.07532,0.08759
0.03293,0.03377,0.11169,0.12127,0.13081,0.04899,0.20496,0.09795,0.05052,0.16711
0.03584,0.03832,0.03545,0.10883,0.11091,0.10083,0.17747,0.10581,0.10221,0.18432
0.03022,0.02895,0.07580,0.07425,0.08204,0.10896,0.22099,0.13551,0.10777,0.13550
0.02637,0.02815,0.10200,0.12038,0.12445,0.12195,0.15039,0.10196,0.11843,0.10592
0.02439,0.02338,0.08670,0.10397,0.10496,0.08750,0.19384,0.17552,0.08260,0.11715
0.03627,0.03486,0.09589,0.08317,0.08623,0.10322,0.18952,0.13248,0.10326,0.13509
0.02849,0.02689,0.11344,0.14029,0.13949,0.09340,0.15153,0.11060,0.09531,0.10056
0.03898,0.03940,0.12497,0.12043,0.12406,0.07608,0.16353,0.12653,0.07827,0.10776
0.04918,0.05089,0.09788,0.10441,0.10702,0.08430,0.16529,0.14108,0.08077,0.11918
0.02919,0.02914,0.10239,0.09654,0.10784,0.07912,0.19291,0.11734,0.07913,0.16638
0.03253,0.03173,0.05553,0.06545,0.06943,0.11833,0.20758,0.17289,0.11372,0.13281
0.02723,0.02511,0.10346,0.08577,0.08765,0.10302,0.20571,0.16425,0.09929,0.09851
0.02569,0.02420,0.07842,0.15285,0.15279,0.11783,0.13724,0.08604,0.12015,0.10479
0.03133,0.03086,0.07338,0.06600,0.06887,0.08691,0.24002,0.16064,0.08497,0.15703
0.01760,0.01657,0.10823,0.09025,0.08997,0.07343,0.23490,0.17493,0.07476,0.11936
0.03040,0.03085,0.06216,0.08443,0.08829,0.15241,0.15788,0.09920,0.15567,0.13871
0.01454,0.01485,0.04375,0.04187,0.04151,0.15543,0.23503,0.24239,0.12812,0.08250
0.03575,0.04101,0.06585,0.15684,0.16057,0.08099,0.14008,0.10674,0.08138,0.13079
0.03633,0.03363,0.05690,0.09241,0.09626,0.08974,0.22291,0.15440,0.08530,0.13211
0.02975,0.02734,0.17243,0.09142,0.09331,0.11940,0.14126,0.08739,0.11662,0.12107
0.02718,0.02778,0.06109,0.08654,0.08860,0.09918,0.21828,0.13099,0.09582,0.16453
0.03912,0.03998,0.15178,0.06856,0.07051,0.09459,0.18337,0.12868,0.09859,0.12482
0.02501,0.02806,0.08910,0.07397,0.08179,0.09165,0.22675,0.18232,0.08502,0.11633
0.03641,0.03415,0.12008,0.08378,0.08521,0.07628,0.21420,0.08186,0.07906,0.18898
0.01871,0.01809,0.06887,0.10569,0.10780,0.06078,0.26063,0.23793,0.05608,0.06542
0.02841,0.02870,0.04763,0.09520,0.09648,0.07264,0.24927,0.12149,0.07316,0.18702
0.02290,0.01978,0.09966,0.11031,0.10995,0.16757,0.12215,0.10605,0.16763,0.07400
0.04973,0.05258,0.10340,0.13597,0.14578,0.06203,0.15091,0.12072,0.06692,0.11196
0.02866,0.02854,0.10031,0.10632,0.10478,0.08000,0.20764,0.16839,0.07149,0.10387
0.02455,0.02589,0.09588,0.14328,0.14394,0.06682,0.19338,0.08773,0.06532,0.15320
0.02729,0.02891,0.12397,0.06398,0.06857,0.12838,0.17287,0.15116,0.12419,0.11068
0.01699,0.01338,0.04229,0.03164,0.03135,0.12418,0.28483,0.15450,0.12350,0.17734
0.02434,0.02517,0.09095,0.11727,0.11943,0.09616,0.18857,0.14000,0.09614,0.10197
0.03037,0.02984,0.07709,0.05325,0.05749,0.07024,0.27301,0.21307,0.06525,0.13038
0.03819,0.03520,0.08595,0.08906,0.09300,0.11466,0.17140,0.15893,0.10910,0.10451
0.03897,0.03769,0.08072,0.16285,0.16765,0.05501,0.17012,0.11353,0.05767,0.11580
0.02389,0.02654,0.04397,0.15615,0.15685,0.05591,0.20820,0.17949,0.05540,0.09362
0.02481,0.02290,0.08422,0.08594,0.08731,0.06930,0.25702,0.16590,0.06521,0.13739
0.02443,0.02471,0.12215,0.06968,0.07008,0.07757,0.24307,0.12617,0.07544,0.16671
0.02097,0.02214,0.14450,0.12968,0.12926,0.05255,0.19679,0.09992,0.05252,0.15167
0.04246,0.04323,0.07461,0.07500,0.07925,0.09800,0.19938,0.12902,0.09519,0.16386
0.02549,0.02610,0.14391,0.13357,0.13652,0.08195,0.16121,0.12243,0.07793,0.09088
0.01795,0.01694,0.23042,0.05797,0.05974,0.09662,0.19404,0.13013,0.09570,0.10050
0.04517,0.04867,0.11477,0.08252,0.08393,0.10960,0.14808,0.12361,0.10864,0.13502
0.02387,0.02398,0.08334,0.08807,0.08603,0.08873,0.23087,0.15770,0.08661,0.13080
0.02069,0.02209,0.16791,0.12681,0.12723,0.09388,0.15032,0.13365,0.09124,0.06617
0.02432,0.02487,0.11826,0.15440,0.15172,0.08302,0.14010,0.09814,0.08818,0.11698
0.03279,0.03364,0.07561,0.11330,0.11180,0.08427,0.18963,0.12906,0.08498,0.14493
0.01991,0.01951,0.19850,0.04853,0.05116,0.13714,0.16585,0.09101,0.14170,0.12668
0.02835,0.03044,0.19785,0.06914,0.07437,0.06645,0.20049,0.11963,0.06437,0.14891
0.03325,0.03245,0.07348,0.15755,0.15878,0.09212,0.15289,0.09678,0.09194,0.11076
0.03181,0.03251,0.08488,0.09350,0.09042,0.06216,0.22177,0.15932,0.06232,0.16133
0.02080,0.02073,0.09812,0.16698,0.16701,0.04134,0.19838,0.07220,0.04405,0.17039
0.02784,0.02800,0.07982,0.07127,0.07388,0.09492,0.23473,0.11351,0.09815,0.17787
0.02298,0.02279,0.16179,0.09039,0.08896,0.07860,0.19620,0.10978,0.07780,0.15071
0.03290,0.03324,0.10330,0.15007,0.15274,0.09390,0.12867,0.13124,0.08894,0.08500
0.02151,0.02255,0.08882,0.07450,0.07674,0.05974,0.27087,0.10818,0.05883,0.21825
0.03408,0.03606,0.07333,0.11675,0.11985,0.06924,0.20298,0.13087,0.06690,0.14994
0.01899,0.01861,0.09246,0.03518,0.03773,0.21497,0.15343,0.13601,0.22229,0.07033
0.02497,0.02538,0.12960,0.15910,0.15865,0.05930,0.15892,0.07779,0.06280,0.14349
0.03146,0.03241,0.07431,0.08469,0.08395,0.12110,0.18390,0.14279,0.11324,0.13215
0.03960,0.03903,0.13520,0.12207,0.12566,0.10195,0.12207,0.11927,0.10188,0.09326
0.03619,0.03597,0.11569,0.11683,0.12040,0.07040,0.18349,0.13785,0.06980,0.11341
0.04366,0.04018,0.05047,0.09380,0.09705,0.13239,0.16270,0.10105,0.13510,0.14361
0.03057,0.02919,0.08823,0.15027,0.14816,0.08844,0.16264,0.14422,0.08652,0.07176
0.03603,0.03441,0.08018,0.06438,0.06744,0.12424,0.19401,0.09651,0.12508,0.17772
0.04004,0.04045,0.17343,0.07752,0.08075,0.08271,0.16701,0.15917,0.08265,0.09626
0.03746,0.03625,0.06906,0.14113,0.14349,0.11553,0.12371,0.12162,0.11363,0.09814
0.03688,0.03599,0.09196,0.12795,0.12980,0.06522,0.19686,0.09717,0.06693,0.15124
0.03448,0.03444,0.11476,0.12914,0.13371,0.06559,0.18362,0.11541,0.06717,0.12168
0.03065,0.02880,0.09557,0.09029,0.09373,0.07309,0.20958,0.19210,0.07396,0.11223
0.04483,0.04829,0.07164,0.09254,0.09441,0.07183,0.19657,0.12868,0.07441,0.17680
0.03748,0.03544,0.09026,0.12153,0.12390,0.10950,0.14326,0.11918,0.10989,0.10956
0.02458,0.02336,0.14641,0.08049,0.08009,0.11925,0.17296,0.10851,0.11630,0.12805
0.02192,0.02093,0.11985,0.07649,0.08049,0.05363,0.26367,0.17715,0.05092,0.13496
0.03163,0.02808,0.10087,0.10044,0.09773,0.09428,0.19184,0.15489,0.09252,0.10772
0.03026,0.02746,0.19878,0.05758,0.06008,0.09624,0.17181,0.13756,0.09376,0.12648
0.02075,0.01958,0.08594,0.04065,0.04180,0.08432,0.28889,0.09236,0.08351,0.24219
0.03618,0.03936,0.07585,0.08269,0.08839,0.09643,0.19860,0.14773,0.09529,0.13948
0.04107,0.03479,0.03857,0.13697,0.14088,0.08965,0.18735,0.13784,0.07890,0.11398
0.02691,0.02588,0.07399,0.06944,0.07209,0.06037,0.27907,0.16995,0.05605,0.16626
0.01785,0.01750,0.13408,0.16222,0.16435,0.05234,0.18208,0.10867,0.05052,0.11038
0.03782,0.03913,0.05896,0.10493,0.10450,0.08513,0.18973,0.11695,0.08309,0.17976
0.02941,0.02786,0.09974,0.11482,0.11613,0.08075,0.19545,0.10289,0.07812,0.15484
0.03739,0.04422,0.08518,0.10439,0.10917,0.05584,0.21338,0.10754,0.05656,0.18633
0.03403,0.03274,0.03314,0.09684,0.10037,0.09079,0.22476,0.16716,0.08012,0.14005
0.01508,0.01405,0.04449,0.08280,0.08581,0.05472,0.30819,0.13610,0.05330,0.20546
0.04091,0.03987,0.08779,0.07041,0.07465,0.12444,0.16038,0.17206,0.11053,0.11897
0.03151,0.02987,0.09808,0.09365,0.09013,0.12833,0.16522,0.14692,0.12757,0.08873
0.08458,0.08282,0.05799,0.04996,0.06109,0.10560,0.15655,0.16606,0.11082,0.12453
0.03379,0.03313,0.11266,0.11457,0.12308,0.09690,0.16835,0.11934,0.09485,0.10332
0.04355,0.04107,0.08966,0.11255,0.11350,0.12138,0.13041,0.13112,0.12616,0.09061
0.02742,0.02843,0.10561,0.09507,0.10124,0.09504,0.19749,0.12343,0.09473,0.13153
0.01893,0.01821,0.04199,0.07638,0.07505,0.08924,0.27209,0.22198,0.08457,0.10156
0.03257,0.03053,0.07356,0.06259,0.06552,0.09264,0.24625,0.11651,0.09075,0.18909
0.04874,0.04368,0.09940,0.06834,0.07360,0.12657,0.16412,0.16363,0.12205,0.08987
0.02719,0.02559,0.12057,0.08862,0.09411,0.09260,0.20537,0.07391,0.09134,0.18072
0.03313,0.03502,0.06727,0.09791,0.09931,0.07860,0.21484,0.10153,0.07817,0.19422
0.04795,0.04959,0.15277,0.12722,0.14522,0.09848,0.10799,0.06884,0.10207,0.09989
0.02825,0.02679,0.04380,0.08503,0.08932,0.07732,0.24428,0.22822,0.07610,0.10088
0.05109,0.05505,0.18160,0.08248,0.08858,0.07007,0.13717,0.10923,0.07209,0.15265
0.02421,0.02264,0.08822,0.11305,0.11307,0.12019,0.16584,0.10956,0.12533,0.11788
0.03653,0.03649,0.10133,0.09137,0.09446,0.16317,0.11319,0.10969,0.15904,0.09472
0.03352,0.03095,0.10665,0.07707,0.07712,0.11187,0.19542,0.16101,0.10393,0.10246
0.02477,0.02469,0.06850,0.12802,0.12622,0.06567,0.22562,0.08754,0.06606,0.18291
0.03060,0.02992,0.21322,0.04341,0.04679,0.04660,0.24942,0.12433,0.04459,0.17112
0.02942,0.02939,0.09945,0.09400,0.09649,0.09343,0.20272,0.14094,0.09235,0.12180
0.02439,0.02332,0.10022,0.14646,0.14665,0.09045,0.16464,0.10928,0.09024,0.10435
0.02626,0.02441,0.12332,0.15674,0.15467,0.12433,0.10745,0.07979,0.12873,0.07432
0.03285,0.03542,0.10980,0.10198,0.10018,0.07639,0.20294,0.13688,0.07018,0.13339
0.02674,0.02636,0.06803,0.08224,0.08349,0.10695,0.20892,0.12395,0.10504,0.16828
0.02515,0.02405,0.09348,0.09168,0.09479,0.08629,0.21647,0.14150,0.08432,0.14227
