0.02496,0.08022,0.02342,0.03024,0.05991,0.11221,0.02761,0.02650,0.04046,0.06746,0.01767,0.02882,0.04131,0.05319,0.23374,0.02953,0.02183,0.02261,0.01869,0.03964
0.05110,0.15408,0.01549,0.01573,0.08491,0.23298,0.02822,0.02536,0.01552,0.08931,0.01535,0.03401,0.05676,0.01872,0.06384,0.01771,0.01708,0.01348,0.01265,0.03771
0.07346,0.05287,0.01671,0.02643,0.32804,0.09496,0.02973,0.01768,0.01605,0.05079,0.01719,0.03850,0.04135,0.01214,0.08900,0.01859,0.01603,0.01236,0.01290,0.03522
0.06579,0.04102,0.01786,0.06169,0.06002,0.04053,0.02389,0.03328,0.07459,0.10192,0.03010,0.05880,0.06674,0.04532,0.03670,0.01370,0.02154,0.02775,0.02619,0.15257
0.23311,0.03475,0.01529,0.01260,0.26834,0.03423,0.04063,0.01157,0.01129,0.18327,0.01497,0.03316,0.02495,0.00867,0.01506,0.00919,0.00912,0.01176,0.00680,0.02125
0.01447,0.02611,0.00915,0.12494,0.05605,0.33847,0.00916,0.01224,0.01691,0.07987,0.01494,0.01874,0.10029,0.01380,0.09624,0.01903,0.01166,0.00932,0.01010,0.01850
0.01740,0.04602,0.04202,0.11275,0.27974,0.07580,0.05175,0.01857,0.03417,0.02964,0.02874,0.01827,0.03906,0.02135,0.06673,0.02583,0.01636,0.02931,0.02429,0.02222
0.15476,0.02252,0.01562,0.01846,0.16872,0.04197,0.05683,0.01024,0.02123,0.06390,0.13940,0.04779,0.06155,0.02844,0.01234,0.01372,0.01860,0.05432,0.01171,0.03788
0.09053,0.03170,0.01029,0.04511,0.08577,0.10698,0.03160,0.01255,0.01489,0.06042,0.05347,0.04845,0.28456,0.01813,0.01954,0.01257,0.01542,0.01501,0.01008,0.03291
0.04164,0.18432,0.01094,0.05683,0.07764,0.16050,0.05478,0.02304,0.01315,0.06022,0.03113,0.03504,0.08305,0.01075,0.07484,0.01556,0.01212,0.01193,0.01538,0.02715
0.04391,0.04956,0.02828,0.03050,0.31344,0.13713,0.06513,0.01627,0.01696,0.06195,0.01327,0.02787,0.02635,0.02154,0.04755,0.01975,0.01725,0.01755,0.01227,0.03345
0.02993,0.02617,0.02556,0.02280,0.07391,0.26025,0.01972,0.10598,0.01984,0.02476,0.00851,0.02296,0.02180,0.01204,0.21641,0.02146,0.03323,0.01372,0.01496,0.02600
0.01827,0.01337,0.00676,0.35676,0.35486,0.02733,0.01174,0.01639,0.01713,0.02002,0.01507,0.01748,0.02070,0.01658,0.02329,0.01050,0.01137,0.01306,0.01189,0.01741
0.02871,0.05488,0.02674,0.01823,0.17683,0.30507,0.05679,0.01043,0.00955,0.16827,0.00711,0.01476,0.02215,0.00970,0.03097,0.01040,0.00900,0.01418,0.00947,0.01676
0.01914,0.14071,0.01317,0.06201,0.05272,0.04014,0.03449,0.01135,0.04070,0.12071,0.10561,0.01630,0.05651,0.04204,0.13778,0.01553,0.02029,0.03228,0.01308,0.02543
0.02008,0.17468,0.07495,0.11424,0.17558,0.04021,0.05842,0.00958,0.00967,0.07801,0.01259,0.01549,0.01563,0.00975,0.12197,0.01763,0.00935,0.01307,0.01021,0.01889
0.02453,0.36661,0.01433,0.04325,0.04451,0.06492,0.04130,0.03836,0.02365,0.06262,0.01846,0.02596,0.03598,0.01809,0.03504,0.03310,0.03512,0.02037,0.01747,0.03633
0.03786,0.04935,0.01746,0.16815,0.03842,0.12384,0.03472,0.05838,0.01537,0.05328,0.05642,0.04101,0.10762,0.01458,0.03722,0.05133,0.03116,0.01353,0.01511,0.03519
0.17307,0.02057,0.01321,0.02400,0.06944,0.04577,0.02763,0.01413,0.01316,0.08695,0.08133,0.05096,0.25112,0.01555,0.01300,0.01491,0.02190,0.01747,0.01171,0.03412
0.09221,0.10906,0.01426,0.04640,0.08316,0.09623,0.07118,0.01183,0.00989,0.06418,0.06113,0.03998,0.18008,0.00919,0.03090,0.01293,0.01250,0.01285,0.01097,0.03107
0.04968,0.14077,0.01249,0.04104,0.11561,0.04899,0.21576,0.01131,0.01219,0.12145,0.02758,0.02763,0.06387,0.01629,0.01614,0.01186,0.01216,0.01799,0.01078,0.02642
0.17399,0.03972,0.01988,0.04027,0.06905,0.09076,0.01848,0.01515,0.01340,0.15702,0.02923,0.06090,0.06694,0.01348,0.07013,0.01669,0.01656,0.01901,0.00979,0.05956
0.07699,0.07654,0.01483,0.02004,0.11615,0.12532,0.15892,0.00907,0.01365,0.09300,0.03051,0.03649,0.11249,0.01494,0.02112,0.01098,0.00939,0.01806,0.01343,0.02808
0.03418,0.09978,0.05765,0.02994,0.09199,0.04754,0.04236,0.08808,0.04457,0.06697,0.01689,0.02614,0.03077,0.04025,0.10712,0.03533,0.04587,0.01669,0.02084,0.05702
0.06364,0.12190,0.01773,0.02151,0.04221,0.31407,0.03860,0.00932,0.01426,0.10574,0.01828,0.02781,0.07328,0.01150,0.03900,0.01175,0.01036,0.01155,0.00894,0.03855
0.03652,0.02563,0.04628,0.03189,0.37381,0.03186,0.04188,0.01449,0.03457,0.07472,0.01877,0.02320,0.03363,0.05237,0.01492,0.01793,0.04540,0.01792,0.01473,0.04948
0.02510,0.04003,0.02263,0.20792,0.03205,0.10497,0.02413,0.02937,0.03326,0.03503,0.03323,0.02568,0.05095,0.02452,0.15025,0.04221,0.02094,0.02198,0.03932,0.03644
0.05083,0.04969,0.01928,0.03422,0.27330,0.03703,0.04241,0.04204,0.03019,0.06272,0.01991,0.03761,0.02768,0.02451,0.04670,0.03247,0.02668,0.02782,0.04972,0.06518
0.06940,0.03946,0.02153,0.04222,0.08985,0.24540,0.07524,0.01887,0.03650,0.04786,0.01828,0.04473,0.05754,0.02331,0.05372,0.01254,0.01570,0.02245,0.01469,0.05072
0.02626,0.14357,0.00870,0.04290,0.19372,0.07757,0.06839,0.01017,0.01137,0.06373,0.08844,0.02671,0.11125,0.01384,0.03321,0.01264,0.01015,0.01983,0.01815,0.01940
0.14402,0.08092,0.00984,0.04954,0.11257,0.01929,0.19186,0.01242,0.01038,0.11121,0.06209,0.04420,0.04398,0.01440,0.01296,0.01044,0.01637,0.01765,0.00954,0.02633
0.01720,0.04077,0.04174,0.03862,0.13835,0.11285,0.02895,0.01768,0.02453,0.27291,0.01873,0.01562,0.04863,0.02053,0.04513,0.02726,0.02864,0.02241,0.01544,0.02403
0.29407,0.07767,0.00790,0.04662,0.07878,0.05822,0.04807,0.03557,0.01508,0.03044,0.02853,0.05061,0.08645,0.01424,0.02678,0.01551,0.01710,0.01265,0.01706,0.03864
0.01831,0.06215,0.01873,0.02550,0.06357,0.43284,0.02636,0.01578,0.02092,0.06583,0.01562,0.01571,0.06459,0.01732,0.04540,0.02164,0.01563,0.01333,0.01360,0.02718
0.03126,0.07983,0.01977,0.02744,0.10818,0.12569,0.02143,0.02097,0.02090,0.16365,0.00990,0.02314,0.03663,0.02217,0.18046,0.01863,0.02452,0.01262,0.01345,0.03936
0.07339,0.06570,0.01901,0.04281,0.03812,0.10833,0.08807,0.04796,0.04542,0.03982,0.04286,0.03851,0.12991,0.01957,0.02961,0.02403,0.02660,0.05128,0.02642,0.04258
0.07887,0.09425,0.00771,0.02373,0.02610,0.29715,0.02771,0.01762,0.01028,0.02045,0.03148,0.04309,0.06520,0.00924,0.16126,0.01972,0.01250,0.01263,0.01034,0.03067
0.02825,0.06510,0.02201,0.09326,0.05895,0.16317,0.05847,0.02067,0.02246,0.14114,0.03064,0.02586,0.08285,0.02794,0.02940,0.02826,0.02419,0.02315,0.01946,0.03476
0.17413,0.10036,0.01510,0.04029,0.03887,0.05580,0.10032,0.01535,0.02153,0.12313,0.02857,0.06073,0.05155,0.01895,0.01742,0.01624,0.02572,0.02505,0.01397,0.05693
0.01808,0.01606,0.00913,0.38392,0.28116,0.04266,0.01792,0.01075,0.02104,0.02850,0.01415,0.01521,0.03012,0.01629,0.01421,0.01219,0.01254,0.02156,0.01750,0.01699
0.09798,0.03297,0.02351,0.04248,0.03489,0.25257,0.03069,0.01179,0.01455,0.05282,0.02196,0.04530,0.19219,0.01358,0.02874,0.01615,0.01259,0.01493,0.01511,0.04521
0.05670,0.06850,0.04724,0.01602,0.12553,0.10967,0.03858,0.06267,0.04000,0.13016,0.01276,0.03022,0.05357,0.01912,0.05696,0.02020,0.03303,0.01390,0.01852,0.04662
0.01292,0.07184,0.00777,0.02664,0.12419,0.02299,0.01349,0.03024,0.01027,0.02931,0.01088,0.01219,0.02067,0.00839,0.54824,0.00909,0.01026,0.00731,0.00804,0.01526
0.05531,0.04879,0.01946,0.01495,0.28225,0.08404,0.02813,0.02873,0.01615,0.16247,0.01465,0.03492,0.04002,0.01584,0.06084,0.01712,0.01853,0.01398,0.01433,0.02948
0.04843,0.02261,0.02242,0.02691,0.24362,0.10651,0.02073,0.02864,0.02769,0.06359,0.02295,0.05172,0.07488,0.01986,0.02553,0.03465,0.02083,0.05121,0.04308,0.04416
0.04891,0.05864,0.01942,0.02262,0.09410,0.23304,0.03068,0.02521,0.02761,0.14483,0.01083,0.02975,0.04755,0.02349,0.04890,0.01708,0.02303,0.02066,0.02180,0.05184
0.02824,0.03068,0.01096,0.02772,0.03728,0.44867,0.01154,0.01174,0.01000,0.17134,0.00920,0.02422,0.06656,0.00934,0.04064,0.01126,0.01124,0.00804,0.00779,0.02353
0.14112,0.03939,0.01220,0.13762,0.14231,0.11257,0.03099,0.01531,0.01386,0.04765,0.02666,0.06422,0.05468,0.01615,0.03609,0.01508,0.01585,0.01979,0.01418,0.04428
0.04969,0.13614,0.01331,0.02282,0.14341,0.05000,0.11592,0.02306,0.01627,0.12148,0.04752,0.03006,0.07126,0.01846,0.02262,0.01788,0.02196,0.02361,0.01886,0.03566
0.06020,0.02260,0.00874,0.01051,0.10456,0.15518,0.01969,0.00604,0.00952,0.28136,0.01264,0.02731,0.20277,0.01217,0.01400,0.00709,0.00639,0.01013,0.00725,0.02186
0.06592,0.05241,0.06206,0.04045,0.14607,0.12975,0.06179,0.02257,0.01564,0.03224,0.02591,0.05634,0.03578,0.02470,0.04115,0.04007,0.03084,0.04418,0.02496,0.04715
0.41697,0.03557,0.00860,0.02704,0.05993,0.02627,0.04083,0.01379,0.01373,0.03369,0.11203,0.04807,0.05979,0.00933,0.01198,0.00923,0.01518,0.01684,0.00970,0.03143
0.06442,0.08564,0.02674,0.01319,0.10957,0.19806,0.05536,0.02578,0.01778,0.13929,0.01810,0.03267,0.05249,0.01584,0.04151,0.01888,0.01925,0.01758,0.01707,0.03076
0.07765,0.04585,0.00955,0.03044,0.05292,0.05305,0.03280,0.34058,0.01558,0.04017,0.02543,0.04147,0.06004,0.01638,0.01851,0.01808,0.05272,0.01358,0.01589,0.03929
0.03763,0.04064,0.00860,0.07662,0.24047,0.18284,0.02526,0.01417,0.01092,0.10937,0.02521,0.02994,0.07493,0.01047,0.03360,0.01351,0.00994,0.01666,0.01275,0.02648
0.02397,0.02939,0.03416,0.01470,0.35872,0.04365,0.02683,0.01219,0.02170,0.26259,0.01195,0.01700,0.02141,0.01943,0.02554,0.01388,0.01434,0.01474,0.01167,0.02212
0.08952,0.06143,0.01307,0.21807,0.09575,0.02221,0.03948,0.03172,0.01464,0.05407,0.10320,0.06098,0.03570,0.01619,0.02602,0.01501,0.02077,0.01713,0.01319,0.05185
0.02652,0.03173,0.01484,0.08313,0.20654,0.18496,0.02461,0.01611,0.01255,0.17171,0.01806,0.02586,0.07405,0.00883,0.02320,0.01850,0.01317,0.01167,0.00987,0.02408
0.04776,0.01668,0.20633,0.01985,0.09156,0.24692,0.02767,0.01777,0.01756,0.06241,0.01875,0.03096,0.06737,0.01345,0.02416,0.01458,0.02127,0.01664,0.01060,0.02772
0.02835,0.04724,0.00891,0.02554,0.05898,0.49137,0.01510,0.01384,0.01348,0.04890,0.01632,0.02358,0.06191,0.01903,0.05177,0.01216,0.01244,0.01093,0.00907,0.03108
0.06374,0.02524,0.15174,0.02786,0.24428,0.05815,0.05097,0.01692,0.03299,0.11663,0.01103,0.03474,0.02265,0.01659,0.02488,0.01460,0.01793,0.01823,0.01559,0.03525
0.01433,0.04235,0.01172,0.02763,0.05467,0.05037,0.01716,0.12236,0.01552,0.04805,0.01309,0.01682,0.02577,0.01591,0.43256,0.02826,0.02192,0.01084,0.01345,0.01721
0.03436,0.03543,0.01126,0.01548,0.02806,0.55059,0.01774,0.01001,0.01505,0.04909,0.01220,0.02419,0.04703,0.01524,0.04909,0.01455,0.01557,0.00890,0.01034,0.03582
0.02852,0.04917,0.06747,0.01260,0.03458,0.38091,0.02564,0.01822,0.02149,0.05078,0.00809,0.01685,0.02056,0.01237,0.17113,0.01686,0.01543,0.00964,0.01317,0.02651
0.02261,0.09243,0.03334,0.13122,0.29201,0.02506,0.03765,0.03191,0.01859,0.08188,0.01019,0.02256,0.01358,0.01363,0.09355,0.01728,0.01607,0.01256,0.01127,0.02259
0.07280,0.06764,0.01359,0.06469,0.12448,0.16624,0.02260,0.02826,0.01426,0.11233,0.01842,0.04714,0.07924,0.01478,0.04056,0.01825,0.01979,0.01263,0.01894,0.04338
0.04743,0.05053,0.02112,0.04937,0.20648,0.08197,0.05843,0.02718,0.03247,0.10666,0.01786,0.03533,0.03660,0.02704,0.04497,0.03071,0.03377,0.02522,0.02376,0.04310
0.05544,0.04606,0.01019,0.01877,0.33701,0.13089,0.03708,0.01511,0.01630,0.06674,0.01248,0.03553,0.03161,0.02000,0.06341,0.01692,0.01710,0.01686,0.01389,0.03860
0.02046,0.03140,0.01311,0.01400,0.15120,0.42990,0.02218,0.01138,0.01279,0.11967,0.01118,0.01545,0.05035,0.01246,0.02647,0.00805,0.01040,0.01345,0.00979,0.01631
0.05350,0.02624,0.02350,0.11132,0.19067,0.17037,0.04319,0.01348,0.01736,0.05696,0.01731,0.04159,0.07495,0.01885,0.01959,0.02008,0.01945,0.01802,0.02055,0.04301
0.16233,0.06840,0.02424,0.04987,0.07396,0.04256,0.24284,0.01895,0.01114,0.05767,0.03412,0.05332,0.05173,0.00886,0.01743,0.01103,0.01345,0.01718,0.01161,0.02932
0.02130,0.09353,0.02849,0.07583,0.07841,0.14587,0.10070,0.01376,0.01843,0.08714,0.03560,0.01886,0.11620,0.02305,0.04486,0.02064,0.01954,0.01625,0.01210,0.02944
0.02163,0.05201,0.03805,0.04402,0.18579,0.09655,0.02800,0.03995,0.02052,0.06797,0.01261,0.01827,0.02972,0.01581,0.22054,0.03186,0.02294,0.01306,0.01839,0.02229
0.02578,0.05303,0.01735,0.08790,0.05915,0.26832,0.07367,0.01372,0.03003,0.04516,0.03034,0.02656,0.07251,0.02442,0.05440,0.01611,0.01206,0.03613,0.02483,0.02855
0.04585,0.01974,0.04318,0.01284,0.31421,0.03509,0.03246,0.01089,0.03664,0.22327,0.02815,0.02208,0.04034,0.03183,0.01456,0.01276,0.01403,0.02044,0.01741,0.02422
0.03160,0.35312,0.00689,0.10769,0.03587,0.02643,0.02862,0.02275,0.00960,0.16195,0.03738,0.02683,0.03502,0.01167,0.01670,0.01310,0.01517,0.01223,0.01270,0.03467
0.02796,0.19061,0.01133,0.23349,0.10099,0.06013,0.08504,0.01081,0.01260,0.03937,0.04004,0.02263,0.04604,0.01351,0.02302,0.01281,0.01248,0.02422,0.01235,0.02059
0.03978,0.12181,0.01789,0.02759,0.04495,0.14023,0.05671,0.01458,0.00882,0.24563,0.03396,0.02133,0.12973,0.00837,0.02138,0.01399,0.01019,0.01089,0.01073,0.02144
0.03177,0.15177,0.01456,0.13829,0.05598,0.19752,0.14337,0.01302,0.01103,0.03161,0.01769,0.02114,0.06015,0.01011,0.03316,0.01109,0.01151,0.00983,0.00935,0.02706
0.02362,0.02458,0.01345,0.13782,0.09112,0.11987,0.01261,0.06235,0.03279,0.11267,0.01349,0.02509,0.03608,0.02741,0.12511,0.03488,0.03749,0.01411,0.02264,0.03279
0.06339,0.02896,0.01974,0.02288,0.34880,0.09836,0.02361,0.01423,0.01362,0.06050,0.01683,0.02897,0.09429,0.01568,0.03636,0.01704,0.02042,0.01263,0.01876,0.04493
0.01991,0.03756,0.02812,0.18293,0.08862,0.16665,0.02911,0.03880,0.02429,0.09182,0.01897,0.02180,0.03674,0.02121,0.02900,0.04311,0.03822,0.03962,0.02182,0.02168
0.02538,0.02463,0.07710,0.00892,0.36702,0.06305,0.01682,0.01390,0.02422,0.09404,0.01174,0.01611,0.03919,0.02398,0.11226,0.01558,0.01427,0.01449,0.01098,0.02632
0.05581,0.09327,0.00990,0.06698,0.17994,0.06047,0.04627,0.01535,0.01801,0.12501,0.04053,0.04097,0.04968,0.01908,0.04712,0.02006,0.02010,0.02445,0.01866,0.04834
0.31313,0.04003,0.00826,0.03816,0.07174,0.05413,0.01688,0.01078,0.00899,0.03311,0.12639,0.06054,0.13402,0.00672,0.02129,0.00844,0.00809,0.00988,0.00656,0.02286
0.02417,0.02366,0.01086,0.05478,0.14113,0.07828,0.00998,0.01031,0.01287,0.24004,0.03642,0.02318,0.17509,0.01139,0.07234,0.01246,0.01336,0.01534,0.01124,0.02310
0.03997,0.09811,0.02085,0.04789,0.05691,0.18239,0.03577,0.02518,0.02523,0.08073,0.01516,0.02704,0.06932,0.02203,0.15818,0.01680,0.01759,0.01547,0.01331,0.03206
0.03781,0.15148,0.02620,0.03909,0.04675,0.03933,0.10607,0.02999,0.03911,0.04107,0.06143,0.03815,0.04738,0.02174,0.09545,0.03006,0.02668,0.06096,0.02309,0.03815
0.11029,0.03402,0.14546,0.01195,0.23278,0.04732,0.03709,0.02875,0.02025,0.06070,0.01099,0.03793,0.02797,0.01637,0.06843,0.01878,0.02001,0.01239,0.01574,0.04276
0.04013,0.14351,0.01312,0.01370,0.02106,0.20906,0.10463,0.01025,0.01356,0.03078,0.02447,0.01833,0.24761,0.01152,0.02950,0.01029,0.00798,0.01218,0.00981,0.02850
0.03935,0.14998,0.01526,0.03079,0.06620,0.03161,0.03850,0.09180,0.01774,0.11341,0.01661,0.02099,0.02265,0.01565,0.16159,0.02809,0.05495,0.01092,0.02433,0.04959
0.03161,0.01918,0.02468,0.04167,0.13332,0.11251,0.03133,0.02100,0.03896,0.19822,0.03594,0.02386,0.09742,0.03378,0.01710,0.02433,0.03709,0.02604,0.02548,0.02648
0.05396,0.01765,0.04092,0.00976,0.18092,0.19852,0.03630,0.00739,0.00959,0.18289,0.01237,0.01861,0.16188,0.00746,0.01112,0.00698,0.00814,0.00791,0.00726,0.02039
0.04490,0.03385,0.01262,0.02009,0.25071,0.13599,0.02526,0.02029,0.00982,0.18267,0.02146,0.02829,0.12618,0.00743,0.01801,0.00960,0.01229,0.00850,0.01224,0.01978
0.01572,0.03686,0.01869,0.03124,0.03944,0.20740,0.01951,0.04456,0.07518,0.17892,0.01168,0.01688,0.03101,0.03726,0.08968,0.03225,0.02648,0.02374,0.03257,0.03091
0.03167,0.07179,0.01255,0.05663,0.05226,0.44615,0.03567,0.02767,0.01572,0.04187,0.01343,0.02030,0.03473,0.01187,0.03768,0.01807,0.01649,0.01181,0.01512,0.02849
0.04123,0.06289,0.01782,0.03102,0.19788,0.07797,0.03533,0.02058,0.02511,0.25003,0.01262,0.02932,0.03430,0.01890,0.04319,0.01671,0.01322,0.02284,0.01352,0.03552
0.06108,0.03589,0.32523,0.00892,0.02963,0.13043,0.18703,0.01679,0.01302,0.02447,0.00904,0.02507,0.02147,0.01318,0.02242,0.01268,0.01606,0.00953,0.00985,0.02822
0.19388,0.03056,0.00924,0.01427,0.05502,0.14715,0.01780,0.00886,0.01250,0.06301,0.05272,0.05720,0.22669,0.01112,0.03118,0.00810,0.00928,0.01241,0.00979,0.02923
0.02830,0.05518,0.03362,0.03405,0.04776,0.05060,0.02464,0.02415,0.05204,0.15177,0.01587,0.02381,0.02775,0.03588,0.26704,0.02715,0.02800,0.01907,0.01694,0.03637
