0.07566,0.07461,0.07702,0.07498,0.06612,0.06452,0.06327,0.06084,0.07040,0.06612,0.07419,0.06931,0.07284,0.09011
0.08858,0.08266,0.06755,0.06462,0.06096,0.06267,0.05725,0.06477,0.06236,0.05680,0.08380,0.08231,0.07990,0.08578
0.06778,0.06595,0.06795,0.06956,0.08809,0.08658,0.06315,0.08069,0.08056,0.05587,0.06861,0.07031,0.07296,0.06191
0.08645,0.07993,0.07042,0.06883,0.06242,0.06150,0.06942,0.07388,0.07242,0.06834,0.07158,0.06586,0.07273,0.07621
0.06267,0.06772,0.07454,0.07352,0.05876,0.05872,0.06237,0.07360,0.06817,0.07006,0.06716,0.07250,0.09196,0.09825
0.07704,0.07675,0.06696,0.06655,0.06630,0.06650,0.06900,0.07263,0.07445,0.08123,0.06921,0.06907,0.07207,0.07224
0.06619,0.07138,0.06937,0.06883,0.06431,0.06675,0.07156,0.06871,0.06916,0.09264,0.06671,0.07039,0.07612,0.07787
0.06159,0.06871,0.09307,0.09112,0.05696,0.05767,0.05960,0.07067,0.05908,0.07236,0.05686,0.06296,0.10898,0.08037
0.06205,0.06820,0.07581,0.07906,0.06172,0.06438,0.07772,0.07669,0.06662,0.08766,0.06155,0.06760,0.07812,0.07282
0.06206,0.06544,0.07162,0.07177,0.06404,0.06287,0.10067,0.07682,0.06467,0.09855,0.05565,0.06140,0.07639,0.06805
0.07582,0.07470,0.07584,0.07723,0.05855,0.06092,0.07636,0.07114,0.05841,0.07934,0.06579,0.06587,0.07886,0.08116
0.06800,0.06839,0.06312,0.06476,0.06383,0.06256,0.08801,0.06846,0.06889,0.08889,0.07185,0.06967,0.07384,0.07975
0.06457,0.06697,0.07620,0.07499,0.08138,0.07989,0.06697,0.06564,0.06244,0.06197,0.07559,0.06372,0.07058,0.08910
0.06014,0.06040,0.06268,0.06256,0.06185,0.06172,0.05631,0.05858,0.06165,0.05780,0.09753,0.07168,0.08196,0.14513
0.07440,0.07279,0.06822,0.06796,0.06892,0.06933,0.05952,0.07275,0.06823,0.06801,0.07354,0.07652,0.07877,0.08105
0.07053,0.07651,0.07375,0.07416,0.05931,0.06221,0.05480,0.06743,0.06595,0.06966,0.07251,0.07100,0.09199,0.09019
0.09265,0.08051,0.07792,0.07667,0.06086,0.06194,0.06572,0.07648,0.06416,0.06659,0.05775,0.06624,0.07941,0.07309
0.06977,0.07066,0.07417,0.07336,0.06451,0.06608,0.05204,0.06834,0.07098,0.05899,0.07380,0.08201,0.08322,0.09208
0.06127,0.06621,0.09314,0.09268,0.07751,0.07676,0.06473,0.06091,0.06132,0.06161,0.06763,0.06109,0.07593,0.07921
0.07058,0.07032,0.06866,0.06904,0.06890,0.06750,0.08708,0.07741,0.06729,0.08067,0.06717,0.06765,0.06913,0.06859
0.06625,0.06514,0.05996,0.05960,0.06930,0.06766,0.06554,0.06523,0.05580,0.06581,0.10298,0.09086,0.08705,0.07884
0.07228,0.06992,0.06510,0.06632,0.05758,0.05817,0.06155,0.06162,0.06271,0.06270,0.07340,0.06490,0.07855,0.14521
0.06192,0.06571,0.07697,0.07691,0.07390,0.07274,0.07065,0.07140,0.07197,0.06587,0.06287,0.06484,0.07385,0.09040
0.08952,0.08257,0.07375,0.07199,0.06529,0.06642,0.06555,0.06219,0.06081,0.06656,0.07685,0.07630,0.07659,0.06561
0.08305,0.07915,0.06813,0.06537,0.06054,0.05887,0.06421,0.06570,0.06251,0.06585,0.07969,0.08542,0.08057,0.08094
0.05891,0.06150,0.06794,0.07004,0.06955,0.06875,0.08333,0.07046,0.05919,0.09123,0.07422,0.07949,0.07505,0.07034
0.06334,0.06961,0.07716,0.07636,0.07065,0.07014,0.06436,0.06478,0.06379,0.07407,0.07130,0.07898,0.08117,0.07431
0.06660,0.06897,0.07880,0.07691,0.08201,0.07693,0.05399,0.06231,0.06755,0.05759,0.07287,0.07375,0.07966,0.08207
0.07774,0.07366,0.06150,0.06226,0.05932,0.06026,0.06243,0.06311,0.06131,0.06767,0.09044,0.07430,0.07517,0.11084
0.06626,0.06710,0.06117,0.06144,0.06868,0.07007,0.06176,0.06184,0.05853,0.05992,0.11027,0.08620,0.08308,0.08369
0.06682,0.07164,0.07561,0.07660,0.06825,0.06620,0.06288,0.06904,0.06607,0.08359,0.05769,0.06688,0.09177,0.07695
0.05927,0.06225,0.05878,0.05956,0.06721,0.06772,0.09631,0.06876,0.06977,0.09497,0.07835,0.07516,0.07381,0.06808
0.06580,0.06850,0.07968,0.07853,0.06832,0.07149,0.05200,0.06771,0.06907,0.05703,0.07140,0.06111,0.08478,0.10459
0.10968,0.09732,0.07043,0.06862,0.05783,0.06050,0.05671,0.06201,0.06744,0.06170,0.06321,0.06821,0.06575,0.09060
0.06764,0.06722,0.07444,0.07351,0.07531,0.07480,0.06457,0.06513,0.07181,0.06530,0.07360,0.06579,0.07197,0.08891
0.06765,0.06837,0.07987,0.07932,0.07546,0.07371,0.07534,0.06305,0.06685,0.07496,0.06549,0.06754,0.07543,0.06695
0.06753,0.06859,0.06779,0.07097,0.06875,0.06813,0.07853,0.06990,0.07350,0.08141,0.06950,0.06909,0.07145,0.07485
0.06696,0.06780,0.07255,0.07345,0.06748,0.06784,0.06388,0.06553,0.05829,0.07544,0.08159,0.06547,0.08413,0.08959
0.06567,0.06921,0.06878,0.07117,0.07523,0.07378,0.06278,0.06637,0.06640,0.07595,0.07441,0.07292,0.08142,0.07590
0.07146,0.06819,0.06805,0.06536,0.07114,0.07048,0.06596,0.06560,0.07035,0.06021,0.09194,0.08280,0.06997,0.07849
0.06723,0.06985,0.07369,0.07037,0.06610,0.06572,0.06282,0.05966,0.05378,0.05837,0.09259,0.08048,0.08342,0.09591
0.06790,0.06761,0.07188,0.07447,0.06268,0.06383,0.07964,0.07394,0.06686,0.08200,0.06540,0.06696,0.07503,0.08180
0.07422,0.07474,0.06650,0.06763,0.07867,0.07909,0.07311,0.07581,0.07953,0.06741,0.06728,0.06969,0.06432,0.06201
0.08911,0.08095,0.06977,0.06868,0.06340,0.06426,0.05889,0.06423,0.07295,0.06687,0.06340,0.06131,0.07187,0.10431
0.06147,0.06573,0.07554,0.07522,0.06244,0.06516,0.05994,0.06453,0.06440,0.07036,0.07651,0.06168,0.08401,0.11302
0.07040,0.07513,0.06986,0.07225,0.06125,0.06178,0.06985,0.07186,0.06719,0.09311,0.06028,0.06685,0.08266,0.07752
0.06454,0.06688,0.07797,0.07549,0.07022,0.07072,0.06350,0.06693,0.06750,0.07723,0.06938,0.06933,0.08014,0.08016
0.08257,0.07833,0.06854,0.06671,0.06629,0.06671,0.05445,0.06120,0.06647,0.06076,0.08639,0.07840,0.07223,0.09096
0.06130,0.06534,0.07442,0.07161,0.06569,0.06422,0.05598,0.05892,0.05967,0.06676,0.09947,0.07433,0.09807,0.08424
0.05732,0.06202,0.06525,0.06433,0.06198,0.06372,0.08254,0.06641,0.08315,0.12240,0.05773,0.05986,0.07229,0.08099
0.07283,0.07128,0.06956,0.06949,0.06979,0.06840,0.06001,0.06224,0.05994,0.06881,0.09476,0.07223,0.07947,0.08117
0.09278,0.08646,0.06942,0.06718,0.06606,0.06495,0.05458,0.06304,0.06614,0.05628,0.07798,0.07887,0.06840,0.08785
0.06897,0.07182,0.08687,0.08465,0.08710,0.08413,0.05238,0.06658,0.06742,0.05813,0.06004,0.06061,0.07613,0.07517
0.07768,0.07404,0.06501,0.06537,0.05787,0.06072,0.06156,0.07100,0.06725,0.07496,0.07866,0.06576,0.08637,0.09374
0.06965,0.06993,0.07171,0.06925,0.05701,0.05893,0.05746,0.06049,0.05928,0.06780,0.08223,0.07645,0.08822,0.11159
0.06820,0.06997,0.10626,0.09996,0.05251,0.05313,0.06148,0.06139,0.05656,0.08176,0.05316,0.05995,0.09348,0.08219
0.06530,0.06982,0.06391,0.06425,0.07706,0.07672,0.05829,0.06813,0.07395,0.06480,0.07355,0.08217,0.07536,0.08670
0.06990,0.06937,0.08069,0.07943,0.09377,0.08828,0.05933,0.06316,0.06499,0.05145,0.07434,0.06917,0.06899,0.06716
0.06819,0.07006,0.07248,0.07550,0.06515,0.06587,0.09820,0.08437,0.06766,0.08072,0.05133,0.05937,0.07704,0.06406
0.07385,0.07262,0.05843,0.05894,0.06650,0.06679,0.06543,0.06785,0.06090,0.06179,0.09518,0.09604,0.07495,0.08072
0.06497,0.06979,0.06971,0.07017,0.06250,0.06420,0.07282,0.07093,0.07340,0.09814,0.06362,0.06894,0.07821,0.07260
0.07191,0.07320,0.09001,0.08880,0.06110,0.06204,0.06302,0.07368,0.05663,0.06816,0.05390,0.06604,0.09653,0.07497
0.06849,0.06914,0.07484,0.07472,0.08564,0.08351,0.06345,0.06755,0.07497,0.05199,0.07095,0.06705,0.06670,0.08099
0.06677,0.06719,0.06945,0.06884,0.06242,0.06374,0.07234,0.06596,0.06482,0.08035,0.07050,0.06239,0.07480,0.11043
0.08677,0.07971,0.06571,0.06388,0.05796,0.05891,0.06035,0.06490,0.06291,0.06763,0.08398,0.07503,0.07597,0.09630
0.06420,0.06532,0.06754,0.06793,0.06352,0.06311,0.09158,0.07302,0.07045,0.07671,0.07093,0.07211,0.07990,0.07369
0.06619,0.06941,0.08146,0.08002,0.06684,0.06696,0.06653,0.06448,0.06223,0.08134,0.06622,0.07002,0.07712,0.08117
0.06348,0.06891,0.08929,0.09010,0.07001,0.07014,0.05506,0.06725,0.06165,0.05840,0.06431,0.06144,0.09446,0.08549
0.07282,0.07703,0.06677,0.06486,0.06334,0.06256,0.06935,0.07281,0.07780,0.07708,0.07012,0.07308,0.07470,0.07767
0.08227,0.07853,0.06738,0.06432,0.05739,0.05997,0.05841,0.05980,0.06257,0.07182,0.07946,0.06831,0.07718,0.11259
0.06695,0.06906,0.06843,0.06673,0.06589,0.06623,0.07728,0.07551,0.07151,0.07307,0.07621,0.07226,0.08185,0.06902
0.06342,0.06673,0.12053,0.10660,0.06321,0.06276,0.05245,0.05323,0.05938,0.06127,0.05760,0.06585,0.08889,0.07809
0.06540,0.06872,0.06938,0.06748,0.06602,0.06725,0.07022,0.06580,0.06671,0.07835,0.07661,0.07413,0.08056,0.08337
0.07234,0.07190,0.06524,0.06572,0.06276,0.06289,0.07584,0.06904,0.06052,0.09285,0.06996,0.07505,0.07847,0.07742
0.07290,0.07751,0.07646,0.07602,0.06290,0.06568,0.05503,0.07345,0.06980,0.06527,0.06260,0.06432,0.09708,0.08098
0.06790,0.06954,0.08431,0.08176,0.07726,0.07600,0.05602,0.06328,0.06786,0.06912,0.06546,0.06852,0.08523,0.06775
0.07206,0.07350,0.06209,0.06190,0.05986,0.06104,0.06079,0.06232,0.06562,0.06971,0.08781,0.07319,0.08112,0.10899
0.07069,0.07084,0.08017,0.07631,0.06843,0.06919,0.05938,0.06045,0.06928,0.06228,0.07183,0.07082,0.07890,0.09141
0.06157,0.06120,0.05823,0.05879,0.05516,0.05706,0.05899,0.05321,0.06465,0.07462,0.07965,0.06571,0.07139,0.17978
0.06429,0.06867,0.07908,0.07835,0.08739,0.08449,0.05054,0.06135,0.06843,0.06047,0.07371,0.06961,0.07629,0.07732
0.08938,0.08003,0.08094,0.07803,0.05858,0.05952,0.06489,0.06822,0.05843,0.06848,0.06653,0.06649,0.08109,0.07940
0.05798,0.06413,0.07280,0.07304,0.06055,0.06089,0.07190,0.06334,0.07186,0.08742,0.06963,0.06168,0.07932,0.10546
0.06682,0.06978,0.06455,0.06303,0.06281,0.06458,0.06927,0.06541,0.06917,0.06517,0.09015,0.08535,0.07862,0.08527
0.05826,0.06481,0.06213,0.06398,0.06177,0.06143,0.07105,0.07184,0.06962,0.10055,0.07048,0.07193,0.08464,0.08752
0.10452,0.08481,0.06786,0.06734,0.05921,0.06125,0.06251,0.06248,0.06298,0.05970,0.07613,0.07608,0.07117,0.08394
0.06378,0.06697,0.07009,0.07123,0.06030,0.06274,0.07861,0.07212,0.07068,0.08506,0.07233,0.07184,0.07812,0.07613
0.06094,0.06296,0.06931,0.06796,0.06404,0.06388,0.09345,0.07209,0.07428,0.09064,0.06710,0.06927,0.07175,0.07232
0.06923,0.07051,0.06900,0.06868,0.08334,0.08157,0.06342,0.06493,0.06093,0.07034,0.07484,0.07008,0.08066,0.07246
0.07867,0.07351,0.07118,0.06884,0.06049,0.06193,0.07016,0.07151,0.06185,0.06666,0.07961,0.07772,0.07360,0.08427
0.05926,0.06847,0.08132,0.08223,0.06476,0.06473,0.06022,0.06605,0.06224,0.07510,0.07871,0.07458,0.08405,0.07826
0.06399,0.06745,0.07259,0.07189,0.05392,0.05789,0.06175,0.06663,0.08477,0.07903,0.06296,0.06494,0.07970,0.11250
0.07842,0.07494,0.07326,0.07175,0.06131,0.06309,0.06405,0.06812,0.06469,0.07565,0.06723,0.06461,0.07350,0.09937
0.06173,0.06699,0.06491,0.06669,0.06191,0.06373,0.07875,0.07776,0.07514,0.08995,0.05879,0.06473,0.07484,0.09407
0.07581,0.07276,0.07755,0.07448,0.06441,0.06370,0.05120,0.06453,0.06619,0.05984,0.07917,0.07426,0.08767,0.08844
0.06872,0.07012,0.06763,0.06464,0.08434,0.08370,0.06194,0.07116,0.08103,0.06010,0.07503,0.07290,0.07103,0.06765
0.06695,0.06913,0.06619,0.06318,0.07111,0.07055,0.06400,0.06081,0.06424,0.06616,0.10152,0.07228,0.07590,0.08798
0.05634,0.06255,0.08063,0.07697,0.05985,0.06113,0.07055,0.06296,0.07560,0.08771,0.06445,0.06430,0.07658,0.10038
0.07114,0.07194,0.09269,0.08871,0.06172,0.06225,0.05532,0.06046,0.06448,0.06311,0.06817,0.07176,0.07913,0.08911
0.06126,0.06539,0.07663,0.07607,0.07218,0.07221,0.07544,0.06803,0.06256,0.07083,0.07154,0.07248,0.07451,0.08088
0.07858,0.07924,0.07436,0.07611,0.06203,0.06445,0.07552,0.08548,0.05429,0.06587,0.05421,0.06436,0.09013,0.07537
