0.80294,0.07011,0.12694,0.00000
0.35423,0.64559,0.00017,0.00000
0.01201,0.83391,0.15166,0.00242
0.00002,0.98342,0.01645,0.00011
0.00019,0.95417,0.00110,0.04454
0.07013,0.81658,0.11329,0.00000
0.62999,0.36906,0.00064,0.00031
0.87555,0.08938,0.03503,0.00004
0.24249,0.70435,0.05316,0.00000
0.60090,0.39910,0.00000,0.00000
0.86908,0.12564,0.00524,0.00004
0.40298,0.59659,0.00042,0.00001
0.28049,0.48912,0.07015,0.16023
0.25849,0.20739,0.49616,0.03796
0.77569,0.22410,0.00008,0.00013
0.26106,0.04898,0.52821,0.16176
0.02864,0.97111,0.00000,0.00025
0.01549,0.13257,0.00238,0.84956
0.16513,0.83487,0.00000,0.00000
0.43291,0.19427,0.37282,0.00000
0.06525,0.93475,0.00001,0.00000
0.00345,0.92581,0.00015,0.07059
0.54823,0.44531,0.00099,0.00548
0.00867,0.15399,0.00161,0.83573
0.69367,0.30578,0.00017,0.00039
0.05230,0.71257,0.00210,0.23302
0.31780,0.67798,0.00420,0.00002
0.22086,0.77908,0.00000,0.00007
0.36994,0.48593,0.14246,0.00168
0.05249,0.94186,0.00009,0.00556
0.15714,0.63168,0.21070,0.00048
0.77528,0.21357,0.00913,0.00202
0.03634,0.04522,0.91470,0.00374
0.03020,0.20816,0.34498,0.41666
0.08195,0.91710,0.00094,0.00000
0.00769,0.84169,0.00000,0.15062
0.02498,0.41136,0.49673,0.06693
0.26914,0.35181,0.35810,0.02095
0.24556,0.65452,0.08771,0.01220
0.82613,0.08997,0.08330,0.00060
0.35194,0.23070,0.41733,0.00003
0.10401,0.26230,0.52964,0.10405
0.00510,0.86170,0.02012,0.11308
0.06945,0.20118,0.50378,0.22560
0.08661,0.90657,0.00013,0.00668
0.58589,0.41395,0.00000,0.00016
0.60117,0.36591,0.03293,0.00000
0.00520,0.79636,0.19785,0.00059
0.37432,0.51447,0.00000,0.11121
0.09647,0.16600,0.49268,0.24485
0.00510,0.98885,0.00601,0.00004
0.06229,0.79197,0.05113,0.09460
0.20775,0.58972,0.20253,0.00000
0.00001,0.32423,0.15628,0.51948
0.24904,0.71504,0.03592,0.00000
0.97804,0.02196,0.00000,0.00000
0.02920,0.97005,0.00075,0.00000
0.03550,0.67352,0.00154,0.28945
0.05922,0.88418,0.00380,0.05279
0.12295,0.51307,0.36398,0.00000
0.60756,0.35852,0.03393,0.00000
0.71592,0.28403,0.00003,0.00002
0.00501,0.93394,0.00002,0.06102
0.13425,0.82122,0.00002,0.04451
0.04664,0.24790,0.66040,0.04506
0.83052,0.11288,0.00018,0.05642
0.86042,0.05810,0.07844,0.00304
0.78264,0.20876,0.00059,0.00801
0.42582,0.10080,0.00000,0.47338
0.00415,0.11480,0.88101,0.00004
0.00002,0.73421,0.26380,0.00198
0.00790,0.75091,0.00000,0.24119
0.76318,0.19266,0.02615,0.01801
0.00051,0.99938,0.00007,0.00003
0.55274,0.44661,0.00000,0.00065
0.83006,0.15976,0.00000,0.01019
0.00631,0.34726,0.54404,0.10238
0.27117,0.00404,0.00234,0.72245
0.00055,0.30803,0.15168,0.53974
0.00247,0.99736,0.00017,0.00000
0.07967,0.61850,0.00000,0.30183
0.05341,0.27035,0.05148,0.62476
0.63225,0.36743,0.00006,0.00027
0.02227,0.95074,0.01525,0.01174
0.04899,0.84464,0.00899,0.09738
0.00000,0.00321,0.02263,0.97416
0.04765,0.95217,0.00000,0.00018
0.10791,0.53042,0.07375,0.28792
0.47433,0.52518,0.00001,0.00047
0.83443,0.06860,0.00000,0.09697
0.11369,0.38121,0.50510,0.00000
0.03652,0.84543,0.11771,0.00035
0.70413,0.19875,0.04878,0.04834
0.09335,0.87440,0.00001,0.03224
0.00001,0.06725,0.93274,0.00000
0.00006,0.95179,0.00058,0.04757
0.46516,0.53272,0.00149,0.00063
0.02672,0.02268,0.00012,0.95048
0.44900,0.55024,0.00044,0.00032
0.55632,0.44368,0.00000,0.00000
0.08504,0.63655,0.00042,0.27799
0.01316,0.03585,0.17346,0.77753
0.00752,0.91608,0.00010,0.07630
0.15625,0.82092,0.02283,0.00000
0.55208,0.39563,0.00005,0.05224
0.00013,0.98636,0.00000,0.01351
0.93189,0.06791,0.00000,0.00020
0.02976,0.03033,0.93990,0.00000
0.01865,0.91061,0.06547,0.00527
0.25924,0.70958,0.03091,0.00028
0.01923,0.71911,0.16893,0.09274
0.00115,0.81110,0.00718,0.18057
0.29442,0.55535,0.09911,0.05112
0.01489,0.84150,0.00000,0.14360
0.00774,0.39299,0.59918,0.00009
0.70174,0.07034,0.04671,0.18122
0.00001,0.51135,0.48839,0.00026
0.29326,0.69148,0.00015,0.01511
0.82486,0.05940,0.11565,0.00009
0.49261,0.30722,0.12792,0.07225
0.84512,0.14679,0.00808,0.00002
0.24211,0.75531,0.00210,0.00048
0.00006,0.96671,0.00000,0.03323
0.44302,0.54945,0.00448,0.00305
0.15790,0.02662,0.81549,0.00000
0.26781,0.73179,0.00000,0.00040
0.86944,0.03777,0.09278,0.00000
0.07014,0.87099,0.05886,0.00000
0.01561,0.95846,0.02593,0.00000
0.14495,0.75791,0.09646,0.00068
0.00470,0.01004,0.94863,0.03663
0.00000,0.12627,0.04580,0.82793
0.07764,0.13510,0.00452,0.78274
0.64662,0.32991,0.02310,0.00037
0.76994,0.22618,0.00024,0.00365
0.01171,0.48349,0.50468,0.00011
0.02731,0.43207,0.54062,0.00000
0.57792,0.18600,0.23608,0.00000
0.00318,0.24753,0.00512,0.74416
0.00026,0.47315,0.52659,0.00000
0.01210,0.98457,0.00331,0.00002
0.57608,0.13632,0.28741,0.00020
0.21314,0.62930,0.01599,0.14157
0.01599,0.93927,0.01259,0.03214
0.24729,0.69993,0.05269,0.00009
0.00078,0.74649,0.25249,0.00024
0.63481,0.36494,0.00025,0.00000
0.00087,0.99909,0.00004,0.00000
0.94756,0.05018,0.00222,0.00005
0.85804,0.13695,0.00007,0.00494
0.89551,0.10287,0.00162,0.00000
0.10521,0.88503,0.00971,0.00005
0.83379,0.03658,0.00012,0.12951
0.44945,0.03690,0.51356,0.00008
0.78198,0.20038,0.01764,0.00000
0.78041,0.21391,0.00001,0.00567
0.02203,0.45416,0.05594,0.46787
0.30696,0.28085,0.40850,0.00368
0.56847,0.35048,0.08105,0.00000
0.00317,0.93307,0.02680,0.03696
0.00000,0.87486,0.00367,0.12147
0.00000,0.99996,0.00000,0.00004
0.03356,0.95793,0.00722,0.00129
0.49870,0.50126,0.00003,0.00000
0.75872,0.00076,0.00000,0.24052
0.58515,0.31587,0.00000,0.09898
0.60410,0.38479,0.01109,0.00002
0.46064,0.53874,0.00061,0.00000
0.00370,0.79807,0.17816,0.02007
0.08216,0.08385,0.00096,0.83303
0.15828,0.42580,0.41561,0.00031
0.25238,0.60128,0.00001,0.14633
0.02745,0.95956,0.01252,0.00047
0.13913,0.61851,0.11728,0.12508
0.46930,0.52248,0.00016,0.00806
0.05954,0.18436,0.12093,0.63518
0.05163,0.94436,0.00382,0.00019
0.05353,0.24044,0.00000,0.70603
0.00037,0.97268,0.00002,0.02692
0.00053,0.91440,0.08479,0.00028
0.45288,0.21205,0.33503,0.00004
0.33055,0.66942,0.00003,0.00000
0.00050,0.00819,0.99085,0.00046
0.10002,0.89766,0.00231,0.00001
0.08708,0.91237,0.00008,0.00047
0.13613,0.39666,0.01943,0.44779
0.16263,0.72796,0.07997,0.02944
0.02084,0.51634,0.42968,0.03314
0.00866,0.02898,0.96038,0.00199
0.00001,0.90971,0.00000,0.09028
0.08016,0.04235,0.52249,0.35500
0.18504,0.40332,0.00000,0.41164
0.05523,0.12701,0.81776,0.00000
0.01063,0.98929,0.00000,0.00008
0.00000,0.65797,0.01686,0.32518
0.50624,0.49266,0.00109,0.00000
0.01201,0.72116,0.05529,0.21154
0.00128,0.47642,0.00071,0.52160
0.05283,0.68964,0.25740,0.00012
0.02562,0.95667,0.00065,0.01706
0.17814,0.44068,0.00034,0.38083
0.01636,0.76416,0.00209,0.21739
0.00357,0.82081,0.13040,0.04521
0.00045,0.13494,0.02948,0.83512
0.08143,0.71960,0.00000,0.19898
0.35692,0.64245,0.00063,0.00000
0.00370,0.92626,0.02455,0.04549
0.00006,0.99113,0.00122,0.00760
0.51245,0.47960,0.00017,0.00778
0.15485,0.52056,0.00160,0.32299
0.16724,0.83270,0.00006,0.00000
0.00008,0.86733,0.00000,0.13259
0.12853,0.86151,0.00993,0.00003
0.78236,0.10709,0.10889,0.00166
0.92037,0.01900,0.00000,0.06063
0.00730,0.95247,0.01305,0.02719
0.09342,0.83836,0.00949,0.05873
0.34239,0.35005,0.13317,0.17439
0.13407,0.62248,0.21629,0.02716
0.00056,0.78639,0.21305,0.00000
0.56595,0.03171,0.40234,0.00000
0.35916,0.60601,0.01187,0.02296
0.55831,0.44098,0.00066,0.00006
0.26016,0.16311,0.57673,0.00000
0.00070,0.45510,0.54420,0.00001
0.02533,0.00169,0.97176,0.00122
0.26478,0.73376,0.00146,0.00000
0.34876,0.49050,0.16061,0.00013
0.90551,0.09449,0.00000,0.00000
0.00016,0.90424,0.03144,0.06416
0.05251,0.91330,0.00000,0.03419
0.00377,0.32717,0.66906,0.00000
0.06725,0.66970,0.01856,0.24449
0.00001,0.02579,0.05310,0.92110
0.69093,0.27642,0.00059,0.03206
0.12748,0.00388,0.86864,0.00000
0.13170,0.19624,0.56979,0.10227
0.82860,0.06000,0.11140,0.00000
0.03394,0.66919,0.00000,0.29688
0.53298,0.38535,0.04034,0.04133
0.04889,0.91011,0.01052,0.03048
0.38935,0.32670,0.24423,0.03972
0.00841,0.60774,0.38385,0.00000
0.01347,0.96807,0.01166,0.00680
0.93399,0.01748,0.04088,0.00765
0.79624,0.20370,0.00006,0.00000
0.03809,0.10319,0.85792,0.00080
0.00335,0.01317,0.98347,0.00000
0.29314,0.69197,0.01489,0.00000
0.67678,0.23233,0.00012,0.09078
0.45461,0.54388,0.00151,0.00000
0.65900,0.00554,0.00000,0.33546
0.75698,0.24302,0.00001,0.00000
0.15268,0.84732,0.00000,0.00000
0.00151,0.99816,0.00012,0.00021
0.17550,0.38681,0.43769,0.00001
0.04710,0.02760,0.92509,0.00021
0.77237,0.18281,0.00002,0.04480
0.17477,0.80863,0.01659,0.00000
0.62268,0.37732,0.00000,0.00000
0.00028,0.58470,0.41501,0.00001
0.17605,0.46049,0.14260,0.22085
0.63221,0.07699,0.29056,0.00024
0.96057,0.00033,0.03910,0.00000
0.01342,0.28224,0.45870,0.24564
0.01096,0.98818,0.00086,0.00000
0.00246,0.99422,0.00314,0.00018
0.58037,0.41708,0.00255,0.00000
0.00000,0.65516,0.32816,0.01668
0.56349,0.05793,0.01939,0.35919
0.04515,0.75428,0.00000,0.20057
0.00056,0.29108,0.00559,0.70277
0.51894,0.47149,0.00002,0.00954
0.00139,0.96748,0.03038,0.00075
0.40208,0.33969,0.22618,0.03205
0.64740,0.29243,0.00395,0.05622
0.00006,0.99994,0.00000,0.00000
0.10710,0.78307,0.01856,0.09127
0.48972,0.45248,0.05775,0.00005
0.00148,0.05149,0.93276,0.01427
0.04044,0.28051,0.67648,0.00257
0.87801,0.07410,0.04788,0.00001
0.35023,0.01577,0.10437,0.52963
0.15006,0.77687,0.06456,0.00852
0.97026,0.02855,0.00000,0.00119
0.08477,0.83552,0.00089,0.07883
0.00136,0.98990,0.00002,0.00872
0.00029,0.96218,0.03753,0.00000
0.19585,0.78448,0.01966,0.00001
0.69007,0.23777,0.07216,0.00000
0.00013,0.91129,0.05648,0.03210
0.29180,0.70749,0.00053,0.00018
0.00507,0.99491,0.00000,0.00001
0.01001,0.83305,0.15694,0.00000
0.02521,0.23987,0.68307,0.05185
0.04194,0.86650,0.03414,0.05742
0.00001,0.21474,0.78525,0.00000
0.04262,0.53357,0.00093,0.42289
0.00168,0.61331,0.12671,0.25829
0.16225,0.06431,0.20484,0.56860
