0.19932,0.01572,0.01844,0.07429,0.06162,0.14200,0.14636,0.02336,0.04364,0.27525
0.23131,0.06683,0.06380,0.07774,0.23236,0.09273,0.07757,0.02233,0.01934,0.11598
0.25725,0.03911,0.04042,0.04318,0.31942,0.04161,0.05700,0.09170,0.02297,0.08733
0.18165,0.05679,0.06338,0.11507,0.06445,0.17800,0.18034,0.01519,0.01311,0.13203
0.20041,0.06643,0.05715,0.14464,0.09498,0.20423,0.10673,0.02280,0.03667,0.06595
0.20763,0.01921,0.02003,0.22983,0.04494,0.24852,0.12352,0.00979,0.04293,0.05359
0.33404,0.03181,0.02937,0.12104,0.12144,0.14472,0.08428,0.03067,0.04721,0.05542
0.15450,0.18936,0.15135,0.07331,0.12752,0.08828,0.13986,0.00809,0.03329,0.03445
0.16827,0.04345,0.03494,0.30341,0.04153,0.21495,0.06951,0.02130,0.02517,0.07747
0.10903,0.10994,0.08920,0.08004,0.06073,0.09115,0.34693,0.01022,0.04963,0.05311
0.17319,0.03051,0.03074,0.10449,0.05143,0.17846,0.20119,0.01253,0.15894,0.05852
0.31982,0.04623,0.04420,0.12282,0.08091,0.13672,0.03811,0.02488,0.15855,0.02777
0.21330,0.03581,0.04539,0.12165,0.08773,0.10486,0.26483,0.01047,0.02704,0.08892
0.26320,0.04330,0.04060,0.06988,0.28190,0.08761,0.04768,0.04671,0.03263,0.08649
0.27630,0.03225,0.02807,0.15208,0.21846,0.09751,0.05166,0.02221,0.01362,0.10785
0.16521,0.14163,0.16840,0.10863,0.11920,0.03241,0.17601,0.00715,0.01337,0.06798
0.28209,0.18433,0.18665,0.03929,0.08203,0.05098,0.07026,0.01654,0.02395,0.06389
0.20286,0.02351,0.02272,0.15996,0.04657,0.37856,0.06340,0.02423,0.01982,0.05837
0.37075,0.03983,0.04320,0.08135,0.08425,0.18672,0.08433,0.01640,0.04422,0.04895
0.33294,0.03719,0.03410,0.04502,0.18170,0.10506,0.13119,0.01559,0.01096,0.10625
0.58445,0.03192,0.03047,0.04579,0.03777,0.03114,0.07006,0.00839,0.01143,0.14857
0.17514,0.02606,0.02896,0.23360,0.13967,0.13589,0.15695,0.00693,0.01076,0.08605
0.41358,0.02618,0.02454,0.12837,0.07100,0.13357,0.05141,0.04262,0.04349,0.06524
0.10773,0.03032,0.03843,0.16716,0.17870,0.36570,0.05706,0.00985,0.01495,0.03010
0.20187,0.02665,0.03054,0.15477,0.06977,0.19963,0.07063,0.07211,0.03941,0.13462
0.46703,0.02568,0.02827,0.18058,0.14821,0.04382,0.04289,0.01039,0.01490,0.03823
0.18293,0.04303,0.04492,0.06063,0.05346,0.04021,0.08477,0.02005,0.01964,0.45036
0.15313,0.12867,0.15288,0.04919,0.06859,0.14067,0.16393,0.00838,0.01314,0.12141
0.30522,0.02797,0.02770,0.16438,0.15990,0.09672,0.05322,0.01950,0.01240,0.13299
0.20055,0.02404,0.02827,0.20456,0.14616,0.21531,0.04978,0.01884,0.01730,0.09520
0.39116,0.05460,0.04102,0.15194,0.17942,0.05550,0.04767,0.00956,0.01421,0.05492
0.20252,0.02552,0.02886,0.05403,0.13692,0.12203,0.14837,0.00864,0.01629,0.25682
0.36036,0.02726,0.03993,0.13411,0.14757,0.14629,0.05369,0.01732,0.02829,0.04518
0.26465,0.03109,0.03914,0.18078,0.12359,0.09489,0.15439,0.00999,0.01405,0.08744
0.17920,0.17499,0.16472,0.08064,0.06991,0.21133,0.04718,0.01490,0.02105,0.03609
0.28339,0.02691,0.02808,0.12136,0.09674,0.06352,0.10209,0.05916,0.09419,0.12456
0.14605,0.02412,0.02665,0.06410,0.05655,0.32745,0.10155,0.08020,0.03385,0.13948
0.31975,0.04019,0.04185,0.16428,0.06240,0.21061,0.02826,0.03989,0.01506,0.07772
0.25158,0.03505,0.03150,0.17383,0.14061,0.17479,0.12186,0.01422,0.02051,0.03604
0.23586,0.03605,0.03644,0.05357,0.31707,0.11173,0.10390,0.01447,0.02072,0.07019
0.11197,0.13593,0.11218,0.03066,0.30935,0.04253,0.17004,0.00722,0.01226,0.06785
0.29283,0.02736,0.02792,0.13466,0.08020,0.16335,0.15546,0.01576,0.03186,0.07061
0.48376,0.02985,0.03072,0.05005,0.14840,0.06718,0.08178,0.01092,0.01326,0.08409
0.12819,0.06091,0.06915,0.44286,0.03570,0.07316,0.07730,0.01921,0.04393,0.04957
0.14236,0.07706,0.08753,0.27669,0.03769,0.04195,0.22237,0.00538,0.00740,0.10158
0.36069,0.02437,0.02379,0.05420,0.19805,0.14861,0.05255,0.02882,0.01593,0.09300
0.22772,0.12331,0.13902,0.33233,0.04115,0.04035,0.03435,0.00899,0.00836,0.04442
0.16796,0.02321,0.02176,0.19172,0.02986,0.06120,0.17033,0.00773,0.30214,0.02409
0.36712,0.04180,0.04319,0.07156,0.24521,0.03842,0.07196,0.01096,0.00935,0.10043
0.16858,0.10374,0.10618,0.09900,0.10763,0.13218,0.12294,0.02487,0.04012,0.09478
0.17883,0.03651,0.04139,0.16328,0.16825,0.12588,0.12942,0.02322,0.05853,0.07469
0.34756,0.02406,0.02641,0.08249,0.08514,0.28477,0.04992,0.03041,0.02496,0.04428
0.34561,0.02175,0.02168,0.15145,0.16539,0.04350,0.12776,0.01224,0.06864,0.04198
0.26896,0.12293,0.17082,0.07346,0.12885,0.06639,0.04226,0.02950,0.01769,0.07914
0.17439,0.02164,0.02469,0.29021,0.22497,0.03219,0.08974,0.01008,0.00854,0.12354
0.24802,0.09450,0.11054,0.07058,0.06394,0.17029,0.12203,0.01006,0.02680,0.08323
0.23393,0.02154,0.02575,0.17583,0.12830,0.07162,0.22043,0.01117,0.01644,0.09500
0.29208,0.02609,0.03038,0.11374,0.11191,0.21194,0.05403,0.01435,0.01240,0.13308
0.35586,0.04696,0.04840,0.19772,0.05569,0.05749,0.13589,0.00641,0.07379,0.02179
0.14755,0.11543,0.10534,0.11135,0.09501,0.19677,0.08795,0.01551,0.01680,0.10829
0.16715,0.02891,0.02952,0.13618,0.09745,0.20531,0.22851,0.01309,0.04276,0.05111
0.34616,0.12259,0.12877,0.04851,0.15891,0.08311,0.04311,0.00934,0.00863,0.05087
0.15110,0.07082,0.07815,0.05137,0.07046,0.20624,0.07386,0.01458,0.01014,0.27328
0.18373,0.06867,0.05614,0.15452,0.15727,0.02865,0.06018,0.01338,0.00857,0.26889
0.09173,0.20445,0.12849,0.04983,0.05733,0.24045,0.05826,0.05088,0.03439,0.08420
0.41937,0.02612,0.02603,0.04793,0.20258,0.13231,0.05822,0.01177,0.01418,0.06149
0.20574,0.07109,0.07247,0.12642,0.08461,0.24386,0.08429,0.02024,0.04631,0.04497
0.34473,0.03640,0.03578,0.12240,0.06603,0.21560,0.04402,0.02518,0.01060,0.09926
0.18655,0.08922,0.09069,0.33100,0.05696,0.13416,0.03785,0.01204,0.01765,0.04388
0.25684,0.02149,0.02398,0.13441,0.12533,0.07298,0.06465,0.01741,0.24932,0.03360
0.14400,0.04026,0.03726,0.26230,0.05748,0.08198,0.24295,0.00898,0.01370,0.11108
0.21199,0.05698,0.06348,0.11373,0.11331,0.09590,0.20275,0.01151,0.02144,0.10893
0.12185,0.06955,0.07526,0.03090,0.25319,0.12322,0.21703,0.01080,0.01866,0.07954
0.33969,0.03623,0.03166,0.06249,0.17462,0.08071,0.12841,0.01059,0.01421,0.12139
0.35565,0.12722,0.11224,0.10749,0.06030,0.12268,0.02997,0.01732,0.00728,0.05985
0.19779,0.04142,0.04007,0.03819,0.15277,0.18809,0.19529,0.00842,0.01348,0.12448
0.20091,0.11581,0.08827,0.06602,0.06540,0.15806,0.16240,0.01521,0.03730,0.09062
0.23846,0.03381,0.02806,0.28049,0.04621,0.19274,0.07965,0.01342,0.03512,0.05205
0.30754,0.02125,0.02127,0.05996,0.16866,0.17859,0.13827,0.01337,0.03446,0.05664
0.37323,0.01620,0.01843,0.14523,0.05065,0.28438,0.03267,0.01478,0.01769,0.04674
0.23274,0.01528,0.01814,0.06702,0.07336,0.30312,0.10042,0.01649,0.01558,0.15784
0.16797,0.04612,0.05275,0.12503,0.17888,0.19540,0.11310,0.01405,0.06490,0.04180
0.26090,0.06170,0.07626,0.16506,0.06492,0.08342,0.08651,0.01348,0.14951,0.03823
0.13944,0.02255,0.02141,0.11398,0.04109,0.24398,0.26343,0.01127,0.09452,0.04832
0.25442,0.01996,0.02279,0.17870,0.16650,0.05454,0.19772,0.00792,0.01343,0.08402
0.19839,0.04013,0.03502,0.08735,0.10657,0.18401,0.19592,0.01329,0.01709,0.12224
0.43725,0.02219,0.02442,0.09419,0.11341,0.05586,0.07286,0.01324,0.01417,0.15240
0.37026,0.03379,0.03727,0.16146,0.17353,0.04264,0.05215,0.01228,0.01582,0.10079
0.16915,0.05433,0.05588,0.16421,0.04690,0.08406,0.23449,0.00798,0.01140,0.17161
0.26664,0.02823,0.02841,0.15893,0.19734,0.09963,0.12976,0.01117,0.03883,0.04106
0.27723,0.07173,0.06806,0.11056,0.09873,0.22800,0.08843,0.00792,0.01584,0.03351
0.13709,0.08313,0.08563,0.29207,0.23281,0.05461,0.02925,0.02476,0.01922,0.04143
0.14247,0.12279,0.12629,0.08525,0.09206,0.16298,0.13222,0.00932,0.02039,0.10622
0.24171,0.03316,0.03287,0.10264,0.11322,0.09575,0.05440,0.04326,0.24834,0.03466
0.23293,0.08074,0.09646,0.12943,0.09417,0.17026,0.04526,0.01107,0.11676,0.02293
0.41792,0.02452,0.02113,0.03378,0.36576,0.05712,0.03677,0.00739,0.01362,0.02199
0.29224,0.04876,0.04174,0.05192,0.15921,0.29129,0.04782,0.01299,0.01207,0.04197
0.12823,0.13952,0.09316,0.29444,0.06212,0.09319,0.06833,0.01896,0.03323,0.06882
0.15056,0.04913,0.06296,0.06024,0.13213,0.14254,0.32875,0.00516,0.01121,0.05732
0.23166,0.03580,0.03800,0.16785,0.05236,0.08619,0.09091,0.01482,0.01504,0.26736
