0.00572,0.00019,0.00203,0.00393,0.00114,0.00089,0.00109,0.00545,0.64455,0.00351,0.00026,0.32769,0.00183,0.00024,0.00147
0.00845,0.00528,0.98199,0.00104,0.00210,0.00001,0.00089,0.00000,0.00003,0.00000,0.00003,0.00016,0.00000,0.00000,0.00000
0.01041,0.00066,0.00099,0.00665,0.00046,0.01373,0.00165,0.00081,0.00678,0.63032,0.00957,0.00908,0.01374,0.00631,0.28884
0.00101,0.00409,0.00825,0.01122,0.00202,0.00224,0.00176,0.00130,0.95779,0.00108,0.00074,0.00705,0.00023,0.00084,0.00037
0.00525,0.00187,0.01152,0.00617,0.00028,0.00000,0.01356,0.00000,0.96133,0.00001,0.00000,0.00001,0.00000,0.00000,0.00000
0.00237,0.00517,0.00843,0.00966,0.00101,0.00003,0.00584,0.00006,0.00040,0.00242,0.00108,0.96302,0.00049,0.00000,0.00001
0.00000,0.00081,0.00124,0.01807,0.00369,0.00158,0.00145,0.01466,0.95396,0.00123,0.00019,0.00004,0.00280,0.00000,0.00027
0.00725,0.00257,0.00152,0.00033,0.00302,0.00162,0.00095,0.00068,0.00056,0.00058,0.00006,0.97922,0.00007,0.00005,0.00152
0.00703,0.00215,0.00114,0.00016,0.00030,0.00370,0.00031,0.01241,0.00019,0.78431,0.00812,0.00113,0.00154,0.00310,0.17441
0.00021,0.00057,0.00108,0.99739,0.00007,0.00066,0.00001,0.00000,0.00000,0.00000,0.00000,0.00000,0.00000,0.00000,0.00000
0.00537,0.00133,0.00327,0.00034,0.00000,0.00159,0.00014,0.00670,0.00372,0.00064,0.00006,0.97624,0.00007,0.00040,0.00011
0.00216,0.00066,0.03503,0.01603,0.00338,0.00702,0.00087,0.00058,0.18700,0.00331,0.00121,0.00114,0.00318,0.02198,0.71645
0.95583,0.00106,0.00077,0.00389,0.00017,0.01082,0.00141,0.00970,0.00045,0.00130,0.00653,0.00170,0.00295,0.00257,0.00086
0.00293,0.00189,0.03613,0.19700,0.04153,0.00567,0.00031,0.02836,0.00405,0.01299,0.00097,0.00006,0.66812,0.00000,0.00000
0.00011,0.00037,0.00007,0.00137,0.00043,0.99526,0.00002,0.00003,0.00123,0.00001,0.00001,0.00082,0.00001,0.00000,0.00025
0.00657,0.00104,0.00013,0.00373,0.00019,0.00035,0.00924,0.00002,0.97719,0.00024,0.00001,0.00093,0.00029,0.00006,0.00002
0.00985,0.00127,0.01100,0.85980,0.00170,0.00008,0.00357,0.00159,0.01139,0.08844,0.00428,0.00059,0.00160,0.00120,0.00365
0.00194,0.00397,0.00020,0.00412,0.00176,0.00014,0.00143,0.00008,0.00542,0.00169,0.00046,0.97689,0.00002,0.00000,0.00187
0.00262,0.00082,0.00064,0.00368,0.00592,0.00084,0.00351,0.00000,0.72681,0.00175,0.00072,0.24881,0.00104,0.00054,0.00230
0.03339,0.00261,0.00141,0.38362,0.00443,0.02630,0.00185,0.00350,0.00076,0.36425,0.00006,0.17338,0.00380,0.00011,0.00054
0.00316,0.01341,0.00393,0.02660,0.02464,0.00591,0.00063,0.00553,0.00007,0.00152,0.00898,0.90563,0.00000,0.00000,0.00000
0.00492,0.00030,0.01434,0.00891,0.00022,0.00217,0.01594,0.00350,0.91419,0.00734,0.01488,0.01267,0.00042,0.00002,0.00019
0.00750,0.48534,0.01703,0.14760,0.14367,0.00053,0.00003,0.12119,0.00163,0.06886,0.00027,0.00012,0.00143,0.00044,0.00437
0.00616,0.03633,0.00721,0.02513,0.01450,0.04485,0.01218,0.00637,0.53877,0.22905,0.00696,0.00607,0.06315,0.00188,0.00138
0.01949,0.00087,0.00800,0.09359,0.44643,0.01590,0.00094,0.00000,0.06577,0.09679,0.00000,0.04751,0.10387,0.00003,0.10081
0.02930,0.00315,0.00555,0.11219,0.01808,0.02539,0.00172,0.00215,0.79183,0.00717,0.00043,0.00046,0.00225,0.00014,0.00019
0.00668,0.00134,0.00081,0.97941,0.00029,0.00015,0.00316,0.00056,0.00382,0.00061,0.00000,0.00281,0.00006,0.00020,0.00009
0.00070,0.00022,0.01136,0.00946,0.00067,0.00283,0.00744,0.00799,0.00778,0.21984,0.01181,0.02257,0.00017,0.00005,0.69710
0.00120,0.00000,0.00428,0.00574,0.00000,0.00047,0.00057,0.00653,0.00046,0.00089,0.00015,0.97839,0.00005,0.00038,0.00088
0.00264,0.01145,0.00009,0.00338,0.00397,0.00177,0.00002,0.00409,0.97180,0.00032,0.00000,0.00018,0.00010,0.00000,0.00019
0.01361,0.00390,0.00308,0.85439,0.00035,0.00958,0.00094,0.00530,0.09818,0.00743,0.00068,0.00089,0.00041,0.00029,0.00097
0.00149,0.00293,0.00006,0.00199,0.00170,0.00063,0.00096,0.00034,0.00180,0.00019,0.00108,0.98675,0.00004,0.00002,0.00000
0.00974,0.00353,0.00358,0.00985,0.00516,0.00182,0.00716,0.01655,0.94068,0.00079,0.00033,0.00021,0.00060,0.00000,0.00000
0.00901,0.03021,0.00039,0.46992,0.00071,0.01750,0.01784,0.00040,0.35138,0.00571,0.00906,0.00121,0.08022,0.00403,0.00240
0.00849,0.01919,0.84203,0.01833,0.00167,0.00039,0.00174,0.00294,0.01546,0.00032,0.00576,0.08358,0.00010,0.00000,0.00000
0.00189,0.00408,0.00090,0.00091,0.00024,0.00229,0.00202,0.00051,0.00001,0.00192,0.00447,0.97668,0.00287,0.00010,0.00112
0.03000,0.00285,0.02223,0.91406,0.00988,0.00336,0.00010,0.00001,0.00698,0.00356,0.00028,0.00212,0.00204,0.00055,0.00198
0.00002,0.00126,0.00134,0.00216,0.00306,0.00001,0.00068,0.00011,0.00702,0.00079,0.00302,0.98050,0.00000,0.00001,0.00001
0.00162,0.01127,0.00230,0.00542,0.00096,0.00237,0.01161,0.00239,0.95334,0.00061,0.00023,0.00038,0.00088,0.00578,0.00084
0.00423,0.00572,0.00019,0.94572,0.00188,0.00210,0.02761,0.00094,0.00647,0.00332,0.00037,0.00000,0.00001,0.00000,0.00142
0.00087,0.00200,0.00112,0.00241,0.00847,0.00298,0.00190,0.00085,0.00290,0.00075,0.01678,0.95716,0.00162,0.00013,0.00006
0.00612,0.01104,0.00907,0.00000,0.00778,0.00440,0.00211,0.02189,0.93161,0.00523,0.00000,0.00044,0.00011,0.00004,0.00015
0.00549,0.04216,0.01859,0.00430,0.00105,0.00339,0.00071,0.00002,0.00099,0.91455,0.00303,0.00556,0.00013,0.00001,0.00003
0.00090,0.00464,0.01187,0.97693,0.00052,0.00028,0.00001,0.00012,0.00455,0.00000,0.00018,0.00000,0.00000,0.00000,0.00000
0.00103,0.00080,0.00031,0.00018,0.00820,0.00014,0.00174,0.00280,0.98478,0.00000,0.00002,0.00000,0.00000,0.00000,0.00000
0.00150,0.00062,0.00003,0.00428,0.01087,0.00160,0.00256,0.00005,0.00073,0.00077,0.00302,0.97262,0.00061,0.00001,0.00073
0.00675,0.00892,0.00003,0.00326,0.00163,0.00376,0.01119,0.00010,0.01359,0.65838,0.00341,0.28855,0.00030,0.00005,0.00007
0.00035,0.00055,0.00075,0.00222,0.00062,0.00000,0.00085,0.00117,0.00044,0.00111,0.00052,0.99134,0.00007,0.00000,0.00000
0.00303,0.00006,0.00063,0.00087,0.00021,0.00051,0.00764,0.00005,0.00120,0.00072,0.00070,0.98437,0.00000,0.00000,0.00001
0.00350,0.00566,0.00167,0.98760,0.00129,0.00002,0.00008,0.00003,0.00010,0.00001,0.00002,0.00001,0.00001,0.00000,0.00000
0.00454,0.00637,0.98909,0.00000,0.00000,0.00000,0.00000,0.00000,0.00000,0.00000,0.00000,0.00000,0.00000,0.00000,0.00000
0.00521,0.06116,0.37811,0.15450,0.16533,0.00090,0.00010,0.00006,0.00011,0.03390,0.02442,0.17609,0.00002,0.00007,0.00002
0.02038,0.00514,0.00111,0.00872,0.00668,0.00172,0.00009,0.00443,0.00447,0.00248,0.00128,0.00408,0.93859,0.00017,0.00067
0.00135,0.00443,0.00774,0.00291,0.00010,0.00318,0.02487,0.00031,0.95275,0.00018,0.00005,0.00118,0.00001,0.00090,0.00005
0.06129,0.00909,0.00880,0.15295,0.03666,0.00024,0.03039,0.00063,0.00213,0.00267,0.00001,0.00012,0.00010,0.00045,0.69447
0.00462,0.00222,0.00125,0.00007,0.02175,0.00051,0.00398,0.00011,0.00376,0.31266,0.00348,0.64543,0.00011,0.00002,0.00004
0.01506,0.00004,0.00050,0.00135,0.00041,0.00044,0.00102,0.00020,0.00050,0.00012,0.00257,0.00077,0.00142,0.00051,0.97509
0.00017,0.00000,0.00007,0.00007,0.00026,0.00001,0.00009,0.00009,0.00049,0.00022,0.00000,0.99824,0.00013,0.00006,0.00010
0.00114,0.00871,0.00201,0.00325,0.00495,0.00077,0.00195,0.00099,0.01399,0.00003,0.00273,0.95834,0.00001,0.00015,0.00099
0.00006,0.00722,0.00100,0.99063,0.00029,0.00002,0.00008,0.00000,0.00011,0.00059,0.00000,0.00000,0.00000,0.00000,0.00000
0.99965,0.00000,0.00005,0.00000,0.00000,0.00004,0.00000,0.00000,0.00010,0.00007,0.00000,0.00002,0.00005,0.00000,0.00001
0.00211,0.00154,0.00337,0.00594,0.00420,0.00043,0.00322,0.00033,0.97366,0.00062,0.00007,0.00099,0.00336,0.00003,0.00012
0.00066,0.00445,0.00398,0.00195,0.00000,0.00139,0.00307,0.00002,0.00021,0.00077,0.00000,0.00263,0.00085,0.97944,0.00059
0.00052,0.00014,0.00001,0.00212,0.00411,0.01264,0.00101,0.00057,0.97886,0.00001,0.00000,0.00001,0.00000,0.00000,0.00000
0.00037,0.00005,0.00085,0.00008,0.00231,0.00134,0.00290,0.00151,0.00111,0.00209,0.00004,0.00312,0.00056,0.98346,0.00021
0.00155,0.00086,0.05817,0.00837,0.00292,0.00593,0.00333,0.03240,0.88385,0.00003,0.00115,0.00039,0.00102,0.00000,0.00000
0.01978,0.00337,0.02266,0.09988,0.00088,0.19076,0.03179,0.00003,0.00245,0.00426,0.00050,0.00083,0.62201,0.00033,0.00046
0.00038,0.01369,0.00537,0.00060,0.00000,0.00128,0.00256,0.00009,0.00002,0.00942,0.00016,0.00445,0.96087,0.00096,0.00017
0.00009,0.00002,0.00405,0.00000,0.00532,0.00210,0.00231,0.00266,0.02141,0.96003,0.00000,0.00032,0.00155,0.00004,0.00010
0.00887,0.06943,0.01073,0.10017,0.00258,0.00862,0.00813,0.00000,0.59081,0.00875,0.00433,0.18102,0.00161,0.00087,0.00407
0.00062,0.01110,0.04413,0.70536,0.00217,0.00633,0.00081,0.00030,0.01661,0.04144,0.00437,0.01011,0.00826,0.00266,0.14570
0.00000,0.00065,0.00002,0.00686,0.00097,0.00050,0.00156,0.00033,0.00104,0.00039,0.00418,0.98159,0.00015,0.00161,0.00014
0.00240,0.01930,0.00819,0.44595,0.01348,0.00121,0.01190,0.00379,0.02640,0.00547,0.00199,0.45005,0.00597,0.00002,0.00388
0.00480,0.00383,0.00408,0.05466,0.04418,0.00949,0.03770,0.00505,0.00818,0.33758,0.00511,0.00146,0.48193,0.00014,0.00181
0.00123,0.00233,0.00000,0.00409,0.00143,0.00000,0.00110,0.00044,0.00210,0.00079,0.00760,0.97888,0.00000,0.00000,0.00000
0.02461,0.00003,0.03528,0.03074,0.01720,0.01407,0.00077,0.00611,0.62191,0.01682,0.00142,0.22921,0.00021,0.00037,0.00126
0.00203,0.00195,0.00793,0.00007,0.00409,0.00016,0.00003,0.00084,0.97523,0.00627,0.00083,0.00013,0.00001,0.00032,0.00009
0.02624,0.21519,0.00357,0.06350,0.04761,0.00048,0.00138,0.00059,0.61093,0.00380,0.00564,0.00554,0.01006,0.00025,0.00522
0.00144,0.00269,0.00054,0.00026,0.00178,0.00204,0.03633,0.00739,0.00277,0.00111,0.00465,0.00205,0.00000,0.00012,0.93682
0.00060,0.00220,0.00025,0.99607,0.00023,0.00000,0.00001,0.00004,0.00024,0.00011,0.00024,0.00001,0.00000,0.00000,0.00001
0.00048,0.00049,0.00008,0.00116,0.00160,0.00000,0.00115,0.00003,0.00089,0.00040,0.00260,0.99010,0.00079,0.00000,0.00022
0.00081,0.00461,0.00003,0.98898,0.00000,0.00286,0.00154,0.00000,0.00054,0.00011,0.00001,0.00050,0.00000,0.00000,0.00000
0.00032,0.00006,0.00366,0.00015,0.00362,0.00529,0.00181,0.00848,0.97631,0.00025,0.00000,0.00002,0.00003,0.00000,0.00000
0.00266,0.00307,0.04543,0.10984,0.48835,0.00498,0.00000,0.07267,0.02467,0.00038,0.00015,0.00074,0.12898,0.00418,0.11388
0.00030,0.02803,0.00253,0.00484,0.00570,0.00484,0.07140,0.00170,0.01513,0.49179,0.00514,0.00162,0.34966,0.00231,0.01502
0.00001,0.00679,0.00005,0.16287,0.00259,0.04070,0.00024,0.00046,0.04010,0.00792,0.01970,0.70699,0.00299,0.00000,0.00860
0.00158,0.01631,0.00464,0.01894,0.01160,0.00000,0.00138,0.00135,0.00295,0.39734,0.00063,0.54312,0.00005,0.00000,0.00011
0.00137,0.00130,0.01193,0.97334,0.00018,0.00178,0.00415,0.00251,0.00179,0.00124,0.00014,0.00012,0.00010,0.00000,0.00005
0.00838,0.00011,0.04098,0.07035,0.02318,0.00352,0.00412,0.00000,0.83714,0.00520,0.00002,0.00627,0.00075,0.00000,0.00000
0.00638,0.01054,0.51573,0.03788,0.00260,0.00273,0.00215,0.00128,0.00774,0.04716,0.00739,0.19987,0.00365,0.00452,0.15038
0.00466,0.00338,0.01408,0.02078,0.00209,0.00115,0.00162,0.00852,0.00218,0.00011,0.00050,0.94014,0.00002,0.00032,0.00044
0.00904,0.00030,0.00005,0.00066,0.01486,0.00555,0.00141,0.00858,0.00011,0.95908,0.00000,0.00021,0.00015,0.00000,0.00000
0.99499,0.00034,0.00084,0.00094,0.00023,0.00008,0.00089,0.00000,0.00003,0.00042,0.00059,0.00065,0.00000,0.00000,0.00000
0.00003,0.00034,0.00015,0.00046,0.00255,0.00306,0.00031,0.00037,0.00235,0.99034,0.00000,0.00002,0.00000,0.00000,0.00000
0.00157,0.00003,0.00315,0.01375,0.00617,0.00670,0.00233,0.00193,0.01136,0.00083,0.01039,0.93271,0.00035,0.00004,0.00868
0.00001,0.00119,0.00049,0.00097,0.00309,0.00003,0.00042,0.00001,0.00107,0.99135,0.00002,0.00116,0.00001,0.00008,0.00010
0.00682,0.44876,0.06414,0.16386,0.00655,0.01926,0.00417,0.01040,0.08045,0.18453,0.00120,0.00809,0.00074,0.00001,0.00100
0.02109,0.00064,0.00096,0.00781,0.00100,0.01604,0.02495,0.00001,0.88426,0.01158,0.02122,0.00164,0.00761,0.00098,0.00021
0.00872,0.01618,0.00900,0.00304,0.00486,0.29422,0.00045,0.00058,0.00556,0.00256,0.00035,0.65337,0.00035,0.00070,0.00006
0.00091,0.00485,0.00440,0.00719,0.00666,0.00022,0.00406,0.00221,0.00056,0.00366,0.00849,0.95563,0.00019,0.00076,0.00022
