0.18906,0.21487,0.03414,0.01918,0.02460,0.02472,0.03285,0.02426,0.02300,0.03826,0.02591,0.02972,0.08171,0.03198,0.03779,0.07677,0.02901,0.01319,0.02220,0.02677
0.11049,0.13081,0.03606,0.02057,0.02545,0.02695,0.03122,0.02971,0.02647,0.03990,0.03549,0.04048,0.12845,0.03994,0.04393,0.11819,0.03535,0.01936,0.02936,0.03182
0.15609,0.17621,0.02895,0.01966,0.02157,0.02192,0.03023,0.02103,0.02469,0.03239,0.02731,0.02973,0.12112,0.03477,0.03718,0.11682,0.02727,0.01654,0.02383,0.03270
0.23148,0.24889,0.01831,0.01099,0.01326,0.01437,0.01693,0.01384,0.01286,0.02055,0.01789,0.01936,0.13065,0.02309,0.02375,0.12471,0.01806,0.00914,0.01278,0.01909
0.16695,0.18952,0.03080,0.01928,0.02606,0.02300,0.03108,0.02238,0.02420,0.03446,0.03219,0.03511,0.09061,0.03998,0.04212,0.08813,0.02928,0.01894,0.02448,0.03143
0.19626,0.21274,0.02029,0.01311,0.01548,0.01576,0.02173,0.01588,0.01701,0.02514,0.02276,0.02760,0.12604,0.02893,0.03255,0.12867,0.02392,0.01277,0.01869,0.02467
0.17286,0.18809,0.02710,0.01634,0.01976,0.02078,0.02416,0.01967,0.01923,0.02743,0.01905,0.02483,0.14542,0.02745,0.02929,0.14247,0.02077,0.01259,0.02073,0.02197
0.19835,0.21925,0.02872,0.01673,0.02192,0.02385,0.02826,0.02233,0.02313,0.03101,0.02613,0.02468,0.09197,0.03157,0.03405,0.08914,0.02585,0.01569,0.01935,0.02802
0.21322,0.23255,0.02886,0.01662,0.02164,0.02169,0.03049,0.02315,0.02243,0.03206,0.02501,0.02775,0.07493,0.03319,0.03550,0.07265,0.02555,0.01439,0.02045,0.02786
0.19989,0.22228,0.03454,0.02036,0.02599,0.02700,0.03406,0.02888,0.02445,0.03867,0.02526,0.02617,0.07110,0.03185,0.03333,0.06352,0.02689,0.01689,0.02103,0.02782
0.18420,0.20495,0.02857,0.01706,0.02169,0.02370,0.02648,0.02318,0.02221,0.03317,0.02129,0.02429,0.11922,0.02769,0.03008,0.11721,0.02086,0.01460,0.01873,0.02083
0.15054,0.16782,0.03409,0.01974,0.02635,0.02341,0.02997,0.02953,0.02726,0.03701,0.03132,0.03176,0.11131,0.03505,0.03833,0.10745,0.02822,0.01758,0.02424,0.02900
0.19218,0.21390,0.03214,0.02030,0.02501,0.02540,0.03211,0.02570,0.02604,0.03872,0.02883,0.03042,0.07727,0.03317,0.03299,0.07178,0.02749,0.01678,0.02160,0.02818
0.12916,0.15363,0.03426,0.02145,0.02604,0.02617,0.03294,0.02800,0.02682,0.03962,0.03215,0.03290,0.11102,0.04169,0.04571,0.10712,0.03255,0.01738,0.02666,0.03473
0.18712,0.20794,0.02619,0.01614,0.02056,0.02054,0.02643,0.02059,0.02098,0.03125,0.02135,0.02593,0.12485,0.02809,0.03027,0.11796,0.02024,0.01310,0.01619,0.02428
0.28442,0.30539,0.02244,0.01249,0.01679,0.01539,0.02109,0.01650,0.01667,0.02383,0.01738,0.01836,0.06747,0.02043,0.02022,0.06330,0.01574,0.01037,0.01302,0.01870
0.17537,0.19885,0.03004,0.01779,0.02309,0.02478,0.03218,0.02418,0.02444,0.03670,0.02129,0.02680,0.11007,0.03145,0.03038,0.10833,0.02493,0.01586,0.02006,0.02338
0.15788,0.17845,0.03701,0.02234,0.02706,0.02630,0.03522,0.02807,0.02712,0.03973,0.03590,0.03370,0.07409,0.04077,0.04658,0.07202,0.03251,0.01883,0.02858,0.03784
0.14070,0.15435,0.02299,0.01368,0.01735,0.01838,0.02186,0.01979,0.01730,0.02481,0.02054,0.02399,0.18929,0.02477,0.02684,0.19376,0.01992,0.01155,0.01818,0.01995
0.14897,0.16898,0.03261,0.01978,0.02443,0.02613,0.03213,0.02235,0.02420,0.03624,0.03148,0.03418,0.11429,0.03424,0.03806,0.11083,0.03105,0.01605,0.02434,0.02965
0.14856,0.17251,0.03692,0.02312,0.02790,0.02713,0.03100,0.02942,0.02689,0.04001,0.03180,0.03772,0.09381,0.03550,0.03870,0.08785,0.03297,0.01929,0.02814,0.03077
0.18000,0.19715,0.03033,0.02139,0.02291,0.02124,0.02992,0.02259,0.02513,0.03197,0.02118,0.02275,0.12408,0.02587,0.02771,0.12089,0.02179,0.01360,0.01726,0.02224
0.21139,0.23196,0.02896,0.01670,0.02355,0.02302,0.02851,0.02145,0.02329,0.03146,0.02343,0.02782,0.08024,0.03193,0.03423,0.07887,0.02366,0.01601,0.01791,0.02560
0.20799,0.24195,0.03378,0.01931,0.02239,0.02457,0.03124,0.02431,0.02280,0.03835,0.02259,0.02053,0.08794,0.02739,0.02552,0.08227,0.01748,0.01403,0.01593,0.01962
0.14209,0.16350,0.04471,0.02680,0.03630,0.03001,0.04113,0.03129,0.02917,0.05457,0.03820,0.03541,0.07206,0.04129,0.04306,0.05803,0.03037,0.02079,0.02551,0.03571
0.23114,0.25939,0.03276,0.02024,0.02271,0.02408,0.02889,0.02427,0.02277,0.04028,0.02176,0.02389,0.05899,0.02796,0.02824,0.05363,0.02173,0.01375,0.01855,0.02498
0.17200,0.19855,0.03281,0.01931,0.02224,0.02282,0.02929,0.02305,0.02276,0.03398,0.02810,0.02984,0.10491,0.03332,0.03590,0.10008,0.02565,0.01564,0.02079,0.02895
0.19254,0.21728,0.02601,0.01481,0.01973,0.01984,0.02525,0.02054,0.02203,0.02876,0.02136,0.02070,0.12668,0.02624,0.02733,0.11995,0.02090,0.01233,0.01723,0.02046
0.14901,0.17102,0.03976,0.02695,0.03145,0.03218,0.03672,0.03123,0.02833,0.04311,0.03005,0.03152,0.08336,0.03972,0.04072,0.07879,0.02958,0.01787,0.02509,0.03355
0.16973,0.20020,0.03081,0.02152,0.02213,0.02427,0.03324,0.02656,0.02795,0.03766,0.02683,0.02943,0.09885,0.03204,0.03655,0.09508,0.02412,0.01787,0.01935,0.02581
0.16133,0.17913,0.03831,0.02481,0.03201,0.03036,0.03980,0.03281,0.03039,0.04341,0.03129,0.03230,0.06997,0.03740,0.04117,0.06722,0.03323,0.01841,0.02498,0.03167
0.15012,0.16374,0.02638,0.01685,0.01875,0.02012,0.02545,0.02264,0.01895,0.03082,0.02232,0.02607,0.16094,0.02504,0.03038,0.16406,0.02327,0.01299,0.01798,0.02312
0.17857,0.19384,0.03682,0.02139,0.02510,0.02617,0.03252,0.02632,0.02626,0.03459,0.02731,0.02893,0.09537,0.03290,0.03396,0.09330,0.02315,0.01711,0.02152,0.02490
0.22454,0.24717,0.02500,0.01533,0.02024,0.02002,0.02716,0.02098,0.01947,0.03090,0.02508,0.02457,0.07475,0.03134,0.03372,0.07352,0.02390,0.01475,0.02139,0.02618
0.13118,0.15277,0.03133,0.01901,0.02194,0.02366,0.02968,0.02385,0.02335,0.03406,0.02859,0.03218,0.13603,0.03750,0.04046,0.13205,0.03073,0.01754,0.02297,0.03113
0.19720,0.22379,0.03948,0.02214,0.03003,0.02712,0.03573,0.02669,0.02594,0.04837,0.02194,0.02548,0.07393,0.02520,0.02997,0.07016,0.02248,0.01325,0.01962,0.02148
0.20124,0.21925,0.02522,0.01602,0.01863,0.01948,0.02377,0.02100,0.01982,0.02959,0.01924,0.02088,0.12311,0.02455,0.02559,0.12188,0.02106,0.01106,0.01718,0.02146
0.20650,0.23149,0.02685,0.01692,0.02150,0.02087,0.02938,0.02150,0.02042,0.03161,0.02391,0.02315,0.09607,0.02637,0.03272,0.09200,0.02185,0.01484,0.01790,0.02414
0.19466,0.21427,0.02704,0.01500,0.01895,0.02141,0.02500,0.02088,0.01963,0.03185,0.02072,0.02434,0.11858,0.02527,0.02808,0.12442,0.02044,0.01255,0.01661,0.02029
0.18271,0.19913,0.02796,0.01799,0.02088,0.02033,0.02942,0.02155,0.02119,0.03252,0.02783,0.02547,0.11020,0.03174,0.03346,0.11107,0.02480,0.01580,0.02048,0.02548
0.12502,0.14539,0.02541,0.01636,0.01877,0.02165,0.02695,0.02142,0.02099,0.03211,0.03196,0.03513,0.14543,0.04307,0.04432,0.14346,0.02826,0.01815,0.02428,0.03186
0.14949,0.16451,0.02895,0.01840,0.02347,0.02353,0.03055,0.02295,0.02354,0.03493,0.02146,0.02470,0.14688,0.02634,0.02927,0.15296,0.02320,0.01455,0.01832,0.02201
0.13668,0.16245,0.04090,0.02608,0.02995,0.02940,0.03748,0.03462,0.03190,0.04491,0.02864,0.02920,0.10402,0.03366,0.03527,0.09415,0.02747,0.01895,0.02487,0.02941
0.15077,0.17141,0.03281,0.01995,0.02463,0.02395,0.03029,0.02567,0.02463,0.03740,0.02777,0.02751,0.12647,0.03429,0.03107,0.12389,0.02492,0.01604,0.02115,0.02537
0.13962,0.15552,0.02716,0.01796,0.02098,0.01762,0.02496,0.02219,0.01994,0.02917,0.03241,0.02958,0.14288,0.03531,0.04120,0.14099,0.03089,0.01635,0.02439,0.03089
0.16748,0.18620,0.02716,0.01599,0.02053,0.02100,0.02872,0.02166,0.02238,0.03199,0.02831,0.03146,0.11596,0.03493,0.03876,0.11754,0.02721,0.01406,0.02079,0.02787
0.24029,0.26403,0.02746,0.01746,0.01815,0.01988,0.02529,0.02149,0.01996,0.02931,0.02129,0.02330,0.07317,0.02740,0.02989,0.07017,0.02136,0.01263,0.01627,0.02120
0.12732,0.14644,0.03569,0.02170,0.02810,0.02568,0.03770,0.02971,0.02714,0.04172,0.03551,0.03930,0.10416,0.04297,0.04520,0.09966,0.03270,0.01918,0.02695,0.03317
0.23143,0.24621,0.02290,0.01616,0.01987,0.02006,0.02621,0.02164,0.01952,0.02978,0.02481,0.02983,0.07303,0.03253,0.03391,0.06764,0.02417,0.01492,0.02161,0.02378
0.25261,0.27580,0.02271,0.01291,0.01577,0.01644,0.02234,0.01729,0.01786,0.02559,0.02056,0.02193,0.07911,0.02564,0.02766,0.07808,0.01972,0.01155,0.01739,0.01904
0.21971,0.24691,0.03075,0.01985,0.02329,0.02225,0.03295,0.02344,0.02347,0.03660,0.02153,0.02446,0.07365,0.02624,0.02811,0.07047,0.01952,0.01433,0.01843,0.02405
0.19606,0.22852,0.03296,0.02073,0.02660,0.02457,0.03233,0.02618,0.02577,0.03818,0.02628,0.02816,0.07140,0.03035,0.03621,0.06896,0.02600,0.01522,0.01979,0.02573
0.23221,0.25469,0.02770,0.01582,0.02227,0.02048,0.03037,0.02333,0.02295,0.03450,0.02040,0.02129,0.07427,0.02659,0.02859,0.06896,0.02213,0.01326,0.01777,0.02243
0.15652,0.18327,0.03427,0.02403,0.02789,0.02860,0.03623,0.02885,0.03194,0.04016,0.03296,0.03313,0.07895,0.03882,0.04157,0.07381,0.03203,0.01911,0.02755,0.03030
0.12437,0.14088,0.01986,0.01195,0.01610,0.01642,0.02011,0.01651,0.01617,0.02309,0.01973,0.01926,0.22181,0.02291,0.02289,0.23007,0.01701,0.00847,0.01373,0.01867
0.27606,0.30075,0.02282,0.01418,0.01953,0.01677,0.02289,0.01945,0.01984,0.02568,0.01941,0.01962,0.05640,0.02266,0.02519,0.05456,0.01869,0.01063,0.01531,0.01954
0.17993,0.19973,0.03177,0.02019,0.02601,0.02876,0.03570,0.02771,0.02434,0.03660,0.02824,0.02831,0.08707,0.03392,0.03618,0.08580,0.02654,0.01675,0.01900,0.02746
0.20103,0.22687,0.03457,0.02084,0.02648,0.02607,0.03413,0.02621,0.02677,0.03634,0.02662,0.02726,0.06356,0.03344,0.03402,0.06080,0.02593,0.01808,0.02171,0.02927
0.17195,0.19881,0.03886,0.02220,0.02891,0.02790,0.03903,0.02977,0.02782,0.04192,0.03188,0.03290,0.06878,0.03392,0.03748,0.06353,0.02980,0.01584,0.02706,0.03164
0.21109,0.23735,0.03061,0.02042,0.02427,0.02347,0.03033,0.02339,0.02521,0.03524,0.02328,0.02444,0.07088,0.02958,0.03443,0.06742,0.02662,0.01493,0.02200,0.02505
0.16511,0.19223,0.03441,0.02237,0.02800,0.02542,0.03562,0.02843,0.02722,0.03749,0.02639,0.02829,0.09534,0.03130,0.03255,0.09529,0.02746,0.01890,0.02162,0.02656
0.16978,0.18574,0.03079,0.01793,0.02254,0.02129,0.02888,0.02580,0.02347,0.03368,0.02890,0.02903,0.11378,0.03350,0.03522,0.11022,0.02607,0.01546,0.02057,0.02734
0.17895,0.19815,0.03181,0.02296,0.02732,0.02667,0.03241,0.02457,0.02733,0.03706,0.03282,0.03370,0.07490,0.03855,0.04334,0.06866,0.02652,0.01927,0.02247,0.03251
0.23287,0.25827,0.02150,0.01346,0.01626,0.01737,0.02236,0.01802,0.01635,0.02451,0.02076,0.02032,0.10534,0.02302,0.02464,0.10157,0.01787,0.01054,0.01534,0.01964
0.17082,0.19466,0.03196,0.02193,0.02673,0.02671,0.03220,0.02567,0.02420,0.03696,0.02504,0.02956,0.09657,0.03391,0.03714,0.09287,0.02685,0.01501,0.02280,0.02841
0.16955,0.18984,0.03741,0.02112,0.02596,0.02480,0.03290,0.02542,0.02441,0.03497,0.03350,0.02926,0.08664,0.03752,0.03872,0.08046,0.02972,0.01826,0.02591,0.03363
0.17260,0.19267,0.03466,0.02096,0.02822,0.02645,0.03147,0.02636,0.02757,0.03836,0.02481,0.02690,0.09668,0.03137,0.03501,0.09651,0.02454,0.01673,0.02138,0.02672
0.22455,0.24696,0.02510,0.01521,0.02070,0.01882,0.02396,0.01994,0.02035,0.02778,0.02110,0.02344,0.09322,0.02818,0.02843,0.08840,0.02218,0.01246,0.01787,0.02135
0.24270,0.26319,0.02471,0.01544,0.01747,0.01847,0.02440,0.01912,0.01699,0.02635,0.01993,0.01961,0.09260,0.02373,0.02370,0.08459,0.01875,0.01142,0.01574,0.02109
0.14619,0.17015,0.03084,0.02088,0.02652,0.02627,0.03155,0.02415,0.02467,0.03368,0.02805,0.02972,0.11830,0.03775,0.03819,0.11728,0.02870,0.01718,0.02123,0.02872
0.16004,0.17617,0.03445,0.02178,0.02261,0.02739,0.02965,0.02555,0.02571,0.03184,0.03086,0.03384,0.09775,0.03848,0.04397,0.09450,0.03073,0.01967,0.02292,0.03207
0.14935,0.16839,0.03269,0.02029,0.02443,0.02571,0.02909,0.02734,0.02404,0.03838,0.03171,0.03130,0.10677,0.03636,0.04213,0.10249,0.03018,0.01808,0.02758,0.03369
0.15850,0.17984,0.03565,0.01951,0.02555,0.02752,0.03209,0.02581,0.02511,0.03597,0.02717,0.03357,0.10369,0.03637,0.04014,0.10053,0.02688,0.01624,0.02150,0.02836
0.18339,0.20533,0.03260,0.01889,0.02557,0.02639,0.03223,0.02399,0.02525,0.03719,0.02501,0.02909,0.09599,0.03073,0.03044,0.09047,0.02595,0.01814,0.01981,0.02354
0.14631,0.16360,0.03293,0.02371,0.02909,0.02567,0.03382,0.02635,0.02643,0.04040,0.03248,0.03519,0.09569,0.04436,0.04552,0.08903,0.02991,0.02165,0.02567,0.03219
0.13046,0.15232,0.03285,0.02404,0.02527,0.02572,0.03211,0.02787,0.02434,0.03809,0.02863,0.03284,0.11999,0.03958,0.04286,0.11444,0.03247,0.01887,0.02536,0.03190
0.19099,0.21173,0.02595,0.01585,0.01988,0.01906,0.02744,0.02015,0.02119,0.03154,0.02338,0.02316,0.12023,0.02829,0.03006,0.11664,0.02171,0.01335,0.01846,0.02094
0.19658,0.21816,0.02667,0.01683,0.02023,0.02177,0.02878,0.02003,0.02033,0.03455,0.02587,0.02822,0.10162,0.03162,0.03223,0.09304,0.02376,0.01500,0.01915,0.02554
0.20213,0.22863,0.03144,0.01728,0.02208,0.02355,0.03006,0.02144,0.02191,0.03324,0.02428,0.02462,0.08504,0.03197,0.03348,0.08157,0.02293,0.01641,0.02204,0.02592
0.17811,0.20465,0.02910,0.01880,0.02504,0.02541,0.02833,0.02357,0.02381,0.03289,0.02279,0.02499,0.11245,0.02833,0.02937,0.10631,0.02444,0.01492,0.02079,0.02590
0.16481,0.18442,0.02567,0.01802,0.02186,0.02197,0.02824,0.02271,0.02230,0.03087,0.03049,0.02899,0.12163,0.03430,0.03967,0.11511,0.02651,0.01581,0.01898,0.02765
0.18912,0.21159,0.02444,0.01483,0.01787,0.01823,0.02235,0.01991,0.01952,0.02795,0.02305,0.02397,0.12998,0.02603,0.02888,0.12824,0.01967,0.01178,0.01797,0.02461
0.23132,0.25812,0.02586,0.01507,0.02019,0.02002,0.02623,0.02316,0.02004,0.03155,0.02187,0.02077,0.08053,0.02776,0.02957,0.07426,0.02126,0.01156,0.01652,0.02434
0.11972,0.13229,0.02954,0.01869,0.02439,0.02356,0.02902,0.02268,0.02488,0.02968,0.02721,0.02760,0.16401,0.03361,0.03629,0.15991,0.02590,0.01561,0.02548,0.02993
0.16197,0.18818,0.03358,0.02004,0.02502,0.02662,0.03311,0.02685,0.02402,0.03528,0.02920,0.03364,0.09566,0.03737,0.03618,0.09528,0.02769,0.01831,0.02388,0.02812
0.24469,0.26832,0.02735,0.01730,0.02261,0.02019,0.02860,0.02206,0.02026,0.03377,0.02300,0.02728,0.05792,0.02653,0.03053,0.05681,0.02064,0.01175,0.01606,0.02432
0.19302,0.21422,0.02786,0.01700,0.02270,0.02226,0.02808,0.02163,0.02261,0.03219,0.02379,0.02682,0.10322,0.03158,0.03264,0.10131,0.02303,0.01375,0.01811,0.02418
0.19279,0.21885,0.02911,0.01984,0.02543,0.02384,0.03121,0.02374,0.02301,0.03097,0.02565,0.02929,0.08953,0.02926,0.03341,0.08687,0.02493,0.01507,0.01987,0.02733
0.15288,0.17998,0.03853,0.02570,0.02796,0.02994,0.03663,0.02779,0.02517,0.04000,0.03117,0.03034,0.08986,0.03766,0.03832,0.08476,0.02904,0.01735,0.02388,0.03306
0.23480,0.25962,0.02465,0.01408,0.01972,0.01810,0.02561,0.01960,0.01957,0.03034,0.02307,0.02553,0.07400,0.02930,0.03321,0.07096,0.02215,0.01164,0.01908,0.02498
0.11504,0.12406,0.02159,0.01390,0.01425,0.01500,0.02144,0.01633,0.01669,0.02279,0.01942,0.02176,0.22909,0.02128,0.02476,0.23528,0.01939,0.01122,0.01574,0.02095
0.21723,0.24471,0.02637,0.01507,0.01777,0.01996,0.02655,0.02104,0.01949,0.02878,0.02470,0.02361,0.08877,0.03185,0.03328,0.07763,0.02254,0.01354,0.01902,0.02806
0.20920,0.22752,0.02567,0.01622,0.02103,0.02145,0.02938,0.02369,0.02136,0.03193,0.02383,0.02611,0.09495,0.02738,0.02836,0.09401,0.02226,0.01364,0.01781,0.02420
0.16806,0.19615,0.03120,0.01861,0.02267,0.02301,0.03474,0.02456,0.02589,0.03609,0.02684,0.03303,0.10061,0.03412,0.03407,0.09537,0.02710,0.01608,0.02103,0.03077
0.18517,0.20196,0.02623,0.01489,0.01980,0.02163,0.02669,0.01971,0.01948,0.03125,0.02081,0.02076,0.13601,0.02728,0.02746,0.13343,0.01924,0.01182,0.01555,0.02081
0.21183,0.23717,0.02379,0.01243,0.01581,0.01702,0.02229,0.01822,0.01732,0.02724,0.01802,0.01886,0.12724,0.02079,0.02449,0.12675,0.01721,0.00991,0.01381,0.01981
0.15110,0.17068,0.03201,0.02144,0.02615,0.02762,0.03458,0.02510,0.02526,0.03836,0.03369,0.03347,0.09891,0.03903,0.04202,0.09154,0.03353,0.01791,0.02272,0.03487
0.31214,0.32685,0.01901,0.01163,0.01311,0.01502,0.01767,0.01328,0.01311,0.02038,0.01452,0.01408,0.06329,0.01888,0.01907,0.05932,0.01389,0.00892,0.01146,0.01437
0.18452,0.20827,0.03151,0.02348,0.02411,0.02335,0.03524,0.02775,0.02705,0.03663,0.02781,0.03113,0.07530,0.03453,0.03871,0.07059,0.02915,0.01671,0.02367,0.03052
0.14881,0.17195,0.03452,0.02172,0.02579,0.02756,0.03069,0.02572,0.02694,0.04068,0.02572,0.02793,0.11153,0.03530,0.03692,0.10878,0.02740,0.01763,0.02475,0.02966
0.22286,0.24556,0.03195,0.01897,0.02650,0.02071,0.02976,0.02155,0.02231,0.03625,0.02046,0.02343,0.07682,0.02768,0.02708,0.07105,0.02491,0.01193,0.01675,0.02347
0.19226,0.21869,0.03397,0.02296,0.02739,0.02602,0.03635,0.02855,0.02435,0.04037,0.02533,0.02922,0.07472,0.03326,0.03480,0.06770,0.02396,0.01505,0.01999,0.02505
0.14341,0.16702,0.03313,0.02051,0.02534,0.02303,0.03104,0.02653,0.02488,0.03504,0.02432,0.02988,0.13405,0.03154,0.03418,0.13039,0.02539,0.01519,0.01943,0.02570
0.15534,0.17839,0.02882,0.01903,0.02407,0.02071,0.02777,0.02463,0.02183,0.03399,0.02528,0.02844,0.12824,0.03165,0.03312,0.12974,0.02577,0.01506,0.02118,0.02693
0.14632,0.16398,0.03365,0.01825,0.02554,0.02361,0.02986,0.02406,0.02428,0.03831,0.02698,0.02995,0.12766,0.03335,0.03623,0.12899,0.02463,0.01511,0.02014,0.02910
0.19056,0.20878,0.03014,0.01802,0.02359,0.02406,0.03050,0.02287,0.02330,0.03477,0.02582,0.02627,0.09580,0.03050,0.03460,0.09341,0.02545,0.01614,0.02091,0.02450
0.16981,0.19269,0.03557,0.02244,0.02809,0.02787,0.03471,0.03047,0.02798,0.04366,0.02984,0.02855,0.08634,0.03277,0.03511,0.08223,0.02411,0.01632,0.02231,0.02915
0.24736,0.26999,0.02044,0.01346,0.01760,0.01588,0.02140,0.01745,0.01649,0.02499,0.02078,0.02315,0.08792,0.02385,0.02857,0.08315,0.01897,0.01290,0.01462,0.02103
0.19175,0.21434,0.02643,0.01388,0.01905,0.01899,0.02425,0.01886,0.02015,0.02943,0.02390,0.02495,0.11833,0.02621,0.03043,0.11737,0.02428,0.01475,0.01876,0.02390
0.17345,0.20462,0.03762,0.02176,0.02780,0.02411,0.03080,0.02790,0.02449,0.03769,0.02802,0.03010,0.08262,0.03391,0.03962,0.07704,0.02846,0.01673,0.02290,0.03033
0.19156,0.21108,0.02864,0.01768,0.02439,0.02195,0.02819,0.02450,0.02194,0.03283,0.02834,0.02926,0.09200,0.03607,0.03690,0.08432,0.02573,0.01523,0.02046,0.02892
0.13418,0.15137,0.03714,0.02381,0.02947,0.02757,0.03824,0.02993,0.02989,0.04553,0.03854,0.03720,0.08318,0.04180,0.05202,0.07611,0.03577,0.02129,0.02924,0.03771
0.15146,0.16809,0.03056,0.02138,0.02327,0.02345,0.03090,0.02271,0.02409,0.03314,0.02967,0.03014,0.12527,0.03398,0.03595,0.11781,0.02828,0.01498,0.02295,0.03191
0.17510,0.19530,0.03103,0.01861,0.02245,0.02262,0.02860,0.02119,0.02261,0.03246,0.02500,0.02689,0.11773,0.02813,0.03108,0.11620,0.02418,0.01727,0.01862,0.02492
0.16367,0.18642,0.03471,0.02215,0.02785,0.02627,0.03278,0.02719,0.02760,0.03814,0.03292,0.03206,0.08703,0.03689,0.03867,0.08290,0.02851,0.01806,0.02544,0.03073
0.15184,0.18091,0.03300,0.02047,0.02569,0.02463,0.03133,0.02510,0.02743,0.03705,0.03000,0.03048,0.10074,0.03897,0.03911,0.09934,0.02864,0.01837,0.02579,0.03110
0.22764,0.25189,0.02679,0.01435,0.01932,0.01963,0.02539,0.02008,0.02122,0.02823,0.02113,0.02456,0.08325,0.02722,0.02946,0.08254,0.02108,0.01357,0.01850,0.02414
0.16896,0.18270,0.03566,0.02270,0.02743,0.02697,0.03391,0.02737,0.02784,0.03654,0.03268,0.02979,0.09019,0.03378,0.03716,0.08680,0.02961,0.01734,0.02347,0.02910
0.19661,0.21684,0.03423,0.02004,0.02467,0.02554,0.03398,0.02585,0.02547,0.03866,0.02647,0.02822,0.07948,0.03089,0.03320,0.07328,0.02373,0.01670,0.02031,0.02585
0.21413,0.23820,0.02605,0.01678,0.02161,0.02140,0.02605,0.02168,0.01964,0.02792,0.02213,0.02363,0.10121,0.02676,0.02542,0.09602,0.02004,0.01393,0.01542,0.02198
0.22012,0.24250,0.02210,0.01643,0.01906,0.01736,0.02609,0.02030,0.01762,0.02929,0.01920,0.02259,0.10238,0.02809,0.02698,0.09972,0.01997,0.01245,0.01665,0.02108
0.21578,0.24358,0.03042,0.01836,0.02176,0.02356,0.03033,0.02196,0.02336,0.03583,0.02414,0.02501,0.07753,0.02689,0.03097,0.07152,0.02141,0.01436,0.01912,0.02411
0.18235,0.20532,0.03447,0.01895,0.02492,0.02211,0.03256,0.02753,0.02521,0.03613,0.02255,0.02879,0.09710,0.03037,0.03173,0.09503,0.02306,0.01701,0.02072,0.02409
0.26384,0.29274,0.02675,0.01543,0.02133,0.02004,0.02879,0.02248,0.02062,0.03049,0.02078,0.02185,0.05281,0.02323,0.02575,0.04682,0.01856,0.01064,0.01694,0.02010
0.18759,0.21952,0.03208,0.01880,0.02219,0.02435,0.03029,0.02374,0.02324,0.03510,0.02632,0.02897,0.09217,0.03247,0.03270,0.08621,0.02416,0.01611,0.01806,0.02592
0.21088,0.23772,0.03363,0.02213,0.02452,0.02422,0.03371,0.02547,0.02609,0.03785,0.02441,0.02512,0.07114,0.02852,0.03047,0.06545,0.02045,0.01554,0.01782,0.02486
0.19439,0.21212,0.03674,0.01994,0.02369,0.02525,0.03460,0.02597,0.02691,0.03533,0.02269,0.02660,0.09442,0.02686,0.02886,0.08966,0.02174,0.01302,0.01855,0.02268
0.22326,0.24354,0.02310,0.01214,0.01632,0.01699,0.02240,0.01701,0.01696,0.02636,0.01797,0.02204,0.11204,0.02552,0.02661,0.11515,0.01773,0.01063,0.01484,0.01940
0.18927,0.21737,0.03205,0.01727,0.02433,0.02310,0.03150,0.02445,0.02167,0.03520,0.02325,0.02610,0.09879,0.02824,0.02913,0.09477,0.02308,0.01592,0.02005,0.02447
0.19013,0.20616,0.02983,0.01495,0.02180,0.02261,0.02916,0.02531,0.02243,0.03289,0.02469,0.02614,0.11157,0.02783,0.03054,0.10795,0.02031,0.01422,0.01891,0.02256
0.17959,0.19766,0.02805,0.01861,0.02326,0.02292,0.02860,0.02539,0.02482,0.03218,0.02625,0.03046,0.09929,0.03374,0.03846,0.09318,0.02726,0.01713,0.02348,0.02965
0.14702,0.17121,0.03784,0.02237,0.02721,0.02637,0.03443,0.02985,0.02590,0.04234,0.03334,0.02858,0.10139,0.03540,0.03619,0.09523,0.02891,0.01574,0.02796,0.03272
0.19405,0.22529,0.03237,0.01861,0.02362,0.02488,0.03301,0.02546,0.02463,0.03889,0.02619,0.02705,0.08196,0.03489,0.03194,0.07212,0.02431,0.01662,0.02037,0.02372
0.17155,0.18564,0.03074,0.02097,0.02528,0.02162,0.03352,0.02408,0.02340,0.03640,0.02513,0.02797,0.10786,0.03104,0.03547,0.10520,0.02821,0.01630,0.02310,0.02652
0.13652,0.15750,0.03168,0.02271,0.02513,0.02392,0.02971,0.02518,0.02568,0.03653,0.02880,0.03429,0.12441,0.03829,0.04044,0.11949,0.02858,0.01890,0.02493,0.02730
0.17317,0.19447,0.03694,0.02341,0.03052,0.02833,0.03761,0.02870,0.02850,0.03955,0.02702,0.03280,0.07840,0.03467,0.03574,0.07693,0.02781,0.01885,0.02007,0.02650
0.18185,0.20560,0.03555,0.02168,0.02554,0.02662,0.03378,0.02942,0.03007,0.04194,0.02462,0.02648,0.08189,0.03140,0.03377,0.07664,0.02594,0.01819,0.02443,0.02459
0.13461,0.15105,0.02836,0.02060,0.02423,0.02132,0.02721,0.02213,0.02385,0.03282,0.02657,0.02863,0.14888,0.03329,0.03651,0.15092,0.02483,0.01474,0.02146,0.02800
0.21614,0.24231,0.02716,0.01581,0.02054,0.02105,0.02684,0.02227,0.01955,0.03258,0.02268,0.02616,0.08908,0.02926,0.02930,0.08832,0.01921,0.01330,0.01502,0.02341
0.13890,0.15619,0.02743,0.01751,0.02278,0.02157,0.02859,0.02584,0.02265,0.03172,0.02646,0.02760,0.15208,0.02983,0.03214,0.15465,0.02548,0.01485,0.01947,0.02427
0.17794,0.19943,0.02927,0.01751,0.01774,0.01988,0.02792,0.02076,0.01907,0.03095,0.02510,0.02706,0.12615,0.02746,0.02974,0.12813,0.02172,0.01406,0.01807,0.02205
0.18731,0.21335,0.03102,0.01904,0.02447,0.02255,0.03104,0.02327,0.02374,0.03495,0.02644,0.02879,0.08780,0.03371,0.03612,0.08087,0.03004,0.01554,0.02259,0.02734
0.15833,0.18196,0.02809,0.01789,0.02349,0.02059,0.02781,0.02367,0.02214,0.03514,0.02578,0.02826,0.12943,0.03248,0.03597,0.12718,0.02378,0.01458,0.01723,0.02619
0.17746,0.19643,0.03602,0.02133,0.02682,0.02460,0.03187,0.02496,0.02630,0.03864,0.02417,0.02661,0.10136,0.02895,0.03022,0.10396,0.02277,0.01416,0.01902,0.02437
0.19703,0.21591,0.03124,0.01784,0.02470,0.02091,0.02781,0.02566,0.02439,0.03562,0.02512,0.02731,0.09655,0.02877,0.03042,0.09086,0.02204,0.01431,0.01908,0.02445
0.19815,0.21874,0.03488,0.01918,0.02385,0.02444,0.02937,0.02691,0.02288,0.03464,0.02797,0.02858,0.07489,0.03470,0.03656,0.07053,0.02707,0.01586,0.02182,0.02898
0.18245,0.20105,0.03185,0.01904,0.02310,0.02545,0.03097,0.02508,0.02664,0.03746,0.02459,0.03166,0.09423,0.03327,0.03440,0.09013,0.02528,0.01609,0.01958,0.02768
0.19792,0.21767,0.02489,0.01565,0.01682,0.01727,0.02424,0.01931,0.01986,0.02634,0.02453,0.02340,0.12312,0.02841,0.02894,0.11866,0.02139,0.01293,0.01512,0.02351
0.20812,0.23196,0.02761,0.01661,0.02141,0.02070,0.02823,0.02303,0.02017,0.03181,0.02215,0.02587,0.09486,0.02849,0.03153,0.08831,0.02399,0.01508,0.01707,0.02300
0.21671,0.24757,0.03385,0.01750,0.02230,0.02601,0.02961,0.02508,0.02475,0.03765,0.01899,0.02275,0.07789,0.02430,0.02543,0.07633,0.02125,0.01227,0.01792,0.02186
0.17146,0.19474,0.02494,0.01702,0.01934,0.01899,0.02574,0.02097,0.02020,0.02950,0.02163,0.02421,0.14542,0.02563,0.02566,0.14281,0.02037,0.01301,0.01676,0.02158
0.24495,0.26858,0.02446,0.01528,0.02014,0.01781,0.02596,0.01957,0.01917,0.02963,0.02178,0.02230,0.07551,0.02402,0.02663,0.07241,0.01926,0.01136,0.01897,0.02224
0.23343,0.25739,0.02393,0.01555,0.01888,0.01811,0.02339,0.01909,0.01609,0.02779,0.01810,0.01980,0.09890,0.02341,0.02665,0.09667,0.01968,0.00981,0.01508,0.01823
0.19707,0.22261,0.02547,0.01722,0.02162,0.01983,0.02611,0.02236,0.01987,0.02968,0.02285,0.02631,0.10690,0.02901,0.03054,0.10702,0.02248,0.01213,0.01820,0.02272
0.18193,0.21528,0.03498,0.02014,0.02620,0.02744,0.03456,0.02762,0.02527,0.04229,0.02820,0.03038,0.07211,0.03570,0.03758,0.06520,0.02473,0.01819,0.02384,0.02833
0.21345,0.23594,0.02257,0.01352,0.01804,0.01809,0.02206,0.01985,0.01712,0.02840,0.01904,0.02216,0.11734,0.02262,0.02673,0.11870,0.01850,0.01194,0.01499,0.01893
0.12650,0.14556,0.03465,0.02154,0.02737,0.02625,0.03337,0.02478,0.02691,0.03850,0.03758,0.04395,0.09027,0.04876,0.05373,0.08446,0.03779,0.02228,0.03416,0.04159
0.23976,0.25830,0.02361,0.01439,0.01679,0.01736,0.02594,0.01869,0.01901,0.02696,0.02018,0.02093,0.09049,0.02332,0.02688,0.08979,0.01771,0.01248,0.01726,0.02017
0.13658,0.15854,0.03375,0.01857,0.02385,0.02570,0.03319,0.02424,0.02725,0.04034,0.02700,0.02790,0.13314,0.03341,0.03674,0.13019,0.02541,0.01571,0.02175,0.02674
0.21176,0.23571,0.02592,0.01739,0.02226,0.01992,0.02594,0.02368,0.01951,0.02935,0.02557,0.02490,0.08997,0.03013,0.03359,0.08529,0.02203,0.01315,0.01772,0.02621
0.20740,0.23070,0.02874,0.01944,0.02063,0.02115,0.02806,0.02122,0.02335,0.03452,0.02706,0.02641,0.08111,0.02987,0.03413,0.07795,0.02529,0.01467,0.02318,0.02511
0.16973,0.20088,0.04201,0.02935,0.03243,0.03021,0.03908,0.03035,0.03001,0.04600,0.02963,0.02627,0.07439,0.02736,0.03434,0.07253,0.02355,0.01597,0.01987,0.02602
0.15976,0.18143,0.03174,0.01915,0.02446,0.02178,0.03232,0.02421,0.02503,0.03616,0.03350,0.03523,0.10065,0.03844,0.04109,0.09151,0.02901,0.01837,0.02462,0.03152
0.14407,0.16393,0.04184,0.02378,0.02861,0.03288,0.03655,0.03116,0.02882,0.04571,0.03087,0.03448,0.08868,0.03800,0.04044,0.08418,0.03080,0.01851,0.02585,0.03085
0.17590,0.20008,0.03181,0.01719,0.02346,0.02195,0.03100,0.02187,0.02125,0.03583,0.02355,0.02698,0.11082,0.02958,0.03421,0.10680,0.02402,0.01599,0.02150,0.02622
0.16179,0.18213,0.02654,0.01657,0.01925,0.02013,0.02347,0.02034,0.02060,0.02812,0.02331,0.02661,0.14172,0.03137,0.03574,0.14353,0.02259,0.01388,0.01809,0.02423
0.15977,0.18094,0.03235,0.01779,0.02237,0.02370,0.02687,0.02535,0.02222,0.03565,0.02786,0.03098,0.10789,0.03625,0.04010,0.10358,0.03099,0.01856,0.02333,0.03345
0.21686,0.24127,0.03093,0.02110,0.02389,0.02487,0.03230,0.02584,0.02334,0.03637,0.02453,0.02575,0.07140,0.02885,0.03252,0.06423,0.02218,0.01524,0.01684,0.02167
0.19730,0.21169,0.02956,0.01979,0.02241,0.02212,0.02978,0.02274,0.02390,0.03276,0.02975,0.02770,0.08716,0.03579,0.03643,0.07789,0.02797,0.01676,0.02240,0.02611
0.16547,0.18839,0.03956,0.02085,0.02810,0.02652,0.03862,0.02953,0.02870,0.04574,0.02760,0.02952,0.08404,0.03638,0.03651,0.07630,0.03019,0.01697,0.02428,0.02674
0.16138,0.18381,0.03372,0.02274,0.02815,0.02456,0.03556,0.02692,0.02675,0.03951,0.03101,0.03202,0.08684,0.03616,0.04138,0.08049,0.03121,0.01839,0.02584,0.03355
0.18041,0.20113,0.02855,0.01599,0.02079,0.02040,0.02666,0.02087,0.01857,0.03111,0.02428,0.02557,0.12110,0.02938,0.03313,0.12223,0.02401,0.01240,0.01904,0.02439
0.23579,0.26059,0.02457,0.01516,0.02087,0.01750,0.02481,0.01905,0.01818,0.03166,0.02435,0.02607,0.07726,0.03074,0.03022,0.06913,0.02078,0.01333,0.01766,0.02227
0.14736,0.17691,0.02828,0.01618,0.02211,0.02023,0.02665,0.02154,0.02169,0.03301,0.02595,0.02659,0.14574,0.02994,0.03288,0.14809,0.02109,0.01392,0.01771,0.02412
0.14548,0.16037,0.02750,0.01734,0.01810,0.01995,0.02412,0.01895,0.01940,0.02833,0.02301,0.02763,0.15925,0.02971,0.03309,0.15899,0.02695,0.01406,0.02045,0.02731
0.14674,0.16647,0.02991,0.01936,0.02240,0.02131,0.02905,0.02498,0.02152,0.03737,0.03012,0.02875,0.12513,0.03604,0.03788,0.12147,0.02861,0.01569,0.02736,0.02985
0.16296,0.17906,0.04007,0.02271,0.02835,0.02886,0.03623,0.03017,0.02921,0.04241,0.02301,0.02366,0.10965,0.02606,0.02710,0.10690,0.02346,0.01728,0.01838,0.02445
0.15341,0.17674,0.03144,0.01914,0.02660,0.02335,0.02990,0.02234,0.02499,0.03368,0.02947,0.03202,0.12147,0.03570,0.03425,0.11187,0.02815,0.01633,0.02167,0.02748
0.17486,0.20060,0.02691,0.01682,0.02155,0.02253,0.02798,0.02106,0.02141,0.03037,0.02353,0.02257,0.12884,0.02618,0.03122,0.12574,0.02254,0.01431,0.01851,0.02245
0.15291,0.16975,0.02819,0.01845,0.02350,0.02311,0.02640,0.02364,0.02289,0.03121,0.02944,0.03132,0.12306,0.04014,0.03842,0.11801,0.03001,0.01720,0.02236,0.03000
0.15178,0.17716,0.03842,0.02098,0.02598,0.02597,0.03462,0.02867,0.02779,0.04312,0.02820,0.02932,0.09804,0.03844,0.03840,0.09015,0.02918,0.01708,0.02556,0.03114
0.16850,0.18672,0.02700,0.01559,0.02016,0.02054,0.02507,0.02150,0.02223,0.02943,0.02379,0.02669,0.13524,0.02900,0.03129,0.13695,0.02407,0.01300,0.01996,0.02327
0.24024,0.26299,0.02100,0.01351,0.01744,0.01775,0.02349,0.01846,0.01858,0.02609,0.01773,0.02327,0.09444,0.02246,0.02498,0.09440,0.01826,0.01143,0.01432,0.01913
0.21815,0.24546,0.03078,0.01731,0.02329,0.02191,0.02812,0.02517,0.02749,0.03641,0.02417,0.02697,0.07083,0.02830,0.03221,0.06639,0.02306,0.01319,0.01724,0.02356
0.16787,0.20024,0.03995,0.02247,0.02736,0.03025,0.03594,0.03143,0.02932,0.04694,0.02701,0.02852,0.07665,0.03189,0.03861,0.07326,0.02573,0.01697,0.02169,0.02789
0.22114,0.24344,0.02766,0.01663,0.02310,0.02266,0.02695,0.02318,0.02275,0.03392,0.02582,0.02852,0.07022,0.03085,0.03487,0.06372,0.02396,0.01679,0.01910,0.02472
0.17849,0.20540,0.03506,0.02178,0.02681,0.02679,0.03532,0.02842,0.02644,0.03592,0.03010,0.02814,0.08441,0.03197,0.03541,0.07830,0.02330,0.01577,0.02326,0.02892
0.18310,0.20485,0.02803,0.01901,0.02000,0.02284,0.02758,0.02448,0.02124,0.03379,0.02468,0.02557,0.11433,0.02542,0.03277,0.11398,0.02291,0.01439,0.01983,0.02121
0.21163,0.23989,0.02919,0.01782,0.02280,0.01894,0.02914,0.02219,0.02157,0.03354,0.02772,0.02990,0.06594,0.03244,0.04050,0.06184,0.02780,0.01670,0.02095,0.02950
0.19482,0.21949,0.03280,0.01893,0.02480,0.02127,0.02938,0.02452,0.02238,0.03418,0.02567,0.03002,0.08364,0.03433,0.03484,0.08090,0.02577,0.01412,0.01978,0.02834
0.14785,0.18134,0.03293,0.01890,0.02186,0.02424,0.03097,0.02362,0.02282,0.03913,0.03007,0.03173,0.11189,0.04092,0.04038,0.10395,0.02994,0.01608,0.02332,0.02806
0.17471,0.20727,0.03547,0.02186,0.02625,0.02745,0.03233,0.02590,0.02755,0.04354,0.02674,0.02918,0.08248,0.03380,0.03703,0.07619,0.02779,0.01693,0.02045,0.02709
0.18897,0.21632,0.03367,0.02108,0.02647,0.02310,0.03497,0.02832,0.02794,0.04126,0.03205,0.03430,0.06176,0.03791,0.04025,0.05954,0.02627,0.01670,0.02062,0.02850
0.23015,0.25317,0.02590,0.01804,0.02072,0.01992,0.02419,0.02196,0.01980,0.02993,0.02366,0.02639,0.07803,0.02744,0.03187,0.07541,0.01961,0.01231,0.01655,0.02494
0.18096,0.20788,0.02946,0.01737,0.02135,0.01928,0.02870,0.02153,0.02081,0.03303,0.02397,0.02889,0.11311,0.02975,0.03374,0.10977,0.02241,0.01352,0.02090,0.02356
0.16368,0.18997,0.03190,0.01587,0.02444,0.02440,0.03658,0.02690,0.02618,0.04009,0.02473,0.02858,0.11709,0.03121,0.03108,0.10580,0.02348,0.01461,0.01952,0.02389
0.19539,0.22056,0.03230,0.01913,0.02431,0.02450,0.03022,0.02558,0.02260,0.03248,0.02722,0.02823,0.08307,0.03497,0.03716,0.07374,0.02603,0.01738,0.01930,0.02583
0.22625,0.25424,0.02620,0.01806,0.02079,0.01882,0.02826,0.02006,0.01971,0.03272,0.02036,0.02513,0.08856,0.02557,0.02679,0.07849,0.01905,0.01199,0.01733,0.02162
0.30871,0.33557,0.02227,0.01127,0.01450,0.01476,0.02038,0.01717,0.01492,0.02485,0.01558,0.01694,0.04862,0.01812,0.01974,0.04503,0.01579,0.00769,0.01209,0.01601
0.17667,0.19372,0.02784,0.01570,0.02152,0.02098,0.02810,0.02349,0.02219,0.03159,0.02721,0.02570,0.11998,0.03148,0.03197,0.11499,0.02545,0.01488,0.02048,0.02606
0.13690,0.15538,0.02707,0.01637,0.02091,0.01959,0.02469,0.01920,0.01877,0.03002,0.02719,0.02606,0.16202,0.03192,0.03887,0.15627,0.02421,0.01471,0.02191,0.02792
0.15831,0.17776,0.03202,0.02169,0.02738,0.02576,0.03445,0.02724,0.02342,0.03565,0.02753,0.02775,0.11138,0.03257,0.03294,0.10715,0.02999,0.01613,0.02385,0.02703
0.17820,0.20723,0.03316,0.02018,0.02502,0.02551,0.03156,0.02243,0.02404,0.03655,0.02506,0.02966,0.09313,0.03393,0.03551,0.08827,0.02561,0.01678,0.02144,0.02673
0.13788,0.14955,0.02372,0.01482,0.01754,0.01908,0.02422,0.01833,0.01751,0.02886,0.02051,0.02335,0.18300,0.02892,0.02856,0.18824,0.02405,0.01248,0.01762,0.02176
0.25341,0.28214,0.02162,0.01290,0.01607,0.01530,0.02114,0.01697,0.01598,0.02947,0.01627,0.02034,0.09036,0.02089,0.02183,0.08973,0.01619,0.00991,0.01278,0.01670
0.21966,0.24369,0.02818,0.01567,0.02097,0.01801,0.02585,0.02140,0.01917,0.03039,0.02316,0.02373,0.09044,0.02609,0.02839,0.08917,0.02136,0.01306,0.01904,0.02256
0.16441,0.18465,0.02531,0.01579,0.02042,0.01821,0.02478,0.02036,0.01981,0.02969,0.01918,0.02233,0.15063,0.02794,0.03067,0.14850,0.02097,0.01261,0.01902,0.02471
0.15435,0.17418,0.03361,0.02022,0.02530,0.02574,0.03059,0.02309,0.02406,0.03703,0.03104,0.03179,0.10859,0.03536,0.03862,0.10418,0.03240,0.01722,0.02288,0.02977
0.16140,0.17943,0.02225,0.01555,0.01819,0.01718,0.02354,0.01813,0.01829,0.02613,0.02428,0.02369,0.15807,0.02727,0.03350,0.15829,0.02188,0.01288,0.01802,0.02206
0.13498,0.15939,0.02645,0.01833,0.02355,0.02242,0.02668,0.02095,0.02281,0.02871,0.02713,0.02915,0.15504,0.03195,0.03469,0.15469,0.02297,0.01545,0.01970,0.02495
0.20687,0.23428,0.03175,0.02334,0.02701,0.02566,0.03584,0.02488,0.02378,0.03842,0.02404,0.02809,0.06719,0.02984,0.03391,0.05950,0.02289,0.01585,0.01975,0.02711
0.18341,0.19915,0.03093,0.02188,0.02527,0.02327,0.03356,0.02675,0.02345,0.03605,0.02954,0.03253,0.08637,0.03606,0.03865,0.07893,0.02657,0.01649,0.02170,0.02943
0.18429,0.20524,0.02505,0.01489,0.01980,0.01956,0.02549,0.02304,0.02067,0.02791,0.01882,0.02197,0.13879,0.02335,0.02567,0.14036,0.01953,0.01073,0.01542,0.01942
0.19936,0.22191,0.02886,0.01883,0.02115,0.02143,0.03047,0.02300,0.02405,0.03096,0.02790,0.02818,0.09221,0.03214,0.03141,0.08395,0.02274,0.01564,0.01969,0.02613
0.18496,0.20577,0.02985,0.01785,0.02081,0.02048,0.03017,0.02309,0.02274,0.03508,0.02271,0.02414,0.11332,0.03026,0.02957,0.11134,0.02184,0.01539,0.01892,0.02171
0.20805,0.22690,0.02246,0.01439,0.01587,0.01636,0.02276,0.01702,0.01820,0.02638,0.01988,0.02286,0.11863,0.02681,0.03075,0.11883,0.02177,0.01321,0.01752,0.02134
0.12318,0.13567,0.03166,0.02020,0.02427,0.02663,0.03089,0.02624,0.02448,0.03823,0.02497,0.02834,0.15114,0.03139,0.03506,0.15654,0.02586,0.01482,0.02485,0.02558
0.14043,0.16059,0.03468,0.02338,0.02564,0.02467,0.03122,0.02901,0.02482,0.03781,0.02849,0.02939,0.11977,0.03410,0.04133,0.11683,0.02885,0.01752,0.02227,0.02920
0.19602,0.21902,0.03058,0.01869,0.02691,0.02480,0.03115,0.02416,0.02289,0.03618,0.02867,0.02796,0.06971,0.03388,0.04318,0.06397,0.02885,0.01712,0.02303,0.03322
0.13973,0.16036,0.03230,0.01972,0.02897,0.02821,0.03437,0.02934,0.02725,0.03688,0.03263,0.03432,0.10561,0.04178,0.04374,0.09520,0.03389,0.02120,0.02201,0.03248
0.14043,0.15746,0.02972,0.01932,0.02247,0.02303,0.02655,0.02447,0.02122,0.03316,0.02620,0.02919,0.14274,0.03612,0.03597,0.13938,0.02626,0.01659,0.02124,0.02850
0.20111,0.22274,0.03209,0.01974,0.02291,0.02407,0.03125,0.02381,0.02528,0.03837,0.02957,0.03102,0.06566,0.03357,0.04146,0.06202,0.02643,0.01676,0.02329,0.02885
0.14148,0.15202,0.02358,0.01497,0.01773,0.01784,0.02253,0.02043,0.01768,0.02857,0.02208,0.02592,0.18313,0.02845,0.02860,0.18388,0.02160,0.01212,0.01609,0.02129
0.19615,0.21014,0.02490,0.01446,0.01852,0.02028,0.02421,0.02048,0.01925,0.02921,0.02661,0.02330,0.10957,0.03295,0.03736,0.10390,0.02692,0.01389,0.02017,0.02772
0.17693,0.20126,0.03083,0.01616,0.02518,0.02166,0.02969,0.02306,0.02046,0.03438,0.02080,0.02301,0.12521,0.02630,0.02887,0.12317,0.02168,0.01247,0.01607,0.02282
0.17479,0.19109,0.03082,0.01786,0.02174,0.02282,0.03023,0.02283,0.02384,0.03547,0.02435,0.02675,0.11400,0.03237,0.03345,0.11054,0.02587,0.01569,0.02040,0.02511
0.17864,0.20107,0.03391,0.01846,0.02266,0.02204,0.02848,0.02317,0.02263,0.03459,0.03051,0.02820,0.09742,0.03508,0.03680,0.08542,0.03057,0.01522,0.02479,0.03033
0.17589,0.20190,0.03203,0.01982,0.02447,0.02511,0.03106,0.02499,0.02458,0.03755,0.02620,0.02898,0.09364,0.03374,0.03839,0.08665,0.02604,0.01632,0.02335,0.02928
0.14015,0.16280,0.03219,0.02280,0.02453,0.02513,0.03431,0.02500,0.02766,0.03981,0.02626,0.02705,0.12836,0.03273,0.03736,0.12166,0.02487,0.01662,0.02083,0.02988
0.18754,0.20439,0.02363,0.01333,0.01677,0.01679,0.02127,0.01985,0.01772,0.02568,0.01812,0.02065,0.15230,0.02169,0.02498,0.15240,0.01955,0.01068,0.01505,0.01761
0.15056,0.16613,0.02865,0.01709,0.02042,0.02047,0.02616,0.02335,0.02199,0.03168,0.02499,0.02856,0.14341,0.03412,0.03277,0.14366,0.02411,0.01491,0.02036,0.02659
0.16815,0.18590,0.02589,0.01662,0.02069,0.01967,0.02557,0.02012,0.02206,0.03015,0.02119,0.02536,0.13852,0.02819,0.02982,0.14233,0.02054,0.01363,0.01969,0.02591
0.17690,0.19649,0.03067,0.01779,0.02332,0.02420,0.02975,0.02271,0.02359,0.03336,0.02724,0.03036,0.10598,0.03391,0.03333,0.10232,0.02686,0.01356,0.02094,0.02672
0.17948,0.20711,0.02702,0.01666,0.02293,0.02313,0.02793,0.02235,0.02377,0.03304,0.02316,0.02419,0.11471,0.02800,0.03102,0.11248,0.02346,0.01479,0.02015,0.02464
0.18476,0.20081,0.02394,0.01425,0.01771,0.01675,0.02288,0.01863,0.01743,0.02835,0.02195,0.02643,0.13972,0.02670,0.02822,0.14008,0.01946,0.01244,0.01626,0.02324
0.23128,0.24955,0.02308,0.01427,0.01937,0.01658,0.02482,0.01685,0.01783,0.02774,0.01860,0.01867,0.10970,0.02130,0.02268,0.10775,0.01720,0.01018,0.01474,0.01781
0.16062,0.18428,0.02569,0.01579,0.02201,0.02106,0.02772,0.02067,0.02054,0.03074,0.02359,0.02798,0.13054,0.03211,0.03619,0.13619,0.02416,0.01436,0.02013,0.02561
0.19471,0.22423,0.02540,0.01499,0.01746,0.01913,0.02795,0.02200,0.02041,0.03057,0.02128,0.02141,0.12100,0.02478,0.02836,0.11478,0.02180,0.01215,0.01696,0.02063
0.17646,0.19355,0.02463,0.01460,0.02094,0.01875,0.02418,0.01836,0.02022,0.02764,0.02333,0.02426,0.14172,0.02643,0.02928,0.14340,0.02069,0.01262,0.01677,0.02217
0.11343,0.12850,0.02460,0.01310,0.01704,0.01914,0.02468,0.02000,0.01980,0.02725,0.02536,0.02887,0.19648,0.03189,0.03274,0.19786,0.02280,0.01406,0.01894,0.02346
0.17437,0.19408,0.03568,0.01954,0.02593,0.02475,0.03379,0.02487,0.02500,0.03880,0.02638,0.02639,0.09547,0.03286,0.03856,0.09321,0.02634,0.01619,0.02024,0.02755
0.20275,0.22283,0.03138,0.01823,0.02194,0.02438,0.02824,0.02639,0.02182,0.03081,0.02304,0.02529,0.08955,0.03000,0.03230,0.08727,0.02504,0.01499,0.02010,0.02364
0.17209,0.19571,0.02897,0.02005,0.02422,0.02464,0.03012,0.02297,0.02453,0.03455,0.02467,0.02491,0.11119,0.02973,0.03387,0.10805,0.02585,0.01576,0.02204,0.02608
0.19613,0.20937,0.01898,0.01211,0.01671,0.01476,0.01970,0.01667,0.01507,0.02265,0.01970,0.02121,0.14958,0.02495,0.02374,0.15313,0.01926,0.01130,0.01613,0.01884
0.17038,0.19565,0.02785,0.01663,0.02185,0.02212,0.02894,0.02106,0.02176,0.03190,0.02399,0.02539,0.12544,0.03052,0.03305,0.12212,0.02074,0.01456,0.01961,0.02643
0.17087,0.19366,0.03472,0.02113,0.02401,0.02909,0.03419,0.02666,0.02555,0.03536,0.02506,0.02876,0.09521,0.03219,0.03658,0.09271,0.02841,0.01700,0.01994,0.02890
0.16165,0.18517,0.02815,0.01511,0.02014,0.01853,0.02453,0.01849,0.01878,0.03072,0.02283,0.02490,0.14897,0.02407,0.03003,0.15029,0.02284,0.01254,0.01987,0.02238
0.16419,0.18159,0.02754,0.01939,0.02231,0.02097,0.03064,0.02182,0.02283,0.03548,0.02455,0.02457,0.12916,0.02998,0.03415,0.12963,0.02331,0.01320,0.02064,0.02404
0.19803,0.22097,0.02614,0.01513,0.02147,0.01876,0.02654,0.02089,0.02103,0.03294,0.02235,0.02550,0.10470,0.03110,0.03323,0.09731,0.02418,0.01381,0.02070,0.02524
0.18217,0.20754,0.03397,0.02051,0.02443,0.02477,0.03474,0.02553,0.02378,0.03859,0.03250,0.03630,0.06903,0.03921,0.04429,0.06344,0.02879,0.01766,0.02069,0.03207
