0.06224,0.09134,0.13883,0.03758,0.11580,0.03528,0.06057,0.04535,0.14962,0.05876,0.04919,0.06306,0.06455,0.02783
0.05344,0.02888,0.02418,0.06066,0.07581,0.15308,0.03295,0.03945,0.03465,0.02751,0.05079,0.02301,0.03894,0.35665
0.32067,0.05423,0.38141,0.02897,0.02562,0.02530,0.02192,0.01697,0.02540,0.01858,0.02043,0.02711,0.01593,0.01747
0.06371,0.04742,0.04643,0.03353,0.05324,0.05686,0.11376,0.03757,0.06982,0.05113,0.05301,0.03681,0.04052,0.29618
0.05923,0.04078,0.04766,0.06556,0.31094,0.04016,0.03980,0.04342,0.11258,0.03766,0.04793,0.02918,0.09889,0.02620
0.15837,0.06934,0.16116,0.02886,0.02094,0.08316,0.04583,0.02509,0.02991,0.04748,0.04514,0.05069,0.02126,0.21278
0.04986,0.11800,0.05629,0.14467,0.07328,0.05444,0.03974,0.07890,0.08897,0.06040,0.07041,0.06331,0.06493,0.03679
0.07055,0.04100,0.05482,0.21421,0.11330,0.04663,0.04829,0.04561,0.12538,0.03487,0.07381,0.02896,0.06977,0.03281
0.11429,0.08495,0.05519,0.02897,0.05857,0.10004,0.11040,0.04061,0.05731,0.06294,0.05478,0.06879,0.03826,0.12489
0.12511,0.05722,0.07360,0.04991,0.13040,0.09058,0.04413,0.06148,0.06117,0.07882,0.08608,0.03589,0.06513,0.04048
0.04983,0.08533,0.05008,0.13115,0.05190,0.04381,0.07027,0.06437,0.14037,0.05136,0.07886,0.08273,0.06089,0.03904
0.06683,0.06102,0.05587,0.15225,0.09757,0.08730,0.02572,0.13753,0.04791,0.04937,0.08839,0.03953,0.07006,0.02065
0.05198,0.03115,0.04411,0.10657,0.28694,0.03370,0.03738,0.06821,0.13161,0.03408,0.05322,0.02174,0.07002,0.02929
0.26983,0.02305,0.24666,0.03715,0.13259,0.02991,0.03492,0.02682,0.05036,0.02582,0.02848,0.01503,0.04294,0.03645
0.22360,0.08389,0.16364,0.04045,0.05451,0.03968,0.06412,0.03665,0.05087,0.03785,0.03003,0.09055,0.03447,0.04969
0.03274,0.52362,0.03422,0.02723,0.04085,0.02396,0.02970,0.02615,0.03723,0.02517,0.02947,0.10250,0.03143,0.03574
0.10537,0.06012,0.07542,0.05053,0.05959,0.05245,0.14434,0.03968,0.15685,0.05178,0.06024,0.05137,0.04000,0.05227
0.08528,0.06224,0.10966,0.05451,0.04297,0.05138,0.12187,0.04343,0.12348,0.08595,0.07082,0.03866,0.03939,0.07036
0.20602,0.07467,0.18523,0.05682,0.08988,0.04267,0.03157,0.03993,0.06131,0.04033,0.04882,0.04862,0.04958,0.02455
0.19688,0.10404,0.13201,0.02869,0.10651,0.06001,0.04463,0.04350,0.04685,0.05709,0.04070,0.04032,0.03937,0.05940
0.08970,0.12956,0.05636,0.03472,0.05442,0.08764,0.08881,0.05058,0.05536,0.05010,0.04112,0.14075,0.03582,0.08506
0.20171,0.14135,0.08132,0.03495,0.13522,0.04054,0.04827,0.03802,0.05848,0.03852,0.02957,0.06666,0.04167,0.04373
0.06564,0.09846,0.08906,0.02470,0.07167,0.03175,0.15253,0.03327,0.12303,0.05314,0.04359,0.12379,0.03948,0.04990
0.04684,0.04656,0.05098,0.05235,0.08565,0.02365,0.07380,0.02900,0.38560,0.03268,0.02982,0.04913,0.05384,0.04009
0.13400,0.04168,0.07218,0.15713,0.14501,0.06592,0.02609,0.09281,0.04905,0.03206,0.06950,0.02361,0.06973,0.02123
0.14552,0.05654,0.04535,0.13139,0.24958,0.05891,0.02793,0.04834,0.03234,0.02258,0.03711,0.03298,0.06272,0.04871
0.13040,0.02148,0.22324,0.02430,0.02343,0.02146,0.20144,0.01931,0.06145,0.03537,0.02769,0.01483,0.01819,0.17741
0.20515,0.03795,0.14144,0.03786,0.09945,0.03225,0.08479,0.03745,0.08119,0.03476,0.03170,0.02388,0.04598,0.10617
0.32933,0.01557,0.09882,0.02839,0.30257,0.01800,0.03003,0.01880,0.03848,0.01783,0.01864,0.01280,0.03630,0.03445
0.07231,0.02342,0.02975,0.04353,0.04520,0.41674,0.02083,0.02929,0.01888,0.01962,0.04306,0.01738,0.02394,0.19605
0.05574,0.05495,0.07579,0.07354,0.10498,0.02146,0.06456,0.04247,0.33526,0.02772,0.02681,0.03668,0.05517,0.02488
0.09569,0.02558,0.02851,0.14741,0.04764,0.39697,0.01717,0.03715,0.02064,0.01908,0.05914,0.01607,0.03180,0.05714
0.16567,0.02706,0.11783,0.04980,0.27685,0.03724,0.03487,0.03058,0.06688,0.03543,0.04803,0.01915,0.06223,0.02839
0.42285,0.07296,0.05958,0.04244,0.05857,0.09641,0.02337,0.03152,0.02853,0.02757,0.04601,0.03751,0.02530,0.02737
0.10635,0.04846,0.37386,0.04018,0.05943,0.03232,0.04638,0.03688,0.05915,0.05299,0.04001,0.02676,0.03746,0.03977
0.09698,0.05137,0.08584,0.05674,0.05372,0.07545,0.07720,0.05474,0.07422,0.10324,0.12265,0.02901,0.04782,0.07102
0.07396,0.02790,0.04829,0.02754,0.09091,0.03785,0.33478,0.03847,0.12139,0.03397,0.04046,0.02305,0.02885,0.07259
0.05111,0.05714,0.05246,0.16135,0.07078,0.05822,0.04995,0.06605,0.11583,0.07205,0.09737,0.03583,0.08519,0.02666
0.03791,0.46068,0.02880,0.02154,0.12228,0.02685,0.02096,0.01973,0.02616,0.02466,0.02625,0.11258,0.03816,0.03344
0.06572,0.03696,0.03944,0.32557,0.19055,0.04574,0.01885,0.05964,0.04043,0.02346,0.04224,0.02287,0.06735,0.02117
0.07489,0.16319,0.09563,0.03588,0.20957,0.03005,0.03753,0.04305,0.06238,0.04516,0.02999,0.09389,0.05299,0.02581
0.12247,0.27025,0.07651,0.04917,0.05218,0.04435,0.03593,0.04612,0.05007,0.03387,0.04721,0.11633,0.03361,0.02193
0.10923,0.06702,0.06027,0.04507,0.07308,0.05576,0.13039,0.07485,0.09109,0.06494,0.05312,0.05453,0.04376,0.07689
0.05629,0.04644,0.02770,0.05073,0.08219,0.24921,0.03817,0.04005,0.03309,0.03244,0.05344,0.04062,0.03920,0.21042
0.07536,0.04342,0.04659,0.24535,0.15854,0.04578,0.02468,0.11612,0.05444,0.02662,0.05516,0.02456,0.05952,0.02386
0.06393,0.07573,0.07928,0.06356,0.10183,0.05678,0.06370,0.03823,0.13124,0.06270,0.08122,0.06341,0.08071,0.03769
0.19269,0.08298,0.06949,0.03501,0.02989,0.25045,0.02804,0.03738,0.02522,0.04724,0.05465,0.04207,0.02504,0.07985
0.10125,0.07401,0.05850,0.15064,0.14455,0.06721,0.03635,0.04514,0.06932,0.04318,0.04701,0.05206,0.07821,0.03257
0.05384,0.17624,0.06013,0.05188,0.14286,0.02832,0.03693,0.05342,0.08468,0.04987,0.04228,0.10027,0.08636,0.03291
0.17186,0.04101,0.04102,0.21472,0.12672,0.09860,0.02807,0.05675,0.04339,0.02429,0.05319,0.02670,0.04583,0.02785
0.07031,0.20550,0.05840,0.01784,0.05515,0.08775,0.06780,0.02487,0.03251,0.07625,0.05999,0.15527,0.02748,0.06087
0.06922,0.04382,0.07274,0.07423,0.04472,0.13131,0.04657,0.06530,0.05514,0.11418,0.14394,0.02977,0.04971,0.05935
0.05176,0.06238,0.02787,0.10150,0.08825,0.24720,0.03133,0.04865,0.03480,0.03263,0.05624,0.03182,0.04883,0.13675
0.06848,0.28728,0.07130,0.02018,0.07229,0.02955,0.02796,0.02223,0.03732,0.03247,0.03228,0.24968,0.02725,0.02172
0.16736,0.04930,0.11064,0.08446,0.04334,0.10378,0.07204,0.04962,0.06394,0.05493,0.06710,0.03481,0.03493,0.06375
0.06571,0.18275,0.04454,0.03370,0.07167,0.03837,0.06907,0.05416,0.05831,0.03309,0.03588,0.19814,0.04306,0.07155
0.19876,0.04603,0.26556,0.06809,0.03641,0.04965,0.03736,0.05331,0.04414,0.04246,0.07105,0.02553,0.03001,0.03163
0.11229,0.03653,0.43942,0.02780,0.07674,0.01870,0.04013,0.03007,0.05377,0.03736,0.03836,0.02663,0.04050,0.02172
0.09340,0.05605,0.09367,0.05311,0.07402,0.06256,0.10078,0.05991,0.10162,0.06551,0.05581,0.03947,0.05110,0.09299
0.12905,0.08223,0.05812,0.09090,0.03976,0.21708,0.03778,0.05391,0.03306,0.03630,0.05066,0.04888,0.03200,0.09026
0.06589,0.07447,0.05046,0.07878,0.05906,0.03267,0.10042,0.11017,0.14275,0.07397,0.06097,0.04881,0.05841,0.04315
0.13723,0.05311,0.10664,0.08645,0.09021,0.05613,0.06431,0.07144,0.08226,0.04319,0.05574,0.03671,0.05145,0.06513
0.27693,0.14561,0.08349,0.03531,0.06164,0.04699,0.04328,0.04898,0.03860,0.04065,0.03131,0.08541,0.03107,0.03073
0.06666,0.06558,0.03593,0.22079,0.20046,0.05149,0.02233,0.09063,0.04347,0.02775,0.05121,0.02928,0.06808,0.02633
0.07309,0.26374,0.05184,0.05073,0.12828,0.06680,0.02436,0.05979,0.03750,0.04272,0.04789,0.05568,0.05335,0.04421
0.17290,0.12356,0.06415,0.03221,0.11844,0.09672,0.03808,0.04394,0.04067,0.04948,0.05330,0.06204,0.04000,0.06450
0.07295,0.03228,0.08578,0.09308,0.17507,0.04067,0.04451,0.05062,0.15322,0.05002,0.06002,0.02586,0.07158,0.04434
0.18536,0.02662,0.32502,0.07267,0.04518,0.03174,0.04989,0.03198,0.06413,0.03060,0.03565,0.02010,0.03741,0.04366
0.11180,0.23302,0.08600,0.01728,0.04209,0.03965,0.07551,0.02492,0.04678,0.05767,0.03895,0.13383,0.02488,0.06760
0.16828,0.08994,0.04323,0.05998,0.08682,0.12702,0.02347,0.04619,0.02758,0.02487,0.04166,0.03465,0.03705,0.18925
0.08370,0.06836,0.06856,0.21530,0.06238,0.05944,0.04231,0.08284,0.07120,0.04835,0.06098,0.05123,0.05118,0.03418
0.07170,0.02420,0.06830,0.08110,0.03273,0.03824,0.16831,0.04558,0.27287,0.04603,0.04943,0.02139,0.03609,0.04404
0.16201,0.06020,0.14705,0.02459,0.07736,0.03939,0.14232,0.02308,0.09979,0.03741,0.02832,0.07006,0.02767,0.06075
0.04392,0.05045,0.04108,0.08497,0.03122,0.05532,0.09495,0.04310,0.07992,0.06651,0.06700,0.04218,0.03667,0.26273
0.11969,0.26563,0.13944,0.04088,0.07388,0.03208,0.02463,0.03458,0.03946,0.03571,0.03557,0.09783,0.03612,0.02449
0.11595,0.03344,0.05865,0.08135,0.07771,0.18818,0.03374,0.06136,0.03698,0.04758,0.06234,0.02343,0.05582,0.12345
0.09694,0.02841,0.03005,0.21006,0.24787,0.09397,0.02081,0.07939,0.03327,0.02345,0.04878,0.01692,0.04929,0.02078
0.09456,0.08777,0.05444,0.17041,0.13202,0.06199,0.02251,0.13685,0.03759,0.03593,0.04927,0.03673,0.05360,0.02632
0.09836,0.01486,0.03476,0.34425,0.27906,0.03124,0.01355,0.05061,0.02726,0.01441,0.03443,0.00836,0.03626,0.01258
0.10524,0.09262,0.05670,0.16221,0.14662,0.04851,0.02808,0.08917,0.05239,0.03907,0.04568,0.05205,0.06228,0.01938
0.32249,0.03628,0.17796,0.07114,0.04463,0.04897,0.03114,0.04742,0.04346,0.03735,0.04606,0.02030,0.03802,0.03478
0.13558,0.05304,0.06386,0.03473,0.18508,0.08710,0.05441,0.03876,0.06110,0.08005,0.06239,0.04087,0.05249,0.05056
0.20980,0.03432,0.21390,0.13130,0.04314,0.02803,0.04919,0.03903,0.06451,0.02631,0.02585,0.02037,0.03189,0.08235
0.06999,0.08833,0.06472,0.06859,0.05480,0.07803,0.06909,0.05768,0.09154,0.09182,0.10083,0.07726,0.05071,0.03661
0.07454,0.02955,0.18493,0.04347,0.02567,0.03439,0.16074,0.03097,0.12546,0.11576,0.06403,0.02000,0.02964,0.06086
0.07404,0.06686,0.06291,0.07954,0.09110,0.07198,0.04796,0.10017,0.08062,0.07972,0.08738,0.04065,0.08077,0.03630
0.17908,0.03135,0.34711,0.09578,0.03444,0.03241,0.03418,0.02890,0.04709,0.03461,0.03280,0.02339,0.03239,0.04647
0.04875,0.05560,0.16329,0.04694,0.12960,0.03808,0.03345,0.04118,0.08890,0.08510,0.08445,0.03737,0.11948,0.02781
0.08899,0.15563,0.04419,0.04608,0.08935,0.08443,0.05075,0.03543,0.05078,0.03326,0.05626,0.13590,0.05514,0.07382
0.21981,0.05921,0.09204,0.02554,0.08816,0.03780,0.10344,0.03856,0.05989,0.04483,0.03332,0.04082,0.03448,0.12212
0.08442,0.04195,0.06767,0.03691,0.21090,0.09544,0.05172,0.03601,0.06034,0.04797,0.09978,0.04527,0.07830,0.04332
0.05429,0.14168,0.03677,0.03711,0.28552,0.04854,0.03202,0.03457,0.04409,0.03691,0.04004,0.09702,0.07013,0.04132
0.10865,0.08908,0.04356,0.12081,0.07086,0.17620,0.02682,0.05809,0.02804,0.02784,0.04842,0.04675,0.03968,0.11521
0.06206,0.06640,0.02928,0.03487,0.16914,0.14978,0.03755,0.04744,0.03275,0.03816,0.03878,0.05376,0.04812,0.19191
0.06537,0.07488,0.03417,0.06309,0.03953,0.29680,0.02769,0.04718,0.02946,0.02846,0.06301,0.05251,0.03207,0.14579
0.12717,0.07493,0.06129,0.06673,0.26220,0.05386,0.03425,0.04275,0.05604,0.02999,0.05657,0.04696,0.06051,0.02674
0.06533,0.06410,0.05017,0.08202,0.09344,0.09195,0.04218,0.07626,0.06553,0.05202,0.12491,0.03922,0.06974,0.08316
0.32173,0.06286,0.21205,0.03637,0.05385,0.04008,0.03733,0.02708,0.03915,0.02978,0.03482,0.03866,0.03111,0.03511
0.16300,0.09455,0.35854,0.03289,0.07806,0.02858,0.02308,0.02999,0.03447,0.02661,0.02649,0.04585,0.03458,0.02331
0.13593,0.03437,0.05273,0.26235,0.03688,0.06637,0.04467,0.06010,0.05459,0.02747,0.05226,0.02756,0.04141,0.10331
