0.14260,0.06963,0.09434,0.09750,0.06852,0.08062,0.05740,0.06170,0.05902,0.05123,0.06047,0.03925,0.05187,0.06586
0.12184,0.10234,0.06113,0.06450,0.09710,0.07024,0.05780,0.06197,0.06827,0.05366,0.07105,0.04630,0.06102,0.06278
0.06517,0.23218,0.04199,0.05942,0.07901,0.06581,0.02992,0.03623,0.02419,0.05221,0.05105,0.17716,0.03894,0.04672
0.13246,0.08155,0.06118,0.09153,0.09818,0.08671,0.05159,0.04443,0.05240,0.04256,0.06737,0.03981,0.04842,0.10181
0.28087,0.04105,0.27851,0.04166,0.07166,0.03426,0.02990,0.02906,0.04313,0.02823,0.03144,0.02263,0.03165,0.03593
0.09071,0.05766,0.08817,0.14434,0.04885,0.06471,0.08224,0.05863,0.10754,0.06705,0.06049,0.02794,0.04914,0.05255
0.11343,0.17720,0.09217,0.04226,0.09830,0.03851,0.03713,0.03567,0.05964,0.02816,0.03391,0.16682,0.03812,0.03867
0.14268,0.08053,0.08077,0.08518,0.08436,0.08901,0.05039,0.04874,0.04605,0.04326,0.07395,0.04999,0.04243,0.08266
0.13297,0.09067,0.04946,0.04112,0.14787,0.07157,0.06286,0.04714,0.08623,0.03154,0.04725,0.05950,0.05750,0.07432
0.06460,0.05053,0.07656,0.07726,0.22952,0.04008,0.05012,0.04696,0.12193,0.03648,0.04029,0.04196,0.08455,0.03915
0.20727,0.07820,0.18539,0.05582,0.05390,0.06623,0.04447,0.05772,0.04191,0.04603,0.05297,0.02910,0.03716,0.04384
0.12318,0.04648,0.12724,0.06889,0.23091,0.03210,0.02511,0.03984,0.10457,0.02455,0.03401,0.02930,0.07811,0.03571
0.15640,0.08152,0.08249,0.11259,0.05191,0.08727,0.05637,0.07066,0.05755,0.03895,0.05567,0.03213,0.04821,0.06828
0.12882,0.06751,0.05639,0.09569,0.08282,0.08688,0.06094,0.04471,0.06556,0.04255,0.05837,0.04021,0.04886,0.12069
0.18291,0.08922,0.17949,0.03812,0.11830,0.03542,0.03526,0.03941,0.06366,0.03293,0.03968,0.06353,0.04398,0.03809
0.07254,0.24357,0.06912,0.05720,0.05840,0.04214,0.03329,0.03671,0.03138,0.04069,0.04141,0.20626,0.03497,0.03233
0.23837,0.07168,0.19254,0.05824,0.07272,0.05869,0.03646,0.04797,0.04471,0.03005,0.04490,0.02595,0.03701,0.04071
0.18885,0.10187,0.06458,0.06025,0.08088,0.09710,0.05056,0.04399,0.05023,0.03327,0.06311,0.05291,0.03745,0.07496
0.09407,0.27966,0.06285,0.02931,0.05076,0.03618,0.02853,0.02994,0.03763,0.01997,0.03039,0.24804,0.02518,0.02748
0.13280,0.03746,0.08022,0.11238,0.09535,0.10322,0.05072,0.04305,0.06703,0.02611,0.05696,0.02532,0.05653,0.11284
0.17772,0.10095,0.16862,0.05354,0.06624,0.05610,0.03695,0.04549,0.03529,0.05401,0.05141,0.06138,0.03325,0.05906
0.14504,0.04071,0.17589,0.03937,0.06768,0.03230,0.11883,0.02569,0.10811,0.04016,0.03211,0.02691,0.03555,0.11163
0.11085,0.05110,0.08068,0.10685,0.11544,0.05982,0.05330,0.07116,0.09380,0.04990,0.05165,0.02713,0.06888,0.05943
0.08856,0.07979,0.06446,0.12740,0.08036,0.06103,0.05639,0.07136,0.08822,0.03774,0.04640,0.06366,0.06898,0.06566
0.06951,0.04111,0.06896,0.11099,0.11015,0.06213,0.06734,0.05110,0.12182,0.05855,0.05621,0.02864,0.06798,0.08551
0.23964,0.07393,0.24308,0.03930,0.07531,0.03318,0.03016,0.02798,0.04411,0.03254,0.03839,0.05132,0.03865,0.03241
0.17725,0.08806,0.06758,0.09111,0.08797,0.08194,0.04352,0.07952,0.05859,0.03514,0.05076,0.03098,0.05719,0.05039
0.14747,0.05493,0.10808,0.13293,0.07143,0.06381,0.03948,0.08316,0.08239,0.03225,0.04606,0.02859,0.06393,0.04549
0.14416,0.05994,0.11671,0.08210,0.06420,0.06339,0.07319,0.05952,0.07670,0.06442,0.05881,0.03158,0.04480,0.06050
0.15671,0.08516,0.13260,0.07487,0.06229,0.06763,0.05586,0.06637,0.05797,0.04530,0.06071,0.04172,0.04529,0.04753
0.14492,0.10948,0.05442,0.07345,0.06758,0.09590,0.05848,0.08179,0.05755,0.04610,0.06137,0.05473,0.04399,0.05025
0.14484,0.05739,0.06461,0.10507,0.07924,0.09252,0.06554,0.06371,0.05954,0.04031,0.06195,0.03782,0.04963,0.07785
0.05180,0.03619,0.08183,0.08857,0.17108,0.04631,0.06471,0.03903,0.14480,0.06603,0.06438,0.02591,0.08203,0.03733
0.09130,0.07411,0.07702,0.12318,0.06475,0.07078,0.05400,0.07413,0.07063,0.05471,0.06042,0.06108,0.05553,0.06836
0.06907,0.08911,0.07890,0.04869,0.10048,0.03797,0.10265,0.04065,0.11340,0.04330,0.04518,0.07017,0.04448,0.11595
0.07551,0.03941,0.11902,0.16144,0.03753,0.03798,0.09309,0.05224,0.12956,0.07475,0.06104,0.02590,0.04668,0.04587
0.20314,0.05264,0.20554,0.06552,0.06909,0.04674,0.03897,0.03121,0.05873,0.05805,0.04864,0.04384,0.04360,0.03428
0.06891,0.04880,0.11947,0.12094,0.04309,0.04457,0.11383,0.04203,0.14287,0.08657,0.05893,0.03396,0.03153,0.04449
0.11498,0.05584,0.11011,0.05923,0.04736,0.04927,0.12274,0.04558,0.10712,0.04553,0.04421,0.03660,0.03503,0.12640
0.16641,0.07924,0.15476,0.05979,0.04794,0.04474,0.07404,0.04709,0.07573,0.05775,0.05655,0.04242,0.03568,0.05787
0.14947,0.22962,0.08591,0.02753,0.03588,0.05671,0.03757,0.03594,0.02956,0.02906,0.03631,0.18605,0.01984,0.04056
0.07035,0.16660,0.05186,0.07178,0.13476,0.04877,0.03583,0.04671,0.06185,0.04503,0.03850,0.12393,0.05600,0.04805
0.09844,0.05619,0.10474,0.05843,0.07200,0.07458,0.08371,0.05084,0.07608,0.07480,0.06662,0.04095,0.05404,0.08858
0.16092,0.06629,0.07812,0.10827,0.05151,0.11420,0.05066,0.05766,0.04696,0.03514,0.06100,0.03196,0.03202,0.10528
0.10740,0.06347,0.05243,0.09460,0.12093,0.07511,0.05702,0.08622,0.08354,0.05032,0.05736,0.03570,0.06289,0.05300
0.12213,0.20210,0.12314,0.03038,0.06044,0.03615,0.02691,0.03102,0.03438,0.03294,0.04673,0.18233,0.03595,0.03539
0.12017,0.07868,0.04453,0.07890,0.11165,0.09657,0.06122,0.04849,0.07802,0.03384,0.06037,0.05291,0.05401,0.08065
0.04979,0.03096,0.05275,0.26534,0.05173,0.03504,0.04952,0.10450,0.11906,0.03257,0.04229,0.02205,0.10294,0.04147
0.10469,0.09369,0.09607,0.07946,0.08122,0.07247,0.04864,0.07132,0.05261,0.05705,0.07504,0.05266,0.06355,0.05152
0.13583,0.07924,0.06680,0.11258,0.04569,0.11497,0.05614,0.04743,0.05312,0.04434,0.06179,0.03665,0.03792,0.10749
0.08889,0.08779,0.08422,0.08411,0.08626,0.04977,0.07949,0.05960,0.06902,0.05856,0.05228,0.05562,0.05215,0.09226
0.11559,0.04611,0.04785,0.12339,0.06682,0.12171,0.06280,0.04170,0.05986,0.03708,0.06109,0.03841,0.04830,0.12928
0.14033,0.04941,0.08957,0.12019,0.04498,0.09865,0.06318,0.04465,0.06376,0.04898,0.05762,0.03660,0.04196,0.10012
0.11800,0.07952,0.09587,0.06568,0.07950,0.07889,0.06149,0.06160,0.04496,0.06309,0.06901,0.03492,0.04886,0.09861
0.10980,0.04907,0.05429,0.13318,0.14376,0.07099,0.03708,0.06924,0.09092,0.03076,0.05526,0.02559,0.07094,0.05914
0.06601,0.07920,0.11134,0.09343,0.10309,0.03041,0.08485,0.03119,0.12855,0.06766,0.05730,0.06470,0.05222,0.03004
0.06099,0.22410,0.05709,0.05399,0.06082,0.04394,0.03343,0.04051,0.04369,0.04507,0.05787,0.20309,0.04775,0.02764
0.05934,0.11109,0.07262,0.09564,0.09043,0.04977,0.05517,0.05387,0.08096,0.06221,0.06491,0.08498,0.06997,0.04902
0.10911,0.06024,0.05060,0.11463,0.10954,0.10672,0.04123,0.04943,0.06266,0.03965,0.07107,0.03038,0.06095,0.09379
0.13453,0.07101,0.10732,0.09137,0.11193,0.06245,0.04593,0.05703,0.07106,0.04438,0.06201,0.03283,0.06027,0.04789
0.10077,0.09811,0.08290,0.13243,0.06925,0.05559,0.04564,0.08186,0.05217,0.04351,0.05072,0.06116,0.06631,0.05958
0.09912,0.03654,0.04997,0.10379,0.17065,0.09448,0.04600,0.03366,0.08342,0.03723,0.05696,0.02444,0.06380,0.09995
0.11505,0.07292,0.12208,0.06708,0.06725,0.05837,0.07562,0.05001,0.08377,0.08009,0.05516,0.03632,0.04169,0.07459
0.21501,0.06589,0.20485,0.04475,0.08054,0.05186,0.04377,0.03508,0.05940,0.03916,0.04659,0.03098,0.04000,0.04210
0.14584,0.07530,0.13945,0.08734,0.09174,0.04973,0.04524,0.04375,0.06942,0.04153,0.04959,0.05475,0.04724,0.05908
0.08182,0.05048,0.09904,0.13733,0.08208,0.05419,0.07951,0.05612,0.11726,0.06369,0.05685,0.02521,0.05293,0.04350
0.09258,0.03124,0.08286,0.13799,0.20690,0.03078,0.02121,0.07742,0.13231,0.01871,0.03250,0.01328,0.09297,0.02925
0.25127,0.07659,0.20194,0.05561,0.04524,0.05850,0.04048,0.05194,0.03808,0.03682,0.04787,0.02522,0.03413,0.03633
0.12302,0.07773,0.10095,0.13964,0.05416,0.05527,0.04164,0.08681,0.06610,0.05028,0.04776,0.04458,0.06457,0.04749
0.19467,0.05186,0.17006,0.07801,0.08244,0.05388,0.04395,0.05213,0.06390,0.03408,0.05007,0.02635,0.04960,0.04897
0.12768,0.08892,0.07095,0.08849,0.08310,0.09022,0.05042,0.06662,0.04577,0.06775,0.06171,0.04445,0.05005,0.06385
0.25164,0.06729,0.21406,0.05398,0.06486,0.06348,0.03466,0.04974,0.03362,0.03474,0.04374,0.02104,0.03229,0.03486
0.06803,0.04463,0.07738,0.20940,0.06270,0.04257,0.04176,0.10890,0.09966,0.03938,0.03666,0.02298,0.09199,0.05396
0.11535,0.05452,0.13077,0.12982,0.05515,0.05384,0.07500,0.05366,0.10619,0.06016,0.05991,0.02752,0.04552,0.03260
0.07077,0.04275,0.11382,0.10237,0.05666,0.05000,0.10658,0.04819,0.12758,0.09407,0.06213,0.02616,0.04693,0.05199
0.14185,0.07072,0.04555,0.10700,0.11042,0.10118,0.04687,0.04540,0.06040,0.03880,0.06267,0.03776,0.04340,0.08795
0.12721,0.06226,0.06643,0.10912,0.07929,0.10227,0.05561,0.04627,0.06804,0.03663,0.05964,0.04209,0.04607,0.09906
0.06254,0.04526,0.04063,0.07025,0.26236,0.05106,0.03727,0.03408,0.13075,0.03117,0.04606,0.03653,0.09381,0.05823
0.14079,0.06793,0.11724,0.09649,0.05413,0.07371,0.06901,0.05584,0.07786,0.05460,0.05794,0.03301,0.04078,0.06067
0.11283,0.04684,0.06666,0.15278,0.09601,0.07752,0.04514,0.06919,0.07446,0.03444,0.05444,0.03260,0.06631,0.07078
0.16566,0.16823,0.12801,0.05035,0.05743,0.04785,0.03400,0.04656,0.04166,0.02818,0.03902,0.12263,0.03391,0.03652
0.08752,0.06133,0.11520,0.10456,0.09775,0.04699,0.07427,0.05139,0.10542,0.06130,0.05725,0.04368,0.04439,0.04896
0.22339,0.04268,0.21910,0.03522,0.13332,0.02978,0.04121,0.02504,0.06121,0.02348,0.03718,0.03251,0.04871,0.04716
0.09792,0.09143,0.09434,0.10055,0.06609,0.05620,0.07116,0.05586,0.08206,0.06399,0.05949,0.06404,0.04378,0.05308
0.10344,0.09073,0.06857,0.05465,0.07171,0.07228,0.08263,0.05727,0.06977,0.07888,0.06812,0.04591,0.04968,0.08636
0.10720,0.04767,0.05915,0.10569,0.18318,0.07202,0.03778,0.04402,0.09292,0.02785,0.04425,0.02403,0.07377,0.08047
0.07635,0.04322,0.07318,0.12829,0.12323,0.05432,0.04789,0.07110,0.10664,0.05645,0.06255,0.03251,0.07256,0.05171
0.12887,0.08094,0.11772,0.03961,0.12569,0.04067,0.07339,0.03245,0.09971,0.04509,0.03738,0.04741,0.05468,0.07639
0.12640,0.04909,0.13385,0.05956,0.06117,0.05912,0.08635,0.04904,0.08191,0.04748,0.05317,0.03720,0.04125,0.11441
0.16272,0.06784,0.15522,0.08707,0.06446,0.07123,0.04332,0.04047,0.04865,0.04280,0.05712,0.04598,0.03605,0.07706
0.07452,0.22528,0.06482,0.05294,0.06338,0.03873,0.03575,0.03647,0.04638,0.03436,0.03832,0.20705,0.03906,0.04296
0.08578,0.08554,0.07647,0.10736,0.10704,0.06608,0.04523,0.06491,0.05666,0.07431,0.06844,0.04559,0.06256,0.05403
0.07936,0.15030,0.06573,0.06542,0.08977,0.07566,0.04946,0.05288,0.04037,0.06426,0.06273,0.09416,0.04606,0.06385
0.08053,0.08948,0.07735,0.06449,0.10127,0.07384,0.05718,0.06695,0.05612,0.08663,0.07980,0.03678,0.07282,0.05675
0.11567,0.15456,0.11568,0.06496,0.06601,0.05270,0.04010,0.04505,0.04034,0.05901,0.05263,0.11115,0.04573,0.03641
0.10500,0.15801,0.06883,0.05593,0.07094,0.05541,0.05749,0.04779,0.06084,0.05055,0.05155,0.12139,0.04118,0.05508
0.15724,0.09351,0.14300,0.06220,0.08918,0.05130,0.04929,0.04818,0.05278,0.04713,0.04645,0.05569,0.04473,0.05931
0.13656,0.06391,0.07559,0.09615,0.07230,0.08854,0.05965,0.04933,0.05892,0.05051,0.06141,0.03107,0.04190,0.11416
0.05765,0.05892,0.04374,0.19713,0.11055,0.04292,0.04137,0.08865,0.10573,0.03383,0.03963,0.03964,0.08966,0.05057
0.13323,0.10057,0.12157,0.07569,0.07978,0.05219,0.04358,0.05118,0.06665,0.05079,0.05900,0.06789,0.04654,0.05132
0.11781,0.04128,0.05500,0.12873,0.05658,0.11915,0.05845,0.05680,0.05963,0.03536,0.06605,0.03221,0.04864,0.12433
0.07376,0.18730,0.06296,0.05733,0.09040,0.05419,0.03338,0.04357,0.04473,0.05026,0.05444,0.15679,0.04464,0.04626
0.05707,0.02825,0.04211,0.28080,0.07090,0.02949,0.02686,0.12595,0.11128,0.02455,0.03838,0.01555,0.11435,0.03446
0.11149,0.07064,0.08767,0.10940,0.08256,0.08656,0.04853,0.05279,0.05360,0.05318,0.06128,0.03698,0.04479,0.10054
0.15177,0.04502,0.13324,0.17103,0.05301,0.04228,0.03607,0.08591,0.07649,0.03213,0.03775,0.02870,0.07056,0.03602
0.08655,0.03530,0.04886,0.12782,0.13698,0.08732,0.04367,0.04187,0.09377,0.03856,0.05533,0.02549,0.07563,0.10285
0.08661,0.04845,0.04959,0.16824,0.10559,0.04584,0.03765,0.09940,0.11525,0.03444,0.04452,0.02767,0.09046,0.04628
0.13522,0.03743,0.08632,0.11401,0.08074,0.10186,0.05387,0.03014,0.07114,0.03590,0.05959,0.02642,0.04790,0.11946
0.26927,0.03895,0.26864,0.03186,0.08356,0.02466,0.03963,0.02934,0.05273,0.03201,0.02852,0.02319,0.03561,0.04204
0.16251,0.08428,0.12116,0.05869,0.13120,0.05534,0.03909,0.04840,0.06855,0.03550,0.05169,0.03889,0.05461,0.05009
0.10857,0.05527,0.11849,0.04009,0.08210,0.04677,0.12101,0.03327,0.11619,0.03846,0.04347,0.04085,0.03876,0.11671
0.14693,0.05185,0.16525,0.08927,0.06535,0.05325,0.07085,0.03884,0.09809,0.06731,0.05817,0.02626,0.03316,0.03543
0.12411,0.07186,0.08918,0.05150,0.11355,0.05987,0.08165,0.03690,0.09765,0.04876,0.04615,0.03253,0.04867,0.09761
0.12329,0.06051,0.12433,0.04881,0.14485,0.05470,0.04533,0.03953,0.06895,0.05294,0.06260,0.03525,0.07229,0.06664
0.09602,0.07754,0.10943,0.11243,0.04986,0.05760,0.08614,0.05639,0.09789,0.06046,0.06023,0.04491,0.04462,0.04648
0.10982,0.04358,0.11720,0.10699,0.13127,0.05173,0.05192,0.05400,0.09612,0.05628,0.05148,0.02757,0.06285,0.03919
0.19292,0.05395,0.17513,0.05030,0.12024,0.03525,0.05263,0.03424,0.07773,0.03037,0.03299,0.03578,0.05507,0.05339
0.13485,0.03694,0.13014,0.04994,0.10587,0.04729,0.08039,0.04389,0.08799,0.04816,0.05236,0.02107,0.05084,0.11029
0.09785,0.05927,0.06371,0.06922,0.17639,0.05727,0.04926,0.06726,0.10467,0.04756,0.05334,0.03643,0.07041,0.04736
0.16293,0.05496,0.14836,0.07339,0.07669,0.07821,0.04808,0.03885,0.04519,0.05737,0.05330,0.03040,0.04183,0.09043
0.08668,0.05649,0.06704,0.10288,0.07507,0.09201,0.08183,0.05121,0.09076,0.06596,0.06604,0.03088,0.04660,0.08654
0.23355,0.03791,0.22998,0.03518,0.12371,0.02545,0.04095,0.02456,0.07046,0.03450,0.02995,0.02109,0.04618,0.04652
0.08483,0.16733,0.05930,0.08371,0.07315,0.05844,0.04648,0.04142,0.05912,0.03146,0.04755,0.14174,0.03761,0.06786
0.07030,0.10529,0.06637,0.12268,0.09230,0.05047,0.04798,0.07412,0.07094,0.04964,0.06325,0.07209,0.07244,0.04213
0.19436,0.13293,0.16191,0.05070,0.05995,0.04858,0.04149,0.04001,0.03784,0.03903,0.04288,0.08283,0.03050,0.03700
0.08299,0.04541,0.11254,0.14463,0.06586,0.04831,0.08256,0.05547,0.11322,0.06454,0.05201,0.03050,0.05293,0.04904
0.08501,0.08782,0.09786,0.10391,0.06073,0.06265,0.07772,0.04515,0.09487,0.06309,0.05965,0.06076,0.04000,0.06078
0.08062,0.06004,0.05544,0.09487,0.21878,0.05585,0.03244,0.05764,0.09432,0.03224,0.04618,0.03476,0.08040,0.05641
0.08215,0.05312,0.05566,0.17524,0.08425,0.05495,0.04679,0.09953,0.09072,0.03553,0.04922,0.03944,0.08165,0.05174
0.14203,0.06788,0.05510,0.08915,0.09006,0.10854,0.06021,0.04492,0.04857,0.06311,0.06695,0.03673,0.04577,0.08097
0.08520,0.05845,0.08086,0.05921,0.05675,0.06379,0.12012,0.05166,0.11130,0.04677,0.05158,0.04859,0.03597,0.12974
0.11419,0.09213,0.07757,0.06669,0.06514,0.06548,0.07148,0.06546,0.07234,0.05663,0.05595,0.05773,0.04580,0.09342
0.14862,0.10894,0.07560,0.08948,0.06065,0.09078,0.04673,0.06124,0.04489,0.04216,0.05995,0.05997,0.03556,0.07544
0.08679,0.22116,0.06031,0.03554,0.08649,0.04393,0.03476,0.02957,0.05315,0.03039,0.03760,0.20927,0.03537,0.03569
0.14631,0.05498,0.08153,0.11334,0.07196,0.08777,0.05486,0.06367,0.08021,0.03331,0.06653,0.02353,0.05437,0.06763
0.21211,0.04291,0.19874,0.09342,0.06622,0.04116,0.04073,0.05806,0.07400,0.03053,0.03074,0.02521,0.05201,0.03416
0.06932,0.04018,0.10198,0.14997,0.06700,0.04407,0.09020,0.05643,0.12078,0.07098,0.05783,0.02418,0.05676,0.05033
0.12904,0.07654,0.11258,0.04788,0.07985,0.05749,0.07277,0.05042,0.07452,0.05549,0.06624,0.06792,0.04382,0.06544
0.17981,0.08856,0.12539,0.04458,0.09317,0.06903,0.05000,0.05216,0.06636,0.04554,0.05594,0.04300,0.04459,0.04186
0.16813,0.08067,0.14985,0.06240,0.08409,0.06598,0.05239,0.04548,0.05958,0.04112,0.04922,0.04451,0.04313,0.05343
0.06824,0.03997,0.13849,0.14162,0.04619,0.03322,0.10813,0.03595,0.16028,0.07967,0.05133,0.02796,0.03563,0.03332
0.11152,0.16287,0.07121,0.06850,0.05947,0.07217,0.04137,0.03943,0.04488,0.04004,0.05334,0.13983,0.02949,0.06588
0.08025,0.12568,0.09462,0.04792,0.16607,0.02972,0.03907,0.03602,0.08961,0.04389,0.04551,0.10628,0.06800,0.02736
0.04014,0.21434,0.02932,0.04296,0.14015,0.03565,0.02544,0.03342,0.06837,0.03487,0.03883,0.20105,0.06139,0.03407
0.05961,0.04289,0.05997,0.22734,0.08076,0.03624,0.04243,0.10074,0.11292,0.03636,0.03434,0.03075,0.09242,0.04323
0.20855,0.07135,0.15438,0.06025,0.05559,0.07321,0.05745,0.05403,0.05319,0.03534,0.06042,0.02902,0.03474,0.05248
0.06741,0.04295,0.09679,0.05920,0.05409,0.04153,0.14078,0.04497,0.14176,0.05149,0.03778,0.03358,0.03797,0.14969
0.11715,0.07889,0.08990,0.08547,0.09912,0.07876,0.04582,0.07453,0.06092,0.04678,0.07086,0.03857,0.06082,0.05240
0.21228,0.03727,0.21270,0.11770,0.07294,0.03401,0.03078,0.05269,0.06730,0.02313,0.02940,0.01795,0.05565,0.03618
0.11350,0.09771,0.14009,0.05293,0.15049,0.03086,0.04398,0.02599,0.08497,0.04241,0.04308,0.08079,0.05950,0.03369
0.19245,0.07172,0.15456,0.04703,0.06046,0.05639,0.07015,0.04143,0.06067,0.04678,0.05097,0.03174,0.03148,0.08417
0.11420,0.15975,0.10523,0.05620,0.06105,0.04066,0.05705,0.03535,0.05610,0.03832,0.04120,0.13398,0.03765,0.06327
0.20493,0.07209,0.20335,0.05890,0.08465,0.03723,0.03863,0.03627,0.04551,0.04301,0.04510,0.04440,0.04347,0.04245
0.06950,0.05342,0.05349,0.08504,0.24795,0.03149,0.03805,0.05791,0.13640,0.03010,0.03170,0.02787,0.09294,0.04415
0.13371,0.07027,0.12103,0.07628,0.03729,0.07402,0.09537,0.05284,0.09345,0.06630,0.06762,0.03986,0.02924,0.04272
0.19837,0.07234,0.18679,0.05883,0.09546,0.03988,0.03949,0.03507,0.07184,0.03121,0.04268,0.05298,0.04024,0.03481
0.07632,0.04671,0.10073,0.06499,0.06321,0.05047,0.11838,0.05609,0.09553,0.06431,0.05358,0.03311,0.04990,0.12667
0.05743,0.05533,0.09352,0.14255,0.03922,0.04876,0.10059,0.04515,0.13170,0.08742,0.06016,0.03542,0.04282,0.05994
0.09189,0.19557,0.06807,0.05115,0.07281,0.04806,0.04199,0.03951,0.04978,0.02920,0.04203,0.17210,0.03846,0.05939
0.09868,0.06111,0.06887,0.11458,0.07272,0.09941,0.06305,0.04950,0.06809,0.05252,0.06654,0.04197,0.05212,0.09083
0.07350,0.14863,0.05598,0.07789,0.10560,0.06232,0.04326,0.03934,0.08131,0.03713,0.04834,0.12184,0.04912,0.05573
0.12544,0.15694,0.11029,0.05401,0.03722,0.05583,0.05076,0.04850,0.05236,0.03901,0.05570,0.13192,0.03296,0.04906
0.04984,0.06632,0.03189,0.21428,0.12824,0.02621,0.02731,0.11014,0.10524,0.02739,0.02589,0.04241,0.10520,0.03963
0.25190,0.04863,0.22921,0.06194,0.06535,0.04832,0.04401,0.03924,0.04244,0.03326,0.03689,0.02326,0.03158,0.04395
0.05509,0.04923,0.04906,0.13725,0.17500,0.03905,0.04770,0.06976,0.10251,0.04662,0.04420,0.04164,0.09426,0.04865
0.12559,0.07175,0.09941,0.07327,0.11788,0.06626,0.04219,0.04369,0.05577,0.04592,0.06832,0.04574,0.05716,0.08704
0.14161,0.05824,0.12509,0.08607,0.08081,0.05498,0.05993,0.06337,0.07271,0.04968,0.05988,0.03270,0.05300,0.06193
0.17403,0.06690,0.13167,0.06126,0.11140,0.06256,0.04700,0.05474,0.06985,0.03890,0.05550,0.03553,0.05030,0.04036
0.08708,0.05710,0.06274,0.09991,0.05792,0.09946,0.07973,0.05899,0.07204,0.04345,0.06668,0.03727,0.05657,0.12107
0.15493,0.10023,0.11258,0.07880,0.07301,0.06797,0.05037,0.06058,0.05092,0.04121,0.05837,0.05469,0.04037,0.05597
0.13390,0.05657,0.11737,0.06745,0.08236,0.06132,0.08010,0.04771,0.08440,0.04035,0.05129,0.03530,0.04584,0.09605
0.09743,0.15235,0.08856,0.04875,0.08888,0.05122,0.05346,0.04039,0.05654,0.04750,0.05545,0.13315,0.04027,0.04607
0.16274,0.08884,0.10387,0.02700,0.04783,0.05762,0.10647,0.04296,0.09816,0.04694,0.04405,0.03445,0.02830,0.11077
0.22197,0.09113,0.19371,0.05631,0.05137,0.05242,0.04611,0.03089,0.03321,0.03096,0.04414,0.06238,0.03113,0.05426
0.12645,0.04971,0.09261,0.11517,0.06630,0.08712,0.05604,0.05614,0.08251,0.05489,0.05959,0.02818,0.03979,0.08551
0.15100,0.12624,0.09740,0.05650,0.07858,0.06937,0.05561,0.04528,0.04934,0.04421,0.05625,0.07584,0.04057,0.05381
0.09727,0.20311,0.06205,0.04189,0.09351,0.04813,0.04149,0.04459,0.05048,0.03320,0.04135,0.16395,0.03780,0.04119
0.09688,0.06381,0.10338,0.10165,0.09905,0.04074,0.06489,0.06417,0.10744,0.05581,0.05472,0.04294,0.05953,0.04498
0.10499,0.06076,0.08203,0.12694,0.05275,0.09313,0.05539,0.04311,0.07011,0.05361,0.06157,0.05613,0.04826,0.09123
0.09698,0.04730,0.12062,0.09818,0.14340,0.04503,0.06644,0.04053,0.11373,0.05824,0.05157,0.03175,0.05067,0.03556
0.12635,0.06362,0.08812,0.10727,0.06648,0.10400,0.05110,0.05217,0.04954,0.04789,0.08127,0.02735,0.04363,0.09121
0.15872,0.05992,0.03880,0.11284,0.04093,0.13623,0.06843,0.03654,0.05170,0.02834,0.05445,0.03918,0.03352,0.14039
0.20388,0.04196,0.19276,0.07157,0.04489,0.03607,0.07140,0.04238,0.07902,0.04260,0.03563,0.02200,0.03996,0.07587
0.26163,0.05058,0.25479,0.05463,0.05242,0.04901,0.02969,0.03375,0.02736,0.03140,0.04053,0.02428,0.03068,0.05925
0.17797,0.11862,0.08790,0.06439,0.05405,0.08860,0.05108,0.07101,0.04079,0.04336,0.06372,0.05197,0.03253,0.05400
0.08098,0.07742,0.09014,0.09340,0.08104,0.05897,0.07963,0.05995,0.08253,0.07009,0.06979,0.05162,0.04938,0.05504
0.14377,0.04545,0.08535,0.13472,0.06363,0.10347,0.04524,0.04882,0.05784,0.03185,0.05439,0.02636,0.05003,0.10908
0.12554,0.15224,0.07606,0.06028,0.06150,0.06969,0.05142,0.04387,0.05339,0.04154,0.05896,0.11515,0.03964,0.05073
0.18615,0.10601,0.05603,0.08210,0.05312,0.11026,0.05953,0.05481,0.04111,0.03762,0.05698,0.04270,0.03439,0.07918
0.10217,0.18768,0.07116,0.04021,0.06072,0.05293,0.05603,0.04362,0.04847,0.05175,0.04969,0.14568,0.03346,0.05643
0.28642,0.04926,0.28853,0.05268,0.04290,0.03785,0.02742,0.03231,0.03008,0.02530,0.02950,0.03114,0.03213,0.03447
0.10737,0.20524,0.09585,0.04725,0.08181,0.03367,0.03132,0.03372,0.04426,0.02703,0.03704,0.18589,0.03259,0.03697
0.07965,0.07286,0.07258,0.13991,0.07284,0.04759,0.06192,0.08108,0.10258,0.05524,0.05145,0.04356,0.06517,0.05356
0.13042,0.14753,0.09611,0.06290,0.07137,0.07029,0.04044,0.04578,0.05641,0.03351,0.05320,0.11096,0.03712,0.04396
0.07248,0.11046,0.06536,0.07813,0.14507,0.05733,0.04502,0.04607,0.08075,0.05496,0.05715,0.07551,0.06510,0.04661
0.10377,0.06532,0.06988,0.07797,0.07688,0.09367,0.07686,0.05320,0.06553,0.07408,0.06596,0.04516,0.04667,0.08506
0.14814,0.06201,0.09926,0.11149,0.04896,0.11005,0.05304,0.04657,0.04483,0.04332,0.06087,0.03491,0.03501,0.10154
0.11703,0.08474,0.08021,0.14186,0.07557,0.05672,0.04325,0.08658,0.07592,0.02998,0.04387,0.05485,0.06783,0.04158
0.07157,0.19635,0.05499,0.04194,0.12834,0.03155,0.03125,0.03145,0.07462,0.03047,0.03153,0.18839,0.04887,0.03867
0.09927,0.05161,0.08314,0.18004,0.06040,0.05494,0.04638,0.08382,0.08024,0.03558,0.04719,0.04080,0.07785,0.05872
0.11162,0.06650,0.13911,0.03986,0.08097,0.03399,0.10492,0.03280,0.12122,0.04670,0.02747,0.04622,0.03803,0.11058
0.13215,0.03114,0.04072,0.14600,0.04165,0.13854,0.05296,0.03106,0.04533,0.02814,0.06309,0.02449,0.04488,0.17984
0.07421,0.10296,0.05891,0.07182,0.08195,0.06212,0.08633,0.04723,0.08342,0.05965,0.06107,0.07068,0.04894,0.09074
0.08564,0.06523,0.11730,0.11695,0.05819,0.03948,0.08764,0.05365,0.11609,0.06441,0.04979,0.04264,0.04415,0.05885
0.20454,0.09664,0.16119,0.03199,0.06412,0.07033,0.05005,0.04262,0.04957,0.04201,0.05206,0.05049,0.03750,0.04691
0.07831,0.05981,0.07478,0.04445,0.26462,0.02791,0.04779,0.03351,0.12389,0.03293,0.02964,0.04756,0.08675,0.04807
0.07775,0.04761,0.07752,0.15846,0.08740,0.04466,0.05730,0.08003,0.09486,0.05781,0.05690,0.02743,0.08224,0.05004
0.13986,0.06093,0.16704,0.06675,0.09673,0.03796,0.06657,0.03501,0.09676,0.05648,0.05490,0.03789,0.04551,0.03761
0.07438,0.06359,0.05518,0.04838,0.27739,0.04122,0.03290,0.03157,0.11187,0.02997,0.03996,0.05497,0.09354,0.04509
0.16470,0.07880,0.10419,0.10570,0.04525,0.07492,0.06071,0.07121,0.06187,0.04185,0.06172,0.02814,0.05103,0.04992
0.09435,0.04421,0.07322,0.14726,0.15803,0.04009,0.03632,0.07761,0.10483,0.02894,0.04379,0.02105,0.08619,0.04412
0.08581,0.06655,0.05890,0.21149,0.06684,0.04246,0.03009,0.10358,0.08575,0.03208,0.05319,0.03695,0.08858,0.03775
0.09931,0.04740,0.06498,0.06818,0.23980,0.05647,0.03607,0.04653,0.10665,0.03029,0.04328,0.02943,0.08131,0.05030
0.12398,0.06924,0.05600,0.13031,0.05160,0.08765,0.05548,0.07790,0.06702,0.04573,0.06250,0.03756,0.05355,0.08147
0.07869,0.05213,0.13450,0.10744,0.03989,0.04212,0.11437,0.02988,0.14611,0.08852,0.05841,0.03292,0.02842,0.04659
0.24416,0.06813,0.20166,0.03633,0.05137,0.05732,0.05752,0.03479,0.04824,0.03554,0.04305,0.02969,0.02970,0.06251
0.21303,0.06933,0.17999,0.05556,0.07970,0.06148,0.04487,0.04989,0.04875,0.03798,0.05011,0.02893,0.03864,0.04174
0.11000,0.11081,0.05398,0.10667,0.04717,0.09440,0.04810,0.04246,0.04207,0.04865,0.06027,0.06682,0.04358,0.12502
0.18048,0.09730,0.14578,0.04020,0.06376,0.05279,0.06468,0.04401,0.05394,0.04869,0.06376,0.05519,0.03952,0.04990
0.15936,0.05730,0.13057,0.10698,0.07279,0.05364,0.04660,0.06665,0.08116,0.03980,0.04829,0.02503,0.05718,0.05464
0.11447,0.07742,0.11122,0.07045,0.08768,0.06842,0.04950,0.06162,0.05734,0.08186,0.06787,0.04165,0.05422,0.05630
0.04741,0.16033,0.04457,0.06747,0.11562,0.04420,0.04535,0.05205,0.06752,0.06754,0.05634,0.13364,0.06114,0.03681
0.09601,0.06911,0.07054,0.14925,0.07978,0.05715,0.04250,0.07748,0.08085,0.04506,0.05538,0.04401,0.07770,0.05518
0.15308,0.07470,0.09639,0.04280,0.07173,0.07494,0.08829,0.04783,0.08102,0.05029,0.05073,0.03848,0.03685,0.09286
0.05271,0.23881,0.04794,0.05539,0.03403,0.04826,0.04551,0.03127,0.04685,0.03959,0.04268,0.24618,0.02603,0.04475
0.23444,0.03450,0.21950,0.10586,0.05751,0.04168,0.03249,0.04949,0.04470,0.02820,0.03185,0.02395,0.04950,0.04633
0.13676,0.07190,0.12094,0.04103,0.05495,0.05317,0.10021,0.04054,0.10150,0.05578,0.04826,0.03520,0.03029,0.10947
0.11356,0.03985,0.05964,0.12709,0.06731,0.11765,0.05393,0.04247,0.04753,0.05550,0.07660,0.02519,0.04682,0.12687
0.12239,0.06311,0.11015,0.09852,0.10099,0.06127,0.05348,0.04492,0.06851,0.05329,0.06112,0.04492,0.05813,0.05919
0.12448,0.17463,0.07950,0.04273,0.08673,0.05318,0.04547,0.04325,0.05274,0.04289,0.04951,0.12341,0.03729,0.04418
0.12054,0.05613,0.10571,0.09764,0.07741,0.05493,0.05871,0.07586,0.09966,0.04415,0.05439,0.03557,0.05833,0.06097
0.15061,0.04113,0.08682,0.10689,0.04087,0.12177,0.06009,0.04062,0.05288,0.03588,0.05924,0.03208,0.03547,0.13565
0.06437,0.04370,0.08750,0.15613,0.06808,0.03948,0.09063,0.06617,0.12723,0.06625,0.04516,0.03710,0.06643,0.04178
0.12241,0.04349,0.08837,0.11185,0.05594,0.10012,0.04964,0.05040,0.04937,0.04626,0.06427,0.03068,0.04765,0.13956
0.15727,0.05917,0.13902,0.07803,0.08433,0.05818,0.06234,0.04375,0.06251,0.05444,0.05589,0.03077,0.05502,0.05928
0.10709,0.18425,0.05458,0.03994,0.08356,0.05951,0.05720,0.04435,0.05957,0.03710,0.04870,0.12934,0.04061,0.05420
0.05675,0.05453,0.03821,0.10464,0.24991,0.03745,0.02300,0.06207,0.12906,0.02703,0.03905,0.03507,0.09624,0.04699
0.18634,0.07929,0.09832,0.06158,0.06712,0.08414,0.06152,0.03547,0.04612,0.03957,0.06083,0.04459,0.03761,0.09750
0.13053,0.05593,0.04373,0.13009,0.06459,0.12495,0.04825,0.03902,0.05038,0.02716,0.06112,0.04024,0.04518,0.13882
0.10617,0.05787,0.10040,0.06332,0.06747,0.05986,0.09799,0.05011,0.09724,0.06001,0.05394,0.04570,0.04313,0.09678
0.10146,0.06417,0.07884,0.09894,0.06465,0.07664,0.07715,0.05417,0.08809,0.05907,0.06049,0.04076,0.04317,0.09238
0.21673,0.04962,0.20460,0.06994,0.06866,0.04563,0.04490,0.03611,0.05877,0.04081,0.04447,0.02703,0.04268,0.05005
0.10346,0.07912,0.09420,0.07839,0.13646,0.06146,0.05169,0.04752,0.07613,0.03863,0.06313,0.05441,0.06037,0.05503
0.10259,0.06827,0.08618,0.10092,0.07913,0.06690,0.06933,0.05154,0.09497,0.06380,0.06318,0.03900,0.06072,0.05346
0.23125,0.07032,0.23734,0.05270,0.04981,0.04174,0.04130,0.02568,0.05539,0.04314,0.03873,0.05157,0.02870,0.03233
0.04687,0.08484,0.10641,0.10591,0.06337,0.03915,0.09012,0.03646,0.12940,0.08397,0.06617,0.06273,0.04623,0.03837
0.14769,0.07584,0.07685,0.13768,0.07493,0.06156,0.04977,0.08762,0.07322,0.03246,0.04118,0.03571,0.06507,0.04042
0.08337,0.06796,0.06767,0.04590,0.05881,0.06927,0.10777,0.05898,0.10033,0.05869,0.05773,0.04853,0.04383,0.13117
0.26297,0.04413,0.24216,0.06205,0.04713,0.05714,0.03831,0.02693,0.03493,0.03049,0.03983,0.02746,0.02933,0.05713
0.11437,0.17082,0.11562,0.05473,0.04879,0.04227,0.05386,0.03016,0.05152,0.03816,0.04542,0.15602,0.03459,0.04368
0.08066,0.23854,0.06811,0.04193,0.05908,0.04557,0.03514,0.03206,0.04001,0.04366,0.04257,0.19914,0.03447,0.03908
0.21452,0.04232,0.23305,0.07626,0.05764,0.03953,0.05670,0.02874,0.07352,0.04564,0.04249,0.02429,0.03199,0.03331
0.20639,0.08058,0.19075,0.06286,0.06099,0.04680,0.04436,0.04545,0.04386,0.05095,0.04651,0.04097,0.03523,0.04431
0.27111,0.05291,0.26587,0.06135,0.03939,0.03194,0.03630,0.03621,0.04396,0.02853,0.03125,0.03066,0.03696,0.03356
0.14941,0.05063,0.08752,0.11060,0.08549,0.10757,0.04270,0.04065,0.05803,0.02944,0.05745,0.03128,0.04343,0.10581
0.08009,0.18122,0.07131,0.06455,0.09083,0.05161,0.04036,0.03671,0.05211,0.04438,0.04942,0.15411,0.03851,0.04479
0.09505,0.05557,0.08675,0.08657,0.12883,0.06656,0.06068,0.04826,0.10208,0.05598,0.05818,0.03819,0.06324,0.05406
0.09316,0.05755,0.09589,0.10434,0.09405,0.07560,0.06364,0.05234,0.09815,0.06246,0.06406,0.02668,0.05021,0.06187
0.08524,0.17987,0.06270,0.06141,0.06524,0.06060,0.04748,0.04000,0.06454,0.04775,0.04839,0.15677,0.03418,0.04584
0.12649,0.10760,0.11308,0.07488,0.05137,0.07758,0.05480,0.03200,0.05628,0.04294,0.06003,0.09210,0.03353,0.07733
0.11300,0.11359,0.09693,0.07866,0.07821,0.06375,0.05332,0.05908,0.05913,0.06598,0.05851,0.06085,0.04504,0.05394
0.18352,0.10830,0.08695,0.06290,0.07011,0.08638,0.04638,0.07780,0.04807,0.03981,0.05670,0.04463,0.04238,0.04608
0.15486,0.08292,0.08724,0.03436,0.08515,0.06619,0.08653,0.04697,0.08589,0.04574,0.05614,0.03906,0.04097,0.08798
0.07982,0.07882,0.07638,0.07216,0.17787,0.05666,0.05152,0.06038,0.08882,0.04670,0.05035,0.04932,0.06880,0.04239
0.08928,0.14739,0.09609,0.04561,0.15892,0.03864,0.03735,0.03100,0.06184,0.03301,0.04222,0.13521,0.05173,0.03172
0.05911,0.03500,0.10261,0.04214,0.05028,0.03238,0.17064,0.03141,0.16321,0.05571,0.03599,0.02351,0.02784,0.17018
0.14095,0.06572,0.08381,0.10043,0.06303,0.08394,0.06799,0.06594,0.06687,0.05697,0.05504,0.03678,0.04205,0.07048
0.12478,0.06421,0.13172,0.06584,0.05434,0.05506,0.09689,0.04354,0.10253,0.05244,0.04427,0.04148,0.03493,0.08797
0.12360,0.07424,0.06858,0.04386,0.20181,0.05181,0.04750,0.05046,0.10675,0.03577,0.04819,0.03956,0.07075,0.03713
0.05067,0.05404,0.09735,0.10066,0.13916,0.04113,0.07365,0.03823,0.14307,0.06823,0.06201,0.03816,0.06169,0.03195
0.13057,0.06345,0.10976,0.09455,0.08354,0.06799,0.05314,0.05382,0.07015,0.04761,0.06234,0.04319,0.05718,0.06272
0.15320,0.08186,0.08155,0.06598,0.10906,0.07658,0.05655,0.07657,0.06617,0.04194,0.05602,0.03298,0.04973,0.05183
0.15619,0.06800,0.15672,0.05516,0.07268,0.05504,0.06670,0.04118,0.07544,0.05234,0.05731,0.04431,0.03793,0.06100
0.12151,0.08225,0.04822,0.10299,0.07441,0.10777,0.05220,0.04400,0.05617,0.03680,0.06073,0.04845,0.04218,0.12233
0.07143,0.04154,0.08172,0.18814,0.08137,0.03745,0.04241,0.09114,0.09909,0.05299,0.04795,0.02176,0.09155,0.05146
0.16159,0.05393,0.16357,0.06844,0.12467,0.04844,0.04434,0.03099,0.06267,0.05062,0.04905,0.03653,0.05776,0.04739
0.10253,0.06099,0.07827,0.15871,0.06414,0.05829,0.04604,0.09444,0.08991,0.04889,0.05220,0.03603,0.07450,0.03506
0.16833,0.06131,0.09901,0.10604,0.05941,0.10157,0.04208,0.04128,0.04214,0.03154,0.06152,0.02388,0.03931,0.12257
0.12732,0.04704,0.05390,0.14401,0.03782,0.13041,0.04425,0.02826,0.04075,0.03446,0.06795,0.03397,0.04110,0.16876
0.21318,0.07445,0.20212,0.05168,0.07255,0.04052,0.05003,0.03643,0.05719,0.04409,0.04405,0.04271,0.03775,0.03326
0.12911,0.16447,0.06893,0.03881,0.11182,0.05822,0.03775,0.04036,0.06268,0.02683,0.04177,0.13426,0.04446,0.04051
0.13200,0.06357,0.07159,0.11691,0.07311,0.09444,0.05121,0.04780,0.04823,0.05048,0.06044,0.03648,0.04945,0.10429
0.13393,0.08962,0.13317,0.04306,0.06396,0.05431,0.08014,0.03674,0.08920,0.04260,0.05151,0.06728,0.04016,0.07431
0.12223,0.05889,0.12882,0.10343,0.05700,0.04903,0.08895,0.05011,0.10689,0.05631,0.06659,0.03103,0.04253,0.03818
0.14809,0.04645,0.03805,0.15313,0.05250,0.14256,0.05033,0.04277,0.04605,0.02601,0.06003,0.02243,0.03339,0.13820
0.09426,0.05481,0.06385,0.08981,0.18129,0.05673,0.04432,0.04620,0.11283,0.03323,0.04503,0.03116,0.08054,0.06594
0.08339,0.05623,0.06899,0.17996,0.04789,0.05673,0.05319,0.09276,0.09431,0.04374,0.05445,0.03838,0.07123,0.05876
0.14660,0.12276,0.11504,0.06890,0.07729,0.05518,0.04565,0.05093,0.05231,0.04247,0.04385,0.07505,0.04825,0.05573
0.11778,0.07054,0.09637,0.09874,0.16152,0.04123,0.03025,0.07184,0.09714,0.03031,0.04786,0.03291,0.07046,0.03304
0.06947,0.13731,0.06474,0.04836,0.13941,0.04392,0.05918,0.03285,0.08219,0.04615,0.04350,0.10941,0.05255,0.07097
0.10792,0.08522,0.08464,0.10386,0.07553,0.07528,0.06228,0.06469,0.08295,0.05534,0.06241,0.03841,0.04490,0.05657
0.19258,0.03484,0.20107,0.07898,0.08987,0.03682,0.05242,0.03979,0.07887,0.05304,0.04296,0.02364,0.04150,0.03362
0.09375,0.09253,0.10976,0.05373,0.04467,0.04581,0.11268,0.04399,0.10798,0.04685,0.03844,0.06126,0.03597,0.11257
0.09853,0.06218,0.11866,0.10052,0.08505,0.05952,0.07418,0.05249,0.09245,0.07008,0.05809,0.03244,0.04530,0.05049
0.10171,0.08983,0.10173,0.05395,0.11549,0.05677,0.06588,0.04161,0.06943,0.06067,0.06430,0.05261,0.06379,0.06220
0.05268,0.06126,0.07187,0.12406,0.18813,0.02498,0.03647,0.05970,0.13182,0.03380,0.04141,0.05033,0.09060,0.03289
0.13151,0.05063,0.07501,0.10303,0.08320,0.09394,0.06331,0.04908,0.05464,0.05340,0.05910,0.02727,0.04272,0.11316
0.33671,0.03479,0.31940,0.04582,0.03380,0.03089,0.02302,0.02838,0.02998,0.02037,0.02627,0.01530,0.02499,0.03026
0.15952,0.09426,0.11577,0.07985,0.06700,0.06378,0.05704,0.05851,0.06701,0.03645,0.04756,0.05336,0.04769,0.05219
0.10968,0.12941,0.08194,0.05547,0.07680,0.07075,0.06122,0.05074,0.05895,0.05655,0.06550,0.07552,0.04775,0.05974
