0.01136,0.72657,0.01332,0.01216,0.07465,0.01243,0.01252,0.01002,0.01107,0.00973,0.03022,0.07596
0.03236,0.07325,0.02758,0.02978,0.07662,0.02776,0.03286,0.02905,0.03250,0.03255,0.05134,0.55435
0.01666,0.31759,0.01237,0.01304,0.33059,0.01365,0.01585,0.01288,0.01658,0.01441,0.13954,0.09685
0.04874,0.06415,0.03912,0.03924,0.06263,0.04449,0.04668,0.04268,0.04441,0.03910,0.09547,0.43329
0.10208,0.16070,0.03106,0.05370,0.13965,0.03228,0.04581,0.02708,0.04888,0.05875,0.11319,0.18681
0.01907,0.21147,0.01730,0.01730,0.20969,0.01530,0.01727,0.01612,0.01927,0.01681,0.25982,0.18058
0.04875,0.25376,0.06171,0.04798,0.18002,0.04494,0.05765,0.07335,0.06150,0.04943,0.01550,0.10540
0.07439,0.10340,0.08997,0.06651,0.12300,0.06809,0.08313,0.08899,0.08369,0.06359,0.02395,0.13128
0.04555,0.14199,0.05377,0.04536,0.14728,0.04073,0.08120,0.05958,0.06859,0.04814,0.20920,0.05862
0.02059,0.28668,0.02041,0.01955,0.22582,0.01963,0.03012,0.01657,0.02161,0.01765,0.02137,0.30001
0.04072,0.18200,0.05490,0.03293,0.17976,0.03476,0.26303,0.02163,0.02654,0.02912,0.09888,0.03574
0.01797,0.33386,0.02401,0.01890,0.40830,0.01614,0.02453,0.02140,0.01900,0.01620,0.08166,0.01802
0.02114,0.50042,0.01659,0.01921,0.28499,0.01875,0.01553,0.01623,0.02723,0.02038,0.01119,0.04834
0.01415,0.72348,0.01452,0.01663,0.09782,0.01295,0.01521,0.01599,0.01271,0.01787,0.01245,0.04622
0.06910,0.09016,0.07162,0.06110,0.10028,0.05734,0.08304,0.06432,0.06377,0.06978,0.08074,0.18875
0.03315,0.08078,0.02955,0.03039,0.08936,0.02884,0.03804,0.02991,0.03362,0.02913,0.07425,0.50299
0.06312,0.09825,0.06785,0.06792,0.09516,0.05706,0.06974,0.06953,0.05545,0.07306,0.08406,0.19880
0.02833,0.18749,0.02573,0.02721,0.08054,0.02616,0.02506,0.02403,0.02385,0.02766,0.18035,0.34358
0.03466,0.07108,0.03160,0.03969,0.06714,0.03244,0.03836,0.03352,0.03277,0.03137,0.52781,0.05955
0.06992,0.13082,0.05425,0.03847,0.35071,0.02949,0.08518,0.05563,0.07131,0.03144,0.03636,0.04644
0.05971,0.15190,0.03594,0.04542,0.15764,0.04126,0.04357,0.04317,0.04273,0.04635,0.08370,0.24859
0.02491,0.14063,0.02672,0.02497,0.13353,0.02498,0.02660,0.02167,0.02586,0.02768,0.02016,0.50229
0.03048,0.19150,0.03170,0.03416,0.17075,0.03537,0.03404,0.02838,0.03235,0.02895,0.04102,0.34130
0.02108,0.21304,0.02475,0.01741,0.16836,0.02369,0.02772,0.02368,0.02741,0.02442,0.15231,0.27611
0.04593,0.06709,0.03728,0.04071,0.08260,0.03836,0.03908,0.03772,0.04012,0.04271,0.10606,0.42233
0.03845,0.08607,0.03760,0.03745,0.08852,0.03647,0.04733,0.03594,0.03986,0.03777,0.20551,0.30902
0.06204,0.13382,0.08272,0.07218,0.15819,0.07158,0.08033,0.07132,0.07312,0.07696,0.06213,0.05562
0.03909,0.28770,0.03881,0.04181,0.25436,0.03357,0.04288,0.03945,0.03344,0.03371,0.01446,0.14073
0.03671,0.30499,0.03830,0.03379,0.28950,0.03143,0.03226,0.03942,0.05734,0.03964,0.03847,0.05816
0.03960,0.26710,0.03302,0.03427,0.30829,0.03030,0.03555,0.03162,0.03091,0.03163,0.04428,0.11343
0.01830,0.35455,0.01494,0.01432,0.28013,0.01341,0.01712,0.01389,0.01458,0.01286,0.04717,0.19874
0.03604,0.08296,0.03355,0.03127,0.07442,0.02633,0.04746,0.03344,0.03110,0.03377,0.52820,0.04145
0.01657,0.58886,0.02041,0.01884,0.12859,0.01920,0.02316,0.01862,0.01751,0.01729,0.05137,0.07957
0.03291,0.32864,0.04132,0.02960,0.32847,0.04469,0.03498,0.02930,0.02853,0.03960,0.04561,0.01635
0.02935,0.05435,0.12274,0.05660,0.06576,0.03185,0.11218,0.07582,0.33236,0.07200,0.01367,0.03332
0.01346,0.61163,0.01487,0.01662,0.12001,0.01423,0.01713,0.01726,0.01367,0.01510,0.02949,0.11653
0.04633,0.08963,0.04576,0.03614,0.13536,0.03227,0.06136,0.04166,0.05374,0.03343,0.02268,0.40164
0.05741,0.24200,0.06582,0.04802,0.21632,0.04831,0.06148,0.04229,0.04773,0.04820,0.07574,0.04667
0.06397,0.05301,0.04420,0.03747,0.06978,0.03263,0.06777,0.04333,0.06471,0.04118,0.04443,0.43751
0.06674,0.09644,0.08692,0.07058,0.12020,0.08820,0.04939,0.09583,0.08626,0.08619,0.02414,0.12910
0.01759,0.03964,0.01747,0.01788,0.03953,0.01443,0.01945,0.01594,0.01719,0.01797,0.02444,0.75846
0.05123,0.07663,0.07310,0.06580,0.08281,0.11509,0.08000,0.07399,0.12016,0.05153,0.12876,0.08090
0.05147,0.13859,0.04745,0.04886,0.15270,0.03913,0.05459,0.05365,0.05041,0.05177,0.10973,0.20164
0.02427,0.34257,0.05249,0.02441,0.26727,0.03748,0.04752,0.03590,0.04543,0.03262,0.02083,0.06918
0.03150,0.08157,0.03250,0.02743,0.10520,0.02539,0.04006,0.03263,0.04140,0.03167,0.37911,0.17152
0.01061,0.78827,0.01047,0.01067,0.07553,0.00883,0.01212,0.01176,0.00962,0.00969,0.02508,0.02735
0.01640,0.27062,0.01046,0.01295,0.26964,0.01144,0.01382,0.01381,0.01316,0.01219,0.19544,0.16007
0.04538,0.14986,0.05533,0.05321,0.17551,0.04119,0.04590,0.04287,0.08439,0.04050,0.04973,0.21614
0.10869,0.04775,0.05108,0.07815,0.04973,0.05528,0.06432,0.04985,0.07343,0.08382,0.02536,0.31253
0.06154,0.09572,0.10082,0.05324,0.10235,0.09708,0.17119,0.08619,0.12618,0.06399,0.01782,0.02387
0.04037,0.10093,0.03892,0.04061,0.08506,0.03795,0.04628,0.02855,0.04509,0.03137,0.09153,0.41334
0.02736,0.39049,0.02401,0.02018,0.33328,0.02329,0.02938,0.02369,0.02385,0.02308,0.02766,0.05373
0.04677,0.04988,0.04137,0.03700,0.05339,0.03728,0.05424,0.04226,0.04464,0.05133,0.06939,0.47244
0.02488,0.35997,0.02089,0.01897,0.32724,0.01904,0.02449,0.01900,0.02291,0.02142,0.03730,0.10390
0.03093,0.20383,0.02297,0.02383,0.20181,0.02637,0.02778,0.02387,0.02702,0.02481,0.02410,0.36269
0.08648,0.08880,0.09429,0.07455,0.09848,0.06469,0.10487,0.06747,0.07394,0.09275,0.04124,0.11244
0.03403,0.13585,0.02853,0.02944,0.12328,0.03106,0.03542,0.03040,0.03260,0.02637,0.21251,0.28051
0.03541,0.24853,0.03540,0.03221,0.25423,0.02944,0.03605,0.02869,0.03315,0.03361,0.05392,0.17936
0.07104,0.05604,0.03801,0.06075,0.06124,0.06688,0.03472,0.08855,0.07632,0.09127,0.03510,0.32007
0.07341,0.15000,0.06402,0.05177,0.18187,0.05975,0.07554,0.05880,0.08427,0.06148,0.06172,0.07736
0.02159,0.06955,0.02125,0.02074,0.08185,0.01927,0.02594,0.02308,0.02630,0.01999,0.40782,0.26262
0.02989,0.10323,0.03460,0.04259,0.11164,0.03986,0.04412,0.03340,0.04836,0.04173,0.04742,0.42315
0.04752,0.05952,0.04481,0.04781,0.05596,0.04778,0.04763,0.03630,0.03770,0.04174,0.02690,0.50632
0.02482,0.18102,0.03975,0.03842,0.37614,0.03407,0.02969,0.03640,0.03495,0.03257,0.12139,0.05078
0.04525,0.26137,0.03895,0.03832,0.22849,0.03358,0.04282,0.04249,0.04003,0.04620,0.03655,0.14597
0.06086,0.06695,0.05248,0.05212,0.06347,0.03969,0.05181,0.04876,0.05076,0.04946,0.16642,0.29724
0.03109,0.05032,0.02954,0.02728,0.06491,0.02679,0.03351,0.02743,0.03708,0.02699,0.35323,0.29183
0.03305,0.05617,0.03067,0.03277,0.05488,0.02699,0.03548,0.03330,0.03546,0.02967,0.16898,0.46257
0.04096,0.07334,0.03211,0.03035,0.07228,0.03394,0.03316,0.02946,0.03579,0.03478,0.39392,0.18991
0.05787,0.14783,0.06511,0.04546,0.14087,0.04372,0.04170,0.03598,0.05832,0.04067,0.14328,0.17918
0.03957,0.14221,0.04737,0.03942,0.13270,0.05036,0.06862,0.05053,0.05640,0.04818,0.26855,0.05608
0.06187,0.16880,0.04371,0.05032,0.16298,0.04786,0.05683,0.04519,0.05035,0.04707,0.01843,0.24660
0.04709,0.23009,0.03273,0.04316,0.34574,0.03688,0.04608,0.03509,0.03560,0.04104,0.04116,0.06534
0.06401,0.12328,0.05408,0.04797,0.15711,0.05630,0.07345,0.03938,0.05206,0.04030,0.02485,0.26722
0.02227,0.23771,0.02104,0.02394,0.22585,0.02291,0.02187,0.02385,0.02309,0.02431,0.03149,0.32165
0.05054,0.10971,0.03685,0.04898,0.11645,0.04346,0.02105,0.09760,0.12656,0.09429,0.09060,0.16389
0.02058,0.35222,0.01768,0.01763,0.27854,0.01842,0.02234,0.01577,0.01923,0.01801,0.18257,0.03701
0.04048,0.08578,0.09213,0.04495,0.08304,0.10762,0.09722,0.08726,0.08459,0.05115,0.05217,0.17363
0.00939,0.42207,0.00779,0.00909,0.47058,0.00711,0.00930,0.00887,0.00956,0.01051,0.01040,0.02535
0.03441,0.14004,0.04129,0.03589,0.19848,0.02772,0.04735,0.04298,0.04989,0.03666,0.10639,0.23889
0.02591,0.05594,0.02885,0.02920,0.06396,0.02763,0.03077,0.02637,0.03441,0.02494,0.10260,0.54943
0.09058,0.09713,0.09463,0.12368,0.11762,0.10789,0.05989,0.10565,0.07346,0.06508,0.04250,0.02189
0.05137,0.20023,0.07537,0.04161,0.18274,0.04539,0.08671,0.02896,0.03728,0.03779,0.17011,0.04244
0.03997,0.13933,0.03956,0.03676,0.13790,0.03882,0.05013,0.04544,0.05804,0.04139,0.05526,0.31741
0.24683,0.12104,0.04419,0.05046,0.10688,0.07803,0.03972,0.03450,0.03236,0.06104,0.11957,0.06539
0.02356,0.24801,0.02024,0.01914,0.30533,0.01873,0.02629,0.02479,0.02199,0.02089,0.03029,0.24076
0.03400,0.30297,0.03407,0.03244,0.31941,0.03420,0.03754,0.03403,0.03878,0.03079,0.03120,0.07057
0.06855,0.19769,0.06381,0.05515,0.20233,0.04742,0.06291,0.04996,0.05411,0.05887,0.04589,0.09330
0.06577,0.13037,0.04679,0.05150,0.13303,0.05144,0.06015,0.05506,0.05433,0.05974,0.02493,0.26691
0.05070,0.10881,0.04699,0.04053,0.10435,0.04249,0.07359,0.05729,0.06295,0.05548,0.01618,0.34063
0.01510,0.17536,0.01666,0.01575,0.17078,0.01602,0.02091,0.01553,0.01654,0.01830,0.08029,0.43877
0.00817,0.58939,0.00748,0.00733,0.29626,0.00875,0.00907,0.00684,0.00996,0.00828,0.00707,0.04141
0.03250,0.24824,0.01742,0.02523,0.27388,0.01656,0.01764,0.02079,0.01878,0.02439,0.09387,0.21069
0.02393,0.42262,0.01993,0.02194,0.34430,0.01940,0.01385,0.02384,0.03978,0.02445,0.01079,0.03517
0.03606,0.34316,0.02746,0.02854,0.32498,0.03077,0.01846,0.02846,0.05172,0.04220,0.01042,0.05778
0.04312,0.10145,0.04173,0.04304,0.12129,0.04961,0.04030,0.04053,0.05146,0.05453,0.25460,0.15834
0.06518,0.09402,0.06404,0.06498,0.09092,0.05258,0.15757,0.05518,0.07116,0.09590,0.12247,0.06600
0.06698,0.06246,0.07370,0.07507,0.06670,0.06673,0.09746,0.08216,0.09607,0.06529,0.18180,0.06558
0.05647,0.21350,0.03183,0.04348,0.22849,0.03415,0.03707,0.03525,0.03396,0.04008,0.19499,0.05072
0.02622,0.28390,0.01919,0.02073,0.28190,0.02390,0.01867,0.02613,0.02179,0.02676,0.21320,0.03760
