0.05924,0.06275,0.04919,0.04887,0.08823,0.04537,0.07023,0.04445,0.06946,0.05382,0.21317,0.19520
0.03878,0.08123,0.04028,0.03650,0.08576,0.03573,0.04040,0.03810,0.04295,0.03530,0.11732,0.40765
0.02297,0.11930,0.01795,0.01718,0.12227,0.01904,0.01987,0.01916,0.01999,0.01773,0.55164,0.05291
0.04814,0.13299,0.04037,0.04304,0.12947,0.03487,0.04129,0.04309,0.05040,0.04473,0.09375,0.29785
0.06190,0.26104,0.04375,0.04955,0.25809,0.03858,0.04445,0.04281,0.05049,0.04670,0.02491,0.07774
0.03286,0.05322,0.02979,0.03102,0.05483,0.03095,0.03089,0.02869,0.03240,0.02961,0.30967,0.33607
0.04415,0.18333,0.05694,0.04662,0.15103,0.04756,0.05652,0.04923,0.04538,0.04802,0.09581,0.17539
0.05068,0.26721,0.04327,0.03791,0.23978,0.04493,0.05074,0.03931,0.05427,0.04484,0.04585,0.08121
0.02829,0.05837,0.02882,0.02629,0.05661,0.02468,0.02885,0.02639,0.02655,0.02905,0.58157,0.08453
0.03223,0.05571,0.02778,0.02964,0.05778,0.02940,0.03365,0.02530,0.03201,0.02939,0.48192,0.16519
0.07655,0.06392,0.07800,0.08046,0.06609,0.07613,0.10859,0.08289,0.09088,0.08001,0.06953,0.12695
0.07320,0.07746,0.06176,0.05781,0.09882,0.06737,0.06620,0.06268,0.07637,0.07229,0.07211,0.21393
0.04101,0.12447,0.04168,0.03534,0.12608,0.03385,0.05855,0.03176,0.03005,0.03420,0.23427,0.20874
0.04995,0.05837,0.04084,0.04453,0.06522,0.04456,0.04891,0.04255,0.05142,0.04297,0.32016,0.19050
0.06700,0.17650,0.05655,0.05798,0.18024,0.05847,0.06047,0.05955,0.05248,0.04987,0.10110,0.07980
0.04025,0.23883,0.03406,0.03749,0.19798,0.04073,0.04222,0.04273,0.03355,0.03943,0.04082,0.21192
0.04225,0.11575,0.03836,0.05578,0.11030,0.04314,0.04728,0.04087,0.03864,0.04427,0.33848,0.08489
0.06955,0.13135,0.05861,0.06780,0.13807,0.05413,0.05106,0.05745,0.07896,0.06957,0.08091,0.14254
0.05614,0.14236,0.04503,0.04534,0.13634,0.04153,0.03709,0.04782,0.05452,0.05082,0.02644,0.31657
0.08062,0.09706,0.07585,0.07361,0.10763,0.06909,0.06275,0.08820,0.08781,0.08542,0.08239,0.08957
0.01832,0.05321,0.01852,0.01757,0.05354,0.01810,0.01821,0.01641,0.01752,0.01725,0.49417,0.25720
0.06715,0.08732,0.05923,0.05706,0.09265,0.05783,0.05996,0.06357,0.06809,0.06119,0.02737,0.29858
0.07179,0.13309,0.06898,0.06160,0.12362,0.06429,0.07602,0.07160,0.07789,0.05993,0.02893,0.16226
0.09426,0.07734,0.08117,0.09709,0.07910,0.07681,0.06506,0.06799,0.10601,0.08534,0.09855,0.07129
0.04373,0.14766,0.04368,0.04575,0.14920,0.04194,0.04255,0.04874,0.04356,0.04019,0.06262,0.29038
0.02544,0.28315,0.02405,0.01993,0.28772,0.02285,0.02526,0.02409,0.02257,0.02087,0.20018,0.04389
0.05338,0.16589,0.04202,0.03996,0.16367,0.04626,0.04981,0.03955,0.04165,0.04577,0.24299,0.06905
0.05314,0.10629,0.04637,0.04777,0.10815,0.04955,0.05218,0.04530,0.04995,0.04630,0.08028,0.31473
0.02332,0.29477,0.02284,0.02374,0.29844,0.02060,0.02411,0.02161,0.02285,0.02135,0.17386,0.05250
0.06417,0.04305,0.06721,0.05018,0.04369,0.05242,0.11173,0.03463,0.03738,0.03884,0.43127,0.02544
0.04422,0.21935,0.04019,0.04094,0.22417,0.03979,0.04437,0.04119,0.04185,0.04046,0.17125,0.05222
0.04881,0.06542,0.04187,0.04456,0.06273,0.03965,0.04393,0.04296,0.04110,0.04480,0.17433,0.34982
0.06638,0.06600,0.07913,0.07756,0.06524,0.07776,0.08306,0.07357,0.08253,0.08460,0.05577,0.18841
0.03714,0.23443,0.03386,0.03203,0.24129,0.03391,0.04355,0.03457,0.03561,0.03801,0.06045,0.17516
0.04382,0.27145,0.04512,0.04052,0.23438,0.04745,0.05308,0.04450,0.04572,0.04362,0.05855,0.07178
0.02279,0.18229,0.01908,0.02216,0.17618,0.02039,0.01998,0.01971,0.01865,0.02084,0.32499,0.15295
0.03458,0.06348,0.03395,0.03544,0.06585,0.03126,0.04284,0.03107,0.03812,0.03263,0.19294,0.39784
0.04386,0.22836,0.04931,0.03903,0.22911,0.04270,0.07503,0.03540,0.03688,0.03941,0.14531,0.03561
0.04398,0.11316,0.03982,0.04222,0.10541,0.04131,0.06123,0.03794,0.04007,0.03654,0.03008,0.40825
0.03091,0.05159,0.03217,0.02899,0.05241,0.02874,0.03440,0.02822,0.03316,0.02901,0.05787,0.59254
0.05902,0.12237,0.05888,0.05399,0.12056,0.05108,0.07785,0.04976,0.05445,0.05563,0.04162,0.25477
0.07585,0.07150,0.06846,0.06000,0.10279,0.04932,0.09848,0.06062,0.08636,0.05767,0.03249,0.23646
0.05058,0.22014,0.04635,0.04809,0.22439,0.05153,0.05489,0.05198,0.05997,0.05177,0.02917,0.11114
0.05156,0.05249,0.04302,0.04533,0.07425,0.03185,0.06589,0.03905,0.05558,0.03908,0.29124,0.21068
0.07950,0.08890,0.07275,0.08639,0.08642,0.07832,0.09108,0.07064,0.08959,0.08313,0.01344,0.15984
0.05844,0.18626,0.07894,0.06132,0.16950,0.06899,0.08507,0.05998,0.07148,0.06765,0.05414,0.03820
0.02145,0.06063,0.01747,0.01565,0.05650,0.01862,0.01934,0.01851,0.01962,0.02148,0.02620,0.70454
0.05618,0.08277,0.05416,0.05050,0.08607,0.05471,0.06721,0.05290,0.06235,0.05559,0.04593,0.33162
0.08115,0.08169,0.09110,0.08077,0.08398,0.07753,0.09916,0.07281,0.09418,0.10274,0.07402,0.06087
0.05899,0.04266,0.04996,0.05062,0.04521,0.05003,0.06452,0.05432,0.06014,0.04931,0.03233,0.44190
0.03736,0.17609,0.04099,0.03567,0.16179,0.03508,0.04327,0.04039,0.04144,0.03979,0.01911,0.32904
0.04917,0.15825,0.04571,0.04862,0.16589,0.04379,0.05241,0.04358,0.05144,0.04780,0.14022,0.15311
0.04730,0.07462,0.04603,0.04257,0.07156,0.04327,0.04694,0.04062,0.04431,0.04061,0.04154,0.46062
0.04711,0.07201,0.03220,0.03276,0.06849,0.03410,0.04325,0.03358,0.03360,0.03047,0.05905,0.51338
0.07417,0.13985,0.07990,0.07045,0.14883,0.07177,0.07869,0.06450,0.07954,0.06977,0.03600,0.08652
0.04449,0.08877,0.04218,0.04243,0.09915,0.04574,0.05148,0.04433,0.05315,0.04530,0.10039,0.34259
0.03786,0.20328,0.03450,0.03463,0.19965,0.03666,0.03601,0.03908,0.03507,0.03561,0.11200,0.19566
0.03589,0.22583,0.03633,0.03637,0.22866,0.03637,0.04076,0.03337,0.03497,0.03805,0.15726,0.09612
0.04860,0.24696,0.04233,0.04379,0.25309,0.04662,0.05013,0.04123,0.04570,0.04427,0.08639,0.05088
0.04428,0.14639,0.03776,0.03969,0.15052,0.04392,0.06301,0.03315,0.03435,0.03844,0.31622,0.05227
0.07202,0.09166,0.06032,0.06431,0.09238,0.05747,0.06896,0.06848,0.06758,0.05997,0.03634,0.26051
0.06528,0.08042,0.06425,0.06208,0.08378,0.06735,0.07116,0.06429,0.08330,0.06643,0.20238,0.08927
0.03651,0.10817,0.02923,0.03432,0.10258,0.03407,0.03401,0.03417,0.04185,0.03779,0.03989,0.46739
0.07768,0.06270,0.06128,0.06534,0.07403,0.05836,0.05465,0.06597,0.08604,0.07464,0.14804,0.17127
0.04983,0.08464,0.04325,0.06144,0.08235,0.04575,0.05039,0.04274,0.04029,0.04134,0.20700,0.25097
0.03518,0.16772,0.03592,0.02995,0.17315,0.03105,0.04512,0.03419,0.04259,0.03355,0.27103,0.10057
0.05777,0.12431,0.06001,0.04960,0.12839,0.05589,0.08971,0.04820,0.04506,0.05184,0.10892,0.18029
0.05926,0.17599,0.04653,0.05183,0.17748,0.04523,0.04964,0.05131,0.06502,0.05032,0.04511,0.18228
0.08141,0.17428,0.06709,0.06713,0.16580,0.06531,0.06785,0.05540,0.07669,0.08450,0.03109,0.06345
0.06478,0.09992,0.06139,0.06338,0.09768,0.06187,0.09182,0.07017,0.07790,0.06352,0.02753,0.22006
0.07286,0.12897,0.07316,0.07350,0.12113,0.07029,0.09495,0.06578,0.08510,0.07703,0.07906,0.05816
0.07591,0.13720,0.06201,0.06813,0.14107,0.06653,0.07626,0.06174,0.07269,0.06394,0.02534,0.14917
0.07393,0.05602,0.05879,0.05507,0.05003,0.06169,0.05939,0.05370,0.04997,0.04441,0.06990,0.36710
0.05180,0.21531,0.05583,0.04343,0.21587,0.04211,0.08619,0.05857,0.07882,0.05210,0.03261,0.06736
0.05569,0.06032,0.05316,0.05442,0.05863,0.05289,0.07606,0.05647,0.06106,0.05034,0.14495,0.27601
0.05169,0.07737,0.05465,0.04754,0.07781,0.05239,0.05454,0.04364,0.04898,0.05314,0.04576,0.39249
0.07707,0.05616,0.06768,0.06727,0.05457,0.07325,0.07536,0.06557,0.07515,0.06904,0.11932,0.19957
0.03516,0.04411,0.02981,0.03103,0.04174,0.02735,0.04623,0.03012,0.03192,0.02814,0.12111,0.53328
0.05556,0.08575,0.12030,0.09727,0.09520,0.09857,0.08320,0.07025,0.09612,0.12039,0.01203,0.06535
0.06598,0.15544,0.05751,0.05124,0.16980,0.05804,0.05796,0.05386,0.05786,0.05698,0.12957,0.08576
0.09085,0.07152,0.11172,0.08406,0.07360,0.08071,0.20748,0.04744,0.04320,0.05560,0.09210,0.04172
0.10321,0.07939,0.08216,0.07348,0.09328,0.06823,0.05445,0.10110,0.10014,0.09760,0.08306,0.06389
0.06170,0.10154,0.06095,0.05998,0.10475,0.05943,0.06955,0.05153,0.06208,0.05715,0.13144,0.17989
0.05701,0.22942,0.05936,0.05782,0.23492,0.05722,0.05688,0.05051,0.06103,0.05771,0.03186,0.04625
0.04534,0.07680,0.04629,0.04358,0.08146,0.04290,0.05480,0.04720,0.04797,0.04062,0.12579,0.34724
0.06043,0.14130,0.06809,0.06346,0.13891,0.06631,0.07401,0.06249,0.07288,0.07200,0.04393,0.13619
0.03672,0.27597,0.03185,0.03027,0.27499,0.03094,0.04126,0.02901,0.03375,0.03452,0.03634,0.14439
0.05825,0.05066,0.06465,0.06504,0.05364,0.08119,0.05344,0.08003,0.06097,0.07831,0.06745,0.28635
0.06401,0.10512,0.06633,0.05463,0.10441,0.07207,0.08120,0.08346,0.07895,0.06592,0.05926,0.16463
0.02479,0.06766,0.02304,0.02012,0.06617,0.02266,0.02488,0.02192,0.02443,0.02236,0.01714,0.66484
0.06527,0.09008,0.06561,0.06018,0.08943,0.05681,0.07835,0.05849,0.06355,0.06784,0.04020,0.26419
0.06964,0.15316,0.05910,0.08256,0.14598,0.05894,0.07524,0.05932,0.05674,0.06130,0.13370,0.04431
0.05738,0.06237,0.04339,0.04720,0.07934,0.04104,0.06168,0.03936,0.05199,0.04490,0.05374,0.41760
0.04456,0.05910,0.04124,0.04095,0.05945,0.03565,0.04330,0.03745,0.04609,0.03760,0.01714,0.53748
0.08357,0.15813,0.07471,0.06978,0.15890,0.06190,0.08007,0.07340,0.07538,0.07026,0.02753,0.06637
0.08044,0.06796,0.06179,0.07495,0.06800,0.06343,0.07779,0.06985,0.06698,0.05793,0.12815,0.18273
0.03457,0.17695,0.04011,0.03786,0.15860,0.04126,0.04061,0.04599,0.03839,0.04144,0.03243,0.31177
0.08610,0.12622,0.07578,0.07118,0.11789,0.07866,0.07782,0.07655,0.06818,0.07850,0.04363,0.09949
0.06123,0.14000,0.06079,0.06537,0.15420,0.06154,0.07556,0.06171,0.07858,0.05644,0.07842,0.10614
0.04979,0.27685,0.04637,0.04242,0.27936,0.04135,0.05451,0.04025,0.04467,0.04323,0.02736,0.05383
0.01656,0.16123,0.01872,0.01790,0.16346,0.01554,0.01993,0.01854,0.01812,0.01854,0.20399,0.32747
0.06884,0.09815,0.06624,0.05577,0.09940,0.06137,0.06786,0.05474,0.05738,0.06100,0.25637,0.05288
0.06078,0.11302,0.06568,0.06039,0.10932,0.05796,0.07980,0.06136,0.06601,0.05737,0.09547,0.17284
0.03252,0.19271,0.03389,0.02984,0.18695,0.02765,0.03754,0.03282,0.02862,0.03044,0.10044,0.26659
0.08040,0.09791,0.07438,0.06928,0.08402,0.07383,0.08310,0.06222,0.07983,0.06728,0.05799,0.16976
0.04205,0.24038,0.04254,0.04166,0.23627,0.04182,0.04282,0.03811,0.04501,0.04093,0.14999,0.03841
0.02628,0.04723,0.02388,0.02216,0.04341,0.02036,0.03061,0.01995,0.02341,0.02229,0.03667,0.68377
0.04232,0.12129,0.03471,0.03524,0.10822,0.03200,0.03911,0.03368,0.03693,0.03570,0.03012,0.45068
0.04859,0.05951,0.05185,0.04231,0.05743,0.04340,0.08639,0.03140,0.02853,0.03846,0.02848,0.48364
0.06208,0.11108,0.05414,0.05522,0.12834,0.03827,0.07808,0.04972,0.06492,0.05256,0.22584,0.07973
0.04694,0.20855,0.04772,0.04681,0.19173,0.04775,0.05573,0.04312,0.04496,0.03803,0.18190,0.04678
0.02241,0.22964,0.01807,0.01659,0.21709,0.01922,0.01523,0.01743,0.02201,0.01762,0.01061,0.39409
0.07598,0.10952,0.06929,0.07066,0.10749,0.06793,0.08411,0.06399,0.07750,0.07888,0.03697,0.15768
0.09414,0.09697,0.06236,0.10711,0.10460,0.07319,0.08465,0.06532,0.05976,0.07349,0.10824,0.07016
0.04550,0.26949,0.04106,0.03986,0.26791,0.04005,0.04345,0.04039,0.03859,0.04167,0.03644,0.09558
0.03861,0.30150,0.03287,0.03156,0.29991,0.03282,0.03182,0.02840,0.03666,0.03476,0.08547,0.04559
0.01773,0.05381,0.01543,0.01709,0.05285,0.01811,0.01914,0.01752,0.01854,0.01747,0.13955,0.61275
0.03765,0.23157,0.02724,0.03336,0.23539,0.02573,0.02660,0.02757,0.02766,0.03064,0.12234,0.17426
0.02834,0.15557,0.03242,0.02725,0.15638,0.02944,0.03434,0.02817,0.03256,0.03298,0.08621,0.35634
0.09939,0.06751,0.07612,0.06625,0.12749,0.04356,0.12601,0.06685,0.11618,0.07373,0.03458,0.10233
0.04109,0.28714,0.03387,0.02946,0.29251,0.02985,0.04150,0.03249,0.03324,0.03217,0.04090,0.10578
0.04023,0.20293,0.04407,0.03975,0.20640,0.04048,0.04380,0.04184,0.04180,0.04110,0.12785,0.12974
0.05169,0.23422,0.04433,0.04228,0.25429,0.04271,0.05822,0.04230,0.05087,0.05110,0.08013,0.04787
0.03475,0.14144,0.02955,0.03177,0.14226,0.02723,0.03580,0.02782,0.03303,0.03028,0.35962,0.10645
0.06881,0.08608,0.08543,0.06637,0.09059,0.05617,0.13388,0.08623,0.12290,0.07201,0.09713,0.03439
0.05824,0.07918,0.05856,0.04845,0.07895,0.04911,0.07134,0.05808,0.06037,0.05216,0.34652,0.03904
0.07102,0.07294,0.07697,0.06072,0.06721,0.05123,0.12157,0.07829,0.10766,0.05891,0.17519,0.05828
0.05100,0.22793,0.05013,0.04608,0.23732,0.04795,0.04992,0.05060,0.05185,0.04786,0.02216,0.11719
0.04878,0.21608,0.04443,0.04836,0.22511,0.05057,0.05342,0.04484,0.05236,0.04905,0.06998,0.09702
0.08952,0.07783,0.10003,0.08744,0.07274,0.09071,0.13338,0.08953,0.11849,0.08454,0.02041,0.03538
0.04868,0.23757,0.04519,0.04234,0.24654,0.03935,0.04759,0.03970,0.04632,0.04330,0.05586,0.10756
0.07930,0.10197,0.08012,0.07731,0.09205,0.07162,0.09089,0.07054,0.07753,0.08241,0.05392,0.12234
0.12916,0.09025,0.08827,0.08375,0.07807,0.10477,0.10055,0.09264,0.06112,0.06139,0.03167,0.07838
0.08335,0.13742,0.08366,0.07892,0.14308,0.08174,0.10381,0.08393,0.09061,0.06981,0.02496,0.01871
0.10797,0.05780,0.08259,0.06965,0.12783,0.05296,0.13108,0.07058,0.12364,0.08346,0.02716,0.06530
0.13796,0.07538,0.08785,0.08912,0.08406,0.10117,0.10732,0.09072,0.09523,0.07434,0.02332,0.03352
0.09182,0.08496,0.06636,0.07457,0.09451,0.07868,0.08414,0.07675,0.08629,0.07017,0.01564,0.17610
0.04843,0.18065,0.04920,0.04409,0.18533,0.04343,0.04953,0.04645,0.05027,0.04757,0.17155,0.08351
0.06879,0.11236,0.06458,0.06076,0.11314,0.05144,0.08176,0.06093,0.07561,0.06691,0.01711,0.22662
0.05464,0.16243,0.05893,0.05320,0.16156,0.04997,0.04463,0.05078,0.05858,0.05444,0.13550,0.11534
0.07807,0.11791,0.06912,0.06350,0.13186,0.04921,0.08767,0.06223,0.08040,0.06581,0.11205,0.08217
0.03955,0.11208,0.03131,0.02793,0.09958,0.02983,0.03153,0.02994,0.03717,0.03542,0.27451,0.25115
0.06842,0.11169,0.07764,0.07974,0.11461,0.09115,0.08159,0.08939,0.07498,0.09304,0.06013,0.05763
0.06728,0.09954,0.06375,0.06074,0.09707,0.06608,0.07690,0.06385,0.07702,0.06936,0.13292,0.12549
0.04934,0.09062,0.05878,0.05891,0.09454,0.04430,0.07653,0.04821,0.07246,0.05557,0.02064,0.33010
0.07167,0.08896,0.07844,0.07356,0.08832,0.08241,0.09002,0.07202,0.06971,0.08108,0.16843,0.03539
0.06390,0.19985,0.04823,0.04968,0.19739,0.05154,0.06112,0.05071,0.05865,0.04995,0.04557,0.12342
0.04631,0.05505,0.03880,0.03771,0.06274,0.03542,0.03665,0.04847,0.04602,0.04312,0.21584,0.33388
0.04537,0.14678,0.03523,0.03214,0.14408,0.03445,0.05097,0.03533,0.03896,0.03646,0.04963,0.35057
0.05692,0.07594,0.05030,0.05453,0.07096,0.04481,0.07389,0.05542,0.05489,0.05835,0.23552,0.16847
0.07148,0.11608,0.07215,0.08902,0.12600,0.08070,0.08651,0.08217,0.09980,0.07133,0.07996,0.02478
0.07285,0.06231,0.05175,0.05648,0.05461,0.05732,0.05723,0.05434,0.05731,0.05232,0.28268,0.14081
0.02910,0.05597,0.02546,0.02467,0.05615,0.02563,0.02629,0.02620,0.03182,0.02686,0.01434,0.65749
0.05825,0.15758,0.04969,0.05008,0.16503,0.04704,0.05679,0.04498,0.05927,0.04581,0.22921,0.03627
0.03263,0.15054,0.03048,0.02694,0.14435,0.02635,0.03428,0.02845,0.03390,0.03011,0.41860,0.04337
0.03883,0.24117,0.04696,0.04520,0.23882,0.04336,0.04831,0.04875,0.04879,0.04614,0.02323,0.13043
0.05462,0.22450,0.05376,0.05265,0.22668,0.05141,0.05532,0.05110,0.05879,0.05496,0.04416,0.07205
0.06108,0.22607,0.05482,0.05255,0.22862,0.05263,0.04939,0.05600,0.07131,0.05614,0.04560,0.04579
0.04813,0.07318,0.04684,0.04522,0.07387,0.05443,0.04218,0.04791,0.05279,0.05843,0.11073,0.34629
0.04428,0.08200,0.03871,0.04496,0.07741,0.03465,0.03871,0.04338,0.04430,0.04402,0.03937,0.46821
0.06362,0.16599,0.06393,0.05880,0.17351,0.05371,0.09160,0.06818,0.08459,0.06462,0.03119,0.08026
0.03366,0.07734,0.02901,0.03106,0.07703,0.02995,0.03510,0.03120,0.03575,0.02946,0.02129,0.56914
0.02937,0.32772,0.02984,0.02730,0.32180,0.02681,0.03420,0.03120,0.02972,0.03189,0.02608,0.08406
0.01708,0.09187,0.01934,0.01645,0.08070,0.01867,0.01824,0.01925,0.01481,0.01790,0.12680,0.55890
0.03244,0.13966,0.03184,0.03156,0.13854,0.03438,0.03715,0.03146,0.03657,0.03547,0.06757,0.38336
0.02975,0.24549,0.02800,0.03068,0.20856,0.03585,0.03643,0.03390,0.03007,0.03515,0.16495,0.12115
0.06842,0.08919,0.05243,0.05954,0.09071,0.05230,0.04938,0.06364,0.07976,0.06119,0.07594,0.25749
0.04271,0.24842,0.03727,0.03571,0.25755,0.03386,0.04513,0.03324,0.03839,0.03686,0.10074,0.09013
0.05079,0.11333,0.03592,0.03842,0.10280,0.03976,0.04212,0.04022,0.03913,0.03655,0.16684,0.29414
0.06513,0.10003,0.08318,0.07011,0.10468,0.07469,0.09787,0.06795,0.09378,0.08268,0.04455,0.11536
0.02423,0.35460,0.02641,0.02129,0.35871,0.02710,0.03400,0.02617,0.02855,0.02551,0.04106,0.03238
0.06888,0.08740,0.06928,0.06649,0.08630,0.06527,0.07846,0.05988,0.06805,0.07240,0.04906,0.22855
0.04631,0.19358,0.04544,0.04251,0.19487,0.04390,0.05206,0.04498,0.04569,0.04667,0.17467,0.06931
0.03675,0.20050,0.02946,0.03310,0.20571,0.02804,0.03578,0.02957,0.03967,0.03174,0.29264,0.03703
0.03438,0.29041,0.03135,0.02641,0.29601,0.02775,0.03712,0.02701,0.03207,0.02991,0.01850,0.14908
0.04876,0.09605,0.04011,0.04244,0.09468,0.04118,0.04994,0.04293,0.04870,0.04378,0.09039,0.36104
0.04509,0.24950,0.04706,0.04374,0.24894,0.04662,0.04902,0.04693,0.03865,0.04519,0.11271,0.02657
0.05810,0.06555,0.05713,0.05120,0.06863,0.05379,0.05316,0.04996,0.05872,0.05310,0.12250,0.30815
0.08458,0.08830,0.08446,0.07241,0.09150,0.06972,0.08152,0.06936,0.07762,0.07671,0.15015,0.05369
0.04913,0.13495,0.05518,0.05759,0.13137,0.04772,0.06897,0.04447,0.06453,0.06544,0.24333,0.03732
0.04649,0.17683,0.04539,0.04297,0.18252,0.04285,0.04555,0.03782,0.05447,0.04679,0.05090,0.22743
0.02888,0.23411,0.03205,0.02965,0.20397,0.03267,0.03012,0.03307,0.02663,0.03222,0.08148,0.23516
0.08647,0.11019,0.10210,0.07665,0.11070,0.07183,0.18165,0.04487,0.03983,0.05182,0.06041,0.06349
0.04789,0.12536,0.04179,0.04620,0.12873,0.05120,0.04359,0.04719,0.05600,0.04793,0.21488,0.14926
0.02056,0.12927,0.02286,0.01991,0.12735,0.01903,0.02409,0.01977,0.02252,0.01996,0.54630,0.02838
0.01427,0.02839,0.01548,0.01427,0.02650,0.01356,0.01930,0.01504,0.01736,0.01414,0.01936,0.80233
0.04648,0.13072,0.03858,0.04835,0.12177,0.04324,0.04760,0.04333,0.04329,0.03748,0.05003,0.34913
0.06012,0.15865,0.06184,0.05616,0.15011,0.07289,0.06144,0.06526,0.07522,0.06906,0.14107,0.02817
0.07766,0.16618,0.06945,0.06128,0.15870,0.06495,0.06673,0.05910,0.07431,0.07736,0.03339,0.09090
0.05090,0.18446,0.05228,0.04679,0.18082,0.04155,0.05691,0.04776,0.04843,0.05414,0.05927,0.17669
0.04798,0.20926,0.04368,0.03884,0.20856,0.04014,0.04161,0.03812,0.05155,0.04008,0.09155,0.14862
0.06188,0.09026,0.06634,0.05469,0.08256,0.06480,0.07986,0.06750,0.06359,0.05540,0.05664,0.25647
0.02496,0.03887,0.02608,0.02419,0.04076,0.02244,0.03048,0.02528,0.02824,0.02442,0.23465,0.47961
0.04305,0.08512,0.04057,0.03583,0.08995,0.03356,0.04738,0.03457,0.03886,0.03380,0.40896,0.10836
0.02315,0.35769,0.02757,0.02133,0.30161,0.03170,0.02985,0.02458,0.01956,0.02651,0.11893,0.01753
0.04211,0.04814,0.03796,0.03589,0.04981,0.03693,0.04119,0.03992,0.04680,0.03714,0.07142,0.51269
0.07638,0.05374,0.06244,0.04992,0.09440,0.03544,0.09240,0.04983,0.08359,0.05820,0.01755,0.32609
0.08829,0.11394,0.07779,0.06525,0.13843,0.06523,0.09720,0.06670,0.09459,0.07842,0.04845,0.06571
0.05246,0.08457,0.05236,0.06302,0.08689,0.05357,0.05813,0.05731,0.07566,0.05119,0.08778,0.27706
0.07128,0.07216,0.06580,0.05709,0.08991,0.06594,0.06587,0.05882,0.06855,0.06231,0.22758,0.09470
0.06066,0.20127,0.07517,0.06090,0.17125,0.06854,0.05885,0.07014,0.05921,0.05776,0.03784,0.07841
0.04213,0.14840,0.03944,0.03723,0.15320,0.03661,0.04095,0.03926,0.04631,0.03927,0.02546,0.35175
0.06912,0.11467,0.05720,0.05519,0.11535,0.04502,0.07774,0.04837,0.04817,0.04557,0.14750,0.17608
0.04599,0.19724,0.04341,0.04647,0.18545,0.04580,0.03851,0.03727,0.04636,0.04512,0.02679,0.24159
0.03857,0.04165,0.03155,0.02915,0.05607,0.02750,0.04032,0.02998,0.04337,0.03225,0.02373,0.60585
0.05714,0.14253,0.05652,0.05387,0.13783,0.06380,0.06359,0.06386,0.06068,0.06564,0.14906,0.08549
0.06911,0.04180,0.05646,0.04225,0.07089,0.04494,0.06494,0.05229,0.07173,0.06039,0.04773,0.37747
0.07171,0.15833,0.06833,0.06522,0.16322,0.05623,0.07792,0.05908,0.06483,0.06215,0.08568,0.06729
0.06839,0.16375,0.05749,0.06455,0.16737,0.06694,0.05648,0.06215,0.08086,0.06467,0.02901,0.11835
0.05748,0.09222,0.05566,0.05277,0.09668,0.04675,0.06440,0.05409,0.05985,0.04769,0.28903,0.08338
0.05451,0.24642,0.04573,0.05118,0.24704,0.04724,0.04695,0.05054,0.05200,0.05131,0.02504,0.08203
0.10030,0.07383,0.07477,0.06383,0.11603,0.05960,0.09725,0.07135,0.11072,0.08518,0.07578,0.07137
0.06734,0.10142,0.05949,0.06057,0.10630,0.05663,0.06227,0.06066,0.07281,0.05800,0.18969,0.10480
0.07031,0.06931,0.07326,0.07345,0.07182,0.07701,0.07499,0.07054,0.08607,0.07331,0.05295,0.20700
0.03265,0.05012,0.02849,0.02808,0.04973,0.02693,0.02512,0.02901,0.03636,0.02731,0.46929,0.19692
0.08782,0.08214,0.09627,0.08062,0.08107,0.08366,0.11698,0.08748,0.11267,0.08402,0.03896,0.04830
0.06410,0.16985,0.05978,0.06875,0.17808,0.06307,0.07014,0.06358,0.08472,0.05705,0.04890,0.07197
0.04912,0.17376,0.04394,0.04237,0.14934,0.05081,0.04918,0.05342,0.04666,0.04620,0.09644,0.19874
0.03020,0.03464,0.02602,0.02670,0.03891,0.02401,0.02961,0.02866,0.02969,0.02597,0.25157,0.45402
0.05475,0.11823,0.05716,0.04457,0.11184,0.04790,0.10697,0.03558,0.02988,0.04128,0.31267,0.03918
0.02839,0.07932,0.02512,0.02709,0.07791,0.02747,0.02819,0.02528,0.02444,0.02744,0.12750,0.50186
0.01957,0.21458,0.01555,0.01773,0.21291,0.01496,0.01659,0.01465,0.01603,0.01912,0.25150,0.18680
0.05969,0.06111,0.05650,0.05458,0.05739,0.04883,0.06789,0.05644,0.07149,0.05752,0.11427,0.29429
0.06060,0.05343,0.05402,0.05626,0.06338,0.06150,0.06750,0.05621,0.06622,0.05954,0.34443,0.05691
0.08566,0.06619,0.06389,0.06020,0.12873,0.10043,0.06833,0.05755,0.12334,0.10524,0.12771,0.01272
0.04437,0.11553,0.03904,0.03831,0.11906,0.03907,0.05269,0.03593,0.05126,0.03751,0.06764,0.35960
0.05270,0.15403,0.04486,0.04497,0.15802,0.04233,0.05361,0.04212,0.05065,0.04618,0.19673,0.11381
0.02194,0.36950,0.01846,0.01877,0.36610,0.01847,0.02626,0.01813,0.02342,0.01958,0.03829,0.06107
0.09954,0.09515,0.09714,0.09074,0.08757,0.09832,0.08284,0.07167,0.07508,0.11874,0.03176,0.05145
0.03311,0.14033,0.02928,0.03240,0.13600,0.02966,0.02476,0.02684,0.03979,0.03670,0.01439,0.45675
0.05881,0.13336,0.05126,0.05549,0.13225,0.05040,0.05970,0.04476,0.05473,0.05004,0.16860,0.14059
0.04715,0.25310,0.05776,0.05879,0.20780,0.05632,0.04339,0.06229,0.04506,0.05905,0.02893,0.08035
0.04843,0.17290,0.04504,0.04289,0.16744,0.04757,0.05781,0.04176,0.04241,0.04719,0.19112,0.09544
0.04363,0.26470,0.04525,0.04245,0.26679,0.04166,0.04745,0.04279,0.05215,0.04541,0.06419,0.04353
0.11092,0.02757,0.13790,0.10231,0.02942,0.09004,0.26245,0.04183,0.03726,0.05285,0.04166,0.06580
0.02397,0.07054,0.02629,0.02215,0.07011,0.02073,0.02762,0.02422,0.02417,0.02746,0.36394,0.29881
0.04277,0.03498,0.05094,0.04628,0.03959,0.04615,0.05642,0.04328,0.05191,0.04679,0.50163,0.03925
0.05009,0.09483,0.03132,0.04272,0.09035,0.02977,0.03573,0.03482,0.03816,0.03814,0.03595,0.47813
0.03377,0.20129,0.03131,0.03301,0.19718,0.02686,0.04625,0.03648,0.03890,0.03572,0.23387,0.08537
0.03221,0.33493,0.03164,0.04094,0.27479,0.04158,0.03549,0.03526,0.02593,0.03335,0.06175,0.05213
0.08025,0.05081,0.05840,0.05059,0.10582,0.03396,0.10626,0.05363,0.10045,0.06219,0.03815,0.25949
0.04343,0.21390,0.03747,0.03977,0.19892,0.03909,0.03609,0.03808,0.04809,0.03827,0.05167,0.21522
0.08967,0.15323,0.08751,0.07134,0.17024,0.06624,0.08236,0.07488,0.06846,0.07419,0.02689,0.03501
0.02945,0.14685,0.02927,0.03045,0.15160,0.02563,0.02657,0.02427,0.02892,0.02757,0.02786,0.45156
0.06822,0.20019,0.05011,0.05133,0.20609,0.04635,0.06773,0.04575,0.05232,0.04558,0.02588,0.14046
0.06092,0.17687,0.03675,0.03820,0.16746,0.03904,0.04028,0.02963,0.03368,0.05032,0.02655,0.30030
0.03472,0.06563,0.03014,0.03414,0.06516,0.02961,0.03183,0.03250,0.04119,0.03366,0.06021,0.54121
0.05736,0.12271,0.05874,0.05510,0.12053,0.05197,0.06415,0.04961,0.06050,0.05470,0.07269,0.23193
0.03467,0.22222,0.03247,0.03150,0.21982,0.03136,0.03843,0.02750,0.04079,0.03115,0.03599,0.25411
0.04495,0.27662,0.04371,0.03827,0.27575,0.03719,0.05073,0.04050,0.04598,0.03944,0.05173,0.05513
0.02676,0.33496,0.02241,0.02392,0.33951,0.02301,0.02342,0.02155,0.02619,0.02516,0.02120,0.11192
0.05271,0.05971,0.04403,0.04514,0.06188,0.05202,0.05089,0.04624,0.05643,0.05142,0.29371,0.18582
0.06011,0.14717,0.06053,0.05610,0.14822,0.05618,0.06985,0.05095,0.06413,0.05618,0.03068,0.19990
0.03558,0.31747,0.03560,0.02953,0.32816,0.03433,0.04524,0.03544,0.03476,0.03359,0.02485,0.04544
0.05849,0.09602,0.05252,0.05399,0.09984,0.05175,0.04655,0.04768,0.06057,0.05708,0.14485,0.23065
0.05322,0.20119,0.05177,0.05232,0.20190,0.04906,0.04617,0.04727,0.06347,0.05685,0.05096,0.12582
0.02959,0.09272,0.02833,0.02863,0.08154,0.03038,0.02874,0.02686,0.02757,0.02863,0.39926,0.19775
0.04382,0.13064,0.04581,0.04043,0.11588,0.03734,0.04892,0.04306,0.04176,0.04291,0.04280,0.36663
0.03270,0.09185,0.02823,0.03027,0.08739,0.02594,0.03697,0.02782,0.03885,0.03450,0.06330,0.50217
0.01578,0.05962,0.01397,0.01453,0.05625,0.01240,0.01890,0.01257,0.01504,0.01222,0.74805,0.02067
0.03108,0.24276,0.02656,0.02811,0.24755,0.02505,0.03001,0.02769,0.03043,0.02869,0.03849,0.24357
0.08220,0.13858,0.07510,0.06114,0.16435,0.05345,0.09497,0.05916,0.08772,0.06233,0.06602,0.05497
0.04167,0.12292,0.03776,0.04085,0.12061,0.03194,0.04654,0.03785,0.04102,0.03920,0.14423,0.29541
0.07253,0.09872,0.07661,0.06727,0.09697,0.06195,0.10624,0.08187,0.09448,0.07193,0.10514,0.06629
0.13938,0.17253,0.03761,0.10263,0.18049,0.03728,0.05477,0.04958,0.05274,0.09059,0.02300,0.05940
0.02563,0.18482,0.02601,0.02352,0.18231,0.02202,0.03015,0.02539,0.02578,0.02670,0.23679,0.19087
0.04096,0.29024,0.05080,0.05320,0.26764,0.04420,0.06224,0.03878,0.05370,0.05342,0.01941,0.02542
0.06355,0.20564,0.06138,0.05736,0.21220,0.04725,0.07797,0.06048,0.07508,0.05499,0.04841,0.03571
0.06277,0.21673,0.04744,0.04779,0.20695,0.04601,0.06222,0.05249,0.06495,0.04900,0.01653,0.12713
0.04625,0.11743,0.03931,0.03843,0.10922,0.04189,0.04416,0.03701,0.04000,0.04056,0.20164,0.24409
0.01839,0.32222,0.01871,0.01569,0.32888,0.01715,0.01917,0.01859,0.02015,0.01898,0.07682,0.12526
0.05862,0.10822,0.05823,0.04886,0.10179,0.06318,0.06652,0.06021,0.06047,0.05597,0.13173,0.18619
0.03969,0.24957,0.03275,0.03664,0.24609,0.02908,0.03603,0.03216,0.04321,0.03871,0.07578,0.14029
0.04276,0.28480,0.03605,0.03721,0.28755,0.03568,0.04542,0.03647,0.03622,0.04140,0.06942,0.04702
0.07563,0.11241,0.07459,0.07820,0.11752,0.06614,0.08961,0.07341,0.08925,0.06578,0.04379,0.11367
0.13631,0.07694,0.07242,0.07492,0.05792,0.09110,0.09178,0.06407,0.06032,0.12257,0.09416,0.05749
0.07468,0.13530,0.06331,0.06284,0.14331,0.07067,0.07483,0.05637,0.06730,0.06682,0.08504,0.09953
0.07259,0.08894,0.06309,0.06695,0.07642,0.06527,0.05229,0.07056,0.07204,0.06954,0.06074,0.24156
0.01559,0.02451,0.01418,0.01508,0.02446,0.01487,0.01815,0.01339,0.01416,0.01365,0.77059,0.06136
0.03214,0.18270,0.03199,0.03198,0.18270,0.03115,0.04009,0.02879,0.02852,0.03249,0.09182,0.28563
0.05712,0.08006,0.06357,0.04974,0.07395,0.04308,0.10250,0.06513,0.09123,0.05282,0.24673,0.07406
0.06796,0.13831,0.07105,0.06743,0.13305,0.06322,0.08147,0.06804,0.06869,0.07520,0.05290,0.11268
0.04773,0.23994,0.05292,0.04964,0.24541,0.04599,0.06690,0.04214,0.05828,0.04699,0.01971,0.08434
0.06952,0.07614,0.05708,0.06896,0.08137,0.06557,0.07293,0.05662,0.06397,0.07327,0.05090,0.26366
0.03355,0.26376,0.03280,0.02739,0.26484,0.02667,0.04936,0.03395,0.04408,0.02918,0.06767,0.12676
0.02873,0.36054,0.02395,0.02664,0.36442,0.02696,0.02517,0.02428,0.03385,0.02689,0.02625,0.03233
0.11567,0.09367,0.07042,0.06938,0.07561,0.07890,0.07776,0.05845,0.06147,0.10611,0.07625,0.11632
0.02588,0.06683,0.02597,0.02544,0.06746,0.02221,0.03227,0.02457,0.02568,0.02601,0.02863,0.62905
0.01932,0.02966,0.02007,0.01636,0.03827,0.01698,0.02242,0.01722,0.01898,0.02082,0.02951,0.75038
0.04700,0.15902,0.03342,0.03140,0.15791,0.03549,0.03732,0.03194,0.03193,0.03731,0.02760,0.36966
0.07699,0.12366,0.06356,0.06719,0.12334,0.05771,0.08135,0.05563,0.07172,0.06661,0.05589,0.15635
0.05161,0.09592,0.05715,0.05587,0.08976,0.06941,0.05246,0.06419,0.05666,0.06289,0.02546,0.31862
0.18265,0.11629,0.04237,0.13384,0.12441,0.03993,0.06554,0.05570,0.06596,0.11607,0.01470,0.04254
0.03301,0.10716,0.03091,0.03002,0.10757,0.02679,0.02962,0.02767,0.03876,0.03268,0.07964,0.45619
0.05236,0.22119,0.06130,0.04922,0.23562,0.04819,0.06977,0.05683,0.07175,0.06431,0.03028,0.03919
0.03143,0.05777,0.02534,0.02506,0.05685,0.02322,0.02910,0.02826,0.02932,0.02750,0.05054,0.61561
0.10068,0.07888,0.06912,0.09780,0.08326,0.07267,0.07519,0.07106,0.07917,0.09119,0.09650,0.08448
0.06982,0.08927,0.08356,0.07979,0.08752,0.08626,0.07463,0.07356,0.09404,0.07393,0.12910,0.05852
0.03112,0.35401,0.02294,0.02679,0.35733,0.02177,0.02231,0.02217,0.02326,0.02463,0.04306,0.05061
0.02620,0.33633,0.02853,0.02950,0.33292,0.02595,0.03892,0.02402,0.03032,0.02924,0.03448,0.06359
