0.02638,0.02020,0.00321,0.37634,0.00380,0.07937,0.00156,0.48915
0.00165,0.62513,0.01647,0.00783,0.34417,0.00200,0.00088,0.00186
0.01181,0.08398,0.01464,0.35247,0.00339,0.05295,0.00223,0.47852
0.00147,0.64293,0.01546,0.00651,0.32945,0.00214,0.00102,0.00101
0.00085,0.00126,0.55314,0.44190,0.00167,0.00036,0.00030,0.00052
0.00764,0.00491,0.00322,0.37582,0.00175,0.00439,0.00085,0.60140
0.00215,0.00166,0.58595,0.40590,0.00245,0.00038,0.00053,0.00098
0.00259,0.00794,0.47378,0.00735,0.08841,0.39672,0.01665,0.00656
0.01048,0.49604,0.02480,0.00357,0.00505,0.00310,0.45516,0.00180
0.00328,0.00272,0.51176,0.47760,0.00298,0.00055,0.00046,0.00066
0.00151,0.00097,0.60776,0.38765,0.00058,0.00033,0.00074,0.00045
0.14044,0.32074,0.17924,0.16012,0.01017,0.00275,0.18368,0.00285
0.00277,0.00142,0.62499,0.36673,0.00183,0.00048,0.00115,0.00062
0.00206,0.00276,0.54300,0.44736,0.00179,0.00089,0.00119,0.00095
0.00183,0.00313,0.50221,0.48863,0.00183,0.00077,0.00072,0.00089
0.00096,0.54818,0.01491,0.00945,0.42321,0.00099,0.00047,0.00183
0.06004,0.28352,0.25666,0.12968,0.00262,0.00764,0.25768,0.00216
0.00350,0.00059,0.56971,0.42466,0.00046,0.00028,0.00036,0.00044
0.00203,0.00144,0.58321,0.40966,0.00149,0.00055,0.00067,0.00096
0.01893,0.01336,0.00330,0.27003,0.01244,0.03056,0.00087,0.65051
0.01587,0.52766,0.10010,0.00371,0.00192,0.03825,0.31120,0.00129
0.01162,0.18701,0.35871,0.42864,0.00991,0.00112,0.00103,0.00195
0.00158,0.00119,0.59275,0.40228,0.00115,0.00040,0.00039,0.00026
0.02876,0.56528,0.02033,0.00398,0.00215,0.00538,0.37345,0.00067
0.00277,0.44893,0.07872,0.00382,0.00251,0.00397,0.45822,0.00106
0.00342,0.51187,0.08866,0.08726,0.27585,0.00755,0.00158,0.02380
0.00298,0.62383,0.00677,0.06830,0.27796,0.00338,0.00115,0.01564
0.00315,0.56490,0.08334,0.00279,0.00109,0.00104,0.34315,0.00055
0.21878,0.00071,0.00284,0.00366,0.77160,0.00102,0.00068,0.00071
0.10052,0.55315,0.01959,0.00457,0.00185,0.00334,0.31640,0.00058
0.13099,0.32950,0.22531,0.10994,0.00337,0.00374,0.19531,0.00184
0.07081,0.00321,0.31515,0.34448,0.26161,0.00081,0.00297,0.00097
0.00374,0.51774,0.02560,0.01244,0.25649,0.16523,0.00109,0.01768
0.00183,0.00160,0.52245,0.47170,0.00130,0.00039,0.00030,0.00043
0.00454,0.32046,0.23127,0.00400,0.00796,0.23337,0.19460,0.00380
0.01678,0.53507,0.01417,0.00233,0.00120,0.00481,0.42510,0.00055
0.00464,0.56712,0.00674,0.03457,0.35828,0.02000,0.00081,0.00784
0.00072,0.00693,0.44459,0.00125,0.00840,0.52857,0.00813,0.00139
0.00396,0.00104,0.53163,0.46025,0.00153,0.00065,0.00042,0.00052
0.00229,0.61027,0.02289,0.03010,0.31967,0.00383,0.00077,0.01018
0.01204,0.05644,0.00385,0.35143,0.01975,0.00389,0.00098,0.55163
0.00197,0.00221,0.56327,0.43004,0.00090,0.00098,0.00028,0.00035
0.00083,0.00133,0.61543,0.37888,0.00144,0.00056,0.00065,0.00087
0.00208,0.00053,0.52835,0.46514,0.00233,0.00055,0.00048,0.00054
0.00071,0.00066,0.57738,0.41857,0.00110,0.00073,0.00035,0.00050
0.00271,0.00119,0.50286,0.49041,0.00134,0.00042,0.00043,0.00066
0.00342,0.00200,0.50453,0.46859,0.01836,0.00065,0.00125,0.00120
0.00221,0.00174,0.47309,0.51879,0.00242,0.00047,0.00052,0.00077
0.14644,0.01562,0.01001,0.22432,0.11298,0.11525,0.00259,0.37279
0.01724,0.06428,0.00544,0.34630,0.04634,0.03311,0.00245,0.48483
0.00082,0.00124,0.55405,0.43866,0.00325,0.00078,0.00058,0.00062
0.00157,0.00074,0.52066,0.47493,0.00090,0.00040,0.00056,0.00023
0.00144,0.02552,0.39126,0.48106,0.09742,0.00048,0.00113,0.00168
0.00253,0.00093,0.49588,0.49805,0.00099,0.00082,0.00040,0.00039
0.01028,0.38103,0.01100,0.07149,0.30959,0.17833,0.00141,0.03688
0.00424,0.00910,0.44475,0.23050,0.07901,0.22485,0.00273,0.00482
0.25139,0.00068,0.00279,0.00334,0.73507,0.00099,0.00438,0.00137
0.00174,0.04126,0.00279,0.35237,0.00232,0.00736,0.00176,0.59040
0.00343,0.59347,0.00957,0.02925,0.35793,0.00219,0.00076,0.00340
0.00286,0.00148,0.55394,0.43785,0.00220,0.00036,0.00060,0.00071
0.00345,0.37427,0.19019,0.26483,0.15239,0.00853,0.00100,0.00533
0.00164,0.53174,0.03921,0.04895,0.36667,0.00684,0.00120,0.00374
0.32269,0.00045,0.00336,0.00332,0.66706,0.00137,0.00103,0.00072
0.01387,0.56876,0.05702,0.00341,0.00208,0.00300,0.35062,0.00123
0.00151,0.00202,0.53980,0.45239,0.00236,0.00060,0.00071,0.00060
0.00802,0.05499,0.00243,0.28599,0.01653,0.03378,0.00120,0.59708
0.03270,0.60044,0.01848,0.00139,0.00420,0.00237,0.33964,0.00077
0.00135,0.00073,0.51125,0.48306,0.00159,0.00108,0.00048,0.00047
0.00313,0.00064,0.61642,0.37542,0.00224,0.00076,0.00065,0.00075
0.00182,0.62249,0.00974,0.01693,0.33762,0.00332,0.00068,0.00740
0.02099,0.10305,0.13564,0.50332,0.00466,0.04864,0.00260,0.18110
0.00190,0.00122,0.51089,0.48269,0.00171,0.00045,0.00049,0.00065
0.00370,0.60199,0.00923,0.00903,0.37008,0.00179,0.00129,0.00289
0.00622,0.60423,0.00779,0.00303,0.00135,0.00424,0.37248,0.00064
0.00343,0.00210,0.52506,0.46358,0.00354,0.00112,0.00051,0.00066
0.17809,0.00208,0.21330,0.15413,0.44637,0.00102,0.00190,0.00311
0.05228,0.02304,0.46029,0.44172,0.01786,0.00117,0.00174,0.00191
0.00117,0.00082,0.60614,0.38760,0.00205,0.00071,0.00078,0.00072
0.00437,0.51561,0.16045,0.06942,0.00230,0.00619,0.23530,0.00637
0.01158,0.45840,0.12551,0.00476,0.00255,0.02113,0.37475,0.00132
0.00496,0.47202,0.05844,0.01068,0.00705,0.00536,0.43960,0.00189
0.00429,0.11170,0.37231,0.47847,0.02450,0.00433,0.00149,0.00290
0.00099,0.00206,0.49295,0.49932,0.00284,0.00052,0.00098,0.00033
0.00364,0.55559,0.04657,0.03457,0.34427,0.00743,0.00083,0.00710
0.00135,0.53499,0.04113,0.01805,0.40055,0.00139,0.00064,0.00190
0.00180,0.59000,0.03110,0.01262,0.35143,0.00509,0.00084,0.00711
0.04639,0.49563,0.01065,0.00286,0.00132,0.00134,0.44136,0.00046
0.30164,0.00156,0.00560,0.00321,0.68568,0.00053,0.00108,0.00071
0.00262,0.00247,0.53032,0.46105,0.00145,0.00083,0.00060,0.00067
0.01910,0.32429,0.20389,0.25784,0.01791,0.00826,0.16646,0.00227
0.00211,0.00063,0.56082,0.43437,0.00100,0.00043,0.00014,0.00051
0.00367,0.55616,0.02569,0.02162,0.36640,0.01061,0.00123,0.01461
0.00458,0.01286,0.00400,0.37587,0.01803,0.00225,0.00120,0.58121
0.00130,0.00073,0.49028,0.50571,0.00083,0.00025,0.00046,0.00044
0.00370,0.00071,0.54170,0.45162,0.00091,0.00043,0.00049,0.00043
0.00327,0.00707,0.00175,0.41555,0.00249,0.00319,0.00097,0.56571
0.00236,0.00060,0.50736,0.48683,0.00138,0.00041,0.00054,0.00052
0.00209,0.00073,0.60432,0.39000,0.00101,0.00051,0.00068,0.00066
0.00398,0.01375,0.00288,0.40997,0.00371,0.01326,0.00113,0.55133
0.00185,0.00245,0.51472,0.47647,0.00235,0.00079,0.00061,0.00075
