0.08001,0.15800,0.11140,0.12966,0.15888,0.13234,0.07467,0.04302,0.05483,0.05718
0.03694,0.49535,0.04773,0.03730,0.09837,0.04537,0.05406,0.07341,0.04914,0.06232
0.03723,0.29163,0.04461,0.05186,0.26286,0.06092,0.07590,0.05255,0.05463,0.06781
0.10833,0.16089,0.09077,0.09062,0.11939,0.07335,0.16945,0.05994,0.04553,0.08174
0.06022,0.30143,0.08296,0.08774,0.13133,0.09151,0.08583,0.04690,0.05035,0.06172
0.03639,0.30604,0.03882,0.04521,0.19536,0.15730,0.07668,0.03673,0.04952,0.05795
0.03780,0.38149,0.05124,0.03985,0.23380,0.07792,0.05868,0.03510,0.04267,0.04146
0.05679,0.16338,0.04598,0.10990,0.07934,0.20680,0.11309,0.05539,0.08308,0.08625
0.05499,0.30616,0.07046,0.05545,0.27756,0.08716,0.04974,0.02308,0.03871,0.03667
0.05189,0.37522,0.08434,0.05393,0.14486,0.07151,0.06447,0.04047,0.05645,0.05686
0.11735,0.12887,0.11834,0.10094,0.18983,0.09795,0.06687,0.04868,0.07508,0.05609
0.06926,0.29672,0.10664,0.07294,0.18586,0.05824,0.06740,0.04589,0.04429,0.05275
0.06327,0.13036,0.08869,0.11994,0.13032,0.10496,0.11878,0.09655,0.06016,0.08698
0.05862,0.31905,0.04768,0.08949,0.10815,0.07280,0.11423,0.06441,0.04118,0.08439
0.11259,0.14169,0.08117,0.11079,0.15537,0.09106,0.13468,0.04871,0.04548,0.07846
0.14310,0.11829,0.10583,0.08664,0.14340,0.08890,0.07395,0.06324,0.09766,0.07899
0.05933,0.32918,0.07282,0.14629,0.11463,0.07072,0.04969,0.04696,0.06079,0.04959
0.12204,0.23314,0.12212,0.16339,0.15566,0.05393,0.04149,0.02840,0.04000,0.03984
0.06010,0.33962,0.09288,0.08919,0.18825,0.06239,0.04834,0.03571,0.04105,0.04247
0.15408,0.11968,0.08213,0.10390,0.14108,0.10405,0.07742,0.05572,0.08174,0.08019
0.04758,0.23389,0.05117,0.05218,0.32530,0.04855,0.09191,0.05677,0.03857,0.05408
0.09639,0.17081,0.10477,0.09506,0.13631,0.10184,0.12380,0.04822,0.05013,0.07267
0.05967,0.30553,0.09390,0.08949,0.22553,0.04468,0.05611,0.04215,0.03713,0.04582
0.08515,0.12923,0.08731,0.08188,0.11824,0.13808,0.13329,0.05755,0.06373,0.10554
0.07326,0.18857,0.09546,0.16299,0.17210,0.04892,0.06944,0.08276,0.04655,0.05995
0.08464,0.27095,0.08641,0.11114,0.19870,0.07492,0.05983,0.03275,0.03515,0.04551
0.06856,0.27548,0.10048,0.06744,0.22421,0.04627,0.04906,0.06567,0.05263,0.05018
0.07179,0.14589,0.09126,0.07229,0.13670,0.15800,0.11526,0.04974,0.07871,0.08036
0.07643,0.23940,0.10332,0.17297,0.10149,0.11072,0.07458,0.03213,0.04183,0.04713
0.05244,0.15881,0.08052,0.15667,0.06927,0.08849,0.12450,0.08560,0.06947,0.11422
0.08505,0.26806,0.09539,0.08216,0.17116,0.05276,0.07717,0.05534,0.04870,0.06420
0.04788,0.47752,0.06097,0.04665,0.13339,0.04391,0.06379,0.03518,0.03661,0.05410
0.09261,0.10451,0.16892,0.07406,0.14491,0.09587,0.10055,0.07040,0.06481,0.08337
0.05812,0.26756,0.06991,0.11080,0.17373,0.06704,0.05784,0.07197,0.06420,0.05883
0.11017,0.18600,0.08867,0.06307,0.16333,0.07221,0.08383,0.07654,0.07860,0.07758
0.07075,0.19511,0.09240,0.12275,0.21586,0.07222,0.09162,0.03600,0.04274,0.06055
0.06341,0.20949,0.07173,0.10671,0.07230,0.25169,0.07537,0.03424,0.04764,0.06742
0.09451,0.16019,0.10540,0.11189,0.10823,0.11021,0.09352,0.05172,0.07745,0.08688
0.03354,0.47670,0.03825,0.04081,0.19148,0.06809,0.04509,0.02882,0.04113,0.03609
0.08331,0.09615,0.07450,0.05694,0.22525,0.15080,0.10567,0.05348,0.07248,0.08141
0.17808,0.09176,0.25751,0.10651,0.09719,0.06040,0.06667,0.04699,0.03847,0.05643
0.04223,0.28083,0.05604,0.04056,0.09268,0.08877,0.17913,0.07072,0.04778,0.10126
0.05334,0.29406,0.05276,0.05706,0.16655,0.09493,0.10674,0.04649,0.05424,0.07385
0.07136,0.20366,0.09985,0.09767,0.18299,0.06035,0.09156,0.06485,0.04790,0.07981
0.08147,0.19922,0.10514,0.09630,0.15179,0.10638,0.05534,0.05410,0.09078,0.05948
0.06267,0.18537,0.09050,0.06054,0.20879,0.06262,0.09927,0.07633,0.05953,0.09437
0.11695,0.19551,0.11845,0.09631,0.15693,0.06318,0.07227,0.05329,0.04681,0.08030
0.12321,0.16418,0.12335,0.11019,0.15777,0.09216,0.08451,0.04030,0.04933,0.05500
0.04924,0.29325,0.05047,0.06557,0.10230,0.08218,0.11830,0.07243,0.05880,0.10747
0.06999,0.22532,0.06103,0.15896,0.10039,0.06982,0.14597,0.04537,0.04298,0.08018
0.06980,0.25043,0.09278,0.08632,0.17059,0.07509,0.10355,0.04319,0.03335,0.07491
0.07448,0.20781,0.07617,0.09316,0.19596,0.06067,0.05858,0.09738,0.07423,0.06156
0.06604,0.20868,0.08401,0.06157,0.15487,0.11654,0.16340,0.03286,0.04499,0.06704
0.18148,0.08724,0.19482,0.11242,0.09527,0.06857,0.06903,0.06621,0.06109,0.06389
0.06199,0.37924,0.06300,0.05844,0.13195,0.08251,0.06558,0.04723,0.05299,0.05706
0.09147,0.18564,0.11404,0.15023,0.14306,0.06298,0.06216,0.05329,0.07388,0.06325
0.13958,0.07211,0.26726,0.07601,0.11825,0.08389,0.06550,0.05356,0.06822,0.05562
0.10387,0.15751,0.14127,0.11337,0.13455,0.07363,0.11883,0.04284,0.04206,0.07207
0.06149,0.30326,0.06471,0.06469,0.26767,0.04799,0.04928,0.04237,0.04846,0.05006
0.09859,0.20229,0.11425,0.13006,0.18109,0.06250,0.05975,0.05162,0.04673,0.05313
0.06800,0.17275,0.10273,0.08207,0.24115,0.06104,0.10305,0.05660,0.04412,0.06849
0.11797,0.10399,0.12732,0.11259,0.11493,0.12000,0.06562,0.05753,0.11151,0.06853
0.06592,0.31513,0.09860,0.09927,0.16623,0.07401,0.05623,0.03412,0.04372,0.04677
0.05492,0.33040,0.06380,0.08963,0.13198,0.07209,0.08701,0.04839,0.05000,0.07178
0.07314,0.13538,0.07822,0.09859,0.09902,0.21938,0.09077,0.04214,0.09581,0.06755
0.08462,0.18524,0.10065,0.13120,0.17210,0.07897,0.05562,0.05027,0.08530,0.05602
0.10955,0.23680,0.09790,0.07822,0.19639,0.05455,0.07906,0.04283,0.04133,0.06337
0.05136,0.26634,0.05463,0.05677,0.18388,0.09620,0.14072,0.03896,0.03522,0.07592
0.08094,0.17508,0.09335,0.08921,0.18859,0.14291,0.06173,0.04129,0.05511,0.07181
0.09720,0.16103,0.10405,0.10005,0.13064,0.10143,0.06145,0.07520,0.09725,0.07170
0.05420,0.35885,0.05841,0.06140,0.22327,0.05068,0.06447,0.04423,0.03649,0.04800
0.05113,0.25359,0.08646,0.08459,0.13758,0.13189,0.06755,0.04519,0.06974,0.07228
0.10668,0.14958,0.09510,0.08676,0.18192,0.08913,0.13548,0.03934,0.04216,0.07384
0.07737,0.21862,0.08304,0.07239,0.29804,0.03835,0.05679,0.05328,0.04335,0.05876
0.07388,0.32556,0.06703,0.08642,0.18309,0.07945,0.04235,0.03845,0.05799,0.04578
0.06701,0.17155,0.07425,0.08066,0.20412,0.12559,0.09406,0.04216,0.07062,0.06998
0.08687,0.24946,0.09211,0.11211,0.17028,0.07806,0.06111,0.04338,0.05059,0.05601
0.13880,0.18272,0.10182,0.06428,0.20893,0.10808,0.05832,0.03491,0.05071,0.05143
0.06934,0.19018,0.07756,0.08800,0.17209,0.05822,0.06376,0.10806,0.09612,0.07667
0.05863,0.21486,0.06845,0.08089,0.24881,0.09657,0.08811,0.03895,0.04451,0.06022
0.05729,0.25934,0.08367,0.15891,0.08982,0.06791,0.07770,0.08116,0.05288,0.07132
0.06785,0.14484,0.09163,0.09056,0.11348,0.08906,0.07618,0.14789,0.09340,0.08511
0.04796,0.28427,0.08550,0.09647,0.15773,0.09153,0.06040,0.05237,0.06294,0.06083
0.06416,0.23863,0.07383,0.11192,0.13110,0.09559,0.08038,0.06112,0.06554,0.07773
0.04118,0.42867,0.05497,0.04652,0.10026,0.07049,0.07294,0.06493,0.05918,0.06087
0.05333,0.29854,0.06952,0.04748,0.39472,0.03280,0.03080,0.01931,0.02482,0.02868
0.05587,0.16017,0.07268,0.08305,0.14449,0.12968,0.21047,0.02998,0.03676,0.07683
0.05181,0.29148,0.06008,0.06562,0.19723,0.07496,0.07439,0.05636,0.05774,0.07033
0.10456,0.12381,0.16332,0.09150,0.17948,0.07179,0.08864,0.05347,0.04739,0.07604
0.02694,0.24326,0.03694,0.04130,0.12650,0.16319,0.12827,0.06898,0.07241,0.09221
0.07675,0.17734,0.09816,0.15751,0.18204,0.10032,0.05785,0.03803,0.05860,0.05339
0.11846,0.09076,0.08839,0.10286,0.10247,0.14816,0.12243,0.07057,0.06832,0.08759
0.04818,0.28790,0.06027,0.07840,0.16754,0.06200,0.10454,0.06091,0.04818,0.08209
0.07992,0.17031,0.11658,0.09787,0.13774,0.08773,0.14810,0.04862,0.04030,0.07282
0.04736,0.32027,0.05033,0.05756,0.23595,0.08317,0.06195,0.04183,0.04988,0.05170
0.06673,0.28111,0.08162,0.08340,0.17058,0.09330,0.07468,0.03888,0.05399,0.05571
0.07718,0.18936,0.12703,0.11740,0.17689,0.07558,0.08505,0.04407,0.04206,0.06538
0.07566,0.44241,0.07003,0.09234,0.17592,0.04507,0.02545,0.01922,0.02976,0.02413
0.06873,0.28187,0.08851,0.27587,0.08719,0.04707,0.05127,0.02794,0.02955,0.04199
0.09892,0.14236,0.08815,0.11561,0.15676,0.10445,0.06763,0.07818,0.08417,0.06377
