0.01696,0.15854,0.10088,0.03394,0.03163,0.01872,0.09474,0.05205,0.02647,0.07231,0.09073,0.00863,0.14836,0.14605
0.02305,0.37755,0.36345,0.01280,0.06245,0.01596,0.01364,0.08230,0.00932,0.00621,0.00857,0.01228,0.00842,0.00400
0.02831,0.41173,0.35633,0.02925,0.03178,0.02594,0.01189,0.01810,0.00845,0.01215,0.01612,0.02694,0.01278,0.01022
0.01925,0.41013,0.38540,0.02953,0.00413,0.02966,0.01634,0.00296,0.04493,0.01546,0.01899,0.01087,0.00911,0.00323
0.01052,0.13081,0.16776,0.02876,0.04909,0.00598,0.20175,0.00570,0.01340,0.28023,0.01037,0.00390,0.01438,0.07735
0.01031,0.20391,0.20346,0.00673,0.24413,0.00599,0.01017,0.00747,0.00209,0.00893,0.01220,0.00239,0.00429,0.27794
0.01018,0.43855,0.42777,0.01370,0.00531,0.00297,0.00439,0.00330,0.00839,0.02688,0.04362,0.00879,0.00424,0.00190
0.04218,0.42376,0.41989,0.00789,0.02762,0.00466,0.00374,0.03084,0.00238,0.00357,0.00243,0.01218,0.01648,0.00239
0.00517,0.45287,0.44861,0.03176,0.00340,0.00117,0.00184,0.00480,0.01724,0.01755,0.00310,0.00880,0.00272,0.00099
0.00793,0.43786,0.07820,0.38948,0.00856,0.00170,0.00369,0.04510,0.01323,0.00416,0.00388,0.00200,0.00225,0.00197
0.00218,0.06653,0.09409,0.41516,0.02376,0.00444,0.00543,0.00850,0.34094,0.00579,0.00254,0.00441,0.00422,0.02203
0.02928,0.21463,0.19778,0.10314,0.08466,0.01547,0.02182,0.06759,0.02735,0.02306,0.01732,0.08010,0.06088,0.05690
0.02374,0.21404,0.21343,0.08602,0.03950,0.02078,0.09015,0.02801,0.04359,0.13074,0.03172,0.04220,0.00893,0.02713
0.00392,0.11676,0.12045,0.02201,0.01091,0.00568,0.01472,0.03767,0.00394,0.02334,0.01205,0.00860,0.31948,0.30048
0.01517,0.27356,0.24648,0.00566,0.06584,0.00781,0.01033,0.01507,0.00586,0.12239,0.13811,0.00705,0.00912,0.07756
0.40578,0.08570,0.40547,0.00903,0.00286,0.02177,0.00484,0.00211,0.00324,0.00404,0.00519,0.03447,0.01284,0.00267
0.00365,0.11150,0.21472,0.09784,0.14290,0.03269,0.00717,0.15750,0.01733,0.00912,0.00853,0.00136,0.00265,0.19302
0.07450,0.08212,0.12575,0.01235,0.01679,0.16116,0.01573,0.00712,0.00906,0.14783,0.19232,0.14371,0.00579,0.00577
0.04199,0.27289,0.25908,0.01522,0.01428,0.04828,0.01977,0.00969,0.03642,0.12245,0.12202,0.00812,0.00761,0.02216
0.01744,0.45898,0.45836,0.00434,0.00177,0.01060,0.00181,0.03078,0.00736,0.00214,0.00198,0.00225,0.00149,0.00070
0.03004,0.39778,0.40617,0.00668,0.02165,0.04699,0.00274,0.03541,0.00336,0.00345,0.03154,0.00762,0.00116,0.00541
0.01045,0.15791,0.24271,0.01787,0.00297,0.00809,0.24210,0.00640,0.01642,0.01378,0.02483,0.00675,0.21241,0.03731
0.04183,0.27917,0.24136,0.08782,0.02009,0.08862,0.02787,0.01789,0.15497,0.00460,0.01775,0.00300,0.00838,0.00664
0.00856,0.45901,0.41676,0.03238,0.00640,0.00594,0.00514,0.03013,0.00313,0.01040,0.00658,0.00910,0.00317,0.00330
0.06015,0.10867,0.08908,0.01923,0.04229,0.00684,0.28609,0.01823,0.00897,0.30818,0.00471,0.00416,0.00574,0.03767
0.05637,0.43104,0.42889,0.02039,0.01253,0.00484,0.00415,0.00557,0.00232,0.00677,0.00168,0.00450,0.00746,0.01349
0.00436,0.06800,0.06404,0.00773,0.39972,0.01511,0.00189,0.39091,0.00609,0.00656,0.00745,0.02391,0.00167,0.00257
0.01900,0.12967,0.09440,0.02711,0.01044,0.16609,0.00468,0.02046,0.01961,0.15949,0.16577,0.16022,0.00968,0.01337
0.01069,0.10868,0.11541,0.03648,0.03079,0.13862,0.15095,0.02061,0.04210,0.20059,0.02106,0.10607,0.00293,0.01503
0.05266,0.33358,0.33229,0.09293,0.01217,0.01588,0.00552,0.03219,0.10454,0.00414,0.00436,0.00383,0.00150,0.00441
0.00692,0.31721,0.22165,0.00169,0.02549,0.01050,0.10083,0.01181,0.00606,0.08949,0.14552,0.02927,0.00669,0.02688
0.03339,0.43597,0.26028,0.17217,0.00498,0.00645,0.00616,0.03117,0.00381,0.00479,0.00229,0.03006,0.00596,0.00252
0.00879,0.35887,0.34419,0.00548,0.03624,0.02645,0.04758,0.04769,0.00487,0.06344,0.01786,0.02404,0.00182,0.01268
0.00494,0.07700,0.09973,0.00456,0.35628,0.00418,0.02067,0.00179,0.00341,0.01625,0.00613,0.00349,0.00377,0.39782
0.03376,0.41390,0.38977,0.00175,0.00166,0.03692,0.01073,0.00242,0.03743,0.01600,0.01514,0.00156,0.02718,0.01177
0.06179,0.19479,0.20012,0.01684,0.01860,0.03987,0.20175,0.00829,0.00608,0.01295,0.00604,0.03622,0.17612,0.02053
0.00610,0.06957,0.12828,0.37722,0.01408,0.02839,0.00517,0.00694,0.33734,0.00742,0.00484,0.00681,0.00362,0.00423
0.03572,0.08197,0.26295,0.16758,0.00892,0.03340,0.01127,0.28102,0.02069,0.01253,0.00264,0.06563,0.01036,0.00534
0.00116,0.45704,0.45081,0.02033,0.00605,0.00330,0.00758,0.00959,0.01774,0.01350,0.00795,0.00157,0.00139,0.00201
0.00108,0.45619,0.47038,0.00147,0.00436,0.00035,0.00443,0.00556,0.00202,0.00315,0.00732,0.03887,0.00260,0.00223
0.21456,0.41399,0.20513,0.00819,0.00681,0.01425,0.02234,0.01176,0.04154,0.01143,0.00982,0.00556,0.01090,0.02373
0.03594,0.30739,0.25617,0.05881,0.00637,0.01011,0.03622,0.02062,0.03161,0.09352,0.08025,0.02837,0.02256,0.01208
0.01209,0.44282,0.36538,0.01971,0.01449,0.00685,0.00338,0.00643,0.00381,0.05211,0.04800,0.01067,0.00259,0.01168
0.00790,0.07036,0.10537,0.04363,0.03524,0.04113,0.28832,0.01396,0.01778,0.07418,0.02577,0.05994,0.17976,0.03668
0.03405,0.11535,0.13231,0.01534,0.25760,0.01598,0.01199,0.02378,0.00763,0.02784,0.02466,0.02317,0.00460,0.30570
0.01450,0.37457,0.33863,0.08901,0.02663,0.00830,0.00501,0.07609,0.00564,0.00754,0.01309,0.00195,0.02282,0.01621
0.01238,0.40948,0.39459,0.03198,0.02453,0.01625,0.02995,0.01628,0.02150,0.00870,0.01396,0.00250,0.00387,0.01402
0.00913,0.05754,0.08238,0.00520,0.00530,0.01131,0.42535,0.00407,0.00531,0.00841,0.00360,0.00158,0.37397,0.00684
0.00599,0.10472,0.13195,0.23109,0.01576,0.13480,0.00633,0.00731,0.33894,0.00325,0.00663,0.00382,0.00335,0.00607
0.03319,0.07541,0.25409,0.13436,0.02215,0.05545,0.01833,0.28728,0.01238,0.03132,0.00395,0.04858,0.01618,0.00732
0.01103,0.22860,0.18774,0.02272,0.02427,0.04455,0.21393,0.01472,0.00349,0.02045,0.00963,0.02653,0.18645,0.00588
0.01441,0.17329,0.16936,0.02845,0.02601,0.05078,0.08040,0.00978,0.02027,0.22448,0.14752,0.00382,0.00662,0.04480
0.18486,0.21607,0.32932,0.00955,0.00634,0.01444,0.06848,0.00686,0.00974,0.10299,0.01364,0.02011,0.01068,0.00692
0.01084,0.11377,0.16159,0.00812,0.00129,0.00450,0.36876,0.00286,0.00471,0.00505,0.00963,0.00296,0.30353,0.00240
0.02793,0.43681,0.40789,0.00598,0.02622,0.00586,0.01222,0.01236,0.00246,0.01216,0.01864,0.00450,0.00195,0.02501
0.01735,0.19928,0.13152,0.02643,0.00963,0.01132,0.22318,0.00889,0.01397,0.21587,0.07836,0.00720,0.02424,0.03275
0.04613,0.43250,0.40272,0.00313,0.02082,0.00439,0.01223,0.03569,0.00360,0.00709,0.01080,0.00855,0.00765,0.00469
0.05895,0.32015,0.24063,0.02245,0.00416,0.00874,0.10095,0.00580,0.01201,0.09955,0.07404,0.03091,0.01884,0.00282
0.07717,0.31215,0.19785,0.01349,0.03111,0.00747,0.01980,0.00811,0.01351,0.04965,0.09446,0.00744,0.07423,0.09356
0.01339,0.08879,0.11422,0.06434,0.01200,0.29466,0.00666,0.00983,0.36199,0.00558,0.00569,0.01208,0.00554,0.00523
0.02830,0.45362,0.44948,0.01617,0.00296,0.00264,0.00293,0.00750,0.01823,0.00494,0.00124,0.00229,0.00837,0.00133
0.01380,0.29059,0.29912,0.05044,0.01159,0.00333,0.01395,0.00369,0.03238,0.00965,0.00552,0.00053,0.14534,0.12007
0.02275,0.31093,0.31046,0.01569,0.11378,0.01335,0.00972,0.00786,0.01969,0.00488,0.00447,0.00286,0.01272,0.15083
0.05282,0.09343,0.09292,0.01116,0.02538,0.27986,0.07795,0.01370,0.01478,0.07473,0.01130,0.23796,0.00277,0.01123
0.00458,0.40890,0.40605,0.03261,0.02724,0.00530,0.01216,0.00711,0.01286,0.00224,0.03669,0.00342,0.01347,0.02737
0.01621,0.31790,0.21829,0.01159,0.06879,0.02390,0.07317,0.01648,0.01632,0.03939,0.09692,0.00504,0.03887,0.05712
0.00870,0.10769,0.12385,0.00681,0.01461,0.26162,0.08044,0.00451,0.26908,0.09548,0.00371,0.01549,0.00274,0.00527
0.01937,0.33478,0.30861,0.03552,0.02436,0.02625,0.01374,0.08090,0.02512,0.06019,0.01371,0.00653,0.01387,0.03705
0.00759,0.18829,0.21284,0.03139,0.02585,0.03371,0.19568,0.03019,0.00732,0.23919,0.00753,0.00859,0.00568,0.00616
0.01361,0.08414,0.13030,0.01007,0.01587,0.00329,0.01224,0.00456,0.01502,0.31776,0.37656,0.00250,0.00505,0.00903
0.02436,0.41333,0.18293,0.01002,0.00718,0.01275,0.02564,0.01734,0.00285,0.00785,0.23979,0.03782,0.00623,0.01189
0.01801,0.09954,0.10687,0.02415,0.35277,0.01101,0.00880,0.31743,0.01097,0.00999,0.01301,0.00536,0.01416,0.00793
0.01471,0.38188,0.08324,0.28546,0.06902,0.00386,0.00623,0.11551,0.00564,0.00269,0.00358,0.02369,0.00152,0.00297
0.02811,0.31706,0.30382,0.00412,0.00296,0.00687,0.11832,0.00508,0.00834,0.11748,0.04248,0.00126,0.03370,0.01042
0.06915,0.08564,0.10480,0.02081,0.00461,0.01991,0.34534,0.00400,0.01005,0.06263,0.01408,0.00469,0.25041,0.00387
0.01745,0.43262,0.42738,0.02198,0.00532,0.01221,0.00536,0.01621,0.00774,0.01914,0.00983,0.01639,0.00444,0.00394
0.00449,0.43318,0.42553,0.05602,0.00455,0.00174,0.00092,0.01888,0.03734,0.00612,0.00203,0.00415,0.00242,0.00263
0.00915,0.09472,0.12788,0.00595,0.01121,0.02667,0.01529,0.01318,0.03435,0.30503,0.34515,0.00276,0.00350,0.00516
0.05416,0.26088,0.26414,0.00657,0.10570,0.02127,0.04250,0.00908,0.00510,0.06375,0.00658,0.02668,0.00561,0.12799
0.00678,0.22979,0.22998,0.19321,0.01588,0.01577,0.01803,0.02639,0.01049,0.01056,0.03984,0.19438,0.00556,0.00334
0.00958,0.25352,0.25575,0.01413,0.15150,0.01931,0.02111,0.00959,0.03956,0.02133,0.00624,0.01279,0.01908,0.16650
0.01062,0.08983,0.12368,0.11528,0.00773,0.23021,0.01515,0.00558,0.33382,0.01077,0.04036,0.00444,0.00945,0.00309
0.00595,0.22833,0.16713,0.13209,0.16252,0.00508,0.00742,0.16072,0.00700,0.03565,0.02564,0.05437,0.00326,0.00485
0.00726,0.40954,0.38989,0.04318,0.01929,0.02182,0.01324,0.01192,0.04991,0.01806,0.00443,0.00481,0.00313,0.00353
0.02428,0.14916,0.13249,0.16378,0.04329,0.05467,0.00550,0.11269,0.04674,0.02838,0.03410,0.10896,0.04213,0.05383
0.00227,0.08381,0.07676,0.03102,0.00518,0.21566,0.01216,0.00620,0.01460,0.16336,0.19341,0.18426,0.00826,0.00305
0.02007,0.31981,0.09420,0.30346,0.01146,0.00601,0.02654,0.06374,0.00562,0.02323,0.00365,0.10556,0.00774,0.00891
0.00776,0.16809,0.32099,0.06567,0.00174,0.06286,0.02621,0.00384,0.02811,0.02529,0.01357,0.22122,0.03088,0.02377
0.29249,0.12607,0.36873,0.01537,0.00823,0.01502,0.02666,0.02113,0.01058,0.05236,0.01165,0.02771,0.01849,0.00552
0.37642,0.47778,0.10317,0.00225,0.00080,0.00380,0.00414,0.00118,0.00567,0.00185,0.00273,0.00108,0.01617,0.00297
0.00632,0.14352,0.11776,0.07056,0.01825,0.00778,0.25444,0.01734,0.05296,0.27536,0.01706,0.01033,0.00377,0.00453
0.05995,0.27221,0.18654,0.18302,0.00768,0.01552,0.00303,0.03292,0.21998,0.00420,0.00397,0.00263,0.00554,0.00282
0.00328,0.27075,0.34245,0.00415,0.00777,0.00308,0.01786,0.00997,0.00264,0.11179,0.14891,0.06607,0.00626,0.00501
0.03334,0.30581,0.28005,0.04894,0.00860,0.03161,0.01555,0.03546,0.04757,0.05487,0.06755,0.05789,0.00421,0.00854
0.02810,0.27083,0.20384,0.08963,0.00610,0.14347,0.00813,0.01653,0.18421,0.01054,0.00517,0.01090,0.00710,0.01544
0.03838,0.40556,0.38218,0.00836,0.01465,0.04372,0.00933,0.00456,0.00407,0.00605,0.00685,0.02642,0.03830,0.01157
0.00530,0.04611,0.05979,0.00647,0.44181,0.00302,0.00398,0.40381,0.00495,0.00619,0.01023,0.00195,0.00163,0.00476
0.00794,0.07369,0.04753,0.03181,0.39958,0.00337,0.00466,0.00151,0.00111,0.00328,0.00195,0.00198,0.00322,0.41837
0.02823,0.13919,0.17148,0.00561,0.23576,0.01478,0.01548,0.00924,0.01166,0.02182,0.01217,0.01336,0.02904,0.29219
0.03961,0.22832,0.19689,0.03042,0.01569,0.00678,0.16772,0.06221,0.01157,0.17938,0.03131,0.01807,0.00500,0.00702
0.02109,0.25577,0.26395,0.01471,0.01008,0.01397,0.00496,0.01473,0.00429,0.00354,0.02900,0.02114,0.19305,0.14972
0.09471,0.28713,0.30504,0.06645,0.02761,0.00686,0.05768,0.01715,0.01303,0.04786,0.00780,0.01207,0.02950,0.02709
0.01140,0.25052,0.22552,0.00512,0.09169,0.02516,0.10411,0.01180,0.00289,0.10987,0.04357,0.00584,0.01082,0.10168
0.04552,0.41210,0.37279,0.00289,0.00231,0.01647,0.02101,0.00368,0.02697,0.01551,0.04212,0.00318,0.02923,0.00623
0.00703,0.26262,0.25882,0.02793,0.02333,0.05788,0.11059,0.02512,0.06063,0.11698,0.01415,0.00883,0.00762,0.01847
0.03928,0.41863,0.40401,0.00114,0.00465,0.04340,0.00135,0.00874,0.00385,0.03107,0.03278,0.00820,0.00129,0.00161
0.02907,0.07964,0.05516,0.02891,0.39226,0.00121,0.00657,0.37035,0.00481,0.00591,0.00627,0.00332,0.00634,0.01019
0.00958,0.41854,0.41853,0.01120,0.00650,0.03230,0.01190,0.00872,0.04797,0.00521,0.00562,0.00090,0.00928,0.01375
0.00992,0.05162,0.27993,0.10523,0.01520,0.01552,0.07075,0.00420,0.00472,0.13916,0.00549,0.28771,0.00235,0.00820
0.05510,0.27255,0.27659,0.01349,0.03229,0.00653,0.12842,0.01155,0.00852,0.16603,0.00110,0.00341,0.00299,0.02143
0.00988,0.14550,0.39670,0.08284,0.00874,0.00319,0.00145,0.32416,0.00285,0.00077,0.01587,0.00239,0.00166,0.00400
0.02006,0.18553,0.13204,0.13469,0.12664,0.01351,0.01587,0.03911,0.14481,0.01549,0.03231,0.00540,0.00658,0.12795
0.01176,0.08726,0.08427,0.15713,0.00528,0.22892,0.01570,0.00614,0.36109,0.01940,0.00724,0.00445,0.00760,0.00376
0.04548,0.26851,0.26090,0.01397,0.15608,0.00203,0.00524,0.01629,0.01403,0.00921,0.01790,0.00758,0.00381,0.17896
0.03363,0.43909,0.42087,0.00152,0.00631,0.03917,0.00051,0.01690,0.00307,0.01559,0.01045,0.01080,0.00094,0.00115
0.01871,0.12270,0.13830,0.35253,0.00608,0.01007,0.01885,0.00442,0.31022,0.00483,0.00238,0.00325,0.00488,0.00277
0.01290,0.43400,0.41742,0.02081,0.00546,0.01004,0.01009,0.00485,0.01405,0.02242,0.01654,0.02190,0.00233,0.00718
0.31219,0.12422,0.40953,0.02123,0.01890,0.00418,0.00078,0.00439,0.01900,0.00542,0.00379,0.01984,0.00101,0.05554
0.01193,0.08718,0.09967,0.01802,0.00345,0.28380,0.06890,0.00506,0.31327,0.08284,0.00836,0.00613,0.00536,0.00602
0.00315,0.25290,0.13018,0.00683,0.23346,0.00642,0.00673,0.00282,0.00442,0.00966,0.11186,0.00273,0.00803,0.22081
0.00950,0.09275,0.13425,0.00724,0.00684,0.00384,0.33349,0.00312,0.00173,0.39220,0.00911,0.00150,0.00169,0.00273
0.09495,0.32762,0.26610,0.00656,0.02582,0.04013,0.01845,0.01812,0.01193,0.00616,0.04453,0.02987,0.06627,0.04348
0.00331,0.42456,0.13888,0.33737,0.00233,0.00130,0.00647,0.07368,0.00107,0.00207,0.00135,0.00188,0.00390,0.00183
0.00157,0.47057,0.46009,0.00899,0.01555,0.00722,0.00472,0.00266,0.00900,0.00423,0.00268,0.00233,0.00056,0.00983
0.00455,0.33538,0.13489,0.01592,0.06487,0.01976,0.04467,0.01437,0.00348,0.02817,0.20207,0.04294,0.03297,0.05597
0.02590,0.42928,0.41749,0.01164,0.01115,0.03271,0.00793,0.02099,0.01919,0.00599,0.00582,0.00563,0.00402,0.00225
0.01530,0.06093,0.06532,0.01121,0.01986,0.32184,0.01312,0.00813,0.02074,0.09543,0.08569,0.24126,0.00367,0.03752
0.02280,0.08729,0.08571,0.02369,0.20818,0.14639,0.00845,0.00791,0.01626,0.02034,0.00641,0.12100,0.00516,0.24042
0.00267,0.43705,0.47901,0.00740,0.02166,0.00429,0.00443,0.00800,0.00729,0.00684,0.00606,0.00179,0.00412,0.00939
0.01104,0.06109,0.07820,0.10334,0.29880,0.02312,0.01386,0.30992,0.01364,0.01189,0.00891,0.00890,0.02246,0.03482
0.00878,0.39770,0.38841,0.04206,0.01692,0.01496,0.00684,0.00355,0.03235,0.01254,0.01552,0.04187,0.00654,0.01198
0.02472,0.40664,0.34792,0.00495,0.04066,0.02383,0.01241,0.05269,0.01313,0.00512,0.00880,0.03715,0.00922,0.01275
0.00617,0.15956,0.19399,0.04539,0.00211,0.02831,0.22613,0.00384,0.04974,0.26682,0.00766,0.00192,0.00501,0.00334
0.02873,0.39415,0.40990,0.00454,0.04345,0.00317,0.02631,0.05210,0.00403,0.01509,0.00568,0.00510,0.00345,0.00431
0.01184,0.08683,0.09510,0.01625,0.00927,0.00921,0.34646,0.00664,0.00450,0.04057,0.05565,0.00572,0.29603,0.01593
0.02587,0.29953,0.22684,0.04588,0.00343,0.02435,0.10066,0.00858,0.03478,0.13744,0.06765,0.00872,0.01337,0.00290
0.06230,0.34315,0.19453,0.00544,0.08004,0.00327,0.03393,0.00552,0.00471,0.01768,0.13053,0.00666,0.03588,0.07637
0.00454,0.07453,0.28120,0.09933,0.07227,0.03961,0.00386,0.28871,0.02775,0.00346,0.00474,0.00199,0.00301,0.09502
0.02078,0.11443,0.16526,0.00200,0.02089,0.05060,0.02859,0.01638,0.00476,0.01121,0.00520,0.06094,0.27635,0.22260
0.01326,0.07015,0.12782,0.01011,0.20830,0.01750,0.13416,0.16558,0.03326,0.18387,0.01684,0.00580,0.00658,0.00677
0.02542,0.24992,0.20332,0.23943,0.00765,0.00946,0.00344,0.20877,0.00165,0.01496,0.00663,0.01694,0.00693,0.00549
0.02532,0.42694,0.40732,0.02394,0.01350,0.01236,0.00469,0.02081,0.00539,0.01442,0.00743,0.01337,0.00716,0.01734
0.00927,0.39703,0.43369,0.02000,0.02187,0.00822,0.01034,0.01110,0.00750,0.01659,0.00795,0.03390,0.00523,0.01732
0.01718,0.08540,0.10574,0.01989,0.00689,0.03801,0.29975,0.01212,0.04053,0.35137,0.00469,0.01193,0.00298,0.00352
0.00903,0.14884,0.20299,0.02452,0.29594,0.00529,0.00520,0.26988,0.00362,0.00220,0.00636,0.00346,0.00661,0.01606
0.03034,0.18690,0.19125,0.00352,0.01693,0.23588,0.01382,0.01462,0.06402,0.03570,0.02395,0.15405,0.00790,0.02112
0.01632,0.37270,0.36442,0.04097,0.01165,0.00805,0.05795,0.03385,0.00961,0.06954,0.00571,0.00427,0.00189,0.00307
0.00573,0.41928,0.41718,0.00483,0.04323,0.01433,0.00704,0.04840,0.00943,0.00371,0.00455,0.00605,0.00262,0.01363
0.05848,0.26510,0.21228,0.00845,0.01448,0.01152,0.10785,0.00528,0.00927,0.11124,0.06389,0.01260,0.07151,0.04804
0.02366,0.34276,0.33643,0.02301,0.00720,0.03341,0.08303,0.01052,0.00698,0.09456,0.01547,0.01387,0.00510,0.00400
0.00885,0.21696,0.18612,0.01226,0.01336,0.00648,0.07237,0.00906,0.01328,0.06634,0.00476,0.00288,0.21412,0.17314
0.01838,0.14683,0.15528,0.01065,0.07356,0.00356,0.22340,0.01050,0.00600,0.25679,0.00909,0.00677,0.00395,0.07526
0.05093,0.12130,0.13719,0.01121,0.27003,0.00288,0.02564,0.00538,0.00847,0.01017,0.01671,0.00720,0.00889,0.32398
0.01752,0.42511,0.39249,0.00453,0.00219,0.06267,0.00722,0.00809,0.05310,0.01085,0.01225,0.00097,0.00183,0.00116
0.00457,0.45169,0.47495,0.00469,0.02094,0.00172,0.00444,0.00136,0.00163,0.01193,0.00548,0.00309,0.00270,0.01081
0.38415,0.11885,0.41751,0.01213,0.00306,0.00276,0.00926,0.00355,0.00281,0.01153,0.00440,0.01896,0.00895,0.00206
0.04616,0.20609,0.21254,0.00787,0.00588,0.02636,0.16806,0.01840,0.02015,0.22554,0.03705,0.00758,0.00867,0.00965
0.00492,0.11072,0.13433,0.00578,0.00541,0.00344,0.00478,0.00420,0.00491,0.00617,0.00480,0.01006,0.36828,0.33220
0.32765,0.45460,0.10370,0.00627,0.01266,0.00449,0.01355,0.01725,0.00724,0.01290,0.01129,0.00174,0.00953,0.01713
0.01523,0.22212,0.24020,0.02101,0.00861,0.01293,0.16468,0.00851,0.03124,0.20564,0.02876,0.02013,0.01483,0.00612
0.01790,0.41796,0.41544,0.00775,0.04654,0.00939,0.00469,0.02767,0.00335,0.01338,0.00540,0.00288,0.00333,0.02433
0.02514,0.27705,0.25325,0.05107,0.01139,0.08357,0.06649,0.00289,0.12145,0.07798,0.01676,0.00502,0.00363,0.00430
0.00185,0.47431,0.45881,0.00989,0.01813,0.01065,0.00115,0.00327,0.00232,0.00571,0.00261,0.00338,0.00178,0.00614
0.00735,0.05326,0.38615,0.07911,0.02154,0.01023,0.00764,0.00240,0.00563,0.00525,0.00259,0.39877,0.00127,0.01881
0.03785,0.25741,0.22959,0.14694,0.02321,0.04230,0.00581,0.02479,0.15308,0.03561,0.02975,0.00375,0.00327,0.00663
0.07366,0.39989,0.32421,0.00733,0.01687,0.01238,0.03812,0.02853,0.01271,0.03531,0.01324,0.00210,0.01655,0.01909
0.01827,0.42825,0.39534,0.01442,0.00584,0.00712,0.00553,0.02280,0.00555,0.02648,0.05487,0.00744,0.00537,0.00272
0.00435,0.38346,0.42104,0.01410,0.00237,0.00309,0.01357,0.00385,0.00520,0.04245,0.03893,0.06372,0.00223,0.00164
0.00368,0.32643,0.29082,0.06663,0.05965,0.01922,0.03601,0.01317,0.02389,0.06800,0.02601,0.03125,0.00293,0.03229
0.00328,0.45655,0.45028,0.00393,0.01450,0.02251,0.00540,0.01843,0.00229,0.00317,0.00226,0.01140,0.00196,0.00404
0.29788,0.10873,0.27788,0.01966,0.00624,0.00420,0.12758,0.01825,0.00943,0.01183,0.01803,0.02817,0.06707,0.00506
0.01735,0.13948,0.12049,0.28231,0.06141,0.01173,0.00634,0.00568,0.26017,0.00848,0.01316,0.00485,0.01802,0.05053
0.00694,0.45881,0.48170,0.00680,0.00579,0.00436,0.00432,0.00392,0.00758,0.00375,0.00864,0.00136,0.00353,0.00248
0.03327,0.39513,0.38284,0.02078,0.01585,0.00682,0.01337,0.02319,0.02060,0.01198,0.03850,0.01144,0.01335,0.01288
0.00668,0.35279,0.34180,0.03276,0.05524,0.03081,0.01631,0.06115,0.02171,0.02173,0.00997,0.00174,0.01971,0.02759
0.01777,0.39547,0.36789,0.00368,0.00892,0.04313,0.00388,0.01059,0.00221,0.05312,0.05527,0.02363,0.00381,0.01063
0.05117,0.11650,0.13457,0.01425,0.01811,0.00760,0.29663,0.01021,0.01930,0.14880,0.02666,0.00402,0.13955,0.01263
0.00486,0.08960,0.07105,0.01778,0.00716,0.00424,0.03343,0.02028,0.00822,0.03902,0.00921,0.00520,0.34925,0.34069
0.01612,0.08696,0.17333,0.01668,0.26688,0.00596,0.00495,0.00955,0.00455,0.02022,0.00736,0.01798,0.00258,0.36688
0.19680,0.23540,0.30632,0.01798,0.00786,0.01109,0.07709,0.02770,0.01750,0.01505,0.00418,0.01921,0.05820,0.00564
0.00398,0.09424,0.13007,0.02226,0.00522,0.00462,0.30867,0.02024,0.00632,0.37399,0.01170,0.00584,0.00362,0.00923
0.07768,0.16415,0.09700,0.00886,0.00658,0.00487,0.26846,0.00640,0.02940,0.26718,0.01124,0.00342,0.04174,0.01300
0.01101,0.39035,0.43432,0.01737,0.00680,0.00817,0.01408,0.01078,0.01299,0.03940,0.03473,0.00498,0.00535,0.00967
0.00600,0.18653,0.12630,0.25696,0.06264,0.03006,0.00582,0.09240,0.00471,0.01429,0.00800,0.19110,0.00928,0.00590
0.02561,0.23414,0.20711,0.01537,0.07572,0.03198,0.11066,0.01617,0.03444,0.01460,0.05917,0.01411,0.07668,0.08424
0.01156,0.07057,0.10583,0.06227,0.30931,0.03315,0.01624,0.25616,0.00604,0.01555,0.00609,0.06212,0.01942,0.02569
0.01891,0.38375,0.35748,0.05522,0.01164,0.02263,0.01187,0.05222,0.01591,0.01878,0.01527,0.00639,0.02020,0.00974
0.00601,0.12064,0.20024,0.02410,0.00757,0.00947,0.02009,0.04716,0.00517,0.23096,0.30772,0.01163,0.00353,0.00572
0.00875,0.20444,0.16991,0.06476,0.17160,0.06738,0.02833,0.17596,0.00516,0.03247,0.00685,0.04124,0.00856,0.01459
0.03183,0.23101,0.25976,0.03400,0.01054,0.00826,0.00730,0.01450,0.02293,0.15708,0.16777,0.00111,0.05026,0.00366
0.00479,0.40865,0.40445,0.03040,0.02592,0.01348,0.01327,0.00675,0.03572,0.00744,0.01143,0.00150,0.00994,0.02625
0.00997,0.36596,0.38723,0.02597,0.04732,0.01265,0.00374,0.07070,0.01106,0.00699,0.00644,0.04193,0.00280,0.00725
0.01523,0.24378,0.18534,0.09650,0.00175,0.12976,0.02347,0.00544,0.21859,0.03757,0.02671,0.00613,0.00442,0.00532
0.01126,0.40819,0.07940,0.03772,0.00689,0.01661,0.04096,0.01770,0.01060,0.00597,0.32297,0.02289,0.01382,0.00502
0.01015,0.43965,0.47535,0.01171,0.01783,0.00523,0.00669,0.00387,0.00334,0.00243,0.00566,0.00210,0.00397,0.01202
0.01977,0.42815,0.40881,0.02179,0.00832,0.00996,0.00562,0.03231,0.01942,0.00911,0.01538,0.00433,0.01075,0.00628
0.03183,0.32247,0.31023,0.03477,0.07398,0.02414,0.00613,0.07009,0.01056,0.01780,0.01992,0.05635,0.00903,0.01270
0.02131,0.22369,0.16500,0.06739,0.07756,0.00226,0.05595,0.06647,0.00938,0.02934,0.07326,0.00785,0.08911,0.11142
0.01251,0.11016,0.13872,0.01457,0.02417,0.00588,0.06047,0.00155,0.00186,0.31555,0.28955,0.01009,0.00197,0.01296
0.00779,0.12411,0.13618,0.20048,0.01332,0.12562,0.01880,0.01300,0.29462,0.01955,0.02827,0.01234,0.00250,0.00341
0.28501,0.34820,0.02246,0.02307,0.13102,0.01274,0.02028,0.00755,0.02036,0.00515,0.00554,0.00240,0.01551,0.10071
0.00191,0.44672,0.43254,0.02978,0.01376,0.00348,0.00687,0.02653,0.02140,0.00713,0.00237,0.00159,0.00227,0.00365
0.03227,0.45533,0.42045,0.00390,0.00145,0.01949,0.00887,0.00333,0.02640,0.00393,0.01413,0.00089,0.00769,0.00188
0.01423,0.17142,0.15623,0.00138,0.00377,0.00285,0.29658,0.00575,0.00489,0.32642,0.00489,0.00406,0.00280,0.00475
0.00408,0.06942,0.09578,0.15461,0.17267,0.03329,0.03534,0.01038,0.12464,0.03848,0.00438,0.01430,0.00918,0.23345
0.00932,0.08378,0.11491,0.00586,0.00559,0.37898,0.02853,0.00450,0.00856,0.02719,0.00339,0.31541,0.00334,0.01063
0.01871,0.38723,0.37633,0.02829,0.01565,0.00543,0.00433,0.00516,0.00783,0.05424,0.04077,0.01609,0.01841,0.02153
0.04314,0.42174,0.37921,0.02289,0.00545,0.02087,0.03612,0.00759,0.01170,0.02761,0.00336,0.00219,0.01488,0.00327
0.03373,0.36434,0.32184,0.08109,0.02234,0.01281,0.00954,0.00785,0.08420,0.02054,0.01731,0.00841,0.00428,0.01172
0.07655,0.22835,0.24372,0.00561,0.01809,0.00329,0.16488,0.00907,0.01035,0.20879,0.00781,0.00987,0.00516,0.00846
0.00262,0.08575,0.06401,0.00343,0.00110,0.41595,0.00421,0.00422,0.40546,0.00152,0.00295,0.00102,0.00524,0.00252
0.00389,0.06738,0.38242,0.09979,0.00835,0.00427,0.00338,0.38434,0.00444,0.00358,0.00719,0.02731,0.00078,0.00288
0.04587,0.30557,0.27579,0.00351,0.04609,0.01164,0.10949,0.04844,0.01063,0.10640,0.01662,0.00213,0.01007,0.00777
0.00899,0.38173,0.34246,0.00623,0.00712,0.03120,0.06608,0.00314,0.01247,0.03798,0.06336,0.02775,0.00887,0.00260
0.03222,0.36863,0.36445,0.04975,0.01356,0.01102,0.07184,0.01224,0.00954,0.03181,0.00212,0.00735,0.00613,0.01934
0.01193,0.16377,0.16857,0.18690,0.01267,0.11054,0.00871,0.00434,0.25968,0.02350,0.01144,0.01701,0.01058,0.01034
0.02764,0.06398,0.12494,0.00981,0.03292,0.01006,0.28626,0.01063,0.00634,0.35033,0.00625,0.01803,0.01853,0.03425
0.05073,0.10740,0.21381,0.08660,0.18003,0.02239,0.01528,0.12294,0.02686,0.00973,0.00461,0.11353,0.00381,0.04228
0.02809,0.36600,0.36456,0.01628,0.03892,0.03406,0.01956,0.03434,0.03729,0.01219,0.01144,0.02397,0.00908,0.00420
0.01055,0.12076,0.12977,0.01149,0.29561,0.01404,0.00708,0.14471,0.01651,0.02080,0.02527,0.02081,0.00229,0.18031
0.01876,0.11828,0.12100,0.01917,0.00682,0.25744,0.00673,0.00789,0.01751,0.08670,0.09795,0.22711,0.00623,0.00844
0.08368,0.36699,0.35515,0.01167,0.01538,0.03104,0.02423,0.04623,0.02857,0.01220,0.00418,0.01227,0.00414,0.00427
0.03398,0.14517,0.09376,0.02627,0.00640,0.01794,0.26802,0.01104,0.01282,0.27597,0.06135,0.01914,0.01626,0.01189
0.04648,0.09305,0.09831,0.01172,0.00359,0.02089,0.32102,0.00539,0.01386,0.36646,0.00800,0.00578,0.00388,0.00157
0.01041,0.26408,0.25205,0.01305,0.04651,0.01453,0.09523,0.02779,0.01351,0.11283,0.03976,0.00551,0.05061,0.05413
0.23667,0.33814,0.10827,0.01515,0.00973,0.00803,0.00633,0.00621,0.04433,0.00730,0.01881,0.01150,0.08287,0.10667
0.09574,0.29064,0.35881,0.00979,0.06835,0.01812,0.00862,0.05968,0.01166,0.01306,0.00482,0.00859,0.00363,0.04850
0.25045,0.23224,0.37235,0.01299,0.00326,0.01897,0.00595,0.04390,0.01415,0.00387,0.00329,0.02940,0.00774,0.00142
0.14536,0.27781,0.33052,0.01700,0.00705,0.01611,0.04839,0.01186,0.02295,0.02642,0.02942,0.02605,0.03061,0.01045
0.05107,0.36584,0.32997,0.00615,0.01458,0.05406,0.00847,0.00713,0.05459,0.04238,0.04379,0.00440,0.00488,0.01268
0.00415,0.03482,0.03594,0.45715,0.00326,0.00489,0.00168,0.00178,0.44988,0.00097,0.00170,0.00128,0.00060,0.00191
0.05250,0.38455,0.31298,0.01654,0.01402,0.04545,0.02855,0.01992,0.02874,0.00333,0.04682,0.00758,0.02853,0.01049
0.00181,0.45675,0.47909,0.00135,0.00405,0.00087,0.00468,0.00282,0.00070,0.00385,0.00399,0.03690,0.00249,0.00064
0.02864,0.15984,0.14762,0.25895,0.01717,0.03866,0.01748,0.01886,0.25208,0.02245,0.01542,0.00438,0.00807,0.01038
0.00343,0.38315,0.42442,0.01707,0.01157,0.02249,0.02073,0.00797,0.01921,0.03416,0.04000,0.00230,0.00520,0.00832
0.07210,0.24871,0.26756,0.03720,0.13516,0.00509,0.02096,0.01929,0.00122,0.01781,0.00234,0.00299,0.00304,0.16653
0.00817,0.21769,0.21304,0.16689,0.05196,0.01952,0.02237,0.05219,0.11644,0.03321,0.03998,0.00688,0.02637,0.02531
0.00283,0.42818,0.41711,0.02647,0.03308,0.01453,0.00373,0.01012,0.02938,0.00966,0.00603,0.00065,0.00096,0.01728
0.07980,0.42816,0.32123,0.00308,0.00641,0.02334,0.02025,0.00430,0.00222,0.00173,0.05971,0.00821,0.02186,0.01970
0.00492,0.33172,0.32442,0.01200,0.12396,0.00226,0.00534,0.04548,0.00452,0.00489,0.00373,0.00425,0.00632,0.12619
0.00834,0.40080,0.40226,0.03587,0.00936,0.00507,0.01291,0.00295,0.02462,0.00755,0.00655,0.00216,0.04548,0.03608
0.02350,0.26389,0.25563,0.01730,0.11041,0.01344,0.05162,0.01069,0.01832,0.06046,0.01942,0.00342,0.02074,0.13115
0.09823,0.14577,0.19463,0.01976,0.10030,0.05553,0.05560,0.02580,0.06510,0.05900,0.01895,0.00640,0.00693,0.14799
0.00649,0.34896,0.34121,0.02824,0.04594,0.05528,0.00843,0.03509,0.05938,0.01335,0.02976,0.00329,0.00394,0.02063
0.00631,0.06058,0.09055,0.05704,0.01303,0.03051,0.28017,0.00841,0.09240,0.33834,0.00777,0.00331,0.00482,0.00677
0.01062,0.14119,0.06472,0.10290,0.25706,0.02400,0.00567,0.06946,0.00503,0.00122,0.06001,0.00704,0.00464,0.24644
0.00329,0.42457,0.13029,0.01043,0.02132,0.00593,0.02359,0.00925,0.04561,0.00768,0.27231,0.01658,0.01079,0.01835
0.00828,0.33570,0.35178,0.05461,0.00654,0.05393,0.00144,0.01428,0.02381,0.01011,0.01847,0.09598,0.01898,0.00610
0.02078,0.09442,0.10294,0.07799,0.07323,0.01000,0.17713,0.00762,0.06716,0.21191,0.01239,0.04618,0.01383,0.08444
0.04837,0.24643,0.24743,0.00535,0.02097,0.03882,0.10617,0.01812,0.01287,0.13185,0.07804,0.01179,0.02746,0.00633
0.01233,0.04556,0.41300,0.07026,0.00164,0.00471,0.00531,0.00315,0.00363,0.00314,0.00210,0.42588,0.00220,0.00709
0.04153,0.04919,0.08498,0.00610,0.01135,0.01375,0.34309,0.00487,0.01288,0.39101,0.00934,0.00912,0.01204,0.01075
0.11050,0.30261,0.37155,0.01618,0.03691,0.01302,0.01312,0.06500,0.00719,0.00286,0.00300,0.00854,0.01404,0.03548
0.00391,0.45520,0.46385,0.00714,0.00657,0.00595,0.00887,0.00453,0.01741,0.01155,0.00329,0.00519,0.00386,0.00269
0.01842,0.11086,0.11315,0.05009,0.00589,0.10149,0.02181,0.01202,0.01953,0.21872,0.24254,0.07612,0.00515,0.00422
0.00323,0.09894,0.09080,0.05202,0.05519,0.16450,0.03857,0.03299,0.00545,0.13763,0.12447,0.13755,0.01305,0.04560
0.04917,0.09935,0.12984,0.04652,0.05495,0.09220,0.16753,0.04848,0.01120,0.20720,0.01120,0.07798,0.00276,0.00159
0.01553,0.50501,0.40642,0.00351,0.00726,0.01118,0.00574,0.00401,0.00549,0.00736,0.01887,0.00419,0.00247,0.00296
0.06606,0.10316,0.07792,0.02669,0.30856,0.00780,0.00969,0.03875,0.00751,0.02315,0.01422,0.00242,0.00143,0.31263
0.40623,0.46341,0.05160,0.01003,0.00315,0.00923,0.00349,0.00160,0.01632,0.00779,0.00197,0.00494,0.01145,0.00880
0.00486,0.42399,0.43153,0.01153,0.00688,0.02307,0.03114,0.00323,0.01038,0.03860,0.00320,0.00231,0.00453,0.00475
0.03138,0.15679,0.13789,0.06879,0.00613,0.04854,0.19217,0.01931,0.08626,0.21904,0.01126,0.00790,0.01153,0.00301
0.00454,0.06480,0.09149,0.00813,0.00324,0.38779,0.00528,0.00085,0.42166,0.00220,0.00127,0.00123,0.00287,0.00465
0.01387,0.32615,0.35536,0.07933,0.01248,0.01234,0.01206,0.16167,0.00546,0.00417,0.00167,0.00754,0.00263,0.00526
0.04081,0.41975,0.37703,0.00225,0.00909,0.00771,0.01668,0.01857,0.00549,0.02347,0.05182,0.00307,0.00990,0.01436
0.00541,0.31746,0.28419,0.02820,0.01254,0.00346,0.06116,0.00527,0.02231,0.07645,0.05203,0.00187,0.06965,0.06000
0.00227,0.07316,0.07854,0.00665,0.00352,0.00136,0.40219,0.00091,0.00084,0.42544,0.00087,0.00088,0.00173,0.00164
0.06011,0.13867,0.11800,0.01185,0.03487,0.02741,0.20202,0.01295,0.01376,0.19766,0.07285,0.05551,0.03558,0.01877
0.00985,0.08160,0.10379,0.01524,0.00490,0.00885,0.34789,0.00453,0.00873,0.39087,0.00221,0.01183,0.00459,0.00510
0.04334,0.10290,0.11690,0.01163,0.01494,0.00677,0.29481,0.00256,0.01653,0.34832,0.01171,0.00318,0.00872,0.01769
0.01364,0.19681,0.20583,0.01665,0.05142,0.00378,0.18679,0.02363,0.00332,0.01121,0.06525,0.01888,0.17044,0.03236
0.00967,0.06725,0.08329,0.02131,0.00837,0.01998,0.39326,0.00923,0.00728,0.00475,0.01676,0.02259,0.33366,0.00258
0.03566,0.43910,0.38933,0.01269,0.03613,0.00277,0.00742,0.02781,0.00454,0.00631,0.00346,0.01253,0.01081,0.01146
0.00741,0.07220,0.08821,0.00760,0.01226,0.00154,0.41456,0.00347,0.00459,0.00506,0.00800,0.00138,0.37080,0.00294
0.01582,0.17103,0.18336,0.00672,0.04217,0.03558,0.22007,0.01940,0.00589,0.25663,0.01197,0.01847,0.00286,0.01004
0.26482,0.19642,0.39837,0.01540,0.00475,0.01017,0.01983,0.03166,0.01023,0.01270,0.01274,0.00715,0.01105,0.00469
0.36007,0.09472,0.34455,0.00924,0.00312,0.00392,0.05466,0.00567,0.00948,0.01877,0.01466,0.02996,0.04769,0.00350
0.00552,0.08033,0.11698,0.01946,0.00188,0.00680,0.34199,0.00299,0.00159,0.39283,0.00210,0.01471,0.01006,0.00275
0.00581,0.43613,0.41797,0.03314,0.02469,0.00161,0.00760,0.00525,0.03049,0.00668,0.00372,0.00227,0.00192,0.02274
0.00493,0.07253,0.07600,0.00601,0.00286,0.39877,0.00536,0.00445,0.41202,0.00551,0.00349,0.00068,0.00266,0.00474
0.06487,0.30649,0.28145,0.00714,0.01758,0.12102,0.01400,0.01985,0.00887,0.01929,0.02035,0.09402,0.00281,0.02226
0.08545,0.31530,0.18636,0.00613,0.02979,0.03691,0.04362,0.02281,0.01249,0.00332,0.12252,0.02352,0.05880,0.05299
0.02520,0.39678,0.38608,0.03502,0.00772,0.03545,0.00248,0.01217,0.06900,0.00678,0.01855,0.00196,0.00113,0.00167
0.00205,0.06777,0.07174,0.01592,0.01252,0.00555,0.37493,0.00597,0.00384,0.40472,0.01134,0.01083,0.00799,0.00483
0.03926,0.13551,0.09192,0.00475,0.00806,0.02263,0.28740,0.00528,0.00958,0.29372,0.05473,0.01989,0.01337,0.01390
0.00254,0.34340,0.16104,0.00420,0.15328,0.00881,0.00666,0.01371,0.00192,0.00790,0.16608,0.00122,0.00218,0.12707
0.01238,0.12557,0.16006,0.03011,0.05318,0.23301,0.00999,0.03692,0.27345,0.00873,0.00337,0.00497,0.00122,0.04703
0.00835,0.07005,0.11340,0.01673,0.29137,0.03685,0.00321,0.00531,0.00765,0.02456,0.01115,0.03729,0.00918,0.36491
0.01556,0.28181,0.25691,0.01576,0.09061,0.04428,0.00435,0.01701,0.05467,0.05026,0.04362,0.01059,0.00552,0.10905
0.00709,0.31300,0.29891,0.02806,0.04993,0.01236,0.08585,0.04130,0.00673,0.00709,0.03095,0.01586,0.06312,0.03977
0.00654,0.32482,0.32271,0.00393,0.14833,0.00353,0.00674,0.00401,0.00524,0.00885,0.00484,0.00338,0.00312,0.15400
0.07567,0.15704,0.14639,0.00737,0.17370,0.00678,0.08345,0.00554,0.00671,0.09042,0.00520,0.01186,0.00977,0.22012
0.00457,0.33453,0.14596,0.00563,0.00679,0.01205,0.16359,0.01079,0.00704,0.10182,0.18504,0.00444,0.01174,0.00601
0.03813,0.44663,0.42230,0.01555,0.01459,0.01360,0.00144,0.02154,0.00277,0.00174,0.00193,0.00748,0.00454,0.00776
0.00439,0.06376,0.10480,0.00389,0.41980,0.00730,0.00633,0.36977,0.00459,0.00462,0.00243,0.00471,0.00261,0.00099
0.01136,0.39169,0.37599,0.01220,0.02239,0.01802,0.02705,0.02581,0.00316,0.03028,0.03380,0.02238,0.00728,0.01858
0.02997,0.34665,0.34349,0.04251,0.00651,0.01207,0.00373,0.00233,0.03744,0.00586,0.02138,0.00446,0.08623,0.05736
0.03754,0.10657,0.12337,0.02566,0.22584,0.03726,0.04609,0.11684,0.03048,0.05670,0.01889,0.04041,0.01850,0.11584
0.03585,0.18548,0.22439,0.00621,0.02577,0.12207,0.01064,0.01887,0.01484,0.10285,0.13638,0.08675,0.00836,0.02155
0.00335,0.18538,0.18864,0.00465,0.02013,0.00323,0.11797,0.01114,0.00175,0.27875,0.16784,0.00155,0.00185,0.01376
