0.05313,0.02471,0.12655,0.12553,0.10131,0.02732,0.24341,0.14236,0.13287,0.02282
0.04473,0.02028,0.05951,0.05850,0.09392,0.08363,0.25533,0.19594,0.14722,0.04093
0.01135,0.01197,0.02163,0.01984,0.01078,0.04039,0.34576,0.15519,0.24513,0.13796
0.03387,0.02126,0.07563,0.07194,0.05744,0.03993,0.18312,0.25952,0.23798,0.01933
0.06439,0.02449,0.07436,0.07236,0.13357,0.08640,0.14601,0.22314,0.15104,0.02425
0.01311,0.00876,0.05081,0.05114,0.02175,0.09300,0.21125,0.30236,0.22591,0.02191
0.01696,0.01293,0.07591,0.07401,0.02327,0.05178,0.31701,0.22272,0.18610,0.01931
0.00731,0.00703,0.03350,0.03329,0.01098,0.02040,0.26013,0.28996,0.30226,0.03514
0.02217,0.01328,0.10723,0.10622,0.03879,0.06552,0.32887,0.17540,0.12396,0.01856
0.02073,0.01941,0.05183,0.04930,0.02131,0.04761,0.40596,0.13401,0.16410,0.08572
0.01409,0.01437,0.06015,0.05864,0.01414,0.04914,0.52539,0.14055,0.10331,0.02023
0.01771,0.01312,0.09077,0.08960,0.03212,0.06677,0.33220,0.19582,0.14330,0.01859
0.01363,0.00993,0.08567,0.08429,0.01993,0.03460,0.52366,0.09724,0.09622,0.03484
0.02882,0.02097,0.08151,0.08162,0.04786,0.06011,0.24515,0.15978,0.18735,0.08684
0.01362,0.01192,0.13715,0.13532,0.01316,0.03794,0.19227,0.22388,0.20608,0.02866
0.01777,0.01478,0.06763,0.06499,0.03904,0.06205,0.30005,0.13803,0.18141,0.11423
0.00826,0.00609,0.06562,0.06393,0.01287,0.01626,0.58240,0.12076,0.11326,0.01055
0.01814,0.01842,0.09274,0.09270,0.02030,0.02422,0.24607,0.23529,0.22926,0.02286
0.02395,0.01523,0.07130,0.07078,0.04220,0.04340,0.23659,0.25655,0.22377,0.01623
0.02092,0.01743,0.05199,0.04835,0.03266,0.07701,0.25165,0.23649,0.20856,0.05496
0.02024,0.01442,0.09092,0.09021,0.03325,0.03743,0.31078,0.18250,0.17777,0.04248
0.01130,0.01000,0.06820,0.06681,0.01859,0.08074,0.46576,0.16383,0.09822,0.01656
0.01299,0.01202,0.08596,0.08488,0.02130,0.05668,0.18286,0.28746,0.24072,0.01514
0.01486,0.01076,0.15216,0.14648,0.02126,0.03890,0.33289,0.14054,0.12199,0.02016
0.01048,0.01107,0.07423,0.07451,0.01462,0.03172,0.36600,0.21198,0.19167,0.01371
0.01830,0.01119,0.04115,0.04088,0.03107,0.06053,0.30255,0.23385,0.21314,0.04735
0.01662,0.01304,0.07387,0.07329,0.02746,0.02791,0.24058,0.26933,0.24697,0.01093
0.01093,0.00765,0.12801,0.13017,0.01818,0.01847,0.51011,0.08467,0.07746,0.01434
0.01740,0.01564,0.04158,0.03841,0.02070,0.02543,0.14883,0.30401,0.33080,0.05721
0.01366,0.01071,0.03841,0.03820,0.01848,0.05784,0.48379,0.18299,0.13778,0.01813
0.01502,0.01298,0.05324,0.05381,0.02682,0.04921,0.26721,0.26602,0.23552,0.02018
0.02516,0.02083,0.10269,0.10216,0.03970,0.11479,0.11729,0.26797,0.17820,0.03121
0.01681,0.01164,0.10003,0.10104,0.02758,0.04520,0.35201,0.17380,0.14803,0.02387
0.05868,0.02467,0.08535,0.08395,0.13181,0.03929,0.23259,0.14399,0.15043,0.04925
0.01965,0.01663,0.10088,0.10071,0.02362,0.07222,0.24041,0.20757,0.17215,0.04616
0.01700,0.01394,0.08625,0.08413,0.02495,0.03156,0.29135,0.19784,0.20892,0.04406
0.02112,0.01483,0.04755,0.04822,0.03616,0.07877,0.21071,0.23362,0.22725,0.08177
0.02641,0.01040,0.11687,0.11495,0.06142,0.04713,0.25724,0.18415,0.15667,0.02477
0.01608,0.01001,0.11137,0.11091,0.02707,0.04343,0.25404,0.21763,0.18766,0.02179
0.01762,0.01346,0.06322,0.06128,0.02621,0.05137,0.42271,0.16213,0.14306,0.03894
0.01117,0.00651,0.04780,0.04729,0.02294,0.07704,0.10985,0.37052,0.29561,0.01127
0.03537,0.03060,0.05417,0.04904,0.05211,0.07672,0.25044,0.16489,0.18365,0.10301
0.01809,0.01363,0.06588,0.06416,0.02625,0.04841,0.37592,0.19439,0.16603,0.02725
0.02637,0.01804,0.11607,0.11570,0.03695,0.05026,0.22956,0.21070,0.17475,0.02162
0.01779,0.01339,0.09066,0.08892,0.02666,0.05239,0.37421,0.17759,0.13959,0.01881
0.04568,0.02538,0.08490,0.08403,0.08784,0.06383,0.15494,0.20987,0.18949,0.05404
0.03516,0.01998,0.06143,0.05804,0.06452,0.04709,0.17667,0.18370,0.24234,0.11106
0.01540,0.01118,0.06180,0.05940,0.02608,0.03031,0.39641,0.20438,0.18326,0.01178
0.01401,0.01112,0.07411,0.07192,0.01984,0.02779,0.23012,0.27995,0.26093,0.01021
0.02363,0.01919,0.13545,0.13245,0.02257,0.06628,0.25747,0.17570,0.13195,0.03532
0.02079,0.01930,0.03570,0.03488,0.02170,0.03902,0.29106,0.22041,0.24648,0.07067
0.02229,0.01552,0.08623,0.08598,0.04592,0.05997,0.39747,0.12241,0.10969,0.05451
0.02355,0.01710,0.07966,0.07787,0.03777,0.06309,0.28782,0.20734,0.17094,0.03487
0.01223,0.01125,0.07959,0.07884,0.01123,0.07760,0.37515,0.14926,0.13683,0.06803
0.01830,0.01316,0.08103,0.08059,0.02714,0.03935,0.32925,0.21250,0.18368,0.01500
0.00910,0.00824,0.11181,0.11570,0.01367,0.02590,0.15766,0.22062,0.26274,0.07456
0.02476,0.02197,0.04753,0.04572,0.02641,0.10408,0.25593,0.24561,0.18128,0.04670
0.01964,0.01668,0.11510,0.11119,0.03002,0.02530,0.26032,0.16550,0.19603,0.06022
0.01219,0.00945,0.08599,0.08555,0.01673,0.04826,0.29679,0.22672,0.19741,0.02091
0.02710,0.02054,0.10131,0.09954,0.03945,0.12197,0.37208,0.15888,0.04616,0.01298
0.03152,0.03900,0.06238,0.06573,0.02878,0.03072,0.28488,0.20019,0.20790,0.04890
0.01508,0.01250,0.02684,0.02550,0.01898,0.03021,0.39245,0.20636,0.21879,0.05330
0.03276,0.01890,0.15910,0.15758,0.05988,0.06112,0.23443,0.13206,0.10385,0.04032
0.02796,0.02889,0.10304,0.10130,0.03848,0.11621,0.18623,0.21153,0.13711,0.04926
0.01608,0.01296,0.06205,0.06226,0.02158,0.04316,0.46892,0.16583,0.13383,0.01334
0.02139,0.01196,0.14150,0.13965,0.03638,0.05615,0.20959,0.20254,0.16287,0.01797
0.01718,0.01170,0.04638,0.04638,0.02725,0.04060,0.38152,0.19693,0.19126,0.04080
0.01812,0.01257,0.12457,0.12455,0.03225,0.05038,0.13652,0.23376,0.22035,0.04692
0.01517,0.01116,0.18934,0.18838,0.02114,0.02351,0.27953,0.10953,0.12230,0.03993
0.03034,0.01229,0.05021,0.04995,0.05917,0.04289,0.40747,0.18852,0.14859,0.01056
0.02895,0.02044,0.05343,0.05605,0.04713,0.06935,0.28625,0.17821,0.18049,0.07971
0.02060,0.01034,0.10952,0.11074,0.03929,0.07076,0.26300,0.20365,0.15121,0.02089
0.03428,0.01360,0.10501,0.10229,0.07969,0.05291,0.29198,0.16024,0.13339,0.02661
0.02683,0.01902,0.07839,0.07461,0.04086,0.04149,0.31274,0.20355,0.17701,0.02550
0.00811,0.00747,0.05511,0.05547,0.01184,0.03731,0.44798,0.16578,0.16701,0.04392
0.02068,0.01332,0.11521,0.11243,0.03317,0.02040,0.38109,0.13374,0.14101,0.02894
0.01537,0.01005,0.09383,0.09260,0.02535,0.01970,0.23843,0.24329,0.23993,0.02144
0.01299,0.01021,0.07216,0.07176,0.01831,0.02756,0.44136,0.16900,0.15640,0.02026
0.02761,0.01750,0.08998,0.08692,0.04829,0.06169,0.28970,0.18208,0.15315,0.04308
0.01014,0.00821,0.08246,0.08085,0.01860,0.05973,0.22483,0.27426,0.22464,0.01629
0.02549,0.00866,0.05780,0.05826,0.06027,0.02326,0.45448,0.15449,0.14042,0.01686
0.02064,0.01607,0.04680,0.04442,0.02583,0.02307,0.40537,0.20117,0.19458,0.02206
0.03498,0.02459,0.10994,0.10851,0.04284,0.06102,0.22381,0.19528,0.16289,0.03615
0.03031,0.01972,0.05289,0.05133,0.06255,0.07925,0.37317,0.15895,0.11998,0.05184
0.05948,0.03567,0.08862,0.08490,0.10178,0.02347,0.37468,0.08020,0.10153,0.04968
0.03355,0.02485,0.12585,0.12176,0.03851,0.07057,0.16718,0.22425,0.17084,0.02263
0.01209,0.00945,0.17193,0.17144,0.01940,0.02148,0.28432,0.15111,0.14174,0.01703
0.01450,0.00892,0.04724,0.05007,0.02537,0.03314,0.53122,0.14465,0.12536,0.01952
0.01398,0.01049,0.08421,0.08224,0.01878,0.04125,0.27344,0.22261,0.21464,0.03836
0.03553,0.02078,0.05646,0.05636,0.05637,0.10640,0.29631,0.19432,0.13154,0.04594
0.04958,0.02546,0.08561,0.09142,0.08837,0.03342,0.38312,0.11248,0.10261,0.02793
0.02903,0.01095,0.03800,0.03820,0.06657,0.02259,0.19581,0.28357,0.28558,0.02970
0.01597,0.01362,0.12492,0.12579,0.02096,0.04271,0.28615,0.17278,0.15999,0.03711
0.02010,0.01468,0.13610,0.13367,0.03375,0.03936,0.36882,0.13423,0.10402,0.01527
0.01343,0.00831,0.05384,0.05300,0.02368,0.03305,0.21055,0.30636,0.28320,0.01459
0.02087,0.01764,0.08400,0.08804,0.02762,0.07626,0.18172,0.21609,0.20809,0.07968
0.02119,0.01490,0.13958,0.13886,0.03859,0.07225,0.29427,0.13901,0.10151,0.03984
0.01157,0.01020,0.07100,0.07191,0.02021,0.03758,0.54031,0.13116,0.09781,0.00826
0.01313,0.00964,0.17730,0.17511,0.02200,0.02120,0.27516,0.14068,0.14011,0.02566
0.02492,0.02013,0.12375,0.12285,0.03660,0.05364,0.28263,0.18283,0.13892,0.01372
0.04515,0.02066,0.14517,0.14368,0.07831,0.03011,0.28943,0.12768,0.10691,0.01291
0.01767,0.01329,0.05900,0.05968,0.03467,0.07678,0.34428,0.20910,0.15425,0.03129
0.01887,0.01753,0.07057,0.06840,0.02430,0.04544,0.33422,0.20080,0.18337,0.03651
0.01978,0.01485,0.04509,0.04297,0.03104,0.12375,0.25456,0.28408,0.16845,0.01544
0.01682,0.02196,0.04288,0.04217,0.01441,0.09253,0.23344,0.17677,0.21712,0.14190
0.01325,0.00990,0.04853,0.05118,0.01759,0.06140,0.21696,0.30502,0.25487,0.02130
0.01581,0.01243,0.06590,0.06393,0.02357,0.01882,0.17519,0.31298,0.30065,0.01072
0.01899,0.01610,0.15419,0.15100,0.01892,0.04465,0.33529,0.11987,0.10662,0.03438
0.01253,0.01126,0.08604,0.08476,0.01726,0.03036,0.32875,0.21391,0.19717,0.01796
0.05295,0.02253,0.05584,0.05573,0.10875,0.03653,0.24755,0.21424,0.18836,0.01752
0.03258,0.01251,0.08911,0.08760,0.06536,0.02696,0.27849,0.20475,0.18868,0.01395
0.02267,0.01515,0.13654,0.13290,0.03537,0.03283,0.23769,0.18377,0.17470,0.02838
0.03611,0.02868,0.07196,0.06694,0.05753,0.05433,0.29001,0.16435,0.16565,0.06446
0.04498,0.04236,0.10224,0.10153,0.05648,0.03893,0.36069,0.12045,0.10475,0.02758
0.03844,0.02385,0.10351,0.10316,0.06667,0.03088,0.34543,0.13412,0.12811,0.02583
0.01972,0.01103,0.07026,0.07146,0.03617,0.01754,0.36870,0.20092,0.19162,0.01257
0.01603,0.01193,0.10739,0.10632,0.02315,0.05873,0.38319,0.15128,0.11631,0.02566
0.01865,0.01704,0.04379,0.04138,0.02663,0.04536,0.53257,0.14238,0.11161,0.02059
0.01237,0.01123,0.06722,0.06817,0.01436,0.02619,0.28937,0.21568,0.24036,0.05505
0.04249,0.02503,0.07371,0.07203,0.08758,0.13671,0.20807,0.17264,0.10364,0.07810
0.03688,0.02856,0.11367,0.11577,0.06350,0.03569,0.41669,0.07449,0.07251,0.04223
0.01476,0.01222,0.06140,0.06162,0.02410,0.03716,0.22680,0.25156,0.25954,0.05083
0.03242,0.02598,0.10416,0.10127,0.04295,0.04988,0.18384,0.21798,0.20445,0.03707
0.02363,0.01902,0.05606,0.05084,0.04172,0.03936,0.20017,0.26516,0.25973,0.04429
0.04221,0.03993,0.14157,0.13502,0.05932,0.03513,0.24927,0.14896,0.13038,0.01821
0.02277,0.01505,0.08922,0.08300,0.04201,0.03285,0.21332,0.20953,0.22839,0.06385
0.03928,0.02814,0.05234,0.05091,0.05284,0.06238,0.17750,0.24984,0.23516,0.05160
0.02001,0.01141,0.06142,0.05871,0.03424,0.03181,0.35940,0.21967,0.19243,0.01091
0.03159,0.02384,0.10117,0.09926,0.04893,0.07801,0.16663,0.23513,0.18448,0.03097
0.01662,0.01269,0.06017,0.05921,0.02465,0.05647,0.36301,0.20652,0.17375,0.02691
0.02608,0.02185,0.11840,0.11578,0.03829,0.05997,0.17380,0.23599,0.18899,0.02085
0.01314,0.00985,0.05269,0.05297,0.02048,0.01777,0.48327,0.15019,0.16307,0.03657
0.06298,0.03080,0.05226,0.05017,0.10803,0.13936,0.19779,0.22959,0.10585,0.02317
0.01350,0.01114,0.12656,0.12477,0.02162,0.03952,0.30337,0.17653,0.15789,0.02511
0.02243,0.02079,0.07941,0.07554,0.02734,0.03092,0.25260,0.24169,0.22736,0.02191
0.02055,0.01346,0.10873,0.10805,0.03360,0.03254,0.26674,0.20042,0.18874,0.02717
0.03311,0.02326,0.21285,0.20606,0.05846,0.02527,0.23891,0.09447,0.08835,0.01928
0.02261,0.01646,0.08914,0.08556,0.02994,0.03814,0.36409,0.15196,0.15537,0.04674
0.01622,0.01606,0.12063,0.11807,0.01944,0.06222,0.30493,0.16722,0.13632,0.03889
0.02940,0.02232,0.14133,0.13465,0.03809,0.03129,0.20477,0.19623,0.18157,0.02036
0.02585,0.01942,0.04237,0.03782,0.02897,0.06392,0.12750,0.34542,0.29337,0.01536
0.02240,0.01739,0.15301,0.14884,0.03415,0.02484,0.39600,0.08397,0.08903,0.03036
0.02128,0.01268,0.06982,0.07101,0.03618,0.05000,0.21844,0.26212,0.23065,0.02783
0.02515,0.01433,0.07339,0.06883,0.05621,0.05688,0.33463,0.16307,0.15237,0.05515
0.02792,0.01771,0.12244,0.12468,0.03353,0.06521,0.28265,0.16078,0.12591,0.03917
0.03088,0.03529,0.08444,0.08288,0.02975,0.03854,0.29188,0.17608,0.18005,0.05021
0.01466,0.01023,0.17845,0.17527,0.02255,0.05745,0.12452,0.21448,0.17783,0.02456
0.01848,0.02167,0.11503,0.11023,0.01789,0.08285,0.20831,0.23575,0.16894,0.02084
0.00984,0.00834,0.03313,0.03254,0.01255,0.04696,0.36700,0.23594,0.21833,0.03536
0.01078,0.00954,0.15846,0.15679,0.01791,0.08038,0.18828,0.21708,0.14755,0.01325
0.02309,0.01531,0.07862,0.07988,0.03677,0.05082,0.22854,0.24800,0.21498,0.02399
0.02407,0.01437,0.02975,0.03016,0.04129,0.03993,0.30416,0.24930,0.23414,0.03283
0.02584,0.02062,0.05774,0.05791,0.02687,0.05150,0.37611,0.18595,0.16130,0.03615
0.02756,0.02301,0.10400,0.10305,0.03342,0.01485,0.24805,0.20426,0.21298,0.02882
0.01043,0.00578,0.03500,0.03381,0.01737,0.02582,0.64599,0.11724,0.09913,0.00943
0.01396,0.01198,0.07373,0.07351,0.02218,0.03167,0.36209,0.20659,0.18671,0.01759
0.02551,0.01887,0.09642,0.09407,0.03113,0.09555,0.19678,0.25515,0.16820,0.01831
0.01067,0.00868,0.09278,0.09097,0.01938,0.02938,0.55348,0.09939,0.08225,0.01304
0.02378,0.02015,0.04601,0.04556,0.04153,0.04138,0.35427,0.21912,0.19104,0.01716
0.01359,0.01290,0.05468,0.05502,0.01458,0.02613,0.29069,0.19815,0.24799,0.08629
0.01725,0.01215,0.09706,0.09470,0.02698,0.02656,0.49224,0.10885,0.10341,0.02079
0.04276,0.02497,0.10765,0.10773,0.07167,0.08886,0.11093,0.19395,0.17519,0.07630
0.01935,0.01443,0.09726,0.09736,0.03013,0.05187,0.29197,0.20508,0.16904,0.02350
0.02152,0.01479,0.10306,0.10078,0.03530,0.10604,0.28619,0.20500,0.10916,0.01815
0.07225,0.02837,0.07508,0.07304,0.14856,0.03806,0.15036,0.21292,0.18407,0.01729
0.01307,0.00947,0.03788,0.03867,0.01797,0.02491,0.50706,0.16264,0.16036,0.02797
0.01525,0.01219,0.09301,0.09192,0.01901,0.01926,0.27328,0.22223,0.22791,0.02596
0.01729,0.01054,0.14260,0.14178,0.02620,0.04866,0.15100,0.23439,0.20143,0.02612
0.03866,0.01755,0.09604,0.08779,0.07635,0.07015,0.11304,0.26305,0.21378,0.02358
0.03095,0.02278,0.13223,0.13249,0.04602,0.05620,0.31765,0.13012,0.09855,0.03301
0.03412,0.02586,0.09056,0.08545,0.06313,0.04747,0.31931,0.14536,0.13809,0.05064
0.01677,0.01302,0.13445,0.13443,0.03070,0.05073,0.27847,0.17787,0.14524,0.01831
0.01524,0.01451,0.08971,0.08839,0.02059,0.05523,0.32058,0.19202,0.16759,0.03615
0.01101,0.00981,0.12537,0.12379,0.01219,0.02497,0.37278,0.12652,0.14489,0.04866
0.00853,0.00797,0.04559,0.04534,0.01114,0.04209,0.48724,0.17306,0.15288,0.02616
0.01851,0.01502,0.09656,0.09797,0.03063,0.03055,0.19926,0.23105,0.23489,0.04557
0.01428,0.01018,0.05326,0.05112,0.02309,0.05914,0.21603,0.30706,0.25333,0.01253
0.01334,0.01066,0.04504,0.04376,0.01898,0.06468,0.42051,0.21144,0.15706,0.01453
0.02777,0.02597,0.08062,0.07789,0.03710,0.02924,0.19016,0.24840,0.24996,0.03289
0.02315,0.02129,0.07081,0.06813,0.02861,0.13330,0.28170,0.19219,0.11436,0.06647
0.01577,0.00933,0.06253,0.06124,0.02457,0.11418,0.32879,0.23735,0.13143,0.01481
0.01093,0.00828,0.04171,0.04237,0.01462,0.02887,0.47570,0.18798,0.17301,0.01653
0.01251,0.01055,0.07483,0.07314,0.01556,0.02477,0.68177,0.04810,0.03975,0.01902
0.01548,0.01488,0.07725,0.07802,0.01855,0.06095,0.35353,0.19259,0.15759,0.03116
0.02994,0.02086,0.07785,0.07647,0.04413,0.07537,0.30679,0.20390,0.14299,0.02170
0.02719,0.01922,0.04821,0.04729,0.05248,0.05840,0.32714,0.18510,0.17381,0.06116
0.02085,0.01079,0.12000,0.12011,0.04637,0.03433,0.17011,0.23899,0.21837,0.02007
0.02571,0.01645,0.04286,0.04340,0.04391,0.05966,0.47615,0.14417,0.11189,0.03581
0.03185,0.01466,0.16570,0.16185,0.06519,0.05347,0.17610,0.14239,0.13754,0.05126
0.03380,0.02189,0.14926,0.14565,0.04705,0.06143,0.20296,0.17944,0.13565,0.02288
0.04073,0.03312,0.14208,0.13691,0.06110,0.04074,0.15831,0.19247,0.17019,0.02433
0.02440,0.02943,0.07562,0.07395,0.01925,0.04006,0.45951,0.13341,0.11806,0.02632
0.03688,0.01983,0.09354,0.08949,0.06528,0.05535,0.35498,0.13255,0.11324,0.03886
0.02529,0.01460,0.08685,0.08836,0.04910,0.14182,0.18712,0.25557,0.12934,0.02196
0.01154,0.00680,0.09615,0.09615,0.01988,0.03768,0.47810,0.13470,0.10570,0.01328
0.03236,0.01920,0.07075,0.06949,0.06066,0.04410,0.33293,0.13023,0.15900,0.08126
0.01039,0.00883,0.06661,0.06583,0.01144,0.05211,0.39737,0.20102,0.16523,0.02117
0.02179,0.01643,0.08583,0.08290,0.02680,0.03563,0.30085,0.19643,0.19334,0.03998
0.02963,0.02419,0.05240,0.04929,0.04025,0.03611,0.50125,0.12778,0.11369,0.02540
0.05488,0.05849,0.10299,0.09366,0.04871,0.03043,0.26896,0.11976,0.15192,0.07020
0.02512,0.01133,0.06281,0.06413,0.05121,0.07581,0.23415,0.24332,0.19774,0.03440
0.02300,0.01594,0.06198,0.05907,0.03893,0.05481,0.35981,0.19907,0.16349,0.02391
0.01452,0.00975,0.03220,0.03065,0.02198,0.04964,0.21856,0.31794,0.28160,0.02315
0.02354,0.01421,0.09923,0.09839,0.04415,0.05171,0.21019,0.23731,0.20046,0.02081
0.02707,0.02273,0.06228,0.05897,0.03524,0.03111,0.27504,0.15314,0.22810,0.10631
0.02423,0.01960,0.07134,0.07386,0.02966,0.05064,0.28999,0.20939,0.19020,0.04109
0.01485,0.01214,0.21007,0.21288,0.01802,0.06913,0.14750,0.12597,0.11729,0.07215
0.02548,0.01201,0.07483,0.07163,0.05820,0.03120,0.48895,0.10914,0.10035,0.02821
0.02099,0.01869,0.13200,0.13207,0.02807,0.07132,0.25734,0.16309,0.13033,0.04610
0.01135,0.00790,0.19270,0.18944,0.01951,0.01673,0.18882,0.18336,0.17765,0.01253
0.03906,0.01612,0.14429,0.14923,0.08453,0.03393,0.23304,0.14219,0.13075,0.02686
0.01200,0.00842,0.08053,0.07695,0.01981,0.02940,0.35114,0.20556,0.19504,0.02116
0.03066,0.02996,0.06329,0.06120,0.03722,0.07425,0.30647,0.18389,0.15747,0.05559
0.01345,0.01076,0.23910,0.23680,0.01899,0.01844,0.21968,0.11387,0.11030,0.01860
0.01779,0.02275,0.06098,0.05810,0.01719,0.10170,0.21200,0.15451,0.20043,0.15454
0.01747,0.01566,0.13480,0.13609,0.02428,0.03376,0.30368,0.15097,0.14710,0.03619
0.01535,0.01093,0.03352,0.03100,0.02331,0.05219,0.37258,0.16388,0.19981,0.09743
0.01468,0.01207,0.07726,0.07699,0.02242,0.08375,0.17299,0.28573,0.22467,0.02944
0.01669,0.01380,0.12241,0.12196,0.02708,0.02836,0.19665,0.23241,0.21894,0.02170
0.02217,0.01149,0.09765,0.09704,0.04287,0.02614,0.24163,0.23101,0.21679,0.01322
0.02493,0.01436,0.13279,0.13170,0.04647,0.04547,0.19881,0.15924,0.17845,0.06777
0.02391,0.01686,0.05117,0.05011,0.03629,0.02369,0.26785,0.25911,0.25222,0.01879
0.02084,0.02269,0.11538,0.11354,0.01596,0.03529,0.24973,0.20727,0.19176,0.02754
0.01276,0.01136,0.04391,0.04309,0.01847,0.02374,0.26810,0.28237,0.27663,0.01957
0.01924,0.01796,0.13254,0.13564,0.02383,0.03832,0.35584,0.12528,0.11459,0.03677
0.01086,0.01115,0.04353,0.04226,0.01662,0.02020,0.58012,0.13515,0.12600,0.01411
0.03371,0.02308,0.08513,0.08433,0.04305,0.03670,0.29297,0.19828,0.17780,0.02494
0.02493,0.01324,0.10184,0.10235,0.04692,0.03461,0.27568,0.20452,0.18017,0.01575
0.02703,0.01256,0.11601,0.11458,0.06371,0.05593,0.30041,0.16829,0.12664,0.01484
0.01304,0.01115,0.03540,0.03220,0.01771,0.03616,0.23882,0.30702,0.28769,0.02080
0.04178,0.02003,0.08927,0.08702,0.08019,0.07447,0.30853,0.16909,0.10853,0.02108
0.01082,0.01062,0.06280,0.06115,0.01496,0.02655,0.39151,0.20862,0.19600,0.01698
0.01262,0.01073,0.10664,0.10445,0.01834,0.01256,0.44380,0.13555,0.13703,0.01829
0.01598,0.00930,0.12221,0.12237,0.02397,0.11237,0.24025,0.18986,0.11821,0.04550
0.01192,0.00912,0.11564,0.11277,0.01997,0.02245,0.30700,0.18351,0.18539,0.03223
0.01398,0.01293,0.07817,0.07557,0.01471,0.04703,0.15620,0.28941,0.27330,0.03871
0.02364,0.01670,0.21776,0.21681,0.03280,0.02928,0.17565,0.13703,0.12563,0.02469
0.01965,0.00951,0.06842,0.07014,0.04452,0.02627,0.29458,0.23387,0.21719,0.01584
0.01778,0.01472,0.06862,0.06974,0.02315,0.06926,0.19306,0.25130,0.23530,0.05706
0.01253,0.01261,0.08566,0.08343,0.01200,0.02345,0.38004,0.18857,0.18202,0.01969
0.04080,0.02911,0.09566,0.09888,0.05364,0.06342,0.15532,0.19632,0.19608,0.07078
0.01796,0.01471,0.11567,0.11367,0.02192,0.05215,0.25381,0.21073,0.17531,0.02406
0.02807,0.02013,0.10148,0.09655,0.04711,0.06824,0.18026,0.21463,0.19052,0.05301
0.01457,0.01158,0.09952,0.09925,0.02563,0.11397,0.22617,0.24495,0.14610,0.01824
0.01392,0.01004,0.15378,0.15908,0.02038,0.06578,0.21770,0.14894,0.14239,0.06800
0.03087,0.03212,0.06515,0.06294,0.02584,0.07807,0.34455,0.19514,0.13799,0.02734
0.01610,0.01098,0.10214,0.10126,0.02082,0.10850,0.28243,0.22607,0.12018,0.01152
0.02551,0.02143,0.09684,0.09358,0.03148,0.04005,0.27411,0.20753,0.18566,0.02382
0.01594,0.01183,0.11745,0.11446,0.02442,0.03886,0.25407,0.21614,0.18881,0.01801
0.02660,0.02596,0.16976,0.16716,0.03206,0.04481,0.17137,0.19202,0.15488,0.01536
0.02899,0.02345,0.06237,0.06079,0.03814,0.05761,0.22641,0.25915,0.21924,0.02386
0.01181,0.00972,0.03109,0.03016,0.02205,0.02586,0.38490,0.24441,0.22611,0.01389
0.01026,0.00975,0.05750,0.05780,0.01427,0.02719,0.26067,0.28256,0.26664,0.01336
0.03326,0.01745,0.13642,0.13267,0.05409,0.03817,0.30828,0.13184,0.11903,0.02878
0.01814,0.00941,0.04948,0.04978,0.04020,0.01891,0.38210,0.21804,0.20324,0.01069
0.01932,0.01458,0.13977,0.13761,0.03041,0.06552,0.20519,0.20590,0.15931,0.02238
0.01603,0.01544,0.14739,0.14681,0.01798,0.04192,0.22724,0.18809,0.16989,0.02922
0.01451,0.01456,0.18489,0.17997,0.01718,0.02593,0.18647,0.10933,0.17452,0.09264
0.02285,0.01771,0.12883,0.12596,0.02906,0.05423,0.23173,0.19354,0.16458,0.03152
0.01373,0.00998,0.27722,0.27470,0.02206,0.02546,0.13039,0.09458,0.11051,0.04138
0.01517,0.01029,0.06008,0.06328,0.02777,0.02135,0.20755,0.26714,0.28037,0.04699
0.02149,0.01611,0.12721,0.12698,0.02746,0.11868,0.21471,0.20332,0.11190,0.03215
0.02713,0.01890,0.04936,0.04749,0.05347,0.06795,0.28340,0.20573,0.18504,0.06154
0.03663,0.02082,0.16520,0.16324,0.06073,0.05181,0.29556,0.11399,0.07667,0.01535
0.02933,0.02162,0.07875,0.07710,0.03059,0.07410,0.31238,0.21012,0.14578,0.02023
0.01215,0.00957,0.05044,0.05127,0.01725,0.05238,0.40295,0.18338,0.17079,0.04982
0.02863,0.01947,0.09063,0.08846,0.05323,0.05464,0.29472,0.17412,0.15507,0.04102
0.01726,0.01290,0.12665,0.12409,0.02519,0.01676,0.32252,0.17424,0.16682,0.01357
0.01942,0.01926,0.13801,0.13802,0.01790,0.03522,0.28993,0.16898,0.15106,0.02220
0.03418,0.02076,0.10332,0.10307,0.05370,0.08960,0.24720,0.13155,0.12569,0.09094
0.01770,0.01674,0.10948,0.10853,0.02156,0.03754,0.35479,0.15475,0.14438,0.03452
0.01292,0.01086,0.04473,0.04406,0.01792,0.08975,0.27368,0.28921,0.20486,0.01199
0.01639,0.01102,0.05594,0.05612,0.02923,0.09769,0.22424,0.28943,0.20378,0.01615
0.02928,0.02694,0.06251,0.06270,0.03878,0.07218,0.39444,0.15724,0.11638,0.03955
0.02139,0.02064,0.09882,0.09401,0.01919,0.03203,0.14711,0.27371,0.26619,0.02691
0.02032,0.01493,0.13778,0.13657,0.02754,0.04646,0.30794,0.15324,0.12845,0.02678
0.02065,0.01294,0.11187,0.10917,0.03373,0.05328,0.41978,0.13090,0.09027,0.01741
0.01030,0.00922,0.03540,0.03597,0.01274,0.03503,0.29888,0.27230,0.25942,0.03075
0.02950,0.02385,0.05046,0.04912,0.04991,0.05929,0.49105,0.13234,0.09034,0.02415
0.01510,0.01285,0.07528,0.07332,0.02054,0.03527,0.23608,0.25900,0.24536,0.02720
0.02748,0.02404,0.09718,0.09534,0.03946,0.06534,0.25983,0.21480,0.16011,0.01643
0.01506,0.01144,0.05941,0.05742,0.02113,0.02741,0.31630,0.22437,0.22878,0.03869
0.03115,0.01726,0.05089,0.05204,0.05559,0.10211,0.37487,0.16620,0.10323,0.04665
0.02216,0.01386,0.09611,0.09550,0.02729,0.04435,0.18912,0.22295,0.23149,0.05716
0.01009,0.01077,0.03789,0.03534,0.01243,0.04198,0.35960,0.24426,0.22107,0.02657
0.01194,0.01133,0.07238,0.07650,0.01562,0.03647,0.20819,0.26414,0.26229,0.04113
0.01174,0.01142,0.06185,0.06332,0.01739,0.03274,0.35137,0.22063,0.20536,0.02418
0.02584,0.02716,0.19319,0.18858,0.01823,0.02705,0.18095,0.13429,0.15470,0.05000
0.02449,0.02159,0.13817,0.13536,0.03738,0.06400,0.22127,0.13376,0.14619,0.07780
0.02152,0.01460,0.11568,0.11795,0.02662,0.02779,0.25711,0.19025,0.19386,0.03462
0.02702,0.01876,0.05226,0.04930,0.03667,0.04336,0.42252,0.15099,0.14917,0.04995
0.01849,0.01194,0.13793,0.13608,0.03403,0.02420,0.13510,0.25668,0.23752,0.00804
0.03069,0.02295,0.12385,0.12280,0.04529,0.08473,0.19643,0.18860,0.14282,0.04184
0.01392,0.01186,0.11364,0.11335,0.02392,0.06148,0.21418,0.21945,0.19020,0.03801
0.02501,0.01439,0.12014,0.12092,0.05096,0.04175,0.30120,0.14075,0.14029,0.04459
0.00913,0.00753,0.17970,0.17816,0.01352,0.01660,0.24918,0.16672,0.16368,0.01580
0.03144,0.01055,0.03686,0.03815,0.06899,0.02369,0.51278,0.13884,0.12485,0.01384
0.03211,0.03628,0.11034,0.10452,0.02346,0.03325,0.20784,0.21520,0.20650,0.03052
0.02017,0.01451,0.05754,0.05718,0.02810,0.02981,0.34865,0.22573,0.20499,0.01330
0.01550,0.01316,0.10427,0.10259,0.02125,0.02011,0.38502,0.16392,0.15633,0.01783
