0.04493,0.04651,0.04369,0.04330,0.04450,0.04897,0.04805,0.05034,0.04943,0.04711,0.04635,0.04866,0.05926,0.06018,0.04436,0.04402,0.06534,0.05497,0.06192,0.04811
0.04501,0.04568,0.04179,0.04113,0.04372,0.04945,0.04968,0.04948,0.04948,0.05012,0.04622,0.04665,0.04800,0.04812,0.04614,0.04333,0.08385,0.06628,0.06416,0.04171
0.04828,0.04792,0.05221,0.05117,0.04792,0.04747,0.04888,0.04597,0.04636,0.04678,0.04650,0.04743,0.04723,0.04782,0.04416,0.04598,0.07525,0.05773,0.05742,0.04751
0.04385,0.04455,0.04127,0.04004,0.04286,0.04947,0.04938,0.05370,0.05317,0.04976,0.04479,0.04599,0.04655,0.04606,0.04360,0.04507,0.09110,0.06257,0.06134,0.04489
0.04755,0.04821,0.04674,0.04628,0.04670,0.04634,0.04751,0.04542,0.04588,0.04476,0.05025,0.04959,0.05436,0.05395,0.04807,0.05155,0.06186,0.06370,0.05729,0.04401
0.04633,0.04617,0.05015,0.05047,0.04633,0.04568,0.04763,0.04417,0.04450,0.04332,0.04853,0.04768,0.05363,0.05268,0.04705,0.04840,0.07419,0.06464,0.05676,0.04171
0.05111,0.05063,0.05107,0.05087,0.05251,0.04584,0.04752,0.04356,0.04505,0.04378,0.04640,0.04835,0.04452,0.04390,0.04475,0.04987,0.08372,0.06026,0.05151,0.04478
0.04632,0.04680,0.04113,0.04196,0.04593,0.04970,0.04907,0.05304,0.05305,0.05183,0.04530,0.04520,0.04482,0.04530,0.04412,0.04742,0.07930,0.06346,0.06119,0.04506
0.04576,0.04754,0.04527,0.04449,0.04658,0.04971,0.04810,0.05516,0.05434,0.04908,0.04484,0.04577,0.04632,0.04555,0.04358,0.04695,0.08853,0.05610,0.05298,0.04334
0.04835,0.04778,0.05372,0.05396,0.04752,0.04645,0.04797,0.04215,0.04249,0.04447,0.04700,0.04672,0.04720,0.04696,0.04886,0.04664,0.08388,0.05880,0.05477,0.04431
0.04320,0.04412,0.04180,0.04156,0.04251,0.04509,0.04480,0.04264,0.04354,0.04360,0.04436,0.04468,0.04502,0.04496,0.04277,0.04209,0.15723,0.05225,0.05211,0.04167
0.04743,0.04720,0.04485,0.04454,0.04604,0.04891,0.04937,0.05616,0.05668,0.04740,0.04750,0.04814,0.04373,0.04380,0.04802,0.04846,0.06005,0.05816,0.06070,0.05285
0.04878,0.04820,0.04672,0.04577,0.04992,0.04743,0.04827,0.04356,0.04377,0.04664,0.05110,0.05010,0.05432,0.05458,0.05477,0.05145,0.05357,0.06041,0.05365,0.04699
0.04783,0.04707,0.05310,0.05361,0.04856,0.04939,0.04881,0.04760,0.04684,0.04579,0.04625,0.04727,0.04364,0.04329,0.04314,0.04984,0.08854,0.04907,0.04918,0.05117
0.04466,0.04528,0.04143,0.04048,0.04523,0.04873,0.04741,0.05376,0.05466,0.04954,0.04320,0.04373,0.04249,0.04335,0.04372,0.04468,0.10621,0.06005,0.05726,0.04414
0.04768,0.04775,0.05126,0.04981,0.04751,0.04755,0.04833,0.04463,0.04435,0.04782,0.04714,0.04673,0.05170,0.05115,0.04584,0.04686,0.06566,0.06130,0.06124,0.04567
0.04428,0.04579,0.04261,0.04192,0.04306,0.04924,0.04863,0.05465,0.05435,0.04680,0.04498,0.04655,0.04515,0.04592,0.04502,0.04306,0.10694,0.04986,0.05372,0.04747
0.04630,0.04638,0.04329,0.04272,0.04456,0.04634,0.04860,0.04728,0.04745,0.04366,0.04836,0.04816,0.05251,0.05259,0.05014,0.04610,0.06567,0.06028,0.06758,0.05203
0.04523,0.04521,0.04327,0.04186,0.04408,0.04637,0.04818,0.04527,0.04518,0.04450,0.04906,0.04849,0.05264,0.05270,0.04849,0.04776,0.06288,0.07636,0.06932,0.04316
0.04774,0.04756,0.04432,0.04311,0.04608,0.04616,0.04671,0.04525,0.04586,0.04461,0.04705,0.04856,0.05820,0.05819,0.04727,0.04778,0.06498,0.06446,0.06161,0.04450
0.04794,0.04720,0.04579,0.04532,0.04763,0.04723,0.04782,0.04156,0.04203,0.04627,0.04825,0.04749,0.05354,0.05390,0.04805,0.04717,0.08269,0.05912,0.05644,0.04458
0.04383,0.04515,0.04177,0.04101,0.04446,0.04629,0.04682,0.04097,0.04093,0.04580,0.04745,0.04778,0.05284,0.05165,0.04713,0.05128,0.07315,0.08911,0.06398,0.03861
0.05030,0.04911,0.05361,0.05444,0.04919,0.04871,0.04912,0.04405,0.04336,0.04631,0.04960,0.04966,0.04695,0.04605,0.04926,0.04892,0.06494,0.05978,0.05314,0.04353
0.04778,0.04790,0.04536,0.04646,0.04642,0.04697,0.04856,0.04285,0.04364,0.04700,0.04996,0.04921,0.05394,0.05348,0.05005,0.04737,0.07368,0.05351,0.05603,0.04984
0.04700,0.04771,0.05230,0.05249,0.04794,0.04665,0.04743,0.04375,0.04297,0.04403,0.04790,0.04789,0.04740,0.04801,0.04867,0.04698,0.07654,0.06222,0.05800,0.04411
0.04678,0.04729,0.04115,0.04174,0.04502,0.04815,0.05007,0.05788,0.05842,0.04897,0.04786,0.04706,0.04406,0.04479,0.04695,0.04719,0.06029,0.06440,0.06316,0.04876
0.04739,0.04703,0.04306,0.04208,0.04629,0.04648,0.04836,0.04492,0.04521,0.04536,0.04615,0.04756,0.05060,0.04993,0.04458,0.04816,0.07491,0.06633,0.06901,0.04657
0.04837,0.04865,0.06151,0.06152,0.05076,0.04647,0.04789,0.04550,0.04491,0.04511,0.04678,0.04822,0.04677,0.04664,0.04557,0.04682,0.06593,0.05546,0.05325,0.04387
0.04555,0.04529,0.04301,0.04213,0.04434,0.05112,0.04930,0.05707,0.05770,0.05393,0.04349,0.04551,0.04378,0.04423,0.04018,0.04475,0.08194,0.05980,0.06186,0.04505
0.05064,0.05026,0.05844,0.05807,0.05200,0.04628,0.04710,0.04464,0.04449,0.04518,0.04607,0.04832,0.04611,0.04654,0.04476,0.05039,0.06208,0.05799,0.05536,0.04527
0.04900,0.04905,0.05598,0.05410,0.04928,0.04664,0.04755,0.04313,0.04278,0.04445,0.04556,0.04721,0.04620,0.04529,0.04234,0.05103,0.06033,0.07213,0.06309,0.04486
0.04589,0.04592,0.04763,0.04691,0.04632,0.04989,0.04969,0.06261,0.06238,0.04875,0.04611,0.04584,0.04153,0.04242,0.04635,0.04511,0.07115,0.05842,0.05461,0.04245
0.04790,0.04869,0.04957,0.05010,0.04745,0.04676,0.04788,0.04546,0.04539,0.04465,0.04751,0.04752,0.04791,0.04871,0.04679,0.04570,0.09265,0.05582,0.05097,0.04255
0.04642,0.04683,0.04511,0.04458,0.04529,0.04840,0.04787,0.05116,0.05182,0.04779,0.04750,0.04786,0.04479,0.04535,0.04881,0.04720,0.07376,0.06679,0.05932,0.04337
0.04639,0.04626,0.04141,0.04165,0.04417,0.04527,0.04702,0.04194,0.04129,0.04319,0.04617,0.04756,0.05108,0.05117,0.04562,0.04562,0.08053,0.08131,0.07068,0.04167
0.04424,0.04471,0.04320,0.04294,0.04408,0.04857,0.04717,0.05644,0.05536,0.04844,0.04560,0.04553,0.04142,0.04222,0.04539,0.04727,0.10774,0.05437,0.05012,0.04520
0.04711,0.04775,0.04703,0.04542,0.04823,0.04773,0.04797,0.04779,0.04725,0.04699,0.04869,0.04788,0.04382,0.04343,0.04827,0.04769,0.09173,0.05890,0.05253,0.04380
0.04593,0.04657,0.04281,0.04186,0.04441,0.04820,0.04828,0.06212,0.06131,0.05091,0.04374,0.04340,0.04178,0.04249,0.04436,0.04425,0.09771,0.05460,0.05226,0.04300
0.04720,0.04761,0.04521,0.04399,0.04525,0.04722,0.04887,0.04605,0.04651,0.04615,0.04717,0.04815,0.05396,0.05310,0.04578,0.04722,0.06135,0.07076,0.06585,0.04261
0.04838,0.04737,0.05064,0.04885,0.04824,0.04723,0.04748,0.04302,0.04278,0.04612,0.04662,0.04814,0.04690,0.04604,0.04499,0.04855,0.07570,0.07393,0.05951,0.03950
0.04589,0.04659,0.04188,0.04171,0.04522,0.05162,0.04946,0.06423,0.06488,0.05409,0.04564,0.04598,0.04423,0.04444,0.04571,0.04867,0.05821,0.05605,0.05578,0.04972
0.04697,0.04624,0.04827,0.04746,0.04519,0.04628,0.04666,0.04154,0.04116,0.04593,0.04608,0.04663,0.04727,0.04762,0.04713,0.04749,0.09000,0.06145,0.06303,0.04759
0.04847,0.04897,0.04546,0.04591,0.04661,0.04928,0.04886,0.05101,0.05115,0.04877,0.04875,0.04886,0.04777,0.04749,0.04735,0.05259,0.06252,0.05776,0.05259,0.04982
0.04799,0.04734,0.04377,0.04321,0.04675,0.04750,0.04782,0.04246,0.04277,0.04762,0.04954,0.04932,0.05177,0.05191,0.04956,0.04976,0.06890,0.06983,0.05960,0.04259
0.04561,0.04684,0.03929,0.03749,0.04443,0.04710,0.04741,0.04726,0.04911,0.04484,0.04785,0.04770,0.05396,0.05554,0.05066,0.04553,0.07480,0.06889,0.06351,0.04220
0.04700,0.04701,0.04668,0.04541,0.04699,0.04698,0.04763,0.04528,0.04608,0.04558,0.05012,0.04983,0.05630,0.05526,0.05372,0.04754,0.06269,0.05673,0.05576,0.04741
0.04532,0.04515,0.04129,0.04130,0.04504,0.04618,0.04658,0.04405,0.04475,0.04538,0.04409,0.04519,0.04988,0.05023,0.04506,0.04469,0.10057,0.06695,0.06431,0.04400
0.04359,0.04458,0.04342,0.04307,0.04280,0.05266,0.04931,0.05471,0.05429,0.05788,0.04442,0.04553,0.04487,0.04494,0.04426,0.04377,0.09211,0.05668,0.05443,0.04268
0.04751,0.04707,0.04237,0.04201,0.04649,0.04882,0.04993,0.05161,0.05125,0.04794,0.04576,0.04707,0.04500,0.04586,0.04477,0.04815,0.06913,0.07213,0.06321,0.04392
0.04920,0.04935,0.06097,0.06016,0.05056,0.04768,0.04806,0.04479,0.04469,0.04604,0.04580,0.04709,0.04484,0.04596,0.04446,0.04929,0.06630,0.05618,0.05233,0.04626
0.04723,0.04733,0.04080,0.03900,0.04665,0.04437,0.04601,0.04689,0.04620,0.04202,0.04669,0.04757,0.04840,0.04791,0.04532,0.04769,0.08970,0.06934,0.06526,0.04562
0.04831,0.04841,0.04321,0.04281,0.04714,0.04873,0.04963,0.05669,0.05674,0.04747,0.04569,0.04631,0.04633,0.04815,0.04286,0.04678,0.07444,0.05499,0.05720,0.04811
0.04701,0.04753,0.04258,0.04211,0.04669,0.04720,0.04707,0.04100,0.04192,0.04733,0.04949,0.04779,0.05460,0.05355,0.05002,0.04674,0.08772,0.05738,0.05748,0.04478
0.04750,0.04731,0.04306,0.04319,0.04612,0.04753,0.04791,0.04439,0.04459,0.04638,0.04719,0.04702,0.05289,0.05275,0.04727,0.04596,0.09562,0.05700,0.05290,0.04343
0.04723,0.04700,0.04596,0.04613,0.04729,0.05002,0.04877,0.04965,0.04920,0.05040,0.04503,0.04644,0.04510,0.04434,0.04178,0.04722,0.09162,0.05162,0.05564,0.04955
0.04902,0.04890,0.05787,0.05694,0.05065,0.04807,0.04906,0.04506,0.04433,0.04743,0.04714,0.04870,0.04777,0.04727,0.04604,0.04713,0.06391,0.05918,0.05346,0.04208
0.04853,0.04875,0.04777,0.04726,0.04739,0.04685,0.04732,0.04245,0.04246,0.04524,0.04568,0.04747,0.04596,0.04661,0.04409,0.04765,0.07837,0.07062,0.06371,0.04582
0.04582,0.04563,0.04260,0.04261,0.04471,0.05107,0.05044,0.05767,0.05762,0.05216,0.04668,0.04705,0.04631,0.04696,0.04624,0.04471,0.07445,0.05959,0.05537,0.04230
0.04783,0.04816,0.05169,0.05306,0.04814,0.04680,0.04712,0.04151,0.04181,0.04406,0.04980,0.05082,0.05016,0.05075,0.05119,0.04686,0.06182,0.05901,0.06212,0.04727
0.04570,0.04663,0.04305,0.04341,0.04392,0.04868,0.04863,0.04786,0.04731,0.04776,0.04769,0.04872,0.05631,0.05760,0.04739,0.04616,0.07607,0.05715,0.05628,0.04368
0.04902,0.04691,0.05569,0.05588,0.04842,0.04820,0.04687,0.04702,0.04583,0.04695,0.04681,0.04768,0.04801,0.04810,0.04525,0.04822,0.06881,0.05766,0.05387,0.04479
0.04644,0.04697,0.04364,0.04287,0.04679,0.04709,0.04690,0.04532,0.04473,0.04697,0.04816,0.04803,0.05817,0.05772,0.04814,0.04809,0.07312,0.06331,0.05622,0.04132
0.04559,0.04615,0.04293,0.04236,0.04518,0.04828,0.04884,0.04195,0.04267,0.04603,0.05095,0.05050,0.05234,0.05134,0.05312,0.04924,0.07998,0.05812,0.05733,0.04709
0.04945,0.04855,0.05706,0.05646,0.04953,0.04757,0.04904,0.04546,0.04588,0.04659,0.04802,0.04836,0.04666,0.04785,0.04532,0.04741,0.07001,0.05586,0.05114,0.04377
0.04920,0.04827,0.05396,0.05385,0.04921,0.04667,0.04737,0.04498,0.04522,0.04512,0.04760,0.04740,0.04724,0.04731,0.04913,0.04855,0.07749,0.05354,0.05117,0.04672
0.04561,0.04561,0.04080,0.04050,0.04469,0.04511,0.04573,0.04650,0.04636,0.04138,0.04631,0.04722,0.05633,0.05693,0.04551,0.04410,0.10224,0.05660,0.05848,0.04398
0.04546,0.04477,0.04481,0.04272,0.04626,0.04856,0.04743,0.07591,0.07550,0.04877,0.04235,0.04392,0.04168,0.04218,0.04340,0.04373,0.06151,0.06181,0.05776,0.04148
0.04536,0.04606,0.04134,0.04090,0.04410,0.04697,0.04654,0.04469,0.04399,0.04622,0.04463,0.04604,0.05258,0.05247,0.04168,0.04579,0.11163,0.06077,0.05664,0.04161
0.04448,0.04588,0.04400,0.04366,0.04235,0.04582,0.04656,0.04242,0.04236,0.04359,0.04683,0.04651,0.05200,0.05339,0.04804,0.03963,0.12206,0.05267,0.05594,0.04181
0.04586,0.04674,0.04039,0.04015,0.04511,0.04878,0.04827,0.05229,0.05265,0.04809,0.04621,0.04533,0.04435,0.04425,0.04707,0.04361,0.11958,0.05061,0.04877,0.04189
0.04742,0.04816,0.04351,0.04266,0.04718,0.04666,0.04604,0.04486,0.04450,0.04462,0.04574,0.04696,0.05076,0.05118,0.04803,0.04548,0.09853,0.06074,0.05513,0.04186
0.04971,0.04925,0.04782,0.04713,0.05073,0.04670,0.04880,0.04761,0.04729,0.04392,0.04696,0.04713,0.04754,0.04757,0.04698,0.04730,0.08635,0.05273,0.05182,0.04668
0.04661,0.04673,0.04137,0.04019,0.04696,0.04749,0.04793,0.05191,0.05181,0.04690,0.04572,0.04617,0.04606,0.04711,0.04562,0.04481,0.10312,0.06140,0.05279,0.03929
0.05083,0.05123,0.05283,0.05295,0.05112,0.04885,0.04898,0.04420,0.04409,0.04952,0.04835,0.04818,0.04297,0.04344,0.04494,0.05098,0.07681,0.05034,0.04960,0.04978
0.04903,0.04790,0.05078,0.05112,0.04937,0.04819,0.04818,0.04370,0.04334,0.04607,0.04886,0.04775,0.04869,0.04739,0.04881,0.05082,0.06820,0.06057,0.05396,0.04726
0.04924,0.04912,0.07089,0.06916,0.04810,0.04522,0.04706,0.04368,0.04303,0.04343,0.04587,0.04730,0.04891,0.04835,0.04577,0.04577,0.05771,0.05548,0.05329,0.04261
0.04690,0.04764,0.05067,0.04999,0.04564,0.04571,0.04612,0.04277,0.04275,0.04336,0.04709,0.04867,0.04977,0.05033,0.04467,0.04491,0.10332,0.05301,0.05179,0.04489
0.04804,0.04749,0.05429,0.05313,0.04891,0.04561,0.04760,0.04504,0.04388,0.04471,0.04632,0.04608,0.04615,0.04490,0.04737,0.04937,0.07322,0.06836,0.05724,0.04229
0.04672,0.04777,0.04238,0.04126,0.04618,0.05052,0.04990,0.05698,0.05702,0.05258,0.04605,0.04575,0.04548,0.04543,0.04554,0.04542,0.07612,0.05479,0.05714,0.04696
0.04366,0.04389,0.03937,0.03893,0.04281,0.04415,0.04541,0.04346,0.04361,0.04327,0.04490,0.04495,0.04639,0.04688,0.04461,0.04425,0.12137,0.06497,0.06962,0.04350
0.04916,0.04881,0.05288,0.05178,0.04866,0.04710,0.04797,0.04903,0.04907,0.04396,0.04724,0.04820,0.04616,0.04479,0.04493,0.04695,0.07266,0.05995,0.05673,0.04398
0.04719,0.04675,0.04615,0.04542,0.04643,0.04859,0.04764,0.04343,0.04430,0.04657,0.04602,0.04708,0.04602,0.04493,0.04495,0.04775,0.08936,0.06777,0.06083,0.04284
0.04696,0.04737,0.04097,0.04149,0.04524,0.04641,0.04679,0.04715,0.04818,0.04410,0.04728,0.04709,0.04976,0.05046,0.04799,0.04967,0.09149,0.06265,0.05417,0.04476
0.04884,0.04711,0.04579,0.04496,0.04815,0.04715,0.04814,0.04564,0.04486,0.04778,0.04750,0.04794,0.04630,0.04695,0.04755,0.05262,0.05622,0.07848,0.06441,0.04362
0.04607,0.04660,0.04275,0.04353,0.04638,0.04582,0.04664,0.04448,0.04515,0.04195,0.04777,0.04859,0.05307,0.05301,0.04850,0.04675,0.08602,0.05779,0.06093,0.04821
0.04764,0.04705,0.04517,0.04558,0.04808,0.04668,0.04729,0.04829,0.04842,0.04444,0.04668,0.04669,0.04753,0.04873,0.04518,0.04862,0.06283,0.06369,0.06964,0.05176
0.04832,0.04857,0.04494,0.04423,0.04680,0.04669,0.04731,0.04074,0.04078,0.04443,0.04778,0.04875,0.05165,0.05289,0.04670,0.04898,0.08015,0.07305,0.05768,0.03956
0.04719,0.04671,0.04388,0.04379,0.04646,0.04678,0.04720,0.04254,0.04315,0.04541,0.04764,0.04846,0.05253,0.05292,0.04942,0.04567,0.08597,0.06075,0.05962,0.04391
0.04491,0.04565,0.04362,0.04303,0.04484,0.05008,0.04914,0.04573,0.04622,0.05338,0.04534,0.04660,0.04413,0.04514,0.04332,0.04606,0.11443,0.05035,0.05135,0.04668
0.04692,0.04697,0.04036,0.04004,0.04549,0.04869,0.04878,0.04747,0.04633,0.04750,0.04743,0.04776,0.05107,0.05108,0.04728,0.04742,0.06415,0.06206,0.06923,0.05397
0.04482,0.04580,0.04175,0.04000,0.04379,0.04688,0.04706,0.04447,0.04443,0.04439,0.04491,0.04786,0.05611,0.05547,0.04247,0.04480,0.07796,0.06891,0.07287,0.04522
0.04791,0.04776,0.04392,0.04257,0.04594,0.04716,0.04803,0.04850,0.04831,0.04468,0.04715,0.04802,0.04896,0.05004,0.04727,0.04563,0.06752,0.07135,0.06700,0.04229
0.04651,0.04593,0.04357,0.04273,0.04606,0.04978,0.04925,0.05141,0.05135,0.04951,0.04792,0.04693,0.04922,0.04820,0.04768,0.04671,0.07395,0.06359,0.05708,0.04263
0.04469,0.04487,0.04297,0.04238,0.04385,0.04919,0.04873,0.06297,0.06292,0.04907,0.04482,0.04464,0.04146,0.04213,0.04474,0.04240,0.09695,0.05709,0.05368,0.04044
0.04813,0.04913,0.04693,0.04651,0.04898,0.04704,0.04733,0.04479,0.04510,0.04671,0.04707,0.04876,0.04674,0.04635,0.04344,0.05039,0.07150,0.07064,0.06082,0.04364
0.04534,0.04509,0.04092,0.04051,0.04424,0.04918,0.04854,0.05065,0.04958,0.05030,0.04656,0.04655,0.04715,0.04762,0.04709,0.04476,0.08105,0.07349,0.06103,0.04035
0.04802,0.04878,0.04832,0.04872,0.04749,0.04759,0.04831,0.04257,0.04265,0.04619,0.04612,0.04707,0.04505,0.04526,0.04504,0.04617,0.06566,0.07297,0.07194,0.04608
0.04589,0.04725,0.04513,0.04364,0.04559,0.04746,0.04731,0.04793,0.04825,0.04637,0.04697,0.04804,0.05401,0.05490,0.04705,0.04567,0.08051,0.05963,0.05642,0.04199
0.04633,0.04623,0.04292,0.04230,0.04584,0.04872,0.04847,0.05169,0.05206,0.04937,0.04631,0.04709,0.04690,0.04761,0.04593,0.04827,0.08667,0.05450,0.05540,0.04739
0.04571,0.04566,0.03787,0.03755,0.04501,0.04857,0.04797,0.05384,0.05450,0.04829,0.04530,0.04596,0.04658,0.04606,0.04542,0.05104,0.06391,0.06980,0.06989,0.05108
