0.13509,0.19495,0.12021,0.04124,0.15876,0.07635,0.22093,0.05246
0.05139,0.15378,0.16719,0.06504,0.10056,0.19640,0.20747,0.05817
0.04974,0.07971,0.26363,0.14016,0.11935,0.21439,0.09740,0.03562
0.04239,0.26391,0.10298,0.04472,0.10265,0.11377,0.28052,0.04906
0.05923,0.10103,0.12100,0.06713,0.33334,0.14849,0.10990,0.05988
0.07615,0.07484,0.21051,0.03654,0.09627,0.36096,0.09619,0.04854
0.05795,0.12463,0.45168,0.02599,0.06798,0.10514,0.13625,0.03038
0.02549,0.10748,0.22493,0.06181,0.21309,0.20405,0.12938,0.03377
0.02844,0.11597,0.25254,0.03075,0.30708,0.11798,0.12396,0.02328
0.07419,0.23214,0.10657,0.08429,0.09819,0.09228,0.24448,0.06786
0.03483,0.10655,0.27363,0.19797,0.04685,0.16013,0.13197,0.04806
0.06175,0.06099,0.06509,0.02845,0.16383,0.52513,0.06827,0.02649
0.15503,0.04561,0.05704,0.06051,0.05012,0.55848,0.05196,0.02126
0.11350,0.04934,0.10863,0.08408,0.32721,0.14976,0.06104,0.10645
0.05401,0.05174,0.43876,0.04263,0.15452,0.14762,0.06798,0.04275
0.13368,0.04766,0.30234,0.06014,0.14466,0.19358,0.05698,0.06095
0.18400,0.05062,0.13741,0.12217,0.23377,0.16566,0.06136,0.04502
0.04133,0.09648,0.38478,0.03213,0.21158,0.09041,0.10882,0.03446
0.07734,0.10646,0.18440,0.10713,0.13480,0.21744,0.13359,0.03884
0.06435,0.14702,0.12562,0.07072,0.25457,0.13075,0.15608,0.05089
0.03378,0.08114,0.16521,0.24783,0.17272,0.16596,0.09026,0.04311
0.04694,0.05714,0.32961,0.07406,0.26149,0.10333,0.07823,0.04919
0.06052,0.08027,0.28730,0.12218,0.03977,0.15272,0.10904,0.14819
0.12498,0.06150,0.12529,0.12499,0.15897,0.28636,0.07090,0.04701
0.05821,0.14465,0.22496,0.04152,0.09325,0.22939,0.15924,0.04879
0.04225,0.05066,0.56431,0.02456,0.08339,0.10915,0.06766,0.05802
0.14711,0.14444,0.14799,0.06923,0.20261,0.07127,0.16720,0.05015
0.07858,0.14216,0.11996,0.18886,0.06798,0.12287,0.17026,0.10932
0.08348,0.16234,0.08227,0.02974,0.23602,0.11742,0.24699,0.04174
0.11775,0.16726,0.11248,0.04969,0.10584,0.15177,0.24326,0.05196
0.04952,0.17794,0.23444,0.07128,0.11463,0.14132,0.16766,0.04320
0.16316,0.03899,0.14909,0.05214,0.29723,0.18763,0.04938,0.06237
0.10606,0.08268,0.15348,0.13052,0.10457,0.25291,0.09087,0.07891
0.04304,0.06391,0.33340,0.02423,0.16561,0.27054,0.07438,0.02490
0.08652,0.19807,0.06681,0.13222,0.14406,0.12016,0.20122,0.05094
0.09048,0.22905,0.09060,0.07130,0.05830,0.10928,0.31119,0.03980
0.17226,0.15628,0.07743,0.03716,0.08083,0.26887,0.16066,0.04650
0.05345,0.11437,0.07299,0.02824,0.47530,0.09297,0.13344,0.02924
0.05298,0.19092,0.17771,0.04161,0.14317,0.06159,0.27399,0.05803
0.06430,0.10391,0.13367,0.06657,0.13532,0.27080,0.14051,0.08492
0.07720,0.12698,0.26331,0.10544,0.05473,0.16079,0.15577,0.05578
0.03731,0.24657,0.07047,0.07267,0.04291,0.09696,0.40123,0.03188
0.02446,0.12993,0.37174,0.07815,0.11228,0.06360,0.16180,0.05802
0.04073,0.12023,0.24826,0.13008,0.13725,0.12148,0.13928,0.06268
0.07550,0.05965,0.18940,0.06146,0.13716,0.31811,0.07639,0.08232
0.14808,0.11433,0.09514,0.11472,0.09657,0.12899,0.12297,0.17920
0.08604,0.07154,0.17884,0.10011,0.21584,0.19579,0.08000,0.07185
0.08332,0.11704,0.15496,0.12036,0.12099,0.13775,0.15287,0.11270
0.05092,0.07304,0.12075,0.40707,0.02432,0.14371,0.09894,0.08125
0.02904,0.13289,0.23125,0.08067,0.12162,0.14441,0.21196,0.04816
0.05417,0.07974,0.28614,0.02710,0.31918,0.09745,0.09134,0.04489
0.23515,0.05575,0.18759,0.05724,0.06790,0.14792,0.07127,0.17720
0.10968,0.06174,0.35504,0.04888,0.12902,0.16632,0.07292,0.05640
0.20956,0.05011,0.05403,0.08889,0.07469,0.30459,0.05707,0.16106
0.04187,0.11700,0.24076,0.03810,0.11323,0.24343,0.12985,0.07576
0.03362,0.08668,0.29690,0.04536,0.16198,0.21474,0.11651,0.04419
0.03138,0.05351,0.25418,0.04560,0.29606,0.20805,0.06637,0.04486
0.03485,0.05518,0.55766,0.03331,0.10841,0.09400,0.07417,0.04242
0.03433,0.18119,0.26219,0.03480,0.12658,0.06516,0.21735,0.07840
0.04634,0.13218,0.25496,0.04188,0.15212,0.09270,0.15546,0.12435
0.04078,0.09744,0.35218,0.08348,0.09617,0.19512,0.10717,0.02766
0.05069,0.13607,0.14058,0.05824,0.14831,0.21832,0.15651,0.09128
0.04258,0.14867,0.15592,0.06855,0.05952,0.27547,0.20561,0.04368
0.03807,0.07760,0.39527,0.04369,0.07638,0.07985,0.09337,0.19579
0.03429,0.11693,0.06674,0.02277,0.22425,0.35763,0.14169,0.03570
0.04539,0.04000,0.14834,0.02497,0.34445,0.32299,0.04483,0.02905
0.11390,0.15255,0.13669,0.09221,0.05826,0.17687,0.19019,0.07933
0.03957,0.05671,0.31338,0.02404,0.31652,0.15415,0.06998,0.02565
0.06600,0.07899,0.37753,0.09955,0.05931,0.18870,0.09276,0.03716
0.05605,0.10119,0.31727,0.06789,0.15216,0.08428,0.13587,0.08528
0.02479,0.09109,0.28494,0.06642,0.11590,0.26405,0.12964,0.02317
0.05111,0.20080,0.12057,0.03227,0.14642,0.13980,0.27780,0.03122
0.14102,0.16928,0.19659,0.03823,0.07519,0.08080,0.21066,0.08822
0.02863,0.11810,0.15935,0.04843,0.22299,0.14176,0.21261,0.06812
0.03206,0.08133,0.33161,0.05854,0.20326,0.18120,0.09246,0.01954
0.09418,0.11401,0.10778,0.04415,0.10894,0.36143,0.13457,0.03495
0.05689,0.10383,0.36853,0.05330,0.20066,0.05662,0.11425,0.04593
0.15715,0.08197,0.10427,0.07044,0.19057,0.18950,0.09415,0.11195
0.08055,0.07517,0.12757,0.07074,0.16825,0.16105,0.08095,0.23572
0.14284,0.04905,0.09942,0.06172,0.07262,0.46074,0.05733,0.05628
0.04108,0.32901,0.11298,0.04352,0.12296,0.04176,0.26341,0.04528
0.03492,0.37155,0.03783,0.02242,0.05384,0.13564,0.32455,0.01925
0.20863,0.06099,0.18397,0.12194,0.10210,0.20752,0.08304,0.03179
0.03191,0.05734,0.28112,0.03137,0.28679,0.20632,0.07391,0.03124
0.04345,0.08383,0.15682,0.09571,0.18810,0.27025,0.11509,0.04674
0.04247,0.13669,0.36700,0.06316,0.04427,0.08305,0.18068,0.08268
0.10102,0.16295,0.13063,0.05854,0.19377,0.08942,0.21176,0.05191
0.08333,0.27095,0.07641,0.05323,0.03133,0.05819,0.39427,0.03229
0.05036,0.12687,0.14763,0.11051,0.21352,0.07548,0.14434,0.13129
0.34704,0.08051,0.05103,0.12445,0.08113,0.13393,0.09404,0.08786
0.11750,0.08952,0.09666,0.24587,0.10679,0.16864,0.10511,0.06992
0.07882,0.09533,0.29200,0.06095,0.13085,0.18814,0.10699,0.04692
0.06115,0.10407,0.09198,0.05167,0.08117,0.42708,0.12950,0.05338
0.08866,0.21156,0.13638,0.06859,0.06646,0.08562,0.30696,0.03577
0.06461,0.16526,0.12107,0.06605,0.14492,0.21699,0.17398,0.04711
0.03498,0.08412,0.37244,0.03178,0.07794,0.24781,0.10317,0.04776
0.13118,0.22850,0.13943,0.06902,0.06270,0.07932,0.23617,0.05368
0.03050,0.07394,0.42241,0.02174,0.22976,0.10871,0.08740,0.02553
0.03494,0.07386,0.34262,0.04603,0.21676,0.17942,0.07926,0.02711
0.11896,0.18607,0.10121,0.13281,0.07163,0.08911,0.23829,0.06192
