0.06453,0.06097,0.09385,0.09008,0.06368,0.05589,0.08344,0.06160,0.06522,0.06491,0.06773,0.06771,0.07955,0.08084
0.07017,0.07395,0.06899,0.06659,0.07370,0.06934,0.06527,0.06976,0.07234,0.07242,0.07175,0.07285,0.07648,0.07638
0.07517,0.07128,0.08868,0.08533,0.06549,0.06267,0.07161,0.06303,0.06998,0.06958,0.06300,0.06314,0.07448,0.07656
0.08419,0.08395,0.07237,0.06858,0.06931,0.05460,0.06199,0.06578,0.06582,0.06570,0.07206,0.07312,0.08006,0.08247
0.06984,0.06537,0.08931,0.08848,0.06389,0.05289,0.07021,0.06187,0.06956,0.06940,0.06701,0.06849,0.08290,0.08078
0.09152,0.07103,0.07233,0.07148,0.06586,0.06865,0.07840,0.06327,0.06445,0.06409,0.07235,0.07047,0.07297,0.07313
0.06651,0.06838,0.05557,0.05323,0.09006,0.09864,0.06785,0.07028,0.06433,0.06437,0.07340,0.07260,0.07695,0.07782
0.09157,0.07301,0.07307,0.06991,0.06427,0.06661,0.06741,0.06415,0.06574,0.06657,0.06910,0.06891,0.08076,0.07892
0.08216,0.06943,0.07374,0.07282,0.06876,0.06456,0.07508,0.06962,0.06656,0.06608,0.06900,0.07079,0.07518,0.07622
0.06811,0.06358,0.06575,0.06720,0.06250,0.07649,0.06955,0.06729,0.07613,0.07707,0.07921,0.07788,0.07521,0.07404
0.06004,0.07333,0.09064,0.08913,0.06607,0.06130,0.07428,0.06907,0.06173,0.06048,0.07031,0.07198,0.07524,0.07639
0.06862,0.06318,0.06598,0.06631,0.06607,0.07255,0.09721,0.09809,0.06398,0.06429,0.06312,0.06350,0.07317,0.07395
0.06213,0.06860,0.08589,0.08784,0.06472,0.06717,0.07217,0.05980,0.07007,0.07064,0.07122,0.07096,0.07457,0.07421
0.06315,0.07952,0.07613,0.07367,0.06332,0.06831,0.07131,0.06278,0.06992,0.06917,0.07656,0.07695,0.07394,0.07526
0.06146,0.06236,0.09905,0.10312,0.07857,0.04789,0.07493,0.06242,0.06421,0.06389,0.06518,0.06512,0.07605,0.07576
0.06979,0.07079,0.07145,0.07316,0.05644,0.06554,0.05516,0.06544,0.09188,0.09211,0.06771,0.06718,0.07619,0.07716
0.07930,0.06329,0.06253,0.06320,0.06775,0.06246,0.06814,0.08062,0.07020,0.07031,0.08520,0.08432,0.07121,0.07148
0.07157,0.07308,0.07108,0.06831,0.07558,0.06247,0.06637,0.07189,0.06824,0.06566,0.07264,0.07368,0.07872,0.08071
0.10095,0.08892,0.06685,0.06559,0.06098,0.06700,0.06559,0.07110,0.06469,0.06466,0.06794,0.06975,0.07281,0.07315
0.07152,0.06426,0.06549,0.06648,0.07044,0.07095,0.11055,0.07434,0.06254,0.06303,0.06437,0.06406,0.07559,0.07637
0.07535,0.06693,0.07166,0.07211,0.06317,0.07063,0.09232,0.08863,0.06369,0.06462,0.06214,0.06214,0.07323,0.07339
0.06356,0.07300,0.06782,0.06761,0.07218,0.06705,0.05275,0.06509,0.06620,0.06684,0.09525,0.09531,0.07307,0.07428
0.07079,0.06582,0.07282,0.07067,0.07248,0.07027,0.07406,0.07039,0.08074,0.08039,0.06372,0.06376,0.07096,0.07312
0.06996,0.06685,0.07149,0.07186,0.05626,0.06332,0.06451,0.06843,0.07796,0.07877,0.06592,0.06723,0.08802,0.08942
0.06607,0.06371,0.07460,0.07273,0.07906,0.06051,0.05549,0.08066,0.06488,0.06413,0.07335,0.07468,0.08403,0.08611
0.06583,0.07477,0.06771,0.06695,0.07579,0.06142,0.05562,0.06626,0.06723,0.06679,0.08632,0.08679,0.07826,0.08027
0.10251,0.07585,0.06955,0.06974,0.06705,0.05726,0.07613,0.06670,0.06676,0.06725,0.06730,0.06871,0.07344,0.07174
0.06333,0.06233,0.06168,0.06242,0.07747,0.06061,0.05558,0.07471,0.06180,0.06260,0.09035,0.09225,0.08475,0.09012
0.07142,0.06883,0.06920,0.07105,0.06048,0.06201,0.06305,0.06446,0.06801,0.06978,0.09293,0.09061,0.07386,0.07430
0.06138,0.07310,0.06504,0.06814,0.06413,0.07042,0.08173,0.08797,0.06474,0.06503,0.06899,0.06877,0.08093,0.07962
0.06134,0.06990,0.09014,0.10120,0.06740,0.05608,0.06356,0.06283,0.06348,0.06383,0.06846,0.07116,0.08031,0.08030
0.06651,0.06367,0.05969,0.05725,0.09340,0.08930,0.06539,0.07271,0.06810,0.06935,0.06928,0.06784,0.07799,0.07950
0.08502,0.09808,0.06686,0.06447,0.06545,0.07531,0.06789,0.06880,0.06543,0.06470,0.06821,0.06781,0.07149,0.07049
0.06679,0.07498,0.06716,0.06469,0.07797,0.05867,0.05782,0.06502,0.06767,0.06971,0.08854,0.08937,0.07493,0.07668
0.06667,0.05976,0.10539,0.11018,0.06426,0.05304,0.07546,0.07031,0.06315,0.06296,0.05881,0.05897,0.07532,0.07572
0.07270,0.06595,0.07150,0.07058,0.06502,0.07295,0.07658,0.06017,0.07685,0.07752,0.06868,0.06921,0.07622,0.07607
0.06397,0.06345,0.07260,0.07454,0.08019,0.06506,0.07448,0.08637,0.06748,0.06831,0.06698,0.06709,0.07483,0.07464
0.07245,0.06876,0.06137,0.05777,0.08335,0.11258,0.07891,0.06219,0.06436,0.06395,0.06150,0.06258,0.07496,0.07527
0.07231,0.06709,0.06558,0.06325,0.06788,0.07384,0.05890,0.07920,0.07687,0.07826,0.07287,0.07283,0.07497,0.07614
0.06643,0.06289,0.07167,0.07182,0.06852,0.06133,0.05259,0.06670,0.06895,0.06756,0.08957,0.09088,0.07992,0.08119
0.07258,0.06731,0.06627,0.06483,0.07245,0.06707,0.06337,0.08222,0.08067,0.07948,0.07284,0.07130,0.06957,0.07004
0.08422,0.07344,0.06550,0.06225,0.07059,0.06530,0.06832,0.07796,0.06606,0.06667,0.07120,0.07145,0.07823,0.07882
0.06343,0.06120,0.09788,0.10345,0.07696,0.04932,0.07610,0.06496,0.06097,0.06166,0.06395,0.06621,0.07758,0.07636
0.06578,0.05797,0.05497,0.05314,0.11991,0.09113,0.07972,0.06657,0.06200,0.06293,0.06678,0.06567,0.07661,0.07683
0.09498,0.08043,0.06695,0.06607,0.06616,0.06548,0.06408,0.06439,0.06798,0.06837,0.07266,0.07391,0.07513,0.07341
0.06776,0.06776,0.07163,0.07110,0.06990,0.06781,0.06849,0.06568,0.07736,0.07739,0.06689,0.06648,0.08103,0.08072
0.05846,0.06849,0.08254,0.08648,0.08663,0.05475,0.07872,0.06171,0.06774,0.06681,0.06420,0.06454,0.07891,0.08002
0.06420,0.06999,0.06589,0.06502,0.07489,0.08025,0.07591,0.06593,0.07469,0.07599,0.06982,0.07025,0.07321,0.07396
0.07771,0.07069,0.07463,0.07271,0.06662,0.06012,0.06199,0.06632,0.08543,0.08271,0.06978,0.06951,0.07215,0.06964
0.06764,0.06558,0.06819,0.06893,0.06962,0.07008,0.10979,0.08014,0.06276,0.06342,0.05874,0.06000,0.07678,0.07834
0.06992,0.07554,0.06972,0.07043,0.06861,0.06363,0.05419,0.06813,0.06756,0.06770,0.08494,0.08534,0.07651,0.07776
0.06735,0.07386,0.07032,0.07199,0.07708,0.05875,0.05908,0.06799,0.06877,0.06950,0.08027,0.08310,0.07579,0.07618
0.06164,0.06047,0.07169,0.07081,0.07317,0.06509,0.06471,0.06929,0.07266,0.07345,0.07401,0.07427,0.08378,0.08495
0.06882,0.06663,0.06760,0.06510,0.06464,0.06668,0.05673,0.06238,0.07322,0.07371,0.09293,0.09425,0.07333,0.07397
0.05878,0.05943,0.11415,0.11209,0.06814,0.05160,0.07924,0.05470,0.06540,0.06516,0.06128,0.06163,0.07457,0.07385
0.06434,0.07609,0.06825,0.06723,0.06551,0.06729,0.08111,0.07154,0.06968,0.07156,0.06455,0.06639,0.08259,0.08386
0.06712,0.07322,0.06228,0.06066,0.08342,0.06489,0.07043,0.07067,0.06923,0.06916,0.08135,0.08130,0.07347,0.07280
0.05833,0.06804,0.06215,0.06063,0.06583,0.16091,0.07019,0.05814,0.06275,0.06248,0.06182,0.06210,0.07322,0.07341
0.06472,0.06648,0.07842,0.08080,0.05583,0.06754,0.07079,0.08127,0.07083,0.07207,0.07444,0.07157,0.07195,0.07328
0.07305,0.07303,0.06232,0.06326,0.06407,0.06459,0.06229,0.07559,0.07070,0.07030,0.08820,0.08891,0.07136,0.07232
0.06295,0.07491,0.06644,0.06468,0.09408,0.07515,0.07524,0.05640,0.06720,0.06737,0.06854,0.06952,0.07902,0.07851
0.06667,0.06803,0.08503,0.08537,0.07259,0.06012,0.06712,0.06904,0.07300,0.07292,0.06210,0.06350,0.07641,0.07809
0.08609,0.08895,0.06620,0.06590,0.06211,0.06769,0.05399,0.06032,0.06854,0.06854,0.07520,0.07489,0.08160,0.07998
0.05842,0.06376,0.07473,0.08028,0.07120,0.06652,0.11512,0.07116,0.06439,0.06464,0.06070,0.06130,0.07465,0.07312
0.07634,0.07423,0.08730,0.08337,0.08021,0.05476,0.06379,0.07290,0.06261,0.06165,0.06344,0.06297,0.07814,0.07830
0.07831,0.06392,0.06738,0.06601,0.05677,0.06956,0.06386,0.07126,0.08325,0.08326,0.07548,0.07536,0.07318,0.07241
0.07070,0.09219,0.06623,0.06620,0.06985,0.07187,0.07733,0.06959,0.06056,0.06164,0.06950,0.07008,0.07632,0.07795
0.06607,0.06833,0.05777,0.05499,0.08106,0.12556,0.06990,0.06963,0.06407,0.06376,0.06458,0.06563,0.07341,0.07524
0.07092,0.06150,0.07412,0.07260,0.06103,0.07723,0.06522,0.06128,0.08531,0.08598,0.06239,0.06394,0.07950,0.07900
0.06363,0.06954,0.06505,0.06586,0.06586,0.06009,0.05026,0.06425,0.06731,0.06914,0.09681,0.09669,0.08282,0.08270
0.06947,0.06627,0.06735,0.06684,0.06221,0.06046,0.05774,0.06488,0.07611,0.07618,0.08406,0.08557,0.08136,0.08152
0.07486,0.08418,0.07088,0.06946,0.06431,0.06642,0.06788,0.06666,0.06818,0.06948,0.06921,0.07038,0.07953,0.07857
0.07187,0.06139,0.06873,0.06923,0.06974,0.07108,0.06713,0.08244,0.08011,0.07964,0.06952,0.06901,0.07003,0.07008
0.07162,0.06963,0.06747,0.06550,0.07391,0.06075,0.05828,0.06493,0.07715,0.07535,0.08386,0.08210,0.07472,0.07474
0.07174,0.06175,0.08174,0.08439,0.06427,0.06031,0.08302,0.06400,0.06652,0.06633,0.07452,0.07525,0.07328,0.07288
0.06590,0.07292,0.06218,0.05902,0.08406,0.09910,0.06194,0.07014,0.06725,0.06680,0.06850,0.07037,0.07549,0.07633
0.05326,0.06959,0.09366,0.09918,0.07459,0.05571,0.06829,0.06093,0.06203,0.06173,0.06908,0.06956,0.08135,0.08104
0.07239,0.06521,0.06990,0.06875,0.07909,0.06280,0.09399,0.07284,0.06304,0.06217,0.06770,0.06801,0.07682,0.07730
0.06798,0.06831,0.07139,0.07239,0.06928,0.05763,0.07679,0.10923,0.06585,0.06602,0.05724,0.05722,0.07988,0.08077
0.07535,0.07190,0.06642,0.06616,0.07215,0.06939,0.06906,0.08169,0.06812,0.06718,0.06761,0.06775,0.07796,0.07926
0.07088,0.07628,0.09705,0.09665,0.06089,0.05225,0.06703,0.06113,0.05962,0.05979,0.06545,0.06588,0.08291,0.08419
0.05991,0.05912,0.07178,0.07102,0.06139,0.06537,0.06143,0.08809,0.08192,0.07943,0.06873,0.06921,0.08077,0.08184
0.07012,0.10004,0.06911,0.06691,0.06870,0.06191,0.07031,0.06960,0.06553,0.06522,0.07050,0.07039,0.07562,0.07604
0.07012,0.06145,0.06948,0.06895,0.06939,0.06772,0.07933,0.08948,0.06878,0.06960,0.06425,0.06592,0.07689,0.07861
0.07819,0.07368,0.06574,0.06602,0.06567,0.06762,0.05671,0.05634,0.07611,0.07654,0.07826,0.07890,0.08257,0.07768
0.06118,0.06068,0.05974,0.05914,0.11659,0.08138,0.06791,0.06883,0.06554,0.06501,0.06920,0.07107,0.07637,0.07738
0.06424,0.05849,0.09157,0.09261,0.06875,0.04808,0.06796,0.06437,0.06999,0.07132,0.06892,0.06904,0.08178,0.08290
0.06920,0.10734,0.06982,0.06756,0.06104,0.06310,0.07342,0.06414,0.06187,0.06324,0.06728,0.06797,0.08192,0.08209
0.06217,0.06576,0.10687,0.10722,0.06109,0.05419,0.06939,0.05861,0.06585,0.06502,0.06270,0.06584,0.07819,0.07711
0.06624,0.06640,0.06418,0.06150,0.07273,0.06230,0.06981,0.07519,0.06871,0.06816,0.08617,0.08613,0.07690,0.07558
0.06906,0.07500,0.07640,0.07222,0.06572,0.06708,0.07110,0.06242,0.07225,0.07118,0.06985,0.06963,0.07840,0.07969
0.06541,0.06535,0.05877,0.05709,0.09812,0.09668,0.06535,0.05723,0.07407,0.07464,0.06728,0.06671,0.07675,0.07655
0.06692,0.06796,0.06986,0.07196,0.06855,0.06547,0.08194,0.09335,0.06388,0.06263,0.06108,0.06164,0.08288,0.08186
0.05830,0.06241,0.06047,0.06022,0.13643,0.07874,0.06488,0.05827,0.07107,0.07065,0.06333,0.06374,0.07606,0.07542
0.09132,0.07271,0.06977,0.06840,0.06776,0.07068,0.06472,0.06547,0.06243,0.06323,0.07219,0.07141,0.08098,0.07894
0.06832,0.06334,0.06653,0.06474,0.07931,0.06609,0.05783,0.07404,0.07857,0.07853,0.07347,0.07386,0.07818,0.07720
0.06780,0.07851,0.09011,0.09480,0.06644,0.05757,0.07310,0.05887,0.06705,0.06699,0.06540,0.06478,0.07381,0.07476
0.07064,0.07104,0.07111,0.06998,0.07089,0.06969,0.06365,0.06257,0.07670,0.07600,0.07123,0.06888,0.07988,0.07774
0.07203,0.11541,0.06497,0.06375,0.06728,0.06594,0.08626,0.06702,0.05933,0.06075,0.06617,0.06694,0.07243,0.07172
0.06757,0.06111,0.07176,0.07028,0.07028,0.06784,0.12056,0.06761,0.06610,0.06500,0.06111,0.06163,0.07479,0.07434
