0.03386,0.00725,0.04889,0.03699,0.00879,0.07636,0.02580,0.04001,0.28198,0.30937,0.01286,0.01864,0.00732,0.01031,0.01453,0.01461,0.02387,0.01614,0.00303,0.00938
0.03514,0.01534,0.06934,0.01705,0.06171,0.00440,0.00832,0.02038,0.02156,0.00729,0.01927,0.03609,0.24007,0.25044,0.04921,0.05323,0.05993,0.01633,0.01242,0.00248
0.04018,0.21605,0.03316,0.06763,0.01873,0.04069,0.00511,0.01798,0.04637,0.15945,0.04996,0.02909,0.01012,0.00142,0.13201,0.09462,0.00717,0.01269,0.01399,0.00359
0.06267,0.19635,0.08858,0.06110,0.03722,0.01909,0.06939,0.01670,0.02806,0.16444,0.01144,0.01050,0.01686,0.08417,0.01250,0.00698,0.06384,0.00996,0.01779,0.02237
0.01091,0.27180,0.15071,0.03621,0.01606,0.13730,0.02126,0.01459,0.01832,0.01323,0.01029,0.01153,0.01525,0.01393,0.00973,0.00858,0.19900,0.00885,0.02325,0.00918
0.10687,0.15058,0.02606,0.11361,0.08310,0.02424,0.12539,0.02292,0.07876,0.02959,0.04825,0.02343,0.01490,0.05036,0.02313,0.00887,0.04660,0.01353,0.00756,0.00224
0.05859,0.13683,0.06125,0.13738,0.01562,0.03768,0.10228,0.06129,0.04470,0.04820,0.01090,0.05446,0.00886,0.09813,0.01551,0.01971,0.07078,0.00379,0.00533,0.00872
0.00792,0.02374,0.02070,0.02602,0.02638,0.02846,0.01536,0.02912,0.01764,0.01474,0.01852,0.04650,0.07437,0.07662,0.28175,0.27232,0.00506,0.01086,0.00246,0.00148
0.02189,0.11861,0.00566,0.05045,0.00574,0.00774,0.26882,0.03742,0.02315,0.06552,0.01504,0.08510,0.01255,0.02356,0.09561,0.09071,0.03966,0.01477,0.01257,0.00543
0.00975,0.01032,0.00870,0.00673,0.00729,0.00639,0.01670,0.00312,0.30650,0.34135,0.14337,0.00270,0.00526,0.00157,0.09963,0.00784,0.00506,0.00329,0.01194,0.00248
0.03020,0.01783,0.03633,0.20805,0.01294,0.05203,0.01296,0.08019,0.02647,0.21703,0.02377,0.10216,0.00290,0.04100,0.01091,0.01476,0.04466,0.05257,0.00984,0.00338
0.01363,0.17612,0.00862,0.17409,0.02782,0.01377,0.42902,0.02226,0.00958,0.01106,0.01376,0.01667,0.00896,0.03279,0.00327,0.02010,0.00608,0.00268,0.00364,0.00607
0.02971,0.04786,0.01193,0.02341,0.03316,0.00514,0.34200,0.19975,0.01474,0.01184,0.02344,0.19009,0.00766,0.01264,0.01232,0.00597,0.01756,0.00392,0.00322,0.00363
0.00951,0.01773,0.01976,0.02195,0.01764,0.00834,0.34104,0.00991,0.01581,0.00792,0.01684,0.02027,0.01896,0.22002,0.00798,0.03532,0.20180,0.00185,0.00270,0.00467
0.04266,0.07809,0.01251,0.21154,0.02914,0.01030,0.03211,0.03007,0.08220,0.16924,0.01409,0.04486,0.02126,0.02755,0.07028,0.05884,0.02253,0.01672,0.00377,0.02223
0.01425,0.14407,0.12481,0.08218,0.08335,0.07506,0.00590,0.00762,0.02051,0.17924,0.01922,0.00375,0.01210,0.07505,0.00620,0.02830,0.07671,0.03616,0.00354,0.00200
0.01115,0.07619,0.11338,0.06108,0.01333,0.06961,0.01487,0.00931,0.03348,0.01138,0.01465,0.00526,0.02439,0.02539,0.23324,0.23320,0.02304,0.00816,0.01478,0.00413
0.13842,0.24111,0.01468,0.11435,0.01493,0.05481,0.04334,0.10844,0.03375,0.03459,0.01042,0.01269,0.02947,0.04154,0.00605,0.02266,0.03724,0.00799,0.01803,0.01550
0.04762,0.07532,0.03716,0.08108,0.01120,0.05603,0.17900,0.04023,0.08940,0.02041,0.03736,0.01725,0.01962,0.00572,0.11950,0.13638,0.00620,0.00457,0.00875,0.00720
0.01213,0.09809,0.03143,0.21462,0.02237,0.01636,0.03556,0.00824,0.03671,0.18173,0.01904,0.00282,0.12999,0.13041,0.01394,0.01261,0.01317,0.00235,0.01749,0.00094
0.27379,0.08417,0.01198,0.07334,0.03224,0.01743,0.02444,0.01403,0.01331,0.26019,0.04753,0.01627,0.02051,0.01634,0.04638,0.02849,0.00105,0.00157,0.00696,0.00997
0.03463,0.18560,0.03928,0.15172,0.02747,0.02565,0.01493,0.10472,0.00858,0.01109,0.01829,0.09211,0.01344,0.07781,0.05105,0.04920,0.07366,0.00125,0.00262,0.01690
0.01807,0.07520,0.02261,0.03638,0.01222,0.01859,0.01622,0.10152,0.05767,0.09959,0.02958,0.13554,0.01335,0.17133,0.01568,0.01885,0.13389,0.00550,0.01127,0.00694
0.01399,0.18946,0.04322,0.27231,0.01230,0.04014,0.01100,0.00735,0.00814,0.08350,0.03185,0.00315,0.11977,0.11311,0.00464,0.01052,0.01809,0.00612,0.00242,0.00893
0.31116,0.04166,0.07236,0.02274,0.34053,0.01367,0.02317,0.00825,0.05694,0.02570,0.00998,0.00646,0.00841,0.01857,0.01155,0.00426,0.00992,0.00121,0.00918,0.00427
0.00390,0.05492,0.04590,0.07955,0.02327,0.00947,0.00405,0.01422,0.04481,0.01483,0.03260,0.01143,0.02280,0.27921,0.01864,0.01326,0.26485,0.02011,0.03164,0.01055
0.02470,0.33428,0.02148,0.31705,0.01336,0.01454,0.00747,0.02571,0.04779,0.01507,0.05327,0.03702,0.00879,0.01295,0.03693,0.00606,0.00740,0.00364,0.00628,0.00623
0.20871,0.02851,0.06951,0.08971,0.01271,0.01262,0.01969,0.03709,0.01305,0.27202,0.02876,0.00909,0.02242,0.06551,0.04044,0.02621,0.03427,0.00704,0.00110,0.00156
0.00948,0.01744,0.02840,0.28697,0.00723,0.02640,0.01314,0.05587,0.03021,0.30500,0.01207,0.03003,0.01789,0.04918,0.01282,0.01088,0.04786,0.00580,0.03037,0.00297
0.04818,0.02168,0.04062,0.00490,0.10334,0.00640,0.01113,0.21110,0.06725,0.00930,0.01318,0.23385,0.01009,0.11432,0.00799,0.00275,0.08704,0.00233,0.00179,0.00278
0.01259,0.25265,0.03765,0.29915,0.00919,0.13009,0.00728,0.00406,0.03496,0.02585,0.03648,0.00514,0.10089,0.00643,0.01558,0.00411,0.00379,0.00503,0.00606,0.00300
0.01550,0.18127,0.01384,0.17355,0.00316,0.01088,0.01391,0.12120,0.11909,0.01534,0.08904,0.11253,0.03901,0.02426,0.01323,0.00624,0.02254,0.02180,0.00058,0.00303
0.13230,0.03883,0.02044,0.02774,0.11017,0.03127,0.05083,0.02940,0.06560,0.03642,0.04966,0.01531,0.02018,0.05926,0.12805,0.11943,0.03552,0.02425,0.00356,0.00177
0.03599,0.30410,0.01837,0.30044,0.01174,0.01042,0.01121,0.02863,0.01582,0.00970,0.00604,0.03551,0.01394,0.06257,0.02080,0.01985,0.06528,0.01804,0.00541,0.00616
0.15318,0.03270,0.00934,0.01979,0.01062,0.24270,0.02705,0.29230,0.01365,0.11857,0.01377,0.01550,0.00751,0.00549,0.00764,0.00872,0.00794,0.00241,0.00373,0.00741
0.03881,0.10627,0.05169,0.01840,0.04105,0.05622,0.01034,0.02846,0.23533,0.08325,0.23503,0.03417,0.01599,0.00907,0.00821,0.01331,0.00707,0.00192,0.00272,0.00270
0.00433,0.10586,0.05667,0.17121,0.02751,0.11105,0.06026,0.01570,0.04295,0.12298,0.05656,0.02127,0.00595,0.06500,0.04257,0.01051,0.04070,0.00628,0.01064,0.02200
0.03642,0.18707,0.05036,0.19928,0.05047,0.01343,0.23141,0.02460,0.02995,0.03974,0.03152,0.01945,0.00628,0.00938,0.00521,0.01575,0.00730,0.00607,0.01328,0.02302
0.00691,0.06844,0.03496,0.01640,0.04918,0.04554,0.05114,0.02654,0.19471,0.01112,0.07110,0.00887,0.01482,0.01432,0.14905,0.18202,0.01750,0.00341,0.01006,0.02390
0.00856,0.10974,0.01806,0.12712,0.01145,0.01245,0.02358,0.01980,0.00533,0.02344,0.02241,0.01906,0.01582,0.25298,0.02745,0.02487,0.23204,0.02743,0.01423,0.00418
0.05897,0.03512,0.08715,0.04078,0.01113,0.05054,0.02558,0.27409,0.02090,0.04302,0.02601,0.24335,0.01164,0.01062,0.02399,0.00749,0.00840,0.01244,0.00212,0.00666
0.01477,0.02132,0.01646,0.02275,0.00422,0.41222,0.00989,0.41629,0.00975,0.02095,0.00613,0.01618,0.00608,0.00545,0.00468,0.00509,0.00254,0.00274,0.00130,0.00118
0.02628,0.03340,0.27499,0.01704,0.01124,0.36144,0.04195,0.04085,0.02052,0.02272,0.03459,0.02003,0.00740,0.02070,0.01755,0.02147,0.01655,0.00209,0.00529,0.00391
0.00857,0.00710,0.00981,0.04046,0.02433,0.00618,0.01930,0.01768,0.01074,0.00899,0.00766,0.00518,0.00901,0.36495,0.04041,0.05626,0.34032,0.01783,0.00313,0.00209
0.09992,0.01852,0.03206,0.10538,0.00582,0.03864,0.24867,0.01991,0.02456,0.12533,0.03914,0.01044,0.04973,0.01352,0.03170,0.07628,0.00902,0.01217,0.00630,0.03288
0.06837,0.04059,0.01841,0.01407,0.05316,0.02077,0.04000,0.19574,0.12466,0.02829,0.13012,0.18363,0.02381,0.00818,0.00802,0.02187,0.00386,0.00816,0.00500,0.00327
0.00906,0.03540,0.01332,0.02479,0.00896,0.01361,0.00803,0.02166,0.01410,0.02912,0.13811,0.01030,0.06244,0.08814,0.29920,0.18615,0.01685,0.00247,0.00566,0.01264
0.02928,0.04781,0.00853,0.02296,0.01343,0.02613,0.01358,0.10015,0.22226,0.01015,0.15996,0.13653,0.00768,0.06370,0.03148,0.02296,0.07110,0.00616,0.00449,0.00166
0.00861,0.03972,0.04541,0.05349,0.02276,0.13555,0.03480,0.01530,0.15803,0.01571,0.22951,0.01257,0.00458,0.00714,0.08415,0.10561,0.00440,0.00636,0.00810,0.00819
0.41297,0.31492,0.01064,0.01604,0.01215,0.00548,0.00972,0.03508,0.02988,0.03695,0.02840,0.00994,0.00738,0.00429,0.03882,0.00429,0.00940,0.00666,0.00380,0.00319
0.03550,0.21565,0.05383,0.25351,0.01482,0.01027,0.00601,0.01608,0.01440,0.02203,0.02027,0.01945,0.00914,0.10559,0.01323,0.01822,0.10426,0.01627,0.04303,0.00844
0.00678,0.03901,0.01400,0.00838,0.01092,0.07467,0.02138,0.04755,0.72039,0.00574,0.00490,0.00637,0.00815,0.00109,0.00429,0.00457,0.01247,0.00267,0.00234,0.00433
0.00428,0.01790,0.01087,0.02073,0.01171,0.01510,0.68128,0.00962,0.02237,0.00937,0.05538,0.00693,0.00290,0.02039,0.00366,0.00772,0.01368,0.01304,0.00351,0.06954
0.10074,0.17820,0.12676,0.01798,0.10275,0.02173,0.00472,0.03105,0.03368,0.18480,0.03323,0.02627,0.01218,0.01034,0.00907,0.01078,0.01856,0.00537,0.00486,0.06692
0.03097,0.03386,0.09951,0.02876,0.01295,0.05957,0.11186,0.13349,0.01518,0.00952,0.01939,0.08651,0.07153,0.14941,0.00779,0.01137,0.10136,0.00093,0.01005,0.00601
0.01445,0.02140,0.01584,0.05608,0.01894,0.38438,0.00702,0.00327,0.00654,0.03847,0.01318,0.01249,0.38253,0.00912,0.00361,0.00141,0.00622,0.00286,0.00136,0.00084
0.01325,0.06156,0.05946,0.02938,0.01919,0.03539,0.01884,0.26590,0.03111,0.09258,0.03851,0.25296,0.00878,0.02668,0.01565,0.00340,0.01380,0.00860,0.00409,0.00088
0.01266,0.22842,0.03967,0.21434,0.05176,0.00831,0.21874,0.01633,0.00804,0.04881,0.01770,0.01281,0.01343,0.02134,0.00348,0.00768,0.01779,0.00136,0.00734,0.04998
0.01161,0.27819,0.04917,0.27941,0.00421,0.11975,0.00754,0.01537,0.00656,0.05239,0.01827,0.02165,0.08043,0.00585,0.00332,0.01049,0.00549,0.02221,0.00585,0.00225
0.11338,0.01513,0.02319,0.15389,0.03512,0.02069,0.01795,0.12934,0.01071,0.14698,0.00934,0.09898,0.01973,0.09234,0.00792,0.01033,0.07750,0.00746,0.00597,0.00406
0.01147,0.01231,0.28125,0.00996,0.28129,0.02923,0.14615,0.03548,0.02498,0.01234,0.01020,0.02182,0.01044,0.01466,0.03015,0.02560,0.01233,0.00818,0.00535,0.01681
0.01419,0.01351,0.06222,0.01726,0.03732,0.03038,0.04391,0.24434,0.01185,0.00984,0.03455,0.24353,0.00827,0.01010,0.09017,0.07602,0.00839,0.00665,0.00193,0.03558
0.01107,0.05058,0.01453,0.06009,0.01636,0.01995,0.01735,0.32653,0.01212,0.01501,0.03282,0.31559,0.01758,0.02732,0.00544,0.01071,0.02770,0.01107,0.00558,0.00259
0.01134,0.05905,0.01018,0.00778,0.00437,0.02004,0.02260,0.01511,0.42551,0.03286,0.32692,0.01374,0.00838,0.00833,0.01019,0.00290,0.01399,0.00129,0.00305,0.00236
0.01649,0.04334,0.05338,0.03636,0.00940,0.03970,0.01149,0.01349,0.05454,0.00537,0.07767,0.01251,0.03994,0.02480,0.28996,0.25341,0.00779,0.00229,0.00437,0.00370
0.03773,0.31093,0.01751,0.28672,0.01353,0.02694,0.00415,0.06252,0.00468,0.06657,0.01637,0.06338,0.03137,0.00754,0.01672,0.01488,0.00380,0.01181,0.00089,0.00197
0.02753,0.02505,0.02269,0.10290,0.00824,0.01898,0.00651,0.18468,0.01472,0.08916,0.01346,0.15411,0.01992,0.01774,0.10800,0.11177,0.03020,0.02064,0.01994,0.00375
0.08561,0.07371,0.06009,0.09254,0.02732,0.02515,0.01860,0.08433,0.04647,0.02005,0.02156,0.07083,0.01250,0.06556,0.03394,0.02478,0.06337,0.01050,0.10244,0.06064
0.01896,0.00788,0.02511,0.01703,0.00961,0.02109,0.02676,0.02732,0.27786,0.01210,0.30713,0.02629,0.00650,0.03146,0.00716,0.02354,0.03796,0.01150,0.03334,0.07141
0.05638,0.01359,0.11583,0.03087,0.03802,0.01443,0.00888,0.04674,0.12278,0.03791,0.18196,0.02055,0.00675,0.03198,0.11072,0.14672,0.00882,0.00192,0.00231,0.00285
0.15212,0.01551,0.03037,0.07503,0.23142,0.19784,0.03064,0.03137,0.00742,0.09561,0.03488,0.00567,0.01714,0.00784,0.02609,0.00889,0.00603,0.00557,0.01117,0.00937
0.06326,0.11751,0.06906,0.17099,0.05718,0.11336,0.11449,0.01376,0.04159,0.06023,0.01403,0.01522,0.09511,0.00484,0.01363,0.02197,0.00326,0.00547,0.00227,0.00276
0.05813,0.24562,0.00374,0.03115,0.01551,0.02614,0.12753,0.03150,0.06365,0.23254,0.04785,0.01695,0.03866,0.02845,0.00704,0.00484,0.00625,0.00492,0.00616,0.00338
0.01089,0.10974,0.05213,0.01711,0.01461,0.04239,0.00235,0.00077,0.18812,0.15147,0.06216,0.02053,0.01708,0.00821,0.11695,0.06351,0.09900,0.00320,0.00288,0.01691
0.03409,0.02243,0.01963,0.17445,0.00595,0.01434,0.02170,0.21548,0.02299,0.16558,0.00958,0.21225,0.01714,0.01481,0.00905,0.00970,0.01595,0.00237,0.00846,0.00404
0.01592,0.03220,0.05325,0.02819,0.07053,0.02928,0.01523,0.01280,0.02536,0.01030,0.03248,0.04929,0.01988,0.01461,0.27971,0.28631,0.01086,0.00590,0.00584,0.00207
0.05448,0.10034,0.03165,0.15659,0.04676,0.02480,0.01821,0.07542,0.03864,0.24980,0.02170,0.05076,0.00924,0.02090,0.01151,0.05567,0.00434,0.00763,0.01299,0.00858
0.00734,0.22814,0.05287,0.21058,0.00834,0.00306,0.01122,0.01420,0.01802,0.00786,0.01465,0.01680,0.00152,0.17429,0.01332,0.02182,0.17096,0.00524,0.01317,0.00658
0.04294,0.29272,0.06708,0.01134,0.06794,0.02659,0.05354,0.00784,0.01139,0.24305,0.04552,0.01498,0.03839,0.01588,0.00683,0.02580,0.01304,0.00522,0.00259,0.00733
0.01720,0.02082,0.07268,0.09029,0.00547,0.07594,0.01369,0.06385,0.04134,0.23616,0.01416,0.00876,0.01525,0.00567,0.05540,0.03124,0.00304,0.03140,0.00901,0.18862
0.01644,0.03968,0.01022,0.01079,0.02452,0.19377,0.00953,0.16752,0.01422,0.02600,0.00920,0.15792,0.20376,0.00670,0.04867,0.03559,0.00315,0.01099,0.00523,0.00610
0.02048,0.02359,0.03116,0.03054,0.01957,0.01511,0.00745,0.01314,0.02762,0.01903,0.05004,0.02640,0.01018,0.02084,0.31785,0.31708,0.03871,0.00612,0.00166,0.00343
0.03944,0.02451,0.06108,0.08928,0.00457,0.01571,0.01517,0.01148,0.21450,0.08480,0.17178,0.00506,0.07293,0.06080,0.03941,0.05329,0.00607,0.00652,0.00789,0.01571
0.01684,0.01175,0.01182,0.10864,0.02631,0.00776,0.00395,0.28535,0.04736,0.11594,0.03105,0.27477,0.00577,0.00294,0.03041,0.01064,0.00318,0.00205,0.00129,0.00217
0.01096,0.09613,0.01866,0.03110,0.02043,0.16813,0.08343,0.13661,0.01325,0.02600,0.05317,0.01306,0.02928,0.05127,0.11598,0.08930,0.03524,0.00268,0.00213,0.00319
0.03381,0.25547,0.01888,0.29713,0.07050,0.01015,0.01576,0.01313,0.05287,0.10167,0.03935,0.01384,0.01180,0.01256,0.01522,0.00997,0.00917,0.00270,0.00250,0.01352
0.05944,0.07887,0.01397,0.05580,0.01632,0.04570,0.01090,0.00960,0.01359,0.14163,0.02240,0.01020,0.00972,0.01576,0.23513,0.22611,0.00915,0.01195,0.00694,0.00681
0.06031,0.05569,0.02048,0.04718,0.02325,0.03126,0.03293,0.22679,0.07027,0.06775,0.02126,0.21107,0.01186,0.00762,0.01098,0.07337,0.01060,0.00475,0.00705,0.00556
0.02171,0.03317,0.07312,0.10639,0.04127,0.00394,0.38318,0.01417,0.00359,0.15271,0.02654,0.00748,0.02542,0.02683,0.03676,0.00872,0.01056,0.00716,0.00411,0.01315
0.03884,0.02791,0.03953,0.16929,0.04060,0.01215,0.00561,0.01004,0.22474,0.15841,0.20766,0.00682,0.00757,0.00439,0.00727,0.00710,0.00782,0.00433,0.00330,0.01660
0.00853,0.16599,0.01503,0.20022,0.00813,0.06378,0.01527,0.00847,0.01697,0.02163,0.02108,0.00568,0.00145,0.02778,0.19376,0.18056,0.00724,0.01336,0.02132,0.00375
0.00691,0.19420,0.03882,0.07934,0.00953,0.03307,0.12130,0.03494,0.01445,0.21740,0.01846,0.02738,0.03232,0.01958,0.04595,0.02360,0.02442,0.00974,0.03474,0.01387
0.00643,0.04829,0.03713,0.01124,0.01241,0.01667,0.03725,0.01280,0.26382,0.27370,0.01297,0.02830,0.03161,0.06178,0.00641,0.00988,0.07797,0.02516,0.02220,0.00399
0.24076,0.05830,0.05058,0.03837,0.00664,0.12138,0.02480,0.18427,0.02954,0.02117,0.01698,0.01190,0.02402,0.06824,0.00592,0.00914,0.05535,0.01606,0.00691,0.00969
0.01741,0.34314,0.05817,0.34864,0.02377,0.00932,0.01504,0.01523,0.05282,0.01474,0.00961,0.00964,0.01095,0.01000,0.00507,0.00619,0.03703,0.00431,0.00297,0.00595
0.00927,0.25612,0.00916,0.04676,0.09761,0.01827,0.28971,0.02769,0.00906,0.00401,0.00736,0.02326,0.01837,0.04953,0.02631,0.04472,0.04469,0.01275,0.00282,0.00253
0.01335,0.07549,0.01536,0.08928,0.01554,0.01907,0.54228,0.00816,0.01609,0.05415,0.00898,0.00694,0.00805,0.03541,0.01922,0.01911,0.02078,0.01306,0.00436,0.01532
0.01411,0.04000,0.01752,0.03914,0.03994,0.03618,0.01687,0.00424,0.63159,0.02649,0.04971,0.00331,0.00691,0.01729,0.02105,0.00671,0.00592,0.01029,0.00543,0.00730
0.00559,0.00916,0.04491,0.00863,0.00482,0.14305,0.01509,0.03505,0.05393,0.01004,0.00399,0.01068,0.03119,0.01147,0.22760,0.21057,0.02332,0.08579,0.05900,0.00612
0.01933,0.09127,0.04394,0.09173,0.00387,0.04953,0.00954,0.02521,0.01211,0.00654,0.01360,0.05104,0.01410,0.10576,0.18952,0.16480,0.09582,0.00452,0.00436,0.00343
0.00740,0.11303,0.25432,0.01868,0.21848,0.02428,0.01183,0.00914,0.02939,0.11623,0.01573,0.01374,0.00804,0.06270,0.01785,0.01238,0.05253,0.00965,0.00230,0.00230
0.29210,0.00905,0.08230,0.02011,0.20253,0.02370,0.04454,0.11730,0.04051,0.03033,0.01029,0.07877,0.00642,0.01020,0.00681,0.00766,0.00795,0.00212,0.00351,0.00379
0.04293,0.02645,0.02478,0.03122,0.00031,0.02163,0.31004,0.09061,0.01936,0.02502,0.03291,0.06575,0.00403,0.00475,0.12923,0.16105,0.00236,0.00326,0.00310,0.00121
0.03524,0.37430,0.01187,0.38733,0.01023,0.02628,0.00349,0.01100,0.01327,0.03117,0.00551,0.01085,0.01583,0.00732,0.00882,0.02247,0.01376,0.00257,0.00384,0.00486
0.01301,0.15629,0.03265,0.02999,0.01238,0.07720,0.01993,0.06216,0.01540,0.17014,0.01955,0.06556,0.01420,0.01131,0.14052,0.13846,0.00778,0.00729,0.00192,0.00427
0.17994,0.39181,0.04728,0.01939,0.01424,0.01785,0.00949,0.00391,0.01150,0.00722,0.00882,0.04961,0.01722,0.00295,0.00536,0.00441,0.18031,0.01180,0.00716,0.00973
0.03828,0.30914,0.02467,0.31628,0.01721,0.00679,0.00495,0.02623,0.01576,0.05485,0.00741,0.02809,0.01131,0.05983,0.00727,0.00704,0.05674,0.00100,0.00267,0.00449
0.01140,0.01765,0.01437,0.01504,0.01803,0.00858,0.00944,0.02049,0.02554,0.02619,0.01842,0.00788,0.02418,0.36683,0.00873,0.00997,0.32220,0.00756,0.00248,0.06502
0.05800,0.02097,0.01128,0.03104,0.01882,0.00715,0.03028,0.01736,0.17403,0.03465,0.01019,0.01368,0.02357,0.22198,0.03476,0.04929,0.19028,0.02714,0.01065,0.01489
0.02007,0.12274,0.07039,0.05850,0.08067,0.02632,0.04613,0.11012,0.02729,0.13975,0.05664,0.09842,0.01350,0.00994,0.02526,0.01024,0.00775,0.01847,0.02465,0.03314
0.04162,0.04356,0.08471,0.05421,0.09405,0.03048,0.04324,0.02849,0.05668,0.00901,0.06380,0.03419,0.01189,0.17347,0.02337,0.02525,0.14690,0.00388,0.00451,0.02667
0.02741,0.00950,0.05868,0.29632,0.06329,0.01591,0.01740,0.02223,0.02375,0.29324,0.01450,0.00927,0.01518,0.03865,0.00178,0.01742,0.01574,0.00975,0.01585,0.03411
0.00986,0.04459,0.02910,0.01686,0.00420,0.02963,0.05966,0.28304,0.04053,0.05278,0.07320,0.27311,0.01410,0.00913,0.00451,0.02037,0.00789,0.01251,0.00249,0.01243
0.00558,0.01345,0.01000,0.03229,0.00789,0.39960,0.01772,0.40940,0.01200,0.01090,0.01203,0.01241,0.00950,0.00830,0.01030,0.01013,0.00302,0.00532,0.00638,0.00379
0.01846,0.07820,0.10043,0.10742,0.07170,0.02008,0.01249,0.15028,0.01541,0.15785,0.01593,0.13743,0.03905,0.03250,0.00798,0.00464,0.01006,0.00466,0.01248,0.00294
0.00811,0.01583,0.02102,0.04249,0.00852,0.01071,0.01816,0.23768,0.01146,0.02683,0.05389,0.21461,0.00652,0.00357,0.13968,0.14562,0.00383,0.01277,0.01234,0.00636
0.02798,0.06544,0.05084,0.04648,0.02458,0.09498,0.02546,0.03042,0.02380,0.03449,0.03580,0.02178,0.04575,0.18336,0.02960,0.00759,0.17819,0.02908,0.02969,0.01469
0.04381,0.14173,0.11535,0.15450,0.00979,0.13400,0.04087,0.02035,0.02228,0.20470,0.01085,0.00898,0.01175,0.00842,0.01624,0.00720,0.01025,0.00999,0.01822,0.01072
0.02623,0.17127,0.05609,0.03835,0.06436,0.02431,0.03334,0.02533,0.01423,0.16603,0.00499,0.02074,0.13405,0.14349,0.01661,0.01026,0.03338,0.00215,0.00496,0.00982
0.01162,0.03234,0.03061,0.04458,0.00512,0.20656,0.07549,0.07613,0.01958,0.02056,0.00863,0.05861,0.22512,0.05369,0.01990,0.01893,0.05980,0.00224,0.02357,0.00692
0.09132,0.08490,0.02115,0.04857,0.04288,0.05742,0.06794,0.08910,0.27836,0.08171,0.02558,0.01311,0.02671,0.01381,0.00239,0.01330,0.01004,0.01376,0.01162,0.00634
0.25076,0.02199,0.03223,0.06252,0.27854,0.01526,0.00420,0.01099,0.09316,0.06159,0.08947,0.01723,0.00851,0.00628,0.00647,0.01060,0.00282,0.00406,0.00531,0.01801
0.01240,0.14657,0.04789,0.18669,0.01724,0.06144,0.05365,0.10529,0.03246,0.02513,0.03081,0.09629,0.05832,0.00848,0.01228,0.03256,0.01322,0.04651,0.00942,0.00335
0.00778,0.28261,0.01403,0.27264,0.00353,0.00616,0.01169,0.08048,0.00766,0.01977,0.00655,0.09408,0.01125,0.06141,0.01278,0.02530,0.05308,0.00649,0.01222,0.01048
0.02039,0.14506,0.01022,0.02124,0.00722,0.14739,0.02262,0.10163,0.00524,0.13928,0.02240,0.06882,0.16867,0.04742,0.02214,0.02148,0.00972,0.00838,0.00442,0.00627
0.00697,0.05213,0.09410,0.06931,0.00904,0.02810,0.01198,0.31565,0.01701,0.00498,0.04267,0.28694,0.00827,0.01072,0.00405,0.01351,0.00767,0.00381,0.01103,0.00206
0.05320,0.21003,0.07215,0.08565,0.00923,0.07285,0.00941,0.09747,0.02381,0.19564,0.00476,0.09045,0.01661,0.00923,0.00747,0.01181,0.00671,0.01560,0.00531,0.00262
0.00883,0.23707,0.03336,0.02720,0.00894,0.10012,0.02005,0.07704,0.00673,0.22875,0.03491,0.07552,0.05480,0.01653,0.00684,0.01867,0.00593,0.00631,0.01588,0.01655
0.05169,0.02151,0.00860,0.08353,0.00706,0.01977,0.01700,0.02227,0.00540,0.08234,0.01078,0.02739,0.01191,0.06816,0.24138,0.23695,0.04751,0.00823,0.01035,0.01815
0.01299,0.01891,0.08471,0.19807,0.01915,0.04372,0.14326,0.03044,0.03166,0.20259,0.02897,0.02821,0.03630,0.05035,0.02603,0.01858,0.00635,0.00427,0.00480,0.01065
0.01070,0.08529,0.03110,0.07172,0.03961,0.04167,0.02474,0.01071,0.09116,0.11127,0.14745,0.01127,0.01042,0.01552,0.10266,0.14859,0.00178,0.01232,0.00735,0.02468
0.08827,0.09534,0.01178,0.02144,0.00885,0.00219,0.27418,0.01037,0.02411,0.00954,0.09966,0.02230,0.00596,0.01229,0.15287,0.12852,0.00349,0.00063,0.01459,0.01361
0.01495,0.22704,0.01456,0.33927,0.02364,0.02306,0.01464,0.01615,0.01694,0.14718,0.02189,0.04470,0.05273,0.00710,0.01293,0.00477,0.00219,0.00787,0.00637,0.00202
0.01713,0.11598,0.01386,0.30490,0.00638,0.01731,0.01110,0.08636,0.01739,0.22569,0.01611,0.08067,0.01795,0.01761,0.01181,0.01356,0.00265,0.01823,0.00290,0.00239
0.04480,0.15537,0.01606,0.09236,0.01936,0.01119,0.16472,0.01880,0.01080,0.04751,0.07992,0.02594,0.00442,0.00728,0.13547,0.13028,0.00375,0.01946,0.00509,0.00742
0.00840,0.01954,0.01255,0.01765,0.00969,0.01392,0.17206,0.09773,0.01001,0.02216,0.01237,0.09735,0.01760,0.01207,0.17774,0.21098,0.01704,0.03117,0.01269,0.02728
0.01222,0.01431,0.01258,0.02003,0.00954,0.01255,0.01220,0.01125,0.01921,0.02447,0.03364,0.02296,0.21223,0.36277,0.00392,0.00524,0.18341,0.01039,0.00916,0.00791
0.17545,0.04435,0.03617,0.01722,0.02755,0.01233,0.03400,0.01838,0.02195,0.18178,0.02265,0.00481,0.02241,0.18229,0.00796,0.00703,0.15283,0.01613,0.01024,0.00447
0.01907,0.08615,0.04552,0.01774,0.04850,0.27404,0.01736,0.02004,0.01504,0.05619,0.01412,0.00865,0.28749,0.01033,0.02330,0.01422,0.01025,0.01425,0.01293,0.00480
0.02748,0.31601,0.03087,0.14608,0.03294,0.04470,0.01044,0.07175,0.00521,0.19369,0.02810,0.02303,0.01627,0.00492,0.00823,0.00860,0.01119,0.01000,0.00430,0.00618
0.02322,0.05008,0.08206,0.07103,0.06367,0.03968,0.16768,0.01835,0.03488,0.01248,0.03203,0.02195,0.15424,0.15578,0.00857,0.02037,0.01741,0.00826,0.00489,0.01339
0.22830,0.28778,0.06978,0.08986,0.00870,0.05367,0.04609,0.03484,0.01043,0.03340,0.01983,0.02271,0.01436,0.03091,0.01053,0.01649,0.01175,0.00248,0.00291,0.00518
0.02564,0.18294,0.17663,0.17344,0.15128,0.01524,0.08749,0.00218,0.03778,0.01661,0.00926,0.00336,0.01633,0.02638,0.00903,0.01083,0.04349,0.00391,0.00479,0.00339
0.02388,0.27426,0.02225,0.16841,0.03664,0.01710,0.02095,0.02915,0.02940,0.27787,0.01488,0.02316,0.00817,0.00832,0.01046,0.01372,0.00233,0.00142,0.00744,0.01019
0.01120,0.34484,0.04248,0.01352,0.00532,0.00781,0.33774,0.02159,0.00686,0.03644,0.04779,0.02541,0.00875,0.01428,0.01631,0.02913,0.01739,0.00438,0.00340,0.00535
0.17787,0.03246,0.03292,0.09923,0.08980,0.02014,0.04655,0.18982,0.02474,0.12881,0.04130,0.01424,0.04786,0.00958,0.00787,0.02040,0.00439,0.00882,0.00075,0.00245
0.02091,0.29218,0.02138,0.10789,0.01596,0.01364,0.05191,0.04251,0.01766,0.19630,0.02151,0.02606,0.00246,0.01600,0.02401,0.07645,0.01392,0.01252,0.02243,0.00429
0.01150,0.38047,0.02484,0.01594,0.02294,0.02827,0.36534,0.00661,0.01908,0.01603,0.00879,0.00627,0.00533,0.00377,0.00613,0.00362,0.04811,0.00909,0.01107,0.00680
0.04925,0.10286,0.03397,0.04678,0.01146,0.01299,0.00607,0.00841,0.21558,0.07142,0.18224,0.02116,0.05993,0.04942,0.02359,0.00844,0.01045,0.00955,0.05697,0.01945
0.01036,0.00609,0.00804,0.00427,0.00655,0.00655,0.00385,0.01486,0.00395,0.00601,0.00498,0.00969,0.44960,0.44600,0.00244,0.00267,0.00415,0.00279,0.00221,0.00493
0.10573,0.14422,0.09862,0.11377,0.02926,0.02051,0.07626,0.00912,0.02326,0.20067,0.04578,0.01250,0.02656,0.02815,0.04060,0.00632,0.00694,0.00625,0.00301,0.00248
0.01321,0.01826,0.03916,0.15202,0.02274,0.03140,0.14636,0.04178,0.01867,0.16260,0.01205,0.04362,0.02051,0.01012,0.10311,0.10507,0.02761,0.01154,0.01081,0.00937
0.03630,0.15893,0.04355,0.11396,0.01873,0.00800,0.14939,0.02638,0.01681,0.24750,0.00957,0.01904,0.00391,0.04263,0.00584,0.00570,0.04891,0.02294,0.01440,0.00751
0.13171,0.00844,0.01964,0.19864,0.09491,0.01579,0.01331,0.00176,0.09420,0.18368,0.10608,0.00816,0.02536,0.01567,0.01019,0.00452,0.00611,0.05158,0.00786,0.00238
0.00960,0.29252,0.02075,0.29374,0.00761,0.00686,0.14909,0.01397,0.03903,0.03559,0.01831,0.03470,0.00902,0.01268,0.01354,0.01173,0.01638,0.00877,0.00132,0.00479
0.07267,0.03054,0.02178,0.13665,0.03187,0.03801,0.05222,0.04262,0.03586,0.10902,0.04392,0.02241,0.06460,0.01387,0.10901,0.08478,0.01287,0.06850,0.00337,0.00542
0.00764,0.04819,0.02009,0.01175,0.00532,0.21452,0.17266,0.05169,0.00664,0.04864,0.06579,0.03577,0.21185,0.00451,0.02510,0.00879,0.01383,0.01389,0.00683,0.02649
0.03143,0.05284,0.13763,0.03813,0.10676,0.01566,0.01582,0.21680,0.01205,0.04311,0.00476,0.21619,0.03527,0.00896,0.01235,0.00704,0.01545,0.00054,0.00529,0.02393
0.05196,0.02299,0.06933,0.01904,0.02209,0.02181,0.01830,0.16591,0.00989,0.03576,0.01178,0.15188,0.18311,0.15740,0.01811,0.00800,0.00735,0.00351,0.00753,0.01424
0.01824,0.07485,0.02773,0.04768,0.00513,0.03309,0.07176,0.01064,0.01295,0.04163,0.02845,0.02026,0.02337,0.01934,0.25809,0.27707,0.01456,0.00816,0.00202,0.00498
0.01564,0.02090,0.00739,0.11207,0.01885,0.02458,0.17531,0.10978,0.15603,0.09752,0.13036,0.08910,0.00120,0.00553,0.01164,0.00808,0.00844,0.00381,0.00261,0.00113
0.01919,0.00857,0.06002,0.02284,0.02597,0.14712,0.02475,0.01562,0.02234,0.01810,0.02232,0.01160,0.14484,0.04259,0.15956,0.17099,0.05726,0.01140,0.01006,0.00485
0.02807,0.01282,0.03864,0.03834,0.00553,0.00783,0.02058,0.02858,0.20825,0.04224,0.12578,0.01108,0.01059,0.07035,0.10462,0.15070,0.08313,0.00735,0.00297,0.00254
0.02605,0.05400,0.02847,0.02888,0.00644,0.02558,0.01206,0.31947,0.03719,0.04611,0.02580,0.29369,0.02484,0.01557,0.00594,0.01453,0.01520,0.00928,0.00702,0.00387
0.00766,0.03800,0.08054,0.04433,0.04918,0.05752,0.00747,0.07469,0.00788,0.02328,0.06837,0.06933,0.05175,0.14882,0.05943,0.01176,0.17646,0.00590,0.00713,0.01051
0.01969,0.00918,0.00289,0.00967,0.01436,0.02666,0.46642,0.09289,0.03539,0.00778,0.05065,0.08277,0.01771,0.02254,0.03435,0.05345,0.03521,0.00644,0.00615,0.00581
0.10294,0.32319,0.03184,0.11272,0.01522,0.03587,0.01120,0.00835,0.02556,0.22020,0.00859,0.01143,0.01463,0.01284,0.01038,0.01610,0.01155,0.00432,0.00943,0.01364
0.01672,0.03034,0.02562,0.07910,0.06905,0.01452,0.04474,0.00288,0.30035,0.02575,0.02235,0.01231,0.03908,0.17250,0.00308,0.01179,0.12068,0.00197,0.00424,0.00294
0.01193,0.04134,0.00941,0.04097,0.00631,0.03270,0.69829,0.01160,0.02927,0.02052,0.03270,0.00921,0.01160,0.00806,0.00433,0.01704,0.00259,0.00424,0.00424,0.00365
0.00066,0.02080,0.01555,0.16770,0.01806,0.01746,0.01014,0.09082,0.02016,0.15395,0.05612,0.09957,0.03001,0.07895,0.05741,0.04392,0.06054,0.03743,0.00427,0.01648
0.02512,0.14186,0.03061,0.12403,0.00988,0.02048,0.19652,0.03861,0.01002,0.02296,0.13965,0.03459,0.01723,0.02294,0.12030,0.00243,0.01297,0.00309,0.01711,0.00960
0.06757,0.15762,0.02232,0.12234,0.00328,0.02369,0.32686,0.01150,0.01766,0.08617,0.00983,0.00996,0.01734,0.04489,0.00623,0.00564,0.02404,0.00690,0.01533,0.02083
0.04818,0.01727,0.02157,0.01438,0.01804,0.03967,0.12970,0.01455,0.14298,0.00735,0.17844,0.02667,0.04042,0.03665,0.09112,0.13686,0.01361,0.01796,0.00263,0.00196
0.01389,0.12843,0.02056,0.13717,0.02121,0.00927,0.01145,0.01455,0.01111,0.00804,0.02633,0.00203,0.25753,0.26969,0.01378,0.01133,0.02344,0.00229,0.00269,0.01520
0.02834,0.02433,0.03502,0.04412,0.02184,0.02287,0.42913,0.03586,0.06460,0.07418,0.04919,0.04881,0.00954,0.03069,0.03604,0.00380,0.01456,0.00894,0.00238,0.01575
0.02571,0.04700,0.20113,0.04952,0.18829,0.01314,0.03052,0.09339,0.02669,0.02456,0.01394,0.08579,0.01164,0.00613,0.02572,0.01849,0.00882,0.01432,0.01446,0.10075
0.01859,0.06534,0.01217,0.23454,0.03884,0.03281,0.01296,0.03014,0.02670,0.25580,0.02661,0.02295,0.01688,0.05507,0.01424,0.01592,0.06724,0.02080,0.02388,0.00851
0.01777,0.04915,0.02478,0.01168,0.00745,0.20662,0.04215,0.21765,0.11323,0.01262,0.03069,0.01131,0.01108,0.03903,0.00542,0.00691,0.03283,0.01890,0.08529,0.05544
0.03742,0.31121,0.01616,0.01066,0.04107,0.02781,0.01159,0.04861,0.00783,0.28476,0.01749,0.05222,0.01290,0.01228,0.04254,0.03615,0.00622,0.01823,0.00245,0.00239
0.09389,0.19062,0.04764,0.06467,0.00893,0.02385,0.19687,0.02173,0.02036,0.15169,0.00971,0.00764,0.02485,0.05286,0.00878,0.00314,0.04505,0.01524,0.00178,0.01071
0.00732,0.28507,0.00938,0.28785,0.00290,0.01963,0.13329,0.01365,0.05617,0.00726,0.04971,0.01893,0.01027,0.02086,0.00660,0.01741,0.01514,0.03231,0.00310,0.00315
0.00742,0.03478,0.32735,0.06413,0.30977,0.01390,0.00369,0.01352,0.02764,0.07402,0.02354,0.01217,0.00618,0.00663,0.03111,0.00744,0.01252,0.01293,0.00894,0.00232
0.00692,0.13218,0.03589,0.08473,0.01042,0.08000,0.04424,0.06404,0.02449,0.12131,0.01159,0.05224,0.02228,0.14573,0.00773,0.01182,0.12736,0.00639,0.00377,0.00687
0.02484,0.16769,0.02927,0.19632,0.01608,0.01838,0.06502,0.07425,0.06247,0.02022,0.02576,0.07365,0.03596,0.02890,0.05614,0.06420,0.02035,0.01412,0.00416,0.00222
0.01466,0.01222,0.02908,0.12089,0.00584,0.02637,0.37995,0.07286,0.01258,0.13653,0.03345,0.04351,0.01219,0.01080,0.01227,0.02981,0.00528,0.02347,0.00556,0.01268
0.03058,0.07382,0.01001,0.00485,0.01464,0.02672,0.12153,0.06770,0.22763,0.04833,0.23560,0.04796,0.04343,0.00854,0.00301,0.01863,0.00395,0.00278,0.00495,0.00536
0.00890,0.04384,0.14593,0.03867,0.00701,0.04577,0.02479,0.02651,0.01059,0.09427,0.04403,0.00807,0.01941,0.19865,0.00360,0.00706,0.18899,0.00905,0.06964,0.00520
0.03828,0.36111,0.03761,0.33702,0.02593,0.02047,0.00682,0.01672,0.01118,0.01012,0.00587,0.00618,0.01748,0.00935,0.03728,0.01485,0.01290,0.02012,0.00584,0.00487
0.03769,0.01640,0.09631,0.02555,0.14521,0.05348,0.00342,0.11989,0.08033,0.02068,0.08628,0.13690,0.02919,0.06040,0.01114,0.01092,0.05395,0.00536,0.00446,0.00244
0.18050,0.15706,0.00811,0.06610,0.00599,0.00597,0.00921,0.01456,0.02417,0.02853,0.02084,0.01227,0.18788,0.01303,0.01617,0.01890,0.00926,0.21154,0.00443,0.00548
0.02055,0.03871,0.02653,0.26073,0.03270,0.02322,0.18907,0.01171,0.03049,0.23949,0.03273,0.01008,0.03097,0.01009,0.01714,0.01196,0.00775,0.00354,0.00152,0.00104
0.02497,0.19373,0.03717,0.17998,0.02584,0.12836,0.01068,0.05382,0.04425,0.01881,0.05110,0.06082,0.10554,0.00375,0.01444,0.02336,0.00340,0.00364,0.00655,0.00977
0.01068,0.03367,0.02618,0.04080,0.01067,0.05266,0.00890,0.06141,0.02878,0.04136,0.02753,0.04949,0.01077,0.23215,0.05425,0.07300,0.21122,0.00570,0.01031,0.01046
0.16360,0.28320,0.02597,0.16859,0.08174,0.01052,0.01263,0.00480,0.02057,0.08838,0.03557,0.01298,0.01176,0.00251,0.02645,0.02927,0.00622,0.00724,0.00498,0.00302
0.01124,0.04318,0.01416,0.04647,0.01599,0.00974,0.22375,0.01389,0.02667,0.03358,0.03093,0.01798,0.00670,0.25173,0.00993,0.00454,0.23204,0.00312,0.00252,0.00184
0.02548,0.01787,0.03623,0.08253,0.00730,0.07707,0.43842,0.00821,0.04190,0.10222,0.02305,0.00193,0.01665,0.01352,0.05346,0.02576,0.00582,0.01792,0.00276,0.00190
0.02124,0.02819,0.02630,0.32643,0.00221,0.00627,0.00762,0.39338,0.01202,0.00391,0.09249,0.00928,0.00307,0.00264,0.00918,0.04248,0.00294,0.00315,0.00310,0.00408
0.03966,0.01673,0.00726,0.04133,0.00738,0.04793,0.01695,0.26674,0.04834,0.03179,0.01840,0.26798,0.02637,0.04191,0.03946,0.02852,0.02701,0.00380,0.00573,0.01672
0.00799,0.02227,0.06258,0.11621,0.01849,0.08207,0.03443,0.08312,0.01909,0.08539,0.02579,0.01722,0.02772,0.18961,0.01487,0.01971,0.16920,0.00201,0.00089,0.00132
0.06682,0.04139,0.03949,0.01526,0.21614,0.15187,0.02377,0.01679,0.02807,0.06609,0.03924,0.00963,0.02341,0.04021,0.09984,0.07109,0.01828,0.00975,0.00975,0.01312
0.00927,0.30115,0.08654,0.03488,0.08121,0.00901,0.00778,0.02909,0.00960,0.31526,0.01324,0.02792,0.01322,0.00449,0.00335,0.01275,0.00537,0.02464,0.00326,0.00799
0.01420,0.05410,0.02135,0.03026,0.00732,0.04374,0.28901,0.04499,0.02175,0.05302,0.01454,0.03222,0.02047,0.01572,0.13824,0.14539,0.00526,0.01245,0.02268,0.01329
0.01710,0.04382,0.02127,0.16853,0.02205,0.00364,0.01196,0.19558,0.03744,0.17371,0.01930,0.19206,0.00866,0.02188,0.01347,0.01073,0.01129,0.01035,0.01395,0.00320
0.05609,0.05808,0.06895,0.05471,0.02345,0.03248,0.44608,0.00670,0.02527,0.08753,0.01003,0.00770,0.02499,0.02941,0.01403,0.01026,0.02541,0.01448,0.00251,0.00183
0.02002,0.01734,0.02463,0.01782,0.01377,0.01112,0.16566,0.16489,0.01795,0.02907,0.02750,0.18803,0.01234,0.01908,0.10222,0.13564,0.01175,0.01103,0.00407,0.00605
0.05453,0.02599,0.00827,0.02526,0.00766,0.01933,0.62347,0.00147,0.05911,0.01949,0.01549,0.01127,0.02993,0.03626,0.01724,0.01447,0.02016,0.00163,0.00336,0.00561
0.04527,0.01712,0.00363,0.02272,0.00093,0.01228,0.03778,0.00906,0.02066,0.01252,0.00682,0.01302,0.01172,0.27833,0.10929,0.12987,0.26122,0.00489,0.00147,0.00140
0.05686,0.08115,0.01542,0.03347,0.00877,0.01914,0.22393,0.17135,0.01951,0.10218,0.01652,0.16291,0.01577,0.01454,0.00804,0.00834,0.02832,0.00246,0.00795,0.00336
0.00526,0.04794,0.02999,0.09534,0.01522,0.01057,0.01999,0.27322,0.03372,0.08647,0.01472,0.25822,0.00799,0.00600,0.01885,0.01692,0.00744,0.01919,0.02416,0.00879
0.03320,0.08108,0.07585,0.23842,0.00932,0.02110,0.00746,0.01045,0.01277,0.16877,0.00815,0.02300,0.03632,0.05396,0.02395,0.01511,0.09791,0.00211,0.07756,0.00350
0.48493,0.20718,0.00373,0.01512,0.00378,0.00605,0.00838,0.09960,0.01498,0.03910,0.03307,0.00788,0.01326,0.00807,0.00489,0.01100,0.00477,0.00501,0.00345,0.02574
0.01213,0.01200,0.00941,0.28626,0.00383,0.01878,0.02443,0.02544,0.15640,0.28546,0.08726,0.01077,0.01671,0.02403,0.00640,0.01184,0.00193,0.00314,0.00084,0.00294
0.05448,0.23510,0.01086,0.12360,0.03746,0.02340,0.00614,0.09140,0.06794,0.08302,0.02867,0.09289,0.01036,0.00853,0.03863,0.03570,0.01525,0.01235,0.00889,0.01532
0.03387,0.04280,0.00666,0.03173,0.00366,0.00919,0.10145,0.04088,0.02224,0.01156,0.06802,0.00763,0.00913,0.00840,0.30599,0.26251,0.00252,0.02685,0.00082,0.00410
0.01006,0.02640,0.01710,0.01198,0.01778,0.02835,0.01712,0.23629,0.01248,0.02932,0.08616,0.26306,0.01765,0.00785,0.12084,0.06529,0.00654,0.00074,0.00223,0.02277
0.07989,0.02671,0.03362,0.05441,0.00709,0.14324,0.02963,0.21588,0.13198,0.01211,0.02700,0.01357,0.03590,0.03501,0.04516,0.05417,0.00821,0.00938,0.00311,0.03391
0.01233,0.24407,0.00951,0.23926,0.00814,0.02712,0.01125,0.15581,0.02226,0.01561,0.02366,0.12915,0.03490,0.01208,0.01791,0.00769,0.00352,0.00413,0.01752,0.00408
0.03697,0.31599,0.02195,0.30908,0.02436,0.01049,0.01128,0.01661,0.06719,0.01295,0.05545,0.00953,0.01686,0.01282,0.02856,0.02963,0.01170,0.00209,0.00278,0.00372
0.01287,0.04923,0.03746,0.03728,0.02077,0.05801,0.31112,0.02343,0.05421,0.01931,0.00662,0.04307,0.01337,0.15473,0.00286,0.01033,0.12676,0.01064,0.00307,0.00486
0.01934,0.07797,0.04535,0.30884,0.01227,0.02204,0.01066,0.02295,0.00783,0.26555,0.00626,0.02687,0.03600,0.04903,0.00806,0.00627,0.01033,0.00909,0.00534,0.04996
0.01754,0.12636,0.01312,0.19587,0.01933,0.06116,0.01167,0.02296,0.00534,0.10066,0.06720,0.01204,0.06346,0.08838,0.03958,0.02321,0.05440,0.07143,0.00136,0.00493
0.00736,0.02453,0.01694,0.04422,0.02540,0.01946,0.01183,0.11937,0.01402,0.03178,0.01593,0.13703,0.00848,0.23817,0.01399,0.01745,0.23479,0.00776,0.00450,0.00697
0.06141,0.00884,0.00998,0.00804,0.01879,0.02023,0.05565,0.02732,0.17758,0.00328,0.17396,0.01874,0.01692,0.00766,0.18711,0.18351,0.00436,0.00899,0.00265,0.00496
0.02644,0.07959,0.21563,0.02337,0.17263,0.00590,0.00404,0.01446,0.01149,0.06779,0.02240,0.01039,0.13522,0.12035,0.00968,0.00680,0.01012,0.00680,0.00388,0.05302
0.03339,0.05257,0.07379,0.08251,0.01717,0.02729,0.20742,0.04750,0.04955,0.08199,0.03880,0.07108,0.01163,0.08195,0.00450,0.02064,0.07333,0.00574,0.00884,0.01032
0.00325,0.04583,0.00366,0.31446,0.00379,0.00610,0.00608,0.07816,0.03334,0.29092,0.01120,0.06932,0.00670,0.02220,0.02125,0.03483,0.02061,0.01143,0.00543,0.01146
0.08789,0.01887,0.03505,0.02165,0.02112,0.01650,0.02924,0.01987,0.01843,0.05097,0.00657,0.01435,0.01715,0.18668,0.14284,0.11355,0.17346,0.00829,0.00389,0.01363
0.01687,0.33434,0.04995,0.33561,0.01247,0.00977,0.00770,0.00694,0.00605,0.02243,0.02536,0.00912,0.00745,0.01289,0.03660,0.04020,0.01419,0.00107,0.00063,0.05036
0.01199,0.24551,0.01280,0.01592,0.00713,0.00612,0.00527,0.17060,0.01241,0.24560,0.00732,0.16242,0.03781,0.03062,0.00607,0.00980,0.00476,0.00457,0.00113,0.00214
0.01347,0.03621,0.03464,0.28124,0.00851,0.01456,0.01704,0.09183,0.03275,0.28331,0.03654,0.09980,0.01248,0.00387,0.01484,0.00310,0.00388,0.00695,0.00150,0.00345
0.22771,0.01894,0.07664,0.01666,0.01185,0.16327,0.01800,0.28976,0.02202,0.02309,0.01378,0.01987,0.02583,0.01025,0.00865,0.03178,0.00544,0.00467,0.00255,0.00924
0.01984,0.04142,0.04345,0.01758,0.00607,0.00721,0.01319,0.02889,0.02153,0.02046,0.08086,0.03210,0.08023,0.02903,0.15897,0.24483,0.03419,0.08725,0.01644,0.01647
0.01614,0.02970,0.21193,0.03048,0.02378,0.08081,0.03268,0.11571,0.04004,0.23689,0.06246,0.02350,0.01838,0.00519,0.03783,0.00373,0.01264,0.00923,0.00520,0.00366
0.03500,0.27717,0.02080,0.27696,0.00923,0.01401,0.01408,0.09169,0.04219,0.01151,0.04066,0.08270,0.01627,0.00510,0.02685,0.00587,0.01329,0.00776,0.00436,0.00449
0.01166,0.14341,0.06455,0.01237,0.00995,0.05273,0.11077,0.04822,0.00846,0.01518,0.00956,0.01099,0.00672,0.00481,0.20433,0.19864,0.02953,0.03768,0.00969,0.01076
0.02835,0.10740,0.04190,0.13399,0.01903,0.00788,0.23347,0.01524,0.06336,0.17581,0.02440,0.01546,0.01464,0.01896,0.02849,0.04528,0.00889,0.00533,0.00552,0.00660
0.01985,0.02264,0.00976,0.14126,0.09868,0.00609,0.06508,0.01585,0.04008,0.02021,0.04486,0.01063,0.03155,0.04511,0.17811,0.19451,0.01910,0.02235,0.01018,0.00409
0.08634,0.01209,0.35031,0.02439,0.01356,0.00862,0.00291,0.01263,0.02723,0.39186,0.00975,0.01299,0.01385,0.00325,0.00358,0.00177,0.00542,0.00431,0.00391,0.01124
0.01996,0.02368,0.04135,0.03988,0.03479,0.02941,0.38518,0.00754,0.05064,0.05015,0.14104,0.00827,0.02035,0.02755,0.09410,0.00858,0.01004,0.00570,0.00118,0.00062
0.01277,0.02633,0.01912,0.08052,0.00244,0.02481,0.01181,0.09039,0.00537,0.01138,0.28294,0.01017,0.01112,0.03393,0.30661,0.01048,0.02837,0.00816,0.01697,0.00630
0.03675,0.14710,0.08699,0.06129,0.00545,0.04969,0.00642,0.00607,0.02023,0.12031,0.05003,0.00976,0.18727,0.16265,0.01913,0.00886,0.01143,0.00672,0.00228,0.00157
0.06737,0.02394,0.03231,0.03985,0.01360,0.09548,0.00600,0.08967,0.22371,0.05774,0.01002,0.03284,0.01752,0.01693,0.09472,0.08515,0.02228,0.00615,0.00799,0.05672
0.01063,0.14448,0.38635,0.02131,0.01588,0.31489,0.01493,0.00726,0.01127,0.00931,0.00409,0.00853,0.01203,0.00296,0.00708,0.00422,0.01798,0.00386,0.00148,0.00147
0.04186,0.07054,0.08613,0.08062,0.01793,0.08393,0.00394,0.02022,0.00600,0.00884,0.01767,0.02231,0.02611,0.21110,0.03031,0.03890,0.21374,0.00834,0.00398,0.00751
0.03521,0.18542,0.02046,0.13102,0.01252,0.03565,0.03141,0.01669,0.01444,0.24018,0.08879,0.02017,0.02691,0.01696,0.05119,0.01054,0.00530,0.02250,0.03021,0.00444
0.02238,0.01055,0.04024,0.01247,0.01957,0.03868,0.38671,0.15042,0.01884,0.01935,0.03145,0.15243,0.00847,0.02924,0.01455,0.01139,0.02557,0.00324,0.00196,0.00250
0.01685,0.07601,0.08706,0.04332,0.00581,0.21950,0.03659,0.10948,0.04193,0.05357,0.06755,0.01727,0.03425,0.01636,0.03367,0.01308,0.03323,0.02160,0.02140,0.05146
0.01088,0.01937,0.01863,0.00894,0.00654,0.00398,0.02729,0.01140,0.02040,0.01107,0.03270,0.01235,0.01001,0.24760,0.08900,0.08340,0.28959,0.00462,0.08984,0.00240
0.04274,0.04960,0.06420,0.08239,0.05423,0.04385,0.00888,0.01871,0.00958,0.07990,0.00896,0.00945,0.07227,0.20067,0.01845,0.01648,0.17982,0.02819,0.00783,0.00380
0.13747,0.04340,0.14315,0.05096,0.03138,0.06305,0.02732,0.02494,0.02095,0.25835,0.00839,0.00977,0.00227,0.01384,0.07896,0.06075,0.00497,0.01067,0.00378,0.00561
