0.06207,0.07590,0.07578,0.07177,0.06028,0.06296,0.09797,0.49327
0.07036,0.06632,0.07663,0.07410,0.09005,0.08903,0.29363,0.23987
0.09521,0.09567,0.08599,0.08115,0.06631,0.06613,0.11312,0.39642
0.06211,0.13370,0.08924,0.08662,0.10087,0.09801,0.08944,0.34002
0.25441,0.09589,0.07827,0.07315,0.07837,0.08123,0.17048,0.16819
0.10435,0.19954,0.09458,0.09129,0.08808,0.09284,0.17523,0.15409
0.22377,0.12720,0.09542,0.08585,0.07953,0.08680,0.07787,0.22357
0.13083,0.10731,0.09607,0.09738,0.09837,0.09778,0.26764,0.10462
0.08224,0.11799,0.08139,0.07687,0.16491,0.15381,0.11783,0.20496
0.06238,0.07564,0.08486,0.07895,0.07450,0.07001,0.29341,0.26024
0.06065,0.14089,0.13867,0.13695,0.08719,0.09326,0.09939,0.24302
0.09140,0.07507,0.08269,0.07563,0.07113,0.06973,0.29850,0.23585
0.05816,0.07537,0.09437,0.08843,0.08030,0.08128,0.29153,0.23056
0.07801,0.11229,0.11017,0.09977,0.07415,0.07145,0.19945,0.25472
0.05470,0.07423,0.07716,0.07282,0.11622,0.12034,0.17733,0.30720
0.05247,0.04639,0.07143,0.07301,0.08115,0.07584,0.07048,0.52923
0.06757,0.12223,0.08097,0.07629,0.06724,0.07276,0.19655,0.31639
0.06044,0.05895,0.07952,0.07617,0.05952,0.05801,0.40030,0.20709
0.05056,0.17827,0.06540,0.06336,0.08302,0.08283,0.09282,0.38373
0.07648,0.06914,0.08318,0.08450,0.08398,0.08998,0.10229,0.41045
0.04598,0.07418,0.06140,0.05734,0.07984,0.08307,0.05282,0.54537
0.10777,0.09108,0.09117,0.09065,0.08118,0.09560,0.07812,0.36442
0.04889,0.06984,0.06783,0.06575,0.11253,0.10554,0.12569,0.40394
0.09016,0.20710,0.09978,0.09465,0.10412,0.10945,0.08757,0.20716
0.06583,0.05837,0.07019,0.06606,0.13558,0.12069,0.27497,0.20832
0.08140,0.07054,0.07966,0.07667,0.07616,0.08091,0.11625,0.41841
0.09815,0.12745,0.09554,0.09129,0.08630,0.08735,0.10940,0.30452
0.09217,0.15167,0.12674,0.12038,0.10451,0.10727,0.15558,0.14168
0.10473,0.11527,0.10432,0.09982,0.09915,0.10542,0.13872,0.23257
0.06977,0.10166,0.10868,0.09965,0.11613,0.12025,0.07206,0.31180
0.13551,0.08953,0.07864,0.07934,0.07969,0.08272,0.27547,0.17909
0.07254,0.07886,0.23296,0.20320,0.08062,0.07616,0.08559,0.17007
0.07250,0.07759,0.08546,0.08146,0.07674,0.07977,0.07289,0.45358
0.06777,0.07011,0.10392,0.10008,0.08607,0.08760,0.32675,0.15769
0.10635,0.11719,0.08669,0.08198,0.11004,0.11133,0.15685,0.22957
0.13060,0.11224,0.08909,0.09415,0.16866,0.19133,0.07015,0.14378
0.10926,0.04610,0.05433,0.04916,0.07167,0.06543,0.15574,0.44830
0.06371,0.07019,0.07599,0.07674,0.07556,0.07890,0.07216,0.48674
0.06283,0.06353,0.08273,0.07597,0.07747,0.07441,0.30399,0.25907
0.12925,0.06650,0.07510,0.07114,0.05886,0.06112,0.09480,0.44323
0.11302,0.07653,0.11348,0.11390,0.08160,0.08542,0.27486,0.14118
0.07974,0.05007,0.05173,0.04960,0.09200,0.08367,0.41977,0.17343
0.14458,0.05322,0.08469,0.08510,0.07475,0.07502,0.10426,0.37838
0.07740,0.06828,0.06868,0.06811,0.08681,0.09002,0.18786,0.35286
0.14278,0.10210,0.09480,0.09022,0.08141,0.08494,0.17185,0.23189
0.06021,0.15715,0.10425,0.10663,0.12108,0.12201,0.13655,0.19211
0.09062,0.12403,0.12082,0.12779,0.09020,0.10210,0.15069,0.19375
0.11210,0.16961,0.08876,0.08767,0.09853,0.10127,0.16337,0.17870
0.06589,0.07085,0.16727,0.16495,0.08061,0.07378,0.18462,0.19203
0.05813,0.09957,0.08629,0.08092,0.19620,0.18689,0.10478,0.18722
0.07012,0.07839,0.09231,0.08535,0.06953,0.06933,0.17876,0.35621
0.09610,0.09961,0.09548,0.09358,0.08788,0.08775,0.14363,0.29597
0.05404,0.06981,0.07356,0.07212,0.08329,0.07917,0.32492,0.24308
0.06832,0.10400,0.09458,0.08856,0.07285,0.07114,0.17722,0.32334
0.09761,0.05823,0.08777,0.08392,0.06632,0.06914,0.17407,0.36294
0.09028,0.05250,0.06889,0.06701,0.06171,0.06110,0.23865,0.35985
0.06129,0.10409,0.13252,0.14136,0.10839,0.10519,0.13361,0.21355
0.05565,0.05017,0.05809,0.05773,0.05749,0.05755,0.08099,0.58233
0.08801,0.08401,0.07578,0.07482,0.10264,0.10559,0.26832,0.20082
0.08672,0.07052,0.16703,0.16075,0.08854,0.08442,0.16403,0.17798
0.05242,0.08074,0.06882,0.06708,0.05790,0.05724,0.08066,0.53514
0.07380,0.17927,0.10092,0.10167,0.09337,0.09502,0.23419,0.12176
0.05345,0.05409,0.08566,0.08331,0.07688,0.07360,0.23995,0.33308
0.13304,0.11062,0.11096,0.10492,0.07959,0.08294,0.14144,0.23649
0.07791,0.10176,0.08393,0.07460,0.09346,0.10180,0.09755,0.36899
0.05641,0.04912,0.05442,0.05292,0.05818,0.05635,0.06734,0.60527
0.10353,0.08713,0.10086,0.09622,0.08831,0.08414,0.18080,0.25900
0.11017,0.08326,0.12399,0.11623,0.11243,0.10429,0.13344,0.21620
0.09772,0.06521,0.07593,0.07396,0.07973,0.08098,0.13511,0.39135
0.16224,0.07527,0.09145,0.08745,0.10550,0.10676,0.08463,0.28670
0.04171,0.14698,0.07504,0.07263,0.12256,0.12364,0.27854,0.13890
0.11953,0.05798,0.07018,0.06491,0.06397,0.06100,0.38042,0.18200
0.17783,0.06814,0.08620,0.08082,0.08040,0.08111,0.10867,0.31682
0.07586,0.10576,0.09984,0.09637,0.07950,0.07846,0.25958,0.20463
0.06841,0.08698,0.07305,0.07101,0.07343,0.07181,0.18452,0.37080
0.05834,0.04138,0.05397,0.05123,0.08696,0.08264,0.14134,0.48415
0.07392,0.06120,0.08909,0.08498,0.06657,0.06425,0.15506,0.40493
0.09591,0.09293,0.10724,0.10075,0.08411,0.08451,0.13847,0.29607
0.07721,0.06158,0.06916,0.06724,0.07523,0.07590,0.09262,0.48105
0.06118,0.06401,0.07751,0.07465,0.07635,0.07302,0.11503,0.45826
0.07072,0.09879,0.10638,0.10771,0.16480,0.14229,0.14859,0.16072
0.06110,0.14248,0.11151,0.10773,0.08578,0.08921,0.15601,0.24618
0.12704,0.07325,0.09076,0.08350,0.07580,0.08441,0.06779,0.39745
0.13758,0.12029,0.09484,0.08595,0.09236,0.08893,0.13570,0.24435
0.09459,0.15083,0.12364,0.11586,0.08020,0.08541,0.08773,0.26174
0.05952,0.06391,0.08415,0.08099,0.07109,0.07354,0.19550,0.37130
0.05560,0.09262,0.08485,0.08608,0.08878,0.08690,0.34226,0.16291
0.11318,0.08400,0.10141,0.09594,0.08529,0.08961,0.10018,0.33039
0.04908,0.04659,0.05916,0.06260,0.42653,0.18324,0.06057,0.11222
0.09556,0.15562,0.07758,0.07352,0.12827,0.13479,0.10268,0.23197
0.07271,0.07478,0.08559,0.08345,0.07948,0.08181,0.18842,0.33375
0.04628,0.04052,0.05486,0.05301,0.04735,0.04713,0.07421,0.63663
0.06665,0.06204,0.07885,0.07978,0.07818,0.07523,0.08771,0.47157
0.06395,0.10147,0.09651,0.09111,0.08844,0.09323,0.19382,0.27145
0.06756,0.05843,0.05085,0.05093,0.06399,0.06541,0.15178,0.49103
0.07235,0.17083,0.10079,0.10245,0.16173,0.15790,0.09414,0.13982
0.07777,0.07233,0.08662,0.08540,0.08256,0.08157,0.08970,0.42405
0.37682,0.08011,0.07956,0.07495,0.07150,0.07332,0.07951,0.16422
0.10103,0.06472,0.07422,0.07253,0.08393,0.08939,0.07238,0.44181
0.06642,0.14714,0.09562,0.09596,0.09892,0.09960,0.11297,0.28337
