0.20426,0.00240,0.00935,0.00349,0.00472,0.00762,0.00144,0.00458,0.01116,0.00417,0.13440,0.01307,0.00202,0.00294,0.06472,0.50199,0.00718,0.00804,0.00114,0.01131
0.00053,0.00076,0.00049,0.79456,0.00054,0.00061,0.00076,0.00043,0.00048,0.19353,0.00065,0.00042,0.00081,0.00059,0.00048,0.00083,0.00048,0.00073,0.00129,0.00102
0.00615,0.00369,0.00541,0.00460,0.00617,0.01182,0.09880,0.00476,0.01286,0.01946,0.00216,0.04853,0.00221,0.46075,0.00855,0.00313,0.16587,0.00467,0.00098,0.12944
0.00192,0.00259,0.00503,0.00111,0.13619,0.00254,0.01530,0.00222,0.00189,0.00170,0.00889,0.00229,0.00179,0.00289,0.01763,0.77782,0.00778,0.00422,0.00397,0.00224
0.00582,0.00182,0.00677,0.00590,0.02319,0.00291,0.00465,0.00316,0.00325,0.00174,0.16592,0.00164,0.00314,0.00331,0.00725,0.74871,0.00146,0.00257,0.00243,0.00438
0.01257,0.00148,0.08821,0.00342,0.00230,0.00654,0.03382,0.00285,0.00571,0.00402,0.05427,0.08841,0.00156,0.00052,0.00324,0.01389,0.00414,0.27932,0.00479,0.38894
0.00290,0.00257,0.00377,0.00924,0.01457,0.00328,0.01610,0.00161,0.00465,0.00253,0.01651,0.00290,0.00235,0.00329,0.07656,0.79490,0.00361,0.00272,0.02969,0.00623
0.00548,0.00097,0.01294,0.01000,0.00147,0.02078,0.13030,0.00253,0.00480,0.00247,0.15662,0.05907,0.00321,0.00059,0.00210,0.00339,0.00687,0.00633,0.14376,0.42632
0.00799,0.00405,0.02183,0.00906,0.00513,0.13466,0.00822,0.00876,0.01406,0.00717,0.00139,0.00614,0.00220,0.50813,0.00212,0.00372,0.01958,0.00232,0.00186,0.23164
0.00303,0.00387,0.00259,0.09023,0.00446,0.00927,0.53009,0.00175,0.01080,0.05389,0.00184,0.00943,0.00196,0.01866,0.00148,0.00271,0.00768,0.16970,0.01691,0.05963
0.01039,0.00157,0.03783,0.00108,0.00101,0.00142,0.00179,0.00087,0.00685,0.00148,0.15136,0.00240,0.00720,0.00042,0.00197,0.01925,0.00289,0.49928,0.00048,0.25047
0.01237,0.00721,0.01256,0.00531,0.00375,0.00520,0.00418,0.00368,0.00621,0.00562,0.01919,0.00309,0.00470,0.10414,0.62149,0.16092,0.00255,0.01369,0.00236,0.00178
0.00441,0.24813,0.03829,0.24285,0.21616,0.00403,0.01463,0.00379,0.00271,0.00710,0.00216,0.19074,0.00321,0.00080,0.00089,0.00139,0.01437,0.00229,0.00093,0.00112
0.03919,0.03228,0.03096,0.01206,0.28057,0.01887,0.18044,0.01483,0.02571,0.01486,0.00340,0.27324,0.00987,0.00948,0.00499,0.00333,0.00482,0.01049,0.00143,0.02917
0.00086,0.00085,0.00087,0.00073,0.00087,0.00087,0.00084,0.00089,0.00085,0.00090,0.00041,0.00087,0.43940,0.00160,0.00083,0.00080,0.54345,0.00116,0.00057,0.00238
0.00135,0.00111,0.00293,0.00185,0.00517,0.00203,0.00173,0.00163,0.00170,0.00141,0.10743,0.00151,0.00414,0.00164,0.00290,0.85124,0.00157,0.00169,0.00497,0.00200
0.00759,0.34473,0.00384,0.00799,0.07611,0.01427,0.01948,0.00487,0.14223,0.08814,0.00244,0.00245,0.00161,0.02398,0.00528,0.01828,0.00422,0.22597,0.00107,0.00544
0.07038,0.00114,0.04334,0.00161,0.00234,0.00238,0.00443,0.00115,0.00527,0.00185,0.01487,0.00847,0.00512,0.00050,0.00560,0.13385,0.00379,0.24716,0.06658,0.38017
0.11991,0.00213,0.04205,0.00309,0.02094,0.00318,0.00288,0.00211,0.00304,0.00223,0.14607,0.00292,0.00172,0.00277,0.06006,0.53936,0.00580,0.03064,0.00189,0.00721
0.45922,0.00613,0.01406,0.02808,0.00959,0.06388,0.01089,0.00950,0.02430,0.00385,0.00250,0.02028,0.00395,0.00642,0.00143,0.01016,0.07497,0.01125,0.00417,0.23537
0.00702,0.00292,0.04767,0.01252,0.00240,0.08045,0.05932,0.00926,0.07075,0.00235,0.05205,0.02021,0.00811,0.00085,0.00486,0.00582,0.01627,0.15135,0.14482,0.30098
0.00179,0.00199,0.00334,0.00514,0.00504,0.00271,0.00291,0.00293,0.00218,0.00158,0.09106,0.00216,0.00276,0.00335,0.17025,0.69058,0.00465,0.00220,0.00155,0.00183
0.06102,0.39147,0.11550,0.02495,0.00663,0.03809,0.00953,0.21238,0.01307,0.00777,0.00133,0.00387,0.00312,0.00201,0.00250,0.00264,0.02692,0.00329,0.00128,0.07263
0.06820,0.01442,0.02755,0.00988,0.02127,0.01192,0.02461,0.00610,0.02272,0.00482,0.00507,0.19406,0.00351,0.13822,0.00325,0.36240,0.03094,0.03578,0.00245,0.01283
0.89884,0.00617,0.00135,0.00199,0.00078,0.00982,0.00098,0.00091,0.00144,0.00093,0.00087,0.03012,0.00061,0.00215,0.00121,0.00272,0.00064,0.00076,0.00418,0.03354
0.16442,0.00215,0.00974,0.00487,0.08913,0.01361,0.01807,0.00426,0.00848,0.00374,0.05332,0.00209,0.01188,0.00517,0.00817,0.52316,0.06545,0.00446,0.00463,0.00321
0.94651,0.00042,0.03017,0.00063,0.00057,0.00048,0.00054,0.00059,0.00091,0.00056,0.00097,0.00090,0.00045,0.00040,0.00093,0.00189,0.00026,0.00059,0.01162,0.00063
0.01063,0.02574,0.01016,0.02039,0.00919,0.01454,0.00945,0.00684,0.01537,0.01204,0.00389,0.00414,0.00261,0.38648,0.38010,0.00352,0.07404,0.00490,0.00188,0.00409
0.00297,0.00257,0.01807,0.00433,0.00126,0.02202,0.21674,0.00194,0.00543,0.00168,0.00328,0.17753,0.00148,0.00053,0.00158,0.00410,0.00316,0.02070,0.13491,0.37572
0.00786,0.00299,0.00927,0.00289,0.02470,0.00342,0.00291,0.00288,0.00772,0.00186,0.03102,0.00917,0.00253,0.00287,0.00350,0.86986,0.00289,0.00200,0.00730,0.00234
0.00355,0.00179,0.00281,0.12122,0.00227,0.00726,0.35117,0.00202,0.00737,0.00593,0.05002,0.00804,0.00373,0.03141,0.00173,0.28917,0.00612,0.01286,0.01996,0.07158
0.01879,0.00089,0.09686,0.00155,0.00087,0.00186,0.00139,0.00131,0.00274,0.00219,0.01929,0.08386,0.00303,0.00051,0.00318,0.00307,0.00201,0.34873,0.00149,0.40637
0.00444,0.00240,0.00390,0.00286,0.07219,0.00332,0.00974,0.00195,0.00341,0.00162,0.08745,0.00159,0.00329,0.00356,0.00403,0.75841,0.01020,0.00230,0.02004,0.00329
0.14694,0.00310,0.00294,0.20427,0.00264,0.09205,0.03649,0.00387,0.00814,0.00495,0.00557,0.13025,0.00314,0.00894,0.00598,0.30726,0.00442,0.00176,0.01278,0.01453
0.27307,0.00184,0.01869,0.00643,0.05276,0.07726,0.01006,0.03099,0.04281,0.35926,0.00230,0.00171,0.00256,0.00166,0.00265,0.02015,0.00397,0.00582,0.02766,0.05834
0.05838,0.00537,0.01273,0.00932,0.00245,0.02548,0.04958,0.00578,0.01239,0.05899,0.02430,0.00438,0.00285,0.00063,0.00301,0.01316,0.00905,0.16888,0.15293,0.38034
0.46164,0.00108,0.40759,0.00227,0.00706,0.03042,0.04327,0.00263,0.00212,0.00250,0.00129,0.00294,0.00161,0.01299,0.00450,0.00114,0.00204,0.00295,0.00247,0.00750
0.00998,0.00264,0.00912,0.00271,0.00142,0.00871,0.10274,0.00146,0.00438,0.00146,0.08804,0.02955,0.00139,0.00044,0.00340,0.09437,0.00501,0.27751,0.00182,0.35385
0.00281,0.00394,0.00414,0.00340,0.00429,0.00288,0.00553,0.00200,0.00253,0.00170,0.02969,0.00475,0.00250,0.00227,0.13547,0.77541,0.00693,0.00621,0.00241,0.00113
0.00744,0.00254,0.00254,0.01157,0.00608,0.00790,0.52722,0.00303,0.03308,0.01270,0.02834,0.03740,0.04122,0.01236,0.00175,0.08273,0.04449,0.02070,0.01656,0.10035
0.22158,0.00246,0.00366,0.00304,0.00185,0.00284,0.00161,0.00237,0.00266,0.00267,0.07678,0.00266,0.00169,0.00071,0.00129,0.00656,0.14840,0.01034,0.10010,0.40673
0.00315,0.00185,0.00721,0.00127,0.16772,0.00359,0.00925,0.00143,0.00358,0.00244,0.05105,0.00337,0.00088,0.00250,0.00407,0.70823,0.00163,0.00184,0.02180,0.00312
0.00389,0.00824,0.00182,0.00212,0.00110,0.00665,0.17424,0.00282,0.00226,0.00967,0.00109,0.00337,0.00494,0.39563,0.00068,0.00122,0.00963,0.00230,0.00061,0.36772
0.94061,0.00106,0.01601,0.00268,0.00210,0.00332,0.00299,0.00314,0.00333,0.00258,0.00100,0.00116,0.00087,0.00206,0.00326,0.00144,0.00122,0.00540,0.00355,0.00223
0.00084,0.00074,0.00232,0.00175,0.00113,0.00112,0.00372,0.00077,0.00102,0.00086,0.13165,0.00122,0.00114,0.00218,0.00173,0.81206,0.00192,0.00251,0.02859,0.00273
0.10773,0.00152,0.01265,0.00554,0.00196,0.04669,0.04868,0.00474,0.00910,0.00344,0.06654,0.01991,0.00289,0.00051,0.00180,0.00593,0.01333,0.07728,0.11110,0.45865
0.01369,0.00340,0.00471,0.00397,0.00975,0.00753,0.00853,0.00435,0.00746,0.00482,0.00549,0.06241,0.00123,0.13757,0.00124,0.01501,0.22445,0.22138,0.00175,0.26127
0.00159,0.00090,0.00210,0.00102,0.00086,0.00105,0.00132,0.00088,0.00145,0.00097,0.17217,0.00228,0.00266,0.00045,0.00090,0.07603,0.00167,0.30941,0.00083,0.42145
0.03006,0.00174,0.00721,0.00408,0.00212,0.02889,0.01288,0.00415,0.00473,0.00211,0.15805,0.00898,0.00554,0.00062,0.00380,0.00568,0.00972,0.19297,0.10706,0.40964
0.00066,0.00060,0.00057,0.00065,0.43654,0.00049,0.00063,0.00079,0.55186,0.00049,0.00076,0.00048,0.00064,0.00050,0.00055,0.00095,0.00060,0.00093,0.00052,0.00081
0.00041,0.00054,0.00047,0.97439,0.00043,0.00046,0.00077,0.00042,0.00058,0.01467,0.00107,0.00079,0.00057,0.00056,0.00053,0.00045,0.00030,0.00107,0.00072,0.00080
0.00199,0.40788,0.02418,0.00320,0.18340,0.01043,0.00762,0.00339,0.00177,0.00784,0.00099,0.32795,0.00120,0.00076,0.00058,0.00130,0.00304,0.00180,0.00217,0.00852
0.00164,0.00168,0.00115,0.00425,0.59670,0.00176,0.00144,0.00153,0.00135,0.00355,0.00154,0.35971,0.00336,0.00283,0.00258,0.00245,0.00417,0.00159,0.00154,0.00518
0.00436,0.00380,0.00447,0.00816,0.00855,0.00480,0.00608,0.00265,0.00654,0.00406,0.07559,0.00240,0.02018,0.00881,0.03413,0.78469,0.01325,0.00136,0.00359,0.00252
0.00184,0.00139,0.33598,0.00146,0.00177,0.00401,0.00610,0.00249,0.00290,0.00168,0.00162,0.00113,0.00197,0.19309,0.43603,0.00130,0.00104,0.00205,0.00085,0.00131
0.00987,0.01069,0.10395,0.01411,0.03446,0.04521,0.04837,0.01594,0.01618,0.01648,0.03148,0.07062,0.00149,0.00261,0.00189,0.02776,0.19823,0.05656,0.00342,0.29070
0.00097,0.00067,0.00081,0.00082,0.00066,0.00079,0.00075,0.00067,0.00073,0.00065,0.00159,0.00165,0.00086,0.22277,0.76142,0.00111,0.00079,0.00113,0.00054,0.00062
0.00132,0.00043,0.00225,0.00077,0.00054,0.00055,0.00105,0.00047,0.00071,0.00071,0.17615,0.00417,0.00259,0.00029,0.00163,0.00257,0.00096,0.37111,0.00089,0.43084
0.11455,0.00088,0.05314,0.00141,0.00080,0.00106,0.00076,0.00116,0.00242,0.00203,0.07865,0.00245,0.00368,0.00054,0.00498,0.14107,0.00121,0.14009,0.00445,0.44467
0.00056,0.00049,0.00065,0.00054,0.00073,0.00081,0.00062,0.91293,0.07586,0.00045,0.00050,0.00098,0.00043,0.00060,0.00069,0.00060,0.00072,0.00052,0.00056,0.00077
0.00058,0.30344,0.00087,0.00068,0.00043,0.67542,0.00050,0.00053,0.00047,0.00056,0.00036,0.00155,0.00071,0.00511,0.00065,0.00196,0.00065,0.00070,0.00171,0.00311
0.00355,0.00228,0.01222,0.00634,0.01381,0.01281,0.00574,0.00473,0.00507,0.00949,0.03432,0.00352,0.00187,0.00349,0.03178,0.84103,0.00158,0.00262,0.00179,0.00198
0.00111,0.01170,0.01055,0.07222,0.00477,0.00443,0.70420,0.01028,0.00192,0.00442,0.00328,0.15523,0.00170,0.00137,0.00358,0.00137,0.00127,0.00418,0.00094,0.00148
0.00163,0.00161,0.00226,0.00542,0.00205,0.00197,0.01319,0.00204,0.00153,0.00131,0.00613,0.00213,0.00134,0.00571,0.00256,0.88748,0.02890,0.01629,0.01409,0.00234
0.00270,0.01809,0.01745,0.21641,0.00424,0.00854,0.51213,0.08160,0.02560,0.00511,0.05588,0.02525,0.00620,0.00160,0.00261,0.00148,0.00359,0.00444,0.00156,0.00553
0.00203,0.00220,0.00340,0.00121,0.22291,0.00579,0.00356,0.00107,0.00178,0.00127,0.09280,0.00278,0.00288,0.00167,0.00420,0.63567,0.00468,0.00284,0.00527,0.00199
0.17472,0.00405,0.01099,0.00849,0.22382,0.01091,0.00731,0.00312,0.00318,0.00497,0.00156,0.25912,0.21313,0.00441,0.00357,0.00521,0.04745,0.00383,0.00236,0.00781
0.00129,0.00161,0.00144,0.00181,0.49795,0.00143,0.00156,0.00106,0.00124,0.00163,0.00175,0.47144,0.00189,0.00165,0.00093,0.00270,0.00125,0.00353,0.00125,0.00258
0.10424,0.00493,0.00183,0.00186,0.00124,0.00184,0.00914,0.00135,0.00443,0.00293,0.00075,0.00640,0.00126,0.44180,0.00058,0.00435,0.05298,0.00164,0.00085,0.35560
0.12399,0.01506,0.04693,0.00494,0.07277,0.04118,0.01647,0.00641,0.08671,0.01694,0.11787,0.00572,0.00607,0.01015,0.02797,0.35914,0.00687,0.01975,0.00175,0.01330
0.00735,0.00139,0.00193,0.02128,0.23400,0.00152,0.00486,0.00269,0.37752,0.00353,0.00819,0.00706,0.01541,0.14065,0.02202,0.00538,0.00225,0.13637,0.00149,0.00513
0.00776,0.00100,0.00751,0.00377,0.00109,0.04444,0.17815,0.00132,0.00288,0.00136,0.15937,0.00284,0.00121,0.00043,0.00179,0.00436,0.00183,0.09328,0.03924,0.44635
0.00398,0.00642,0.00288,0.03703,0.00277,0.11755,0.10153,0.03197,0.23939,0.05615,0.03196,0.05185,0.00165,0.00158,0.00529,0.05144,0.00437,0.01389,0.03781,0.20049
0.00654,0.13670,0.01323,0.00803,0.06412,0.00557,0.08942,0.01254,0.01430,0.01457,0.00382,0.30271,0.02911,0.18868,0.00180,0.02400,0.01443,0.00913,0.00302,0.05831
0.03628,0.00101,0.11685,0.00121,0.00185,0.00229,0.00321,0.00150,0.00234,0.00184,0.03142,0.00741,0.00149,0.00039,0.00274,0.00249,0.00240,0.29504,0.07796,0.41030
0.02262,0.00366,0.02540,0.00286,0.03481,0.09475,0.02289,0.01025,0.02146,0.00476,0.09493,0.00969,0.00283,0.00458,0.13687,0.45850,0.01684,0.00624,0.00216,0.02390
0.00342,0.00305,0.01114,0.00427,0.02373,0.00458,0.00661,0.00293,0.00560,0.00262,0.02144,0.00426,0.00123,0.00196,0.00511,0.88235,0.00174,0.00164,0.00916,0.00314
0.11439,0.00206,0.09090,0.32083,0.00501,0.01029,0.00648,0.00632,0.00414,0.00197,0.04120,0.00377,0.00419,0.01008,0.01221,0.34214,0.01748,0.00366,0.00095,0.00193
0.00330,0.00245,0.00420,0.00192,0.00234,0.00185,0.00192,0.00236,0.00227,0.00231,0.00400,0.00220,0.00173,0.23717,0.72403,0.00154,0.00100,0.00174,0.00075,0.00093
0.00039,0.00039,0.00040,0.00040,0.00056,0.00057,0.00048,0.97846,0.01213,0.00042,0.00044,0.00131,0.00028,0.00047,0.00042,0.00063,0.00047,0.00043,0.00073,0.00061
0.07923,0.00084,0.00618,0.00099,0.00085,0.00099,0.00108,0.00121,0.00155,0.00165,0.12805,0.00506,0.00067,0.00040,0.00172,0.01471,0.00156,0.27683,0.00133,0.47511
0.00062,0.00094,0.02771,0.00067,0.00082,0.00075,0.00078,0.95852,0.00058,0.00043,0.00104,0.00099,0.00061,0.00097,0.00070,0.00100,0.00049,0.00077,0.00072,0.00090
0.00123,0.00114,0.00312,0.00345,0.00341,0.00292,0.00204,0.00135,0.00316,0.00142,0.00325,0.00175,0.00127,0.00510,0.10450,0.85390,0.00166,0.00217,0.00149,0.00167
0.66985,0.00447,0.00191,0.00128,0.00138,0.00790,0.00156,0.00096,0.01425,0.00093,0.00068,0.28321,0.00114,0.00110,0.00237,0.00217,0.00089,0.00121,0.00119,0.00156
0.00481,0.25889,0.00394,0.00517,0.00642,0.08322,0.01690,0.00343,0.00520,0.00329,0.00350,0.17596,0.10029,0.15148,0.00248,0.00560,0.00676,0.03518,0.00103,0.12644
0.00380,0.00273,0.01427,0.00358,0.00453,0.01439,0.01484,0.40324,0.01024,0.00467,0.02816,0.07455,0.00129,0.00113,0.01576,0.05842,0.11460,0.03306,0.02711,0.16963
0.01462,0.01287,0.16410,0.00721,0.01845,0.02311,0.19940,0.01039,0.02870,0.00477,0.01315,0.02193,0.00224,0.00536,0.00223,0.01119,0.13432,0.04270,0.00144,0.28184
0.00109,0.00067,0.00083,0.00099,0.46363,0.00081,0.00115,0.00080,0.51757,0.00123,0.00120,0.00083,0.00098,0.00056,0.00066,0.00211,0.00057,0.00232,0.00113,0.00087
0.00404,0.03101,0.02381,0.02161,0.01871,0.01925,0.01442,0.01007,0.02338,0.06391,0.17078,0.00409,0.00199,0.01872,0.03476,0.52565,0.00346,0.00568,0.00201,0.00265
0.01332,0.00701,0.01439,0.00360,0.59538,0.00613,0.05181,0.00832,0.01209,0.01553,0.00571,0.01756,0.00129,0.20383,0.02144,0.00255,0.00376,0.00466,0.00426,0.00735
0.08319,0.00193,0.00776,0.00341,0.01058,0.03074,0.10991,0.00254,0.02671,0.00823,0.02507,0.05890,0.00169,0.00083,0.01182,0.01802,0.07492,0.07296,0.04942,0.40138
0.00267,0.02563,0.00391,0.00191,0.00152,0.02300,0.00940,0.00426,0.00205,0.00449,0.00111,0.02113,0.00776,0.44829,0.00047,0.00153,0.03470,0.00131,0.00076,0.40410
0.00040,0.00042,0.00037,0.00037,0.00036,0.00045,0.00058,0.00034,0.00027,0.00042,0.35870,0.63216,0.00035,0.00075,0.00133,0.00034,0.00056,0.00052,0.00059,0.00072
0.02334,0.00476,0.00342,0.00252,0.00152,0.00151,0.00543,0.00192,0.00386,0.00314,0.00137,0.00392,0.00092,0.55774,0.00040,0.00386,0.00572,0.00262,0.00088,0.37115
0.13054,0.00339,0.03239,0.00837,0.00236,0.01222,0.00646,0.00413,0.03055,0.00329,0.09088,0.07609,0.00185,0.00087,0.00738,0.13259,0.00351,0.06145,0.01701,0.37468
0.00257,0.00291,0.00246,0.00253,0.00225,0.00240,0.00283,0.00192,0.00277,0.00248,0.00144,0.00287,0.00190,0.61638,0.00072,0.00225,0.00269,0.00515,0.00123,0.34025
0.00569,0.00137,0.00368,0.64143,0.00245,0.00299,0.09921,0.19558,0.00284,0.00192,0.00224,0.00262,0.00414,0.00991,0.00185,0.00514,0.00332,0.00455,0.00113,0.00795
0.00620,0.00249,0.01761,0.00758,0.03015,0.00698,0.00625,0.00823,0.01392,0.00272,0.07506,0.00396,0.00206,0.00479,0.12058,0.68004,0.00287,0.00245,0.00228,0.00379
0.00877,0.02849,0.01356,0.00630,0.00502,0.01278,0.04028,0.00305,0.01258,0.02589,0.01982,0.26483,0.10983,0.00102,0.00202,0.02760,0.13401,0.10828,0.00453,0.17133
0.01338,0.00208,0.08156,0.00370,0.00315,0.00399,0.00582,0.00269,0.00309,0.00799,0.00942,0.00854,0.00437,0.00054,0.00238,0.01853,0.10314,0.34292,0.04346,0.33925
