0.11156,0.10672,0.42394,0.35779
0.19500,0.17128,0.33310,0.30062
0.37495,0.07906,0.28805,0.25794
0.18926,0.19026,0.34476,0.27573
0.05805,0.25021,0.37354,0.31819
0.11601,0.12598,0.41233,0.34568
0.17903,0.17233,0.35508,0.29356
0.20082,0.21044,0.32401,0.26473
0.16871,0.10931,0.39278,0.32920
0.23652,0.15053,0.33264,0.28031
0.25526,0.33919,0.21155,0.19400
0.07991,0.08521,0.45825,0.37663
0.17242,0.15537,0.35146,0.32075
0.19593,0.16854,0.34395,0.29158
0.16171,0.15860,0.35714,0.32255
0.12358,0.12954,0.40138,0.34551
0.26967,0.15441,0.29486,0.28106
0.10422,0.09097,0.42165,0.38315
0.16642,0.15565,0.35064,0.32729
0.19136,0.20754,0.31452,0.28659
0.18271,0.18553,0.34035,0.29141
0.25955,0.27616,0.25249,0.21180
0.21046,0.32339,0.23048,0.23567
0.24372,0.08985,0.36258,0.30384
0.11802,0.20817,0.37008,0.30374
0.32422,0.15136,0.27798,0.24644
0.12845,0.15009,0.38541,0.33605
0.20402,0.21960,0.30239,0.27400
0.16843,0.14727,0.36226,0.32203
0.19504,0.26323,0.29859,0.24314
0.22614,0.18620,0.32156,0.26610
0.14720,0.18140,0.36541,0.30598
0.21223,0.23224,0.29942,0.25612
0.17357,0.18440,0.33973,0.30230
0.11853,0.11773,0.42352,0.34022
0.18180,0.16013,0.36291,0.29516
0.28089,0.06591,0.35237,0.30083
0.14716,0.16563,0.36745,0.31976
0.27636,0.38834,0.17645,0.15885
0.11283,0.11681,0.41414,0.35622
0.21656,0.15601,0.33521,0.29222
0.15315,0.17698,0.35839,0.31148
0.16816,0.37548,0.24552,0.21084
0.18154,0.09867,0.39493,0.32486
0.19384,0.09586,0.39599,0.31432
0.31341,0.10626,0.30018,0.28015
0.13209,0.10524,0.39825,0.36443
0.10713,0.11402,0.41314,0.36570
0.08641,0.38801,0.28072,0.24486
0.23710,0.27178,0.25935,0.23177
0.17422,0.17396,0.34687,0.30495
0.06813,0.36752,0.31027,0.25408
0.13074,0.11962,0.40373,0.34592
0.15979,0.12986,0.38162,0.32874
0.13485,0.14272,0.38989,0.33253
0.15384,0.18311,0.37282,0.29024
0.11523,0.14156,0.39225,0.35096
0.12009,0.10420,0.43806,0.33765
0.08626,0.22687,0.34395,0.34292
0.24531,0.19775,0.28876,0.26818
0.20146,0.22716,0.30561,0.26577
0.26668,0.11228,0.33958,0.28146
0.34782,0.12060,0.27737,0.25422
0.16889,0.14593,0.36559,0.31959
0.17831,0.19258,0.34034,0.28877
0.15619,0.26011,0.32317,0.26053
0.15487,0.18248,0.37058,0.29207
0.14095,0.12940,0.40156,0.32809
0.18182,0.25322,0.30126,0.26370
0.41697,0.11706,0.23968,0.22629
0.15355,0.17277,0.34117,0.33251
0.17880,0.17747,0.34243,0.30130
0.18767,0.38218,0.22750,0.20265
0.11367,0.20616,0.35535,0.32483
0.27609,0.20424,0.27857,0.24109
0.21182,0.19650,0.31779,0.27389
0.15785,0.16216,0.35267,0.32732
0.11113,0.34696,0.29621,0.24570
0.20457,0.27103,0.27389,0.25051
0.25192,0.25621,0.25411,0.23776
0.35252,0.25305,0.20943,0.18501
0.33034,0.17385,0.27032,0.22549
0.18231,0.30827,0.27195,0.23747
0.15882,0.17225,0.38907,0.27986
0.11519,0.22449,0.34710,0.31321
0.13548,0.15223,0.38396,0.32832
0.17702,0.18593,0.33488,0.30217
0.08971,0.21555,0.37933,0.31540
0.18935,0.10731,0.36782,0.33552
0.34220,0.10235,0.30310,0.25235
0.22951,0.07114,0.37818,0.32116
0.16388,0.09733,0.41638,0.32241
0.11017,0.10490,0.45822,0.32671
0.20850,0.20460,0.30309,0.28381
0.13951,0.13250,0.38307,0.34493
0.10977,0.12525,0.43949,0.32549
0.11544,0.22315,0.35203,0.30938
0.14625,0.13835,0.40835,0.30705
0.09865,0.21137,0.36785,0.32213
0.13235,0.11399,0.41955,0.33411
