0.03511,0.05656,0.04115,0.04043,0.05312,0.05282,0.04885,0.04433,0.04574,0.04136,0.03941,0.03956,0.04114,0.04190,0.04635,0.04539,0.04611,0.04474,0.09785,0.09808
0.04319,0.04542,0.03846,0.03837,0.04348,0.04389,0.04862,0.04169,0.04747,0.04961,0.04362,0.04566,0.03962,0.03981,0.04348,0.04354,0.06744,0.06507,0.08520,0.08638
0.04809,0.05492,0.04311,0.04324,0.04715,0.04691,0.04495,0.04607,0.04176,0.05616,0.08073,0.04593,0.04544,0.04668,0.04055,0.04010,0.04718,0.04555,0.06766,0.06783
0.04578,0.05191,0.04239,0.04225,0.04902,0.04878,0.04527,0.03857,0.04636,0.04929,0.04247,0.04525,0.04236,0.04416,0.03976,0.04064,0.06532,0.06333,0.07883,0.07828
0.04237,0.04774,0.04208,0.04301,0.04479,0.04539,0.04578,0.06009,0.04771,0.04608,0.04437,0.04475,0.04392,0.04588,0.04353,0.04327,0.04998,0.04854,0.08507,0.08565
0.03711,0.04243,0.04233,0.04196,0.05077,0.05116,0.04430,0.04581,0.04780,0.04305,0.04077,0.04805,0.04689,0.04997,0.04708,0.04686,0.04883,0.04778,0.08748,0.08955
0.04388,0.04706,0.04176,0.04178,0.04467,0.04483,0.04668,0.04280,0.04880,0.05046,0.04414,0.04428,0.04014,0.04117,0.04308,0.04258,0.06302,0.06307,0.08214,0.08367
0.04053,0.04200,0.04711,0.04670,0.05040,0.05076,0.05098,0.04610,0.04399,0.04021,0.04263,0.05024,0.05913,0.06188,0.04399,0.04481,0.04298,0.04310,0.07576,0.07669
0.05225,0.05641,0.04325,0.04268,0.04514,0.04479,0.04999,0.03578,0.04719,0.05045,0.04163,0.03809,0.04060,0.04285,0.04605,0.04502,0.04252,0.04268,0.09691,0.09574
0.06411,0.06631,0.04335,0.04342,0.04903,0.04758,0.04662,0.03740,0.04426,0.05093,0.04472,0.03911,0.04075,0.04158,0.03953,0.03962,0.04431,0.04360,0.08660,0.08717
0.04296,0.04456,0.08006,0.08143,0.04761,0.04764,0.04079,0.04555,0.05052,0.04059,0.03863,0.04428,0.04268,0.04304,0.04124,0.04069,0.05149,0.05005,0.06345,0.06275
0.03737,0.04541,0.04097,0.04085,0.04231,0.04346,0.04658,0.03844,0.03861,0.04406,0.04033,0.03917,0.04697,0.04920,0.03719,0.03640,0.04428,0.04313,0.12447,0.12081
0.04908,0.04680,0.05324,0.05132,0.05045,0.05152,0.04702,0.04168,0.04163,0.04591,0.04608,0.04095,0.04526,0.04684,0.04314,0.04313,0.04981,0.04860,0.07956,0.07798
0.04186,0.05118,0.04378,0.04417,0.04898,0.04948,0.04174,0.04021,0.06500,0.05967,0.04340,0.04065,0.04221,0.04268,0.04716,0.04642,0.03931,0.03836,0.08821,0.08555
0.04829,0.04648,0.05683,0.05754,0.04917,0.05024,0.04971,0.04233,0.05039,0.03883,0.03844,0.04079,0.03778,0.03901,0.04031,0.04066,0.04434,0.04363,0.09338,0.09185
0.03890,0.04743,0.05162,0.05206,0.04891,0.04977,0.05173,0.03938,0.04601,0.03931,0.04165,0.04655,0.03962,0.03965,0.03971,0.03948,0.04314,0.04089,0.10188,0.10230
0.04365,0.04423,0.04878,0.04915,0.05386,0.05370,0.06359,0.04984,0.04245,0.04314,0.03854,0.04711,0.04429,0.04562,0.04572,0.04671,0.04986,0.05033,0.06942,0.07000
0.04028,0.04803,0.04540,0.04432,0.04746,0.04861,0.04991,0.04035,0.04697,0.04413,0.04191,0.04014,0.04610,0.04648,0.04092,0.03964,0.04671,0.04615,0.09830,0.09820
0.03758,0.04411,0.03717,0.03681,0.04487,0.04561,0.06848,0.06009,0.03740,0.04351,0.03786,0.04466,0.04316,0.04450,0.03905,0.03805,0.04306,0.04208,0.10483,0.10712
0.04554,0.04664,0.05778,0.05979,0.04930,0.04864,0.04540,0.04516,0.04990,0.04586,0.03927,0.04301,0.04573,0.04670,0.04630,0.04653,0.04412,0.04341,0.07522,0.07569
0.04851,0.04638,0.04275,0.04241,0.04390,0.04440,0.05020,0.04648,0.05210,0.04584,0.05465,0.05475,0.04427,0.04525,0.04109,0.04056,0.05324,0.05473,0.07471,0.07379
0.04131,0.04892,0.04360,0.04324,0.05065,0.05074,0.04429,0.05537,0.05084,0.04233,0.04927,0.04981,0.04588,0.04616,0.06481,0.06468,0.04621,0.04702,0.05774,0.05715
0.04832,0.04391,0.04103,0.04152,0.04429,0.04640,0.04491,0.04696,0.03856,0.05067,0.04104,0.04588,0.06984,0.07170,0.04801,0.04930,0.04507,0.04481,0.06821,0.06957
0.04362,0.04609,0.04342,0.04306,0.04937,0.04958,0.06649,0.04535,0.04697,0.04529,0.04238,0.04550,0.03955,0.04011,0.04079,0.04056,0.04994,0.04987,0.08615,0.08592
0.04546,0.04898,0.04087,0.04208,0.04811,0.04848,0.04767,0.05174,0.04759,0.04960,0.04776,0.05541,0.04293,0.04324,0.04117,0.04093,0.05103,0.05097,0.07811,0.07787
0.03777,0.04613,0.03946,0.04049,0.04568,0.04599,0.08351,0.05939,0.03874,0.04657,0.03922,0.04592,0.04712,0.04761,0.04061,0.04039,0.04605,0.04529,0.08233,0.08173
0.04296,0.05478,0.04093,0.04137,0.04447,0.04517,0.04860,0.04736,0.04431,0.05076,0.04771,0.04969,0.04234,0.04297,0.04638,0.04690,0.04922,0.04862,0.08202,0.08345
0.04616,0.04663,0.04369,0.04293,0.04949,0.04953,0.04915,0.04360,0.05044,0.04168,0.03442,0.04240,0.04699,0.04841,0.06177,0.06199,0.04685,0.04697,0.07341,0.07350
0.04051,0.04669,0.05282,0.05192,0.04706,0.04674,0.04678,0.04681,0.04545,0.04822,0.04187,0.04864,0.04738,0.04860,0.04112,0.04068,0.04643,0.04541,0.08412,0.08277
0.05733,0.08272,0.04475,0.04394,0.04336,0.04281,0.04654,0.04196,0.04521,0.04702,0.04307,0.03560,0.04784,0.04824,0.04336,0.04366,0.04383,0.04335,0.07836,0.07703
0.05850,0.06815,0.03976,0.03958,0.04629,0.04662,0.05209,0.04272,0.05279,0.05073,0.04615,0.04559,0.03996,0.04141,0.04223,0.04206,0.04330,0.04317,0.07944,0.07949
0.03931,0.04676,0.04080,0.03960,0.04820,0.04788,0.05114,0.04652,0.05010,0.04118,0.05533,0.05860,0.03878,0.03874,0.04665,0.04606,0.04478,0.04509,0.08787,0.08662
0.05683,0.07476,0.04088,0.04089,0.04598,0.04543,0.04590,0.04290,0.04946,0.05830,0.04623,0.04381,0.04353,0.04407,0.04198,0.04241,0.04179,0.04160,0.07755,0.07571
0.04632,0.04904,0.04358,0.04314,0.04839,0.04787,0.05332,0.04219,0.05019,0.03967,0.04475,0.04466,0.04537,0.04568,0.05374,0.05335,0.04959,0.05012,0.07524,0.07379
0.04125,0.04535,0.04751,0.04726,0.04531,0.04752,0.04934,0.04509,0.04643,0.04507,0.04298,0.03931,0.04969,0.05090,0.04024,0.04013,0.04297,0.04340,0.09430,0.09594
0.03926,0.05425,0.04258,0.04186,0.04835,0.04688,0.04880,0.04192,0.05140,0.04958,0.05536,0.05247,0.04635,0.04778,0.04099,0.04213,0.04781,0.04728,0.07709,0.07788
0.03908,0.04805,0.04068,0.04051,0.04525,0.04439,0.04547,0.04205,0.04872,0.04468,0.07727,0.04814,0.04284,0.04360,0.03879,0.03889,0.04355,0.04271,0.09183,0.09349
0.03611,0.05254,0.03912,0.03878,0.04314,0.04259,0.05471,0.04824,0.04280,0.04667,0.03972,0.04327,0.04133,0.04223,0.03860,0.03771,0.06274,0.06299,0.09417,0.09254
0.04397,0.04855,0.04085,0.04158,0.04827,0.04911,0.04870,0.04322,0.04518,0.04392,0.07488,0.09036,0.04364,0.04470,0.05093,0.04929,0.04127,0.04131,0.05493,0.05536
0.03909,0.04865,0.05126,0.05128,0.04603,0.04645,0.04925,0.03913,0.04426,0.04281,0.03757,0.03579,0.04062,0.04303,0.03835,0.03868,0.04580,0.04539,0.10933,0.10722
0.03775,0.04620,0.04077,0.04095,0.04785,0.04890,0.04694,0.04220,0.04189,0.04823,0.06736,0.06091,0.04616,0.04567,0.03856,0.03832,0.04246,0.04192,0.08800,0.08895
0.04260,0.05179,0.04188,0.04200,0.04487,0.04484,0.04107,0.04058,0.04882,0.04141,0.04291,0.04103,0.04249,0.04298,0.05835,0.05742,0.04682,0.04637,0.09150,0.09026
0.03746,0.04849,0.04409,0.04474,0.04866,0.04774,0.04826,0.04488,0.04783,0.04271,0.06073,0.09135,0.04352,0.04467,0.04350,0.04283,0.04369,0.04256,0.06627,0.06602
0.04253,0.04794,0.04034,0.04013,0.04689,0.04733,0.05624,0.04255,0.04980,0.04402,0.05590,0.04797,0.04627,0.04786,0.03898,0.03938,0.04239,0.04259,0.09113,0.08977
0.05121,0.05136,0.04060,0.04155,0.04909,0.04969,0.04864,0.03680,0.05367,0.04917,0.04751,0.04429,0.04445,0.04598,0.03943,0.04008,0.04723,0.04829,0.08552,0.08545
0.04570,0.03982,0.04611,0.04376,0.04652,0.04714,0.04455,0.04298,0.07717,0.05319,0.04017,0.04096,0.04154,0.04311,0.05073,0.04830,0.04665,0.04512,0.07770,0.07880
0.03987,0.04742,0.04149,0.04170,0.04580,0.04594,0.04256,0.04722,0.04884,0.04454,0.04391,0.04312,0.04319,0.04478,0.04980,0.04830,0.04482,0.04411,0.09671,0.09589
0.03723,0.04278,0.03724,0.03762,0.05507,0.05540,0.05329,0.03662,0.04592,0.04266,0.04641,0.04850,0.04109,0.04192,0.04267,0.04174,0.04191,0.04092,0.10578,0.10521
0.04080,0.04641,0.04084,0.04131,0.04908,0.04776,0.05384,0.04497,0.05310,0.04135,0.04698,0.08196,0.04215,0.04283,0.05146,0.04874,0.04540,0.04669,0.06765,0.06668
0.04374,0.04715,0.04333,0.04207,0.04599,0.04703,0.04667,0.04694,0.04382,0.04786,0.04233,0.04230,0.04212,0.04343,0.04254,0.04282,0.07490,0.07555,0.06891,0.07051
0.05062,0.04650,0.05357,0.05447,0.05339,0.05237,0.04657,0.04219,0.04955,0.05102,0.04074,0.04405,0.04564,0.04757,0.03734,0.03750,0.04559,0.04503,0.07812,0.07819
0.04187,0.04903,0.04606,0.04587,0.04917,0.04781,0.04836,0.07745,0.04242,0.04933,0.03788,0.03828,0.04316,0.04416,0.04795,0.04512,0.05213,0.05321,0.07182,0.06893
0.04090,0.04572,0.04597,0.04529,0.04661,0.04620,0.05086,0.04456,0.04815,0.04310,0.04038,0.04732,0.04252,0.04334,0.04851,0.04797,0.04616,0.04528,0.09114,0.09001
0.04074,0.05189,0.04329,0.04252,0.05259,0.05277,0.05683,0.04785,0.04545,0.04041,0.04549,0.04587,0.03869,0.03986,0.04166,0.04170,0.04949,0.04766,0.08768,0.08757
0.04306,0.05256,0.04131,0.04151,0.05159,0.05299,0.04966,0.04786,0.04169,0.04795,0.04202,0.04141,0.03985,0.04033,0.04335,0.04295,0.05580,0.05525,0.08419,0.08466
0.04186,0.04164,0.04139,0.04154,0.05099,0.05069,0.05159,0.04041,0.05613,0.03993,0.04407,0.04275,0.04243,0.04293,0.05586,0.05624,0.04691,0.04644,0.08299,0.08320
0.04465,0.04566,0.04506,0.04625,0.04668,0.04731,0.04694,0.04025,0.04503,0.04668,0.04390,0.04181,0.04100,0.04218,0.03987,0.03855,0.05530,0.05718,0.09239,0.09332
0.03935,0.05042,0.04139,0.04013,0.04496,0.04518,0.04614,0.04092,0.05427,0.05086,0.04225,0.04067,0.03904,0.04137,0.04220,0.04204,0.04507,0.04360,0.10630,0.10386
0.04239,0.04857,0.04281,0.04297,0.04666,0.04547,0.05042,0.05743,0.04441,0.04756,0.04714,0.03968,0.04214,0.04275,0.04677,0.04691,0.04984,0.04969,0.08334,0.08306
0.03976,0.04361,0.04068,0.04082,0.04868,0.04825,0.07350,0.06309,0.04349,0.04531,0.03654,0.05353,0.04559,0.04631,0.04027,0.04015,0.04366,0.04369,0.08179,0.08128
0.03946,0.04459,0.04505,0.04444,0.04827,0.04892,0.04826,0.04940,0.05071,0.04427,0.05594,0.05867,0.04616,0.04658,0.04912,0.04830,0.04874,0.04881,0.06671,0.06761
0.04023,0.05247,0.04542,0.04530,0.04489,0.04478,0.04590,0.03864,0.07652,0.05461,0.03898,0.04045,0.03938,0.04024,0.04764,0.04731,0.04097,0.04104,0.08840,0.08684
0.05169,0.04951,0.04498,0.04491,0.04795,0.04865,0.04759,0.04308,0.04322,0.05070,0.07847,0.05045,0.04578,0.04596,0.04117,0.04150,0.04400,0.04346,0.06795,0.06899
0.03616,0.04293,0.04183,0.04283,0.05045,0.04945,0.04600,0.04173,0.05062,0.04755,0.04081,0.04157,0.03973,0.04077,0.03932,0.03988,0.06229,0.06302,0.09128,0.09178
0.04610,0.04800,0.04381,0.04477,0.06182,0.06261,0.04548,0.04370,0.04618,0.04310,0.04576,0.04546,0.04360,0.04446,0.04491,0.04528,0.04489,0.04380,0.07840,0.07788
0.05004,0.07569,0.04125,0.04070,0.04625,0.04692,0.04791,0.04680,0.04570,0.05229,0.04436,0.04653,0.04098,0.04046,0.04690,0.04644,0.04452,0.04350,0.07652,0.07625
0.03623,0.04371,0.04180,0.04226,0.04897,0.04882,0.05539,0.04364,0.04827,0.04399,0.05227,0.04384,0.05529,0.05682,0.04038,0.04086,0.04730,0.04537,0.08302,0.08177
0.04078,0.04668,0.04120,0.04181,0.04981,0.04987,0.04736,0.04188,0.05214,0.04667,0.05129,0.04994,0.04186,0.04248,0.04298,0.04188,0.04513,0.04533,0.09144,0.08946
0.04213,0.04450,0.04481,0.04482,0.04546,0.04561,0.05035,0.03788,0.06576,0.06759,0.04381,0.04198,0.03787,0.03777,0.04469,0.04455,0.05027,0.04869,0.08212,0.07936
0.04716,0.05639,0.04192,0.04273,0.04143,0.04162,0.04624,0.04347,0.04037,0.04876,0.09835,0.05460,0.04459,0.04506,0.04381,0.04297,0.04360,0.04410,0.06730,0.06552
0.04581,0.05008,0.04197,0.04224,0.04669,0.04663,0.04999,0.05031,0.05012,0.04690,0.04147,0.04760,0.04483,0.04542,0.05095,0.04984,0.05037,0.04997,0.07339,0.07541
0.04122,0.04960,0.04390,0.04407,0.05163,0.04982,0.04988,0.04427,0.04431,0.04365,0.04832,0.04659,0.04788,0.04858,0.04413,0.04380,0.05687,0.05609,0.07296,0.07239
0.04479,0.04658,0.04341,0.04338,0.04930,0.05036,0.05494,0.04440,0.05184,0.04431,0.05973,0.08127,0.04590,0.04758,0.04625,0.04360,0.04290,0.04279,0.05845,0.05822
0.04228,0.04619,0.04916,0.04795,0.04665,0.04703,0.05368,0.05483,0.04150,0.04570,0.04326,0.04333,0.04464,0.04488,0.04349,0.04344,0.04841,0.04746,0.08319,0.08294
0.06288,0.06877,0.04530,0.04415,0.04615,0.04601,0.04830,0.04534,0.04773,0.05032,0.04429,0.04529,0.03988,0.04036,0.04357,0.04305,0.04767,0.04758,0.07149,0.07186
0.04423,0.04367,0.04288,0.04206,0.04619,0.04628,0.04897,0.04094,0.05005,0.04926,0.04081,0.04507,0.04230,0.04237,0.04143,0.04185,0.06767,0.06649,0.07910,0.07838
0.04130,0.05483,0.04168,0.04131,0.04540,0.04617,0.04459,0.04021,0.05268,0.04570,0.04748,0.04193,0.04291,0.04356,0.05459,0.05448,0.04457,0.04388,0.08694,0.08579
0.04606,0.09412,0.04246,0.04296,0.04550,0.04492,0.04339,0.04186,0.04416,0.04847,0.04569,0.04572,0.04316,0.04428,0.04340,0.04294,0.04737,0.04667,0.07280,0.07409
0.04026,0.05259,0.04028,0.04028,0.07243,0.07216,0.04407,0.04018,0.04845,0.04490,0.04557,0.05424,0.04232,0.04278,0.04326,0.04353,0.04651,0.04552,0.07060,0.07005
0.04206,0.04080,0.05014,0.04879,0.07644,0.07475,0.04683,0.03867,0.04588,0.04274,0.04244,0.05167,0.04323,0.04479,0.04517,0.04533,0.04120,0.04047,0.06885,0.06977
0.04418,0.04583,0.03876,0.03949,0.04883,0.04994,0.04951,0.04334,0.05076,0.04447,0.04597,0.05251,0.04406,0.04423,0.07995,0.07527,0.04393,0.04252,0.05818,0.05827
0.04691,0.04429,0.05014,0.04900,0.04527,0.04632,0.04672,0.04421,0.07951,0.05886,0.03966,0.04597,0.04354,0.04493,0.04490,0.04512,0.04413,0.04314,0.06809,0.06929
0.04461,0.04481,0.04964,0.04763,0.04742,0.04812,0.06006,0.06689,0.04884,0.05163,0.04508,0.04573,0.04756,0.04776,0.04122,0.04142,0.04567,0.04567,0.06562,0.06462
0.04325,0.05367,0.04500,0.04354,0.04370,0.04378,0.05372,0.05042,0.04902,0.04784,0.04208,0.03819,0.03822,0.03970,0.05599,0.05596,0.04354,0.04300,0.08527,0.08411
0.04034,0.04641,0.04117,0.04042,0.04414,0.04469,0.05670,0.06224,0.05157,0.04598,0.04089,0.04026,0.04093,0.04095,0.04486,0.04588,0.04891,0.04828,0.08725,0.08812
0.03921,0.04837,0.04360,0.04235,0.05208,0.05379,0.04759,0.03992,0.04894,0.04535,0.03926,0.04611,0.04378,0.04435,0.03852,0.03772,0.05731,0.05708,0.08707,0.08761
0.04143,0.04892,0.04226,0.04192,0.06674,0.06629,0.04857,0.04067,0.04448,0.04038,0.04072,0.04241,0.04333,0.04373,0.04314,0.04314,0.04512,0.04387,0.08641,0.08645
0.04181,0.04651,0.04649,0.04645,0.05019,0.05024,0.04771,0.05165,0.04429,0.04652,0.04726,0.04773,0.04365,0.04440,0.04573,0.04581,0.05078,0.04944,0.07706,0.07627
0.04046,0.05111,0.04225,0.04316,0.04473,0.04482,0.04809,0.04352,0.05170,0.04751,0.05634,0.04744,0.04479,0.04568,0.04584,0.04547,0.04383,0.04321,0.08492,0.08514
0.04156,0.04889,0.04186,0.04235,0.04778,0.04778,0.08170,0.04904,0.04420,0.04893,0.04247,0.04366,0.04261,0.04369,0.04226,0.04113,0.04742,0.04589,0.07872,0.07806
0.03757,0.04453,0.03930,0.03875,0.04729,0.04893,0.04215,0.03690,0.07164,0.05090,0.04694,0.04364,0.03724,0.03791,0.04418,0.04286,0.04295,0.04191,0.10269,0.10172
0.04833,0.05231,0.04115,0.04039,0.04538,0.04616,0.04655,0.03599,0.04901,0.04864,0.04426,0.04585,0.04049,0.04272,0.04581,0.04538,0.05037,0.05070,0.09066,0.08985
0.03763,0.04631,0.04589,0.04615,0.05434,0.05305,0.04766,0.04161,0.04397,0.04453,0.04443,0.04090,0.03918,0.04022,0.04352,0.04347,0.04261,0.04130,0.10340,0.09983
0.03854,0.04941,0.04534,0.04473,0.04639,0.04671,0.04208,0.04059,0.04765,0.04719,0.04559,0.04115,0.06247,0.06341,0.04306,0.04327,0.04711,0.04536,0.07962,0.08033
0.04402,0.04833,0.04030,0.04140,0.05598,0.05539,0.04503,0.03796,0.05074,0.05060,0.05140,0.03932,0.04455,0.04634,0.04228,0.04100,0.04283,0.04201,0.09087,0.08964
0.03838,0.04540,0.04220,0.04165,0.04778,0.04893,0.05391,0.03705,0.04167,0.03934,0.03851,0.04177,0.05255,0.05460,0.03796,0.03788,0.04743,0.04503,0.10336,0.10461
0.04059,0.05412,0.04419,0.04343,0.04960,0.05030,0.04843,0.04161,0.04028,0.04261,0.04870,0.05887,0.04804,0.04844,0.04493,0.04380,0.04606,0.04662,0.07946,0.07992
0.04426,0.04953,0.04181,0.04091,0.05152,0.05147,0.04929,0.03799,0.05580,0.05178,0.04522,0.04183,0.03926,0.04135,0.04476,0.04313,0.04810,0.04640,0.08842,0.08714
0.03596,0.04962,0.04340,0.04262,0.04919,0.04769,0.05328,0.05544,0.04467,0.04813,0.04289,0.04766,0.04543,0.04647,0.04330,0.04314,0.04715,0.04584,0.08501,0.08313
0.04187,0.04584,0.04525,0.04536,0.05076,0.05087,0.04595,0.04328,0.05417,0.04415,0.04089,0.04144,0.04222,0.04455,0.04924,0.04778,0.04422,0.04384,0.08927,0.08904
