0.07255,0.13333,0.03435,0.01819,0.02637,0.05412,0.05966,0.03571,0.20507,0.02640,0.00983,0.19290,0.10267,0.02885
0.16861,0.04103,0.05746,0.01872,0.18963,0.17185,0.16563,0.03627,0.04020,0.03354,0.01094,0.03129,0.01721,0.01761
0.02342,0.04138,0.02362,0.06384,0.01216,0.10699,0.10152,0.03458,0.15436,0.00983,0.10087,0.17038,0.03400,0.12305
0.06450,0.29499,0.01332,0.01932,0.01634,0.06629,0.05514,0.33399,0.02893,0.00676,0.00887,0.04480,0.01862,0.02814
0.03958,0.02595,0.02303,0.24815,0.05296,0.13071,0.03512,0.02969,0.29253,0.02554,0.02431,0.03763,0.01821,0.01660
0.04973,0.08952,0.02627,0.02171,0.02072,0.18780,0.19118,0.10349,0.02368,0.01108,0.09897,0.04145,0.10576,0.02864
0.03455,0.02328,0.01280,0.01039,0.41247,0.02771,0.36492,0.01604,0.02748,0.01398,0.01647,0.01649,0.01448,0.00895
0.15978,0.03910,0.02313,0.10418,0.24420,0.03393,0.11617,0.06326,0.04089,0.01133,0.05121,0.04270,0.04166,0.02845
0.23533,0.03785,0.02235,0.03968,0.21548,0.15256,0.13297,0.03257,0.04287,0.01445,0.01484,0.02673,0.01556,0.01677
0.02760,0.20952,0.02369,0.02040,0.02286,0.12960,0.09949,0.03882,0.02583,0.03224,0.07082,0.03657,0.22202,0.04055
0.06234,0.23889,0.05090,0.03035,0.06066,0.02369,0.04497,0.29347,0.03249,0.03437,0.02397,0.04668,0.04301,0.01421
0.02375,0.09306,0.01016,0.02077,0.01334,0.18235,0.15962,0.06414,0.14457,0.00688,0.01427,0.15059,0.08938,0.02713
0.20289,0.01855,0.01782,0.01422,0.32179,0.08929,0.19546,0.02929,0.01814,0.00871,0.01881,0.01394,0.01215,0.03892
0.08047,0.04370,0.03047,0.41069,0.02761,0.07888,0.08801,0.03654,0.07222,0.00975,0.02803,0.02632,0.03583,0.03148
0.04008,0.04635,0.25516,0.00953,0.04361,0.09413,0.09773,0.04058,0.02190,0.24065,0.01461,0.03393,0.03763,0.02410
0.24195,0.03105,0.02704,0.01211,0.24243,0.10192,0.08041,0.03188,0.03333,0.04791,0.02271,0.04091,0.02714,0.05922
0.06048,0.31055,0.01733,0.07088,0.02173,0.05284,0.05460,0.26648,0.02591,0.01296,0.01791,0.02338,0.03941,0.02552
0.03344,0.02661,0.02000,0.19831,0.03238,0.26843,0.26874,0.02695,0.05016,0.00703,0.01314,0.01182,0.02488,0.01811
0.05196,0.22858,0.03031,0.01492,0.02178,0.03383,0.02763,0.06948,0.09734,0.02379,0.03198,0.10825,0.21673,0.04342
0.04200,0.03035,0.02641,0.19258,0.03934,0.17741,0.08438,0.04097,0.23122,0.02136,0.02726,0.05468,0.01407,0.01797
0.05456,0.04054,0.06857,0.03464,0.02252,0.07079,0.06838,0.04913,0.24301,0.05235,0.01028,0.25197,0.02043,0.01282
0.12636,0.07283,0.03288,0.01869,0.19558,0.17529,0.15597,0.08570,0.03177,0.02463,0.01845,0.02306,0.01170,0.02709
0.07487,0.02872,0.03114,0.02010,0.01895,0.20906,0.22035,0.03219,0.13622,0.02197,0.02336,0.13001,0.01254,0.04051
0.05127,0.05538,0.01607,0.39337,0.02478,0.05648,0.04192,0.04206,0.17940,0.01941,0.02809,0.03483,0.03382,0.02313
0.08829,0.25174,0.02167,0.02377,0.01430,0.09229,0.09047,0.29483,0.02185,0.00706,0.01519,0.03347,0.01414,0.03092
0.05614,0.10478,0.01917,0.01985,0.02907,0.14540,0.14236,0.11460,0.05383,0.00941,0.11609,0.04687,0.10157,0.04084
0.03784,0.02960,0.02574,0.02409,0.01494,0.12722,0.11045,0.04953,0.02329,0.01784,0.23975,0.03135,0.04136,0.22701
0.05383,0.08674,0.05367,0.03635,0.03806,0.10397,0.11277,0.08973,0.04362,0.04106,0.13767,0.03100,0.12250,0.04904
0.04471,0.14556,0.08737,0.02813,0.02562,0.05196,0.07842,0.25600,0.01298,0.07290,0.04506,0.07920,0.02368,0.04840
0.03954,0.04838,0.03322,0.02551,0.01074,0.10944,0.04578,0.04469,0.28261,0.02286,0.02595,0.26814,0.02455,0.01860
0.04897,0.02718,0.03438,0.08475,0.04673,0.07612,0.06536,0.04631,0.06853,0.02301,0.22754,0.03560,0.18407,0.03146
0.03731,0.02975,0.08440,0.06557,0.02625,0.08672,0.08260,0.07785,0.14168,0.07929,0.01774,0.19285,0.05470,0.02329
0.09040,0.04743,0.03734,0.32744,0.09652,0.05290,0.04361,0.04874,0.10366,0.01453,0.02171,0.06399,0.03277,0.01898
0.07182,0.21751,0.02530,0.02237,0.07286,0.06720,0.06262,0.25276,0.04486,0.01703,0.03325,0.05430,0.03211,0.02600
0.06908,0.04876,0.08262,0.10414,0.03984,0.18166,0.13157,0.03441,0.11580,0.07446,0.03870,0.01647,0.01665,0.04583
0.26858,0.06169,0.07894,0.02941,0.22484,0.04380,0.05623,0.06672,0.03795,0.03299,0.01196,0.04920,0.01429,0.02340
0.04807,0.07521,0.01335,0.30710,0.02525,0.05339,0.05549,0.08971,0.14366,0.00837,0.02698,0.06793,0.05773,0.02776
0.12365,0.24889,0.01121,0.02397,0.03416,0.06400,0.07497,0.24147,0.03713,0.01275,0.01741,0.02340,0.03252,0.05448
0.04029,0.04341,0.04342,0.12364,0.02595,0.24251,0.11246,0.04983,0.20608,0.02688,0.01249,0.03304,0.02286,0.01714
0.03097,0.03824,0.01530,0.29418,0.03115,0.05898,0.04154,0.07533,0.23294,0.01025,0.01851,0.10391,0.02023,0.02846
0.06853,0.22631,0.03955,0.05128,0.03546,0.10065,0.07186,0.23623,0.04689,0.02320,0.02526,0.03066,0.02538,0.01874
0.04918,0.07376,0.15660,0.00956,0.01678,0.04903,0.06182,0.14964,0.02113,0.12486,0.02478,0.14627,0.07233,0.04426
0.09729,0.08992,0.03451,0.31638,0.07787,0.03692,0.04340,0.07396,0.09327,0.01453,0.01946,0.05530,0.03322,0.01397
0.21362,0.03075,0.02555,0.02984,0.26863,0.13735,0.15102,0.01985,0.03785,0.01599,0.00803,0.02433,0.01130,0.02589
0.06426,0.17567,0.01867,0.06846,0.02582,0.06714,0.06618,0.23803,0.08215,0.01511,0.04149,0.05857,0.01679,0.06167
0.03599,0.11220,0.03974,0.02955,0.03211,0.05165,0.04366,0.09667,0.15021,0.04895,0.02205,0.19764,0.11334,0.02623
0.03680,0.02816,0.02464,0.03685,0.02117,0.06820,0.05514,0.03022,0.28739,0.02139,0.04126,0.27953,0.03797,0.03129
0.19761,0.02231,0.01475,0.02674,0.20961,0.14807,0.13872,0.06965,0.03176,0.01560,0.02436,0.04474,0.02584,0.03024
0.06579,0.07515,0.02999,0.06192,0.03130,0.07708,0.06493,0.06950,0.21354,0.01428,0.01070,0.19672,0.07264,0.01645
0.04860,0.13242,0.06478,0.01618,0.03396,0.12323,0.11127,0.20415,0.02904,0.04618,0.03523,0.09664,0.04162,0.01668
0.03813,0.04615,0.03907,0.03053,0.04450,0.06585,0.07662,0.02524,0.28089,0.02060,0.01814,0.28975,0.01568,0.00885
0.20530,0.03054,0.06997,0.10707,0.21028,0.01864,0.03678,0.03927,0.03323,0.05220,0.06262,0.03833,0.05912,0.03666
0.02835,0.01237,0.02002,0.03975,0.29843,0.05618,0.27325,0.10811,0.03630,0.01572,0.00967,0.08566,0.00763,0.00858
0.23886,0.10034,0.01687,0.06219,0.22741,0.07287,0.09133,0.04131,0.02501,0.01434,0.02067,0.02829,0.03778,0.02274
0.03076,0.07565,0.01169,0.05709,0.01695,0.03557,0.03935,0.06203,0.04194,0.01291,0.27903,0.02042,0.28515,0.03145
0.04078,0.02639,0.04344,0.31540,0.02727,0.04347,0.04311,0.14657,0.09066,0.01761,0.01795,0.14357,0.01755,0.02623
0.28758,0.03625,0.02289,0.03819,0.28017,0.05058,0.06337,0.02665,0.06446,0.01554,0.01193,0.03683,0.02310,0.04246
0.20173,0.01547,0.09198,0.06648,0.21200,0.05915,0.06690,0.07871,0.02905,0.05827,0.01922,0.06325,0.01665,0.02113
0.03105,0.03085,0.02761,0.28287,0.01111,0.20371,0.20239,0.02598,0.04397,0.00743,0.04870,0.02124,0.01006,0.05303
0.04831,0.06186,0.02725,0.03574,0.06193,0.15438,0.16213,0.16267,0.04426,0.01369,0.05188,0.11850,0.03875,0.01863
0.03545,0.03177,0.02199,0.12765,0.00897,0.29527,0.07775,0.03457,0.25345,0.01631,0.01970,0.01444,0.01617,0.04651
0.05637,0.09936,0.05426,0.01179,0.05130,0.18405,0.17486,0.12958,0.01488,0.03553,0.05543,0.06853,0.04000,0.02405
0.15092,0.05059,0.07057,0.03258,0.12303,0.12989,0.12119,0.07640,0.01593,0.05634,0.03843,0.06694,0.04352,0.02367
0.03552,0.01783,0.07352,0.33282,0.05738,0.07441,0.04117,0.02445,0.23371,0.05566,0.01134,0.02402,0.00910,0.00905
0.02490,0.06916,0.01866,0.08588,0.01301,0.09797,0.08708,0.10790,0.17672,0.01200,0.01337,0.22910,0.05123,0.01302
0.02980,0.04626,0.03599,0.04395,0.02884,0.05359,0.04402,0.05557,0.29927,0.02444,0.01205,0.29385,0.01331,0.01905
0.06259,0.03178,0.04956,0.02591,0.01678,0.11162,0.06249,0.03407,0.23574,0.05347,0.02243,0.24711,0.01300,0.03345
0.14233,0.03957,0.08667,0.01503,0.16027,0.07660,0.12625,0.12057,0.01396,0.06306,0.02459,0.07965,0.01403,0.03743
0.02412,0.11766,0.08493,0.02808,0.02683,0.14718,0.13082,0.12419,0.02949,0.02583,0.09320,0.06215,0.08646,0.01907
0.13680,0.11266,0.07287,0.03445,0.15800,0.08012,0.12122,0.08358,0.04135,0.02818,0.02643,0.04099,0.03990,0.02346
0.19199,0.01798,0.01634,0.01449,0.23874,0.17710,0.19450,0.02390,0.02966,0.01835,0.01168,0.02469,0.01335,0.02724
0.01759,0.15684,0.02396,0.02051,0.01516,0.16933,0.16462,0.25784,0.01623,0.01896,0.01488,0.09159,0.01598,0.01651
0.16106,0.08414,0.01526,0.03717,0.04204,0.02354,0.02179,0.04555,0.19106,0.01613,0.00826,0.15882,0.08669,0.10848
0.04754,0.02912,0.02791,0.23974,0.07774,0.04339,0.04587,0.13948,0.13970,0.02538,0.01226,0.11845,0.02533,0.02809
0.11153,0.02218,0.10398,0.02792,0.15891,0.09091,0.07548,0.04958,0.04610,0.14687,0.02135,0.04628,0.01511,0.08379
0.21271,0.03833,0.03018,0.01879,0.18791,0.15759,0.13411,0.05313,0.02785,0.03622,0.02124,0.03185,0.01523,0.03486
0.10894,0.01907,0.01262,0.02068,0.02267,0.14102,0.13729,0.01474,0.22894,0.01073,0.01561,0.20996,0.00638,0.05135
0.29900,0.02427,0.02434,0.01251,0.34575,0.02675,0.05256,0.02075,0.05741,0.02556,0.00984,0.06543,0.02305,0.01277
0.09264,0.15292,0.01927,0.04757,0.07437,0.02605,0.03445,0.20966,0.02962,0.01133,0.11723,0.05665,0.10784,0.02039
0.05759,0.03654,0.04554,0.34124,0.07120,0.03754,0.03832,0.07095,0.14592,0.04446,0.01868,0.04720,0.01789,0.02693
0.05605,0.14932,0.01476,0.02699,0.02020,0.09728,0.07808,0.01733,0.19818,0.00859,0.00891,0.16998,0.13605,0.01827
0.03567,0.04177,0.02017,0.01555,0.01142,0.11393,0.09709,0.04968,0.24615,0.01021,0.03995,0.26119,0.02151,0.03570
0.02572,0.02351,0.03178,0.23334,0.02168,0.22620,0.15302,0.03167,0.17991,0.01337,0.01631,0.02557,0.00878,0.00914
0.12116,0.15219,0.03673,0.03443,0.02731,0.15918,0.14046,0.18447,0.02136,0.02492,0.02505,0.01767,0.01263,0.04244
0.03098,0.05621,0.14433,0.47894,0.01862,0.04705,0.04007,0.03997,0.03357,0.02775,0.02622,0.02417,0.02255,0.00958
0.08932,0.01614,0.01898,0.01469,0.26827,0.20197,0.26815,0.01878,0.02767,0.00977,0.00703,0.02015,0.01053,0.02855
0.17658,0.08943,0.08022,0.03744,0.17350,0.07730,0.08980,0.11062,0.01192,0.02783,0.03517,0.03383,0.03729,0.01906
0.04664,0.09375,0.01221,0.02566,0.03121,0.11137,0.13300,0.10852,0.04666,0.00564,0.16016,0.03350,0.16106,0.03061
0.05833,0.04386,0.01769,0.15732,0.06958,0.17595,0.16596,0.11743,0.07046,0.00946,0.01219,0.07710,0.01012,0.01454
0.14536,0.10387,0.03565,0.01241,0.02764,0.04062,0.04521,0.13428,0.01403,0.02624,0.14991,0.01775,0.10964,0.13736
0.01694,0.17162,0.02016,0.07655,0.00743,0.13062,0.12838,0.01956,0.12023,0.01070,0.02016,0.08693,0.16907,0.02164
0.06063,0.02016,0.07301,0.05694,0.05024,0.05150,0.03922,0.01732,0.03875,0.03384,0.25591,0.01956,0.01008,0.27284
0.07897,0.02003,0.01401,0.06741,0.28002,0.05550,0.22215,0.12461,0.02540,0.00613,0.00522,0.07737,0.00734,0.01585
0.06910,0.02233,0.04962,0.22095,0.03289,0.10066,0.08001,0.02205,0.19266,0.02427,0.03639,0.02940,0.03692,0.08274
0.23230,0.06199,0.11083,0.02023,0.16558,0.03025,0.02807,0.05967,0.01301,0.16780,0.02291,0.02935,0.02915,0.02887
0.12481,0.03207,0.01434,0.02890,0.18615,0.17734,0.21741,0.03165,0.03926,0.00799,0.03749,0.02860,0.02022,0.05378
0.04313,0.02481,0.09980,0.01772,0.04257,0.19540,0.16941,0.10862,0.03019,0.07659,0.04079,0.09668,0.01948,0.03481
0.17921,0.03218,0.02466,0.05789,0.27874,0.09477,0.17948,0.03122,0.02509,0.01197,0.02183,0.02113,0.01985,0.02196
0.21635,0.02247,0.02351,0.03844,0.33731,0.04601,0.08789,0.01985,0.05004,0.02972,0.03599,0.03177,0.02994,0.03070
0.02694,0.24009,0.08162,0.08848,0.01892,0.04934,0.02508,0.21093,0.05633,0.03903,0.04461,0.02360,0.08138,0.01364
0.05553,0.16386,0.01496,0.03809,0.05748,0.16871,0.15771,0.04726,0.05786,0.01071,0.01221,0.04212,0.15336,0.02016
0.04339,0.02661,0.02778,0.17671,0.02552,0.18059,0.13537,0.05479,0.19312,0.02614,0.01650,0.04349,0.01565,0.03435
0.02021,0.01610,0.04242,0.00922,0.03132,0.15618,0.16040,0.03806,0.01038,0.01516,0.21604,0.04711,0.01023,0.22720
0.06574,0.01807,0.01788,0.38839,0.04607,0.06012,0.07730,0.12883,0.04331,0.00869,0.01543,0.08986,0.01097,0.02934
0.09749,0.14734,0.02568,0.02586,0.04737,0.09813,0.07233,0.21807,0.04132,0.01317,0.04105,0.08488,0.02541,0.06189
0.14301,0.02544,0.01618,0.05677,0.37196,0.03330,0.20588,0.01672,0.05573,0.01064,0.01500,0.01953,0.01375,0.01608
0.16430,0.03958,0.00922,0.02178,0.24655,0.14358,0.14202,0.04262,0.03576,0.01633,0.03437,0.03248,0.04429,0.02712
0.03375,0.09433,0.02294,0.10551,0.03990,0.09306,0.14713,0.11161,0.02357,0.01487,0.13707,0.02382,0.09904,0.05340
0.03743,0.33543,0.01442,0.01168,0.04489,0.05805,0.06833,0.03358,0.02642,0.00860,0.01802,0.01980,0.29645,0.02690
0.03104,0.04174,0.03762,0.25531,0.01536,0.19772,0.19933,0.03973,0.07097,0.02150,0.01412,0.03400,0.02261,0.01895
0.05909,0.02591,0.03001,0.14415,0.03231,0.24036,0.06629,0.03247,0.25852,0.01684,0.02653,0.03375,0.01164,0.02212
0.08942,0.02673,0.02702,0.01372,0.02076,0.03023,0.03766,0.04086,0.02167,0.02208,0.24997,0.03067,0.03088,0.35834
0.04744,0.16220,0.01990,0.01391,0.03658,0.15073,0.12763,0.05776,0.10563,0.00939,0.01001,0.09018,0.15277,0.01587
0.19623,0.02310,0.05726,0.02342,0.20266,0.12134,0.13149,0.04207,0.02722,0.08206,0.02230,0.02675,0.01355,0.03056
0.02290,0.17693,0.01418,0.04399,0.01182,0.11048,0.09803,0.27842,0.02649,0.02013,0.02880,0.11892,0.03246,0.01643
0.02863,0.02149,0.07516,0.20348,0.02331,0.10489,0.10049,0.08696,0.14526,0.07478,0.02987,0.06867,0.02042,0.01661
0.10397,0.05586,0.04587,0.05714,0.04142,0.04181,0.05738,0.05092,0.22297,0.01867,0.03200,0.20894,0.03455,0.02849
0.01909,0.27555,0.02550,0.01858,0.01831,0.03656,0.03162,0.33026,0.04138,0.01997,0.04061,0.09773,0.02970,0.01515
0.05396,0.06687,0.09799,0.01088,0.16579,0.10414,0.22055,0.05694,0.02576,0.05794,0.02304,0.07702,0.02193,0.01718
0.09740,0.15675,0.05112,0.02464,0.03922,0.10392,0.16093,0.18045,0.04063,0.04691,0.01588,0.02709,0.02402,0.03104
0.09318,0.16087,0.02715,0.02429,0.06470,0.02371,0.01892,0.04095,0.20755,0.01661,0.01760,0.25269,0.03370,0.01809
0.24751,0.02275,0.08072,0.02909,0.26706,0.04858,0.06258,0.03962,0.03904,0.05057,0.02071,0.04870,0.02362,0.01946
0.04696,0.04697,0.04117,0.37273,0.03790,0.05837,0.05138,0.06488,0.17031,0.01705,0.01152,0.05225,0.01441,0.01410
0.03272,0.05388,0.02258,0.19646,0.01804,0.24913,0.23144,0.05081,0.06766,0.02330,0.01406,0.01471,0.01014,0.01509
0.08333,0.01891,0.02432,0.02974,0.21951,0.09830,0.25103,0.10324,0.02407,0.01820,0.01860,0.06364,0.01203,0.03508
0.03095,0.04836,0.27299,0.02608,0.08370,0.03777,0.08426,0.01965,0.03428,0.26040,0.01438,0.03365,0.03416,0.01936
0.04763,0.11869,0.01767,0.05652,0.02725,0.14854,0.14205,0.01841,0.14153,0.02094,0.02050,0.08683,0.12141,0.03203
0.08459,0.22967,0.02307,0.02391,0.07215,0.06984,0.10080,0.23504,0.02156,0.01448,0.03345,0.02101,0.02263,0.04781
0.12044,0.04426,0.06415,0.06664,0.13109,0.13458,0.16381,0.08085,0.02910,0.03031,0.02041,0.07325,0.01700,0.02411
0.07239,0.10306,0.03406,0.02535,0.04761,0.04472,0.06928,0.09163,0.04390,0.02356,0.16353,0.05115,0.18474,0.04503
0.01717,0.01479,0.03916,0.14005,0.02161,0.26728,0.25410,0.03746,0.11269,0.01313,0.01645,0.03312,0.01506,0.01793
0.01663,0.28383,0.04143,0.02116,0.00845,0.09422,0.06463,0.29289,0.02983,0.05047,0.02969,0.01850,0.03092,0.01734
0.07579,0.06412,0.01106,0.01580,0.01663,0.22697,0.23014,0.02227,0.12266,0.00653,0.01119,0.09937,0.05535,0.04214
0.04241,0.03260,0.04511,0.18450,0.04530,0.17322,0.13800,0.03374,0.18377,0.03468,0.01538,0.02601,0.03132,0.01394
0.01855,0.04293,0.03329,0.02494,0.03069,0.03394,0.03601,0.03379,0.24189,0.05340,0.07781,0.23685,0.12315,0.01276
0.01951,0.10555,0.03879,0.01813,0.02374,0.14062,0.16078,0.18774,0.01473,0.03806,0.07294,0.05869,0.08877,0.03195
0.04065,0.13213,0.07101,0.02145,0.03640,0.14361,0.07727,0.14955,0.05251,0.04209,0.10857,0.02846,0.08699,0.00931
0.05577,0.03643,0.02256,0.03516,0.01425,0.13176,0.10704,0.05699,0.21699,0.01458,0.01051,0.24973,0.01504,0.03320
0.04255,0.10774,0.02043,0.13581,0.02419,0.18479,0.09155,0.09499,0.20686,0.01336,0.00983,0.03215,0.02041,0.01534
0.01971,0.08160,0.03074,0.10330,0.00872,0.08070,0.06308,0.27278,0.08088,0.01794,0.02026,0.18877,0.01054,0.02099
0.01921,0.13460,0.03612,0.01753,0.01125,0.20425,0.20429,0.15409,0.02484,0.01680,0.05637,0.03962,0.05831,0.02271
0.01811,0.12889,0.02517,0.02463,0.01380,0.08408,0.06299,0.10189,0.16154,0.00545,0.05077,0.21660,0.08407,0.02201
0.03656,0.02399,0.20720,0.30738,0.03248,0.03670,0.03115,0.04256,0.04022,0.15975,0.01476,0.04192,0.01050,0.01484
0.00813,0.33219,0.01586,0.02389,0.00717,0.06296,0.05080,0.02570,0.04234,0.00810,0.03257,0.02843,0.34846,0.01339
0.11968,0.17101,0.01557,0.01900,0.03961,0.12940,0.13448,0.19435,0.01612,0.00903,0.05554,0.02271,0.00661,0.06689
0.15364,0.05977,0.08266,0.03731,0.03101,0.05685,0.04783,0.01755,0.17213,0.04882,0.02477,0.11583,0.04230,0.10952
0.04337,0.13159,0.03524,0.09706,0.04017,0.11232,0.09753,0.15768,0.05630,0.02999,0.07092,0.06255,0.04458,0.02070
0.15488,0.03452,0.03156,0.04363,0.34614,0.03549,0.15364,0.02543,0.04465,0.02532,0.01927,0.04312,0.02887,0.01347
0.03604,0.16982,0.12781,0.03962,0.02268,0.09956,0.11514,0.18621,0.03345,0.06547,0.03211,0.03035,0.03167,0.01008
0.20550,0.06468,0.07910,0.06170,0.17884,0.08318,0.07563,0.06810,0.02417,0.04336,0.03372,0.03783,0.01688,0.02732
0.03696,0.18333,0.01537,0.02719,0.02708,0.08124,0.07054,0.18397,0.07632,0.01735,0.09538,0.05856,0.11051,0.01620
0.22429,0.02275,0.03491,0.08078,0.18771,0.13057,0.13297,0.03313,0.03123,0.02244,0.02465,0.01750,0.01661,0.04046
0.07470,0.23966,0.03930,0.02242,0.02003,0.07671,0.07605,0.23788,0.02831,0.04849,0.02983,0.02726,0.03712,0.04224
0.06582,0.13550,0.02718,0.01654,0.04677,0.18838,0.20021,0.13712,0.02138,0.02499,0.02940,0.03293,0.02123,0.05254
0.03228,0.20139,0.01915,0.03569,0.02365,0.11552,0.10331,0.26360,0.06088,0.01041,0.00567,0.09209,0.01644,0.01992
0.09379,0.03531,0.01341,0.35779,0.06268,0.05032,0.04521,0.03800,0.12973,0.01509,0.04705,0.02303,0.05029,0.03828
0.03068,0.12356,0.01431,0.01937,0.10527,0.03374,0.12536,0.16239,0.01201,0.00679,0.16054,0.02634,0.13834,0.04129
0.09529,0.20287,0.01332,0.02903,0.04492,0.04720,0.04698,0.22864,0.03031,0.01263,0.10465,0.02452,0.04481,0.07483
0.18836,0.03766,0.02201,0.07049,0.22098,0.06703,0.09698,0.10050,0.07141,0.01468,0.01550,0.05102,0.01455,0.02884
0.03712,0.21987,0.01470,0.03672,0.08464,0.06336,0.12100,0.23513,0.03890,0.01075,0.04421,0.03258,0.04059,0.02043
0.05686,0.05132,0.07860,0.02008,0.01391,0.03688,0.02430,0.06764,0.02151,0.04028,0.27306,0.01945,0.03220,0.26390
0.06817,0.04448,0.01810,0.01095,0.03703,0.17626,0.17132,0.04400,0.18768,0.01145,0.01162,0.18133,0.01009,0.02753
0.09134,0.15553,0.07774,0.13332,0.05063,0.09335,0.08311,0.01974,0.04111,0.04938,0.01374,0.03066,0.13883,0.02152
0.02690,0.02327,0.02688,0.09403,0.03732,0.22390,0.22622,0.10787,0.06715,0.01659,0.01958,0.09765,0.00817,0.02447
0.13675,0.01555,0.01138,0.19909,0.01468,0.05611,0.04509,0.06370,0.21576,0.00654,0.00764,0.07891,0.01017,0.13862
0.02343,0.05104,0.02431,0.02102,0.02074,0.03776,0.06196,0.06212,0.03231,0.01129,0.29549,0.05122,0.02469,0.28264
0.03616,0.15546,0.03022,0.06296,0.01141,0.17770,0.14882,0.18082,0.04044,0.02274,0.04855,0.03140,0.03690,0.01642
0.03949,0.01270,0.04589,0.01724,0.01165,0.19988,0.15862,0.04419,0.16544,0.02319,0.03006,0.19224,0.01744,0.04197
0.05949,0.18478,0.01377,0.02118,0.03115,0.17182,0.18606,0.21012,0.02302,0.00820,0.00636,0.05236,0.01216,0.01951
0.02744,0.02120,0.01117,0.19349,0.02322,0.19887,0.04386,0.06442,0.29906,0.00545,0.01448,0.06720,0.01075,0.01938
0.02280,0.19216,0.01675,0.06760,0.03060,0.10534,0.11461,0.17086,0.06874,0.01353,0.04956,0.05457,0.05690,0.03596
0.04317,0.04719,0.03996,0.13885,0.04221,0.17472,0.18008,0.08787,0.12155,0.01961,0.01090,0.05655,0.01674,0.02060
0.08680,0.07710,0.02567,0.04061,0.03198,0.08992,0.07745,0.03516,0.19787,0.01795,0.01242,0.18523,0.06949,0.05235
0.05346,0.20888,0.04391,0.04535,0.03870,0.05777,0.04678,0.02421,0.11487,0.03347,0.02384,0.06488,0.23082,0.01306
0.04566,0.02117,0.11953,0.02014,0.06958,0.12980,0.17727,0.14742,0.01510,0.09646,0.01498,0.11870,0.01218,0.01201
0.03158,0.02089,0.04461,0.01417,0.02100,0.20168,0.19607,0.02770,0.01045,0.01814,0.19310,0.02988,0.16746,0.02326
0.01732,0.04973,0.03211,0.03862,0.01596,0.10756,0.05045,0.03796,0.28382,0.01647,0.03332,0.26119,0.03852,0.01696
0.06322,0.02279,0.03583,0.08999,0.03178,0.06939,0.07736,0.08928,0.04014,0.01220,0.19290,0.05423,0.18553,0.03537
0.02347,0.12791,0.01167,0.02766,0.00974,0.26435,0.25365,0.07367,0.04624,0.00878,0.01354,0.02423,0.10024,0.01485
0.04074,0.02536,0.01765,0.01722,0.03210,0.12645,0.10792,0.09502,0.19957,0.01060,0.03757,0.23106,0.03621,0.02253
0.08716,0.15814,0.02991,0.02616,0.08062,0.07750,0.07317,0.14838,0.02739,0.02150,0.10693,0.02322,0.09398,0.04595
0.02822,0.16922,0.04620,0.02477,0.02447,0.10850,0.10137,0.23126,0.03050,0.03925,0.01989,0.10719,0.03990,0.02927
0.04029,0.02963,0.04605,0.13394,0.03520,0.22853,0.17789,0.02716,0.15976,0.04221,0.01854,0.01886,0.01555,0.02638
0.03016,0.02172,0.01016,0.01343,0.01307,0.11774,0.10096,0.09148,0.05718,0.01807,0.18406,0.13149,0.01531,0.19517
0.05218,0.13243,0.02687,0.04279,0.05336,0.09481,0.12693,0.17551,0.04156,0.00915,0.06806,0.04908,0.07953,0.04773
0.22926,0.01843,0.03320,0.02852,0.24025,0.13313,0.10999,0.02545,0.04036,0.01506,0.02247,0.04913,0.03023,0.02451
0.06063,0.01345,0.03749,0.12714,0.09501,0.14423,0.08149,0.03052,0.20205,0.05961,0.01647,0.03900,0.01659,0.07633
0.28900,0.02772,0.02816,0.08624,0.24361,0.03648,0.05828,0.03555,0.03998,0.01714,0.02820,0.04059,0.01887,0.05019
0.20943,0.04195,0.03964,0.05851,0.18413,0.08229,0.10175,0.04996,0.06783,0.01191,0.03077,0.04186,0.03824,0.04174
0.19676,0.04445,0.02794,0.03759,0.21737,0.06099,0.13029,0.08130,0.02073,0.02386,0.02605,0.06667,0.02818,0.03782
0.07637,0.01636,0.00655,0.17668,0.02366,0.18962,0.05855,0.06935,0.25747,0.01618,0.01042,0.04667,0.00988,0.04225
0.06172,0.02266,0.05777,0.05379,0.14491,0.04129,0.11508,0.20268,0.03335,0.01919,0.02022,0.19390,0.01354,0.01992
0.07613,0.11937,0.04437,0.01710,0.07477,0.03078,0.06947,0.15417,0.02256,0.01967,0.15079,0.03134,0.15040,0.03908
0.16806,0.03864,0.03202,0.03027,0.14944,0.12457,0.13717,0.08627,0.02512,0.04071,0.03173,0.03809,0.01018,0.08775
0.04715,0.03787,0.02375,0.31568,0.03642,0.16058,0.14479,0.02581,0.07066,0.00815,0.04673,0.02705,0.02347,0.03189
0.04624,0.03914,0.02494,0.01653,0.02219,0.15527,0.13517,0.04815,0.02586,0.01422,0.21110,0.02561,0.01750,0.21810
0.03420,0.04389,0.02259,0.03918,0.01079,0.20093,0.20094,0.14340,0.05351,0.01793,0.01280,0.15564,0.03932,0.02488
0.20853,0.05392,0.02535,0.10378,0.17287,0.13694,0.13016,0.05110,0.03234,0.01181,0.00935,0.03131,0.01860,0.01395
0.10648,0.16344,0.01419,0.03535,0.07156,0.11657,0.12133,0.14940,0.02596,0.00714,0.07000,0.01228,0.07558,0.03074
0.02780,0.25232,0.04378,0.01404,0.01922,0.07008,0.06575,0.32512,0.01806,0.03839,0.00787,0.08117,0.02751,0.00890
0.03538,0.08997,0.02942,0.08809,0.00918,0.06443,0.03749,0.03703,0.25603,0.01929,0.02908,0.17483,0.08461,0.04516
0.05475,0.11390,0.04348,0.02100,0.06906,0.12744,0.15276,0.12968,0.02283,0.04037,0.07774,0.03906,0.09156,0.01637
0.02152,0.01950,0.02894,0.31545,0.01628,0.14476,0.13424,0.09112,0.04616,0.01521,0.03418,0.07685,0.02309,0.03270
0.04196,0.02896,0.22295,0.03085,0.03185,0.13788,0.11120,0.05167,0.02921,0.21173,0.02130,0.03599,0.01911,0.02535
0.18963,0.02939,0.04003,0.04867,0.21796,0.11571,0.14594,0.03151,0.04409,0.03231,0.01486,0.02078,0.01889,0.05024
0.01325,0.03728,0.01937,0.03638,0.01079,0.24839,0.22952,0.03302,0.17245,0.00764,0.00526,0.16086,0.01857,0.00722
0.04940,0.11408,0.07854,0.06408,0.01371,0.02546,0.04106,0.10045,0.04868,0.05419,0.16061,0.03884,0.18147,0.02942
0.03147,0.06939,0.03291,0.05894,0.01662,0.22603,0.24789,0.02036,0.09630,0.02408,0.01299,0.05616,0.09445,0.01241
0.02051,0.10356,0.08561,0.03429,0.03189,0.05378,0.05168,0.02957,0.19219,0.06520,0.01825,0.19718,0.09688,0.01941
0.05092,0.18241,0.07518,0.04389,0.03921,0.14577,0.10717,0.18068,0.03206,0.03673,0.02911,0.02419,0.03742,0.01525
0.01760,0.03762,0.02376,0.22226,0.01958,0.07846,0.07298,0.11456,0.19955,0.01414,0.01328,0.14027,0.03027,0.01567
0.03379,0.05969,0.04953,0.06949,0.01556,0.09579,0.05483,0.08803,0.05237,0.04484,0.19845,0.02578,0.19006,0.02179
0.03527,0.20792,0.02597,0.01238,0.05140,0.09352,0.11020,0.22082,0.04856,0.03606,0.02886,0.07070,0.03606,0.02226
0.06781,0.02061,0.13516,0.43143,0.04112,0.04354,0.03864,0.01630,0.05852,0.06860,0.01965,0.01896,0.01454,0.02513
0.02626,0.02363,0.23600,0.26149,0.04099,0.04966,0.03519,0.02405,0.06189,0.19737,0.00814,0.01443,0.01068,0.01022
0.04014,0.02609,0.03695,0.01540,0.13940,0.22661,0.31924,0.05526,0.02316,0.02061,0.02227,0.03719,0.01481,0.02287
0.03355,0.02436,0.05251,0.06652,0.01561,0.13971,0.12929,0.04301,0.21277,0.02541,0.01449,0.20782,0.01533,0.01963
0.08675,0.04289,0.05028,0.01909,0.16462,0.05611,0.07944,0.18581,0.03017,0.01969,0.02819,0.17762,0.03218,0.02717
0.13700,0.08496,0.06065,0.01117,0.23031,0.04215,0.11448,0.06844,0.01534,0.08181,0.03107,0.04367,0.05147,0.02749
0.06291,0.18003,0.01863,0.01258,0.00936,0.18876,0.17075,0.03600,0.02267,0.01087,0.02134,0.03968,0.17267,0.05376
0.02918,0.01663,0.00815,0.19479,0.01249,0.26890,0.07875,0.01326,0.32136,0.00909,0.01050,0.01009,0.01160,0.01521
0.09450,0.01828,0.01113,0.05556,0.28258,0.13086,0.25288,0.02260,0.03353,0.01223,0.02441,0.01522,0.01568,0.03053
0.07887,0.00967,0.24894,0.03057,0.09487,0.03275,0.04478,0.02040,0.03257,0.23676,0.03618,0.03254,0.02684,0.07427
0.13683,0.02362,0.03317,0.01406,0.16807,0.18990,0.18705,0.05611,0.02562,0.02544,0.04348,0.05650,0.02616,0.01399
0.06446,0.04279,0.03767,0.03783,0.28909,0.03275,0.18482,0.12015,0.04600,0.01160,0.02086,0.06741,0.02933,0.01522
0.03492,0.01511,0.03318,0.33614,0.02604,0.11520,0.08641,0.08139,0.10471,0.01294,0.03443,0.08582,0.00867,0.02504
0.03176,0.08866,0.04347,0.01267,0.01481,0.25496,0.24163,0.07133,0.03327,0.02299,0.05972,0.03332,0.02781,0.06360
0.24909,0.03079,0.02729,0.02439,0.17595,0.13893,0.16964,0.04586,0.02474,0.02074,0.00873,0.02709,0.00916,0.04759
0.15955,0.21989,0.01012,0.02100,0.02778,0.07081,0.06350,0.25730,0.02141,0.00585,0.01131,0.02620,0.01585,0.08942
0.07544,0.01859,0.03477,0.03737,0.01276,0.13763,0.13764,0.20422,0.04300,0.05157,0.00719,0.15745,0.01055,0.07181
0.01374,0.05730,0.01405,0.02113,0.01406,0.25597,0.23631,0.16746,0.02860,0.00536,0.03470,0.12457,0.01693,0.00983
0.17320,0.02203,0.01812,0.11910,0.14995,0.20075,0.18917,0.02427,0.02849,0.01189,0.00760,0.02573,0.01822,0.01149
0.06224,0.03646,0.00809,0.31332,0.01462,0.16918,0.14609,0.03580,0.12826,0.00443,0.00980,0.04013,0.01106,0.02052
0.02145,0.02231,0.01124,0.04056,0.01821,0.18651,0.18417,0.06681,0.19194,0.00536,0.00614,0.20604,0.03033,0.00895
0.01687,0.08236,0.07232,0.02275,0.00951,0.16166,0.12432,0.22556,0.02117,0.06508,0.01175,0.15608,0.01337,0.01721
0.02757,0.01745,0.03036,0.01876,0.03593,0.06449,0.03699,0.16116,0.19511,0.03049,0.02412,0.31437,0.02508,0.01812
0.03431,0.05311,0.02135,0.03973,0.01244,0.17048,0.13092,0.03758,0.24025,0.01338,0.01288,0.19743,0.01663,0.01951
0.03425,0.09886,0.03934,0.00596,0.05198,0.03794,0.05930,0.11795,0.21753,0.02185,0.02173,0.26435,0.00996,0.01902
0.03412,0.16909,0.01321,0.09108,0.04221,0.06317,0.04205,0.31384,0.05141,0.01109,0.01127,0.12478,0.00938,0.02329
0.04444,0.20927,0.03714,0.02584,0.04233,0.05446,0.05176,0.22451,0.04844,0.03680,0.08267,0.03049,0.09098,0.02087
0.13220,0.05528,0.03192,0.03373,0.22173,0.05358,0.20347,0.06441,0.05917,0.01818,0.01666,0.04297,0.02207,0.04463
0.11032,0.08382,0.04696,0.03979,0.01519,0.04510,0.06008,0.07861,0.20455,0.02308,0.00872,0.20123,0.02158,0.06096
0.02147,0.02675,0.15154,0.29930,0.02369,0.07699,0.05675,0.02600,0.12624,0.12955,0.01274,0.02299,0.00731,0.01869
0.05638,0.16683,0.01413,0.01604,0.01586,0.21050,0.19424,0.03353,0.05627,0.00893,0.02577,0.03411,0.14533,0.02208
0.02824,0.20684,0.01547,0.03798,0.04305,0.12064,0.09342,0.21549,0.02074,0.01033,0.09698,0.01397,0.08427,0.01258
0.10126,0.02840,0.11122,0.01135,0.26964,0.05216,0.17047,0.01655,0.01916,0.12618,0.02357,0.02143,0.01696,0.03166
0.10538,0.18049,0.02642,0.01904,0.01453,0.19743,0.11202,0.21034,0.02056,0.01362,0.01723,0.03006,0.00977,0.04310
0.07374,0.18082,0.03583,0.02833,0.04696,0.04593,0.06572,0.20462,0.02407,0.02121,0.12098,0.03425,0.10901,0.00852
0.04520,0.05274,0.02349,0.04493,0.04840,0.13435,0.13277,0.08951,0.03464,0.01817,0.16420,0.02815,0.12701,0.05643
0.04051,0.02314,0.01595,0.02256,0.01247,0.11031,0.10073,0.03050,0.28676,0.01484,0.02287,0.27361,0.01170,0.03406
0.07425,0.02645,0.04701,0.37147,0.04693,0.08079,0.09695,0.05589,0.06967,0.02521,0.03254,0.03425,0.02223,0.01636
0.20240,0.06416,0.02559,0.01626,0.17097,0.17104,0.16212,0.07666,0.02123,0.01305,0.01555,0.02820,0.01275,0.02002
0.04999,0.03029,0.03072,0.01822,0.01562,0.17987,0.12076,0.03866,0.05507,0.01954,0.18781,0.01864,0.02428,0.21054
0.04298,0.12949,0.04677,0.02751,0.05021,0.10661,0.07953,0.16563,0.03153,0.02754,0.12469,0.03513,0.11756,0.01479
0.15673,0.05560,0.02841,0.05723,0.27108,0.06207,0.13147,0.10812,0.01920,0.01777,0.01831,0.03924,0.01788,0.01689
0.03508,0.02863,0.02237,0.16662,0.02906,0.27182,0.26613,0.03921,0.03429,0.00840,0.02617,0.02215,0.01990,0.03017
0.04433,0.10959,0.04283,0.01853,0.05265,0.18889,0.17832,0.16818,0.02161,0.02338,0.01611,0.10632,0.01394,0.01533
0.14046,0.04596,0.08523,0.01666,0.03953,0.03523,0.04351,0.11143,0.01281,0.05947,0.12934,0.05695,0.10662,0.11680
0.02160,0.04063,0.01689,0.02138,0.00809,0.17748,0.19190,0.04124,0.04902,0.01935,0.16135,0.04676,0.02612,0.17820
0.05216,0.13091,0.05031,0.05507,0.03033,0.08099,0.06987,0.02549,0.16288,0.03843,0.01797,0.12827,0.13235,0.02497
0.09285,0.03049,0.01037,0.01690,0.02957,0.04389,0.05390,0.01613,0.27941,0.01169,0.01750,0.26630,0.03890,0.09210
0.03576,0.05272,0.01490,0.18551,0.02638,0.12813,0.03886,0.05247,0.28098,0.00956,0.01330,0.07883,0.03817,0.04442
0.21297,0.09099,0.02248,0.01692,0.20852,0.07746,0.11546,0.05398,0.01907,0.01730,0.05599,0.01006,0.07254,0.02626
0.03171,0.02776,0.01984,0.02859,0.01646,0.13003,0.12758,0.02789,0.22882,0.01498,0.06475,0.22292,0.03844,0.02022
0.09271,0.28972,0.01907,0.01270,0.03575,0.02678,0.03884,0.05924,0.05785,0.01053,0.02147,0.03441,0.25616,0.04477
0.29343,0.03505,0.00717,0.01688,0.27821,0.03313,0.03203,0.07512,0.04791,0.00653,0.04354,0.07836,0.03335,0.01928
0.01833,0.04289,0.03043,0.03562,0.03535,0.05530,0.09631,0.05004,0.22479,0.01609,0.05904,0.24242,0.07629,0.01710
0.11975,0.07365,0.02207,0.04454,0.01753,0.05600,0.05217,0.05283,0.19683,0.01332,0.01205,0.17842,0.05321,0.10764
0.06394,0.06666,0.01831,0.03045,0.01833,0.23564,0.21934,0.10192,0.01828,0.00785,0.09413,0.01968,0.07649,0.02898
0.23380,0.04975,0.04044,0.02670,0.22797,0.04065,0.04718,0.10647,0.04194,0.02824,0.02329,0.09167,0.02217,0.01973
0.20952,0.03822,0.02744,0.01876,0.16932,0.15126,0.13984,0.06448,0.01888,0.02573,0.03340,0.03644,0.01078,0.05592
0.29201,0.05235,0.01938,0.03742,0.23942,0.05937,0.06495,0.03925,0.02780,0.01856,0.03823,0.01651,0.03740,0.05734
0.04461,0.02379,0.01006,0.10676,0.01941,0.30687,0.23766,0.01731,0.15276,0.01048,0.00591,0.01765,0.01995,0.02679
0.07241,0.13392,0.01532,0.06159,0.03991,0.10475,0.07895,0.18107,0.06759,0.02101,0.07614,0.04085,0.03926,0.06725
0.02519,0.02199,0.12572,0.18607,0.01432,0.17545,0.15067,0.07422,0.03830,0.08757,0.01792,0.05360,0.01592,0.01309
0.13597,0.01400,0.05691,0.02209,0.12111,0.22477,0.22377,0.02177,0.02838,0.02939,0.02524,0.03102,0.02468,0.04090
0.07823,0.03569,0.02197,0.52796,0.04097,0.05275,0.04710,0.03721,0.03253,0.01216,0.03097,0.02979,0.02379,0.02890
0.03254,0.10957,0.01465,0.01153,0.02211,0.16869,0.14202,0.03993,0.13674,0.01179,0.02666,0.13488,0.12655,0.02234
0.02531,0.02642,0.07427,0.01196,0.02863,0.21796,0.20879,0.09277,0.09894,0.02156,0.01149,0.16188,0.01017,0.00985
0.02594,0.07294,0.02538,0.05316,0.01472,0.09413,0.09055,0.05867,0.23645,0.01738,0.03767,0.19085,0.05209,0.03007
0.04600,0.05088,0.09335,0.02539,0.03451,0.15411,0.13015,0.03542,0.13902,0.05484,0.01242,0.13883,0.05527,0.02980
0.03073,0.22741,0.02712,0.02237,0.07394,0.10467,0.14281,0.24261,0.02696,0.02416,0.01096,0.02679,0.01930,0.02017
0.05109,0.07173,0.04863,0.02461,0.05674,0.12959,0.11823,0.08733,0.02339,0.04992,0.15721,0.02574,0.14517,0.01062
0.03177,0.04464,0.06785,0.02830,0.03500,0.22107,0.22959,0.08267,0.02399,0.02921,0.09320,0.01949,0.06978,0.02344
0.01282,0.09109,0.03439,0.01411,0.01088,0.04679,0.04232,0.02166,0.20541,0.02347,0.11848,0.19192,0.16848,0.01817
0.07067,0.19230,0.03191,0.04854,0.05057,0.08595,0.05273,0.19468,0.04852,0.01698,0.07925,0.03630,0.07572,0.01588
0.02561,0.16912,0.02211,0.03092,0.05349,0.08352,0.11777,0.10056,0.05762,0.02520,0.01150,0.11035,0.17177,0.02045
0.07265,0.14463,0.01047,0.02182,0.04581,0.04857,0.04247,0.12291,0.07492,0.02121,0.03041,0.15861,0.15014,0.05537
0.04767,0.08794,0.03710,0.02816,0.03228,0.14210,0.12998,0.09073,0.09767,0.01668,0.03927,0.17559,0.05529,0.01954
0.04057,0.05351,0.04650,0.37279,0.03244,0.13543,0.12133,0.04428,0.02962,0.03976,0.02980,0.01778,0.02405,0.01214
0.07767,0.03616,0.04617,0.29444,0.01975,0.06712,0.04982,0.02973,0.20625,0.01269,0.02762,0.05366,0.02744,0.05149
0.08071,0.02719,0.02064,0.14851,0.02807,0.21126,0.09675,0.04368,0.21546,0.02344,0.01846,0.02842,0.01437,0.04303
0.03864,0.04545,0.01186,0.04672,0.01875,0.15911,0.14705,0.01863,0.21643,0.00816,0.02488,0.19063,0.04401,0.02967
0.10594,0.03389,0.02207,0.03531,0.20836,0.03435,0.12982,0.19267,0.02171,0.01347,0.01359,0.14838,0.01385,0.02658
0.07474,0.15207,0.02429,0.02375,0.06208,0.12896,0.12046,0.24862,0.02267,0.01736,0.01053,0.08026,0.02289,0.01132
0.03844,0.17567,0.08859,0.17031,0.00744,0.04597,0.04210,0.24542,0.03681,0.02669,0.01971,0.05958,0.01825,0.02502
0.02178,0.05503,0.02537,0.28488,0.02342,0.11017,0.09690,0.19159,0.06197,0.01258,0.01193,0.08342,0.01105,0.00991
0.06747,0.03391,0.02056,0.01608,0.07507,0.10123,0.06043,0.14783,0.04383,0.00762,0.18661,0.06644,0.15795,0.01496
0.01211,0.11613,0.01747,0.02158,0.01317,0.04578,0.02373,0.06029,0.19344,0.00948,0.08808,0.20772,0.17087,0.02013
0.02347,0.02282,0.02190,0.01795,0.03171,0.26951,0.17384,0.03570,0.18759,0.02030,0.01563,0.15073,0.01269,0.01616
