0.01235,0.02300,0.17675,0.02778,0.16146,0.19104,0.04748,0.02259,0.14585,0.03831,0.00941,0.02003,0.03358,0.01295,0.02604,0.01249,0.00448,0.00962,0.00652,0.01826
0.02836,0.00833,0.20391,0.11669,0.05249,0.08154,0.12305,0.01160,0.15084,0.01051,0.03532,0.01724,0.03531,0.02025,0.03026,0.01447,0.02754,0.01512,0.00715,0.01003
0.04340,0.03543,0.09244,0.04868,0.04672,0.03080,0.02428,0.16318,0.09434,0.02384,0.06140,0.03926,0.02952,0.01754,0.05470,0.06134,0.01649,0.01485,0.01314,0.08866
0.03065,0.13815,0.03115,0.05318,0.03736,0.02638,0.07926,0.01364,0.02889,0.21649,0.02974,0.04575,0.06726,0.01089,0.09469,0.02151,0.00726,0.01145,0.03006,0.02623
0.13504,0.06207,0.04133,0.04873,0.04633,0.03068,0.04644,0.05943,0.05874,0.08935,0.08004,0.05793,0.03805,0.02516,0.05807,0.04731,0.02040,0.01223,0.00920,0.03347
0.03693,0.03694,0.02862,0.02957,0.03692,0.02797,0.01652,0.12758,0.04607,0.05696,0.03417,0.02721,0.02784,0.10545,0.03015,0.02990,0.07891,0.03097,0.02308,0.16824
0.04319,0.21673,0.02241,0.02556,0.02085,0.01507,0.01547,0.08332,0.01475,0.03646,0.02800,0.18340,0.05274,0.03578,0.06390,0.04696,0.01412,0.00753,0.01313,0.06061
0.01891,0.07885,0.02043,0.01807,0.01588,0.01908,0.01266,0.01085,0.03147,0.02014,0.00845,0.03671,0.32784,0.01009,0.01762,0.01465,0.01168,0.00708,0.30913,0.01041
0.03441,0.04198,0.19600,0.02972,0.01320,0.00892,0.01966,0.02971,0.15981,0.06138,0.07835,0.01523,0.05412,0.02407,0.05538,0.02812,0.05242,0.05146,0.02628,0.01976
0.03421,0.04198,0.15056,0.11693,0.02813,0.01292,0.03285,0.05010,0.04943,0.02984,0.22476,0.02775,0.02565,0.02237,0.03476,0.02755,0.02537,0.01829,0.01717,0.02937
0.06648,0.01816,0.03761,0.04969,0.01287,0.00709,0.02767,0.01946,0.02024,0.08022,0.06271,0.01262,0.16641,0.10466,0.22793,0.02893,0.01380,0.00790,0.01711,0.01845
0.03794,0.04395,0.08874,0.16565,0.04738,0.02002,0.02878,0.03016,0.03206,0.02311,0.24988,0.04739,0.02202,0.03929,0.02132,0.01232,0.02756,0.02475,0.02072,0.01696
0.03797,0.03950,0.06134,0.12162,0.03091,0.04349,0.08677,0.03531,0.09516,0.02111,0.02747,0.04140,0.08756,0.01476,0.14341,0.01577,0.01433,0.01220,0.01491,0.05501
0.02278,0.02100,0.02535,0.09145,0.04043,0.03709,0.04728,0.04406,0.02481,0.02844,0.05165,0.03933,0.01960,0.01891,0.04025,0.02680,0.16797,0.20101,0.02283,0.02896
0.07064,0.07775,0.03310,0.02903,0.02133,0.00783,0.01225,0.05504,0.02020,0.11893,0.04849,0.02982,0.05216,0.07227,0.03869,0.21962,0.02489,0.00800,0.02658,0.03338
0.04553,0.01288,0.04339,0.03034,0.02383,0.02313,0.06066,0.02768,0.04033,0.02764,0.01416,0.01580,0.02588,0.05406,0.05021,0.02185,0.18702,0.22100,0.05184,0.02279
0.05893,0.03392,0.02779,0.02741,0.23452,0.16415,0.04578,0.02421,0.02071,0.03184,0.02643,0.03708,0.07521,0.02657,0.06523,0.03646,0.01300,0.01172,0.01730,0.02173
0.18052,0.02883,0.04286,0.08570,0.05412,0.03194,0.20354,0.01481,0.01231,0.01633,0.17964,0.04970,0.01410,0.00968,0.01688,0.00702,0.01711,0.01826,0.00469,0.01195
0.15783,0.02929,0.05164,0.09245,0.02713,0.02306,0.22745,0.01406,0.02992,0.03760,0.02056,0.02955,0.08053,0.01499,0.09961,0.01567,0.02323,0.00695,0.01009,0.00840
0.07631,0.02640,0.25894,0.02486,0.01736,0.01292,0.02485,0.02216,0.21091,0.02051,0.03408,0.04970,0.04792,0.02258,0.08625,0.01448,0.01287,0.01423,0.01021,0.01247
0.04712,0.02012,0.16986,0.01901,0.02348,0.02134,0.03192,0.02520,0.24004,0.01494,0.02232,0.09893,0.02072,0.02707,0.13287,0.02120,0.02026,0.01435,0.01208,0.01717
0.04522,0.04893,0.04000,0.07806,0.03656,0.02730,0.02449,0.03819,0.10206,0.04494,0.03062,0.04037,0.02620,0.12461,0.05080,0.04075,0.14019,0.01261,0.02890,0.01921
0.05402,0.04298,0.04767,0.18324,0.03324,0.02596,0.13287,0.01921,0.06614,0.01544,0.02987,0.02090,0.07978,0.04064,0.11389,0.01727,0.03289,0.01153,0.01552,0.01693
0.01651,0.15699,0.01872,0.05700,0.06242,0.04404,0.04136,0.03463,0.01256,0.17967,0.01916,0.02777,0.04907,0.03799,0.02622,0.08539,0.05028,0.03606,0.02419,0.01999
0.03794,0.03784,0.13658,0.03112,0.02626,0.02601,0.03903,0.05955,0.09764,0.02973,0.03538,0.02015,0.19852,0.00802,0.10451,0.01967,0.00911,0.01443,0.02814,0.04037
0.05002,0.05192,0.04614,0.06253,0.17731,0.06307,0.05989,0.02864,0.01788,0.06745,0.04995,0.02227,0.01870,0.01890,0.01291,0.10050,0.01843,0.10504,0.00946,0.01897
0.03299,0.03751,0.03259,0.02796,0.01766,0.01056,0.02501,0.03283,0.02194,0.02457,0.03184,0.05596,0.24759,0.01725,0.31708,0.02516,0.01270,0.00643,0.00738,0.01498
0.04541,0.13207,0.02403,0.03240,0.02400,0.01365,0.03672,0.01276,0.01936,0.19178,0.05291,0.08257,0.02299,0.02269,0.02897,0.01713,0.09536,0.11645,0.01104,0.01771
0.03017,0.03575,0.05096,0.01851,0.03326,0.04147,0.02540,0.19946,0.02750,0.01773,0.04066,0.02111,0.06216,0.01286,0.07187,0.01755,0.01639,0.01280,0.02420,0.24019
0.04768,0.10895,0.03956,0.03482,0.04532,0.04175,0.04100,0.01912,0.03868,0.10996,0.02443,0.02820,0.11620,0.01310,0.17049,0.02814,0.02526,0.02392,0.02789,0.01554
0.03778,0.06912,0.04260,0.04621,0.06860,0.04974,0.03250,0.05383,0.03615,0.07668,0.04601,0.05869,0.03217,0.02897,0.03502,0.12482,0.04351,0.02389,0.03034,0.06337
0.05288,0.02584,0.03602,0.05948,0.05478,0.05999,0.02489,0.02218,0.06025,0.01659,0.02110,0.04542,0.03214,0.14281,0.08417,0.03863,0.16896,0.02093,0.01711,0.01583
0.02377,0.01630,0.14034,0.05511,0.05834,0.03806,0.06562,0.05251,0.10567,0.02906,0.07802,0.03978,0.02055,0.07261,0.03068,0.03374,0.02405,0.06440,0.01926,0.03214
0.04350,0.04180,0.03429,0.06276,0.07476,0.05979,0.05554,0.05110,0.05181,0.05900,0.01582,0.02824,0.09952,0.05387,0.12048,0.05389,0.03593,0.01906,0.00901,0.02983
0.01458,0.03765,0.17306,0.02481,0.02167,0.01930,0.02680,0.03509,0.14538,0.02896,0.01297,0.03664,0.04695,0.03178,0.03685,0.02531,0.11010,0.12973,0.01498,0.02739
0.06059,0.05379,0.02848,0.03196,0.07480,0.05664,0.04311,0.05516,0.03280,0.04614,0.03087,0.04477,0.11745,0.02666,0.18383,0.04353,0.01314,0.00897,0.01305,0.03425
0.03006,0.06579,0.03578,0.05013,0.02529,0.01266,0.03068,0.04119,0.03968,0.10913,0.06671,0.04068,0.02684,0.01171,0.04492,0.07582,0.09551,0.14183,0.02752,0.02810
0.03044,0.03276,0.01759,0.02967,0.02882,0.02626,0.02843,0.19758,0.02774,0.02690,0.01996,0.03851,0.08708,0.02125,0.10114,0.02489,0.02554,0.00971,0.01573,0.20999
0.03750,0.22155,0.03457,0.03690,0.05115,0.04862,0.03061,0.03673,0.02224,0.02109,0.03614,0.20809,0.03738,0.01569,0.06365,0.02436,0.01604,0.01283,0.02000,0.02487
0.05793,0.06006,0.02429,0.01507,0.12567,0.16573,0.04282,0.02909,0.02223,0.10940,0.04791,0.01389,0.07220,0.04680,0.06058,0.02536,0.01616,0.03392,0.01044,0.02046
0.02787,0.02145,0.13411,0.07310,0.04353,0.01819,0.03188,0.07829,0.11405,0.02194,0.06654,0.02954,0.04700,0.02754,0.06391,0.08199,0.05098,0.01913,0.01257,0.03637
0.04755,0.01303,0.06078,0.02286,0.02690,0.01960,0.04255,0.01679,0.02566,0.04134,0.02457,0.01860,0.05313,0.04529,0.03513,0.01934,0.21365,0.23496,0.02602,0.01226
0.03873,0.02556,0.02716,0.03180,0.04196,0.04338,0.02637,0.08939,0.04040,0.02341,0.02850,0.03146,0.12972,0.03722,0.11746,0.05399,0.06606,0.02898,0.01347,0.10499
0.05486,0.04449,0.04553,0.07337,0.03460,0.02079,0.04725,0.05953,0.05054,0.03987,0.02665,0.03549,0.11372,0.01838,0.17953,0.02347,0.00669,0.01322,0.01902,0.09299
0.05411,0.02038,0.10440,0.02602,0.13306,0.11019,0.03071,0.04272,0.06405,0.03013,0.03656,0.01524,0.07235,0.01957,0.07143,0.02190,0.02052,0.03550,0.02423,0.06694
0.03230,0.01126,0.04395,0.21482,0.04468,0.01996,0.02240,0.02026,0.01133,0.01844,0.20416,0.15691,0.01515,0.02141,0.08352,0.01840,0.03329,0.01009,0.00877,0.00888
0.00830,0.02462,0.04339,0.02046,0.06798,0.09069,0.01239,0.21226,0.02152,0.01456,0.01848,0.01299,0.02214,0.00920,0.01743,0.00739,0.05206,0.04552,0.01000,0.28864
0.02249,0.01927,0.07714,0.04239,0.02625,0.03719,0.03659,0.13270,0.08609,0.03559,0.02308,0.01677,0.02674,0.03492,0.03463,0.06406,0.05269,0.09446,0.02228,0.11469
0.03355,0.01795,0.26116,0.01867,0.02800,0.02106,0.04279,0.02876,0.23284,0.03146,0.02086,0.00980,0.07224,0.01878,0.09829,0.01385,0.00626,0.00441,0.01524,0.02403
0.03620,0.14419,0.02267,0.04064,0.01573,0.00867,0.03017,0.01856,0.01708,0.20151,0.02418,0.03251,0.15915,0.02885,0.01828,0.01760,0.02860,0.00622,0.12998,0.01921
0.00716,0.00999,0.02159,0.28548,0.01581,0.01249,0.01427,0.00599,0.02028,0.01076,0.05506,0.01352,0.01770,0.10888,0.02254,0.00708,0.35541,0.00476,0.00606,0.00515
0.03425,0.02339,0.16289,0.09428,0.06055,0.02500,0.03853,0.02067,0.04144,0.03576,0.25536,0.03430,0.02736,0.01425,0.04782,0.02822,0.01115,0.00953,0.01433,0.02093
0.04170,0.01741,0.01563,0.01867,0.39061,0.31635,0.01554,0.01630,0.01353,0.01696,0.01888,0.02532,0.01338,0.01279,0.01130,0.01257,0.00688,0.01126,0.01082,0.01409
0.02765,0.01215,0.05691,0.05101,0.09389,0.14509,0.06384,0.03028,0.10959,0.01802,0.01300,0.06444,0.05493,0.03404,0.13994,0.01253,0.01061,0.02243,0.01269,0.02695
0.04034,0.02074,0.05864,0.03846,0.04371,0.04159,0.01841,0.02321,0.04650,0.03224,0.03559,0.03276,0.17942,0.03029,0.25461,0.01667,0.02696,0.02294,0.01137,0.02554
0.07927,0.01983,0.11666,0.03129,0.02411,0.01466,0.02263,0.08760,0.09403,0.02022,0.06613,0.02217,0.10582,0.01680,0.13207,0.04358,0.02285,0.01526,0.01539,0.04962
0.07974,0.08002,0.03672,0.04249,0.03938,0.03628,0.04367,0.09635,0.02697,0.09770,0.06975,0.03445,0.03924,0.01883,0.07606,0.04352,0.01268,0.01164,0.02084,0.09366
0.02431,0.24991,0.02082,0.05785,0.01895,0.01965,0.02550,0.03415,0.01388,0.02232,0.01987,0.21374,0.04876,0.02711,0.02310,0.03991,0.04720,0.03704,0.02963,0.02631
0.04174,0.03271,0.02215,0.02464,0.25389,0.20285,0.03054,0.03478,0.01523,0.02768,0.02034,0.02595,0.07313,0.02173,0.08646,0.02033,0.01273,0.00896,0.01254,0.03163
0.04604,0.10512,0.02150,0.03605,0.12604,0.07171,0.04997,0.05719,0.03082,0.07499,0.03308,0.03787,0.02010,0.01505,0.01848,0.13092,0.01499,0.03540,0.01948,0.05518
0.03463,0.01833,0.15635,0.02663,0.04003,0.04572,0.02888,0.02476,0.21016,0.02591,0.04680,0.06469,0.02743,0.04421,0.11831,0.02266,0.01613,0.00949,0.01054,0.02834
0.12038,0.02610,0.02687,0.06056,0.08285,0.09680,0.13213,0.05728,0.02346,0.01905,0.02917,0.05935,0.05177,0.02827,0.06886,0.02271,0.01421,0.02132,0.01321,0.04567
0.05029,0.00847,0.16818,0.02326,0.10134,0.08343,0.06284,0.03597,0.12452,0.02702,0.11020,0.02350,0.02785,0.02492,0.04769,0.01544,0.01598,0.01292,0.01323,0.02296
0.03727,0.04092,0.16250,0.02766,0.06986,0.03802,0.03868,0.05727,0.13943,0.04141,0.04787,0.03402,0.03860,0.01500,0.04998,0.02679,0.01442,0.03382,0.02855,0.05792
0.03365,0.01685,0.10136,0.20793,0.02339,0.02232,0.17510,0.04299,0.07922,0.02280,0.04296,0.01321,0.01372,0.03841,0.04839,0.02032,0.02009,0.02623,0.01680,0.03427
0.09940,0.05259,0.09408,0.05481,0.03852,0.02390,0.09229,0.03865,0.08872,0.03900,0.03987,0.04565,0.04701,0.04668,0.09372,0.01855,0.01254,0.00726,0.00862,0.05814
0.01309,0.01774,0.09379,0.06671,0.09703,0.04403,0.01695,0.04989,0.07951,0.03711,0.12452,0.04636,0.07361,0.01295,0.04071,0.08194,0.03021,0.01318,0.01870,0.04197
0.06201,0.04286,0.02838,0.02002,0.09936,0.08160,0.02996,0.02895,0.02000,0.04559,0.03262,0.03585,0.16184,0.02677,0.18952,0.01687,0.01093,0.01469,0.01195,0.04025
0.23771,0.02664,0.04522,0.02581,0.02051,0.02118,0.28213,0.02489,0.02774,0.01335,0.02590,0.02657,0.04027,0.01401,0.04333,0.02573,0.01160,0.02004,0.01824,0.04914
0.13493,0.02126,0.03494,0.04000,0.05978,0.01959,0.16790,0.04800,0.02411,0.06374,0.02901,0.02656,0.02197,0.07445,0.01724,0.06833,0.03507,0.05321,0.02970,0.03021
0.03682,0.01329,0.02629,0.03443,0.15045,0.18450,0.04302,0.01362,0.02641,0.01837,0.02033,0.02085,0.04803,0.01366,0.04158,0.01485,0.11784,0.15089,0.01412,0.01066
0.03390,0.07258,0.02893,0.03219,0.01577,0.01879,0.02098,0.12096,0.01342,0.07781,0.03032,0.05136,0.08154,0.04658,0.07949,0.10246,0.01973,0.01445,0.01401,0.12474
0.05223,0.02539,0.07423,0.04029,0.08807,0.04199,0.02924,0.03706,0.03635,0.04355,0.03434,0.04020,0.14691,0.01775,0.17947,0.01541,0.01512,0.02931,0.02728,0.02579
0.01596,0.01761,0.06823,0.02204,0.04209,0.04068,0.01408,0.04866,0.04628,0.09471,0.01394,0.01118,0.02927,0.06314,0.02613,0.08001,0.13835,0.16115,0.01622,0.05026
0.16873,0.05103,0.15158,0.01935,0.02097,0.01749,0.01505,0.00855,0.14077,0.03069,0.07374,0.01127,0.11443,0.02317,0.08050,0.01589,0.02351,0.01417,0.00880,0.01031
0.02796,0.02667,0.27559,0.05192,0.03061,0.01794,0.04347,0.02899,0.22057,0.03816,0.03431,0.01652,0.02768,0.01821,0.03746,0.02346,0.01846,0.01908,0.01159,0.03134
0.02164,0.01992,0.06233,0.16007,0.04604,0.07364,0.15215,0.05189,0.06208,0.03322,0.02208,0.03787,0.03989,0.02993,0.06714,0.01907,0.01615,0.01081,0.03444,0.03967
0.04447,0.03674,0.07113,0.02746,0.03922,0.01706,0.02712,0.03938,0.04244,0.12113,0.04945,0.01752,0.06026,0.05464,0.07731,0.03913,0.02130,0.02767,0.14572,0.04087
0.07599,0.22513,0.04220,0.02143,0.02006,0.01190,0.02392,0.01454,0.03783,0.02901,0.02507,0.18076,0.09210,0.01352,0.11387,0.01639,0.01335,0.01137,0.01430,0.01727
0.03077,0.01179,0.27951,0.03751,0.05096,0.01490,0.01527,0.03260,0.14206,0.01684,0.17038,0.01260,0.02689,0.02858,0.02600,0.01470,0.03024,0.02568,0.01144,0.02125
0.03637,0.03222,0.02822,0.02349,0.04211,0.02359,0.02866,0.02325,0.01679,0.20473,0.03090,0.02844,0.07495,0.22991,0.09632,0.03157,0.00979,0.00707,0.01662,0.01498
0.04743,0.01684,0.02700,0.02425,0.05389,0.07179,0.02291,0.12447,0.01787,0.01507,0.02428,0.01738,0.12000,0.03065,0.14327,0.02220,0.01661,0.01056,0.00820,0.18534
0.01674,0.05142,0.07744,0.14454,0.03211,0.01350,0.00905,0.01984,0.05136,0.02975,0.23983,0.06065,0.02785,0.04552,0.02074,0.06841,0.02712,0.01736,0.01779,0.02897
0.02836,0.02521,0.03862,0.03926,0.07598,0.08226,0.02599,0.03094,0.03800,0.02328,0.02157,0.01959,0.04532,0.10040,0.03727,0.10145,0.12888,0.09194,0.01058,0.03511
0.02862,0.05464,0.19830,0.05025,0.04305,0.01997,0.02746,0.03024,0.13390,0.02327,0.13067,0.04293,0.03930,0.05473,0.03110,0.01456,0.02287,0.01900,0.01310,0.02204
0.10001,0.05993,0.04596,0.02937,0.03258,0.01749,0.06033,0.04447,0.03000,0.03270,0.03605,0.03361,0.08740,0.04327,0.10447,0.13436,0.02090,0.03418,0.03061,0.02230
0.02332,0.05866,0.03625,0.03528,0.03007,0.01664,0.03799,0.03311,0.01920,0.05137,0.03268,0.01605,0.04326,0.03121,0.04122,0.03901,0.15634,0.19335,0.07650,0.02851
0.04106,0.11299,0.04527,0.06388,0.05447,0.02178,0.03391,0.07513,0.03576,0.11502,0.10526,0.04087,0.02385,0.02473,0.03121,0.09876,0.01618,0.01870,0.01393,0.02725
0.12372,0.02727,0.05141,0.04422,0.02687,0.02031,0.09985,0.02537,0.05811,0.03332,0.01992,0.02155,0.12282,0.05819,0.14507,0.03349,0.03916,0.01186,0.01714,0.02036
0.01556,0.01404,0.03816,0.04959,0.07046,0.13920,0.10114,0.02051,0.02978,0.12864,0.01773,0.01419,0.04508,0.18469,0.02921,0.01205,0.03767,0.01976,0.01420,0.01833
0.01549,0.04103,0.01676,0.11012,0.07024,0.08601,0.06448,0.11798,0.02040,0.08302,0.03072,0.06256,0.02556,0.02539,0.05621,0.02079,0.01678,0.00770,0.01136,0.11739
0.10258,0.02418,0.09769,0.04856,0.07996,0.04343,0.06211,0.08399,0.06663,0.01046,0.03964,0.01935,0.06467,0.01445,0.09882,0.01569,0.01194,0.01201,0.01198,0.09185
0.13335,0.03222,0.09202,0.04408,0.03815,0.04636,0.07085,0.01383,0.09615,0.01981,0.02557,0.01984,0.13220,0.01693,0.12606,0.01432,0.01800,0.02335,0.01922,0.01771
0.06069,0.05579,0.06990,0.01570,0.04691,0.04004,0.00986,0.12604,0.03273,0.02913,0.01930,0.01756,0.04459,0.01650,0.03133,0.01879,0.10051,0.10735,0.01555,0.14171
0.04954,0.02447,0.05214,0.03274,0.02651,0.01647,0.02544,0.02561,0.01723,0.01543,0.00932,0.03767,0.07102,0.01072,0.06393,0.02862,0.20826,0.24833,0.01982,0.01673
0.04843,0.01927,0.03341,0.03083,0.02483,0.02277,0.02586,0.07504,0.02414,0.01729,0.04284,0.06470,0.14513,0.02519,0.25350,0.02097,0.02891,0.01579,0.02838,0.05273
0.02040,0.05349,0.01203,0.03564,0.02030,0.00771,0.02482,0.01083,0.01311,0.13688,0.01471,0.02652,0.15927,0.09445,0.19112,0.06021,0.05360,0.01268,0.03671,0.01551
0.02880,0.03526,0.08470,0.04827,0.07609,0.03330,0.03077,0.07686,0.05536,0.03090,0.05210,0.05312,0.03278,0.01862,0.03802,0.02404,0.10789,0.13149,0.01156,0.03007
0.05246,0.01553,0.18671,0.02635,0.01741,0.00913,0.02040,0.06337,0.16466,0.03420,0.08276,0.01732,0.02610,0.07629,0.05858,0.02667,0.02952,0.00994,0.01672,0.06588
0.03065,0.01347,0.05491,0.03609,0.05650,0.05362,0.05450,0.03790,0.04084,0.01719,0.02080,0.23930,0.03482,0.01691,0.20822,0.01747,0.01106,0.01515,0.01472,0.02587
0.02779,0.03282,0.04825,0.04531,0.03315,0.02389,0.04873,0.09796,0.03159,0.03317,0.03659,0.04342,0.03972,0.01503,0.02929,0.04226,0.10603,0.13540,0.03245,0.09715
0.08896,0.30578,0.01608,0.03664,0.02245,0.01757,0.05412,0.02542,0.00905,0.03762,0.01350,0.22657,0.01641,0.01541,0.01511,0.05990,0.00707,0.01269,0.00844,0.01122
0.03973,0.00776,0.07899,0.03222,0.03070,0.02966,0.05059,0.10188,0.09515,0.03077,0.02893,0.01460,0.09811,0.02771,0.17211,0.02087,0.00827,0.01099,0.01651,0.10444
0.02231,0.02440,0.07285,0.03270,0.02129,0.01891,0.01807,0.02746,0.05351,0.16187,0.05728,0.02016,0.01905,0.07044,0.06719,0.04263,0.02236,0.01703,0.19757,0.03292
0.07686,0.01201,0.03074,0.21070,0.06956,0.07479,0.17989,0.02267,0.03751,0.02264,0.01772,0.02349,0.03912,0.06778,0.04976,0.00799,0.01176,0.00916,0.01143,0.02441
0.13959,0.02477,0.03286,0.03202,0.01487,0.00867,0.02378,0.02140,0.02911,0.01537,0.01870,0.02126,0.23681,0.02160,0.26244,0.01090,0.05616,0.01144,0.00773,0.01050
0.01805,0.08360,0.01546,0.03986,0.04482,0.01733,0.02434,0.05021,0.01015,0.09049,0.04239,0.05473,0.01273,0.02958,0.03042,0.37358,0.01575,0.00646,0.01866,0.02142
0.05754,0.02533,0.15574,0.02894,0.03450,0.04380,0.02907,0.02190,0.17783,0.00989,0.03694,0.03239,0.07369,0.05800,0.12038,0.02204,0.02411,0.02147,0.01218,0.01425
0.03595,0.20410,0.03910,0.01799,0.05827,0.04126,0.01170,0.02793,0.01760,0.04870,0.03248,0.20873,0.03270,0.03035,0.06300,0.01303,0.01493,0.02263,0.05185,0.02769
0.05320,0.02486,0.02812,0.05298,0.06701,0.05184,0.02830,0.04840,0.03945,0.02270,0.05986,0.13890,0.02122,0.04554,0.12644,0.05469,0.05267,0.01078,0.01026,0.06279
0.02319,0.01959,0.01866,0.03137,0.04265,0.06647,0.04184,0.21855,0.01672,0.03179,0.01573,0.03266,0.03488,0.04081,0.05552,0.02343,0.01866,0.01018,0.00750,0.24979
0.03148,0.02608,0.24211,0.04011,0.01747,0.00949,0.03475,0.02103,0.26811,0.02032,0.04082,0.01899,0.02251,0.02562,0.03251,0.01757,0.04960,0.05630,0.00573,0.01940
0.02653,0.01915,0.08667,0.07173,0.03900,0.01714,0.05797,0.03787,0.06724,0.02202,0.03436,0.02088,0.15117,0.01761,0.20503,0.02821,0.01347,0.03859,0.01035,0.03500
0.08794,0.04473,0.01413,0.02880,0.03373,0.02358,0.08636,0.02803,0.01433,0.05567,0.03152,0.02685,0.11768,0.07333,0.13670,0.11078,0.02432,0.02100,0.01540,0.02513
0.03481,0.01823,0.04500,0.04062,0.05043,0.05006,0.03708,0.05093,0.03593,0.03087,0.02950,0.02278,0.17556,0.01793,0.24238,0.01714,0.01827,0.03316,0.01172,0.03761
0.09478,0.04017,0.02453,0.09289,0.02121,0.04549,0.10791,0.04317,0.02437,0.04805,0.04819,0.03033,0.07563,0.07019,0.09170,0.04538,0.01499,0.00934,0.01087,0.06083
0.02573,0.01459,0.17603,0.02932,0.02128,0.02029,0.02178,0.03382,0.15637,0.04914,0.03264,0.00648,0.11513,0.01284,0.17783,0.01309,0.01502,0.00920,0.02037,0.04906
0.03171,0.02473,0.09483,0.04188,0.03646,0.02325,0.02668,0.02978,0.05938,0.01570,0.05278,0.02940,0.08153,0.00796,0.11571,0.03512,0.10149,0.15739,0.01186,0.02235
0.03741,0.02041,0.05985,0.02843,0.03469,0.02217,0.02240,0.01654,0.05710,0.02908,0.01257,0.01232,0.15365,0.03322,0.08269,0.01576,0.15210,0.15533,0.04189,0.01238
0.03435,0.02795,0.22340,0.03391,0.02575,0.02086,0.02158,0.03861,0.24845,0.01602,0.05960,0.01517,0.03603,0.03718,0.04025,0.00599,0.03391,0.03959,0.02521,0.01617
0.28473,0.01691,0.02999,0.01541,0.02388,0.02431,0.25465,0.03095,0.03708,0.01132,0.02577,0.05708,0.04471,0.00995,0.05251,0.01036,0.01235,0.01250,0.01453,0.03101
0.03643,0.30832,0.01256,0.02045,0.03465,0.04557,0.01630,0.03746,0.01240,0.03545,0.02440,0.23012,0.02850,0.01784,0.02454,0.01759,0.01348,0.02065,0.01888,0.04442
0.08054,0.02871,0.04024,0.04612,0.04062,0.04903,0.09800,0.02830,0.02349,0.05451,0.02212,0.04147,0.14022,0.01715,0.18659,0.02307,0.01135,0.02169,0.01858,0.02819
0.03686,0.03140,0.10667,0.18161,0.03889,0.01296,0.02766,0.01061,0.02717,0.03771,0.27844,0.02338,0.03569,0.02099,0.06451,0.00812,0.02992,0.00733,0.00982,0.01026
0.07487,0.01394,0.02344,0.04152,0.18496,0.22772,0.06977,0.02931,0.02474,0.02097,0.02350,0.01686,0.04895,0.06819,0.05029,0.01072,0.03920,0.00852,0.00732,0.01522
0.04736,0.06494,0.04379,0.08989,0.14529,0.11988,0.11432,0.02531,0.02476,0.07223,0.01750,0.01889,0.04728,0.01271,0.03058,0.02086,0.01706,0.02466,0.03574,0.02696
0.06612,0.02297,0.03390,0.03597,0.04384,0.01921,0.03253,0.18690,0.02742,0.02654,0.02919,0.06481,0.05614,0.03569,0.06232,0.01726,0.03343,0.02467,0.01563,0.16547
0.01374,0.01663,0.03971,0.11730,0.17248,0.22697,0.12172,0.02903,0.02705,0.05128,0.02192,0.01622,0.02030,0.03142,0.02481,0.02208,0.01517,0.00850,0.01077,0.01289
0.02204,0.03194,0.02825,0.02220,0.04889,0.05035,0.02190,0.01471,0.02947,0.04867,0.02878,0.02939,0.01871,0.03889,0.03440,0.01070,0.21553,0.26793,0.01901,0.01824
0.05367,0.16891,0.02881,0.04995,0.02296,0.02120,0.03176,0.04302,0.02139,0.02337,0.02280,0.13264,0.09625,0.05879,0.10255,0.04217,0.02725,0.01035,0.01337,0.02882
0.04194,0.09448,0.03624,0.02773,0.04220,0.02646,0.02405,0.04095,0.02699,0.14666,0.04542,0.03443,0.07955,0.04452,0.11284,0.03482,0.02133,0.01106,0.06133,0.04699
0.35448,0.01552,0.01722,0.01953,0.01744,0.01389,0.38631,0.00668,0.01126,0.01656,0.00860,0.02050,0.02697,0.02163,0.02073,0.00661,0.01188,0.00853,0.00989,0.00579
0.07121,0.08005,0.05582,0.17081,0.02622,0.01870,0.13375,0.02692,0.04617,0.05524,0.06203,0.01820,0.02683,0.02611,0.02988,0.04416,0.01815,0.02159,0.01332,0.05484
0.08713,0.08230,0.01339,0.01838,0.01871,0.02013,0.01804,0.04145,0.00808,0.07084,0.09651,0.01695,0.11627,0.03568,0.09068,0.02927,0.05005,0.02212,0.11108,0.05294
0.03075,0.02634,0.01798,0.03879,0.15450,0.09233,0.02931,0.16702,0.01575,0.00639,0.01511,0.13909,0.01480,0.01709,0.08484,0.05340,0.02155,0.02009,0.00692,0.04794
0.03357,0.01724,0.19220,0.02587,0.14842,0.19275,0.04061,0.01683,0.19101,0.01155,0.01465,0.01025,0.01964,0.01019,0.02098,0.00893,0.01018,0.02171,0.00443,0.00900
0.25762,0.02118,0.04497,0.01921,0.05796,0.02718,0.29890,0.01423,0.03552,0.02737,0.02354,0.02950,0.01497,0.01510,0.02266,0.02305,0.00827,0.01868,0.01145,0.02864
0.11612,0.02972,0.02134,0.02021,0.19145,0.22507,0.12263,0.01826,0.01376,0.03669,0.02134,0.03094,0.02787,0.01200,0.02806,0.03438,0.00906,0.00788,0.01778,0.01545
0.03752,0.02779,0.34058,0.03498,0.02664,0.01859,0.03372,0.01550,0.24100,0.03190,0.03968,0.01724,0.02755,0.00709,0.01589,0.03242,0.00845,0.01261,0.01342,0.01743
0.03185,0.01935,0.01484,0.04911,0.07573,0.04080,0.02241,0.01657,0.02539,0.02235,0.01569,0.31965,0.01019,0.02357,0.24443,0.01874,0.02919,0.00509,0.00591,0.00914
0.06446,0.04361,0.05694,0.02646,0.04586,0.02440,0.02133,0.11596,0.05043,0.03757,0.03889,0.10772,0.04373,0.02707,0.12524,0.03810,0.01552,0.00642,0.02567,0.08464
0.03084,0.05688,0.05180,0.05657,0.13627,0.12390,0.03892,0.04484,0.02846,0.05146,0.08411,0.04711,0.04069,0.01205,0.05499,0.02930,0.01231,0.02629,0.03225,0.04097
0.06610,0.02463,0.06806,0.08723,0.03677,0.03951,0.06590,0.06880,0.07806,0.04857,0.05476,0.05499,0.03695,0.02954,0.09102,0.01935,0.02358,0.01196,0.02284,0.07138
0.01286,0.01889,0.04297,0.06894,0.05393,0.03270,0.02629,0.18454,0.03528,0.03809,0.07787,0.04537,0.02087,0.03507,0.03183,0.09386,0.01904,0.01510,0.02341,0.12312
0.02879,0.01356,0.03732,0.27316,0.02154,0.01947,0.19886,0.02661,0.04485,0.03756,0.05745,0.02730,0.03788,0.04323,0.04922,0.01849,0.01482,0.00716,0.02573,0.01700
0.02982,0.02299,0.02481,0.07569,0.14741,0.22556,0.09285,0.01951,0.01567,0.03686,0.03786,0.02613,0.01718,0.00853,0.03350,0.02039,0.05930,0.08188,0.01274,0.01132
0.14576,0.02611,0.02487,0.10661,0.06380,0.05478,0.23155,0.01999,0.01517,0.02112,0.01562,0.02573,0.02409,0.07256,0.02649,0.01541,0.04782,0.02943,0.01590,0.01719
0.09969,0.02187,0.07367,0.03086,0.04565,0.04236,0.08894,0.02275,0.05290,0.03012,0.02493,0.02946,0.14651,0.02554,0.18572,0.01811,0.01309,0.01436,0.00843,0.02504
0.06670,0.02879,0.05180,0.02489,0.06931,0.03014,0.02755,0.04245,0.03630,0.01763,0.01969,0.07369,0.17101,0.01669,0.24917,0.01497,0.01335,0.02038,0.00750,0.01799
0.09491,0.16715,0.05466,0.04063,0.01950,0.01343,0.02912,0.01381,0.05120,0.22469,0.04064,0.01542,0.04038,0.04778,0.01815,0.02218,0.04666,0.01568,0.02856,0.01545
0.03426,0.01572,0.03141,0.34285,0.02691,0.02751,0.30262,0.02705,0.01264,0.02323,0.02072,0.01195,0.02535,0.01199,0.02175,0.01194,0.01051,0.01112,0.01033,0.02013
0.02314,0.03495,0.24093,0.08715,0.02919,0.01555,0.02585,0.03029,0.19889,0.03046,0.05756,0.03942,0.01622,0.03352,0.02828,0.02442,0.03824,0.02042,0.00798,0.01753
0.14811,0.05918,0.07698,0.02934,0.01944,0.01844,0.04202,0.03018,0.06099,0.09081,0.13373,0.03599,0.01930,0.05688,0.04507,0.04362,0.02319,0.01396,0.01517,0.03761
0.04848,0.06848,0.04449,0.03821,0.01794,0.01367,0.03177,0.12057,0.02838,0.03043,0.04499,0.07513,0.10878,0.02961,0.05772,0.04697,0.04528,0.01764,0.04285,0.08862
0.08450,0.11113,0.01531,0.02007,0.05952,0.05134,0.01673,0.04438,0.01692,0.08167,0.03751,0.04669,0.08754,0.03805,0.11771,0.05131,0.01550,0.01110,0.04533,0.04768
0.12632,0.03330,0.01709,0.04084,0.18790,0.14381,0.11158,0.02373,0.01909,0.01344,0.02431,0.07991,0.05420,0.01309,0.04303,0.01191,0.01343,0.01347,0.00980,0.01973
0.24927,0.03946,0.02323,0.01458,0.04800,0.03383,0.26913,0.06513,0.01242,0.03408,0.02631,0.03112,0.01670,0.01268,0.03261,0.01637,0.01224,0.01777,0.00702,0.03804
0.10297,0.09671,0.02196,0.02292,0.02596,0.02112,0.02335,0.03670,0.02340,0.03379,0.02374,0.03250,0.16961,0.02970,0.25012,0.02767,0.00970,0.00914,0.01540,0.02356
0.14954,0.03333,0.05179,0.05559,0.03216,0.01501,0.13645,0.06182,0.02816,0.04342,0.10396,0.04307,0.01409,0.02552,0.03298,0.06653,0.02529,0.01710,0.02010,0.04409
0.04259,0.05157,0.01754,0.13486,0.04149,0.02819,0.04406,0.02815,0.02996,0.02808,0.05272,0.04598,0.01465,0.15966,0.02084,0.04845,0.11260,0.02573,0.01646,0.05640
0.02311,0.01273,0.03680,0.06651,0.01684,0.00675,0.01322,0.01788,0.04029,0.01377,0.02992,0.30584,0.04155,0.01186,0.25770,0.02611,0.04469,0.00834,0.01386,0.01222
0.05696,0.03673,0.05599,0.08883,0.05012,0.04712,0.08371,0.10014,0.03344,0.03331,0.02467,0.03569,0.04555,0.04194,0.09024,0.02679,0.02431,0.01207,0.01973,0.09266
0.03128,0.03623,0.02078,0.02696,0.27881,0.21451,0.02786,0.05939,0.02327,0.01392,0.02442,0.06144,0.01582,0.01410,0.02758,0.01487,0.01542,0.01689,0.01306,0.06340
0.01237,0.01846,0.01222,0.02545,0.01735,0.00761,0.01685,0.01127,0.01037,0.34600,0.01879,0.02408,0.01133,0.41578,0.01025,0.01185,0.00804,0.00533,0.00804,0.00854
0.01825,0.05699,0.08292,0.02272,0.02478,0.01218,0.01362,0.02774,0.04170,0.01573,0.02957,0.04948,0.03216,0.01813,0.02605,0.01303,0.20486,0.26499,0.02176,0.02335
0.07722,0.06074,0.05636,0.01754,0.04870,0.02213,0.02987,0.11183,0.02452,0.03784,0.08603,0.03872,0.02904,0.02527,0.02922,0.12877,0.02474,0.02820,0.02061,0.10263
0.03121,0.02118,0.02714,0.21002,0.02983,0.03062,0.16265,0.03496,0.02576,0.03460,0.02492,0.06737,0.02804,0.04056,0.10415,0.05578,0.01494,0.00990,0.01516,0.03122
0.13965,0.07311,0.07526,0.04342,0.05113,0.03333,0.03022,0.03325,0.07601,0.03677,0.05701,0.06370,0.05647,0.03548,0.08010,0.02470,0.03414,0.01494,0.01503,0.02627
0.01637,0.01325,0.09967,0.03120,0.02676,0.01636,0.02487,0.03590,0.15752,0.01609,0.03327,0.17774,0.01869,0.02988,0.18259,0.01387,0.02509,0.01736,0.02147,0.04205
0.04127,0.02916,0.01482,0.18389,0.08530,0.12001,0.16501,0.01409,0.01933,0.04263,0.01531,0.02966,0.05051,0.05566,0.05916,0.01350,0.02623,0.00910,0.01154,0.01381
0.04777,0.03770,0.06627,0.02142,0.18211,0.17221,0.04229,0.02137,0.03464,0.07316,0.06695,0.04889,0.02160,0.03076,0.04292,0.03006,0.01596,0.01605,0.01689,0.01096
0.02826,0.02151,0.04109,0.01489,0.11264,0.08507,0.02289,0.15144,0.02490,0.01459,0.02006,0.01978,0.04056,0.01817,0.02442,0.01162,0.07355,0.06021,0.02531,0.18906
0.03066,0.01279,0.03037,0.15934,0.10412,0.07485,0.14856,0.05678,0.01507,0.02002,0.02371,0.04560,0.02950,0.02157,0.11247,0.01999,0.00585,0.00977,0.01562,0.06337
0.16657,0.07477,0.02720,0.00988,0.02798,0.01186,0.01713,0.04401,0.02037,0.03987,0.09126,0.10860,0.09735,0.00943,0.14431,0.04706,0.00657,0.00690,0.02233,0.02656
0.07676,0.14684,0.01348,0.02202,0.03968,0.04013,0.02551,0.03447,0.02458,0.03845,0.03391,0.10610,0.10902,0.02702,0.15702,0.01889,0.01617,0.00819,0.02161,0.04015
0.05262,0.06545,0.01930,0.03377,0.08544,0.08740,0.05566,0.03748,0.02691,0.04299,0.02394,0.06503,0.11398,0.02631,0.16658,0.02959,0.01824,0.00819,0.01865,0.02249
0.02485,0.03103,0.02559,0.07383,0.06950,0.05665,0.10403,0.12491,0.01875,0.03729,0.01391,0.10391,0.03294,0.02233,0.06836,0.04200,0.00986,0.01696,0.02813,0.09521
0.07303,0.20733,0.03738,0.04502,0.03311,0.05331,0.05482,0.03713,0.02813,0.13263,0.03050,0.07394,0.04421,0.01377,0.04629,0.01802,0.00840,0.00842,0.02969,0.02486
0.01725,0.02698,0.02133,0.03319,0.02352,0.02757,0.04424,0.02000,0.02839,0.03546,0.02312,0.04263,0.01795,0.01947,0.02982,0.01497,0.24260,0.29219,0.01366,0.02565
0.04795,0.02693,0.04273,0.17182,0.02229,0.02001,0.13697,0.01846,0.04815,0.02551,0.02290,0.02156,0.07222,0.09317,0.06539,0.02249,0.09797,0.01613,0.01700,0.01035
0.03287,0.01683,0.03511,0.04216,0.03062,0.01650,0.04858,0.03608,0.04471,0.02202,0.03781,0.13361,0.13174,0.01862,0.23938,0.04646,0.01020,0.01216,0.01313,0.03140
0.02231,0.04225,0.10233,0.02822,0.13980,0.13808,0.02575,0.04679,0.11184,0.04838,0.03671,0.02279,0.06894,0.02108,0.03058,0.02713,0.02406,0.02490,0.01468,0.02339
0.02380,0.05050,0.01730,0.09423,0.07019,0.02576,0.04867,0.15032,0.01844,0.09841,0.03398,0.02836,0.01613,0.02497,0.01893,0.04682,0.00952,0.09674,0.05510,0.07183
0.02915,0.08675,0.03762,0.13691,0.05296,0.04005,0.11572,0.02754,0.03722,0.10881,0.02830,0.02654,0.04224,0.03196,0.02852,0.02298,0.03951,0.03721,0.03615,0.03386
0.05167,0.15355,0.02639,0.04188,0.03800,0.04038,0.03606,0.03133,0.02263,0.17139,0.03254,0.06608,0.08439,0.02359,0.04894,0.02529,0.02708,0.01705,0.03797,0.02379
0.04051,0.31608,0.02969,0.04716,0.02363,0.01509,0.02038,0.01665,0.04153,0.01193,0.03619,0.27596,0.01298,0.01991,0.01611,0.00997,0.01715,0.02555,0.01372,0.00981
0.06904,0.04458,0.13517,0.03461,0.03238,0.02697,0.05090,0.03287,0.14297,0.03061,0.05775,0.09010,0.03079,0.01956,0.11608,0.02378,0.01519,0.01004,0.01289,0.02373
0.18815,0.01622,0.02762,0.05275,0.07989,0.08971,0.21147,0.03388,0.02924,0.01969,0.01872,0.02889,0.03428,0.01435,0.05961,0.01356,0.00996,0.01244,0.01416,0.04540
0.03381,0.01814,0.01093,0.02081,0.03264,0.01855,0.01934,0.29411,0.00740,0.02317,0.07982,0.02149,0.04081,0.01147,0.07201,0.01888,0.00896,0.01632,0.03499,0.21635
0.08869,0.06149,0.03432,0.02255,0.02368,0.01060,0.01914,0.10267,0.02775,0.03243,0.05554,0.01818,0.05186,0.01592,0.03750,0.31203,0.01273,0.01850,0.00931,0.04511
0.05746,0.03217,0.16748,0.03337,0.02478,0.01697,0.04246,0.02938,0.19427,0.02925,0.05924,0.03783,0.03818,0.04957,0.04753,0.04863,0.02949,0.02055,0.01505,0.02633
0.28040,0.01677,0.04508,0.01914,0.01417,0.01017,0.28999,0.02269,0.05166,0.01189,0.00881,0.05330,0.02391,0.02169,0.07572,0.01733,0.01193,0.00552,0.00697,0.01286
0.02169,0.01416,0.02383,0.24834,0.03185,0.03312,0.22135,0.06950,0.02212,0.01917,0.02108,0.01522,0.05885,0.01694,0.02955,0.02025,0.00826,0.01049,0.02691,0.08733
0.02533,0.02570,0.04183,0.09002,0.05543,0.03274,0.06117,0.09137,0.04158,0.05258,0.02954,0.04963,0.05369,0.04688,0.15503,0.03946,0.00734,0.00716,0.02396,0.06957
0.03484,0.01560,0.01277,0.02937,0.24087,0.18416,0.02355,0.13237,0.01918,0.02212,0.03537,0.02243,0.02547,0.02361,0.03043,0.01292,0.00361,0.00945,0.00714,0.11472
0.04947,0.13270,0.05066,0.04991,0.06727,0.05531,0.03814,0.02722,0.03987,0.01068,0.04107,0.17190,0.04369,0.02991,0.10916,0.01291,0.01854,0.01401,0.00824,0.02936
0.04030,0.04692,0.12454,0.06354,0.09839,0.03291,0.07418,0.04021,0.04500,0.05995,0.11946,0.02942,0.02120,0.02017,0.02122,0.02619,0.01980,0.05537,0.03332,0.02790
0.02476,0.01175,0.03902,0.01563,0.01086,0.03174,0.01073,0.30676,0.02942,0.01217,0.02520,0.00910,0.02088,0.01696,0.01851,0.01908,0.02517,0.01553,0.00825,0.34846
0.03344,0.31130,0.02973,0.03107,0.01983,0.01598,0.01582,0.02133,0.02662,0.05761,0.02908,0.24289,0.02049,0.01200,0.01875,0.03420,0.02105,0.01643,0.01920,0.02320
0.02316,0.02999,0.12980,0.02507,0.10128,0.01810,0.02081,0.07786,0.01820,0.05687,0.21154,0.07743,0.01255,0.03747,0.01601,0.02457,0.01004,0.01019,0.01337,0.08569
0.02194,0.02924,0.01955,0.02993,0.34702,0.27524,0.01009,0.02644,0.01364,0.02543,0.04033,0.01802,0.02241,0.01688,0.01996,0.01509,0.01763,0.01474,0.00841,0.02802
0.22189,0.03187,0.03353,0.02631,0.04241,0.02843,0.27221,0.02373,0.01649,0.01753,0.02108,0.04403,0.03302,0.02600,0.06785,0.03290,0.01160,0.01514,0.01184,0.02213
0.03192,0.01904,0.01497,0.04326,0.13935,0.10828,0.04641,0.06201,0.01802,0.03702,0.01954,0.05022,0.08184,0.02271,0.13355,0.07212,0.00878,0.02327,0.01492,0.05277
0.03126,0.03249,0.10683,0.07123,0.03027,0.03205,0.05386,0.01371,0.11443,0.01860,0.01148,0.02385,0.17222,0.01418,0.19911,0.02029,0.01999,0.01159,0.00873,0.01383
0.10251,0.03542,0.03184,0.02100,0.03416,0.01600,0.02005,0.09721,0.02965,0.03252,0.04210,0.03567,0.13197,0.03574,0.18046,0.03137,0.00962,0.01727,0.02755,0.06789
0.04046,0.01436,0.07322,0.06417,0.08379,0.04208,0.06859,0.04783,0.07241,0.02632,0.03057,0.01553,0.14509,0.01829,0.14683,0.01653,0.01141,0.02454,0.02541,0.03257
0.02634,0.07512,0.02126,0.04047,0.11325,0.08449,0.04401,0.13012,0.01946,0.06215,0.02213,0.02543,0.03500,0.01051,0.05936,0.03271,0.00718,0.01325,0.03296,0.14481
0.03951,0.01792,0.03398,0.04539,0.04059,0.03409,0.06614,0.06687,0.03588,0.15012,0.01986,0.02859,0.02703,0.21684,0.03442,0.04504,0.01787,0.02042,0.01371,0.04574
0.02696,0.02164,0.19269,0.02874,0.08895,0.04257,0.02477,0.07247,0.13359,0.02839,0.07878,0.01910,0.04604,0.04065,0.04272,0.02339,0.01404,0.01240,0.01854,0.04355
0.13197,0.14160,0.09922,0.02821,0.02688,0.01882,0.02736,0.02045,0.06997,0.09101,0.06320,0.03805,0.08020,0.01076,0.05908,0.02983,0.00861,0.01128,0.02277,0.02073
0.03547,0.04246,0.06743,0.04060,0.05205,0.02394,0.04399,0.01654,0.05046,0.03701,0.02934,0.04067,0.03806,0.01433,0.04572,0.03192,0.15927,0.20040,0.01784,0.01250
0.02836,0.01981,0.08490,0.06720,0.07421,0.08280,0.08051,0.10433,0.06554,0.01870,0.02333,0.01934,0.05565,0.00873,0.02632,0.02349,0.01207,0.04250,0.02227,0.13994
0.04814,0.02326,0.20356,0.02875,0.03136,0.02337,0.02827,0.03595,0.20679,0.02731,0.05354,0.04633,0.02796,0.03189,0.05840,0.04263,0.01337,0.01620,0.01768,0.03525
0.02149,0.05401,0.02545,0.06750,0.06694,0.02310,0.01274,0.09476,0.01587,0.04610,0.04723,0.06599,0.01419,0.07222,0.03606,0.05455,0.10867,0.07528,0.02569,0.07217
0.07290,0.03437,0.04700,0.03585,0.09239,0.06525,0.03946,0.13663,0.04905,0.03839,0.01201,0.06874,0.03443,0.01801,0.08740,0.03050,0.01248,0.01570,0.01848,0.09097
0.05048,0.06236,0.08387,0.03690,0.03785,0.02446,0.02375,0.03965,0.07288,0.03474,0.05962,0.07375,0.03555,0.02561,0.05660,0.04389,0.08275,0.10347,0.01025,0.04155
0.07370,0.02738,0.05506,0.09118,0.05511,0.05622,0.08653,0.04644,0.10797,0.02615,0.02852,0.02740,0.06297,0.02095,0.03965,0.03070,0.06765,0.04739,0.01750,0.03153
0.02530,0.02147,0.09037,0.05411,0.01732,0.00965,0.01660,0.02488,0.04143,0.01759,0.06410,0.02429,0.03169,0.01771,0.03301,0.00859,0.19546,0.26287,0.02596,0.01764
0.04089,0.16955,0.03296,0.07984,0.04258,0.02106,0.01774,0.03237,0.01739,0.20015,0.08952,0.03878,0.02345,0.03230,0.03433,0.02563,0.03569,0.01807,0.03083,0.01688
0.04155,0.02368,0.05627,0.03703,0.03420,0.02550,0.03463,0.04461,0.04656,0.02476,0.02529,0.02020,0.08362,0.02399,0.12417,0.01108,0.11496,0.15236,0.02634,0.04921
0.02273,0.09068,0.01524,0.02960,0.04840,0.04761,0.03180,0.03221,0.01753,0.11763,0.03355,0.12526,0.02666,0.02153,0.14951,0.02679,0.00988,0.01153,0.10303,0.03884
0.03719,0.06700,0.05657,0.04298,0.04378,0.02806,0.02086,0.03479,0.02047,0.07831,0.03494,0.03443,0.16494,0.02357,0.20478,0.01360,0.02859,0.02162,0.02318,0.02035
0.02378,0.01377,0.18249,0.03563,0.03685,0.01824,0.02024,0.01536,0.16767,0.01870,0.01499,0.02070,0.14917,0.02593,0.15151,0.01526,0.04422,0.01795,0.01345,0.01410
0.01894,0.03132,0.08233,0.03543,0.04039,0.03024,0.00847,0.13339,0.04845,0.02159,0.04786,0.11685,0.03486,0.02237,0.07467,0.01937,0.01306,0.01550,0.02245,0.18245
0.05450,0.07454,0.05569,0.06997,0.03498,0.04542,0.08101,0.03118,0.04666,0.11579,0.08368,0.01609,0.04895,0.03784,0.06967,0.02462,0.02119,0.02080,0.02422,0.04318
0.03886,0.16708,0.03207,0.10320,0.02613,0.00792,0.01983,0.03350,0.01790,0.02782,0.14985,0.13898,0.03327,0.01335,0.01868,0.09915,0.01151,0.01193,0.02781,0.02115
0.11332,0.12208,0.05609,0.02195,0.02726,0.02378,0.02403,0.02447,0.01677,0.17492,0.12718,0.01324,0.02390,0.03261,0.02899,0.05959,0.00857,0.02754,0.02067,0.05304
0.03432,0.01218,0.02349,0.09600,0.09779,0.04233,0.05996,0.20445,0.01444,0.02398,0.04346,0.01438,0.01413,0.06120,0.02514,0.03012,0.05633,0.08039,0.00899,0.05691
0.07166,0.02886,0.04469,0.02610,0.18003,0.13600,0.04741,0.05205,0.02908,0.01606,0.03065,0.01990,0.08950,0.01771,0.10930,0.01319,0.01565,0.02736,0.01119,0.03359
0.03605,0.01570,0.03557,0.01757,0.31647,0.25172,0.01744,0.03025,0.02469,0.01448,0.02839,0.02051,0.04170,0.02036,0.05698,0.01252,0.00969,0.01426,0.00785,0.02779
0.02589,0.01418,0.33541,0.02439,0.02125,0.01920,0.01884,0.01353,0.28557,0.01801,0.01749,0.01153,0.04312,0.01481,0.03550,0.02139,0.03527,0.02368,0.00794,0.01300
0.04354,0.03620,0.06249,0.03024,0.19542,0.17003,0.02720,0.06485,0.04501,0.03158,0.04101,0.03611,0.02933,0.02853,0.03650,0.01982,0.01432,0.01260,0.00765,0.06758
0.05302,0.01825,0.04517,0.02378,0.07571,0.11363,0.04051,0.02369,0.04772,0.03020,0.01131,0.06061,0.13578,0.01642,0.22381,0.01136,0.00970,0.01697,0.01633,0.02603
0.06675,0.04101,0.04348,0.05980,0.08806,0.08066,0.03858,0.04131,0.04468,0.01358,0.05547,0.07394,0.06042,0.04906,0.06836,0.06905,0.03697,0.01754,0.02807,0.02319
0.13048,0.14306,0.04246,0.02444,0.04377,0.03679,0.02366,0.01762,0.02277,0.17169,0.02601,0.01159,0.13040,0.01336,0.08107,0.01370,0.01114,0.02981,0.01492,0.01128
0.05640,0.04153,0.09593,0.02559,0.04160,0.04085,0.02009,0.02936,0.16565,0.02014,0.01564,0.04368,0.02729,0.09208,0.07844,0.02168,0.03623,0.04044,0.08869,0.01870
0.06003,0.05008,0.10271,0.06508,0.04425,0.04476,0.08036,0.03983,0.06880,0.03432,0.07510,0.04767,0.01817,0.04403,0.03829,0.03193,0.02201,0.02686,0.02255,0.08319
0.02999,0.09335,0.01938,0.01124,0.03227,0.06323,0.01233,0.07790,0.01365,0.16162,0.10148,0.02119,0.01280,0.03680,0.01290,0.01496,0.01239,0.01417,0.05849,0.19984
0.02981,0.02547,0.27121,0.05809,0.02026,0.01362,0.03386,0.01554,0.22107,0.02457,0.07695,0.01892,0.03793,0.01830,0.02652,0.02603,0.03051,0.03304,0.00652,0.01177
0.04041,0.04759,0.04757,0.04419,0.03867,0.03456,0.06314,0.03569,0.06380,0.04627,0.02074,0.02615,0.16193,0.01516,0.22267,0.01726,0.01074,0.01209,0.01482,0.03655
0.06923,0.03743,0.17058,0.02579,0.03299,0.04192,0.03345,0.02487,0.22838,0.04652,0.02126,0.01671,0.03741,0.06968,0.04115,0.01520,0.03692,0.01559,0.02002,0.01488
0.15410,0.04988,0.04210,0.02431,0.04760,0.03294,0.13178,0.10249,0.01866,0.01883,0.02313,0.05772,0.06087,0.01237,0.06698,0.01497,0.01097,0.01884,0.02437,0.08709
0.02203,0.02481,0.22621,0.01411,0.02302,0.00875,0.01557,0.02021,0.24427,0.03616,0.06664,0.01479,0.04462,0.03801,0.03335,0.01578,0.03804,0.04208,0.03755,0.03399
0.12041,0.17857,0.05452,0.02130,0.01972,0.01854,0.08048,0.03093,0.03564,0.01927,0.02658,0.15988,0.04053,0.01357,0.08694,0.01926,0.01535,0.01270,0.01338,0.03244
0.08533,0.04171,0.09235,0.05352,0.04999,0.03444,0.06512,0.02398,0.06478,0.02699,0.02730,0.01694,0.10525,0.08877,0.10646,0.02431,0.04287,0.01435,0.01806,0.01750
0.22044,0.02960,0.05450,0.02137,0.01938,0.01388,0.22207,0.02718,0.04735,0.04808,0.02771,0.04273,0.03293,0.03277,0.05255,0.04182,0.01060,0.00760,0.02353,0.02393
0.04238,0.08311,0.06613,0.03787,0.03351,0.03355,0.05336,0.02869,0.07108,0.08514,0.03921,0.04763,0.09388,0.02229,0.07848,0.02373,0.06207,0.06133,0.01603,0.02054
0.22431,0.01634,0.04292,0.05068,0.03841,0.02938,0.24099,0.01878,0.04826,0.01709,0.03297,0.01269,0.05723,0.02256,0.06609,0.03287,0.01231,0.01176,0.01475,0.00962
0.02440,0.04053,0.03387,0.06436,0.05137,0.02836,0.04816,0.15194,0.02774,0.05899,0.03383,0.04372,0.08642,0.01148,0.10030,0.02027,0.01493,0.00954,0.01966,0.13010
0.02182,0.03480,0.01686,0.06390,0.03170,0.02244,0.02038,0.02673,0.03393,0.03174,0.02386,0.17641,0.02397,0.09510,0.15670,0.03809,0.13577,0.00590,0.01059,0.02932
