0.00115,0.52397,0.00121,0.00000,0.00000,0.00000,0.00000,0.04039,0.02545,0.00000,0.00000,0.01289,0.00000,0.00000,0.39495
0.00001,0.00000,0.00000,0.00000,0.00000,0.00000,0.00000,0.00000,0.00000,0.00001,0.00000,0.00000,0.00000,0.99998,0.00000
0.00569,0.39404,0.00000,0.00000,0.31404,0.01090,0.00000,0.00000,0.00582,0.00000,0.00639,0.00000,0.00000,0.26312,0.00000
0.48677,0.00000,0.00000,0.00000,0.00000,0.00030,0.00000,0.00000,0.00000,0.01158,0.00000,0.50134,0.00000,0.00000,0.00000
0.89832,0.00039,0.00000,0.00000,0.00000,0.03033,0.00000,0.00000,0.00000,0.04802,0.00000,0.00000,0.00000,0.00000,0.02294
0.00005,0.00000,0.00014,0.00000,0.07566,0.66410,0.00000,0.00000,0.15012,0.07920,0.00000,0.00000,0.00000,0.00000,0.03072
0.28874,0.00058,0.00904,0.00029,0.00000,0.00000,0.00000,0.00000,0.00183,0.00000,0.69952,0.00000,0.00000,0.00000,0.00000
0.13651,0.00000,0.00000,0.04454,0.00000,0.00182,0.00000,0.00000,0.55124,0.00000,0.00000,0.09434,0.00000,0.17154,0.00000
0.99092,0.00253,0.00092,0.00000,0.00000,0.00564,0.00000,0.00000,0.00000,0.00000,0.00000,0.00000,0.00000,0.00000,0.00000
0.00000,0.00000,0.00000,0.00000,0.00000,0.00000,0.00000,0.00000,0.05065,0.01919,0.00000,0.00000,0.00000,0.00000,0.93016
0.60245,0.21949,0.00000,0.00000,0.00000,0.00000,0.00000,0.00005,0.00001,0.00000,0.00000,0.17799,0.00000,0.00000,0.00000
0.11157,0.30207,0.00000,0.00000,0.00000,0.00000,0.00000,0.00000,0.00092,0.00000,0.00000,0.58529,0.00000,0.00016,0.00000
0.00000,0.00001,0.00000,0.00000,0.00000,0.00001,0.00000,0.00057,0.00000,0.99931,0.00000,0.00000,0.00000,0.00000,0.00011
0.00001,0.02098,0.00000,0.97849,0.00000,0.00000,0.00000,0.00000,0.00023,0.00000,0.00000,0.00000,0.00000,0.00000,0.00029
0.00000,0.00000,0.00000,0.03780,0.00000,0.30852,0.00000,0.00000,0.00000,0.00823,0.00000,0.00000,0.00000,0.00000,0.64545
0.69438,0.00000,0.00000,0.00000,0.00000,0.00000,0.00000,0.00000,0.00185,0.00000,0.00000,0.00000,0.00000,0.00000,0.30377
0.55746,0.17178,0.00000,0.00000,0.00000,0.00285,0.00137,0.00000,0.00020,0.00000,0.17969,0.00000,0.00000,0.08665,0.00000
0.77653,0.00000,0.00000,0.00000,0.00000,0.00000,0.00000,0.00008,0.00000,0.00000,0.04988,0.00000,0.00000,0.17175,0.00176
0.22537,0.00000,0.00008,0.00000,0.00000,0.01462,0.00000,0.00000,0.00000,0.00000,0.70893,0.00000,0.00000,0.01830,0.03270
0.00355,0.00000,0.00000,0.00000,0.00009,0.00000,0.00000,0.00000,0.01318,0.00000,0.00000,0.98318,0.00000,0.00000,0.00000
0.09893,0.00000,0.00000,0.00000,0.00000,0.00000,0.00000,0.00000,0.73205,0.16902,0.00000,0.00000,0.00000,0.00000,0.00000
0.00651,0.92427,0.00000,0.00000,0.00000,0.05516,0.00000,0.00000,0.01406,0.00000,0.00000,0.00000,0.00000,0.00000,0.00000
0.01186,0.25773,0.00000,0.72952,0.00011,0.00000,0.00000,0.00000,0.00000,0.00040,0.00000,0.00000,0.00000,0.00000,0.00037
0.63057,0.13157,0.00000,0.00000,0.00000,0.00511,0.00000,0.00000,0.01034,0.00285,0.00000,0.21957,0.00000,0.00000,0.00000
0.97660,0.00031,0.00000,0.00000,0.00000,0.00000,0.00000,0.00000,0.01132,0.00683,0.00000,0.00138,0.00000,0.00000,0.00356
0.16631,0.00000,0.39212,0.00000,0.00000,0.00000,0.00000,0.00000,0.00000,0.00000,0.00000,0.00000,0.00000,0.17788,0.26369
0.00000,0.00037,0.00000,0.00000,0.02427,0.00001,0.00000,0.01782,0.95625,0.00000,0.00000,0.00000,0.00129,0.00000,0.00000
0.78754,0.00002,0.07397,0.00000,0.00000,0.05229,0.00000,0.06915,0.00000,0.00377,0.00000,0.00000,0.00000,0.01326,0.00000
0.00003,0.00001,0.00000,0.00000,0.00013,0.00000,0.00000,0.54783,0.00000,0.00000,0.00000,0.00000,0.00000,0.45199,0.00000
0.25037,0.02151,0.00000,0.00000,0.00000,0.03663,0.00000,0.00000,0.00000,0.00000,0.00000,0.00000,0.00000,0.69149,0.00000
0.90775,0.00000,0.00301,0.00000,0.00000,0.00289,0.00000,0.00000,0.00000,0.00000,0.00000,0.08581,0.00000,0.00053,0.00000
0.99488,0.00099,0.00000,0.00000,0.00000,0.00158,0.00000,0.00173,0.00000,0.00081,0.00000,0.00000,0.00000,0.00000,0.00000
0.00112,0.07946,0.00000,0.00000,0.00000,0.00000,0.00000,0.00000,0.66358,0.00000,0.00000,0.24779,0.00000,0.00792,0.00013
0.32399,0.00215,0.00000,0.06331,0.00000,0.60810,0.00000,0.00042,0.00000,0.00189,0.00000,0.00011,0.00000,0.00003,0.00000
0.00026,0.11176,0.00000,0.04854,0.00000,0.00000,0.00000,0.00000,0.74824,0.09116,0.00000,0.00000,0.00003,0.00000,0.00000
0.79293,0.06613,0.00584,0.00000,0.00000,0.02617,0.00000,0.10132,0.00001,0.00000,0.00000,0.00313,0.00000,0.00447,0.00000
0.04232,0.00000,0.00000,0.00000,0.00000,0.67530,0.00001,0.00000,0.00064,0.00000,0.00000,0.00015,0.00000,0.28157,0.00000
0.59219,0.10187,0.00000,0.00000,0.00000,0.00000,0.00000,0.00000,0.00000,0.00007,0.00000,0.29984,0.00000,0.00013,0.00591
0.20590,0.00000,0.00000,0.00000,0.00000,0.00000,0.00012,0.00000,0.39007,0.00000,0.00000,0.00045,0.00000,0.18438,0.21908
0.00000,0.00020,0.06768,0.00000,0.00010,0.04911,0.00000,0.35058,0.52761,0.00185,0.00000,0.00000,0.00000,0.00287,0.00000
0.96956,0.00000,0.00000,0.00000,0.01575,0.00000,0.00000,0.00000,0.00022,0.00000,0.00000,0.00000,0.00000,0.01447,0.00000
0.00002,0.00000,0.00000,0.81240,0.00086,0.04602,0.00000,0.00000,0.00000,0.00000,0.02494,0.11563,0.00000,0.00011,0.00000
0.00528,0.00000,0.10186,0.00000,0.00000,0.55140,0.00000,0.00000,0.34146,0.00000,0.00000,0.00000,0.00000,0.00000,0.00000
0.00002,0.00000,0.00000,0.00000,0.00000,0.00000,0.00000,0.00000,0.00000,0.33175,0.00001,0.00000,0.00000,0.00000,0.66822
0.07074,0.00000,0.00004,0.00000,0.00000,0.00043,0.00000,0.00000,0.00000,0.00001,0.00000,0.00000,0.00000,0.00000,0.92877
0.00638,0.81275,0.14447,0.00000,0.00000,0.00000,0.00000,0.00000,0.00486,0.00000,0.00016,0.00051,0.00000,0.00000,0.03086
0.34282,0.00000,0.00000,0.00000,0.00000,0.02653,0.00000,0.00000,0.00000,0.00002,0.51829,0.00000,0.11234,0.00000,0.00000
0.00033,0.64622,0.00000,0.00000,0.00000,0.21245,0.00000,0.00000,0.00416,0.00000,0.00000,0.00000,0.00000,0.09861,0.03824
0.88461,0.10270,0.00000,0.00000,0.00000,0.00447,0.00000,0.00000,0.00000,0.00000,0.00000,0.00000,0.00001,0.00009,0.00812
0.00001,0.00000,0.00000,0.10769,0.00000,0.00000,0.00000,0.00000,0.00065,0.00000,0.00000,0.84584,0.00000,0.00000,0.04580
0.06134,0.82794,0.00000,0.00000,0.00442,0.00000,0.00000,0.00004,0.00114,0.10280,0.00218,0.00000,0.00000,0.00000,0.00014
0.49535,0.50382,0.00000,0.00000,0.00000,0.00000,0.00000,0.00056,0.00000,0.00000,0.00000,0.00000,0.00000,0.00002,0.00025
0.56493,0.00000,0.00000,0.00000,0.00000,0.22432,0.00014,0.00000,0.02710,0.00000,0.00000,0.00002,0.00000,0.00001,0.18349
0.10141,0.00000,0.00000,0.00004,0.00000,0.80756,0.00000,0.00168,0.00000,0.00002,0.00000,0.00000,0.00000,0.00236,0.08694
0.00001,0.00027,0.00000,0.00000,0.00078,0.00010,0.00000,0.00000,0.00000,0.99883,0.00000,0.00000,0.00000,0.00000,0.00000
0.00000,0.72071,0.00000,0.00000,0.00000,0.00000,0.00000,0.00001,0.00000,0.00000,0.00000,0.00000,0.00000,0.27927,0.00000
0.23150,0.00000,0.74112,0.02574,0.00000,0.00001,0.00000,0.00000,0.00000,0.00000,0.00000,0.00000,0.00000,0.00000,0.00163
0.00033,0.02911,0.00000,0.00000,0.00000,0.88707,0.00000,0.01569,0.00030,0.06692,0.00000,0.00000,0.00000,0.00057,0.00000
0.00008,0.00001,0.00000,0.00000,0.00000,0.00000,0.00000,0.00055,0.00000,0.00000,0.00000,0.99930,0.00000,0.00006,0.00000
0.80307,0.00000,0.00000,0.00000,0.00000,0.00050,0.00000,0.00000,0.00000,0.00018,0.00000,0.00000,0.00000,0.00000,0.19625
0.00004,0.00000,0.00000,0.00000,0.00000,0.00831,0.00000,0.00000,0.00000,0.00000,0.46762,0.00000,0.00000,0.00113,0.52290
0.00034,0.01040,0.00000,0.00000,0.00000,0.01077,0.00000,0.00000,0.00001,0.00000,0.00000,0.44763,0.00000,0.35027,0.18059
0.00023,0.00000,0.00000,0.00000,0.00000,0.00527,0.00000,0.00015,0.00000,0.99348,0.00000,0.00000,0.00000,0.00028,0.00060
0.89372,0.00000,0.00000,0.00000,0.00019,0.00016,0.00000,0.00008,0.00000,0.00000,0.00002,0.10438,0.00000,0.00014,0.00132
0.00000,0.00155,0.00000,0.00000,0.00000,0.00000,0.00000,0.00000,0.07422,0.00000,0.00000,0.00000,0.00000,0.91917,0.00505
0.00000,0.00554,0.00004,0.00000,0.00000,0.00000,0.98905,0.00000,0.00000,0.00406,0.00000,0.00115,0.00000,0.00007,0.00009
0.38503,0.00011,0.00031,0.00000,0.00000,0.01121,0.00000,0.58406,0.01143,0.00000,0.00088,0.00000,0.00000,0.00685,0.00012
0.68075,0.00000,0.00000,0.00000,0.01953,0.25283,0.00000,0.02239,0.00000,0.02449,0.00000,0.00000,0.00000,0.00000,0.00000
0.00690,0.00000,0.98034,0.00036,0.00000,0.00003,0.00000,0.00035,0.00184,0.00000,0.00000,0.00001,0.01018,0.00000,0.00000
0.00378,0.00000,0.00000,0.00000,0.00000,0.47670,0.00000,0.00000,0.00000,0.00137,0.11462,0.00012,0.00000,0.40340,0.00000
0.99276,0.00001,0.00004,0.00000,0.00000,0.00141,0.00000,0.00000,0.00000,0.00578,0.00000,0.00000,0.00000,0.00000,0.00000
0.00999,0.45152,0.00000,0.00000,0.00000,0.33385,0.00000,0.04401,0.00000,0.16054,0.00000,0.00009,0.00000,0.00000,0.00000
0.01361,0.00357,0.00000,0.01163,0.00000,0.00000,0.00000,0.37543,0.00000,0.59545,0.00000,0.00000,0.00000,0.00031,0.00000
0.17830,0.00245,0.56670,0.00000,0.00000,0.00035,0.00000,0.12262,0.00585,0.00000,0.00000,0.00001,0.12366,0.00005,0.00002
0.00001,0.00009,0.00000,0.97938,0.00000,0.00000,0.00001,0.00003,0.00001,0.00033,0.00000,0.00000,0.00000,0.00000,0.02014
0.32605,0.21242,0.00000,0.00000,0.00000,0.46149,0.00000,0.00000,0.00000,0.00000,0.00000,0.00003,0.00000,0.00000,0.00000
0.00000,0.00000,0.00000,0.00000,0.00000,0.00000,0.00000,0.21640,0.00000,0.00000,0.00000,0.03160,0.00103,0.75098,0.00000
0.08816,0.90379,0.00004,0.00002,0.00000,0.00001,0.00000,0.00130,0.00370,0.00299,0.00000,0.00000,0.00000,0.00000,0.00000
0.00031,0.00152,0.21426,0.00000,0.00000,0.00000,0.00000,0.00000,0.78369,0.00020,0.00000,0.00001,0.00000,0.00000,0.00000
0.03814,0.00841,0.00000,0.00000,0.00000,0.00863,0.00000,0.17739,0.00012,0.00188,0.00000,0.18770,0.00000,0.37865,0.19906
0.54972,0.00000,0.00000,0.00062,0.00000,0.00000,0.00000,0.00000,0.00000,0.00000,0.00000,0.44966,0.00000,0.00000,0.00000
0.02863,0.00001,0.00702,0.00000,0.00442,0.06617,0.00000,0.00000,0.21775,0.02149,0.00000,0.00000,0.00000,0.65451,0.00001
0.11025,0.53228,0.00000,0.00000,0.00000,0.00339,0.00036,0.00006,0.32364,0.00020,0.00000,0.00000,0.00000,0.02981,0.00000
0.00004,0.00072,0.58023,0.00000,0.00000,0.39763,0.00000,0.00001,0.00000,0.02125,0.00000,0.00000,0.00000,0.00000,0.00012
0.00993,0.00000,0.00100,0.00000,0.00000,0.01360,0.00000,0.00000,0.00000,0.00000,0.00000,0.91553,0.00000,0.05993,0.00000
0.45057,0.00007,0.00000,0.00001,0.00000,0.25193,0.00000,0.00002,0.29701,0.00036,0.00000,0.00000,0.00000,0.00000,0.00004
0.04086,0.00262,0.13873,0.78282,0.00000,0.02619,0.00000,0.00000,0.00000,0.00000,0.00000,0.00000,0.00000,0.00000,0.00879
0.87916,0.00207,0.00000,0.00000,0.00000,0.11233,0.00000,0.00000,0.00378,0.00000,0.00000,0.00000,0.00000,0.00145,0.00120
0.01229,0.00000,0.00000,0.00000,0.00000,0.00006,0.00000,0.00001,0.10029,0.47334,0.09065,0.32337,0.00000,0.00000,0.00000
0.80799,0.19165,0.00000,0.00000,0.00000,0.00000,0.00000,0.00000,0.00036,0.00000,0.00000,0.00000,0.00000,0.00000,0.00000
0.23915,0.00132,0.00000,0.00000,0.00000,0.02597,0.02751,0.00000,0.57676,0.00001,0.02626,0.00000,0.00000,0.00867,0.09436
0.59914,0.13985,0.00000,0.00000,0.00000,0.00000,0.00000,0.26100,0.00000,0.00000,0.00000,0.00001,0.00000,0.00000,0.00000
0.00371,0.95631,0.00000,0.00621,0.00000,0.03093,0.00283,0.00000,0.00000,0.00000,0.00000,0.00000,0.00000,0.00000,0.00000
0.00000,0.08172,0.16058,0.00004,0.02649,0.36403,0.00000,0.10436,0.00007,0.00000,0.00000,0.00000,0.00005,0.00000,0.26266
0.00001,0.01241,0.01175,0.00000,0.00959,0.00546,0.00358,0.94958,0.00001,0.00701,0.00000,0.00000,0.00000,0.00000,0.00061
0.00030,0.38235,0.00000,0.00000,0.00081,0.42424,0.00000,0.00000,0.00000,0.00001,0.00000,0.00000,0.00000,0.19229,0.00001
0.03478,0.00000,0.02683,0.15406,0.00000,0.00000,0.00000,0.00000,0.03210,0.75222,0.00001,0.00000,0.00000,0.00000,0.00000
0.00027,0.00006,0.81054,0.00000,0.18912,0.00000,0.00000,0.00000,0.00000,0.00000,0.00000,0.00000,0.00000,0.00000,0.00000
0.20061,0.79894,0.00000,0.00000,0.00000,0.00000,0.00000,0.00000,0.00015,0.00030,0.00001,0.00000,0.00000,0.00000,0.00000
0.00996,0.00000,0.00001,0.00000,0.00005,0.01121,0.00000,0.00000,0.00000,0.00000,0.00000,0.00000,0.00000,0.00000,0.97877
0.00987,0.00000,0.04960,0.00000,0.00000,0.00000,0.00000,0.00000,0.06727,0.00006,0.00000,0.87320,0.00000,0.00000,0.00000
0.00105,0.98317,0.00000,0.00000,0.00000,0.00090,0.00000,0.00827,0.00000,0.00463,0.00000,0.00000,0.00008,0.00000,0.00190
0.00224,0.00000,0.00000,0.00000,0.00000,0.00008,0.00000,0.00551,0.00000,0.00000,0.00000,0.00000,0.99111,0.00107,0.00000
0.00000,0.00000,0.00000,0.00000,0.00000,0.06347,0.00000,0.93467,0.00000,0.00054,0.00000,0.00000,0.00000,0.00000,0.00131
0.00000,0.01796,0.00000,0.00000,0.00000,0.00000,0.00000,0.00001,0.00000,0.03201,0.00000,0.00000,0.00000,0.95002,0.00000
0.11791,0.00000,0.77248,0.00000,0.00000,0.00013,0.00000,0.00000,0.06667,0.00000,0.00030,0.01152,0.00000,0.03099,0.00000
0.00026,0.00000,0.00000,0.00002,0.00000,0.00000,0.00000,0.00000,0.97827,0.00028,0.00000,0.02117,0.00000,0.00000,0.00000
0.00001,0.00000,0.00000,0.00000,0.00000,0.00000,0.00000,0.00051,0.97200,0.00171,0.00000,0.00002,0.00000,0.00562,0.02014
0.00000,0.04060,0.00000,0.00000,0.00000,0.00000,0.00000,0.00000,0.00001,0.54817,0.00000,0.41044,0.00000,0.00073,0.00005
0.99985,0.00000,0.00000,0.00000,0.00000,0.00000,0.00000,0.00000,0.00000,0.00000,0.00000,0.00014,0.00000,0.00000,0.00001
0.61499,0.00927,0.00000,0.00000,0.00000,0.37565,0.00000,0.00000,0.00000,0.00002,0.00000,0.00000,0.00000,0.00000,0.00007
0.00438,0.00000,0.00119,0.00000,0.00000,0.95624,0.00000,0.00000,0.00000,0.00000,0.00001,0.00000,0.00077,0.03742,0.00000
0.99958,0.00000,0.00000,0.00000,0.00000,0.00000,0.00000,0.00000,0.00042,0.00000,0.00000,0.00000,0.00000,0.00000,0.00000
0.29543,0.03805,0.00000,0.00000,0.10278,0.01379,0.00000,0.00000,0.02939,0.28383,0.00000,0.00000,0.00000,0.23672,0.00000
0.15129,0.00014,0.00000,0.00000,0.00000,0.00063,0.00000,0.02583,0.04322,0.69922,0.00000,0.00287,0.00000,0.07089,0.00591
0.00000,0.04088,0.00000,0.00000,0.00000,0.02788,0.00000,0.08028,0.00000,0.84672,0.00000,0.00000,0.00000,0.00423,0.00000
0.99838,0.00000,0.00000,0.00000,0.00000,0.00019,0.00000,0.00000,0.00073,0.00000,0.00000,0.00000,0.00000,0.00000,0.00070
0.00189,0.00000,0.00000,0.00000,0.00000,0.00000,0.00000,0.00563,0.00000,0.00000,0.99244,0.00000,0.00003,0.00000,0.00000
0.01944,0.00463,0.04066,0.06079,0.00000,0.69535,0.00000,0.00000,0.00002,0.00002,0.17909,0.00000,0.00000,0.00000,0.00000
0.00332,0.00000,0.00000,0.00000,0.00001,0.47888,0.00000,0.08176,0.01834,0.09279,0.32239,0.00251,0.00000,0.00000,0.00000
0.00278,0.00005,0.00000,0.32898,0.00000,0.00000,0.00000,0.00000,0.00002,0.00031,0.00000,0.00000,0.66786,0.00000,0.00000
0.83967,0.14746,0.00000,0.00000,0.00000,0.00000,0.00000,0.00000,0.00000,0.00152,0.00000,0.00731,0.00000,0.00000,0.00403
0.00000,0.00000,0.01531,0.00000,0.00000,0.96491,0.00000,0.00019,0.00000,0.00000,0.00000,0.01109,0.00000,0.00827,0.00022
0.46119,0.00443,0.00000,0.00000,0.52143,0.00000,0.00000,0.00001,0.00163,0.01097,0.00000,0.00000,0.00000,0.00034,0.00000
0.00000,0.54315,0.00000,0.00000,0.00000,0.00000,0.00000,0.00001,0.00015,0.45668,0.00000,0.00000,0.00000,0.00000,0.00000
0.00899,0.00214,0.08156,0.00000,0.00000,0.00000,0.50512,0.00000,0.00068,0.00000,0.00000,0.00000,0.00005,0.00000,0.40145
0.00004,0.45774,0.00000,0.00000,0.21748,0.00890,0.00000,0.00001,0.00000,0.00000,0.04959,0.04220,0.00000,0.22404,0.00000
0.01099,0.29082,0.09812,0.00000,0.00000,0.00102,0.00000,0.45882,0.00001,0.00000,0.00000,0.00000,0.00001,0.00000,0.14020
0.03242,0.96676,0.00000,0.00000,0.00000,0.00000,0.00000,0.00000,0.00082,0.00000,0.00000,0.00000,0.00000,0.00000,0.00000
0.00000,0.00157,0.00000,0.00000,0.00000,0.45151,0.00000,0.52816,0.00654,0.00000,0.00000,0.01222,0.00000,0.00000,0.00000
0.00004,0.00000,0.00001,0.00000,0.00000,0.00836,0.00000,0.00000,0.27284,0.00000,0.00000,0.00000,0.00000,0.01222,0.70652
0.17695,0.00000,0.26071,0.00000,0.00000,0.00524,0.00000,0.00000,0.00000,0.00000,0.00016,0.55465,0.00016,0.00000,0.00213
0.77147,0.00347,0.00000,0.00000,0.00000,0.00113,0.00000,0.00000,0.00005,0.00000,0.00000,0.00000,0.00000,0.22388,0.00000
0.99751,0.00052,0.00000,0.00000,0.00000,0.00000,0.00000,0.00000,0.00088,0.00000,0.00000,0.00000,0.00000,0.00109,0.00001
0.00649,0.00002,0.04740,0.00000,0.16425,0.77462,0.00000,0.00000,0.00393,0.00328,0.00000,0.00000,0.00000,0.00000,0.00000
0.00015,0.99438,0.00000,0.00002,0.00000,0.00005,0.00000,0.00000,0.00000,0.00000,0.00000,0.00049,0.00491,0.00000,0.00000
0.48773,0.00005,0.00000,0.02549,0.00000,0.10695,0.00000,0.25627,0.00000,0.01219,0.00000,0.11002,0.00000,0.00000,0.00130
0.26787,0.00000,0.00000,0.00000,0.00000,0.00000,0.00000,0.00000,0.00000,0.73212,0.00000,0.00001,0.00000,0.00000,0.00000
0.00022,0.00000,0.00000,0.00000,0.00000,0.00000,0.00000,0.00000,0.13117,0.86842,0.00002,0.00016,0.00000,0.00000,0.00000
0.46818,0.00000,0.00014,0.00000,0.00000,0.11483,0.00000,0.05663,0.00000,0.00000,0.00751,0.00000,0.08249,0.00000,0.27023
0.60610,0.00000,0.38026,0.00000,0.00000,0.01362,0.00000,0.00000,0.00000,0.00000,0.00000,0.00000,0.00000,0.00000,0.00002
0.49424,0.00000,0.00000,0.00000,0.00000,0.00001,0.00000,0.00000,0.00904,0.02500,0.00453,0.00000,0.46717,0.00002,0.00000
0.69363,0.00000,0.00000,0.00000,0.00000,0.18167,0.00000,0.00000,0.00000,0.00184,0.00000,0.00000,0.00558,0.00020,0.11708
0.41269,0.07707,0.00000,0.00000,0.00000,0.00000,0.00000,0.00000,0.25548,0.00000,0.00000,0.25175,0.00000,0.00065,0.00235
0.00014,0.89625,0.00000,0.00014,0.00000,0.08853,0.00000,0.00000,0.00015,0.00000,0.00003,0.00000,0.00000,0.00000,0.01476
0.00032,0.56083,0.00000,0.00000,0.00000,0.00023,0.00000,0.00000,0.43811,0.00000,0.00000,0.00000,0.00000,0.00000,0.00051
0.00635,0.00024,0.00001,0.00000,0.00000,0.99339,0.00000,0.00000,0.00000,0.00000,0.00000,0.00000,0.00000,0.00000,0.00000
0.00230,0.00000,0.00000,0.00000,0.00000,0.03038,0.00000,0.00000,0.00648,0.00000,0.00000,0.00000,0.00000,0.00103,0.95982
0.00000,0.27016,0.00005,0.00000,0.00000,0.00000,0.00000,0.68254,0.00553,0.00000,0.00000,0.03638,0.00000,0.00534,0.00000
0.02867,0.00000,0.00000,0.09764,0.00000,0.01047,0.00000,0.00000,0.01008,0.03981,0.00000,0.14406,0.00000,0.00000,0.66926
0.86036,0.00216,0.00000,0.00640,0.00006,0.00358,0.00000,0.12440,0.00288,0.00009,0.00000,0.00005,0.00000,0.00001,0.00000
0.00753,0.45459,0.00000,0.00000,0.00000,0.17952,0.00000,0.00000,0.17049,0.00011,0.00000,0.00000,0.00000,0.18763,0.00013
0.00012,0.00022,0.00000,0.00000,0.00135,0.92623,0.00000,0.00024,0.02960,0.00303,0.00000,0.00116,0.00190,0.01425,0.02189
0.00001,0.00000,0.00000,0.00000,0.00000,0.00001,0.00000,0.96032,0.00144,0.00048,0.00000,0.03719,0.00000,0.00055,0.00000
0.43669,0.00107,0.00000,0.00000,0.00000,0.54931,0.00000,0.00000,0.00000,0.00002,0.00000,0.00000,0.00000,0.00000,0.01291
0.06154,0.00003,0.00004,0.00000,0.00000,0.90361,0.00000,0.00000,0.00001,0.00000,0.00000,0.00000,0.00000,0.03477,0.00000
0.54617,0.00937,0.00000,0.00000,0.00000,0.38126,0.00000,0.00000,0.00000,0.00000,0.00000,0.00252,0.00000,0.06067,0.00000
0.97138,0.01416,0.00000,0.00000,0.00000,0.00720,0.00000,0.00000,0.00000,0.00000,0.00000,0.00727,0.00000,0.00000,0.00000
0.01982,0.00000,0.00000,0.01341,0.00000,0.00002,0.00000,0.00000,0.00000,0.00855,0.00000,0.00013,0.00000,0.95807,0.00000
0.00926,0.00000,0.00001,0.00000,0.00000,0.00000,0.00000,0.00000,0.88313,0.00000,0.00000,0.10760,0.00000,0.00000,0.00000
0.00009,0.00000,0.00000,0.00000,0.00000,0.99208,0.00000,0.00000,0.00784,0.00000,0.00000,0.00000,0.00000,0.00000,0.00000
0.00000,0.51305,0.00000,0.00000,0.00000,0.00000,0.00000,0.48161,0.00512,0.00000,0.00000,0.00000,0.00015,0.00006,0.00000
0.00000,0.86450,0.00000,0.00000,0.00000,0.10509,0.00000,0.01457,0.00030,0.01490,0.00000,0.00000,0.00000,0.00000,0.00063
0.00001,0.00000,0.00000,0.00000,0.00000,0.04316,0.00000,0.00000,0.27122,0.68490,0.00000,0.00000,0.00000,0.00000,0.00070
0.00448,0.00000,0.06499,0.00000,0.00106,0.00002,0.00000,0.00000,0.82102,0.10841,0.00000,0.00000,0.00000,0.00000,0.00002
0.00005,0.00000,0.00000,0.01171,0.00000,0.17608,0.00000,0.00000,0.00015,0.00000,0.81201,0.00000,0.00000,0.00000,0.00000
0.01778,0.37841,0.00000,0.00000,0.00000,0.00000,0.00000,0.00000,0.00191,0.00016,0.00000,0.00000,0.00000,0.00000,0.60173
0.47413,0.00000,0.00000,0.00003,0.00000,0.46734,0.00000,0.05791,0.00032,0.00018,0.00000,0.00009,0.00000,0.00000,0.00000
0.00781,0.01725,0.00000,0.00000,0.00000,0.00000,0.00000,0.00000,0.00772,0.00964,0.00000,0.00456,0.00000,0.95291,0.00011
0.00001,0.00000,0.00000,0.00000,0.00000,0.00000,0.00000,0.02343,0.00000,0.00000,0.00001,0.00000,0.00000,0.00000,0.97655
0.04140,0.00000,0.00000,0.00000,0.00000,0.00851,0.00000,0.00000,0.72477,0.00000,0.00000,0.00428,0.00000,0.20472,0.01632
0.00017,0.00143,0.00003,0.00000,0.00000,0.13632,0.00000,0.00000,0.00000,0.00028,0.00000,0.30310,0.00000,0.31602,0.24264
0.00008,0.00041,0.00000,0.00000,0.00000,0.00022,0.00000,0.00000,0.00431,0.69402,0.13475,0.00000,0.00001,0.00000,0.16620
0.00000,0.00202,0.00000,0.00000,0.00000,0.00000,0.00000,0.00050,0.79889,0.12330,0.00000,0.00000,0.00000,0.07528,0.00000
0.00003,0.00054,0.00000,0.00000,0.00000,0.49810,0.00000,0.00154,0.00456,0.00008,0.00000,0.00000,0.00000,0.00000,0.49515
0.04707,0.04236,0.00021,0.00000,0.00000,0.05425,0.00000,0.84775,0.00000,0.00000,0.00000,0.00000,0.00833,0.00000,0.00003
0.02575,0.81211,0.00000,0.00000,0.00000,0.00357,0.00000,0.13540,0.00330,0.00004,0.00000,0.01984,0.00000,0.00000,0.00000
0.24813,0.00000,0.07003,0.00062,0.00000,0.00467,0.66923,0.00000,0.00281,0.00000,0.00000,0.00293,0.00000,0.00158,0.00000
0.08440,0.31509,0.56938,0.00000,0.00000,0.00043,0.00000,0.00000,0.01892,0.00061,0.00000,0.00000,0.00000,0.01117,0.00000
0.80644,0.00050,0.00000,0.00000,0.00000,0.00003,0.00000,0.00004,0.00006,0.00000,0.00000,0.00000,0.01038,0.18256,0.00000
0.99156,0.00000,0.00008,0.00053,0.00000,0.00618,0.00000,0.00011,0.00000,0.00153,0.00000,0.00000,0.00000,0.00000,0.00000
0.03854,0.46695,0.34197,0.00000,0.00000,0.14011,0.00000,0.00002,0.01241,0.00000,0.00000,0.00000,0.00000,0.00000,0.00000
0.00006,0.00023,0.00000,0.00125,0.00000,0.00000,0.00000,0.00001,0.00000,0.96557,0.00000,0.00000,0.03282,0.00000,0.00006
0.94298,0.00001,0.00000,0.00000,0.00000,0.00000,0.00000,0.00000,0.00000,0.00031,0.00000,0.00000,0.00000,0.00031,0.05639
0.00127,0.00049,0.00000,0.00000,0.00000,0.00000,0.00000,0.00000,0.00000,0.00403,0.99316,0.00006,0.00000,0.00000,0.00099
0.18558,0.53440,0.00000,0.00000,0.00000,0.00000,0.00000,0.00000,0.02074,0.00000,0.25913,0.00013,0.00000,0.00000,0.00003
0.03188,0.00000,0.00000,0.00000,0.00000,0.20356,0.00000,0.00000,0.04809,0.00000,0.28088,0.27983,0.00047,0.15530,0.00000
0.00000,0.00000,0.20358,0.00000,0.00029,0.01739,0.00000,0.00000,0.75828,0.00000,0.00177,0.00025,0.00656,0.01187,0.00000
0.00000,0.00000,0.00000,0.09593,0.00000,0.00552,0.00000,0.00000,0.00000,0.89855,0.00000,0.00000,0.00000,0.00000,0.00000
0.00076,0.00012,0.00000,0.93358,0.00000,0.05237,0.00000,0.00000,0.01119,0.00000,0.00000,0.00000,0.00000,0.00198,0.00000
0.00000,0.00000,0.00000,0.00000,0.99912,0.00000,0.00000,0.00000,0.00002,0.00000,0.00000,0.00000,0.00085,0.00000,0.00000
0.65443,0.00002,0.00003,0.00000,0.00199,0.21631,0.00000,0.00000,0.00000,0.12723,0.00000,0.00000,0.00000,0.00000,0.00000
0.00000,0.00003,0.00000,0.00003,0.00025,0.00000,0.00000,0.00000,0.00155,0.00000,0.00000,0.00000,0.00000,0.00000,0.99812
0.00000,0.00000,0.00000,0.00000,0.00000,0.99388,0.00000,0.00000,0.00000,0.00001,0.00000,0.00000,0.00000,0.00611,0.00000
0.91753,0.00064,0.00000,0.01251,0.06536,0.00001,0.00354,0.00000,0.00000,0.00000,0.00033,0.00008,0.00000,0.00000,0.00000
0.00000,0.00000,0.00000,0.00000,0.00000,0.00000,0.00000,0.00000,0.00000,0.00000,0.01752,0.00000,0.00000,0.01901,0.96346
0.75471,0.00000,0.00000,0.00000,0.00000,0.01117,0.00000,0.00000,0.07421,0.08957,0.00000,0.00000,0.00000,0.02240,0.04794
0.16087,0.00000,0.00000,0.00000,0.00000,0.00281,0.00000,0.83040,0.00000,0.00000,0.00567,0.00025,0.00000,0.00000,0.00000
0.00000,0.00000,0.00000,0.00000,0.00000,0.00000,0.00000,0.00000,0.00000,0.00001,0.00000,0.86000,0.00000,0.00000,0.13999
0.00243,0.00000,0.00004,0.00000,0.00000,0.00203,0.00000,0.00000,0.00000,0.64509,0.00000,0.01649,0.00000,0.32729,0.00664
0.58198,0.00000,0.00094,0.00000,0.00177,0.00012,0.00000,0.05042,0.00000,0.03323,0.00000,0.00000,0.00000,0.33152,0.00003
0.57712,0.38264,0.00000,0.00000,0.00000,0.00010,0.00000,0.00000,0.00001,0.03955,0.00000,0.00058,0.00000,0.00000,0.00000
0.00000,0.00000,0.00001,0.00000,0.00000,0.05292,0.94706,0.00000,0.00000,0.00000,0.00000,0.00000,0.00000,0.00000,0.00000
0.35126,0.56055,0.00000,0.00000,0.00000,0.00000,0.00000,0.00000,0.00000,0.00000,0.00000,0.02335,0.00000,0.00000,0.06484
0.67236,0.00000,0.00000,0.00000,0.00000,0.00000,0.00000,0.00000,0.00000,0.00000,0.00000,0.32763,0.00000,0.00000,0.00001
0.02147,0.00000,0.00000,0.00000,0.00000,0.00406,0.00000,0.00000,0.00000,0.00007,0.00495,0.00000,0.00000,0.96945,0.00000
0.21164,0.00000,0.00012,0.00007,0.00000,0.78527,0.00286,0.00000,0.00000,0.00000,0.00000,0.00003,0.00000,0.00000,0.00000
0.04737,0.00029,0.00000,0.01085,0.00000,0.00000,0.00000,0.00000,0.15406,0.01316,0.00000,0.00024,0.00000,0.77404,0.00000
0.00964,0.00000,0.00000,0.00000,0.00000,0.16038,0.00000,0.00529,0.01478,0.74551,0.00000,0.00000,0.00000,0.00001,0.06439
0.52844,0.00380,0.00000,0.00000,0.00247,0.00069,0.00000,0.00063,0.24353,0.21947,0.00098,0.00000,0.00000,0.00000,0.00000
0.02690,0.00000,0.00000,0.00000,0.00000,0.00000,0.00000,0.00009,0.00000,0.92827,0.00000,0.04474,0.00000,0.00000,0.00000
0.00000,0.04079,0.00000,0.00000,0.00000,0.07207,0.00000,0.00901,0.01591,0.00000,0.00000,0.00000,0.00000,0.86222,0.00000
0.00162,0.00000,0.00000,0.00000,0.00000,0.05425,0.00000,0.00000,0.92868,0.00000,0.00000,0.00000,0.00001,0.00000,0.01544
0.99160,0.00000,0.00000,0.00000,0.00000,0.00000,0.00000,0.00000,0.00001,0.00000,0.00838,0.00000,0.00000,0.00000,0.00000
0.00000,0.02742,0.00018,0.00000,0.00000,0.79057,0.00000,0.00000,0.18080,0.00081,0.00010,0.00000,0.00000,0.00001,0.00011
0.99449,0.00000,0.00027,0.00000,0.00000,0.00017,0.00000,0.00015,0.00007,0.00000,0.00000,0.00000,0.00480,0.00004,0.00000
0.95896,0.00000,0.00000,0.00008,0.00000,0.03926,0.00000,0.00115,0.00050,0.00000,0.00006,0.00000,0.00000,0.00000,0.00000
0.00029,0.00000,0.00000,0.00000,0.00000,0.00000,0.00000,0.00000,0.90127,0.09844,0.00000,0.00000,0.00000,0.00000,0.00000
0.00000,0.00393,0.00000,0.00000,0.68946,0.00000,0.00000,0.00000,0.00004,0.30657,0.00000,0.00000,0.00000,0.00000,0.00000
0.00009,0.95268,0.00000,0.00000,0.00000,0.00000,0.00000,0.00000,0.04256,0.00000,0.00387,0.00000,0.00000,0.00000,0.00079
0.00125,0.00000,0.01907,0.00168,0.00000,0.26153,0.00000,0.00000,0.71451,0.00000,0.00000,0.00197,0.00000,0.00000,0.00000
0.00104,0.00000,0.00277,0.00000,0.00000,0.99619,0.00000,0.00000,0.00000,0.00000,0.00000,0.00000,0.00000,0.00000,0.00000
0.16887,0.00191,0.00911,0.00000,0.00000,0.00001,0.00000,0.00000,0.00009,0.00380,0.00000,0.00000,0.00037,0.39213,0.42371
0.58387,0.00000,0.00000,0.00000,0.02450,0.00000,0.00000,0.00000,0.12192,0.00000,0.00006,0.03194,0.00000,0.00000,0.23772
0.82334,0.00008,0.00000,0.00000,0.00000,0.00014,0.00000,0.03060,0.14050,0.00000,0.00000,0.00000,0.00000,0.00001,0.00533
0.16190,0.00000,0.78403,0.00718,0.00000,0.00000,0.00000,0.00000,0.00001,0.00656,0.00000,0.04032,0.00000,0.00000,0.00000
0.00000,0.02209,0.00000,0.97737,0.00000,0.00030,0.00000,0.00000,0.00002,0.00000,0.00000,0.00000,0.00000,0.00000,0.00022
0.05329,0.01226,0.00541,0.00000,0.00000,0.00000,0.00000,0.00000,0.00001,0.00000,0.92838,0.00000,0.00000,0.00065,0.00000
0.99363,0.00146,0.00000,0.00000,0.00000,0.00000,0.00000,0.00000,0.00234,0.00011,0.00000,0.00000,0.00000,0.00000,0.00247
0.07681,0.00000,0.35854,0.00000,0.02723,0.00011,0.00143,0.00408,0.27756,0.25423,0.00000,0.00000,0.00000,0.00000,0.00000
0.00235,0.00000,0.00000,0.00000,0.00000,0.00000,0.00000,0.00000,0.40280,0.03771,0.01200,0.00000,0.00000,0.54513,0.00000
0.00000,0.00000,0.00000,0.00000,0.08822,0.01028,0.00000,0.00707,0.00000,0.89442,0.00000,0.00000,0.00000,0.00000,0.00000
0.00138,0.00188,0.00001,0.00000,0.00000,0.00092,0.00000,0.66896,0.00000,0.01255,0.00001,0.00000,0.00383,0.00077,0.30968
0.22106,0.06417,0.00000,0.00906,0.00000,0.70554,0.00000,0.00000,0.00000,0.00005,0.00000,0.00010,0.00001,0.00000,0.00000
0.79685,0.00199,0.00005,0.00000,0.00000,0.17762,0.00000,0.00030,0.00000,0.00103,0.00000,0.02216,0.00000,0.00000,0.00000
0.32234,0.00003,0.00009,0.00002,0.00000,0.44561,0.00000,0.00000,0.23191,0.00000,0.00000,0.00000,0.00000,0.00000,0.00000
0.00009,0.00000,0.00000,0.00000,0.00000,0.36085,0.00000,0.00000,0.03627,0.58265,0.00000,0.01870,0.00000,0.00144,0.00000
0.21560,0.00000,0.00000,0.00421,0.00001,0.03874,0.00000,0.00000,0.59223,0.14922,0.00000,0.00000,0.00000,0.00000,0.00000
0.00006,0.04369,0.00000,0.00000,0.00000,0.00000,0.00000,0.95625,0.00000,0.00000,0.00000,0.00001,0.00000,0.00000,0.00000
0.71521,0.00000,0.00000,0.00000,0.00000,0.06199,0.00000,0.22280,0.00000,0.00000,0.00000,0.00000,0.00000,0.00000,0.00000
0.99999,0.00000,0.00000,0.00000,0.00000,0.00000,0.00000,0.00000,0.00001,0.00000,0.00000,0.00000,0.00000,0.00000,0.00000
0.17573,0.00000,0.00000,0.00000,0.00000,0.00035,0.00002,0.00000,0.62109,0.00000,0.00000,0.17935,0.00000,0.02345,0.00000
0.02799,0.00002,0.00000,0.00000,0.00021,0.00408,0.00000,0.00000,0.00014,0.00790,0.00000,0.01453,0.00000,0.94514,0.00000
0.02500,0.00001,0.00000,0.00001,0.00055,0.00033,0.00000,0.00000,0.36585,0.00091,0.00000,0.00000,0.00000,0.00000,0.60735
0.04854,0.90056,0.00000,0.00000,0.00000,0.00003,0.00000,0.00000,0.05038,0.00002,0.00000,0.00000,0.00000,0.00048,0.00000
0.01103,0.93273,0.00000,0.05507,0.00000,0.00033,0.00000,0.00000,0.00000,0.00079,0.00005,0.00000,0.00000,0.00000,0.00000
0.00675,0.07250,0.00000,0.00037,0.00000,0.01257,0.00000,0.87599,0.00570,0.00002,0.00000,0.02277,0.00281,0.00000,0.00055
0.00001,0.00000,0.00000,0.00001,0.00000,0.00002,0.00000,0.00000,0.00781,0.00000,0.00000,0.09886,0.00000,0.89330,0.00000
0.00017,0.63120,0.07316,0.00000,0.00000,0.00459,0.00000,0.00000,0.00074,0.00000,0.00000,0.29009,0.00000,0.00004,0.00001
0.05783,0.00001,0.00001,0.71217,0.00000,0.00003,0.00000,0.22995,0.00000,0.00001,0.00000,0.00000,0.00000,0.00000,0.00000
0.53349,0.08912,0.00889,0.00000,0.00000,0.36732,0.00000,0.00000,0.00000,0.00117,0.00000,0.00000,0.00000,0.00000,0.00000
0.00000,0.00000,0.01265,0.00000,0.00000,0.00136,0.00000,0.00000,0.00003,0.98595,0.00000,0.00000,0.00000,0.00000,0.00000
0.18002,0.00041,0.00000,0.00000,0.00000,0.00051,0.00000,0.00000,0.00000,0.73655,0.00000,0.00000,0.00000,0.08237,0.00014
0.00226,0.00000,0.00000,0.00000,0.00000,0.00000,0.00000,0.00573,0.99201,0.00000,0.00000,0.00000,0.00000,0.00000,0.00000
0.00001,0.56551,0.00000,0.00000,0.00012,0.25026,0.00000,0.01989,0.16421,0.00000,0.00000,0.00000,0.00000,0.00000,0.00000
0.16935,0.42148,0.03322,0.00000,0.00000,0.00000,0.00000,0.00000,0.08001,0.00027,0.00449,0.00000,0.00000,0.00000,0.29118
0.04563,0.00000,0.00000,0.00000,0.00000,0.94632,0.00000,0.00000,0.00271,0.00000,0.00533,0.00001,0.00000,0.00000,0.00000
0.00000,0.04717,0.00031,0.00000,0.00000,0.95252,0.00000,0.00000,0.00000,0.00000,0.00000,0.00000,0.00000,0.00000,0.00000
0.00002,0.00000,0.00000,0.00000,0.00000,0.14237,0.00000,0.74567,0.00000,0.00000,0.00423,0.10771,0.00000,0.00000,0.00001
0.06185,0.00001,0.00043,0.00000,0.00000,0.85279,0.00000,0.02519,0.00004,0.00000,0.00000,0.05734,0.00000,0.00235,0.00000
0.77675,0.00322,0.00029,0.00000,0.00000,0.00107,0.00042,0.02459,0.00869,0.18443,0.00000,0.00054,0.00000,0.00000,0.00000
0.96848,0.00000,0.01560,0.00000,0.00000,0.00000,0.00000,0.00000,0.00002,0.00688,0.00887,0.00001,0.00000,0.00000,0.00015
0.00025,0.00001,0.02965,0.00000,0.00000,0.80381,0.00000,0.00000,0.00000,0.00000,0.00004,0.00000,0.00000,0.16624,0.00000
0.05909,0.00000,0.00000,0.00000,0.00000,0.48721,0.00000,0.00000,0.00002,0.00000,0.04491,0.00000,0.00000,0.00000,0.40876
0.74434,0.00092,0.00000,0.00010,0.00000,0.00000,0.00000,0.00000,0.22211,0.03245,0.00000,0.00000,0.00000,0.00007,0.00000
0.12321,0.00000,0.00001,0.00000,0.00000,0.00000,0.02128,0.00000,0.00000,0.00000,0.00159,0.00000,0.00000,0.00000,0.85390
0.00128,0.00023,0.00000,0.00000,0.00000,0.98648,0.00000,0.01194,0.00004,0.00000,0.00003,0.00000,0.00000,0.00000,0.00000
0.99351,0.00000,0.00000,0.00000,0.00000,0.00001,0.00000,0.00000,0.00003,0.00003,0.00000,0.00000,0.00000,0.00012,0.00631
0.43971,0.07589,0.00000,0.00000,0.00000,0.04702,0.00000,0.00036,0.01638,0.00000,0.00000,0.10084,0.31979,0.00000,0.00000
0.43905,0.00004,0.00000,0.00007,0.00000,0.17802,0.16239,0.00005,0.08984,0.01083,0.00000,0.00056,0.00003,0.00000,0.11914
0.00000,0.00000,0.51221,0.00000,0.00000,0.00015,0.00000,0.00000,0.00201,0.00106,0.00000,0.00000,0.00003,0.48453,0.00000
0.00000,0.00000,0.00000,0.00000,0.00000,0.00000,0.00000,0.00000,0.97631,0.00786,0.00000,0.00000,0.00000,0.01437,0.00146
0.00000,0.00010,0.00000,0.00944,0.00000,0.98952,0.00000,0.00005,0.00007,0.00082,0.00000,0.00000,0.00000,0.00000,0.00000
0.12357,0.00000,0.00022,0.00000,0.00000,0.00000,0.00000,0.00000,0.84305,0.00075,0.00000,0.03241,0.00000,0.00000,0.00000
0.00315,0.00000,0.00000,0.00000,0.00078,0.01790,0.00000,0.00077,0.00004,0.00000,0.00000,0.08086,0.00000,0.87511,0.02139
0.53256,0.26525,0.00000,0.00054,0.00000,0.00000,0.00000,0.00000,0.00004,0.11353,0.00000,0.00000,0.00000,0.08809,0.00000
0.00152,0.00000,0.00000,0.00000,0.00000,0.00000,0.00000,0.00000,0.00000,0.01308,0.00000,0.00000,0.00000,0.98539,0.00000
0.00131,0.01527,0.00000,0.00000,0.01044,0.00027,0.00000,0.00000,0.89748,0.00000,0.00000,0.07524,0.00000,0.00000,0.00000
0.18832,0.00010,0.00000,0.00000,0.00281,0.80602,0.00000,0.00000,0.00011,0.00155,0.00000,0.00110,0.00000,0.00000,0.00000
0.00000,0.00000,0.00109,0.00000,0.00000,0.00000,0.00000,0.00000,0.00000,0.00026,0.00000,0.00000,0.00000,0.00000,0.99865
0.00002,0.00000,0.00000,0.00063,0.00000,0.22735,0.00000,0.00000,0.34256,0.00000,0.00000,0.00000,0.00000,0.40394,0.02550
0.19043,0.00000,0.00000,0.15283,0.02290,0.00116,0.01710,0.00013,0.02421,0.41136,0.17977,0.00000,0.00011,0.00000,0.00000
0.00003,0.00000,0.00000,0.61175,0.00000,0.03746,0.00000,0.00000,0.00297,0.00001,0.00001,0.00000,0.00000,0.00001,0.34775
0.00084,0.21464,0.00011,0.00000,0.17780,0.60578,0.00000,0.00000,0.00000,0.00000,0.00000,0.00005,0.00079,0.00000,0.00000
0.00193,0.00183,0.00359,0.00000,0.00000,0.00000,0.00000,0.00000,0.00000,0.80377,0.00348,0.00000,0.00000,0.18540,0.00000
0.00023,0.00000,0.00000,0.00000,0.02825,0.00000,0.00297,0.01263,0.00000,0.00000,0.19920,0.75662,0.00000,0.00001,0.00009
0.00015,0.04502,0.02438,0.00000,0.00000,0.00000,0.00000,0.00000,0.00000,0.00000,0.00000,0.00000,0.00009,0.00000,0.93036
0.06183,0.00000,0.15918,0.00000,0.05184,0.00012,0.00000,0.26920,0.00141,0.00000,0.35094,0.10548,0.00000,0.00000,0.00000
0.04087,0.00000,0.00000,0.00000,0.00000,0.00000,0.00000,0.46370,0.46175,0.00161,0.00002,0.00000,0.00000,0.03206,0.00000
0.00003,0.00017,0.10507,0.00000,0.00024,0.00765,0.00000,0.00000,0.66294,0.09570,0.12820,0.00000,0.00000,0.00000,0.00000
0.00002,0.00001,0.00000,0.00000,0.00000,0.99678,0.00000,0.00000,0.00001,0.00003,0.00000,0.00000,0.00000,0.00316,0.00000
0.01067,0.47181,0.00000,0.00000,0.00000,0.48300,0.00000,0.00055,0.03383,0.00000,0.00000,0.00000,0.00000,0.00000,0.00014
0.00000,0.00002,0.00000,0.00000,0.00000,0.02780,0.00000,0.00000,0.97213,0.00000,0.00005,0.00000,0.00000,0.00000,0.00000
0.48306,0.01809,0.01688,0.00289,0.00000,0.42237,0.00000,0.00000,0.00199,0.00016,0.00000,0.04991,0.00000,0.00000,0.00464
0.09723,0.90076,0.00000,0.00000,0.00000,0.00000,0.00000,0.00000,0.00000,0.00080,0.00121,0.00000,0.00000,0.00000,0.00000
0.09284,0.00593,0.00000,0.31955,0.00000,0.34845,0.00000,0.14666,0.00245,0.00000,0.00000,0.00000,0.00156,0.00000,0.08256
0.81248,0.00000,0.00000,0.00000,0.00000,0.06387,0.00000,0.00000,0.00000,0.00000,0.00000,0.00000,0.00000,0.12365,0.00000
0.00028,0.00000,0.00000,0.00000,0.00000,0.00000,0.00000,0.00000,0.40569,0.00000,0.00000,0.00000,0.00000,0.59404,0.00000
0.06191,0.82400,0.11125,0.00000,0.00000,0.00039,0.00000,0.00000,0.00008,0.00097,0.00000,0.00000,0.00000,0.00141,0.00000
0.26524,0.00007,0.00000,0.00000,0.00000,0.64578,0.00000,0.00274,0.07965,0.00000,0.00000,0.00652,0.00000,0.00000,0.00000
