0.17754,0.14801,0.06667,0.53708,0.02806,0.01015,0.01169,0.00647,0.00621,0.00812
0.02617,0.26650,0.22620,0.12259,0.22036,0.04416,0.00710,0.00864,0.04967,0.02862
0.05217,0.31555,0.07587,0.10862,0.36962,0.01544,0.01749,0.00872,0.00975,0.02677
0.06468,0.01115,0.00711,0.01118,0.32001,0.39524,0.00416,0.01504,0.15622,0.01521
0.03330,0.08998,0.68519,0.10613,0.02094,0.01481,0.01229,0.01663,0.00630,0.01445
0.02557,0.06229,0.22035,0.02013,0.07877,0.11178,0.01878,0.01260,0.06123,0.38850
0.16075,0.08603,0.07426,0.12035,0.06387,0.04647,0.00437,0.00452,0.05139,0.38799
0.04135,0.44626,0.05578,0.15434,0.13925,0.06308,0.00871,0.01163,0.05471,0.02490
0.01764,0.44020,0.36684,0.02618,0.01187,0.01214,0.00588,0.08933,0.01825,0.01166
0.26457,0.02105,0.31146,0.03311,0.04384,0.01866,0.02226,0.08987,0.17030,0.02487
0.01594,0.12550,0.16454,0.08942,0.03383,0.03478,0.07024,0.01952,0.04892,0.39731
0.01609,0.01753,0.06346,0.01018,0.79927,0.00829,0.00526,0.02776,0.00859,0.04357
0.07964,0.08285,0.21273,0.01099,0.09919,0.19783,0.00778,0.00539,0.02143,0.28217
0.04749,0.02025,0.51398,0.12085,0.03869,0.02221,0.15482,0.03620,0.02301,0.02250
0.02029,0.10494,0.02336,0.08220,0.12857,0.30337,0.16741,0.06390,0.08867,0.01728
0.17416,0.10940,0.34212,0.05078,0.15897,0.08295,0.01804,0.01484,0.01754,0.03120
0.07388,0.04029,0.31883,0.06169,0.27290,0.02135,0.02395,0.11690,0.01131,0.05888
0.59871,0.06963,0.04089,0.06202,0.09252,0.06081,0.01359,0.02182,0.01587,0.02414
0.17000,0.04493,0.34072,0.32087,0.00973,0.04423,0.00564,0.00460,0.04500,0.01428
0.07224,0.03647,0.01320,0.01325,0.05803,0.67092,0.02533,0.02620,0.03906,0.04529
0.40592,0.27553,0.12051,0.10127,0.00802,0.02145,0.02194,0.01205,0.00567,0.02764
0.04580,0.28269,0.04630,0.05699,0.06686,0.02261,0.08318,0.20463,0.07810,0.11284
0.04875,0.39685,0.02179,0.00441,0.40229,0.00859,0.08183,0.01182,0.00691,0.01675
0.10322,0.05013,0.02924,0.00676,0.34324,0.02212,0.02022,0.02218,0.03742,0.36547
0.07440,0.18159,0.24105,0.06098,0.01538,0.15450,0.19749,0.01358,0.01390,0.04714
0.05238,0.33553,0.27604,0.23714,0.02466,0.02891,0.01657,0.00782,0.00829,0.01265
0.13912,0.04900,0.25667,0.20151,0.16569,0.04082,0.01510,0.02756,0.02441,0.08011
0.03544,0.07351,0.02222,0.15910,0.04583,0.07280,0.26606,0.00866,0.19985,0.11652
0.03728,0.24226,0.04946,0.07604,0.42207,0.06332,0.00929,0.02077,0.06446,0.01506
0.26714,0.08181,0.04233,0.01794,0.05861,0.02685,0.00516,0.00838,0.03890,0.45289
0.01514,0.01881,0.00849,0.01470,0.01573,0.75027,0.00575,0.00683,0.03393,0.13037
0.02735,0.16216,0.05740,0.13942,0.45679,0.02405,0.02102,0.04919,0.01186,0.05077
0.07618,0.15128,0.34791,0.09416,0.06431,0.06781,0.04249,0.02792,0.03845,0.08948
0.01152,0.01437,0.35845,0.09704,0.17872,0.01377,0.00819,0.10316,0.02327,0.19152
0.02781,0.09653,0.17848,0.17163,0.12713,0.25565,0.00535,0.01203,0.09841,0.02698
0.07480,0.10568,0.04557,0.56671,0.02451,0.02315,0.01241,0.04033,0.09433,0.01251
0.01739,0.07003,0.01014,0.16693,0.47016,0.10980,0.07420,0.01513,0.01037,0.05585
0.00722,0.01150,0.00710,0.12019,0.65369,0.00782,0.01421,0.01720,0.01284,0.14823
0.31401,0.01311,0.10929,0.03675,0.01002,0.00933,0.18377,0.02447,0.00409,0.29517
0.05109,0.19305,0.02489,0.47001,0.03314,0.03079,0.01648,0.01248,0.00958,0.15849
0.03101,0.01984,0.41523,0.18578,0.01149,0.11598,0.15857,0.02830,0.01970,0.01409
0.31665,0.47307,0.00968,0.04379,0.00904,0.01042,0.01781,0.00519,0.00989,0.10445
0.13768,0.30496,0.16066,0.00972,0.24880,0.07098,0.01403,0.00742,0.01787,0.02788
0.07511,0.05684,0.42603,0.19355,0.18123,0.00492,0.00930,0.00951,0.00479,0.03872
0.08996,0.09926,0.02142,0.03846,0.01763,0.45526,0.02197,0.16068,0.04242,0.05294
0.21028,0.05237,0.22009,0.19008,0.02169,0.07900,0.04857,0.04529,0.02472,0.10792
0.02763,0.04582,0.38837,0.09292,0.26422,0.01393,0.02078,0.08096,0.01938,0.04598
0.34645,0.12923,0.08955,0.06443,0.01933,0.03025,0.07218,0.05182,0.01984,0.17692
0.17714,0.11962,0.08318,0.15517,0.05849,0.03108,0.01510,0.00980,0.29486,0.05556
0.45654,0.36081,0.02320,0.01916,0.02522,0.02147,0.02744,0.05145,0.00858,0.00614
0.06168,0.28818,0.13767,0.23322,0.05278,0.02427,0.08939,0.03120,0.01994,0.06167
0.20185,0.01363,0.19815,0.02347,0.01070,0.24141,0.00534,0.00515,0.16682,0.13346
0.14172,0.03891,0.21213,0.01317,0.44277,0.07087,0.00743,0.00618,0.03296,0.03386
0.03866,0.02329,0.06758,0.08778,0.06312,0.01841,0.00766,0.02448,0.00951,0.65951
0.01535,0.09991,0.05817,0.02504,0.03861,0.43652,0.00439,0.01336,0.28196,0.02670
0.42321,0.03416,0.23166,0.15004,0.01031,0.08030,0.00775,0.02388,0.03063,0.00805
0.21692,0.19583,0.05400,0.01524,0.05772,0.29158,0.01055,0.00718,0.02219,0.12878
0.46369,0.06215,0.02232,0.02135,0.24826,0.05399,0.01817,0.00778,0.01397,0.08831
0.42063,0.12699,0.03951,0.12192,0.01430,0.11273,0.04024,0.03412,0.03062,0.05894
0.03828,0.05787,0.19208,0.32773,0.01427,0.00570,0.06345,0.00912,0.00296,0.28853
0.02110,0.25970,0.01336,0.30033,0.08424,0.08962,0.03858,0.02455,0.05613,0.11239
0.44261,0.10347,0.06770,0.00951,0.04904,0.18770,0.01630,0.00623,0.09016,0.02729
0.01134,0.01285,0.01400,0.01841,0.01554,0.15660,0.00601,0.00700,0.18499,0.57325
0.33741,0.05763,0.02283,0.02389,0.12598,0.03310,0.06958,0.05416,0.15462,0.12080
0.03075,0.40279,0.01459,0.04099,0.09386,0.06329,0.10514,0.00767,0.01163,0.22929
0.03718,0.01014,0.15739,0.28825,0.01714,0.01654,0.01082,0.15302,0.12849,0.18102
0.01481,0.18721,0.34301,0.24972,0.00869,0.05543,0.02266,0.02031,0.03438,0.06378
0.10526,0.12311,0.02095,0.53142,0.14856,0.00828,0.02988,0.01252,0.01006,0.00994
0.04863,0.37904,0.11184,0.01753,0.03575,0.01717,0.12454,0.04125,0.00704,0.21721
0.01652,0.20929,0.07436,0.02388,0.02961,0.43993,0.10683,0.02530,0.01027,0.06402
0.01114,0.19689,0.21525,0.39782,0.11156,0.00745,0.00302,0.00982,0.01181,0.03525
0.01966,0.64845,0.01076,0.01118,0.07274,0.09466,0.00876,0.00653,0.09859,0.02867
0.17567,0.21933,0.02218,0.41871,0.03707,0.01378,0.02037,0.01834,0.04258,0.03197
0.03669,0.03959,0.35327,0.07283,0.41319,0.00779,0.02329,0.02450,0.01493,0.01395
0.24662,0.21294,0.18222,0.14856,0.01698,0.02603,0.01214,0.02003,0.01556,0.11892
0.03668,0.17275,0.11597,0.34773,0.02738,0.01688,0.02733,0.01626,0.00953,0.22950
0.51088,0.18483,0.00865,0.08707,0.04032,0.01229,0.05611,0.03603,0.01585,0.04797
0.08632,0.01228,0.37786,0.11336,0.09386,0.06438,0.04061,0.04319,0.10409,0.06404
0.03119,0.07710,0.20598,0.06439,0.43739,0.00587,0.04183,0.09416,0.01093,0.03114
0.13186,0.17941,0.25866,0.00870,0.04012,0.20020,0.07170,0.01371,0.03837,0.05728
0.08310,0.02466,0.00788,0.03391,0.26182,0.02667,0.03290,0.01139,0.01197,0.50570
0.12929,0.02325,0.14509,0.49213,0.02381,0.03457,0.02862,0.02003,0.04994,0.05328
0.14964,0.13633,0.01426,0.22454,0.11323,0.19872,0.02996,0.02065,0.02297,0.08971
0.26681,0.23598,0.09654,0.02800,0.23630,0.01911,0.02373,0.05013,0.02439,0.01901
0.41538,0.04613,0.02345,0.02131,0.31343,0.02607,0.01992,0.05271,0.03043,0.05118
0.06180,0.18549,0.07844,0.01631,0.31003,0.04067,0.03875,0.04707,0.16698,0.05444
0.07207,0.06703,0.13003,0.40374,0.03172,0.01524,0.02499,0.06694,0.01488,0.17336
0.09823,0.23676,0.10062,0.08313,0.07390,0.02641,0.03048,0.02013,0.07827,0.25207
0.32434,0.01613,0.05718,0.06091,0.27981,0.01733,0.00899,0.01774,0.03603,0.18155
0.06935,0.08149,0.50241,0.03664,0.04608,0.04450,0.01787,0.01595,0.03154,0.15418
0.03460,0.01567,0.39366,0.20962,0.01117,0.07940,0.05471,0.04470,0.00994,0.14652
0.26915,0.21262,0.10905,0.05259,0.09374,0.02726,0.01256,0.02185,0.01226,0.18892
0.02224,0.03492,0.10409,0.01233,0.14972,0.40562,0.01218,0.01712,0.12781,0.11397
0.10984,0.20243,0.07050,0.08271,0.22230,0.01528,0.01054,0.01073,0.01254,0.26313
0.02147,0.31208,0.23727,0.01943,0.18573,0.01687,0.02672,0.04619,0.01078,0.12346
0.16126,0.43970,0.01314,0.02266,0.15183,0.01229,0.04717,0.00663,0.00516,0.14017
0.08635,0.14154,0.07077,0.00452,0.36366,0.04061,0.17009,0.08573,0.01813,0.01859
0.28655,0.02135,0.06686,0.24893,0.11966,0.08467,0.00931,0.00584,0.04980,0.10704
0.11613,0.04300,0.13030,0.10636,0.06391,0.02081,0.02421,0.00901,0.00734,0.47893
0.11002,0.11227,0.06579,0.29432,0.02266,0.01117,0.01034,0.00803,0.00702,0.35839
