0.09963,0.17267,0.01982,0.18995,0.00821,0.00882,0.09224,0.00744,0.00765,0.00784,0.03786,0.01182,0.07221,0.06223,0.06462,0.00770,0.07566,0.00751,0.00759,0.03854
0.20830,0.07764,0.04180,0.21063,0.01148,0.01209,0.11991,0.01045,0.01213,0.01128,0.07224,0.01586,0.01707,0.02792,0.02999,0.00893,0.01828,0.00741,0.00608,0.08052
0.13906,0.17484,0.04758,0.06901,0.00716,0.00782,0.20943,0.00871,0.00733,0.00711,0.10015,0.01827,0.00955,0.02367,0.02253,0.00875,0.01047,0.00837,0.00893,0.11127
0.14757,0.10093,0.06221,0.15329,0.01328,0.01336,0.16263,0.01322,0.01476,0.01304,0.03255,0.02423,0.04029,0.04562,0.04722,0.01144,0.04004,0.00961,0.01156,0.04313
0.18388,0.04568,0.03649,0.18762,0.00778,0.00851,0.08249,0.00810,0.00826,0.00700,0.13138,0.01083,0.04227,0.02199,0.02103,0.00666,0.04339,0.00641,0.00735,0.13287
0.08716,0.20652,0.02085,0.07066,0.01271,0.01406,0.22515,0.01340,0.01422,0.01388,0.04269,0.00922,0.01520,0.08232,0.08320,0.01221,0.01405,0.01030,0.00966,0.04253
0.08307,0.11755,0.04524,0.08240,0.01316,0.01554,0.15989,0.01422,0.01473,0.01411,0.08077,0.01167,0.01381,0.10151,0.10198,0.01248,0.01546,0.01130,0.01223,0.07887
0.12423,0.06360,0.06039,0.08445,0.00842,0.00826,0.09755,0.00849,0.00686,0.00824,0.03180,0.09866,0.02011,0.10511,0.10475,0.00800,0.02455,0.00870,0.00834,0.11949
0.21179,0.08337,0.14630,0.08351,0.01142,0.01052,0.12031,0.00993,0.01093,0.01007,0.04261,0.00993,0.06235,0.02739,0.02340,0.00740,0.07400,0.00776,0.00814,0.03887
0.21947,0.12369,0.02578,0.16040,0.00767,0.00853,0.21157,0.00910,0.00853,0.00658,0.02617,0.00828,0.01048,0.05568,0.05917,0.00734,0.01113,0.00709,0.00583,0.02750
0.12395,0.05639,0.02655,0.12100,0.01568,0.01638,0.07023,0.01335,0.01712,0.01698,0.16424,0.01486,0.02054,0.04729,0.04840,0.01402,0.02485,0.01408,0.01102,0.16305
0.14831,0.04302,0.11022,0.15018,0.01648,0.02265,0.14459,0.02366,0.02108,0.01788,0.04730,0.01544,0.01821,0.04649,0.04891,0.01806,0.01925,0.02136,0.02078,0.04613
0.10891,0.07259,0.02593,0.08643,0.01738,0.01826,0.10937,0.01413,0.01642,0.01559,0.07006,0.02219,0.05782,0.08564,0.08739,0.01995,0.06374,0.02152,0.02029,0.06641
0.17368,0.09807,0.02470,0.17686,0.01017,0.01116,0.11630,0.00942,0.01033,0.00938,0.06623,0.01350,0.02716,0.06541,0.06573,0.00899,0.02916,0.00757,0.00858,0.06761
0.13608,0.04877,0.05864,0.14378,0.01266,0.01335,0.12518,0.01126,0.01256,0.01175,0.03912,0.01832,0.01420,0.12654,0.13399,0.01136,0.01801,0.00946,0.00969,0.04528
0.07622,0.14818,0.02794,0.15547,0.01442,0.01797,0.08130,0.01581,0.01604,0.01370,0.05027,0.01921,0.02681,0.10264,0.10604,0.01724,0.02805,0.01485,0.01595,0.05191
0.13819,0.13849,0.03504,0.15654,0.01434,0.01712,0.15111,0.01373,0.01396,0.01267,0.02814,0.01426,0.02253,0.07791,0.07927,0.01186,0.02193,0.01209,0.01048,0.03034
0.13439,0.10320,0.03317,0.13785,0.01075,0.01199,0.13627,0.01041,0.00971,0.01064,0.13825,0.01053,0.01210,0.02933,0.03220,0.00883,0.01468,0.00859,0.00775,0.13935
0.16568,0.06935,0.02577,0.09634,0.01444,0.01458,0.16457,0.01100,0.01352,0.01126,0.07068,0.01261,0.03206,0.08073,0.08118,0.00919,0.03525,0.01103,0.00855,0.07220
0.10479,0.10211,0.03337,0.11558,0.01652,0.01546,0.11418,0.01420,0.01576,0.01547,0.13449,0.02171,0.02692,0.02717,0.02762,0.01659,0.02747,0.01653,0.01692,0.13713
0.15686,0.13973,0.01757,0.15587,0.00746,0.00884,0.15575,0.00701,0.00824,0.00695,0.01335,0.02186,0.07354,0.04911,0.05197,0.00750,0.07880,0.00805,0.00765,0.02390
0.23525,0.07177,0.01814,0.23314,0.01130,0.00863,0.08698,0.00834,0.00993,0.00893,0.04729,0.01496,0.01289,0.07057,0.06872,0.00817,0.01398,0.00879,0.00951,0.05271
0.18024,0.12364,0.01871,0.18022,0.00851,0.00742,0.14302,0.00799,0.00737,0.00984,0.01630,0.01216,0.01555,0.10681,0.10644,0.00712,0.01616,0.00536,0.00550,0.02165
0.08280,0.07838,0.07199,0.08350,0.01827,0.01776,0.14166,0.02092,0.02437,0.02245,0.03314,0.02757,0.01630,0.12616,0.12353,0.01657,0.02355,0.01462,0.01528,0.04117
0.18352,0.10311,0.05394,0.12888,0.01244,0.01185,0.22232,0.01271,0.01131,0.01143,0.04058,0.01897,0.03250,0.02270,0.02381,0.01070,0.03274,0.01003,0.01055,0.04591
0.08361,0.09107,0.03209,0.10071,0.01633,0.01485,0.09467,0.01504,0.01553,0.01295,0.12875,0.01651,0.04874,0.05336,0.05420,0.01511,0.04863,0.01461,0.01475,0.12850
0.23860,0.06440,0.03452,0.23858,0.01395,0.01605,0.09343,0.01458,0.01550,0.01346,0.03011,0.01490,0.01428,0.05571,0.05550,0.00984,0.01822,0.01150,0.01075,0.03613
0.24434,0.05713,0.17448,0.10134,0.00883,0.01024,0.09261,0.00887,0.00899,0.00722,0.06876,0.03075,0.01391,0.02288,0.02077,0.00784,0.01705,0.00757,0.00812,0.08830
0.13627,0.13542,0.04482,0.15460,0.01668,0.01712,0.16428,0.01469,0.01856,0.01474,0.05334,0.01472,0.01677,0.04090,0.04175,0.01619,0.01833,0.01352,0.01547,0.05182
0.12118,0.12369,0.02285,0.22064,0.00732,0.00797,0.24768,0.00767,0.00638,0.00652,0.04068,0.03196,0.01168,0.02204,0.02428,0.00769,0.01205,0.00668,0.00664,0.06441
0.19638,0.11448,0.02594,0.14764,0.01172,0.01103,0.18818,0.01127,0.01329,0.01102,0.07081,0.00915,0.02599,0.01745,0.01784,0.00988,0.02797,0.00997,0.01115,0.06881
0.04036,0.18779,0.02687,0.04187,0.01166,0.01192,0.21087,0.01221,0.01417,0.01287,0.05387,0.01561,0.01228,0.11916,0.12121,0.01582,0.01303,0.01085,0.01265,0.05493
0.10100,0.12399,0.03598,0.10321,0.01855,0.02015,0.14647,0.01731,0.01906,0.01885,0.04362,0.02101,0.08399,0.02866,0.02990,0.02162,0.08630,0.02062,0.02151,0.03818
0.07177,0.04870,0.06308,0.07257,0.01077,0.01351,0.10462,0.01158,0.01364,0.01277,0.11299,0.09147,0.01334,0.05537,0.05812,0.01608,0.01546,0.01603,0.01320,0.18496
0.13739,0.09421,0.01894,0.13749,0.00898,0.00970,0.10951,0.00955,0.00988,0.00783,0.11923,0.01105,0.01005,0.07833,0.08034,0.00926,0.01044,0.00767,0.00876,0.12139
0.09894,0.06564,0.05462,0.05545,0.01342,0.01385,0.08197,0.01266,0.01546,0.01257,0.12017,0.02830,0.02033,0.10531,0.10438,0.01393,0.02304,0.01334,0.01471,0.13193
0.17552,0.08518,0.03643,0.17547,0.01227,0.01357,0.12091,0.01066,0.01259,0.01052,0.02491,0.01797,0.02550,0.09388,0.09695,0.00949,0.02786,0.00907,0.00743,0.03382
0.23344,0.08059,0.02839,0.11046,0.00952,0.00999,0.23862,0.01002,0.00966,0.00876,0.03298,0.01482,0.02456,0.04763,0.04814,0.01099,0.02562,0.00990,0.01012,0.03580
0.14868,0.07564,0.02867,0.15360,0.01242,0.01252,0.09605,0.01154,0.01061,0.01035,0.03084,0.01635,0.12722,0.03233,0.03510,0.01212,0.13177,0.01059,0.01142,0.03217
0.20411,0.09508,0.03004,0.12789,0.01086,0.01250,0.20552,0.01158,0.01170,0.01178,0.03508,0.04648,0.02463,0.02340,0.02362,0.01004,0.02818,0.01052,0.00877,0.06821
0.14271,0.04682,0.02155,0.14069,0.01302,0.01450,0.05983,0.01235,0.01278,0.01307,0.05187,0.02002,0.07877,0.09934,0.09827,0.01128,0.08053,0.01321,0.01110,0.05829
0.19388,0.06978,0.02207,0.19531,0.01591,0.01703,0.07988,0.01427,0.01496,0.01547,0.04117,0.06693,0.01580,0.03439,0.03183,0.01806,0.01840,0.01819,0.02348,0.09318
0.06435,0.09348,0.03074,0.06656,0.01128,0.01364,0.11952,0.01087,0.01039,0.01153,0.04591,0.06161,0.01859,0.14815,0.14882,0.01074,0.01835,0.01247,0.01058,0.09239
0.12844,0.04837,0.01541,0.12959,0.01103,0.01056,0.05507,0.00905,0.01011,0.00950,0.07662,0.01047,0.05415,0.13496,0.13823,0.00918,0.05725,0.00828,0.00743,0.07630
0.16881,0.07201,0.02105,0.16880,0.01204,0.01158,0.08985,0.01050,0.01201,0.01150,0.06407,0.00970,0.05154,0.07539,0.07561,0.00955,0.05438,0.01003,0.01123,0.06036
0.18426,0.04444,0.04189,0.18329,0.01886,0.01635,0.07793,0.01698,0.01800,0.01793,0.09401,0.02822,0.01376,0.04359,0.04433,0.01276,0.01477,0.01296,0.01265,0.10300
0.06110,0.06458,0.01993,0.06425,0.01056,0.01016,0.07872,0.00897,0.01012,0.00912,0.21910,0.03288,0.03631,0.03383,0.03187,0.01031,0.03753,0.01041,0.01103,0.23921
0.08860,0.15834,0.05856,0.17045,0.01767,0.01615,0.11288,0.01552,0.01539,0.01695,0.04052,0.03002,0.03404,0.03896,0.04238,0.02580,0.03222,0.01756,0.02117,0.04682
0.12427,0.14198,0.02360,0.12602,0.01173,0.01260,0.16168,0.01193,0.01356,0.01158,0.10928,0.00886,0.00947,0.04555,0.04571,0.00740,0.01038,0.00880,0.00734,0.10824
0.18876,0.08641,0.05090,0.19230,0.01560,0.01492,0.13142,0.01362,0.01365,0.01415,0.04985,0.01910,0.03577,0.02297,0.02292,0.01393,0.03497,0.01384,0.01368,0.05123
0.09002,0.10813,0.06451,0.12485,0.01646,0.01725,0.13282,0.01881,0.01829,0.01423,0.08297,0.01533,0.01699,0.06729,0.07105,0.01174,0.01981,0.01525,0.01230,0.08189
0.09667,0.14635,0.03215,0.07262,0.01239,0.01452,0.16864,0.01267,0.01429,0.01305,0.07490,0.05529,0.02580,0.04434,0.04242,0.01235,0.02763,0.01194,0.01279,0.10918
0.06673,0.07940,0.01862,0.14880,0.01133,0.01151,0.15940,0.01067,0.01155,0.01137,0.06203,0.05867,0.07096,0.03078,0.03380,0.01132,0.07075,0.00968,0.01293,0.10966
0.11267,0.04784,0.08497,0.06401,0.01656,0.01583,0.17907,0.01926,0.01527,0.01558,0.07292,0.01294,0.01751,0.09617,0.09703,0.01526,0.01830,0.01351,0.01577,0.06954
0.09652,0.14032,0.01732,0.09685,0.01124,0.01078,0.15438,0.01017,0.01027,0.00975,0.06899,0.01128,0.02154,0.10989,0.10768,0.01119,0.02206,0.00961,0.01072,0.06943
0.10323,0.04477,0.03022,0.17731,0.00970,0.00943,0.15687,0.00931,0.00968,0.00899,0.09512,0.01372,0.01832,0.08011,0.08564,0.01075,0.01748,0.01128,0.00918,0.09889
0.22605,0.07710,0.02345,0.22429,0.01243,0.01243,0.09472,0.01047,0.01250,0.01382,0.05758,0.02228,0.02377,0.02887,0.02991,0.01137,0.02480,0.01172,0.01088,0.07158
0.11320,0.12262,0.03250,0.13949,0.01182,0.01400,0.12223,0.01374,0.01292,0.01303,0.07252,0.01271,0.03675,0.06907,0.06975,0.01263,0.03751,0.01015,0.01157,0.07178
0.12694,0.07302,0.04543,0.14015,0.01994,0.02316,0.13635,0.01812,0.01824,0.02099,0.06046,0.04368,0.01978,0.04737,0.05203,0.01619,0.01968,0.01541,0.01891,0.08415
0.10442,0.08683,0.02576,0.10340,0.01379,0.01359,0.10779,0.01326,0.01310,0.01266,0.03726,0.02088,0.03910,0.13899,0.14158,0.01335,0.04433,0.01273,0.01380,0.04337
0.13373,0.11883,0.05058,0.13282,0.01303,0.01761,0.16019,0.01686,0.01634,0.01445,0.04701,0.01988,0.04436,0.03318,0.03278,0.01922,0.04675,0.01920,0.02273,0.04044
0.15592,0.06039,0.02392,0.15706,0.01073,0.00990,0.07918,0.01075,0.01071,0.00859,0.13659,0.03014,0.02607,0.03778,0.03827,0.00865,0.02728,0.00897,0.00837,0.15073
0.08858,0.12092,0.04089,0.13568,0.01381,0.01264,0.10301,0.01243,0.01253,0.01140,0.05200,0.01172,0.01333,0.13430,0.13792,0.01355,0.01276,0.01047,0.01169,0.05037
0.14568,0.06699,0.05555,0.08401,0.01611,0.01613,0.19030,0.01620,0.01823,0.01754,0.05757,0.01643,0.02134,0.07935,0.07764,0.01216,0.02133,0.01356,0.01126,0.06262
0.13745,0.08484,0.02469,0.13589,0.01163,0.01239,0.09393,0.01150,0.01278,0.01258,0.11532,0.02711,0.01997,0.06083,0.05619,0.00962,0.02293,0.01233,0.00957,0.12847
0.14602,0.12262,0.07707,0.05791,0.01362,0.01555,0.15620,0.01274,0.01176,0.01261,0.07668,0.01842,0.02195,0.05870,0.05447,0.01333,0.02482,0.01017,0.01142,0.08395
0.06470,0.13318,0.02770,0.06598,0.01239,0.01268,0.15487,0.01139,0.01245,0.01216,0.08638,0.08711,0.03632,0.02662,0.02800,0.01160,0.04039,0.01105,0.01038,0.15465
0.07707,0.12136,0.03675,0.07906,0.02931,0.02995,0.13943,0.02621,0.02487,0.02417,0.11164,0.01383,0.01996,0.04312,0.03972,0.01671,0.02271,0.02101,0.01764,0.10546
0.09781,0.07133,0.04637,0.08671,0.01364,0.01380,0.11941,0.01502,0.01407,0.01266,0.12910,0.01831,0.01094,0.08493,0.08939,0.00945,0.01154,0.00819,0.00979,0.13753
0.09146,0.09401,0.03280,0.10320,0.02068,0.01891,0.10166,0.01823,0.01866,0.02090,0.08923,0.01693,0.02754,0.08211,0.08284,0.02154,0.02810,0.02410,0.02226,0.08484
0.06155,0.06401,0.03843,0.07234,0.01356,0.01257,0.08456,0.01150,0.01262,0.01140,0.17192,0.03926,0.02350,0.05888,0.06328,0.01925,0.02231,0.01353,0.01850,0.18703
0.09574,0.11488,0.03429,0.09034,0.02010,0.02037,0.13865,0.02033,0.02202,0.01980,0.08636,0.01379,0.02412,0.07123,0.07138,0.01824,0.02382,0.01607,0.01433,0.08415
0.11043,0.03438,0.03708,0.04318,0.01370,0.01319,0.14735,0.01261,0.01430,0.01212,0.06789,0.04227,0.02372,0.12655,0.12804,0.01948,0.02502,0.01615,0.02354,0.08900
0.04188,0.18391,0.02689,0.19102,0.00887,0.00997,0.05159,0.00911,0.01027,0.00809,0.12665,0.00993,0.01232,0.07086,0.06978,0.00908,0.01336,0.00750,0.00766,0.13124
0.13964,0.19738,0.03058,0.22407,0.01122,0.01277,0.13088,0.01127,0.01033,0.01090,0.03097,0.01515,0.00800,0.04281,0.04839,0.01113,0.00888,0.00947,0.00964,0.03654
0.08076,0.03289,0.02590,0.08082,0.01257,0.01143,0.05102,0.01042,0.01090,0.00993,0.03339,0.01404,0.02888,0.24418,0.24722,0.01761,0.02680,0.01128,0.01706,0.03290
0.10361,0.13813,0.01845,0.10149,0.00935,0.00913,0.15670,0.00813,0.00816,0.00800,0.06834,0.01103,0.02067,0.11273,0.11170,0.00789,0.02195,0.00752,0.00807,0.06895
0.03527,0.16607,0.04341,0.03839,0.00901,0.00990,0.20740,0.00944,0.00821,0.00836,0.04548,0.00748,0.00952,0.16239,0.16487,0.00633,0.00999,0.00611,0.00568,0.04667
0.19077,0.17352,0.01589,0.21252,0.00756,0.00776,0.16547,0.00667,0.00741,0.00651,0.03716,0.01063,0.00912,0.03876,0.03946,0.00704,0.01040,0.00803,0.00647,0.03886
0.18718,0.07859,0.03285,0.19002,0.01486,0.01516,0.10441,0.01404,0.01524,0.01401,0.03655,0.01616,0.02702,0.07655,0.07456,0.01143,0.02745,0.01202,0.01194,0.03995
0.12186,0.06806,0.04961,0.12414,0.02781,0.02788,0.10794,0.02614,0.02167,0.02169,0.03689,0.02773,0.04503,0.07270,0.07097,0.01986,0.04723,0.02102,0.01761,0.04417
0.05169,0.11779,0.04275,0.05238,0.02062,0.02303,0.14142,0.02119,0.01843,0.02225,0.12225,0.01855,0.02681,0.04809,0.05143,0.03174,0.02816,0.01728,0.02619,0.11799
0.06691,0.12936,0.04396,0.13720,0.01246,0.01515,0.09063,0.01156,0.01422,0.01210,0.13740,0.01809,0.01216,0.05421,0.05500,0.01079,0.01298,0.01170,0.01144,0.14269
0.09427,0.12448,0.03707,0.14400,0.00969,0.01106,0.11469,0.00966,0.00994,0.00961,0.04639,0.01661,0.05712,0.08592,0.08856,0.00943,0.06214,0.00971,0.00884,0.05079
0.07246,0.08228,0.01852,0.14961,0.01219,0.01353,0.16225,0.01112,0.01418,0.01281,0.07439,0.00884,0.01475,0.11244,0.11504,0.01055,0.01751,0.01151,0.00906,0.07696
0.08079,0.11310,0.11072,0.13341,0.01910,0.01662,0.16997,0.02065,0.01683,0.01531,0.02383,0.01373,0.05843,0.04165,0.04462,0.01172,0.05929,0.01110,0.01214,0.02700
0.11244,0.15549,0.03363,0.17030,0.01455,0.01316,0.11650,0.01429,0.01414,0.01553,0.05548,0.02156,0.01240,0.06852,0.06961,0.01291,0.01298,0.01057,0.01135,0.06458
0.22980,0.06610,0.04054,0.08222,0.01463,0.01791,0.25324,0.01703,0.01432,0.01650,0.03876,0.01646,0.03432,0.02225,0.01983,0.01133,0.03662,0.01221,0.01352,0.04241
0.13333,0.17147,0.02640,0.13420,0.01268,0.01286,0.18844,0.01178,0.01189,0.01218,0.04184,0.01220,0.01629,0.06430,0.06687,0.00839,0.01557,0.00831,0.00753,0.04348
0.09184,0.06957,0.05186,0.04749,0.02587,0.02357,0.07835,0.01901,0.02080,0.02029,0.13502,0.02832,0.01492,0.07980,0.08370,0.01866,0.01278,0.01470,0.01879,0.14465
0.06704,0.04149,0.08197,0.07429,0.01094,0.01537,0.12948,0.01367,0.01526,0.01669,0.21381,0.00886,0.01015,0.02705,0.02643,0.00827,0.01009,0.00702,0.00750,0.21461
0.06894,0.19943,0.02515,0.20936,0.00927,0.01021,0.06988,0.00914,0.00822,0.00755,0.02378,0.01214,0.01526,0.12984,0.13738,0.00681,0.01557,0.00681,0.00697,0.02827
0.04994,0.04113,0.03084,0.04941,0.01320,0.01229,0.06645,0.01192,0.01349,0.01189,0.17599,0.01255,0.03219,0.11789,0.11748,0.00976,0.03404,0.01116,0.01118,0.17721
0.10819,0.16729,0.02284,0.11129,0.01196,0.01355,0.18261,0.01075,0.01158,0.01082,0.09948,0.01360,0.01382,0.03836,0.03777,0.01144,0.01392,0.00945,0.00985,0.10142
0.16993,0.14177,0.02455,0.17230,0.01282,0.01157,0.16219,0.01184,0.01121,0.01297,0.03465,0.01452,0.01288,0.06349,0.06328,0.00943,0.01465,0.00779,0.00712,0.04103
0.26447,0.02321,0.01783,0.25956,0.01053,0.01062,0.03283,0.01149,0.01145,0.01161,0.06262,0.01613,0.02425,0.04872,0.04325,0.01771,0.02989,0.02591,0.02074,0.05716
0.11069,0.13945,0.04206,0.11309,0.01418,0.01422,0.17919,0.01348,0.01223,0.01212,0.04226,0.01412,0.03182,0.07263,0.07412,0.01191,0.03861,0.00995,0.01067,0.04320
0.06483,0.16644,0.02929,0.06241,0.01818,0.01939,0.18636,0.01569,0.02040,0.01937,0.06722,0.01709,0.04976,0.04515,0.04730,0.02135,0.05164,0.01495,0.01813,0.06505
0.11680,0.06395,0.04605,0.09449,0.01086,0.01194,0.10003,0.00997,0.01200,0.01069,0.15815,0.01029,0.02453,0.05825,0.05786,0.01028,0.02473,0.01067,0.01005,0.15841
0.12015,0.19741,0.02424,0.12051,0.01039,0.01086,0.21585,0.00920,0.00971,0.00997,0.07172,0.01039,0.01711,0.02863,0.02956,0.00807,0.01989,0.00732,0.00776,0.07125
0.09164,0.19145,0.02633,0.09227,0.01287,0.01351,0.20938,0.01020,0.01356,0.01072,0.07345,0.01444,0.02291,0.04482,0.04211,0.01029,0.02378,0.00911,0.01086,0.07629
0.08701,0.11050,0.06572,0.09159,0.02486,0.02620,0.15181,0.02635,0.02643,0.02547,0.06809,0.01536,0.01640,0.06510,0.06632,0.01821,0.01447,0.01630,0.01849,0.06531
0.08771,0.08471,0.11146,0.09371,0.01888,0.02646,0.18967,0.02318,0.03006,0.02144,0.02838,0.04773,0.02109,0.04509,0.04853,0.01555,0.02175,0.01259,0.01327,0.05874
0.09013,0.05949,0.02350,0.09347,0.01709,0.01650,0.07303,0.01429,0.01782,0.01575,0.09525,0.05722,0.02557,0.09833,0.09818,0.01352,0.02947,0.01255,0.01246,0.13640
0.22871,0.05078,0.02597,0.22221,0.00955,0.01194,0.07146,0.00899,0.01105,0.00976,0.02362,0.08007,0.01949,0.04316,0.04397,0.01009,0.02219,0.00943,0.01033,0.08723
0.13165,0.08105,0.02536,0.09674,0.01072,0.01036,0.13377,0.00896,0.01063,0.00983,0.07190,0.02203,0.04423,0.09139,0.08569,0.01276,0.05028,0.01402,0.01356,0.07507
0.08881,0.05144,0.08420,0.09052,0.02817,0.02626,0.11866,0.02229,0.02534,0.02275,0.06040,0.06336,0.02759,0.04784,0.04143,0.02118,0.02816,0.02352,0.02249,0.10560
0.12710,0.04413,0.04699,0.15678,0.01281,0.01508,0.13109,0.01408,0.01438,0.01396,0.13150,0.01710,0.02000,0.02943,0.03200,0.01097,0.02281,0.01089,0.01034,0.13854
0.06167,0.07007,0.01579,0.25179,0.01461,0.01593,0.24652,0.01544,0.01661,0.01530,0.04841,0.01526,0.02873,0.03594,0.04080,0.01139,0.02666,0.00917,0.00919,0.05072
0.07733,0.14054,0.02924,0.07808,0.01563,0.01694,0.16172,0.01447,0.01444,0.01623,0.08937,0.02006,0.04585,0.04557,0.04562,0.02053,0.04543,0.01592,0.01729,0.08975
0.14986,0.07839,0.07785,0.15127,0.01679,0.01543,0.15080,0.01731,0.01694,0.01482,0.05420,0.02015,0.01332,0.06047,0.06008,0.00831,0.01457,0.00906,0.00788,0.06250
0.17325,0.08812,0.01302,0.16984,0.00874,0.00799,0.09927,0.00688,0.00722,0.00651,0.04845,0.01882,0.01285,0.11919,0.11865,0.01036,0.01305,0.00978,0.01097,0.05705
0.12886,0.14412,0.03231,0.12996,0.01332,0.01334,0.17318,0.01051,0.01408,0.01345,0.06173,0.01834,0.01569,0.05204,0.05299,0.01754,0.01516,0.01471,0.01408,0.06458
0.13617,0.11759,0.03257,0.13317,0.00982,0.00974,0.14472,0.01107,0.00982,0.00966,0.07375,0.01283,0.04988,0.04650,0.04794,0.00902,0.05187,0.01009,0.01005,0.07376
0.19939,0.02855,0.01673,0.03852,0.00959,0.01246,0.20208,0.00972,0.01007,0.00963,0.02807,0.02637,0.05411,0.11335,0.11633,0.01006,0.05718,0.00882,0.00805,0.04092
0.13656,0.08631,0.05732,0.13802,0.01098,0.01280,0.14525,0.01132,0.01284,0.01106,0.02001,0.01460,0.02309,0.11875,0.12268,0.01049,0.02695,0.01004,0.00858,0.02237
0.05484,0.20046,0.03442,0.05626,0.01374,0.01371,0.22641,0.01172,0.01270,0.01326,0.08519,0.00971,0.03006,0.04808,0.04834,0.00980,0.03231,0.00812,0.01058,0.08028
0.12046,0.07563,0.05966,0.08776,0.02284,0.02618,0.16252,0.02047,0.02305,0.01963,0.02749,0.01839,0.10126,0.02575,0.02633,0.01602,0.10307,0.01809,0.01841,0.02698
0.08731,0.22584,0.01099,0.08525,0.00601,0.00623,0.23257,0.00565,0.00631,0.00583,0.02735,0.01184,0.00990,0.10699,0.10881,0.00753,0.00970,0.00570,0.00768,0.03253
0.20209,0.09972,0.03782,0.20280,0.01369,0.01182,0.14144,0.01197,0.01166,0.01174,0.04708,0.01064,0.01056,0.04953,0.05297,0.00892,0.01011,0.00880,0.00831,0.04832
0.21194,0.10222,0.02776,0.21269,0.00980,0.01223,0.12906,0.00922,0.01008,0.01035,0.03428,0.00973,0.01272,0.06526,0.06585,0.00890,0.01229,0.01074,0.00943,0.03544
0.04756,0.04712,0.04483,0.05555,0.01228,0.01227,0.08325,0.01441,0.01221,0.01269,0.13229,0.01752,0.01255,0.15518,0.15844,0.01326,0.01351,0.01075,0.01116,0.13316
0.05579,0.10255,0.02938,0.05854,0.01186,0.01153,0.12373,0.01284,0.01120,0.01130,0.03762,0.20648,0.01008,0.02648,0.02607,0.00755,0.01075,0.00775,0.00625,0.23226
0.13104,0.12300,0.02056,0.14050,0.01067,0.01130,0.12119,0.00782,0.00994,0.00842,0.02665,0.00945,0.00872,0.15470,0.15541,0.00730,0.00981,0.00681,0.00835,0.02834
0.06017,0.11005,0.12667,0.06432,0.01152,0.01330,0.23506,0.01438,0.01202,0.01152,0.04019,0.01318,0.02708,0.07787,0.08026,0.01220,0.02853,0.00954,0.01109,0.04106
0.18953,0.05993,0.03937,0.07346,0.01450,0.01583,0.21349,0.01550,0.01457,0.01472,0.04941,0.03253,0.01742,0.05878,0.05777,0.01715,0.02067,0.01728,0.01518,0.06293
0.06815,0.03451,0.03089,0.10304,0.01438,0.01647,0.09042,0.01480,0.01648,0.01592,0.09513,0.02669,0.02900,0.12974,0.12819,0.01734,0.03191,0.01455,0.01707,0.10532
0.23230,0.07730,0.01578,0.23106,0.01192,0.01100,0.08852,0.00993,0.01038,0.01236,0.02585,0.01247,0.01319,0.08638,0.08559,0.01193,0.01303,0.01415,0.01180,0.02508
0.20132,0.05209,0.02726,0.06546,0.01569,0.01404,0.21161,0.01276,0.01284,0.01335,0.07493,0.01565,0.02233,0.05410,0.05666,0.01873,0.02159,0.01536,0.02151,0.07272
0.15389,0.08139,0.03984,0.15572,0.01018,0.01180,0.12503,0.01114,0.01055,0.00925,0.04762,0.00828,0.00899,0.12323,0.12195,0.00880,0.00965,0.00802,0.00741,0.04726
0.09875,0.08677,0.08337,0.09690,0.01418,0.01509,0.16708,0.01654,0.01274,0.01223,0.06356,0.01786,0.02956,0.07309,0.07502,0.01352,0.03403,0.01150,0.01361,0.06458
0.07754,0.11097,0.02032,0.12617,0.00845,0.00863,0.07342,0.00786,0.00870,0.00830,0.03055,0.01358,0.00985,0.21253,0.21317,0.00721,0.01050,0.00804,0.00771,0.03647
0.11111,0.15743,0.03613,0.17578,0.01598,0.01479,0.12739,0.01269,0.01375,0.01370,0.07082,0.01628,0.03575,0.02535,0.02705,0.01113,0.03640,0.01110,0.01140,0.07597
0.16654,0.04355,0.09554,0.14256,0.01900,0.02192,0.10018,0.02281,0.02233,0.01927,0.03150,0.02611,0.03984,0.05924,0.05718,0.01616,0.04260,0.01984,0.01583,0.03801
0.14014,0.07159,0.04733,0.08951,0.01327,0.01394,0.17035,0.01378,0.01218,0.01235,0.06981,0.07642,0.01816,0.03502,0.03526,0.01106,0.01613,0.01051,0.01092,0.13226
0.13178,0.12359,0.03854,0.13043,0.01618,0.01756,0.15411,0.01613,0.01592,0.01557,0.03996,0.05783,0.03260,0.02729,0.02813,0.01304,0.03671,0.01191,0.01400,0.07873
0.13569,0.07476,0.02501,0.13546,0.01032,0.01126,0.09411,0.01232,0.01278,0.01058,0.11938,0.01271,0.02268,0.07111,0.07029,0.01215,0.02395,0.00977,0.01373,0.12192
0.07984,0.13772,0.04044,0.15440,0.01307,0.01121,0.10956,0.01113,0.01229,0.00979,0.12626,0.01307,0.01049,0.04923,0.05139,0.00961,0.01273,0.00886,0.00791,0.13099
0.09396,0.06980,0.06818,0.09420,0.01690,0.01675,0.13299,0.01714,0.01540,0.01458,0.02920,0.01713,0.04211,0.12898,0.12669,0.01307,0.04679,0.01347,0.01106,0.03160
0.10460,0.13366,0.04285,0.10764,0.01968,0.02117,0.15775,0.01787,0.01776,0.01572,0.08555,0.02540,0.02417,0.02984,0.02925,0.01909,0.01899,0.01578,0.01834,0.09489
0.06241,0.23805,0.03994,0.06362,0.01406,0.01490,0.27412,0.01167,0.01394,0.01226,0.02722,0.01211,0.02078,0.05826,0.05725,0.00918,0.02136,0.00875,0.00820,0.03193
0.12805,0.10954,0.05460,0.08875,0.01426,0.01320,0.14271,0.01443,0.01444,0.01197,0.11570,0.01851,0.01431,0.04046,0.04131,0.01560,0.01427,0.01202,0.01124,0.12461
0.05385,0.06932,0.02283,0.05408,0.01038,0.01153,0.08801,0.01062,0.01079,0.01075,0.07649,0.01354,0.01430,0.21460,0.21397,0.00964,0.01689,0.00979,0.00995,0.07867
0.06954,0.11650,0.02698,0.07120,0.01725,0.01870,0.13125,0.01741,0.01742,0.01780,0.08986,0.02004,0.05704,0.06404,0.06499,0.01593,0.06084,0.01578,0.01483,0.09259
0.21730,0.06016,0.06560,0.21906,0.00763,0.00942,0.13137,0.00841,0.00785,0.00666,0.02770,0.01246,0.02180,0.06446,0.06656,0.00851,0.02181,0.00634,0.00732,0.02956
0.06263,0.15169,0.01996,0.05021,0.01084,0.01160,0.16038,0.01162,0.00983,0.00920,0.04854,0.01752,0.01166,0.16592,0.16393,0.00782,0.01196,0.00822,0.00885,0.05761
0.04824,0.10145,0.08396,0.04913,0.01364,0.01577,0.17863,0.01136,0.01530,0.01484,0.07037,0.02342,0.02204,0.10411,0.10642,0.01283,0.02722,0.01324,0.01232,0.07570
0.10718,0.11950,0.01882,0.13463,0.01173,0.00997,0.09734,0.01104,0.01147,0.01006,0.08746,0.01202,0.01310,0.10555,0.10891,0.01569,0.01219,0.01128,0.01243,0.08963
0.17223,0.05497,0.06605,0.17481,0.03363,0.03582,0.09519,0.03209,0.03326,0.02899,0.03427,0.02037,0.01799,0.04241,0.04140,0.02296,0.01902,0.02346,0.01762,0.03345
0.12691,0.05797,0.03913,0.15680,0.00955,0.00987,0.12349,0.01052,0.01196,0.01048,0.17441,0.01331,0.01242,0.01379,0.01277,0.00739,0.01321,0.00820,0.00818,0.17964
0.23682,0.09185,0.02595,0.11893,0.01097,0.01023,0.23842,0.00860,0.01063,0.00983,0.05935,0.01278,0.01316,0.02351,0.02337,0.00883,0.01361,0.00882,0.00875,0.06560
0.04187,0.07207,0.05178,0.07684,0.01477,0.01400,0.07417,0.01426,0.01479,0.01223,0.13995,0.03543,0.00994,0.11057,0.11037,0.01226,0.00957,0.01133,0.01017,0.16362
0.06167,0.11581,0.02517,0.06521,0.01007,0.01110,0.13645,0.01000,0.01099,0.01012,0.15151,0.01129,0.02693,0.07228,0.07063,0.01191,0.02923,0.00859,0.00917,0.15186
0.12424,0.13230,0.03218,0.14679,0.01450,0.01416,0.18855,0.01397,0.01378,0.01369,0.06192,0.01164,0.01496,0.05263,0.05230,0.01285,0.01501,0.01193,0.01140,0.06120
0.20445,0.07944,0.02473,0.20538,0.01279,0.01240,0.09828,0.01175,0.01230,0.01222,0.07126,0.01287,0.02740,0.03461,0.03650,0.01685,0.02925,0.01384,0.01784,0.06584
0.10364,0.07418,0.03317,0.08758,0.01179,0.01138,0.12073,0.00939,0.01123,0.00999,0.04383,0.10038,0.05781,0.04911,0.05087,0.01091,0.06015,0.01211,0.01232,0.12943
0.07866,0.04564,0.06830,0.05881,0.01305,0.01441,0.13746,0.01189,0.01373,0.01241,0.03553,0.10760,0.06087,0.06205,0.06247,0.00871,0.06384,0.00874,0.00943,0.12640
0.06885,0.19134,0.02266,0.20260,0.00807,0.01023,0.07370,0.00747,0.01042,0.00901,0.10473,0.01825,0.03775,0.02456,0.02554,0.01115,0.03748,0.01082,0.01286,0.11250
0.06150,0.05323,0.08136,0.06476,0.03052,0.03269,0.11755,0.02884,0.03333,0.03009,0.03971,0.04270,0.07216,0.05947,0.05717,0.02702,0.06578,0.02249,0.02638,0.05323
0.12346,0.14102,0.02342,0.12290,0.01054,0.01212,0.16180,0.00997,0.01195,0.01002,0.06989,0.02029,0.02484,0.05964,0.05886,0.01200,0.02658,0.01230,0.01123,0.07716
0.09971,0.09408,0.04545,0.07326,0.01370,0.01231,0.11470,0.01332,0.01225,0.01261,0.04176,0.10985,0.01822,0.07040,0.07244,0.01291,0.02021,0.01020,0.01260,0.14002
0.11288,0.09916,0.02938,0.11941,0.01397,0.01363,0.11329,0.01670,0.01351,0.01351,0.09123,0.02223,0.06273,0.03686,0.03962,0.01195,0.06596,0.01292,0.01010,0.10096
0.09666,0.14102,0.04013,0.15597,0.01344,0.01333,0.10887,0.01388,0.01409,0.01138,0.04541,0.01107,0.01526,0.11220,0.11148,0.01248,0.01450,0.01202,0.01243,0.04437
0.06865,0.08562,0.02399,0.07140,0.01710,0.01676,0.10277,0.01522,0.01708,0.01514,0.10072,0.02106,0.05896,0.08298,0.07982,0.02121,0.05817,0.01817,0.02455,0.10064
0.05097,0.03617,0.02639,0.04500,0.00631,0.00735,0.07032,0.00639,0.00666,0.00551,0.03235,0.02188,0.25191,0.05697,0.06038,0.00563,0.25389,0.00492,0.00640,0.04461
0.08523,0.08474,0.07289,0.08532,0.01870,0.01496,0.15377,0.01433,0.01778,0.01621,0.10890,0.01341,0.04341,0.04070,0.03853,0.01358,0.04408,0.01373,0.01269,0.10703
0.07329,0.07844,0.04141,0.09066,0.01090,0.01356,0.09952,0.01257,0.01236,0.01169,0.02897,0.01512,0.10982,0.11009,0.11351,0.01400,0.11135,0.00941,0.01634,0.02698
0.11763,0.12440,0.03048,0.11741,0.01164,0.01156,0.14950,0.01018,0.01103,0.01080,0.07035,0.01757,0.02051,0.07949,0.07965,0.01381,0.02353,0.01223,0.01584,0.07237
0.07767,0.12059,0.08928,0.08147,0.01617,0.01430,0.20840,0.01335,0.01723,0.01299,0.06132,0.02684,0.03112,0.04045,0.04466,0.01476,0.03432,0.01142,0.01294,0.07073
0.07423,0.06090,0.03940,0.06980,0.02531,0.02526,0.09131,0.02108,0.02648,0.02271,0.06294,0.02445,0.01884,0.14524,0.14540,0.02159,0.01722,0.02225,0.01494,0.07065
0.12523,0.11727,0.04349,0.13435,0.01392,0.01343,0.13903,0.01459,0.01282,0.01246,0.04412,0.01161,0.04487,0.06888,0.06841,0.01359,0.05122,0.01451,0.01518,0.04101
0.08623,0.05589,0.02846,0.06929,0.02101,0.02308,0.08657,0.02057,0.02179,0.01805,0.17044,0.01845,0.01603,0.06353,0.06269,0.01757,0.01554,0.01965,0.01575,0.16940
0.11078,0.14316,0.03784,0.15852,0.01094,0.01407,0.11958,0.01242,0.01334,0.01244,0.05536,0.01417,0.01247,0.09160,0.09383,0.01027,0.01393,0.00935,0.01053,0.05543
0.18076,0.08799,0.02616,0.11279,0.01515,0.01427,0.17140,0.01345,0.01540,0.01347,0.09765,0.02233,0.01609,0.02349,0.02315,0.01511,0.01814,0.01777,0.01364,0.10179
0.06334,0.27680,0.01551,0.06508,0.01353,0.01382,0.27564,0.01257,0.01354,0.01095,0.04264,0.00799,0.01479,0.04585,0.04354,0.01058,0.01428,0.01052,0.00969,0.03934
0.11084,0.18960,0.02761,0.11506,0.01626,0.01865,0.22391,0.01400,0.01568,0.01717,0.02227,0.05165,0.01377,0.02644,0.02832,0.01073,0.01462,0.00982,0.01101,0.06257
0.04211,0.06514,0.02586,0.06893,0.01257,0.01251,0.05357,0.01374,0.01278,0.01279,0.05145,0.01604,0.15736,0.09809,0.10149,0.01309,0.16017,0.01515,0.01373,0.05344
0.17082,0.09493,0.04044,0.17545,0.01011,0.01053,0.13612,0.00894,0.01136,0.00940,0.02270,0.02721,0.02258,0.08540,0.08810,0.00932,0.02470,0.00735,0.00860,0.03593
0.07170,0.08934,0.12253,0.10878,0.02013,0.02124,0.17290,0.02710,0.02099,0.01859,0.04581,0.01977,0.04364,0.03146,0.03394,0.02011,0.04417,0.02179,0.02152,0.04449
0.12713,0.06320,0.02860,0.13247,0.01764,0.01567,0.08644,0.01428,0.01450,0.01299,0.05212,0.02063,0.06156,0.09781,0.10084,0.01168,0.06402,0.01113,0.01093,0.05635
0.12655,0.11927,0.02812,0.14483,0.01008,0.01223,0.12612,0.00895,0.01267,0.00942,0.02434,0.02290,0.02213,0.12001,0.12340,0.01037,0.02259,0.00895,0.01091,0.03616
0.07182,0.12890,0.02504,0.10636,0.02030,0.02092,0.15835,0.01743,0.02049,0.02174,0.06344,0.01313,0.01849,0.09206,0.09360,0.01624,0.02146,0.01496,0.01521,0.06005
0.10853,0.12716,0.03407,0.10922,0.01452,0.01435,0.15569,0.01361,0.01368,0.01535,0.05537,0.01124,0.01784,0.10002,0.10087,0.01266,0.01947,0.01205,0.01070,0.05358
0.10737,0.16720,0.05157,0.18206,0.01463,0.01736,0.12821,0.01692,0.01763,0.01730,0.06185,0.01530,0.01265,0.03884,0.03958,0.01502,0.01265,0.01186,0.01154,0.06049
0.13842,0.13823,0.01959,0.15676,0.00997,0.00948,0.13016,0.00855,0.01087,0.00915,0.04950,0.01247,0.06921,0.04502,0.04482,0.00836,0.07005,0.00830,0.01002,0.05107
0.09546,0.06608,0.02180,0.20795,0.00787,0.00858,0.19655,0.00863,0.00932,0.00913,0.03021,0.09349,0.00979,0.03766,0.04519,0.00836,0.01008,0.00711,0.00739,0.11934
0.06879,0.09261,0.04409,0.10169,0.01580,0.01780,0.08655,0.01785,0.01693,0.01606,0.10388,0.06101,0.01938,0.06413,0.06415,0.01493,0.01935,0.01366,0.01505,0.14627
0.17568,0.16183,0.02315,0.19495,0.00887,0.00907,0.16132,0.00723,0.00925,0.00852,0.05333,0.00841,0.01860,0.02772,0.03134,0.00947,0.01973,0.00899,0.00893,0.05362
0.14099,0.09889,0.03441,0.14227,0.01316,0.01420,0.12988,0.01195,0.01095,0.01249,0.06336,0.01302,0.02860,0.08138,0.08053,0.01037,0.03028,0.00974,0.00935,0.06419
0.12254,0.11305,0.02921,0.12289,0.01172,0.01173,0.13484,0.01022,0.01275,0.01022,0.04058,0.04090,0.01166,0.10065,0.10082,0.01388,0.01386,0.01432,0.01517,0.06900
0.05239,0.09651,0.01537,0.11831,0.01509,0.01695,0.14469,0.01393,0.01668,0.01477,0.04375,0.05719,0.01985,0.11428,0.11707,0.01528,0.02018,0.01430,0.01495,0.07846
0.09962,0.05257,0.05810,0.06406,0.01161,0.01370,0.14998,0.01388,0.01316,0.01310,0.07926,0.05855,0.03501,0.07019,0.07401,0.01359,0.03567,0.00982,0.01239,0.12171
0.09332,0.12007,0.01796,0.14286,0.00729,0.00745,0.08783,0.00640,0.00728,0.00664,0.07918,0.00960,0.09987,0.05501,0.05619,0.00659,0.10186,0.00660,0.00727,0.08075
0.14782,0.06098,0.03310,0.07682,0.01546,0.01538,0.16497,0.01258,0.01479,0.01308,0.08174,0.01331,0.01536,0.10277,0.10234,0.01055,0.01492,0.00850,0.01165,0.08388
0.11899,0.08322,0.06802,0.05799,0.01671,0.01803,0.10497,0.01631,0.01619,0.01542,0.10548,0.02168,0.02617,0.07652,0.07144,0.01520,0.03012,0.01293,0.01397,0.11066
0.11604,0.10889,0.04193,0.11740,0.01157,0.01393,0.14388,0.01234,0.01378,0.01140,0.07672,0.02474,0.01134,0.08247,0.08290,0.00908,0.01113,0.01019,0.00995,0.09031
0.08764,0.04034,0.03905,0.06121,0.01225,0.01189,0.06100,0.01062,0.01066,0.00977,0.22847,0.00873,0.00873,0.07587,0.07318,0.00747,0.00861,0.00725,0.00803,0.22923
0.07849,0.08289,0.10137,0.08337,0.01719,0.02040,0.18942,0.01524,0.01917,0.01547,0.07824,0.01268,0.01764,0.06774,0.07033,0.01169,0.01783,0.01091,0.01213,0.07779
0.05237,0.13598,0.04507,0.05531,0.01646,0.01592,0.18107,0.01360,0.01799,0.01617,0.04442,0.05853,0.05953,0.04536,0.04791,0.01646,0.06294,0.01444,0.01317,0.08729
0.05155,0.18606,0.02636,0.04917,0.01320,0.01287,0.20351,0.01340,0.01288,0.01372,0.08357,0.05175,0.02132,0.04022,0.03842,0.01288,0.02254,0.01237,0.01188,0.12234
0.04965,0.16730,0.03105,0.04910,0.01145,0.01232,0.19232,0.00960,0.01054,0.01073,0.08946,0.02359,0.01702,0.08518,0.08996,0.01303,0.01647,0.01150,0.01040,0.09933
0.17286,0.05500,0.11604,0.09476,0.01659,0.01956,0.08513,0.01644,0.01621,0.01444,0.03214,0.01703,0.01019,0.12573,0.12403,0.01215,0.01040,0.01247,0.01073,0.03810
0.13128,0.10396,0.02963,0.13281,0.01273,0.01670,0.12594,0.01374,0.01349,0.01445,0.12169,0.01710,0.01964,0.03193,0.03239,0.01284,0.02258,0.01261,0.01146,0.12303
0.17121,0.05326,0.03312,0.17259,0.01931,0.02018,0.06374,0.01791,0.01835,0.01674,0.12345,0.01682,0.02191,0.03120,0.03102,0.01490,0.02296,0.01443,0.01517,0.12174
0.06302,0.06805,0.03490,0.08024,0.01291,0.01305,0.07966,0.01361,0.01078,0.01018,0.06474,0.18413,0.02031,0.03380,0.03304,0.00790,0.02121,0.00763,0.00823,0.23261
0.11570,0.13722,0.03196,0.11910,0.01325,0.01381,0.18526,0.01271,0.01357,0.01203,0.04438,0.02965,0.01769,0.06882,0.06846,0.01423,0.01836,0.01287,0.01553,0.05539
0.16510,0.08321,0.03580,0.16592,0.01676,0.01904,0.10663,0.01803,0.01937,0.01602,0.05172,0.02074,0.04981,0.03791,0.03780,0.01860,0.05371,0.01678,0.01659,0.05046
0.14925,0.05889,0.05008,0.15006,0.00864,0.01053,0.10796,0.00997,0.01039,0.00923,0.01533,0.00959,0.01099,0.17501,0.17689,0.00687,0.01097,0.00646,0.00631,0.01660
0.06665,0.13790,0.02838,0.06798,0.01428,0.01492,0.16093,0.01312,0.01451,0.01310,0.14899,0.01051,0.01340,0.04979,0.04649,0.01376,0.01276,0.01220,0.01239,0.14795
0.12344,0.13759,0.03121,0.12505,0.01057,0.01160,0.16332,0.00861,0.00994,0.00856,0.06778,0.06001,0.01856,0.03121,0.03134,0.00792,0.02008,0.00869,0.00881,0.11572
0.06326,0.19382,0.01537,0.06451,0.00609,0.00635,0.20856,0.00587,0.00638,0.00537,0.04407,0.02259,0.04200,0.09727,0.09599,0.00795,0.04134,0.00704,0.00786,0.05832
0.08823,0.18315,0.03124,0.08881,0.02037,0.01775,0.20341,0.01611,0.01611,0.02106,0.04580,0.01463,0.02295,0.06024,0.05832,0.01584,0.02251,0.01624,0.01773,0.03952
0.07590,0.11340,0.05289,0.07659,0.02129,0.01951,0.15310,0.01983,0.02294,0.01939,0.13382,0.02355,0.01850,0.02137,0.02289,0.01631,0.01881,0.01426,0.01507,0.14057
0.10041,0.08976,0.03330,0.11038,0.00894,0.01061,0.12021,0.00969,0.00871,0.00931,0.04728,0.02241,0.06720,0.09913,0.10238,0.01028,0.07340,0.01129,0.01028,0.05502
0.07544,0.06148,0.08522,0.07807,0.01760,0.01784,0.14031,0.01674,0.01803,0.01682,0.03792,0.03081,0.02626,0.12422,0.12616,0.01816,0.02707,0.01465,0.01742,0.04977
0.07745,0.23457,0.02919,0.07963,0.01217,0.01284,0.25778,0.01214,0.01494,0.01255,0.02926,0.02262,0.01360,0.05426,0.05327,0.00973,0.01468,0.01005,0.01050,0.03876
0.10416,0.11529,0.03825,0.10581,0.02379,0.02257,0.13943,0.01960,0.02135,0.02070,0.04404,0.03603,0.04272,0.05955,0.06011,0.01405,0.04743,0.01253,0.01140,0.06119
0.09248,0.04714,0.07753,0.09242,0.01202,0.01289,0.11798,0.01355,0.01442,0.01363,0.05734,0.04327,0.11212,0.02351,0.02469,0.01997,0.11479,0.01636,0.02023,0.07367
0.11062,0.04370,0.02379,0.28442,0.00727,0.00873,0.25156,0.00801,0.00770,0.00764,0.04037,0.01120,0.01115,0.04901,0.05696,0.00717,0.01221,0.00642,0.00622,0.04585
0.08681,0.11314,0.03568,0.08790,0.00954,0.00965,0.14327,0.00980,0.00980,0.00938,0.07033,0.03495,0.01800,0.10854,0.10938,0.01066,0.01972,0.00898,0.01008,0.09439
0.12589,0.04969,0.04513,0.13197,0.01437,0.01292,0.08877,0.01018,0.01127,0.01092,0.16903,0.01472,0.04262,0.01329,0.01469,0.00916,0.04646,0.00940,0.00806,0.17146
0.13244,0.15702,0.02626,0.17285,0.01559,0.01481,0.12698,0.01521,0.01432,0.01352,0.05453,0.02110,0.01447,0.05050,0.04822,0.01234,0.01730,0.01402,0.01298,0.06554
0.29227,0.05194,0.01988,0.07034,0.00860,0.00889,0.29963,0.00755,0.00796,0.00697,0.03246,0.01138,0.01058,0.05250,0.05340,0.00838,0.01038,0.00657,0.00664,0.03368
0.06958,0.12433,0.01794,0.10853,0.01357,0.01446,0.15028,0.01424,0.01529,0.01368,0.11909,0.02117,0.02986,0.03688,0.03477,0.02069,0.03630,0.02575,0.01899,0.11461
0.12564,0.08727,0.03300,0.10152,0.02105,0.02037,0.12771,0.01688,0.01622,0.01924,0.03312,0.01579,0.05573,0.09496,0.09685,0.01527,0.06014,0.01259,0.01422,0.03245
0.19642,0.13323,0.10441,0.11060,0.01779,0.01599,0.17036,0.01453,0.01532,0.01548,0.02060,0.01303,0.01048,0.05007,0.04801,0.01114,0.01199,0.00833,0.00951,0.02273
0.16830,0.05314,0.11366,0.10526,0.02047,0.01801,0.08700,0.01476,0.01698,0.01649,0.07142,0.01768,0.02736,0.06536,0.06520,0.01814,0.02655,0.01272,0.01255,0.06894
0.03727,0.17905,0.03604,0.03975,0.00885,0.00888,0.21789,0.00731,0.00800,0.00645,0.01799,0.08034,0.02702,0.08961,0.09274,0.00804,0.03298,0.00848,0.00816,0.08515
0.19495,0.08043,0.02616,0.19408,0.00820,0.00871,0.10580,0.00847,0.00862,0.00903,0.04411,0.00968,0.00983,0.10499,0.10342,0.01016,0.01076,0.00837,0.00861,0.04564
0.10450,0.15437,0.03677,0.09992,0.01791,0.02013,0.17993,0.01851,0.01737,0.01643,0.04719,0.01873,0.01650,0.06914,0.07092,0.01691,0.01715,0.01406,0.01715,0.04643
0.06925,0.15484,0.03232,0.16907,0.01391,0.01562,0.07812,0.01264,0.01358,0.01291,0.13844,0.01538,0.02361,0.02741,0.02696,0.00914,0.02368,0.00960,0.00885,0.14467
0.06478,0.09505,0.03508,0.06826,0.01385,0.01584,0.12403,0.01377,0.01495,0.01380,0.09006,0.01796,0.06028,0.09107,0.08785,0.01250,0.06240,0.01445,0.01069,0.09335
0.16963,0.07982,0.06015,0.17136,0.01297,0.01446,0.13903,0.01160,0.01313,0.01101,0.07262,0.02604,0.02096,0.03194,0.03102,0.00976,0.02026,0.00865,0.01028,0.08533
0.06110,0.25164,0.03703,0.06160,0.01128,0.01252,0.28841,0.01099,0.00973,0.01035,0.03584,0.02519,0.02155,0.02885,0.03032,0.01119,0.02568,0.00926,0.01175,0.04572
0.21665,0.05300,0.02336,0.21730,0.01350,0.01364,0.07129,0.01070,0.01202,0.01071,0.10162,0.02650,0.01062,0.02899,0.03032,0.01104,0.01157,0.00906,0.00983,0.11829
0.20971,0.08754,0.02419,0.20806,0.00870,0.00869,0.10997,0.00695,0.00856,0.00860,0.02052,0.01005,0.01734,0.10436,0.10620,0.00664,0.01746,0.00551,0.00654,0.02442
0.14383,0.10720,0.03330,0.14605,0.01505,0.01576,0.12606,0.01418,0.01508,0.01331,0.06208,0.02257,0.02916,0.05574,0.05279,0.01980,0.02666,0.01545,0.02117,0.06475
0.25903,0.03634,0.03254,0.05028,0.01366,0.01363,0.28245,0.01219,0.01208,0.01029,0.05034,0.01414,0.01449,0.05271,0.05255,0.01065,0.01456,0.00980,0.00927,0.04900
0.14411,0.09068,0.03007,0.10928,0.00936,0.00793,0.16332,0.00830,0.00883,0.00820,0.13012,0.01245,0.03522,0.02144,0.02199,0.00913,0.04155,0.00712,0.00749,0.13341
0.09230,0.10895,0.02750,0.09229,0.01352,0.01391,0.13567,0.01036,0.01210,0.01206,0.04369,0.00984,0.02707,0.14902,0.15183,0.01151,0.02661,0.00975,0.00940,0.04263
0.15423,0.08069,0.07517,0.15604,0.02255,0.02272,0.14768,0.02136,0.02009,0.02246,0.06763,0.01675,0.01350,0.02957,0.03020,0.01206,0.01272,0.01310,0.01200,0.06946
0.19021,0.06225,0.02964,0.08709,0.01286,0.01101,0.20137,0.01135,0.01154,0.01002,0.10960,0.01844,0.01424,0.03453,0.03460,0.00941,0.01779,0.00900,0.00856,0.11651
0.17707,0.04165,0.02650,0.17835,0.00780,0.00865,0.06701,0.00774,0.00781,0.00761,0.13910,0.00829,0.00721,0.07393,0.07204,0.00838,0.00754,0.00590,0.00797,0.13946
0.14657,0.16137,0.03104,0.14619,0.01134,0.01203,0.18965,0.00938,0.01175,0.01152,0.02900,0.01207,0.01493,0.07004,0.07236,0.00883,0.01736,0.00664,0.00744,0.03050
0.13918,0.03536,0.06937,0.14060,0.01622,0.01550,0.09961,0.01705,0.01753,0.01460,0.08849,0.02189,0.02705,0.06464,0.06458,0.01685,0.02802,0.02013,0.01469,0.08864
0.05303,0.06440,0.04199,0.05445,0.02151,0.01990,0.09467,0.01723,0.02087,0.01955,0.06222,0.02563,0.05561,0.13758,0.13852,0.01611,0.05374,0.01483,0.01518,0.07299
0.18154,0.04634,0.03394,0.18364,0.01492,0.01522,0.07108,0.01414,0.01628,0.01612,0.03391,0.03926,0.05907,0.05912,0.06342,0.01353,0.05921,0.01410,0.01252,0.05262
0.06123,0.07029,0.05129,0.07741,0.01538,0.01775,0.09058,0.01517,0.01657,0.01610,0.10429,0.04868,0.02162,0.09299,0.08903,0.01986,0.02056,0.01834,0.01982,0.13305
0.05717,0.15823,0.03899,0.06219,0.01681,0.01712,0.18416,0.01540,0.01869,0.01800,0.11509,0.01946,0.01250,0.04663,0.04812,0.01157,0.01283,0.01054,0.01330,0.12317
0.07146,0.08458,0.05387,0.07020,0.01499,0.01580,0.13236,0.01421,0.01404,0.01319,0.06483,0.03076,0.10555,0.04450,0.04653,0.01472,0.10741,0.01136,0.01226,0.07738
