0.02709,0.04916,0.64961,0.03696,0.03499,0.01146,0.08283,0.01132,0.01873,0.07785
0.02544,0.28326,0.27446,0.01274,0.00988,0.01364,0.11290,0.11891,0.01821,0.13056
0.24206,0.22506,0.07373,0.02697,0.00942,0.02601,0.01198,0.33939,0.02758,0.01780
0.06532,0.16140,0.02872,0.25401,0.09983,0.13225,0.17340,0.02978,0.01618,0.03910
0.03363,0.00808,0.01247,0.00414,0.01668,0.01188,0.23502,0.41376,0.01734,0.24702
0.00805,0.08681,0.22013,0.21136,0.09661,0.15264,0.06727,0.01871,0.11579,0.02264
0.02906,0.01373,0.02107,0.01071,0.02023,0.02862,0.14492,0.05470,0.29634,0.38063
0.45306,0.46091,0.01231,0.00891,0.01519,0.00582,0.01549,0.00901,0.00515,0.01414
0.07584,0.04960,0.03935,0.66024,0.04499,0.01472,0.03848,0.03245,0.01600,0.02833
0.09005,0.03249,0.04955,0.05751,0.11229,0.31701,0.00818,0.01596,0.30966,0.00732
0.06420,0.22148,0.11462,0.04203,0.04235,0.01237,0.21053,0.02742,0.01407,0.25094
0.01799,0.22804,0.05820,0.22835,0.02073,0.11878,0.15363,0.06206,0.00955,0.10267
0.05573,0.02930,0.04024,0.00951,0.03255,0.02723,0.02516,0.74302,0.02260,0.01467
0.24978,0.02518,0.03520,0.24990,0.01543,0.01928,0.11226,0.15435,0.02504,0.11359
0.03361,0.03493,0.01977,0.02420,0.02179,0.26151,0.37262,0.06273,0.02519,0.14366
0.03642,0.03280,0.08757,0.00911,0.09354,0.02712,0.27018,0.13972,0.02957,0.27396
0.02628,0.08263,0.05313,0.04021,0.04555,0.12764,0.11302,0.46012,0.03881,0.01262
0.01120,0.00781,0.00693,0.00699,0.00940,0.00671,0.01028,0.92397,0.00711,0.00960
0.00812,0.00829,0.01646,0.00823,0.01535,0.00598,0.28900,0.01702,0.15311,0.47844
0.36629,0.01696,0.01697,0.01218,0.02178,0.22579,0.17572,0.05137,0.08670,0.02623
0.01206,0.06952,0.09210,0.01870,0.01478,0.09280,0.04464,0.54661,0.08454,0.02426
0.00703,0.08371,0.11531,0.02332,0.02119,0.01237,0.05467,0.65985,0.00277,0.01978
0.02011,0.01623,0.02025,0.01374,0.01662,0.03378,0.02287,0.68298,0.06247,0.11095
0.01426,0.01153,0.05809,0.01640,0.01695,0.08727,0.39226,0.03242,0.00912,0.36171
0.26746,0.01075,0.01231,0.01211,0.24460,0.20714,0.00802,0.02402,0.20682,0.00677
0.11521,0.02707,0.03227,0.04124,0.10836,0.26057,0.30245,0.03342,0.02377,0.05566
0.29509,0.00835,0.04412,0.03210,0.16183,0.18557,0.04326,0.01872,0.18206,0.02890
0.07061,0.03127,0.02833,0.01938,0.02538,0.03820,0.05068,0.64187,0.05704,0.03725
0.01153,0.03785,0.04928,0.03916,0.02549,0.21427,0.11934,0.34818,0.13660,0.01829
0.05099,0.02941,0.04269,0.00763,0.02120,0.04896,0.17118,0.07799,0.21577,0.33417
0.01616,0.00428,0.00782,0.00560,0.00743,0.15670,0.02453,0.57446,0.17202,0.03101
0.06258,0.06741,0.01146,0.01317,0.06211,0.01258,0.01119,0.73134,0.00802,0.02014
0.01917,0.07706,0.02295,0.46696,0.05478,0.02601,0.11063,0.10734,0.02176,0.09334
0.01814,0.04664,0.06217,0.01845,0.01318,0.01613,0.18426,0.42702,0.02260,0.19141
0.05317,0.04645,0.06192,0.01178,0.02119,0.35787,0.36415,0.02174,0.02379,0.03795
0.01142,0.02293,0.02051,0.03005,0.02516,0.09976,0.25254,0.36534,0.00553,0.16677
0.06469,0.04748,0.02851,0.05401,0.04341,0.01094,0.05259,0.07126,0.28898,0.33811
0.05435,0.03498,0.71411,0.02533,0.01906,0.01161,0.04302,0.03065,0.01676,0.05013
0.02373,0.27475,0.21235,0.00731,0.00850,0.16724,0.23653,0.01165,0.00859,0.04935
0.14163,0.03417,0.28530,0.00529,0.30853,0.08865,0.06062,0.03473,0.02750,0.01358
0.05026,0.02997,0.01359,0.02501,0.01144,0.22524,0.38812,0.06163,0.01304,0.18172
0.44326,0.00732,0.04075,0.03562,0.25925,0.05220,0.07147,0.06027,0.00779,0.02207
0.05880,0.20283,0.23344,0.26959,0.02887,0.06985,0.00899,0.02833,0.09323,0.00608
0.06977,0.03600,0.02676,0.04002,0.03196,0.03453,0.09083,0.06720,0.27776,0.32516
0.03411,0.49840,0.40559,0.01511,0.01321,0.00666,0.00675,0.01296,0.00296,0.00426
0.16265,0.19386,0.10832,0.03800,0.03978,0.16224,0.18404,0.02513,0.02180,0.06417
0.00538,0.00463,0.00322,0.94425,0.00247,0.00385,0.00813,0.00878,0.00443,0.01486
0.31999,0.06654,0.03454,0.03553,0.22503,0.00994,0.05414,0.21089,0.01411,0.02931
0.05771,0.02363,0.15500,0.00544,0.17411,0.04193,0.00741,0.45877,0.02412,0.05187
0.09906,0.04900,0.00938,0.14251,0.01215,0.01732,0.24964,0.13133,0.01698,0.27264
0.01672,0.00765,0.92181,0.00511,0.00417,0.00598,0.00510,0.02589,0.00295,0.00461
0.47476,0.00846,0.00327,0.47571,0.00284,0.00554,0.00965,0.00588,0.00322,0.01067
0.05116,0.02957,0.01531,0.35648,0.01708,0.01449,0.23761,0.01627,0.00548,0.25655
0.24145,0.04225,0.09280,0.03561,0.16509,0.03909,0.09727,0.09157,0.06014,0.13475
0.03251,0.04543,0.02150,0.04951,0.03366,0.14146,0.36156,0.04517,0.00703,0.26216
0.02188,0.02424,0.48770,0.01657,0.00805,0.20865,0.00943,0.01635,0.19992,0.00720
0.01997,0.43071,0.39927,0.00759,0.01754,0.00265,0.03137,0.06403,0.00596,0.02089
0.05138,0.01163,0.01527,0.00962,0.03958,0.01151,0.02974,0.80736,0.00458,0.01931
0.13802,0.12658,0.01877,0.00657,0.00597,0.31645,0.33282,0.01422,0.01479,0.02580
0.02787,0.02791,0.03448,0.03573,0.01670,0.05023,0.10717,0.41224,0.10722,0.18047
0.01669,0.04722,0.03289,0.03163,0.00888,0.31605,0.38022,0.03059,0.01591,0.11990
0.34567,0.03272,0.01885,0.18461,0.01513,0.09637,0.08212,0.19288,0.00547,0.02617
0.26348,0.13835,0.29614,0.21174,0.01943,0.00687,0.01506,0.03590,0.00240,0.01063
0.01822,0.06574,0.02151,0.13705,0.10505,0.05378,0.02544,0.47564,0.06239,0.03518
0.02415,0.02081,0.02443,0.01291,0.04010,0.03301,0.20451,0.39884,0.01627,0.22496
0.45373,0.28751,0.01792,0.00884,0.15671,0.01006,0.02020,0.02460,0.00330,0.01714
0.02254,0.02803,0.05175,0.01168,0.05358,0.02119,0.01354,0.77939,0.01110,0.00720
0.11522,0.12969,0.15892,0.02189,0.16685,0.03613,0.02478,0.32131,0.01179,0.01341
0.01469,0.34536,0.01989,0.35060,0.01070,0.04123,0.02864,0.05724,0.06531,0.06634
0.01983,0.03034,0.05027,0.17625,0.01309,0.01759,0.31007,0.03000,0.00891,0.34364
0.17172,0.18840,0.03795,0.02953,0.02760,0.04651,0.18964,0.04114,0.03929,0.22821
0.22675,0.03277,0.01632,0.01786,0.17668,0.01522,0.01903,0.46571,0.01286,0.01680
0.02511,0.24684,0.24095,0.03323,0.02430,0.01586,0.15590,0.02167,0.04486,0.19130
0.07107,0.03524,0.02993,0.00545,0.02100,0.03381,0.32838,0.02631,0.03661,0.41219
0.24915,0.04764,0.01653,0.05028,0.18046,0.04659,0.03818,0.30869,0.04468,0.01781
0.05869,0.36281,0.31386,0.00934,0.03550,0.04798,0.01821,0.10787,0.02851,0.01724
0.02437,0.01228,0.00801,0.00627,0.01241,0.37545,0.02142,0.15377,0.37026,0.01575
0.04876,0.38318,0.36477,0.06835,0.03001,0.01735,0.04342,0.01128,0.01004,0.02284
0.23493,0.11357,0.11195,0.11517,0.10639,0.01444,0.11443,0.07005,0.01874,0.10032
0.33290,0.01853,0.05787,0.02870,0.18129,0.01670,0.00640,0.30689,0.04052,0.01020
0.21198,0.03689,0.02585,0.19013,0.03176,0.18968,0.17711,0.11083,0.01743,0.00835
0.03074,0.02842,0.03258,0.00891,0.06715,0.02194,0.30109,0.10496,0.03533,0.36888
0.04610,0.02693,0.04224,0.01960,0.03168,0.17447,0.10790,0.01513,0.32201,0.21393
0.03022,0.32530,0.29389,0.00661,0.02528,0.06466,0.02732,0.03074,0.10841,0.08758
0.01358,0.44797,0.43868,0.00671,0.00894,0.02129,0.02563,0.01175,0.00843,0.01704
0.02128,0.02788,0.01562,0.00442,0.00780,0.05760,0.42839,0.02049,0.00542,0.41109
0.06792,0.07440,0.07077,0.20701,0.04590,0.02959,0.01245,0.46969,0.01439,0.00788
0.07665,0.04558,0.05620,0.01356,0.01744,0.09429,0.05275,0.61617,0.00918,0.01818
0.08207,0.01754,0.01711,0.01972,0.01677,0.02004,0.02056,0.78428,0.00827,0.01364
0.04153,0.06533,0.03084,0.04367,0.05209,0.13947,0.24663,0.08419,0.07121,0.22504
0.16920,0.01418,0.02948,0.01173,0.14346,0.13177,0.17727,0.27414,0.00540,0.04338
0.02058,0.26026,0.24216,0.00770,0.03112,0.05116,0.12305,0.10578,0.03956,0.11863
0.02452,0.02752,0.01528,0.01664,0.02531,0.16211,0.19584,0.01446,0.25766,0.26064
0.07404,0.03221,0.04901,0.01092,0.08035,0.01215,0.15896,0.41498,0.01014,0.15724
0.35962,0.03325,0.05372,0.06619,0.38413,0.01511,0.01210,0.05736,0.00957,0.00896
0.29438,0.19855,0.07626,0.13472,0.13846,0.03162,0.02444,0.02274,0.04623,0.03258
0.01120,0.11688,0.12120,0.02068,0.13691,0.02547,0.03076,0.48270,0.01484,0.03937
0.14421,0.32374,0.36901,0.02896,0.05101,0.00351,0.01791,0.03398,0.00851,0.01917
0.02030,0.02003,0.00716,0.00529,0.00812,0.01990,0.05984,0.14214,0.34898,0.36823
0.06214,0.29828,0.25566,0.01206,0.01298,0.15281,0.00661,0.03143,0.15292,0.01511
0.01733,0.03318,0.01485,0.02324,0.01610,0.18942,0.42413,0.01413,0.00485,0.26276
0.02868,0.34321,0.17747,0.30213,0.04663,0.02699,0.02967,0.01141,0.01757,0.01625
0.09217,0.29714,0.22947,0.00737,0.02700,0.00852,0.06879,0.18945,0.01337,0.06671
0.04470,0.00717,0.01210,0.02620,0.01523,0.02982,0.03361,0.80251,0.01243,0.01624
0.02391,0.04295,0.16311,0.01606,0.01582,0.33952,0.02169,0.03767,0.32831,0.01096
0.01415,0.20815,0.04162,0.19329,0.01849,0.01867,0.22705,0.02755,0.01125,0.23979
0.06191,0.05918,0.07685,0.04405,0.08527,0.02331,0.01762,0.60577,0.01109,0.01494
0.07901,0.10082,0.07262,0.02949,0.02215,0.00815,0.29056,0.06775,0.01200,0.31746
0.14041,0.14388,0.13819,0.09103,0.05694,0.05294,0.05421,0.23189,0.03062,0.05989
0.11191,0.00575,0.02174,0.02443,0.10735,0.08593,0.05660,0.46860,0.07426,0.04341
0.00748,0.37852,0.38715,0.01143,0.01555,0.08554,0.00533,0.01516,0.08946,0.00437
0.01642,0.03544,0.02411,0.02012,0.02498,0.29248,0.11824,0.28111,0.17621,0.01090
0.03622,0.02877,0.19529,0.06565,0.20073,0.01544,0.16905,0.04668,0.02737,0.21481
0.00648,0.03420,0.03022,0.01941,0.03520,0.05910,0.05055,0.71039,0.02587,0.02858
0.08781,0.03035,0.09795,0.01777,0.10338,0.01326,0.00950,0.56029,0.02120,0.05848
0.05286,0.04526,0.03327,0.14644,0.02069,0.29401,0.02942,0.05665,0.28457,0.03682
0.15693,0.04586,0.20142,0.20539,0.06123,0.05763,0.01481,0.15227,0.08898,0.01548
0.09677,0.04207,0.04135,0.04089,0.03455,0.19029,0.24343,0.10161,0.07913,0.12993
0.03585,0.02704,0.03630,0.00861,0.02486,0.09569,0.29645,0.04209,0.10061,0.33250
0.22293,0.13350,0.05450,0.02193,0.09801,0.01640,0.12408,0.01746,0.10866,0.20252
0.03423,0.05447,0.01536,0.00478,0.03280,0.40189,0.07768,0.07056,0.28373,0.02451
0.11498,0.05335,0.01940,0.05721,0.02530,0.00707,0.03773,0.62337,0.01445,0.04715
0.02559,0.01850,0.20259,0.02366,0.20072,0.20893,0.02741,0.04267,0.19778,0.05216
0.07817,0.15396,0.03010,0.17258,0.02738,0.02531,0.18006,0.13038,0.01084,0.19122
0.32693,0.01483,0.01320,0.08830,0.00874,0.00972,0.01229,0.12657,0.20277,0.19665
0.14722,0.01976,0.02294,0.01015,0.04957,0.31724,0.02179,0.07388,0.31676,0.02069
0.12364,0.03414,0.03480,0.01278,0.06812,0.30464,0.20301,0.02228,0.16125,0.03533
0.01500,0.00811,0.17639,0.00357,0.19065,0.00782,0.28657,0.01054,0.00615,0.29518
0.03470,0.01811,0.01504,0.07804,0.01405,0.31469,0.32074,0.18714,0.00805,0.00943
0.02630,0.01349,0.01285,0.33851,0.01845,0.26344,0.21924,0.01080,0.07866,0.01825
0.02446,0.01848,0.01379,0.31872,0.02212,0.01942,0.18922,0.14657,0.03820,0.20900
0.35635,0.05573,0.03222,0.30908,0.02479,0.09314,0.08016,0.02711,0.01435,0.00706
0.63881,0.01716,0.00931,0.01183,0.01298,0.00985,0.11605,0.01280,0.01123,0.15998
0.02929,0.05706,0.02268,0.18317,0.05930,0.19043,0.02147,0.25454,0.16380,0.01827
0.18027,0.03269,0.04367,0.04877,0.05495,0.01500,0.01814,0.43023,0.09876,0.07753
0.00974,0.01757,0.02525,0.03477,0.04134,0.24172,0.38282,0.07464,0.00726,0.16488
0.05066,0.00896,0.02729,0.00379,0.03390,0.05822,0.38739,0.01924,0.04513,0.36543
0.25781,0.25447,0.04490,0.03827,0.05356,0.06238,0.12528,0.04375,0.02000,0.09958
0.07503,0.10553,0.08396,0.05582,0.02624,0.30771,0.02291,0.01070,0.29702,0.01508
0.39944,0.46025,0.08171,0.00459,0.00987,0.00585,0.00746,0.01605,0.00614,0.00865
0.84104,0.01891,0.03798,0.01210,0.00903,0.00592,0.01994,0.01613,0.00967,0.02926
0.05746,0.03093,0.02361,0.05484,0.05725,0.10906,0.11919,0.51281,0.00988,0.02498
0.01164,0.01425,0.02850,0.00943,0.00730,0.12835,0.27135,0.01598,0.16719,0.34603
0.04271,0.28107,0.24305,0.17685,0.01392,0.09342,0.01711,0.03966,0.08388,0.00833
0.19300,0.04666,0.07281,0.13333,0.07916,0.19396,0.19763,0.03033,0.02248,0.03064
0.01114,0.05092,0.02497,0.01142,0.01776,0.01622,0.00852,0.79417,0.02583,0.03905
0.17690,0.06748,0.05736,0.07024,0.08529,0.12101,0.02279,0.26458,0.11809,0.01625
0.00832,0.05608,0.07773,0.02526,0.14510,0.29374,0.04478,0.03628,0.26496,0.04776
0.20651,0.01342,0.00993,0.01222,0.12599,0.19328,0.02378,0.17760,0.21221,0.02506
0.03013,0.13504,0.16060,0.04615,0.04364,0.01547,0.02371,0.52976,0.00668,0.00881
0.01181,0.00881,0.43071,0.00988,0.43177,0.00750,0.00802,0.08137,0.00358,0.00655
0.01060,0.01227,0.03147,0.00939,0.06272,0.17296,0.10227,0.54443,0.03124,0.02266
0.07765,0.06568,0.03137,0.02830,0.08126,0.16110,0.16536,0.32495,0.01548,0.04886
0.01421,0.01722,0.01479,0.01364,0.00908,0.01143,0.13591,0.65838,0.00937,0.11598
0.03263,0.05962,0.01409,0.65024,0.02100,0.00955,0.00514,0.19736,0.00716,0.00322
0.23625,0.05985,0.20582,0.04662,0.03319,0.01311,0.12786,0.13103,0.00663,0.13964
0.31435,0.09878,0.01620,0.13243,0.22247,0.05088,0.04729,0.05055,0.01773,0.04932
0.01672,0.04958,0.01111,0.04572,0.01509,0.01428,0.04562,0.44301,0.16937,0.18948
0.04874,0.01280,0.03617,0.12913,0.05319,0.02289,0.02113,0.62831,0.02608,0.02157
0.04304,0.45712,0.36132,0.01136,0.03585,0.01449,0.02873,0.01180,0.01772,0.01858
0.29516,0.02437,0.01419,0.09447,0.01591,0.22410,0.23433,0.04506,0.02081,0.03160
0.04376,0.02405,0.18054,0.01939,0.09361,0.08806,0.00789,0.47533,0.06099,0.00639
0.01339,0.07301,0.09570,0.02270,0.01841,0.09120,0.01754,0.54929,0.09361,0.02515
0.10436,0.05078,0.10763,0.01779,0.06686,0.26241,0.25773,0.12174,0.00513,0.00555
0.08123,0.28659,0.01681,0.28119,0.07682,0.08050,0.05765,0.10558,0.00746,0.00618
0.17394,0.01727,0.02298,0.00755,0.01281,0.02597,0.07249,0.57361,0.01988,0.07350
0.01488,0.06853,0.28643,0.23110,0.02119,0.06779,0.01914,0.21682,0.06575,0.00836
0.05804,0.11134,0.29378,0.28137,0.03577,0.01171,0.01195,0.07296,0.03983,0.08324
0.03999,0.00764,0.00575,0.16741,0.00826,0.03149,0.08192,0.58194,0.00724,0.06836
0.01009,0.00594,0.00385,0.00325,0.00589,0.32258,0.30373,0.33811,0.00383,0.00273
0.04204,0.04504,0.03722,0.00811,0.03167,0.31885,0.29690,0.19911,0.01396,0.00709
0.09345,0.01010,0.01725,0.01891,0.01757,0.37472,0.40690,0.03230,0.01026,0.01855
0.07848,0.10930,0.06622,0.01528,0.04087,0.02774,0.02742,0.57838,0.04380,0.01251
0.04322,0.04367,0.14591,0.02528,0.03816,0.01926,0.13269,0.37653,0.03286,0.14241
0.11893,0.12347,0.07292,0.01902,0.03087,0.03722,0.02807,0.47281,0.01917,0.07752
0.27508,0.32799,0.30286,0.01354,0.00833,0.00984,0.01506,0.01110,0.00927,0.02693
0.02917,0.02825,0.20424,0.01715,0.16711,0.25892,0.03180,0.00744,0.22840,0.02752
0.02810,0.04500,0.03660,0.02184,0.01303,0.25176,0.05863,0.34729,0.18520,0.01255
0.09388,0.11311,0.08377,0.12406,0.09210,0.07552,0.13248,0.13831,0.06291,0.08385
0.01383,0.00930,0.01775,0.00889,0.01388,0.02013,0.43987,0.01813,0.00527,0.45294
0.24606,0.08407,0.03684,0.05165,0.06317,0.21645,0.01819,0.02378,0.20466,0.05513
0.10592,0.06106,0.05155,0.07896,0.06072,0.02950,0.14415,0.03793,0.14807,0.28213
0.01226,0.01091,0.14530,0.01195,0.11726,0.18289,0.15049,0.02316,0.18187,0.16390
0.03916,0.13100,0.03633,0.04703,0.03778,0.00466,0.01611,0.65929,0.01475,0.01389
0.15523,0.11957,0.05269,0.05567,0.03109,0.03053,0.06498,0.43073,0.00891,0.05058
0.11466,0.16945,0.13111,0.02893,0.08726,0.01412,0.01443,0.39618,0.01659,0.02728
0.09258,0.05085,0.03822,0.08290,0.05476,0.05178,0.22268,0.17878,0.00507,0.22238
0.26370,0.00860,0.03911,0.03888,0.03935,0.14458,0.09617,0.10870,0.16125,0.09965
0.02525,0.01623,0.01720,0.00877,0.01134,0.22305,0.01816,0.45688,0.21335,0.00977
0.19231,0.01306,0.02773,0.00573,0.21289,0.06846,0.07896,0.35249,0.01733,0.03105
0.11786,0.07113,0.04825,0.08164,0.09110,0.16917,0.08844,0.04168,0.14403,0.14670
0.02780,0.01290,0.01908,0.00865,0.02770,0.03300,0.05999,0.71130,0.02668,0.07291
0.03562,0.02172,0.02515,0.01429,0.01204,0.42867,0.42949,0.02097,0.00318,0.00887
0.02432,0.06508,0.06406,0.02051,0.00873,0.05312,0.01884,0.10584,0.34487,0.29462
0.26386,0.37708,0.01480,0.01686,0.02584,0.00504,0.03934,0.18376,0.00632,0.06709
0.07929,0.09656,0.02492,0.01516,0.01514,0.01517,0.30146,0.11853,0.01260,0.32115
0.06401,0.09005,0.07164,0.07465,0.12155,0.03508,0.17673,0.19934,0.00605,0.16089
0.00737,0.07987,0.24435,0.26792,0.09995,0.01626,0.09908,0.06761,0.02304,0.09454
0.22645,0.29895,0.30982,0.05036,0.01369,0.00980,0.03547,0.02237,0.01162,0.02147
0.01227,0.02553,0.00960,0.00291,0.02420,0.09669,0.40939,0.01148,0.01839,0.38954
0.06355,0.10116,0.10782,0.02121,0.03124,0.03966,0.30054,0.01824,0.01142,0.30514
0.04963,0.05618,0.02771,0.70562,0.07324,0.01790,0.01340,0.03228,0.01143,0.01260
0.02935,0.08928,0.08223,0.04043,0.01381,0.01459,0.01998,0.68516,0.00984,0.01533
0.05440,0.09197,0.22592,0.00692,0.19461,0.18157,0.18031,0.02493,0.01304,0.02633
0.39110,0.04296,0.03159,0.03575,0.38448,0.01427,0.01903,0.05412,0.01123,0.01547
0.02278,0.40999,0.36673,0.01245,0.03960,0.02026,0.00985,0.02352,0.05070,0.04412
0.22187,0.03693,0.03120,0.00957,0.00637,0.31537,0.33477,0.00946,0.02590,0.00856
0.02318,0.22335,0.19072,0.02005,0.02582,0.01275,0.24021,0.02500,0.00438,0.23454
0.00725,0.01882,0.01157,0.01007,0.01506,0.01839,0.43649,0.02744,0.00668,0.44824
0.26045,0.26960,0.06514,0.04514,0.09384,0.03394,0.05538,0.10401,0.01246,0.06005
0.32736,0.08972,0.06327,0.02763,0.02606,0.01849,0.02845,0.35557,0.02259,0.04085
0.01401,0.01674,0.00682,0.86540,0.00518,0.04348,0.02689,0.00785,0.00336,0.01028
0.00860,0.02411,0.02504,0.04062,0.01907,0.03577,0.21039,0.20718,0.12463,0.30460
0.02030,0.00903,0.01322,0.87598,0.00874,0.02815,0.02510,0.01234,0.00333,0.00380
0.01638,0.06061,0.01985,0.04731,0.01798,0.01860,0.21558,0.37888,0.01611,0.20870
0.01934,0.16288,0.16124,0.03273,0.00651,0.00711,0.01377,0.01362,0.28865,0.29414
0.09123,0.04258,0.01652,0.06406,0.01762,0.01180,0.01198,0.71089,0.01996,0.01335
0.03194,0.03432,0.02118,0.01050,0.02464,0.03033,0.02081,0.67760,0.05787,0.09081
0.00743,0.01040,0.00941,0.00806,0.00659,0.06570,0.12170,0.66708,0.01133,0.09232
0.03571,0.08324,0.04171,0.02055,0.01336,0.30493,0.33891,0.01547,0.05483,0.09128
0.33718,0.35577,0.02732,0.05481,0.00885,0.05492,0.04637,0.08590,0.01618,0.01271
0.02014,0.01569,0.02007,0.00985,0.01682,0.13833,0.00873,0.60174,0.14132,0.02732
0.26712,0.02365,0.01897,0.01232,0.01290,0.03337,0.01983,0.01640,0.30273,0.29271
0.01386,0.01835,0.02665,0.01759,0.01036,0.42243,0.37950,0.02266,0.07738,0.01122
0.19788,0.02944,0.02936,0.03891,0.04213,0.28055,0.29567,0.01491,0.04339,0.02777
0.28232,0.02978,0.02498,0.02669,0.27143,0.00888,0.10631,0.15381,0.00741,0.08839
0.17719,0.03325,0.06970,0.02790,0.19491,0.14308,0.09986,0.15899,0.07431,0.02081
0.03725,0.01598,0.03975,0.01907,0.03471,0.13210,0.14090,0.55961,0.00549,0.01512
0.01583,0.02239,0.32087,0.01918,0.31943,0.01493,0.13197,0.00980,0.01216,0.13344
0.01424,0.00529,0.18628,0.01339,0.17543,0.08809,0.04203,0.45652,0.00655,0.01218
0.03091,0.03540,0.02852,0.04472,0.01856,0.12768,0.27429,0.02604,0.11553,0.29835
0.01030,0.05917,0.19399,0.17385,0.02408,0.00866,0.21504,0.02616,0.03453,0.25423
0.11775,0.01475,0.02583,0.02097,0.10147,0.04786,0.01444,0.61686,0.02692,0.01315
0.24957,0.26356,0.02958,0.03659,0.02167,0.07564,0.03271,0.04377,0.14939,0.09752
0.06335,0.06462,0.03553,0.03650,0.02460,0.05660,0.10725,0.54404,0.00642,0.06111
0.01474,0.05390,0.00896,0.03468,0.01195,0.02419,0.35383,0.02348,0.06540,0.40887
0.04285,0.01260,0.00942,0.01217,0.01148,0.08548,0.06190,0.60784,0.08417,0.07209
0.00690,0.01242,0.00920,0.01220,0.00920,0.44423,0.09006,0.06361,0.34083,0.01134
0.36135,0.07083,0.17790,0.18792,0.12566,0.01168,0.02123,0.01088,0.01133,0.02122
0.25661,0.22924,0.00428,0.01407,0.02196,0.21453,0.22674,0.01275,0.00387,0.01595
0.79672,0.00929,0.00729,0.00619,0.00897,0.00792,0.02069,0.11916,0.00613,0.01763
0.02391,0.35225,0.33756,0.02305,0.01631,0.05324,0.08471,0.02738,0.01220,0.06939
0.16051,0.17440,0.01087,0.01134,0.00575,0.00676,0.01323,0.59218,0.01588,0.00908
0.16241,0.12614,0.14034,0.03078,0.03378,0.01124,0.22750,0.01270,0.00555,0.24955
0.05294,0.04649,0.02882,0.01279,0.02528,0.19481,0.07742,0.27618,0.20437,0.08090
0.25387,0.02100,0.02034,0.08373,0.02662,0.14085,0.13011,0.02554,0.14048,0.15746
0.02633,0.01919,0.01886,0.01425,0.02557,0.24069,0.05126,0.33523,0.23133,0.03729
0.17050,0.17753,0.02669,0.01416,0.01607,0.03166,0.01979,0.52063,0.00336,0.01960
0.05366,0.01963,0.07640,0.00717,0.09002,0.01053,0.33399,0.05428,0.00992,0.34440
0.01952,0.02278,0.03257,0.00669,0.00757,0.02462,0.02270,0.80137,0.03930,0.02289
0.00619,0.01541,0.00753,0.01617,0.01208,0.02843,0.02545,0.81229,0.03035,0.04610
0.58688,0.05484,0.11844,0.10899,0.03481,0.00902,0.02249,0.02934,0.01207,0.02312
0.01964,0.04983,0.02235,0.28862,0.01881,0.01678,0.28775,0.01026,0.00622,0.27974
0.21677,0.31529,0.31273,0.03630,0.01527,0.01144,0.02152,0.02996,0.02469,0.01602
0.06020,0.29275,0.30872,0.03275,0.01224,0.01604,0.01353,0.24059,0.01161,0.01155
0.77123,0.04571,0.01553,0.02470,0.02042,0.00832,0.01570,0.05186,0.01363,0.03289
0.02092,0.07185,0.03129,0.02051,0.03658,0.09557,0.04501,0.60279,0.05481,0.02068
0.26379,0.01488,0.02228,0.01058,0.25253,0.01139,0.01211,0.39771,0.00476,0.00998
0.01315,0.00585,0.01968,0.00634,0.00914,0.00725,0.43909,0.02366,0.00935,0.46648
0.01943,0.00758,0.01186,0.87225,0.01016,0.02060,0.02340,0.01904,0.00835,0.00733
0.22049,0.24128,0.04947,0.02473,0.02294,0.17126,0.02422,0.10310,0.12917,0.01333
0.10074,0.03125,0.05908,0.00540,0.04844,0.09282,0.06813,0.56122,0.01255,0.02038
0.02126,0.01577,0.01543,0.01032,0.00672,0.31006,0.01383,0.28548,0.30681,0.01432
0.03092,0.02801,0.02346,0.05554,0.00720,0.14750,0.23025,0.35440,0.01258,0.11013
0.01182,0.01518,0.01809,0.02866,0.03572,0.37019,0.38763,0.01596,0.04310,0.07364
0.01343,0.00976,0.00450,0.02706,0.00657,0.00811,0.03113,0.88390,0.00296,0.01258
0.10405,0.06142,0.02563,0.16477,0.04806,0.02624,0.01032,0.35650,0.10519,0.09782
0.09492,0.05595,0.05467,0.05782,0.09336,0.04929,0.27933,0.03568,0.00877,0.27020
0.01320,0.41374,0.38919,0.00408,0.01102,0.01137,0.01016,0.11520,0.01126,0.02078
0.03381,0.04357,0.11386,0.00346,0.13526,0.06722,0.10006,0.43199,0.01156,0.05922
0.00506,0.00886,0.00564,0.01250,0.00461,0.00660,0.45283,0.00922,0.01125,0.48343
0.01612,0.01130,0.00997,0.01980,0.00902,0.11930,0.01187,0.66745,0.11221,0.02296
0.18150,0.19878,0.01071,0.01058,0.00465,0.05356,0.03837,0.45061,0.03017,0.02107
0.06102,0.16775,0.08132,0.08723,0.04803,0.21432,0.01392,0.10039,0.21431,0.01171
0.36950,0.02375,0.35822,0.01308,0.01914,0.02387,0.06732,0.01404,0.02827,0.08281
0.02006,0.21419,0.22398,0.01400,0.02046,0.11161,0.14296,0.03628,0.10375,0.11272
0.03432,0.01673,0.29951,0.01813,0.31337,0.10470,0.05893,0.02195,0.09724,0.03513
0.02961,0.04831,0.00427,0.02688,0.01974,0.12240,0.35248,0.09759,0.01016,0.28856
0.09973,0.02815,0.02583,0.09156,0.02485,0.10037,0.29898,0.04319,0.02333,0.26404
0.17715,0.17676,0.01055,0.02238,0.00606,0.01102,0.00989,0.57473,0.00558,0.00590
0.02124,0.02873,0.01641,0.01413,0.00871,0.43320,0.43128,0.01783,0.02158,0.00689
0.08370,0.26549,0.24260,0.00842,0.02917,0.14153,0.03886,0.05545,0.11863,0.01614
0.01466,0.03115,0.01259,0.51590,0.03661,0.00855,0.18414,0.01043,0.00434,0.18163
0.04442,0.02399,0.02725,0.40649,0.02345,0.22443,0.02523,0.01403,0.19685,0.01387
0.41530,0.01886,0.03074,0.03128,0.41825,0.01328,0.01221,0.03387,0.01633,0.00988
0.04733,0.44288,0.40933,0.00237,0.03425,0.00786,0.00894,0.03185,0.00913,0.00605
0.03862,0.13293,0.13754,0.00666,0.09969,0.01840,0.17236,0.19576,0.01687,0.18117
0.03430,0.02027,0.07083,0.02797,0.02733,0.30778,0.32517,0.16214,0.01283,0.01138
0.02794,0.01822,0.02428,0.44835,0.02613,0.01076,0.01072,0.17610,0.12688,0.13062
0.28219,0.02545,0.01322,0.01217,0.00902,0.21454,0.21619,0.16024,0.02626,0.04072
0.12877,0.06750,0.15104,0.01508,0.17785,0.08351,0.16914,0.05913,0.01548,0.13251
0.04629,0.13315,0.15586,0.04603,0.01940,0.23393,0.26706,0.01619,0.03934,0.04275
0.01870,0.04757,0.02600,0.64360,0.00759,0.00534,0.10558,0.03913,0.00722,0.09928
0.22719,0.24248,0.04146,0.09516,0.08720,0.02707,0.05761,0.11757,0.03135,0.07292
0.06379,0.04832,0.02148,0.04592,0.02262,0.01662,0.31667,0.15204,0.00340,0.30914
0.20134,0.01781,0.02502,0.01603,0.16552,0.02260,0.26193,0.02186,0.00830,0.25959
0.48185,0.01016,0.01005,0.00522,0.44063,0.00682,0.01111,0.01427,0.01252,0.00737
0.01177,0.01480,0.00872,0.31417,0.00736,0.01206,0.03015,0.58414,0.00720,0.00962
0.03044,0.08640,0.07762,0.07974,0.10337,0.27917,0.01188,0.05019,0.26003,0.02117
0.05182,0.02782,0.01475,0.00541,0.02256,0.02121,0.40393,0.02937,0.00680,0.41633
