0.03112,0.01948,0.02206,0.03383,0.01663,0.01578,0.15321,0.05018,0.05742,0.31260,0.02481,0.26289
0.08220,0.05931,0.02016,0.20205,0.02920,0.04754,0.17231,0.06384,0.01548,0.21977,0.02576,0.06239
0.05750,0.03368,0.03264,0.26370,0.07196,0.03288,0.24296,0.05290,0.01640,0.12349,0.03436,0.03753
0.16423,0.03662,0.07975,0.04461,0.01769,0.02060,0.37180,0.08968,0.01561,0.01502,0.02758,0.11680
0.05994,0.01844,0.20905,0.21908,0.01644,0.06484,0.18384,0.02587,0.02169,0.13947,0.01560,0.02574
0.06102,0.05192,0.06894,0.08815,0.02954,0.35379,0.08547,0.02131,0.02098,0.17963,0.01631,0.02294
0.06216,0.02116,0.13501,0.07449,0.01841,0.35366,0.11674,0.15192,0.01308,0.02551,0.01740,0.01044
0.03565,0.01232,0.01254,0.35732,0.01368,0.03780,0.07267,0.08131,0.00978,0.33932,0.01261,0.01499
0.08621,0.04628,0.03310,0.07615,0.02750,0.04642,0.21171,0.06844,0.02461,0.20743,0.05063,0.12153
0.12646,0.03695,0.19016,0.07974,0.01442,0.04150,0.38694,0.04422,0.01188,0.02672,0.01828,0.02274
0.03188,0.00687,0.02503,0.68181,0.00818,0.00765,0.14291,0.01216,0.01188,0.05516,0.00663,0.00983
0.05559,0.04034,0.07238,0.35191,0.02630,0.02677,0.22596,0.03843,0.03785,0.06267,0.02921,0.03259
0.11540,0.03302,0.10831,0.19871,0.02385,0.03468,0.26148,0.05089,0.03472,0.07386,0.02061,0.04448
0.31896,0.06731,0.08881,0.14483,0.03769,0.06289,0.08244,0.03637,0.02102,0.05288,0.03445,0.05233
0.13199,0.05612,0.05178,0.03542,0.06138,0.02619,0.23281,0.03804,0.12512,0.07129,0.06271,0.10713
0.11239,0.09748,0.08114,0.10775,0.02183,0.02455,0.38730,0.03787,0.03106,0.04859,0.02768,0.02236
0.13739,0.01339,0.13623,0.39275,0.01645,0.02709,0.13341,0.03889,0.04083,0.03107,0.01429,0.01822
0.16118,0.01210,0.04241,0.23960,0.01668,0.18632,0.11797,0.12105,0.01636,0.04877,0.01595,0.02160
0.20495,0.09319,0.03992,0.27148,0.03601,0.02120,0.07628,0.02493,0.02691,0.10180,0.04479,0.05855
0.23743,0.02395,0.05582,0.17746,0.04163,0.04590,0.11118,0.08799,0.03327,0.11785,0.03547,0.03205
0.08778,0.05205,0.06199,0.04933,0.09836,0.05622,0.22867,0.09138,0.02661,0.09771,0.06883,0.08106
0.12602,0.09558,0.04250,0.05402,0.03028,0.05768,0.32412,0.07328,0.02840,0.12169,0.02134,0.02508
0.07144,0.02484,0.02164,0.35893,0.01616,0.01998,0.08231,0.04613,0.04144,0.13037,0.02791,0.15884
0.06776,0.07202,0.11948,0.12041,0.03330,0.05367,0.30593,0.04534,0.02391,0.10493,0.02627,0.02699
0.11533,0.03622,0.07353,0.19024,0.03805,0.05680,0.12707,0.14057,0.02327,0.04165,0.04103,0.11625
0.06868,0.05653,0.03982,0.19708,0.03373,0.06618,0.26675,0.09267,0.01842,0.07267,0.03825,0.04923
0.15976,0.09549,0.02979,0.34730,0.01716,0.07587,0.09825,0.03832,0.01175,0.04186,0.02039,0.06406
0.24535,0.05291,0.17922,0.06268,0.01550,0.03642,0.12729,0.03261,0.04495,0.17912,0.01183,0.01213
0.07146,0.04137,0.11998,0.31186,0.02838,0.03496,0.12783,0.11623,0.02677,0.03078,0.04870,0.04170
0.19698,0.02894,0.02058,0.53633,0.01523,0.03168,0.05243,0.02100,0.00785,0.03381,0.01533,0.03984
0.04984,0.01419,0.01391,0.03296,0.00771,0.01574,0.10825,0.18949,0.02064,0.02829,0.01334,0.50563
0.27327,0.02857,0.05437,0.07358,0.04561,0.08790,0.14737,0.15036,0.02528,0.07186,0.02270,0.01913
0.09592,0.01808,0.07354,0.07958,0.02705,0.03701,0.33930,0.04262,0.03007,0.03971,0.03231,0.18480
0.06122,0.02409,0.03284,0.13518,0.01982,0.03233,0.19588,0.28950,0.03766,0.11567,0.01853,0.03729
0.07592,0.03797,0.04668,0.17751,0.02422,0.04023,0.17936,0.05198,0.02606,0.24338,0.03139,0.06529
0.18485,0.07635,0.03759,0.05413,0.02533,0.05173,0.07778,0.27993,0.10010,0.04718,0.03940,0.02564
0.11397,0.04625,0.03530,0.13630,0.04868,0.16832,0.14690,0.04558,0.01568,0.17778,0.03114,0.03408
0.25691,0.02290,0.21726,0.10454,0.03682,0.10987,0.09752,0.03073,0.01207,0.03736,0.04692,0.02711
0.05028,0.03035,0.07918,0.39170,0.02542,0.01362,0.10215,0.04115,0.08516,0.04248,0.03783,0.10068
0.07419,0.01838,0.22101,0.30021,0.01416,0.04156,0.06545,0.12977,0.07694,0.03371,0.01306,0.01156
0.15640,0.03992,0.06054,0.12894,0.08239,0.02981,0.09105,0.06441,0.07251,0.05543,0.11001,0.10858
0.04502,0.02086,0.15168,0.22507,0.01337,0.04163,0.36696,0.05432,0.01366,0.04940,0.00887,0.00918
0.05828,0.05814,0.07852,0.17603,0.03460,0.01978,0.29679,0.04945,0.02801,0.03827,0.06148,0.10065
0.15790,0.07861,0.03147,0.15811,0.01902,0.02940,0.16202,0.04275,0.02267,0.06885,0.01869,0.21052
0.04800,0.01476,0.05198,0.08036,0.01676,0.03068,0.28695,0.03158,0.01770,0.39139,0.01308,0.01675
0.08389,0.02095,0.11301,0.30971,0.01227,0.03529,0.19081,0.03244,0.02567,0.15505,0.00978,0.01114
0.19950,0.04520,0.10789,0.22536,0.01638,0.01683,0.24281,0.03864,0.02819,0.04651,0.01485,0.01784
0.10374,0.04632,0.04943,0.10742,0.08969,0.03577,0.16755,0.04720,0.01707,0.05661,0.16384,0.11535
0.32170,0.02036,0.03099,0.12627,0.02313,0.01930,0.18577,0.02648,0.03583,0.13146,0.03327,0.04545
0.19384,0.07283,0.03636,0.04387,0.03114,0.16506,0.11596,0.07397,0.02134,0.11083,0.03552,0.09926
0.10185,0.03281,0.09410,0.12758,0.02836,0.27288,0.12554,0.03428,0.02043,0.10609,0.02765,0.02842
0.08752,0.03022,0.08436,0.32269,0.01387,0.03663,0.13406,0.05225,0.14202,0.06552,0.01244,0.01843
0.06547,0.02918,0.10346,0.24213,0.03969,0.02777,0.18994,0.05727,0.04845,0.06793,0.05927,0.06943
0.12200,0.02096,0.02302,0.20136,0.02219,0.03604,0.08639,0.32528,0.02192,0.04553,0.03340,0.06192
0.11327,0.03966,0.03571,0.32976,0.02998,0.05881,0.13539,0.06252,0.01934,0.11790,0.02558,0.03207
0.23756,0.05998,0.02701,0.19322,0.02539,0.05536,0.16535,0.08561,0.01930,0.07494,0.02228,0.03400
0.05775,0.02151,0.04149,0.33205,0.01546,0.07103,0.23483,0.06278,0.01420,0.13129,0.00924,0.00837
0.17781,0.05785,0.06968,0.14309,0.01360,0.26633,0.07611,0.07684,0.01902,0.03527,0.02158,0.04282
0.10172,0.06510,0.05172,0.35762,0.02571,0.08729,0.09534,0.03066,0.01919,0.12956,0.01890,0.01719
0.18799,0.03251,0.06175,0.34442,0.02144,0.03179,0.10303,0.07311,0.03078,0.06087,0.02691,0.02541
0.11773,0.04111,0.05485,0.20469,0.04271,0.04814,0.13587,0.05334,0.03037,0.08678,0.08021,0.10421
0.07570,0.03417,0.13968,0.26163,0.03759,0.03493,0.12481,0.05860,0.02056,0.02871,0.04212,0.14150
0.10510,0.03963,0.12469,0.16623,0.04307,0.04967,0.08311,0.23166,0.04664,0.03510,0.03449,0.04060
0.23388,0.03075,0.13703,0.12150,0.01491,0.03249,0.22950,0.10796,0.02192,0.04348,0.01402,0.01256
0.14051,0.03175,0.11021,0.14478,0.01957,0.04732,0.06887,0.10283,0.16357,0.05463,0.02914,0.08683
0.09438,0.01571,0.04118,0.17876,0.03024,0.06682,0.14307,0.23801,0.02956,0.06905,0.03371,0.05950
0.18079,0.08816,0.02659,0.13790,0.03910,0.02022,0.20722,0.02992,0.01379,0.11858,0.04026,0.09749
0.04376,0.01934,0.09800,0.19689,0.01129,0.05499,0.37303,0.02818,0.04017,0.11372,0.00991,0.01072
0.46525,0.01125,0.15655,0.04536,0.01485,0.01247,0.20929,0.02086,0.01158,0.03174,0.01222,0.00860
0.07321,0.03656,0.04409,0.07521,0.05612,0.03897,0.36390,0.05900,0.01779,0.15937,0.03402,0.04177
0.16017,0.02524,0.02616,0.16567,0.01416,0.06925,0.06062,0.19571,0.17372,0.07424,0.01574,0.01931
0.09515,0.04683,0.05750,0.21793,0.04066,0.04424,0.12580,0.17053,0.01955,0.06394,0.06186,0.05602
0.09021,0.02304,0.17125,0.12266,0.02740,0.02053,0.29260,0.03899,0.04341,0.11322,0.02879,0.02790
0.04227,0.02180,0.03454,0.28514,0.01804,0.02572,0.18879,0.02765,0.03679,0.27554,0.02235,0.02137
0.09390,0.04338,0.03824,0.05715,0.04736,0.10194,0.34930,0.05315,0.01675,0.08971,0.05868,0.05043
0.11731,0.05573,0.07136,0.46078,0.03446,0.03118,0.04338,0.05233,0.02554,0.02733,0.03710,0.04350
0.09673,0.02070,0.06506,0.29388,0.01993,0.03244,0.15843,0.15188,0.05501,0.04813,0.02576,0.03205
0.21265,0.03364,0.03421,0.13610,0.03514,0.02541,0.16882,0.07230,0.03791,0.15373,0.03242,0.05768
0.14774,0.05281,0.05389,0.08859,0.02115,0.23835,0.14281,0.12665,0.03210,0.06975,0.01440,0.01177
0.21266,0.07679,0.15670,0.14113,0.01725,0.02821,0.11905,0.03070,0.07921,0.10702,0.01565,0.01562
0.04450,0.02334,0.02545,0.22698,0.06021,0.01429,0.18834,0.02506,0.03625,0.17835,0.06630,0.11093
0.09488,0.06064,0.02850,0.07915,0.08915,0.01950,0.22337,0.09998,0.14493,0.05862,0.06705,0.03422
0.18711,0.01508,0.19576,0.07749,0.01900,0.01606,0.35218,0.02489,0.02951,0.03821,0.01819,0.02653
0.25746,0.01385,0.19452,0.05566,0.05568,0.07197,0.08673,0.12560,0.03053,0.05464,0.03648,0.01688
0.06908,0.09041,0.05920,0.19177,0.02490,0.03308,0.26042,0.05120,0.04094,0.13184,0.02415,0.02300
0.12355,0.08431,0.02302,0.15431,0.04976,0.02824,0.09968,0.08812,0.04914,0.17866,0.04611,0.07511
0.22064,0.05155,0.12457,0.07049,0.04970,0.08331,0.16110,0.06944,0.03262,0.09388,0.02476,0.01795
0.11766,0.04523,0.12800,0.13288,0.02382,0.06990,0.23804,0.02497,0.01355,0.06732,0.03054,0.10809
0.18626,0.05974,0.04915,0.21784,0.02566,0.03906,0.06855,0.12537,0.03028,0.03295,0.04756,0.11759
0.27236,0.00923,0.04846,0.10839,0.02980,0.06866,0.15434,0.13061,0.01593,0.03724,0.03970,0.08528
0.14650,0.03275,0.11205,0.35058,0.01399,0.07270,0.17272,0.02752,0.01122,0.03903,0.01070,0.01025
0.05281,0.02037,0.03276,0.19137,0.03444,0.04456,0.30324,0.07067,0.01379,0.16767,0.03801,0.03032
0.08338,0.02512,0.08394,0.31218,0.01699,0.13330,0.18167,0.08138,0.01547,0.03681,0.01363,0.01613
0.09768,0.02760,0.25511,0.26178,0.01814,0.02883,0.10566,0.03676,0.03469,0.05262,0.02194,0.05919
0.05723,0.02536,0.03674,0.35537,0.01042,0.03490,0.07228,0.29176,0.04768,0.04275,0.01081,0.01469
0.06018,0.01590,0.08843,0.40859,0.02380,0.02097,0.20508,0.03886,0.03280,0.05640,0.02121,0.02778
0.04387,0.02089,0.13935,0.18124,0.02152,0.02201,0.29136,0.04483,0.07845,0.11903,0.01683,0.02063
0.13160,0.04591,0.21842,0.22384,0.01788,0.02631,0.20029,0.02573,0.01748,0.04290,0.01978,0.02987
0.09953,0.09243,0.14851,0.15775,0.08657,0.04010,0.07690,0.06206,0.07228,0.04028,0.10009,0.02349
0.21491,0.02188,0.07463,0.29111,0.02458,0.01800,0.20389,0.02808,0.01371,0.02348,0.03241,0.05332
