0.06186,0.04422,0.12359,0.16346,0.02624,0.13091,0.03638,0.06922,0.03625,0.04576,0.16043,0.00664,0.06230,0.03273
0.06417,0.10737,0.07868,0.07951,0.07407,0.17016,0.10780,0.07137,0.15132,0.02356,0.01351,0.01722,0.01913,0.02212
0.14853,0.11883,0.07025,0.07999,0.01872,0.09670,0.04598,0.14695,0.07167,0.01991,0.03988,0.01673,0.09638,0.02949
0.05718,0.04175,0.03616,0.06783,0.22591,0.09243,0.22573,0.05418,0.04395,0.04309,0.01798,0.01820,0.02129,0.05432
0.30575,0.03631,0.01382,0.04509,0.03040,0.02668,0.03092,0.31712,0.01566,0.03495,0.03225,0.05910,0.01602,0.03593
0.12662,0.04336,0.13238,0.06650,0.05634,0.15629,0.03840,0.13260,0.06732,0.02928,0.04173,0.01078,0.06704,0.03137
0.10545,0.01549,0.02501,0.01885,0.01976,0.03278,0.01989,0.10733,0.16571,0.22861,0.20549,0.01896,0.01027,0.02640
0.10098,0.03538,0.03620,0.05365,0.25902,0.04480,0.26971,0.08918,0.01540,0.01898,0.03077,0.00681,0.00908,0.03005
0.02288,0.03115,0.01343,0.14852,0.27191,0.09044,0.28266,0.02707,0.01269,0.01481,0.04474,0.00928,0.01426,0.01616
0.04588,0.01835,0.03595,0.03079,0.27103,0.03406,0.27328,0.04439,0.03010,0.05641,0.01965,0.05019,0.01712,0.07280
0.04339,0.01439,0.02562,0.03211,0.09346,0.03651,0.10264,0.04497,0.18241,0.17150,0.16793,0.04839,0.01534,0.02136
0.20714,0.03044,0.03363,0.10580,0.03581,0.09349,0.01914,0.22205,0.07396,0.02266,0.02885,0.05765,0.02877,0.04063
0.05650,0.03305,0.02187,0.03041,0.03932,0.02363,0.06742,0.05437,0.26945,0.17479,0.17351,0.02035,0.01507,0.02027
0.06995,0.11329,0.01266,0.15399,0.03655,0.19758,0.08623,0.07212,0.06918,0.06231,0.05111,0.01245,0.03776,0.02482
0.07974,0.03736,0.10809,0.10173,0.09005,0.15658,0.04194,0.07548,0.01861,0.04370,0.06211,0.05791,0.08249,0.04421
0.03526,0.03303,0.10764,0.09776,0.01971,0.11441,0.02782,0.03564,0.00963,0.21148,0.13977,0.02207,0.01193,0.13381
0.17703,0.03440,0.14116,0.03195,0.05284,0.03904,0.04350,0.18899,0.06693,0.01120,0.01396,0.00858,0.02059,0.16982
0.07750,0.17066,0.03964,0.03938,0.15662,0.08764,0.19753,0.07739,0.02799,0.02201,0.01644,0.00898,0.04266,0.03556
0.07294,0.03155,0.04531,0.29022,0.02546,0.29280,0.03143,0.06660,0.03102,0.02622,0.03915,0.00984,0.01585,0.02162
0.30406,0.02601,0.01186,0.11098,0.02367,0.10533,0.03223,0.28885,0.01236,0.01712,0.02469,0.01158,0.02010,0.01116
0.26976,0.02740,0.01372,0.02264,0.08310,0.02401,0.08314,0.25374,0.03290,0.03681,0.03368,0.07979,0.02767,0.01162
0.04901,0.05580,0.02500,0.01920,0.02561,0.03371,0.03412,0.04844,0.34247,0.07443,0.06140,0.11430,0.07974,0.03675
0.05407,0.02527,0.10094,0.05530,0.05634,0.03966,0.02447,0.06118,0.09844,0.15731,0.15828,0.01376,0.04829,0.10669
0.20610,0.02159,0.01488,0.18985,0.05178,0.15262,0.03790,0.19189,0.01128,0.01485,0.03676,0.02389,0.02733,0.01928
0.08968,0.07885,0.01290,0.19963,0.03567,0.23030,0.06697,0.08884,0.12452,0.01251,0.01459,0.00857,0.02176,0.01522
0.05392,0.02665,0.05589,0.06468,0.06895,0.02580,0.08845,0.05383,0.21073,0.13761,0.12608,0.00893,0.01118,0.06729
0.07552,0.02601,0.01368,0.01653,0.02584,0.01892,0.02773,0.07837,0.57159,0.04841,0.01900,0.01547,0.02219,0.04074
0.08349,0.03441,0.01215,0.03729,0.24560,0.04472,0.21564,0.07315,0.10634,0.02554,0.01327,0.01725,0.06504,0.02611
0.07328,0.02360,0.05307,0.16589,0.08382,0.07342,0.06822,0.07269,0.06706,0.04779,0.16185,0.03596,0.04835,0.02499
0.04342,0.01053,0.01385,0.05388,0.27032,0.02694,0.28202,0.04160,0.01427,0.09995,0.10350,0.00793,0.00894,0.02286
0.04502,0.04686,0.22537,0.11258,0.02487,0.28166,0.02722,0.04035,0.02036,0.04090,0.03043,0.02725,0.01533,0.06180
0.04394,0.04568,0.08711,0.02739,0.19886,0.04452,0.22853,0.04130,0.01371,0.09201,0.01286,0.01604,0.01612,0.13193
0.15371,0.01474,0.01920,0.02022,0.17854,0.02333,0.17711,0.15303,0.03086,0.08947,0.00960,0.00863,0.00740,0.11415
0.03035,0.01695,0.05595,0.11839,0.25198,0.08197,0.27864,0.02874,0.01760,0.01471,0.06815,0.01005,0.01380,0.01273
0.28149,0.05389,0.01256,0.01807,0.04249,0.01668,0.07613,0.27171,0.04283,0.06525,0.01579,0.01333,0.01979,0.06999
0.33880,0.01337,0.02003,0.06839,0.03688,0.02297,0.03771,0.32585,0.02108,0.01684,0.05042,0.01486,0.00988,0.02291
0.17886,0.04614,0.08716,0.08257,0.04562,0.09548,0.05712,0.18564,0.08801,0.01681,0.04967,0.01170,0.03025,0.02497
0.03780,0.03633,0.01795,0.02934,0.33766,0.03527,0.35135,0.03443,0.03399,0.01839,0.01678,0.01032,0.02303,0.01737
0.03836,0.06092,0.16392,0.07346,0.02177,0.18694,0.04333,0.03482,0.08495,0.05617,0.07429,0.05088,0.09006,0.02015
0.15850,0.01817,0.13652,0.02688,0.09445,0.13807,0.09154,0.15451,0.02575,0.04335,0.03590,0.00852,0.01576,0.05208
0.15936,0.05883,0.01905,0.17001,0.03202,0.17261,0.04444,0.15162,0.01984,0.02134,0.02241,0.07391,0.02949,0.02506
0.13558,0.20191,0.02630,0.05128,0.02652,0.08392,0.14746,0.14376,0.02714,0.04241,0.03958,0.01516,0.02709,0.03189
0.03722,0.04842,0.07099,0.02301,0.24995,0.02374,0.23458,0.04177,0.04231,0.03289,0.01222,0.01769,0.05426,0.11094
0.19103,0.05570,0.04197,0.04174,0.04701,0.05681,0.08799,0.18540,0.02599,0.09363,0.02979,0.02735,0.02359,0.09201
0.04026,0.01975,0.02239,0.02407,0.25153,0.03518,0.24309,0.03547,0.05287,0.10114,0.01110,0.02310,0.02391,0.11613
0.10269,0.05140,0.02256,0.03357,0.03176,0.03249,0.02507,0.10863,0.06043,0.05414,0.01328,0.36153,0.04170,0.06073
0.11639,0.03914,0.04903,0.04572,0.03672,0.08636,0.01925,0.10787,0.24103,0.09483,0.07644,0.02122,0.03723,0.02877
0.04981,0.01450,0.02427,0.05867,0.21568,0.02967,0.20998,0.05130,0.04961,0.09066,0.04586,0.03628,0.03197,0.09175
0.03559,0.01186,0.11037,0.03021,0.01999,0.02521,0.01893,0.03002,0.03771,0.27595,0.23066,0.03329,0.01279,0.12741
0.13485,0.03034,0.02088,0.21514,0.03938,0.23523,0.01801,0.13154,0.07859,0.01458,0.02096,0.01197,0.02744,0.02109
0.15039,0.09424,0.01290,0.16765,0.02138,0.20312,0.05978,0.14611,0.05638,0.01307,0.01166,0.01496,0.03183,0.01650
0.22454,0.07065,0.04428,0.06553,0.04424,0.08283,0.05388,0.23032,0.01956,0.03981,0.03133,0.02788,0.01699,0.04815
0.05394,0.02143,0.01566,0.02725,0.20800,0.03359,0.21298,0.04817,0.02343,0.13365,0.07812,0.06085,0.02223,0.06070
0.21585,0.05877,0.02512,0.03837,0.10783,0.05166,0.10139,0.22206,0.03187,0.02971,0.01376,0.02495,0.02937,0.04930
0.04079,0.01157,0.04459,0.03365,0.09530,0.04577,0.08321,0.03901,0.02138,0.16302,0.05535,0.23418,0.03443,0.09774
0.29437,0.02310,0.00836,0.01882,0.07361,0.02096,0.07940,0.29008,0.02018,0.05318,0.01862,0.02749,0.01705,0.05476
0.06059,0.04379,0.02504,0.05937,0.09108,0.04897,0.03228,0.06884,0.04886,0.03004,0.02520,0.34064,0.08877,0.03652
0.03529,0.01577,0.02462,0.03941,0.15964,0.03763,0.03081,0.03854,0.01425,0.14335,0.02529,0.14876,0.16228,0.12437
0.13973,0.08724,0.04561,0.06302,0.08556,0.07420,0.02464,0.17332,0.01958,0.04490,0.01951,0.04411,0.10802,0.07057
0.08400,0.04233,0.01852,0.07476,0.09945,0.09014,0.07755,0.08797,0.02083,0.15208,0.01820,0.02134,0.04795,0.16489
0.04016,0.02107,0.04705,0.03475,0.32284,0.05842,0.31443,0.04180,0.02730,0.02088,0.01246,0.01098,0.02194,0.02593
0.03685,0.02398,0.03034,0.07423,0.02603,0.06862,0.02564,0.03950,0.12628,0.03986,0.02620,0.41311,0.02251,0.04684
0.11375,0.02468,0.06397,0.16611,0.05507,0.21705,0.06052,0.10937,0.04039,0.03411,0.03439,0.05555,0.01068,0.01437
0.16986,0.03070,0.01940,0.03652,0.18210,0.04859,0.18524,0.16663,0.04425,0.02314,0.01525,0.03012,0.02162,0.02657
0.20185,0.03102,0.07107,0.02732,0.08331,0.02588,0.08162,0.21016,0.03908,0.03647,0.02920,0.01792,0.03299,0.11212
0.04987,0.01038,0.02136,0.04519,0.02172,0.02014,0.02562,0.05666,0.16499,0.25342,0.04750,0.00885,0.01494,0.25935
0.12473,0.03092,0.02269,0.10775,0.06109,0.10145,0.05635,0.12791,0.01434,0.14029,0.04931,0.03007,0.01792,0.11518
0.06774,0.02611,0.05095,0.11454,0.06935,0.07367,0.06952,0.06691,0.05758,0.10932,0.12309,0.06971,0.03749,0.06400
0.14908,0.02489,0.01011,0.06637,0.20861,0.02795,0.22288,0.14745,0.01660,0.01936,0.04607,0.02347,0.01868,0.01847
0.08073,0.08169,0.03330,0.02337,0.21294,0.02239,0.21137,0.07678,0.02829,0.02319,0.01250,0.05077,0.08995,0.05273
0.11231,0.02530,0.06053,0.22221,0.02437,0.07549,0.02831,0.10614,0.02657,0.05257,0.19829,0.02061,0.01686,0.03044
0.04526,0.26868,0.03533,0.07053,0.03157,0.13159,0.23028,0.05372,0.02679,0.01610,0.01397,0.00919,0.02692,0.04006
0.08582,0.03710,0.03840,0.03279,0.02633,0.05670,0.02852,0.08603,0.25077,0.15373,0.13928,0.01430,0.02433,0.02589
0.07226,0.03287,0.10990,0.09547,0.04169,0.12576,0.04106,0.06445,0.12513,0.04891,0.08204,0.09239,0.04443,0.02364
0.05550,0.01843,0.18356,0.05873,0.10051,0.21383,0.09857,0.05268,0.05885,0.05229,0.05573,0.00991,0.02195,0.01946
0.04668,0.02184,0.08406,0.06155,0.02867,0.01824,0.03005,0.04868,0.07302,0.20871,0.07071,0.03256,0.01361,0.26162
0.05837,0.02686,0.02932,0.01603,0.13276,0.04475,0.03945,0.06415,0.12168,0.05069,0.01398,0.23661,0.13137,0.03399
0.07643,0.03120,0.04029,0.05906,0.12905,0.07123,0.08633,0.07059,0.04297,0.08962,0.03145,0.11374,0.08013,0.07789
0.19629,0.03111,0.16207,0.05054,0.02460,0.17331,0.03349,0.18935,0.02240,0.02147,0.02808,0.01434,0.02460,0.02835
0.06886,0.02114,0.02473,0.02195,0.07222,0.03411,0.01980,0.06805,0.17723,0.19032,0.18184,0.02560,0.06518,0.02897
0.08072,0.01312,0.01069,0.01299,0.16693,0.01306,0.06568,0.07834,0.03933,0.17880,0.01069,0.01138,0.11674,0.20152
0.08483,0.03102,0.09284,0.01442,0.14900,0.07578,0.14417,0.08038,0.02116,0.07446,0.03038,0.07699,0.04132,0.08326
0.11696,0.01985,0.01796,0.03144,0.27786,0.03644,0.27817,0.10098,0.01346,0.01973,0.01602,0.03744,0.01513,0.01857
0.10089,0.06808,0.04014,0.04314,0.18174,0.04315,0.22507,0.08171,0.03014,0.04238,0.04165,0.01326,0.06598,0.02266
0.05289,0.01679,0.01504,0.03108,0.29810,0.02976,0.30265,0.04803,0.00968,0.06373,0.01102,0.04446,0.01093,0.06585
0.02670,0.05818,0.15972,0.14439,0.01266,0.27308,0.04435,0.02551,0.02309,0.02980,0.02894,0.08552,0.05817,0.02989
0.08083,0.04706,0.04289,0.02247,0.24489,0.04518,0.24256,0.07558,0.02198,0.02926,0.02281,0.03228,0.05542,0.03678
0.04998,0.01166,0.02008,0.30928,0.04812,0.02446,0.05233,0.04533,0.01880,0.04193,0.29047,0.03054,0.01134,0.04568
0.10454,0.05388,0.01683,0.06083,0.03768,0.05465,0.03112,0.11768,0.01089,0.20859,0.04532,0.02139,0.03758,0.19903
0.03022,0.14634,0.03992,0.22704,0.03239,0.29361,0.11226,0.02687,0.03542,0.01488,0.01454,0.00572,0.01000,0.01079
0.05459,0.02967,0.05039,0.06311,0.02113,0.04249,0.02662,0.05420,0.02796,0.15664,0.07186,0.26549,0.02701,0.10882
0.13683,0.02062,0.03268,0.19968,0.06522,0.20513,0.06083,0.12547,0.02532,0.02599,0.01930,0.02663,0.01685,0.03945
0.05270,0.02107,0.02492,0.03124,0.24327,0.03579,0.25145,0.04622,0.05255,0.07356,0.02604,0.06311,0.01795,0.06012
0.07663,0.02549,0.02244,0.02996,0.18389,0.03099,0.20457,0.07942,0.03721,0.05812,0.02091,0.16768,0.01693,0.04576
0.13554,0.03033,0.22576,0.02579,0.02062,0.02571,0.02758,0.16015,0.03915,0.02054,0.02353,0.00655,0.01290,0.24585
0.01841,0.01514,0.22196,0.02912,0.07591,0.02732,0.06520,0.01594,0.01926,0.07954,0.01167,0.13766,0.02447,0.25839
0.03218,0.02712,0.01627,0.03056,0.03343,0.03304,0.02070,0.02867,0.28741,0.22147,0.19949,0.00615,0.02633,0.03717
0.04141,0.10802,0.25565,0.02067,0.02056,0.29248,0.07227,0.04649,0.02608,0.02378,0.01420,0.01814,0.04067,0.01958
0.04874,0.02888,0.06477,0.04505,0.03500,0.10157,0.04138,0.04974,0.05455,0.21786,0.18214,0.06531,0.01993,0.04510
0.04455,0.02937,0.16715,0.04096,0.01890,0.06334,0.02566,0.04583,0.05814,0.17015,0.15570,0.01808,0.00865,0.15353
0.07624,0.15333,0.04638,0.04498,0.07410,0.04660,0.07780,0.09792,0.03505,0.02725,0.02558,0.01414,0.20559,0.07505
0.07286,0.03730,0.04066,0.18390,0.04869,0.18522,0.02380,0.06857,0.16142,0.03226,0.04115,0.01343,0.03979,0.05094
0.15585,0.01795,0.01793,0.04875,0.05333,0.04149,0.05066,0.15807,0.22282,0.08584,0.08565,0.02045,0.02507,0.01615
0.33000,0.02109,0.00854,0.02531,0.02590,0.02987,0.02665,0.32759,0.10878,0.02696,0.01487,0.01203,0.01451,0.02789
0.06336,0.01451,0.01788,0.02006,0.02810,0.02536,0.03422,0.07139,0.02456,0.13988,0.01235,0.43023,0.01342,0.10467
0.18210,0.01368,0.00662,0.01621,0.21233,0.01417,0.20198,0.17437,0.05362,0.01530,0.01127,0.04098,0.03893,0.01843
0.12033,0.03472,0.03032,0.04349,0.03741,0.05552,0.04122,0.13523,0.02209,0.20159,0.01325,0.03295,0.01449,0.21741
0.11602,0.01101,0.02339,0.03372,0.05643,0.02616,0.04929,0.12221,0.13398,0.16253,0.16895,0.03681,0.02470,0.03480
0.16312,0.02004,0.04305,0.03548,0.13795,0.04042,0.14565,0.16841,0.08694,0.03544,0.03078,0.01399,0.01430,0.06444
0.05711,0.01346,0.02089,0.03795,0.25380,0.04474,0.03209,0.06048,0.02610,0.07284,0.01414,0.03918,0.24215,0.08507
0.03715,0.05726,0.02643,0.27716,0.02485,0.29789,0.03387,0.03417,0.02466,0.06352,0.01762,0.01766,0.02284,0.06492
0.03423,0.03634,0.04307,0.04206,0.03473,0.05385,0.05438,0.03126,0.39961,0.09218,0.07509,0.03415,0.02334,0.04570
0.09712,0.01612,0.01198,0.01982,0.02239,0.01977,0.02896,0.10793,0.07714,0.25279,0.20373,0.07845,0.01368,0.05013
0.07348,0.03911,0.03118,0.09625,0.23965,0.08283,0.25770,0.06877,0.01012,0.01850,0.03834,0.01058,0.01117,0.02233
0.05527,0.01599,0.25644,0.10615,0.03736,0.27788,0.03521,0.05301,0.00763,0.02681,0.05301,0.02102,0.01269,0.04152
0.10005,0.02803,0.02488,0.02649,0.02442,0.03649,0.03235,0.09159,0.20023,0.20057,0.17635,0.01203,0.01294,0.03359
0.07412,0.02029,0.07566,0.02158,0.03694,0.02586,0.03826,0.08606,0.19329,0.15933,0.09893,0.02286,0.01788,0.12894
0.22157,0.04277,0.06394,0.09825,0.02577,0.08496,0.04566,0.20823,0.02299,0.02047,0.06338,0.04552,0.03897,0.01752
0.11331,0.00857,0.01865,0.02247,0.29846,0.02002,0.28978,0.10672,0.02286,0.02646,0.02396,0.00703,0.01562,0.02607
0.07256,0.02724,0.18220,0.14284,0.04314,0.22977,0.05424,0.07712,0.01622,0.01830,0.07734,0.02151,0.01504,0.02248
0.07142,0.01818,0.02135,0.02567,0.06048,0.02432,0.05462,0.07358,0.02006,0.02364,0.01587,0.52905,0.04604,0.01573
0.08911,0.02228,0.01210,0.19786,0.02065,0.02300,0.01219,0.08625,0.09728,0.05861,0.20286,0.09875,0.03336,0.04570
0.24622,0.06614,0.10512,0.02732,0.03001,0.04376,0.02679,0.27552,0.01023,0.01472,0.02162,0.01381,0.02327,0.09549
0.21328,0.09073,0.03896,0.09146,0.03675,0.08897,0.02350,0.25898,0.02310,0.02224,0.02454,0.02360,0.02319,0.04068
0.26053,0.05083,0.02917,0.05120,0.05730,0.05293,0.06945,0.27142,0.03036,0.03344,0.02654,0.01961,0.01837,0.02885
0.05103,0.08380,0.07913,0.23207,0.02472,0.28646,0.04971,0.04502,0.01299,0.02142,0.01426,0.02514,0.04204,0.03220
0.02812,0.01623,0.01464,0.04420,0.06757,0.02957,0.04236,0.02974,0.08064,0.27492,0.27939,0.01934,0.05505,0.01823
0.06081,0.03639,0.01928,0.01857,0.07657,0.03021,0.03557,0.06474,0.10176,0.11835,0.01453,0.23469,0.08210,0.10645
0.19006,0.03385,0.01997,0.07277,0.12885,0.06985,0.12897,0.18189,0.04529,0.03164,0.02563,0.01658,0.01783,0.03681
0.24426,0.05296,0.02317,0.07220,0.04170,0.08078,0.03959,0.23335,0.03563,0.03860,0.03952,0.03005,0.04184,0.02633
0.10685,0.03412,0.06714,0.04260,0.22958,0.04128,0.23913,0.09274,0.01236,0.02503,0.02591,0.01908,0.01752,0.04667
0.04373,0.04711,0.19992,0.03621,0.05302,0.20429,0.05635,0.04567,0.09031,0.04231,0.02747,0.04664,0.05827,0.04870
0.05900,0.03709,0.01778,0.05782,0.23230,0.05593,0.22134,0.05741,0.14462,0.01432,0.01935,0.02496,0.03753,0.02056
0.05664,0.06261,0.07425,0.26083,0.02289,0.26657,0.02078,0.05253,0.03118,0.02629,0.01457,0.02106,0.02243,0.06736
0.04738,0.01861,0.02564,0.02487,0.16519,0.03052,0.01989,0.04702,0.29515,0.07446,0.04774,0.01907,0.13821,0.04624
0.15967,0.01700,0.01989,0.01814,0.18331,0.01717,0.18475,0.15337,0.01245,0.08225,0.01039,0.02273,0.01009,0.10878
0.13608,0.13534,0.06269,0.07998,0.04194,0.13757,0.08569,0.14353,0.02086,0.03412,0.01746,0.04141,0.01429,0.04902
0.04370,0.01934,0.01535,0.02678,0.29221,0.02288,0.29457,0.04237,0.05468,0.03775,0.02477,0.06143,0.02817,0.03599
0.16160,0.01626,0.01578,0.02160,0.15385,0.02870,0.06510,0.15122,0.14790,0.03424,0.03323,0.02776,0.13004,0.01272
0.04916,0.14293,0.02458,0.02141,0.02455,0.03492,0.15692,0.03280,0.04715,0.12446,0.11681,0.02558,0.17676,0.02199
0.17318,0.05916,0.04370,0.05756,0.06012,0.07519,0.06212,0.17352,0.03097,0.03919,0.03183,0.06776,0.09368,0.03203
0.12079,0.02628,0.01149,0.21707,0.07444,0.21299,0.07772,0.10976,0.05609,0.02475,0.02585,0.00818,0.00905,0.02553
0.10664,0.02959,0.16224,0.14572,0.03115,0.18316,0.03570,0.10096,0.01616,0.02728,0.09526,0.01056,0.01283,0.04274
0.06556,0.01775,0.02001,0.02356,0.03907,0.02358,0.02290,0.05494,0.35648,0.16215,0.15009,0.00895,0.02800,0.02695
0.01977,0.07487,0.23866,0.02978,0.01782,0.22017,0.03722,0.01933,0.02020,0.02052,0.02201,0.11115,0.14250,0.02600
0.07730,0.02847,0.05279,0.04917,0.04125,0.07255,0.03330,0.07424,0.09969,0.20241,0.19697,0.01406,0.03782,0.01999
0.07760,0.01779,0.05356,0.27419,0.04202,0.06897,0.05849,0.07064,0.02161,0.02090,0.25744,0.01134,0.01107,0.01438
0.12102,0.03473,0.07267,0.02613,0.04899,0.02491,0.04884,0.13139,0.23308,0.03038,0.01778,0.05924,0.03691,0.11394
0.03131,0.01254,0.08536,0.03945,0.25634,0.02798,0.25031,0.02887,0.04707,0.03303,0.02364,0.03511,0.02579,0.10318
0.11534,0.07043,0.01168,0.01845,0.02919,0.01913,0.11141,0.08749,0.01446,0.19338,0.18825,0.01596,0.11285,0.01198
0.05524,0.05754,0.05459,0.25713,0.03616,0.28246,0.04959,0.05540,0.01757,0.02637,0.02590,0.01272,0.02039,0.04895
0.12022,0.04495,0.05166,0.01829,0.17650,0.02683,0.22142,0.10763,0.03411,0.04607,0.04444,0.01424,0.03132,0.06230
0.05061,0.04146,0.03708,0.03479,0.02439,0.04692,0.02204,0.03997,0.02261,0.30805,0.29157,0.02170,0.02200,0.03681
0.02054,0.01275,0.05888,0.05281,0.30192,0.06330,0.30236,0.02160,0.05336,0.01048,0.01158,0.00827,0.01441,0.06773
0.12616,0.02107,0.02491,0.02632,0.02470,0.02218,0.03165,0.13452,0.31382,0.06319,0.03441,0.10958,0.01476,0.05272
0.12421,0.02795,0.16472,0.01707,0.04073,0.02506,0.03351,0.13981,0.14611,0.02203,0.00968,0.03450,0.02331,0.19130
0.15180,0.07757,0.06017,0.05049,0.08581,0.05741,0.10134,0.14032,0.03973,0.02202,0.01550,0.07980,0.05031,0.06771
0.17318,0.09288,0.03798,0.06800,0.03657,0.10740,0.06350,0.16483,0.10105,0.02698,0.03076,0.03103,0.05229,0.01355
0.04907,0.01912,0.05312,0.12312,0.20007,0.10492,0.19629,0.05274,0.01890,0.03001,0.02648,0.01749,0.02089,0.08779
0.33890,0.02163,0.00829,0.04557,0.04007,0.01556,0.05457,0.33195,0.03254,0.02488,0.03503,0.02057,0.01062,0.01983
0.02179,0.02217,0.02343,0.02779,0.05613,0.01911,0.06244,0.02306,0.19295,0.22180,0.02376,0.04884,0.02267,0.23406
0.09559,0.01633,0.01358,0.02061,0.27602,0.01953,0.26929,0.09042,0.01990,0.04738,0.01705,0.04558,0.02704,0.04169
0.07008,0.05311,0.01687,0.04866,0.04444,0.03043,0.05161,0.06412,0.02960,0.21872,0.18877,0.05697,0.08163,0.04499
0.18690,0.04015,0.04194,0.08234,0.06880,0.06810,0.05950,0.20012,0.03598,0.03012,0.03302,0.06392,0.02952,0.05959
0.04156,0.03188,0.23242,0.10266,0.04734,0.25595,0.05198,0.03998,0.03047,0.02261,0.06957,0.01724,0.01589,0.04045
0.13560,0.04542,0.03260,0.19817,0.04135,0.20203,0.05193,0.12905,0.05548,0.01513,0.01939,0.02086,0.01744,0.03555
0.06995,0.03882,0.06243,0.25515,0.05277,0.28147,0.03694,0.06017,0.01282,0.02665,0.02121,0.01666,0.02849,0.03647
0.19113,0.13964,0.07679,0.04389,0.02428,0.06798,0.02644,0.25319,0.01719,0.02923,0.02890,0.02061,0.02017,0.06057
0.18405,0.13386,0.03234,0.05933,0.05162,0.05932,0.04706,0.17479,0.04599,0.01646,0.01057,0.02553,0.11141,0.04767
0.20655,0.01391,0.01438,0.01689,0.04184,0.02433,0.02952,0.20455,0.28930,0.05354,0.04909,0.01551,0.02200,0.01860
0.14156,0.01552,0.02383,0.05168,0.04645,0.05316,0.04560,0.13309,0.07768,0.18364,0.19151,0.01018,0.01274,0.01335
0.04007,0.02732,0.01658,0.06676,0.03352,0.06599,0.03735,0.03819,0.39805,0.11980,0.10345,0.00861,0.01844,0.02588
0.21830,0.02297,0.09221,0.02708,0.04077,0.04742,0.01340,0.25630,0.04846,0.04411,0.04192,0.00571,0.02409,0.11726
0.15524,0.01754,0.09400,0.12508,0.04015,0.04914,0.03730,0.15477,0.07992,0.02868,0.07716,0.01334,0.02491,0.10275
0.17577,0.03737,0.02008,0.04118,0.02748,0.02485,0.04580,0.16529,0.11770,0.12943,0.13781,0.02101,0.02937,0.02686
0.09625,0.06154,0.16723,0.11386,0.03048,0.19866,0.03345,0.09507,0.02133,0.01803,0.06330,0.01412,0.06672,0.01994
0.17344,0.11519,0.03403,0.05103,0.04363,0.06539,0.10528,0.16165,0.11149,0.01883,0.01667,0.02204,0.03355,0.04779
0.05623,0.04865,0.17632,0.08715,0.08052,0.05666,0.08971,0.05760,0.02714,0.04684,0.07465,0.00932,0.01656,0.17265
0.05745,0.03722,0.02550,0.02471,0.24202,0.04385,0.21721,0.05791,0.05299,0.02734,0.02055,0.05953,0.11502,0.01870
0.09919,0.03197,0.04351,0.02784,0.04865,0.05095,0.04700,0.10249,0.02695,0.23876,0.19992,0.00807,0.00725,0.06747
0.14391,0.05507,0.04775,0.04293,0.07188,0.04561,0.09231,0.15540,0.14529,0.05578,0.04280,0.00883,0.02352,0.06892
0.09550,0.05552,0.01604,0.05224,0.04840,0.06810,0.09281,0.08491,0.13235,0.15779,0.14548,0.01818,0.01637,0.01631
0.06228,0.02793,0.05421,0.03032,0.02458,0.05951,0.02618,0.06510,0.31562,0.14639,0.12808,0.01506,0.01288,0.03184
0.07160,0.03855,0.05890,0.02917,0.20487,0.05101,0.22155,0.07844,0.02856,0.04232,0.01757,0.06168,0.03302,0.06276
0.18201,0.02491,0.02264,0.02541,0.03037,0.02210,0.02487,0.19038,0.31754,0.03998,0.01759,0.02012,0.03696,0.04510
0.06812,0.03272,0.07323,0.04967,0.02666,0.05153,0.02490,0.06532,0.10226,0.20866,0.21350,0.00966,0.02996,0.04382
0.10813,0.03415,0.04427,0.13199,0.10855,0.07916,0.03864,0.10420,0.01888,0.03024,0.09098,0.02735,0.14856,0.03490
0.06107,0.14116,0.07443,0.04652,0.07601,0.08655,0.17878,0.06062,0.09211,0.02916,0.01859,0.01529,0.03109,0.08861
0.26233,0.05544,0.02240,0.05209,0.04473,0.03131,0.05496,0.29552,0.01974,0.04592,0.03557,0.02127,0.01168,0.04704
0.16520,0.04425,0.05669,0.02853,0.03080,0.06016,0.04722,0.15600,0.24816,0.04284,0.04468,0.01235,0.02769,0.03543
0.05763,0.02174,0.04073,0.03294,0.24320,0.04563,0.25209,0.06485,0.02427,0.07079,0.05447,0.02785,0.01769,0.04613
0.04590,0.22651,0.03713,0.07593,0.02825,0.14424,0.19973,0.04969,0.07992,0.01946,0.01181,0.03471,0.02195,0.02478
0.15825,0.02868,0.11805,0.06429,0.03820,0.13483,0.04786,0.15421,0.02403,0.05822,0.04884,0.03468,0.02101,0.06884
0.06301,0.02236,0.04333,0.03787,0.18940,0.05780,0.17867,0.07164,0.05303,0.04305,0.02787,0.12375,0.04305,0.04516
0.04610,0.03172,0.08220,0.01934,0.20224,0.02247,0.20065,0.04212,0.01726,0.02923,0.01125,0.15978,0.03803,0.09761
0.16235,0.08085,0.04502,0.07732,0.04881,0.11148,0.07776,0.17284,0.07078,0.02241,0.02446,0.02544,0.05004,0.03045
0.03567,0.01684,0.26471,0.14631,0.01723,0.11117,0.01904,0.02911,0.01234,0.02568,0.09057,0.02638,0.02574,0.17921
0.15734,0.01285,0.13690,0.08748,0.07000,0.14617,0.07182,0.14798,0.05132,0.01394,0.07131,0.01051,0.01028,0.01210
0.24184,0.03940,0.04407,0.05372,0.04612,0.03629,0.04024,0.23688,0.02363,0.04616,0.04273,0.04683,0.04787,0.05422
0.07560,0.07034,0.13196,0.04526,0.13322,0.04184,0.10055,0.07300,0.01635,0.01615,0.01848,0.04020,0.09410,0.14295
0.05116,0.02891,0.02806,0.04233,0.02800,0.03864,0.03235,0.05606,0.61283,0.01594,0.01572,0.00728,0.01484,0.02788
0.08562,0.01480,0.02386,0.02003,0.20353,0.03513,0.04398,0.08434,0.01924,0.11853,0.01646,0.03293,0.17976,0.12179
0.05800,0.01779,0.03167,0.03868,0.04784,0.01945,0.05475,0.06607,0.07140,0.26027,0.05860,0.01281,0.01400,0.24868
0.10474,0.03264,0.01703,0.05057,0.24081,0.03626,0.24505,0.09456,0.04269,0.02688,0.04329,0.01607,0.02654,0.02287
0.03783,0.02974,0.03542,0.04967,0.03254,0.06676,0.04664,0.03587,0.49862,0.04119,0.03650,0.03925,0.01924,0.03073
0.03122,0.02182,0.04122,0.04122,0.08787,0.04361,0.02567,0.03086,0.03223,0.26671,0.25547,0.01452,0.06049,0.04709
0.04085,0.05829,0.08571,0.03407,0.04311,0.02895,0.06769,0.04319,0.02951,0.20437,0.02404,0.04998,0.04323,0.24700
0.05160,0.02122,0.05991,0.27512,0.03226,0.11349,0.02939,0.05388,0.02433,0.05289,0.24519,0.00717,0.01859,0.01497
0.14940,0.05868,0.06489,0.02374,0.12595,0.06186,0.04429,0.15046,0.05156,0.01650,0.01757,0.02144,0.16510,0.04854
0.10202,0.03657,0.02985,0.22321,0.05049,0.03385,0.07444,0.10140,0.04134,0.03296,0.21563,0.01322,0.01265,0.03236
0.14010,0.02541,0.02499,0.12523,0.04934,0.14293,0.05547,0.13565,0.19240,0.01550,0.01109,0.01749,0.01590,0.04850
0.21797,0.05852,0.08707,0.04142,0.01337,0.04121,0.03929,0.22861,0.04527,0.04745,0.03979,0.01309,0.01838,0.10857
0.04232,0.05260,0.04127,0.06016,0.06074,0.09164,0.08417,0.04393,0.10863,0.15580,0.02228,0.05831,0.02259,0.15556
0.07887,0.04442,0.03543,0.26730,0.03967,0.23509,0.03987,0.08251,0.04458,0.01345,0.05024,0.01532,0.03931,0.01394
0.24247,0.02803,0.01857,0.16692,0.03316,0.03224,0.03500,0.24812,0.01376,0.01148,0.12992,0.00842,0.01545,0.01646
0.20268,0.01667,0.02122,0.02686,0.06811,0.02547,0.03134,0.19709,0.03910,0.06807,0.01713,0.15405,0.05646,0.07574
0.06727,0.01726,0.04840,0.04020,0.04707,0.06448,0.04995,0.06730,0.02320,0.13989,0.02908,0.26708,0.01790,0.12093
0.13101,0.03736,0.04157,0.13653,0.07548,0.15701,0.04404,0.12752,0.07376,0.03817,0.02583,0.03219,0.03996,0.03958
0.10046,0.08513,0.05398,0.16728,0.03053,0.06203,0.06469,0.09571,0.04836,0.02334,0.13929,0.02972,0.05610,0.04334
0.19968,0.01678,0.01152,0.01804,0.14820,0.01867,0.02863,0.19098,0.02284,0.02908,0.01615,0.13402,0.14621,0.01921
0.18969,0.01905,0.01459,0.03925,0.18140,0.03360,0.18177,0.17886,0.03722,0.02020,0.01594,0.04888,0.01345,0.02612
0.09038,0.04901,0.13324,0.04943,0.07988,0.14451,0.09652,0.09412,0.04666,0.06894,0.03724,0.01727,0.01458,0.07821
0.18733,0.07052,0.01269,0.07264,0.05235,0.10126,0.07060,0.18099,0.08200,0.03421,0.02080,0.06574,0.02462,0.02426
0.07580,0.09216,0.05429,0.17860,0.05910,0.09296,0.09067,0.07799,0.03373,0.03281,0.14388,0.01728,0.03181,0.01892
0.14861,0.05438,0.03121,0.03080,0.07253,0.05157,0.03579,0.15366,0.05625,0.12653,0.12117,0.02377,0.06711,0.02662
0.25778,0.02772,0.01353,0.04022,0.01805,0.03344,0.02651,0.26461,0.02139,0.03329,0.03045,0.20251,0.01337,0.01711
0.03388,0.01678,0.02951,0.03467,0.08731,0.01898,0.01283,0.03177,0.02020,0.28783,0.28930,0.01596,0.08103,0.03996
0.12075,0.05043,0.10599,0.16484,0.03111,0.10260,0.04373,0.11346,0.02584,0.01498,0.13657,0.01158,0.02666,0.05146
0.25075,0.04557,0.02994,0.04157,0.04539,0.03752,0.05495,0.24807,0.03825,0.05145,0.02696,0.02405,0.04799,0.05755
0.18143,0.04994,0.03468,0.13663,0.02368,0.12229,0.01858,0.20386,0.02436,0.03064,0.03330,0.07445,0.02407,0.04209
0.06058,0.02586,0.01233,0.31629,0.05779,0.30120,0.05427,0.05599,0.00969,0.01692,0.02310,0.02376,0.02605,0.01617
0.06746,0.08285,0.02065,0.04202,0.02392,0.02974,0.11113,0.06495,0.02071,0.20198,0.05161,0.05192,0.04059,0.19046
0.13019,0.09805,0.01961,0.02036,0.19864,0.02215,0.22274,0.11835,0.02284,0.00856,0.00925,0.00989,0.10111,0.01826
0.06059,0.02746,0.02274,0.05091,0.01990,0.03044,0.02454,0.06222,0.04664,0.10470,0.04959,0.39835,0.02566,0.07626
0.03448,0.03332,0.03143,0.01528,0.03295,0.02000,0.04341,0.03489,0.02101,0.28010,0.05122,0.14239,0.01617,0.24334
0.10744,0.03928,0.05828,0.02284,0.05268,0.06534,0.07385,0.11198,0.35702,0.03263,0.02504,0.01629,0.01646,0.02087
0.25401,0.05259,0.02761,0.03125,0.04681,0.02848,0.05571,0.25072,0.01616,0.04031,0.02310,0.10343,0.02152,0.04831
0.04649,0.03321,0.19667,0.08198,0.02320,0.22810,0.03265,0.05117,0.04743,0.03578,0.06171,0.11518,0.01502,0.03142
0.05161,0.02598,0.01361,0.07247,0.01797,0.08624,0.03281,0.04863,0.13042,0.24513,0.23129,0.01795,0.01177,0.01413
0.08268,0.03299,0.01818,0.03083,0.12806,0.03932,0.02491,0.08190,0.02302,0.15208,0.01410,0.08807,0.13191,0.15194
0.03852,0.01578,0.02705,0.04044,0.15340,0.04194,0.04515,0.03514,0.04219,0.19797,0.20457,0.00697,0.10926,0.04164
0.05857,0.01995,0.01105,0.31964,0.02463,0.21035,0.02994,0.05629,0.01151,0.02718,0.10295,0.08726,0.01659,0.02408
0.05569,0.12977,0.01543,0.02873,0.20668,0.03373,0.26898,0.04701,0.05656,0.02730,0.01788,0.01687,0.06294,0.03241
0.23845,0.06268,0.02719,0.08206,0.04966,0.07012,0.06500,0.24478,0.02257,0.03079,0.04196,0.01171,0.03384,0.01920
0.05049,0.07390,0.04081,0.05769,0.05235,0.04913,0.06859,0.04604,0.05567,0.05196,0.04555,0.20532,0.14871,0.05377
0.05506,0.02060,0.05057,0.11820,0.21130,0.05203,0.21179,0.04533,0.04685,0.02833,0.08136,0.01430,0.02915,0.03512
0.16038,0.03301,0.03694,0.08868,0.08259,0.02929,0.09582,0.15876,0.03257,0.05269,0.07144,0.06814,0.02484,0.06487
0.02728,0.07625,0.03289,0.06900,0.07448,0.07498,0.07107,0.03108,0.09578,0.10173,0.03491,0.16284,0.06404,0.08365
0.07733,0.04269,0.02307,0.02936,0.26874,0.04929,0.28197,0.07586,0.01968,0.04012,0.02229,0.02130,0.02039,0.02789
0.05567,0.09186,0.02963,0.01702,0.20926,0.01905,0.24849,0.05185,0.07517,0.01183,0.01314,0.01031,0.11388,0.05284
0.23920,0.09499,0.02922,0.02859,0.03663,0.05563,0.04419,0.27684,0.02321,0.02740,0.01173,0.09510,0.01079,0.02648
0.07620,0.04871,0.01747,0.04132,0.05895,0.05533,0.08200,0.07132,0.01857,0.22038,0.19463,0.04664,0.03845,0.03003
0.28942,0.10280,0.03690,0.02804,0.01553,0.06295,0.02055,0.33422,0.02474,0.02328,0.01705,0.01249,0.01064,0.02140
0.29774,0.03248,0.01227,0.07030,0.03948,0.06350,0.04801,0.29977,0.02955,0.02819,0.02741,0.01322,0.01285,0.02521
0.04922,0.02626,0.08425,0.16875,0.03818,0.18521,0.03960,0.04415,0.18281,0.03230,0.03899,0.01366,0.01572,0.08088
0.12727,0.01161,0.01069,0.01474,0.04105,0.01528,0.02522,0.14589,0.09972,0.21502,0.01213,0.02573,0.02239,0.23324
0.09030,0.02514,0.05755,0.03005,0.19946,0.02653,0.18740,0.09203,0.05051,0.05398,0.01626,0.01372,0.02970,0.12738
0.06012,0.03554,0.04284,0.03026,0.27156,0.04265,0.17153,0.05234,0.03120,0.02111,0.01704,0.04467,0.13309,0.04607
0.18784,0.01489,0.01285,0.03292,0.04621,0.01650,0.04527,0.18030,0.02358,0.18789,0.16511,0.02455,0.02034,0.04175
0.13857,0.04771,0.11247,0.13195,0.03205,0.13603,0.04399,0.12981,0.02263,0.01921,0.08217,0.02864,0.04542,0.02935
0.27847,0.03266,0.04191,0.03683,0.02374,0.03326,0.04726,0.27708,0.04925,0.03263,0.03282,0.04210,0.02477,0.04722
0.25540,0.06385,0.07144,0.03004,0.02447,0.06203,0.03353,0.29740,0.03064,0.01287,0.01209,0.01015,0.01742,0.07866
0.04773,0.01751,0.25077,0.03138,0.10379,0.26247,0.10874,0.04713,0.03282,0.02698,0.02550,0.01591,0.01335,0.01591
0.20903,0.02667,0.11134,0.04039,0.06094,0.10816,0.03440,0.23229,0.03060,0.02336,0.01695,0.01109,0.03491,0.05988
0.23117,0.14861,0.02357,0.03851,0.03323,0.04994,0.11153,0.23440,0.01125,0.02293,0.02226,0.02545,0.01841,0.02878
0.02477,0.01537,0.02732,0.02428,0.11224,0.03106,0.02853,0.02646,0.45643,0.04871,0.04958,0.01955,0.09306,0.04264
0.07506,0.03494,0.01598,0.02645,0.12799,0.04010,0.02871,0.06732,0.09540,0.15120,0.02247,0.04638,0.12805,0.13995
0.21574,0.01195,0.08256,0.08111,0.05379,0.08583,0.05783,0.19862,0.01328,0.05805,0.08439,0.01110,0.00949,0.03626
0.03886,0.05300,0.04012,0.05253,0.03279,0.05932,0.03493,0.05151,0.01169,0.05806,0.01210,0.47320,0.02891,0.05297
0.25172,0.02410,0.01038,0.09531,0.04538,0.08446,0.03723,0.24420,0.03872,0.03737,0.03173,0.03599,0.03543,0.02797
0.03460,0.03120,0.04718,0.21658,0.02520,0.24676,0.02115,0.03838,0.14889,0.04166,0.01864,0.05198,0.01875,0.05904
0.17441,0.08544,0.01322,0.11133,0.04306,0.12600,0.06071,0.18117,0.04613,0.04489,0.03717,0.02782,0.03507,0.01358
0.22336,0.03787,0.01512,0.04993,0.13322,0.01889,0.12892,0.21252,0.01706,0.03692,0.03980,0.01432,0.03732,0.03477
0.26122,0.01871,0.02810,0.02498,0.07844,0.02445,0.07581,0.26640,0.01564,0.06643,0.01827,0.01155,0.01253,0.09748
0.22151,0.03444,0.03222,0.09862,0.04304,0.02776,0.04199,0.22161,0.08389,0.01555,0.06735,0.01431,0.04115,0.05657
0.08313,0.02653,0.03389,0.04704,0.02532,0.04066,0.04113,0.08166,0.03160,0.17475,0.03367,0.19030,0.02599,0.16434
0.27385,0.07690,0.01808,0.05497,0.03565,0.02946,0.03763,0.31236,0.00984,0.02474,0.04681,0.04672,0.00804,0.02494
0.06911,0.01821,0.04980,0.05548,0.05416,0.04080,0.03398,0.06924,0.38207,0.03925,0.05756,0.02571,0.04654,0.05809
0.04923,0.02587,0.07477,0.02833,0.02784,0.06740,0.03463,0.05473,0.03014,0.26507,0.25993,0.01318,0.02224,0.04665
0.14731,0.04484,0.03157,0.09138,0.10805,0.06567,0.11322,0.14283,0.07782,0.03440,0.05317,0.01122,0.04146,0.03706
0.11264,0.05804,0.04802,0.06547,0.05988,0.09584,0.03373,0.11002,0.05100,0.05425,0.02310,0.18458,0.06115,0.04229
0.06688,0.02894,0.27337,0.04523,0.05080,0.20401,0.06483,0.06132,0.02117,0.03369,0.03491,0.01417,0.01360,0.08708
0.04598,0.03043,0.03759,0.04180,0.26568,0.04522,0.18846,0.04983,0.11878,0.01321,0.01911,0.00625,0.08826,0.04940
0.03454,0.01935,0.10135,0.02305,0.02714,0.03722,0.01923,0.03093,0.01721,0.29029,0.27698,0.01040,0.02110,0.09121
0.03454,0.02769,0.07642,0.04484,0.04706,0.07379,0.04426,0.03394,0.02867,0.11938,0.02463,0.31176,0.02153,0.11149
0.09986,0.05841,0.19014,0.05630,0.03830,0.21591,0.06923,0.09356,0.05112,0.01125,0.02302,0.01483,0.04684,0.03122
0.05489,0.02119,0.04086,0.08186,0.04386,0.09272,0.03049,0.06739,0.25569,0.12113,0.09415,0.01134,0.02515,0.05926
0.10225,0.03577,0.03286,0.04561,0.03033,0.05804,0.03394,0.09317,0.04768,0.23118,0.21003,0.01391,0.03125,0.03398
0.05364,0.02538,0.05442,0.05667,0.11837,0.05337,0.02775,0.05422,0.02920,0.13317,0.01956,0.10774,0.10820,0.15830
0.06153,0.23189,0.02333,0.11729,0.01497,0.19566,0.17528,0.06895,0.03440,0.01259,0.00980,0.02368,0.01750,0.01314
0.02520,0.01501,0.02466,0.23970,0.11921,0.24526,0.08020,0.02622,0.09549,0.01377,0.01290,0.01276,0.03955,0.05008
0.03002,0.02046,0.07668,0.20354,0.05806,0.08318,0.04642,0.03326,0.07843,0.07159,0.19325,0.02698,0.02397,0.05416
0.03842,0.04995,0.01776,0.02178,0.04467,0.02287,0.08124,0.03497,0.01957,0.30663,0.29128,0.01540,0.03303,0.02243
0.05806,0.02835,0.22911,0.07436,0.04984,0.27168,0.05078,0.06027,0.02676,0.03976,0.03622,0.02747,0.02256,0.02478
0.11258,0.03934,0.01367,0.19370,0.02505,0.19868,0.02779,0.10373,0.16471,0.03011,0.03383,0.01560,0.01578,0.02543
0.08110,0.04006,0.02743,0.04247,0.04178,0.05864,0.02717,0.08143,0.01545,0.25261,0.24495,0.02643,0.03332,0.02717
0.22973,0.03473,0.09968,0.02165,0.04902,0.02221,0.05155,0.25704,0.03922,0.02417,0.01352,0.01113,0.01870,0.12765
0.07294,0.03937,0.01043,0.05161,0.25419,0.03834,0.26570,0.06329,0.02479,0.04067,0.03639,0.02357,0.04913,0.02957
0.11137,0.03368,0.10804,0.06399,0.03396,0.09559,0.04392,0.10916,0.06177,0.03689,0.04091,0.14636,0.03857,0.07579
0.01915,0.06287,0.01504,0.04657,0.25593,0.02969,0.25075,0.01843,0.03787,0.03693,0.03043,0.01175,0.12960,0.05500
