0.34164,0.24669,0.02681,0.01991,0.02208,0.12321,0.10438,0.03490,0.02166,0.05872
0.13181,0.19669,0.03492,0.02998,0.03607,0.24900,0.19561,0.03438,0.03954,0.05199
0.10320,0.13192,0.02997,0.02081,0.02771,0.33995,0.24525,0.03094,0.02263,0.04762
0.09334,0.11459,0.06907,0.04630,0.05004,0.23897,0.24769,0.04697,0.04236,0.05067
0.06899,0.16319,0.09042,0.05467,0.05494,0.22549,0.19602,0.03997,0.04916,0.05714
0.24741,0.18759,0.02702,0.02574,0.02492,0.17731,0.18037,0.03615,0.02543,0.06806
0.12556,0.16781,0.03913,0.03006,0.03395,0.21605,0.20450,0.04566,0.03040,0.10687
0.09272,0.14827,0.04729,0.03052,0.03485,0.28688,0.23455,0.03838,0.03508,0.05147
0.22144,0.21830,0.02784,0.02398,0.02375,0.21747,0.18743,0.02668,0.01722,0.03589
0.09475,0.11588,0.04994,0.04575,0.04534,0.28022,0.20980,0.05545,0.03987,0.06301
0.09985,0.10050,0.05894,0.04728,0.05069,0.26303,0.22143,0.05310,0.04731,0.05789
0.10094,0.30386,0.06516,0.03282,0.03206,0.16334,0.14897,0.04601,0.03536,0.07149
0.16815,0.24448,0.03220,0.02432,0.02650,0.22921,0.20218,0.02375,0.02099,0.02822
0.10959,0.13979,0.03912,0.02819,0.03690,0.31148,0.21577,0.03611,0.03204,0.05100
0.14377,0.23912,0.03146,0.02582,0.02890,0.25131,0.19335,0.02531,0.02091,0.04004
0.07221,0.17585,0.08779,0.05146,0.05433,0.25979,0.16582,0.03906,0.03853,0.05516
0.15399,0.15912,0.04925,0.03947,0.04515,0.23921,0.20749,0.03510,0.02957,0.04164
0.10450,0.08586,0.03601,0.03079,0.03734,0.25289,0.24383,0.06287,0.03899,0.10691
0.16944,0.38177,0.03212,0.02334,0.02536,0.15476,0.13377,0.02270,0.01884,0.03790
0.07436,0.09333,0.04559,0.03850,0.04676,0.21930,0.18323,0.06629,0.05959,0.17305
0.31463,0.34400,0.02322,0.01822,0.02109,0.11799,0.09978,0.01802,0.01528,0.02775
0.08159,0.11986,0.02503,0.01928,0.02213,0.35529,0.29637,0.02258,0.01893,0.03893
0.09329,0.15372,0.07500,0.04348,0.04874,0.26616,0.20822,0.03437,0.03299,0.04403
0.07489,0.21672,0.05533,0.02724,0.03210,0.23638,0.20961,0.03715,0.03623,0.07434
0.10091,0.12089,0.05223,0.03876,0.03860,0.29147,0.24619,0.03404,0.03559,0.04132
0.09439,0.11653,0.03278,0.02599,0.03068,0.32713,0.25368,0.02993,0.02077,0.06811
0.12594,0.13418,0.01586,0.01125,0.01299,0.28017,0.26763,0.03046,0.01798,0.10355
0.07941,0.25383,0.04246,0.02204,0.02476,0.29536,0.21364,0.02115,0.01456,0.03280
0.06192,0.06602,0.03165,0.02170,0.02720,0.43960,0.26466,0.02744,0.02784,0.03197
0.11825,0.11780,0.03370,0.02619,0.02975,0.29808,0.21074,0.05115,0.03408,0.08026
0.12795,0.15194,0.03292,0.02520,0.02510,0.26719,0.21583,0.03669,0.03489,0.08229
0.25637,0.31013,0.04240,0.02545,0.02836,0.15021,0.11740,0.02428,0.01690,0.02849
0.16194,0.18732,0.04667,0.03634,0.04106,0.22001,0.19004,0.03542,0.03528,0.04592
0.13963,0.18452,0.06209,0.04510,0.05097,0.19406,0.17632,0.04281,0.03056,0.07395
0.15489,0.17660,0.02668,0.02105,0.02600,0.25344,0.20896,0.03821,0.02428,0.06988
0.08859,0.09173,0.04870,0.04072,0.04500,0.34294,0.22614,0.03976,0.03698,0.03945
0.15130,0.09887,0.02706,0.02566,0.02904,0.27188,0.23033,0.04286,0.03336,0.08964
0.18155,0.23436,0.03537,0.02046,0.02634,0.25347,0.17313,0.02302,0.01839,0.03391
0.07306,0.08173,0.04052,0.03343,0.03967,0.32457,0.21762,0.04778,0.05026,0.09136
0.08050,0.09485,0.04223,0.03538,0.04186,0.29646,0.23460,0.05488,0.04566,0.07357
0.06328,0.15260,0.19255,0.04159,0.06120,0.21742,0.16350,0.03103,0.03564,0.04119
0.06722,0.10109,0.04383,0.02746,0.03032,0.33525,0.25920,0.03721,0.03897,0.05946
0.12239,0.13957,0.03631,0.02232,0.02961,0.28414,0.19928,0.04379,0.03633,0.08625
0.28049,0.08036,0.01877,0.02109,0.02098,0.23886,0.19752,0.03913,0.03294,0.06987
0.08955,0.13627,0.05054,0.03136,0.03483,0.30767,0.22151,0.03696,0.03261,0.05871
0.18943,0.24716,0.03394,0.02781,0.02808,0.17698,0.14194,0.04616,0.03472,0.07378
0.21081,0.23228,0.04798,0.04105,0.03453,0.18738,0.14959,0.03404,0.02027,0.04206
0.10028,0.14132,0.02646,0.01973,0.02349,0.33626,0.26176,0.02899,0.02526,0.03644
0.15771,0.10544,0.02081,0.02579,0.02638,0.30559,0.23657,0.03471,0.03039,0.05661
0.03020,0.60745,0.09399,0.01525,0.01900,0.09457,0.08420,0.01527,0.01303,0.02703
0.19745,0.29523,0.02818,0.01934,0.02411,0.19979,0.16942,0.01794,0.01848,0.03006
0.06027,0.18858,0.05352,0.02729,0.03305,0.28405,0.22676,0.03714,0.03206,0.05727
0.07585,0.08902,0.03397,0.02411,0.03001,0.38825,0.25780,0.02822,0.03234,0.04044
0.15470,0.22326,0.01893,0.01322,0.01707,0.29537,0.20995,0.02187,0.02030,0.02532
0.14899,0.06278,0.01991,0.01940,0.01977,0.34853,0.26060,0.03611,0.02522,0.05869
0.14533,0.22341,0.04378,0.02820,0.03193,0.18493,0.19023,0.04191,0.03890,0.07137
0.15548,0.25737,0.04584,0.04342,0.04003,0.17050,0.15238,0.04180,0.03383,0.05934
0.11233,0.14698,0.02727,0.02155,0.02648,0.34628,0.23720,0.02534,0.02018,0.03638
0.10499,0.12078,0.03219,0.02377,0.03197,0.32914,0.24969,0.03192,0.02974,0.04582
0.10674,0.13117,0.03458,0.02707,0.02895,0.30766,0.23041,0.04969,0.02834,0.05540
0.08235,0.09547,0.04024,0.03075,0.03280,0.36101,0.22991,0.04475,0.03274,0.04997
0.07757,0.11119,0.05121,0.03381,0.04190,0.24825,0.19186,0.06545,0.05798,0.12077
0.10757,0.12139,0.04797,0.02663,0.03129,0.27120,0.21650,0.05232,0.04503,0.08012
0.18070,0.20829,0.03000,0.02165,0.02772,0.25757,0.19362,0.02375,0.02173,0.03497
0.08598,0.10534,0.05042,0.03408,0.03671,0.29833,0.22423,0.05034,0.04384,0.07072
0.07962,0.23902,0.08046,0.04126,0.04276,0.18873,0.16735,0.04000,0.04103,0.07976
0.13789,0.17195,0.02555,0.02271,0.02446,0.27861,0.23211,0.03235,0.02470,0.04967
0.34709,0.38857,0.01437,0.01102,0.01113,0.09768,0.08772,0.01333,0.00943,0.01967
0.15584,0.18349,0.03191,0.02268,0.02526,0.27467,0.19990,0.03340,0.03263,0.04022
0.09309,0.14944,0.01737,0.01370,0.01748,0.37004,0.27316,0.02224,0.01361,0.02989
0.05635,0.20250,0.06517,0.03136,0.03370,0.25850,0.23367,0.03364,0.02895,0.05617
0.05899,0.18237,0.04024,0.02009,0.02456,0.33069,0.25291,0.02437,0.02543,0.04036
0.05979,0.21705,0.05157,0.02275,0.02866,0.29559,0.22606,0.02513,0.02353,0.04985
0.12884,0.16197,0.04629,0.04052,0.03621,0.29483,0.17137,0.03786,0.04339,0.03873
0.15930,0.18374,0.05519,0.03806,0.04647,0.20473,0.18064,0.03837,0.03473,0.05876
0.06621,0.08323,0.02148,0.02140,0.02128,0.39396,0.30236,0.02471,0.02159,0.04378
0.06539,0.07648,0.02297,0.01688,0.02121,0.38205,0.33781,0.02280,0.02036,0.03405
0.09895,0.10305,0.03459,0.02497,0.02932,0.27527,0.20221,0.06303,0.04241,0.12620
0.15091,0.25119,0.02797,0.01957,0.02231,0.21332,0.17116,0.04371,0.02430,0.07555
0.18058,0.24579,0.02755,0.02258,0.02320,0.20415,0.19550,0.02586,0.02483,0.04997
0.04316,0.16327,0.46002,0.03512,0.04269,0.10242,0.09519,0.01791,0.01822,0.02200
0.29583,0.24703,0.02231,0.01821,0.01783,0.15010,0.13827,0.02709,0.02499,0.05835
0.25585,0.09555,0.03712,0.05060,0.04361,0.16987,0.14832,0.06587,0.04405,0.08917
0.12359,0.11338,0.03283,0.02829,0.02889,0.31149,0.25809,0.03002,0.02627,0.04715
0.06856,0.11115,0.05674,0.03521,0.04028,0.28198,0.24055,0.05104,0.04254,0.07196
0.07678,0.08296,0.02163,0.01478,0.01773,0.44228,0.28329,0.02052,0.01854,0.02150
0.06031,0.07173,0.02817,0.02510,0.02582,0.39895,0.28763,0.03205,0.02768,0.04255
0.17417,0.11873,0.02997,0.02741,0.02865,0.28072,0.21158,0.03955,0.03349,0.05575
0.09827,0.11833,0.04790,0.03213,0.03904,0.27526,0.18875,0.05090,0.03516,0.11426
0.32139,0.11115,0.01362,0.01481,0.01502,0.25169,0.20817,0.01805,0.01396,0.03214
0.12606,0.14878,0.04200,0.02927,0.03776,0.26711,0.20135,0.04673,0.03442,0.06653
0.09312,0.11229,0.05884,0.04274,0.04676,0.24005,0.18265,0.05781,0.07324,0.09250
0.11071,0.13295,0.04916,0.04597,0.05011,0.23740,0.21337,0.05432,0.03878,0.06723
0.13084,0.18823,0.05804,0.04787,0.04745,0.20258,0.15944,0.04767,0.03992,0.07796
0.13276,0.18706,0.03547,0.02408,0.02686,0.15797,0.16685,0.05952,0.06083,0.14859
0.07929,0.08624,0.03375,0.02725,0.02997,0.38135,0.28679,0.02442,0.02201,0.02893
0.17456,0.20611,0.05219,0.03482,0.03662,0.21054,0.17956,0.03108,0.02710,0.04743
0.35672,0.06381,0.01573,0.02423,0.02258,0.24725,0.17628,0.02771,0.02561,0.04010
0.07549,0.08936,0.03260,0.02895,0.03179,0.32209,0.25197,0.03932,0.04775,0.08068
0.18925,0.15764,0.05465,0.04009,0.03999,0.19212,0.17306,0.05079,0.03722,0.06519
