0.04510,0.04529,0.04657,0.04711,0.04693,0.04602,0.04520,0.04776,0.04786,0.04751,0.05953,0.06093,0.05009,0.04961,0.05034,0.05381,0.05291,0.05375,0.04993,0.05373
0.04661,0.04670,0.04883,0.04800,0.04871,0.05195,0.05256,0.04866,0.04935,0.04963,0.04779,0.05089,0.05037,0.04946,0.04971,0.05550,0.05373,0.04998,0.05024,0.05133
0.04656,0.04462,0.04727,0.04714,0.04833,0.05008,0.05087,0.04910,0.04853,0.04811,0.04944,0.04988,0.04789,0.04949,0.05005,0.06032,0.05903,0.05125,0.05057,0.05147
0.04412,0.04348,0.04746,0.04780,0.04820,0.04745,0.04800,0.04726,0.04857,0.04801,0.05129,0.05587,0.05293,0.05046,0.05116,0.05675,0.05718,0.05128,0.05177,0.05098
0.04599,0.04451,0.04700,0.04674,0.04722,0.04661,0.04722,0.04834,0.04850,0.04832,0.05041,0.05569,0.05318,0.05126,0.05193,0.05712,0.05637,0.05128,0.05060,0.05168
0.04297,0.04369,0.04666,0.04651,0.04769,0.04265,0.04338,0.04675,0.04683,0.04780,0.05802,0.05794,0.05033,0.05104,0.05145,0.05806,0.05836,0.05342,0.05081,0.05562
0.04428,0.04491,0.04666,0.04646,0.04714,0.04653,0.04539,0.04873,0.04792,0.04897,0.05326,0.05639,0.05141,0.05054,0.05027,0.05679,0.05766,0.05156,0.04997,0.05516
0.04255,0.04114,0.04626,0.04635,0.04682,0.04772,0.04712,0.04760,0.04719,0.04833,0.05301,0.05615,0.05299,0.05163,0.05140,0.06056,0.05886,0.05126,0.05076,0.05233
0.04157,0.04180,0.04648,0.04598,0.04658,0.04478,0.04380,0.04767,0.04651,0.04670,0.05876,0.06022,0.05191,0.05116,0.05205,0.05985,0.05914,0.05215,0.04972,0.05314
0.04762,0.04797,0.05040,0.04958,0.04911,0.04905,0.04729,0.04837,0.04881,0.04825,0.05194,0.04818,0.04815,0.05017,0.05045,0.05531,0.05558,0.05113,0.05093,0.05172
0.04583,0.04535,0.04974,0.04953,0.04953,0.04906,0.04866,0.04997,0.04893,0.04939,0.05009,0.05134,0.04963,0.04968,0.05082,0.05578,0.05447,0.05148,0.05021,0.05052
0.04365,0.04362,0.04907,0.04747,0.04847,0.04472,0.04461,0.04691,0.04710,0.04805,0.05312,0.05845,0.05375,0.05154,0.05242,0.05543,0.05463,0.05238,0.05122,0.05340
0.04602,0.04488,0.04860,0.04702,0.04872,0.05350,0.05400,0.04917,0.04939,0.04975,0.05000,0.04969,0.05037,0.04965,0.05054,0.05489,0.05483,0.05026,0.05004,0.04866
0.04643,0.04580,0.04713,0.04679,0.04760,0.04903,0.05058,0.04821,0.04845,0.04965,0.04908,0.05224,0.05141,0.05080,0.05103,0.05802,0.05579,0.05035,0.04968,0.05193
0.04885,0.04795,0.04846,0.04724,0.04792,0.05251,0.05397,0.04895,0.04965,0.05011,0.04808,0.04729,0.04764,0.04948,0.04957,0.05516,0.05443,0.05180,0.05037,0.05057
0.04645,0.04633,0.04690,0.04834,0.04848,0.04544,0.04473,0.04691,0.04732,0.04751,0.04966,0.05632,0.05398,0.05174,0.05231,0.05804,0.05587,0.05162,0.05082,0.05122
0.04213,0.04328,0.04687,0.04685,0.04730,0.04665,0.04653,0.04754,0.04823,0.04835,0.05410,0.05660,0.05248,0.05150,0.05046,0.05921,0.05938,0.05129,0.05012,0.05115
0.04554,0.04520,0.04858,0.04838,0.04917,0.04910,0.04807,0.04846,0.04836,0.04914,0.05476,0.05084,0.04839,0.04899,0.04857,0.05680,0.05590,0.05156,0.05134,0.05286
0.04420,0.04438,0.04566,0.04653,0.04759,0.04316,0.04256,0.04743,0.04712,0.04764,0.05666,0.06393,0.05217,0.05108,0.05104,0.05754,0.05640,0.05167,0.04995,0.05329
0.04704,0.04701,0.04982,0.05005,0.05006,0.04628,0.04630,0.04917,0.04906,0.04885,0.05093,0.04978,0.04864,0.04859,0.04973,0.05552,0.05461,0.05113,0.05280,0.05462
0.05935,0.05959,0.05023,0.05110,0.05143,0.05173,0.05154,0.05027,0.05128,0.04867,0.04530,0.04399,0.04936,0.04840,0.04925,0.04667,0.04718,0.04897,0.04845,0.04726
0.04094,0.03984,0.04602,0.04515,0.04620,0.04434,0.04367,0.04697,0.04608,0.04720,0.05298,0.05721,0.05213,0.05117,0.05053,0.06608,0.06471,0.05355,0.05150,0.05373
0.04327,0.04293,0.04798,0.04619,0.04804,0.04500,0.04505,0.04797,0.04688,0.04696,0.05250,0.05642,0.05440,0.05281,0.05274,0.05914,0.05812,0.05135,0.05041,0.05184
0.04611,0.04503,0.04700,0.04675,0.04617,0.04470,0.04560,0.04791,0.04758,0.04752,0.05184,0.05761,0.05150,0.04999,0.05273,0.05891,0.05794,0.05132,0.05089,0.05290
0.04595,0.04529,0.04922,0.04865,0.04785,0.04959,0.04891,0.04790,0.04867,0.04914,0.05070,0.05175,0.05178,0.04963,0.05055,0.05796,0.05622,0.04863,0.05106,0.05054
0.04464,0.04426,0.04622,0.04583,0.04702,0.04969,0.04965,0.04941,0.04836,0.04892,0.04991,0.05111,0.05033,0.04994,0.05074,0.06012,0.05920,0.05126,0.05045,0.05293
0.04253,0.04206,0.04635,0.04591,0.04731,0.04432,0.04468,0.04666,0.04661,0.04739,0.05569,0.05703,0.04768,0.04857,0.04929,0.06297,0.06384,0.05235,0.05141,0.05736
0.04216,0.04181,0.04448,0.04522,0.04558,0.04372,0.04209,0.04686,0.04573,0.04612,0.05436,0.06141,0.05518,0.05166,0.05276,0.06300,0.06109,0.05195,0.05132,0.05350
0.04433,0.04329,0.04690,0.04651,0.04750,0.04683,0.04631,0.04678,0.04671,0.04751,0.05056,0.05256,0.05202,0.05080,0.05256,0.06304,0.06227,0.05194,0.05103,0.05057
0.04167,0.04059,0.04678,0.04730,0.04792,0.04967,0.04899,0.04785,0.04768,0.04893,0.05369,0.05519,0.05001,0.05005,0.05048,0.05972,0.05689,0.05178,0.05138,0.05342
0.04916,0.04940,0.04798,0.04859,0.04795,0.04826,0.04890,0.04949,0.04955,0.04896,0.04804,0.05094,0.05049,0.04925,0.04979,0.05515,0.05485,0.05049,0.05008,0.05267
0.04753,0.04756,0.05064,0.05075,0.04978,0.05623,0.05700,0.05225,0.05049,0.05068,0.04695,0.04583,0.04838,0.04936,0.05006,0.05093,0.04874,0.04931,0.04952,0.04798
0.05113,0.05190,0.05022,0.05086,0.05025,0.04740,0.04816,0.04818,0.04893,0.04969,0.04662,0.04820,0.05132,0.05020,0.05065,0.05263,0.05179,0.05059,0.05058,0.05072
0.05071,0.05211,0.05050,0.05021,0.05099,0.04920,0.04925,0.04923,0.04925,0.05015,0.05001,0.04889,0.04836,0.04970,0.04885,0.05208,0.05010,0.04992,0.04942,0.05107
0.04963,0.04970,0.04735,0.04768,0.04791,0.04820,0.04992,0.04867,0.04968,0.04931,0.04754,0.05140,0.05121,0.05042,0.05004,0.05513,0.05311,0.05139,0.04955,0.05215
0.04421,0.04462,0.04590,0.04778,0.04793,0.04879,0.04788,0.04885,0.04746,0.04728,0.05067,0.05229,0.05193,0.05203,0.05188,0.06063,0.05715,0.05129,0.04995,0.05148
0.04297,0.04201,0.04653,0.04675,0.04829,0.04606,0.04565,0.04734,0.04770,0.04762,0.05507,0.05553,0.05068,0.04937,0.05109,0.05955,0.05894,0.05233,0.05075,0.05577
0.04787,0.04675,0.04811,0.04775,0.04753,0.05460,0.05462,0.04929,0.04875,0.04958,0.04778,0.04830,0.05077,0.04888,0.04933,0.05597,0.05401,0.05056,0.04932,0.05021
0.04641,0.04563,0.04867,0.04860,0.04970,0.04555,0.04583,0.04735,0.04880,0.04768,0.05038,0.05251,0.05001,0.05063,0.05113,0.05809,0.05767,0.05135,0.05177,0.05226
0.04634,0.04556,0.04867,0.04854,0.04911,0.04737,0.04765,0.04879,0.04919,0.04959,0.04931,0.05236,0.04927,0.05157,0.05026,0.05665,0.05596,0.05108,0.05052,0.05222
0.04684,0.04522,0.04734,0.04714,0.04722,0.04735,0.04806,0.04845,0.04819,0.04935,0.04865,0.05641,0.05485,0.05153,0.05164,0.05697,0.05473,0.04977,0.05029,0.05000
0.04425,0.04255,0.04696,0.04634,0.04837,0.04746,0.04663,0.04809,0.04838,0.04869,0.04954,0.05410,0.05140,0.04946,0.05051,0.06265,0.05912,0.05162,0.05141,0.05245
0.04646,0.04653,0.04770,0.04659,0.04755,0.05036,0.05053,0.04863,0.04884,0.04812,0.04919,0.05034,0.05156,0.05084,0.05000,0.05743,0.05477,0.05068,0.05118,0.05273
0.04412,0.04546,0.04909,0.04863,0.04799,0.04773,0.04692,0.04768,0.04797,0.04734,0.05711,0.05255,0.04753,0.04858,0.04926,0.05911,0.05703,0.05080,0.05071,0.05440
0.04404,0.04412,0.04753,0.04719,0.04725,0.04718,0.04721,0.04792,0.04654,0.04825,0.05103,0.05571,0.05189,0.04974,0.05064,0.05873,0.05771,0.05202,0.05140,0.05391
0.04350,0.04461,0.04689,0.04674,0.04636,0.04766,0.04713,0.04851,0.04768,0.04794,0.05605,0.05852,0.05087,0.05065,0.05058,0.05549,0.05448,0.05190,0.05038,0.05406
0.04276,0.04353,0.04644,0.04737,0.04716,0.04413,0.04433,0.04595,0.04651,0.04667,0.05733,0.05875,0.05329,0.05237,0.05340,0.05789,0.05571,0.05252,0.05008,0.05380
0.04446,0.04507,0.04854,0.04788,0.04791,0.05004,0.05048,0.04711,0.04931,0.04775,0.05055,0.04898,0.04844,0.04973,0.05093,0.06044,0.05939,0.05082,0.05095,0.05120
0.04308,0.04210,0.04611,0.04537,0.04631,0.04677,0.04624,0.04718,0.04782,0.04790,0.05470,0.05584,0.05015,0.04954,0.05079,0.06088,0.06124,0.05188,0.05147,0.05464
0.04336,0.04332,0.04561,0.04704,0.04690,0.04121,0.03970,0.04687,0.04711,0.04628,0.04944,0.07147,0.06028,0.05353,0.05429,0.05506,0.05253,0.05100,0.05133,0.05366
0.05549,0.05622,0.05049,0.04906,0.05031,0.04799,0.04828,0.04738,0.04952,0.04907,0.04789,0.04580,0.04890,0.04891,0.04862,0.05367,0.05112,0.05035,0.05062,0.05032
0.04241,0.04257,0.04548,0.04679,0.04698,0.04664,0.04708,0.04816,0.04675,0.04873,0.05010,0.05841,0.05273,0.04934,0.05100,0.06123,0.05955,0.05214,0.05111,0.05279
0.04646,0.04528,0.04679,0.04724,0.04828,0.04850,0.04808,0.04739,0.04757,0.04755,0.04850,0.05090,0.05075,0.05097,0.05151,0.06084,0.05982,0.05090,0.05137,0.05131
0.04353,0.04111,0.04881,0.04824,0.04754,0.05502,0.05477,0.04801,0.04819,0.04994,0.04682,0.04764,0.05055,0.05031,0.05118,0.05897,0.05719,0.05104,0.05138,0.04974
0.04154,0.04176,0.04697,0.04690,0.04780,0.04722,0.04745,0.04693,0.04710,0.04826,0.05580,0.05306,0.04793,0.04995,0.05060,0.06293,0.06289,0.05152,0.04925,0.05415
0.05201,0.05123,0.04989,0.04975,0.05069,0.04905,0.04738,0.04770,0.04944,0.04912,0.04715,0.04960,0.05050,0.04911,0.04907,0.05209,0.05251,0.05041,0.05114,0.05215
0.04579,0.04576,0.04721,0.04861,0.04856,0.04543,0.04515,0.04772,0.04820,0.04809,0.05467,0.05850,0.05174,0.05107,0.05061,0.05410,0.05362,0.05267,0.04991,0.05260
0.04667,0.04639,0.04761,0.04753,0.04809,0.05086,0.05069,0.04765,0.04907,0.04931,0.04762,0.04750,0.05123,0.04998,0.05069,0.06044,0.05854,0.04983,0.05024,0.05006
0.04366,0.04340,0.04933,0.04740,0.04847,0.04949,0.05000,0.04858,0.04760,0.04860,0.05111,0.05139,0.04951,0.04978,0.05125,0.05942,0.05914,0.05131,0.04960,0.05095
0.04939,0.04828,0.04949,0.04808,0.04878,0.04841,0.04848,0.04823,0.04835,0.04898,0.05146,0.04783,0.04942,0.05040,0.04958,0.05712,0.05466,0.05109,0.05132,0.05065
0.04634,0.04583,0.04915,0.04780,0.04799,0.04632,0.04665,0.04705,0.04854,0.04909,0.05199,0.05221,0.05155,0.04992,0.05186,0.05833,0.05704,0.05112,0.04957,0.05165
0.04586,0.04622,0.04772,0.04872,0.04842,0.04826,0.04959,0.04796,0.04846,0.04740,0.05015,0.05420,0.05168,0.05034,0.05072,0.05509,0.05447,0.05216,0.04954,0.05304
0.04454,0.04441,0.04811,0.04889,0.04745,0.05009,0.04975,0.04942,0.04905,0.04907,0.05135,0.05276,0.04850,0.04991,0.05015,0.05667,0.05488,0.05160,0.05089,0.05252
0.04706,0.04712,0.04888,0.04842,0.04795,0.05343,0.05295,0.04900,0.04971,0.04927,0.04795,0.04768,0.04953,0.04890,0.04968,0.05650,0.05426,0.05045,0.05014,0.05113
0.04497,0.04343,0.04716,0.04764,0.04785,0.04914,0.04702,0.04881,0.04817,0.04837,0.05035,0.05385,0.05260,0.05151,0.05023,0.05682,0.05735,0.05192,0.05098,0.05184
0.04534,0.04635,0.04711,0.04710,0.04703,0.04553,0.04565,0.04868,0.04714,0.04749,0.05151,0.05873,0.05339,0.05151,0.05089,0.05595,0.05624,0.05135,0.05031,0.05271
0.04991,0.05045,0.04814,0.04879,0.04779,0.04765,0.04901,0.04828,0.04951,0.04908,0.04972,0.05017,0.04986,0.04949,0.05045,0.05696,0.05487,0.04974,0.04985,0.05027
0.06277,0.06322,0.04889,0.04948,0.04945,0.05107,0.05102,0.04954,0.05107,0.04951,0.04505,0.04600,0.04892,0.04865,0.04787,0.04736,0.04704,0.04806,0.04761,0.04741
0.04576,0.04501,0.04822,0.04944,0.04761,0.05075,0.05220,0.04902,0.04853,0.04866,0.04996,0.05062,0.04945,0.05094,0.05120,0.05654,0.05440,0.05050,0.05078,0.05042
0.04000,0.03848,0.04708,0.04657,0.04667,0.05289,0.05353,0.04785,0.04767,0.04852,0.05158,0.04890,0.04794,0.04825,0.05003,0.06547,0.06345,0.05261,0.05068,0.05183
0.04385,0.04272,0.04727,0.04633,0.04817,0.04480,0.04450,0.04691,0.04689,0.04843,0.05055,0.05893,0.05321,0.05031,0.05121,0.06036,0.05920,0.05214,0.05151,0.05271
0.04480,0.04385,0.04533,0.04586,0.04610,0.04409,0.04447,0.04668,0.04570,0.04780,0.05149,0.06009,0.05321,0.05036,0.05048,0.06324,0.06081,0.05076,0.05101,0.05388
0.04035,0.04030,0.04525,0.04604,0.04603,0.04621,0.04535,0.04743,0.04732,0.04694,0.05074,0.06038,0.05381,0.05081,0.05242,0.06179,0.06103,0.05276,0.05095,0.05410
0.04885,0.04890,0.04867,0.04867,0.04957,0.05031,0.04977,0.04878,0.04901,0.04843,0.04766,0.04985,0.05129,0.05130,0.05116,0.05432,0.05285,0.05018,0.05114,0.04930
0.04794,0.04825,0.04909,0.04882,0.04876,0.05213,0.05300,0.04974,0.05018,0.04943,0.04992,0.04918,0.04786,0.04934,0.05005,0.05220,0.05268,0.05129,0.04930,0.05084
0.04271,0.04183,0.04796,0.04765,0.04791,0.04847,0.04801,0.04773,0.04809,0.04884,0.04812,0.04705,0.04982,0.04939,0.05103,0.06531,0.06277,0.05213,0.05191,0.05328
0.04496,0.04511,0.04683,0.04590,0.04586,0.04629,0.04612,0.04762,0.04678,0.04782,0.05116,0.05294,0.05110,0.05043,0.05002,0.06564,0.06423,0.04971,0.05025,0.05125
0.04636,0.04707,0.04832,0.04855,0.04828,0.04757,0.04860,0.04809,0.04695,0.04817,0.05276,0.05282,0.04901,0.04878,0.04945,0.05787,0.05515,0.05259,0.05076,0.05286
0.04584,0.04507,0.04872,0.04748,0.04854,0.05360,0.05423,0.04796,0.04778,0.04986,0.05142,0.04923,0.04817,0.04871,0.04905,0.05553,0.05322,0.05301,0.05048,0.05212
0.05205,0.05308,0.04896,0.04919,0.04898,0.04822,0.04857,0.04914,0.05034,0.05035,0.04936,0.04754,0.04793,0.04978,0.04923,0.05201,0.05370,0.04994,0.05098,0.05062
0.04825,0.04795,0.04859,0.04910,0.04943,0.04579,0.04495,0.04870,0.04931,0.04788,0.04668,0.05923,0.05741,0.05278,0.05354,0.05236,0.05076,0.04889,0.05002,0.04837
0.04451,0.04487,0.04707,0.04705,0.04696,0.04491,0.04436,0.04731,0.04707,0.04602,0.05897,0.06089,0.04984,0.05002,0.04994,0.05673,0.05520,0.05232,0.05087,0.05511
0.04650,0.04570,0.04753,0.04917,0.04852,0.04769,0.04655,0.04913,0.04850,0.04912,0.05441,0.05438,0.04906,0.05018,0.05136,0.05411,0.05307,0.05246,0.04934,0.05322
0.04380,0.04356,0.04678,0.04602,0.04693,0.04436,0.04386,0.04650,0.04744,0.04754,0.05397,0.05578,0.05224,0.05087,0.05139,0.06254,0.06173,0.05120,0.05083,0.05265
0.04349,0.04258,0.04831,0.04759,0.04884,0.04581,0.04524,0.04745,0.04773,0.04935,0.05036,0.05468,0.05278,0.05130,0.05144,0.05898,0.05706,0.05252,0.05077,0.05372
0.04089,0.03903,0.04780,0.04722,0.04802,0.04892,0.04929,0.04722,0.04752,0.04778,0.04996,0.05009,0.04974,0.05088,0.05201,0.06545,0.06418,0.05212,0.05109,0.05081
0.04468,0.04376,0.04902,0.04755,0.04875,0.04640,0.04651,0.04669,0.04666,0.04698,0.04970,0.05189,0.05051,0.05054,0.05162,0.06288,0.06145,0.05112,0.05081,0.05249
0.04268,0.04211,0.04651,0.04621,0.04782,0.04666,0.04573,0.04774,0.04833,0.04722,0.05523,0.05651,0.05021,0.05118,0.04972,0.05861,0.05968,0.05302,0.05057,0.05427
0.04713,0.04754,0.04840,0.04827,0.04881,0.04925,0.05000,0.04923,0.04817,0.04830,0.04898,0.05291,0.04957,0.04812,0.04935,0.05707,0.05441,0.05151,0.05099,0.05197
0.04103,0.04082,0.04609,0.04659,0.04739,0.04325,0.04262,0.04688,0.04618,0.04543,0.06210,0.05874,0.04807,0.05013,0.04989,0.06273,0.06208,0.05351,0.05152,0.05493
0.04809,0.04987,0.04893,0.04886,0.04954,0.04598,0.04680,0.04789,0.04893,0.04887,0.05280,0.05148,0.04940,0.04988,0.05041,0.05504,0.05290,0.05121,0.05093,0.05221
0.04775,0.04730,0.04978,0.04891,0.04901,0.04900,0.04827,0.04861,0.04887,0.04933,0.05080,0.05108,0.05099,0.05006,0.05010,0.05408,0.05239,0.05027,0.05105,0.05235
0.04896,0.04860,0.04875,0.04855,0.04943,0.04887,0.04671,0.04970,0.04875,0.04880,0.05067,0.05097,0.05086,0.05024,0.05079,0.05362,0.05430,0.05003,0.04984,0.05156
0.05090,0.05105,0.04974,0.05185,0.05099,0.04732,0.04793,0.04870,0.04890,0.04972,0.05140,0.04731,0.04697,0.05015,0.04958,0.05241,0.05148,0.05114,0.05101,0.05145
0.04315,0.04321,0.04718,0.04781,0.04716,0.04652,0.04655,0.04943,0.04778,0.04855,0.05363,0.05701,0.05042,0.04967,0.05122,0.05624,0.05563,0.05155,0.05270,0.05458
0.04686,0.04548,0.04659,0.04775,0.04907,0.04692,0.04612,0.04797,0.04867,0.04923,0.04865,0.05129,0.05101,0.05051,0.05210,0.06133,0.05953,0.04977,0.05046,0.05069
0.04806,0.04787,0.04929,0.04834,0.04898,0.05342,0.05309,0.04993,0.04979,0.04969,0.04806,0.04929,0.04947,0.04944,0.04942,0.05301,0.05202,0.05041,0.05042,0.04999
0.04492,0.04538,0.04732,0.04771,0.04773,0.04707,0.04686,0.04888,0.04766,0.04812,0.05660,0.05283,0.04686,0.04988,0.05003,0.05829,0.05839,0.05177,0.05080,0.05291
0.04636,0.04523,0.04837,0.04635,0.04847,0.04631,0.04626,0.04830,0.04865,0.04894,0.05112,0.05302,0.04884,0.04935,0.05034,0.05913,0.05833,0.05070,0.05242,0.05352
0.04629,0.04637,0.04733,0.04635,0.04758,0.04667,0.04730,0.04853,0.04726,0.04804,0.05531,0.05593,0.05188,0.05035,0.05107,0.05482,0.05416,0.05143,0.05101,0.05232
