0.07063,0.04289,0.04222,0.03931,0.02977,0.02142,0.01173,0.02705,0.01012,0.01520,0.04614,0.08858,0.24272,0.02981,0.02934,0.00793,0.00205,0.21914,0.00532,0.01863
0.01424,0.15884,0.01994,0.01561,0.02281,0.01773,0.11967,0.04641,0.01275,0.00880,0.10271,0.04329,0.16183,0.03038,0.00841,0.04339,0.00983,0.13386,0.00871,0.02079
0.00985,0.37817,0.05284,0.03644,0.02567,0.31177,0.01394,0.01663,0.00678,0.00982,0.02324,0.03147,0.00475,0.00361,0.03722,0.01754,0.01013,0.00367,0.00454,0.00194
0.00784,0.01551,0.07937,0.04679,0.29639,0.02688,0.00458,0.03109,0.02552,0.09542,0.01176,0.30416,0.00497,0.00507,0.00807,0.00317,0.00670,0.01904,0.00507,0.00261
0.05774,0.07997,0.00760,0.08502,0.02295,0.00455,0.01220,0.01157,0.01375,0.00603,0.03299,0.01236,0.31485,0.01001,0.01644,0.00604,0.01203,0.28637,0.00359,0.00395
0.00831,0.02467,0.04214,0.03087,0.13496,0.11278,0.10098,0.02784,0.03083,0.03252,0.03978,0.06531,0.01871,0.01570,0.00123,0.09415,0.02124,0.01725,0.07082,0.10990
0.01147,0.01808,0.09506,0.01364,0.27236,0.20065,0.03974,0.06010,0.02441,0.00951,0.12144,0.04006,0.00507,0.00533,0.00466,0.00472,0.06482,0.00447,0.00253,0.00187
0.00386,0.01596,0.01038,0.01485,0.01168,0.01615,0.01628,0.00821,0.43192,0.00879,0.01295,0.00962,0.01919,0.39397,0.00296,0.00415,0.00780,0.00346,0.00545,0.00239
0.15041,0.10900,0.01279,0.23104,0.04357,0.02135,0.00692,0.01539,0.01207,0.02705,0.00636,0.01122,0.01385,0.00905,0.23125,0.01608,0.01719,0.03757,0.01198,0.01589
0.04019,0.04467,0.01016,0.10705,0.35604,0.00835,0.00799,0.01361,0.00973,0.32221,0.01227,0.00873,0.01318,0.00467,0.01244,0.00479,0.00937,0.00686,0.00281,0.00487
0.02296,0.07762,0.08792,0.02469,0.15354,0.17342,0.15828,0.03513,0.03847,0.12682,0.01443,0.01894,0.01092,0.00714,0.01167,0.02314,0.00400,0.00440,0.00218,0.00434
0.01136,0.01708,0.01031,0.02088,0.19749,0.06189,0.03470,0.00997,0.01205,0.01223,0.03774,0.25729,0.10096,0.01515,0.00651,0.00325,0.01318,0.08635,0.02799,0.06360
0.01281,0.01330,0.01957,0.01335,0.01005,0.02094,0.01031,0.03603,0.00751,0.33436,0.01546,0.00345,0.02455,0.02736,0.01606,0.03363,0.07685,0.32198,0.00106,0.00136
0.04621,0.02289,0.02986,0.02277,0.31660,0.26494,0.04155,0.03693,0.01993,0.02675,0.02119,0.00591,0.02665,0.01675,0.00940,0.02957,0.05142,0.00304,0.00133,0.00632
0.09952,0.03738,0.18763,0.10916,0.01052,0.13106,0.03883,0.02265,0.17464,0.08526,0.03072,0.00547,0.00792,0.01864,0.00918,0.00336,0.01122,0.00743,0.00106,0.00835
0.01227,0.03120,0.01094,0.04396,0.02981,0.01055,0.04016,0.03306,0.02405,0.27674,0.01036,0.04784,0.34160,0.01018,0.00621,0.00430,0.01235,0.03684,0.00539,0.01219
0.00441,0.01589,0.41551,0.00741,0.00715,0.00467,0.01467,0.00447,0.00075,0.00636,0.45970,0.00952,0.00275,0.01280,0.00301,0.01025,0.00537,0.00200,0.00175,0.01156
0.02011,0.01717,0.01838,0.01609,0.25983,0.02899,0.04230,0.01146,0.00570,0.01049,0.00651,0.24780,0.00801,0.03392,0.24098,0.01478,0.00814,0.00425,0.00209,0.00299
0.05464,0.12403,0.02069,0.18731,0.00981,0.24991,0.20212,0.05533,0.00319,0.02769,0.01573,0.01359,0.00909,0.00426,0.00695,0.00481,0.00311,0.00290,0.00266,0.00215
0.23944,0.02513,0.18882,0.03427,0.00791,0.00677,0.02717,0.23096,0.00363,0.15439,0.00903,0.00836,0.00724,0.00987,0.01076,0.00978,0.01228,0.00123,0.00414,0.00879
0.01580,0.37356,0.03564,0.37221,0.02774,0.02584,0.02727,0.00934,0.00754,0.00554,0.03651,0.01215,0.00800,0.01141,0.00543,0.00404,0.01469,0.00299,0.00250,0.00180
0.02319,0.01419,0.06419,0.03606,0.01215,0.02456,0.07521,0.05376,0.00782,0.01486,0.02624,0.01092,0.03140,0.00570,0.00569,0.01116,0.01548,0.00937,0.30876,0.24929
0.20531,0.03389,0.02064,0.19761,0.00463,0.19226,0.19733,0.02936,0.00820,0.00677,0.02096,0.00923,0.01250,0.01101,0.00821,0.01093,0.01066,0.00406,0.01072,0.00570
0.01205,0.08555,0.01229,0.02775,0.12534,0.02911,0.04018,0.02421,0.02815,0.12287,0.00893,0.01911,0.02472,0.03268,0.17221,0.01475,0.00749,0.01204,0.11588,0.08468
0.00789,0.01095,0.01075,0.00736,0.01820,0.00648,0.03792,0.01986,0.00967,0.41334,0.01178,0.01014,0.40500,0.00585,0.00864,0.00715,0.00143,0.00172,0.00089,0.00500
0.02601,0.03387,0.18122,0.02207,0.02162,0.06910,0.02762,0.02694,0.01018,0.17925,0.01354,0.00502,0.04072,0.03994,0.01045,0.28327,0.00508,0.00185,0.00119,0.00105
0.01440,0.14574,0.00979,0.00744,0.19686,0.30162,0.13449,0.03975,0.01341,0.01664,0.01522,0.00422,0.01729,0.01767,0.04889,0.00294,0.00559,0.00190,0.00428,0.00185
0.01735,0.02930,0.01419,0.00278,0.00912,0.04925,0.01965,0.01594,0.00805,0.03497,0.00602,0.01686,0.36077,0.00731,0.00395,0.01708,0.03471,0.34094,0.00498,0.00680
0.02228,0.06157,0.03467,0.02148,0.04541,0.04247,0.02579,0.01549,0.00661,0.01239,0.05996,0.03719,0.26599,0.01148,0.00952,0.00403,0.04770,0.25897,0.00506,0.01195
0.06330,0.02092,0.01722,0.03517,0.00844,0.05541,0.04181,0.02720,0.01297,0.00556,0.02220,0.01767,0.28944,0.02307,0.00096,0.01136,0.00857,0.28082,0.01982,0.03812
0.04826,0.01398,0.05278,0.01128,0.03499,0.01612,0.00822,0.03923,0.01134,0.03238,0.03557,0.01198,0.31004,0.03363,0.00566,0.00791,0.00456,0.29668,0.00695,0.01845
0.00786,0.00891,0.01327,0.01447,0.03016,0.33746,0.01433,0.02023,0.01980,0.33435,0.12276,0.00419,0.00384,0.00644,0.01074,0.00454,0.00876,0.00509,0.01782,0.01498
0.01525,0.11372,0.10996,0.02391,0.02156,0.02396,0.03245,0.00407,0.01003,0.02785,0.04011,0.00780,0.27305,0.01328,0.00912,0.00833,0.04245,0.22123,0.00067,0.00121
0.02165,0.06132,0.03820,0.01992,0.01373,0.05887,0.36512,0.32427,0.02480,0.00809,0.01605,0.00896,0.00219,0.01256,0.00916,0.00385,0.00415,0.00345,0.00191,0.00174
0.03346,0.02426,0.15709,0.02976,0.01813,0.03434,0.07219,0.03774,0.02540,0.19101,0.05974,0.03551,0.01784,0.04758,0.00719,0.01014,0.05560,0.02395,0.04313,0.07595
0.10391,0.05848,0.03790,0.00943,0.01671,0.03362,0.06233,0.12061,0.01097,0.02586,0.03909,0.00542,0.20752,0.01725,0.00271,0.00803,0.03743,0.18932,0.00173,0.01166
0.11940,0.02879,0.27223,0.00953,0.04891,0.00797,0.01121,0.12804,0.02566,0.23324,0.03564,0.02309,0.00592,0.00350,0.01519,0.00678,0.00503,0.00377,0.01225,0.00386
0.01042,0.03502,0.33993,0.03993,0.02005,0.01535,0.05118,0.07044,0.16204,0.13458,0.04773,0.00644,0.01045,0.02400,0.00713,0.00602,0.00266,0.00471,0.00491,0.00701
0.20786,0.10648,0.02580,0.26939,0.05504,0.03215,0.05336,0.01973,0.01517,0.02129,0.02291,0.02480,0.00602,0.06668,0.01370,0.01535,0.01322,0.01452,0.00631,0.01021
0.03435,0.35050,0.03085,0.35352,0.02373,0.02335,0.01784,0.01066,0.01236,0.02825,0.01172,0.00147,0.05274,0.00897,0.00321,0.01338,0.00443,0.01189,0.00407,0.00271
0.00471,0.00831,0.17856,0.03615,0.19572,0.01444,0.02859,0.02739,0.18176,0.18641,0.00450,0.01333,0.00330,0.01280,0.02210,0.02351,0.00723,0.03106,0.00555,0.01458
0.02563,0.15932,0.04643,0.23115,0.14763,0.05245,0.04018,0.00344,0.00987,0.03182,0.00759,0.18246,0.01655,0.00404,0.01013,0.00736,0.00323,0.00739,0.00271,0.01062
0.02299,0.03214,0.02348,0.02360,0.33417,0.00737,0.01387,0.03849,0.03512,0.34867,0.03287,0.01009,0.00912,0.01066,0.00676,0.01092,0.00542,0.02692,0.00301,0.00431
0.02973,0.00968,0.02369,0.01588,0.00943,0.01771,0.02297,0.02327,0.01322,0.00654,0.07827,0.01131,0.20613,0.00838,0.17300,0.07112,0.04866,0.18366,0.00427,0.04307
0.03095,0.01191,0.01116,0.03771,0.02329,0.03847,0.03198,0.02509,0.01164,0.05819,0.01327,0.02670,0.03865,0.09873,0.01473,0.00312,0.01522,0.05672,0.21018,0.24228
0.32728,0.01850,0.03696,0.02359,0.08336,0.02076,0.02660,0.29904,0.01468,0.00806,0.02911,0.05754,0.00559,0.00359,0.01602,0.01176,0.00399,0.00218,0.00955,0.00186
0.00941,0.04010,0.02055,0.01995,0.19438,0.01882,0.02198,0.01010,0.18749,0.14425,0.02521,0.03591,0.00423,0.21896,0.00548,0.01974,0.00222,0.00672,0.00658,0.00794
0.12141,0.08223,0.01871,0.02335,0.11850,0.04180,0.01364,0.03093,0.03710,0.02472,0.08578,0.14668,0.01802,0.02035,0.06870,0.07587,0.01762,0.01615,0.02771,0.01071
0.00854,0.00668,0.21926,0.01267,0.03801,0.00706,0.01886,0.00855,0.05882,0.28568,0.04645,0.00933,0.17165,0.03787,0.00645,0.03757,0.00557,0.00456,0.00522,0.01120
0.03322,0.02238,0.08682,0.00851,0.24496,0.01415,0.00829,0.01262,0.01273,0.05704,0.01017,0.23010,0.00354,0.01633,0.23323,0.00073,0.00186,0.00066,0.00174,0.00092
0.00802,0.01636,0.04077,0.01709,0.06226,0.00991,0.01255,0.01580,0.02286,0.09666,0.04089,0.00868,0.02373,0.01101,0.02277,0.55743,0.00664,0.00697,0.01331,0.00629
0.10400,0.22694,0.01639,0.02243,0.02260,0.01420,0.01977,0.00998,0.14738,0.01293,0.01155,0.02981,0.00950,0.00846,0.00759,0.01192,0.00198,0.00772,0.14459,0.17028
0.00740,0.02683,0.03535,0.01914,0.07615,0.01833,0.04089,0.03129,0.01673,0.06672,0.01258,0.03468,0.01183,0.02358,0.01498,0.54454,0.01027,0.00527,0.00030,0.00315
0.01483,0.03265,0.01805,0.31061,0.04414,0.03425,0.01938,0.01486,0.06286,0.02240,0.03513,0.02793,0.01056,0.06099,0.00812,0.00874,0.00415,0.00668,0.25278,0.01090
0.01084,0.02330,0.02995,0.01391,0.01748,0.00682,0.36223,0.01664,0.04501,0.05629,0.01232,0.01383,0.00738,0.00523,0.01165,0.00967,0.34713,0.00608,0.00173,0.00252
0.06378,0.08209,0.05180,0.03912,0.04887,0.14851,0.01769,0.00871,0.03833,0.08978,0.04455,0.01029,0.13443,0.01945,0.00970,0.05358,0.00721,0.10221,0.02590,0.00399
0.00413,0.01800,0.37025,0.01282,0.04978,0.02057,0.00869,0.02066,0.35844,0.03162,0.01284,0.01064,0.01000,0.03214,0.00829,0.01035,0.00693,0.00475,0.00517,0.00394
0.02244,0.03581,0.04924,0.01208,0.30088,0.25713,0.01792,0.01142,0.00795,0.08268,0.04177,0.02560,0.00828,0.00905,0.08237,0.01608,0.00629,0.00169,0.00190,0.00942
0.01945,0.01073,0.34614,0.00919,0.02697,0.02052,0.01032,0.01717,0.05406,0.27098,0.01073,0.00252,0.03815,0.01476,0.01148,0.03402,0.01424,0.00869,0.02615,0.05371
0.01409,0.02348,0.01347,0.01954,0.02952,0.02926,0.35556,0.31148,0.01680,0.04704,0.00797,0.01954,0.02247,0.00468,0.03687,0.02153,0.00851,0.00610,0.00444,0.00766
0.01766,0.24365,0.03013,0.01047,0.03475,0.05789,0.24669,0.04414,0.09926,0.03974,0.12952,0.00401,0.00494,0.00793,0.00695,0.00463,0.00118,0.01132,0.00266,0.00247
0.07954,0.35640,0.00819,0.32645,0.01868,0.02264,0.01405,0.04914,0.02008,0.01227,0.01937,0.00339,0.01563,0.00988,0.00756,0.01101,0.01748,0.00199,0.00370,0.00255
0.16834,0.05949,0.00999,0.28950,0.01833,0.01518,0.00971,0.06686,0.00940,0.05351,0.05841,0.04048,0.00742,0.00976,0.06283,0.08920,0.01410,0.00566,0.00582,0.00602
0.21424,0.02526,0.01645,0.02927,0.05035,0.04522,0.26885,0.02720,0.03097,0.01623,0.01732,0.02041,0.04105,0.03332,0.01132,0.01194,0.02218,0.07927,0.00441,0.03475
0.03077,0.00962,0.03211,0.03890,0.02751,0.02554,0.01013,0.03329,0.05855,0.04637,0.01627,0.01228,0.00616,0.00920,0.03850,0.02675,0.01224,0.01283,0.25427,0.29870
0.04483,0.00956,0.04022,0.01170,0.03139,0.18764,0.15032,0.02628,0.05243,0.00903,0.03191,0.03983,0.03475,0.06740,0.09642,0.04823,0.08141,0.00823,0.01980,0.00863
0.38469,0.02423,0.01115,0.00920,0.02642,0.00590,0.01772,0.36806,0.01690,0.02564,0.05968,0.00623,0.00518,0.00688,0.00854,0.01001,0.00344,0.00733,0.00066,0.00214
0.00967,0.01033,0.01691,0.00967,0.01426,0.16614,0.18710,0.00288,0.00461,0.01887,0.01771,0.00338,0.00298,0.01191,0.48727,0.01975,0.00933,0.00218,0.00144,0.00361
0.01631,0.03521,0.01344,0.03364,0.00946,0.07347,0.00629,0.01434,0.04298,0.01525,0.04208,0.04077,0.06350,0.01622,0.03708,0.05023,0.00308,0.03709,0.22526,0.22430
0.02396,0.01771,0.39178,0.00774,0.01016,0.04429,0.00797,0.00226,0.00633,0.01711,0.43151,0.00287,0.00430,0.00789,0.00126,0.00604,0.00108,0.00471,0.00966,0.00138
0.05117,0.02407,0.01139,0.00858,0.01475,0.02009,0.30773,0.24561,0.01607,0.03911,0.03889,0.01627,0.04219,0.03893,0.00464,0.06525,0.01940,0.01198,0.00300,0.02087
0.03239,0.03009,0.05025,0.01917,0.02646,0.14992,0.15760,0.01888,0.02253,0.02623,0.07378,0.01136,0.02352,0.00690,0.01298,0.00845,0.05063,0.03103,0.11849,0.12936
0.07112,0.07104,0.07814,0.21031,0.19498,0.01960,0.09936,0.04525,0.03671,0.06362,0.01823,0.00977,0.01595,0.01342,0.00544,0.00120,0.02150,0.00152,0.01280,0.01002
0.03061,0.03943,0.10624,0.02813,0.03643,0.02584,0.06538,0.01938,0.01087,0.05968,0.04149,0.00483,0.01532,0.00381,0.01930,0.01116,0.00347,0.00605,0.26880,0.20379
0.09639,0.03564,0.01858,0.02743,0.01977,0.02600,0.23107,0.22034,0.02086,0.04213,0.02025,0.04215,0.03236,0.08302,0.01264,0.01896,0.01528,0.01182,0.01298,0.01234
0.01103,0.04488,0.09680,0.01867,0.01926,0.04124,0.34985,0.30906,0.01987,0.00709,0.02138,0.01503,0.00649,0.00986,0.00775,0.00250,0.00843,0.00324,0.00554,0.00201
0.00425,0.00774,0.43631,0.00633,0.00318,0.00181,0.45168,0.00869,0.01086,0.00337,0.03050,0.00331,0.00106,0.01425,0.00040,0.00976,0.00166,0.00130,0.00172,0.00183
0.02859,0.00997,0.15313,0.00895,0.05882,0.01010,0.01297,0.37719,0.01162,0.01061,0.25338,0.01573,0.00810,0.00437,0.00998,0.00241,0.00537,0.00356,0.00550,0.00966
0.02200,0.39957,0.40151,0.01635,0.01658,0.02102,0.01031,0.00383,0.01597,0.01085,0.02056,0.01289,0.00527,0.00553,0.00271,0.00617,0.02392,0.00188,0.00216,0.00092
0.00151,0.01638,0.00610,0.00406,0.37973,0.01035,0.01681,0.43269,0.00737,0.00820,0.01710,0.02687,0.01540,0.00424,0.01059,0.00397,0.01369,0.00999,0.00251,0.01243
0.02365,0.05242,0.03865,0.02438,0.02847,0.03581,0.02016,0.00799,0.29190,0.01879,0.03865,0.02924,0.01757,0.28681,0.01146,0.01189,0.01667,0.00241,0.01870,0.02436
0.31377,0.03398,0.01521,0.31717,0.01000,0.02656,0.04094,0.00279,0.01360,0.02131,0.06100,0.02102,0.00302,0.04100,0.00549,0.03927,0.00609,0.00901,0.00824,0.01054
0.03224,0.31326,0.07598,0.28251,0.02491,0.02311,0.00972,0.03548,0.04205,0.01734,0.01143,0.04026,0.01227,0.00980,0.00988,0.02423,0.00505,0.00644,0.01145,0.01260
0.01749,0.01560,0.02593,0.00848,0.36814,0.32001,0.00867,0.03111,0.00454,0.03273,0.03308,0.00991,0.00299,0.00616,0.00549,0.09604,0.00237,0.00243,0.00087,0.00795
0.00978,0.01516,0.01787,0.02406,0.04360,0.09409,0.07416,0.01709,0.01253,0.01898,0.01853,0.02797,0.29063,0.01794,0.00798,0.01880,0.00438,0.28119,0.00366,0.00160
0.01550,0.01121,0.06045,0.13311,0.23833,0.28494,0.01074,0.00709,0.00419,0.02385,0.01341,0.04835,0.00924,0.00504,0.02444,0.00474,0.00576,0.00261,0.09475,0.00224
0.03173,0.05506,0.01322,0.03192,0.02095,0.03551,0.23292,0.19907,0.00945,0.01944,0.04569,0.02079,0.10020,0.03437,0.01395,0.02004,0.01324,0.09149,0.00211,0.00886
0.05168,0.04109,0.05547,0.03061,0.15614,0.02873,0.05141,0.03639,0.00923,0.11271,0.02069,0.01330,0.15839,0.03607,0.00080,0.00711,0.02404,0.15270,0.00274,0.01071
0.00615,0.02644,0.00564,0.02189,0.39596,0.02969,0.01325,0.00639,0.00565,0.00254,0.01174,0.45090,0.00182,0.00827,0.00018,0.00360,0.00532,0.00167,0.00134,0.00154
0.38722,0.31996,0.00471,0.02313,0.00746,0.00954,0.15148,0.05433,0.00594,0.00161,0.00509,0.00490,0.00410,0.00120,0.00202,0.00349,0.00623,0.00405,0.00127,0.00225
0.03000,0.06759,0.06238,0.07118,0.18837,0.17004,0.02300,0.02188,0.01511,0.17965,0.00286,0.01148,0.00670,0.02381,0.01763,0.07111,0.02430,0.00162,0.00479,0.00647
0.01446,0.01189,0.02719,0.01196,0.04059,0.01996,0.03945,0.01405,0.01671,0.02355,0.03181,0.00245,0.00972,0.01423,0.04482,0.60997,0.05247,0.00347,0.00189,0.00939
0.09694,0.01928,0.01933,0.03336,0.01258,0.01643,0.25931,0.26011,0.00794,0.00229,0.01601,0.02354,0.00283,0.03599,0.14926,0.01608,0.00377,0.00228,0.01175,0.01094
0.11459,0.09098,0.00429,0.00575,0.01533,0.23213,0.19730,0.01630,0.01753,0.00812,0.03779,0.00833,0.00363,0.01417,0.17954,0.01582,0.01312,0.00212,0.00388,0.01929
0.01126,0.21959,0.24477,0.01244,0.03872,0.05292,0.05419,0.00329,0.00904,0.01757,0.00909,0.00721,0.01277,0.01556,0.00664,0.01066,0.00226,0.00563,0.14268,0.12372
0.00973,0.18112,0.02190,0.04087,0.04608,0.01174,0.25635,0.00955,0.00384,0.02112,0.05870,0.01160,0.04273,0.03194,0.00211,0.00681,0.00507,0.06046,0.08313,0.09516
0.03039,0.00575,0.02890,0.01040,0.17988,0.20062,0.03178,0.02562,0.00896,0.03563,0.06432,0.00701,0.20270,0.00459,0.01511,0.01787,0.00102,0.12030,0.00225,0.00689
0.15478,0.03062,0.08605,0.08654,0.01150,0.01395,0.09062,0.19278,0.04924,0.12497,0.01158,0.01223,0.04620,0.02033,0.00541,0.01529,0.01839,0.01094,0.00246,0.01613
0.01217,0.01897,0.02206,0.01847,0.00742,0.14526,0.10472,0.02116,0.01520,0.00469,0.00976,0.00251,0.25359,0.03408,0.02927,0.01382,0.03454,0.22316,0.02252,0.00664
0.01460,0.00953,0.00426,0.01081,0.03334,0.03702,0.06175,0.04628,0.00362,0.04360,0.01523,0.02320,0.06624,0.00813,0.01336,0.00360,0.00879,0.00225,0.30874,0.28565
0.04998,0.02514,0.22373,0.00998,0.12789,0.02728,0.03059,0.01786,0.02187,0.22012,0.00184,0.11074,0.03266,0.01517,0.00883,0.02826,0.00673,0.01657,0.01004,0.01471
0.04473,0.02350,0.02717,0.01676,0.16397,0.12908,0.01592,0.01977,0.01137,0.01601,0.01691,0.01884,0.07547,0.01446,0.00690,0.02034,0.01198,0.07650,0.14942,0.14088
0.33754,0.01135,0.02934,0.02245,0.00907,0.02076,0.07461,0.32118,0.00515,0.05237,0.00747,0.01451,0.00753,0.00779,0.00217,0.01944,0.04407,0.00227,0.00341,0.00752
0.02567,0.05035,0.07976,0.01322,0.07953,0.01788,0.04047,0.00999,0.03984,0.52028,0.01822,0.00922,0.00111,0.04028,0.01028,0.01151,0.01913,0.00633,0.00199,0.00494
0.02480,0.22663,0.04891,0.22949,0.16378,0.08302,0.02551,0.02941,0.01473,0.01315,0.02733,0.02145,0.00112,0.00362,0.01538,0.01295,0.00506,0.01630,0.00343,0.03395
0.02854,0.04636,0.13596,0.01111,0.00526,0.01949,0.01076,0.01255,0.06319,0.10719,0.00536,0.01056,0.03745,0.00869,0.01526,0.01908,0.00587,0.00504,0.22666,0.22562
0.02286,0.07144,0.02010,0.09299,0.02769,0.00977,0.00401,0.00933,0.04522,0.20255,0.03558,0.01611,0.00512,0.00505,0.00863,0.00348,0.01165,0.14949,0.13414,0.12478
0.01858,0.11880,0.10868,0.01891,0.03848,0.11309,0.16419,0.16361,0.03080,0.02260,0.03063,0.02682,0.01713,0.01442,0.02519,0.04034,0.02503,0.01194,0.00561,0.00514
0.00753,0.32233,0.05251,0.33343,0.02842,0.00180,0.00632,0.06796,0.00242,0.01091,0.02324,0.01424,0.02236,0.01288,0.01836,0.01150,0.00653,0.00459,0.00662,0.04606
0.02148,0.27756,0.01594,0.03960,0.05316,0.02665,0.02080,0.30456,0.01550,0.07219,0.06181,0.01671,0.00587,0.01221,0.00484,0.00590,0.02613,0.00520,0.00359,0.01030
0.02244,0.19253,0.06171,0.05828,0.11414,0.10800,0.16702,0.02037,0.05703,0.04844,0.03052,0.03673,0.01110,0.03398,0.00759,0.00361,0.00787,0.00944,0.00667,0.00253
0.03714,0.00951,0.00883,0.03304,0.01638,0.10756,0.03610,0.03334,0.01431,0.04215,0.03389,0.01423,0.25501,0.04491,0.00972,0.01100,0.03329,0.24180,0.01026,0.00753
0.41675,0.01723,0.01126,0.01264,0.01546,0.01424,0.01963,0.00644,0.01126,0.02104,0.00856,0.00662,0.01112,0.39784,0.00553,0.00619,0.00262,0.00523,0.00335,0.00699
0.00960,0.02329,0.03450,0.00897,0.38597,0.00772,0.01197,0.00955,0.01911,0.03877,0.00758,0.38302,0.01526,0.00473,0.01540,0.01421,0.00439,0.00246,0.00127,0.00223
0.00766,0.47003,0.45963,0.00215,0.00385,0.00487,0.00435,0.00048,0.00362,0.00259,0.00582,0.00565,0.00420,0.00725,0.00018,0.00259,0.00098,0.00522,0.00613,0.00276
0.01091,0.04955,0.08085,0.05682,0.00816,0.02976,0.28560,0.26735,0.01651,0.03134,0.02062,0.00601,0.02068,0.01031,0.01565,0.03254,0.03468,0.01240,0.00384,0.00641
0.01517,0.03248,0.05084,0.01835,0.01893,0.03645,0.01579,0.02114,0.00330,0.01614,0.04773,0.04058,0.00410,0.01055,0.00099,0.00802,0.01022,0.00731,0.29841,0.34351
0.00695,0.05330,0.00891,0.05501,0.01122,0.00881,0.01519,0.01785,0.72343,0.00446,0.02330,0.01589,0.00653,0.00529,0.00306,0.01714,0.00202,0.01664,0.00202,0.00298
0.24245,0.06556,0.02232,0.28036,0.02659,0.05718,0.03299,0.01441,0.01361,0.06789,0.05118,0.01703,0.01950,0.00978,0.01636,0.00854,0.01318,0.01117,0.02289,0.00701
0.07244,0.16884,0.00214,0.35175,0.01251,0.00303,0.01445,0.13908,0.00243,0.00976,0.02484,0.00955,0.01909,0.00359,0.00833,0.01154,0.13559,0.00271,0.00337,0.00497
0.01817,0.15176,0.05861,0.13160,0.01580,0.11046,0.12747,0.08042,0.02318,0.03112,0.05485,0.04540,0.03328,0.01221,0.01454,0.01220,0.03453,0.02651,0.00963,0.00825
0.04569,0.08728,0.03353,0.18708,0.00923,0.12049,0.14732,0.03545,0.04407,0.06024,0.06857,0.03113,0.00865,0.01367,0.04764,0.00927,0.02454,0.01711,0.00116,0.00788
0.01077,0.00926,0.02067,0.05105,0.37695,0.01067,0.02859,0.38281,0.00496,0.00560,0.01558,0.05317,0.00690,0.00219,0.00185,0.00652,0.00402,0.00578,0.00169,0.00098
0.04147,0.02866,0.02587,0.04793,0.07108,0.06618,0.09043,0.10324,0.03462,0.01934,0.01789,0.07687,0.07605,0.02697,0.01368,0.21500,0.02329,0.00457,0.00769,0.00918
0.13373,0.01781,0.01355,0.01578,0.13844,0.09483,0.04277,0.02532,0.01194,0.04873,0.01554,0.01215,0.11116,0.01841,0.00122,0.00891,0.28312,0.00252,0.00233,0.00174
0.02896,0.22706,0.10621,0.29789,0.01806,0.08233,0.02563,0.01427,0.00678,0.01380,0.06195,0.01261,0.00263,0.02624,0.00607,0.00855,0.01331,0.00488,0.04127,0.00150
0.01977,0.04494,0.01115,0.03679,0.11402,0.01831,0.02338,0.01634,0.00722,0.35503,0.01323,0.01249,0.01322,0.00768,0.01117,0.03019,0.00504,0.02789,0.10833,0.12383
0.34375,0.01601,0.07516,0.30739,0.01892,0.01248,0.01456,0.01290,0.04545,0.00442,0.02132,0.00884,0.00332,0.01169,0.01366,0.00588,0.00626,0.02602,0.03417,0.01782
0.07122,0.01384,0.02074,0.01863,0.02864,0.03559,0.14227,0.12560,0.02421,0.03417,0.01400,0.04452,0.04343,0.04354,0.01087,0.03502,0.03248,0.01030,0.11983,0.13110
0.00777,0.00854,0.02780,0.01772,0.38508,0.01114,0.06291,0.00465,0.01350,0.38144,0.01923,0.00438,0.02793,0.00602,0.00548,0.00431,0.00516,0.00117,0.00320,0.00255
0.01850,0.20708,0.03538,0.18703,0.16771,0.13716,0.02662,0.01338,0.01014,0.02638,0.02192,0.07051,0.01952,0.00558,0.01256,0.00843,0.02162,0.00400,0.00366,0.00281
0.01256,0.38013,0.35949,0.01819,0.00565,0.04827,0.01785,0.00943,0.01988,0.00527,0.01932,0.00219,0.00944,0.00710,0.00468,0.01790,0.02094,0.00696,0.00807,0.02670
0.26655,0.02715,0.07069,0.03249,0.03386,0.02826,0.02376,0.26324,0.01520,0.05382,0.04059,0.02822,0.00297,0.00650,0.04769,0.01951,0.02120,0.00547,0.00450,0.00833
0.00338,0.01200,0.01020,0.01330,0.01590,0.00317,0.00190,0.00807,0.00551,0.44607,0.01882,0.00710,0.43849,0.00551,0.00256,0.00297,0.00211,0.00090,0.00041,0.00163
0.00242,0.00494,0.01660,0.02874,0.00981,0.01509,0.01182,0.01359,0.35989,0.01098,0.02422,0.02616,0.00251,0.33066,0.09129,0.01955,0.00668,0.01141,0.00174,0.01191
0.01295,0.04027,0.12001,0.01706,0.05409,0.02212,0.01285,0.00951,0.00834,0.02289,0.13249,0.01646,0.04095,0.03638,0.00425,0.00205,0.00392,0.00562,0.23158,0.20619
0.07400,0.05345,0.02096,0.01269,0.02876,0.03124,0.31918,0.29317,0.07703,0.00261,0.01493,0.00257,0.00528,0.02757,0.00125,0.00405,0.00141,0.00494,0.00231,0.02262
0.01404,0.02665,0.29868,0.01599,0.00638,0.07473,0.17902,0.01269,0.00653,0.28234,0.01003,0.00256,0.01229,0.00712,0.00339,0.00524,0.02449,0.01059,0.00173,0.00553
0.00958,0.44102,0.01277,0.01272,0.01273,0.01042,0.43251,0.00497,0.00469,0.00855,0.00707,0.01027,0.00400,0.00822,0.00613,0.00314,0.00675,0.00160,0.00176,0.00112
0.03068,0.02997,0.04480,0.01880,0.21089,0.17260,0.03429,0.02824,0.25509,0.01435,0.00586,0.00584,0.02369,0.07876,0.01273,0.00903,0.00926,0.00527,0.00454,0.00531
0.01510,0.40049,0.01075,0.01387,0.00502,0.01139,0.37914,0.01028,0.00373,0.02811,0.03863,0.02037,0.00799,0.00441,0.00469,0.00566,0.00447,0.01025,0.00367,0.02198
0.01381,0.00885,0.01385,0.37937,0.00886,0.01283,0.41707,0.03628,0.00664,0.01050,0.00732,0.01314,0.01313,0.01696,0.00618,0.01734,0.00719,0.00763,0.00220,0.00084
0.13383,0.08690,0.03644,0.18148,0.01022,0.09440,0.01507,0.15809,0.01408,0.09445,0.07336,0.00874,0.01933,0.02185,0.00341,0.02058,0.01622,0.00467,0.00419,0.00269
0.01118,0.02953,0.03538,0.32002,0.38862,0.02535,0.01370,0.02646,0.01662,0.01543,0.00169,0.00185,0.00829,0.00684,0.04972,0.01111,0.02969,0.00263,0.00235,0.00352
0.19878,0.01235,0.13108,0.02433,0.00674,0.01531,0.01922,0.22510,0.00992,0.18852,0.03408,0.00687,0.08630,0.00960,0.00774,0.00288,0.00431,0.01076,0.00436,0.00176
0.09073,0.01576,0.33608,0.08812,0.00910,0.00767,0.04682,0.01798,0.26907,0.00521,0.02684,0.00484,0.02181,0.00890,0.00523,0.00369,0.01103,0.00903,0.01519,0.00690
0.05697,0.01826,0.01384,0.02502,0.12019,0.11223,0.01830,0.01161,0.31094,0.00996,0.03422,0.03074,0.00703,0.04200,0.01595,0.06963,0.01853,0.01585,0.02574,0.04296
0.02898,0.01172,0.01674,0.01920,0.20045,0.27351,0.03223,0.02590,0.02225,0.00917,0.04962,0.04362,0.00335,0.02532,0.00204,0.01865,0.09849,0.01345,0.04528,0.06006
0.03645,0.04858,0.03867,0.03570,0.02721,0.05558,0.26445,0.27338,0.03249,0.01707,0.03257,0.04034,0.03372,0.00384,0.00629,0.01505,0.01179,0.00759,0.01128,0.00795
0.00690,0.01176,0.33091,0.06552,0.05281,0.01165,0.02094,0.03824,0.01258,0.28797,0.03334,0.03413,0.03207,0.01433,0.01851,0.01427,0.00564,0.00445,0.00077,0.00320
0.01879,0.00851,0.12435,0.01164,0.07547,0.25754,0.22331,0.01200,0.00426,0.11049,0.02926,0.07795,0.00612,0.00830,0.01134,0.01070,0.00261,0.00229,0.00148,0.00358
0.02083,0.24540,0.07424,0.18698,0.05685,0.00507,0.04289,0.01621,0.01053,0.09974,0.00935,0.00872,0.00360,0.09854,0.02462,0.01212,0.01654,0.01178,0.00316,0.05282
0.02253,0.40110,0.02760,0.37337,0.00129,0.02144,0.00717,0.00860,0.01589,0.00546,0.01171,0.01367,0.00963,0.00589,0.00369,0.01354,0.01306,0.01095,0.02229,0.01112
0.01749,0.00727,0.01812,0.01675,0.00748,0.01805,0.01047,0.00881,0.02004,0.00540,0.01164,0.02114,0.03567,0.02523,0.00865,0.00843,0.01381,0.00704,0.36856,0.36995
0.02818,0.02466,0.34539,0.01904,0.05808,0.01853,0.05522,0.05116,0.26735,0.01155,0.00740,0.00732,0.03276,0.01149,0.01060,0.00514,0.00818,0.02583,0.00348,0.00865
0.02069,0.00708,0.02823,0.00678,0.41362,0.37854,0.00982,0.01239,0.00831,0.00646,0.01762,0.01833,0.00208,0.02569,0.01467,0.00286,0.00496,0.00151,0.00417,0.01619
0.01099,0.03060,0.00414,0.09808,0.23982,0.00658,0.01330,0.01380,0.12810,0.16116,0.03463,0.04706,0.01669,0.15221,0.01253,0.00472,0.00363,0.00748,0.00638,0.00809
0.00844,0.01175,0.02091,0.12213,0.04413,0.04795,0.00263,0.02355,0.04889,0.04345,0.03242,0.01803,0.00846,0.00977,0.34736,0.02959,0.00351,0.00742,0.12848,0.04112
0.09949,0.05765,0.03923,0.06351,0.02973,0.02125,0.18722,0.18133,0.05344,0.12475,0.02534,0.01151,0.01573,0.01997,0.01281,0.00970,0.02475,0.01397,0.00622,0.00240
0.02568,0.06962,0.06431,0.03303,0.06229,0.02359,0.03343,0.01310,0.02222,0.01714,0.01012,0.03923,0.23905,0.02710,0.00588,0.03603,0.04751,0.22046,0.00087,0.00933
0.04297,0.04009,0.11701,0.29034,0.01092,0.07331,0.08217,0.00418,0.01334,0.00147,0.00709,0.01205,0.02304,0.01161,0.03400,0.00353,0.01227,0.00693,0.20973,0.00395
0.01485,0.08390,0.24555,0.05889,0.01221,0.01599,0.01067,0.06241,0.22263,0.01317,0.06533,0.02949,0.00543,0.04125,0.02451,0.05367,0.01212,0.00483,0.00915,0.01396
0.14405,0.11983,0.05555,0.20517,0.10997,0.01936,0.03085,0.02205,0.01863,0.08153,0.02261,0.00558,0.07239,0.01287,0.00279,0.00938,0.01729,0.03402,0.00372,0.01237
0.04216,0.01664,0.01559,0.01880,0.03896,0.02251,0.34091,0.31333,0.02427,0.03905,0.00562,0.01338,0.02072,0.01929,0.01076,0.00943,0.00490,0.00227,0.00529,0.03610
0.06918,0.02921,0.06803,0.01725,0.06762,0.01766,0.01871,0.11671,0.03563,0.03594,0.02813,0.13593,0.02664,0.07276,0.09638,0.01668,0.02675,0.00503,0.04417,0.07158
0.00859,0.00953,0.15261,0.15968,0.02356,0.01920,0.02367,0.17072,0.03342,0.15625,0.03494,0.03488,0.07899,0.01713,0.04554,0.00880,0.00614,0.00996,0.00414,0.00225
0.02270,0.00698,0.00652,0.00337,0.00403,0.00800,0.00482,0.00519,0.00457,0.01212,0.00558,0.00216,0.01289,0.00554,0.87298,0.00525,0.00141,0.01010,0.00148,0.00432
0.07903,0.00942,0.01859,0.02100,0.32846,0.02375,0.01436,0.02361,0.00758,0.27485,0.10087,0.03192,0.00902,0.00866,0.01325,0.00245,0.01157,0.00205,0.00800,0.01156
0.01107,0.35918,0.34271,0.03592,0.02054,0.01485,0.00370,0.00682,0.03178,0.00578,0.01822,0.00887,0.00476,0.00421,0.03265,0.00386,0.08315,0.00638,0.00053,0.00502
0.00474,0.44878,0.00714,0.44412,0.00541,0.00618,0.00544,0.00696,0.00736,0.00674,0.00268,0.00491,0.00711,0.01760,0.00865,0.00368,0.00336,0.00428,0.00277,0.00208
0.00390,0.01295,0.10835,0.01822,0.01572,0.00775,0.02013,0.04481,0.03688,0.08856,0.01729,0.00454,0.01014,0.02866,0.52229,0.01028,0.02577,0.00461,0.01032,0.00883
0.01092,0.00199,0.02897,0.44369,0.00476,0.00260,0.00411,0.02710,0.00990,0.00480,0.00099,0.00511,0.00705,0.00699,0.00195,0.00287,0.00454,0.00079,0.42379,0.00706
0.05316,0.03962,0.06390,0.03029,0.23503,0.21661,0.04218,0.05113,0.00827,0.02023,0.02272,0.01319,0.06172,0.01258,0.02343,0.01769,0.00963,0.06433,0.00739,0.00689
0.00791,0.01592,0.03917,0.01121,0.14408,0.13826,0.21530,0.01093,0.00906,0.02208,0.04862,0.02057,0.01450,0.03333,0.01078,0.01126,0.18553,0.01245,0.02241,0.02660
0.00310,0.28744,0.12505,0.01840,0.01948,0.01707,0.02726,0.24508,0.13553,0.00755,0.02179,0.01006,0.01584,0.01364,0.00618,0.00743,0.02588,0.00848,0.00145,0.00327
0.01419,0.00362,0.04414,0.01627,0.16114,0.05778,0.08138,0.02220,0.01655,0.05782,0.00769,0.17091,0.00668,0.02301,0.00945,0.02035,0.00331,0.02827,0.12493,0.13029
0.00712,0.33059,0.11301,0.02542,0.10845,0.00376,0.02878,0.02113,0.29088,0.02016,0.00940,0.00944,0.00830,0.00532,0.00151,0.00390,0.00285,0.00441,0.00246,0.00311
0.00962,0.01552,0.00455,0.04866,0.04574,0.02206,0.01974,0.04040,0.01683,0.00602,0.03609,0.17188,0.00790,0.01194,0.00576,0.44059,0.07558,0.00990,0.00282,0.00839
0.04776,0.04455,0.05087,0.02858,0.03039,0.34547,0.32213,0.02416,0.01142,0.02400,0.00954,0.00832,0.02542,0.00122,0.00733,0.00501,0.00262,0.00492,0.00479,0.00151
0.13175,0.25790,0.01910,0.16089,0.00874,0.01031,0.02333,0.27251,0.01315,0.00638,0.01231,0.03164,0.01135,0.00881,0.00315,0.00345,0.00492,0.00098,0.00305,0.01630
0.01056,0.06931,0.11210,0.01547,0.02579,0.03974,0.30488,0.28241,0.01885,0.01672,0.01891,0.00126,0.01878,0.01188,0.01383,0.01047,0.00603,0.00395,0.00253,0.01651
0.02087,0.02591,0.11453,0.05825,0.04719,0.03220,0.05924,0.01519,0.02703,0.10044,0.02739,0.03537,0.16866,0.00444,0.01974,0.04147,0.00648,0.16700,0.00486,0.02376
0.05127,0.03162,0.01454,0.01389,0.00894,0.01609,0.01386,0.06807,0.04438,0.01065,0.04512,0.03685,0.06757,0.02696,0.00487,0.01778,0.03437,0.06873,0.21065,0.21379
0.01899,0.01380,0.01957,0.06764,0.02045,0.03130,0.09861,0.15073,0.15573,0.03015,0.01945,0.00621,0.14602,0.01365,0.01037,0.00753,0.01801,0.16123,0.00616,0.00440
0.00370,0.02446,0.39014,0.01571,0.02428,0.00685,0.00620,0.01863,0.00926,0.39595,0.02258,0.01257,0.03968,0.01420,0.00629,0.00333,0.00244,0.00012,0.00039,0.00321
0.28838,0.36397,0.01040,0.01630,0.01830,0.00882,0.01185,0.00576,0.08571,0.08348,0.00567,0.00781,0.06566,0.00725,0.00315,0.00849,0.00299,0.00225,0.00125,0.00250
0.02587,0.03007,0.04298,0.01272,0.33666,0.02237,0.00501,0.02308,0.04438,0.32536,0.00595,0.03738,0.00360,0.00916,0.00710,0.00745,0.03466,0.00128,0.01424,0.01067
0.22378,0.21529,0.00804,0.01314,0.01855,0.01097,0.02936,0.01834,0.03447,0.03163,0.01144,0.02076,0.02522,0.01418,0.05605,0.02016,0.01196,0.00999,0.11895,0.10771
0.01281,0.02273,0.01105,0.00771,0.02398,0.37486,0.02914,0.04846,0.01629,0.33152,0.01132,0.02252,0.00686,0.01128,0.00837,0.00855,0.01328,0.02999,0.00712,0.00215
0.07533,0.17688,0.03937,0.04034,0.02823,0.02456,0.12414,0.15828,0.07291,0.13806,0.01089,0.01342,0.01446,0.03478,0.01154,0.00673,0.00814,0.01329,0.00576,0.00288
0.02473,0.02506,0.01812,0.02813,0.01287,0.00488,0.01612,0.01791,0.36526,0.00078,0.01392,0.01826,0.01108,0.36248,0.05186,0.01602,0.00300,0.00321,0.00221,0.00412
0.01683,0.08160,0.10800,0.03786,0.02000,0.02755,0.30490,0.27215,0.01211,0.01365,0.00518,0.00753,0.00357,0.03973,0.01010,0.00910,0.02160,0.00303,0.00186,0.00361
0.03740,0.01669,0.24401,0.03850,0.02396,0.01165,0.09970,0.11864,0.02544,0.00490,0.24545,0.01108,0.00933,0.01715,0.02215,0.00490,0.04406,0.01114,0.00727,0.00658
0.01857,0.01089,0.01679,0.02352,0.03251,0.01588,0.01339,0.01711,0.00376,0.77737,0.00407,0.00966,0.01898,0.00876,0.01180,0.00313,0.00261,0.00673,0.00167,0.00280
0.02986,0.07257,0.06463,0.02641,0.02872,0.01462,0.01131,0.01285,0.01824,0.02263,0.04225,0.07636,0.13985,0.01052,0.26552,0.01040,0.03846,0.10837,0.00434,0.00211
0.34817,0.01662,0.02965,0.02329,0.41893,0.01438,0.01460,0.02586,0.02105,0.01137,0.00485,0.01463,0.01914,0.00319,0.00826,0.00711,0.00492,0.00443,0.00590,0.00365
0.00538,0.02744,0.80670,0.01639,0.00813,0.01864,0.00565,0.00940,0.00585,0.02452,0.02450,0.01261,0.01752,0.00390,0.00396,0.00237,0.00096,0.00115,0.00314,0.00181
0.04114,0.03970,0.02504,0.04199,0.28227,0.24326,0.02126,0.03459,0.00992,0.07194,0.01077,0.03790,0.02808,0.01944,0.01054,0.00492,0.01195,0.05264,0.00312,0.00952
0.40977,0.01321,0.01050,0.02081,0.03123,0.01540,0.00539,0.36975,0.01574,0.00583,0.02252,0.02462,0.00173,0.00594,0.01163,0.02464,0.00240,0.00152,0.00204,0.00533
0.01735,0.27501,0.30790,0.01129,0.00596,0.01735,0.01170,0.01628,0.05165,0.01943,0.02111,0.02643,0.02022,0.00885,0.01298,0.04257,0.04146,0.00183,0.05330,0.03733
0.01378,0.01325,0.01522,0.00916,0.00891,0.01935,0.00953,0.01652,0.83105,0.00708,0.01232,0.00333,0.00739,0.00813,0.00662,0.00538,0.00403,0.00189,0.00290,0.00417
0.02875,0.16354,0.21354,0.20087,0.17007,0.00238,0.00817,0.00621,0.00275,0.09226,0.05070,0.00710,0.00635,0.01725,0.00314,0.00927,0.00327,0.00775,0.00541,0.00121
0.04659,0.03575,0.03549,0.00779,0.02752,0.11532,0.25299,0.26897,0.03193,0.01824,0.00749,0.00921,0.00737,0.00264,0.03271,0.01002,0.05533,0.00368,0.01820,0.01278
0.00814,0.02182,0.02632,0.37272,0.42222,0.01299,0.01336,0.00803,0.00581,0.00569,0.01135,0.02150,0.01113,0.00494,0.02251,0.00514,0.00471,0.00200,0.00729,0.01236
0.03381,0.02269,0.07814,0.08270,0.24549,0.07351,0.03760,0.01308,0.01701,0.05713,0.03054,0.24135,0.00567,0.00518,0.00279,0.00406,0.02061,0.01098,0.00731,0.01036
0.07776,0.04461,0.18850,0.00344,0.00270,0.01518,0.01127,0.01730,0.03079,0.18348,0.01797,0.00653,0.10053,0.01444,0.03822,0.01686,0.00310,0.09738,0.06762,0.06231
0.06976,0.03588,0.06804,0.03413,0.01739,0.23121,0.22002,0.01625,0.01043,0.01321,0.00410,0.02287,0.00550,0.01487,0.02081,0.01222,0.00504,0.01126,0.09470,0.09229
0.03371,0.03079,0.06752,0.02299,0.01218,0.00854,0.02750,0.04120,0.57376,0.02829,0.01209,0.00478,0.01282,0.04128,0.02520,0.00915,0.00790,0.00414,0.00349,0.03265
0.36504,0.02011,0.00872,0.02044,0.01779,0.01244,0.00646,0.00734,0.02161,0.01670,0.02300,0.01777,0.02368,0.37185,0.00177,0.02445,0.00266,0.02799,0.00467,0.00549
0.01654,0.01948,0.02376,0.01993,0.02364,0.02620,0.00880,0.03035,0.00970,0.02567,0.02128,0.01179,0.02197,0.03294,0.09024,0.04626,0.04804,0.01763,0.25331,0.25244
0.14784,0.02365,0.06415,0.11323,0.04407,0.02219,0.05429,0.07538,0.07520,0.02667,0.11276,0.01469,0.01770,0.16102,0.00376,0.00262,0.01743,0.01492,0.00691,0.00151
0.05950,0.01469,0.00775,0.00593,0.03444,0.40678,0.32124,0.01368,0.00863,0.00524,0.01988,0.00637,0.00923,0.01967,0.01144,0.03053,0.00587,0.00318,0.00720,0.00874
0.11353,0.02656,0.04350,0.01139,0.06944,0.05756,0.03345,0.00844,0.00710,0.00400,0.00791,0.05714,0.02272,0.00831,0.01088,0.00801,0.14610,0.00633,0.16912,0.18850
0.00866,0.03723,0.05587,0.02144,0.20832,0.02499,0.08137,0.00793,0.01604,0.19209,0.04087,0.01386,0.01610,0.01450,0.01433,0.11661,0.05604,0.00798,0.03518,0.03060
0.01114,0.19506,0.03452,0.02975,0.02057,0.02126,0.02756,0.16723,0.00906,0.01153,0.03037,0.05470,0.16086,0.00758,0.00810,0.01760,0.02653,0.14493,0.01275,0.00888
0.10103,0.05308,0.24926,0.01249,0.00746,0.01301,0.00761,0.11132,0.11024,0.21334,0.02818,0.00796,0.04010,0.00764,0.00453,0.00424,0.01833,0.00900,0.00066,0.00053
0.01390,0.01639,0.00317,0.00784,0.00653,0.42805,0.00823,0.00934,0.00502,0.36907,0.00374,0.00434,0.00683,0.01009,0.00892,0.01355,0.00425,0.07455,0.00166,0.00453
0.02192,0.37892,0.00941,0.38243,0.01803,0.03257,0.02455,0.00355,0.00626,0.00577,0.04890,0.02879,0.00790,0.00303,0.00307,0.00853,0.00458,0.00456,0.00392,0.00332
0.24330,0.00863,0.01184,0.00464,0.02453,0.02480,0.05238,0.26475,0.02093,0.04109,0.01637,0.01710,0.08523,0.03782,0.00941,0.03800,0.00923,0.04059,0.01582,0.03352
0.02822,0.02395,0.01411,0.33278,0.03488,0.01049,0.36133,0.04466,0.01193,0.01657,0.02225,0.00491,0.02254,0.01891,0.00162,0.02358,0.01050,0.00838,0.00309,0.00528
0.01799,0.02583,0.01382,0.01289,0.20727,0.19639,0.02362,0.01212,0.17599,0.22313,0.01537,0.02821,0.01133,0.01004,0.00286,0.00752,0.00905,0.00187,0.00292,0.00176
0.13260,0.07869,0.02009,0.02097,0.10394,0.08423,0.03448,0.15005,0.01505,0.00376,0.01567,0.05888,0.02389,0.00860,0.01002,0.01221,0.00698,0.00390,0.13015,0.08582
0.00309,0.04990,0.33688,0.03692,0.04581,0.00536,0.00070,0.07063,0.01422,0.33153,0.02533,0.00159,0.04048,0.00473,0.00195,0.00102,0.01259,0.00707,0.00731,0.00289
0.39301,0.01776,0.05071,0.00421,0.00773,0.03725,0.00930,0.00496,0.00696,0.42135,0.00737,0.00178,0.00707,0.00231,0.00775,0.00717,0.00700,0.00097,0.00313,0.00221
0.01505,0.03157,0.02133,0.02822,0.02911,0.22203,0.16739,0.01018,0.01988,0.02269,0.03554,0.03952,0.14425,0.01267,0.01536,0.02538,0.01914,0.12940,0.00166,0.00962
0.04820,0.04889,0.01733,0.01619,0.29876,0.01660,0.02091,0.03215,0.01392,0.01616,0.01949,0.33306,0.01168,0.04735,0.00738,0.00508,0.00982,0.00468,0.00184,0.03051
0.04012,0.00405,0.32537,0.01657,0.02658,0.01444,0.31561,0.02007,0.01186,0.02245,0.01600,0.00934,0.02270,0.01635,0.00425,0.01216,0.00334,0.00933,0.05310,0.05633
0.00619,0.31783,0.03677,0.31083,0.01224,0.01766,0.03077,0.01922,0.02526,0.02134,0.01770,0.01738,0.07945,0.02083,0.01675,0.01013,0.01106,0.01965,0.00545,0.00348
0.03964,0.02303,0.01414,0.01831,0.04534,0.04449,0.02221,0.02420,0.00449,0.05085,0.02763,0.01419,0.30949,0.00275,0.00543,0.01075,0.03828,0.29340,0.00486,0.00651
0.02251,0.01379,0.19596,0.03774,0.08116,0.04786,0.04881,0.01948,0.02585,0.18069,0.05431,0.10603,0.04865,0.01232,0.02941,0.01686,0.02740,0.00636,0.01172,0.01308
0.02255,0.02195,0.02822,0.06294,0.03851,0.08515,0.16638,0.19927,0.01980,0.02373,0.09369,0.02263,0.04282,0.00470,0.00451,0.00884,0.06009,0.00532,0.02901,0.05988
0.00455,0.05040,0.02191,0.36780,0.41045,0.01332,0.02103,0.01410,0.00765,0.01092,0.01841,0.00683,0.00492,0.01496,0.01255,0.00683,0.00666,0.00144,0.00324,0.00201
0.06551,0.01927,0.01338,0.03207,0.02017,0.02522,0.01399,0.01407,0.00735,0.06105,0.02108,0.02202,0.25801,0.05827,0.04548,0.00819,0.05626,0.24812,0.00336,0.00712
0.00640,0.03380,0.04231,0.01625,0.02861,0.35137,0.32291,0.03685,0.02381,0.01027,0.01784,0.01163,0.01124,0.01079,0.00196,0.02871,0.01397,0.00218,0.00261,0.02648
0.01052,0.01420,0.03076,0.31784,0.02881,0.00954,0.05877,0.34500,0.01482,0.03306,0.00961,0.02234,0.00167,0.00398,0.05303,0.00722,0.02228,0.00303,0.00725,0.00628
0.11735,0.19190,0.01402,0.19676,0.04157,0.01607,0.01964,0.21146,0.01100,0.01644,0.06793,0.03550,0.00473,0.00710,0.00723,0.01232,0.00165,0.00092,0.01441,0.01202
0.15036,0.01030,0.05633,0.02553,0.28613,0.04587,0.02519,0.03764,0.03423,0.12837,0.02925,0.01197,0.01247,0.01405,0.01215,0.02492,0.02320,0.01124,0.00795,0.05286
0.01541,0.04872,0.29512,0.01055,0.07723,0.01489,0.00995,0.06654,0.01284,0.27020,0.02491,0.06070,0.04648,0.00936,0.00647,0.00696,0.00755,0.00892,0.00135,0.00587
0.16372,0.01290,0.01377,0.19618,0.01172,0.02757,0.04702,0.04689,0.18756,0.00660,0.01242,0.01504,0.01031,0.18653,0.00910,0.03038,0.00667,0.00464,0.00387,0.00710
0.01784,0.06006,0.06234,0.06333,0.03310,0.22072,0.04168,0.06648,0.02333,0.21984,0.02976,0.04147,0.00504,0.01790,0.02030,0.03805,0.01352,0.01518,0.00646,0.00359
0.31980,0.01466,0.00513,0.04698,0.10752,0.01731,0.29623,0.01386,0.01380,0.01043,0.01161,0.04961,0.00691,0.02073,0.01409,0.02673,0.01203,0.00352,0.00177,0.00727
0.01054,0.39599,0.02211,0.40309,0.01643,0.01108,0.01994,0.00864,0.01818,0.01016,0.02746,0.00626,0.01063,0.00449,0.00217,0.00584,0.00898,0.00505,0.00685,0.00610
0.02115,0.01762,0.06561,0.00713,0.04573,0.02095,0.01797,0.01034,0.05281,0.03053,0.02730,0.00592,0.30877,0.00718,0.02463,0.01455,0.02153,0.28462,0.00362,0.01203
0.01420,0.03438,0.01804,0.01919,0.05580,0.00820,0.03081,0.07929,0.04056,0.09335,0.03095,0.02192,0.01021,0.01237,0.01609,0.00932,0.01735,0.00676,0.27143,0.20978
0.00739,0.01300,0.18249,0.01367,0.11774,0.04894,0.16595,0.01476,0.12839,0.09829,0.01308,0.00224,0.00912,0.13113,0.00658,0.01942,0.01432,0.00781,0.00054,0.00514
0.04590,0.03121,0.01282,0.00562,0.02342,0.09438,0.01149,0.00981,0.01708,0.12633,0.01844,0.02232,0.25180,0.01275,0.01222,0.00049,0.00261,0.27396,0.01388,0.01349
0.13729,0.12766,0.06616,0.04590,0.02708,0.04483,0.03712,0.08323,0.04816,0.06003,0.06437,0.01111,0.00825,0.02709,0.07684,0.02426,0.01320,0.00865,0.02268,0.06610
0.00949,0.31634,0.04505,0.34003,0.06098,0.01568,0.00147,0.01185,0.01210,0.04858,0.01132,0.03968,0.02038,0.01477,0.01501,0.01170,0.00494,0.00421,0.00845,0.00796
0.40663,0.02102,0.00201,0.04027,0.00803,0.02288,0.04631,0.36477,0.00835,0.01756,0.01342,0.00350,0.00602,0.00243,0.00488,0.00488,0.00796,0.00516,0.00657,0.00734
0.17443,0.12479,0.01524,0.20405,0.04784,0.04402,0.03221,0.03644,0.01212,0.04052,0.02278,0.02449,0.04424,0.01876,0.01928,0.04165,0.04660,0.02943,0.01124,0.00988
