0.01206,0.30114,0.01086,0.01126,0.00985,0.31284,0.05067,0.01039,0.06980,0.01591,0.01141,0.02561,0.00965,0.05649,0.01179,0.01105,0.06922
0.01567,0.18422,0.02415,0.00929,0.11032,0.26753,0.01494,0.07046,0.05188,0.08567,0.04277,0.00991,0.04982,0.01510,0.01063,0.00867,0.02899
0.00968,0.10292,0.00634,0.01042,0.06660,0.11952,0.01177,0.11896,0.16628,0.05478,0.02076,0.00967,0.01236,0.12039,0.00641,0.00707,0.15605
0.01008,0.21315,0.00857,0.00947,0.02656,0.22585,0.11463,0.02093,0.07312,0.02389,0.01131,0.02122,0.01262,0.11988,0.01289,0.01314,0.08268
0.01130,0.30789,0.01372,0.02382,0.01459,0.32194,0.01436,0.08030,0.02609,0.07211,0.02749,0.00715,0.01264,0.01780,0.00788,0.01958,0.02133
0.00639,0.36270,0.00758,0.00856,0.00984,0.23542,0.15751,0.07122,0.00904,0.00831,0.00661,0.01424,0.01141,0.06919,0.00452,0.00799,0.00946
0.10188,0.27597,0.02136,0.01692,0.02572,0.28660,0.02112,0.02004,0.01973,0.01556,0.01466,0.10221,0.01462,0.03377,0.01123,0.00786,0.01077
0.01190,0.21721,0.01505,0.03319,0.01290,0.22735,0.03622,0.08099,0.08098,0.08653,0.01102,0.01035,0.01022,0.03401,0.01670,0.01777,0.09763
0.00595,0.24872,0.00898,0.01554,0.12660,0.35628,0.00942,0.03817,0.02308,0.04438,0.01632,0.01079,0.01648,0.01714,0.01093,0.01477,0.03645
0.24116,0.09364,0.01321,0.00448,0.01583,0.10016,0.09842,0.01607,0.00929,0.01221,0.01501,0.23982,0.01033,0.10695,0.00820,0.00475,0.01047
0.00503,0.27549,0.01438,0.01689,0.07121,0.28915,0.01665,0.05578,0.05216,0.05260,0.01014,0.00570,0.01752,0.05707,0.00753,0.00597,0.04673
0.03061,0.26109,0.00661,0.10948,0.01376,0.27583,0.03066,0.01593,0.00777,0.01833,0.00880,0.06239,0.00837,0.03081,0.09267,0.01559,0.01129
0.00710,0.25692,0.01534,0.01237,0.01676,0.27288,0.01664,0.08988,0.05463,0.07800,0.00919,0.00697,0.01583,0.02369,0.01255,0.00642,0.10483
0.00713,0.21084,0.00673,0.02073,0.16818,0.37007,0.01517,0.03201,0.01437,0.03557,0.00923,0.01941,0.01065,0.02234,0.01830,0.02089,0.01841
0.01471,0.28146,0.01251,0.02037,0.05212,0.28680,0.01921,0.09363,0.01185,0.04516,0.01027,0.01269,0.01168,0.08837,0.01078,0.01427,0.01411
0.03575,0.23815,0.02939,0.01901,0.01731,0.24216,0.11800,0.00873,0.05875,0.00829,0.01623,0.02333,0.01364,0.10436,0.01123,0.00817,0.04750
0.00779,0.27516,0.02591,0.02026,0.07006,0.33371,0.02925,0.01244,0.03161,0.01554,0.01428,0.03034,0.04559,0.01257,0.00960,0.02856,0.03734
0.01863,0.35073,0.00685,0.01063,0.06362,0.35516,0.05549,0.00791,0.00742,0.04628,0.00802,0.01761,0.00574,0.02306,0.00770,0.00542,0.00973
0.01960,0.18214,0.01937,0.01125,0.02612,0.20088,0.15454,0.02033,0.04343,0.02326,0.02164,0.02298,0.01303,0.14674,0.01793,0.00911,0.06763
0.01590,0.24091,0.02866,0.09344,0.02367,0.26844,0.01007,0.02545,0.05777,0.01863,0.02210,0.00768,0.03169,0.02401,0.00401,0.08624,0.04131
0.10411,0.16102,0.03618,0.01701,0.02029,0.18032,0.07402,0.01553,0.03863,0.01387,0.02176,0.09877,0.07506,0.08711,0.01237,0.01036,0.03359
0.01977,0.23414,0.01431,0.01148,0.09795,0.31173,0.01834,0.01081,0.07306,0.02208,0.01808,0.02332,0.01505,0.01720,0.00962,0.01481,0.08827
0.01447,0.29392,0.03440,0.00787,0.02252,0.31420,0.01272,0.09208,0.02824,0.00941,0.01608,0.00956,0.02291,0.08907,0.00796,0.00551,0.01907
0.22184,0.16926,0.01995,0.01561,0.00529,0.18032,0.02463,0.02189,0.01342,0.01752,0.00742,0.22200,0.00755,0.01247,0.01049,0.01304,0.03730
0.04482,0.23495,0.02032,0.00625,0.10535,0.18594,0.07925,0.01925,0.03904,0.09632,0.01425,0.04158,0.01156,0.02538,0.01665,0.01078,0.04831
0.12991,0.20558,0.02403,0.05790,0.01164,0.21675,0.03184,0.02099,0.01114,0.02243,0.01485,0.13571,0.01944,0.03113,0.05017,0.00704,0.00944
0.01642,0.29614,0.01349,0.05495,0.02306,0.31061,0.02106,0.06115,0.01161,0.07071,0.01227,0.00999,0.01055,0.02058,0.00837,0.04955,0.00949
0.00971,0.19652,0.03020,0.01086,0.04470,0.24360,0.01045,0.03901,0.03199,0.01240,0.08558,0.02367,0.05600,0.03339,0.13636,0.01274,0.02283
0.00488,0.22913,0.07491,0.00410,0.01088,0.25663,0.00746,0.04361,0.06809,0.01880,0.00610,0.00497,0.12013,0.01209,0.00505,0.00605,0.12712
0.11145,0.12504,0.05398,0.06703,0.01244,0.12956,0.05771,0.01139,0.03307,0.00819,0.01869,0.13245,0.08231,0.04352,0.05933,0.01377,0.04006
0.00802,0.27262,0.01420,0.01547,0.03640,0.29635,0.00591,0.11884,0.01052,0.04623,0.00702,0.01673,0.01024,0.09707,0.00439,0.02072,0.01928
0.01675,0.22529,0.01297,0.02104,0.11279,0.31970,0.02111,0.03125,0.02489,0.05470,0.01581,0.04193,0.01436,0.02225,0.00865,0.04085,0.01566
0.01064,0.29082,0.01262,0.01569,0.03504,0.32497,0.01067,0.02695,0.07731,0.02674,0.03053,0.01419,0.01313,0.02086,0.01212,0.01564,0.06209
0.01863,0.18704,0.01144,0.01225,0.16400,0.32132,0.03804,0.03014,0.02168,0.02226,0.01317,0.05922,0.01127,0.03792,0.00607,0.02860,0.01695
0.01509,0.26367,0.00712,0.11877,0.01664,0.28565,0.01436,0.03382,0.01807,0.02776,0.00755,0.01915,0.00655,0.02055,0.00690,0.12386,0.01449
0.00597,0.19001,0.01361,0.13244,0.02320,0.21267,0.10753,0.01732,0.02451,0.00770,0.02224,0.00561,0.01625,0.09871,0.10227,0.00654,0.01344
0.01324,0.18448,0.00975,0.05323,0.01728,0.19888,0.20248,0.01130,0.01534,0.00969,0.00889,0.02028,0.01137,0.19134,0.03003,0.00943,0.01299
0.01261,0.20164,0.01085,0.02027,0.01626,0.22397,0.00917,0.15496,0.06412,0.01046,0.02168,0.00940,0.01205,0.15309,0.01622,0.01063,0.05262
0.00748,0.20808,0.01047,0.01604,0.10836,0.22925,0.00923,0.08947,0.02479,0.09076,0.03386,0.01027,0.02010,0.08401,0.02182,0.01816,0.01786
0.01302,0.15949,0.01322,0.01280,0.23452,0.19743,0.02463,0.01596,0.02006,0.20386,0.01519,0.01194,0.01020,0.03103,0.00539,0.01147,0.01978
0.03193,0.18429,0.03217,0.00954,0.00881,0.19830,0.14264,0.00958,0.06732,0.00654,0.05178,0.01187,0.01508,0.14492,0.00510,0.01410,0.06605
0.05146,0.16774,0.07299,0.03089,0.02347,0.19098,0.08226,0.05939,0.02869,0.04862,0.03287,0.01634,0.02566,0.10176,0.02319,0.01105,0.03266
0.01140,0.19375,0.00760,0.00740,0.02060,0.20672,0.21193,0.01486,0.01297,0.02048,0.00701,0.02029,0.01083,0.21783,0.00489,0.01384,0.01759
0.00953,0.24161,0.01107,0.01377,0.01458,0.24884,0.17539,0.00877,0.01816,0.01073,0.01895,0.00877,0.01134,0.17886,0.00706,0.01782,0.00475
0.01201,0.28475,0.01601,0.01928,0.01829,0.22572,0.11129,0.05161,0.06285,0.00975,0.01587,0.01067,0.01174,0.07581,0.01120,0.00515,0.05801
0.00854,0.29752,0.00462,0.01251,0.03221,0.32069,0.00860,0.03996,0.07959,0.05637,0.01010,0.01047,0.00657,0.00957,0.00564,0.01373,0.08333
0.04735,0.34231,0.04023,0.01287,0.02516,0.25478,0.11899,0.03391,0.00880,0.01760,0.00605,0.00727,0.00789,0.04117,0.01446,0.00624,0.01492
0.01647,0.12791,0.03288,0.09093,0.02570,0.15172,0.11600,0.02035,0.03325,0.02476,0.01027,0.03188,0.07718,0.12208,0.07414,0.02580,0.01867
0.02144,0.28236,0.00586,0.00896,0.05508,0.29340,0.01291,0.08243,0.03325,0.03210,0.00606,0.02532,0.00699,0.08606,0.00580,0.00987,0.03213
0.02001,0.13119,0.03167,0.04970,0.05406,0.16968,0.03714,0.04041,0.11032,0.05454,0.02401,0.01934,0.04963,0.03640,0.01383,0.05624,0.10182
0.01253,0.25627,0.01440,0.00558,0.01629,0.24180,0.02595,0.15864,0.02255,0.01008,0.01541,0.01286,0.01216,0.15737,0.01013,0.00751,0.02048
0.00738,0.29898,0.01364,0.00892,0.02120,0.30492,0.03029,0.07678,0.03405,0.07808,0.00875,0.00842,0.01992,0.01279,0.00999,0.00648,0.05939
0.01976,0.30947,0.02521,0.01681,0.01118,0.31223,0.01357,0.02210,0.07484,0.01298,0.04567,0.01242,0.01427,0.01525,0.00634,0.01264,0.07526
0.00913,0.19674,0.00885,0.03519,0.03433,0.21741,0.04149,0.02990,0.14278,0.03886,0.01090,0.01796,0.01032,0.02116,0.01743,0.03127,0.13630
0.00882,0.21172,0.01697,0.01072,0.05960,0.22750,0.02076,0.08864,0.07121,0.03217,0.03204,0.01698,0.02839,0.09178,0.01108,0.01844,0.05319
0.07609,0.21650,0.01924,0.02760,0.02226,0.22572,0.05005,0.01512,0.05242,0.01653,0.01356,0.08580,0.02577,0.06328,0.00537,0.02860,0.05608
0.01559,0.26001,0.01907,0.01443,0.14845,0.28008,0.01509,0.01582,0.01175,0.13982,0.00838,0.01661,0.00865,0.01500,0.00643,0.01243,0.01239
0.00540,0.38311,0.00865,0.00663,0.04539,0.38548,0.02776,0.01356,0.01263,0.02942,0.00931,0.00885,0.01092,0.01490,0.01054,0.00539,0.02206
0.00791,0.31200,0.00785,0.01469,0.02123,0.21363,0.13349,0.02323,0.09163,0.03036,0.00767,0.00697,0.00800,0.01412,0.00606,0.01945,0.08173
0.01130,0.21828,0.06701,0.03225,0.02543,0.24985,0.00989,0.05584,0.04421,0.05309,0.02244,0.01116,0.04350,0.01159,0.00643,0.03795,0.09979
0.00665,0.27488,0.00811,0.01066,0.01742,0.29222,0.15204,0.00486,0.01011,0.00995,0.00465,0.01360,0.02112,0.15487,0.00412,0.00807,0.00669
0.01310,0.39514,0.01621,0.01372,0.00966,0.40356,0.02439,0.00788,0.02153,0.01348,0.01198,0.00595,0.01053,0.01231,0.00580,0.00813,0.02664
0.11260,0.16950,0.02500,0.02326,0.05639,0.17390,0.04620,0.01447,0.04101,0.04907,0.05624,0.11700,0.01502,0.05873,0.01485,0.00565,0.02110
0.01318,0.16467,0.01038,0.00769,0.17128,0.18746,0.02899,0.06516,0.01733,0.14462,0.02199,0.02940,0.01054,0.09274,0.00778,0.01189,0.01490
0.00839,0.17861,0.03247,0.01674,0.01273,0.19233,0.09575,0.00813,0.13340,0.00808,0.02760,0.01155,0.04818,0.09484,0.01034,0.00384,0.11702
0.00764,0.31403,0.01068,0.01596,0.01355,0.33571,0.04158,0.01563,0.04213,0.02098,0.00589,0.01747,0.04173,0.03754,0.00703,0.01798,0.05446
0.01043,0.29278,0.00639,0.00859,0.01731,0.30245,0.11671,0.00402,0.03547,0.00771,0.00536,0.01381,0.01164,0.11063,0.01007,0.01183,0.03479
0.01535,0.13587,0.01960,0.03822,0.02443,0.16404,0.14398,0.01956,0.07711,0.01970,0.04507,0.00987,0.02627,0.14350,0.04098,0.02090,0.05555
0.11923,0.12111,0.02142,0.02936,0.02672,0.14884,0.14409,0.03694,0.01032,0.01552,0.00961,0.12085,0.00822,0.15682,0.01164,0.00950,0.00982
0.01358,0.26201,0.02169,0.00671,0.01158,0.27532,0.01674,0.15037,0.00881,0.01718,0.01128,0.01102,0.00712,0.15667,0.00822,0.00658,0.01513
0.01581,0.22772,0.03408,0.00820,0.05464,0.24932,0.03770,0.07014,0.03758,0.07641,0.01738,0.01409,0.08845,0.03461,0.00846,0.01368,0.01174
0.00731,0.19399,0.01274,0.01986,0.07056,0.24720,0.01590,0.13479,0.02607,0.14482,0.00791,0.01405,0.02828,0.02640,0.00899,0.01710,0.02402
0.00819,0.26129,0.01075,0.06606,0.01864,0.29196,0.00479,0.09105,0.01970,0.06003,0.00853,0.01228,0.00692,0.01979,0.00438,0.06904,0.04660
0.00768,0.19785,0.01206,0.00962,0.01423,0.21338,0.01876,0.04556,0.04094,0.04769,0.00742,0.12686,0.02144,0.02160,0.00679,0.12319,0.08493
0.02639,0.21844,0.00769,0.01210,0.00789,0.23936,0.08204,0.01341,0.07691,0.01230,0.01115,0.04604,0.01063,0.09878,0.01265,0.00905,0.11516
0.01308,0.23394,0.01269,0.01766,0.11792,0.25010,0.01819,0.05765,0.02142,0.10967,0.00989,0.01443,0.02104,0.05772,0.01463,0.00428,0.02568
0.04684,0.18358,0.06384,0.01298,0.06910,0.14867,0.09012,0.06640,0.03380,0.05226,0.02337,0.01451,0.01740,0.09750,0.01404,0.01731,0.04829
0.02666,0.19309,0.01640,0.11780,0.01464,0.21091,0.01210,0.04607,0.05406,0.02738,0.01630,0.02989,0.01614,0.02095,0.01189,0.12152,0.06422
0.01954,0.30872,0.01717,0.02213,0.01695,0.32869,0.01843,0.06275,0.02858,0.01158,0.01238,0.01722,0.01204,0.06811,0.00748,0.01768,0.03054
0.00543,0.38361,0.00460,0.00968,0.02975,0.42222,0.00513,0.00964,0.01543,0.01799,0.00580,0.02753,0.00674,0.00630,0.01170,0.02266,0.01578
0.01504,0.18958,0.01611,0.02313,0.03999,0.20758,0.01899,0.04076,0.15870,0.02574,0.01843,0.01056,0.00992,0.05339,0.00990,0.01777,0.14442
0.01791,0.36841,0.01380,0.00620,0.01818,0.19715,0.20131,0.04262,0.01349,0.01386,0.00974,0.01775,0.01343,0.04036,0.00474,0.00726,0.01379
0.01869,0.23025,0.00724,0.16966,0.01442,0.24014,0.00975,0.01325,0.02933,0.00897,0.00571,0.01437,0.00814,0.01232,0.01733,0.17180,0.02861
0.05229,0.32413,0.00999,0.00537,0.00930,0.33920,0.01997,0.03105,0.03087,0.04054,0.00957,0.04218,0.00856,0.01897,0.00690,0.00369,0.04743
0.00709,0.26372,0.01170,0.02993,0.03942,0.28187,0.02165,0.11314,0.01572,0.02171,0.00840,0.00529,0.01561,0.12165,0.02207,0.00419,0.01683
0.02173,0.17155,0.01102,0.10479,0.03118,0.20459,0.02648,0.01699,0.02091,0.02413,0.01151,0.10129,0.00954,0.01307,0.00907,0.19609,0.02607
0.00985,0.35005,0.00862,0.00983,0.01076,0.37081,0.04121,0.01216,0.03254,0.01232,0.01576,0.00947,0.03210,0.03580,0.01291,0.00420,0.03160
0.01368,0.10240,0.02125,0.01194,0.02584,0.11467,0.02304,0.18608,0.07053,0.02119,0.05217,0.01585,0.02573,0.19674,0.04073,0.01443,0.06373
0.05486,0.12407,0.02904,0.11527,0.02949,0.12412,0.06959,0.02531,0.05436,0.02584,0.03349,0.06361,0.02715,0.06119,0.09398,0.02150,0.04712
0.04289,0.16227,0.01227,0.13400,0.01087,0.16973,0.05106,0.01547,0.02307,0.01660,0.03099,0.06188,0.01605,0.04760,0.17005,0.01099,0.02421
0.00873,0.18566,0.00667,0.04544,0.05960,0.22550,0.01158,0.03588,0.13602,0.04159,0.00830,0.01240,0.01447,0.02998,0.02049,0.03491,0.12279
0.00997,0.29953,0.01409,0.00764,0.01084,0.31532,0.02445,0.03151,0.06713,0.03144,0.02740,0.01043,0.01718,0.03025,0.01406,0.00588,0.08287
0.01156,0.30612,0.01248,0.02477,0.01910,0.32141,0.08209,0.01374,0.01768,0.00845,0.01431,0.01372,0.01077,0.09325,0.02452,0.00593,0.02010
0.07435,0.16858,0.01231,0.09541,0.02813,0.17366,0.05441,0.01538,0.06183,0.02228,0.01726,0.07958,0.01213,0.04846,0.06842,0.01132,0.05649
0.00576,0.16056,0.00620,0.16466,0.01307,0.17138,0.01861,0.06185,0.04259,0.05351,0.01027,0.02017,0.01118,0.01673,0.01095,0.16427,0.06824
0.08644,0.13250,0.03586,0.04505,0.04122,0.15060,0.07220,0.01914,0.04582,0.02425,0.07333,0.08967,0.02129,0.09378,0.03491,0.01010,0.02386
0.05184,0.24436,0.01377,0.01799,0.03630,0.26162,0.07436,0.00727,0.03056,0.02228,0.02727,0.05682,0.02772,0.06907,0.02918,0.00454,0.02505
0.08199,0.10543,0.02576,0.12263,0.01549,0.12036,0.01876,0.05178,0.04751,0.04270,0.01625,0.09649,0.01856,0.01578,0.11364,0.01613,0.09075
0.01002,0.25982,0.00904,0.03521,0.07354,0.31617,0.02871,0.03224,0.02791,0.04285,0.01453,0.03042,0.01325,0.03511,0.01970,0.03025,0.02124
0.04495,0.19426,0.00794,0.08491,0.01045,0.20325,0.03616,0.03448,0.09042,0.01027,0.01689,0.04243,0.01060,0.05077,0.05939,0.01569,0.08716
0.01271,0.26511,0.01974,0.01613,0.08697,0.34332,0.01075,0.07377,0.01548,0.06929,0.00993,0.00946,0.01041,0.02545,0.00557,0.00753,0.01841
0.07331,0.26043,0.01202,0.01850,0.01135,0.26988,0.04932,0.03617,0.01924,0.01911,0.02789,0.08089,0.01364,0.06279,0.01442,0.01104,0.02000
0.03210,0.21613,0.00933,0.09347,0.03048,0.24874,0.02002,0.06778,0.02146,0.07999,0.01501,0.02627,0.01722,0.01081,0.01605,0.07456,0.02058
0.10660,0.20114,0.02514,0.03918,0.03683,0.23032,0.03304,0.01879,0.02857,0.01839,0.01998,0.10097,0.03822,0.03719,0.02566,0.01676,0.02324
0.01222,0.25841,0.01431,0.02666,0.09370,0.23500,0.05131,0.02797,0.01510,0.08662,0.02639,0.01555,0.01904,0.02488,0.03847,0.02577,0.02860
0.01193,0.16562,0.01498,0.10928,0.11639,0.27110,0.01700,0.03015,0.02395,0.05079,0.00946,0.01480,0.01137,0.01758,0.00754,0.11051,0.01756
0.02405,0.17439,0.01770,0.05435,0.04997,0.21134,0.13010,0.01183,0.02788,0.03301,0.03469,0.02859,0.02339,0.12338,0.03126,0.00650,0.01756
0.01183,0.20045,0.01236,0.01289,0.08150,0.22032,0.00959,0.13984,0.02131,0.06107,0.01856,0.01250,0.01221,0.14711,0.01787,0.00749,0.01311
0.01056,0.24859,0.02302,0.00773,0.13755,0.36706,0.01702,0.00820,0.02674,0.01424,0.00781,0.01873,0.07445,0.01556,0.00818,0.00696,0.00758
0.02982,0.26955,0.02934,0.01253,0.01249,0.27866,0.04094,0.03263,0.07321,0.01502,0.09590,0.01501,0.01400,0.05347,0.00391,0.00971,0.01380
0.02564,0.13005,0.00799,0.06125,0.13535,0.24563,0.02532,0.05978,0.03394,0.09611,0.01604,0.03438,0.00941,0.02797,0.01788,0.05021,0.02305
0.01684,0.13851,0.03327,0.01058,0.14443,0.15868,0.03302,0.04449,0.03814,0.15785,0.02133,0.01359,0.05130,0.03299,0.01721,0.00837,0.07941
0.01034,0.23178,0.01829,0.01522,0.01244,0.24457,0.18109,0.02571,0.00681,0.03195,0.00536,0.00970,0.00889,0.17701,0.00575,0.00808,0.00702
0.00984,0.14032,0.01232,0.01072,0.08390,0.10726,0.06912,0.16515,0.03441,0.10706,0.01709,0.00840,0.01574,0.15074,0.01777,0.00637,0.04379
0.07270,0.20245,0.04654,0.05771,0.01714,0.21563,0.01573,0.02130,0.04022,0.02100,0.04319,0.06565,0.02636,0.02889,0.00810,0.05289,0.06452
0.01671,0.12324,0.01494,0.02355,0.15286,0.25772,0.01636,0.09782,0.03186,0.11076,0.03734,0.01237,0.03588,0.01478,0.02529,0.01020,0.01834
0.11952,0.11514,0.00946,0.02017,0.06234,0.14518,0.03703,0.01583,0.14246,0.01826,0.01587,0.12136,0.00657,0.02024,0.00470,0.01201,0.13386
0.01178,0.26485,0.01057,0.13321,0.01197,0.28536,0.01571,0.02855,0.00757,0.03678,0.00354,0.00911,0.00699,0.01680,0.00499,0.13650,0.01573
0.03718,0.30081,0.01422,0.02648,0.02327,0.31222,0.05834,0.00588,0.03907,0.01491,0.01235,0.02319,0.00827,0.05104,0.01263,0.02508,0.03508
0.09158,0.24478,0.01035,0.01889,0.01347,0.26503,0.03716,0.02078,0.03153,0.01790,0.01057,0.10351,0.01088,0.04350,0.02092,0.01624,0.04290
0.00664,0.13619,0.01887,0.02928,0.01958,0.14576,0.01638,0.22495,0.03825,0.01235,0.01699,0.00958,0.04315,0.22549,0.01840,0.00647,0.03166
0.00527,0.19112,0.01216,0.01023,0.02830,0.20350,0.09496,0.01897,0.11467,0.01643,0.01719,0.01777,0.01845,0.08635,0.02301,0.01786,0.12376
0.00781,0.24788,0.01621,0.00849,0.01920,0.26854,0.01134,0.13138,0.02204,0.13464,0.02317,0.00937,0.04917,0.00934,0.00580,0.01475,0.02086
0.00394,0.33947,0.00665,0.01035,0.06389,0.33639,0.01634,0.01070,0.04765,0.03740,0.01760,0.01153,0.01454,0.01650,0.01488,0.00940,0.04277
0.00949,0.25684,0.01452,0.01391,0.02812,0.29453,0.01950,0.07752,0.01451,0.06637,0.00932,0.05665,0.01521,0.01668,0.01013,0.06182,0.03488
0.00827,0.28298,0.00975,0.01181,0.02068,0.30982,0.12458,0.00990,0.01023,0.01012,0.00807,0.01514,0.00931,0.12955,0.01780,0.01084,0.01117
0.02777,0.11352,0.02897,0.02022,0.07858,0.13521,0.01800,0.16970,0.02723,0.04849,0.03589,0.01522,0.02287,0.18367,0.01788,0.02241,0.03439
0.00788,0.23687,0.00848,0.01235,0.17677,0.26026,0.01036,0.01931,0.01349,0.15282,0.01329,0.01413,0.00887,0.01638,0.01010,0.02279,0.01585
0.01120,0.24306,0.00919,0.15440,0.01172,0.25390,0.03154,0.02450,0.00658,0.02145,0.00630,0.02135,0.00342,0.02904,0.00813,0.15824,0.00598
0.01731,0.13287,0.01612,0.02348,0.03720,0.15385,0.01801,0.20970,0.02023,0.20597,0.01431,0.03503,0.02188,0.01803,0.01121,0.01953,0.04527
0.01987,0.15859,0.03363,0.04917,0.09353,0.24792,0.01981,0.00939,0.13500,0.00897,0.01470,0.00594,0.01711,0.01712,0.00853,0.04220,0.11851
0.09111,0.30295,0.00669,0.01554,0.01061,0.32516,0.01039,0.03173,0.01549,0.00699,0.00536,0.09761,0.00682,0.02957,0.00974,0.00870,0.02556
0.07536,0.26886,0.02092,0.02021,0.02702,0.28578,0.02613,0.01565,0.03182,0.00892,0.05218,0.04132,0.01689,0.03081,0.03908,0.01280,0.02626
0.00531,0.25229,0.00575,0.00503,0.01793,0.26819,0.00818,0.19084,0.00862,0.00710,0.00483,0.01062,0.00486,0.19009,0.00636,0.00571,0.00828
0.02800,0.37400,0.00753,0.02446,0.01278,0.38222,0.02915,0.01286,0.00680,0.01588,0.00621,0.03566,0.00666,0.02331,0.01193,0.01115,0.01142
0.02581,0.13441,0.02246,0.03156,0.18033,0.14719,0.03592,0.03302,0.01690,0.20225,0.02789,0.02393,0.01197,0.04281,0.02652,0.01404,0.02300
0.02441,0.23345,0.03111,0.02927,0.10949,0.33911,0.03073,0.00833,0.03093,0.01298,0.02201,0.01323,0.02441,0.02847,0.02145,0.01574,0.02488
0.02433,0.22736,0.01817,0.00845,0.01930,0.24131,0.00790,0.00671,0.17230,0.01543,0.01555,0.03131,0.01373,0.01007,0.01269,0.00587,0.16952
0.00705,0.30184,0.02890,0.01029,0.01092,0.31413,0.04416,0.00773,0.07323,0.01104,0.00929,0.01120,0.04965,0.04754,0.00413,0.01072,0.05817
0.01600,0.16371,0.01858,0.00842,0.11439,0.18749,0.01568,0.10312,0.01536,0.12487,0.03121,0.01101,0.03749,0.08170,0.04302,0.00707,0.02088
0.14402,0.22707,0.10787,0.01320,0.05381,0.15591,0.09983,0.01303,0.01515,0.04588,0.03144,0.03108,0.00773,0.01197,0.00877,0.01128,0.02197
0.06933,0.34415,0.01350,0.00692,0.01488,0.36023,0.00866,0.01020,0.01685,0.00869,0.01856,0.07347,0.01033,0.00897,0.01115,0.01267,0.01144
0.00519,0.16787,0.01036,0.04490,0.02307,0.18669,0.20506,0.02172,0.01549,0.03104,0.00629,0.00983,0.00763,0.20108,0.02035,0.01907,0.02436
0.03600,0.09182,0.03199,0.04886,0.02425,0.11429,0.14356,0.01622,0.08206,0.01740,0.02760,0.04220,0.03694,0.14814,0.05249,0.00566,0.08051
0.20536,0.14889,0.01424,0.01558,0.01807,0.16341,0.03807,0.01328,0.03221,0.01301,0.00822,0.21068,0.01210,0.03037,0.02022,0.01059,0.04569
0.01469,0.19716,0.01105,0.08788,0.02238,0.19820,0.12942,0.01261,0.02547,0.01615,0.01690,0.02728,0.01249,0.11205,0.07640,0.01327,0.02658
0.01166,0.08078,0.00793,0.02534,0.23919,0.10665,0.01926,0.08623,0.02329,0.21243,0.01557,0.01361,0.00997,0.10406,0.01033,0.01060,0.02309
0.02400,0.15214,0.02330,0.12476,0.02146,0.18087,0.01084,0.07399,0.02460,0.06947,0.01900,0.02391,0.03232,0.01428,0.02628,0.10622,0.07255
0.01784,0.08857,0.02596,0.05988,0.01864,0.10469,0.02774,0.22722,0.04301,0.00834,0.02863,0.01685,0.01190,0.23612,0.04983,0.01196,0.02282
0.00905,0.32295,0.02146,0.00446,0.01222,0.33561,0.01602,0.08689,0.01958,0.00707,0.00862,0.00893,0.02666,0.08502,0.00874,0.00761,0.01912
0.21151,0.07872,0.21206,0.00498,0.00740,0.08479,0.00715,0.16757,0.00783,0.00546,0.01070,0.00431,0.00506,0.17704,0.00465,0.00258,0.00818
0.01442,0.26645,0.02351,0.01042,0.02899,0.25990,0.04225,0.01613,0.12735,0.01946,0.01610,0.00817,0.01915,0.02064,0.00508,0.00698,0.11499
0.06328,0.28178,0.00818,0.01243,0.02325,0.30472,0.03822,0.03158,0.01410,0.03682,0.00641,0.06821,0.00619,0.04881,0.00399,0.01577,0.03627
0.00661,0.26966,0.00801,0.01098,0.00970,0.28089,0.00987,0.13308,0.04365,0.01452,0.01075,0.00615,0.00967,0.12663,0.00687,0.01235,0.04061
0.02602,0.19833,0.02278,0.01546,0.01229,0.21973,0.16018,0.01614,0.03299,0.01470,0.03369,0.02284,0.02198,0.16174,0.00829,0.01549,0.01735
0.01213,0.34362,0.01131,0.00412,0.03645,0.36606,0.00863,0.07949,0.00495,0.01971,0.00498,0.00597,0.00443,0.07918,0.00531,0.00373,0.00993
0.01298,0.25729,0.01821,0.03808,0.04377,0.25025,0.04854,0.07889,0.03361,0.08259,0.01090,0.01121,0.01359,0.01073,0.01150,0.02946,0.04840
0.03225,0.24403,0.01015,0.03863,0.00767,0.25075,0.09898,0.01104,0.04925,0.00917,0.01052,0.04616,0.00643,0.10420,0.01896,0.00526,0.05654
0.00735,0.27496,0.01074,0.11879,0.02254,0.29841,0.01474,0.01492,0.03064,0.01908,0.00890,0.00558,0.01442,0.01272,0.00776,0.11601,0.02243
0.01469,0.24624,0.01734,0.05073,0.01426,0.26339,0.01184,0.09470,0.03600,0.10309,0.01689,0.01323,0.01429,0.01621,0.00977,0.03788,0.03947
0.01493,0.20769,0.02492,0.05952,0.01675,0.23797,0.01857,0.07163,0.03182,0.08273,0.02253,0.05271,0.00818,0.02488,0.00688,0.09531,0.02299
0.03673,0.23080,0.00943,0.10112,0.02102,0.24533,0.04902,0.01461,0.01193,0.01395,0.01213,0.04996,0.01366,0.04954,0.11171,0.01750,0.01155
0.00933,0.23671,0.00661,0.01789,0.04665,0.25413,0.00731,0.14660,0.01112,0.05729,0.00723,0.01097,0.00724,0.13270,0.01342,0.01923,0.01556
0.15537,0.20448,0.15995,0.02287,0.04264,0.21813,0.01968,0.01249,0.01943,0.04731,0.01467,0.01149,0.00890,0.01932,0.00869,0.01888,0.01571
0.01626,0.25337,0.02400,0.00665,0.03703,0.23581,0.05680,0.09460,0.02246,0.03353,0.04221,0.01041,0.01535,0.08860,0.03421,0.00793,0.02079
0.01577,0.32130,0.00858,0.00865,0.07762,0.33123,0.00845,0.04129,0.01119,0.06006,0.01371,0.01122,0.00876,0.04751,0.01006,0.00315,0.02144
0.13706,0.27522,0.00599,0.01824,0.01462,0.28491,0.01869,0.00804,0.01630,0.00730,0.00603,0.14554,0.00610,0.02122,0.01021,0.00511,0.01941
0.01288,0.23055,0.03159,0.01274,0.00786,0.24220,0.01380,0.10368,0.08286,0.00934,0.01503,0.00794,0.03100,0.10194,0.01124,0.00403,0.08130
0.01250,0.22646,0.01033,0.01080,0.03154,0.23148,0.02618,0.16335,0.01696,0.03974,0.01197,0.01135,0.00871,0.16681,0.00715,0.00800,0.01669
0.03332,0.21527,0.05431,0.01869,0.03726,0.23475,0.03147,0.01410,0.07778,0.02856,0.11509,0.01414,0.05485,0.03148,0.01844,0.00634,0.01413
0.00793,0.28227,0.00582,0.00620,0.03173,0.24572,0.06635,0.09471,0.05022,0.02940,0.00741,0.00594,0.00682,0.09566,0.00454,0.00768,0.05160
0.03549,0.09980,0.01550,0.03217,0.10804,0.19811,0.01700,0.04733,0.09848,0.02597,0.02314,0.06039,0.02506,0.03098,0.03006,0.03585,0.11664
0.01739,0.18515,0.02193,0.02605,0.02060,0.20160,0.02445,0.14904,0.03425,0.14980,0.00822,0.01690,0.06342,0.01996,0.01626,0.02121,0.02376
0.08799,0.19065,0.09145,0.03027,0.13720,0.21560,0.01265,0.00814,0.01075,0.12555,0.01471,0.00950,0.00806,0.01411,0.00803,0.02603,0.00933
0.01267,0.16301,0.03083,0.00894,0.01591,0.18279,0.00958,0.20092,0.03874,0.02140,0.01474,0.00982,0.01836,0.19216,0.00726,0.00857,0.06429
0.01204,0.20481,0.02251,0.07363,0.10397,0.30516,0.01490,0.02155,0.03330,0.03081,0.01739,0.01544,0.02216,0.01522,0.01941,0.06677,0.02093
0.11530,0.21118,0.01511,0.02614,0.00812,0.21295,0.07502,0.03181,0.02788,0.01626,0.01249,0.11137,0.01035,0.07737,0.00993,0.00744,0.03128
0.03029,0.25252,0.03436,0.02924,0.10345,0.20292,0.08723,0.00820,0.02071,0.08944,0.01668,0.02522,0.01363,0.02381,0.02274,0.01692,0.02264
0.00866,0.19938,0.03270,0.01785,0.05873,0.22661,0.06774,0.06109,0.04421,0.05885,0.02399,0.01749,0.10787,0.03522,0.00914,0.01437,0.01611
0.02127,0.22392,0.01613,0.02006,0.11008,0.33200,0.02567,0.03252,0.02157,0.02923,0.00790,0.02617,0.06993,0.01871,0.01784,0.01174,0.01526
0.00915,0.25418,0.01124,0.02099,0.04889,0.29115,0.01780,0.02459,0.09850,0.02881,0.00837,0.01303,0.01868,0.01433,0.01703,0.01055,0.11273
0.02172,0.16346,0.01851,0.03998,0.03291,0.14791,0.05912,0.16693,0.03255,0.03369,0.01050,0.01107,0.00867,0.16856,0.01267,0.03700,0.03475
0.01762,0.19768,0.01764,0.01102,0.01497,0.20711,0.16724,0.01114,0.04086,0.01217,0.03836,0.02063,0.01556,0.17211,0.01496,0.00717,0.03376
0.01909,0.27240,0.01514,0.02616,0.02122,0.28695,0.09729,0.01687,0.02640,0.00945,0.03106,0.01562,0.00883,0.10426,0.02458,0.00902,0.01567
0.00608,0.33179,0.00752,0.00641,0.01230,0.35693,0.00797,0.08678,0.01337,0.00939,0.00833,0.00790,0.01508,0.07734,0.00747,0.00806,0.03728
0.02298,0.32531,0.00766,0.01435,0.04054,0.26630,0.11202,0.04799,0.00974,0.02018,0.00938,0.02871,0.00846,0.06168,0.01123,0.00430,0.00918
0.00808,0.18591,0.02022,0.03151,0.03161,0.21692,0.01854,0.03386,0.02362,0.01422,0.01987,0.14030,0.02268,0.02893,0.01258,0.17496,0.01618
0.02069,0.20613,0.03094,0.01676,0.17171,0.21296,0.05146,0.01079,0.01214,0.14842,0.01166,0.01265,0.01425,0.04582,0.00709,0.01322,0.01331
0.00622,0.23469,0.02569,0.00430,0.02261,0.26001,0.01236,0.08269,0.06515,0.08067,0.02233,0.00593,0.08266,0.00850,0.02946,0.00299,0.05372
0.01356,0.26524,0.01066,0.08875,0.01461,0.28158,0.01227,0.07677,0.01126,0.07663,0.01100,0.01336,0.01119,0.01645,0.02454,0.06103,0.01110
0.06285,0.20303,0.01114,0.02208,0.01124,0.21928,0.03485,0.01091,0.11298,0.01274,0.01687,0.06689,0.02218,0.04141,0.01284,0.01670,0.12204
0.01836,0.21131,0.01954,0.02791,0.02336,0.22558,0.10150,0.03903,0.05016,0.02008,0.06175,0.02491,0.02172,0.12080,0.01161,0.01205,0.01033
0.01072,0.36262,0.00872,0.00974,0.01171,0.37792,0.05445,0.00676,0.02743,0.00701,0.00557,0.01723,0.00893,0.05544,0.00784,0.00733,0.02059
0.12548,0.26053,0.02196,0.01704,0.01381,0.26883,0.03643,0.01123,0.01380,0.01949,0.01435,0.12242,0.01675,0.03097,0.00935,0.00703,0.01052
0.00740,0.37553,0.00795,0.00554,0.05923,0.39501,0.00761,0.02295,0.01051,0.04180,0.00723,0.00480,0.00734,0.02234,0.00397,0.00617,0.01460
0.01239,0.20212,0.01188,0.02924,0.14299,0.21640,0.03357,0.01364,0.05853,0.13057,0.00899,0.01584,0.01493,0.02858,0.01761,0.00763,0.05513
0.06360,0.19744,0.07640,0.01414,0.10460,0.21776,0.03252,0.04543,0.02708,0.09109,0.01905,0.01240,0.01360,0.05381,0.01017,0.00831,0.01262
0.09992,0.26240,0.02226,0.00905,0.01017,0.27565,0.05410,0.02102,0.01561,0.00907,0.02066,0.09378,0.00879,0.07238,0.00587,0.00795,0.01134
0.02857,0.27397,0.01419,0.03891,0.03902,0.31224,0.01763,0.05247,0.01875,0.06240,0.02398,0.02374,0.01582,0.02057,0.01514,0.02649,0.01613
0.01275,0.07271,0.01863,0.04080,0.15772,0.22985,0.01710,0.02923,0.12423,0.03316,0.01506,0.00804,0.03789,0.02257,0.02401,0.02340,0.13286
0.04520,0.10894,0.01279,0.01050,0.02126,0.11772,0.17882,0.02721,0.08996,0.01764,0.01029,0.04013,0.02244,0.18707,0.00844,0.00772,0.09387
0.14109,0.21841,0.05629,0.00820,0.01752,0.22982,0.04169,0.01096,0.02453,0.01474,0.01455,0.11209,0.01653,0.05193,0.00788,0.00819,0.02559
0.02119,0.28454,0.02109,0.00880,0.07206,0.29737,0.00891,0.05316,0.01712,0.06952,0.00935,0.01519,0.00677,0.05791,0.01005,0.00389,0.04308
0.05898,0.21990,0.06004,0.01964,0.08968,0.23745,0.02449,0.02309,0.03330,0.07977,0.05133,0.02469,0.01199,0.03778,0.00948,0.01214,0.00623
0.02090,0.11948,0.03146,0.02057,0.03840,0.14022,0.05190,0.11921,0.05452,0.12929,0.04695,0.02210,0.05399,0.04889,0.02333,0.01934,0.05945
0.00949,0.32773,0.01255,0.00883,0.02386,0.22894,0.15029,0.06795,0.00746,0.01492,0.00738,0.01773,0.01085,0.08385,0.00447,0.01416,0.00954
0.03278,0.24075,0.02096,0.01308,0.00963,0.26154,0.06817,0.02314,0.05219,0.02118,0.03227,0.03800,0.01747,0.07858,0.00717,0.01414,0.06896
0.02203,0.24127,0.03836,0.04634,0.03247,0.25443,0.02181,0.06855,0.01594,0.03477,0.03460,0.01005,0.02733,0.06042,0.03216,0.04554,0.01392
0.02086,0.11512,0.04209,0.02150,0.05919,0.13520,0.03569,0.21469,0.01409,0.04928,0.01197,0.00871,0.01547,0.21792,0.00607,0.01158,0.02059
0.00880,0.17312,0.02347,0.11759,0.04898,0.20178,0.02742,0.03244,0.03946,0.03732,0.03303,0.01099,0.02208,0.03624,0.01105,0.12299,0.05324
0.01527,0.24965,0.00718,0.02466,0.01314,0.27050,0.12904,0.03393,0.01580,0.01268,0.00627,0.01721,0.00657,0.14745,0.00447,0.02842,0.01774
0.00739,0.30904,0.00725,0.01256,0.10812,0.32366,0.01875,0.01523,0.01625,0.09021,0.01080,0.01526,0.00804,0.01641,0.00586,0.01952,0.01563
0.01061,0.05470,0.00945,0.12836,0.12135,0.14210,0.03418,0.03003,0.09482,0.06499,0.02830,0.01675,0.01860,0.03381,0.01413,0.11618,0.08164
0.14932,0.26105,0.00613,0.01466,0.01146,0.24675,0.05720,0.01818,0.01161,0.00906,0.00546,0.15447,0.00434,0.02601,0.00635,0.00718,0.01077
0.04974,0.22582,0.00983,0.02025,0.01296,0.24328,0.12756,0.02908,0.01220,0.01279,0.00758,0.06144,0.01321,0.14722,0.00772,0.00466,0.01464
0.01580,0.15117,0.00924,0.13348,0.08493,0.20450,0.08606,0.04151,0.01060,0.04334,0.00963,0.01516,0.00670,0.04241,0.01408,0.11898,0.01241
0.01894,0.11069,0.01933,0.02531,0.18154,0.27003,0.03198,0.06035,0.02349,0.05814,0.01426,0.03210,0.05461,0.04437,0.02604,0.01048,0.01837
0.01262,0.25904,0.00583,0.02709,0.02911,0.26916,0.03162,0.11193,0.02350,0.01966,0.00574,0.01298,0.00989,0.12904,0.01569,0.00428,0.03285
0.01415,0.30798,0.01083,0.08123,0.01452,0.32731,0.00772,0.04252,0.00515,0.05066,0.00574,0.00783,0.00753,0.00921,0.00947,0.07272,0.02545
0.04772,0.26202,0.00843,0.03474,0.01016,0.27879,0.06631,0.01183,0.04760,0.01359,0.00635,0.04656,0.00868,0.06705,0.01917,0.02014,0.05087
0.00962,0.26630,0.01262,0.01001,0.03241,0.29787,0.01454,0.02318,0.11328,0.02622,0.02228,0.01260,0.01696,0.02495,0.00880,0.00916,0.09920
0.01220,0.17743,0.04706,0.01189,0.02748,0.19902,0.02131,0.03232,0.06936,0.00563,0.05812,0.01066,0.13132,0.03434,0.09416,0.00943,0.05828
0.00969,0.24433,0.01885,0.13554,0.01750,0.26904,0.02796,0.01843,0.01594,0.02690,0.00919,0.01973,0.00786,0.01648,0.00806,0.13228,0.02221
0.00764,0.17699,0.04365,0.09643,0.02294,0.18405,0.01251,0.01779,0.07638,0.01702,0.00540,0.04819,0.04500,0.01762,0.00472,0.13724,0.08645
0.00642,0.15733,0.00957,0.18405,0.00999,0.17642,0.01753,0.00810,0.09277,0.00907,0.00745,0.01306,0.01008,0.01800,0.03100,0.15641,0.09277
0.11201,0.24002,0.00520,0.01763,0.02483,0.26438,0.05051,0.00562,0.01030,0.00663,0.01027,0.12708,0.00534,0.06264,0.00398,0.04210,0.01146
0.20622,0.14281,0.01034,0.02459,0.00790,0.15322,0.01118,0.02279,0.04418,0.03310,0.01744,0.20901,0.01330,0.01484,0.04169,0.01325,0.03413
0.15715,0.19834,0.17198,0.02007,0.03169,0.20534,0.01957,0.01514,0.02693,0.02289,0.02246,0.01129,0.01813,0.03354,0.01527,0.00618,0.02402
0.01299,0.40038,0.00672,0.01603,0.00769,0.28306,0.15148,0.00777,0.02427,0.00499,0.00547,0.01814,0.00600,0.01829,0.00860,0.00893,0.01919
0.00756,0.19244,0.01155,0.09605,0.03516,0.18813,0.03734,0.03652,0.08751,0.04021,0.01420,0.00556,0.01347,0.01169,0.01847,0.08708,0.11707
0.10307,0.16548,0.04956,0.02427,0.01765,0.17301,0.07622,0.01900,0.04519,0.02400,0.01589,0.11018,0.01197,0.07924,0.02114,0.01988,0.04426
0.01543,0.35205,0.01829,0.01150,0.01488,0.36475,0.01649,0.00744,0.05156,0.00940,0.05356,0.01531,0.01159,0.01462,0.00706,0.00482,0.03125
0.01224,0.27270,0.00717,0.01372,0.01916,0.29429,0.02108,0.02510,0.02101,0.03728,0.01195,0.10464,0.01361,0.01495,0.01372,0.09426,0.02312
0.02678,0.28185,0.04323,0.01948,0.04424,0.30184,0.02095,0.04661,0.02496,0.04616,0.01544,0.00866,0.01069,0.05487,0.00770,0.01640,0.03014
0.00979,0.24911,0.00853,0.04008,0.03887,0.28224,0.03733,0.00803,0.01932,0.01395,0.01174,0.08951,0.00732,0.02305,0.01028,0.13330,0.01754
0.00583,0.22114,0.01224,0.00491,0.01232,0.24375,0.01024,0.13539,0.07247,0.00621,0.02182,0.00758,0.02760,0.13534,0.00407,0.00548,0.07360
0.01365,0.16936,0.02046,0.04562,0.01748,0.18254,0.01966,0.14399,0.04496,0.12753,0.01303,0.01389,0.03108,0.02419,0.01517,0.03257,0.08482
0.02047,0.14503,0.01380,0.02545,0.05334,0.18102,0.02161,0.16940,0.03117,0.18071,0.01436,0.03105,0.02757,0.02151,0.01257,0.01458,0.03637
0.01321,0.25746,0.00731,0.05019,0.02460,0.27246,0.11192,0.01934,0.00685,0.02093,0.00714,0.04149,0.00541,0.12461,0.02131,0.00842,0.00736
0.07997,0.18955,0.08912,0.02018,0.11737,0.19300,0.03783,0.02194,0.01916,0.09435,0.02179,0.01974,0.01231,0.04066,0.01164,0.01681,0.01456
0.04308,0.09026,0.05660,0.03094,0.03844,0.10120,0.02475,0.11722,0.12122,0.02399,0.02412,0.02772,0.01495,0.13231,0.01292,0.02576,0.11450
0.01446,0.16498,0.01352,0.02332,0.04439,0.18051,0.01930,0.20157,0.01080,0.22256,0.01280,0.01806,0.01321,0.01817,0.01519,0.01111,0.01604
0.00451,0.27749,0.00529,0.00874,0.03016,0.29764,0.01220,0.15186,0.00718,0.01113,0.00429,0.00658,0.01271,0.14504,0.00636,0.00967,0.00915
0.02234,0.18056,0.01181,0.01448,0.01988,0.20215,0.09820,0.02016,0.10395,0.01477,0.01602,0.03719,0.01318,0.11672,0.00840,0.02030,0.09987
0.10029,0.09508,0.01251,0.05297,0.00930,0.10608,0.05707,0.01706,0.13759,0.01523,0.03218,0.09398,0.01777,0.06005,0.00658,0.04642,0.13986
0.02090,0.24503,0.02040,0.13901,0.02326,0.25571,0.01849,0.01630,0.02613,0.02294,0.01607,0.02244,0.01144,0.01982,0.11832,0.00673,0.01701
0.01424,0.37169,0.00677,0.01199,0.01173,0.38506,0.04141,0.00750,0.01032,0.00738,0.00606,0.03142,0.00588,0.05169,0.00429,0.01663,0.01595
0.03337,0.20574,0.02545,0.03030,0.01531,0.14383,0.11077,0.10334,0.06673,0.00822,0.01591,0.01139,0.01633,0.11671,0.00831,0.03205,0.05622
0.00824,0.33746,0.01615,0.01471,0.01104,0.20348,0.15824,0.06529,0.02855,0.01666,0.02218,0.00855,0.01109,0.05381,0.00678,0.01172,0.02604
0.00687,0.35357,0.00716,0.08553,0.00936,0.36382,0.01839,0.01397,0.00891,0.00570,0.00347,0.00702,0.00655,0.01987,0.07519,0.00602,0.00859
0.08224,0.23523,0.00728,0.08879,0.00923,0.24930,0.02163,0.02657,0.01352,0.03172,0.00689,0.09256,0.00643,0.01471,0.08122,0.00908,0.02359
0.02180,0.32660,0.01100,0.01363,0.01281,0.33157,0.02118,0.08276,0.01893,0.00593,0.02543,0.01822,0.00623,0.08264,0.00772,0.00404,0.00949
0.00594,0.34885,0.00775,0.00692,0.06978,0.36368,0.00863,0.01684,0.02444,0.06681,0.01029,0.00643,0.00654,0.01618,0.00993,0.00555,0.02545
0.08498,0.24458,0.01996,0.02376,0.03776,0.27363,0.04349,0.01305,0.02474,0.03086,0.02729,0.07570,0.01572,0.03948,0.02419,0.00406,0.01676
0.09307,0.16550,0.02804,0.02403,0.01132,0.17456,0.02581,0.04034,0.09556,0.00786,0.00898,0.09378,0.01835,0.05447,0.00470,0.02519,0.12842
0.00984,0.28525,0.00643,0.03256,0.03454,0.32662,0.01173,0.01809,0.01663,0.01784,0.01262,0.07976,0.01084,0.01631,0.01889,0.08457,0.01749
0.02291,0.19365,0.01052,0.01791,0.02201,0.21973,0.12423,0.02762,0.06359,0.02140,0.01511,0.02361,0.01538,0.13804,0.01013,0.01181,0.06235
0.19536,0.16076,0.02874,0.01635,0.01720,0.15643,0.02048,0.01001,0.03383,0.00885,0.01319,0.19750,0.07083,0.01125,0.01661,0.00900,0.03360
0.01425,0.28059,0.03716,0.02033,0.03869,0.31543,0.01792,0.04278,0.03501,0.01884,0.01470,0.01048,0.05809,0.03964,0.02165,0.00995,0.02449
0.01087,0.23751,0.01464,0.02004,0.05463,0.23092,0.04522,0.04463,0.08601,0.05599,0.01735,0.01082,0.01210,0.04134,0.01163,0.00947,0.09682
0.15427,0.12495,0.03782,0.03258,0.02768,0.15654,0.01509,0.01340,0.07228,0.01674,0.09406,0.14653,0.02911,0.01632,0.02018,0.02444,0.01800
0.02680,0.16791,0.02685,0.03813,0.08535,0.24456,0.01684,0.03126,0.08831,0.02396,0.02897,0.02222,0.06343,0.02951,0.01307,0.02553,0.06730
0.10370,0.17840,0.01450,0.06473,0.02561,0.18923,0.01317,0.03697,0.03772,0.03264,0.01717,0.11820,0.01265,0.03196,0.04729,0.00793,0.06814
0.08158,0.20838,0.02910,0.05351,0.01400,0.22713,0.01456,0.01600,0.04907,0.00982,0.02743,0.08622,0.06829,0.02384,0.03730,0.01162,0.04214
0.02374,0.14142,0.02175,0.03995,0.02028,0.15788,0.09480,0.02879,0.09711,0.02195,0.06692,0.02695,0.02324,0.10400,0.02978,0.00895,0.09249
0.01534,0.17936,0.01332,0.07219,0.14655,0.31928,0.01173,0.03718,0.02096,0.02717,0.01750,0.01656,0.00964,0.02572,0.00597,0.06414,0.01736
0.01376,0.23933,0.00876,0.04794,0.01301,0.25310,0.09270,0.01057,0.06439,0.01116,0.00658,0.02613,0.02571,0.08537,0.02538,0.00746,0.06866
0.01059,0.24669,0.00845,0.00966,0.01362,0.26032,0.01000,0.18257,0.00956,0.03317,0.00908,0.01031,0.00879,0.15825,0.00607,0.01104,0.01182
0.02002,0.17245,0.00550,0.04181,0.00505,0.18052,0.20903,0.00729,0.03870,0.00526,0.00609,0.01944,0.00647,0.19941,0.01166,0.02476,0.04654
0.13240,0.20686,0.12902,0.00701,0.05249,0.12831,0.11270,0.01545,0.04416,0.03720,0.01721,0.00980,0.01857,0.03587,0.00646,0.00397,0.04251
0.01013,0.15586,0.01271,0.02493,0.19195,0.18334,0.01325,0.01858,0.05043,0.16565,0.01210,0.01604,0.02525,0.02396,0.01510,0.02636,0.05436
0.04194,0.32101,0.04759,0.03066,0.01037,0.33915,0.01892,0.01418,0.03001,0.01995,0.02961,0.01497,0.01633,0.01902,0.02450,0.00524,0.01656
0.09130,0.29043,0.01375,0.03205,0.02078,0.30011,0.01765,0.01770,0.01695,0.01532,0.01770,0.09299,0.00725,0.02221,0.02408,0.00607,0.01367
0.00820,0.30523,0.00811,0.04434,0.03631,0.32478,0.01582,0.05290,0.02966,0.05588,0.00818,0.00771,0.00848,0.02071,0.00787,0.03528,0.03054
0.02616,0.38163,0.00767,0.01758,0.01445,0.39556,0.03071,0.00630,0.01197,0.00682,0.00745,0.02428,0.00980,0.02939,0.01167,0.00593,0.01264
0.01564,0.12045,0.03427,0.00804,0.14393,0.24051,0.01013,0.06126,0.06244,0.06714,0.00631,0.03148,0.06682,0.00825,0.00424,0.03150,0.08760
0.06541,0.15707,0.01088,0.03056,0.03232,0.16934,0.11351,0.01553,0.05044,0.02273,0.00960,0.06444,0.01026,0.11986,0.01269,0.02048,0.09490
0.11384,0.22490,0.02200,0.01477,0.01288,0.23906,0.05860,0.00658,0.03578,0.00512,0.04050,0.11744,0.01199,0.06527,0.00540,0.00924,0.01663
0.02946,0.13202,0.01692,0.01338,0.02106,0.14867,0.01323,0.01339,0.02423,0.01981,0.02465,0.24680,0.01579,0.01165,0.01808,0.23491,0.01596
0.00997,0.28510,0.01222,0.00774,0.08861,0.26367,0.03439,0.04200,0.03255,0.07340,0.01028,0.00916,0.01908,0.03953,0.01298,0.00624,0.05308
0.02438,0.20394,0.01914,0.01871,0.03929,0.24087,0.02274,0.16360,0.01273,0.14322,0.00991,0.01224,0.00803,0.03771,0.00971,0.02070,0.01307
0.00841,0.30022,0.01136,0.01105,0.02572,0.33100,0.01429,0.06473,0.01760,0.07971,0.01090,0.03417,0.01079,0.01263,0.00651,0.05058,0.01031
0.00770,0.17206,0.01034,0.03779,0.04946,0.21596,0.01842,0.15863,0.02206,0.13003,0.01451,0.01447,0.01291,0.04992,0.01175,0.04615,0.02784
0.05148,0.26665,0.00561,0.01033,0.02497,0.27872,0.02921,0.00882,0.09179,0.01824,0.00659,0.05343,0.00697,0.02013,0.00563,0.01175,0.10969
0.01652,0.22213,0.01974,0.06048,0.02187,0.22992,0.02698,0.01432,0.09307,0.02391,0.02582,0.03018,0.01862,0.02277,0.05821,0.02014,0.09531
0.01034,0.29434,0.00725,0.00890,0.09562,0.31706,0.01270,0.04593,0.02410,0.07658,0.00639,0.00783,0.00752,0.05238,0.00279,0.00678,0.02348
0.00643,0.35233,0.00798,0.01151,0.02389,0.37239,0.01519,0.06665,0.01234,0.01071,0.00884,0.00841,0.00850,0.06700,0.00652,0.00557,0.01574
0.01572,0.32804,0.02627,0.02636,0.03629,0.36217,0.01721,0.02257,0.03070,0.01200,0.01678,0.00864,0.02033,0.01799,0.01164,0.02595,0.02135
0.01196,0.34300,0.01163,0.00695,0.01624,0.32259,0.03067,0.03525,0.05274,0.02332,0.02215,0.00867,0.01330,0.02189,0.02081,0.00629,0.05253
0.17806,0.15623,0.01690,0.03659,0.04631,0.17214,0.01455,0.01567,0.02463,0.04118,0.01433,0.17629,0.02867,0.01662,0.00842,0.03398,0.01943
0.01974,0.15370,0.01750,0.02327,0.06448,0.13276,0.08533,0.15615,0.01724,0.05153,0.01756,0.01197,0.00831,0.19295,0.01737,0.00994,0.02022
0.01689,0.35647,0.03109,0.00846,0.02883,0.34982,0.04788,0.01179,0.02893,0.02796,0.02285,0.00532,0.01361,0.01523,0.00857,0.00633,0.01996
0.02119,0.16030,0.00760,0.23865,0.01331,0.17323,0.01620,0.01448,0.01820,0.00870,0.01045,0.01597,0.00750,0.02244,0.00824,0.24126,0.02226
0.05946,0.31320,0.01135,0.01144,0.01083,0.32509,0.01949,0.02035,0.03929,0.01205,0.01762,0.05270,0.02138,0.02227,0.01765,0.00829,0.03755
