0.03163,0.03145,0.02681,0.02213,0.41922,0.03779,0.02811,0.02402,0.02376,0.02525,0.02504,0.02554,0.14560,0.13365
0.05601,0.05583,0.03205,0.05614,0.03516,0.02962,0.04570,0.03262,0.03629,0.03608,0.11007,0.13321,0.17146,0.16976
0.03244,0.03225,0.03843,0.09472,0.08898,0.04370,0.03090,0.03828,0.19704,0.18423,0.04774,0.04630,0.06170,0.06329
0.05019,0.05283,0.03764,0.03548,0.08649,0.04498,0.08678,0.22962,0.02784,0.02939,0.03864,0.04127,0.12313,0.11572
0.03182,0.03344,0.15096,0.17131,0.04190,0.04477,0.04759,0.02571,0.02301,0.02286,0.03682,0.03634,0.16567,0.16781
0.04508,0.04650,0.02181,0.02521,0.42348,0.06310,0.03154,0.02522,0.02883,0.03012,0.03043,0.02936,0.09996,0.09935
0.22724,0.19963,0.03480,0.04169,0.03682,0.04709,0.02815,0.03541,0.02959,0.03058,0.05128,0.04420,0.09632,0.09720
0.08981,0.08080,0.03661,0.02079,0.05580,0.03763,0.01720,0.03068,0.02705,0.02749,0.03857,0.03725,0.25283,0.24750
0.04687,0.05047,0.06572,0.28891,0.03352,0.01930,0.02567,0.03548,0.04224,0.04737,0.05234,0.05124,0.12077,0.12009
0.03878,0.04110,0.02869,0.05904,0.07178,0.02479,0.03503,0.03188,0.14936,0.15286,0.05279,0.05389,0.13227,0.12774
0.02519,0.02541,0.01986,0.01284,0.64981,0.04460,0.02326,0.01839,0.01822,0.01804,0.02472,0.02264,0.04867,0.04834
0.13062,0.13598,0.03237,0.02442,0.04151,0.02644,0.03497,0.02402,0.03255,0.03448,0.05309,0.05635,0.19118,0.18202
0.19158,0.17413,0.04075,0.03704,0.03624,0.04913,0.02724,0.03909,0.03401,0.03239,0.03279,0.03183,0.13570,0.13807
0.03060,0.03212,0.02624,0.01605,0.03874,0.01391,0.03404,0.02194,0.02617,0.02759,0.05500,0.06017,0.31877,0.29868
0.04195,0.04498,0.01994,0.02449,0.10592,0.06231,0.03294,0.02881,0.04774,0.04996,0.04039,0.04024,0.22787,0.23245
0.03671,0.03909,0.04211,0.02777,0.05460,0.05133,0.48648,0.04321,0.02120,0.02219,0.03264,0.03223,0.05635,0.05408
0.03967,0.04134,0.02888,0.01724,0.22059,0.28498,0.02071,0.03018,0.02785,0.03045,0.04100,0.04344,0.08887,0.08481
0.24321,0.26943,0.01255,0.01255,0.02193,0.01489,0.01879,0.02213,0.02311,0.02311,0.05148,0.05477,0.12001,0.11204
0.03556,0.03586,0.04625,0.02856,0.03849,0.03751,0.15560,0.33133,0.03408,0.03435,0.05824,0.05437,0.05445,0.05534
0.04162,0.04435,0.02675,0.02649,0.23906,0.14071,0.04216,0.04630,0.02606,0.02672,0.05031,0.05219,0.12317,0.11412
0.03122,0.03389,0.03837,0.02919,0.03511,0.04787,0.04419,0.02266,0.18201,0.16766,0.03912,0.04124,0.14634,0.14112
0.28967,0.31089,0.02026,0.01923,0.03090,0.01884,0.01631,0.02499,0.01975,0.01876,0.02884,0.02944,0.08756,0.08455
0.05087,0.05304,0.02475,0.02753,0.24979,0.04804,0.03438,0.02541,0.02905,0.03077,0.04334,0.04317,0.17807,0.16178
0.03477,0.03360,0.03566,0.03880,0.04138,0.03175,0.02697,0.02104,0.03440,0.03340,0.08012,0.07351,0.25944,0.25515
0.04342,0.04434,0.03591,0.01624,0.03998,0.05459,0.03300,0.02289,0.01845,0.01893,0.04030,0.04333,0.30677,0.28186
0.22657,0.20621,0.04418,0.03027,0.02696,0.05134,0.02321,0.03017,0.03641,0.03710,0.04126,0.03895,0.10561,0.10176
0.02218,0.02190,0.07901,0.14537,0.04627,0.02182,0.03988,0.02629,0.01846,0.01901,0.04558,0.04955,0.24169,0.22298
0.02706,0.02629,0.04024,0.07402,0.03359,0.03968,0.02481,0.02399,0.02241,0.02201,0.22436,0.20330,0.11871,0.11953
0.02524,0.02498,0.02164,0.01983,0.68094,0.02577,0.02283,0.02482,0.01907,0.01880,0.02349,0.02338,0.03399,0.03524
0.04806,0.04664,0.04042,0.05209,0.06012,0.03219,0.02842,0.04291,0.04405,0.04605,0.19988,0.16387,0.09812,0.09718
0.04447,0.04862,0.03131,0.02528,0.05992,0.01639,0.04013,0.01905,0.06210,0.06288,0.05155,0.05573,0.25135,0.23123
0.04443,0.04505,0.04886,0.04978,0.04706,0.04509,0.21352,0.03547,0.02393,0.02465,0.04438,0.04240,0.16902,0.16635
0.19888,0.18734,0.03237,0.03752,0.05198,0.02986,0.02524,0.03786,0.03600,0.03323,0.04410,0.04401,0.12388,0.11774
0.04983,0.05068,0.03261,0.03121,0.27889,0.05041,0.03133,0.03588,0.02900,0.03054,0.04053,0.04042,0.14709,0.15158
0.04596,0.04754,0.03150,0.07397,0.05045,0.03568,0.12834,0.05040,0.07503,0.06771,0.04611,0.04505,0.14584,0.15644
0.04079,0.03956,0.03978,0.24583,0.06234,0.02017,0.03681,0.03826,0.02426,0.02570,0.03806,0.03723,0.17493,0.17627
0.04852,0.05206,0.02749,0.02024,0.06435,0.02406,0.02921,0.02701,0.10410,0.12310,0.04618,0.05126,0.19443,0.18798
0.04986,0.04974,0.03003,0.06119,0.03423,0.04728,0.04578,0.03287,0.06007,0.06568,0.16960,0.13505,0.10871,0.10992
0.01307,0.01252,0.01474,0.01564,0.01178,0.01343,0.01456,0.01141,0.01465,0.01438,0.59243,0.21861,0.02608,0.02670
0.02693,0.02824,0.15328,0.37717,0.03807,0.02042,0.05505,0.03368,0.02898,0.02843,0.03727,0.03805,0.06693,0.06751
0.02923,0.02880,0.03297,0.04557,0.04197,0.03255,0.52955,0.05741,0.02039,0.02119,0.02679,0.02905,0.05371,0.05082
0.02704,0.02875,0.03985,0.07994,0.02785,0.04063,0.27978,0.20162,0.04350,0.04143,0.04449,0.03989,0.05179,0.05343
0.02279,0.02468,0.04977,0.04266,0.04037,0.04534,0.45455,0.05935,0.03215,0.03185,0.03614,0.03486,0.06275,0.06276
0.02972,0.03075,0.58678,0.04360,0.03194,0.02480,0.04013,0.02741,0.02083,0.02174,0.02834,0.02791,0.04336,0.04270
0.01586,0.01545,0.02748,0.01291,0.73861,0.02308,0.01810,0.02016,0.01620,0.01596,0.02255,0.02062,0.02663,0.02639
0.03516,0.03340,0.22983,0.05845,0.04972,0.03524,0.05102,0.02947,0.01826,0.01963,0.04937,0.05124,0.17045,0.16877
0.03545,0.03435,0.01644,0.01879,0.52113,0.04325,0.02484,0.02287,0.01846,0.01846,0.02778,0.02683,0.09488,0.09646
0.02051,0.02060,0.02056,0.01777,0.66968,0.04788,0.02001,0.02206,0.02289,0.02405,0.02620,0.02517,0.03121,0.03143
0.04974,0.04983,0.12164,0.25059,0.03580,0.04294,0.04417,0.03857,0.03566,0.03519,0.05235,0.05066,0.09619,0.09666
0.03649,0.03575,0.04418,0.03781,0.06026,0.04204,0.10200,0.36631,0.03120,0.03048,0.04264,0.04501,0.06455,0.06128
0.04659,0.04673,0.17906,0.14348,0.02771,0.03459,0.03461,0.02915,0.04011,0.03797,0.04811,0.04826,0.14088,0.14276
0.02819,0.02755,0.03485,0.04883,0.03548,0.02802,0.02703,0.02608,0.01871,0.01971,0.04183,0.04215,0.33190,0.28968
0.03699,0.03750,0.03330,0.03411,0.04165,0.02130,0.32461,0.02483,0.02709,0.02809,0.03219,0.03392,0.16552,0.15889
0.03081,0.03319,0.04891,0.05301,0.02820,0.02510,0.44090,0.12686,0.03521,0.03645,0.03396,0.03494,0.03632,0.03615
0.02165,0.02112,0.02789,0.01795,0.02076,0.02472,0.02098,0.01771,0.01866,0.01906,0.38956,0.26501,0.06868,0.06624
0.05914,0.05909,0.03398,0.03479,0.06939,0.02707,0.03943,0.02657,0.07456,0.08382,0.04862,0.04703,0.20364,0.19286
0.02506,0.02496,0.01724,0.01424,0.67141,0.03569,0.02612,0.01959,0.02124,0.02058,0.02036,0.02032,0.04132,0.04187
0.02297,0.02404,0.03381,0.03235,0.03541,0.02171,0.02486,0.02063,0.01960,0.02052,0.20960,0.22853,0.15454,0.15142
0.23639,0.21518,0.03323,0.01475,0.08059,0.03409,0.03165,0.02898,0.01826,0.01947,0.03316,0.03220,0.11326,0.10879
0.15051,0.13332,0.04323,0.03226,0.03962,0.03882,0.02378,0.03298,0.03159,0.03227,0.04778,0.04470,0.17427,0.17485
0.04377,0.04372,0.03776,0.02622,0.03883,0.06929,0.02727,0.02086,0.01848,0.01944,0.04786,0.04933,0.30279,0.25438
0.04001,0.03949,0.05786,0.05403,0.07090,0.03399,0.20283,0.22077,0.03326,0.03453,0.03559,0.03585,0.06939,0.07151
0.04292,0.03997,0.19988,0.07949,0.04251,0.03556,0.04544,0.02818,0.04218,0.04295,0.04815,0.04957,0.14752,0.15567
0.03366,0.03052,0.02726,0.03284,0.03464,0.03060,0.02913,0.02689,0.02131,0.02125,0.33819,0.25379,0.06080,0.05913
0.05165,0.05099,0.04259,0.03630,0.04670,0.04811,0.02455,0.03514,0.03277,0.03391,0.04042,0.03699,0.24010,0.27979
0.16969,0.16339,0.02674,0.03064,0.04456,0.03232,0.03312,0.03965,0.02419,0.02452,0.04215,0.04087,0.16387,0.16428
0.03240,0.03204,0.02877,0.03439,0.04809,0.03849,0.02500,0.01975,0.03563,0.03411,0.18343,0.19372,0.15086,0.14333
0.04234,0.03985,0.11842,0.19622,0.03982,0.04991,0.04147,0.03756,0.05399,0.05264,0.05074,0.04620,0.11677,0.11409
0.04496,0.04622,0.02216,0.02585,0.44715,0.03398,0.03709,0.03423,0.01977,0.01971,0.03339,0.03378,0.10136,0.10034
0.04162,0.03801,0.02599,0.04618,0.04369,0.02682,0.02737,0.02280,0.28472,0.23641,0.02917,0.03023,0.07548,0.07151
0.02917,0.02891,0.45566,0.09294,0.03359,0.02546,0.03440,0.03678,0.03174,0.03465,0.03344,0.03102,0.06675,0.06549
0.02665,0.02615,0.02349,0.02961,0.02109,0.01974,0.02483,0.01773,0.03118,0.03212,0.33688,0.28306,0.06346,0.06398
0.05147,0.05378,0.06240,0.29613,0.02394,0.03598,0.02542,0.02704,0.04406,0.04786,0.05605,0.05224,0.10795,0.11568
0.18092,0.14047,0.02572,0.02395,0.04413,0.03357,0.01956,0.02350,0.03060,0.03185,0.03154,0.03158,0.19212,0.19048
0.03442,0.03336,0.03835,0.04303,0.27295,0.04832,0.03793,0.03129,0.04927,0.05191,0.04105,0.03818,0.14311,0.13683
0.03629,0.03644,0.02489,0.01722,0.32215,0.21172,0.02629,0.02482,0.03023,0.03213,0.02607,0.02673,0.09524,0.08977
0.03255,0.03171,0.02916,0.01872,0.46673,0.05714,0.03036,0.02917,0.02441,0.02414,0.02848,0.02775,0.10102,0.09866
0.25655,0.18484,0.02769,0.02239,0.03860,0.05510,0.03245,0.02581,0.03588,0.03609,0.04192,0.04234,0.09994,0.10040
0.05744,0.05768,0.03479,0.03616,0.08463,0.03124,0.03096,0.02375,0.16088,0.15356,0.04384,0.04506,0.11946,0.12054
0.03635,0.03597,0.03125,0.03229,0.07344,0.03220,0.02952,0.03137,0.02852,0.03037,0.17457,0.20011,0.13256,0.13147
0.16721,0.15393,0.03575,0.03164,0.04581,0.03852,0.02679,0.02984,0.03501,0.03831,0.05008,0.05452,0.14245,0.15015
0.01983,0.01979,0.01774,0.01735,0.01488,0.01653,0.01936,0.01966,0.42848,0.29710,0.02994,0.02927,0.03457,0.03549
0.36154,0.33896,0.01347,0.01139,0.02855,0.01273,0.01538,0.01726,0.02521,0.02414,0.02086,0.02148,0.05631,0.05271
0.04763,0.04896,0.04515,0.03351,0.13772,0.04648,0.02553,0.03064,0.02874,0.02980,0.03699,0.03975,0.23192,0.21718
0.03187,0.02980,0.02958,0.01786,0.51947,0.06787,0.04513,0.03885,0.03551,0.03517,0.03504,0.03356,0.04086,0.03943
0.06376,0.06601,0.04083,0.01747,0.07080,0.02905,0.02969,0.02466,0.02135,0.02127,0.04071,0.04371,0.26952,0.26118
0.05472,0.05618,0.02567,0.02766,0.34024,0.13400,0.01926,0.03383,0.03217,0.03593,0.03841,0.03975,0.08305,0.07912
0.05113,0.05227,0.07165,0.04875,0.04293,0.02844,0.32822,0.04353,0.02243,0.02364,0.03112,0.03260,0.11071,0.11260
0.04924,0.05045,0.02349,0.02184,0.29012,0.03305,0.02767,0.02768,0.02267,0.02500,0.02562,0.02651,0.18811,0.18854
0.03617,0.03636,0.06606,0.03681,0.06008,0.04060,0.13041,0.03996,0.03438,0.03582,0.04511,0.04662,0.19507,0.19656
0.03734,0.04107,0.02041,0.02036,0.45705,0.02911,0.02652,0.04231,0.02283,0.02422,0.03226,0.03271,0.11078,0.10304
0.03959,0.04144,0.27406,0.10531,0.03655,0.02801,0.02607,0.02867,0.02111,0.02228,0.05198,0.05735,0.13477,0.13280
0.03722,0.03875,0.02391,0.02241,0.04622,0.01934,0.37517,0.04005,0.02452,0.02444,0.02908,0.03264,0.14496,0.14130
0.05193,0.05362,0.09000,0.14360,0.06338,0.02751,0.04315,0.02423,0.03542,0.03496,0.04021,0.03816,0.17370,0.18012
0.16459,0.19609,0.01647,0.01498,0.08731,0.02505,0.02977,0.02143,0.02530,0.02563,0.02697,0.02826,0.17130,0.16684
0.02693,0.02671,0.04078,0.02875,0.02744,0.02240,0.03399,0.02347,0.02012,0.01993,0.18988,0.23924,0.14898,0.15137
0.01972,0.01985,0.01673,0.01856,0.61832,0.04411,0.02365,0.02490,0.02405,0.02526,0.02677,0.02619,0.05683,0.05507
0.02186,0.01905,0.02385,0.01347,0.63286,0.10250,0.02976,0.01472,0.02259,0.02184,0.02756,0.02765,0.02133,0.02098
0.04206,0.04586,0.01971,0.01957,0.04561,0.02229,0.01829,0.01715,0.02850,0.03083,0.03203,0.03264,0.33827,0.30718
0.15128,0.14140,0.03208,0.02377,0.07466,0.04001,0.02291,0.02656,0.03326,0.03221,0.05826,0.05502,0.15610,0.15249
