0.36008,0.08399,0.09733,0.17019,0.06092,0.03298,0.02008,0.09386,0.06064,0.01993
0.13191,0.13574,0.08101,0.16184,0.08079,0.02080,0.01216,0.19504,0.12050,0.06020
0.09266,0.07779,0.15547,0.09378,0.14575,0.03736,0.06988,0.20267,0.10041,0.02423
0.04115,0.16348,0.07334,0.14783,0.09256,0.01806,0.04560,0.19978,0.09233,0.12587
0.04736,0.22635,0.20524,0.14022,0.13116,0.03238,0.02442,0.08484,0.08299,0.02504
0.32539,0.06420,0.10476,0.13573,0.07063,0.04080,0.01410,0.10911,0.09087,0.04442
0.12832,0.23735,0.06796,0.24918,0.09493,0.01562,0.01089,0.09015,0.06925,0.03634
0.14743,0.15125,0.15469,0.13057,0.15802,0.02518,0.02488,0.03201,0.02826,0.14771
0.17212,0.10249,0.23506,0.13171,0.10862,0.01753,0.01178,0.13021,0.06808,0.02239
0.12128,0.05396,0.14239,0.39613,0.10065,0.05677,0.02816,0.03344,0.02927,0.03796
0.10880,0.40441,0.12017,0.09145,0.06167,0.01766,0.01333,0.09058,0.07613,0.01581
0.34285,0.10614,0.05596,0.12068,0.17890,0.00725,0.02078,0.07207,0.05732,0.03805
0.15605,0.04884,0.13756,0.05079,0.40845,0.01012,0.02685,0.06958,0.05481,0.03695
0.09714,0.05763,0.15162,0.07316,0.05809,0.15803,0.16080,0.04615,0.04267,0.15472
0.21622,0.23167,0.05275,0.11986,0.04822,0.04920,0.03334,0.09947,0.11543,0.03383
0.09631,0.05959,0.06952,0.36439,0.08913,0.02376,0.02133,0.14611,0.09298,0.03688
0.21241,0.06135,0.04824,0.05691,0.06820,0.09456,0.02365,0.17272,0.14562,0.11633
0.21821,0.08547,0.09170,0.20856,0.09493,0.03618,0.03339,0.08688,0.09106,0.05363
0.35312,0.15923,0.08245,0.12555,0.13123,0.00596,0.02945,0.04053,0.03754,0.03494
0.10941,0.12059,0.28307,0.08856,0.16939,0.02100,0.03137,0.06612,0.08050,0.02999
0.20094,0.06344,0.05394,0.06997,0.11863,0.14420,0.01665,0.08745,0.06590,0.17887
0.10424,0.09495,0.07687,0.19722,0.06780,0.03455,0.02035,0.11159,0.08931,0.20313
0.41878,0.10739,0.02768,0.07817,0.19875,0.03212,0.02956,0.04357,0.03560,0.02837
0.06493,0.18257,0.03440,0.03093,0.06139,0.03060,0.01001,0.43459,0.12975,0.02083
0.38148,0.06162,0.04140,0.08087,0.21499,0.02518,0.00849,0.07368,0.06803,0.04426
0.18917,0.09784,0.11413,0.18389,0.07408,0.01903,0.02465,0.15956,0.08182,0.05583
0.11063,0.07657,0.08321,0.18024,0.08301,0.01680,0.03103,0.28498,0.08580,0.04773
0.07794,0.04611,0.04530,0.42307,0.21504,0.01335,0.05047,0.04631,0.04815,0.03425
0.13823,0.03629,0.07918,0.04909,0.04883,0.01048,0.08437,0.27711,0.25926,0.01716
0.07636,0.20296,0.05328,0.18416,0.07590,0.02784,0.01988,0.15311,0.12658,0.07993
0.43440,0.03712,0.10881,0.28325,0.04537,0.01664,0.01352,0.02074,0.01732,0.02282
0.06189,0.03975,0.09269,0.04456,0.37136,0.03999,0.15363,0.07686,0.07047,0.04879
0.11652,0.11562,0.14282,0.09719,0.28968,0.02341,0.01196,0.08476,0.08237,0.03565
0.30142,0.08272,0.24022,0.08693,0.09277,0.02169,0.04098,0.04464,0.03476,0.05387
0.07276,0.12548,0.10443,0.16143,0.20517,0.01529,0.01236,0.14878,0.08692,0.06739
0.06955,0.12273,0.11146,0.10293,0.12616,0.06474,0.00769,0.14034,0.17207,0.08232
0.24418,0.14208,0.07226,0.11552,0.18187,0.02151,0.01447,0.09716,0.09660,0.01435
0.09030,0.03441,0.16509,0.03331,0.25341,0.12871,0.01234,0.12346,0.08151,0.07747
0.18490,0.02345,0.14361,0.33009,0.02678,0.01194,0.00869,0.12356,0.12584,0.02113
0.08368,0.17573,0.17009,0.07974,0.04735,0.01200,0.05201,0.18904,0.15676,0.03360
0.07174,0.10605,0.12913,0.16759,0.16974,0.11782,0.05666,0.07374,0.06282,0.04472
0.05098,0.09410,0.09968,0.07268,0.11214,0.24368,0.02249,0.17084,0.10819,0.02522
0.14864,0.07347,0.12558,0.11362,0.07948,0.17277,0.13344,0.08126,0.05828,0.01345
0.11902,0.42979,0.11475,0.10079,0.11083,0.00895,0.00995,0.04807,0.04442,0.01344
0.12811,0.05845,0.15605,0.04744,0.11843,0.01569,0.02351,0.19163,0.22522,0.03549
0.18813,0.07671,0.15096,0.08794,0.09013,0.01797,0.02090,0.13319,0.13290,0.10116
0.06570,0.26228,0.08157,0.27969,0.12217,0.00514,0.01590,0.07278,0.04984,0.04494
0.14143,0.08379,0.14279,0.09656,0.10725,0.02506,0.07085,0.14163,0.14634,0.04428
0.06001,0.11324,0.22364,0.08176,0.13627,0.02356,0.02946,0.12133,0.15469,0.05604
0.04763,0.17312,0.03476,0.19631,0.04301,0.01485,0.03560,0.30041,0.11608,0.03823
0.02757,0.36413,0.04525,0.15845,0.03841,0.05225,0.01061,0.09929,0.10124,0.10281
0.02840,0.03424,0.17065,0.04701,0.38311,0.01204,0.00915,0.04444,0.03956,0.23139
0.38571,0.05858,0.02149,0.04460,0.13590,0.00862,0.01339,0.20336,0.10145,0.02690
0.12777,0.10676,0.11907,0.18536,0.08957,0.06747,0.01829,0.12977,0.13237,0.02358
0.14144,0.08510,0.13019,0.09767,0.24035,0.03850,0.01059,0.12733,0.10737,0.02147
0.16084,0.11759,0.09608,0.03981,0.34709,0.02026,0.01573,0.08696,0.06848,0.04717
0.36389,0.06360,0.06604,0.09260,0.06950,0.02702,0.02569,0.13716,0.06634,0.08817
0.16419,0.13525,0.05070,0.27098,0.11976,0.15599,0.01365,0.03920,0.03828,0.01201
0.46681,0.03523,0.02801,0.04465,0.11363,0.01485,0.03370,0.07519,0.08245,0.10547
0.11146,0.20040,0.06112,0.06149,0.13816,0.01846,0.08341,0.15427,0.15870,0.01253
0.19983,0.26935,0.15209,0.11117,0.06096,0.05453,0.04790,0.04449,0.03705,0.02264
0.52749,0.09380,0.04506,0.02558,0.02965,0.03642,0.12342,0.05998,0.04431,0.01430
0.12575,0.05188,0.36257,0.14966,0.05557,0.02493,0.03063,0.07386,0.05703,0.06813
0.34108,0.08414,0.07771,0.19667,0.05374,0.01114,0.01237,0.09220,0.12032,0.01063
0.06166,0.09898,0.11589,0.27195,0.10864,0.01713,0.00829,0.12533,0.11216,0.07997
0.07716,0.24210,0.12849,0.08435,0.10106,0.04207,0.08608,0.10470,0.08810,0.04588
0.22696,0.08795,0.09766,0.04244,0.14306,0.02022,0.05757,0.12862,0.15624,0.03928
0.12004,0.03974,0.21560,0.04234,0.18971,0.04905,0.01777,0.14276,0.10199,0.08099
0.07871,0.09852,0.07717,0.12038,0.05812,0.04725,0.19196,0.09646,0.09108,0.14036
0.15470,0.03539,0.05061,0.57982,0.06104,0.01583,0.02224,0.03287,0.03299,0.01452
0.18370,0.09081,0.07496,0.08245,0.14812,0.01214,0.17498,0.14022,0.07486,0.01776
0.25891,0.07638,0.07862,0.09304,0.16868,0.11653,0.01362,0.09510,0.07030,0.02882
0.12611,0.12977,0.05867,0.13701,0.09790,0.02225,0.03831,0.16363,0.19890,0.02745
0.12821,0.10568,0.15045,0.12273,0.14128,0.02794,0.07349,0.11568,0.07131,0.06322
0.29513,0.08945,0.07859,0.09894,0.11390,0.01038,0.04035,0.16065,0.08449,0.02813
0.06352,0.09987,0.29324,0.09388,0.07324,0.01129,0.01928,0.17958,0.10450,0.06161
0.14917,0.06701,0.21213,0.06848,0.11647,0.04546,0.12860,0.08774,0.08160,0.04333
0.07331,0.03310,0.21551,0.02852,0.41840,0.03537,0.02372,0.05489,0.05599,0.06120
0.12746,0.05249,0.05775,0.24979,0.07432,0.01174,0.03766,0.19257,0.12159,0.07464
0.17590,0.13858,0.12315,0.09995,0.13839,0.01064,0.06397,0.11483,0.11010,0.02450
0.04956,0.05932,0.09366,0.43338,0.07673,0.15509,0.01051,0.05977,0.04334,0.01865
0.24752,0.24400,0.10693,0.14990,0.10915,0.01704,0.01032,0.04699,0.03638,0.03176
0.16349,0.06875,0.09498,0.05444,0.18978,0.01368,0.02944,0.13787,0.12351,0.12407
0.17468,0.16504,0.15176,0.09432,0.19327,0.04217,0.01333,0.06595,0.08110,0.01836
0.05494,0.21666,0.02643,0.50403,0.04077,0.00923,0.01755,0.07723,0.04417,0.00899
0.03151,0.08389,0.32095,0.26297,0.11775,0.00531,0.01158,0.07664,0.05343,0.03596
0.18432,0.15441,0.11251,0.26159,0.05641,0.01316,0.10939,0.05159,0.03684,0.01980
0.07414,0.14819,0.20356,0.15606,0.11253,0.11364,0.08327,0.04098,0.04535,0.02228
0.13422,0.13185,0.12985,0.12379,0.11350,0.05893,0.05170,0.09806,0.05912,0.09897
0.16971,0.19921,0.09217,0.20452,0.13383,0.01140,0.00899,0.09066,0.06008,0.02942
0.03011,0.03261,0.15467,0.04247,0.22708,0.01401,0.01796,0.25292,0.12576,0.10241
0.09659,0.10405,0.10500,0.07831,0.14350,0.01726,0.05839,0.20402,0.15181,0.04109
0.38264,0.09260,0.04845,0.09507,0.07742,0.06885,0.03375,0.08701,0.09716,0.01704
0.14808,0.21657,0.04977,0.28853,0.09953,0.02821,0.02594,0.06288,0.04867,0.03182
0.02474,0.35574,0.08228,0.28141,0.08808,0.01935,0.01173,0.05112,0.04413,0.04144
0.07714,0.14556,0.10793,0.17371,0.25077,0.01171,0.04656,0.05215,0.04273,0.09173
0.34932,0.06350,0.02940,0.05241,0.16159,0.01277,0.00928,0.20421,0.08940,0.02814
0.13283,0.05277,0.26846,0.04958,0.07247,0.10836,0.02616,0.11287,0.15242,0.02408
0.12485,0.09892,0.10046,0.14439,0.09248,0.12882,0.02156,0.13265,0.13381,0.02206
0.05239,0.09344,0.05410,0.37959,0.09409,0.01385,0.00929,0.18791,0.09657,0.01878
