0.07399,0.10205,0.02183,0.02511,0.07134,0.06871,0.02986,0.02956,0.02793,0.03486,0.05609,0.03289,0.08113,0.34468
0.08330,0.05385,0.04260,0.03485,0.02846,0.02695,0.04091,0.04212,0.06123,0.02167,0.02892,0.02779,0.15903,0.34831
0.04281,0.04915,0.07216,0.01980,0.04508,0.04278,0.03488,0.03519,0.03142,0.04047,0.02216,0.02164,0.09363,0.44882
0.01231,0.01463,0.01099,0.00888,0.01808,0.01773,0.00903,0.00917,0.00692,0.01100,0.02060,0.01088,0.01435,0.83542
0.01423,0.02110,0.01413,0.01097,0.11220,0.13127,0.01256,0.01288,0.02073,0.01563,0.01412,0.03268,0.01986,0.56763
0.16255,0.08886,0.02292,0.03110,0.03359,0.03333,0.02218,0.02150,0.02015,0.05276,0.06405,0.05920,0.01705,0.37076
0.29429,0.06062,0.02591,0.02222,0.02273,0.02191,0.02377,0.02348,0.02506,0.05712,0.02738,0.02168,0.03260,0.34123
0.02609,0.34399,0.02016,0.03758,0.03020,0.02954,0.03380,0.03405,0.02740,0.01703,0.02289,0.02940,0.02599,0.32187
0.02915,0.04345,0.02134,0.03293,0.06971,0.07499,0.01874,0.01859,0.02592,0.02519,0.02453,0.03036,0.03901,0.54608
0.01270,0.01217,0.01101,0.00787,0.01117,0.01132,0.01020,0.01001,0.00621,0.01371,0.01165,0.01021,0.82891,0.04287
0.02189,0.01806,0.01802,0.02134,0.01447,0.01467,0.02230,0.02333,0.01929,0.15185,0.01479,0.01271,0.01342,0.63384
0.03104,0.01593,0.09217,0.01833,0.02155,0.02104,0.01984,0.01950,0.01416,0.01733,0.02063,0.02528,0.09945,0.58376
0.02263,0.02636,0.02065,0.02314,0.02400,0.02423,0.01450,0.01547,0.02518,0.58406,0.01848,0.02064,0.04546,0.13520
0.01859,0.01711,0.01573,0.02628,0.08485,0.07514,0.02028,0.01944,0.02827,0.02209,0.01195,0.02012,0.01655,0.62359
0.06374,0.01562,0.02171,0.01625,0.01439,0.01341,0.01249,0.01312,0.01042,0.04233,0.03251,0.01683,0.08172,0.64546
0.00543,0.00861,0.00518,0.00626,0.00756,0.00770,0.00587,0.00587,0.00441,0.00582,0.00534,0.00609,0.87984,0.04602
0.01463,0.01471,0.01639,0.00983,0.01091,0.01037,0.03610,0.03518,0.02086,0.01782,0.01779,0.01099,0.01219,0.77223
0.02156,0.22656,0.03432,0.01724,0.01949,0.01911,0.02720,0.02629,0.01211,0.03847,0.03074,0.01870,0.41135,0.09687
0.02334,0.01375,0.02122,0.01357,0.01367,0.01411,0.11291,0.10839,0.02539,0.02409,0.01833,0.01179,0.02270,0.57674
0.10120,0.01662,0.01597,0.01345,0.01653,0.01652,0.01523,0.01508,0.01281,0.02210,0.02147,0.02728,0.04027,0.66548
0.02531,0.02276,0.02737,0.02090,0.02858,0.02850,0.01602,0.01576,0.01408,0.02080,0.39556,0.04481,0.22740,0.11215
0.01028,0.00716,0.00844,0.00924,0.03504,0.03255,0.00917,0.00873,0.01261,0.01061,0.00665,0.00800,0.00728,0.83423
0.01757,0.01946,0.04428,0.01806,0.02244,0.02285,0.08389,0.07539,0.01678,0.01745,0.03767,0.02087,0.01115,0.59212
0.04282,0.02353,0.09731,0.39932,0.02712,0.02772,0.02870,0.02963,0.03277,0.02215,0.03438,0.02617,0.14607,0.06229
0.00776,0.01017,0.01084,0.00883,0.01418,0.01390,0.01062,0.01045,0.00823,0.01253,0.01628,0.00539,0.01083,0.85999
0.04001,0.05207,0.05251,0.02181,0.02721,0.02610,0.03255,0.03157,0.05531,0.02783,0.05509,0.03116,0.29682,0.24995
0.01588,0.01722,0.01459,0.02410,0.03772,0.03729,0.01758,0.01729,0.03815,0.07106,0.02139,0.02108,0.02379,0.64286
0.03816,0.01113,0.00809,0.00705,0.01049,0.01094,0.01296,0.01260,0.00834,0.01390,0.01563,0.00855,0.01392,0.82824
0.01180,0.00967,0.01593,0.00982,0.01282,0.01239,0.01906,0.01965,0.01080,0.02324,0.01321,0.74543,0.00760,0.08857
0.02317,0.02925,0.02767,0.01418,0.02506,0.02495,0.06865,0.06175,0.02323,0.02473,0.01765,0.01677,0.02303,0.61991
0.05446,0.01260,0.00939,0.01048,0.01104,0.01166,0.01382,0.01352,0.01055,0.01958,0.01193,0.00814,0.01983,0.79299
0.04027,0.06512,0.02407,0.01963,0.02639,0.02585,0.01727,0.01729,0.08500,0.09567,0.02416,0.01472,0.01507,0.52949
0.02017,0.01034,0.01555,0.39276,0.01508,0.01541,0.01303,0.01373,0.01193,0.01538,0.01896,0.02128,0.37326,0.06310
0.02443,0.02086,0.02644,0.01459,0.02972,0.02920,0.01598,0.01548,0.02189,0.35840,0.02439,0.02467,0.26124,0.13272
0.02933,0.04348,0.03297,0.01864,0.01808,0.01816,0.02836,0.02768,0.47291,0.08923,0.01828,0.05227,0.02572,0.12490
0.02087,0.01835,0.01688,0.01288,0.01367,0.01444,0.01878,0.01890,0.01926,0.01301,0.02646,0.01466,0.69585,0.09599
0.03497,0.06283,0.02938,0.01912,0.02718,0.02638,0.11882,0.10192,0.05051,0.02368,0.03552,0.02323,0.03128,0.41518
0.02831,0.36384,0.03269,0.01932,0.02081,0.02198,0.01622,0.01594,0.03220,0.03093,0.02680,0.01552,0.02968,0.34577
0.02771,0.02954,0.01010,0.01475,0.01131,0.01101,0.01056,0.00995,0.01444,0.01658,0.02359,0.03193,0.01971,0.76883
0.01699,0.01857,0.01563,0.01457,0.01310,0.01240,0.02507,0.02400,0.66875,0.02424,0.00969,0.01973,0.05355,0.08370
0.01798,0.01389,0.41887,0.01873,0.01421,0.01426,0.01684,0.01637,0.01118,0.02645,0.01160,0.01663,0.02233,0.38067
0.01938,0.03049,0.05952,0.02374,0.01904,0.01954,0.02055,0.01946,0.02426,0.01669,0.01444,0.02003,0.49167,0.22120
0.02126,0.02338,0.02644,0.02068,0.03141,0.03018,0.01980,0.01964,0.02310,0.02220,0.01515,0.02449,0.12438,0.59791
0.01241,0.01880,0.04509,0.01778,0.01581,0.01583,0.01307,0.01324,0.01548,0.01736,0.02244,0.01560,0.25369,0.52340
0.02454,0.02440,0.03044,0.02594,0.01588,0.01495,0.12733,0.12343,0.02883,0.01719,0.01662,0.01662,0.12270,0.41115
0.02713,0.01859,0.04483,0.04388,0.01446,0.01449,0.02599,0.02641,0.01770,0.41249,0.01576,0.03247,0.01589,0.28991
0.02369,0.04036,0.03394,0.01838,0.01614,0.01647,0.05775,0.05816,0.03681,0.01970,0.01484,0.01121,0.02139,0.63116
0.02721,0.04280,0.03920,0.02775,0.02701,0.02651,0.09942,0.09011,0.02828,0.02390,0.03311,0.04999,0.22665,0.25806
0.01604,0.01863,0.01683,0.03143,0.02645,0.02618,0.01520,0.01453,0.01259,0.06365,0.02987,0.01686,0.02812,0.68361
0.02591,0.12090,0.00992,0.02156,0.02153,0.02199,0.01538,0.01561,0.02155,0.01912,0.02296,0.01702,0.20005,0.46648
0.02006,0.02721,0.01897,0.01609,0.02175,0.02196,0.02263,0.02149,0.30707,0.01851,0.02004,0.02223,0.31558,0.14642
0.01320,0.01637,0.01621,0.00994,0.01333,0.01282,0.01381,0.01366,0.75223,0.01398,0.01322,0.01083,0.02104,0.07935
0.05540,0.02225,0.01741,0.01616,0.02144,0.02049,0.01793,0.01706,0.05217,0.52011,0.02318,0.01361,0.01882,0.18396
0.02963,0.01285,0.17329,0.01895,0.01444,0.01389,0.02336,0.02483,0.01236,0.02634,0.01391,0.02116,0.03171,0.58329
0.01908,0.00708,0.02134,0.01181,0.01330,0.01201,0.01107,0.01092,0.01249,0.02061,0.00925,0.61185,0.02818,0.21102
0.01659,0.00608,0.00849,0.00564,0.00647,0.00653,0.00568,0.00567,0.00477,0.01017,0.00898,0.00873,0.00728,0.89892
0.02277,0.03634,0.02570,0.01866,0.04479,0.04571,0.01288,0.01249,0.01941,0.03309,0.01676,0.02345,0.05309,0.63487
0.02811,0.03762,0.01452,0.02223,0.01682,0.01673,0.01680,0.01641,0.04184,0.08320,0.01336,0.01377,0.01130,0.66730
0.01141,0.00880,0.01158,0.00893,0.00772,0.00784,0.02072,0.02017,0.02129,0.00868,0.01212,0.00561,0.01768,0.83747
0.04850,0.02203,0.01848,0.01269,0.00987,0.00983,0.01325,0.01357,0.00820,0.02230,0.03051,0.01975,0.01651,0.75451
0.00818,0.01051,0.00792,0.00715,0.00892,0.00907,0.00729,0.00731,0.00525,0.00906,0.00629,0.00897,0.86205,0.04201
0.03386,0.09224,0.02320,0.02594,0.03720,0.03598,0.02431,0.02294,0.03217,0.03817,0.04451,0.02843,0.20503,0.35600
0.03327,0.02230,0.01789,0.01961,0.01388,0.01400,0.01500,0.01538,0.01091,0.01967,0.16309,0.01760,0.03516,0.60224
0.00827,0.00854,0.00818,0.00608,0.00947,0.00939,0.00673,0.00670,0.00519,0.01167,0.00671,0.00882,0.85684,0.04740
0.02711,0.02818,0.02174,0.01835,0.01766,0.01722,0.02281,0.02330,0.65324,0.02525,0.02275,0.02710,0.02628,0.06903
0.01913,0.04438,0.05314,0.02945,0.05412,0.05330,0.02209,0.02147,0.02225,0.03472,0.02703,0.04275,0.02860,0.54757
0.03112,0.02268,0.01172,0.02050,0.01957,0.01911,0.01265,0.01219,0.02385,0.05946,0.01532,0.01687,0.01587,0.71908
0.02183,0.05296,0.09547,0.02840,0.08532,0.08300,0.03246,0.03246,0.01800,0.06295,0.04460,0.02955,0.29475,0.11827
0.03007,0.02477,0.01062,0.01299,0.01517,0.01578,0.01374,0.01369,0.01460,0.02437,0.02156,0.01740,0.65295,0.13230
0.03036,0.03991,0.03141,0.01721,0.01984,0.01994,0.12151,0.12037,0.01727,0.03311,0.02600,0.02934,0.02596,0.46776
0.06345,0.01140,0.01011,0.01096,0.01233,0.01195,0.01827,0.01711,0.01229,0.01503,0.01212,0.01566,0.01318,0.77612
0.03704,0.01819,0.10233,0.28336,0.02774,0.02667,0.02608,0.02660,0.01458,0.02305,0.01791,0.02562,0.01652,0.35431
0.02059,0.02998,0.02352,0.01095,0.03063,0.03338,0.03722,0.03546,0.05378,0.02810,0.03507,0.02698,0.04382,0.59051
0.01560,0.02055,0.01641,0.01963,0.05327,0.05548,0.01372,0.01356,0.01319,0.01249,0.01685,0.02131,0.06478,0.66316
0.02403,0.02921,0.03163,0.01896,0.01821,0.01876,0.01601,0.01567,0.02009,0.02377,0.02271,0.02700,0.51413,0.21982
0.05172,0.07249,0.03404,0.01476,0.03129,0.03031,0.01878,0.01881,0.01592,0.05649,0.04071,0.02532,0.51756,0.07179
0.01967,0.01462,0.02159,0.03062,0.01913,0.01820,0.03117,0.03052,0.02144,0.03945,0.02767,0.62985,0.01879,0.07728
0.01372,0.02419,0.07464,0.01519,0.01304,0.01315,0.01305,0.01320,0.01446,0.01459,0.01902,0.01204,0.01908,0.74064
0.04165,0.01688,0.12064,0.16038,0.02015,0.02077,0.03112,0.03259,0.03239,0.02506,0.01143,0.05416,0.01797,0.41480
0.00708,0.00519,0.01134,0.00847,0.01074,0.01113,0.00797,0.00791,0.00602,0.02580,0.00985,0.01019,0.00636,0.87196
0.02443,0.04490,0.04030,0.02045,0.02710,0.02507,0.02851,0.02751,0.04058,0.05130,0.01726,0.02259,0.01698,0.61304
0.02723,0.01973,0.02150,0.02164,0.15122,0.14455,0.02822,0.02799,0.02257,0.01758,0.04234,0.05643,0.16489,0.25413
0.02915,0.02365,0.01626,0.02092,0.02365,0.02430,0.03764,0.03819,0.02193,0.02404,0.02531,0.01620,0.01813,0.68063
0.01885,0.03319,0.01985,0.02274,0.02503,0.02453,0.02186,0.02240,0.63445,0.03204,0.02837,0.02186,0.01624,0.07859
0.00523,0.00523,0.00539,0.00482,0.00743,0.00704,0.00587,0.00597,0.00682,0.61670,0.00423,0.00672,0.00394,0.31461
0.02192,0.02706,0.01920,0.01939,0.02765,0.02842,0.01982,0.02017,0.01910,0.01618,0.02285,0.08876,0.12459,0.54490
0.00508,0.00783,0.00881,0.55422,0.00851,0.00862,0.01271,0.01262,0.00503,0.01437,0.00557,0.00976,0.00534,0.34153
0.03954,0.08140,0.02211,0.04868,0.02485,0.02413,0.03652,0.03714,0.03013,0.02859,0.01962,0.38312,0.03147,0.19271
0.02162,0.01481,0.01624,0.02374,0.01283,0.01197,0.01743,0.01712,0.01270,0.01125,0.05120,0.01585,0.00767,0.76557
0.02186,0.01791,0.01143,0.01865,0.01435,0.01395,0.12109,0.10975,0.01809,0.01798,0.01386,0.01812,0.01525,0.58770
0.01719,0.01318,0.00882,0.01120,0.01274,0.01302,0.01022,0.01074,0.00926,0.01610,0.01290,0.01388,0.80198,0.04879
0.01505,0.02985,0.01713,0.01504,0.01421,0.01463,0.02000,0.01907,0.03364,0.29138,0.01953,0.03506,0.00685,0.46856
0.01488,0.01258,0.66785,0.01191,0.00992,0.01012,0.01069,0.01146,0.01159,0.02790,0.02628,0.01315,0.01617,0.15548
0.00957,0.01530,0.00976,0.00727,0.00781,0.00797,0.00682,0.00715,0.01599,0.01048,0.01222,0.00759,0.00708,0.87499
0.01341,0.00794,0.01362,0.01218,0.00863,0.00887,0.11312,0.13170,0.01570,0.01117,0.00979,0.01060,0.00870,0.63456
0.02032,0.02220,0.02582,0.03051,0.02172,0.02175,0.02521,0.02534,0.02918,0.15648,0.02315,0.02200,0.01536,0.56098
0.04663,0.05168,0.03547,0.02362,0.03122,0.02983,0.02811,0.02945,0.05748,0.35712,0.02330,0.03017,0.08956,0.16637
0.02308,0.04354,0.01497,0.03440,0.04357,0.04079,0.04828,0.04997,0.03159,0.05269,0.02282,0.03338,0.02559,0.53535
0.01606,0.00907,0.01531,0.00879,0.01093,0.01099,0.08197,0.07216,0.01735,0.02379,0.02623,0.02261,0.00588,0.67886
0.01193,0.01774,0.02233,0.03383,0.03262,0.03193,0.01525,0.01466,0.01896,0.03376,0.02119,0.01852,0.01872,0.70856
