0.04884,0.02829,0.09945,0.04690,0.04528,0.05032,0.06963,0.04048,0.01957,0.17474,0.07717,0.03136,0.03485,0.02235,0.03634,0.04755,0.03342,0.02842,0.02535,0.03969
0.12223,0.04432,0.12497,0.03283,0.06400,0.03769,0.10177,0.05162,0.02420,0.07358,0.06441,0.02977,0.03660,0.04274,0.02270,0.01847,0.02473,0.02178,0.02412,0.03747
0.09373,0.07693,0.17070,0.03338,0.06237,0.04450,0.10610,0.05158,0.03023,0.02968,0.02396,0.02976,0.05077,0.05889,0.01795,0.01726,0.02488,0.02253,0.01833,0.03647
0.16271,0.02130,0.06396,0.03228,0.06223,0.03254,0.07320,0.04640,0.02326,0.11485,0.12002,0.02190,0.03202,0.02122,0.02520,0.02863,0.02756,0.02441,0.01847,0.04783
0.13965,0.04071,0.07989,0.04077,0.09992,0.07053,0.08108,0.06456,0.02926,0.02662,0.02279,0.03587,0.03945,0.04700,0.02077,0.02315,0.02949,0.02749,0.02734,0.05365
0.04161,0.09369,0.17557,0.02881,0.03160,0.04521,0.15880,0.04204,0.02116,0.03784,0.03345,0.02484,0.02394,0.10041,0.01946,0.01961,0.01820,0.02137,0.02297,0.03943
0.03618,0.02409,0.18894,0.03592,0.02771,0.03119,0.23677,0.03658,0.01833,0.06854,0.05867,0.03514,0.03011,0.01900,0.02381,0.02992,0.02175,0.02730,0.02142,0.02864
0.10474,0.03289,0.17688,0.02365,0.04699,0.04560,0.25510,0.05099,0.02109,0.02712,0.02552,0.02204,0.02659,0.03473,0.01186,0.01336,0.01786,0.01656,0.01300,0.03342
0.09085,0.01960,0.18072,0.02985,0.05310,0.04548,0.24914,0.04477,0.01925,0.02848,0.02354,0.02375,0.03334,0.01771,0.01523,0.01826,0.02438,0.02402,0.01353,0.04499
0.23572,0.02985,0.04674,0.03945,0.09467,0.03589,0.04419,0.05131,0.01935,0.06397,0.06616,0.05111,0.03947,0.02701,0.02101,0.01939,0.02285,0.03164,0.02255,0.03770
0.05486,0.05950,0.14591,0.04155,0.03664,0.04137,0.11997,0.04801,0.04077,0.05616,0.06307,0.04996,0.05949,0.04348,0.01849,0.01662,0.02140,0.02282,0.02398,0.03595
0.06206,0.09761,0.07509,0.02026,0.04240,0.04998,0.09664,0.04375,0.01500,0.02198,0.01795,0.01806,0.02308,0.30391,0.01455,0.01482,0.01789,0.01763,0.01563,0.03173
0.03240,0.17943,0.06306,0.02116,0.03065,0.02573,0.07125,0.02885,0.01713,0.02191,0.02019,0.01860,0.02366,0.34872,0.01428,0.01568,0.01614,0.01546,0.01220,0.02351
0.04343,0.07839,0.08927,0.04431,0.04231,0.10411,0.07987,0.08356,0.02685,0.03743,0.02903,0.04834,0.03822,0.06181,0.02996,0.03095,0.03110,0.02969,0.02870,0.04265
0.03722,0.03647,0.23432,0.03739,0.03819,0.03865,0.20895,0.04876,0.02261,0.02801,0.02387,0.03604,0.03183,0.02906,0.02413,0.01847,0.02331,0.02598,0.01785,0.03888
0.03288,0.07393,0.18371,0.03609,0.03155,0.06281,0.12913,0.05438,0.03061,0.02783,0.02353,0.03424,0.03257,0.06237,0.02948,0.02904,0.02947,0.02700,0.03104,0.03834
0.07253,0.08850,0.07357,0.04414,0.07534,0.07838,0.06119,0.06221,0.03267,0.02106,0.01981,0.04607,0.04029,0.09462,0.02474,0.02860,0.03136,0.03102,0.03008,0.04382
0.07594,0.01672,0.16659,0.03706,0.04830,0.04137,0.20172,0.05914,0.02133,0.04047,0.03838,0.02939,0.02725,0.01687,0.02429,0.03602,0.02751,0.03264,0.01853,0.04048
0.02635,0.07427,0.19401,0.02790,0.02596,0.04301,0.12894,0.04256,0.02080,0.08669,0.09050,0.02599,0.03158,0.04969,0.01916,0.02449,0.02300,0.02047,0.01556,0.02907
0.17538,0.03397,0.06792,0.03765,0.11467,0.04653,0.07513,0.05519,0.02520,0.04171,0.03076,0.03928,0.04115,0.03304,0.02522,0.02603,0.02717,0.03728,0.02253,0.04418
0.07160,0.05699,0.13119,0.02920,0.06787,0.06249,0.11793,0.08531,0.03647,0.03073,0.02802,0.03222,0.06007,0.05688,0.01445,0.01681,0.02623,0.02367,0.01601,0.03589
0.06540,0.03188,0.18947,0.03961,0.06627,0.06235,0.14625,0.07003,0.02415,0.02821,0.02216,0.03867,0.03503,0.02594,0.02369,0.02061,0.02490,0.02765,0.01864,0.03909
0.03426,0.07117,0.11105,0.04932,0.02977,0.03942,0.09452,0.05098,0.03268,0.06870,0.07443,0.07255,0.05382,0.05094,0.02058,0.02352,0.02267,0.03524,0.01851,0.04588
0.04862,0.15414,0.09927,0.03246,0.04274,0.05990,0.08046,0.04846,0.03152,0.03281,0.02375,0.03379,0.04209,0.10696,0.02232,0.02153,0.03074,0.02758,0.02219,0.03866
0.08550,0.04444,0.14028,0.03617,0.04886,0.03546,0.14720,0.06951,0.01961,0.05447,0.04804,0.03525,0.03139,0.04698,0.02289,0.02166,0.02553,0.02859,0.02203,0.03615
0.03646,0.03154,0.24589,0.03464,0.02372,0.04402,0.23512,0.05207,0.01799,0.03375,0.02652,0.03468,0.02133,0.02380,0.02148,0.02211,0.01928,0.02316,0.01824,0.03420
0.06970,0.02989,0.08328,0.06581,0.05826,0.06087,0.06106,0.05505,0.02756,0.08165,0.06256,0.04860,0.03262,0.02542,0.04281,0.05389,0.03286,0.03370,0.02599,0.04843
0.05766,0.04970,0.06232,0.04511,0.04600,0.04757,0.05760,0.06426,0.04089,0.09410,0.08870,0.06150,0.04706,0.04177,0.02856,0.02725,0.03432,0.03861,0.03025,0.03676
0.07508,0.02696,0.08373,0.03892,0.05772,0.04404,0.09110,0.04481,0.01852,0.13724,0.11375,0.02476,0.02391,0.03204,0.02643,0.03799,0.02637,0.02491,0.02329,0.04844
0.06265,0.04956,0.09635,0.03516,0.04513,0.03823,0.07061,0.04773,0.01938,0.17771,0.11546,0.02682,0.02460,0.04534,0.02235,0.02388,0.02540,0.02204,0.01892,0.03270
0.16536,0.03204,0.13789,0.04188,0.08775,0.04344,0.08558,0.04845,0.02395,0.03738,0.03472,0.03185,0.04524,0.02973,0.02436,0.02046,0.02342,0.02341,0.01752,0.04558
0.03114,0.08937,0.11320,0.04281,0.03246,0.07685,0.11600,0.05585,0.02350,0.03100,0.02573,0.05262,0.03564,0.07672,0.02917,0.03538,0.03069,0.03431,0.02414,0.04341
0.05426,0.12011,0.09503,0.04292,0.04169,0.06462,0.08264,0.06359,0.03463,0.03513,0.02882,0.03319,0.03631,0.08275,0.03390,0.02263,0.03037,0.02687,0.03062,0.03993
0.06377,0.03485,0.23588,0.02388,0.04412,0.03078,0.27572,0.03774,0.01660,0.02274,0.01823,0.01763,0.02314,0.04024,0.01317,0.01492,0.01681,0.01976,0.01431,0.03571
0.21647,0.04784,0.04482,0.03046,0.15363,0.03860,0.03996,0.04885,0.02228,0.05756,0.04592,0.03351,0.03531,0.04682,0.01885,0.01832,0.02248,0.02733,0.01555,0.03543
0.10688,0.03818,0.06735,0.03641,0.06126,0.02862,0.05695,0.03665,0.01749,0.16986,0.14335,0.03429,0.03478,0.02841,0.02090,0.02398,0.02279,0.02481,0.01795,0.02909
0.06156,0.08990,0.06887,0.04098,0.05121,0.03378,0.07052,0.04353,0.02181,0.08389,0.06571,0.03073,0.03660,0.10505,0.03028,0.04031,0.02785,0.03287,0.02326,0.04128
0.33223,0.02800,0.06808,0.02884,0.10477,0.04517,0.06920,0.04883,0.01392,0.02357,0.01859,0.02965,0.02282,0.02650,0.01763,0.01953,0.02107,0.02685,0.01553,0.03924
0.13186,0.01746,0.07800,0.05462,0.04827,0.04585,0.06164,0.04736,0.02417,0.12451,0.08975,0.03146,0.02462,0.01612,0.03553,0.03028,0.03061,0.02492,0.04147,0.04149
0.07535,0.07065,0.12236,0.03348,0.05468,0.04541,0.11345,0.07118,0.02411,0.06772,0.05202,0.02870,0.02957,0.05862,0.02278,0.02083,0.02405,0.02261,0.02195,0.04047
0.03392,0.07475,0.16134,0.04111,0.03203,0.03408,0.09973,0.04162,0.01980,0.11188,0.08365,0.03632,0.03736,0.04330,0.02211,0.02474,0.02309,0.02749,0.02062,0.03107
0.16576,0.02659,0.05528,0.02282,0.06970,0.02323,0.04685,0.03549,0.01535,0.15947,0.20913,0.02502,0.02804,0.02629,0.01100,0.01236,0.01540,0.01593,0.01164,0.02464
0.13909,0.01722,0.15655,0.03264,0.05763,0.05246,0.12624,0.05798,0.02999,0.04417,0.03933,0.03482,0.04030,0.01710,0.02096,0.02189,0.02271,0.02233,0.02282,0.04378
0.04996,0.02826,0.14010,0.04324,0.04406,0.04757,0.14016,0.06353,0.03198,0.06231,0.06148,0.04357,0.04336,0.02634,0.02143,0.02540,0.02781,0.02738,0.02129,0.05075
0.03744,0.08436,0.14210,0.03645,0.03322,0.04969,0.14841,0.06283,0.02648,0.03425,0.03162,0.02935,0.02984,0.07582,0.02883,0.02557,0.03052,0.02683,0.02624,0.04012
0.06572,0.06378,0.05009,0.04493,0.04992,0.04652,0.04950,0.09239,0.03630,0.05838,0.05365,0.06563,0.04745,0.05388,0.03271,0.04588,0.03198,0.04233,0.03351,0.03544
0.05062,0.06033,0.10732,0.04339,0.05218,0.08510,0.10713,0.06167,0.03933,0.03424,0.02860,0.03159,0.04151,0.05542,0.02862,0.02693,0.03317,0.02937,0.02423,0.05923
0.04593,0.05413,0.10738,0.04944,0.03948,0.06227,0.08334,0.05603,0.02855,0.08312,0.07466,0.05864,0.04094,0.04341,0.02702,0.02301,0.02418,0.03013,0.02466,0.04368
0.03192,0.22896,0.07553,0.03269,0.02898,0.03278,0.05268,0.04633,0.02691,0.08181,0.08181,0.05172,0.03652,0.07425,0.01813,0.01357,0.01636,0.02109,0.02333,0.02463
0.11387,0.02677,0.19042,0.02752,0.05313,0.04633,0.14823,0.05515,0.02591,0.05485,0.04801,0.02504,0.02939,0.02534,0.01982,0.01417,0.02096,0.01609,0.02136,0.03763
0.07552,0.02080,0.13008,0.04063,0.04793,0.06206,0.17838,0.07230,0.01900,0.03173,0.02781,0.04165,0.02720,0.02257,0.03041,0.03582,0.03160,0.03756,0.02283,0.04412
0.02896,0.11761,0.08796,0.04659,0.03116,0.06761,0.07338,0.05064,0.02484,0.04621,0.04144,0.06413,0.03961,0.07250,0.03488,0.03753,0.02757,0.04086,0.02716,0.03937
0.04573,0.04886,0.14972,0.04794,0.04361,0.04474,0.15959,0.04587,0.03215,0.02714,0.02619,0.04312,0.05169,0.03682,0.02808,0.03389,0.02792,0.03826,0.02654,0.04215
0.04897,0.25433,0.04021,0.02653,0.04953,0.04515,0.03854,0.05058,0.01618,0.02493,0.02323,0.03150,0.02730,0.19949,0.01715,0.01425,0.01845,0.02391,0.01707,0.03271
0.20784,0.04109,0.10696,0.03110,0.07209,0.03846,0.11228,0.06068,0.02680,0.02692,0.02431,0.02563,0.02865,0.04835,0.01791,0.01727,0.02089,0.02243,0.02088,0.04946
0.17219,0.03479,0.17517,0.02849,0.07064,0.03720,0.16508,0.04045,0.02048,0.02273,0.02021,0.02358,0.03438,0.03524,0.01447,0.01432,0.01820,0.01718,0.01553,0.03968
0.03973,0.02995,0.14213,0.02797,0.03171,0.06169,0.32498,0.05945,0.02324,0.02474,0.01987,0.02306,0.02409,0.03025,0.01768,0.01668,0.02407,0.02015,0.01759,0.04099
0.04675,0.02385,0.30920,0.02776,0.03206,0.04507,0.19000,0.05077,0.02060,0.02885,0.02353,0.02372,0.02238,0.02096,0.01903,0.01918,0.02224,0.02029,0.02119,0.03255
0.23515,0.01575,0.09768,0.03907,0.06567,0.03823,0.07770,0.05041,0.02271,0.06855,0.05427,0.02734,0.02688,0.01356,0.02214,0.03072,0.02566,0.02656,0.02383,0.03812
0.14045,0.02358,0.08728,0.04461,0.05120,0.05810,0.10083,0.05868,0.03130,0.04992,0.04098,0.04236,0.03178,0.02009,0.03740,0.02937,0.03177,0.03514,0.03578,0.04939
0.03923,0.03766,0.21349,0.02395,0.03554,0.03822,0.23647,0.04544,0.02688,0.03164,0.02816,0.02963,0.04837,0.03772,0.01705,0.02018,0.02297,0.02241,0.01753,0.02745
0.09521,0.04323,0.10676,0.03521,0.05796,0.05761,0.10990,0.07080,0.02398,0.06195,0.05838,0.03030,0.03326,0.04165,0.02372,0.02291,0.02510,0.02394,0.03025,0.04788
0.10178,0.05484,0.14390,0.02942,0.05238,0.03351,0.10737,0.05344,0.02530,0.08725,0.07409,0.02355,0.03022,0.05518,0.01752,0.01820,0.02039,0.02058,0.01641,0.03468
0.05973,0.02676,0.17080,0.04453,0.03638,0.07587,0.11936,0.07419,0.03133,0.04671,0.03640,0.03397,0.03179,0.02098,0.02859,0.02364,0.02328,0.02671,0.03818,0.05081
0.17736,0.05561,0.07893,0.02495,0.06172,0.05063,0.13602,0.04298,0.02145,0.03216,0.02726,0.02017,0.02658,0.08374,0.01838,0.02015,0.02428,0.02094,0.01688,0.05979
0.04722,0.06215,0.19066,0.02559,0.03725,0.07191,0.21451,0.04822,0.01710,0.01613,0.01397,0.01959,0.02290,0.08602,0.01669,0.01659,0.01945,0.01675,0.01796,0.03935
0.07036,0.07357,0.08397,0.04035,0.06336,0.03445,0.06611,0.04522,0.03149,0.09936,0.07571,0.03844,0.04525,0.05440,0.02678,0.02714,0.02497,0.03001,0.02789,0.04117
0.07066,0.02377,0.17708,0.03336,0.04253,0.04184,0.28577,0.04479,0.01692,0.02244,0.02162,0.02697,0.02587,0.02202,0.01768,0.02117,0.02471,0.02723,0.01735,0.03622
0.02783,0.07155,0.21749,0.03069,0.02638,0.03448,0.16892,0.03907,0.02784,0.05244,0.04763,0.03400,0.03915,0.04593,0.02090,0.02044,0.02215,0.02603,0.02051,0.02658
0.07065,0.02423,0.10893,0.04828,0.05531,0.04100,0.10404,0.07694,0.02288,0.07386,0.05367,0.05202,0.03651,0.01855,0.03472,0.03145,0.03253,0.04912,0.02297,0.04234
0.04272,0.02797,0.23274,0.01861,0.02926,0.02851,0.34555,0.03656,0.01696,0.03444,0.03234,0.01676,0.02291,0.02659,0.01148,0.01032,0.01481,0.01327,0.01259,0.02561
0.07378,0.02938,0.12524,0.02891,0.04231,0.03520,0.13832,0.04057,0.01543,0.13029,0.11946,0.02418,0.02739,0.02626,0.01713,0.02281,0.02440,0.02243,0.01640,0.04010
0.03180,0.02989,0.07379,0.03495,0.02466,0.03894,0.06824,0.04768,0.02021,0.18815,0.14664,0.04078,0.03039,0.02322,0.03619,0.04844,0.02809,0.03333,0.02397,0.03064
0.13110,0.02613,0.15632,0.02601,0.05253,0.04691,0.12741,0.06917,0.01888,0.08320,0.05313,0.02107,0.02833,0.02346,0.01690,0.01698,0.02671,0.01846,0.01819,0.03911
0.05883,0.02652,0.25246,0.02337,0.04329,0.03666,0.27792,0.04041,0.01871,0.02211,0.01992,0.01901,0.02611,0.02860,0.01489,0.01461,0.01939,0.01675,0.01295,0.02750
0.07832,0.07644,0.10402,0.03682,0.06001,0.03990,0.12008,0.04184,0.02784,0.04252,0.03373,0.02683,0.03598,0.09500,0.02563,0.03056,0.03009,0.02925,0.02286,0.04229
0.05231,0.01670,0.13481,0.05179,0.04684,0.04707,0.12793,0.06203,0.03157,0.05579,0.05284,0.04585,0.03017,0.01434,0.04392,0.04477,0.03605,0.04071,0.02505,0.03948
0.03870,0.06936,0.07602,0.05081,0.04573,0.05439,0.08387,0.06064,0.03245,0.05718,0.04018,0.04076,0.04571,0.05996,0.04109,0.04806,0.03982,0.04460,0.02732,0.04333
0.03887,0.06382,0.08627,0.04344,0.03715,0.10411,0.07690,0.09593,0.03143,0.04632,0.03227,0.04732,0.03882,0.05936,0.02918,0.02902,0.03521,0.03082,0.02926,0.04451
0.02835,0.25634,0.08226,0.02732,0.02558,0.03531,0.07830,0.04139,0.02259,0.03160,0.02698,0.02618,0.02382,0.16905,0.01997,0.01841,0.02323,0.01892,0.01793,0.02648
0.07914,0.01374,0.05864,0.03071,0.05274,0.03124,0.04874,0.05046,0.01828,0.22661,0.16079,0.02443,0.02603,0.01171,0.02520,0.03941,0.02724,0.02689,0.01743,0.03059
0.17712,0.03457,0.04691,0.02220,0.05569,0.02289,0.05122,0.03354,0.01326,0.18569,0.16890,0.01452,0.02334,0.04994,0.01312,0.01651,0.01625,0.01403,0.01208,0.02822
0.03343,0.13663,0.13040,0.03189,0.03038,0.06374,0.10287,0.04363,0.02644,0.03451,0.03550,0.03726,0.04035,0.09687,0.02400,0.02917,0.02217,0.02758,0.02399,0.02920
0.03196,0.02551,0.18884,0.02292,0.02420,0.03594,0.40417,0.03286,0.01568,0.02768,0.02494,0.01990,0.02101,0.02314,0.01281,0.01467,0.01659,0.01478,0.01450,0.02791
0.06436,0.07066,0.17208,0.03197,0.04783,0.05351,0.15030,0.06302,0.02020,0.03944,0.03601,0.02720,0.03078,0.05620,0.02024,0.01807,0.02565,0.02060,0.01847,0.03343
0.09063,0.02726,0.11572,0.04535,0.03890,0.03530,0.09979,0.05780,0.02615,0.09766,0.09298,0.04310,0.02816,0.02181,0.03248,0.02358,0.02588,0.02851,0.03107,0.03787
0.05434,0.02416,0.07981,0.04815,0.05466,0.04344,0.08047,0.04319,0.02202,0.13987,0.09132,0.03543,0.03753,0.02111,0.03547,0.04513,0.03664,0.03589,0.02435,0.04701
0.02979,0.02180,0.04785,0.02080,0.02429,0.01833,0.03698,0.02235,0.01562,0.36811,0.23991,0.01954,0.02184,0.01837,0.01603,0.01849,0.01506,0.01379,0.01179,0.01925
0.13008,0.02706,0.07183,0.04629,0.08786,0.05998,0.05930,0.09396,0.03105,0.04386,0.03515,0.04665,0.04643,0.02269,0.02760,0.02844,0.03934,0.03995,0.02434,0.03814
0.05187,0.16066,0.03361,0.03628,0.04238,0.05101,0.03144,0.04910,0.02243,0.05275,0.04709,0.06927,0.03102,0.15550,0.02529,0.02274,0.02468,0.03909,0.02432,0.02946
0.05849,0.11983,0.06278,0.03540,0.04805,0.05509,0.05531,0.06160,0.03219,0.04515,0.04317,0.05620,0.04691,0.09675,0.02986,0.02461,0.03192,0.03508,0.02225,0.03936
0.07705,0.04585,0.14756,0.04747,0.05445,0.04035,0.13535,0.05370,0.03136,0.03529,0.03201,0.03663,0.03937,0.04035,0.02376,0.02883,0.02791,0.03151,0.02658,0.04462
0.07969,0.11023,0.08513,0.03407,0.05289,0.03979,0.09692,0.05143,0.02207,0.03632,0.03024,0.03202,0.03235,0.15438,0.01826,0.01983,0.02359,0.02132,0.02193,0.03757
0.04107,0.02559,0.09554,0.02724,0.03706,0.02692,0.07250,0.03126,0.01508,0.20116,0.22374,0.02823,0.02949,0.02252,0.01704,0.02024,0.01789,0.02311,0.01523,0.02910
0.21123,0.04816,0.07862,0.03057,0.09454,0.03537,0.07910,0.05325,0.01999,0.04361,0.03554,0.03253,0.03802,0.04782,0.02071,0.02217,0.02233,0.02954,0.02022,0.03667
0.12259,0.04905,0.18596,0.03452,0.05309,0.03457,0.17828,0.05362,0.01905,0.02325,0.01912,0.02819,0.03249,0.04218,0.01671,0.01589,0.01804,0.01960,0.01811,0.03568
0.03095,0.03316,0.06941,0.03582,0.03325,0.03134,0.05372,0.03576,0.02485,0.22837,0.16713,0.02909,0.03279,0.02617,0.02811,0.03118,0.02338,0.03207,0.02229,0.03116
0.05242,0.01631,0.20280,0.02593,0.03083,0.03863,0.35531,0.03442,0.01863,0.02436,0.02171,0.02391,0.02291,0.01717,0.01589,0.01639,0.01813,0.01783,0.01412,0.03229
0.06244,0.03372,0.21094,0.02199,0.03614,0.05546,0.25544,0.05104,0.02594,0.02245,0.02038,0.02241,0.02833,0.03341,0.01636,0.01680,0.02279,0.01866,0.01353,0.03177
0.06662,0.03445,0.04370,0.04088,0.05008,0.03541,0.04177,0.04774,0.02946,0.13761,0.17577,0.05399,0.02973,0.03381,0.02849,0.02458,0.02827,0.03405,0.02808,0.03549
