0.06583,0.04337,0.00003,0.05768,0.28869,0.01366,0.00000,0.01464,0.48111,0.03499
0.00310,0.03190,0.00000,0.00942,0.00000,0.00133,0.00436,0.08396,0.71477,0.15117
0.01574,0.01646,0.00000,0.54201,0.00249,0.19784,0.00000,0.00928,0.19813,0.01805
0.11578,0.09080,0.00000,0.07789,0.00000,0.19064,0.00000,0.00000,0.50694,0.01794
0.70155,0.00749,0.00000,0.00890,0.00249,0.03675,0.02185,0.00000,0.18961,0.03136
0.07316,0.26024,0.00000,0.02223,0.00001,0.00162,0.00551,0.10171,0.15097,0.38455
0.01463,0.00205,0.00000,0.31171,0.10204,0.00973,0.00011,0.01458,0.48722,0.05793
0.00080,0.09789,0.00002,0.49548,0.00107,0.00628,0.00001,0.00002,0.03837,0.36007
0.04721,0.23255,0.00000,0.52261,0.09705,0.00026,0.00000,0.00003,0.07694,0.02334
0.03396,0.02166,0.00000,0.12338,0.18497,0.02405,0.00006,0.00001,0.18003,0.43188
0.05375,0.01550,0.00000,0.02413,0.02561,0.04979,0.00000,0.00000,0.58877,0.24247
0.29845,0.36489,0.00000,0.00341,0.26159,0.04732,0.01263,0.00069,0.01101,0.00002
0.32836,0.29603,0.00000,0.00029,0.00262,0.10566,0.00000,0.00750,0.25944,0.00010
0.20783,0.00271,0.01645,0.00079,0.38771,0.00602,0.06483,0.00787,0.23232,0.07347
0.05006,0.05967,0.00000,0.03311,0.15699,0.30235,0.02904,0.32231,0.04516,0.00132
0.47199,0.04855,0.00000,0.00348,0.02830,0.31176,0.00098,0.00560,0.12837,0.00097
0.09120,0.00986,0.00000,0.72723,0.01531,0.04426,0.00000,0.00000,0.10675,0.00540
0.29722,0.04228,0.00000,0.01215,0.05101,0.00575,0.00877,0.00033,0.03607,0.54642
0.32817,0.01072,0.00000,0.24422,0.00819,0.18208,0.00001,0.00003,0.03789,0.18869
0.08118,0.00129,0.00000,0.00050,0.35740,0.21816,0.00000,0.00000,0.32280,0.01867
0.02913,0.02579,0.00000,0.02457,0.05076,0.48170,0.00872,0.00325,0.20092,0.17516
0.14191,0.13390,0.00000,0.01211,0.03523,0.03145,0.00000,0.00000,0.62305,0.02235
0.21485,0.21830,0.00000,0.16783,0.00025,0.08881,0.00000,0.09109,0.03402,0.18486
0.01888,0.11975,0.00000,0.00009,0.30498,0.25650,0.00000,0.02203,0.21529,0.06249
0.52448,0.00002,0.00000,0.09726,0.04519,0.05802,0.00000,0.24840,0.01193,0.01472
0.01101,0.29932,0.00000,0.11870,0.00004,0.20151,0.00000,0.00000,0.34950,0.01993
0.44469,0.15054,0.00000,0.00060,0.04247,0.05101,0.00003,0.00049,0.20534,0.10483
0.17859,0.01427,0.00000,0.01443,0.06336,0.46615,0.00011,0.00000,0.04693,0.21614
0.62314,0.02566,0.00000,0.07145,0.00000,0.04495,0.00001,0.00707,0.22658,0.00114
0.00259,0.08307,0.00000,0.02591,0.01420,0.48271,0.00083,0.00021,0.16394,0.22654
0.02622,0.16861,0.00000,0.00332,0.00006,0.00789,0.01412,0.32944,0.24207,0.20828
0.29042,0.00006,0.00000,0.01278,0.06698,0.02211,0.00000,0.00078,0.28310,0.32377
0.01462,0.07593,0.00000,0.00197,0.03590,0.79950,0.00000,0.00002,0.05921,0.01285
0.13213,0.06588,0.00000,0.11285,0.04372,0.02916,0.00086,0.00071,0.10947,0.50522
0.01121,0.09144,0.00000,0.11064,0.07547,0.13726,0.00014,0.00607,0.07086,0.49692
0.04233,0.04488,0.00000,0.19083,0.04039,0.08617,0.18965,0.00000,0.13083,0.27492
0.00005,0.00317,0.00000,0.06372,0.00306,0.31412,0.01683,0.05234,0.50456,0.04215
0.22794,0.44011,0.00000,0.00599,0.00000,0.03883,0.00000,0.00063,0.13623,0.15027
0.00790,0.60320,0.00000,0.03997,0.03134,0.08935,0.00000,0.10784,0.07201,0.04839
0.55500,0.02330,0.00000,0.18261,0.01987,0.00102,0.00402,0.02830,0.17555,0.01032
0.02623,0.00000,0.00000,0.59805,0.01088,0.16065,0.01215,0.00000,0.12916,0.06288
0.00668,0.09201,0.00000,0.01908,0.12937,0.20011,0.06418,0.01515,0.33093,0.14249
0.03943,0.24908,0.00019,0.38568,0.00452,0.14072,0.00000,0.10554,0.07388,0.00096
0.01005,0.09180,0.00000,0.34915,0.00125,0.04343,0.00000,0.04972,0.38971,0.06489
0.10994,0.00448,0.00000,0.50617,0.01859,0.01230,0.00114,0.02398,0.25409,0.06931
0.00048,0.00000,0.00000,0.02886,0.00013,0.01833,0.00708,0.00081,0.94397,0.00033
0.24489,0.02528,0.00000,0.01535,0.01748,0.00015,0.13788,0.08417,0.10540,0.36938
0.01359,0.11678,0.00000,0.15709,0.00036,0.00697,0.00034,0.08979,0.61280,0.00229
0.16569,0.00295,0.00000,0.24347,0.04422,0.01186,0.00000,0.00000,0.50801,0.02380
0.04977,0.23071,0.00000,0.32239,0.13904,0.08494,0.09517,0.00399,0.05554,0.01843
0.29813,0.00035,0.00000,0.08528,0.06346,0.02113,0.00000,0.37757,0.07337,0.08071
0.17519,0.09573,0.00000,0.00278,0.12402,0.22287,0.00000,0.00000,0.19357,0.18585
0.14263,0.01320,0.00000,0.02017,0.22864,0.00677,0.00000,0.00000,0.57024,0.01835
0.09460,0.04442,0.00000,0.15688,0.00133,0.07038,0.00000,0.00004,0.21012,0.42222
0.00580,0.00296,0.00000,0.34470,0.19917,0.07832,0.00104,0.00000,0.08036,0.28765
0.13837,0.04307,0.00000,0.00089,0.00240,0.29888,0.01501,0.02182,0.13330,0.34627
0.01865,0.04791,0.00000,0.19807,0.08753,0.04208,0.00000,0.00000,0.50731,0.09845
0.09141,0.02612,0.00000,0.00509,0.00029,0.09939,0.13864,0.00000,0.24873,0.39034
0.03231,0.00464,0.00000,0.35728,0.04750,0.05286,0.00000,0.11995,0.37368,0.01179
0.60340,0.07286,0.00000,0.00021,0.06248,0.15149,0.00001,0.00002,0.05545,0.05408
0.01880,0.00095,0.00000,0.60548,0.04914,0.07707,0.00000,0.00000,0.20949,0.03906
0.01728,0.41756,0.00000,0.09711,0.00040,0.14344,0.00000,0.05490,0.25959,0.00972
0.26526,0.13404,0.00000,0.10068,0.01412,0.14865,0.00873,0.00007,0.09023,0.23821
0.00084,0.32228,0.00000,0.00012,0.46529,0.00486,0.00000,0.00002,0.18418,0.02241
0.22172,0.00814,0.00000,0.08097,0.01836,0.19392,0.00000,0.00000,0.43557,0.04132
0.06711,0.46419,0.00000,0.01645,0.00298,0.11499,0.00036,0.00517,0.25453,0.07423
0.00600,0.13331,0.00000,0.03315,0.07596,0.18217,0.15833,0.00000,0.38721,0.02385
0.20842,0.14307,0.00000,0.03393,0.00046,0.08032,0.00098,0.09058,0.44203,0.00021
0.02108,0.06230,0.00000,0.35085,0.00736,0.08706,0.00001,0.00003,0.39452,0.07679
0.11074,0.00494,0.00000,0.00034,0.01832,0.00000,0.01142,0.58308,0.26812,0.00304
0.03810,0.01655,0.00000,0.04239,0.45930,0.20406,0.00000,0.00696,0.23197,0.00067
0.34069,0.18324,0.00000,0.00056,0.06428,0.17618,0.00009,0.00014,0.05645,0.17838
0.02972,0.05257,0.00000,0.35048,0.00001,0.01544,0.00014,0.40892,0.04655,0.09616
0.13000,0.00015,0.02028,0.00001,0.08076,0.27065,0.00003,0.00000,0.29369,0.20442
0.33031,0.01958,0.00000,0.27477,0.00046,0.21108,0.00000,0.00000,0.16124,0.00256
0.07513,0.02533,0.00000,0.39364,0.00000,0.15308,0.00000,0.00493,0.03863,0.30926
0.08792,0.00251,0.00000,0.75153,0.01299,0.00526,0.00000,0.00000,0.13800,0.00177
0.00180,0.04473,0.00000,0.01771,0.09347,0.02732,0.00073,0.00000,0.69315,0.12109
0.05711,0.00609,0.00000,0.04217,0.00127,0.00240,0.00000,0.22127,0.63236,0.03733
0.05745,0.26782,0.00000,0.04653,0.00005,0.07049,0.00000,0.00426,0.17155,0.38184
0.06458,0.00011,0.02390,0.00935,0.00625,0.01882,0.00012,0.00000,0.72223,0.15464
0.16000,0.02519,0.00000,0.30612,0.06427,0.09551,0.00000,0.00061,0.04935,0.29895
0.03154,0.11845,0.00000,0.08772,0.00348,0.03195,0.00000,0.02950,0.57688,0.12046
0.04081,0.04246,0.00000,0.04827,0.06397,0.50794,0.00002,0.01582,0.24474,0.03597
0.02423,0.00025,0.00000,0.04936,0.00835,0.01292,0.05763,0.00926,0.69604,0.14195
0.41654,0.06532,0.00000,0.36938,0.00000,0.02485,0.00000,0.00150,0.10822,0.01419
0.63355,0.03371,0.00000,0.04021,0.00044,0.05841,0.08854,0.08621,0.05719,0.00173
0.00337,0.00097,0.00000,0.52751,0.00009,0.24210,0.00000,0.00065,0.09953,0.12579
0.13232,0.00005,0.00000,0.27927,0.27919,0.00974,0.00732,0.00000,0.29184,0.00027
0.00533,0.01020,0.00000,0.02055,0.00106,0.00401,0.00002,0.02676,0.93047,0.00161
0.20322,0.00148,0.00000,0.19081,0.45057,0.07242,0.00001,0.00000,0.08140,0.00010
0.60752,0.27772,0.00000,0.03316,0.00186,0.00379,0.00021,0.00000,0.07534,0.00041
0.14807,0.01861,0.00000,0.42932,0.10656,0.02753,0.01848,0.03228,0.05989,0.15926
0.03404,0.00001,0.00000,0.12991,0.00004,0.04084,0.00000,0.00109,0.77748,0.01660
0.00110,0.00051,0.00000,0.33021,0.00000,0.15251,0.25073,0.00045,0.22258,0.04191
0.14572,0.00042,0.00000,0.10133,0.17874,0.26044,0.14250,0.00000,0.16834,0.00251
0.07425,0.02424,0.00000,0.00837,0.00551,0.00688,0.00000,0.01948,0.74864,0.11262
0.00233,0.07195,0.00000,0.00609,0.00001,0.58591,0.00000,0.00000,0.23757,0.09615
0.31696,0.00000,0.00000,0.32881,0.00001,0.02038,0.00000,0.04004,0.08269,0.21110
0.30010,0.01405,0.00000,0.00018,0.05795,0.11727,0.00000,0.00002,0.35104,0.15939
0.04859,0.72377,0.00000,0.00679,0.00000,0.18792,0.00698,0.00000,0.02064,0.00530
0.02856,0.00092,0.29543,0.01631,0.00001,0.00655,0.00005,0.25699,0.39516,0.00001
0.09499,0.00015,0.00000,0.16802,0.00187,0.39575,0.00820,0.00000,0.33099,0.00004
0.55985,0.23880,0.00000,0.00657,0.03047,0.02624,0.02458,0.00002,0.02785,0.08562
0.01827,0.40797,0.00000,0.01792,0.11562,0.02301,0.00000,0.00398,0.34782,0.06542
0.00759,0.03561,0.00000,0.31411,0.10718,0.00023,0.00000,0.12954,0.16753,0.23821
0.01121,0.05134,0.00000,0.02256,0.00000,0.05227,0.00000,0.00787,0.65049,0.20427
0.03193,0.09862,0.00000,0.02619,0.04863,0.25735,0.00000,0.00057,0.50686,0.02985
0.58257,0.00708,0.00000,0.04117,0.00005,0.02563,0.00000,0.00005,0.29163,0.05181
0.07062,0.00824,0.00000,0.00693,0.00025,0.15954,0.01154,0.00009,0.11318,0.62961
0.00848,0.00365,0.00831,0.00054,0.00000,0.02770,0.00000,0.00000,0.71369,0.23763
0.20508,0.00234,0.00000,0.18654,0.00280,0.04174,0.07166,0.00766,0.43531,0.04688
0.16323,0.30022,0.00000,0.01414,0.17649,0.29941,0.00000,0.00000,0.03906,0.00744
0.05067,0.04006,0.00000,0.04221,0.51456,0.01737,0.00000,0.00005,0.30064,0.03444
0.08501,0.21883,0.01328,0.36591,0.00000,0.00299,0.00000,0.00000,0.19058,0.12340
0.01645,0.00647,0.00000,0.08480,0.18081,0.25656,0.02333,0.02623,0.28639,0.11896
0.19810,0.00420,0.00000,0.37929,0.00000,0.03722,0.00000,0.02084,0.33366,0.02668
0.04582,0.35713,0.00000,0.34401,0.00608,0.00002,0.07591,0.00078,0.06706,0.10319
0.31209,0.00515,0.00000,0.00344,0.06972,0.19274,0.04620,0.00606,0.35172,0.01287
0.02654,0.07840,0.00000,0.45624,0.00393,0.15550,0.00000,0.00006,0.10699,0.17233
0.00218,0.00664,0.00000,0.00000,0.21354,0.25306,0.00006,0.00000,0.39999,0.12452
0.00016,0.57531,0.00000,0.08117,0.06817,0.02759,0.00003,0.00060,0.05284,0.19412
0.08898,0.02800,0.00002,0.28603,0.03516,0.13243,0.09130,0.00405,0.32093,0.01310
0.43333,0.00014,0.00000,0.00209,0.00000,0.14277,0.00000,0.00000,0.40098,0.02068
0.05004,0.23074,0.00000,0.13624,0.00004,0.35230,0.00000,0.01728,0.21044,0.00292
0.05913,0.17323,0.00000,0.08425,0.02397,0.23443,0.00000,0.12842,0.06323,0.23335
0.01573,0.10541,0.00000,0.11167,0.00607,0.05968,0.00000,0.00779,0.46608,0.22756
0.00000,0.02269,0.00000,0.04598,0.13242,0.01545,0.00005,0.00000,0.70019,0.08323
0.03775,0.00005,0.00000,0.03683,0.00000,0.27752,0.00119,0.01434,0.36785,0.26449
0.00161,0.00273,0.00000,0.53107,0.00009,0.00016,0.00000,0.00003,0.43810,0.02621
0.15295,0.10794,0.00000,0.39920,0.08001,0.19556,0.00000,0.01762,0.04670,0.00001
0.00000,0.01315,0.00000,0.01667,0.15188,0.00094,0.00000,0.01261,0.78540,0.01935
0.28940,0.02396,0.00000,0.01234,0.04677,0.04439,0.08679,0.00001,0.31246,0.18389
0.10961,0.14213,0.00000,0.02316,0.00358,0.00053,0.00000,0.07358,0.50613,0.14129
0.00028,0.66728,0.00000,0.09950,0.06450,0.00861,0.00000,0.00000,0.15010,0.00973
0.06402,0.20339,0.00006,0.03335,0.02467,0.18896,0.00395,0.11208,0.34615,0.02338
0.36425,0.04704,0.00000,0.02841,0.02357,0.21432,0.00000,0.00000,0.32241,0.00000
0.13663,0.39165,0.00000,0.03091,0.00924,0.00011,0.00000,0.00000,0.31560,0.11586
0.56030,0.01945,0.00000,0.01268,0.00107,0.04832,0.00000,0.00024,0.35793,0.00001
0.01450,0.05276,0.00000,0.00474,0.00645,0.36561,0.15704,0.00000,0.20247,0.19644
0.01026,0.30520,0.00000,0.02561,0.00000,0.20027,0.00000,0.00967,0.35250,0.09650
0.00015,0.00105,0.00368,0.02745,0.02453,0.09912,0.00095,0.04280,0.78567,0.01460
0.00464,0.00304,0.00000,0.45556,0.08785,0.13046,0.06324,0.00000,0.18345,0.07175
0.56643,0.25075,0.00000,0.01701,0.05887,0.01378,0.00035,0.01180,0.02056,0.06044
0.09632,0.01316,0.00000,0.16211,0.13956,0.00919,0.00000,0.12409,0.20977,0.24582
0.00206,0.19948,0.00000,0.00424,0.06836,0.04363,0.00000,0.00623,0.67507,0.00094
0.23912,0.17670,0.00000,0.08876,0.00003,0.16294,0.00751,0.00000,0.29076,0.03417
0.01861,0.12846,0.00000,0.13496,0.00022,0.44484,0.00019,0.00456,0.26153,0.00663
0.13726,0.06829,0.00000,0.09863,0.06832,0.51407,0.01054,0.05591,0.04141,0.00557
0.02999,0.02121,0.00000,0.05508,0.00000,0.00025,0.00000,0.00418,0.72371,0.16558
0.40593,0.17734,0.00000,0.18673,0.00000,0.00737,0.00000,0.12233,0.08562,0.01468
0.31356,0.18718,0.00000,0.03695,0.30383,0.05611,0.00000,0.00000,0.08878,0.01360
0.00070,0.00000,0.00030,0.35078,0.11585,0.43215,0.00000,0.01922,0.06476,0.01623
0.05297,0.20761,0.00000,0.00114,0.09163,0.21622,0.02476,0.00187,0.40229,0.00152
0.03751,0.14388,0.00000,0.04643,0.15299,0.19445,0.00023,0.00000,0.42153,0.00296
0.00382,0.49351,0.00000,0.00003,0.00000,0.02334,0.00000,0.18816,0.27987,0.01127
0.00117,0.00506,0.00000,0.10058,0.00000,0.10406,0.07724,0.00000,0.55504,0.15684
0.12544,0.03193,0.00000,0.14712,0.00821,0.27646,0.00137,0.00000,0.38486,0.02461
0.07209,0.24409,0.00000,0.20991,0.07044,0.05546,0.00004,0.00727,0.32542,0.01528
0.08544,0.05138,0.00000,0.01448,0.04896,0.01920,0.07562,0.52919,0.15781,0.01792
0.00684,0.07730,0.00000,0.07720,0.00629,0.10336,0.00148,0.00609,0.38453,0.33692
0.05353,0.00220,0.00000,0.03036,0.00209,0.00469,0.00257,0.24972,0.56047,0.09437
0.35942,0.26665,0.00000,0.00295,0.06506,0.24962,0.00000,0.00001,0.02995,0.02634
0.00680,0.11196,0.00000,0.47302,0.01635,0.08429,0.06765,0.02870,0.20512,0.00609
0.00403,0.04530,0.00000,0.02206,0.02165,0.22909,0.00000,0.00000,0.64087,0.03701
0.24349,0.02264,0.00000,0.00416,0.00000,0.00000,0.22400,0.00805,0.46805,0.02962
0.01967,0.14746,0.00000,0.01118,0.00077,0.33656,0.00000,0.00197,0.15442,0.32797
0.00532,0.01092,0.00000,0.41337,0.00000,0.06620,0.01803,0.01574,0.44202,0.02840
0.00113,0.05889,0.00000,0.24364,0.00000,0.00065,0.00001,0.00000,0.18528,0.51039
0.04272,0.00073,0.00200,0.00940,0.01099,0.02165,0.00074,0.00308,0.90819,0.00050
0.00188,0.00566,0.00000,0.01097,0.16325,0.00471,0.04366,0.00000,0.69947,0.07040
0.00015,0.56965,0.00000,0.05439,0.00030,0.01985,0.00000,0.17181,0.18343,0.00041
0.00909,0.00705,0.00000,0.04412,0.00000,0.17474,0.00000,0.08840,0.38270,0.29392
0.00001,0.00373,0.00000,0.16975,0.00000,0.00000,0.14567,0.40826,0.26754,0.00504
0.02892,0.00232,0.00003,0.07249,0.01878,0.02106,0.00358,0.00000,0.32535,0.52747
0.01451,0.00000,0.00000,0.00983,0.20135,0.05226,0.00976,0.08686,0.46369,0.16174
0.10968,0.11148,0.00000,0.22094,0.01890,0.00621,0.00000,0.00835,0.52444,0.00000
0.00159,0.00465,0.00000,0.56373,0.00582,0.00653,0.00009,0.01690,0.39902,0.00166
0.10495,0.00717,0.00000,0.00160,0.00129,0.04566,0.00000,0.00000,0.20352,0.63582
0.17613,0.09472,0.00000,0.23796,0.00381,0.06393,0.00003,0.00065,0.42274,0.00002
0.05207,0.00100,0.00000,0.19338,0.00011,0.03027,0.42247,0.00083,0.17528,0.12460
0.03896,0.01949,0.00000,0.01104,0.00112,0.79589,0.00018,0.00023,0.12729,0.00580
0.00000,0.01265,0.00000,0.09402,0.00066,0.07582,0.00000,0.12506,0.53045,0.16134
0.07094,0.16357,0.00000,0.14331,0.01457,0.03414,0.00000,0.00006,0.55037,0.02305
0.00002,0.00518,0.00000,0.09864,0.04977,0.02668,0.00021,0.39431,0.42375,0.00144
0.04226,0.42603,0.00000,0.06821,0.00007,0.11290,0.02692,0.00000,0.01691,0.30670
0.15857,0.14120,0.00027,0.05769,0.20660,0.00004,0.02700,0.00000,0.39536,0.01325
0.00001,0.50393,0.00000,0.00003,0.03994,0.04364,0.00000,0.00010,0.07111,0.34124
0.08723,0.22805,0.00000,0.06360,0.00016,0.04864,0.00000,0.00015,0.57209,0.00008
0.09140,0.19950,0.00000,0.00194,0.03488,0.57735,0.01215,0.00001,0.03061,0.05216
0.24477,0.29227,0.00000,0.00909,0.00234,0.00222,0.00180,0.00116,0.44130,0.00505
0.00009,0.01401,0.00000,0.05801,0.00194,0.09014,0.00000,0.00612,0.82958,0.00011
0.02119,0.02415,0.00000,0.20241,0.00067,0.13400,0.15208,0.15556,0.26142,0.04852
0.69865,0.00611,0.00000,0.08909,0.00118,0.04827,0.00000,0.00001,0.08641,0.07028
0.02674,0.03102,0.00000,0.34898,0.00008,0.46984,0.00265,0.00040,0.11079,0.00950
0.06208,0.33216,0.00000,0.27515,0.00241,0.00159,0.00000,0.00000,0.32644,0.00016
0.11179,0.00333,0.00000,0.13460,0.00266,0.37996,0.14809,0.01747,0.06331,0.13879
0.00527,0.00028,0.00000,0.02297,0.59682,0.08219,0.00001,0.00111,0.11851,0.17284
0.00544,0.01490,0.01953,0.18952,0.42356,0.00429,0.07531,0.00004,0.10201,0.16541
0.12800,0.00087,0.00000,0.01800,0.05992,0.14273,0.01040,0.00000,0.12889,0.51117
0.08451,0.21906,0.03323,0.38906,0.00200,0.00783,0.00044,0.00914,0.24879,0.00594
0.00566,0.07054,0.00098,0.28653,0.00435,0.00042,0.00000,0.19982,0.43152,0.00019
0.07192,0.01343,0.00000,0.03956,0.02481,0.00989,0.75525,0.00004,0.05666,0.02844
0.00014,0.00304,0.00000,0.17726,0.01170,0.25395,0.00001,0.00000,0.34696,0.20694
0.33423,0.07145,0.00000,0.06807,0.00077,0.16302,0.01356,0.30115,0.04662,0.00112
0.15784,0.23197,0.00000,0.15773,0.02369,0.24242,0.00003,0.00000,0.18219,0.00413
0.00276,0.00092,0.00000,0.65291,0.00194,0.02527,0.00001,0.07804,0.23548,0.00267
0.00363,0.38132,0.00002,0.41233,0.00502,0.00084,0.00000,0.00116,0.01480,0.18087
0.00251,0.18967,0.00000,0.56488,0.01292,0.01041,0.00000,0.00000,0.21960,0.00003
0.21772,0.00020,0.00000,0.06682,0.00894,0.25604,0.00000,0.00506,0.38576,0.05948
0.01919,0.06493,0.00000,0.39427,0.02504,0.35017,0.07952,0.00000,0.04087,0.02601
0.32689,0.17585,0.00000,0.00142,0.00004,0.00932,0.00022,0.03181,0.01531,0.43913
0.01578,0.15791,0.00000,0.28511,0.12379,0.08835,0.00248,0.07957,0.24702,0.00000
0.41431,0.01022,0.00000,0.03428,0.02974,0.00352,0.00000,0.00134,0.27575,0.23083
0.05933,0.11535,0.00000,0.02160,0.33121,0.14210,0.00000,0.00037,0.03849,0.29154
0.07494,0.00003,0.00000,0.02545,0.01523,0.01553,0.00003,0.38949,0.39748,0.08181
0.12259,0.00248,0.00000,0.00133,0.14864,0.09936,0.40852,0.00000,0.19047,0.02660
0.14308,0.00039,0.00000,0.11185,0.10938,0.05152,0.00001,0.00000,0.53565,0.04812
0.00115,0.00057,0.00000,0.00069,0.00005,0.00729,0.00014,0.00087,0.93424,0.05499
0.09949,0.18139,0.00000,0.08844,0.00394,0.04314,0.00000,0.04676,0.41493,0.12191
0.40580,0.00021,0.00000,0.06109,0.01859,0.06153,0.03267,0.00001,0.06576,0.35435
0.00084,0.04212,0.00000,0.03805,0.00517,0.08588,0.00000,0.00547,0.63325,0.18922
0.09728,0.23638,0.00000,0.32536,0.18860,0.04334,0.00000,0.01510,0.03811,0.05584
0.09115,0.02738,0.00000,0.10318,0.18768,0.04176,0.00000,0.00000,0.35204,0.19682
0.55794,0.01400,0.00000,0.27513,0.00471,0.00183,0.00059,0.07799,0.00740,0.06041
0.00136,0.03541,0.00000,0.02186,0.00001,0.00725,0.78573,0.02145,0.10896,0.01797
0.25283,0.03037,0.00000,0.19058,0.00013,0.00012,0.00000,0.11456,0.41121,0.00020
0.08199,0.00053,0.00000,0.37445,0.04124,0.05440,0.00071,0.00390,0.43936,0.00341
0.01766,0.05051,0.00006,0.43236,0.00001,0.04477,0.02584,0.00020,0.39803,0.03056
0.23021,0.00131,0.00000,0.46263,0.00072,0.22789,0.00000,0.00167,0.05974,0.01583
0.21503,0.06202,0.00061,0.24692,0.03012,0.06139,0.00000,0.00000,0.28050,0.10342
0.09664,0.12150,0.00000,0.01078,0.00439,0.22033,0.00011,0.01406,0.19407,0.33813
0.01537,0.28851,0.00036,0.00413,0.00000,0.00535,0.00000,0.00125,0.15939,0.52564
0.00001,0.03952,0.00000,0.55298,0.00706,0.00010,0.12340,0.02945,0.23235,0.01514
0.08917,0.26751,0.00000,0.01655,0.00001,0.00046,0.00000,0.00000,0.21448,0.41182
0.00186,0.03909,0.00000,0.01677,0.03218,0.13533,0.00000,0.05228,0.49604,0.22645
0.05784,0.01882,0.00000,0.06648,0.00041,0.08601,0.23332,0.00000,0.53125,0.00588
0.06157,0.04310,0.00000,0.09584,0.01580,0.28807,0.00102,0.00200,0.41712,0.07548
0.00014,0.00029,0.00000,0.39122,0.00000,0.12734,0.03198,0.00217,0.44444,0.00243
0.02946,0.09156,0.00000,0.00281,0.00057,0.30421,0.00000,0.15597,0.35653,0.05889
0.30947,0.58885,0.00000,0.00066,0.00044,0.00680,0.00381,0.00000,0.08302,0.00695
0.00200,0.27050,0.00000,0.01275,0.00599,0.08102,0.00000,0.00135,0.06093,0.56546
0.19775,0.00313,0.00000,0.02734,0.00000,0.09719,0.00013,0.14670,0.35220,0.17556
0.00114,0.28760,0.00000,0.07990,0.00000,0.02155,0.00000,0.00000,0.53606,0.07374
0.11453,0.27040,0.00031,0.04853,0.00000,0.03077,0.00002,0.00070,0.45827,0.07647
0.25923,0.01863,0.00000,0.09529,0.11944,0.00391,0.00000,0.03265,0.22676,0.24408
0.08748,0.07827,0.00000,0.23123,0.09694,0.18268,0.00000,0.10410,0.21743,0.00187
0.07446,0.16857,0.00000,0.19931,0.21675,0.03366,0.03139,0.00030,0.12195,0.15361
0.01964,0.45160,0.00000,0.08432,0.00000,0.00107,0.00000,0.12605,0.30983,0.00749
0.11483,0.05296,0.00000,0.00010,0.09985,0.02400,0.04980,0.00254,0.60538,0.05053
0.06818,0.25306,0.00000,0.15513,0.00000,0.00237,0.02772,0.00003,0.35579,0.13771
0.01596,0.04876,0.00000,0.32323,0.05160,0.01082,0.00000,0.11477,0.04436,0.39049
0.39759,0.01749,0.00000,0.00021,0.01160,0.00082,0.00000,0.00033,0.56730,0.00465
0.00093,0.00001,0.00000,0.06437,0.04854,0.29941,0.00000,0.00000,0.04451,0.54224
0.08769,0.00013,0.00000,0.02935,0.41209,0.11116,0.00000,0.02899,0.33048,0.00011
0.05382,0.02261,0.00016,0.06375,0.00027,0.10591,0.00000,0.02495,0.52045,0.20808
0.00689,0.00720,0.00000,0.26444,0.03363,0.20991,0.00001,0.00006,0.04497,0.43289
0.05467,0.04637,0.00000,0.10038,0.13466,0.11472,0.01270,0.00124,0.48026,0.05501
0.00159,0.24804,0.00000,0.08582,0.02002,0.00264,0.06659,0.00000,0.39942,0.17587
0.05136,0.04448,0.00000,0.03164,0.12451,0.01795,0.00009,0.00000,0.72996,0.00001
0.00178,0.18009,0.00000,0.07307,0.00556,0.39324,0.00000,0.00000,0.34579,0.00046
0.10194,0.11769,0.00000,0.15750,0.00015,0.05077,0.06543,0.01013,0.05641,0.43997
0.03103,0.00479,0.00000,0.01499,0.20364,0.13826,0.00000,0.00647,0.29590,0.30491
0.08306,0.03939,0.03595,0.02355,0.07976,0.18209,0.08155,0.01264,0.46083,0.00119
0.14952,0.49073,0.00000,0.14804,0.00006,0.15572,0.00000,0.00727,0.04862,0.00005
0.11095,0.62317,0.00000,0.00037,0.04417,0.08325,0.00002,0.00000,0.00641,0.13166
0.01998,0.01815,0.00000,0.00200,0.00114,0.30539,0.00003,0.00168,0.63778,0.01386
0.15041,0.00635,0.00000,0.11297,0.00000,0.00930,0.00000,0.07481,0.33171,0.31446
0.09698,0.00007,0.00000,0.27765,0.11622,0.02353,0.16182,0.00001,0.30975,0.01397
0.05931,0.35442,0.00000,0.00013,0.00000,0.41298,0.00231,0.00069,0.11664,0.05351
0.34436,0.13294,0.00000,0.00005,0.01099,0.00125,0.00027,0.26588,0.22710,0.01715
0.17733,0.00047,0.00000,0.54764,0.05122,0.00244,0.00000,0.00000,0.18986,0.03104
0.00725,0.01153,0.00000,0.59676,0.02143,0.01828,0.12995,0.15871,0.05602,0.00007
0.24861,0.35002,0.00000,0.00454,0.25688,0.00035,0.00447,0.00000,0.11531,0.01981
0.00037,0.07924,0.00000,0.15878,0.00004,0.10324,0.00001,0.00059,0.51166,0.14608
0.01239,0.03657,0.00000,0.07493,0.00000,0.05391,0.00000,0.18024,0.46458,0.17738
0.33824,0.01268,0.00000,0.04243,0.12239,0.13080,0.00000,0.04234,0.23658,0.07454
0.08234,0.49391,0.00000,0.03009,0.01019,0.00076,0.01261,0.22881,0.13102,0.01027
0.49827,0.07503,0.00000,0.07106,0.06808,0.03586,0.00000,0.07096,0.08161,0.09913
0.00465,0.00809,0.00000,0.00415,0.00240,0.11594,0.00000,0.00002,0.86080,0.00395
0.00000,0.00594,0.00000,0.16665,0.00946,0.68238,0.00000,0.00000,0.03437,0.10119
0.34403,0.15906,0.00000,0.00358,0.07028,0.23008,0.00000,0.00000,0.19219,0.00077
0.00024,0.10154,0.00000,0.09345,0.25390,0.33230,0.00006,0.00074,0.21697,0.00080
0.02699,0.02068,0.00000,0.18210,0.00000,0.63741,0.00000,0.00643,0.12017,0.00621
0.01109,0.03638,0.00000,0.00260,0.00000,0.24514,0.01459,0.00036,0.54445,0.14538
0.09464,0.04421,0.00000,0.26958,0.00000,0.02672,0.01283,0.00000,0.39112,0.16090
0.28685,0.40128,0.00000,0.00003,0.00232,0.05540,0.00001,0.00000,0.13292,0.12118
0.00075,0.13398,0.00000,0.10709,0.00547,0.00013,0.00000,0.39207,0.31172,0.04879
0.16223,0.11268,0.00000,0.00216,0.38206,0.08342,0.00000,0.00035,0.10302,0.15407
0.22269,0.16984,0.00001,0.02267,0.00017,0.21526,0.00000,0.00000,0.28016,0.08919
0.00066,0.00014,0.00000,0.18681,0.12445,0.10221,0.00179,0.00068,0.56069,0.02257
0.00781,0.16228,0.00000,0.21030,0.00086,0.10392,0.00000,0.00000,0.19501,0.31981
0.08401,0.07340,0.00000,0.06418,0.16362,0.07379,0.00000,0.00000,0.51878,0.02223
0.09013,0.18521,0.00000,0.31105,0.03767,0.08917,0.00003,0.00005,0.28556,0.00113
0.24361,0.27399,0.00000,0.06457,0.00090,0.02525,0.19502,0.00000,0.13613,0.06054
0.21108,0.00009,0.00000,0.07339,0.12613,0.15650,0.12816,0.00000,0.30456,0.00010
0.14631,0.00007,0.00000,0.07082,0.00000,0.02568,0.00000,0.11825,0.62761,0.01126
0.08667,0.14854,0.00000,0.44008,0.00001,0.06389,0.00000,0.00000,0.18994,0.07087
0.31832,0.00123,0.00000,0.04575,0.04662,0.23581,0.00000,0.00179,0.07371,0.27676
0.02063,0.04013,0.00000,0.11857,0.00002,0.22819,0.00007,0.03477,0.55407,0.00355
