0.02042,0.01865,0.01728,0.01476,0.02758,0.03106,0.03195,0.04713,0.39068,0.40049
0.02229,0.03363,0.00636,0.00633,0.00707,0.22859,0.23034,0.17048,0.13099,0.16392
0.04968,0.04871,0.02806,0.02629,0.01989,0.15861,0.15511,0.20757,0.06233,0.24376
0.01630,0.01159,0.00632,0.01145,0.00973,0.26783,0.26971,0.18806,0.05616,0.16285
0.04743,0.04122,0.00673,0.01141,0.00870,0.32067,0.32275,0.10848,0.08737,0.04524
0.00986,0.01331,0.01621,0.02141,0.01687,0.10762,0.10689,0.24556,0.25984,0.20245
0.07342,0.11240,0.02552,0.02119,0.02160,0.08224,0.08194,0.27781,0.11255,0.19133
0.02079,0.01748,0.00843,0.01200,0.01032,0.08274,0.08495,0.36218,0.22839,0.17272
0.00641,0.00716,0.00475,0.00576,0.00509,0.15100,0.15051,0.32260,0.03102,0.31571
0.00803,0.00798,0.00948,0.01045,0.00838,0.24789,0.25183,0.06761,0.18238,0.20597
0.01193,0.01077,0.00875,0.01103,0.01023,0.22906,0.23243,0.11467,0.21557,0.15557
0.01502,0.00969,0.01237,0.01217,0.02233,0.25545,0.26151,0.03909,0.17532,0.19705
0.02055,0.01580,0.01173,0.01447,0.02076,0.13715,0.13587,0.15019,0.28392,0.20956
0.01826,0.08255,0.07369,0.00891,0.00838,0.20973,0.21036,0.19132,0.04378,0.15301
0.02304,0.02181,0.03037,0.02175,0.03188,0.24049,0.24141,0.10448,0.12111,0.16365
0.01603,0.01406,0.01411,0.01900,0.01445,0.07600,0.07513,0.15084,0.34088,0.27949
0.01168,0.01020,0.00800,0.01074,0.00990,0.04373,0.04627,0.41278,0.08552,0.36119
0.01531,0.01336,0.01178,0.01081,0.00996,0.17451,0.17784,0.28226,0.06358,0.24060
0.05054,0.04683,0.01142,0.01853,0.02287,0.06777,0.06992,0.33008,0.20674,0.17530
0.01493,0.01373,0.01168,0.01632,0.01195,0.34603,0.34950,0.06420,0.09467,0.07699
0.02832,0.04915,0.00977,0.01031,0.01029,0.15505,0.15611,0.24475,0.16894,0.16731
0.00650,0.00778,0.00495,0.00560,0.00509,0.09975,0.10172,0.37241,0.35532,0.04086
0.09366,0.06825,0.03825,0.03144,0.08704,0.08913,0.08422,0.23336,0.04032,0.23433
0.00933,0.00721,0.00969,0.01020,0.01328,0.16562,0.16838,0.30225,0.17500,0.13905
0.01906,0.01503,0.01364,0.02195,0.01665,0.26487,0.27253,0.10855,0.15747,0.11024
0.01518,0.01848,0.01967,0.01441,0.01648,0.39512,0.39686,0.04128,0.03540,0.04713
0.05789,0.06129,0.01265,0.00793,0.01178,0.21233,0.21606,0.19178,0.08018,0.14811
0.01428,0.00590,0.01436,0.02525,0.02029,0.06723,0.06786,0.36451,0.16260,0.25773
0.01843,0.01147,0.01510,0.02842,0.02012,0.18251,0.18344,0.24718,0.22001,0.07331
0.01346,0.01297,0.01567,0.01687,0.01488,0.24804,0.25163,0.17419,0.19369,0.05860
0.14867,0.14083,0.01902,0.03106,0.02973,0.07928,0.08083,0.16220,0.11998,0.18840
0.01843,0.01736,0.01842,0.01238,0.02377,0.34988,0.35186,0.08423,0.02610,0.09757
0.00790,0.00628,0.00545,0.00758,0.00872,0.10407,0.10709,0.36479,0.24477,0.14334
0.01485,0.01325,0.01592,0.01463,0.01588,0.11503,0.11690,0.26395,0.30802,0.12158
0.07390,0.07186,0.00980,0.01205,0.01062,0.09946,0.10304,0.30257,0.17620,0.14051
0.09595,0.08977,0.02438,0.04449,0.03766,0.15009,0.15146,0.07860,0.17534,0.15226
0.01519,0.01557,0.01023,0.01418,0.01354,0.36399,0.36439,0.08613,0.04776,0.06901
0.05752,0.05997,0.01206,0.00899,0.00789,0.10012,0.10194,0.31658,0.02642,0.30853
0.01892,0.01110,0.01811,0.03162,0.01711,0.22047,0.22216,0.22599,0.01488,0.21965
0.05018,0.07976,0.01334,0.01537,0.01471,0.04743,0.04895,0.28977,0.08682,0.35367
0.01048,0.00873,0.01067,0.01430,0.01245,0.12071,0.12428,0.29116,0.31184,0.09538
0.10541,0.10332,0.00439,0.00539,0.00510,0.18810,0.19013,0.18774,0.03244,0.17799
0.02551,0.01191,0.01975,0.03501,0.02818,0.13241,0.13406,0.27743,0.27904,0.05670
0.01761,0.01951,0.00970,0.01265,0.01159,0.28348,0.28650,0.16401,0.16726,0.02769
0.01087,0.00869,0.01045,0.01267,0.01538,0.09550,0.09317,0.21235,0.18100,0.35993
0.00747,0.00735,0.00646,0.00722,0.00590,0.29737,0.30317,0.17956,0.16628,0.01922
0.07878,0.07674,0.00861,0.01470,0.01022,0.16848,0.17136,0.17521,0.21647,0.07942
0.11578,0.20504,0.00906,0.00827,0.01245,0.12825,0.13068,0.18168,0.11596,0.09283
0.01409,0.01633,0.01175,0.01183,0.00850,0.38934,0.38978,0.07636,0.05537,0.02665
0.02057,0.01945,0.00753,0.00802,0.00792,0.16399,0.16574,0.29932,0.11164,0.19583
0.01222,0.01033,0.00479,0.00558,0.00690,0.02095,0.02203,0.26454,0.39576,0.25690
0.01934,0.00746,0.01636,0.02627,0.01685,0.26237,0.26680,0.14201,0.14781,0.09474
0.13718,0.12017,0.03011,0.02614,0.07042,0.05103,0.05284,0.17008,0.10329,0.23876
0.01298,0.01030,0.01179,0.01698,0.01506,0.13394,0.13883,0.28514,0.31232,0.06266
0.12464,0.15275,0.03374,0.01939,0.01855,0.04169,0.04093,0.14464,0.19629,0.22737
0.03923,0.03526,0.04187,0.04160,0.04738,0.11211,0.11509,0.26725,0.10749,0.19272
0.01316,0.01340,0.01247,0.01124,0.01107,0.37211,0.37620,0.08351,0.03128,0.07556
0.04508,0.03736,0.01514,0.02199,0.01579,0.09276,0.09447,0.32795,0.23058,0.11887
0.02501,0.02122,0.01284,0.01181,0.01638,0.38809,0.39353,0.06020,0.04937,0.02154
0.01774,0.04214,0.03718,0.01754,0.01507,0.36037,0.36546,0.05723,0.03792,0.04935
0.04585,0.04827,0.01524,0.01434,0.01294,0.20781,0.20815,0.20787,0.13998,0.09956
0.01512,0.01246,0.00538,0.00809,0.01008,0.44293,0.44568,0.02616,0.01456,0.01955
0.01412,0.01088,0.01498,0.01385,0.01536,0.13900,0.14108,0.30893,0.07329,0.26852
0.02513,0.01647,0.01262,0.02691,0.02157,0.28722,0.28678,0.15447,0.12251,0.04633
0.08385,0.05801,0.02959,0.06778,0.05111,0.22756,0.23182,0.11746,0.02990,0.10292
0.01331,0.00955,0.00844,0.01568,0.00942,0.16619,0.16728,0.30046,0.23653,0.07314
0.11359,0.11557,0.00940,0.00649,0.00880,0.32456,0.32699,0.02953,0.03271,0.03237
0.01564,0.00866,0.01443,0.01759,0.01859,0.15625,0.15850,0.10694,0.22056,0.28284
0.11965,0.11093,0.01512,0.02082,0.02458,0.12274,0.12345,0.13513,0.19914,0.12845
0.03321,0.03623,0.01891,0.01203,0.02023,0.14398,0.14453,0.28201,0.11198,0.19690
0.01162,0.00924,0.00741,0.01008,0.00881,0.07688,0.07708,0.38099,0.04575,0.37216
0.00807,0.08740,0.08714,0.00781,0.00861,0.24117,0.24367,0.11216,0.14624,0.05772
0.00531,0.00520,0.00578,0.00519,0.00644,0.21757,0.22150,0.26389,0.25618,0.01295
0.01563,0.07151,0.07981,0.02386,0.02318,0.15983,0.15906,0.23073,0.20160,0.03479
0.11279,0.10192,0.01258,0.02282,0.01883,0.17022,0.17490,0.14306,0.11958,0.12328
0.02061,0.02157,0.01539,0.01583,0.02004,0.20772,0.20620,0.22471,0.16317,0.10476
0.06862,0.22247,0.15901,0.00780,0.00959,0.20665,0.20776,0.05389,0.02195,0.04225
0.11538,0.11286,0.01757,0.02323,0.02148,0.13800,0.13980,0.19685,0.04877,0.18606
0.00719,0.00812,0.00905,0.00695,0.00693,0.10308,0.10186,0.08059,0.32611,0.35014
0.00586,0.00631,0.00828,0.01004,0.00951,0.31803,0.32212,0.14526,0.15117,0.02343
0.04195,0.05298,0.02622,0.02364,0.01898,0.24013,0.24149,0.16806,0.16451,0.02204
0.03820,0.05548,0.03561,0.02209,0.02121,0.10682,0.11007,0.20435,0.28123,0.12495
0.02449,0.01302,0.01252,0.01579,0.02108,0.22724,0.23109,0.19376,0.05529,0.20570
0.01023,0.00975,0.01162,0.01709,0.01226,0.05064,0.05075,0.36197,0.12047,0.35521
0.20495,0.19413,0.02415,0.03689,0.02889,0.02792,0.02899,0.21875,0.10927,0.12606
0.02106,0.07900,0.08589,0.02962,0.02080,0.23316,0.23324,0.14059,0.04124,0.11541
0.01232,0.00781,0.00607,0.01364,0.00823,0.10772,0.10662,0.32708,0.10633,0.30418
0.15669,0.15479,0.00588,0.00643,0.00613,0.27349,0.27882,0.01641,0.04724,0.05413
0.00820,0.00634,0.00759,0.00886,0.01051,0.30531,0.31565,0.15205,0.13679,0.04870
0.02801,0.03531,0.02510,0.01972,0.02364,0.20514,0.20710,0.17292,0.20442,0.07864
0.02137,0.01821,0.00863,0.01411,0.01220,0.16983,0.17197,0.21766,0.20462,0.16142
0.08801,0.07376,0.01522,0.03063,0.02508,0.13870,0.14137,0.24085,0.16757,0.07880
0.04725,0.03185,0.01817,0.03383,0.03165,0.27759,0.27699,0.09548,0.11230,0.07489
0.03306,0.02664,0.04677,0.02996,0.03019,0.18950,0.19166,0.21219,0.03986,0.20018
0.02887,0.01962,0.01062,0.01646,0.01404,0.07508,0.07293,0.37143,0.22253,0.16842
0.03186,0.01272,0.01876,0.02767,0.04894,0.30754,0.31394,0.09974,0.06500,0.07384
0.00813,0.00808,0.01108,0.01148,0.01090,0.22616,0.23347,0.22670,0.07229,0.19172
0.16926,0.16174,0.01444,0.01989,0.02352,0.03448,0.03532,0.18508,0.18772,0.16854
0.00832,0.00543,0.00622,0.00893,0.00785,0.13845,0.13795,0.33110,0.02845,0.32731
0.01519,0.03102,0.02096,0.00897,0.00898,0.39961,0.40541,0.04747,0.01741,0.04496
0.00779,0.00648,0.00654,0.00914,0.00889,0.25166,0.25673,0.13617,0.19318,0.12341
0.02098,0.02880,0.02574,0.01913,0.01628,0.02723,0.02624,0.34953,0.26343,0.22263
0.01165,0.01381,0.01466,0.01109,0.00977,0.37123,0.37231,0.08662,0.02311,0.08575
0.01431,0.00778,0.00854,0.01488,0.01417,0.17405,0.17456,0.23465,0.26439,0.09265
0.00608,0.00604,0.00613,0.00690,0.00723,0.29575,0.29715,0.16411,0.03000,0.18062
0.01915,0.01380,0.00913,0.01389,0.01396,0.16741,0.16881,0.23433,0.18526,0.17429
0.01825,0.01032,0.00995,0.01864,0.01694,0.14073,0.14172,0.27916,0.07799,0.28630
0.01944,0.11473,0.11306,0.01660,0.01472,0.24262,0.24449,0.06783,0.07578,0.09073
0.00914,0.01065,0.01160,0.01028,0.01143,0.10256,0.10331,0.20583,0.27899,0.25620
0.00483,0.00485,0.00553,0.00561,0.00556,0.33687,0.33900,0.13725,0.05174,0.10876
0.02072,0.19794,0.19712,0.01544,0.01597,0.21603,0.21666,0.05392,0.03285,0.03336
0.05169,0.04716,0.02604,0.03590,0.04001,0.31579,0.31843,0.07718,0.02148,0.06633
0.00712,0.00673,0.00744,0.00863,0.00902,0.17572,0.17638,0.29915,0.06206,0.24776
0.14543,0.13779,0.01072,0.01731,0.01853,0.15282,0.15786,0.17097,0.06723,0.12134
0.03094,0.09031,0.08406,0.01760,0.02606,0.21506,0.21682,0.12446,0.11073,0.08397
0.01218,0.10261,0.11014,0.02429,0.02008,0.23924,0.23771,0.08504,0.06911,0.09959
0.02717,0.04141,0.00830,0.00679,0.00772,0.11992,0.12186,0.32144,0.14172,0.20368
0.00942,0.01237,0.00605,0.00563,0.00607,0.35571,0.36101,0.11419,0.04579,0.08377
0.01475,0.07923,0.07690,0.01149,0.01022,0.11140,0.11459,0.27790,0.19414,0.10938
0.01110,0.01260,0.01644,0.01403,0.01605,0.29077,0.29533,0.12563,0.14246,0.07558
0.01666,0.02393,0.00828,0.00948,0.00870,0.09768,0.09816,0.25273,0.26183,0.22254
0.00839,0.00757,0.00961,0.01185,0.00892,0.09198,0.09372,0.37631,0.23540,0.15624
0.01046,0.01026,0.01031,0.01123,0.01020,0.12412,0.12307,0.32441,0.23406,0.14189
0.00844,0.01240,0.01296,0.01076,0.00828,0.13619,0.13976,0.16894,0.22746,0.27482
0.03100,0.02725,0.03885,0.02286,0.01988,0.04103,0.04280,0.36027,0.24480,0.17126
0.07058,0.13556,0.07073,0.01559,0.01132,0.12804,0.13182,0.20180,0.15010,0.08447
0.03696,0.04840,0.02336,0.02224,0.02204,0.08991,0.09137,0.21706,0.27686,0.17180
0.03805,0.03792,0.03124,0.03492,0.03329,0.15648,0.15769,0.23043,0.05970,0.22028
0.02863,0.04889,0.06755,0.03995,0.03768,0.16479,0.16305,0.19762,0.15150,0.10033
0.13730,0.13587,0.01800,0.01391,0.01613,0.14051,0.14830,0.15306,0.16103,0.07589
0.02528,0.02717,0.01668,0.01730,0.01379,0.19481,0.19923,0.20072,0.18833,0.11669
0.02861,0.03331,0.03380,0.02353,0.02731,0.11211,0.12384,0.25790,0.20845,0.15114
0.07493,0.06961,0.00793,0.01351,0.01243,0.07099,0.06795,0.33444,0.15203,0.19619
0.18699,0.18984,0.00772,0.01096,0.01029,0.12115,0.12167,0.16613,0.15626,0.02899
0.01932,0.01253,0.00760,0.01011,0.01564,0.23728,0.23953,0.22115,0.18490,0.05195
0.02192,0.02243,0.02079,0.02340,0.02242,0.08846,0.09136,0.32581,0.30906,0.07434
0.12468,0.12054,0.01068,0.01673,0.01656,0.17832,0.18355,0.14148,0.05830,0.14916
0.02563,0.02071,0.01069,0.02148,0.01709,0.09108,0.09259,0.34482,0.05792,0.31799
0.00798,0.01275,0.01900,0.00897,0.01350,0.13637,0.13805,0.30565,0.11005,0.24766
0.01030,0.01222,0.01078,0.00901,0.00848,0.12244,0.12012,0.33073,0.09913,0.27680
0.06099,0.04719,0.01728,0.01588,0.03553,0.10874,0.10924,0.26924,0.18329,0.15262
0.01316,0.01174,0.00593,0.00700,0.00646,0.23174,0.23462,0.23871,0.15580,0.09484
0.01905,0.01663,0.00692,0.01086,0.01033,0.21769,0.23056,0.23955,0.12660,0.12181
0.01504,0.01473,0.01166,0.01512,0.01132,0.12122,0.12250,0.30546,0.12715,0.25580
0.02883,0.08895,0.11884,0.02498,0.04559,0.20429,0.20847,0.13242,0.02813,0.11950
0.01069,0.01048,0.00552,0.00787,0.00678,0.23950,0.24059,0.22323,0.09269,0.16266
0.00772,0.00955,0.00860,0.00883,0.00702,0.40296,0.40530,0.06741,0.03028,0.05233
0.03878,0.03456,0.07833,0.04526,0.04319,0.28640,0.28969,0.06045,0.04169,0.08164
0.01381,0.01277,0.00818,0.01247,0.01039,0.07437,0.08032,0.18881,0.29311,0.30577
0.00668,0.01789,0.02007,0.00780,0.00942,0.28251,0.28773,0.17142,0.03205,0.16443
0.03009,0.03056,0.03472,0.03053,0.03049,0.12633,0.12874,0.28492,0.05009,0.25353
0.01704,0.02538,0.02446,0.01309,0.01484,0.19617,0.20063,0.24069,0.05468,0.21304
0.01302,0.01797,0.01026,0.00651,0.00619,0.18007,0.18268,0.16474,0.14746,0.27111
0.07817,0.07941,0.01357,0.01642,0.01706,0.15865,0.15791,0.13572,0.15397,0.18912
0.02648,0.02957,0.04753,0.03075,0.02882,0.02444,0.02381,0.32311,0.15817,0.30731
0.00271,0.00245,0.00252,0.00207,0.00262,0.17896,0.18279,0.31019,0.00813,0.30756
0.00442,0.00401,0.00521,0.00569,0.00482,0.37426,0.37550,0.10411,0.07341,0.04857
0.00991,0.00695,0.00870,0.01530,0.01010,0.16618,0.16942,0.29148,0.20152,0.12044
0.01228,0.00725,0.00978,0.01376,0.01893,0.22545,0.22703,0.23727,0.07091,0.17733
0.02286,0.16107,0.16253,0.02471,0.03159,0.16587,0.16690,0.10841,0.07492,0.08114
0.01398,0.01014,0.00716,0.00975,0.00934,0.29684,0.29834,0.17516,0.03057,0.14874
0.01168,0.01200,0.00794,0.00747,0.00811,0.24370,0.24586,0.21055,0.19029,0.06240
0.00874,0.01669,0.01319,0.00796,0.00713,0.05413,0.05632,0.30829,0.29195,0.23560
0.02482,0.02098,0.01728,0.01663,0.01881,0.15478,0.15633,0.28780,0.06984,0.23272
0.01295,0.00891,0.00850,0.01221,0.01408,0.11654,0.11595,0.12518,0.25971,0.32597
0.01074,0.01190,0.01113,0.00876,0.00914,0.10490,0.10728,0.35961,0.23946,0.13708
0.03692,0.02447,0.01461,0.02209,0.02589,0.23086,0.23717,0.11572,0.11167,0.18061
0.02546,0.02741,0.03011,0.02622,0.02538,0.25410,0.25730,0.15408,0.12598,0.07397
0.01699,0.11206,0.11015,0.01642,0.01894,0.18695,0.18809,0.06498,0.12956,0.15585
0.01987,0.02058,0.00917,0.01061,0.01377,0.18227,0.18353,0.23441,0.19027,0.13551
0.01412,0.02159,0.01712,0.01269,0.01233,0.25055,0.25763,0.20058,0.17626,0.03714
0.01346,0.01343,0.01158,0.01231,0.01253,0.06572,0.06546,0.27753,0.20128,0.32670
0.01083,0.19929,0.20423,0.01814,0.02021,0.11493,0.11689,0.14286,0.03220,0.14042
0.11610,0.11784,0.00850,0.01074,0.00765,0.16678,0.16445,0.19307,0.02501,0.18984
0.08611,0.09719,0.03455,0.02340,0.02299,0.20906,0.21213,0.12812,0.09426,0.09218
0.02289,0.02578,0.01370,0.01097,0.01549,0.11276,0.11329,0.32550,0.08971,0.26992
0.11951,0.12045,0.00655,0.00586,0.00863,0.28405,0.28854,0.05769,0.06578,0.04294
0.01606,0.01629,0.01455,0.01810,0.01388,0.23229,0.23289,0.22060,0.04633,0.18900
0.01199,0.00949,0.01089,0.01316,0.01201,0.27859,0.27960,0.15503,0.06436,0.16489
0.04066,0.05528,0.02511,0.01225,0.01133,0.21098,0.21345,0.03722,0.20555,0.18818
0.09648,0.23515,0.15874,0.02430,0.02896,0.06986,0.06965,0.05228,0.12895,0.13562
0.02320,0.02349,0.03872,0.05278,0.04451,0.12628,0.12732,0.26748,0.03582,0.26039
0.14569,0.13890,0.00656,0.01663,0.00893,0.21066,0.21316,0.07782,0.10843,0.07322
0.00535,0.00508,0.00633,0.00673,0.00674,0.38350,0.38800,0.09597,0.07947,0.02282
0.01110,0.01228,0.00882,0.00868,0.00868,0.35474,0.35825,0.11521,0.02456,0.09768
0.01190,0.01317,0.01225,0.00985,0.01009,0.05615,0.05496,0.32977,0.21590,0.28596
0.05895,0.04759,0.01468,0.02455,0.03267,0.26441,0.26836,0.14110,0.09374,0.05396
0.08073,0.07460,0.07479,0.06714,0.07742,0.18469,0.18164,0.12138,0.08054,0.05707
0.00839,0.00875,0.00830,0.00679,0.00791,0.14865,0.14901,0.30127,0.10754,0.25340
0.00798,0.00804,0.00789,0.00842,0.00839,0.22787,0.23023,0.24548,0.19429,0.06140
0.09292,0.09777,0.01368,0.01394,0.01121,0.09132,0.09655,0.27277,0.23920,0.07065
0.01764,0.01445,0.01682,0.02481,0.02318,0.04855,0.05166,0.23543,0.29325,0.27422
0.00446,0.00477,0.00454,0.00385,0.00433,0.26161,0.26364,0.22338,0.13018,0.09923
0.00583,0.00621,0.00453,0.00311,0.00441,0.45500,0.45688,0.01483,0.01975,0.02944
0.04276,0.04604,0.01043,0.00749,0.00759,0.07916,0.08171,0.34910,0.29961,0.07611
0.05160,0.08455,0.00906,0.00956,0.00985,0.22415,0.22488,0.08581,0.17849,0.12206
0.05752,0.05442,0.00413,0.00570,0.00544,0.24435,0.24439,0.18921,0.10580,0.08905
0.13754,0.16946,0.03939,0.01148,0.00987,0.14567,0.14603,0.16580,0.01119,0.16357
0.00900,0.00950,0.00782,0.00899,0.00849,0.13048,0.13095,0.34002,0.06254,0.29222
0.03282,0.00690,0.02775,0.03622,0.06849,0.24382,0.24222,0.10116,0.12897,0.11164
0.01072,0.01043,0.00927,0.00906,0.00970,0.35469,0.35899,0.07683,0.05920,0.10111
0.02015,0.02257,0.01342,0.01228,0.01280,0.27725,0.27888,0.14255,0.10257,0.11752
0.01270,0.01048,0.01627,0.01662,0.01527,0.22934,0.22648,0.17246,0.09409,0.20630
0.02633,0.02250,0.00874,0.01108,0.00918,0.14570,0.14629,0.27023,0.29324,0.06671
0.02174,0.01610,0.01835,0.03141,0.02079,0.22248,0.22963,0.13590,0.12688,0.17672
0.01635,0.01448,0.01395,0.01647,0.01648,0.23849,0.24449,0.11480,0.20283,0.12166
0.04968,0.04213,0.01893,0.02543,0.02647,0.24211,0.24395,0.16600,0.11809,0.06721
0.01607,0.01567,0.01356,0.01707,0.01260,0.18629,0.19091,0.26384,0.04961,0.23438
0.00473,0.00413,0.00420,0.00376,0.00318,0.35542,0.35624,0.13047,0.00935,0.12853
0.04927,0.04190,0.00996,0.02036,0.01613,0.13956,0.13999,0.27442,0.12667,0.18173
0.01847,0.03841,0.02769,0.00963,0.00974,0.22061,0.22322,0.21457,0.06290,0.17476
0.22142,0.23427,0.02514,0.01508,0.01561,0.12835,0.12914,0.09478,0.06655,0.06965
0.21136,0.20880,0.01317,0.02064,0.02276,0.13265,0.12660,0.12102,0.04626,0.09675
0.02398,0.02018,0.01257,0.01595,0.01771,0.26153,0.26532,0.17513,0.15744,0.05020
0.03028,0.03374,0.02496,0.02306,0.02355,0.20043,0.20354,0.20155,0.04781,0.21109
0.07361,0.04222,0.02102,0.05404,0.03545,0.18102,0.17574,0.06706,0.18863,0.16120
0.00860,0.00786,0.00725,0.00583,0.00624,0.08334,0.08544,0.37409,0.07615,0.34520
0.01270,0.01329,0.01252,0.01333,0.01046,0.09471,0.09646,0.35905,0.03957,0.34790
0.02290,0.01383,0.03112,0.01894,0.01863,0.23239,0.23198,0.21148,0.19708,0.02165
0.08123,0.07625,0.01548,0.02195,0.02224,0.20593,0.21001,0.15941,0.11277,0.09474
0.00808,0.00745,0.00794,0.01152,0.01243,0.11123,0.11058,0.25491,0.31894,0.15693
0.00341,0.00365,0.00310,0.00376,0.00346,0.01810,0.01742,0.30094,0.25368,0.39249
0.01556,0.02412,0.02098,0.01598,0.01258,0.14099,0.14507,0.30623,0.17554,0.14294
0.00830,0.00804,0.00850,0.01003,0.00724,0.19328,0.19643,0.21368,0.16089,0.19361
0.08630,0.07381,0.01196,0.02763,0.02037,0.27856,0.27823,0.10601,0.05443,0.06270
0.02500,0.02330,0.03352,0.03024,0.02664,0.05289,0.05314,0.34421,0.21774,0.19331
0.06860,0.08149,0.05621,0.03876,0.04531,0.05961,0.05793,0.27253,0.06265,0.25692
0.06305,0.10338,0.06078,0.01702,0.02215,0.18946,0.19331,0.10389,0.13334,0.11361
0.01474,0.13198,0.12843,0.01330,0.01368,0.22863,0.23687,0.09923,0.08583,0.04731
0.02415,0.03394,0.01230,0.01328,0.01464,0.08825,0.08753,0.30127,0.27243,0.15222
0.01216,0.00582,0.00847,0.01695,0.00957,0.21770,0.21760,0.14720,0.16367,0.20086
0.01025,0.00700,0.00905,0.01252,0.01276,0.27077,0.27223,0.18793,0.04113,0.17637
0.09686,0.09795,0.01224,0.01252,0.00950,0.14534,0.14713,0.21092,0.11506,0.15247
0.05245,0.05307,0.01338,0.01609,0.01956,0.18357,0.18585,0.13301,0.11734,0.22568
0.00611,0.00843,0.00974,0.00664,0.00643,0.04993,0.05041,0.30744,0.39974,0.15514
0.01535,0.01212,0.01170,0.01265,0.02120,0.29654,0.29675,0.16193,0.01698,0.15478
0.05809,0.05574,0.00820,0.01292,0.01153,0.02439,0.02701,0.39343,0.37961,0.02908
0.00865,0.01054,0.00965,0.00938,0.00875,0.22626,0.22931,0.16058,0.17180,0.16507
0.09358,0.08283,0.02378,0.04346,0.04204,0.19245,0.19428,0.15573,0.05256,0.11928
0.00837,0.00835,0.00756,0.00859,0.00725,0.26391,0.26785,0.09619,0.13306,0.19887
0.04907,0.05018,0.01526,0.01534,0.01560,0.06350,0.06529,0.30613,0.16494,0.25470
0.02127,0.02400,0.01802,0.01905,0.01477,0.09396,0.09315,0.23892,0.17335,0.30350
0.01523,0.02159,0.02079,0.01313,0.01726,0.37152,0.37476,0.03742,0.05037,0.07793
0.04421,0.02820,0.02441,0.02734,0.04109,0.08502,0.09042,0.30842,0.24763,0.10325
0.00564,0.00560,0.00317,0.00364,0.00323,0.16279,0.16620,0.31849,0.31970,0.01154
0.01089,0.01456,0.00958,0.00647,0.00727,0.14581,0.14573,0.31968,0.02037,0.31962
0.03662,0.03862,0.00987,0.00827,0.00803,0.24975,0.25700,0.18475,0.10988,0.09721
0.04913,0.05072,0.00578,0.00648,0.00667,0.30815,0.30795,0.02738,0.11476,0.12299
0.00597,0.00456,0.00400,0.00494,0.00542,0.41838,0.42088,0.06005,0.05051,0.02528
0.00919,0.00989,0.00784,0.01019,0.00752,0.29460,0.29850,0.16464,0.11478,0.08285
0.00706,0.00681,0.00613,0.00574,0.00575,0.39593,0.39742,0.08363,0.03212,0.05941
0.08859,0.06866,0.04297,0.04381,0.04829,0.12114,0.12718,0.21655,0.17302,0.06979
0.06539,0.06393,0.00746,0.01002,0.00708,0.26866,0.27058,0.14491,0.03399,0.12798
0.06058,0.10775,0.01031,0.00971,0.00899,0.11909,0.11966,0.26940,0.13555,0.15896
0.02562,0.01796,0.01601,0.03441,0.02913,0.15894,0.16293,0.25813,0.23158,0.06530
0.09998,0.10763,0.03379,0.02694,0.02910,0.06896,0.06889,0.25443,0.26859,0.04169
0.01010,0.00643,0.00571,0.00851,0.00788,0.05984,0.05941,0.35057,0.08311,0.40843
0.08573,0.10150,0.05526,0.02060,0.04385,0.03454,0.03372,0.29981,0.03962,0.28537
0.00818,0.01280,0.01717,0.01136,0.01031,0.05022,0.05075,0.39667,0.07271,0.36982
0.00606,0.00827,0.00979,0.01013,0.00754,0.10092,0.09949,0.27210,0.13553,0.35017
0.02964,0.03042,0.00897,0.01000,0.01047,0.17993,0.18117,0.25454,0.18605,0.10883
0.01157,0.08134,0.08127,0.00980,0.00784,0.27714,0.27892,0.11146,0.03431,0.10636
0.03279,0.10977,0.09879,0.02817,0.03313,0.21113,0.21384,0.11969,0.05067,0.10202
0.01016,0.01132,0.01065,0.00878,0.01293,0.19924,0.20121,0.25982,0.03218,0.25369
0.02208,0.01667,0.02728,0.02560,0.02505,0.32130,0.32596,0.05918,0.10235,0.07454
0.01405,0.05605,0.05792,0.01427,0.01389,0.26211,0.26312,0.14189,0.04718,0.12952
0.02262,0.01792,0.00575,0.00935,0.01228,0.09935,0.10096,0.35856,0.32378,0.04942
0.01661,0.01373,0.01623,0.01493,0.01272,0.31260,0.31820,0.14050,0.08703,0.06745
0.01032,0.00863,0.00763,0.00784,0.01040,0.20811,0.20773,0.17325,0.10699,0.25910
0.08088,0.08087,0.01209,0.01513,0.01157,0.04919,0.05195,0.34100,0.05243,0.30490
0.02607,0.03094,0.01317,0.01035,0.01020,0.18863,0.19058,0.23326,0.22535,0.07144
0.01596,0.01701,0.00774,0.00729,0.00542,0.11140,0.11220,0.33874,0.02375,0.36047
0.01647,0.01797,0.01121,0.01123,0.00846,0.25982,0.26139,0.19680,0.04389,0.17276
0.01525,0.24766,0.24867,0.01683,0.01314,0.08738,0.08787,0.13130,0.03134,0.12057
0.01054,0.00443,0.00486,0.01028,0.00833,0.05831,0.05737,0.40726,0.07834,0.36029
0.01616,0.00751,0.01268,0.01874,0.02220,0.27384,0.27719,0.17218,0.14268,0.05682
0.01300,0.01044,0.01488,0.01401,0.01695,0.34211,0.34396,0.11339,0.03666,0.09459
0.01023,0.01160,0.00855,0.00834,0.00892,0.11714,0.11779,0.29607,0.21974,0.20162
0.00842,0.00759,0.00509,0.00610,0.00510,0.19177,0.19241,0.15853,0.20700,0.21799
0.03006,0.01970,0.02460,0.03522,0.02702,0.11534,0.12001,0.29806,0.21558,0.11443
0.19534,0.21520,0.02389,0.00861,0.00996,0.05556,0.05659,0.21292,0.18653,0.03541
0.02876,0.02850,0.01748,0.01751,0.01546,0.21629,0.21739,0.22150,0.10538,0.13173
0.13287,0.13610,0.01499,0.01445,0.01252,0.09637,0.09703,0.22680,0.22589,0.04297
0.00957,0.01619,0.01843,0.01882,0.01048,0.23416,0.24117,0.07689,0.17044,0.20384
0.02913,0.04493,0.02272,0.01109,0.01086,0.18616,0.18998,0.18541,0.10165,0.21808
0.01896,0.17467,0.17191,0.01821,0.01841,0.10241,0.10367,0.18904,0.17583,0.02689
0.01194,0.13195,0.13033,0.01494,0.01439,0.20446,0.20770,0.13288,0.06050,0.09091
0.03421,0.02007,0.01676,0.03636,0.02130,0.38957,0.39210,0.03807,0.02671,0.02485
0.06147,0.06150,0.00600,0.00790,0.00802,0.13297,0.13436,0.27448,0.02430,0.28901
0.11927,0.11693,0.00552,0.01065,0.00931,0.21182,0.21128,0.15267,0.02008,0.14247
0.00939,0.01121,0.01082,0.01172,0.01149,0.05426,0.05626,0.39907,0.21692,0.21887
0.02429,0.02138,0.02440,0.01803,0.01475,0.05961,0.06155,0.07080,0.36787,0.33732
0.01414,0.23801,0.23498,0.01096,0.01228,0.13737,0.13811,0.09896,0.02936,0.08584
0.01602,0.00800,0.01392,0.01971,0.01995,0.12059,0.12309,0.32972,0.10433,0.24467
0.02117,0.00984,0.01263,0.02077,0.02276,0.24005,0.24033,0.20748,0.05934,0.16562
0.00700,0.00718,0.00785,0.01178,0.01069,0.06386,0.06580,0.39661,0.16344,0.26580
0.00760,0.00801,0.00750,0.00614,0.00834,0.08293,0.08341,0.38715,0.31185,0.09708
0.01048,0.03319,0.03102,0.01160,0.01475,0.20765,0.21048,0.11226,0.13530,0.23328
0.00668,0.01009,0.01116,0.01005,0.00718,0.37560,0.37855,0.08544,0.03931,0.07595
0.01228,0.15830,0.15788,0.02664,0.01830,0.06432,0.06320,0.18312,0.20446,0.11150
