0.02864,0.02702,0.03000,0.02994,0.03069,0.03015,0.03119,0.03370,0.03221,0.03146,0.02825,0.02571,0.03487,0.03398,0.03449,0.25794,0.20669,0.01957,0.02176,0.03175
0.02265,0.02126,0.02586,0.02636,0.02542,0.02798,0.02830,0.02586,0.02646,0.02695,0.03430,0.03066,0.02853,0.02927,0.02938,0.29082,0.24572,0.01752,0.01601,0.02069
0.04405,0.03439,0.03338,0.04214,0.04278,0.04563,0.04782,0.04120,0.04289,0.04066,0.04132,0.03394,0.03372,0.04414,0.04027,0.03800,0.03894,0.11294,0.16602,0.03575
0.03943,0.02920,0.02963,0.04122,0.03676,0.03500,0.03231,0.03768,0.03941,0.03746,0.03082,0.02997,0.04014,0.04491,0.04292,0.04871,0.04955,0.13067,0.03355,0.19069
0.02942,0.02793,0.03033,0.03331,0.03280,0.03272,0.03263,0.03276,0.03418,0.03301,0.04020,0.03656,0.03574,0.03675,0.03843,0.20508,0.19684,0.04004,0.02615,0.02512
0.03148,0.02887,0.03047,0.03652,0.03590,0.03690,0.03885,0.03518,0.03666,0.03588,0.03543,0.03277,0.03880,0.04216,0.04411,0.05173,0.05264,0.13303,0.02364,0.19900
0.04429,0.03463,0.03480,0.03844,0.03972,0.03539,0.03441,0.03281,0.03555,0.03381,0.03941,0.03425,0.03158,0.03567,0.03583,0.03460,0.03607,0.17992,0.17611,0.03272
0.03912,0.02960,0.03407,0.04761,0.04355,0.03531,0.03334,0.03666,0.03909,0.03816,0.03397,0.03214,0.05116,0.05036,0.05179,0.09339,0.09371,0.09718,0.03323,0.08658
0.04147,0.03413,0.03863,0.04914,0.04615,0.04499,0.04474,0.04367,0.04556,0.04434,0.04906,0.04926,0.04714,0.04877,0.05072,0.07519,0.07325,0.06988,0.05658,0.04735
0.04271,0.03457,0.04121,0.04805,0.04477,0.03977,0.03650,0.03801,0.03908,0.03959,0.04747,0.04187,0.04629,0.05576,0.05435,0.08322,0.08365,0.08306,0.03647,0.06360
0.03544,0.03128,0.03344,0.04128,0.04004,0.03336,0.02997,0.03435,0.03546,0.03477,0.03439,0.03392,0.04045,0.04296,0.04372,0.03592,0.03584,0.11896,0.05857,0.20588
0.03788,0.03583,0.03862,0.04335,0.04212,0.04487,0.04527,0.04239,0.04428,0.04268,0.04506,0.05247,0.04940,0.04896,0.04353,0.05250,0.05221,0.09068,0.08222,0.06567
0.03462,0.03065,0.03322,0.04155,0.04116,0.04781,0.05004,0.04105,0.04495,0.04295,0.04767,0.04470,0.04267,0.04739,0.04419,0.05125,0.05123,0.08943,0.11087,0.06261
0.03164,0.02568,0.02814,0.03550,0.03430,0.03479,0.03398,0.03502,0.03632,0.03437,0.03125,0.02578,0.03518,0.04315,0.04693,0.08644,0.08521,0.12774,0.02987,0.15870
0.03783,0.04092,0.04681,0.04316,0.04211,0.04231,0.04303,0.04087,0.04204,0.04370,0.04147,0.07754,0.09301,0.04038,0.04209,0.10212,0.10170,0.02877,0.02899,0.02115
0.03422,0.02811,0.03442,0.04544,0.04097,0.04471,0.04653,0.04152,0.04228,0.04264,0.04085,0.03596,0.03866,0.04351,0.04827,0.03345,0.03416,0.12913,0.05214,0.14304
0.03568,0.03115,0.03559,0.04166,0.03948,0.04083,0.04427,0.04089,0.04027,0.03935,0.03222,0.02951,0.03785,0.04030,0.04018,0.05406,0.05439,0.08268,0.05235,0.18729
0.04039,0.03161,0.04057,0.04809,0.04443,0.04151,0.04110,0.04019,0.04114,0.04047,0.04590,0.04064,0.04931,0.05239,0.05307,0.08824,0.09075,0.07285,0.05331,0.04402
0.03643,0.02935,0.03466,0.03947,0.03786,0.03720,0.03912,0.03681,0.03679,0.03560,0.03714,0.03003,0.03650,0.04423,0.04400,0.16053,0.14958,0.05214,0.03588,0.04669
0.04499,0.03908,0.03857,0.04497,0.04329,0.04335,0.04114,0.04645,0.04489,0.04756,0.04002,0.03940,0.04796,0.04934,0.05054,0.07846,0.07831,0.08592,0.05927,0.03648
0.04044,0.03669,0.03823,0.04470,0.04506,0.04171,0.04289,0.03773,0.04059,0.03935,0.04371,0.03625,0.03816,0.04524,0.04211,0.04975,0.04904,0.12645,0.11198,0.04991
0.04219,0.03541,0.03372,0.04226,0.03848,0.03685,0.03534,0.03754,0.03876,0.03983,0.04635,0.04494,0.04642,0.05065,0.04893,0.10329,0.10767,0.08424,0.03071,0.05642
0.04206,0.02996,0.03198,0.04687,0.04354,0.03874,0.03481,0.04358,0.04314,0.04383,0.05424,0.04412,0.04271,0.04995,0.04925,0.06110,0.05961,0.11957,0.07983,0.04111
0.03429,0.03484,0.04492,0.04510,0.04276,0.04071,0.04148,0.03749,0.03969,0.04177,0.08565,0.05810,0.04019,0.05654,0.05359,0.05748,0.05379,0.06640,0.02606,0.09914
0.04162,0.03223,0.03353,0.04401,0.04379,0.03949,0.03854,0.03807,0.04025,0.03998,0.04136,0.03169,0.03694,0.05164,0.04829,0.05570,0.05720,0.11751,0.06891,0.09925
0.03884,0.03041,0.03049,0.03825,0.03766,0.04442,0.04423,0.04321,0.04229,0.04056,0.03879,0.03428,0.04250,0.04789,0.04650,0.07799,0.08109,0.03561,0.11762,0.08738
0.03179,0.02817,0.03216,0.03968,0.03653,0.04023,0.04408,0.03751,0.03871,0.03771,0.02923,0.03410,0.04422,0.03952,0.03902,0.04971,0.04948,0.10521,0.03002,0.21293
0.03739,0.03225,0.03620,0.04340,0.04172,0.04434,0.04533,0.04236,0.04419,0.04416,0.03763,0.03569,0.03912,0.04281,0.04575,0.05633,0.05765,0.05240,0.05838,0.16289
0.04141,0.04367,0.04173,0.04044,0.04053,0.04729,0.05183,0.04432,0.04489,0.04555,0.04592,0.04282,0.04237,0.04690,0.04552,0.07787,0.08004,0.03941,0.06301,0.07448
0.04082,0.02956,0.03019,0.03958,0.03711,0.03607,0.03624,0.03296,0.03594,0.03573,0.03829,0.03584,0.04925,0.04729,0.05035,0.09483,0.09219,0.09683,0.04591,0.09501
0.03436,0.02832,0.03184,0.03777,0.03649,0.03367,0.03376,0.03546,0.03513,0.03742,0.03272,0.03164,0.04437,0.04218,0.04204,0.18850,0.17226,0.03404,0.03187,0.03617
0.04163,0.03244,0.03670,0.04514,0.04603,0.04571,0.04252,0.04462,0.04467,0.04338,0.04264,0.03744,0.04593,0.04873,0.04597,0.09656,0.10129,0.07983,0.04778,0.03101
0.03932,0.03562,0.03830,0.04327,0.04362,0.04509,0.04603,0.04465,0.04466,0.04440,0.05275,0.05108,0.05089,0.05167,0.05184,0.05961,0.06103,0.04786,0.04899,0.09933
0.03965,0.03477,0.03621,0.04390,0.04442,0.04466,0.04946,0.03962,0.04446,0.04331,0.04451,0.04470,0.04639,0.04678,0.04398,0.03819,0.03990,0.10088,0.08336,0.09085
0.04613,0.03658,0.03204,0.03870,0.03892,0.03360,0.03035,0.03772,0.03636,0.03629,0.03715,0.03363,0.04008,0.04058,0.03892,0.15396,0.16156,0.04895,0.04343,0.03505
0.04409,0.03257,0.03206,0.04316,0.04056,0.04297,0.04116,0.04224,0.04421,0.04413,0.04167,0.03667,0.03970,0.04685,0.04589,0.11912,0.11718,0.07004,0.03174,0.04400
0.04290,0.03713,0.03684,0.04069,0.03873,0.04613,0.05088,0.04337,0.04330,0.04306,0.04199,0.03639,0.03774,0.05003,0.04265,0.03523,0.03624,0.15753,0.06397,0.07522
0.04026,0.03017,0.03640,0.05078,0.04803,0.04161,0.03876,0.04077,0.04365,0.04123,0.04683,0.04921,0.05342,0.05226,0.05080,0.05378,0.05408,0.08617,0.05399,0.08779
0.04361,0.03583,0.03889,0.04647,0.04299,0.04084,0.04239,0.03775,0.03977,0.04107,0.03668,0.03119,0.03782,0.04674,0.04882,0.07223,0.07014,0.13362,0.03966,0.07348
0.02609,0.02367,0.02635,0.02986,0.02992,0.03676,0.04223,0.03016,0.03136,0.03181,0.06572,0.05239,0.03508,0.03724,0.03822,0.20650,0.19049,0.02276,0.02071,0.02268
0.03732,0.03515,0.03722,0.04404,0.04075,0.04474,0.04577,0.04301,0.04228,0.04456,0.05668,0.05172,0.04338,0.04644,0.04791,0.08382,0.07977,0.05338,0.05959,0.06250
0.03938,0.02887,0.03129,0.04001,0.04042,0.03530,0.03499,0.03593,0.03683,0.03714,0.03127,0.02676,0.03512,0.04235,0.04254,0.16796,0.16175,0.06251,0.03716,0.03241
0.04148,0.03572,0.03724,0.04606,0.04519,0.03805,0.03407,0.04026,0.04355,0.04165,0.03961,0.03473,0.03814,0.04445,0.04490,0.05384,0.05383,0.13682,0.03934,0.11107
0.03205,0.02614,0.03163,0.04167,0.04083,0.03822,0.03406,0.03884,0.03806,0.03813,0.04678,0.04703,0.05106,0.04544,0.04687,0.13800,0.13620,0.05117,0.04734,0.03049
0.04611,0.03131,0.03034,0.04425,0.04328,0.04559,0.05000,0.04192,0.04217,0.04382,0.04635,0.03397,0.03701,0.05275,0.05011,0.05314,0.05401,0.13434,0.04428,0.07524
0.03973,0.03174,0.03545,0.04456,0.04334,0.04335,0.04563,0.03906,0.04209,0.04245,0.03833,0.03074,0.03668,0.04541,0.04165,0.06016,0.06232,0.12986,0.10661,0.04084
0.04724,0.04087,0.04465,0.04761,0.04280,0.03860,0.03684,0.04005,0.04115,0.03962,0.03797,0.03267,0.04122,0.04728,0.05065,0.09360,0.09387,0.07576,0.04591,0.06165
0.04328,0.03661,0.03421,0.04310,0.04333,0.03865,0.03567,0.03933,0.04168,0.04193,0.04028,0.04225,0.04590,0.04674,0.04288,0.07642,0.07989,0.11757,0.07044,0.03983
0.02961,0.02479,0.02672,0.03254,0.03065,0.03012,0.02835,0.03227,0.03256,0.03256,0.03039,0.03117,0.03930,0.03876,0.03799,0.21138,0.18845,0.04062,0.02580,0.05598
0.03999,0.03134,0.02867,0.03764,0.03667,0.03765,0.03610,0.03786,0.03799,0.03845,0.04019,0.04202,0.04394,0.04339,0.04504,0.12425,0.11724,0.08697,0.02313,0.07147
0.04694,0.03630,0.03699,0.04829,0.04699,0.04851,0.05640,0.04268,0.04492,0.04511,0.04926,0.04251,0.04060,0.04766,0.04714,0.06980,0.06944,0.07031,0.05006,0.06007
0.04616,0.03880,0.03957,0.04752,0.04806,0.05077,0.05347,0.04734,0.04697,0.04726,0.04180,0.03711,0.03872,0.04551,0.04497,0.04652,0.04754,0.08720,0.09066,0.05407
0.05210,0.08200,0.06136,0.04451,0.04656,0.03564,0.03285,0.03944,0.04010,0.04185,0.03922,0.03893,0.03784,0.03898,0.03949,0.11747,0.11647,0.03652,0.02718,0.03151
0.04385,0.05880,0.07129,0.05772,0.05414,0.04292,0.04102,0.04580,0.04580,0.04578,0.04144,0.03647,0.04093,0.04702,0.04520,0.07092,0.07372,0.05897,0.03616,0.04204
0.03946,0.03982,0.04578,0.04776,0.04551,0.05046,0.05188,0.04568,0.04510,0.04586,0.06546,0.05693,0.04156,0.04863,0.04461,0.03748,0.03830,0.10387,0.05280,0.05306
0.02930,0.02641,0.03185,0.03536,0.03411,0.03508,0.03373,0.03314,0.03507,0.03529,0.03305,0.03236,0.03875,0.03891,0.03891,0.16446,0.15450,0.07089,0.01888,0.07998
0.03498,0.03023,0.03298,0.03831,0.03876,0.04060,0.04120,0.04088,0.04045,0.04050,0.03627,0.03202,0.04149,0.04590,0.04759,0.08942,0.09149,0.05554,0.05979,0.12159
0.04444,0.03462,0.03406,0.04341,0.04208,0.04425,0.04567,0.03931,0.04055,0.04057,0.07785,0.05821,0.04145,0.04944,0.04895,0.07813,0.08031,0.03791,0.04233,0.07645
0.04058,0.03070,0.03602,0.04723,0.04267,0.04370,0.04242,0.04243,0.04476,0.04371,0.03568,0.03374,0.03762,0.04428,0.04985,0.07885,0.07645,0.08671,0.03160,0.11099
0.04097,0.03216,0.03487,0.04327,0.04060,0.03616,0.03356,0.03816,0.03939,0.03952,0.04019,0.04342,0.04625,0.04551,0.04368,0.12911,0.13416,0.06407,0.03604,0.03891
0.04156,0.03300,0.03475,0.04508,0.04271,0.04288,0.04265,0.04287,0.04385,0.04325,0.04014,0.03216,0.03676,0.04978,0.04531,0.07609,0.07817,0.12035,0.06297,0.04568
0.03110,0.03029,0.04125,0.04166,0.04027,0.03836,0.03732,0.03563,0.03883,0.03818,0.03053,0.03195,0.04091,0.04055,0.04077,0.03708,0.03660,0.10757,0.07114,0.19003
0.03249,0.02545,0.02722,0.03393,0.03272,0.03155,0.02964,0.03189,0.03184,0.03267,0.02876,0.02520,0.03330,0.03833,0.03566,0.21198,0.21383,0.04090,0.02884,0.03381
0.04185,0.03273,0.03756,0.04534,0.04479,0.03961,0.03706,0.03910,0.04015,0.03998,0.04052,0.03317,0.04036,0.04937,0.04578,0.06828,0.07023,0.12512,0.03288,0.09610
0.03074,0.02823,0.03402,0.04156,0.03837,0.03729,0.03695,0.03621,0.03703,0.03859,0.04559,0.06216,0.06108,0.04355,0.04483,0.13444,0.12992,0.03540,0.03935,0.04469
0.03397,0.03051,0.03716,0.04044,0.04081,0.04152,0.04043,0.03769,0.04120,0.03940,0.04331,0.04134,0.04919,0.04892,0.05538,0.05259,0.05345,0.07442,0.03770,0.16060
0.02602,0.02390,0.02681,0.02800,0.02782,0.02857,0.02902,0.02932,0.02782,0.02831,0.02682,0.02436,0.02926,0.03026,0.03029,0.27117,0.24412,0.02176,0.02356,0.02280
0.03365,0.02934,0.03714,0.04042,0.03980,0.03878,0.04019,0.03744,0.03766,0.03813,0.03946,0.03589,0.04178,0.04458,0.04380,0.16219,0.15375,0.03669,0.02537,0.04393
0.04598,0.03653,0.03523,0.04153,0.04198,0.04285,0.04442,0.04005,0.04134,0.03926,0.04668,0.03760,0.04307,0.05119,0.04803,0.08959,0.08883,0.07601,0.04406,0.06577
0.03964,0.03259,0.03575,0.04322,0.04275,0.04061,0.03871,0.03977,0.04087,0.03985,0.04118,0.04120,0.04588,0.04601,0.04261,0.12345,0.12430,0.07657,0.03602,0.02902
0.02390,0.02195,0.02425,0.02667,0.02488,0.02662,0.02735,0.02519,0.02596,0.02606,0.03559,0.03381,0.03565,0.03096,0.03364,0.27401,0.24027,0.02288,0.02012,0.02022
0.04131,0.03582,0.03635,0.04231,0.04061,0.03973,0.03882,0.04022,0.04202,0.04077,0.04048,0.04327,0.04528,0.04468,0.04569,0.13961,0.13716,0.04386,0.03232,0.02972
0.03713,0.02876,0.03134,0.04092,0.03978,0.04077,0.04191,0.04048,0.04217,0.04085,0.04472,0.03785,0.03866,0.04515,0.04439,0.04892,0.04811,0.14080,0.07259,0.09470
0.02349,0.02436,0.02626,0.02549,0.02592,0.02660,0.02425,0.02941,0.02822,0.02944,0.02311,0.02292,0.03183,0.02712,0.02928,0.27738,0.25352,0.01606,0.02417,0.03117
0.03849,0.02874,0.03006,0.03933,0.03930,0.04716,0.04772,0.04507,0.04529,0.04401,0.05219,0.04500,0.03995,0.04960,0.04728,0.07528,0.07661,0.05297,0.05799,0.09794
0.04300,0.04237,0.04099,0.04189,0.04116,0.04659,0.04361,0.04918,0.04539,0.04594,0.04808,0.04279,0.04561,0.05150,0.05020,0.03849,0.03912,0.05075,0.12347,0.06990
0.03299,0.02802,0.03341,0.04166,0.04082,0.04261,0.04084,0.04439,0.04380,0.04220,0.03440,0.03237,0.04280,0.04625,0.04561,0.03759,0.03785,0.05900,0.07157,0.20183
0.04289,0.03392,0.03491,0.04245,0.04144,0.04040,0.03939,0.03933,0.04070,0.03976,0.04324,0.03485,0.03577,0.04322,0.04190,0.04270,0.04458,0.10524,0.17516,0.03814
0.03220,0.02431,0.02593,0.03269,0.03186,0.03163,0.03067,0.03141,0.03236,0.03246,0.02803,0.02615,0.03669,0.04150,0.04081,0.07253,0.07275,0.07633,0.04376,0.25594
0.04591,0.04011,0.04006,0.04644,0.04405,0.04597,0.04594,0.04315,0.04496,0.04217,0.05299,0.05009,0.04585,0.05007,0.04829,0.05532,0.05544,0.05540,0.10646,0.04131
0.03389,0.02649,0.03260,0.03917,0.03867,0.03409,0.03421,0.03251,0.03411,0.03444,0.04211,0.04195,0.04757,0.04490,0.04508,0.15678,0.15086,0.05485,0.02803,0.04770
0.03749,0.03185,0.03285,0.03859,0.03760,0.03933,0.04233,0.03740,0.03785,0.03817,0.04527,0.03737,0.03370,0.04078,0.04110,0.03558,0.03562,0.19097,0.10499,0.06117
0.04613,0.04416,0.03986,0.04441,0.04315,0.04235,0.03730,0.04492,0.04421,0.04426,0.05027,0.05011,0.04752,0.04787,0.05070,0.06627,0.06710,0.06668,0.07983,0.04291
0.04296,0.03394,0.03649,0.04246,0.04256,0.04666,0.04749,0.04651,0.04473,0.04580,0.05449,0.04400,0.04080,0.04860,0.04606,0.06768,0.06619,0.09294,0.07333,0.03630
0.04501,0.03610,0.03750,0.04472,0.04215,0.04405,0.04596,0.04226,0.04559,0.04287,0.04036,0.03097,0.03497,0.04949,0.04670,0.05190,0.05170,0.10112,0.03565,0.13092
0.03272,0.02629,0.03029,0.03731,0.03611,0.04435,0.04899,0.03975,0.04036,0.03916,0.03380,0.02962,0.03565,0.04145,0.04163,0.05928,0.05955,0.04344,0.10955,0.17067
0.03425,0.03005,0.03631,0.04302,0.04077,0.04140,0.04356,0.03703,0.03946,0.03840,0.04679,0.04285,0.04491,0.04412,0.04382,0.14153,0.13700,0.03877,0.02881,0.04717
0.04007,0.03704,0.03642,0.03928,0.03919,0.04206,0.04477,0.03885,0.04067,0.04129,0.04242,0.04013,0.03901,0.04430,0.04115,0.04374,0.04405,0.09031,0.17098,0.04427
0.04630,0.03437,0.03382,0.03999,0.03912,0.04399,0.05212,0.03642,0.04018,0.03829,0.04130,0.03506,0.03391,0.04101,0.04054,0.04816,0.04795,0.14165,0.11277,0.05305
0.03761,0.02743,0.02854,0.03914,0.03679,0.04583,0.04371,0.04286,0.04343,0.04354,0.03464,0.04052,0.05207,0.04722,0.04818,0.08602,0.08675,0.06934,0.03695,0.10940
0.03189,0.02972,0.03329,0.03653,0.03641,0.03410,0.03296,0.03498,0.03675,0.03704,0.03505,0.04952,0.07487,0.04441,0.04370,0.15975,0.15521,0.04271,0.02057,0.03055
0.05449,0.04503,0.03980,0.04634,0.04662,0.04513,0.04630,0.04322,0.04399,0.04312,0.05307,0.04048,0.03870,0.04692,0.04401,0.10665,0.10818,0.02852,0.03686,0.04256
0.03307,0.02763,0.03114,0.03941,0.03774,0.04127,0.04386,0.03846,0.03933,0.03929,0.04040,0.04118,0.04356,0.04203,0.04059,0.16533,0.15931,0.03998,0.02817,0.02822
0.03953,0.03572,0.03522,0.04031,0.04029,0.04100,0.03966,0.03822,0.04149,0.04162,0.04427,0.04024,0.04471,0.05047,0.04644,0.12498,0.12285,0.03830,0.05100,0.04369
0.03157,0.02562,0.02986,0.03683,0.03412,0.03377,0.03383,0.03304,0.03434,0.03460,0.03445,0.03015,0.04012,0.04690,0.04806,0.09142,0.08781,0.14203,0.02115,0.13035
0.04342,0.04257,0.04022,0.04599,0.04340,0.04766,0.04594,0.04994,0.04798,0.04481,0.04057,0.03221,0.03634,0.04835,0.04338,0.04085,0.04182,0.10676,0.10395,0.05384
0.03757,0.03147,0.03501,0.04109,0.04153,0.04073,0.03983,0.04221,0.04280,0.04000,0.04540,0.03910,0.03750,0.04406,0.04050,0.04540,0.04621,0.13354,0.14347,0.03257
0.04282,0.03233,0.03477,0.04443,0.04407,0.04282,0.04443,0.03974,0.04158,0.04049,0.03875,0.03291,0.03869,0.04642,0.04676,0.11689,0.11557,0.07348,0.03856,0.04448
0.02637,0.02157,0.02499,0.03339,0.03158,0.03092,0.03070,0.02899,0.03039,0.03138,0.03110,0.03174,0.04012,0.03442,0.03541,0.20561,0.20049,0.06437,0.02831,0.03816
0.04013,0.03480,0.03602,0.04266,0.04094,0.04487,0.04295,0.04284,0.04442,0.04499,0.07359,0.06518,0.04345,0.04674,0.04763,0.09248,0.09271,0.04132,0.02898,0.05330
