0.12567,0.27291,0.19403,0.40739
0.13292,0.28324,0.30551,0.27834
0.21172,0.11230,0.26337,0.41261
0.09546,0.28972,0.29102,0.32380
0.14969,0.04157,0.37766,0.43107
0.16065,0.13272,0.29879,0.40784
0.02786,0.32176,0.28045,0.36993
0.11317,0.11793,0.30168,0.46723
0.09106,0.11300,0.37215,0.42379
0.03994,0.29295,0.27968,0.38743
0.05373,0.08311,0.40446,0.45870
0.29968,0.07876,0.15138,0.47018
0.06026,0.25252,0.33813,0.34910
0.15476,0.12326,0.39086,0.33112
0.18852,0.18273,0.27089,0.35786
0.11531,0.25624,0.32928,0.29917
0.08862,0.34841,0.24424,0.31874
0.25405,0.23074,0.29398,0.22122
0.04673,0.49658,0.18800,0.26869
0.08783,0.15728,0.33457,0.42033
0.10962,0.25118,0.27073,0.36847
0.38767,0.04947,0.26402,0.29884
0.10611,0.30894,0.32385,0.26110
0.15021,0.19834,0.31811,0.33334
0.06769,0.19535,0.33004,0.40692
0.09296,0.09847,0.37249,0.43608
0.25586,0.13721,0.42307,0.18385
0.19370,0.12779,0.31302,0.36549
0.04027,0.54261,0.19494,0.22218
0.06828,0.21505,0.32691,0.38975
0.07432,0.25159,0.29342,0.38067
0.09044,0.32665,0.26616,0.31675
0.31433,0.09275,0.12805,0.46486
0.16664,0.40777,0.17409,0.25150
0.05566,0.36850,0.29364,0.28221
0.12043,0.04938,0.39200,0.43820
0.08012,0.30871,0.23808,0.37309
0.05953,0.54929,0.11795,0.27323
0.11906,0.16235,0.30554,0.41305
0.04798,0.57392,0.19712,0.18098
0.11915,0.19696,0.36677,0.31712
0.21727,0.10776,0.34686,0.32812
0.20667,0.14101,0.36129,0.29102
0.08629,0.17227,0.35293,0.38851
0.16439,0.08803,0.38094,0.36664
0.10979,0.21428,0.34644,0.32948
0.07469,0.24902,0.34667,0.32962
0.06904,0.19192,0.37294,0.36609
0.08931,0.33007,0.22728,0.35333
0.07101,0.10847,0.39063,0.42989
0.11268,0.11851,0.39040,0.37841
0.25294,0.03043,0.23582,0.48080
0.13966,0.10742,0.30689,0.44603
0.02625,0.13177,0.38473,0.45725
0.35441,0.06748,0.10043,0.47768
0.10675,0.18931,0.32644,0.37750
0.10577,0.27353,0.30070,0.32001
0.09728,0.29918,0.32563,0.27791
0.04664,0.37857,0.23257,0.34222
0.05761,0.17023,0.40910,0.36306
0.25283,0.08873,0.22804,0.43040
0.11149,0.17753,0.36021,0.35077
0.10205,0.03993,0.48599,0.37203
0.17452,0.05748,0.39180,0.37620
0.02619,0.32957,0.23709,0.40715
0.03419,0.14054,0.38480,0.44048
0.06668,0.35931,0.21875,0.35526
0.17441,0.18632,0.40065,0.23862
0.02431,0.59465,0.16883,0.21220
0.09986,0.27656,0.33561,0.28797
0.34043,0.07102,0.27998,0.30856
0.17215,0.13906,0.26781,0.42099
0.18897,0.05018,0.42716,0.33370
0.13386,0.08155,0.33066,0.45393
0.12651,0.09508,0.39898,0.37943
0.04563,0.22421,0.34681,0.38336
0.14968,0.16527,0.34660,0.33845
0.17393,0.22791,0.24635,0.35180
0.12892,0.08090,0.36728,0.42290
0.04522,0.25310,0.32093,0.38074
0.03359,0.08102,0.45326,0.43214
0.20727,0.04056,0.39260,0.35956
0.07931,0.12373,0.39213,0.40483
0.05502,0.09549,0.40981,0.43968
0.03573,0.12282,0.35111,0.49034
0.12354,0.30660,0.26019,0.30968
0.08266,0.27897,0.30135,0.33703
0.06115,0.44138,0.22718,0.27028
0.07316,0.18985,0.33094,0.40605
0.02200,0.18114,0.35242,0.44443
0.13850,0.14118,0.37545,0.34487
0.03689,0.26997,0.31467,0.37847
0.16089,0.22857,0.25038,0.36017
0.21398,0.06724,0.38539,0.33339
0.13485,0.16870,0.36884,0.32761
0.06602,0.38825,0.18523,0.36051
0.11562,0.21595,0.29957,0.36887
0.17362,0.22417,0.23968,0.36253
0.35052,0.04328,0.46662,0.13958
0.12144,0.15811,0.32491,0.39554
0.25987,0.14623,0.42029,0.17361
0.03172,0.66786,0.11350,0.18692
0.21469,0.11606,0.24317,0.42608
0.23223,0.12715,0.41546,0.22516
0.09910,0.14383,0.32274,0.43433
0.07204,0.31526,0.29793,0.31477
0.24013,0.17954,0.23428,0.34604
0.12089,0.22080,0.31789,0.34042
0.08620,0.30414,0.25935,0.35031
0.10435,0.20189,0.27238,0.42138
0.01841,0.55106,0.18725,0.24328
0.14807,0.23868,0.26614,0.34711
0.14376,0.22488,0.21611,0.41526
0.06131,0.10052,0.38859,0.44958
0.05205,0.22563,0.32812,0.39420
0.13709,0.16933,0.33304,0.36054
0.04689,0.11181,0.38863,0.45266
0.11935,0.11969,0.43883,0.32213
0.07335,0.20069,0.30335,0.42261
0.09981,0.14934,0.31885,0.43200
0.12935,0.07433,0.35516,0.44115
0.20379,0.31873,0.26387,0.21362
0.16058,0.18561,0.31814,0.33567
0.73075,0.02385,0.12590,0.11950
0.15946,0.14933,0.29652,0.39469
0.17060,0.08644,0.30129,0.44167
0.21089,0.10453,0.23840,0.44618
0.13684,0.15153,0.29060,0.42103
0.22170,0.08843,0.22991,0.45996
0.20002,0.23585,0.37205,0.19208
0.10038,0.34632,0.29700,0.25630
0.20865,0.09751,0.29627,0.39758
0.08300,0.27426,0.30254,0.34020
0.19543,0.05738,0.25202,0.49517
0.07278,0.44693,0.29503,0.18527
0.06080,0.35244,0.29053,0.29623
0.14900,0.27819,0.25737,0.31544
0.11142,0.38364,0.19372,0.31122
0.17062,0.10998,0.27383,0.44558
0.15200,0.26524,0.35923,0.22353
0.12464,0.23306,0.38139,0.26091
0.16734,0.10068,0.38329,0.34869
0.06681,0.43808,0.18085,0.31427
0.29390,0.05690,0.20388,0.44533
0.25444,0.13429,0.42119,0.19008
0.13914,0.07674,0.40409,0.38002
0.11319,0.33445,0.31166,0.24070
0.16384,0.10142,0.34179,0.39295
0.05489,0.35948,0.28720,0.29844
0.24223,0.08892,0.24865,0.42019
0.12254,0.15034,0.31518,0.41194
0.06193,0.08332,0.42590,0.42884
0.06161,0.45110,0.22235,0.26495
0.04252,0.09441,0.41574,0.44732
0.08038,0.25074,0.29272,0.37616
0.14237,0.27229,0.20005,0.38529
0.22220,0.07927,0.36530,0.33323
0.19177,0.15023,0.43388,0.22413
0.05654,0.29661,0.29354,0.35331
0.05116,0.05811,0.44249,0.44824
0.13552,0.20861,0.26578,0.39009
0.32066,0.05474,0.45379,0.17081
0.09114,0.18127,0.33468,0.39291
0.24072,0.17100,0.41079,0.17750
0.13937,0.10898,0.35032,0.40132
0.17046,0.09728,0.30685,0.42541
0.04086,0.28339,0.29312,0.38263
0.06139,0.13130,0.36972,0.43760
0.05317,0.12405,0.37877,0.44401
0.03199,0.31689,0.27672,0.37440
0.06517,0.30594,0.30154,0.32736
0.55683,0.06781,0.16725,0.20811
0.22246,0.10040,0.46528,0.21187
0.11542,0.14776,0.34409,0.39273
0.19513,0.23819,0.27835,0.28833
0.02920,0.12064,0.43856,0.41161
0.12976,0.12348,0.37012,0.37663
0.05997,0.19344,0.35741,0.38919
0.06833,0.13298,0.40472,0.39398
0.15694,0.06397,0.31398,0.46512
0.05168,0.41579,0.22906,0.30348
0.11154,0.35648,0.27134,0.26064
0.16658,0.13667,0.27786,0.41889
0.22290,0.05114,0.45125,0.27470
0.13433,0.18980,0.33459,0.34128
0.08577,0.33238,0.27132,0.31053
0.07108,0.19867,0.43449,0.29575
0.11997,0.12222,0.38518,0.37263
0.14950,0.09978,0.30900,0.44171
0.45352,0.06981,0.22450,0.25217
0.02353,0.34056,0.28828,0.34763
0.23148,0.14513,0.33090,0.29249
0.09838,0.38530,0.21492,0.30139
0.06617,0.14908,0.35504,0.42971
0.05063,0.10073,0.45421,0.39443
0.17249,0.13455,0.30006,0.39289
0.03597,0.44721,0.25725,0.25957
0.11405,0.13518,0.29743,0.45334
0.13527,0.30137,0.29379,0.26956
0.06378,0.10365,0.39018,0.44239
0.18796,0.12798,0.34398,0.34008
0.17593,0.10631,0.39782,0.31994
0.15806,0.11821,0.30337,0.42036
0.19729,0.36293,0.22813,0.21165
0.26282,0.04250,0.46679,0.22789
0.13837,0.15857,0.28648,0.41659
0.15662,0.28559,0.20233,0.35545
0.13837,0.19017,0.32134,0.35012
0.08115,0.12362,0.38120,0.41403
0.14447,0.23474,0.27981,0.34098
0.14311,0.21664,0.29200,0.34826
0.05038,0.41822,0.20059,0.33081
0.25413,0.07213,0.46246,0.21128
0.13609,0.15188,0.29608,0.41595
0.08693,0.23009,0.33256,0.35042
0.12242,0.23702,0.30669,0.33387
0.18802,0.08130,0.41506,0.31562
0.07437,0.46986,0.23998,0.21580
0.12154,0.33657,0.30537,0.23652
0.06868,0.16327,0.34489,0.42317
0.05962,0.05621,0.41457,0.46961
0.08180,0.21703,0.32030,0.38088
0.21301,0.07506,0.22043,0.49150
0.15314,0.16477,0.33112,0.35098
0.14311,0.17402,0.29105,0.39183
0.10892,0.22129,0.30512,0.36467
0.08660,0.04228,0.39124,0.47988
0.03440,0.03248,0.44739,0.48572
0.05557,0.19533,0.31490,0.43420
0.17619,0.14746,0.32430,0.35206
0.08054,0.36161,0.26983,0.28801
0.04167,0.23350,0.31575,0.40908
0.10142,0.36322,0.20517,0.33019
0.16361,0.14010,0.26881,0.42747
0.12685,0.25451,0.25040,0.36824
0.11250,0.18183,0.31593,0.38974
0.22232,0.17794,0.27316,0.32658
0.07274,0.17738,0.38388,0.36601
0.25108,0.06708,0.42813,0.25372
0.02464,0.24823,0.28855,0.43858
0.12218,0.09552,0.36557,0.41673
0.14847,0.17373,0.36275,0.31505
0.04699,0.07111,0.44629,0.43561
0.09479,0.19274,0.32217,0.39030
0.08696,0.13058,0.33371,0.44874
0.09857,0.17860,0.36712,0.35570
0.06437,0.17898,0.35964,0.39701
0.08461,0.18442,0.38292,0.34805
0.10541,0.28578,0.29556,0.31325
0.01809,0.25316,0.34850,0.38025
0.05933,0.23850,0.28234,0.41982
0.03393,0.04732,0.46158,0.45716
0.23364,0.09733,0.20540,0.46363
0.05842,0.28862,0.29553,0.35744
0.07206,0.20973,0.35991,0.35830
0.23912,0.05002,0.28558,0.42528
0.08362,0.43528,0.17219,0.30892
0.10483,0.31562,0.27015,0.30940
0.04623,0.03738,0.45874,0.45765
0.05214,0.27732,0.34644,0.32410
0.17322,0.08810,0.39330,0.34538
0.20700,0.07801,0.35978,0.35522
0.18848,0.16413,0.32234,0.32505
0.21634,0.16630,0.40634,0.21102
0.09084,0.22171,0.33304,0.35442
0.08998,0.24353,0.34380,0.32268
0.17550,0.24320,0.19089,0.39041
0.10081,0.28738,0.32219,0.28961
0.09150,0.21632,0.30706,0.38513
0.12995,0.12695,0.38471,0.35840
0.22987,0.11558,0.42818,0.22637
0.02416,0.36496,0.33834,0.27254
0.19464,0.05811,0.29999,0.44726
0.15764,0.30875,0.23748,0.29613
0.11134,0.32168,0.29860,0.26838
0.13362,0.12084,0.40583,0.33971
0.19710,0.08849,0.22371,0.49070
0.26728,0.04957,0.34801,0.33514
0.07767,0.11271,0.35166,0.45796
0.10999,0.35143,0.27697,0.26161
0.17040,0.08952,0.29914,0.44094
0.04773,0.35057,0.30704,0.29466
0.19188,0.11748,0.30150,0.38914
0.14386,0.05817,0.41321,0.38476
0.08568,0.22727,0.34457,0.34248
0.11705,0.29257,0.27096,0.31943
0.06347,0.42799,0.23881,0.26973
0.14466,0.11654,0.33154,0.40726
0.29051,0.06680,0.21787,0.42482
0.12077,0.08701,0.34739,0.44483
0.10005,0.16047,0.35145,0.38803
0.11085,0.30941,0.22189,0.35785
0.24158,0.09840,0.40344,0.25658
0.16236,0.15193,0.26057,0.42514
0.08872,0.33300,0.26244,0.31584
0.11869,0.19329,0.30053,0.38749
0.07651,0.45501,0.22536,0.24313
0.04831,0.29647,0.29882,0.35641
0.02824,0.14170,0.44530,0.38476
0.08988,0.12679,0.34268,0.44065
