0.16497,0.00014,0.04430,0.24117,0.00975,0.00037,0.00000,0.03021,0.00400,0.05971,0.00791,0.43746
0.00000,0.00000,0.00000,0.00601,0.00250,0.36149,0.15094,0.00000,0.00000,0.32973,0.14610,0.00324
0.00790,0.00000,0.00001,0.23346,0.05662,0.20584,0.00000,0.00019,0.00006,0.28667,0.20835,0.00089
0.01273,0.00080,0.00000,0.28468,0.26005,0.35100,0.00000,0.00000,0.00007,0.02393,0.02881,0.03794
0.00000,0.50498,0.00000,0.00113,0.04123,0.00718,0.00000,0.00000,0.05589,0.08800,0.30125,0.00034
0.00361,0.00000,0.00000,0.15106,0.00005,0.37361,0.00001,0.00000,0.07641,0.23291,0.16233,0.00000
0.00035,0.00000,0.00020,0.00025,0.19169,0.08034,0.00000,0.00005,0.00028,0.49222,0.02625,0.20837
0.00000,0.00000,0.00000,0.00000,0.38846,0.00744,0.00016,0.00000,0.00000,0.05855,0.17466,0.37073
0.13861,0.00000,0.00000,0.00833,0.09708,0.50749,0.00000,0.00000,0.00094,0.22105,0.02615,0.00034
0.00800,0.00000,0.00920,0.09206,0.11790,0.05080,0.00000,0.00000,0.00000,0.58296,0.13273,0.00634
0.00000,0.00000,0.00000,0.00045,0.04884,0.02501,0.00000,0.00000,0.00000,0.77304,0.15258,0.00007
0.01707,0.00000,0.00000,0.00000,0.33040,0.46073,0.00000,0.00328,0.00000,0.16026,0.01496,0.01331
0.02288,0.00000,0.00002,0.00003,0.14577,0.22061,0.00000,0.00000,0.00095,0.07946,0.42157,0.10872
0.51363,0.00000,0.00000,0.00016,0.08403,0.00761,0.00000,0.00000,0.04792,0.07119,0.14782,0.12764
0.04075,0.00000,0.00000,0.00151,0.07911,0.10960,0.00112,0.00000,0.00002,0.73039,0.03748,0.00001
0.46246,0.02123,0.00001,0.00032,0.32681,0.02374,0.00004,0.00000,0.00428,0.15925,0.00003,0.00182
0.18465,0.00343,0.00073,0.00278,0.22876,0.27387,0.08099,0.03151,0.00044,0.01069,0.04634,0.13581
0.00011,0.00000,0.00000,0.01044,0.00041,0.50928,0.00000,0.00000,0.00000,0.24522,0.00313,0.23142
0.06506,0.00000,0.00000,0.00040,0.02922,0.01483,0.00000,0.00000,0.00119,0.05023,0.34270,0.49637
0.00003,0.00000,0.00013,0.08239,0.01638,0.46788,0.00515,0.00000,0.00000,0.13788,0.21685,0.07333
0.13733,0.01097,0.00000,0.00007,0.31425,0.01955,0.22694,0.00390,0.00000,0.13332,0.15317,0.00050
0.00000,0.00000,0.00000,0.00700,0.05512,0.00439,0.04555,0.00706,0.00134,0.00210,0.68137,0.19606
0.00268,0.00000,0.00000,0.00008,0.02006,0.53515,0.00000,0.00000,0.02612,0.40010,0.01574,0.00007
0.01011,0.00000,0.00000,0.01525,0.02574,0.00006,0.00020,0.03786,0.00000,0.00196,0.88928,0.01954
0.00001,0.00013,0.00000,0.00000,0.00161,0.17362,0.00056,0.03026,0.00000,0.31093,0.48268,0.00020
0.00005,0.00069,0.00000,0.00000,0.01234,0.00022,0.00092,0.07862,0.00037,0.07012,0.03807,0.79859
0.00019,0.00000,0.00000,0.00000,0.53026,0.22501,0.00097,0.00000,0.00000,0.15944,0.00531,0.07882
0.02506,0.00000,0.00000,0.25330,0.08162,0.51604,0.00000,0.00000,0.00005,0.01317,0.09189,0.01887
0.00000,0.00000,0.00000,0.00019,0.03648,0.08846,0.00000,0.00000,0.00000,0.61069,0.26122,0.00296
0.00022,0.00000,0.00000,0.00000,0.02921,0.02653,0.00082,0.00007,0.00000,0.21392,0.60258,0.12665
0.06991,0.00000,0.00000,0.00053,0.14682,0.55036,0.00000,0.00000,0.00000,0.21145,0.00783,0.01310
0.00000,0.00000,0.00000,0.04268,0.08878,0.10599,0.00000,0.10731,0.09717,0.41204,0.10659,0.03944
0.00000,0.00000,0.00000,0.16413,0.17604,0.54375,0.00000,0.00000,0.00025,0.09397,0.02176,0.00009
0.00190,0.00141,0.00000,0.00514,0.07750,0.03404,0.00000,0.00000,0.01814,0.85196,0.00412,0.00577
0.01165,0.00000,0.00084,0.01636,0.05797,0.19411,0.00419,0.00000,0.00000,0.35840,0.03038,0.32610
0.00001,0.00000,0.00000,0.00009,0.03792,0.00742,0.00000,0.00002,0.01450,0.86426,0.00051,0.07526
0.32989,0.00000,0.00000,0.00039,0.00366,0.05251,0.00000,0.00935,0.00000,0.17019,0.03041,0.40360
0.06344,0.00000,0.00000,0.02055,0.03025,0.13416,0.01858,0.00003,0.00000,0.11526,0.50126,0.11647
0.00016,0.05435,0.40847,0.00000,0.23007,0.23793,0.00000,0.00000,0.00000,0.04918,0.01984,0.00000
0.00002,0.00000,0.00000,0.08136,0.00760,0.80937,0.00002,0.00002,0.00436,0.05030,0.03947,0.00750
0.02977,0.00072,0.00081,0.00000,0.41401,0.00896,0.00022,0.00000,0.10848,0.05617,0.30107,0.07979
0.02751,0.00368,0.00000,0.00000,0.45031,0.26787,0.06158,0.00000,0.00040,0.13532,0.02646,0.02687
0.00000,0.00000,0.00002,0.23905,0.05164,0.03579,0.06443,0.00995,0.00000,0.45169,0.11170,0.03573
0.01289,0.00000,0.00000,0.03038,0.00003,0.07754,0.00730,0.00000,0.00000,0.32763,0.15357,0.39067
0.04756,0.00000,0.00000,0.00632,0.00003,0.35713,0.00000,0.00000,0.00577,0.08795,0.44651,0.04874
0.17010,0.00000,0.00014,0.05494,0.52667,0.03764,0.00000,0.00313,0.00012,0.06231,0.14495,0.00001
0.00270,0.01187,0.00000,0.48487,0.02385,0.06211,0.00190,0.00000,0.04752,0.22751,0.13757,0.00008
0.17258,0.00000,0.00000,0.00001,0.47076,0.01427,0.00000,0.00099,0.00004,0.21755,0.08470,0.03911
0.00040,0.00000,0.00000,0.01352,0.02924,0.22256,0.00952,0.00000,0.02425,0.67468,0.00158,0.02425
0.00028,0.00000,0.00000,0.21222,0.05381,0.30716,0.00000,0.00369,0.13364,0.25505,0.00573,0.02842
0.02008,0.00000,0.00000,0.00101,0.02048,0.15908,0.01973,0.00000,0.00000,0.69508,0.08286,0.00168
0.00025,0.00000,0.00014,0.00000,0.41242,0.27618,0.00004,0.09303,0.00026,0.18137,0.01591,0.02040
0.31797,0.00000,0.00152,0.00061,0.02394,0.53630,0.00000,0.00000,0.00000,0.03160,0.08678,0.00128
0.06375,0.00000,0.03330,0.42973,0.23279,0.07007,0.00000,0.00166,0.00019,0.03145,0.07098,0.06607
0.17690,0.00000,0.00000,0.00246,0.03249,0.00114,0.00000,0.00003,0.03866,0.17255,0.02649,0.54927
0.00239,0.00000,0.00019,0.01601,0.01618,0.49229,0.00000,0.00000,0.00000,0.19303,0.11429,0.16561
0.00041,0.18664,0.00000,0.00001,0.00160,0.74648,0.00000,0.00075,0.00354,0.02227,0.03392,0.00440
0.02608,0.00097,0.00000,0.00002,0.46404,0.00000,0.00001,0.00779,0.01976,0.24790,0.21855,0.01488
0.13663,0.00000,0.00000,0.00312,0.11838,0.00685,0.00000,0.00513,0.00006,0.26282,0.46701,0.00000
0.05181,0.00000,0.00000,0.00007,0.33253,0.18910,0.01431,0.00434,0.00000,0.19771,0.03350,0.17663
0.00519,0.00000,0.00000,0.00447,0.05327,0.42428,0.00000,0.03240,0.00010,0.42739,0.03489,0.01801
0.00117,0.00000,0.01107,0.67792,0.05906,0.01593,0.00001,0.00036,0.00000,0.18081,0.05349,0.00017
0.06501,0.00000,0.00000,0.17548,0.03279,0.08154,0.00019,0.00000,0.35512,0.09524,0.18943,0.00520
0.30612,0.02374,0.00000,0.00044,0.18242,0.14060,0.00010,0.00003,0.00062,0.23588,0.10980,0.00025
0.00000,0.00000,0.00000,0.12464,0.00028,0.75741,0.00003,0.00048,0.00000,0.04611,0.06742,0.00362
0.00063,0.00000,0.00008,0.03010,0.02084,0.38680,0.04944,0.00015,0.16628,0.08934,0.25631,0.00001
0.40539,0.00000,0.00000,0.00000,0.00000,0.01126,0.00001,0.00000,0.05077,0.00876,0.41297,0.11085
0.00283,0.00000,0.00000,0.00105,0.00004,0.37981,0.00000,0.00664,0.00358,0.46659,0.09731,0.04216
0.01318,0.00000,0.00001,0.42924,0.10978,0.00128,0.00000,0.02811,0.00000,0.10408,0.02477,0.28955
0.00000,0.00000,0.00000,0.00020,0.01209,0.34961,0.00001,0.00010,0.00002,0.35633,0.13846,0.14317
0.12127,0.00000,0.00000,0.00001,0.07556,0.00046,0.34216,0.00002,0.00000,0.02870,0.43180,0.00001
0.04466,0.00014,0.00000,0.00025,0.41787,0.21355,0.12417,0.00000,0.00043,0.03496,0.02147,0.14251
0.00258,0.00000,0.00001,0.00084,0.00522,0.23064,0.00009,0.00003,0.00000,0.00525,0.17772,0.57762
0.00007,0.00000,0.00000,0.00195,0.42551,0.10163,0.00000,0.00000,0.00000,0.11473,0.13455,0.22155
0.15391,0.00000,0.01282,0.00004,0.38979,0.02598,0.00000,0.00000,0.00002,0.03673,0.06086,0.31985
0.05259,0.00000,0.05400,0.04443,0.09139,0.24404,0.00046,0.00000,0.00000,0.42767,0.00364,0.08177
0.00082,0.00000,0.13947,0.00000,0.29146,0.02211,0.00151,0.00000,0.00000,0.39461,0.14712,0.00289
0.00000,0.00000,0.00075,0.24471,0.03787,0.17461,0.00028,0.00000,0.35605,0.11544,0.04205,0.02823
0.20510,0.00000,0.00000,0.00000,0.42342,0.01841,0.00000,0.00172,0.01794,0.25420,0.07883,0.00038
0.00001,0.00000,0.00000,0.02110,0.26412,0.31891,0.00057,0.00044,0.01420,0.33527,0.04463,0.00075
0.01584,0.00000,0.00104,0.00000,0.07014,0.08686,0.00000,0.00000,0.00000,0.31505,0.42057,0.09051
0.00044,0.00007,0.00006,0.05048,0.22986,0.13378,0.00000,0.00000,0.14949,0.34847,0.08234,0.00501
0.07506,0.00235,0.00000,0.00001,0.01503,0.02259,0.00282,0.00000,0.00540,0.62235,0.23498,0.01941
0.00000,0.00000,0.00000,0.35011,0.24256,0.27306,0.00569,0.00000,0.01017,0.03955,0.07862,0.00025
0.01985,0.00000,0.00000,0.00000,0.00529,0.41820,0.00271,0.00003,0.00000,0.32896,0.17743,0.04753
0.00009,0.00000,0.02530,0.00238,0.57679,0.04388,0.00000,0.00000,0.00008,0.00768,0.23086,0.11294
0.00000,0.00000,0.00000,0.00383,0.03242,0.00526,0.00146,0.00857,0.00000,0.29253,0.46300,0.19293
0.01894,0.00710,0.00000,0.00025,0.05689,0.00222,0.00000,0.00000,0.51302,0.10279,0.13511,0.16366
0.24310,0.03695,0.01126,0.08680,0.00866,0.00096,0.00000,0.00010,0.00000,0.22376,0.37706,0.01136
0.00175,0.00000,0.00911,0.22968,0.24462,0.08226,0.00427,0.00003,0.00000,0.36908,0.05708,0.00212
0.02087,0.00000,0.00000,0.46038,0.08668,0.07489,0.00000,0.00007,0.00050,0.10951,0.23565,0.01144
0.01324,0.00000,0.00000,0.00001,0.28668,0.00848,0.45111,0.03250,0.00588,0.17382,0.02594,0.00234
0.00000,0.00034,0.00000,0.00030,0.01467,0.45775,0.01990,0.00002,0.00014,0.22941,0.27574,0.00173
0.36886,0.00000,0.00000,0.00000,0.00178,0.00932,0.01808,0.01368,0.00062,0.06168,0.45581,0.07015
0.00021,0.00000,0.00002,0.00000,0.02076,0.00359,0.00000,0.00001,0.00087,0.51102,0.46304,0.00047
0.00497,0.00000,0.00004,0.00536,0.28698,0.50935,0.04279,0.00000,0.00000,0.14725,0.00326,0.00000
0.27272,0.00000,0.00000,0.00009,0.11478,0.00817,0.00000,0.00765,0.00164,0.08007,0.51001,0.00487
0.05194,0.00000,0.11722,0.00011,0.01326,0.07124,0.00000,0.00019,0.10256,0.60409,0.02496,0.01444
0.00223,0.00000,0.23951,0.00491,0.34980,0.05407,0.00054,0.12221,0.00000,0.18701,0.03626,0.00346
0.00642,0.00036,0.02202,0.00107,0.00803,0.03195,0.00049,0.00000,0.00087,0.30040,0.52019,0.10821
0.00018,0.00000,0.00000,0.07154,0.25102,0.55429,0.00006,0.06211,0.00001,0.02457,0.00243,0.03379
0.00000,0.00000,0.00000,0.04722,0.23250,0.03991,0.19200,0.20841,0.14661,0.02122,0.11213,0.00001
0.04681,0.00000,0.00000,0.29426,0.02933,0.16298,0.00089,0.00000,0.00000,0.14978,0.09776,0.21819
0.00006,0.00000,0.00003,0.01023,0.03196,0.05647,0.00120,0.00000,0.61243,0.22340,0.06093,0.00330
0.10078,0.00000,0.00068,0.00000,0.14157,0.21541,0.00000,0.00528,0.00132,0.03766,0.39220,0.10510
0.43461,0.00000,0.01480,0.00150,0.04923,0.10253,0.00065,0.00310,0.10867,0.06638,0.02477,0.19376
0.00000,0.00000,0.00000,0.00000,0.14910,0.05513,0.02161,0.69392,0.00000,0.01192,0.00140,0.06692
0.00000,0.00001,0.00000,0.00064,0.02598,0.22918,0.00000,0.00000,0.20825,0.02171,0.10898,0.40525
0.00012,0.00009,0.00000,0.00000,0.03054,0.00715,0.00045,0.00000,0.00000,0.09409,0.11668,0.75088
0.02170,0.00000,0.52423,0.00017,0.07457,0.02316,0.00003,0.05317,0.11136,0.18850,0.00000,0.00311
0.00000,0.00000,0.00000,0.04409,0.04175,0.05234,0.00000,0.00000,0.00001,0.81251,0.00018,0.04911
0.07054,0.00000,0.00249,0.15835,0.21108,0.09346,0.00018,0.06686,0.00001,0.29363,0.01741,0.08599
0.00017,0.00000,0.00000,0.00000,0.02511,0.00003,0.00344,0.00000,0.00000,0.88862,0.08152,0.00110
0.00060,0.00006,0.00000,0.05569,0.19571,0.07070,0.00000,0.00018,0.00000,0.48263,0.19441,0.00002
0.01575,0.01418,0.00197,0.00000,0.03696,0.02536,0.13044,0.00000,0.03619,0.01609,0.28821,0.43485
0.00000,0.00000,0.00008,0.00000,0.01250,0.17541,0.00000,0.00070,0.21527,0.27458,0.29801,0.02344
0.20787,0.00000,0.00732,0.00000,0.00166,0.08868,0.22458,0.18457,0.00000,0.02921,0.00050,0.25560
0.08087,0.00000,0.00270,0.00654,0.02219,0.16654,0.00003,0.00000,0.00366,0.04554,0.64947,0.02247
0.06256,0.00000,0.00000,0.00000,0.01999,0.00018,0.00066,0.32729,0.00006,0.41047,0.14016,0.03862
0.00004,0.00000,0.00000,0.00000,0.23095,0.17431,0.00025,0.00003,0.00020,0.36042,0.23254,0.00125
0.18469,0.00000,0.03562,0.00000,0.13886,0.17089,0.01181,0.00000,0.31089,0.12049,0.01392,0.01284
0.00000,0.00000,0.00000,0.22192,0.25413,0.09969,0.00000,0.00314,0.00001,0.19140,0.22910,0.00061
0.02566,0.00000,0.08820,0.00000,0.01882,0.04530,0.00052,0.00000,0.00036,0.04617,0.73966,0.03531
0.00000,0.00000,0.00000,0.00685,0.09636,0.50497,0.00145,0.00282,0.00168,0.28343,0.06874,0.03371
0.00058,0.00000,0.00346,0.00014,0.00029,0.13452,0.00438,0.06736,0.09946,0.24566,0.42903,0.01511
0.02832,0.00000,0.00000,0.00008,0.21933,0.00636,0.02395,0.00000,0.00107,0.71002,0.00606,0.00480
0.00000,0.00000,0.00040,0.01682,0.23453,0.00017,0.03691,0.00004,0.00000,0.00001,0.49733,0.21380
0.25677,0.00000,0.02633,0.00005,0.09046,0.10843,0.00000,0.00081,0.00000,0.09077,0.38955,0.03682
0.01175,0.00000,0.00000,0.00001,0.15901,0.66153,0.00015,0.00006,0.00113,0.06019,0.02740,0.07876
0.20535,0.00000,0.00000,0.00000,0.00006,0.12218,0.11011,0.00172,0.01038,0.08151,0.02462,0.44407
0.15829,0.00000,0.00000,0.06642,0.33333,0.00096,0.00003,0.00027,0.00055,0.39770,0.04246,0.00001
0.00616,0.00000,0.10164,0.00000,0.32467,0.03596,0.04069,0.00000,0.00036,0.16031,0.16009,0.17013
0.08870,0.00000,0.00001,0.33465,0.19948,0.01346,0.00001,0.00085,0.03967,0.29074,0.03195,0.00048
0.00000,0.00000,0.00000,0.00160,0.49576,0.33212,0.00787,0.00165,0.00016,0.05995,0.09947,0.00142
0.03530,0.00000,0.01070,0.01166,0.00008,0.34013,0.15189,0.17197,0.08930,0.07816,0.03656,0.07425
0.23414,0.00000,0.00000,0.03085,0.16341,0.11035,0.00001,0.08347,0.00015,0.33152,0.00000,0.04608
0.06152,0.00000,0.00000,0.00003,0.00684,0.52953,0.22526,0.00000,0.00488,0.07016,0.10163,0.00015
0.00000,0.00000,0.00000,0.00000,0.44678,0.38056,0.00000,0.00029,0.00000,0.16170,0.00025,0.01042
0.10356,0.00002,0.00000,0.00119,0.13515,0.24680,0.01330,0.04257,0.00116,0.38300,0.07191,0.00134
0.44603,0.00000,0.00000,0.00000,0.00310,0.06872,0.02024,0.00000,0.00000,0.13356,0.31641,0.01193
0.05831,0.00000,0.00081,0.16205,0.09735,0.03212,0.00490,0.01243,0.00000,0.00256,0.30238,0.32709
0.00888,0.00000,0.00000,0.00001,0.13763,0.10324,0.05786,0.00000,0.00000,0.66883,0.02355,0.00000
0.00000,0.00000,0.00000,0.02555,0.60503,0.14345,0.00000,0.00127,0.00134,0.05114,0.12846,0.04375
0.08001,0.00000,0.00000,0.00030,0.05637,0.49629,0.16506,0.00000,0.00000,0.00246,0.19949,0.00002
0.00829,0.00010,0.00630,0.00515,0.10785,0.00198,0.08955,0.04905,0.04182,0.48989,0.13219,0.06782
0.00010,0.00365,0.00002,0.02771,0.11486,0.18328,0.04873,0.01787,0.00000,0.53020,0.07122,0.00235
0.00139,0.00000,0.00001,0.00001,0.25267,0.45742,0.00016,0.00001,0.00175,0.00371,0.07350,0.20938
0.08409,0.00000,0.00366,0.19892,0.58886,0.09236,0.00000,0.00000,0.00000,0.02260,0.00782,0.00170
0.00044,0.00000,0.00000,0.01436,0.15460,0.19237,0.00000,0.00022,0.00000,0.20855,0.38922,0.04024
0.01450,0.00000,0.00000,0.00000,0.04085,0.00057,0.00005,0.00164,0.02231,0.91993,0.00003,0.00012
0.00000,0.00000,0.00000,0.52436,0.05630,0.17492,0.18164,0.00029,0.01013,0.02465,0.02772,0.00001
0.00009,0.00000,0.02243,0.00417,0.53013,0.02188,0.00004,0.00005,0.00028,0.28651,0.09948,0.03493
0.01192,0.00000,0.00542,0.00038,0.29243,0.00066,0.00012,0.00076,0.09472,0.39940,0.08560,0.10858
0.00000,0.00000,0.00000,0.00007,0.08143,0.33119,0.03500,0.00000,0.00095,0.08035,0.32283,0.14817
0.24303,0.01014,0.00000,0.00011,0.02071,0.53909,0.00000,0.00002,0.00001,0.13851,0.00631,0.04208
0.02188,0.00874,0.00000,0.00000,0.00464,0.59682,0.00020,0.00000,0.00880,0.00800,0.29442,0.05649
0.05327,0.00000,0.05194,0.03601,0.15509,0.45042,0.00000,0.00000,0.09344,0.00924,0.14998,0.00061
0.00000,0.00270,0.00000,0.01850,0.32919,0.07336,0.00002,0.00000,0.03544,0.23478,0.29758,0.00842
0.00030,0.00003,0.01834,0.00018,0.37536,0.01426,0.00000,0.00000,0.00000,0.14765,0.44390,0.00000
0.00005,0.00000,0.00000,0.00000,0.18255,0.45017,0.12619,0.00202,0.00000,0.15226,0.08206,0.00470
0.11454,0.00000,0.00195,0.00023,0.18693,0.53815,0.00002,0.00000,0.00000,0.02070,0.00979,0.12769
0.00031,0.00000,0.00000,0.00017,0.28359,0.01812,0.05820,0.00015,0.04059,0.11856,0.09878,0.38154
0.15308,0.00000,0.00006,0.00000,0.01710,0.13361,0.00158,0.00000,0.00000,0.33415,0.35140,0.00902
0.00000,0.00000,0.00000,0.17068,0.10754,0.33827,0.00013,0.00092,0.00000,0.14967,0.12994,0.10284
0.00992,0.00000,0.01020,0.00027,0.28680,0.05006,0.00001,0.00000,0.14713,0.08123,0.30591,0.10847
0.00006,0.00000,0.53049,0.00000,0.06259,0.04476,0.00037,0.00453,0.01220,0.02372,0.19875,0.12253
0.00053,0.00000,0.01372,0.12279,0.38987,0.04104,0.00039,0.09013,0.04568,0.02278,0.27306,0.00001
0.00080,0.00000,0.00000,0.05300,0.48641,0.08872,0.00001,0.00010,0.00023,0.10584,0.23897,0.02592
0.00296,0.00000,0.00000,0.00000,0.85940,0.06119,0.00071,0.00000,0.00000,0.03939,0.03634,0.00000
0.00004,0.00036,0.00001,0.00152,0.06341,0.10661,0.00145,0.00000,0.00002,0.73213,0.09435,0.00010
0.03801,0.00000,0.00000,0.00000,0.55149,0.01929,0.00238,0.01698,0.00000,0.20228,0.01896,0.15061
0.00336,0.00000,0.00000,0.26542,0.29709,0.28526,0.00001,0.04708,0.00297,0.05611,0.04165,0.00106
0.00000,0.00000,0.00000,0.00059,0.02721,0.41350,0.00000,0.00000,0.00182,0.30998,0.11095,0.13594
0.00980,0.16647,0.00083,0.15049,0.11487,0.08123,0.00331,0.00028,0.00000,0.11674,0.05167,0.30430
0.40837,0.00849,0.00000,0.00016,0.16714,0.02301,0.00000,0.00000,0.00157,0.15247,0.00170,0.23710
0.11625,0.00000,0.00000,0.00001,0.26587,0.51977,0.00000,0.00014,0.00358,0.03470,0.00112,0.05856
0.00039,0.00000,0.00017,0.62776,0.01341,0.09671,0.00000,0.19199,0.00605,0.04322,0.02026,0.00003
0.07275,0.00000,0.00188,0.14709,0.31650,0.00000,0.03624,0.02252,0.02032,0.25772,0.10379,0.02120
0.02944,0.00000,0.00000,0.00024,0.07589,0.00177,0.00005,0.00013,0.00850,0.52057,0.36340,0.00000
0.02120,0.00000,0.00000,0.00000,0.03607,0.21656,0.00006,0.00015,0.30745,0.12983,0.03141,0.25726
0.14311,0.00000,0.00004,0.01746,0.06582,0.02484,0.00085,0.00000,0.00759,0.02019,0.02507,0.69504
0.04387,0.00086,0.00000,0.67789,0.21891,0.00122,0.00000,0.00000,0.00006,0.03050,0.02371,0.00298
0.19796,0.00000,0.00000,0.01337,0.26078,0.15101,0.00006,0.00030,0.31875,0.01388,0.04029,0.00360
0.00000,0.03296,0.00004,0.00000,0.35509,0.00229,0.00000,0.00009,0.00000,0.00237,0.60669,0.00046
0.01414,0.00000,0.23680,0.06136,0.00294,0.02032,0.01654,0.01571,0.04889,0.49864,0.02819,0.05646
0.00193,0.00000,0.00000,0.04623,0.46879,0.06996,0.00000,0.00000,0.14804,0.19457,0.04531,0.02517
0.00984,0.00000,0.03227,0.00000,0.06156,0.00873,0.00000,0.00001,0.00000,0.54346,0.34408,0.00005
0.00089,0.00000,0.00000,0.00118,0.11486,0.00596,0.11802,0.21865,0.07139,0.10030,0.00141,0.36734
0.19884,0.00000,0.00754,0.00009,0.56371,0.00197,0.00085,0.02566,0.00000,0.03789,0.03555,0.12790
0.17004,0.00000,0.00003,0.00095,0.01331,0.10272,0.00000,0.16827,0.00000,0.27108,0.00304,0.27056
0.00177,0.00045,0.00000,0.00008,0.80878,0.08116,0.00000,0.00000,0.00404,0.05553,0.04813,0.00007
0.07144,0.00000,0.00074,0.00619,0.72664,0.07240,0.05098,0.00000,0.00034,0.02381,0.03871,0.00876
0.06999,0.00000,0.00000,0.03284,0.03733,0.07023,0.00000,0.00176,0.55342,0.17480,0.02864,0.03100
0.00004,0.00000,0.00000,0.00000,0.11035,0.20378,0.02216,0.00003,0.00000,0.57372,0.06919,0.02073
0.00281,0.00000,0.00000,0.21443,0.15770,0.24195,0.00106,0.00000,0.00472,0.33809,0.03818,0.00107
0.00025,0.00000,0.00000,0.00050,0.06524,0.06314,0.00002,0.00000,0.00002,0.85232,0.00092,0.01760
0.00426,0.00000,0.00003,0.00000,0.00165,0.03379,0.00000,0.00000,0.00000,0.00449,0.95577,0.00000
0.24536,0.00000,0.00075,0.00002,0.00086,0.30163,0.00095,0.00000,0.00000,0.13245,0.25629,0.06170
0.00000,0.00000,0.00000,0.00000,0.31874,0.60927,0.00000,0.00000,0.00001,0.02972,0.03972,0.00254
0.37799,0.00000,0.00000,0.00160,0.01862,0.08126,0.11024,0.00029,0.14229,0.21018,0.05751,0.00002
0.00120,0.00005,0.02005,0.00000,0.06066,0.23949,0.05838,0.00000,0.00070,0.54377,0.07559,0.00012
0.00019,0.00000,0.00000,0.04137,0.01455,0.19141,0.00227,0.15922,0.00180,0.13635,0.45246,0.00038
0.30900,0.00000,0.01393,0.00000,0.24063,0.00178,0.16662,0.01659,0.00052,0.21953,0.02512,0.00627
0.09137,0.00000,0.00000,0.10776,0.08207,0.58113,0.07228,0.00000,0.00875,0.03169,0.00013,0.02480
0.00485,0.00000,0.22106,0.00000,0.18000,0.01373,0.23219,0.00066,0.02656,0.30333,0.00048,0.01715
0.19425,0.00000,0.00000,0.00005,0.04976,0.52089,0.00000,0.00486,0.00000,0.10760,0.00069,0.12191
0.00000,0.00000,0.00000,0.00855,0.04515,0.04221,0.39769,0.00000,0.07173,0.28006,0.04866,0.10595
0.02455,0.00000,0.00240,0.01712,0.03425,0.18187,0.27726,0.16254,0.00000,0.09214,0.00002,0.20784
0.00650,0.00000,0.00002,0.00383,0.16894,0.43687,0.07234,0.00000,0.00000,0.07021,0.00105,0.24025
0.15410,0.00000,0.00000,0.00003,0.09481,0.06924,0.02928,0.00101,0.02050,0.39562,0.20797,0.02743
0.00612,0.00000,0.00000,0.00012,0.01037,0.02253,0.03278,0.00000,0.00004,0.79953,0.00507,0.12345
0.10199,0.00000,0.00000,0.12501,0.09912,0.15240,0.00006,0.00000,0.00557,0.47428,0.00610,0.03548
0.09619,0.00000,0.00000,0.04098,0.18963,0.07752,0.00000,0.00000,0.00000,0.57457,0.01739,0.00372
0.00028,0.00000,0.00000,0.00162,0.00411,0.03542,0.00000,0.00007,0.00524,0.87908,0.04789,0.02629
0.00000,0.10230,0.22626,0.01474,0.00777,0.18934,0.00633,0.00000,0.36714,0.07061,0.01550,0.00000
0.00000,0.00000,0.09484,0.08881,0.06472,0.02136,0.17446,0.00009,0.00000,0.29665,0.23717,0.02189
0.00007,0.00002,0.00000,0.00000,0.00510,0.28102,0.00000,0.00000,0.00008,0.26142,0.45173,0.00057
0.07063,0.00000,0.12083,0.00000,0.08064,0.39668,0.00000,0.03145,0.00709,0.04487,0.00014,0.24769
0.09348,0.00000,0.01834,0.00000,0.01267,0.41581,0.00000,0.00000,0.00739,0.09981,0.08630,0.26620
0.04062,0.00000,0.00002,0.00484,0.74272,0.10402,0.00000,0.00002,0.07475,0.02837,0.00302,0.00162
0.00124,0.00000,0.00021,0.33547,0.00316,0.33995,0.00001,0.00000,0.00294,0.10572,0.00047,0.21082
0.10404,0.00000,0.00000,0.00000,0.11931,0.00789,0.00002,0.00000,0.01562,0.64726,0.10580,0.00007
0.02747,0.00000,0.00000,0.00019,0.06586,0.00997,0.00623,0.57386,0.00050,0.23935,0.07657,0.00000
0.01588,0.00000,0.00118,0.00000,0.05932,0.01131,0.28926,0.00016,0.00000,0.18080,0.02259,0.41949
0.01656,0.00000,0.03840,0.00228,0.07753,0.07219,0.04834,0.02314,0.00001,0.60837,0.03042,0.08277
0.02965,0.00005,0.00024,0.00056,0.00946,0.28181,0.00142,0.02739,0.00000,0.01333,0.42886,0.20722
0.00213,0.00003,0.00000,0.00000,0.16157,0.08502,0.00000,0.00000,0.00000,0.14541,0.24527,0.36056
0.00128,0.00000,0.00000,0.07044,0.31344,0.02835,0.17933,0.00412,0.00102,0.23647,0.05219,0.11337
0.01952,0.00000,0.00000,0.00098,0.00052,0.04720,0.00000,0.00000,0.17460,0.51268,0.24424,0.00026
0.00342,0.00000,0.00002,0.00000,0.03070,0.22176,0.05626,0.00000,0.00000,0.66383,0.02012,0.00386
0.00001,0.00000,0.00000,0.09385,0.00157,0.45979,0.21438,0.09919,0.00335,0.00442,0.05269,0.07075
0.00027,0.00000,0.00000,0.00000,0.16954,0.25889,0.00000,0.00006,0.00000,0.14786,0.01255,0.41082
0.00276,0.00000,0.00001,0.00839,0.28951,0.66487,0.00001,0.00003,0.00003,0.02468,0.00754,0.00216
0.37765,0.00000,0.00000,0.00000,0.00958,0.15825,0.00001,0.00003,0.00003,0.19888,0.25497,0.00059
0.04972,0.00000,0.00539,0.13423,0.01682,0.34052,0.00000,0.00000,0.00039,0.01801,0.43034,0.00458
0.03458,0.00000,0.00059,0.00009,0.08313,0.14057,0.00048,0.00016,0.00093,0.22907,0.05932,0.45108
0.00932,0.00000,0.00002,0.00317,0.26501,0.00000,0.00129,0.01987,0.00000,0.09485,0.59932,0.00715
0.00855,0.00000,0.00005,0.04635,0.02154,0.69174,0.19087,0.00306,0.00014,0.00157,0.03350,0.00263
0.00395,0.00000,0.00000,0.00003,0.57311,0.13697,0.00110,0.00880,0.00001,0.08377,0.02982,0.16242
0.01847,0.00000,0.00000,0.16851,0.05828,0.03341,0.00057,0.00000,0.68091,0.00143,0.03843,0.00001
0.01268,0.00000,0.00082,0.00000,0.03396,0.29084,0.00134,0.00000,0.01323,0.04790,0.15986,0.43936
0.00000,0.00001,0.00000,0.00000,0.67332,0.05204,0.00000,0.00306,0.00000,0.06418,0.05467,0.15272
0.00064,0.00000,0.00000,0.00000,0.06100,0.05907,0.00061,0.00135,0.00000,0.13017,0.74615,0.00102
0.07820,0.00000,0.00000,0.00078,0.07620,0.56963,0.00019,0.00000,0.00000,0.01956,0.13621,0.11921
0.00058,0.00000,0.00000,0.05270,0.30216,0.11909,0.06631,0.00000,0.00000,0.26210,0.19597,0.00109
0.00000,0.00000,0.00000,0.00000,0.25860,0.63649,0.00175,0.00003,0.00000,0.07612,0.00884,0.01818
0.02225,0.00002,0.00028,0.25821,0.03647,0.10130,0.13423,0.00098,0.00250,0.36638,0.00816,0.06922
0.08234,0.00000,0.00029,0.00002,0.02757,0.36276,0.00021,0.00002,0.00271,0.15288,0.29992,0.07130
0.16015,0.00023,0.00000,0.00000,0.45060,0.00727,0.00108,0.00000,0.00000,0.02951,0.34302,0.00814
0.00000,0.00000,0.00000,0.00015,0.01799,0.38514,0.00000,0.00000,0.00004,0.38071,0.21596,0.00001
0.01955,0.00000,0.00000,0.00000,0.18317,0.01157,0.00000,0.00000,0.19661,0.04714,0.51424,0.02771
0.03839,0.00000,0.00000,0.00193,0.53806,0.02228,0.02424,0.00000,0.00000,0.21393,0.07978,0.08140
0.07500,0.00000,0.00061,0.00105,0.01363,0.70644,0.04112,0.00000,0.00000,0.08876,0.06712,0.00627
0.00175,0.00000,0.00000,0.02962,0.54605,0.09562,0.00000,0.01001,0.17575,0.00958,0.04698,0.08464
0.02964,0.00000,0.00000,0.03747,0.27969,0.00525,0.01016,0.00000,0.00036,0.56261,0.01460,0.06020
0.00003,0.00220,0.00000,0.02175,0.00140,0.03523,0.00000,0.00016,0.00202,0.53928,0.35360,0.04435
0.06474,0.00004,0.00000,0.00743,0.29530,0.07925,0.37598,0.00000,0.00000,0.16973,0.00531,0.00222
0.15316,0.00000,0.00000,0.01351,0.05352,0.00168,0.00000,0.00000,0.00009,0.35354,0.36626,0.05823
0.00000,0.00000,0.00142,0.07022,0.35278,0.00087,0.00000,0.00000,0.00126,0.43170,0.07050,0.07126
0.22112,0.00000,0.05345,0.07645,0.12195,0.03984,0.00912,0.00002,0.00018,0.00621,0.00204,0.46962
0.00668,0.00000,0.00000,0.02580,0.01944,0.09253,0.00320,0.00003,0.00000,0.21436,0.03792,0.60003
0.00397,0.00067,0.00000,0.14093,0.04576,0.22406,0.00000,0.00000,0.00000,0.54100,0.04352,0.00009
0.02130,0.00000,0.00036,0.25840,0.18457,0.45049,0.00286,0.00000,0.00000,0.00604,0.07598,0.00000
0.00002,0.00000,0.00133,0.00000,0.05785,0.01475,0.00000,0.00000,0.23137,0.38119,0.00000,0.31349
0.00109,0.00000,0.00000,0.00000,0.04760,0.06400,0.00877,0.00000,0.00002,0.79622,0.08229,0.00000
0.00291,0.00000,0.41512,0.00002,0.13357,0.05433,0.00000,0.21727,0.00019,0.00213,0.17415,0.00034
0.01450,0.00010,0.00000,0.00238,0.17202,0.04930,0.00272,0.00002,0.00002,0.03066,0.72827,0.00002
0.00003,0.15476,0.00071,0.00001,0.30851,0.07319,0.00000,0.00313,0.00000,0.09933,0.36024,0.00009
0.00001,0.00000,0.00000,0.27650,0.09566,0.00057,0.00022,0.00000,0.00000,0.19463,0.32372,0.10867
0.07770,0.00000,0.00000,0.00002,0.13693,0.33323,0.00062,0.00000,0.00033,0.26037,0.00000,0.19080
0.01318,0.00000,0.04454,0.00000,0.01124,0.08014,0.00000,0.45541,0.00088,0.39318,0.00001,0.00142
0.19983,0.00013,0.00000,0.00001,0.44129,0.00059,0.00000,0.00007,0.30608,0.00543,0.03739,0.00919
0.06263,0.03570,0.04529,0.18420,0.00281,0.00768,0.00619,0.00018,0.07863,0.20866,0.36237,0.00567
0.17743,0.00000,0.00000,0.00004,0.11388,0.18182,0.00000,0.00000,0.00963,0.01433,0.01128,0.49159
0.13095,0.00000,0.00009,0.00243,0.24138,0.29958,0.04670,0.00000,0.00000,0.13209,0.12219,0.02459
0.00000,0.00000,0.00000,0.32422,0.03699,0.00105,0.00000,0.11390,0.00000,0.23612,0.28032,0.00739
0.00236,0.00489,0.00000,0.00208,0.44757,0.48390,0.00017,0.01484,0.00162,0.03764,0.00431,0.00063
0.00000,0.00000,0.00027,0.05738,0.00002,0.06192,0.01627,0.35363,0.04252,0.05293,0.40831,0.00675
0.00214,0.00000,0.00668,0.03910,0.30273,0.10016,0.19089,0.00001,0.26861,0.01557,0.07410,0.00001
0.00460,0.00055,0.00000,0.01072,0.09986,0.07416,0.00000,0.00000,0.00295,0.65669,0.00049,0.14999
0.08604,0.00000,0.00299,0.00999,0.04142,0.17376,0.00018,0.00000,0.15929,0.12323,0.27239,0.13070
0.00055,0.00029,0.00000,0.00000,0.25503,0.02297,0.00000,0.00000,0.00141,0.13628,0.14647,0.43700
0.00000,0.00000,0.00000,0.26226,0.22050,0.08360,0.03638,0.00263,0.00000,0.37419,0.01317,0.00726
0.00697,0.00003,0.00000,0.02072,0.72814,0.05000,0.07828,0.00000,0.00153,0.06335,0.00654,0.04444
0.06776,0.00719,0.00000,0.00113,0.08430,0.47018,0.00402,0.00000,0.02679,0.00241,0.25531,0.08091
0.02651,0.08125,0.00000,0.00006,0.00156,0.17098,0.10428,0.03240,0.51295,0.02101,0.04083,0.00816
0.00001,0.00958,0.00000,0.00009,0.07314,0.05941,0.00050,0.00000,0.00000,0.85125,0.00602,0.00000
0.00000,0.00756,0.00032,0.00926,0.24628,0.11894,0.17696,0.08503,0.00000,0.18727,0.10446,0.06392
0.05537,0.00000,0.00000,0.01807,0.51990,0.25485,0.10328,0.00000,0.00737,0.03705,0.00404,0.00007
0.00202,0.00000,0.00000,0.00000,0.34893,0.22751,0.00000,0.00682,0.00004,0.40384,0.00768,0.00318
0.00000,0.00000,0.00000,0.00274,0.09432,0.29533,0.00000,0.00000,0.00002,0.20672,0.39924,0.00163
0.00483,0.00000,0.00000,0.01714,0.00004,0.06177,0.00000,0.00000,0.00000,0.57826,0.33539,0.00258
0.00777,0.00080,0.00000,0.00737,0.23474,0.69238,0.00530,0.00000,0.00000,0.03784,0.00057,0.01324
0.00734,0.06587,0.07668,0.01080,0.00040,0.08709,0.35476,0.01105,0.06560,0.27998,0.00516,0.03527
0.00027,0.01761,0.00000,0.03758,0.19419,0.18787,0.00330,0.00113,0.00000,0.48717,0.02783,0.04305
0.00537,0.00000,0.00000,0.00024,0.04412,0.75864,0.01942,0.02448,0.00010,0.14749,0.00014,0.00000
0.00002,0.00000,0.00001,0.01075,0.06352,0.02328,0.00000,0.00000,0.39741,0.42522,0.07907,0.00072
0.00164,0.00000,0.02697,0.09140,0.49419,0.16657,0.08370,0.00030,0.00000,0.12378,0.00000,0.01145
0.00286,0.00000,0.00000,0.00000,0.26528,0.01403,0.09106,0.00016,0.00000,0.19630,0.12189,0.30842
0.06999,0.00000,0.00023,0.00042,0.00000,0.00273,0.00031,0.30055,0.00000,0.01300,0.20734,0.40545
