0.11137,0.38648,0.06468,0.06457,0.06745,0.04466,0.13334,0.12746
0.17280,0.12734,0.08254,0.07440,0.05021,0.04547,0.22867,0.21857
0.06137,0.11410,0.06901,0.07854,0.04024,0.04111,0.35422,0.24141
0.02859,0.03339,0.02504,0.02527,0.01723,0.01397,0.46609,0.39042
0.04772,0.03842,0.05145,0.05188,0.06699,0.10888,0.20035,0.43429
0.06651,0.29315,0.04710,0.04687,0.04245,0.04171,0.19535,0.26687
0.04573,0.04563,0.04262,0.04518,0.05052,0.05518,0.34643,0.36870
0.07499,0.04949,0.19280,0.14324,0.05449,0.05816,0.24809,0.17874
0.22101,0.14511,0.07519,0.07631,0.04889,0.04877,0.16717,0.21756
0.04356,0.03713,0.06255,0.05714,0.07154,0.08544,0.22979,0.41284
0.09352,0.07270,0.12993,0.14104,0.07737,0.08911,0.23284,0.16349
0.12576,0.31857,0.05005,0.06051,0.04579,0.05925,0.19631,0.14377
0.08724,0.05155,0.05793,0.05953,0.24238,0.29404,0.12517,0.08216
0.05042,0.06042,0.04177,0.06229,0.29648,0.07321,0.30934,0.10608
0.04555,0.06679,0.04055,0.04311,0.03556,0.03580,0.39711,0.33553
0.12833,0.11924,0.05464,0.05409,0.05470,0.04318,0.31564,0.23017
0.05635,0.06232,0.04897,0.05092,0.22578,0.13431,0.26646,0.15491
0.04303,0.05903,0.04829,0.06180,0.19272,0.05826,0.47144,0.06543
0.04730,0.50971,0.03210,0.03514,0.05030,0.05767,0.14333,0.12446
0.08767,0.04710,0.05871,0.06373,0.06612,0.06688,0.32050,0.28930
0.04904,0.03027,0.04061,0.04356,0.04594,0.04083,0.40181,0.34795
0.05438,0.05398,0.06199,0.06512,0.11139,0.13821,0.23186,0.28306
0.16949,0.25985,0.07859,0.07395,0.07713,0.07021,0.14013,0.13065
0.09518,0.05381,0.05081,0.06568,0.22557,0.21124,0.19743,0.10029
0.07700,0.03490,0.37553,0.12607,0.08090,0.05504,0.15233,0.09822
0.03136,0.03003,0.02234,0.02381,0.02548,0.02100,0.45979,0.38620
0.06681,0.05133,0.05924,0.05156,0.31947,0.24900,0.11703,0.08556
0.05764,0.06387,0.06939,0.06844,0.18205,0.21788,0.21516,0.12557
0.04387,0.03631,0.04663,0.04487,0.04192,0.04337,0.34264,0.40039
0.08459,0.07263,0.15693,0.14850,0.09710,0.05609,0.22797,0.15619
0.05612,0.05801,0.27166,0.16809,0.09117,0.08040,0.14087,0.13368
0.06518,0.05661,0.06066,0.05919,0.17293,0.19198,0.20498,0.18847
0.06617,0.04635,0.05871,0.05326,0.24911,0.17936,0.22036,0.12668
0.09362,0.08375,0.06107,0.06104,0.06562,0.04807,0.28553,0.30131
0.03695,0.03489,0.04665,0.05759,0.06360,0.28475,0.14049,0.33508
0.04865,0.07589,0.12509,0.11218,0.09275,0.08788,0.32285,0.13472
0.05350,0.10145,0.09453,0.11217,0.13137,0.05061,0.35710,0.09926
0.07579,0.33301,0.04992,0.05081,0.05018,0.04764,0.20788,0.18477
0.03294,0.03851,0.05321,0.05507,0.06247,0.19596,0.14347,0.41837
0.03541,0.01992,0.03987,0.04407,0.02929,0.02323,0.50473,0.30349
0.04178,0.04562,0.04994,0.05760,0.12082,0.10798,0.36046,0.21580
0.07267,0.03832,0.06481,0.07903,0.20810,0.11142,0.34494,0.08071
0.05876,0.04006,0.05760,0.05715,0.10779,0.13349,0.26968,0.27548
0.06201,0.33935,0.10538,0.09355,0.04764,0.07122,0.14044,0.14041
0.04922,0.04497,0.05055,0.05202,0.05176,0.07091,0.33682,0.34375
0.04177,0.02589,0.02314,0.02365,0.01885,0.01645,0.45483,0.39542
0.08676,0.04675,0.04373,0.05485,0.09338,0.03950,0.56359,0.07145
0.05051,0.06575,0.07240,0.08417,0.05417,0.04498,0.43834,0.18968
0.10570,0.06658,0.11140,0.13848,0.04469,0.04742,0.25016,0.23557
0.02925,0.03049,0.02683,0.02634,0.01976,0.01750,0.41551,0.43432
0.05343,0.04181,0.03975,0.04738,0.05748,0.06268,0.33150,0.36597
0.26788,0.04729,0.04634,0.04662,0.04205,0.03506,0.22555,0.28920
0.04914,0.43367,0.06322,0.06209,0.03815,0.05030,0.13678,0.16665
0.07900,0.04020,0.07840,0.07406,0.08050,0.27448,0.14135,0.23201
0.04909,0.03336,0.04706,0.04607,0.04321,0.04275,0.43855,0.29991
0.05869,0.05242,0.04629,0.05039,0.09656,0.10319,0.30381,0.28863
0.04861,0.03983,0.04404,0.04540,0.08388,0.16810,0.16975,0.40039
0.03437,0.03474,0.03008,0.03392,0.04317,0.03814,0.41919,0.36640
0.06060,0.03785,0.05944,0.06439,0.14382,0.46097,0.07079,0.10213
0.25221,0.30678,0.05414,0.06021,0.07793,0.06356,0.11219,0.07299
0.05564,0.03141,0.07480,0.09429,0.04072,0.02588,0.44256,0.23470
0.19679,0.45750,0.03432,0.03761,0.06228,0.05472,0.08591,0.07087
0.05053,0.03766,0.11520,0.08788,0.04109,0.03805,0.43124,0.19835
0.09252,0.04499,0.04085,0.05081,0.10052,0.07069,0.45913,0.14049
0.11138,0.05706,0.12075,0.08894,0.05084,0.03990,0.30413,0.22701
0.05103,0.04129,0.05815,0.06362,0.05540,0.06510,0.37704,0.28838
0.07785,0.04104,0.03726,0.03956,0.06566,0.08861,0.28223,0.36778
0.04645,0.06943,0.04010,0.04416,0.13584,0.09303,0.32029,0.25070
0.03647,0.03341,0.04127,0.03980,0.13359,0.15873,0.36014,0.19660
0.16655,0.15585,0.07639,0.08135,0.06648,0.05665,0.19320,0.20352
0.03478,0.04551,0.03964,0.03955,0.06889,0.11468,0.27602,0.38093
0.24723,0.24365,0.04687,0.05311,0.05114,0.04447,0.18881,0.12474
0.04358,0.05613,0.04702,0.05834,0.10019,0.09071,0.37314,0.23089
0.03984,0.04309,0.03224,0.03464,0.03721,0.02878,0.41848,0.36571
0.07435,0.04572,0.06493,0.07073,0.09228,0.13581,0.25940,0.25677
0.04614,0.17361,0.04869,0.04972,0.04855,0.06025,0.25657,0.31646
0.08172,0.07808,0.06141,0.06605,0.10081,0.13949,0.21711,0.25532
0.04260,0.05174,0.04336,0.04303,0.07788,0.06464,0.41948,0.25727
0.06624,0.04005,0.05188,0.04526,0.07707,0.06198,0.33288,0.32465
0.07868,0.06097,0.06688,0.07429,0.05800,0.08663,0.41321,0.16134
0.03486,0.03240,0.03214,0.03210,0.02470,0.02354,0.44437,0.37589
0.05399,0.04928,0.03577,0.03998,0.06112,0.14727,0.14890,0.46370
0.04090,0.08001,0.05473,0.05297,0.03295,0.03308,0.38540,0.31997
0.06264,0.05343,0.04778,0.04698,0.05505,0.17982,0.10138,0.45291
0.05339,0.02945,0.13398,0.10300,0.06181,0.03777,0.42299,0.15762
0.06145,0.06294,0.14140,0.16831,0.07146,0.08950,0.20028,0.20465
0.05705,0.03272,0.07662,0.07538,0.04087,0.03360,0.40938,0.27438
0.05609,0.05567,0.04627,0.04627,0.16647,0.14368,0.31550,0.17004
0.07239,0.07551,0.06683,0.07061,0.10561,0.13658,0.28155,0.19092
0.05153,0.04074,0.04161,0.04743,0.06067,0.07478,0.26370,0.41954
0.04320,0.03972,0.05062,0.05892,0.09764,0.33598,0.10983,0.26409
0.03995,0.03462,0.03468,0.03637,0.02723,0.02297,0.43958,0.36461
0.04510,0.04101,0.05980,0.05551,0.13448,0.37741,0.11501,0.17168
0.05373,0.06596,0.05004,0.04724,0.07245,0.15542,0.17781,0.37735
0.05277,0.04099,0.08968,0.08026,0.20298,0.12814,0.25589,0.14929
0.07513,0.06591,0.09078,0.07359,0.03167,0.02622,0.32041,0.31629
0.04125,0.03822,0.04182,0.04303,0.06345,0.06987,0.26089,0.44148
0.05885,0.05994,0.05058,0.05024,0.13481,0.16793,0.17469,0.30296
0.05215,0.05197,0.12612,0.09987,0.04279,0.03009,0.28380,0.31322
0.07085,0.05145,0.06371,0.06309,0.10403,0.10755,0.25453,0.28479
