0.01420,0.00922,0.53079,0.00521,0.29068,0.01957,0.00534,0.07654,0.01168,0.03678
0.00280,0.00215,0.46387,0.00202,0.50503,0.00307,0.01228,0.00320,0.00382,0.00177
0.00618,0.00915,0.40621,0.00363,0.36250,0.03469,0.01060,0.11988,0.04316,0.00400
0.00255,0.00219,0.50853,0.00208,0.46199,0.00387,0.00305,0.00381,0.00828,0.00364
0.00483,0.03314,0.03720,0.04005,0.01365,0.01425,0.82175,0.01996,0.00283,0.01235
0.00566,0.00637,0.47714,0.00457,0.48294,0.00547,0.00256,0.00900,0.00127,0.00503
0.01410,0.02118,0.05727,0.02752,0.01439,0.02692,0.82130,0.00793,0.00631,0.00308
0.02370,0.00238,0.10593,0.00473,0.73248,0.00461,0.11415,0.00496,0.00355,0.00351
0.84488,0.00801,0.01017,0.00788,0.01910,0.06524,0.01747,0.01149,0.00590,0.00986
0.01362,0.02784,0.03314,0.01189,0.02514,0.04996,0.77306,0.04221,0.00334,0.01978
0.01105,0.00926,0.00696,0.00621,0.03903,0.04558,0.82943,0.00828,0.01742,0.02678
0.53048,0.03002,0.01310,0.00362,0.00697,0.02068,0.24598,0.00822,0.13522,0.00570
0.01279,0.00377,0.00430,0.01706,0.00204,0.07003,0.73239,0.03966,0.06042,0.05753
0.05076,0.05891,0.01335,0.01781,0.00884,0.00867,0.82481,0.01041,0.00233,0.00411
0.02236,0.05576,0.00212,0.02598,0.05781,0.00476,0.80315,0.01490,0.00521,0.00794
0.00404,0.00218,0.47929,0.00227,0.48550,0.00878,0.00920,0.00310,0.00354,0.00210
0.52795,0.05541,0.02058,0.07790,0.01340,0.01035,0.28162,0.00440,0.00343,0.00496
0.07083,0.00500,0.00184,0.01617,0.00138,0.01216,0.78546,0.02234,0.02202,0.06278
0.01898,0.01617,0.02245,0.00660,0.03144,0.05811,0.79805,0.01157,0.01538,0.02124
0.00484,0.00786,0.44203,0.00499,0.46442,0.04208,0.00245,0.00755,0.00286,0.02092
0.74993,0.00491,0.07194,0.00502,0.09443,0.00401,0.01324,0.01333,0.00751,0.03567
0.01497,0.00738,0.04788,0.01099,0.16565,0.05542,0.65884,0.02350,0.01083,0.00453
0.00659,0.02625,0.02216,0.02291,0.02174,0.00053,0.83226,0.02032,0.02226,0.02497
0.85111,0.00625,0.01587,0.05080,0.01711,0.01791,0.02063,0.00632,0.00826,0.00574
0.83598,0.00406,0.01489,0.02413,0.08278,0.01056,0.01271,0.00396,0.00463,0.00630
0.00858,0.00397,0.35982,0.00518,0.32362,0.05866,0.01526,0.01672,0.20316,0.00504
0.00392,0.00489,0.48473,0.00303,0.41032,0.03951,0.01603,0.00345,0.02924,0.00487
0.82508,0.00309,0.05581,0.00540,0.04104,0.00597,0.01651,0.02973,0.00391,0.01345
0.53909,0.00269,0.00227,0.44822,0.00172,0.00105,0.00293,0.00102,0.00036,0.00065
0.80604,0.04311,0.00520,0.00519,0.00564,0.00494,0.00898,0.02725,0.02027,0.07338
0.49253,0.05135,0.01066,0.06811,0.01254,0.03190,0.31570,0.00244,0.01194,0.00284
0.28444,0.01281,0.00554,0.10234,0.00422,0.06509,0.49663,0.00782,0.00453,0.01658
0.14732,0.01939,0.36648,0.01509,0.39296,0.01501,0.00613,0.01781,0.01334,0.00647
0.01008,0.06844,0.01841,0.00998,0.02152,0.00427,0.80794,0.03003,0.00644,0.02290
0.48451,0.04087,0.17822,0.01107,0.25320,0.00529,0.01091,0.00736,0.00153,0.00703
0.85731,0.00387,0.04271,0.01384,0.02054,0.01911,0.00839,0.02015,0.00316,0.01091
0.04032,0.00229,0.43055,0.00722,0.45909,0.02954,0.00947,0.01129,0.00452,0.00572
0.00308,0.00193,0.17833,0.00250,0.80683,0.00126,0.00211,0.00195,0.00091,0.00111
0.01767,0.01364,0.03515,0.02908,0.03012,0.00589,0.83231,0.01412,0.01149,0.01051
0.01270,0.00661,0.50089,0.00894,0.41564,0.00742,0.01299,0.00556,0.01421,0.01504
0.01498,0.00757,0.54806,0.00568,0.39232,0.00558,0.00419,0.00787,0.00643,0.00732
0.01877,0.06866,0.04052,0.00738,0.00736,0.00353,0.79486,0.02467,0.00901,0.02525
0.02052,0.02397,0.02152,0.00947,0.07404,0.00804,0.82384,0.00648,0.00543,0.00670
0.01124,0.00455,0.02413,0.09323,0.00652,0.01027,0.81710,0.01698,0.00773,0.00824
0.00333,0.00436,0.01471,0.00539,0.03675,0.01039,0.81101,0.00712,0.00963,0.09731
0.01748,0.00713,0.05733,0.01121,0.00217,0.02305,0.83942,0.03137,0.00610,0.00474
0.04615,0.04232,0.02292,0.01103,0.01646,0.01717,0.74717,0.00814,0.01158,0.07706
0.02575,0.02018,0.01873,0.01818,0.01143,0.01552,0.74262,0.06820,0.07293,0.00646
0.26997,0.00482,0.27601,0.05893,0.29589,0.01643,0.00523,0.04277,0.00752,0.02243
0.01851,0.01548,0.31512,0.01345,0.43259,0.11236,0.01298,0.04341,0.02429,0.01181
0.00564,0.04506,0.05162,0.03607,0.00753,0.01302,0.81283,0.00933,0.00816,0.01074
0.00929,0.00490,0.01487,0.02638,0.00858,0.01307,0.80359,0.09840,0.00276,0.01816
0.01093,0.01096,0.01411,0.00504,0.07696,0.16792,0.69069,0.01170,0.00642,0.00527
0.01535,0.00880,0.01030,0.01176,0.05517,0.00558,0.80226,0.06506,0.00587,0.01983
0.07833,0.01272,0.29270,0.12661,0.34531,0.05578,0.00738,0.01269,0.06200,0.00647
0.02877,0.00558,0.18469,0.01116,0.31029,0.00382,0.43947,0.00367,0.00568,0.00687
0.50280,0.00225,0.00114,0.48454,0.00106,0.00233,0.00175,0.00214,0.00115,0.00085
0.00473,0.01192,0.56597,0.00306,0.37688,0.00891,0.00295,0.01110,0.00682,0.00765
0.00708,0.00230,0.44801,0.00385,0.51550,0.00199,0.00880,0.00767,0.00158,0.00322
0.01615,0.00618,0.03452,0.01916,0.00985,0.00894,0.82611,0.00662,0.01633,0.05615
0.01434,0.00391,0.22987,0.09500,0.31061,0.01408,0.30962,0.00256,0.00919,0.01080
0.00376,0.00293,0.33357,0.00248,0.54015,0.03074,0.01531,0.00643,0.06125,0.00339
0.64095,0.00165,0.00111,0.34824,0.00133,0.00081,0.00214,0.00129,0.00150,0.00097
0.85672,0.00380,0.01131,0.00248,0.05889,0.00486,0.03229,0.00442,0.00644,0.01879
0.01455,0.01532,0.01537,0.02093,0.03843,0.01001,0.82467,0.00407,0.03770,0.01894
0.00788,0.00806,0.45421,0.00268,0.48475,0.02339,0.00238,0.00760,0.00534,0.00370
0.81932,0.04977,0.03121,0.03201,0.02541,0.00402,0.01265,0.00662,0.00745,0.01155
0.02065,0.00925,0.01414,0.02950,0.02827,0.02293,0.78911,0.06406,0.01430,0.00778
0.00380,0.00882,0.08895,0.00956,0.01539,0.01644,0.80467,0.03479,0.00890,0.00867
0.00419,0.00146,0.50079,0.00263,0.46261,0.00586,0.01095,0.00424,0.00638,0.00089
0.00623,0.01110,0.40592,0.00303,0.03845,0.06623,0.36758,0.03676,0.00917,0.05552
0.02676,0.02607,0.01112,0.04908,0.01977,0.00870,0.82627,0.00610,0.01771,0.00841
0.00798,0.00455,0.48491,0.00358,0.45144,0.00540,0.00539,0.00706,0.02639,0.00330
0.84988,0.01061,0.05796,0.04182,0.00376,0.00326,0.01340,0.01376,0.00106,0.00448
0.00451,0.02669,0.05473,0.00897,0.05265,0.01032,0.80034,0.02065,0.01621,0.00494
0.59112,0.00910,0.00587,0.11333,0.00686,0.02156,0.21985,0.01371,0.01241,0.00618
0.09528,0.01094,0.02093,0.04590,0.02923,0.03297,0.72348,0.01732,0.01198,0.01198
0.00980,0.01428,0.00784,0.03343,0.00592,0.00675,0.81691,0.02378,0.05992,0.02138
0.69417,0.01490,0.00536,0.03264,0.02133,0.06925,0.11803,0.01159,0.02853,0.00419
0.80612,0.02272,0.05178,0.02548,0.02263,0.01087,0.03719,0.00680,0.00943,0.00697
0.79041,0.00482,0.00597,0.04754,0.01247,0.01314,0.02360,0.00694,0.00369,0.09142
0.02452,0.00463,0.15995,0.02059,0.05866,0.00948,0.65643,0.00963,0.03025,0.02587
0.00727,0.00566,0.08670,0.00438,0.00409,0.03527,0.81805,0.01042,0.02304,0.00512
0.00782,0.00522,0.42318,0.00335,0.41794,0.09677,0.00602,0.00623,0.02556,0.00792
0.00568,0.00205,0.55732,0.00181,0.36554,0.00514,0.03701,0.01488,0.00262,0.00794
0.01394,0.00364,0.35161,0.00453,0.60033,0.00568,0.00739,0.00414,0.00520,0.00354
0.89300,0.02793,0.00650,0.00556,0.00719,0.01112,0.01542,0.01786,0.00494,0.01050
0.74671,0.00114,0.00088,0.24232,0.00069,0.00085,0.00280,0.00238,0.00067,0.00156
0.01584,0.03248,0.03040,0.02150,0.01100,0.03687,0.80619,0.03077,0.00614,0.00880
0.45884,0.01371,0.02325,0.00547,0.02191,0.05466,0.34701,0.00803,0.06111,0.00603
0.01561,0.03147,0.05333,0.02586,0.00684,0.00316,0.83842,0.01843,0.00207,0.00481
0.01051,0.00865,0.44698,0.01043,0.44972,0.03716,0.01035,0.01298,0.00937,0.00384
0.00658,0.00397,0.54662,0.00332,0.39926,0.01039,0.00366,0.01880,0.00262,0.00476
0.01803,0.01227,0.00888,0.00624,0.00916,0.05473,0.83466,0.03188,0.00826,0.01589
0.04389,0.00835,0.00349,0.02072,0.00153,0.01019,0.82270,0.02635,0.02547,0.03731
0.00421,0.00299,0.62635,0.00222,0.33425,0.01008,0.00274,0.01075,0.00167,0.00474
0.02231,0.03349,0.01257,0.01842,0.03198,0.02137,0.83330,0.00530,0.00203,0.01924
0.04519,0.01570,0.00379,0.02176,0.00403,0.00440,0.86689,0.01340,0.00705,0.01778
0.00415,0.00242,0.39775,0.00140,0.56015,0.00555,0.00526,0.01373,0.00477,0.00483
0.01306,0.03357,0.00513,0.08535,0.01769,0.00650,0.79201,0.01917,0.01052,0.01701
