0.01147,0.04295,0.02936,0.06865,0.03011,0.16286,0.32490,0.01235,0.21835,0.00250,0.02637,0.07013
0.01197,0.04269,0.03822,0.02337,0.09228,0.03216,0.05215,0.01644,0.17562,0.01098,0.29625,0.20788
0.08256,0.00427,0.00954,0.02186,0.04512,0.04123,0.00770,0.20396,0.03452,0.14334,0.20076,0.20514
0.00225,0.00364,0.00236,0.00535,0.40796,0.55821,0.00168,0.00368,0.00246,0.00309,0.00262,0.00670
0.00594,0.00190,0.43293,0.03689,0.01500,0.00476,0.00937,0.11240,0.00333,0.33222,0.01766,0.02761
0.29652,0.16096,0.00830,0.00211,0.01717,0.18890,0.27003,0.03181,0.00703,0.00537,0.00970,0.00209
0.00576,0.10549,0.01099,0.01981,0.19548,0.42298,0.01824,0.00778,0.00609,0.08088,0.11336,0.01314
0.00980,0.00939,0.00949,0.09481,0.01405,0.05966,0.17844,0.48810,0.04207,0.00400,0.07485,0.01533
0.18110,0.01389,0.00902,0.00303,0.01692,0.09771,0.03167,0.36097,0.25389,0.00482,0.01448,0.01250
0.00919,0.00640,0.01365,0.01438,0.00657,0.00937,0.01439,0.00597,0.01700,0.01190,0.00473,0.88645
0.00499,0.00382,0.03480,0.00628,0.00326,0.01118,0.30859,0.11234,0.45425,0.01578,0.04147,0.00323
0.01147,0.00339,0.00464,0.02047,0.00771,0.01485,0.02443,0.01252,0.00550,0.61900,0.09491,0.18112
0.00585,0.02577,0.01794,0.53591,0.01465,0.25846,0.01185,0.01873,0.01822,0.00317,0.01346,0.07599
0.00978,0.00149,0.06719,0.01250,0.23893,0.00278,0.44600,0.00692,0.00384,0.20152,0.00444,0.00462
0.41011,0.27300,0.00623,0.00102,0.00900,0.00529,0.07449,0.00507,0.00273,0.00278,0.01206,0.19822
0.00447,0.00443,0.00327,0.00289,0.00512,0.00464,0.00227,0.00916,0.00799,0.00315,0.00254,0.95007
0.29580,0.11453,0.00767,0.00332,0.55699,0.00164,0.00253,0.00130,0.00740,0.00290,0.00363,0.00231
0.06573,0.01740,0.00820,0.01725,0.00255,0.00459,0.00640,0.14301,0.05759,0.22534,0.00912,0.44284
0.01396,0.45345,0.07515,0.00172,0.16816,0.00434,0.00215,0.04198,0.00259,0.23220,0.00116,0.00315
0.59480,0.00857,0.00988,0.25954,0.03658,0.01756,0.01486,0.00264,0.00198,0.00602,0.00500,0.04257
0.01235,0.00933,0.01758,0.00419,0.13227,0.01490,0.45829,0.00424,0.00299,0.00339,0.00242,0.33805
0.00211,0.00119,0.03389,0.00147,0.37242,0.00131,0.46396,0.00445,0.00213,0.11316,0.00194,0.00196
0.28924,0.39689,0.09622,0.00813,0.00246,0.15244,0.03316,0.00764,0.00158,0.00735,0.00261,0.00228
0.03634,0.17276,0.35841,0.01464,0.00391,0.00584,0.11967,0.01806,0.00322,0.00784,0.08722,0.17210
0.01437,0.62105,0.00355,0.01016,0.00310,0.01445,0.00228,0.00582,0.00471,0.31461,0.00175,0.00414
0.31846,0.01111,0.00485,0.00471,0.08778,0.00473,0.01148,0.00470,0.01548,0.14588,0.00932,0.38150
0.00562,0.53425,0.10594,0.21657,0.00439,0.00650,0.10005,0.00222,0.00460,0.00986,0.00483,0.00517
0.48279,0.00124,0.00969,0.47522,0.00579,0.00903,0.00641,0.00267,0.00122,0.00133,0.00265,0.00197
0.00292,0.40545,0.07807,0.00081,0.00333,0.47891,0.01065,0.00087,0.00384,0.00141,0.01189,0.00183
0.00708,0.00266,0.00348,0.00641,0.04785,0.35214,0.27808,0.04200,0.22516,0.02695,0.00138,0.00681
0.40241,0.00139,0.01813,0.55134,0.00348,0.00731,0.00560,0.00261,0.00132,0.00288,0.00076,0.00276
0.13599,0.00948,0.29690,0.04603,0.40013,0.00311,0.00416,0.00237,0.01768,0.06506,0.01685,0.00225
0.00593,0.23374,0.32448,0.00419,0.00200,0.00194,0.00293,0.00300,0.00544,0.00271,0.00167,0.41197
0.00580,0.02110,0.00981,0.28453,0.01220,0.02827,0.23846,0.02558,0.01055,0.00974,0.00255,0.35141
0.57294,0.01765,0.03550,0.01074,0.00793,0.23591,0.03413,0.01021,0.02900,0.01932,0.00487,0.02180
0.00769,0.00527,0.01646,0.05943,0.01341,0.00367,0.01409,0.11637,0.00910,0.01245,0.00454,0.73754
0.25018,0.05002,0.08699,0.04735,0.07532,0.08336,0.01571,0.00790,0.34450,0.00464,0.02467,0.00935
0.00477,0.00460,0.36794,0.00439,0.00450,0.00556,0.03253,0.22784,0.32430,0.00594,0.00576,0.01186
0.13573,0.07621,0.03769,0.15513,0.01989,0.01709,0.01130,0.22050,0.25204,0.06593,0.00498,0.00352
0.76257,0.00511,0.00962,0.01094,0.00235,0.04150,0.00534,0.00474,0.00408,0.02844,0.00423,0.12108
0.01482,0.00327,0.00200,0.00271,0.01025,0.22971,0.34308,0.00811,0.00342,0.36630,0.01006,0.00627
0.00883,0.00603,0.01537,0.04277,0.00556,0.01982,0.01934,0.00933,0.01289,0.00882,0.26064,0.59058
0.00745,0.00210,0.09685,0.00401,0.46129,0.00252,0.07580,0.00307,0.00457,0.02041,0.04461,0.27731
0.00896,0.00911,0.01050,0.00829,0.01669,0.02451,0.01154,0.00655,0.00401,0.01210,0.42141,0.46633
0.01228,0.00251,0.01160,0.00761,0.11302,0.21207,0.00357,0.00837,0.41637,0.00387,0.01875,0.18999
0.00293,0.13078,0.00356,0.15027,0.00560,0.13451,0.36225,0.18732,0.01111,0.00492,0.00253,0.00421
0.00732,0.22463,0.02050,0.00712,0.00399,0.15301,0.00852,0.00407,0.00672,0.05770,0.49436,0.01206
0.04524,0.00813,0.03443,0.07619,0.01764,0.35836,0.02501,0.01388,0.07507,0.00687,0.04858,0.29060
0.02420,0.04754,0.00365,0.00328,0.00480,0.38248,0.00786,0.17448,0.33900,0.00468,0.00189,0.00613
0.03594,0.01643,0.00354,0.00184,0.00532,0.21521,0.04315,0.32568,0.00437,0.00292,0.00361,0.34198
0.46260,0.01134,0.01040,0.00271,0.03054,0.00564,0.01994,0.00581,0.01995,0.01009,0.00560,0.41537
0.71772,0.01297,0.03874,0.00595,0.02193,0.00512,0.00467,0.00764,0.00863,0.07773,0.05072,0.04818
0.01896,0.00512,0.14950,0.52606,0.00704,0.14397,0.01311,0.00467,0.10538,0.00591,0.01393,0.00634
0.00953,0.00307,0.00293,0.00913,0.00713,0.18225,0.03071,0.01134,0.00249,0.71779,0.01207,0.01156
0.00417,0.65803,0.00580,0.00148,0.00385,0.21809,0.00457,0.00162,0.00183,0.00181,0.02603,0.07272
0.66540,0.31868,0.00148,0.00053,0.00166,0.00135,0.00218,0.00107,0.00107,0.00090,0.00438,0.00129
0.08494,0.03346,0.06309,0.51533,0.00345,0.17430,0.00518,0.00976,0.04889,0.01183,0.00393,0.04584
0.09711,0.00267,0.20634,0.01010,0.00303,0.00336,0.20762,0.00888,0.42111,0.02628,0.01106,0.00243
0.01527,0.00441,0.00286,0.00162,0.01977,0.00345,0.00158,0.39252,0.00310,0.55201,0.00129,0.00213
0.67614,0.17177,0.01253,0.00100,0.00772,0.01248,0.05996,0.01956,0.00495,0.00289,0.02459,0.00640
0.01022,0.00905,0.00828,0.00462,0.00753,0.00731,0.00479,0.00782,0.00749,0.00425,0.00442,0.92420
0.17633,0.00315,0.30619,0.10312,0.03903,0.00448,0.01997,0.01502,0.01385,0.04958,0.04449,0.22480
0.02682,0.00519,0.05590,0.23655,0.35261,0.01904,0.11770,0.09008,0.00616,0.00302,0.00125,0.08569
0.00734,0.00555,0.00550,0.00601,0.00496,0.01681,0.00351,0.00944,0.00778,0.00647,0.00143,0.92521
0.74585,0.01759,0.01059,0.00876,0.01000,0.01087,0.06670,0.01465,0.05539,0.00408,0.00294,0.05257
0.00784,0.19711,0.01342,0.48773,0.01210,0.02615,0.00569,0.00704,0.01746,0.21311,0.00492,0.00742
0.01257,0.00308,0.33013,0.03911,0.02067,0.00730,0.02101,0.00237,0.42791,0.05858,0.07214,0.00513
0.21753,0.06964,0.03701,0.00487,0.00737,0.02882,0.00816,0.01368,0.24260,0.01761,0.01076,0.34195
0.18934,0.00393,0.00444,0.01831,0.01431,0.01931,0.00619,0.02097,0.00930,0.00300,0.00258,0.70832
0.01121,0.12151,0.36741,0.23533,0.14575,0.01025,0.02305,0.00598,0.04417,0.02815,0.00156,0.00564
0.44123,0.00156,0.01178,0.49159,0.00498,0.00784,0.01292,0.00216,0.00153,0.02147,0.00142,0.00153
0.00718,0.08915,0.35754,0.03248,0.02059,0.02118,0.07766,0.00647,0.00186,0.37144,0.01207,0.00239
0.57690,0.00816,0.00859,0.02433,0.09425,0.01291,0.20854,0.00386,0.01034,0.00354,0.00412,0.04445
0.01058,0.00854,0.00342,0.00285,0.39718,0.20655,0.00279,0.23635,0.00348,0.00193,0.00248,0.12385
0.06394,0.00512,0.00420,0.00816,0.23468,0.01070,0.00598,0.00382,0.01214,0.00816,0.02128,0.62182
0.12958,0.01430,0.03381,0.02873,0.01745,0.03064,0.01102,0.01940,0.17319,0.00523,0.00211,0.53453
0.00970,0.48250,0.01324,0.00247,0.01138,0.42756,0.02201,0.00572,0.00311,0.00671,0.00075,0.01485
0.00663,0.16663,0.00219,0.00178,0.59596,0.01245,0.00749,0.00246,0.19286,0.00181,0.00146,0.00829
0.03111,0.04247,0.32430,0.03221,0.12842,0.02662,0.23047,0.15190,0.01224,0.00652,0.00792,0.00582
0.00244,0.00141,0.00230,0.03378,0.55472,0.00133,0.39619,0.00132,0.00131,0.00096,0.00248,0.00176
0.00617,0.00544,0.33953,0.00404,0.00339,0.00933,0.00332,0.00304,0.37684,0.00295,0.23975,0.00619
0.00923,0.00305,0.23828,0.00217,0.17505,0.00209,0.12160,0.00636,0.00200,0.19212,0.00151,0.24654
0.16548,0.02542,0.01019,0.62071,0.02644,0.01312,0.04128,0.00795,0.02561,0.01739,0.04325,0.00316
0.70404,0.03349,0.00752,0.01998,0.15917,0.01148,0.01228,0.00519,0.02582,0.01333,0.00189,0.00579
0.00342,0.00629,0.00214,0.92199,0.00235,0.02152,0.00284,0.02341,0.00203,0.00410,0.00901,0.00091
0.07608,0.14339,0.09462,0.00381,0.01126,0.00742,0.00433,0.00402,0.01490,0.48274,0.00239,0.15503
0.00235,0.41468,0.52756,0.01726,0.00121,0.00090,0.00101,0.00169,0.00127,0.03084,0.00063,0.00061
0.19710,0.38589,0.02305,0.01331,0.00449,0.14910,0.01507,0.09235,0.07983,0.03187,0.00273,0.00520
0.57170,0.04747,0.00598,0.00895,0.00356,0.00159,0.00269,0.33963,0.01136,0.00292,0.00224,0.00192
0.00358,0.00168,0.00454,0.00572,0.06603,0.50857,0.00719,0.01948,0.37114,0.00316,0.00210,0.00680
0.01691,0.00710,0.01041,0.01400,0.02494,0.01828,0.01232,0.01005,0.01185,0.00879,0.00922,0.85612
0.01282,0.26840,0.00128,0.25739,0.04082,0.00276,0.32405,0.08229,0.00230,0.00541,0.00170,0.00079
0.00336,0.00243,0.00135,0.00236,0.05894,0.39714,0.51570,0.00273,0.00206,0.00295,0.00232,0.00866
0.01584,0.00488,0.00237,0.00883,0.00467,0.01487,0.12793,0.00941,0.03817,0.00469,0.76531,0.00303
0.01241,0.65704,0.27662,0.00163,0.03244,0.00261,0.00586,0.00260,0.00124,0.00239,0.00276,0.00240
0.02725,0.21149,0.00361,0.00335,0.01558,0.00281,0.45815,0.24570,0.00641,0.01762,0.00529,0.00274
0.02791,0.08685,0.01554,0.35901,0.24229,0.01705,0.01091,0.02523,0.02244,0.00289,0.05401,0.13585
0.15031,0.00676,0.20392,0.13506,0.01226,0.15859,0.06376,0.00266,0.01791,0.22318,0.02157,0.00402
0.26687,0.12917,0.12135,0.02491,0.00227,0.44007,0.00723,0.00183,0.00234,0.00164,0.00150,0.00082
0.00796,0.77737,0.00611,0.08556,0.00440,0.00718,0.05686,0.00838,0.03506,0.00326,0.00481,0.00305
