0.01329,0.04266,0.11209,0.01866,0.20925,0.20136,0.12451,0.08686,0.09099,0.00736,0.00432,0.08865
0.06445,0.06048,0.23629,0.00718,0.13468,0.09354,0.14455,0.00672,0.00870,0.22557,0.00618,0.01167
0.04196,0.04344,0.04790,0.27328,0.21381,0.07333,0.22721,0.00848,0.02314,0.03303,0.00419,0.01022
0.02308,0.30770,0.03949,0.00724,0.04781,0.02666,0.02772,0.11883,0.09343,0.29369,0.00422,0.01013
0.06095,0.02302,0.03053,0.08826,0.00826,0.00682,0.01395,0.00389,0.00586,0.01409,0.11408,0.63028
0.01311,0.00820,0.00710,0.13445,0.00845,0.00413,0.00292,0.15364,0.00392,0.01456,0.64415,0.00537
0.00518,0.01386,0.45220,0.00715,0.00820,0.00774,0.01440,0.01386,0.45769,0.00722,0.00803,0.00447
0.01274,0.00484,0.32743,0.27398,0.00619,0.02048,0.01047,0.00638,0.00400,0.32393,0.00401,0.00554
0.47612,0.01058,0.00828,0.00647,0.01324,0.00924,0.00685,0.45296,0.00385,0.00540,0.00131,0.00569
0.01151,0.00819,0.05787,0.85477,0.00636,0.00586,0.01265,0.00561,0.02793,0.00347,0.00243,0.00335
0.03745,0.42188,0.44085,0.00675,0.03349,0.00436,0.00685,0.00892,0.00356,0.00943,0.02267,0.00379
0.19684,0.05055,0.13884,0.01441,0.17034,0.09900,0.13876,0.03080,0.11627,0.01447,0.00978,0.01993
0.00692,0.01689,0.18201,0.00691,0.04071,0.08902,0.09747,0.18470,0.04713,0.00483,0.00880,0.31459
0.02193,0.01549,0.03718,0.00567,0.39038,0.40971,0.05154,0.01199,0.01036,0.00375,0.00442,0.03759
0.05324,0.16559,0.01102,0.02075,0.18401,0.14549,0.13212,0.01867,0.01177,0.07736,0.17421,0.00579
0.02057,0.42989,0.01234,0.01254,0.01972,0.42874,0.01708,0.01446,0.00797,0.02448,0.00315,0.00906
0.00399,0.00669,0.08072,0.00314,0.00855,0.00566,0.19682,0.26624,0.00726,0.00770,0.40216,0.01106
0.01959,0.19692,0.19920,0.05116,0.01238,0.20169,0.27875,0.01540,0.00321,0.00632,0.00272,0.01267
0.01233,0.01775,0.01004,0.25981,0.07564,0.15000,0.14672,0.03467,0.04296,0.22913,0.01092,0.01005
0.00396,0.03761,0.44222,0.00490,0.00779,0.00631,0.02916,0.00946,0.02345,0.42663,0.00162,0.00688
0.01157,0.00575,0.01039,0.37395,0.04776,0.01664,0.39178,0.06038,0.00532,0.00132,0.07128,0.00387
0.01034,0.01996,0.16427,0.00493,0.27713,0.00840,0.30045,0.03183,0.15994,0.01583,0.00103,0.00589
0.23659,0.05830,0.01922,0.10605,0.12032,0.22116,0.09735,0.02109,0.10408,0.01082,0.00257,0.00244
0.00918,0.43064,0.04177,0.00980,0.41713,0.01080,0.02387,0.03029,0.00667,0.01109,0.00159,0.00716
0.01254,0.01059,0.01195,0.00766,0.05244,0.01216,0.01318,0.05961,0.00665,0.00480,0.07501,0.73341
0.42276,0.03824,0.42378,0.00812,0.01737,0.03756,0.01269,0.01229,0.01054,0.00414,0.00487,0.00764
0.88964,0.02290,0.00568,0.00408,0.00632,0.00748,0.00879,0.00658,0.02964,0.01137,0.00433,0.00320
0.04682,0.22916,0.21197,0.01760,0.04644,0.18043,0.18883,0.02177,0.01279,0.03371,0.00306,0.00741
0.01260,0.13515,0.11936,0.09646,0.06286,0.03175,0.01786,0.01858,0.00415,0.09669,0.02096,0.38359
0.30781,0.08694,0.11208,0.01055,0.02220,0.32463,0.07363,0.02621,0.00764,0.00681,0.01404,0.00747
0.00891,0.01196,0.00802,0.00507,0.00762,0.00939,0.01072,0.27646,0.25583,0.08698,0.05188,0.26717
0.00332,0.00462,0.00602,0.48884,0.22576,0.00629,0.23607,0.00553,0.00385,0.00644,0.00440,0.00886
0.01192,0.02526,0.07824,0.02182,0.25866,0.03496,0.27641,0.00947,0.08301,0.00840,0.00633,0.18552
0.01229,0.00237,0.02621,0.00898,0.00797,0.01853,0.00466,0.00402,0.00353,0.01050,0.85051,0.05044
0.00752,0.00887,0.38714,0.06961,0.01217,0.00998,0.00289,0.07565,0.39053,0.01473,0.00230,0.01861
0.04047,0.05111,0.04136,0.09275,0.25835,0.05512,0.25121,0.07031,0.01433,0.09749,0.01466,0.01284
0.02799,0.39339,0.45488,0.05281,0.01912,0.01875,0.00587,0.01277,0.00572,0.00365,0.00200,0.00306
0.01083,0.02481,0.03152,0.02269,0.06397,0.15940,0.33226,0.27260,0.03386,0.04035,0.00354,0.00418
0.02965,0.00371,0.00582,0.00424,0.01578,0.02377,0.00238,0.44268,0.01338,0.44409,0.00438,0.01012
0.00391,0.47320,0.00204,0.00718,0.48614,0.00296,0.00924,0.00284,0.00389,0.00068,0.00463,0.00331
0.33113,0.33984,0.12281,0.01768,0.00939,0.02395,0.10473,0.01001,0.01058,0.01393,0.00579,0.01015
0.24055,0.04232,0.01776,0.17954,0.04710,0.01475,0.00730,0.13746,0.01344,0.16314,0.00420,0.13243
0.20064,0.00474,0.01130,0.49018,0.00933,0.02964,0.01841,0.18809,0.02030,0.00385,0.02025,0.00326
0.01416,0.00498,0.05935,0.00626,0.23318,0.01351,0.25206,0.05750,0.05578,0.01871,0.11163,0.17288
0.00941,0.04703,0.02409,0.00388,0.04804,0.00487,0.07311,0.04995,0.03393,0.00674,0.66879,0.03017
0.02008,0.01043,0.35657,0.17036,0.01290,0.00684,0.04179,0.04310,0.31603,0.00740,0.00412,0.01039
0.31808,0.01637,0.00954,0.01365,0.04915,0.34061,0.00418,0.10131,0.11381,0.00898,0.01317,0.01114
0.00748,0.00754,0.00490,0.00750,0.46262,0.00511,0.47940,0.00715,0.00331,0.00273,0.00910,0.00314
0.01061,0.26023,0.28424,0.01215,0.00588,0.16803,0.02947,0.00699,0.19736,0.01416,0.00537,0.00551
0.01803,0.02057,0.08008,0.13019,0.01284,0.09860,0.27038,0.24311,0.07827,0.00971,0.00831,0.02989
0.04657,0.01331,0.04394,0.00779,0.25089,0.01070,0.37424,0.08370,0.13439,0.01305,0.00690,0.01453
0.02723,0.03900,0.06288,0.16562,0.00840,0.19871,0.12939,0.00939,0.00715,0.16867,0.01240,0.17117
0.18592,0.14824,0.19737,0.00403,0.03015,0.14029,0.00865,0.01890,0.00664,0.01652,0.00336,0.23993
0.00740,0.02095,0.00630,0.00262,0.44999,0.01599,0.46849,0.00141,0.00330,0.00801,0.00137,0.01416
0.00391,0.02715,0.00953,0.00520,0.05623,0.02315,0.41008,0.01373,0.40475,0.00333,0.01194,0.03099
0.01445,0.00892,0.08724,0.01051,0.11229,0.01059,0.01179,0.03807,0.10741,0.08466,0.02071,0.49335
0.00851,0.00838,0.34151,0.22928,0.00378,0.00817,0.00982,0.00934,0.01069,0.33693,0.00210,0.03149
0.01584,0.18877,0.10314,0.08186,0.00576,0.01359,0.11016,0.02594,0.11447,0.08958,0.00191,0.24899
0.13822,0.20589,0.01030,0.07719,0.06420,0.08240,0.01050,0.15068,0.13853,0.03975,0.07818,0.00415
0.01785,0.05321,0.07578,0.03937,0.01543,0.36490,0.03381,0.01189,0.35522,0.00579,0.01979,0.00696
0.43112,0.45742,0.00400,0.00365,0.00312,0.06343,0.00847,0.00560,0.01426,0.00304,0.00110,0.00478
0.28944,0.02099,0.02275,0.29202,0.13647,0.16755,0.01172,0.03212,0.00342,0.00363,0.01463,0.00527
0.23952,0.00287,0.01298,0.24304,0.01052,0.00808,0.01857,0.00869,0.00223,0.01091,0.43903,0.00357
0.01206,0.31130,0.28778,0.04558,0.04022,0.01521,0.05226,0.00854,0.00561,0.01746,0.01900,0.18497
0.02568,0.01182,0.07503,0.05979,0.34706,0.34481,0.01537,0.00599,0.06907,0.02648,0.01448,0.00440
0.00678,0.01159,0.03368,0.12632,0.04064,0.10280,0.26704,0.08395,0.18979,0.07530,0.05662,0.00548
0.01459,0.00959,0.02440,0.00855,0.00885,0.32369,0.00749,0.00853,0.32650,0.00304,0.01095,0.25382
0.12106,0.00452,0.07742,0.02100,0.00758,0.12185,0.04518,0.09568,0.42547,0.04514,0.02648,0.00861
0.02454,0.01569,0.01134,0.13005,0.00495,0.12839,0.01637,0.00583,0.02618,0.00893,0.00373,0.62401
0.08672,0.00304,0.00819,0.00746,0.00216,0.40979,0.42093,0.04248,0.00265,0.01008,0.00254,0.00396
0.03245,0.04988,0.00318,0.00527,0.08572,0.06532,0.01373,0.33555,0.37795,0.02196,0.00286,0.00613
0.80972,0.01306,0.01908,0.05720,0.01051,0.00527,0.01592,0.01261,0.00983,0.02155,0.01021,0.01502
0.20647,0.02324,0.01687,0.66420,0.00382,0.03755,0.00366,0.00424,0.01873,0.00446,0.01267,0.00410
0.00909,0.00885,0.23329,0.02816,0.05372,0.00237,0.04269,0.03620,0.24149,0.00615,0.00867,0.32932
0.01907,0.04843,0.00793,0.02369,0.32322,0.04624,0.33759,0.01570,0.00579,0.00424,0.00149,0.16659
0.06699,0.01141,0.02620,0.35998,0.02313,0.10043,0.33384,0.05932,0.00431,0.00249,0.00691,0.00499
0.45119,0.01107,0.00672,0.00884,0.04524,0.01759,0.00347,0.42700,0.00625,0.00655,0.01329,0.00279
0.03177,0.00438,0.00741,0.00760,0.05466,0.35419,0.35467,0.08435,0.07655,0.01317,0.00477,0.00648
0.01095,0.01258,0.01069,0.01678,0.19772,0.00548,0.19676,0.01677,0.01014,0.00345,0.34493,0.17375
0.00476,0.07588,0.00798,0.27821,0.07084,0.51529,0.00482,0.00542,0.00877,0.01845,0.00276,0.00681
0.18791,0.01098,0.00509,0.00565,0.16430,0.01621,0.07892,0.00568,0.02306,0.06656,0.42226,0.01337
0.01407,0.11264,0.15890,0.07802,0.00781,0.27620,0.02289,0.04099,0.26727,0.01397,0.00216,0.00508
0.37968,0.01820,0.15653,0.24417,0.01514,0.01123,0.00710,0.15080,0.00197,0.00865,0.00249,0.00403
0.07309,0.02257,0.01293,0.01266,0.06531,0.07616,0.01744,0.40682,0.00910,0.29743,0.00240,0.00410
0.01608,0.02270,0.18503,0.02336,0.03516,0.29149,0.08936,0.06819,0.15811,0.02287,0.04157,0.04610
0.06794,0.26691,0.23957,0.00748,0.02218,0.14926,0.16053,0.05581,0.00624,0.00661,0.00499,0.01248
0.01268,0.02370,0.00696,0.58082,0.02145,0.23837,0.01609,0.00898,0.01546,0.01006,0.00813,0.05730
0.00732,0.01508,0.12311,0.00269,0.02361,0.60337,0.01437,0.03778,0.10322,0.00651,0.00231,0.06064
0.03194,0.33350,0.01088,0.01487,0.01059,0.33337,0.01583,0.05461,0.00892,0.01409,0.01574,0.15566
0.48358,0.48734,0.00201,0.00237,0.00290,0.00346,0.00296,0.00288,0.00231,0.00300,0.00210,0.00510
0.01808,0.07483,0.01175,0.09904,0.00404,0.03514,0.01041,0.03361,0.03776,0.02164,0.00456,0.64913
0.21460,0.22557,0.21962,0.01017,0.00395,0.22913,0.05615,0.01207,0.01018,0.01376,0.00221,0.00260
0.01252,0.26757,0.01086,0.00171,0.24590,0.21866,0.20169,0.00857,0.01185,0.00635,0.01053,0.00378
0.04119,0.19453,0.03097,0.05420,0.30354,0.04630,0.11285,0.16964,0.02384,0.00874,0.00257,0.01164
0.20097,0.02262,0.05748,0.06077,0.01021,0.35582,0.03119,0.05228,0.15217,0.04486,0.00703,0.00461
0.00779,0.02183,0.02689,0.02223,0.35578,0.08070,0.06195,0.06448,0.30340,0.01127,0.00509,0.03860
0.93448,0.00390,0.00340,0.02037,0.01175,0.00548,0.00310,0.00442,0.00291,0.00180,0.00289,0.00550
0.01522,0.01360,0.00502,0.00437,0.00171,0.01201,0.00997,0.00163,0.00327,0.00664,0.92203,0.00454
0.11392,0.00712,0.13248,0.01792,0.01791,0.01313,0.00825,0.02286,0.01333,0.01024,0.62520,0.01764
0.00267,0.01299,0.04771,0.00921,0.16347,0.01034,0.13011,0.01335,0.03303,0.00541,0.00650,0.56522
0.03783,0.00351,0.03463,0.00896,0.23731,0.30210,0.17103,0.14446,0.00297,0.05048,0.00331,0.00340
0.22313,0.08426,0.21748,0.02623,0.00789,0.08310,0.14876,0.02449,0.14179,0.00536,0.00819,0.02932
0.02360,0.00467,0.01271,0.06349,0.14516,0.05862,0.00647,0.02285,0.00311,0.13857,0.22632,0.29443
0.02407,0.04340,0.38190,0.00854,0.01228,0.01592,0.03007,0.02918,0.39970,0.00485,0.01437,0.03572
0.16002,0.00578,0.10793,0.10763,0.18854,0.02789,0.01090,0.00662,0.03249,0.00666,0.00910,0.33645
0.04727,0.00579,0.00664,0.39004,0.01077,0.04492,0.45887,0.02229,0.00259,0.00306,0.00472,0.00303
0.87139,0.00709,0.00659,0.04827,0.00888,0.01115,0.01237,0.00396,0.01357,0.00680,0.00808,0.00183
0.04502,0.21373,0.00810,0.00998,0.01202,0.02016,0.19689,0.23766,0.24695,0.00434,0.00333,0.00183
0.00337,0.00824,0.00871,0.00923,0.00861,0.57240,0.01742,0.01238,0.00902,0.00171,0.02789,0.32102
0.24803,0.01597,0.24185,0.00569,0.00820,0.01084,0.00402,0.00513,0.00558,0.00590,0.01111,0.43770
0.05171,0.02723,0.00729,0.00557,0.04011,0.00344,0.42664,0.40883,0.01157,0.00321,0.01316,0.00125
0.19998,0.13479,0.13980,0.00298,0.11952,0.07848,0.01157,0.02896,0.00629,0.01444,0.25155,0.01165
0.04258,0.15920,0.16037,0.00523,0.00872,0.29579,0.02665,0.01270,0.23886,0.01413,0.00194,0.03384
0.20982,0.01660,0.01429,0.00598,0.01500,0.20782,0.01005,0.00413,0.00680,0.00759,0.49334,0.00857
0.04089,0.00403,0.00579,0.44620,0.00264,0.00508,0.44559,0.03604,0.00725,0.00239,0.00246,0.00166
0.01475,0.45837,0.43648,0.00924,0.01172,0.00986,0.00773,0.00840,0.03593,0.00254,0.00235,0.00261
0.02183,0.01874,0.01417,0.00631,0.01148,0.04899,0.04589,0.01533,0.77278,0.01149,0.00562,0.02737
0.02794,0.37987,0.00856,0.00666,0.00411,0.36920,0.00309,0.00486,0.00464,0.00432,0.18195,0.00479
0.02417,0.01121,0.02199,0.01764,0.00455,0.32889,0.06428,0.00549,0.31157,0.02515,0.00383,0.18123
0.01135,0.00965,0.00439,0.00996,0.00377,0.01031,0.00458,0.16186,0.16767,0.00916,0.59816,0.00914
0.00774,0.01142,0.00932,0.00404,0.00253,0.01362,0.00413,0.00733,0.00580,0.00424,0.00316,0.92667
0.10843,0.10842,0.04622,0.00990,0.28673,0.04209,0.06286,0.01115,0.25005,0.04955,0.01463,0.00998
0.00172,0.00321,0.00179,0.74197,0.00494,0.00107,0.00943,0.00404,0.00231,0.22549,0.00144,0.00260
0.00472,0.00384,0.48467,0.00545,0.00350,0.00284,0.00474,0.47549,0.00329,0.00269,0.00383,0.00495
0.08976,0.02039,0.03458,0.08283,0.00883,0.13023,0.01784,0.26516,0.18012,0.00834,0.14784,0.01409
0.03291,0.01151,0.14248,0.01365,0.01324,0.03297,0.00596,0.29106,0.31995,0.11381,0.00628,0.01620
0.01328,0.31925,0.30911,0.01495,0.00648,0.09373,0.11671,0.00489,0.00442,0.01302,0.09666,0.00749
0.01539,0.21144,0.16109,0.00926,0.03060,0.00970,0.01506,0.00899,0.00836,0.00441,0.51962,0.00607
0.45144,0.01496,0.02485,0.01439,0.00499,0.02540,0.00427,0.41493,0.00780,0.01891,0.00578,0.01228
0.60169,0.03541,0.01753,0.05268,0.03396,0.03650,0.06705,0.05057,0.01515,0.00318,0.04267,0.04361
0.07212,0.32724,0.05429,0.00449,0.35987,0.00622,0.00115,0.13668,0.00663,0.01019,0.01579,0.00533
0.01317,0.12228,0.15179,0.00328,0.21526,0.01081,0.21856,0.01244,0.00518,0.22752,0.00782,0.01189
0.05450,0.05584,0.01234,0.00656,0.00788,0.01625,0.04414,0.09164,0.05896,0.00642,0.00287,0.64261
0.03581,0.01228,0.32748,0.01099,0.06032,0.02522,0.03113,0.01961,0.00644,0.32523,0.01479,0.13072
0.01871,0.01065,0.02657,0.00612,0.36339,0.00927,0.44612,0.01581,0.07270,0.01327,0.01251,0.00488
0.01549,0.00748,0.23889,0.01116,0.01852,0.01184,0.01283,0.01261,0.25423,0.00535,0.00636,0.40523
0.08223,0.01419,0.00727,0.07306,0.18299,0.00343,0.01003,0.12427,0.29886,0.00799,0.19274,0.00295
0.00409,0.00374,0.09559,0.00384,0.00405,0.01658,0.29454,0.27821,0.10083,0.00499,0.18925,0.00429
0.01107,0.01627,0.00724,0.01069,0.43249,0.30816,0.01770,0.01203,0.10655,0.02374,0.01885,0.03521
0.41968,0.06951,0.02062,0.00693,0.01540,0.00400,0.01919,0.01494,0.03445,0.00603,0.00462,0.38463
0.00645,0.00959,0.01076,0.45202,0.00904,0.00582,0.24599,0.23426,0.00545,0.00913,0.00505,0.00645
0.00752,0.01375,0.01118,0.13774,0.02988,0.01402,0.14762,0.00766,0.60635,0.00464,0.01351,0.00613
0.35552,0.07349,0.03012,0.09059,0.00799,0.00541,0.04856,0.33803,0.00380,0.02800,0.01116,0.00733
0.00919,0.01200,0.01562,0.01183,0.00766,0.00521,0.02192,0.05884,0.06262,0.01062,0.00726,0.77723
0.81376,0.00866,0.00954,0.00567,0.00366,0.01866,0.04819,0.04554,0.00590,0.03418,0.00305,0.00319
0.01380,0.23873,0.24439,0.18343,0.00765,0.03529,0.01656,0.01218,0.01023,0.20149,0.02823,0.00801
0.01287,0.30503,0.01070,0.00336,0.00591,0.01061,0.34405,0.01236,0.01326,0.00987,0.00910,0.26288
0.03233,0.04430,0.01791,0.01635,0.37688,0.02741,0.41025,0.02275,0.01491,0.01908,0.00954,0.00830
0.08541,0.05391,0.00625,0.06130,0.05565,0.17289,0.01963,0.15578,0.01604,0.00811,0.01230,0.35274
0.02607,0.00506,0.24206,0.25251,0.06032,0.01449,0.01379,0.02602,0.00518,0.01552,0.00291,0.33607
0.01370,0.00756,0.14273,0.01086,0.24879,0.26782,0.15089,0.00763,0.00493,0.00457,0.00573,0.13478
0.01361,0.08812,0.00947,0.06688,0.01000,0.01379,0.00873,0.00636,0.00507,0.03095,0.12650,0.62053
0.01516,0.00798,0.00589,0.00702,0.01998,0.08957,0.03022,0.09606,0.00719,0.00280,0.71081,0.00731
0.05191,0.00511,0.37894,0.38410,0.00900,0.09847,0.01168,0.01633,0.02515,0.01000,0.00217,0.00713
0.05596,0.00553,0.00372,0.00810,0.41601,0.40759,0.00417,0.05562,0.00298,0.00528,0.00986,0.02518
0.02347,0.44374,0.00819,0.00307,0.00754,0.42096,0.00600,0.00227,0.00337,0.00554,0.00271,0.07314
0.08579,0.00935,0.00805,0.12026,0.00288,0.01640,0.01014,0.05850,0.00329,0.12291,0.00372,0.55871
0.02744,0.01429,0.00748,0.00938,0.44159,0.46324,0.00632,0.00422,0.00704,0.00880,0.00312,0.00707
0.43741,0.43540,0.00589,0.00954,0.01284,0.00403,0.02398,0.01751,0.01168,0.01084,0.02118,0.00970
0.15351,0.04082,0.03377,0.01018,0.00516,0.01123,0.01603,0.12518,0.00244,0.00906,0.00309,0.58954
0.00496,0.01418,0.00635,0.71317,0.06956,0.01161,0.08997,0.00748,0.01244,0.00384,0.06059,0.00585
0.11818,0.00969,0.08530,0.09354,0.01298,0.18439,0.16169,0.00636,0.03422,0.08560,0.00571,0.20234
0.00297,0.46767,0.00664,0.46838,0.01378,0.01116,0.00318,0.00662,0.00471,0.00379,0.00470,0.00640
0.00687,0.02151,0.00469,0.00814,0.01309,0.85736,0.00629,0.00819,0.00552,0.00373,0.05235,0.01225
0.14819,0.16345,0.21180,0.06925,0.07572,0.15259,0.02707,0.09628,0.02589,0.00784,0.01336,0.00856
0.08657,0.10046,0.32595,0.06375,0.01335,0.00788,0.31505,0.01563,0.00790,0.01065,0.01181,0.04102
0.02731,0.02497,0.08577,0.00709,0.35209,0.01159,0.00699,0.01911,0.07623,0.34784,0.00339,0.03764
0.06866,0.37127,0.01042,0.04216,0.37642,0.01241,0.01874,0.05494,0.00213,0.01197,0.00214,0.02874
0.08149,0.02057,0.29919,0.00482,0.01838,0.02406,0.06795,0.33015,0.01082,0.00677,0.01826,0.11755
0.00635,0.00463,0.00443,0.47414,0.00748,0.47049,0.00505,0.00825,0.00935,0.00389,0.00335,0.00259
0.01932,0.26180,0.03847,0.06168,0.10437,0.32684,0.11657,0.00581,0.03385,0.00798,0.00362,0.01968
0.01285,0.40276,0.31973,0.00626,0.00505,0.00309,0.00960,0.00926,0.12768,0.00874,0.08939,0.00560
0.45243,0.00786,0.02258,0.01006,0.00887,0.00941,0.00432,0.45361,0.01857,0.00287,0.00319,0.00624
0.17065,0.05241,0.01780,0.36100,0.01032,0.14768,0.00988,0.09941,0.07610,0.02586,0.00598,0.02292
0.26583,0.01003,0.01625,0.02544,0.44060,0.00643,0.01364,0.15573,0.00859,0.01817,0.01133,0.02796
0.00854,0.05483,0.00443,0.31439,0.05526,0.10019,0.40301,0.01075,0.00415,0.00510,0.00306,0.03629
0.01315,0.00480,0.13102,0.03139,0.15487,0.03158,0.15938,0.01435,0.12792,0.00436,0.01086,0.31632
0.04866,0.01924,0.01764,0.03442,0.37904,0.39355,0.01084,0.00389,0.00596,0.02496,0.00192,0.05989
0.01399,0.06615,0.00384,0.00600,0.07719,0.02343,0.01187,0.00273,0.00403,0.00486,0.78420,0.00171
0.23595,0.15225,0.22464,0.01005,0.10405,0.13513,0.11069,0.00709,0.00534,0.00760,0.00322,0.00399
0.00718,0.01435,0.00944,0.01518,0.04124,0.03186,0.00467,0.00542,0.00943,0.00752,0.00475,0.84897
0.07543,0.08026,0.01045,0.01854,0.02462,0.02920,0.01077,0.01506,0.00245,0.00663,0.00334,0.72325
0.13930,0.10838,0.00837,0.01206,0.23648,0.25295,0.11622,0.10989,0.00344,0.00293,0.00394,0.00605
0.10949,0.01793,0.01164,0.36333,0.02739,0.36062,0.04671,0.03894,0.01181,0.00428,0.00585,0.00203
0.03219,0.01155,0.08712,0.01863,0.22424,0.02265,0.13703,0.01355,0.08922,0.11729,0.24197,0.00456
0.62838,0.02512,0.02769,0.01208,0.01172,0.15742,0.02612,0.02446,0.03038,0.03462,0.01580,0.00620
0.00447,0.03019,0.13164,0.00886,0.03535,0.01235,0.03139,0.02302,0.13050,0.55816,0.00866,0.02542
0.03506,0.03561,0.01377,0.01789,0.05547,0.37483,0.37975,0.03199,0.00469,0.02944,0.00385,0.01764
0.38074,0.01401,0.12592,0.00412,0.00493,0.15273,0.00378,0.01176,0.14181,0.12336,0.00409,0.03275
0.21611,0.03822,0.04790,0.00424,0.00474,0.22034,0.23553,0.19119,0.00983,0.01284,0.00679,0.01225
0.37788,0.03805,0.03337,0.04319,0.39206,0.00716,0.01028,0.00724,0.05689,0.00447,0.00583,0.02358
0.00773,0.01886,0.18788,0.00613,0.29271,0.05958,0.23917,0.00695,0.00774,0.16479,0.00457,0.00388
0.01333,0.08785,0.29942,0.21458,0.00256,0.11341,0.04990,0.00238,0.11210,0.03712,0.00505,0.06232
0.00743,0.01694,0.01621,0.00928,0.01498,0.13996,0.02181,0.43654,0.32421,0.00669,0.00191,0.00405
0.01567,0.02840,0.14004,0.00216,0.30721,0.29637,0.00919,0.02256,0.01055,0.15765,0.00594,0.00426
0.40148,0.38330,0.01240,0.02371,0.02500,0.03166,0.01349,0.03649,0.00761,0.03703,0.01520,0.01263
0.26544,0.02485,0.06630,0.00544,0.23902,0.03620,0.25206,0.08021,0.01632,0.00150,0.00351,0.00916
0.03631,0.02180,0.18881,0.04189,0.08326,0.06906,0.00916,0.11879,0.13342,0.04518,0.21052,0.04179
0.07509,0.02171,0.01276,0.00614,0.01168,0.31705,0.33024,0.06437,0.03329,0.01486,0.00706,0.10576
0.04957,0.21335,0.30009,0.09677,0.05186,0.10993,0.02276,0.00331,0.13550,0.00270,0.00270,0.01147
0.30297,0.30809,0.01621,0.00322,0.01075,0.00646,0.02030,0.00612,0.00687,0.00170,0.30216,0.01514
0.00767,0.00525,0.04526,0.03950,0.03482,0.00763,0.01060,0.43867,0.00278,0.39421,0.00536,0.00825
0.01204,0.01473,0.44374,0.01234,0.00999,0.00423,0.00803,0.01971,0.45931,0.00958,0.00133,0.00499
0.07602,0.04014,0.01014,0.00452,0.00528,0.01122,0.02495,0.07183,0.00779,0.00795,0.00120,0.73897
0.01276,0.16059,0.17019,0.00645,0.01008,0.02844,0.05108,0.00645,0.01590,0.02454,0.41809,0.09543
0.01824,0.42827,0.42410,0.01260,0.00150,0.00636,0.01813,0.01007,0.01174,0.00583,0.00343,0.05974
0.30764,0.00969,0.00477,0.15460,0.01707,0.01901,0.01513,0.29502,0.00518,0.14922,0.01784,0.00484
0.02292,0.04246,0.01423,0.01823,0.00611,0.02445,0.00401,0.34717,0.36897,0.01029,0.00433,0.13683
0.11264,0.28590,0.08214,0.02037,0.00420,0.10723,0.01602,0.01029,0.27464,0.03832,0.01464,0.03361
0.01952,0.01215,0.03628,0.00921,0.06866,0.02662,0.07162,0.06248,0.02666,0.04094,0.01540,0.61045
0.00922,0.00337,0.00186,0.00226,0.03265,0.46912,0.00366,0.00085,0.46825,0.00291,0.00387,0.00197
0.00589,0.00519,0.00301,0.00368,0.01336,0.14380,0.41146,0.40126,0.00144,0.00284,0.00258,0.00549
0.02934,0.02586,0.25623,0.01553,0.02452,0.26266,0.01078,0.01269,0.01012,0.00979,0.00939,0.33310
0.00559,0.01032,0.10301,0.01393,0.00960,0.23931,0.12865,0.27775,0.02669,0.01065,0.00271,0.17181
0.14920,0.00467,0.15290,0.06430,0.24503,0.06763,0.06016,0.01344,0.01238,0.20589,0.01027,0.01413
0.03721,0.20528,0.29887,0.10136,0.04096,0.14685,0.01064,0.00640,0.13898,0.00320,0.00711,0.00314
0.02205,0.01534,0.04295,0.00396,0.02479,0.04031,0.00246,0.06378,0.00472,0.00495,0.02146,0.75324
0.38043,0.00633,0.09185,0.00825,0.05564,0.31130,0.01272,0.05916,0.01401,0.02096,0.02026,0.01909
0.12445,0.35382,0.01750,0.02004,0.00926,0.03502,0.01630,0.04300,0.34304,0.00677,0.00497,0.02583
0.32502,0.03806,0.07523,0.02902,0.02379,0.02323,0.00359,0.08046,0.00726,0.00392,0.37973,0.01070
0.05870,0.30175,0.28521,0.04855,0.01264,0.10698,0.10438,0.00814,0.02001,0.04095,0.00355,0.00915
0.01364,0.18134,0.19794,0.01746,0.01509,0.00500,0.15554,0.10205,0.10005,0.19073,0.00362,0.01755
0.02585,0.01408,0.00916,0.01080,0.01296,0.07033,0.00640,0.06934,0.03027,0.06952,0.00979,0.67150
0.01063,0.00554,0.02838,0.00687,0.03272,0.00954,0.01662,0.00890,0.02087,0.00945,0.00263,0.84784
0.06548,0.04436,0.02419,0.22570,0.00690,0.01292,0.02223,0.23963,0.02091,0.01338,0.01336,0.31094
0.32430,0.32598,0.02687,0.05972,0.10344,0.07905,0.01482,0.00435,0.01495,0.02937,0.00462,0.01254
0.01867,0.02932,0.19368,0.01646,0.16710,0.01221,0.20048,0.01826,0.02213,0.17535,0.13380,0.01253
0.02048,0.30252,0.02572,0.15776,0.00205,0.45327,0.00461,0.01503,0.00508,0.00584,0.00179,0.00586
0.03735,0.16131,0.05816,0.09845,0.02782,0.15989,0.17448,0.10623,0.16049,0.00497,0.00473,0.00609
0.01958,0.01600,0.00783,0.44355,0.00893,0.01830,0.12546,0.00949,0.01434,0.32613,0.00533,0.00506
0.00383,0.48101,0.49212,0.00252,0.00196,0.00222,0.00767,0.00217,0.00108,0.00184,0.00173,0.00185
0.03968,0.02175,0.01146,0.00913,0.04181,0.21263,0.21285,0.28005,0.01962,0.13131,0.01266,0.00704
0.00778,0.47535,0.00402,0.00067,0.47685,0.00403,0.00326,0.00352,0.00996,0.00292,0.00269,0.00895
0.15824,0.26518,0.27601,0.00763,0.01026,0.15325,0.03711,0.02834,0.00724,0.02527,0.01116,0.02033
0.27442,0.05756,0.03477,0.01022,0.17707,0.16038,0.01213,0.24699,0.00686,0.01082,0.00309,0.00570
0.22324,0.00607,0.26185,0.02287,0.00577,0.02927,0.01123,0.01118,0.01133,0.01488,0.39664,0.00569
0.05577,0.09659,0.15696,0.06424,0.10530,0.05118,0.02488,0.22655,0.00719,0.16615,0.00450,0.04069
0.42746,0.01607,0.01108,0.02139,0.44708,0.01125,0.00769,0.02338,0.01014,0.00788,0.00848,0.00808
0.08176,0.10874,0.03750,0.00401,0.30231,0.00797,0.01156,0.07115,0.35658,0.00708,0.00813,0.00321
0.27354,0.00823,0.04368,0.01064,0.01728,0.01628,0.01867,0.24559,0.00626,0.06684,0.28336,0.00964
0.36370,0.01615,0.05611,0.35165,0.00817,0.00330,0.02674,0.00516,0.00348,0.14812,0.00439,0.01303
0.20357,0.00759,0.01427,0.19568,0.03130,0.01598,0.00614,0.00922,0.02074,0.00366,0.34330,0.14855
0.04362,0.00811,0.08702,0.12606,0.03406,0.10905,0.00887,0.02542,0.00501,0.15794,0.26810,0.12673
0.20621,0.00379,0.01154,0.01445,0.43576,0.04576,0.00533,0.18899,0.05609,0.00288,0.02146,0.00773
0.03905,0.03327,0.04710,0.00743,0.03379,0.10111,0.00894,0.01589,0.00504,0.01331,0.01048,0.68458
0.03098,0.01118,0.16416,0.02100,0.01983,0.02961,0.00932,0.01445,0.14685,0.00649,0.54427,0.00186
0.03852,0.00761,0.00547,0.05472,0.00384,0.17976,0.01840,0.41219,0.25632,0.00342,0.01454,0.00518
0.19443,0.13231,0.08240,0.00814,0.03323,0.00454,0.00356,0.16715,0.35863,0.01123,0.00098,0.00340
0.02140,0.05149,0.06097,0.00645,0.00362,0.01836,0.09269,0.00659,0.01143,0.08872,0.16447,0.47380
0.14792,0.00867,0.07484,0.09531,0.04360,0.00769,0.11165,0.02742,0.03837,0.15258,0.00318,0.28877
0.00595,0.00577,0.00919,0.00826,0.00901,0.90844,0.01670,0.01519,0.00548,0.00865,0.00534,0.00204
0.00678,0.01226,0.00677,0.00568,0.01808,0.01800,0.02112,0.01228,0.00313,0.03823,0.01893,0.83874
0.01414,0.13891,0.00686,0.30496,0.00912,0.43406,0.00865,0.00800,0.00757,0.00797,0.05593,0.00383
0.43729,0.03257,0.00697,0.00494,0.03461,0.00641,0.01426,0.42569,0.00387,0.00828,0.00239,0.02271
0.08704,0.11035,0.10281,0.03111,0.04242,0.26049,0.27022,0.06299,0.00597,0.01655,0.00242,0.00764
0.02430,0.20235,0.19364,0.00808,0.02005,0.16893,0.16342,0.01836,0.01062,0.00771,0.10328,0.07926
0.02002,0.09627,0.20754,0.00359,0.02096,0.12667,0.01241,0.01434,0.03707,0.00422,0.00300,0.45390
0.38770,0.00904,0.00675,0.00200,0.00999,0.00704,0.00697,0.44318,0.11876,0.00166,0.00189,0.00501
0.06899,0.00702,0.06110,0.05126,0.01877,0.00385,0.02271,0.00643,0.06412,0.00370,0.68354,0.00851
0.45660,0.45301,0.01578,0.00502,0.00411,0.01496,0.03108,0.00851,0.00350,0.00365,0.00180,0.00198
0.01486,0.38409,0.00442,0.00709,0.01740,0.01709,0.00648,0.00842,0.00410,0.36550,0.00482,0.16572
0.01591,0.03940,0.03787,0.00532,0.02795,0.05118,0.12749,0.01854,0.03451,0.12190,0.00262,0.51732
0.00483,0.00333,0.00342,0.00520,0.00289,0.46614,0.01327,0.00385,0.46045,0.01582,0.01708,0.00372
0.00353,0.00702,0.01383,0.02181,0.00539,0.01104,0.21669,0.20470,0.01670,0.48653,0.00627,0.00650
0.00574,0.00791,0.10900,0.00811,0.34908,0.01247,0.03831,0.00697,0.12061,0.32502,0.00630,0.01048
0.23333,0.01372,0.06106,0.23324,0.02001,0.03057,0.02334,0.04531,0.04420,0.11330,0.00368,0.17823
0.00254,0.00703,0.00384,0.00221,0.00272,0.00231,0.00111,0.00257,0.00127,0.00196,0.00116,0.97130
0.01101,0.05018,0.10054,0.04190,0.01401,0.04820,0.03864,0.07367,0.14285,0.02048,0.02877,0.42976
0.00366,0.00769,0.00506,0.00367,0.00253,0.07381,0.00363,0.00184,0.00386,0.00221,0.00401,0.88802
0.04405,0.01907,0.01202,0.00763,0.04397,0.03434,0.01044,0.00393,0.00652,0.00442,0.02803,0.78558
0.01530,0.02323,0.02262,0.00643,0.22294,0.03076,0.40232,0.05695,0.13866,0.06189,0.00402,0.01489
0.00271,0.00733,0.01677,0.04182,0.40375,0.06742,0.42839,0.01002,0.00784,0.00727,0.00172,0.00495
0.34853,0.02190,0.09339,0.00424,0.01285,0.01443,0.01382,0.32973,0.05409,0.08652,0.01050,0.01000
0.00754,0.00189,0.00838,0.00539,0.46610,0.00307,0.48222,0.00523,0.00518,0.00268,0.00908,0.00324
0.00881,0.01796,0.12562,0.00345,0.00680,0.15617,0.01471,0.00386,0.00628,0.00833,0.00568,0.64233
0.01420,0.31178,0.08343,0.00701,0.01612,0.30892,0.04156,0.04579,0.07629,0.07037,0.00614,0.01839
0.00680,0.33810,0.08016,0.01047,0.01666,0.33315,0.03126,0.00837,0.08673,0.00183,0.00272,0.08376
0.00278,0.00204,0.00532,0.00316,0.00356,0.07604,0.00481,0.00173,0.00324,0.00362,0.00136,0.89234
0.38562,0.05874,0.00831,0.00323,0.02301,0.01205,0.00928,0.38250,0.00882,0.07345,0.03052,0.00445
0.02548,0.00157,0.00490,0.00508,0.01148,0.46897,0.00566,0.00431,0.45594,0.00243,0.00853,0.00566
0.01212,0.10693,0.19619,0.26588,0.01139,0.06497,0.26468,0.00230,0.00835,0.01636,0.01869,0.03213
0.05413,0.04344,0.02494,0.01445,0.10353,0.23001,0.01524,0.27913,0.16208,0.01378,0.05221,0.00706
0.08849,0.02610,0.33053,0.31604,0.10809,0.06025,0.01029,0.03771,0.00294,0.01356,0.00205,0.00396
0.01193,0.01498,0.00348,0.00255,0.00850,0.02354,0.00598,0.00296,0.00999,0.00300,0.01501,0.89809
0.04489,0.02171,0.09431,0.00649,0.00893,0.01279,0.00511,0.01821,0.07680,0.01162,0.00575,0.69339
0.00645,0.00255,0.00862,0.00634,0.00222,0.00319,0.00393,0.26579,0.27022,0.00277,0.42515,0.00276
0.11274,0.01028,0.02622,0.01098,0.08202,0.31608,0.02512,0.00396,0.30958,0.01603,0.06523,0.02174
0.01318,0.10379,0.05335,0.00253,0.04514,0.00826,0.00862,0.00755,0.00304,0.00431,0.74787,0.00236
0.01191,0.03050,0.21050,0.21531,0.00992,0.01169,0.01266,0.02202,0.03585,0.02533,0.40536,0.00895
0.00569,0.00291,0.04081,0.26262,0.11172,0.26059,0.11019,0.01598,0.06096,0.01642,0.10352,0.00858
0.28341,0.00748,0.00444,0.00235,0.01488,0.01425,0.01321,0.26174,0.02008,0.00394,0.36171,0.01251
0.08614,0.08925,0.00809,0.01644,0.00836,0.01202,0.00385,0.00537,0.00324,0.00491,0.50486,0.25748
0.00910,0.00625,0.03871,0.00678,0.03510,0.03401,0.00560,0.24128,0.24017,0.01033,0.00193,0.37074
0.01298,0.00653,0.46129,0.00631,0.01699,0.00587,0.01589,0.00763,0.45185,0.00421,0.00718,0.00327
0.93636,0.00382,0.00496,0.00426,0.01034,0.00729,0.01300,0.00310,0.00462,0.00245,0.00242,0.00737
0.03917,0.04124,0.01199,0.32349,0.00877,0.03217,0.04103,0.30895,0.07148,0.05457,0.00931,0.05782
0.24306,0.11241,0.00929,0.33259,0.04777,0.11332,0.00742,0.08826,0.02315,0.01397,0.00199,0.00676
0.34064,0.04537,0.01923,0.00994,0.04290,0.07916,0.02874,0.01193,0.04804,0.02483,0.18232,0.16690
0.01072,0.11232,0.10458,0.21341,0.01218,0.14726,0.33123,0.00616,0.00769,0.02201,0.01687,0.01557
0.01187,0.00397,0.01024,0.00366,0.00746,0.29258,0.27332,0.00974,0.01126,0.00307,0.02193,0.35090
