0.01535,0.02601,0.13493,0.24092,0.06267,0.00467,0.19927,0.01160,0.01124,0.26477,0.00192,0.00773,0.00652,0.00614,0.00626
0.13756,0.01681,0.02034,0.01938,0.01541,0.00548,0.24657,0.00806,0.04215,0.33237,0.00577,0.00558,0.00484,0.13531,0.00438
0.05028,0.00487,0.10704,0.39488,0.19119,0.10741,0.02947,0.00938,0.00387,0.03268,0.02312,0.01823,0.01480,0.00751,0.00529
0.01093,0.39247,0.04293,0.02322,0.01302,0.01718,0.04561,0.04496,0.01828,0.17349,0.00879,0.01484,0.01182,0.16470,0.01777
0.11103,0.03162,0.03492,0.18841,0.03639,0.02198,0.18322,0.03897,0.02219,0.24023,0.00939,0.00701,0.00809,0.05468,0.01186
0.11991,0.03973,0.04916,0.08100,0.18917,0.00976,0.02548,0.00711,0.22474,0.12475,0.01804,0.00679,0.03758,0.06031,0.00648
0.02730,0.00724,0.10061,0.01884,0.23673,0.03283,0.01978,0.19892,0.03139,0.02078,0.05562,0.02626,0.09029,0.12016,0.01326
0.12281,0.12618,0.03803,0.01798,0.01202,0.01624,0.01015,0.09269,0.15279,0.10745,0.00843,0.04398,0.03270,0.00854,0.21000
0.03627,0.01232,0.03836,0.03109,0.02495,0.00668,0.03528,0.31724,0.00436,0.20750,0.09893,0.00494,0.00355,0.17492,0.00361
0.02116,0.01514,0.02158,0.03850,0.01284,0.03230,0.27159,0.13259,0.00789,0.22247,0.00482,0.00933,0.03257,0.17392,0.00329
0.01765,0.00555,0.04258,0.00796,0.08235,0.05318,0.03727,0.00894,0.27882,0.02473,0.00545,0.40606,0.00408,0.00688,0.01849
0.05365,0.03015,0.05102,0.01793,0.03813,0.01688,0.05690,0.08426,0.01785,0.23118,0.32413,0.00734,0.00756,0.05158,0.01141
0.03802,0.26124,0.01346,0.06165,0.16939,0.00273,0.00770,0.07070,0.05542,0.02775,0.02479,0.20876,0.00307,0.04587,0.00947
0.07040,0.05844,0.02090,0.24352,0.04960,0.03047,0.01214,0.13484,0.04489,0.06759,0.15374,0.02108,0.01173,0.07113,0.00955
0.01784,0.04393,0.04074,0.01720,0.10908,0.02860,0.01882,0.22270,0.00801,0.19844,0.00823,0.02803,0.01343,0.24179,0.00315
0.31379,0.00620,0.00738,0.32557,0.02553,0.01758,0.02139,0.04376,0.00672,0.17982,0.00411,0.00568,0.02840,0.00713,0.00693
0.01864,0.00398,0.32544,0.03848,0.21277,0.00580,0.01855,0.00764,0.01151,0.27946,0.01799,0.00753,0.00755,0.04069,0.00398
0.01187,0.00234,0.39711,0.00369,0.37992,0.00480,0.00735,0.00407,0.00561,0.14891,0.00536,0.00331,0.00921,0.00932,0.00712
0.02005,0.01615,0.22764,0.02107,0.08882,0.01032,0.00674,0.28809,0.01062,0.03670,0.01212,0.20269,0.02261,0.02510,0.01129
0.02048,0.00823,0.04370,0.01826,0.36908,0.01622,0.02915,0.09846,0.00652,0.05397,0.17621,0.04211,0.00794,0.10424,0.00543
0.10114,0.00676,0.02979,0.28203,0.02916,0.10141,0.00827,0.06592,0.00615,0.17551,0.01074,0.02595,0.02016,0.08119,0.05582
0.18168,0.00528,0.05971,0.10958,0.19242,0.00745,0.01320,0.13057,0.02510,0.09710,0.01909,0.10772,0.00383,0.04098,0.00628
0.01000,0.00514,0.38824,0.05262,0.47562,0.00941,0.00413,0.00265,0.00511,0.00491,0.01330,0.01268,0.00432,0.00645,0.00540
0.06720,0.00837,0.32462,0.14490,0.23690,0.00677,0.00567,0.01057,0.01207,0.10002,0.01245,0.00370,0.00557,0.03641,0.02478
0.05608,0.00923,0.06282,0.01476,0.01908,0.00866,0.05355,0.03242,0.21300,0.16490,0.04357,0.30023,0.00309,0.00985,0.00877
0.01762,0.01279,0.02183,0.02080,0.03276,0.41141,0.21604,0.01296,0.01049,0.10256,0.03503,0.02176,0.00523,0.06932,0.00940
0.00904,0.02804,0.00740,0.16441,0.01090,0.18456,0.43238,0.00690,0.00716,0.06631,0.00298,0.03150,0.00214,0.01074,0.03554
0.00750,0.03382,0.04567,0.25643,0.11876,0.00929,0.01353,0.00370,0.01346,0.00495,0.03799,0.41635,0.02511,0.00710,0.00633
0.01168,0.00471,0.35283,0.02571,0.18984,0.10963,0.00623,0.02842,0.00750,0.02059,0.00432,0.01145,0.11939,0.01776,0.08994
0.11897,0.02087,0.02002,0.69895,0.02805,0.01805,0.00887,0.00917,0.01101,0.00522,0.02730,0.00899,0.00927,0.00968,0.00556
0.01218,0.02951,0.04311,0.02670,0.08093,0.00401,0.31215,0.01126,0.00643,0.38410,0.00438,0.00304,0.00484,0.07368,0.00370
0.25856,0.07929,0.00537,0.16175,0.01650,0.00728,0.01325,0.06495,0.00733,0.01413,0.30719,0.00875,0.00432,0.03291,0.01839
0.02228,0.00423,0.30636,0.01147,0.01787,0.01381,0.00524,0.00729,0.00803,0.03028,0.48152,0.00647,0.01653,0.03498,0.03366
0.02023,0.01793,0.04088,0.02206,0.13130,0.29766,0.09180,0.03383,0.01959,0.01236,0.13522,0.12140,0.00410,0.02302,0.02863
0.01112,0.01346,0.17287,0.00608,0.15847,0.00851,0.00941,0.00895,0.28488,0.02732,0.00611,0.25965,0.01062,0.01358,0.00896
0.19611,0.21373,0.00305,0.40408,0.09361,0.00547,0.00722,0.00787,0.01272,0.02085,0.00326,0.00480,0.00804,0.00649,0.01269
0.02702,0.08393,0.36523,0.02868,0.04742,0.01460,0.00858,0.00654,0.02988,0.01758,0.22100,0.10450,0.01307,0.00740,0.02454
0.03312,0.00435,0.48536,0.02055,0.12794,0.02534,0.00861,0.01771,0.02446,0.00782,0.01758,0.02778,0.15200,0.02821,0.01917
0.00976,0.10807,0.06885,0.01161,0.03908,0.00849,0.13820,0.10129,0.00623,0.12053,0.16561,0.03194,0.00308,0.17612,0.01114
0.04983,0.00574,0.06092,0.36542,0.12136,0.01665,0.09907,0.01542,0.03183,0.13711,0.01180,0.02204,0.00948,0.04801,0.00531
0.16476,0.01575,0.03398,0.02139,0.29020,0.01148,0.11379,0.02825,0.03652,0.15800,0.01658,0.04058,0.00413,0.02962,0.03499
0.02909,0.00697,0.28432,0.01523,0.03263,0.01880,0.11946,0.05039,0.00476,0.30096,0.01825,0.00480,0.00732,0.10210,0.00493
0.19567,0.00886,0.01930,0.20564,0.03053,0.02898,0.17457,0.02190,0.00763,0.24585,0.00636,0.00374,0.00512,0.04019,0.00565
0.04164,0.02154,0.03742,0.03690,0.06177,0.03295,0.07425,0.09843,0.03075,0.11027,0.00674,0.33422,0.01180,0.02912,0.07218
0.01016,0.01612,0.46518,0.01120,0.14651,0.02089,0.00867,0.00581,0.03275,0.08240,0.00718,0.00423,0.01543,0.16481,0.00867
0.27541,0.10736,0.05147,0.05027,0.05420,0.01304,0.02189,0.13330,0.01954,0.01887,0.01735,0.05935,0.00807,0.16184,0.00802
0.04575,0.03801,0.08780,0.01459,0.04360,0.00545,0.09217,0.00750,0.04094,0.13159,0.12948,0.00863,0.25460,0.03477,0.06512
0.00694,0.02974,0.00696,0.26971,0.00968,0.15142,0.00822,0.00694,0.00259,0.00568,0.06893,0.20121,0.22311,0.00565,0.00321
0.04888,0.23079,0.05495,0.03040,0.06401,0.01035,0.03139,0.09015,0.01270,0.26641,0.05035,0.04321,0.01700,0.04313,0.00628
0.07577,0.00653,0.42940,0.00762,0.26095,0.00764,0.00969,0.01379,0.01006,0.13262,0.00528,0.00532,0.00709,0.00746,0.02077
0.13797,0.19689,0.02517,0.08500,0.14674,0.01512,0.01685,0.01942,0.01586,0.06732,0.02075,0.22410,0.00558,0.00656,0.01668
0.00947,0.01030,0.00897,0.06085,0.00771,0.06260,0.01462,0.53735,0.00189,0.02445,0.00421,0.00889,0.00505,0.24155,0.00211
0.17200,0.04537,0.00736,0.23865,0.00966,0.03079,0.00625,0.02222,0.18929,0.03162,0.00512,0.20970,0.01875,0.00818,0.00505
0.29151,0.01611,0.02133,0.04945,0.03555,0.00769,0.03147,0.11290,0.10828,0.28027,0.00730,0.00590,0.00785,0.01815,0.00623
0.01083,0.00280,0.29055,0.01337,0.16461,0.00570,0.11514,0.00645,0.01170,0.25840,0.00355,0.00662,0.00498,0.10040,0.00491
0.01916,0.01606,0.11422,0.06435,0.09444,0.03062,0.01534,0.01909,0.06225,0.02883,0.11025,0.09215,0.07991,0.23918,0.01416
0.02724,0.00699,0.24264,0.02191,0.19268,0.19543,0.00508,0.00453,0.01666,0.03198,0.01078,0.02018,0.20641,0.00996,0.00753
0.16493,0.01919,0.03647,0.02283,0.28201,0.09727,0.01137,0.02701,0.14268,0.00623,0.07715,0.04628,0.02256,0.02985,0.01419
0.07691,0.03734,0.01519,0.02060,0.08448,0.00648,0.02037,0.00526,0.09178,0.02061,0.27650,0.00876,0.27927,0.01578,0.04067
0.19188,0.10579,0.31037,0.03528,0.00672,0.00864,0.00845,0.07246,0.00473,0.14369,0.04605,0.00528,0.00683,0.01808,0.03576
0.02658,0.01887,0.00742,0.33183,0.03602,0.00912,0.04295,0.24153,0.00502,0.10790,0.00719,0.00739,0.00474,0.14922,0.00421
0.01732,0.00409,0.38234,0.12839,0.32327,0.00884,0.01649,0.00612,0.00317,0.07255,0.00223,0.00374,0.01796,0.00932,0.00417
0.09267,0.00917,0.11258,0.03937,0.29558,0.01486,0.00541,0.18504,0.00367,0.01423,0.00505,0.00753,0.01250,0.18563,0.01671
0.06934,0.08074,0.06693,0.00782,0.05230,0.02804,0.01606,0.02747,0.03962,0.00470,0.39645,0.00796,0.00601,0.04531,0.15124
0.01571,0.01824,0.09952,0.01681,0.03996,0.15591,0.23493,0.00448,0.10119,0.01187,0.08242,0.01272,0.00364,0.17223,0.03036
0.42248,0.00329,0.00324,0.53097,0.00392,0.00235,0.00264,0.01270,0.00249,0.00332,0.00129,0.00140,0.00158,0.00354,0.00480
0.04340,0.00711,0.02041,0.01118,0.08137,0.01669,0.05057,0.02208,0.10091,0.01232,0.01588,0.58918,0.01996,0.00374,0.00520
0.02911,0.00762,0.02197,0.46182,0.03245,0.02516,0.02132,0.15584,0.01113,0.01826,0.01700,0.03416,0.01000,0.14798,0.00616
0.00886,0.01113,0.02321,0.00819,0.04644,0.00589,0.01348,0.00278,0.52417,0.02037,0.00555,0.00348,0.00980,0.31183,0.00481
0.01933,0.00769,0.04265,0.03453,0.07559,0.00983,0.29953,0.15146,0.00531,0.28083,0.00397,0.00572,0.01499,0.04663,0.00195
0.03080,0.04768,0.13467,0.04993,0.00567,0.05564,0.01240,0.24526,0.00525,0.09163,0.00636,0.01070,0.00614,0.29194,0.00594
0.00547,0.00256,0.45259,0.00353,0.49906,0.00177,0.00234,0.00264,0.00251,0.00757,0.00372,0.00280,0.00346,0.00617,0.00381
0.02483,0.00754,0.01998,0.26982,0.00817,0.00691,0.17091,0.01659,0.02218,0.25511,0.00779,0.01130,0.00508,0.16203,0.01174
0.02414,0.01051,0.16439,0.02960,0.01722,0.01660,0.00656,0.01063,0.05238,0.01029,0.50035,0.05448,0.01759,0.01152,0.07375
0.27686,0.00455,0.08483,0.09382,0.25699,0.02151,0.09136,0.03718,0.00614,0.04839,0.01910,0.00749,0.00358,0.03909,0.00910
0.01861,0.01023,0.01901,0.03126,0.02695,0.30256,0.00473,0.06619,0.01955,0.19396,0.02193,0.02165,0.20175,0.03020,0.03143
0.04374,0.03915,0.15580,0.04696,0.02209,0.00910,0.00499,0.16415,0.00315,0.14167,0.18731,0.00619,0.01400,0.12540,0.03629
0.04645,0.03832,0.34605,0.25063,0.03182,0.00697,0.00681,0.01665,0.00601,0.19863,0.00589,0.00393,0.00668,0.00986,0.02531
0.02800,0.00942,0.30051,0.01740,0.14198,0.00593,0.02141,0.01127,0.12697,0.04195,0.02469,0.24412,0.00458,0.01516,0.00659
0.17109,0.07721,0.18687,0.13065,0.02869,0.01277,0.02113,0.00553,0.09607,0.07627,0.14523,0.01433,0.00662,0.01354,0.01399
0.01507,0.00664,0.03753,0.00766,0.23512,0.01270,0.01010,0.01029,0.05784,0.01083,0.36952,0.19377,0.00718,0.01963,0.00614
0.01886,0.00555,0.01920,0.01753,0.01073,0.02861,0.11774,0.34554,0.00239,0.17871,0.01690,0.00326,0.00277,0.22960,0.00261
0.12657,0.00857,0.02570,0.13442,0.06692,0.03012,0.03108,0.01350,0.22422,0.05661,0.00526,0.24690,0.00669,0.00647,0.01697
0.02800,0.12707,0.11312,0.00709,0.01274,0.07495,0.07454,0.00811,0.18978,0.04285,0.01323,0.22352,0.00323,0.01581,0.06596
0.03660,0.02832,0.05705,0.03604,0.02741,0.00951,0.30682,0.00610,0.00754,0.44217,0.01316,0.00671,0.00680,0.01014,0.00565
0.14055,0.01449,0.01730,0.05393,0.01569,0.01115,0.03849,0.02442,0.00813,0.14351,0.39051,0.00530,0.00488,0.07096,0.06068
0.05634,0.01219,0.21207,0.14068,0.02406,0.00959,0.14834,0.02954,0.01163,0.29774,0.01136,0.00924,0.00470,0.02437,0.00815
0.24527,0.04255,0.05758,0.10744,0.03472,0.01251,0.14758,0.08088,0.02711,0.18550,0.00705,0.01109,0.01349,0.02189,0.00534
0.05180,0.02714,0.02058,0.02768,0.02266,0.24992,0.28053,0.01746,0.00677,0.21216,0.00943,0.02723,0.00311,0.03579,0.00775
0.20968,0.00328,0.28596,0.02899,0.01912,0.00630,0.07228,0.01185,0.00466,0.30389,0.00422,0.00449,0.00629,0.03364,0.00534
0.00696,0.00386,0.00447,0.01098,0.00322,0.00885,0.00864,0.48600,0.00120,0.08285,0.00227,0.00225,0.00232,0.37480,0.00132
0.24173,0.09594,0.01061,0.27674,0.03371,0.04807,0.01180,0.00995,0.17848,0.01051,0.00739,0.00768,0.01421,0.04904,0.00415
0.21838,0.02225,0.05264,0.28923,0.02019,0.00946,0.01852,0.04228,0.02383,0.13060,0.01252,0.00660,0.00604,0.13422,0.01324
0.04881,0.01029,0.01332,0.17703,0.02259,0.04432,0.02257,0.21486,0.01015,0.04064,0.04646,0.20131,0.02731,0.11550,0.00483
0.06735,0.04352,0.04470,0.03733,0.03132,0.00647,0.28916,0.00783,0.00830,0.41516,0.00603,0.00489,0.00693,0.02747,0.00355
0.09371,0.00738,0.01541,0.21048,0.01191,0.00651,0.01527,0.00510,0.23323,0.03537,0.01243,0.00271,0.06885,0.27321,0.00844
0.03316,0.00774,0.08673,0.04172,0.04679,0.00462,0.37901,0.01367,0.00365,0.35509,0.00409,0.00283,0.00367,0.01487,0.00238
0.02817,0.00537,0.17466,0.00998,0.06650,0.29223,0.04603,0.01262,0.10135,0.01963,0.04599,0.12360,0.00365,0.01192,0.05829
0.01442,0.00963,0.02419,0.01251,0.02079,0.02805,0.01519,0.26243,0.01518,0.04601,0.21665,0.13608,0.00826,0.18629,0.00433
0.07999,0.01339,0.04662,0.02434,0.04048,0.24058,0.01262,0.10806,0.08813,0.05393,0.01812,0.16425,0.06666,0.02195,0.02089
