0.09735,0.09133,0.23077,0.03027,0.23762,0.00615,0.06987,0.01137,0.00792,0.07548,0.09967,0.00954,0.00823,0.01208,0.01235
0.06909,0.32793,0.30427,0.04927,0.02631,0.02183,0.03053,0.02019,0.01256,0.03414,0.01833,0.00872,0.00935,0.02699,0.04049
0.04577,0.00819,0.02018,0.05402,0.03427,0.04423,0.10359,0.24668,0.02648,0.09677,0.00612,0.01047,0.03053,0.26120,0.01149
0.08058,0.00868,0.17111,0.03392,0.17551,0.01710,0.02017,0.14362,0.02165,0.03266,0.09380,0.01900,0.00750,0.15788,0.01682
0.02546,0.01626,0.01895,0.00877,0.02097,0.01064,0.19712,0.03060,0.18908,0.22277,0.04337,0.19141,0.00797,0.01074,0.00588
0.08466,0.01262,0.02846,0.02510,0.03303,0.22645,0.01904,0.03672,0.06967,0.02912,0.05034,0.00778,0.28123,0.07851,0.01729
0.03634,0.01565,0.28259,0.09241,0.27808,0.07467,0.02607,0.00880,0.01423,0.02304,0.00549,0.05025,0.07027,0.01551,0.00658
0.03911,0.02364,0.06520,0.03881,0.04266,0.00657,0.11149,0.16087,0.09337,0.12356,0.02593,0.08248,0.01700,0.16224,0.00707
0.02861,0.01635,0.21707,0.01840,0.20960,0.16592,0.07585,0.03778,0.02204,0.00968,0.01855,0.02988,0.09452,0.05012,0.00563
0.00920,0.01044,0.07802,0.00726,0.07457,0.12849,0.13305,0.21441,0.01543,0.01939,0.04264,0.01778,0.00291,0.23727,0.00914
0.20604,0.01518,0.01688,0.01442,0.02115,0.03432,0.11687,0.13045,0.00979,0.10091,0.16794,0.00418,0.01191,0.14317,0.00679
0.03083,0.01443,0.26303,0.01127,0.27807,0.08092,0.04951,0.01897,0.07188,0.03464,0.02022,0.07278,0.02296,0.01408,0.01641
0.02105,0.01489,0.17102,0.14339,0.18536,0.12713,0.04499,0.01284,0.03288,0.00403,0.00729,0.14649,0.05993,0.01475,0.01395
0.13191,0.02063,0.04393,0.13029,0.03979,0.01356,0.07368,0.15008,0.07688,0.06404,0.00959,0.07498,0.00291,0.15526,0.01246
0.07902,0.28501,0.15071,0.06458,0.13830,0.06007,0.11436,0.00594,0.01923,0.03475,0.00990,0.01567,0.01058,0.00634,0.00555
0.08663,0.01991,0.15726,0.02739,0.16203,0.01216,0.01213,0.02393,0.15382,0.04448,0.08607,0.00549,0.03257,0.15049,0.02565
0.04555,0.07846,0.18568,0.05272,0.18271,0.01374,0.02537,0.11362,0.00931,0.02669,0.00452,0.01399,0.09918,0.13460,0.01386
0.01406,0.00649,0.01199,0.01249,0.01954,0.02627,0.24667,0.01857,0.16955,0.25620,0.00607,0.01644,0.01861,0.15404,0.02301
0.02204,0.02375,0.04532,0.02286,0.07429,0.09120,0.02625,0.03807,0.26686,0.01913,0.01248,0.25959,0.06269,0.00758,0.02790
0.07460,0.01865,0.00535,0.05309,0.03969,0.11685,0.11568,0.10971,0.07867,0.11901,0.03965,0.04379,0.07406,0.02013,0.09107
0.10274,0.01076,0.05084,0.01719,0.01990,0.02945,0.09850,0.07241,0.00612,0.11777,0.32983,0.00643,0.03718,0.08545,0.01543
0.01004,0.06409,0.04356,0.07496,0.01860,0.02229,0.00854,0.01323,0.31207,0.01674,0.01031,0.33592,0.01756,0.04282,0.00926
0.23472,0.01245,0.00614,0.23008,0.01362,0.02577,0.17351,0.01815,0.01668,0.17095,0.03137,0.04841,0.00565,0.00750,0.00500
0.32060,0.04939,0.04185,0.30686,0.09174,0.02690,0.02008,0.01404,0.01866,0.02274,0.01162,0.00957,0.03049,0.02144,0.01402
0.21588,0.03179,0.01366,0.20002,0.02286,0.01218,0.07190,0.01231,0.02667,0.18249,0.01359,0.04284,0.01512,0.01425,0.12444
0.04286,0.07341,0.04909,0.25623,0.02994,0.07481,0.02517,0.04533,0.00997,0.01677,0.02759,0.23896,0.04731,0.04736,0.01520
0.02182,0.00723,0.35373,0.01482,0.36263,0.04680,0.01364,0.01422,0.04484,0.00486,0.00917,0.04189,0.03513,0.01052,0.01870
0.02596,0.01264,0.02239,0.01128,0.02125,0.01038,0.01559,0.32979,0.02534,0.09639,0.01751,0.02022,0.03046,0.08250,0.27831
0.39768,0.11391,0.01821,0.21980,0.02647,0.04907,0.02516,0.03222,0.00760,0.02671,0.01985,0.00464,0.02620,0.02412,0.00835
0.15667,0.00429,0.12484,0.16065,0.10505,0.01218,0.09282,0.06469,0.01332,0.09992,0.06978,0.01696,0.00339,0.01911,0.05634
0.16840,0.01369,0.04187,0.13359,0.04865,0.01132,0.02253,0.24834,0.01000,0.01611,0.01391,0.00640,0.00493,0.25463,0.00561
0.07113,0.01431,0.00464,0.01355,0.02270,0.00836,0.14358,0.13848,0.00791,0.26210,0.03553,0.00383,0.00453,0.14643,0.12292
0.07902,0.01903,0.00914,0.01499,0.02621,0.01085,0.00977,0.22336,0.00694,0.01053,0.31974,0.00572,0.00316,0.24235,0.01920
0.13952,0.01293,0.13149,0.10193,0.11267,0.00846,0.19515,0.02519,0.00417,0.21041,0.01035,0.00620,0.00303,0.02188,0.01660
0.03581,0.02341,0.10411,0.14243,0.13706,0.01125,0.03078,0.00835,0.01789,0.07879,0.08681,0.10697,0.18618,0.00719,0.02298
0.02488,0.03765,0.04995,0.27778,0.06091,0.01262,0.01010,0.05927,0.03926,0.01137,0.03344,0.27012,0.00504,0.05558,0.05205
0.41602,0.00446,0.00425,0.40864,0.00855,0.03202,0.01468,0.03291,0.00438,0.02067,0.00483,0.00556,0.00763,0.01442,0.02097
0.38341,0.00850,0.01445,0.36518,0.01249,0.01597,0.06857,0.00896,0.01093,0.07294,0.00657,0.00926,0.00728,0.00671,0.00879
0.19810,0.06319,0.15627,0.15444,0.11991,0.02717,0.01897,0.01189,0.01427,0.01561,0.04669,0.01557,0.11201,0.03581,0.01011
0.03415,0.00994,0.01555,0.04842,0.03597,0.20520,0.00739,0.11304,0.07661,0.01562,0.01008,0.10278,0.19524,0.11690,0.01311
0.11004,0.08168,0.01718,0.11457,0.07628,0.01531,0.03009,0.17944,0.07721,0.03511,0.01183,0.07740,0.00895,0.02434,0.14058
0.25304,0.02121,0.01956,0.20418,0.05823,0.01107,0.01182,0.09489,0.07218,0.01550,0.06356,0.04799,0.01108,0.10843,0.00728
0.05712,0.01415,0.00730,0.43623,0.02087,0.00723,0.00553,0.00634,0.01420,0.00658,0.00456,0.40452,0.00228,0.00811,0.00498
0.14804,0.03295,0.14000,0.14911,0.15141,0.02373,0.10109,0.02468,0.01549,0.10292,0.00905,0.02006,0.01158,0.02755,0.04235
0.07244,0.03139,0.25629,0.06348,0.23428,0.06859,0.02756,0.04911,0.03698,0.01102,0.00658,0.01824,0.04737,0.06703,0.00964
0.28278,0.01028,0.04287,0.30843,0.02170,0.01235,0.02602,0.05947,0.01270,0.00792,0.04974,0.03292,0.02286,0.04318,0.06678
0.01346,0.00528,0.01668,0.00712,0.00904,0.01130,0.40522,0.03457,0.00763,0.42324,0.01130,0.00554,0.01190,0.02957,0.00816
0.17726,0.00996,0.11689,0.15213,0.12631,0.06518,0.03284,0.10210,0.02197,0.01422,0.02201,0.01899,0.01072,0.11838,0.01106
0.05934,0.01267,0.33076,0.07422,0.32050,0.03026,0.05151,0.01049,0.01309,0.03057,0.01017,0.00857,0.01902,0.02038,0.00843
0.07106,0.01077,0.03993,0.05580,0.03942,0.01113,0.03621,0.02528,0.00374,0.23023,0.18088,0.01264,0.01412,0.03514,0.23366
0.31953,0.01638,0.04613,0.29279,0.04656,0.01217,0.05023,0.02062,0.02114,0.05821,0.06433,0.01118,0.01295,0.01932,0.00848
0.16337,0.17976,0.11777,0.13666,0.12282,0.03036,0.08591,0.01952,0.01212,0.06008,0.00543,0.02709,0.00437,0.01368,0.02104
0.00956,0.02058,0.25672,0.00914,0.26110,0.18762,0.15121,0.00675,0.01967,0.00504,0.00970,0.02272,0.02943,0.00513,0.00561
0.07441,0.00775,0.16279,0.03062,0.15422,0.04915,0.02330,0.11178,0.10003,0.00632,0.01284,0.06863,0.04125,0.14842,0.00848
0.00882,0.01468,0.21276,0.00848,0.25796,0.01161,0.13473,0.04933,0.01137,0.16326,0.00633,0.00673,0.06998,0.03608,0.00788
0.07179,0.06263,0.26187,0.18217,0.22714,0.01449,0.00518,0.01434,0.00723,0.00363,0.01153,0.10076,0.02201,0.00310,0.01212
0.26125,0.00822,0.01580,0.19631,0.02174,0.01715,0.05593,0.01025,0.01138,0.07563,0.15132,0.07741,0.01905,0.01588,0.06267
0.00887,0.02707,0.15255,0.03553,0.20451,0.01436,0.03912,0.02837,0.01936,0.20963,0.00688,0.01347,0.00616,0.04079,0.19332
0.03307,0.01880,0.32597,0.04224,0.33802,0.04040,0.06214,0.01533,0.01645,0.01597,0.01479,0.03013,0.01446,0.02115,0.01109
0.22662,0.01977,0.04819,0.22095,0.05310,0.03139,0.04133,0.12339,0.00873,0.04045,0.01298,0.01204,0.02032,0.13145,0.00928
0.11463,0.02548,0.13597,0.11285,0.09198,0.00865,0.07101,0.16420,0.01275,0.07345,0.00775,0.00613,0.00785,0.16183,0.00547
0.01748,0.02013,0.01611,0.07789,0.05063,0.05527,0.02804,0.01188,0.29956,0.01992,0.00484,0.07031,0.01732,0.28849,0.02213
0.01240,0.01194,0.06516,0.00594,0.06526,0.01220,0.08052,0.02761,0.28120,0.07723,0.03986,0.26525,0.00959,0.03169,0.01414
0.12416,0.01041,0.06408,0.06957,0.06316,0.01400,0.00960,0.21773,0.05702,0.01409,0.03495,0.06455,0.02107,0.22387,0.01173
0.04739,0.01684,0.17189,0.04007,0.20397,0.01471,0.08986,0.08216,0.06394,0.09487,0.01320,0.05833,0.00415,0.08756,0.01108
0.01912,0.00645,0.00465,0.01036,0.01031,0.42964,0.43101,0.00687,0.00718,0.01577,0.02144,0.00522,0.01680,0.00864,0.00654
0.24845,0.00463,0.08145,0.23299,0.07727,0.12024,0.09955,0.01326,0.03800,0.01351,0.00744,0.00669,0.01512,0.02951,0.01191
0.15220,0.01038,0.01144,0.01836,0.00895,0.30719,0.01256,0.00941,0.00473,0.01446,0.15331,0.00717,0.27805,0.00818,0.00360
0.07558,0.10653,0.01530,0.06921,0.09585,0.11182,0.13487,0.11017,0.00805,0.09635,0.01063,0.00706,0.03757,0.05705,0.06396
0.03377,0.01269,0.04016,0.03646,0.03801,0.17839,0.11358,0.01037,0.17349,0.05912,0.01107,0.18011,0.07424,0.01803,0.02050
0.07299,0.02494,0.03831,0.06386,0.03632,0.10609,0.11550,0.11013,0.05193,0.10246,0.01064,0.01242,0.09160,0.15414,0.00868
0.14458,0.02167,0.01062,0.17899,0.00938,0.01526,0.02074,0.02294,0.01550,0.01514,0.31546,0.16092,0.00517,0.03319,0.03043
0.01347,0.02420,0.12904,0.01758,0.14615,0.01001,0.27157,0.02280,0.01950,0.28749,0.00910,0.00633,0.00247,0.02222,0.01806
0.02010,0.02856,0.07568,0.00551,0.05517,0.05496,0.02128,0.01356,0.31978,0.01434,0.01099,0.01020,0.05232,0.30919,0.00837
0.29497,0.14880,0.07973,0.02706,0.16796,0.02035,0.01593,0.01908,0.01447,0.00845,0.16602,0.01787,0.00284,0.00961,0.00687
0.09646,0.18889,0.02360,0.19248,0.02402,0.03184,0.01645,0.14664,0.02211,0.02149,0.00609,0.00910,0.05513,0.15264,0.01308
0.32263,0.02768,0.04874,0.32244,0.03418,0.02889,0.02146,0.07072,0.00567,0.01381,0.00835,0.00651,0.01828,0.05772,0.01294
0.03031,0.04756,0.04009,0.02074,0.01192,0.09236,0.12763,0.08700,0.01455,0.20028,0.01426,0.00670,0.05591,0.08430,0.16638
0.13789,0.03910,0.00906,0.12048,0.03721,0.01549,0.01561,0.25942,0.03617,0.01006,0.00729,0.02749,0.01122,0.25801,0.01548
0.07983,0.01574,0.16601,0.05696,0.18777,0.13709,0.02610,0.07979,0.00644,0.00786,0.01823,0.03841,0.08930,0.08375,0.00671
0.02033,0.02611,0.02163,0.23188,0.01768,0.03220,0.04495,0.13379,0.01232,0.03982,0.01872,0.21074,0.02206,0.10697,0.06080
0.01179,0.00820,0.05071,0.04920,0.01427,0.00560,0.05000,0.07394,0.26456,0.07956,0.04766,0.00484,0.00450,0.31881,0.01637
0.04005,0.04345,0.03390,0.02717,0.02848,0.15483,0.07972,0.01999,0.10338,0.08743,0.08763,0.12323,0.13597,0.02217,0.01260
0.01245,0.00682,0.42040,0.00865,0.41950,0.00603,0.02104,0.00818,0.02413,0.02601,0.00735,0.01859,0.00958,0.00489,0.00639
0.02297,0.01101,0.02049,0.01929,0.04444,0.04574,0.05390,0.05630,0.25441,0.07096,0.03401,0.26769,0.00716,0.05251,0.03911
0.12403,0.05109,0.02784,0.01001,0.05686,0.26404,0.01185,0.01084,0.00854,0.00540,0.13315,0.03624,0.24283,0.00773,0.00955
0.23416,0.01267,0.03302,0.12282,0.03372,0.10321,0.02711,0.09679,0.00639,0.00911,0.14079,0.01546,0.05359,0.07934,0.03183
0.02949,0.01125,0.15605,0.02271,0.17065,0.00762,0.00666,0.02830,0.25586,0.00801,0.01110,0.24413,0.00985,0.02409,0.01423
0.04064,0.02499,0.15588,0.03998,0.15409,0.07477,0.07280,0.18484,0.00612,0.01382,0.00487,0.00172,0.00300,0.20348,0.01900
0.06897,0.02910,0.06879,0.05436,0.10015,0.02237,0.11852,0.01149,0.01884,0.21494,0.04372,0.05195,0.05159,0.02061,0.12458
0.55993,0.01020,0.05778,0.02158,0.02694,0.00676,0.04515,0.04506,0.03287,0.09612,0.01329,0.00526,0.01740,0.03657,0.02510
0.04501,0.07677,0.02838,0.15537,0.04121,0.05431,0.02678,0.11297,0.01192,0.04525,0.02356,0.14788,0.02359,0.12363,0.08337
0.09259,0.02069,0.12231,0.03769,0.12207,0.10236,0.10002,0.11031,0.03413,0.01756,0.06584,0.02034,0.01297,0.11761,0.02351
0.03002,0.05802,0.27393,0.03571,0.24146,0.07502,0.00421,0.04694,0.02389,0.02761,0.04376,0.03540,0.05142,0.04178,0.01083
0.32924,0.06431,0.00685,0.29428,0.09348,0.00643,0.01022,0.07326,0.00872,0.01448,0.00939,0.00879,0.00266,0.07271,0.00518
0.04788,0.00605,0.01007,0.03234,0.00606,0.01093,0.01100,0.37961,0.01191,0.02330,0.03235,0.00985,0.01295,0.38348,0.02223
0.13761,0.06777,0.10571,0.12624,0.13777,0.01413,0.01523,0.03661,0.12557,0.01437,0.01309,0.12924,0.00672,0.05521,0.01472
0.02135,0.04868,0.10852,0.03468,0.15826,0.26562,0.02882,0.04166,0.00496,0.01064,0.00510,0.03053,0.18342,0.04953,0.00823
0.01178,0.07346,0.07735,0.01654,0.04780,0.01589,0.15411,0.16967,0.04637,0.16621,0.01114,0.02853,0.00959,0.03256,0.13902
0.37430,0.01139,0.01529,0.34735,0.00787,0.02746,0.02196,0.02529,0.01162,0.01963,0.07285,0.00746,0.00778,0.02505,0.02469
0.18108,0.01014,0.13087,0.24458,0.12806,0.04856,0.04179,0.02025,0.02040,0.01619,0.04145,0.08416,0.00292,0.01643,0.01312
0.04348,0.04164,0.12324,0.01312,0.12045,0.11800,0.02156,0.04466,0.07264,0.07188,0.02195,0.07360,0.10257,0.05917,0.07204
0.02615,0.00825,0.13975,0.02121,0.03033,0.01589,0.09382,0.18198,0.05561,0.11260,0.02280,0.06479,0.00409,0.20431,0.01843
0.01066,0.00972,0.00933,0.00946,0.01037,0.02443,0.01194,0.14134,0.03892,0.26164,0.00831,0.02118,0.00579,0.17068,0.26623
0.13829,0.01485,0.01863,0.17130,0.00844,0.02664,0.19149,0.04569,0.02492,0.18102,0.03586,0.06330,0.00424,0.03832,0.03702
0.01514,0.01113,0.07156,0.00632,0.08251,0.04352,0.14679,0.13391,0.05366,0.15721,0.01812,0.05280,0.07375,0.12729,0.00628
0.05098,0.04884,0.16162,0.07041,0.12525,0.04005,0.03450,0.01723,0.15344,0.02291,0.02468,0.17329,0.05684,0.01440,0.00557
0.04943,0.08933,0.07939,0.20025,0.01994,0.01621,0.02152,0.09679,0.02741,0.01593,0.06248,0.16527,0.02056,0.11514,0.02035
0.06033,0.01791,0.01330,0.06840,0.01411,0.02397,0.01503,0.20624,0.14166,0.01543,0.10058,0.07903,0.00652,0.08098,0.15652
0.01694,0.29579,0.01354,0.02742,0.29815,0.01794,0.01339,0.10737,0.01637,0.00755,0.00586,0.04659,0.02500,0.02078,0.08730
0.02048,0.00389,0.11259,0.02721,0.10976,0.09983,0.09356,0.23306,0.00500,0.01815,0.01071,0.01074,0.00267,0.24439,0.00793
0.03346,0.03774,0.34137,0.03163,0.35173,0.01879,0.00944,0.01650,0.02015,0.01312,0.00793,0.01032,0.06783,0.01012,0.02987
0.14536,0.01467,0.06855,0.34902,0.05943,0.02288,0.02874,0.01589,0.02650,0.01966,0.01103,0.20855,0.01043,0.01446,0.00482
0.03315,0.01831,0.26459,0.01164,0.18996,0.21843,0.18342,0.01513,0.00619,0.02052,0.00593,0.00280,0.00583,0.02032,0.00378
0.27918,0.01189,0.01049,0.00881,0.00938,0.01251,0.03266,0.00715,0.09183,0.01551,0.36539,0.07856,0.00385,0.06389,0.00891
0.14973,0.00773,0.01438,0.01806,0.01107,0.00800,0.01172,0.10585,0.18790,0.01968,0.12874,0.22136,0.00957,0.10130,0.00492
0.18123,0.01780,0.11855,0.12994,0.11483,0.03556,0.12690,0.02056,0.01702,0.12708,0.03966,0.00724,0.03350,0.01913,0.01099
0.02416,0.03611,0.03883,0.14214,0.01495,0.06303,0.12307,0.01198,0.10590,0.15365,0.01373,0.21852,0.00246,0.01075,0.04072
0.05601,0.01652,0.01473,0.02400,0.01465,0.01968,0.02781,0.18591,0.15364,0.04059,0.03547,0.16978,0.00583,0.20917,0.02622
0.01475,0.07058,0.01235,0.11249,0.10426,0.15296,0.14815,0.01811,0.00973,0.02313,0.29334,0.00425,0.00631,0.00998,0.01959
0.25626,0.01599,0.01334,0.37420,0.00526,0.00908,0.01353,0.01014,0.00683,0.02405,0.06364,0.18319,0.00459,0.00825,0.01166
0.02483,0.43039,0.01123,0.01614,0.01269,0.01320,0.01301,0.01720,0.07658,0.13849,0.00425,0.08797,0.00847,0.01215,0.13340
0.06813,0.02476,0.02807,0.01108,0.06663,0.02774,0.30487,0.01132,0.02939,0.31441,0.05509,0.01270,0.00507,0.02969,0.01106
0.03796,0.02201,0.01430,0.02027,0.02208,0.02482,0.31236,0.01260,0.07965,0.31445,0.04619,0.07497,0.00251,0.00845,0.00739
0.06760,0.12847,0.07946,0.11563,0.06930,0.01142,0.01701,0.21379,0.01553,0.01881,0.01083,0.00737,0.00787,0.22614,0.01078
0.12413,0.01461,0.00395,0.18406,0.01441,0.00980,0.04414,0.18393,0.01460,0.07203,0.00894,0.08200,0.01771,0.18963,0.03608
0.21301,0.03130,0.03077,0.17029,0.01570,0.00798,0.09651,0.01802,0.12091,0.08591,0.07580,0.01237,0.00560,0.10894,0.00689
0.10562,0.02505,0.01991,0.33853,0.03389,0.01887,0.05088,0.05435,0.01149,0.03566,0.00831,0.22744,0.00929,0.05523,0.00547
0.06007,0.30261,0.02030,0.06323,0.29554,0.01590,0.00694,0.01833,0.02394,0.08184,0.00469,0.01460,0.01280,0.00931,0.06990
0.02258,0.01018,0.01077,0.05826,0.02421,0.19939,0.14316,0.00963,0.11496,0.08601,0.00817,0.09367,0.14514,0.06584,0.00805
0.20377,0.02753,0.11214,0.17536,0.11279,0.03679,0.03132,0.01651,0.01315,0.02434,0.11836,0.09408,0.01493,0.01104,0.00791
0.22581,0.06646,0.05960,0.21773,0.02142,0.00858,0.12167,0.01560,0.02628,0.13822,0.01304,0.02471,0.01696,0.01087,0.03305
0.06201,0.01141,0.09055,0.01113,0.05331,0.11792,0.12921,0.01391,0.24627,0.01170,0.00632,0.00490,0.00186,0.23674,0.00276
0.19709,0.01048,0.01855,0.19639,0.01438,0.02798,0.05074,0.06321,0.15066,0.01666,0.00616,0.08537,0.00489,0.14067,0.01678
0.04165,0.01303,0.36177,0.02954,0.35486,0.01339,0.01727,0.02169,0.02838,0.01762,0.00806,0.03344,0.01186,0.03290,0.01454
0.12776,0.01774,0.22136,0.12825,0.22459,0.09657,0.01573,0.01575,0.01644,0.01317,0.00472,0.00913,0.08743,0.01016,0.01120
0.05558,0.03595,0.03083,0.01397,0.02542,0.03454,0.03608,0.31454,0.01747,0.01575,0.04425,0.01491,0.01190,0.33924,0.00958
0.18960,0.06608,0.11694,0.18130,0.06519,0.00655,0.02504,0.06827,0.03611,0.07539,0.00855,0.00793,0.00365,0.07209,0.07732
0.26949,0.02220,0.00626,0.27848,0.05936,0.01579,0.02447,0.04739,0.01652,0.06717,0.00499,0.03915,0.05368,0.05943,0.03564
0.03717,0.00804,0.32750,0.03904,0.34210,0.08126,0.07283,0.02624,0.01041,0.00576,0.00986,0.01249,0.00317,0.01811,0.00600
0.27230,0.00737,0.02095,0.09621,0.01713,0.12951,0.14808,0.01289,0.01755,0.02709,0.21831,0.01230,0.00632,0.00886,0.00513
0.35994,0.00820,0.00881,0.38137,0.01075,0.08121,0.01446,0.01762,0.00509,0.01088,0.00482,0.01635,0.05924,0.01259,0.00867
0.02663,0.03262,0.02888,0.01923,0.01090,0.25719,0.25020,0.11803,0.01192,0.03486,0.01634,0.01518,0.01938,0.12145,0.03720
0.02008,0.32793,0.29765,0.01104,0.04698,0.03478,0.07192,0.01832,0.01831,0.05663,0.02359,0.01232,0.01794,0.02887,0.01364
0.03083,0.09898,0.12878,0.09388,0.14631,0.06005,0.07012,0.03687,0.03645,0.07742,0.14849,0.00878,0.01128,0.02767,0.02410
0.17255,0.03027,0.14663,0.12120,0.16404,0.01890,0.03382,0.08438,0.04161,0.01514,0.03588,0.00522,0.00252,0.12483,0.00301
0.14690,0.00591,0.05240,0.01008,0.05585,0.04560,0.01779,0.01663,0.23887,0.00605,0.15009,0.23557,0.00475,0.00580,0.00774
0.02273,0.08909,0.24366,0.00815,0.16959,0.08531,0.10375,0.01889,0.04924,0.07286,0.01267,0.06457,0.03508,0.01590,0.00849
0.02497,0.00586,0.18909,0.03046,0.18345,0.01289,0.01357,0.18005,0.07438,0.02162,0.00995,0.00818,0.00344,0.23013,0.01196
0.06962,0.01064,0.01014,0.05132,0.01600,0.02408,0.17700,0.07675,0.14329,0.18161,0.01062,0.15165,0.00644,0.06398,0.00686
0.23617,0.02026,0.04193,0.02578,0.02336,0.01521,0.02099,0.06362,0.03363,0.11867,0.20628,0.01034,0.01482,0.05643,0.11250
0.11514,0.00690,0.02460,0.11256,0.01087,0.03244,0.00820,0.18206,0.08092,0.01235,0.04932,0.07000,0.09286,0.19434,0.00743
0.15650,0.04204,0.01779,0.17336,0.02620,0.02866,0.08002,0.05584,0.00645,0.07407,0.11915,0.14195,0.00761,0.05221,0.01815
0.11119,0.01872,0.01224,0.09910,0.02128,0.05702,0.21067,0.07692,0.06670,0.19575,0.01631,0.00600,0.02071,0.07264,0.01476
0.02424,0.31541,0.00869,0.02298,0.33514,0.07722,0.04895,0.02133,0.00866,0.03255,0.01679,0.03411,0.02874,0.01103,0.01415
0.05549,0.00932,0.29754,0.04507,0.31912,0.01948,0.08263,0.01444,0.02314,0.07724,0.00670,0.01228,0.00679,0.02341,0.00734
0.02477,0.00343,0.28302,0.12700,0.30184,0.03408,0.03278,0.00850,0.00749,0.02790,0.00799,0.11035,0.01210,0.01111,0.00764
0.03524,0.00824,0.20097,0.00595,0.21143,0.02445,0.13460,0.07518,0.00804,0.15200,0.03863,0.00543,0.01914,0.07587,0.00482
0.42898,0.01540,0.03728,0.37393,0.03025,0.00762,0.01077,0.01075,0.00972,0.00621,0.02154,0.01475,0.01489,0.01390,0.00402
0.02782,0.17126,0.22267,0.02678,0.10867,0.00978,0.08274,0.09300,0.00494,0.08116,0.02137,0.01376,0.01571,0.10905,0.01130
0.01964,0.09185,0.04585,0.27521,0.12367,0.00925,0.02884,0.04146,0.00823,0.01036,0.01192,0.26997,0.02308,0.03424,0.00643
0.02184,0.00721,0.01110,0.01233,0.01396,0.01502,0.01243,0.37860,0.02727,0.00911,0.02689,0.03794,0.01085,0.25564,0.15982
0.03407,0.00480,0.00684,0.16570,0.01347,0.11233,0.13354,0.03336,0.11879,0.02574,0.04922,0.25780,0.00336,0.03643,0.00454
0.08684,0.02602,0.05445,0.04573,0.03456,0.08460,0.05605,0.07354,0.04917,0.16478,0.03431,0.04226,0.02509,0.06817,0.15443
0.09236,0.03721,0.02518,0.08580,0.06163,0.09731,0.08964,0.08813,0.14074,0.01157,0.01023,0.00543,0.03952,0.21150,0.00374
0.02670,0.00638,0.01106,0.04652,0.00718,0.11945,0.10893,0.01649,0.00334,0.29344,0.00687,0.02963,0.00338,0.01450,0.30613
0.14767,0.01084,0.01400,0.14301,0.01034,0.22928,0.22838,0.07774,0.00349,0.01808,0.00616,0.00748,0.00627,0.08786,0.00941
0.02123,0.02840,0.13485,0.05964,0.13893,0.05563,0.05008,0.12657,0.01450,0.01156,0.12796,0.05960,0.00803,0.15240,0.01063
0.29170,0.02843,0.02523,0.25791,0.05247,0.01242,0.01245,0.12968,0.01139,0.01121,0.01212,0.00398,0.00536,0.14004,0.00562
0.01440,0.00953,0.00955,0.00975,0.02897,0.38580,0.37339,0.04218,0.03682,0.00983,0.01025,0.03039,0.00742,0.01460,0.01710
0.02535,0.01775,0.01466,0.02423,0.02401,0.05906,0.12269,0.27468,0.00997,0.08692,0.00292,0.01327,0.01433,0.25077,0.05941
0.03247,0.00683,0.04067,0.01431,0.03950,0.01413,0.00933,0.00986,0.39298,0.00670,0.00941,0.16012,0.03663,0.22468,0.00239
0.30263,0.01659,0.01118,0.07179,0.00789,0.01856,0.02088,0.12041,0.01193,0.01648,0.26204,0.01503,0.00763,0.01450,0.10245
0.05223,0.03823,0.02680,0.01182,0.06911,0.00483,0.00794,0.01005,0.36305,0.00549,0.01815,0.22719,0.00656,0.14593,0.01262
0.27430,0.04435,0.03355,0.26347,0.05014,0.01871,0.01516,0.01384,0.03990,0.01079,0.16592,0.03062,0.00971,0.01250,0.01705
0.09501,0.00632,0.01846,0.12357,0.01925,0.02377,0.28178,0.02025,0.03828,0.27135,0.01414,0.01465,0.01561,0.04829,0.00926
0.01049,0.00847,0.00852,0.01763,0.01549,0.01808,0.06360,0.27018,0.08915,0.06748,0.01917,0.11287,0.01407,0.27769,0.00713
0.01449,0.18444,0.16491,0.01092,0.00956,0.02312,0.04446,0.07731,0.17040,0.03702,0.00273,0.00465,0.00765,0.16461,0.08373
0.02598,0.01767,0.06975,0.13012,0.07206,0.00830,0.00888,0.20307,0.04903,0.00801,0.00375,0.11597,0.01715,0.26488,0.00538
0.03023,0.01392,0.02002,0.01855,0.01724,0.03390,0.03570,0.33150,0.03188,0.02746,0.02659,0.00673,0.04482,0.35515,0.00631
0.06925,0.03962,0.13582,0.04919,0.12327,0.00874,0.01472,0.00953,0.23836,0.00837,0.01447,0.27261,0.00744,0.00547,0.00315
0.02923,0.00669,0.03147,0.01466,0.02661,0.09963,0.06456,0.31247,0.01606,0.01587,0.00829,0.01120,0.01476,0.32099,0.02753
0.13144,0.00646,0.10696,0.12822,0.12555,0.00543,0.19421,0.01329,0.03403,0.19302,0.01051,0.01195,0.00967,0.02013,0.00913
0.01532,0.06404,0.19132,0.01022,0.11902,0.17669,0.03104,0.09637,0.01225,0.01304,0.00396,0.00632,0.16263,0.01614,0.08164
0.01392,0.01986,0.04094,0.00670,0.06416,0.06716,0.05322,0.09690,0.25215,0.04675,0.00799,0.23800,0.03358,0.04733,0.01136
0.00923,0.02351,0.00715,0.00961,0.02959,0.16693,0.00743,0.00765,0.28113,0.00987,0.00518,0.27723,0.15574,0.00447,0.00529
0.04679,0.07958,0.01333,0.03359,0.09194,0.01079,0.17320,0.11643,0.04790,0.19854,0.00782,0.02692,0.01625,0.11809,0.01882
0.17511,0.02168,0.02003,0.11008,0.01803,0.03971,0.04642,0.05814,0.09843,0.13282,0.02040,0.07409,0.01612,0.06086,0.10808
0.11654,0.01339,0.02360,0.02888,0.00507,0.00882,0.15291,0.04422,0.00978,0.17806,0.35042,0.01458,0.00452,0.04267,0.00654
0.32499,0.01944,0.02868,0.26500,0.02386,0.01752,0.02640,0.01227,0.04062,0.01970,0.09382,0.02372,0.06246,0.03645,0.00506
0.00777,0.00843,0.00843,0.01870,0.00906,0.42600,0.45061,0.00477,0.01324,0.02918,0.00321,0.00812,0.00683,0.00325,0.00238
0.27625,0.04207,0.03058,0.26431,0.01558,0.02227,0.08336,0.02682,0.02670,0.09031,0.03051,0.02030,0.02750,0.01488,0.02857
0.04790,0.02216,0.02132,0.04677,0.02005,0.28027,0.27860,0.03895,0.05956,0.01314,0.02968,0.07023,0.00973,0.03890,0.02274
0.01322,0.00867,0.01677,0.06448,0.01433,0.02877,0.27221,0.06230,0.07674,0.27686,0.00284,0.03661,0.01122,0.10830,0.00668
0.11796,0.02670,0.23038,0.07771,0.26183,0.05789,0.01574,0.01328,0.04518,0.01198,0.01071,0.04508,0.04929,0.02184,0.01440
0.06969,0.03045,0.05104,0.01056,0.04517,0.05123,0.12718,0.04082,0.14700,0.11164,0.11290,0.13707,0.00972,0.04595,0.00959
0.03101,0.19127,0.12732,0.02990,0.05088,0.00953,0.05662,0.11799,0.04700,0.08571,0.03980,0.03902,0.00469,0.14241,0.02686
0.15815,0.01250,0.02597,0.14118,0.04854,0.03559,0.04222,0.05146,0.19120,0.01290,0.01942,0.18447,0.01027,0.05361,0.01250
0.12674,0.17341,0.09477,0.11182,0.28101,0.00753,0.00817,0.06889,0.00872,0.00952,0.01091,0.01878,0.00460,0.06688,0.00825
0.24281,0.01452,0.14948,0.23156,0.17341,0.00911,0.00555,0.01745,0.02584,0.04320,0.00367,0.00783,0.01059,0.02573,0.03925
0.05358,0.01243,0.09050,0.03353,0.07039,0.01506,0.28020,0.01170,0.01057,0.28980,0.06456,0.00601,0.01470,0.00624,0.04073
0.10737,0.01592,0.04711,0.08581,0.08796,0.10718,0.02150,0.04854,0.16374,0.01816,0.00439,0.15656,0.08251,0.04333,0.00993
0.03457,0.00944,0.09908,0.02774,0.09815,0.04977,0.03426,0.22619,0.01699,0.04494,0.04267,0.00713,0.02468,0.03118,0.25321
0.01641,0.01480,0.01813,0.00758,0.01275,0.00403,0.01772,0.32611,0.10455,0.01705,0.05055,0.01312,0.00601,0.08448,0.30671
0.01773,0.00496,0.02745,0.01186,0.05077,0.03493,0.02282,0.09022,0.00869,0.26904,0.05481,0.00752,0.01460,0.09972,0.28488
0.27140,0.02455,0.02520,0.26436,0.03685,0.04982,0.02963,0.00849,0.00915,0.11241,0.01182,0.01034,0.02482,0.01252,0.10865
0.12580,0.17397,0.09246,0.04757,0.08742,0.01710,0.02285,0.03557,0.05429,0.03587,0.04041,0.02316,0.15240,0.04981,0.04134
0.04129,0.04609,0.05045,0.10180,0.13510,0.07870,0.06276,0.08365,0.03987,0.06702,0.01445,0.13725,0.04513,0.08170,0.01473
0.12079,0.03170,0.13437,0.11002,0.10358,0.01629,0.01694,0.00532,0.19633,0.02169,0.00719,0.21467,0.00429,0.01201,0.00481
0.11354,0.05859,0.02062,0.06868,0.09223,0.03378,0.08811,0.02236,0.15328,0.10037,0.03434,0.17064,0.01424,0.01938,0.00985
0.01914,0.00580,0.00942,0.01874,0.00904,0.26138,0.07967,0.01577,0.12831,0.07062,0.00487,0.12922,0.22243,0.01995,0.00565
0.14832,0.02789,0.20558,0.08848,0.10351,0.11334,0.00552,0.01085,0.00645,0.02168,0.13452,0.02075,0.08353,0.00775,0.02182
0.07579,0.01181,0.05293,0.04201,0.05333,0.03141,0.17925,0.02216,0.01246,0.22808,0.16887,0.01059,0.03378,0.01679,0.06074
0.04409,0.05647,0.08257,0.03931,0.07610,0.20072,0.16984,0.06444,0.03220,0.03398,0.03367,0.04940,0.02483,0.07498,0.01739
0.01009,0.12973,0.36121,0.00974,0.27315,0.00892,0.00465,0.07695,0.00634,0.00680,0.01165,0.00530,0.02379,0.00802,0.06364
0.03965,0.13641,0.15425,0.04544,0.02637,0.01047,0.01224,0.26035,0.00923,0.01202,0.00545,0.00928,0.01187,0.02652,0.24045
0.03488,0.21128,0.19691,0.03522,0.00706,0.00493,0.01549,0.08559,0.10990,0.01429,0.02385,0.14401,0.01649,0.09218,0.00791
0.30240,0.01784,0.01320,0.29066,0.02339,0.02080,0.11823,0.01742,0.02293,0.11737,0.00976,0.00758,0.00983,0.02101,0.00759
0.04737,0.02439,0.03362,0.02098,0.04978,0.15615,0.23769,0.08723,0.06608,0.09504,0.01574,0.06038,0.00889,0.08360,0.01307
0.01670,0.01161,0.03926,0.01432,0.02465,0.03694,0.13049,0.24407,0.00901,0.12841,0.00875,0.00698,0.05864,0.21815,0.05203
0.01126,0.03959,0.02829,0.11126,0.04882,0.19462,0.05333,0.06029,0.02276,0.05371,0.02141,0.11692,0.16335,0.06087,0.01352
0.02197,0.01311,0.09293,0.02370,0.08529,0.10809,0.11146,0.03140,0.21767,0.01552,0.00934,0.01386,0.00870,0.19777,0.04918
0.02152,0.08300,0.11123,0.01836,0.10957,0.07331,0.14474,0.02286,0.10981,0.11625,0.04224,0.02213,0.01318,0.09991,0.01190
0.01648,0.08829,0.10796,0.00485,0.04554,0.01224,0.06667,0.10196,0.17336,0.05794,0.03819,0.09206,0.01325,0.17102,0.01018
0.04824,0.02122,0.07763,0.04000,0.08304,0.31263,0.01332,0.01485,0.01024,0.01369,0.04332,0.01470,0.28407,0.01469,0.00837
0.01632,0.02983,0.15384,0.19296,0.15379,0.02247,0.08127,0.03163,0.01534,0.07623,0.00927,0.17191,0.01104,0.02921,0.00491
0.02937,0.07971,0.08495,0.02071,0.04540,0.14446,0.17438,0.02622,0.01825,0.17681,0.02731,0.01425,0.11925,0.02229,0.01665
0.11456,0.01557,0.04349,0.01160,0.02804,0.03261,0.03571,0.28546,0.00419,0.05189,0.03174,0.02531,0.02526,0.28671,0.00786
0.20743,0.05781,0.03902,0.13293,0.04083,0.13649,0.01821,0.01562,0.00903,0.01086,0.17653,0.00459,0.11458,0.02178,0.01429
0.18262,0.04651,0.02628,0.20724,0.04548,0.01202,0.03282,0.11305,0.05171,0.04903,0.01885,0.05566,0.00502,0.14431,0.00939
0.01942,0.07623,0.06023,0.02179,0.08190,0.02846,0.09677,0.17608,0.07942,0.11032,0.01204,0.06025,0.00398,0.01189,0.16122
0.00945,0.01300,0.04567,0.00694,0.03817,0.05781,0.14073,0.22287,0.01367,0.14595,0.00772,0.00919,0.04439,0.23141,0.01304
0.23391,0.21262,0.03069,0.15856,0.02384,0.00977,0.01722,0.11371,0.01937,0.04086,0.00627,0.00506,0.00688,0.11708,0.00416
0.11076,0.12826,0.11267,0.13574,0.07173,0.01377,0.01114,0.03709,0.13351,0.00775,0.01909,0.03871,0.02788,0.12607,0.02581
0.18606,0.00404,0.01234,0.06785,0.00880,0.04545,0.25038,0.00766,0.01149,0.24893,0.12074,0.00638,0.00614,0.00958,0.01414
0.06117,0.15790,0.14736,0.01740,0.10887,0.11267,0.12955,0.00496,0.00878,0.12728,0.00812,0.00640,0.10120,0.00388,0.00447
0.01778,0.00870,0.00696,0.00834,0.01278,0.02242,0.01561,0.41540,0.01248,0.01250,0.00530,0.01475,0.01034,0.43019,0.00645
0.06203,0.14092,0.14689,0.05307,0.02307,0.06344,0.03780,0.20004,0.02054,0.01534,0.01620,0.00706,0.01149,0.19033,0.01175
0.10152,0.02126,0.27834,0.11436,0.30416,0.03818,0.00605,0.00834,0.01080,0.00621,0.01089,0.05432,0.02406,0.01168,0.00982
0.03124,0.11557,0.10839,0.02403,0.03410,0.02487,0.02765,0.01834,0.16321,0.04346,0.09623,0.13000,0.09043,0.07209,0.02040
0.01176,0.11156,0.08413,0.02193,0.04968,0.01818,0.27467,0.02878,0.02157,0.28054,0.03360,0.01713,0.01255,0.02201,0.01190
0.01908,0.10566,0.02095,0.01794,0.11894,0.27616,0.02932,0.03373,0.02396,0.01752,0.00686,0.02609,0.26098,0.03256,0.01024
0.04977,0.01454,0.02180,0.02973,0.03033,0.17756,0.15370,0.01397,0.01934,0.20897,0.01516,0.02036,0.01307,0.02048,0.21123
0.40927,0.00427,0.00803,0.39105,0.01130,0.01230,0.00724,0.00752,0.05624,0.00618,0.02405,0.03473,0.00832,0.00335,0.01615
0.01361,0.35789,0.31800,0.00883,0.02722,0.00799,0.00393,0.09759,0.00846,0.00355,0.00561,0.00785,0.00260,0.13135,0.00551
0.01883,0.01373,0.29424,0.00373,0.32479,0.04999,0.08625,0.02173,0.03064,0.05829,0.01513,0.02460,0.01626,0.02508,0.01671
0.02642,0.16249,0.25530,0.03364,0.37784,0.00908,0.01415,0.01303,0.02477,0.01866,0.00903,0.02443,0.00420,0.01388,0.01307
0.02877,0.05071,0.07532,0.02246,0.04177,0.12151,0.04140,0.18488,0.03246,0.02638,0.00545,0.00590,0.12742,0.22068,0.01488
0.06212,0.00665,0.01198,0.00880,0.01535,0.10744,0.10704,0.06075,0.24197,0.02729,0.04802,0.02346,0.00726,0.21611,0.05577
0.07316,0.06059,0.01307,0.04478,0.02457,0.03251,0.16539,0.14462,0.05301,0.14494,0.01635,0.01312,0.01482,0.18562,0.01344
0.10874,0.03145,0.03179,0.28493,0.05361,0.00703,0.08092,0.00635,0.01833,0.09847,0.06687,0.14719,0.03686,0.01695,0.01051
0.01338,0.01721,0.35706,0.00783,0.35695,0.00914,0.04738,0.05208,0.00522,0.03640,0.01735,0.00661,0.00558,0.05722,0.01060
0.06512,0.01578,0.00806,0.06347,0.01219,0.02542,0.11893,0.01639,0.26278,0.09855,0.00757,0.01284,0.00712,0.26468,0.02110
0.00925,0.00617,0.02573,0.00605,0.03083,0.02432,0.01608,0.38929,0.04470,0.00922,0.01420,0.03424,0.00351,0.02054,0.36587
0.15570,0.26269,0.25816,0.14764,0.01140,0.03016,0.04875,0.01001,0.01058,0.01541,0.00415,0.00380,0.00647,0.02484,0.01024
0.03015,0.07855,0.11857,0.02291,0.06338,0.01100,0.02702,0.02128,0.25813,0.03620,0.03151,0.25478,0.01291,0.01943,0.01419
0.02722,0.06718,0.07757,0.02891,0.02571,0.02117,0.07390,0.03469,0.23269,0.07796,0.02272,0.23709,0.03621,0.02821,0.00876
0.16654,0.00523,0.05918,0.02131,0.01765,0.01490,0.24259,0.03763,0.02597,0.26347,0.01617,0.01840,0.07199,0.02388,0.01508
0.04692,0.01213,0.01440,0.31659,0.01073,0.06882,0.07622,0.01325,0.01164,0.03923,0.05875,0.30204,0.00488,0.01487,0.00953
0.16467,0.01234,0.16854,0.10155,0.18876,0.03534,0.06338,0.04450,0.03798,0.07298,0.03438,0.01767,0.00838,0.04445,0.00508
0.01639,0.01529,0.01210,0.00847,0.01440,0.00749,0.34136,0.07084,0.00924,0.37300,0.02504,0.00638,0.00615,0.06731,0.02655
0.02492,0.01879,0.00648,0.06593,0.01096,0.01776,0.02202,0.26229,0.12958,0.00954,0.00815,0.13596,0.00392,0.27835,0.00533
0.09384,0.01712,0.05007,0.01275,0.03757,0.01521,0.02140,0.04610,0.24037,0.04931,0.00828,0.31903,0.01103,0.05747,0.02046
0.43161,0.00587,0.00955,0.00492,0.00940,0.01019,0.01086,0.01987,0.01779,0.00824,0.44643,0.00373,0.00686,0.00606,0.00864
0.09851,0.16959,0.14019,0.08654,0.02796,0.05254,0.04918,0.13239,0.01164,0.03917,0.01832,0.01172,0.01151,0.14260,0.00814
0.11353,0.01990,0.05210,0.12918,0.04882,0.01647,0.02841,0.01105,0.01594,0.21982,0.03437,0.00738,0.04001,0.04681,0.21620
0.01741,0.00555,0.25308,0.02164,0.08910,0.02343,0.01667,0.00765,0.01578,0.11298,0.26276,0.00916,0.00757,0.01314,0.14409
0.01387,0.02310,0.02368,0.00568,0.01723,0.02366,0.11481,0.28927,0.00544,0.11809,0.01243,0.00340,0.03267,0.30415,0.01251
0.22884,0.01251,0.00540,0.21001,0.01799,0.05827,0.05363,0.04341,0.11958,0.03195,0.02220,0.12694,0.00928,0.04152,0.01846
0.02094,0.17593,0.03270,0.01330,0.17864,0.02420,0.01612,0.00406,0.23966,0.01230,0.01979,0.02385,0.00787,0.21924,0.01141
0.03741,0.06144,0.23725,0.01178,0.21166,0.00688,0.04314,0.05589,0.10209,0.04437,0.04183,0.03344,0.01156,0.08893,0.01231
0.08061,0.03081,0.04109,0.08091,0.03248,0.11216,0.10028,0.02973,0.09896,0.11279,0.03994,0.00846,0.09945,0.09565,0.03668
0.09735,0.02048,0.11058,0.12530,0.09879,0.01266,0.20954,0.03406,0.02667,0.18848,0.01993,0.01151,0.00296,0.02016,0.02154
0.00919,0.00941,0.00450,0.00513,0.00826,0.41955,0.02012,0.01292,0.00616,0.03841,0.00309,0.00892,0.38977,0.05162,0.01295
0.01052,0.44975,0.00895,0.00873,0.46749,0.00452,0.00790,0.00741,0.00268,0.01201,0.00316,0.00282,0.00202,0.00888,0.00317
0.27151,0.01628,0.04199,0.04884,0.04756,0.01877,0.01949,0.03301,0.02067,0.01405,0.38609,0.00989,0.00482,0.05787,0.00917
0.06544,0.01436,0.03086,0.08124,0.06149,0.02779,0.05278,0.05281,0.09826,0.08726,0.02748,0.09627,0.20877,0.05596,0.03922
0.03925,0.09034,0.07211,0.04196,0.06210,0.01818,0.02994,0.07555,0.19920,0.04960,0.00764,0.18646,0.01184,0.08138,0.03445
0.07946,0.01185,0.16902,0.06996,0.16312,0.15162,0.01718,0.00753,0.06983,0.00956,0.01660,0.07745,0.13663,0.01337,0.00682
0.10421,0.03630,0.15299,0.02946,0.21602,0.07173,0.02956,0.07402,0.02619,0.00923,0.08509,0.03109,0.04477,0.08223,0.00711
0.01038,0.03059,0.15281,0.01540,0.18138,0.01980,0.10729,0.14341,0.01530,0.10563,0.03349,0.00809,0.01592,0.15085,0.00966
0.01993,0.02933,0.03758,0.01602,0.06529,0.03460,0.23168,0.09748,0.01748,0.22910,0.05342,0.02474,0.03329,0.09297,0.01708
0.15901,0.00668,0.12541,0.17802,0.13549,0.01149,0.05717,0.00879,0.09866,0.04506,0.00891,0.14068,0.00845,0.00934,0.00684
0.02487,0.03755,0.01944,0.13005,0.03924,0.05967,0.20165,0.00989,0.06891,0.18445,0.01514,0.12100,0.01980,0.04783,0.02050
0.09635,0.01913,0.11756,0.01273,0.12028,0.17776,0.02906,0.00911,0.04649,0.01367,0.13938,0.00943,0.15220,0.04150,0.01535
0.17097,0.00379,0.01187,0.17598,0.00648,0.00636,0.24285,0.02921,0.00846,0.26072,0.01159,0.03444,0.01078,0.01270,0.01380
0.03172,0.02357,0.06239,0.01573,0.08461,0.17125,0.23825,0.02988,0.06371,0.11364,0.03860,0.06547,0.01125,0.02951,0.02044
0.07484,0.00501,0.01616,0.06584,0.01920,0.00893,0.00972,0.17064,0.17436,0.00988,0.06444,0.18218,0.00524,0.18500,0.00854
0.12280,0.13075,0.07497,0.02738,0.20910,0.02634,0.02101,0.06867,0.03250,0.05752,0.07015,0.01328,0.01445,0.08652,0.04455
0.01933,0.04248,0.02093,0.05681,0.01960,0.01333,0.21038,0.07597,0.09029,0.24193,0.05204,0.04375,0.00884,0.09813,0.00618
0.40273,0.04126,0.00786,0.38461,0.07355,0.02281,0.01603,0.01807,0.00515,0.00625,0.00240,0.00382,0.00300,0.01141,0.00104
0.11633,0.01567,0.05164,0.03735,0.07174,0.00787,0.01872,0.19995,0.01060,0.06539,0.10165,0.04293,0.00654,0.21294,0.04067
0.03133,0.04534,0.04188,0.36925,0.02833,0.02225,0.01270,0.02112,0.01797,0.01273,0.01913,0.34029,0.01158,0.01304,0.01305
0.02747,0.02907,0.01102,0.04869,0.03748,0.09936,0.01282,0.11422,0.16635,0.02157,0.01331,0.18602,0.08965,0.13163,0.01133
0.01757,0.01261,0.01488,0.42669,0.00812,0.02548,0.02447,0.00882,0.00581,0.01789,0.00868,0.39808,0.01031,0.01309,0.00750
0.08123,0.01780,0.01424,0.13840,0.00979,0.04381,0.08999,0.14083,0.06194,0.09370,0.00734,0.10369,0.05345,0.10775,0.03605
0.14221,0.00949,0.05598,0.08645,0.05877,0.01907,0.02878,0.26093,0.00618,0.01302,0.05018,0.00542,0.00566,0.21330,0.04455
0.02110,0.00779,0.02446,0.01685,0.01376,0.16938,0.26586,0.03501,0.11717,0.15342,0.01608,0.12425,0.01022,0.01850,0.00615
0.01366,0.10985,0.02120,0.14840,0.01945,0.00631,0.28097,0.02799,0.01171,0.31010,0.00561,0.00904,0.00586,0.02311,0.00676
0.06470,0.01747,0.09038,0.06152,0.09348,0.01251,0.25625,0.04149,0.02223,0.26347,0.01211,0.00638,0.01300,0.03583,0.00917
