0.12537,0.12048,0.04899,0.17291,0.10720,0.16745,0.03565,0.03858,0.01245,0.04438,0.02986,0.09667
0.28465,0.28229,0.02459,0.08596,0.05097,0.10794,0.02407,0.02491,0.02743,0.01160,0.02143,0.05414
0.26154,0.25101,0.02261,0.05706,0.11773,0.06572,0.08729,0.04007,0.00712,0.02084,0.03550,0.03351
0.05571,0.05375,0.02045,0.06962,0.31165,0.02191,0.29453,0.03445,0.00810,0.06156,0.03110,0.03717
0.12464,0.13044,0.03055,0.05722,0.02429,0.05187,0.13108,0.11497,0.05088,0.03021,0.11621,0.13764
0.13618,0.13710,0.09292,0.13628,0.09202,0.17339,0.06697,0.03283,0.01076,0.06438,0.02316,0.03401
0.12212,0.11865,0.02242,0.09744,0.16386,0.11768,0.13824,0.08351,0.01191,0.01232,0.07828,0.03357
0.18774,0.18320,0.01886,0.06348,0.07056,0.05628,0.05811,0.13473,0.01704,0.03614,0.15317,0.02069
0.17180,0.16830,0.03108,0.03784,0.05558,0.01825,0.01973,0.14260,0.10577,0.04993,0.13767,0.06146
0.04355,0.04030,0.04946,0.12149,0.15987,0.13993,0.05607,0.11780,0.01729,0.04273,0.10647,0.10504
0.20057,0.19828,0.12221,0.01696,0.04966,0.10643,0.02412,0.03994,0.12754,0.03363,0.03521,0.04544
0.13747,0.13532,0.09780,0.17141,0.02121,0.17669,0.01772,0.05785,0.01057,0.09386,0.05872,0.02138
0.13307,0.11722,0.01147,0.05193,0.14383,0.04210,0.01530,0.15969,0.00722,0.01843,0.15914,0.14060
0.04309,0.03384,0.13019,0.04712,0.16825,0.12810,0.18105,0.04842,0.08231,0.05827,0.03868,0.04068
0.23574,0.23869,0.00997,0.08202,0.07195,0.06480,0.06356,0.04444,0.01778,0.02169,0.03499,0.11436
0.04735,0.04500,0.25083,0.06482,0.08969,0.28115,0.01413,0.02105,0.03294,0.03484,0.01518,0.10301
0.13326,0.13694,0.27122,0.03982,0.02076,0.30474,0.00870,0.01393,0.03064,0.00725,0.01141,0.02134
0.13056,0.13285,0.04334,0.19822,0.09336,0.23215,0.00887,0.01801,0.01387,0.01748,0.01388,0.09741
0.17823,0.16925,0.02814,0.05252,0.17527,0.03066,0.12609,0.05720,0.01613,0.03942,0.05728,0.06981
0.12574,0.12062,0.04411,0.04200,0.19850,0.04771,0.17566,0.09288,0.01080,0.04220,0.08356,0.01621
0.34942,0.35732,0.03298,0.02016,0.03131,0.04209,0.01894,0.05475,0.00697,0.01543,0.04749,0.02313
0.11609,0.12003,0.04298,0.10554,0.13146,0.14640,0.03580,0.07648,0.01818,0.01401,0.07365,0.11939
0.12717,0.12947,0.07779,0.21026,0.02570,0.28716,0.01592,0.03983,0.01471,0.01051,0.04266,0.01882
0.20229,0.18990,0.06982,0.04334,0.13133,0.09431,0.02989,0.04262,0.01118,0.01618,0.04611,0.12303
0.05335,0.04994,0.14457,0.04483,0.12521,0.08886,0.13130,0.02796,0.16055,0.10520,0.02697,0.04127
0.05881,0.05889,0.06073,0.03858,0.30284,0.07250,0.01522,0.01938,0.02415,0.02324,0.02226,0.30338
0.28383,0.27813,0.05839,0.01073,0.11754,0.07061,0.00993,0.02757,0.00501,0.00839,0.01625,0.11361
0.24270,0.22909,0.04141,0.04961,0.10542,0.05976,0.01342,0.05066,0.01987,0.03508,0.05152,0.10144
0.16840,0.16099,0.01360,0.11687,0.08083,0.03515,0.07052,0.09648,0.02929,0.09949,0.09344,0.03493
0.21734,0.20101,0.02776,0.03424,0.14015,0.05073,0.01818,0.05428,0.03076,0.02008,0.05554,0.14993
0.10209,0.09789,0.02250,0.11034,0.15659,0.12221,0.14464,0.08412,0.03651,0.01857,0.08009,0.02444
0.13070,0.12161,0.05833,0.02885,0.22417,0.07632,0.03005,0.04809,0.01244,0.01364,0.05228,0.20353
0.09140,0.08796,0.23825,0.03997,0.07673,0.26089,0.03363,0.03187,0.01098,0.02411,0.02911,0.07511
0.15202,0.13953,0.02121,0.08075,0.09325,0.03949,0.07712,0.15366,0.01064,0.06123,0.14017,0.03092
0.19568,0.17849,0.05221,0.20009,0.03091,0.06301,0.02235,0.02515,0.01553,0.17644,0.02755,0.01261
0.23995,0.24484,0.02341,0.03338,0.15288,0.02873,0.06007,0.02588,0.02526,0.03272,0.02876,0.10411
0.20388,0.20191,0.10191,0.08127,0.05643,0.11303,0.02584,0.03748,0.01072,0.07806,0.03616,0.05332
0.20925,0.20883,0.03323,0.02104,0.16515,0.03427,0.02744,0.06916,0.00465,0.01637,0.06222,0.14840
0.21770,0.22226,0.04137,0.08278,0.09235,0.08287,0.07741,0.05034,0.01124,0.04518,0.03734,0.03916
0.15423,0.14130,0.05646,0.05467,0.01559,0.10170,0.00931,0.19917,0.04251,0.01673,0.19004,0.01831
0.20240,0.17925,0.11821,0.09146,0.04526,0.11972,0.02801,0.03948,0.01466,0.09354,0.03967,0.02835
0.31766,0.30354,0.01715,0.06786,0.07896,0.04841,0.05884,0.01345,0.01242,0.03738,0.01112,0.03319
0.14609,0.14019,0.03306,0.04756,0.06025,0.06347,0.21119,0.01920,0.00662,0.01282,0.01991,0.23963
0.16285,0.16027,0.11668,0.07105,0.08185,0.09519,0.03549,0.04835,0.01379,0.09600,0.04290,0.07559
0.22294,0.22174,0.03310,0.04011,0.04767,0.05897,0.13446,0.02773,0.02496,0.01712,0.03223,0.13897
0.11703,0.11672,0.05120,0.12443,0.02310,0.14105,0.01521,0.16528,0.01224,0.05057,0.16660,0.01658
0.20828,0.21421,0.13141,0.01760,0.01689,0.14270,0.00858,0.11210,0.00750,0.01205,0.10921,0.01949
0.04145,0.03371,0.15848,0.02709,0.09985,0.17634,0.08213,0.15409,0.03624,0.01660,0.13736,0.03666
0.26770,0.29183,0.09678,0.03634,0.01877,0.09244,0.01994,0.04962,0.01019,0.03728,0.05143,0.02769
0.08280,0.07672,0.07617,0.04448,0.17508,0.08148,0.01962,0.10699,0.01519,0.04419,0.09123,0.18605
0.04102,0.03917,0.18765,0.20608,0.02661,0.24135,0.02036,0.02430,0.01866,0.15340,0.02221,0.01918
0.25433,0.25483,0.07406,0.07540,0.02224,0.12228,0.01650,0.02845,0.08352,0.03361,0.02431,0.01048
0.13362,0.12415,0.14086,0.06097,0.06072,0.11173,0.04105,0.06459,0.04488,0.09392,0.06448,0.05905
0.17262,0.16778,0.02957,0.08382,0.15144,0.10497,0.08334,0.05256,0.01059,0.01811,0.05202,0.07319
0.13085,0.11563,0.02895,0.01668,0.12546,0.02820,0.08523,0.19222,0.01863,0.01809,0.19476,0.04532
0.10221,0.10911,0.14281,0.10313,0.04425,0.10961,0.01180,0.07917,0.02897,0.14327,0.08258,0.04309
0.17075,0.16170,0.03789,0.17895,0.08699,0.06274,0.04079,0.02158,0.01215,0.14451,0.02729,0.05466
0.27958,0.27442,0.01006,0.13734,0.03965,0.01658,0.02411,0.02256,0.01671,0.12294,0.01863,0.03741
0.19124,0.17923,0.15003,0.05793,0.01989,0.10372,0.02776,0.04000,0.01772,0.13676,0.04071,0.03501
0.04035,0.04265,0.07668,0.27517,0.05296,0.08011,0.03230,0.03991,0.01389,0.26937,0.03664,0.03997
0.07810,0.07139,0.02430,0.29240,0.04347,0.04201,0.04278,0.03711,0.02391,0.26965,0.06001,0.01489
0.13498,0.13095,0.15670,0.03286,0.04407,0.16359,0.02544,0.11332,0.01065,0.03116,0.11436,0.04192
0.17951,0.16950,0.04438,0.11499,0.07398,0.06257,0.01389,0.07777,0.01203,0.10135,0.08484,0.06520
0.05169,0.05110,0.01558,0.06109,0.32961,0.05158,0.07571,0.02052,0.03949,0.02287,0.02236,0.25842
0.29996,0.29916,0.06968,0.02743,0.05817,0.07492,0.01746,0.01404,0.05689,0.02037,0.01547,0.04646
0.08574,0.06600,0.07243,0.06622,0.26153,0.07776,0.11900,0.01902,0.00965,0.05902,0.02018,0.14345
0.09380,0.10920,0.04030,0.16888,0.06256,0.12895,0.03875,0.05242,0.06361,0.10092,0.04982,0.09078
0.19065,0.19342,0.10179,0.03325,0.02670,0.13339,0.01003,0.02035,0.22122,0.01301,0.01708,0.03912
0.18060,0.19334,0.05036,0.09109,0.10362,0.09154,0.03937,0.03544,0.02666,0.05285,0.02284,0.11231
0.02918,0.02686,0.03660,0.06688,0.15745,0.09914,0.07673,0.03511,0.32371,0.00963,0.02772,0.11097
0.13535,0.12901,0.02702,0.08159,0.13671,0.07818,0.05454,0.09215,0.01557,0.03398,0.09439,0.12152
0.10688,0.10706,0.02763,0.29450,0.01739,0.17106,0.04122,0.02082,0.00673,0.15410,0.01401,0.03861
0.15229,0.15290,0.01607,0.03211,0.20888,0.03100,0.02124,0.06578,0.01264,0.01184,0.07806,0.21719
0.07857,0.07334,0.12584,0.11431,0.10850,0.12863,0.08571,0.05409,0.01505,0.12104,0.06068,0.03426
0.08973,0.08183,0.06191,0.22145,0.09900,0.07443,0.08674,0.02186,0.00837,0.21396,0.02189,0.01884
0.06947,0.06134,0.12048,0.07127,0.03473,0.17351,0.01391,0.18637,0.00736,0.02832,0.18709,0.04614
0.08406,0.08685,0.01564,0.30334,0.07152,0.31293,0.01257,0.00871,0.01285,0.02073,0.00745,0.06335
0.24081,0.24395,0.11758,0.02014,0.07915,0.13051,0.05865,0.01689,0.02445,0.01792,0.01787,0.03208
0.21995,0.21678,0.01691,0.06935,0.17014,0.07751,0.02224,0.01431,0.01276,0.00993,0.01469,0.15544
0.16921,0.17138,0.09088,0.02826,0.15255,0.02466,0.01700,0.05167,0.00796,0.08944,0.04879,0.14820
0.12037,0.12021,0.01702,0.06448,0.23651,0.02292,0.07993,0.05350,0.01587,0.05713,0.04829,0.16376
0.36856,0.35296,0.02703,0.01861,0.02467,0.02232,0.01386,0.03789,0.05416,0.01905,0.04656,0.01434
0.08384,0.08801,0.03877,0.08004,0.02721,0.11549,0.01153,0.24814,0.02059,0.02090,0.24212,0.02336
0.29403,0.29852,0.01633,0.10935,0.04150,0.11595,0.02554,0.02351,0.01872,0.01425,0.01643,0.02587
0.16609,0.17657,0.06829,0.02844,0.04629,0.04056,0.04720,0.09171,0.13866,0.06042,0.09343,0.04232
0.11202,0.10130,0.06423,0.03756,0.16915,0.02419,0.09962,0.07861,0.03181,0.07252,0.09184,0.11715
0.25040,0.24609,0.03338,0.13141,0.05715,0.15935,0.03563,0.01217,0.01863,0.01850,0.00954,0.02774
0.07495,0.07044,0.06941,0.21367,0.10263,0.26609,0.07809,0.02453,0.01068,0.02258,0.01950,0.04741
0.37081,0.36569,0.03568,0.00965,0.06762,0.03044,0.00998,0.01358,0.00949,0.01350,0.01329,0.06027
0.32166,0.32002,0.01458,0.06294,0.03377,0.06282,0.01104,0.04128,0.04460,0.01445,0.04143,0.03142
0.07988,0.07128,0.06884,0.15546,0.08772,0.22929,0.01055,0.09794,0.01392,0.01086,0.08820,0.08606
0.19430,0.18679,0.01657,0.06453,0.03286,0.03748,0.01907,0.15309,0.07332,0.04845,0.14556,0.02800
0.08858,0.08290,0.02354,0.07514,0.29252,0.07311,0.23539,0.01258,0.01154,0.02441,0.01139,0.06890
0.21033,0.22175,0.02875,0.16801,0.04477,0.15982,0.01647,0.02838,0.01488,0.02799,0.02999,0.04884
0.13638,0.12747,0.04331,0.05668,0.02435,0.02437,0.01933,0.21096,0.04924,0.06838,0.20502,0.03451
0.15624,0.14801,0.19493,0.06002,0.04391,0.13991,0.01098,0.02630,0.02757,0.12239,0.02363,0.04612
0.15912,0.15791,0.02495,0.05728,0.19173,0.02680,0.02676,0.05190,0.01049,0.04142,0.04412,0.20751
0.09123,0.07978,0.07327,0.02049,0.13940,0.03016,0.12370,0.16178,0.02235,0.06788,0.15694,0.03302
0.09192,0.08364,0.09914,0.07052,0.15429,0.12640,0.03916,0.06634,0.03254,0.04380,0.07045,0.12181
0.27022,0.25972,0.01843,0.03233,0.11010,0.02398,0.03602,0.03842,0.07866,0.01870,0.02927,0.08416
0.17867,0.17392,0.07118,0.02063,0.02362,0.06325,0.01700,0.07296,0.27994,0.01995,0.06727,0.01161
0.18406,0.17818,0.15230,0.05997,0.08100,0.18900,0.03346,0.01036,0.00542,0.02933,0.00919,0.06774
0.07551,0.06722,0.07268,0.18879,0.12737,0.13151,0.01782,0.02457,0.00782,0.12994,0.02659,0.13018
0.20278,0.20426,0.09403,0.04025,0.13173,0.12758,0.12010,0.01649,0.01219,0.01204,0.02149,0.01704
0.06338,0.06660,0.15745,0.03574,0.09910,0.03994,0.00852,0.03973,0.20340,0.15157,0.03886,0.09569
0.18745,0.16200,0.14100,0.07505,0.04682,0.14909,0.02803,0.03246,0.02736,0.06270,0.04616,0.04188
0.23412,0.21794,0.02099,0.03153,0.07576,0.01913,0.02888,0.11941,0.00610,0.02937,0.12207,0.09472
0.24849,0.25897,0.04556,0.02971,0.04237,0.04755,0.03365,0.12320,0.01405,0.02080,0.12200,0.01364
0.09214,0.09507,0.12840,0.05043,0.11908,0.13783,0.08323,0.06201,0.01868,0.03512,0.06942,0.10860
0.13778,0.13450,0.18922,0.09584,0.02353,0.11184,0.01698,0.02962,0.04604,0.16674,0.03239,0.01551
0.30217,0.30299,0.01300,0.04852,0.04401,0.02962,0.02275,0.04697,0.03935,0.03039,0.05207,0.06817
0.18094,0.16728,0.02196,0.02711,0.07129,0.03590,0.02578,0.17332,0.04868,0.01287,0.17736,0.05751
0.07930,0.10614,0.02177,0.22005,0.04685,0.23678,0.01436,0.11216,0.02480,0.01149,0.08547,0.04084
0.07688,0.07061,0.02072,0.14091,0.19036,0.02212,0.03228,0.06683,0.00852,0.13498,0.06154,0.17423
0.25095,0.26793,0.08206,0.07293,0.03403,0.10630,0.01569,0.04100,0.02630,0.03065,0.04723,0.02492
0.20802,0.20826,0.03468,0.04075,0.06268,0.05559,0.04058,0.13964,0.00591,0.02987,0.14589,0.02812
0.09491,0.09605,0.05469,0.04111,0.21152,0.07272,0.02003,0.02404,0.13190,0.03022,0.02250,0.20032
0.09599,0.08262,0.12181,0.13801,0.03340,0.23716,0.01181,0.11075,0.00618,0.02657,0.10171,0.03399
0.24876,0.24485,0.02089,0.07294,0.03308,0.08805,0.02071,0.09597,0.02285,0.01650,0.09482,0.04059
0.12280,0.12288,0.12125,0.07427,0.13016,0.12544,0.07622,0.02295,0.05616,0.06516,0.02245,0.06027
0.15717,0.14949,0.12325,0.09851,0.06063,0.20289,0.03589,0.04693,0.01999,0.01719,0.03999,0.04807
0.21421,0.24999,0.02106,0.11970,0.05864,0.10790,0.08450,0.03190,0.00611,0.02894,0.02677,0.05028
0.21451,0.21036,0.02060,0.10274,0.07288,0.10107,0.01451,0.07732,0.02376,0.01905,0.07449,0.06872
0.03160,0.03181,0.02226,0.06504,0.19460,0.06903,0.10099,0.18551,0.01936,0.01671,0.17627,0.08682
0.21006,0.19842,0.12121,0.07983,0.04756,0.18401,0.03402,0.02948,0.01013,0.02455,0.03630,0.02443
0.22954,0.22063,0.03428,0.13389,0.07631,0.10517,0.00754,0.02924,0.00464,0.05582,0.02714,0.07582
0.14222,0.12923,0.16079,0.06096,0.08431,0.15463,0.07947,0.02949,0.03101,0.08014,0.02224,0.02551
0.20943,0.19058,0.02023,0.03323,0.12686,0.02606,0.06386,0.11252,0.01157,0.01715,0.10722,0.08129
0.27638,0.27006,0.11054,0.03282,0.05940,0.13697,0.05519,0.01586,0.00455,0.01036,0.01509,0.01278
0.27157,0.26145,0.03409,0.15158,0.01541,0.11441,0.01055,0.02731,0.01174,0.06603,0.02411,0.01175
0.22982,0.24923,0.05300,0.03175,0.10607,0.05592,0.04711,0.02899,0.08136,0.03339,0.02060,0.06276
0.11775,0.11199,0.04869,0.01857,0.05017,0.03542,0.03255,0.24811,0.00980,0.05241,0.24298,0.03156
0.12810,0.11666,0.03542,0.01648,0.19796,0.01836,0.00777,0.11851,0.00787,0.03441,0.11034,0.20811
0.37710,0.37189,0.02613,0.05870,0.01715,0.07657,0.01093,0.01393,0.00514,0.01772,0.01385,0.01090
0.08045,0.07554,0.01337,0.07947,0.18160,0.07418,0.17266,0.04928,0.20981,0.01724,0.03432,0.01209
0.12962,0.11526,0.05636,0.04599,0.06204,0.05707,0.01526,0.19274,0.02957,0.04222,0.18686,0.06700
0.30723,0.30019,0.04794,0.02393,0.05177,0.04171,0.00734,0.01588,0.10034,0.03932,0.01560,0.04874
0.14682,0.13798,0.02933,0.16092,0.07465,0.12005,0.04891,0.06892,0.02482,0.07032,0.07602,0.04125
0.09543,0.09222,0.03247,0.16156,0.02523,0.10097,0.01417,0.17944,0.01455,0.09313,0.17142,0.01940
0.05844,0.05708,0.10924,0.04455,0.13867,0.03319,0.04476,0.13946,0.01733,0.12320,0.13247,0.10162
0.13132,0.13184,0.00917,0.31489,0.02697,0.23745,0.01499,0.00897,0.00719,0.08280,0.01295,0.02145
0.21193,0.21475,0.01323,0.14548,0.02409,0.14136,0.01286,0.02983,0.13535,0.02648,0.02438,0.02024
0.20036,0.19510,0.03890,0.14141,0.03943,0.12827,0.04043,0.02058,0.10139,0.05510,0.02103,0.01799
0.12799,0.13165,0.03455,0.16821,0.12484,0.19173,0.11408,0.04147,0.01338,0.01717,0.02576,0.00916
0.07149,0.06296,0.05050,0.22420,0.11261,0.26069,0.08116,0.02308,0.00936,0.03964,0.01830,0.04602
0.18440,0.19165,0.02110,0.01737,0.09255,0.02298,0.05993,0.05526,0.26258,0.01574,0.04852,0.02792
0.22858,0.23142,0.09012,0.07182,0.06530,0.07440,0.02411,0.02225,0.02438,0.09204,0.01801,0.05756
0.16377,0.15918,0.02980,0.14971,0.02781,0.10762,0.01336,0.11286,0.00969,0.07918,0.12528,0.02173
0.19897,0.18545,0.13169,0.05415,0.02247,0.14672,0.00983,0.05985,0.07828,0.03476,0.05450,0.02334
0.12735,0.12948,0.03901,0.15229,0.08702,0.04441,0.02190,0.07049,0.02242,0.13871,0.07371,0.09320
0.22324,0.21865,0.02597,0.07060,0.14488,0.02294,0.10934,0.01668,0.01350,0.07176,0.01654,0.06590
0.05018,0.04905,0.02990,0.15142,0.11906,0.04956,0.05414,0.04522,0.14576,0.13360,0.06174,0.11037
0.14535,0.13499,0.06381,0.20303,0.03523,0.07600,0.01138,0.02707,0.03117,0.20952,0.02603,0.03644
0.03787,0.03614,0.11488,0.11145,0.18130,0.20217,0.17533,0.03450,0.02700,0.02893,0.03288,0.01756
0.13805,0.13990,0.02941,0.09010,0.16924,0.10601,0.15539,0.02856,0.06397,0.01371,0.02512,0.04056
0.16540,0.15313,0.15236,0.03706,0.09741,0.15707,0.03433,0.03530,0.03547,0.03119,0.03091,0.07036
0.22665,0.21784,0.12045,0.03546,0.04709,0.03855,0.01520,0.04629,0.04916,0.11252,0.04216,0.04865
0.20916,0.22129,0.03113,0.13160,0.07759,0.12320,0.00819,0.02378,0.03900,0.03617,0.02066,0.07824
0.08318,0.07823,0.09523,0.04056,0.19473,0.11351,0.10480,0.07875,0.01354,0.01845,0.06623,0.11279
0.12993,0.11717,0.10788,0.08723,0.14597,0.14191,0.13854,0.02358,0.02432,0.05283,0.01807,0.01257
0.14796,0.14793,0.02317,0.18068,0.12000,0.14940,0.01521,0.02199,0.01001,0.05631,0.01727,0.11007
0.24176,0.24086,0.01860,0.05802,0.02141,0.05568,0.00823,0.14191,0.03154,0.02145,0.14177,0.01879
0.15268,0.14656,0.01992,0.08077,0.16692,0.03948,0.00355,0.06921,0.01742,0.06269,0.06624,0.17455
0.15915,0.15007,0.01665,0.08723,0.19136,0.08950,0.05698,0.01890,0.06951,0.01145,0.01449,0.13473
0.10107,0.10185,0.10354,0.13763,0.07653,0.07335,0.06051,0.05523,0.03469,0.18627,0.05174,0.01760
0.11716,0.11482,0.05160,0.04491,0.10283,0.07654,0.02208,0.15457,0.05720,0.01462,0.15994,0.08373
0.13457,0.13418,0.03609,0.20669,0.09224,0.09958,0.08596,0.01667,0.00814,0.15098,0.02231,0.01259
0.16101,0.15757,0.03405,0.12428,0.07740,0.13634,0.01955,0.03342,0.12337,0.02580,0.02689,0.08033
0.18891,0.19106,0.11180,0.02772,0.12524,0.11742,0.00592,0.04105,0.00777,0.02622,0.03790,0.11899
0.10452,0.09089,0.05022,0.04889,0.21201,0.07505,0.09837,0.01777,0.10237,0.02295,0.01693,0.16004
0.15104,0.13655,0.04241,0.08732,0.20432,0.10721,0.08819,0.01744,0.01440,0.01753,0.02035,0.11325
0.11577,0.11211,0.02308,0.20020,0.05925,0.16776,0.01386,0.08130,0.02341,0.06395,0.08478,0.05451
0.20139,0.19602,0.02922,0.01358,0.12214,0.02662,0.15617,0.02847,0.01713,0.02200,0.03331,0.15395
0.11145,0.11046,0.01450,0.06485,0.02459,0.08021,0.01812,0.20870,0.13285,0.00910,0.20753,0.01763
0.13220,0.12410,0.05806,0.13857,0.04544,0.06930,0.03004,0.09168,0.00869,0.14117,0.10924,0.05150
0.20174,0.19698,0.01557,0.07318,0.14503,0.06785,0.13287,0.00851,0.11836,0.02184,0.00758,0.01048
0.15478,0.14557,0.13038,0.03621,0.05517,0.08663,0.02169,0.10066,0.02207,0.08274,0.10476,0.05934
0.14116,0.13234,0.02393,0.04236,0.21523,0.03965,0.15409,0.06288,0.00824,0.02360,0.06538,0.09114
0.20742,0.20858,0.04086,0.12541,0.04703,0.14169,0.03462,0.03572,0.05826,0.04306,0.03617,0.02119
0.11439,0.11208,0.02254,0.13561,0.06155,0.03084,0.01101,0.05535,0.23168,0.12044,0.04060,0.06391
0.18165,0.17331,0.02132,0.01617,0.20519,0.01496,0.04491,0.07097,0.00567,0.02374,0.06612,0.17600
0.18466,0.19656,0.05000,0.02984,0.07891,0.03946,0.01161,0.09155,0.12769,0.03275,0.07770,0.07927
0.16093,0.16349,0.10625,0.10384,0.01604,0.12440,0.03572,0.07394,0.01768,0.07701,0.07692,0.04377
0.20021,0.16333,0.01567,0.06582,0.12148,0.02568,0.01966,0.09293,0.02741,0.06035,0.07582,0.13164
0.17056,0.15546,0.09777,0.09241,0.07535,0.14447,0.01156,0.02233,0.07490,0.05490,0.02037,0.07993
0.14969,0.15970,0.01380,0.03146,0.23421,0.02794,0.11414,0.01996,0.08542,0.01777,0.02079,0.12512
0.30901,0.30168,0.05034,0.03890,0.07409,0.06099,0.02914,0.01280,0.01514,0.01746,0.01270,0.07775
0.21514,0.20993,0.01663,0.02560,0.03059,0.02763,0.06596,0.14636,0.02751,0.01485,0.14650,0.07328
0.13724,0.13345,0.14793,0.05957,0.02465,0.14773,0.04588,0.08681,0.01474,0.05762,0.08429,0.06010
0.25562,0.25107,0.02905,0.10635,0.05735,0.04501,0.01135,0.03158,0.02697,0.09303,0.03024,0.06237
0.32715,0.31802,0.00939,0.08935,0.03050,0.01322,0.01968,0.03803,0.01528,0.07683,0.03369,0.02885
0.10680,0.09613,0.03907,0.10009,0.12754,0.07552,0.05271,0.10853,0.01083,0.06535,0.10368,0.11375
0.13294,0.13274,0.03938,0.13499,0.12596,0.06770,0.06956,0.05774,0.00649,0.10329,0.05919,0.07002
0.15236,0.16217,0.13728,0.13308,0.04005,0.23235,0.02887,0.03330,0.00610,0.03295,0.02766,0.01381
0.14313,0.13839,0.02852,0.18038,0.07917,0.18285,0.01628,0.02861,0.01394,0.03300,0.05005,0.10570
0.04273,0.03577,0.02642,0.22356,0.08809,0.14809,0.04967,0.11420,0.00720,0.10149,0.11307,0.04970
0.26796,0.25668,0.01874,0.11515,0.02558,0.03345,0.01264,0.07328,0.00502,0.10104,0.07217,0.01829
0.12261,0.11445,0.15858,0.01487,0.01775,0.15304,0.15596,0.02471,0.01182,0.03873,0.02149,0.16601
0.12519,0.11623,0.05231,0.24643,0.02998,0.06348,0.02999,0.02860,0.01658,0.24177,0.03224,0.01721
0.20391,0.20560,0.11093,0.02841,0.04218,0.13704,0.02448,0.09287,0.01141,0.01942,0.08898,0.03477
0.12300,0.12312,0.08854,0.04607,0.11225,0.13154,0.01471,0.09207,0.05221,0.01087,0.08441,0.12121
0.26774,0.25726,0.03644,0.06730,0.07009,0.07208,0.04968,0.01697,0.07519,0.04639,0.01420,0.02666
0.04131,0.03421,0.07042,0.10866,0.24222,0.16647,0.02375,0.01865,0.01479,0.01126,0.01621,0.25205
0.13172,0.12788,0.00800,0.11133,0.06842,0.00910,0.02275,0.18158,0.00576,0.10097,0.16560,0.06687
0.09882,0.09975,0.03921,0.24487,0.05742,0.24539,0.03666,0.03471,0.02128,0.03473,0.04114,0.04602
0.21679,0.21285,0.04956,0.08761,0.09408,0.09187,0.01702,0.02914,0.02470,0.03747,0.02733,0.11159
0.31376,0.32189,0.01631,0.05110,0.04999,0.05147,0.01639,0.04673,0.02429,0.01052,0.04614,0.05142
0.27250,0.26789,0.09015,0.07570,0.04195,0.11982,0.03784,0.01047,0.00872,0.05422,0.00924,0.01149
0.05565,0.05640,0.02540,0.11305,0.08483,0.11935,0.01297,0.13357,0.15952,0.02444,0.12563,0.08918
0.14597,0.15753,0.09619,0.14311,0.04566,0.21976,0.03577,0.03550,0.01917,0.01274,0.03252,0.05607
0.15474,0.14835,0.04831,0.20295,0.05196,0.21653,0.04364,0.03200,0.00799,0.04800,0.02736,0.01817
0.19931,0.19650,0.03985,0.06764,0.05694,0.02945,0.03911,0.11587,0.03650,0.08906,0.11968,0.01008
0.17065,0.16489,0.08233,0.10936,0.02135,0.12271,0.01064,0.04990,0.14777,0.05739,0.04762,0.01539
0.11553,0.10802,0.13709,0.07188,0.09657,0.17855,0.04195,0.03502,0.06847,0.05789,0.02402,0.06501
0.09896,0.09617,0.01557,0.04844,0.17053,0.04442,0.07583,0.07491,0.19040,0.02239,0.06972,0.09266
0.31366,0.30914,0.01066,0.03804,0.09047,0.03322,0.01311,0.04238,0.00758,0.01695,0.03722,0.08757
0.18677,0.17986,0.05457,0.14649,0.03673,0.11184,0.03185,0.03756,0.07798,0.08703,0.03707,0.01225
0.34417,0.33570,0.02396,0.01210,0.05218,0.02982,0.02632,0.05022,0.01573,0.01270,0.05573,0.04135
0.18056,0.16818,0.03138,0.10751,0.07815,0.08621,0.03987,0.09077,0.02458,0.04920,0.09096,0.05264
0.28525,0.27886,0.04585,0.10091,0.02681,0.09473,0.02326,0.01557,0.03173,0.05121,0.01418,0.03165
0.18798,0.18599,0.01523,0.19967,0.06153,0.20455,0.03823,0.01975,0.03802,0.01610,0.01472,0.01822
0.24691,0.23242,0.04019,0.08670,0.03828,0.11579,0.02070,0.07871,0.01390,0.01847,0.06405,0.04387
0.18127,0.17910,0.02869,0.09566,0.11869,0.10436,0.09893,0.07756,0.00940,0.01494,0.06912,0.02228
0.08088,0.07101,0.19166,0.05229,0.10023,0.21356,0.09165,0.05262,0.02960,0.04685,0.04738,0.02227
0.16715,0.16168,0.01969,0.18246,0.06993,0.18399,0.01160,0.05906,0.01198,0.02079,0.05847,0.05320
0.05156,0.03810,0.07258,0.04528,0.28374,0.09990,0.24886,0.02921,0.01449,0.03546,0.03177,0.04906
0.10085,0.07530,0.01537,0.07203,0.22224,0.02375,0.11874,0.07441,0.05613,0.06598,0.05785,0.11735
0.25719,0.25237,0.04716,0.10544,0.04840,0.08340,0.01048,0.02083,0.01668,0.07913,0.01770,0.06121
0.09060,0.07956,0.10268,0.04568,0.22971,0.04477,0.04969,0.03703,0.00635,0.10193,0.02562,0.18637
0.18374,0.16918,0.04554,0.03994,0.11682,0.06934,0.06250,0.07884,0.05675,0.02611,0.07851,0.07274
0.20838,0.21069,0.01609,0.05354,0.05149,0.03474,0.01854,0.14825,0.04693,0.03257,0.13916,0.03962
0.06938,0.05792,0.15458,0.15825,0.01651,0.27245,0.02484,0.08771,0.01438,0.04706,0.07707,0.01985
0.28951,0.27248,0.08313,0.04209,0.04598,0.10082,0.03312,0.03693,0.00619,0.02630,0.02643,0.03702
0.12952,0.12367,0.10795,0.10960,0.07695,0.15253,0.07125,0.05173,0.01492,0.08181,0.04363,0.03643
0.15524,0.14998,0.00905,0.20529,0.02985,0.21686,0.01012,0.08807,0.01306,0.00625,0.08656,0.02967
0.18268,0.18544,0.02255,0.03159,0.15772,0.02328,0.13471,0.09741,0.00740,0.03259,0.09364,0.03100
0.13380,0.12891,0.03072,0.12759,0.17550,0.04392,0.08482,0.02017,0.00454,0.11693,0.01340,0.11970
0.32970,0.32434,0.03436,0.02562,0.06555,0.04944,0.01033,0.03428,0.02372,0.01270,0.03060,0.05934
0.13283,0.14156,0.01937,0.09250,0.23263,0.02622,0.04638,0.01152,0.00683,0.08622,0.00912,0.19482
0.07135,0.06226,0.12584,0.03399,0.05114,0.14180,0.00744,0.21234,0.00577,0.02107,0.21193,0.05506
0.19697,0.19550,0.07665,0.03284,0.16428,0.08263,0.01226,0.01340,0.00658,0.03607,0.01161,0.17120
0.14929,0.15991,0.04882,0.10478,0.05554,0.11622,0.06011,0.10337,0.01857,0.04113,0.10490,0.03736
0.07265,0.06438,0.07730,0.03294,0.08465,0.08159,0.09349,0.20150,0.01118,0.03393,0.20050,0.04590
0.19441,0.20319,0.03695,0.11816,0.10310,0.11992,0.06431,0.02428,0.00707,0.03003,0.01889,0.07970
0.07237,0.06818,0.04610,0.29034,0.04952,0.27771,0.02072,0.03039,0.01090,0.07180,0.02379,0.03820
0.21224,0.22120,0.02868,0.05804,0.05581,0.02969,0.10073,0.05595,0.04691,0.05376,0.05117,0.08584
0.08851,0.08812,0.05237,0.06723,0.14427,0.05011,0.01190,0.03821,0.22531,0.05924,0.03793,0.13680
0.14351,0.13110,0.05703,0.19487,0.08064,0.04492,0.07194,0.02637,0.01261,0.19679,0.02360,0.01662
0.10558,0.10537,0.09940,0.02370,0.23802,0.10666,0.14757,0.01859,0.00934,0.01493,0.01907,0.11178
0.06329,0.05956,0.08970,0.19727,0.05052,0.27171,0.01070,0.03040,0.11912,0.02021,0.02857,0.05896
0.08266,0.07948,0.13176,0.07657,0.11983,0.17815,0.04269,0.04662,0.01047,0.04153,0.03496,0.15527
0.09385,0.09920,0.01264,0.13821,0.13075,0.06024,0.12375,0.01421,0.20454,0.09339,0.01316,0.01605
0.09644,0.08545,0.08459,0.18705,0.09178,0.10182,0.01153,0.03212,0.02664,0.16499,0.03559,0.08199
0.14182,0.14791,0.01722,0.19230,0.10461,0.19184,0.01290,0.01955,0.03024,0.02039,0.01517,0.10605
0.11337,0.12008,0.03417,0.10461,0.05483,0.11061,0.01405,0.17108,0.03457,0.02011,0.16731,0.05522
0.14866,0.15563,0.08633,0.06218,0.06313,0.07330,0.03513,0.07929,0.05206,0.07730,0.08147,0.08552
0.05810,0.06709,0.01300,0.09020,0.09036,0.06434,0.01754,0.19984,0.07195,0.04975,0.20082,0.07699
0.34093,0.34091,0.01804,0.02324,0.01362,0.02667,0.00977,0.09337,0.00954,0.01680,0.09797,0.00914
0.20929,0.21355,0.11369,0.04093,0.03725,0.10338,0.02028,0.04720,0.06705,0.07068,0.04176,0.03494
0.35450,0.34227,0.02281,0.04519,0.04258,0.04065,0.01405,0.02476,0.02971,0.02152,0.01556,0.04641
0.21833,0.20757,0.01674,0.12709,0.09788,0.04325,0.02130,0.02198,0.06009,0.09073,0.01418,0.08085
0.24312,0.22499,0.04772,0.04718,0.06980,0.06862,0.02847,0.08767,0.02444,0.02913,0.08576,0.04309
0.15418,0.15146,0.02496,0.19445,0.04637,0.09535,0.02585,0.06217,0.02486,0.11729,0.05813,0.04492
0.18518,0.17884,0.02155,0.10634,0.03358,0.02349,0.01049,0.12225,0.02885,0.10962,0.13211,0.04769
0.23108,0.22426,0.03522,0.04297,0.12566,0.04765,0.01288,0.05602,0.01261,0.03770,0.04863,0.12532
0.04688,0.03622,0.05304,0.25437,0.05921,0.28313,0.04711,0.07552,0.00939,0.04081,0.07236,0.02197
0.14021,0.13321,0.18079,0.04066,0.08516,0.14739,0.03486,0.04247,0.01623,0.06189,0.04190,0.07523
0.15098,0.14824,0.11329,0.05518,0.05678,0.14635,0.03632,0.09965,0.02935,0.03382,0.09672,0.03332
0.21650,0.20739,0.02145,0.04353,0.13252,0.03455,0.10996,0.06141,0.01479,0.03581,0.05339,0.06870
0.14521,0.12582,0.07577,0.02412,0.14449,0.07947,0.12399,0.10855,0.01461,0.01711,0.11517,0.02572
0.26825,0.25957,0.02546,0.04874,0.03029,0.05773,0.10110,0.03300,0.02891,0.01545,0.01582,0.11568
0.15678,0.15165,0.05417,0.12796,0.10270,0.07803,0.03724,0.02396,0.01124,0.10849,0.02225,0.12552
0.12313,0.11880,0.07856,0.14164,0.08876,0.15093,0.02534,0.05509,0.01488,0.07609,0.04827,0.07852
0.23819,0.23649,0.04444,0.10572,0.03618,0.13262,0.02601,0.05935,0.00983,0.02153,0.05931,0.03033
0.11900,0.11123,0.04180,0.01248,0.06761,0.02704,0.05964,0.24538,0.01497,0.03227,0.24842,0.02015
0.03772,0.03437,0.27761,0.08685,0.05578,0.30185,0.05303,0.02821,0.01171,0.06264,0.01987,0.03036
0.07112,0.06905,0.09173,0.07630,0.04913,0.12175,0.03539,0.20159,0.01865,0.04420,0.19210,0.02899
0.28006,0.28050,0.03984,0.03140,0.10406,0.06097,0.04780,0.02024,0.00644,0.02016,0.02081,0.08772
0.02243,0.02954,0.02410,0.02796,0.33704,0.04623,0.04990,0.04941,0.04473,0.01736,0.03838,0.31292
0.33585,0.33488,0.06233,0.02561,0.04362,0.08240,0.01056,0.02187,0.00938,0.01131,0.02193,0.04024
0.06477,0.05375,0.20562,0.08159,0.10103,0.09832,0.07474,0.02776,0.02086,0.19368,0.03377,0.04412
0.10669,0.11285,0.02057,0.09595,0.06529,0.04127,0.07289,0.12177,0.01369,0.06940,0.13878,0.14082
0.13224,0.13346,0.01662,0.02091,0.26514,0.02029,0.24782,0.06441,0.01255,0.01343,0.05630,0.01683
0.14350,0.14367,0.01659,0.17996,0.07806,0.09628,0.08322,0.04779,0.01884,0.10959,0.04885,0.03367
0.22630,0.20984,0.02451,0.05922,0.05359,0.02060,0.01651,0.05022,0.19276,0.05938,0.04638,0.04070
0.14873,0.14449,0.16415,0.04390,0.09310,0.17675,0.04539,0.03152,0.01485,0.04338,0.03702,0.05670
0.14747,0.15757,0.07734,0.10207,0.10038,0.10086,0.08253,0.04253,0.02097,0.08951,0.04388,0.03490
0.09152,0.09110,0.03396,0.14771,0.19871,0.04883,0.17797,0.02067,0.00796,0.13681,0.01588,0.02887
0.15085,0.15275,0.04470,0.22567,0.04726,0.05282,0.04663,0.01968,0.01247,0.21539,0.01729,0.01449
0.21285,0.20375,0.03704,0.09210,0.03049,0.10146,0.01870,0.11906,0.01886,0.03019,0.10884,0.02666
0.29132,0.28152,0.05240,0.04535,0.05161,0.05478,0.01300,0.03139,0.05756,0.04235,0.03233,0.04639
0.15765,0.15546,0.03032,0.03068,0.14822,0.05001,0.05009,0.04204,0.15029,0.01777,0.06274,0.10473
0.23415,0.23204,0.01418,0.15870,0.04776,0.15990,0.03763,0.03349,0.01236,0.01044,0.02918,0.03016
0.34396,0.34336,0.01399,0.01416,0.03558,0.01728,0.00551,0.07806,0.03731,0.00725,0.07095,0.03260
0.12278,0.11837,0.03814,0.04704,0.05390,0.07248,0.02499,0.22694,0.01033,0.02060,0.22655,0.03787
0.16204,0.16062,0.14562,0.02893,0.07852,0.15798,0.04396,0.03941,0.05986,0.01949,0.04581,0.05776
0.31355,0.33019,0.02391,0.04523,0.02508,0.01925,0.01826,0.05637,0.03348,0.04112,0.05361,0.03997
0.11563,0.11154,0.03394,0.22834,0.06269,0.10871,0.01754,0.02797,0.02950,0.16414,0.02730,0.07271
0.16539,0.15907,0.05082,0.14027,0.09818,0.06504,0.01833,0.02510,0.03921,0.12090,0.02580,0.09191
0.08428,0.08690,0.02314,0.07987,0.27457,0.03352,0.15407,0.02170,0.00550,0.06915,0.03008,0.13721
