0.00000,0.00000,0.00000,0.00000,0.00000,0.00000,0.00000,0.00000,0.00036,0.01270,0.00000,0.00000,0.00000,0.42978,0.01514,0.00000,0.00001,0.03342,0.15512,0.00000,0.31450,0.03897
0.00000,0.00000,0.00001,0.18522,0.00000,0.00000,0.00000,0.00000,0.00000,0.00000,0.00000,0.00000,0.00000,0.03094,0.18118,0.00090,0.00000,0.01860,0.02618,0.00000,0.52204,0.03493
0.00000,0.00000,0.00000,0.00000,0.00000,0.00000,0.00000,0.00000,0.00000,0.00000,0.00002,0.03252,0.00000,0.00853,0.28094,0.00340,0.14818,0.13953,0.00003,0.00000,0.37898,0.00787
0.00000,0.00000,0.00000,0.00000,0.00000,0.00000,0.02580,0.05534,0.00000,0.00000,0.00000,0.00000,0.00000,0.41001,0.13341,0.00000,0.00023,0.18790,0.00000,0.00000,0.17679,0.01053
0.00671,0.80118,0.00000,0.00000,0.00000,0.00000,0.00000,0.00000,0.00000,0.00000,0.00000,0.00000,0.00000,0.02465,0.00185,0.00011,0.00000,0.00294,0.00004,0.00000,0.13836,0.02415
0.00000,0.00000,0.07206,0.10768,0.00000,0.00000,0.00000,0.00000,0.00000,0.00000,0.00000,0.00000,0.00000,0.30725,0.07663,0.00225,0.03650,0.28120,0.00035,0.00000,0.01695,0.09913
0.00000,0.00000,0.00025,0.00563,0.00000,0.00000,0.00000,0.00000,0.00000,0.00000,0.00000,0.00000,0.00000,0.22308,0.24749,0.00000,0.00000,0.00003,0.00501,0.00000,0.31197,0.20653
0.39443,0.01436,0.00000,0.00000,0.00000,0.00000,0.00000,0.00000,0.00000,0.00000,0.00000,0.00000,0.01680,0.10407,0.00112,0.00057,0.00000,0.20396,0.00000,0.00000,0.15435,0.11035
0.00000,0.00000,0.00000,0.00000,0.00000,0.00000,0.00000,0.00000,0.07850,0.45877,0.00000,0.00000,0.00000,0.08369,0.07554,0.00000,0.00000,0.09811,0.03528,0.00000,0.15763,0.01247
0.00000,0.00000,0.00373,0.04779,0.00000,0.00000,0.00000,0.00000,0.00000,0.00000,0.00000,0.00000,0.00000,0.09250,0.10486,0.00000,0.02549,0.00927,0.16225,0.00000,0.55268,0.00143
0.00000,0.01066,0.00000,0.00000,0.00000,0.00000,0.00000,0.00000,0.00000,0.00000,0.00000,0.00000,0.00000,0.34062,0.10233,0.00001,0.00433,0.30902,0.04379,0.00000,0.17995,0.00929
0.00000,0.00000,0.00000,0.00000,0.00000,0.00000,0.32580,0.01386,0.00000,0.00000,0.00000,0.00000,0.00002,0.01219,0.05647,0.00000,0.00097,0.18605,0.25762,0.00000,0.14125,0.00577
0.00000,0.00000,0.00000,0.00000,0.00000,0.00000,0.00000,0.00000,0.00000,0.00000,0.00032,0.54571,0.00000,0.24362,0.11355,0.00000,0.00001,0.08509,0.00000,0.00000,0.00517,0.00653
0.00000,0.00000,0.00000,0.00000,0.00000,0.00000,0.00038,0.00089,0.00000,0.00000,0.00000,0.00000,0.00000,0.59954,0.03681,0.01030,0.00000,0.12470,0.00000,0.00000,0.03685,0.19052
0.00000,0.00000,0.00000,0.00000,0.00000,0.03521,0.00000,0.00000,0.00000,0.00000,0.00000,0.00000,0.00001,0.19202,0.26068,0.29162,0.02520,0.13942,0.00000,0.00000,0.03311,0.02274
0.00000,0.00000,0.04445,0.15347,0.00000,0.00000,0.00000,0.00000,0.00000,0.00000,0.00000,0.00000,0.00000,0.45277,0.08864,0.00000,0.00002,0.11472,0.00000,0.00000,0.14399,0.00194
0.00000,0.00000,0.00000,0.00000,0.00000,0.00000,0.00026,0.00019,0.00000,0.00000,0.00000,0.00000,0.00000,0.46308,0.07925,0.00339,0.00000,0.04351,0.00004,0.00000,0.40254,0.00775
0.00000,0.00000,0.00000,0.00000,0.00000,0.00000,0.00000,0.00000,0.00909,0.00216,0.00000,0.00000,0.00000,0.23572,0.21161,0.00000,0.00000,0.02636,0.00025,0.00000,0.17810,0.33671
0.00040,0.00285,0.00000,0.00000,0.00000,0.00000,0.00000,0.00000,0.00000,0.00000,0.00000,0.00000,0.00000,0.01456,0.00303,0.00000,0.29783,0.01370,0.01145,0.00000,0.65603,0.00016
0.00021,0.53599,0.00000,0.00000,0.00000,0.00000,0.00000,0.00000,0.00000,0.00000,0.00000,0.00000,0.00000,0.17428,0.03943,0.00725,0.00000,0.17907,0.05462,0.00000,0.00916,0.00000
0.00000,0.00000,0.00000,0.00000,0.00000,0.00000,0.00000,0.00000,0.00054,0.06622,0.00000,0.00000,0.00000,0.52981,0.00130,0.05880,0.00000,0.17668,0.00000,0.00000,0.15906,0.00760
0.00000,0.00000,0.00000,0.00000,0.00000,0.00000,0.00000,0.00000,0.00046,0.01136,0.00000,0.00000,0.00000,0.38545,0.00453,0.00000,0.01168,0.08131,0.00127,0.00000,0.42967,0.07427
0.00000,0.00000,0.00000,0.00000,0.00000,0.00000,0.00000,0.00000,0.00000,0.00000,0.00945,0.05921,0.00000,0.56015,0.01612,0.00011,0.00000,0.28337,0.00000,0.00000,0.06578,0.00581
0.00000,0.00000,0.00000,0.00001,0.00000,0.00000,0.00000,0.00000,0.00000,0.00000,0.00000,0.00000,0.00000,0.02216,0.41325,0.00003,0.40393,0.07978,0.00000,0.00000,0.02233,0.05851
0.00000,0.00000,0.00000,0.00000,0.00000,0.00000,0.00000,0.00000,0.00787,0.01880,0.00000,0.00000,0.00000,0.09432,0.28642,0.00002,0.00141,0.16385,0.00007,0.00000,0.00248,0.42475
0.00000,0.00000,0.00000,0.00000,0.06012,0.07317,0.00000,0.00000,0.00000,0.00000,0.00000,0.00000,0.00000,0.00733,0.08250,0.00000,0.00119,0.12269,0.00562,0.00000,0.62426,0.02312
0.00000,0.00000,0.00000,0.00000,0.00000,0.00000,0.00000,0.00000,0.00000,0.00000,0.14460,0.42234,0.00000,0.18200,0.02543,0.00000,0.00000,0.07264,0.00014,0.00000,0.13211,0.02074
0.00000,0.00000,0.00000,0.00000,0.00000,0.00000,0.00000,0.00000,0.00000,0.00000,0.00005,0.00022,0.00000,0.06823,0.05290,0.00000,0.00000,0.01860,0.01292,0.00000,0.59050,0.25658
0.00000,0.00000,0.00000,0.00000,0.00016,0.10198,0.00000,0.00000,0.00000,0.00000,0.00000,0.00000,0.00000,0.18796,0.31714,0.02901,0.04308,0.06894,0.00000,0.00000,0.05003,0.20169
0.00000,0.00000,0.00000,0.00000,0.00000,0.00000,0.02914,0.30672,0.00000,0.00000,0.00000,0.00000,0.00001,0.13590,0.13775,0.00000,0.00001,0.07843,0.00000,0.00000,0.06182,0.25024
0.00000,0.00000,0.16526,0.04224,0.00000,0.00000,0.00000,0.00000,0.00000,0.00000,0.00000,0.00000,0.00000,0.38812,0.05803,0.00000,0.00480,0.21435,0.02135,0.00000,0.04918,0.05667
0.00000,0.00000,0.00000,0.00000,0.00000,0.03062,0.00000,0.00000,0.00000,0.00000,0.00000,0.00000,0.00000,0.09477,0.00432,0.00000,0.00000,0.78751,0.00000,0.00000,0.06752,0.01527
0.00000,0.00000,0.00000,0.01528,0.00000,0.00000,0.00000,0.00000,0.00000,0.00000,0.00000,0.00000,0.00000,0.25349,0.00323,0.00037,0.05577,0.57777,0.00000,0.00000,0.09408,0.00001
0.00000,0.00000,0.00000,0.00000,0.00000,0.00000,0.00000,0.00000,0.03122,0.00202,0.00000,0.00000,0.00000,0.00736,0.38405,0.00000,0.00000,0.29353,0.11379,0.00000,0.16769,0.00035
0.00000,0.00000,0.00000,0.00000,0.00206,0.01792,0.00000,0.00000,0.00000,0.00000,0.00000,0.00000,0.00000,0.10428,0.61046,0.00051,0.00000,0.00004,0.19075,0.00000,0.06572,0.00826
0.00000,0.00000,0.00000,0.00000,0.00000,0.25415,0.00000,0.00000,0.00000,0.00000,0.00000,0.00000,0.00000,0.03975,0.04205,0.00000,0.00000,0.55985,0.00000,0.00000,0.09903,0.00516
0.00000,0.00000,0.00000,0.00000,0.00000,0.00000,0.00000,0.20167,0.00000,0.00000,0.00000,0.00000,0.00000,0.53061,0.00627,0.00000,0.00013,0.09700,0.00000,0.00000,0.16357,0.00074
0.00000,0.00000,0.00000,0.00000,0.25463,0.13780,0.00000,0.00000,0.00000,0.00000,0.00000,0.00000,0.00000,0.00891,0.04600,0.00003,0.00000,0.16559,0.14480,0.00000,0.24183,0.00040
0.00000,0.00000,0.00000,0.00000,0.00000,0.00000,0.00000,0.00000,0.00000,0.00000,0.13346,0.11018,0.00000,0.09210,0.02262,0.04282,0.38961,0.05009,0.00052,0.00000,0.13517,0.02342
0.00001,0.21056,0.00000,0.00000,0.00000,0.00000,0.00000,0.00000,0.00000,0.00000,0.00000,0.00000,0.00000,0.05980,0.29253,0.00000,0.00000,0.35622,0.00031,0.00000,0.00007,0.08051
0.00000,0.00000,0.00000,0.00000,0.00001,0.00022,0.00000,0.00000,0.00000,0.00000,0.00000,0.00000,0.00049,0.14506,0.77129,0.00000,0.00000,0.07233,0.00000,0.00000,0.00741,0.00319
0.00000,0.00000,0.00113,0.05949,0.00000,0.00000,0.00000,0.00000,0.00000,0.00000,0.00000,0.00000,0.00000,0.02065,0.15215,0.00000,0.00001,0.51643,0.19121,0.00000,0.00037,0.05857
0.00023,0.12408,0.00000,0.00000,0.00000,0.00000,0.00000,0.00000,0.00000,0.00000,0.00000,0.00000,0.00000,0.59372,0.00050,0.00000,0.00158,0.07308,0.00000,0.00000,0.18534,0.02146
0.00000,0.00000,0.00000,0.00000,0.00000,0.00000,0.00000,0.00000,0.00000,0.00000,0.00003,0.11147,0.08501,0.25180,0.36986,0.00000,0.00000,0.11490,0.00013,0.00000,0.02244,0.04436
0.00000,0.00000,0.00000,0.00000,0.00000,0.00000,0.00000,0.00000,0.00000,0.00000,0.00001,0.07796,0.00000,0.04306,0.01860,0.00000,0.43529,0.37678,0.00000,0.00000,0.02075,0.02753
0.00000,0.00000,0.03362,0.03336,0.00000,0.00000,0.00000,0.00000,0.00000,0.00000,0.00000,0.00000,0.00000,0.22042,0.08678,0.00000,0.12036,0.29337,0.00000,0.00000,0.11859,0.09350
0.00000,0.00000,0.00000,0.00000,0.00212,0.10679,0.00000,0.00000,0.00000,0.00000,0.00000,0.00000,0.00000,0.05700,0.04033,0.00000,0.03545,0.10246,0.00000,0.00000,0.00493,0.65092
0.00961,0.02546,0.00000,0.00000,0.00000,0.00000,0.00000,0.00000,0.00000,0.00000,0.00000,0.00000,0.21886,0.38482,0.02137,0.00004,0.00002,0.27863,0.00000,0.00000,0.04032,0.02087
0.00000,0.00000,0.00000,0.00000,0.00222,0.00046,0.00000,0.00000,0.00000,0.00000,0.00000,0.00000,0.00000,0.64844,0.30735,0.00022,0.01025,0.02914,0.00000,0.00000,0.00119,0.00073
0.00030,0.04891,0.00000,0.00000,0.00000,0.00000,0.00000,0.00000,0.00000,0.00000,0.00000,0.00000,0.00000,0.00799,0.40597,0.00031,0.00000,0.20528,0.05003,0.00000,0.15474,0.12646
0.00000,0.00000,0.00000,0.00000,0.00000,0.00000,0.00898,0.27668,0.00000,0.00000,0.00000,0.00000,0.00000,0.03706,0.12993,0.02916,0.00000,0.50301,0.00000,0.00000,0.01126,0.00391
0.00000,0.00000,0.00001,0.02539,0.00000,0.00000,0.00000,0.00000,0.00000,0.00000,0.00000,0.00000,0.00000,0.05624,0.02583,0.02094,0.00000,0.60904,0.09101,0.00000,0.17125,0.00029
0.00000,0.00000,0.00002,0.11708,0.00000,0.00000,0.00000,0.00000,0.00000,0.00000,0.00000,0.00000,0.00000,0.60980,0.06552,0.00000,0.04319,0.04050,0.00399,0.00000,0.11991,0.00000
0.00000,0.00000,0.00001,0.02283,0.00000,0.00000,0.00000,0.00000,0.00000,0.00000,0.00000,0.00000,0.00000,0.00990,0.00028,0.00000,0.00002,0.07532,0.32747,0.00000,0.54894,0.01522
0.00000,0.00000,0.00000,0.00000,0.00000,0.00000,0.00000,0.00000,0.00058,0.18015,0.00000,0.00000,0.00000,0.04275,0.04488,0.00995,0.02356,0.09094,0.02114,0.00000,0.08517,0.50088
0.00000,0.25301,0.00000,0.00000,0.00000,0.00000,0.00000,0.00000,0.00000,0.00000,0.00000,0.00000,0.00000,0.36890,0.23157,0.00001,0.00000,0.00892,0.00000,0.00000,0.03192,0.10567
0.00000,0.83003,0.00000,0.00000,0.00000,0.00000,0.00000,0.00000,0.00000,0.00000,0.00000,0.00000,0.00000,0.07080,0.07293,0.00014,0.00000,0.00358,0.00457,0.00000,0.01748,0.00047
0.00000,0.00000,0.00000,0.00000,0.00000,0.00000,0.00000,0.00000,0.00000,0.00000,0.00000,0.11720,0.00000,0.35788,0.06979,0.00000,0.00030,0.36664,0.00001,0.00000,0.08674,0.00144
0.00000,0.00000,0.00142,0.20426,0.00000,0.00000,0.00000,0.00000,0.00000,0.00000,0.00000,0.00000,0.00000,0.37719,0.18555,0.00000,0.00080,0.00666,0.11708,0.00000,0.10610,0.00093
0.00000,0.00000,0.00000,0.00000,0.00000,0.00000,0.08633,0.04506,0.00000,0.00000,0.00000,0.00000,0.00000,0.08140,0.05897,0.31232,0.00000,0.21612,0.00000,0.00000,0.02960,0.17020
0.00000,0.00000,0.00105,0.00020,0.00000,0.00000,0.00000,0.00000,0.00000,0.00000,0.00000,0.00000,0.00000,0.16385,0.28240,0.00020,0.00000,0.15532,0.07951,0.00000,0.20223,0.11524
0.00000,0.00000,0.00000,0.00000,0.00000,0.00000,0.01043,0.22041,0.00000,0.00000,0.00000,0.00000,0.00000,0.19976,0.07727,0.00005,0.00395,0.05292,0.09769,0.00000,0.13072,0.20680
0.00000,0.00000,0.00000,0.00000,0.00000,0.00000,0.00527,0.45747,0.00000,0.00000,0.00000,0.00000,0.00000,0.06116,0.01820,0.00593,0.02349,0.08482,0.01021,0.00000,0.15255,0.18089
0.00000,0.00000,0.00000,0.00000,0.00000,0.00000,0.10397,0.01349,0.00000,0.00000,0.00000,0.00000,0.00000,0.50107,0.28984,0.00000,0.00284,0.00700,0.00000,0.00000,0.07559,0.00619
0.00000,0.00000,0.00921,0.00662,0.00000,0.00000,0.00000,0.00000,0.00000,0.00000,0.00000,0.00000,0.00000,0.64422,0.12866,0.00000,0.00303,0.00980,0.00393,0.00000,0.15714,0.03738
0.00846,0.01464,0.00000,0.00000,0.00000,0.00000,0.00000,0.00000,0.00000,0.00000,0.00000,0.00000,0.00000,0.16174,0.69366,0.06661,0.00000,0.03790,0.00000,0.00000,0.01619,0.00078
0.00000,0.00000,0.00000,0.00000,0.00000,0.00000,0.00000,0.33280,0.00000,0.00000,0.00000,0.00000,0.00077,0.05618,0.28497,0.00000,0.00000,0.00218,0.00000,0.00000,0.02879,0.29431
0.00000,0.00000,0.00000,0.00000,0.00000,0.00000,0.00000,0.00000,0.00000,0.00000,0.01113,0.59984,0.00000,0.12753,0.03041,0.11143,0.00012,0.08027,0.00800,0.00000,0.03125,0.00003
0.00000,0.00000,0.00000,0.00000,0.00000,0.00000,0.00000,0.00000,0.00000,0.00000,0.00099,0.11449,0.00000,0.25876,0.00033,0.00000,0.00003,0.10873,0.00005,0.00000,0.00548,0.51114
0.00000,0.00000,0.00000,0.00000,0.00000,0.00000,0.00000,0.00000,0.05965,0.18936,0.00000,0.00000,0.00001,0.35581,0.01693,0.17416,0.00255,0.19792,0.00000,0.00000,0.00069,0.00293
0.00000,0.00000,0.00000,0.00000,0.00000,0.00000,0.00000,0.00000,0.10273,0.02932,0.00000,0.00000,0.00000,0.12068,0.09360,0.01520,0.00000,0.07104,0.01485,0.00000,0.55252,0.00006
0.00000,0.00000,0.00000,0.07979,0.00000,0.00000,0.00000,0.00000,0.00000,0.00000,0.00000,0.00000,0.00000,0.72996,0.05671,0.00000,0.00000,0.05859,0.00408,0.00000,0.06245,0.00843
0.00000,0.00000,0.00000,0.00000,0.01061,0.42598,0.00000,0.00000,0.00000,0.00000,0.00000,0.00000,0.00000,0.39528,0.01310,0.03988,0.00000,0.04371,0.03424,0.00000,0.03561,0.00160
0.00000,0.00000,0.00000,0.00000,0.01118,0.36338,0.00000,0.00000,0.00000,0.00000,0.00000,0.00000,0.00000,0.02978,0.43535,0.00000,0.01807,0.01636,0.00093,0.00000,0.09174,0.03320
0.00000,0.00000,0.00000,0.00000,0.00000,0.00000,0.00000,0.00000,0.10275,0.03170,0.00000,0.00000,0.00662,0.01726,0.56480,0.00000,0.03226,0.00012,0.11248,0.00000,0.13086,0.00115
0.00000,0.00000,0.03629,0.00002,0.00000,0.00000,0.00000,0.00000,0.00000,0.00000,0.00000,0.00000,0.00000,0.36428,0.00471,0.00014,0.00028,0.28349,0.00009,0.00000,0.22183,0.08889
0.00000,0.00000,0.00000,0.00000,0.00000,0.00000,0.23905,0.00057,0.00000,0.00000,0.00000,0.00000,0.00000,0.23331,0.35761,0.00000,0.00333,0.12450,0.00570,0.00000,0.01746,0.01846
0.10992,0.19820,0.00000,0.00000,0.00000,0.00000,0.00000,0.00000,0.00000,0.00000,0.00000,0.00000,0.00000,0.10081,0.41085,0.00000,0.05695,0.06992,0.00040,0.00000,0.05256,0.00038
0.00000,0.00000,0.00000,0.26435,0.00000,0.00000,0.00000,0.00000,0.00000,0.00000,0.00000,0.00000,0.00000,0.02630,0.10452,0.00000,0.00000,0.28887,0.00093,0.00000,0.03040,0.28464
0.00000,0.00000,0.00000,0.00000,0.00000,0.00000,0.00000,0.00000,0.00000,0.00000,0.00000,0.11283,0.03706,0.41986,0.03535,0.01376,0.00000,0.36414,0.00000,0.00000,0.00208,0.01492
0.00000,0.00000,0.01239,0.04944,0.00000,0.00000,0.00000,0.00000,0.00000,0.00000,0.00000,0.00000,0.00000,0.37635,0.00873,0.00005,0.00000,0.12391,0.04816,0.00000,0.38051,0.00046
0.00000,0.02647,0.00000,0.00000,0.00000,0.00000,0.00000,0.00000,0.00000,0.00000,0.00000,0.00000,0.00000,0.19209,0.10584,0.00000,0.04895,0.52956,0.00149,0.00000,0.09335,0.00224
0.00000,0.00000,0.00000,0.00000,0.00616,0.00004,0.00000,0.00000,0.00000,0.00000,0.00000,0.00000,0.00000,0.72010,0.09469,0.00000,0.02334,0.13011,0.00803,0.00000,0.01752,0.00001
0.00000,0.00000,0.00000,0.00000,0.00000,0.00000,0.00000,0.00000,0.00000,0.00000,0.06662,0.34733,0.00000,0.03233,0.19583,0.00000,0.02901,0.00322,0.00282,0.00000,0.21960,0.10323
0.00000,0.00000,0.00000,0.00000,0.00000,0.00000,0.31893,0.00000,0.00000,0.00000,0.00000,0.00000,0.00000,0.17200,0.06840,0.00000,0.00501,0.43172,0.00000,0.00000,0.00367,0.00026
0.00015,0.03650,0.00000,0.00000,0.00000,0.00000,0.00000,0.00000,0.00000,0.00000,0.00000,0.00000,0.00000,0.26657,0.60704,0.00000,0.00007,0.03752,0.00001,0.00000,0.01007,0.04207
0.00000,0.00000,0.00000,0.00000,0.00000,0.00000,0.55651,0.03380,0.00000,0.00000,0.00000,0.00000,0.00230,0.01421,0.00976,0.00000,0.00233,0.01777,0.05148,0.00000,0.30703,0.00481
0.00000,0.00000,0.00000,0.00000,0.00000,0.00000,0.00000,0.00000,0.00000,0.00000,0.03305,0.02034,0.00000,0.21639,0.16785,0.05785,0.00000,0.00631,0.00000,0.00000,0.34703,0.15119
0.00376,0.27741,0.00000,0.00000,0.00000,0.00000,0.00000,0.00000,0.00000,0.00000,0.00000,0.00000,0.00000,0.00111,0.09840,0.00000,0.00000,0.30814,0.02704,0.00000,0.16282,0.12132
0.00000,0.00000,0.00000,0.00000,0.00000,0.00000,0.00004,0.00111,0.00000,0.00000,0.00000,0.00000,0.00000,0.52832,0.25345,0.08577,0.00032,0.00057,0.00000,0.00000,0.00009,0.13034
0.00000,0.00000,0.00000,0.00000,0.00000,0.00000,0.11757,0.29728,0.00000,0.00000,0.00000,0.00000,0.00011,0.00425,0.04723,0.00000,0.05591,0.02484,0.00000,0.00000,0.44356,0.00925
0.00000,0.00000,0.00000,0.00000,0.00000,0.00000,0.03896,0.02887,0.00000,0.00000,0.00000,0.00000,0.00000,0.67647,0.00165,0.07268,0.00000,0.08878,0.00000,0.00000,0.02138,0.07120
0.00000,0.00000,0.00000,0.00000,0.00000,0.00000,0.00000,0.00000,0.00051,0.05332,0.00000,0.00000,0.00000,0.04401,0.08100,0.00000,0.11877,0.17640,0.00000,0.00000,0.13637,0.38962
0.00000,0.00000,0.00000,0.00000,0.03876,0.17317,0.00000,0.00000,0.00000,0.00000,0.00000,0.00000,0.00000,0.06505,0.02824,0.01388,0.00001,0.35617,0.00000,0.00000,0.04592,0.27879
0.00000,0.00000,0.00000,0.00000,0.00000,0.00000,0.00000,0.00000,0.00306,0.19549,0.00000,0.00000,0.02121,0.00735,0.23013,0.00000,0.07282,0.15303,0.00000,0.00000,0.31607,0.00084
0.00042,0.21267,0.00000,0.00000,0.00000,0.00000,0.00000,0.00000,0.00000,0.00000,0.00000,0.00000,0.00000,0.18144,0.17944,0.00000,0.01437,0.38629,0.00000,0.00000,0.02538,0.00000
0.35514,0.02795,0.00000,0.00000,0.00000,0.00000,0.00000,0.00000,0.00000,0.00000,0.00000,0.00000,0.00000,0.05378,0.18133,0.01262,0.00000,0.03456,0.00920,0.00000,0.20624,0.11918
0.00000,0.00000,0.00000,0.00000,0.00005,0.05972,0.00000,0.00000,0.00000,0.00000,0.00000,0.00000,0.00000,0.82517,0.03783,0.01416,0.00000,0.00814,0.00000,0.00000,0.03292,0.02202
0.00000,0.00000,0.00000,0.00000,0.00000,0.00000,0.00000,0.00000,0.11076,0.05611,0.00000,0.00000,0.00000,0.02853,0.45377,0.00028,0.00535,0.09588,0.02580,0.00000,0.19113,0.03239
0.00000,0.00000,0.03379,0.13824,0.00000,0.00000,0.00000,0.00000,0.00000,0.00000,0.00000,0.00000,0.00000,0.22127,0.22195,0.00000,0.00000,0.11108,0.00000,0.00000,0.27354,0.00012
0.00000,0.00000,0.00000,0.00000,0.00000,0.00000,0.00000,0.00000,0.00000,0.00000,0.00360,0.02432,0.00000,0.16067,0.41856,0.00000,0.00001,0.02935,0.00487,0.00000,0.35853,0.00009
0.00000,0.00000,0.00000,0.00000,0.00000,0.21860,0.00000,0.00000,0.00000,0.00000,0.00000,0.00000,0.00000,0.33856,0.08862,0.00000,0.00000,0.17162,0.02827,0.00000,0.09540,0.05892
0.00000,0.00000,0.00000,0.00000,0.00000,0.00000,0.00045,0.01259,0.00000,0.00000,0.00000,0.00000,0.00000,0.04839,0.06179,0.00000,0.61095,0.00862,0.00260,0.00000,0.05021,0.20440
0.00000,0.00000,0.00000,0.00000,0.00000,0.00000,0.00000,0.00000,0.35706,0.52489,0.00000,0.00000,0.00000,0.07955,0.02300,0.00000,0.00052,0.01493,0.00001,0.00000,0.00004,0.00000
0.07103,0.08333,0.00000,0.00000,0.00000,0.00000,0.00000,0.00000,0.00000,0.00000,0.00000,0.00000,0.00000,0.62823,0.04520,0.00024,0.00000,0.00020,0.02722,0.00000,0.14453,0.00000
0.00000,0.00000,0.12619,0.53513,0.00000,0.00000,0.00000,0.00000,0.00000,0.00000,0.00000,0.00000,0.00000,0.06846,0.06845,0.06955,0.00000,0.05847,0.00000,0.00000,0.04086,0.03288
0.00000,0.00000,0.00000,0.00000,0.00000,0.00000,0.00000,0.00000,0.00000,0.00000,0.13028,0.20383,0.00000,0.16169,0.14619,0.25755,0.00301,0.00003,0.00002,0.00000,0.02087,0.07653
0.00000,0.00000,0.00000,0.00000,0.00000,0.00000,0.00000,0.00000,0.08503,0.00692,0.00000,0.00000,0.00000,0.23188,0.05548,0.14753,0.01142,0.11589,0.00065,0.00000,0.31602,0.02917
0.00000,0.00000,0.00000,0.00000,0.00000,0.00000,0.00000,0.00000,0.00000,0.00000,0.00002,0.46813,0.00000,0.05904,0.00032,0.00790,0.04417,0.00982,0.00000,0.00000,0.37329,0.03732
0.11736,0.13213,0.00000,0.00000,0.00000,0.00000,0.00000,0.00000,0.00000,0.00000,0.00000,0.00000,0.00000,0.20411,0.21549,0.00000,0.06147,0.12606,0.00000,0.00000,0.08070,0.06269
0.00000,0.00000,0.00000,0.00000,0.00000,0.00000,0.00721,0.18300,0.00000,0.00000,0.00000,0.00000,0.00000,0.15260,0.17646,0.00013,0.12967,0.13875,0.00000,0.00000,0.21054,0.00164
0.17175,0.34131,0.00000,0.00000,0.00000,0.00000,0.00000,0.00000,0.00000,0.00000,0.00000,0.00000,0.00001,0.31443,0.07509,0.00000,0.00003,0.08416,0.00000,0.00000,0.01268,0.00053
0.00000,0.00000,0.00000,0.00000,0.00000,0.00000,0.00000,0.00000,0.00062,0.05214,0.00000,0.00000,0.00000,0.02830,0.15805,0.00000,0.43127,0.15083,0.00000,0.00000,0.15177,0.02703
0.00000,0.00000,0.00000,0.00000,0.00000,0.00000,0.00041,0.53713,0.00000,0.00000,0.00000,0.00000,0.00055,0.27184,0.11352,0.00000,0.00000,0.02646,0.00755,0.00000,0.01140,0.03113
0.00000,0.00000,0.00000,0.00000,0.00000,0.00000,0.00000,0.00000,0.10132,0.13808,0.00000,0.00000,0.00000,0.30743,0.10309,0.08181,0.01079,0.04768,0.00008,0.00000,0.20648,0.00325
0.00214,0.11168,0.00000,0.00000,0.00000,0.00000,0.00000,0.00000,0.00000,0.00000,0.00000,0.00000,0.00000,0.36215,0.34377,0.01849,0.00000,0.09629,0.00004,0.00000,0.06510,0.00033
0.00000,0.00000,0.00000,0.00000,0.00000,0.00000,0.01183,0.00038,0.00000,0.00000,0.00000,0.00000,0.00000,0.60833,0.09528,0.00000,0.00016,0.17294,0.07653,0.00000,0.03405,0.00049
0.00000,0.00000,0.00000,0.00000,0.00000,0.00000,0.00000,0.00000,0.00000,0.00000,0.00322,0.04931,0.00002,0.86656,0.07180,0.00000,0.00000,0.00272,0.00000,0.00000,0.00637,0.00000
0.00000,0.00000,0.00000,0.00000,0.00000,0.00000,0.00000,0.48054,0.00000,0.00000,0.00000,0.00000,0.00000,0.00371,0.04604,0.00000,0.00018,0.18829,0.03382,0.00000,0.14265,0.10479
0.00000,0.00000,0.00000,0.00000,0.00000,0.00000,0.00000,0.00000,0.01110,0.37837,0.00000,0.00000,0.00000,0.08333,0.15007,0.00009,0.00553,0.03325,0.00322,0.00000,0.33372,0.00132
0.00000,0.00000,0.00000,0.00000,0.15901,0.13688,0.00000,0.00000,0.00000,0.00000,0.00000,0.00000,0.00000,0.07495,0.13429,0.00000,0.00001,0.32730,0.00006,0.00000,0.14856,0.01894
0.00000,0.00000,0.00000,0.00000,0.00000,0.00000,0.00217,0.15603,0.00000,0.00000,0.00000,0.00000,0.00000,0.13738,0.64540,0.00000,0.00000,0.03352,0.01254,0.00000,0.01275,0.00020
0.00000,0.00000,0.00109,0.28699,0.00000,0.00000,0.00000,0.00000,0.00000,0.00000,0.00000,0.00000,0.00000,0.13898,0.22143,0.00000,0.00000,0.17420,0.00000,0.00000,0.05720,0.12010
0.00000,0.00000,0.00000,0.00000,0.00000,0.00000,0.00000,0.00000,0.01570,0.02813,0.00000,0.00000,0.00000,0.02381,0.02932,0.00000,0.00779,0.86842,0.00646,0.00000,0.02014,0.00024
0.00000,0.00000,0.15638,0.01649,0.00000,0.00000,0.00000,0.00000,0.00000,0.00000,0.00000,0.00000,0.00000,0.53977,0.00465,0.00000,0.00000,0.13198,0.00007,0.00000,0.13715,0.01351
0.00000,0.00594,0.00000,0.00000,0.00000,0.00000,0.00000,0.00000,0.00000,0.00000,0.00000,0.00000,0.00000,0.03019,0.28307,0.00347,0.00687,0.40200,0.00000,0.00000,0.22416,0.04430
0.00000,0.00000,0.00000,0.00000,0.00000,0.00000,0.00000,0.00000,0.03571,0.00046,0.00000,0.00000,0.00000,0.17267,0.10828,0.00000,0.03775,0.24548,0.00000,0.00000,0.37179,0.02786
0.00000,0.00000,0.00000,0.00000,0.00000,0.00000,0.24880,0.17315,0.00000,0.00000,0.00000,0.00000,0.00000,0.49833,0.00188,0.00000,0.02930,0.00469,0.00096,0.00000,0.01832,0.02456
0.00000,0.00000,0.00000,0.00000,0.00000,0.00000,0.00000,0.00000,0.01443,0.27468,0.00000,0.00000,0.00001,0.03254,0.15843,0.00000,0.16898,0.08072,0.00044,0.00000,0.01757,0.25220
0.00000,0.00000,0.00006,0.14907,0.00000,0.00000,0.00000,0.00000,0.00000,0.00000,0.00000,0.00000,0.00000,0.55285,0.06524,0.00071,0.00000,0.11563,0.00001,0.00000,0.09526,0.02117
0.00206,0.02039,0.00000,0.00000,0.00000,0.00000,0.00000,0.00000,0.00000,0.00000,0.00000,0.00000,0.00000,0.07882,0.22195,0.07428,0.00520,0.43204,0.00000,0.00000,0.15142,0.01384
0.00002,0.32756,0.00000,0.00000,0.00000,0.00000,0.00000,0.00000,0.00000,0.00000,0.00000,0.00000,0.00000,0.26059,0.14739,0.00000,0.00000,0.03116,0.00000,0.00000,0.22696,0.00633
0.00000,0.00000,0.00043,0.08205,0.00000,0.00000,0.00000,0.00000,0.00000,0.00000,0.00000,0.00000,0.00000,0.25179,0.15935,0.00029,0.00067,0.23791,0.24091,0.00000,0.00261,0.02399
0.00000,0.00000,0.00019,0.08407,0.00000,0.00000,0.00000,0.00000,0.00000,0.00000,0.00000,0.00000,0.00000,0.04284,0.37214,0.00000,0.00000,0.21005,0.09088,0.00000,0.18870,0.01113
0.00000,0.00000,0.00000,0.06558,0.00000,0.00000,0.00000,0.00000,0.00000,0.00000,0.00000,0.00000,0.00000,0.14995,0.39730,0.00000,0.00858,0.24737,0.00027,0.00000,0.10805,0.02290
0.00000,0.00000,0.02207,0.28518,0.00000,0.00000,0.00000,0.00000,0.00000,0.00000,0.00000,0.00000,0.00000,0.20106,0.04187,0.00000,0.00000,0.06637,0.00000,0.00000,0.23342,0.15003
0.02130,0.38725,0.00000,0.00000,0.00000,0.00000,0.00000,0.00000,0.00000,0.00000,0.00000,0.00000,0.00000,0.11693,0.03759,0.00000,0.00000,0.05660,0.00010,0.00000,0.28362,0.09661
0.00000,0.00000,0.05533,0.23948,0.00000,0.00000,0.00000,0.00000,0.00000,0.00000,0.00000,0.00000,0.00000,0.05957,0.12405,0.00000,0.00168,0.04126,0.07921,0.00000,0.26679,0.13264
0.00000,0.38451,0.00000,0.00000,0.00000,0.00000,0.00000,0.00000,0.00000,0.00000,0.00000,0.00000,0.00000,0.34237,0.00847,0.00000,0.00000,0.18546,0.00169,0.00000,0.06224,0.01526
0.00000,0.00000,0.00000,0.00000,0.06313,0.02403,0.00000,0.00000,0.00000,0.00000,0.00000,0.00000,0.00000,0.16446,0.02037,0.00122,0.15506,0.00967,0.00000,0.00000,0.39507,0.16700
0.02650,0.11279,0.00000,0.00000,0.00000,0.00000,0.00000,0.00000,0.00000,0.00000,0.00000,0.00000,0.00000,0.20048,0.11430,0.00004,0.00070,0.04625,0.00005,0.00000,0.18679,0.31209
0.00000,0.00000,0.00000,0.00000,0.00000,0.00000,0.00000,0.00000,0.00000,0.00000,0.00295,0.02992,0.00000,0.46266,0.01127,0.00000,0.00000,0.17267,0.00017,0.00000,0.23504,0.08532
0.00000,0.18064,0.00000,0.00000,0.00000,0.00000,0.00000,0.00000,0.00000,0.00000,0.00000,0.00000,0.00000,0.08952,0.03790,0.00000,0.00000,0.00046,0.04600,0.00000,0.37347,0.27200
0.00000,0.00000,0.00000,0.00000,0.00000,0.00000,0.00000,0.00000,0.00596,0.06374,0.00000,0.00000,0.00035,0.55659,0.01616,0.00000,0.00000,0.28152,0.04792,0.00000,0.00153,0.02624
0.00000,0.00000,0.06335,0.36442,0.00000,0.00000,0.00000,0.00000,0.00000,0.00000,0.00000,0.00000,0.00000,0.45293,0.00550,0.00000,0.00000,0.01612,0.00000,0.00000,0.07049,0.02720
0.00000,0.00000,0.00000,0.00000,0.00000,0.00000,0.03042,0.28980,0.00000,0.00000,0.00000,0.00000,0.00000,0.01231,0.17590,0.00000,0.00000,0.01551,0.03755,0.00000,0.43703,0.00148
0.00000,0.00000,0.00000,0.00000,0.00614,0.03971,0.00000,0.00000,0.00000,0.00000,0.00000,0.00000,0.27831,0.34999,0.03708,0.00000,0.00003,0.04074,0.01941,0.00000,0.03238,0.19622
0.00000,0.00000,0.00000,0.00000,0.00000,0.00000,0.00000,0.00000,0.00000,0.00000,0.40568,0.00001,0.00000,0.05916,0.24437,0.00000,0.00000,0.10503,0.02732,0.00000,0.13388,0.02454
0.00019,0.00112,0.00000,0.00000,0.00000,0.00000,0.00000,0.00000,0.00000,0.00000,0.00000,0.00000,0.00011,0.05825,0.02908,0.00000,0.06370,0.51688,0.00000,0.00000,0.32740,0.00327
0.00000,0.00000,0.00052,0.28945,0.00000,0.00000,0.00000,0.00000,0.00000,0.00000,0.00000,0.00000,0.00000,0.15125,0.02925,0.00000,0.00000,0.21093,0.00025,0.00000,0.29907,0.01927
0.00000,0.00000,0.00000,0.00000,0.00077,0.85986,0.00000,0.00000,0.00000,0.00000,0.00000,0.00000,0.00000,0.02509,0.00167,0.00000,0.00000,0.00333,0.00883,0.00000,0.00020,0.10026
0.00000,0.00000,0.00000,0.00000,0.00000,0.00000,0.00000,0.00000,0.01106,0.01359,0.00000,0.00000,0.00000,0.40781,0.14896,0.00055,0.00106,0.26576,0.00009,0.00000,0.01880,0.13233
0.00000,0.00000,0.14468,0.15556,0.00000,0.00000,0.00000,0.00000,0.00000,0.00000,0.00000,0.00000,0.00000,0.23966,0.00461,0.00290,0.00021,0.32964,0.00878,0.00000,0.11268,0.00128
0.00000,0.00000,0.00000,0.00000,0.00000,0.00000,0.00009,0.24940,0.00000,0.00000,0.00000,0.00000,0.00000,0.40034,0.09180,0.00000,0.00000,0.02401,0.00000,0.00000,0.22335,0.01101
0.00000,0.00000,0.00000,0.00000,0.00000,0.00000,0.00000,0.00000,0.00000,0.00000,0.15441,0.05065,0.00000,0.20058,0.14530,0.00000,0.00020,0.15351,0.00313,0.00000,0.24372,0.04852
0.00000,0.00000,0.00000,0.00000,0.00000,0.00000,0.00463,0.01978,0.00000,0.00000,0.00000,0.00000,0.00001,0.07085,0.07455,0.00000,0.00000,0.45883,0.00000,0.00000,0.18314,0.18821
0.00000,0.00000,0.00000,0.00000,0.12704,0.00100,0.00000,0.00000,0.00000,0.00000,0.00000,0.00000,0.00000,0.58281,0.00729,0.00000,0.00047,0.13008,0.00000,0.00000,0.14793,0.00338
0.00000,0.00000,0.00000,0.00000,0.00000,0.00000,0.00000,0.00000,0.00145,0.03567,0.00000,0.00000,0.00000,0.20834,0.18591,0.00000,0.14085,0.06970,0.30397,0.00000,0.01532,0.03879
0.00000,0.00000,0.00525,0.04127,0.00000,0.00000,0.00000,0.00000,0.00000,0.00000,0.00000,0.00000,0.00000,0.53456,0.28658,0.00000,0.00219,0.05217,0.00000,0.00000,0.00829,0.06969
0.00000,0.00000,0.00000,0.00000,0.00000,0.00000,0.11961,0.04900,0.00000,0.00000,0.00000,0.00000,0.00000,0.01913,0.00321,0.00001,0.00899,0.41092,0.00001,0.00000,0.00279,0.38633
0.00000,0.00000,0.00000,0.13635,0.00000,0.00000,0.00000,0.00000,0.00000,0.00000,0.00000,0.00000,0.00000,0.04911,0.36603,0.00000,0.00000,0.03064,0.32955,0.00000,0.08130,0.00702
0.00000,0.00000,0.00000,0.00000,0.01369,0.07103,0.00000,0.00000,0.00000,0.00000,0.00000,0.00000,0.00000,0.24481,0.23790,0.00047,0.00000,0.40185,0.00001,0.00000,0.02080,0.00944
0.00000,0.00000,0.00000,0.00000,0.00000,0.00000,0.00000,0.00000,0.00000,0.00000,0.00000,0.24642,0.00000,0.00256,0.06418,0.00000,0.00000,0.52775,0.12550,0.00000,0.01781,0.01578
0.00000,0.00000,0.00000,0.00000,0.00002,0.00407,0.00000,0.00000,0.00000,0.00000,0.00000,0.00000,0.00000,0.35829,0.24494,0.00000,0.10495,0.06456,0.00000,0.00000,0.07276,0.15041
0.00000,0.00000,0.00000,0.00000,0.00000,0.00000,0.00000,0.00000,0.00619,0.00116,0.00000,0.00000,0.00000,0.14106,0.01096,0.03042,0.00004,0.71955,0.02194,0.00000,0.05035,0.01831
0.02623,0.03049,0.00000,0.00000,0.00000,0.00000,0.00000,0.00000,0.00000,0.00000,0.00000,0.00000,0.00000,0.05960,0.05605,0.00000,0.14479,0.44961,0.00000,0.00000,0.23320,0.00003
0.00000,0.06951,0.00000,0.00000,0.00000,0.00000,0.00000,0.00000,0.00000,0.00000,0.00000,0.00000,0.00000,0.03001,0.20090,0.03486,0.00000,0.14828,0.00047,0.00000,0.49265,0.02333
0.00000,0.00000,0.00000,0.00000,0.00000,0.00000,0.00000,0.00000,0.00000,0.00000,0.00188,0.33798,0.00000,0.12164,0.35781,0.00000,0.00001,0.10855,0.00000,0.00000,0.01456,0.05757
0.00000,0.15908,0.00000,0.00000,0.00000,0.00000,0.00000,0.00000,0.00000,0.00000,0.00000,0.00000,0.00006,0.31041,0.41985,0.00000,0.00000,0.00440,0.00000,0.00000,0.09433,0.01187
0.00000,0.00000,0.00000,0.00000,0.00000,0.00000,0.00000,0.00000,0.00000,0.00000,0.01102,0.02392,0.00000,0.00445,0.06619,0.00003,0.00001,0.01628,0.01529,0.00000,0.85015,0.01268
0.00000,0.00000,0.16135,0.20912,0.00000,0.00000,0.00000,0.00000,0.00000,0.00000,0.00000,0.00000,0.00000,0.34729,0.00002,0.00000,0.00000,0.00926,0.02137,0.00000,0.17478,0.07681
0.00000,0.00000,0.00000,0.00000,0.00000,0.00000,0.00000,0.00000,0.00234,0.00334,0.00000,0.00000,0.00001,0.04891,0.54994,0.00000,0.35738,0.02836,0.00000,0.00000,0.00012,0.00960
0.00000,0.00000,0.00000,0.00000,0.00000,0.00000,0.00000,0.00000,0.00151,0.02252,0.00000,0.00000,0.00000,0.04005,0.66253,0.01681,0.00001,0.15555,0.00000,0.00000,0.06638,0.03464
0.00000,0.00000,0.00000,0.00000,0.00000,0.00000,0.00000,0.00000,0.00000,0.00000,0.07264,0.01264,0.00000,0.16973,0.04199,0.00000,0.00000,0.11382,0.20523,0.00000,0.27816,0.10578
0.00000,0.00000,0.00000,0.00000,0.00000,0.00000,0.00006,0.00166,0.00000,0.00000,0.00000,0.00000,0.00000,0.53086,0.00639,0.00000,0.00014,0.41718,0.00000,0.00000,0.03992,0.00380
0.00000,0.00000,0.00000,0.00000,0.00000,0.00000,0.00000,0.09130,0.00000,0.00000,0.00000,0.00000,0.01465,0.09613,0.39933,0.27377,0.00000,0.05709,0.00202,0.00000,0.02936,0.03635
0.00000,0.00000,0.00000,0.00000,0.00148,0.00619,0.00000,0.00000,0.00000,0.00000,0.00000,0.00000,0.00000,0.04379,0.90195,0.00215,0.00000,0.04375,0.00003,0.00000,0.00037,0.00029
0.00000,0.00000,0.00000,0.00000,0.00000,0.29207,0.00000,0.00000,0.00000,0.00000,0.00000,0.00000,0.00000,0.00051,0.19314,0.00000,0.00304,0.26615,0.00519,0.00000,0.22188,0.01801
0.00284,0.05536,0.00000,0.00000,0.00000,0.00000,0.00000,0.00000,0.00000,0.00000,0.00000,0.00000,0.00000,0.79084,0.06128,0.00008,0.00000,0.07828,0.00049,0.00000,0.00002,0.01081
0.00000,0.00000,0.00000,0.00000,0.06553,0.00172,0.00000,0.00000,0.00000,0.00000,0.00000,0.00000,0.00000,0.04420,0.04286,0.01646,0.08210,0.45976,0.00099,0.00000,0.03275,0.25362
0.00086,0.00001,0.00000,0.00000,0.00000,0.00000,0.00000,0.00000,0.00000,0.00000,0.00000,0.00000,0.00000,0.04665,0.13339,0.01372,0.00103,0.79537,0.00000,0.00000,0.00059,0.00839
0.00000,0.00000,0.00000,0.00000,0.00000,0.00000,0.00000,0.00000,0.11422,0.68690,0.00000,0.00000,0.00000,0.00018,0.01780,0.00000,0.00000,0.06210,0.01377,0.00000,0.02538,0.07964
0.00000,0.00000,0.01087,0.55176,0.00000,0.00000,0.00000,0.00000,0.00000,0.00000,0.00000,0.00000,0.23722,0.04612,0.10335,0.00000,0.00008,0.02386,0.02449,0.00000,0.00214,0.00010
0.00000,0.00000,0.01415,0.00443,0.00000,0.00000,0.00000,0.00000,0.00000,0.00000,0.00000,0.00000,0.00000,0.42957,0.00040,0.00000,0.00554,0.00039,0.00894,0.00000,0.50173,0.03484
0.00000,0.00000,0.00000,0.00000,0.00000,0.00000,0.00000,0.00000,0.00000,0.00000,0.00006,0.29110,0.00000,0.16947,0.14202,0.00000,0.00007,0.14979,0.00000,0.00000,0.01982,0.22768
0.00000,0.00000,0.00000,0.00000,0.00000,0.00000,0.00000,0.00000,0.00617,0.05637,0.00000,0.00000,0.00000,0.18606,0.36913,0.00026,0.00000,0.00154,0.00111,0.00000,0.33611,0.04326
0.00000,0.00000,0.15723,0.05392,0.00000,0.00000,0.00000,0.00000,0.00000,0.00000,0.00000,0.00000,0.00000,0.18585,0.00389,0.00003,0.00008,0.00002,0.18599,0.00000,0.34014,0.07286
0.00000,0.00000,0.00000,0.00000,0.00000,0.00000,0.00000,0.00000,0.00000,0.00000,0.00019,0.14626,0.00000,0.00691,0.26211,0.00116,0.33438,0.02658,0.00120,0.00000,0.00808,0.21313
0.00000,0.00000,0.00000,0.00000,0.00000,0.00000,0.00000,0.00000,0.00000,0.00000,0.03049,0.34351,0.00000,0.04371,0.00520,0.00001,0.00003,0.04951,0.00660,0.00000,0.00336,0.51758
0.00000,0.00000,0.00000,0.00000,0.00000,0.00000,0.00000,0.00000,0.00693,0.37908,0.00000,0.00000,0.00000,0.12818,0.03900,0.00000,0.01676,0.10966,0.00000,0.00000,0.26799,0.05240
0.00000,0.00000,0.00025,0.49331,0.00000,0.00000,0.00000,0.00000,0.00000,0.00000,0.00000,0.00000,0.00001,0.08826,0.14549,0.00000,0.00000,0.16576,0.00000,0.00000,0.03121,0.07570
0.00000,0.00000,0.00000,0.00000,0.00000,0.00000,0.00000,0.00000,0.00220,0.02307,0.00000,0.00000,0.00000,0.00042,0.19975,0.00000,0.00003,0.40015,0.08427,0.00000,0.06750,0.22261
0.00000,0.00000,0.00000,0.00000,0.00000,0.00000,0.00000,0.00000,0.00000,0.00000,0.06248,0.01026,0.12606,0.00399,0.40091,0.00000,0.00286,0.28186,0.00000,0.00000,0.10111,0.01047
0.00000,0.03034,0.00000,0.00000,0.00000,0.00000,0.00000,0.00000,0.00000,0.00000,0.00000,0.00000,0.00000,0.01313,0.01512,0.10262,0.05657,0.54984,0.05784,0.00000,0.17300,0.00152
0.00000,0.00000,0.00848,0.05858,0.00000,0.00000,0.00000,0.00000,0.00000,0.00000,0.00000,0.00000,0.00000,0.25275,0.01929,0.00000,0.00000,0.40657,0.00000,0.00000,0.09056,0.16377
0.00191,0.14620,0.00000,0.00000,0.00000,0.00000,0.00000,0.00000,0.00000,0.00000,0.00000,0.00000,0.00000,0.33441,0.46989,0.00000,0.00554,0.00600,0.00025,0.00000,0.02652,0.00928
0.00000,0.00000,0.00000,0.00000,0.00000,0.00000,0.00000,0.00000,0.00357,0.08701,0.00000,0.00000,0.00000,0.17774,0.38402,0.00001,0.00000,0.30048,0.00005,0.00000,0.00512,0.04201
0.12576,0.07987,0.00000,0.00000,0.00000,0.00000,0.00000,0.00000,0.00000,0.00000,0.00000,0.00000,0.00000,0.33156,0.01103,0.41948,0.00039,0.01828,0.00017,0.00000,0.00752,0.00594
0.00000,0.00000,0.00000,0.00000,0.00000,0.00000,0.00018,0.22689,0.00000,0.00000,0.00000,0.00000,0.00000,0.24273,0.15928,0.00000,0.01769,0.18479,0.00000,0.00000,0.01150,0.15693
0.00000,0.00000,0.00000,0.00000,0.00027,0.00265,0.00000,0.00000,0.00000,0.00000,0.00000,0.00000,0.00000,0.52792,0.07515,0.00000,0.01992,0.29888,0.02160,0.00000,0.04091,0.01269
0.00000,0.00000,0.00000,0.00000,0.00000,0.00000,0.00475,0.09846,0.00000,0.00000,0.00000,0.00000,0.00000,0.16267,0.00838,0.00000,0.00001,0.00800,0.17489,0.00000,0.08376,0.45909
0.00000,0.00000,0.00000,0.00000,0.00001,0.05677,0.00000,0.00000,0.00000,0.00000,0.00000,0.00000,0.00000,0.14126,0.28158,0.00000,0.00000,0.03696,0.00000,0.00000,0.01698,0.46644
0.00008,0.04412,0.00000,0.00000,0.00000,0.00000,0.00000,0.00000,0.00000,0.00000,0.00000,0.00000,0.00000,0.13976,0.00329,0.13880,0.00017,0.40563,0.01899,0.00000,0.07200,0.17716
0.00000,0.00000,0.00000,0.00000,0.00000,0.00000,0.00000,0.00000,0.00602,0.22865,0.00000,0.00000,0.00000,0.11047,0.20951,0.00013,0.00093,0.19494,0.00001,0.00000,0.07515,0.17421
0.00000,0.00000,0.00000,0.00000,0.00004,0.31911,0.00000,0.00000,0.00000,0.00000,0.00000,0.00000,0.00000,0.08796,0.00834,0.01219,0.04339,0.07088,0.00010,0.00000,0.00336,0.45463
0.00000,0.00000,0.00000,0.00000,0.00000,0.00000,0.00361,0.37184,0.00000,0.00000,0.00000,0.00000,0.00003,0.02255,0.19705,0.00000,0.00042,0.00144,0.00078,0.00000,0.04408,0.35821
0.00000,0.00000,0.00000,0.00000,0.00000,0.00000,0.00003,0.05300,0.00000,0.00000,0.00000,0.00000,0.00000,0.20090,0.07598,0.00856,0.00088,0.07127,0.00000,0.00000,0.57947,0.00990
0.19545,0.27126,0.00000,0.00000,0.00000,0.00000,0.00000,0.00000,0.00000,0.00000,0.00000,0.00000,0.00000,0.02267,0.04869,0.00081,0.00000,0.04724,0.00002,0.00000,0.32570,0.08815
0.00000,0.00000,0.00000,0.00000,0.00000,0.00000,0.00000,0.00000,0.00000,0.00000,0.00021,0.00882,0.00000,0.31985,0.00197,0.00000,0.00000,0.42847,0.00005,0.00000,0.23330,0.00733
0.00000,0.00000,0.00000,0.00000,0.00000,0.00000,0.00000,0.00000,0.00000,0.00000,0.24829,0.00057,0.00000,0.57702,0.11229,0.00021,0.00000,0.02916,0.00782,0.00000,0.00683,0.01782
0.00000,0.00000,0.00000,0.00000,0.00000,0.00000,0.00000,0.00000,0.00000,0.00000,0.00013,0.08290,0.00000,0.34101,0.17653,0.00015,0.00841,0.05818,0.00000,0.00000,0.13633,0.19635
0.00000,0.00000,0.01689,0.13737,0.00000,0.00000,0.00000,0.00000,0.00000,0.00000,0.00000,0.00000,0.00000,0.05848,0.47670,0.00000,0.00001,0.25078,0.05100,0.00000,0.00690,0.00188
0.00000,0.00000,0.00000,0.00000,0.00000,0.00000,0.00000,0.00000,0.00000,0.00000,0.41175,0.07753,0.00000,0.03034,0.03011,0.01377,0.00006,0.05396,0.00078,0.00000,0.00160,0.38011
0.00000,0.00000,0.00811,0.17813,0.00000,0.00000,0.00000,0.00000,0.00000,0.00000,0.00000,0.00000,0.00000,0.35441,0.17904,0.00237,0.00000,0.04383,0.00000,0.00000,0.11526,0.11885
0.00000,0.00000,0.00000,0.00000,0.00000,0.00000,0.00000,0.00000,0.00000,0.00000,0.00002,0.04381,0.00000,0.01700,0.36462,0.00000,0.00030,0.01354,0.00441,0.00000,0.03495,0.52135
0.00000,0.19516,0.00000,0.00000,0.00000,0.00000,0.00000,0.00000,0.00000,0.00000,0.00000,0.00000,0.07327,0.00443,0.59767,0.00000,0.09407,0.00661,0.00000,0.00000,0.00641,0.02238
0.00000,0.00000,0.00000,0.00000,0.00000,0.00000,0.00000,0.00000,0.28440,0.03865,0.00000,0.00000,0.00000,0.11020,0.20745,0.00000,0.00024,0.27857,0.00000,0.00000,0.05916,0.02134
0.00000,0.00000,0.00000,0.00000,0.00000,0.00000,0.00557,0.08812,0.00000,0.00000,0.00000,0.00000,0.00000,0.07997,0.44046,0.01396,0.01441,0.09776,0.03306,0.00000,0.22510,0.00160
0.00000,0.00000,0.05175,0.01411,0.00000,0.00000,0.00000,0.00000,0.00000,0.00000,0.00000,0.00000,0.00000,0.18543,0.37199,0.11212,0.00000,0.04625,0.01546,0.00000,0.00983,0.19304
0.00000,0.00000,0.00000,0.00000,0.00000,0.00000,0.00000,0.00000,0.00372,0.11967,0.00000,0.00000,0.00000,0.10106,0.57071,0.00000,0.00000,0.00660,0.00000,0.00000,0.06524,0.13301
0.00000,0.00000,0.00460,0.06527,0.00000,0.00000,0.00000,0.00000,0.00000,0.00000,0.00000,0.00000,0.00000,0.42451,0.18544,0.07029,0.05716,0.11103,0.00146,0.00000,0.00787,0.07236
0.00000,0.00000,0.00000,0.00000,0.00000,0.00000,0.00000,0.00000,0.00000,0.00000,0.00000,0.00354,0.00000,0.05491,0.07532,0.00000,0.72909,0.04812,0.00260,0.00000,0.06400,0.02241
0.00000,0.00000,0.00000,0.00000,0.00000,0.00000,0.00000,0.00000,0.00000,0.00000,0.42022,0.06009,0.00000,0.05269,0.17470,0.06535,0.13323,0.03381,0.00001,0.00000,0.01525,0.04465
0.00000,0.00000,0.00000,0.00000,0.00000,0.00000,0.00000,0.00000,0.00003,0.01082,0.00000,0.00000,0.00000,0.05860,0.68614,0.00000,0.00036,0.05418,0.12561,0.00000,0.06324,0.00101
0.00000,0.00000,0.00000,0.00000,0.19159,0.12720,0.00000,0.00000,0.00000,0.00000,0.00000,0.00000,0.00000,0.12061,0.39787,0.00000,0.00000,0.01021,0.00000,0.00000,0.15115,0.00137
0.00000,0.00000,0.00000,0.00000,0.00000,0.00000,0.00000,0.00000,0.00000,0.00000,0.30366,0.13925,0.00000,0.07458,0.08030,0.00005,0.00000,0.09041,0.00000,0.00000,0.29916,0.01258
0.00000,0.00000,0.00000,0.00000,0.00000,0.00000,0.00000,0.00000,0.25864,0.00035,0.00000,0.00000,0.00000,0.63355,0.07840,0.00000,0.00000,0.01406,0.01198,0.00000,0.00262,0.00040
