0.09739,0.04628,0.24493,0.02067,0.12922,0.02015,0.01126,0.07335,0.03404,0.02180,0.05876,0.02080,0.02047,0.20087
0.02474,0.17257,0.06853,0.03329,0.17546,0.02357,0.13898,0.02708,0.06545,0.04303,0.16813,0.01334,0.01931,0.02650
0.02286,0.03114,0.02523,0.02529,0.48216,0.01457,0.01493,0.22945,0.01263,0.01830,0.03719,0.02634,0.03688,0.02303
0.04176,0.01945,0.01174,0.10272,0.03567,0.01327,0.42670,0.02131,0.11618,0.13173,0.01751,0.04535,0.00703,0.00959
0.03067,0.19825,0.17704,0.01237,0.04875,0.05213,0.02474,0.02503,0.01478,0.01205,0.30407,0.01747,0.00499,0.07768
0.08117,0.10153,0.10390,0.07520,0.04639,0.02616,0.25909,0.00918,0.01270,0.04011,0.03076,0.18602,0.01358,0.01420
0.05952,0.03381,0.03573,0.02013,0.02565,0.24821,0.02119,0.01793,0.15530,0.01217,0.30412,0.02923,0.01061,0.02640
0.00881,0.01236,0.25068,0.01936,0.33173,0.04444,0.01880,0.07728,0.10537,0.03361,0.01034,0.02116,0.05732,0.00872
0.00663,0.00851,0.20417,0.01870,0.08543,0.07436,0.00571,0.27825,0.04046,0.03584,0.01051,0.00841,0.21726,0.00576
0.02562,0.02599,0.01059,0.04141,0.08553,0.05589,0.37583,0.01217,0.18274,0.06043,0.05326,0.04799,0.01595,0.00659
0.03627,0.01699,0.10518,0.15703,0.02505,0.02554,0.11994,0.03996,0.23613,0.05297,0.04015,0.04959,0.03884,0.05637
0.09505,0.02673,0.03179,0.44412,0.02711,0.01229,0.01574,0.01653,0.13269,0.02731,0.07453,0.06586,0.01175,0.01850
0.01606,0.01082,0.01786,0.05808,0.14979,0.09309,0.03703,0.01058,0.35496,0.10987,0.00894,0.08410,0.03694,0.01187
0.02432,0.00914,0.03809,0.26728,0.46155,0.01264,0.00637,0.00766,0.10729,0.00948,0.02070,0.01898,0.00728,0.00924
0.01682,0.02218,0.01341,0.04164,0.42871,0.02819,0.05050,0.03822,0.02225,0.07906,0.04440,0.17505,0.01679,0.02278
0.07740,0.09139,0.01572,0.07921,0.10287,0.05194,0.25215,0.07614,0.01552,0.05461,0.09021,0.03476,0.01778,0.04029
0.01301,0.01898,0.18145,0.01946,0.03105,0.04353,0.02334,0.01442,0.01875,0.01107,0.02126,0.46577,0.02745,0.11046
0.07107,0.01240,0.02094,0.03629,0.02392,0.19491,0.05312,0.00781,0.47952,0.01370,0.02536,0.03951,0.00626,0.01518
0.09703,0.15282,0.04492,0.02895,0.06490,0.10277,0.05334,0.01558,0.17742,0.06175,0.11729,0.05198,0.01527,0.01597
0.24333,0.24157,0.02217,0.07349,0.03386,0.02384,0.11185,0.01842,0.13092,0.02732,0.01336,0.02876,0.01463,0.01647
0.08362,0.26362,0.05133,0.01902,0.03092,0.03267,0.03684,0.02701,0.13417,0.02102,0.07924,0.02484,0.16162,0.03408
0.03637,0.02805,0.06638,0.22803,0.07093,0.01515,0.00769,0.01715,0.14878,0.30153,0.03926,0.01281,0.01688,0.01099
0.03411,0.01441,0.06180,0.02752,0.08493,0.29726,0.01893,0.13434,0.02646,0.07614,0.03298,0.15398,0.02809,0.00906
0.01536,0.05355,0.06296,0.13050,0.10661,0.01996,0.07743,0.04441,0.03558,0.05599,0.32541,0.03617,0.01284,0.02323
0.01082,0.01854,0.16149,0.01752,0.23527,0.13509,0.02865,0.10941,0.08336,0.02963,0.10403,0.01510,0.01451,0.03658
0.01627,0.01350,0.02158,0.02920,0.12202,0.10964,0.00809,0.02052,0.19194,0.04026,0.11983,0.27559,0.01923,0.01232
0.03264,0.01219,0.03469,0.11640,0.03304,0.01191,0.36022,0.09478,0.02159,0.03419,0.06786,0.15943,0.01244,0.00861
0.22892,0.01267,0.07983,0.26218,0.07904,0.01926,0.00909,0.01194,0.01384,0.02145,0.01285,0.01354,0.20755,0.02783
0.06271,0.04811,0.03882,0.07731,0.06759,0.02706,0.39645,0.02762,0.03071,0.10505,0.04169,0.03458,0.02601,0.01629
0.17500,0.02084,0.01954,0.34531,0.05652,0.05092,0.02769,0.03123,0.02025,0.08328,0.04697,0.06218,0.02109,0.03917
0.16602,0.05419,0.03498,0.04761,0.02549,0.02944,0.36404,0.03242,0.02574,0.06132,0.07778,0.04403,0.01318,0.02376
0.04115,0.01939,0.01783,0.19001,0.03338,0.01666,0.03004,0.08551,0.06912,0.26652,0.06845,0.02466,0.11442,0.02286
0.02025,0.08104,0.03217,0.20734,0.40236,0.02297,0.01361,0.00818,0.02407,0.02343,0.05522,0.06328,0.01009,0.03598
0.12295,0.02143,0.09129,0.10777,0.03688,0.09744,0.06500,0.04232,0.11120,0.05918,0.11272,0.02889,0.01763,0.08532
0.10943,0.02124,0.13555,0.05198,0.08221,0.02677,0.08496,0.03321,0.16465,0.03198,0.02973,0.15665,0.00925,0.06238
0.07607,0.00770,0.01113,0.03441,0.05661,0.16865,0.21481,0.01907,0.01929,0.02991,0.12619,0.20756,0.00521,0.02340
0.06009,0.01736,0.02349,0.05067,0.01819,0.08775,0.50189,0.00960,0.02947,0.03707,0.02869,0.10261,0.01424,0.01887
0.36451,0.04405,0.07758,0.08682,0.06518,0.01966,0.14052,0.03224,0.02836,0.05805,0.02688,0.02520,0.01213,0.01882
0.03944,0.15483,0.08029,0.41022,0.03636,0.02828,0.02858,0.02911,0.02122,0.05127,0.05461,0.03241,0.00976,0.02362
0.10920,0.09809,0.12153,0.07599,0.08243,0.03719,0.03827,0.03858,0.03200,0.02980,0.09585,0.10807,0.07236,0.06064
0.01628,0.05024,0.02053,0.06250,0.05216,0.00672,0.01137,0.15478,0.34588,0.01290,0.13453,0.11939,0.00771,0.00500
0.39006,0.18163,0.12232,0.05106,0.10692,0.00894,0.02073,0.01058,0.02748,0.00863,0.01927,0.01766,0.01479,0.01994
0.06409,0.00827,0.17736,0.15269,0.03280,0.03362,0.01183,0.00887,0.01118,0.10887,0.01009,0.35088,0.01185,0.01759
0.04330,0.05397,0.02749,0.36813,0.11181,0.04471,0.00685,0.01655,0.03941,0.11166,0.12655,0.01044,0.02971,0.00942
0.16087,0.01889,0.01816,0.06183,0.02775,0.08062,0.13651,0.01394,0.08851,0.05491,0.13836,0.16488,0.00784,0.02693
0.19372,0.00818,0.04278,0.07271,0.15901,0.12516,0.01884,0.04105,0.02124,0.03905,0.06632,0.02934,0.01873,0.16387
0.73256,0.00900,0.06402,0.02323,0.03974,0.01971,0.01111,0.00652,0.01313,0.03086,0.02892,0.00680,0.00453,0.00984
0.01639,0.00558,0.01353,0.01996,0.19976,0.17533,0.13899,0.03576,0.01393,0.28742,0.02634,0.04939,0.00817,0.00946
0.03757,0.01096,0.06880,0.03079,0.07305,0.05253,0.02493,0.10545,0.03683,0.01990,0.21035,0.01882,0.27969,0.03033
0.01757,0.01791,0.07977,0.06694,0.14456,0.07684,0.01023,0.17276,0.11349,0.02880,0.05552,0.05554,0.14474,0.01531
0.05210,0.03336,0.07689,0.11886,0.09724,0.03103,0.01711,0.03766,0.06671,0.04455,0.27678,0.09025,0.03133,0.02613
0.03647,0.08154,0.02469,0.04588,0.07301,0.01266,0.01908,0.01681,0.36120,0.01625,0.02032,0.04757,0.23679,0.00774
0.44769,0.11766,0.05047,0.04318,0.02129,0.03473,0.02754,0.02361,0.04974,0.01701,0.10297,0.02970,0.00698,0.02740
0.11139,0.02030,0.03939,0.20893,0.43313,0.00696,0.00422,0.00652,0.01137,0.01363,0.11472,0.01109,0.01274,0.00561
0.03644,0.03003,0.03669,0.03593,0.04112,0.05831,0.09886,0.02768,0.32428,0.03997,0.12668,0.07108,0.01831,0.05461
0.01725,0.07940,0.06039,0.05036,0.21745,0.01256,0.18971,0.06053,0.06915,0.02437,0.08527,0.06248,0.05036,0.02073
0.04080,0.08712,0.10458,0.02334,0.04689,0.05617,0.18622,0.06999,0.20791,0.02763,0.01476,0.06399,0.05511,0.01547
0.29902,0.05378,0.09783,0.04514,0.08846,0.03278,0.04768,0.01362,0.02433,0.02044,0.06577,0.03327,0.02505,0.15284
0.01193,0.14088,0.05412,0.02374,0.10121,0.04995,0.26396,0.14942,0.02599,0.01602,0.05060,0.05203,0.01811,0.04205
0.19365,0.01600,0.06457,0.11619,0.13987,0.01903,0.23172,0.01328,0.03407,0.07432,0.02456,0.01523,0.00586,0.05164
0.33691,0.15263,0.00927,0.09695,0.14466,0.01752,0.03919,0.01545,0.02754,0.03958,0.02142,0.02845,0.04816,0.02227
0.17403,0.00838,0.01030,0.09403,0.02608,0.02513,0.06174,0.01322,0.03561,0.02592,0.33058,0.18253,0.00419,0.00826
0.03701,0.01576,0.02443,0.03112,0.05683,0.48121,0.04098,0.02634,0.00689,0.01731,0.08645,0.10813,0.00808,0.05945
0.01999,0.04411,0.01956,0.06111,0.02601,0.00826,0.48483,0.04019,0.04593,0.02572,0.06666,0.13302,0.01559,0.00902
0.03540,0.00694,0.00782,0.03102,0.02697,0.08314,0.48230,0.02834,0.01702,0.13043,0.04118,0.08874,0.00286,0.01786
0.30551,0.01179,0.02150,0.10817,0.05446,0.01818,0.15585,0.04019,0.01631,0.01062,0.01734,0.21109,0.00371,0.02528
0.01644,0.00632,0.20491,0.03493,0.09858,0.03047,0.02548,0.10374,0.04304,0.03187,0.01304,0.04480,0.32828,0.01810
0.00663,0.02063,0.02052,0.03018,0.31348,0.09158,0.01513,0.16717,0.02298,0.02800,0.01432,0.08323,0.07492,0.11123
0.08272,0.08497,0.05925,0.02573,0.04886,0.01204,0.01855,0.08576,0.46863,0.02445,0.02837,0.02765,0.01641,0.01661
0.03148,0.02676,0.15655,0.05339,0.18875,0.15268,0.02649,0.05702,0.04693,0.03123,0.05144,0.05570,0.10206,0.01952
0.03315,0.05801,0.02132,0.04653,0.22256,0.01266,0.00972,0.38968,0.01336,0.01351,0.09307,0.05796,0.02015,0.00831
0.24859,0.03671,0.02891,0.32264,0.11300,0.02945,0.02885,0.01670,0.01334,0.03897,0.04753,0.01683,0.01216,0.04634
0.16323,0.07334,0.01096,0.02283,0.05839,0.09259,0.15599,0.03898,0.02440,0.02913,0.19118,0.08699,0.00919,0.04281
0.03823,0.03095,0.10272,0.04085,0.04713,0.09390,0.06656,0.04112,0.03877,0.19364,0.03271,0.15365,0.07400,0.04577
0.03955,0.02287,0.01253,0.18650,0.24872,0.00928,0.03288,0.08080,0.27955,0.02397,0.01408,0.03473,0.00813,0.00641
0.06033,0.01688,0.02101,0.04477,0.04622,0.14828,0.02199,0.05385,0.32950,0.14780,0.06022,0.03126,0.00742,0.01046
0.02383,0.17763,0.16320,0.02950,0.12414,0.01515,0.02137,0.03489,0.01681,0.01354,0.34421,0.02071,0.00623,0.00879
0.11337,0.03170,0.08467,0.01980,0.03773,0.46693,0.01410,0.01391,0.01133,0.01396,0.09968,0.02891,0.01714,0.04678
0.01907,0.03269,0.02355,0.04869,0.22182,0.07689,0.30579,0.05681,0.02354,0.05858,0.02070,0.02797,0.01449,0.06941
0.08816,0.03790,0.02867,0.19444,0.09248,0.04866,0.05159,0.01792,0.18960,0.04327,0.03343,0.10426,0.01776,0.05185
0.04691,0.07976,0.01955,0.05386,0.06044,0.03198,0.04722,0.05539,0.21613,0.15025,0.02981,0.06928,0.09779,0.04164
0.17422,0.06987,0.08384,0.12664,0.26482,0.01149,0.02502,0.01694,0.09758,0.01633,0.04858,0.02560,0.01570,0.02338
0.23773,0.19773,0.01546,0.03059,0.02637,0.01850,0.01239,0.00813,0.01539,0.02586,0.04244,0.02037,0.33556,0.01347
0.05933,0.02745,0.15648,0.35337,0.03554,0.02021,0.03017,0.01267,0.02659,0.17878,0.02890,0.01838,0.01975,0.03239
0.02790,0.01372,0.01463,0.16016,0.01993,0.00939,0.32140,0.01252,0.29611,0.02865,0.01593,0.06187,0.01091,0.00688
0.15354,0.01894,0.10716,0.04462,0.09714,0.21716,0.17261,0.01205,0.02194,0.01458,0.02882,0.02149,0.00736,0.08258
0.11763,0.03114,0.38349,0.01816,0.17440,0.03207,0.06612,0.01883,0.01961,0.02549,0.03110,0.01586,0.01075,0.05534
0.04838,0.11186,0.03070,0.02144,0.01612,0.38708,0.01985,0.00902,0.05513,0.01234,0.19267,0.00977,0.01141,0.07424
0.01860,0.00883,0.01972,0.02882,0.29165,0.01435,0.00638,0.38519,0.00652,0.01718,0.00663,0.01577,0.17522,0.00513
0.01466,0.03533,0.03815,0.11153,0.37899,0.01932,0.00787,0.03233,0.00819,0.03113,0.05741,0.21134,0.02376,0.03001
0.10520,0.03143,0.02333,0.40236,0.08049,0.02524,0.05939,0.02885,0.04099,0.03464,0.06476,0.02096,0.03336,0.04901
0.02426,0.11599,0.09944,0.02213,0.03866,0.00817,0.04816,0.04145,0.03598,0.01177,0.50276,0.02018,0.01791,0.01313
0.25183,0.01185,0.01361,0.04384,0.02518,0.02031,0.14349,0.03010,0.24344,0.06638,0.08929,0.02053,0.01008,0.03005
0.09784,0.01025,0.05575,0.07053,0.05227,0.01519,0.24933,0.03646,0.01724,0.15103,0.18606,0.03133,0.00747,0.01924
0.24430,0.02590,0.05007,0.21617,0.02939,0.01287,0.15430,0.02490,0.01127,0.15185,0.01349,0.04501,0.01029,0.01020
0.06326,0.35900,0.05485,0.03677,0.06275,0.02299,0.01203,0.01287,0.01204,0.17248,0.00745,0.00676,0.14137,0.03538
0.03977,0.02828,0.06555,0.02793,0.24293,0.01649,0.02051,0.39577,0.04586,0.01176,0.02552,0.03743,0.03375,0.00844
0.21421,0.01629,0.01952,0.03237,0.28706,0.01262,0.04776,0.24468,0.05587,0.01270,0.01193,0.02730,0.00580,0.01188
0.02395,0.01656,0.01614,0.02405,0.02049,0.05532,0.53175,0.02633,0.03659,0.04744,0.01298,0.13934,0.02731,0.02174
0.05080,0.03304,0.04563,0.45775,0.05268,0.04959,0.00962,0.01524,0.01281,0.08927,0.02715,0.01216,0.13059,0.01368
