1.97980,0.91626,2.47019,2.98702,0.51508,5.58074,0.01685,-0.04855,-3.46477,3.05659,-0.42359,-3.10455,-1.08377,-1.64846,-1.40552,-0.69427,0.93311,3.52823,1.63178,-2.82763,1.35343,-0.80277,0.21071,-1.13639,1.59954,1.24231,1.43615,3.08519,2.53371,6.54941,-3.63527,1.76352,3.02880,-1.08101,1.79157,0.97726,-0.80169,1.88015,-0.27782,0.40853,3.81600,-1.65581,-0.68435,-3.16535,4.12165,-3.39636,-3.17264,-2.69542,3.06108,1.42142,-3.02151,-6.04998,-3.99346,3.44213,-2.31582,-1.85621,0.91151,1.90677,-2.85782,-0.34556,-4.24459,0.51018,-1.57628,3.32529,-2.26603,2.36543,0.25961,-5.33170,-5.36338,-6.28352,1.49215,2.42863,-0.85980,1.93242,2.39690,-1.75458,-1.11776,-1.90342,1.31647,2.55232,-1.90494,-1.42325,-1.20207,-2.30008,0.51176,0.89581,-1.97042,2.03365,0.07726,0.84300,-0.77713,-1.31215,3.46375,1.92787,0.64314,2.13699,0.13768,-2.89965,0.61718,-3.00372
-2.58835,1.35775,-1.08381,-5.89474,-1.31091,-1.31140,1.42367,1.58214,1.45407,1.88771,0.13579,1.38890,-0.78219,3.81504,-4.93842,3.80622,-1.81178,2.22857,3.56180,-1.08976,0.00486,-0.93751,-1.68889,1.98973,2.55806,1.73567,-1.55568,0.99368,-2.92549,5.44017,-2.06041,2.50721,-4.42941,2.92617,0.17939,2.90663,1.00294,-1.88721,2.83637,0.20663,-0.27447,-0.84306,-1.01977,2.09233,0.07839,6.31710,4.13688,3.11310,2.50182,2.19197,-2.43117,1.76790,1.07721,0.01088,-0.42235,0.92693,4.53266,2.24566,0.93115,-3.91413,-0.63670,-0.70871,1.94999,0.89188,0.17719,-1.50871,-0.54867,3.12433,1.26267,-1.67816,-2.89744,1.19031,-3.81440,-0.66672,0.43566,5.20703,2.38179,3.18910,-0.87174,1.32178,2.40405,-2.29003,-0.62154,6.22651,1.70436,1.19801,-2.00552,2.77249,-0.09813,2.67437,-4.61969,-2.35703,0.97713,-3.12611,1.41884,-5.52611,1.43161,4.43632,-4.95834,-3.48394
5.12181,1.10744,4.19450,7.38207,-0.14293,2.57180,-1.23683,2.33949,0.12307,1.02700,3.87608,-3.83492,1.53888,2.25970,-3.69859,1.85123,3.70748,-0.30016,-4.70162,0.28238,-1.73108,0.73192,-2.97664,0.55126,-1.95740,1.54457,0.28591,0.48603,1.01876,2.49120,-1.63513,-0.41811,2.29381,-2.44271,-1.01154,-0.60125,2.05343,2.25497,-0.02220,0.90583,1.88556,-5.51326,-2.28648,-3.71294,-1.80027,-2.96180,3.51297,1.40285,0.57773,-2.08271,3.36776,-8.93509,1.86828,-1.84207,-0.60463,-0.30146,0.47634,-1.30828,6.79819,1.21189,-0.10603,1.27587,2.09575,2.25127,-0.75920,0.97402,-3.70872,-0.39768,-8.07625,-1.81025,2.53421,4.39067,-1.31676,-0.20591,0.59952,-4.24819,3.00054,-0.78921,0.74170,-5.82137,-5.97709,-1.15020,1.27129,0.87324,3.44874,4.68215,0.95946,3.47727,-0.98202,-0.28018,-1.01204,2.27334,0.62805,-5.33351,4.82315,-2.74359,-3.44783,-1.00416,-3.29710,-0.31877
0.60578,-1.40524,3.69161,0.35476,-0.72980,-0.70074,3.09382,-3.08728,-0.20821,-1.85358,0.56729,2.09155,0.03228,-1.36442,-1.25195,0.12580,-3.23125,-1.21343,5.02831,-0.02800,1.85485,1.27459,0.77109,-0.29764,4.50813,-1.29372,5.64456,0.16463,1.31946,0.01594,1.84620,-3.23265,-1.38380,-2.32691,-4.41093,2.44360,-3.64173,2.78443,-0.45470,3.47230,-4.67777,4.17283,-0.72312,1.97164,-3.90577,3.18735,-1.39804,0.59285,-0.71528,-2.41080,0.16519,3.69427,1.71383,0.78092,0.68012,-1.21270,-5.22629,-3.14286,-1.59813,1.20989,5.01702,2.14259,1.23201,-5.26962,2.27898,-0.81818,-2.89505,-2.25874,-3.42399,3.01004,1.39595,-9.66262,-0.86437,4.00618,-1.18179,0.90502,0.47842,2.79261,-1.90009,-0.49368,1.97241,1.07454,-2.35022,-0.18241,-1.30524,1.34224,-5.45797,2.86899,-5.84841,-0.94011,0.66030,2.08095,-2.76835,-6.56313,1.91929,-3.57843,0.43753,0.25291,-3.00043,-1.22192
0.80632,-2.05705,7.85703,3.03599,-1.17263,-3.62486,2.22485,-2.65633,-3.81523,0.24138,-4.48295,-4.34396,1.25175,-1.65874,1.42999,-2.06631,-2.63388,1.37669,-4.72207,0.13865,-0.63472,-0.35478,2.63533,0.21546,1.45349,2.85705,-0.37687,-0.64401,2.18382,-1.16788,-3.20591,4.50204,0.20718,2.20620,3.43782,-0.83446,-0.00875,-2.45674,2.18480,-1.62315,3.19869,2.79180,-2.09316,0.57461,3.33556,-1.37212,1.93942,-0.36276,-3.05446,0.37775,-1.10495,-2.86099,0.51179,-1.08702,1.83339,2.30766,-0.73381,-0.23940,-0.54683,-2.08392,-0.93435,-1.98179,-2.75088,-4.62664,-0.93608,-3.30734,-1.37174,0.11600,0.31595,3.49791,2.82360,1.82798,0.99216,1.37755,-2.22480,0.44727,1.46769,1.43544,-2.24381,-0.93428,-0.23583,-0.89081,1.05546,3.32100,1.37472,0.12730,1.94998,-0.39058,-0.15383,0.37378,2.32618,-2.87444,2.38335,-4.50187,-2.54207,-1.40898,3.16073,1.15590,-1.13927,-0.96187
-1.67896,-1.65679,-0.74018,-1.13011,-0.91065,-2.40830,-2.99821,-1.59504,-2.46020,0.53837,0.61928,-2.52648,1.87628,-0.66023,-0.35895,-2.58389,-1.50968,2.70601,-1.15131,0.04531,1.25140,7.17161,2.17667,-5.24726,1.04252,-1.83536,1.81396,0.33178,-1.78905,0.79769,-0.20678,-1.34732,2.28257,-1.94163,1.18985,5.09665,-2.89476,-0.49943,2.62860,2.03536,2.85458,-4.71076,1.23234,1.16709,-4.09201,5.36136,4.10032,-0.88124,1.45822,-1.80425,0.14896,1.93849,2.01085,-1.86011,1.71380,-2.50360,6.46942,4.25052,-1.10662,-1.98536,-0.21144,2.32682,-1.61247,0.45740,1.14912,3.75910,-0.52827,-0.41664,-0.02765,1.34098,4.05198,-2.63486,-0.47247,-4.34501,1.12611,-1.46282,2.12016,-0.67331,3.36462,-0.76889,2.15314,-1.32870,0.36152,2.95060,0.04066,-1.50921,-1.48122,-2.65506,1.32775,-2.70894,0.54274,-3.55365,-1.73672,3.19533,3.47483,1.71098,1.23214,-2.79904,-0.64805,1.48077
-2.11947,1.35534,-1.03448,-6.47600,0.82161,-0.88909,3.25073,1.86807,1.54275,2.56564,0.88860,0.65436,-1.32218,4.35546,-4.27468,3.61033,-1.83724,1.44580,5.64859,-2.05345,-0.03340,-2.80293,-1.08231,2.37213,1.98079,1.93972,-3.00600,-0.43260,-3.16937,5.56512,-1.96931,2.73151,-3.45614,1.45204,-0.35552,3.12284,0.81200,-1.63707,3.41220,1.28936,-0.90260,-0.17095,-1.23247,2.19064,1.24380,3.08108,2.81363,2.21636,2.48091,-0.14108,-3.75789,3.46263,0.63299,-0.74010,0.96291,-0.62580,4.30116,1.09968,0.35043,-4.22401,-0.65625,-1.73576,2.52624,0.54051,0.14315,-1.92528,-3.18295,3.52375,2.87239,-1.20490,-3.20972,1.89642,-3.59568,-1.17738,1.58684,5.51148,1.26730,3.65268,-1.07804,0.52618,0.84720,-3.17823,0.07217,4.92086,-0.49662,1.56309,-3.30907,3.28169,-1.40549,3.12737,-3.31970,-3.10648,1.81675,-3.09953,0.17278,-3.04708,1.32647,5.43019,-3.69128,-1.73082
-1.26653,0.66726,1.45705,0.96521,1.38700,2.75665,1.38911,-0.67638,-4.40898,2.31611,0.03439,-2.63266,-2.16758,-2.79961,0.37666,0.04064,1.64331,5.18784,3.31581,-0.93839,1.71398,-0.69227,0.72756,-1.37861,2.92258,1.27051,1.71642,6.30287,3.22023,0.74551,-4.37781,0.24857,4.39972,2.92480,1.59917,-0.73297,-1.72832,1.38582,0.23384,2.47995,3.84515,-0.55998,0.08256,-1.27039,3.84320,-0.02105,-1.62838,-1.92337,0.94868,0.66452,-4.04699,-4.63903,-4.96585,2.98261,-3.31637,0.22353,-1.61357,3.32355,-2.69489,0.97111,-3.06698,1.15587,-1.55412,7.75272,-4.38782,1.57120,2.23356,-4.51253,-3.89522,-4.56791,2.25109,1.93624,0.96611,3.77299,0.16832,-0.41721,-1.52864,-2.02273,-2.52129,3.08885,-0.97807,-1.88915,-1.58478,-0.59899,-1.48947,-0.82856,-1.68197,-1.08988,0.37305,2.39821,-2.55252,-1.75990,1.07584,5.25189,1.44488,2.70198,1.69900,-2.97310,1.22850,-4.21658
-0.29626,-2.68435,1.01381,-2.23496,-0.25470,-0.77312,3.24789,0.47501,-2.95934,4.64921,6.42705,-5.14426,-0.67058,-2.91740,3.53792,-4.37706,-3.24738,4.40857,3.77761,3.05778,1.76909,1.69367,2.55334,-1.69788,3.28817,2.31916,4.96547,-1.67016,4.56135,-0.48500,-1.46002,-0.15380,0.38151,-0.02237,-0.35887,0.43855,-2.12352,-0.76934,2.74646,2.59778,-3.35168,6.98299,-1.46494,6.04337,0.71415,5.20741,-9.88111,2.40959,-2.43284,-2.46241,-1.63002,-1.29006,2.57928,0.35035,0.40067,2.91753,-1.11021,3.77181,0.95320,-2.01017,2.81006,-2.03471,-2.22754,3.09338,-1.04014,-1.34712,-3.40793,-1.18360,-5.28581,4.06298,5.07720,-1.41150,-4.61401,-0.18799,-0.88633,5.66746,-0.72186,-1.65658,-0.37429,0.56563,3.87132,6.60035,-4.74797,2.03755,-0.01224,0.71449,0.68274,1.04162,-4.93478,-3.17728,0.82948,1.42456,1.35218,-4.98310,-2.04119,-7.18572,-5.27378,5.51619,-1.20505,0.28281
6.51325,2.32696,-3.90252,4.90691,3.80751,1.05225,-5.21328,1.46815,6.45388,1.04687,5.85446,-1.65483,4.92484,1.28510,3.08821,-3.96068,1.64693,0.53134,-0.88456,2.84361,-0.18044,-1.73107,-2.36571,1.42500,-2.39824,-0.23588,0.31045,-1.91469,9.68805,2.30861,-2.01150,-1.30914,1.08285,-0.46469,2.53392,0.84674,0.69947,4.66771,-1.51715,1.68727,4.00293,-6.25250,0.20060,-2.06088,0.90782,-4.39472,3.06890,2.41764,1.04045,-2.08826,3.71104,-1.72244,3.75162,1.20579,-0.53279,2.29913,0.51478,0.32663,4.89026,1.47689,1.83836,-1.20647,2.08104,2.16492,-3.83283,0.59943,-3.87528,2.89307,-7.18931,-2.19242,3.42154,3.19926,1.27927,-2.14850,0.30929,-3.29054,4.04998,-2.07722,5.16546,-6.25291,-3.23786,2.48008,-0.07412,3.54125,2.41719,4.70567,4.28023,-2.05717,-1.92222,-0.25950,-1.31441,-0.37975,-6.59200,0.52930,1.92979,-6.04227,-2.34385,-2.03792,-0.76170,0.23933
0.26109,-4.25948,3.57405,-5.82231,0.36076,0.44499,-0.04505,-5.38538,-4.58054,3.37312,4.19799,-4.74533,-0.84647,1.85815,0.36193,-1.79197,-1.29219,1.86603,0.29570,3.75533,1.28753,14.55656,3.39956,-1.66410,9.23060,-0.31953,-3.37130,-3.56185,-3.60016,-0.04633,-2.46397,-1.69149,1.05538,2.47454,1.83216,-0.27946,-3.85133,-0.27295,1.24458,0.95181,5.45775,-9.51898,2.32051,7.46553,-3.44917,4.92266,1.86370,1.63063,-0.26452,-3.33526,-1.69755,0.91854,4.65237,-2.09059,3.59541,-3.79092,1.14183,10.43019,3.08814,-4.19040,0.19877,1.44995,-1.98372,-2.63015,0.83441,4.30393,-1.64740,-2.91459,-4.03743,2.24136,6.94239,-4.00821,-3.69935,-4.39789,-4.58711,0.50385,1.30917,0.50809,-1.37035,-2.47771,-1.38109,-0.67469,0.53783,17.52527,-1.90362,0.25984,-0.99162,2.78066,-0.50385,-3.33341,0.82057,1.17462,2.08588,6.96791,4.75939,-3.86757,-2.66607,-4.56432,-0.41659,-0.86852
7.99106,-5.75291,2.11622,6.16235,4.93392,2.29167,6.72335,3.17494,-1.04872,1.49357,-1.44848,-6.14673,1.87733,1.10067,-4.65822,-3.32934,0.66096,-2.00898,2.06027,1.30182,-2.79506,7.93526,0.47123,2.17537,-1.86032,6.39482,-1.00213,3.05196,-9.73382,1.29522,1.45260,-0.35303,0.58119,-3.70968,-5.08236,-6.05295,4.35525,1.32100,-4.16950,-3.97268,-2.71461,-8.30767,-1.04996,5.83997,2.71160,3.26165,-5.81982,2.91283,3.90280,2.55690,3.75692,6.46573,-6.08976,-1.21983,-1.82871,3.36382,4.65682,1.62607,4.23472,6.78902,5.03587,-1.80067,-1.73876,9.00169,-3.92043,-1.33600,-7.88709,-2.11199,3.27251,0.70818,8.70133,0.34335,-1.43824,-0.63939,4.84934,1.91489,-0.62706,-1.92622,-9.46820,4.27807,1.73051,-0.15119,0.96897,-4.97364,-2.01453,-8.80107,-5.86410,-3.80204,3.00167,-2.93865,4.31658,1.17941,3.14643,-0.57791,1.04072,6.30243,-1.01502,-6.38259,-2.11449,-0.85281
0.14216,1.01153,-1.20944,-1.05204,-0.42892,-0.91716,-0.07489,-0.70073,-1.54525,2.00864,-0.59003,-1.92629,-1.37602,0.78274,-0.04088,0.87612,-0.19167,0.26784,1.51398,0.30714,1.94782,0.74279,0.43012,-0.35202,-0.17465,1.37055,-0.08992,-0.26033,-2.21916,-1.03266,-0.31844,-0.14124,-0.27519,0.60394,-0.54990,-0.75306,-1.70581,-1.96501,1.07428,0.16427,0.32345,0.27419,-0.55928,0.27665,0.88151,1.76518,-1.20453,0.30487,-3.31116,-1.04923,0.73962,-2.11692,0.32861,1.47991,0.67841,-0.01292,0.87079,1.41405,-0.75356,-0.94333,-0.04313,1.05502,-0.54109,0.52397,0.78276,-1.24508,-2.39468,-0.29910,-0.48458,-5.71515,1.27192,1.24778,0.18780,-1.46959,-0.69135,1.29598,0.01053,1.99413,0.74132,-1.42719,0.05197,-0.02683,-0.03500,0.17645,-0.06888,-0.52106,0.73327,0.03225,-2.12648,-0.11891,-2.11930,-0.88158,0.45258,3.56400,0.28408,-2.32651,-0.33752,-0.26370,-0.46919,-2.49430
2.58768,-2.30880,4.46979,-4.35256,0.21000,0.49826,3.96925,-4.52058,-2.97522,1.96981,6.16629,-2.90806,-1.10069,3.83553,1.25201,1.44806,-1.56296,-1.97842,2.17252,3.78239,0.43995,9.18832,1.59948,0.93614,8.63039,1.13235,-5.23822,-3.54348,-1.58598,1.07174,-3.13353,0.20522,0.77702,3.25053,0.47030,-3.60147,-0.54121,0.40469,0.76700,0.12960,2.22766,-5.20517,2.09872,5.44805,-1.12196,2.02965,-3.30050,2.47058,1.35264,-2.20436,-1.56249,1.24606,6.07648,-1.21759,1.21025,-2.60141,1.98606,8.18801,2.64822,-2.55191,0.31892,1.84862,-2.14265,-1.13991,-0.73575,1.19977,-1.08286,-1.10523,-5.34899,-0.24465,4.52835,-0.79585,-2.99411,-1.55458,-5.34920,2.08402,0.64270,2.58792,-1.05548,-2.64296,-3.60984,-2.70067,1.61488,6.25768,-0.34027,1.15365,1.18557,3.53419,0.12931,-3.19055,-0.54785,-1.06982,4.41485,3.82594,2.94046,-7.28965,-3.51908,-0.85366,-1.78193,-3.71583
3.70454,-2.81726,1.56752,-1.05970,-0.99261,0.87912,1.20591,0.34459,-0.48200,-0.19971,1.36264,-0.82118,0.86936,1.05909,-0.41961,-0.63228,0.45014,0.08527,0.75776,-0.49415,-0.93666,0.95012,1.07134,0.38911,1.79428,1.35416,-0.28947,0.70458,1.11056,2.65659,-0.85532,-0.09350,0.49620,-0.25570,0.15060,0.11058,0.38895,-0.67872,-0.56269,0.40249,0.48215,-1.15467,-0.81980,0.47147,1.19850,-1.59265,-0.12177,-1.61663,0.56033,-0.81237,-1.24889,0.80117,0.71003,-0.64851,1.04206,0.29224,-0.03562,-0.79322,0.79057,-1.49940,-1.43781,-0.24424,-0.98938,0.58647,-1.05704,1.20626,5.02875,-0.54637,-1.36341,-0.15222,1.23828,1.36386,-0.38265,0.12791,0.71607,0.95465,0.68239,0.44831,-0.57121,0.17535,0.24102,-0.49495,0.33508,0.35592,-0.20271,1.39335,-0.10132,0.45522,-0.55720,-0.31534,-0.61768,0.47798,0.98745,0.91519,0.88921,0.99901,1.01536,-0.16679,-0.14125,-0.48135
2.37583,0.64454,0.65448,2.55286,1.62894,-0.62668,-3.30280,-1.70295,-0.23110,-3.29414,0.32675,3.07394,5.80578,-0.22785,4.37581,-2.74176,0.23034,-0.84975,4.51418,-1.22845,3.80027,2.12131,0.33561,2.12610,-0.30743,-0.27993,4.99744,1.70999,6.66227,-0.74878,1.76964,-0.58919,-3.52904,-2.94989,-0.58708,2.84265,-0.50907,5.13312,-1.11391,0.44558,-2.78089,-4.88521,0.74590,-2.42576,-1.93636,-0.56855,-0.82545,3.36377,5.50152,1.20051,3.66894,6.47161,3.53261,3.99551,-1.25848,0.25899,-5.01713,-0.99878,0.77911,3.90102,3.84745,-0.86283,1.44883,-3.51673,-3.01874,-2.11630,-6.43974,2.47414,-4.72288,-2.49318,0.02722,-1.13324,-0.06029,-0.51983,1.79636,-0.99285,5.10534,3.51116,0.76352,-2.15598,-1.79770,1.43465,1.72607,-6.15475,0.31803,4.62540,1.39393,-2.98173,-5.91558,-3.32974,-1.15044,-2.01140,-7.85266,4.34051,4.34191,-0.68927,3.13135,-0.96154,-3.79261,-1.66127
-2.01386,-2.03137,3.02847,-4.49621,-2.88018,-2.50706,2.41889,2.29264,-3.43195,5.62160,4.93764,-2.95877,2.56776,-3.28506,4.35202,-2.07349,-1.19321,4.63862,1.10419,2.15572,2.16949,2.15687,5.24194,-1.72223,-1.81353,3.67160,3.15915,3.92304,2.90005,-1.57229,-1.52401,1.73962,-0.92857,0.39369,-1.04799,-2.86796,1.11988,-1.83263,2.56478,0.64001,2.14604,3.11271,-2.26272,2.21543,1.41564,6.47339,-7.04646,-1.15541,-0.38088,0.82154,-0.73210,-2.41268,0.96521,2.60250,-1.58930,-0.06005,0.12750,4.48388,0.08246,0.09723,-0.10456,-2.13193,-1.92296,6.28582,-2.21297,-3.32206,-6.59445,1.23032,-4.16029,1.56381,0.95646,4.19457,-4.86335,-1.24778,-1.81860,6.19596,0.33846,-2.13365,-2.37910,-0.26791,2.09104,-0.29473,-0.22441,-0.72024,0.88898,2.19624,0.19982,-2.02842,-2.63831,-2.24673,-1.13656,-0.02462,1.15564,-0.35750,1.42121,-0.63569,-6.12002,5.21392,-0.39660,-3.17370
-0.48414,-3.17411,2.74807,0.79242,-0.14447,-0.61360,2.10936,0.55660,-2.51681,1.89160,-1.66444,-1.03052,-0.19618,4.92807,-0.75948,0.46999,0.18402,0.75822,1.48567,-1.56378,0.48513,-0.18654,0.08698,-0.95410,0.97562,0.96604,-0.92306,-0.20259,-0.09269,1.63009,0.26011,-1.20744,0.62108,-1.04893,-0.22749,-2.57382,-0.77883,-1.47709,1.01914,1.80754,0.71797,-0.23501,-0.40975,-2.60558,0.39392,1.74972,-1.41397,0.57242,-1.22194,-1.19439,-1.19987,-1.32541,-0.22398,-0.29880,-0.00423,0.67646,1.16132,0.79290,-0.75499,1.62285,-1.24973,-1.34152,1.23251,0.95604,-0.95403,-0.84770,-1.60891,-0.20498,-1.63739,0.58838,2.57262,0.90556,-2.85709,-0.94256,-0.73125,-0.12993,1.24919,0.01037,-1.46101,-0.21000,-0.17554,1.48372,1.81059,-0.20219,0.40260,0.26552,-0.53586,0.80389,-0.80877,1.31271,0.02654,-2.52358,-1.13895,0.46779,0.12608,-0.97378,-1.29776,1.66254,-1.05450,-1.43962
-0.07303,-0.74463,1.44874,-1.62501,0.18480,-0.53353,1.39853,0.58774,0.14349,0.53772,0.70563,0.12388,0.13082,-2.35292,1.28927,0.00701,-1.05162,0.35670,0.16357,0.30102,2.03445,-0.42485,-0.08842,0.54680,0.95398,1.13954,-1.72786,0.81050,0.26249,0.01881,0.05037,0.29051,1.77269,0.17363,-0.58705,-1.45240,-0.17645,-0.69249,-0.43214,2.05019,-0.06525,-0.01863,-1.94186,-0.00734,1.69390,1.86125,-1.32886,0.93899,1.71360,-0.77670,0.00140,2.33797,-0.13557,-1.04782,0.52102,0.38538,-6.93072,0.48422,0.16286,0.62077,0.11336,-0.62321,0.22438,-0.19340,0.23186,0.82128,-3.34468,0.47439,-0.66105,-1.10505,2.30993,1.13681,-1.34012,-1.03771,-0.95377,0.20672,-0.26057,-0.44320,-0.55226,-0.40893,0.91534,-0.18321,0.83781,-2.56634,-1.01758,2.78943,-0.11031,-1.60972,0.76045,-0.26711,0.14710,-0.72396,0.85123,1.08416,0.06907,-0.91132,-1.71275,-2.72603,-1.80598,-0.00174
-1.72499,-1.03443,1.23724,0.17740,1.09842,2.94111,-0.96326,-0.76201,-1.25210,-0.27119,1.25279,-0.77980,-0.16208,-2.52220,1.41652,-0.19452,-0.94941,0.51776,1.09688,1.24086,2.06807,0.40945,0.44783,0.30457,3.27728,0.80808,1.67638,0.84344,-2.33205,1.64974,-0.66789,1.68407,0.45592,0.97352,0.66321,-0.17891,-0.23354,0.99741,0.49737,6.63195,0.23030,-1.50443,-0.11215,0.26752,0.39377,-0.29801,-0.85204,-0.88324,0.16397,-0.63690,1.17490,0.73017,-0.18334,-2.49188,2.49851,0.62285,0.48416,-1.08843,0.07411,-1.13293,0.40501,0.28751,-0.74720,0.46616,-1.11625,3.28966,-2.13977,0.43455,-0.35980,0.25995,0.54606,1.46776,-0.45326,-0.51981,-0.82628,0.15927,-1.40132,0.29383,-0.63405,-0.83956,-0.79813,-0.51771,-0.68229,1.06847,-1.30749,-0.78403,-0.80581,0.06375,-1.33971,0.30435,-1.02603,0.34193,0.52679,0.67087,1.34041,-2.28399,-0.62265,1.71070,-0.68194,-1.30584
0.66616,-1.54303,2.38753,1.61791,-0.59624,-0.12272,1.04155,0.20785,-0.90041,1.53173,-0.96918,-0.90365,-0.45333,2.76055,0.55070,1.49695,-1.85862,-1.01125,1.57519,0.82236,0.55715,1.54425,-0.18827,0.49373,0.27522,-0.49807,0.28628,0.78687,0.88249,1.09255,0.45362,-1.52665,0.43565,-1.31267,1.59526,-0.86040,-0.06392,-0.70887,0.10158,0.27446,0.89197,-1.22447,-0.93587,0.18841,0.42697,1.81160,-1.79102,-1.42793,0.08413,-1.15208,-0.03118,-2.72984,0.03575,-1.74463,-1.36668,-0.68984,-0.22965,0.70392,-0.20511,-0.11121,0.28150,1.50351,0.74097,0.49343,0.91101,-2.45671,-1.10298,-1.08740,0.19570,0.05969,1.41869,0.02098,-2.19487,-0.09540,0.48652,0.12668,-0.36520,0.32418,-0.71334,-1.22318,-2.14393,-0.52124,0.73633,0.83780,1.07574,-0.95215,0.46536,-3.26045,-0.27870,-0.73970,-1.24497,-1.00353,-0.80376,2.32143,0.15182,-1.01488,-1.45150,1.21888,-1.37737,-1.40654
-0.20112,-1.57749,1.28967,-0.62418,0.03777,-0.17983,1.39768,0.86010,-2.53695,-0.59242,1.34689,-1.40818,-0.28311,0.71113,-0.14964,0.12677,-0.99786,-0.01332,-0.61607,0.75863,1.16108,0.13468,1.54242,1.41752,0.94299,1.31849,-0.58784,1.41084,-0.33125,-1.44187,-0.46071,0.25306,0.27619,-0.48620,-0.62357,0.19849,-1.41266,-1.90229,-1.66354,-0.55044,1.30709,0.08919,-0.11374,-0.35162,0.18794,-0.12380,-1.80359,1.44470,-1.67222,-1.90653,0.46134,-0.86179,-1.33644,-0.34576,-1.55011,-0.15742,1.44353,1.59766,-0.22349,-0.40573,-0.28259,-0.27702,0.47594,0.69518,-0.23592,0.13916,-1.36278,-0.19263,-0.31781,-0.30562,-0.37094,1.70454,-0.70315,-0.49671,-0.29985,0.39861,-0.07777,-0.01287,1.13700,-0.21371,-0.85038,-0.56784,1.06955,-0.81184,0.62701,-1.81969,-0.86799,1.02405,-1.24538,0.71843,-0.38627,-1.01675,-0.32215,0.42066,0.53743,-1.40462,-0.94063,0.38234,0.54426,-0.82393
0.36607,-2.44904,0.74313,-1.83605,-0.49310,-3.21631,2.82756,0.19773,0.24334,0.57130,0.21859,0.35162,-0.02099,0.68052,-1.08009,1.15196,1.58389,0.49465,0.44250,0.83071,-0.96164,-2.08548,0.76061,-1.06154,1.62475,-0.19484,0.76721,0.29682,0.78481,0.50030,-0.17760,-0.26645,-0.68244,-0.30723,-0.51033,-0.39671,0.70547,-0.18802,0.56074,-0.01327,-1.44412,0.33112,0.02699,0.26598,-0.03495,0.56658,-0.63571,-1.14933,0.04235,1.21938,-0.09916,-0.66534,-0.50486,-0.45057,-0.45711,0.77018,-1.27268,0.02517,-0.12544,-0.51946,1.02350,-1.38419,-0.47600,-1.03997,-0.25556,0.88446,-0.81833,-1.81863,0.12230,0.25676,2.63586,0.29304,-0.28443,0.02473,-0.04597,0.58811,0.24627,0.43064,-0.20605,-0.47222,0.01022,-1.31103,0.93567,-0.41713,-0.13192,0.35987,0.24806,-0.31524,-0.69981,0.93090,-0.72851,1.47806,-0.87284,1.40016,0.11156,-0.88437,0.99185,-0.46220,-0.78867,-2.43615
-0.35657,-1.49304,6.86908,2.28125,-1.13468,-0.94456,2.86309,0.98544,-4.27510,-2.21623,-3.61034,-2.35949,0.13539,-1.65210,0.42264,-4.01964,-2.15698,1.46657,-3.74290,0.46921,0.74819,0.68613,2.27944,-0.47693,0.67951,2.14467,0.24424,-0.92689,1.04663,-2.01280,-2.67155,0.57299,1.17003,0.83919,1.34541,-0.83765,-0.51575,-4.76168,1.10325,-2.06716,4.51647,1.62642,-1.49700,1.87687,0.99760,-0.63529,2.83893,0.28619,-2.32251,0.84570,-2.03674,-2.00438,0.45634,-0.36438,2.96090,0.12867,-1.25077,-0.15065,-1.43083,-4.68174,-0.86273,-2.35890,-0.80058,-4.02155,-0.57181,-2.79709,0.68111,-0.89790,0.62936,2.53556,2.39071,2.09917,0.58106,2.21392,-1.20279,-0.73215,0.00799,0.64136,-1.21522,-1.24783,1.40270,-1.14593,0.39734,3.43217,-0.05932,0.64331,0.52946,1.01363,-0.11029,0.90193,-0.24906,-2.33411,1.82286,-2.90779,0.30438,-2.50791,2.82662,-0.71444,-0.07761,-0.03351
1.31359,0.10262,4.24857,-0.29933,-0.41149,-1.98050,1.46604,-0.87632,-1.64994,-1.15922,0.61433,1.20630,-0.46282,0.96427,0.62347,0.65843,1.42027,0.23911,-0.61591,0.02462,-0.98147,-0.46555,0.54645,-0.63221,-0.45855,0.22609,0.58325,0.16243,1.33438,1.88160,-1.48139,1.87952,-0.08825,0.02101,0.64339,-2.47099,0.60820,-0.32263,-0.38662,0.33376,-1.48280,1.14199,-0.77131,-0.11775,1.78723,0.09166,1.89386,-1.72130,0.26122,-0.92894,0.29885,0.23481,-0.78371,-1.72611,-0.35308,-0.05071,-0.96946,1.24464,-2.32142,-0.26816,-0.66187,-1.24214,-1.40368,0.47459,-1.29334,-0.94412,0.88747,1.05235,-2.45658,0.17218,0.19065,0.87122,0.46027,0.44610,-0.63244,0.32920,0.67221,-0.19245,-2.37661,-1.19900,-0.75395,-0.40203,1.01956,1.03791,-0.49953,-0.19265,-0.46675,-2.69799,-0.33314,0.20928,-0.84352,-2.07992,0.56558,0.56012,1.41443,-0.63544,1.67130,-0.58255,-0.26691,-0.75730
2.46394,-0.81729,1.74893,-0.28023,-0.15871,-0.93778,3.62365,-0.36232,-2.38178,0.61835,-0.34078,-0.84599,-0.68977,0.56019,-0.05183,0.49675,0.20371,-0.30930,0.89016,0.11138,0.04894,2.44687,0.50097,0.26525,0.61193,1.53988,-1.01067,0.50578,0.03168,0.47226,0.72021,1.10808,0.88650,0.20007,-1.01695,-0.72486,0.48992,-0.10286,-0.81049,-1.07957,0.05545,1.00731,1.06990,-0.60352,0.20467,0.72185,0.01707,-2.63818,0.59608,-1.73566,-0.84837,1.58872,0.42778,-0.69191,-0.40330,1.73733,-0.54508,1.24144,-0.11262,-1.78637,0.97522,-0.81074,1.05534,0.48858,-0.90962,0.06499,-0.84154,1.10851,-0.06798,-2.43075,0.15656,1.18753,-1.82037,-0.18623,-0.28292,0.39046,1.91525,0.43317,-1.32774,0.30881,-2.18268,-1.66434,-1.74030,0.59359,1.04667,1.02513,0.16208,-1.14745,-1.29806,0.60065,-0.81456,0.06921,1.12017,1.24716,1.48306,-1.17939,-0.57218,0.21240,-0.21717,-1.36356
1.04984,-1.15182,2.63265,1.77799,0.62868,-0.61249,3.18969,1.36198,-3.55093,-0.12174,-0.96008,-0.52859,1.29348,0.68046,-0.78499,0.02068,0.28006,0.09474,1.87729,-0.89680,0.63755,-0.53480,0.25059,-1.01676,0.30072,1.33678,-0.22709,1.26565,-0.91756,-0.48067,-1.36437,0.20519,2.13122,-0.21997,0.46372,-1.22290,0.77998,-0.85596,0.83077,1.14643,-0.29776,0.94595,-1.12662,-0.52016,1.25674,0.06097,-1.16846,0.55503,0.41044,-0.00009,-0.44028,0.14738,-1.09103,0.71048,-0.01673,-1.00908,-0.10696,1.09660,-0.83645,-0.36865,0.78837,0.21936,-0.45911,-1.17919,0.52988,-1.40431,-0.61185,-0.21032,-1.56800,-0.22485,1.29430,-2.26158,-1.46822,-0.38188,0.39478,0.31357,-0.17373,0.85907,-1.68087,0.44639,-0.34021,1.64149,-0.68374,0.28849,1.05628,-0.20847,0.92371,-1.59361,-0.74013,1.57691,0.16324,-0.19689,-0.85159,0.88688,-0.30277,-2.72599,0.70598,1.24865,0.29749,-0.63461
1.38766,-1.46067,0.49183,-1.67265,-0.51867,2.67475,1.37792,-0.54433,-1.20434,2.39045,1.53799,1.46378,-0.18531,0.72213,1.61376,0.16442,0.48951,1.09357,1.58775,0.02860,-0.22420,1.49072,-0.57383,0.89726,-0.28639,4.90386,0.33579,0.67208,-1.50149,0.82061,-2.03171,-0.05091,1.59664,-0.80242,-0.46478,2.22246,-0.00930,0.67635,0.37583,0.40471,-0.20346,-0.15694,-0.07575,0.13368,1.30184,1.35200,-0.96524,0.27817,0.10794,-0.93924,-1.16371,-0.41089,0.92082,0.06389,0.00375,0.20835,-0.40292,0.31756,-0.90663,-0.62080,1.09919,-0.12197,1.59723,1.57750,-0.21194,0.83037,-0.29187,1.32221,-0.48375,-0.65283,-1.08560,0.09907,-1.09464,1.28314,-0.47557,-0.67610,1.71696,-0.22572,-0.94560,-0.64405,0.40580,1.47926,0.27442,0.52220,0.08127,0.64723,-0.32101,0.05262,-1.79397,0.31577,-0.56525,-0.78350,-1.10783,0.07486,0.32588,-0.46594,-1.37861,1.03371,0.17445,-2.70341
1.91943,-1.76174,3.67571,1.00668,0.75189,-1.22804,0.07689,-0.41789,-0.89446,-0.36967,-0.15667,0.04989,-0.57994,0.38672,0.91177,-0.44429,-1.82126,-0.27087,-0.02222,3.21061,1.59800,-0.16931,-0.53653,-0.52707,0.14572,0.47882,0.90092,-0.46291,0.90664,2.18095,-0.46106,1.22528,1.52966,-1.09487,-1.66179,-1.52747,0.30199,0.65740,0.02608,0.80500,0.17370,-0.99113,-0.07126,-5.24456,0.47119,0.37894,0.15861,-0.87559,0.75965,-1.12222,0.58833,-3.03130,-0.35764,-1.30917,-0.52856,-2.00933,-0.01974,0.17160,-1.64202,-0.30709,0.30237,-0.20089,0.58786,0.44644,0.21124,0.06234,-1.56385,5.57444,0.13532,-0.62837,0.96873,0.29587,-1.26118,0.25246,0.63224,0.00829,0.85380,-0.69793,-0.84252,-0.72133,-1.52447,2.09566,0.60830,1.16334,-1.80411,-0.75279,0.25506,-0.54505,-2.09757,-0.03469,-0.24421,-3.12281,-0.58382,0.67416,0.87709,1.57488,-0.03001,-2.40026,-1.00654,-0.56016
0.15840,-1.15592,1.13016,-1.30117,-1.26052,0.05262,1.49743,0.32339,-4.91326,0.60773,0.89349,0.00646,1.12341,0.17517,-1.69732,1.55187,-0.71669,1.17341,1.25847,0.43854,0.11714,1.19962,0.94109,-1.14396,0.38509,1.15689,-0.45414,1.30343,-2.54133,1.25620,-0.75536,-0.56670,-0.45071,1.74398,1.30298,-1.39565,0.17679,0.05841,1.07186,-1.12074,0.92074,-0.97451,-1.19047,1.37310,-0.39387,2.89080,2.64798,0.97344,0.41622,0.34944,-0.49561,0.30964,0.74087,-1.11618,0.83800,2.77487,1.24074,0.99179,-2.08693,-0.94428,-0.03078,-1.21551,0.77318,1.50989,0.33281,-0.25875,-2.01728,0.79933,-0.82451,-1.42253,-0.99529,0.25652,0.66092,0.15560,0.22487,1.81621,0.63021,1.41797,-1.12465,-0.12331,-1.07466,0.30662,0.55962,-0.61738,0.35438,0.84298,0.36650,-0.94905,-0.82063,-0.93209,-1.60027,1.19823,-0.49998,-1.37050,-0.14380,-0.69947,0.30084,-3.40437,-0.60514,-0.08161
1.37681,-0.73972,0.14529,0.32786,-0.14124,0.18118,0.86344,-0.62843,-0.24539,1.53705,-1.47272,-0.09806,0.13448,0.41457,0.45255,-0.40903,-0.14475,0.19700,-0.45305,1.00446,0.58725,0.51986,-1.18680,0.47226,0.73864,0.33091,0.82014,0.19603,0.20613,0.90960,-0.62054,-0.69163,0.34384,0.54187,-0.44263,-0.60950,-0.50465,0.03210,-0.24765,1.30971,0.14292,0.44506,-2.42036,0.99726,0.28168,-0.74691,1.12712,0.04412,0.49628,-2.14626,-0.18152,0.48446,-0.23573,0.26955,-0.47238,-0.50087,-0.55686,1.25340,0.70309,-0.28291,0.64426,-0.32616,-0.58807,1.76263,0.85075,-0.21297,-0.37904,0.99985,-0.68239,0.48026,1.20242,0.85977,-1.05782,-1.16958,0.23916,1.15830,1.66661,-0.08121,0.40143,-0.22890,0.34083,-1.46118,0.52735,0.49893,0.41684,-1.83357,-1.86034,2.02005,-0.24371,0.17383,-1.25823,-0.87313,2.27096,0.36769,0.74799,0.04800,0.91259,-0.56114,-0.99704,-0.38341
0.62163,-0.63035,-0.36994,0.03257,-0.53549,-1.23676,-0.22746,-1.62457,-0.45793,0.21850,1.54585,0.09596,0.55279,0.91820,-0.86336,0.58350,-0.12308,1.11455,0.28814,0.71761,0.35894,-0.91810,1.63957,0.07974,0.36981,-1.12414,0.05485,0.72176,-1.10414,0.12908,0.25225,-0.81093,0.97229,-0.57151,-0.80940,-0.22545,-1.28135,-0.67687,0.68043,0.23386,0.90254,0.55359,1.47575,-0.16822,0.35985,-0.16961,0.71032,-0.45266,-0.47480,1.06787,0.24868,-3.49588,-2.06850,0.14651,0.67460,0.70632,-0.24252,-0.91388,0.24492,1.26587,0.65194,1.11144,-0.90749,-0.53949,-1.17833,1.24545,-0.34055,-0.12742,-2.63617,-0.25221,1.44213,0.68730,-1.52435,-0.40394,-0.22028,-0.21342,0.11863,0.71706,-0.40497,-0.63315,-0.37202,0.50512,0.15504,1.47800,0.94738,-0.03892,0.57121,-0.45758,-0.16840,0.48259,-0.44323,-4.44438,0.36390,0.55588,0.90859,-2.36532,-0.67659,0.18311,-0.55467,-1.51115
0.46970,-0.60956,0.37259,-0.87066,0.11985,-0.67800,0.20913,0.86903,-1.03014,3.11905,0.55935,-1.11356,-0.71934,0.36123,-0.57682,0.25916,0.55788,0.53730,-1.18702,0.22876,-0.74870,0.04927,0.19170,0.60333,0.56764,-0.00632,0.07835,1.10447,-0.45478,0.03450,-0.61750,0.06656,0.33690,-0.23698,-0.36580,0.15228,-0.08530,-1.19224,-1.79583,0.55561,0.26135,-1.72096,-0.46228,-0.01041,1.32999,0.73757,-0.57476,0.82506,-0.08441,-0.69662,0.09920,0.16134,1.44862,1.12614,0.74388,-0.19030,1.06813,0.64804,2.99091,-1.02926,-1.55181,-1.92267,-0.72791,-0.20318,-1.43718,-1.08942,-0.66790,-0.25561,1.03349,-0.17312,0.01420,0.82866,-1.06421,-0.30987,-0.56172,0.11640,-0.72000,-1.65093,0.35048,1.11759,-0.92941,-1.16719,0.98328,-0.43300,0.74942,1.34565,0.14764,-0.84060,-0.41528,-0.91505,-0.00273,0.63925,-0.48905,0.16075,0.87781,-1.24049,0.16036,0.36854,0.74738,-0.49974
1.21914,0.11221,1.24959,-1.36089,-0.11721,0.50046,-0.17417,-2.51661,-0.22553,0.95174,-0.32056,-1.90078,-0.45418,0.17590,-0.02293,1.04729,-1.01997,-1.16011,1.55510,-0.88433,0.44552,1.31071,-0.41402,0.98356,0.28032,-0.12360,0.26683,0.33338,-0.84987,1.08663,0.68227,1.14358,1.05531,0.95163,0.94357,-2.20010,-0.15460,-1.71926,0.06972,1.56011,-0.28125,0.94065,-1.25470,-1.90965,1.04583,0.83668,-1.07483,0.43339,-0.21949,-1.58920,-0.30336,-0.47550,1.60576,-1.12960,-0.13162,0.57871,-0.84272,-0.16630,-1.50062,0.79795,0.19871,-0.29567,-0.24363,0.99812,-0.57484,-0.12405,-1.22205,0.01253,0.68532,0.04114,2.52337,0.33564,0.35238,-0.64447,-0.54298,0.06759,0.11182,-0.58649,-0.63794,-0.73406,-0.39664,-0.20263,0.30957,-0.25590,0.58563,0.24957,0.13999,-1.75602,-1.20610,-0.36911,-0.12961,-0.25467,-0.50087,-0.20072,0.69257,-0.64133,0.15356,1.16374,-0.67428,-2.20848
-0.03964,-1.16840,1.21546,-1.73461,0.44417,-0.14649,0.55931,1.39274,-0.74281,0.44016,2.02633,-0.32612,0.33035,0.90242,0.13237,0.87853,0.29559,-0.55243,1.31015,0.96799,0.88456,0.44745,-0.14273,-0.33847,-0.91199,1.46156,1.06952,1.42216,-4.40106,0.63777,0.37126,-0.34760,0.62414,-0.46436,-0.57123,0.02695,-0.61328,1.21119,-6.56824,-0.97156,-0.00904,3.25484,-1.68814,0.13521,0.15747,0.12483,-1.51656,-0.44262,0.64541,-2.91233,-0.33086,0.32448,0.27098,-0.79255,-1.95760,-0.70920,1.52899,0.27864,0.42839,-0.04817,-2.38057,2.04674,1.08957,-0.36037,0.32787,0.50494,-1.71575,-1.26578,0.34461,-1.24536,1.00497,0.53667,0.22316,0.70029,1.42204,0.82120,0.12736,-0.31123,-0.33066,0.50993,-0.06841,-1.04284,-0.47879,-1.05698,-1.55532,-0.51055,-0.33788,-0.75914,0.13745,-1.21337,-0.21880,-0.91812,0.14340,-1.53034,1.13043,-1.14420,-0.32921,1.53917,-0.55160,-0.05077
1.22995,2.15216,-1.21824,-1.64148,-1.26991,-0.53696,1.15904,0.10027,1.30180,-0.37458,1.13915,0.75146,-1.11135,0.11585,-2.94728,1.36860,-0.64852,-1.04207,0.74502,0.85036,0.91308,-1.40853,0.48550,1.28624,-1.18463,0.22483,-3.31414,0.68983,-0.03797,2.59169,0.14995,1.25651,0.69319,-1.15756,-0.47412,-0.35221,-0.36341,-0.07766,1.84587,0.89969,-1.19949,0.03310,-0.23470,0.83180,0.39851,-1.69507,-1.42081,-0.85654,0.34015,-1.38466,-1.18637,2.59304,-0.88715,-0.61407,0.25581,-1.31970,2.15452,0.35568,-0.21343,-0.30523,-0.30547,-0.65831,2.31718,-2.30618,0.50888,-1.46315,-2.13829,1.28869,-0.77634,-1.51195,1.53606,0.28646,2.08966,1.94871,1.81650,0.23651,0.55297,-0.74995,0.10214,2.05339,0.71257,-0.01849,1.54772,-1.94116,-1.14781,0.08212,-0.17437,1.41301,-0.49813,-1.69126,0.03705,-0.90973,1.11486,2.21415,0.05829,-1.41117,0.40589,-0.06614,-2.93338,-0.03869
0.26833,0.53231,0.74295,0.01788,0.23988,-0.96861,0.87025,-0.78581,0.41504,0.16093,0.66251,0.08579,-2.26232,-0.47633,-1.21547,0.64505,-1.02228,-0.10742,1.40522,0.53562,-0.80891,-0.99695,-1.22514,1.51638,0.12329,1.07238,-0.42191,0.30207,-0.58644,0.93801,-0.51928,0.46169,0.69207,-0.50981,-0.15020,-1.40864,0.83294,-1.46430,1.11521,0.65898,0.60073,0.20484,-0.83339,-0.33796,0.06549,0.60216,-0.96021,-0.43325,0.51769,-0.52998,-3.01607,0.58436,-0.30309,-0.34214,0.31719,-0.27810,0.67461,1.53940,0.70128,-1.49289,-0.76603,-0.36298,-0.30928,1.90755,-0.76125,0.77391,0.18289,0.39285,-1.02821,-1.29552,1.51820,0.76615,-1.12336,1.08487,-0.30041,0.11845,0.64291,-1.67492,0.73214,-0.98139,-1.16386,0.61797,0.63589,-0.37185,-0.05565,0.06880,0.58516,0.38657,0.31484,0.49424,0.31213,-0.93962,0.92809,0.22917,0.20275,-0.65918,-0.85138,0.59843,-0.28463,-1.15578
-0.48087,-0.60129,2.35501,-0.46788,1.64516,0.55507,-2.70792,0.18530,1.46648,0.97660,0.57209,-0.10257,-1.91991,0.16866,0.70478,0.31470,-0.71890,1.40132,-0.83059,-0.41643,1.27481,-1.88183,-0.32571,-1.11870,0.23653,-0.34053,-1.20855,0.76719,0.27979,0.83412,-2.25198,3.26993,1.39370,-1.42977,0.68662,0.50254,0.19921,0.37943,0.60162,0.24945,0.00295,-1.15111,-0.86926,0.30681,0.24036,0.43642,0.43946,-0.21892,0.50494,-1.10859,0.45639,1.23363,-0.21668,-0.31733,0.66004,0.33396,0.09636,-0.44189,0.72183,0.67056,-0.95626,-0.09743,-0.91774,2.73085,-0.96245,1.29183,-2.65021,1.16872,-2.26621,0.44347,1.08102,-0.48923,0.72926,0.25850,-3.81581,1.02894,1.61345,-0.64685,-0.18437,-0.34279,-1.69468,-0.19195,0.64308,1.35673,-1.38382,1.03381,0.79466,-1.46997,-2.02337,0.03395,-0.29263,2.08250,-0.05197,2.38808,-0.73619,-0.51775,-0.77290,1.12444,-0.50763,0.15430
2.63199,0.28048,1.14892,0.05805,-0.40529,-1.13044,1.93941,-0.88880,-0.94609,-0.92690,1.41531,-1.27822,-1.07312,0.34444,1.83074,-0.13737,0.51254,0.55931,-0.25255,-1.99557,0.28304,0.39061,-1.24216,-0.47065,0.66546,-1.17802,-0.94205,0.63579,1.53795,0.78311,-1.22233,0.52927,0.51610,0.05776,-0.96965,-2.93636,1.12906,-0.79346,1.53949,1.28143,0.09146,-0.10641,-1.48348,-0.65183,0.98164,0.60424,0.92832,-1.38517,-0.32586,0.68299,0.01441,1.64850,0.92598,-0.69763,0.07745,0.02945,-0.46397,-0.68285,0.95940,1.19961,-0.19946,-1.47467,-0.65562,3.17339,0.20015,0.38853,-1.08921,-1.26741,0.22183,-1.26118,1.02375,1.19000,-1.40853,-1.60316,-0.67332,0.58187,1.07823,0.30891,-0.84601,0.28058,-0.12586,-6.76206,-1.30420,0.34592,-0.23827,0.94662,-0.45902,1.72166,-0.12386,0.29478,0.20939,0.85666,-0.26144,-0.07018,0.27587,0.45333,-0.27801,0.33647,0.66892,-1.13890
-0.28160,-0.81054,1.33914,-1.05765,0.77635,-1.73362,2.34123,0.51737,0.08634,1.09847,0.83612,-0.13464,0.21066,-0.15784,-0.20002,-0.13414,-0.48012,0.54004,0.46017,-0.70649,-0.46427,0.17999,-0.03649,-0.77031,-0.43814,-0.06446,0.13221,0.93997,0.59635,-0.36302,0.75545,0.84582,-0.67454,-0.19020,-1.13717,-2.05489,0.43570,-0.67004,-0.70265,0.26693,-0.00132,0.85075,0.21474,1.47040,0.60894,0.80115,0.77520,-0.74776,0.30903,-0.77729,-0.45815,0.29804,-0.68289,0.85260,-0.08262,-0.41871,-0.81250,7.34050,-0.19704,0.87412,0.72133,1.14860,-1.10922,3.06864,-0.38729,1.29615,-0.35317,2.00461,-0.95611,0.82591,1.25812,0.58579,-0.91448,0.75907,0.60906,-0.36652,0.93825,0.70142,-0.86385,-0.08242,-0.21982,-0.37259,0.37764,-0.48351,-0.26408,-0.00333,0.04821,-0.43344,-0.08204,-1.06253,-0.26399,-0.84687,2.63268,0.19300,0.97378,-1.62250,-0.67380,0.48838,-0.96275,-0.88515
1.11142,-0.65650,1.26615,-0.19499,-0.32046,-0.80219,0.60436,0.00028,0.46529,1.36494,-0.01536,-1.47409,-1.11087,1.02796,-0.44572,1.88716,0.25857,-0.36141,-0.69156,1.16635,0.03809,-1.79012,0.37679,2.27134,0.16043,1.54790,-0.50685,-0.10730,0.32288,0.82857,-0.47114,-0.24958,-0.32412,0.62726,0.49264,-1.22960,-0.80598,0.14385,0.54221,0.48179,-0.88847,0.29558,2.62909,-0.06412,-1.10841,-2.60907,-1.63350,-0.59755,-0.03828,-0.03094,-0.82581,-0.58859,-0.02558,-0.63243,-1.09827,1.48218,0.30740,1.82372,0.53632,0.09974,0.01274,1.16253,0.68112,0.09866,1.65040,0.54730,-0.65476,-0.04746,-0.69701,0.64534,1.18576,0.96113,-1.09503,0.18610,-0.07357,0.21254,-0.15127,0.53554,-0.33824,-1.06839,-0.32931,0.41466,-0.05880,0.27087,1.13970,0.94047,-1.01428,1.26796,-1.63404,-0.51173,-0.51408,0.19474,1.62154,-0.52066,0.67257,-1.64629,1.63241,1.37674,0.37846,-1.80475
0.59982,-0.63498,0.63873,-0.41849,0.11667,0.04682,0.76472,0.35470,-3.64359,0.19087,0.60817,0.06458,-0.64783,0.40433,0.25803,-0.31998,1.08327,1.75437,1.85092,0.08340,0.46715,1.29373,-0.23855,1.08313,0.06353,0.54415,0.62711,0.96974,-0.62613,0.59121,-0.96342,-1.85301,-1.53007,0.51462,0.94578,-0.22067,1.18232,1.79061,1.12279,0.83435,0.33109,0.69399,0.61038,-0.08627,2.42179,0.23577,-0.65544,0.12482,-0.23020,-0.67394,-1.63311,0.95102,0.24490,0.34318,0.44510,0.13367,1.15674,-0.33054,0.27026,0.30117,-0.23997,0.02993,0.28365,0.27969,-0.21220,1.41546,-0.46346,-1.70758,0.68750,-1.08844,1.17612,0.02776,-1.18063,-0.33188,-0.71143,1.01934,0.06990,-0.63335,-1.23819,0.49000,-1.27458,0.50569,-0.68869,-1.49674,-1.18795,0.19836,1.04889,-0.75492,-0.59337,3.35057,-0.49107,-1.57916,2.04881,1.11706,-2.42732,-2.63486,-1.13304,-0.22732,0.60061,0.37109
0.43503,-0.99894,0.06673,-1.10211,1.95199,-0.96829,1.28289,0.65729,-0.81859,-0.00851,0.72253,1.35754,0.59242,0.07391,0.36214,-0.42413,-0.47783,0.61534,0.05782,0.28700,-0.87448,-0.69962,1.21005,-0.71359,-1.22610,-1.56342,-1.14922,0.79634,-1.03663,0.35945,-2.39017,-0.49583,0.89519,-0.70713,0.03169,-0.66598,-1.19991,0.12125,0.03143,-1.55988,-0.74337,1.21437,-1.04922,0.06018,0.02371,-0.49623,-0.04722,2.29865,0.84707,-0.12686,1.19249,-0.62628,-1.06308,-1.29920,0.72637,-0.67162,0.32706,1.19180,0.58387,0.79163,-1.97339,0.32660,-1.76517,-0.17741,-0.29792,1.02316,-1.56885,-1.41100,0.13731,-0.29073,0.51812,0.76699,-0.25162,0.79583,0.29359,-0.25672,0.51816,-1.05627,-0.32848,0.29873,0.14811,-3.21295,0.25740,0.16048,-0.07828,-0.30794,-1.05576,-1.08724,0.33369,0.51098,1.88757,-0.58025,-1.75248,0.53384,0.61766,-1.91489,-1.28856,0.41171,0.12010,-0.86841
1.00019,-0.58173,1.82596,0.28711,0.65136,0.15213,0.25159,0.57076,-0.26356,0.34600,-0.24862,0.04363,-0.05265,-0.70507,0.19514,-0.55440,0.56957,-1.02266,0.00453,0.54737,0.70260,1.26756,1.15785,0.61371,2.01400,-1.15065,-0.35766,1.89936,-0.87667,1.38384,-1.15361,-0.68760,-0.23705,-0.40027,0.38057,-1.27553,0.78377,-0.05372,0.93543,1.12900,-0.85636,-4.21069,0.02709,-0.41925,-1.31276,1.69061,0.31103,0.23422,-0.77780,-1.80293,0.00737,1.31729,-2.34169,0.28606,-0.53564,0.09261,0.74002,0.17265,0.21549,-1.16722,-0.99147,-1.08172,1.55417,3.07676,-1.00018,-0.08117,-0.72250,0.48245,-0.98270,0.12180,1.26576,-0.24662,0.66487,-0.26680,-0.06775,-0.02569,-0.39032,-0.32492,-0.30392,-1.35333,-0.55847,1.27782,1.52679,0.54469,2.23567,0.63164,-0.48861,-0.03620,-0.50744,-0.37330,-1.46064,-0.70817,2.25002,-0.43757,1.83228,-1.95786,1.47955,-0.05204,0.10249,-0.76311
0.64168,-0.32538,0.98073,-0.49423,1.10138,0.04417,1.24155,0.35913,0.95482,0.19175,1.25376,-0.39154,1.56767,1.55243,-0.06799,-0.73031,-0.47069,2.13586,0.75626,0.19220,0.84705,0.88453,0.90602,0.05666,-0.44684,0.39653,-0.68613,0.37219,3.09016,-0.14206,-0.35866,0.22806,-0.85053,1.14518,0.30415,-1.27189,-0.12646,0.74710,-0.87400,0.60400,-0.25339,1.46836,-0.74008,1.75421,-0.11042,-1.48977,-0.88997,-0.91033,0.17126,-1.08138,-0.07544,1.72962,-0.65433,0.42797,0.19296,-0.11377,0.05386,-0.35139,2.97544,0.24584,0.03959,0.65512,-0.69013,1.36024,-0.54856,0.90116,-1.20000,1.87962,-0.59793,1.00546,1.95314,-0.80458,0.90273,0.96942,-1.14870,-1.07087,0.28267,0.89072,-0.43468,2.16955,-0.12910,0.31976,0.00571,1.60684,0.20551,-0.33413,-0.94947,0.59492,-0.04136,-0.50830,-0.80570,-0.12151,1.22693,0.09959,0.70658,0.61609,-0.24423,-0.35627,0.17567,-0.42688
0.87325,0.00634,0.23163,1.21921,-0.76542,0.25614,0.45408,-0.42265,0.02038,-0.68615,0.15906,0.32081,1.16964,-0.37644,0.97500,-1.33636,0.95505,-0.96324,0.76228,-0.55702,0.22497,0.54607,-0.74004,-0.18125,0.60874,0.51176,1.39069,-1.70833,-0.08016,0.13330,-0.20911,-3.52034,0.10811,-0.70434,0.24846,-1.37759,0.22744,-0.17410,-0.67796,-0.24656,0.64431,-1.18135,0.05845,-0.85434,1.79734,-0.52992,-0.73130,-2.14489,0.23458,-0.45640,0.15300,0.55611,1.48629,0.40296,0.69421,0.20902,-0.37257,-0.55802,0.86657,-0.11347,1.04718,-0.09092,-0.04456,0.68711,-0.30528,0.61987,-1.20302,-0.10817,-1.32579,-0.32369,1.14299,0.98939,-0.98260,-0.08504,0.81923,1.57765,0.46169,-0.69673,-2.35903,-1.62997,-0.74007,1.55098,-0.42497,0.25495,-1.23038,-0.07100,-0.45723,-1.72409,0.07788,1.11245,-0.07564,-0.94316,0.79397,-0.86010,-0.48933,-1.60709,0.01123,-0.51384,-0.07461,0.11532
0.15448,-0.34499,1.04745,-2.84471,1.26102,-0.16284,-0.21140,-0.31056,0.11895,-0.19660,0.46531,-0.82413,0.49340,-0.60885,-0.71119,1.09741,1.63962,0.12594,0.61780,1.00797,2.35969,-0.10624,-0.04226,-0.85466,0.87160,-0.26771,-0.61610,-0.28516,-0.07056,3.53553,-0.57742,-0.72476,0.35589,-0.11536,-0.72515,0.15522,1.01634,1.02374,0.23926,0.65749,-0.62400,-1.11897,0.29148,-0.31449,0.64418,1.10193,15.29288,-0.35999,-0.73460,-1.46668,0.24374,-0.67337,-0.05101,-0.51504,-0.12938,-0.95262,1.19484,0.19365,0.14262,-0.59702,-4.41143,0.05631,-0.65031,0.14150,0.01037,-0.82619,-1.76091,0.48940,-0.65400,-0.80732,-0.03339,0.97503,1.58442,0.33500,0.24313,0.53803,0.75649,2.31215,0.04997,-0.15527,-0.63029,-0.24090,-0.00731,0.23993,0.00019,-0.06167,-2.14124,-1.83092,-1.63529,0.33407,0.34777,0.41528,0.32886,0.56889,0.34222,-1.10425,-0.43363,1.46138,1.31642,-0.48123
0.34630,0.15537,0.00529,0.10707,-0.18815,-0.68601,0.04382,0.37549,0.52079,-0.38409,-1.09403,-0.07212,0.28652,-1.48417,-0.64498,0.11645,0.33319,0.44958,0.94703,-1.54845,0.05594,1.23034,1.22942,-0.90488,-1.32737,1.37800,-0.29634,1.34494,-1.35855,-0.04262,-0.19669,-0.20582,-0.22754,0.15636,-0.46702,-1.67990,0.15627,-0.61376,-0.59622,0.65610,-0.24880,-0.27704,-0.65748,-0.28201,-0.78253,0.69893,0.07037,-0.31397,-1.17787,-0.33613,-0.13512,5.11863,-1.19669,0.18654,-0.45762,-1.27727,-1.46118,0.38574,0.45476,0.21095,-0.93193,1.98742,0.06504,-1.36438,-1.74150,-0.09419,-1.56864,0.31457,-1.37781,0.76169,-0.22886,-0.72237,-0.80257,-0.37725,1.19007,0.40895,-0.25438,0.17849,-0.17847,-0.67499,-0.53910,0.29036,-0.48015,0.73483,0.79771,1.26424,-1.04134,-0.88290,-1.46487,-1.75101,0.30085,0.03643,1.02898,-0.67995,-0.30280,1.09116,-1.33613,0.61520,-0.57058,0.52690
1.33211,-1.10465,0.20642,-0.41377,-0.35021,0.72200,-2.01807,-0.10716,0.84168,-0.73509,1.10398,0.66894,0.73245,0.23915,1.62933,0.52313,-0.68764,-0.18236,0.47140,-0.03318,0.07832,1.72783,-0.37294,-0.01754,0.14449,-0.50436,-0.52835,1.05829,0.56421,0.53121,0.41896,1.02788,0.56937,-0.01523,0.22498,-1.21053,0.17463,-0.53504,-0.76889,-0.81224,-0.37464,-0.21709,0.05988,0.42042,0.24230,0.92633,-0.79721,0.76088,0.89810,0.70181,0.53943,0.84163,0.76865,0.43896,-0.73385,-1.20341,-1.13103,0.08844,1.07992,0.50102,-2.42287,0.54983,0.86138,0.50223,0.67774,-0.06007,0.11963,0.35688,-0.83205,-0.32574,-0.13640,0.35378,-0.87075,-0.57289,-0.25127,-0.54535,0.83771,-0.05701,0.96729,0.56050,-0.43230,-1.58492,1.16627,0.11572,0.29360,0.29456,0.66053,0.48761,-1.62314,0.45478,0.59709,0.25388,-1.25901,-1.61900,0.01814,-0.54166,0.82653,-1.32707,-0.44331,-0.68658
1.26014,-0.34982,-0.66181,-0.70173,0.40906,0.97543,0.47995,0.82419,1.26261,0.64821,0.89162,-0.21511,-0.99897,0.18847,-0.88302,-1.06138,0.78564,-0.56592,-0.05357,0.37044,0.25431,-0.83206,0.35540,-0.90303,0.29634,1.30889,-0.46978,-0.10351,2.12444,1.77412,-1.28810,-0.72020,-0.86171,-0.37024,-0.62102,-0.67183,0.41769,-0.19251,-0.09160,0.23208,-0.35444,-0.06258,-0.97961,-0.23971,1.55360,0.80993,-0.62559,-1.18451,2.23980,-0.83504,-0.69630,0.19856,0.70635,-0.56935,0.19495,0.33126,1.27414,1.39252,0.95803,-1.46809,0.57821,-0.09640,0.12459,0.12686,-0.06299,1.54075,-1.23879,0.91254,-1.48371,-0.64725,1.61806,0.71037,-0.13223,-0.66561,1.38974,-3.22644,0.35930,1.34989,-0.90108,1.20185,0.36238,2.99019,0.16400,0.34236,1.37930,0.07407,-0.22479,-0.32105,-0.07848,1.51648,-0.23121,0.29662,0.05384,-0.17917,0.65884,-0.28914,-0.40383,-0.22198,-0.18078,-1.68885
