0.01369,0.01231,0.00867,0.08287,0.01011,0.09645,0.01158,0.00978,0.04443,0.00845,0.01299,0.09483,0.10897,0.01500,0.06154,0.18943,0.15591,0.01301,0.04220,0.00779
0.00890,0.01819,0.00810,0.08578,0.00928,0.12990,0.00796,0.00958,0.00675,0.00614,0.01574,0.12595,0.02037,0.03078,0.00994,0.05217,0.01764,0.01374,0.41045,0.01262
0.00637,0.01175,0.00851,0.17970,0.00704,0.08113,0.00733,0.00671,0.01052,0.00884,0.02892,0.01809,0.00373,0.00927,0.00666,0.26179,0.02703,0.01312,0.29789,0.00558
0.00870,0.00652,0.00677,0.35990,0.00849,0.14485,0.01161,0.00781,0.00908,0.01071,0.01474,0.03394,0.02686,0.13254,0.01098,0.09453,0.08071,0.01361,0.00851,0.00914
0.01000,0.00720,0.00570,0.32954,0.00716,0.13386,0.01101,0.01086,0.00758,0.00506,0.06235,0.03718,0.00459,0.17262,0.00955,0.07902,0.06075,0.01311,0.02195,0.01090
0.00507,0.00517,0.00502,0.47221,0.00324,0.20953,0.00440,0.00446,0.00477,0.00423,0.02209,0.03020,0.00816,0.02567,0.00697,0.05812,0.09069,0.01646,0.00785,0.01569
0.00529,0.00336,0.00572,0.37808,0.00444,0.21853,0.00369,0.00277,0.00374,0.00358,0.14448,0.01358,0.00804,0.02193,0.01653,0.01229,0.02481,0.10739,0.01070,0.01105
0.00999,0.01577,0.01054,0.17145,0.01109,0.12199,0.01612,0.00697,0.00469,0.00805,0.01256,0.04982,0.02393,0.14713,0.01589,0.10730,0.14023,0.01677,0.09354,0.01617
0.02497,0.02375,0.02418,0.14258,0.01556,0.08542,0.01516,0.03281,0.01312,0.01324,0.13297,0.05861,0.01450,0.04361,0.05382,0.05345,0.12502,0.07088,0.03858,0.01777
0.01649,0.00852,0.01671,0.08064,0.00754,0.06695,0.00956,0.01237,0.01290,0.01073,0.07628,0.01259,0.01569,0.03185,0.16099,0.26923,0.02757,0.04833,0.10314,0.01193
0.01129,0.01273,0.01048,0.11094,0.03041,0.11849,0.01663,0.01068,0.01545,0.00927,0.06856,0.01394,0.00715,0.05994,0.06503,0.09403,0.01926,0.04008,0.25642,0.02920
0.00852,0.01678,0.01669,0.23926,0.00804,0.29081,0.02522,0.00776,0.02199,0.00731,0.01583,0.05258,0.01029,0.03470,0.00895,0.05095,0.05023,0.02388,0.10394,0.00627
0.00548,0.00756,0.00687,0.22093,0.00793,0.11584,0.01219,0.00722,0.00815,0.00542,0.04981,0.01547,0.03139,0.12945,0.01134,0.26443,0.02278,0.02594,0.04353,0.00827
0.00821,0.01047,0.01666,0.09891,0.02165,0.10382,0.01205,0.01283,0.01521,0.01113,0.00682,0.11175,0.05993,0.16077,0.05600,0.01841,0.22190,0.01928,0.01895,0.01524
0.00810,0.00752,0.00620,0.20979,0.00681,0.17106,0.00711,0.00663,0.00878,0.00693,0.02993,0.02439,0.01238,0.11505,0.21292,0.03513,0.03567,0.04243,0.04100,0.01220
0.01600,0.01146,0.01074,0.31276,0.01339,0.25766,0.01848,0.02222,0.00642,0.01404,0.05756,0.01393,0.05047,0.02144,0.01007,0.06933,0.02026,0.04084,0.00811,0.02482
0.01013,0.01114,0.00785,0.17274,0.00739,0.33051,0.00956,0.00560,0.01119,0.00767,0.01138,0.02804,0.09218,0.01432,0.01848,0.14470,0.06925,0.01432,0.02696,0.00657
0.00970,0.01242,0.00953,0.29402,0.00669,0.16927,0.00722,0.00677,0.00721,0.00593,0.03344,0.03402,0.01407,0.02447,0.03896,0.09176,0.03828,0.02528,0.16196,0.00901
0.01016,0.00815,0.00918,0.07754,0.01012,0.08943,0.00968,0.01011,0.01357,0.01276,0.01648,0.03749,0.30442,0.02360,0.01806,0.07331,0.01216,0.00569,0.04377,0.21433
0.00571,0.00659,0.00399,0.36116,0.00591,0.18622,0.00446,0.00393,0.00512,0.00408,0.04216,0.01104,0.01176,0.01281,0.01377,0.15842,0.10865,0.03176,0.01156,0.01089
0.00861,0.00890,0.00903,0.14807,0.01486,0.05772,0.00947,0.01349,0.00868,0.00832,0.03570,0.00937,0.00676,0.05282,0.21399,0.02406,0.03584,0.10772,0.22124,0.00535
0.00443,0.00487,0.00367,0.27603,0.00517,0.24497,0.00697,0.00410,0.00448,0.00377,0.00837,0.01801,0.00960,0.00959,0.02284,0.23700,0.10433,0.00632,0.01832,0.00717
0.01385,0.00743,0.01125,0.04286,0.00956,0.03757,0.00573,0.00677,0.00699,0.00737,0.01214,0.01855,0.07021,0.03211,0.30111,0.12570,0.05783,0.03853,0.18826,0.00618
0.00854,0.00974,0.00782,0.06084,0.00553,0.12141,0.00811,0.00824,0.02319,0.00692,0.01109,0.02880,0.00578,0.46019,0.01740,0.04104,0.06268,0.01010,0.09445,0.00813
0.00439,0.00349,0.00390,0.38002,0.00494,0.22066,0.00453,0.00471,0.00513,0.00475,0.07978,0.01516,0.00899,0.01164,0.01705,0.14203,0.02844,0.03715,0.01331,0.00993
0.00870,0.01117,0.00627,0.34591,0.00408,0.20312,0.00691,0.00904,0.01073,0.00741,0.06593,0.03788,0.00429,0.05532,0.00848,0.08017,0.03307,0.02834,0.06762,0.00557
0.00509,0.00594,0.00630,0.40657,0.00528,0.27705,0.00679,0.00620,0.00406,0.00545,0.02240,0.01104,0.00480,0.05862,0.00845,0.02464,0.01098,0.02008,0.10248,0.00780
0.00443,0.00301,0.00381,0.18838,0.00385,0.11717,0.00545,0.00405,0.00514,0.00490,0.12348,0.01077,0.02716,0.02517,0.01892,0.06015,0.01430,0.33463,0.01336,0.03188
0.01023,0.00573,0.01062,0.42512,0.00438,0.17262,0.00842,0.00580,0.00737,0.00589,0.05450,0.00893,0.00568,0.03969,0.02925,0.02823,0.01244,0.10209,0.04882,0.01417
0.00648,0.00737,0.00561,0.22580,0.00622,0.12873,0.00691,0.00762,0.00930,0.00640,0.00640,0.01344,0.02845,0.01021,0.01125,0.39217,0.08057,0.00841,0.03382,0.00485
0.00816,0.01371,0.00716,0.10813,0.00671,0.08201,0.00853,0.00502,0.00826,0.00596,0.03343,0.15822,0.00491,0.00911,0.01394,0.03382,0.25075,0.01098,0.22324,0.00795
0.00448,0.00640,0.00800,0.21244,0.01006,0.09061,0.00723,0.00596,0.00846,0.00919,0.01964,0.09473,0.31681,0.02748,0.06313,0.03424,0.02190,0.00740,0.03925,0.01257
0.02788,0.02546,0.03054,0.10133,0.01448,0.13113,0.01987,0.04710,0.02042,0.04157,0.08994,0.01629,0.01119,0.09241,0.07372,0.02726,0.01661,0.07439,0.03898,0.09943
0.00835,0.00806,0.00939,0.32612,0.01092,0.09751,0.01216,0.00848,0.01035,0.00790,0.01047,0.01173,0.01053,0.02695,0.02340,0.24222,0.14487,0.01023,0.01170,0.00866
0.02501,0.03162,0.02288,0.26580,0.02180,0.12424,0.02347,0.01430,0.02162,0.05587,0.10002,0.04607,0.01441,0.03286,0.02199,0.02849,0.04192,0.07482,0.01136,0.02145
0.01443,0.00972,0.01544,0.05647,0.01924,0.06112,0.00698,0.00884,0.01120,0.00949,0.04427,0.02598,0.01200,0.11408,0.43079,0.01983,0.02777,0.03901,0.06858,0.00479
0.00993,0.00935,0.00932,0.33089,0.01139,0.11832,0.00861,0.01278,0.00791,0.00884,0.02994,0.02024,0.01276,0.08811,0.13893,0.03059,0.04753,0.03956,0.02252,0.04248
0.00908,0.04522,0.01369,0.05178,0.02195,0.11212,0.06288,0.01419,0.03928,0.01549,0.12937,0.02622,0.07648,0.02707,0.02320,0.05308,0.02870,0.20317,0.03513,0.01194
0.00724,0.00692,0.01217,0.06683,0.00610,0.05982,0.00815,0.00830,0.00864,0.00791,0.07679,0.01631,0.01041,0.20797,0.00859,0.22841,0.02210,0.01225,0.21783,0.00725
0.00823,0.01212,0.00832,0.35352,0.01254,0.25577,0.00949,0.00508,0.01777,0.00695,0.01173,0.02532,0.02529,0.03836,0.05621,0.04494,0.04639,0.01155,0.04131,0.00912
0.01311,0.03134,0.01816,0.12221,0.01125,0.11995,0.02742,0.02105,0.01744,0.01771,0.02764,0.02287,0.01270,0.05723,0.14323,0.12952,0.08851,0.02970,0.07684,0.01213
0.00579,0.00661,0.00772,0.18474,0.00688,0.15866,0.00634,0.00534,0.00694,0.00533,0.01986,0.00960,0.00466,0.04538,0.03156,0.23681,0.04210,0.03146,0.16542,0.01881
0.01055,0.00876,0.00740,0.21871,0.00478,0.31345,0.00743,0.00977,0.00789,0.00832,0.07566,0.00825,0.00686,0.03914,0.01847,0.08685,0.01154,0.04813,0.09443,0.01361
0.00801,0.00987,0.00884,0.15408,0.00525,0.16622,0.00586,0.00884,0.00779,0.00727,0.13705,0.07443,0.00568,0.12720,0.03906,0.01041,0.02320,0.03520,0.15860,0.00715
0.00476,0.00574,0.00452,0.17613,0.00502,0.32000,0.00506,0.00547,0.00408,0.00364,0.00458,0.02288,0.01152,0.02064,0.00983,0.07604,0.29370,0.00658,0.01349,0.00634
0.02137,0.02086,0.01557,0.24314,0.01893,0.07918,0.01300,0.01141,0.02157,0.03384,0.02979,0.01850,0.00579,0.05057,0.22252,0.04130,0.05199,0.04950,0.03448,0.01670
0.01822,0.02133,0.00848,0.33158,0.01304,0.08690,0.03173,0.00764,0.02786,0.01423,0.00707,0.13507,0.03232,0.01785,0.01430,0.06526,0.12198,0.01092,0.02375,0.01047
0.00447,0.00292,0.00390,0.25169,0.00326,0.49974,0.00329,0.00535,0.00376,0.00376,0.00481,0.02147,0.00915,0.12607,0.01467,0.00914,0.00944,0.00566,0.01213,0.00530
0.00888,0.00922,0.00711,0.16827,0.00637,0.09338,0.00606,0.00565,0.00789,0.01181,0.01156,0.01033,0.14103,0.11288,0.01108,0.20782,0.14334,0.02366,0.00906,0.00462
0.03214,0.05268,0.01798,0.08834,0.01753,0.06316,0.08877,0.02968,0.04732,0.01332,0.01615,0.01758,0.03350,0.01769,0.03947,0.04068,0.09586,0.06086,0.22000,0.00727
0.00659,0.00531,0.00846,0.28347,0.00721,0.10014,0.00426,0.00631,0.00828,0.00551,0.13213,0.01124,0.00511,0.19953,0.01619,0.06895,0.05397,0.04472,0.02440,0.00822
0.00441,0.00425,0.00551,0.20165,0.00498,0.50345,0.00638,0.00382,0.00546,0.00374,0.00454,0.01615,0.10516,0.05210,0.01387,0.01939,0.01284,0.00714,0.01565,0.00953
0.00852,0.01143,0.00900,0.21502,0.00828,0.18518,0.00612,0.00565,0.00688,0.01273,0.15272,0.01458,0.00794,0.06579,0.02626,0.04476,0.02669,0.08001,0.10554,0.00690
0.01408,0.01828,0.01295,0.11384,0.00866,0.09470,0.01918,0.00980,0.00992,0.01322,0.07054,0.01975,0.02323,0.15226,0.03561,0.15989,0.07874,0.07576,0.02334,0.04626
0.00466,0.00424,0.00704,0.13871,0.00651,0.28196,0.00506,0.00634,0.00581,0.00430,0.00673,0.03668,0.14662,0.02403,0.03587,0.11381,0.02148,0.00887,0.12689,0.01439
0.00585,0.00514,0.00509,0.60193,0.00603,0.09762,0.00655,0.00422,0.00693,0.00814,0.00420,0.00944,0.05202,0.01865,0.06807,0.02198,0.02038,0.02011,0.02550,0.01217
0.00921,0.00611,0.00758,0.12454,0.01121,0.12040,0.00775,0.00901,0.00901,0.00917,0.17585,0.01523,0.02354,0.01485,0.03073,0.12786,0.19826,0.07772,0.00899,0.01297
0.00716,0.00837,0.01172,0.08499,0.00842,0.11374,0.01154,0.02968,0.02118,0.00977,0.01196,0.34461,0.00435,0.04242,0.06122,0.01061,0.15830,0.01292,0.03890,0.00815
0.01190,0.01131,0.01780,0.09677,0.00649,0.12062,0.00881,0.00741,0.01209,0.02789,0.02034,0.10847,0.20926,0.01343,0.11128,0.04168,0.03304,0.01888,0.05680,0.06570
0.01390,0.01360,0.01209,0.20349,0.01192,0.31524,0.01209,0.03188,0.01093,0.00951,0.01070,0.03162,0.04572,0.08144,0.01371,0.04875,0.05236,0.04279,0.02750,0.01075
0.00720,0.00633,0.00868,0.07999,0.00487,0.15373,0.00630,0.00477,0.00524,0.00547,0.02637,0.01483,0.01425,0.01178,0.34578,0.03555,0.04557,0.05597,0.16075,0.00657
0.01014,0.00769,0.00632,0.34682,0.00536,0.08300,0.00642,0.00685,0.00745,0.00651,0.01085,0.01422,0.01045,0.09395,0.01395,0.13536,0.20336,0.01031,0.01172,0.00926
0.01150,0.00715,0.00550,0.41908,0.01850,0.22573,0.00986,0.00876,0.00927,0.00717,0.01036,0.01647,0.00571,0.03392,0.11497,0.02103,0.04060,0.01076,0.01484,0.00881
0.01132,0.03836,0.01162,0.27800,0.00730,0.26529,0.02316,0.00778,0.02113,0.00659,0.00494,0.03300,0.03592,0.01474,0.04853,0.03160,0.08391,0.02716,0.03310,0.01655
0.00384,0.00442,0.00458,0.46645,0.00385,0.25538,0.00352,0.00337,0.00390,0.00426,0.03114,0.01393,0.00605,0.01088,0.00683,0.08346,0.03865,0.03367,0.00810,0.01373
0.01246,0.01102,0.02116,0.11957,0.02439,0.23532,0.02767,0.01001,0.01810,0.02675,0.01857,0.02473,0.02520,0.01717,0.01938,0.22969,0.08466,0.02926,0.03318,0.01172
0.01216,0.00787,0.00338,0.16121,0.00627,0.11482,0.00589,0.01006,0.00969,0.01167,0.00842,0.02397,0.04442,0.01593,0.01941,0.09988,0.39039,0.02385,0.00931,0.02142
0.00968,0.01044,0.00867,0.18812,0.00903,0.28549,0.01111,0.00881,0.00743,0.00690,0.03040,0.02764,0.01352,0.03969,0.04428,0.03259,0.04899,0.17351,0.03473,0.00896
0.01198,0.02667,0.01017,0.06006,0.01149,0.26022,0.00914,0.00691,0.00828,0.01546,0.00764,0.00889,0.30807,0.02812,0.01267,0.10675,0.01315,0.03536,0.03349,0.02549
0.00865,0.00602,0.00550,0.24546,0.00656,0.14356,0.00750,0.00622,0.00679,0.00660,0.09870,0.01056,0.00635,0.20198,0.02735,0.08507,0.03157,0.04634,0.03240,0.01682
0.01666,0.01596,0.00950,0.26657,0.01411,0.31006,0.01793,0.01052,0.02024,0.01776,0.00954,0.01918,0.02616,0.07700,0.01343,0.04021,0.06298,0.02534,0.01504,0.01179
0.00702,0.00377,0.00632,0.24799,0.00433,0.42941,0.00533,0.00737,0.00790,0.00729,0.00973,0.02076,0.00482,0.08482,0.02253,0.03961,0.04202,0.00983,0.03163,0.00754
0.00720,0.00840,0.00922,0.13367,0.01141,0.19612,0.00794,0.00659,0.00760,0.00744,0.01251,0.06580,0.00356,0.14716,0.00864,0.01790,0.31757,0.00656,0.01361,0.01111
0.00524,0.00362,0.00402,0.49217,0.00462,0.22767,0.00506,0.00360,0.00375,0.00294,0.00604,0.09399,0.00535,0.01129,0.01111,0.00862,0.08474,0.00942,0.00825,0.00851
0.02251,0.01979,0.01201,0.07110,0.01277,0.06021,0.01214,0.01153,0.01074,0.01195,0.02117,0.37010,0.01183,0.01037,0.07248,0.01694,0.08938,0.04619,0.03924,0.07756
0.00483,0.00450,0.00545,0.19084,0.00386,0.54833,0.00567,0.00843,0.00536,0.00409,0.01023,0.03403,0.00469,0.06392,0.00890,0.02873,0.02667,0.01029,0.02497,0.00621
0.00653,0.00786,0.00664,0.33901,0.00748,0.25498,0.00782,0.00835,0.00515,0.00909,0.01616,0.02337,0.05531,0.01531,0.01148,0.07610,0.10009,0.02932,0.01229,0.00767
0.00442,0.00523,0.00423,0.42805,0.00478,0.15165,0.00368,0.00474,0.00429,0.00469,0.01531,0.02431,0.13675,0.01891,0.01028,0.07904,0.04757,0.03613,0.00880,0.00714
0.02167,0.02204,0.02542,0.07994,0.01306,0.08890,0.02407,0.01939,0.01944,0.00783,0.01152,0.01954,0.00944,0.05263,0.09219,0.08450,0.31371,0.02762,0.05525,0.01184
0.00683,0.00639,0.00507,0.36429,0.00637,0.15083,0.00387,0.00440,0.00545,0.01452,0.01321,0.03314,0.02137,0.01558,0.00973,0.05133,0.23692,0.02709,0.01729,0.00632
0.00715,0.00594,0.00516,0.23295,0.00618,0.22968,0.00543,0.00401,0.00596,0.00429,0.09886,0.11217,0.00442,0.00849,0.00706,0.01147,0.18944,0.04507,0.00983,0.00643
0.01274,0.00932,0.03534,0.43408,0.01035,0.09839,0.01129,0.00639,0.00638,0.00707,0.00723,0.03895,0.01226,0.12749,0.02230,0.02186,0.02635,0.01046,0.05599,0.04577
0.00994,0.01058,0.01056,0.14269,0.00821,0.08216,0.01072,0.00631,0.01068,0.01318,0.01142,0.01778,0.02853,0.22520,0.01112,0.21279,0.14756,0.01472,0.01489,0.01096
0.01336,0.00906,0.00809,0.07648,0.01089,0.07136,0.01774,0.01593,0.01208,0.01261,0.01469,0.07664,0.09009,0.04931,0.02103,0.11453,0.07712,0.01485,0.01585,0.27831
0.01180,0.01337,0.02411,0.21888,0.00873,0.11523,0.02012,0.02696,0.01639,0.05732,0.03105,0.07805,0.05679,0.00947,0.02382,0.09074,0.09841,0.06618,0.01778,0.01481
0.01678,0.01843,0.01459,0.24793,0.04749,0.08299,0.02127,0.00957,0.01691,0.01181,0.00713,0.07398,0.00901,0.01746,0.02039,0.18422,0.11052,0.00602,0.07251,0.01099
0.00764,0.00729,0.01030,0.14682,0.00455,0.20757,0.00843,0.00509,0.00614,0.00868,0.01635,0.02832,0.02010,0.06679,0.19273,0.03345,0.08203,0.06221,0.07769,0.00783
0.00598,0.00428,0.00678,0.15642,0.00428,0.41465,0.01042,0.00633,0.00631,0.00412,0.01028,0.04820,0.01305,0.01797,0.01481,0.11652,0.11850,0.01148,0.02133,0.00831
0.01050,0.00677,0.01232,0.27284,0.01689,0.09668,0.01546,0.01007,0.00766,0.01614,0.01677,0.02404,0.08967,0.09420,0.01328,0.18829,0.02608,0.03677,0.03132,0.01426
0.00566,0.00399,0.00542,0.29116,0.00382,0.04997,0.00682,0.00473,0.00368,0.00846,0.07794,0.00845,0.00822,0.04539,0.00913,0.26486,0.10204,0.08212,0.01051,0.00764
0.00948,0.01294,0.01079,0.13877,0.00623,0.11056,0.01159,0.01674,0.00788,0.00851,0.10239,0.15465,0.00717,0.05324,0.03757,0.02526,0.21379,0.02107,0.02733,0.02403
0.00465,0.00549,0.00435,0.26360,0.00417,0.22751,0.00675,0.00411,0.00769,0.00524,0.00805,0.02393,0.01829,0.19108,0.00672,0.14953,0.04477,0.00659,0.01019,0.00729
0.02951,0.01878,0.01705,0.17368,0.01375,0.05810,0.01861,0.01994,0.00965,0.02361,0.01018,0.02095,0.02432,0.02629,0.05209,0.06262,0.22169,0.14697,0.03405,0.01817
0.00589,0.00697,0.01025,0.29806,0.00972,0.13290,0.01075,0.00490,0.00674,0.00914,0.00553,0.30093,0.01283,0.01927,0.00725,0.04173,0.07635,0.00932,0.01125,0.02023
0.01054,0.01232,0.00864,0.12848,0.00783,0.33904,0.00814,0.00663,0.01190,0.00856,0.02236,0.02861,0.01594,0.05577,0.17176,0.02238,0.04734,0.02392,0.06078,0.00905
0.03232,0.01885,0.02070,0.07462,0.02623,0.05742,0.01441,0.01835,0.01215,0.01921,0.07203,0.03103,0.01298,0.02702,0.03133,0.07627,0.12232,0.20841,0.10740,0.01695
0.02064,0.01414,0.01010,0.05666,0.00694,0.04956,0.01010,0.00985,0.01602,0.00999,0.03271,0.05093,0.01285,0.02082,0.01391,0.10917,0.47752,0.02890,0.03152,0.01767
0.00578,0.00505,0.00378,0.22197,0.00399,0.44059,0.00368,0.00529,0.00486,0.00413,0.00577,0.02279,0.00615,0.01324,0.00962,0.15469,0.05772,0.00695,0.01622,0.00775
0.01142,0.00863,0.01867,0.47628,0.00829,0.13248,0.00633,0.00624,0.01479,0.01258,0.05131,0.02721,0.06326,0.05392,0.01155,0.02671,0.01832,0.02646,0.01841,0.00714
0.00934,0.00978,0.01329,0.14376,0.01109,0.11645,0.01129,0.01186,0.00940,0.00650,0.19708,0.00696,0.00346,0.01958,0.00898,0.21529,0.01421,0.02513,0.15893,0.00764
