0.10646,0.07645,0.11184,0.03143,0.13180,0.10396,0.03280,0.01530,0.06423,0.01684,0.07816,0.02287,0.01671,0.02976,0.02768,0.03967,0.01473,0.02822,0.01825,0.03286
0.06444,0.02815,0.10596,0.04952,0.03964,0.12370,0.03446,0.02496,0.02496,0.03773,0.05054,0.02764,0.05400,0.08160,0.09049,0.04018,0.04448,0.03001,0.01156,0.03598
0.06162,0.08639,0.08506,0.12665,0.05098,0.01374,0.05130,0.02537,0.01843,0.02810,0.05303,0.17547,0.02745,0.04392,0.01332,0.04113,0.02078,0.02769,0.02685,0.02272
0.01720,0.04396,0.04244,0.04468,0.04069,0.05056,0.08053,0.01350,0.24171,0.03107,0.10447,0.03162,0.05855,0.07274,0.01017,0.02668,0.01123,0.01677,0.03208,0.02936
0.06591,0.13437,0.04528,0.03740,0.03349,0.03286,0.06268,0.01581,0.03270,0.02285,0.14205,0.01943,0.08635,0.10650,0.01625,0.04153,0.02065,0.04221,0.01624,0.02543
0.03045,0.01133,0.13985,0.12370,0.03037,0.01566,0.10368,0.08875,0.02995,0.02571,0.09614,0.06651,0.02194,0.02660,0.04954,0.01581,0.01447,0.03062,0.02560,0.05333
0.04221,0.06853,0.04650,0.02492,0.02866,0.07655,0.03443,0.01518,0.03778,0.25741,0.10232,0.02079,0.05061,0.02641,0.01266,0.02768,0.02841,0.02432,0.02221,0.05243
0.04422,0.05685,0.05610,0.08733,0.25566,0.04110,0.01826,0.01279,0.05694,0.01586,0.02692,0.06499,0.01784,0.03562,0.03191,0.05774,0.01445,0.01447,0.03874,0.05221
0.03927,0.15397,0.08467,0.03552,0.05530,0.03672,0.12750,0.03363,0.06253,0.02197,0.14768,0.02626,0.02022,0.01787,0.01110,0.02039,0.01229,0.02516,0.03192,0.03604
0.04976,0.09069,0.01762,0.02412,0.01753,0.03091,0.28371,0.00714,0.03189,0.01553,0.23877,0.01644,0.03432,0.03641,0.00823,0.01692,0.01099,0.01411,0.03657,0.01832
0.03010,0.01075,0.03342,0.01945,0.02194,0.00876,0.09516,0.52331,0.01508,0.02998,0.05167,0.01882,0.01871,0.01078,0.03057,0.01511,0.00979,0.01970,0.01688,0.02003
0.01107,0.01749,0.11543,0.09515,0.13145,0.03490,0.04491,0.02048,0.18662,0.02141,0.05528,0.04451,0.06408,0.06370,0.01083,0.02495,0.00843,0.00824,0.01569,0.02539
0.02881,0.02513,0.06855,0.07320,0.39911,0.02757,0.02770,0.01375,0.04380,0.02772,0.02011,0.07844,0.02041,0.02151,0.01876,0.01477,0.01766,0.01519,0.01940,0.03841
0.01485,0.03200,0.15535,0.01882,0.23440,0.04998,0.14174,0.01250,0.03462,0.01666,0.08359,0.01734,0.03215,0.06561,0.01155,0.02224,0.00748,0.01713,0.01171,0.02029
0.01163,0.01608,0.11555,0.08117,0.24454,0.03169,0.07003,0.02940,0.09680,0.02761,0.02363,0.07895,0.01973,0.02119,0.01163,0.01636,0.01027,0.01699,0.03403,0.04272
0.04525,0.12748,0.04263,0.02885,0.05669,0.03894,0.03031,0.05279,0.03086,0.10700,0.01487,0.08073,0.04535,0.01592,0.02362,0.05106,0.03831,0.12319,0.01682,0.02931
0.06204,0.03089,0.09042,0.01141,0.06348,0.13589,0.16509,0.01475,0.03229,0.01207,0.10447,0.01039,0.01389,0.01928,0.12960,0.01551,0.00903,0.03554,0.01204,0.03194
0.09052,0.02170,0.11701,0.02425,0.08426,0.02327,0.04370,0.02681,0.03501,0.06692,0.05396,0.02702,0.02740,0.02293,0.15144,0.02491,0.02566,0.04100,0.01939,0.07285
0.03691,0.12148,0.04251,0.08484,0.04043,0.01658,0.08664,0.06374,0.02363,0.06849,0.04160,0.11896,0.05528,0.02798,0.01144,0.03281,0.01370,0.02494,0.05415,0.03389
0.07650,0.05314,0.03968,0.03135,0.03073,0.02758,0.14997,0.02319,0.02008,0.03676,0.10287,0.02497,0.09015,0.08298,0.02680,0.03014,0.07330,0.03302,0.01972,0.02707
0.02407,0.01654,0.04453,0.18879,0.03829,0.07167,0.02319,0.02187,0.20732,0.02845,0.04168,0.07331,0.02724,0.02116,0.02917,0.03096,0.04088,0.00926,0.02544,0.03617
0.02255,0.07500,0.08640,0.13644,0.39033,0.03134,0.02076,0.01321,0.02332,0.01262,0.01233,0.06015,0.01999,0.02312,0.00897,0.02240,0.00953,0.00941,0.00767,0.01447
0.01975,0.01598,0.10925,0.10897,0.13149,0.02569,0.02313,0.01389,0.09660,0.03418,0.10641,0.07860,0.03212,0.04689,0.01572,0.02690,0.01688,0.01289,0.02831,0.05634
0.24424,0.03836,0.01719,0.02974,0.01734,0.02632,0.01581,0.00897,0.01890,0.03243,0.01134,0.01615,0.13277,0.01936,0.24033,0.01197,0.08245,0.01195,0.00769,0.01669
0.01545,0.02010,0.06882,0.39166,0.03019,0.01072,0.02258,0.05066,0.00942,0.03179,0.01124,0.24760,0.01424,0.01174,0.01089,0.01225,0.00733,0.01607,0.00647,0.01078
0.05666,0.04698,0.04294,0.03434,0.37044,0.04609,0.02717,0.01353,0.06763,0.00959,0.01577,0.02666,0.01695,0.04149,0.03924,0.02889,0.00982,0.03286,0.02707,0.04590
0.12568,0.03867,0.07644,0.01288,0.04993,0.09592,0.04191,0.01213,0.03272,0.01283,0.04148,0.01116,0.01330,0.01576,0.28985,0.01372,0.01538,0.05925,0.00893,0.03205
0.26102,0.01969,0.01762,0.01851,0.01324,0.01134,0.02285,0.01199,0.00711,0.01731,0.05152,0.01068,0.06743,0.02524,0.24845,0.05253,0.10142,0.02628,0.00517,0.01061
0.08375,0.08919,0.11094,0.02583,0.14814,0.02372,0.06820,0.03599,0.01883,0.02259,0.05906,0.01960,0.04168,0.05256,0.02122,0.05683,0.02170,0.05968,0.01367,0.02681
0.07097,0.03852,0.07779,0.06556,0.18224,0.02264,0.03543,0.04627,0.06486,0.03127,0.03167,0.04405,0.03992,0.02262,0.02783,0.04114,0.05122,0.02302,0.02690,0.05608
0.08727,0.02546,0.04539,0.02047,0.03762,0.03059,0.06323,0.02287,0.01900,0.03193,0.24393,0.01499,0.04230,0.04213,0.09936,0.05009,0.05655,0.02407,0.01666,0.02610
0.02755,0.07100,0.07089,0.07988,0.23821,0.04360,0.03494,0.03337,0.04767,0.04413,0.02014,0.07245,0.03705,0.02408,0.02104,0.02590,0.02363,0.02121,0.02230,0.04097
0.01582,0.01551,0.33200,0.07272,0.10359,0.01913,0.03957,0.03153,0.09298,0.03005,0.05225,0.06717,0.02147,0.01574,0.01089,0.01451,0.01281,0.01148,0.01423,0.02657
0.01653,0.03557,0.01562,0.01413,0.01545,0.03817,0.01766,0.00658,0.02908,0.38761,0.01224,0.01144,0.32213,0.01115,0.00830,0.01060,0.01825,0.00905,0.00740,0.01304
0.06991,0.22510,0.05378,0.03057,0.05669,0.01661,0.05371,0.02159,0.02940,0.04130,0.10329,0.03112,0.06541,0.03152,0.00930,0.05257,0.03230,0.02427,0.02241,0.02915
0.03491,0.03284,0.17382,0.10190,0.17355,0.03059,0.04034,0.02310,0.08513,0.01136,0.04203,0.06452,0.01928,0.03576,0.01733,0.02446,0.01204,0.01502,0.02707,0.03495
0.03363,0.05890,0.09094,0.05152,0.18774,0.07706,0.06674,0.02285,0.05111,0.04874,0.02815,0.03629,0.05268,0.04749,0.01398,0.02614,0.01883,0.02201,0.02881,0.03639
0.01065,0.01075,0.45623,0.03077,0.08411,0.01378,0.01645,0.01223,0.01729,0.16501,0.05388,0.02183,0.02209,0.01241,0.00648,0.02088,0.01614,0.00669,0.00825,0.01410
0.06687,0.30123,0.05555,0.07000,0.04150,0.03840,0.03799,0.02962,0.03618,0.01804,0.05220,0.04286,0.03111,0.03791,0.01476,0.04605,0.02030,0.01598,0.01790,0.02554
0.33682,0.03979,0.07961,0.02045,0.05629,0.03656,0.07947,0.04822,0.01994,0.01966,0.03668,0.01439,0.01155,0.01111,0.07455,0.01334,0.02885,0.02745,0.01501,0.03026
0.02517,0.03848,0.10070,0.06412,0.15991,0.06126,0.03094,0.01683,0.06165,0.04556,0.03009,0.06156,0.05031,0.06719,0.02280,0.03740,0.02851,0.02313,0.02825,0.04615
0.10502,0.13084,0.12167,0.06503,0.14764,0.02766,0.03612,0.02259,0.02547,0.00998,0.02523,0.03734,0.02295,0.06754,0.03170,0.02785,0.01500,0.02161,0.01792,0.04084
0.04091,0.04771,0.03314,0.02822,0.02539,0.01335,0.41297,0.02655,0.01888,0.02828,0.06184,0.02133,0.08473,0.04097,0.01407,0.02151,0.02401,0.01837,0.01937,0.01838
0.02346,0.01274,0.07419,0.01926,0.05807,0.01582,0.03209,0.03425,0.02799,0.01117,0.04959,0.01880,0.01386,0.03022,0.07379,0.03673,0.01905,0.37288,0.02121,0.05484
0.02016,0.01464,0.19049,0.02504,0.42949,0.01551,0.03092,0.02194,0.02502,0.01606,0.02969,0.02336,0.01613,0.01604,0.01855,0.01760,0.01688,0.02105,0.01679,0.03463
0.08120,0.04474,0.05082,0.01806,0.04009,0.05764,0.08503,0.01922,0.02431,0.02639,0.11362,0.01329,0.05279,0.09315,0.03293,0.04192,0.03483,0.10421,0.01997,0.04578
0.02067,0.05631,0.10720,0.03421,0.18986,0.10898,0.06354,0.01765,0.13255,0.03156,0.04867,0.02416,0.02698,0.02741,0.01122,0.01646,0.01183,0.01064,0.02051,0.03959
0.03527,0.06860,0.01695,0.02252,0.02627,0.07697,0.22071,0.00910,0.05712,0.01098,0.19496,0.01957,0.03326,0.04076,0.01039,0.03419,0.01450,0.01185,0.07157,0.02445
0.01597,0.02111,0.08750,0.05100,0.03332,0.02850,0.14728,0.05110,0.04919,0.02224,0.10764,0.04598,0.05380,0.10713,0.00799,0.06408,0.01319,0.02538,0.02457,0.04301
0.02384,0.06751,0.05056,0.11753,0.11198,0.06549,0.02367,0.01274,0.16270,0.01814,0.02758,0.05233,0.03508,0.07120,0.01110,0.05727,0.01712,0.02134,0.02163,0.03118
0.02908,0.11643,0.03668,0.02875,0.03058,0.06143,0.06163,0.01875,0.02506,0.04349,0.04766,0.02074,0.26672,0.07853,0.01604,0.03430,0.02036,0.02244,0.01818,0.02314
0.06361,0.04505,0.20475,0.04701,0.09013,0.03942,0.03667,0.02501,0.01923,0.08723,0.07328,0.02958,0.04543,0.04120,0.02435,0.02831,0.02632,0.02167,0.01441,0.03733
0.07552,0.30685,0.02228,0.01406,0.02175,0.06076,0.01989,0.00657,0.02042,0.09743,0.03133,0.01483,0.15140,0.02491,0.02341,0.01783,0.04355,0.01776,0.00908,0.02037
0.01842,0.01867,0.07083,0.05979,0.49799,0.02102,0.02032,0.01364,0.02439,0.01874,0.01273,0.06490,0.03355,0.02689,0.01714,0.01926,0.01073,0.02041,0.00873,0.02187
0.09926,0.02806,0.01689,0.01446,0.01308,0.02573,0.02156,0.00730,0.01515,0.12204,0.12082,0.01031,0.15617,0.02235,0.01985,0.01642,0.23906,0.01774,0.00995,0.02378
0.03854,0.02968,0.17221,0.30753,0.05873,0.01916,0.03275,0.02116,0.05759,0.01660,0.05207,0.07869,0.01387,0.01312,0.01241,0.01297,0.01523,0.00817,0.01310,0.02644
0.01240,0.01001,0.01317,0.03489,0.01116,0.01541,0.01402,0.00772,0.03207,0.03617,0.01133,0.01255,0.70483,0.00914,0.02104,0.00892,0.01303,0.00989,0.00901,0.01323
0.09712,0.05752,0.04853,0.02979,0.03582,0.04243,0.12448,0.01974,0.03142,0.01055,0.08476,0.01841,0.03370,0.18831,0.03256,0.06171,0.02053,0.02533,0.01804,0.01923
0.03578,0.01387,0.08966,0.02483,0.04024,0.01773,0.03957,0.03254,0.03328,0.01629,0.03778,0.02382,0.01491,0.01449,0.47103,0.01246,0.01455,0.02916,0.00900,0.02900
0.20104,0.02050,0.05958,0.05361,0.03078,0.02446,0.01450,0.01411,0.02932,0.07556,0.03648,0.03283,0.02597,0.01513,0.08519,0.01761,0.19854,0.01972,0.00952,0.03558
0.05189,0.05272,0.08667,0.03533,0.28940,0.02684,0.05179,0.02863,0.02218,0.03205,0.01589,0.02695,0.07775,0.04311,0.03000,0.02733,0.01641,0.04464,0.01133,0.02909
0.06037,0.12750,0.03652,0.03814,0.07690,0.09302,0.02542,0.01235,0.29880,0.01576,0.02545,0.02567,0.01792,0.02027,0.01334,0.02268,0.01324,0.01333,0.02465,0.03868
0.04512,0.06212,0.03880,0.02446,0.02739,0.08134,0.10110,0.01989,0.02712,0.01879,0.34208,0.02016,0.03907,0.03867,0.01861,0.03486,0.01782,0.01353,0.01122,0.01784
0.01969,0.01832,0.11667,0.03438,0.12588,0.02370,0.07702,0.05746,0.04371,0.07070,0.05965,0.04927,0.04778,0.02848,0.02741,0.03353,0.02719,0.03926,0.04334,0.05655
0.06505,0.13709,0.06044,0.05524,0.23743,0.06110,0.02348,0.02689,0.06309,0.01983,0.01523,0.04325,0.02675,0.01922,0.02087,0.01938,0.03189,0.02165,0.01636,0.03576
0.05420,0.02827,0.02928,0.01821,0.02214,0.05543,0.04926,0.01261,0.03512,0.20015,0.08969,0.01345,0.19574,0.02853,0.06028,0.01525,0.03550,0.02462,0.01085,0.02143
0.04001,0.04408,0.08995,0.02687,0.04677,0.04547,0.07168,0.06707,0.02780,0.07849,0.11987,0.02611,0.08576,0.03828,0.02525,0.02743,0.03337,0.03211,0.01775,0.05587
0.08381,0.03527,0.05245,0.04091,0.04912,0.03143,0.02881,0.01727,0.03518,0.01422,0.01715,0.05548,0.01549,0.01749,0.31967,0.01469,0.02026,0.09082,0.01921,0.04128
0.03021,0.03792,0.04380,0.06377,0.04587,0.02522,0.04973,0.02423,0.02626,0.02814,0.03602,0.05988,0.12207,0.15964,0.02232,0.05459,0.02937,0.05506,0.04497,0.04092
0.02308,0.03158,0.08502,0.05916,0.06456,0.05757,0.04160,0.02041,0.32664,0.02881,0.09056,0.02965,0.02269,0.01780,0.01082,0.01631,0.01795,0.00957,0.01613,0.03010
0.03369,0.05436,0.07830,0.06144,0.07160,0.05225,0.07290,0.01805,0.11147,0.03301,0.09110,0.05048,0.03208,0.03170,0.01405,0.01971,0.02282,0.01619,0.05518,0.07964
0.03594,0.05624,0.07712,0.03757,0.08486,0.05047,0.07076,0.02539,0.05657,0.03266,0.15252,0.02383,0.05358,0.05266,0.01054,0.04084,0.04081,0.01898,0.03012,0.04856
0.06872,0.04143,0.05589,0.09477,0.26916,0.03985,0.02536,0.01750,0.02675,0.01826,0.02184,0.03446,0.03894,0.05455,0.05308,0.04876,0.02401,0.01473,0.01682,0.03513
0.03056,0.01975,0.04221,0.15137,0.03759,0.02132,0.01934,0.03480,0.02420,0.02825,0.01351,0.43041,0.01139,0.00984,0.01915,0.01406,0.02479,0.01587,0.01500,0.03656
0.01403,0.01060,0.11887,0.20877,0.10720,0.02824,0.03311,0.02032,0.06139,0.03663,0.02385,0.14199,0.03651,0.03214,0.02228,0.01752,0.01393,0.01541,0.01983,0.03738
0.02278,0.02431,0.29664,0.06653,0.16728,0.02297,0.03407,0.02398,0.03700,0.02133,0.06516,0.03837,0.02086,0.02680,0.01755,0.02762,0.01393,0.01421,0.02422,0.03439
0.02167,0.09723,0.18886,0.08843,0.29740,0.03289,0.03003,0.02120,0.02481,0.01103,0.02130,0.04809,0.01657,0.02062,0.00834,0.02005,0.00979,0.00954,0.01328,0.01888
0.04112,0.07337,0.05176,0.05724,0.10965,0.16517,0.02745,0.04171,0.09891,0.01950,0.02043,0.07357,0.03995,0.01841,0.03086,0.04516,0.03040,0.01753,0.00981,0.02802
0.03184,0.07964,0.06728,0.07135,0.06049,0.07181,0.04230,0.02045,0.04966,0.02758,0.06343,0.04438,0.04079,0.11992,0.01377,0.05255,0.02505,0.03948,0.03163,0.04663
0.02813,0.12535,0.04150,0.02677,0.05159,0.07030,0.07946,0.01969,0.04446,0.05249,0.06611,0.03113,0.10253,0.07317,0.01346,0.03958,0.02439,0.04960,0.02883,0.03145
0.02830,0.01758,0.16169,0.08597,0.05086,0.02170,0.11523,0.14109,0.05165,0.02564,0.05001,0.05586,0.02099,0.01964,0.02481,0.02038,0.02380,0.03010,0.01950,0.03522
0.03866,0.06989,0.11010,0.03389,0.13252,0.06647,0.07597,0.02091,0.10855,0.01562,0.12263,0.02082,0.02845,0.02851,0.01504,0.02099,0.01527,0.01371,0.02280,0.03920
0.02195,0.01836,0.02755,0.01787,0.01838,0.01948,0.03926,0.00824,0.01904,0.11942,0.14243,0.01279,0.42948,0.02753,0.01156,0.01216,0.01661,0.01058,0.01177,0.01553
0.01999,0.08290,0.03633,0.02045,0.26920,0.03847,0.06689,0.00910,0.10033,0.00944,0.12432,0.01506,0.01713,0.03730,0.00667,0.02928,0.00838,0.01220,0.06318,0.03337
0.02011,0.02605,0.05822,0.12722,0.03245,0.07623,0.03268,0.01513,0.06952,0.02872,0.09958,0.03301,0.08584,0.13573,0.01260,0.07946,0.01784,0.01849,0.01314,0.01796
0.01802,0.02004,0.21006,0.05355,0.14712,0.01847,0.05129,0.03099,0.04948,0.02770,0.17594,0.03722,0.03167,0.02607,0.00994,0.01931,0.01303,0.01070,0.01992,0.02947
0.00986,0.00911,0.37691,0.01737,0.10373,0.01712,0.07316,0.01928,0.02975,0.08976,0.08796,0.01326,0.05048,0.02300,0.00931,0.01544,0.00745,0.01016,0.01102,0.02589
0.02435,0.01979,0.20976,0.17257,0.07857,0.02157,0.03937,0.03197,0.05528,0.02324,0.06883,0.08690,0.02966,0.02521,0.01479,0.02555,0.01777,0.01434,0.01937,0.02112
0.03454,0.06999,0.08352,0.13593,0.06882,0.03669,0.09507,0.04385,0.06572,0.01867,0.06516,0.07221,0.03029,0.02674,0.01123,0.05012,0.01873,0.01125,0.03487,0.02662
0.02614,0.15636,0.07439,0.02693,0.04758,0.09792,0.03840,0.01961,0.02924,0.09839,0.04504,0.03985,0.03352,0.02917,0.01198,0.06491,0.02447,0.09100,0.01238,0.03272
0.04966,0.01919,0.13877,0.04401,0.21767,0.02962,0.02601,0.01361,0.03695,0.02696,0.03640,0.02512,0.03350,0.07245,0.10577,0.02966,0.01192,0.02644,0.01824,0.03804
0.02227,0.03358,0.30990,0.05201,0.04600,0.02118,0.11555,0.09804,0.03677,0.02415,0.07344,0.03391,0.01845,0.01793,0.01032,0.01542,0.01154,0.01711,0.01576,0.02668
0.08903,0.02035,0.08243,0.03152,0.02658,0.02855,0.05837,0.04108,0.03431,0.02277,0.11949,0.02448,0.02361,0.01632,0.24627,0.01989,0.04351,0.03155,0.01091,0.02900
0.01959,0.01949,0.17163,0.06948,0.05122,0.02662,0.04429,0.03454,0.02239,0.09731,0.19186,0.03992,0.04857,0.03571,0.01563,0.03445,0.01827,0.01837,0.01246,0.02817
0.04305,0.04409,0.08820,0.20821,0.03164,0.04682,0.02146,0.04631,0.04365,0.10054,0.02509,0.10748,0.01509,0.00957,0.01336,0.02014,0.07022,0.01945,0.00929,0.03635
0.03943,0.18073,0.04158,0.01191,0.03399,0.03128,0.06927,0.02080,0.01465,0.15486,0.04077,0.01192,0.17044,0.02049,0.01780,0.02816,0.02767,0.05773,0.00910,0.01741
0.03102,0.01614,0.09635,0.11307,0.08922,0.05851,0.04697,0.03825,0.07093,0.02115,0.02713,0.04600,0.09831,0.05158,0.04954,0.05693,0.02568,0.01554,0.01853,0.02916
0.01503,0.03257,0.04836,0.02530,0.08459,0.03792,0.17741,0.01642,0.19619,0.01717,0.15987,0.02036,0.02381,0.01777,0.00567,0.01906,0.01095,0.00927,0.05053,0.03174
0.03349,0.01792,0.06481,0.02023,0.11639,0.02560,0.02358,0.01271,0.02446,0.01870,0.01330,0.02400,0.01561,0.01506,0.48859,0.01112,0.00923,0.02814,0.01033,0.02673
0.02373,0.02025,0.13113,0.02646,0.15718,0.07223,0.06316,0.03151,0.07787,0.02240,0.06962,0.01712,0.03471,0.05351,0.02409,0.05005,0.03148,0.02811,0.02492,0.04045
