0.06460,0.07128,0.20489,0.03814,0.13287,0.04414,0.03708,0.05055,0.03336,0.07645,0.05320,0.02232,0.02378,0.01841,0.01743,0.02288,0.01683,0.02991,0.01696,0.02491
0.03154,0.03270,0.21199,0.04508,0.11187,0.06507,0.06942,0.04873,0.03231,0.06976,0.07811,0.02728,0.02175,0.02470,0.01792,0.01994,0.02114,0.02850,0.01477,0.02741
0.03378,0.03564,0.19388,0.04541,0.12914,0.04063,0.03103,0.04075,0.03582,0.05964,0.06274,0.04176,0.04099,0.04443,0.05044,0.02140,0.02264,0.02436,0.01699,0.02854
0.17423,0.03136,0.04348,0.03471,0.01832,0.04140,0.10471,0.02730,0.07569,0.02052,0.08074,0.02495,0.02354,0.02364,0.15535,0.01955,0.02305,0.02283,0.02086,0.03378
0.20184,0.05388,0.04944,0.03674,0.04705,0.02858,0.04146,0.02082,0.02921,0.02643,0.02515,0.02626,0.03611,0.01629,0.17728,0.04394,0.03432,0.02709,0.03814,0.03994
0.02670,0.03075,0.19003,0.04215,0.04264,0.04365,0.09576,0.05039,0.03531,0.08906,0.12234,0.03012,0.02886,0.01895,0.02024,0.02459,0.01205,0.04563,0.01857,0.03223
0.02959,0.09298,0.08377,0.06839,0.06879,0.06272,0.01900,0.01899,0.03273,0.06700,0.02020,0.06159,0.13387,0.08051,0.01420,0.02901,0.02541,0.04759,0.01877,0.02490
0.01511,0.03112,0.21586,0.15440,0.20049,0.02484,0.02063,0.01531,0.03906,0.01142,0.01546,0.14060,0.01393,0.01577,0.01586,0.01470,0.01035,0.01069,0.01380,0.02061
0.11921,0.08969,0.06689,0.05229,0.04659,0.07189,0.03288,0.06305,0.02421,0.07890,0.06058,0.02340,0.02998,0.01249,0.02617,0.01707,0.12643,0.02105,0.01563,0.02159
0.10520,0.02135,0.11417,0.03086,0.06631,0.01663,0.06855,0.03594,0.02326,0.03723,0.03181,0.03095,0.03102,0.02699,0.19100,0.03279,0.01493,0.07548,0.01872,0.02684
0.02050,0.03450,0.17383,0.09016,0.16823,0.05901,0.03302,0.03346,0.05962,0.02288,0.05151,0.08926,0.02846,0.01966,0.01279,0.04303,0.01426,0.01020,0.01526,0.02036
0.08605,0.05613,0.06654,0.07551,0.06279,0.04700,0.05364,0.03085,0.08385,0.03764,0.07863,0.07464,0.02413,0.02230,0.03353,0.03185,0.02089,0.02379,0.04534,0.04489
0.05538,0.06556,0.09244,0.05249,0.06609,0.02871,0.13723,0.02935,0.06239,0.03152,0.07737,0.03572,0.04648,0.06254,0.01704,0.02542,0.02277,0.01329,0.03243,0.04577
0.04046,0.05874,0.05093,0.02849,0.05203,0.02548,0.18495,0.18334,0.01688,0.02520,0.01941,0.02303,0.02708,0.03367,0.01831,0.02156,0.06172,0.09177,0.01456,0.02239
0.01960,0.02034,0.26001,0.06107,0.03856,0.02484,0.02381,0.03808,0.03666,0.06029,0.23350,0.02002,0.01604,0.02161,0.01425,0.02106,0.01425,0.02079,0.02248,0.03271
0.28576,0.02294,0.04058,0.02383,0.02700,0.03283,0.04547,0.01706,0.03897,0.01536,0.04654,0.01644,0.01871,0.01370,0.25089,0.00953,0.04266,0.02217,0.01199,0.01757
0.18414,0.01240,0.09698,0.03610,0.04259,0.01091,0.01989,0.01822,0.01967,0.06338,0.05520,0.02020,0.02706,0.01811,0.22148,0.01211,0.02125,0.07510,0.01414,0.03104
0.13459,0.02243,0.13004,0.04419,0.03282,0.02911,0.02787,0.01751,0.02130,0.08392,0.08844,0.02040,0.03903,0.03256,0.16189,0.02276,0.02396,0.03500,0.01280,0.01938
0.01977,0.02314,0.12803,0.04490,0.04723,0.02865,0.15213,0.08766,0.04176,0.05223,0.11085,0.04094,0.02703,0.04535,0.01094,0.02561,0.02322,0.02498,0.02376,0.04181
0.04590,0.09764,0.05574,0.06131,0.04071,0.09200,0.08471,0.05346,0.05127,0.04074,0.05584,0.05186,0.03947,0.03765,0.02023,0.02984,0.03201,0.04601,0.03597,0.02764
0.01712,0.02987,0.05855,0.02515,0.03944,0.03253,0.28076,0.01236,0.07213,0.02448,0.24280,0.01981,0.02200,0.03647,0.00986,0.02717,0.01024,0.00901,0.01084,0.01940
0.06317,0.07580,0.20529,0.03822,0.09831,0.04603,0.05641,0.02989,0.02410,0.10755,0.08575,0.02775,0.02137,0.01699,0.01066,0.01688,0.01646,0.02072,0.01276,0.02588
0.06416,0.18450,0.06601,0.03495,0.06780,0.14175,0.03751,0.02926,0.03300,0.07075,0.02560,0.02568,0.06270,0.02659,0.01850,0.02659,0.03584,0.01541,0.01562,0.01778
0.03615,0.03636,0.10840,0.15007,0.13333,0.01929,0.02484,0.01746,0.06997,0.01622,0.02161,0.17908,0.01911,0.01982,0.01107,0.01781,0.01311,0.02251,0.03588,0.04791
0.01375,0.02172,0.05582,0.15790,0.03986,0.02845,0.19002,0.01186,0.08802,0.01600,0.08957,0.04360,0.01855,0.06540,0.00813,0.02426,0.01011,0.00959,0.07421,0.03318
0.18576,0.02803,0.06304,0.01978,0.06292,0.02056,0.03675,0.01636,0.02097,0.03143,0.02208,0.03023,0.02814,0.01408,0.26939,0.01198,0.01097,0.06918,0.01615,0.04220
0.02503,0.02707,0.18930,0.03794,0.07203,0.02053,0.08263,0.02296,0.07046,0.08642,0.12603,0.02219,0.01579,0.02095,0.01104,0.03053,0.00931,0.01416,0.04688,0.06873
0.14095,0.13177,0.08864,0.04457,0.07653,0.03521,0.04410,0.04816,0.02834,0.03222,0.04313,0.03850,0.04460,0.02766,0.03069,0.02713,0.02710,0.04976,0.01233,0.02861
0.01910,0.02606,0.14294,0.02458,0.06593,0.03492,0.13617,0.03650,0.05180,0.07648,0.12571,0.02757,0.04167,0.04220,0.01397,0.02825,0.01875,0.03173,0.01759,0.03808
0.02452,0.04935,0.16111,0.06444,0.13423,0.03794,0.05294,0.04593,0.06299,0.03574,0.05586,0.03079,0.05053,0.02424,0.01122,0.03872,0.03711,0.02979,0.02082,0.03172
0.02609,0.03813,0.27595,0.05207,0.24752,0.02356,0.02222,0.02166,0.04319,0.03499,0.04634,0.04072,0.01548,0.02132,0.00907,0.02043,0.01307,0.01144,0.01279,0.02394
0.24159,0.04087,0.02928,0.02557,0.03329,0.02048,0.07512,0.03122,0.01620,0.01219,0.03046,0.02875,0.02453,0.01649,0.15608,0.02001,0.11183,0.05112,0.01727,0.01769
0.05184,0.03165,0.04402,0.08236,0.03015,0.03730,0.09921,0.02480,0.09003,0.04077,0.11761,0.04677,0.09343,0.06333,0.02688,0.02195,0.05159,0.00875,0.01429,0.02327
0.06089,0.13921,0.04839,0.02849,0.03685,0.10231,0.03563,0.01995,0.02211,0.12335,0.03574,0.02544,0.13417,0.04210,0.01912,0.01997,0.03043,0.01959,0.02071,0.03556
0.21601,0.04306,0.04100,0.03692,0.03639,0.04011,0.03594,0.03277,0.04023,0.02149,0.05074,0.02606,0.02815,0.02172,0.18159,0.02271,0.05388,0.01949,0.02608,0.02566
0.04922,0.04446,0.04128,0.02701,0.01999,0.04318,0.13799,0.01240,0.02221,0.15626,0.12371,0.01107,0.19441,0.03462,0.01289,0.01344,0.01592,0.01268,0.00990,0.01738
0.02311,0.03281,0.26182,0.03069,0.20916,0.02118,0.05605,0.02859,0.02785,0.02701,0.05096,0.01828,0.02514,0.03180,0.01072,0.03417,0.01971,0.02050,0.02794,0.04251
0.05450,0.05227,0.16495,0.05276,0.06166,0.02493,0.04446,0.03906,0.02684,0.12010,0.08859,0.04584,0.01658,0.02477,0.02500,0.04020,0.03989,0.02278,0.01666,0.03818
0.02782,0.03020,0.18281,0.02963,0.17320,0.04912,0.07734,0.03599,0.03103,0.05037,0.10931,0.02239,0.02616,0.02492,0.01394,0.02411,0.02117,0.03180,0.01540,0.02330
0.02575,0.02912,0.20203,0.06759,0.14477,0.01858,0.08432,0.09200,0.04782,0.05559,0.04604,0.05872,0.01900,0.01346,0.01347,0.01363,0.00568,0.01926,0.01615,0.02701
0.17972,0.22608,0.07823,0.02412,0.02052,0.03106,0.04681,0.02548,0.02027,0.03575,0.07053,0.04736,0.02633,0.01084,0.01800,0.01723,0.03536,0.01245,0.01198,0.06189
0.03682,0.03155,0.05598,0.14244,0.03881,0.02743,0.06508,0.03023,0.07646,0.03708,0.04114,0.05719,0.09180,0.10531,0.02707,0.04673,0.03410,0.01740,0.01202,0.02536
0.03999,0.04976,0.20073,0.06843,0.08290,0.02776,0.03140,0.02719,0.04110,0.06413,0.12975,0.04919,0.03180,0.02608,0.02483,0.02544,0.02007,0.02489,0.01307,0.02149
0.02454,0.03939,0.24900,0.04421,0.19358,0.02600,0.04526,0.05397,0.03314,0.05503,0.03203,0.03991,0.02485,0.01875,0.01639,0.02647,0.01439,0.02242,0.01819,0.02248
0.10216,0.07875,0.03084,0.02007,0.03055,0.02905,0.24181,0.02549,0.01831,0.01422,0.20370,0.01619,0.02058,0.02860,0.01305,0.01677,0.04163,0.03414,0.01505,0.01903
0.11668,0.15801,0.09550,0.04397,0.07860,0.03861,0.04033,0.02092,0.10249,0.02863,0.03235,0.03491,0.02343,0.01466,0.01297,0.02810,0.01702,0.01543,0.03507,0.06232
0.19114,0.19257,0.01825,0.04842,0.02152,0.01564,0.07381,0.03061,0.03186,0.02402,0.03944,0.02389,0.05818,0.03856,0.01667,0.04374,0.01328,0.08388,0.01521,0.01930
0.02204,0.01630,0.04042,0.04907,0.02137,0.02263,0.05940,0.05189,0.01646,0.02908,0.03481,0.02656,0.03253,0.14375,0.12732,0.13461,0.02193,0.08224,0.01940,0.04819
0.02139,0.03722,0.15467,0.04259,0.08438,0.04151,0.09335,0.05419,0.04049,0.03510,0.18684,0.03101,0.02852,0.02631,0.01897,0.03558,0.01882,0.01539,0.01008,0.02361
0.13117,0.17543,0.10471,0.04531,0.08131,0.02221,0.05050,0.03879,0.03147,0.05673,0.03781,0.04426,0.01751,0.01792,0.01166,0.01924,0.01509,0.02126,0.02132,0.05627
0.14701,0.12997,0.09125,0.03965,0.09088,0.04059,0.06796,0.02824,0.05252,0.04148,0.05113,0.02583,0.03232,0.02749,0.01898,0.02249,0.02650,0.02144,0.01595,0.02833
0.06583,0.05678,0.06268,0.11605,0.04468,0.04159,0.04090,0.01619,0.05062,0.03072,0.05405,0.05691,0.05651,0.11147,0.03478,0.03374,0.04712,0.01925,0.03103,0.02910
0.02473,0.01888,0.13111,0.06750,0.08509,0.02068,0.06852,0.02095,0.08267,0.07968,0.09916,0.03507,0.03662,0.03309,0.02438,0.02759,0.01821,0.01363,0.05435,0.05807
0.12333,0.03393,0.11441,0.03331,0.05485,0.02659,0.07929,0.02043,0.02709,0.06557,0.07846,0.02356,0.03167,0.02933,0.12081,0.01747,0.01453,0.04504,0.01647,0.04384
0.03436,0.02990,0.11589,0.03730,0.06648,0.05806,0.15764,0.04165,0.04051,0.05550,0.17460,0.04325,0.02114,0.02235,0.01674,0.02296,0.01430,0.01510,0.01144,0.02081
0.05146,0.05373,0.18960,0.05385,0.04391,0.02691,0.07797,0.05163,0.03843,0.09198,0.12169,0.02200,0.03118,0.02594,0.01226,0.01821,0.01756,0.01569,0.02459,0.03140
0.03706,0.02537,0.20295,0.04411,0.06745,0.03356,0.05972,0.05972,0.04640,0.10229,0.08009,0.05656,0.02295,0.02107,0.03005,0.02038,0.02095,0.02318,0.01564,0.03049
0.02326,0.01606,0.18780,0.02917,0.09839,0.03240,0.09789,0.03586,0.03757,0.08945,0.15002,0.02108,0.01204,0.02907,0.01687,0.01543,0.01136,0.02569,0.02233,0.04825
0.07575,0.06773,0.08050,0.09371,0.06090,0.02248,0.01872,0.03971,0.05047,0.07178,0.04824,0.07935,0.04644,0.01794,0.02287,0.03146,0.04645,0.02006,0.05493,0.05052
0.02708,0.02306,0.15148,0.03064,0.04940,0.01780,0.07141,0.05427,0.01912,0.13101,0.07762,0.02335,0.13698,0.02677,0.02874,0.02041,0.01367,0.04794,0.02202,0.02724
0.04725,0.16256,0.04757,0.03098,0.05282,0.08355,0.02298,0.03080,0.01677,0.02135,0.03157,0.03042,0.03757,0.10704,0.04130,0.02518,0.04182,0.09959,0.02395,0.04494
0.02141,0.02665,0.07291,0.06205,0.04430,0.03674,0.18330,0.09683,0.03984,0.03493,0.09177,0.04230,0.04897,0.05056,0.02831,0.02176,0.02057,0.02345,0.02329,0.03007
0.04593,0.04545,0.04718,0.04620,0.04330,0.03511,0.20890,0.02161,0.12315,0.01551,0.14261,0.01924,0.01351,0.05081,0.01836,0.02422,0.01189,0.01006,0.04138,0.03558
0.11371,0.10079,0.07545,0.06087,0.05751,0.02765,0.06401,0.02601,0.04390,0.03442,0.08664,0.03715,0.04512,0.03980,0.02769,0.03041,0.03362,0.02945,0.02693,0.03887
0.09977,0.08913,0.08067,0.03271,0.07397,0.05075,0.06388,0.09598,0.02970,0.05473,0.07452,0.05263,0.01845,0.01984,0.01605,0.03584,0.03649,0.02324,0.02226,0.02942
0.06657,0.06510,0.10809,0.09616,0.05508,0.02383,0.03937,0.03366,0.04496,0.05768,0.11758,0.05545,0.04085,0.03519,0.03207,0.02847,0.01624,0.02536,0.01846,0.03982
0.08792,0.04748,0.10545,0.07325,0.07299,0.03631,0.06049,0.03343,0.04053,0.02848,0.09549,0.04330,0.03516,0.05595,0.03116,0.02649,0.03531,0.02131,0.02718,0.04233
0.08151,0.08375,0.15514,0.03470,0.14637,0.06914,0.06389,0.02421,0.04832,0.01530,0.04092,0.02824,0.02793,0.02386,0.03181,0.01947,0.02163,0.02559,0.02154,0.03668
0.02502,0.02343,0.23873,0.02879,0.15180,0.02845,0.06545,0.01154,0.03255,0.04629,0.10359,0.01757,0.02282,0.04820,0.01852,0.02597,0.01637,0.05033,0.01773,0.02684
0.04030,0.05671,0.05436,0.02915,0.03497,0.04998,0.20757,0.03505,0.05375,0.01934,0.11877,0.01772,0.03449,0.06487,0.04518,0.02020,0.01446,0.04632,0.02551,0.03131
0.20658,0.05749,0.04370,0.02629,0.03732,0.05141,0.03205,0.03066,0.02976,0.02866,0.04103,0.02102,0.03103,0.02369,0.19684,0.02816,0.04444,0.03764,0.01444,0.01778
0.02954,0.02087,0.08181,0.03004,0.03217,0.03945,0.19419,0.01691,0.13786,0.03559,0.15972,0.01655,0.02324,0.04649,0.03354,0.01872,0.01489,0.01797,0.02104,0.02941
0.19601,0.03932,0.09273,0.02640,0.07807,0.02727,0.03079,0.01921,0.02015,0.02141,0.02512,0.02555,0.02002,0.02831,0.21860,0.02273,0.02063,0.05081,0.01409,0.02277
0.02554,0.01566,0.23644,0.01658,0.20338,0.02384,0.08557,0.02604,0.03840,0.04053,0.06738,0.03654,0.02193,0.02559,0.02123,0.02715,0.01272,0.01738,0.03002,0.02808
0.02636,0.02428,0.15699,0.10235,0.09218,0.02096,0.02939,0.03008,0.05618,0.05526,0.08736,0.04965,0.06560,0.09211,0.01832,0.02740,0.01752,0.01847,0.01433,0.01523
0.02444,0.03469,0.11991,0.02620,0.02235,0.03186,0.15597,0.02010,0.02338,0.05203,0.27946,0.01362,0.03951,0.02373,0.01591,0.01328,0.03091,0.02657,0.01704,0.02902
0.10938,0.12843,0.05405,0.04017,0.03765,0.06839,0.03257,0.02589,0.03378,0.06768,0.04300,0.04461,0.06584,0.03082,0.06977,0.03612,0.02456,0.03444,0.01534,0.03750
0.11898,0.11323,0.07063,0.07288,0.06770,0.03303,0.03120,0.03848,0.05248,0.02436,0.03056,0.09425,0.02900,0.02865,0.02332,0.04071,0.02071,0.02620,0.04023,0.04342
0.15158,0.14081,0.08609,0.02498,0.09113,0.03347,0.05221,0.03883,0.03518,0.02008,0.02752,0.02982,0.04496,0.01925,0.03415,0.02388,0.02381,0.02164,0.05776,0.04284
0.01169,0.02332,0.19303,0.14175,0.14880,0.02525,0.03883,0.01750,0.03503,0.04729,0.05264,0.10035,0.03534,0.02939,0.01356,0.02113,0.01253,0.01419,0.01536,0.02302
0.22241,0.05970,0.04819,0.03998,0.03137,0.04460,0.02196,0.02199,0.02695,0.02998,0.03757,0.02879,0.02638,0.01946,0.04356,0.03148,0.22310,0.01226,0.00792,0.02232
0.18505,0.18003,0.12731,0.05514,0.04691,0.01497,0.03040,0.01345,0.03471,0.05104,0.08254,0.03046,0.03012,0.01977,0.00794,0.01976,0.01001,0.01092,0.00995,0.03953
0.04576,0.03541,0.19927,0.03459,0.04793,0.03024,0.06152,0.03195,0.02632,0.10452,0.15876,0.02503,0.04775,0.02015,0.01654,0.02503,0.02443,0.02782,0.01712,0.01988
0.06659,0.08272,0.11145,0.10374,0.09252,0.02749,0.03902,0.03762,0.09299,0.02443,0.04516,0.08501,0.01810,0.03012,0.01671,0.02453,0.02095,0.01584,0.01930,0.04572
0.04944,0.06420,0.16336,0.07275,0.15045,0.05247,0.03802,0.03190,0.03896,0.03735,0.04007,0.05993,0.02907,0.02819,0.02736,0.02712,0.02217,0.02156,0.01841,0.02722
0.05028,0.03707,0.16741,0.04792,0.04639,0.04304,0.10420,0.03795,0.02509,0.04703,0.21589,0.02123,0.02379,0.01611,0.02535,0.01525,0.03171,0.01180,0.01195,0.02056
0.02307,0.02315,0.10636,0.07612,0.06897,0.11757,0.05982,0.02396,0.17395,0.04757,0.07332,0.05290,0.03239,0.02110,0.01032,0.01877,0.01834,0.01205,0.01518,0.02507
0.02961,0.07753,0.15698,0.03556,0.09323,0.05175,0.02449,0.01363,0.03586,0.05968,0.09009,0.04488,0.04313,0.07896,0.01750,0.03076,0.02057,0.04306,0.02123,0.03150
0.01246,0.02117,0.16703,0.02660,0.10173,0.02264,0.19627,0.19017,0.02786,0.03425,0.03074,0.02569,0.02496,0.01644,0.01224,0.01494,0.01084,0.02962,0.01793,0.01642
0.12164,0.03182,0.04329,0.05541,0.03070,0.06684,0.08087,0.02120,0.17531,0.02639,0.07957,0.02688,0.02231,0.02208,0.08020,0.01624,0.02707,0.01474,0.02673,0.03072
0.07851,0.03213,0.07187,0.02691,0.02894,0.02000,0.16771,0.14996,0.02187,0.04179,0.05990,0.02318,0.03933,0.01794,0.05275,0.01912,0.05298,0.04774,0.02245,0.02492
0.04877,0.05043,0.07736,0.03888,0.04306,0.03378,0.16754,0.03315,0.02822,0.05971,0.13677,0.01897,0.06220,0.03124,0.02384,0.02344,0.03515,0.02829,0.02737,0.03181
0.02117,0.07043,0.21125,0.05232,0.16211,0.05740,0.07790,0.02481,0.03711,0.03195,0.05334,0.02521,0.02145,0.03422,0.01263,0.01883,0.01890,0.01681,0.02384,0.02832
0.02205,0.03259,0.20424,0.04122,0.11896,0.01370,0.07270,0.08522,0.06627,0.04777,0.07079,0.03221,0.03886,0.01785,0.01078,0.01867,0.03262,0.02074,0.01783,0.03493
0.03843,0.05029,0.03486,0.02285,0.01870,0.04268,0.31087,0.01714,0.01557,0.04015,0.29912,0.01706,0.01441,0.01240,0.00666,0.01248,0.01105,0.01338,0.00906,0.01283
0.03352,0.07475,0.12012,0.05584,0.08156,0.05306,0.12851,0.02394,0.06207,0.02837,0.07298,0.03992,0.03333,0.05555,0.01104,0.02726,0.01489,0.02653,0.01874,0.03802
0.13720,0.11632,0.05418,0.02159,0.05596,0.03050,0.08271,0.07520,0.02351,0.04999,0.05688,0.04201,0.05047,0.03534,0.01847,0.02791,0.04927,0.02798,0.01582,0.02870
0.03941,0.03985,0.22788,0.07008,0.21249,0.01629,0.03140,0.02907,0.05186,0.02948,0.02312,0.03950,0.02279,0.02049,0.01598,0.02367,0.01891,0.02802,0.01475,0.04497
0.04356,0.05288,0.18256,0.02678,0.08919,0.04880,0.05943,0.06470,0.03315,0.08043,0.10799,0.01548,0.01817,0.02941,0.01898,0.02124,0.01709,0.02848,0.02423,0.03745
0.02258,0.05026,0.21721,0.02687,0.17850,0.05074,0.04936,0.02524,0.04124,0.05141,0.07068,0.02547,0.02679,0.05607,0.01116,0.01670,0.01017,0.02792,0.01374,0.02789
0.04047,0.04880,0.11071,0.09868,0.04564,0.03665,0.06812,0.03006,0.12163,0.06199,0.12249,0.04092,0.01879,0.02822,0.01644,0.01368,0.01855,0.01207,0.02320,0.04289
0.20847,0.03415,0.05068,0.03715,0.03915,0.03929,0.04007,0.02539,0.02957,0.03480,0.04635,0.02657,0.03678,0.01742,0.10287,0.02534,0.14761,0.02739,0.01066,0.02029
0.03287,0.04517,0.06184,0.02664,0.05618,0.04788,0.02860,0.04236,0.02331,0.12930,0.06575,0.04142,0.15368,0.05599,0.02329,0.03972,0.03362,0.03922,0.01632,0.03683
0.02878,0.03254,0.06356,0.15039,0.06693,0.04595,0.04507,0.01591,0.15071,0.02074,0.02801,0.07483,0.04703,0.06777,0.02109,0.03364,0.01526,0.02974,0.02294,0.03909
0.03943,0.04889,0.12067,0.04871,0.05633,0.05437,0.05453,0.02881,0.07470,0.05972,0.11181,0.02773,0.04526,0.02508,0.01372,0.02947,0.04587,0.02063,0.03894,0.05532
0.20988,0.02855,0.04184,0.03887,0.02022,0.04863,0.01858,0.04076,0.02293,0.05980,0.04811,0.01949,0.02357,0.01500,0.03154,0.02969,0.26427,0.00811,0.00787,0.02230
0.04343,0.02570,0.24943,0.04465,0.20038,0.03411,0.04142,0.02316,0.03048,0.02589,0.04029,0.02492,0.04192,0.04359,0.02127,0.02472,0.01671,0.02451,0.01854,0.02489
0.02899,0.04802,0.10048,0.03197,0.08097,0.02732,0.18561,0.04312,0.03575,0.03090,0.10938,0.02678,0.02479,0.04228,0.00928,0.03540,0.02698,0.02450,0.04375,0.04374
0.19506,0.19169,0.09112,0.02896,0.10348,0.03965,0.04403,0.02289,0.02188,0.02410,0.06646,0.02645,0.03212,0.01973,0.01319,0.02086,0.01086,0.01715,0.00943,0.02088
0.16719,0.04402,0.05744,0.03437,0.05149,0.02674,0.07609,0.05185,0.02555,0.02573,0.04154,0.02073,0.02520,0.02098,0.16816,0.03249,0.02580,0.05282,0.02794,0.02386
0.02208,0.05668,0.08571,0.02656,0.04141,0.08201,0.15072,0.02296,0.06018,0.07333,0.16319,0.01963,0.04814,0.02573,0.01480,0.02391,0.01893,0.02102,0.01333,0.02967
0.10944,0.12407,0.08864,0.05022,0.08448,0.03245,0.06079,0.01547,0.05834,0.02241,0.04718,0.04104,0.02719,0.04332,0.02056,0.02794,0.02330,0.03252,0.03155,0.05908
0.02317,0.02553,0.21478,0.02607,0.01897,0.02394,0.12035,0.02078,0.04889,0.09491,0.21669,0.02207,0.01933,0.02372,0.02644,0.01561,0.01120,0.01093,0.01401,0.02260
0.13267,0.12312,0.06208,0.03489,0.05221,0.02579,0.17068,0.01897,0.01759,0.03411,0.15548,0.02142,0.03278,0.02519,0.01154,0.02479,0.01513,0.01043,0.01381,0.01731
0.26348,0.26349,0.04390,0.03137,0.05106,0.03325,0.05180,0.02015,0.03212,0.01524,0.04602,0.02431,0.02239,0.01731,0.01025,0.01741,0.01035,0.01272,0.01231,0.02109
0.09208,0.10094,0.09351,0.06660,0.07004,0.05256,0.06968,0.04609,0.06741,0.03052,0.05662,0.04318,0.04011,0.02628,0.01946,0.01773,0.04320,0.01378,0.01459,0.03562
0.01245,0.02661,0.29294,0.04359,0.22237,0.04014,0.03046,0.02536,0.06596,0.03553,0.06119,0.02305,0.02592,0.01594,0.00824,0.01570,0.00792,0.01207,0.01371,0.02087
0.06969,0.13695,0.10247,0.03705,0.06879,0.10145,0.03301,0.02754,0.07436,0.03481,0.05879,0.03468,0.02306,0.03308,0.01297,0.04136,0.01923,0.01647,0.02131,0.05292
0.03245,0.03300,0.04864,0.04547,0.04061,0.02497,0.02863,0.01754,0.03324,0.23519,0.04712,0.03358,0.23507,0.02195,0.01477,0.02075,0.02284,0.02544,0.01382,0.02490
0.04478,0.05688,0.05556,0.02833,0.06072,0.14340,0.08877,0.01497,0.19256,0.02401,0.06416,0.02659,0.02859,0.02163,0.02130,0.01954,0.01413,0.03371,0.01536,0.04500
0.01477,0.02152,0.12831,0.04652,0.07772,0.02928,0.12022,0.13917,0.03607,0.07093,0.06259,0.03812,0.04461,0.03948,0.02082,0.02476,0.01435,0.01956,0.02278,0.02841
0.02998,0.02912,0.05345,0.06887,0.02648,0.02406,0.05786,0.01417,0.02017,0.01688,0.05866,0.06802,0.06636,0.15685,0.08614,0.09682,0.05622,0.02716,0.01996,0.02279
0.05490,0.05508,0.08185,0.02529,0.04921,0.06002,0.13065,0.03645,0.03275,0.03118,0.16040,0.03721,0.03352,0.02121,0.01025,0.02501,0.07624,0.02428,0.02223,0.03230
0.03574,0.04051,0.08303,0.02222,0.08414,0.03882,0.09300,0.08538,0.02578,0.08195,0.07477,0.02815,0.04361,0.02459,0.03624,0.03053,0.03555,0.09012,0.02066,0.02521
0.07139,0.11855,0.05028,0.02283,0.06835,0.03929,0.03611,0.01697,0.09054,0.03194,0.02607,0.04222,0.01248,0.01460,0.00958,0.06123,0.01392,0.06690,0.06066,0.14611
0.07944,0.12384,0.06383,0.03265,0.04347,0.07446,0.06612,0.05345,0.05588,0.06402,0.05951,0.01944,0.05011,0.01358,0.01508,0.03323,0.04215,0.03134,0.03951,0.03894
0.05347,0.12602,0.09951,0.03885,0.06422,0.09038,0.02287,0.02251,0.04811,0.03876,0.03050,0.04301,0.03734,0.06988,0.02736,0.02701,0.05182,0.03836,0.02247,0.04756
0.03589,0.04197,0.09150,0.13644,0.04244,0.04143,0.07104,0.02382,0.05129,0.05013,0.07102,0.08403,0.04909,0.04955,0.02284,0.03416,0.02268,0.02796,0.02495,0.02775
0.04716,0.04478,0.03577,0.02944,0.02793,0.04422,0.05475,0.02010,0.02933,0.19163,0.06270,0.01763,0.22685,0.01858,0.03981,0.01746,0.03148,0.02455,0.01580,0.02002
0.04956,0.01678,0.19917,0.06946,0.18626,0.04095,0.02944,0.01138,0.09708,0.02841,0.02522,0.05335,0.03104,0.01760,0.02112,0.01718,0.01384,0.01838,0.01689,0.05690
0.05855,0.07151,0.07471,0.05017,0.04780,0.01396,0.21250,0.20530,0.03264,0.02452,0.04027,0.03556,0.01158,0.00956,0.00813,0.02042,0.02304,0.01867,0.01245,0.02864
0.14203,0.05077,0.06188,0.06171,0.03836,0.02229,0.07011,0.04780,0.02306,0.03514,0.04302,0.03720,0.05008,0.03082,0.08397,0.05097,0.06089,0.02782,0.03018,0.03190
0.06853,0.06482,0.10160,0.05554,0.07016,0.03096,0.04519,0.04072,0.03695,0.08513,0.04475,0.03788,0.12700,0.03582,0.03171,0.02512,0.03342,0.01739,0.01851,0.02878
0.02847,0.03177,0.14266,0.04652,0.08290,0.02800,0.09367,0.02179,0.06723,0.04431,0.10508,0.02942,0.03400,0.04845,0.02318,0.03309,0.02224,0.03493,0.02558,0.05670
0.02478,0.04167,0.11742,0.09043,0.10292,0.04608,0.12711,0.05182,0.09552,0.02927,0.09541,0.04226,0.01865,0.01963,0.00720,0.01744,0.01692,0.01223,0.02044,0.02280
0.01841,0.02199,0.16040,0.05817,0.15384,0.05026,0.03689,0.02816,0.06895,0.05499,0.07284,0.02689,0.04118,0.04275,0.01685,0.04600,0.02395,0.02298,0.02230,0.03221
0.02617,0.01811,0.32605,0.03425,0.05007,0.02097,0.02015,0.03020,0.00771,0.11985,0.21660,0.01686,0.02035,0.01499,0.01650,0.01152,0.01381,0.01099,0.00656,0.01828
0.02564,0.02411,0.06327,0.13664,0.03851,0.03372,0.10812,0.04399,0.13956,0.02695,0.08982,0.08773,0.02301,0.02605,0.01448,0.01987,0.01844,0.01227,0.02591,0.04192
0.02463,0.03579,0.04120,0.03094,0.04314,0.17574,0.03251,0.04050,0.25933,0.04123,0.05197,0.03069,0.03297,0.01560,0.01073,0.03827,0.01649,0.01794,0.00958,0.05076
0.07510,0.05378,0.04528,0.04905,0.01790,0.02082,0.17552,0.06299,0.02865,0.04087,0.15331,0.03083,0.04715,0.03096,0.02326,0.02107,0.01225,0.05570,0.01762,0.03790
0.10916,0.08459,0.12790,0.07308,0.12606,0.03686,0.03417,0.02810,0.05180,0.03518,0.03202,0.05086,0.02019,0.02040,0.01880,0.03831,0.03546,0.02531,0.01887,0.03289
0.01307,0.02111,0.05721,0.04864,0.02462,0.03735,0.22350,0.03996,0.07124,0.02095,0.21205,0.03963,0.02158,0.04064,0.01247,0.02242,0.01353,0.01389,0.03172,0.03444
0.14402,0.05780,0.10964,0.02472,0.08062,0.04187,0.06000,0.02385,0.02736,0.04857,0.07818,0.02494,0.02358,0.02075,0.11893,0.02456,0.02241,0.02716,0.01461,0.02644
0.03109,0.03079,0.06418,0.08860,0.03567,0.02577,0.02359,0.01950,0.04054,0.18810,0.04225,0.03323,0.22450,0.03402,0.01520,0.02504,0.03157,0.01367,0.01016,0.02255
0.12405,0.10998,0.02864,0.02375,0.02644,0.04049,0.15080,0.04480,0.02507,0.03836,0.09716,0.03551,0.05798,0.02689,0.01859,0.02409,0.05170,0.01428,0.02940,0.03202
0.07622,0.06956,0.04700,0.03047,0.05795,0.03325,0.18439,0.04384,0.03746,0.03382,0.17356,0.02779,0.02838,0.01596,0.02615,0.02987,0.02012,0.02132,0.01821,0.02466
0.02854,0.04508,0.03945,0.05205,0.05144,0.11271,0.06185,0.02767,0.24246,0.03885,0.05029,0.03500,0.03558,0.02217,0.01484,0.02183,0.01806,0.02996,0.02723,0.04494
0.06388,0.04692,0.13212,0.07633,0.03999,0.04496,0.04291,0.04376,0.02206,0.03659,0.13039,0.04278,0.02596,0.04449,0.03643,0.02443,0.06454,0.01955,0.02332,0.03859
0.02178,0.17139,0.08142,0.02677,0.03593,0.17310,0.04235,0.03801,0.09968,0.03523,0.05310,0.01650,0.03730,0.03106,0.01555,0.02679,0.01480,0.02665,0.01835,0.03425
0.06623,0.06106,0.15390,0.08212,0.13175,0.01548,0.02523,0.01690,0.04181,0.04318,0.04498,0.03866,0.06052,0.08503,0.01480,0.02371,0.01975,0.02392,0.01770,0.03328
0.04065,0.10659,0.06386,0.05650,0.07262,0.09305,0.02465,0.02502,0.12437,0.03024,0.02972,0.04092,0.02732,0.04126,0.02111,0.04806,0.02038,0.01941,0.05618,0.05811
0.06484,0.23414,0.02113,0.02002,0.01687,0.19644,0.08386,0.02318,0.02323,0.05739,0.05060,0.01510,0.05799,0.02176,0.02192,0.01975,0.02844,0.01692,0.01051,0.01589
0.07096,0.07317,0.20279,0.04505,0.16670,0.03938,0.03741,0.02780,0.03639,0.02501,0.04642,0.03320,0.01750,0.02631,0.01750,0.03999,0.01815,0.02428,0.02184,0.03013
0.16347,0.04731,0.05354,0.05207,0.04133,0.03125,0.09549,0.02027,0.02473,0.03019,0.12240,0.01845,0.03546,0.03152,0.05623,0.02657,0.10521,0.01392,0.01122,0.01936
0.03210,0.02809,0.19041,0.04326,0.16444,0.02661,0.03960,0.03994,0.04440,0.03660,0.06088,0.03513,0.05177,0.03319,0.03067,0.03937,0.01793,0.03351,0.02187,0.03023
0.02048,0.02719,0.22813,0.05722,0.20905,0.03268,0.05049,0.03033,0.05977,0.03451,0.04493,0.03089,0.02901,0.03070,0.01607,0.02501,0.01654,0.01232,0.01417,0.03051
0.05307,0.10979,0.15822,0.03189,0.13349,0.06540,0.05067,0.03628,0.03209,0.02525,0.05473,0.02254,0.04697,0.03822,0.03220,0.02737,0.01998,0.02234,0.01769,0.02182
0.13112,0.07809,0.04634,0.03872,0.02918,0.07311,0.08740,0.05211,0.03762,0.03258,0.04355,0.02989,0.03149,0.01703,0.12999,0.01707,0.03047,0.03202,0.03088,0.03134
0.09526,0.08329,0.15984,0.08194,0.14025,0.05167,0.03182,0.02814,0.02193,0.01505,0.02840,0.06398,0.02515,0.01963,0.03352,0.02500,0.02904,0.01839,0.01846,0.02922
0.01351,0.01464,0.27449,0.05761,0.11479,0.01683,0.04516,0.05135,0.03216,0.15826,0.06031,0.03295,0.01121,0.01660,0.01337,0.01942,0.01618,0.01752,0.01647,0.01716
0.09228,0.21122,0.04149,0.03853,0.03382,0.16885,0.01341,0.02238,0.03972,0.06026,0.02223,0.02367,0.04348,0.01762,0.07852,0.01461,0.02464,0.02049,0.01099,0.02180
0.03386,0.05554,0.18377,0.03737,0.10037,0.05839,0.02084,0.05134,0.04043,0.08686,0.09702,0.04203,0.03862,0.01511,0.02591,0.02232,0.03072,0.01779,0.02014,0.02156
0.06382,0.12425,0.08970,0.02913,0.04962,0.02347,0.09747,0.03837,0.03517,0.05008,0.07373,0.03248,0.04659,0.02718,0.01623,0.02697,0.02225,0.04114,0.04202,0.07035
0.02184,0.05122,0.21054,0.03936,0.10307,0.04382,0.04599,0.04098,0.04599,0.05326,0.15037,0.02670,0.02306,0.02488,0.01028,0.02294,0.01333,0.01664,0.02037,0.03534
0.06551,0.06170,0.10846,0.15341,0.11623,0.02515,0.02946,0.02026,0.11307,0.02394,0.04399,0.09606,0.03619,0.02102,0.00716,0.01877,0.01502,0.01072,0.01308,0.02081
0.01148,0.01666,0.14232,0.21922,0.03174,0.02053,0.06219,0.02411,0.05805,0.02809,0.10363,0.11807,0.02480,0.02403,0.01998,0.01612,0.01451,0.01434,0.02912,0.02102
0.03262,0.04846,0.11115,0.07224,0.06429,0.07972,0.05976,0.07611,0.03847,0.06291,0.07640,0.04687,0.04766,0.02722,0.01788,0.02611,0.03378,0.01724,0.01672,0.04439
0.04362,0.06762,0.11507,0.01589,0.06105,0.03753,0.13825,0.04322,0.01978,0.07313,0.13019,0.02736,0.05872,0.02925,0.01650,0.02065,0.02139,0.03410,0.01642,0.03026
0.10168,0.11034,0.17371,0.05824,0.15314,0.01841,0.03439,0.01836,0.03471,0.06036,0.03906,0.03165,0.02713,0.02232,0.00971,0.01605,0.01878,0.01669,0.02120,0.03406
0.01343,0.01990,0.21392,0.03685,0.05250,0.03525,0.07128,0.08851,0.07663,0.09025,0.13992,0.01852,0.02265,0.01950,0.00619,0.01940,0.01639,0.01345,0.01358,0.03187
0.04806,0.03887,0.09480,0.03962,0.06314,0.03041,0.03601,0.03594,0.04563,0.05873,0.07668,0.04394,0.06879,0.08562,0.04267,0.05711,0.03380,0.03700,0.02637,0.03680
0.16662,0.15820,0.03235,0.06925,0.03476,0.05097,0.02640,0.02208,0.07587,0.03383,0.02174,0.03437,0.03561,0.02231,0.02643,0.03098,0.04038,0.02436,0.03913,0.05436
0.06318,0.08234,0.14989,0.03807,0.15213,0.06653,0.02310,0.04918,0.05448,0.03074,0.03096,0.02540,0.01659,0.01798,0.03316,0.02639,0.02845,0.02434,0.02881,0.05826
0.02663,0.07780,0.07490,0.06344,0.05948,0.04689,0.16718,0.02088,0.04091,0.02782,0.11149,0.02972,0.03313,0.08759,0.01957,0.03656,0.01262,0.01737,0.01938,0.02663
0.10388,0.03303,0.06871,0.11383,0.02925,0.03505,0.05082,0.03827,0.05731,0.04988,0.04702,0.09003,0.03069,0.01548,0.03954,0.02247,0.06435,0.02173,0.04607,0.04259
0.09437,0.05420,0.05434,0.03865,0.03411,0.05959,0.08272,0.02940,0.04317,0.07234,0.06496,0.02314,0.07100,0.04149,0.09048,0.03066,0.02909,0.03291,0.02600,0.02737
0.02153,0.03627,0.02882,0.02904,0.01928,0.03555,0.04505,0.01546,0.02046,0.27465,0.03240,0.01723,0.31705,0.02652,0.01344,0.02173,0.00871,0.00978,0.00805,0.01898
0.12703,0.04616,0.03079,0.02175,0.02968,0.02311,0.11482,0.07489,0.02476,0.01436,0.04407,0.02098,0.03836,0.02383,0.10647,0.01774,0.05646,0.12203,0.02722,0.03548
0.02483,0.02039,0.15695,0.05746,0.06731,0.04789,0.05576,0.06293,0.10629,0.06073,0.06214,0.06717,0.03342,0.02443,0.01948,0.01955,0.02309,0.02108,0.02254,0.04656
0.15928,0.18062,0.04146,0.02726,0.03750,0.04067,0.07196,0.02079,0.08704,0.02824,0.04984,0.02247,0.03597,0.02032,0.01150,0.01959,0.01943,0.02635,0.04358,0.05612
0.20787,0.18626,0.06916,0.07600,0.04851,0.02005,0.02955,0.04899,0.04042,0.02893,0.04518,0.05758,0.02639,0.01469,0.01286,0.01818,0.01919,0.01180,0.01517,0.02322
0.12678,0.10069,0.10374,0.05196,0.11564,0.03805,0.05934,0.03555,0.05227,0.02867,0.04462,0.03072,0.04554,0.01554,0.01537,0.04894,0.02880,0.01483,0.01698,0.02597
0.02955,0.02776,0.12922,0.04257,0.08851,0.02399,0.09387,0.06861,0.02875,0.05471,0.06996,0.02222,0.03035,0.05203,0.03679,0.05460,0.02739,0.04272,0.04359,0.03281
0.04138,0.02834,0.09849,0.06696,0.09787,0.04720,0.06565,0.01837,0.13636,0.04383,0.03350,0.04285,0.06371,0.03694,0.02252,0.03406,0.01998,0.03633,0.01968,0.04598
0.02459,0.02343,0.09714,0.02168,0.01094,0.01224,0.27128,0.23372,0.01646,0.02885,0.07083,0.02775,0.02061,0.02242,0.01841,0.02131,0.02396,0.01708,0.01694,0.02034
0.02527,0.03817,0.06494,0.03234,0.07870,0.14995,0.08941,0.05239,0.08854,0.02783,0.12787,0.04661,0.02827,0.01997,0.01707,0.04357,0.01434,0.01867,0.01179,0.02430
0.05191,0.03943,0.17236,0.04585,0.10728,0.03984,0.06178,0.04336,0.06191,0.03018,0.03957,0.04750,0.02647,0.02703,0.02833,0.02415,0.02939,0.02500,0.03348,0.06516
0.11480,0.16135,0.05201,0.04162,0.05999,0.08464,0.04113,0.04971,0.05961,0.02727,0.04459,0.05899,0.01731,0.02128,0.02116,0.02767,0.02526,0.01950,0.02787,0.04424
0.02445,0.01825,0.10109,0.22104,0.04762,0.02223,0.02521,0.03963,0.06470,0.02418,0.06062,0.17287,0.03647,0.02113,0.01727,0.02193,0.01673,0.01613,0.01422,0.03424
0.13746,0.14286,0.09318,0.04754,0.11352,0.04498,0.02484,0.02481,0.08643,0.01754,0.02985,0.04233,0.02324,0.01730,0.02725,0.01976,0.03090,0.01680,0.01668,0.04271
0.21208,0.03207,0.05000,0.03425,0.05974,0.04159,0.03946,0.01819,0.08453,0.01419,0.03826,0.02984,0.01627,0.01488,0.16635,0.01496,0.04500,0.02693,0.01392,0.04748
0.02057,0.02801,0.14335,0.05135,0.12071,0.08892,0.05648,0.04309,0.08200,0.03180,0.07787,0.04376,0.03698,0.02824,0.01287,0.04093,0.01663,0.02129,0.02643,0.02872
0.03946,0.08225,0.10618,0.03547,0.10251,0.13618,0.05882,0.01685,0.09944,0.03202,0.06379,0.04014,0.04391,0.02515,0.01291,0.03431,0.01637,0.02416,0.01569,0.01438
0.04699,0.03873,0.10847,0.04904,0.04856,0.06574,0.05830,0.09148,0.03047,0.07327,0.12815,0.02219,0.03702,0.01841,0.01913,0.02042,0.08015,0.01904,0.01981,0.02462
0.04719,0.03384,0.04330,0.02679,0.07615,0.12064,0.07617,0.03570,0.25405,0.02611,0.08664,0.01409,0.01373,0.01689,0.01732,0.01754,0.01470,0.01135,0.03810,0.02974
0.01791,0.03080,0.11356,0.07685,0.09984,0.03235,0.16639,0.01730,0.05133,0.02228,0.10441,0.03606,0.02183,0.06545,0.01782,0.02744,0.01221,0.01782,0.03159,0.03677
0.14460,0.04191,0.02193,0.03929,0.02653,0.03574,0.15294,0.02505,0.06188,0.01910,0.11297,0.02634,0.03225,0.02980,0.10043,0.02075,0.03522,0.02023,0.02357,0.02945
0.03061,0.03591,0.14581,0.03943,0.12321,0.03528,0.07272,0.06051,0.03221,0.04799,0.02816,0.04447,0.04348,0.03940,0.01237,0.03215,0.02359,0.03889,0.05628,0.05750
0.01989,0.01738,0.28190,0.03653,0.12652,0.02047,0.03184,0.03384,0.01898,0.14744,0.08190,0.02257,0.00934,0.02804,0.00997,0.02659,0.01973,0.02122,0.02263,0.02321
0.18503,0.08574,0.02537,0.03746,0.02874,0.03689,0.05007,0.01576,0.02985,0.04721,0.04694,0.01876,0.06734,0.02575,0.05693,0.02610,0.12573,0.01976,0.03534,0.03524
0.12771,0.03995,0.12513,0.03331,0.04340,0.03168,0.03984,0.02722,0.03084,0.05801,0.08378,0.01856,0.02721,0.02513,0.13643,0.02256,0.02875,0.03893,0.02074,0.04083
0.04502,0.07630,0.13491,0.03331,0.12532,0.06325,0.02441,0.02172,0.14869,0.02380,0.03235,0.03210,0.02058,0.01122,0.01707,0.02254,0.01574,0.06490,0.02866,0.05810
0.13904,0.15996,0.04175,0.02681,0.03073,0.02776,0.16414,0.03363,0.02972,0.02636,0.12591,0.02144,0.01534,0.04630,0.02025,0.01559,0.01709,0.01317,0.01792,0.02707
0.04630,0.12454,0.05707,0.02460,0.02559,0.09453,0.09573,0.05564,0.02619,0.02656,0.06207,0.01704,0.02866,0.05939,0.04844,0.01848,0.02452,0.10972,0.01776,0.03719
0.03989,0.02187,0.01828,0.11956,0.03845,0.02107,0.13165,0.01854,0.03971,0.01360,0.08512,0.06012,0.01333,0.02038,0.02777,0.03613,0.01472,0.01097,0.17630,0.09255
0.02187,0.03163,0.14281,0.04419,0.05858,0.07104,0.11090,0.04783,0.12716,0.04965,0.11308,0.01811,0.01341,0.01583,0.01234,0.03098,0.01709,0.01928,0.01605,0.03815
0.09732,0.11266,0.09039,0.02496,0.11505,0.08059,0.07981,0.02883,0.02312,0.02844,0.09452,0.03381,0.02465,0.02136,0.01846,0.03129,0.01705,0.02935,0.01723,0.03109
0.08704,0.04452,0.13354,0.07030,0.07569,0.03751,0.04427,0.04428,0.02173,0.05231,0.06666,0.03799,0.02189,0.01734,0.08147,0.02508,0.03370,0.05705,0.01743,0.03022
0.04864,0.04795,0.09553,0.03327,0.06186,0.09578,0.06596,0.06502,0.09317,0.03235,0.10167,0.02920,0.01831,0.01624,0.03011,0.05926,0.03825,0.01590,0.02140,0.03012
0.02706,0.01871,0.20175,0.01462,0.10094,0.04615,0.13110,0.04308,0.02469,0.09509,0.13210,0.02256,0.02573,0.01799,0.01103,0.01875,0.02667,0.02098,0.00837,0.01262
0.02312,0.02181,0.23900,0.04247,0.09462,0.02150,0.04498,0.02207,0.03371,0.06646,0.16412,0.02201,0.02922,0.03799,0.02357,0.02244,0.02508,0.02233,0.01680,0.02668
0.20772,0.19319,0.08552,0.03930,0.09078,0.04173,0.03616,0.03389,0.02842,0.02380,0.05959,0.01919,0.01835,0.01284,0.01246,0.02298,0.02621,0.01001,0.01601,0.02184
0.03426,0.02422,0.17909,0.08849,0.14375,0.06353,0.04031,0.03072,0.10339,0.03751,0.06505,0.05755,0.02604,0.01436,0.00932,0.01732,0.01485,0.00858,0.01307,0.02859
0.05039,0.11009,0.04333,0.03016,0.04235,0.07962,0.03793,0.04592,0.04606,0.13281,0.06007,0.02378,0.13374,0.02073,0.01947,0.02315,0.02451,0.02910,0.01691,0.02989
0.02260,0.03555,0.16428,0.03349,0.13485,0.02699,0.17359,0.16484,0.04029,0.01376,0.01862,0.03992,0.01999,0.01078,0.01468,0.01361,0.01296,0.01730,0.01392,0.02796
0.08747,0.09267,0.05619,0.02623,0.05097,0.03114,0.19798,0.03444,0.03323,0.02130,0.13020,0.01686,0.02861,0.03002,0.02871,0.01679,0.02777,0.03380,0.02489,0.03071
0.04712,0.03365,0.05891,0.04402,0.06765,0.03883,0.16490,0.05007,0.07467,0.02488,0.08212,0.02420,0.04246,0.06166,0.02699,0.02397,0.01995,0.02753,0.04511,0.04131
0.03225,0.02318,0.22086,0.03697,0.11373,0.02839,0.01846,0.02125,0.02987,0.05281,0.18729,0.02137,0.02637,0.02936,0.03709,0.02139,0.02533,0.01874,0.02636,0.02893
0.20461,0.04154,0.06661,0.03556,0.02724,0.03949,0.02531,0.04982,0.01787,0.03468,0.03727,0.03729,0.01688,0.01164,0.06692,0.03505,0.20902,0.01421,0.01065,0.01834
0.07910,0.11017,0.05503,0.12090,0.04633,0.06630,0.03983,0.01923,0.03785,0.06206,0.02524,0.04677,0.05661,0.04205,0.04768,0.02804,0.04085,0.01966,0.02399,0.03231
0.01641,0.03393,0.06746,0.03949,0.02421,0.05407,0.18953,0.11916,0.08444,0.03131,0.11516,0.03238,0.03924,0.01921,0.01473,0.02754,0.02556,0.01942,0.01638,0.03036
0.03535,0.07369,0.05243,0.02412,0.04327,0.05230,0.04310,0.02171,0.02148,0.21635,0.03515,0.02375,0.23435,0.02407,0.01518,0.01435,0.01376,0.02283,0.01350,0.01924
0.05621,0.04086,0.04417,0.03154,0.08074,0.08772,0.03089,0.01405,0.20379,0.04573,0.03143,0.02277,0.03005,0.01836,0.04003,0.02598,0.01380,0.04592,0.03946,0.09646
0.09934,0.06381,0.09818,0.06867,0.07824,0.04746,0.03681,0.04472,0.05320,0.04093,0.05054,0.05916,0.02836,0.02435,0.03356,0.02255,0.05072,0.02134,0.02860,0.04945
0.05232,0.07505,0.16057,0.07827,0.04995,0.06005,0.02234,0.02689,0.02484,0.09087,0.06994,0.03555,0.03202,0.03612,0.04453,0.02288,0.02026,0.04512,0.02028,0.03213
0.03388,0.06597,0.11806,0.04497,0.06951,0.03634,0.12243,0.04948,0.05633,0.06195,0.09534,0.04105,0.02669,0.03058,0.01021,0.02404,0.01253,0.03002,0.03230,0.03833
0.09617,0.10661,0.12336,0.05119,0.10657,0.03587,0.03894,0.02445,0.02341,0.02402,0.02043,0.04551,0.03085,0.05124,0.05125,0.04564,0.01808,0.06313,0.02229,0.02097
0.06548,0.30370,0.04085,0.02307,0.02538,0.25456,0.03213,0.02846,0.02819,0.02104,0.02239,0.01717,0.01743,0.02030,0.03584,0.01261,0.01797,0.00901,0.00688,0.01753
0.03755,0.17698,0.06038,0.04436,0.05412,0.10899,0.02683,0.05505,0.02127,0.03957,0.03040,0.01990,0.04925,0.05645,0.04600,0.05457,0.02329,0.04289,0.02164,0.03051
0.01833,0.03604,0.22835,0.03533,0.20481,0.03022,0.09696,0.01840,0.04049,0.02137,0.06022,0.02452,0.02642,0.04775,0.00956,0.02223,0.01580,0.01609,0.01910,0.02800
0.03516,0.18983,0.05491,0.02804,0.04197,0.15179,0.06980,0.02788,0.03572,0.02969,0.04887,0.02675,0.02420,0.03065,0.02855,0.02053,0.01830,0.06846,0.02254,0.04635
0.02804,0.03742,0.24335,0.03932,0.19449,0.03708,0.04560,0.04790,0.04047,0.04442,0.04799,0.02868,0.03711,0.02332,0.01358,0.01893,0.00978,0.02064,0.01639,0.02547
0.03524,0.04915,0.12361,0.05909,0.12164,0.04567,0.05530,0.03216,0.12319,0.02763,0.04034,0.04620,0.03298,0.04481,0.01694,0.04042,0.02524,0.01777,0.02099,0.04165
0.06683,0.03328,0.11696,0.03781,0.09073,0.02760,0.09940,0.07726,0.05064,0.02941,0.02544,0.06134,0.05056,0.02238,0.03489,0.01870,0.05713,0.02968,0.01925,0.05069
0.02050,0.03290,0.04117,0.03418,0.03483,0.02556,0.25905,0.01457,0.03186,0.02478,0.18767,0.02362,0.03982,0.07424,0.01487,0.04935,0.01841,0.02766,0.01743,0.02752
0.03671,0.04652,0.07899,0.03834,0.06182,0.06295,0.13107,0.04251,0.02697,0.03165,0.17344,0.02868,0.03702,0.04631,0.01640,0.03826,0.02452,0.02737,0.02355,0.02693
0.08949,0.17996,0.04837,0.04624,0.03254,0.15705,0.04746,0.03032,0.03547,0.03095,0.03442,0.03626,0.04571,0.02419,0.05947,0.02351,0.01667,0.02834,0.01689,0.01670
0.15044,0.08233,0.09859,0.08569,0.11053,0.02428,0.01900,0.02175,0.04195,0.02811,0.02393,0.08299,0.03791,0.03348,0.02640,0.03090,0.03986,0.01736,0.01373,0.03076
0.04769,0.02715,0.07643,0.09960,0.04323,0.02284,0.03459,0.02243,0.03210,0.15329,0.04030,0.04412,0.12775,0.03687,0.03088,0.01923,0.03001,0.01939,0.05032,0.04179
0.03745,0.03599,0.16252,0.03819,0.09422,0.03269,0.11554,0.03448,0.04116,0.04507,0.11148,0.03870,0.02962,0.03721,0.02014,0.02804,0.01892,0.03222,0.02082,0.02554
0.03143,0.06853,0.03751,0.02780,0.02349,0.03163,0.04418,0.02530,0.01942,0.19184,0.05054,0.03742,0.20883,0.04001,0.02448,0.03774,0.01871,0.03258,0.01846,0.03009
0.01928,0.01318,0.14501,0.14453,0.06250,0.02782,0.06443,0.04738,0.07383,0.06236,0.04983,0.10512,0.01983,0.01935,0.01352,0.02184,0.01696,0.01945,0.02274,0.05106
0.07468,0.06654,0.08145,0.04974,0.02820,0.04302,0.04701,0.02942,0.02812,0.08773,0.08469,0.06543,0.07406,0.02737,0.01284,0.04425,0.06399,0.02440,0.02207,0.04498
0.04950,0.02036,0.11002,0.05394,0.02891,0.03494,0.09533,0.06307,0.05633,0.05606,0.10835,0.05103,0.04032,0.02431,0.03600,0.03463,0.02916,0.05231,0.01572,0.03972
0.08679,0.02072,0.05202,0.03966,0.08597,0.05252,0.03465,0.01427,0.21785,0.03973,0.03297,0.02396,0.03613,0.01440,0.07088,0.01932,0.00984,0.02390,0.03217,0.09223
0.13490,0.14143,0.10493,0.02369,0.08835,0.03298,0.08908,0.01914,0.04927,0.04922,0.07480,0.02313,0.01725,0.01825,0.01326,0.02195,0.02100,0.02431,0.01821,0.03484
0.07835,0.08571,0.08191,0.08358,0.07934,0.03847,0.07659,0.02901,0.04320,0.03660,0.06458,0.04187,0.03119,0.06506,0.01960,0.04217,0.03396,0.03862,0.01364,0.01654
0.12588,0.06613,0.09123,0.07864,0.09421,0.05009,0.05428,0.05115,0.05431,0.02044,0.07117,0.04907,0.02272,0.02946,0.02234,0.02218,0.03010,0.01484,0.01901,0.03273
0.02247,0.02660,0.07669,0.07690,0.08427,0.12802,0.04715,0.03505,0.20661,0.01752,0.05570,0.04207,0.02824,0.02434,0.01034,0.03155,0.01981,0.01399,0.01997,0.03272
0.02516,0.03135,0.21787,0.03459,0.11027,0.02542,0.06387,0.03495,0.02497,0.06224,0.12911,0.02997,0.04184,0.03348,0.01730,0.02464,0.01780,0.02208,0.01649,0.03661
