0.01662,0.01310,0.38079,0.02041,0.00733,0.38013,0.07468,0.01746,0.00913,0.00462,0.06049,0.00337,0.00460,0.00727
0.04364,0.01584,0.32212,0.00854,0.01862,0.36057,0.01802,0.02611,0.07229,0.04360,0.00871,0.04975,0.00500,0.00720
0.03455,0.16101,0.26820,0.13912,0.01454,0.17841,0.02527,0.04650,0.02360,0.00679,0.01714,0.00899,0.05327,0.02260
0.04907,0.02483,0.14238,0.01935,0.02574,0.23705,0.01451,0.03573,0.15744,0.09572,0.00654,0.14076,0.01105,0.03981
0.25465,0.03340,0.14171,0.03233,0.01674,0.13858,0.00914,0.25695,0.02034,0.02005,0.01039,0.01479,0.00501,0.04592
0.02393,0.11943,0.26001,0.18484,0.03809,0.25607,0.01051,0.01335,0.01329,0.04439,0.01036,0.01312,0.00882,0.00380
0.00560,0.07717,0.36969,0.07650,0.02063,0.31705,0.03075,0.01162,0.00863,0.00493,0.01341,0.00485,0.05283,0.00634
0.00450,0.00740,0.22200,0.01142,0.25742,0.18494,0.01374,0.01044,0.03102,0.00998,0.00879,0.21704,0.01253,0.00878
0.01607,0.07248,0.35041,0.08604,0.01900,0.34139,0.01119,0.02936,0.01686,0.01305,0.00954,0.00745,0.00959,0.01758
0.03281,0.05871,0.40781,0.03361,0.01070,0.38849,0.00794,0.02026,0.00605,0.00757,0.00404,0.00604,0.00868,0.00731
0.01373,0.04253,0.40640,0.03004,0.01518,0.33106,0.00556,0.01305,0.01327,0.00723,0.00694,0.00780,0.08572,0.02147
0.01581,0.02767,0.25752,0.01434,0.05980,0.26101,0.01655,0.01576,0.13720,0.02015,0.01339,0.14257,0.01114,0.00709
0.01879,0.00720,0.24402,0.00569,0.02140,0.24617,0.08783,0.14306,0.08069,0.00508,0.00678,0.00987,0.11833,0.00509
0.01674,0.13487,0.29081,0.02038,0.12387,0.29645,0.01927,0.03280,0.00915,0.00452,0.01312,0.00862,0.01204,0.01736
0.05422,0.03466,0.13790,0.02379,0.01694,0.15232,0.02844,0.04428,0.21794,0.00777,0.01993,0.20117,0.02027,0.04037
0.05435,0.01992,0.21098,0.02733,0.01285,0.30762,0.01843,0.02183,0.09735,0.10873,0.01701,0.07515,0.00550,0.02294
0.01376,0.01482,0.23629,0.02465,0.01335,0.24966,0.01369,0.06946,0.16959,0.00369,0.00747,0.15037,0.02938,0.00382
0.02379,0.03278,0.13429,0.03170,0.01222,0.13782,0.21216,0.09327,0.19863,0.01110,0.00572,0.00437,0.09116,0.01098
0.01084,0.17532,0.23563,0.17369,0.01841,0.17901,0.03729,0.02299,0.03054,0.02685,0.03822,0.01328,0.01772,0.02018
0.04207,0.26178,0.13785,0.05297,0.22620,0.14956,0.01726,0.02300,0.01819,0.00654,0.00502,0.01111,0.00922,0.03923
0.01102,0.01460,0.32294,0.01162,0.00666,0.33698,0.01044,0.01063,0.11671,0.01875,0.00270,0.10223,0.00577,0.02896
0.14788,0.01870,0.26127,0.04688,0.01208,0.26323,0.04077,0.14625,0.00794,0.00735,0.03584,0.00426,0.00409,0.00345
0.01296,0.03590,0.24879,0.04630,0.00803,0.26428,0.01786,0.05288,0.13892,0.01458,0.00295,0.11703,0.02960,0.00992
0.01742,0.01010,0.16379,0.03166,0.01109,0.18963,0.12287,0.14940,0.10474,0.01303,0.02305,0.00492,0.13297,0.02534
0.01030,0.02783,0.11648,0.01062,0.00977,0.08366,0.33183,0.00751,0.34197,0.00832,0.00276,0.01370,0.02235,0.01289
0.11830,0.00531,0.34481,0.01351,0.01056,0.35624,0.00685,0.11319,0.00638,0.00428,0.00736,0.00266,0.00376,0.00680
0.17979,0.07528,0.10155,0.04812,0.10292,0.12009,0.04870,0.00819,0.02798,0.20124,0.02793,0.00842,0.00486,0.04495
0.07793,0.04301,0.35417,0.01130,0.01463,0.29990,0.00805,0.10524,0.00901,0.00661,0.00387,0.00633,0.04732,0.01262
0.02676,0.19900,0.22800,0.17868,0.02530,0.18461,0.01647,0.03694,0.02997,0.01357,0.01003,0.01563,0.02415,0.01088
0.02123,0.01907,0.12176,0.03303,0.02050,0.13037,0.19556,0.11893,0.18479,0.01430,0.00884,0.00826,0.11113,0.01223
0.01055,0.02247,0.16639,0.01863,0.01672,0.31487,0.04777,0.01940,0.11277,0.15124,0.01706,0.07948,0.00932,0.01332
0.15006,0.02324,0.24334,0.04112,0.01215,0.24869,0.05318,0.14356,0.00876,0.00707,0.05558,0.00458,0.00360,0.00508
0.03149,0.13349,0.26756,0.12163,0.04555,0.23948,0.00757,0.03988,0.00763,0.00955,0.00707,0.02502,0.01444,0.04963
0.03026,0.01887,0.20702,0.01624,0.03473,0.19664,0.21038,0.02845,0.18937,0.01674,0.00629,0.01137,0.02633,0.00729
0.01502,0.24882,0.12371,0.01365,0.27014,0.13430,0.04934,0.03795,0.03847,0.00825,0.00670,0.02355,0.01863,0.01147
0.02996,0.20698,0.17144,0.03665,0.18480,0.15390,0.01875,0.01652,0.01185,0.01342,0.00985,0.01262,0.01410,0.11916
0.00859,0.00758,0.16951,0.02843,0.00945,0.19663,0.09155,0.20152,0.06027,0.00449,0.02450,0.00391,0.18892,0.00465
0.03753,0.13235,0.24354,0.16668,0.03131,0.23607,0.01797,0.02906,0.02213,0.02751,0.01544,0.01831,0.00534,0.01676
0.03130,0.10843,0.29256,0.09171,0.03032,0.29652,0.01406,0.03837,0.01528,0.02126,0.00632,0.01668,0.01772,0.01945
0.02636,0.06270,0.34858,0.01318,0.07420,0.34280,0.01669,0.04070,0.01670,0.00832,0.00549,0.01845,0.01928,0.00655
0.01975,0.19996,0.22402,0.18501,0.00849,0.17248,0.05870,0.03091,0.03449,0.00731,0.01046,0.00652,0.03463,0.00727
0.03397,0.02346,0.29339,0.00994,0.02962,0.37962,0.01931,0.03119,0.03846,0.08784,0.01125,0.02807,0.00592,0.00796
0.01925,0.06869,0.36530,0.04961,0.04799,0.33641,0.00953,0.02348,0.01519,0.00750,0.00504,0.02348,0.02226,0.00629
0.01015,0.14513,0.24596,0.19581,0.01399,0.22892,0.01150,0.02386,0.01331,0.01188,0.01319,0.00459,0.00664,0.07509
0.01653,0.02303,0.19469,0.02539,0.01982,0.24190,0.01593,0.01028,0.19968,0.05530,0.00544,0.17443,0.00885,0.00876
0.07732,0.17998,0.18313,0.02674,0.13716,0.14582,0.02166,0.03721,0.01330,0.01087,0.01519,0.01340,0.00998,0.12822
0.19128,0.02709,0.22007,0.01638,0.02707,0.24300,0.01042,0.18745,0.01466,0.01855,0.00775,0.01292,0.01157,0.01180
0.02752,0.20131,0.21660,0.01061,0.23744,0.21705,0.01290,0.01383,0.00817,0.01350,0.00319,0.01471,0.01386,0.00930
0.03577,0.13702,0.28223,0.02139,0.12129,0.28232,0.01373,0.02569,0.00782,0.01329,0.01911,0.00654,0.00717,0.02662
0.10519,0.02802,0.19135,0.06452,0.08096,0.18892,0.02674,0.09114,0.01279,0.02013,0.02501,0.05641,0.00231,0.10652
0.01181,0.01258,0.27310,0.00928,0.01252,0.27477,0.12815,0.08152,0.09583,0.01038,0.00836,0.00651,0.06767,0.00752
0.02592,0.16792,0.27067,0.12453,0.01606,0.14264,0.01685,0.03117,0.01819,0.00701,0.01694,0.01015,0.11777,0.03418
0.04479,0.06792,0.29842,0.06834,0.01378,0.33130,0.00603,0.02054,0.01720,0.03948,0.00672,0.01294,0.00264,0.06990
0.15358,0.00521,0.29380,0.00935,0.03924,0.31686,0.00354,0.14064,0.00417,0.01126,0.00238,0.00993,0.00133,0.00870
0.00561,0.00637,0.28139,0.01104,0.18629,0.24158,0.00898,0.03111,0.02002,0.01104,0.00436,0.14692,0.02580,0.01950
0.24056,0.02890,0.11704,0.00738,0.01530,0.12198,0.10062,0.22438,0.03184,0.01263,0.08046,0.00819,0.00705,0.00369
0.25696,0.01478,0.17920,0.01923,0.02607,0.15385,0.00655,0.24881,0.00802,0.01101,0.01250,0.01774,0.02398,0.02132
0.01836,0.17617,0.23733,0.01678,0.16818,0.24091,0.02525,0.02547,0.02298,0.02334,0.01399,0.00806,0.00710,0.01607
0.26805,0.03500,0.10144,0.04153,0.03270,0.11895,0.03861,0.23398,0.02236,0.03027,0.02466,0.02063,0.00892,0.02289
0.01236,0.00920,0.13170,0.01200,0.02114,0.14193,0.30965,0.02049,0.30484,0.00952,0.00317,0.00688,0.01059,0.00654
0.08779,0.03404,0.23396,0.03376,0.08637,0.21923,0.06407,0.02962,0.05194,0.05430,0.01198,0.05960,0.00420,0.02914
0.01889,0.26052,0.18754,0.23953,0.01772,0.12301,0.02327,0.01942,0.01979,0.02894,0.00782,0.00699,0.02260,0.02398
0.02221,0.02342,0.14681,0.03883,0.01708,0.14628,0.21650,0.04687,0.04366,0.03205,0.23203,0.02227,0.00605,0.00593
0.01609,0.01567,0.30096,0.00594,0.02891,0.31371,0.07718,0.06966,0.08033,0.01666,0.00281,0.01400,0.04655,0.01152
0.01454,0.01234,0.14689,0.01615,0.00919,0.15760,0.30094,0.01614,0.29709,0.00442,0.00635,0.00570,0.00811,0.00452
0.27641,0.02248,0.14030,0.01645,0.01981,0.11524,0.04651,0.25993,0.03827,0.00620,0.02204,0.00979,0.01476,0.01184
0.01651,0.00607,0.22990,0.02010,0.23427,0.19995,0.01691,0.01364,0.03453,0.00564,0.00935,0.19853,0.00717,0.00744
0.04436,0.12743,0.20766,0.12556,0.01349,0.19771,0.01578,0.04523,0.05166,0.03113,0.01245,0.02693,0.00267,0.09793
0.08810,0.12774,0.25073,0.00913,0.08093,0.21442,0.02017,0.03003,0.02176,0.01650,0.00861,0.01011,0.01483,0.10694
0.02470,0.01938,0.30882,0.01019,0.11858,0.28608,0.00510,0.01616,0.04343,0.02662,0.00358,0.11691,0.00907,0.01137
0.04519,0.29998,0.06189,0.06453,0.28631,0.07009,0.02749,0.03272,0.02152,0.00355,0.03581,0.00884,0.00714,0.03495
0.02593,0.14393,0.28180,0.15475,0.01461,0.27054,0.02136,0.01798,0.01135,0.01149,0.01485,0.00514,0.00929,0.01700
0.01133,0.02377,0.39992,0.01317,0.03482,0.40037,0.03563,0.00967,0.03785,0.00634,0.00789,0.00646,0.00753,0.00523
0.02624,0.04222,0.14217,0.04928,0.02135,0.11962,0.19253,0.10724,0.18346,0.00271,0.01505,0.00979,0.07060,0.01774
0.02071,0.15374,0.26002,0.17823,0.00523,0.20861,0.05241,0.01674,0.01709,0.00616,0.03627,0.00678,0.02936,0.00865
0.19771,0.02475,0.08413,0.01842,0.01633,0.08067,0.16516,0.18652,0.06525,0.00785,0.10641,0.01168,0.02607,0.00904
0.12409,0.03815,0.28528,0.01384,0.04904,0.26819,0.01968,0.11888,0.01100,0.01405,0.01201,0.01358,0.01144,0.02078
0.02531,0.03494,0.16102,0.01531,0.03097,0.21831,0.01102,0.02062,0.18691,0.04840,0.01589,0.18809,0.00778,0.03543
0.01069,0.13306,0.26660,0.17215,0.02283,0.26626,0.00599,0.01312,0.00805,0.03450,0.04372,0.00712,0.00648,0.00941
0.01403,0.21918,0.20996,0.01509,0.23163,0.22333,0.00821,0.01714,0.01089,0.00609,0.00526,0.01636,0.00638,0.01645
0.03864,0.02244,0.22404,0.03676,0.01951,0.28197,0.01268,0.02754,0.10230,0.08830,0.01376,0.09524,0.01371,0.02310
0.04092,0.01257,0.19123,0.01604,0.02309,0.36912,0.03360,0.01362,0.04427,0.20452,0.01466,0.01149,0.00895,0.01591
0.01093,0.19299,0.24411,0.02102,0.16846,0.24796,0.00581,0.01142,0.04920,0.00745,0.00486,0.02516,0.00274,0.00788
0.20049,0.02123,0.15741,0.01621,0.08172,0.16476,0.02028,0.02771,0.00839,0.21565,0.00997,0.03919,0.02239,0.01461
0.04743,0.18877,0.15163,0.03528,0.14913,0.14883,0.02014,0.05841,0.02155,0.01498,0.01154,0.01755,0.03529,0.09946
0.02922,0.02531,0.08595,0.01363,0.01441,0.05449,0.31390,0.05578,0.02709,0.03995,0.31661,0.00651,0.00492,0.01222
0.01515,0.13754,0.29759,0.10105,0.04594,0.19340,0.02152,0.04398,0.01159,0.01070,0.00695,0.01623,0.08425,0.01412
0.12595,0.02832,0.26916,0.03150,0.01476,0.26917,0.03432,0.13188,0.03847,0.00666,0.00560,0.01889,0.00654,0.01878
0.01214,0.03292,0.32060,0.02403,0.01619,0.31838,0.03453,0.01004,0.10520,0.00903,0.01124,0.09116,0.00619,0.00835
0.01859,0.21757,0.19012,0.03476,0.20446,0.19666,0.01611,0.01539,0.01723,0.00834,0.02266,0.00939,0.00469,0.04403
0.01199,0.16505,0.23376,0.00890,0.17850,0.26190,0.02775,0.02541,0.03185,0.00811,0.01724,0.01231,0.00905,0.00817
0.04004,0.11971,0.29031,0.11498,0.01858,0.27688,0.02127,0.02103,0.02046,0.03164,0.01272,0.01335,0.00651,0.01251
0.02562,0.01388,0.31861,0.01103,0.01818,0.31934,0.06030,0.05897,0.06187,0.00715,0.01166,0.01640,0.05920,0.01780
0.02612,0.15004,0.20862,0.15935,0.03413,0.21158,0.01194,0.04647,0.01188,0.01422,0.01689,0.00923,0.00897,0.09056
0.29025,0.02750,0.12236,0.01502,0.03092,0.10202,0.03085,0.28081,0.01784,0.01587,0.02496,0.01843,0.01512,0.00806
0.02398,0.04044,0.19587,0.01666,0.03056,0.18254,0.20003,0.04430,0.00758,0.01816,0.20421,0.00771,0.00613,0.02184
0.11735,0.00956,0.27105,0.02718,0.02673,0.25066,0.05989,0.13093,0.00497,0.00866,0.05865,0.00957,0.01673,0.00807
0.09973,0.01569,0.24582,0.08083,0.03467,0.25191,0.02441,0.11511,0.02806,0.01501,0.03001,0.02066,0.01010,0.02800
0.03850,0.01643,0.27353,0.00494,0.01595,0.26390,0.01450,0.03456,0.13762,0.03127,0.01075,0.12487,0.01710,0.01609
0.02854,0.01203,0.24872,0.01224,0.01867,0.24932,0.16191,0.01978,0.18428,0.02414,0.00734,0.01080,0.01018,0.01205
0.01508,0.01523,0.18354,0.02231,0.01267,0.18704,0.24908,0.02275,0.23837,0.01070,0.01602,0.00853,0.00831,0.01035
0.01092,0.04432,0.24857,0.02642,0.03868,0.33196,0.00820,0.01657,0.08163,0.10295,0.00710,0.06302,0.01044,0.00921
0.01578,0.04877,0.38971,0.01883,0.05782,0.39964,0.00906,0.00468,0.00759,0.00971,0.00846,0.01121,0.00188,0.01685
0.06147,0.02965,0.12834,0.03456,0.03374,0.11775,0.16464,0.09205,0.04028,0.01240,0.16686,0.03081,0.01894,0.06849
0.05910,0.24266,0.10463,0.02804,0.20751,0.08019,0.01731,0.04367,0.01328,0.01713,0.00981,0.02078,0.02018,0.13571
0.01432,0.01478,0.29310,0.01169,0.01366,0.35152,0.00878,0.02632,0.09861,0.05261,0.00500,0.08293,0.00708,0.01960
0.15442,0.02231,0.17604,0.02027,0.04252,0.16499,0.07705,0.16141,0.02083,0.02666,0.05240,0.03509,0.01668,0.02934
0.01320,0.01087,0.29785,0.01538,0.01528,0.29241,0.15575,0.01612,0.15689,0.00793,0.00380,0.00389,0.00270,0.00794
0.29072,0.02103,0.14113,0.02782,0.00981,0.13524,0.03205,0.26304,0.01029,0.01412,0.02620,0.00757,0.00863,0.01236
0.02397,0.01011,0.13685,0.01422,0.03047,0.13458,0.27473,0.01111,0.26232,0.02200,0.02967,0.01283,0.01003,0.02712
0.04263,0.00723,0.08800,0.01218,0.02659,0.34690,0.01621,0.01020,0.07249,0.31080,0.00657,0.04606,0.00575,0.00839
0.02097,0.29820,0.16526,0.24325,0.00919,0.03318,0.01560,0.03495,0.05689,0.00829,0.00634,0.04089,0.04932,0.01767
0.07379,0.02626,0.18836,0.01705,0.21494,0.16433,0.01919,0.03332,0.01192,0.06397,0.00627,0.15962,0.01165,0.00934
0.01509,0.03055,0.28934,0.03207,0.03285,0.29238,0.11842,0.01111,0.12238,0.01591,0.00707,0.01532,0.00693,0.01057
0.03763,0.00879,0.33544,0.04109,0.03905,0.33218,0.02737,0.03333,0.01845,0.02696,0.05645,0.01189,0.00529,0.02610
0.02986,0.02245,0.17721,0.11000,0.02031,0.17649,0.16994,0.02597,0.11957,0.00688,0.12075,0.00465,0.00780,0.00812
0.12535,0.00872,0.26937,0.02280,0.00785,0.28056,0.05953,0.11726,0.02050,0.02732,0.04379,0.00521,0.00617,0.00558
0.01595,0.14480,0.23647,0.02244,0.14639,0.24089,0.04667,0.01661,0.03754,0.03147,0.01456,0.01041,0.01857,0.01723
0.01274,0.00858,0.27223,0.01502,0.01496,0.43745,0.01307,0.01562,0.01226,0.16613,0.00541,0.01423,0.00535,0.00695
0.00734,0.02060,0.27752,0.10605,0.00692,0.24703,0.08598,0.00846,0.08255,0.00889,0.09525,0.01028,0.03150,0.01161
0.03701,0.06473,0.34585,0.08850,0.01698,0.28580,0.01531,0.01179,0.01464,0.00974,0.02430,0.00490,0.06950,0.01095
0.02129,0.01256,0.20291,0.17624,0.04779,0.20727,0.07765,0.01284,0.04088,0.01335,0.15792,0.01553,0.00632,0.00744
0.12084,0.22469,0.10470,0.02797,0.15893,0.05592,0.00789,0.02722,0.01068,0.02080,0.00523,0.01328,0.01227,0.20958
0.03158,0.02773,0.15636,0.02120,0.02593,0.19235,0.02810,0.01742,0.22737,0.04130,0.00844,0.20121,0.00385,0.01716
0.01123,0.03430,0.25154,0.00440,0.04425,0.23860,0.17300,0.01325,0.02380,0.00651,0.14936,0.03061,0.00737,0.01180
0.02685,0.01695,0.33575,0.01064,0.01526,0.36818,0.00598,0.00783,0.08413,0.02308,0.00295,0.07662,0.00335,0.02244
0.08029,0.10354,0.27128,0.01853,0.06887,0.24843,0.00746,0.04420,0.01200,0.01059,0.02082,0.01058,0.00561,0.09781
0.03253,0.03669,0.19376,0.02318,0.03017,0.19713,0.01171,0.01993,0.20489,0.02868,0.00575,0.19632,0.00850,0.01076
0.01200,0.11287,0.35128,0.07657,0.05141,0.29758,0.01277,0.01135,0.01435,0.00651,0.00345,0.00513,0.04035,0.00438
0.01307,0.04139,0.27202,0.01233,0.03304,0.28041,0.13902,0.02450,0.11766,0.00589,0.01617,0.00840,0.01422,0.02189
0.05557,0.01359,0.35232,0.00569,0.07539,0.33831,0.00922,0.01526,0.00903,0.03260,0.00755,0.03962,0.00416,0.04170
0.10165,0.01254,0.15815,0.01702,0.02119,0.19460,0.12672,0.10084,0.02868,0.07196,0.11977,0.01639,0.02072,0.00978
0.04814,0.02218,0.19971,0.02587,0.18843,0.17459,0.02619,0.03325,0.02426,0.02562,0.03019,0.16799,0.00946,0.02413
0.03310,0.01936,0.23885,0.01305,0.02316,0.25057,0.10300,0.10048,0.09179,0.00710,0.00774,0.01081,0.08005,0.02094
0.11114,0.02080,0.23596,0.01903,0.03621,0.22278,0.05791,0.11499,0.02499,0.02301,0.05838,0.02991,0.01073,0.03416
0.02639,0.13535,0.27863,0.15115,0.02656,0.28512,0.00969,0.02507,0.00847,0.02127,0.00556,0.00899,0.00958,0.00818
0.00892,0.02957,0.26431,0.06015,0.01700,0.27434,0.10250,0.05925,0.08860,0.00876,0.02111,0.00487,0.05116,0.00948
0.06136,0.04456,0.21385,0.03923,0.03559,0.19460,0.12954,0.08124,0.00842,0.02965,0.13080,0.00930,0.01340,0.00845
0.01449,0.18440,0.22794,0.14861,0.01904,0.22907,0.01176,0.02268,0.02020,0.03709,0.00418,0.01206,0.00761,0.06087
0.01361,0.04732,0.27929,0.01808,0.03561,0.28214,0.07348,0.07212,0.07612,0.00515,0.00845,0.01513,0.04800,0.02549
0.01781,0.07684,0.27528,0.02288,0.03658,0.20689,0.01380,0.02546,0.01669,0.05881,0.01047,0.04525,0.10636,0.08690
0.01335,0.24125,0.14117,0.01356,0.23996,0.20115,0.01437,0.01568,0.01559,0.06193,0.01185,0.01110,0.00592,0.01311
0.01166,0.03444,0.33758,0.02348,0.03539,0.33777,0.02220,0.07093,0.01933,0.01484,0.00786,0.00540,0.05298,0.02614
0.00809,0.15706,0.23329,0.02800,0.14705,0.24111,0.04649,0.02560,0.03541,0.00616,0.02400,0.02367,0.01080,0.01325
0.01289,0.01268,0.20635,0.01405,0.03204,0.21636,0.23050,0.00985,0.22375,0.00533,0.00231,0.00827,0.01777,0.00785
0.20711,0.01642,0.21038,0.01077,0.02455,0.22139,0.02880,0.19590,0.01903,0.01557,0.00929,0.01328,0.01985,0.00768
0.04539,0.02333,0.38402,0.02906,0.03563,0.39587,0.00900,0.02915,0.00593,0.01959,0.00509,0.00423,0.00539,0.00831
0.10343,0.03514,0.24652,0.03293,0.03151,0.22960,0.06877,0.11078,0.04331,0.01970,0.02447,0.01046,0.01916,0.02423
0.03186,0.02090,0.17519,0.01106,0.01962,0.17001,0.21240,0.07249,0.21869,0.00409,0.00404,0.01089,0.03589,0.01288
0.04073,0.02317,0.24233,0.01455,0.02285,0.25200,0.01712,0.01708,0.17113,0.02588,0.00485,0.14903,0.00526,0.01402
0.00887,0.02065,0.31139,0.02368,0.09827,0.33724,0.02155,0.01001,0.02661,0.04349,0.00374,0.07547,0.00515,0.01387
0.02907,0.02430,0.06655,0.09096,0.01792,0.06030,0.24796,0.01731,0.25473,0.00697,0.08218,0.01666,0.01157,0.07352
0.03908,0.01928,0.13596,0.03429,0.05930,0.15684,0.11360,0.13799,0.09357,0.01167,0.00863,0.02218,0.15749,0.01013
0.10451,0.01718,0.31380,0.02211,0.01944,0.30414,0.04622,0.10493,0.01156,0.00782,0.01929,0.00430,0.02106,0.00364
0.01604,0.10072,0.34280,0.07719,0.00994,0.28990,0.02502,0.03953,0.02992,0.00617,0.01081,0.01814,0.02988,0.00397
0.01696,0.05428,0.29738,0.09011,0.08586,0.27075,0.04250,0.01435,0.02423,0.01128,0.02203,0.05719,0.00544,0.00765
0.04749,0.05530,0.22329,0.08378,0.14278,0.19109,0.02596,0.03613,0.01885,0.00834,0.02683,0.10983,0.01438,0.01595
0.02730,0.08197,0.28297,0.01898,0.09439,0.09984,0.04145,0.02240,0.02279,0.02587,0.01819,0.02080,0.23115,0.01190
0.08305,0.01134,0.35144,0.01737,0.00649,0.35833,0.01647,0.08044,0.02584,0.00604,0.00808,0.02701,0.00357,0.00453
0.01359,0.26518,0.17120,0.20925,0.01385,0.07581,0.08719,0.01328,0.04912,0.00774,0.04887,0.01022,0.01327,0.02143
0.01211,0.01658,0.36483,0.00634,0.05178,0.35190,0.01258,0.05937,0.01123,0.02451,0.00567,0.03164,0.03716,0.01430
0.01311,0.01886,0.15170,0.00773,0.01569,0.16810,0.12799,0.15859,0.12793,0.02158,0.00506,0.02073,0.15481,0.00811
0.03574,0.01245,0.12847,0.01103,0.03263,0.23011,0.02012,0.03278,0.20069,0.06867,0.00303,0.20787,0.00793,0.00849
0.01560,0.00680,0.35558,0.06021,0.01258,0.36123,0.05911,0.02124,0.04589,0.00406,0.04244,0.00288,0.00450,0.00789
0.01511,0.01314,0.14841,0.01061,0.01737,0.16355,0.16593,0.12495,0.17123,0.02683,0.00537,0.01379,0.11289,0.01083
0.13895,0.00915,0.27959,0.03093,0.03317,0.28970,0.00922,0.01916,0.00872,0.12834,0.01735,0.00858,0.01472,0.01241
0.24781,0.02897,0.15587,0.03952,0.03489,0.15898,0.00804,0.25584,0.01110,0.00980,0.01192,0.01038,0.01883,0.00805
0.08147,0.01706,0.34069,0.04851,0.01031,0.33160,0.02850,0.08439,0.00913,0.00628,0.01546,0.00397,0.01396,0.00866
0.02527,0.02176,0.20432,0.01235,0.23983,0.18218,0.01055,0.02471,0.01545,0.02261,0.01666,0.19176,0.01116,0.02139
0.06483,0.06710,0.29849,0.05768,0.02100,0.19287,0.01205,0.05851,0.01085,0.01207,0.02825,0.00784,0.12179,0.04666
0.01365,0.01494,0.25525,0.03206,0.02969,0.33330,0.01409,0.01745,0.09936,0.06637,0.00913,0.09220,0.01052,0.01198
0.01753,0.02717,0.37184,0.03740,0.01661,0.38355,0.01377,0.04365,0.00683,0.04150,0.01114,0.00494,0.01536,0.00869
0.03375,0.10416,0.32550,0.08912,0.01176,0.23437,0.01711,0.03965,0.01955,0.01002,0.01118,0.01175,0.07743,0.01464
0.00911,0.01713,0.19252,0.01326,0.01792,0.27370,0.01192,0.01383,0.17877,0.07209,0.00435,0.17733,0.00492,0.01315
0.04709,0.07784,0.32932,0.08973,0.01100,0.34445,0.01004,0.04442,0.00905,0.01602,0.00584,0.00674,0.00431,0.00415
0.02257,0.00849,0.29447,0.01235,0.11514,0.26747,0.01898,0.01612,0.02121,0.06203,0.00804,0.07899,0.00520,0.06893
0.01159,0.03294,0.27470,0.00904,0.01657,0.27086,0.15793,0.01097,0.01666,0.01700,0.14071,0.00920,0.00228,0.02955
0.01350,0.02093,0.18938,0.01395,0.02321,0.18535,0.22454,0.02069,0.23775,0.01313,0.01601,0.02350,0.00877,0.00928
0.07686,0.00833,0.15106,0.00623,0.27362,0.12109,0.01126,0.01369,0.01581,0.05325,0.01052,0.24432,0.00345,0.01050
0.06245,0.11447,0.29041,0.11164,0.01139,0.28408,0.01000,0.02443,0.01715,0.03368,0.00322,0.00960,0.00367,0.02381
0.09206,0.02109,0.20479,0.04693,0.01841,0.21803,0.09550,0.11678,0.04207,0.02790,0.06866,0.01830,0.01406,0.01542
0.02809,0.01977,0.26660,0.00771,0.01996,0.30092,0.10520,0.06591,0.11134,0.00876,0.00451,0.00573,0.04183,0.01367
0.02550,0.03996,0.12048,0.03084,0.03103,0.28547,0.03352,0.02916,0.06854,0.21665,0.00882,0.02430,0.01050,0.07523
0.02215,0.01307,0.30340,0.01892,0.00901,0.36229,0.01702,0.01426,0.08956,0.06806,0.00452,0.06863,0.00364,0.00547
0.01066,0.00999,0.36528,0.01600,0.03831,0.37465,0.04845,0.03668,0.03883,0.02006,0.01252,0.00742,0.01227,0.00889
0.02958,0.13511,0.27229,0.14437,0.02553,0.19188,0.03233,0.02031,0.02341,0.01039,0.02069,0.02220,0.05640,0.01550
0.13209,0.01985,0.29146,0.03836,0.00976,0.29677,0.00486,0.14882,0.00834,0.00460,0.01373,0.00551,0.00546,0.02038
0.04546,0.05067,0.34846,0.03341,0.01241,0.28439,0.02137,0.05907,0.00891,0.02765,0.01730,0.00436,0.07362,0.01294
0.01494,0.07797,0.29889,0.01806,0.15410,0.27379,0.02043,0.01547,0.01950,0.01087,0.00939,0.06298,0.00826,0.01535
0.04251,0.02465,0.15753,0.01340,0.02593,0.17019,0.04703,0.02204,0.21417,0.02785,0.03069,0.19210,0.01408,0.01783
0.01969,0.02059,0.27580,0.06589,0.12941,0.25210,0.02410,0.01653,0.01007,0.01229,0.01240,0.09616,0.00615,0.05883
0.04377,0.19861,0.18119,0.01287,0.18674,0.18171,0.02709,0.04428,0.03969,0.00859,0.02984,0.02282,0.00770,0.01509
0.04187,0.16142,0.22557,0.10069,0.04061,0.16790,0.03607,0.06452,0.01917,0.03438,0.01897,0.01980,0.03694,0.03210
0.12578,0.01325,0.33152,0.00609,0.01581,0.32641,0.01478,0.11487,0.01199,0.00968,0.00447,0.00664,0.00902,0.00969
0.01607,0.12848,0.29115,0.14954,0.01641,0.27570,0.01730,0.02007,0.01400,0.00936,0.02614,0.01091,0.00765,0.01721
0.02001,0.01079,0.11672,0.01675,0.03484,0.12766,0.09782,0.23325,0.07618,0.00686,0.01675,0.01121,0.22267,0.00848
0.02231,0.01271,0.17566,0.16336,0.02736,0.18372,0.02425,0.08274,0.01115,0.01894,0.17533,0.00962,0.07305,0.01981
0.04038,0.03592,0.34997,0.01205,0.09112,0.34247,0.00747,0.01044,0.00794,0.04717,0.00331,0.03440,0.00520,0.01214
0.00858,0.01582,0.27441,0.00880,0.01280,0.44118,0.01347,0.00959,0.01759,0.16855,0.00799,0.00766,0.00688,0.00669
0.03459,0.01545,0.12979,0.02063,0.00490,0.14336,0.03626,0.05500,0.26848,0.00802,0.01234,0.24129,0.02209,0.00779
0.01904,0.01884,0.27574,0.02191,0.19810,0.25752,0.00882,0.02124,0.01001,0.00613,0.00840,0.14029,0.00712,0.00684
0.01089,0.01325,0.19259,0.06696,0.02653,0.19077,0.14884,0.02792,0.15575,0.01905,0.05262,0.01913,0.00865,0.06704
0.03311,0.01139,0.22823,0.04175,0.19546,0.19584,0.01612,0.03168,0.00652,0.00338,0.02551,0.17235,0.01700,0.02166
0.09618,0.17832,0.15786,0.02053,0.12112,0.15913,0.01121,0.04127,0.00898,0.01524,0.00615,0.00528,0.03108,0.14766
0.00794,0.01813,0.31114,0.03122,0.14570,0.29143,0.00853,0.00998,0.01497,0.01691,0.00351,0.11712,0.01441,0.00902
0.02884,0.11575,0.32792,0.06806,0.01811,0.18813,0.03462,0.01214,0.04283,0.01138,0.00927,0.02499,0.10802,0.00992
0.01549,0.22123,0.14989,0.27754,0.02992,0.13779,0.01994,0.02175,0.01030,0.01182,0.04769,0.00696,0.01844,0.03126
0.03922,0.20106,0.19653,0.01945,0.20397,0.18484,0.00840,0.03256,0.02384,0.00970,0.00812,0.03155,0.00660,0.03417
0.04519,0.01890,0.08257,0.03088,0.02829,0.15357,0.06365,0.02328,0.24110,0.03457,0.00944,0.23443,0.01325,0.02089
0.01923,0.10190,0.31230,0.01100,0.09164,0.30423,0.01139,0.02868,0.03406,0.00837,0.01855,0.02728,0.00932,0.02204
0.13083,0.01351,0.26973,0.01730,0.03679,0.26276,0.03004,0.15582,0.01585,0.00949,0.02109,0.01057,0.01313,0.01307
0.01711,0.01942,0.25437,0.01980,0.20044,0.20334,0.02094,0.01157,0.00943,0.00758,0.01985,0.16426,0.04219,0.00970
0.06157,0.02219,0.28242,0.03085,0.01764,0.25008,0.09325,0.09024,0.01254,0.00950,0.09758,0.00609,0.01930,0.00678
0.03754,0.01108,0.40492,0.00657,0.01855,0.40677,0.02198,0.02630,0.03186,0.00942,0.00326,0.00591,0.01033,0.00553
0.08417,0.01025,0.14296,0.09585,0.01091,0.14222,0.12411,0.02319,0.18876,0.00909,0.07103,0.06495,0.00794,0.02459
0.02358,0.02635,0.40241,0.04119,0.03531,0.39696,0.00910,0.02239,0.00848,0.00669,0.00780,0.01135,0.00323,0.00515
0.02146,0.03258,0.27325,0.01526,0.03981,0.14612,0.09090,0.07288,0.03192,0.03805,0.04928,0.01531,0.15361,0.01958
0.02845,0.14434,0.21242,0.10051,0.02605,0.14013,0.00820,0.09763,0.01270,0.01127,0.01524,0.01303,0.02414,0.16590
0.03856,0.00923,0.19479,0.07206,0.01148,0.19703,0.13977,0.02144,0.15149,0.03033,0.04051,0.01529,0.00700,0.07102
0.22142,0.02611,0.19867,0.00802,0.03334,0.20171,0.00650,0.21231,0.03500,0.00714,0.00306,0.03761,0.00335,0.00575
0.01836,0.02221,0.27000,0.02427,0.17518,0.24510,0.02181,0.01784,0.02798,0.01027,0.00968,0.13441,0.00708,0.01583
0.14598,0.02328,0.20020,0.02539,0.10113,0.19036,0.03800,0.01578,0.02435,0.12914,0.00720,0.07776,0.00619,0.01526
0.06899,0.04876,0.25410,0.02971,0.01666,0.25540,0.10959,0.07156,0.03216,0.00745,0.07762,0.00888,0.00494,0.01419
0.16211,0.04409,0.12836,0.11239,0.02001,0.12814,0.05346,0.15827,0.01652,0.00839,0.05819,0.02166,0.00620,0.08221
0.01566,0.16745,0.27807,0.14171,0.01342,0.17315,0.03724,0.04695,0.02631,0.00622,0.00643,0.00734,0.05604,0.02400
0.02294,0.01355,0.20223,0.03423,0.24460,0.18070,0.01251,0.01343,0.01692,0.01922,0.01712,0.19214,0.01596,0.01448
0.03649,0.02201,0.28728,0.02528,0.15179,0.27649,0.01430,0.01361,0.01204,0.03782,0.00413,0.10554,0.00331,0.00991
0.01310,0.02120,0.28868,0.02226,0.02084,0.29262,0.01378,0.03723,0.12014,0.01203,0.00827,0.10837,0.02338,0.01810
0.01625,0.03291,0.23445,0.02653,0.01460,0.31484,0.02103,0.02704,0.09067,0.12683,0.01490,0.04918,0.01053,0.02024
0.02376,0.01710,0.19998,0.10976,0.07232,0.17803,0.09316,0.02656,0.08308,0.00523,0.08468,0.04327,0.04361,0.01945
0.01254,0.03789,0.29591,0.01929,0.04196,0.29324,0.09651,0.04373,0.08247,0.00695,0.01433,0.00749,0.03288,0.01482
0.18094,0.02731,0.23644,0.02601,0.02105,0.22794,0.03793,0.16301,0.00657,0.01297,0.01954,0.00503,0.01303,0.02221
0.07222,0.01001,0.22942,0.03158,0.13951,0.21531,0.02258,0.02255,0.04036,0.06927,0.01543,0.10411,0.01560,0.01206
0.12656,0.01269,0.22568,0.02973,0.09548,0.22292,0.01305,0.02369,0.01008,0.12453,0.01297,0.06487,0.00773,0.03002
0.01298,0.01424,0.35624,0.01530,0.03211,0.35773,0.07752,0.01903,0.06674,0.00759,0.01398,0.01256,0.00650,0.00747
0.05460,0.01055,0.08824,0.01306,0.02571,0.29996,0.02820,0.01811,0.10141,0.22390,0.01708,0.10251,0.00932,0.00735
0.05370,0.01338,0.19251,0.02312,0.00950,0.21562,0.02582,0.05314,0.16565,0.02112,0.04066,0.15359,0.01282,0.01934
0.03013,0.08193,0.36780,0.02319,0.01633,0.19530,0.03184,0.03111,0.00832,0.00619,0.04303,0.00878,0.14042,0.01562
0.02431,0.09892,0.31132,0.01465,0.12899,0.33460,0.01117,0.01720,0.01068,0.01520,0.00789,0.01177,0.00507,0.00824
0.22740,0.01675,0.14701,0.02249,0.02516,0.16378,0.04971,0.18684,0.02768,0.07060,0.02702,0.01870,0.00355,0.01331
0.03128,0.14206,0.22094,0.21123,0.01127,0.21036,0.02580,0.02611,0.04916,0.00835,0.01720,0.03187,0.00945,0.00492
0.01571,0.02757,0.15823,0.07255,0.05420,0.26390,0.03246,0.01170,0.12704,0.03202,0.05064,0.14434,0.00520,0.00443
0.06388,0.07346,0.25743,0.02357,0.07445,0.25175,0.05200,0.01683,0.02830,0.04633,0.01946,0.00893,0.01169,0.07193
0.16008,0.02401,0.20037,0.02216,0.02573,0.21778,0.04939,0.15554,0.03111,0.02760,0.01833,0.03059,0.01371,0.02361
0.01452,0.02129,0.21600,0.04640,0.01673,0.23346,0.14271,0.04282,0.15438,0.02549,0.01886,0.02615,0.01585,0.02534
0.03088,0.08609,0.29413,0.12119,0.04030,0.27067,0.02079,0.03537,0.01371,0.00495,0.01671,0.01451,0.01997,0.03073
0.02561,0.28807,0.11729,0.01620,0.26923,0.11546,0.01594,0.02439,0.01454,0.01304,0.00795,0.00815,0.03657,0.04757
0.23901,0.02969,0.12112,0.03514,0.00417,0.11386,0.07166,0.22159,0.01146,0.01216,0.07429,0.00654,0.00631,0.05301
0.01511,0.01800,0.25719,0.00914,0.02830,0.27735,0.01024,0.01875,0.16810,0.02605,0.00270,0.15198,0.00872,0.00836
0.15369,0.02997,0.25691,0.01198,0.04001,0.26096,0.01146,0.01270,0.01960,0.16637,0.00639,0.00916,0.00444,0.01636
0.01361,0.11794,0.29752,0.03698,0.10958,0.27203,0.01992,0.01615,0.01068,0.01136,0.02896,0.00624,0.04440,0.01463
0.12276,0.02170,0.29419,0.02148,0.04659,0.28391,0.01434,0.11900,0.00859,0.01296,0.00927,0.01661,0.00761,0.02097
0.05880,0.02920,0.38543,0.01264,0.01109,0.26193,0.00743,0.04902,0.01364,0.01282,0.00651,0.01026,0.13589,0.00536
0.17616,0.02534,0.21971,0.02917,0.02589,0.21097,0.05118,0.17018,0.01196,0.01276,0.03116,0.01023,0.00678,0.01851
0.21688,0.02055,0.15595,0.02238,0.02011,0.13295,0.09222,0.20482,0.01980,0.01243,0.06323,0.00785,0.01302,0.01782
0.16949,0.01119,0.19248,0.03082,0.06840,0.14195,0.02644,0.01281,0.02802,0.14610,0.02126,0.04334,0.08441,0.02327
0.04120,0.01475,0.15439,0.08921,0.01558,0.15787,0.18938,0.03924,0.16639,0.00903,0.10498,0.00580,0.00479,0.00737
0.04259,0.01408,0.24321,0.04763,0.01534,0.25821,0.07019,0.08801,0.05588,0.01013,0.05718,0.01024,0.07655,0.01076
0.02642,0.18170,0.22406,0.21545,0.01177,0.22733,0.01180,0.01442,0.01144,0.02854,0.01320,0.01087,0.00287,0.02012
0.01959,0.03469,0.38014,0.02608,0.05455,0.37086,0.02851,0.01947,0.00685,0.01283,0.01433,0.01458,0.00481,0.01269
0.03338,0.18444,0.19623,0.20860,0.02628,0.18568,0.01449,0.01989,0.02229,0.02464,0.01588,0.01718,0.00348,0.04753
0.07331,0.02702,0.18455,0.09517,0.02513,0.25572,0.03071,0.05537,0.00837,0.06435,0.14288,0.00544,0.00891,0.02306
0.01758,0.03200,0.09909,0.04093,0.03799,0.12643,0.03123,0.01831,0.27367,0.02339,0.04072,0.23799,0.01303,0.00765
0.02205,0.04051,0.16788,0.10068,0.18895,0.10612,0.03173,0.02535,0.04693,0.01487,0.04609,0.13050,0.05316,0.02518
0.02558,0.20769,0.20087,0.05655,0.13486,0.17133,0.01860,0.01784,0.01350,0.00775,0.01591,0.00489,0.00972,0.11491
0.06117,0.06154,0.23903,0.01469,0.02692,0.22034,0.05958,0.08754,0.05455,0.03569,0.01198,0.01751,0.05017,0.05929
0.04381,0.02635,0.21012,0.06209,0.04719,0.21251,0.12903,0.04028,0.12471,0.02312,0.02915,0.01537,0.00592,0.03034
0.03747,0.01927,0.33928,0.01139,0.08376,0.33452,0.00668,0.01425,0.02636,0.05459,0.00573,0.03912,0.00784,0.01974
0.02151,0.01130,0.13540,0.01605,0.01583,0.22730,0.03519,0.02968,0.19839,0.10133,0.01145,0.18086,0.00841,0.00729
0.01634,0.01673,0.24044,0.01077,0.02209,0.26369,0.06112,0.13852,0.06568,0.00922,0.00732,0.01254,0.11822,0.01732
0.02134,0.01393,0.32926,0.01655,0.12758,0.29672,0.03066,0.01005,0.02225,0.01273,0.00516,0.09720,0.00669,0.00989
0.01530,0.03626,0.14551,0.02164,0.02776,0.11164,0.25219,0.05470,0.24681,0.00699,0.00979,0.00796,0.04910,0.01436
0.04080,0.08091,0.21433,0.10497,0.06180,0.19979,0.06571,0.02809,0.04955,0.02268,0.09584,0.00401,0.02230,0.00921
0.04252,0.02684,0.13850,0.03542,0.23400,0.14251,0.00958,0.01382,0.01966,0.04629,0.00872,0.20594,0.00603,0.07016
0.14694,0.00844,0.27544,0.01007,0.01331,0.29215,0.00934,0.17267,0.01539,0.00834,0.00463,0.01482,0.01974,0.00873
0.01535,0.00909,0.31972,0.01431,0.02013,0.33566,0.11706,0.01436,0.09972,0.00789,0.01841,0.00988,0.00950,0.00892
0.02686,0.01550,0.28645,0.01360,0.02263,0.29422,0.01214,0.03138,0.14095,0.00876,0.00641,0.12624,0.00411,0.01074
0.01670,0.25158,0.20936,0.22052,0.03761,0.13498,0.03752,0.01190,0.02266,0.00940,0.00838,0.01673,0.01146,0.01120
0.02003,0.01116,0.37790,0.02460,0.02001,0.37322,0.01007,0.04368,0.02439,0.00891,0.02354,0.01329,0.03378,0.01541
0.00748,0.08603,0.37644,0.08315,0.01498,0.32367,0.01506,0.00965,0.01259,0.00405,0.00563,0.00427,0.05000,0.00702
0.03098,0.02171,0.26561,0.03873,0.02362,0.26131,0.07581,0.07118,0.06923,0.01810,0.02109,0.01539,0.07074,0.01650
0.02101,0.07228,0.32122,0.05741,0.07810,0.24657,0.03344,0.01412,0.01242,0.01272,0.01761,0.03025,0.06795,0.01489
0.04032,0.00746,0.31363,0.02498,0.08287,0.32047,0.01476,0.01412,0.02576,0.07393,0.01483,0.05144,0.00695,0.00849
0.15826,0.01210,0.22787,0.03380,0.09096,0.21340,0.00633,0.02944,0.01531,0.11644,0.00760,0.05102,0.00217,0.03531
0.02411,0.00966,0.21706,0.01234,0.01155,0.21319,0.22187,0.03426,0.22090,0.00995,0.00730,0.00743,0.00425,0.00613
0.04013,0.09477,0.30166,0.09055,0.02599,0.26045,0.00940,0.06488,0.01583,0.01027,0.00541,0.01404,0.04923,0.01738
0.02504,0.18526,0.21730,0.00850,0.19100,0.21249,0.00500,0.02340,0.03367,0.00669,0.00386,0.03708,0.00663,0.04411
0.06920,0.25085,0.11984,0.04516,0.22934,0.10582,0.02073,0.02089,0.02924,0.00614,0.00824,0.00592,0.03047,0.05818
0.02137,0.00875,0.15391,0.13711,0.02169,0.16220,0.14085,0.02638,0.15423,0.01680,0.12197,0.01346,0.00578,0.01551
0.04254,0.02124,0.23070,0.01172,0.05307,0.32771,0.01131,0.03775,0.06739,0.08391,0.00817,0.08400,0.00319,0.01730
0.08023,0.22449,0.10485,0.04914,0.17323,0.08853,0.01136,0.03155,0.00836,0.00812,0.00813,0.02651,0.00919,0.17631
0.00829,0.31001,0.08680,0.06575,0.30054,0.10161,0.02874,0.01151,0.01348,0.00536,0.05460,0.00554,0.00204,0.00573
0.10717,0.05622,0.09242,0.06666,0.02290,0.09036,0.10998,0.15428,0.07560,0.02198,0.08264,0.02306,0.04216,0.05458
0.06532,0.02314,0.31895,0.02417,0.02416,0.33146,0.04839,0.07943,0.01155,0.01302,0.02783,0.00898,0.01195,0.01165
0.07475,0.01573,0.22649,0.03612,0.13184,0.22081,0.04785,0.02007,0.01063,0.10165,0.01921,0.08374,0.00622,0.00491
0.13298,0.04799,0.23341,0.03016,0.00719,0.20981,0.08548,0.12105,0.00661,0.01410,0.08136,0.00401,0.01585,0.01001
0.01160,0.06252,0.34437,0.09647,0.01352,0.32822,0.02433,0.01947,0.02911,0.00779,0.00943,0.01502,0.00784,0.03030
0.02058,0.01832,0.21051,0.02344,0.25092,0.17502,0.01700,0.02641,0.00880,0.00725,0.01583,0.20541,0.00953,0.01097
0.03708,0.11425,0.34271,0.07554,0.02238,0.24803,0.01227,0.02402,0.00993,0.01760,0.00607,0.00830,0.06419,0.01761
0.00854,0.16662,0.22120,0.03419,0.16168,0.24233,0.00910,0.05888,0.01143,0.00581,0.01500,0.00629,0.04453,0.01441
