0.04822,0.27408,0.27032,0.16540,0.01605,0.00881,0.00418,0.01126,0.00550,0.01439,0.02479,0.01208,0.00373,0.00486,0.04142,0.06502,0.00553,0.00302,0.00470,0.01662
0.05259,0.15755,0.08018,0.01435,0.02982,0.00389,0.01267,0.00768,0.02631,0.01315,0.21265,0.05619,0.00401,0.00550,0.05821,0.19937,0.02123,0.01242,0.00293,0.02929
0.14638,0.04683,0.01495,0.01096,0.00700,0.03524,0.02260,0.01577,0.09825,0.02863,0.00531,0.00818,0.00628,0.08862,0.40722,0.01393,0.01246,0.00857,0.01019,0.01263
0.03920,0.16193,0.02005,0.02873,0.00391,0.00658,0.16984,0.01661,0.01133,0.04067,0.08076,0.02679,0.01449,0.00687,0.01122,0.06129,0.00569,0.20119,0.00508,0.08779
0.09997,0.27741,0.05690,0.01784,0.07878,0.00492,0.00928,0.00770,0.00641,0.00950,0.13465,0.00493,0.00293,0.01124,0.05989,0.15125,0.00630,0.00624,0.00828,0.04557
0.05814,0.05603,0.01243,0.08626,0.02732,0.00789,0.05535,0.08841,0.04567,0.01646,0.21210,0.01755,0.04573,0.20580,0.01688,0.00992,0.00317,0.01936,0.00593,0.00960
0.09113,0.11079,0.00661,0.01111,0.20085,0.00946,0.04662,0.10187,0.01248,0.02141,0.02065,0.07804,0.01185,0.19688,0.00370,0.03432,0.00311,0.02875,0.00438,0.00599
0.08886,0.27543,0.01637,0.00867,0.02207,0.11099,0.00739,0.00439,0.00941,0.03883,0.00873,0.03531,0.00486,0.21666,0.01519,0.00840,0.00528,0.01550,0.08422,0.02346
0.14807,0.18585,0.12181,0.00576,0.14167,0.00493,0.01744,0.00760,0.02784,0.00613,0.00426,0.00323,0.00372,0.00281,0.20952,0.00285,0.02544,0.07040,0.00198,0.00871
0.15413,0.37780,0.04989,0.00838,0.04025,0.02978,0.02370,0.01534,0.02112,0.01366,0.02451,0.00561,0.00661,0.01643,0.00482,0.01976,0.00448,0.14433,0.02597,0.01341
0.06715,0.08141,0.04763,0.00844,0.05935,0.00650,0.01239,0.06647,0.21706,0.01254,0.00780,0.03094,0.00906,0.24369,0.09282,0.00463,0.01452,0.01064,0.00215,0.00480
0.11422,0.17555,0.03224,0.05992,0.00386,0.00704,0.00390,0.02735,0.00592,0.15891,0.01065,0.03343,0.04504,0.00546,0.00202,0.00643,0.00856,0.00799,0.00386,0.28763
0.05554,0.19923,0.00938,0.00761,0.01164,0.00724,0.01223,0.02342,0.00645,0.14519,0.00661,0.19125,0.00424,0.21415,0.01168,0.03905,0.00312,0.02082,0.00405,0.02713
0.19779,0.31291,0.07279,0.05501,0.00725,0.00991,0.01089,0.01754,0.00802,0.00707,0.03134,0.00368,0.00402,0.03896,0.05103,0.04539,0.01243,0.00629,0.01250,0.09520
0.06699,0.10376,0.02469,0.02277,0.03760,0.03627,0.10808,0.03805,0.09520,0.01615,0.01040,0.01032,0.04816,0.01512,0.01096,0.10425,0.02688,0.11441,0.06095,0.04901
0.14871,0.13469,0.03898,0.01760,0.04472,0.38502,0.00711,0.01290,0.03213,0.00734,0.02978,0.00883,0.00772,0.04222,0.01053,0.01267,0.00786,0.00912,0.02701,0.01508
0.09076,0.21420,0.03705,0.02401,0.08865,0.08870,0.01352,0.22770,0.01267,0.03693,0.00911,0.00866,0.00794,0.00695,0.01651,0.02463,0.03136,0.01890,0.01531,0.02646
0.45718,0.16190,0.00939,0.01489,0.01036,0.00409,0.01147,0.01574,0.00524,0.00618,0.02316,0.00452,0.00292,0.00474,0.19223,0.05755,0.00502,0.00486,0.00375,0.00483
0.12880,0.06166,0.00899,0.25437,0.00391,0.00572,0.31101,0.01163,0.01383,0.00867,0.08692,0.02302,0.00237,0.00953,0.03680,0.00805,0.01322,0.00320,0.00536,0.00295
0.08173,0.19128,0.01996,0.00515,0.00522,0.01092,0.14228,0.03803,0.00646,0.01030,0.01427,0.00995,0.01120,0.01979,0.12774,0.01851,0.01733,0.25398,0.00656,0.00933
0.48306,0.11605,0.05969,0.01354,0.00211,0.00363,0.00630,0.00634,0.01084,0.00429,0.00665,0.02606,0.00125,0.00990,0.01115,0.02792,0.16231,0.00459,0.00263,0.04168
0.10704,0.11331,0.24403,0.04194,0.02858,0.06158,0.02987,0.02294,0.01470,0.01225,0.02535,0.01365,0.00731,0.04570,0.00388,0.06209,0.06871,0.01238,0.07661,0.00809
0.06480,0.12072,0.00498,0.01686,0.03005,0.00418,0.01500,0.42292,0.00810,0.01171,0.00415,0.00472,0.00406,0.00146,0.00645,0.00482,0.00767,0.00676,0.22818,0.03240
0.08907,0.06290,0.22848,0.02594,0.02271,0.00770,0.00698,0.15677,0.03027,0.08481,0.00841,0.03303,0.11211,0.04474,0.01109,0.01900,0.00406,0.00735,0.00484,0.03973
0.20932,0.13276,0.01598,0.26488,0.00840,0.04342,0.03657,0.07019,0.03152,0.01700,0.05187,0.00971,0.00963,0.00783,0.01300,0.01237,0.00858,0.02719,0.01236,0.01745
0.23853,0.08688,0.12066,0.26970,0.01075,0.01518,0.00545,0.03331,0.00713,0.00449,0.00527,0.00307,0.02506,0.00622,0.02041,0.00692,0.01988,0.00386,0.00710,0.11014
0.31341,0.05171,0.05214,0.01904,0.00745,0.26050,0.03021,0.01727,0.01541,0.00555,0.02087,0.00499,0.00334,0.05906,0.01228,0.01768,0.00965,0.00481,0.08970,0.00493
0.04653,0.21362,0.03576,0.06390,0.01883,0.01855,0.01097,0.11179,0.16432,0.01868,0.01070,0.01345,0.01150,0.04589,0.02572,0.08829,0.00741,0.04859,0.00562,0.03988
0.04827,0.23476,0.01809,0.02135,0.07995,0.20899,0.01049,0.00992,0.01843,0.01048,0.02195,0.01929,0.00529,0.10608,0.00515,0.01680,0.01253,0.00426,0.12702,0.02091
0.06886,0.07218,0.03435,0.00994,0.00595,0.09683,0.02270,0.04624,0.01550,0.01150,0.02028,0.00444,0.00497,0.44636,0.01781,0.00718,0.00728,0.09528,0.00854,0.00381
0.02502,0.17112,0.02669,0.00339,0.00505,0.01529,0.19652,0.04812,0.00485,0.00525,0.00466,0.01149,0.00550,0.04130,0.07418,0.05679,0.00454,0.29068,0.00407,0.00547
0.07580,0.28196,0.00988,0.00347,0.00312,0.00750,0.00749,0.04298,0.00568,0.09934,0.00459,0.16725,0.01048,0.01198,0.03675,0.03677,0.01481,0.00833,0.03440,0.13740
0.17202,0.16103,0.01797,0.00698,0.00576,0.02295,0.00365,0.08338,0.00762,0.02468,0.00871,0.21030,0.00591,0.02780,0.07636,0.01130,0.00594,0.00591,0.05625,0.08548
0.15519,0.14260,0.02163,0.01117,0.19772,0.04793,0.01165,0.04255,0.01211,0.00507,0.04445,0.00536,0.00425,0.12271,0.00820,0.14255,0.00551,0.00699,0.00591,0.00644
0.03932,0.06121,0.10880,0.30776,0.00703,0.00601,0.01335,0.01514,0.00634,0.00731,0.02380,0.00830,0.00357,0.02661,0.03454,0.01578,0.02821,0.22412,0.00946,0.05334
0.44718,0.39648,0.00902,0.03093,0.00488,0.00510,0.01135,0.00862,0.00298,0.00726,0.00593,0.00374,0.00207,0.00928,0.01236,0.00710,0.00911,0.00457,0.00533,0.01669
0.26172,0.08529,0.03318,0.02491,0.01201,0.01530,0.02678,0.03542,0.06465,0.02745,0.24828,0.01524,0.01178,0.02612,0.00469,0.04328,0.01037,0.01586,0.02994,0.00773
0.17926,0.20701,0.00931,0.10935,0.00502,0.00663,0.00372,0.09563,0.00660,0.00784,0.01095,0.00375,0.00321,0.00631,0.02799,0.29825,0.00281,0.00228,0.00254,0.01153
0.13728,0.06368,0.06412,0.03325,0.05063,0.32690,0.00324,0.06473,0.00850,0.05950,0.02030,0.00634,0.00509,0.05600,0.01047,0.00636,0.00254,0.00714,0.00410,0.06984
0.08090,0.12909,0.04958,0.00576,0.00632,0.02217,0.00439,0.02502,0.00876,0.00711,0.01799,0.43837,0.07284,0.05832,0.00690,0.02903,0.01293,0.00788,0.00737,0.00930
0.28765,0.29967,0.09985,0.02540,0.05587,0.00366,0.01684,0.01457,0.01656,0.00688,0.01244,0.00687,0.00329,0.01392,0.01578,0.01760,0.01236,0.00892,0.02520,0.05667
0.32863,0.07165,0.04714,0.01182,0.00359,0.02532,0.00765,0.01389,0.05322,0.01735,0.00821,0.24050,0.00799,0.03952,0.01248,0.00757,0.00740,0.00250,0.00393,0.08965
0.10424,0.08223,0.07081,0.01969,0.07986,0.02196,0.01721,0.01737,0.06905,0.01258,0.00806,0.07365,0.00486,0.01376,0.05861,0.09811,0.22991,0.00773,0.00276,0.00755
0.11966,0.04577,0.17519,0.01809,0.14874,0.00514,0.00772,0.03908,0.09454,0.01183,0.00297,0.00814,0.02449,0.00656,0.24632,0.00447,0.02046,0.00668,0.00336,0.01082
0.12691,0.14613,0.09779,0.01629,0.02626,0.00460,0.02260,0.02053,0.01044,0.00723,0.06866,0.01187,0.02693,0.01829,0.06170,0.02933,0.00417,0.26414,0.00680,0.02934
0.19403,0.07092,0.16421,0.03827,0.11190,0.01072,0.00978,0.08951,0.00513,0.00607,0.06241,0.00528,0.00321,0.02537,0.06764,0.04209,0.01255,0.00681,0.01113,0.06299
0.23904,0.05724,0.06396,0.02592,0.03057,0.00611,0.00998,0.01696,0.06449,0.04370,0.00801,0.01516,0.05429,0.00768,0.20557,0.00756,0.11230,0.01560,0.00423,0.01162
0.07940,0.13557,0.05280,0.03791,0.11733,0.02959,0.03359,0.00982,0.05786,0.02989,0.00976,0.04565,0.00943,0.11679,0.11537,0.02649,0.03202,0.02052,0.00545,0.03475
0.06262,0.06034,0.01166,0.02290,0.00497,0.03022,0.04523,0.17707,0.01057,0.01989,0.01177,0.01314,0.07265,0.01017,0.03819,0.01604,0.08625,0.27702,0.02214,0.00716
0.35115,0.16600,0.19938,0.00751,0.00458,0.00244,0.00228,0.00266,0.00486,0.00270,0.01242,0.01840,0.00124,0.00237,0.00388,0.00386,0.17739,0.00326,0.00229,0.03134
0.14119,0.03516,0.01333,0.03238,0.02790,0.02624,0.01308,0.27869,0.02905,0.03428,0.01071,0.00381,0.01452,0.00693,0.03010,0.01414,0.01816,0.24786,0.01496,0.00751
0.05755,0.05212,0.08871,0.00776,0.00360,0.28630,0.17233,0.12239,0.01422,0.01031,0.01648,0.00975,0.00555,0.03222,0.02408,0.00471,0.00758,0.06878,0.00434,0.01123
0.16127,0.15328,0.00526,0.01788,0.00629,0.00656,0.01346,0.01681,0.19177,0.02933,0.29248,0.00495,0.02681,0.00681,0.01803,0.01996,0.00305,0.00641,0.00434,0.01524
0.11698,0.05422,0.01464,0.01049,0.14066,0.00418,0.00637,0.16221,0.00726,0.00721,0.01376,0.00550,0.00607,0.41147,0.00941,0.01069,0.00292,0.00948,0.00203,0.00446
0.03872,0.34354,0.01512,0.00455,0.04511,0.00673,0.11891,0.01511,0.00737,0.00706,0.00555,0.00977,0.01370,0.00651,0.07811,0.00667,0.00335,0.26108,0.00633,0.00671
0.12897,0.26744,0.28947,0.05491,0.00951,0.00453,0.01728,0.01053,0.00226,0.00885,0.09246,0.00622,0.00417,0.00737,0.03908,0.01780,0.00509,0.00960,0.00830,0.01616
0.12213,0.27442,0.00526,0.00649,0.00275,0.06017,0.01564,0.00876,0.00578,0.01104,0.00421,0.00681,0.00534,0.27752,0.02627,0.00583,0.00875,0.13821,0.00992,0.00472
0.13340,0.22578,0.04871,0.01704,0.00779,0.02670,0.00953,0.01482,0.00785,0.01126,0.01551,0.03582,0.00999,0.04693,0.25914,0.04508,0.04436,0.00751,0.00736,0.02543
0.42312,0.09845,0.06331,0.15658,0.00652,0.02547,0.00917,0.05613,0.01574,0.00914,0.01906,0.00621,0.00536,0.00702,0.02438,0.03883,0.01392,0.00503,0.00416,0.01240
0.33185,0.30083,0.02051,0.03868,0.00472,0.00565,0.00402,0.03817,0.00494,0.00607,0.00398,0.00356,0.00233,0.12933,0.01008,0.00983,0.05119,0.00277,0.00440,0.02712
0.04954,0.06218,0.12817,0.12460,0.00969,0.03507,0.01567,0.02365,0.00806,0.05585,0.01571,0.04319,0.00638,0.05710,0.00890,0.27506,0.01026,0.01225,0.01002,0.04864
0.05196,0.17759,0.28225,0.00557,0.00302,0.00756,0.01709,0.01901,0.00384,0.02612,0.12385,0.12137,0.00731,0.01150,0.01977,0.01273,0.05237,0.04636,0.00485,0.00587
0.06119,0.04414,0.01200,0.01062,0.12772,0.00517,0.07134,0.05652,0.00824,0.00537,0.01493,0.01056,0.00462,0.40833,0.01071,0.00627,0.00166,0.13363,0.00220,0.00477
0.04766,0.10716,0.07360,0.09587,0.01074,0.00535,0.00937,0.11970,0.00504,0.01075,0.19557,0.12156,0.01678,0.02035,0.01533,0.02178,0.10414,0.00567,0.00493,0.00866
0.18573,0.04913,0.23155,0.03003,0.00598,0.01408,0.00524,0.10528,0.00438,0.00452,0.05665,0.00505,0.00523,0.13216,0.00292,0.12280,0.00393,0.01059,0.01818,0.00656
0.42286,0.05172,0.02338,0.06450,0.01262,0.01099,0.12934,0.04805,0.00769,0.00810,0.13694,0.00510,0.00269,0.02959,0.00556,0.00542,0.01132,0.00965,0.01053,0.00396
0.05461,0.05204,0.00891,0.27707,0.00393,0.01068,0.20472,0.03325,0.13108,0.04461,0.02867,0.07566,0.00481,0.01692,0.01233,0.00594,0.00836,0.00383,0.01597,0.00659
0.35464,0.38972,0.01386,0.03828,0.00274,0.05854,0.01349,0.00706,0.00542,0.00442,0.00572,0.00501,0.00215,0.02066,0.00376,0.02447,0.02662,0.00429,0.00898,0.01016
0.19919,0.06396,0.06311,0.00476,0.11828,0.01771,0.00464,0.04377,0.00575,0.09599,0.00684,0.06578,0.00629,0.10249,0.01234,0.01418,0.00359,0.00527,0.00969,0.15639
0.11715,0.22618,0.05549,0.15206,0.00205,0.02668,0.10224,0.14151,0.01399,0.01811,0.00929,0.01754,0.00516,0.00616,0.00424,0.01149,0.01055,0.02293,0.04914,0.00802
0.03401,0.36097,0.01928,0.00824,0.36023,0.01374,0.00851,0.02075,0.02085,0.00573,0.00805,0.00279,0.01533,0.04758,0.00821,0.01661,0.01113,0.01167,0.01907,0.00723
0.17260,0.20135,0.01568,0.00872,0.02338,0.00491,0.02451,0.03672,0.01035,0.01332,0.01413,0.02880,0.00838,0.03235,0.34293,0.01044,0.00813,0.02304,0.00662,0.01365
0.09767,0.11784,0.08966,0.07278,0.02972,0.01239,0.01043,0.01018,0.00426,0.01518,0.24500,0.02230,0.00909,0.01438,0.12719,0.08946,0.00460,0.00438,0.00717,0.01630
0.11514,0.08833,0.01183,0.01360,0.15022,0.02445,0.00546,0.13788,0.00584,0.20185,0.01116,0.00840,0.02188,0.00416,0.01470,0.00684,0.03725,0.01020,0.12273,0.00809
0.18785,0.33501,0.05787,0.03129,0.05008,0.02799,0.00984,0.02103,0.01513,0.00659,0.02267,0.00585,0.00395,0.03318,0.03727,0.01866,0.09484,0.00903,0.00613,0.02573
0.04082,0.20693,0.01968,0.01463,0.34561,0.01124,0.01297,0.06254,0.03174,0.00645,0.01339,0.03595,0.03546,0.11782,0.01093,0.00832,0.00854,0.00829,0.00341,0.00531
0.06013,0.03209,0.00694,0.00640,0.00287,0.00608,0.01721,0.19495,0.02424,0.01093,0.00507,0.00748,0.00659,0.00689,0.01279,0.00472,0.45076,0.07684,0.06304,0.00396
0.10213,0.27995,0.01728,0.00976,0.14737,0.00540,0.05088,0.04784,0.03879,0.01135,0.05999,0.01205,0.00306,0.04901,0.00576,0.04464,0.03167,0.04861,0.01824,0.01621
0.14821,0.04804,0.00481,0.07036,0.01716,0.00642,0.01600,0.03871,0.15306,0.03642,0.00944,0.00640,0.00340,0.01567,0.36532,0.00540,0.02213,0.00799,0.00633,0.01871
0.12910,0.18968,0.00782,0.15782,0.00747,0.02839,0.01172,0.01743,0.22180,0.01657,0.08261,0.00536,0.01391,0.00634,0.05672,0.01006,0.00512,0.01146,0.00321,0.01741
0.22150,0.11002,0.02650,0.00643,0.01944,0.00512,0.00597,0.15525,0.01553,0.04132,0.12937,0.01432,0.01001,0.16867,0.01119,0.04375,0.00260,0.00398,0.00191,0.00713
0.09735,0.16902,0.09639,0.00577,0.10474,0.28868,0.01423,0.03155,0.01147,0.02453,0.01222,0.00732,0.00501,0.02107,0.00393,0.02499,0.00647,0.02654,0.04470,0.00404
0.20501,0.09513,0.01342,0.06722,0.01806,0.01626,0.05206,0.05792,0.03482,0.01496,0.01572,0.04598,0.06038,0.00933,0.03802,0.20166,0.01223,0.01250,0.00652,0.02280
0.28437,0.08983,0.00713,0.06520,0.00690,0.01048,0.02054,0.05260,0.10788,0.00930,0.14275,0.00636,0.00883,0.00687,0.08415,0.05147,0.01656,0.00645,0.01500,0.00733
0.31987,0.03836,0.07517,0.05405,0.00231,0.01738,0.01033,0.03241,0.02241,0.04166,0.01254,0.03376,0.24644,0.01509,0.00543,0.01251,0.01134,0.00686,0.01998,0.02211
0.09897,0.16461,0.00751,0.01061,0.00968,0.00616,0.12200,0.32727,0.02566,0.06691,0.00591,0.00711,0.01002,0.00391,0.00771,0.00665,0.01206,0.01304,0.07573,0.01849
0.14820,0.09012,0.02298,0.00640,0.03252,0.01973,0.00615,0.04376,0.00769,0.00731,0.00851,0.43466,0.00834,0.06452,0.01486,0.01687,0.01525,0.00618,0.03897,0.00698
0.41877,0.13275,0.01835,0.01937,0.00931,0.00778,0.00853,0.01389,0.00323,0.03790,0.06421,0.02273,0.01184,0.05807,0.00347,0.00378,0.14915,0.00456,0.00596,0.00635
0.12682,0.07217,0.01631,0.01269,0.21497,0.00822,0.01751,0.05202,0.00951,0.01755,0.13401,0.00744,0.00927,0.05956,0.00837,0.18717,0.00266,0.01148,0.01401,0.01826
0.28752,0.09353,0.12467,0.01082,0.03254,0.00647,0.00761,0.02254,0.00842,0.01128,0.13494,0.01100,0.00411,0.01537,0.10199,0.02455,0.05956,0.01527,0.00435,0.02346
0.25226,0.12369,0.11128,0.01636,0.02739,0.00271,0.00761,0.04968,0.02405,0.01044,0.02520,0.00442,0.00305,0.05544,0.02417,0.03012,0.01092,0.00770,0.00624,0.20728
0.04094,0.20604,0.01265,0.03062,0.00454,0.26073,0.02882,0.00907,0.00556,0.01429,0.01418,0.03015,0.00873,0.26063,0.01861,0.01218,0.00632,0.00919,0.01983,0.00693
0.03406,0.21922,0.01605,0.00809,0.00898,0.00926,0.14926,0.08034,0.01797,0.05654,0.18708,0.01378,0.01023,0.01695,0.04884,0.01065,0.00815,0.08055,0.00993,0.01407
0.06334,0.13218,0.01852,0.00883,0.02235,0.01900,0.00785,0.03693,0.01653,0.04467,0.00610,0.04269,0.00602,0.16170,0.33549,0.03292,0.00686,0.01741,0.00379,0.01683
0.16106,0.17245,0.02208,0.01758,0.00619,0.01400,0.00724,0.34038,0.01052,0.07689,0.00851,0.00599,0.00552,0.00632,0.03653,0.01272,0.00478,0.01993,0.06085,0.01047
0.05223,0.46242,0.01101,0.01271,0.03284,0.02041,0.01377,0.02011,0.00746,0.00863,0.01752,0.01578,0.22154,0.03951,0.01369,0.02545,0.00840,0.00374,0.00433,0.00847
0.38952,0.03209,0.04544,0.01313,0.00702,0.00414,0.00831,0.02276,0.05118,0.01185,0.00383,0.03715,0.16034,0.00591,0.00347,0.00680,0.01073,0.00667,0.00488,0.17477
0.15185,0.09268,0.14506,0.01528,0.01839,0.00950,0.02316,0.05387,0.11232,0.00951,0.00679,0.01353,0.02105,0.02458,0.17632,0.00726,0.04478,0.05382,0.01166,0.00861
0.14242,0.16247,0.06088,0.01639,0.04039,0.00524,0.00673,0.03681,0.00567,0.01175,0.04880,0.00731,0.01223,0.33090,0.00974,0.07235,0.00626,0.00870,0.00360,0.01137
0.29802,0.24105,0.01761,0.04499,0.00420,0.00791,0.01182,0.01875,0.00701,0.00755,0.01418,0.00407,0.00518,0.24148,0.00904,0.03785,0.01061,0.00669,0.00375,0.00825
