0.02813,0.05686,0.04473,0.04815,0.08412,0.21645,0.12073,0.05055,0.03921,0.03101,0.03061,0.09706,0.03300,0.11938
0.02612,0.06264,0.04173,0.03879,0.03910,0.08810,0.09572,0.03260,0.01936,0.02034,0.01689,0.44920,0.02651,0.04291
0.25248,0.01650,0.25183,0.04554,0.02358,0.02167,0.07611,0.01740,0.10936,0.03626,0.04713,0.01590,0.02904,0.05719
0.10115,0.04784,0.04452,0.03315,0.16147,0.29769,0.02662,0.01839,0.03305,0.06195,0.03863,0.07367,0.03373,0.02814
0.03321,0.03546,0.02463,0.13077,0.10332,0.04620,0.29176,0.01731,0.04914,0.09864,0.07448,0.01993,0.02638,0.04877
0.40862,0.02974,0.13986,0.08284,0.04451,0.05060,0.06486,0.02217,0.02059,0.02844,0.01744,0.02367,0.03233,0.03432
0.02740,0.02215,0.02746,0.13493,0.05065,0.08865,0.42651,0.02010,0.03943,0.03335,0.04382,0.02246,0.02245,0.04065
0.02308,0.06099,0.02722,0.02349,0.36546,0.21216,0.02272,0.01713,0.03566,0.04489,0.04241,0.08248,0.01659,0.02572
0.02458,0.04717,0.02347,0.02724,0.07704,0.10163,0.03305,0.02185,0.03528,0.03771,0.04942,0.47695,0.01843,0.02620
0.04758,0.03216,0.02969,0.02187,0.45736,0.13453,0.02094,0.01851,0.03901,0.02485,0.02178,0.07706,0.02496,0.04969
0.38347,0.03856,0.08953,0.07609,0.04655,0.05485,0.11133,0.02096,0.02353,0.04412,0.02040,0.03059,0.03175,0.02826
0.10087,0.02857,0.03730,0.22386,0.04805,0.03350,0.30065,0.02185,0.04032,0.03773,0.03934,0.01836,0.03788,0.03171
0.03168,0.04444,0.02847,0.10895,0.06602,0.03458,0.44349,0.02341,0.03746,0.04080,0.05368,0.02408,0.02958,0.03337
0.02065,0.18422,0.04661,0.03116,0.11761,0.09618,0.06720,0.10333,0.05107,0.03091,0.03430,0.09303,0.07531,0.04842
0.02953,0.02825,0.01482,0.25984,0.03067,0.03078,0.46147,0.01182,0.01475,0.04881,0.02953,0.01382,0.01142,0.01450
0.14073,0.06822,0.04089,0.13678,0.15527,0.06030,0.10456,0.03327,0.04604,0.03920,0.03577,0.04206,0.04518,0.05172
0.04482,0.04971,0.02995,0.07181,0.24173,0.11322,0.04998,0.02151,0.06396,0.07628,0.09131,0.06858,0.03039,0.04675
0.02097,0.16789,0.03221,0.04619,0.20656,0.08988,0.08224,0.02711,0.03896,0.02762,0.02850,0.11457,0.07052,0.04678
0.03136,0.06024,0.06945,0.02017,0.11253,0.08290,0.04415,0.05609,0.09255,0.02765,0.03436,0.11386,0.14541,0.10928
0.02906,0.05052,0.03358,0.02231,0.11386,0.11783,0.02965,0.02571,0.03305,0.02237,0.02441,0.43937,0.02657,0.03171
0.01669,0.02851,0.03329,0.02983,0.05008,0.55109,0.07866,0.02363,0.01794,0.01514,0.01164,0.08956,0.01607,0.03788
0.06340,0.04081,0.07666,0.02769,0.25119,0.18749,0.03990,0.02195,0.04385,0.02377,0.02428,0.10113,0.04228,0.05559
0.03407,0.04657,0.03972,0.04285,0.18488,0.09222,0.04158,0.02694,0.15391,0.04557,0.07086,0.08512,0.09028,0.04542
0.07508,0.02370,0.22228,0.31230,0.03260,0.04335,0.05356,0.03254,0.03915,0.01883,0.01570,0.06400,0.02216,0.04474
0.05235,0.04743,0.04093,0.05106,0.22417,0.12447,0.08099,0.01881,0.04280,0.02460,0.02762,0.07956,0.03642,0.14879
0.03564,0.03386,0.07077,0.02981,0.16708,0.07492,0.03637,0.03385,0.16602,0.03944,0.04979,0.06222,0.05065,0.14958
0.03649,0.05198,0.01874,0.10144,0.02343,0.02427,0.51779,0.05255,0.03093,0.03500,0.04318,0.01842,0.01414,0.03165
0.08007,0.08703,0.06979,0.07399,0.08778,0.11380,0.07796,0.02835,0.04882,0.03113,0.04164,0.11220,0.06583,0.08161
0.35193,0.02310,0.24534,0.06392,0.04110,0.06004,0.05485,0.02042,0.02267,0.01982,0.01869,0.02809,0.01851,0.03152
0.27256,0.05152,0.09992,0.03607,0.05282,0.07596,0.07352,0.04148,0.03868,0.07767,0.04244,0.05398,0.03081,0.05256
0.07941,0.05141,0.02665,0.10631,0.03444,0.02426,0.40008,0.03968,0.03288,0.07987,0.04851,0.01762,0.02062,0.03824
0.07354,0.04045,0.03945,0.17343,0.02781,0.02398,0.38106,0.06504,0.02874,0.04768,0.03521,0.01541,0.02119,0.02702
0.03514,0.03170,0.02486,0.32711,0.06613,0.06547,0.27949,0.01763,0.02083,0.04292,0.02930,0.02422,0.01414,0.02106
0.04961,0.05055,0.09963,0.13230,0.04536,0.07060,0.18656,0.07523,0.06533,0.02284,0.02425,0.05685,0.05761,0.06326
0.04013,0.09603,0.06111,0.08112,0.11885,0.08940,0.07850,0.05867,0.09512,0.03647,0.05647,0.06670,0.06135,0.06009
0.07525,0.03398,0.02689,0.12267,0.04956,0.07424,0.40424,0.01796,0.02801,0.03681,0.03302,0.03731,0.02054,0.03952
0.05916,0.09147,0.08940,0.03014,0.17044,0.08059,0.03357,0.05762,0.11177,0.06267,0.08476,0.03918,0.03473,0.05449
0.04213,0.05286,0.06367,0.03131,0.04031,0.03357,0.03925,0.33331,0.08294,0.02120,0.04887,0.01754,0.12596,0.06708
0.46130,0.02533,0.04385,0.11071,0.04191,0.10069,0.05315,0.01445,0.01794,0.02379,0.02198,0.03877,0.01603,0.03010
0.05269,0.09749,0.03122,0.13420,0.18818,0.12363,0.08122,0.02179,0.03875,0.04977,0.06362,0.05925,0.02735,0.03084
0.06552,0.07178,0.08923,0.02731,0.19547,0.21941,0.03946,0.05219,0.04019,0.04590,0.03177,0.04347,0.04470,0.03361
0.04875,0.09473,0.06287,0.03032,0.08573,0.07561,0.03022,0.04198,0.20871,0.04171,0.07036,0.09050,0.05450,0.06400
0.05169,0.02703,0.02220,0.15450,0.03150,0.02514,0.48432,0.01403,0.02558,0.04816,0.06117,0.01462,0.01253,0.02752
0.13240,0.02752,0.03382,0.02375,0.32936,0.05510,0.02313,0.01048,0.05051,0.08572,0.11459,0.03893,0.02542,0.04926
0.01746,0.03235,0.01356,0.14762,0.11440,0.04554,0.48821,0.01097,0.01910,0.02356,0.03403,0.01526,0.01765,0.02028
0.03209,0.04926,0.02814,0.10164,0.06400,0.07283,0.38726,0.02621,0.03047,0.05807,0.03995,0.04938,0.02097,0.03973
0.07444,0.07538,0.12209,0.03057,0.08380,0.05627,0.10485,0.03207,0.07174,0.12996,0.05426,0.04771,0.06217,0.05469
0.03417,0.14813,0.07370,0.04571,0.10297,0.10570,0.16054,0.03169,0.03015,0.04565,0.03135,0.11360,0.04037,0.03628
0.03445,0.03899,0.03114,0.12380,0.04029,0.03301,0.38774,0.07529,0.04787,0.03467,0.04145,0.03366,0.03147,0.04618
0.07438,0.03143,0.10098,0.02491,0.05605,0.04965,0.02641,0.01700,0.16792,0.02338,0.03124,0.25610,0.07915,0.06140
0.02970,0.06767,0.02300,0.03752,0.04304,0.05285,0.13427,0.07240,0.03030,0.31576,0.11983,0.02206,0.01480,0.03678
0.19211,0.02021,0.28926,0.05315,0.04712,0.08159,0.07761,0.02151,0.03091,0.02781,0.02272,0.04193,0.02934,0.06475
0.02973,0.04332,0.03096,0.12117,0.16240,0.10793,0.14875,0.05096,0.05613,0.03666,0.03260,0.03602,0.05442,0.08894
0.04903,0.04068,0.07343,0.01905,0.13963,0.17189,0.01894,0.03846,0.14872,0.04756,0.05241,0.05715,0.07942,0.06363
0.06870,0.18421,0.04319,0.18986,0.07271,0.06287,0.05462,0.04271,0.06165,0.03064,0.04827,0.06066,0.03882,0.04108
0.05495,0.03594,0.04040,0.10489,0.04236,0.08050,0.30413,0.03606,0.02398,0.02821,0.01748,0.17566,0.01970,0.03575
0.03772,0.04666,0.13582,0.04282,0.04008,0.03542,0.15255,0.11788,0.08266,0.02917,0.02688,0.04080,0.07779,0.13375
0.02555,0.04791,0.05116,0.02959,0.14383,0.15882,0.04553,0.04892,0.10775,0.03833,0.03532,0.11945,0.08954,0.05830
0.34696,0.04680,0.04715,0.14355,0.03840,0.02637,0.08012,0.02334,0.04756,0.05667,0.05005,0.02424,0.03298,0.03582
0.04934,0.05554,0.05071,0.07279,0.12303,0.13094,0.05260,0.10214,0.06997,0.04433,0.04278,0.06168,0.04889,0.09525
0.62883,0.02365,0.05161,0.07852,0.01855,0.01399,0.04873,0.01554,0.03063,0.02325,0.02118,0.01200,0.01444,0.01909
0.21069,0.27611,0.03896,0.02950,0.02119,0.01828,0.02546,0.19473,0.04800,0.02985,0.05098,0.01392,0.01717,0.02516
0.03442,0.02918,0.01619,0.06622,0.06204,0.02807,0.37026,0.01831,0.03495,0.13858,0.11602,0.02160,0.01657,0.04758
0.01889,0.05959,0.02985,0.02331,0.15734,0.33525,0.05808,0.04588,0.03728,0.03410,0.02024,0.03909,0.09888,0.04221
0.03607,0.03300,0.04816,0.14093,0.02502,0.02851,0.51432,0.04049,0.02168,0.02290,0.01811,0.02510,0.01864,0.02708
0.03064,0.02183,0.04386,0.07338,0.07281,0.05393,0.41409,0.02558,0.04804,0.03683,0.03788,0.02297,0.02827,0.08989
0.33477,0.03511,0.14181,0.09596,0.03061,0.02631,0.08456,0.03002,0.05101,0.04599,0.04121,0.02298,0.02233,0.03732
0.02992,0.03635,0.02653,0.14542,0.06718,0.03614,0.51042,0.01457,0.01824,0.02844,0.01804,0.01798,0.02772,0.02306
0.45223,0.03235,0.06188,0.03504,0.01984,0.02065,0.05169,0.08932,0.04073,0.05064,0.03832,0.01665,0.02359,0.06707
0.03564,0.13547,0.02999,0.01703,0.41676,0.06307,0.02035,0.02145,0.03868,0.04390,0.03447,0.04662,0.06318,0.03339
0.04254,0.16463,0.04161,0.04606,0.03225,0.03734,0.06152,0.35352,0.04552,0.04382,0.05504,0.02616,0.01817,0.03183
0.01586,0.02938,0.01883,0.11013,0.05683,0.04558,0.54368,0.01700,0.03339,0.01815,0.03278,0.01917,0.02114,0.03808
0.05546,0.03432,0.04109,0.13352,0.07561,0.13647,0.14328,0.02759,0.04975,0.10835,0.08541,0.05197,0.01818,0.03900
0.03812,0.02797,0.16636,0.04942,0.07376,0.07567,0.14215,0.03645,0.07946,0.03496,0.02720,0.05954,0.09892,0.09001
0.02693,0.04491,0.02077,0.06394,0.07540,0.04688,0.36613,0.02584,0.05687,0.07392,0.09537,0.02792,0.02734,0.04778
0.12594,0.03944,0.09112,0.10119,0.16886,0.09154,0.08218,0.02904,0.04889,0.04961,0.05709,0.02646,0.03435,0.05427
0.08303,0.03195,0.04686,0.11176,0.06174,0.03666,0.19027,0.02845,0.06422,0.14505,0.10305,0.03145,0.02584,0.03966
0.05806,0.04156,0.03199,0.03475,0.37401,0.03656,0.02420,0.01342,0.05318,0.05989,0.18596,0.02404,0.02748,0.03489
0.32467,0.03507,0.04780,0.06874,0.07755,0.03789,0.02658,0.02490,0.09521,0.05358,0.09784,0.02778,0.03880,0.04360
0.13454,0.02785,0.04172,0.12844,0.05790,0.07846,0.26836,0.01527,0.03376,0.05253,0.04171,0.06543,0.02026,0.03377
0.03881,0.14194,0.04617,0.17897,0.09281,0.03928,0.09262,0.06532,0.04872,0.09392,0.05509,0.02570,0.03952,0.04112
0.08918,0.16869,0.15130,0.03887,0.08242,0.05882,0.02790,0.11739,0.05020,0.02561,0.02271,0.04525,0.08541,0.03625
0.03026,0.03275,0.02424,0.34847,0.06762,0.08825,0.23351,0.01863,0.01991,0.02530,0.02375,0.03399,0.02581,0.02753
0.08817,0.03818,0.24672,0.07172,0.05065,0.10131,0.09512,0.03325,0.03104,0.02982,0.02524,0.05621,0.05021,0.08238
0.02361,0.06268,0.05412,0.03789,0.09288,0.07232,0.05291,0.07959,0.14007,0.03041,0.03983,0.09157,0.11030,0.11180
0.07663,0.06610,0.06350,0.05296,0.11531,0.15906,0.05056,0.03562,0.06135,0.06446,0.05440,0.08267,0.06509,0.05228
0.03342,0.02377,0.03629,0.06100,0.17315,0.14593,0.24822,0.01503,0.04100,0.05544,0.05807,0.02541,0.04190,0.04137
0.07993,0.03097,0.04978,0.17467,0.07642,0.05664,0.22285,0.02839,0.04914,0.03607,0.05083,0.03503,0.02175,0.08754
0.07387,0.02168,0.44940,0.04695,0.04052,0.08180,0.06472,0.02436,0.04114,0.02102,0.02477,0.02480,0.02321,0.06175
0.01792,0.02242,0.02321,0.37889,0.06384,0.05290,0.24164,0.02522,0.04380,0.02841,0.02836,0.02101,0.02651,0.02588
0.03171,0.12644,0.02141,0.20045,0.05397,0.03685,0.25727,0.05459,0.02143,0.06569,0.04394,0.04025,0.01878,0.02723
0.27087,0.04687,0.08595,0.02181,0.03973,0.04871,0.04357,0.09017,0.04740,0.14761,0.05325,0.02092,0.03284,0.05030
0.05990,0.04262,0.04058,0.19312,0.05739,0.06233,0.30455,0.01705,0.03420,0.04349,0.05748,0.03308,0.02341,0.03081
0.03998,0.07533,0.02655,0.01561,0.12733,0.35020,0.01705,0.02619,0.03161,0.07282,0.07164,0.06385,0.02646,0.05540
0.30472,0.04455,0.06314,0.04656,0.02549,0.03576,0.09814,0.07078,0.04081,0.14739,0.04224,0.02634,0.02421,0.02986
0.03379,0.03912,0.04705,0.01567,0.20939,0.13587,0.02483,0.03168,0.09084,0.05596,0.06512,0.14417,0.05227,0.05423
0.31221,0.04889,0.07869,0.07619,0.04897,0.04305,0.03328,0.02811,0.08214,0.02925,0.06079,0.03875,0.02827,0.09141
0.05945,0.03194,0.05554,0.06339,0.06573,0.08127,0.27109,0.02656,0.04790,0.04188,0.04321,0.04652,0.03385,0.13167
0.01620,0.03938,0.03941,0.01847,0.05813,0.03960,0.05523,0.05839,0.18878,0.03462,0.03665,0.03781,0.25242,0.12492
0.28202,0.02055,0.23262,0.02267,0.02212,0.03071,0.03252,0.06173,0.04086,0.02176,0.01941,0.02228,0.01831,0.17244
