0.18306,0.02869,0.02401,0.04136,0.01802,0.03161,0.08383,0.01420,0.05224,0.03434,0.17265,0.03413,0.13728,0.02742,0.01535,0.02181,0.00581,0.03399,0.02016,0.02004
0.02244,0.01958,0.02327,0.04020,0.03740,0.02573,0.08878,0.15243,0.03744,0.01644,0.02680,0.02734,0.02540,0.01478,0.36236,0.01803,0.01270,0.02163,0.01501,0.01221
0.03229,0.01955,0.04163,0.02966,0.01709,0.02537,0.07833,0.03532,0.16037,0.02668,0.03138,0.09250,0.02443,0.02055,0.14493,0.16409,0.01082,0.01942,0.01109,0.01452
0.05698,0.26064,0.06800,0.04909,0.04955,0.03260,0.03628,0.05064,0.02505,0.01214,0.04905,0.04182,0.02435,0.06472,0.02681,0.03212,0.01657,0.01666,0.01880,0.06811
0.04625,0.09137,0.03763,0.03137,0.09791,0.01653,0.02418,0.03043,0.03669,0.01864,0.01765,0.23495,0.01326,0.08710,0.00524,0.15270,0.00839,0.03907,0.00295,0.00770
0.02860,0.02109,0.42556,0.01462,0.02126,0.01176,0.02157,0.03595,0.02250,0.01310,0.01184,0.14909,0.00775,0.01205,0.01391,0.10226,0.05664,0.00876,0.00766,0.01402
0.14890,0.03290,0.06165,0.02180,0.04070,0.02803,0.03232,0.02044,0.14894,0.01583,0.02091,0.08693,0.04451,0.02415,0.00620,0.16964,0.01683,0.06462,0.00487,0.00980
0.04099,0.02207,0.02415,0.09496,0.15053,0.03753,0.07210,0.12994,0.04803,0.02798,0.08928,0.06118,0.03328,0.04365,0.02513,0.04515,0.01080,0.01913,0.01018,0.01393
0.07180,0.02975,0.05914,0.04972,0.02691,0.04231,0.05569,0.05145,0.04909,0.04137,0.04187,0.08736,0.04648,0.11733,0.01268,0.14867,0.01269,0.02823,0.00821,0.01924
0.07723,0.02450,0.30793,0.01485,0.01500,0.00931,0.03917,0.02815,0.10048,0.00903,0.01854,0.09453,0.03599,0.01218,0.01601,0.15738,0.01540,0.01373,0.00429,0.00631
0.07974,0.01656,0.02923,0.02460,0.05386,0.03340,0.04069,0.03866,0.03154,0.01629,0.03460,0.02990,0.13688,0.04711,0.02058,0.02021,0.01815,0.31065,0.00761,0.00974
0.25262,0.01387,0.01916,0.03832,0.03390,0.00990,0.02078,0.03246,0.08779,0.00712,0.22816,0.01393,0.00669,0.16582,0.00443,0.00892,0.00487,0.01139,0.00787,0.03199
0.10954,0.02652,0.03331,0.03124,0.03146,0.09194,0.02652,0.13861,0.02312,0.03115,0.21320,0.03729,0.02041,0.05952,0.03721,0.03852,0.00888,0.01835,0.01335,0.00984
0.04787,0.02812,0.02442,0.03935,0.03969,0.02132,0.04780,0.06309,0.05783,0.01237,0.01975,0.31548,0.10336,0.01517,0.01862,0.09849,0.01147,0.01687,0.00758,0.01133
0.02954,0.01634,0.01698,0.19409,0.02287,0.01972,0.10509,0.01686,0.04690,0.03382,0.03688,0.28945,0.02835,0.02454,0.00806,0.05068,0.00940,0.03886,0.00548,0.00609
0.04450,0.06792,0.03912,0.02780,0.07311,0.04587,0.04278,0.05357,0.05300,0.06324,0.06925,0.05298,0.02216,0.11958,0.02094,0.04783,0.07458,0.02389,0.01810,0.03977
0.02627,0.05603,0.09997,0.07010,0.05813,0.02997,0.04754,0.24878,0.03824,0.02748,0.03271,0.02911,0.01446,0.05344,0.08074,0.02268,0.01536,0.02083,0.00974,0.01842
0.04448,0.02015,0.02644,0.02885,0.02843,0.02232,0.05421,0.11248,0.02227,0.01291,0.10280,0.25323,0.07216,0.02415,0.02560,0.07742,0.00820,0.03289,0.01270,0.01831
0.03136,0.03678,0.20505,0.03082,0.01541,0.01279,0.13314,0.04720,0.03785,0.01506,0.01406,0.01843,0.00560,0.14126,0.03342,0.01329,0.01941,0.06682,0.03059,0.09167
0.02960,0.05253,0.24086,0.05581,0.02459,0.02214,0.08700,0.06585,0.02737,0.02162,0.02136,0.05737,0.01816,0.04512,0.11566,0.03154,0.00910,0.04453,0.00750,0.02230
0.05297,0.01930,0.02313,0.01518,0.01647,0.01118,0.01617,0.02103,0.01795,0.00867,0.02011,0.12175,0.07807,0.02355,0.00437,0.49879,0.01684,0.02464,0.00411,0.00572
0.02176,0.15256,0.04692,0.02315,0.08129,0.02441,0.03003,0.04278,0.01757,0.01382,0.12054,0.08245,0.01088,0.12470,0.00578,0.14381,0.00841,0.00984,0.00983,0.02944
0.13395,0.08024,0.18572,0.02911,0.02455,0.01525,0.09142,0.08678,0.04867,0.01173,0.07056,0.02227,0.05733,0.02644,0.04340,0.01456,0.00738,0.03916,0.00646,0.00501
0.04751,0.06617,0.03967,0.05176,0.02925,0.08895,0.02902,0.02828,0.06124,0.04565,0.02821,0.08624,0.02502,0.03610,0.00726,0.24990,0.00769,0.04669,0.00862,0.01677
0.04062,0.07660,0.07529,0.03318,0.03002,0.02529,0.04435,0.40379,0.03365,0.01840,0.02590,0.03539,0.02363,0.01559,0.02575,0.03001,0.01573,0.02460,0.01178,0.01045
0.04885,0.01770,0.03118,0.15516,0.10757,0.02087,0.09630,0.09760,0.11522,0.01634,0.05156,0.06010,0.03319,0.04257,0.00841,0.03378,0.01767,0.02917,0.00723,0.00953
0.01896,0.25889,0.02791,0.01584,0.10790,0.01568,0.02171,0.03901,0.01754,0.00959,0.10712,0.07998,0.04007,0.09089,0.01202,0.09512,0.00810,0.02406,0.00379,0.00584
0.04360,0.02303,0.11793,0.12540,0.01891,0.02499,0.09282,0.04361,0.05596,0.05598,0.05223,0.08162,0.01796,0.02629,0.07792,0.08598,0.01102,0.02699,0.00876,0.00899
0.05228,0.03482,0.10919,0.15108,0.03933,0.02017,0.14822,0.07000,0.03514,0.01588,0.04490,0.05345,0.01995,0.08753,0.01505,0.04364,0.01723,0.02745,0.00573,0.00896
0.17002,0.02172,0.02092,0.03058,0.02514,0.05175,0.04819,0.10385,0.04228,0.01351,0.02452,0.04408,0.04936,0.03960,0.16240,0.04000,0.04273,0.03297,0.01798,0.01839
0.28685,0.03040,0.06365,0.02085,0.02199,0.01475,0.03854,0.02972,0.14984,0.01247,0.05617,0.05962,0.03872,0.02466,0.02766,0.05562,0.04156,0.01351,0.00594,0.00749
0.04354,0.05337,0.20816,0.01845,0.03184,0.02798,0.02476,0.12547,0.04416,0.02138,0.03058,0.09720,0.06104,0.02668,0.01140,0.09639,0.00738,0.05344,0.00525,0.01154
0.15311,0.02646,0.04748,0.11397,0.01465,0.02115,0.09700,0.02527,0.23038,0.00933,0.01574,0.08050,0.00863,0.01919,0.00864,0.07474,0.00726,0.02108,0.00964,0.01577
0.03902,0.02034,0.01913,0.02857,0.02836,0.01334,0.03646,0.02504,0.02952,0.01429,0.03792,0.04867,0.09008,0.02211,0.42283,0.05939,0.02221,0.02567,0.00701,0.01004
0.04435,0.04214,0.07287,0.04367,0.03770,0.04246,0.08524,0.14290,0.03052,0.02299,0.03912,0.10270,0.09028,0.02637,0.00963,0.09821,0.02492,0.01835,0.00725,0.01834
0.09921,0.05854,0.15609,0.03513,0.02775,0.01884,0.06159,0.12855,0.21217,0.00704,0.02688,0.03173,0.03005,0.01308,0.01882,0.02117,0.00574,0.02306,0.00936,0.01519
0.31321,0.02983,0.08758,0.01206,0.00954,0.01969,0.01573,0.25083,0.02922,0.00729,0.02633,0.05883,0.01708,0.01494,0.00426,0.04814,0.00349,0.01077,0.00742,0.03376
0.04747,0.04785,0.06982,0.06434,0.03045,0.04811,0.05643,0.06029,0.04260,0.03388,0.08822,0.02589,0.07333,0.05173,0.13643,0.01985,0.01194,0.04335,0.01576,0.03225
0.03366,0.02363,0.03114,0.06033,0.13746,0.03649,0.06597,0.08645,0.04629,0.02313,0.09227,0.13411,0.02725,0.02230,0.04653,0.08122,0.01487,0.01406,0.01157,0.01126
0.10402,0.03161,0.01989,0.02586,0.03520,0.01748,0.15101,0.03625,0.07715,0.01509,0.03456,0.06648,0.01712,0.22330,0.00861,0.03958,0.01683,0.06453,0.00633,0.00911
0.39611,0.02824,0.07073,0.02498,0.01835,0.01278,0.04327,0.04292,0.16154,0.00942,0.03342,0.04934,0.01301,0.02240,0.00906,0.03199,0.01090,0.01052,0.00459,0.00644
0.05608,0.02909,0.03405,0.01910,0.04591,0.02064,0.02361,0.03677,0.03368,0.02219,0.02946,0.07238,0.02837,0.04926,0.02243,0.09052,0.01702,0.33363,0.01716,0.01866
0.04260,0.02440,0.02935,0.02704,0.01905,0.01300,0.03203,0.02619,0.02446,0.01459,0.07683,0.14863,0.01862,0.13339,0.01037,0.12855,0.01142,0.19910,0.00858,0.01181
0.04701,0.05277,0.02432,0.07803,0.02581,0.02385,0.05695,0.05659,0.04724,0.01353,0.10272,0.02304,0.06730,0.23751,0.01431,0.01530,0.02139,0.03882,0.02465,0.02884
0.03577,0.02090,0.01975,0.15045,0.03385,0.02550,0.13360,0.04291,0.02552,0.02746,0.04323,0.04393,0.05066,0.11408,0.07042,0.03203,0.05982,0.03509,0.01437,0.02066
0.19469,0.01882,0.01691,0.01786,0.01920,0.02083,0.05573,0.02635,0.16391,0.01488,0.03551,0.07776,0.03902,0.04609,0.02581,0.14291,0.03727,0.03034,0.00571,0.01040
0.03927,0.03293,0.04459,0.04240,0.06880,0.01926,0.17896,0.11761,0.04481,0.02001,0.03066,0.03996,0.00953,0.05828,0.02117,0.02636,0.15927,0.01183,0.00761,0.02669
0.13398,0.03328,0.04085,0.07937,0.02746,0.04627,0.04791,0.08401,0.04339,0.02493,0.06816,0.06030,0.04121,0.07513,0.03445,0.06243,0.03071,0.02667,0.01562,0.02389
0.04091,0.01650,0.04490,0.02194,0.06315,0.01886,0.09444,0.08447,0.05879,0.01864,0.09846,0.25880,0.03961,0.02503,0.00880,0.06820,0.01139,0.01335,0.00498,0.00878
0.13237,0.06832,0.04076,0.02202,0.04086,0.04548,0.02746,0.03423,0.07275,0.06250,0.02957,0.10212,0.04047,0.02404,0.07092,0.09591,0.01316,0.04401,0.01842,0.01464
0.06287,0.01534,0.02991,0.21879,0.02108,0.02568,0.28497,0.04414,0.02535,0.01009,0.03443,0.04263,0.02895,0.03069,0.05012,0.02682,0.00945,0.02443,0.00692,0.00734
0.10821,0.02219,0.05503,0.02682,0.01526,0.01633,0.04869,0.29478,0.04622,0.00984,0.03841,0.08630,0.02985,0.01652,0.00999,0.13142,0.00652,0.01674,0.00760,0.01326
0.04662,0.07099,0.05900,0.04012,0.02915,0.02502,0.04262,0.02291,0.07730,0.01785,0.01282,0.10632,0.01473,0.05407,0.00555,0.09210,0.03534,0.21389,0.01175,0.02186
0.06263,0.04684,0.02597,0.05647,0.05327,0.02757,0.05063,0.07948,0.07355,0.01833,0.02843,0.13344,0.04976,0.05220,0.03460,0.07835,0.02556,0.05359,0.01321,0.03613
0.04827,0.02969,0.07423,0.24929,0.01910,0.01982,0.04473,0.05023,0.04965,0.02652,0.02091,0.08829,0.01935,0.03403,0.03958,0.07118,0.06969,0.02937,0.00745,0.00861
0.09584,0.02503,0.01813,0.02310,0.05534,0.04502,0.06552,0.12962,0.13280,0.03888,0.06185,0.08657,0.05321,0.01562,0.00726,0.08851,0.00886,0.02207,0.01438,0.01240
0.05234,0.03485,0.05897,0.02800,0.02733,0.02191,0.06098,0.05491,0.03656,0.02210,0.03562,0.05327,0.02399,0.14257,0.12527,0.04136,0.01187,0.10825,0.02315,0.03671
0.25311,0.01125,0.01511,0.02973,0.03391,0.10469,0.10805,0.02506,0.02593,0.01481,0.05273,0.07636,0.06356,0.03316,0.00830,0.04304,0.00530,0.08184,0.00578,0.00827
0.21679,0.01456,0.01999,0.05517,0.03543,0.01629,0.04522,0.04004,0.03528,0.01589,0.01693,0.07671,0.06730,0.01569,0.24781,0.04545,0.00793,0.01789,0.00421,0.00543
0.12816,0.03549,0.03612,0.04754,0.06960,0.01112,0.05047,0.08583,0.04881,0.01402,0.02656,0.04213,0.02636,0.06373,0.00802,0.02387,0.01634,0.23701,0.00895,0.01988
0.04936,0.04466,0.02503,0.04307,0.02197,0.02429,0.05365,0.04743,0.03658,0.10847,0.07780,0.03858,0.14891,0.09736,0.01808,0.02305,0.03346,0.08950,0.00744,0.01131
0.11114,0.04152,0.04026,0.04522,0.05142,0.03176,0.05646,0.07467,0.08901,0.02707,0.04001,0.06363,0.04546,0.07462,0.01497,0.03751,0.02421,0.08976,0.00822,0.03309
0.15357,0.03819,0.08356,0.10237,0.06780,0.03249,0.05436,0.06244,0.08706,0.01336,0.03417,0.06125,0.04795,0.05617,0.00915,0.03360,0.01822,0.03402,0.00354,0.00673
0.13053,0.00912,0.01513,0.01567,0.01384,0.01706,0.05935,0.23468,0.05976,0.01204,0.04454,0.07960,0.01151,0.03028,0.00651,0.16122,0.00621,0.01552,0.04587,0.03156
0.08291,0.07914,0.04553,0.02762,0.03239,0.03195,0.05250,0.05864,0.03062,0.02303,0.06959,0.07370,0.11985,0.03582,0.03403,0.08979,0.00826,0.02667,0.03148,0.04647
0.04667,0.02893,0.03359,0.02743,0.02289,0.02581,0.02938,0.03306,0.04848,0.02038,0.02732,0.36664,0.03164,0.02869,0.00561,0.13275,0.01854,0.04657,0.01005,0.01555
0.08970,0.03349,0.06372,0.01259,0.01684,0.01604,0.03404,0.01631,0.15889,0.01346,0.03554,0.10156,0.05752,0.02475,0.00496,0.27450,0.01401,0.01863,0.00506,0.00840
0.07337,0.03123,0.02058,0.02547,0.04051,0.03988,0.03949,0.04661,0.05913,0.01820,0.11936,0.09933,0.03445,0.08812,0.00830,0.08274,0.01791,0.10432,0.01584,0.03516
0.07438,0.03799,0.06291,0.02389,0.02047,0.01397,0.05506,0.04634,0.03417,0.01700,0.10326,0.01569,0.04653,0.02714,0.02101,0.01164,0.01039,0.35641,0.01152,0.01022
0.16737,0.01882,0.03173,0.05973,0.01843,0.01545,0.12511,0.04067,0.12218,0.00786,0.01170,0.17944,0.02733,0.01456,0.00541,0.09854,0.01352,0.02734,0.00538,0.00942
0.07632,0.02089,0.03114,0.03444,0.02774,0.03143,0.10778,0.06910,0.02867,0.04053,0.02136,0.04777,0.09708,0.02500,0.13001,0.02988,0.07865,0.04482,0.02257,0.03480
0.04586,0.04020,0.05211,0.03791,0.02875,0.05040,0.07620,0.04542,0.07373,0.03612,0.04774,0.05146,0.05493,0.04105,0.11738,0.03635,0.02339,0.11777,0.00947,0.01375
0.05542,0.05223,0.05471,0.06721,0.06313,0.03067,0.04691,0.03804,0.19241,0.06776,0.03062,0.02956,0.04412,0.02714,0.04801,0.03007,0.03755,0.01970,0.03140,0.03332
0.05144,0.01589,0.01686,0.24496,0.01418,0.02063,0.03911,0.02039,0.01993,0.01650,0.03050,0.02839,0.04718,0.12611,0.02341,0.02192,0.01703,0.18884,0.02258,0.03413
0.37850,0.02273,0.02019,0.01618,0.02612,0.01211,0.07692,0.03413,0.11860,0.01063,0.07978,0.01591,0.01320,0.10173,0.01016,0.00971,0.00764,0.01512,0.00965,0.02100
0.04948,0.04254,0.09276,0.02110,0.02013,0.01542,0.07732,0.05159,0.04989,0.00905,0.04579,0.09459,0.02049,0.06847,0.02662,0.20133,0.05834,0.03356,0.00638,0.01514
0.05967,0.01721,0.01308,0.01925,0.01928,0.01321,0.04487,0.53510,0.03787,0.00849,0.03171,0.04986,0.02106,0.02410,0.00720,0.04857,0.00821,0.02585,0.00653,0.00887
0.04759,0.02798,0.11525,0.08166,0.04324,0.03916,0.09801,0.04146,0.05696,0.02563,0.02578,0.06373,0.03406,0.04440,0.10364,0.04479,0.01790,0.04499,0.02194,0.02183
0.03129,0.11616,0.03315,0.02699,0.07020,0.02784,0.03863,0.05132,0.02800,0.02017,0.08054,0.08137,0.01919,0.12544,0.05000,0.10371,0.01314,0.01730,0.03950,0.02607
0.04614,0.08045,0.03457,0.25528,0.09778,0.02791,0.09456,0.07146,0.03742,0.01508,0.04554,0.02433,0.03614,0.03426,0.00761,0.01632,0.00407,0.05950,0.00405,0.00753
0.03188,0.01593,0.01473,0.01675,0.01473,0.02388,0.02593,0.02574,0.02546,0.00969,0.02872,0.04761,0.02009,0.30418,0.00577,0.03418,0.01735,0.31133,0.00887,0.01718
0.03461,0.03092,0.03464,0.03471,0.17537,0.04030,0.04305,0.25562,0.04943,0.01932,0.01918,0.07922,0.04292,0.02088,0.00865,0.05444,0.01293,0.02740,0.00533,0.01109
0.13765,0.01254,0.00911,0.01765,0.05061,0.01295,0.07137,0.10822,0.24606,0.00719,0.03508,0.02744,0.02255,0.10066,0.00966,0.01904,0.00759,0.08855,0.00553,0.01053
0.02190,0.03633,0.01208,0.01375,0.50387,0.00767,0.01022,0.01647,0.01284,0.00732,0.01758,0.14464,0.00945,0.03751,0.00426,0.06653,0.01817,0.01391,0.00671,0.03878
0.39788,0.05057,0.04515,0.03590,0.01148,0.03888,0.02358,0.01515,0.08834,0.06746,0.01503,0.04925,0.01135,0.02358,0.01337,0.03155,0.02141,0.02563,0.01947,0.01499
0.04265,0.02882,0.06331,0.02709,0.04744,0.07447,0.07280,0.04652,0.11162,0.03388,0.05069,0.06047,0.05598,0.03365,0.04540,0.07716,0.02919,0.08249,0.00748,0.00888
0.05917,0.04444,0.04970,0.08547,0.06509,0.02419,0.16149,0.05259,0.10627,0.01174,0.06086,0.06010,0.01435,0.04626,0.01145,0.05079,0.01205,0.03512,0.02145,0.02740
0.01246,0.01627,0.00891,0.11750,0.01133,0.00656,0.29765,0.01073,0.01695,0.00544,0.05524,0.08065,0.07171,0.03807,0.01559,0.03788,0.00713,0.17990,0.00469,0.00535
0.07733,0.02606,0.02748,0.05902,0.05168,0.03438,0.06158,0.05448,0.06819,0.04457,0.02559,0.05239,0.03438,0.04127,0.07003,0.04877,0.06757,0.08001,0.03470,0.04052
0.05782,0.02417,0.02612,0.03743,0.07437,0.03255,0.05584,0.06756,0.07224,0.01448,0.02938,0.15254,0.02992,0.03303,0.10169,0.06458,0.02661,0.05503,0.02683,0.01781
0.16197,0.01135,0.01592,0.02651,0.02397,0.01675,0.04886,0.04753,0.42756,0.01286,0.02377,0.04693,0.01044,0.02574,0.03340,0.03076,0.01052,0.01114,0.00454,0.00946
0.17973,0.01103,0.01248,0.01453,0.01195,0.01759,0.03434,0.33251,0.04718,0.00721,0.06173,0.02393,0.02747,0.14388,0.00577,0.01873,0.00720,0.03112,0.00488,0.00675
0.05009,0.05730,0.04784,0.05401,0.04458,0.05223,0.04635,0.06707,0.04120,0.03591,0.08843,0.10738,0.02313,0.05828,0.00993,0.07422,0.02252,0.03005,0.02698,0.06249
0.03178,0.07608,0.05492,0.01967,0.02886,0.01805,0.02394,0.03319,0.02340,0.01348,0.08390,0.12144,0.16748,0.04301,0.00638,0.15537,0.01705,0.06695,0.00681,0.00826
0.04521,0.09348,0.11481,0.02138,0.02580,0.02260,0.06453,0.04726,0.12728,0.02590,0.02904,0.02074,0.02871,0.08642,0.02215,0.01628,0.07335,0.07173,0.01363,0.04971
0.09365,0.04147,0.01559,0.03754,0.04045,0.03629,0.04758,0.16520,0.10013,0.03012,0.04732,0.02858,0.03373,0.09826,0.01341,0.01930,0.01889,0.07807,0.02103,0.03338
0.13742,0.01784,0.03612,0.03276,0.14779,0.02805,0.07106,0.06432,0.08885,0.03856,0.02209,0.05831,0.01359,0.07925,0.00731,0.03293,0.02985,0.03000,0.02041,0.04349
0.05821,0.05901,0.06617,0.05319,0.04773,0.02280,0.10152,0.08575,0.03851,0.01239,0.03575,0.10857,0.03944,0.09779,0.01563,0.07269,0.02385,0.04557,0.00528,0.01013
0.07027,0.02689,0.03221,0.02928,0.05000,0.02164,0.04257,0.07198,0.04278,0.01938,0.18406,0.06253,0.02515,0.11676,0.00556,0.04538,0.01355,0.01790,0.02418,0.09792
0.07277,0.06220,0.03468,0.08431,0.03014,0.01671,0.45852,0.04535,0.05372,0.01023,0.01436,0.02395,0.01696,0.00699,0.02354,0.01808,0.00343,0.01547,0.00412,0.00445
