0.14231,0.03851,0.05457,0.05987,0.08111,0.04639,0.06380,0.06279,0.03786,0.04076,0.02242,0.06586,0.03696,0.03505,0.02951,0.04906,0.02583,0.04242,0.03064,0.03429
0.13272,0.03787,0.05594,0.06077,0.07703,0.04711,0.06166,0.06024,0.04083,0.04395,0.02099,0.06741,0.03876,0.03668,0.03342,0.04995,0.02532,0.04101,0.02973,0.03862
0.13680,0.04008,0.05449,0.06037,0.07918,0.04639,0.06721,0.06078,0.04071,0.04209,0.02236,0.06629,0.03769,0.03466,0.03209,0.04985,0.02457,0.04168,0.02873,0.03398
0.12100,0.03906,0.05497,0.05880,0.07585,0.04573,0.06441,0.05850,0.03808,0.04128,0.02356,0.06683,0.04240,0.03926,0.03630,0.05225,0.02849,0.04440,0.03317,0.03565
0.12459,0.03754,0.05226,0.05700,0.07344,0.04534,0.05913,0.06007,0.03770,0.03997,0.02227,0.07138,0.04006,0.03753,0.03367,0.05487,0.03019,0.04828,0.03732,0.03738
0.11596,0.03791,0.05166,0.05713,0.07170,0.04520,0.05985,0.05866,0.03958,0.04149,0.02317,0.08014,0.04109,0.03966,0.03329,0.05514,0.02856,0.04701,0.03335,0.03946
0.13814,0.04055,0.05626,0.06221,0.07912,0.04641,0.06501,0.06107,0.04025,0.04240,0.02285,0.06497,0.03725,0.03611,0.02838,0.04871,0.02607,0.04358,0.02959,0.03106
0.12955,0.03400,0.05362,0.06109,0.07269,0.04529,0.06440,0.05863,0.04045,0.04046,0.02171,0.07170,0.04146,0.03797,0.03233,0.05504,0.02893,0.04496,0.03072,0.03499
0.13518,0.04033,0.05573,0.06131,0.07548,0.04757,0.06265,0.06078,0.04018,0.03931,0.02034,0.06595,0.03823,0.03840,0.03167,0.04941,0.02625,0.04227,0.03299,0.03601
0.14941,0.03763,0.05380,0.06235,0.07614,0.04302,0.06233,0.05699,0.03901,0.03777,0.02126,0.07207,0.03975,0.03468,0.03068,0.04946,0.02630,0.04367,0.02874,0.03497
0.12488,0.03804,0.05445,0.05977,0.07542,0.04496,0.06099,0.05917,0.03771,0.03737,0.02384,0.07283,0.03914,0.03826,0.03269,0.05228,0.02866,0.04724,0.03414,0.03814
0.12224,0.03934,0.05432,0.06175,0.07739,0.04720,0.06328,0.06132,0.04004,0.03983,0.02353,0.06612,0.04004,0.03626,0.03434,0.05091,0.02597,0.04622,0.03348,0.03642
0.14268,0.03805,0.05542,0.06107,0.07780,0.04365,0.06322,0.05645,0.03696,0.03943,0.02310,0.06553,0.03678,0.03590,0.03275,0.04900,0.02732,0.04635,0.03178,0.03677
0.15113,0.03903,0.05594,0.06345,0.08167,0.04774,0.06673,0.05981,0.03915,0.04462,0.02070,0.05928,0.03604,0.03346,0.02839,0.04726,0.02367,0.03918,0.03022,0.03253
0.16262,0.03777,0.05544,0.06034,0.08021,0.04515,0.06783,0.05977,0.03785,0.03956,0.02089,0.06431,0.03493,0.03343,0.02823,0.04874,0.02429,0.03870,0.02763,0.03230
0.15605,0.03624,0.05398,0.06170,0.07811,0.04436,0.06427,0.05920,0.03959,0.03810,0.01810,0.06755,0.03681,0.03524,0.02944,0.04870,0.02389,0.04309,0.02932,0.03627
0.15373,0.03870,0.05703,0.06400,0.08083,0.04658,0.06725,0.06291,0.04297,0.04156,0.02204,0.05424,0.03523,0.03213,0.03098,0.04463,0.02588,0.03939,0.02820,0.03173
0.16998,0.03618,0.05608,0.05949,0.08280,0.04267,0.06176,0.06187,0.03707,0.03775,0.01855,0.06585,0.03419,0.03407,0.02523,0.04475,0.02418,0.04589,0.02853,0.03310
0.11593,0.03732,0.05134,0.05542,0.07030,0.04388,0.05937,0.05962,0.03780,0.03763,0.02372,0.07910,0.04600,0.04199,0.03572,0.05694,0.02836,0.04669,0.03234,0.04054
0.13097,0.04277,0.06015,0.06401,0.07764,0.04815,0.06553,0.06432,0.04053,0.04174,0.02305,0.05987,0.03803,0.03408,0.02989,0.04633,0.02662,0.04298,0.03034,0.03299
0.12641,0.03631,0.05364,0.05817,0.07159,0.04382,0.06105,0.05611,0.03617,0.04040,0.02262,0.08061,0.04101,0.03975,0.03154,0.05975,0.02701,0.04576,0.03139,0.03690
0.13724,0.03417,0.05563,0.05975,0.07729,0.04712,0.06512,0.05943,0.04017,0.03699,0.01989,0.07504,0.03694,0.03703,0.03096,0.05074,0.02582,0.04519,0.02909,0.03638
0.12777,0.04059,0.05614,0.06680,0.07410,0.04670,0.06460,0.06276,0.04362,0.04076,0.02311,0.05969,0.03931,0.03869,0.03212,0.04995,0.02588,0.04179,0.02976,0.03585
0.17248,0.04039,0.05823,0.06312,0.08623,0.04767,0.07035,0.06242,0.03887,0.04244,0.01904,0.05543,0.03249,0.02765,0.02646,0.04154,0.02168,0.03669,0.02716,0.02966
0.12455,0.03702,0.05293,0.06437,0.07689,0.04656,0.06506,0.06058,0.03850,0.04248,0.02249,0.06707,0.03910,0.03803,0.03292,0.04943,0.02679,0.04533,0.03402,0.03587
0.17878,0.03684,0.05702,0.06274,0.08673,0.04445,0.06635,0.06526,0.03924,0.03941,0.01870,0.05669,0.03246,0.03002,0.02828,0.04195,0.02033,0.03831,0.02518,0.03124
0.14260,0.03619,0.05048,0.05753,0.07914,0.04377,0.06309,0.06002,0.03812,0.03747,0.02110,0.08051,0.03702,0.03697,0.03073,0.05698,0.02385,0.04094,0.02878,0.03472
0.12729,0.03830,0.05173,0.05831,0.07452,0.04424,0.06196,0.05595,0.03876,0.03960,0.02186,0.07187,0.04100,0.03897,0.03674,0.05339,0.02976,0.04624,0.03211,0.03739
0.13092,0.04049,0.05599,0.06327,0.08155,0.04511,0.06744,0.06427,0.04241,0.04370,0.02164,0.06248,0.03565,0.03676,0.03069,0.04664,0.02622,0.04221,0.02911,0.03345
0.11821,0.03817,0.05559,0.05964,0.07584,0.04685,0.06047,0.05856,0.04008,0.04093,0.02192,0.07540,0.04070,0.04198,0.03376,0.05368,0.02693,0.04491,0.03144,0.03494
0.12115,0.03910,0.05448,0.05961,0.07088,0.04450,0.06011,0.05727,0.03712,0.03763,0.02170,0.07815,0.04066,0.04087,0.03449,0.05566,0.02738,0.04617,0.03357,0.03951
0.12412,0.04049,0.05741,0.06110,0.07552,0.04646,0.06474,0.06064,0.04139,0.04260,0.02118,0.07339,0.03895,0.03661,0.03248,0.05046,0.02543,0.04327,0.02835,0.03542
0.12886,0.03761,0.05356,0.06019,0.07525,0.04673,0.06175,0.05957,0.03743,0.03902,0.02107,0.07394,0.03814,0.03923,0.03189,0.05324,0.02745,0.04492,0.03406,0.03610
0.13646,0.03828,0.05778,0.06185,0.07713,0.04775,0.06397,0.06218,0.04117,0.03992,0.02170,0.06486,0.03597,0.03515,0.03252,0.05008,0.02562,0.04378,0.02941,0.03444
0.13367,0.03945,0.05431,0.06241,0.07856,0.04503,0.06621,0.06395,0.03878,0.04218,0.02096,0.06547,0.03741,0.03695,0.03236,0.04778,0.02716,0.04183,0.03032,0.03521
0.11850,0.03888,0.05310,0.05989,0.07643,0.04516,0.06328,0.05930,0.03932,0.04105,0.02093,0.07393,0.03953,0.03878,0.03308,0.05375,0.02761,0.04652,0.03306,0.03789
0.14089,0.04003,0.05747,0.06510,0.07957,0.04877,0.06809,0.06313,0.03910,0.04371,0.02014,0.06085,0.03515,0.03469,0.03003,0.04702,0.02389,0.03964,0.02938,0.03333
0.14212,0.03587,0.05771,0.06049,0.07459,0.04340,0.06262,0.06201,0.04097,0.04178,0.02013,0.07180,0.03796,0.03397,0.03221,0.05133,0.02564,0.04283,0.02988,0.03269
0.14155,0.03817,0.05672,0.06093,0.07749,0.04694,0.06428,0.06545,0.03922,0.04184,0.02200,0.06382,0.03798,0.03462,0.02944,0.05052,0.02379,0.04359,0.03074,0.03091
0.15082,0.04105,0.05652,0.06015,0.07989,0.04692,0.06517,0.06228,0.04030,0.04103,0.02045,0.06304,0.03629,0.03534,0.02977,0.04791,0.02355,0.03931,0.02823,0.03198
0.14431,0.04014,0.05619,0.06364,0.08026,0.05055,0.06931,0.06461,0.04091,0.04244,0.02060,0.05602,0.03614,0.03338,0.02853,0.04743,0.02399,0.04037,0.02832,0.03286
0.12119,0.03820,0.05331,0.06137,0.07156,0.04590,0.06101,0.06124,0.04011,0.03960,0.02322,0.07436,0.04140,0.03822,0.03319,0.05519,0.02775,0.04346,0.03274,0.03701
0.14450,0.03717,0.05664,0.06209,0.07986,0.04639,0.06573,0.06464,0.03877,0.04227,0.02240,0.06049,0.03841,0.03292,0.03141,0.04674,0.02625,0.03975,0.03006,0.03350
0.13442,0.03993,0.05563,0.06403,0.07456,0.04721,0.06337,0.06308,0.03975,0.04404,0.01971,0.06923,0.03562,0.03672,0.03123,0.04865,0.02490,0.04349,0.02993,0.03448
0.13050,0.03750,0.05629,0.06235,0.07860,0.04659,0.06414,0.06162,0.04104,0.04044,0.02154,0.06614,0.03782,0.03734,0.02981,0.04823,0.02671,0.04325,0.03234,0.03775
0.14723,0.03778,0.04979,0.05887,0.07639,0.04520,0.06214,0.05655,0.03724,0.03843,0.02210,0.07811,0.03695,0.03435,0.03109,0.05259,0.02568,0.04371,0.03068,0.03513
0.15202,0.03899,0.06103,0.06720,0.07964,0.05029,0.06529,0.06384,0.04336,0.04146,0.01914,0.05313,0.03402,0.03165,0.03082,0.04350,0.02505,0.03752,0.02730,0.03477
0.14400,0.03929,0.05490,0.05831,0.07827,0.04743,0.06459,0.06160,0.04100,0.04311,0.02143,0.06320,0.03581,0.03552,0.03143,0.04654,0.02546,0.04422,0.02970,0.03418
0.13438,0.03753,0.05815,0.06141,0.07350,0.04723,0.06489,0.06724,0.04022,0.04093,0.02002,0.06606,0.03805,0.03769,0.03182,0.04939,0.02460,0.04092,0.03028,0.03569
0.15337,0.03816,0.05949,0.06096,0.07931,0.04902,0.06733,0.06006,0.04056,0.04111,0.01944,0.05879,0.03638,0.03331,0.03014,0.04605,0.02453,0.04045,0.02950,0.03204
0.14542,0.03952,0.05599,0.05839,0.08142,0.04826,0.06318,0.06444,0.03822,0.03996,0.01894,0.06499,0.03672,0.03602,0.02992,0.04827,0.02566,0.04132,0.02913,0.03423
0.16764,0.03691,0.05468,0.06376,0.07912,0.04669,0.06600,0.06321,0.03743,0.04135,0.01897,0.06175,0.03426,0.03357,0.02955,0.04297,0.02358,0.03804,0.02801,0.03249
0.12170,0.03737,0.05461,0.06106,0.07509,0.04644,0.06024,0.05767,0.03799,0.03944,0.02407,0.07322,0.03973,0.04042,0.03233,0.05285,0.02990,0.04519,0.03336,0.03731
0.14413,0.03782,0.05845,0.06353,0.07867,0.04880,0.06563,0.06048,0.03789,0.04167,0.02209,0.06072,0.03579,0.03471,0.03179,0.04692,0.02586,0.04039,0.03103,0.03363
0.14031,0.03671,0.05595,0.06002,0.07735,0.04512,0.06490,0.05914,0.03977,0.03914,0.02195,0.06665,0.03757,0.03784,0.03118,0.05060,0.02525,0.04301,0.02988,0.03764
0.14754,0.03608,0.05314,0.06078,0.07860,0.04441,0.06355,0.05831,0.03867,0.04052,0.02258,0.06516,0.03781,0.03737,0.03039,0.04795,0.02658,0.04298,0.03356,0.03401
0.17131,0.03653,0.05877,0.06216,0.08069,0.04516,0.06663,0.06082,0.03553,0.03868,0.01697,0.06475,0.03447,0.03155,0.02760,0.04718,0.02197,0.03990,0.02923,0.03010
0.17559,0.03526,0.05338,0.06023,0.07928,0.04029,0.06158,0.05567,0.03648,0.03927,0.01956,0.06586,0.03708,0.03629,0.02791,0.05163,0.02362,0.03991,0.02789,0.03323
0.12352,0.04065,0.05630,0.06451,0.07437,0.04904,0.06571,0.06166,0.04224,0.04370,0.02252,0.06132,0.03882,0.03762,0.03198,0.04625,0.02788,0.04305,0.03221,0.03663
0.14406,0.04071,0.05716,0.06410,0.07853,0.04947,0.06517,0.06044,0.03628,0.04187,0.01990,0.06246,0.03494,0.03578,0.03102,0.04647,0.02609,0.04143,0.03006,0.03406
0.12396,0.03706,0.05187,0.05719,0.07273,0.04443,0.06149,0.05790,0.03931,0.03965,0.02039,0.07562,0.04067,0.04070,0.03464,0.05517,0.03066,0.04631,0.03297,0.03729
0.14595,0.03921,0.05256,0.06268,0.08522,0.04815,0.06634,0.06283,0.04177,0.04230,0.01948,0.05875,0.03637,0.03334,0.03312,0.04357,0.02402,0.04084,0.02960,0.03388
0.12742,0.03969,0.05587,0.06340,0.07631,0.04773,0.06663,0.06235,0.04163,0.04340,0.02252,0.06121,0.03759,0.03697,0.03130,0.04725,0.02831,0.04356,0.03105,0.03580
0.14921,0.03704,0.05612,0.06002,0.07836,0.04355,0.06511,0.05690,0.03815,0.03987,0.02071,0.07298,0.03591,0.03408,0.03192,0.04984,0.02430,0.04187,0.03032,0.03374
0.14923,0.03992,0.05518,0.06290,0.07880,0.04329,0.06607,0.06211,0.04247,0.04288,0.02181,0.05951,0.03769,0.03421,0.02889,0.04710,0.02530,0.03818,0.03017,0.03430
0.14828,0.03624,0.05542,0.05895,0.08035,0.04597,0.06185,0.05847,0.03747,0.03963,0.02042,0.06747,0.03664,0.03720,0.03215,0.04884,0.02477,0.04305,0.03043,0.03639
0.16240,0.04110,0.05648,0.06576,0.08254,0.04535,0.06590,0.06104,0.03871,0.03892,0.02017,0.05925,0.03275,0.03281,0.02864,0.04491,0.02375,0.03908,0.02808,0.03239
0.12102,0.03972,0.05485,0.05876,0.07240,0.04254,0.06259,0.05857,0.03856,0.04176,0.02302,0.07389,0.04153,0.03891,0.03279,0.05554,0.02840,0.04474,0.03239,0.03802
0.14197,0.03947,0.05618,0.06181,0.07839,0.04616,0.06797,0.06131,0.03978,0.04056,0.02154,0.06211,0.03534,0.03576,0.02942,0.04760,0.02685,0.04211,0.03043,0.03524
0.13458,0.03905,0.05504,0.05942,0.07910,0.04877,0.06606,0.06185,0.03919,0.04158,0.02235,0.05762,0.03631,0.03809,0.03219,0.04746,0.02797,0.04260,0.03246,0.03832
0.16937,0.03554,0.05627,0.06191,0.08135,0.04505,0.06405,0.06090,0.03906,0.03803,0.01850,0.06703,0.03348,0.03146,0.02790,0.04633,0.02442,0.03895,0.02795,0.03245
0.13309,0.03978,0.05641,0.06136,0.08017,0.04704,0.06407,0.05945,0.04328,0.04018,0.02298,0.06183,0.03689,0.03745,0.03441,0.04574,0.02670,0.04190,0.03166,0.03560
0.13918,0.03612,0.05406,0.06101,0.07934,0.04714,0.06500,0.06067,0.03589,0.04194,0.02262,0.06621,0.03805,0.03546,0.03286,0.04883,0.02743,0.04167,0.03103,0.03548
0.11805,0.03751,0.05260,0.05978,0.07542,0.04541,0.06518,0.06112,0.03901,0.04089,0.02181,0.06834,0.04089,0.03688,0.03365,0.05291,0.02751,0.04880,0.03326,0.04096
0.15440,0.03820,0.05710,0.06194,0.08067,0.04700,0.06494,0.05807,0.03803,0.04075,0.01971,0.06288,0.03727,0.03372,0.02869,0.04928,0.02390,0.04169,0.02767,0.03410
0.14056,0.03901,0.05358,0.06299,0.07358,0.04573,0.06358,0.06124,0.03847,0.04088,0.02047,0.06811,0.03753,0.03667,0.03015,0.04930,0.02779,0.04244,0.03142,0.03648
0.15917,0.03696,0.05932,0.06362,0.07941,0.04453,0.06318,0.06271,0.03892,0.04134,0.01915,0.05999,0.03616,0.03343,0.02957,0.04551,0.02392,0.04039,0.03006,0.03265
0.12702,0.04139,0.05897,0.06295,0.07658,0.04806,0.06651,0.06177,0.04319,0.04409,0.02166,0.05968,0.03829,0.03502,0.03296,0.04518,0.02753,0.04137,0.03235,0.03542
0.15955,0.03492,0.05544,0.06295,0.07692,0.04475,0.06445,0.05908,0.03771,0.03973,0.02174,0.06158,0.03895,0.03383,0.02889,0.04725,0.02567,0.04125,0.03087,0.03446
0.14199,0.03628,0.05592,0.06065,0.07905,0.04538,0.06281,0.06398,0.03851,0.03964,0.02100,0.06873,0.03937,0.03569,0.03070,0.05022,0.02482,0.04323,0.02828,0.03376
0.13271,0.04067,0.05675,0.06438,0.07769,0.05061,0.06982,0.06240,0.03978,0.04090,0.02119,0.05697,0.03893,0.03519,0.03004,0.04575,0.02812,0.04187,0.03200,0.03422
0.11326,0.03829,0.05288,0.05568,0.06679,0.04392,0.06041,0.05827,0.03657,0.03986,0.02426,0.08262,0.04232,0.04212,0.03650,0.05687,0.02815,0.04711,0.03467,0.03945
0.12543,0.03707,0.05408,0.06157,0.07095,0.04584,0.06336,0.05876,0.03888,0.04000,0.02193,0.07285,0.04158,0.03718,0.03214,0.05560,0.02670,0.04570,0.03197,0.03843
0.14897,0.03780,0.05735,0.06111,0.08249,0.04593,0.06342,0.05988,0.04247,0.04238,0.02082,0.05935,0.03684,0.03512,0.03057,0.04625,0.02615,0.03968,0.02948,0.03393
0.13935,0.03743,0.05301,0.05772,0.07389,0.04179,0.06447,0.05612,0.03828,0.03810,0.02079,0.08183,0.03986,0.03561,0.03119,0.05571,0.02624,0.04397,0.02967,0.03497
0.12488,0.04006,0.05686,0.06323,0.07255,0.04543,0.06121,0.06118,0.04007,0.04163,0.02256,0.06999,0.03861,0.03862,0.03163,0.05087,0.02605,0.04434,0.03324,0.03699
0.15078,0.03705,0.05429,0.06038,0.07779,0.04614,0.06623,0.06254,0.03700,0.04120,0.01917,0.06918,0.03757,0.03593,0.02850,0.04795,0.02281,0.04169,0.02894,0.03488
0.14899,0.03777,0.05522,0.05906,0.07576,0.04497,0.06551,0.05923,0.03523,0.04072,0.02050,0.07082,0.03704,0.03639,0.03117,0.05271,0.02403,0.04294,0.03014,0.03181
0.15925,0.03512,0.05597,0.06094,0.08071,0.04387,0.06525,0.05970,0.03777,0.03990,0.02043,0.06373,0.03757,0.03330,0.02790,0.05046,0.02453,0.04092,0.02861,0.03407
0.15458,0.03400,0.05589,0.05820,0.07344,0.04485,0.06211,0.05706,0.03856,0.03769,0.01996,0.07435,0.03806,0.03805,0.03140,0.04895,0.02459,0.04254,0.02965,0.03608
0.12613,0.03848,0.05500,0.06452,0.07684,0.04736,0.06192,0.06108,0.04126,0.04291,0.02396,0.06723,0.03851,0.03746,0.03174,0.04748,0.02735,0.04097,0.03293,0.03690
0.14489,0.03928,0.05621,0.06120,0.07751,0.04672,0.06432,0.05996,0.03980,0.04297,0.02317,0.06207,0.03609,0.03607,0.03174,0.04721,0.02573,0.04238,0.02950,0.03319
0.12699,0.03927,0.05472,0.06274,0.07291,0.04848,0.06411,0.05856,0.03923,0.04176,0.02254,0.06734,0.03628,0.03718,0.03227,0.05405,0.02798,0.04392,0.03453,0.03512
0.11689,0.04035,0.05675,0.05982,0.07188,0.04904,0.05903,0.05971,0.04073,0.04079,0.02194,0.07054,0.04069,0.04037,0.03284,0.05224,0.02625,0.04801,0.03412,0.03799
0.11963,0.03743,0.05173,0.05556,0.07215,0.04605,0.06327,0.05668,0.04120,0.03948,0.02249,0.07981,0.03997,0.03925,0.03216,0.05811,0.02817,0.04688,0.03217,0.03781
0.13227,0.03877,0.05652,0.06109,0.08127,0.04733,0.06718,0.06347,0.04051,0.03989,0.02261,0.06178,0.04031,0.03622,0.03126,0.04900,0.02421,0.04179,0.02945,0.03507
0.11941,0.04157,0.05771,0.06147,0.07512,0.04743,0.06270,0.06031,0.04128,0.03982,0.02281,0.06930,0.04086,0.03703,0.03475,0.04998,0.02740,0.04288,0.03101,0.03716
0.13751,0.03750,0.06023,0.06281,0.07608,0.04630,0.06418,0.06159,0.04065,0.04306,0.02148,0.06479,0.03599,0.03648,0.03308,0.04673,0.02701,0.04061,0.03044,0.03348
0.11260,0.03680,0.05368,0.05735,0.06919,0.04536,0.05980,0.05823,0.03693,0.03892,0.02154,0.08344,0.04298,0.04161,0.03568,0.05957,0.02767,0.04836,0.03104,0.03925
0.14491,0.03838,0.05839,0.06141,0.07771,0.04494,0.06507,0.05835,0.03863,0.04105,0.01993,0.06713,0.03678,0.03429,0.02929,0.04797,0.02658,0.04235,0.03071,0.03615
