0.21391,0.10755,0.05452,0.06686,0.06062,0.23528,0.26126
0.29207,0.15831,0.07891,0.10678,0.11047,0.12599,0.12746
0.31278,0.17722,0.07605,0.11356,0.10540,0.10489,0.11009
0.25661,0.18138,0.08304,0.13057,0.11801,0.10465,0.12573
0.30351,0.17272,0.07186,0.10352,0.08914,0.12891,0.13033
0.35522,0.17375,0.06442,0.08729,0.08592,0.11475,0.11864
0.16032,0.07363,0.03503,0.04520,0.04535,0.29082,0.34965
0.23684,0.16945,0.08454,0.11734,0.09294,0.14353,0.15536
0.40167,0.13136,0.04975,0.06718,0.06500,0.14622,0.13882
0.32366,0.14384,0.05977,0.07831,0.07670,0.16091,0.15682
0.42509,0.12590,0.04631,0.06381,0.05826,0.13111,0.14951
0.29598,0.15168,0.06860,0.08895,0.08390,0.15005,0.16085
0.37404,0.06741,0.03339,0.04098,0.04207,0.21199,0.23012
0.39199,0.15971,0.07135,0.08915,0.08059,0.10032,0.10690
0.17790,0.07971,0.03617,0.04893,0.04955,0.30868,0.29907
0.24015,0.13866,0.06817,0.08819,0.08471,0.19018,0.18995
0.28084,0.12989,0.05604,0.07449,0.07391,0.19230,0.19253
0.30358,0.09538,0.03815,0.04789,0.05061,0.23910,0.22528
0.63356,0.09320,0.03188,0.04337,0.04222,0.07491,0.08086
0.19034,0.13740,0.06883,0.09364,0.08505,0.19045,0.23428
0.35969,0.13352,0.06269,0.08312,0.08458,0.13624,0.14016
0.41948,0.11369,0.05130,0.05917,0.05308,0.15093,0.15235
0.57806,0.10958,0.03730,0.05608,0.04851,0.08303,0.08744
0.27321,0.14047,0.06952,0.08961,0.07879,0.17338,0.17503
0.36601,0.17161,0.06978,0.08724,0.09142,0.09992,0.11403
0.21390,0.13872,0.08295,0.09330,0.08457,0.19249,0.19408
0.30099,0.12511,0.05000,0.06678,0.06278,0.19242,0.20192
0.32991,0.13587,0.05854,0.07729,0.06842,0.16015,0.16981
0.47703,0.11317,0.04787,0.05900,0.05757,0.11815,0.12718
0.39991,0.13796,0.05679,0.07926,0.06940,0.12140,0.13527
0.39909,0.14138,0.06565,0.08972,0.07815,0.10639,0.11963
0.45642,0.12746,0.04229,0.05853,0.05364,0.12632,0.13534
0.37600,0.14298,0.05778,0.07221,0.07508,0.13064,0.14531
0.26695,0.12163,0.05443,0.06402,0.06530,0.20478,0.22289
0.26100,0.10424,0.04458,0.05124,0.05624,0.24105,0.24165
0.38976,0.14707,0.05412,0.07253,0.06478,0.13294,0.13878
0.34126,0.15181,0.06618,0.10053,0.08127,0.12747,0.13149
0.32610,0.17645,0.07405,0.10002,0.09030,0.11548,0.11760
0.31195,0.09955,0.04562,0.06022,0.05615,0.21330,0.21321
0.31260,0.13304,0.04810,0.07194,0.06521,0.17753,0.19157
0.41073,0.12490,0.05205,0.06793,0.06503,0.13180,0.14756
0.24603,0.14925,0.07908,0.09766,0.09019,0.16694,0.17086
0.41888,0.12810,0.04889,0.07257,0.06349,0.12515,0.14292
0.30889,0.15740,0.07029,0.09389,0.09461,0.13479,0.14013
0.27096,0.14246,0.05829,0.08601,0.07878,0.17768,0.18582
0.46863,0.14328,0.04983,0.07251,0.06088,0.09807,0.10680
0.24993,0.13670,0.06337,0.08475,0.08058,0.18558,0.19909
0.36133,0.16531,0.07054,0.10120,0.09678,0.09754,0.10729
0.23856,0.09425,0.04305,0.05949,0.05972,0.24592,0.25900
0.26631,0.16002,0.07410,0.10333,0.08784,0.15428,0.15411
0.17423,0.09919,0.05382,0.06909,0.06032,0.26924,0.27411
0.27725,0.15139,0.07292,0.08717,0.08933,0.15597,0.16597
0.19999,0.10972,0.06072,0.07347,0.06676,0.22858,0.26076
0.39628,0.14320,0.05019,0.07127,0.05879,0.13306,0.14721
0.36694,0.13865,0.05709,0.07207,0.07229,0.14004,0.15293
0.41784,0.14949,0.05312,0.07720,0.07145,0.10898,0.12191
0.28081,0.13859,0.05985,0.08430,0.08190,0.16178,0.19278
0.30731,0.16190,0.07790,0.09471,0.08787,0.13429,0.13601
0.37843,0.13243,0.05692,0.07692,0.07124,0.13887,0.14520
0.39638,0.13004,0.05824,0.06983,0.06499,0.14149,0.13902
0.34521,0.14216,0.05692,0.07607,0.07891,0.14564,0.15510
0.18681,0.09385,0.04502,0.05962,0.06192,0.28881,0.26397
0.33031,0.14385,0.06094,0.08191,0.08398,0.15077,0.14823
0.26973,0.14038,0.06887,0.08671,0.08402,0.17136,0.17893
0.22560,0.15565,0.07550,0.10174,0.09183,0.16357,0.18611
0.42563,0.16019,0.05150,0.08788,0.07823,0.08934,0.10723
0.43670,0.13008,0.04780,0.06517,0.05930,0.13134,0.12961
0.29468,0.13486,0.05950,0.08168,0.07419,0.16651,0.18859
0.24763,0.15184,0.06016,0.08214,0.07540,0.18205,0.20077
0.28078,0.14356,0.06439,0.07937,0.06967,0.16870,0.19353
0.35488,0.14995,0.06949,0.08940,0.08929,0.12117,0.12582
0.28214,0.16316,0.08832,0.11848,0.09709,0.12643,0.12439
0.35956,0.12602,0.05454,0.07322,0.07643,0.14974,0.16049
0.42068,0.14342,0.05583,0.06775,0.06586,0.12577,0.12069
0.33274,0.10655,0.04306,0.05876,0.05739,0.20591,0.19560
0.32188,0.15289,0.06654,0.08807,0.08354,0.13771,0.14936
0.32847,0.11059,0.04127,0.06178,0.05803,0.19112,0.20872
0.18832,0.13001,0.06765,0.09130,0.08110,0.21202,0.22960
0.45097,0.14140,0.05808,0.08195,0.07458,0.09406,0.09896
0.32057,0.16194,0.07177,0.10130,0.09856,0.11721,0.12864
0.33401,0.12970,0.05346,0.07042,0.07176,0.15911,0.18154
0.45895,0.14226,0.05759,0.07568,0.07343,0.09501,0.09708
0.31070,0.12870,0.06181,0.07793,0.08226,0.17345,0.16514
0.31416,0.14870,0.06280,0.08735,0.08165,0.14713,0.15820
0.37286,0.14158,0.05587,0.07339,0.06819,0.13865,0.14947
0.31457,0.16275,0.06854,0.09943,0.08462,0.13245,0.13764
0.35580,0.12782,0.04648,0.07085,0.06998,0.16340,0.16567
0.21996,0.15437,0.08416,0.10384,0.09796,0.16660,0.17311
0.16069,0.10506,0.05973,0.07096,0.06898,0.27534,0.25924
0.27584,0.11528,0.04883,0.06994,0.06450,0.19948,0.22613
0.42228,0.15865,0.06272,0.08924,0.07969,0.08660,0.10081
0.39562,0.15793,0.06685,0.08420,0.09673,0.09829,0.10038
0.24851,0.13179,0.05969,0.08001,0.06926,0.19533,0.21541
0.42245,0.13718,0.06022,0.08107,0.07803,0.10335,0.11771
0.23491,0.12975,0.06134,0.07704,0.08269,0.19841,0.21586
0.28050,0.11773,0.05232,0.07130,0.05745,0.19710,0.22360
0.41740,0.10849,0.04917,0.06571,0.05982,0.13435,0.16505
0.52158,0.13154,0.04365,0.06719,0.07022,0.08123,0.08459
0.32003,0.14308,0.06445,0.09842,0.08722,0.13977,0.14703
0.40732,0.12900,0.04429,0.06529,0.05581,0.14269,0.15559
