0.31650,0.15730,0.07310,0.09703,0.09187,0.12756,0.13665
0.15789,0.13806,0.09570,0.11882,0.10833,0.18497,0.19623
0.23530,0.14571,0.06476,0.09403,0.07649,0.18285,0.20086
0.43222,0.12166,0.03310,0.04543,0.04471,0.15742,0.16547
0.26528,0.14133,0.07820,0.10012,0.09460,0.15470,0.16577
0.33130,0.12702,0.04879,0.06560,0.05818,0.17708,0.19203
0.31757,0.13209,0.05818,0.06027,0.06091,0.17983,0.19114
0.34631,0.14658,0.06684,0.08552,0.08604,0.12872,0.13999
0.35639,0.16039,0.06542,0.08543,0.08172,0.11990,0.13075
0.31412,0.16574,0.07791,0.10313,0.10288,0.11300,0.12322
0.29865,0.14356,0.05733,0.08090,0.07673,0.16265,0.18019
0.24250,0.14319,0.07213,0.09628,0.09294,0.17059,0.18238
0.30208,0.16342,0.08090,0.10443,0.09542,0.11945,0.13430
0.19271,0.13177,0.07594,0.10133,0.09416,0.19284,0.21126
0.30344,0.13972,0.05635,0.07663,0.07019,0.16914,0.18454
0.49100,0.17514,0.04199,0.06108,0.05725,0.08323,0.09030
0.28526,0.14408,0.07011,0.09100,0.08931,0.15455,0.16569
0.25344,0.16245,0.09049,0.11501,0.11802,0.12435,0.13625
0.20900,0.10047,0.04421,0.05670,0.05498,0.25883,0.27581
0.23701,0.13475,0.07054,0.08926,0.08971,0.18038,0.19835
0.23290,0.15985,0.08965,0.11958,0.11257,0.13831,0.14713
0.28520,0.13886,0.06378,0.08325,0.07868,0.16733,0.18290
0.37263,0.15530,0.05977,0.08050,0.07293,0.12454,0.13434
0.32667,0.16352,0.08021,0.10608,0.10020,0.10552,0.11779
0.21108,0.15505,0.10375,0.13136,0.13583,0.12664,0.13629
0.38814,0.17318,0.07227,0.10067,0.09478,0.08350,0.08746
0.29495,0.14362,0.06864,0.08245,0.08152,0.15872,0.17010
0.29670,0.14107,0.06288,0.08153,0.07487,0.16433,0.17862
0.24101,0.15324,0.09658,0.11586,0.11678,0.13467,0.14185
0.27917,0.14397,0.07092,0.09160,0.09380,0.15267,0.16788
0.25837,0.15740,0.09366,0.11548,0.11809,0.12346,0.13355
0.23263,0.11596,0.05446,0.07114,0.06571,0.22130,0.23879
0.28729,0.15047,0.07361,0.10160,0.09173,0.14163,0.15367
0.35949,0.15747,0.06412,0.10129,0.08769,0.10866,0.12127
0.20756,0.11643,0.06604,0.07932,0.07932,0.21695,0.23437
0.30340,0.18309,0.08421,0.11382,0.10799,0.10031,0.10719
0.34415,0.14126,0.05338,0.07069,0.06681,0.15776,0.16595
0.32737,0.15271,0.06560,0.08791,0.08910,0.13092,0.14639
0.30645,0.13503,0.05394,0.07572,0.06826,0.17153,0.18908
0.29941,0.14024,0.06131,0.08357,0.07948,0.16111,0.17489
0.18442,0.10420,0.05648,0.07336,0.07226,0.24260,0.26668
0.23612,0.12602,0.06683,0.08688,0.08452,0.19564,0.20399
0.21715,0.15157,0.09883,0.11985,0.11061,0.14495,0.15705
0.23060,0.14801,0.07155,0.09783,0.08560,0.17736,0.18904
0.22576,0.10622,0.05450,0.06851,0.06813,0.22559,0.25130
0.26454,0.12538,0.06024,0.07848,0.07457,0.19077,0.20602
0.42793,0.15425,0.05800,0.07046,0.07659,0.10132,0.11145
0.20661,0.13516,0.08056,0.09600,0.09610,0.18320,0.20237
0.39176,0.16780,0.05421,0.08098,0.07177,0.11075,0.12274
0.46394,0.14205,0.04415,0.05757,0.06104,0.11074,0.12052
0.35924,0.16305,0.07374,0.10336,0.10095,0.09619,0.10347
0.32000,0.16653,0.07774,0.10330,0.09421,0.11392,0.12430
0.37516,0.16452,0.07122,0.09577,0.08772,0.09736,0.10824
0.25527,0.15276,0.08694,0.10908,0.10662,0.13830,0.15103
0.16765,0.08317,0.03890,0.05121,0.04799,0.29507,0.31600
0.47592,0.16908,0.04832,0.07260,0.06422,0.08170,0.08817
0.29176,0.14909,0.07042,0.09141,0.09464,0.14362,0.15907
0.34544,0.16561,0.07244,0.10391,0.09677,0.10344,0.11239
0.28633,0.17066,0.09491,0.11312,0.10952,0.10766,0.11781
0.35473,0.17165,0.07524,0.09316,0.09472,0.10044,0.11007
0.28642,0.14749,0.07625,0.09657,0.09475,0.14371,0.15481
0.27661,0.13559,0.06323,0.08226,0.07467,0.17945,0.18820
0.28844,0.15564,0.07471,0.09903,0.09608,0.13747,0.14864
0.38969,0.15489,0.05011,0.06973,0.06241,0.13100,0.14217
0.27356,0.15000,0.07779,0.10155,0.09049,0.14697,0.15965
0.27081,0.14812,0.08693,0.10330,0.10165,0.13909,0.15012
0.27025,0.15239,0.07590,0.10332,0.09197,0.14677,0.15940
0.37183,0.15561,0.05923,0.08298,0.07333,0.12384,0.13318
0.41516,0.15137,0.05107,0.07619,0.06697,0.11318,0.12606
0.24902,0.11785,0.06883,0.08433,0.09001,0.18817,0.20180
0.26810,0.13834,0.06963,0.08660,0.07917,0.17114,0.18702
0.24691,0.13953,0.07500,0.09588,0.09403,0.16808,0.18057
0.25509,0.14278,0.07220,0.09028,0.09261,0.16551,0.18153
0.31238,0.14434,0.07268,0.08716,0.08621,0.14374,0.15349
0.23284,0.13327,0.07612,0.09367,0.10082,0.17214,0.19114
0.20323,0.12707,0.07590,0.08946,0.09000,0.19969,0.21464
0.30490,0.13633,0.05413,0.07678,0.07020,0.17328,0.18439
0.33120,0.14316,0.05740,0.07850,0.07174,0.15043,0.16758
0.34775,0.15216,0.06901,0.08680,0.08849,0.12146,0.13433
0.32506,0.14715,0.06933,0.07715,0.07677,0.14643,0.15810
0.26864,0.13174,0.06625,0.07596,0.07583,0.18254,0.19903
0.31258,0.13684,0.05483,0.07310,0.06481,0.17390,0.18395
0.34696,0.19150,0.06498,0.10386,0.08139,0.10023,0.11109
0.20296,0.11370,0.06364,0.06933,0.06919,0.23428,0.24690
0.27496,0.14020,0.07293,0.09441,0.08671,0.16034,0.17045
0.39857,0.16988,0.06768,0.08668,0.08690,0.08987,0.10042
0.33212,0.14770,0.06579,0.08118,0.07542,0.14404,0.15375
0.33337,0.14444,0.06780,0.08927,0.08728,0.13402,0.14382
0.24535,0.15893,0.09859,0.11750,0.11899,0.12271,0.13794
0.39946,0.15394,0.05624,0.07994,0.07139,0.11107,0.12795
0.17337,0.08073,0.03575,0.04893,0.04346,0.30228,0.31547
0.36856,0.15646,0.05620,0.07468,0.06869,0.12870,0.14672
0.34932,0.14532,0.05671,0.08158,0.07304,0.14245,0.15158
0.26659,0.14565,0.07400,0.09261,0.08678,0.16046,0.17392
0.30023,0.13109,0.05713,0.06813,0.06803,0.18124,0.19415
0.33687,0.13782,0.05119,0.06698,0.06123,0.16510,0.18080
0.23289,0.14235,0.07443,0.09552,0.09451,0.16832,0.19198
0.53164,0.18149,0.03705,0.05281,0.04862,0.06920,0.07919
0.29841,0.15854,0.07927,0.10912,0.10108,0.12069,0.13290
0.23109,0.13953,0.07782,0.10103,0.09892,0.16745,0.18415
0.36763,0.16543,0.07118,0.09050,0.08913,0.10166,0.11448
0.31477,0.16701,0.07973,0.10493,0.10122,0.10997,0.12237
0.21122,0.12650,0.06466,0.08967,0.08651,0.20210,0.21934
0.23983,0.12919,0.06462,0.08208,0.08147,0.19298,0.20982
0.22330,0.12873,0.06956,0.08988,0.08786,0.19120,0.20947
0.31172,0.14526,0.06916,0.08763,0.08873,0.14201,0.15548
0.26721,0.16260,0.08099,0.11543,0.10616,0.12676,0.14084
0.42783,0.15882,0.04302,0.06114,0.05702,0.12521,0.12697
0.31222,0.13186,0.05650,0.07516,0.07242,0.16851,0.18332
0.30674,0.15661,0.07508,0.09516,0.08953,0.13221,0.14467
0.31991,0.14787,0.06605,0.08640,0.08064,0.14310,0.15603
0.19676,0.13897,0.08306,0.11362,0.11196,0.17062,0.18502
0.23864,0.13200,0.07326,0.08723,0.08665,0.18392,0.19830
0.28205,0.13313,0.06540,0.08241,0.07857,0.17685,0.18159
0.24092,0.16381,0.08323,0.11113,0.10216,0.14208,0.15669
0.26198,0.14338,0.07368,0.09311,0.09319,0.15975,0.17492
0.40382,0.15724,0.05764,0.07685,0.06797,0.11185,0.12464
0.27271,0.14564,0.07542,0.10307,0.09792,0.14700,0.15823
0.31041,0.16487,0.07320,0.10339,0.09664,0.12016,0.13134
0.40138,0.13585,0.05419,0.06635,0.06464,0.13095,0.14664
0.36490,0.14482,0.05482,0.07257,0.06467,0.14185,0.15637
0.35785,0.16505,0.06607,0.09796,0.08622,0.10846,0.11839
0.30770,0.14805,0.06826,0.09222,0.08738,0.14104,0.15535
0.42512,0.17982,0.06585,0.09563,0.08566,0.06962,0.07831
0.32380,0.15137,0.06964,0.08909,0.08528,0.13276,0.14806
0.35710,0.16508,0.07702,0.10181,0.09335,0.10042,0.10521
0.29576,0.15859,0.07649,0.10195,0.10296,0.12785,0.13640
0.35084,0.14055,0.04751,0.06783,0.05860,0.16006,0.17462
0.31617,0.13936,0.07223,0.09090,0.09637,0.13763,0.14734
0.30144,0.14024,0.06387,0.08673,0.07460,0.15933,0.17378
0.32700,0.15216,0.06540,0.08282,0.08199,0.13889,0.15174
0.20016,0.17718,0.09153,0.13107,0.10749,0.13941,0.15316
0.31053,0.16029,0.07827,0.10681,0.09899,0.11952,0.12559
0.28165,0.13796,0.06618,0.08395,0.08121,0.16581,0.18324
0.22918,0.12226,0.06626,0.08347,0.08405,0.19888,0.21590
0.28531,0.14646,0.09241,0.10164,0.10704,0.12926,0.13787
0.28171,0.16117,0.08641,0.10639,0.10438,0.12434,0.13560
0.22773,0.11295,0.05690,0.07227,0.07413,0.21835,0.23767
0.36090,0.15027,0.06348,0.08627,0.07852,0.12462,0.13594
0.21392,0.11595,0.05783,0.07378,0.07331,0.22308,0.24212
0.27459,0.12966,0.05229,0.07251,0.06844,0.19205,0.21046
0.29263,0.16027,0.08136,0.10723,0.09889,0.12628,0.13332
0.23550,0.12891,0.06279,0.08880,0.08093,0.19462,0.20845
0.27692,0.15001,0.07346,0.09440,0.09614,0.14662,0.16245
0.32718,0.15458,0.06683,0.09146,0.08843,0.12773,0.14379
0.33116,0.15732,0.07502,0.09652,0.09228,0.11930,0.12840
0.30012,0.15079,0.07401,0.09121,0.08865,0.14120,0.15402
0.33850,0.13292,0.05139,0.06599,0.06624,0.16520,0.17976
0.34314,0.15051,0.06401,0.08031,0.08038,0.13486,0.14680
0.35115,0.17123,0.07533,0.09559,0.09447,0.10102,0.11121
0.28319,0.12437,0.05429,0.06582,0.06529,0.19753,0.20951
0.39912,0.16297,0.06068,0.08306,0.07837,0.10227,0.11353
0.37934,0.15245,0.05205,0.07326,0.06850,0.13034,0.14406
0.32388,0.14416,0.05804,0.07957,0.07555,0.15103,0.16776
0.32166,0.16249,0.08194,0.10999,0.10226,0.10812,0.11354
0.36827,0.14196,0.05124,0.06247,0.05903,0.15107,0.16595
0.19215,0.14243,0.07300,0.10333,0.10010,0.18318,0.20581
0.37904,0.14840,0.05714,0.08385,0.07547,0.12142,0.13470
0.20208,0.13431,0.07901,0.09582,0.09659,0.18898,0.20320
0.35449,0.15038,0.05928,0.08431,0.08059,0.12850,0.14246
0.35629,0.15321,0.06288,0.08919,0.07717,0.12543,0.13582
0.26644,0.15880,0.10010,0.12950,0.12402,0.10620,0.11493
0.25841,0.13508,0.06761,0.09338,0.08693,0.17128,0.18731
0.21762,0.15311,0.09007,0.11826,0.11269,0.14967,0.15857
0.29332,0.13736,0.06880,0.08331,0.08538,0.15830,0.17354
0.26044,0.11956,0.05183,0.07063,0.06854,0.20618,0.22282
0.24525,0.14805,0.06557,0.09346,0.08209,0.17426,0.19132
0.36289,0.16618,0.07217,0.09430,0.08926,0.10239,0.11281
0.34254,0.13911,0.06738,0.07991,0.08709,0.13493,0.14904
0.24867,0.16149,0.09460,0.11759,0.11739,0.12500,0.13527
0.26013,0.15894,0.08895,0.10368,0.09971,0.13917,0.14940
0.27548,0.13388,0.05961,0.08044,0.07593,0.18099,0.19367
0.38017,0.15806,0.06083,0.08402,0.07882,0.11399,0.12410
0.24222,0.12218,0.05845,0.07507,0.07563,0.20264,0.22381
0.22837,0.10976,0.04996,0.06526,0.06516,0.23202,0.24947
0.23551,0.12549,0.06704,0.08939,0.08205,0.19109,0.20943
0.26470,0.14978,0.08974,0.10245,0.10110,0.14239,0.14985
0.25851,0.12856,0.06662,0.08540,0.08746,0.18108,0.19237
0.29750,0.12940,0.05818,0.07236,0.07122,0.17975,0.19160
0.24498,0.12815,0.06410,0.07892,0.07586,0.19684,0.21115
0.23533,0.14151,0.09010,0.10862,0.11036,0.14894,0.16513
0.26954,0.12519,0.05913,0.07182,0.06751,0.19398,0.21282
0.40961,0.15416,0.04729,0.06807,0.06381,0.12346,0.13361
0.36923,0.16583,0.07107,0.09718,0.08998,0.09713,0.10959
0.24312,0.17594,0.09996,0.12466,0.11839,0.11162,0.12631
0.36052,0.16174,0.06680,0.09322,0.08879,0.10760,0.12133
0.32217,0.15879,0.07580,0.09750,0.09536,0.11861,0.13177
0.29628,0.14003,0.06378,0.08403,0.08309,0.16152,0.17126
0.36462,0.15599,0.06004,0.09096,0.08261,0.11635,0.12942
0.32524,0.15957,0.06760,0.09082,0.08484,0.12946,0.14248
0.21471,0.13728,0.07782,0.11399,0.09814,0.17161,0.18646
0.30185,0.16250,0.07874,0.10284,0.10033,0.12233,0.13142
0.27236,0.16411,0.08386,0.12204,0.11332,0.11295,0.13136
0.36649,0.15681,0.06400,0.08465,0.08094,0.11846,0.12865
0.29085,0.14135,0.06056,0.08825,0.08408,0.16252,0.17239
0.25168,0.14518,0.07509,0.10278,0.10150,0.15617,0.16760
0.33032,0.15871,0.06775,0.08755,0.08420,0.13094,0.14052
0.40080,0.15940,0.06039,0.08038,0.07377,0.10941,0.11584
0.52763,0.16611,0.05104,0.06706,0.06560,0.06019,0.06237
0.29192,0.13438,0.05845,0.07615,0.07153,0.17298,0.19458
0.21146,0.11756,0.05688,0.07368,0.06686,0.22744,0.24611
0.25981,0.14017,0.08293,0.09565,0.09535,0.15807,0.16802
0.30218,0.15194,0.06933,0.09191,0.08567,0.14292,0.15605
0.18720,0.10031,0.04592,0.06712,0.06350,0.25920,0.27675
0.41804,0.15770,0.05086,0.07071,0.06586,0.11295,0.12388
0.36247,0.15997,0.06221,0.08243,0.07665,0.12408,0.13220
0.24487,0.12912,0.05801,0.08167,0.07226,0.19972,0.21435
0.25623,0.12937,0.06801,0.08445,0.08651,0.18307,0.19235
0.25572,0.11829,0.04854,0.06874,0.06237,0.21411,0.23223
0.22509,0.11020,0.05268,0.06597,0.06865,0.23200,0.24541
0.34012,0.16582,0.08321,0.10922,0.10875,0.09343,0.09943
0.29241,0.15378,0.07665,0.09598,0.09135,0.13985,0.14997
0.28941,0.13227,0.05310,0.06990,0.06446,0.19102,0.19984
0.35012,0.15074,0.06188,0.08301,0.07776,0.13208,0.14441
0.29432,0.14316,0.06790,0.08614,0.08329,0.15683,0.16837
0.33947,0.13561,0.04797,0.06360,0.06178,0.16591,0.18565
0.19127,0.11218,0.06348,0.07791,0.07890,0.22958,0.24668
0.23400,0.13175,0.07474,0.09173,0.09093,0.18076,0.19610
0.32070,0.15598,0.07847,0.10470,0.09324,0.11643,0.13048
0.22312,0.13920,0.08292,0.09708,0.09850,0.17164,0.18754
0.22619,0.11878,0.06148,0.07877,0.07630,0.21232,0.22616
0.33626,0.16429,0.07250,0.09712,0.09146,0.11367,0.12468
0.21008,0.10439,0.04332,0.05833,0.06070,0.25471,0.26846
0.35299,0.14854,0.05252,0.06956,0.06612,0.14740,0.16287
0.27699,0.14507,0.06523,0.08827,0.08768,0.16181,0.17496
0.27983,0.13321,0.06395,0.08277,0.08275,0.17204,0.18545
0.29722,0.14575,0.07512,0.10108,0.09222,0.13986,0.14874
0.29764,0.15844,0.07332,0.09816,0.09815,0.13054,0.14374
0.22004,0.13543,0.08213,0.09515,0.09799,0.17719,0.19207
0.29728,0.12699,0.04790,0.06218,0.05805,0.19717,0.21043
0.23396,0.11756,0.05668,0.07145,0.07305,0.21534,0.23197
0.26903,0.12462,0.05941,0.07807,0.06796,0.19427,0.20665
0.28517,0.13731,0.06739,0.09359,0.07951,0.16196,0.17506
0.30161,0.13453,0.06348,0.07910,0.07394,0.16625,0.18108
0.31678,0.11412,0.04521,0.06041,0.06055,0.19609,0.20684
0.38198,0.14694,0.05261,0.07089,0.06617,0.13459,0.14681
0.27142,0.12525,0.05606,0.07357,0.07334,0.18866,0.21170
0.31413,0.13827,0.05638,0.08182,0.07450,0.16196,0.17293
0.27913,0.12310,0.05145,0.06928,0.06770,0.19585,0.21348
0.15987,0.09519,0.04865,0.06011,0.05868,0.28020,0.29731
0.26925,0.15473,0.07354,0.10699,0.09865,0.14216,0.15469
0.34767,0.15282,0.06394,0.08284,0.07834,0.13184,0.14256
0.28057,0.14452,0.06554,0.09466,0.08628,0.15638,0.17204
0.31965,0.11564,0.03955,0.05556,0.05363,0.19969,0.21628
0.26641,0.13530,0.06058,0.08791,0.07568,0.17813,0.19598
0.27126,0.14129,0.07727,0.10105,0.09344,0.15317,0.16251
0.25258,0.12457,0.05670,0.07521,0.07429,0.19768,0.21898
0.25428,0.12939,0.06272,0.08397,0.08191,0.18371,0.20401
0.32358,0.14519,0.05543,0.07965,0.07614,0.15326,0.16676
0.29460,0.15583,0.07478,0.09615,0.09941,0.13429,0.14495
0.33002,0.15711,0.07184,0.09529,0.09380,0.12404,0.12788
0.28662,0.13383,0.05690,0.07809,0.07347,0.17897,0.19212
0.29230,0.13047,0.05211,0.07031,0.06669,0.18906,0.19906
0.33458,0.14219,0.05816,0.06787,0.06782,0.15728,0.17210
0.34185,0.14897,0.06491,0.08220,0.07771,0.13646,0.14789
0.18531,0.12168,0.07573,0.09646,0.09583,0.20238,0.22260
0.30268,0.15407,0.07294,0.09657,0.09304,0.13476,0.14594
0.23234,0.11828,0.05481,0.07151,0.07117,0.21676,0.23513
0.37852,0.15830,0.06291,0.08535,0.08055,0.11071,0.12368
0.28812,0.14180,0.06366,0.08781,0.07944,0.16173,0.17744
0.24129,0.15758,0.09203,0.12142,0.11788,0.12882,0.14098
0.43425,0.17998,0.06061,0.09146,0.07852,0.07420,0.08098
0.30403,0.14214,0.05988,0.08085,0.07715,0.15911,0.17685
0.27867,0.11702,0.04598,0.05873,0.05325,0.21358,0.23277
0.33144,0.14670,0.06136,0.08513,0.08554,0.13824,0.15159
0.35380,0.15299,0.05653,0.08857,0.07524,0.13093,0.14195
0.32110,0.15082,0.07145,0.09087,0.09346,0.13023,0.14207
0.18605,0.10336,0.05381,0.07001,0.06863,0.25468,0.26346
0.27144,0.12166,0.05721,0.07854,0.07226,0.19079,0.20809
0.32846,0.16046,0.07289,0.09316,0.09508,0.11730,0.13265
0.21831,0.11796,0.05881,0.07092,0.06820,0.22284,0.24296
0.27671,0.15198,0.07950,0.10581,0.10226,0.13779,0.14596
0.24300,0.14082,0.07783,0.09690,0.09907,0.16467,0.17772
0.26893,0.16045,0.09172,0.11082,0.11375,0.12137,0.13296
0.41875,0.17082,0.06084,0.08381,0.07430,0.09063,0.10086
0.23858,0.10840,0.05136,0.06848,0.06517,0.22596,0.24206
0.39192,0.16804,0.06801,0.09556,0.08485,0.09104,0.10058
0.20526,0.09992,0.04596,0.06429,0.06022,0.25074,0.27361
0.33114,0.15687,0.07184,0.09880,0.09744,0.11859,0.12532
0.30363,0.14759,0.06499,0.08506,0.08065,0.15471,0.16336
0.35291,0.16809,0.07298,0.09959,0.09491,0.10067,0.11085
0.33327,0.13566,0.04772,0.07007,0.06557,0.16529,0.18242
0.25404,0.11470,0.04705,0.05852,0.05728,0.22674,0.24167
0.21678,0.10543,0.04870,0.06418,0.06181,0.24576,0.25733
0.24710,0.11890,0.05975,0.07897,0.07136,0.20400,0.21991
0.30796,0.14857,0.06210,0.08537,0.08221,0.14806,0.16573
0.18074,0.10926,0.06610,0.08314,0.07967,0.23249,0.24860
0.25840,0.13313,0.06476,0.08470,0.08151,0.17921,0.19829
0.26644,0.13171,0.06350,0.08030,0.07764,0.18092,0.19948
0.35136,0.15173,0.06269,0.08353,0.08036,0.12917,0.14117
0.26128,0.15439,0.08244,0.09472,0.09914,0.15020,0.15783
0.41266,0.16560,0.06129,0.08531,0.07344,0.09640,0.10531
0.28214,0.15696,0.07049,0.09516,0.09277,0.14333,0.15916
0.23020,0.12581,0.06958,0.08965,0.08658,0.18954,0.20865
0.33274,0.16153,0.07100,0.10644,0.09536,0.11085,0.12209
0.26630,0.15480,0.08015,0.11290,0.09913,0.13740,0.14932
0.34777,0.13340,0.04950,0.06790,0.06295,0.16174,0.17675
0.30993,0.14634,0.06350,0.08736,0.08252,0.14704,0.16330
0.26249,0.13840,0.07962,0.09654,0.09931,0.15733,0.16631
0.37390,0.15755,0.06144,0.08130,0.07784,0.11774,0.13023
