0.12870,0.14982,0.13880,0.14277,0.07416,0.08823,0.07109,0.05598,0.06681,0.08365
0.11259,0.13354,0.17077,0.13368,0.05825,0.10253,0.07994,0.07372,0.06134,0.07365
0.11923,0.13105,0.12650,0.12297,0.07024,0.12036,0.08838,0.06341,0.07773,0.08014
0.11867,0.15027,0.14481,0.14862,0.06653,0.07912,0.06901,0.05916,0.06202,0.10180
0.12979,0.13062,0.14042,0.13362,0.07157,0.10735,0.07967,0.06719,0.06811,0.07166
0.12404,0.12316,0.14145,0.12362,0.06989,0.08068,0.08134,0.08466,0.07626,0.09489
0.12552,0.19262,0.14826,0.18355,0.07689,0.06052,0.05531,0.05182,0.04963,0.05588
0.13815,0.15785,0.24532,0.17641,0.05697,0.06057,0.04283,0.03396,0.04056,0.04739
0.15229,0.12578,0.18987,0.12777,0.09355,0.09493,0.06563,0.03892,0.05371,0.05755
0.13028,0.18562,0.15758,0.18161,0.07955,0.06269,0.05121,0.04144,0.04665,0.06337
0.13416,0.17907,0.18031,0.17902,0.08185,0.05854,0.05043,0.04039,0.04643,0.04980
0.10302,0.11202,0.10429,0.10949,0.05844,0.16348,0.10317,0.08880,0.08180,0.07550
0.13414,0.17155,0.16655,0.17393,0.09308,0.05974,0.05475,0.04531,0.04589,0.05506
0.10961,0.15727,0.15296,0.15656,0.06367,0.07869,0.07597,0.06424,0.06545,0.07557
0.11676,0.14500,0.13358,0.14406,0.06567,0.11626,0.07921,0.06154,0.06431,0.07361
0.14345,0.14161,0.16477,0.14221,0.08252,0.08200,0.06821,0.04901,0.05912,0.06711
0.12914,0.17213,0.15833,0.17205,0.07426,0.07859,0.05705,0.05194,0.05223,0.05428
0.13196,0.17741,0.17780,0.16751,0.08510,0.06240,0.05266,0.04443,0.04774,0.05299
0.11271,0.14428,0.12332,0.14063,0.07284,0.09588,0.08499,0.07930,0.06711,0.07896
0.12442,0.15505,0.16614,0.17012,0.07359,0.08315,0.05883,0.05011,0.05579,0.06280
0.14383,0.11443,0.15682,0.10582,0.08926,0.08916,0.07610,0.07794,0.07016,0.07649
0.11873,0.15675,0.14884,0.15857,0.07051,0.07641,0.06293,0.05147,0.06260,0.09320
0.12401,0.13299,0.18780,0.14399,0.06237,0.09750,0.07127,0.06358,0.05456,0.06194
0.13066,0.14657,0.15304,0.14316,0.07760,0.09035,0.06946,0.05384,0.06282,0.07250
0.11833,0.12544,0.12760,0.12344,0.08219,0.08514,0.07574,0.06573,0.07140,0.12498
0.12405,0.13446,0.14666,0.14676,0.06528,0.11357,0.07572,0.06650,0.06240,0.06461
0.14114,0.14629,0.16413,0.15292,0.08410,0.07678,0.05706,0.04830,0.05996,0.06931
0.12224,0.15636,0.13310,0.14798,0.07971,0.09588,0.07326,0.06662,0.05952,0.06532
0.13706,0.12036,0.15234,0.12637,0.06737,0.10264,0.08750,0.06869,0.06713,0.07053
0.11428,0.14332,0.13949,0.13358,0.08643,0.08906,0.08437,0.06656,0.06868,0.07422
0.11309,0.23202,0.13159,0.22822,0.05775,0.05925,0.05291,0.04027,0.04045,0.04446
0.13643,0.15707,0.15740,0.15339,0.08937,0.07060,0.06350,0.05368,0.05353,0.06503
0.13561,0.17553,0.12138,0.17691,0.08597,0.07243,0.05827,0.04111,0.05561,0.07718
0.15163,0.16296,0.11414,0.15787,0.09974,0.06724,0.06902,0.05385,0.05796,0.06559
0.13645,0.10460,0.16193,0.10458,0.08764,0.11823,0.08157,0.06472,0.07013,0.07014
0.10288,0.20734,0.11412,0.21322,0.06048,0.07540,0.06611,0.05520,0.05131,0.05394
0.14583,0.18631,0.18285,0.18548,0.10162,0.04992,0.03951,0.03217,0.03425,0.04206
0.11742,0.11633,0.14510,0.11263,0.07358,0.11868,0.08300,0.07254,0.06900,0.09173
0.12955,0.16475,0.12356,0.16861,0.08222,0.07474,0.06303,0.04523,0.05825,0.09007
0.13373,0.14559,0.13528,0.14180,0.06566,0.07459,0.07660,0.07546,0.06831,0.08298
0.10858,0.12895,0.11536,0.12884,0.06595,0.08558,0.08696,0.08617,0.08081,0.11279
0.14344,0.17822,0.14248,0.19046,0.08159,0.05705,0.05497,0.04660,0.04798,0.05722
0.11934,0.13945,0.14067,0.14039,0.07680,0.08010,0.07511,0.07184,0.06447,0.09184
0.12286,0.12469,0.12643,0.12668,0.09105,0.09018,0.08049,0.06704,0.07410,0.09647
0.14430,0.12716,0.16811,0.12486,0.08855,0.09534,0.07066,0.06128,0.05789,0.06183
0.13644,0.14965,0.21384,0.16689,0.06297,0.07009,0.05059,0.04683,0.04603,0.05668
0.12843,0.16454,0.16640,0.15549,0.08641,0.06768,0.05921,0.05105,0.05571,0.06509
0.12303,0.17853,0.13611,0.17325,0.07453,0.07121,0.06806,0.05251,0.05925,0.06353
0.13759,0.16920,0.13392,0.15855,0.09114,0.06637,0.06875,0.04907,0.06055,0.06486
0.13073,0.08131,0.16610,0.08406,0.08601,0.13814,0.08982,0.08073,0.06786,0.07523
0.13160,0.16090,0.15129,0.15587,0.08591,0.06784,0.06519,0.06052,0.05586,0.06500
0.12998,0.15099,0.13705,0.13444,0.06821,0.09445,0.08366,0.06258,0.06563,0.07300
0.11030,0.14332,0.13297,0.12255,0.06384,0.09468,0.08471,0.09033,0.07271,0.08458
0.07537,0.09460,0.09227,0.10269,0.04475,0.18721,0.10511,0.09895,0.09564,0.10341
0.13088,0.14837,0.19216,0.16800,0.06417,0.07237,0.05266,0.04765,0.05314,0.07062
0.11225,0.14096,0.14599,0.13089,0.07010,0.12300,0.08038,0.06698,0.06082,0.06863
0.14969,0.14746,0.17970,0.15225,0.07680,0.06839,0.07573,0.05150,0.04863,0.04985
0.10993,0.16961,0.17991,0.16395,0.09706,0.06316,0.05033,0.04309,0.05201,0.07096
0.12920,0.14922,0.19250,0.15931,0.05953,0.08250,0.06304,0.05084,0.04881,0.06506
0.11533,0.16707,0.15365,0.15839,0.08073,0.07266,0.07241,0.05490,0.05594,0.06891
0.14303,0.15346,0.18497,0.15704,0.08955,0.07223,0.05191,0.04273,0.04832,0.05675
0.16470,0.16739,0.14611,0.16723,0.09120,0.07289,0.05457,0.03863,0.04705,0.05023
0.13589,0.17642,0.13430,0.15642,0.07867,0.06500,0.06376,0.07137,0.05505,0.06312
0.15828,0.16879,0.15068,0.17441,0.06510,0.07718,0.05939,0.04829,0.04968,0.04819
0.11594,0.13534,0.15544,0.13084,0.06478,0.09045,0.07731,0.08057,0.06961,0.07972
0.12972,0.16289,0.19319,0.16097,0.06624,0.07424,0.06029,0.04483,0.04767,0.05995
0.12631,0.15692,0.14520,0.15176,0.07559,0.08758,0.06601,0.05373,0.06270,0.07419
0.09351,0.29710,0.09784,0.28400,0.04232,0.04734,0.04126,0.03332,0.03159,0.03173
0.12137,0.15217,0.14587,0.15483,0.07545,0.07521,0.06712,0.05858,0.06107,0.08833
0.13587,0.15602,0.16664,0.15979,0.08126,0.07664,0.05477,0.04358,0.05779,0.06763
0.13303,0.14752,0.14162,0.14945,0.08386,0.07690,0.06671,0.05641,0.06555,0.07896
0.12759,0.16415,0.13717,0.15673,0.08048,0.08174,0.06594,0.06115,0.06102,0.06402
0.15539,0.17787,0.15795,0.16518,0.06702,0.08253,0.05847,0.04243,0.04650,0.04666
0.09752,0.26278,0.10062,0.26483,0.04983,0.05744,0.04854,0.03656,0.03847,0.04341
0.12134,0.18538,0.17449,0.18281,0.08222,0.07266,0.05461,0.04148,0.04058,0.04444
0.15249,0.16068,0.12835,0.17662,0.10978,0.08547,0.05625,0.04524,0.04637,0.03875
0.11618,0.15116,0.10469,0.14323,0.07688,0.10522,0.08193,0.07013,0.06317,0.08741
0.14128,0.14665,0.15319,0.14095,0.07898,0.09593,0.06545,0.06630,0.05384,0.05743
0.10384,0.17041,0.11689,0.17064,0.05976,0.09289,0.08067,0.06185,0.06857,0.07450
0.15251,0.17828,0.15838,0.17109,0.06469,0.06325,0.05068,0.04382,0.04957,0.06774
0.12565,0.09872,0.14215,0.08941,0.08078,0.11774,0.09626,0.08187,0.08420,0.08322
0.12044,0.15771,0.15478,0.15837,0.07370,0.07677,0.05704,0.04627,0.06045,0.09447
0.15443,0.14422,0.17771,0.14101,0.08743,0.07178,0.06163,0.05701,0.04888,0.05590
0.12823,0.15878,0.19849,0.17238,0.06132,0.07571,0.05739,0.04607,0.04665,0.05498
0.13216,0.14273,0.14746,0.12708,0.06708,0.10223,0.09156,0.06386,0.06019,0.06565
0.14971,0.12565,0.16347,0.12836,0.08979,0.08678,0.06252,0.05074,0.06302,0.07995
0.15025,0.15998,0.11831,0.16845,0.10156,0.07618,0.06520,0.04329,0.05530,0.06150
0.13008,0.17115,0.13958,0.15637,0.08027,0.08128,0.06408,0.05957,0.05491,0.06272
0.11968,0.13910,0.14297,0.14017,0.09308,0.08224,0.07092,0.06166,0.06124,0.08892
0.11641,0.13506,0.13137,0.12869,0.08590,0.10196,0.07632,0.06582,0.07281,0.08566
0.11559,0.10147,0.13040,0.09853,0.07699,0.09647,0.08733,0.06783,0.08825,0.13714
0.11717,0.10172,0.14067,0.09842,0.07225,0.14257,0.09748,0.08227,0.07654,0.07090
0.13577,0.15337,0.25381,0.17596,0.04248,0.06885,0.04509,0.04083,0.03883,0.04501
0.12341,0.20560,0.13050,0.20028,0.08695,0.06486,0.04775,0.03803,0.04488,0.05774
0.13294,0.18490,0.14765,0.17519,0.08096,0.07523,0.06440,0.05014,0.04560,0.04300
0.10656,0.14020,0.13186,0.14108,0.06368,0.09043,0.08177,0.08490,0.07203,0.08748
0.11425,0.11869,0.12499,0.11891,0.06901,0.09788,0.09417,0.08011,0.08409,0.09790
0.13574,0.15123,0.19600,0.16866,0.06939,0.07060,0.05577,0.05136,0.05038,0.05085
0.16449,0.11397,0.19024,0.11073,0.09945,0.08261,0.05391,0.03459,0.06193,0.08807
0.11941,0.17808,0.12773,0.18267,0.06502,0.07825,0.06961,0.05140,0.06167,0.06614
0.11126,0.13744,0.12711,0.13153,0.07000,0.09530,0.08168,0.07852,0.07518,0.09198
0.12659,0.13644,0.13335,0.13649,0.07201,0.08913,0.07286,0.07025,0.07039,0.09250
0.14320,0.17303,0.24490,0.17843,0.05793,0.05226,0.03896,0.03374,0.03281,0.04474
0.12721,0.13621,0.12719,0.13072,0.05789,0.12620,0.07870,0.07125,0.06910,0.07553
0.14007,0.15262,0.21920,0.16526,0.06056,0.06644,0.05316,0.05044,0.04438,0.04788
0.12648,0.15754,0.13319,0.16557,0.07776,0.07945,0.06566,0.05079,0.06264,0.08092
0.10664,0.18655,0.11400,0.20068,0.06175,0.07875,0.06842,0.05317,0.05786,0.07217
0.13692,0.14546,0.14176,0.14401,0.07317,0.09679,0.07395,0.06026,0.06226,0.06542
0.12351,0.13742,0.12379,0.13496,0.06427,0.10143,0.08590,0.07341,0.07959,0.07571
0.12023,0.19584,0.12491,0.20165,0.07379,0.05757,0.05724,0.05222,0.05213,0.06442
0.15110,0.16082,0.16847,0.17652,0.08291,0.06127,0.05422,0.04631,0.04736,0.05102
0.12630,0.14225,0.12666,0.12876,0.06484,0.09545,0.07486,0.04738,0.07851,0.11500
0.15745,0.16907,0.16901,0.16665,0.08892,0.05762,0.05148,0.04124,0.04274,0.05582
0.13793,0.14292,0.16446,0.14233,0.07926,0.07206,0.07321,0.05669,0.05935,0.07179
0.14783,0.16064,0.17739,0.15700,0.08541,0.06342,0.05532,0.04243,0.04976,0.06079
0.11560,0.15547,0.12323,0.14769,0.07978,0.09088,0.07304,0.05884,0.06975,0.08571
0.15849,0.16314,0.14330,0.16982,0.09239,0.07063,0.04990,0.04914,0.04754,0.05565
0.12868,0.14368,0.15023,0.14534,0.07881,0.07551,0.07671,0.07208,0.05981,0.06914
0.13325,0.13995,0.15849,0.15179,0.08044,0.08058,0.07024,0.05117,0.06220,0.07187
0.13799,0.11567,0.16361,0.11312,0.08480,0.09429,0.06796,0.05423,0.07055,0.09777
0.13396,0.12520,0.15018,0.12137,0.08208,0.09178,0.07122,0.07280,0.06802,0.08339
0.09241,0.12119,0.11451,0.12081,0.07303,0.11162,0.10205,0.07681,0.09043,0.09714
0.10044,0.13037,0.12919,0.12923,0.07421,0.09803,0.08021,0.06399,0.07954,0.11479
0.12996,0.15817,0.18241,0.17853,0.06419,0.07250,0.05023,0.04381,0.05024,0.06996
0.13071,0.13458,0.17248,0.13704,0.06342,0.10779,0.07789,0.06427,0.05753,0.05430
0.13314,0.15645,0.14606,0.15679,0.08280,0.07243,0.06940,0.04792,0.06006,0.07496
0.10939,0.13357,0.13120,0.13430,0.08624,0.10413,0.08298,0.06678,0.07270,0.07870
0.13131,0.16027,0.16429,0.15756,0.07913,0.07338,0.06302,0.05702,0.05098,0.06304
0.13530,0.18232,0.13079,0.15158,0.07913,0.07419,0.06486,0.05368,0.05964,0.06851
0.10280,0.13253,0.12271,0.13528,0.06954,0.12882,0.08984,0.08070,0.06783,0.06996
0.14707,0.14532,0.17775,0.15086,0.07821,0.07595,0.05747,0.03829,0.06072,0.06836
0.09717,0.25860,0.09372,0.25974,0.05473,0.05320,0.05301,0.04106,0.04705,0.04172
0.10951,0.14278,0.11636,0.14526,0.07143,0.08402,0.07487,0.07617,0.07168,0.10794
0.15456,0.20753,0.19182,0.20407,0.08367,0.04125,0.03136,0.02363,0.02836,0.03375
0.13021,0.14962,0.12670,0.14684,0.08368,0.10270,0.06735,0.04558,0.07003,0.07731
0.12338,0.14811,0.14989,0.14982,0.09060,0.08513,0.06432,0.05400,0.05886,0.07589
0.11940,0.12676,0.13690,0.12550,0.07350,0.10891,0.07643,0.06953,0.07698,0.08609
0.14216,0.14920,0.17033,0.14972,0.08657,0.07082,0.05612,0.05628,0.05208,0.06671
0.12517,0.12745,0.11704,0.13420,0.05345,0.08964,0.07041,0.05235,0.08486,0.14544
0.13266,0.15667,0.14652,0.15241,0.08073,0.08256,0.06312,0.06370,0.05619,0.06544
0.10191,0.17378,0.17715,0.16298,0.08540,0.08058,0.05908,0.04824,0.04677,0.06411
0.10501,0.15022,0.12872,0.14165,0.07554,0.12503,0.08162,0.06085,0.06206,0.06931
0.11651,0.23268,0.12563,0.22244,0.06483,0.06167,0.05161,0.04312,0.04041,0.04109
0.11714,0.14538,0.12882,0.13657,0.06469,0.11142,0.08058,0.05670,0.07172,0.08699
0.15534,0.16913,0.18298,0.17120,0.08092,0.06743,0.04547,0.04232,0.04114,0.04407
0.12094,0.11541,0.14675,0.11822,0.06148,0.13268,0.10141,0.07595,0.06424,0.06292
0.09998,0.10238,0.11029,0.09813,0.06438,0.10603,0.10195,0.09556,0.09475,0.12654
0.11945,0.14692,0.15525,0.14258,0.06754,0.09177,0.07465,0.06476,0.06383,0.07324
0.13244,0.12839,0.11656,0.12646,0.07812,0.09910,0.07678,0.05240,0.08575,0.10400
0.14243,0.16203,0.18813,0.17493,0.07189,0.06035,0.05529,0.04320,0.04457,0.05719
0.13034,0.15066,0.16459,0.15804,0.09150,0.06662,0.05771,0.05441,0.05303,0.07310
0.13634,0.16293,0.12759,0.17544,0.09077,0.06937,0.06007,0.03957,0.06021,0.07771
0.14777,0.17973,0.16455,0.17534,0.09460,0.06523,0.05185,0.03574,0.04312,0.04208
0.15456,0.17651,0.16072,0.16655,0.07106,0.06386,0.05551,0.04495,0.04816,0.05811
0.10343,0.13200,0.13107,0.12974,0.08191,0.10490,0.08455,0.08336,0.06558,0.08346
0.11966,0.18481,0.18346,0.17812,0.08644,0.05989,0.05174,0.04069,0.04409,0.05109
0.12648,0.17630,0.14560,0.16310,0.07452,0.07717,0.06090,0.05432,0.05240,0.06920
0.11242,0.14318,0.13264,0.13444,0.06863,0.08076,0.07556,0.07552,0.08112,0.09574
0.11543,0.13850,0.12049,0.13548,0.06558,0.10809,0.08464,0.06893,0.07233,0.09052
0.12780,0.16069,0.14424,0.15021,0.07771,0.07560,0.06853,0.05884,0.06204,0.07432
0.11997,0.12465,0.12113,0.12736,0.06465,0.12731,0.09341,0.07865,0.07574,0.06713
0.13825,0.12483,0.17288,0.12736,0.08772,0.07956,0.06813,0.05373,0.06541,0.08214
0.14290,0.17674,0.16546,0.15744,0.08237,0.07856,0.05398,0.04367,0.04575,0.05312
0.12991,0.14511,0.13188,0.14607,0.06911,0.11533,0.07455,0.06297,0.06226,0.06281
0.12191,0.14804,0.14238,0.14611,0.07663,0.08440,0.07503,0.06775,0.06782,0.06993
0.10738,0.19635,0.20601,0.18434,0.09183,0.05332,0.04067,0.03326,0.03974,0.04710
0.16030,0.15364,0.14978,0.14942,0.08531,0.08118,0.06578,0.05763,0.04824,0.04873
0.12659,0.12363,0.15085,0.12256,0.07232,0.11295,0.07918,0.06581,0.07014,0.07596
0.13255,0.16938,0.20519,0.18041,0.06559,0.06483,0.04693,0.04009,0.04054,0.05449
0.11955,0.13494,0.14533,0.13069,0.06493,0.10375,0.08166,0.07200,0.07199,0.07517
0.12023,0.16579,0.14862,0.17142,0.07053,0.07509,0.08304,0.04931,0.06240,0.05357
0.10577,0.13063,0.12422,0.12493,0.06406,0.09971,0.08584,0.08180,0.08478,0.09824
0.17353,0.17310,0.15497,0.16819,0.06794,0.06869,0.05957,0.04411,0.04458,0.04532
0.16018,0.12740,0.19503,0.12090,0.10102,0.08542,0.05646,0.04517,0.04824,0.06018
0.09244,0.13231,0.14201,0.13484,0.05050,0.12722,0.08542,0.08492,0.07025,0.08009
0.12625,0.17516,0.17123,0.16663,0.07960,0.07022,0.05481,0.03980,0.05180,0.06449
0.13818,0.16849,0.16887,0.16892,0.07775,0.07030,0.05645,0.05318,0.04394,0.05392
0.11218,0.20269,0.12040,0.21232,0.06855,0.06576,0.05373,0.04155,0.05327,0.06956
0.11697,0.13075,0.13806,0.12978,0.06209,0.08948,0.09050,0.08386,0.07611,0.08239
0.14606,0.11004,0.17399,0.11110,0.08667,0.10223,0.07130,0.06029,0.06608,0.07225
0.12114,0.13322,0.11788,0.12470,0.07046,0.09190,0.09439,0.07874,0.07816,0.08943
0.10921,0.15060,0.12810,0.15259,0.06716,0.09103,0.07951,0.06925,0.07206,0.08048
0.12330,0.18204,0.13839,0.17200,0.07338,0.07521,0.06848,0.05334,0.05529,0.05856
0.13238,0.15801,0.14295,0.15239,0.06503,0.09623,0.07496,0.06532,0.05503,0.05771
0.12845,0.16422,0.14850,0.15813,0.07557,0.08811,0.06446,0.04551,0.05857,0.06849
0.09562,0.11736,0.09603,0.11512,0.06639,0.15582,0.10066,0.08123,0.08822,0.08353
0.13060,0.12969,0.11911,0.13856,0.09027,0.10369,0.08734,0.06538,0.06809,0.06728
0.13038,0.19342,0.14636,0.18080,0.08611,0.05980,0.05151,0.04901,0.04782,0.05478
0.13244,0.17097,0.15055,0.16783,0.08145,0.06487,0.06140,0.05456,0.05804,0.05789
0.10003,0.19946,0.10279,0.19836,0.05237,0.07093,0.06984,0.07061,0.06330,0.07231
0.11615,0.15043,0.12359,0.15134,0.08566,0.09962,0.07567,0.06234,0.06227,0.07294
0.10117,0.12661,0.12473,0.13845,0.05510,0.13162,0.10232,0.07155,0.08192,0.06653
0.16362,0.11143,0.19075,0.11620,0.09779,0.07239,0.06248,0.05445,0.05894,0.07195
0.13699,0.15143,0.14552,0.15475,0.07522,0.09035,0.06625,0.06289,0.05446,0.06214
0.16763,0.12614,0.19886,0.13067,0.10048,0.08244,0.05433,0.04302,0.04578,0.05065
0.14023,0.17751,0.17243,0.17771,0.08058,0.06830,0.05416,0.04158,0.04421,0.04328
0.10525,0.11986,0.12460,0.13052,0.06679,0.12909,0.08774,0.07592,0.07732,0.08292
0.13820,0.14828,0.16121,0.14856,0.08660,0.08230,0.06283,0.04880,0.05851,0.06471
0.12836,0.18657,0.13112,0.15763,0.08641,0.06592,0.05925,0.05953,0.05641,0.06880
0.10038,0.10509,0.12705,0.10282,0.05455,0.16815,0.10872,0.08471,0.08041,0.06811
0.12940,0.12920,0.11086,0.14607,0.08758,0.10354,0.07166,0.05013,0.07864,0.09292
0.12493,0.21994,0.13216,0.22469,0.06785,0.05787,0.04675,0.03923,0.04235,0.04424
0.17318,0.17497,0.14891,0.17379,0.05429,0.07679,0.05371,0.04295,0.05001,0.05141
0.16850,0.18296,0.16531,0.18079,0.06726,0.06345,0.04458,0.03829,0.04158,0.04726
0.12156,0.18444,0.12165,0.17657,0.06718,0.08133,0.07453,0.05809,0.05525,0.05940
0.15547,0.16746,0.18169,0.15932,0.08733,0.05788,0.05378,0.04026,0.04564,0.05117
0.13640,0.17300,0.16349,0.18201,0.07836,0.06421,0.05202,0.04558,0.05049,0.05443
0.07831,0.32719,0.08101,0.31958,0.03657,0.04011,0.03592,0.02554,0.02775,0.02802
0.14400,0.17607,0.13427,0.17554,0.09076,0.05993,0.05459,0.04976,0.04971,0.06538
0.13444,0.16969,0.13646,0.16111,0.09173,0.06735,0.06185,0.05277,0.05706,0.06754
0.13750,0.15145,0.13748,0.15460,0.08993,0.08214,0.07551,0.05436,0.05522,0.06180
0.14509,0.15741,0.15384,0.15811,0.08404,0.06210,0.06329,0.05686,0.05109,0.06816
0.12007,0.13398,0.13034,0.12705,0.08437,0.08223,0.07594,0.05512,0.07699,0.11393
0.09868,0.17743,0.11541,0.14711,0.07442,0.08900,0.07435,0.06399,0.06354,0.09608
0.10875,0.14485,0.09298,0.13836,0.07609,0.08433,0.08252,0.07897,0.07457,0.11859
0.11819,0.09375,0.14423,0.08552,0.07431,0.10315,0.07583,0.05655,0.08797,0.16051
0.12410,0.14611,0.13338,0.13170,0.06496,0.09399,0.08313,0.07446,0.06891,0.07926
0.13683,0.14292,0.13698,0.14358,0.07492,0.08329,0.07651,0.06663,0.06376,0.07457
0.13714,0.19173,0.16577,0.19278,0.07650,0.06608,0.04762,0.03977,0.04088,0.04174
0.12519,0.14821,0.12638,0.12347,0.07634,0.08532,0.08408,0.08185,0.07161,0.07754
0.15788,0.16620,0.13417,0.17907,0.10576,0.05929,0.05646,0.04207,0.04777,0.05132
0.14649,0.14228,0.12961,0.13844,0.08835,0.08502,0.08566,0.06121,0.06450,0.05844
0.12663,0.16509,0.13504,0.16200,0.08165,0.07143,0.06555,0.05746,0.06296,0.07219
0.12899,0.15281,0.13746,0.14537,0.07036,0.10222,0.07437,0.06528,0.05850,0.06462
0.16036,0.14980,0.20070,0.13716,0.09701,0.07622,0.05572,0.04352,0.03918,0.04032
0.18792,0.18476,0.16589,0.17868,0.06740,0.05494,0.04376,0.03456,0.04132,0.04078
0.09125,0.14412,0.10222,0.13536,0.05840,0.10088,0.08997,0.10098,0.07942,0.09740
0.12823,0.14637,0.14543,0.14124,0.07837,0.08717,0.06674,0.06575,0.06470,0.07600
0.12368,0.20984,0.14519,0.20277,0.07179,0.05861,0.04836,0.04558,0.04214,0.05203
0.09322,0.11314,0.11222,0.11258,0.06147,0.15617,0.11539,0.08832,0.07297,0.07453
0.10538,0.13312,0.11795,0.12825,0.07362,0.11317,0.08213,0.05176,0.07749,0.11713
0.11929,0.17836,0.12697,0.17556,0.07066,0.08464,0.06958,0.05905,0.05363,0.06226
0.11856,0.15745,0.15042,0.15126,0.08558,0.08109,0.06982,0.05537,0.05924,0.07122
0.16237,0.09935,0.18632,0.09659,0.09181,0.10321,0.07504,0.05830,0.06277,0.06422
0.13079,0.16530,0.17220,0.16446,0.07362,0.07319,0.06259,0.05122,0.05015,0.05648
0.12215,0.14084,0.12976,0.14023,0.05362,0.08980,0.07204,0.04735,0.07462,0.12959
0.13185,0.14576,0.13984,0.15378,0.06895,0.11798,0.07772,0.06242,0.05133,0.05038
0.14744,0.11209,0.16879,0.11138,0.09491,0.09831,0.07227,0.06185,0.05729,0.07567
0.12047,0.15720,0.16667,0.15472,0.06251,0.07263,0.05876,0.05305,0.05629,0.09770
0.14708,0.14090,0.12177,0.15528,0.09843,0.07714,0.07805,0.06282,0.06006,0.05847
0.11053,0.21221,0.11177,0.20849,0.05810,0.06841,0.06101,0.05217,0.05127,0.06602
0.13503,0.14937,0.15013,0.15587,0.07886,0.09142,0.06802,0.04803,0.06151,0.06175
0.08596,0.10703,0.10424,0.10177,0.05721,0.12842,0.10602,0.09860,0.08894,0.12182
0.11748,0.12932,0.13015,0.12579,0.06453,0.09760,0.07579,0.05586,0.07592,0.12754
0.07579,0.33295,0.06122,0.33633,0.03233,0.03940,0.03226,0.03122,0.02825,0.03025
0.14488,0.09204,0.16343,0.08819,0.08568,0.12762,0.07303,0.06145,0.07352,0.09017
0.14526,0.17449,0.15765,0.19618,0.08338,0.05697,0.04837,0.03623,0.04673,0.05474
0.11611,0.13401,0.10801,0.12423,0.08177,0.08221,0.08931,0.07640,0.07458,0.11337
0.13345,0.15063,0.15469,0.14931,0.09833,0.06101,0.06086,0.05686,0.06176,0.07310
0.15481,0.14194,0.17630,0.14421,0.08407,0.07791,0.05895,0.04400,0.05455,0.06324
0.11271,0.21263,0.12628,0.19753,0.06815,0.07304,0.05998,0.05173,0.04521,0.05274
0.13338,0.17229,0.16578,0.17262,0.07393,0.07126,0.05145,0.04217,0.05375,0.06336
0.13434,0.14836,0.17851,0.15487,0.07644,0.07594,0.06464,0.05481,0.05284,0.05925
0.12094,0.15863,0.12601,0.15960,0.08164,0.09132,0.06750,0.05555,0.06033,0.07848
0.16662,0.17979,0.15975,0.17327,0.07163,0.05849,0.04473,0.03828,0.04621,0.06122
0.11026,0.14285,0.13346,0.12655,0.05389,0.12948,0.08609,0.06506,0.07279,0.07957
0.17807,0.12698,0.11415,0.13019,0.10150,0.08347,0.09580,0.05670,0.06440,0.04874
0.12318,0.11222,0.14335,0.11367,0.07475,0.11952,0.07817,0.07535,0.07170,0.08809
0.12790,0.15674,0.15951,0.15402,0.07133,0.08178,0.06259,0.05264,0.05723,0.07624
0.10150,0.12563,0.09700,0.12691,0.06773,0.09930,0.09041,0.08266,0.09239,0.11647
0.13081,0.18144,0.14824,0.17580,0.07895,0.06919,0.05824,0.04311,0.05046,0.06377
0.13130,0.13546,0.15215,0.13630,0.07765,0.09979,0.07054,0.05329,0.06369,0.07984
0.14314,0.18209,0.17600,0.17755,0.08979,0.05325,0.04828,0.04006,0.04203,0.04780
0.13310,0.18652,0.13997,0.18496,0.09555,0.06935,0.04377,0.03263,0.05340,0.06076
0.13576,0.17319,0.14375,0.18181,0.08783,0.05993,0.05401,0.05014,0.05316,0.06042
0.15184,0.14599,0.13895,0.15873,0.09636,0.07612,0.06347,0.04856,0.06020,0.05977
0.13360,0.16289,0.15929,0.15399,0.07993,0.07798,0.05228,0.04529,0.05847,0.07628
0.16641,0.18395,0.15055,0.18073,0.04834,0.06329,0.06036,0.04981,0.04518,0.05139
0.14004,0.15731,0.15535,0.16123,0.08228,0.06135,0.06154,0.06706,0.05142,0.06242
0.15142,0.17905,0.15601,0.18368,0.07336,0.06931,0.05176,0.04741,0.04183,0.04616
0.10588,0.22085,0.10383,0.22400,0.05410,0.05916,0.06000,0.05749,0.05442,0.06027
0.12658,0.17214,0.13963,0.18082,0.12237,0.06674,0.04756,0.03591,0.05506,0.05318
0.12884,0.13797,0.15909,0.14806,0.07578,0.07118,0.07599,0.06962,0.06220,0.07128
0.14049,0.17022,0.16541,0.16269,0.08060,0.07064,0.05127,0.05082,0.04792,0.05994
0.13473,0.19730,0.13284,0.19402,0.09100,0.05917,0.04741,0.03165,0.05151,0.06037
0.12529,0.10251,0.14349,0.09782,0.08484,0.09565,0.07815,0.06769,0.07906,0.12551
0.15037,0.11531,0.18783,0.11563,0.08883,0.09528,0.06199,0.04909,0.05824,0.07743
0.12115,0.23187,0.12635,0.23595,0.06629,0.04745,0.03901,0.02886,0.04212,0.06094
0.14138,0.17256,0.15783,0.18048,0.07983,0.06607,0.05307,0.04023,0.04848,0.06007
0.13386,0.14745,0.14033,0.14358,0.06894,0.10347,0.07092,0.06420,0.06360,0.06365
0.12278,0.11321,0.14641,0.11968,0.07155,0.12380,0.07756,0.06287,0.07373,0.08841
0.13875,0.17495,0.18143,0.16828,0.06768,0.06193,0.05928,0.04312,0.04646,0.05814
0.12671,0.14887,0.12742,0.14029,0.06256,0.08543,0.08467,0.07999,0.06945,0.07461
0.12493,0.19452,0.16047,0.17688,0.08216,0.07132,0.05328,0.04511,0.04418,0.04716
0.14065,0.16551,0.15425,0.16335,0.09488,0.07529,0.06201,0.05036,0.04414,0.04957
0.11679,0.15716,0.12394,0.13329,0.07728,0.09103,0.07606,0.06203,0.07333,0.08909
0.12450,0.18703,0.16653,0.16521,0.08370,0.06798,0.05034,0.04222,0.04888,0.06361
0.14143,0.17335,0.20976,0.18246,0.06381,0.05903,0.04650,0.03550,0.04149,0.04666
0.10978,0.14142,0.12867,0.13579,0.07701,0.09364,0.08583,0.07606,0.07283,0.07899
0.12748,0.13315,0.12793,0.14671,0.07940,0.08988,0.08208,0.07942,0.06773,0.06622
0.13454,0.15216,0.15004,0.15231,0.07771,0.09117,0.06721,0.05901,0.05900,0.05686
0.13213,0.17273,0.12501,0.18473,0.08880,0.06874,0.05885,0.04544,0.05706,0.06651
0.09757,0.24258,0.10089,0.22685,0.05936,0.07027,0.05560,0.05180,0.04622,0.04885
0.10340,0.11746,0.10397,0.12108,0.06972,0.11570,0.09654,0.07650,0.08893,0.10670
0.12535,0.17636,0.12569,0.15616,0.09869,0.07205,0.06655,0.05567,0.06178,0.06168
0.11031,0.13946,0.09664,0.12554,0.07738,0.09735,0.09091,0.07720,0.07516,0.11005
0.12176,0.14637,0.14457,0.15194,0.07149,0.09024,0.06455,0.05579,0.06389,0.08941
0.10865,0.15317,0.14876,0.15047,0.07431,0.08035,0.06883,0.06994,0.06200,0.08352
0.10642,0.09539,0.12324,0.08916,0.06682,0.12677,0.09543,0.08266,0.08720,0.12691
0.13482,0.16005,0.15901,0.16033,0.08051,0.07830,0.05676,0.04944,0.05270,0.06807
