0.09254,0.08991,0.11945,0.06633,0.10268,0.06149,0.11641,0.09334,0.10238,0.07853,0.01536,0.06159
0.15669,0.09330,0.20414,0.04812,0.11717,0.05608,0.05711,0.07675,0.08555,0.07228,0.01189,0.02092
0.10784,0.09404,0.12835,0.07137,0.08527,0.07507,0.08375,0.08029,0.08657,0.07222,0.04373,0.07150
0.11754,0.09175,0.09333,0.07726,0.11555,0.08124,0.07192,0.11141,0.08745,0.07542,0.01814,0.05899
0.10065,0.09947,0.12107,0.07372,0.10081,0.08009,0.08854,0.08183,0.10582,0.08163,0.01864,0.04773
0.09715,0.07552,0.10096,0.06207,0.09321,0.06992,0.07440,0.08067,0.08515,0.07212,0.01583,0.17301
0.12300,0.09362,0.14656,0.07173,0.11957,0.06805,0.07140,0.09665,0.08690,0.08028,0.02316,0.01908
0.13175,0.08627,0.19494,0.05511,0.10174,0.06393,0.08053,0.07682,0.08472,0.08059,0.02317,0.02043
0.09839,0.09479,0.20542,0.05367,0.09970,0.05309,0.11258,0.07819,0.09797,0.07315,0.00821,0.02484
0.10972,0.07986,0.07903,0.05990,0.12329,0.06063,0.10953,0.13787,0.09487,0.06980,0.01432,0.06119
0.10198,0.09428,0.20619,0.04815,0.10923,0.05888,0.06803,0.08224,0.08132,0.08136,0.01392,0.05441
0.07717,0.06909,0.11128,0.05538,0.07593,0.06351,0.06503,0.06371,0.06796,0.06312,0.03124,0.25656
0.09968,0.09057,0.15565,0.06540,0.10102,0.07667,0.07881,0.07972,0.09454,0.08045,0.02222,0.05528
0.15339,0.09439,0.13522,0.05900,0.08978,0.07084,0.08859,0.07436,0.09301,0.07854,0.02123,0.04165
0.12781,0.12316,0.19587,0.05730,0.08386,0.07944,0.05954,0.06305,0.06948,0.07990,0.01814,0.04243
0.09265,0.10046,0.11142,0.06409,0.13072,0.06134,0.07016,0.11131,0.10522,0.07769,0.02242,0.05252
0.18136,0.06799,0.11957,0.05366,0.09831,0.05986,0.09688,0.06948,0.08253,0.09058,0.01391,0.06588
0.09572,0.09749,0.17794,0.05978,0.11023,0.06503,0.09237,0.08047,0.09452,0.07972,0.01414,0.03260
0.11434,0.09420,0.12292,0.07734,0.09221,0.08218,0.08624,0.08212,0.09336,0.08923,0.03877,0.02711
0.12956,0.09296,0.16507,0.05254,0.10461,0.06354,0.05844,0.07075,0.08538,0.07348,0.04038,0.06330
0.13011,0.09388,0.13804,0.05865,0.11409,0.06885,0.08725,0.09050,0.10086,0.08094,0.02007,0.01677
0.20302,0.09397,0.06997,0.05260,0.12861,0.06566,0.07236,0.09331,0.09899,0.06828,0.01802,0.03520
0.12693,0.09358,0.13104,0.06679,0.08652,0.07548,0.09462,0.08412,0.09492,0.07782,0.02459,0.04361
0.19137,0.07441,0.14215,0.04864,0.14381,0.07059,0.05645,0.05024,0.07700,0.07232,0.02225,0.05079
0.27957,0.08033,0.16832,0.05100,0.05972,0.05984,0.07025,0.04830,0.05609,0.09477,0.01340,0.01841
0.12691,0.07003,0.10608,0.05767,0.07969,0.06098,0.08209,0.07724,0.08121,0.07755,0.03660,0.14395
0.13944,0.09154,0.13195,0.04865,0.10950,0.06863,0.06550,0.08092,0.08775,0.08499,0.05229,0.03885
0.16949,0.06275,0.09983,0.04373,0.06192,0.05005,0.06536,0.06325,0.06600,0.06752,0.01529,0.23481
0.11180,0.08907,0.12610,0.06183,0.10262,0.06503,0.07729,0.08410,0.09103,0.08103,0.04931,0.06079
0.09827,0.09065,0.08711,0.07319,0.08824,0.06830,0.10409,0.10943,0.11613,0.08761,0.02501,0.05198
0.09901,0.08382,0.18408,0.04726,0.08568,0.05482,0.06798,0.05979,0.08600,0.06676,0.01310,0.15169
0.12106,0.07589,0.10698,0.05313,0.11074,0.06561,0.07345,0.07950,0.07665,0.06778,0.01794,0.15128
0.14470,0.09066,0.10262,0.05524,0.11631,0.06409,0.07739,0.09371,0.08661,0.07455,0.02598,0.06814
0.12344,0.08198,0.06795,0.06996,0.11929,0.06928,0.09060,0.10860,0.09279,0.07758,0.02540,0.07314
0.10293,0.10515,0.14451,0.06721,0.08826,0.07454,0.07410,0.08994,0.09193,0.07581,0.02113,0.06450
0.15929,0.08551,0.11041,0.05563,0.11664,0.06421,0.06994,0.09344,0.08280,0.07402,0.02798,0.06013
0.12545,0.11637,0.21168,0.04967,0.11216,0.07170,0.06164,0.06118,0.07665,0.07258,0.02320,0.01771
0.10880,0.09223,0.17096,0.05871,0.10678,0.06118,0.09049,0.08531,0.08114,0.07604,0.02567,0.04270
0.13988,0.10383,0.10720,0.10401,0.10482,0.07544,0.07915,0.07266,0.09215,0.08688,0.01591,0.01807
0.11466,0.08463,0.23171,0.04100,0.09287,0.05013,0.05883,0.05435,0.08648,0.07135,0.01402,0.09999
0.10400,0.08398,0.11075,0.05809,0.12242,0.06581,0.07246,0.08456,0.09483,0.07836,0.03124,0.09350
0.11704,0.09150,0.13572,0.06362,0.10860,0.06737,0.08326,0.08178,0.09642,0.07671,0.02473,0.05326
0.08359,0.09337,0.26602,0.04976,0.07685,0.05450,0.06752,0.07946,0.08986,0.07184,0.01848,0.04876
0.08056,0.10576,0.15280,0.04393,0.06189,0.06159,0.05613,0.05390,0.05754,0.05296,0.01357,0.25938
0.12521,0.09172,0.11989,0.06574,0.11115,0.07256,0.07483,0.08856,0.09744,0.08223,0.01930,0.05136
0.13337,0.09511,0.09528,0.05705,0.10262,0.07264,0.08205,0.08206,0.09749,0.07427,0.01625,0.09182
0.13515,0.08743,0.17294,0.04685,0.09569,0.05244,0.05320,0.06805,0.07886,0.06936,0.01973,0.12029
0.10162,0.09008,0.17362,0.06266,0.08202,0.05733,0.06531,0.06392,0.08537,0.07114,0.02531,0.12163
0.10231,0.09860,0.11541,0.06264,0.10421,0.08729,0.08578,0.08420,0.09161,0.08974,0.04782,0.03038
0.10170,0.08002,0.12103,0.05534,0.09778,0.06147,0.06483,0.07677,0.08294,0.06694,0.01594,0.17526
0.07112,0.09789,0.10567,0.06854,0.10548,0.08391,0.08916,0.08214,0.09706,0.07525,0.09232,0.03146
0.11043,0.08241,0.09753,0.05221,0.11546,0.06159,0.08280,0.09811,0.08601,0.06641,0.02211,0.12493
0.15614,0.09188,0.14916,0.05697,0.10333,0.06728,0.07080,0.07207,0.08214,0.07864,0.02841,0.04319
0.17632,0.08627,0.13735,0.05729,0.07833,0.06542,0.08711,0.06605,0.07968,0.08089,0.01868,0.06659
0.10400,0.10110,0.07497,0.07051,0.10374,0.07604,0.11050,0.10093,0.10439,0.07821,0.04944,0.02617
0.10052,0.08814,0.27995,0.04561,0.09557,0.05743,0.06514,0.05763,0.09735,0.07187,0.00756,0.03322
0.11984,0.09326,0.29032,0.04476,0.09092,0.05254,0.05636,0.05732,0.08835,0.07001,0.00982,0.02649
0.19045,0.09847,0.07170,0.06744,0.15526,0.07923,0.06361,0.06259,0.09047,0.07787,0.01349,0.02942
0.10457,0.08457,0.12995,0.05268,0.09867,0.06003,0.07129,0.07680,0.08373,0.07326,0.06103,0.10342
0.12363,0.09990,0.09733,0.08511,0.10495,0.07715,0.09000,0.08997,0.09823,0.08819,0.01457,0.03098
0.11530,0.08976,0.19785,0.05185,0.09459,0.05978,0.05984,0.07806,0.09402,0.07176,0.01376,0.07342
0.11617,0.09793,0.12982,0.06999,0.10866,0.07020,0.07368,0.07626,0.09223,0.08187,0.04009,0.04309
0.10674,0.09374,0.20063,0.06068,0.09166,0.06711,0.07045,0.07188,0.08649,0.07862,0.02342,0.04858
0.08340,0.09539,0.07401,0.07296,0.10930,0.08697,0.09814,0.10798,0.11405,0.08225,0.01787,0.05769
0.08877,0.08653,0.13234,0.06449,0.08696,0.05867,0.09106,0.07440,0.08857,0.07132,0.01976,0.13712
0.08020,0.08932,0.09119,0.07376,0.10560,0.07674,0.09636,0.09896,0.11367,0.07853,0.02746,0.06820
0.18134,0.07772,0.10071,0.06525,0.07805,0.07142,0.08770,0.08780,0.08938,0.10134,0.02274,0.03655
0.14743,0.11294,0.10670,0.06902,0.09308,0.07895,0.07454,0.06956,0.11231,0.10413,0.01384,0.01748
0.13527,0.08875,0.12403,0.05494,0.11207,0.06361,0.08666,0.09118,0.08867,0.07577,0.03419,0.04486
0.11960,0.09675,0.21753,0.05087,0.10563,0.05868,0.07466,0.06348,0.09715,0.07776,0.01182,0.02606
0.10950,0.08251,0.10849,0.06335,0.09559,0.06785,0.08020,0.08075,0.08351,0.07218,0.10168,0.05440
0.10139,0.09044,0.12335,0.05891,0.15168,0.06867,0.08369,0.09140,0.10383,0.07844,0.02406,0.02414
0.16441,0.08958,0.12544,0.04953,0.11612,0.05938,0.08156,0.08855,0.08678,0.07804,0.01740,0.04321
0.15848,0.08130,0.07572,0.05005,0.11001,0.06309,0.06620,0.08426,0.09276,0.06495,0.01894,0.13426
0.12201,0.07842,0.11220,0.05596,0.13707,0.06160,0.08362,0.09564,0.10266,0.08136,0.01456,0.05489
0.10515,0.09344,0.15473,0.05848,0.08761,0.06646,0.08748,0.09984,0.11520,0.08478,0.01685,0.02997
0.11449,0.08261,0.09198,0.05901,0.10691,0.05935,0.08214,0.08257,0.08103,0.07812,0.01878,0.14301
0.13957,0.09147,0.10524,0.05555,0.11561,0.06772,0.07833,0.09560,0.10063,0.07471,0.02285,0.05271
0.10592,0.11075,0.19151,0.04912,0.09394,0.05985,0.06362,0.08238,0.09742,0.07245,0.02366,0.04938
0.10041,0.09044,0.23057,0.05110,0.08863,0.05383,0.06722,0.07243,0.08435,0.07258,0.03586,0.05258
0.16235,0.09681,0.16136,0.05396,0.10537,0.06618,0.06980,0.07390,0.07762,0.07964,0.01798,0.03503
0.13233,0.09879,0.11225,0.06896,0.08612,0.07463,0.08864,0.09992,0.10233,0.08599,0.01994,0.03009
0.11059,0.07441,0.09572,0.04670,0.08994,0.06286,0.05969,0.07020,0.07905,0.06504,0.01792,0.22789
0.11528,0.11026,0.12228,0.06992,0.07048,0.07980,0.07664,0.07865,0.08815,0.08120,0.07228,0.03506
0.10435,0.08377,0.12320,0.06712,0.09101,0.07538,0.07302,0.08441,0.09334,0.08027,0.06527,0.05885
0.11396,0.09631,0.12940,0.07160,0.11804,0.07651,0.08718,0.09407,0.09338,0.08827,0.01717,0.01411
0.10414,0.07273,0.09799,0.04204,0.08704,0.04574,0.06566,0.06841,0.07369,0.05789,0.01552,0.26915
0.10252,0.09359,0.09527,0.07239,0.09343,0.08504,0.08705,0.08622,0.08685,0.08605,0.05477,0.05683
0.16422,0.08686,0.12622,0.05657,0.11021,0.06348,0.07278,0.08639,0.09379,0.07843,0.01816,0.04288
0.09855,0.09850,0.16225,0.06259,0.09394,0.08223,0.08583,0.08368,0.11187,0.08437,0.02221,0.01398
0.15094,0.08567,0.10655,0.05186,0.11151,0.06874,0.06948,0.08852,0.08532,0.07247,0.02506,0.08387
0.13870,0.07614,0.08356,0.05750,0.09616,0.06557,0.06641,0.07769,0.08687,0.06437,0.02499,0.16206
0.08286,0.07603,0.26621,0.06637,0.07072,0.06584,0.07039,0.05640,0.08232,0.07214,0.02036,0.07036
0.09943,0.08127,0.16163,0.06840,0.08772,0.06223,0.08828,0.09679,0.09940,0.07856,0.02249,0.05381
0.12738,0.09343,0.13253,0.05400,0.10974,0.06089,0.08007,0.08863,0.08590,0.07300,0.05076,0.04367
0.22343,0.07791,0.15391,0.05204,0.10047,0.05350,0.06117,0.08165,0.07738,0.07853,0.01139,0.02862
0.12866,0.10483,0.08862,0.06026,0.12200,0.06886,0.08506,0.10197,0.11052,0.08060,0.01314,0.03548
0.07344,0.07534,0.09269,0.05116,0.08586,0.06117,0.06594,0.07417,0.07457,0.06367,0.02373,0.25826
0.11471,0.09378,0.13284,0.07086,0.10911,0.07159,0.08274,0.09232,0.10169,0.08035,0.01883,0.03117
0.13916,0.08259,0.11885,0.06070,0.09498,0.06731,0.07983,0.07734,0.08634,0.07746,0.02029,0.09515
0.13978,0.08605,0.07510,0.06028,0.14122,0.06358,0.10054,0.12350,0.09650,0.07251,0.01655,0.02437
0.13050,0.10068,0.14008,0.06474,0.11640,0.06604,0.07285,0.08127,0.10276,0.08120,0.01447,0.02901
0.19588,0.08356,0.09517,0.06093,0.15472,0.06907,0.06387,0.06175,0.08462,0.07347,0.02553,0.03143
0.11736,0.08896,0.12484,0.06806,0.10733,0.07202,0.09073,0.08817,0.08990,0.08195,0.03865,0.03204
0.16530,0.07570,0.13867,0.05015,0.14729,0.04751,0.06503,0.09104,0.09955,0.07550,0.01088,0.03338
0.10176,0.09697,0.08223,0.07565,0.09831,0.08615,0.08631,0.08751,0.10132,0.07715,0.03614,0.07051
0.13420,0.09260,0.13432,0.05107,0.10066,0.06148,0.06960,0.07861,0.08512,0.07095,0.02338,0.09801
0.11224,0.08605,0.09559,0.07469,0.08631,0.07621,0.08094,0.08662,0.10175,0.08100,0.03563,0.08297
0.14832,0.09457,0.15445,0.04816,0.10311,0.06176,0.06988,0.07828,0.08310,0.07198,0.01818,0.06821
0.13241,0.08788,0.13408,0.06096,0.11369,0.07117,0.07046,0.08331,0.09768,0.07890,0.02153,0.04793
0.10756,0.08337,0.12245,0.06471,0.10849,0.07486,0.10307,0.08725,0.10639,0.07767,0.02738,0.03681
0.12629,0.09406,0.10093,0.06206,0.12557,0.07281,0.07910,0.10841,0.10379,0.08619,0.01198,0.02881
0.10339,0.08971,0.19598,0.06117,0.10675,0.06995,0.09002,0.08150,0.08448,0.07712,0.01479,0.02513
0.14384,0.09463,0.11446,0.05904,0.12080,0.07020,0.06950,0.08998,0.08844,0.08337,0.02180,0.04394
0.11715,0.09598,0.16866,0.06313,0.10687,0.06682,0.08642,0.08815,0.08528,0.08331,0.01655,0.02167
0.12137,0.09634,0.20807,0.04892,0.10383,0.06181,0.06693,0.06503,0.08523,0.07294,0.02203,0.04749
0.16469,0.08230,0.14532,0.05163,0.10742,0.06197,0.07006,0.06591,0.07679,0.07487,0.02480,0.07425
0.12158,0.10344,0.09755,0.05702,0.11733,0.07628,0.07362,0.08650,0.09995,0.08097,0.02234,0.06343
0.09468,0.08794,0.10184,0.07074,0.14135,0.07148,0.07391,0.11591,0.10912,0.08492,0.02526,0.02284
0.13717,0.07712,0.14655,0.06485,0.10802,0.08261,0.07368,0.06397,0.07725,0.07982,0.05538,0.03357
0.16992,0.07178,0.13491,0.04772,0.10296,0.05148,0.06540,0.06073,0.07663,0.07327,0.03326,0.11194
0.09189,0.10182,0.13275,0.05610,0.09594,0.06228,0.07708,0.10655,0.10009,0.07587,0.02854,0.07109
0.19245,0.10231,0.08055,0.05684,0.14673,0.07715,0.05526,0.06295,0.09244,0.07342,0.02674,0.03316
0.16861,0.09534,0.10598,0.05563,0.13016,0.06706,0.06897,0.09456,0.08716,0.08521,0.01747,0.02384
0.10520,0.12859,0.15304,0.06233,0.07636,0.08511,0.07144,0.07723,0.07534,0.08117,0.02749,0.05670
0.12673,0.09228,0.11985,0.06001,0.10814,0.06347,0.07365,0.08481,0.09008,0.07649,0.02346,0.08104
0.13674,0.07568,0.07814,0.05745,0.10364,0.06548,0.07244,0.08283,0.07951,0.06881,0.02325,0.15605
0.10041,0.08127,0.09440,0.06194,0.08641,0.08293,0.08724,0.07866,0.07671,0.09475,0.03417,0.12110
0.12305,0.09794,0.15076,0.06346,0.11299,0.06810,0.07972,0.09090,0.10045,0.07368,0.01692,0.02203
0.11320,0.09056,0.11730,0.06395,0.09927,0.06306,0.06907,0.09541,0.09411,0.07772,0.03092,0.08542
0.10434,0.09703,0.11808,0.06224,0.10676,0.07210,0.08635,0.09003,0.09632,0.08041,0.03242,0.05393
0.13530,0.08724,0.19413,0.04914,0.10415,0.05854,0.07626,0.07624,0.08565,0.07671,0.01937,0.03726
0.14948,0.08488,0.07969,0.06288,0.11990,0.07036,0.07165,0.10549,0.08211,0.07745,0.06682,0.02930
0.11141,0.09069,0.20549,0.05735,0.10140,0.06503,0.08224,0.07546,0.08070,0.08503,0.01737,0.02783
0.11089,0.09848,0.16441,0.05951,0.12455,0.07325,0.07855,0.07347,0.09504,0.07184,0.01639,0.03362
0.08543,0.08192,0.10372,0.06301,0.08249,0.06149,0.07086,0.07366,0.07528,0.06516,0.02599,0.21099
0.10151,0.09091,0.14258,0.07935,0.10117,0.08808,0.09153,0.08356,0.09785,0.08466,0.02069,0.01809
0.08150,0.08247,0.15831,0.06542,0.08335,0.06673,0.08388,0.07893,0.09456,0.08004,0.01657,0.10824
0.07840,0.05785,0.08019,0.04255,0.06893,0.04726,0.05193,0.05524,0.05617,0.04900,0.01608,0.39639
0.07794,0.08916,0.19894,0.04444,0.06723,0.05515,0.06596,0.07550,0.08526,0.06847,0.02497,0.14700
0.09965,0.09375,0.14278,0.05563,0.11118,0.06551,0.07225,0.08092,0.08641,0.07174,0.02316,0.09702
0.11238,0.09385,0.11004,0.05857,0.11163,0.06704,0.07570,0.08919,0.09739,0.07351,0.02071,0.08999
0.11191,0.09762,0.15464,0.06671,0.10425,0.07513,0.07799,0.08125,0.09313,0.09320,0.01693,0.02723
0.08079,0.07054,0.10579,0.04722,0.11012,0.05804,0.06975,0.06859,0.07628,0.06244,0.02333,0.22711
0.11476,0.08314,0.11768,0.06696,0.12997,0.05845,0.07310,0.11535,0.12020,0.07355,0.01302,0.03383
0.11404,0.08572,0.11400,0.06434,0.09006,0.06708,0.07334,0.07888,0.09042,0.06825,0.02207,0.13179
0.11968,0.08763,0.09795,0.06525,0.06513,0.07455,0.07030,0.07210,0.07888,0.08196,0.07991,0.10666
0.14190,0.09335,0.10655,0.06173,0.11137,0.06591,0.07637,0.08118,0.10035,0.07676,0.01397,0.07057
0.11312,0.08332,0.08006,0.06052,0.13063,0.07277,0.11301,0.12039,0.09197,0.07809,0.01437,0.04176
0.08988,0.07232,0.08848,0.05578,0.10202,0.07149,0.08630,0.08833,0.08836,0.08228,0.02966,0.14509
0.13877,0.08128,0.13845,0.05496,0.13342,0.05923,0.07519,0.07722,0.08935,0.07382,0.02128,0.05704
0.13750,0.12910,0.09302,0.06785,0.10741,0.07592,0.06206,0.07055,0.10506,0.09098,0.02590,0.03465
0.19203,0.08369,0.16217,0.04300,0.15043,0.06709,0.05547,0.05366,0.07822,0.06978,0.01200,0.03246
0.14225,0.08838,0.13532,0.05705,0.11183,0.07075,0.07296,0.08275,0.09704,0.07486,0.02409,0.04271
0.15108,0.09153,0.11060,0.06304,0.12157,0.07665,0.06896,0.10188,0.09241,0.07687,0.02397,0.02142
0.11624,0.15386,0.06300,0.06843,0.10070,0.07705,0.06146,0.09015,0.12116,0.10007,0.01572,0.03216
0.12606,0.08668,0.12321,0.05993,0.10776,0.06987,0.07357,0.07913,0.09230,0.07448,0.01859,0.08843
0.12764,0.07824,0.10708,0.05624,0.10644,0.05558,0.06639,0.07775,0.07278,0.06667,0.06159,0.12361
0.11374,0.09277,0.16880,0.06944,0.10234,0.06734,0.06557,0.08474,0.09471,0.08031,0.02910,0.03115
0.10489,0.09318,0.25857,0.04904,0.09421,0.05622,0.06551,0.06146,0.09142,0.07409,0.02140,0.03000
0.16988,0.07485,0.11657,0.04415,0.13871,0.06802,0.06061,0.05776,0.07642,0.06549,0.01613,0.11142
0.12722,0.08537,0.13174,0.05049,0.10402,0.06162,0.06475,0.07595,0.08603,0.07621,0.02610,0.11049
0.12720,0.10118,0.16299,0.05861,0.09290,0.07463,0.09244,0.08136,0.09484,0.07426,0.01418,0.02542
0.12658,0.09341,0.11192,0.06153,0.11635,0.06925,0.08914,0.09882,0.09492,0.08722,0.02345,0.02739
0.11404,0.09058,0.21769,0.05083,0.09955,0.05676,0.07383,0.07096,0.08141,0.07669,0.01845,0.04922
0.10271,0.09065,0.11314,0.07622,0.10779,0.08467,0.08486,0.09317,0.09766,0.09082,0.02445,0.03387
0.14781,0.09094,0.21344,0.04633,0.10452,0.05304,0.06446,0.06572,0.08319,0.07524,0.01267,0.04262
0.10430,0.11573,0.14231,0.05924,0.09182,0.06430,0.07498,0.08225,0.09378,0.08215,0.06262,0.02653
0.10487,0.10343,0.08712,0.05039,0.11372,0.07364,0.07686,0.09318,0.09374,0.07393,0.02548,0.10365
0.12527,0.08740,0.08717,0.08067,0.11257,0.07346,0.08500,0.08424,0.08855,0.07781,0.03475,0.06312
0.09998,0.12758,0.21072,0.05454,0.12114,0.07275,0.05363,0.06758,0.08016,0.06846,0.02605,0.01742
0.12991,0.09647,0.08100,0.06673,0.12082,0.07184,0.07857,0.08578,0.08912,0.07646,0.04821,0.05508
0.14339,0.10923,0.19008,0.05760,0.08435,0.06990,0.07899,0.06707,0.08050,0.07026,0.01865,0.02998
0.11864,0.09166,0.16630,0.04805,0.09928,0.06023,0.05988,0.07039,0.08849,0.07149,0.02049,0.10510
0.12441,0.08360,0.11657,0.05705,0.10514,0.06179,0.07463,0.09031,0.09709,0.07513,0.01907,0.09521
0.14584,0.09593,0.13838,0.05822,0.10953,0.05483,0.07643,0.08633,0.09866,0.07753,0.03231,0.02602
0.10070,0.07962,0.12794,0.06709,0.11629,0.07751,0.10172,0.08522,0.09918,0.08511,0.01627,0.04336
0.16830,0.07862,0.13570,0.04828,0.12451,0.04929,0.05783,0.08926,0.06888,0.06843,0.01490,0.09601
0.09470,0.08439,0.09899,0.04992,0.10686,0.06063,0.07403,0.08921,0.08361,0.06794,0.01399,0.17571
0.12310,0.09333,0.18104,0.05279,0.10667,0.06449,0.07240,0.07510,0.09088,0.07673,0.01693,0.04654
0.17910,0.07528,0.10491,0.04708,0.12241,0.05556,0.05687,0.08767,0.07137,0.06848,0.01234,0.11893
0.09854,0.08496,0.14261,0.05547,0.13345,0.06543,0.10042,0.08475,0.10858,0.07068,0.01755,0.03755
0.15266,0.07570,0.12350,0.05615,0.13155,0.05160,0.06724,0.10014,0.09570,0.07985,0.01617,0.04972
0.15315,0.08485,0.11405,0.06043,0.11410,0.06924,0.07491,0.08769,0.09193,0.07962,0.02746,0.04256
0.13698,0.09113,0.15766,0.05185,0.11048,0.06273,0.07367,0.08072,0.08963,0.07313,0.01766,0.05434
0.09344,0.08644,0.16666,0.07780,0.07375,0.06628,0.06639,0.06144,0.08692,0.07854,0.04503,0.09730
0.13946,0.09230,0.15558,0.04919,0.11318,0.06135,0.07036,0.08014,0.09340,0.07230,0.01643,0.05631
0.07593,0.07066,0.08351,0.05933,0.11629,0.06121,0.08006,0.09171,0.09951,0.06606,0.02318,0.17254
0.10877,0.08530,0.17649,0.05730,0.09737,0.06819,0.08467,0.08800,0.09211,0.07654,0.02094,0.04431
0.08167,0.08454,0.09537,0.06728,0.08834,0.07469,0.10823,0.12905,0.10329,0.08421,0.02647,0.05688
0.10559,0.08474,0.14738,0.04889,0.10196,0.05902,0.08090,0.10276,0.08772,0.06865,0.02027,0.09212
0.11789,0.09146,0.10633,0.06130,0.10159,0.07267,0.09032,0.09241,0.11233,0.07885,0.02152,0.05333
0.15757,0.10791,0.16872,0.05507,0.08988,0.07209,0.06596,0.06958,0.07347,0.07402,0.03098,0.03476
0.10204,0.06895,0.08329,0.05224,0.06984,0.05457,0.07161,0.07555,0.07872,0.06415,0.01336,0.26569
0.08590,0.08098,0.12605,0.05013,0.16033,0.06766,0.08699,0.08476,0.10115,0.07084,0.02191,0.06329
0.23841,0.07431,0.13498,0.05284,0.06617,0.05538,0.07385,0.06212,0.06785,0.08832,0.01801,0.06777
0.12357,0.09305,0.11986,0.05883,0.11349,0.08532,0.07672,0.08486,0.10265,0.09183,0.01841,0.03141
0.07608,0.07024,0.10336,0.07258,0.08628,0.07452,0.11675,0.11366,0.08154,0.07864,0.02887,0.09749
0.08561,0.08789,0.08738,0.08103,0.09720,0.06650,0.10742,0.09140,0.08734,0.07682,0.04241,0.08900
0.11427,0.08176,0.13315,0.05773,0.14246,0.06294,0.08176,0.08297,0.10131,0.07903,0.02856,0.03406
0.12473,0.08949,0.15858,0.05249,0.10607,0.06745,0.08053,0.08048,0.09573,0.07788,0.01669,0.04988
0.11267,0.08849,0.12080,0.05758,0.10204,0.05955,0.07068,0.07483,0.08625,0.07647,0.02128,0.12935
0.16094,0.09044,0.09993,0.05019,0.12523,0.07185,0.05282,0.05665,0.08909,0.07493,0.02523,0.10271
0.10608,0.08753,0.09537,0.06845,0.10176,0.06844,0.06771,0.10474,0.09791,0.08301,0.04346,0.07554
0.18795,0.07987,0.10695,0.04542,0.11466,0.05581,0.07334,0.08320,0.08620,0.06911,0.02463,0.07284
0.15661,0.08471,0.13461,0.05531,0.12901,0.05906,0.07488,0.08625,0.09798,0.07711,0.01615,0.02831
0.13699,0.07910,0.09517,0.05529,0.11358,0.08095,0.06351,0.09407,0.08831,0.07221,0.02383,0.09700
0.13632,0.09466,0.15513,0.05710,0.11005,0.06276,0.07479,0.08146,0.09234,0.08022,0.01767,0.03749
0.08426,0.11117,0.08440,0.05390,0.13747,0.05538,0.10564,0.13749,0.09340,0.08522,0.01977,0.03191
0.08739,0.09835,0.14466,0.06545,0.09146,0.07380,0.09406,0.08259,0.10677,0.08036,0.04083,0.03428
0.08587,0.07277,0.09694,0.05965,0.17209,0.06367,0.08922,0.09327,0.10900,0.07847,0.02878,0.05025
0.11815,0.07281,0.11868,0.05480,0.09501,0.05742,0.07470,0.08061,0.08898,0.06959,0.01326,0.15599
0.12147,0.08252,0.13106,0.05540,0.09555,0.06131,0.07822,0.07483,0.07857,0.07299,0.03111,0.11698
0.12032,0.08564,0.12867,0.07300,0.11292,0.06042,0.06814,0.08572,0.07767,0.08078,0.03899,0.06774
0.11953,0.08852,0.15803,0.05672,0.11366,0.06298,0.07294,0.08162,0.08618,0.07216,0.05654,0.03111
0.13356,0.07497,0.10958,0.05029,0.08318,0.05962,0.06647,0.06742,0.08120,0.07003,0.02380,0.17988
0.11730,0.09910,0.09812,0.06048,0.11552,0.09211,0.08250,0.08204,0.10798,0.08719,0.02319,0.03446
0.11476,0.09128,0.30430,0.03898,0.09493,0.04876,0.05115,0.05210,0.07250,0.07568,0.01962,0.03593
0.13811,0.09077,0.11230,0.06266,0.11502,0.06686,0.06861,0.09316,0.08589,0.07711,0.04840,0.04112
0.10148,0.07536,0.07469,0.06737,0.09803,0.06041,0.08479,0.08556,0.08532,0.06747,0.03775,0.16177
0.09380,0.09996,0.12164,0.08369,0.09685,0.07275,0.08514,0.08051,0.08955,0.08572,0.04700,0.04337
0.10534,0.08208,0.12974,0.05858,0.09901,0.06526,0.06094,0.08389,0.07548,0.07491,0.02705,0.13773
0.11759,0.08300,0.07981,0.05943,0.10066,0.06403,0.07093,0.07751,0.08372,0.07336,0.02658,0.16338
0.08342,0.06918,0.10468,0.04431,0.07566,0.04944,0.04803,0.05935,0.07196,0.05772,0.01283,0.32342
0.09839,0.08570,0.12165,0.06783,0.08698,0.07035,0.08874,0.08749,0.08337,0.08327,0.07610,0.05014
0.08733,0.09260,0.09169,0.07406,0.09287,0.06559,0.09924,0.12305,0.12598,0.07199,0.01275,0.06285
0.10143,0.10418,0.16038,0.06152,0.12569,0.06133,0.06581,0.09511,0.09505,0.06913,0.02198,0.03839
0.10344,0.09684,0.09231,0.08010,0.09880,0.08122,0.08751,0.08718,0.10269,0.07413,0.02107,0.07471
0.12283,0.07724,0.13183,0.05378,0.15696,0.06074,0.07767,0.08803,0.09878,0.07389,0.01764,0.04062
0.14310,0.08233,0.23666,0.04571,0.11433,0.05711,0.06505,0.06560,0.08223,0.06921,0.01422,0.02446
0.09645,0.12704,0.17552,0.06828,0.06640,0.08376,0.07146,0.06861,0.07062,0.07169,0.06563,0.03454
0.10740,0.10838,0.09795,0.06238,0.12087,0.07693,0.08872,0.10028,0.10824,0.08914,0.01444,0.02526
0.07980,0.06196,0.07738,0.04388,0.07308,0.05410,0.05941,0.06645,0.07761,0.05767,0.01605,0.33262
0.08791,0.07747,0.10074,0.06693,0.08540,0.06927,0.09335,0.10774,0.10400,0.07961,0.02125,0.10631
0.16644,0.07896,0.10217,0.05502,0.10837,0.06159,0.07533,0.08592,0.08804,0.07103,0.05956,0.04755
0.11933,0.08155,0.11614,0.06181,0.09982,0.06660,0.07443,0.08400,0.08567,0.07442,0.03065,0.10559
0.11431,0.09492,0.16712,0.05573,0.10605,0.06203,0.06981,0.08088,0.09270,0.07707,0.02079,0.05858
0.12373,0.10144,0.09611,0.06213,0.12359,0.07260,0.08417,0.09829,0.10032,0.08209,0.02033,0.03520
0.12502,0.09648,0.15797,0.05258,0.09777,0.07046,0.07785,0.07729,0.10295,0.07762,0.01652,0.04749
0.11143,0.09904,0.12497,0.08049,0.09732,0.07559,0.07751,0.07758,0.09449,0.08732,0.02236,0.05189
0.10857,0.09287,0.25738,0.04382,0.10098,0.05440,0.06038,0.06496,0.08154,0.07543,0.01028,0.04937
0.10102,0.08572,0.19658,0.06165,0.08354,0.06568,0.07413,0.07275,0.08586,0.07442,0.04330,0.05536
0.09738,0.08844,0.11573,0.05961,0.09822,0.06539,0.09934,0.07933,0.09512,0.06957,0.01930,0.11257
0.10050,0.09134,0.13015,0.06733,0.08923,0.06782,0.09738,0.11679,0.11785,0.08737,0.01543,0.01880
0.11870,0.09897,0.15615,0.06839,0.09989,0.07438,0.07645,0.07689,0.09636,0.08864,0.02609,0.01910
0.12018,0.14657,0.22104,0.06113,0.07179,0.08496,0.05088,0.06011,0.06009,0.07175,0.02675,0.02474
0.11670,0.09507,0.20898,0.05269,0.10514,0.05947,0.06347,0.06941,0.09123,0.07820,0.01394,0.04571
0.10196,0.08857,0.14703,0.05522,0.11042,0.06239,0.09181,0.07433,0.10259,0.07211,0.02258,0.07100
0.10830,0.09909,0.16023,0.05904,0.13666,0.06546,0.06431,0.08094,0.09387,0.07111,0.02001,0.04099
0.08896,0.08139,0.14456,0.07445,0.08843,0.08494,0.07356,0.08308,0.10894,0.08341,0.01894,0.06936
0.16785,0.08029,0.11047,0.06249,0.13976,0.07195,0.07372,0.06959,0.08004,0.07285,0.01220,0.05878
0.06915,0.08569,0.11633,0.06151,0.14982,0.05559,0.06616,0.11201,0.10971,0.06488,0.01577,0.09338
0.15288,0.10272,0.08715,0.06523,0.10934,0.06670,0.07582,0.08653,0.09853,0.07307,0.02895,0.05308
0.12116,0.09141,0.12758,0.06338,0.11323,0.07036,0.07875,0.08587,0.08858,0.08097,0.01976,0.05895
0.08943,0.15727,0.20472,0.04575,0.04635,0.07211,0.03938,0.05460,0.04325,0.04930,0.02441,0.17343
0.12018,0.08808,0.08921,0.05819,0.09879,0.07424,0.08162,0.08165,0.10629,0.07114,0.01166,0.11894
0.08985,0.09030,0.11740,0.05844,0.16465,0.06452,0.07450,0.09946,0.10799,0.07734,0.02580,0.02974
0.14673,0.09947,0.17911,0.04520,0.11145,0.06368,0.06321,0.06942,0.09644,0.07679,0.01328,0.03522
0.11388,0.09106,0.23818,0.04797,0.09000,0.05555,0.05872,0.06432,0.08488,0.06955,0.01275,0.07313
0.08599,0.07925,0.17581,0.07378,0.08805,0.07567,0.09183,0.08577,0.08755,0.07914,0.02329,0.05389
0.10530,0.09455,0.14799,0.06414,0.09967,0.07441,0.07688,0.07753,0.09388,0.07282,0.01948,0.07336
0.09006,0.07193,0.10614,0.06791,0.18182,0.04327,0.05129,0.14907,0.12490,0.07266,0.01803,0.02290
0.21528,0.07985,0.11584,0.05369,0.15628,0.07003,0.05200,0.05227,0.08348,0.07165,0.01341,0.03621
0.19598,0.08224,0.09118,0.05896,0.14513,0.06194,0.05540,0.12950,0.06535,0.07449,0.01180,0.02804
0.09778,0.08964,0.15105,0.06845,0.10029,0.07238,0.09223,0.08145,0.09871,0.08040,0.02394,0.04368
0.11745,0.09339,0.11943,0.06050,0.09433,0.07137,0.06846,0.06990,0.09570,0.07234,0.01572,0.12140
0.08724,0.09733,0.13252,0.06151,0.13536,0.06349,0.06149,0.08899,0.09417,0.06573,0.04437,0.06779
0.19923,0.07120,0.11233,0.05782,0.10604,0.05430,0.06709,0.08850,0.09518,0.08799,0.01624,0.04408
0.16037,0.07912,0.15002,0.05270,0.13492,0.08503,0.06913,0.06243,0.08852,0.07687,0.01317,0.02772
0.11784,0.10345,0.20903,0.04866,0.09522,0.06125,0.06238,0.06674,0.09096,0.07508,0.02644,0.04295
0.08086,0.10410,0.13365,0.05815,0.11364,0.07178,0.06806,0.07359,0.08200,0.06852,0.08543,0.06021
0.11130,0.08835,0.13013,0.06293,0.09993,0.06989,0.07848,0.08666,0.10066,0.07675,0.01934,0.07559
0.10877,0.08068,0.10617,0.05927,0.10964,0.07772,0.09916,0.09783,0.08769,0.07738,0.02361,0.07207
0.09713,0.09451,0.17849,0.05101,0.09787,0.05980,0.06629,0.07573,0.08330,0.07959,0.02397,0.09232
0.10751,0.10659,0.07975,0.07103,0.09107,0.07710,0.09242,0.10637,0.12138,0.09707,0.01655,0.03317
0.15855,0.08746,0.07571,0.06019,0.12847,0.06672,0.08082,0.11375,0.07993,0.07309,0.02260,0.05271
0.08958,0.08385,0.08656,0.05791,0.09840,0.06669,0.07666,0.08359,0.08310,0.07095,0.03395,0.16876
0.11148,0.08098,0.10003,0.06799,0.10118,0.07114,0.09863,0.10884,0.09888,0.08012,0.01707,0.06366
0.13069,0.08632,0.13430,0.06037,0.11284,0.06118,0.06288,0.09811,0.09130,0.07574,0.03009,0.05618
0.08732,0.09248,0.21250,0.05711,0.09942,0.05914,0.09436,0.07498,0.09942,0.07730,0.01063,0.03535
0.11571,0.09512,0.10295,0.07129,0.07483,0.07846,0.07328,0.08336,0.08425,0.08548,0.10603,0.02924
0.11914,0.09430,0.09681,0.07645,0.10606,0.07279,0.09370,0.09668,0.08697,0.08339,0.03664,0.03707
0.07415,0.09183,0.19047,0.08257,0.08629,0.07033,0.08945,0.07071,0.10682,0.08301,0.01721,0.03717
0.10558,0.08675,0.18657,0.05678,0.09412,0.06534,0.07618,0.07836,0.10270,0.07509,0.01595,0.05658
0.09787,0.09481,0.09890,0.07111,0.10108,0.09946,0.08902,0.09243,0.11295,0.08492,0.02917,0.02828
0.12254,0.07915,0.12272,0.05687,0.09949,0.07392,0.08724,0.07460,0.08291,0.08053,0.01947,0.10055
0.17744,0.09014,0.10004,0.05779,0.13170,0.06406,0.06786,0.09949,0.08033,0.07688,0.02236,0.03192
0.11434,0.09128,0.14338,0.06515,0.10273,0.07119,0.07271,0.07824,0.08852,0.07870,0.05204,0.04173
0.10239,0.11134,0.11202,0.05644,0.10747,0.07162,0.08269,0.10700,0.11264,0.08463,0.02504,0.02671
0.11389,0.08807,0.12958,0.06473,0.11962,0.07739,0.08287,0.09080,0.09081,0.07461,0.01210,0.05552
0.18263,0.09041,0.08676,0.05656,0.11956,0.05808,0.06918,0.09207,0.10029,0.07289,0.02146,0.05012
0.11912,0.08593,0.09131,0.07217,0.10373,0.08051,0.08353,0.08754,0.09830,0.07663,0.07228,0.02896
0.11960,0.10012,0.11864,0.06651,0.10101,0.07516,0.07408,0.08771,0.09170,0.08412,0.02828,0.05308
0.08051,0.07408,0.10551,0.06695,0.17382,0.06087,0.07632,0.12509,0.12901,0.07065,0.01577,0.02142
0.06883,0.07019,0.08436,0.03822,0.08389,0.04388,0.07101,0.09876,0.07126,0.05170,0.01315,0.30477
0.13088,0.07978,0.10151,0.05123,0.10432,0.05584,0.07425,0.08057,0.08206,0.06792,0.02527,0.14636
0.12704,0.10664,0.13613,0.06406,0.09127,0.07065,0.07975,0.09274,0.09339,0.07584,0.01645,0.04604
0.12961,0.07936,0.07133,0.05978,0.09639,0.07042,0.07552,0.08281,0.09088,0.06750,0.02747,0.14894
0.14265,0.07710,0.12514,0.05914,0.11279,0.06170,0.06395,0.06118,0.07971,0.06873,0.02729,0.12061
0.09769,0.09192,0.13105,0.06834,0.09730,0.07177,0.07593,0.08330,0.09775,0.08247,0.02784,0.07465
