0.00000,0.00000,0.00000,0.00000,0.30432,0.09138,0.00000,0.00000,0.00000,0.00000,0.00000,0.00000,0.08471,0.12525,0.16300,0.15595,0.07540
0.00000,0.00000,0.00000,0.00000,0.14068,0.03835,0.00000,0.00000,0.00000,0.00000,0.00000,0.00000,0.07156,0.13117,0.22551,0.15822,0.23451
0.00000,0.00000,0.00000,0.00000,0.00000,0.00000,0.00000,0.00000,0.36358,0.00024,0.00000,0.00000,0.00113,0.03296,0.38117,0.06454,0.15638
0.00000,0.00000,0.00000,0.00000,0.23903,0.00680,0.00000,0.00000,0.00000,0.00000,0.00000,0.00000,0.03124,0.32943,0.17213,0.08343,0.13795
0.46887,0.09285,0.00000,0.00000,0.00000,0.00000,0.00000,0.00000,0.00000,0.00000,0.00000,0.00000,0.06406,0.04244,0.18135,0.07654,0.07389
0.00000,0.00000,0.31538,0.04552,0.00000,0.00000,0.00000,0.00000,0.00000,0.00000,0.00000,0.00000,0.10312,0.17406,0.13280,0.06052,0.16860
0.00000,0.00000,0.00000,0.00000,0.00000,0.00000,0.00000,0.00000,0.30754,0.01457,0.00000,0.00000,0.05465,0.04133,0.10055,0.30703,0.17433
0.00000,0.00000,0.00000,0.00000,0.26649,0.06669,0.00000,0.00000,0.00000,0.00000,0.00000,0.00000,0.06013,0.16267,0.26632,0.06514,0.11257
0.00000,0.00000,0.00000,0.00000,0.00000,0.00000,0.24033,0.01700,0.00000,0.00000,0.00000,0.00000,0.01208,0.01632,0.05515,0.25554,0.40359
0.00000,0.00000,0.00000,0.00000,0.00000,0.00000,0.00000,0.00000,0.00000,0.00000,0.30916,0.02593,0.00768,0.02044,0.34272,0.17628,0.11779
0.30599,0.08043,0.00000,0.00000,0.00000,0.00000,0.00000,0.00000,0.00000,0.00000,0.00000,0.00000,0.00386,0.10540,0.11813,0.09328,0.29291
0.15357,0.00172,0.00000,0.00000,0.00000,0.00000,0.00000,0.00000,0.00000,0.00000,0.00000,0.00000,0.02383,0.00797,0.15924,0.49858,0.15508
0.00000,0.00000,0.00000,0.00000,0.21993,0.03586,0.00000,0.00000,0.00000,0.00000,0.00000,0.00000,0.00046,0.08070,0.19881,0.13427,0.32996
0.00000,0.00000,0.00000,0.00000,0.36395,0.10674,0.00000,0.00000,0.00000,0.00000,0.00000,0.00000,0.03448,0.04226,0.18661,0.13010,0.13588
0.35675,0.01299,0.00000,0.00000,0.00000,0.00000,0.00000,0.00000,0.00000,0.00000,0.00000,0.00000,0.04540,0.07187,0.10928,0.18023,0.22349
0.00000,0.00000,0.00000,0.00000,0.00000,0.00000,0.00000,0.00000,0.27620,0.02005,0.00000,0.00000,0.01739,0.10100,0.38093,0.11997,0.08445
0.32251,0.03228,0.00000,0.00000,0.00000,0.00000,0.00000,0.00000,0.00000,0.00000,0.00000,0.00000,0.00415,0.04899,0.15294,0.06136,0.37777
0.00000,0.00000,0.00000,0.00000,0.00000,0.00000,0.21012,0.16760,0.00000,0.00000,0.00000,0.00000,0.09381,0.08555,0.02625,0.18196,0.23470
0.00000,0.00000,0.00000,0.00000,0.00000,0.00000,0.00000,0.00000,0.39103,0.02838,0.00000,0.00000,0.02332,0.04942,0.21441,0.11855,0.17488
0.00000,0.00000,0.00000,0.00000,0.32513,0.04720,0.00000,0.00000,0.00000,0.00000,0.00000,0.00000,0.06187,0.16102,0.06422,0.25875,0.08182
0.00000,0.00000,0.00000,0.00000,0.00000,0.00000,0.00000,0.00000,0.21007,0.01221,0.00000,0.00000,0.02986,0.19851,0.24281,0.22156,0.08499
0.00000,0.00000,0.00000,0.00000,0.00000,0.00000,0.46437,0.07552,0.00000,0.00000,0.00000,0.00000,0.04141,0.02851,0.19974,0.06279,0.12766
0.00000,0.00000,0.24879,0.02935,0.00000,0.00000,0.00000,0.00000,0.00000,0.00000,0.00000,0.00000,0.13721,0.06228,0.19003,0.09045,0.24188
0.00000,0.00000,0.00000,0.00000,0.00000,0.00000,0.00000,0.00000,0.00000,0.00000,0.47204,0.05630,0.02035,0.12900,0.10739,0.12368,0.09124
0.00000,0.00000,0.14407,0.14095,0.00000,0.00000,0.00000,0.00000,0.00000,0.00000,0.00000,0.00000,0.00150,0.11232,0.24530,0.26985,0.08601
0.31962,0.03452,0.00000,0.00000,0.00000,0.00000,0.00000,0.00000,0.00000,0.00000,0.00000,0.00000,0.00038,0.14290,0.23022,0.16337,0.10899
0.00000,0.00000,0.00000,0.00000,0.00000,0.00000,0.00000,0.00000,0.00000,0.00000,0.24859,0.00742,0.00473,0.12866,0.06547,0.15423,0.39090
0.00000,0.00000,0.00000,0.00000,0.00000,0.00000,0.00000,0.00000,0.00000,0.00000,0.39404,0.02401,0.02543,0.10181,0.14595,0.04051,0.26825
0.00000,0.00000,0.00000,0.00000,0.00000,0.00000,0.27592,0.01584,0.00000,0.00000,0.00000,0.00000,0.01605,0.22729,0.25798,0.14245,0.06447
0.00000,0.00000,0.00000,0.00000,0.00000,0.00000,0.00000,0.00000,0.00000,0.00000,0.12604,0.01474,0.05135,0.06807,0.37851,0.07719,0.28410
0.00000,0.00000,0.20654,0.05210,0.00000,0.00000,0.00000,0.00000,0.00000,0.00000,0.00000,0.00000,0.04545,0.03732,0.10569,0.17553,0.37737
0.00000,0.00000,0.00000,0.00000,0.18563,0.10409,0.00000,0.00000,0.00000,0.00000,0.00000,0.00000,0.02049,0.02327,0.22442,0.30398,0.13812
0.00000,0.00000,0.25333,0.02512,0.00000,0.00000,0.00000,0.00000,0.00000,0.00000,0.00000,0.00000,0.17678,0.11098,0.14589,0.10781,0.18009
0.00000,0.00000,0.00000,0.00000,0.26518,0.04669,0.00000,0.00000,0.00000,0.00000,0.00000,0.00000,0.04292,0.02005,0.29680,0.10756,0.22081
0.00000,0.00000,0.00000,0.00000,0.00000,0.00000,0.33454,0.06732,0.00000,0.00000,0.00000,0.00000,0.01368,0.15065,0.13419,0.11743,0.18218
0.00000,0.00000,0.28169,0.00523,0.00000,0.00000,0.00000,0.00000,0.00000,0.00000,0.00000,0.00000,0.01563,0.24469,0.23366,0.11346,0.10564
0.31484,0.00651,0.00000,0.00000,0.00000,0.00000,0.00000,0.00000,0.00000,0.00000,0.00000,0.00000,0.01720,0.11032,0.31850,0.10481,0.12782
0.00000,0.00000,0.51815,0.00900,0.00000,0.00000,0.00000,0.00000,0.00000,0.00000,0.00000,0.00000,0.01861,0.08511,0.18361,0.11401,0.07150
0.00000,0.00000,0.00000,0.00000,0.00000,0.00000,0.44676,0.01903,0.00000,0.00000,0.00000,0.00000,0.00311,0.14740,0.18952,0.09533,0.09886
0.32772,0.03331,0.00000,0.00000,0.00000,0.00000,0.00000,0.00000,0.00000,0.00000,0.00000,0.00000,0.00567,0.28837,0.12976,0.10311,0.11206
0.00000,0.00000,0.00000,0.00000,0.00000,0.00000,0.00000,0.00000,0.44326,0.01627,0.00000,0.00000,0.00335,0.08833,0.10927,0.03027,0.30924
0.00000,0.00000,0.00000,0.00000,0.00000,0.00000,0.00000,0.00000,0.44367,0.02178,0.00000,0.00000,0.00885,0.03401,0.23000,0.15208,0.10962
0.00000,0.00000,0.00000,0.00000,0.00000,0.00000,0.34599,0.00568,0.00000,0.00000,0.00000,0.00000,0.00018,0.05274,0.40428,0.03382,0.15732
0.00000,0.00000,0.00000,0.00000,0.25736,0.03450,0.00000,0.00000,0.00000,0.00000,0.00000,0.00000,0.14990,0.04554,0.23302,0.04596,0.23371
0.00000,0.00000,0.00000,0.00000,0.00000,0.00000,0.00000,0.00000,0.00000,0.00000,0.34181,0.01485,0.09288,0.03283,0.27291,0.08088,0.16384
0.00000,0.00000,0.00000,0.00000,0.00000,0.00000,0.00000,0.00000,0.47386,0.09497,0.00000,0.00000,0.07097,0.04742,0.13746,0.05555,0.11976
0.00000,0.00000,0.00000,0.00000,0.09117,0.00536,0.00000,0.00000,0.00000,0.00000,0.00000,0.00000,0.00315,0.22037,0.15547,0.41868,0.10579
0.00000,0.00000,0.00000,0.00000,0.00000,0.00000,0.00000,0.00000,0.00000,0.00000,0.40881,0.09749,0.00899,0.12523,0.14776,0.07846,0.13326
0.11218,0.21819,0.00000,0.00000,0.00000,0.00000,0.00000,0.00000,0.00000,0.00000,0.00000,0.00000,0.04977,0.07928,0.29437,0.05385,0.19237
0.00000,0.00000,0.00000,0.00000,0.34836,0.04632,0.00000,0.00000,0.00000,0.00000,0.00000,0.00000,0.02333,0.06965,0.21378,0.07453,0.22404
0.00000,0.00000,0.00000,0.00000,0.00000,0.00000,0.21784,0.00188,0.00000,0.00000,0.00000,0.00000,0.00826,0.06276,0.48147,0.12199,0.10580
0.00000,0.00000,0.00000,0.00000,0.40306,0.00347,0.00000,0.00000,0.00000,0.00000,0.00000,0.00000,0.00046,0.02674,0.24530,0.19914,0.12182
0.00000,0.00000,0.00000,0.00000,0.18960,0.00679,0.00000,0.00000,0.00000,0.00000,0.00000,0.00000,0.01881,0.21398,0.13047,0.13738,0.30297
0.00000,0.00000,0.00000,0.00000,0.00000,0.00000,0.28082,0.04399,0.00000,0.00000,0.00000,0.00000,0.03014,0.10729,0.30407,0.10972,0.12398
0.00000,0.00000,0.00000,0.00000,0.00000,0.00000,0.00000,0.00000,0.00000,0.00000,0.24229,0.00860,0.07235,0.09904,0.07641,0.26424,0.23708
0.00000,0.00000,0.28426,0.06808,0.00000,0.00000,0.00000,0.00000,0.00000,0.00000,0.00000,0.00000,0.06480,0.05065,0.16743,0.26945,0.09532
0.00000,0.00000,0.00000,0.00000,0.00000,0.00000,0.00000,0.00000,0.61016,0.04020,0.00000,0.00000,0.01506,0.02777,0.18579,0.07283,0.04817
0.00000,0.00000,0.17770,0.09184,0.00000,0.00000,0.00000,0.00000,0.00000,0.00000,0.00000,0.00000,0.04079,0.16258,0.32778,0.14977,0.04954
0.00000,0.00000,0.00000,0.00000,0.27439,0.01825,0.00000,0.00000,0.00000,0.00000,0.00000,0.00000,0.00279,0.20269,0.11962,0.22098,0.16130
0.00000,0.00000,0.00000,0.00000,0.00000,0.00000,0.00000,0.00000,0.00000,0.00000,0.35226,0.03258,0.05119,0.07238,0.17767,0.10681,0.20712
0.00000,0.00000,0.00000,0.00000,0.00000,0.00000,0.00000,0.00000,0.00000,0.00000,0.26019,0.00568,0.00690,0.14695,0.36121,0.05626,0.16280
0.00000,0.00000,0.00000,0.00000,0.23993,0.00810,0.00000,0.00000,0.00000,0.00000,0.00000,0.00000,0.00947,0.07930,0.25221,0.22688,0.18410
0.00000,0.00000,0.00000,0.00000,0.00000,0.00000,0.32283,0.01627,0.00000,0.00000,0.00000,0.00000,0.02491,0.08741,0.40293,0.03522,0.11044
0.33814,0.02979,0.00000,0.00000,0.00000,0.00000,0.00000,0.00000,0.00000,0.00000,0.00000,0.00000,0.03440,0.07486,0.11903,0.22537,0.17840
0.00000,0.00000,0.00000,0.00000,0.00000,0.00000,0.00000,0.00000,0.00000,0.00000,0.22681,0.04457,0.01598,0.05871,0.30222,0.19482,0.15688
0.00000,0.00000,0.22677,0.15172,0.00000,0.00000,0.00000,0.00000,0.00000,0.00000,0.00000,0.00000,0.00018,0.07647,0.22190,0.14923,0.17374
0.00000,0.00000,0.00000,0.00000,0.00000,0.00000,0.00000,0.00000,0.00000,0.00000,0.47190,0.00260,0.01367,0.01380,0.08427,0.28028,0.13347
0.22158,0.02980,0.00000,0.00000,0.00000,0.00000,0.00000,0.00000,0.00000,0.00000,0.00000,0.00000,0.07576,0.07616,0.24757,0.09271,0.25641
0.00000,0.00000,0.00000,0.00000,0.00000,0.00000,0.00000,0.00000,0.00000,0.00000,0.24413,0.00004,0.10495,0.25733,0.12421,0.04915,0.22020
0.19546,0.09397,0.00000,0.00000,0.00000,0.00000,0.00000,0.00000,0.00000,0.00000,0.00000,0.00000,0.15459,0.06145,0.13399,0.16826,0.19228
0.00000,0.00000,0.00000,0.00000,0.21893,0.04670,0.00000,0.00000,0.00000,0.00000,0.00000,0.00000,0.01336,0.22977,0.27132,0.11985,0.10008
0.27026,0.00039,0.00000,0.00000,0.00000,0.00000,0.00000,0.00000,0.00000,0.00000,0.00000,0.00000,0.08743,0.05003,0.23330,0.15399,0.20459
0.00000,0.00000,0.00000,0.00000,0.00000,0.00000,0.00000,0.00000,0.00000,0.00000,0.43510,0.08649,0.00757,0.04972,0.22260,0.05014,0.14838
0.00000,0.00000,0.27726,0.02315,0.00000,0.00000,0.00000,0.00000,0.00000,0.00000,0.00000,0.00000,0.00117,0.04108,0.20238,0.15220,0.30277
0.00000,0.00000,0.44455,0.04351,0.00000,0.00000,0.00000,0.00000,0.00000,0.00000,0.00000,0.00000,0.02228,0.06478,0.24057,0.06913,0.11518
0.00000,0.00000,0.00000,0.00000,0.17203,0.01202,0.00000,0.00000,0.00000,0.00000,0.00000,0.00000,0.01602,0.03641,0.38065,0.20369,0.17919
0.00000,0.00000,0.00000,0.00000,0.29879,0.05318,0.00000,0.00000,0.00000,0.00000,0.00000,0.00000,0.01286,0.17279,0.15157,0.06502,0.24579
0.00000,0.00000,0.00000,0.00000,0.00000,0.00000,0.00000,0.00000,0.00000,0.00000,0.18939,0.04254,0.00005,0.08692,0.24270,0.39567,0.04273
0.00000,0.00000,0.20491,0.04353,0.00000,0.00000,0.00000,0.00000,0.00000,0.00000,0.00000,0.00000,0.15264,0.16284,0.15550,0.06561,0.21497
0.00000,0.00000,0.00000,0.00000,0.00000,0.00000,0.00000,0.00000,0.00000,0.00000,0.35886,0.03973,0.08538,0.16272,0.18081,0.05647,0.11603
0.00000,0.00000,0.00000,0.00000,0.00000,0.00000,0.00000,0.00000,0.17759,0.04270,0.00000,0.00000,0.03506,0.10220,0.26571,0.12059,0.25615
0.00000,0.00000,0.21522,0.06434,0.00000,0.00000,0.00000,0.00000,0.00000,0.00000,0.00000,0.00000,0.06140,0.08495,0.25235,0.14904,0.17270
0.42899,0.04815,0.00000,0.00000,0.00000,0.00000,0.00000,0.00000,0.00000,0.00000,0.00000,0.00000,0.14048,0.01000,0.10668,0.13241,0.13329
0.00000,0.00000,0.24640,0.01243,0.00000,0.00000,0.00000,0.00000,0.00000,0.00000,0.00000,0.00000,0.01380,0.33161,0.07631,0.16890,0.15056
0.00000,0.00000,0.00000,0.00000,0.00000,0.00000,0.22396,0.01652,0.00000,0.00000,0.00000,0.00000,0.05562,0.09542,0.27539,0.14938,0.18371
0.00000,0.00000,0.00000,0.00000,0.29469,0.00416,0.00000,0.00000,0.00000,0.00000,0.00000,0.00000,0.08352,0.04533,0.12022,0.29780,0.15429
0.00000,0.00000,0.00000,0.00000,0.00000,0.00000,0.00000,0.00000,0.00000,0.00000,0.28454,0.03718,0.05038,0.05496,0.40390,0.06893,0.10011
0.00000,0.00000,0.00000,0.00000,0.00000,0.00000,0.40446,0.06353,0.00000,0.00000,0.00000,0.00000,0.01341,0.02547,0.12800,0.23146,0.13366
0.00000,0.00000,0.00000,0.00000,0.00000,0.00000,0.31876,0.10906,0.00000,0.00000,0.00000,0.00000,0.14938,0.00565,0.27088,0.08220,0.06407
0.20350,0.02951,0.00000,0.00000,0.00000,0.00000,0.00000,0.00000,0.00000,0.00000,0.00000,0.00000,0.07834,0.08124,0.39800,0.08074,0.12866
0.00000,0.00000,0.00000,0.00000,0.00000,0.00000,0.00000,0.00000,0.39742,0.01665,0.00000,0.00000,0.06425,0.13529,0.12251,0.17795,0.08594
0.00000,0.00000,0.20300,0.01876,0.00000,0.00000,0.00000,0.00000,0.00000,0.00000,0.00000,0.00000,0.00337,0.17616,0.34210,0.17415,0.08246
0.00000,0.00000,0.00000,0.00000,0.00000,0.00000,0.00000,0.00000,0.31262,0.00147,0.00000,0.00000,0.01921,0.20689,0.18885,0.15429,0.11667
0.00000,0.00000,0.12134,0.03225,0.00000,0.00000,0.00000,0.00000,0.00000,0.00000,0.00000,0.00000,0.01228,0.27642,0.34211,0.05860,0.15699
0.00000,0.00000,0.00000,0.00000,0.00000,0.00000,0.00000,0.00000,0.32642,0.04019,0.00000,0.00000,0.00445,0.14065,0.19120,0.01250,0.28459
0.00000,0.00000,0.00000,0.00000,0.00000,0.00000,0.15148,0.06920,0.00000,0.00000,0.00000,0.00000,0.00965,0.08604,0.25359,0.26880,0.16125
0.00000,0.00000,0.00000,0.00000,0.00000,0.00000,0.32245,0.01631,0.00000,0.00000,0.00000,0.00000,0.01269,0.14373,0.16725,0.14343,0.19416
0.00000,0.00000,0.00000,0.00000,0.00000,0.00000,0.31883,0.00866,0.00000,0.00000,0.00000,0.00000,0.00564,0.10533,0.17705,0.21311,0.17140
0.00000,0.00000,0.00000,0.00000,0.00000,0.00000,0.00000,0.00000,0.00000,0.00000,0.46113,0.13157,0.00048,0.03731,0.14765,0.10326,0.11860
0.28833,0.00744,0.00000,0.00000,0.00000,0.00000,0.00000,0.00000,0.00000,0.00000,0.00000,0.00000,0.00213,0.06554,0.24951,0.11270,0.27435
0.00000,0.00000,0.00000,0.00000,0.41579,0.01201,0.00000,0.00000,0.00000,0.00000,0.00000,0.00000,0.04592,0.10467,0.09038,0.15458,0.17666
0.00000,0.00000,0.00000,0.00000,0.00000,0.00000,0.00000,0.00000,0.39242,0.00520,0.00000,0.00000,0.00401,0.12357,0.15970,0.18640,0.12871
0.00000,0.00000,0.00000,0.00000,0.00000,0.00000,0.00000,0.00000,0.00000,0.00000,0.39204,0.06839,0.02438,0.07184,0.20823,0.15357,0.08156
0.00000,0.00000,0.00000,0.00000,0.18657,0.03566,0.00000,0.00000,0.00000,0.00000,0.00000,0.00000,0.08282,0.06421,0.39693,0.07338,0.16043
0.38155,0.06074,0.00000,0.00000,0.00000,0.00000,0.00000,0.00000,0.00000,0.00000,0.00000,0.00000,0.02756,0.06450,0.09617,0.09903,0.27044
0.00000,0.00000,0.00000,0.00000,0.22505,0.15743,0.00000,0.00000,0.00000,0.00000,0.00000,0.00000,0.02552,0.02597,0.33034,0.18575,0.04994
0.00000,0.00000,0.00000,0.00000,0.00000,0.00000,0.00000,0.00000,0.00000,0.00000,0.34861,0.04069,0.00260,0.20928,0.13874,0.10062,0.15947
0.00000,0.00000,0.00000,0.00000,0.19462,0.04677,0.00000,0.00000,0.00000,0.00000,0.00000,0.00000,0.02258,0.15680,0.16020,0.25027,0.16876
0.47152,0.01006,0.00000,0.00000,0.00000,0.00000,0.00000,0.00000,0.00000,0.00000,0.00000,0.00000,0.05689,0.06457,0.10580,0.20367,0.08748
0.17454,0.03954,0.00000,0.00000,0.00000,0.00000,0.00000,0.00000,0.00000,0.00000,0.00000,0.00000,0.05337,0.12331,0.13505,0.30926,0.16494
0.00000,0.00000,0.00000,0.00000,0.00000,0.00000,0.33105,0.00508,0.00000,0.00000,0.00000,0.00000,0.05816,0.08366,0.34892,0.09435,0.07877
0.00000,0.00000,0.32458,0.02756,0.00000,0.00000,0.00000,0.00000,0.00000,0.00000,0.00000,0.00000,0.07110,0.10557,0.21678,0.15288,0.10153
0.00000,0.00000,0.00000,0.00000,0.00000,0.00000,0.20707,0.00618,0.00000,0.00000,0.00000,0.00000,0.00034,0.08559,0.35616,0.14979,0.19487
0.17994,0.00025,0.00000,0.00000,0.00000,0.00000,0.00000,0.00000,0.00000,0.00000,0.00000,0.00000,0.04955,0.07305,0.43223,0.18256,0.08242
0.00000,0.00000,0.18638,0.00546,0.00000,0.00000,0.00000,0.00000,0.00000,0.00000,0.00000,0.00000,0.03020,0.09035,0.26438,0.04638,0.37685
0.36492,0.01426,0.00000,0.00000,0.00000,0.00000,0.00000,0.00000,0.00000,0.00000,0.00000,0.00000,0.01873,0.02419,0.23031,0.11272,0.23486
0.30003,0.00144,0.00000,0.00000,0.00000,0.00000,0.00000,0.00000,0.00000,0.00000,0.00000,0.00000,0.11747,0.08842,0.05581,0.21726,0.21957
0.00000,0.00000,0.00000,0.00000,0.00000,0.00000,0.40587,0.04383,0.00000,0.00000,0.00000,0.00000,0.00476,0.04528,0.20680,0.21731,0.07616
0.00000,0.00000,0.15807,0.00705,0.00000,0.00000,0.00000,0.00000,0.00000,0.00000,0.00000,0.00000,0.00034,0.02017,0.23173,0.33766,0.24497
0.25713,0.01401,0.00000,0.00000,0.00000,0.00000,0.00000,0.00000,0.00000,0.00000,0.00000,0.00000,0.09072,0.27768,0.18030,0.06509,0.11506
0.00000,0.00000,0.00000,0.00000,0.25363,0.02394,0.00000,0.00000,0.00000,0.00000,0.00000,0.00000,0.03955,0.18720,0.23809,0.11669,0.14091
0.42545,0.00331,0.00000,0.00000,0.00000,0.00000,0.00000,0.00000,0.00000,0.00000,0.00000,0.00000,0.05461,0.02556,0.19610,0.17927,0.11571
0.00000,0.00000,0.00000,0.00000,0.00000,0.00000,0.00000,0.00000,0.37216,0.00016,0.00000,0.00000,0.06595,0.10244,0.19701,0.17803,0.08426
0.00000,0.00000,0.28190,0.05438,0.00000,0.00000,0.00000,0.00000,0.00000,0.00000,0.00000,0.00000,0.00546,0.06962,0.31359,0.16325,0.11181
0.00000,0.00000,0.00000,0.00000,0.00000,0.00000,0.00000,0.00000,0.41185,0.06116,0.00000,0.00000,0.00513,0.04594,0.16891,0.11374,0.19327
0.00000,0.00000,0.39733,0.04042,0.00000,0.00000,0.00000,0.00000,0.00000,0.00000,0.00000,0.00000,0.02452,0.05274,0.19208,0.15535,0.13757
0.00000,0.00000,0.25496,0.06672,0.00000,0.00000,0.00000,0.00000,0.00000,0.00000,0.00000,0.00000,0.00073,0.11328,0.38422,0.08246,0.09763
0.00000,0.00000,0.00000,0.00000,0.00000,0.00000,0.00000,0.00000,0.00000,0.00000,0.32003,0.00988,0.01371,0.06493,0.33709,0.14880,0.10556
0.00000,0.00000,0.00000,0.00000,0.00000,0.00000,0.00000,0.00000,0.00000,0.00000,0.40131,0.03190,0.01083,0.13408,0.23480,0.14048,0.04659
0.00000,0.00000,0.00000,0.00000,0.27936,0.03225,0.00000,0.00000,0.00000,0.00000,0.00000,0.00000,0.00218,0.05495,0.22301,0.13302,0.27522
0.00000,0.00000,0.00000,0.00000,0.00000,0.00000,0.27396,0.16997,0.00000,0.00000,0.00000,0.00000,0.04417,0.13966,0.18248,0.12633,0.06343
0.00000,0.00000,0.00000,0.00000,0.00000,0.00000,0.17956,0.15309,0.00000,0.00000,0.00000,0.00000,0.00340,0.18033,0.14484,0.16901,0.16976
0.00000,0.00000,0.00000,0.00000,0.00000,0.00000,0.00000,0.00000,0.00000,0.00000,0.11979,0.00681,0.00468,0.16935,0.35588,0.15212,0.19137
0.00000,0.00000,0.00000,0.00000,0.00000,0.00000,0.00000,0.00000,0.36081,0.00017,0.00000,0.00000,0.04310,0.06500,0.14716,0.21246,0.17130
0.00000,0.00000,0.00000,0.00000,0.00000,0.00000,0.00000,0.00000,0.00000,0.00000,0.32826,0.00282,0.00850,0.22896,0.11124,0.14863,0.17159
0.34479,0.00638,0.00000,0.00000,0.00000,0.00000,0.00000,0.00000,0.00000,0.00000,0.00000,0.00000,0.03893,0.05428,0.09422,0.20460,0.25679
0.00000,0.00000,0.26608,0.22254,0.00000,0.00000,0.00000,0.00000,0.00000,0.00000,0.00000,0.00000,0.00066,0.10043,0.25770,0.04252,0.11006
0.00000,0.00000,0.21744,0.06182,0.00000,0.00000,0.00000,0.00000,0.00000,0.00000,0.00000,0.00000,0.04168,0.09700,0.12857,0.21192,0.24157
0.00000,0.00000,0.00000,0.00000,0.00000,0.00000,0.16369,0.01787,0.00000,0.00000,0.00000,0.00000,0.02684,0.06119,0.30560,0.20769,0.21711
0.29955,0.04385,0.00000,0.00000,0.00000,0.00000,0.00000,0.00000,0.00000,0.00000,0.00000,0.00000,0.01143,0.09374,0.16719,0.26281,0.12143
0.00000,0.00000,0.37961,0.01889,0.00000,0.00000,0.00000,0.00000,0.00000,0.00000,0.00000,0.00000,0.08250,0.03273,0.23585,0.16331,0.08710
0.00000,0.00000,0.00000,0.00000,0.00000,0.00000,0.00000,0.00000,0.22538,0.04300,0.00000,0.00000,0.04393,0.12176,0.16694,0.14688,0.25210
0.00000,0.00000,0.00000,0.00000,0.00000,0.00000,0.00000,0.00000,0.23837,0.16142,0.00000,0.00000,0.00295,0.01813,0.21346,0.12813,0.23754
0.00000,0.00000,0.00000,0.00000,0.00000,0.00000,0.00000,0.00000,0.38299,0.09563,0.00000,0.00000,0.00059,0.04737,0.13665,0.15300,0.18375
0.00000,0.00000,0.00000,0.00000,0.00000,0.00000,0.00000,0.00000,0.00000,0.00000,0.48374,0.00419,0.01452,0.07624,0.15895,0.07268,0.18967
0.22027,0.06870,0.00000,0.00000,0.00000,0.00000,0.00000,0.00000,0.00000,0.00000,0.00000,0.00000,0.06068,0.10783,0.16870,0.12978,0.24403
0.00000,0.00000,0.00000,0.00000,0.00000,0.00000,0.42935,0.00203,0.00000,0.00000,0.00000,0.00000,0.04401,0.12217,0.04066,0.11673,0.24506
0.00000,0.00000,0.00000,0.00000,0.00000,0.00000,0.00000,0.00000,0.00000,0.00000,0.45762,0.01308,0.01393,0.10247,0.20672,0.08224,0.12394
0.37737,0.02003,0.00000,0.00000,0.00000,0.00000,0.00000,0.00000,0.00000,0.00000,0.00000,0.00000,0.01878,0.02537,0.20803,0.24018,0.11024
0.00000,0.00000,0.00000,0.00000,0.00000,0.00000,0.00000,0.00000,0.30445,0.20787,0.00000,0.00000,0.16086,0.10888,0.03845,0.09089,0.08860
0.00000,0.00000,0.00000,0.00000,0.19883,0.00563,0.00000,0.00000,0.00000,0.00000,0.00000,0.00000,0.00174,0.20540,0.26858,0.09452,0.22530
0.00000,0.00000,0.00000,0.00000,0.00000,0.00000,0.00000,0.00000,0.39778,0.00346,0.00000,0.00000,0.12321,0.11144,0.16826,0.10567,0.09019
0.37744,0.01224,0.00000,0.00000,0.00000,0.00000,0.00000,0.00000,0.00000,0.00000,0.00000,0.00000,0.00877,0.14355,0.21101,0.17559,0.07139
0.00000,0.00000,0.00000,0.00000,0.00000,0.00000,0.00000,0.00000,0.00000,0.00000,0.15068,0.07930,0.00732,0.04212,0.05184,0.43792,0.23084
0.00000,0.00000,0.21310,0.00576,0.00000,0.00000,0.00000,0.00000,0.00000,0.00000,0.00000,0.00000,0.02749,0.10917,0.04055,0.17623,0.42772
0.40604,0.01164,0.00000,0.00000,0.00000,0.00000,0.00000,0.00000,0.00000,0.00000,0.00000,0.00000,0.00482,0.03687,0.08245,0.24496,0.21321
0.00000,0.00000,0.00000,0.00000,0.00000,0.00000,0.34304,0.02444,0.00000,0.00000,0.00000,0.00000,0.00688,0.14269,0.34385,0.02687,0.11224
0.00000,0.00000,0.32806,0.05666,0.00000,0.00000,0.00000,0.00000,0.00000,0.00000,0.00000,0.00000,0.00186,0.07339,0.24887,0.16285,0.12831
0.00000,0.00000,0.00000,0.00000,0.00000,0.00000,0.00000,0.00000,0.32394,0.13076,0.00000,0.00000,0.12855,0.03530,0.09400,0.05397,0.23347
0.00000,0.00000,0.00000,0.00000,0.26913,0.10290,0.00000,0.00000,0.00000,0.00000,0.00000,0.00000,0.00877,0.05198,0.24394,0.14271,0.18057
0.00000,0.00000,0.00000,0.00000,0.00000,0.00000,0.00000,0.00000,0.20493,0.12298,0.00000,0.00000,0.05199,0.12553,0.20345,0.15683,0.13429
0.00000,0.00000,0.00000,0.00000,0.17247,0.13825,0.00000,0.00000,0.00000,0.00000,0.00000,0.00000,0.00461,0.08616,0.24364,0.03546,0.31940
0.00000,0.00000,0.00000,0.00000,0.00000,0.00000,0.00000,0.00000,0.00000,0.00000,0.56474,0.00277,0.11179,0.01392,0.11721,0.11246,0.07711
0.42028,0.05655,0.00000,0.00000,0.00000,0.00000,0.00000,0.00000,0.00000,0.00000,0.00000,0.00000,0.02637,0.08666,0.17449,0.09968,0.13597
0.00000,0.00000,0.00000,0.00000,0.00000,0.00000,0.00000,0.00000,0.00000,0.00000,0.48351,0.02337,0.00074,0.04903,0.26065,0.06710,0.11559
0.00000,0.00000,0.00000,0.00000,0.00000,0.00000,0.00000,0.00000,0.00000,0.00000,0.13096,0.14497,0.03044,0.10409,0.24168,0.24201,0.10585
0.16870,0.04468,0.00000,0.00000,0.00000,0.00000,0.00000,0.00000,0.00000,0.00000,0.00000,0.00000,0.06795,0.27452,0.15911,0.16353,0.12151
0.15660,0.06138,0.00000,0.00000,0.00000,0.00000,0.00000,0.00000,0.00000,0.00000,0.00000,0.00000,0.05181,0.05336,0.08011,0.32138,0.27535
0.00000,0.00000,0.00000,0.00000,0.28692,0.08032,0.00000,0.00000,0.00000,0.00000,0.00000,0.00000,0.04078,0.24104,0.21714,0.06716,0.06664
0.00000,0.00000,0.00000,0.00000,0.00000,0.00000,0.00000,0.00000,0.00000,0.00000,0.19701,0.04668,0.12199,0.10452,0.22894,0.06399,0.23687
0.00000,0.00000,0.00000,0.00000,0.00000,0.00000,0.28936,0.01196,0.00000,0.00000,0.00000,0.00000,0.01918,0.06668,0.21179,0.24539,0.15563
0.00000,0.00000,0.00000,0.00000,0.00000,0.00000,0.00000,0.00000,0.25667,0.07777,0.00000,0.00000,0.07778,0.14182,0.22881,0.11787,0.09928
0.00000,0.00000,0.00000,0.00000,0.00000,0.00000,0.24003,0.15164,0.00000,0.00000,0.00000,0.00000,0.04424,0.08649,0.09574,0.10931,0.27255
0.35847,0.02602,0.00000,0.00000,0.00000,0.00000,0.00000,0.00000,0.00000,0.00000,0.00000,0.00000,0.03049,0.11324,0.21321,0.08617,0.17240
0.00000,0.00000,0.00000,0.00000,0.18067,0.00053,0.00000,0.00000,0.00000,0.00000,0.00000,0.00000,0.12513,0.08663,0.19795,0.19836,0.21073
0.00000,0.00000,0.00000,0.00000,0.16318,0.00815,0.00000,0.00000,0.00000,0.00000,0.00000,0.00000,0.02079,0.16085,0.29103,0.05456,0.30143
0.00000,0.00000,0.00000,0.00000,0.00000,0.00000,0.00000,0.00000,0.22455,0.09505,0.00000,0.00000,0.00001,0.04527,0.22281,0.17240,0.23991
0.00000,0.00000,0.28436,0.02398,0.00000,0.00000,0.00000,0.00000,0.00000,0.00000,0.00000,0.00000,0.07888,0.07567,0.22879,0.16531,0.14301
0.00000,0.00000,0.00000,0.00000,0.30310,0.00828,0.00000,0.00000,0.00000,0.00000,0.00000,0.00000,0.07754,0.08698,0.29179,0.09361,0.13869
0.00000,0.00000,0.32695,0.04634,0.00000,0.00000,0.00000,0.00000,0.00000,0.00000,0.00000,0.00000,0.00037,0.02969,0.19959,0.22475,0.17231
0.00000,0.00000,0.00000,0.00000,0.20715,0.01694,0.00000,0.00000,0.00000,0.00000,0.00000,0.00000,0.11453,0.04758,0.42373,0.16186,0.02820
0.00000,0.00000,0.00000,0.00000,0.51040,0.00189,0.00000,0.00000,0.00000,0.00000,0.00000,0.00000,0.08562,0.11792,0.09532,0.05077,0.13808
0.34334,0.05390,0.00000,0.00000,0.00000,0.00000,0.00000,0.00000,0.00000,0.00000,0.00000,0.00000,0.03194,0.15795,0.14169,0.07076,0.20042
0.36685,0.00815,0.00000,0.00000,0.00000,0.00000,0.00000,0.00000,0.00000,0.00000,0.00000,0.00000,0.05678,0.07033,0.27423,0.02994,0.19372
0.00000,0.00000,0.00000,0.00000,0.00000,0.00000,0.00000,0.00000,0.28988,0.01004,0.00000,0.00000,0.09668,0.05282,0.18274,0.06985,0.29798
0.00000,0.00000,0.19036,0.01337,0.00000,0.00000,0.00000,0.00000,0.00000,0.00000,0.00000,0.00000,0.06531,0.02488,0.39542,0.17240,0.13826
0.00000,0.00000,0.00000,0.00000,0.24990,0.00753,0.00000,0.00000,0.00000,0.00000,0.00000,0.00000,0.04751,0.10718,0.16513,0.30818,0.11458
0.00000,0.00000,0.00000,0.00000,0.00000,0.00000,0.00000,0.00000,0.19152,0.01861,0.00000,0.00000,0.00825,0.15201,0.12322,0.27441,0.23198
0.00000,0.00000,0.00000,0.00000,0.31129,0.00112,0.00000,0.00000,0.00000,0.00000,0.00000,0.00000,0.03864,0.05128,0.19985,0.12924,0.26857
0.00000,0.00000,0.00000,0.00000,0.00000,0.00000,0.00000,0.00000,0.29909,0.01664,0.00000,0.00000,0.07026,0.17967,0.18813,0.14590,0.10031
0.56177,0.06053,0.00000,0.00000,0.00000,0.00000,0.00000,0.00000,0.00000,0.00000,0.00000,0.00000,0.04203,0.00582,0.10852,0.04896,0.17237
0.00000,0.00000,0.00000,0.00000,0.00000,0.00000,0.00000,0.00000,0.32126,0.12081,0.00000,0.00000,0.04724,0.05563,0.19495,0.04749,0.21262
0.00000,0.00000,0.00000,0.00000,0.00000,0.00000,0.00000,0.00000,0.00000,0.00000,0.30348,0.18224,0.10237,0.03904,0.13348,0.12577,0.11362
0.00000,0.00000,0.00000,0.00000,0.00000,0.00000,0.00000,0.00000,0.35856,0.00676,0.00000,0.00000,0.06817,0.07451,0.17744,0.13727,0.17729
0.00000,0.00000,0.00000,0.00000,0.11530,0.01966,0.00000,0.00000,0.00000,0.00000,0.00000,0.00000,0.03409,0.08711,0.40592,0.23161,0.10631
0.00000,0.00000,0.00000,0.00000,0.17645,0.12745,0.00000,0.00000,0.00000,0.00000,0.00000,0.00000,0.00007,0.19365,0.19539,0.19222,0.11477
0.00000,0.00000,0.00000,0.00000,0.33041,0.00223,0.00000,0.00000,0.00000,0.00000,0.00000,0.00000,0.02918,0.01942,0.29844,0.08317,0.23715
0.00000,0.00000,0.00000,0.00000,0.00000,0.00000,0.00000,0.00000,0.00000,0.00000,0.36291,0.01285,0.08018,0.04820,0.08661,0.21216,0.19709
0.00000,0.00000,0.00000,0.00000,0.00000,0.00000,0.00000,0.00000,0.26504,0.01440,0.00000,0.00000,0.03773,0.15665,0.14600,0.20632,0.17386
0.00000,0.00000,0.00000,0.00000,0.00000,0.00000,0.00000,0.00000,0.00000,0.00000,0.25741,0.12899,0.00799,0.10182,0.24047,0.12090,0.14242
0.00000,0.00000,0.00000,0.00000,0.00000,0.00000,0.31704,0.04070,0.00000,0.00000,0.00000,0.00000,0.02215,0.04496,0.15861,0.16085,0.25568
0.00000,0.00000,0.00000,0.00000,0.65056,0.00664,0.00000,0.00000,0.00000,0.00000,0.00000,0.00000,0.03826,0.06023,0.12356,0.08563,0.03512
0.00000,0.00000,0.00000,0.00000,0.00000,0.00000,0.17713,0.16344,0.00000,0.00000,0.00000,0.00000,0.02557,0.22012,0.17281,0.21914,0.02179
0.00000,0.00000,0.34940,0.05295,0.00000,0.00000,0.00000,0.00000,0.00000,0.00000,0.00000,0.00000,0.04347,0.09141,0.18550,0.10425,0.17302
0.08828,0.00346,0.00000,0.00000,0.00000,0.00000,0.00000,0.00000,0.00000,0.00000,0.00000,0.00000,0.00805,0.10844,0.31719,0.23629,0.23829
0.00000,0.00000,0.00000,0.00000,0.00000,0.00000,0.19985,0.00199,0.00000,0.00000,0.00000,0.00000,0.05683,0.04602,0.16115,0.33970,0.19446
0.00000,0.00000,0.00000,0.00000,0.00000,0.00000,0.00000,0.00000,0.00000,0.00000,0.36416,0.08475,0.02515,0.13243,0.16129,0.08715,0.14508
0.00000,0.00000,0.36465,0.00813,0.00000,0.00000,0.00000,0.00000,0.00000,0.00000,0.00000,0.00000,0.00206,0.10368,0.10445,0.18470,0.23234
0.00000,0.00000,0.00000,0.00000,0.00000,0.00000,0.00000,0.00000,0.13728,0.00389,0.00000,0.00000,0.00145,0.09257,0.17672,0.48433,0.10375
0.00000,0.00000,0.00000,0.00000,0.00000,0.00000,0.00000,0.00000,0.00000,0.00000,0.32085,0.00011,0.01972,0.13633,0.23768,0.02267,0.26265
0.00000,0.00000,0.00000,0.00000,0.00000,0.00000,0.00000,0.00000,0.00000,0.00000,0.34628,0.09446,0.02463,0.02224,0.24867,0.19509,0.06861
0.00000,0.00000,0.00000,0.00000,0.00000,0.00000,0.00000,0.00000,0.00000,0.00000,0.35862,0.13825,0.00663,0.15924,0.09852,0.07051,0.16823
0.00000,0.00000,0.00000,0.00000,0.10699,0.00179,0.00000,0.00000,0.00000,0.00000,0.00000,0.00000,0.00200,0.09591,0.16399,0.49202,0.13730
0.00000,0.00000,0.00000,0.00000,0.00000,0.00000,0.00000,0.00000,0.00000,0.00000,0.37880,0.02394,0.01020,0.14307,0.15087,0.08911,0.20402
0.00000,0.00000,0.36284,0.09280,0.00000,0.00000,0.00000,0.00000,0.00000,0.00000,0.00000,0.00000,0.02475,0.06317,0.27477,0.03079,0.15088
0.23296,0.07866,0.00000,0.00000,0.00000,0.00000,0.00000,0.00000,0.00000,0.00000,0.00000,0.00000,0.00237,0.24497,0.09374,0.16196,0.18534
0.18202,0.12270,0.00000,0.00000,0.00000,0.00000,0.00000,0.00000,0.00000,0.00000,0.00000,0.00000,0.00169,0.12085,0.30914,0.13389,0.12970
0.00000,0.00000,0.00000,0.00000,0.27031,0.04554,0.00000,0.00000,0.00000,0.00000,0.00000,0.00000,0.04738,0.18715,0.38258,0.02543,0.04161
0.10665,0.02670,0.00000,0.00000,0.00000,0.00000,0.00000,0.00000,0.00000,0.00000,0.00000,0.00000,0.00020,0.07717,0.14884,0.14090,0.49953
0.00000,0.00000,0.00000,0.00000,0.00000,0.00000,0.00000,0.00000,0.00000,0.00000,0.27243,0.00058,0.09871,0.14993,0.20740,0.08757,0.18338
0.00000,0.00000,0.41959,0.00389,0.00000,0.00000,0.00000,0.00000,0.00000,0.00000,0.00000,0.00000,0.02455,0.06792,0.26136,0.07439,0.14830
0.00000,0.00000,0.00000,0.00000,0.00000,0.00000,0.00000,0.00000,0.41087,0.02331,0.00000,0.00000,0.00102,0.11721,0.07921,0.14824,0.22014
0.00000,0.00000,0.00000,0.00000,0.00000,0.00000,0.00000,0.00000,0.00000,0.00000,0.16077,0.00198,0.03823,0.17747,0.30642,0.22275,0.09239
0.00000,0.00000,0.00000,0.00000,0.00000,0.00000,0.30717,0.00698,0.00000,0.00000,0.00000,0.00000,0.00005,0.24647,0.13043,0.08200,0.22691
0.00000,0.00000,0.00000,0.00000,0.00000,0.00000,0.00000,0.00000,0.63421,0.03865,0.00000,0.00000,0.03326,0.04882,0.15870,0.02384,0.06252
0.40406,0.08035,0.00000,0.00000,0.00000,0.00000,0.00000,0.00000,0.00000,0.00000,0.00000,0.00000,0.02310,0.14287,0.15088,0.10808,0.09066
0.00000,0.00000,0.00000,0.00000,0.00000,0.00000,0.19445,0.05160,0.00000,0.00000,0.00000,0.00000,0.00397,0.14700,0.39882,0.11235,0.09181
0.00000,0.00000,0.00000,0.00000,0.39770,0.10784,0.00000,0.00000,0.00000,0.00000,0.00000,0.00000,0.06503,0.11605,0.21251,0.06184,0.03903
0.21210,0.18351,0.00000,0.00000,0.00000,0.00000,0.00000,0.00000,0.00000,0.00000,0.00000,0.00000,0.01777,0.20417,0.13782,0.16031,0.08431
0.00000,0.00000,0.00000,0.00000,0.00000,0.00000,0.00000,0.00000,0.30179,0.08954,0.00000,0.00000,0.01854,0.04957,0.13530,0.14680,0.25846
0.00000,0.00000,0.00000,0.00000,0.00000,0.00000,0.00000,0.00000,0.00000,0.00000,0.18422,0.00826,0.12180,0.23521,0.20586,0.12487,0.11978
0.00000,0.00000,0.00000,0.00000,0.44394,0.00206,0.00000,0.00000,0.00000,0.00000,0.00000,0.00000,0.06703,0.09765,0.05390,0.16529,0.17012
0.00000,0.00000,0.33233,0.16274,0.00000,0.00000,0.00000,0.00000,0.00000,0.00000,0.00000,0.00000,0.06594,0.08567,0.06898,0.09009,0.19424
0.00000,0.00000,0.00000,0.00000,0.43519,0.04550,0.00000,0.00000,0.00000,0.00000,0.00000,0.00000,0.03066,0.03795,0.24057,0.07091,0.13924
0.27037,0.00460,0.00000,0.00000,0.00000,0.00000,0.00000,0.00000,0.00000,0.00000,0.00000,0.00000,0.02720,0.13061,0.30917,0.13869,0.11937
0.00000,0.00000,0.00000,0.00000,0.00000,0.00000,0.00000,0.00000,0.33407,0.02749,0.00000,0.00000,0.03778,0.15788,0.04913,0.25632,0.13732
0.00000,0.00000,0.00000,0.00000,0.00000,0.00000,0.00000,0.00000,0.00000,0.00000,0.31486,0.07400,0.00472,0.05615,0.10571,0.32211,0.12244
0.00000,0.00000,0.00000,0.00000,0.11608,0.05281,0.00000,0.00000,0.00000,0.00000,0.00000,0.00000,0.02710,0.21666,0.09386,0.19097,0.30253
0.00000,0.00000,0.00000,0.00000,0.45040,0.02344,0.00000,0.00000,0.00000,0.00000,0.00000,0.00000,0.00461,0.15419,0.10864,0.15472,0.10400
0.00000,0.00000,0.00000,0.00000,0.00000,0.00000,0.24898,0.00016,0.00000,0.00000,0.00000,0.00000,0.08443,0.19896,0.23642,0.03320,0.19786
0.00000,0.00000,0.20770,0.04162,0.00000,0.00000,0.00000,0.00000,0.00000,0.00000,0.00000,0.00000,0.05871,0.13810,0.14993,0.18757,0.21638
0.37233,0.00479,0.00000,0.00000,0.00000,0.00000,0.00000,0.00000,0.00000,0.00000,0.00000,0.00000,0.00359,0.06716,0.20771,0.15668,0.18775
0.00000,0.00000,0.00000,0.00000,0.00000,0.00000,0.00000,0.00000,0.00000,0.00000,0.17391,0.02196,0.03817,0.08534,0.27238,0.21823,0.19001
0.00000,0.00000,0.38693,0.02214,0.00000,0.00000,0.00000,0.00000,0.00000,0.00000,0.00000,0.00000,0.00424,0.05738,0.15196,0.09125,0.28610
0.40170,0.00728,0.00000,0.00000,0.00000,0.00000,0.00000,0.00000,0.00000,0.00000,0.00000,0.00000,0.00494,0.17228,0.09849,0.13728,0.17802
0.00000,0.00000,0.39108,0.08133,0.00000,0.00000,0.00000,0.00000,0.00000,0.00000,0.00000,0.00000,0.10664,0.04119,0.14943,0.03286,0.19746
0.00000,0.00000,0.00000,0.00000,0.00000,0.00000,0.00000,0.00000,0.00000,0.00000,0.43847,0.02940,0.01579,0.10555,0.08569,0.04530,0.27980
0.00000,0.00000,0.00000,0.00000,0.00000,0.00000,0.33036,0.18533,0.00000,0.00000,0.00000,0.00000,0.00928,0.11272,0.08329,0.12604,0.15298
0.44066,0.01520,0.00000,0.00000,0.00000,0.00000,0.00000,0.00000,0.00000,0.00000,0.00000,0.00000,0.04240,0.10602,0.16874,0.19044,0.03654
0.00000,0.00000,0.00000,0.00000,0.00000,0.00000,0.00000,0.00000,0.23609,0.07062,0.00000,0.00000,0.00698,0.18677,0.17043,0.13523,0.19388
0.00000,0.00000,0.00000,0.00000,0.00000,0.00000,0.00000,0.00000,0.28568,0.00737,0.00000,0.00000,0.01176,0.12522,0.26994,0.12662,0.17340
0.30189,0.07555,0.00000,0.00000,0.00000,0.00000,0.00000,0.00000,0.00000,0.00000,0.00000,0.00000,0.00432,0.09724,0.25550,0.07880,0.18670
0.22562,0.04238,0.00000,0.00000,0.00000,0.00000,0.00000,0.00000,0.00000,0.00000,0.00000,0.00000,0.04160,0.12904,0.33585,0.08317,0.14233
0.36162,0.00037,0.00000,0.00000,0.00000,0.00000,0.00000,0.00000,0.00000,0.00000,0.00000,0.00000,0.10406,0.06290,0.28830,0.06899,0.11376
0.00000,0.00000,0.00000,0.00000,0.32028,0.01218,0.00000,0.00000,0.00000,0.00000,0.00000,0.00000,0.04226,0.12880,0.15957,0.22466,0.11225
0.00000,0.00000,0.00000,0.00000,0.00000,0.00000,0.00000,0.00000,0.29949,0.00507,0.00000,0.00000,0.07901,0.12418,0.20483,0.18815,0.09927
0.00000,0.00000,0.00000,0.00000,0.00000,0.00000,0.00000,0.00000,0.00000,0.00000,0.11129,0.00176,0.05533,0.24834,0.26745,0.24488,0.07096
0.00000,0.00000,0.26539,0.01006,0.00000,0.00000,0.00000,0.00000,0.00000,0.00000,0.00000,0.00000,0.04148,0.13914,0.18175,0.15299,0.20919
0.00000,0.00000,0.00000,0.00000,0.00000,0.00000,0.00000,0.00000,0.23851,0.09494,0.00000,0.00000,0.03912,0.06947,0.25219,0.11332,0.19244
0.00000,0.00000,0.00000,0.00000,0.00000,0.00000,0.00000,0.00000,0.13171,0.01755,0.00000,0.00000,0.16511,0.12817,0.31063,0.14170,0.10513
0.00000,0.00000,0.00000,0.00000,0.00000,0.00000,0.00000,0.00000,0.17208,0.00143,0.00000,0.00000,0.00389,0.13494,0.34469,0.12155,0.22143
0.08881,0.01643,0.00000,0.00000,0.00000,0.00000,0.00000,0.00000,0.00000,0.00000,0.00000,0.00000,0.04105,0.06023,0.21146,0.17806,0.40394
0.00000,0.00000,0.00000,0.00000,0.00000,0.00000,0.18851,0.00979,0.00000,0.00000,0.00000,0.00000,0.10461,0.19668,0.10528,0.09129,0.30384
0.00000,0.00000,0.00000,0.00000,0.00000,0.00000,0.00000,0.00000,0.00000,0.00000,0.20877,0.02920,0.11631,0.00881,0.38561,0.10537,0.14594
0.00000,0.00000,0.00000,0.00000,0.00000,0.00000,0.00000,0.00000,0.29939,0.11949,0.00000,0.00000,0.08605,0.03736,0.25124,0.16280,0.04366
0.00000,0.00000,0.00000,0.00000,0.00000,0.00000,0.59247,0.02852,0.00000,0.00000,0.00000,0.00000,0.07925,0.07762,0.14733,0.03534,0.03948
0.00000,0.00000,0.00000,0.00000,0.24565,0.01680,0.00000,0.00000,0.00000,0.00000,0.00000,0.00000,0.01050,0.04275,0.27072,0.09360,0.31998
0.00000,0.00000,0.00000,0.00000,0.00000,0.00000,0.42623,0.00084,0.00000,0.00000,0.00000,0.00000,0.05400,0.09564,0.26289,0.05860,0.10180
0.00000,0.00000,0.13577,0.02655,0.00000,0.00000,0.00000,0.00000,0.00000,0.00000,0.00000,0.00000,0.06494,0.06547,0.14906,0.35293,0.20528
0.00000,0.00000,0.22713,0.00246,0.00000,0.00000,0.00000,0.00000,0.00000,0.00000,0.00000,0.00000,0.17228,0.02912,0.16904,0.21670,0.18327
0.00000,0.00000,0.00000,0.00000,0.00000,0.00000,0.00000,0.00000,0.00000,0.00000,0.34116,0.07678,0.18262,0.14066,0.16562,0.05814,0.03503
0.00000,0.00000,0.00000,0.00000,0.00000,0.00000,0.00000,0.00000,0.00000,0.00000,0.25160,0.04489,0.05634,0.08222,0.31183,0.10229,0.15083
0.00000,0.00000,0.19926,0.00463,0.00000,0.00000,0.00000,0.00000,0.00000,0.00000,0.00000,0.00000,0.01789,0.22494,0.15474,0.08314,0.31541
0.00000,0.00000,0.00000,0.00000,0.33389,0.02850,0.00000,0.00000,0.00000,0.00000,0.00000,0.00000,0.01414,0.12373,0.20822,0.14547,0.14604
0.00000,0.00000,0.00000,0.00000,0.00000,0.00000,0.00000,0.00000,0.00000,0.00000,0.32467,0.11288,0.03722,0.08561,0.13470,0.10037,0.20455
0.30225,0.02149,0.00000,0.00000,0.00000,0.00000,0.00000,0.00000,0.00000,0.00000,0.00000,0.00000,0.10035,0.04902,0.34719,0.13107,0.04863
0.00000,0.00000,0.00000,0.00000,0.00000,0.00000,0.00000,0.00000,0.00000,0.00000,0.30123,0.01206,0.00078,0.12027,0.35387,0.07503,0.13677
0.00000,0.00000,0.00000,0.00000,0.40008,0.00477,0.00000,0.00000,0.00000,0.00000,0.00000,0.00000,0.02593,0.10089,0.13739,0.21281,0.11812
0.00000,0.00000,0.00000,0.00000,0.48508,0.00074,0.00000,0.00000,0.00000,0.00000,0.00000,0.00000,0.08457,0.06989,0.13513,0.07238,0.15222
0.25999,0.03215,0.00000,0.00000,0.00000,0.00000,0.00000,0.00000,0.00000,0.00000,0.00000,0.00000,0.01573,0.12149,0.11772,0.16858,0.28435
0.00000,0.00000,0.00000,0.00000,0.00000,0.00000,0.00000,0.00000,0.34831,0.00432,0.00000,0.00000,0.12998,0.04199,0.12810,0.22731,0.11998
0.00000,0.00000,0.00000,0.00000,0.36824,0.06114,0.00000,0.00000,0.00000,0.00000,0.00000,0.00000,0.05028,0.22910,0.05476,0.11450,0.12197
0.00000,0.00000,0.00000,0.00000,0.00000,0.00000,0.15417,0.00309,0.00000,0.00000,0.00000,0.00000,0.02046,0.18296,0.05532,0.28536,0.29864
0.00000,0.00000,0.37608,0.00246,0.00000,0.00000,0.00000,0.00000,0.00000,0.00000,0.00000,0.00000,0.03834,0.11529,0.14656,0.07634,0.24493
0.00000,0.00000,0.00000,0.00000,0.44043,0.00747,0.00000,0.00000,0.00000,0.00000,0.00000,0.00000,0.01426,0.04557,0.21475,0.12880,0.14872
0.00000,0.00000,0.00000,0.00000,0.00000,0.00000,0.00000,0.00000,0.00000,0.00000,0.26656,0.00955,0.02337,0.15086,0.13973,0.36032,0.04962
0.00000,0.00000,0.00000,0.00000,0.00000,0.00000,0.00000,0.00000,0.00000,0.00000,0.42023,0.17545,0.03929,0.10004,0.08702,0.03052,0.14745
0.00000,0.00000,0.00000,0.00000,0.00000,0.00000,0.34120,0.05265,0.00000,0.00000,0.00000,0.00000,0.02930,0.00436,0.23100,0.09254,0.24894
0.00000,0.00000,0.06421,0.04933,0.00000,0.00000,0.00000,0.00000,0.00000,0.00000,0.00000,0.00000,0.08050,0.03143,0.11302,0.15496,0.50656
0.00000,0.00000,0.00000,0.00000,0.00000,0.00000,0.00000,0.00000,0.31152,0.00294,0.00000,0.00000,0.06273,0.06932,0.20388,0.29983,0.04978
0.00000,0.00000,0.23186,0.00051,0.00000,0.00000,0.00000,0.00000,0.00000,0.00000,0.00000,0.00000,0.10847,0.03509,0.31033,0.07939,0.23435
0.37596,0.03811,0.00000,0.00000,0.00000,0.00000,0.00000,0.00000,0.00000,0.00000,0.00000,0.00000,0.00034,0.05387,0.25375,0.12161,0.15637
0.00000,0.00000,0.00000,0.00000,0.00000,0.00000,0.17708,0.00384,0.00000,0.00000,0.00000,0.00000,0.11499,0.14797,0.22770,0.05009,0.27832
0.00000,0.00000,0.22249,0.03609,0.00000,0.00000,0.00000,0.00000,0.00000,0.00000,0.00000,0.00000,0.02401,0.10816,0.32389,0.16356,0.12181
