0.04184,0.01388,0.01201,0.10602,0.00948,0.51600,0.05117,0.00894,0.10044,0.00435,0.01589,0.04668,0.00979,0.04585,0.00404,0.00323,0.01039
0.01569,0.01399,0.03112,0.01504,0.01163,0.27865,0.16894,0.02404,0.03993,0.01775,0.03666,0.10315,0.01912,0.17502,0.02545,0.00407,0.01976
0.01304,0.02378,0.03235,0.24207,0.00597,0.27703,0.01770,0.01540,0.23640,0.02014,0.02215,0.01722,0.01387,0.01376,0.00896,0.02123,0.01893
0.01224,0.03626,0.06227,0.17330,0.01600,0.17455,0.01459,0.03012,0.18084,0.02228,0.01437,0.11457,0.00636,0.12078,0.00478,0.00619,0.01052
0.02163,0.19698,0.19899,0.05593,0.01789,0.24208,0.09082,0.00962,0.04317,0.01071,0.00448,0.00900,0.00877,0.08119,0.00330,0.00280,0.00264
0.01883,0.20414,0.22195,0.12025,0.02405,0.14239,0.01903,0.00455,0.12101,0.02165,0.01691,0.03366,0.01157,0.01976,0.00475,0.00344,0.01206
0.03244,0.02596,0.01468,0.10267,0.01178,0.43039,0.03495,0.00897,0.09695,0.04883,0.01060,0.06203,0.01060,0.05099,0.02449,0.01775,0.01591
0.03372,0.07868,0.07749,0.01946,0.01383,0.04866,0.08394,0.00892,0.15171,0.08915,0.12954,0.12287,0.01766,0.09677,0.01233,0.00781,0.00743
0.06832,0.17305,0.18186,0.09551,0.00631,0.08846,0.01030,0.01428,0.07528,0.09458,0.01462,0.06949,0.01186,0.06860,0.00434,0.00386,0.01931
0.06861,0.01029,0.01536,0.01005,0.01260,0.02373,0.04512,0.00545,0.00903,0.01210,0.19171,0.02285,0.18965,0.04666,0.14584,0.13909,0.05187
0.01795,0.09452,0.08701,0.12617,0.01225,0.32498,0.03497,0.08478,0.08358,0.01976,0.01000,0.04613,0.01045,0.02261,0.01247,0.00545,0.00692
0.02157,0.13135,0.15752,0.10759,0.01660,0.27027,0.03143,0.01553,0.06582,0.05947,0.02826,0.03186,0.01773,0.02088,0.01045,0.00984,0.00384
0.01148,0.07857,0.08259,0.04196,0.01401,0.35771,0.01523,0.00990,0.06031,0.01825,0.05001,0.11465,0.00992,0.11484,0.00251,0.00418,0.01388
0.02188,0.21060,0.20757,0.05893,0.02576,0.21097,0.02930,0.02279,0.05014,0.02743,0.02390,0.02473,0.02536,0.02840,0.01069,0.00792,0.01362
0.02201,0.17362,0.24731,0.06191,0.02972,0.18586,0.04874,0.06837,0.03858,0.03166,0.01170,0.01300,0.01063,0.02627,0.00754,0.00843,0.01463
0.03063,0.15637,0.10956,0.01897,0.05968,0.03225,0.07180,0.09805,0.01435,0.01186,0.12560,0.01279,0.19259,0.04663,0.00617,0.00491,0.00776
0.02861,0.26682,0.31376,0.01067,0.02971,0.01014,0.04260,0.03455,0.01259,0.02278,0.05860,0.00917,0.08446,0.01865,0.04212,0.00911,0.00567
0.01007,0.04323,0.04836,0.01342,0.00854,0.03439,0.03389,0.02312,0.01970,0.01053,0.13118,0.07856,0.08508,0.04209,0.21164,0.20359,0.00262
0.01507,0.05953,0.04289,0.04349,0.01416,0.02517,0.02178,0.01990,0.35045,0.03198,0.31774,0.01711,0.00728,0.01155,0.00788,0.00285,0.01118
0.09374,0.10134,0.18967,0.01857,0.01223,0.01956,0.06479,0.11169,0.02670,0.01449,0.14983,0.02077,0.14323,0.01446,0.00449,0.00439,0.01006
0.05676,0.03229,0.02200,0.01161,0.00563,0.54339,0.05492,0.01427,0.05558,0.00397,0.05663,0.05391,0.00433,0.06065,0.00947,0.00548,0.00914
0.01979,0.15793,0.15773,0.17551,0.00577,0.03983,0.02851,0.01111,0.11863,0.02722,0.01287,0.10148,0.01423,0.11041,0.00990,0.00257,0.00653
0.08288,0.02102,0.00859,0.05449,0.03214,0.44001,0.00692,0.01452,0.06473,0.07946,0.04435,0.03661,0.01203,0.02967,0.00657,0.01231,0.05369
0.02870,0.01355,0.04485,0.01331,0.13431,0.05257,0.06576,0.02847,0.18187,0.00892,0.16166,0.02758,0.08131,0.07523,0.02713,0.04050,0.01429
0.02191,0.15917,0.20385,0.07900,0.02207,0.05756,0.07847,0.02779,0.05662,0.01988,0.01994,0.07733,0.01187,0.10833,0.00971,0.01414,0.03237
0.01291,0.09254,0.08174,0.21240,0.00844,0.23710,0.02994,0.04300,0.19513,0.01051,0.02468,0.00820,0.00819,0.01919,0.00626,0.00405,0.00573
0.00883,0.03122,0.02643,0.06822,0.05077,0.56979,0.00738,0.03041,0.06088,0.03044,0.02497,0.01281,0.02873,0.02937,0.00601,0.01093,0.00281
0.00913,0.19321,0.18830,0.07596,0.00920,0.22627,0.07161,0.06910,0.05196,0.00939,0.00934,0.01501,0.00814,0.03402,0.01269,0.00409,0.01259
0.01483,0.06301,0.02154,0.04741,0.01877,0.42798,0.01933,0.01970,0.03332,0.02967,0.04823,0.09771,0.04060,0.09323,0.00882,0.00908,0.00675
0.01375,0.01255,0.01590,0.07898,0.01223,0.02105,0.17842,0.04872,0.07380,0.01818,0.01423,0.15149,0.01024,0.33215,0.00877,0.00590,0.00361
0.02377,0.03162,0.02287,0.02563,0.03164,0.45787,0.13149,0.03569,0.00996,0.01704,0.01912,0.01156,0.03425,0.12816,0.00767,0.00407,0.00760
0.11393,0.01709,0.08223,0.04100,0.01051,0.17953,0.01431,0.04915,0.03141,0.10187,0.03124,0.13904,0.02187,0.14363,0.00934,0.00439,0.00947
0.02418,0.02361,0.03120,0.05270,0.02455,0.21481,0.03805,0.02139,0.04626,0.04002,0.01759,0.11580,0.00735,0.13564,0.06666,0.06429,0.07590
0.03681,0.01802,0.02607,0.04324,0.02706,0.11251,0.02605,0.01712,0.02843,0.03222,0.01853,0.27296,0.02204,0.27915,0.01438,0.00894,0.01648
0.30332,0.01558,0.01986,0.03215,0.00978,0.12131,0.02569,0.01093,0.03403,0.27703,0.02496,0.02371,0.01226,0.02594,0.03308,0.01527,0.01511
0.01192,0.16080,0.19076,0.11460,0.02309,0.18884,0.03934,0.00958,0.12096,0.00970,0.03663,0.01198,0.04451,0.02289,0.00191,0.00368,0.00881
0.05044,0.05700,0.07153,0.13584,0.01170,0.41667,0.01679,0.01551,0.13194,0.02861,0.01526,0.00885,0.01054,0.00689,0.00853,0.00453,0.00935
0.00443,0.02935,0.02202,0.01297,0.03379,0.08728,0.01334,0.03785,0.32706,0.00813,0.30668,0.05368,0.01460,0.01310,0.00512,0.00846,0.02214
0.00563,0.11105,0.14316,0.02995,0.10114,0.03149,0.01151,0.00763,0.19437,0.01210,0.19441,0.01279,0.02042,0.01026,0.01876,0.00646,0.08887
0.01357,0.10755,0.12683,0.01190,0.02538,0.00795,0.17412,0.02507,0.13060,0.01035,0.14544,0.00792,0.03094,0.15749,0.00933,0.01027,0.00529
0.03547,0.00908,0.15900,0.01399,0.01618,0.02569,0.01629,0.12175,0.04121,0.02796,0.16647,0.01024,0.17755,0.01120,0.06065,0.01014,0.09715
0.02521,0.01612,0.01564,0.07418,0.00691,0.45650,0.08957,0.03985,0.07728,0.02580,0.00956,0.03725,0.00938,0.03828,0.02528,0.00723,0.04597
0.02610,0.05137,0.04430,0.13992,0.02963,0.28943,0.02085,0.02168,0.14567,0.07821,0.02780,0.05228,0.01329,0.01975,0.01237,0.00828,0.01907
0.01837,0.05306,0.05275,0.03274,0.01026,0.01999,0.08959,0.01443,0.02686,0.00147,0.01345,0.28400,0.01148,0.34683,0.00238,0.01096,0.01138
0.01701,0.11087,0.08999,0.08541,0.00579,0.27810,0.05364,0.07779,0.07098,0.04753,0.01108,0.04128,0.01676,0.04587,0.02503,0.00782,0.01507
0.08278,0.03679,0.03828,0.04118,0.00573,0.36338,0.01531,0.02738,0.00959,0.14555,0.01618,0.13362,0.01861,0.04575,0.00861,0.00634,0.00492
0.03071,0.03383,0.03478,0.01582,0.02472,0.40043,0.04641,0.02902,0.03545,0.01428,0.02909,0.12270,0.01262,0.12068,0.00680,0.01817,0.02448
0.00395,0.25109,0.27151,0.01166,0.01013,0.22662,0.01084,0.03482,0.01190,0.01532,0.02632,0.04142,0.01077,0.02650,0.01645,0.02735,0.00335
0.03899,0.03132,0.03977,0.12174,0.05796,0.36183,0.04351,0.01387,0.12323,0.01801,0.01499,0.02220,0.03506,0.02685,0.01481,0.01955,0.01629
0.01719,0.08554,0.09136,0.11263,0.01709,0.05506,0.00561,0.00877,0.08703,0.02727,0.01089,0.20906,0.01788,0.21489,0.00324,0.00149,0.03499
0.00795,0.16322,0.20379,0.05509,0.01441,0.02472,0.13728,0.04736,0.03803,0.01520,0.00682,0.02537,0.01234,0.12480,0.06478,0.05422,0.00462
0.05539,0.04447,0.03783,0.05515,0.01608,0.39856,0.05374,0.04283,0.01204,0.04588,0.03830,0.08461,0.02024,0.07981,0.00486,0.00692,0.00329
0.01621,0.06466,0.05817,0.01912,0.01050,0.02853,0.03491,0.02823,0.01824,0.00919,0.16033,0.01443,0.13170,0.01991,0.18508,0.19447,0.00633
0.01757,0.06953,0.07478,0.04808,0.11020,0.06532,0.01065,0.01681,0.14859,0.02707,0.13214,0.02807,0.04944,0.01180,0.07311,0.10856,0.00827
0.16169,0.02809,0.02201,0.19277,0.02586,0.12336,0.01750,0.01153,0.18229,0.15508,0.02306,0.01294,0.02359,0.00925,0.00399,0.00230,0.00470
0.24687,0.01613,0.04034,0.00958,0.00947,0.03520,0.22320,0.01473,0.02077,0.01472,0.09646,0.04342,0.04082,0.03306,0.07999,0.07128,0.00396
0.02363,0.15943,0.12864,0.06023,0.00537,0.25136,0.01741,0.08757,0.03185,0.05321,0.01686,0.05527,0.01261,0.06350,0.00352,0.00481,0.02469
0.11964,0.04943,0.06371,0.04046,0.00699,0.03781,0.10088,0.02087,0.02778,0.01265,0.25065,0.01039,0.23238,0.01229,0.00370,0.00385,0.00654
0.01206,0.09717,0.09875,0.17311,0.04964,0.07386,0.03925,0.07543,0.13184,0.08760,0.01462,0.04400,0.02179,0.03093,0.02102,0.01664,0.01227
0.06808,0.02171,0.01028,0.01499,0.01583,0.54172,0.02590,0.00843,0.01373,0.06588,0.06812,0.04229,0.06189,0.01312,0.00806,0.00377,0.01622
0.05052,0.02332,0.03368,0.06969,0.04949,0.18806,0.07232,0.01109,0.04957,0.01886,0.01484,0.18195,0.01462,0.18366,0.00892,0.00490,0.02452
0.00912,0.12070,0.13807,0.03701,0.04087,0.03329,0.01278,0.01627,0.26787,0.01122,0.23221,0.00910,0.03432,0.01514,0.00979,0.00636,0.00589
0.02273,0.03980,0.03643,0.12657,0.01090,0.24290,0.02195,0.01259,0.02426,0.11413,0.01076,0.16350,0.00735,0.15661,0.00340,0.00283,0.00328
0.08604,0.02145,0.01998,0.02068,0.05353,0.02298,0.32504,0.02679,0.01499,0.00840,0.03344,0.01355,0.04595,0.22807,0.03407,0.02858,0.01644
0.01008,0.04813,0.05017,0.01911,0.00926,0.47852,0.01484,0.01230,0.02680,0.05775,0.02506,0.06892,0.01377,0.02616,0.05616,0.06497,0.01800
0.03731,0.02519,0.04523,0.02665,0.01068,0.18455,0.04402,0.02133,0.04362,0.04345,0.02003,0.20595,0.01093,0.22804,0.01409,0.03015,0.00879
0.01009,0.02521,0.07602,0.02676,0.01059,0.50179,0.07784,0.03103,0.03487,0.00685,0.02151,0.03086,0.03022,0.06441,0.02708,0.01251,0.01236
0.02632,0.01493,0.01262,0.04908,0.01024,0.11806,0.02127,0.02733,0.06000,0.02769,0.00516,0.29675,0.00939,0.29754,0.00861,0.00522,0.00979
0.02209,0.07795,0.05056,0.01285,0.00688,0.46240,0.02372,0.06511,0.00541,0.01300,0.01836,0.10536,0.01443,0.09640,0.01044,0.01051,0.00454
0.01156,0.06058,0.01236,0.05943,0.10753,0.04390,0.03296,0.03431,0.19041,0.01469,0.14358,0.01317,0.04363,0.02376,0.08207,0.11993,0.00613
0.03233,0.02275,0.13581,0.02143,0.00695,0.03855,0.00774,0.12164,0.01889,0.03022,0.23584,0.03725,0.22081,0.04548,0.00273,0.00935,0.01221
0.01366,0.16011,0.07780,0.01469,0.05407,0.43755,0.02850,0.04490,0.01343,0.01219,0.00298,0.04168,0.01392,0.02573,0.01321,0.01232,0.03328
0.00937,0.01753,0.02191,0.01903,0.00548,0.36390,0.02640,0.00602,0.01681,0.02120,0.06049,0.17666,0.05767,0.17690,0.00272,0.00374,0.01417
0.03617,0.06736,0.07257,0.04151,0.01093,0.42140,0.00962,0.01468,0.03542,0.02582,0.04978,0.09728,0.03234,0.06945,0.00430,0.00481,0.00655
0.01311,0.02980,0.05852,0.05240,0.24605,0.01175,0.00602,0.00547,0.15995,0.02052,0.10128,0.02888,0.23537,0.01832,0.00282,0.00411,0.00565
0.01388,0.06442,0.06575,0.05696,0.01547,0.48818,0.07055,0.04691,0.03845,0.01806,0.01336,0.01141,0.02179,0.03765,0.01523,0.01332,0.00862
0.01352,0.02206,0.03026,0.04849,0.01603,0.39703,0.09846,0.01947,0.02140,0.02947,0.05675,0.09160,0.03411,0.10633,0.00725,0.00363,0.00416
0.04045,0.05696,0.06580,0.22450,0.00953,0.17949,0.04669,0.06394,0.22392,0.01869,0.00758,0.02080,0.01164,0.01465,0.00475,0.00413,0.00648
0.02253,0.05235,0.03298,0.02423,0.09320,0.05086,0.12142,0.00421,0.14335,0.01090,0.12112,0.02215,0.05692,0.13067,0.00708,0.01024,0.09579
0.01287,0.10568,0.09263,0.22654,0.01384,0.15828,0.02564,0.02457,0.20950,0.01403,0.00637,0.03652,0.01288,0.03738,0.00649,0.01034,0.00644
0.12217,0.05764,0.07330,0.12553,0.01621,0.19808,0.02182,0.03315,0.01908,0.23609,0.01348,0.01852,0.02021,0.01425,0.01218,0.00605,0.01224
0.00927,0.02482,0.01862,0.20492,0.04215,0.04330,0.17554,0.01493,0.18843,0.01131,0.00983,0.01647,0.04192,0.16908,0.00337,0.00214,0.02390
0.00788,0.02068,0.02396,0.00999,0.00682,0.05130,0.00682,0.00469,0.41375,0.00742,0.39941,0.01250,0.00995,0.00578,0.01015,0.00500,0.00391
0.00817,0.16871,0.17549,0.07228,0.00973,0.17368,0.02194,0.05588,0.05219,0.02410,0.04479,0.08510,0.00811,0.08603,0.00298,0.00227,0.00855
0.15245,0.01640,0.02285,0.07955,0.02358,0.38862,0.00570,0.01041,0.05266,0.13537,0.01121,0.02048,0.01548,0.01415,0.02943,0.01241,0.00926
0.02327,0.05517,0.05465,0.01134,0.17199,0.02932,0.09506,0.02384,0.02135,0.00482,0.01196,0.01086,0.05546,0.01209,0.19041,0.22367,0.00474
0.03222,0.03664,0.06210,0.11225,0.00758,0.45820,0.01784,0.04514,0.13046,0.02512,0.00748,0.01299,0.00418,0.02643,0.00614,0.00702,0.00822
0.00867,0.10551,0.39695,0.01025,0.05100,0.01873,0.01364,0.31637,0.00608,0.00510,0.00555,0.01174,0.02759,0.01283,0.00439,0.00196,0.00363
0.06248,0.12848,0.14445,0.01674,0.01328,0.04605,0.02885,0.05220,0.01298,0.01337,0.15567,0.02626,0.12729,0.02416,0.07709,0.06004,0.01060
0.00498,0.02686,0.03527,0.07344,0.01820,0.40241,0.04258,0.02394,0.02593,0.01751,0.02307,0.10305,0.01221,0.11796,0.01361,0.03965,0.01933
0.01190,0.02492,0.02452,0.12308,0.06884,0.25287,0.11090,0.01552,0.06131,0.04383,0.01363,0.03928,0.04521,0.12406,0.02172,0.00689,0.01153
0.01077,0.18099,0.12014,0.01345,0.00440,0.51025,0.02744,0.01501,0.01113,0.00946,0.01142,0.03813,0.01727,0.00730,0.00759,0.01105,0.00419
0.04917,0.09646,0.14268,0.10490,0.03678,0.22870,0.02246,0.03844,0.10590,0.03085,0.01177,0.03827,0.01641,0.02745,0.01458,0.01835,0.01681
0.06678,0.05724,0.06358,0.09387,0.01290,0.28072,0.04038,0.01778,0.10337,0.05793,0.01256,0.02420,0.00978,0.04469,0.00881,0.00746,0.09794
0.01469,0.04471,0.03358,0.02153,0.01379,0.49342,0.02124,0.02750,0.02460,0.02664,0.01695,0.07474,0.01342,0.03753,0.05193,0.02680,0.05694
0.00868,0.13296,0.15329,0.06540,0.02240,0.21002,0.08269,0.05580,0.04320,0.02980,0.01790,0.06665,0.01114,0.08353,0.00144,0.00100,0.01409
0.18904,0.02047,0.01208,0.02678,0.02876,0.25304,0.05749,0.01521,0.04267,0.17674,0.00537,0.02061,0.00921,0.07350,0.05227,0.00657,0.01021
0.07556,0.17086,0.18626,0.13666,0.01283,0.02686,0.01184,0.00722,0.13678,0.01854,0.02194,0.08726,0.00564,0.08413,0.00578,0.00513,0.00670
0.01570,0.03034,0.03968,0.03785,0.00719,0.19827,0.18623,0.01303,0.01629,0.02070,0.02092,0.10701,0.01126,0.24661,0.00795,0.00562,0.03536
0.02143,0.08897,0.03312,0.06977,0.00905,0.37677,0.01052,0.07449,0.07543,0.05427,0.01256,0.08903,0.01850,0.04545,0.00510,0.00384,0.01169
0.08549,0.02895,0.03418,0.26038,0.01474,0.15191,0.01930,0.00392,0.24994,0.04658,0.01372,0.02167,0.02223,0.01381,0.01078,0.01020,0.01218
0.01564,0.05662,0.02273,0.02948,0.18790,0.02485,0.03821,0.06676,0.13245,0.01873,0.10628,0.02091,0.14502,0.03145,0.02337,0.04100,0.03859
0.23477,0.01992,0.08187,0.03526,0.03216,0.03976,0.22985,0.05444,0.05000,0.01388,0.05990,0.01751,0.04525,0.04089,0.00613,0.00731,0.03108
0.03970,0.07163,0.07491,0.01832,0.02243,0.22514,0.03021,0.01027,0.01568,0.01083,0.00889,0.20499,0.01857,0.21417,0.01275,0.01497,0.00654
0.02647,0.01667,0.01702,0.01383,0.03445,0.62441,0.06158,0.04480,0.01394,0.00755,0.01584,0.02391,0.01330,0.01495,0.02600,0.01422,0.03104
0.00826,0.02354,0.04731,0.30716,0.01644,0.16236,0.00937,0.02435,0.29983,0.01343,0.01159,0.01562,0.01317,0.01086,0.01661,0.00960,0.01050
0.01113,0.05923,0.06291,0.11425,0.01285,0.12461,0.02004,0.01604,0.01176,0.17879,0.03020,0.17612,0.03406,0.09762,0.02112,0.01871,0.01057
0.01823,0.16582,0.19772,0.15302,0.01170,0.10713,0.01872,0.01087,0.08341,0.01706,0.01618,0.09011,0.02019,0.06603,0.01531,0.00385,0.00465
0.04744,0.14918,0.11862,0.03902,0.00463,0.28299,0.01961,0.02036,0.02968,0.02959,0.02150,0.10818,0.01273,0.09720,0.00571,0.00328,0.01027
0.09037,0.04959,0.04940,0.21761,0.01889,0.15192,0.02267,0.03753,0.23644,0.03294,0.00906,0.01893,0.00904,0.01587,0.01092,0.00300,0.02583
0.19828,0.00373,0.02783,0.04323,0.03746,0.02461,0.09732,0.02667,0.02649,0.21007,0.01881,0.05352,0.01346,0.11693,0.00150,0.00602,0.09407
0.01711,0.03788,0.02859,0.08057,0.03447,0.31584,0.14253,0.01806,0.08823,0.01320,0.03047,0.00847,0.02845,0.13218,0.00626,0.01155,0.00614
0.00742,0.07415,0.02275,0.14085,0.02746,0.49204,0.01111,0.05413,0.04502,0.02532,0.00409,0.01482,0.00993,0.01212,0.01671,0.01823,0.02384
0.01191,0.13499,0.15916,0.02334,0.03272,0.01226,0.03020,0.06189,0.04642,0.00672,0.06488,0.02065,0.02675,0.03236,0.15972,0.16442,0.01160
0.18314,0.02338,0.01668,0.09690,0.00924,0.22132,0.05343,0.04402,0.03183,0.19714,0.02179,0.01959,0.01269,0.02901,0.01590,0.01535,0.00859
0.01364,0.01245,0.01293,0.01789,0.03028,0.08647,0.01537,0.00715,0.02559,0.01430,0.02135,0.33565,0.02787,0.35919,0.00567,0.00403,0.01018
0.00836,0.01090,0.00893,0.21549,0.00486,0.17511,0.01832,0.00545,0.24512,0.08763,0.01740,0.09570,0.00869,0.07025,0.00952,0.00418,0.01410
0.01531,0.01326,0.02178,0.03392,0.08148,0.05289,0.01142,0.01850,0.28442,0.02479,0.28425,0.03062,0.03202,0.02557,0.00779,0.00713,0.05486
0.29476,0.01399,0.00732,0.10840,0.01150,0.03482,0.01971,0.01076,0.11153,0.27617,0.04401,0.01021,0.02464,0.00508,0.01380,0.00509,0.00821
0.03561,0.01019,0.01489,0.02701,0.17662,0.04804,0.06727,0.00517,0.15311,0.02405,0.15697,0.01633,0.01201,0.04221,0.03899,0.03102,0.14049
0.01333,0.04025,0.02732,0.05473,0.03878,0.49498,0.10233,0.03616,0.04240,0.00998,0.02402,0.00745,0.01145,0.08356,0.00369,0.00400,0.00559
0.02069,0.24706,0.25093,0.03075,0.00881,0.16204,0.01809,0.01465,0.03003,0.03106,0.03620,0.07196,0.01466,0.02966,0.02482,0.00306,0.00553
0.01237,0.08214,0.08235,0.08003,0.01114,0.56879,0.01656,0.01612,0.02785,0.01370,0.00955,0.01146,0.01059,0.00967,0.01672,0.01865,0.01230
0.01658,0.14717,0.14047,0.01949,0.03198,0.03955,0.02007,0.01624,0.18121,0.02846,0.20229,0.01723,0.03285,0.01394,0.01701,0.04108,0.03440
0.01792,0.01495,0.03595,0.10185,0.01356,0.23353,0.03025,0.00735,0.10257,0.02219,0.00798,0.19545,0.00570,0.19273,0.00928,0.00364,0.00508
0.01624,0.04375,0.03262,0.10067,0.00785,0.34381,0.14082,0.02997,0.09082,0.01819,0.00516,0.01559,0.00416,0.12752,0.00957,0.00699,0.00627
0.00708,0.00825,0.03857,0.02291,0.23457,0.06020,0.06525,0.04091,0.06636,0.01297,0.08114,0.02031,0.00613,0.03208,0.06547,0.04250,0.19532
0.01216,0.06464,0.05223,0.14917,0.01884,0.10220,0.15524,0.08843,0.14560,0.02288,0.01247,0.01233,0.01446,0.13369,0.00392,0.00551,0.00621
0.08524,0.09754,0.08089,0.13795,0.01036,0.09551,0.08000,0.01064,0.06245,0.09190,0.01969,0.07621,0.01427,0.08026,0.01614,0.00946,0.03150
0.03961,0.11937,0.11538,0.04506,0.02589,0.18048,0.12270,0.02996,0.04567,0.01573,0.01529,0.06112,0.01623,0.11845,0.01153,0.00577,0.03178
0.05008,0.01629,0.18808,0.01252,0.02068,0.02667,0.10523,0.18802,0.01585,0.01533,0.06918,0.03349,0.03552,0.08882,0.05540,0.07108,0.00777
0.23724,0.03796,0.11264,0.02626,0.01243,0.06292,0.21311,0.06756,0.01948,0.01270,0.07656,0.02594,0.04150,0.01702,0.01403,0.01250,0.01015
0.01494,0.02396,0.00871,0.03043,0.01748,0.73017,0.02667,0.01539,0.04437,0.02406,0.00739,0.00826,0.00855,0.01533,0.00560,0.00683,0.01186
0.00508,0.07329,0.07059,0.06885,0.00764,0.12922,0.06091,0.01251,0.08585,0.04409,0.03035,0.19106,0.01813,0.18838,0.00680,0.00491,0.00235
0.08621,0.08659,0.21046,0.01508,0.01553,0.01338,0.09067,0.18114,0.00799,0.01740,0.08173,0.01795,0.06204,0.04118,0.01876,0.04745,0.00646
0.02437,0.05510,0.03831,0.03955,0.01253,0.04214,0.05883,0.00863,0.04932,0.01685,0.28426,0.03170,0.23187,0.09399,0.00187,0.00205,0.00863
0.04183,0.01929,0.24770,0.06102,0.00892,0.01552,0.02379,0.24739,0.06503,0.01205,0.06476,0.00817,0.01070,0.01015,0.06612,0.09410,0.00347
0.05375,0.01822,0.05447,0.04066,0.02559,0.56800,0.02244,0.00815,0.02867,0.04648,0.02156,0.01472,0.05848,0.01597,0.00391,0.00853,0.01039
0.00643,0.02713,0.03521,0.03146,0.02479,0.46206,0.09089,0.04219,0.03799,0.01354,0.00759,0.06381,0.03954,0.09801,0.00475,0.00825,0.00638
0.11618,0.01571,0.00999,0.02722,0.00600,0.21678,0.01891,0.00811,0.06997,0.14136,0.05786,0.15717,0.00787,0.13073,0.00576,0.00591,0.00445
0.04579,0.07143,0.10820,0.10752,0.04805,0.30077,0.01769,0.03035,0.05108,0.07091,0.01405,0.04705,0.01434,0.02913,0.01245,0.00393,0.02725
0.17948,0.00965,0.03090,0.03835,0.00333,0.03357,0.15169,0.01394,0.03417,0.00481,0.24938,0.00807,0.22619,0.00500,0.00145,0.00541,0.00460
0.02359,0.12623,0.10891,0.25626,0.00804,0.09650,0.05434,0.01082,0.22419,0.01581,0.01113,0.00739,0.00352,0.03755,0.00446,0.00218,0.00908
0.37329,0.01377,0.01178,0.02321,0.01031,0.08502,0.02521,0.01464,0.01401,0.37021,0.02437,0.00317,0.01442,0.00729,0.00082,0.00279,0.00569
0.01799,0.10009,0.10005,0.15801,0.02286,0.17614,0.02560,0.02067,0.08067,0.06889,0.01482,0.07720,0.00723,0.07126,0.02621,0.00946,0.02285
0.01023,0.01387,0.01235,0.03006,0.01642,0.33887,0.11008,0.01399,0.06218,0.03191,0.05322,0.08866,0.00942,0.16250,0.02722,0.01326,0.00576
0.03102,0.03562,0.06261,0.06787,0.01073,0.03927,0.01987,0.03662,0.03444,0.02161,0.25747,0.01182,0.23313,0.00828,0.04256,0.07758,0.00950
0.09588,0.09935,0.02402,0.16405,0.01138,0.05249,0.02991,0.10953,0.10359,0.09712,0.01374,0.08340,0.01702,0.08135,0.00567,0.00513,0.00636
0.01194,0.01172,0.04468,0.20002,0.02284,0.38612,0.01051,0.01880,0.19033,0.00531,0.00797,0.01422,0.02918,0.02293,0.00285,0.00994,0.01063
0.00696,0.07495,0.01640,0.09395,0.01634,0.32849,0.11682,0.10825,0.07122,0.01352,0.01130,0.01856,0.00748,0.09745,0.00581,0.00623,0.00629
0.03333,0.04749,0.02533,0.16148,0.00675,0.07746,0.03322,0.03669,0.14532,0.05397,0.00851,0.16470,0.01244,0.16332,0.00723,0.01337,0.00940
0.04087,0.05157,0.05974,0.15287,0.00859,0.22057,0.05052,0.01627,0.13762,0.06293,0.01347,0.08172,0.03150,0.04373,0.00442,0.01385,0.00974
0.01104,0.01127,0.00889,0.22595,0.00593,0.01528,0.03536,0.00918,0.22346,0.01438,0.02687,0.17327,0.02557,0.19126,0.01311,0.00449,0.00471
0.03104,0.09909,0.11518,0.02532,0.01360,0.35380,0.01856,0.02046,0.02026,0.00943,0.02035,0.10321,0.01991,0.08911,0.01992,0.03297,0.00780
0.01497,0.31634,0.27426,0.02195,0.00839,0.22222,0.01943,0.03264,0.00954,0.02038,0.01196,0.00955,0.01301,0.01124,0.00509,0.00450,0.00455
0.03378,0.01207,0.03978,0.11753,0.03889,0.45161,0.07806,0.03586,0.06271,0.02216,0.01287,0.01120,0.01823,0.03117,0.00545,0.00154,0.02709
0.01170,0.04422,0.41081,0.04054,0.01266,0.02174,0.00428,0.39355,0.00864,0.00616,0.00826,0.01191,0.00345,0.00717,0.00706,0.00243,0.00542
0.00383,0.06606,0.03632,0.06824,0.01111,0.51657,0.03477,0.04614,0.06939,0.02674,0.04121,0.03004,0.01131,0.02449,0.00406,0.00413,0.00559
0.04352,0.10311,0.10281,0.02217,0.02859,0.40132,0.04444,0.00997,0.02071,0.02293,0.01661,0.07514,0.00931,0.06785,0.00981,0.00879,0.01293
0.00515,0.01708,0.01428,0.24353,0.04634,0.12275,0.01896,0.01638,0.20846,0.06414,0.01656,0.09172,0.01884,0.05261,0.02423,0.00913,0.02984
0.02071,0.11947,0.11264,0.03038,0.02039,0.26721,0.07397,0.03349,0.01127,0.01818,0.00453,0.10010,0.02103,0.13904,0.00753,0.01123,0.00883
0.00711,0.01111,0.04093,0.03561,0.01150,0.36892,0.03064,0.01283,0.01377,0.03839,0.01802,0.18568,0.02529,0.15997,0.01837,0.00573,0.01615
0.02115,0.08665,0.05224,0.04938,0.01063,0.40926,0.03174,0.01330,0.05434,0.01512,0.02563,0.07663,0.03184,0.05601,0.02457,0.02222,0.01929
0.01404,0.02525,0.02496,0.04012,0.01500,0.46308,0.03325,0.02744,0.05785,0.01130,0.01925,0.03897,0.01865,0.00749,0.09649,0.08188,0.02497
0.01540,0.17515,0.17076,0.00870,0.03753,0.01260,0.04588,0.00578,0.14365,0.01579,0.13739,0.01551,0.00499,0.04802,0.07683,0.08177,0.00425
0.02168,0.01380,0.01874,0.18420,0.01614,0.01632,0.13424,0.01561,0.16236,0.03635,0.01408,0.10352,0.01259,0.21568,0.01854,0.00783,0.00834
0.00428,0.13773,0.13617,0.01982,0.17712,0.01703,0.05577,0.00651,0.10475,0.01582,0.09212,0.00728,0.15542,0.04168,0.00520,0.01264,0.01066
0.01337,0.10658,0.10864,0.07560,0.11292,0.02309,0.01208,0.00895,0.20788,0.02196,0.15091,0.01139,0.08193,0.01137,0.00869,0.02806,0.01658
0.04117,0.21588,0.21434,0.02956,0.02079,0.21812,0.01397,0.00583,0.01370,0.03152,0.01270,0.08371,0.01030,0.05914,0.01356,0.01017,0.00553
0.00720,0.01021,0.01172,0.00958,0.10126,0.06347,0.01098,0.00498,0.31510,0.00741,0.33982,0.01321,0.00731,0.01738,0.00299,0.01558,0.06179
0.04254,0.04680,0.06352,0.09702,0.00527,0.01917,0.01981,0.02261,0.09618,0.07414,0.01301,0.23791,0.01174,0.22868,0.00834,0.01027,0.00300
0.01183,0.02658,0.03322,0.08608,0.02462,0.57519,0.04922,0.02645,0.04095,0.02118,0.01162,0.01752,0.00661,0.03898,0.01195,0.01238,0.00563
0.02599,0.08920,0.09112,0.07346,0.01463,0.29709,0.00768,0.02702,0.04510,0.03773,0.00589,0.14241,0.01098,0.09333,0.00693,0.00859,0.02286
0.03170,0.05297,0.01488,0.15511,0.00865,0.28614,0.06216,0.05273,0.15352,0.01697,0.02872,0.01937,0.02673,0.04327,0.01616,0.02099,0.00992
0.01644,0.12743,0.13493,0.04199,0.01675,0.12571,0.02941,0.02002,0.03284,0.02011,0.05459,0.15375,0.03268,0.15618,0.01506,0.01070,0.01142
0.03306,0.01540,0.01295,0.08726,0.01190,0.53638,0.02226,0.03218,0.04146,0.02341,0.02536,0.06611,0.01950,0.01904,0.02926,0.01258,0.01190
0.02188,0.10023,0.08775,0.01265,0.21787,0.03312,0.01268,0.00947,0.13485,0.00977,0.12619,0.01142,0.08685,0.00965,0.00149,0.01959,0.10454
0.08278,0.04267,0.04731,0.08033,0.01152,0.03132,0.08854,0.02694,0.03860,0.01843,0.19152,0.01191,0.16689,0.01762,0.05594,0.07346,0.01421
0.01647,0.19432,0.09377,0.03576,0.06202,0.12257,0.08212,0.17288,0.01766,0.01965,0.01386,0.05443,0.00392,0.05908,0.01063,0.01052,0.03034
0.01642,0.05555,0.13798,0.01879,0.01219,0.08106,0.00965,0.06802,0.01650,0.03103,0.17395,0.02588,0.17665,0.00329,0.06925,0.09761,0.00620
0.09326,0.03015,0.03605,0.03534,0.01756,0.30190,0.04146,0.01654,0.03345,0.07509,0.00776,0.12930,0.01956,0.12918,0.01329,0.00727,0.01283
0.12903,0.06304,0.07468,0.06914,0.01436,0.22889,0.01401,0.01454,0.02932,0.13357,0.01072,0.09551,0.00379,0.08399,0.00217,0.00811,0.02514
0.02841,0.06479,0.35239,0.01156,0.00807,0.01370,0.03336,0.34335,0.01666,0.01003,0.03249,0.01532,0.01525,0.03409,0.00775,0.00528,0.00750
0.01768,0.03137,0.02844,0.12657,0.03430,0.19577,0.01969,0.02724,0.10981,0.02240,0.03137,0.12922,0.06393,0.13114,0.01057,0.00461,0.01588
0.01015,0.05923,0.02979,0.02294,0.15141,0.04243,0.02999,0.02461,0.22044,0.01231,0.19367,0.02376,0.13798,0.02059,0.00565,0.01134,0.00371
0.06100,0.07245,0.07447,0.06828,0.00697,0.14696,0.03848,0.01213,0.03843,0.06557,0.01442,0.18085,0.00854,0.20022,0.00348,0.00057,0.00717
0.03354,0.10502,0.09851,0.02877,0.00862,0.02999,0.04090,0.01619,0.03213,0.02204,0.25472,0.03988,0.22168,0.02283,0.01551,0.00828,0.02140
0.01574,0.03835,0.07368,0.08639,0.00674,0.38239,0.01140,0.04413,0.08486,0.03973,0.01618,0.10052,0.01328,0.05742,0.01661,0.00560,0.00699
0.10223,0.01802,0.02303,0.20970,0.00560,0.23032,0.01754,0.02122,0.09966,0.14358,0.01058,0.03801,0.01195,0.03276,0.00887,0.00648,0.02044
0.02036,0.02147,0.01082,0.03525,0.17324,0.03132,0.08433,0.00400,0.18351,0.02322,0.17195,0.01710,0.14544,0.03274,0.00552,0.00769,0.03206
0.02479,0.05435,0.02452,0.22818,0.01154,0.19720,0.00800,0.02009,0.21172,0.02625,0.03802,0.05993,0.02035,0.02964,0.01144,0.01049,0.02350
0.01506,0.00665,0.00597,0.01058,0.00884,0.04387,0.00832,0.01153,0.01960,0.02462,0.37272,0.11118,0.32054,0.00803,0.02229,0.00155,0.00865
0.33327,0.07192,0.02229,0.01393,0.00658,0.14008,0.01027,0.01033,0.01039,0.31624,0.00344,0.02982,0.00320,0.01564,0.00800,0.00166,0.00294
0.01880,0.11120,0.01844,0.02828,0.00513,0.39802,0.03032,0.08921,0.02495,0.01152,0.01767,0.10846,0.00512,0.10002,0.01980,0.00448,0.00860
0.18253,0.01108,0.01464,0.01216,0.08174,0.03516,0.25659,0.01350,0.01154,0.01588,0.07841,0.01351,0.11106,0.11847,0.00558,0.00695,0.03120
0.01271,0.01586,0.01604,0.16855,0.00491,0.10594,0.14247,0.02070,0.12687,0.03508,0.02340,0.09582,0.00959,0.20464,0.00561,0.00538,0.00643
0.07351,0.10757,0.10603,0.08171,0.01507,0.23600,0.04247,0.01288,0.06825,0.08004,0.04749,0.02476,0.05295,0.03266,0.00910,0.00470,0.00481
0.02733,0.03880,0.01851,0.17391,0.01014,0.07538,0.08220,0.03240,0.15736,0.01277,0.01024,0.12875,0.01497,0.16625,0.00559,0.00350,0.04190
0.01144,0.03803,0.04194,0.16564,0.03131,0.23938,0.08035,0.04774,0.13356,0.04485,0.02272,0.02131,0.02992,0.07819,0.00402,0.00424,0.00536
0.03997,0.00779,0.00876,0.12692,0.01198,0.18374,0.02261,0.01096,0.13662,0.09662,0.02586,0.15344,0.02076,0.05510,0.04314,0.01740,0.03834
0.04262,0.05245,0.04526,0.15813,0.01942,0.27054,0.01814,0.00706,0.11290,0.06338,0.03619,0.09603,0.01800,0.01400,0.00893,0.00699,0.02994
0.16245,0.03363,0.05121,0.03657,0.03055,0.04487,0.14790,0.01629,0.06485,0.01557,0.14547,0.05660,0.10581,0.01365,0.02083,0.03026,0.02347
0.39015,0.01934,0.02324,0.02063,0.00822,0.02710,0.38975,0.00995,0.01865,0.02132,0.01502,0.01004,0.00615,0.01106,0.00560,0.00607,0.01771
0.00742,0.01912,0.01756,0.03078,0.01625,0.07169,0.01260,0.01297,0.35372,0.01473,0.36167,0.01527,0.03389,0.01484,0.00231,0.00439,0.01078
0.05784,0.02141,0.02704,0.08550,0.01233,0.27805,0.02666,0.02694,0.07851,0.05349,0.06762,0.08443,0.07012,0.07962,0.01744,0.00402,0.00898
0.01593,0.02820,0.01128,0.03352,0.24893,0.02959,0.02196,0.02046,0.13102,0.01627,0.13433,0.00816,0.02483,0.00759,0.04546,0.01400,0.20846
0.02429,0.23933,0.24890,0.01714,0.00594,0.08383,0.04946,0.00615,0.01184,0.01849,0.00654,0.12956,0.00726,0.13114,0.00486,0.00815,0.00712
0.00557,0.01607,0.02082,0.00892,0.00876,0.41516,0.06690,0.01212,0.01096,0.01329,0.01852,0.21019,0.01111,0.17398,0.00331,0.00136,0.00297
0.01715,0.02066,0.03289,0.03010,0.01199,0.51008,0.01983,0.00828,0.03308,0.09367,0.03482,0.02476,0.00763,0.02378,0.07965,0.04323,0.00841
0.05525,0.01271,0.03004,0.15192,0.05607,0.36083,0.02359,0.01174,0.15281,0.03394,0.01290,0.01370,0.02486,0.03355,0.00849,0.00673,0.01085
0.11867,0.04307,0.07385,0.01832,0.01302,0.04737,0.21121,0.01874,0.00706,0.01004,0.15241,0.00962,0.15344,0.11479,0.00224,0.00322,0.00294
0.09386,0.06270,0.06450,0.10363,0.05834,0.12687,0.02625,0.02304,0.09787,0.12212,0.01317,0.03733,0.01182,0.06258,0.02529,0.01086,0.05977
0.02573,0.01109,0.01566,0.01751,0.36382,0.03021,0.05910,0.01493,0.01771,0.00995,0.01596,0.00900,0.31193,0.02586,0.00535,0.05270,0.01347
0.01779,0.02678,0.02862,0.12494,0.00982,0.36338,0.10217,0.01551,0.08732,0.06342,0.01541,0.00891,0.01427,0.10021,0.00890,0.00376,0.00878
0.02411,0.03339,0.04084,0.02876,0.01382,0.48866,0.01172,0.00416,0.01877,0.02238,0.04248,0.12354,0.01431,0.08866,0.01793,0.00903,0.01744
0.28307,0.02381,0.01819,0.01373,0.01683,0.03475,0.04387,0.01341,0.01334,0.27057,0.00822,0.09118,0.01277,0.11639,0.02109,0.00978,0.00898
0.01114,0.04273,0.04136,0.09070,0.02562,0.21903,0.09027,0.00766,0.03122,0.03597,0.02660,0.10978,0.01403,0.18524,0.01564,0.02718,0.02584
0.02444,0.01155,0.00778,0.09389,0.02074,0.24518,0.05815,0.06077,0.05472,0.02822,0.04907,0.09921,0.02187,0.10765,0.00535,0.00394,0.10748
0.19262,0.07870,0.02547,0.12149,0.01059,0.14347,0.01421,0.04717,0.04994,0.19993,0.01152,0.03676,0.00256,0.03993,0.00840,0.01157,0.00568
0.01522,0.01354,0.01905,0.23818,0.01245,0.26742,0.01565,0.00359,0.24511,0.01998,0.00498,0.05528,0.00759,0.02141,0.04463,0.01189,0.00404
0.16461,0.05619,0.03934,0.13631,0.00490,0.18487,0.03940,0.02752,0.10438,0.16075,0.01318,0.01170,0.01567,0.02213,0.00727,0.00626,0.00552
0.01189,0.01707,0.03242,0.09470,0.02582,0.20739,0.09275,0.03274,0.06363,0.03378,0.04485,0.10108,0.06311,0.15544,0.01120,0.00482,0.00730
0.03350,0.02512,0.05573,0.04333,0.02196,0.44397,0.04624,0.06080,0.04414,0.03533,0.03223,0.05936,0.01888,0.04942,0.00910,0.00500,0.01587
0.06486,0.05371,0.02799,0.11239,0.01772,0.34556,0.06896,0.02811,0.09529,0.06143,0.00878,0.01429,0.01721,0.05909,0.01598,0.00401,0.00462
0.00950,0.06174,0.17423,0.00792,0.02879,0.10503,0.00940,0.11409,0.01021,0.00639,0.19909,0.00930,0.21507,0.01672,0.00714,0.00765,0.01773
0.01789,0.07644,0.07023,0.02272,0.11592,0.01809,0.10121,0.00845,0.13228,0.01894,0.10531,0.06919,0.05077,0.11462,0.00720,0.00693,0.06380
0.02987,0.03279,0.04126,0.17246,0.01901,0.11694,0.02999,0.01546,0.14819,0.03130,0.03876,0.10004,0.02911,0.14234,0.01404,0.02852,0.00990
0.03143,0.01325,0.02243,0.00820,0.19342,0.03292,0.01556,0.00660,0.08685,0.01831,0.08445,0.03211,0.10765,0.01247,0.14047,0.18646,0.00742
0.10190,0.01887,0.01990,0.03199,0.01403,0.22072,0.14140,0.01539,0.04042,0.09058,0.03753,0.06128,0.00885,0.17489,0.00441,0.00858,0.00925
0.00842,0.06164,0.06154,0.16319,0.02653,0.24144,0.01095,0.02254,0.15687,0.01261,0.05100,0.06178,0.02348,0.05953,0.00601,0.01265,0.01981
0.00681,0.00758,0.10489,0.02553,0.03827,0.04498,0.02231,0.12736,0.02649,0.00620,0.23990,0.03279,0.22458,0.05694,0.00845,0.00430,0.02263
0.02471,0.21308,0.20904,0.08853,0.02423,0.05663,0.03186,0.01881,0.09638,0.01431,0.01126,0.07617,0.03200,0.07983,0.01303,0.00494,0.00519
0.01133,0.01354,0.01414,0.10983,0.01182,0.55225,0.02002,0.01012,0.12056,0.00968,0.05794,0.00901,0.01494,0.01160,0.00239,0.00473,0.02610
0.00993,0.04003,0.01935,0.01288,0.01838,0.64875,0.06112,0.01267,0.01669,0.01108,0.01354,0.02392,0.02621,0.05608,0.00875,0.00964,0.01098
0.00966,0.03729,0.05877,0.35827,0.01156,0.03173,0.01909,0.01882,0.35297,0.01349,0.01021,0.02986,0.00981,0.01798,0.00479,0.01017,0.00553
0.15780,0.01155,0.04346,0.02366,0.01023,0.17863,0.03165,0.02211,0.01041,0.16776,0.01465,0.12019,0.01660,0.13041,0.02280,0.00642,0.03167
0.01385,0.05530,0.10283,0.09760,0.00975,0.36575,0.02736,0.02857,0.04699,0.08286,0.01506,0.03961,0.03531,0.03755,0.01942,0.01444,0.00774
0.05862,0.01605,0.02209,0.17959,0.01264,0.04828,0.04295,0.02157,0.18321,0.08686,0.03298,0.12342,0.00580,0.12423,0.00649,0.00966,0.02554
0.02747,0.07118,0.07687,0.03470,0.29546,0.02780,0.02052,0.01383,0.04292,0.01838,0.01677,0.01340,0.09311,0.01172,0.01659,0.01050,0.20878
0.01091,0.01232,0.02576,0.02088,0.07418,0.08432,0.03297,0.01676,0.29484,0.02113,0.25960,0.02126,0.01977,0.01404,0.01870,0.01651,0.05604
0.02495,0.09246,0.07492,0.01914,0.04314,0.39934,0.04741,0.01346,0.02465,0.03825,0.03497,0.06148,0.02556,0.06105,0.00299,0.01710,0.01913
0.13156,0.08600,0.11001,0.07848,0.01164,0.27828,0.00733,0.00745,0.05398,0.10827,0.04835,0.00767,0.02429,0.00795,0.00696,0.02261,0.00915
0.05183,0.01330,0.05696,0.07318,0.02142,0.33918,0.04357,0.03968,0.07778,0.04560,0.03756,0.07577,0.02063,0.08894,0.00406,0.00257,0.00795
0.03316,0.02557,0.06639,0.17485,0.01090,0.29282,0.01666,0.07090,0.13988,0.06480,0.00898,0.03057,0.00641,0.03557,0.00656,0.00361,0.01237
0.02306,0.00879,0.08164,0.02266,0.02297,0.09693,0.15604,0.06295,0.01742,0.00896,0.12849,0.02766,0.15568,0.16015,0.00512,0.00695,0.01454
0.00895,0.01124,0.01972,0.21752,0.02479,0.05502,0.03547,0.01180,0.25240,0.01404,0.05059,0.03564,0.00588,0.06146,0.07462,0.01769,0.10318
0.01214,0.27529,0.13222,0.03665,0.01272,0.22417,0.01325,0.14618,0.02751,0.01923,0.01866,0.01575,0.01124,0.00703,0.02452,0.01933,0.00413
0.01796,0.00560,0.02080,0.05701,0.01024,0.21310,0.02863,0.01342,0.07044,0.02135,0.08116,0.02006,0.02300,0.02436,0.12637,0.09352,0.17299
0.00639,0.01809,0.01298,0.02747,0.21889,0.05077,0.00714,0.01380,0.19956,0.01430,0.19864,0.01088,0.00610,0.00756,0.00306,0.00157,0.20282
0.16422,0.01080,0.00845,0.01792,0.05249,0.39698,0.02852,0.00726,0.01376,0.16863,0.04767,0.01597,0.01027,0.03303,0.00572,0.00480,0.01351
0.01684,0.00699,0.01522,0.11102,0.01347,0.43996,0.03917,0.01453,0.04244,0.08874,0.02125,0.03893,0.01392,0.05555,0.04360,0.02125,0.01712
0.08729,0.02661,0.01292,0.05468,0.01489,0.09319,0.20528,0.00413,0.05537,0.08149,0.03326,0.00807,0.04387,0.19155,0.01403,0.03147,0.04189
0.05365,0.04875,0.03636,0.08852,0.01626,0.24261,0.01427,0.01327,0.02635,0.02433,0.01232,0.18474,0.00933,0.17826,0.02018,0.01192,0.01888
0.06464,0.19941,0.17267,0.09224,0.03230,0.08292,0.03981,0.04252,0.06878,0.07066,0.01294,0.03601,0.01589,0.05323,0.00218,0.00759,0.00619
0.02295,0.03820,0.03904,0.04779,0.01584,0.17750,0.06627,0.01240,0.03932,0.01289,0.02596,0.20495,0.04964,0.21518,0.00948,0.01104,0.01155
0.03156,0.03305,0.06301,0.02786,0.02211,0.62199,0.01818,0.02632,0.02888,0.02138,0.05023,0.01174,0.01106,0.01487,0.00617,0.00519,0.00637
0.02870,0.04863,0.05883,0.08645,0.03573,0.21422,0.12444,0.04394,0.04757,0.04247,0.02251,0.04464,0.02678,0.13734,0.00881,0.00461,0.02435
0.01629,0.04317,0.05125,0.01051,0.14703,0.06668,0.06550,0.01658,0.11510,0.00776,0.14533,0.01134,0.08737,0.06731,0.01875,0.04082,0.08921
0.00592,0.02309,0.02603,0.01031,0.18601,0.08307,0.02429,0.01017,0.17572,0.01521,0.19074,0.02457,0.01626,0.02419,0.00850,0.00839,0.16753
0.04149,0.02389,0.04640,0.11095,0.03816,0.41854,0.06128,0.03076,0.08881,0.02928,0.00428,0.01020,0.01905,0.05505,0.00518,0.00747,0.00918
0.04459,0.13634,0.12202,0.06593,0.02764,0.30396,0.05038,0.02409,0.06341,0.02839,0.01713,0.00985,0.00766,0.01253,0.04163,0.02843,0.01602
0.00392,0.01457,0.02809,0.29210,0.03612,0.15111,0.01295,0.03160,0.28974,0.00707,0.01040,0.04002,0.03242,0.01821,0.00761,0.00661,0.01747
0.17861,0.01607,0.15531,0.00779,0.00485,0.03303,0.17304,0.12685,0.01432,0.03756,0.09399,0.01128,0.07295,0.01316,0.04581,0.00952,0.00584
0.01072,0.04202,0.02090,0.02873,0.00734,0.42959,0.13239,0.02421,0.00846,0.01209,0.00641,0.08036,0.01026,0.14430,0.01329,0.02112,0.00780
0.13065,0.04224,0.05873,0.10947,0.01836,0.29501,0.03304,0.01300,0.03028,0.19665,0.00933,0.00737,0.00650,0.02603,0.00730,0.00541,0.01065
0.01047,0.06984,0.11478,0.02339,0.04177,0.35096,0.01739,0.03674,0.03934,0.03656,0.02922,0.10107,0.01558,0.08280,0.01233,0.00298,0.01478
0.07458,0.04601,0.05824,0.16536,0.01367,0.05066,0.01782,0.01424,0.16068,0.08236,0.02278,0.12156,0.00540,0.12842,0.02677,0.00730,0.00414
0.08037,0.01381,0.02596,0.06596,0.02090,0.41360,0.02260,0.03421,0.06728,0.06843,0.01207,0.03034,0.01081,0.03108,0.00555,0.00326,0.09380
0.01552,0.04493,0.03968,0.07272,0.00245,0.51261,0.07436,0.03244,0.06457,0.00885,0.01080,0.01073,0.00950,0.07295,0.01498,0.01095,0.00195
0.03190,0.10868,0.10529,0.06967,0.03127,0.25291,0.03391,0.02514,0.06445,0.06809,0.03561,0.06011,0.01672,0.04844,0.00482,0.02391,0.01908
0.00999,0.01815,0.01413,0.03289,0.16494,0.01781,0.01638,0.01388,0.09976,0.01003,0.10370,0.02171,0.01068,0.01998,0.18275,0.18168,0.08154
0.35140,0.07332,0.07218,0.01349,0.01241,0.05513,0.29554,0.01882,0.01198,0.01636,0.02847,0.00606,0.01079,0.00677,0.00896,0.01289,0.00543
0.16889,0.03577,0.04402,0.02920,0.03323,0.01307,0.12300,0.00995,0.03897,0.15959,0.02716,0.08687,0.00534,0.18068,0.02537,0.00844,0.01045
0.00959,0.01484,0.01093,0.02833,0.00961,0.49228,0.05001,0.01963,0.01549,0.02469,0.02424,0.12837,0.01548,0.13244,0.00465,0.00479,0.01463
0.01117,0.10986,0.11066,0.02712,0.04249,0.48962,0.01668,0.00476,0.00981,0.02257,0.00853,0.02324,0.04287,0.03116,0.00363,0.00353,0.04229
0.00921,0.01951,0.02500,0.04581,0.04737,0.52636,0.00896,0.00882,0.05068,0.02102,0.01783,0.08695,0.01256,0.06972,0.01319,0.00990,0.02711
0.00545,0.01545,0.02080,0.19898,0.00917,0.11773,0.01039,0.00946,0.20526,0.02612,0.01407,0.16498,0.01334,0.15702,0.00899,0.00669,0.01610
0.07299,0.02044,0.01994,0.13589,0.03290,0.25463,0.03080,0.01354,0.05199,0.18618,0.01844,0.02417,0.06166,0.05474,0.00441,0.00265,0.01464
0.01464,0.01494,0.01781,0.08726,0.04582,0.27242,0.02732,0.01497,0.08271,0.01869,0.04387,0.13207,0.05740,0.13369,0.01129,0.01361,0.01150
0.01000,0.03202,0.02257,0.10503,0.01137,0.08375,0.07334,0.01929,0.09446,0.03403,0.04654,0.20743,0.01286,0.22678,0.01104,0.00333,0.00615
0.11709,0.02613,0.04360,0.15490,0.02450,0.19269,0.02899,0.01840,0.12480,0.10179,0.02442,0.04259,0.02995,0.05736,0.00273,0.00563,0.00443
0.09116,0.01654,0.01753,0.13273,0.00712,0.29253,0.01154,0.00803,0.08208,0.19459,0.01931,0.05055,0.01488,0.01647,0.01040,0.00561,0.02895
0.00820,0.00907,0.04127,0.05659,0.09430,0.04013,0.02927,0.02321,0.18465,0.07074,0.17862,0.01245,0.00734,0.02015,0.11894,0.05096,0.05409
0.09689,0.05690,0.02813,0.10667,0.01272,0.45603,0.02936,0.02693,0.05200,0.08285,0.00854,0.00609,0.01581,0.00690,0.00742,0.00192,0.00483
0.00657,0.14353,0.25461,0.06980,0.01129,0.02956,0.01503,0.13948,0.00890,0.02651,0.11547,0.02307,0.11474,0.01546,0.00618,0.00851,0.01129
0.00812,0.01453,0.01885,0.01584,0.00323,0.07472,0.00959,0.00323,0.01233,0.03797,0.36741,0.04888,0.36072,0.01624,0.00367,0.00119,0.00348
0.00859,0.03318,0.04696,0.19053,0.00667,0.14635,0.09723,0.02019,0.18894,0.08050,0.02322,0.02611,0.02887,0.08007,0.01335,0.00594,0.00332
0.02032,0.08170,0.09728,0.08075,0.02653,0.08491,0.00567,0.01263,0.02598,0.06002,0.01884,0.24035,0.00641,0.21633,0.00693,0.00660,0.00875
0.02446,0.10852,0.10123,0.06303,0.00417,0.39944,0.01177,0.01351,0.00969,0.11418,0.01311,0.09204,0.01380,0.01903,0.00291,0.00230,0.00683
0.01857,0.05795,0.03837,0.18972,0.02938,0.18266,0.05977,0.07219,0.17178,0.01414,0.02131,0.04296,0.02125,0.04306,0.01157,0.00793,0.01740
0.06306,0.05521,0.03232,0.15716,0.05211,0.25777,0.08495,0.00952,0.16287,0.01856,0.01158,0.01929,0.03343,0.01739,0.00610,0.00573,0.01294
0.12659,0.02921,0.06463,0.08792,0.01107,0.16521,0.06954,0.01908,0.07351,0.09872,0.01152,0.09441,0.01958,0.11247,0.00440,0.00264,0.00950
0.01568,0.01077,0.00736,0.03100,0.05308,0.69357,0.01690,0.01103,0.01332,0.01792,0.01734,0.00608,0.02698,0.02020,0.00854,0.02484,0.02539
0.26463,0.00705,0.01409,0.02967,0.02075,0.22694,0.02612,0.00908,0.02640,0.26106,0.01719,0.04251,0.01415,0.01482,0.01034,0.00365,0.01154
