0.18507,0.03499,0.03199,0.03430,0.09350,0.04680,0.03669,0.02808,0.09951,0.16789,0.02025,0.02559,0.02138,0.02011,0.01958,0.02106,0.03187,0.02142,0.02936,0.03057
0.13000,0.04487,0.03595,0.03818,0.12760,0.05575,0.04723,0.03329,0.10503,0.13175,0.02551,0.02259,0.02371,0.02449,0.02471,0.02403,0.02751,0.02512,0.02505,0.02763
0.09992,0.04943,0.04250,0.04055,0.12066,0.04175,0.04344,0.03590,0.12957,0.08533,0.02711,0.03519,0.02791,0.02671,0.02417,0.02695,0.04243,0.02429,0.03893,0.03724
0.11760,0.04375,0.02570,0.03111,0.07283,0.05016,0.04243,0.03175,0.06719,0.10991,0.03703,0.04562,0.03386,0.03751,0.02699,0.03927,0.05253,0.03489,0.04604,0.05384
0.13338,0.05073,0.03236,0.03973,0.06419,0.04121,0.03777,0.03015,0.07298,0.11446,0.03114,0.04603,0.02872,0.02990,0.02758,0.03205,0.05994,0.02347,0.04977,0.05446
0.10344,0.04044,0.03232,0.03778,0.11496,0.04632,0.04180,0.03219,0.09417,0.10285,0.02931,0.03669,0.03292,0.03172,0.02523,0.03803,0.04466,0.02896,0.04433,0.04188
0.20190,0.03270,0.02804,0.03447,0.11086,0.05195,0.03688,0.02752,0.10515,0.18501,0.01746,0.01808,0.01647,0.01633,0.01523,0.01891,0.02367,0.01690,0.01867,0.02381
0.15939,0.04116,0.02865,0.03312,0.12998,0.04721,0.03881,0.03170,0.12578,0.13584,0.02141,0.02320,0.02029,0.02035,0.01850,0.02273,0.02836,0.02152,0.02539,0.02660
0.18143,0.03325,0.02966,0.03429,0.07381,0.05171,0.04053,0.02926,0.07443,0.17680,0.02340,0.02814,0.02540,0.02164,0.02547,0.02457,0.03765,0.02116,0.03164,0.03575
0.16788,0.04074,0.04382,0.04236,0.06334,0.06386,0.05233,0.04120,0.10154,0.14878,0.02150,0.02723,0.02308,0.01992,0.01532,0.02055,0.03109,0.01767,0.02965,0.02817
0.07640,0.04228,0.02666,0.03664,0.18558,0.03461,0.03194,0.02667,0.18990,0.06604,0.02449,0.03675,0.02277,0.02021,0.02053,0.02067,0.04468,0.01847,0.03821,0.03650
0.13966,0.04297,0.03120,0.04019,0.10872,0.05152,0.04539,0.03235,0.09811,0.12179,0.02563,0.03350,0.02486,0.02247,0.02048,0.02583,0.04176,0.02091,0.03645,0.03620
0.09855,0.03481,0.04028,0.04341,0.08568,0.05132,0.04130,0.03472,0.08020,0.08455,0.03631,0.03606,0.03688,0.03918,0.03922,0.04125,0.04562,0.04681,0.03688,0.04699
0.14009,0.04296,0.04553,0.04061,0.04730,0.04451,0.04096,0.04410,0.04895,0.14001,0.03367,0.04124,0.03258,0.03257,0.02924,0.03368,0.04637,0.03230,0.04142,0.04190
0.07256,0.03330,0.02107,0.02715,0.07570,0.03302,0.03035,0.02421,0.07734,0.06221,0.04195,0.07777,0.03978,0.02790,0.02043,0.02382,0.11528,0.02323,0.09426,0.07869
0.17592,0.03139,0.02941,0.02974,0.10807,0.04861,0.03893,0.02776,0.10914,0.15901,0.02053,0.02840,0.02199,0.02139,0.01463,0.02240,0.03267,0.01769,0.03096,0.03134
0.09595,0.04421,0.02581,0.03607,0.03618,0.03862,0.03803,0.03044,0.04004,0.08675,0.04895,0.04397,0.05634,0.05095,0.05374,0.07059,0.04773,0.04001,0.06208,0.05353
0.12412,0.05445,0.02935,0.04238,0.09259,0.04703,0.04365,0.03104,0.08888,0.11236,0.02787,0.03755,0.02770,0.02445,0.02151,0.02263,0.05414,0.02380,0.04550,0.04898
0.18566,0.03441,0.03012,0.03062,0.07274,0.04778,0.03877,0.02712,0.06662,0.17585,0.02401,0.03143,0.02779,0.02356,0.02333,0.02801,0.03810,0.02240,0.03614,0.03556
0.12286,0.04702,0.03328,0.04273,0.08427,0.04379,0.03652,0.03170,0.08983,0.11425,0.03541,0.04472,0.02998,0.02738,0.02709,0.02817,0.04832,0.02749,0.04123,0.04395
0.12914,0.03937,0.02738,0.03173,0.11234,0.04511,0.04102,0.02892,0.09843,0.12376,0.02786,0.03718,0.02479,0.02226,0.02403,0.02475,0.05145,0.02246,0.04194,0.04609
0.18235,0.03876,0.02507,0.03684,0.10438,0.04306,0.03948,0.02751,0.10717,0.16117,0.02030,0.02906,0.02001,0.02116,0.01473,0.01761,0.03195,0.02037,0.02821,0.03083
0.18578,0.04239,0.02952,0.03544,0.10643,0.04693,0.04086,0.03176,0.10578,0.16869,0.01994,0.02258,0.02057,0.01813,0.01610,0.01918,0.02508,0.01645,0.02312,0.02527
0.14518,0.05237,0.03630,0.04546,0.09252,0.06974,0.05455,0.03707,0.07682,0.13722,0.02418,0.02544,0.02335,0.02120,0.02364,0.02261,0.03352,0.02081,0.02862,0.02943
0.21953,0.03089,0.02297,0.02960,0.06977,0.06177,0.04025,0.02532,0.05865,0.21477,0.01885,0.02605,0.01786,0.01544,0.01492,0.01548,0.03824,0.01444,0.03388,0.03133
0.10999,0.05709,0.04082,0.04970,0.10597,0.05719,0.05487,0.03830,0.08191,0.11638,0.02875,0.03516,0.02429,0.02490,0.02461,0.02457,0.03633,0.02451,0.03105,0.03361
0.20188,0.03191,0.02423,0.03078,0.10621,0.03428,0.03081,0.02340,0.12023,0.18483,0.01806,0.02178,0.01943,0.01990,0.01879,0.02260,0.02506,0.01755,0.02411,0.02417
0.10943,0.04845,0.03316,0.04191,0.06117,0.06178,0.05194,0.03569,0.05496,0.09781,0.03498,0.04702,0.03633,0.03808,0.03788,0.03781,0.04533,0.03523,0.04307,0.04795
0.11836,0.04029,0.03523,0.03758,0.07516,0.04664,0.04056,0.03214,0.07432,0.11089,0.03131,0.04946,0.03186,0.03048,0.02279,0.02969,0.05810,0.03056,0.05060,0.05396
0.09491,0.03507,0.03278,0.03080,0.09767,0.04836,0.04050,0.02754,0.08840,0.09615,0.03455,0.05228,0.03175,0.02642,0.02213,0.02668,0.07294,0.02183,0.06299,0.05623
0.15508,0.04482,0.02753,0.03671,0.09053,0.03766,0.03968,0.02590,0.09894,0.14283,0.02641,0.03463,0.02467,0.02136,0.02058,0.02350,0.04707,0.01967,0.04296,0.03948
0.10661,0.06066,0.04613,0.05449,0.05951,0.06154,0.05615,0.03598,0.06101,0.10797,0.02921,0.03377,0.03574,0.03251,0.02901,0.03092,0.03971,0.03410,0.03950,0.04548
0.13710,0.03821,0.02984,0.03391,0.13218,0.05143,0.04080,0.02797,0.11190,0.13647,0.02254,0.02709,0.02313,0.02082,0.02162,0.02735,0.03440,0.01921,0.03312,0.03092
0.09855,0.03880,0.03600,0.04418,0.05273,0.04727,0.04260,0.03516,0.04483,0.10335,0.03466,0.05618,0.03940,0.02816,0.02291,0.02712,0.08737,0.02724,0.06841,0.06507
0.17587,0.03312,0.02908,0.03190,0.06527,0.07407,0.04871,0.03130,0.04491,0.17833,0.02574,0.03190,0.02395,0.02478,0.02283,0.02694,0.03846,0.02340,0.03216,0.03725
0.15244,0.06022,0.03897,0.05004,0.09685,0.06197,0.05788,0.04082,0.09796,0.11923,0.01760,0.01900,0.01809,0.01781,0.02352,0.02151,0.03040,0.01593,0.02880,0.03095
0.20408,0.03610,0.03138,0.03749,0.06117,0.05411,0.04497,0.03240,0.05884,0.20776,0.02263,0.02346,0.02165,0.02215,0.02171,0.02224,0.02892,0.01980,0.02392,0.02522
0.17380,0.02492,0.01837,0.02040,0.15375,0.02706,0.02095,0.01533,0.15471,0.16333,0.01827,0.02752,0.01920,0.01528,0.01362,0.01561,0.03949,0.01406,0.03317,0.03114
0.18584,0.05046,0.03865,0.04025,0.05346,0.05382,0.04290,0.03414,0.08959,0.15242,0.02221,0.02681,0.02120,0.02203,0.02097,0.02465,0.03590,0.02009,0.03117,0.03345
0.18382,0.03865,0.02390,0.03619,0.07368,0.06726,0.05407,0.02533,0.06222,0.17275,0.02421,0.02922,0.02708,0.02135,0.02358,0.02247,0.03116,0.02145,0.02987,0.03173
0.24915,0.03777,0.02303,0.03046,0.05066,0.03502,0.02752,0.02300,0.05572,0.23279,0.02167,0.02381,0.01988,0.01822,0.01749,0.02151,0.03334,0.01838,0.02904,0.03156
0.19041,0.04531,0.02847,0.03379,0.09797,0.05068,0.04292,0.02936,0.09834,0.17715,0.01973,0.02054,0.01902,0.01938,0.01835,0.01897,0.02331,0.01844,0.02129,0.02654
0.08406,0.04755,0.02599,0.04518,0.10470,0.04536,0.03842,0.02768,0.08194,0.08440,0.03269,0.04981,0.03381,0.03382,0.02017,0.03384,0.06186,0.04035,0.04749,0.06088
0.15398,0.04156,0.03085,0.04479,0.09151,0.04899,0.04571,0.03241,0.09121,0.13645,0.02596,0.02972,0.02646,0.02493,0.02570,0.02711,0.03467,0.02437,0.03095,0.03268
0.10531,0.06629,0.02929,0.04252,0.14396,0.04679,0.04648,0.03506,0.14065,0.08466,0.02403,0.02695,0.02296,0.02588,0.02068,0.02550,0.02868,0.02611,0.02482,0.03340
0.12874,0.04040,0.03190,0.03855,0.09011,0.04937,0.04311,0.03180,0.09266,0.12050,0.03373,0.02917,0.03158,0.03221,0.02860,0.04120,0.03272,0.02916,0.03955,0.03496
0.16225,0.03775,0.02561,0.03380,0.09264,0.06244,0.04735,0.02782,0.07764,0.15159,0.02617,0.02873,0.02968,0.02608,0.02221,0.02467,0.03147,0.02578,0.03109,0.03522
0.11421,0.05693,0.03990,0.05056,0.06860,0.05298,0.04681,0.03600,0.06538,0.11179,0.03220,0.04243,0.02687,0.02329,0.01960,0.02536,0.06245,0.02367,0.05257,0.04840
0.12171,0.04690,0.03261,0.03715,0.17540,0.05374,0.04641,0.03033,0.11871,0.13039,0.01806,0.02067,0.01833,0.01948,0.01699,0.02036,0.02406,0.02150,0.02337,0.02383
0.11593,0.03908,0.03489,0.04214,0.11463,0.05245,0.04434,0.03685,0.10361,0.10460,0.02670,0.03056,0.02738,0.03120,0.02649,0.02826,0.04110,0.03192,0.03051,0.03736
0.10259,0.05787,0.04416,0.04823,0.09245,0.04889,0.04972,0.03519,0.10700,0.09733,0.02770,0.03514,0.02842,0.02672,0.02502,0.02979,0.04292,0.02253,0.03861,0.03970
0.09791,0.03529,0.03277,0.03221,0.08426,0.03468,0.03529,0.02608,0.08671,0.09877,0.03368,0.05823,0.03394,0.02730,0.02969,0.02556,0.07900,0.02474,0.06281,0.06108
0.12481,0.05207,0.03824,0.04465,0.06184,0.05172,0.04977,0.03133,0.05906,0.12764,0.03174,0.03780,0.02830,0.03066,0.03795,0.03081,0.05229,0.02429,0.03734,0.04767
0.19192,0.03364,0.02552,0.02910,0.09616,0.03093,0.02735,0.02484,0.10257,0.17918,0.02185,0.02647,0.02403,0.02167,0.02152,0.02617,0.03333,0.02124,0.03139,0.03111
0.17429,0.03737,0.02139,0.03023,0.08649,0.03365,0.03242,0.02233,0.09413,0.15546,0.02581,0.03236,0.02728,0.02694,0.03220,0.02803,0.04220,0.02253,0.03179,0.04312
0.15323,0.03479,0.03370,0.03632,0.07000,0.04598,0.04107,0.02822,0.06843,0.14821,0.02864,0.04432,0.02479,0.02019,0.01862,0.02493,0.05844,0.02133,0.05065,0.04814
0.12113,0.03873,0.03014,0.03257,0.13238,0.04116,0.03552,0.02943,0.13561,0.09268,0.02836,0.03165,0.02765,0.02673,0.02790,0.02871,0.04175,0.02663,0.03289,0.03837
0.13129,0.03953,0.02606,0.03025,0.14622,0.05320,0.04445,0.02515,0.13528,0.11116,0.02221,0.03183,0.02165,0.02031,0.01835,0.02090,0.03536,0.01999,0.03299,0.03380
0.14716,0.04360,0.03286,0.03870,0.06360,0.05445,0.04473,0.03060,0.05573,0.14512,0.02854,0.03705,0.02903,0.02397,0.02798,0.02706,0.05464,0.02467,0.04524,0.04526
0.09316,0.06439,0.03679,0.04583,0.09563,0.05589,0.05269,0.03776,0.09777,0.07935,0.03145,0.03884,0.02962,0.02748,0.02304,0.02773,0.04600,0.02774,0.04542,0.04343
0.10140,0.06254,0.03927,0.05172,0.11051,0.06169,0.05508,0.03715,0.11076,0.08704,0.02792,0.02921,0.02458,0.02552,0.02537,0.02771,0.03182,0.02511,0.03077,0.03484
0.24907,0.02976,0.02442,0.02650,0.04028,0.03103,0.02829,0.02397,0.04659,0.24229,0.02394,0.02924,0.02183,0.02151,0.01681,0.02433,0.03562,0.02164,0.03027,0.03264
0.14518,0.04588,0.03343,0.04226,0.10155,0.04234,0.04366,0.03281,0.10146,0.12832,0.02713,0.03075,0.02628,0.02442,0.02349,0.02593,0.03656,0.02418,0.03107,0.03327
0.09843,0.04868,0.03621,0.03955,0.13769,0.05507,0.04985,0.03142,0.09579,0.10507,0.02702,0.03552,0.02924,0.02375,0.02545,0.02823,0.03981,0.02386,0.03285,0.03652
0.11629,0.04200,0.03216,0.03847,0.07740,0.04468,0.04039,0.03172,0.08018,0.10687,0.03668,0.04160,0.03091,0.03527,0.03165,0.03181,0.05122,0.03594,0.04163,0.05313
0.10650,0.06182,0.03761,0.05455,0.05859,0.04960,0.04406,0.03521,0.06595,0.09807,0.03364,0.04306,0.02880,0.03176,0.04143,0.03089,0.05912,0.02412,0.04095,0.05426
0.22051,0.02789,0.02032,0.02442,0.09432,0.04246,0.03217,0.02017,0.09268,0.20771,0.01826,0.02622,0.01658,0.01468,0.01382,0.01699,0.03595,0.01428,0.03049,0.03007
0.19099,0.04202,0.03070,0.03476,0.06067,0.04756,0.03895,0.02903,0.08744,0.15921,0.02593,0.03176,0.02374,0.02292,0.02021,0.02400,0.03770,0.02247,0.03398,0.03596
0.11981,0.04078,0.02945,0.02953,0.08604,0.03526,0.03324,0.02471,0.10001,0.10870,0.03184,0.04524,0.02855,0.02791,0.03262,0.02871,0.06706,0.02054,0.05306,0.05693
0.17086,0.03406,0.02505,0.02806,0.06450,0.04116,0.03410,0.02797,0.09005,0.14887,0.02757,0.03687,0.03086,0.02819,0.02920,0.03023,0.04574,0.02383,0.04052,0.04230
0.09985,0.04383,0.03739,0.03565,0.12345,0.05659,0.04770,0.03477,0.10193,0.10611,0.02998,0.03088,0.02676,0.02925,0.02791,0.03200,0.03518,0.02853,0.03296,0.03929
0.13943,0.05145,0.03938,0.04739,0.09038,0.05611,0.05296,0.03569,0.08271,0.13657,0.02694,0.02508,0.02525,0.02798,0.02173,0.02492,0.02878,0.02884,0.02678,0.03165
0.08481,0.07077,0.04155,0.05128,0.10594,0.05997,0.05767,0.04073,0.07240,0.08605,0.02864,0.03607,0.03030,0.02689,0.02819,0.02897,0.04062,0.02930,0.03751,0.04232
0.09112,0.03755,0.03155,0.03577,0.08882,0.03800,0.03485,0.03004,0.08852,0.08501,0.04202,0.03881,0.04314,0.04320,0.03864,0.05579,0.04054,0.04126,0.05410,0.04126
0.17271,0.04163,0.02823,0.03453,0.08772,0.04851,0.03906,0.02799,0.08578,0.15876,0.02414,0.03583,0.02341,0.01851,0.01720,0.01984,0.04344,0.01841,0.03719,0.03711
0.17962,0.03999,0.02770,0.03238,0.08925,0.04667,0.03734,0.02414,0.09098,0.16922,0.02354,0.03038,0.02147,0.02008,0.01861,0.02181,0.03960,0.01955,0.03215,0.03551
0.16046,0.04544,0.03516,0.04575,0.07811,0.05509,0.04849,0.03015,0.08571,0.13470,0.02376,0.03091,0.02593,0.02011,0.02352,0.02415,0.04024,0.01992,0.03717,0.03522
0.15876,0.04589,0.02540,0.03506,0.07177,0.05315,0.04403,0.02796,0.06526,0.15057,0.02834,0.03327,0.02946,0.02816,0.02751,0.03246,0.03877,0.02410,0.04185,0.03822
0.11221,0.05894,0.03070,0.04544,0.11498,0.05076,0.04711,0.03016,0.08827,0.10561,0.02863,0.02992,0.03170,0.03115,0.02982,0.02889,0.03622,0.03181,0.02877,0.03891
0.14838,0.03664,0.03169,0.03329,0.09221,0.05167,0.04167,0.03017,0.10393,0.14112,0.02504,0.02865,0.02748,0.02891,0.01661,0.03061,0.03249,0.02809,0.03110,0.04027
0.16958,0.03571,0.02104,0.02848,0.12220,0.04036,0.03456,0.02053,0.10391,0.15208,0.02158,0.03052,0.02422,0.02013,0.01996,0.02265,0.04151,0.01982,0.03399,0.03719
0.18363,0.03321,0.02146,0.02787,0.12395,0.03020,0.03091,0.02328,0.13765,0.16079,0.02076,0.02576,0.01990,0.01813,0.01460,0.01995,0.03142,0.01866,0.02898,0.02889
0.10491,0.02291,0.01568,0.02302,0.04461,0.03078,0.02364,0.01742,0.04235,0.10242,0.04519,0.07541,0.03856,0.03191,0.04061,0.03007,0.11687,0.02287,0.08248,0.08830
0.14465,0.05402,0.04122,0.04979,0.08954,0.05944,0.05490,0.04207,0.08995,0.14302,0.01898,0.02999,0.02314,0.02285,0.01889,0.02175,0.02587,0.01938,0.02424,0.02631
0.12931,0.03102,0.02691,0.03112,0.07272,0.03669,0.03447,0.02703,0.06828,0.12589,0.04073,0.04870,0.03940,0.03106,0.03395,0.03284,0.05823,0.02978,0.05014,0.05171
0.12239,0.03788,0.02400,0.02987,0.07066,0.04017,0.03551,0.02836,0.07764,0.11105,0.03516,0.04513,0.03796,0.03711,0.03107,0.04313,0.05378,0.03338,0.05189,0.05388
0.17907,0.03955,0.03065,0.03692,0.06768,0.06034,0.04768,0.02946,0.06168,0.16439,0.02444,0.02973,0.02809,0.02295,0.02788,0.02715,0.03292,0.02397,0.02987,0.03559
0.13092,0.03745,0.02791,0.03220,0.06265,0.04722,0.03804,0.02984,0.06137,0.12696,0.03379,0.05220,0.03406,0.02908,0.02078,0.03035,0.06601,0.02850,0.05664,0.05404
0.15495,0.05878,0.02523,0.04334,0.09452,0.12184,0.09311,0.03483,0.05595,0.12327,0.01603,0.02301,0.01563,0.01518,0.01328,0.01663,0.03060,0.01201,0.02655,0.02524
0.12918,0.02446,0.01633,0.02146,0.17870,0.03155,0.02511,0.01802,0.17499,0.11586,0.02515,0.03013,0.02233,0.02244,0.01718,0.02196,0.03543,0.02336,0.03111,0.03525
0.09330,0.02299,0.01900,0.01966,0.18498,0.02772,0.02289,0.01942,0.18773,0.08565,0.02711,0.04151,0.02797,0.02108,0.01772,0.02253,0.05199,0.01864,0.04699,0.04113
0.14075,0.04172,0.02859,0.03476,0.10366,0.04503,0.03866,0.03075,0.10257,0.12608,0.02564,0.03973,0.02618,0.02346,0.02054,0.02599,0.04330,0.02327,0.03660,0.04271
0.13188,0.03392,0.02589,0.03534,0.07606,0.03615,0.03448,0.02645,0.07776,0.12150,0.03107,0.05119,0.03861,0.03516,0.02599,0.03423,0.05442,0.03399,0.04134,0.05457
0.12004,0.04423,0.02869,0.03346,0.11170,0.04006,0.03764,0.02786,0.11789,0.10226,0.03089,0.04094,0.02942,0.02703,0.02849,0.02870,0.04533,0.02344,0.03744,0.04450
0.10038,0.04093,0.03407,0.03700,0.07391,0.05379,0.04434,0.03322,0.07777,0.09401,0.03554,0.05212,0.03224,0.02654,0.02254,0.03095,0.06948,0.02343,0.06262,0.05513
0.21073,0.03514,0.02152,0.02850,0.12023,0.04046,0.03388,0.01989,0.10704,0.18607,0.01518,0.02317,0.02108,0.01749,0.01644,0.01801,0.02229,0.01910,0.01968,0.02408
0.10819,0.04183,0.02766,0.03386,0.11091,0.04796,0.03810,0.02528,0.10939,0.09938,0.02696,0.04833,0.03209,0.02672,0.02710,0.02707,0.05152,0.02917,0.04193,0.04655
0.09095,0.05954,0.04775,0.04897,0.10149,0.04769,0.04992,0.04226,0.10773,0.07799,0.03078,0.03121,0.03307,0.02981,0.02854,0.03329,0.03503,0.03003,0.03818,0.03577
0.13420,0.03976,0.02328,0.03092,0.17403,0.06247,0.04951,0.02552,0.15617,0.11496,0.01629,0.02179,0.01651,0.01720,0.01392,0.01756,0.02341,0.01770,0.02189,0.02291
0.11916,0.04768,0.03978,0.04011,0.08883,0.05492,0.04823,0.03572,0.08035,0.10929,0.02943,0.03806,0.03098,0.03059,0.02799,0.02678,0.04577,0.02613,0.03981,0.04040
0.18499,0.04155,0.02808,0.03313,0.05367,0.03951,0.03349,0.02992,0.06157,0.17777,0.03037,0.03214,0.02922,0.02942,0.02374,0.03354,0.03456,0.02847,0.03476,0.04009
0.18457,0.03211,0.02113,0.02729,0.06703,0.04708,0.03485,0.02349,0.05770,0.18148,0.02882,0.03657,0.02499,0.03075,0.01973,0.02952,0.04053,0.02905,0.03566,0.04765
0.26180,0.02416,0.01787,0.02298,0.06520,0.02444,0.02070,0.01845,0.07435,0.25228,0.01795,0.02662,0.01789,0.02040,0.01286,0.01977,0.02842,0.01929,0.02457,0.03001
0.22503,0.03254,0.03032,0.03493,0.05185,0.03036,0.03201,0.02772,0.05561,0.22227,0.02683,0.02418,0.02375,0.02331,0.02426,0.02462,0.02869,0.02198,0.02880,0.03094
0.13856,0.05625,0.03843,0.05110,0.04425,0.05555,0.05086,0.03547,0.07007,0.11723,0.03001,0.03896,0.03022,0.02667,0.02836,0.02995,0.04439,0.02912,0.04094,0.04362
0.18036,0.03968,0.02450,0.03168,0.06390,0.04124,0.03448,0.02431,0.08331,0.14844,0.02671,0.03972,0.02607,0.02502,0.02073,0.02314,0.05286,0.02423,0.04464,0.04498
0.07990,0.03233,0.02644,0.02758,0.15272,0.04430,0.03921,0.02364,0.09781,0.08813,0.03250,0.04881,0.02862,0.02368,0.02633,0.02571,0.07191,0.02117,0.05742,0.05178
0.18539,0.03168,0.02496,0.02883,0.07338,0.04579,0.03603,0.02545,0.07471,0.17916,0.02718,0.03041,0.02767,0.02487,0.02299,0.02726,0.03694,0.02543,0.03388,0.03800
0.13137,0.04715,0.03717,0.04720,0.08500,0.05933,0.05013,0.03577,0.07721,0.12597,0.02565,0.03382,0.02971,0.02754,0.02359,0.02530,0.03969,0.02341,0.03447,0.04052
0.24468,0.04550,0.03616,0.03378,0.05168,0.04578,0.04110,0.03227,0.05738,0.22763,0.01701,0.01756,0.01787,0.01653,0.01559,0.01780,0.02060,0.01873,0.01868,0.02369
0.10132,0.04832,0.04358,0.04318,0.04758,0.05186,0.04857,0.03969,0.05959,0.09391,0.04361,0.04410,0.03799,0.03902,0.03456,0.04133,0.04822,0.03357,0.04772,0.05226
0.09235,0.03847,0.03088,0.03189,0.10991,0.04317,0.03917,0.02727,0.07987,0.09323,0.03665,0.05193,0.03106,0.03217,0.04020,0.03080,0.06018,0.02844,0.04634,0.05599
0.17813,0.04252,0.02085,0.02492,0.10013,0.03894,0.03456,0.02656,0.11237,0.15657,0.02351,0.03416,0.02189,0.01834,0.01614,0.01822,0.04115,0.01793,0.03899,0.03411
0.08083,0.04610,0.02491,0.03694,0.10185,0.04612,0.04425,0.03172,0.08971,0.06215,0.04316,0.04853,0.03780,0.03701,0.02643,0.03476,0.06036,0.03792,0.05194,0.05752
0.16470,0.02828,0.02411,0.02719,0.09346,0.03070,0.02785,0.02114,0.10597,0.14752,0.03034,0.03346,0.02749,0.02806,0.02872,0.02725,0.04382,0.02635,0.03975,0.04384
0.14105,0.04491,0.03540,0.03579,0.08952,0.04596,0.03905,0.03140,0.08803,0.12985,0.02825,0.03509,0.02770,0.02823,0.02443,0.02716,0.04245,0.02704,0.03598,0.04271
0.15368,0.03857,0.02966,0.03597,0.11234,0.03854,0.03419,0.02749,0.12090,0.13081,0.02737,0.02736,0.02607,0.02523,0.02956,0.02708,0.03144,0.02198,0.02642,0.03531
0.17043,0.03777,0.02670,0.03302,0.09687,0.04624,0.03733,0.02689,0.09668,0.15399,0.02795,0.02618,0.02465,0.02380,0.02511,0.02490,0.03445,0.02445,0.02753,0.03506
0.13648,0.05252,0.02977,0.03728,0.06110,0.06410,0.05309,0.03152,0.04743,0.13298,0.02976,0.04290,0.02359,0.02650,0.03042,0.02373,0.06173,0.02203,0.04354,0.04955
0.17032,0.04771,0.03728,0.04150,0.08263,0.07389,0.05294,0.03646,0.06659,0.16039,0.01926,0.02342,0.02073,0.01968,0.02017,0.02330,0.02744,0.02307,0.02580,0.02740
0.18659,0.03741,0.02488,0.03112,0.08299,0.03928,0.03130,0.02500,0.08875,0.17670,0.02453,0.03191,0.02104,0.02083,0.01739,0.02250,0.04274,0.02110,0.03732,0.03663
0.13124,0.02797,0.02247,0.02794,0.08859,0.03177,0.02925,0.02109,0.08689,0.12567,0.03435,0.05526,0.03174,0.02447,0.02081,0.02409,0.07402,0.02298,0.06180,0.05761
0.16073,0.03228,0.02906,0.03130,0.07464,0.04274,0.03702,0.02609,0.07257,0.15374,0.02768,0.03793,0.03331,0.02704,0.02507,0.03450,0.04303,0.02741,0.04046,0.04342
0.24778,0.02100,0.01555,0.01890,0.09343,0.02828,0.02193,0.01726,0.09085,0.23878,0.02017,0.02460,0.01692,0.01459,0.01217,0.01486,0.03309,0.01486,0.02870,0.02627
0.12446,0.04760,0.03077,0.03717,0.09899,0.04374,0.03926,0.03136,0.10279,0.10938,0.02781,0.04161,0.02505,0.02364,0.02391,0.02397,0.05322,0.02194,0.04387,0.04946
0.11892,0.03677,0.02895,0.03501,0.09168,0.04169,0.03766,0.02887,0.09015,0.11075,0.03479,0.04334,0.03162,0.03202,0.02664,0.03092,0.05194,0.03388,0.04534,0.04905
0.10842,0.05307,0.03077,0.03341,0.08901,0.05371,0.04622,0.03235,0.08104,0.09824,0.03437,0.03932,0.03424,0.03250,0.03453,0.03480,0.04665,0.02886,0.04438,0.04411
0.16318,0.03269,0.02929,0.03104,0.11800,0.04946,0.03572,0.02828,0.11621,0.14025,0.02389,0.02757,0.02219,0.02263,0.01881,0.02340,0.03336,0.02483,0.02838,0.03084
0.10211,0.04313,0.02879,0.03041,0.07898,0.05203,0.04390,0.03141,0.06715,0.08910,0.04057,0.04638,0.03510,0.03714,0.03170,0.03551,0.06153,0.03489,0.05000,0.06017
0.17669,0.04287,0.03277,0.03856,0.07620,0.06161,0.05099,0.03218,0.06641,0.16519,0.02197,0.02864,0.02238,0.02043,0.01942,0.02417,0.03471,0.02228,0.02984,0.03270
0.12889,0.02924,0.02284,0.02706,0.05025,0.03641,0.02947,0.02422,0.06731,0.11322,0.03606,0.05528,0.03383,0.02783,0.03413,0.03063,0.08893,0.02565,0.06955,0.06920
0.18974,0.03071,0.02608,0.03113,0.08544,0.04150,0.03219,0.02420,0.09153,0.17860,0.02321,0.02563,0.02670,0.02496,0.02398,0.03059,0.02940,0.02473,0.02932,0.03035
0.10642,0.04253,0.03313,0.03597,0.12894,0.05283,0.04196,0.03012,0.10386,0.11324,0.02648,0.03408,0.02576,0.02748,0.02130,0.02623,0.04354,0.02712,0.03780,0.04120
0.18300,0.03702,0.02770,0.03379,0.09222,0.04987,0.03548,0.02664,0.08546,0.17177,0.02257,0.02476,0.02288,0.02454,0.02113,0.02748,0.02962,0.02424,0.02635,0.03346
0.13283,0.04027,0.03159,0.04393,0.10878,0.04130,0.03732,0.02749,0.11427,0.12701,0.03027,0.03209,0.02221,0.02556,0.02968,0.02348,0.03998,0.02157,0.03178,0.03859
0.15183,0.03589,0.03178,0.03512,0.08985,0.04700,0.03812,0.03031,0.09414,0.14114,0.02577,0.03391,0.02945,0.02465,0.02511,0.02796,0.03920,0.02515,0.03601,0.03761
0.13712,0.04181,0.03286,0.04525,0.09260,0.05720,0.04643,0.03174,0.08270,0.13087,0.02449,0.03343,0.02551,0.02504,0.02714,0.02504,0.04006,0.02465,0.03529,0.04076
0.13798,0.04570,0.03440,0.03960,0.09869,0.04879,0.04488,0.03457,0.09649,0.13042,0.02816,0.03029,0.02765,0.02462,0.02180,0.02626,0.03386,0.02724,0.03235,0.03628
0.12557,0.03825,0.02791,0.03229,0.11444,0.04994,0.03863,0.02868,0.10990,0.11053,0.02487,0.04137,0.02839,0.02324,0.02149,0.02433,0.05307,0.02177,0.04328,0.04206
0.22632,0.02610,0.02613,0.03543,0.08950,0.04468,0.03336,0.02237,0.09007,0.21172,0.01672,0.01782,0.01818,0.01724,0.01996,0.02011,0.02221,0.01811,0.01989,0.02407
0.07496,0.07278,0.03675,0.04883,0.11727,0.05366,0.05434,0.03766,0.11997,0.05792,0.03109,0.04219,0.02795,0.02273,0.01871,0.02488,0.05018,0.02184,0.04759,0.03870
0.08737,0.04191,0.02706,0.03418,0.14887,0.05527,0.04433,0.02996,0.13901,0.07341,0.02947,0.03739,0.03106,0.02388,0.02253,0.02856,0.04366,0.02390,0.03951,0.03867
0.14332,0.03975,0.03464,0.04064,0.08681,0.04541,0.04086,0.03071,0.08211,0.13755,0.02893,0.03342,0.02599,0.02825,0.02557,0.03132,0.03756,0.03279,0.03327,0.04109
0.18273,0.04169,0.02249,0.02684,0.08186,0.04100,0.03689,0.02480,0.09045,0.17095,0.02252,0.03773,0.02004,0.01666,0.01218,0.01547,0.05370,0.01423,0.04772,0.04005
0.11444,0.03124,0.03102,0.03108,0.08223,0.03615,0.03243,0.03044,0.07950,0.11150,0.03685,0.04974,0.03840,0.03628,0.02939,0.03499,0.05668,0.03394,0.05321,0.05049
0.10008,0.04298,0.02895,0.03473,0.09875,0.04147,0.04197,0.02917,0.07349,0.09413,0.03355,0.05009,0.03504,0.03007,0.02747,0.03176,0.06770,0.02593,0.05839,0.05427
0.10381,0.05422,0.03410,0.04458,0.11253,0.09005,0.07225,0.03653,0.08910,0.08222,0.02708,0.02643,0.03012,0.02816,0.02581,0.02780,0.02940,0.02671,0.02777,0.03132
0.07002,0.07525,0.04058,0.05668,0.07199,0.05461,0.06081,0.04206,0.06486,0.07231,0.03397,0.04994,0.03027,0.02648,0.02576,0.02847,0.06123,0.02664,0.05325,0.05482
0.12456,0.03272,0.02584,0.02759,0.12166,0.04323,0.03640,0.02364,0.09328,0.11795,0.02949,0.04093,0.02495,0.02552,0.03053,0.02622,0.05740,0.02013,0.04678,0.05118
0.18698,0.02509,0.02073,0.02137,0.14344,0.04583,0.03082,0.01991,0.12211,0.17858,0.02011,0.01964,0.01971,0.01754,0.01901,0.02256,0.02352,0.01837,0.02175,0.02291
0.20198,0.03232,0.03253,0.03531,0.06755,0.06167,0.04541,0.02882,0.05710,0.20014,0.02151,0.02279,0.02217,0.02107,0.02110,0.02385,0.02855,0.02433,0.02410,0.02771
0.14593,0.04271,0.02861,0.03530,0.07898,0.04425,0.04095,0.02925,0.08445,0.13905,0.03083,0.03702,0.03003,0.02635,0.02205,0.02694,0.04891,0.02558,0.04339,0.03943
0.13261,0.03912,0.02451,0.02757,0.14581,0.03843,0.03229,0.02798,0.14970,0.10492,0.02524,0.03106,0.02652,0.02161,0.02326,0.02763,0.03480,0.02216,0.03059,0.03418
0.20397,0.04492,0.02403,0.03655,0.07108,0.04228,0.03767,0.02753,0.09385,0.16952,0.02192,0.02736,0.02200,0.02077,0.01758,0.02116,0.03317,0.02111,0.03039,0.03313
0.16492,0.02800,0.02631,0.02870,0.06387,0.04235,0.03027,0.02622,0.06265,0.15650,0.03193,0.04334,0.03335,0.03200,0.02450,0.03285,0.04784,0.03431,0.03923,0.05084
0.15447,0.03774,0.02422,0.02870,0.08138,0.04304,0.03676,0.02720,0.07963,0.14345,0.02763,0.03836,0.03203,0.02746,0.02999,0.03075,0.04602,0.02664,0.03926,0.04528
0.19001,0.03842,0.03222,0.03526,0.05242,0.04228,0.03960,0.03156,0.05173,0.17817,0.02793,0.03212,0.02772,0.02554,0.02410,0.02534,0.04601,0.02531,0.03446,0.03980
0.16265,0.04332,0.03221,0.03927,0.11397,0.06146,0.04416,0.03312,0.10951,0.13734,0.01934,0.02469,0.02044,0.01969,0.02246,0.02468,0.02435,0.02012,0.02203,0.02519
0.09020,0.04362,0.03068,0.03979,0.08789,0.04259,0.04187,0.03109,0.08656,0.07592,0.03704,0.05318,0.03386,0.02810,0.02400,0.02722,0.07743,0.02493,0.06289,0.06113
0.05881,0.02922,0.02440,0.02781,0.03672,0.02491,0.02623,0.02358,0.03648,0.05677,0.05065,0.09232,0.04887,0.03680,0.02988,0.03461,0.12788,0.03315,0.10834,0.09257
0.16205,0.03194,0.03330,0.04025,0.11405,0.04180,0.03502,0.03049,0.11709,0.14702,0.02193,0.02493,0.02273,0.02260,0.02434,0.02464,0.02644,0.02499,0.02416,0.03022
0.11421,0.03143,0.02563,0.02721,0.10656,0.04065,0.03821,0.02681,0.09451,0.11279,0.03117,0.04526,0.03074,0.02763,0.02144,0.03059,0.06311,0.02506,0.05601,0.05097
0.16871,0.04910,0.03819,0.04956,0.07378,0.06549,0.05066,0.03171,0.09130,0.13847,0.02026,0.02439,0.02185,0.02157,0.02230,0.02484,0.02914,0.02255,0.02811,0.02802
0.19147,0.02549,0.02170,0.02620,0.10008,0.03061,0.02512,0.02203,0.10554,0.18317,0.02360,0.03317,0.02408,0.02031,0.01716,0.01859,0.04013,0.01923,0.03519,0.03716
0.18988,0.03225,0.02443,0.02783,0.07388,0.04407,0.03449,0.02607,0.07725,0.18205,0.02495,0.02887,0.02662,0.02539,0.02644,0.02743,0.03862,0.02222,0.03130,0.03595
0.09215,0.05476,0.04075,0.04389,0.08499,0.05212,0.04917,0.03563,0.08318,0.08882,0.03510,0.03969,0.03398,0.03283,0.03273,0.03406,0.04552,0.03078,0.04502,0.04483
0.09561,0.07287,0.04674,0.05471,0.06527,0.05641,0.04570,0.03805,0.07435,0.08697,0.03197,0.03966,0.02972,0.02833,0.03763,0.03059,0.05271,0.02585,0.04140,0.04548
0.12759,0.03688,0.02982,0.03495,0.11354,0.04493,0.03738,0.02853,0.11166,0.10970,0.02556,0.04282,0.02721,0.02189,0.01821,0.02057,0.05618,0.02100,0.04700,0.04460
0.11285,0.05226,0.02666,0.04656,0.17083,0.10172,0.07941,0.03143,0.13285,0.07974,0.01561,0.01648,0.01607,0.01448,0.01394,0.01635,0.01983,0.01501,0.01792,0.01999
0.14556,0.04064,0.03486,0.03710,0.09050,0.04683,0.04523,0.03131,0.09359,0.13325,0.02555,0.03638,0.02505,0.02311,0.02048,0.02564,0.04568,0.02324,0.03760,0.03841
0.13951,0.04609,0.03496,0.04088,0.13641,0.04049,0.03724,0.03354,0.14234,0.12443,0.02027,0.02110,0.01881,0.02127,0.01961,0.02272,0.02741,0.02137,0.02292,0.02862
0.08722,0.04411,0.03613,0.04864,0.11235,0.05569,0.04749,0.03245,0.10426,0.07433,0.03414,0.03868,0.03139,0.03476,0.03502,0.03167,0.04216,0.02934,0.03660,0.04359
0.09940,0.04425,0.02747,0.03106,0.06561,0.03988,0.03930,0.02872,0.06603,0.09696,0.03897,0.05340,0.04026,0.03816,0.03141,0.04323,0.06156,0.03639,0.06005,0.05789
0.10907,0.03688,0.02558,0.03347,0.11351,0.05375,0.04498,0.03000,0.10342,0.09093,0.02843,0.04302,0.02954,0.02326,0.02409,0.02591,0.05954,0.02399,0.05171,0.04893
0.18330,0.02868,0.02022,0.02501,0.11729,0.03727,0.02965,0.02278,0.11632,0.16219,0.02387,0.02580,0.02458,0.02197,0.02443,0.02249,0.03257,0.02003,0.02852,0.03302
0.10824,0.03513,0.03120,0.03009,0.12448,0.04206,0.03747,0.02937,0.09302,0.11423,0.03246,0.04000,0.03350,0.02847,0.02448,0.02986,0.04995,0.02794,0.04466,0.04336
0.18889,0.03421,0.02940,0.03289,0.05529,0.04834,0.04172,0.02734,0.08941,0.15901,0.02829,0.03334,0.02558,0.02314,0.02131,0.02342,0.04255,0.02222,0.03386,0.03980
0.13156,0.05155,0.03584,0.04072,0.11900,0.06197,0.05382,0.03568,0.11490,0.11617,0.02225,0.02439,0.02320,0.02067,0.02365,0.02366,0.02736,0.02095,0.02535,0.02732
0.13843,0.04099,0.02353,0.03082,0.16182,0.03978,0.03351,0.02798,0.16333,0.10721,0.01993,0.02425,0.01968,0.02005,0.02238,0.02061,0.03052,0.01853,0.02651,0.03015
0.12539,0.05330,0.03465,0.04106,0.07345,0.04858,0.04343,0.03087,0.07593,0.11582,0.03509,0.02990,0.03439,0.03008,0.04312,0.03164,0.04428,0.02783,0.03498,0.04622
0.14824,0.03080,0.02671,0.02554,0.05511,0.03300,0.02936,0.02714,0.05824,0.14149,0.03628,0.05636,0.03529,0.02855,0.02299,0.02670,0.07165,0.02748,0.06087,0.05821
0.12423,0.02774,0.02148,0.02421,0.15154,0.04175,0.03326,0.02141,0.11826,0.13136,0.02465,0.03836,0.02227,0.01756,0.02142,0.01876,0.05769,0.01460,0.04478,0.04469
0.08577,0.03885,0.02761,0.03400,0.07707,0.03663,0.03416,0.02534,0.07639,0.07482,0.03812,0.06032,0.03492,0.03257,0.03617,0.02932,0.09066,0.02459,0.06829,0.07441
0.12567,0.03888,0.03254,0.03800,0.09644,0.04187,0.04201,0.03197,0.08464,0.12081,0.03230,0.03556,0.03666,0.03297,0.03290,0.03363,0.03854,0.02918,0.03526,0.04015
0.22962,0.03199,0.02352,0.03076,0.08750,0.04013,0.03415,0.02248,0.08494,0.22081,0.01748,0.02286,0.01671,0.01633,0.01245,0.01765,0.02624,0.01743,0.02242,0.02454
0.18043,0.03388,0.02643,0.03071,0.10128,0.04081,0.03710,0.02639,0.10619,0.15847,0.02486,0.02639,0.02231,0.02435,0.02421,0.02313,0.03326,0.02191,0.02520,0.03269
0.12785,0.03134,0.02989,0.03006,0.10474,0.04393,0.03830,0.02675,0.09684,0.12698,0.03073,0.03238,0.03305,0.03177,0.03092,0.03390,0.04240,0.02692,0.03913,0.04213
0.21961,0.02974,0.02509,0.02864,0.06848,0.02625,0.02540,0.02401,0.07452,0.20676,0.02640,0.03192,0.02238,0.02090,0.01772,0.02121,0.03835,0.01952,0.03492,0.03817
0.08403,0.03829,0.02683,0.03313,0.13472,0.04699,0.03739,0.02627,0.09370,0.09386,0.03332,0.05000,0.03330,0.02691,0.02333,0.02792,0.06039,0.02428,0.05490,0.05043
0.13936,0.03455,0.02988,0.03619,0.09537,0.04814,0.03535,0.03166,0.08889,0.12675,0.02694,0.03891,0.02857,0.02681,0.02409,0.02627,0.05220,0.02635,0.04099,0.04271
0.14128,0.03719,0.02976,0.03281,0.05346,0.03665,0.03512,0.02945,0.05563,0.13610,0.04414,0.03669,0.04320,0.04257,0.03338,0.04615,0.03808,0.04136,0.04137,0.04561
0.25268,0.03083,0.02174,0.02713,0.06219,0.04159,0.03223,0.02273,0.10442,0.20636,0.01858,0.01890,0.01947,0.02001,0.01781,0.01807,0.02140,0.01862,0.02163,0.02361
0.10017,0.04754,0.03590,0.04395,0.06176,0.05183,0.04749,0.03259,0.05984,0.09698,0.03940,0.04433,0.03743,0.03508,0.03159,0.03688,0.05608,0.03453,0.05031,0.05632
0.14100,0.03365,0.02825,0.03514,0.06773,0.04091,0.03515,0.02544,0.07033,0.13422,0.03102,0.04207,0.03472,0.03314,0.03654,0.03410,0.05446,0.02781,0.04097,0.05336
0.15308,0.05544,0.03113,0.03710,0.09262,0.04419,0.04746,0.02944,0.10139,0.14495,0.02300,0.03164,0.02127,0.02002,0.02160,0.02148,0.03838,0.02101,0.03212,0.03270
0.09348,0.06001,0.03868,0.04402,0.07094,0.05054,0.05358,0.03758,0.07330,0.08690,0.03631,0.04312,0.03197,0.02854,0.02809,0.03071,0.06097,0.02922,0.05170,0.05034
0.10013,0.04115,0.03108,0.03830,0.07482,0.05536,0.04326,0.03329,0.06608,0.08837,0.03399,0.05651,0.03493,0.03061,0.02391,0.02672,0.07423,0.03039,0.05768,0.05918
0.12244,0.02759,0.02429,0.02444,0.09393,0.03354,0.03153,0.02372,0.08469,0.11123,0.03187,0.05902,0.03496,0.03124,0.01971,0.02716,0.06761,0.03171,0.06044,0.05885
0.13345,0.03854,0.03030,0.03612,0.04566,0.04620,0.04218,0.02950,0.07133,0.11152,0.03573,0.04563,0.03170,0.03203,0.03737,0.03215,0.06480,0.02861,0.04945,0.05775
0.17790,0.03094,0.02470,0.02790,0.07026,0.04363,0.03347,0.02363,0.08970,0.15517,0.02692,0.03853,0.03151,0.02704,0.02569,0.02478,0.04497,0.02497,0.03774,0.04055
0.11883,0.05818,0.04319,0.04725,0.10368,0.08213,0.07376,0.04449,0.08793,0.08342,0.01982,0.02362,0.02672,0.02307,0.02248,0.03092,0.02668,0.02408,0.03577,0.02399
0.24064,0.02176,0.01687,0.01855,0.09306,0.02532,0.02320,0.01636,0.11837,0.21824,0.01809,0.02456,0.01822,0.01593,0.01345,0.01607,0.03184,0.01434,0.02906,0.02608
0.20025,0.03412,0.02518,0.03036,0.07679,0.05104,0.03984,0.02685,0.06930,0.19741,0.02468,0.02606,0.02006,0.02233,0.02550,0.02227,0.03179,0.02160,0.02599,0.02857
0.11517,0.05680,0.04029,0.05186,0.06192,0.05532,0.05116,0.03683,0.07001,0.10023,0.03277,0.04053,0.03376,0.03052,0.02781,0.03226,0.04619,0.02704,0.04298,0.04657
0.17526,0.04950,0.02782,0.03345,0.09909,0.04291,0.03872,0.02860,0.10537,0.16458,0.02065,0.02565,0.02131,0.01962,0.01815,0.02035,0.03195,0.01785,0.03040,0.02878
0.18245,0.03718,0.02835,0.03197,0.05916,0.03871,0.03406,0.02591,0.08816,0.15386,0.02759,0.03282,0.03141,0.02792,0.02838,0.03112,0.04139,0.02450,0.03437,0.04070
0.08342,0.03505,0.02678,0.02963,0.17808,0.04712,0.03960,0.02429,0.10948,0.09746,0.02812,0.03736,0.02948,0.02323,0.02586,0.02727,0.04897,0.02233,0.04230,0.04416
0.12656,0.03855,0.02983,0.03603,0.14282,0.05497,0.04334,0.02589,0.09991,0.12479,0.02187,0.03074,0.02292,0.02011,0.02528,0.02827,0.04157,0.01862,0.03171,0.03622
0.11843,0.04736,0.03522,0.04015,0.05269,0.04519,0.04323,0.03330,0.06494,0.10292,0.04070,0.04363,0.03752,0.04020,0.03538,0.04256,0.04622,0.03723,0.04212,0.05102
0.11812,0.04130,0.02891,0.03543,0.06967,0.04638,0.03922,0.03038,0.06874,0.11198,0.03336,0.05144,0.03539,0.03523,0.02488,0.03217,0.06101,0.03066,0.04831,0.05744
0.11797,0.02727,0.02058,0.02608,0.07557,0.04066,0.03356,0.02366,0.06274,0.11059,0.04333,0.04517,0.03739,0.04195,0.02745,0.05373,0.04894,0.05066,0.04661,0.06611
0.19217,0.03511,0.02781,0.03498,0.04696,0.03779,0.03088,0.02872,0.05754,0.18176,0.02968,0.02991,0.03126,0.02846,0.03389,0.03270,0.03788,0.02678,0.03636,0.03936
0.14922,0.03685,0.02564,0.03153,0.07058,0.04829,0.03658,0.02728,0.06553,0.14085,0.03295,0.03638,0.02853,0.03223,0.04158,0.03407,0.04989,0.02583,0.03720,0.04899
0.10182,0.02823,0.01903,0.02270,0.07311,0.03295,0.02879,0.01836,0.06885,0.09426,0.03939,0.06532,0.03625,0.03011,0.03341,0.03059,0.10184,0.02452,0.07451,0.07596
0.11075,0.03275,0.02688,0.03498,0.15137,0.03774,0.03352,0.02534,0.15278,0.08877,0.02480,0.02507,0.03218,0.02784,0.03182,0.03497,0.03057,0.03265,0.02712,0.03811
0.08552,0.04264,0.03231,0.03718,0.07465,0.04439,0.03821,0.03195,0.07191,0.07359,0.04382,0.05020,0.04014,0.03889,0.03401,0.04297,0.05927,0.04301,0.05709,0.05824
0.11332,0.05799,0.03320,0.04110,0.06928,0.07229,0.05726,0.03640,0.05203,0.10542,0.03090,0.04280,0.02762,0.02526,0.02261,0.02602,0.06045,0.02478,0.05227,0.04900
0.14541,0.05130,0.03325,0.04109,0.13190,0.05354,0.04070,0.03206,0.13393,0.13016,0.02191,0.01964,0.01986,0.01898,0.01838,0.02104,0.02250,0.01919,0.02153,0.02363
0.09325,0.03319,0.02205,0.02790,0.11319,0.02998,0.02977,0.02262,0.12117,0.07480,0.03542,0.05581,0.03499,0.03138,0.02992,0.03268,0.06687,0.02982,0.05349,0.06169
0.10053,0.03236,0.02572,0.02827,0.18435,0.04336,0.03620,0.02462,0.12596,0.12174,0.02405,0.02780,0.02553,0.02440,0.02351,0.02994,0.03194,0.02594,0.02885,0.03493
0.13748,0.03362,0.02495,0.02620,0.15787,0.04740,0.04033,0.02586,0.11906,0.14303,0.02131,0.02652,0.02138,0.01959,0.01874,0.02403,0.03386,0.01853,0.03009,0.03015
0.11544,0.04250,0.03815,0.03589,0.06224,0.04603,0.03958,0.03310,0.06237,0.10781,0.03705,0.04653,0.03657,0.03256,0.03515,0.03971,0.05554,0.03169,0.04742,0.05464
0.12108,0.05168,0.03918,0.04290,0.07464,0.05535,0.04569,0.03397,0.07169,0.12295,0.02939,0.03763,0.02953,0.02788,0.02916,0.03053,0.04555,0.02473,0.04434,0.04214
0.20337,0.04152,0.02806,0.03587,0.07087,0.04136,0.03457,0.02667,0.07407,0.19867,0.02212,0.02462,0.02194,0.02346,0.01998,0.02590,0.02703,0.02171,0.02432,0.03388
0.12308,0.04674,0.03495,0.03874,0.05137,0.04742,0.04345,0.03109,0.06595,0.10774,0.03434,0.05053,0.03310,0.02669,0.02656,0.02715,0.07088,0.02442,0.06118,0.05462
0.19874,0.03195,0.02461,0.02727,0.08674,0.04162,0.03606,0.02654,0.10095,0.17362,0.02010,0.02738,0.02419,0.02692,0.02124,0.02293,0.03129,0.02327,0.02753,0.02705
0.10688,0.04443,0.03109,0.03786,0.17447,0.04785,0.03621,0.03298,0.16849,0.07633,0.02094,0.02553,0.02544,0.02377,0.01848,0.02433,0.02820,0.02483,0.02372,0.02819
0.16851,0.03939,0.03370,0.03720,0.10046,0.03410,0.03432,0.03229,0.10650,0.15700,0.02398,0.02703,0.02356,0.02505,0.02209,0.02357,0.03101,0.02137,0.02736,0.03150
0.15148,0.03535,0.02634,0.02823,0.07844,0.03754,0.03569,0.02369,0.08166,0.13830,0.02952,0.04182,0.02875,0.02590,0.02349,0.02700,0.06185,0.02438,0.04924,0.05132
0.14466,0.04549,0.03113,0.03897,0.10739,0.05359,0.04522,0.03466,0.10577,0.13053,0.02676,0.02849,0.02523,0.02683,0.02317,0.02564,0.02780,0.02381,0.02504,0.02982
0.19930,0.03492,0.02957,0.03044,0.04038,0.04089,0.03664,0.02739,0.08360,0.15902,0.03056,0.03371,0.03032,0.02809,0.02026,0.03038,0.03912,0.02858,0.03687,0.03997
0.16869,0.04499,0.02692,0.03536,0.09968,0.05089,0.04368,0.02986,0.09919,0.14571,0.02275,0.02712,0.01965,0.02371,0.01494,0.02368,0.03196,0.02580,0.02936,0.03605
0.09459,0.05393,0.03023,0.04200,0.06796,0.04740,0.04430,0.03447,0.06563,0.08557,0.03824,0.04851,0.03711,0.03324,0.03287,0.03224,0.06745,0.03001,0.05526,0.05900
0.10464,0.04790,0.03683,0.04826,0.07522,0.05939,0.05076,0.03752,0.06416,0.09460,0.03045,0.03970,0.03318,0.02841,0.02930,0.03198,0.05823,0.03085,0.04715,0.05147
0.12803,0.03360,0.03385,0.03194,0.09115,0.05785,0.04273,0.02994,0.09150,0.12417,0.02568,0.04628,0.02490,0.01779,0.01535,0.01835,0.06644,0.01698,0.05664,0.04682
0.15791,0.04254,0.04203,0.04148,0.06332,0.05708,0.04677,0.04115,0.09153,0.13531,0.02347,0.02780,0.02709,0.02735,0.02400,0.02888,0.03177,0.02645,0.03128,0.03278
0.17548,0.04405,0.02757,0.03437,0.07591,0.07671,0.05375,0.03046,0.05401,0.17436,0.02367,0.03052,0.02031,0.02264,0.01585,0.02063,0.03538,0.02306,0.02821,0.03305
0.13975,0.04461,0.03644,0.03769,0.07915,0.04697,0.04145,0.03052,0.08149,0.12391,0.02887,0.03762,0.03089,0.02842,0.02708,0.02823,0.04609,0.02521,0.04023,0.04537
0.09284,0.04323,0.03494,0.04003,0.10265,0.05312,0.04384,0.02849,0.08596,0.09197,0.03556,0.04154,0.03504,0.03415,0.02654,0.04064,0.04280,0.03222,0.04761,0.04683
0.16207,0.04520,0.03343,0.03724,0.08510,0.04873,0.04484,0.03103,0.08589,0.15234,0.02795,0.02845,0.02516,0.02325,0.02562,0.02480,0.03261,0.02303,0.03089,0.03238
0.20235,0.03069,0.02312,0.02438,0.09904,0.04337,0.03354,0.02243,0.10971,0.18434,0.02051,0.02197,0.02022,0.01985,0.02321,0.02231,0.02883,0.01837,0.02333,0.02843
0.12367,0.03604,0.03154,0.03622,0.14332,0.04683,0.03689,0.02912,0.13796,0.09699,0.02468,0.03115,0.02558,0.02062,0.02346,0.02457,0.04086,0.02230,0.03238,0.03582
0.19469,0.02979,0.02252,0.02745,0.04449,0.03821,0.03313,0.02509,0.08042,0.15345,0.02846,0.04426,0.02764,0.02801,0.02120,0.02821,0.05211,0.03069,0.04253,0.04763
0.13548,0.04421,0.03082,0.04047,0.09690,0.05577,0.04344,0.02972,0.09212,0.12293,0.02509,0.03828,0.02478,0.01989,0.01864,0.02151,0.05308,0.02161,0.04256,0.04267
0.14088,0.06360,0.03700,0.04619,0.08435,0.05783,0.05723,0.03661,0.08002,0.13090,0.02884,0.02591,0.02543,0.02415,0.02137,0.02571,0.03029,0.02445,0.02757,0.03167
0.12199,0.03502,0.02610,0.03064,0.09890,0.04035,0.03751,0.02836,0.09727,0.10559,0.03075,0.05329,0.03100,0.02608,0.01548,0.02196,0.06530,0.02520,0.05918,0.05003
0.15675,0.05319,0.03122,0.04274,0.06145,0.05040,0.04069,0.03159,0.06676,0.14688,0.02801,0.03773,0.02726,0.02605,0.02587,0.02485,0.04398,0.02582,0.03896,0.03982
0.11649,0.04409,0.02528,0.04164,0.05408,0.03554,0.03655,0.02634,0.06669,0.09719,0.03695,0.05321,0.03467,0.03909,0.02537,0.04093,0.06963,0.03589,0.05335,0.06701
0.12936,0.02490,0.02047,0.02695,0.06592,0.03260,0.02845,0.02008,0.06173,0.12341,0.03931,0.04907,0.03273,0.03157,0.05064,0.03410,0.07862,0.02523,0.05559,0.06924
0.14212,0.04167,0.02513,0.02813,0.06706,0.04045,0.03970,0.02470,0.06955,0.13485,0.03287,0.05134,0.03149,0.02493,0.02071,0.02705,0.06485,0.02381,0.05650,0.05307
