0.00105,0.37737,0.32396,0.17187,0.02372,0.04637,0.05499,0.00066
0.45709,0.08699,0.01146,0.42597,0.00438,0.00544,0.00372,0.00494
0.00532,0.11122,0.40813,0.00236,0.14695,0.00262,0.21821,0.10518
0.00229,0.81140,0.02681,0.02240,0.12240,0.00733,0.00338,0.00400
0.01125,0.15447,0.01920,0.00690,0.11860,0.34700,0.01328,0.32930
0.31734,0.30935,0.01293,0.01464,0.01901,0.00778,0.31330,0.00566
0.05486,0.87341,0.00569,0.05321,0.00936,0.00086,0.00196,0.00065
0.40443,0.17392,0.00835,0.38363,0.02109,0.00347,0.00307,0.00204
0.00572,0.56703,0.04575,0.02773,0.00191,0.03628,0.31243,0.00314
0.00275,0.15249,0.39270,0.00355,0.15165,0.01549,0.21853,0.06285
0.04631,0.22814,0.08222,0.04065,0.54049,0.03082,0.00939,0.02198
0.45204,0.05923,0.01311,0.44777,0.01127,0.01213,0.00282,0.00162
0.00206,0.80998,0.03210,0.06100,0.02573,0.04751,0.00421,0.01739
0.02608,0.30653,0.32195,0.02113,0.06587,0.01575,0.17155,0.07115
0.35552,0.24773,0.00394,0.07658,0.00683,0.01522,0.28928,0.00491
0.37288,0.13277,0.02695,0.03757,0.00882,0.01965,0.39643,0.00493
0.02251,0.06818,0.00503,0.04014,0.84725,0.00122,0.00097,0.01470
0.02872,0.75143,0.02981,0.07479,0.02894,0.05781,0.02294,0.00557
0.05720,0.83420,0.00516,0.06952,0.02455,0.00043,0.00024,0.00870
0.45789,0.06749,0.00779,0.04613,0.01058,0.00522,0.39874,0.00616
0.05569,0.83912,0.00785,0.03824,0.05063,0.00308,0.00187,0.00351
0.04922,0.08656,0.02115,0.03480,0.78345,0.00622,0.00827,0.01034
0.01958,0.15889,0.00216,0.02834,0.74605,0.00950,0.00787,0.02762
0.42606,0.07240,0.02156,0.45679,0.00466,0.00688,0.00675,0.00489
0.32836,0.16038,0.19210,0.02100,0.00833,0.01093,0.27485,0.00406
0.00135,0.41439,0.34806,0.13066,0.02788,0.02277,0.05382,0.00107
0.02362,0.15030,0.06959,0.02735,0.07104,0.30013,0.03907,0.31891
0.06191,0.85438,0.00441,0.06723,0.00310,0.00171,0.00222,0.00502
0.00717,0.14959,0.00352,0.01406,0.01396,0.41563,0.00675,0.38930
0.00345,0.04642,0.00302,0.46765,0.01205,0.46263,0.00136,0.00343
0.00317,0.13782,0.41405,0.01739,0.04050,0.02394,0.00495,0.35818
0.02123,0.26106,0.00751,0.03328,0.00624,0.31652,0.01245,0.34171
0.02774,0.17795,0.36708,0.01749,0.09850,0.01789,0.19398,0.09938
0.00592,0.07567,0.08064,0.01829,0.00745,0.39806,0.02967,0.38431
0.05493,0.20127,0.02904,0.03774,0.65550,0.00511,0.00174,0.01466
0.00102,0.45180,0.33626,0.11440,0.01740,0.02308,0.05532,0.00074
0.12607,0.60987,0.04396,0.03905,0.02928,0.03922,0.09681,0.01575
0.00924,0.06918,0.43791,0.02770,0.01398,0.03680,0.00419,0.40099
0.04702,0.89089,0.00247,0.04753,0.00976,0.00029,0.00092,0.00113
0.00296,0.07992,0.00849,0.02432,0.00624,0.45695,0.00472,0.41640
0.00888,0.19972,0.36303,0.01465,0.16366,0.00424,0.16969,0.07614
0.02667,0.13889,0.40159,0.02154,0.00617,0.00451,0.00277,0.39787
0.03270,0.15751,0.37132,0.01538,0.06015,0.00334,0.01914,0.34045
0.01981,0.08778,0.38299,0.01726,0.13733,0.05554,0.22498,0.07432
0.01017,0.08012,0.00351,0.42374,0.04629,0.42666,0.00868,0.00083
0.38177,0.18971,0.02042,0.00407,0.01055,0.00271,0.38772,0.00305
0.15737,0.31407,0.22580,0.05605,0.01696,0.05282,0.16979,0.00715
0.03292,0.07218,0.00590,0.03588,0.84887,0.00140,0.00139,0.00147
0.00403,0.08617,0.37793,0.00905,0.17041,0.00378,0.23299,0.11564
0.00290,0.55328,0.05620,0.04513,0.00802,0.00205,0.33147,0.00096
0.00610,0.87076,0.01904,0.02256,0.07071,0.00722,0.00189,0.00171
0.05493,0.10907,0.07597,0.00663,0.01795,0.32038,0.09814,0.31693
0.07102,0.48538,0.07787,0.04788,0.00187,0.00453,0.29973,0.01173
0.00406,0.08623,0.42109,0.00145,0.15627,0.00250,0.22681,0.10160
0.01177,0.55788,0.15422,0.05214,0.09499,0.01411,0.00660,0.10830
0.03276,0.09521,0.00885,0.02331,0.83330,0.00304,0.00138,0.00215
0.04884,0.86614,0.00067,0.05117,0.03100,0.00090,0.00067,0.00061
0.00701,0.16987,0.40875,0.01224,0.00192,0.00258,0.00193,0.39570
0.39360,0.15015,0.04531,0.01658,0.01371,0.01385,0.35554,0.01126
0.44573,0.05341,0.02586,0.45443,0.00997,0.00198,0.00476,0.00386
0.00527,0.06861,0.00518,0.43464,0.04719,0.43294,0.00475,0.00141
0.07320,0.40955,0.08404,0.09833,0.00975,0.03228,0.28491,0.00794
0.02544,0.60551,0.05809,0.14740,0.01043,0.11855,0.00557,0.02901
0.06753,0.07834,0.19967,0.22105,0.09159,0.17693,0.13292,0.03197
0.39585,0.13281,0.02277,0.40857,0.01064,0.00851,0.01579,0.00507
0.00235,0.28715,0.02016,0.01321,0.01835,0.32151,0.00391,0.33337
0.45834,0.10199,0.02568,0.37718,0.01772,0.00383,0.01049,0.00476
0.01942,0.83258,0.01892,0.06443,0.02940,0.01720,0.00825,0.00980
0.01508,0.06877,0.33112,0.06456,0.10908,0.09838,0.20635,0.10666
0.00401,0.17805,0.02163,0.02348,0.06755,0.36114,0.00269,0.34145
0.02020,0.69650,0.02007,0.11981,0.00542,0.10854,0.01697,0.01251
0.34330,0.21048,0.01747,0.04276,0.07367,0.04889,0.25742,0.00602
0.06592,0.20582,0.01829,0.04043,0.65706,0.00286,0.00298,0.00664
0.01991,0.17962,0.39339,0.01261,0.09772,0.00773,0.21018,0.07884
0.00167,0.04377,0.46532,0.00241,0.12417,0.00462,0.22867,0.12937
0.00287,0.36867,0.27199,0.17577,0.05296,0.08961,0.02884,0.00928
0.00046,0.12949,0.39120,0.00185,0.17303,0.00414,0.20027,0.09956
0.05243,0.25149,0.25802,0.05791,0.11202,0.02274,0.17524,0.07015
0.00207,0.13803,0.16186,0.01113,0.01813,0.31913,0.01393,0.33572
0.01373,0.91149,0.01981,0.02697,0.00351,0.00513,0.00953,0.00984
0.02822,0.05644,0.00366,0.03578,0.85960,0.00601,0.00466,0.00562
0.01501,0.09021,0.40080,0.02119,0.00457,0.01282,0.00863,0.44676
0.00189,0.15487,0.39219,0.00501,0.12581,0.00744,0.22266,0.09013
0.02282,0.40140,0.05138,0.24714,0.03001,0.15876,0.04084,0.04767
0.02938,0.15650,0.02669,0.04152,0.07418,0.33343,0.00883,0.32948
0.02840,0.24859,0.02941,0.34847,0.05429,0.25541,0.00938,0.02604
0.03447,0.06814,0.00352,0.01162,0.86493,0.01259,0.00187,0.00285
0.01611,0.05389,0.44800,0.01117,0.00964,0.01389,0.00391,0.44339
0.42839,0.14621,0.01454,0.39815,0.00525,0.00280,0.00097,0.00369
0.40747,0.12166,0.00902,0.00526,0.02653,0.00236,0.42398,0.00373
0.03189,0.47298,0.06565,0.04723,0.00196,0.00126,0.37639,0.00264
0.01191,0.92322,0.03014,0.00396,0.00239,0.00415,0.01975,0.00449
0.03653,0.10750,0.00931,0.03189,0.75164,0.03932,0.00502,0.01881
0.33676,0.21068,0.01748,0.34259,0.06369,0.02215,0.00131,0.00535
0.01041,0.92838,0.02828,0.00911,0.00641,0.00425,0.01030,0.00285
0.43535,0.06166,0.04211,0.03538,0.00966,0.01622,0.38168,0.01792
0.02268,0.14901,0.09526,0.03471,0.05312,0.26775,0.02541,0.35205
0.42954,0.10425,0.01063,0.06378,0.02031,0.03307,0.33397,0.00444
0.00981,0.11388,0.05744,0.02454,0.01690,0.36647,0.01654,0.39443
0.39027,0.17131,0.00564,0.00476,0.01332,0.00507,0.40594,0.00368
0.02909,0.07726,0.01633,0.01672,0.00703,0.41791,0.03248,0.40319
0.45192,0.06702,0.01433,0.00388,0.00357,0.02619,0.42573,0.00737
0.00692,0.07731,0.41530,0.00463,0.14312,0.00577,0.22377,0.12318
0.40772,0.12507,0.00566,0.41274,0.02497,0.01113,0.00461,0.00810
0.00399,0.10658,0.41635,0.00867,0.13758,0.03028,0.20831,0.08825
0.00476,0.13943,0.42111,0.03777,0.00521,0.00178,0.00426,0.38568
0.38113,0.14527,0.03236,0.03665,0.01775,0.00765,0.37306,0.00612
0.02281,0.87765,0.04414,0.02066,0.00501,0.01667,0.00255,0.01051
0.04665,0.49046,0.06600,0.06016,0.01791,0.00903,0.30846,0.00132
0.01016,0.15539,0.40586,0.01342,0.00347,0.00922,0.01601,0.38646
0.06459,0.09667,0.06566,0.36730,0.01737,0.29670,0.07010,0.02161
0.00647,0.10938,0.41087,0.04716,0.00278,0.03678,0.00959,0.37698
0.06272,0.79313,0.04458,0.04262,0.03769,0.00377,0.00158,0.01390
0.07556,0.19277,0.03753,0.04311,0.59639,0.01477,0.02198,0.01788
0.02316,0.07348,0.00505,0.02996,0.85928,0.00442,0.00101,0.00365
0.00533,0.46295,0.32073,0.09333,0.02056,0.01672,0.07933,0.00106
0.44918,0.08952,0.01370,0.01770,0.02145,0.00561,0.39898,0.00385
0.00046,0.90808,0.03694,0.01976,0.02318,0.00465,0.00503,0.00191
0.00159,0.06245,0.00097,0.46101,0.01050,0.46020,0.00221,0.00108
0.02985,0.82836,0.02040,0.04762,0.01727,0.02270,0.02562,0.00817
0.44437,0.13124,0.00325,0.00791,0.01474,0.00589,0.39036,0.00226
0.00565,0.48627,0.28196,0.13575,0.01347,0.03823,0.03728,0.00139
0.00408,0.09177,0.44677,0.00050,0.12235,0.00305,0.25619,0.07528
0.00173,0.94337,0.02091,0.00321,0.00317,0.00127,0.02414,0.00220
0.01079,0.88098,0.02510,0.04175,0.01064,0.01765,0.00207,0.01101
0.01645,0.15465,0.24321,0.00943,0.32969,0.01126,0.00274,0.23256
0.01053,0.47497,0.07711,0.07603,0.00644,0.02866,0.32224,0.00402
0.00456,0.28248,0.06889,0.00769,0.39906,0.08130,0.01464,0.14140
0.00622,0.94745,0.02183,0.00657,0.00340,0.00122,0.01159,0.00172
0.04340,0.86191,0.01710,0.05635,0.00955,0.00285,0.00258,0.00626
0.00698,0.41799,0.34818,0.03504,0.10650,0.01151,0.07274,0.00107
0.01559,0.89793,0.04295,0.00623,0.00183,0.00185,0.02904,0.00458
0.01216,0.09010,0.01151,0.00605,0.01482,0.43123,0.01653,0.41760
0.01204,0.18350,0.37961,0.02100,0.01060,0.01054,0.01456,0.36816
0.37642,0.11944,0.04276,0.14707,0.02859,0.03633,0.22119,0.02820
0.02540,0.83682,0.01444,0.01069,0.08832,0.00669,0.00777,0.00986
0.00670,0.88787,0.04392,0.04441,0.00495,0.00398,0.00150,0.00667
0.02138,0.40982,0.22487,0.03580,0.07668,0.02864,0.14279,0.06001
0.04424,0.82651,0.00911,0.04895,0.05781,0.00468,0.00652,0.00218
0.00287,0.86366,0.02404,0.05556,0.00430,0.02941,0.00303,0.01714
0.01158,0.07833,0.01547,0.02221,0.04766,0.40198,0.01180,0.41097
0.03178,0.07862,0.02713,0.03399,0.74301,0.04115,0.00523,0.03910
0.00560,0.09116,0.00256,0.43384,0.00408,0.45956,0.00154,0.00167
0.03216,0.15635,0.42359,0.01569,0.01290,0.00289,0.00646,0.34994
0.36682,0.20999,0.00464,0.01332,0.00910,0.01518,0.37135,0.00960
0.00467,0.19110,0.02960,0.01716,0.01405,0.37520,0.00120,0.36702
0.00206,0.90367,0.01950,0.03756,0.00438,0.01682,0.00250,0.01350
0.00551,0.89287,0.01157,0.01275,0.05337,0.01019,0.00713,0.00662
0.00216,0.88973,0.01722,0.03905,0.00733,0.02976,0.00204,0.01270
0.03539,0.08873,0.02148,0.05156,0.79448,0.00365,0.00411,0.00060
0.02548,0.72267,0.01952,0.04230,0.16188,0.00970,0.00891,0.00953
0.23132,0.47173,0.01700,0.05446,0.03114,0.00202,0.18775,0.00458
0.03616,0.09526,0.30997,0.04727,0.16716,0.00682,0.00796,0.32940
0.01710,0.16297,0.00742,0.01014,0.00417,0.40869,0.00717,0.38234
0.05190,0.43821,0.11625,0.05522,0.03328,0.01453,0.28438,0.00623
0.02705,0.92294,0.00162,0.03686,0.00916,0.00093,0.00057,0.00088
0.03974,0.12227,0.07713,0.01846,0.00376,0.36362,0.02882,0.34621
0.42275,0.16508,0.00578,0.00957,0.02499,0.00534,0.36585,0.00064
0.03298,0.09923,0.02017,0.00406,0.00908,0.39264,0.03442,0.40742
0.00826,0.48997,0.06138,0.03807,0.00262,0.01165,0.38609,0.00197
0.02353,0.90461,0.02037,0.02340,0.00496,0.00242,0.01760,0.00310
0.42569,0.06338,0.01414,0.43088,0.01873,0.01321,0.00267,0.03131
0.00117,0.39562,0.35500,0.13058,0.02884,0.02423,0.06364,0.00092
0.05964,0.84042,0.02115,0.04806,0.02342,0.00165,0.00085,0.00480
0.01310,0.92807,0.02002,0.00491,0.00512,0.00233,0.02148,0.00497
0.00562,0.05031,0.02968,0.43211,0.01157,0.42623,0.03775,0.00673
0.00684,0.13169,0.00794,0.03478,0.79975,0.00258,0.01241,0.00401
0.39638,0.08025,0.11489,0.09007,0.01462,0.02910,0.26334,0.01135
0.00654,0.22391,0.34761,0.01066,0.09045,0.00737,0.21071,0.10274
0.02306,0.12657,0.00446,0.04117,0.78219,0.01568,0.00411,0.00276
0.09012,0.34920,0.29901,0.07988,0.03742,0.06914,0.06927,0.00596
0.38631,0.16772,0.05169,0.01934,0.02327,0.00607,0.34167,0.00392
0.00349,0.12145,0.02466,0.00833,0.00612,0.39012,0.05799,0.38784
0.04022,0.73386,0.05197,0.02881,0.01977,0.05597,0.04010,0.02929
0.03979,0.88757,0.00253,0.04042,0.02102,0.00373,0.00307,0.00188
0.34383,0.08600,0.05974,0.01976,0.02458,0.03747,0.39458,0.03404
0.01969,0.49157,0.23997,0.07652,0.07345,0.05110,0.04655,0.00115
0.00421,0.51331,0.05679,0.05651,0.00724,0.00187,0.35921,0.00087
0.01524,0.24867,0.04336,0.34142,0.01383,0.30858,0.01580,0.01310
0.03137,0.11888,0.01517,0.01322,0.80540,0.00868,0.00235,0.00493
0.02082,0.59534,0.02535,0.16495,0.03373,0.14288,0.00232,0.01460
0.09062,0.48083,0.12889,0.11994,0.07681,0.01179,0.02895,0.06216
0.01972,0.13194,0.20556,0.02395,0.04816,0.20073,0.05704,0.31290
0.00544,0.11939,0.01703,0.39476,0.04073,0.40975,0.00539,0.00752
0.04132,0.10305,0.00333,0.02338,0.80942,0.01285,0.00213,0.00453
0.42565,0.10265,0.01581,0.00395,0.01078,0.01123,0.42293,0.00701
0.28874,0.15371,0.14404,0.00492,0.01686,0.01783,0.35415,0.01977
0.01889,0.87296,0.02440,0.01747,0.00496,0.00428,0.05081,0.00625
0.07002,0.75950,0.01131,0.09397,0.05091,0.00885,0.00303,0.00241
0.00525,0.88666,0.02788,0.01469,0.04110,0.01106,0.00692,0.00645
0.00636,0.12152,0.34924,0.00405,0.14163,0.01227,0.27887,0.08607
0.43474,0.05997,0.01680,0.44005,0.02910,0.00768,0.00340,0.00827
0.00450,0.92302,0.01729,0.03291,0.00287,0.01178,0.00044,0.00719
0.44027,0.07698,0.02534,0.24783,0.01714,0.00799,0.17746,0.00700
0.04086,0.07011,0.02009,0.41517,0.02774,0.40167,0.01848,0.00587
0.00475,0.17916,0.05665,0.03680,0.03134,0.31622,0.01743,0.35765
0.00371,0.08698,0.00969,0.00839,0.01505,0.43340,0.00429,0.43848
0.04339,0.12197,0.01849,0.06064,0.71419,0.02248,0.00493,0.01390
0.41746,0.14598,0.01786,0.37275,0.00632,0.01574,0.01382,0.01008
0.00639,0.34268,0.32447,0.14466,0.04124,0.05731,0.08033,0.00292
0.01398,0.91127,0.02628,0.02667,0.00529,0.00419,0.00885,0.00347
0.06550,0.15283,0.04096,0.35032,0.02448,0.28636,0.06238,0.01717
0.45659,0.03256,0.03011,0.43745,0.00696,0.00642,0.01153,0.01838
0.01069,0.46107,0.05649,0.05760,0.00876,0.01984,0.38431,0.00125
0.24775,0.17018,0.07476,0.08615,0.02483,0.07084,0.28207,0.04342
0.00151,0.18362,0.02606,0.01029,0.07103,0.38037,0.00400,0.32312
0.02633,0.10263,0.03763,0.02795,0.77140,0.00980,0.00828,0.01598
0.00247,0.90526,0.01681,0.02883,0.01717,0.01989,0.00133,0.00824
0.04022,0.52252,0.18632,0.01307,0.06393,0.01925,0.12300,0.03169
0.00552,0.10051,0.03565,0.42008,0.00723,0.41669,0.00584,0.00849
0.37668,0.17954,0.02759,0.01344,0.03409,0.01038,0.34936,0.00892
0.03680,0.60028,0.00388,0.02647,0.11081,0.11303,0.00593,0.10280
0.01723,0.94113,0.02014,0.00178,0.00574,0.00189,0.01023,0.00185
0.40088,0.12339,0.01204,0.43203,0.00286,0.00252,0.02318,0.00310
0.00401,0.25340,0.32465,0.01859,0.09638,0.03980,0.16858,0.09459
0.01411,0.81564,0.02067,0.02489,0.10823,0.00596,0.00627,0.00423
0.02463,0.92680,0.00090,0.03578,0.00800,0.00191,0.00148,0.00052
0.02626,0.89467,0.01487,0.02688,0.00842,0.00387,0.02344,0.00158
0.42627,0.04856,0.01751,0.03312,0.02599,0.04257,0.39705,0.00893
0.00381,0.11149,0.00702,0.40618,0.03113,0.42545,0.00854,0.00638
0.00394,0.95371,0.01357,0.00939,0.00239,0.00230,0.01054,0.00417
0.00839,0.15045,0.09472,0.01778,0.46457,0.12605,0.01075,0.12730
0.00242,0.40404,0.35760,0.12986,0.01410,0.03974,0.05164,0.00059
0.00566,0.19323,0.37363,0.00769,0.10930,0.00620,0.19389,0.11039
0.02479,0.62551,0.05697,0.05560,0.00123,0.00310,0.23048,0.00232
0.45487,0.03944,0.02243,0.02842,0.00959,0.01990,0.41461,0.01073
0.05137,0.78227,0.02594,0.05629,0.01572,0.01207,0.05384,0.00250
0.00471,0.55735,0.08049,0.04626,0.01097,0.00288,0.29574,0.00160
0.43309,0.08032,0.01631,0.45545,0.00702,0.00703,0.00043,0.00035
0.01001,0.92776,0.02303,0.00685,0.00864,0.00339,0.01617,0.00414
0.01607,0.85046,0.03530,0.03254,0.04554,0.00677,0.00753,0.00578
0.00566,0.54026,0.30305,0.08067,0.01164,0.01573,0.03953,0.00346
0.00778,0.14823,0.17220,0.01803,0.01908,0.25276,0.01143,0.37049
0.27970,0.34565,0.00893,0.33799,0.00497,0.00785,0.00858,0.00633
0.00553,0.57643,0.17458,0.06620,0.08830,0.04846,0.03772,0.00278
0.01571,0.09284,0.43423,0.00975,0.00849,0.01327,0.00405,0.42166
0.01383,0.10679,0.01342,0.02836,0.01352,0.42468,0.00123,0.39816
0.01154,0.49528,0.05385,0.06972,0.00529,0.00406,0.35819,0.00207
0.32219,0.27894,0.00677,0.02294,0.04938,0.00727,0.30806,0.00444
0.21515,0.48701,0.04742,0.19504,0.02553,0.00783,0.00619,0.01583
0.00231,0.11128,0.41163,0.00272,0.16115,0.00407,0.21487,0.09197
0.00904,0.11962,0.03086,0.39599,0.01205,0.42012,0.00677,0.00555
0.02658,0.11993,0.01451,0.00927,0.01656,0.41213,0.02074,0.38029
0.03472,0.09161,0.01099,0.03872,0.81834,0.00232,0.00226,0.00103
0.01069,0.05395,0.42722,0.02448,0.02799,0.02428,0.00897,0.42242
0.42960,0.10732,0.01667,0.39084,0.04746,0.00057,0.00600,0.00154
0.02978,0.62002,0.13193,0.06241,0.04907,0.01285,0.00888,0.08505
0.01195,0.67127,0.08013,0.03389,0.00807,0.03549,0.13961,0.01958
0.04095,0.11923,0.26875,0.12147,0.09154,0.10708,0.16047,0.09051
0.00652,0.18597,0.01310,0.36567,0.00330,0.39046,0.02805,0.00692
0.03404,0.90057,0.03998,0.01232,0.00231,0.00190,0.00137,0.00751
0.02843,0.14494,0.01760,0.01919,0.02220,0.36507,0.02167,0.38091
0.00991,0.16103,0.02287,0.03782,0.70104,0.05903,0.00466,0.00363
0.01243,0.24761,0.00713,0.01869,0.00506,0.36214,0.03023,0.31670
0.00407,0.12396,0.38920,0.00258,0.13678,0.00798,0.25019,0.08524
0.00374,0.10529,0.00215,0.42780,0.04836,0.40772,0.00182,0.00312
0.01010,0.10311,0.42424,0.01406,0.00592,0.02590,0.00645,0.41023
0.04155,0.69797,0.04474,0.05457,0.01881,0.00859,0.11870,0.01507
0.05332,0.11595,0.00996,0.03265,0.78341,0.00312,0.00060,0.00099
0.00234,0.16210,0.00202,0.40053,0.00080,0.42953,0.00183,0.00086
0.00320,0.04121,0.45356,0.00178,0.16457,0.00109,0.21579,0.11879
0.01842,0.49951,0.06271,0.06177,0.00761,0.00226,0.34711,0.00061
0.01722,0.87808,0.04176,0.00960,0.02143,0.00758,0.00159,0.02275
0.01680,0.11975,0.01341,0.03174,0.24241,0.29624,0.00271,0.27695
0.00626,0.19894,0.01646,0.00889,0.02044,0.37046,0.00456,0.37399
0.43932,0.12597,0.02214,0.01320,0.01554,0.01496,0.36357,0.00531
0.45865,0.13990,0.01618,0.04234,0.01606,0.00486,0.31063,0.01140
0.00483,0.16181,0.38541,0.01742,0.00956,0.02653,0.03019,0.36425
0.00238,0.92216,0.01448,0.03978,0.00454,0.00896,0.00314,0.00456
0.05342,0.36869,0.05333,0.06941,0.40601,0.00453,0.01124,0.03336
0.45685,0.02448,0.01480,0.46691,0.02006,0.00839,0.00105,0.00746
0.00279,0.12291,0.01025,0.01213,0.00810,0.41640,0.02045,0.40696
0.01501,0.07103,0.02669,0.01754,0.00973,0.43213,0.00938,0.41849
0.09612,0.48984,0.02213,0.04498,0.20623,0.03848,0.06387,0.03835
0.00154,0.17093,0.39779,0.00447,0.13350,0.00398,0.19942,0.08836
0.01464,0.05923,0.00221,0.43574,0.02254,0.45112,0.00773,0.00679
0.45896,0.07062,0.00207,0.42640,0.02925,0.00911,0.00179,0.00180
0.05114,0.57896,0.07416,0.04216,0.00337,0.00389,0.24206,0.00426
0.45981,0.08741,0.02745,0.24685,0.00709,0.00559,0.15839,0.00741
0.00811,0.19153,0.02210,0.00283,0.00553,0.41187,0.00739,0.35065
0.04865,0.87239,0.00460,0.04925,0.01890,0.00332,0.00137,0.00152
0.08705,0.76461,0.01480,0.09572,0.01552,0.01424,0.00458,0.00348
0.00427,0.87804,0.01422,0.01893,0.07124,0.00511,0.00187,0.00631
0.00149,0.43357,0.34060,0.09979,0.03379,0.02900,0.06006,0.00170
0.02311,0.88827,0.03119,0.00906,0.01109,0.00542,0.02508,0.00679
0.10018,0.36730,0.13556,0.08145,0.00984,0.01457,0.26704,0.02407
0.02499,0.32446,0.02972,0.34103,0.03777,0.23803,0.00158,0.00240
0.32660,0.33559,0.00460,0.27467,0.00615,0.00432,0.03267,0.01540
0.00395,0.16961,0.03019,0.03316,0.01120,0.36655,0.03557,0.34977
0.01872,0.15956,0.00304,0.02973,0.78447,0.00242,0.00108,0.00098
0.00248,0.05140,0.43864,0.00334,0.11876,0.02484,0.24714,0.11340
0.43009,0.09904,0.03965,0.40349,0.00806,0.01283,0.00450,0.00234
0.02117,0.91134,0.02376,0.02096,0.00384,0.00283,0.01180,0.00429
0.00616,0.84132,0.04111,0.03085,0.05817,0.00986,0.00891,0.00363
0.03735,0.78134,0.04311,0.04180,0.05699,0.00537,0.00433,0.02971
0.02919,0.45178,0.25937,0.08306,0.04601,0.04367,0.08426,0.00265
0.01104,0.86215,0.02855,0.03751,0.04127,0.00931,0.00702,0.00314
0.00763,0.14005,0.37484,0.02051,0.15986,0.03542,0.18776,0.07393
0.02129,0.08393,0.04189,0.03188,0.00787,0.39754,0.01144,0.40417
0.00354,0.92143,0.01911,0.03083,0.00192,0.01590,0.00172,0.00555
