0.01894,0.01184,0.04625,0.03420,0.05074,0.01102,0.04604,0.01207,0.01583,0.34845,0.05142,0.02992,0.15295,0.01527,0.05472,0.01516,0.01081,0.01217,0.00805,0.05416
0.01388,0.01516,0.05040,0.05756,0.01078,0.02531,0.15388,0.01039,0.01195,0.21006,0.06556,0.19120,0.04347,0.01589,0.05556,0.01712,0.01294,0.01530,0.01575,0.00783
0.01932,0.09971,0.09456,0.11688,0.07065,0.01743,0.08527,0.01115,0.04708,0.12401,0.02278,0.05011,0.05922,0.01120,0.07135,0.01912,0.01289,0.01298,0.01135,0.04295
0.01345,0.01286,0.20588,0.01525,0.01467,0.01321,0.08610,0.00844,0.01083,0.13058,0.06544,0.09279,0.16223,0.00774,0.10796,0.01167,0.00954,0.00769,0.00735,0.01630
0.03276,0.02138,0.03853,0.03210,0.01758,0.02211,0.06078,0.15111,0.06308,0.03764,0.02476,0.03486,0.07958,0.07894,0.22934,0.01469,0.01370,0.01866,0.01412,0.01428
0.01795,0.00990,0.02668,0.02007,0.23496,0.01022,0.06339,0.01422,0.01277,0.11927,0.02269,0.06784,0.12656,0.02143,0.11011,0.01289,0.01070,0.01035,0.00865,0.07932
0.01193,0.01081,0.06815,0.07328,0.02726,0.00857,0.06171,0.00955,0.00947,0.36085,0.03653,0.02531,0.10774,0.01607,0.11219,0.00990,0.00685,0.00765,0.00812,0.02806
0.01950,0.01953,0.21815,0.08733,0.01533,0.02061,0.10888,0.01974,0.02349,0.09182,0.04907,0.03732,0.07252,0.02571,0.11057,0.01682,0.01553,0.01771,0.01548,0.01488
0.04549,0.02451,0.04033,0.06134,0.01403,0.03275,0.08799,0.02285,0.04069,0.15989,0.09501,0.07636,0.04806,0.02584,0.03965,0.02224,0.06703,0.06117,0.02328,0.01149
0.01062,0.01415,0.14330,0.11952,0.01183,0.03700,0.14973,0.01398,0.01500,0.09644,0.20275,0.04487,0.02855,0.01672,0.03390,0.00963,0.00935,0.01431,0.01627,0.01208
0.02865,0.03007,0.08215,0.02903,0.03538,0.01544,0.08690,0.11446,0.02685,0.08858,0.03228,0.05830,0.11017,0.08516,0.09024,0.01728,0.01659,0.01589,0.01187,0.02470
0.01796,0.02747,0.09754,0.04245,0.01332,0.01350,0.13453,0.01172,0.01779,0.06691,0.02893,0.04151,0.14726,0.01398,0.26890,0.01178,0.01141,0.01326,0.00946,0.01033
0.01581,0.02131,0.02087,0.01878,0.05067,0.01687,0.04117,0.01272,0.01840,0.52586,0.01635,0.05623,0.03696,0.01447,0.03236,0.01181,0.01127,0.01259,0.00874,0.05675
0.01644,0.01060,0.02235,0.02510,0.03062,0.01925,0.13479,0.02314,0.01883,0.15983,0.03573,0.26057,0.07002,0.02089,0.07915,0.01180,0.01270,0.01216,0.01474,0.02127
0.00729,0.01262,0.33513,0.02537,0.01236,0.00860,0.10326,0.00607,0.00728,0.17111,0.05094,0.08495,0.07676,0.00584,0.05084,0.00766,0.00719,0.00685,0.00512,0.01474
0.01987,0.05078,0.03637,0.02776,0.02901,0.01510,0.21983,0.01587,0.01743,0.21239,0.01866,0.18284,0.02834,0.01480,0.02816,0.02123,0.01483,0.01383,0.01179,0.02110
0.00958,0.01932,0.06255,0.01805,0.16488,0.01118,0.11994,0.00916,0.01439,0.17031,0.02544,0.05426,0.03791,0.00639,0.04655,0.01040,0.00774,0.00747,0.00499,0.19949
0.01004,0.01241,0.03466,0.02508,0.01365,0.01815,0.17114,0.00922,0.00984,0.30488,0.02742,0.25553,0.01582,0.00806,0.01435,0.02948,0.01048,0.01020,0.00701,0.01259
0.01273,0.05611,0.11748,0.06115,0.01898,0.01394,0.28196,0.01195,0.01323,0.05988,0.02167,0.14604,0.05470,0.01376,0.05170,0.01239,0.01023,0.01369,0.01004,0.01839
0.02060,0.01897,0.02661,0.02574,0.02061,0.01556,0.10233,0.01364,0.01177,0.37351,0.02099,0.08312,0.10227,0.01133,0.04476,0.03249,0.02049,0.01671,0.01200,0.02653
0.01266,0.01804,0.02697,0.01674,0.08376,0.01000,0.13122,0.01597,0.00862,0.24242,0.01271,0.21141,0.07183,0.01505,0.03955,0.01474,0.00877,0.01116,0.00567,0.04270
0.01146,0.01232,0.10815,0.06881,0.00957,0.01296,0.15781,0.01696,0.00963,0.28051,0.08850,0.09887,0.02686,0.01981,0.02486,0.01244,0.00851,0.01091,0.01098,0.01007
0.01476,0.01595,0.04606,0.04268,0.03067,0.01734,0.12161,0.01674,0.01595,0.19783,0.03143,0.06636,0.14761,0.01512,0.15022,0.01056,0.00967,0.00877,0.01130,0.02938
0.01709,0.01751,0.04013,0.05042,0.02567,0.02329,0.29693,0.02498,0.03476,0.20115,0.03075,0.05399,0.03802,0.01474,0.04898,0.01939,0.01694,0.01537,0.01114,0.01874
0.00917,0.01282,0.08924,0.09605,0.01349,0.01355,0.20462,0.00803,0.01243,0.24444,0.12362,0.04537,0.03348,0.00877,0.03294,0.01085,0.00711,0.01319,0.00706,0.01375
0.01271,0.00767,0.06483,0.08276,0.07170,0.01144,0.06559,0.01265,0.01684,0.14599,0.10037,0.03048,0.09667,0.02954,0.16221,0.01218,0.01090,0.00916,0.01501,0.04130
0.01223,0.01650,0.05670,0.08301,0.02918,0.02120,0.25024,0.00693,0.01525,0.05553,0.16893,0.08187,0.06575,0.00699,0.04670,0.01718,0.01451,0.01390,0.01043,0.02698
0.01582,0.01402,0.02329,0.03763,0.01652,0.02637,0.07595,0.01355,0.43354,0.05140,0.04830,0.06149,0.03859,0.01141,0.06405,0.01226,0.01581,0.01330,0.01291,0.01378
0.01975,0.03607,0.07712,0.02469,0.02802,0.02591,0.11380,0.02258,0.03913,0.24842,0.03621,0.06219,0.07902,0.01082,0.07604,0.01959,0.01837,0.01720,0.00929,0.03578
0.01777,0.02903,0.06450,0.05648,0.01389,0.01954,0.08122,0.02241,0.01352,0.21084,0.04062,0.11486,0.07648,0.03522,0.11926,0.02131,0.01252,0.01457,0.02168,0.01429
0.01959,0.02502,0.02600,0.10007,0.05095,0.02269,0.27332,0.01485,0.02413,0.05024,0.02853,0.03838,0.11971,0.01690,0.05301,0.02286,0.01824,0.02922,0.00842,0.05785
0.02222,0.05665,0.03455,0.11217,0.01711,0.01380,0.08373,0.07170,0.12429,0.11473,0.01523,0.03256,0.03722,0.04369,0.16235,0.01080,0.01253,0.01068,0.01218,0.01181
0.02281,0.01255,0.02101,0.03279,0.02513,0.02018,0.41691,0.01241,0.01837,0.15221,0.03236,0.07192,0.02501,0.01355,0.02002,0.02588,0.01862,0.02056,0.01175,0.02597
0.02995,0.15280,0.09330,0.03885,0.02718,0.03273,0.11694,0.01389,0.11433,0.08324,0.02325,0.06826,0.03537,0.01036,0.04935,0.01913,0.03029,0.02314,0.01296,0.02470
0.01456,0.01120,0.02623,0.01176,0.11303,0.01117,0.04740,0.02378,0.01036,0.06120,0.02136,0.14049,0.24546,0.02264,0.13233,0.01182,0.01387,0.00967,0.00696,0.06471
0.01613,0.01152,0.04356,0.03743,0.02053,0.01353,0.10082,0.01537,0.01397,0.34045,0.04523,0.09547,0.08166,0.01585,0.06917,0.01134,0.01143,0.01386,0.01441,0.02829
0.01458,0.01834,0.04937,0.06429,0.02692,0.02457,0.24086,0.01644,0.01750,0.11900,0.04367,0.12750,0.05055,0.01800,0.05931,0.02645,0.02337,0.01673,0.02241,0.02016
0.01311,0.01418,0.14055,0.03809,0.01898,0.01343,0.07066,0.01313,0.01029,0.37062,0.06012,0.06875,0.05001,0.01678,0.04241,0.01025,0.01014,0.00818,0.01091,0.01939
0.01472,0.01145,0.03568,0.02852,0.01779,0.02798,0.12745,0.00999,0.02013,0.14992,0.16081,0.14901,0.08971,0.00776,0.07806,0.00950,0.01550,0.01651,0.00909,0.02042
0.01474,0.01054,0.02538,0.03931,0.02006,0.02727,0.08254,0.03066,0.01703,0.34530,0.01961,0.06907,0.07838,0.04001,0.09458,0.01725,0.01350,0.01254,0.01796,0.02429
0.01833,0.00870,0.02584,0.01554,0.01808,0.01229,0.04453,0.32481,0.01758,0.20846,0.02326,0.04520,0.04411,0.06831,0.06198,0.01825,0.01126,0.00820,0.00794,0.01735
0.01744,0.02516,0.03644,0.04547,0.01325,0.03968,0.07779,0.01650,0.05552,0.32810,0.06670,0.04606,0.06908,0.01161,0.06093,0.01604,0.02277,0.02671,0.01291,0.01184
0.01234,0.02153,0.08752,0.10346,0.01014,0.01798,0.18690,0.01299,0.01424,0.09375,0.20149,0.07862,0.04388,0.01403,0.04581,0.01087,0.01350,0.01117,0.01227,0.00751
0.01229,0.02110,0.07930,0.05278,0.01849,0.01899,0.13276,0.00743,0.01858,0.28934,0.07613,0.08589,0.05276,0.00745,0.06068,0.01620,0.01168,0.01115,0.01135,0.01565
0.02396,0.02376,0.03461,0.02161,0.01421,0.01991,0.12102,0.03278,0.02542,0.10677,0.05850,0.22510,0.05775,0.02345,0.09350,0.05145,0.01991,0.02145,0.01386,0.01098
0.01420,0.01614,0.08639,0.01063,0.03176,0.01103,0.06756,0.40631,0.01375,0.05383,0.03201,0.13054,0.01879,0.02707,0.01945,0.01334,0.01314,0.00842,0.00612,0.01954
0.01574,0.01339,0.01229,0.03283,0.03336,0.01429,0.19285,0.01698,0.01077,0.30983,0.01183,0.17638,0.03255,0.01701,0.01768,0.02883,0.01521,0.01001,0.00796,0.03021
0.01633,0.01597,0.05020,0.06335,0.05707,0.02461,0.12173,0.03522,0.02010,0.19708,0.06536,0.04998,0.06871,0.03598,0.08681,0.01244,0.01717,0.01478,0.01968,0.02741
0.01196,0.00951,0.02906,0.01517,0.01180,0.01680,0.03876,0.01765,0.01733,0.54341,0.04930,0.04164,0.05258,0.01181,0.08014,0.01305,0.01111,0.01065,0.00836,0.00990
0.02239,0.02621,0.05786,0.05389,0.01472,0.02649,0.08000,0.01763,0.03112,0.18219,0.16405,0.05188,0.05736,0.02563,0.06949,0.02529,0.03020,0.01604,0.03655,0.01102
0.02419,0.03249,0.03559,0.11670,0.04144,0.03014,0.23984,0.01614,0.04973,0.06595,0.03021,0.05959,0.06020,0.01215,0.05762,0.02768,0.02111,0.02634,0.01443,0.03846
0.01478,0.01205,0.04855,0.07704,0.03995,0.01876,0.17095,0.01018,0.01789,0.15077,0.17021,0.06405,0.05083,0.01490,0.04244,0.01456,0.01566,0.01740,0.01647,0.03258
0.01008,0.00585,0.01687,0.02053,0.01152,0.01211,0.04956,0.01013,0.00913,0.39225,0.05699,0.04738,0.12892,0.01487,0.16080,0.01459,0.01004,0.00827,0.01014,0.00996
0.01880,0.01106,0.01472,0.02036,0.03908,0.02966,0.04366,0.01789,0.01928,0.25817,0.02802,0.10995,0.16926,0.01760,0.05516,0.02680,0.03884,0.02537,0.01447,0.04185
0.01367,0.01847,0.02830,0.02305,0.02239,0.01172,0.03558,0.12883,0.01486,0.37139,0.01485,0.03028,0.02691,0.14448,0.04194,0.01672,0.01044,0.01011,0.01235,0.02368
0.02494,0.04249,0.05645,0.04001,0.01725,0.02295,0.11066,0.03028,0.02355,0.21148,0.03661,0.06095,0.10093,0.02044,0.13499,0.01447,0.01057,0.01462,0.01111,0.01527
0.01259,0.01594,0.07530,0.07488,0.02312,0.01982,0.18577,0.01578,0.01623,0.08698,0.21172,0.08447,0.03744,0.01535,0.04233,0.01748,0.01731,0.00921,0.02180,0.01648
0.03309,0.00938,0.02371,0.02133,0.01899,0.01426,0.04792,0.03862,0.03008,0.38954,0.03841,0.05581,0.09733,0.02876,0.08400,0.01354,0.01395,0.00991,0.01295,0.01840
0.01028,0.00668,0.02856,0.02184,0.02118,0.01277,0.07774,0.00824,0.01609,0.18293,0.13113,0.06496,0.18114,0.00967,0.17237,0.01068,0.00904,0.01034,0.00589,0.01847
0.01784,0.01600,0.04461,0.26946,0.04133,0.01348,0.12009,0.01263,0.02687,0.12853,0.02724,0.08056,0.03422,0.01924,0.04548,0.01205,0.01737,0.01204,0.03483,0.02612
0.02103,0.13790,0.07570,0.04707,0.01347,0.01359,0.16354,0.02998,0.03930,0.16113,0.01538,0.03343,0.09789,0.01429,0.08052,0.01636,0.01233,0.01032,0.00605,0.01073
0.02858,0.01900,0.02651,0.05437,0.02530,0.05787,0.17959,0.01312,0.04215,0.13567,0.09021,0.05238,0.06013,0.00882,0.04518,0.03716,0.05139,0.02939,0.01460,0.02859
0.01390,0.01208,0.02714,0.01848,0.01789,0.01364,0.14005,0.01256,0.01903,0.12774,0.04162,0.21238,0.14821,0.00973,0.12388,0.00994,0.01428,0.01275,0.00810,0.01661
0.01409,0.01895,0.07058,0.04997,0.02201,0.01479,0.25356,0.00745,0.02209,0.19318,0.11116,0.08472,0.03559,0.00777,0.02828,0.01218,0.01498,0.01453,0.00689,0.01723
0.02343,0.01733,0.03841,0.03500,0.02293,0.02405,0.05057,0.02811,0.04865,0.37128,0.03050,0.08031,0.02831,0.03131,0.04429,0.01750,0.03413,0.01922,0.03614,0.01853
0.01279,0.01398,0.02049,0.04160,0.02355,0.01734,0.21561,0.02968,0.01332,0.34440,0.01393,0.06870,0.05252,0.02683,0.03157,0.01184,0.01715,0.01195,0.01230,0.02045
0.01121,0.01953,0.05717,0.03641,0.02015,0.01195,0.19357,0.00823,0.01783,0.13074,0.03849,0.05929,0.13257,0.00736,0.20231,0.00882,0.00850,0.00873,0.00762,0.01952
0.01832,0.02341,0.08496,0.02979,0.01856,0.02325,0.15005,0.00889,0.02529,0.17671,0.05923,0.08887,0.11302,0.00844,0.08101,0.02328,0.01984,0.02005,0.01057,0.01647
0.02803,0.01176,0.02530,0.04063,0.04751,0.02097,0.15890,0.01718,0.03371,0.20552,0.07393,0.04867,0.06303,0.01682,0.05114,0.04539,0.02546,0.02442,0.01217,0.04946
0.00944,0.01058,0.04087,0.01818,0.01541,0.01222,0.09468,0.00846,0.01082,0.21878,0.03744,0.37693,0.04676,0.00756,0.03789,0.01262,0.01108,0.00793,0.00684,0.01550
0.02227,0.01429,0.05394,0.18045,0.01619,0.01537,0.15495,0.02627,0.04026,0.20184,0.02427,0.01964,0.06716,0.02538,0.07374,0.01717,0.01189,0.01391,0.00812,0.01290
0.01130,0.01165,0.03097,0.07830,0.01732,0.01638,0.29328,0.01513,0.01227,0.24636,0.02418,0.05699,0.06712,0.01226,0.03650,0.01481,0.01349,0.01457,0.00960,0.01753
0.01411,0.00864,0.01548,0.02764,0.03670,0.01266,0.13140,0.01871,0.01416,0.34085,0.02261,0.17723,0.02931,0.02701,0.02876,0.01891,0.01401,0.01601,0.01451,0.03130
0.02824,0.02328,0.02637,0.02373,0.03187,0.01870,0.05978,0.02128,0.02272,0.12378,0.02306,0.05496,0.34095,0.01934,0.07162,0.02233,0.02270,0.02732,0.00849,0.02950
0.01504,0.01612,0.02476,0.03066,0.01499,0.01574,0.16910,0.02031,0.01098,0.34642,0.01895,0.11490,0.06440,0.01777,0.05798,0.01625,0.01334,0.01013,0.00844,0.01374
0.01072,0.01070,0.03979,0.02536,0.03062,0.01492,0.08598,0.01313,0.01247,0.18159,0.03778,0.11277,0.08414,0.01476,0.25521,0.00798,0.00860,0.00887,0.01056,0.03404
0.01332,0.01086,0.05163,0.02609,0.01698,0.01817,0.10102,0.01306,0.01204,0.24856,0.09375,0.12703,0.10303,0.01567,0.09045,0.01079,0.01048,0.01101,0.01334,0.01272
0.01376,0.01005,0.02867,0.11648,0.01496,0.02370,0.12685,0.01674,0.01390,0.38656,0.03604,0.04061,0.03602,0.01540,0.03009,0.03706,0.01696,0.01242,0.00984,0.01389
0.02044,0.01727,0.02488,0.05877,0.01482,0.02170,0.11224,0.01925,0.06093,0.39305,0.03364,0.04976,0.02912,0.01259,0.03527,0.02377,0.02084,0.02677,0.01142,0.01346
0.02379,0.01461,0.02874,0.18592,0.01382,0.01710,0.06655,0.03704,0.04020,0.23019,0.02061,0.01950,0.07740,0.05086,0.10530,0.01626,0.01169,0.01727,0.01005,0.01309
0.02181,0.02516,0.02829,0.03042,0.03942,0.02311,0.12293,0.01790,0.01881,0.29805,0.03565,0.15075,0.02980,0.01844,0.02698,0.02886,0.02097,0.02052,0.01645,0.02567
0.01536,0.02192,0.09437,0.01864,0.01896,0.01059,0.09832,0.01148,0.01438,0.28593,0.04188,0.14261,0.09758,0.00887,0.06574,0.01300,0.01333,0.00803,0.00542,0.01360
0.01805,0.02867,0.03689,0.07619,0.13585,0.01506,0.14651,0.01261,0.04000,0.10770,0.02687,0.06608,0.09118,0.00856,0.07917,0.01719,0.02538,0.01476,0.00985,0.04342
0.00809,0.00786,0.01529,0.01468,0.01524,0.00870,0.10030,0.00947,0.00805,0.17961,0.01395,0.52735,0.02424,0.00786,0.01945,0.00787,0.00729,0.00689,0.00496,0.01285
0.01608,0.01524,0.07733,0.06943,0.02564,0.01461,0.09792,0.01964,0.01935,0.25109,0.11438,0.10136,0.02095,0.04358,0.03517,0.01312,0.01189,0.00982,0.01838,0.02501
0.02570,0.01545,0.04250,0.08316,0.01390,0.02607,0.08988,0.01400,0.02225,0.25645,0.12022,0.06220,0.03930,0.01567,0.04022,0.02682,0.03126,0.03161,0.02762,0.01576
0.01677,0.01145,0.01774,0.08469,0.02120,0.03838,0.09584,0.01887,0.02798,0.31247,0.03359,0.03729,0.07085,0.01413,0.06823,0.03468,0.02657,0.02661,0.02413,0.01852
0.02356,0.01898,0.01651,0.03950,0.02079,0.03719,0.09182,0.02156,0.07508,0.31754,0.02034,0.06125,0.06502,0.01547,0.05164,0.02369,0.02780,0.04277,0.01206,0.01742
0.02871,0.03832,0.02382,0.03134,0.01570,0.03635,0.14567,0.02703,0.03323,0.23510,0.02097,0.16786,0.03797,0.02180,0.03419,0.02485,0.03524,0.02186,0.01100,0.00899
0.04270,0.01482,0.03190,0.02748,0.01856,0.02384,0.05138,0.01865,0.39730,0.03912,0.02912,0.05775,0.03641,0.02022,0.11747,0.01028,0.01752,0.01663,0.01364,0.01521
0.00855,0.00753,0.11952,0.02774,0.01326,0.00783,0.16712,0.00786,0.00745,0.10326,0.33848,0.03910,0.07251,0.00953,0.03365,0.01012,0.00606,0.00586,0.00495,0.00962
0.00844,0.07103,0.05065,0.04298,0.02580,0.00836,0.39166,0.01657,0.01172,0.19053,0.01320,0.07524,0.01590,0.01147,0.01504,0.01062,0.00978,0.00652,0.00751,0.01698
0.01298,0.02693,0.05473,0.09100,0.00706,0.00960,0.31621,0.01053,0.01339,0.09316,0.06148,0.04380,0.13068,0.01023,0.07055,0.01175,0.01157,0.01188,0.00712,0.00534
0.00920,0.01405,0.04992,0.04803,0.01347,0.01228,0.09682,0.00642,0.00942,0.41113,0.12889,0.08500,0.02340,0.00829,0.02178,0.01422,0.01125,0.01021,0.01025,0.01597
0.02846,0.01130,0.03122,0.02355,0.01593,0.01972,0.13074,0.02867,0.01935,0.07993,0.04953,0.18628,0.17483,0.02058,0.10866,0.02056,0.01576,0.01415,0.00858,0.01222
0.01611,0.01153,0.03921,0.15543,0.03002,0.02702,0.11376,0.01895,0.02430,0.25724,0.05074,0.03998,0.03458,0.02611,0.04928,0.01842,0.01248,0.02102,0.02662,0.02719
0.01802,0.03281,0.03807,0.03047,0.03801,0.02177,0.05478,0.03273,0.01989,0.36162,0.02614,0.06366,0.07061,0.03319,0.06893,0.01480,0.01493,0.01300,0.01401,0.03255
0.02297,0.01362,0.02342,0.01848,0.02371,0.01925,0.08473,0.12093,0.01529,0.15938,0.03144,0.09930,0.11878,0.08041,0.07523,0.03000,0.01778,0.01527,0.00913,0.02087
0.01376,0.01978,0.06060,0.03238,0.02493,0.02416,0.24875,0.01146,0.02176,0.17669,0.05433,0.11378,0.03888,0.00685,0.07348,0.01631,0.01087,0.01298,0.01205,0.02621
0.02675,0.01969,0.12475,0.17265,0.02921,0.01776,0.15356,0.01285,0.01573,0.06511,0.07398,0.09983,0.04064,0.02205,0.03084,0.01725,0.01833,0.02120,0.01471,0.02312
