0.01905,0.01882,0.03737,0.03425,0.03707,0.02120,0.10875,0.01942,0.04205,0.36245,0.03431,0.09293,0.03314,0.01235,0.03820,0.01852,0.01518,0.01624,0.01171,0.02698
0.02394,0.03005,0.05133,0.09145,0.02849,0.02724,0.16190,0.04615,0.03134,0.17534,0.03862,0.08149,0.02889,0.04690,0.03446,0.02568,0.01710,0.01781,0.02092,0.02091
0.01970,0.04688,0.05843,0.03567,0.10206,0.02590,0.09385,0.02532,0.04997,0.16151,0.02865,0.09113,0.03364,0.01244,0.03896,0.02939,0.02607,0.01656,0.01461,0.08927
0.01095,0.01190,0.01909,0.02002,0.03242,0.01199,0.07436,0.11450,0.00935,0.30906,0.01675,0.06003,0.04879,0.13917,0.05142,0.01081,0.00738,0.00877,0.01790,0.02534
0.01250,0.01567,0.03559,0.03013,0.13563,0.01802,0.08469,0.01758,0.01112,0.23515,0.02561,0.06429,0.05855,0.01774,0.05566,0.01170,0.01188,0.00851,0.00825,0.14171
0.01619,0.01311,0.04400,0.01928,0.01630,0.01654,0.11074,0.02581,0.01571,0.42380,0.03262,0.10193,0.03533,0.03323,0.03165,0.01167,0.01112,0.01179,0.01423,0.01496
0.02014,0.01493,0.04697,0.06759,0.01470,0.02562,0.06704,0.03252,0.01775,0.27568,0.04256,0.04051,0.09964,0.04414,0.09742,0.01801,0.01779,0.02476,0.01682,0.01542
0.09122,0.01624,0.02274,0.01985,0.03371,0.02884,0.05444,0.05420,0.10512,0.22392,0.03380,0.05636,0.05351,0.02650,0.06331,0.01779,0.03542,0.02224,0.01598,0.02479
0.01826,0.03515,0.02243,0.02477,0.02844,0.02225,0.10517,0.04778,0.02171,0.20559,0.02672,0.08195,0.07501,0.05515,0.08474,0.05131,0.02809,0.02699,0.01709,0.02140
0.01147,0.02212,0.03901,0.02764,0.03573,0.01503,0.09638,0.00889,0.01568,0.46328,0.02892,0.08357,0.03404,0.00665,0.03735,0.01718,0.01124,0.00947,0.00665,0.02972
0.01341,0.01835,0.03930,0.15236,0.03761,0.01547,0.16101,0.01358,0.01693,0.19558,0.02662,0.02606,0.08429,0.01496,0.07955,0.02003,0.01819,0.01299,0.01153,0.04218
0.02275,0.05334,0.13166,0.07832,0.03166,0.03076,0.10782,0.01764,0.07720,0.13164,0.09806,0.06025,0.02269,0.01323,0.04342,0.01647,0.01850,0.01709,0.01746,0.01007
0.02602,0.02004,0.02685,0.03560,0.02072,0.01952,0.13040,0.02818,0.02315,0.35348,0.02086,0.11912,0.02604,0.04132,0.02415,0.01695,0.01694,0.01979,0.01357,0.01730
0.01340,0.00858,0.04228,0.08243,0.01366,0.01111,0.11347,0.04461,0.01059,0.35929,0.04410,0.03433,0.06217,0.04861,0.05119,0.01424,0.00855,0.00997,0.01199,0.01542
0.03061,0.02929,0.04645,0.10859,0.01553,0.04719,0.09215,0.06083,0.04148,0.17694,0.05048,0.02926,0.03074,0.07984,0.03178,0.02004,0.02315,0.02748,0.03935,0.01881
0.01817,0.01985,0.08350,0.08406,0.07046,0.02601,0.11843,0.02100,0.01736,0.15530,0.08421,0.04884,0.03189,0.02248,0.03803,0.03546,0.02392,0.02379,0.01900,0.05825
0.02693,0.02240,0.02911,0.15367,0.01489,0.02974,0.17536,0.03233,0.02197,0.24103,0.03101,0.05313,0.03010,0.02098,0.02377,0.02226,0.01643,0.01970,0.02040,0.01479
0.01057,0.01586,0.04420,0.03274,0.15087,0.01053,0.06159,0.02183,0.01257,0.12515,0.03494,0.03840,0.10550,0.02102,0.11787,0.01071,0.00910,0.00827,0.00789,0.16039
0.03701,0.02884,0.02801,0.02949,0.07110,0.02185,0.11062,0.01978,0.02943,0.22041,0.02915,0.10277,0.04529,0.01277,0.04971,0.03055,0.02005,0.02338,0.01296,0.07684
0.01658,0.01330,0.13146,0.03182,0.01479,0.01403,0.13373,0.02445,0.01230,0.14236,0.12569,0.11833,0.06823,0.02793,0.06549,0.01252,0.01089,0.01052,0.01092,0.01465
0.01567,0.01175,0.02122,0.09769,0.01780,0.01741,0.15356,0.01313,0.02018,0.38202,0.02330,0.08633,0.02949,0.01328,0.02747,0.01585,0.01521,0.01500,0.00955,0.01410
0.02169,0.01959,0.03961,0.04946,0.03579,0.02286,0.04737,0.02072,0.02005,0.25186,0.02567,0.03023,0.15063,0.02465,0.13395,0.01920,0.01857,0.01863,0.01510,0.03436
0.01435,0.01300,0.09859,0.05330,0.01444,0.01932,0.07087,0.01396,0.02993,0.37381,0.09637,0.03110,0.04790,0.01213,0.04743,0.01554,0.01217,0.01612,0.00850,0.01117
0.02233,0.01768,0.04079,0.10921,0.01656,0.04329,0.18214,0.02007,0.02994,0.21284,0.03487,0.08517,0.05338,0.01286,0.04292,0.01337,0.01656,0.01869,0.01369,0.01365
0.03015,0.03483,0.02158,0.02137,0.03480,0.02079,0.08838,0.02422,0.04768,0.33197,0.02165,0.08911,0.03663,0.00995,0.05163,0.03792,0.01986,0.02836,0.01117,0.03796
0.03070,0.04322,0.07934,0.07977,0.02553,0.02508,0.14253,0.04033,0.03664,0.08645,0.05622,0.09917,0.05238,0.04459,0.05648,0.02093,0.02476,0.01762,0.01880,0.01946
0.02812,0.01402,0.11183,0.04472,0.05269,0.03362,0.08426,0.01867,0.04490,0.09742,0.11997,0.06816,0.06544,0.01665,0.07178,0.01593,0.02389,0.01572,0.01543,0.05677
0.04261,0.02272,0.04719,0.21344,0.03720,0.02858,0.22820,0.01670,0.02368,0.09905,0.01914,0.03384,0.04135,0.02366,0.03551,0.01747,0.01264,0.01646,0.01372,0.02683
0.00861,0.01180,0.02982,0.03184,0.00672,0.00740,0.37388,0.00693,0.01241,0.06078,0.01391,0.36005,0.01532,0.00775,0.01387,0.00910,0.00729,0.00762,0.00748,0.00744
0.01401,0.01495,0.20859,0.04261,0.01316,0.01345,0.05797,0.01467,0.01640,0.20832,0.18810,0.03377,0.05360,0.01252,0.05489,0.01072,0.01016,0.01199,0.00786,0.01225
0.03032,0.05502,0.02766,0.09435,0.01606,0.04667,0.12543,0.02533,0.03910,0.22064,0.04425,0.04878,0.03589,0.01822,0.03509,0.03587,0.03455,0.03160,0.02199,0.01317
0.04659,0.02746,0.06173,0.04424,0.02295,0.03036,0.07042,0.02638,0.03020,0.21191,0.04457,0.04133,0.10614,0.03110,0.10902,0.02434,0.02001,0.01814,0.01601,0.01708
0.02832,0.02103,0.04011,0.11865,0.03276,0.03232,0.17686,0.03217,0.01912,0.09713,0.02871,0.07468,0.05314,0.02885,0.04167,0.05314,0.03841,0.02824,0.01852,0.03618
0.02230,0.03156,0.02434,0.08515,0.02135,0.03115,0.19139,0.01272,0.02947,0.24402,0.02774,0.14027,0.02136,0.01111,0.02642,0.01635,0.01777,0.01603,0.01315,0.01635
0.02151,0.03357,0.04701,0.15018,0.02170,0.03152,0.15391,0.02238,0.01999,0.14294,0.03204,0.07890,0.04011,0.05051,0.04182,0.02025,0.01719,0.02263,0.02553,0.02629
0.01368,0.01539,0.03288,0.03189,0.10285,0.01200,0.05918,0.01173,0.01667,0.19123,0.02328,0.03059,0.14296,0.01237,0.15339,0.00927,0.01143,0.00862,0.01046,0.11014
0.02589,0.04340,0.05537,0.04680,0.02805,0.02663,0.07900,0.06485,0.04172,0.27593,0.03127,0.05314,0.04001,0.05568,0.04368,0.01746,0.01881,0.01656,0.01419,0.02155
0.01337,0.01114,0.03710,0.03644,0.02040,0.01354,0.06330,0.01237,0.02307,0.52624,0.03267,0.04253,0.03985,0.01168,0.04751,0.01340,0.01318,0.01082,0.00920,0.02218
0.01604,0.01880,0.04343,0.13159,0.01739,0.03853,0.26591,0.01385,0.01614,0.04640,0.03705,0.13866,0.06671,0.01164,0.05662,0.01949,0.01177,0.01298,0.01327,0.02373
0.01780,0.01700,0.15127,0.04924,0.01862,0.01696,0.12371,0.01658,0.02539,0.16792,0.14860,0.08469,0.03480,0.01305,0.03277,0.01761,0.01529,0.01466,0.01771,0.01633
0.00933,0.01281,0.03539,0.04231,0.14998,0.01208,0.06574,0.00670,0.00972,0.10790,0.02422,0.03638,0.13898,0.00982,0.14207,0.00923,0.00795,0.00839,0.00871,0.16229
0.02616,0.01351,0.04745,0.04586,0.01270,0.02153,0.15910,0.03079,0.01967,0.24248,0.05072,0.13214,0.04800,0.02924,0.04660,0.01450,0.01531,0.01780,0.01351,0.01292
0.02270,0.01605,0.03376,0.08999,0.03358,0.03037,0.23020,0.01864,0.02655,0.06517,0.03422,0.15812,0.04923,0.01535,0.03447,0.04139,0.02624,0.02235,0.01589,0.03577
0.02466,0.01903,0.02386,0.03423,0.02721,0.02153,0.19003,0.01734,0.03165,0.19647,0.02091,0.17858,0.05122,0.01590,0.05474,0.01732,0.02377,0.01359,0.01408,0.02390
0.02602,0.01940,0.11453,0.08518,0.02411,0.02532,0.14721,0.02363,0.05098,0.15050,0.10947,0.07477,0.02838,0.01425,0.03087,0.01890,0.01674,0.01359,0.01195,0.01422
0.03267,0.02373,0.02914,0.09210,0.04520,0.02817,0.15913,0.04889,0.08070,0.11672,0.02374,0.08269,0.03250,0.04136,0.03745,0.02565,0.03474,0.02235,0.01780,0.02525
0.01419,0.01696,0.12644,0.04821,0.05055,0.01823,0.20044,0.01265,0.01697,0.06361,0.11287,0.16625,0.03359,0.00887,0.02594,0.01489,0.01137,0.00929,0.00824,0.04043
0.01664,0.02634,0.11789,0.04021,0.01491,0.01555,0.11489,0.01110,0.01739,0.12846,0.09994,0.07897,0.12194,0.01201,0.12238,0.01136,0.01351,0.01183,0.01082,0.01387
0.01486,0.01617,0.02287,0.05113,0.03979,0.01995,0.10821,0.01768,0.01554,0.30929,0.01844,0.07728,0.09335,0.02241,0.06242,0.02123,0.02088,0.02108,0.00985,0.03760
0.02879,0.01980,0.05126,0.09089,0.03659,0.02016,0.11799,0.03521,0.03276,0.11231,0.04235,0.04715,0.10755,0.03653,0.11099,0.01915,0.01756,0.01795,0.01882,0.03619
0.06293,0.01477,0.03234,0.01977,0.02060,0.01930,0.10612,0.10811,0.02812,0.09222,0.03072,0.09211,0.06780,0.13268,0.07668,0.01597,0.02601,0.02710,0.01373,0.01291
0.01242,0.02325,0.05542,0.02585,0.08556,0.01404,0.04239,0.01693,0.02347,0.45328,0.04222,0.03135,0.02071,0.01299,0.02478,0.01607,0.01222,0.01153,0.01092,0.06459
0.01012,0.18032,0.19892,0.08666,0.01322,0.01593,0.14658,0.01366,0.01547,0.11594,0.02341,0.06817,0.01798,0.01333,0.01875,0.01527,0.01042,0.01349,0.01016,0.01220
0.02068,0.04224,0.04658,0.14734,0.03253,0.02885,0.23265,0.02618,0.02102,0.08331,0.03885,0.09969,0.02511,0.01560,0.02803,0.02971,0.02106,0.01875,0.01878,0.02304
0.02552,0.01734,0.03485,0.05350,0.02347,0.04584,0.11023,0.01655,0.04289,0.26914,0.04102,0.08700,0.05431,0.01395,0.06368,0.01757,0.02871,0.01989,0.01585,0.01871
0.03218,0.03704,0.05944,0.06444,0.02048,0.04763,0.08564,0.03757,0.05244,0.24012,0.04754,0.03363,0.04544,0.01786,0.05212,0.04218,0.03109,0.02412,0.01636,0.01266
0.02377,0.01298,0.09805,0.04195,0.02214,0.02463,0.08317,0.01562,0.03219,0.32049,0.10302,0.05052,0.04129,0.01799,0.02912,0.01919,0.01802,0.01715,0.01095,0.01777
0.01670,0.01110,0.03709,0.02811,0.05763,0.02003,0.07832,0.01822,0.01567,0.08823,0.03809,0.05511,0.17808,0.01774,0.16944,0.02063,0.02397,0.02262,0.01430,0.08892
0.01959,0.01172,0.02441,0.02565,0.01622,0.01803,0.04935,0.01374,0.02126,0.42270,0.02620,0.03891,0.11324,0.01235,0.10812,0.01661,0.01746,0.01194,0.01058,0.02193
0.02940,0.02780,0.04270,0.11232,0.04945,0.03002,0.17638,0.02679,0.04319,0.04643,0.05017,0.09268,0.04087,0.02602,0.04559,0.02695,0.04510,0.03043,0.02881,0.02888
0.02689,0.03460,0.02589,0.03757,0.04926,0.02893,0.11409,0.02462,0.02748,0.18861,0.03222,0.08075,0.07837,0.02718,0.04601,0.04495,0.04689,0.03286,0.01515,0.03767
0.01851,0.02532,0.08048,0.03901,0.02374,0.01878,0.06472,0.02571,0.02697,0.33141,0.06749,0.05121,0.05835,0.02864,0.05649,0.01372,0.01411,0.01564,0.01567,0.02401
0.01888,0.02053,0.02531,0.06303,0.03398,0.02410,0.17958,0.02462,0.02860,0.20175,0.02558,0.14013,0.02944,0.02690,0.02822,0.01921,0.02308,0.02053,0.02472,0.04182
0.05697,0.01012,0.03562,0.04502,0.02863,0.04253,0.04938,0.03788,0.03939,0.11398,0.04664,0.02387,0.16123,0.04236,0.12851,0.02613,0.03678,0.03769,0.01405,0.02323
0.01395,0.01565,0.03335,0.02861,0.01963,0.01919,0.20509,0.01491,0.03161,0.08395,0.02587,0.19815,0.11396,0.01226,0.11182,0.01630,0.01411,0.01611,0.00837,0.01710
0.01430,0.03934,0.09146,0.09003,0.02441,0.01990,0.18340,0.01351,0.03018,0.07917,0.04878,0.11072,0.08388,0.01658,0.07334,0.01461,0.01362,0.01850,0.01294,0.02133
0.02692,0.02320,0.04808,0.07786,0.02616,0.03145,0.08561,0.02241,0.03720,0.30826,0.04196,0.04623,0.03960,0.03915,0.04336,0.01636,0.02177,0.02050,0.01792,0.02601
0.01232,0.10588,0.11144,0.04012,0.01410,0.01180,0.11151,0.01418,0.02499,0.32229,0.01612,0.08790,0.03025,0.01662,0.02751,0.01235,0.01109,0.00912,0.01034,0.01009
0.04230,0.02818,0.01608,0.02998,0.03046,0.03805,0.08614,0.03404,0.05713,0.13481,0.02977,0.07475,0.12316,0.03858,0.08782,0.03140,0.04393,0.03469,0.01477,0.02397
0.02000,0.22486,0.22745,0.03199,0.01235,0.02066,0.06774,0.01644,0.01377,0.14477,0.01812,0.04069,0.02623,0.01072,0.02683,0.03577,0.01385,0.01364,0.01366,0.02046
0.02592,0.02968,0.07815,0.10011,0.02772,0.02543,0.17246,0.01894,0.02318,0.11902,0.05205,0.10048,0.05158,0.02393,0.04795,0.02042,0.02127,0.02773,0.01536,0.01860
0.02718,0.03125,0.08025,0.03848,0.01728,0.02066,0.12930,0.02269,0.03217,0.20379,0.06240,0.12341,0.05330,0.02201,0.05421,0.01907,0.01310,0.01990,0.01105,0.01850
0.01794,0.01358,0.04021,0.03007,0.01718,0.01613,0.22767,0.01942,0.01688,0.14713,0.03561,0.22094,0.06188,0.01717,0.05544,0.01398,0.01052,0.01260,0.00969,0.01595
0.01930,0.01634,0.02527,0.13382,0.02534,0.02134,0.16432,0.02631,0.03314,0.16563,0.02265,0.04449,0.10229,0.02477,0.10068,0.01467,0.01818,0.01192,0.01252,0.01701
0.01931,0.02072,0.06732,0.13116,0.02265,0.01990,0.19914,0.02439,0.01753,0.10600,0.05905,0.08501,0.05365,0.01800,0.04916,0.02993,0.02250,0.01975,0.01405,0.02079
0.02321,0.01883,0.05064,0.07040,0.02158,0.02378,0.19923,0.01584,0.02810,0.16762,0.03973,0.16737,0.03197,0.02163,0.03566,0.01524,0.01754,0.01437,0.01758,0.01967
0.03073,0.02203,0.01652,0.04648,0.05814,0.04703,0.14644,0.03765,0.05602,0.04562,0.02548,0.11820,0.06312,0.06802,0.07508,0.02119,0.03194,0.02788,0.02397,0.03846
0.03653,0.02852,0.05559,0.06575,0.04107,0.04819,0.07335,0.03144,0.08376,0.19535,0.05741,0.04294,0.02356,0.01865,0.04933,0.01917,0.03650,0.03110,0.03941,0.02236
0.01546,0.02372,0.03887,0.12373,0.01906,0.02443,0.18455,0.01508,0.01249,0.10219,0.02717,0.08805,0.12415,0.01414,0.11142,0.01882,0.01493,0.00888,0.01045,0.02240
0.03562,0.03003,0.02082,0.02937,0.01738,0.03409,0.08707,0.06786,0.03092,0.15441,0.03095,0.07348,0.10142,0.06282,0.09053,0.03302,0.02726,0.02686,0.01895,0.02712
0.01631,0.02890,0.03142,0.08049,0.02573,0.01773,0.11803,0.01946,0.02027,0.37490,0.02552,0.05246,0.04235,0.01503,0.03452,0.01932,0.01463,0.01338,0.02950,0.02004
0.01125,0.01452,0.01873,0.05125,0.01471,0.01374,0.17482,0.02149,0.01268,0.38028,0.01319,0.13648,0.03203,0.01613,0.02862,0.01104,0.01270,0.01238,0.00929,0.01467
0.04539,0.01876,0.08812,0.08513,0.03426,0.03164,0.08981,0.02441,0.03835,0.18791,0.07964,0.04986,0.04809,0.01818,0.05451,0.02103,0.01943,0.02355,0.01299,0.02896
0.02399,0.01668,0.03738,0.06535,0.01817,0.03397,0.09370,0.02467,0.03365,0.32197,0.03663,0.05754,0.06003,0.01541,0.06950,0.01842,0.02323,0.01945,0.01234,0.01793
0.01848,0.02002,0.01883,0.05980,0.01939,0.02062,0.09555,0.02867,0.02890,0.15357,0.02762,0.04521,0.18316,0.02413,0.16822,0.02143,0.02323,0.01715,0.00939,0.01664
0.01418,0.01919,0.03999,0.10464,0.01930,0.02738,0.12608,0.01837,0.01805,0.26307,0.03507,0.11771,0.03026,0.05356,0.02956,0.01000,0.00845,0.01581,0.01926,0.03006
0.01731,0.01364,0.06097,0.01875,0.03229,0.02091,0.15065,0.02493,0.01861,0.24665,0.06093,0.14658,0.04187,0.02113,0.04131,0.01935,0.01936,0.01381,0.01019,0.02075
0.01023,0.00705,0.23416,0.02899,0.03806,0.01026,0.06935,0.01011,0.00979,0.16486,0.22201,0.04175,0.03435,0.00839,0.03246,0.01309,0.01103,0.00841,0.00652,0.03912
0.02706,0.02207,0.04219,0.04864,0.02283,0.02834,0.08364,0.12232,0.02777,0.09386,0.02975,0.05160,0.04672,0.15535,0.05435,0.01594,0.02375,0.02317,0.05123,0.02940
0.01418,0.01589,0.03956,0.15608,0.02403,0.01538,0.17275,0.01546,0.03484,0.16645,0.02058,0.02869,0.11914,0.01224,0.10818,0.01120,0.01125,0.00890,0.01040,0.01481
0.02740,0.03529,0.07355,0.02704,0.02439,0.02020,0.17003,0.03974,0.02619,0.09800,0.03764,0.15964,0.06255,0.03288,0.06800,0.02356,0.01720,0.01292,0.00985,0.03392
0.02989,0.02093,0.04624,0.04407,0.03033,0.02509,0.14815,0.02459,0.02766,0.23251,0.04192,0.13648,0.03180,0.02427,0.03484,0.01743,0.01402,0.02185,0.01796,0.02998
0.02799,0.04136,0.09224,0.03360,0.03721,0.02356,0.11771,0.02425,0.02440,0.06029,0.07035,0.10329,0.08012,0.02465,0.08766,0.02755,0.01906,0.02383,0.03891,0.04198
0.01551,0.02077,0.04212,0.09956,0.04159,0.01637,0.15159,0.01642,0.02351,0.27624,0.03155,0.07582,0.04358,0.01046,0.04410,0.01915,0.01300,0.01260,0.01035,0.03570
0.01555,0.01750,0.11607,0.05685,0.01135,0.01658,0.12068,0.01615,0.01454,0.24798,0.09999,0.07505,0.06392,0.01753,0.05760,0.01138,0.01086,0.01253,0.00724,0.01063
0.02991,0.03303,0.10537,0.04333,0.01649,0.04599,0.09121,0.02355,0.03500,0.13923,0.09483,0.07158,0.06876,0.01924,0.06903,0.02953,0.01968,0.02631,0.01819,0.01972
0.01878,0.04841,0.04482,0.09675,0.04177,0.01992,0.17166,0.02278,0.02699,0.13840,0.02122,0.10403,0.05842,0.02096,0.05652,0.02493,0.02089,0.01829,0.01539,0.02908
0.01038,0.02216,0.04112,0.03513,0.02715,0.01339,0.18148,0.01491,0.03764,0.29100,0.02772,0.17516,0.02248,0.00923,0.02357,0.01197,0.01163,0.01076,0.01382,0.01930
0.02107,0.02973,0.06460,0.04238,0.02555,0.04165,0.17679,0.02110,0.02686,0.11140,0.06254,0.15312,0.04893,0.01607,0.04945,0.02805,0.02005,0.02512,0.01600,0.01956
0.01359,0.01898,0.04066,0.02350,0.02209,0.01849,0.07163,0.01179,0.01160,0.33243,0.02709,0.06171,0.14038,0.01154,0.12559,0.00966,0.01054,0.00969,0.01058,0.02846
0.01266,0.01849,0.03087,0.16498,0.01118,0.01482,0.24087,0.01390,0.01376,0.24286,0.01913,0.08989,0.02690,0.01447,0.02716,0.01145,0.01361,0.01067,0.01148,0.01085
0.01438,0.02336,0.06319,0.14734,0.01378,0.01707,0.20980,0.01259,0.01760,0.14661,0.05271,0.07771,0.06334,0.01087,0.05894,0.01654,0.01231,0.01370,0.01161,0.01655
0.01624,0.01240,0.04856,0.03811,0.12554,0.01502,0.15176,0.01650,0.01828,0.11952,0.03808,0.14255,0.03952,0.01560,0.03931,0.01116,0.01034,0.00973,0.00816,0.12362
0.01672,0.01223,0.06855,0.12143,0.01822,0.03413,0.08589,0.01335,0.01219,0.26586,0.07865,0.06577,0.01974,0.05343,0.01664,0.01302,0.01343,0.01634,0.03370,0.04071
0.02131,0.01740,0.04834,0.03133,0.04454,0.03469,0.04337,0.02676,0.10873,0.18758,0.06050,0.03606,0.10642,0.01713,0.11102,0.01778,0.03103,0.01910,0.01306,0.02385
0.01562,0.08955,0.12216,0.11974,0.02189,0.03139,0.09055,0.01709,0.03324,0.09286,0.04320,0.03729,0.07477,0.04761,0.06458,0.01402,0.01368,0.02258,0.02117,0.02705
0.01832,0.02665,0.04583,0.03391,0.04729,0.01884,0.12075,0.01581,0.01925,0.31778,0.03336,0.10679,0.03661,0.01383,0.03651,0.02187,0.01550,0.01499,0.01506,0.04104
0.01400,0.01530,0.09176,0.13954,0.04027,0.01462,0.23180,0.00911,0.01266,0.07501,0.07385,0.10012,0.04544,0.01255,0.03852,0.01472,0.01415,0.01065,0.00860,0.03732
0.02342,0.05446,0.04006,0.04733,0.01696,0.01822,0.17272,0.01941,0.03293,0.19823,0.04912,0.14846,0.02960,0.01164,0.03827,0.02467,0.02487,0.02258,0.01451,0.01255
0.01986,0.01367,0.05235,0.08150,0.03100,0.01886,0.17723,0.02014,0.02580,0.17293,0.04837,0.11475,0.05899,0.01277,0.05909,0.01517,0.01675,0.01521,0.01590,0.02965
0.01809,0.02223,0.08323,0.15327,0.02509,0.03283,0.15340,0.02884,0.03725,0.13406,0.05117,0.04590,0.02899,0.04682,0.03797,0.01981,0.01931,0.02157,0.01998,0.02018
0.01201,0.01685,0.02722,0.14466,0.01627,0.01334,0.16898,0.01311,0.01494,0.25256,0.01986,0.02533,0.10506,0.01478,0.08581,0.01911,0.01468,0.01334,0.00835,0.01373
0.02450,0.02319,0.03227,0.05483,0.02385,0.02821,0.11718,0.06356,0.02901,0.07274,0.02720,0.09255,0.10733,0.07409,0.11997,0.02107,0.02060,0.01536,0.02326,0.02922
0.01322,0.01955,0.05056,0.06130,0.01463,0.01845,0.19277,0.01665,0.01819,0.21291,0.04630,0.15681,0.05251,0.01443,0.05131,0.01249,0.01032,0.01320,0.01192,0.01248
0.01787,0.03316,0.05718,0.05875,0.03273,0.01864,0.11208,0.01650,0.03269,0.24052,0.05065,0.07256,0.08012,0.00991,0.07613,0.01518,0.01518,0.01756,0.01939,0.02320
0.02138,0.02468,0.02663,0.07407,0.01784,0.04341,0.10725,0.01442,0.02324,0.29482,0.02952,0.03671,0.11011,0.01004,0.09649,0.01720,0.01227,0.01350,0.01012,0.01630
0.01594,0.01368,0.04370,0.06672,0.01701,0.02362,0.15788,0.01413,0.01867,0.28649,0.04716,0.11305,0.05785,0.01217,0.04925,0.01217,0.01082,0.01175,0.01253,0.01541
0.01930,0.01378,0.08516,0.08947,0.02157,0.01948,0.17312,0.01212,0.01434,0.19214,0.07568,0.11224,0.04890,0.01555,0.03542,0.01557,0.01164,0.01324,0.01286,0.01841
0.02258,0.03311,0.03922,0.12547,0.02105,0.02003,0.20549,0.01885,0.02067,0.17655,0.02618,0.08429,0.05587,0.02043,0.04786,0.01814,0.01586,0.01739,0.01547,0.01549
0.01553,0.02148,0.06388,0.06332,0.01744,0.02327,0.11509,0.00987,0.01775,0.39654,0.05500,0.05571,0.03225,0.00889,0.03730,0.01513,0.01271,0.01553,0.00934,0.01397
0.01609,0.01430,0.04769,0.11267,0.02495,0.01800,0.19911,0.01443,0.01772,0.16662,0.04432,0.09714,0.05902,0.01164,0.05947,0.01864,0.01502,0.01743,0.01104,0.03472
0.01320,0.01433,0.01970,0.02054,0.02348,0.01753,0.19800,0.01980,0.01491,0.32155,0.02409,0.20135,0.02063,0.01407,0.02009,0.01101,0.01235,0.00928,0.00801,0.01608
0.02086,0.02365,0.04373,0.08078,0.01122,0.02389,0.17320,0.02123,0.01936,0.17760,0.04386,0.12161,0.07492,0.02077,0.06761,0.01677,0.01441,0.01419,0.01401,0.01634
0.01614,0.03564,0.02513,0.03406,0.01358,0.01483,0.18639,0.01507,0.01826,0.29786,0.01413,0.16933,0.02938,0.02215,0.03098,0.02022,0.01701,0.01587,0.01137,0.01260
0.02617,0.02495,0.04721,0.08256,0.02131,0.03101,0.05279,0.03092,0.04469,0.18240,0.05560,0.04846,0.06955,0.05889,0.07912,0.03289,0.03122,0.02443,0.02446,0.03138
0.01408,0.01398,0.21583,0.05134,0.02170,0.01254,0.07060,0.01354,0.01182,0.10116,0.19304,0.03828,0.07574,0.01147,0.08318,0.01689,0.01234,0.01056,0.00920,0.02272
0.02791,0.01716,0.04999,0.12613,0.02997,0.03725,0.15073,0.01569,0.03556,0.18182,0.05125,0.05859,0.04626,0.01847,0.05003,0.01818,0.02081,0.02117,0.02305,0.01999
0.02022,0.01528,0.13999,0.02788,0.02023,0.02066,0.08996,0.03203,0.01678,0.06509,0.11930,0.07179,0.10406,0.03104,0.11220,0.04222,0.02410,0.01667,0.01339,0.01712
0.01938,0.02536,0.03562,0.08307,0.01343,0.02011,0.15859,0.01610,0.01708,0.34219,0.03169,0.08799,0.03505,0.01009,0.03081,0.01980,0.01457,0.01559,0.01076,0.01271
0.01435,0.02002,0.03793,0.03578,0.01771,0.01982,0.08693,0.15410,0.02100,0.20128,0.03134,0.07862,0.01924,0.15682,0.01949,0.01868,0.01482,0.01423,0.02284,0.01500
0.02743,0.06045,0.05628,0.09908,0.02214,0.02706,0.15081,0.02500,0.04973,0.20446,0.02439,0.06702,0.04166,0.01418,0.04436,0.02173,0.01853,0.01686,0.01214,0.01668
0.01731,0.04099,0.05204,0.02464,0.03923,0.01989,0.05063,0.12313,0.02439,0.15351,0.02042,0.03708,0.04815,0.13623,0.06518,0.06355,0.01921,0.01255,0.01207,0.03979
0.03306,0.01314,0.01994,0.05343,0.01779,0.04123,0.06405,0.04128,0.06294,0.28934,0.02933,0.02391,0.09586,0.03250,0.09305,0.01597,0.02422,0.01961,0.01320,0.01614
0.01470,0.01485,0.02141,0.03443,0.01834,0.02261,0.09217,0.12145,0.02585,0.10555,0.02242,0.06826,0.10727,0.13764,0.11769,0.01639,0.01765,0.01140,0.01683,0.01310
0.01713,0.01780,0.03924,0.04589,0.01857,0.02658,0.12020,0.02135,0.02644,0.31114,0.03852,0.10251,0.05138,0.02380,0.05544,0.01414,0.02036,0.01583,0.01618,0.01749
0.01719,0.01489,0.03581,0.02288,0.02054,0.01692,0.14604,0.01792,0.02597,0.31769,0.03246,0.13928,0.05053,0.01529,0.04782,0.01527,0.01418,0.01323,0.01009,0.02600
0.01987,0.02784,0.03383,0.06483,0.01941,0.02115,0.11405,0.02290,0.02809,0.37097,0.03738,0.07994,0.02890,0.01811,0.03007,0.01848,0.01601,0.01419,0.01473,0.01923
0.02460,0.01341,0.06036,0.04263,0.01304,0.04722,0.08456,0.01940,0.01718,0.27174,0.06400,0.04722,0.09846,0.01581,0.09362,0.02010,0.01596,0.01717,0.01789,0.01562
0.01436,0.02383,0.09340,0.04783,0.01069,0.01861,0.12347,0.01889,0.01765,0.10402,0.06773,0.10125,0.14160,0.02208,0.13958,0.00925,0.01309,0.00995,0.01160,0.01113
0.03907,0.03869,0.06609,0.03485,0.02394,0.02771,0.08032,0.10002,0.02634,0.11853,0.04050,0.06288,0.05176,0.10845,0.05200,0.03830,0.02392,0.02234,0.01942,0.02488
0.02063,0.01295,0.01906,0.09292,0.01773,0.02751,0.14505,0.01471,0.01217,0.40350,0.01994,0.09418,0.01610,0.01400,0.01400,0.01975,0.01549,0.01458,0.01054,0.01517
0.01596,0.02419,0.06222,0.08829,0.03542,0.02834,0.11470,0.01925,0.02490,0.14837,0.06031,0.05181,0.11155,0.01796,0.09948,0.01920,0.01792,0.01452,0.02181,0.02378
0.03500,0.01562,0.02197,0.02963,0.09266,0.03953,0.05477,0.02150,0.01609,0.21359,0.02381,0.03976,0.11952,0.02457,0.02545,0.03697,0.05078,0.03784,0.00830,0.09265
0.02671,0.07737,0.06448,0.04444,0.03106,0.02321,0.11527,0.02281,0.02324,0.22568,0.01935,0.09171,0.03748,0.02112,0.03618,0.03779,0.03500,0.03021,0.01632,0.02054
0.02115,0.02949,0.06134,0.06243,0.02762,0.02491,0.12193,0.03125,0.03652,0.15482,0.06816,0.08058,0.06895,0.02225,0.06146,0.03394,0.02737,0.01958,0.02521,0.02105
0.01873,0.07266,0.13421,0.04650,0.01610,0.02415,0.12193,0.01470,0.02495,0.22054,0.06941,0.09088,0.02727,0.01250,0.03154,0.01662,0.01395,0.01590,0.00935,0.01812
0.01718,0.01224,0.03394,0.02519,0.01234,0.01843,0.18426,0.05776,0.02806,0.10639,0.02845,0.17545,0.07940,0.07044,0.08318,0.01702,0.01384,0.01013,0.01619,0.01012
0.01544,0.00954,0.04620,0.02910,0.01902,0.01445,0.28589,0.01453,0.01853,0.06560,0.04705,0.28563,0.03703,0.01362,0.03553,0.01261,0.01363,0.01178,0.01062,0.01418
0.02967,0.03317,0.03120,0.03824,0.03982,0.02717,0.09287,0.02502,0.05613,0.25773,0.04451,0.08183,0.03216,0.01896,0.04452,0.02682,0.02784,0.02394,0.04253,0.02587
0.02745,0.04411,0.02737,0.03400,0.01918,0.01734,0.06256,0.16694,0.02579,0.10256,0.02570,0.04425,0.03860,0.18464,0.04311,0.02747,0.02989,0.02713,0.03696,0.01496
0.01566,0.16879,0.19165,0.05406,0.02250,0.01292,0.10547,0.01717,0.01962,0.14480,0.03411,0.05979,0.03745,0.01207,0.03150,0.01644,0.01180,0.01320,0.01184,0.01916
0.01108,0.01805,0.06910,0.04652,0.02785,0.01315,0.17974,0.01333,0.01601,0.15870,0.06008,0.14873,0.07709,0.00912,0.07947,0.01605,0.01194,0.00994,0.00691,0.02714
0.02079,0.00758,0.01826,0.02785,0.16093,0.02364,0.08618,0.01796,0.01859,0.14198,0.01993,0.06595,0.09017,0.01891,0.03657,0.02154,0.02941,0.02025,0.00908,0.16442
0.01188,0.01129,0.02992,0.15302,0.01351,0.01095,0.21192,0.00786,0.00774,0.34111,0.02190,0.07606,0.02849,0.00483,0.02464,0.01057,0.00667,0.00913,0.00459,0.01394
0.02114,0.02270,0.04351,0.04448,0.01823,0.02828,0.13518,0.02378,0.02470,0.13004,0.04063,0.11144,0.13188,0.01660,0.12027,0.01547,0.01634,0.02472,0.01552,0.01508
0.04188,0.02847,0.03308,0.04531,0.01640,0.03696,0.11192,0.04460,0.02520,0.05708,0.04316,0.09034,0.12773,0.04351,0.12111,0.03169,0.02535,0.03801,0.01809,0.02010
0.01100,0.01090,0.06362,0.02877,0.01409,0.00989,0.09020,0.01082,0.00843,0.50300,0.05799,0.07342,0.03301,0.01026,0.02403,0.01055,0.00946,0.00823,0.00783,0.01451
0.01378,0.01430,0.01852,0.19666,0.01332,0.00857,0.28239,0.01007,0.01514,0.20269,0.01234,0.10617,0.02526,0.01048,0.01681,0.01241,0.01308,0.01006,0.00817,0.00979
0.05081,0.03069,0.04376,0.03442,0.02636,0.02859,0.13566,0.02552,0.03095,0.11388,0.02376,0.12297,0.10580,0.02931,0.11044,0.01491,0.01887,0.01610,0.01551,0.02168
0.02411,0.02152,0.03096,0.05389,0.03527,0.03332,0.10172,0.02684,0.05240,0.21912,0.04030,0.09885,0.05971,0.02451,0.05442,0.02031,0.03990,0.01711,0.01853,0.02720
0.02246,0.02445,0.03970,0.12630,0.04654,0.03813,0.16788,0.02603,0.06429,0.09977,0.05245,0.09190,0.02050,0.01980,0.03559,0.01883,0.04352,0.02175,0.01989,0.02021
0.02969,0.04843,0.03998,0.06196,0.03320,0.03353,0.09767,0.02993,0.08406,0.20756,0.02671,0.08278,0.03690,0.02344,0.05402,0.01889,0.02796,0.02642,0.01648,0.02039
0.04447,0.02715,0.03233,0.07997,0.03047,0.02462,0.11658,0.02743,0.06068,0.25922,0.03419,0.07202,0.02591,0.03063,0.03541,0.01815,0.02683,0.01704,0.01701,0.01991
0.01786,0.01656,0.03552,0.06542,0.01393,0.02471,0.17931,0.01721,0.02174,0.28528,0.03824,0.13884,0.03141,0.01334,0.02805,0.01241,0.01762,0.01465,0.01312,0.01478
0.01435,0.10963,0.21645,0.06416,0.02732,0.01733,0.11071,0.01190,0.01586,0.08812,0.09562,0.05260,0.04899,0.01026,0.04689,0.01618,0.01028,0.01118,0.00840,0.02380
0.02310,0.01468,0.02734,0.04019,0.02930,0.02362,0.11136,0.02471,0.03829,0.35544,0.02719,0.09039,0.03927,0.02136,0.04070,0.01985,0.01472,0.01825,0.01340,0.02686
0.02043,0.08331,0.14591,0.11877,0.02245,0.02434,0.09676,0.02152,0.02524,0.08638,0.06370,0.04651,0.04755,0.04287,0.04760,0.02242,0.02073,0.01661,0.02299,0.02394
0.02198,0.01973,0.10783,0.04033,0.01743,0.02051,0.17137,0.01855,0.02939,0.09558,0.10668,0.15456,0.04173,0.01286,0.04746,0.02313,0.02131,0.01552,0.01365,0.02039
0.01671,0.01368,0.15769,0.04432,0.01221,0.01562,0.07667,0.01520,0.02537,0.09624,0.14727,0.03945,0.13786,0.01387,0.13347,0.01006,0.01610,0.01000,0.00924,0.00898
0.01788,0.01407,0.02077,0.02728,0.02071,0.01433,0.21495,0.01361,0.01363,0.27643,0.01455,0.20243,0.03624,0.01281,0.02666,0.01313,0.01320,0.01613,0.00896,0.02223
0.01109,0.00814,0.01607,0.03257,0.13096,0.01607,0.04608,0.01732,0.01655,0.38709,0.01767,0.02538,0.03763,0.01919,0.02429,0.01913,0.01901,0.01148,0.01083,0.13346
0.03156,0.01669,0.03089,0.05563,0.02171,0.04007,0.16485,0.03470,0.02698,0.19386,0.03561,0.12709,0.04404,0.02643,0.03849,0.02397,0.02142,0.01939,0.01993,0.02670
0.01538,0.01961,0.04690,0.03712,0.02286,0.01600,0.19289,0.02461,0.01864,0.15545,0.03560,0.17352,0.06971,0.02515,0.06370,0.01611,0.01564,0.01499,0.01249,0.02363
0.01250,0.11114,0.14510,0.06169,0.02371,0.01506,0.13764,0.01503,0.02771,0.10497,0.04142,0.08492,0.08364,0.01234,0.06514,0.00984,0.01082,0.01391,0.00943,0.01398
0.04285,0.03802,0.03214,0.05638,0.02796,0.04169,0.07889,0.05276,0.06236,0.17029,0.04115,0.04925,0.06503,0.04358,0.06899,0.02841,0.03103,0.03155,0.02073,0.01696
0.03811,0.02941,0.02955,0.07712,0.03770,0.04560,0.13485,0.04751,0.02823,0.04319,0.03409,0.06591,0.09630,0.05273,0.09007,0.02914,0.02332,0.02923,0.03085,0.03708
0.01923,0.01492,0.02780,0.03251,0.01890,0.02342,0.08600,0.05183,0.02481,0.36298,0.02620,0.07906,0.03269,0.05500,0.03181,0.03493,0.01664,0.01793,0.01778,0.02554
0.01723,0.01797,0.07912,0.04605,0.02019,0.01726,0.06190,0.01362,0.02175,0.29440,0.06077,0.04439,0.10095,0.02270,0.09463,0.01273,0.01652,0.01427,0.01484,0.02869
0.02996,0.01468,0.03796,0.15139,0.03090,0.02145,0.16691,0.02872,0.02522,0.17651,0.03010,0.02305,0.07443,0.02568,0.07671,0.01550,0.01753,0.01513,0.01172,0.02644
0.01369,0.02214,0.03571,0.03495,0.08779,0.01166,0.16703,0.01128,0.01653,0.13638,0.02504,0.14512,0.07079,0.01368,0.07344,0.01324,0.01014,0.00978,0.00661,0.09497
0.02541,0.06902,0.09769,0.09144,0.03310,0.02577,0.15732,0.02648,0.03075,0.10440,0.04039,0.07447,0.03224,0.02171,0.04021,0.03203,0.02463,0.02455,0.02017,0.02819
0.01684,0.06545,0.09840,0.04754,0.02025,0.01636,0.11608,0.01777,0.01763,0.18424,0.03717,0.09813,0.08139,0.02039,0.08137,0.02019,0.01236,0.01717,0.00966,0.02161
0.02122,0.01627,0.02980,0.11455,0.01872,0.02648,0.20408,0.01491,0.01758,0.19381,0.02897,0.16153,0.02530,0.02873,0.01847,0.01408,0.01401,0.01497,0.01402,0.02249
0.03046,0.02084,0.05995,0.03945,0.02287,0.02162,0.07640,0.04135,0.01838,0.17308,0.04063,0.07168,0.11176,0.04667,0.11498,0.03587,0.02181,0.02111,0.01563,0.01546
0.02142,0.02846,0.05885,0.11565,0.03079,0.02859,0.13782,0.02247,0.03830,0.16372,0.05276,0.05012,0.05695,0.02519,0.05300,0.03690,0.01958,0.01904,0.01647,0.02391
0.01209,0.04054,0.04946,0.01711,0.03514,0.01322,0.05024,0.01235,0.01227,0.23386,0.01399,0.04432,0.19533,0.01134,0.18479,0.01346,0.01043,0.01112,0.00705,0.03189
0.11639,0.03658,0.03891,0.03603,0.04292,0.03288,0.05941,0.03833,0.06207,0.19600,0.03571,0.04172,0.03438,0.03749,0.05485,0.03154,0.03493,0.03691,0.01227,0.02069
0.02377,0.04234,0.07819,0.03814,0.01875,0.03022,0.11373,0.02364,0.03379,0.17869,0.03702,0.08707,0.09529,0.01530,0.09381,0.01640,0.01487,0.02070,0.01350,0.02477
0.02566,0.01943,0.07070,0.08383,0.01781,0.02718,0.10699,0.04672,0.01583,0.26474,0.06499,0.03644,0.05470,0.04044,0.03922,0.02347,0.01709,0.01651,0.01123,0.01703
0.01424,0.01137,0.04564,0.03174,0.02138,0.01550,0.16614,0.03327,0.01312,0.18841,0.03259,0.15755,0.07558,0.05132,0.07463,0.01265,0.00914,0.01205,0.00960,0.02405
0.01216,0.06686,0.08628,0.20603,0.02025,0.01034,0.30449,0.01653,0.01564,0.05016,0.01199,0.09352,0.01637,0.01137,0.01878,0.01347,0.01348,0.00803,0.00821,0.01605
0.01328,0.03204,0.05367,0.06869,0.01740,0.01659,0.27802,0.01361,0.01443,0.08392,0.02033,0.23630,0.03082,0.01658,0.02760,0.02224,0.01600,0.01017,0.01232,0.01599
0.01426,0.02796,0.05569,0.12394,0.02648,0.01430,0.16063,0.02230,0.01986,0.24121,0.02789,0.04676,0.05978,0.01982,0.06007,0.01372,0.00921,0.01740,0.01044,0.02829
0.02376,0.03218,0.01977,0.06182,0.05506,0.03369,0.11106,0.03481,0.01746,0.17649,0.02946,0.09788,0.03852,0.06124,0.04527,0.03618,0.02271,0.01620,0.05038,0.03607
0.02473,0.02960,0.11525,0.11627,0.02618,0.01481,0.17806,0.03327,0.03245,0.07299,0.09482,0.07281,0.04193,0.03144,0.04729,0.01160,0.01332,0.01303,0.01271,0.01746
0.02336,0.04452,0.02073,0.03693,0.02833,0.02519,0.11466,0.02012,0.02561,0.35178,0.02199,0.09575,0.02799,0.01384,0.02530,0.03561,0.02238,0.02555,0.01508,0.02528
0.03163,0.01445,0.03097,0.02620,0.03015,0.02319,0.06453,0.11918,0.02315,0.18698,0.03273,0.05527,0.03860,0.11370,0.04332,0.05774,0.02912,0.02204,0.02649,0.03055
0.01578,0.01235,0.02878,0.09935,0.02326,0.01790,0.19262,0.01242,0.01693,0.28112,0.02484,0.12462,0.03559,0.00994,0.02978,0.01249,0.01262,0.01665,0.01051,0.02245
0.01925,0.01972,0.03033,0.07588,0.03374,0.03162,0.06172,0.02642,0.05056,0.32984,0.03796,0.05949,0.02843,0.04290,0.03961,0.01570,0.02415,0.01938,0.02260,0.03071
0.02405,0.02919,0.06284,0.04130,0.03275,0.02474,0.19080,0.01841,0.02755,0.11440,0.04896,0.18101,0.03160,0.01364,0.03698,0.02279,0.02421,0.02412,0.02338,0.02727
0.01840,0.04661,0.12129,0.11729,0.01611,0.02883,0.17722,0.01912,0.02146,0.07175,0.06423,0.07447,0.07369,0.01587,0.06517,0.01547,0.01289,0.01179,0.01169,0.01665
0.03871,0.03365,0.03912,0.08812,0.03448,0.04133,0.11788,0.03608,0.06456,0.10774,0.03976,0.06253,0.06542,0.02741,0.06924,0.02716,0.03151,0.02937,0.02172,0.02422
0.06930,0.02571,0.02852,0.04688,0.03212,0.03414,0.09271,0.05633,0.07158,0.09678,0.03316,0.07872,0.03866,0.05069,0.07056,0.03085,0.03767,0.05615,0.02287,0.02662
0.01893,0.03924,0.06898,0.09127,0.04361,0.02676,0.17300,0.01935,0.02613,0.12303,0.02876,0.10440,0.06516,0.01389,0.06081,0.01838,0.01851,0.01385,0.01111,0.03484
0.00996,0.02026,0.02314,0.02758,0.01049,0.01386,0.03254,0.01778,0.01345,0.69297,0.00927,0.02785,0.01362,0.02319,0.01484,0.00905,0.00958,0.01027,0.00840,0.01189
0.02079,0.02976,0.03431,0.07058,0.20412,0.02774,0.04834,0.01598,0.03382,0.05543,0.03496,0.03275,0.03217,0.03574,0.03568,0.02245,0.02002,0.01933,0.01873,0.20729
0.01776,0.01593,0.03167,0.07024,0.02866,0.02140,0.20912,0.02439,0.02455,0.13028,0.02808,0.14821,0.06473,0.02604,0.05991,0.02094,0.02063,0.01418,0.01237,0.03091
0.01892,0.02219,0.02064,0.05460,0.02728,0.02610,0.14003,0.05605,0.02576,0.25147,0.01939,0.10668,0.02757,0.05334,0.02601,0.03515,0.01661,0.02054,0.02815,0.02351
0.01621,0.01280,0.04645,0.02824,0.02954,0.01300,0.06352,0.01433,0.01709,0.52678,0.04212,0.04424,0.02565,0.01510,0.02520,0.02158,0.01504,0.01069,0.00909,0.02333
0.02311,0.02154,0.07217,0.04524,0.01992,0.01658,0.07620,0.01742,0.02482,0.33120,0.04750,0.04687,0.08163,0.01545,0.07475,0.02483,0.01550,0.01618,0.01092,0.01816
0.04926,0.09051,0.09044,0.04262,0.02136,0.03738,0.05823,0.04146,0.09759,0.20615,0.02889,0.02719,0.02962,0.03875,0.05146,0.02164,0.02565,0.01689,0.01369,0.01121
0.01794,0.03482,0.04649,0.14700,0.01674,0.02593,0.23509,0.01326,0.02027,0.05238,0.02224,0.11773,0.07744,0.01264,0.07586,0.01787,0.01591,0.01727,0.01645,0.01667
0.02196,0.03458,0.04565,0.18230,0.02207,0.02219,0.21875,0.02487,0.04909,0.11079,0.02328,0.03218,0.05768,0.02404,0.05702,0.01717,0.01971,0.01168,0.01037,0.01461
0.01575,0.05320,0.10925,0.12516,0.01791,0.02046,0.18701,0.01532,0.01568,0.11210,0.08510,0.09238,0.03188,0.01779,0.03157,0.01544,0.01485,0.01245,0.01222,0.01447
0.03683,0.01453,0.13466,0.06613,0.03812,0.02822,0.07906,0.02543,0.05813,0.05606,0.12857,0.02526,0.10206,0.01664,0.10521,0.01810,0.02170,0.01227,0.00990,0.02312
0.00728,0.01351,0.13134,0.03462,0.02382,0.00846,0.05689,0.01104,0.01344,0.44279,0.11772,0.02768,0.02234,0.01215,0.02104,0.00813,0.00754,0.00659,0.00824,0.02538
0.02716,0.01349,0.02340,0.18235,0.03466,0.04711,0.08079,0.01360,0.02952,0.15316,0.03256,0.05482,0.03599,0.06948,0.04071,0.02370,0.02037,0.01764,0.04701,0.05246
0.01542,0.01995,0.02837,0.14180,0.03236,0.02621,0.15070,0.01857,0.02998,0.23774,0.02820,0.03331,0.06313,0.01751,0.05301,0.02629,0.01990,0.01855,0.01353,0.02547
0.03897,0.02455,0.03684,0.08330,0.02903,0.03202,0.13393,0.05976,0.02304,0.11147,0.03319,0.11626,0.03369,0.10308,0.03587,0.01366,0.01532,0.01382,0.03083,0.03137
0.02553,0.01892,0.05210,0.04658,0.01759,0.02526,0.16222,0.02405,0.02003,0.22631,0.04320,0.12521,0.04625,0.03003,0.03562,0.02902,0.01765,0.01999,0.01624,0.01821
0.01962,0.01984,0.02811,0.02384,0.04589,0.02273,0.11261,0.02213,0.02154,0.10087,0.02323,0.10132,0.17031,0.01471,0.16823,0.01605,0.01236,0.01591,0.01282,0.04788
0.01880,0.02438,0.04956,0.04404,0.02521,0.02532,0.14493,0.02303,0.02571,0.22228,0.04257,0.11152,0.07255,0.01965,0.06535,0.01886,0.01734,0.01669,0.01340,0.01882
0.01190,0.01367,0.02737,0.02114,0.01559,0.01211,0.03419,0.06676,0.01628,0.54784,0.01382,0.02185,0.03335,0.07711,0.03380,0.00939,0.01186,0.00748,0.01265,0.01185
0.02150,0.02710,0.13933,0.05057,0.01835,0.01918,0.14341,0.04729,0.01579,0.05053,0.12709,0.10311,0.04068,0.04162,0.04615,0.02322,0.01853,0.02182,0.02505,0.01967
0.01521,0.01019,0.04207,0.09775,0.02648,0.02131,0.15854,0.01138,0.01605,0.30465,0.04376,0.07354,0.04120,0.01194,0.04050,0.01766,0.01493,0.01240,0.01080,0.02964
0.03224,0.07154,0.09914,0.04604,0.02780,0.02637,0.15751,0.03117,0.02642,0.06999,0.03511,0.14929,0.02791,0.04319,0.03436,0.03023,0.02772,0.02069,0.01844,0.02484
0.02681,0.01739,0.03033,0.04456,0.02689,0.02299,0.14917,0.07861,0.02570,0.13281,0.02635,0.11851,0.05030,0.09786,0.04805,0.02007,0.01681,0.02136,0.01760,0.02782
0.03294,0.02241,0.02982,0.07587,0.02293,0.02508,0.16103,0.03482,0.05494,0.15526,0.03273,0.09787,0.05801,0.02541,0.05291,0.02512,0.02652,0.02444,0.01421,0.02769
0.03008,0.06000,0.05907,0.02736,0.02329,0.02135,0.07235,0.03394,0.02759,0.24698,0.03392,0.06274,0.07944,0.02575,0.08339,0.03272,0.02228,0.02529,0.01210,0.02035
0.01147,0.01643,0.04118,0.09002,0.01396,0.01350,0.17304,0.01819,0.01218,0.35025,0.03152,0.09865,0.03034,0.01747,0.02560,0.01470,0.01084,0.01186,0.00798,0.01084
0.03206,0.04545,0.04228,0.02945,0.04862,0.02492,0.10354,0.02717,0.05769,0.15838,0.03040,0.09602,0.06929,0.01567,0.07604,0.02645,0.02856,0.03552,0.01301,0.03949
0.02447,0.02256,0.13249,0.06433,0.02822,0.03190,0.10560,0.01478,0.02782,0.18194,0.12663,0.06707,0.03080,0.01293,0.02837,0.02158,0.01906,0.01974,0.01462,0.02508
0.02293,0.01357,0.03325,0.02624,0.02809,0.01510,0.05543,0.03051,0.04781,0.18826,0.03093,0.04943,0.16960,0.02335,0.17328,0.01840,0.02318,0.01270,0.01881,0.01912
0.01713,0.01665,0.02862,0.02217,0.02405,0.01145,0.17905,0.04662,0.01407,0.20078,0.01552,0.16381,0.07061,0.05815,0.07226,0.01104,0.01104,0.00942,0.00821,0.01934
0.01571,0.01533,0.02938,0.04988,0.05625,0.02126,0.09951,0.01966,0.03309,0.10514,0.02935,0.07845,0.16883,0.01601,0.16292,0.01260,0.01181,0.01346,0.01092,0.05043
0.02278,0.04183,0.06326,0.03667,0.02674,0.02754,0.10109,0.02342,0.01793,0.16413,0.05195,0.08250,0.11469,0.01967,0.10624,0.02306,0.01640,0.01673,0.01930,0.02406
0.02548,0.02016,0.02673,0.05961,0.03013,0.03162,0.09891,0.02922,0.04050,0.33528,0.01963,0.06143,0.02939,0.02215,0.02491,0.01938,0.06278,0.01516,0.02585,0.02167
0.03057,0.01713,0.01843,0.05330,0.05968,0.03345,0.10110,0.05002,0.07913,0.16280,0.02463,0.09199,0.02181,0.03850,0.03555,0.02063,0.06111,0.01936,0.03376,0.04705
0.01916,0.01887,0.03174,0.03688,0.01732,0.02303,0.21166,0.09269,0.02988,0.06037,0.03011,0.20262,0.02441,0.08699,0.02588,0.03013,0.01836,0.01144,0.01496,0.01350
0.01894,0.02075,0.04597,0.06782,0.08835,0.03150,0.09311,0.02879,0.01895,0.14512,0.03777,0.06469,0.06152,0.04332,0.06311,0.01982,0.02063,0.01592,0.01914,0.09479
0.01406,0.06363,0.07331,0.01334,0.10053,0.01462,0.07491,0.01320,0.02485,0.20940,0.01502,0.07693,0.09219,0.00811,0.07776,0.01446,0.01138,0.01095,0.00698,0.08438
0.03005,0.01921,0.02201,0.06738,0.01694,0.02653,0.20939,0.02141,0.02844,0.16422,0.03448,0.17060,0.02939,0.02276,0.02975,0.01533,0.02306,0.01963,0.02552,0.02390
0.01865,0.02071,0.03198,0.03326,0.03700,0.02183,0.15636,0.09898,0.02316,0.13625,0.02236,0.13855,0.02533,0.10793,0.02799,0.02182,0.01514,0.01079,0.01637,0.03557
0.01504,0.00960,0.04878,0.03667,0.02451,0.01709,0.08991,0.01344,0.01742,0.13869,0.03881,0.06721,0.20290,0.01584,0.19972,0.00964,0.01188,0.01093,0.00756,0.02435
0.01807,0.01855,0.05945,0.04879,0.01165,0.01941,0.14380,0.01917,0.01341,0.25097,0.06053,0.11513,0.06542,0.01902,0.06388,0.01746,0.01086,0.02147,0.00971,0.01324
0.02512,0.02027,0.03432,0.10290,0.03502,0.03449,0.12030,0.02555,0.07022,0.22988,0.03422,0.03569,0.05908,0.02051,0.05975,0.01666,0.02149,0.01627,0.01573,0.02254
0.02022,0.01871,0.03621,0.16262,0.02356,0.01429,0.18661,0.01503,0.01214,0.24993,0.01894,0.02757,0.06445,0.01523,0.05900,0.02094,0.01181,0.01299,0.01035,0.01940
0.01447,0.03670,0.05115,0.02694,0.03078,0.01611,0.07166,0.01528,0.02681,0.24703,0.01976,0.05270,0.16397,0.01300,0.14625,0.01192,0.01056,0.01218,0.00894,0.02378
0.01585,0.15929,0.16925,0.03691,0.01311,0.01379,0.05966,0.04451,0.01494,0.25538,0.02189,0.02520,0.03728,0.04801,0.03239,0.01271,0.00972,0.00828,0.00914,0.01267
0.01419,0.01457,0.09179,0.03172,0.01745,0.01508,0.06936,0.00996,0.01576,0.37630,0.08463,0.04819,0.07362,0.00881,0.06547,0.01414,0.01140,0.01494,0.00826,0.01436
