0.17823,0.17178,0.04647,0.06183,0.11823,0.04584,0.02731,0.05556,0.04237,0.02851,0.04854,0.03697,0.02614,0.00824,0.01403,0.01827,0.02826,0.01779,0.01285,0.01278
0.12453,0.13143,0.06974,0.05583,0.09247,0.05969,0.03182,0.06559,0.04862,0.07501,0.03598,0.02892,0.06143,0.02175,0.02569,0.01669,0.02245,0.00714,0.00980,0.01543
0.36057,0.32437,0.01929,0.02914,0.04432,0.03069,0.01176,0.02257,0.01331,0.01211,0.02223,0.02540,0.01116,0.01713,0.01268,0.01100,0.01093,0.00715,0.00646,0.00774
0.13529,0.14216,0.05946,0.07297,0.08623,0.08179,0.04071,0.05506,0.03097,0.04842,0.03484,0.02264,0.03135,0.02133,0.02978,0.03519,0.02404,0.01101,0.01679,0.01998
0.15057,0.30136,0.04829,0.03368,0.09417,0.05252,0.01642,0.03578,0.02647,0.03123,0.02975,0.03342,0.01953,0.02444,0.01678,0.01828,0.01201,0.03231,0.01122,0.01176
0.13228,0.14817,0.05174,0.06991,0.09822,0.06269,0.02563,0.07171,0.04330,0.03411,0.04649,0.04019,0.03965,0.02444,0.02280,0.02049,0.01748,0.01934,0.01513,0.01625
0.13919,0.20507,0.06279,0.06353,0.09267,0.06978,0.04140,0.05798,0.03407,0.04565,0.03808,0.02256,0.02179,0.01352,0.01872,0.02405,0.01570,0.01114,0.00802,0.01427
0.22618,0.12189,0.05915,0.05469,0.08877,0.05428,0.02141,0.05003,0.04096,0.02929,0.05170,0.03702,0.03438,0.02130,0.01794,0.01936,0.01376,0.02219,0.01898,0.01675
0.16433,0.15409,0.05875,0.05503,0.11540,0.07403,0.03229,0.04624,0.06352,0.02439,0.03991,0.03690,0.02212,0.02876,0.01860,0.01393,0.01481,0.00887,0.01396,0.01408
0.11655,0.10428,0.08094,0.08583,0.10800,0.06783,0.05462,0.04530,0.04631,0.05434,0.03679,0.02655,0.03242,0.02052,0.03258,0.03250,0.01715,0.00931,0.01155,0.01665
0.34663,0.17028,0.05605,0.05153,0.06098,0.05721,0.01361,0.02469,0.02087,0.03890,0.03053,0.02152,0.02216,0.01645,0.01698,0.01808,0.01090,0.00648,0.00543,0.01074
0.25017,0.20197,0.04608,0.03950,0.07318,0.04745,0.02820,0.05284,0.03054,0.04818,0.02339,0.02205,0.02115,0.01393,0.01538,0.01735,0.01380,0.01360,0.00966,0.03157
0.10128,0.08455,0.02843,0.03938,0.28582,0.03323,0.01237,0.25314,0.01826,0.01606,0.01891,0.01851,0.01282,0.02052,0.00655,0.01425,0.00832,0.00808,0.00695,0.01255
0.19509,0.09564,0.10532,0.06400,0.05951,0.13699,0.02562,0.02764,0.01792,0.03538,0.04610,0.04152,0.03642,0.01712,0.01456,0.02085,0.02481,0.00361,0.01958,0.01233
0.37709,0.15721,0.04356,0.03943,0.06806,0.03623,0.01446,0.03791,0.02412,0.02339,0.02346,0.02438,0.02704,0.02171,0.01352,0.02271,0.01837,0.00973,0.00552,0.01209
0.31875,0.23889,0.03612,0.03873,0.06392,0.04867,0.01943,0.03419,0.03061,0.02830,0.02582,0.01765,0.01339,0.01379,0.01698,0.01247,0.01634,0.00933,0.00824,0.00839
0.15708,0.17849,0.04661,0.06749,0.09099,0.05633,0.02568,0.06329,0.03690,0.04681,0.02409,0.05758,0.01975,0.03286,0.01622,0.01992,0.01520,0.01236,0.01491,0.01747
0.18456,0.14920,0.05282,0.09747,0.12032,0.04962,0.03121,0.06220,0.03757,0.02957,0.02953,0.02303,0.02977,0.01638,0.01693,0.02052,0.01555,0.00945,0.01190,0.01238
0.11956,0.13862,0.05732,0.07462,0.09789,0.07889,0.02881,0.07729,0.04406,0.02591,0.04415,0.04730,0.02363,0.02453,0.02134,0.01651,0.01608,0.01220,0.02620,0.02507
0.19924,0.15181,0.07297,0.07501,0.07878,0.06091,0.03700,0.07013,0.04186,0.02271,0.04119,0.02162,0.02109,0.02054,0.01498,0.01389,0.00826,0.02528,0.01167,0.01107
0.21472,0.07046,0.03369,0.06170,0.10199,0.15359,0.02617,0.03863,0.02912,0.03086,0.04494,0.03305,0.02631,0.03958,0.02057,0.01825,0.02198,0.00849,0.01294,0.01297
0.15335,0.11332,0.05348,0.07045,0.11729,0.05580,0.03519,0.06124,0.05147,0.07089,0.03230,0.02838,0.03568,0.01566,0.02291,0.02488,0.00951,0.01549,0.01728,0.01542
0.17851,0.19235,0.04821,0.08636,0.08684,0.05521,0.02467,0.04068,0.04343,0.03458,0.03562,0.02748,0.03595,0.01480,0.01750,0.03238,0.01003,0.00909,0.01064,0.01570
0.12576,0.13402,0.07746,0.06132,0.07603,0.09350,0.05455,0.06377,0.04518,0.05030,0.04136,0.02485,0.03712,0.02210,0.02261,0.01582,0.01547,0.01303,0.01467,0.01107
0.22786,0.16646,0.05142,0.08641,0.08862,0.04982,0.02408,0.03303,0.03750,0.03481,0.02682,0.02283,0.02378,0.03096,0.02469,0.02341,0.01471,0.01488,0.00979,0.00811
0.23023,0.17875,0.05618,0.05483,0.06910,0.05572,0.02090,0.04451,0.03482,0.03389,0.04443,0.03102,0.01829,0.02237,0.01741,0.02513,0.01531,0.01286,0.01521,0.01903
0.21545,0.11754,0.04764,0.08250,0.14903,0.04875,0.03094,0.06544,0.02622,0.02723,0.02008,0.03180,0.01963,0.02435,0.01676,0.02518,0.01224,0.00965,0.01601,0.01357
0.12572,0.17884,0.05128,0.06289,0.11120,0.08686,0.02769,0.07027,0.03496,0.03207,0.05363,0.02093,0.02161,0.02206,0.03120,0.01893,0.01638,0.00835,0.01252,0.01260
0.31483,0.10528,0.04572,0.07116,0.05789,0.07044,0.03653,0.05549,0.03689,0.02585,0.03154,0.01812,0.03250,0.01335,0.02014,0.01508,0.01758,0.00775,0.00949,0.01435
0.18048,0.13607,0.03586,0.06190,0.08078,0.19049,0.02640,0.04138,0.03039,0.02620,0.03375,0.03087,0.02179,0.01494,0.01883,0.01712,0.02083,0.00513,0.01413,0.01269
0.27242,0.13789,0.07043,0.06885,0.06080,0.06295,0.02517,0.05024,0.03286,0.03422,0.03067,0.02581,0.02167,0.01802,0.01894,0.01760,0.01512,0.01051,0.00824,0.01759
0.24251,0.27426,0.03098,0.05795,0.07158,0.04852,0.02222,0.05076,0.01910,0.01600,0.02565,0.02047,0.02519,0.03009,0.01670,0.00972,0.01396,0.01115,0.00557,0.00763
0.28615,0.25157,0.04709,0.04863,0.06719,0.04059,0.02057,0.03855,0.02508,0.02086,0.02842,0.02515,0.01974,0.01371,0.01193,0.01768,0.01365,0.00850,0.00735,0.00759
0.42724,0.09655,0.07673,0.05157,0.04648,0.03240,0.02309,0.02686,0.02711,0.02057,0.03041,0.02098,0.02293,0.01684,0.01075,0.01307,0.01740,0.01226,0.01105,0.01571
0.10485,0.35184,0.04125,0.04027,0.10003,0.05458,0.01952,0.08046,0.02324,0.04136,0.03279,0.01774,0.02033,0.01038,0.01845,0.01285,0.00961,0.00482,0.00810,0.00753
0.30520,0.27037,0.03956,0.02958,0.05948,0.03316,0.01793,0.02988,0.03880,0.01746,0.02188,0.01976,0.02831,0.01610,0.01172,0.01796,0.01397,0.01026,0.00616,0.01248
0.18554,0.11970,0.07505,0.07467,0.07384,0.05765,0.02006,0.04561,0.05260,0.03689,0.05068,0.02761,0.03182,0.02429,0.01767,0.02051,0.02386,0.01633,0.01856,0.02706
0.07868,0.29605,0.04292,0.04805,0.11558,0.06302,0.02021,0.04222,0.05516,0.02419,0.03287,0.01936,0.04022,0.01619,0.03632,0.02407,0.01547,0.00559,0.00876,0.01508
0.09665,0.24760,0.06762,0.07828,0.11937,0.06797,0.03953,0.05096,0.03026,0.03468,0.02166,0.02782,0.01605,0.01544,0.01589,0.02352,0.01451,0.00900,0.01119,0.01201
0.31583,0.19004,0.03942,0.03910,0.07026,0.03724,0.02636,0.03734,0.02474,0.02934,0.03396,0.02442,0.01592,0.01570,0.01487,0.02466,0.02703,0.00647,0.00888,0.01841
0.21989,0.20364,0.05060,0.06247,0.10643,0.05370,0.01900,0.03426,0.03578,0.02237,0.03011,0.02132,0.03354,0.01901,0.01836,0.02238,0.01379,0.00510,0.01568,0.01257
0.18577,0.16024,0.04796,0.03900,0.07679,0.04779,0.02852,0.03444,0.02753,0.02780,0.07233,0.03454,0.04285,0.03701,0.01781,0.02486,0.03102,0.01663,0.02190,0.02518
0.13936,0.22900,0.06496,0.05738,0.04960,0.07359,0.03175,0.04706,0.03921,0.02883,0.03508,0.03795,0.03849,0.02056,0.01546,0.02382,0.01451,0.02045,0.01798,0.01496
0.24140,0.19701,0.05826,0.04798,0.10174,0.02609,0.03570,0.03251,0.01727,0.04219,0.03190,0.02464,0.03175,0.01743,0.01547,0.04271,0.01351,0.00609,0.00768,0.00868
0.10523,0.11444,0.05026,0.10117,0.12383,0.13138,0.03722,0.07733,0.04409,0.02651,0.03365,0.03082,0.01715,0.03477,0.02072,0.01599,0.01329,0.00680,0.00696,0.00838
0.16753,0.18173,0.07985,0.06152,0.11140,0.04266,0.04198,0.05610,0.02949,0.03977,0.03278,0.02604,0.02952,0.02426,0.02130,0.01492,0.01184,0.00755,0.00959,0.01018
0.25298,0.19676,0.05809,0.04546,0.13657,0.06619,0.02370,0.04030,0.02331,0.02787,0.02113,0.01197,0.01986,0.01758,0.01086,0.01270,0.01039,0.00538,0.01051,0.00838
0.14943,0.11448,0.04336,0.06557,0.09318,0.05280,0.04005,0.05564,0.04065,0.04838,0.03534,0.05074,0.03246,0.01530,0.04251,0.02392,0.05369,0.00489,0.01828,0.01932
0.14961,0.11054,0.04195,0.05246,0.09106,0.06553,0.04486,0.07156,0.02800,0.03371,0.06063,0.02731,0.04545,0.02606,0.03426,0.01871,0.02722,0.01176,0.01646,0.04286
0.13111,0.15182,0.06570,0.12825,0.10539,0.05568,0.03229,0.06626,0.04697,0.03262,0.05456,0.01413,0.01432,0.01582,0.01099,0.01975,0.00878,0.01505,0.00962,0.02090
0.22465,0.28079,0.04719,0.04489,0.06079,0.03930,0.02766,0.03634,0.03942,0.02210,0.03740,0.02341,0.01459,0.01668,0.01165,0.01780,0.01214,0.01747,0.01009,0.01564
0.34688,0.17972,0.03343,0.03104,0.07410,0.03269,0.01937,0.03813,0.02451,0.02823,0.04603,0.02979,0.02993,0.02215,0.01291,0.01443,0.00979,0.00919,0.00891,0.00878
0.20453,0.18296,0.07143,0.05723,0.08504,0.06543,0.02820,0.05806,0.03659,0.02574,0.03677,0.02212,0.01914,0.01483,0.01555,0.02140,0.01621,0.00720,0.01156,0.02002
0.14416,0.17513,0.07741,0.10709,0.15972,0.09798,0.01721,0.02135,0.03264,0.06294,0.02639,0.01527,0.01246,0.00770,0.01053,0.00776,0.01052,0.00323,0.00462,0.00590
0.21902,0.11899,0.06149,0.03442,0.04456,0.12001,0.04525,0.05322,0.02814,0.02866,0.07012,0.01797,0.01691,0.01278,0.01226,0.01610,0.01400,0.06467,0.00653,0.01490
0.17212,0.19048,0.05832,0.05256,0.11146,0.06277,0.02330,0.03727,0.04525,0.03507,0.04276,0.03801,0.02455,0.01246,0.02159,0.00899,0.01446,0.01538,0.01350,0.01970
0.28316,0.26524,0.02799,0.03836,0.04869,0.04264,0.01308,0.04757,0.02091,0.03063,0.01880,0.03933,0.03389,0.01445,0.01421,0.01282,0.00972,0.01093,0.01229,0.01529
0.13689,0.12995,0.04614,0.09174,0.06140,0.08395,0.03653,0.04876,0.04627,0.06152,0.06805,0.03938,0.03665,0.01709,0.02295,0.02232,0.01174,0.01441,0.01177,0.01252
0.17025,0.17899,0.04779,0.06062,0.11529,0.06985,0.02839,0.05621,0.04912,0.04671,0.03273,0.01900,0.02241,0.01495,0.01453,0.01849,0.01171,0.00942,0.01313,0.02040
0.17503,0.13356,0.05949,0.06397,0.10592,0.06900,0.03036,0.06786,0.03403,0.03674,0.03804,0.02530,0.02340,0.02393,0.02815,0.02182,0.02457,0.01524,0.01152,0.01208
0.18702,0.16454,0.06752,0.07362,0.07513,0.06638,0.02479,0.05554,0.04541,0.03253,0.04787,0.02633,0.01989,0.02345,0.01352,0.01752,0.02294,0.01177,0.00925,0.01499
0.07487,0.36197,0.05061,0.06021,0.10773,0.05108,0.02876,0.03633,0.03178,0.02478,0.02799,0.02107,0.03499,0.02086,0.01333,0.01630,0.00939,0.00865,0.00850,0.01080
0.18375,0.28811,0.03192,0.04219,0.07890,0.02708,0.02886,0.04717,0.03693,0.02721,0.02893,0.02942,0.02391,0.02408,0.02560,0.02658,0.01069,0.01672,0.00835,0.01360
0.24687,0.25350,0.03564,0.04214,0.09553,0.03448,0.03039,0.03567,0.02852,0.01791,0.06281,0.02290,0.01395,0.01135,0.01766,0.01221,0.00687,0.00832,0.00486,0.01841
0.11024,0.24679,0.09697,0.04959,0.08561,0.03683,0.02755,0.05379,0.04037,0.03490,0.03188,0.02308,0.02626,0.03978,0.01528,0.01734,0.01025,0.01134,0.00888,0.03325
0.11404,0.16784,0.05232,0.04738,0.07560,0.12820,0.06031,0.05362,0.04537,0.03217,0.06644,0.03526,0.02690,0.03900,0.00965,0.01007,0.01468,0.00462,0.00815,0.00837
0.19377,0.13007,0.06947,0.07253,0.11694,0.04972,0.02849,0.06408,0.02976,0.05218,0.02880,0.02302,0.01933,0.01916,0.01348,0.02086,0.02635,0.01910,0.01019,0.01271
0.24136,0.22290,0.03444,0.03981,0.06158,0.06034,0.02937,0.04372,0.02931,0.02580,0.02803,0.03775,0.02016,0.02683,0.02697,0.02095,0.01420,0.01138,0.01289,0.01223
0.19699,0.19053,0.04000,0.06178,0.09658,0.06749,0.03538,0.04653,0.02571,0.02586,0.02595,0.03530,0.03955,0.01807,0.01834,0.02593,0.01264,0.00665,0.01791,0.01280
0.15816,0.15325,0.05717,0.06489,0.10809,0.05480,0.03615,0.06268,0.05660,0.03358,0.03370,0.02753,0.02420,0.02304,0.00740,0.01898,0.01878,0.03615,0.00832,0.01652
0.17876,0.13469,0.07313,0.11160,0.08881,0.05483,0.02372,0.02937,0.03748,0.03693,0.03110,0.02609,0.03998,0.02407,0.03174,0.01928,0.01789,0.01339,0.01189,0.01527
0.18833,0.22246,0.05878,0.06747,0.07578,0.05117,0.02610,0.05611,0.03179,0.04464,0.02941,0.02782,0.01819,0.01868,0.01583,0.01725,0.01309,0.01316,0.01342,0.01054
0.24149,0.23508,0.05866,0.07479,0.05070,0.05083,0.05179,0.02136,0.03883,0.02903,0.02000,0.01347,0.01486,0.01452,0.01281,0.01428,0.00874,0.01555,0.01900,0.01421
0.12003,0.18200,0.04009,0.05815,0.13404,0.08350,0.02729,0.07071,0.02720,0.02585,0.05529,0.02475,0.03474,0.02263,0.01563,0.02106,0.01957,0.01341,0.00843,0.01563
0.23152,0.19100,0.06047,0.08797,0.05101,0.04221,0.02815,0.03802,0.03550,0.02823,0.04994,0.01610,0.01519,0.03106,0.02110,0.01724,0.02036,0.00604,0.01154,0.01737
0.24441,0.27001,0.04847,0.05324,0.08915,0.05041,0.02397,0.02815,0.02948,0.02914,0.02406,0.01582,0.01970,0.01749,0.00877,0.01123,0.01637,0.00582,0.00622,0.00810
0.27981,0.14408,0.03722,0.03124,0.14036,0.03055,0.02618,0.07976,0.02011,0.04377,0.04614,0.01386,0.02086,0.01304,0.01059,0.01647,0.01788,0.00684,0.00651,0.01472
0.12129,0.18085,0.03739,0.05029,0.10507,0.04973,0.01825,0.05402,0.03427,0.02933,0.04771,0.04271,0.03512,0.03095,0.02477,0.02279,0.04657,0.02172,0.01827,0.02890
0.16947,0.18525,0.04932,0.06286,0.08845,0.07954,0.02739,0.04554,0.01976,0.02854,0.02727,0.03441,0.03476,0.02349,0.01873,0.02664,0.02163,0.01686,0.00943,0.03066
0.23551,0.24934,0.05192,0.07124,0.10118,0.05312,0.01792,0.04611,0.02254,0.01605,0.02135,0.01957,0.02016,0.01270,0.01357,0.01383,0.01124,0.00902,0.00438,0.00927
0.23933,0.17304,0.03968,0.04224,0.07766,0.05560,0.01797,0.05901,0.02485,0.03326,0.05656,0.02732,0.02496,0.02882,0.02372,0.01985,0.01800,0.01894,0.00987,0.00932
0.10174,0.21037,0.03940,0.05606,0.12530,0.03694,0.02611,0.07583,0.03256,0.03685,0.04461,0.03116,0.05623,0.02822,0.02166,0.01688,0.01514,0.01163,0.01081,0.02249
0.26431,0.24757,0.03866,0.03399,0.05916,0.03446,0.01678,0.02415,0.03723,0.02302,0.04031,0.02200,0.04249,0.01852,0.02903,0.01761,0.01355,0.01029,0.01105,0.01582
0.23188,0.24937,0.06110,0.06446,0.07955,0.04531,0.02258,0.03574,0.03248,0.02494,0.02073,0.02381,0.01705,0.01375,0.00991,0.02319,0.01372,0.00889,0.00895,0.01258
0.14901,0.18328,0.04194,0.07818,0.06052,0.07410,0.02994,0.03678,0.04397,0.05551,0.05255,0.04067,0.03513,0.01604,0.01903,0.01787,0.01656,0.01289,0.01497,0.02106
0.11282,0.11102,0.03404,0.03521,0.22435,0.03382,0.02680,0.18596,0.02058,0.03689,0.02872,0.02411,0.02669,0.02015,0.02154,0.01914,0.01509,0.00739,0.00639,0.00928
0.20312,0.32146,0.04082,0.04613,0.06951,0.04149,0.02384,0.02546,0.02604,0.03066,0.04086,0.02002,0.02283,0.01688,0.01306,0.01882,0.01302,0.00980,0.00493,0.01126
0.20939,0.07159,0.04611,0.05730,0.19042,0.05929,0.01924,0.11450,0.02374,0.03421,0.03011,0.02084,0.02254,0.01521,0.01889,0.02049,0.02414,0.00641,0.00595,0.00965
0.11000,0.27960,0.04669,0.05093,0.08822,0.04223,0.03224,0.03872,0.03798,0.02920,0.05376,0.02208,0.03023,0.01390,0.02387,0.02795,0.02729,0.01053,0.01178,0.02281
0.10370,0.11002,0.06103,0.09833,0.11747,0.09681,0.02800,0.04666,0.03644,0.02520,0.06135,0.02399,0.04265,0.01566,0.02518,0.02714,0.02784,0.01506,0.01253,0.02493
0.17176,0.13743,0.03376,0.06560,0.06593,0.06698,0.03291,0.04010,0.02617,0.04037,0.05634,0.05233,0.05403,0.03208,0.03238,0.02463,0.02491,0.00824,0.01826,0.01578
0.22049,0.17908,0.04344,0.05467,0.07464,0.05159,0.02561,0.05410,0.03619,0.02728,0.04252,0.03558,0.02233,0.03222,0.01728,0.02475,0.01696,0.01719,0.00784,0.01622
0.31668,0.15775,0.07810,0.04569,0.05427,0.04824,0.02607,0.04315,0.02528,0.03217,0.03032,0.02751,0.01458,0.01588,0.01285,0.02110,0.01998,0.01042,0.00751,0.01242
0.20639,0.24852,0.04495,0.04298,0.06868,0.06494,0.02980,0.03180,0.02770,0.03176,0.04965,0.02042,0.02676,0.00949,0.02375,0.03193,0.01317,0.00832,0.00619,0.01280
0.16928,0.16752,0.03107,0.04424,0.16161,0.04432,0.02758,0.13236,0.03261,0.02607,0.02507,0.01825,0.01673,0.01140,0.01933,0.01576,0.02129,0.00814,0.00601,0.02137
0.12786,0.12760,0.04966,0.08506,0.08419,0.07533,0.03810,0.10455,0.07258,0.03274,0.04461,0.02365,0.03269,0.01539,0.02089,0.01284,0.01630,0.01059,0.01358,0.01177
0.25656,0.24814,0.04943,0.04850,0.07863,0.03281,0.02561,0.04708,0.02047,0.03102,0.02692,0.01464,0.01812,0.01983,0.02163,0.01374,0.01490,0.01299,0.00503,0.01394
0.15644,0.13265,0.06686,0.06828,0.09563,0.05885,0.04091,0.04545,0.02707,0.04256,0.07844,0.03194,0.02741,0.02858,0.02331,0.02339,0.01680,0.00375,0.01377,0.01788
0.23869,0.23174,0.05785,0.06404,0.09324,0.04676,0.02047,0.05081,0.02524,0.02414,0.01891,0.01852,0.02552,0.01329,0.01674,0.01900,0.00831,0.01010,0.00875,0.00787
0.21912,0.20033,0.05860,0.03871,0.08721,0.05523,0.03058,0.05132,0.02392,0.03618,0.03521,0.02178,0.02892,0.01667,0.01998,0.02283,0.01595,0.01386,0.00755,0.01607
0.19558,0.18888,0.05324,0.05000,0.10620,0.05978,0.02767,0.05632,0.05287,0.03129,0.01775,0.02677,0.01714,0.01945,0.01983,0.02134,0.02450,0.00482,0.01071,0.01586
0.18728,0.11138,0.03659,0.06260,0.13973,0.06303,0.01839,0.05328,0.02529,0.02177,0.02183,0.02513,0.05276,0.01670,0.07480,0.04556,0.01697,0.00837,0.00786,0.01066
0.23143,0.28867,0.05420,0.05058,0.05347,0.03775,0.01226,0.03978,0.02815,0.02140,0.03228,0.02148,0.02572,0.01906,0.01151,0.01505,0.02332,0.01507,0.00743,0.01140
0.15022,0.16405,0.07239,0.06460,0.12650,0.05748,0.02260,0.06170,0.04847,0.03242,0.02484,0.02468,0.03650,0.01644,0.01442,0.01617,0.03077,0.00609,0.01071,0.01895
0.16965,0.24514,0.07699,0.05630,0.08800,0.04937,0.03146,0.04334,0.03033,0.02335,0.02939,0.02657,0.02427,0.02008,0.01700,0.01749,0.01210,0.01120,0.01674,0.01122
0.16934,0.16012,0.04762,0.05277,0.07365,0.04188,0.03163,0.04264,0.03615,0.03225,0.04216,0.05983,0.02920,0.02728,0.03871,0.04327,0.03165,0.01516,0.01309,0.01159
0.17920,0.21008,0.04571,0.04432,0.09045,0.06191,0.02481,0.04075,0.03258,0.01906,0.02913,0.03394,0.02880,0.02529,0.03938,0.02592,0.01207,0.01890,0.01183,0.02588
0.17514,0.16601,0.03315,0.05435,0.08233,0.05879,0.01934,0.07921,0.08488,0.03699,0.03873,0.03292,0.01965,0.02535,0.01854,0.02408,0.01045,0.01535,0.01499,0.00978
0.32682,0.18588,0.04400,0.06252,0.05919,0.04543,0.02397,0.03359,0.02138,0.02189,0.03682,0.01861,0.02076,0.01706,0.01817,0.01637,0.01144,0.01184,0.00908,0.01519
0.28189,0.25300,0.03984,0.04909,0.05087,0.03777,0.02489,0.02719,0.02638,0.02472,0.03600,0.02491,0.01340,0.01822,0.02408,0.01378,0.02112,0.00913,0.00798,0.01573
0.26923,0.16984,0.04595,0.05093,0.06973,0.04103,0.02271,0.03915,0.03304,0.04034,0.03676,0.02361,0.02850,0.02211,0.01414,0.03082,0.01725,0.01205,0.01408,0.01873
0.15196,0.17812,0.03135,0.08963,0.10670,0.06145,0.02920,0.04617,0.03906,0.02754,0.04931,0.04065,0.03158,0.02482,0.01491,0.01853,0.01597,0.01707,0.01199,0.01399
0.20551,0.24819,0.05154,0.04239,0.04763,0.07237,0.03048,0.02863,0.02844,0.03156,0.05733,0.03191,0.02371,0.02123,0.01369,0.01851,0.01149,0.01134,0.01173,0.01232
0.10795,0.17822,0.07852,0.04420,0.10957,0.10323,0.04595,0.03333,0.04752,0.01967,0.06059,0.02394,0.02590,0.02059,0.01596,0.01342,0.03090,0.00726,0.01608,0.01719
0.21639,0.21359,0.07697,0.06308,0.05816,0.04377,0.04293,0.04817,0.04420,0.03737,0.01727,0.03091,0.01849,0.02563,0.01024,0.01412,0.00888,0.00827,0.00783,0.01372
0.19730,0.11589,0.09619,0.07323,0.05532,0.07128,0.06216,0.04808,0.02864,0.06038,0.02759,0.02099,0.03779,0.01699,0.01566,0.01665,0.02335,0.01252,0.00920,0.01081
0.25819,0.22324,0.03402,0.04654,0.07445,0.04939,0.02076,0.05435,0.03640,0.03393,0.02694,0.02101,0.01673,0.02545,0.01500,0.01137,0.01805,0.01078,0.00773,0.01568
0.09829,0.15140,0.06343,0.04827,0.08181,0.05655,0.04371,0.04304,0.05714,0.04103,0.04959,0.05961,0.02956,0.05774,0.02554,0.02516,0.02308,0.01309,0.01578,0.01619
0.25951,0.13236,0.09037,0.04234,0.09202,0.03851,0.03016,0.07466,0.02841,0.03222,0.01918,0.02134,0.02025,0.02604,0.01008,0.01211,0.00838,0.04175,0.00702,0.01328
0.18283,0.24138,0.04867,0.05717,0.07804,0.06291,0.02464,0.05954,0.03002,0.02444,0.03030,0.02480,0.02147,0.01786,0.02002,0.02094,0.01406,0.01422,0.00783,0.01887
0.14482,0.14176,0.03293,0.04283,0.09468,0.03883,0.03780,0.08266,0.05217,0.05158,0.03725,0.02749,0.04767,0.01528,0.01890,0.04050,0.04794,0.00926,0.01086,0.02478
0.24705,0.22658,0.04760,0.05969,0.07233,0.05806,0.01847,0.04494,0.03105,0.03077,0.02797,0.02434,0.02052,0.01339,0.01238,0.02004,0.01298,0.00883,0.00968,0.01333
0.10765,0.26810,0.05665,0.04522,0.15352,0.05165,0.03424,0.05063,0.03566,0.03657,0.02612,0.01880,0.02350,0.01575,0.01458,0.01887,0.00894,0.00735,0.00658,0.01961
0.34870,0.15119,0.08070,0.05705,0.05660,0.03482,0.01694,0.04597,0.02687,0.03294,0.02920,0.01474,0.01656,0.02316,0.00805,0.01285,0.01276,0.00721,0.01085,0.01287
0.29376,0.19472,0.03799,0.04185,0.08114,0.04090,0.02535,0.03434,0.04120,0.02914,0.02469,0.02301,0.02868,0.02327,0.02005,0.01740,0.01373,0.01171,0.00826,0.00882
0.31461,0.15385,0.03003,0.05415,0.09674,0.04696,0.02193,0.03960,0.02418,0.02522,0.06268,0.02072,0.01739,0.00812,0.01901,0.01880,0.01448,0.00592,0.00963,0.01600
0.17924,0.29156,0.03846,0.02844,0.06223,0.05258,0.02571,0.04369,0.04188,0.02769,0.04238,0.02919,0.02694,0.01704,0.01643,0.02356,0.01523,0.01194,0.01231,0.01349
0.23060,0.23058,0.04813,0.06196,0.09009,0.05084,0.02632,0.05341,0.03030,0.03103,0.02104,0.02519,0.01780,0.01158,0.01066,0.01804,0.00880,0.01303,0.00574,0.01485
0.24580,0.19481,0.04755,0.04818,0.11729,0.04065,0.02546,0.03941,0.02848,0.02785,0.04096,0.02240,0.01721,0.01765,0.01596,0.01610,0.01433,0.01931,0.00815,0.01245
0.20717,0.18656,0.04888,0.05936,0.07948,0.04784,0.03283,0.04881,0.03901,0.03314,0.04379,0.02741,0.02327,0.02251,0.01518,0.02101,0.01339,0.01117,0.02196,0.01723
0.25103,0.23799,0.03764,0.05661,0.07308,0.07133,0.02201,0.04412,0.04497,0.03334,0.02717,0.01386,0.01936,0.00913,0.01159,0.00980,0.00858,0.01439,0.00521,0.00877
0.17882,0.17421,0.07256,0.11615,0.05866,0.04878,0.02394,0.04746,0.02882,0.03234,0.03096,0.03717,0.02960,0.02259,0.01480,0.02128,0.01133,0.02940,0.00935,0.01180
0.20190,0.16790,0.05489,0.06680,0.09759,0.06864,0.02756,0.05134,0.03717,0.04262,0.03136,0.02253,0.02266,0.01451,0.01727,0.01189,0.02111,0.00978,0.01439,0.01807
0.19850,0.16911,0.04751,0.08222,0.05865,0.05664,0.04380,0.04922,0.05117,0.03735,0.02625,0.03292,0.02020,0.02103,0.01798,0.02159,0.02205,0.02167,0.00813,0.01401
0.11486,0.23280,0.05711,0.03013,0.04651,0.05044,0.01639,0.04220,0.02038,0.04087,0.04972,0.05754,0.06371,0.01944,0.02302,0.03842,0.02479,0.01113,0.02610,0.03442
0.10538,0.11913,0.06395,0.04441,0.08499,0.09357,0.02700,0.04292,0.03155,0.02425,0.03047,0.09715,0.03352,0.03731,0.03371,0.03495,0.04254,0.02147,0.01549,0.01624
0.19299,0.19234,0.06209,0.04605,0.07130,0.05122,0.03674,0.03542,0.03108,0.03537,0.04354,0.02207,0.04152,0.02311,0.02126,0.02867,0.01758,0.01130,0.02005,0.01631
0.19454,0.15441,0.06901,0.06505,0.07267,0.06044,0.03192,0.05146,0.05159,0.02791,0.03963,0.03558,0.02665,0.03004,0.01356,0.02401,0.01350,0.01533,0.01039,0.01231
0.16962,0.17925,0.07037,0.06407,0.10506,0.06484,0.03411,0.05077,0.03723,0.03122,0.03184,0.02131,0.02701,0.02783,0.01316,0.02800,0.01381,0.00476,0.01347,0.01228
0.13886,0.22658,0.05833,0.04998,0.15320,0.05063,0.01325,0.06874,0.04742,0.02634,0.02012,0.02160,0.02882,0.01228,0.01767,0.03621,0.00691,0.00501,0.00753,0.01051
0.22917,0.25443,0.04922,0.05771,0.06596,0.04532,0.01479,0.02275,0.02718,0.02469,0.07163,0.02444,0.02601,0.01754,0.02484,0.00814,0.01280,0.00572,0.00684,0.01082
0.25394,0.12470,0.04714,0.07377,0.17193,0.03059,0.01524,0.06225,0.02355,0.04808,0.03015,0.01768,0.01681,0.01177,0.01149,0.01551,0.00720,0.01301,0.01057,0.01462
0.17449,0.17796,0.06735,0.04178,0.10758,0.05601,0.03044,0.04189,0.03273,0.02327,0.05251,0.04350,0.03436,0.01032,0.03391,0.01736,0.00673,0.01270,0.00668,0.02844
0.25809,0.22904,0.04481,0.04022,0.11923,0.03439,0.02696,0.04238,0.02388,0.03057,0.02878,0.01952,0.01585,0.01212,0.01577,0.02077,0.00581,0.01057,0.00767,0.01357
0.25361,0.24404,0.03705,0.09963,0.10590,0.03280,0.02032,0.06601,0.01912,0.02265,0.01527,0.01111,0.01669,0.00924,0.00863,0.00696,0.00919,0.00542,0.00564,0.01072
0.19219,0.14707,0.03690,0.05679,0.08343,0.11200,0.04131,0.04311,0.03318,0.03141,0.04508,0.03699,0.02141,0.01758,0.01810,0.01809,0.02520,0.00877,0.01817,0.01321
0.16357,0.15485,0.05990,0.04254,0.06411,0.08713,0.02941,0.04521,0.03353,0.02879,0.05371,0.04362,0.03705,0.01554,0.02956,0.02901,0.03362,0.01405,0.00784,0.02697
0.18254,0.20519,0.12965,0.05425,0.10620,0.03280,0.02311,0.02011,0.02802,0.07156,0.02297,0.01659,0.01467,0.01657,0.01230,0.01825,0.01465,0.01096,0.00952,0.01009
0.25192,0.25014,0.04315,0.04592,0.08976,0.03875,0.02341,0.03622,0.02522,0.03319,0.02178,0.02125,0.01786,0.02093,0.01448,0.01800,0.01053,0.00624,0.00704,0.02421
0.15076,0.14516,0.06527,0.04129,0.10070,0.06631,0.03763,0.04917,0.03285,0.03421,0.04369,0.02645,0.03186,0.01638,0.05224,0.03377,0.01689,0.01043,0.01924,0.02570
0.15783,0.16201,0.05046,0.06176,0.08244,0.06482,0.02752,0.04568,0.04153,0.04371,0.06433,0.03717,0.02972,0.02325,0.01498,0.01829,0.01644,0.03541,0.00904,0.01361
0.13144,0.42515,0.03578,0.03238,0.07334,0.03429,0.01455,0.03839,0.01635,0.03040,0.03018,0.02566,0.03215,0.01477,0.01486,0.01369,0.00967,0.00425,0.00769,0.01502
0.27391,0.11187,0.03871,0.06621,0.11894,0.06925,0.03673,0.03982,0.02697,0.02441,0.02414,0.04672,0.02238,0.02424,0.01486,0.00978,0.01930,0.01132,0.01149,0.00895
0.43722,0.11765,0.02619,0.07020,0.10901,0.02758,0.02156,0.03986,0.01656,0.01069,0.00995,0.02384,0.01615,0.02162,0.01098,0.01237,0.00427,0.00542,0.00751,0.01138
0.15702,0.20418,0.05535,0.06236,0.09570,0.04792,0.02710,0.05201,0.02989,0.03216,0.04533,0.03608,0.03812,0.02232,0.01710,0.01914,0.02242,0.00706,0.01288,0.01587
0.20877,0.20197,0.03979,0.04561,0.08428,0.04881,0.02429,0.07476,0.03739,0.02441,0.04734,0.01789,0.03143,0.02312,0.02003,0.01961,0.01497,0.00849,0.00892,0.01813
0.21203,0.12043,0.06955,0.07350,0.09242,0.05074,0.04273,0.06492,0.04518,0.03844,0.03129,0.02813,0.01727,0.01696,0.01701,0.01978,0.01642,0.01651,0.01404,0.01267
0.23110,0.10038,0.06119,0.05058,0.10691,0.05277,0.04276,0.08042,0.03672,0.04528,0.02447,0.02219,0.02983,0.02618,0.01870,0.02070,0.01502,0.00919,0.00962,0.01599
0.12724,0.16112,0.04004,0.08462,0.08547,0.06415,0.04143,0.08359,0.04793,0.04775,0.03180,0.02800,0.02395,0.02472,0.01921,0.01227,0.01626,0.00744,0.03129,0.02173
0.16747,0.14260,0.05186,0.06361,0.10700,0.05960,0.03623,0.04051,0.02673,0.05074,0.06358,0.02969,0.02994,0.02462,0.02177,0.02146,0.02280,0.01665,0.00974,0.01340
0.34236,0.30781,0.02966,0.03006,0.08403,0.02628,0.01111,0.02477,0.01432,0.01984,0.02281,0.01496,0.01789,0.01272,0.00880,0.01110,0.00880,0.00476,0.00280,0.00511
0.22222,0.13748,0.05474,0.15526,0.05431,0.04009,0.03663,0.03745,0.05080,0.03537,0.02413,0.02456,0.01753,0.02972,0.01179,0.02640,0.00992,0.00755,0.00974,0.01432
0.17264,0.17521,0.06022,0.08539,0.08082,0.07783,0.02487,0.05240,0.02673,0.02366,0.05540,0.03095,0.02748,0.02023,0.01847,0.01471,0.02074,0.00959,0.00983,0.01283
0.22980,0.20221,0.04005,0.07026,0.07868,0.06550,0.02703,0.04198,0.02794,0.02360,0.03471,0.02702,0.03446,0.01380,0.01864,0.02154,0.01045,0.01104,0.01104,0.01025
0.19557,0.19988,0.03664,0.05037,0.07616,0.03423,0.02694,0.04336,0.02459,0.03635,0.05407,0.04012,0.02586,0.03853,0.01405,0.02779,0.02553,0.01501,0.01551,0.01945
0.15430,0.12454,0.04751,0.05362,0.10001,0.06188,0.04229,0.04438,0.06515,0.05170,0.02565,0.03773,0.01906,0.01970,0.02259,0.02658,0.03207,0.02709,0.01938,0.02477
0.31432,0.15268,0.04102,0.08731,0.10299,0.04187,0.01854,0.03396,0.03473,0.02187,0.02544,0.01880,0.01686,0.02046,0.01541,0.01785,0.00984,0.00782,0.00760,0.01063
0.26145,0.17148,0.04122,0.05640,0.05072,0.10864,0.02383,0.03952,0.02174,0.03595,0.03371,0.03409,0.01527,0.02311,0.01361,0.01762,0.02380,0.01217,0.00856,0.00710
0.17515,0.26224,0.06394,0.03036,0.13508,0.03891,0.01629,0.06174,0.02569,0.02056,0.02874,0.01606,0.02704,0.02100,0.02047,0.01146,0.01139,0.00757,0.01202,0.01429
0.09099,0.31989,0.06424,0.08497,0.07349,0.09873,0.02350,0.05687,0.02094,0.01854,0.02170,0.01369,0.01651,0.01722,0.02618,0.01674,0.00845,0.00322,0.00646,0.01765
0.15328,0.13944,0.08165,0.07620,0.11920,0.09232,0.03652,0.05245,0.05418,0.05315,0.03571,0.01566,0.01940,0.01089,0.01147,0.01355,0.01192,0.00624,0.00631,0.01047
0.16598,0.21359,0.06446,0.07437,0.09163,0.05937,0.02848,0.04510,0.03253,0.03169,0.02591,0.02328,0.02357,0.01769,0.02715,0.01584,0.01687,0.01081,0.01155,0.02012
0.20468,0.18690,0.07180,0.06838,0.07290,0.05374,0.01960,0.05115,0.04803,0.03411,0.02352,0.03670,0.02132,0.02507,0.01753,0.02025,0.01490,0.01010,0.00716,0.01217
0.09444,0.28138,0.07105,0.11260,0.06106,0.03535,0.02610,0.04468,0.04570,0.03179,0.02163,0.02928,0.02531,0.01573,0.02227,0.01900,0.01462,0.01344,0.01392,0.02065
0.23495,0.21380,0.03928,0.04228,0.12346,0.03608,0.02901,0.05197,0.01697,0.02968,0.04187,0.02389,0.01532,0.02428,0.01318,0.01538,0.01436,0.01323,0.01185,0.00914
0.18817,0.17609,0.05026,0.04907,0.07932,0.04135,0.03679,0.03257,0.02827,0.03315,0.05041,0.04496,0.02421,0.04211,0.02784,0.02931,0.01667,0.00993,0.02006,0.01946
0.20550,0.20266,0.04309,0.04434,0.07843,0.06489,0.02442,0.03596,0.02902,0.01486,0.03835,0.03073,0.03843,0.01912,0.03170,0.03088,0.02878,0.00847,0.01417,0.01620
0.30927,0.14495,0.05148,0.07467,0.06147,0.06636,0.03203,0.05574,0.04038,0.02847,0.01479,0.01550,0.02342,0.01232,0.01111,0.01282,0.01256,0.01087,0.00728,0.01452
0.13982,0.47394,0.03141,0.04058,0.10839,0.03566,0.01036,0.02167,0.02144,0.01718,0.01901,0.01379,0.00984,0.01169,0.00764,0.01143,0.00636,0.00831,0.00636,0.00510
0.33001,0.16298,0.05282,0.06027,0.06132,0.05165,0.03071,0.03493,0.03135,0.02972,0.02866,0.02042,0.01888,0.01313,0.01832,0.02046,0.00875,0.00761,0.00573,0.01229
0.10750,0.11749,0.05140,0.07415,0.06122,0.06966,0.03470,0.08185,0.05543,0.05446,0.08363,0.03141,0.02618,0.05322,0.01698,0.02281,0.01377,0.01101,0.01730,0.01583
0.11695,0.34803,0.06258,0.11208,0.07909,0.02323,0.02695,0.03546,0.01591,0.01891,0.02393,0.01834,0.03365,0.01432,0.01202,0.01372,0.01700,0.00837,0.01013,0.00934
0.26390,0.23994,0.03988,0.04011,0.07283,0.04160,0.02346,0.03193,0.02051,0.02614,0.04014,0.04470,0.02151,0.01401,0.01446,0.01663,0.01429,0.01340,0.01074,0.00981
0.18782,0.18721,0.05576,0.05399,0.07387,0.06423,0.02666,0.03192,0.03996,0.03467,0.03815,0.02329,0.03035,0.02586,0.03216,0.02228,0.01958,0.01492,0.01420,0.02313
0.16550,0.19208,0.02627,0.09532,0.11033,0.05232,0.02725,0.07573,0.03627,0.03560,0.02855,0.02785,0.02936,0.01458,0.01604,0.01313,0.01229,0.01172,0.01610,0.01372
0.26074,0.25260,0.04671,0.02943,0.09677,0.03533,0.01304,0.03436,0.01863,0.02164,0.05354,0.02420,0.02218,0.01234,0.01768,0.01436,0.01041,0.01231,0.01191,0.01183
0.22466,0.09278,0.06599,0.04913,0.12374,0.08589,0.04521,0.05165,0.02764,0.03057,0.04313,0.01786,0.01978,0.03239,0.01355,0.01409,0.01367,0.01667,0.01541,0.01617
0.26008,0.22728,0.05232,0.05569,0.09698,0.04008,0.02110,0.03661,0.02500,0.02141,0.02546,0.02567,0.02512,0.01016,0.01629,0.01472,0.01569,0.00762,0.01107,0.01164
0.29159,0.21478,0.04784,0.03886,0.08381,0.04676,0.02279,0.03888,0.02933,0.02292,0.01562,0.02270,0.02022,0.01168,0.01514,0.01708,0.01642,0.00967,0.01705,0.01686
0.27135,0.25137,0.03956,0.03958,0.06402,0.03380,0.01692,0.02592,0.02518,0.01628,0.02995,0.03391,0.02410,0.02144,0.01975,0.02398,0.02053,0.01501,0.01250,0.01484
0.18244,0.27600,0.04621,0.03895,0.08656,0.04985,0.02644,0.05361,0.03392,0.04844,0.02656,0.01705,0.02153,0.01743,0.01561,0.01755,0.00979,0.01058,0.00930,0.01218
0.18713,0.20798,0.04120,0.04326,0.14186,0.03695,0.02297,0.09229,0.02063,0.03553,0.03072,0.02080,0.02662,0.01130,0.02147,0.01431,0.01229,0.01100,0.00957,0.01210
0.24105,0.25705,0.03524,0.06268,0.07548,0.03258,0.01758,0.02957,0.03276,0.02405,0.03876,0.02510,0.02546,0.01444,0.01734,0.02127,0.01697,0.00863,0.01257,0.01143
0.18280,0.20449,0.03755,0.04534,0.07287,0.05537,0.01923,0.03283,0.03607,0.02081,0.06369,0.02208,0.03519,0.02322,0.04054,0.01759,0.01903,0.01035,0.02143,0.03951
0.25868,0.21459,0.04154,0.05838,0.06345,0.03976,0.02800,0.03940,0.04174,0.01928,0.03292,0.02726,0.02152,0.02152,0.01504,0.02132,0.01244,0.01269,0.01457,0.01589
0.15417,0.27440,0.04087,0.04213,0.04175,0.06218,0.02281,0.02991,0.04312,0.02802,0.05540,0.03618,0.03173,0.01514,0.02143,0.02579,0.02176,0.01460,0.01924,0.01935
0.22368,0.27865,0.05196,0.05105,0.08459,0.04639,0.02214,0.05138,0.04932,0.01601,0.02007,0.01860,0.02014,0.01082,0.00781,0.01201,0.01133,0.00765,0.00705,0.00935
0.45530,0.16981,0.03608,0.03390,0.05176,0.03112,0.02005,0.02475,0.01850,0.01855,0.02289,0.02400,0.01701,0.01269,0.01330,0.01439,0.00683,0.01075,0.00738,0.01097
0.33695,0.14678,0.04033,0.05228,0.11169,0.04482,0.02605,0.04124,0.04180,0.01935,0.01840,0.01824,0.02408,0.00897,0.01514,0.02274,0.00713,0.00752,0.00636,0.01015
0.30559,0.19545,0.03518,0.03669,0.04856,0.03499,0.01774,0.02867,0.02625,0.02792,0.05668,0.02878,0.01518,0.01697,0.02547,0.02154,0.02100,0.00502,0.02731,0.02503
0.15793,0.21789,0.05844,0.04897,0.16198,0.04401,0.03478,0.03797,0.03542,0.02411,0.03576,0.02635,0.02221,0.01686,0.01713,0.01756,0.01207,0.00766,0.00898,0.01392
0.32288,0.18981,0.04958,0.06138,0.08849,0.04872,0.01782,0.03068,0.02823,0.02511,0.02047,0.02581,0.01544,0.01210,0.00864,0.01896,0.01292,0.00962,0.00616,0.00718
0.24671,0.28915,0.05503,0.03923,0.09251,0.02946,0.01689,0.06387,0.02185,0.02258,0.02141,0.01470,0.01734,0.00687,0.01463,0.01110,0.00833,0.00856,0.00658,0.01322
0.12383,0.12560,0.07105,0.05583,0.10314,0.08455,0.04874,0.10162,0.02715,0.04702,0.02056,0.02405,0.07392,0.02458,0.01495,0.01088,0.00940,0.01026,0.00482,0.01805
0.26690,0.25133,0.02564,0.04278,0.09164,0.04120,0.02111,0.03845,0.02322,0.02498,0.02281,0.03782,0.02157,0.01932,0.00899,0.01532,0.01326,0.01008,0.01117,0.01243
0.25746,0.24838,0.05463,0.03825,0.06424,0.04045,0.02090,0.03896,0.02978,0.02969,0.02578,0.02089,0.01943,0.01727,0.01088,0.01988,0.02550,0.01887,0.00769,0.01109
0.10743,0.39347,0.02909,0.02572,0.10643,0.04573,0.01833,0.03177,0.02003,0.01679,0.02757,0.02884,0.02946,0.01512,0.02011,0.02299,0.01264,0.02410,0.00708,0.01733
0.19447,0.16250,0.04844,0.06960,0.06714,0.03298,0.03714,0.05546,0.05289,0.04736,0.02880,0.02953,0.03469,0.03278,0.01964,0.02529,0.01828,0.01222,0.00997,0.02083
0.11335,0.14527,0.16193,0.08118,0.17107,0.03997,0.01490,0.03926,0.02956,0.09796,0.01640,0.01374,0.01367,0.01324,0.00693,0.01449,0.01031,0.00499,0.00406,0.00770
0.18546,0.17126,0.06912,0.06153,0.10229,0.05327,0.04075,0.05174,0.02815,0.02192,0.03950,0.02368,0.03163,0.03668,0.01476,0.01773,0.01888,0.00954,0.00961,0.01250
0.29668,0.16532,0.06050,0.06990,0.07434,0.06265,0.02633,0.03341,0.03437,0.03838,0.02775,0.01444,0.01877,0.01132,0.01390,0.01242,0.01254,0.01052,0.00666,0.00980
0.38213,0.15695,0.04684,0.04720,0.04976,0.03664,0.02095,0.03570,0.02701,0.02650,0.03262,0.02342,0.01808,0.02287,0.01380,0.01671,0.01624,0.00719,0.00648,0.01291
0.20872,0.17003,0.05731,0.06098,0.08822,0.06126,0.02785,0.06062,0.04733,0.04160,0.04430,0.01528,0.01608,0.01731,0.01815,0.02318,0.01321,0.00693,0.00615,0.01550
0.16275,0.18666,0.07042,0.04871,0.09360,0.05627,0.05049,0.06224,0.04620,0.03339,0.02741,0.01969,0.02107,0.03323,0.01922,0.02277,0.01158,0.01619,0.00893,0.00918
0.18401,0.06933,0.06313,0.16884,0.09468,0.04099,0.01018,0.04415,0.03351,0.01403,0.04069,0.02387,0.05407,0.02826,0.07624,0.01072,0.00920,0.00423,0.01357,0.01630
0.24787,0.18107,0.04614,0.04874,0.04454,0.05995,0.02621,0.04036,0.03032,0.03046,0.03278,0.04868,0.01973,0.02205,0.02365,0.01621,0.02986,0.01827,0.01247,0.02064
0.24662,0.22370,0.03821,0.03422,0.10122,0.04509,0.02046,0.04069,0.02340,0.02196,0.05554,0.02457,0.02731,0.02127,0.01718,0.01740,0.01258,0.00854,0.00744,0.01259
0.27179,0.18034,0.04549,0.06092,0.06630,0.04936,0.04279,0.03734,0.02259,0.02474,0.04852,0.04594,0.01992,0.01204,0.01272,0.01162,0.01178,0.00879,0.01437,0.01263
0.22131,0.20250,0.03971,0.05768,0.13769,0.10923,0.02523,0.03110,0.02683,0.01583,0.01688,0.01889,0.02053,0.01577,0.00941,0.01409,0.00447,0.00620,0.00942,0.01723
0.22411,0.11639,0.03913,0.05990,0.16670,0.09064,0.01632,0.06857,0.02921,0.04236,0.02173,0.02686,0.02053,0.01366,0.01063,0.01642,0.00881,0.00647,0.00933,0.01224
0.19605,0.14794,0.05749,0.11501,0.11953,0.05117,0.03000,0.05156,0.05120,0.03657,0.02145,0.01539,0.02455,0.01196,0.01698,0.01769,0.00899,0.00753,0.00936,0.00959
0.20605,0.21479,0.04977,0.04232,0.10960,0.08181,0.01868,0.05400,0.02890,0.02927,0.03900,0.02043,0.01953,0.01140,0.01298,0.02182,0.01719,0.00545,0.00814,0.00889
0.28800,0.26690,0.04426,0.04006,0.09622,0.03694,0.01860,0.03751,0.02108,0.01895,0.02196,0.01701,0.01816,0.01495,0.01142,0.01211,0.00958,0.01262,0.00562,0.00805
0.26869,0.07770,0.06272,0.03726,0.10867,0.06137,0.02651,0.07538,0.04029,0.02812,0.03875,0.02706,0.01945,0.02245,0.01432,0.01682,0.03842,0.00881,0.01268,0.01453
0.33430,0.11407,0.05889,0.06471,0.05904,0.04879,0.02173,0.03735,0.05163,0.02587,0.02281,0.02144,0.02586,0.01274,0.01480,0.02610,0.01535,0.01087,0.00829,0.02535
0.31354,0.17512,0.03418,0.05086,0.12364,0.03218,0.01170,0.04604,0.02384,0.03569,0.02395,0.02226,0.01548,0.01461,0.01506,0.01508,0.01452,0.00559,0.01341,0.01324
0.17130,0.18227,0.05600,0.04774,0.08812,0.04592,0.03084,0.03742,0.03083,0.02557,0.05677,0.03290,0.03791,0.02865,0.03397,0.02827,0.02827,0.00864,0.01140,0.01719
0.24401,0.21281,0.06671,0.05618,0.07045,0.04633,0.01997,0.03714,0.03564,0.02891,0.04103,0.01768,0.02816,0.01328,0.01839,0.01839,0.00892,0.00912,0.00806,0.01881
0.24420,0.15965,0.05940,0.04829,0.10929,0.04898,0.03332,0.03170,0.02348,0.02400,0.03211,0.02450,0.03031,0.01587,0.02525,0.01819,0.01431,0.01149,0.01579,0.02989
0.25200,0.17718,0.05924,0.04261,0.07105,0.04996,0.03183,0.04116,0.03417,0.02867,0.03364,0.02427,0.03460,0.02621,0.01656,0.01525,0.01439,0.01039,0.02268,0.01415
0.29113,0.16129,0.06622,0.04084,0.05276,0.04395,0.02873,0.03628,0.02690,0.04053,0.03715,0.04050,0.02182,0.02085,0.01833,0.02284,0.01135,0.01164,0.01264,0.01425
0.24818,0.12534,0.07281,0.05960,0.06364,0.04501,0.02337,0.03960,0.07641,0.04040,0.03661,0.02468,0.02327,0.02110,0.02000,0.02588,0.02236,0.00883,0.00944,0.01348
0.16464,0.22107,0.03397,0.05898,0.11504,0.03835,0.04218,0.08309,0.03569,0.03205,0.03341,0.02344,0.02480,0.01829,0.01456,0.01677,0.01208,0.01188,0.00843,0.01127
0.11844,0.18755,0.08473,0.06112,0.17382,0.05827,0.01952,0.04102,0.03611,0.01901,0.01901,0.05192,0.02523,0.01326,0.02506,0.01371,0.01810,0.01435,0.00690,0.01286
0.14991,0.16982,0.04728,0.11364,0.10003,0.04509,0.03739,0.04773,0.06371,0.02915,0.02532,0.01991,0.02308,0.01894,0.02478,0.01811,0.03514,0.01191,0.00715,0.01191
0.14736,0.12993,0.04236,0.07387,0.08013,0.06419,0.04411,0.04777,0.03733,0.05209,0.06097,0.03684,0.02446,0.01835,0.02495,0.02242,0.02604,0.02412,0.02221,0.02053
0.22074,0.15332,0.05508,0.08168,0.08148,0.02855,0.04780,0.02189,0.01828,0.06960,0.02697,0.02189,0.02721,0.01804,0.03048,0.04956,0.01819,0.00807,0.01102,0.01014
0.18627,0.27221,0.05031,0.04317,0.03836,0.05750,0.02814,0.03070,0.03108,0.02473,0.04192,0.02849,0.02954,0.02688,0.01589,0.02563,0.01320,0.01762,0.01845,0.01990
0.18686,0.20305,0.04882,0.05059,0.08802,0.03771,0.02669,0.03509,0.04544,0.02607,0.04626,0.03038,0.04038,0.02292,0.02500,0.01340,0.01468,0.01485,0.02555,0.01825
0.27834,0.09164,0.05096,0.06354,0.06147,0.04110,0.02219,0.04486,0.03371,0.05127,0.06155,0.03300,0.03640,0.00916,0.01995,0.02453,0.01537,0.01127,0.01341,0.03629
0.22290,0.19206,0.04458,0.03681,0.09785,0.03177,0.05295,0.03250,0.02235,0.03956,0.03919,0.02147,0.03064,0.01380,0.02647,0.04206,0.02225,0.01080,0.00723,0.01277
0.39168,0.12086,0.03190,0.05925,0.07612,0.03970,0.02905,0.03589,0.02520,0.02029,0.02522,0.02967,0.01866,0.02555,0.02285,0.01158,0.01063,0.01033,0.00779,0.00778
0.11976,0.12287,0.06824,0.07817,0.08629,0.10850,0.01839,0.05446,0.03469,0.03466,0.06064,0.02456,0.01923,0.02386,0.04860,0.02897,0.01613,0.00894,0.01827,0.02477
0.22223,0.20373,0.04448,0.05716,0.08702,0.05491,0.03565,0.04183,0.03570,0.04054,0.02905,0.01758,0.01680,0.01674,0.01667,0.02534,0.01409,0.01086,0.01194,0.01768
0.18062,0.20046,0.05005,0.06159,0.08908,0.05387,0.01769,0.03675,0.03861,0.03467,0.03302,0.03801,0.03002,0.02187,0.01913,0.02611,0.01945,0.01051,0.02170,0.01681
0.15277,0.11379,0.07230,0.03954,0.07680,0.13271,0.01747,0.04352,0.02401,0.02947,0.06494,0.06538,0.02790,0.03301,0.02238,0.02316,0.02501,0.01058,0.01178,0.01346
0.19796,0.21220,0.06328,0.06665,0.08282,0.07487,0.02468,0.03490,0.03128,0.02664,0.03985,0.02085,0.03226,0.01588,0.01606,0.01644,0.00998,0.01278,0.00891,0.01170
0.10647,0.14851,0.06201,0.06557,0.14094,0.06225,0.02837,0.07983,0.02948,0.02933,0.05619,0.03942,0.03839,0.01294,0.01856,0.02399,0.01594,0.01053,0.01134,0.01991
0.34146,0.28827,0.03952,0.02403,0.07429,0.03926,0.01081,0.02547,0.01821,0.01251,0.02801,0.02269,0.01698,0.00662,0.00783,0.01259,0.01262,0.00592,0.00414,0.00879
0.46270,0.16000,0.04333,0.04355,0.04125,0.02557,0.01623,0.02579,0.02037,0.01754,0.02591,0.01960,0.02332,0.01053,0.01034,0.01043,0.01709,0.01083,0.00823,0.00738
