0.10058,0.08382,0.13665,0.06983,0.13425,0.15315,0.10489,0.11570,0.06020,0.04093
0.12879,0.34207,0.14809,0.12204,0.08018,0.01963,0.00894,0.03993,0.09228,0.01807
0.30021,0.03037,0.21741,0.08368,0.12752,0.04348,0.02532,0.03963,0.01309,0.11928
0.15726,0.12664,0.16631,0.05367,0.17082,0.03053,0.02651,0.03657,0.09687,0.13482
0.04687,0.05985,0.05864,0.03374,0.08123,0.09696,0.00698,0.48557,0.07654,0.05362
0.06191,0.08070,0.07501,0.04794,0.08099,0.08434,0.08754,0.04223,0.42735,0.01199
0.08710,0.05481,0.10495,0.07256,0.06948,0.02799,0.01489,0.11668,0.02564,0.42589
0.04497,0.26620,0.05622,0.28210,0.11503,0.02835,0.06776,0.02072,0.02436,0.09428
0.08990,0.06467,0.10510,0.09017,0.06910,0.03292,0.05801,0.20596,0.24242,0.04174
0.06526,0.29331,0.04758,0.02394,0.03927,0.35703,0.14102,0.00752,0.01276,0.01231
0.18324,0.03645,0.04568,0.02759,0.04468,0.02057,0.04013,0.40979,0.16513,0.02673
0.05943,0.04443,0.06232,0.05445,0.05811,0.02311,0.03067,0.54762,0.02180,0.09806
0.13596,0.04039,0.12542,0.07684,0.05062,0.19451,0.11769,0.08497,0.13056,0.04302
0.14518,0.06299,0.14564,0.11977,0.10130,0.02499,0.17822,0.13261,0.04941,0.03990
0.13658,0.11760,0.07027,0.12276,0.13027,0.01538,0.06335,0.04120,0.26344,0.03915
0.10098,0.08537,0.09868,0.08342,0.07232,0.12784,0.17137,0.03364,0.01711,0.20926
0.13697,0.01348,0.01837,0.13085,0.02635,0.64108,0.01691,0.00317,0.00688,0.00594
0.04734,0.04124,0.04477,0.06825,0.05093,0.01254,0.55617,0.03924,0.03657,0.10295
0.13446,0.04074,0.07356,0.08850,0.09050,0.05997,0.01244,0.22175,0.24602,0.03206
0.04991,0.03756,0.06251,0.04013,0.04239,0.05145,0.01543,0.24601,0.42576,0.02884
0.07416,0.07668,0.07765,0.13857,0.08523,0.03831,0.06126,0.34943,0.04772,0.05099
0.14936,0.09802,0.02635,0.40421,0.13899,0.06187,0.02220,0.00817,0.05033,0.04050
0.08398,0.04318,0.06962,0.08126,0.43298,0.01456,0.01988,0.12097,0.02386,0.10971
0.13253,0.05456,0.08160,0.07141,0.07682,0.30225,0.02248,0.05887,0.15012,0.04936
0.22255,0.02103,0.04173,0.01398,0.27607,0.00804,0.00395,0.29579,0.05001,0.06685
0.04857,0.04127,0.04014,0.02041,0.05019,0.00853,0.01055,0.02567,0.00804,0.74663
0.07058,0.04130,0.12825,0.07924,0.15840,0.11244,0.00766,0.02282,0.36348,0.01584
0.09711,0.06225,0.37830,0.06088,0.05507,0.09381,0.09423,0.08391,0.02112,0.05331
0.06948,0.05487,0.55786,0.07572,0.03985,0.02206,0.01988,0.03113,0.01215,0.11701
0.17624,0.03055,0.22186,0.20855,0.11895,0.02277,0.01140,0.09046,0.07512,0.04410
0.05273,0.18371,0.17373,0.05919,0.19194,0.01523,0.10800,0.07821,0.03692,0.10033
0.20881,0.05097,0.08883,0.05742,0.06824,0.02125,0.02837,0.19874,0.22455,0.05282
0.13490,0.08044,0.13144,0.11837,0.10326,0.09785,0.00859,0.08520,0.03067,0.20930
0.19478,0.04162,0.03313,0.07608,0.05605,0.02479,0.32852,0.05356,0.01560,0.17585
0.02177,0.43523,0.04272,0.11131,0.02490,0.02236,0.19286,0.03775,0.05046,0.06065
0.06614,0.03364,0.03332,0.02701,0.75612,0.01832,0.01344,0.01214,0.01528,0.02459
0.05746,0.17355,0.16379,0.10765,0.11693,0.01757,0.02143,0.14159,0.09133,0.10869
0.17782,0.10103,0.15646,0.16326,0.12867,0.01741,0.11928,0.05098,0.02842,0.05666
0.04545,0.46786,0.13753,0.03937,0.05212,0.06335,0.01684,0.02139,0.08612,0.06998
0.17656,0.08552,0.07516,0.05068,0.17174,0.02413,0.04791,0.16178,0.05226,0.15425
0.08125,0.13879,0.08279,0.15995,0.06882,0.02417,0.02360,0.04239,0.35373,0.02452
0.07444,0.17566,0.07929,0.05358,0.05536,0.02431,0.02631,0.18911,0.21441,0.10754
0.11617,0.14270,0.05556,0.05719,0.14727,0.03456,0.01356,0.05717,0.30482,0.07100
0.12965,0.03034,0.04761,0.44409,0.09546,0.03126,0.04109,0.06560,0.09033,0.02457
0.04124,0.06962,0.13382,0.27648,0.05894,0.04555,0.01356,0.15046,0.18491,0.02541
0.08244,0.04383,0.04808,0.05707,0.05640,0.02030,0.02240,0.44338,0.05062,0.17548
0.25482,0.05809,0.24286,0.21059,0.05613,0.02473,0.01239,0.07681,0.01367,0.04990
0.07043,0.03768,0.04731,0.02628,0.06470,0.24045,0.02898,0.33181,0.05457,0.09778
0.07350,0.08313,0.04691,0.06653,0.03582,0.02138,0.01778,0.11956,0.02462,0.51077
0.11943,0.09591,0.10590,0.10291,0.03092,0.04383,0.00860,0.04230,0.01970,0.43050
0.04296,0.03122,0.39866,0.05168,0.26786,0.01047,0.02948,0.02890,0.04033,0.09844
0.10449,0.04768,0.04733,0.09539,0.04205,0.01843,0.00841,0.27975,0.04148,0.31500
0.15137,0.06281,0.12886,0.12151,0.12351,0.01319,0.05605,0.11216,0.01981,0.21072
0.04665,0.47994,0.21145,0.01797,0.11148,0.02751,0.02537,0.03662,0.01666,0.02635
0.14870,0.12141,0.15028,0.09033,0.06513,0.01217,0.10074,0.04796,0.02289,0.24040
0.07142,0.03991,0.05693,0.06223,0.09834,0.01402,0.03284,0.02028,0.01730,0.58673
0.02241,0.01624,0.10705,0.48024,0.01746,0.01557,0.01163,0.27647,0.02061,0.03233
0.16702,0.11977,0.07142,0.05109,0.26356,0.04927,0.02688,0.11887,0.09279,0.03934
0.43917,0.05102,0.11423,0.09621,0.12483,0.04387,0.02367,0.02274,0.03197,0.05230
0.06729,0.28481,0.17547,0.06586,0.27320,0.03932,0.00880,0.01862,0.01390,0.05272
0.11852,0.12923,0.19475,0.17263,0.10508,0.12709,0.04345,0.02874,0.02636,0.05414
0.11376,0.16399,0.06026,0.13105,0.43790,0.02040,0.01420,0.01246,0.01117,0.03481
0.06906,0.08300,0.29238,0.04731,0.09267,0.00914,0.01797,0.03804,0.02817,0.32226
0.05894,0.10097,0.13908,0.10992,0.19174,0.01729,0.00868,0.09429,0.24459,0.03451
0.02878,0.03600,0.02452,0.02738,0.02724,0.00603,0.01028,0.05357,0.02741,0.75879
0.04690,0.35573,0.06092,0.27647,0.06383,0.02561,0.02310,0.02015,0.02290,0.10438
0.10578,0.11255,0.29259,0.11874,0.13952,0.05130,0.01423,0.05245,0.03137,0.08150
0.49146,0.05999,0.08334,0.06369,0.10692,0.03154,0.01488,0.03703,0.02593,0.08523
0.04763,0.09048,0.02433,0.19797,0.09925,0.01841,0.01138,0.04081,0.01808,0.45167
0.13450,0.19372,0.27140,0.10057,0.09333,0.01980,0.03207,0.03628,0.03470,0.08362
0.05802,0.06942,0.15500,0.16367,0.05045,0.09350,0.02018,0.12236,0.22477,0.04262
0.05639,0.03221,0.17190,0.10468,0.04137,0.01335,0.02401,0.28227,0.02911,0.24472
0.12802,0.06078,0.05163,0.07316,0.03527,0.08476,0.01771,0.33605,0.18401,0.02861
0.08337,0.07932,0.23182,0.06300,0.12542,0.01453,0.12902,0.05911,0.02396,0.19046
0.09173,0.05597,0.10691,0.02744,0.08338,0.01256,0.04214,0.05798,0.00932,0.51257
0.46050,0.03171,0.08055,0.08075,0.09629,0.05769,0.01334,0.06917,0.01429,0.09572
0.06652,0.04409,0.08248,0.05411,0.05192,0.03882,0.03655,0.22360,0.37173,0.03018
0.03948,0.02884,0.60345,0.02474,0.02274,0.01402,0.02015,0.10401,0.12765,0.01491
0.10348,0.10735,0.15589,0.09082,0.11151,0.02643,0.00899,0.30778,0.03281,0.05493
0.12151,0.04572,0.08256,0.24535,0.13726,0.01401,0.01884,0.20507,0.05605,0.07363
0.18337,0.10843,0.06675,0.18729,0.15647,0.03086,0.00879,0.04717,0.01818,0.19270
0.05166,0.03431,0.05375,0.04370,0.05077,0.01206,0.03384,0.10033,0.02971,0.58987
0.17364,0.06240,0.12340,0.05579,0.07577,0.12826,0.01759,0.28040,0.03116,0.05160
0.11211,0.26984,0.16524,0.13641,0.08644,0.01710,0.01065,0.04485,0.04338,0.11399
0.14363,0.12431,0.39727,0.02181,0.11755,0.02438,0.01924,0.04345,0.03795,0.07038
0.05330,0.22153,0.07802,0.10383,0.06711,0.09585,0.03782,0.09222,0.17790,0.07242
0.06692,0.05933,0.07031,0.05687,0.05988,0.01915,0.02490,0.41752,0.06484,0.16028
0.07220,0.04718,0.10787,0.15393,0.12208,0.01626,0.00930,0.24297,0.07648,0.15173
0.04755,0.32128,0.05651,0.05598,0.09418,0.10940,0.00893,0.15379,0.08564,0.06675
0.32545,0.03736,0.21628,0.10574,0.06288,0.01186,0.02463,0.11449,0.05851,0.04280
0.05807,0.04098,0.05250,0.03643,0.05133,0.23536,0.01558,0.03219,0.45648,0.02108
0.30320,0.05704,0.11034,0.14508,0.14781,0.07337,0.03914,0.02466,0.05079,0.04857
0.04772,0.09474,0.06830,0.02979,0.10388,0.32639,0.01712,0.19750,0.07881,0.03576
0.13475,0.18000,0.07848,0.05336,0.27525,0.03342,0.02136,0.04732,0.11853,0.05753
0.09558,0.06426,0.25218,0.08824,0.06865,0.08289,0.01886,0.05361,0.23981,0.03594
0.05514,0.05850,0.09685,0.05610,0.12227,0.02292,0.01168,0.30218,0.21398,0.06037
0.10017,0.10906,0.11162,0.05577,0.04205,0.08273,0.00888,0.07231,0.05663,0.36079
0.07871,0.02604,0.43724,0.03255,0.06735,0.25123,0.02980,0.02682,0.02895,0.02132
0.09020,0.03835,0.07270,0.04343,0.50491,0.09913,0.01704,0.02923,0.02312,0.08190
0.06050,0.12798,0.23957,0.15522,0.06697,0.06958,0.05007,0.11943,0.07465,0.03603
