0.20008,0.16561,0.09039,0.16571,0.16700,0.02441,0.01925,0.06031,0.02725,0.07998
0.14681,0.11097,0.06491,0.12074,0.09082,0.05724,0.01540,0.14930,0.04506,0.19874
0.13640,0.05369,0.24715,0.09607,0.14578,0.03214,0.01577,0.11260,0.09459,0.06582
0.20166,0.13815,0.17519,0.15291,0.20967,0.03698,0.01359,0.02149,0.02045,0.02990
0.06163,0.05010,0.37536,0.04482,0.18053,0.03096,0.03183,0.04786,0.05071,0.12618
0.16550,0.11857,0.19236,0.04959,0.10461,0.28994,0.02239,0.01402,0.01829,0.02473
0.06924,0.06821,0.13012,0.25223,0.07780,0.03878,0.03827,0.06983,0.10466,0.15087
0.06442,0.16757,0.09790,0.21119,0.16667,0.01261,0.03763,0.09194,0.02323,0.12684
0.06496,0.20070,0.29680,0.04934,0.05540,0.01214,0.01928,0.11732,0.03360,0.15048
0.14983,0.09546,0.11844,0.11806,0.11196,0.01698,0.04905,0.14896,0.10353,0.08775
0.07694,0.05428,0.07115,0.04945,0.05423,0.01398,0.00907,0.31405,0.01636,0.34049
0.45759,0.10077,0.13269,0.04339,0.08009,0.07773,0.02641,0.01367,0.02476,0.04291
0.22306,0.11413,0.13025,0.04565,0.21464,0.07517,0.01448,0.06403,0.07565,0.04295
0.18359,0.06953,0.04828,0.07376,0.17848,0.02766,0.01640,0.17671,0.17356,0.05203
0.14193,0.11030,0.13218,0.11430,0.08910,0.02967,0.24041,0.05210,0.03161,0.05840
0.13089,0.11855,0.07793,0.11479,0.09474,0.03025,0.01559,0.19193,0.09217,0.13315
0.12671,0.10747,0.10668,0.10102,0.12926,0.02250,0.01143,0.17908,0.18180,0.03405
0.23549,0.10068,0.15352,0.09352,0.19929,0.06079,0.06715,0.02742,0.02645,0.03570
0.19615,0.15258,0.08025,0.14636,0.19079,0.00989,0.04412,0.06553,0.02099,0.09335
0.08252,0.04778,0.03405,0.04699,0.05426,0.09305,0.06097,0.26458,0.27332,0.04248
0.12450,0.04558,0.27578,0.20805,0.04657,0.01859,0.01495,0.11280,0.02852,0.12467
0.03637,0.04238,0.16253,0.15039,0.02914,0.01608,0.29453,0.11985,0.01256,0.13616
0.17531,0.12378,0.13750,0.13705,0.10404,0.01941,0.06355,0.08628,0.02959,0.12349
0.10372,0.15903,0.08788,0.11401,0.12694,0.03589,0.07781,0.11971,0.12739,0.04763
0.24120,0.11319,0.08877,0.16322,0.09849,0.17205,0.02358,0.03047,0.03263,0.03640
0.18901,0.05978,0.10668,0.04396,0.14362,0.15247,0.07686,0.08136,0.08046,0.06579
0.22433,0.06778,0.10112,0.14080,0.16766,0.07800,0.06013,0.05569,0.01896,0.08553
0.10782,0.13814,0.11290,0.04568,0.14364,0.03180,0.02291,0.15188,0.03931,0.20591
0.08716,0.02798,0.31786,0.31461,0.06840,0.02472,0.02038,0.04146,0.02888,0.06854
0.06352,0.18333,0.02698,0.04100,0.20852,0.01182,0.01858,0.19045,0.02711,0.22869
0.09023,0.03578,0.12520,0.07036,0.08668,0.01780,0.04397,0.24298,0.02421,0.26278
0.15988,0.08442,0.10708,0.11586,0.14622,0.04882,0.05831,0.08235,0.08003,0.11703
0.06613,0.13687,0.02427,0.22917,0.19728,0.02720,0.01869,0.01293,0.15992,0.12753
0.11546,0.18762,0.27352,0.10527,0.09672,0.02753,0.03545,0.05541,0.03142,0.07160
0.03909,0.22680,0.05114,0.24269,0.03635,0.02108,0.19241,0.08079,0.02401,0.08562
0.11971,0.21038,0.20564,0.07237,0.07388,0.17377,0.07221,0.01238,0.02244,0.03722
0.07957,0.05825,0.19800,0.04762,0.06457,0.01381,0.01040,0.25609,0.01894,0.25275
0.22599,0.05541,0.09864,0.05650,0.20407,0.14407,0.01692,0.05608,0.04257,0.09974
0.13748,0.10637,0.07530,0.10187,0.11544,0.29624,0.01658,0.03615,0.05061,0.06396
0.05138,0.12075,0.03704,0.16077,0.16744,0.05523,0.01536,0.13184,0.07136,0.18883
0.12454,0.10077,0.11009,0.10199,0.11275,0.02215,0.32943,0.02326,0.02349,0.05154
0.04627,0.04109,0.12832,0.04089,0.08143,0.01792,0.00878,0.30312,0.01455,0.31763
0.03601,0.03865,0.05862,0.03436,0.04740,0.03591,0.51268,0.09037,0.02504,0.12096
0.04912,0.05267,0.35478,0.33109,0.03268,0.03921,0.02217,0.04383,0.04009,0.03435
0.15091,0.10554,0.10667,0.11981,0.10727,0.08713,0.02676,0.13000,0.08483,0.08107
0.19591,0.08301,0.13884,0.06065,0.18128,0.04773,0.02073,0.05584,0.10571,0.11029
0.04337,0.23995,0.03668,0.05544,0.28862,0.03013,0.01342,0.13292,0.10275,0.05672
0.18231,0.11635,0.15227,0.14692,0.15406,0.03318,0.02787,0.05556,0.05987,0.07162
0.18799,0.07785,0.15796,0.17700,0.13681,0.03504,0.04411,0.06702,0.05228,0.06394
0.13128,0.07136,0.04645,0.08909,0.06888,0.11722,0.02467,0.20965,0.21290,0.02850
0.27889,0.15733,0.05725,0.18433,0.09246,0.04326,0.09474,0.03048,0.02996,0.03130
0.23942,0.14781,0.05989,0.15837,0.08919,0.02216,0.04970,0.07873,0.04081,0.11392
0.05948,0.09423,0.04830,0.11356,0.09863,0.17113,0.02602,0.13801,0.18385,0.06680
0.15468,0.08350,0.09546,0.09422,0.08938,0.04113,0.10119,0.10993,0.13926,0.09125
0.11638,0.10826,0.13632,0.05583,0.10445,0.03826,0.02822,0.07727,0.16859,0.16642
0.05277,0.30764,0.05798,0.14961,0.21240,0.08274,0.04772,0.02468,0.02873,0.03572
0.16949,0.11389,0.06131,0.12474,0.09424,0.02639,0.05316,0.14981,0.03895,0.16803
0.27779,0.09604,0.11362,0.12798,0.27955,0.01722,0.01489,0.02731,0.01698,0.02863
0.19842,0.10748,0.10289,0.15076,0.08673,0.06663,0.01313,0.10874,0.06736,0.09785
0.16592,0.12007,0.06433,0.11295,0.07064,0.02721,0.26176,0.05915,0.03123,0.08676
0.11214,0.04435,0.12283,0.12204,0.09513,0.03761,0.02978,0.17775,0.09045,0.16794
0.13271,0.07799,0.16211,0.09869,0.12460,0.06456,0.03004,0.11495,0.03691,0.15743
0.13700,0.16271,0.17460,0.14090,0.17358,0.09938,0.01179,0.02572,0.03704,0.03727
0.13803,0.12046,0.11608,0.13854,0.19074,0.13065,0.02438,0.03652,0.04059,0.06400
0.16460,0.08333,0.10334,0.07229,0.07782,0.35392,0.03604,0.03078,0.03184,0.04602
0.14011,0.23746,0.20020,0.10609,0.08692,0.09666,0.01081,0.03601,0.04915,0.03658
0.09621,0.15136,0.04484,0.14993,0.20492,0.04491,0.01732,0.08054,0.09341,0.11656
0.20376,0.06019,0.08690,0.10025,0.18876,0.07040,0.02823,0.10452,0.07968,0.07732
0.15083,0.08595,0.08534,0.11338,0.08406,0.02356,0.13450,0.13712,0.02952,0.15574
0.14603,0.05017,0.04546,0.24039,0.17581,0.02235,0.03859,0.12777,0.02051,0.13292
0.09558,0.20403,0.21363,0.12021,0.07504,0.08634,0.03682,0.07439,0.04348,0.05048
0.07728,0.07138,0.06609,0.07853,0.07113,0.03202,0.01005,0.29188,0.26587,0.03576
0.12774,0.05133,0.26790,0.08930,0.05674,0.05012,0.02812,0.13077,0.04631,0.15167
0.08696,0.04718,0.09019,0.07025,0.09115,0.08269,0.00818,0.25225,0.24117,0.02999
0.07781,0.30900,0.15934,0.11594,0.15675,0.03765,0.01219,0.03381,0.04375,0.05376
0.16008,0.13458,0.04325,0.07833,0.18600,0.01811,0.02584,0.15775,0.01855,0.17751
0.25257,0.07496,0.02548,0.10877,0.05019,0.01587,0.01593,0.04910,0.20491,0.20222
0.07916,0.06339,0.10352,0.08674,0.06851,0.22980,0.01588,0.13727,0.05661,0.15912
0.09538,0.24352,0.29838,0.12921,0.08460,0.02367,0.01205,0.02533,0.02576,0.06210
0.13454,0.21435,0.07731,0.06554,0.21093,0.13216,0.02979,0.04471,0.02439,0.06627
0.11507,0.07595,0.24778,0.01938,0.07926,0.02723,0.03394,0.18374,0.01718,0.20046
0.14528,0.05671,0.09994,0.11697,0.15152,0.09765,0.07013,0.10359,0.10957,0.04863
0.06646,0.10194,0.04648,0.06237,0.15139,0.02520,0.18940,0.15491,0.03236,0.16949
0.12991,0.10201,0.05385,0.04853,0.12785,0.02567,0.05256,0.20947,0.18662,0.06352
0.30161,0.02991,0.05815,0.04153,0.27677,0.00889,0.01847,0.11546,0.11804,0.03116
0.04471,0.04125,0.05836,0.03425,0.04154,0.26114,0.35916,0.04800,0.03644,0.07515
0.13119,0.04634,0.05842,0.13394,0.14594,0.03122,0.36312,0.02589,0.02280,0.04114
0.30294,0.04543,0.04735,0.02205,0.28257,0.01613,0.00704,0.04738,0.12764,0.10146
0.07111,0.27100,0.03765,0.27386,0.05996,0.01003,0.00811,0.11468,0.11193,0.04167
0.07223,0.11010,0.10571,0.30087,0.13880,0.10318,0.01621,0.05796,0.05133,0.04361
0.02612,0.01528,0.02363,0.01925,0.02688,0.00768,0.00958,0.43072,0.40439,0.03646
0.23832,0.04164,0.03777,0.03312,0.21292,0.01124,0.00746,0.11909,0.11731,0.18112
0.22997,0.03728,0.02869,0.03592,0.24795,0.01514,0.01011,0.17078,0.05048,0.17369
0.12006,0.07416,0.13071,0.12088,0.13560,0.02288,0.01669,0.17892,0.04918,0.15093
0.13605,0.14894,0.15009,0.10365,0.20037,0.08584,0.01212,0.06372,0.05282,0.04639
0.07219,0.05699,0.07855,0.03659,0.05880,0.19406,0.03379,0.21851,0.01758,0.23293
0.15614,0.11668,0.22717,0.09646,0.06147,0.06958,0.01949,0.09168,0.03067,0.13066
0.05529,0.07137,0.09094,0.04350,0.04676,0.03617,0.01991,0.28683,0.03125,0.31797
0.12208,0.10505,0.09113,0.37153,0.20722,0.03104,0.01301,0.02181,0.01186,0.02527
0.21329,0.18221,0.03670,0.08733,0.24196,0.01500,0.04089,0.07374,0.01316,0.09572
0.14251,0.18941,0.15005,0.04653,0.11107,0.04037,0.02237,0.10421,0.09474,0.09874
0.30063,0.16607,0.05067,0.19297,0.06002,0.04966,0.04192,0.04105,0.03120,0.06580
0.10327,0.10265,0.18189,0.05580,0.11111,0.12910,0.01882,0.12095,0.12986,0.04655
0.12154,0.05424,0.12376,0.34596,0.07320,0.08946,0.01802,0.06042,0.05686,0.05654
0.17178,0.13335,0.18496,0.06112,0.14242,0.04806,0.01331,0.09881,0.03098,0.11521
0.06226,0.10326,0.11305,0.04460,0.05887,0.02193,0.02214,0.24848,0.03971,0.28570
0.17216,0.08593,0.06347,0.10150,0.04696,0.02373,0.08171,0.15436,0.12025,0.14993
0.05275,0.03209,0.06588,0.04458,0.05472,0.01695,0.01044,0.33809,0.30089,0.08362
0.11356,0.14062,0.06325,0.14612,0.11594,0.10277,0.04952,0.04663,0.10506,0.11651
0.13760,0.11388,0.13564,0.03858,0.09156,0.18549,0.07381,0.02260,0.07424,0.12662
0.09287,0.08627,0.11568,0.13054,0.08023,0.02678,0.09555,0.10461,0.09654,0.17092
0.10345,0.04695,0.14292,0.23728,0.04951,0.04318,0.02655,0.15500,0.04883,0.14633
0.59971,0.13252,0.05607,0.03106,0.07261,0.01819,0.03953,0.01520,0.01298,0.02214
0.14778,0.03871,0.32942,0.03936,0.03324,0.08886,0.01892,0.13772,0.12596,0.04004
0.11057,0.05618,0.11018,0.40574,0.06088,0.02303,0.02418,0.06301,0.03911,0.10712
0.04713,0.04068,0.04744,0.09522,0.04044,0.01813,0.53824,0.02221,0.08041,0.07010
0.30294,0.11565,0.07918,0.18484,0.12223,0.04977,0.01914,0.04019,0.02578,0.06028
0.13332,0.18868,0.17521,0.18907,0.18319,0.03419,0.01177,0.02675,0.01802,0.03981
0.06214,0.06839,0.05508,0.17383,0.07342,0.02796,0.02110,0.21559,0.06598,0.23650
0.05180,0.21415,0.15353,0.05043,0.08199,0.02909,0.01952,0.13437,0.07684,0.18828
0.13886,0.35644,0.28138,0.01803,0.07598,0.00900,0.00476,0.04342,0.01951,0.05263
0.04202,0.06384,0.03259,0.21098,0.08455,0.01817,0.01359,0.17466,0.26116,0.09844
0.32514,0.08447,0.11170,0.13559,0.05526,0.05299,0.02464,0.08701,0.06249,0.06072
0.10240,0.17040,0.11549,0.10031,0.07710,0.02700,0.02997,0.16698,0.16948,0.04087
0.08896,0.08288,0.08482,0.06723,0.08153,0.01321,0.04759,0.21066,0.09339,0.22973
0.25749,0.07590,0.08328,0.04390,0.23949,0.01287,0.02088,0.06967,0.13074,0.06578
0.20101,0.15015,0.32839,0.12777,0.06888,0.02142,0.01307,0.03430,0.02436,0.03065
0.32513,0.04259,0.07860,0.06975,0.22973,0.02044,0.01101,0.09648,0.01908,0.10718
0.05621,0.16130,0.12330,0.31996,0.16265,0.03616,0.01746,0.02426,0.03317,0.06553
0.05214,0.05512,0.04420,0.31314,0.06760,0.02785,0.01047,0.09298,0.15765,0.17886
0.04595,0.02699,0.03722,0.02803,0.03790,0.01228,0.02579,0.32158,0.17899,0.28527
0.09725,0.12520,0.12181,0.05484,0.11885,0.01862,0.05240,0.12155,0.12182,0.16768
0.16141,0.11446,0.06811,0.13666,0.22093,0.01274,0.02288,0.11120,0.02275,0.12886
0.14945,0.09261,0.15891,0.12784,0.09745,0.06931,0.06005,0.07917,0.05313,0.11207
0.08058,0.24169,0.12138,0.12647,0.19186,0.07017,0.03484,0.03139,0.03070,0.07092
0.03911,0.04570,0.03266,0.04677,0.03406,0.01815,0.71846,0.01675,0.02297,0.02537
0.12798,0.16664,0.10788,0.16588,0.11933,0.11764,0.02372,0.05156,0.04518,0.07420
0.04845,0.04589,0.19779,0.16358,0.03491,0.10967,0.04176,0.14837,0.02409,0.18548
0.03743,0.03394,0.23978,0.24179,0.04146,0.01430,0.01234,0.17679,0.15616,0.04602
0.07334,0.07867,0.03150,0.04996,0.10277,0.05019,0.02298,0.21164,0.08634,0.29260
0.18071,0.12833,0.10442,0.14587,0.18292,0.07200,0.05607,0.02855,0.04407,0.05706
0.05684,0.21968,0.06005,0.11312,0.16358,0.29065,0.01031,0.02617,0.02576,0.03384
0.09141,0.04857,0.08147,0.08726,0.06611,0.05715,0.45918,0.01647,0.03264,0.05975
0.18645,0.06302,0.05369,0.03832,0.05936,0.03013,0.10577,0.21096,0.20718,0.04513
0.19174,0.07267,0.12261,0.11395,0.07202,0.04915,0.01544,0.17074,0.15780,0.03388
0.18510,0.06579,0.05692,0.05508,0.15936,0.04910,0.03159,0.07658,0.10675,0.21374
0.13625,0.09172,0.10071,0.11450,0.10415,0.13152,0.01495,0.13399,0.08998,0.08224
0.05800,0.11704,0.11112,0.21870,0.12369,0.01770,0.02088,0.14589,0.04352,0.14346
0.22904,0.07736,0.15848,0.06520,0.07291,0.03214,0.01518,0.15073,0.04375,0.15522
0.09373,0.08292,0.16026,0.08684,0.06990,0.17977,0.06912,0.10644,0.06802,0.08301
0.06939,0.01894,0.13333,0.34426,0.02086,0.01264,0.00847,0.18466,0.01696,0.19049
0.09850,0.06818,0.14440,0.12875,0.07477,0.02811,0.25954,0.07732,0.07359,0.04685
0.17454,0.04216,0.08588,0.05407,0.11277,0.10024,0.16794,0.09848,0.07827,0.08566
0.18814,0.15772,0.12851,0.08950,0.16952,0.06201,0.04231,0.04152,0.04193,0.07884
0.11256,0.33698,0.26195,0.04037,0.06540,0.02694,0.01634,0.05322,0.04442,0.04181
0.05418,0.16865,0.05735,0.16852,0.03817,0.10276,0.03232,0.15987,0.02992,0.18826
0.04966,0.04190,0.08011,0.07857,0.04010,0.04971,0.08442,0.26323,0.26206,0.05022
0.10012,0.13243,0.07659,0.11885,0.09147,0.30169,0.08272,0.01531,0.03687,0.04397
0.18391,0.13483,0.12656,0.17736,0.17849,0.02319,0.03553,0.04369,0.02691,0.06953
0.16143,0.09738,0.12758,0.20198,0.13789,0.07814,0.07890,0.03372,0.04049,0.04248
0.16148,0.20645,0.13682,0.14708,0.20136,0.05772,0.01274,0.02454,0.02831,0.02352
0.14873,0.10401,0.18603,0.10061,0.08100,0.02593,0.02508,0.15008,0.12894,0.04959
0.10685,0.08556,0.14231,0.09984,0.08133,0.05754,0.21165,0.07389,0.03597,0.10506
0.20496,0.10364,0.05396,0.12567,0.06109,0.03704,0.01860,0.17893,0.04218,0.17393
0.18676,0.17355,0.09669,0.10458,0.18128,0.01939,0.02531,0.06230,0.06292,0.08722
0.11344,0.07289,0.23780,0.08292,0.12666,0.02516,0.02225,0.12537,0.04779,0.14573
0.20280,0.10124,0.10705,0.13118,0.08818,0.03246,0.03023,0.08223,0.08970,0.13494
0.07069,0.04587,0.09182,0.13667,0.04527,0.01384,0.01667,0.26635,0.07479,0.23803
0.19479,0.08571,0.07603,0.23097,0.24968,0.01765,0.01020,0.04759,0.02890,0.05847
0.22623,0.05361,0.30294,0.18486,0.05472,0.03248,0.01008,0.03922,0.03556,0.06029
0.04039,0.34112,0.10199,0.14513,0.24062,0.04236,0.01180,0.02292,0.01389,0.03976
0.04678,0.30535,0.05694,0.08604,0.40071,0.02453,0.00879,0.02649,0.01940,0.02496
0.35089,0.02927,0.05681,0.03587,0.32829,0.03954,0.01011,0.05301,0.01739,0.07882
0.13797,0.12011,0.07069,0.11534,0.15143,0.01644,0.02969,0.16704,0.03138,0.15990
0.06969,0.06481,0.06284,0.03878,0.05601,0.02712,0.02539,0.30956,0.29049,0.05530
0.08703,0.12300,0.11915,0.17282,0.12449,0.06790,0.05333,0.04550,0.10593,0.10085
0.11775,0.20888,0.28846,0.14319,0.05675,0.04991,0.01316,0.03810,0.02574,0.05806
0.11675,0.21763,0.25225,0.07965,0.08256,0.15001,0.04803,0.01691,0.01623,0.01997
0.04808,0.36208,0.03032,0.34512,0.03675,0.03554,0.01592,0.02320,0.04038,0.06262
0.18292,0.06045,0.05676,0.06689,0.19664,0.01827,0.02925,0.17124,0.02473,0.19284
0.11540,0.18050,0.24148,0.11747,0.05736,0.07717,0.05644,0.04608,0.02899,0.07910
0.16343,0.15348,0.13585,0.14331,0.16187,0.06441,0.01877,0.05015,0.03818,0.07056
0.05937,0.34650,0.06740,0.02720,0.35491,0.04457,0.03098,0.02005,0.02063,0.02838
0.12413,0.03547,0.46551,0.08357,0.04090,0.06895,0.07809,0.02657,0.03313,0.04369
0.28064,0.21089,0.06714,0.02359,0.18316,0.01655,0.11281,0.03735,0.02009,0.04777
0.24979,0.05492,0.11275,0.16336,0.05474,0.08504,0.06252,0.07496,0.01897,0.12296
0.30119,0.05361,0.09753,0.06408,0.26381,0.02647,0.02767,0.05851,0.05287,0.05425
0.30481,0.01645,0.07031,0.05977,0.28155,0.00925,0.02167,0.10844,0.08932,0.03842
0.22413,0.25958,0.03084,0.20229,0.13582,0.05624,0.01729,0.02678,0.02309,0.02394
0.21717,0.12879,0.17645,0.16713,0.18033,0.03495,0.02971,0.01668,0.01556,0.03322
0.14614,0.13681,0.06875,0.02711,0.19469,0.01076,0.00826,0.06368,0.17447,0.16933
0.15372,0.02872,0.16926,0.12978,0.13259,0.28981,0.01409,0.01783,0.03026,0.03394
0.19849,0.02632,0.07532,0.07671,0.22877,0.07983,0.02031,0.10817,0.05422,0.13186
0.06169,0.14898,0.10266,0.09540,0.17223,0.05290,0.01767,0.14260,0.11675,0.08911
0.10677,0.08966,0.13620,0.06736,0.09919,0.28260,0.02850,0.07132,0.06532,0.05308
0.15260,0.13548,0.08594,0.15636,0.13650,0.06235,0.02444,0.08533,0.07453,0.08647
0.12826,0.10288,0.08087,0.04135,0.09661,0.00767,0.00827,0.23008,0.03189,0.27212
0.15675,0.06497,0.14305,0.14244,0.12650,0.04759,0.07692,0.05495,0.06990,0.11691
0.11500,0.08477,0.13552,0.04667,0.10712,0.04729,0.04571,0.19491,0.17126,0.05174
0.13648,0.12003,0.16356,0.10261,0.16800,0.05158,0.09321,0.06281,0.02410,0.07764
0.15206,0.16957,0.13258,0.12773,0.13246,0.03223,0.04710,0.04831,0.06153,0.09643
0.17311,0.11445,0.11427,0.12241,0.17940,0.20125,0.03020,0.01611,0.02083,0.02796
0.12188,0.11487,0.09704,0.04208,0.09194,0.01302,0.02046,0.22251,0.02226,0.25395
0.12717,0.11773,0.24518,0.09736,0.12187,0.01769,0.06984,0.06349,0.04901,0.09066
0.21491,0.06249,0.06044,0.10117,0.25296,0.06375,0.03725,0.08104,0.08961,0.03639
0.11633,0.12824,0.10780,0.09102,0.10861,0.00977,0.04041,0.16886,0.02188,0.20710
0.22687,0.06774,0.10316,0.07204,0.19498,0.11299,0.02867,0.07539,0.05950,0.05866
0.24609,0.05912,0.08653,0.08106,0.20737,0.13779,0.02124,0.02235,0.05599,0.08247
0.15192,0.03826,0.14390,0.14225,0.14141,0.02760,0.04608,0.11293,0.04807,0.14759
0.11770,0.28333,0.03300,0.03625,0.31331,0.01226,0.02147,0.06937,0.05854,0.05476
0.08036,0.12572,0.05113,0.09051,0.15811,0.44486,0.00909,0.00900,0.01087,0.02035
0.33083,0.06225,0.07585,0.10297,0.27060,0.02511,0.02340,0.03689,0.02978,0.04233
0.16066,0.08744,0.18836,0.11037,0.16090,0.17343,0.00874,0.04206,0.03015,0.03789
0.18038,0.12409,0.09965,0.16025,0.21473,0.02059,0.01055,0.07882,0.01801,0.09293
0.06212,0.04024,0.04723,0.13416,0.08377,0.02573,0.11121,0.21977,0.21328,0.06250
0.19397,0.04459,0.15376,0.17964,0.22271,0.02658,0.01614,0.04387,0.06610,0.05263
0.04461,0.04485,0.04846,0.03569,0.02961,0.06234,0.02574,0.32466,0.03028,0.35376
0.25127,0.07238,0.32521,0.02568,0.06990,0.02699,0.06532,0.06075,0.03881,0.06370
0.19400,0.03587,0.04132,0.02800,0.17438,0.01716,0.02253,0.21179,0.03545,0.23950
0.07932,0.19148,0.12787,0.12091,0.19622,0.01903,0.00885,0.06798,0.09645,0.09190
0.20655,0.13177,0.17133,0.13444,0.05605,0.13815,0.02100,0.03051,0.04618,0.06403
0.16404,0.15984,0.10324,0.14496,0.12420,0.17093,0.01032,0.04792,0.01777,0.05678
0.17842,0.16941,0.18382,0.12183,0.09110,0.02827,0.05032,0.04787,0.05477,0.07420
0.38626,0.03693,0.10190,0.26125,0.05441,0.10372,0.00685,0.01855,0.01395,0.01619
0.11044,0.12117,0.12281,0.09540,0.08974,0.03028,0.06725,0.13326,0.06365,0.16601
0.39177,0.04121,0.04352,0.03841,0.38854,0.02097,0.02136,0.01268,0.01407,0.02747
0.15969,0.23044,0.20757,0.04547,0.13677,0.07451,0.03528,0.03478,0.04113,0.03437
0.14622,0.17909,0.07988,0.13275,0.13102,0.03331,0.02456,0.09894,0.07776,0.09646
0.19492,0.07685,0.10961,0.24080,0.12243,0.04210,0.04804,0.06186,0.02634,0.07705
0.18112,0.11595,0.16967,0.13261,0.12523,0.04554,0.01584,0.06094,0.07758,0.07551
0.21815,0.27876,0.03699,0.02524,0.25368,0.03766,0.06898,0.02452,0.02114,0.03487
0.04830,0.38197,0.03947,0.38107,0.04333,0.01087,0.01717,0.02183,0.02200,0.03398
0.11665,0.04208,0.24333,0.24559,0.11287,0.04653,0.02242,0.04540,0.04455,0.08060
0.10249,0.07891,0.07332,0.09671,0.08117,0.28778,0.13267,0.04057,0.02811,0.07826
0.19766,0.10101,0.14587,0.08882,0.17894,0.02379,0.01636,0.09262,0.07586,0.07907
0.07849,0.03076,0.30932,0.08869,0.03360,0.01721,0.01012,0.19582,0.02108,0.21492
0.18758,0.07440,0.14762,0.11932,0.03435,0.05200,0.03186,0.16558,0.14986,0.03743
0.08886,0.20900,0.23797,0.07164,0.04519,0.20305,0.03579,0.04228,0.02501,0.04121
0.06256,0.17988,0.11783,0.19856,0.15328,0.02265,0.06392,0.03733,0.06139,0.10260
0.08790,0.06334,0.07026,0.07610,0.06780,0.03047,0.05472,0.24897,0.01968,0.28076
0.23482,0.03698,0.06530,0.05394,0.16485,0.02336,0.07597,0.15059,0.11522,0.07897
0.28084,0.10836,0.08088,0.04642,0.26368,0.02585,0.02738,0.02382,0.06906,0.07371
0.07565,0.09000,0.07578,0.08561,0.11608,0.04209,0.01469,0.17497,0.06543,0.25970
0.13888,0.08944,0.07004,0.08871,0.11446,0.07938,0.06319,0.16367,0.15635,0.03587
0.18179,0.12234,0.09983,0.08177,0.14551,0.02484,0.01556,0.13904,0.03357,0.15575
0.13671,0.03158,0.44312,0.02565,0.03672,0.01335,0.01962,0.12865,0.00805,0.15657
0.13658,0.05081,0.20008,0.18486,0.10054,0.11902,0.06580,0.03995,0.03638,0.06597
0.06050,0.04083,0.09041,0.10643,0.06714,0.01612,0.48466,0.03833,0.03499,0.06057
0.16187,0.09643,0.15596,0.17594,0.17462,0.04004,0.02002,0.06916,0.06306,0.04291
0.03359,0.13050,0.07439,0.08597,0.07833,0.01640,0.05404,0.08742,0.21178,0.22759
0.11791,0.03159,0.16070,0.08612,0.03496,0.03576,0.01148,0.25001,0.19227,0.07918
0.12674,0.05286,0.10183,0.10352,0.11493,0.02307,0.04449,0.14192,0.15720,0.13344
0.04773,0.34537,0.04867,0.03315,0.36821,0.02454,0.01076,0.04418,0.02059,0.05679
0.16769,0.07917,0.11152,0.21546,0.10554,0.08673,0.01896,0.08839,0.08133,0.04521
0.14903,0.11827,0.14439,0.12267,0.14897,0.02639,0.10047,0.05586,0.05237,0.08158
0.28866,0.06283,0.10863,0.15907,0.09423,0.09316,0.04457,0.04623,0.04553,0.05710
0.09982,0.14945,0.09153,0.03905,0.13095,0.02036,0.06357,0.06484,0.16705,0.17338
0.14970,0.11857,0.11791,0.13264,0.17898,0.10020,0.04958,0.01832,0.04049,0.09360
0.09513,0.08568,0.09260,0.27294,0.15938,0.15287,0.02780,0.02965,0.03447,0.04947
0.27375,0.12624,0.06198,0.16134,0.07170,0.09689,0.07530,0.04335,0.03547,0.05397
0.05558,0.20249,0.11950,0.06586,0.09669,0.07864,0.06900,0.04925,0.10707,0.15591
0.03070,0.03237,0.03268,0.03929,0.02995,0.01260,0.01496,0.38479,0.01691,0.40576
0.38203,0.04444,0.07125,0.07500,0.31798,0.02984,0.01128,0.02471,0.01862,0.02486
0.14306,0.12068,0.11508,0.15207,0.11041,0.12599,0.02639,0.05340,0.07789,0.07505
0.14615,0.08118,0.10171,0.11498,0.08082,0.05831,0.10593,0.12709,0.02586,0.15797
0.28977,0.14762,0.04922,0.18570,0.06140,0.16065,0.01753,0.02860,0.02619,0.03332
0.21364,0.07839,0.09420,0.09077,0.17469,0.10412,0.13981,0.01911,0.03578,0.04949
0.09867,0.04746,0.09515,0.07878,0.07751,0.06965,0.03042,0.22337,0.22822,0.05077
0.06541,0.05561,0.05442,0.05385,0.05196,0.03457,0.05682,0.30285,0.28519,0.03931
0.21856,0.03655,0.11556,0.04731,0.02089,0.01314,0.38023,0.06094,0.06739,0.03943
0.04573,0.04641,0.06234,0.02492,0.03933,0.01523,0.01005,0.33950,0.34091,0.07558
0.06938,0.35636,0.06118,0.03701,0.36149,0.02836,0.01037,0.02378,0.02203,0.03005
0.07427,0.22838,0.07559,0.06760,0.29658,0.03054,0.04387,0.07290,0.05876,0.05152
0.11812,0.11989,0.12654,0.04760,0.08685,0.06676,0.01993,0.18157,0.02363,0.20910
0.17539,0.14612,0.23454,0.12364,0.09012,0.03924,0.05707,0.04594,0.03227,0.05567
0.20238,0.08884,0.05075,0.12784,0.05223,0.04300,0.01062,0.17929,0.05169,0.19334
0.05210,0.14271,0.09083,0.07090,0.09570,0.04160,0.04615,0.11925,0.21442,0.12633
0.14990,0.14053,0.09096,0.14986,0.11797,0.05408,0.04034,0.09464,0.02611,0.13561
0.13709,0.05988,0.30058,0.06662,0.06386,0.07370,0.05204,0.09717,0.09245,0.05660
0.26124,0.04030,0.04590,0.05280,0.30220,0.01543,0.02119,0.03616,0.14044,0.08434
0.39780,0.18040,0.03227,0.21994,0.02998,0.03694,0.02461,0.02676,0.01355,0.03774
0.03956,0.01668,0.07967,0.10392,0.01944,0.00911,0.01276,0.34165,0.25691,0.12030
0.10669,0.12752,0.09323,0.09358,0.10226,0.05679,0.02743,0.17002,0.16132,0.06116
0.10611,0.12508,0.09475,0.08586,0.11498,0.02505,0.01048,0.20496,0.04488,0.18785
0.12991,0.03812,0.02814,0.02164,0.13477,0.01156,0.00982,0.28976,0.20096,0.13532
0.06257,0.21728,0.17808,0.13626,0.13947,0.02437,0.01676,0.02181,0.10320,0.10019
0.34124,0.01375,0.01838,0.01683,0.32764,0.00803,0.00597,0.12834,0.11502,0.02478
0.38200,0.04722,0.09880,0.09909,0.23805,0.04646,0.01219,0.02551,0.01815,0.03253
0.10660,0.14693,0.14433,0.27050,0.15115,0.02725,0.01613,0.05692,0.01672,0.06346
0.04309,0.11430,0.11162,0.08020,0.05502,0.02575,0.02703,0.20805,0.19174,0.14320
0.06099,0.20323,0.25825,0.09005,0.06347,0.02107,0.00850,0.11853,0.02670,0.14921
0.02797,0.04805,0.03256,0.05560,0.04899,0.01625,0.01155,0.36454,0.02628,0.36822
0.04431,0.08121,0.43723,0.04237,0.23327,0.01277,0.02927,0.02339,0.01906,0.07711
0.12418,0.19149,0.03302,0.11666,0.18133,0.03972,0.05212,0.02703,0.13483,0.09963
0.08803,0.16594,0.08074,0.14502,0.06917,0.03097,0.04441,0.12714,0.05277,0.19581
0.12498,0.13390,0.17654,0.07413,0.08894,0.08349,0.04158,0.11320,0.07388,0.08936
0.03739,0.05548,0.05734,0.35949,0.04972,0.02824,0.05389,0.02019,0.20043,0.13782
0.22640,0.12220,0.15131,0.09353,0.18098,0.02430,0.12015,0.01483,0.03464,0.03167
0.17867,0.12150,0.15227,0.15739,0.13423,0.12663,0.00753,0.04526,0.01437,0.06216
0.17886,0.10864,0.15926,0.14308,0.16725,0.02551,0.01340,0.07681,0.03598,0.09120
