0.73508,0.10870,0.05818,0.03439,0.01650,0.01275,0.01172,0.02268
0.39951,0.02456,0.01405,0.24294,0.24876,0.01701,0.04530,0.00786
0.01494,0.16377,0.00710,0.01922,0.00889,0.31955,0.44230,0.02423
0.00577,0.00496,0.02623,0.47315,0.00980,0.00629,0.00323,0.47058
0.02078,0.05011,0.00936,0.44406,0.00765,0.01218,0.02956,0.42630
0.02034,0.05884,0.03516,0.39268,0.37643,0.03921,0.03159,0.04575
0.52791,0.02436,0.06751,0.15391,0.13038,0.04639,0.02674,0.02280
0.01357,0.02940,0.79637,0.04253,0.02273,0.03433,0.03284,0.02822
0.03692,0.19715,0.02528,0.26555,0.18732,0.00724,0.02881,0.25172
0.01999,0.40267,0.12312,0.01524,0.36418,0.00938,0.00702,0.05839
0.01401,0.01582,0.82050,0.05328,0.04501,0.02136,0.01683,0.01319
0.06046,0.27060,0.01374,0.20910,0.22138,0.01471,0.01832,0.19168
0.01919,0.15732,0.29417,0.07019,0.11386,0.12934,0.11020,0.10573
0.02625,0.41760,0.03199,0.06171,0.24715,0.04033,0.13706,0.03791
0.85681,0.01568,0.01073,0.03835,0.02512,0.02258,0.02099,0.00974
0.01968,0.40003,0.01805,0.05939,0.23796,0.02838,0.20988,0.02663
0.01751,0.01645,0.01984,0.02152,0.02075,0.45103,0.44426,0.00864
0.03510,0.05489,0.03290,0.05304,0.03670,0.38509,0.01738,0.38489
0.00731,0.10818,0.02858,0.32780,0.13042,0.04537,0.01920,0.33315
0.02116,0.37732,0.05099,0.08738,0.23586,0.02925,0.13628,0.06176
0.15378,0.02060,0.02776,0.02516,0.01126,0.36530,0.37076,0.02538
0.07911,0.03658,0.00917,0.40838,0.02457,0.02833,0.00597,0.40790
0.02241,0.00680,0.56952,0.02153,0.01372,0.16824,0.18220,0.01558
0.00807,0.02648,0.07239,0.01530,0.03089,0.40724,0.08930,0.35033
0.77284,0.00467,0.00679,0.10893,0.09021,0.00454,0.00414,0.00790
0.06518,0.04409,0.02651,0.03474,0.05712,0.38513,0.33759,0.04965
0.21125,0.01472,0.01233,0.36215,0.23987,0.02128,0.02214,0.11626
0.28648,0.00564,0.00767,0.32862,0.31479,0.01309,0.02382,0.01989
0.05555,0.11418,0.04400,0.29739,0.16108,0.02697,0.05317,0.24765
0.15881,0.07216,0.00859,0.36665,0.34547,0.00873,0.01758,0.02200
0.03501,0.15071,0.10694,0.08303,0.10045,0.24631,0.24436,0.03320
0.02974,0.43241,0.02268,0.02383,0.42676,0.02268,0.02434,0.01754
0.00733,0.49103,0.00358,0.00470,0.16359,0.00264,0.32206,0.00508
0.06294,0.13865,0.04241,0.02433,0.03748,0.32585,0.16762,0.20072
0.14103,0.00657,0.01088,0.02699,0.02704,0.38499,0.39282,0.00968
0.01099,0.02459,0.06633,0.33751,0.34629,0.09803,0.01768,0.09858
0.01048,0.24746,0.03023,0.20087,0.21166,0.03007,0.24639,0.02285
0.19476,0.13767,0.14211,0.07348,0.01434,0.15777,0.17649,0.10338
0.28893,0.00987,0.02253,0.28689,0.24393,0.04657,0.02071,0.08057
0.00681,0.38050,0.00959,0.02610,0.36886,0.07979,0.10124,0.02711
0.01604,0.43900,0.00691,0.06149,0.16629,0.02519,0.24111,0.04396
0.06613,0.23345,0.03839,0.05577,0.08835,0.15164,0.25764,0.10863
0.01188,0.03219,0.00524,0.01831,0.01771,0.44186,0.34825,0.12456
0.07298,0.22360,0.04859,0.08593,0.07941,0.12746,0.21156,0.15047
0.05825,0.04963,0.01755,0.05686,0.07300,0.35518,0.36282,0.02671
0.08144,0.42974,0.03161,0.01921,0.36475,0.01020,0.02378,0.03928
0.01592,0.03475,0.50185,0.09345,0.02087,0.12750,0.12006,0.08560
0.00552,0.13768,0.00433,0.36437,0.05554,0.02058,0.09432,0.31767
0.02611,0.04521,0.00923,0.29057,0.03285,0.12657,0.06854,0.40091
0.05121,0.23835,0.04581,0.13925,0.04186,0.11122,0.14727,0.22503
0.01070,0.01772,0.00320,0.00916,0.00993,0.47608,0.46952,0.00369
0.15339,0.01933,0.08514,0.27871,0.27664,0.08738,0.06054,0.03887
0.04936,0.18045,0.04715,0.03906,0.05161,0.24001,0.36884,0.02352
0.03351,0.03472,0.02077,0.14256,0.15327,0.29214,0.02005,0.30299
0.10976,0.06566,0.01645,0.34002,0.34076,0.03154,0.06872,0.02708
0.93229,0.01276,0.00836,0.00889,0.00692,0.01172,0.00756,0.01151
0.00905,0.01856,0.11660,0.40907,0.01602,0.01498,0.01460,0.40111
0.01468,0.05029,0.03308,0.02072,0.03040,0.39933,0.29495,0.15656
0.05964,0.05334,0.02649,0.05057,0.03467,0.37195,0.34114,0.06220
0.03973,0.20534,0.11827,0.04270,0.04968,0.19738,0.32631,0.02059
0.71918,0.03016,0.00736,0.11616,0.07442,0.00442,0.01708,0.03123
0.01637,0.02877,0.71287,0.03216,0.02272,0.08769,0.06482,0.03460
0.01373,0.04610,0.00759,0.04434,0.02903,0.42871,0.40172,0.02879
0.01816,0.02557,0.02054,0.42194,0.03344,0.02570,0.02090,0.43376
0.02972,0.31497,0.03790,0.13705,0.11756,0.01562,0.30072,0.04646
0.01370,0.41183,0.00929,0.08106,0.45695,0.00783,0.00881,0.01053
0.90075,0.01706,0.01062,0.02375,0.02013,0.00755,0.00853,0.01161
0.79146,0.01625,0.05875,0.02671,0.02220,0.03153,0.04073,0.01237
0.03420,0.02954,0.39919,0.05417,0.04217,0.19650,0.09527,0.14897
0.09213,0.39299,0.00772,0.04881,0.04559,0.04672,0.34714,0.01890
0.01268,0.09381,0.01503,0.37852,0.37883,0.02518,0.06933,0.02662
0.03024,0.06701,0.01361,0.27507,0.02538,0.15674,0.01617,0.41579
0.71521,0.05646,0.01437,0.07375,0.07206,0.01415,0.01541,0.03859
0.00482,0.00499,0.07506,0.45452,0.01259,0.01227,0.00796,0.42779
0.47913,0.04018,0.02386,0.19837,0.18443,0.01176,0.02887,0.03339
0.00918,0.01620,0.75495,0.02868,0.01964,0.07789,0.06532,0.02814
0.04029,0.14613,0.04769,0.31131,0.09744,0.03064,0.08866,0.23783
0.31963,0.02248,0.01787,0.03826,0.01019,0.28859,0.00579,0.29720
0.02701,0.08601,0.03732,0.15491,0.04609,0.23638,0.02982,0.38245
0.00894,0.02808,0.00190,0.01016,0.00969,0.46833,0.46680,0.00609
0.00696,0.02077,0.00945,0.33193,0.03023,0.12828,0.01328,0.45911
0.04327,0.01660,0.01910,0.01559,0.02122,0.40924,0.13031,0.34466
0.65450,0.01573,0.01464,0.14639,0.12574,0.00962,0.01958,0.01382
0.06043,0.00745,0.01928,0.44267,0.43894,0.01001,0.00926,0.01196
0.01547,0.06122,0.02773,0.02483,0.03742,0.38979,0.37076,0.07278
0.01575,0.01555,0.00552,0.01349,0.01681,0.46170,0.01449,0.45669
0.05015,0.02380,0.01741,0.43583,0.42243,0.01844,0.01559,0.01636
0.11246,0.06226,0.02169,0.21652,0.24200,0.15751,0.02942,0.15814
0.00895,0.30601,0.01547,0.16067,0.31060,0.02575,0.01797,0.15459
0.83152,0.02767,0.01081,0.01133,0.02084,0.03036,0.05010,0.01737
0.14802,0.25405,0.05382,0.10944,0.13182,0.01975,0.26206,0.02104
0.02272,0.05513,0.02100,0.32174,0.04453,0.08125,0.09274,0.36088
0.03762,0.03920,0.71630,0.02837,0.03701,0.04067,0.07258,0.02825
0.18716,0.02362,0.05317,0.02704,0.02278,0.33680,0.33183,0.01761
0.01422,0.45150,0.00806,0.03621,0.01037,0.01102,0.44100,0.02763
0.00669,0.04642,0.13353,0.36019,0.36462,0.03629,0.04187,0.01038
0.00915,0.45141,0.00652,0.02336,0.44048,0.02574,0.01228,0.03106
0.01745,0.01925,0.01170,0.02461,0.02243,0.45628,0.01199,0.43629
0.50327,0.02494,0.01127,0.19215,0.16705,0.03620,0.04988,0.01524
0.01698,0.02180,0.47253,0.01072,0.01361,0.21521,0.22433,0.02481
0.03017,0.02619,0.02401,0.29106,0.27664,0.15403,0.02095,0.17694
0.02495,0.02821,0.06973,0.08388,0.10417,0.34071,0.01582,0.33252
0.01757,0.01776,0.00476,0.06303,0.05423,0.41502,0.41938,0.00824
0.02995,0.02276,0.14231,0.03636,0.02086,0.36216,0.35705,0.02856
0.50153,0.01193,0.01450,0.21633,0.15912,0.02731,0.00564,0.06364
0.00944,0.01657,0.03923,0.45729,0.01009,0.00458,0.00595,0.45685
0.00943,0.01708,0.84801,0.01309,0.01247,0.04209,0.01376,0.04405
0.03448,0.44979,0.02002,0.02027,0.06014,0.02448,0.37742,0.01339
0.09829,0.00676,0.00577,0.02107,0.00855,0.42372,0.42099,0.01485
0.12626,0.09741,0.01554,0.32277,0.31128,0.00795,0.08300,0.03579
0.01469,0.06297,0.15493,0.27022,0.26780,0.09821,0.07494,0.05623
0.07880,0.02764,0.00884,0.41328,0.01069,0.02065,0.01407,0.42602
0.32943,0.07069,0.02147,0.20131,0.21337,0.06799,0.03822,0.05752
0.00485,0.01425,0.01288,0.30491,0.28483,0.18243,0.04363,0.15222
0.02942,0.29498,0.05975,0.14765,0.14932,0.02361,0.27213,0.02315
0.00988,0.03548,0.56003,0.02535,0.01460,0.15684,0.01665,0.18117
0.05720,0.19475,0.01533,0.24460,0.01567,0.06593,0.18851,0.21800
0.01818,0.20966,0.03408,0.23971,0.20647,0.04070,0.01523,0.23596
0.09064,0.03047,0.71995,0.03692,0.04859,0.01131,0.04772,0.01441
0.02385,0.39848,0.01050,0.04875,0.34128,0.03166,0.10303,0.04246
0.01681,0.01389,0.46033,0.06238,0.01939,0.18655,0.18649,0.05416
0.05985,0.04190,0.18917,0.06030,0.06086,0.27097,0.28083,0.03612
0.03469,0.04055,0.00813,0.03285,0.02448,0.40513,0.40261,0.05156
0.13054,0.21455,0.00895,0.19634,0.21333,0.01458,0.01942,0.20230
0.03640,0.45901,0.01063,0.02546,0.04242,0.00751,0.39733,0.02125
0.32847,0.01037,0.03368,0.28216,0.28816,0.02464,0.01372,0.01881
0.02632,0.03764,0.80128,0.02054,0.04341,0.03053,0.02576,0.01453
0.03020,0.09043,0.01415,0.39132,0.01461,0.00727,0.07336,0.37867
0.01419,0.00393,0.02690,0.48451,0.01532,0.00404,0.00310,0.44801
0.20643,0.01920,0.01096,0.37309,0.35253,0.00630,0.01613,0.01536
0.01684,0.42554,0.01089,0.03621,0.02718,0.03777,0.40149,0.04408
0.08065,0.01675,0.01243,0.01640,0.01492,0.43521,0.00854,0.41510
0.07807,0.01634,0.18599,0.01251,0.00861,0.35376,0.03188,0.31285
0.04294,0.02106,0.49284,0.17174,0.14830,0.04714,0.04515,0.03083
0.05920,0.40408,0.02295,0.01843,0.39055,0.02513,0.04095,0.03871
0.00923,0.33438,0.02079,0.14906,0.16990,0.00973,0.29646,0.01045
0.00538,0.26677,0.00344,0.25644,0.01031,0.00364,0.23069,0.22333
0.06902,0.16719,0.51694,0.02504,0.02430,0.06684,0.08984,0.04082
0.03452,0.01958,0.02730,0.09653,0.09759,0.35740,0.00955,0.35752
0.03837,0.22894,0.01797,0.24548,0.25312,0.00968,0.19766,0.00878
0.08663,0.00664,0.00759,0.44174,0.43715,0.00610,0.00920,0.00494
0.02724,0.40678,0.01251,0.04072,0.27812,0.06317,0.12805,0.04342
0.02485,0.03377,0.20559,0.03482,0.01421,0.31702,0.30831,0.06143
0.01405,0.00958,0.00991,0.02078,0.01230,0.47125,0.45290,0.00923
0.01456,0.18918,0.03963,0.26116,0.18740,0.01135,0.02471,0.27201
0.02190,0.14091,0.00948,0.30680,0.32543,0.02324,0.15818,0.01406
0.02412,0.01272,0.59649,0.01297,0.00891,0.16527,0.16254,0.01698
0.02446,0.00787,0.00849,0.02399,0.01331,0.46062,0.45370,0.00756
0.11484,0.01589,0.76149,0.04251,0.01331,0.01486,0.00575,0.03135
0.01824,0.05984,0.78492,0.02394,0.01850,0.02849,0.03214,0.03393
0.03271,0.01826,0.81147,0.05010,0.01815,0.02281,0.00799,0.03851
0.01001,0.17119,0.00846,0.31819,0.16620,0.00747,0.00860,0.30988
0.83700,0.01821,0.01344,0.02513,0.02183,0.04384,0.00347,0.03709
0.03282,0.24443,0.46849,0.01176,0.01429,0.01206,0.20230,0.01385
0.01763,0.43259,0.01345,0.03693,0.41231,0.01681,0.01572,0.05456
0.73519,0.02642,0.01464,0.08747,0.06280,0.02166,0.03670,0.01513
0.00748,0.04635,0.01602,0.14532,0.13011,0.31633,0.08863,0.24975
0.06492,0.35401,0.04161,0.03502,0.22786,0.03081,0.20602,0.03976
0.03500,0.33777,0.01459,0.10984,0.34047,0.03131,0.01349,0.11753
0.03250,0.05094,0.03489,0.38579,0.42008,0.02869,0.01971,0.02739
0.00910,0.03443,0.00518,0.41184,0.02387,0.05999,0.00807,0.44751
0.00734,0.00753,0.01307,0.44851,0.46472,0.02393,0.00826,0.02663
0.00644,0.01857,0.01956,0.42483,0.43756,0.02519,0.03536,0.03249
0.57833,0.01837,0.03133,0.15682,0.14954,0.02072,0.01404,0.03085
0.01345,0.21875,0.03545,0.01615,0.20287,0.25847,0.02900,0.22587
0.62233,0.01747,0.01648,0.10754,0.09163,0.06904,0.00808,0.06744
0.04920,0.04552,0.46522,0.02187,0.03833,0.17973,0.17085,0.02928
0.16014,0.00874,0.30418,0.02964,0.01016,0.23119,0.23523,0.02072
0.00668,0.09279,0.04043,0.38491,0.02206,0.02513,0.05838,0.36963
0.01204,0.02484,0.08780,0.07332,0.03373,0.36767,0.01669,0.38392
0.03385,0.18772,0.17044,0.02405,0.02775,0.19571,0.34275,0.01773
0.26542,0.02443,0.13480,0.24633,0.23135,0.03641,0.01605,0.04521
0.01144,0.05332,0.01146,0.42272,0.43355,0.01297,0.04085,0.01369
0.23281,0.03133,0.08517,0.26883,0.26184,0.05402,0.00943,0.05656
0.05478,0.01374,0.49506,0.06605,0.05474,0.13209,0.13936,0.04419
0.02571,0.04562,0.18020,0.02847,0.01711,0.33532,0.08404,0.28352
0.05480,0.11936,0.00449,0.35811,0.35852,0.00285,0.09388,0.00800
0.01294,0.01645,0.01236,0.11028,0.01498,0.34880,0.00533,0.47886
0.03891,0.01912,0.00998,0.02080,0.02891,0.44261,0.43340,0.00627
0.01891,0.04255,0.01794,0.42234,0.43292,0.02726,0.02799,0.01009
0.01555,0.44331,0.00570,0.01747,0.30682,0.01459,0.17743,0.01911
0.49879,0.02019,0.00432,0.24713,0.20950,0.00635,0.00669,0.00704
0.00455,0.49053,0.00342,0.00874,0.00946,0.00177,0.47718,0.00435
0.01247,0.00566,0.00545,0.45777,0.00587,0.04781,0.00494,0.46004
0.11502,0.04199,0.01539,0.33403,0.33828,0.07174,0.06372,0.01983
0.05653,0.01741,0.12866,0.01332,0.01412,0.36220,0.19436,0.21339
0.04617,0.14824,0.05745,0.31539,0.32832,0.01813,0.07172,0.01458
0.01807,0.18606,0.00942,0.01906,0.02540,0.30134,0.36002,0.08064
0.00711,0.49444,0.00668,0.00567,0.02771,0.00751,0.44044,0.01044
0.01193,0.04556,0.04117,0.42230,0.43771,0.01552,0.01089,0.01491
0.04856,0.23471,0.01277,0.02080,0.02005,0.22242,0.20993,0.23076
0.01863,0.10062,0.21919,0.01686,0.07314,0.26571,0.15569,0.15016
0.01821,0.43734,0.02937,0.02811,0.07488,0.00934,0.38391,0.01884
0.00828,0.00764,0.01277,0.47557,0.00584,0.00632,0.00625,0.47733
0.02187,0.07080,0.01141,0.02534,0.04444,0.38706,0.29817,0.14092
0.01546,0.01706,0.40120,0.01326,0.02141,0.23915,0.26984,0.02262
0.01348,0.12117,0.01678,0.28685,0.31493,0.09590,0.04833,0.10257
0.02491,0.02109,0.04967,0.27455,0.26886,0.16668,0.01789,0.17635
0.03036,0.13787,0.01923,0.32403,0.31968,0.03692,0.09958,0.03233
0.01042,0.02003,0.02721,0.43035,0.44577,0.02860,0.01799,0.01965
0.20956,0.03682,0.00961,0.18796,0.19782,0.18080,0.01100,0.16643
0.07753,0.04162,0.08512,0.28601,0.26548,0.10581,0.01715,0.12129
0.01870,0.10531,0.00774,0.04290,0.02451,0.38321,0.39603,0.02161
0.10658,0.03342,0.00884,0.02431,0.04068,0.39171,0.02224,0.37221
0.01821,0.10885,0.01089,0.08061,0.08884,0.30794,0.31364,0.07102
0.01099,0.11269,0.01333,0.30719,0.15415,0.06837,0.02567,0.30761
0.01087,0.01765,0.01107,0.40062,0.42226,0.05284,0.01786,0.06683
0.00900,0.00944,0.01849,0.46944,0.00835,0.00619,0.00554,0.47354
0.39919,0.00496,0.01274,0.21575,0.20231,0.06952,0.08362,0.01192
0.01498,0.05166,0.12716,0.03473,0.01621,0.38231,0.23289,0.14006
0.01164,0.01923,0.12631,0.01958,0.01787,0.40443,0.38737,0.01358
0.01455,0.02633,0.01693,0.33613,0.33860,0.13031,0.01018,0.12699
0.00991,0.09150,0.00747,0.38491,0.11715,0.01670,0.01289,0.35948
0.02426,0.13532,0.56258,0.05411,0.10682,0.04608,0.04398,0.02686
0.01211,0.04372,0.76266,0.01005,0.01041,0.07513,0.01470,0.07123
0.00590,0.01334,0.01943,0.43368,0.46716,0.01488,0.02288,0.02273
0.10777,0.03501,0.04051,0.35369,0.35317,0.04194,0.01582,0.05209
0.35742,0.04822,0.08171,0.17980,0.18202,0.06188,0.02322,0.06573
0.00929,0.13056,0.04904,0.03777,0.13277,0.29158,0.30794,0.04105
0.02782,0.05768,0.00860,0.42480,0.42849,0.01398,0.02069,0.01795
0.20820,0.10281,0.53160,0.01505,0.01276,0.01074,0.10450,0.01435
0.02250,0.04727,0.29735,0.01999,0.01914,0.27896,0.28130,0.03348
0.01584,0.29608,0.02230,0.17597,0.27287,0.02261,0.02915,0.16518
0.05376,0.35105,0.22543,0.02345,0.02534,0.03522,0.25618,0.02957
0.05702,0.26335,0.01800,0.19733,0.07530,0.00959,0.20035,0.17906
0.02979,0.48959,0.01742,0.04264,0.06246,0.01679,0.29957,0.04174
0.18283,0.04154,0.04505,0.33658,0.32283,0.01434,0.03085,0.02598
0.39463,0.05160,0.03889,0.22067,0.20794,0.01430,0.04545,0.02652
0.88447,0.00900,0.01540,0.03982,0.03306,0.00350,0.00456,0.01018
0.01950,0.01584,0.13298,0.37405,0.36441,0.04867,0.02505,0.01951
0.05957,0.02182,0.04935,0.05404,0.05457,0.35954,0.37666,0.02444
0.04228,0.33793,0.01459,0.13066,0.13396,0.01497,0.31441,0.01120
0.01289,0.01234,0.02742,0.26984,0.26348,0.19494,0.02998,0.18911
0.01155,0.06277,0.03333,0.01494,0.06594,0.38400,0.01946,0.40801
0.04810,0.02808,0.71278,0.06187,0.07018,0.02291,0.04080,0.01528
0.06654,0.45292,0.00613,0.01188,0.02962,0.00743,0.41100,0.01447
0.19434,0.28463,0.04351,0.13383,0.06606,0.03364,0.06933,0.17466
0.09837,0.01536,0.78597,0.03407,0.03449,0.00787,0.00998,0.01389
0.06587,0.02137,0.02536,0.32450,0.02396,0.11998,0.02122,0.39774
0.55091,0.05953,0.02165,0.16586,0.15303,0.00873,0.02309,0.01721
0.00863,0.02037,0.00659,0.03924,0.02109,0.44261,0.40099,0.06048
0.03630,0.34840,0.01943,0.12451,0.26411,0.05418,0.07468,0.07838
0.17144,0.18695,0.00659,0.23813,0.23043,0.00767,0.15207,0.00672
0.03807,0.03574,0.03124,0.43041,0.01548,0.01129,0.02252,0.41524
0.86331,0.02449,0.02805,0.01574,0.01673,0.01506,0.01640,0.02022
0.69880,0.02247,0.01461,0.07397,0.04619,0.05911,0.04369,0.04118
0.01994,0.40609,0.01302,0.09473,0.05660,0.02426,0.31517,0.07018
0.01135,0.45633,0.00534,0.04302,0.02232,0.00782,0.43503,0.01879
0.01086,0.25021,0.01061,0.23249,0.21344,0.02311,0.02394,0.23535
0.67412,0.07164,0.03246,0.04311,0.04234,0.05145,0.02890,0.05597
0.02324,0.01811,0.40327,0.08485,0.02326,0.17244,0.20099,0.07383
0.05049,0.05080,0.59733,0.03241,0.02958,0.13616,0.01508,0.08815
0.03818,0.35921,0.01216,0.10120,0.40514,0.00906,0.02724,0.04780
0.02023,0.03820,0.05763,0.05301,0.03804,0.38390,0.37813,0.03086
0.02574,0.04663,0.11177,0.37780,0.02696,0.00975,0.01301,0.38834
0.06914,0.28678,0.01362,0.15280,0.12784,0.04909,0.28277,0.01796
0.01961,0.42606,0.00635,0.05325,0.01883,0.03476,0.41533,0.02581
0.01188,0.01415,0.67774,0.02102,0.03351,0.10730,0.10399,0.03043
0.23890,0.01512,0.00461,0.34328,0.33169,0.03719,0.02076,0.00844
0.65448,0.01655,0.01772,0.15300,0.11870,0.01210,0.01646,0.01100
0.22659,0.15185,0.02093,0.26563,0.02061,0.01133,0.02631,0.27675
0.04251,0.02395,0.25716,0.07112,0.02305,0.23623,0.26442,0.08156
0.23580,0.13246,0.36972,0.05843,0.04628,0.03015,0.07972,0.04744
0.03439,0.01411,0.89683,0.01332,0.01418,0.01003,0.00528,0.01185
0.13566,0.21851,0.03709,0.02463,0.03145,0.18436,0.19460,0.17370
0.01456,0.01826,0.01689,0.01861,0.00937,0.45172,0.44418,0.02641
0.00788,0.00982,0.00285,0.01679,0.01187,0.46663,0.46696,0.01720
0.00408,0.02816,0.55146,0.04754,0.02333,0.14667,0.14630,0.05246
0.01100,0.10056,0.01662,0.33750,0.11253,0.04832,0.03349,0.33999
0.44504,0.03696,0.22495,0.01643,0.02880,0.12129,0.02493,0.10160
0.00901,0.00429,0.01063,0.30876,0.29611,0.17019,0.00668,0.19434
0.02062,0.01045,0.04566,0.04931,0.01113,0.39189,0.10128,0.36966
0.17383,0.01368,0.50559,0.06031,0.04466,0.08309,0.10334,0.01549
0.00662,0.05314,0.00401,0.44436,0.45982,0.00589,0.01725,0.00891
0.01763,0.27727,0.22993,0.10449,0.26308,0.00702,0.01510,0.08548
0.03849,0.01733,0.43726,0.09301,0.01659,0.14914,0.15300,0.09518
0.01753,0.01736,0.00806,0.45098,0.45458,0.02074,0.01348,0.01726
0.02014,0.08720,0.01381,0.04000,0.03549,0.36396,0.40594,0.03346
0.01603,0.20034,0.05077,0.21416,0.15031,0.06103,0.04925,0.25811
0.02434,0.41976,0.00959,0.05503,0.03881,0.02846,0.40039,0.02363
0.09586,0.32374,0.02406,0.11609,0.07121,0.02686,0.25728,0.08491
0.07360,0.01707,0.77012,0.01818,0.01572,0.04368,0.04776,0.01387
0.40536,0.05017,0.05223,0.05125,0.02903,0.17771,0.02484,0.20942
0.02023,0.02620,0.04086,0.14348,0.07533,0.29923,0.30235,0.09231
0.04099,0.00848,0.90862,0.00816,0.00863,0.00990,0.00537,0.00984
0.01553,0.08056,0.01557,0.38671,0.05303,0.01432,0.04985,0.38443
0.00167,0.00380,0.10146,0.44873,0.00396,0.00190,0.00459,0.43389
0.02492,0.00889,0.00618,0.47353,0.01187,0.00596,0.00725,0.46138
0.03685,0.03597,0.12481,0.11015,0.06646,0.26217,0.27201,0.09159
0.09166,0.05728,0.56983,0.07731,0.08922,0.03131,0.04693,0.03646
0.03574,0.06062,0.01670,0.42955,0.01478,0.01158,0.02082,0.41021
0.02151,0.03071,0.01815,0.43582,0.01942,0.03281,0.00757,0.43402
0.02669,0.00782,0.00871,0.44645,0.43888,0.02471,0.01742,0.02934
0.00695,0.03054,0.05474,0.42084,0.36887,0.03879,0.02006,0.05920
0.10003,0.30846,0.01921,0.14755,0.13754,0.00998,0.23100,0.04624
0.03966,0.07061,0.06652,0.37039,0.06535,0.01792,0.01355,0.35600
0.01836,0.31274,0.02065,0.14647,0.12927,0.04391,0.28070,0.04791
0.04153,0.03564,0.13658,0.06931,0.04693,0.29234,0.13121,0.24647
0.01770,0.03390,0.03661,0.34266,0.04230,0.09133,0.02570,0.40980
0.11701,0.14369,0.01281,0.02066,0.03026,0.28425,0.10645,0.28487
