0.03683,0.04571,0.03116,0.10002,0.28012,0.08301,0.20885,0.02844,0.12074,0.06513
0.03130,0.09740,0.20536,0.06377,0.13755,0.01571,0.09182,0.19127,0.14555,0.02028
0.10408,0.07136,0.07198,0.04223,0.10763,0.03739,0.01013,0.38928,0.07980,0.08612
0.06797,0.23374,0.02617,0.14000,0.05761,0.04009,0.03828,0.10982,0.11688,0.16946
0.05397,0.04942,0.04488,0.02247,0.13859,0.01714,0.04672,0.14490,0.43704,0.04489
0.04712,0.10427,0.06016,0.07174,0.06581,0.12095,0.14436,0.28890,0.04924,0.04746
0.08213,0.42333,0.11305,0.04370,0.03635,0.05447,0.01519,0.07696,0.01616,0.13866
0.00971,0.04541,0.40122,0.20200,0.01987,0.00891,0.00728,0.14143,0.12772,0.03646
0.01595,0.03493,0.02951,0.10645,0.04603,0.02129,0.01544,0.26648,0.38617,0.07775
0.01828,0.02185,0.08371,0.02548,0.04402,0.65187,0.01996,0.01926,0.01564,0.09993
0.01481,0.14034,0.25229,0.20639,0.03545,0.04090,0.03399,0.04649,0.08216,0.14718
0.04085,0.05338,0.09617,0.03458,0.03657,0.02886,0.01055,0.21075,0.22477,0.26352
0.07505,0.05612,0.19600,0.09281,0.30533,0.03148,0.04449,0.08251,0.05869,0.05752
0.07853,0.02856,0.07160,0.09321,0.24296,0.01702,0.03051,0.34439,0.04461,0.04862
0.03462,0.03966,0.02194,0.04054,0.19870,0.07916,0.01874,0.22102,0.30884,0.03678
0.03722,0.00792,0.04279,0.01270,0.46831,0.02966,0.07592,0.30483,0.01123,0.00943
0.06332,0.07890,0.07968,0.05581,0.08404,0.03377,0.02008,0.47393,0.02258,0.08789
0.05364,0.09687,0.03134,0.10830,0.04775,0.05707,0.08686,0.42768,0.05172,0.03878
0.03086,0.25445,0.10805,0.09451,0.08138,0.02126,0.01692,0.21418,0.02866,0.14972
0.01952,0.01651,0.01142,0.35504,0.01671,0.02960,0.03747,0.03637,0.30459,0.17278
0.04121,0.01005,0.37897,0.11798,0.01698,0.03073,0.05699,0.32666,0.01151,0.00890
0.18970,0.01560,0.19435,0.02598,0.15545,0.16466,0.17471,0.02794,0.03804,0.01357
0.01402,0.02950,0.02365,0.32159,0.38463,0.06414,0.00963,0.01974,0.04726,0.08584
0.03169,0.04385,0.01215,0.09139,0.18836,0.03398,0.25918,0.25304,0.06865,0.01772
0.02429,0.06996,0.41841,0.06122,0.03502,0.03702,0.17681,0.06942,0.03382,0.07404
0.01251,0.06346,0.03726,0.26944,0.19647,0.01959,0.01620,0.12256,0.20409,0.05842
0.01518,0.05487,0.09842,0.43689,0.05245,0.01437,0.03318,0.18787,0.05947,0.04731
0.07111,0.02199,0.21559,0.17711,0.03814,0.03223,0.03055,0.10698,0.28328,0.02301
0.03634,0.03825,0.08824,0.03229,0.03496,0.05485,0.02698,0.29485,0.33298,0.06027
0.02724,0.01062,0.19857,0.11182,0.02433,0.11232,0.06713,0.40232,0.03244,0.01321
0.03215,0.07577,0.05679,0.20176,0.10926,0.04175,0.13280,0.17129,0.04491,0.13351
0.16730,0.01737,0.03148,0.05753,0.05046,0.47262,0.01764,0.06931,0.09192,0.02437
0.01560,0.04854,0.26630,0.09914,0.03393,0.06724,0.22641,0.11846,0.08546,0.03892
0.04471,0.11514,0.05741,0.06902,0.10021,0.08435,0.09106,0.17271,0.06188,0.20351
0.14140,0.11575,0.35717,0.05233,0.06036,0.02573,0.03435,0.05676,0.05962,0.09654
0.03493,0.13144,0.12614,0.10438,0.08560,0.07358,0.06600,0.18161,0.09973,0.09659
0.03626,0.12984,0.30623,0.23480,0.03281,0.01661,0.04534,0.03831,0.02563,0.13418
0.06402,0.02824,0.03025,0.02694,0.58159,0.04975,0.02016,0.02647,0.14100,0.03158
0.01659,0.19615,0.05867,0.04994,0.03150,0.01262,0.02555,0.24150,0.15517,0.21231
0.08149,0.06938,0.15376,0.06425,0.08210,0.11679,0.00790,0.23099,0.04954,0.14379
0.09365,0.04322,0.01952,0.24327,0.02358,0.44761,0.01632,0.05291,0.04732,0.01259
0.07729,0.01717,0.15905,0.12482,0.39967,0.06501,0.02128,0.09401,0.02290,0.01879
0.09505,0.05857,0.13480,0.08570,0.06991,0.03097,0.01907,0.36306,0.10792,0.03496
0.21796,0.01538,0.03204,0.35153,0.02621,0.02441,0.00631,0.08835,0.11365,0.12415
0.02385,0.16866,0.04374,0.05040,0.05988,0.07908,0.19717,0.08692,0.17180,0.11849
0.02794,0.19450,0.13265,0.08013,0.06565,0.05110,0.22944,0.02122,0.14573,0.05165
0.06745,0.05634,0.39675,0.03081,0.16335,0.01574,0.03309,0.16560,0.02373,0.04714
0.01853,0.03172,0.06856,0.04875,0.02441,0.02184,0.02717,0.64955,0.06835,0.04112
0.02095,0.02744,0.32024,0.08105,0.01860,0.02793,0.03707,0.10419,0.31824,0.04429
0.01322,0.01839,0.33290,0.04832,0.01735,0.01793,0.03825,0.44387,0.05139,0.01838
0.40042,0.01563,0.20733,0.28612,0.00782,0.01541,0.00935,0.02596,0.02151,0.01044
0.01522,0.10274,0.02553,0.25014,0.05656,0.06674,0.01813,0.01252,0.33947,0.11294
0.17184,0.03599,0.03194,0.05229,0.21622,0.31881,0.02748,0.06734,0.03832,0.03977
0.01634,0.06533,0.10706,0.12924,0.12017,0.04988,0.13289,0.04841,0.08786,0.24281
0.04348,0.04140,0.05346,0.21305,0.09036,0.04715,0.03317,0.09640,0.10037,0.28116
0.03134,0.08327,0.04929,0.37547,0.12813,0.07568,0.02369,0.04198,0.12941,0.06174
0.02541,0.02197,0.02897,0.04445,0.33716,0.02078,0.03465,0.34999,0.08695,0.04967
0.23505,0.14207,0.10051,0.21133,0.10104,0.02055,0.02483,0.11075,0.03283,0.02104
0.03542,0.05143,0.08800,0.04456,0.03229,0.01896,0.01404,0.23963,0.44129,0.03438
0.06070,0.00976,0.01377,0.34959,0.20245,0.03244,0.03658,0.24805,0.03290,0.01374
0.01758,0.02549,0.03437,0.20382,0.02373,0.02994,0.00792,0.35516,0.06451,0.23749
0.02968,0.02288,0.13961,0.41741,0.03243,0.18326,0.02242,0.09269,0.03341,0.02621
0.01690,0.04367,0.02205,0.27860,0.37296,0.02665,0.01260,0.05398,0.07261,0.09998
0.04046,0.17853,0.06327,0.04817,0.04851,0.03259,0.19876,0.09613,0.01111,0.28247
0.02426,0.03674,0.04739,0.10582,0.36029,0.04582,0.04815,0.17105,0.10847,0.05200
0.02145,0.02723,0.04402,0.02242,0.05840,0.05475,0.01712,0.28317,0.43715,0.03428
0.27323,0.02252,0.02251,0.25603,0.02939,0.02383,0.05895,0.08501,0.19282,0.03571
0.35258,0.05172,0.03550,0.03119,0.01839,0.10673,0.01484,0.31736,0.02491,0.04678
0.04510,0.04992,0.22811,0.10547,0.16387,0.01141,0.03865,0.19852,0.05066,0.10830
0.25943,0.07725,0.18839,0.06778,0.05207,0.08823,0.05360,0.08588,0.09355,0.03384
0.01076,0.02063,0.01116,0.44996,0.18129,0.04454,0.07936,0.03830,0.13792,0.02609
0.15458,0.03594,0.12551,0.06525,0.39586,0.02913,0.02312,0.04828,0.07875,0.04359
0.02961,0.03962,0.02375,0.31051,0.08127,0.04432,0.30677,0.02362,0.10188,0.03864
0.13022,0.01466,0.03762,0.32812,0.02176,0.35063,0.02174,0.02338,0.06349,0.00839
0.06778,0.10681,0.12079,0.16394,0.11125,0.02711,0.05226,0.12917,0.04527,0.17561
0.10433,0.01622,0.29010,0.01229,0.45686,0.01326,0.01130,0.04993,0.02176,0.02395
0.22325,0.05158,0.06020,0.06601,0.06027,0.05438,0.20130,0.11916,0.12695,0.03688
0.01336,0.02869,0.05283,0.04230,0.17279,0.02912,0.04988,0.02838,0.56058,0.02207
0.07948,0.00813,0.14385,0.08561,0.02272,0.01434,0.13534,0.49103,0.01106,0.00844
0.25477,0.03274,0.34366,0.07153,0.04206,0.02354,0.01554,0.10133,0.06674,0.04810
0.09110,0.01808,0.08266,0.06977,0.32933,0.02307,0.18879,0.13204,0.05523,0.00993
0.03245,0.03244,0.05626,0.05929,0.09092,0.03872,0.18645,0.05135,0.43663,0.01549
0.02514,0.06681,0.03697,0.03577,0.08581,0.02536,0.05315,0.60481,0.02525,0.04093
0.04479,0.05489,0.02357,0.03399,0.05185,0.37751,0.02152,0.06790,0.20103,0.12295
0.16467,0.28807,0.02380,0.07379,0.03396,0.10228,0.03947,0.16317,0.08181,0.02898
0.05964,0.01211,0.07363,0.40898,0.03919,0.02959,0.01940,0.32065,0.02922,0.00759
0.50103,0.03246,0.02649,0.02702,0.04290,0.23663,0.01592,0.05742,0.02903,0.03108
0.02280,0.15197,0.03953,0.02629,0.04931,0.03401,0.04136,0.15000,0.46705,0.01767
0.22744,0.01829,0.05059,0.32208,0.16554,0.03550,0.02084,0.11529,0.03352,0.01091
0.04798,0.30921,0.01589,0.34394,0.02349,0.02823,0.06782,0.04970,0.08162,0.03211
0.42659,0.07457,0.04303,0.04132,0.03277,0.06976,0.00788,0.21154,0.05218,0.04038
0.06195,0.03027,0.26055,0.04967,0.02548,0.08950,0.03217,0.08227,0.33654,0.03159
0.31589,0.02194,0.06512,0.05410,0.04717,0.10268,0.01475,0.10670,0.19042,0.08123
0.19956,0.03223,0.06261,0.02196,0.18965,0.02423,0.05163,0.33662,0.03951,0.04199
0.07705,0.01647,0.00914,0.01063,0.10849,0.01269,0.00822,0.32175,0.08396,0.35161
0.06979,0.04377,0.27801,0.03970,0.04276,0.03242,0.10625,0.08594,0.26512,0.03624
0.03846,0.15470,0.33639,0.07410,0.04450,0.04934,0.04269,0.05431,0.11118,0.09433
0.13092,0.11288,0.09921,0.06398,0.08186,0.02529,0.05465,0.24082,0.02611,0.16427
0.15094,0.15398,0.05747,0.03307,0.08334,0.13506,0.09683,0.09675,0.06889,0.12368
0.04412,0.02606,0.02766,0.16987,0.35792,0.01381,0.02784,0.28111,0.02715,0.02446
