0.03181,0.05818,0.14740,0.19422,0.06920,0.06358,0.10656,0.11769,0.13848,0.07286
0.30817,0.02907,0.09997,0.05437,0.13986,0.08417,0.06867,0.05991,0.09410,0.06173
0.04119,0.02985,0.11243,0.04644,0.06561,0.02115,0.27071,0.32453,0.05680,0.03130
0.07069,0.03331,0.07183,0.21653,0.23057,0.03562,0.06253,0.14572,0.09471,0.03850
0.09535,0.01186,0.13773,0.08620,0.09864,0.03813,0.11657,0.26241,0.14070,0.01241
0.14075,0.03993,0.18541,0.09667,0.06607,0.29632,0.02138,0.06331,0.05610,0.03405
0.01366,0.01957,0.01933,0.20555,0.20016,0.01699,0.10439,0.24950,0.15247,0.01838
0.05379,0.02927,0.10231,0.10889,0.04624,0.25014,0.02430,0.17402,0.17320,0.03784
0.05544,0.04498,0.03198,0.09032,0.18750,0.04788,0.02600,0.25122,0.22444,0.04025
0.03565,0.25782,0.04556,0.28589,0.04258,0.02701,0.05061,0.13537,0.09104,0.02847
0.25587,0.00541,0.01158,0.01485,0.01688,0.25821,0.20116,0.20605,0.02372,0.00627
0.03021,0.02066,0.33534,0.34427,0.03530,0.02860,0.03980,0.06327,0.07407,0.02848
0.09388,0.00953,0.05893,0.16449,0.24220,0.02418,0.06514,0.17282,0.15094,0.01789
0.21686,0.05956,0.07250,0.05246,0.12132,0.15305,0.02524,0.13868,0.09942,0.06090
0.03464,0.12756,0.15551,0.14757,0.22115,0.05433,0.05311,0.11771,0.06774,0.02070
0.07077,0.30363,0.05311,0.04731,0.05930,0.03330,0.02537,0.05280,0.04204,0.31236
0.17808,0.04707,0.02485,0.13081,0.09721,0.16576,0.13822,0.05431,0.14471,0.01900
0.06329,0.02210,0.02299,0.14624,0.57302,0.03625,0.02232,0.02922,0.03532,0.04925
0.04373,0.01913,0.08034,0.35533,0.32453,0.03822,0.03212,0.04368,0.03360,0.02932
0.06574,0.01117,0.18574,0.08682,0.05996,0.20417,0.12352,0.17202,0.07618,0.01469
0.03921,0.14780,0.09535,0.09007,0.02532,0.04069,0.12154,0.09500,0.18673,0.15828
0.03007,0.04880,0.23785,0.28078,0.02093,0.01980,0.05177,0.15244,0.09588,0.06169
0.06096,0.33660,0.04901,0.03522,0.04767,0.02657,0.02840,0.03855,0.04350,0.33352
0.06342,0.05795,0.22094,0.09015,0.17609,0.07272,0.03320,0.13415,0.10687,0.04450
0.23346,0.03639,0.13802,0.04959,0.05170,0.16463,0.02941,0.11555,0.13359,0.04765
0.18564,0.01229,0.10830,0.04548,0.04048,0.20329,0.07049,0.19348,0.12893,0.01163
0.30643,0.01733,0.02093,0.09613,0.36770,0.03937,0.02780,0.06244,0.04639,0.01547
0.03523,0.03079,0.02156,0.07682,0.34830,0.04142,0.20309,0.21636,0.01329,0.01314
0.04474,0.02434,0.04169,0.36458,0.37381,0.03050,0.02034,0.04528,0.03415,0.02056
0.03159,0.29073,0.02193,0.31599,0.03061,0.05506,0.05353,0.07276,0.10292,0.02490
0.03926,0.22233,0.09341,0.27783,0.05967,0.04854,0.03384,0.09279,0.07456,0.05777
0.11178,0.08800,0.21029,0.10929,0.05288,0.06743,0.13160,0.05952,0.13465,0.03456
0.04700,0.01412,0.34138,0.35354,0.03653,0.05229,0.03836,0.03865,0.05913,0.01900
0.02775,0.28122,0.04819,0.03168,0.30975,0.04983,0.10668,0.01826,0.11493,0.01171
0.07831,0.02566,0.03038,0.02383,0.08195,0.01887,0.25091,0.12241,0.33997,0.02769
0.07342,0.01399,0.09219,0.07375,0.07024,0.02648,0.13465,0.31928,0.18108,0.01493
0.05530,0.06520,0.08646,0.21449,0.17409,0.09736,0.08303,0.11707,0.04423,0.06276
0.01324,0.01739,0.10095,0.40869,0.33534,0.03698,0.01814,0.02838,0.02426,0.01662
0.13614,0.01988,0.11868,0.12697,0.07359,0.17716,0.11995,0.16511,0.04448,0.01804
0.09060,0.01184,0.01671,0.08462,0.16472,0.02123,0.28637,0.02071,0.29356,0.00963
0.11277,0.18037,0.05830,0.05689,0.12123,0.03045,0.05744,0.08665,0.09204,0.20385
0.20571,0.01229,0.20941,0.21052,0.25999,0.02524,0.01635,0.02611,0.02103,0.01335
0.17185,0.14151,0.08632,0.09044,0.20239,0.05547,0.01586,0.04488,0.04597,0.14533
0.14232,0.04635,0.05119,0.09442,0.10005,0.13826,0.02570,0.19859,0.18214,0.02097
0.12997,0.07219,0.12619,0.08288,0.13696,0.04660,0.13910,0.16509,0.04263,0.05838
0.07892,0.15269,0.03844,0.07298,0.09866,0.04175,0.07941,0.16568,0.11107,0.16041
0.07053,0.21328,0.02558,0.04557,0.07604,0.03792,0.08159,0.09545,0.13422,0.21981
0.03292,0.23945,0.04083,0.03024,0.02844,0.02609,0.02439,0.16879,0.15779,0.25107
0.01348,0.11409,0.11722,0.17695,0.10424,0.04472,0.03336,0.13370,0.14518,0.11705
0.03348,0.06056,0.03187,0.04842,0.10503,0.10105,0.24404,0.28658,0.03255,0.05641
0.09756,0.02221,0.10380,0.07081,0.13103,0.10088,0.10917,0.21001,0.12169,0.03283
0.01700,0.04187,0.19231,0.01520,0.01175,0.02940,0.28619,0.33874,0.05533,0.01223
0.03504,0.04422,0.11244,0.05694,0.18724,0.04497,0.03657,0.24537,0.21424,0.02297
0.02362,0.00655,0.01949,0.03153,0.04545,0.01464,0.30979,0.40160,0.13807,0.00924
0.01538,0.01358,0.42740,0.40692,0.03193,0.03411,0.01503,0.02426,0.01828,0.01312
0.02671,0.13011,0.31975,0.03319,0.02794,0.28920,0.01820,0.03053,0.02905,0.09533
0.12488,0.16360,0.04767,0.26071,0.05170,0.08543,0.03570,0.10606,0.08810,0.03616
0.04379,0.29161,0.02510,0.04726,0.06739,0.02003,0.07012,0.07694,0.05492,0.30285
0.01948,0.03398,0.06423,0.04708,0.02555,0.03555,0.28779,0.14019,0.30980,0.03636
0.07490,0.01213,0.02325,0.01778,0.06891,0.02284,0.15408,0.26771,0.34572,0.01267
0.04424,0.11597,0.25696,0.27634,0.07286,0.01569,0.04840,0.06061,0.01800,0.09094
0.17637,0.01822,0.05909,0.09022,0.17319,0.07598,0.13521,0.17821,0.07067,0.02285
0.10492,0.01635,0.03048,0.02472,0.10514,0.04323,0.03394,0.32804,0.29781,0.01537
0.12170,0.01722,0.18695,0.05272,0.13579,0.15568,0.13553,0.15522,0.02585,0.01334
0.02071,0.35128,0.02581,0.36825,0.03375,0.06083,0.04631,0.03795,0.03864,0.01646
0.05786,0.02291,0.03489,0.05011,0.05287,0.02250,0.12129,0.28494,0.22822,0.12440
0.03890,0.03272,0.10171,0.07487,0.04128,0.03524,0.22038,0.13874,0.28509,0.03107
0.18367,0.01990,0.06111,0.12811,0.29808,0.05721,0.01938,0.10024,0.09850,0.03380
0.01997,0.02363,0.01587,0.39134,0.39109,0.00978,0.04386,0.05760,0.02674,0.02013
0.13542,0.01468,0.04052,0.18843,0.28398,0.03485,0.00918,0.14103,0.13822,0.01370
0.05664,0.02819,0.20526,0.20069,0.04047,0.05973,0.05551,0.18352,0.14791,0.02206
0.04522,0.06963,0.19017,0.05194,0.02633,0.02952,0.15753,0.27730,0.12923,0.02313
0.28636,0.01765,0.07446,0.03979,0.16455,0.16628,0.01514,0.11418,0.10277,0.01882
0.04229,0.00956,0.18867,0.19048,0.08792,0.02528,0.04784,0.21766,0.17818,0.01213
0.11576,0.01114,0.03685,0.06834,0.14622,0.02659,0.17398,0.28839,0.12181,0.01092
0.27064,0.02252,0.02394,0.06458,0.07991,0.26711,0.01363,0.11996,0.10927,0.02843
0.14801,0.00609,0.09693,0.18469,0.26228,0.01851,0.07780,0.13845,0.06021,0.00702
0.04430,0.10583,0.08004,0.14367,0.08561,0.09296,0.06207,0.13891,0.16221,0.08439
0.02170,0.07743,0.12682,0.05661,0.05534,0.06010,0.23191,0.27242,0.02809,0.06958
0.02194,0.10418,0.06587,0.07545,0.06940,0.09521,0.03173,0.22480,0.19712,0.11430
0.02326,0.02251,0.03229,0.03494,0.03864,0.02363,0.04663,0.40031,0.35062,0.02717
0.16211,0.03413,0.12490,0.13219,0.17462,0.01881,0.08523,0.16532,0.07699,0.02569
0.10326,0.03361,0.02775,0.04654,0.08551,0.06608,0.22115,0.30640,0.07762,0.03208
0.02703,0.07448,0.02382,0.02849,0.03392,0.02553,0.14635,0.35250,0.20009,0.08780
0.01305,0.02041,0.02723,0.03576,0.02694,0.01632,0.15150,0.40498,0.28261,0.02119
0.23271,0.02267,0.04905,0.19454,0.06464,0.06973,0.13781,0.14134,0.06641,0.02111
0.26996,0.03978,0.04482,0.13735,0.12793,0.25019,0.02175,0.03851,0.03178,0.03794
0.14765,0.01559,0.02455,0.08995,0.10317,0.13702,0.19820,0.05877,0.21183,0.01327
0.02579,0.21729,0.03823,0.05832,0.03110,0.03250,0.13562,0.17675,0.05708,0.22731
0.02991,0.04325,0.01717,0.08648,0.02474,0.02638,0.07744,0.23876,0.35302,0.10285
0.15031,0.02829,0.04334,0.11118,0.18908,0.06303,0.07425,0.18663,0.12052,0.03336
0.02741,0.02842,0.02781,0.14894,0.15318,0.05489,0.16373,0.25848,0.10507,0.03207
0.09133,0.06094,0.17102,0.21368,0.12708,0.14954,0.02069,0.05153,0.04944,0.06475
0.33097,0.01612,0.09722,0.07964,0.18862,0.16785,0.02616,0.05209,0.02601,0.01531
0.10789,0.04538,0.07099,0.08751,0.14309,0.03341,0.05854,0.18573,0.21884,0.04863
0.01909,0.00946,0.08047,0.07937,0.02327,0.01837,0.26560,0.11662,0.37756,0.01019
0.11884,0.05244,0.09068,0.13501,0.03448,0.01517,0.12399,0.22944,0.13992,0.06003
0.08530,0.08510,0.39760,0.08829,0.04733,0.07127,0.03013,0.09049,0.06536,0.03912
0.38207,0.02460,0.02801,0.02471,0.36888,0.02992,0.03572,0.04849,0.03302,0.02458
0.02986,0.13195,0.06952,0.09520,0.06156,0.02944,0.20531,0.22172,0.03068,0.12477
0.29338,0.02767,0.02402,0.09679,0.36308,0.01938,0.03602,0.07074,0.03997,0.02894
0.01341,0.05445,0.02223,0.20309,0.20954,0.01341,0.19510,0.02801,0.22018,0.04059
0.09088,0.02748,0.03188,0.09484,0.04479,0.03735,0.27349,0.33309,0.05282,0.01338
0.25665,0.04910,0.06333,0.07239,0.30185,0.04557,0.02877,0.06698,0.05691,0.05846
0.18752,0.01878,0.06748,0.05814,0.03878,0.20374,0.17391,0.19483,0.03423,0.02259
0.09822,0.02202,0.04547,0.18846,0.23748,0.06752,0.05357,0.13216,0.12470,0.03041
0.04772,0.07768,0.21124,0.23185,0.09257,0.04989,0.05194,0.11730,0.08264,0.03716
0.10267,0.08707,0.11163,0.06645,0.08725,0.09856,0.04579,0.13223,0.17263,0.09571
0.12316,0.03798,0.12710,0.19082,0.15160,0.13988,0.04685,0.08246,0.05674,0.04341
0.05259,0.02792,0.09242,0.19066,0.11796,0.05610,0.06744,0.20698,0.16228,0.02565
0.04832,0.01310,0.01685,0.03216,0.03097,0.04444,0.28960,0.11250,0.39360,0.01846
0.09593,0.03475,0.14582,0.19527,0.15757,0.13161,0.05706,0.09674,0.05224,0.03302
0.09591,0.02926,0.15068,0.19312,0.08120,0.15852,0.06164,0.06683,0.13021,0.03263
0.03526,0.02875,0.04149,0.08610,0.06955,0.02088,0.05423,0.34229,0.29197,0.02948
0.03444,0.03259,0.05415,0.12943,0.11463,0.04744,0.08063,0.28236,0.19401,0.03031
0.09292,0.08815,0.08517,0.09242,0.13520,0.03920,0.12372,0.15704,0.07935,0.10683
0.13038,0.02835,0.02955,0.06549,0.01282,0.06069,0.03472,0.31057,0.29693,0.03050
0.12296,0.05425,0.03928,0.03701,0.10825,0.04839,0.05175,0.20765,0.25149,0.07897
0.02587,0.01203,0.07713,0.14936,0.10435,0.02671,0.12112,0.26904,0.20203,0.01235
0.02218,0.11203,0.06041,0.07855,0.02864,0.02117,0.22330,0.27402,0.05131,0.12839
0.07850,0.01139,0.08924,0.10690,0.04488,0.04459,0.18248,0.29845,0.12810,0.01545
0.09051,0.16851,0.02907,0.34677,0.20685,0.02104,0.04306,0.05886,0.02589,0.00945
0.19561,0.11728,0.07897,0.07726,0.18752,0.04244,0.07660,0.12850,0.06854,0.02727
0.02099,0.00954,0.40486,0.42375,0.02069,0.03773,0.01355,0.03239,0.02681,0.00969
0.10654,0.03947,0.14356,0.15086,0.08313,0.06946,0.09359,0.12410,0.13331,0.05599
0.02702,0.25113,0.14245,0.12788,0.01891,0.03045,0.01900,0.05353,0.06124,0.26841
0.04515,0.03008,0.21945,0.23731,0.03624,0.05658,0.14469,0.15815,0.03075,0.04160
0.06533,0.02379,0.17960,0.15754,0.05179,0.05261,0.13558,0.08015,0.20394,0.04967
0.04767,0.08116,0.23204,0.23009,0.02641,0.05295,0.03186,0.12504,0.09716,0.07561
0.23057,0.05130,0.03008,0.07489,0.28024,0.02471,0.09548,0.05621,0.10518,0.05135
0.11631,0.12922,0.12527,0.09050,0.12561,0.09927,0.06609,0.04789,0.06776,0.13208
0.08564,0.03650,0.21620,0.19758,0.09060,0.04837,0.09897,0.13370,0.05962,0.03283
0.05889,0.12207,0.04741,0.10851,0.10010,0.03921,0.02411,0.18919,0.17722,0.13331
0.01971,0.02048,0.21759,0.22377,0.03083,0.02429,0.02309,0.22254,0.19815,0.01955
0.24306,0.06221,0.19019,0.28992,0.02395,0.03473,0.03279,0.03564,0.04871,0.03881
0.16496,0.01349,0.05897,0.12787,0.18807,0.09537,0.14485,0.09588,0.09462,0.01592
0.08384,0.14816,0.08630,0.17282,0.13625,0.07389,0.07756,0.08987,0.09062,0.04070
0.05412,0.01851,0.15061,0.37391,0.28274,0.01590,0.01859,0.03561,0.03445,0.01556
0.02598,0.01537,0.16884,0.24299,0.09565,0.02147,0.10510,0.21191,0.09938,0.01331
0.12992,0.23156,0.04919,0.02223,0.13829,0.03705,0.04408,0.04490,0.05691,0.24587
0.13355,0.06761,0.03156,0.11559,0.20601,0.04040,0.00845,0.17021,0.17336,0.05327
0.14343,0.01992,0.07363,0.11357,0.18237,0.01647,0.09838,0.20341,0.12119,0.02763
0.20867,0.01150,0.04192,0.16493,0.15472,0.22363,0.07668,0.02190,0.07481,0.02123
0.06391,0.02813,0.31526,0.33421,0.08911,0.01984,0.01942,0.05658,0.04874,0.02480
0.28304,0.07806,0.05600,0.07467,0.32418,0.02086,0.01745,0.04760,0.02691,0.07123
0.10380,0.06505,0.06959,0.08413,0.13791,0.02637,0.06687,0.20399,0.15510,0.08719
0.08771,0.06875,0.22128,0.10857,0.15028,0.19813,0.01820,0.03693,0.04436,0.06579
0.12112,0.03293,0.11634,0.16471,0.10788,0.07239,0.07549,0.16923,0.10601,0.03391
0.05687,0.05337,0.02972,0.23848,0.26348,0.04516,0.01175,0.13169,0.12369,0.04579
0.04600,0.09836,0.30922,0.20265,0.04611,0.11301,0.01802,0.04341,0.03653,0.08669
0.21040,0.03004,0.07634,0.09101,0.05978,0.35086,0.05006,0.06548,0.02653,0.03949
0.07613,0.01046,0.05908,0.02823,0.09261,0.06613,0.30835,0.32923,0.01740,0.01237
0.10860,0.05468,0.05024,0.26012,0.23938,0.13070,0.02510,0.03587,0.03272,0.06260
0.04401,0.02634,0.03377,0.05377,0.04619,0.10141,0.03302,0.30000,0.32066,0.04083
0.04695,0.05654,0.07282,0.14988,0.12404,0.10437,0.03322,0.18726,0.17154,0.05337
0.03193,0.12799,0.15535,0.21838,0.08964,0.03564,0.07445,0.06844,0.05932,0.13887
0.17128,0.01537,0.16453,0.15043,0.18248,0.05744,0.04207,0.10682,0.09667,0.01290
0.27361,0.07365,0.02006,0.05056,0.22350,0.06066,0.02153,0.10827,0.09267,0.07549
0.08379,0.01766,0.06288,0.05392,0.09412,0.04973,0.22310,0.13276,0.25657,0.02547
0.01347,0.05351,0.03290,0.09468,0.01401,0.03398,0.03097,0.36219,0.34780,0.01649
0.17739,0.08036,0.10247,0.14107,0.03056,0.06529,0.16445,0.18135,0.04098,0.01607
0.35918,0.04930,0.03241,0.03930,0.35892,0.02400,0.03165,0.04163,0.02069,0.04291
0.05435,0.12960,0.03286,0.06044,0.05219,0.03806,0.19350,0.24113,0.05579,0.14209
0.26526,0.02171,0.06432,0.10655,0.34778,0.03586,0.03991,0.06681,0.03172,0.02008
0.04770,0.18738,0.10931,0.07918,0.06859,0.03094,0.07580,0.12002,0.07529,0.20579
0.07123,0.16107,0.14898,0.14078,0.03095,0.06116,0.01643,0.10467,0.09903,0.16571
0.02162,0.03208,0.05184,0.17747,0.17119,0.05040,0.05703,0.22468,0.18742,0.02627
0.04075,0.01953,0.03739,0.08337,0.08834,0.02733,0.14784,0.33538,0.18951,0.03055
0.01068,0.01045,0.41336,0.03587,0.01881,0.40350,0.03715,0.04796,0.01165,0.01055
0.02229,0.00974,0.02426,0.03669,0.03271,0.02266,0.24605,0.22199,0.37236,0.01125
0.04237,0.04450,0.26074,0.07750,0.27337,0.17373,0.02935,0.03498,0.01534,0.04812
0.02557,0.02070,0.33139,0.34023,0.03692,0.04343,0.03655,0.06578,0.07661,0.02281
0.20701,0.11107,0.02771,0.01948,0.21089,0.02599,0.02226,0.11642,0.12145,0.13773
0.05206,0.07380,0.06455,0.10223,0.09157,0.02535,0.20042,0.25591,0.05603,0.07806
0.09447,0.06336,0.02929,0.20511,0.32576,0.02315,0.02362,0.11538,0.09007,0.02980
0.07185,0.03728,0.06670,0.04715,0.08749,0.04018,0.03040,0.30220,0.28021,0.03656
0.01591,0.06421,0.24219,0.06254,0.34357,0.01896,0.02762,0.07521,0.05290,0.09689
0.06876,0.01070,0.02514,0.15323,0.18656,0.04720,0.10127,0.24511,0.14410,0.01794
0.04025,0.07350,0.10132,0.07375,0.08033,0.06943,0.03646,0.22274,0.20438,0.09786
0.03748,0.00470,0.36904,0.12584,0.01652,0.19505,0.10091,0.10756,0.03821,0.00469
0.05726,0.03068,0.05922,0.25755,0.24519,0.09774,0.06453,0.10469,0.05379,0.02934
0.09019,0.13872,0.06856,0.19085,0.21043,0.05213,0.02740,0.04968,0.04053,0.13150
0.03105,0.19257,0.15091,0.13845,0.03657,0.04514,0.03185,0.09413,0.07519,0.20415
0.24987,0.02236,0.02058,0.01520,0.25207,0.02184,0.16724,0.20301,0.02922,0.01861
0.05181,0.23944,0.05930,0.06060,0.07007,0.02216,0.06222,0.11402,0.06998,0.25039
0.02928,0.20552,0.05862,0.06252,0.03721,0.02309,0.12415,0.09942,0.14428,0.21593
0.03291,0.24050,0.02296,0.02306,0.04331,0.01988,0.01049,0.18655,0.18131,0.23903
0.03790,0.03499,0.22739,0.05471,0.11195,0.01161,0.02007,0.24061,0.23011,0.03067
0.03448,0.04152,0.13826,0.14282,0.03454,0.04957,0.20851,0.23985,0.06530,0.04516
0.01763,0.04324,0.31612,0.29231,0.10478,0.06224,0.02426,0.06953,0.04593,0.02397
0.02593,0.10689,0.11225,0.13577,0.10684,0.01155,0.04665,0.20252,0.23677,0.01482
0.41094,0.01631,0.12697,0.14798,0.04136,0.03058,0.04647,0.09682,0.06685,0.01573
0.06073,0.05662,0.12038,0.21234,0.17499,0.08162,0.04856,0.07360,0.10363,0.06752
0.01375,0.07018,0.05722,0.04976,0.01933,0.01611,0.08150,0.27297,0.34935,0.06983
0.39635,0.01010,0.01774,0.01789,0.03876,0.01633,0.02130,0.23378,0.22179,0.02595
0.05190,0.06258,0.16558,0.14078,0.07851,0.05801,0.18576,0.19084,0.01691,0.04914
0.01726,0.19554,0.01780,0.03208,0.03682,0.01312,0.13112,0.11462,0.23664,0.20499
0.03084,0.04779,0.11041,0.16135,0.06752,0.03923,0.05275,0.20802,0.20793,0.07416
0.23656,0.06761,0.03717,0.04786,0.12755,0.06320,0.14923,0.07019,0.16311,0.03752
0.05552,0.03853,0.04338,0.05329,0.05393,0.03661,0.32165,0.33653,0.02244,0.03812
0.02497,0.03249,0.14210,0.05606,0.28615,0.04911,0.05001,0.18914,0.11946,0.05050
0.25759,0.02201,0.08254,0.06468,0.19622,0.18267,0.04522,0.08255,0.04495,0.02156
0.04909,0.23223,0.11937,0.11767,0.03896,0.05010,0.03282,0.05830,0.06020,0.24128
0.16734,0.03579,0.05434,0.23957,0.29335,0.02804,0.04526,0.04412,0.04033,0.05185
0.30129,0.00870,0.04786,0.05143,0.29018,0.01770,0.02382,0.13474,0.11405,0.01023
0.02870,0.11783,0.13216,0.12858,0.04508,0.02227,0.08406,0.17918,0.14329,0.11886
0.06515,0.04013,0.14547,0.04358,0.15852,0.05866,0.19422,0.05774,0.20728,0.02926
0.07880,0.07445,0.04299,0.14844,0.17728,0.10053,0.03114,0.16285,0.15190,0.03162
0.08149,0.03165,0.06202,0.06610,0.05162,0.04666,0.10240,0.31654,0.22050,0.02102
0.08519,0.11908,0.09090,0.19605,0.05528,0.02700,0.09868,0.17467,0.11599,0.03715
0.09453,0.05600,0.11568,0.10705,0.08495,0.06039,0.14638,0.08549,0.17110,0.07842
0.01601,0.16755,0.04838,0.22762,0.20716,0.03631,0.01758,0.05179,0.05073,0.17688
0.28534,0.05643,0.03729,0.03323,0.27606,0.04270,0.01851,0.08212,0.08806,0.08026
0.05202,0.08958,0.11781,0.14034,0.05827,0.09171,0.05028,0.17005,0.13590,0.09405
0.09219,0.20217,0.10626,0.04313,0.04345,0.08179,0.08501,0.09911,0.04394,0.20293
0.12391,0.04790,0.06962,0.17377,0.20882,0.03382,0.02956,0.14369,0.13023,0.03868
0.20234,0.08234,0.04213,0.02028,0.18633,0.03838,0.12937,0.16039,0.04753,0.09090
0.07647,0.06251,0.01957,0.23251,0.29433,0.01318,0.08517,0.10234,0.06189,0.05203
0.15480,0.01534,0.03284,0.04748,0.16127,0.01763,0.24567,0.06836,0.23919,0.01742
0.02846,0.06221,0.05093,0.10179,0.07209,0.08684,0.16213,0.24801,0.11943,0.06813
0.02722,0.01001,0.07352,0.04197,0.03399,0.04623,0.12488,0.38102,0.24768,0.01349
0.07091,0.05033,0.05140,0.11868,0.10116,0.10871,0.06792,0.17444,0.16487,0.09158
0.02416,0.03725,0.22302,0.23242,0.02675,0.02229,0.05679,0.19586,0.14674,0.03472
0.09003,0.13688,0.08269,0.13577,0.15333,0.02449,0.03136,0.10124,0.09718,0.14704
0.13402,0.02455,0.02948,0.13419,0.04221,0.03099,0.21047,0.28896,0.07608,0.02905
0.03442,0.04272,0.30179,0.09427,0.08694,0.27015,0.03194,0.06450,0.03544,0.03782
0.14092,0.00843,0.07546,0.05344,0.02023,0.16296,0.01243,0.26116,0.25701,0.00796
0.01755,0.01143,0.04370,0.02048,0.01882,0.02918,0.37175,0.42973,0.04591,0.01145
0.06206,0.07077,0.03478,0.08481,0.04363,0.01661,0.12910,0.31330,0.20182,0.04311
0.09412,0.09481,0.12441,0.17668,0.08718,0.06892,0.04644,0.13885,0.10477,0.06381
0.21906,0.02775,0.09704,0.12415,0.13256,0.19940,0.04183,0.05460,0.08244,0.02116
0.02381,0.05316,0.14087,0.07952,0.13825,0.05964,0.14064,0.24086,0.10287,0.02039
0.06012,0.03670,0.11983,0.29884,0.21101,0.04226,0.05016,0.07182,0.06728,0.04198
0.03334,0.03602,0.16925,0.20321,0.08080,0.03156,0.04858,0.18419,0.18630,0.02675
0.06317,0.02676,0.11642,0.19397,0.14471,0.05354,0.05934,0.11977,0.19214,0.03019
0.16579,0.01496,0.01394,0.03768,0.33785,0.13274,0.06425,0.09196,0.07598,0.06487
0.07723,0.06678,0.23985,0.14212,0.23013,0.05407,0.02101,0.08066,0.06313,0.02501
0.18574,0.02419,0.03730,0.02816,0.06818,0.15761,0.06078,0.18738,0.22099,0.02967
0.23702,0.09330,0.05937,0.05470,0.22689,0.04991,0.01820,0.08336,0.07608,0.10117
0.34968,0.04467,0.01742,0.05425,0.02963,0.29266,0.01427,0.07486,0.09727,0.02531
0.25895,0.03554,0.04865,0.03339,0.03571,0.26150,0.13564,0.13487,0.02327,0.03248
0.14896,0.03056,0.11521,0.10418,0.19024,0.11641,0.03944,0.11899,0.10975,0.02626
0.06498,0.04013,0.02736,0.02083,0.02670,0.07754,0.00958,0.35420,0.34807,0.03061
0.15828,0.10123,0.07489,0.09775,0.08109,0.18460,0.05983,0.11383,0.08350,0.04500
0.01842,0.02208,0.11180,0.08216,0.04426,0.07535,0.13442,0.29480,0.18446,0.03225
0.04464,0.03832,0.03679,0.05608,0.10061,0.05343,0.13797,0.19314,0.29640,0.04262
0.05376,0.02515,0.04103,0.07604,0.10687,0.05091,0.27662,0.28118,0.06261,0.02582
0.08427,0.14811,0.03317,0.03882,0.04423,0.05412,0.02183,0.21192,0.20163,0.16191
0.25369,0.03027,0.03055,0.02940,0.07221,0.05852,0.22309,0.07754,0.16911,0.05562
0.01577,0.15868,0.04656,0.17747,0.04484,0.04476,0.10491,0.24878,0.14075,0.01749
0.01727,0.01382,0.06456,0.12369,0.10370,0.01461,0.13311,0.26944,0.23845,0.02135
0.01978,0.03521,0.01693,0.01868,0.01973,0.01437,0.01847,0.41060,0.40899,0.03725
0.03468,0.00883,0.27157,0.24739,0.03135,0.08424,0.07898,0.08133,0.15287,0.00876
0.20759,0.02317,0.01672,0.15246,0.03383,0.03036,0.08826,0.19303,0.21007,0.04450
0.24587,0.03348,0.01753,0.08877,0.11240,0.20857,0.04241,0.13026,0.08983,0.03087
0.11869,0.01229,0.25268,0.24104,0.11422,0.03098,0.01407,0.10294,0.09852,0.01457
0.03605,0.01914,0.10419,0.33044,0.23840,0.04291,0.03741,0.07396,0.09864,0.01885
0.20265,0.07831,0.09268,0.21332,0.11779,0.05086,0.04493,0.07728,0.03451,0.08767
0.02953,0.02086,0.04950,0.03627,0.02230,0.02004,0.01138,0.39640,0.39197,0.02175
0.06209,0.05768,0.01629,0.13430,0.15813,0.02884,0.05193,0.23928,0.19649,0.05497
0.01873,0.05615,0.04372,0.08816,0.36036,0.06873,0.11069,0.16779,0.05959,0.02608
0.16695,0.02301,0.15798,0.14013,0.17980,0.01616,0.07243,0.12425,0.09657,0.02273
0.01235,0.01658,0.01730,0.04179,0.28704,0.02619,0.18329,0.18466,0.19912,0.03169
0.24665,0.02373,0.03045,0.12414,0.34597,0.01982,0.02464,0.08566,0.07436,0.02459
0.09996,0.03178,0.05833,0.07237,0.08713,0.12161,0.06077,0.18773,0.23122,0.04909
0.21704,0.13288,0.04633,0.15434,0.04418,0.03816,0.02804,0.13313,0.14312,0.06278
0.04005,0.02821,0.22433,0.25484,0.09142,0.04125,0.11898,0.06754,0.10655,0.02683
0.11954,0.05002,0.10464,0.03814,0.10424,0.14245,0.17406,0.04522,0.16494,0.05674
0.04532,0.10435,0.07992,0.06215,0.05843,0.08494,0.08073,0.14230,0.22285,0.11899
0.03195,0.04072,0.06364,0.07526,0.17020,0.04710,0.05879,0.25841,0.21011,0.04381
0.25172,0.04763,0.15035,0.02565,0.23486,0.13619,0.02799,0.05062,0.03203,0.04297
0.03055,0.01718,0.35482,0.02210,0.39055,0.05855,0.02141,0.04447,0.04386,0.01652
0.04292,0.02919,0.24362,0.20341,0.03976,0.05147,0.11923,0.18269,0.06492,0.02279
0.04328,0.06676,0.07316,0.11184,0.18611,0.10253,0.17598,0.04899,0.16708,0.02427
0.08171,0.15686,0.06379,0.05146,0.10363,0.03962,0.15297,0.08570,0.10117,0.16310
0.11023,0.04348,0.16692,0.03753,0.10007,0.19871,0.01960,0.13679,0.14616,0.04050
0.02276,0.02062,0.22418,0.24708,0.03257,0.02235,0.02183,0.19518,0.19138,0.02206
0.18103,0.03185,0.19954,0.20670,0.18465,0.02395,0.01921,0.06427,0.05276,0.03603
0.07188,0.02891,0.06002,0.05848,0.02825,0.06096,0.06891,0.27652,0.30700,0.03907
0.06179,0.06040,0.23884,0.15564,0.18114,0.18866,0.01721,0.02600,0.02639,0.04394
0.07764,0.07223,0.15853,0.15295,0.04132,0.13151,0.05763,0.13314,0.10867,0.06639
0.02341,0.17870,0.01765,0.09801,0.10012,0.02315,0.09078,0.16401,0.11636,0.18781
0.05201,0.19225,0.17068,0.15596,0.06705,0.03975,0.04751,0.05898,0.02862,0.18719
0.14457,0.01768,0.06997,0.03316,0.10575,0.21479,0.10560,0.20062,0.08999,0.01788
0.10878,0.01344,0.04166,0.10309,0.16754,0.03897,0.13377,0.24030,0.13672,0.01572
0.05018,0.03879,0.11978,0.06035,0.17007,0.11004,0.13269,0.09164,0.14289,0.08355
0.06734,0.03586,0.04154,0.26875,0.28841,0.05671,0.05313,0.09173,0.05677,0.03977
0.08688,0.02783,0.09284,0.09704,0.08203,0.05228,0.21308,0.24348,0.07160,0.03293
0.08860,0.03422,0.32303,0.30617,0.08909,0.03216,0.03295,0.02812,0.02857,0.03709
0.07146,0.01555,0.12908,0.06655,0.03511,0.20299,0.19828,0.23254,0.03254,0.01590
0.30035,0.03094,0.06409,0.04484,0.06652,0.27102,0.03388,0.08338,0.07302,0.03196
0.03629,0.01134,0.15212,0.34857,0.23251,0.03215,0.07237,0.08306,0.01979,0.01181
0.23104,0.03223,0.14875,0.09517,0.24699,0.08278,0.02601,0.06004,0.04951,0.02748
0.03843,0.05941,0.23104,0.17004,0.06020,0.12615,0.07275,0.11831,0.05714,0.06653
0.02676,0.32234,0.05896,0.05351,0.03905,0.03200,0.05084,0.06007,0.03869,0.31778
0.03530,0.06590,0.23929,0.09739,0.05260,0.14128,0.04740,0.12194,0.13071,0.06819
0.08890,0.02691,0.04465,0.31131,0.35715,0.02409,0.02501,0.04835,0.04273,0.03089
0.02237,0.11479,0.02411,0.17826,0.17883,0.01782,0.01517,0.14854,0.15878,0.14133
0.05578,0.02103,0.03623,0.05986,0.01223,0.02067,0.04498,0.34175,0.38997,0.01752
0.06885,0.02838,0.08520,0.06443,0.03700,0.21855,0.09867,0.22818,0.12973,0.04101
