0.35465,0.35765,0.00972,0.02391,0.06314,0.03096,0.03376,0.02005,0.04740,0.04688,0.00253,0.00466,0.00286,0.00182
0.38225,0.33835,0.00445,0.05283,0.04242,0.03634,0.04312,0.04434,0.00968,0.01246,0.00481,0.01707,0.00655,0.00532
0.12058,0.41321,0.00863,0.00585,0.00196,0.02017,0.02558,0.00786,0.01104,0.04061,0.30122,0.03602,0.00178,0.00549
0.11888,0.16837,0.01388,0.01197,0.01639,0.00906,0.01233,0.02869,0.00456,0.02334,0.26130,0.01170,0.01606,0.30345
0.21937,0.33866,0.00370,0.00124,0.00377,0.00580,0.00484,0.00207,0.00604,0.00297,0.00152,0.40686,0.00221,0.00097
0.45694,0.45100,0.00279,0.00693,0.01620,0.00801,0.00732,0.03022,0.00353,0.01032,0.00219,0.00200,0.00143,0.00112
0.14970,0.26193,0.01519,0.17148,0.01487,0.05690,0.01618,0.03750,0.07383,0.13636,0.01236,0.00300,0.03586,0.01482
0.10517,0.14429,0.38116,0.00245,0.02630,0.01629,0.12238,0.09777,0.02089,0.01296,0.00604,0.05541,0.00176,0.00713
0.08018,0.07181,0.00860,0.00406,0.00694,0.00338,0.39384,0.36415,0.03596,0.00338,0.00661,0.00944,0.00435,0.00729
0.09977,0.10762,0.00622,0.04333,0.00678,0.00962,0.36714,0.32894,0.01147,0.00394,0.00176,0.00614,0.00214,0.00513
0.10728,0.15371,0.02016,0.07121,0.01466,0.17511,0.06823,0.06365,0.16284,0.11624,0.01163,0.00531,0.01547,0.01450
0.10397,0.08855,0.02527,0.00656,0.01302,0.31589,0.01873,0.01846,0.31968,0.03959,0.00384,0.00965,0.03068,0.00613
0.39866,0.37920,0.00359,0.01478,0.00791,0.01944,0.05523,0.01027,0.00999,0.04334,0.00215,0.00779,0.04060,0.00705
0.10553,0.05059,0.00405,0.00216,0.07978,0.27638,0.08622,0.09169,0.26891,0.00506,0.00357,0.02127,0.00181,0.00300
0.25326,0.34213,0.00943,0.01433,0.08741,0.12243,0.08757,0.00701,0.01598,0.00367,0.04050,0.00578,0.00349,0.00702
0.06316,0.35870,0.04918,0.00971,0.00215,0.01262,0.06630,0.06442,0.02111,0.26138,0.03427,0.01359,0.00147,0.04194
0.16566,0.10820,0.43323,0.00994,0.01128,0.10540,0.01307,0.01311,0.09406,0.00671,0.00525,0.00728,0.02031,0.00647
0.23734,0.25081,0.07441,0.18563,0.09203,0.01132,0.00763,0.01098,0.06737,0.01053,0.03160,0.00523,0.00510,0.01002
0.05816,0.16099,0.00838,0.00565,0.00438,0.00692,0.02023,0.01130,0.00772,0.04645,0.30909,0.00417,0.00454,0.35202
0.07957,0.45284,0.00281,0.00486,0.00337,0.00452,0.00279,0.00526,0.00701,0.41161,0.01208,0.00211,0.00746,0.00370
0.35885,0.30119,0.01903,0.02412,0.01009,0.08921,0.03926,0.01005,0.06598,0.05528,0.00581,0.00497,0.00842,0.00773
0.20272,0.22847,0.01505,0.02294,0.03495,0.03075,0.01959,0.06769,0.02068,0.01408,0.14849,0.01108,0.01411,0.16939
0.29117,0.34485,0.01077,0.10889,0.10066,0.02017,0.01163,0.02867,0.05096,0.00537,0.01116,0.00258,0.01193,0.00120
0.13921,0.19626,0.01294,0.04095,0.10651,0.09547,0.02727,0.13321,0.13304,0.08857,0.00714,0.00987,0.00167,0.00786
0.36513,0.14039,0.01837,0.22863,0.08423,0.00739,0.01319,0.00649,0.08101,0.00703,0.02360,0.01527,0.00725,0.00204
0.34263,0.13018,0.00283,0.10223,0.03990,0.01416,0.00833,0.00357,0.25782,0.03343,0.02702,0.01239,0.00314,0.02238
0.42468,0.42861,0.00415,0.00311,0.03176,0.00878,0.00509,0.01441,0.03399,0.02496,0.00922,0.00665,0.00193,0.00265
0.35992,0.25096,0.02504,0.00808,0.01117,0.00326,0.02527,0.05924,0.00565,0.00276,0.03511,0.12065,0.05495,0.03793
0.09326,0.10696,0.00703,0.01528,0.02550,0.29639,0.04460,0.07250,0.28517,0.02261,0.00604,0.00384,0.01047,0.01036
0.15606,0.23718,0.00699,0.00971,0.03982,0.11864,0.02656,0.02308,0.18445,0.16905,0.00560,0.00379,0.00801,0.01106
0.34989,0.37488,0.01659,0.00510,0.02682,0.01998,0.05078,0.04217,0.01162,0.02882,0.04395,0.00455,0.00352,0.02133
0.07298,0.06596,0.00624,0.01397,0.03019,0.16647,0.20589,0.17866,0.15976,0.00264,0.04570,0.00875,0.00319,0.03960
0.11495,0.05962,0.00805,0.04423,0.02252,0.01009,0.14865,0.14535,0.03215,0.00369,0.20589,0.00890,0.00253,0.19337
0.08298,0.36140,0.01698,0.01054,0.02148,0.08054,0.03277,0.01512,0.00542,0.29564,0.04100,0.00155,0.02559,0.00901
0.21148,0.26566,0.02023,0.00989,0.00614,0.09172,0.01478,0.01332,0.05544,0.16792,0.00762,0.12369,0.00502,0.00708
0.32093,0.24786,0.23104,0.02430,0.05446,0.01243,0.01165,0.04758,0.01498,0.00620,0.00960,0.00641,0.00105,0.01152
0.09938,0.06602,0.00753,0.01424,0.02983,0.32847,0.05556,0.04294,0.28790,0.00644,0.01212,0.01635,0.01249,0.02071
0.08309,0.43279,0.01452,0.00462,0.00400,0.00187,0.00734,0.00706,0.01196,0.04584,0.36850,0.00746,0.00344,0.00751
0.08424,0.10001,0.02049,0.00331,0.00511,0.36409,0.01395,0.00461,0.38826,0.00715,0.00190,0.00152,0.00420,0.00114
0.08916,0.11079,0.00263,0.00631,0.00451,0.36102,0.00246,0.00374,0.39573,0.00556,0.00507,0.00441,0.00634,0.00227
0.28587,0.25753,0.00544,0.01411,0.01912,0.16141,0.00757,0.02761,0.18500,0.00442,0.00739,0.00780,0.00989,0.00684
0.21024,0.27987,0.00877,0.00888,0.03645,0.02037,0.14297,0.16068,0.02149,0.07220,0.00265,0.00783,0.02183,0.00577
0.07039,0.12416,0.00875,0.00684,0.00748,0.01382,0.00745,0.00223,0.00691,0.04647,0.19776,0.01428,0.14049,0.35297
0.10858,0.08920,0.00574,0.00924,0.00346,0.35647,0.14584,0.00261,0.23477,0.00629,0.00852,0.00561,0.00404,0.01963
0.29710,0.28519,0.02236,0.06675,0.00998,0.00607,0.09453,0.10550,0.03063,0.06321,0.00784,0.00418,0.00383,0.00283
0.25675,0.06077,0.00338,0.01410,0.01959,0.06077,0.00704,0.01592,0.04464,0.04875,0.18098,0.01763,0.14363,0.12604
0.10732,0.10025,0.00564,0.02005,0.00303,0.03293,0.04944,0.01010,0.04454,0.00911,0.30522,0.01251,0.00242,0.29744
0.08128,0.10115,0.00382,0.03434,0.00748,0.33391,0.00791,0.00475,0.38702,0.01179,0.00580,0.00552,0.00716,0.00808
0.13123,0.15264,0.05933,0.02126,0.00971,0.15683,0.01528,0.00448,0.18504,0.03073,0.00318,0.00443,0.11943,0.10642
0.10683,0.07982,0.46645,0.01677,0.00856,0.11327,0.09735,0.00791,0.01834,0.01133,0.02763,0.02849,0.00165,0.01559
0.11821,0.20522,0.01217,0.01670,0.00679,0.22687,0.00875,0.01987,0.25692,0.05232,0.00390,0.00384,0.03185,0.03659
0.10638,0.12426,0.00630,0.32887,0.01078,0.03302,0.10420,0.14341,0.06265,0.00840,0.00370,0.01256,0.05089,0.00460
0.40153,0.15693,0.07156,0.06781,0.00384,0.00437,0.00557,0.01338,0.00796,0.00401,0.03555,0.20573,0.01564,0.00612
0.12771,0.45128,0.00264,0.02818,0.33721,0.00352,0.01192,0.00465,0.01924,0.00831,0.00122,0.00128,0.00100,0.00184
0.05224,0.13042,0.07189,0.02897,0.02046,0.23336,0.02948,0.01091,0.29636,0.00884,0.07973,0.00716,0.01290,0.01728
0.43835,0.42073,0.01469,0.00817,0.03336,0.00534,0.00405,0.00506,0.04216,0.01342,0.00614,0.00380,0.00225,0.00247
0.08730,0.47562,0.01416,0.00938,0.00258,0.00616,0.00849,0.01508,0.00771,0.13525,0.18160,0.05187,0.00126,0.00354
0.11071,0.13857,0.00927,0.00376,0.01441,0.00538,0.33742,0.31224,0.01790,0.00433,0.01667,0.01221,0.00347,0.01367
0.04276,0.08952,0.01589,0.02568,0.34567,0.00422,0.00502,0.37042,0.02158,0.05985,0.00410,0.01040,0.00155,0.00332
0.43162,0.13109,0.04078,0.04554,0.00477,0.01189,0.00528,0.01939,0.00769,0.00532,0.01073,0.25798,0.02126,0.00665
0.16811,0.20090,0.01444,0.02505,0.01484,0.24379,0.20002,0.01864,0.03771,0.02683,0.01209,0.01219,0.01452,0.01085
0.41450,0.16796,0.00962,0.25669,0.00299,0.04948,0.05053,0.00557,0.00707,0.00272,0.00374,0.02471,0.00178,0.00266
0.30117,0.03989,0.00073,0.01634,0.00368,0.20094,0.00562,0.00470,0.12006,0.02506,0.05411,0.00312,0.18428,0.04030
0.20818,0.28223,0.01933,0.00251,0.00195,0.00287,0.01217,0.00243,0.00744,0.00897,0.01604,0.40511,0.00225,0.02851
0.07686,0.08267,0.36009,0.00228,0.21527,0.00302,0.00627,0.22837,0.00508,0.00781,0.00474,0.00204,0.00121,0.00428
0.41686,0.35273,0.01929,0.02400,0.00442,0.03717,0.03074,0.01270,0.04447,0.00702,0.02168,0.00488,0.01358,0.01047
0.05083,0.06421,0.00895,0.00974,0.00633,0.01245,0.00525,0.00745,0.02140,0.00538,0.00805,0.00134,0.41610,0.38253
0.38569,0.08340,0.00586,0.01366,0.00724,0.00523,0.05658,0.09225,0.00694,0.04098,0.01378,0.00383,0.27484,0.00972
0.28883,0.30766,0.00419,0.01126,0.02442,0.00794,0.12765,0.14624,0.00551,0.00733,0.00276,0.00635,0.03356,0.02630
0.09022,0.16754,0.01254,0.01048,0.02748,0.27559,0.02056,0.01468,0.32816,0.03558,0.01036,0.00234,0.00241,0.00206
0.22757,0.24377,0.00985,0.00264,0.03222,0.00852,0.01032,0.02875,0.01726,0.01425,0.00704,0.03975,0.20022,0.15785
0.26791,0.10255,0.10200,0.03765,0.02148,0.01956,0.05178,0.00701,0.05495,0.01716,0.05320,0.18974,0.00685,0.06817
0.22864,0.14026,0.18287,0.00654,0.01562,0.04198,0.06447,0.05190,0.03008,0.00986,0.07792,0.07448,0.01134,0.06405
0.06657,0.20178,0.00720,0.22629,0.07198,0.01385,0.01833,0.00815,0.11553,0.10031,0.08059,0.00265,0.00806,0.07872
0.38573,0.34893,0.03395,0.01136,0.04383,0.00141,0.00531,0.00848,0.05919,0.00534,0.03552,0.04427,0.00717,0.00951
0.40973,0.35285,0.04003,0.06877,0.02729,0.01369,0.02295,0.01542,0.01677,0.01109,0.00650,0.00482,0.00490,0.00520
0.06311,0.06730,0.00369,0.07013,0.00711,0.26258,0.32963,0.07056,0.01049,0.00350,0.02442,0.00322,0.03451,0.04975
0.16925,0.07061,0.00467,0.01737,0.01009,0.07309,0.00503,0.00818,0.09918,0.01267,0.22627,0.03673,0.01796,0.24891
0.26957,0.22784,0.00937,0.14552,0.02599,0.07447,0.01653,0.00488,0.10115,0.02745,0.05902,0.00313,0.00441,0.03069
0.16362,0.15648,0.01835,0.02105,0.23842,0.05178,0.00267,0.23972,0.06381,0.00417,0.01484,0.00229,0.00566,0.01715
0.39348,0.31657,0.00849,0.07156,0.00490,0.07960,0.01635,0.00595,0.06840,0.01490,0.00353,0.00624,0.00501,0.00500
0.05861,0.04823,0.01161,0.01400,0.00982,0.00245,0.00142,0.00378,0.02645,0.00432,0.15565,0.00273,0.25832,0.40260
0.08072,0.12161,0.01225,0.04009,0.03083,0.22091,0.07446,0.09264,0.25551,0.01333,0.01560,0.01386,0.00644,0.02175
0.10606,0.05378,0.00865,0.01725,0.07156,0.28384,0.29345,0.06045,0.01586,0.00616,0.03892,0.00816,0.00703,0.02884
0.23839,0.20931,0.08303,0.02310,0.00465,0.15915,0.05707,0.04917,0.16001,0.00784,0.00225,0.00355,0.00148,0.00100
0.13778,0.10602,0.05528,0.01608,0.23069,0.05686,0.03067,0.23186,0.06362,0.04368,0.00495,0.01376,0.00498,0.00378
0.07504,0.10883,0.00934,0.03327,0.03553,0.02983,0.01490,0.02345,0.00590,0.03400,0.00793,0.00086,0.32643,0.29468
0.06317,0.45401,0.00317,0.00947,0.41177,0.00290,0.00422,0.00434,0.02672,0.00257,0.00203,0.01234,0.00170,0.00159
0.35760,0.27686,0.00448,0.10702,0.00661,0.03285,0.03212,0.00908,0.03252,0.05780,0.03390,0.01181,0.02097,0.01638
0.36828,0.28167,0.03212,0.08630,0.01596,0.06553,0.00721,0.02697,0.06785,0.00228,0.02011,0.00252,0.00174,0.02148
0.21573,0.12573,0.01308,0.27303,0.07281,0.05065,0.01903,0.02337,0.11035,0.04600,0.00853,0.03208,0.00318,0.00642
0.14677,0.11399,0.57812,0.01037,0.01690,0.03547,0.01271,0.02141,0.02420,0.01359,0.00634,0.00620,0.00378,0.01016
0.12600,0.42822,0.00645,0.00565,0.01501,0.01526,0.03272,0.03275,0.01105,0.27382,0.00299,0.03820,0.00739,0.00450
0.35196,0.38959,0.00738,0.00341,0.01763,0.01765,0.03870,0.04068,0.00781,0.07756,0.01399,0.02219,0.00736,0.00408
0.08288,0.10247,0.00113,0.02000,0.03125,0.29599,0.00931,0.00559,0.34856,0.01142,0.00478,0.00713,0.04627,0.03322
0.43371,0.28275,0.01931,0.00581,0.02589,0.01126,0.02865,0.02667,0.11381,0.00212,0.00229,0.04344,0.00138,0.00290
0.19289,0.17887,0.01976,0.00883,0.01440,0.11855,0.01878,0.01255,0.11777,0.05257,0.00722,0.01992,0.15584,0.08206
0.10507,0.05856,0.04391,0.04539,0.01017,0.02390,0.03098,0.00538,0.07127,0.01677,0.29173,0.00268,0.00855,0.28563
0.10166,0.06541,0.02283,0.08122,0.00481,0.33156,0.00757,0.00194,0.32685,0.01767,0.01280,0.00468,0.00952,0.01149
0.21323,0.25207,0.00728,0.01178,0.04544,0.01714,0.12646,0.15779,0.02055,0.03614,0.03333,0.01728,0.02720,0.03431
0.17227,0.15542,0.00247,0.03532,0.04739,0.24520,0.00318,0.03755,0.26340,0.00496,0.01616,0.00408,0.00163,0.01096
0.08356,0.28106,0.00859,0.01438,0.02362,0.00528,0.00497,0.01086,0.00309,0.12716,0.13848,0.00267,0.08244,0.21384
0.32273,0.25157,0.00553,0.07926,0.02771,0.01208,0.00737,0.05041,0.01729,0.01762,0.03222,0.06492,0.06139,0.04989
0.05840,0.10323,0.00562,0.00465,0.00400,0.00231,0.42799,0.36841,0.00423,0.01263,0.00517,0.00190,0.00120,0.00026
0.28609,0.24089,0.03258,0.03767,0.02101,0.10948,0.02006,0.00927,0.12404,0.04442,0.01952,0.01820,0.01477,0.02200
0.16004,0.34474,0.00507,0.01743,0.00356,0.00732,0.00873,0.00585,0.00718,0.01104,0.23955,0.17560,0.00360,0.01030
0.14678,0.14303,0.03850,0.01066,0.01810,0.28185,0.00719,0.00788,0.32463,0.00817,0.00453,0.00367,0.00187,0.00313
0.04423,0.12516,0.37272,0.04561,0.10755,0.01533,0.11808,0.09453,0.03800,0.00448,0.00303,0.00449,0.00712,0.01968
0.06627,0.14871,0.05530,0.01177,0.00633,0.08121,0.08788,0.08611,0.08695,0.12213,0.05436,0.00799,0.06852,0.11646
0.15581,0.10755,0.00235,0.13244,0.00760,0.02845,0.26588,0.22342,0.04319,0.00816,0.01431,0.00265,0.00236,0.00584
0.16982,0.09949,0.02150,0.19628,0.09668,0.09591,0.03120,0.01079,0.25208,0.00446,0.00601,0.00442,0.00499,0.00636
0.07244,0.06356,0.00621,0.01054,0.00688,0.39919,0.05566,0.00342,0.37009,0.00319,0.00272,0.00371,0.00104,0.00135
0.13199,0.08013,0.00266,0.00609,0.36654,0.00148,0.02886,0.34544,0.01101,0.00401,0.00532,0.00944,0.00393,0.00311
0.13485,0.33652,0.00585,0.01510,0.03026,0.08903,0.01122,0.01078,0.18512,0.00987,0.15673,0.00649,0.00169,0.00648
0.17167,0.19005,0.00998,0.00713,0.14977,0.01294,0.02013,0.18416,0.02500,0.14233,0.02927,0.00583,0.01682,0.03491
0.07401,0.37096,0.00283,0.01114,0.28355,0.05845,0.00998,0.01574,0.13457,0.01512,0.00415,0.00537,0.00690,0.00722
0.18242,0.09232,0.03170,0.02530,0.01687,0.03458,0.03245,0.02392,0.01825,0.00942,0.03287,0.13807,0.17348,0.18836
0.09645,0.21467,0.01902,0.01328,0.00923,0.22224,0.02514,0.02711,0.23256,0.11915,0.00216,0.00401,0.00412,0.01086
0.37498,0.26175,0.12315,0.12416,0.01207,0.02065,0.01978,0.01307,0.01780,0.01458,0.00244,0.00470,0.00567,0.00520
0.24051,0.23921,0.02110,0.00195,0.00359,0.01459,0.09624,0.02619,0.00514,0.01036,0.00309,0.32966,0.00532,0.00305
0.07159,0.13544,0.70778,0.00974,0.02210,0.00424,0.00428,0.00854,0.00151,0.00431,0.00631,0.00953,0.00176,0.01289
0.18030,0.20501,0.01541,0.21401,0.11573,0.05848,0.02958,0.02456,0.07774,0.00401,0.00938,0.00218,0.02718,0.03643
0.33607,0.32511,0.01293,0.02492,0.01470,0.08372,0.01234,0.01196,0.12018,0.01716,0.01760,0.00513,0.00791,0.01028
0.06639,0.06589,0.04442,0.00998,0.00264,0.00689,0.39951,0.37479,0.00672,0.00674,0.00736,0.00357,0.00141,0.00370
0.23694,0.16924,0.01559,0.02364,0.00322,0.05828,0.02255,0.01095,0.11118,0.05478,0.00587,0.27256,0.00266,0.01254
0.38240,0.16496,0.00383,0.08486,0.00667,0.00745,0.01194,0.00332,0.28270,0.03491,0.00818,0.00197,0.00368,0.00312
0.08558,0.09756,0.00926,0.01747,0.00693,0.03171,0.01332,0.01925,0.03044,0.08973,0.00627,0.00535,0.34935,0.23777
0.16172,0.20953,0.01396,0.39698,0.04324,0.02241,0.02053,0.03463,0.03765,0.00719,0.00630,0.00143,0.03251,0.01194
0.42106,0.34856,0.03058,0.00470,0.04499,0.00808,0.01171,0.00964,0.08225,0.00328,0.00372,0.02382,0.00131,0.00628
0.23400,0.20631,0.01703,0.16105,0.01773,0.02485,0.12654,0.11039,0.03244,0.02030,0.01978,0.00835,0.00369,0.01755
0.40210,0.36325,0.03262,0.02715,0.03695,0.01864,0.00972,0.00695,0.04628,0.00639,0.00357,0.02385,0.00822,0.01432
0.09304,0.11297,0.00519,0.01662,0.01895,0.22814,0.19513,0.11411,0.18244,0.01950,0.00275,0.00258,0.00482,0.00375
0.32695,0.32530,0.00643,0.00881,0.00887,0.00688,0.11711,0.12344,0.01160,0.00686,0.02405,0.02239,0.00855,0.00276
0.06738,0.31273,0.00472,0.00694,0.01676,0.00538,0.02011,0.02446,0.01085,0.20693,0.12690,0.00498,0.02857,0.16329
0.33204,0.24312,0.04013,0.00733,0.01629,0.04056,0.03509,0.07613,0.01406,0.02162,0.01801,0.11733,0.02360,0.01469
0.12980,0.24938,0.38222,0.02829,0.10277,0.00720,0.01149,0.00460,0.00593,0.02354,0.02468,0.00177,0.00122,0.02710
0.20304,0.14823,0.05721,0.09776,0.00681,0.16615,0.00886,0.01254,0.13918,0.08256,0.00056,0.06634,0.00796,0.00279
0.26066,0.34460,0.02259,0.04485,0.03076,0.02658,0.03474,0.01326,0.02316,0.02044,0.13727,0.03575,0.00328,0.00207
0.20090,0.30998,0.00293,0.00629,0.10728,0.10055,0.03119,0.01554,0.14955,0.02088,0.03284,0.00543,0.00374,0.01289
0.22859,0.20369,0.04383,0.07871,0.00852,0.00517,0.01392,0.00240,0.02563,0.01746,0.17221,0.00564,0.01550,0.17873
0.12301,0.39824,0.08663,0.01140,0.01270,0.01331,0.01019,0.01024,0.01063,0.28451,0.00720,0.02101,0.00691,0.00400
0.16408,0.37728,0.00398,0.00659,0.01922,0.00822,0.00581,0.03139,0.01105,0.27002,0.03850,0.03242,0.00616,0.02527
0.18242,0.33013,0.12457,0.01690,0.05215,0.00548,0.00680,0.00268,0.07392,0.00614,0.17401,0.01133,0.00433,0.00915
0.08358,0.37015,0.02676,0.00973,0.04320,0.01037,0.06818,0.05107,0.01127,0.29051,0.00832,0.00589,0.01355,0.00742
0.27966,0.18859,0.02088,0.05355,0.02303,0.06206,0.04640,0.06778,0.05997,0.00452,0.00953,0.08632,0.08151,0.01620
0.13579,0.11556,0.00487,0.02603,0.00829,0.00385,0.34227,0.31365,0.02349,0.00953,0.00381,0.00587,0.00163,0.00535
0.11761,0.15201,0.01075,0.02658,0.28153,0.00683,0.02493,0.29808,0.00784,0.01541,0.02390,0.00907,0.00663,0.01885
0.20599,0.20910,0.01288,0.10157,0.05151,0.00400,0.15396,0.11903,0.07102,0.00676,0.02552,0.00359,0.01890,0.01616
0.07192,0.08171,0.75390,0.02113,0.00256,0.01409,0.00338,0.00025,0.02933,0.00689,0.00647,0.00248,0.00341,0.00249
0.06204,0.04932,0.00584,0.00589,0.00213,0.00877,0.39560,0.38272,0.01276,0.00622,0.01235,0.02363,0.00775,0.02498
0.08960,0.21784,0.02524,0.03055,0.13156,0.25528,0.18645,0.00662,0.02523,0.00734,0.00149,0.00532,0.01111,0.00637
0.10653,0.08437,0.00802,0.01507,0.00467,0.01937,0.02061,0.00738,0.01062,0.00637,0.35876,0.00384,0.00175,0.35264
0.13642,0.12718,0.01306,0.02509,0.02294,0.03783,0.31903,0.24211,0.03780,0.00204,0.01559,0.00565,0.00327,0.01198
0.13514,0.17748,0.03255,0.00497,0.02225,0.28025,0.00404,0.00786,0.31639,0.00416,0.00569,0.00342,0.00291,0.00290
0.44375,0.16446,0.00275,0.28726,0.00333,0.00400,0.00584,0.00385,0.00539,0.01647,0.00461,0.05151,0.00221,0.00457
0.23311,0.29262,0.00979,0.14008,0.04608,0.03926,0.01828,0.01577,0.03806,0.12562,0.00359,0.00440,0.00715,0.02619
0.37563,0.36430,0.06631,0.00724,0.05471,0.01574,0.00978,0.01027,0.05879,0.00735,0.01572,0.00673,0.00293,0.00448
0.45205,0.14407,0.00163,0.34468,0.00177,0.00227,0.00166,0.00116,0.00346,0.00469,0.00077,0.04061,0.00035,0.00082
0.31273,0.30699,0.01152,0.00563,0.08565,0.01661,0.03114,0.06236,0.02801,0.03627,0.02983,0.01581,0.01799,0.03945
0.21728,0.07001,0.01431,0.03247,0.02020,0.12037,0.01039,0.01443,0.11345,0.04934,0.03034,0.08122,0.09823,0.12797
0.27118,0.31038,0.00942,0.01824,0.00140,0.00512,0.01202,0.00403,0.01255,0.01859,0.13774,0.18956,0.00504,0.00475
0.41295,0.35537,0.00707,0.00591,0.00848,0.00547,0.06079,0.06783,0.06217,0.00627,0.00113,0.00136,0.00307,0.00214
0.40121,0.18934,0.05715,0.02000,0.01535,0.01137,0.01005,0.00775,0.08568,0.00816,0.01391,0.15433,0.01477,0.01095
0.16913,0.25562,0.00726,0.00680,0.06605,0.25239,0.19635,0.01273,0.00678,0.00643,0.01064,0.00636,0.00209,0.00137
0.40747,0.35959,0.02161,0.01773,0.03111,0.02140,0.00480,0.00814,0.09568,0.00851,0.00281,0.00731,0.00893,0.00492
0.09855,0.09616,0.00493,0.01042,0.00684,0.00898,0.00593,0.01404,0.01350,0.02288,0.02024,0.01254,0.39146,0.29354
0.41967,0.37284,0.02819,0.00365,0.02765,0.01514,0.00966,0.00643,0.07067,0.00308,0.01298,0.01691,0.00213,0.01101
0.10886,0.39653,0.00222,0.00623,0.00351,0.00278,0.01292,0.00149,0.00722,0.00951,0.34128,0.10088,0.00100,0.00557
0.33564,0.37316,0.00984,0.00944,0.07041,0.07522,0.06739,0.00205,0.03041,0.00357,0.01423,0.00239,0.00129,0.00497
0.46480,0.28248,0.01098,0.00335,0.01232,0.00974,0.00569,0.00781,0.07243,0.00276,0.00240,0.11724,0.00158,0.00643
0.06913,0.08930,0.00352,0.01281,0.09354,0.15111,0.11683,0.22031,0.15444,0.00881,0.00746,0.01039,0.02372,0.03862
0.11569,0.09662,0.67763,0.00563,0.00968,0.01067,0.02445,0.00995,0.00969,0.01328,0.00424,0.00479,0.00698,0.01069
0.43825,0.06652,0.00813,0.00758,0.01377,0.02705,0.00403,0.03161,0.05267,0.00367,0.00751,0.32570,0.01136,0.00217
0.19578,0.14052,0.03505,0.10708,0.01463,0.03578,0.01990,0.00812,0.02542,0.02309,0.19101,0.01181,0.00568,0.18614
0.66565,0.11947,0.00275,0.18075,0.00302,0.00705,0.00546,0.00204,0.00437,0.00266,0.00186,0.00263,0.00079,0.00151
0.11285,0.22156,0.01178,0.00876,0.18083,0.14167,0.07098,0.09625,0.07714,0.00958,0.01248,0.03195,0.00481,0.01935
0.30862,0.28656,0.03965,0.00698,0.02408,0.00842,0.13356,0.11782,0.04295,0.00556,0.00782,0.00412,0.00573,0.00813
0.36932,0.33994,0.04755,0.04322,0.01434,0.02489,0.03694,0.01744,0.01625,0.03342,0.00710,0.02006,0.01952,0.01001
0.28481,0.20640,0.03263,0.04863,0.02093,0.13736,0.04252,0.02428,0.13768,0.02448,0.00889,0.01773,0.00917,0.00448
0.14910,0.14021,0.01000,0.00675,0.02957,0.28035,0.01215,0.01231,0.30115,0.02733,0.01054,0.00729,0.00484,0.00840
0.08893,0.29847,0.01031,0.01642,0.00635,0.01250,0.21364,0.11632,0.04723,0.00626,0.16262,0.00743,0.00394,0.00959
0.40596,0.28220,0.02207,0.01274,0.04394,0.03192,0.01129,0.02485,0.13146,0.00805,0.00414,0.01657,0.00224,0.00256
0.72173,0.07246,0.00671,0.17539,0.00420,0.00185,0.00868,0.00173,0.00153,0.00079,0.00151,0.00225,0.00039,0.00077
0.06201,0.04837,0.00465,0.00702,0.00732,0.42800,0.43039,0.00295,0.00147,0.00190,0.00278,0.00145,0.00112,0.00057
0.15691,0.17610,0.02737,0.21074,0.02230,0.07719,0.14634,0.11421,0.03630,0.01397,0.00526,0.00549,0.00149,0.00633
0.22719,0.25196,0.01233,0.04779,0.01302,0.01970,0.03189,0.00953,0.01953,0.05633,0.14339,0.02209,0.02503,0.12023
0.11973,0.12974,0.00924,0.00139,0.00379,0.33991,0.00292,0.00604,0.37285,0.00251,0.00374,0.00149,0.00406,0.00259
0.04207,0.07656,0.03054,0.01454,0.03266,0.36004,0.00426,0.00572,0.39065,0.02412,0.00838,0.00273,0.00328,0.00446
0.41772,0.34857,0.01861,0.03014,0.03269,0.00463,0.01111,0.03622,0.01330,0.03229,0.00305,0.00400,0.04049,0.00718
0.20859,0.14503,0.01086,0.16874,0.08520,0.03394,0.00521,0.00568,0.14931,0.02462,0.08144,0.01208,0.00851,0.06078
0.35073,0.15527,0.00260,0.02353,0.01398,0.01037,0.03378,0.07311,0.02369,0.07717,0.00525,0.15639,0.07070,0.00343
0.29097,0.10753,0.00870,0.00565,0.00249,0.23549,0.01459,0.01499,0.16625,0.01822,0.01119,0.01383,0.09722,0.01289
0.34490,0.33949,0.00767,0.00923,0.00509,0.01077,0.11438,0.13459,0.00503,0.01238,0.00220,0.00255,0.00993,0.00180
0.04711,0.43046,0.01381,0.01095,0.36512,0.03415,0.01123,0.01030,0.04487,0.00730,0.00297,0.00334,0.00994,0.00846
0.07757,0.10437,0.00764,0.03255,0.29072,0.01535,0.03303,0.36026,0.02284,0.01074,0.02410,0.00973,0.01002,0.00106
0.38579,0.15108,0.00293,0.00140,0.00542,0.00158,0.05310,0.08954,0.00821,0.05566,0.00123,0.00256,0.24036,0.00114
0.28742,0.31195,0.11070,0.09777,0.07631,0.02245,0.01083,0.00697,0.03879,0.00114,0.02728,0.00308,0.00118,0.00413
0.28194,0.24863,0.02080,0.01806,0.00659,0.14293,0.06320,0.01166,0.12970,0.02786,0.02667,0.00182,0.00692,0.01324
0.07817,0.07816,0.03244,0.04449,0.07807,0.02631,0.30184,0.24092,0.03796,0.00942,0.00847,0.03496,0.00636,0.02244
0.13980,0.19767,0.00385,0.01900,0.12513,0.15220,0.01125,0.02463,0.18015,0.00527,0.05966,0.00443,0.00317,0.07381
0.12866,0.26071,0.00821,0.03097,0.00565,0.18871,0.00730,0.00609,0.20356,0.13123,0.00491,0.00597,0.00716,0.01087
0.25945,0.24561,0.01544,0.35222,0.03306,0.00199,0.02908,0.03051,0.00629,0.01643,0.00302,0.00165,0.00353,0.00172
0.26619,0.24851,0.01240,0.03189,0.06644,0.03762,0.10841,0.11028,0.04030,0.00628,0.04377,0.00981,0.00364,0.01447
0.12830,0.11069,0.00481,0.01932,0.04129,0.23131,0.10967,0.01458,0.16713,0.01597,0.07081,0.01228,0.00546,0.06840
0.06262,0.07106,0.00668,0.00893,0.01411,0.05045,0.02240,0.00955,0.04337,0.01004,0.32657,0.01268,0.01373,0.34780
0.44441,0.39471,0.04267,0.03166,0.00243,0.00799,0.01232,0.00762,0.00656,0.01513,0.01137,0.00349,0.00905,0.01061
0.15820,0.06052,0.00872,0.00772,0.00841,0.11163,0.22933,0.20687,0.10833,0.00299,0.04044,0.02373,0.00122,0.03188
0.34249,0.32866,0.01878,0.02385,0.00549,0.03132,0.06925,0.03898,0.01639,0.07070,0.02520,0.00521,0.00730,0.01638
0.08727,0.14491,0.00513,0.03060,0.06153,0.26366,0.03444,0.03291,0.30499,0.00463,0.00820,0.00739,0.00657,0.00775
0.11726,0.04787,0.00660,0.03364,0.00691,0.33740,0.38016,0.00454,0.05290,0.00325,0.00304,0.00127,0.00196,0.00321
0.14998,0.07671,0.04221,0.01990,0.01493,0.12096,0.15845,0.14758,0.13509,0.00371,0.05370,0.01912,0.00656,0.05111
0.08682,0.28459,0.15979,0.02122,0.01097,0.02822,0.08007,0.06043,0.04185,0.19996,0.00496,0.00433,0.00574,0.01105
0.41049,0.41693,0.00575,0.00289,0.03924,0.02333,0.02404,0.00868,0.01808,0.00782,0.02972,0.00231,0.00134,0.00938
0.24038,0.05937,0.00584,0.17248,0.01641,0.04262,0.08379,0.07999,0.23443,0.00977,0.02872,0.00632,0.00701,0.01287
0.12252,0.21718,0.03492,0.01958,0.14329,0.22743,0.19118,0.00962,0.01391,0.01108,0.00272,0.00251,0.00259,0.00149
0.38134,0.37984,0.02039,0.01633,0.00428,0.00526,0.02517,0.01851,0.05433,0.00682,0.07467,0.00539,0.00381,0.00385
0.06695,0.51646,0.01526,0.02190,0.08830,0.00588,0.00527,0.00570,0.00325,0.24410,0.00888,0.00752,0.00401,0.00651
0.31825,0.19024,0.03285,0.07438,0.00891,0.02446,0.00656,0.00458,0.04662,0.07957,0.03890,0.05736,0.09314,0.02418
0.16592,0.17860,0.01145,0.05068,0.04807,0.01055,0.23396,0.19508,0.07143,0.00471,0.00987,0.00327,0.00862,0.00781
0.11039,0.19211,0.01829,0.00718,0.15871,0.01526,0.05993,0.23168,0.02533,0.13510,0.01057,0.01459,0.00776,0.01310
0.17185,0.29074,0.03515,0.00605,0.03209,0.01825,0.00469,0.00961,0.01650,0.10114,0.07968,0.00511,0.07525,0.15390
0.47523,0.04976,0.00654,0.22050,0.00785,0.00697,0.01032,0.01898,0.02496,0.00685,0.07566,0.03930,0.00498,0.05210
0.17562,0.18176,0.01443,0.01850,0.01598,0.01876,0.28398,0.24188,0.00734,0.01353,0.01205,0.00605,0.00732,0.00279
0.38652,0.25671,0.08199,0.16102,0.00554,0.01461,0.00816,0.00387,0.00854,0.03409,0.00311,0.02210,0.00691,0.00683
0.41755,0.37949,0.00980,0.01003,0.03050,0.00444,0.01315,0.03044,0.05348,0.02395,0.01844,0.00612,0.00137,0.00126
0.35386,0.31719,0.00474,0.00621,0.01717,0.02416,0.05255,0.09807,0.03526,0.00490,0.03076,0.00205,0.02046,0.03262
0.32164,0.36686,0.00956,0.00935,0.04225,0.01641,0.01735,0.01378,0.07045,0.08201,0.00424,0.02970,0.01248,0.00393
0.27186,0.13101,0.04097,0.12579,0.05370,0.00593,0.04630,0.06683,0.17357,0.04880,0.00623,0.01695,0.00896,0.00308
0.23928,0.27801,0.02005,0.03777,0.01109,0.11634,0.01490,0.00910,0.13812,0.08039,0.00771,0.00659,0.02489,0.01576
0.08463,0.12589,0.01012,0.02089,0.03713,0.02832,0.04195,0.09727,0.00656,0.02883,0.02459,0.06321,0.23025,0.20037
0.05853,0.14607,0.03071,0.01722,0.02378,0.01102,0.33419,0.28351,0.01658,0.04908,0.00428,0.00991,0.01214,0.00298
0.05210,0.04600,0.27414,0.00668,0.26644,0.00910,0.03141,0.27311,0.00599,0.00365,0.00433,0.01139,0.00888,0.00678
0.11053,0.10633,0.16807,0.02922,0.03502,0.19286,0.01406,0.05639,0.24329,0.00410,0.02123,0.00592,0.00833,0.00466
0.32985,0.32683,0.08094,0.00445,0.00952,0.01618,0.00618,0.03857,0.03898,0.00526,0.04570,0.00637,0.03000,0.06117
0.09286,0.05098,0.04644,0.00665,0.00481,0.00722,0.15704,0.15937,0.00972,0.00210,0.23714,0.00511,0.00343,0.21714
0.10968,0.07757,0.00821,0.01593,0.00447,0.15613,0.36435,0.19400,0.00968,0.01599,0.01573,0.02236,0.00211,0.00380
0.43668,0.08141,0.00289,0.30460,0.03293,0.00334,0.01204,0.00858,0.08713,0.00419,0.01458,0.00801,0.00173,0.00188
0.45950,0.40268,0.00240,0.01449,0.01049,0.00825,0.00311,0.01033,0.07900,0.00235,0.00301,0.00172,0.00165,0.00102
0.42055,0.36998,0.01639,0.01079,0.02655,0.03845,0.03182,0.03566,0.01249,0.00900,0.00492,0.01318,0.00589,0.00434
0.64573,0.10261,0.00426,0.17389,0.00769,0.00230,0.00168,0.00378,0.00699,0.04300,0.00130,0.00219,0.00176,0.00283
0.14310,0.15677,0.00391,0.00509,0.00582,0.29689,0.01159,0.00398,0.31070,0.04253,0.00458,0.00301,0.00221,0.00981
0.09138,0.05523,0.01419,0.00922,0.02228,0.05583,0.32907,0.34196,0.05000,0.01404,0.00460,0.00595,0.00217,0.00407
0.12562,0.44050,0.00201,0.00477,0.02308,0.00246,0.00773,0.01953,0.00414,0.35064,0.00183,0.00164,0.01432,0.00174
0.06866,0.05671,0.01658,0.01752,0.00445,0.00542,0.14147,0.13393,0.00675,0.01004,0.00426,0.00234,0.28541,0.24646
0.32051,0.34411,0.00299,0.03885,0.00674,0.06915,0.01727,0.01816,0.08261,0.06860,0.00707,0.01623,0.00249,0.00522
0.39723,0.14007,0.09676,0.01094,0.01119,0.01200,0.01109,0.01550,0.00925,0.04342,0.00229,0.00661,0.24188,0.00177
0.45474,0.06361,0.00513,0.00426,0.00619,0.00416,0.00851,0.02663,0.00351,0.00200,0.00368,0.41444,0.00161,0.00153
0.42789,0.14457,0.00463,0.33612,0.00550,0.00594,0.00648,0.00399,0.00677,0.00999,0.00229,0.03481,0.00201,0.00901
0.30471,0.33964,0.00421,0.06423,0.03980,0.08633,0.00383,0.00886,0.10966,0.00136,0.02674,0.00127,0.00368,0.00569
0.18765,0.09512,0.01737,0.16409,0.02380,0.17624,0.21932,0.06345,0.01239,0.00844,0.00496,0.00785,0.00885,0.01046
0.10968,0.14702,0.02722,0.27059,0.10108,0.04896,0.02247,0.03068,0.18358,0.03470,0.00404,0.00629,0.00323,0.01047
0.19363,0.21264,0.00528,0.02707,0.01188,0.13465,0.00545,0.01239,0.16006,0.09523,0.03840,0.07617,0.00673,0.02043
0.12444,0.19361,0.01103,0.00486,0.03585,0.02495,0.28371,0.22425,0.05077,0.03514,0.00526,0.00172,0.00232,0.00210
0.26305,0.21393,0.02330,0.02568,0.03916,0.13362,0.00371,0.00228,0.15068,0.00509,0.01644,0.08208,0.01957,0.02139
0.08412,0.17078,0.00755,0.30992,0.07109,0.01020,0.01284,0.00393,0.06778,0.01773,0.10557,0.00390,0.00440,0.13017
0.18462,0.09796,0.09497,0.00949,0.01731,0.10623,0.01691,0.00465,0.09018,0.00702,0.01225,0.09516,0.12338,0.13988
0.23189,0.29551,0.00506,0.02401,0.00191,0.05315,0.12522,0.08770,0.03967,0.05676,0.02980,0.00297,0.00307,0.04327
0.10176,0.15260,0.16557,0.03497,0.01792,0.22146,0.03989,0.01885,0.20821,0.01387,0.00741,0.01337,0.00137,0.00277
0.40988,0.35532,0.06782,0.01186,0.03452,0.00493,0.00427,0.00215,0.07106,0.00243,0.00648,0.00676,0.01440,0.00813
0.05219,0.06785,0.01336,0.04608,0.01265,0.10360,0.26458,0.24470,0.10483,0.06881,0.01108,0.00392,0.00234,0.00401
0.30819,0.35790,0.00530,0.02536,0.01790,0.01391,0.05142,0.08189,0.04348,0.01023,0.06259,0.00667,0.01056,0.00460
0.41091,0.39806,0.00831,0.01894,0.00124,0.00594,0.00370,0.00476,0.00643,0.01071,0.00348,0.01233,0.06418,0.05103
0.18619,0.29967,0.08529,0.01024,0.03948,0.02722,0.02089,0.01192,0.06860,0.14059,0.02050,0.05873,0.00451,0.02617
0.12156,0.11651,0.04392,0.01388,0.00606,0.28563,0.29125,0.01777,0.00947,0.07631,0.00560,0.00563,0.00307,0.00335
0.33339,0.26713,0.25049,0.05252,0.02085,0.00960,0.01547,0.00513,0.01128,0.01889,0.00374,0.00534,0.00296,0.00321
0.13878,0.04184,0.28820,0.27019,0.03794,0.07374,0.00989,0.01870,0.09022,0.00719,0.00329,0.00733,0.00773,0.00497
0.41064,0.33643,0.02152,0.00711,0.00927,0.01056,0.00495,0.00547,0.02864,0.00901,0.04267,0.10230,0.00766,0.00376
0.11780,0.12108,0.00982,0.06827,0.00778,0.22523,0.07052,0.06055,0.25520,0.00533,0.03316,0.00433,0.00184,0.01908
0.12376,0.18736,0.00838,0.02131,0.01321,0.02934,0.00905,0.01036,0.04979,0.00199,0.24398,0.00232,0.01972,0.27941
0.14485,0.17640,0.01158,0.01644,0.00331,0.02362,0.24822,0.21463,0.02943,0.05481,0.01200,0.02046,0.03623,0.00803
0.35783,0.18574,0.02022,0.22118,0.00313,0.01186,0.05354,0.05823,0.01234,0.01139,0.02363,0.01422,0.00561,0.02108
0.16152,0.17866,0.03239,0.40854,0.02473,0.00781,0.03159,0.02623,0.02654,0.05878,0.01330,0.00343,0.01915,0.00731
0.38900,0.04098,0.00248,0.06895,0.02739,0.00393,0.20504,0.23340,0.00517,0.00471,0.00128,0.00626,0.00145,0.00996
0.12201,0.12319,0.04083,0.01715,0.00983,0.24658,0.03434,0.04069,0.28092,0.00972,0.04823,0.01392,0.00338,0.00922
0.18230,0.38104,0.03766,0.02003,0.04417,0.01777,0.02407,0.01763,0.02601,0.21815,0.01676,0.00311,0.00553,0.00577
0.07835,0.07809,0.04999,0.06138,0.01101,0.27587,0.05258,0.05384,0.30428,0.01437,0.00719,0.00251,0.00480,0.00574
0.16674,0.12307,0.00526,0.02602,0.02733,0.23594,0.04817,0.06724,0.26545,0.01630,0.00498,0.00553,0.00323,0.00472
0.11099,0.08636,0.11957,0.13186,0.00732,0.02887,0.25471,0.22079,0.01146,0.01544,0.00487,0.00169,0.00243,0.00363
0.28499,0.37295,0.01196,0.01024,0.02017,0.00765,0.01175,0.00494,0.00838,0.18774,0.00196,0.00348,0.07218,0.00159
0.08075,0.07349,0.00706,0.01006,0.02430,0.01446,0.00573,0.00764,0.03667,0.01144,0.35508,0.00693,0.00298,0.36341
0.31458,0.06310,0.02121,0.01871,0.01019,0.17474,0.01610,0.02500,0.13373,0.00498,0.02059,0.17353,0.00689,0.01666
0.06666,0.11670,0.73330,0.00639,0.01419,0.00436,0.00597,0.00307,0.00849,0.00506,0.00274,0.00322,0.02267,0.00718
0.23759,0.25890,0.10206,0.06929,0.00864,0.04896,0.04686,0.01055,0.08313,0.01344,0.10115,0.00769,0.00473,0.00699
0.37146,0.35792,0.02106,0.02224,0.01001,0.01196,0.02875,0.00771,0.01712,0.08221,0.00232,0.00632,0.05330,0.00761
0.46655,0.42371,0.00820,0.00280,0.02104,0.00171,0.00243,0.00050,0.06417,0.00173,0.00224,0.00251,0.00097,0.00145
0.09893,0.11549,0.05982,0.02736,0.01749,0.28337,0.00728,0.02551,0.33289,0.00481,0.01202,0.00345,0.00451,0.00709
0.29632,0.40512,0.00252,0.00580,0.13053,0.00622,0.04582,0.03620,0.01663,0.00670,0.02472,0.00262,0.00338,0.01742
0.17041,0.19384,0.00738,0.24328,0.04776,0.02444,0.01194,0.00715,0.17311,0.08830,0.00338,0.00339,0.02074,0.00487
0.14973,0.07137,0.01121,0.01530,0.00958,0.25289,0.30586,0.03797,0.03320,0.00891,0.04195,0.01056,0.00345,0.04801
0.41792,0.19035,0.01376,0.20840,0.00297,0.03819,0.00518,0.00301,0.02172,0.00293,0.01043,0.07211,0.00354,0.00948
0.18576,0.18951,0.00417,0.01492,0.00413,0.26451,0.00150,0.00156,0.29083,0.01252,0.00752,0.00645,0.00746,0.00917
0.08455,0.20862,0.00632,0.09385,0.02738,0.18485,0.01477,0.00922,0.19268,0.15720,0.00429,0.00299,0.00454,0.00874
0.19987,0.18829,0.00304,0.01598,0.01332,0.01397,0.21120,0.20506,0.01501,0.11591,0.01146,0.00470,0.00086,0.00133
0.13100,0.41754,0.00401,0.03074,0.00904,0.00864,0.00682,0.00699,0.06321,0.30550,0.00428,0.00195,0.00441,0.00586
0.21515,0.26184,0.03684,0.32365,0.03162,0.00800,0.01396,0.03132,0.03395,0.02472,0.00339,0.00346,0.00973,0.00237
0.17391,0.19445,0.00471,0.00571,0.23324,0.01108,0.02651,0.27130,0.03581,0.01443,0.00888,0.01071,0.00595,0.00332
0.18152,0.21385,0.00367,0.11195,0.02774,0.02391,0.00773,0.01464,0.17679,0.17964,0.02880,0.00817,0.00840,0.01319
0.14637,0.11713,0.01962,0.01785,0.06070,0.02005,0.00825,0.02669,0.02154,0.01422,0.00992,0.00976,0.25744,0.27046
0.03731,0.08255,0.01462,0.00441,0.03004,0.03578,0.01247,0.00965,0.03131,0.00784,0.34261,0.01026,0.00170,0.37944
0.43128,0.11820,0.00287,0.01718,0.00826,0.00407,0.00751,0.00516,0.00732,0.05287,0.00037,0.00096,0.33448,0.00946
