0.08872,0.08834,0.02162,0.10662,0.07433,0.07066,0.05172,0.09302,0.01603,0.06637,0.03003,0.03875,0.03157,0.03819,0.04011,0.02052,0.05327,0.02022,0.01998,0.02993
0.04142,0.04204,0.04350,0.04565,0.15466,0.05304,0.07110,0.16880,0.03055,0.06307,0.03839,0.02806,0.02473,0.02590,0.03819,0.02183,0.02325,0.03674,0.01399,0.03509
0.02504,0.04729,0.01188,0.04265,0.06209,0.08412,0.09555,0.01536,0.12602,0.05500,0.12869,0.02497,0.03381,0.02859,0.05980,0.06020,0.02005,0.03351,0.02441,0.02096
0.04106,0.08771,0.03046,0.08528,0.17454,0.05387,0.06088,0.16793,0.02642,0.03848,0.05826,0.02249,0.01836,0.02132,0.02986,0.01495,0.01601,0.01582,0.01328,0.02300
0.01999,0.06741,0.08677,0.05453,0.02382,0.02494,0.01523,0.01657,0.16028,0.12558,0.17510,0.01698,0.01063,0.01010,0.11709,0.01340,0.01025,0.00793,0.00971,0.03368
0.02248,0.16080,0.04715,0.15711,0.01596,0.01810,0.02408,0.01169,0.02139,0.17205,0.03989,0.01382,0.01624,0.01685,0.14979,0.02556,0.00772,0.03683,0.01025,0.03224
0.04224,0.02701,0.08227,0.02270,0.27378,0.02252,0.02378,0.27184,0.01984,0.04722,0.02218,0.01612,0.01418,0.01387,0.04150,0.01072,0.00747,0.01165,0.01262,0.01648
0.02062,0.04338,0.03967,0.02402,0.02726,0.05827,0.12194,0.10730,0.09237,0.05043,0.09060,0.12456,0.02081,0.03886,0.03775,0.01553,0.01435,0.01476,0.03741,0.02012
0.06624,0.05409,0.04461,0.09256,0.02525,0.14213,0.13470,0.03165,0.01973,0.06602,0.03734,0.02311,0.04150,0.03010,0.03117,0.02553,0.04013,0.02958,0.02094,0.04363
0.02811,0.06420,0.03080,0.07972,0.07751,0.09944,0.09590,0.02758,0.04701,0.09507,0.05849,0.02245,0.03279,0.02502,0.07548,0.03892,0.02362,0.03141,0.01069,0.03579
0.09514,0.06957,0.03753,0.03531,0.05756,0.05236,0.04606,0.10528,0.10748,0.03762,0.04854,0.07779,0.02576,0.02158,0.03984,0.03715,0.02805,0.02834,0.02571,0.02333
0.09526,0.05067,0.09987,0.03094,0.03466,0.06840,0.11715,0.04267,0.08672,0.03955,0.08049,0.05397,0.02141,0.03013,0.04617,0.01861,0.02080,0.01466,0.02008,0.02779
0.03768,0.03440,0.06253,0.02865,0.03422,0.06576,0.05403,0.02255,0.01860,0.09353,0.07174,0.03090,0.05243,0.04760,0.07915,0.05247,0.01775,0.07559,0.03688,0.08355
0.03078,0.03886,0.03831,0.03670,0.04289,0.05891,0.06045,0.06265,0.11505,0.08812,0.14670,0.03979,0.02867,0.02623,0.06632,0.01773,0.01945,0.01586,0.02975,0.03679
0.02143,0.01625,0.32178,0.01672,0.03892,0.01718,0.03380,0.11905,0.05198,0.03803,0.04516,0.15422,0.01631,0.01425,0.02726,0.01662,0.01094,0.01457,0.01056,0.01496
0.03610,0.02286,0.05897,0.03561,0.01402,0.03183,0.06215,0.02326,0.00932,0.21660,0.03921,0.05059,0.02645,0.08723,0.06133,0.02744,0.09576,0.02538,0.02530,0.05058
0.02473,0.11315,0.03720,0.13258,0.02664,0.13699,0.13582,0.01702,0.03328,0.07567,0.03588,0.02490,0.01813,0.02084,0.05655,0.02917,0.02419,0.02440,0.01315,0.01973
0.04102,0.04260,0.08991,0.03291,0.12863,0.11027,0.12993,0.12306,0.02701,0.06179,0.02053,0.02776,0.03082,0.01616,0.04535,0.00963,0.02207,0.01085,0.01143,0.01828
0.16443,0.14779,0.07022,0.01869,0.02207,0.09660,0.14841,0.02051,0.08760,0.02796,0.01589,0.02040,0.02979,0.01250,0.03035,0.01176,0.02041,0.01385,0.01591,0.02484
0.03240,0.02455,0.08293,0.02304,0.14710,0.09930,0.08662,0.14776,0.01966,0.05451,0.03056,0.03248,0.04282,0.02359,0.03983,0.01574,0.01363,0.02224,0.02707,0.03420
0.06781,0.02952,0.06417,0.04754,0.20716,0.03611,0.03691,0.19562,0.03065,0.05129,0.02736,0.02732,0.01642,0.01906,0.05153,0.00860,0.02965,0.01525,0.01757,0.02046
0.03372,0.04903,0.06311,0.05115,0.02482,0.08581,0.11589,0.02649,0.01648,0.06811,0.04816,0.03907,0.12727,0.03657,0.06480,0.01952,0.02389,0.02561,0.03868,0.04183
0.02574,0.02428,0.02389,0.03980,0.25898,0.02671,0.02977,0.07965,0.03609,0.02952,0.04578,0.02797,0.02682,0.02762,0.02743,0.15887,0.02208,0.01580,0.02182,0.05139
0.02519,0.03944,0.03533,0.05850,0.03320,0.11802,0.09901,0.01888,0.01387,0.07732,0.04363,0.02969,0.03457,0.06927,0.04325,0.04531,0.02740,0.07966,0.03160,0.07687
0.07763,0.10572,0.02767,0.02157,0.06737,0.12157,0.14926,0.10653,0.03061,0.04784,0.01914,0.03383,0.04541,0.02465,0.03289,0.01578,0.01452,0.02474,0.01476,0.01849
0.01290,0.04004,0.01283,0.04542,0.03253,0.17246,0.16914,0.01529,0.04363,0.03627,0.04908,0.02157,0.03412,0.01713,0.03731,0.10343,0.01558,0.10880,0.01806,0.01441
0.04460,0.14546,0.03094,0.03605,0.02133,0.08338,0.14274,0.08286,0.01786,0.03482,0.02388,0.04767,0.06147,0.03295,0.04438,0.02288,0.04482,0.02510,0.02097,0.03584
0.03931,0.05783,0.04562,0.04674,0.02540,0.14087,0.14858,0.01986,0.02809,0.03609,0.04594,0.02650,0.05326,0.03103,0.03286,0.06276,0.02861,0.06912,0.02177,0.03977
0.01944,0.06066,0.07876,0.04217,0.02855,0.17101,0.18323,0.01848,0.01592,0.05041,0.03371,0.01906,0.07642,0.02480,0.05844,0.01531,0.01956,0.01835,0.02136,0.04437
0.03641,0.02962,0.39716,0.01340,0.03264,0.05237,0.05401,0.09378,0.02240,0.02343,0.02715,0.07122,0.03024,0.01321,0.02149,0.02088,0.01245,0.01912,0.01597,0.01306
0.04382,0.03402,0.06836,0.02759,0.02270,0.09038,0.21850,0.03361,0.05184,0.06387,0.02594,0.15672,0.01963,0.02722,0.02523,0.01820,0.01407,0.01293,0.01815,0.02722
0.04902,0.02726,0.38735,0.02485,0.01585,0.05157,0.05300,0.03896,0.01382,0.03126,0.02534,0.04989,0.03654,0.03758,0.02206,0.01697,0.03425,0.02405,0.02071,0.03966
0.01371,0.03389,0.09616,0.01898,0.04173,0.06356,0.06405,0.03427,0.02270,0.12015,0.04539,0.03067,0.10864,0.04147,0.10551,0.01107,0.01113,0.01921,0.06789,0.04984
0.05673,0.02437,0.10173,0.04816,0.07898,0.10868,0.12342,0.07725,0.02748,0.07125,0.02983,0.03623,0.03872,0.01773,0.05146,0.01198,0.01888,0.01783,0.01595,0.04334
0.11230,0.04558,0.03947,0.10536,0.03292,0.02683,0.04444,0.03297,0.01517,0.16873,0.05065,0.03553,0.02404,0.03004,0.10938,0.02223,0.02340,0.02102,0.01556,0.04438
0.35758,0.05425,0.01839,0.02722,0.01121,0.01338,0.01287,0.00709,0.35549,0.02662,0.01566,0.00890,0.01475,0.01056,0.02040,0.01028,0.00959,0.01123,0.00604,0.00850
0.02114,0.02710,0.20884,0.02510,0.03061,0.05019,0.04728,0.14766,0.02218,0.04133,0.02206,0.17574,0.03506,0.01686,0.02875,0.01620,0.02052,0.01431,0.02044,0.02865
0.01717,0.03735,0.04220,0.04449,0.04001,0.05048,0.05999,0.03450,0.01768,0.21008,0.04765,0.03350,0.03796,0.02890,0.18320,0.02186,0.01566,0.02150,0.03099,0.02483
0.14274,0.05342,0.03325,0.16211,0.06142,0.10445,0.10069,0.01627,0.04235,0.03491,0.04501,0.02072,0.03137,0.01267,0.02720,0.02501,0.02538,0.02579,0.02337,0.01186
0.02543,0.03280,0.05744,0.03954,0.01940,0.04920,0.04078,0.02956,0.01460,0.20561,0.05277,0.03592,0.04829,0.02933,0.19401,0.01993,0.01653,0.02128,0.01983,0.04776
0.04807,0.05821,0.02639,0.08559,0.02187,0.02226,0.03170,0.03874,0.01674,0.23546,0.02929,0.03583,0.02215,0.02366,0.19965,0.01713,0.02029,0.02801,0.01831,0.02066
0.04767,0.09551,0.08179,0.03033,0.07324,0.05383,0.06904,0.05554,0.01861,0.11833,0.02730,0.04119,0.02762,0.03475,0.08928,0.05011,0.01758,0.01786,0.02953,0.02088
0.09453,0.04801,0.05333,0.02637,0.02148,0.09782,0.09841,0.04073,0.06852,0.05187,0.05364,0.02504,0.04144,0.05344,0.03468,0.03921,0.03565,0.04589,0.03551,0.03442
0.02359,0.03101,0.12107,0.02543,0.02665,0.20144,0.21255,0.03869,0.01594,0.05759,0.02018,0.04987,0.03070,0.01342,0.03858,0.02861,0.01118,0.01690,0.01993,0.01670
0.07841,0.07358,0.03246,0.04957,0.03656,0.04823,0.04737,0.02759,0.11731,0.15832,0.03124,0.03457,0.03208,0.01411,0.14204,0.01595,0.01509,0.01964,0.01005,0.01585
0.04581,0.04082,0.06770,0.03067,0.02878,0.08470,0.10082,0.08457,0.04898,0.05432,0.05406,0.08397,0.02615,0.05654,0.04242,0.02460,0.03518,0.01573,0.03779,0.03637
0.03321,0.02615,0.03099,0.03139,0.02242,0.09301,0.10476,0.03128,0.20634,0.02186,0.22429,0.02088,0.02666,0.01678,0.02490,0.02165,0.01885,0.01373,0.01766,0.01318
0.07928,0.12711,0.06736,0.04864,0.02567,0.14367,0.17489,0.03320,0.04620,0.05101,0.01798,0.02262,0.03274,0.01937,0.03693,0.00899,0.01250,0.01646,0.02249,0.01288
0.04012,0.02686,0.03016,0.03976,0.01991,0.12623,0.12208,0.15779,0.01864,0.05309,0.01763,0.16559,0.03682,0.01823,0.05094,0.01083,0.01343,0.01322,0.02224,0.01645
0.03708,0.02347,0.04249,0.04082,0.03496,0.17150,0.23863,0.02149,0.02710,0.05942,0.01408,0.12097,0.01919,0.02220,0.01852,0.04418,0.01471,0.01625,0.01766,0.01529
0.02351,0.02996,0.08748,0.04128,0.02409,0.07833,0.07211,0.01698,0.01668,0.14103,0.03782,0.03820,0.05017,0.03664,0.10453,0.01685,0.02729,0.02773,0.03489,0.09441
0.28804,0.02026,0.05033,0.26262,0.06553,0.02435,0.02904,0.03534,0.01800,0.05059,0.02104,0.01570,0.01478,0.01417,0.04004,0.00959,0.00906,0.00979,0.00941,0.01232
0.08075,0.04453,0.41267,0.05211,0.01968,0.03943,0.05021,0.02512,0.02344,0.02460,0.02564,0.03195,0.02736,0.02853,0.02089,0.01248,0.02211,0.01450,0.01592,0.02807
0.04498,0.03986,0.09070,0.03784,0.03602,0.06226,0.08761,0.01628,0.02439,0.20604,0.02063,0.03337,0.02499,0.02225,0.16295,0.01922,0.01795,0.01160,0.01634,0.02472
0.04094,0.03272,0.03258,0.03480,0.03245,0.15718,0.16444,0.08160,0.04061,0.06079,0.03352,0.08314,0.02836,0.03626,0.03464,0.01737,0.01845,0.01377,0.02872,0.02767
0.03734,0.03624,0.04180,0.03044,0.02525,0.03060,0.03336,0.08746,0.21307,0.02328,0.21007,0.06987,0.02565,0.01323,0.02186,0.01751,0.02216,0.02649,0.01929,0.01503
0.12584,0.02516,0.02335,0.10346,0.03886,0.08107,0.08592,0.03702,0.01165,0.15094,0.02123,0.03126,0.03415,0.02100,0.12573,0.00778,0.01882,0.01457,0.02377,0.01843
0.02286,0.04255,0.02586,0.04247,0.01595,0.06687,0.05022,0.04802,0.01477,0.17054,0.06893,0.03213,0.04637,0.03925,0.11574,0.02867,0.02253,0.05594,0.03390,0.05642
0.03913,0.03841,0.03543,0.03000,0.03004,0.13136,0.15164,0.02109,0.06257,0.04539,0.08185,0.05200,0.03659,0.04466,0.04727,0.02118,0.05710,0.02210,0.02657,0.02561
0.02878,0.02711,0.02677,0.02793,0.08904,0.04116,0.04285,0.03759,0.02260,0.23353,0.03874,0.02113,0.01697,0.01740,0.23331,0.02273,0.01417,0.01159,0.02427,0.02232
0.04099,0.03143,0.02633,0.02973,0.02146,0.24406,0.25148,0.02834,0.04184,0.03191,0.02251,0.04003,0.02712,0.02837,0.03475,0.01880,0.02031,0.01734,0.02102,0.02220
0.02192,0.05159,0.01642,0.05911,0.05083,0.04833,0.05300,0.01143,0.14332,0.04450,0.17724,0.02026,0.02282,0.03153,0.05398,0.04908,0.02410,0.06574,0.01679,0.03800
0.02988,0.07583,0.01586,0.07953,0.02290,0.13178,0.10514,0.01659,0.03325,0.03988,0.03226,0.04063,0.04614,0.03525,0.12769,0.04035,0.03692,0.02581,0.02873,0.03559
0.12334,0.02704,0.02115,0.13233,0.04304,0.10706,0.15752,0.05783,0.01558,0.04868,0.02128,0.05985,0.02098,0.03114,0.01925,0.02150,0.03791,0.01341,0.02148,0.01963
0.02708,0.07841,0.04730,0.07015,0.05130,0.04881,0.03091,0.06055,0.01723,0.06697,0.03215,0.09848,0.04476,0.04583,0.04247,0.05055,0.04084,0.04882,0.05401,0.04339
0.03399,0.03573,0.07607,0.03582,0.01520,0.14685,0.18254,0.03013,0.01441,0.06343,0.03503,0.04118,0.08296,0.04324,0.03496,0.01277,0.02974,0.01528,0.03175,0.03890
0.02282,0.19596,0.02603,0.20111,0.02549,0.06798,0.06149,0.01803,0.05707,0.03683,0.06736,0.02915,0.01987,0.02044,0.04396,0.01938,0.02489,0.01593,0.01657,0.02964
0.03134,0.13663,0.07879,0.13486,0.03246,0.02796,0.03266,0.04590,0.05170,0.05671,0.05289,0.06002,0.02163,0.02278,0.04343,0.02422,0.05190,0.01691,0.02704,0.05016
0.02748,0.04675,0.04572,0.05473,0.05805,0.04926,0.04651,0.03120,0.04159,0.19325,0.04428,0.03258,0.01753,0.01461,0.17569,0.04602,0.01649,0.01511,0.02668,0.01647
0.06372,0.06728,0.06841,0.07811,0.01566,0.04354,0.04218,0.01695,0.01798,0.07973,0.07767,0.02924,0.03783,0.07739,0.03248,0.01900,0.03348,0.01956,0.03114,0.14863
0.02502,0.01708,0.49466,0.02949,0.01439,0.07519,0.08440,0.02550,0.01356,0.02499,0.01587,0.03309,0.02557,0.01711,0.02433,0.00889,0.01137,0.01304,0.01532,0.03113
0.11813,0.02760,0.06363,0.01894,0.03713,0.07033,0.17526,0.06218,0.12019,0.03261,0.03195,0.10239,0.01560,0.02176,0.01578,0.02335,0.01630,0.01453,0.01369,0.01865
0.04525,0.04882,0.02716,0.06127,0.03096,0.12999,0.14977,0.01751,0.02610,0.05913,0.04992,0.02691,0.04172,0.05881,0.04253,0.02527,0.02968,0.04358,0.03968,0.04594
0.14635,0.04393,0.03231,0.13778,0.02925,0.10062,0.10890,0.04558,0.02159,0.03875,0.04604,0.02979,0.04339,0.01891,0.03792,0.02645,0.02338,0.02349,0.02018,0.02541
0.13929,0.04506,0.03028,0.14716,0.05779,0.08546,0.07755,0.05648,0.02581,0.05756,0.03293,0.03538,0.03076,0.01826,0.05464,0.02236,0.01739,0.02754,0.01305,0.02527
0.01468,0.02408,0.02141,0.01725,0.01750,0.02398,0.02241,0.02078,0.02032,0.02314,0.02827,0.01975,0.02469,0.01003,0.01396,0.31622,0.01786,0.33064,0.01305,0.01998
0.03204,0.07293,0.05476,0.06674,0.10536,0.02827,0.02881,0.03312,0.01962,0.16772,0.02189,0.03346,0.02063,0.02048,0.14223,0.07393,0.01739,0.01511,0.01907,0.02643
0.03512,0.05715,0.03636,0.04149,0.03090,0.05306,0.06937,0.03387,0.03076,0.21284,0.02639,0.04305,0.02415,0.02349,0.17087,0.02904,0.02001,0.02582,0.01715,0.01913
0.04393,0.16606,0.02902,0.15470,0.03053,0.02320,0.02606,0.02880,0.03733,0.12362,0.04988,0.01933,0.03447,0.02559,0.10733,0.01285,0.03537,0.01751,0.01310,0.02133
0.04114,0.03290,0.05318,0.04313,0.02770,0.12580,0.13008,0.01958,0.07305,0.08319,0.08702,0.03913,0.04246,0.02401,0.04948,0.01318,0.03035,0.01500,0.02870,0.04093
0.05276,0.03006,0.19474,0.03397,0.02506,0.02455,0.02511,0.12515,0.05829,0.03385,0.06873,0.16696,0.01867,0.02326,0.02234,0.01123,0.01329,0.01583,0.01225,0.04392
0.03255,0.03021,0.35844,0.03162,0.02450,0.03683,0.05861,0.03625,0.02122,0.07710,0.02489,0.05617,0.03193,0.02221,0.05016,0.02755,0.01123,0.01837,0.02257,0.02761
0.01689,0.02300,0.05096,0.01794,0.02060,0.11477,0.11301,0.02498,0.19252,0.02991,0.21987,0.01546,0.04016,0.01506,0.02282,0.01260,0.01045,0.01398,0.01451,0.03049
0.03536,0.02583,0.03171,0.02528,0.04729,0.08431,0.12177,0.05868,0.02200,0.08597,0.03635,0.03476,0.18146,0.01902,0.07209,0.01213,0.01223,0.01270,0.06288,0.01817
0.04218,0.02845,0.26126,0.02410,0.04792,0.04852,0.07379,0.04052,0.08971,0.05709,0.08702,0.03610,0.02139,0.01591,0.05003,0.01520,0.01192,0.01280,0.01430,0.02178
0.03902,0.03384,0.04490,0.02401,0.17770,0.03202,0.03922,0.17933,0.01065,0.12307,0.02818,0.04143,0.03581,0.01591,0.09818,0.01278,0.01589,0.01603,0.01560,0.01643
0.04651,0.02705,0.05850,0.04775,0.03464,0.13897,0.13938,0.03067,0.02186,0.14860,0.02630,0.03268,0.02206,0.01678,0.13472,0.01030,0.01540,0.00786,0.01604,0.02391
0.05557,0.05495,0.06964,0.06035,0.02912,0.19796,0.20653,0.02711,0.05541,0.03610,0.02499,0.03394,0.02310,0.01965,0.02577,0.01821,0.01617,0.01285,0.01034,0.02223
0.22588,0.09302,0.04852,0.24872,0.02348,0.03517,0.03646,0.02008,0.01904,0.04621,0.02142,0.03093,0.02030,0.02047,0.03215,0.01256,0.02787,0.01235,0.01226,0.01310
0.05630,0.09199,0.02405,0.11423,0.01668,0.09754,0.09504,0.01582,0.01977,0.04054,0.04214,0.03491,0.04075,0.06133,0.03114,0.01789,0.03157,0.03525,0.03719,0.09587
0.02842,0.02269,0.06239,0.02131,0.01616,0.31960,0.31590,0.01584,0.02490,0.02536,0.02610,0.02341,0.01240,0.01132,0.02007,0.01030,0.00700,0.01195,0.01111,0.01376
0.07156,0.03319,0.14969,0.04957,0.04933,0.05940,0.08194,0.10463,0.05913,0.02502,0.05313,0.12443,0.02139,0.01718,0.01685,0.00977,0.02761,0.01285,0.01395,0.01938
0.09851,0.03478,0.07996,0.07465,0.07138,0.09594,0.10093,0.05624,0.03163,0.07565,0.02033,0.03713,0.02883,0.02369,0.05433,0.03588,0.01622,0.02972,0.01255,0.02164
0.02721,0.03417,0.04746,0.02328,0.01984,0.01638,0.02365,0.05430,0.01788,0.28114,0.02909,0.03438,0.02179,0.02686,0.24812,0.02547,0.01376,0.02286,0.01135,0.02100
0.02491,0.03668,0.01753,0.04702,0.02008,0.14426,0.14394,0.01598,0.01483,0.04402,0.04335,0.01876,0.06938,0.09272,0.03334,0.03238,0.06161,0.02937,0.02545,0.08440
0.03618,0.04674,0.04205,0.05800,0.03114,0.15539,0.16401,0.01920,0.02206,0.05825,0.03018,0.02886,0.04223,0.04852,0.04216,0.02759,0.03073,0.04196,0.02779,0.04696
0.04462,0.03687,0.07268,0.03174,0.02093,0.21546,0.21683,0.02616,0.01732,0.04729,0.02647,0.02926,0.03933,0.02096,0.04102,0.01839,0.01413,0.02233,0.02706,0.03116
0.04798,0.06807,0.01890,0.06974,0.07866,0.07290,0.09578,0.06553,0.06057,0.10076,0.02976,0.03638,0.03867,0.01654,0.11237,0.01549,0.01437,0.01516,0.01773,0.02464
0.18748,0.03445,0.02348,0.20183,0.01666,0.05803,0.06488,0.03638,0.04113,0.04170,0.05457,0.04483,0.02127,0.02701,0.04473,0.02180,0.02318,0.01456,0.02118,0.02084
0.02743,0.01985,0.22687,0.02213,0.03473,0.02873,0.04390,0.07833,0.01732,0.10206,0.04554,0.08920,0.03219,0.01594,0.09755,0.02305,0.01689,0.02081,0.02678,0.03068
0.04188,0.08905,0.02579,0.07712,0.05101,0.05631,0.07152,0.01993,0.04313,0.05564,0.03667,0.02802,0.04636,0.05234,0.04689,0.05719,0.06103,0.06102,0.04655,0.03255
0.02875,0.03076,0.05557,0.04592,0.14893,0.04539,0.06491,0.15991,0.01449,0.05865,0.04305,0.03609,0.07768,0.01753,0.05559,0.02229,0.01395,0.01967,0.03941,0.02146
0.07743,0.03626,0.08028,0.03194,0.02471,0.05947,0.06475,0.02468,0.05018,0.15440,0.02860,0.05294,0.03016,0.04394,0.14994,0.01733,0.01326,0.01991,0.01990,0.01993
0.04191,0.01879,0.06019,0.02026,0.08298,0.04483,0.05869,0.05687,0.19181,0.04172,0.19376,0.02774,0.02861,0.01406,0.02925,0.02365,0.01373,0.01774,0.01733,0.01610
0.04241,0.03015,0.23143,0.05607,0.01691,0.06570,0.06753,0.03324,0.02780,0.07092,0.06374,0.05220,0.03390,0.01069,0.04996,0.01405,0.02224,0.02227,0.01554,0.07326
0.04873,0.02672,0.19106,0.02478,0.02608,0.05642,0.06426,0.02002,0.05941,0.13754,0.03258,0.05987,0.02788,0.01799,0.10712,0.03214,0.01175,0.01689,0.01583,0.02295
0.04345,0.02236,0.04117,0.03800,0.04404,0.01698,0.03319,0.21332,0.02301,0.06904,0.04953,0.23322,0.01759,0.01681,0.04951,0.01514,0.01102,0.01694,0.01794,0.02776
0.05091,0.02079,0.04015,0.01749,0.01878,0.02639,0.02728,0.01714,0.31977,0.02137,0.30993,0.02245,0.01558,0.01493,0.01845,0.01237,0.00867,0.00958,0.00894,0.01902
0.20908,0.02227,0.09546,0.17760,0.03010,0.03337,0.03227,0.01105,0.03866,0.10235,0.01921,0.03545,0.02179,0.01140,0.08597,0.01387,0.01274,0.01140,0.01117,0.02479
0.04269,0.03685,0.03312,0.01917,0.01976,0.05531,0.10686,0.10447,0.15807,0.02914,0.16463,0.08806,0.02158,0.01696,0.02000,0.01997,0.01510,0.00892,0.01393,0.02541
0.03355,0.05516,0.19829,0.01941,0.02804,0.07150,0.08175,0.11936,0.03669,0.04453,0.05007,0.09200,0.02853,0.01758,0.03810,0.01622,0.02164,0.00998,0.01883,0.01875
0.02397,0.10845,0.02242,0.08947,0.01839,0.05014,0.04885,0.01259,0.19095,0.06499,0.20667,0.01145,0.01296,0.01134,0.06835,0.01627,0.00949,0.01307,0.00830,0.01187
0.03248,0.03580,0.04611,0.05059,0.13477,0.11920,0.12822,0.12662,0.02836,0.08449,0.02431,0.02490,0.01653,0.01686,0.05366,0.02055,0.01304,0.00875,0.01588,0.01888
0.03450,0.02889,0.12454,0.02898,0.18271,0.05164,0.08834,0.18144,0.03200,0.03390,0.02071,0.02272,0.02938,0.02653,0.03448,0.01606,0.01469,0.02392,0.00968,0.01491
0.01694,0.02767,0.04574,0.01931,0.03359,0.10630,0.10642,0.01929,0.04201,0.17867,0.06634,0.01958,0.05359,0.01531,0.15425,0.01257,0.00973,0.01082,0.03986,0.02202
0.02299,0.04134,0.02546,0.01774,0.14400,0.07457,0.09607,0.09977,0.01219,0.03062,0.02090,0.04983,0.08802,0.04651,0.03215,0.05759,0.02073,0.02208,0.07967,0.01776
0.03153,0.11059,0.02348,0.10819,0.02750,0.05913,0.05964,0.01540,0.02664,0.05277,0.04440,0.03272,0.05132,0.06969,0.03271,0.02558,0.05628,0.04568,0.05879,0.06794
0.04972,0.02693,0.04096,0.03993,0.26078,0.03148,0.03800,0.03559,0.06083,0.02339,0.05523,0.01945,0.02361,0.03088,0.01497,0.16488,0.01576,0.00913,0.01921,0.03928
0.03236,0.06105,0.05466,0.01818,0.03815,0.10047,0.11313,0.18054,0.03022,0.03254,0.02152,0.16130,0.03156,0.01457,0.02517,0.01170,0.01916,0.01698,0.01843,0.01830
0.03026,0.01840,0.07274,0.01955,0.16508,0.13685,0.14529,0.17128,0.01628,0.02889,0.03936,0.03076,0.02348,0.01456,0.02967,0.00919,0.01180,0.00883,0.01328,0.01444
0.04486,0.05922,0.06543,0.05751,0.03340,0.03249,0.08946,0.03993,0.02029,0.10439,0.03402,0.06311,0.02984,0.04272,0.06110,0.07389,0.04357,0.06440,0.01888,0.02149
0.05883,0.03513,0.12456,0.04279,0.03327,0.05633,0.07700,0.05053,0.04603,0.12507,0.03540,0.04257,0.03355,0.02767,0.11844,0.01900,0.01558,0.02591,0.01288,0.01945
0.04141,0.02878,0.10390,0.01747,0.03096,0.11515,0.10987,0.13225,0.04199,0.02529,0.03982,0.13958,0.03493,0.01750,0.01996,0.01619,0.02154,0.02126,0.02054,0.02160
0.02124,0.02922,0.10832,0.02900,0.01297,0.02429,0.02253,0.14566,0.02531,0.12468,0.04156,0.17150,0.02518,0.02402,0.08711,0.02041,0.01668,0.02437,0.02123,0.02474
0.05542,0.06767,0.02939,0.06081,0.20854,0.04970,0.05820,0.17795,0.05088,0.04254,0.03254,0.02214,0.02211,0.01321,0.03533,0.01789,0.01210,0.01444,0.01350,0.01563
0.01556,0.03737,0.02549,0.02974,0.01287,0.00995,0.01383,0.03718,0.01439,0.34396,0.03258,0.02757,0.01459,0.00983,0.32770,0.00815,0.00775,0.00778,0.00990,0.01380
0.03617,0.05723,0.14972,0.03099,0.03336,0.04267,0.14313,0.07626,0.03716,0.06235,0.02311,0.08187,0.02146,0.03077,0.03745,0.01971,0.06369,0.01103,0.02148,0.02041
0.08897,0.05304,0.03978,0.09233,0.02873,0.16243,0.13919,0.02573,0.02620,0.09510,0.01698,0.02860,0.02715,0.02043,0.07616,0.01560,0.01515,0.01654,0.01305,0.01885
0.03351,0.02949,0.03986,0.05775,0.02787,0.12109,0.12168,0.02277,0.02347,0.10332,0.04679,0.04427,0.06036,0.03912,0.05752,0.02026,0.04094,0.03381,0.02567,0.05046
0.03519,0.03029,0.07664,0.03391,0.13319,0.07858,0.09203,0.13266,0.02467,0.07470,0.02728,0.03909,0.03551,0.01795,0.08615,0.01916,0.01160,0.01330,0.01589,0.02223
0.02191,0.02308,0.10662,0.02004,0.22035,0.05823,0.07605,0.22025,0.02447,0.02139,0.03988,0.02556,0.02144,0.01607,0.02957,0.01046,0.01172,0.01631,0.01416,0.02245
0.06182,0.03972,0.13201,0.06476,0.03548,0.10708,0.09216,0.03346,0.02273,0.05470,0.05320,0.05035,0.03246,0.02841,0.03672,0.01441,0.02736,0.02851,0.02510,0.05957
0.03036,0.05225,0.03414,0.04630,0.03146,0.19066,0.20114,0.02282,0.04352,0.09208,0.02591,0.01936,0.02363,0.01146,0.07884,0.03021,0.01301,0.01320,0.01953,0.02011
0.03437,0.11851,0.07214,0.06466,0.03954,0.10878,0.09928,0.02329,0.05370,0.03240,0.07406,0.03798,0.05895,0.01586,0.03357,0.02361,0.03004,0.02233,0.01897,0.03796
0.04221,0.07335,0.02120,0.09245,0.04130,0.11475,0.09644,0.02032,0.07966,0.05513,0.12043,0.02486,0.01975,0.02405,0.06858,0.02634,0.02253,0.01331,0.02005,0.02331
0.02348,0.02683,0.11207,0.03639,0.02209,0.14279,0.13848,0.02410,0.01620,0.09468,0.04443,0.04645,0.06117,0.02042,0.06984,0.02475,0.01515,0.01463,0.03161,0.03443
0.03577,0.06534,0.04025,0.05117,0.04043,0.09664,0.08957,0.02747,0.04299,0.11837,0.03398,0.03198,0.05457,0.02824,0.11584,0.02962,0.01681,0.02694,0.02317,0.03085
0.06565,0.03519,0.02415,0.06591,0.04539,0.04208,0.05610,0.06114,0.16788,0.03243,0.19321,0.04696,0.02348,0.02224,0.02111,0.01976,0.03122,0.01520,0.01128,0.01960
0.04377,0.04632,0.06825,0.04960,0.02232,0.11540,0.11154,0.01980,0.02642,0.16412,0.01739,0.03166,0.03816,0.01643,0.14170,0.01702,0.01432,0.01659,0.01873,0.02046
0.20087,0.08044,0.05871,0.02834,0.02793,0.06490,0.06933,0.03609,0.15661,0.02766,0.02080,0.02830,0.04331,0.01758,0.02992,0.02734,0.02135,0.02472,0.01505,0.02075
0.03223,0.02337,0.16283,0.01433,0.02235,0.03505,0.03445,0.03062,0.14538,0.07530,0.15486,0.05559,0.02951,0.02245,0.05191,0.02061,0.01890,0.03179,0.01808,0.02040
0.02740,0.05454,0.02249,0.05000,0.03130,0.22759,0.22139,0.02277,0.04685,0.04228,0.06713,0.01686,0.03297,0.01477,0.03570,0.01324,0.01381,0.01814,0.02085,0.01994
0.06463,0.02211,0.26396,0.04102,0.02611,0.12022,0.11583,0.01720,0.01619,0.03588,0.02372,0.02692,0.02652,0.04710,0.01660,0.01296,0.01868,0.01419,0.01643,0.07372
0.04937,0.03457,0.01728,0.06808,0.24415,0.01754,0.02783,0.22428,0.04395,0.03142,0.06644,0.02242,0.01807,0.02077,0.01931,0.02837,0.01454,0.01457,0.00795,0.02910
0.02280,0.38635,0.01837,0.38515,0.00866,0.01859,0.01629,0.00665,0.02321,0.01649,0.01157,0.00991,0.01052,0.00785,0.01809,0.00833,0.00751,0.00824,0.00596,0.00946
0.03668,0.04798,0.04706,0.06920,0.03340,0.08147,0.08063,0.02113,0.02273,0.18280,0.04592,0.01809,0.02367,0.02008,0.16271,0.02259,0.01990,0.01639,0.02599,0.02158
0.02988,0.07209,0.09645,0.06408,0.02817,0.02352,0.02836,0.01013,0.02101,0.13836,0.05683,0.02518,0.02912,0.06916,0.10942,0.03108,0.02686,0.02594,0.02519,0.08916
0.03444,0.05160,0.08805,0.03101,0.03176,0.06613,0.10915,0.15575,0.02870,0.05263,0.02926,0.13845,0.03876,0.01433,0.03474,0.01596,0.01996,0.01392,0.02648,0.01892
0.14659,0.04312,0.01967,0.16501,0.03564,0.11705,0.10932,0.03521,0.01649,0.03400,0.02295,0.02495,0.04034,0.03008,0.03609,0.02240,0.03265,0.01663,0.02155,0.03025
0.08565,0.02338,0.02310,0.07443,0.22864,0.06345,0.06996,0.18076,0.02200,0.03569,0.03136,0.01227,0.02735,0.01019,0.03971,0.01882,0.01231,0.00956,0.01100,0.02037
0.10714,0.04023,0.01680,0.12103,0.03271,0.17175,0.16914,0.03248,0.01650,0.04847,0.02615,0.02625,0.03598,0.02540,0.02769,0.01317,0.03517,0.01003,0.02820,0.01572
0.02164,0.12100,0.05463,0.13973,0.05714,0.09208,0.07641,0.03227,0.02093,0.03680,0.03044,0.03137,0.05005,0.04146,0.04658,0.04927,0.02753,0.03103,0.01008,0.02956
0.06521,0.08969,0.08266,0.11776,0.01351,0.01940,0.02277,0.02248,0.06457,0.15010,0.04521,0.03850,0.01761,0.01783,0.12901,0.01112,0.02797,0.01801,0.01334,0.03328
0.06188,0.03892,0.16102,0.06237,0.02730,0.04038,0.05071,0.03626,0.02101,0.09569,0.03289,0.05570,0.03457,0.05151,0.05659,0.01768,0.03558,0.02601,0.03319,0.06072
0.01977,0.04766,0.04009,0.02997,0.04470,0.10279,0.08613,0.03820,0.04400,0.10527,0.04810,0.02884,0.05007,0.05828,0.13245,0.01397,0.02078,0.01085,0.03684,0.04124
0.01784,0.02887,0.04011,0.01832,0.25243,0.08048,0.07069,0.02489,0.02544,0.04111,0.01637,0.02021,0.03983,0.01114,0.03384,0.15768,0.00682,0.01461,0.05922,0.04011
0.01803,0.02745,0.04730,0.02215,0.03838,0.09094,0.09588,0.04399,0.05984,0.09940,0.09085,0.02658,0.08764,0.02288,0.08333,0.02261,0.01383,0.02700,0.04695,0.03499
0.03848,0.03828,0.16105,0.03783,0.12831,0.09619,0.09904,0.10335,0.02012,0.05500,0.01889,0.02315,0.02330,0.02177,0.04999,0.01692,0.01528,0.01931,0.00988,0.02386
0.02774,0.04568,0.06104,0.05434,0.02630,0.19935,0.19273,0.02336,0.01291,0.08466,0.03681,0.02260,0.02505,0.02389,0.05738,0.01606,0.00933,0.02645,0.02022,0.03409
0.06296,0.03031,0.09593,0.02910,0.01824,0.04937,0.06531,0.01993,0.07378,0.18638,0.01776,0.07605,0.02112,0.01680,0.14332,0.01323,0.02454,0.01845,0.01799,0.01943
0.05545,0.10481,0.03467,0.11846,0.03943,0.03741,0.04308,0.05384,0.03256,0.05926,0.05022,0.03456,0.04358,0.03300,0.04467,0.06326,0.03058,0.06129,0.02403,0.03582
0.01281,0.01866,0.11963,0.01891,0.01790,0.10115,0.08918,0.02879,0.01787,0.07675,0.02705,0.03532,0.18053,0.01466,0.06477,0.02527,0.01437,0.02156,0.08264,0.03219
0.02255,0.02044,0.02902,0.01666,0.02239,0.01661,0.01778,0.13152,0.05456,0.19383,0.06236,0.11899,0.01647,0.01312,0.17964,0.01587,0.01516,0.01724,0.01199,0.02379
0.10801,0.13505,0.10660,0.03404,0.03921,0.08915,0.12620,0.06719,0.05124,0.01769,0.03577,0.03631,0.03880,0.01734,0.01299,0.01310,0.01594,0.01551,0.01787,0.02200
0.03022,0.07203,0.03354,0.12675,0.04692,0.07089,0.06599,0.03869,0.02373,0.05647,0.06067,0.04325,0.03877,0.03408,0.05906,0.03870,0.03653,0.04130,0.02311,0.05930
0.02681,0.03746,0.02550,0.03722,0.02571,0.13771,0.11382,0.02894,0.02298,0.06997,0.02742,0.02632,0.06240,0.02538,0.05509,0.10266,0.01842,0.10471,0.03190,0.01957
0.06588,0.07304,0.11552,0.04091,0.02901,0.03950,0.05265,0.05396,0.04855,0.12471,0.01815,0.05882,0.01824,0.04537,0.11732,0.02508,0.01718,0.02311,0.01535,0.01765
0.02742,0.04391,0.03200,0.02120,0.02443,0.04877,0.05103,0.08228,0.01859,0.18722,0.02572,0.05880,0.03470,0.03239,0.14552,0.04432,0.01942,0.05046,0.02979,0.02204
0.03446,0.03146,0.03837,0.03311,0.03200,0.08638,0.09788,0.07181,0.05792,0.08569,0.05639,0.06918,0.03077,0.04796,0.06807,0.02023,0.02882,0.02422,0.05176,0.03351
0.04000,0.02759,0.03276,0.03453,0.16340,0.08202,0.12770,0.20858,0.01782,0.02543,0.01938,0.06819,0.03006,0.02136,0.04083,0.00871,0.01471,0.00944,0.01180,0.01570
0.02210,0.08226,0.06382,0.03074,0.01996,0.16887,0.17577,0.06709,0.02110,0.06104,0.01907,0.05495,0.03027,0.01824,0.04591,0.02300,0.01528,0.01443,0.03705,0.02905
0.03144,0.11238,0.02248,0.09477,0.04204,0.06433,0.05217,0.03486,0.04221,0.12298,0.04461,0.05182,0.02866,0.02372,0.10295,0.02215,0.03568,0.02423,0.02933,0.01720
0.02198,0.03297,0.01807,0.03331,0.01568,0.18732,0.15288,0.02465,0.03932,0.03224,0.03975,0.05721,0.03078,0.03262,0.15444,0.01791,0.03414,0.01463,0.02374,0.03635
0.03307,0.03534,0.08813,0.03388,0.01471,0.08457,0.08137,0.02656,0.03353,0.03004,0.09442,0.04038,0.04625,0.05289,0.02829,0.02112,0.02200,0.02426,0.02337,0.18582
0.04475,0.03097,0.07313,0.02473,0.02050,0.29012,0.28936,0.01446,0.03175,0.03845,0.01672,0.02006,0.01259,0.01043,0.02964,0.00881,0.00908,0.00817,0.01337,0.01290
0.20361,0.04103,0.03772,0.18115,0.02004,0.04976,0.06158,0.03609,0.01481,0.08027,0.02837,0.03461,0.02365,0.02498,0.04211,0.02157,0.02652,0.01842,0.02728,0.02645
0.14470,0.04151,0.08497,0.12992,0.03690,0.03353,0.03439,0.02963,0.02398,0.09693,0.05709,0.02150,0.03432,0.02636,0.08679,0.01467,0.02384,0.02332,0.01308,0.04257
0.09278,0.07587,0.05341,0.08428,0.04110,0.04903,0.04289,0.04153,0.04167,0.02801,0.04518,0.03057,0.06200,0.04032,0.06546,0.04774,0.03008,0.05802,0.02939,0.04068
0.04522,0.06257,0.01883,0.02470,0.23563,0.03494,0.04422,0.22081,0.02124,0.04212,0.01764,0.03550,0.04587,0.02031,0.03211,0.02838,0.01573,0.01614,0.02651,0.01153
0.05492,0.04297,0.04649,0.02819,0.04793,0.07131,0.07590,0.05274,0.17345,0.03386,0.18629,0.02621,0.02286,0.02305,0.02699,0.01809,0.01915,0.01049,0.01718,0.02193
0.11320,0.07555,0.01490,0.08702,0.04314,0.03442,0.03586,0.03989,0.14042,0.06977,0.03446,0.04751,0.04005,0.02364,0.09253,0.03388,0.01437,0.02609,0.00944,0.02384
0.07052,0.05399,0.02586,0.09037,0.04487,0.18060,0.18133,0.02244,0.03315,0.06729,0.01682,0.02762,0.02830,0.01786,0.05889,0.01792,0.02371,0.01097,0.01680,0.01070
0.06564,0.14342,0.02001,0.14935,0.02579,0.07147,0.06965,0.02043,0.05545,0.06369,0.04172,0.02642,0.03858,0.02708,0.04931,0.03079,0.02214,0.03849,0.01926,0.02132
0.02086,0.14450,0.02324,0.16383,0.04050,0.09430,0.08479,0.02922,0.03228,0.04172,0.04324,0.03146,0.04508,0.01895,0.04103,0.03413,0.02548,0.03645,0.01770,0.03123
0.02388,0.03345,0.03673,0.02328,0.02221,0.02845,0.03790,0.04203,0.20210,0.04316,0.24789,0.04775,0.03247,0.01580,0.03725,0.02949,0.02241,0.02005,0.02398,0.02971
0.04389,0.02901,0.05563,0.02809,0.10168,0.09805,0.09487,0.10302,0.02924,0.14097,0.01398,0.02054,0.02404,0.01291,0.14511,0.00693,0.01271,0.00747,0.01027,0.02161
0.06201,0.12185,0.02952,0.11656,0.04100,0.04382,0.05054,0.02515,0.02736,0.03619,0.02720,0.04455,0.04753,0.05032,0.03893,0.03523,0.09365,0.02532,0.04698,0.03627
0.02991,0.05515,0.03528,0.06574,0.07166,0.13909,0.14614,0.02374,0.02517,0.09922,0.01980,0.02991,0.03078,0.02065,0.07672,0.04687,0.01521,0.02426,0.02088,0.02381
0.03403,0.09093,0.06300,0.07816,0.04100,0.02337,0.03377,0.02366,0.02844,0.06005,0.05319,0.02966,0.05894,0.04245,0.06788,0.01696,0.11467,0.04150,0.04812,0.05023
0.09360,0.07861,0.06511,0.04858,0.02115,0.11332,0.13638,0.02436,0.05465,0.06340,0.02292,0.03523,0.03527,0.03380,0.03824,0.02954,0.02375,0.03285,0.02107,0.02815
0.04504,0.03827,0.02450,0.05475,0.11015,0.05243,0.06457,0.10879,0.02677,0.09820,0.05628,0.05255,0.02695,0.02849,0.08351,0.01535,0.02839,0.02206,0.02452,0.03842
0.07563,0.03463,0.06593,0.06123,0.03693,0.06704,0.07839,0.02002,0.04375,0.10540,0.02367,0.04368,0.05632,0.03330,0.06484,0.05462,0.03545,0.05205,0.02221,0.02493
0.05292,0.05057,0.14653,0.04111,0.03353,0.03718,0.03966,0.06487,0.04406,0.09639,0.04107,0.08606,0.03661,0.04535,0.07104,0.02062,0.01814,0.02207,0.02253,0.02969
0.05301,0.07583,0.09842,0.06045,0.03038,0.02567,0.03312,0.03720,0.03729,0.18722,0.03722,0.02245,0.02407,0.02212,0.16947,0.01284,0.01865,0.01622,0.01855,0.01979
0.02454,0.03327,0.15581,0.02279,0.02047,0.05423,0.06556,0.02461,0.02218,0.15864,0.02459,0.04930,0.08503,0.02129,0.10696,0.01944,0.01501,0.02699,0.03312,0.03615
0.04644,0.02668,0.04253,0.04487,0.02009,0.16317,0.17546,0.03344,0.03605,0.06658,0.03594,0.05338,0.05047,0.02686,0.06429,0.01702,0.02625,0.02581,0.01722,0.02747
0.06822,0.03605,0.03935,0.04104,0.18848,0.02882,0.02440,0.15331,0.02960,0.06099,0.03710,0.04546,0.03148,0.02350,0.04381,0.03929,0.03245,0.02606,0.02667,0.02393
0.02357,0.01584,0.02243,0.02433,0.01453,0.15896,0.16700,0.18426,0.04872,0.01492,0.04438,0.19456,0.01813,0.01174,0.01355,0.00830,0.00668,0.00796,0.00992,0.01023
0.03309,0.04713,0.02676,0.02978,0.25063,0.03654,0.06020,0.08248,0.02956,0.02974,0.02447,0.03611,0.03523,0.02540,0.02344,0.13071,0.02481,0.01726,0.02929,0.02739
0.04035,0.02765,0.07485,0.03699,0.04555,0.04523,0.06575,0.03822,0.01875,0.16347,0.03797,0.06219,0.05138,0.02502,0.13536,0.02504,0.01762,0.02733,0.02432,0.03694
0.10125,0.03479,0.04730,0.10014,0.14375,0.02509,0.03374,0.04188,0.01553,0.11422,0.03247,0.02843,0.01650,0.01926,0.10892,0.04986,0.02290,0.01074,0.01861,0.03461
0.02883,0.02569,0.04396,0.03051,0.12575,0.11492,0.12820,0.13873,0.03258,0.05463,0.04045,0.03224,0.03148,0.03034,0.04109,0.04017,0.00926,0.02414,0.01008,0.01694
0.15115,0.06500,0.02289,0.15203,0.03015,0.08424,0.10924,0.04521,0.02575,0.03881,0.03430,0.03014,0.02685,0.03179,0.02308,0.04181,0.02905,0.02370,0.01573,0.01908
0.08647,0.05248,0.06233,0.07739,0.02214,0.16212,0.16943,0.02523,0.03110,0.04107,0.02293,0.05774,0.02909,0.02031,0.02452,0.01373,0.03325,0.01558,0.01619,0.03692
0.01849,0.03358,0.37318,0.02681,0.04358,0.04683,0.04742,0.02516,0.01859,0.09044,0.03999,0.02651,0.02650,0.02307,0.07093,0.01400,0.01484,0.01192,0.01512,0.03304
0.02840,0.03081,0.02688,0.02793,0.11460,0.02563,0.05760,0.09693,0.02470,0.19820,0.02543,0.03862,0.03446,0.01271,0.18409,0.02766,0.01149,0.01019,0.01294,0.01074
0.04113,0.02836,0.03944,0.05674,0.02404,0.04635,0.10281,0.04234,0.02815,0.18005,0.02572,0.08902,0.03851,0.01994,0.12909,0.01538,0.02811,0.01090,0.02134,0.03258
0.03169,0.03308,0.07973,0.03427,0.01725,0.02291,0.01738,0.04554,0.01480,0.26755,0.02811,0.02749,0.01766,0.01060,0.25292,0.03137,0.01137,0.02266,0.01165,0.02197
0.02955,0.03326,0.08665,0.05373,0.01912,0.08975,0.07161,0.03222,0.02831,0.08781,0.03970,0.03323,0.05574,0.02938,0.07171,0.03365,0.03664,0.07007,0.03171,0.06613
0.01310,0.02601,0.03659,0.02206,0.02737,0.04106,0.05822,0.02473,0.19967,0.04617,0.25839,0.03743,0.04157,0.02008,0.03986,0.01764,0.01401,0.01624,0.02807,0.03171
0.03908,0.05001,0.03533,0.04884,0.02072,0.06813,0.06808,0.02317,0.02263,0.07001,0.09585,0.02216,0.05385,0.06429,0.05835,0.02182,0.02449,0.06684,0.03492,0.11144
0.03842,0.02035,0.03594,0.04030,0.02563,0.30066,0.29823,0.01997,0.01758,0.02718,0.01734,0.03154,0.02912,0.01365,0.01841,0.01571,0.01062,0.00993,0.00817,0.02124
0.22939,0.03312,0.01122,0.23007,0.04714,0.04942,0.08229,0.02937,0.01831,0.05791,0.01509,0.03819,0.01975,0.01946,0.01650,0.03616,0.01828,0.01308,0.01976,0.01549
0.09546,0.12356,0.03130,0.16986,0.03472,0.04606,0.05719,0.02021,0.06581,0.05758,0.08579,0.02477,0.01928,0.02150,0.04312,0.01035,0.02845,0.01133,0.02487,0.02880
0.01856,0.05539,0.02567,0.03594,0.03719,0.10459,0.10216,0.03544,0.01725,0.13817,0.04444,0.02736,0.04209,0.03064,0.14788,0.02180,0.02696,0.02928,0.02532,0.03389
0.02361,0.11551,0.02284,0.12620,0.01228,0.06683,0.07487,0.01389,0.02942,0.13175,0.01751,0.04816,0.04420,0.03734,0.10887,0.02061,0.03862,0.01769,0.02887,0.02094
0.03565,0.03411,0.03827,0.04855,0.01576,0.01621,0.02080,0.09052,0.01410,0.20417,0.06118,0.10075,0.01890,0.02947,0.13558,0.02763,0.02559,0.01677,0.02240,0.04359
0.03165,0.05970,0.33798,0.02061,0.03680,0.04623,0.06010,0.05074,0.01653,0.04410,0.02055,0.04288,0.06704,0.01866,0.03250,0.02169,0.02847,0.01689,0.03114,0.01575
0.05892,0.06082,0.04276,0.05132,0.02166,0.15631,0.17036,0.05363,0.02441,0.05167,0.02636,0.04965,0.03177,0.02882,0.05349,0.01812,0.02222,0.02304,0.02214,0.03255
0.01480,0.01605,0.17324,0.01511,0.00869,0.03036,0.04097,0.04072,0.00781,0.22771,0.01827,0.05357,0.04486,0.01919,0.18909,0.01560,0.01280,0.01737,0.02671,0.02706
0.01982,0.03394,0.02959,0.04618,0.05236,0.16267,0.16495,0.01417,0.01398,0.08233,0.03551,0.02519,0.08524,0.02485,0.06786,0.02078,0.01667,0.01684,0.05026,0.03679
0.04580,0.07734,0.03625,0.03392,0.06754,0.17072,0.20651,0.06458,0.02244,0.02692,0.02325,0.02765,0.04301,0.01696,0.04226,0.01648,0.01685,0.02014,0.02166,0.01971
0.06206,0.15138,0.02373,0.02279,0.02388,0.09778,0.14880,0.14167,0.04292,0.03675,0.01438,0.08979,0.02484,0.01126,0.02962,0.02111,0.01271,0.01311,0.02087,0.01057
0.04030,0.13371,0.02076,0.14251,0.03532,0.05788,0.05071,0.03361,0.08675,0.04419,0.09300,0.02409,0.02247,0.02763,0.05498,0.03024,0.03349,0.02342,0.01872,0.02621
0.02337,0.02238,0.03817,0.02259,0.02753,0.03269,0.03800,0.01886,0.19189,0.13705,0.21045,0.01668,0.01851,0.02524,0.12332,0.01180,0.00992,0.00886,0.01278,0.00990
0.06693,0.07903,0.02470,0.12221,0.02796,0.05502,0.06298,0.05094,0.01942,0.03686,0.05857,0.05315,0.03772,0.04389,0.03136,0.03443,0.09076,0.02198,0.03541,0.04667
0.03385,0.04661,0.02486,0.04222,0.03074,0.19836,0.18287,0.02807,0.02259,0.04546,0.05171,0.02341,0.04121,0.03669,0.05468,0.01237,0.04344,0.01376,0.02519,0.04191
0.08267,0.08271,0.04877,0.06450,0.04853,0.13494,0.14701,0.02421,0.02535,0.05055,0.03741,0.03052,0.03440,0.03456,0.03331,0.01420,0.02522,0.02807,0.02226,0.03080
0.14946,0.04102,0.06792,0.04789,0.01785,0.02928,0.04801,0.04474,0.12952,0.05144,0.05757,0.07042,0.01783,0.03634,0.03600,0.03467,0.03174,0.02544,0.02521,0.03766
0.19041,0.02643,0.02195,0.17658,0.03100,0.18177,0.18551,0.01723,0.03090,0.02140,0.02205,0.01316,0.01249,0.00924,0.01697,0.01103,0.00744,0.00971,0.00565,0.00908
0.04139,0.04690,0.03645,0.06144,0.16621,0.02934,0.04388,0.16735,0.04398,0.09800,0.04555,0.02690,0.02266,0.01185,0.08714,0.01088,0.01043,0.01738,0.01417,0.01809
0.15594,0.10161,0.09568,0.02414,0.01395,0.06103,0.09028,0.06636,0.08315,0.02647,0.01534,0.05351,0.03693,0.02171,0.02670,0.02283,0.03072,0.02499,0.01495,0.03371
0.03593,0.03860,0.02668,0.03143,0.03226,0.05175,0.11490,0.08365,0.06170,0.10353,0.07111,0.09854,0.03372,0.04172,0.06909,0.02091,0.03585,0.01269,0.02024,0.01571
0.04045,0.08336,0.03574,0.11428,0.02577,0.17887,0.16274,0.01575,0.02471,0.04827,0.02617,0.02145,0.03881,0.02440,0.04485,0.01890,0.02808,0.01611,0.01998,0.03132
0.03504,0.03498,0.05801,0.04764,0.01836,0.02870,0.02616,0.02130,0.03384,0.07964,0.03018,0.03470,0.03010,0.02171,0.05530,0.19350,0.01016,0.20160,0.01559,0.02349
0.01268,0.02565,0.02541,0.03083,0.01146,0.01069,0.00830,0.01209,0.01447,0.04892,0.36181,0.01171,0.00938,0.00745,0.02393,0.00987,0.00908,0.00942,0.00676,0.35008
0.08519,0.04329,0.04600,0.04948,0.04599,0.05013,0.03401,0.01660,0.10020,0.08482,0.02886,0.03954,0.04099,0.05165,0.05389,0.05181,0.02154,0.07183,0.02066,0.06351
0.02584,0.17777,0.01880,0.23264,0.01702,0.01400,0.05999,0.03080,0.01296,0.05705,0.03430,0.03650,0.01876,0.01502,0.06426,0.02571,0.10164,0.01863,0.02538,0.01292
0.03451,0.02989,0.02587,0.03096,0.22004,0.05831,0.10424,0.22435,0.03059,0.02301,0.01862,0.07417,0.01481,0.01433,0.02003,0.01700,0.01860,0.00886,0.00821,0.02358
0.02082,0.02001,0.26254,0.02329,0.03569,0.12013,0.12029,0.01712,0.01953,0.12193,0.02457,0.02402,0.01331,0.01176,0.09563,0.00934,0.00875,0.00838,0.00688,0.03603
0.01995,0.06357,0.03843,0.04744,0.03275,0.03537,0.03058,0.05127,0.02365,0.25266,0.03299,0.02224,0.01968,0.01408,0.22903,0.02426,0.01107,0.01708,0.01415,0.01974
0.17647,0.06396,0.04644,0.03882,0.04000,0.06054,0.04563,0.04728,0.18318,0.04188,0.02891,0.03513,0.02401,0.03399,0.04593,0.01339,0.01059,0.01596,0.02068,0.02721
0.03721,0.02818,0.03724,0.03910,0.24178,0.03598,0.03335,0.17719,0.02008,0.04347,0.02013,0.03004,0.03491,0.03283,0.04267,0.04218,0.03615,0.02398,0.02300,0.02055
0.06029,0.04745,0.04706,0.04999,0.04395,0.10851,0.12316,0.05945,0.03177,0.09318,0.02405,0.05328,0.04171,0.04273,0.05065,0.01525,0.02320,0.02794,0.02338,0.03300
0.14644,0.09211,0.02311,0.07174,0.07075,0.03500,0.05162,0.04859,0.15632,0.04284,0.05740,0.03549,0.02479,0.01937,0.04094,0.01758,0.01437,0.01601,0.01761,0.01793
0.03286,0.06553,0.25854,0.03727,0.02466,0.04920,0.04246,0.05080,0.04056,0.06280,0.03975,0.04056,0.03382,0.02593,0.05084,0.01354,0.01926,0.02757,0.02210,0.06198
0.06811,0.04915,0.26878,0.06078,0.01147,0.03893,0.05016,0.01293,0.02986,0.15469,0.01855,0.04347,0.01621,0.01356,0.10743,0.00940,0.00995,0.00869,0.01072,0.01718
0.05134,0.02704,0.04042,0.03166,0.01942,0.20966,0.21657,0.01973,0.05054,0.08265,0.02476,0.04126,0.01783,0.02342,0.06276,0.02005,0.01134,0.02104,0.01288,0.01563
0.03548,0.06307,0.01936,0.07988,0.05381,0.03514,0.05880,0.01847,0.07193,0.04440,0.08735,0.02138,0.04196,0.05724,0.03342,0.02924,0.12403,0.01892,0.08216,0.02396
0.24552,0.02335,0.10560,0.23234,0.03069,0.04759,0.05259,0.03593,0.01578,0.03797,0.01291,0.02083,0.02146,0.00862,0.05883,0.00763,0.01338,0.01107,0.01051,0.00738
