0.17746,0.04622,0.25191,0.04926,0.04737,0.12040,0.12512,0.18225
0.12066,0.12962,0.15505,0.06466,0.05519,0.11088,0.22476,0.13918
0.12790,0.02837,0.18206,0.02679,0.06559,0.27506,0.08395,0.21029
0.12647,0.04016,0.25714,0.02859,0.04721,0.22163,0.11322,0.16559
0.13228,0.04724,0.15633,0.03842,0.05771,0.06935,0.22947,0.26919
0.21603,0.10201,0.11297,0.06553,0.05219,0.22497,0.05798,0.16831
0.09574,0.04480,0.20808,0.05854,0.05628,0.11567,0.07618,0.34470
0.09310,0.06627,0.10414,0.05248,0.03309,0.05524,0.26295,0.33272
0.09281,0.06822,0.21748,0.08685,0.07998,0.08141,0.17810,0.19515
0.08940,0.06118,0.18326,0.07171,0.11094,0.30012,0.04829,0.13510
0.05710,0.21845,0.26836,0.15950,0.02719,0.11754,0.10084,0.05103
0.08953,0.04654,0.37781,0.05146,0.06844,0.17066,0.06329,0.13228
0.18984,0.24070,0.07484,0.08551,0.04071,0.08460,0.13760,0.14620
0.06505,0.22041,0.21576,0.03487,0.03833,0.15423,0.12847,0.14288
0.07507,0.15858,0.15803,0.04082,0.02559,0.26505,0.07340,0.20346
0.12378,0.09001,0.27549,0.05537,0.08158,0.18645,0.06535,0.12198
0.12353,0.03280,0.16084,0.04204,0.09601,0.17267,0.05939,0.31273
0.11101,0.11001,0.12576,0.11524,0.07273,0.24343,0.06748,0.15434
0.10911,0.05808,0.20205,0.04022,0.03812,0.14202,0.10001,0.31039
0.08406,0.05739,0.13544,0.03888,0.04420,0.08236,0.08064,0.47702
0.11017,0.04778,0.13762,0.07873,0.07187,0.24055,0.06402,0.24925
0.09656,0.04676,0.40562,0.04073,0.08675,0.17533,0.06132,0.08694
0.07199,0.05041,0.36583,0.03269,0.04012,0.09430,0.07777,0.26688
0.13999,0.07268,0.16438,0.04970,0.11304,0.17625,0.05976,0.22419
0.07767,0.15868,0.12378,0.07778,0.19758,0.23096,0.05393,0.07961
0.09576,0.06307,0.21160,0.04761,0.07093,0.22316,0.07999,0.20789
0.23808,0.03715,0.19490,0.03185,0.04932,0.24635,0.06997,0.13237
0.13105,0.05376,0.10523,0.02862,0.04327,0.24858,0.05415,0.33534
0.06397,0.28008,0.18940,0.04882,0.03832,0.15325,0.06814,0.15803
0.22638,0.04346,0.14124,0.04325,0.05673,0.18273,0.06671,0.23950
0.12203,0.07837,0.16773,0.04663,0.10049,0.13678,0.12431,0.22367
0.08586,0.15697,0.17476,0.07143,0.03569,0.18633,0.12145,0.16750
0.06599,0.27775,0.20252,0.10935,0.03738,0.11617,0.13200,0.05883
0.17768,0.05444,0.08988,0.12450,0.10610,0.11192,0.15061,0.18487
0.09468,0.04554,0.31351,0.03505,0.03499,0.25378,0.08665,0.13581
0.06074,0.21411,0.18154,0.08351,0.03454,0.07519,0.09545,0.25492
0.09555,0.06034,0.25035,0.05185,0.07534,0.22707,0.14715,0.09235
0.18053,0.05896,0.10233,0.17411,0.04855,0.13768,0.05800,0.23984
0.11378,0.09262,0.13532,0.03631,0.03465,0.14426,0.10974,0.33332
0.08124,0.09207,0.20981,0.03119,0.03151,0.21987,0.08717,0.24714
0.06994,0.06796,0.21059,0.04437,0.05323,0.28441,0.07440,0.19510
0.17647,0.06466,0.25253,0.05185,0.04786,0.15980,0.07404,0.17279
0.11760,0.04658,0.25701,0.02496,0.03049,0.24716,0.06041,0.21579
0.09551,0.08118,0.24996,0.03870,0.12570,0.18265,0.07919,0.14712
0.09667,0.06639,0.11926,0.04720,0.04409,0.17473,0.05282,0.39884
0.10756,0.07669,0.30918,0.06536,0.05730,0.15552,0.07900,0.14940
0.07312,0.04339,0.22181,0.04613,0.03112,0.06087,0.24044,0.28312
0.05741,0.25471,0.11421,0.11419,0.03051,0.06051,0.16790,0.20056
0.10767,0.07496,0.20058,0.11353,0.11643,0.11083,0.17190,0.10410
0.05108,0.05663,0.34784,0.03435,0.04641,0.12904,0.12797,0.20667
0.10907,0.05486,0.34417,0.03438,0.06223,0.18141,0.12616,0.08772
0.12356,0.04181,0.20103,0.02066,0.03140,0.39726,0.05069,0.13358
0.14646,0.04310,0.12070,0.03051,0.03231,0.22954,0.12300,0.27438
0.17108,0.06007,0.13530,0.08429,0.04348,0.07517,0.29706,0.13355
0.15642,0.05583,0.25326,0.04137,0.10531,0.19525,0.06063,0.13192
0.17591,0.15861,0.10082,0.04709,0.06969,0.06796,0.24037,0.13955
0.11913,0.03952,0.18344,0.03464,0.07086,0.29903,0.05258,0.20080
0.20125,0.07399,0.08528,0.06391,0.07673,0.07806,0.13341,0.28738
0.06974,0.14302,0.10074,0.06118,0.02538,0.11111,0.08106,0.40776
0.13704,0.04931,0.10258,0.06513,0.06326,0.23047,0.04925,0.30296
0.11392,0.06359,0.25934,0.03697,0.03514,0.14093,0.06586,0.28425
0.09363,0.04176,0.32465,0.04764,0.06953,0.14137,0.06931,0.21210
0.08958,0.07778,0.20989,0.04240,0.02333,0.11640,0.23233,0.20829
0.16231,0.06149,0.04698,0.04518,0.04906,0.05785,0.23413,0.34300
0.09646,0.04528,0.23178,0.02117,0.02653,0.35463,0.06915,0.15498
0.07697,0.07747,0.23980,0.04214,0.08844,0.19640,0.07654,0.20223
0.10839,0.15896,0.17568,0.06438,0.04484,0.20218,0.10713,0.13845
0.15187,0.04088,0.22024,0.03605,0.03451,0.20761,0.10200,0.20684
0.08368,0.19213,0.15690,0.09181,0.06911,0.12537,0.16979,0.11121
0.25441,0.05601,0.11926,0.08109,0.05336,0.17957,0.10094,0.15536
0.10567,0.08364,0.06034,0.08615,0.06496,0.05484,0.14948,0.39492
0.18561,0.05770,0.14475,0.05716,0.03133,0.17085,0.25397,0.09863
0.08320,0.24037,0.14969,0.09811,0.04749,0.11641,0.06715,0.19759
0.12661,0.03353,0.21447,0.06893,0.22584,0.11736,0.08259,0.13068
0.08362,0.07169,0.26584,0.04207,0.06819,0.27176,0.07456,0.12228
0.11382,0.05066,0.14702,0.06694,0.04804,0.16961,0.09276,0.31114
0.04835,0.33352,0.15512,0.20402,0.04013,0.07174,0.04541,0.10171
0.13429,0.03740,0.16489,0.02076,0.04967,0.29322,0.05835,0.24141
0.04651,0.26341,0.13611,0.09981,0.02288,0.06990,0.17727,0.18411
0.10426,0.05650,0.21194,0.10021,0.08647,0.18300,0.06515,0.19247
0.11350,0.06732,0.16507,0.10014,0.03177,0.15294,0.13797,0.23130
0.09544,0.04918,0.27855,0.03106,0.02869,0.23718,0.16409,0.11580
0.09823,0.03740,0.16818,0.02821,0.04436,0.26660,0.05007,0.30695
0.10204,0.07728,0.11738,0.05073,0.03705,0.07025,0.34250,0.20277
0.14077,0.10592,0.13809,0.04011,0.03311,0.25305,0.07001,0.21894
0.07317,0.10615,0.30050,0.08815,0.02889,0.07164,0.19539,0.13609
0.11091,0.05049,0.27708,0.04946,0.06865,0.27907,0.09703,0.06731
0.13173,0.08001,0.23332,0.05524,0.06576,0.17478,0.07899,0.18017
0.12669,0.08777,0.19413,0.02777,0.02169,0.22719,0.12619,0.18858
0.07153,0.33980,0.15133,0.06690,0.07190,0.11261,0.05744,0.12849
0.10994,0.08320,0.20320,0.10354,0.05336,0.10904,0.14267,0.19505
0.15956,0.03340,0.18865,0.03659,0.11808,0.20655,0.09013,0.16705
0.06863,0.09311,0.20379,0.04223,0.06566,0.18766,0.05105,0.28787
0.08118,0.03330,0.21797,0.02418,0.04770,0.31310,0.05259,0.22998
0.09885,0.07390,0.25844,0.07453,0.11575,0.16101,0.04091,0.17661
0.17031,0.04543,0.18752,0.03270,0.07431,0.24964,0.05692,0.18316
0.11641,0.05084,0.18637,0.02959,0.10544,0.10714,0.07207,0.33214
0.05485,0.21516,0.17692,0.16778,0.02955,0.07566,0.11841,0.16168
0.08459,0.14675,0.15704,0.15736,0.05268,0.16361,0.09619,0.14178
0.11718,0.04372,0.28803,0.02224,0.02808,0.32712,0.08250,0.09115
