0.00000,0.00000,0.00000,0.00000,0.00000,0.00000,0.00000,0.00000,0.42928,0.00154,0.00000,0.00000,0.56917,0.00000
0.00000,0.00000,0.00000,0.00000,0.00000,0.00000,0.00000,0.00000,0.00000,0.00000,0.60513,0.00018,0.39466,0.00003
0.00000,0.00000,0.00000,0.00000,0.00000,0.00000,0.00000,0.00000,0.00000,0.00000,0.52846,0.00015,0.45642,0.01498
0.00000,0.00000,0.00000,0.00000,0.30474,0.01182,0.00000,0.00000,0.00000,0.00000,0.00000,0.00000,0.67505,0.00839
0.00000,0.00000,0.00000,0.00000,0.23474,0.00006,0.00000,0.00000,0.00000,0.00000,0.00000,0.00000,0.76425,0.00094
0.00000,0.00000,0.33077,0.00004,0.00000,0.00000,0.00000,0.00000,0.00000,0.00000,0.00000,0.00000,0.65848,0.01071
0.00000,0.00000,0.00000,0.00000,0.00000,0.00000,0.00000,0.00000,0.00000,0.00000,0.28091,0.02015,0.69894,0.00000
0.00000,0.00000,0.00000,0.00000,0.57880,0.05759,0.00000,0.00000,0.00000,0.00000,0.00000,0.00000,0.36362,0.00000
0.00000,0.00000,0.00000,0.00000,0.00000,0.00000,0.29160,0.00441,0.00000,0.00000,0.00000,0.00000,0.70359,0.00040
0.00000,0.00000,0.00000,0.00000,0.00000,0.00000,0.00000,0.00000,0.00000,0.00000,0.49174,0.08111,0.42715,0.00000
0.00000,0.00000,0.00000,0.00000,0.35112,0.18397,0.00000,0.00000,0.00000,0.00000,0.00000,0.00000,0.46488,0.00003
0.00000,0.00000,0.08448,0.00085,0.00000,0.00000,0.00000,0.00000,0.00000,0.00000,0.00000,0.00000,0.91466,0.00000
0.00000,0.00000,0.29156,0.00004,0.00000,0.00000,0.00000,0.00000,0.00000,0.00000,0.00000,0.00000,0.69413,0.01426
0.13680,0.14098,0.00000,0.00000,0.00000,0.00000,0.00000,0.00000,0.00000,0.00000,0.00000,0.00000,0.72221,0.00001
0.00000,0.00000,0.00000,0.00000,0.45831,0.00049,0.00000,0.00000,0.00000,0.00000,0.00000,0.00000,0.53543,0.00578
0.00000,0.00000,0.00000,0.00000,0.00000,0.00000,0.22911,0.00316,0.00000,0.00000,0.00000,0.00000,0.76773,0.00000
0.00000,0.00000,0.00000,0.00000,0.00000,0.00000,0.25866,0.00000,0.00000,0.00000,0.00000,0.00000,0.74052,0.00083
0.00000,0.00000,0.00000,0.00000,0.33409,0.00521,0.00000,0.00000,0.00000,0.00000,0.00000,0.00000,0.66070,0.00000
0.00000,0.00000,0.47060,0.02615,0.00000,0.00000,0.00000,0.00000,0.00000,0.00000,0.00000,0.00000,0.50324,0.00000
0.00000,0.00000,0.36642,0.00098,0.00000,0.00000,0.00000,0.00000,0.00000,0.00000,0.00000,0.00000,0.63258,0.00002
0.00000,0.00000,0.00000,0.00000,0.00000,0.00000,0.00000,0.00000,0.00000,0.00000,0.11152,0.05211,0.83637,0.00000
0.00000,0.00000,0.00000,0.00000,0.31590,0.02416,0.00000,0.00000,0.00000,0.00000,0.00000,0.00000,0.65995,0.00000
0.00000,0.00000,0.00000,0.00000,0.36215,0.04275,0.00000,0.00000,0.00000,0.00000,0.00000,0.00000,0.59508,0.00001
0.51138,0.00000,0.00000,0.00000,0.00000,0.00000,0.00000,0.00000,0.00000,0.00000,0.00000,0.00000,0.48862,0.00000
0.00000,0.00000,0.00000,0.00000,0.15652,0.04370,0.00000,0.00000,0.00000,0.00000,0.00000,0.00000,0.79978,0.00000
0.00000,0.00000,0.19590,0.16645,0.00000,0.00000,0.00000,0.00000,0.00000,0.00000,0.00000,0.00000,0.63722,0.00043
0.00000,0.00000,0.00000,0.00000,0.00000,0.00000,0.00000,0.00000,0.26004,0.00172,0.00000,0.00000,0.73825,0.00000
0.00000,0.00000,0.00000,0.00000,0.00000,0.00000,0.00000,0.00000,0.00000,0.00000,0.35958,0.00008,0.64034,0.00000
0.00000,0.00000,0.44367,0.02443,0.00000,0.00000,0.00000,0.00000,0.00000,0.00000,0.00000,0.00000,0.53133,0.00058
0.00000,0.00000,0.00000,0.00000,0.00000,0.00000,0.31764,0.00000,0.00000,0.00000,0.00000,0.00000,0.68236,0.00000
0.00000,0.00000,0.00000,0.00000,0.00000,0.00000,0.35357,0.00006,0.00000,0.00000,0.00000,0.00000,0.64637,0.00000
0.00000,0.00000,0.00000,0.00000,0.00000,0.00000,0.00000,0.00000,0.26251,0.04473,0.00000,0.00000,0.69275,0.00001
0.00000,0.00000,0.00000,0.00000,0.00000,0.00000,0.00000,0.00000,0.11911,0.07522,0.00000,0.00000,0.80567,0.00000
0.00000,0.00000,0.00000,0.00000,0.00000,0.00000,0.45840,0.00110,0.00000,0.00000,0.00000,0.00000,0.54049,0.00001
0.00000,0.00000,0.00000,0.00000,0.00000,0.00000,0.20973,0.00034,0.00000,0.00000,0.00000,0.00000,0.78990,0.00002
0.00000,0.00000,0.00000,0.00000,0.00000,0.00000,0.00000,0.00000,0.00000,0.00000,0.46015,0.00251,0.53734,0.00000
0.00000,0.00000,0.29369,0.05053,0.00000,0.00000,0.00000,0.00000,0.00000,0.00000,0.00000,0.00000,0.65448,0.00130
0.00000,0.00000,0.24999,0.04092,0.00000,0.00000,0.00000,0.00000,0.00000,0.00000,0.00000,0.00000,0.70908,0.00000
0.22683,0.00045,0.00000,0.00000,0.00000,0.00000,0.00000,0.00000,0.00000,0.00000,0.00000,0.00000,0.77167,0.00105
0.00000,0.00000,0.31496,0.00246,0.00000,0.00000,0.00000,0.00000,0.00000,0.00000,0.00000,0.00000,0.68244,0.00015
0.00000,0.00000,0.00000,0.00000,0.00000,0.00000,0.29317,0.04131,0.00000,0.00000,0.00000,0.00000,0.64791,0.01761
0.00000,0.00000,0.00000,0.00000,0.55574,0.00003,0.00000,0.00000,0.00000,0.00000,0.00000,0.00000,0.44412,0.00011
0.00000,0.00000,0.00000,0.00000,0.00000,0.00000,0.00000,0.00000,0.00000,0.00000,0.33400,0.00119,0.66480,0.00000
0.38113,0.02317,0.00000,0.00000,0.00000,0.00000,0.00000,0.00000,0.00000,0.00000,0.00000,0.00000,0.59561,0.00009
0.00000,0.00000,0.00000,0.00000,0.00000,0.00000,0.00000,0.00000,0.37403,0.00275,0.00000,0.00000,0.58386,0.03936
0.00000,0.00000,0.00000,0.00000,0.00000,0.00000,0.00000,0.00000,0.21440,0.00062,0.00000,0.00000,0.76285,0.02213
0.00000,0.00000,0.00000,0.00000,0.61579,0.04580,0.00000,0.00000,0.00000,0.00000,0.00000,0.00000,0.33841,0.00000
0.24189,0.00056,0.00000,0.00000,0.00000,0.00000,0.00000,0.00000,0.00000,0.00000,0.00000,0.00000,0.75755,0.00000
0.40419,0.00367,0.00000,0.00000,0.00000,0.00000,0.00000,0.00000,0.00000,0.00000,0.00000,0.00000,0.43392,0.15822
0.00000,0.00000,0.13272,0.04181,0.00000,0.00000,0.00000,0.00000,0.00000,0.00000,0.00000,0.00000,0.82547,0.00000
0.00000,0.00000,0.00000,0.00000,0.00000,0.00000,0.34200,0.02529,0.00000,0.00000,0.00000,0.00000,0.63270,0.00000
0.00000,0.00000,0.30149,0.00324,0.00000,0.00000,0.00000,0.00000,0.00000,0.00000,0.00000,0.00000,0.68610,0.00916
0.00000,0.00000,0.00000,0.00000,0.00000,0.00000,0.00000,0.00000,0.00000,0.00000,0.51857,0.00000,0.48143,0.00000
0.36547,0.19669,0.00000,0.00000,0.00000,0.00000,0.00000,0.00000,0.00000,0.00000,0.00000,0.00000,0.43784,0.00000
0.00000,0.00000,0.00000,0.00000,0.33847,0.00677,0.00000,0.00000,0.00000,0.00000,0.00000,0.00000,0.65370,0.00106
0.34169,0.04534,0.00000,0.00000,0.00000,0.00000,0.00000,0.00000,0.00000,0.00000,0.00000,0.00000,0.61297,0.00000
0.10406,0.07216,0.00000,0.00000,0.00000,0.00000,0.00000,0.00000,0.00000,0.00000,0.00000,0.00000,0.82377,0.00000
0.00000,0.00000,0.00000,0.00000,0.00000,0.00000,0.00000,0.00000,0.00000,0.00000,0.20239,0.36908,0.42853,0.00000
0.00000,0.00000,0.00000,0.00000,0.19170,0.00000,0.00000,0.00000,0.00000,0.00000,0.00000,0.00000,0.80830,0.00000
0.51582,0.00019,0.00000,0.00000,0.00000,0.00000,0.00000,0.00000,0.00000,0.00000,0.00000,0.00000,0.47933,0.00466
0.00000,0.00000,0.00000,0.00000,0.00000,0.00000,0.00000,0.00000,0.28719,0.00002,0.00000,0.00000,0.63513,0.07767
0.00000,0.00000,0.00000,0.00000,0.00000,0.00000,0.00000,0.00000,0.26644,0.00167,0.00000,0.00000,0.73178,0.00011
0.29543,0.00164,0.00000,0.00000,0.00000,0.00000,0.00000,0.00000,0.00000,0.00000,0.00000,0.00000,0.70293,0.00000
0.23879,0.00470,0.00000,0.00000,0.00000,0.00000,0.00000,0.00000,0.00000,0.00000,0.00000,0.00000,0.75651,0.00000
0.20794,0.01415,0.00000,0.00000,0.00000,0.00000,0.00000,0.00000,0.00000,0.00000,0.00000,0.00000,0.77791,0.00000
0.00000,0.00000,0.22472,0.01708,0.00000,0.00000,0.00000,0.00000,0.00000,0.00000,0.00000,0.00000,0.71621,0.04198
0.00000,0.00000,0.22843,0.00738,0.00000,0.00000,0.00000,0.00000,0.00000,0.00000,0.00000,0.00000,0.76419,0.00000
0.00000,0.00000,0.00000,0.00000,0.00000,0.00000,0.26927,0.00008,0.00000,0.00000,0.00000,0.00000,0.73057,0.00008
0.00000,0.00000,0.37190,0.10065,0.00000,0.00000,0.00000,0.00000,0.00000,0.00000,0.00000,0.00000,0.52742,0.00003
0.00000,0.00000,0.13440,0.01393,0.00000,0.00000,0.00000,0.00000,0.00000,0.00000,0.00000,0.00000,0.85156,0.00011
0.00000,0.00000,0.00000,0.00000,0.13403,0.02636,0.00000,0.00000,0.00000,0.00000,0.00000,0.00000,0.83961,0.00000
0.00000,0.00000,0.00000,0.00000,0.00000,0.00000,0.00000,0.00000,0.39723,0.26635,0.00000,0.00000,0.33522,0.00119
0.00000,0.00000,0.00000,0.00000,0.00000,0.00000,0.00000,0.00000,0.00000,0.00000,0.33418,0.00234,0.66347,0.00000
0.27114,0.00512,0.00000,0.00000,0.00000,0.00000,0.00000,0.00000,0.00000,0.00000,0.00000,0.00000,0.72374,0.00000
0.00000,0.00000,0.00000,0.00000,0.00000,0.00000,0.38773,0.10969,0.00000,0.00000,0.00000,0.00000,0.50258,0.00000
0.00000,0.00000,0.00000,0.00000,0.00000,0.00000,0.00000,0.00000,0.00000,0.00000,0.53738,0.00002,0.44241,0.02019
0.21403,0.00000,0.00000,0.00000,0.00000,0.00000,0.00000,0.00000,0.00000,0.00000,0.00000,0.00000,0.66939,0.11658
0.00000,0.00000,0.00000,0.00000,0.00000,0.00000,0.08983,0.11553,0.00000,0.00000,0.00000,0.00000,0.79464,0.00000
0.16986,0.03034,0.00000,0.00000,0.00000,0.00000,0.00000,0.00000,0.00000,0.00000,0.00000,0.00000,0.79975,0.00006
0.00000,0.00000,0.11137,0.00907,0.00000,0.00000,0.00000,0.00000,0.00000,0.00000,0.00000,0.00000,0.87893,0.00064
0.00000,0.00000,0.00000,0.00000,0.00000,0.00000,0.00000,0.00000,0.18368,0.00490,0.00000,0.00000,0.81141,0.00000
0.00000,0.00000,0.00000,0.00000,0.00000,0.00000,0.59439,0.03254,0.00000,0.00000,0.00000,0.00000,0.37307,0.00000
0.00000,0.00000,0.00000,0.00000,0.29372,0.11477,0.00000,0.00000,0.00000,0.00000,0.00000,0.00000,0.59152,0.00000
0.00000,0.00000,0.00000,0.00000,0.00000,0.00000,0.00000,0.00000,0.00000,0.00000,0.09073,0.02460,0.88410,0.00057
0.00000,0.00000,0.00000,0.00000,0.36145,0.06456,0.00000,0.00000,0.00000,0.00000,0.00000,0.00000,0.57399,0.00000
0.00000,0.00000,0.00000,0.00000,0.00000,0.00000,0.63846,0.00002,0.00000,0.00000,0.00000,0.00000,0.36152,0.00000
0.16635,0.00036,0.00000,0.00000,0.00000,0.00000,0.00000,0.00000,0.00000,0.00000,0.00000,0.00000,0.83329,0.00000
0.00000,0.00000,0.18550,0.00000,0.00000,0.00000,0.00000,0.00000,0.00000,0.00000,0.00000,0.00000,0.75985,0.05465
0.51074,0.00777,0.00000,0.00000,0.00000,0.00000,0.00000,0.00000,0.00000,0.00000,0.00000,0.00000,0.48148,0.00000
0.35609,0.00381,0.00000,0.00000,0.00000,0.00000,0.00000,0.00000,0.00000,0.00000,0.00000,0.00000,0.63757,0.00253
0.00000,0.00000,0.00000,0.00000,0.19070,0.00000,0.00000,0.00000,0.00000,0.00000,0.00000,0.00000,0.80930,0.00000
0.00000,0.00000,0.00000,0.00000,0.40795,0.00013,0.00000,0.00000,0.00000,0.00000,0.00000,0.00000,0.59074,0.00118
0.00000,0.00000,0.00000,0.00000,0.50169,0.00258,0.00000,0.00000,0.00000,0.00000,0.00000,0.00000,0.49520,0.00053
0.00000,0.00000,0.00000,0.00000,0.00000,0.00000,0.23571,0.00608,0.00000,0.00000,0.00000,0.00000,0.75804,0.00017
0.00000,0.00000,0.00000,0.00000,0.00000,0.00000,0.00000,0.00000,0.00000,0.00000,0.39721,0.00006,0.60272,0.00000
0.00000,0.00000,0.00000,0.00000,0.00000,0.00000,0.00000,0.00000,0.29596,0.01424,0.00000,0.00000,0.68040,0.00940
0.00000,0.00000,0.00000,0.00000,0.00000,0.00000,0.00000,0.00000,0.63701,0.02156,0.00000,0.00000,0.34104,0.00039
0.00000,0.00000,0.00000,0.00000,0.00000,0.00000,0.00000,0.00000,0.00000,0.00000,0.45043,0.00342,0.54605,0.00010
0.26802,0.00170,0.00000,0.00000,0.00000,0.00000,0.00000,0.00000,0.00000,0.00000,0.00000,0.00000,0.73011,0.00017
0.16575,0.09033,0.00000,0.00000,0.00000,0.00000,0.00000,0.00000,0.00000,0.00000,0.00000,0.00000,0.74392,0.00000
0.00000,0.00000,0.00000,0.00000,0.12431,0.00378,0.00000,0.00000,0.00000,0.00000,0.00000,0.00000,0.85084,0.02107
0.00000,0.00000,0.00000,0.00000,0.00000,0.00000,0.00000,0.00000,0.40245,0.00851,0.00000,0.00000,0.58877,0.00027
0.00000,0.00000,0.32826,0.12198,0.00000,0.00000,0.00000,0.00000,0.00000,0.00000,0.00000,0.00000,0.50761,0.04215
0.00000,0.00000,0.00000,0.00000,0.00000,0.00000,0.00000,0.00000,0.00000,0.00000,0.42522,0.02318,0.55160,0.00000
0.00000,0.00000,0.00000,0.00000,0.00000,0.00000,0.00000,0.00000,0.00000,0.00000,0.60239,0.01756,0.38005,0.00000
0.00000,0.00000,0.00000,0.00000,0.00000,0.00000,0.00000,0.00000,0.48812,0.06144,0.00000,0.00000,0.45044,0.00000
0.00000,0.00000,0.00000,0.00000,0.00000,0.00000,0.00000,0.00000,0.38271,0.00096,0.00000,0.00000,0.60607,0.01026
0.00000,0.00000,0.30646,0.09270,0.00000,0.00000,0.00000,0.00000,0.00000,0.00000,0.00000,0.00000,0.60063,0.00021
0.00000,0.00000,0.00000,0.00000,0.28518,0.00045,0.00000,0.00000,0.00000,0.00000,0.00000,0.00000,0.71438,0.00000
0.00000,0.00000,0.00000,0.00000,0.00000,0.00000,0.12919,0.01174,0.00000,0.00000,0.00000,0.00000,0.85907,0.00000
0.00000,0.00000,0.00000,0.00000,0.00000,0.00000,0.00000,0.00000,0.00000,0.00000,0.32619,0.01156,0.66027,0.00199
0.29757,0.09945,0.00000,0.00000,0.00000,0.00000,0.00000,0.00000,0.00000,0.00000,0.00000,0.00000,0.53010,0.07287
0.00000,0.00000,0.14063,0.14877,0.00000,0.00000,0.00000,0.00000,0.00000,0.00000,0.00000,0.00000,0.71060,0.00000
0.00000,0.00000,0.00000,0.00000,0.00000,0.00000,0.00000,0.00000,0.00000,0.00000,0.22773,0.00874,0.76353,0.00000
0.00000,0.00000,0.00000,0.00000,0.00000,0.00000,0.18214,0.11010,0.00000,0.00000,0.00000,0.00000,0.68575,0.02201
0.00000,0.00000,0.00000,0.00000,0.00000,0.00000,0.00000,0.00000,0.00000,0.00000,0.17740,0.00252,0.81962,0.00045
0.00000,0.00000,0.17746,0.02868,0.00000,0.00000,0.00000,0.00000,0.00000,0.00000,0.00000,0.00000,0.79377,0.00009
0.00000,0.00000,0.28873,0.00166,0.00000,0.00000,0.00000,0.00000,0.00000,0.00000,0.00000,0.00000,0.70961,0.00000
0.00000,0.00000,0.64534,0.09920,0.00000,0.00000,0.00000,0.00000,0.00000,0.00000,0.00000,0.00000,0.25540,0.00006
0.00000,0.00000,0.00000,0.00000,0.48490,0.00336,0.00000,0.00000,0.00000,0.00000,0.00000,0.00000,0.51174,0.00000
0.00000,0.00000,0.00000,0.00000,0.00000,0.00000,0.00000,0.00000,0.23446,0.01268,0.00000,0.00000,0.75234,0.00052
0.00000,0.00000,0.00000,0.00000,0.00000,0.00000,0.00000,0.00000,0.18874,0.34858,0.00000,0.00000,0.46268,0.00000
0.00000,0.00000,0.22544,0.00158,0.00000,0.00000,0.00000,0.00000,0.00000,0.00000,0.00000,0.00000,0.77298,0.00000
0.00000,0.00000,0.00000,0.00000,0.13295,0.02699,0.00000,0.00000,0.00000,0.00000,0.00000,0.00000,0.84006,0.00000
0.00000,0.00000,0.00000,0.00000,0.00000,0.00000,0.00000,0.00000,0.50023,0.00006,0.00000,0.00000,0.49971,0.00000
0.34044,0.00065,0.00000,0.00000,0.00000,0.00000,0.00000,0.00000,0.00000,0.00000,0.00000,0.00000,0.65891,0.00000
0.08507,0.00013,0.00000,0.00000,0.00000,0.00000,0.00000,0.00000,0.00000,0.00000,0.00000,0.00000,0.91020,0.00460
0.21482,0.12739,0.00000,0.00000,0.00000,0.00000,0.00000,0.00000,0.00000,0.00000,0.00000,0.00000,0.65753,0.00026
0.00000,0.00000,0.00000,0.00000,0.00000,0.00000,0.00000,0.00000,0.00000,0.00000,0.43572,0.01410,0.54561,0.00458
0.00000,0.00000,0.00000,0.00000,0.00000,0.00000,0.28553,0.00107,0.00000,0.00000,0.00000,0.00000,0.71340,0.00001
0.00000,0.00000,0.25849,0.00014,0.00000,0.00000,0.00000,0.00000,0.00000,0.00000,0.00000,0.00000,0.74067,0.00070
0.00000,0.00000,0.38056,0.00014,0.00000,0.00000,0.00000,0.00000,0.00000,0.00000,0.00000,0.00000,0.61930,0.00000
0.00000,0.00000,0.42094,0.00316,0.00000,0.00000,0.00000,0.00000,0.00000,0.00000,0.00000,0.00000,0.57520,0.00070
0.00000,0.00000,0.00000,0.00000,0.19910,0.00032,0.00000,0.00000,0.00000,0.00000,0.00000,0.00000,0.79511,0.00547
0.00000,0.00000,0.35934,0.01501,0.00000,0.00000,0.00000,0.00000,0.00000,0.00000,0.00000,0.00000,0.62565,0.00000
0.00000,0.00000,0.00000,0.00000,0.00000,0.00000,0.00000,0.00000,0.00000,0.00000,0.27426,0.00207,0.72367,0.00000
0.00000,0.00000,0.00000,0.00000,0.00000,0.00000,0.00000,0.00000,0.06520,0.00771,0.00000,0.00000,0.90196,0.02513
0.30870,0.00117,0.00000,0.00000,0.00000,0.00000,0.00000,0.00000,0.00000,0.00000,0.00000,0.00000,0.69012,0.00000
0.00000,0.00000,0.00000,0.00000,0.00000,0.00000,0.00000,0.00000,0.00000,0.00000,0.41760,0.00025,0.58215,0.00000
0.46378,0.02310,0.00000,0.00000,0.00000,0.00000,0.00000,0.00000,0.00000,0.00000,0.00000,0.00000,0.51311,0.00001
0.00000,0.00000,0.00000,0.00000,0.00000,0.00000,0.00000,0.00000,0.00000,0.00000,0.22025,0.04892,0.73082,0.00000
0.00000,0.00000,0.00000,0.00000,0.00000,0.00000,0.00000,0.00000,0.00000,0.00000,0.60116,0.07047,0.32828,0.00010
0.00000,0.00000,0.00000,0.00000,0.00000,0.00000,0.42006,0.00076,0.00000,0.00000,0.00000,0.00000,0.57919,0.00000
0.00000,0.00000,0.00000,0.00000,0.00000,0.00000,0.19843,0.00708,0.00000,0.00000,0.00000,0.00000,0.79434,0.00015
0.00000,0.00000,0.63369,0.01627,0.00000,0.00000,0.00000,0.00000,0.00000,0.00000,0.00000,0.00000,0.35005,0.00000
0.00000,0.00000,0.00000,0.00000,0.07252,0.00128,0.00000,0.00000,0.00000,0.00000,0.00000,0.00000,0.92615,0.00005
0.00000,0.00000,0.00000,0.00000,0.00000,0.00000,0.00000,0.00000,0.33365,0.00082,0.00000,0.00000,0.66552,0.00001
0.48254,0.05642,0.00000,0.00000,0.00000,0.00000,0.00000,0.00000,0.00000,0.00000,0.00000,0.00000,0.46104,0.00000
0.00000,0.00000,0.22825,0.05853,0.00000,0.00000,0.00000,0.00000,0.00000,0.00000,0.00000,0.00000,0.71322,0.00000
0.00000,0.00000,0.16480,0.09022,0.00000,0.00000,0.00000,0.00000,0.00000,0.00000,0.00000,0.00000,0.74496,0.00003
0.00000,0.00000,0.00000,0.00000,0.00000,0.00000,0.00000,0.00000,0.00000,0.00000,0.48101,0.01629,0.50270,0.00000
0.00000,0.00000,0.00000,0.00000,0.00000,0.00000,0.00000,0.00000,0.00000,0.00000,0.16870,0.00003,0.83128,0.00000
0.33495,0.02581,0.00000,0.00000,0.00000,0.00000,0.00000,0.00000,0.00000,0.00000,0.00000,0.00000,0.63923,0.00001
0.00000,0.00000,0.00000,0.00000,0.00000,0.00000,0.19583,0.04119,0.00000,0.00000,0.00000,0.00000,0.76298,0.00000
0.00000,0.00000,0.00000,0.00000,0.40584,0.00023,0.00000,0.00000,0.00000,0.00000,0.00000,0.00000,0.59393,0.00000
0.23448,0.00439,0.00000,0.00000,0.00000,0.00000,0.00000,0.00000,0.00000,0.00000,0.00000,0.00000,0.76114,0.00000
0.00000,0.00000,0.00000,0.00000,0.00000,0.00000,0.59915,0.00021,0.00000,0.00000,0.00000,0.00000,0.40064,0.00000
0.00000,0.00000,0.45239,0.00550,0.00000,0.00000,0.00000,0.00000,0.00000,0.00000,0.00000,0.00000,0.54211,0.00000
0.00000,0.00000,0.00000,0.00000,0.00000,0.00000,0.00000,0.00000,0.00000,0.00000,0.07484,0.05690,0.66247,0.20579
0.00000,0.00000,0.00000,0.00000,0.00000,0.00000,0.00000,0.00000,0.00000,0.00000,0.49860,0.00000,0.50139,0.00001
0.00000,0.00000,0.00000,0.00000,0.00000,0.00000,0.37029,0.01883,0.00000,0.00000,0.00000,0.00000,0.61001,0.00087
0.00000,0.00000,0.00000,0.00000,0.00000,0.00000,0.00000,0.00000,0.00000,0.00000,0.37765,0.02221,0.60014,0.00000
0.00000,0.00000,0.00000,0.00000,0.00000,0.00000,0.21732,0.00004,0.00000,0.00000,0.00000,0.00000,0.78179,0.00085
0.00000,0.00000,0.00000,0.00000,0.00000,0.00000,0.00000,0.00000,0.13102,0.00762,0.00000,0.00000,0.86094,0.00042
0.18643,0.01837,0.00000,0.00000,0.00000,0.00000,0.00000,0.00000,0.00000,0.00000,0.00000,0.00000,0.41512,0.38008
0.59680,0.00002,0.00000,0.00000,0.00000,0.00000,0.00000,0.00000,0.00000,0.00000,0.00000,0.00000,0.39866,0.00452
0.00000,0.00000,0.14604,0.00784,0.00000,0.00000,0.00000,0.00000,0.00000,0.00000,0.00000,0.00000,0.84613,0.00000
0.00000,0.00000,0.00000,0.00000,0.00000,0.00000,0.00000,0.00000,0.28023,0.00191,0.00000,0.00000,0.71786,0.00000
0.00000,0.00000,0.18886,0.01877,0.00000,0.00000,0.00000,0.00000,0.00000,0.00000,0.00000,0.00000,0.79237,0.00000
0.00000,0.00000,0.21186,0.07173,0.00000,0.00000,0.00000,0.00000,0.00000,0.00000,0.00000,0.00000,0.71641,0.00000
0.00000,0.00000,0.37161,0.01937,0.00000,0.00000,0.00000,0.00000,0.00000,0.00000,0.00000,0.00000,0.60811,0.00091
0.00000,0.00000,0.00000,0.00000,0.25496,0.02123,0.00000,0.00000,0.00000,0.00000,0.00000,0.00000,0.71605,0.00777
0.00000,0.00000,0.00000,0.00000,0.00000,0.00000,0.00000,0.00000,0.00000,0.00000,0.25945,0.00020,0.74035,0.00000
0.00000,0.00000,0.00000,0.00000,0.00000,0.00000,0.00000,0.00000,0.33075,0.00000,0.00000,0.00000,0.66925,0.00000
0.00000,0.00000,0.00000,0.00000,0.45638,0.00264,0.00000,0.00000,0.00000,0.00000,0.00000,0.00000,0.54099,0.00000
0.00000,0.00000,0.00000,0.00000,0.00000,0.00000,0.37978,0.05441,0.00000,0.00000,0.00000,0.00000,0.56581,0.00000
0.00000,0.00000,0.00000,0.00000,0.26127,0.00000,0.00000,0.00000,0.00000,0.00000,0.00000,0.00000,0.73873,0.00001
0.00000,0.00000,0.18919,0.00313,0.00000,0.00000,0.00000,0.00000,0.00000,0.00000,0.00000,0.00000,0.80476,0.00292
0.47502,0.01393,0.00000,0.00000,0.00000,0.00000,0.00000,0.00000,0.00000,0.00000,0.00000,0.00000,0.51106,0.00000
0.00000,0.00000,0.00000,0.00000,0.00000,0.00000,0.29662,0.00009,0.00000,0.00000,0.00000,0.00000,0.70330,0.00000
0.00000,0.00000,0.00000,0.00000,0.00000,0.00000,0.00000,0.00000,0.00000,0.00000,0.23214,0.00337,0.76449,0.00000
0.24934,0.36142,0.00000,0.00000,0.00000,0.00000,0.00000,0.00000,0.00000,0.00000,0.00000,0.00000,0.38923,0.00001
0.42544,0.00249,0.00000,0.00000,0.00000,0.00000,0.00000,0.00000,0.00000,0.00000,0.00000,0.00000,0.57206,0.00002
0.00000,0.00000,0.00000,0.00000,0.00000,0.00000,0.00000,0.00000,0.00000,0.00000,0.39300,0.03752,0.56948,0.00000
0.36829,0.01288,0.00000,0.00000,0.00000,0.00000,0.00000,0.00000,0.00000,0.00000,0.00000,0.00000,0.61883,0.00000
0.29356,0.00012,0.00000,0.00000,0.00000,0.00000,0.00000,0.00000,0.00000,0.00000,0.00000,0.00000,0.70632,0.00000
0.00000,0.00000,0.00000,0.00000,0.00000,0.00000,0.36495,0.05970,0.00000,0.00000,0.00000,0.00000,0.57529,0.00006
0.00000,0.00000,0.00000,0.00000,0.00000,0.00000,0.58733,0.00323,0.00000,0.00000,0.00000,0.00000,0.40683,0.00261
0.48358,0.00587,0.00000,0.00000,0.00000,0.00000,0.00000,0.00000,0.00000,0.00000,0.00000,0.00000,0.51055,0.00000
0.00000,0.00000,0.00000,0.00000,0.00000,0.00000,0.14361,0.00002,0.00000,0.00000,0.00000,0.00000,0.85609,0.00028
0.00000,0.00000,0.00000,0.00000,0.00000,0.00000,0.00000,0.00000,0.00000,0.00000,0.22733,0.00247,0.76987,0.00033
0.00000,0.00000,0.00000,0.00000,0.00000,0.00000,0.09715,0.00391,0.00000,0.00000,0.00000,0.00000,0.89882,0.00012
0.00000,0.00000,0.00000,0.00000,0.00000,0.00000,0.00000,0.00000,0.58945,0.07465,0.00000,0.00000,0.32154,0.01436
0.00000,0.00000,0.00000,0.00000,0.15513,0.00560,0.00000,0.00000,0.00000,0.00000,0.00000,0.00000,0.83927,0.00000
0.00000,0.00000,0.00000,0.00000,0.00000,0.00000,0.00000,0.00000,0.43443,0.00496,0.00000,0.00000,0.56060,0.00001
0.00000,0.00000,0.00000,0.00000,0.00000,0.00000,0.45985,0.04881,0.00000,0.00000,0.00000,0.00000,0.49134,0.00000
0.00000,0.00000,0.00000,0.00000,0.63817,0.00244,0.00000,0.00000,0.00000,0.00000,0.00000,0.00000,0.33305,0.02635
0.00000,0.00000,0.35830,0.00017,0.00000,0.00000,0.00000,0.00000,0.00000,0.00000,0.00000,0.00000,0.64153,0.00000
0.00000,0.00000,0.20304,0.06926,0.00000,0.00000,0.00000,0.00000,0.00000,0.00000,0.00000,0.00000,0.70573,0.02197
0.00000,0.00000,0.00000,0.00000,0.00000,0.00000,0.27946,0.00009,0.00000,0.00000,0.00000,0.00000,0.72043,0.00003
0.00000,0.00000,0.00000,0.00000,0.00000,0.00000,0.00000,0.00000,0.31028,0.05128,0.00000,0.00000,0.63647,0.00198
0.00000,0.00000,0.00000,0.00000,0.00000,0.00000,0.00000,0.00000,0.00000,0.00000,0.30830,0.00119,0.61470,0.07581
0.00000,0.00000,0.16277,0.12289,0.00000,0.00000,0.00000,0.00000,0.00000,0.00000,0.00000,0.00000,0.71434,0.00000
0.00000,0.00000,0.00000,0.00000,0.00000,0.00000,0.37108,0.03114,0.00000,0.00000,0.00000,0.00000,0.59730,0.00047
0.17607,0.00000,0.00000,0.00000,0.00000,0.00000,0.00000,0.00000,0.00000,0.00000,0.00000,0.00000,0.82392,0.00000
0.00000,0.00000,0.00000,0.00000,0.00000,0.00000,0.54866,0.02132,0.00000,0.00000,0.00000,0.00000,0.43001,0.00000
0.00000,0.00000,0.00000,0.00000,0.00000,0.00000,0.00000,0.00000,0.00000,0.00000,0.21449,0.01227,0.75716,0.01608
0.00000,0.00000,0.00000,0.00000,0.00000,0.00000,0.00000,0.00000,0.00000,0.00000,0.26071,0.00516,0.73413,0.00000
0.00000,0.00000,0.00000,0.00000,0.00000,0.00000,0.00000,0.00000,0.00000,0.00000,0.37736,0.00201,0.62063,0.00000
0.30585,0.00005,0.00000,0.00000,0.00000,0.00000,0.00000,0.00000,0.00000,0.00000,0.00000,0.00000,0.69409,0.00000
0.40835,0.00037,0.00000,0.00000,0.00000,0.00000,0.00000,0.00000,0.00000,0.00000,0.00000,0.00000,0.59128,0.00000
0.54284,0.00757,0.00000,0.00000,0.00000,0.00000,0.00000,0.00000,0.00000,0.00000,0.00000,0.00000,0.44959,0.00000
0.00000,0.00000,0.37797,0.12274,0.00000,0.00000,0.00000,0.00000,0.00000,0.00000,0.00000,0.00000,0.49928,0.00000
0.04486,0.00222,0.00000,0.00000,0.00000,0.00000,0.00000,0.00000,0.00000,0.00000,0.00000,0.00000,0.95292,0.00000
0.00000,0.00000,0.00000,0.00000,0.43788,0.14912,0.00000,0.00000,0.00000,0.00000,0.00000,0.00000,0.41300,0.00000
0.00000,0.00000,0.37387,0.00000,0.00000,0.00000,0.00000,0.00000,0.00000,0.00000,0.00000,0.00000,0.62613,0.00000
0.00000,0.00000,0.00000,0.00000,0.00000,0.00000,0.00000,0.00000,0.00000,0.00000,0.40678,0.00018,0.59303,0.00000
0.00000,0.00000,0.00000,0.00000,0.00000,0.00000,0.00000,0.00000,0.00000,0.00000,0.49006,0.01269,0.49724,0.00000
0.00000,0.00000,0.00000,0.00000,0.00000,0.00000,0.20703,0.00001,0.00000,0.00000,0.00000,0.00000,0.57543,0.21753
0.00000,0.00000,0.00000,0.00000,0.00000,0.00000,0.24631,0.00001,0.00000,0.00000,0.00000,0.00000,0.75367,0.00000
0.00000,0.00000,0.00000,0.00000,0.00000,0.00000,0.32941,0.03201,0.00000,0.00000,0.00000,0.00000,0.63859,0.00000
0.00000,0.00000,0.00000,0.00000,0.26372,0.10439,0.00000,0.00000,0.00000,0.00000,0.00000,0.00000,0.61711,0.01478
0.00000,0.00000,0.10989,0.33405,0.00000,0.00000,0.00000,0.00000,0.00000,0.00000,0.00000,0.00000,0.55598,0.00007
0.00000,0.00000,0.15584,0.00012,0.00000,0.00000,0.00000,0.00000,0.00000,0.00000,0.00000,0.00000,0.84402,0.00002
0.00000,0.00000,0.00000,0.00000,0.00000,0.00000,0.00000,0.00000,0.00000,0.00000,0.10532,0.20414,0.69055,0.00000
0.50371,0.03322,0.00000,0.00000,0.00000,0.00000,0.00000,0.00000,0.00000,0.00000,0.00000,0.00000,0.46307,0.00000
0.00000,0.00000,0.00000,0.00000,0.00000,0.00000,0.57825,0.07813,0.00000,0.00000,0.00000,0.00000,0.33571,0.00791
0.00000,0.00000,0.26180,0.03146,0.00000,0.00000,0.00000,0.00000,0.00000,0.00000,0.00000,0.00000,0.70674,0.00000
0.00000,0.00000,0.00000,0.00000,0.00000,0.00000,0.09983,0.00000,0.00000,0.00000,0.00000,0.00000,0.90016,0.00000
0.00000,0.00000,0.00000,0.00000,0.00000,0.00000,0.55272,0.01580,0.00000,0.00000,0.00000,0.00000,0.43149,0.00000
0.00000,0.00000,0.00000,0.00000,0.00000,0.00000,0.00000,0.00000,0.26566,0.09922,0.00000,0.00000,0.63512,0.00000
0.00000,0.00000,0.00000,0.00000,0.69431,0.05655,0.00000,0.00000,0.00000,0.00000,0.00000,0.00000,0.24914,0.00001
0.25432,0.00155,0.00000,0.00000,0.00000,0.00000,0.00000,0.00000,0.00000,0.00000,0.00000,0.00000,0.74374,0.00039
0.00000,0.00000,0.00000,0.00000,0.00000,0.00000,0.21676,0.14157,0.00000,0.00000,0.00000,0.00000,0.64167,0.00000
0.00000,0.00000,0.00000,0.00000,0.00000,0.00000,0.00000,0.00000,0.07562,0.05603,0.00000,0.00000,0.86834,0.00001
0.00000,0.00000,0.00000,0.00000,0.00000,0.00000,0.00000,0.00000,0.00000,0.00000,0.43782,0.00086,0.56132,0.00000
0.00000,0.00000,0.00000,0.00000,0.52991,0.00240,0.00000,0.00000,0.00000,0.00000,0.00000,0.00000,0.46769,0.00000
0.00000,0.00000,0.00000,0.00000,0.00000,0.00000,0.00000,0.00000,0.00000,0.00000,0.32748,0.00181,0.67071,0.00000
0.00000,0.00000,0.00000,0.00000,0.00000,0.00000,0.00000,0.00000,0.00000,0.00000,0.54687,0.01788,0.43525,0.00000
0.00000,0.00000,0.00000,0.00000,0.00000,0.00000,0.00000,0.00000,0.00000,0.00000,0.43918,0.00000,0.56082,0.00000
0.00000,0.00000,0.00000,0.00000,0.00000,0.00000,0.17186,0.30776,0.00000,0.00000,0.00000,0.00000,0.51782,0.00256
0.22713,0.02022,0.00000,0.00000,0.00000,0.00000,0.00000,0.00000,0.00000,0.00000,0.00000,0.00000,0.75196,0.00068
0.00000,0.00000,0.00000,0.00000,0.16030,0.14265,0.00000,0.00000,0.00000,0.00000,0.00000,0.00000,0.69705,0.00000
0.00000,0.00000,0.00000,0.00000,0.00000,0.00000,0.48239,0.02030,0.00000,0.00000,0.00000,0.00000,0.49731,0.00000
0.00000,0.00000,0.55899,0.00001,0.00000,0.00000,0.00000,0.00000,0.00000,0.00000,0.00000,0.00000,0.44101,0.00000
0.00000,0.00000,0.00000,0.00000,0.00000,0.00000,0.37731,0.03415,0.00000,0.00000,0.00000,0.00000,0.58854,0.00000
0.00000,0.00000,0.00000,0.00000,0.35602,0.05309,0.00000,0.00000,0.00000,0.00000,0.00000,0.00000,0.59077,0.00013
0.00000,0.00000,0.00000,0.00000,0.33639,0.03876,0.00000,0.00000,0.00000,0.00000,0.00000,0.00000,0.62476,0.00009
0.00000,0.00000,0.00000,0.00000,0.49470,0.07062,0.00000,0.00000,0.00000,0.00000,0.00000,0.00000,0.43294,0.00174
0.00000,0.00000,0.00000,0.00000,0.49401,0.03992,0.00000,0.00000,0.00000,0.00000,0.00000,0.00000,0.46607,0.00000
0.00000,0.00000,0.38208,0.00000,0.00000,0.00000,0.00000,0.00000,0.00000,0.00000,0.00000,0.00000,0.61792,0.00000
0.00000,0.00000,0.00000,0.00000,0.00000,0.00000,0.40352,0.00234,0.00000,0.00000,0.00000,0.00000,0.59075,0.00339
0.00000,0.00000,0.54332,0.00279,0.00000,0.00000,0.00000,0.00000,0.00000,0.00000,0.00000,0.00000,0.45390,0.00000
0.40342,0.00055,0.00000,0.00000,0.00000,0.00000,0.00000,0.00000,0.00000,0.00000,0.00000,0.00000,0.59603,0.00000
0.00000,0.00000,0.00000,0.00000,0.00000,0.00000,0.00000,0.00000,0.00000,0.00000,0.15344,0.03736,0.80916,0.00004
0.00000,0.00000,0.00000,0.00000,0.00000,0.00000,0.00000,0.00000,0.00000,0.00000,0.46911,0.00849,0.52217,0.00022
0.00000,0.00000,0.00000,0.00000,0.00000,0.00000,0.00000,0.00000,0.28975,0.02110,0.00000,0.00000,0.68900,0.00015
0.00000,0.00000,0.00000,0.00000,0.00000,0.00000,0.00000,0.00000,0.00000,0.00000,0.35264,0.00000,0.64736,0.00000
0.00000,0.00000,0.00000,0.00000,0.00000,0.00000,0.00000,0.00000,0.00000,0.00000,0.47718,0.00034,0.52007,0.00241
0.00000,0.00000,0.00000,0.00000,0.00000,0.00000,0.00000,0.00000,0.00000,0.00000,0.48958,0.04636,0.40270,0.06136
0.43913,0.00724,0.00000,0.00000,0.00000,0.00000,0.00000,0.00000,0.00000,0.00000,0.00000,0.00000,0.55363,0.00000
0.72447,0.00080,0.00000,0.00000,0.00000,0.00000,0.00000,0.00000,0.00000,0.00000,0.00000,0.00000,0.27473,0.00000
0.00000,0.00000,0.34081,0.01548,0.00000,0.00000,0.00000,0.00000,0.00000,0.00000,0.00000,0.00000,0.64371,0.00000
0.00000,0.00000,0.00000,0.00000,0.19297,0.04056,0.00000,0.00000,0.00000,0.00000,0.00000,0.00000,0.66334,0.10313
0.40123,0.01925,0.00000,0.00000,0.00000,0.00000,0.00000,0.00000,0.00000,0.00000,0.00000,0.00000,0.57949,0.00003
0.00000,0.00000,0.00000,0.00000,0.12435,0.01833,0.00000,0.00000,0.00000,0.00000,0.00000,0.00000,0.85732,0.00000
0.22582,0.07389,0.00000,0.00000,0.00000,0.00000,0.00000,0.00000,0.00000,0.00000,0.00000,0.00000,0.70023,0.00005
0.00000,0.00000,0.00000,0.00000,0.00000,0.00000,0.00000,0.00000,0.40694,0.00002,0.00000,0.00000,0.59304,0.00000
0.00000,0.00000,0.00000,0.00000,0.00000,0.00000,0.22731,0.00000,0.00000,0.00000,0.00000,0.00000,0.63352,0.13916
0.00000,0.00000,0.08915,0.00821,0.00000,0.00000,0.00000,0.00000,0.00000,0.00000,0.00000,0.00000,0.90265,0.00000
0.00000,0.00000,0.00000,0.00000,0.33948,0.00050,0.00000,0.00000,0.00000,0.00000,0.00000,0.00000,0.66002,0.00000
0.00000,0.00000,0.00000,0.00000,0.42681,0.01748,0.00000,0.00000,0.00000,0.00000,0.00000,0.00000,0.55571,0.00000
0.31179,0.28378,0.00000,0.00000,0.00000,0.00000,0.00000,0.00000,0.00000,0.00000,0.00000,0.00000,0.40213,0.00230
0.18837,0.14981,0.00000,0.00000,0.00000,0.00000,0.00000,0.00000,0.00000,0.00000,0.00000,0.00000,0.66181,0.00001
0.00000,0.00000,0.20456,0.06029,0.00000,0.00000,0.00000,0.00000,0.00000,0.00000,0.00000,0.00000,0.54742,0.18773
0.00000,0.00000,0.00000,0.00000,0.00000,0.00000,0.42846,0.00108,0.00000,0.00000,0.00000,0.00000,0.57045,0.00000
0.00000,0.00000,0.00000,0.00000,0.00000,0.00000,0.00000,0.00000,0.35955,0.00076,0.00000,0.00000,0.63292,0.00677
0.24566,0.23522,0.00000,0.00000,0.00000,0.00000,0.00000,0.00000,0.00000,0.00000,0.00000,0.00000,0.51910,0.00002
0.00000,0.00000,0.43894,0.17670,0.00000,0.00000,0.00000,0.00000,0.00000,0.00000,0.00000,0.00000,0.38422,0.00014
0.00000,0.00000,0.00000,0.00000,0.00000,0.00000,0.36411,0.02491,0.00000,0.00000,0.00000,0.00000,0.61095,0.00003
0.22738,0.00002,0.00000,0.00000,0.00000,0.00000,0.00000,0.00000,0.00000,0.00000,0.00000,0.00000,0.77239,0.00021
0.00000,0.00000,0.00000,0.00000,0.00000,0.00000,0.00000,0.00000,0.00000,0.00000,0.14948,0.12755,0.71907,0.00390
0.15615,0.00005,0.00000,0.00000,0.00000,0.00000,0.00000,0.00000,0.00000,0.00000,0.00000,0.00000,0.84339,0.00041
0.00000,0.00000,0.00000,0.00000,0.00000,0.00000,0.00000,0.00000,0.44380,0.00010,0.00000,0.00000,0.55610,0.00000
0.00000,0.00000,0.00000,0.00000,0.00000,0.00000,0.00000,0.00000,0.18919,0.00035,0.00000,0.00000,0.81046,0.00000
0.00000,0.00000,0.60991,0.00839,0.00000,0.00000,0.00000,0.00000,0.00000,0.00000,0.00000,0.00000,0.38170,0.00000
0.39603,0.00031,0.00000,0.00000,0.00000,0.00000,0.00000,0.00000,0.00000,0.00000,0.00000,0.00000,0.58761,0.01605
0.00000,0.00000,0.00000,0.00000,0.00000,0.00000,0.00000,0.00000,0.46194,0.00159,0.00000,0.00000,0.53598,0.00049
0.00000,0.00000,0.00000,0.00000,0.00000,0.00000,0.00000,0.00000,0.20299,0.00789,0.00000,0.00000,0.76506,0.02407
0.00000,0.00000,0.39526,0.03770,0.00000,0.00000,0.00000,0.00000,0.00000,0.00000,0.00000,0.00000,0.56704,0.00000
0.00000,0.00000,0.00000,0.00000,0.25037,0.00146,0.00000,0.00000,0.00000,0.00000,0.00000,0.00000,0.74817,0.00000
0.00000,0.00000,0.44809,0.00013,0.00000,0.00000,0.00000,0.00000,0.00000,0.00000,0.00000,0.00000,0.55178,0.00000
0.00000,0.00000,0.00000,0.00000,0.00000,0.00000,0.00000,0.00000,0.54654,0.00466,0.00000,0.00000,0.44818,0.00062
0.00000,0.00000,0.00000,0.00000,0.00000,0.00000,0.00000,0.00000,0.00000,0.00000,0.51482,0.13126,0.35389,0.00003
0.00000,0.00000,0.00000,0.00000,0.00000,0.00000,0.00000,0.00000,0.37488,0.02650,0.00000,0.00000,0.59747,0.00115
0.00000,0.00000,0.00000,0.00000,0.40215,0.00047,0.00000,0.00000,0.00000,0.00000,0.00000,0.00000,0.59227,0.00511
0.00000,0.00000,0.00000,0.00000,0.00000,0.00000,0.00000,0.00000,0.00000,0.00000,0.34134,0.00331,0.65525,0.00010
0.00000,0.00000,0.00000,0.00000,0.29110,0.01117,0.00000,0.00000,0.00000,0.00000,0.00000,0.00000,0.69773,0.00000
0.00000,0.00000,0.00000,0.00000,0.00000,0.00000,0.00000,0.00000,0.00000,0.00000,0.48704,0.00050,0.51246,0.00000
0.41297,0.02841,0.00000,0.00000,0.00000,0.00000,0.00000,0.00000,0.00000,0.00000,0.00000,0.00000,0.55378,0.00484
