0.01909,0.06481,0.03122,0.34087,0.05562,0.02182,0.02739,0.21486,0.02631,0.00137,0.06448,0.07480,0.03735,0.01783,0.00219
0.05419,0.13633,0.04873,0.10427,0.07210,0.02517,0.03231,0.14315,0.02230,0.00298,0.11838,0.06655,0.15381,0.01514,0.00459
0.02208,0.20640,0.04126,0.15325,0.05375,0.02781,0.03199,0.17279,0.02422,0.00210,0.07606,0.07064,0.09887,0.01195,0.00684
0.03587,0.13893,0.03151,0.13044,0.09608,0.01618,0.01627,0.19290,0.02562,0.00126,0.11620,0.06154,0.11509,0.00503,0.01708
0.03366,0.15774,0.05223,0.13397,0.08414,0.02660,0.03293,0.19498,0.02383,0.00439,0.09491,0.03194,0.10988,0.01290,0.00591
0.02314,0.16966,0.05003,0.14338,0.03283,0.03235,0.03603,0.26388,0.02070,0.00246,0.08264,0.07380,0.05629,0.00713,0.00568
0.03088,0.13034,0.05648,0.23748,0.09927,0.02148,0.03811,0.22415,0.00753,0.00235,0.04775,0.03746,0.04824,0.01135,0.00714
0.03070,0.12700,0.04711,0.10483,0.11621,0.04124,0.02839,0.25349,0.02562,0.00292,0.08803,0.02433,0.08456,0.01891,0.00666
0.02712,0.10760,0.09918,0.26963,0.09976,0.01597,0.02301,0.12975,0.03550,0.00214,0.12074,0.02803,0.03265,0.00656,0.00236
0.03338,0.13740,0.03282,0.17958,0.08183,0.01475,0.01535,0.21248,0.01561,0.00240,0.11760,0.11217,0.03264,0.00717,0.00483
0.04487,0.09307,0.06064,0.16420,0.09431,0.02522,0.02567,0.17249,0.03204,0.00204,0.11310,0.07356,0.08022,0.00906,0.00952
0.03332,0.09763,0.03534,0.20392,0.06537,0.01720,0.02804,0.23346,0.02044,0.00337,0.07295,0.09576,0.06830,0.01164,0.01326
0.02326,0.14013,0.04018,0.15097,0.06898,0.01447,0.03190,0.26391,0.01172,0.00416,0.08815,0.05211,0.09477,0.01301,0.00228
0.07566,0.08584,0.02948,0.14016,0.10176,0.01689,0.01933,0.27627,0.01215,0.00047,0.10909,0.05483,0.06663,0.00642,0.00502
0.08000,0.21008,0.04405,0.13613,0.07632,0.02555,0.02347,0.18356,0.02289,0.00165,0.07771,0.04158,0.06818,0.00431,0.00453
0.07895,0.07111,0.06370,0.12365,0.12423,0.03197,0.04385,0.15659,0.02777,0.00204,0.08475,0.06372,0.11280,0.00903,0.00584
0.04842,0.15178,0.03815,0.07789,0.09399,0.03536,0.03112,0.26202,0.02039,0.00347,0.06590,0.08245,0.07879,0.00366,0.00662
0.04299,0.11936,0.04127,0.15190,0.05939,0.01775,0.02908,0.21476,0.01201,0.00446,0.13676,0.07188,0.08996,0.00545,0.00297
0.07353,0.08861,0.03929,0.07263,0.06504,0.01593,0.00672,0.38368,0.04988,0.00318,0.08868,0.05256,0.03915,0.01137,0.00975
0.03854,0.10749,0.03875,0.21178,0.10739,0.01385,0.04358,0.14867,0.01260,0.00775,0.10543,0.07338,0.06491,0.01663,0.00925
0.02364,0.10596,0.04648,0.10819,0.11428,0.01680,0.03435,0.18546,0.02528,0.00427,0.07223,0.10649,0.13621,0.01185,0.00851
0.04148,0.08518,0.05618,0.10271,0.09025,0.02288,0.01527,0.19280,0.03153,0.00243,0.09491,0.16842,0.08086,0.00905,0.00605
0.03355,0.11546,0.09487,0.11510,0.12560,0.04033,0.01784,0.18919,0.04193,0.00277,0.06106,0.09797,0.05151,0.00794,0.00489
0.03085,0.13328,0.03620,0.17114,0.09503,0.01627,0.02047,0.32106,0.02201,0.00285,0.05821,0.04056,0.04345,0.00594,0.00269
0.03600,0.07529,0.06334,0.14427,0.09630,0.02250,0.01473,0.23153,0.01395,0.00369,0.08835,0.08694,0.10257,0.00632,0.01421
0.02029,0.10936,0.02487,0.24962,0.06363,0.02712,0.02780,0.32347,0.01612,0.00120,0.05179,0.02720,0.04327,0.00896,0.00531
0.03844,0.11098,0.06079,0.13178,0.11032,0.03069,0.07576,0.21492,0.05425,0.00176,0.07830,0.04171,0.03829,0.00942,0.00258
0.05730,0.10530,0.04992,0.13781,0.16511,0.01676,0.03260,0.15719,0.02371,0.00271,0.11192,0.03615,0.08973,0.00735,0.00646
0.07555,0.13641,0.06463,0.24840,0.08456,0.02549,0.02386,0.13296,0.02548,0.00407,0.03561,0.05739,0.07037,0.00677,0.00846
0.03345,0.09709,0.08641,0.18397,0.06416,0.02338,0.02658,0.27283,0.03672,0.00137,0.05197,0.05205,0.05569,0.00797,0.00637
0.07492,0.10563,0.08209,0.16342,0.10034,0.01378,0.02986,0.18240,0.03390,0.00215,0.08958,0.03513,0.06044,0.01975,0.00662
0.02425,0.13065,0.04950,0.12006,0.12208,0.05683,0.01647,0.29793,0.02628,0.00161,0.03833,0.02184,0.06813,0.02395,0.00208
0.03027,0.17638,0.09151,0.14212,0.09639,0.01349,0.02023,0.16681,0.02592,0.00085,0.09733,0.04254,0.08489,0.00817,0.00312
0.03674,0.10878,0.04768,0.13209,0.09245,0.03355,0.02076,0.19541,0.05696,0.00241,0.10769,0.02944,0.11723,0.01491,0.00390
0.04478,0.11523,0.05423,0.12426,0.07599,0.03742,0.01521,0.23288,0.01997,0.00244,0.14803,0.04031,0.07141,0.01144,0.00640
0.03199,0.06476,0.06121,0.21657,0.08791,0.01704,0.03341,0.21558,0.01238,0.00195,0.10820,0.06853,0.06365,0.00768,0.00914
0.07047,0.13682,0.08392,0.15041,0.04848,0.02353,0.01663,0.17384,0.01925,0.00459,0.10676,0.07563,0.06369,0.01270,0.01328
0.03607,0.13352,0.05162,0.16474,0.06021,0.02424,0.01696,0.17089,0.02198,0.00784,0.11969,0.07207,0.09528,0.01794,0.00695
0.02217,0.10452,0.02966,0.15750,0.07044,0.01948,0.01397,0.24742,0.00943,0.00236,0.12868,0.10356,0.07436,0.00793,0.00852
0.04307,0.12597,0.05897,0.12788,0.05344,0.02910,0.02241,0.19697,0.02631,0.00322,0.15327,0.09394,0.04984,0.01016,0.00546
0.02415,0.12705,0.02598,0.11422,0.03669,0.03754,0.02751,0.33846,0.02641,0.00260,0.05690,0.04450,0.11899,0.01303,0.00598
0.03044,0.08213,0.04553,0.10782,0.10274,0.01356,0.01490,0.33064,0.05023,0.00273,0.05674,0.07914,0.07194,0.00876,0.00271
0.03385,0.10010,0.05837,0.15038,0.09898,0.02517,0.03830,0.22980,0.02087,0.00290,0.08095,0.05081,0.07863,0.02160,0.00928
0.04451,0.13924,0.08411,0.20117,0.09528,0.02182,0.01134,0.15886,0.01882,0.00302,0.07492,0.06571,0.06869,0.00800,0.00450
0.03911,0.08253,0.06798,0.15754,0.07329,0.02568,0.03890,0.13535,0.03234,0.00429,0.09772,0.10240,0.12006,0.01803,0.00478
0.04442,0.14243,0.02045,0.15180,0.08750,0.01329,0.02043,0.27623,0.00529,0.00235,0.07078,0.03409,0.10627,0.00592,0.01877
0.03166,0.11840,0.04492,0.16358,0.06654,0.04787,0.02189,0.18729,0.02709,0.00251,0.06665,0.04590,0.16234,0.00763,0.00571
0.09114,0.05486,0.03182,0.25968,0.06216,0.01664,0.04125,0.22162,0.01348,0.00169,0.04647,0.03483,0.10496,0.01533,0.00407
0.03574,0.14579,0.06414,0.19341,0.07171,0.02346,0.04908,0.16146,0.02545,0.00176,0.09742,0.06790,0.04944,0.00858,0.00467
0.03309,0.14593,0.03021,0.14359,0.15675,0.01992,0.03164,0.13746,0.03747,0.00150,0.15146,0.03345,0.05106,0.02459,0.00185
0.05329,0.11649,0.03692,0.19917,0.08511,0.04090,0.02827,0.19032,0.02918,0.00226,0.07435,0.05020,0.05917,0.02474,0.00963
0.04846,0.09733,0.06517,0.16081,0.07300,0.01891,0.02046,0.20614,0.02418,0.00293,0.13112,0.06009,0.07502,0.00939,0.00699
0.01844,0.14396,0.07529,0.13406,0.06752,0.01552,0.02724,0.23420,0.01436,0.00129,0.16103,0.04143,0.04634,0.01024,0.00910
0.03508,0.14229,0.06744,0.19799,0.08176,0.01707,0.01249,0.21549,0.01316,0.01796,0.06039,0.03838,0.07286,0.01440,0.01324
0.04337,0.08679,0.03687,0.10549,0.08046,0.02806,0.02038,0.22449,0.08906,0.00126,0.13520,0.04724,0.07837,0.01364,0.00933
0.04142,0.09485,0.03590,0.17636,0.05645,0.03194,0.02883,0.24873,0.02757,0.00425,0.07882,0.08571,0.06679,0.01952,0.00284
0.01546,0.15759,0.03131,0.15281,0.08720,0.01316,0.02184,0.20359,0.02646,0.00293,0.14964,0.05157,0.07090,0.00935,0.00619
0.04379,0.09437,0.01902,0.28775,0.05465,0.04520,0.03929,0.24135,0.01626,0.00099,0.05938,0.03627,0.05377,0.00404,0.00386
0.03328,0.16009,0.07076,0.12470,0.09261,0.02221,0.02495,0.14910,0.02068,0.00568,0.11873,0.06522,0.09471,0.01184,0.00545
0.04065,0.08184,0.05583,0.21548,0.09678,0.03003,0.01197,0.16287,0.02096,0.00106,0.11173,0.04181,0.10655,0.01562,0.00683
0.02585,0.17279,0.03284,0.18579,0.10788,0.02185,0.02504,0.21048,0.02490,0.00520,0.07612,0.04773,0.05368,0.00717,0.00270
0.02305,0.15988,0.04636,0.10571,0.10933,0.01868,0.02210,0.22449,0.02281,0.00581,0.08237,0.08497,0.08322,0.00799,0.00323
0.03946,0.13004,0.06151,0.14839,0.05832,0.06345,0.04707,0.15868,0.01783,0.00021,0.14228,0.06462,0.05446,0.00864,0.00504
0.02525,0.09294,0.02626,0.09034,0.10148,0.02524,0.03560,0.33199,0.02290,0.00298,0.13538,0.04330,0.05684,0.00691,0.00258
0.03158,0.12854,0.05776,0.14994,0.06914,0.01259,0.03856,0.20939,0.02402,0.00533,0.07275,0.05807,0.11454,0.00640,0.02140
0.04937,0.06056,0.04956,0.12395,0.31542,0.04219,0.02035,0.15579,0.03449,0.00093,0.04875,0.02754,0.05122,0.01635,0.00354
0.04419,0.08721,0.04757,0.19183,0.06228,0.03709,0.02022,0.19411,0.02249,0.00170,0.09098,0.10060,0.07848,0.01133,0.00992
0.02587,0.14090,0.05420,0.11819,0.19484,0.01180,0.03362,0.17095,0.03085,0.00337,0.04496,0.08341,0.07302,0.00860,0.00541
0.02877,0.19722,0.07964,0.12223,0.08443,0.05076,0.00985,0.20710,0.01808,0.00284,0.08041,0.03277,0.07633,0.00685,0.00270
0.02630,0.14372,0.10842,0.12972,0.07109,0.00949,0.01876,0.19439,0.02685,0.00385,0.17149,0.04776,0.04013,0.00584,0.00220
0.02527,0.08115,0.05531,0.17056,0.16832,0.01719,0.04141,0.13662,0.01701,0.00395,0.11862,0.06397,0.07529,0.00968,0.01565
0.04103,0.20313,0.05470,0.10553,0.12914,0.02336,0.01893,0.12187,0.01762,0.00401,0.12829,0.06293,0.07261,0.01323,0.00361
0.05707,0.07473,0.03923,0.15903,0.11686,0.04073,0.02561,0.15558,0.04576,0.00986,0.11037,0.06502,0.08238,0.01269,0.00506
0.04019,0.14909,0.06444,0.13935,0.08818,0.02480,0.02557,0.20391,0.01336,0.00161,0.09551,0.03380,0.09996,0.00825,0.01196
0.04482,0.18354,0.02599,0.22305,0.08922,0.01363,0.01636,0.18019,0.02274,0.00270,0.07973,0.03875,0.05427,0.01622,0.00877
0.01993,0.07682,0.05412,0.36151,0.12305,0.01465,0.01833,0.10444,0.05649,0.00464,0.04869,0.04488,0.05396,0.01185,0.00666
0.02194,0.08022,0.05076,0.26817,0.07026,0.01931,0.03210,0.24492,0.03294,0.00153,0.05871,0.02096,0.08540,0.00771,0.00507
0.03742,0.14603,0.06852,0.10645,0.07867,0.04012,0.06781,0.16979,0.01750,0.00616,0.10174,0.04667,0.09581,0.01184,0.00547
0.05044,0.17650,0.05898,0.13574,0.08326,0.02559,0.05930,0.16228,0.01708,0.00205,0.08597,0.03415,0.09223,0.00929,0.00715
0.02642,0.09788,0.04016,0.08636,0.03982,0.05207,0.01956,0.35533,0.01687,0.00130,0.14607,0.03146,0.07749,0.00677,0.00242
0.04522,0.16861,0.07072,0.15354,0.11462,0.01849,0.02177,0.17721,0.02643,0.00456,0.07554,0.04146,0.06447,0.01294,0.00443
0.01515,0.09391,0.04115,0.15157,0.06128,0.01396,0.03126,0.28456,0.02306,0.00263,0.10407,0.08165,0.07522,0.01234,0.00819
0.02896,0.13524,0.03004,0.10450,0.10539,0.00895,0.01978,0.22048,0.03039,0.00254,0.13491,0.09858,0.06693,0.00356,0.00973
0.07379,0.10251,0.06133,0.22678,0.04836,0.02719,0.01865,0.23529,0.03006,0.00085,0.05665,0.03558,0.06065,0.00885,0.01346
0.02887,0.10074,0.20004,0.15488,0.07255,0.03275,0.01985,0.20647,0.01598,0.00300,0.06421,0.04799,0.03739,0.01327,0.00202
0.02688,0.05591,0.06637,0.14298,0.08791,0.02407,0.02974,0.17303,0.07619,0.00128,0.07908,0.03950,0.17545,0.00745,0.01414
0.05652,0.05524,0.06805,0.16050,0.03059,0.01375,0.02741,0.24879,0.01957,0.00144,0.14442,0.07436,0.07020,0.00802,0.02114
0.01947,0.08699,0.08304,0.15078,0.06044,0.01944,0.03472,0.27622,0.01793,0.00437,0.09856,0.09915,0.03790,0.00372,0.00728
0.04647,0.06819,0.06962,0.15367,0.11406,0.01792,0.04926,0.20701,0.03824,0.00088,0.03537,0.09037,0.07378,0.01972,0.01544
0.02730,0.12585,0.05161,0.21083,0.08448,0.01562,0.02300,0.17636,0.07472,0.00189,0.08397,0.03260,0.07544,0.01339,0.00293
0.01919,0.05200,0.04735,0.25566,0.08971,0.02752,0.01063,0.27550,0.01298,0.00279,0.09465,0.05695,0.05077,0.00300,0.00129
0.02229,0.15319,0.03373,0.09833,0.08116,0.02027,0.02347,0.20712,0.03371,0.00283,0.09784,0.08795,0.09099,0.01230,0.03483
0.04881,0.10853,0.04432,0.20825,0.08038,0.01214,0.03112,0.17463,0.02439,0.00150,0.09730,0.06193,0.09378,0.00949,0.00341
0.04752,0.16494,0.05834,0.14631,0.07384,0.02273,0.01919,0.21379,0.05732,0.00166,0.09848,0.04034,0.04424,0.00776,0.00354
0.05439,0.06851,0.04191,0.09963,0.14361,0.04844,0.01255,0.17443,0.01445,0.00139,0.09899,0.04416,0.18211,0.01257,0.00287
0.03989,0.08676,0.12846,0.14371,0.04637,0.01566,0.02248,0.22416,0.03207,0.00211,0.16185,0.03026,0.04520,0.01563,0.00539
0.04936,0.12993,0.03571,0.20964,0.06665,0.01883,0.03916,0.14176,0.01634,0.00188,0.06954,0.13091,0.05967,0.01799,0.01261
0.02451,0.14954,0.09146,0.12314,0.07654,0.04737,0.03772,0.25770,0.02696,0.00258,0.05062,0.04706,0.04747,0.01133,0.00602
0.05358,0.11485,0.02108,0.18737,0.18411,0.01065,0.01923,0.19984,0.01885,0.00369,0.06818,0.04599,0.03867,0.02886,0.00505
0.02908,0.21785,0.04250,0.23134,0.13668,0.01337,0.01784,0.15093,0.00880,0.00149,0.06401,0.03549,0.04174,0.00487,0.00398
