0.00582,0.01324,0.00469,0.10623,0.04336,0.01086,0.03249,0.03840,0.01021,0.00941,0.01954,0.01086,0.00803,0.00912,0.16138,0.28075,0.22052,0.00482,0.00511,0.00515
0.01501,0.18492,0.01498,0.26832,0.01107,0.01081,0.04555,0.05363,0.00856,0.00882,0.01506,0.02128,0.00689,0.02045,0.00798,0.26160,0.02707,0.00357,0.01092,0.00351
0.01670,0.01507,0.02215,0.02423,0.01656,0.18390,0.02021,0.20611,0.01946,0.02084,0.01636,0.01809,0.01450,0.22738,0.01295,0.00394,0.12872,0.01734,0.00717,0.00832
0.01257,0.00673,0.00966,0.00775,0.01963,0.35604,0.03174,0.19512,0.01810,0.09798,0.02462,0.01994,0.01110,0.11512,0.00939,0.00582,0.01237,0.01385,0.00759,0.02488
0.13238,0.02297,0.10040,0.01473,0.07923,0.01437,0.16976,0.01971,0.01023,0.05248,0.02921,0.01693,0.22977,0.01595,0.02950,0.01835,0.02051,0.00733,0.01043,0.00577
0.50076,0.06725,0.05721,0.01986,0.02589,0.06338,0.03008,0.02691,0.03221,0.02816,0.00779,0.00805,0.01798,0.04563,0.00815,0.01063,0.00477,0.02430,0.00969,0.01127
0.02693,0.01422,0.04050,0.24202,0.03146,0.06776,0.20888,0.06202,0.07342,0.01000,0.01967,0.01526,0.00605,0.11850,0.00481,0.00964,0.02400,0.01605,0.00631,0.00249
0.01549,0.01826,0.01793,0.00639,0.01731,0.51750,0.01189,0.06426,0.09824,0.07830,0.01313,0.01840,0.00678,0.03287,0.02633,0.00685,0.00964,0.01821,0.01240,0.00981
0.00653,0.01390,0.01171,0.00659,0.00968,0.16593,0.00968,0.24522,0.06970,0.08674,0.01107,0.02218,0.01024,0.27716,0.00797,0.00293,0.00659,0.02499,0.00716,0.00404
0.28116,0.01142,0.23834,0.01310,0.02591,0.01725,0.18367,0.05693,0.04094,0.01481,0.00799,0.00956,0.00922,0.01649,0.01671,0.01558,0.00543,0.01941,0.00935,0.00673
0.00663,0.01976,0.00769,0.02034,0.00785,0.04216,0.03753,0.02293,0.64258,0.01960,0.00866,0.01839,0.08020,0.01403,0.00618,0.00632,0.00954,0.00773,0.01707,0.00482
0.01325,0.04256,0.01869,0.02819,0.01830,0.09557,0.00850,0.17599,0.04371,0.03562,0.06698,0.09325,0.00899,0.24792,0.01273,0.01223,0.00888,0.02059,0.03296,0.01509
0.00787,0.01366,0.01008,0.02868,0.06239,0.10920,0.08439,0.13630,0.19891,0.11321,0.02812,0.01696,0.00580,0.11354,0.01715,0.00920,0.00869,0.02744,0.00477,0.00365
0.00819,0.01554,0.00805,0.03682,0.02194,0.23823,0.01158,0.15596,0.06391,0.06741,0.02887,0.01054,0.00612,0.22285,0.00912,0.00674,0.02517,0.04758,0.00927,0.00611
0.12458,0.01757,0.14903,0.21233,0.01421,0.01075,0.13206,0.01101,0.01498,0.20991,0.01986,0.00880,0.01290,0.01103,0.01279,0.00761,0.00290,0.01241,0.00653,0.00874
0.01752,0.28456,0.01980,0.05776,0.02441,0.10001,0.02602,0.11370,0.00786,0.03078,0.02652,0.06313,0.01435,0.09147,0.01639,0.01167,0.04338,0.00901,0.02243,0.01923
0.00783,0.00566,0.00901,0.00516,0.03950,0.06987,0.01051,0.20198,0.03624,0.01240,0.00656,0.26609,0.07202,0.18971,0.01306,0.00471,0.01037,0.01388,0.02053,0.00490
0.09751,0.00941,0.07992,0.27825,0.00901,0.05676,0.26157,0.03659,0.02254,0.02836,0.01161,0.02685,0.01823,0.00800,0.00959,0.01977,0.00668,0.00572,0.00953,0.00410
0.00680,0.01700,0.00803,0.03334,0.04324,0.23796,0.02358,0.16817,0.01891,0.13004,0.03044,0.01403,0.00512,0.11781,0.03814,0.00907,0.00522,0.02703,0.01198,0.05407
0.00906,0.01143,0.01033,0.02430,0.04311,0.10570,0.05479,0.09507,0.03748,0.03452,0.00759,0.18401,0.01859,0.14604,0.03899,0.00930,0.00867,0.01154,0.11859,0.03090
0.02418,0.23285,0.03077,0.02241,0.01245,0.08984,0.00760,0.11029,0.01839,0.08139,0.02547,0.11867,0.00877,0.15161,0.00770,0.01873,0.01208,0.00439,0.01529,0.00711
0.02263,0.01128,0.03532,0.02362,0.00952,0.26892,0.04295,0.20361,0.09089,0.03207,0.02505,0.02931,0.01030,0.12573,0.00744,0.00487,0.00812,0.01281,0.00911,0.02645
0.01781,0.03453,0.01688,0.01726,0.02998,0.17920,0.06166,0.14543,0.01837,0.01134,0.02191,0.02568,0.01351,0.30181,0.03146,0.00628,0.01058,0.00688,0.01425,0.03520
0.03070,0.03444,0.02109,0.22749,0.01713,0.03041,0.35884,0.01893,0.00850,0.03038,0.01180,0.04226,0.01273,0.05027,0.05537,0.01411,0.00878,0.00973,0.01357,0.00347
0.00840,0.02310,0.01052,0.02827,0.03009,0.01448,0.10465,0.03194,0.17208,0.01647,0.00740,0.40299,0.01062,0.01690,0.01717,0.01496,0.00487,0.00997,0.04842,0.02668
0.41645,0.02746,0.14800,0.01040,0.02790,0.01477,0.03358,0.01786,0.05151,0.01850,0.01261,0.03509,0.03007,0.03276,0.00932,0.01350,0.00296,0.00833,0.05865,0.03026
0.00612,0.00462,0.00729,0.00879,0.01144,0.02111,0.01487,0.31545,0.01118,0.00918,0.03329,0.01507,0.00709,0.29295,0.00582,0.00407,0.01750,0.20594,0.00369,0.00452
0.01278,0.01233,0.01393,0.00925,0.02567,0.41292,0.00901,0.05282,0.03912,0.16196,0.00966,0.13184,0.00647,0.02912,0.01493,0.00695,0.00417,0.01370,0.02576,0.00757
0.01636,0.00798,0.02214,0.18764,0.02487,0.08329,0.02709,0.15336,0.03998,0.04755,0.01242,0.14632,0.01006,0.13663,0.01109,0.00782,0.01013,0.01152,0.03178,0.01195
0.00598,0.01567,0.01000,0.00554,0.03338,0.26252,0.01166,0.24600,0.04069,0.01788,0.01366,0.01158,0.00701,0.20328,0.03896,0.00357,0.01643,0.04047,0.00613,0.00958
0.00781,0.05181,0.00974,0.22840,0.01322,0.07882,0.04214,0.05490,0.01244,0.01095,0.02071,0.12492,0.01783,0.21448,0.00766,0.01933,0.01537,0.00617,0.05321,0.01009
0.01304,0.08938,0.01360,0.01663,0.02905,0.16203,0.01382,0.10820,0.01593,0.01645,0.11044,0.07260,0.01944,0.20172,0.02791,0.01313,0.01203,0.00816,0.02837,0.02808
0.00717,0.01879,0.01205,0.00968,0.02344,0.23710,0.01679,0.24168,0.07213,0.04081,0.00919,0.03675,0.07506,0.12825,0.01889,0.00430,0.00565,0.01968,0.01015,0.01242
0.01551,0.01653,0.01664,0.01084,0.01075,0.26620,0.01367,0.03718,0.06226,0.18469,0.01095,0.19307,0.01145,0.05326,0.00573,0.00923,0.00400,0.01454,0.05437,0.00913
0.00577,0.00884,0.00646,0.02464,0.04879,0.01960,0.06881,0.18403,0.04784,0.01022,0.01348,0.28066,0.00840,0.17979,0.01288,0.01128,0.00562,0.02665,0.01571,0.02052
0.07540,0.09523,0.23851,0.03421,0.01116,0.01416,0.16658,0.03231,0.01088,0.10473,0.06456,0.01278,0.02793,0.02573,0.01780,0.01282,0.01518,0.00800,0.01045,0.02156
0.02161,0.00737,0.02358,0.00805,0.01054,0.01811,0.02489,0.12988,0.02374,0.01139,0.01097,0.53692,0.02283,0.06993,0.00699,0.01105,0.00843,0.02043,0.01923,0.01406
0.08474,0.06480,0.07964,0.27930,0.01894,0.01137,0.01720,0.01490,0.02660,0.15035,0.02424,0.05564,0.02438,0.00820,0.05588,0.01200,0.01156,0.03508,0.01239,0.01281
0.00929,0.02145,0.01273,0.05388,0.01832,0.13149,0.12542,0.09100,0.32203,0.02869,0.00975,0.00806,0.02099,0.07962,0.01382,0.00724,0.01480,0.01960,0.00589,0.00594
0.00993,0.01138,0.00835,0.07448,0.02148,0.00793,0.14238,0.02614,0.01131,0.01023,0.28934,0.01538,0.00603,0.00533,0.04203,0.06872,0.22979,0.00288,0.01243,0.00446
0.01304,0.06575,0.01745,0.00636,0.02512,0.09891,0.01880,0.03830,0.42507,0.08208,0.00611,0.03412,0.01562,0.08149,0.02184,0.00456,0.00395,0.01927,0.01438,0.00777
0.01514,0.03542,0.01704,0.05715,0.03136,0.11130,0.03577,0.20355,0.04213,0.01404,0.17293,0.01724,0.01293,0.17676,0.01095,0.00582,0.00579,0.01005,0.01379,0.01084
0.01007,0.00625,0.00794,0.02855,0.01502,0.00664,0.03878,0.13896,0.00594,0.02273,0.17486,0.00852,0.01022,0.00703,0.01530,0.30420,0.16494,0.00481,0.01745,0.01179
0.02653,0.06416,0.04785,0.07179,0.02617,0.16722,0.02903,0.05135,0.15831,0.02223,0.04007,0.04074,0.00554,0.17462,0.00780,0.01241,0.02330,0.00944,0.01743,0.00401
0.01168,0.01018,0.01161,0.00905,0.03909,0.12270,0.01079,0.05432,0.03574,0.01373,0.01252,0.21835,0.01322,0.18423,0.00821,0.00633,0.00914,0.21804,0.00808,0.00298
0.01515,0.00633,0.01711,0.01892,0.03015,0.00518,0.01784,0.17552,0.01065,0.00940,0.00443,0.00526,0.01067,0.00750,0.46209,0.12587,0.00270,0.00629,0.00597,0.06297
0.35316,0.02663,0.06122,0.10906,0.01177,0.02192,0.01047,0.09092,0.05395,0.08351,0.01363,0.02044,0.04182,0.03346,0.01209,0.01357,0.01444,0.01412,0.00868,0.00516
0.10695,0.02866,0.22733,0.02298,0.00841,0.00774,0.14236,0.01810,0.03402,0.23652,0.00823,0.01360,0.03635,0.01299,0.00554,0.00817,0.00435,0.05010,0.01919,0.00840
0.00774,0.00390,0.00845,0.00685,0.01963,0.09608,0.02788,0.31685,0.03073,0.01247,0.00475,0.11693,0.01042,0.18945,0.01041,0.00556,0.00438,0.11523,0.00658,0.00572
0.02002,0.00728,0.01147,0.24578,0.01458,0.01230,0.25567,0.01012,0.00536,0.00771,0.02651,0.00930,0.01625,0.01930,0.00845,0.00885,0.27583,0.01342,0.01849,0.01331
0.00651,0.00746,0.00861,0.02489,0.01698,0.02301,0.01211,0.16114,0.01443,0.00903,0.00365,0.50871,0.01835,0.09485,0.00948,0.00721,0.00406,0.00508,0.06192,0.00252
0.00741,0.01139,0.00985,0.00708,0.01995,0.01860,0.00689,0.12625,0.02849,0.01019,0.00732,0.51583,0.00542,0.18451,0.00843,0.00514,0.00390,0.00924,0.01049,0.00361
0.00611,0.00616,0.00775,0.00606,0.02475,0.03927,0.01247,0.17296,0.16236,0.01451,0.01393,0.22373,0.01371,0.21496,0.01047,0.00366,0.01035,0.03283,0.01856,0.00541
0.16879,0.03125,0.08651,0.01303,0.01166,0.01726,0.08813,0.06011,0.02416,0.03994,0.01171,0.02653,0.29666,0.03736,0.00441,0.01379,0.00652,0.04567,0.01205,0.00444
0.01083,0.01363,0.01340,0.02700,0.01481,0.28554,0.01438,0.04131,0.04386,0.17655,0.00746,0.23110,0.00519,0.06526,0.00898,0.00546,0.00503,0.01773,0.00875,0.00372
0.00773,0.01167,0.00728,0.09527,0.03276,0.17494,0.10331,0.09898,0.04725,0.02539,0.01165,0.17426,0.00769,0.10786,0.00619,0.00913,0.02403,0.01081,0.03674,0.00706
0.00777,0.00499,0.01315,0.01518,0.00723,0.06702,0.01670,0.13331,0.08856,0.01838,0.02348,0.01285,0.00998,0.34424,0.00564,0.00348,0.00334,0.21851,0.00256,0.00364
0.01399,0.00836,0.02284,0.01274,0.01269,0.16371,0.00710,0.20989,0.03761,0.09658,0.01297,0.08114,0.00688,0.15187,0.00752,0.00515,0.00371,0.08390,0.05671,0.00464
0.03611,0.00817,0.02379,0.09087,0.11634,0.01059,0.00980,0.19039,0.01942,0.02043,0.04916,0.02435,0.00699,0.00602,0.03029,0.32048,0.00400,0.01451,0.01283,0.00546
0.00874,0.00741,0.01107,0.01574,0.01642,0.24427,0.02214,0.25745,0.02601,0.03534,0.01487,0.03271,0.00798,0.21859,0.01101,0.00348,0.03347,0.01509,0.01260,0.00562
0.01223,0.06747,0.01455,0.01404,0.06680,0.16744,0.01399,0.14813,0.05909,0.07062,0.02409,0.03974,0.00854,0.16774,0.01729,0.00840,0.00753,0.05846,0.01822,0.01562
0.01456,0.01721,0.01165,0.04502,0.12986,0.01098,0.03327,0.06813,0.05108,0.01084,0.00643,0.00762,0.00808,0.01083,0.42784,0.08802,0.00551,0.02474,0.00664,0.02168
0.00688,0.01319,0.00855,0.02257,0.01496,0.13171,0.02657,0.24623,0.03411,0.01800,0.01785,0.02779,0.01192,0.33092,0.01116,0.00383,0.01211,0.05056,0.00403,0.00708
0.00568,0.01394,0.00464,0.01916,0.03236,0.01208,0.01088,0.15995,0.07420,0.03009,0.03036,0.01084,0.00965,0.00675,0.01197,0.48528,0.01196,0.02406,0.01490,0.03124
0.03245,0.10724,0.04191,0.01213,0.02358,0.09472,0.03506,0.02265,0.22843,0.02367,0.05670,0.01919,0.02158,0.14341,0.01331,0.00594,0.00795,0.09028,0.01286,0.00692
0.00397,0.01410,0.00613,0.00965,0.02691,0.10572,0.01467,0.20501,0.26559,0.01440,0.03916,0.00878,0.02536,0.16245,0.01342,0.00483,0.01322,0.02508,0.00973,0.03181
0.12029,0.03338,0.14179,0.20914,0.00787,0.00780,0.01314,0.01949,0.04106,0.19620,0.01853,0.06138,0.01548,0.02479,0.00991,0.00536,0.00572,0.05055,0.01226,0.00586
0.39433,0.00740,0.03234,0.03505,0.01965,0.07659,0.16441,0.03810,0.01002,0.02215,0.01320,0.01304,0.01772,0.01474,0.02854,0.03359,0.01107,0.01365,0.01148,0.04293
0.24189,0.00629,0.18375,0.00924,0.03440,0.01598,0.04288,0.11653,0.01551,0.03097,0.00721,0.03031,0.07291,0.01782,0.01970,0.00385,0.00477,0.13057,0.00999,0.00543
0.01499,0.00433,0.01735,0.02899,0.02097,0.02050,0.05213,0.01431,0.01569,0.03003,0.00608,0.45845,0.00951,0.01267,0.00537,0.01480,0.00726,0.00833,0.25088,0.00738
0.15676,0.01983,0.09976,0.03088,0.01244,0.01229,0.10257,0.02701,0.01655,0.09360,0.00747,0.00875,0.30500,0.05248,0.01604,0.01034,0.00448,0.01019,0.00968,0.00385
0.01102,0.00961,0.01274,0.05263,0.14976,0.15878,0.04872,0.08810,0.05979,0.04122,0.01491,0.20133,0.01022,0.06714,0.03101,0.01002,0.00778,0.00714,0.01014,0.00793
0.02119,0.00691,0.02790,0.00770,0.00823,0.11900,0.01037,0.15546,0.03750,0.02691,0.00635,0.27410,0.01202,0.14481,0.00510,0.00574,0.00559,0.02768,0.07531,0.02213
0.01135,0.02998,0.01255,0.00904,0.06040,0.31290,0.01772,0.09667,0.24037,0.03187,0.02053,0.00723,0.00874,0.08314,0.01217,0.00576,0.01974,0.00766,0.00487,0.00731
0.00549,0.01590,0.00650,0.12008,0.07180,0.01025,0.04663,0.01035,0.04330,0.00934,0.18126,0.00603,0.01628,0.00830,0.02144,0.14783,0.25904,0.00690,0.00844,0.00484
0.02811,0.06837,0.05710,0.01502,0.01405,0.00936,0.14675,0.02018,0.01261,0.01381,0.01863,0.01702,0.41833,0.08775,0.00680,0.01046,0.01395,0.00865,0.02425,0.00877
0.01241,0.00873,0.01891,0.01315,0.01586,0.17455,0.01611,0.06051,0.05100,0.06680,0.02410,0.19845,0.01891,0.18395,0.01361,0.01617,0.01292,0.04775,0.03133,0.01478
0.01046,0.00670,0.00995,0.01751,0.01368,0.30584,0.01521,0.03162,0.02392,0.19489,0.00994,0.28403,0.00774,0.01147,0.00576,0.00710,0.00584,0.00759,0.02701,0.00373
0.00759,0.00595,0.00833,0.02371,0.01753,0.00572,0.09126,0.01214,0.02092,0.00892,0.00501,0.53243,0.00654,0.01660,0.01391,0.00478,0.00537,0.00883,0.19426,0.01023
0.00627,0.07608,0.00692,0.01351,0.01592,0.01481,0.00823,0.03943,0.01564,0.01562,0.22808,0.01286,0.01669,0.02034,0.17195,0.16798,0.12690,0.00624,0.02596,0.01057
0.01600,0.00699,0.01697,0.00700,0.05287,0.47855,0.01195,0.14483,0.01731,0.03289,0.00727,0.04434,0.00843,0.09202,0.02590,0.00782,0.00519,0.00640,0.00894,0.00833
0.01333,0.04427,0.02224,0.01664,0.02089,0.01794,0.01570,0.18977,0.35054,0.02854,0.00647,0.02152,0.01633,0.14844,0.01339,0.00468,0.01603,0.03593,0.00778,0.00956
0.00702,0.00887,0.00413,0.01261,0.02556,0.26753,0.02350,0.12683,0.08658,0.10739,0.00920,0.07248,0.00829,0.09329,0.00962,0.00340,0.00917,0.09587,0.02357,0.00510
0.01543,0.01036,0.02888,0.01579,0.01538,0.07206,0.01343,0.25780,0.04736,0.01161,0.01174,0.17029,0.01239,0.27241,0.00610,0.00591,0.01067,0.01221,0.00650,0.00368
0.06017,0.01846,0.22749,0.00872,0.02809,0.03491,0.26321,0.01956,0.01340,0.01916,0.01237,0.00894,0.19645,0.02056,0.00736,0.00625,0.00796,0.01217,0.01301,0.02176
0.31129,0.02104,0.03007,0.14094,0.01248,0.01207,0.01447,0.06540,0.09558,0.17507,0.01595,0.01453,0.01102,0.00813,0.01716,0.02108,0.01104,0.00930,0.00931,0.00410
0.01381,0.01680,0.01958,0.20864,0.02172,0.04738,0.01815,0.03730,0.24955,0.01795,0.00767,0.13453,0.01024,0.01948,0.01053,0.00949,0.00879,0.05748,0.08342,0.00749
0.00485,0.00893,0.00836,0.00910,0.02208,0.01015,0.01340,0.11761,0.18405,0.00634,0.00765,0.29608,0.01186,0.21850,0.00579,0.00503,0.03567,0.00974,0.01920,0.00559
0.00625,0.00692,0.00939,0.11699,0.04340,0.15061,0.01232,0.08506,0.05055,0.03536,0.01695,0.25269,0.00766,0.11717,0.00980,0.00909,0.01893,0.01024,0.03329,0.00733
0.51029,0.01933,0.17737,0.00729,0.01820,0.01460,0.01310,0.06593,0.04512,0.00836,0.00806,0.01160,0.01744,0.02795,0.01718,0.01364,0.00589,0.00750,0.00718,0.00399
0.30403,0.07336,0.23231,0.01939,0.00701,0.07656,0.02598,0.01104,0.00948,0.00948,0.00530,0.00809,0.08425,0.01769,0.01212,0.01540,0.00361,0.00425,0.02082,0.05984
0.02047,0.02436,0.03062,0.01031,0.02345,0.24400,0.02056,0.12103,0.08078,0.04773,0.02337,0.03850,0.03304,0.18726,0.02320,0.00606,0.01615,0.01302,0.00676,0.02932
0.01402,0.25238,0.01604,0.09823,0.01606,0.23316,0.03096,0.01152,0.00864,0.08039,0.06392,0.01483,0.00593,0.03795,0.01397,0.01092,0.02563,0.00653,0.05257,0.00634
0.00591,0.01655,0.00592,0.00697,0.08875,0.05519,0.01471,0.09306,0.38003,0.01285,0.01011,0.01714,0.01002,0.17294,0.03127,0.00593,0.03284,0.02848,0.00541,0.00591
0.00631,0.01581,0.00691,0.01335,0.03105,0.07452,0.02570,0.22924,0.08344,0.01611,0.02599,0.06808,0.01130,0.29145,0.00919,0.00470,0.00733,0.02306,0.00857,0.04787
0.05453,0.11456,0.17135,0.00993,0.01144,0.00947,0.07857,0.03424,0.02015,0.02135,0.01249,0.00777,0.32522,0.03968,0.01328,0.00710,0.00678,0.03681,0.00695,0.01833
0.00830,0.01682,0.00976,0.00836,0.01821,0.09211,0.01941,0.08664,0.44711,0.13084,0.01082,0.00903,0.01008,0.06868,0.01220,0.00498,0.01353,0.01822,0.00611,0.00879
0.01248,0.02430,0.01059,0.01518,0.07951,0.31283,0.01482,0.05314,0.03819,0.11307,0.09257,0.05652,0.00617,0.06007,0.05754,0.00515,0.01405,0.01151,0.01532,0.00698
0.06063,0.03972,0.08380,0.00984,0.02049,0.03673,0.25177,0.01682,0.00963,0.07059,0.03023,0.01134,0.30594,0.01214,0.00546,0.00754,0.01114,0.00550,0.00646,0.00424
0.02308,0.03329,0.01944,0.04289,0.02121,0.03778,0.01850,0.07757,0.01617,0.05440,0.02560,0.23252,0.01006,0.25332,0.08152,0.00672,0.01818,0.01558,0.00745,0.00472
