0.42967,0.01122,0.05609,0.00384,0.00513,0.05543,0.41780,0.02082
0.26393,0.20362,0.06035,0.00604,0.07332,0.06003,0.32271,0.01000
0.01721,0.00878,0.01364,0.01424,0.02828,0.44372,0.02926,0.44487
0.16200,0.00639,0.12029,0.01359,0.26760,0.05951,0.33071,0.03992
0.40350,0.09174,0.03831,0.01195,0.03297,0.01137,0.39681,0.01336
0.36965,0.05991,0.03749,0.05827,0.01707,0.05295,0.07408,0.33059
0.10839,0.01763,0.24982,0.01222,0.11171,0.26068,0.18590,0.05366
0.01414,0.02118,0.24668,0.02231,0.01481,0.45127,0.01105,0.21857
0.24350,0.02296,0.07664,0.03848,0.01981,0.20616,0.23725,0.15519
0.15182,0.03342,0.29874,0.01095,0.01496,0.31418,0.12504,0.05089
0.00793,0.50087,0.22757,0.00359,0.22948,0.01162,0.00893,0.01001
0.19864,0.28524,0.03186,0.20895,0.00977,0.04104,0.02152,0.20298
0.20352,0.01264,0.00893,0.06405,0.24919,0.01059,0.26127,0.18981
0.42284,0.01940,0.02801,0.00966,0.04818,0.01548,0.44257,0.01386
0.03065,0.01983,0.13837,0.19613,0.31117,0.05274,0.19972,0.05139
0.01949,0.20825,0.29302,0.00615,0.00977,0.36663,0.01493,0.08176
0.01468,0.01625,0.37423,0.00649,0.02853,0.44771,0.02968,0.08243
0.07728,0.30878,0.03108,0.33526,0.07549,0.02475,0.12208,0.02528
0.03810,0.06781,0.21033,0.02831,0.19940,0.21686,0.21162,0.02757
0.03902,0.00637,0.01068,0.74752,0.06602,0.02021,0.09343,0.01675
0.34789,0.17813,0.03601,0.01822,0.01199,0.04191,0.34164,0.02422
0.16670,0.13610,0.01747,0.00864,0.23468,0.02822,0.39456,0.01363
0.22754,0.10760,0.01369,0.04484,0.03574,0.15952,0.05576,0.35531
0.15132,0.03676,0.17557,0.02524,0.14536,0.17463,0.18794,0.10317
0.00939,0.01224,0.20222,0.42081,0.00878,0.26692,0.00677,0.07288
0.31622,0.02067,0.03549,0.00780,0.03001,0.14119,0.03035,0.41828
0.23310,0.02130,0.00773,0.02261,0.06081,0.18435,0.28010,0.19000
0.02302,0.02348,0.17965,0.00758,0.01158,0.44955,0.02353,0.28161
0.19266,0.08719,0.01191,0.01210,0.13431,0.12330,0.13745,0.30108
0.00982,0.00608,0.44648,0.01801,0.04017,0.44050,0.02319,0.01576
0.14510,0.00728,0.01816,0.51668,0.05416,0.04203,0.12362,0.09296
0.04539,0.34694,0.05754,0.04696,0.19849,0.05818,0.21946,0.02704
0.03494,0.00462,0.12531,0.53591,0.00914,0.18697,0.01722,0.08588
0.02625,0.13551,0.37515,0.02902,0.36586,0.02598,0.02082,0.02142
0.13902,0.00340,0.10977,0.00456,0.12065,0.23726,0.11980,0.26555
0.21339,0.05239,0.17509,0.02806,0.15665,0.09087,0.09712,0.18642
0.37178,0.06658,0.07727,0.01355,0.00981,0.07850,0.37420,0.00830
0.43788,0.01256,0.00756,0.01308,0.03180,0.01728,0.05996,0.41987
0.40885,0.01076,0.05291,0.01678,0.01762,0.06114,0.09280,0.33913
0.32307,0.01614,0.01413,0.25933,0.02158,0.01767,0.03563,0.31243
0.11578,0.34946,0.19030,0.01049,0.00591,0.20040,0.04492,0.08275
0.08770,0.02181,0.02162,0.67046,0.03069,0.03505,0.05482,0.07786
0.36463,0.13788,0.00923,0.06891,0.01445,0.01874,0.36547,0.02068
0.43315,0.01409,0.00917,0.04221,0.02255,0.01482,0.40609,0.05793
0.14821,0.09994,0.03509,0.39124,0.07178,0.03431,0.20543,0.01401
0.23083,0.31367,0.02087,0.02353,0.07580,0.02302,0.28918,0.02311
0.03807,0.12061,0.00828,0.31016,0.21711,0.02935,0.24477,0.03164
0.29349,0.07451,0.07426,0.01332,0.08288,0.07805,0.11443,0.26905
0.00980,0.06378,0.01770,0.00756,0.40399,0.04682,0.40847,0.04187
0.17854,0.02045,0.03148,0.03368,0.07257,0.22293,0.21214,0.22820
0.10957,0.37755,0.05789,0.02435,0.05558,0.13403,0.14906,0.09196
0.06657,0.01060,0.20795,0.16030,0.30552,0.04595,0.18002,0.02309
0.09643,0.01388,0.13593,0.03198,0.22391,0.15920,0.26591,0.07277
0.03726,0.24623,0.01032,0.19595,0.00607,0.23565,0.00732,0.26120
0.14429,0.26048,0.03240,0.27108,0.04616,0.04385,0.04613,0.15563
0.24797,0.00708,0.11822,0.07263,0.03743,0.17818,0.26896,0.06954
0.34879,0.15223,0.01213,0.03037,0.04766,0.01272,0.37189,0.02421
0.01481,0.04205,0.13463,0.45142,0.00661,0.23350,0.01216,0.10481
0.08132,0.00591,0.22319,0.00592,0.18232,0.23114,0.24220,0.02800
0.24433,0.00532,0.10690,0.02324,0.12746,0.11874,0.08226,0.29175
0.05369,0.42611,0.21937,0.01319,0.19898,0.02645,0.05197,0.01024
0.04807,0.24662,0.21177,0.01912,0.10301,0.21676,0.11011,0.04454
0.40881,0.01313,0.07445,0.00441,0.01366,0.06971,0.40242,0.01340
0.14695,0.08403,0.09555,0.02327,0.20221,0.10192,0.24344,0.10264
0.02797,0.10223,0.02080,0.04615,0.25260,0.14662,0.25768,0.14596
0.09806,0.05419,0.36500,0.01091,0.00632,0.36658,0.02041,0.07853
0.20073,0.01201,0.02058,0.32404,0.08873,0.04219,0.20333,0.10839
0.09590,0.01600,0.24309,0.26292,0.02298,0.24115,0.00577,0.11219
0.11625,0.01195,0.26134,0.00975,0.10557,0.26865,0.11624,0.11024
0.43134,0.01838,0.02081,0.01855,0.02023,0.02990,0.43900,0.02178
0.05412,0.00437,0.20501,0.09783,0.14502,0.25429,0.18650,0.05287
0.30287,0.01940,0.14020,0.02966,0.13289,0.04029,0.22738,0.10731
0.09468,0.14511,0.28810,0.01245,0.01371,0.31181,0.09838,0.03576
0.26802,0.01602,0.14106,0.03029,0.16401,0.04596,0.12318,0.21147
0.10408,0.21383,0.19935,0.00820,0.01664,0.26961,0.05153,0.13676
0.17512,0.00450,0.15209,0.05337,0.00945,0.28902,0.15796,0.15850
0.18404,0.02225,0.10025,0.02044,0.04458,0.25428,0.20395,0.17021
0.01819,0.01597,0.18485,0.01300,0.02295,0.44649,0.01610,0.28245
0.40077,0.00540,0.07884,0.00606,0.00587,0.08886,0.39962,0.01458
0.02608,0.86370,0.01333,0.00953,0.01484,0.01811,0.04170,0.01270
0.14634,0.01640,0.23204,0.00542,0.11182,0.23288,0.23916,0.01595
0.25132,0.02767,0.04942,0.24165,0.01159,0.10244,0.22336,0.09256
0.23135,0.06286,0.04050,0.06869,0.17696,0.02872,0.29395,0.09698
0.20945,0.02125,0.11567,0.15774,0.10037,0.10087,0.17360,0.12105
0.18857,0.04475,0.16473,0.01602,0.03971,0.24196,0.06650,0.23777
0.01129,0.37134,0.01279,0.01670,0.02499,0.26973,0.02707,0.26609
0.01927,0.21634,0.29978,0.00676,0.35004,0.02218,0.07177,0.01386
0.17760,0.01813,0.04995,0.41878,0.08324,0.02139,0.05755,0.17334
0.04805,0.10476,0.15469,0.02082,0.01338,0.37891,0.02204,0.25736
0.01752,0.10177,0.40034,0.00590,0.02162,0.40706,0.03168,0.01411
0.06356,0.09477,0.21192,0.03347,0.13208,0.24682,0.16130,0.05607
0.35903,0.07462,0.03141,0.07937,0.01199,0.05444,0.21949,0.16964
0.04450,0.00737,0.23627,0.00760,0.22966,0.21679,0.21292,0.04490
0.21000,0.01635,0.24821,0.02547,0.25130,0.02128,0.17521,0.05218
0.29792,0.01295,0.16419,0.01902,0.01158,0.17526,0.00647,0.31261
0.03416,0.10470,0.34883,0.03170,0.35097,0.04914,0.04064,0.03987
0.17032,0.01839,0.23498,0.07809,0.03595,0.24510,0.19509,0.02208
0.10777,0.21397,0.09204,0.21775,0.03313,0.13880,0.03122,0.16532
0.01596,0.00581,0.45576,0.01742,0.45937,0.01448,0.01412,0.01707
0.05501,0.03868,0.39463,0.02943,0.36429,0.04556,0.04720,0.02520
0.03232,0.01037,0.08808,0.01867,0.34890,0.10476,0.35499,0.04192
0.11111,0.44074,0.10918,0.03375,0.01630,0.13683,0.11282,0.03928
0.05269,0.18093,0.18643,0.04376,0.12479,0.20976,0.16401,0.03763
0.02598,0.02748,0.07110,0.01331,0.01353,0.44210,0.01670,0.38980
0.14342,0.06763,0.15823,0.10545,0.21067,0.06015,0.17217,0.08228
0.15814,0.01685,0.24489,0.03299,0.07083,0.24955,0.20164,0.02511
0.12297,0.63542,0.00728,0.01539,0.00766,0.04046,0.01128,0.15952
0.17943,0.03261,0.03370,0.01096,0.01324,0.28743,0.17572,0.26691
0.41786,0.01323,0.01565,0.02727,0.01006,0.05507,0.09915,0.36169
0.02534,0.03675,0.28540,0.05156,0.01690,0.41263,0.02426,0.14716
0.03407,0.13026,0.25153,0.05767,0.24596,0.12579,0.01838,0.13635
0.43665,0.01292,0.01746,0.01244,0.02854,0.02401,0.16977,0.29820
0.16492,0.22005,0.01046,0.25671,0.08769,0.00799,0.24385,0.00834
0.43444,0.01149,0.01044,0.04062,0.01816,0.02151,0.13088,0.33246
0.02241,0.04614,0.14114,0.21063,0.02578,0.32524,0.03497,0.19369
0.18521,0.00329,0.14554,0.01846,0.20186,0.10600,0.20513,0.13452
0.07211,0.04301,0.08246,0.03822,0.03775,0.35361,0.07885,0.29398
0.16642,0.04948,0.15954,0.01852,0.01026,0.29210,0.14598,0.15770
0.09696,0.05227,0.01278,0.51298,0.08409,0.03886,0.17154,0.03052
0.04594,0.01034,0.00857,0.01194,0.00871,0.43513,0.02078,0.45859
0.03530,0.03665,0.41869,0.01315,0.39124,0.05041,0.01793,0.03664
0.05222,0.06189,0.11007,0.04168,0.11584,0.27727,0.12563,0.21540
0.20280,0.01396,0.20290,0.02100,0.06742,0.21450,0.16268,0.11473
0.03618,0.30653,0.03337,0.01679,0.24002,0.06321,0.24827,0.05564
0.35562,0.14722,0.01148,0.02793,0.03924,0.01650,0.36710,0.03491
0.12697,0.22158,0.23709,0.01309,0.01391,0.24058,0.07457,0.07222
0.01942,0.00805,0.37722,0.00920,0.01535,0.45767,0.01987,0.09323
0.01398,0.00674,0.00791,0.62958,0.15816,0.00875,0.16430,0.01057
0.03015,0.00881,0.45111,0.00453,0.01338,0.45277,0.02986,0.00939
0.02532,0.00909,0.01009,0.83087,0.04576,0.01076,0.05798,0.01012
0.30170,0.02221,0.01552,0.22731,0.05922,0.01335,0.05861,0.30207
0.14797,0.32122,0.10090,0.01228,0.07885,0.10688,0.21363,0.01827
0.01267,0.02689,0.42225,0.02305,0.41282,0.04992,0.01171,0.04069
0.06088,0.03349,0.02339,0.59072,0.06352,0.06398,0.09740,0.06662
0.07380,0.42330,0.19498,0.00903,0.01278,0.19808,0.02280,0.06523
0.18904,0.02492,0.04289,0.00941,0.00872,0.28622,0.14898,0.28982
0.10640,0.27947,0.19872,0.02747,0.03310,0.21016,0.12278,0.02190
0.09739,0.01092,0.14784,0.04865,0.24401,0.13050,0.11754,0.20315
0.17845,0.01375,0.16447,0.01743,0.20187,0.10269,0.27265,0.04870
0.14796,0.01244,0.18192,0.00728,0.15801,0.18598,0.21407,0.09234
0.07905,0.06627,0.29428,0.04028,0.27483,0.09193,0.06336,0.09000
0.22904,0.00624,0.23898,0.02532,0.01428,0.24251,0.22701,0.01662
0.39612,0.13305,0.02071,0.01013,0.01522,0.01738,0.19940,0.20800
0.30564,0.13990,0.07188,0.01371,0.09800,0.02026,0.14341,0.20719
0.22169,0.00629,0.21649,0.00757,0.01364,0.26067,0.13094,0.14270
0.26448,0.18149,0.07799,0.03253,0.01033,0.11744,0.03544,0.28029
0.19639,0.01152,0.26364,0.02183,0.01233,0.27365,0.09725,0.12339
0.12052,0.01610,0.01304,0.01108,0.34619,0.01923,0.34829,0.12556
0.06713,0.03676,0.03858,0.56556,0.08070,0.05314,0.07824,0.07988
0.11778,0.03099,0.17836,0.06104,0.06157,0.27553,0.02780,0.24693
0.17426,0.01228,0.03092,0.00696,0.02712,0.29060,0.15782,0.30004
0.14643,0.00836,0.01321,0.00932,0.09564,0.24760,0.19423,0.28522
0.39826,0.03015,0.01157,0.08823,0.02401,0.02100,0.27775,0.14904
0.01824,0.01078,0.13145,0.00727,0.07050,0.40225,0.06725,0.29226
0.27335,0.15342,0.10237,0.01813,0.11673,0.02556,0.19107,0.11937
0.06854,0.01097,0.04746,0.02353,0.14693,0.27094,0.19038,0.24124
0.18634,0.00203,0.17340,0.01662,0.21176,0.09321,0.16367,0.15296
0.17936,0.22437,0.07538,0.00879,0.08660,0.11353,0.04731,0.26465
0.04770,0.20893,0.18533,0.29118,0.01299,0.18896,0.01927,0.04563
0.25695,0.14966,0.10101,0.07785,0.02046,0.10903,0.26436,0.02068
0.12664,0.06945,0.01893,0.30488,0.15333,0.03097,0.21918,0.07662
0.01202,0.00637,0.40001,0.01507,0.07153,0.40727,0.07103,0.01669
0.11824,0.51274,0.03008,0.11805,0.02946,0.03662,0.10382,0.05099
0.02399,0.23765,0.05748,0.00754,0.02587,0.32929,0.03982,0.27836
0.20364,0.15639,0.03079,0.07192,0.12473,0.05969,0.26876,0.08407
0.09323,0.00535,0.22855,0.02369,0.12849,0.26977,0.16399,0.08693
0.00732,0.00949,0.42488,0.01108,0.47016,0.01210,0.05526,0.00970
0.07813,0.29791,0.16815,0.03999,0.16757,0.08686,0.06308,0.09832
0.01505,0.01699,0.13976,0.36484,0.00850,0.28687,0.01315,0.15484
0.10083,0.16460,0.01866,0.21643,0.18482,0.02396,0.25956,0.03114
0.23065,0.01280,0.12928,0.01578,0.03769,0.21996,0.07688,0.27695
0.01709,0.05311,0.12081,0.07543,0.27737,0.14340,0.27926,0.03353
0.09745,0.01613,0.01136,0.58799,0.08813,0.01483,0.17238,0.01173
0.29702,0.25576,0.02579,0.04768,0.03321,0.01907,0.11717,0.20430
0.01363,0.34463,0.01416,0.27651,0.15081,0.02425,0.15433,0.02169
0.03278,0.09688,0.02562,0.70324,0.02108,0.04714,0.02851,0.04474
0.01139,0.00613,0.28152,0.01343,0.01420,0.46692,0.01643,0.18998
0.06798,0.13798,0.01316,0.38215,0.15596,0.01483,0.15503,0.07292
0.01570,0.41122,0.03737,0.00585,0.12995,0.14763,0.13620,0.11608
0.32301,0.05658,0.02834,0.01205,0.11691,0.02344,0.12252,0.31715
0.06156,0.00825,0.35489,0.02465,0.01177,0.41445,0.01574,0.10869
0.22651,0.01137,0.03741,0.01117,0.21194,0.05067,0.33574,0.11518
0.01776,0.02788,0.21615,0.03863,0.43465,0.01514,0.23267,0.01713
0.07406,0.01621,0.02437,0.75492,0.02199,0.01857,0.03522,0.05466
0.15189,0.09746,0.05092,0.39239,0.08013,0.02107,0.07710,0.12905
0.13584,0.01031,0.02564,0.00497,0.04922,0.30889,0.05185,0.41328
0.02321,0.01189,0.25986,0.00768,0.20996,0.25776,0.21967,0.00996
0.28314,0.01030,0.01715,0.01218,0.02238,0.18529,0.29506,0.17450
0.18631,0.15065,0.03307,0.08502,0.03068,0.16440,0.07729,0.27258
0.03390,0.01488,0.32811,0.10269,0.01380,0.39705,0.02844,0.08113
0.19035,0.12196,0.15774,0.03248,0.07850,0.15330,0.20095,0.06472
0.06302,0.16059,0.01313,0.00855,0.03782,0.31427,0.08551,0.31711
0.17992,0.08203,0.08898,0.02104,0.17848,0.09304,0.33512,0.02138
0.02814,0.18714,0.12377,0.34389,0.01286,0.19382,0.01295,0.09743
0.01138,0.16678,0.28494,0.01187,0.38632,0.01253,0.11593,0.01025
0.13230,0.02839,0.31220,0.00764,0.00837,0.34363,0.12391,0.04356
0.05605,0.02958,0.41499,0.00835,0.00788,0.41634,0.00577,0.06103
0.04984,0.32137,0.16565,0.01225,0.17200,0.11062,0.15030,0.01796
0.06373,0.01296,0.01393,0.00805,0.39769,0.02801,0.43371,0.04193
0.24321,0.01797,0.00689,0.16236,0.16006,0.00761,0.39342,0.00848
0.03449,0.01145,0.29568,0.11875,0.33263,0.07186,0.07140,0.06373
0.09684,0.64410,0.03001,0.02538,0.00598,0.05972,0.09702,0.04094
0.14008,0.27889,0.04308,0.02675,0.17218,0.03575,0.27409,0.02917
0.36471,0.02210,0.05807,0.01899,0.04284,0.07010,0.39176,0.03143
0.13309,0.00693,0.02219,0.55537,0.04505,0.04218,0.06751,0.12768
0.02144,0.34271,0.01205,0.18123,0.19980,0.01798,0.20440,0.02039
0.03878,0.08845,0.23179,0.02281,0.03336,0.37565,0.05863,0.15053
0.13210,0.04936,0.04818,0.53928,0.01497,0.05925,0.11760,0.03925
0.04055,0.64402,0.01242,0.01482,0.01607,0.11440,0.03507,0.12264
0.05344,0.01839,0.01642,0.71386,0.05310,0.02691,0.05757,0.06031
0.17026,0.08465,0.07465,0.01623,0.00662,0.27390,0.16080,0.21289
0.09717,0.00704,0.05756,0.01810,0.14928,0.24088,0.18130,0.24866
0.31837,0.00908,0.06219,0.01556,0.09797,0.06880,0.28852,0.13950
0.02729,0.02749,0.28888,0.14592,0.08221,0.30298,0.08949,0.03575
0.35373,0.01296,0.06327,0.04408,0.00877,0.11107,0.23800,0.16812
0.17392,0.42819,0.04534,0.06786,0.02370,0.05399,0.03346,0.17353
0.33215,0.01792,0.10670,0.03911,0.01509,0.12400,0.01350,0.35153
0.18151,0.27842,0.06952,0.11452,0.02250,0.10544,0.01747,0.21062
0.02000,0.00652,0.20996,0.02313,0.07562,0.38709,0.07970,0.19798
0.27804,0.05778,0.01463,0.02465,0.02040,0.15941,0.02995,0.41514
0.08086,0.02209,0.29205,0.01035,0.03792,0.36738,0.05000,0.13935
0.23689,0.03421,0.12683,0.02017,0.12551,0.11600,0.04784,0.29255
0.26082,0.21243,0.09864,0.01367,0.00800,0.12078,0.17654,0.10912
0.38364,0.01502,0.00980,0.00831,0.02831,0.08186,0.20984,0.26324
0.19612,0.01276,0.09487,0.02241,0.02453,0.26385,0.01951,0.36595
0.31671,0.30252,0.00767,0.01771,0.00709,0.01681,0.29431,0.03719
0.15312,0.32217,0.05718,0.20189,0.03499,0.04633,0.02414,0.16019
0.19431,0.53769,0.01626,0.02108,0.01011,0.01617,0.01538,0.18899
0.19810,0.15914,0.11239,0.01814,0.08185,0.13800,0.20382,0.08857
0.16660,0.00536,0.15125,0.01813,0.09606,0.22559,0.16222,0.17479
0.14961,0.02108,0.18281,0.03745,0.25278,0.06911,0.21510,0.07206
0.08534,0.00553,0.24802,0.01311,0.04941,0.35732,0.04968,0.19160
0.26477,0.02475,0.13443,0.02996,0.01503,0.19330,0.23947,0.09829
0.25637,0.04949,0.02827,0.28289,0.05239,0.02477,0.05946,0.24637
0.09228,0.10826,0.08440,0.07620,0.12229,0.19495,0.19339,0.12823
0.14507,0.17896,0.24514,0.01864,0.00997,0.24616,0.01214,0.14391
0.15717,0.01453,0.09756,0.26826,0.03083,0.17223,0.15270,0.10672
0.20817,0.13653,0.11160,0.01682,0.00859,0.20996,0.06608,0.24225
0.43973,0.00832,0.03425,0.00765,0.01486,0.03910,0.06498,0.39111
0.27745,0.12715,0.04852,0.00987,0.01135,0.14402,0.01102,0.37063
0.07055,0.12484,0.01622,0.65236,0.02213,0.02121,0.05636,0.03633
0.10752,0.03215,0.29057,0.02360,0.32154,0.04329,0.07138,0.10996
0.05084,0.63942,0.05102,0.04653,0.05875,0.04539,0.03630,0.07175
0.05154,0.29488,0.03188,0.03787,0.20980,0.07149,0.25171,0.05083
0.14012,0.43409,0.09838,0.00772,0.10817,0.02840,0.10591,0.07722
0.10950,0.00728,0.06295,0.03859,0.00608,0.36058,0.10641,0.30862
0.33256,0.01277,0.02492,0.02500,0.12242,0.02682,0.40726,0.04824
0.07858,0.53177,0.14160,0.01647,0.13145,0.01313,0.00881,0.07819
0.17450,0.02284,0.00538,0.33205,0.13309,0.01724,0.29734,0.01757
0.36650,0.01506,0.10132,0.01297,0.00752,0.11276,0.03456,0.34932
0.22615,0.10313,0.01073,0.05605,0.01444,0.18123,0.22411,0.18416
0.28725,0.12344,0.01194,0.23159,0.02222,0.01233,0.04602,0.26522
0.02833,0.00525,0.00471,0.91257,0.00631,0.00719,0.01970,0.01595
0.01374,0.01826,0.23796,0.00694,0.01024,0.46706,0.01382,0.23198
0.33635,0.05451,0.01753,0.17173,0.04264,0.00825,0.03721,0.33179
0.31369,0.03286,0.03516,0.01681,0.01155,0.15207,0.22133,0.21653
0.02150,0.03458,0.41416,0.02063,0.42441,0.02789,0.04120,0.01564
0.14929,0.06363,0.05101,0.48887,0.03762,0.03625,0.07057,0.10277
0.25179,0.05429,0.16856,0.04144,0.17427,0.02706,0.24498,0.03760
0.26105,0.07261,0.18823,0.01459,0.03309,0.16119,0.00822,0.26103
0.15957,0.03661,0.26715,0.01037,0.26263,0.05649,0.10498,0.10219
0.03396,0.02848,0.10181,0.01291,0.14071,0.30710,0.08362,0.29140
0.17507,0.52953,0.02050,0.00740,0.01078,0.04346,0.01283,0.20043
0.16772,0.18357,0.22853,0.00576,0.22541,0.01290,0.17096,0.00516
0.31558,0.01222,0.01049,0.29631,0.01491,0.01543,0.31810,0.01696
0.02633,0.32917,0.14840,0.29736,0.01301,0.14730,0.02087,0.01756
0.10685,0.18061,0.16420,0.03085,0.05561,0.23139,0.11368,0.11680
0.22145,0.01989,0.01076,0.01295,0.25382,0.01156,0.35412,0.11546
0.14483,0.01021,0.26562,0.01295,0.27324,0.07018,0.09394,0.12903
0.01995,0.01486,0.33521,0.24840,0.02674,0.32259,0.01784,0.01441
0.04824,0.21244,0.02753,0.00873,0.01015,0.33205,0.02131,0.33956
0.03595,0.02975,0.39201,0.02752,0.04185,0.39401,0.06060,0.01830
0.01583,0.49312,0.13005,0.00963,0.00818,0.22343,0.01584,0.10392
0.21062,0.21062,0.13482,0.02158,0.12458,0.05095,0.19953,0.04729
0.02674,0.13457,0.08460,0.36826,0.00678,0.21472,0.01114,0.15320
0.15086,0.06217,0.22335,0.01338,0.06702,0.24493,0.14881,0.08948
0.36800,0.01111,0.04381,0.07492,0.02258,0.06895,0.14670,0.26393
0.16807,0.01503,0.29335,0.01798,0.01279,0.30328,0.16640,0.02310
0.22960,0.06787,0.01546,0.00933,0.20750,0.02470,0.42420,0.02133
0.10881,0.00612,0.26372,0.01205,0.01278,0.36999,0.01392,0.21262
0.16312,0.15566,0.08521,0.01077,0.15690,0.09603,0.28177,0.05054
0.06669,0.17127,0.31378,0.04707,0.01560,0.31005,0.06509,0.01045
0.01094,0.00907,0.09822,0.43162,0.00428,0.26673,0.00420,0.17495
0.09064,0.03186,0.33838,0.01040,0.01326,0.37622,0.02405,0.11519
0.03385,0.03614,0.02689,0.04986,0.01304,0.40905,0.01478,0.41638
0.09943,0.00672,0.00805,0.75929,0.00823,0.00930,0.10152,0.00746
0.10052,0.28737,0.00969,0.06151,0.10192,0.12364,0.10465,0.21070
0.47489,0.00916,0.00837,0.00590,0.00514,0.01513,0.03694,0.44446
0.01565,0.05708,0.24757,0.34456,0.01549,0.26975,0.02134,0.02857
0.01811,0.17173,0.20331,0.01097,0.03119,0.36110,0.03194,0.17165
0.13654,0.03010,0.14759,0.01763,0.20505,0.13731,0.26441,0.06137
0.01062,0.04774,0.07337,0.09807,0.01678,0.40139,0.01152,0.34052
0.07074,0.19255,0.28529,0.01498,0.05039,0.27602,0.06702,0.04301
0.23489,0.00936,0.17050,0.00633,0.09065,0.16704,0.11017,0.21106
0.01991,0.66969,0.11858,0.00713,0.02112,0.12119,0.03306,0.00932
0.11015,0.01332,0.11884,0.00556,0.04628,0.33569,0.04388,0.32627
0.24096,0.02663,0.03410,0.39764,0.01029,0.03645,0.15264,0.10130
0.01537,0.00413,0.08236,0.00918,0.02084,0.46068,0.03088,0.37656
0.18079,0.01774,0.12754,0.01580,0.15149,0.15076,0.15010,0.20578
0.22265,0.05324,0.08811,0.07391,0.14493,0.06765,0.30108,0.04843
