0.10567,0.02339,0.00000,0.00001,0.00006,0.26315,0.60773
0.50047,0.00301,0.00000,0.00000,0.18121,0.17134,0.14397
0.59276,0.04613,0.00000,0.01030,0.01768,0.07065,0.26248
0.51938,0.45310,0.00000,0.02308,0.00000,0.00048,0.00395
0.32834,0.00000,0.00000,0.59031,0.00110,0.03682,0.04343
0.35031,0.00000,0.00000,0.55529,0.00008,0.05338,0.04094
0.86361,0.00023,0.00000,0.00022,0.03965,0.04657,0.04972
0.97776,0.01922,0.00000,0.00000,0.00000,0.00274,0.00027
0.06490,0.26896,0.00000,0.21095,0.04004,0.02520,0.38995
0.46848,0.21146,0.00000,0.00248,0.08340,0.00006,0.23413
0.56306,0.33178,0.01141,0.05539,0.00119,0.03165,0.00551
0.47476,0.28782,0.00000,0.02739,0.00000,0.20197,0.00807
0.26247,0.00000,0.00000,0.36490,0.00023,0.00054,0.37186
0.14096,0.00000,0.00000,0.05248,0.00299,0.01146,0.79212
0.21658,0.00000,0.00000,0.56322,0.00001,0.07438,0.14581
0.86474,0.01191,0.00066,0.09259,0.00009,0.00000,0.03001
0.75742,0.00643,0.00000,0.00195,0.00000,0.00949,0.22471
0.48708,0.03772,0.00000,0.00007,0.04446,0.42174,0.00894
0.62334,0.00000,0.00000,0.05516,0.00644,0.01753,0.29755
0.04498,0.00001,0.00000,0.95250,0.00103,0.00001,0.00147
0.74611,0.00250,0.00000,0.00022,0.02815,0.12981,0.09321
0.75015,0.13586,0.00000,0.00066,0.06468,0.01733,0.03132
0.53228,0.04854,0.00000,0.00001,0.36578,0.05300,0.00039
0.31548,0.07024,0.00000,0.27734,0.33274,0.00000,0.00419
0.35478,0.00000,0.00000,0.00000,0.09048,0.11203,0.44271
0.56258,0.00000,0.00000,0.38024,0.00000,0.05170,0.00548
0.90723,0.00000,0.00000,0.03956,0.00419,0.00218,0.04684
0.76212,0.00094,0.00000,0.05867,0.00002,0.00237,0.17589
0.82111,0.12349,0.00000,0.00004,0.00001,0.02654,0.02881
0.24152,0.00611,0.00000,0.00719,0.22812,0.50155,0.01551
0.34012,0.26161,0.00000,0.12387,0.24394,0.01698,0.01348
0.34998,0.00000,0.48262,0.11551,0.00005,0.05088,0.00096
0.43062,0.32420,0.00000,0.14608,0.00000,0.02936,0.06975
0.69062,0.19973,0.00000,0.00000,0.03362,0.07603,0.00000
0.53242,0.21264,0.00000,0.00518,0.15262,0.09703,0.00012
0.90781,0.08305,0.00000,0.00037,0.00380,0.00255,0.00241
0.69995,0.01645,0.00000,0.18737,0.00000,0.00759,0.08863
0.82025,0.11572,0.00000,0.00000,0.06275,0.00000,0.00128
0.84967,0.00001,0.00000,0.00353,0.14664,0.00009,0.00006
0.46007,0.00208,0.00000,0.00001,0.25396,0.11604,0.16783
0.53654,0.00827,0.00000,0.00000,0.00000,0.00004,0.45515
0.76480,0.00062,0.00000,0.01708,0.01660,0.00045,0.20045
0.29201,0.05314,0.00000,0.45301,0.16204,0.00660,0.03321
0.00928,0.38476,0.00000,0.23589,0.00000,0.00350,0.36657
0.67946,0.25823,0.00007,0.03858,0.00208,0.02154,0.00005
0.86239,0.00000,0.00000,0.00185,0.00000,0.06170,0.07406
0.81926,0.00000,0.00237,0.00048,0.00039,0.06747,0.11004
0.21891,0.03745,0.00000,0.68518,0.00008,0.00175,0.05664
0.36853,0.00000,0.00000,0.42177,0.00000,0.20934,0.00035
0.75644,0.03971,0.00000,0.00550,0.01608,0.01214,0.17013
0.77390,0.00075,0.00000,0.13457,0.00000,0.00168,0.08909
0.91704,0.00527,0.00000,0.00000,0.00691,0.06754,0.00323
0.23921,0.09238,0.00207,0.38097,0.00012,0.02298,0.26227
0.85353,0.00001,0.00272,0.13336,0.00777,0.00197,0.00063
0.34648,0.00000,0.00004,0.41842,0.04811,0.09653,0.09041
0.78036,0.15808,0.00000,0.00091,0.00001,0.05905,0.00159
0.22586,0.00477,0.00000,0.00876,0.60608,0.07400,0.08053
0.70028,0.00266,0.00000,0.23040,0.00000,0.00043,0.06623
0.51395,0.00001,0.00000,0.13328,0.00000,0.00024,0.35252
0.67065,0.00301,0.00000,0.06388,0.00923,0.00836,0.24487
0.16088,0.36444,0.00000,0.00161,0.00000,0.16448,0.30859
0.50054,0.02528,0.01957,0.02656,0.00001,0.00013,0.42793
0.39276,0.30558,0.00000,0.00091,0.00000,0.19678,0.10397
0.50160,0.37055,0.00000,0.00244,0.00001,0.08792,0.03747
0.90059,0.00085,0.00000,0.00081,0.01972,0.01073,0.06729
0.98171,0.00090,0.00000,0.00000,0.01549,0.00018,0.00172
0.63565,0.01123,0.00000,0.07286,0.00000,0.09159,0.18869
0.76621,0.00643,0.00000,0.12486,0.00476,0.00250,0.09524
0.90803,0.00372,0.00000,0.00002,0.00014,0.08797,0.00012
0.50946,0.00003,0.00000,0.00337,0.43757,0.00048,0.04909
0.99349,0.00000,0.00000,0.00001,0.00000,0.00347,0.00303
0.07869,0.00000,0.00000,0.01134,0.04156,0.55212,0.31629
0.37709,0.00000,0.00000,0.00645,0.15316,0.46264,0.00066
0.33936,0.00083,0.00000,0.27088,0.07755,0.30849,0.00289
0.30684,0.68364,0.00000,0.00010,0.00441,0.00041,0.00461
0.52496,0.26018,0.00000,0.02500,0.02266,0.12519,0.04202
0.75189,0.00134,0.00000,0.00000,0.24591,0.00062,0.00023
0.03635,0.00365,0.00000,0.01737,0.00000,0.00003,0.94260
0.95066,0.00335,0.00000,0.00291,0.00065,0.03535,0.00707
0.06498,0.14455,0.00000,0.00253,0.35313,0.43474,0.00007
0.81183,0.01038,0.00000,0.00005,0.00028,0.03066,0.14679
0.90396,0.07723,0.00000,0.00055,0.00078,0.00006,0.01742
0.19269,0.72206,0.00000,0.02458,0.05000,0.00768,0.00299
0.66389,0.08968,0.00000,0.11094,0.02903,0.00139,0.10508
0.27708,0.04058,0.00000,0.48609,0.00014,0.12181,0.07429
0.10761,0.00047,0.00000,0.00184,0.00128,0.00310,0.88570
0.65751,0.00724,0.00000,0.00787,0.00058,0.06142,0.26539
0.72215,0.00000,0.00000,0.04763,0.22556,0.00001,0.00465
0.41798,0.10240,0.00000,0.13500,0.02482,0.00009,0.31971
0.48647,0.00243,0.00000,0.00596,0.05827,0.01578,0.43109
0.91602,0.00003,0.00000,0.00371,0.00096,0.01674,0.06253
0.25697,0.07432,0.00018,0.54608,0.11246,0.00325,0.00673
0.49064,0.00000,0.00000,0.11871,0.00000,0.00028,0.39037
0.81588,0.00953,0.00000,0.05420,0.01354,0.10349,0.00337
0.60017,0.14574,0.00000,0.02143,0.04735,0.18300,0.00231
0.38356,0.00051,0.00000,0.44407,0.11158,0.00007,0.06020
0.31477,0.00000,0.00000,0.43165,0.02365,0.01924,0.21068
0.05518,0.00004,0.00000,0.03083,0.00000,0.72986,0.18409
0.94619,0.00000,0.00000,0.00000,0.00004,0.00102,0.05275
0.97132,0.00005,0.00008,0.01219,0.00102,0.01363,0.00171
0.38066,0.00003,0.00000,0.00813,0.00563,0.01369,0.59186
0.79062,0.04932,0.00151,0.07445,0.00010,0.00115,0.08285
0.68955,0.00005,0.00000,0.00064,0.01190,0.29526,0.00262
0.27580,0.15585,0.00000,0.00123,0.01778,0.27298,0.27636
0.78355,0.00000,0.00000,0.00103,0.00023,0.19264,0.02256
0.94676,0.00480,0.00000,0.00000,0.00020,0.04814,0.00010
0.38372,0.00881,0.00000,0.00157,0.17903,0.42093,0.00594
0.66694,0.00000,0.00000,0.00001,0.32907,0.00004,0.00394
0.99957,0.00000,0.00000,0.00039,0.00000,0.00000,0.00003
0.42750,0.00002,0.00000,0.05705,0.00194,0.12934,0.38415
0.85675,0.00293,0.01911,0.00003,0.00000,0.00254,0.11864
0.14257,0.00091,0.00334,0.03940,0.00012,0.00954,0.80413
0.06105,0.33004,0.00000,0.00186,0.00903,0.00005,0.59796
0.20601,0.00073,0.00000,0.11288,0.05784,0.01837,0.60417
0.60061,0.02794,0.00000,0.09276,0.00000,0.27863,0.00006
0.42037,0.00000,0.11011,0.00002,0.00000,0.27749,0.19201
0.25696,0.00000,0.00000,0.73455,0.00000,0.00344,0.00505
0.25436,0.11360,0.00000,0.00318,0.00003,0.11424,0.51459
0.80998,0.01714,0.00000,0.00048,0.00000,0.07236,0.10004
0.13225,0.00000,0.00010,0.06610,0.00006,0.21772,0.58377
0.16357,0.00036,0.00000,0.01534,0.58643,0.00000,0.23429
0.72748,0.00096,0.00000,0.12086,0.00000,0.08258,0.06811
0.43270,0.00000,0.00000,0.01235,0.51622,0.03047,0.00826
0.83508,0.00022,0.00000,0.00201,0.01430,0.00002,0.14837
0.38958,0.34686,0.00000,0.00001,0.00262,0.14683,0.11411
0.20752,0.02187,0.00000,0.07354,0.04279,0.60038,0.05390
0.68837,0.00000,0.00000,0.00017,0.01246,0.06155,0.23745
0.72683,0.00000,0.00000,0.00073,0.00000,0.26568,0.00675
0.18854,0.00000,0.00007,0.72632,0.00456,0.00226,0.07825
0.77569,0.00000,0.00000,0.17099,0.01391,0.03324,0.00616
0.26760,0.00000,0.00000,0.43811,0.00086,0.00046,0.29296
0.97577,0.00000,0.00000,0.01219,0.00021,0.00992,0.00192
0.93496,0.00012,0.00000,0.04718,0.00000,0.00540,0.01235
0.83739,0.00157,0.00000,0.14636,0.00001,0.01404,0.00063
0.79772,0.00000,0.00000,0.02427,0.02285,0.00210,0.15306
0.45845,0.23880,0.06602,0.07670,0.01368,0.10126,0.04511
0.55508,0.00000,0.00000,0.00678,0.04283,0.03651,0.35880
0.32459,0.00012,0.00000,0.02839,0.07157,0.56773,0.00760
0.37094,0.03152,0.00000,0.00000,0.00079,0.44340,0.15335
0.34145,0.00448,0.00003,0.54619,0.00037,0.02957,0.07791
0.23662,0.07958,0.20393,0.07029,0.00302,0.00295,0.40362
0.37997,0.00001,0.00733,0.00000,0.00001,0.45869,0.15399
0.95335,0.00022,0.01091,0.03299,0.00000,0.00000,0.00254
0.64717,0.02951,0.30417,0.00000,0.00004,0.00488,0.01423
0.19613,0.00000,0.00000,0.01120,0.00411,0.19541,0.59315
0.43941,0.00000,0.00000,0.00044,0.00788,0.54757,0.00471
0.60284,0.00000,0.00000,0.04730,0.00004,0.05968,0.29014
0.89707,0.08875,0.00000,0.00499,0.00054,0.00647,0.00219
0.17453,0.00002,0.00000,0.00001,0.00029,0.00707,0.81807
0.17173,0.00012,0.00000,0.11827,0.00057,0.06825,0.64106
0.05761,0.00157,0.54348,0.15943,0.00000,0.10685,0.13107
0.05073,0.00063,0.00000,0.50276,0.18481,0.13199,0.12908
0.95496,0.00000,0.00000,0.00141,0.00002,0.00050,0.04311
0.17623,0.00006,0.00000,0.00159,0.09401,0.00589,0.72222
0.23578,0.18564,0.00000,0.04780,0.00417,0.01911,0.50751
0.24742,0.05034,0.00005,0.00274,0.00000,0.16357,0.53587
0.35426,0.00037,0.00000,0.24958,0.00000,0.00997,0.38582
0.63093,0.00876,0.00000,0.12929,0.02134,0.15149,0.05820
0.61082,0.35949,0.00013,0.00033,0.00025,0.00192,0.02706
0.32151,0.00012,0.00000,0.02082,0.31273,0.00680,0.33801
0.52547,0.00000,0.00000,0.04300,0.25849,0.01295,0.16008
0.88962,0.00005,0.00000,0.09976,0.00159,0.00495,0.00403
0.31254,0.68318,0.00000,0.00000,0.00328,0.00093,0.00007
0.47807,0.17957,0.00000,0.15062,0.13764,0.03288,0.02122
0.53095,0.00024,0.00000,0.04119,0.38007,0.00032,0.04723
0.70866,0.05173,0.00000,0.15858,0.00199,0.06395,0.01509
0.87603,0.00000,0.00000,0.10348,0.00000,0.01957,0.00092
0.12364,0.04988,0.00000,0.22806,0.00000,0.48591,0.11251
0.78121,0.00000,0.00000,0.14239,0.00439,0.03742,0.03459
0.13052,0.02648,0.00000,0.78239,0.00480,0.00810,0.04771
0.94124,0.00324,0.00000,0.00004,0.00046,0.05304,0.00198
0.75200,0.00628,0.00000,0.22721,0.00007,0.00000,0.01445
0.77303,0.00000,0.00000,0.00029,0.00106,0.19990,0.02571
0.56086,0.00000,0.00000,0.00662,0.00000,0.05646,0.37606
0.46891,0.01519,0.00007,0.01063,0.25833,0.22958,0.01730
0.66516,0.00012,0.00000,0.20681,0.00008,0.04293,0.08490
0.59367,0.05758,0.00000,0.08537,0.00023,0.00000,0.26315
0.38775,0.10018,0.00000,0.00000,0.00453,0.50748,0.00006
0.15075,0.03440,0.00000,0.06970,0.26839,0.01932,0.45743
0.10677,0.10318,0.00000,0.00230,0.00250,0.01296,0.77230
0.37190,0.00000,0.00000,0.07044,0.00075,0.21525,0.34166
0.21116,0.00002,0.00858,0.01072,0.00001,0.71734,0.05217
0.41688,0.00090,0.00000,0.00805,0.05813,0.00258,0.51346
0.89069,0.05282,0.00000,0.04993,0.00000,0.00656,0.00000
0.53169,0.00000,0.00000,0.36796,0.00169,0.03792,0.06074
0.49579,0.14822,0.00000,0.14709,0.00051,0.20786,0.00053
0.78628,0.00001,0.00000,0.06932,0.13360,0.00848,0.00230
0.50945,0.00000,0.00000,0.03808,0.00466,0.41368,0.03413
0.34061,0.00001,0.00064,0.00004,0.01487,0.37399,0.26983
0.72536,0.06354,0.00000,0.20798,0.00000,0.00257,0.00054
0.42098,0.00232,0.00000,0.00486,0.00000,0.55041,0.02143
0.03259,0.00000,0.00000,0.00001,0.00010,0.25811,0.70918
0.83132,0.00308,0.00000,0.04283,0.08418,0.00059,0.03800
0.14926,0.00754,0.00000,0.30088,0.53697,0.00218,0.00318
0.20842,0.00000,0.00000,0.00004,0.00014,0.00291,0.78849
0.75845,0.00000,0.00000,0.19509,0.00000,0.02192,0.02454
0.72312,0.00001,0.00000,0.18507,0.06090,0.00245,0.02845
0.53425,0.08336,0.00000,0.00001,0.06950,0.26359,0.04929
0.83062,0.00000,0.00000,0.00027,0.08829,0.04934,0.03148
0.98544,0.00000,0.00000,0.00000,0.00000,0.01456,0.00000
0.68097,0.00005,0.23330,0.03148,0.00004,0.04099,0.01317
0.93132,0.00052,0.06718,0.00000,0.00000,0.00001,0.00097
0.04841,0.11047,0.00000,0.07979,0.27248,0.01988,0.46897
0.28401,0.00000,0.00000,0.19262,0.00001,0.08979,0.43357
0.53739,0.00587,0.00000,0.09043,0.00016,0.05249,0.31366
0.33968,0.00006,0.00000,0.00213,0.09511,0.53001,0.03301
0.79109,0.00003,0.00000,0.13060,0.04602,0.00946,0.02280
0.71763,0.00027,0.00003,0.00000,0.00000,0.22825,0.05383
0.42190,0.00127,0.00000,0.19432,0.17432,0.20814,0.00004
0.72692,0.06111,0.00000,0.19271,0.01753,0.00007,0.00165
0.71255,0.00005,0.00059,0.04352,0.00006,0.00046,0.24277
0.67110,0.25242,0.00000,0.00001,0.00165,0.05913,0.01569
0.47737,0.00000,0.00000,0.00003,0.02559,0.00000,0.49701
0.47030,0.07292,0.00000,0.19232,0.00024,0.09927,0.16495
0.89957,0.00003,0.00026,0.03503,0.06494,0.00003,0.00013
0.32626,0.00000,0.00000,0.17787,0.00115,0.15146,0.34327
0.85755,0.01218,0.00814,0.00001,0.00018,0.12190,0.00003
0.22879,0.05716,0.00000,0.00146,0.00000,0.69593,0.01667
0.14548,0.00001,0.00000,0.18424,0.00000,0.36781,0.30246
0.84918,0.03690,0.00000,0.06355,0.00753,0.00000,0.04283
0.85553,0.00528,0.00012,0.00164,0.11784,0.01770,0.00189
0.01129,0.02059,0.00000,0.54994,0.00017,0.40359,0.01442
0.63436,0.00892,0.00000,0.29434,0.04412,0.01819,0.00008
0.89564,0.00000,0.00006,0.00841,0.00211,0.00000,0.09378
0.44682,0.00005,0.00000,0.15043,0.02451,0.00000,0.37819
0.95525,0.00094,0.00000,0.00074,0.02997,0.00000,0.01310
0.00333,0.00002,0.00000,0.00433,0.00000,0.00000,0.99232
0.91398,0.00002,0.00000,0.01193,0.05725,0.01557,0.00126
0.91045,0.00000,0.00000,0.00238,0.04542,0.02704,0.01471
0.85426,0.00000,0.00000,0.00622,0.00000,0.01296,0.12656
0.85175,0.00018,0.00000,0.00424,0.00261,0.10837,0.03284
0.83410,0.00082,0.00000,0.00326,0.02117,0.12294,0.01771
0.69167,0.24588,0.00000,0.00249,0.00000,0.00212,0.05785
0.79322,0.00024,0.00000,0.18344,0.00833,0.00022,0.01455
0.56257,0.00919,0.00000,0.41905,0.00000,0.00216,0.00703
0.65382,0.33603,0.00000,0.00001,0.00000,0.00006,0.01008
0.05032,0.00000,0.00000,0.16561,0.01004,0.76288,0.01115
0.69696,0.00034,0.00000,0.00501,0.00000,0.00091,0.29679
0.51185,0.07963,0.00000,0.01399,0.00000,0.38963,0.00490
0.92297,0.00002,0.00000,0.00001,0.02411,0.00820,0.04469
0.52381,0.40507,0.00000,0.02541,0.00097,0.03195,0.01280
0.89216,0.02863,0.00000,0.00007,0.00001,0.07505,0.00407
0.30742,0.00000,0.00111,0.00000,0.00002,0.56915,0.12230
0.38181,0.00000,0.00038,0.19341,0.08220,0.00071,0.34148
0.26523,0.09451,0.00000,0.24239,0.11654,0.06817,0.21316
0.40555,0.00011,0.00000,0.00000,0.00307,0.00882,0.58244
0.43100,0.35282,0.00005,0.01638,0.00808,0.02697,0.16470
0.42149,0.41366,0.00000,0.00020,0.00003,0.02369,0.14093
0.85751,0.00233,0.00000,0.00957,0.00000,0.09630,0.03429
0.62784,0.00004,0.00016,0.00160,0.29499,0.00146,0.07392
0.42196,0.01641,0.00000,0.35419,0.00000,0.00030,0.20713
0.23148,0.00000,0.00000,0.20344,0.27405,0.04488,0.24615
0.71591,0.00000,0.00000,0.00223,0.00729,0.23351,0.04106
0.20257,0.29331,0.00000,0.01169,0.02443,0.00847,0.45953
0.18439,0.00055,0.00000,0.03151,0.00120,0.16338,0.61897
0.67039,0.00000,0.00000,0.00773,0.12395,0.18430,0.01362
0.38458,0.00012,0.00000,0.00131,0.03830,0.57377,0.00192
0.63655,0.00000,0.00000,0.03158,0.00000,0.00636,0.32551
0.13875,0.00115,0.00418,0.06556,0.00409,0.00013,0.78615
0.56907,0.00000,0.00000,0.00133,0.00896,0.04973,0.37091
0.78420,0.00001,0.00033,0.01105,0.00850,0.19129,0.00462
0.52938,0.06687,0.00000,0.22444,0.00025,0.11007,0.06898
0.29319,0.01803,0.00000,0.29367,0.00000,0.30315,0.09196
0.83599,0.01027,0.00000,0.00647,0.00003,0.13261,0.01463
0.29642,0.15063,0.00107,0.00003,0.00850,0.22378,0.31956
0.31721,0.08170,0.00000,0.00093,0.19897,0.06120,0.33999
0.13338,0.00000,0.00245,0.73197,0.00032,0.01659,0.11529
0.23262,0.05456,0.00000,0.17955,0.00000,0.00000,0.53327
0.73204,0.00133,0.00000,0.06079,0.08603,0.11738,0.00244
0.86465,0.00072,0.00000,0.00139,0.00000,0.00018,0.13305
0.59352,0.19298,0.00000,0.00084,0.00002,0.04378,0.16886
0.97046,0.00796,0.00002,0.00101,0.00000,0.00000,0.02056
0.48867,0.00071,0.00000,0.04596,0.00018,0.13785,0.32664
0.75371,0.00000,0.00000,0.01248,0.00000,0.10527,0.12855
0.69333,0.00000,0.00000,0.08662,0.17855,0.00039,0.04111
0.87338,0.00001,0.00000,0.00221,0.00595,0.06448,0.05397
0.60378,0.36453,0.00000,0.02827,0.00215,0.00000,0.00126
0.22562,0.00000,0.00088,0.01822,0.47801,0.23478,0.04249
0.78326,0.00324,0.00000,0.10302,0.00000,0.04987,0.06061
0.56856,0.00000,0.00000,0.00296,0.00001,0.42836,0.00011
0.12210,0.00000,0.00000,0.00000,0.00000,0.72753,0.15037
0.80319,0.00000,0.00000,0.00110,0.00040,0.00036,0.19495
0.36231,0.55764,0.00000,0.01088,0.00000,0.05567,0.01350
0.81635,0.00022,0.00000,0.00001,0.03174,0.10008,0.05160
0.96772,0.00173,0.00003,0.00949,0.00004,0.00073,0.02027
0.91015,0.00337,0.00000,0.00012,0.00949,0.02815,0.04872
0.69281,0.00000,0.00000,0.00004,0.00000,0.28239,0.02476
0.20590,0.65593,0.00000,0.10281,0.00001,0.02846,0.00689
0.73175,0.02791,0.00000,0.03067,0.00001,0.00003,0.20964
0.26091,0.00224,0.00000,0.05676,0.43672,0.22906,0.01431
0.60926,0.00000,0.00018,0.25665,0.13258,0.00103,0.00030
0.52418,0.00000,0.00000,0.01534,0.00000,0.14299,0.31749
0.17287,0.10142,0.00000,0.07945,0.00011,0.00002,0.64614
0.09173,0.00053,0.00000,0.00164,0.00038,0.79510,0.11063
0.93275,0.00269,0.00030,0.03381,0.00002,0.03026,0.00017
0.74272,0.11857,0.05711,0.06331,0.01129,0.00403,0.00298
0.20660,0.00403,0.00000,0.53728,0.02896,0.00508,0.21806
0.12294,0.00000,0.05564,0.00749,0.00000,0.81139,0.00254
0.06040,0.70407,0.00000,0.01470,0.00000,0.22084,0.00000
0.75639,0.00571,0.00000,0.19936,0.00059,0.00043,0.03751
