0.05330,0.02580,0.04045,0.02461,0.11749,0.03444,0.02847,0.13075,0.02652,0.02627,0.02216,0.03473,0.03266,0.03837,0.05115,0.03614,0.03640,0.04119,0.07852,0.12057
0.12510,0.02891,0.02914,0.07178,0.03771,0.04657,0.03717,0.03544,0.03195,0.03894,0.02091,0.04731,0.05485,0.04968,0.07248,0.02980,0.05512,0.04037,0.06499,0.08179
0.05299,0.04405,0.03343,0.03463,0.04766,0.04696,0.04665,0.03541,0.02969,0.05084,0.03103,0.03536,0.06290,0.04742,0.04571,0.04861,0.04793,0.05436,0.14559,0.05879
0.04283,0.05819,0.04577,0.04975,0.02770,0.03300,0.03889,0.03831,0.05423,0.06959,0.05798,0.05276,0.03793,0.06650,0.03653,0.04189,0.04654,0.07760,0.04938,0.07463
0.09342,0.03494,0.02848,0.03193,0.03102,0.04290,0.03009,0.03526,0.08385,0.04050,0.02442,0.04377,0.04049,0.03955,0.03303,0.02532,0.04240,0.05907,0.12512,0.11443
0.03900,0.05503,0.05594,0.04525,0.03543,0.05290,0.05218,0.04424,0.04877,0.05845,0.06492,0.04179,0.05644,0.04616,0.04252,0.06524,0.05264,0.05232,0.03978,0.05100
0.05260,0.03562,0.03384,0.03601,0.04911,0.04187,0.03706,0.03708,0.04393,0.04300,0.02750,0.03765,0.03607,0.04320,0.04623,0.03782,0.03680,0.05047,0.21716,0.05698
0.05697,0.03469,0.03322,0.03041,0.03729,0.04076,0.03556,0.02776,0.02977,0.03656,0.02571,0.03249,0.04427,0.03651,0.03721,0.03647,0.03376,0.04477,0.28790,0.05792
0.09182,0.03850,0.02702,0.05495,0.05131,0.04472,0.04592,0.02832,0.03362,0.05245,0.02833,0.05355,0.04394,0.05217,0.04828,0.03101,0.04889,0.05210,0.11383,0.05927
0.05052,0.04582,0.03499,0.04034,0.03987,0.05639,0.04004,0.03649,0.02993,0.04828,0.03475,0.03763,0.04678,0.04347,0.04251,0.04145,0.04494,0.04698,0.18148,0.05733
0.02891,0.04210,0.10717,0.06735,0.03517,0.04734,0.03848,0.07363,0.04382,0.04359,0.05269,0.05217,0.03854,0.04547,0.05415,0.04785,0.03991,0.03889,0.05108,0.05167
0.04003,0.04411,0.05399,0.05093,0.06552,0.04171,0.03687,0.10353,0.04566,0.03807,0.04270,0.05001,0.03555,0.05457,0.04936,0.04190,0.03903,0.04364,0.07384,0.04898
0.05445,0.04110,0.03773,0.04515,0.06213,0.05593,0.05566,0.03609,0.03302,0.05395,0.03886,0.05294,0.05176,0.05520,0.05630,0.04584,0.04809,0.04824,0.07531,0.05228
0.08422,0.03206,0.03099,0.05616,0.02755,0.06502,0.04712,0.04235,0.03689,0.03330,0.03069,0.08365,0.05411,0.06160,0.06788,0.03866,0.03898,0.03942,0.04740,0.08197
0.06630,0.03659,0.03081,0.03807,0.05442,0.05269,0.04322,0.03479,0.03722,0.04230,0.02795,0.05025,0.04845,0.04653,0.05594,0.03565,0.03610,0.04047,0.16530,0.05697
0.06571,0.05050,0.03517,0.04959,0.04967,0.05014,0.04478,0.04026,0.03125,0.05163,0.03706,0.05195,0.04812,0.06051,0.06241,0.04331,0.05429,0.05144,0.06890,0.05331
0.08331,0.03607,0.03118,0.04843,0.04818,0.04522,0.03665,0.03472,0.03436,0.03733,0.02813,0.04655,0.03835,0.05243,0.05268,0.03451,0.03488,0.04940,0.17180,0.05584
0.07965,0.02759,0.02372,0.08961,0.03007,0.06242,0.02790,0.03700,0.01882,0.03910,0.02774,0.06236,0.04163,0.04093,0.03869,0.02831,0.03925,0.03252,0.17883,0.07385
0.03986,0.05286,0.05243,0.04616,0.04818,0.05300,0.04537,0.06969,0.04596,0.04529,0.04828,0.05453,0.04125,0.04793,0.05737,0.04883,0.04090,0.04198,0.07166,0.04847
0.06174,0.04797,0.03981,0.04512,0.05713,0.05117,0.04953,0.04023,0.03629,0.05551,0.04679,0.04356,0.05613,0.05193,0.04702,0.05135,0.05105,0.05240,0.06483,0.05042
0.05352,0.03771,0.04264,0.05119,0.04147,0.06427,0.04554,0.04740,0.04871,0.04063,0.03778,0.07272,0.04096,0.05049,0.05479,0.04378,0.04206,0.04986,0.06995,0.06457
0.04054,0.04926,0.05909,0.04233,0.03318,0.04156,0.04342,0.04088,0.08217,0.04455,0.05675,0.03921,0.05867,0.03761,0.04020,0.07017,0.04560,0.05838,0.05766,0.05876
0.03333,0.02963,0.02905,0.02375,0.02974,0.03867,0.03196,0.03066,0.03213,0.03399,0.02171,0.02569,0.03708,0.02825,0.03291,0.03165,0.02731,0.03138,0.39263,0.05847
0.03039,0.05971,0.06439,0.03870,0.04757,0.05908,0.05997,0.04197,0.04090,0.07237,0.06205,0.04510,0.04269,0.04089,0.04690,0.05351,0.04364,0.04306,0.05390,0.05321
0.08821,0.03598,0.03338,0.06752,0.04884,0.04940,0.03993,0.05092,0.03474,0.03669,0.03263,0.06728,0.05063,0.06012,0.05203,0.03339,0.03968,0.04311,0.07784,0.05769
0.04706,0.05097,0.04080,0.05527,0.03098,0.05956,0.05334,0.02861,0.03264,0.06979,0.04402,0.03960,0.04969,0.06088,0.04165,0.04016,0.05936,0.06015,0.06683,0.06864
0.06693,0.04930,0.04282,0.05240,0.05426,0.04381,0.04598,0.03657,0.06051,0.04496,0.04111,0.04729,0.06980,0.05106,0.04526,0.04627,0.04724,0.05456,0.05049,0.04937
0.02815,0.05603,0.07196,0.03698,0.03572,0.05582,0.06846,0.04684,0.03129,0.07400,0.06893,0.03923,0.05407,0.03989,0.04417,0.06897,0.04390,0.03915,0.03922,0.05724
0.03480,0.05605,0.06919,0.03722,0.04334,0.04899,0.04330,0.06329,0.04230,0.04792,0.05147,0.04638,0.04106,0.03845,0.04996,0.06320,0.04041,0.04331,0.08557,0.05379
0.05368,0.04731,0.03610,0.03633,0.07433,0.04511,0.04610,0.05124,0.05617,0.04272,0.03886,0.05083,0.04139,0.04647,0.05817,0.04498,0.04096,0.04208,0.09477,0.05240
0.05156,0.05087,0.03898,0.03880,0.06374,0.04354,0.05784,0.03552,0.03948,0.05349,0.05004,0.04632,0.05559,0.04986,0.04791,0.05883,0.05282,0.05748,0.05716,0.05017
0.06924,0.05460,0.03733,0.04543,0.04822,0.04977,0.05442,0.03647,0.04383,0.05799,0.04324,0.04895,0.05857,0.04638,0.04438,0.04398,0.05510,0.05192,0.05688,0.05331
0.05619,0.05078,0.04830,0.05716,0.04487,0.05356,0.03982,0.05017,0.05647,0.04346,0.04688,0.04873,0.04041,0.05014,0.04408,0.04187,0.04384,0.05351,0.08026,0.04948
0.10862,0.03363,0.03013,0.06361,0.03660,0.04746,0.04508,0.02698,0.03209,0.04418,0.02737,0.05254,0.06520,0.05842,0.05018,0.03640,0.05650,0.05654,0.06812,0.06035
0.02729,0.07563,0.04060,0.02515,0.03544,0.04362,0.07285,0.03279,0.02250,0.10758,0.05752,0.02330,0.05610,0.03416,0.02934,0.05372,0.05781,0.03805,0.06442,0.10215
0.02597,0.01785,0.02751,0.02785,0.01832,0.03095,0.02399,0.02136,0.02892,0.02791,0.01802,0.01961,0.02731,0.02299,0.02191,0.02352,0.02099,0.02878,0.51961,0.04662
0.03559,0.04302,0.07907,0.05841,0.04069,0.05394,0.04305,0.06853,0.04085,0.04914,0.05368,0.05148,0.04534,0.04940,0.05349,0.05311,0.04080,0.03987,0.05186,0.04868
0.04375,0.05308,0.05172,0.05044,0.04492,0.05017,0.05336,0.03939,0.04266,0.06515,0.06681,0.04406,0.04487,0.05727,0.04674,0.05179,0.04884,0.05244,0.03962,0.05293
0.04771,0.02608,0.02522,0.03035,0.02966,0.04443,0.02909,0.03602,0.02781,0.03287,0.02050,0.03229,0.04011,0.03383,0.03595,0.03045,0.02766,0.03194,0.36225,0.05576
0.02620,0.05560,0.05352,0.03750,0.02448,0.04678,0.11421,0.03100,0.05391,0.08849,0.06455,0.03510,0.04992,0.03945,0.03415,0.05362,0.06708,0.04152,0.02476,0.05816
0.05155,0.04372,0.05393,0.05548,0.04280,0.04648,0.04697,0.05429,0.04196,0.04659,0.03806,0.05419,0.04600,0.04433,0.06939,0.04897,0.04839,0.04334,0.06496,0.05860
0.07538,0.04079,0.03962,0.05557,0.04215,0.06011,0.03759,0.04661,0.03951,0.04177,0.03611,0.05857,0.05583,0.05916,0.05965,0.04639,0.03953,0.04700,0.06527,0.05337
0.03196,0.05665,0.06606,0.03605,0.04806,0.05818,0.05857,0.03836,0.04380,0.06207,0.04685,0.04055,0.04192,0.03278,0.04583,0.05673,0.04340,0.04040,0.09273,0.05905
0.05814,0.03554,0.03627,0.04394,0.06034,0.04205,0.04397,0.04426,0.04783,0.04480,0.03113,0.04402,0.05134,0.05236,0.04954,0.04125,0.04675,0.05147,0.11613,0.05885
0.04953,0.04390,0.04782,0.03927,0.04969,0.04332,0.04096,0.06492,0.06751,0.04008,0.04056,0.05006,0.04413,0.06070,0.05241,0.05069,0.03215,0.04125,0.08852,0.05254
0.10679,0.03214,0.02755,0.07315,0.04248,0.04905,0.03853,0.04504,0.02706,0.04052,0.03013,0.05892,0.05580,0.04817,0.04939,0.03410,0.06158,0.03739,0.06225,0.07995
0.05669,0.04200,0.04034,0.04837,0.04951,0.04833,0.04902,0.04652,0.04280,0.04738,0.04105,0.04713,0.04763,0.05182,0.05627,0.04785,0.04416,0.04514,0.09630,0.05170
0.03602,0.04827,0.04701,0.04216,0.03320,0.04299,0.04744,0.04570,0.06048,0.04894,0.05145,0.03806,0.07842,0.05690,0.04050,0.07907,0.04188,0.04632,0.05064,0.06456
0.02938,0.04557,0.07588,0.03806,0.03042,0.04843,0.04564,0.04756,0.03579,0.03867,0.05391,0.03416,0.04993,0.04074,0.04222,0.08254,0.03802,0.05372,0.10699,0.06235
0.08313,0.05653,0.03111,0.04444,0.06353,0.03149,0.03319,0.04452,0.09708,0.03524,0.03131,0.04050,0.04082,0.04680,0.03413,0.02681,0.05157,0.08381,0.06607,0.05790
0.06028,0.04733,0.03411,0.03466,0.05160,0.04594,0.04192,0.04938,0.03548,0.04780,0.03599,0.04023,0.05460,0.05266,0.04942,0.05175,0.04410,0.05314,0.11416,0.05546
0.04094,0.03158,0.02698,0.02881,0.03071,0.03304,0.03416,0.02536,0.02409,0.03030,0.02444,0.02524,0.03415,0.02757,0.03167,0.02973,0.03070,0.03187,0.40047,0.05817
0.04149,0.05267,0.05104,0.05337,0.03474,0.04199,0.07949,0.03442,0.06282,0.05606,0.04505,0.04324,0.07454,0.05173,0.04167,0.05235,0.04995,0.03914,0.03786,0.05637
0.02927,0.04893,0.07838,0.03606,0.06026,0.05894,0.05123,0.05315,0.03845,0.06284,0.05684,0.03957,0.04098,0.03252,0.04419,0.05978,0.04126,0.03388,0.07451,0.05896
0.05476,0.04221,0.04419,0.05617,0.05251,0.05980,0.05520,0.03490,0.02962,0.06161,0.03595,0.04927,0.04938,0.04200,0.06523,0.04460,0.06816,0.04175,0.05134,0.06135
0.12590,0.02882,0.03105,0.07761,0.02441,0.07049,0.03381,0.04526,0.03548,0.03168,0.03112,0.08255,0.04936,0.05068,0.04293,0.03273,0.04848,0.04247,0.04597,0.06918
0.03344,0.05078,0.07690,0.04220,0.03356,0.05370,0.04874,0.04113,0.04496,0.04676,0.05148,0.04287,0.04852,0.03958,0.04972,0.06997,0.04108,0.04822,0.07463,0.06174
0.05990,0.03631,0.03623,0.04163,0.03398,0.05103,0.04216,0.03883,0.06555,0.03164,0.03017,0.06700,0.03302,0.06185,0.06239,0.03840,0.03267,0.05485,0.10555,0.07686
0.04005,0.05147,0.05716,0.05016,0.04379,0.06327,0.04535,0.04442,0.06282,0.04995,0.04832,0.06938,0.04161,0.04382,0.04492,0.04632,0.04076,0.04337,0.04417,0.06888
0.03957,0.05039,0.06018,0.06004,0.03340,0.04957,0.04334,0.04965,0.07017,0.03805,0.04947,0.06390,0.03504,0.04554,0.04406,0.03534,0.05009,0.07243,0.04568,0.06409
0.04750,0.05111,0.04662,0.04289,0.05803,0.05170,0.04614,0.05567,0.04319,0.04755,0.04862,0.04238,0.05404,0.05181,0.04627,0.05791,0.04314,0.04564,0.07118,0.04860
0.04739,0.07239,0.04523,0.04076,0.04275,0.04671,0.04904,0.05137,0.03568,0.05225,0.04587,0.04604,0.05381,0.05016,0.04456,0.04757,0.05762,0.05089,0.06794,0.05198
0.09667,0.03701,0.03284,0.10579,0.02969,0.04832,0.04088,0.03516,0.03674,0.04186,0.02756,0.06264,0.05853,0.05127,0.05656,0.03340,0.05227,0.04189,0.04656,0.06437
0.03729,0.04376,0.07576,0.04741,0.03152,0.04443,0.04075,0.06769,0.06028,0.03710,0.04864,0.06737,0.04806,0.06444,0.05978,0.06078,0.02989,0.03991,0.04209,0.05303
0.07827,0.04434,0.03585,0.04761,0.04445,0.04867,0.03333,0.04852,0.03407,0.04047,0.03573,0.05021,0.04708,0.05531,0.05100,0.04073,0.04119,0.05164,0.11991,0.05162
0.05390,0.03841,0.04050,0.04854,0.03591,0.07047,0.04739,0.05986,0.03907,0.04228,0.04048,0.06706,0.04722,0.05601,0.06188,0.05008,0.04476,0.03826,0.05831,0.05963
0.06225,0.03214,0.03100,0.03333,0.06599,0.04028,0.03972,0.03280,0.04420,0.04125,0.02637,0.04122,0.03877,0.04345,0.04706,0.03492,0.03601,0.04591,0.19827,0.06504
0.05070,0.03753,0.04594,0.05074,0.03453,0.05110,0.04132,0.07498,0.05044,0.03258,0.03639,0.07505,0.04024,0.06533,0.06521,0.04635,0.03571,0.04278,0.06860,0.05449
0.05533,0.04453,0.04474,0.04638,0.04903,0.05159,0.04296,0.04123,0.04865,0.04080,0.04104,0.04682,0.04618,0.05109,0.04849,0.04931,0.04084,0.05503,0.10395,0.05199
0.03102,0.02937,0.02336,0.02539,0.03031,0.02997,0.02808,0.02998,0.02150,0.02836,0.02123,0.02789,0.02835,0.02829,0.02673,0.02447,0.02759,0.03074,0.45888,0.04848
0.02203,0.03353,0.04444,0.02202,0.06432,0.04971,0.03615,0.04137,0.02814,0.02953,0.02904,0.03200,0.02576,0.02539,0.04431,0.04371,0.03487,0.03261,0.29666,0.06443
0.05607,0.05011,0.03979,0.05453,0.06517,0.03526,0.05365,0.03965,0.05703,0.04253,0.05287,0.04701,0.05024,0.06156,0.04370,0.04898,0.04381,0.04989,0.05687,0.05129
0.04036,0.04756,0.04713,0.03744,0.04453,0.04565,0.04118,0.04889,0.04258,0.04320,0.03400,0.04279,0.03737,0.03536,0.05035,0.04209,0.03672,0.03773,0.18851,0.05656
0.05669,0.03800,0.03625,0.04421,0.03003,0.04298,0.04559,0.04419,0.04097,0.04109,0.03813,0.04406,0.08174,0.06695,0.05052,0.05932,0.07236,0.06393,0.04006,0.06293
0.04377,0.05547,0.04434,0.03942,0.05062,0.04924,0.05265,0.04115,0.05131,0.05838,0.05567,0.04089,0.05210,0.04479,0.04697,0.06552,0.05060,0.04423,0.06345,0.04943
0.04337,0.06744,0.04865,0.03620,0.02860,0.04055,0.05937,0.03413,0.06444,0.04802,0.04266,0.04777,0.06952,0.05755,0.04384,0.06704,0.03276,0.04617,0.05133,0.07060
0.04614,0.04804,0.04527,0.05406,0.04609,0.05217,0.06205,0.04048,0.04022,0.07054,0.05097,0.04489,0.05792,0.05373,0.05349,0.04556,0.05599,0.04319,0.03808,0.05112
0.04986,0.03745,0.02564,0.03354,0.02976,0.04321,0.03638,0.02520,0.01902,0.04166,0.02718,0.03017,0.05110,0.03611,0.03600,0.03540,0.03593,0.03595,0.30322,0.06723
0.04410,0.04223,0.04690,0.08258,0.03240,0.03523,0.04056,0.04771,0.04761,0.03956,0.04511,0.05493,0.03401,0.05505,0.04332,0.03563,0.04374,0.05545,0.10875,0.06515
0.04263,0.04360,0.05107,0.05366,0.03066,0.05125,0.04308,0.05269,0.05049,0.04255,0.04998,0.03865,0.06470,0.05386,0.04401,0.07175,0.04386,0.04797,0.06279,0.06077
0.04135,0.05717,0.05545,0.04700,0.03661,0.06046,0.05645,0.04678,0.03646,0.05722,0.05716,0.05275,0.05081,0.04338,0.04841,0.05777,0.05667,0.04238,0.04416,0.05155
0.06612,0.06240,0.03799,0.05045,0.04407,0.04152,0.04734,0.04421,0.05180,0.04787,0.04473,0.05184,0.04869,0.05667,0.04380,0.04308,0.05941,0.06406,0.04309,0.05087
0.04718,0.04524,0.05146,0.04665,0.04732,0.04319,0.04084,0.08230,0.06373,0.03335,0.04259,0.05932,0.04204,0.05325,0.05180,0.04640,0.03418,0.04690,0.07492,0.04733
0.05819,0.04419,0.03818,0.03817,0.06764,0.04135,0.04231,0.05051,0.06211,0.03975,0.03542,0.04903,0.03837,0.04869,0.04932,0.04204,0.04047,0.04939,0.11053,0.05434
0.07282,0.03834,0.03468,0.04105,0.04398,0.04644,0.04359,0.03764,0.04597,0.03994,0.03289,0.05148,0.05521,0.06886,0.06460,0.04484,0.03856,0.04632,0.09331,0.05947
0.05957,0.03331,0.03255,0.03328,0.03659,0.04355,0.03251,0.04285,0.04269,0.03608,0.02615,0.03889,0.03505,0.04249,0.04500,0.03285,0.03045,0.04002,0.25584,0.06028
0.03228,0.03753,0.06609,0.05461,0.02448,0.05149,0.04928,0.05770,0.04858,0.03671,0.03500,0.10003,0.04833,0.05300,0.04705,0.03743,0.02971,0.03450,0.04193,0.11425
0.04098,0.03510,0.05601,0.03091,0.05420,0.03340,0.04506,0.12688,0.03856,0.04833,0.03731,0.04298,0.04853,0.03562,0.04532,0.03987,0.04576,0.03360,0.04178,0.11979
0.04924,0.04331,0.03895,0.04663,0.05341,0.05710,0.06598,0.03560,0.03271,0.06850,0.04705,0.04771,0.05529,0.05259,0.04984,0.04720,0.06144,0.04225,0.05017,0.05505
0.03978,0.03321,0.07419,0.07835,0.04362,0.03592,0.03757,0.06958,0.06041,0.03668,0.04808,0.04970,0.03651,0.05267,0.03690,0.03975,0.03605,0.04995,0.07731,0.06376
0.03663,0.04983,0.05709,0.03788,0.04681,0.04807,0.04992,0.05568,0.05509,0.04753,0.05497,0.03919,0.05164,0.04785,0.04474,0.06888,0.04173,0.04110,0.07473,0.05063
0.02773,0.04186,0.06455,0.03424,0.04833,0.05418,0.04566,0.04683,0.03783,0.04087,0.04365,0.04370,0.03172,0.03693,0.04482,0.05376,0.03380,0.04021,0.17229,0.05707
0.02689,0.04529,0.12292,0.05912,0.03911,0.03801,0.03278,0.10200,0.06154,0.03466,0.05239,0.05062,0.03867,0.03576,0.03705,0.03653,0.04037,0.04894,0.03878,0.05858
0.09934,0.02972,0.03095,0.07479,0.03147,0.05688,0.04725,0.03875,0.03664,0.03601,0.02877,0.07821,0.05530,0.05438,0.06032,0.03509,0.05801,0.04292,0.04473,0.06049
0.04644,0.05004,0.05474,0.03764,0.05461,0.04545,0.05233,0.05334,0.06452,0.04074,0.04469,0.04986,0.04698,0.04448,0.04711,0.05702,0.04178,0.04965,0.06483,0.05374
0.15357,0.02485,0.02404,0.08650,0.02913,0.04206,0.03501,0.03243,0.01888,0.03757,0.01843,0.05768,0.05951,0.05184,0.05369,0.02342,0.04585,0.02975,0.07002,0.10578
0.04028,0.04305,0.05561,0.05580,0.03154,0.05724,0.04840,0.04962,0.05543,0.03829,0.04047,0.07870,0.04496,0.05807,0.05873,0.04838,0.03589,0.04871,0.04857,0.06226
0.04303,0.04013,0.04062,0.04429,0.04222,0.03734,0.03729,0.07845,0.04383,0.03446,0.03991,0.03758,0.04424,0.04898,0.04030,0.05030,0.04104,0.05427,0.15147,0.05025
0.10260,0.04917,0.03057,0.05186,0.04942,0.04661,0.04494,0.03730,0.04846,0.03968,0.03661,0.05494,0.04952,0.06025,0.04359,0.03821,0.04604,0.06058,0.05408,0.05558
0.05694,0.03801,0.03446,0.03405,0.04242,0.04397,0.03608,0.03230,0.03513,0.03784,0.02741,0.03796,0.03550,0.03859,0.04555,0.03420,0.03465,0.04342,0.25835,0.05317
