0.08339,0.09445,0.09040,0.07523,0.09133,0.11742,0.10257,0.12031,0.09433,0.13057
0.07228,0.08080,0.07736,0.06244,0.08474,0.13141,0.14456,0.13879,0.09562,0.11199
0.07600,0.09213,0.08427,0.07278,0.09476,0.11763,0.13373,0.12842,0.09344,0.10686
0.07565,0.08466,0.08430,0.06356,0.08615,0.12548,0.13852,0.17123,0.07991,0.09055
0.06816,0.07455,0.07671,0.06209,0.07732,0.12223,0.13617,0.15891,0.10802,0.11584
0.07640,0.08010,0.07954,0.06782,0.08187,0.12852,0.14173,0.15866,0.08646,0.09890
0.05905,0.06413,0.06632,0.05490,0.06562,0.13040,0.16520,0.20425,0.08906,0.10108
0.05720,0.06052,0.06306,0.05191,0.06573,0.14089,0.14846,0.17315,0.10339,0.13569
0.07003,0.06964,0.07760,0.05976,0.08069,0.13323,0.15863,0.18067,0.07489,0.09486
0.06802,0.07765,0.08632,0.06867,0.08103,0.12012,0.15618,0.18425,0.06957,0.08820
0.07024,0.08258,0.08059,0.06781,0.08007,0.12468,0.14572,0.15213,0.09162,0.10456
0.06654,0.07381,0.06635,0.06018,0.07004,0.13665,0.14074,0.17989,0.09694,0.10885
0.07346,0.08535,0.09008,0.06479,0.10448,0.11146,0.13388,0.16031,0.08101,0.09517
0.06307,0.07190,0.06697,0.05985,0.07724,0.13095,0.17144,0.16695,0.08432,0.10730
0.06783,0.07050,0.07290,0.06032,0.07424,0.12572,0.14771,0.22948,0.06752,0.08377
0.09735,0.10671,0.10964,0.07781,0.11001,0.09989,0.11654,0.12264,0.07048,0.08893
0.06920,0.07599,0.07879,0.06724,0.08201,0.12607,0.12370,0.11742,0.12416,0.13542
0.06818,0.07767,0.07308,0.05914,0.07702,0.12965,0.11576,0.15978,0.10471,0.13501
0.07337,0.08210,0.07943,0.06426,0.08338,0.11639,0.13096,0.15590,0.09954,0.11467
0.07789,0.09785,0.09067,0.07555,0.09418,0.12527,0.11698,0.13868,0.08283,0.10010
0.07891,0.09063,0.07838,0.06800,0.09344,0.12190,0.11392,0.13115,0.09959,0.12408
0.06535,0.07128,0.06548,0.06266,0.07388,0.12821,0.13156,0.15805,0.11291,0.13061
0.06929,0.08060,0.08242,0.07378,0.09051,0.13628,0.12390,0.15125,0.08208,0.10990
0.06218,0.07218,0.07043,0.06281,0.07337,0.13497,0.16477,0.16005,0.09143,0.10779
0.05544,0.06191,0.06090,0.05108,0.05683,0.14151,0.15013,0.14655,0.11863,0.15704
0.07508,0.08250,0.08585,0.06976,0.08699,0.12260,0.14335,0.13599,0.08860,0.10928
0.07417,0.09137,0.08257,0.06664,0.08617,0.12303,0.12358,0.15772,0.08884,0.10591
0.08023,0.08885,0.09501,0.06986,0.09533,0.11480,0.13665,0.14148,0.08182,0.09598
0.07929,0.09100,0.08059,0.06770,0.08977,0.12037,0.10869,0.12007,0.10325,0.13927
0.05893,0.06244,0.06281,0.05561,0.06119,0.12948,0.16468,0.17598,0.10637,0.12249
0.08210,0.08164,0.08289,0.07290,0.08116,0.12681,0.11270,0.15745,0.08990,0.11245
0.08125,0.09720,0.08794,0.06871,0.08960,0.12144,0.10894,0.14722,0.09292,0.10477
0.07635,0.08635,0.08608,0.07554,0.08934,0.11999,0.12181,0.14336,0.09245,0.10873
0.07346,0.07851,0.08218,0.06816,0.08927,0.11294,0.08766,0.08945,0.14748,0.17089
0.07191,0.07208,0.07356,0.05986,0.07633,0.12853,0.14799,0.16713,0.08993,0.11268
0.07695,0.08169,0.08404,0.07478,0.08844,0.11934,0.12340,0.14344,0.09415,0.11379
0.07191,0.07737,0.07345,0.06219,0.08390,0.13111,0.11108,0.14983,0.11649,0.12267
0.08951,0.09430,0.09499,0.08385,0.11403,0.09985,0.13872,0.13473,0.06650,0.08351
0.07114,0.07907,0.07753,0.06294,0.07802,0.13329,0.14505,0.17543,0.07971,0.09781
0.06793,0.07344,0.06896,0.05994,0.07379,0.12886,0.15230,0.16547,0.09366,0.11565
0.05553,0.06524,0.06509,0.05271,0.06606,0.13286,0.15947,0.17694,0.10673,0.11937
0.07890,0.08489,0.08098,0.06624,0.09035,0.11906,0.12573,0.15548,0.09135,0.10702
0.05743,0.05900,0.05906,0.05085,0.06271,0.13791,0.16742,0.20439,0.09412,0.10710
0.08261,0.10347,0.09236,0.07638,0.09655,0.11246,0.10668,0.13385,0.09252,0.10311
0.07663,0.07842,0.08417,0.06866,0.09242,0.11535,0.15490,0.14584,0.08387,0.09974
0.06466,0.07184,0.06859,0.06142,0.07279,0.12954,0.11994,0.11267,0.13183,0.16672
0.05841,0.06259,0.06296,0.05154,0.06778,0.14886,0.14394,0.19694,0.08928,0.11771
0.06698,0.07465,0.07295,0.06047,0.07859,0.12743,0.13893,0.14310,0.10861,0.12828
0.07671,0.08709,0.08811,0.07411,0.10214,0.11761,0.12880,0.13152,0.08608,0.10783
0.08063,0.07687,0.07963,0.07125,0.08632,0.12117,0.15134,0.15969,0.07757,0.09554
0.06465,0.07150,0.07180,0.06092,0.07481,0.12864,0.12197,0.19762,0.10096,0.10713
0.06709,0.07360,0.07423,0.06730,0.07554,0.12988,0.14265,0.16195,0.09957,0.10819
0.05689,0.06640,0.06419,0.05411,0.06801,0.13825,0.13998,0.14720,0.11655,0.14841
0.08688,0.09590,0.08989,0.07643,0.09047,0.11558,0.11161,0.15682,0.07881,0.09762
0.05240,0.06372,0.05726,0.05046,0.06144,0.15177,0.15510,0.17384,0.10635,0.12767
0.06577,0.08030,0.07479,0.06070,0.07965,0.11611,0.18019,0.17372,0.07321,0.09556
0.07305,0.08129,0.07503,0.06467,0.07972,0.12283,0.13079,0.19341,0.08311,0.09609
0.05747,0.07327,0.06858,0.05450,0.07792,0.13912,0.13794,0.15854,0.11062,0.12203
0.06812,0.07246,0.07585,0.06065,0.07764,0.13142,0.12339,0.17629,0.09415,0.12003
0.06829,0.07441,0.07618,0.05946,0.08092,0.13241,0.13534,0.14327,0.10221,0.12752
0.06477,0.07203,0.07488,0.06051,0.07012,0.13403,0.13808,0.17897,0.09682,0.10978
0.06814,0.07564,0.07172,0.06705,0.07648,0.14239,0.14453,0.14492,0.09621,0.11292
0.06331,0.07577,0.06719,0.05640,0.07105,0.13654,0.16398,0.15401,0.09633,0.11542
0.07024,0.07900,0.08037,0.06897,0.09580,0.12144,0.16203,0.16623,0.07103,0.08489
0.06292,0.07450,0.06923,0.05775,0.07765,0.13416,0.13605,0.13852,0.10478,0.14446
0.06502,0.07252,0.06888,0.05607,0.07262,0.14918,0.13412,0.15558,0.10865,0.11737
0.07393,0.08385,0.08229,0.06992,0.08601,0.12342,0.13336,0.13045,0.09779,0.11899
0.06229,0.06659,0.06830,0.05403,0.06359,0.13497,0.12802,0.16881,0.11136,0.14204
0.07427,0.08681,0.08889,0.07395,0.08462,0.11798,0.11495,0.12050,0.11010,0.12791
0.07434,0.08495,0.08478,0.06922,0.09210,0.11758,0.11695,0.11561,0.10687,0.13761
0.05480,0.06742,0.06400,0.05107,0.06736,0.13882,0.14545,0.24569,0.07439,0.09100
0.09410,0.10211,0.10280,0.07758,0.10475,0.11406,0.11450,0.13882,0.06966,0.08163
0.07807,0.08766,0.08402,0.08048,0.08893,0.11910,0.12224,0.15483,0.08583,0.09884
0.07390,0.08302,0.07423,0.06365,0.08426,0.11934,0.14181,0.16518,0.08951,0.10510
0.07110,0.07720,0.07275,0.06247,0.07464,0.12691,0.13283,0.16405,0.10083,0.11721
0.09068,0.09320,0.08883,0.06806,0.09215,0.10988,0.11849,0.18981,0.07079,0.07812
0.07395,0.08496,0.08267,0.06814,0.08779,0.13477,0.11780,0.15186,0.09259,0.10546
0.06619,0.07248,0.07978,0.06026,0.07441,0.12714,0.15431,0.15716,0.09233,0.11594
0.05896,0.05791,0.05832,0.04889,0.06155,0.14931,0.13859,0.15299,0.12999,0.14351
0.06663,0.07405,0.07156,0.06093,0.07981,0.13106,0.14737,0.15489,0.09069,0.12301
0.05582,0.05937,0.05679,0.04972,0.06066,0.15646,0.15712,0.20457,0.08802,0.11146
0.07102,0.07808,0.07256,0.06031,0.07848,0.12103,0.13531,0.18940,0.09368,0.10014
0.05470,0.06128,0.05595,0.05259,0.06238,0.13727,0.18000,0.18413,0.09612,0.11557
0.10506,0.10410,0.09670,0.07956,0.11144,0.10091,0.10966,0.11675,0.08566,0.09017
0.05746,0.05987,0.06368,0.05368,0.06417,0.14792,0.15510,0.17428,0.10089,0.12296
0.06088,0.06879,0.06588,0.05819,0.07123,0.13393,0.13756,0.18250,0.10518,0.11585
0.06192,0.06756,0.06487,0.05607,0.06628,0.11821,0.19401,0.21546,0.07074,0.08488
0.05838,0.06345,0.06205,0.05514,0.06387,0.13147,0.17452,0.18381,0.09217,0.11513
0.06979,0.07632,0.07113,0.06241,0.07405,0.13118,0.16208,0.14928,0.09097,0.11278
0.07304,0.08007,0.07509,0.06107,0.08180,0.13011,0.12549,0.13966,0.10231,0.13138
0.05830,0.06556,0.06430,0.05357,0.06634,0.12901,0.18597,0.17103,0.09159,0.11433
0.05290,0.06279,0.05751,0.04922,0.06374,0.13725,0.15769,0.18871,0.10636,0.12384
0.07000,0.08088,0.07504,0.06204,0.08269,0.12986,0.13197,0.16006,0.09745,0.11001
0.06311,0.06964,0.06702,0.05974,0.06490,0.13595,0.16401,0.17731,0.08755,0.11077
0.05818,0.06849,0.06511,0.06004,0.07412,0.13664,0.16759,0.16180,0.09375,0.11429
0.07031,0.07593,0.07423,0.06092,0.07367,0.12021,0.16716,0.17843,0.08211,0.09703
0.06247,0.06820,0.06134,0.05160,0.06985,0.13264,0.15619,0.22136,0.08313,0.09320
0.06405,0.07572,0.07170,0.05585,0.07584,0.13862,0.14943,0.15758,0.09258,0.11862
0.06817,0.08246,0.07922,0.06788,0.08294,0.11499,0.14597,0.16437,0.08774,0.10626
0.08285,0.09743,0.08369,0.07518,0.09740,0.11399,0.12760,0.16270,0.07589,0.08327
