0.07162,0.07745,0.07378,0.06493,0.08436,0.12901,0.12817,0.12972,0.10714,0.13383
0.08018,0.09888,0.09637,0.07820,0.09701,0.11000,0.12966,0.14829,0.07078,0.09064
0.08858,0.10345,0.10201,0.08368,0.10647,0.10288,0.11869,0.11828,0.08175,0.09422
0.06770,0.07238,0.07290,0.06319,0.07791,0.13497,0.13225,0.17467,0.09498,0.10905
0.06292,0.06919,0.06736,0.05574,0.06908,0.13822,0.15272,0.16186,0.09990,0.12302
0.06058,0.06743,0.06595,0.05574,0.06784,0.13987,0.15418,0.16593,0.10224,0.12024
0.08169,0.09508,0.09161,0.07481,0.09539,0.11273,0.12077,0.13257,0.09296,0.10240
0.07398,0.08213,0.07813,0.06994,0.08889,0.12305,0.13539,0.16059,0.08690,0.10100
0.07075,0.08545,0.07919,0.06630,0.08582,0.13202,0.11945,0.13524,0.10206,0.12371
0.07189,0.07344,0.07563,0.06368,0.07709,0.12841,0.13825,0.14990,0.10319,0.11852
0.09115,0.10833,0.09591,0.08506,0.11224,0.10572,0.10860,0.11196,0.08372,0.09731
0.05801,0.06587,0.06162,0.05597,0.06619,0.13951,0.15362,0.17280,0.10161,0.12479
0.06203,0.06387,0.06475,0.05685,0.06472,0.14366,0.13932,0.16223,0.11135,0.13122
0.06892,0.08067,0.07360,0.07006,0.08137,0.12889,0.14120,0.16497,0.08770,0.10262
0.07755,0.09060,0.09162,0.07075,0.09816,0.11722,0.12546,0.14696,0.08135,0.10033
0.06711,0.07530,0.07202,0.06100,0.07796,0.13019,0.14867,0.15747,0.09345,0.11683
0.10336,0.10583,0.10374,0.08873,0.12031,0.09795,0.10147,0.10519,0.08391,0.08950
0.07698,0.07845,0.08024,0.06381,0.08167,0.12211,0.14385,0.14762,0.09396,0.11131
0.08210,0.08926,0.08476,0.07404,0.09654,0.11594,0.12116,0.13138,0.09302,0.11180
0.07936,0.08885,0.08333,0.06811,0.08582,0.11942,0.12917,0.12674,0.09896,0.12024
0.06095,0.07261,0.07126,0.05915,0.07369,0.12807,0.14585,0.14918,0.10706,0.13218
0.05792,0.06818,0.06250,0.05100,0.06858,0.13996,0.15600,0.18241,0.09580,0.11765
0.06209,0.06652,0.06306,0.05383,0.06884,0.14109,0.14746,0.16427,0.10750,0.12535
0.07159,0.08008,0.08372,0.06797,0.08646,0.12426,0.13339,0.14598,0.09711,0.10945
0.05352,0.06382,0.05765,0.05062,0.06203,0.14313,0.16692,0.18809,0.09549,0.11875
0.06995,0.07771,0.07403,0.06314,0.07739,0.13056,0.14175,0.14677,0.10130,0.11741
0.06337,0.07240,0.06878,0.05891,0.07521,0.13262,0.14654,0.15477,0.10280,0.12461
0.07284,0.08159,0.07815,0.06180,0.08448,0.12384,0.13707,0.15069,0.09464,0.11490
0.06682,0.07359,0.07103,0.06104,0.07713,0.12679,0.15526,0.15529,0.09771,0.11534
0.07439,0.08210,0.07661,0.06718,0.08418,0.12472,0.13620,0.16717,0.08530,0.10215
0.07833,0.08838,0.08570,0.07215,0.09328,0.11889,0.11666,0.12751,0.10075,0.11834
0.08816,0.09954,0.09089,0.08169,0.09826,0.11069,0.10516,0.10631,0.09930,0.11999
0.06789,0.07667,0.07377,0.05863,0.07911,0.12781,0.15290,0.16580,0.08982,0.10759
0.06553,0.07628,0.06821,0.05938,0.07241,0.13418,0.14299,0.14139,0.11311,0.12652
0.07041,0.07470,0.07409,0.06154,0.07633,0.13457,0.13026,0.14527,0.10858,0.12424
0.08936,0.10246,0.09607,0.08105,0.10954,0.10773,0.10526,0.12088,0.08389,0.10377
0.07443,0.08808,0.08504,0.06854,0.08706,0.12214,0.12834,0.14909,0.08798,0.10931
0.06816,0.07185,0.07376,0.06237,0.07235,0.12789,0.15423,0.17842,0.08791,0.10306
0.05338,0.05895,0.05596,0.05209,0.06128,0.13963,0.18122,0.17908,0.09734,0.12108
0.08077,0.08137,0.08354,0.07044,0.08918,0.12023,0.12199,0.14393,0.09941,0.10915
0.07591,0.08780,0.08402,0.06644,0.09011,0.11924,0.13062,0.14273,0.09182,0.11132
0.08910,0.10501,0.09950,0.08016,0.10559,0.10194,0.12349,0.13111,0.07418,0.08993
0.07009,0.07691,0.07860,0.05919,0.07613,0.12837,0.14568,0.17087,0.08722,0.10694
0.07144,0.07954,0.07632,0.06569,0.08312,0.12915,0.13175,0.15811,0.09314,0.11174
0.07877,0.09381,0.08926,0.07437,0.09277,0.11735,0.12418,0.13224,0.08748,0.10980
0.06501,0.07179,0.07415,0.06103,0.07404,0.13198,0.15389,0.17902,0.08681,0.10228
0.06906,0.07771,0.07709,0.06555,0.08098,0.12948,0.13526,0.15217,0.09930,0.11339
0.05875,0.06410,0.06188,0.05265,0.06385,0.14284,0.13915,0.14814,0.12146,0.14719
0.06160,0.07047,0.06878,0.05669,0.07031,0.13287,0.16444,0.16333,0.09436,0.11716
0.06103,0.06716,0.05975,0.05548,0.06706,0.14331,0.14339,0.14860,0.11671,0.13750
0.07121,0.08094,0.07832,0.06539,0.08308,0.12595,0.14904,0.17351,0.07674,0.09582
0.06328,0.07408,0.06575,0.05746,0.07342,0.13537,0.14303,0.16562,0.10170,0.12027
0.06994,0.07411,0.07044,0.06045,0.07378,0.13246,0.13671,0.16316,0.10316,0.11579
0.06360,0.07363,0.07040,0.05709,0.07490,0.13337,0.13025,0.14180,0.11638,0.13858
0.07050,0.07863,0.07826,0.06171,0.08086,0.12632,0.14318,0.14423,0.09715,0.11917
0.07891,0.08576,0.08650,0.07288,0.09308,0.12083,0.10899,0.12780,0.10452,0.12073
0.05700,0.06423,0.06153,0.05470,0.06587,0.14565,0.15491,0.16618,0.10172,0.12822
0.07086,0.08337,0.07935,0.06650,0.08654,0.12549,0.15051,0.15054,0.08252,0.10432
0.08139,0.09294,0.08373,0.07480,0.10350,0.11230,0.14206,0.14353,0.07238,0.09337
0.06890,0.07413,0.07456,0.06328,0.07851,0.13051,0.14471,0.16141,0.08874,0.11527
0.07682,0.08597,0.08836,0.07106,0.08674,0.12015,0.12661,0.15319,0.08769,0.10341
0.06881,0.06939,0.06854,0.06298,0.07337,0.13580,0.14197,0.16668,0.09411,0.11835
0.07137,0.07862,0.07746,0.06524,0.08285,0.12806,0.13344,0.16110,0.09237,0.10948
0.07734,0.09176,0.08498,0.07176,0.09187,0.12038,0.11962,0.14283,0.09438,0.10506
0.08009,0.09327,0.09340,0.07519,0.09035,0.11639,0.12556,0.14501,0.08290,0.09785
0.06179,0.06965,0.06855,0.05905,0.07470,0.13176,0.16547,0.16674,0.08997,0.11232
0.06691,0.07418,0.07285,0.06118,0.07896,0.13365,0.14273,0.17765,0.08783,0.10405
0.06010,0.07017,0.07071,0.05892,0.07327,0.13656,0.15492,0.16005,0.09482,0.12048
0.06157,0.06813,0.06932,0.05940,0.07048,0.13441,0.15387,0.15596,0.09938,0.12748
0.08178,0.09359,0.09389,0.07419,0.09990,0.11154,0.13020,0.15697,0.07130,0.08665
0.07992,0.09299,0.08864,0.07062,0.09158,0.11878,0.12251,0.14091,0.08995,0.10411
0.07503,0.08697,0.08312,0.06774,0.08751,0.12873,0.12343,0.14034,0.09444,0.11268
0.06637,0.07135,0.06845,0.06062,0.07105,0.13761,0.13417,0.14241,0.11439,0.13358
0.07151,0.07743,0.07686,0.06251,0.07951,0.12993,0.13509,0.15462,0.09752,0.11503
0.06987,0.07583,0.07264,0.06194,0.08063,0.13117,0.13042,0.14646,0.10268,0.12836
0.09317,0.10619,0.09646,0.08238,0.11179,0.10087,0.11681,0.12181,0.07541,0.09511
0.07315,0.07687,0.07984,0.06644,0.07959,0.13107,0.12064,0.14214,0.10757,0.12269
0.06737,0.07542,0.07413,0.06042,0.08041,0.13403,0.14530,0.16313,0.09148,0.10831
0.07760,0.08915,0.08002,0.07243,0.08728,0.12582,0.12255,0.15372,0.09049,0.10094
0.06626,0.07526,0.07315,0.06227,0.07907,0.13003,0.14045,0.14279,0.10487,0.12586
0.06533,0.07749,0.07292,0.05883,0.07646,0.12639,0.15103,0.15406,0.09835,0.11913
0.06874,0.08054,0.07645,0.06462,0.08152,0.12587,0.14006,0.15620,0.09226,0.11375
0.06223,0.06870,0.06652,0.05803,0.06865,0.13803,0.15108,0.15717,0.10176,0.12781
0.06523,0.07614,0.07080,0.06076,0.07561,0.13044,0.15072,0.14941,0.09874,0.12214
0.07718,0.08230,0.08194,0.07022,0.08577,0.12462,0.12196,0.14282,0.09762,0.11557
0.06592,0.06784,0.06558,0.06084,0.07039,0.13972,0.13547,0.15099,0.11372,0.12951
0.06396,0.06846,0.06850,0.06036,0.07191,0.13829,0.14689,0.16118,0.09703,0.12342
0.10419,0.11502,0.10981,0.09439,0.12420,0.09013,0.08861,0.10246,0.08052,0.09067
0.08334,0.09600,0.08651,0.07576,0.09366,0.11545,0.11999,0.14868,0.08205,0.09856
0.06801,0.07465,0.07404,0.06665,0.07635,0.12685,0.14538,0.15825,0.09631,0.11351
0.07195,0.08234,0.07972,0.07165,0.08874,0.12141,0.13109,0.15209,0.09192,0.10909
0.07051,0.07402,0.07600,0.06537,0.08114,0.13261,0.14171,0.17581,0.08129,0.10154
0.06598,0.07980,0.07297,0.06601,0.07858,0.13248,0.13958,0.16155,0.09205,0.11100
0.09201,0.10303,0.10072,0.08456,0.11359,0.10488,0.10367,0.12218,0.08145,0.09392
0.07150,0.07748,0.07554,0.06356,0.07834,0.13290,0.14143,0.15944,0.08886,0.11095
0.07462,0.07869,0.08066,0.06509,0.08385,0.12377,0.14433,0.16498,0.08240,0.10161
0.07404,0.08330,0.07746,0.06681,0.08237,0.13099,0.11182,0.13730,0.11108,0.12483
0.05451,0.06069,0.05901,0.05001,0.06142,0.14560,0.16803,0.18185,0.09829,0.12059
0.08088,0.08269,0.08607,0.07492,0.08619,0.12334,0.11848,0.12566,0.10151,0.12026
0.06955,0.07150,0.07392,0.06247,0.07811,0.13118,0.13354,0.15968,0.10300,0.11706
0.05803,0.06268,0.05700,0.05204,0.06202,0.14664,0.14954,0.18459,0.10881,0.11865
0.09045,0.09824,0.09546,0.07457,0.09805,0.11021,0.11712,0.13502,0.08175,0.09913
0.06609,0.06719,0.06805,0.05817,0.07539,0.13173,0.15773,0.17412,0.08862,0.11291
0.06751,0.07879,0.07443,0.06260,0.08308,0.12873,0.13292,0.13980,0.10328,0.12886
0.05506,0.05854,0.05851,0.04905,0.06210,0.14568,0.16682,0.16770,0.10611,0.13043
0.06207,0.07176,0.06731,0.06158,0.07662,0.13099,0.15623,0.15967,0.09878,0.11498
0.07988,0.08987,0.08924,0.07789,0.09240,0.11507,0.12367,0.14727,0.08220,0.10250
0.06626,0.07084,0.06951,0.06164,0.07422,0.13732,0.14157,0.15379,0.10616,0.11869
0.07846,0.08570,0.08294,0.06717,0.08592,0.12107,0.12179,0.13572,0.10082,0.12041
0.06841,0.07798,0.07818,0.06235,0.08109,0.12622,0.14486,0.15835,0.08982,0.11272
0.07882,0.08674,0.08146,0.07069,0.09029,0.11989,0.12308,0.13370,0.10065,0.11468
0.07250,0.07695,0.07980,0.06315,0.07873,0.13091,0.12931,0.13851,0.10357,0.12657
0.07343,0.08244,0.08096,0.06993,0.08773,0.12575,0.12140,0.14512,0.09863,0.11459
0.07117,0.08003,0.07732,0.06598,0.08325,0.12497,0.14280,0.17472,0.08167,0.09810
0.07737,0.08679,0.08149,0.06896,0.08796,0.12495,0.12618,0.15247,0.08908,0.10475
0.07539,0.07990,0.07830,0.06631,0.08062,0.12300,0.13708,0.15537,0.09064,0.11340
0.08693,0.09314,0.09661,0.07815,0.10476,0.11133,0.11806,0.11852,0.08980,0.10270
0.08064,0.08572,0.08714,0.06839,0.08808,0.11979,0.13080,0.15814,0.08498,0.09632
0.06259,0.07862,0.06764,0.05981,0.07497,0.12793,0.15842,0.18149,0.08288,0.10566
0.04809,0.05349,0.05493,0.04623,0.05360,0.15270,0.16497,0.19283,0.10600,0.12715
0.07823,0.09188,0.08875,0.07290,0.09226,0.11538,0.12150,0.13133,0.09284,0.11492
0.06834,0.08054,0.07830,0.06547,0.07991,0.13030,0.13623,0.16121,0.09136,0.10834
0.06300,0.07400,0.07176,0.06100,0.07925,0.13040,0.14458,0.16017,0.09636,0.11948
0.07612,0.08424,0.08298,0.06913,0.09363,0.12082,0.13380,0.13806,0.08760,0.11363
0.09051,0.10734,0.09504,0.08013,0.10707,0.09924,0.11321,0.11609,0.08548,0.10591
0.06842,0.07953,0.07656,0.06617,0.08429,0.12569,0.14037,0.16780,0.08678,0.10439
0.08540,0.10465,0.09891,0.07834,0.10401,0.10969,0.11480,0.10917,0.08781,0.10721
0.08739,0.09416,0.09223,0.07371,0.09706,0.11673,0.11011,0.11947,0.09311,0.11602
0.07336,0.08650,0.08343,0.06646,0.08669,0.12191,0.13059,0.13955,0.09653,0.11499
0.06068,0.06667,0.06353,0.05541,0.06835,0.13681,0.14465,0.15057,0.11702,0.13631
0.08480,0.08683,0.08915,0.07756,0.09755,0.11506,0.11887,0.13511,0.09175,0.10333
0.06083,0.06579,0.06609,0.05576,0.06744,0.13569,0.15687,0.18311,0.09478,0.11364
0.07176,0.08561,0.07996,0.06762,0.08888,0.12605,0.13371,0.15090,0.08804,0.10746
0.06641,0.07491,0.07026,0.05811,0.07465,0.13362,0.14685,0.16704,0.09465,0.11351
0.07680,0.08403,0.08079,0.06835,0.08449,0.12013,0.13218,0.14987,0.09160,0.11177
0.07146,0.07851,0.07544,0.06322,0.07940,0.12708,0.13966,0.14670,0.09895,0.11958
0.08480,0.10029,0.09442,0.07596,0.09800,0.11031,0.11702,0.13642,0.08344,0.09932
0.06594,0.07077,0.06979,0.06008,0.07710,0.13086,0.15551,0.15999,0.09537,0.11458
0.07615,0.08046,0.08054,0.06610,0.08303,0.12826,0.12635,0.13849,0.10028,0.12033
0.07151,0.07893,0.07725,0.06657,0.08456,0.12383,0.13894,0.14877,0.09676,0.11287
0.07001,0.07742,0.07400,0.06532,0.07663,0.13471,0.13352,0.14308,0.10063,0.12468
0.06818,0.07316,0.07278,0.06108,0.07654,0.13202,0.14881,0.18750,0.08428,0.09565
0.08561,0.09914,0.09396,0.07391,0.09868,0.10847,0.12952,0.13897,0.07371,0.09803
0.06756,0.07026,0.06918,0.05780,0.07577,0.13711,0.13011,0.13884,0.11496,0.13841
0.05880,0.06611,0.06548,0.05588,0.06968,0.14261,0.15393,0.15805,0.10369,0.12575
0.08393,0.09234,0.09248,0.07928,0.09013,0.11624,0.11745,0.13235,0.08993,0.10587
0.06251,0.07420,0.06820,0.06035,0.07494,0.13298,0.14658,0.18791,0.08851,0.10382
0.07009,0.07313,0.07178,0.06285,0.07869,0.13491,0.13133,0.14373,0.10690,0.12659
0.08215,0.09827,0.09748,0.07886,0.10339,0.10847,0.10918,0.12243,0.09129,0.10847
0.07601,0.08346,0.08343,0.06661,0.08178,0.12345,0.13721,0.15463,0.08886,0.10456
0.08889,0.09106,0.08727,0.08295,0.10145,0.11227,0.11359,0.13839,0.08467,0.09945
0.07325,0.08566,0.08232,0.06522,0.08406,0.12610,0.13452,0.16826,0.08337,0.09725
0.07782,0.08792,0.08645,0.07555,0.08338,0.12232,0.11876,0.14820,0.09180,0.10779
0.05498,0.06051,0.05991,0.05029,0.06300,0.14387,0.15619,0.18765,0.09966,0.12394
0.07351,0.08254,0.08200,0.06514,0.08741,0.12785,0.12809,0.14562,0.09522,0.11261
0.07069,0.07756,0.07589,0.06856,0.07878,0.12292,0.14491,0.15175,0.09382,0.11513
0.05799,0.06238,0.06315,0.05147,0.06378,0.14090,0.15784,0.18804,0.09840,0.11604
0.06253,0.07452,0.07000,0.05945,0.07426,0.13911,0.13150,0.17401,0.09693,0.11769
0.06510,0.06756,0.06622,0.05877,0.07026,0.13206,0.16617,0.17905,0.08810,0.10670
0.07867,0.08555,0.08470,0.07335,0.08860,0.12146,0.12515,0.14136,0.09219,0.10897
0.06976,0.08017,0.07503,0.06815,0.08230,0.12496,0.15064,0.15738,0.08491,0.10670
0.07195,0.07820,0.07623,0.06762,0.08079,0.12756,0.12337,0.14769,0.10553,0.12105
0.07076,0.07862,0.07329,0.06489,0.07908,0.13069,0.12888,0.15787,0.10016,0.11577
0.07213,0.07912,0.07740,0.06381,0.08192,0.12975,0.13502,0.17313,0.08655,0.10116
0.07755,0.09264,0.08479,0.07209,0.09427,0.11726,0.12325,0.13412,0.09199,0.11205
0.07783,0.08839,0.08634,0.07209,0.09223,0.11754,0.12237,0.13475,0.09672,0.11174
0.07226,0.07932,0.07524,0.06538,0.08203,0.12864,0.14303,0.15087,0.09225,0.11097
0.05760,0.06143,0.06035,0.05426,0.06341,0.14764,0.15700,0.18262,0.09976,0.11592
0.09037,0.10549,0.10354,0.08204,0.10609,0.10554,0.10985,0.11305,0.08380,0.10023
0.05637,0.06641,0.06261,0.05186,0.06531,0.14176,0.16693,0.19816,0.08543,0.10517
0.07269,0.07940,0.07924,0.06771,0.08240,0.12825,0.12542,0.14877,0.09774,0.11838
0.07523,0.08082,0.07912,0.07128,0.08775,0.12666,0.12665,0.13997,0.09600,0.11651
0.07413,0.08782,0.08087,0.06714,0.08920,0.12287,0.13059,0.13379,0.09139,0.12220
0.05204,0.05732,0.05625,0.05081,0.05865,0.14931,0.15902,0.24389,0.08359,0.08911
0.09064,0.09656,0.09908,0.08187,0.10730,0.10832,0.10939,0.11874,0.08585,0.10225
0.07493,0.08303,0.08109,0.06950,0.08586,0.12147,0.13330,0.15074,0.09139,0.10868
0.07774,0.08296,0.07915,0.06591,0.08288,0.12412,0.13764,0.14702,0.09119,0.11138
0.07513,0.08148,0.07929,0.06733,0.08560,0.12073,0.13778,0.15623,0.09122,0.10521
0.07994,0.08987,0.08521,0.07163,0.09555,0.11619,0.13168,0.15467,0.07707,0.09820
0.06051,0.06922,0.06881,0.05834,0.07418,0.13656,0.15342,0.17927,0.09145,0.10824
0.08427,0.09501,0.08790,0.07286,0.09793,0.11537,0.11932,0.12533,0.09555,0.10646
0.06496,0.07083,0.07065,0.06190,0.07026,0.13380,0.15517,0.13407,0.11032,0.12803
0.07720,0.08683,0.08454,0.06830,0.08839,0.12044,0.13341,0.15303,0.08471,0.10316
0.08536,0.09393,0.08709,0.07873,0.09785,0.11216,0.10498,0.12008,0.09954,0.12028
0.09230,0.09991,0.09936,0.08102,0.10349,0.10664,0.11177,0.11985,0.08360,0.10205
0.06481,0.06860,0.06630,0.05500,0.06898,0.13638,0.15279,0.16698,0.09975,0.12041
0.05980,0.06356,0.06143,0.05302,0.06488,0.13824,0.16567,0.17345,0.09733,0.12263
0.06084,0.06740,0.06498,0.05539,0.06878,0.13284,0.17194,0.18739,0.08382,0.10662
0.07343,0.08118,0.07910,0.06720,0.08490,0.12302,0.14464,0.16751,0.08025,0.09877
0.07454,0.08606,0.08436,0.07016,0.08510,0.12380,0.11557,0.14359,0.09998,0.11684
0.08627,0.09758,0.09472,0.07905,0.10187,0.11037,0.11680,0.12056,0.08851,0.10428
0.07521,0.08196,0.07886,0.07179,0.08311,0.12272,0.12101,0.14417,0.09932,0.12185
0.06129,0.06536,0.06608,0.05733,0.07150,0.13465,0.14137,0.13728,0.11992,0.14522
0.06879,0.07637,0.07355,0.06541,0.07680,0.13342,0.13258,0.15067,0.10201,0.12041
0.06876,0.07783,0.07629,0.06582,0.08023,0.12480,0.14705,0.15789,0.09116,0.11015
0.06547,0.07160,0.06922,0.05929,0.07497,0.13741,0.14201,0.14561,0.10990,0.12453
0.06859,0.07445,0.07121,0.06162,0.07814,0.12742,0.14902,0.15828,0.09402,0.11726
0.07834,0.08593,0.09144,0.06866,0.09265,0.11696,0.12989,0.16687,0.07744,0.09181
0.06219,0.07187,0.06693,0.05504,0.07503,0.12934,0.16500,0.17340,0.08703,0.11417
0.06793,0.07362,0.07348,0.06779,0.07719,0.12744,0.12876,0.13845,0.10779,0.13754
0.08192,0.09365,0.08395,0.07142,0.09141,0.11938,0.11518,0.12483,0.09757,0.12069
0.07026,0.07585,0.07609,0.06314,0.07855,0.12702,0.14186,0.14857,0.10071,0.11794
0.07398,0.07951,0.07765,0.06812,0.09028,0.12240,0.11659,0.13243,0.10639,0.13265
0.08874,0.10444,0.09979,0.07810,0.10384,0.10685,0.11312,0.11500,0.08604,0.10407
0.08917,0.09368,0.09322,0.08295,0.09077,0.11265,0.11739,0.13728,0.08479,0.09811
0.08550,0.09338,0.08773,0.07802,0.09441,0.11745,0.11050,0.13162,0.09172,0.10966
0.08316,0.09971,0.08855,0.07522,0.10224,0.11103,0.11780,0.13228,0.08791,0.10210
0.06276,0.07025,0.06638,0.05687,0.06822,0.13940,0.13948,0.16655,0.10817,0.12191
0.08643,0.09293,0.09323,0.07248,0.09872,0.11523,0.12206,0.14473,0.08211,0.09208
0.07483,0.08088,0.07862,0.06627,0.08304,0.12914,0.13364,0.15088,0.09053,0.11217
0.07754,0.08478,0.08513,0.06934,0.09461,0.11795,0.12635,0.13390,0.09553,0.11489
0.05274,0.06289,0.06005,0.05073,0.06357,0.14307,0.16392,0.18400,0.09842,0.12062
0.06915,0.07322,0.07421,0.06387,0.07947,0.13243,0.13556,0.14364,0.10239,0.12604
0.09524,0.10904,0.10261,0.08484,0.11301,0.10176,0.10308,0.11199,0.08357,0.09486
0.09326,0.09806,0.09911,0.07729,0.10706,0.10600,0.11656,0.13571,0.07665,0.09029
0.07822,0.08338,0.08285,0.07121,0.08413,0.12372,0.13090,0.14297,0.09369,0.10895
0.06433,0.07228,0.07116,0.05868,0.07363,0.13045,0.15928,0.15548,0.09602,0.11869
0.06574,0.07282,0.06810,0.05862,0.07407,0.13132,0.15089,0.16961,0.09426,0.11457
0.06646,0.07352,0.07423,0.06080,0.07709,0.13377,0.13681,0.14559,0.10769,0.12404
0.06923,0.07187,0.07083,0.06471,0.07807,0.12988,0.12399,0.14306,0.11295,0.13541
0.08533,0.09266,0.09350,0.07717,0.09424,0.11332,0.11442,0.13861,0.08795,0.10282
0.07849,0.09532,0.09064,0.07282,0.09170,0.11592,0.12255,0.12827,0.09651,0.10777
0.08239,0.08635,0.08422,0.07691,0.09736,0.11893,0.11090,0.11996,0.10257,0.12042
0.05999,0.06542,0.06393,0.05506,0.06914,0.14310,0.14663,0.15134,0.11321,0.13219
0.08057,0.09111,0.08907,0.08131,0.09446,0.11133,0.12343,0.14158,0.08800,0.09914
0.07579,0.08202,0.08060,0.06826,0.08484,0.11306,0.14833,0.14676,0.08850,0.11185
0.06387,0.07380,0.06769,0.05982,0.07018,0.13459,0.14459,0.16690,0.09821,0.12035
0.06711,0.07367,0.07017,0.06217,0.07847,0.13790,0.12700,0.13614,0.11477,0.13260
0.08764,0.10368,0.09574,0.07800,0.10493,0.10399,0.12338,0.12936,0.07535,0.09792
0.08225,0.10020,0.09488,0.07483,0.09647,0.10941,0.12659,0.12957,0.08389,0.10190
0.07565,0.08466,0.08328,0.06933,0.08405,0.11579,0.14369,0.15975,0.08269,0.10111
0.06212,0.06986,0.06632,0.06123,0.06884,0.13526,0.15815,0.19853,0.07991,0.09978
0.07814,0.08739,0.08334,0.06851,0.09061,0.12486,0.12465,0.14613,0.09027,0.10608
0.05310,0.06459,0.06370,0.05274,0.06506,0.13803,0.16451,0.16902,0.10271,0.12654
0.06794,0.07189,0.07379,0.06281,0.07816,0.13299,0.14482,0.17024,0.08942,0.10795
0.07757,0.08868,0.08173,0.07276,0.09267,0.12093,0.12457,0.13543,0.09476,0.11090
0.07433,0.08388,0.08313,0.06965,0.08556,0.12717,0.12737,0.15057,0.09123,0.10710
0.08325,0.09367,0.08723,0.07561,0.09697,0.11690,0.11481,0.12269,0.09779,0.11108
0.08818,0.09964,0.08999,0.08062,0.10040,0.11137,0.12197,0.13252,0.07902,0.09628
0.08020,0.09228,0.09231,0.07165,0.09759,0.11366,0.11259,0.13064,0.09660,0.11247
0.08105,0.08677,0.08054,0.07220,0.08926,0.12008,0.12389,0.14717,0.09152,0.10752
0.09239,0.10308,0.10164,0.07855,0.11311,0.10505,0.10624,0.11746,0.08214,0.10034
0.06025,0.06261,0.06252,0.05521,0.06854,0.14448,0.15118,0.15143,0.11221,0.13158
0.08463,0.09019,0.08667,0.07311,0.08955,0.11782,0.12644,0.15424,0.08103,0.09632
0.06957,0.08134,0.07838,0.06878,0.08675,0.12725,0.13067,0.15093,0.09488,0.11145
0.07701,0.08614,0.08140,0.06940,0.08584,0.12246,0.13512,0.14837,0.09177,0.10248
0.07641,0.07648,0.07897,0.06522,0.08533,0.12484,0.14487,0.18013,0.07425,0.09350
0.06130,0.07362,0.07050,0.06026,0.07582,0.13288,0.14531,0.15824,0.09965,0.12242
0.06695,0.07631,0.07424,0.06206,0.07599,0.13198,0.13731,0.15952,0.09620,0.11945
0.07258,0.08002,0.07350,0.06281,0.08103,0.12647,0.13587,0.18733,0.08433,0.09607
0.07581,0.08720,0.07976,0.06849,0.09050,0.11602,0.13537,0.13990,0.09248,0.11446
0.08091,0.08960,0.08646,0.07106,0.09212,0.12037,0.11608,0.12567,0.09805,0.11968
0.07943,0.08752,0.08443,0.07024,0.09300,0.11839,0.13243,0.14231,0.08736,0.10490
0.06893,0.07529,0.07551,0.06250,0.07890,0.13155,0.14603,0.18158,0.08313,0.09658
0.06825,0.07485,0.07137,0.06179,0.07844,0.13296,0.14167,0.13425,0.10885,0.12756
0.05612,0.06178,0.05947,0.05190,0.06203,0.14688,0.14710,0.17442,0.10986,0.13043
0.05318,0.05859,0.05646,0.05097,0.06296,0.15114,0.14256,0.16684,0.11970,0.13761
0.07249,0.08198,0.08128,0.06599,0.08166,0.12317,0.13422,0.15046,0.09556,0.11317
0.06762,0.07699,0.07316,0.06210,0.07785,0.13171,0.14476,0.14233,0.10112,0.12236
0.09409,0.09301,0.09933,0.07810,0.09495,0.10880,0.11890,0.13620,0.08305,0.09356
0.07756,0.08000,0.07793,0.06685,0.08504,0.12209,0.13543,0.14140,0.09497,0.11875
0.07454,0.07787,0.07668,0.06603,0.07920,0.12573,0.13939,0.15722,0.09316,0.11017
0.05264,0.05596,0.05205,0.04778,0.06297,0.14255,0.18009,0.18696,0.09911,0.11989
0.06192,0.07106,0.07062,0.05606,0.07162,0.13583,0.15574,0.15944,0.09565,0.12206
0.08079,0.09062,0.08880,0.07392,0.09451,0.11572,0.10797,0.11329,0.10893,0.12545
0.07235,0.07999,0.07545,0.06232,0.07689,0.12585,0.14800,0.15284,0.09113,0.11519
0.06826,0.07409,0.07603,0.06450,0.07570,0.13005,0.13917,0.14443,0.10327,0.12449
0.07170,0.08409,0.07925,0.06778,0.07620,0.12512,0.13011,0.14465,0.09835,0.12275
0.07607,0.08318,0.07955,0.07252,0.08984,0.11819,0.13542,0.14824,0.08824,0.10875
0.07798,0.08744,0.08736,0.07286,0.09317,0.11980,0.12308,0.14302,0.08635,0.10893
0.06926,0.07757,0.07607,0.06559,0.08147,0.12608,0.14873,0.15430,0.09250,0.10843
0.06878,0.07303,0.07592,0.06440,0.07413,0.12993,0.13352,0.16159,0.10131,0.11740
0.09565,0.10303,0.09850,0.08339,0.10570,0.10523,0.10993,0.12951,0.07788,0.09119
0.07024,0.07983,0.07581,0.06311,0.08222,0.13180,0.12938,0.13233,0.10657,0.12869
0.06598,0.07551,0.07704,0.06158,0.07933,0.12389,0.14611,0.14647,0.10351,0.12058
0.07771,0.08846,0.08701,0.07071,0.09042,0.11450,0.12535,0.14350,0.09418,0.10816
0.07225,0.08390,0.07839,0.06496,0.08771,0.12638,0.14128,0.17487,0.07747,0.09279
0.08701,0.09241,0.09036,0.07834,0.09782,0.11497,0.11422,0.13242,0.09028,0.10218
0.07217,0.08197,0.07693,0.06477,0.08243,0.12544,0.13187,0.15095,0.09883,0.11463
0.07561,0.08182,0.08318,0.06501,0.08455,0.12102,0.14794,0.15331,0.08400,0.10355
0.05969,0.07356,0.06991,0.05791,0.07113,0.14145,0.14655,0.16718,0.09861,0.11400
0.05467,0.06463,0.06396,0.05379,0.06681,0.14452,0.15284,0.20389,0.09116,0.10373
0.05765,0.06631,0.06276,0.05463,0.06642,0.13938,0.15712,0.18372,0.09793,0.11409
0.07049,0.07308,0.07417,0.06120,0.07347,0.12942,0.14771,0.20274,0.07840,0.08931
0.08136,0.08525,0.08645,0.07367,0.08920,0.12050,0.11960,0.13828,0.09586,0.10983
0.07802,0.08143,0.08165,0.07092,0.08665,0.11958,0.13346,0.14823,0.08994,0.11011
0.06672,0.07290,0.07142,0.06114,0.07804,0.13951,0.13357,0.16118,0.09787,0.11765
0.06751,0.07205,0.07304,0.06111,0.07596,0.13137,0.14699,0.17651,0.08867,0.10678
0.07211,0.08013,0.08106,0.06772,0.09071,0.12599,0.12413,0.13281,0.10188,0.12347
0.07370,0.08147,0.07827,0.06581,0.08996,0.12578,0.13777,0.18169,0.07702,0.08852
0.08379,0.08882,0.08799,0.07843,0.09203,0.11685,0.12435,0.13696,0.08322,0.10756
0.06408,0.06890,0.06655,0.05895,0.07073,0.13556,0.15155,0.18088,0.09147,0.11135
0.08576,0.08701,0.08504,0.07378,0.09344,0.11393,0.11264,0.12532,0.10347,0.11963
0.07694,0.08142,0.07775,0.07272,0.08218,0.12212,0.12567,0.14848,0.09409,0.11862
0.07708,0.08727,0.08885,0.06990,0.09060,0.11692,0.12010,0.12163,0.10480,0.12286
0.09730,0.10441,0.09783,0.09171,0.10470,0.10502,0.10864,0.11811,0.07986,0.09243
0.08656,0.09551,0.09960,0.08048,0.10416,0.10845,0.12022,0.12978,0.07904,0.09619
0.08299,0.09408,0.09025,0.07449,0.09761,0.12207,0.11058,0.11321,0.09895,0.11577
0.05977,0.06630,0.06450,0.05592,0.06895,0.13932,0.16081,0.16818,0.09604,0.12021
0.07290,0.08219,0.07735,0.06804,0.08237,0.12475,0.12174,0.14135,0.10605,0.12328
