0.02733,0.02061,0.02051,0.02013,0.01743,0.01529,0.02151,0.02198,0.07856,0.02276,0.02319,0.02105,0.35786,0.33177
0.02403,0.05810,0.03946,0.03835,0.03960,0.01657,0.02197,0.02295,0.04235,0.02252,0.02997,0.04550,0.30085,0.29778
0.02475,0.03131,0.02264,0.02190,0.02015,0.01711,0.03369,0.03219,0.03632,0.02552,0.02644,0.02442,0.34897,0.33457
0.01948,0.03417,0.02668,0.02729,0.01705,0.01696,0.03304,0.02931,0.03200,0.03129,0.05523,0.16629,0.26861,0.24258
0.08392,0.02979,0.02770,0.02719,0.03647,0.01813,0.24642,0.21785,0.03404,0.02071,0.04078,0.01559,0.09859,0.10283
0.04277,0.02380,0.02991,0.03001,0.03531,0.01710,0.02755,0.02713,0.03559,0.02582,0.17038,0.30174,0.11873,0.11418
0.02422,0.02648,0.02438,0.02379,0.02065,0.02219,0.02814,0.02925,0.02984,0.03006,0.03238,0.03584,0.34205,0.33073
0.02316,0.04404,0.02409,0.02388,0.01713,0.02138,0.02516,0.02664,0.03149,0.02879,0.03053,0.02707,0.35560,0.32103
0.01798,0.05856,0.18859,0.17224,0.05283,0.02110,0.02272,0.02251,0.02526,0.03692,0.04005,0.02728,0.15713,0.15682
0.02815,0.03515,0.03018,0.02932,0.04520,0.02078,0.03353,0.03346,0.19659,0.04143,0.03633,0.03126,0.23548,0.20314
0.03171,0.04101,0.06524,0.06873,0.11564,0.02711,0.02924,0.02689,0.05329,0.03259,0.09738,0.06345,0.18078,0.16693
0.01640,0.03614,0.01895,0.01864,0.01402,0.01459,0.02427,0.02345,0.02514,0.03256,0.02914,0.03045,0.35647,0.35979
0.01497,0.01981,0.01823,0.01761,0.01156,0.01219,0.01586,0.01525,0.02040,0.01679,0.01731,0.01187,0.43276,0.37540
0.01821,0.03995,0.03451,0.03591,0.03356,0.02253,0.02081,0.02116,0.02704,0.02781,0.03005,0.04313,0.35641,0.28891
0.01946,0.03095,0.03045,0.02870,0.03889,0.02229,0.02296,0.02316,0.01952,0.02922,0.03424,0.03695,0.32237,0.34084
0.01927,0.05461,0.03291,0.03266,0.02475,0.09424,0.03811,0.03797,0.02753,0.06110,0.05726,0.02391,0.24277,0.25292
0.01819,0.01888,0.02070,0.02066,0.62344,0.01382,0.04568,0.04138,0.01500,0.01511,0.02119,0.01673,0.06231,0.06691
0.00974,0.04022,0.02420,0.02318,0.01726,0.01734,0.01525,0.01560,0.01951,0.02292,0.02483,0.02321,0.37833,0.36842
0.02573,0.05363,0.05186,0.05203,0.10515,0.02437,0.04002,0.03576,0.03519,0.03892,0.05225,0.06489,0.21347,0.20674
0.01477,0.04731,0.04060,0.03820,0.02067,0.01756,0.02408,0.02408,0.01160,0.02335,0.02624,0.03045,0.35071,0.33038
0.01319,0.02878,0.02050,0.01937,0.02402,0.01784,0.02087,0.02124,0.01906,0.02266,0.02313,0.02386,0.36533,0.38015
0.04797,0.04237,0.05118,0.04913,0.04071,0.03701,0.07150,0.08152,0.02403,0.04823,0.03092,0.03769,0.21924,0.21851
0.02207,0.03816,0.02282,0.02303,0.02224,0.01782,0.02804,0.02596,0.02052,0.03468,0.04148,0.02441,0.35647,0.32230
0.02471,0.26654,0.04929,0.04611,0.06533,0.03418,0.03878,0.04126,0.02133,0.03552,0.02700,0.03781,0.15573,0.15641
0.03630,0.02722,0.03538,0.03285,0.03562,0.02702,0.02194,0.02368,0.02258,0.02099,0.03132,0.01585,0.28133,0.38791
0.01497,0.02516,0.01814,0.01691,0.01405,0.01593,0.02014,0.01994,0.01330,0.02258,0.02169,0.01822,0.39922,0.37975
0.02024,0.14879,0.03266,0.03314,0.01869,0.02314,0.02466,0.02257,0.02371,0.02827,0.02364,0.02662,0.31963,0.25425
0.02946,0.02818,0.02599,0.02559,0.02312,0.01591,0.02398,0.02447,0.02645,0.01935,0.01780,0.02074,0.34020,0.37876
0.01209,0.02377,0.26392,0.22189,0.02879,0.01357,0.01994,0.02165,0.01658,0.01911,0.03613,0.01941,0.14422,0.15893
0.03005,0.03323,0.04762,0.04509,0.05074,0.35345,0.04007,0.04614,0.01581,0.06040,0.06717,0.03376,0.08450,0.09196
0.01946,0.05762,0.03785,0.03766,0.02735,0.37034,0.03036,0.03289,0.02066,0.09287,0.04625,0.02541,0.09751,0.10377
0.02801,0.05997,0.02439,0.02330,0.02743,0.02007,0.03772,0.03751,0.03649,0.03157,0.03007,0.05813,0.27557,0.30976
0.02240,0.03652,0.02376,0.02327,0.01854,0.02040,0.02173,0.02106,0.04468,0.02826,0.02480,0.02073,0.36342,0.33042
0.02102,0.05142,0.02885,0.02954,0.03072,0.01847,0.03593,0.03344,0.25208,0.03845,0.03006,0.02896,0.19975,0.20130
0.01737,0.01995,0.01783,0.01764,0.02499,0.01485,0.02632,0.02519,0.02329,0.01904,0.01888,0.01833,0.38138,0.37493
0.03076,0.02789,0.03503,0.03247,0.04155,0.03021,0.02823,0.02911,0.04202,0.03188,0.05715,0.39580,0.11026,0.10765
0.02820,0.03383,0.03978,0.03979,0.10926,0.02535,0.03206,0.02994,0.05740,0.03498,0.12232,0.05142,0.20497,0.19071
0.05157,0.04004,0.04622,0.04139,0.07610,0.03316,0.04674,0.05179,0.01987,0.02500,0.05357,0.02585,0.22177,0.26692
0.04192,0.04521,0.06859,0.06105,0.04461,0.21633,0.04123,0.04316,0.03851,0.06929,0.08778,0.10328,0.06862,0.07041
0.02197,0.02496,0.20464,0.18923,0.09563,0.02350,0.02108,0.02185,0.02087,0.03760,0.06942,0.03032,0.11394,0.12498
0.02737,0.02421,0.02459,0.02307,0.04892,0.01768,0.01449,0.01497,0.01550,0.01513,0.03180,0.01096,0.26056,0.47075
0.03585,0.04406,0.04311,0.04084,0.06317,0.02934,0.03782,0.04100,0.03322,0.03858,0.04345,0.06219,0.24738,0.23999
0.01777,0.60788,0.02145,0.02145,0.02693,0.02276,0.01888,0.01799,0.02855,0.03095,0.02987,0.01547,0.06858,0.07147
0.01715,0.03185,0.02518,0.02458,0.04128,0.02121,0.04111,0.03649,0.05050,0.04353,0.07412,0.03877,0.30523,0.24900
0.05419,0.03144,0.08229,0.07482,0.05714,0.03720,0.04727,0.04639,0.03705,0.03687,0.03320,0.04485,0.19616,0.22112
0.01126,0.03599,0.02393,0.02376,0.02301,0.01498,0.02527,0.02189,0.01903,0.02825,0.02008,0.02074,0.38409,0.34770
0.01816,0.02291,0.35076,0.23316,0.04398,0.01367,0.01559,0.01611,0.01335,0.01504,0.03912,0.01683,0.09801,0.10333
0.02813,0.02633,0.03514,0.03246,0.07213,0.02381,0.02402,0.02541,0.04149,0.02579,0.03125,0.39062,0.12363,0.11978
0.02114,0.04261,0.04859,0.04869,0.03830,0.29946,0.02803,0.03182,0.02256,0.11405,0.06523,0.04504,0.09609,0.09839
0.02569,0.03382,0.04090,0.03863,0.05831,0.03054,0.02310,0.02420,0.02565,0.03881,0.03284,0.42890,0.09837,0.10024
0.03175,0.56008,0.02892,0.02919,0.02914,0.01787,0.02712,0.02736,0.02324,0.01928,0.02181,0.01950,0.08111,0.08363
0.01714,0.26321,0.01903,0.01868,0.01471,0.01270,0.02917,0.02623,0.01933,0.02107,0.01751,0.01446,0.28826,0.23850
0.04515,0.04212,0.04199,0.04051,0.05702,0.04550,0.04640,0.04446,0.05730,0.06000,0.16805,0.05721,0.15082,0.14347
0.01781,0.03958,0.03070,0.03103,0.10910,0.02066,0.02427,0.02428,0.02681,0.02592,0.02624,0.02519,0.31749,0.28091
0.04076,0.03800,0.02881,0.02862,0.03507,0.02043,0.28338,0.17933,0.06980,0.03190,0.03695,0.02995,0.08576,0.09125
0.02879,0.06316,0.02824,0.02891,0.17014,0.01736,0.02471,0.02261,0.03296,0.02377,0.01931,0.02924,0.24425,0.26655
0.05583,0.03059,0.03452,0.03451,0.04046,0.02893,0.03523,0.03456,0.03618,0.03484,0.25756,0.13270,0.12091,0.12317
0.04939,0.01909,0.03492,0.03347,0.03884,0.02023,0.02370,0.02360,0.04893,0.02757,0.41687,0.03748,0.11467,0.11124
0.01427,0.02440,0.01394,0.01364,0.01740,0.01174,0.01878,0.01734,0.02435,0.01798,0.01538,0.01642,0.45224,0.34212
0.01110,0.07313,0.01566,0.01564,0.01423,0.01033,0.02107,0.01879,0.01700,0.01821,0.01578,0.01467,0.40516,0.34923
0.02863,0.03661,0.05348,0.04906,0.03806,0.05137,0.02456,0.02612,0.02312,0.03262,0.03324,0.02577,0.25659,0.32079
0.01704,0.03949,0.03895,0.03856,0.02349,0.09134,0.03634,0.03522,0.01867,0.08166,0.06454,0.02236,0.24583,0.24650
0.01977,0.02023,0.01694,0.01667,0.01256,0.01346,0.03479,0.03267,0.02031,0.02292,0.02343,0.01848,0.39241,0.35536
0.02087,0.02267,0.01847,0.01826,0.02943,0.01539,0.02331,0.02215,0.02869,0.02072,0.68866,0.01612,0.03635,0.03892
0.02702,0.02430,0.01881,0.01940,0.02854,0.01429,0.03792,0.03340,0.03292,0.02032,0.55574,0.02428,0.08343,0.07963
0.04124,0.05698,0.05283,0.05261,0.04447,0.03757,0.03850,0.03869,0.04496,0.03732,0.05452,0.10971,0.19619,0.19442
0.01392,0.02769,0.02603,0.02468,0.01451,0.01646,0.01902,0.01829,0.01927,0.02233,0.02782,0.01645,0.39166,0.36188
0.03966,0.02444,0.06531,0.06112,0.06467,0.03636,0.02938,0.03011,0.02178,0.02737,0.04621,0.02209,0.23593,0.29557
0.11146,0.05045,0.02913,0.03005,0.03395,0.02614,0.04585,0.04088,0.08682,0.03078,0.08677,0.05580,0.19166,0.18026
0.11744,0.02722,0.04409,0.04219,0.07573,0.02750,0.09924,0.09854,0.04596,0.03426,0.04129,0.03515,0.15605,0.15534
0.58772,0.02001,0.02015,0.01999,0.02263,0.01553,0.03235,0.03190,0.04478,0.02131,0.02429,0.03339,0.06116,0.06480
0.01701,0.57431,0.02063,0.02173,0.03423,0.01642,0.02399,0.02217,0.02300,0.02453,0.02802,0.01996,0.08831,0.08568
0.02149,0.02777,0.02814,0.02787,0.02186,0.01739,0.02249,0.02378,0.01727,0.02191,0.01960,0.01719,0.34789,0.38537
0.02362,0.03124,0.03149,0.03094,0.03054,0.01926,0.02565,0.02643,0.03604,0.02370,0.03708,0.03592,0.36111,0.28697
0.01937,0.02540,0.02365,0.02345,0.02343,0.02279,0.03419,0.03304,0.04333,0.04231,0.31175,0.03731,0.19578,0.16420
0.02251,0.03353,0.03933,0.03580,0.05322,0.02926,0.02403,0.02473,0.02970,0.03061,0.06029,0.25843,0.17772,0.18086
0.01186,0.01794,0.00993,0.01027,0.01243,0.00901,0.01600,0.01504,0.02397,0.01486,0.01502,0.01054,0.42311,0.41002
0.02784,0.03009,0.11775,0.10314,0.04398,0.02988,0.02486,0.02719,0.02773,0.03909,0.03412,0.02719,0.22137,0.24577
0.04001,0.02662,0.04377,0.04373,0.05229,0.03249,0.02004,0.02123,0.03011,0.02644,0.03626,0.03636,0.30020,0.29046
0.02528,0.03241,0.15661,0.15105,0.05751,0.03894,0.02949,0.03050,0.02486,0.03935,0.05098,0.02686,0.17269,0.16348
0.40372,0.01989,0.02168,0.02187,0.02367,0.01438,0.03038,0.02963,0.04532,0.01717,0.02301,0.02763,0.16149,0.16013
0.01896,0.04688,0.02156,0.02033,0.02949,0.01531,0.02658,0.02509,0.02331,0.02161,0.03635,0.11731,0.30232,0.29490
0.04816,0.02212,0.02571,0.02672,0.03020,0.02580,0.08355,0.07757,0.04062,0.03673,0.04525,0.02929,0.27414,0.23416
0.01052,0.02570,0.01340,0.01381,0.01279,0.01323,0.02310,0.02212,0.01354,0.02082,0.02097,0.01534,0.42121,0.37346
0.01667,0.03602,0.02084,0.02038,0.01671,0.02194,0.02497,0.02404,0.03870,0.03863,0.03665,0.03046,0.33453,0.33946
0.27247,0.02104,0.02350,0.02281,0.01988,0.01555,0.03447,0.03206,0.02915,0.02257,0.02895,0.03115,0.22320,0.22320
0.03246,0.02856,0.08243,0.06900,0.03731,0.02482,0.01951,0.02021,0.02612,0.02298,0.03520,0.02318,0.24916,0.32907
0.14906,0.03542,0.03888,0.03928,0.04382,0.03007,0.02666,0.02923,0.03806,0.03280,0.02436,0.04822,0.21887,0.24527
0.03496,0.03183,0.04413,0.04203,0.04593,0.02594,0.03617,0.03585,0.02809,0.02391,0.02783,0.02168,0.29753,0.30411
0.02644,0.03446,0.01902,0.01917,0.02354,0.01345,0.14749,0.09882,0.02592,0.01991,0.02601,0.03200,0.25720,0.25657
0.01767,0.03187,0.02152,0.02165,0.01770,0.01724,0.02240,0.02168,0.03008,0.02746,0.03430,0.02510,0.38355,0.32777
0.01127,0.01849,0.01466,0.01521,0.01936,0.01078,0.01949,0.01782,0.03813,0.01600,0.01847,0.01628,0.42634,0.35771
0.03275,0.03741,0.03875,0.03639,0.02841,0.02793,0.02469,0.02567,0.02444,0.02786,0.02375,0.02592,0.30314,0.34289
0.01806,0.04347,0.02529,0.02530,0.02052,0.05355,0.02370,0.02473,0.02240,0.04031,0.08113,0.01743,0.27180,0.33231
0.03077,0.05529,0.04390,0.04482,0.02031,0.01836,0.03803,0.03516,0.07047,0.03640,0.03100,0.02246,0.26881,0.28422
0.02834,0.03545,0.04517,0.04556,0.02113,0.18145,0.03156,0.03324,0.02462,0.11020,0.07668,0.04019,0.16140,0.16501
0.01164,0.03243,0.01498,0.01479,0.01399,0.01139,0.03084,0.02936,0.03122,0.02559,0.02149,0.02261,0.39636,0.34330
0.04025,0.05035,0.06608,0.05969,0.02776,0.14175,0.03969,0.04188,0.02357,0.06880,0.03729,0.04763,0.16967,0.18559
0.02458,0.05563,0.02748,0.02791,0.03409,0.02406,0.03522,0.03154,0.03121,0.03217,0.03470,0.03486,0.33029,0.27626
0.01539,0.02769,0.02263,0.02199,0.02122,0.01345,0.02239,0.02248,0.02269,0.01595,0.01717,0.02038,0.36201,0.39455
