0.01390,0.05596,0.39845,0.39061,0.04873,0.02912,0.05420,0.00904
0.17224,0.03425,0.24493,0.28048,0.01982,0.03450,0.03795,0.17584
0.01526,0.18539,0.24674,0.28872,0.01939,0.03857,0.19850,0.00742
0.00848,0.17953,0.26753,0.28774,0.02627,0.01614,0.18986,0.02445
0.03566,0.02788,0.16484,0.35560,0.09008,0.22713,0.02867,0.07015
0.01932,0.15809,0.19149,0.20916,0.11025,0.02602,0.16635,0.11932
0.05798,0.02160,0.28373,0.16407,0.25558,0.11163,0.02031,0.08511
0.05779,0.02433,0.37467,0.40779,0.01259,0.03959,0.02526,0.05799
0.00970,0.22675,0.13440,0.24530,0.02289,0.09024,0.24169,0.02903
0.02070,0.03377,0.40504,0.33971,0.11984,0.02168,0.03961,0.01966
0.01693,0.03560,0.38565,0.33452,0.12361,0.04388,0.03904,0.02077
0.01909,0.13345,0.07052,0.13978,0.20737,0.06330,0.14036,0.22612
0.12971,0.04852,0.17563,0.31354,0.01712,0.25258,0.05029,0.01261
0.01396,0.09560,0.33802,0.38572,0.01064,0.03764,0.10400,0.01443
0.01708,0.06965,0.14099,0.39430,0.03029,0.25430,0.07298,0.02041
0.01291,0.07952,0.31030,0.39392,0.03520,0.06563,0.08407,0.01845
0.08903,0.01563,0.17863,0.38830,0.02131,0.27390,0.01435,0.01886
0.17047,0.02306,0.24603,0.29206,0.01903,0.04800,0.02424,0.17711
0.10744,0.03392,0.30025,0.29079,0.06891,0.08023,0.03290,0.08556
0.17073,0.01633,0.21352,0.27442,0.04733,0.24036,0.02113,0.01620
0.01820,0.24991,0.18738,0.22806,0.01242,0.03596,0.25275,0.01532
0.01011,0.19613,0.25973,0.29087,0.00893,0.01775,0.20482,0.01166
0.02294,0.20498,0.18650,0.24535,0.02827,0.06859,0.21318,0.03018
0.02327,0.16812,0.26402,0.29529,0.02480,0.03651,0.17293,0.01506
0.01448,0.05706,0.10239,0.42666,0.01512,0.30406,0.05640,0.02382
0.01637,0.27041,0.13371,0.17629,0.03419,0.06122,0.27565,0.03216
0.14745,0.00759,0.06577,0.33662,0.01314,0.36934,0.00853,0.05155
0.14470,0.02613,0.28147,0.30654,0.02362,0.03048,0.03180,0.15527
0.05997,0.02209,0.33165,0.31510,0.10990,0.06413,0.01979,0.07738
0.07808,0.02635,0.32416,0.39330,0.01684,0.04205,0.03417,0.08505
0.02203,0.19116,0.24570,0.26599,0.01283,0.02676,0.20866,0.02686
0.03067,0.20179,0.12232,0.14434,0.12164,0.03723,0.21063,0.13138
0.02289,0.23890,0.11121,0.16095,0.07371,0.06408,0.24627,0.08200
0.03346,0.32138,0.10180,0.13289,0.01694,0.04196,0.32965,0.02193
0.09428,0.10277,0.11564,0.29819,0.01107,0.25448,0.11197,0.01160
0.02533,0.32285,0.07628,0.14601,0.00967,0.07644,0.32984,0.01357
0.01566,0.00932,0.44440,0.48042,0.00660,0.01971,0.01081,0.01307
0.15371,0.03182,0.26682,0.27780,0.04143,0.03574,0.02892,0.16377
0.13862,0.02751,0.18142,0.32559,0.02317,0.23554,0.03315,0.03498
0.03247,0.22990,0.18859,0.22313,0.01603,0.04831,0.23456,0.02701
0.01798,0.01501,0.42657,0.46393,0.01249,0.02230,0.01790,0.02380
0.00865,0.02663,0.41937,0.33034,0.14783,0.03341,0.02816,0.00561
0.02907,0.10053,0.17923,0.21875,0.16135,0.04508,0.10955,0.15644
0.16129,0.06404,0.11733,0.24830,0.02923,0.28548,0.07306,0.02126
0.01345,0.11248,0.33780,0.35016,0.01788,0.01658,0.12380,0.02786
0.01668,0.12796,0.30593,0.33426,0.01811,0.02719,0.15201,0.01786
0.01666,0.18012,0.15264,0.20392,0.09863,0.04589,0.19544,0.10670
0.02161,0.31739,0.10287,0.13782,0.02818,0.03898,0.32113,0.03202
0.02521,0.30036,0.11856,0.15895,0.01775,0.03736,0.30367,0.03814
0.04003,0.27437,0.12649,0.14432,0.03506,0.05115,0.29196,0.03661
0.02053,0.03833,0.11007,0.43993,0.01334,0.30971,0.04311,0.02499
0.01671,0.20394,0.21888,0.18422,0.07524,0.02738,0.24940,0.02422
0.11054,0.03245,0.31205,0.28177,0.08396,0.03804,0.02927,0.11191
0.01517,0.21270,0.18418,0.17872,0.09580,0.05204,0.21176,0.04964
0.06234,0.03610,0.21136,0.39691,0.01903,0.22376,0.03903,0.01147
0.02346,0.16925,0.27484,0.29942,0.01768,0.02226,0.16701,0.02609
0.02492,0.01830,0.39950,0.46065,0.00515,0.04045,0.02541,0.02562
0.12439,0.02183,0.12292,0.31645,0.04445,0.30960,0.02484,0.03552
0.08023,0.03006,0.21077,0.38971,0.01669,0.22980,0.03022,0.01251
0.26473,0.04872,0.13114,0.14393,0.03708,0.03707,0.05020,0.28714
0.02642,0.23261,0.17772,0.24102,0.00668,0.06770,0.23452,0.01333
0.07393,0.01906,0.34954,0.35091,0.06959,0.03542,0.02066,0.08089
0.01666,0.09425,0.18861,0.20267,0.17686,0.01398,0.11288,0.19409
0.11238,0.03933,0.14274,0.31485,0.04507,0.28479,0.03536,0.02547
0.00579,0.12004,0.32666,0.35176,0.01683,0.01170,0.14348,0.02374
0.00556,0.02366,0.24305,0.48289,0.00861,0.19979,0.02668,0.00977
0.01865,0.24310,0.17976,0.22063,0.02574,0.03508,0.24873,0.02830
0.02339,0.29291,0.13210,0.16674,0.01957,0.04496,0.29528,0.02506
0.03315,0.02511,0.37785,0.41473,0.04130,0.04451,0.02953,0.03383
0.08970,0.06619,0.10809,0.31501,0.03806,0.27444,0.07089,0.03761
0.01387,0.17653,0.14429,0.20577,0.10524,0.05937,0.18581,0.10912
0.05547,0.05841,0.17601,0.37914,0.01821,0.22040,0.07854,0.01382
0.04660,0.19807,0.20592,0.22860,0.02827,0.06302,0.20249,0.02704
0.01572,0.29176,0.11616,0.15554,0.03872,0.04901,0.29889,0.03422
0.02815,0.20920,0.23208,0.24455,0.01875,0.02446,0.21606,0.02675
0.03445,0.24869,0.14717,0.20321,0.02031,0.08016,0.24493,0.02108
0.20801,0.08191,0.14389,0.18557,0.02352,0.24422,0.10343,0.00945
0.01618,0.03935,0.38163,0.40051,0.05811,0.04789,0.03745,0.01889
0.01321,0.07207,0.15768,0.39743,0.03146,0.21197,0.07684,0.03935
0.01199,0.03733,0.40324,0.28852,0.17094,0.02193,0.03619,0.02986
0.19341,0.02512,0.23971,0.21006,0.08057,0.02178,0.02681,0.20254
0.01280,0.27717,0.17585,0.19030,0.02256,0.02228,0.27476,0.02429
0.05010,0.02601,0.37799,0.35996,0.06850,0.07481,0.02803,0.01460
0.02266,0.27042,0.12092,0.21471,0.01142,0.06488,0.27650,0.01849
0.13234,0.02647,0.29956,0.23785,0.10329,0.03749,0.03016,0.13283
0.19869,0.04434,0.15228,0.19598,0.06520,0.07445,0.04332,0.22574
0.07269,0.02069,0.33078,0.32204,0.09495,0.04860,0.02388,0.08637
0.02264,0.04434,0.38944,0.41475,0.02602,0.04128,0.04892,0.01260
0.19398,0.08326,0.12011,0.18647,0.05082,0.25262,0.08829,0.02446
0.12858,0.06262,0.20888,0.29222,0.02245,0.08199,0.07740,0.12585
0.03857,0.14614,0.20750,0.24124,0.06313,0.05958,0.15326,0.09058
0.17998,0.01934,0.25145,0.28733,0.01331,0.03417,0.02364,0.19078
0.02058,0.37914,0.07664,0.08995,0.00969,0.02569,0.38951,0.00880
0.00567,0.02420,0.18818,0.48671,0.00475,0.24965,0.03402,0.00682
0.01524,0.06223,0.15269,0.40958,0.02936,0.25450,0.06820,0.00820
0.17110,0.07519,0.22213,0.09130,0.16016,0.01490,0.08678,0.17845
0.01747,0.02515,0.39164,0.23699,0.22637,0.04489,0.02762,0.02987
0.08983,0.04913,0.15445,0.33679,0.03230,0.24370,0.05201,0.04180
0.03241,0.21592,0.21855,0.22366,0.02861,0.02433,0.22216,0.03436
0.41606,0.01662,0.04574,0.04985,0.00937,0.01197,0.02057,0.42983
0.12275,0.05016,0.24007,0.20200,0.12323,0.05174,0.05952,0.15054
0.01075,0.18561,0.20489,0.30476,0.00859,0.07547,0.19685,0.01307
0.02180,0.18667,0.16701,0.17230,0.12711,0.01645,0.18334,0.12533
0.05550,0.02501,0.37807,0.36750,0.05498,0.03112,0.03077,0.05705
0.01065,0.01937,0.43187,0.44824,0.02621,0.01384,0.01873,0.03109
0.00999,0.05995,0.14693,0.43903,0.01351,0.26392,0.05387,0.01279
0.06287,0.05296,0.19107,0.39023,0.01019,0.22274,0.05828,0.01166
0.11920,0.07955,0.20834,0.28409,0.02175,0.16074,0.09258,0.03375
0.03115,0.02960,0.36008,0.35335,0.09410,0.06601,0.02816,0.03756
0.06693,0.03611,0.12779,0.36187,0.04336,0.30084,0.03668,0.02643
0.02179,0.03594,0.37637,0.43336,0.02415,0.05289,0.03511,0.02039
0.13407,0.05217,0.13471,0.26472,0.05953,0.24899,0.05112,0.05468
0.04084,0.01331,0.41529,0.43785,0.01240,0.01977,0.01175,0.04879
0.02187,0.09235,0.29139,0.32570,0.06676,0.02656,0.09541,0.07995
0.01886,0.01421,0.39990,0.46406,0.01271,0.05482,0.01404,0.02141
0.02207,0.17047,0.24897,0.26261,0.05031,0.03762,0.17394,0.03401
0.01172,0.25185,0.21766,0.22480,0.01035,0.01277,0.25979,0.01106
0.01547,0.07336,0.17652,0.41350,0.01413,0.21230,0.07651,0.01821
0.04649,0.01823,0.38334,0.42027,0.02604,0.03563,0.01912,0.05087
0.02058,0.02488,0.39519,0.44495,0.02033,0.03908,0.02773,0.02727
0.00707,0.02063,0.42465,0.41452,0.06605,0.01644,0.02300,0.02765
0.04139,0.06641,0.15887,0.39633,0.00682,0.24415,0.07806,0.00797
0.17990,0.01785,0.23421,0.24301,0.06540,0.05041,0.01684,0.19238
0.13826,0.04553,0.27576,0.25511,0.06505,0.03723,0.05070,0.13235
0.01685,0.08741,0.16039,0.39958,0.00996,0.21769,0.09384,0.01428
0.09732,0.03507,0.34894,0.36520,0.00530,0.01038,0.03530,0.10248
0.06152,0.04621,0.32772,0.32378,0.07835,0.04740,0.05115,0.06387
0.05884,0.07583,0.32951,0.24144,0.13678,0.03313,0.07972,0.04475
0.03216,0.06874,0.10859,0.38585,0.02493,0.29259,0.07222,0.01492
0.04633,0.02038,0.40228,0.24234,0.18100,0.05558,0.02229,0.02981
0.07699,0.03464,0.33633,0.31052,0.08646,0.02816,0.03870,0.08820
0.06084,0.20225,0.19957,0.17689,0.05572,0.02280,0.21547,0.06646
0.01233,0.02742,0.37682,0.41398,0.05554,0.02951,0.03211,0.05229
0.09943,0.02103,0.11724,0.34248,0.04940,0.32070,0.02387,0.02586
0.00921,0.16167,0.30522,0.30601,0.02023,0.01304,0.17257,0.01205
0.08237,0.05736,0.32642,0.30837,0.05100,0.07496,0.06546,0.03407
0.00665,0.01447,0.41499,0.48743,0.01040,0.04310,0.01715,0.00581
0.18718,0.05794,0.13049,0.24727,0.00931,0.28047,0.07143,0.01591
0.01460,0.22239,0.18442,0.23432,0.03409,0.03540,0.22568,0.04911
0.18617,0.10059,0.10636,0.20474,0.01020,0.27108,0.11034,0.01052
0.06796,0.04648,0.34619,0.14368,0.23559,0.02710,0.04927,0.08372
0.00639,0.32226,0.13701,0.17196,0.00994,0.01990,0.32303,0.00951
0.02485,0.24896,0.17552,0.19091,0.02851,0.02328,0.26309,0.04489
0.03234,0.19038,0.21826,0.25789,0.02404,0.05332,0.19611,0.02765
0.06627,0.04088,0.19865,0.30921,0.08270,0.18349,0.04836,0.07044
0.00878,0.14914,0.09196,0.12663,0.21030,0.04825,0.16038,0.20455
0.02979,0.11312,0.31178,0.31874,0.03776,0.03546,0.11684,0.03652
0.01630,0.17661,0.15299,0.18068,0.13776,0.02902,0.17452,0.13212
0.18094,0.01720,0.27434,0.28198,0.01496,0.03216,0.01741,0.18101
0.03389,0.04405,0.37318,0.35479,0.07553,0.02710,0.04562,0.04584
0.18184,0.02975,0.24015,0.26421,0.04000,0.04203,0.02841,0.17361
0.00911,0.14748,0.14606,0.18418,0.15646,0.03309,0.15890,0.16472
0.22490,0.01499,0.22850,0.19349,0.05707,0.03919,0.01841,0.22345
0.03912,0.05564,0.36923,0.37590,0.02374,0.02671,0.05906,0.05060
0.02603,0.03176,0.16169,0.40235,0.06437,0.25709,0.03017,0.02654
0.01396,0.01681,0.43404,0.46401,0.01231,0.02753,0.01674,0.01460
0.01359,0.21309,0.13448,0.26079,0.01579,0.11552,0.22176,0.02499
0.01425,0.06405,0.19824,0.42905,0.00973,0.21134,0.06160,0.01176
0.10491,0.03949,0.28663,0.28541,0.07402,0.03997,0.04374,0.12582
0.02806,0.22801,0.19002,0.23621,0.01151,0.04055,0.23432,0.03132
0.01490,0.30091,0.15128,0.17546,0.01435,0.01871,0.30879,0.01560
0.11808,0.09088,0.19483,0.20946,0.07739,0.19652,0.09501,0.01782
0.01255,0.02691,0.39185,0.46110,0.01197,0.04956,0.03474,0.01133
0.27324,0.02822,0.16417,0.20066,0.00464,0.28584,0.03794,0.00528
0.02662,0.03567,0.19970,0.39851,0.04497,0.25022,0.03648,0.00783
0.12529,0.04867,0.27163,0.21872,0.11363,0.04338,0.04565,0.13304
0.03087,0.27543,0.16047,0.16782,0.03315,0.02869,0.28193,0.02165
0.16583,0.01475,0.15325,0.30708,0.02193,0.29530,0.01848,0.02337
0.01346,0.20080,0.24851,0.26341,0.01822,0.01406,0.21876,0.02279
0.04711,0.18877,0.17524,0.24571,0.03306,0.06955,0.18953,0.05103
0.04000,0.14018,0.20530,0.23438,0.09083,0.04224,0.15397,0.09311
0.04300,0.12993,0.25768,0.31981,0.01283,0.08946,0.13066,0.01662
0.21855,0.04326,0.17879,0.19117,0.03680,0.02650,0.04652,0.25840
0.01794,0.09818,0.16523,0.20954,0.17417,0.04055,0.10896,0.18544
0.01805,0.28309,0.11423,0.19479,0.01812,0.06954,0.28101,0.02117
0.03855,0.13838,0.26144,0.27729,0.04382,0.04090,0.15146,0.04816
0.07915,0.00798,0.12916,0.41998,0.01113,0.32686,0.00906,0.01668
0.01524,0.01785,0.40494,0.42582,0.05262,0.03696,0.01937,0.02721
0.01917,0.14819,0.21440,0.22394,0.12238,0.02182,0.14498,0.10512
0.06550,0.27925,0.11306,0.13580,0.01960,0.04948,0.28966,0.04765
0.15378,0.05377,0.18907,0.26367,0.03735,0.23619,0.06025,0.00592
0.03240,0.18999,0.16846,0.17672,0.09866,0.04008,0.19779,0.09591
0.01694,0.26264,0.15929,0.19833,0.03324,0.02045,0.26985,0.03926
0.16844,0.08970,0.11772,0.24305,0.00783,0.26318,0.08562,0.02446
0.02089,0.21715,0.13675,0.19266,0.06958,0.06220,0.22664,0.07413
0.16222,0.07808,0.18709,0.23017,0.03270,0.17108,0.08734,0.05132
0.02527,0.27235,0.17138,0.19148,0.01691,0.02080,0.27691,0.02490
0.01308,0.17704,0.04067,0.06200,0.25231,0.02162,0.16393,0.26935
0.08938,0.01959,0.30595,0.27636,0.11154,0.05517,0.02049,0.12153
0.04933,0.03963,0.36234,0.30522,0.10130,0.07059,0.04290,0.02867
0.29311,0.01486,0.05538,0.15286,0.04431,0.36297,0.01711,0.05939
0.03330,0.03910,0.36244,0.41281,0.04024,0.06217,0.03891,0.01104
0.02199,0.23081,0.20372,0.24892,0.00706,0.04869,0.23054,0.00827
0.02025,0.27980,0.08914,0.09480,0.10267,0.02817,0.27977,0.10541
0.19240,0.09653,0.13005,0.20585,0.01711,0.24558,0.10031,0.01218
0.15444,0.03780,0.15177,0.29763,0.01288,0.27956,0.05184,0.01407
0.14074,0.04446,0.12939,0.28999,0.03139,0.28179,0.04445,0.03779
0.01496,0.01903,0.41864,0.31574,0.16166,0.03380,0.02139,0.01479
0.25746,0.01806,0.09486,0.20733,0.02187,0.36538,0.02184,0.01319
0.08469,0.01957,0.15417,0.36151,0.03940,0.30732,0.02382,0.00953
0.02099,0.03282,0.39346,0.33047,0.12626,0.03124,0.03662,0.02814
0.21909,0.04683,0.20427,0.15895,0.07449,0.05724,0.04552,0.19362
0.12521,0.03094,0.25014,0.34621,0.00765,0.07576,0.03957,0.12451
0.02521,0.03830,0.37707,0.30906,0.13944,0.05635,0.04186,0.01272
0.02227,0.03319,0.18550,0.41980,0.03738,0.24795,0.03389,0.02002
0.01990,0.13309,0.15875,0.16835,0.16599,0.02176,0.15053,0.18164
0.04318,0.29293,0.09588,0.13061,0.03556,0.03603,0.29864,0.06717
0.03333,0.26351,0.15288,0.19189,0.01726,0.04955,0.26589,0.02569
0.22681,0.04914,0.12866,0.22023,0.01193,0.29197,0.05908,0.01219
0.29866,0.01955,0.14514,0.17655,0.01185,0.30205,0.02391,0.02230
0.00834,0.05636,0.15509,0.43707,0.02411,0.25300,0.05672,0.00931
0.04059,0.25719,0.15825,0.15349,0.05323,0.03273,0.26615,0.03837
0.04805,0.02601,0.13929,0.40583,0.03402,0.27250,0.03234,0.04197
0.03477,0.02977,0.40582,0.36571,0.07540,0.03064,0.02912,0.02877
0.06621,0.05149,0.34790,0.15349,0.23070,0.02638,0.06069,0.06314
0.01504,0.03010,0.16654,0.43383,0.03968,0.24430,0.03249,0.03802
0.05259,0.05996,0.32897,0.35393,0.03750,0.04222,0.06385,0.06097
0.02360,0.07312,0.17986,0.40219,0.01527,0.20732,0.07658,0.02208
0.16844,0.03858,0.18634,0.25971,0.04580,0.23269,0.03580,0.03264
0.01198,0.08959,0.13816,0.39221,0.01836,0.23574,0.10302,0.01094
0.02181,0.10662,0.19122,0.36431,0.01804,0.17091,0.11697,0.01012
0.07839,0.08902,0.15429,0.31374,0.03309,0.22432,0.08301,0.02415
0.00851,0.20993,0.25433,0.27146,0.00790,0.01583,0.22246,0.00958
0.02110,0.05493,0.11537,0.39421,0.02459,0.30461,0.05632,0.02887
0.02360,0.26904,0.08375,0.19061,0.02399,0.09338,0.26980,0.04582
0.07323,0.01868,0.36891,0.34908,0.06955,0.02242,0.01947,0.07866
0.01610,0.16406,0.25015,0.28784,0.03709,0.04537,0.17476,0.02463
0.26503,0.01767,0.18757,0.19529,0.02268,0.02529,0.02013,0.26636
0.23119,0.03214,0.12701,0.21623,0.02531,0.30842,0.03491,0.02480
0.12213,0.01808,0.32398,0.11362,0.24571,0.03499,0.01746,0.12404
0.03425,0.14240,0.23029,0.26616,0.05358,0.05142,0.16130,0.06060
0.10101,0.02056,0.34823,0.37158,0.00658,0.04863,0.02118,0.08223
0.04899,0.03090,0.32968,0.41521,0.02027,0.07937,0.03343,0.04215
0.04239,0.24504,0.14715,0.20074,0.01711,0.04940,0.25264,0.04554
0.00768,0.01930,0.16999,0.19992,0.27356,0.02001,0.02580,0.28374
0.05023,0.11700,0.19727,0.26335,0.07173,0.06306,0.12399,0.11336
0.02880,0.04421,0.33029,0.33225,0.10606,0.07682,0.05746,0.02411
0.02174,0.09918,0.12750,0.16606,0.20359,0.04464,0.11513,0.22217
0.02433,0.08352,0.20415,0.38196,0.01915,0.17442,0.08404,0.02844
0.00688,0.13353,0.12122,0.15464,0.20535,0.02336,0.13711,0.21791
0.03330,0.22384,0.21983,0.22112,0.01633,0.01984,0.23083,0.03491
0.03103,0.07238,0.12094,0.40716,0.01038,0.26166,0.07990,0.01655
0.03039,0.05773,0.36671,0.40025,0.01439,0.02113,0.06641,0.04300
0.22277,0.04064,0.20362,0.21664,0.01252,0.02173,0.04123,0.24084
0.05877,0.10342,0.16658,0.31944,0.03201,0.19397,0.11576,0.01003
0.10444,0.04463,0.30142,0.28095,0.06437,0.01913,0.05511,0.12994
0.10001,0.01249,0.33387,0.34898,0.04484,0.07378,0.01392,0.07212
0.02238,0.02666,0.29737,0.44603,0.02012,0.14976,0.02545,0.01222
0.28264,0.06458,0.12361,0.13971,0.01297,0.28551,0.07402,0.01697
0.09751,0.05629,0.13522,0.34671,0.01246,0.27052,0.06507,0.01622
0.17565,0.05669,0.13944,0.22990,0.04066,0.27324,0.06239,0.02204
0.01275,0.03255,0.41795,0.24896,0.21808,0.02854,0.03139,0.00977
0.08106,0.03539,0.18046,0.35860,0.03968,0.23555,0.03420,0.03506
0.11988,0.02724,0.12481,0.33938,0.02088,0.32306,0.03220,0.01256
0.02481,0.04734,0.14312,0.17237,0.25472,0.04432,0.05656,0.25677
0.08816,0.03321,0.15519,0.37193,0.02563,0.25574,0.03036,0.03978
0.02907,0.19894,0.14547,0.17270,0.09998,0.03828,0.20110,0.11446
0.01474,0.14184,0.26623,0.29655,0.04691,0.02433,0.15822,0.05119
0.02308,0.05152,0.36471,0.28985,0.14401,0.04643,0.06399,0.01641
0.01313,0.14366,0.22883,0.28362,0.06926,0.04177,0.14419,0.07553
0.17879,0.05218,0.22435,0.14720,0.11147,0.02033,0.05937,0.20632
0.05393,0.06250,0.13173,0.38031,0.01330,0.28643,0.06200,0.00980
0.07028,0.01783,0.20708,0.36251,0.05336,0.22156,0.02195,0.04543
0.03400,0.03392,0.37007,0.40223,0.03282,0.04269,0.04332,0.04094
0.14905,0.03314,0.20683,0.32395,0.01479,0.22485,0.04024,0.00714
0.04895,0.15637,0.22008,0.27420,0.02940,0.05494,0.15577,0.06029
0.12142,0.01765,0.31118,0.34868,0.01173,0.04759,0.02424,0.11752
0.01936,0.18739,0.22966,0.25354,0.06154,0.04119,0.19398,0.01335
0.17864,0.03068,0.16593,0.20636,0.09089,0.26959,0.03443,0.02347
0.02499,0.25917,0.14333,0.15927,0.06332,0.02847,0.25963,0.06183
0.01501,0.06499,0.13422,0.40423,0.03015,0.27904,0.06064,0.01172
0.18426,0.04260,0.19282,0.23783,0.03593,0.22800,0.04440,0.03416
0.02053,0.21285,0.18870,0.21535,0.04614,0.02974,0.21443,0.07225
0.18780,0.04479,0.21926,0.22662,0.04314,0.03201,0.04905,0.19734
0.03353,0.03401,0.28564,0.23290,0.20024,0.08734,0.03700,0.08936
0.08892,0.03055,0.34313,0.36534,0.02281,0.03289,0.02956,0.08680
0.01212,0.03483,0.40817,0.33483,0.12954,0.02649,0.03486,0.01917
0.13804,0.02624,0.30898,0.29467,0.03442,0.01658,0.02697,0.15409
0.08429,0.03334,0.14500,0.33438,0.05013,0.29507,0.03387,0.02392
0.03281,0.06978,0.11771,0.14451,0.24706,0.05643,0.08001,0.25170
0.03589,0.14667,0.23947,0.29444,0.02502,0.07112,0.14825,0.03914
0.05351,0.03229,0.38733,0.04593,0.36931,0.01480,0.03270,0.06414
0.05602,0.09447,0.12822,0.34494,0.01623,0.24517,0.10056,0.01439
0.05295,0.16310,0.22011,0.27799,0.01636,0.04606,0.18244,0.04099
0.15078,0.06186,0.14379,0.26303,0.02805,0.24130,0.06460,0.04659
0.02037,0.27948,0.13390,0.16645,0.03482,0.06028,0.27914,0.02556
0.00940,0.02495,0.33616,0.41208,0.07016,0.09905,0.02780,0.02041
0.16678,0.04606,0.17531,0.25287,0.03792,0.23877,0.04577,0.03651
0.00945,0.24511,0.21237,0.23230,0.01218,0.01440,0.26256,0.01164
0.04118,0.27618,0.14689,0.16582,0.01584,0.04528,0.29051,0.01830
0.02186,0.22421,0.19193,0.21627,0.03424,0.03162,0.24095,0.03893
0.12212,0.02241,0.10921,0.34895,0.01549,0.31171,0.02091,0.04920
0.03593,0.02665,0.41507,0.16782,0.26467,0.02014,0.02760,0.04211
0.04251,0.21150,0.16508,0.18093,0.05658,0.07107,0.22935,0.04298
0.00926,0.21328,0.19683,0.24727,0.03693,0.03794,0.21881,0.03969
0.03412,0.01567,0.09701,0.42094,0.03774,0.31447,0.01848,0.06157
0.37992,0.01965,0.07037,0.08440,0.01801,0.37896,0.02736,0.02134
0.03023,0.13672,0.26960,0.32584,0.02323,0.05331,0.14251,0.01855
0.04141,0.13810,0.19802,0.29987,0.03119,0.09578,0.14064,0.05498
0.03564,0.03744,0.39681,0.11434,0.32626,0.04573,0.03320,0.01059
