0.07846,0.07347,0.09583,0.08874,0.07285,0.21155,0.18347,0.19564
0.07252,0.06643,0.09138,0.08656,0.07057,0.09831,0.24669,0.26754
0.12086,0.11388,0.09121,0.08702,0.07536,0.10037,0.20012,0.21117
0.06957,0.06583,0.10552,0.10281,0.06592,0.09085,0.23823,0.26127
0.09896,0.09288,0.08779,0.08698,0.11744,0.13736,0.19103,0.18757
0.10788,0.10440,0.07397,0.07132,0.08571,0.12695,0.20658,0.22318
0.11900,0.11167,0.08869,0.08433,0.08347,0.08192,0.20935,0.22157
0.07927,0.07173,0.11206,0.10611,0.07131,0.08399,0.22764,0.24788
0.09199,0.08577,0.11698,0.11940,0.07405,0.09353,0.20501,0.21327
0.12769,0.12287,0.08152,0.07794,0.09012,0.09747,0.19575,0.20663
0.07814,0.07252,0.07513,0.07304,0.06441,0.08541,0.27190,0.27946
0.08777,0.08162,0.13395,0.13138,0.08692,0.08968,0.19026,0.19842
0.10320,0.09445,0.08975,0.08627,0.14094,0.13917,0.17066,0.17554
0.13462,0.13223,0.10539,0.10200,0.08078,0.08755,0.17611,0.18133
0.07427,0.06916,0.10576,0.10303,0.06359,0.07787,0.24954,0.25678
0.11104,0.10722,0.08742,0.08510,0.08106,0.12967,0.19404,0.20446
0.07771,0.07159,0.11482,0.11427,0.06533,0.09343,0.23032,0.23253
0.07995,0.07271,0.09492,0.08900,0.08949,0.13421,0.21389,0.22583
0.08069,0.07181,0.08467,0.07983,0.09391,0.12620,0.22241,0.24049
0.08120,0.07379,0.08306,0.08381,0.09111,0.16863,0.20587,0.21253
0.09250,0.08602,0.07994,0.07680,0.09621,0.14085,0.20949,0.21818
0.07710,0.07181,0.06908,0.06622,0.09400,0.11394,0.24679,0.26107
0.13334,0.12154,0.09139,0.08602,0.10583,0.09365,0.18050,0.18772
0.09088,0.08525,0.08954,0.08916,0.11010,0.14634,0.19220,0.19654
0.12352,0.11605,0.08851,0.08338,0.08589,0.10517,0.19148,0.20600
0.08019,0.07463,0.13077,0.12925,0.08622,0.08589,0.19773,0.21533
0.08106,0.07588,0.08461,0.08318,0.07904,0.11646,0.23517,0.24460
0.15282,0.16245,0.08345,0.07977,0.07468,0.09529,0.17120,0.18033
0.07850,0.07261,0.11888,0.11847,0.06090,0.08194,0.22629,0.24240
0.15008,0.14766,0.08759,0.08584,0.08781,0.09126,0.17359,0.17617
0.13785,0.13240,0.08401,0.08167,0.08422,0.09252,0.18682,0.20050
0.09423,0.08844,0.13400,0.13702,0.07294,0.07102,0.19504,0.20731
0.10573,0.10336,0.08496,0.08202,0.08236,0.09896,0.21729,0.22533
0.08293,0.07929,0.11555,0.10716,0.09419,0.08504,0.21591,0.21993
0.07324,0.06701,0.07203,0.06778,0.08095,0.10513,0.25538,0.27848
0.08050,0.07703,0.12014,0.12034,0.07641,0.07451,0.22333,0.22773
0.10298,0.09512,0.09935,0.09653,0.09297,0.07446,0.21846,0.22013
0.07601,0.07268,0.12476,0.13259,0.06915,0.07436,0.22588,0.22457
0.08483,0.07972,0.08737,0.08405,0.08097,0.13005,0.21987,0.23315
0.11078,0.10237,0.07572,0.07380,0.07986,0.08366,0.22951,0.24430
0.08041,0.07398,0.17011,0.17206,0.07982,0.09660,0.15872,0.16830
0.10027,0.09406,0.08396,0.08007,0.08792,0.10132,0.22014,0.23225
0.10049,0.09692,0.12592,0.12889,0.11159,0.10423,0.16369,0.16827
0.08571,0.07878,0.08170,0.07643,0.10201,0.11990,0.21755,0.23791
0.06407,0.05641,0.08909,0.08441,0.09197,0.13330,0.23350,0.24723
0.09005,0.08529,0.09700,0.09452,0.11590,0.17120,0.16956,0.17649
0.06874,0.06391,0.07503,0.07315,0.06684,0.11002,0.25956,0.28276
0.08179,0.07715,0.11582,0.11583,0.06874,0.08696,0.21916,0.23455
0.08342,0.07530,0.10763,0.10413,0.07634,0.08652,0.22522,0.24145
0.15281,0.15125,0.08677,0.08497,0.07833,0.09464,0.17197,0.17926
0.06952,0.06489,0.08044,0.07944,0.07640,0.09559,0.26145,0.27227
0.08318,0.07783,0.12897,0.12562,0.07505,0.10352,0.19744,0.20839
0.08276,0.07553,0.07884,0.07399,0.09983,0.13762,0.22335,0.22808
0.08043,0.07528,0.08165,0.08238,0.08629,0.12796,0.23165,0.23436
0.09580,0.08839,0.10761,0.10220,0.06841,0.09234,0.21763,0.22762
0.14279,0.13735,0.08689,0.08236,0.08474,0.09711,0.17979,0.18897
0.09593,0.08881,0.08339,0.08149,0.08575,0.08721,0.23458,0.24283
0.07687,0.07286,0.12254,0.12281,0.07842,0.09058,0.21366,0.22227
0.11755,0.11246,0.08093,0.07470,0.10518,0.11096,0.19324,0.20499
0.08118,0.07388,0.10010,0.09493,0.09242,0.17096,0.19182,0.19471
0.13023,0.12897,0.09279,0.08569,0.08331,0.10742,0.18351,0.18807
0.07926,0.07739,0.07980,0.07921,0.09473,0.15454,0.21693,0.21815
0.08931,0.08337,0.08441,0.08160,0.11928,0.11983,0.21169,0.21050
0.13751,0.13879,0.09111,0.08546,0.08453,0.10092,0.17379,0.18789
0.13252,0.12840,0.09477,0.09189,0.08880,0.10085,0.17798,0.18479
0.07000,0.06588,0.07871,0.07575,0.07352,0.14907,0.23459,0.25247
0.08045,0.07502,0.15647,0.16580,0.06138,0.07547,0.18633,0.19909
0.07259,0.06648,0.07612,0.07761,0.06343,0.12263,0.24910,0.27203
0.07809,0.07287,0.07238,0.06845,0.07371,0.12427,0.25097,0.25926
0.07401,0.06823,0.10219,0.10113,0.07778,0.08227,0.24849,0.24589
0.08183,0.07406,0.07835,0.07455,0.08494,0.11032,0.24227,0.25368
0.10466,0.09581,0.09491,0.09253,0.08650,0.10108,0.21025,0.21425
0.07473,0.06953,0.09654,0.09635,0.07738,0.08964,0.23765,0.25818
0.13431,0.13182,0.09892,0.09747,0.09059,0.08173,0.18221,0.18297
0.12105,0.11652,0.08491,0.08342,0.11309,0.10488,0.18706,0.18909
0.17377,0.18710,0.07985,0.07744,0.07996,0.10874,0.14442,0.14872
0.10805,0.10487,0.08108,0.07941,0.08277,0.10790,0.21630,0.21960
0.12649,0.12211,0.07959,0.07610,0.07873,0.08418,0.20692,0.22588
0.07807,0.07335,0.12479,0.12366,0.07483,0.09044,0.21660,0.21826
0.06808,0.06227,0.06902,0.06995,0.06349,0.08677,0.27949,0.30093
0.11625,0.11301,0.09408,0.08980,0.07902,0.08525,0.20740,0.21519
0.09243,0.08569,0.07953,0.07669,0.07685,0.08381,0.24814,0.25686
0.07585,0.07168,0.09371,0.09547,0.10031,0.11381,0.22257,0.22659
0.09807,0.09070,0.08612,0.08482,0.09280,0.09336,0.21607,0.23806
0.08200,0.07372,0.08258,0.07783,0.08842,0.12983,0.22776,0.23786
0.08891,0.08568,0.10127,0.09466,0.07844,0.11968,0.20282,0.22854
0.08649,0.08045,0.07026,0.06834,0.10385,0.10897,0.23770,0.24395
0.08337,0.07609,0.07725,0.07523,0.08524,0.13088,0.23037,0.24158
0.09089,0.08492,0.10182,0.10308,0.07607,0.08870,0.22648,0.22803
0.07601,0.06775,0.09818,0.09477,0.09054,0.12563,0.21514,0.23198
0.06819,0.06354,0.07703,0.07251,0.06869,0.15642,0.22992,0.26370
0.08189,0.07317,0.08874,0.08562,0.07991,0.10753,0.23221,0.25092
0.08268,0.07709,0.10425,0.09906,0.07897,0.10432,0.22170,0.23193
0.07377,0.06794,0.12760,0.12365,0.06498,0.06742,0.23383,0.24081
0.09698,0.09244,0.08373,0.08207,0.08525,0.08772,0.22839,0.24343
0.06904,0.06393,0.09028,0.08548,0.08084,0.09020,0.25699,0.26324
0.09827,0.09105,0.08007,0.07391,0.07683,0.08446,0.23987,0.25554
0.08425,0.07808,0.08909,0.08590,0.07999,0.14248,0.21562,0.22459
0.08282,0.07695,0.10698,0.10628,0.07812,0.09962,0.22151,0.22771
0.06664,0.05946,0.12871,0.12241,0.07605,0.09837,0.21676,0.23160
