0.10093,0.11442,0.09062,0.18389,0.07567,0.06435,0.05398,0.02694,0.09579,0.03390,0.04971,0.02275,0.04571,0.04134
0.07601,0.20149,0.07422,0.13969,0.06785,0.06227,0.05425,0.02242,0.13718,0.02867,0.04435,0.01752,0.03828,0.03581
0.10556,0.10793,0.06146,0.27400,0.07472,0.05856,0.04240,0.02135,0.08095,0.02725,0.05071,0.01935,0.03877,0.03699
0.07613,0.19914,0.07987,0.14343,0.06172,0.07227,0.04497,0.02465,0.13523,0.02877,0.04516,0.01723,0.03552,0.03591
0.09293,0.14425,0.07062,0.20726,0.06745,0.06066,0.04329,0.02179,0.11851,0.02844,0.04800,0.02055,0.03777,0.03847
0.11451,0.06968,0.07084,0.23282,0.08263,0.05907,0.05518,0.02773,0.06963,0.03555,0.06772,0.02572,0.04107,0.04785
0.08853,0.14056,0.08596,0.15402,0.07132,0.06500,0.05217,0.02848,0.11594,0.03294,0.05265,0.02181,0.04706,0.04358
0.10771,0.10662,0.07779,0.24461,0.08006,0.05785,0.04542,0.02190,0.09272,0.02707,0.04648,0.01760,0.03961,0.03456
0.10666,0.10817,0.07129,0.22697,0.07827,0.05950,0.05139,0.02501,0.09190,0.02942,0.05042,0.01954,0.03709,0.04437
0.09583,0.17493,0.06368,0.18240,0.06912,0.05755,0.04769,0.02426,0.12237,0.02811,0.04650,0.02003,0.03390,0.03364
0.08899,0.16562,0.07225,0.16855,0.06831,0.06244,0.04542,0.02453,0.14156,0.02789,0.04245,0.01713,0.03777,0.03709
0.08545,0.17775,0.08710,0.14214,0.06782,0.06399,0.05109,0.02406,0.12411,0.03202,0.04281,0.02205,0.04317,0.03643
0.08590,0.18229,0.08570,0.16358,0.06510,0.06328,0.04368,0.02294,0.13055,0.02458,0.04001,0.01533,0.03950,0.03756
0.08692,0.16504,0.07034,0.14912,0.06951,0.06490,0.04990,0.02475,0.13469,0.03084,0.04870,0.02146,0.04378,0.04005
0.09690,0.12216,0.06579,0.24093,0.07923,0.06298,0.04668,0.02187,0.09919,0.02451,0.04799,0.01776,0.03491,0.03912
0.09917,0.06075,0.09330,0.22543,0.08146,0.06596,0.05332,0.03094,0.05621,0.03960,0.06952,0.02716,0.05129,0.04588
0.11335,0.10319,0.07887,0.18963,0.08819,0.06281,0.05013,0.02405,0.09782,0.03208,0.05123,0.02224,0.03922,0.04720
0.08804,0.12882,0.09451,0.21411,0.07252,0.07130,0.04712,0.02121,0.09790,0.02957,0.04580,0.01740,0.03800,0.03370
0.09395,0.10948,0.08865,0.18764,0.07838,0.06825,0.05461,0.02986,0.09149,0.03509,0.05111,0.01943,0.04556,0.04649
0.08869,0.14032,0.08316,0.16004,0.07308,0.06879,0.05633,0.02550,0.10566,0.03249,0.05344,0.02046,0.05007,0.04197
0.09203,0.06099,0.06010,0.43597,0.06803,0.04767,0.03301,0.01650,0.05337,0.02117,0.04487,0.01202,0.02518,0.02910
0.08738,0.14558,0.07113,0.13860,0.07881,0.07100,0.06119,0.02844,0.11315,0.03366,0.05529,0.02746,0.04424,0.04405
0.11238,0.09148,0.08026,0.17984,0.08508,0.06460,0.05716,0.03006,0.07885,0.03723,0.06278,0.02535,0.04604,0.04887
0.08168,0.11829,0.09772,0.18501,0.07425,0.07622,0.05070,0.02617,0.09742,0.03181,0.05063,0.01699,0.05057,0.04253
0.09738,0.07478,0.06705,0.33320,0.07748,0.06307,0.03810,0.02088,0.06242,0.02492,0.05070,0.01693,0.03559,0.03747
0.10460,0.09209,0.08572,0.18664,0.08026,0.06584,0.05125,0.03203,0.07795,0.03810,0.05825,0.02401,0.04966,0.05361
0.08257,0.13544,0.09885,0.14230,0.06727,0.07521,0.06018,0.02784,0.10563,0.03912,0.04850,0.02547,0.04499,0.04663
0.11541,0.05412,0.06477,0.32372,0.07887,0.05567,0.05147,0.01956,0.05043,0.02870,0.06314,0.01895,0.03573,0.03947
0.09404,0.12000,0.07013,0.21160,0.07683,0.06375,0.04676,0.02454,0.10460,0.02842,0.05415,0.02026,0.04097,0.04395
0.10318,0.11972,0.08379,0.17184,0.07604,0.06498,0.05655,0.02380,0.10495,0.03307,0.04891,0.02166,0.04769,0.04383
0.08861,0.13274,0.09051,0.12602,0.07076,0.07317,0.05852,0.03102,0.10463,0.04110,0.05838,0.02620,0.05033,0.04804
0.11206,0.06469,0.06539,0.32661,0.08300,0.05356,0.04412,0.02000,0.06094,0.02446,0.05495,0.01753,0.03574,0.03695
0.10196,0.12426,0.08437,0.18313,0.07602,0.06793,0.05011,0.02825,0.09712,0.03064,0.05380,0.02179,0.03948,0.04114
0.10260,0.07969,0.08066,0.28472,0.07585,0.06154,0.04717,0.02454,0.06564,0.03124,0.05398,0.02052,0.03419,0.03766
0.09067,0.15025,0.08586,0.17889,0.06941,0.06620,0.05173,0.02405,0.11512,0.02949,0.04666,0.01868,0.03576,0.03722
0.08261,0.15609,0.08101,0.19900,0.06979,0.06282,0.04665,0.02020,0.12275,0.02794,0.04507,0.01746,0.03438,0.03423
0.11168,0.11634,0.07834,0.20015,0.08500,0.06507,0.04931,0.02277,0.08880,0.02986,0.05510,0.01859,0.03906,0.03994
0.09335,0.14102,0.07889,0.20641,0.07194,0.05820,0.04730,0.02192,0.11555,0.02794,0.04620,0.01777,0.03603,0.03747
0.10040,0.10716,0.06644,0.25110,0.07677,0.05951,0.05199,0.02393,0.09460,0.02776,0.05352,0.01811,0.03171,0.03700
0.09719,0.05429,0.06198,0.38556,0.07834,0.05314,0.03992,0.01956,0.04791,0.02307,0.05441,0.01534,0.03368,0.03560
0.10316,0.08867,0.07897,0.20199,0.07980,0.06639,0.05842,0.03049,0.07781,0.03509,0.06299,0.02426,0.04525,0.04671
0.11203,0.06198,0.07334,0.28344,0.08116,0.06464,0.04939,0.02557,0.05529,0.02981,0.05877,0.02139,0.04192,0.04129
0.09280,0.15450,0.08835,0.17175,0.06945,0.06323,0.04916,0.02140,0.11020,0.02972,0.04511,0.02146,0.04260,0.04027
0.10063,0.10232,0.08171,0.26154,0.07174,0.06356,0.04395,0.02248,0.08630,0.02753,0.04726,0.01612,0.03644,0.03844
0.10015,0.08526,0.06690,0.28693,0.08354,0.05945,0.04584,0.02243,0.06924,0.02792,0.05561,0.02094,0.03728,0.03852
0.08350,0.14291,0.06872,0.22996,0.07315,0.06643,0.04720,0.02200,0.10258,0.02829,0.04657,0.01883,0.03397,0.03587
0.08543,0.17719,0.07618,0.14804,0.07017,0.06573,0.04730,0.02646,0.12601,0.03396,0.04459,0.01812,0.04187,0.03894
0.08680,0.15969,0.07770,0.15750,0.06387,0.06897,0.05133,0.02568,0.12160,0.03261,0.04974,0.01965,0.04244,0.04240
0.09646,0.10113,0.09279,0.21474,0.07536,0.07541,0.04850,0.02695,0.08698,0.03377,0.04951,0.02039,0.03822,0.03981
0.08102,0.16427,0.08251,0.15169,0.07054,0.07114,0.05048,0.02656,0.11563,0.03038,0.04706,0.02053,0.04330,0.04489
0.07166,0.20945,0.07849,0.12316,0.05453,0.06650,0.04602,0.02464,0.16068,0.02914,0.04096,0.01654,0.03903,0.03922
0.10693,0.07750,0.07390,0.28528,0.07949,0.06321,0.04699,0.02437,0.06463,0.02947,0.05367,0.01678,0.03921,0.03856
0.09933,0.09891,0.06840,0.28350,0.07452,0.06053,0.04416,0.02026,0.08634,0.02507,0.04548,0.01773,0.03692,0.03885
0.11212,0.06740,0.06035,0.34453,0.07978,0.05222,0.04175,0.02186,0.05774,0.02639,0.05289,0.01771,0.03168,0.03357
0.09971,0.05770,0.06006,0.43148,0.06681,0.04894,0.03181,0.01519,0.05145,0.02334,0.04235,0.01193,0.02962,0.02962
0.08595,0.11446,0.10525,0.13290,0.07381,0.08106,0.05706,0.03008,0.09838,0.03930,0.05571,0.02251,0.05634,0.04719
0.12084,0.09896,0.07276,0.21214,0.08450,0.05641,0.05261,0.02738,0.08789,0.02966,0.05824,0.02027,0.03764,0.04069
0.10628,0.09138,0.07864,0.23281,0.08268,0.06208,0.04993,0.02699,0.08057,0.02977,0.05751,0.01882,0.03931,0.04325
0.09658,0.10739,0.07999,0.18412,0.07735,0.07055,0.05262,0.02741,0.09522,0.03591,0.05518,0.02719,0.04355,0.04694
0.08874,0.11689,0.10295,0.16930,0.06892,0.07760,0.05478,0.02745,0.08992,0.03461,0.04874,0.02266,0.05145,0.04600
0.09121,0.05046,0.05372,0.43880,0.06770,0.04391,0.03745,0.01818,0.04745,0.02483,0.04933,0.01780,0.02977,0.02940
0.09475,0.05951,0.07791,0.37387,0.07275,0.05653,0.04367,0.01753,0.05424,0.02116,0.04586,0.01462,0.03473,0.03288
0.10453,0.09673,0.07279,0.25900,0.07844,0.06104,0.05048,0.02260,0.08552,0.02821,0.05497,0.01632,0.03494,0.03443
0.09283,0.13313,0.06189,0.28162,0.07267,0.05684,0.03917,0.02033,0.09901,0.02422,0.04005,0.01645,0.02852,0.03326
0.09236,0.10711,0.09179,0.15228,0.07818,0.07376,0.05681,0.03380,0.08681,0.03899,0.06325,0.02426,0.04757,0.05304
0.10273,0.08909,0.08888,0.22349,0.08094,0.06740,0.05738,0.02583,0.07578,0.02992,0.05437,0.02272,0.03893,0.04254
0.07205,0.23349,0.07224,0.14957,0.05833,0.05995,0.04014,0.01871,0.15058,0.02414,0.03879,0.01584,0.03497,0.03120
0.09398,0.10432,0.07828,0.17955,0.07246,0.07111,0.05961,0.03222,0.09589,0.03641,0.05859,0.02496,0.04564,0.04697
0.07746,0.20660,0.07184,0.11671,0.06324,0.06200,0.04765,0.02584,0.14611,0.03247,0.04207,0.02037,0.04573,0.04191
0.10586,0.09220,0.09392,0.22073,0.08183,0.06357,0.05009,0.02307,0.07921,0.03077,0.05316,0.02185,0.04186,0.04188
0.09054,0.09553,0.06755,0.30219,0.07724,0.06345,0.04365,0.02206,0.07853,0.02473,0.04602,0.01745,0.03755,0.03350
0.09007,0.10244,0.07708,0.28862,0.07283,0.06368,0.04421,0.02113,0.08139,0.02542,0.04594,0.01386,0.03608,0.03724
0.08476,0.16315,0.08540,0.17461,0.06732,0.06287,0.04686,0.02379,0.12522,0.02773,0.04559,0.01936,0.03503,0.03831
0.09380,0.11937,0.08591,0.23261,0.07071,0.06968,0.04696,0.02133,0.08891,0.02827,0.05087,0.01746,0.03724,0.03689
0.10756,0.07243,0.08938,0.21260,0.08549,0.06695,0.05905,0.02947,0.06882,0.03439,0.06215,0.02074,0.04246,0.04850
0.10703,0.08143,0.08042,0.19453,0.08386,0.06398,0.05954,0.03266,0.07392,0.03948,0.06252,0.02688,0.04337,0.05039
0.09917,0.09511,0.07695,0.18009,0.08667,0.07198,0.05519,0.03132,0.08199,0.03752,0.06069,0.02521,0.04889,0.04922
0.09610,0.09558,0.07181,0.33773,0.06887,0.05309,0.04268,0.01660,0.07626,0.02246,0.04319,0.01268,0.03298,0.02996
0.08113,0.16016,0.07421,0.14326,0.06703,0.07191,0.05062,0.02878,0.12695,0.03543,0.05186,0.02469,0.04473,0.03922
0.09325,0.10445,0.08371,0.21133,0.07660,0.07063,0.05393,0.02884,0.09173,0.03230,0.05426,0.01941,0.03987,0.03970
0.09604,0.12596,0.08729,0.24127,0.06490,0.06662,0.04166,0.02078,0.09456,0.02614,0.04803,0.01674,0.03556,0.03445
0.11566,0.06408,0.06791,0.32053,0.08331,0.05437,0.04386,0.02110,0.05538,0.02639,0.05901,0.01743,0.03368,0.03728
0.10366,0.14233,0.07762,0.19563,0.07486,0.06108,0.04725,0.02041,0.11370,0.02524,0.04682,0.01606,0.03727,0.03806
0.09007,0.10223,0.09281,0.25468,0.07476,0.07061,0.04669,0.02168,0.07921,0.02731,0.04946,0.01587,0.03712,0.03749
0.09688,0.07374,0.08549,0.23280,0.07985,0.06533,0.05489,0.02929,0.06952,0.03613,0.06144,0.02284,0.04429,0.04750
0.08300,0.11657,0.10085,0.15871,0.06982,0.07809,0.05361,0.02666,0.10242,0.03758,0.05323,0.02318,0.04983,0.04647
0.09061,0.10821,0.06740,0.26195,0.07268,0.06588,0.05107,0.02390,0.08640,0.03043,0.05057,0.01780,0.03357,0.03953
0.09378,0.11083,0.08531,0.21086,0.07295,0.07029,0.04904,0.02503,0.08753,0.03159,0.05199,0.02352,0.04088,0.04641
0.08145,0.16430,0.09008,0.15031,0.07178,0.06766,0.04844,0.02586,0.11222,0.03463,0.04470,0.01946,0.04568,0.04343
0.09465,0.09505,0.08600,0.22276,0.08046,0.07386,0.04955,0.02658,0.07682,0.03201,0.05778,0.02210,0.03794,0.04445
0.08220,0.14388,0.08016,0.13049,0.07085,0.07509,0.06327,0.02947,0.10752,0.03984,0.05294,0.02696,0.04917,0.04815
0.10193,0.10848,0.07940,0.19330,0.07713,0.06505,0.05356,0.02885,0.09178,0.03352,0.05357,0.02662,0.04411,0.04271
0.07334,0.20146,0.06821,0.14784,0.06432,0.06763,0.04152,0.02397,0.14981,0.03039,0.04317,0.01751,0.03404,0.03679
0.10733,0.07861,0.07305,0.26192,0.08364,0.06235,0.05000,0.02610,0.07051,0.02883,0.05547,0.02027,0.04149,0.04044
0.09444,0.12029,0.08697,0.17492,0.07755,0.06978,0.05872,0.02655,0.09534,0.03370,0.04992,0.02162,0.04771,0.04250
0.10139,0.07332,0.08168,0.24493,0.08361,0.06978,0.04919,0.02630,0.06550,0.03359,0.06197,0.02383,0.03925,0.04565
0.10904,0.08131,0.07481,0.25593,0.07813,0.06317,0.04861,0.02784,0.07072,0.03188,0.05761,0.02330,0.03805,0.03961
0.10094,0.10249,0.07004,0.25744,0.07739,0.06382,0.04649,0.02166,0.08497,0.02709,0.05418,0.01837,0.03789,0.03723
0.08473,0.15047,0.07780,0.17097,0.06908,0.06612,0.05204,0.02487,0.12057,0.03183,0.04998,0.01985,0.04226,0.03943
0.06895,0.24298,0.06818,0.13853,0.05630,0.05730,0.04316,0.02279,0.16154,0.02441,0.03761,0.01530,0.03179,0.03116
