0.10510,0.10762,0.07248,0.22998,0.08060,0.06362,0.04634,0.02278,0.09096,0.02679,0.06004,0.01771,0.03808,0.03789
0.09835,0.10015,0.08331,0.19956,0.07492,0.07044,0.05134,0.02692,0.08663,0.03366,0.05893,0.02227,0.04655,0.04698
0.09486,0.12591,0.08589,0.17083,0.08196,0.06381,0.05431,0.02595,0.10514,0.03326,0.04995,0.02213,0.04085,0.04516
0.10719,0.06955,0.07933,0.24936,0.08301,0.06749,0.05673,0.02780,0.05816,0.03788,0.06256,0.02006,0.03753,0.04335
0.10237,0.10773,0.08936,0.17778,0.07615,0.06485,0.05876,0.02852,0.09066,0.03582,0.04714,0.02510,0.05059,0.04516
0.09799,0.11047,0.07838,0.21759,0.07911,0.06407,0.05028,0.02365,0.09176,0.03117,0.05578,0.02224,0.03786,0.03966
0.10217,0.09155,0.08133,0.20689,0.07691,0.07344,0.05601,0.03077,0.07984,0.03462,0.05585,0.02300,0.04481,0.04280
0.09262,0.12450,0.07928,0.20143,0.07478,0.06511,0.05041,0.02370,0.10288,0.03147,0.05396,0.02146,0.03863,0.03976
0.09465,0.07320,0.09878,0.20657,0.07988,0.07968,0.05334,0.02604,0.06391,0.03816,0.06201,0.02290,0.05747,0.04340
0.10474,0.09378,0.07120,0.22755,0.08054,0.06095,0.05301,0.03057,0.07689,0.03448,0.06016,0.02157,0.04018,0.04438
0.10896,0.09525,0.07337,0.25220,0.07698,0.06594,0.04463,0.02044,0.07709,0.03001,0.06245,0.01804,0.03494,0.03971
0.11682,0.05741,0.07288,0.26331,0.09051,0.06459,0.04632,0.02656,0.05495,0.03463,0.07084,0.02067,0.04062,0.03990
0.07118,0.18269,0.07654,0.14531,0.06666,0.07163,0.05052,0.02494,0.14565,0.02987,0.04283,0.01832,0.03642,0.03744
0.10721,0.08254,0.07779,0.21178,0.08506,0.06140,0.05325,0.03024,0.07287,0.03865,0.06452,0.02533,0.04226,0.04712
0.09227,0.10926,0.08375,0.18735,0.07369,0.07277,0.05193,0.02800,0.09220,0.03754,0.05575,0.02497,0.04506,0.04547
0.08216,0.16565,0.07530,0.15576,0.06679,0.07214,0.04831,0.02477,0.13157,0.03171,0.04662,0.02057,0.03738,0.04126
0.10404,0.09099,0.08042,0.20686,0.07736,0.07304,0.04780,0.02677,0.07744,0.03492,0.05835,0.02622,0.04663,0.04916
0.09439,0.11795,0.07262,0.17591,0.07955,0.06471,0.05291,0.03001,0.09556,0.03783,0.05853,0.02691,0.04462,0.04850
0.08087,0.16535,0.08678,0.15892,0.06572,0.07025,0.04916,0.02048,0.13844,0.03067,0.04351,0.01645,0.03858,0.03485
0.10221,0.11619,0.07836,0.19895,0.07843,0.06634,0.05081,0.02328,0.09256,0.03261,0.05604,0.02078,0.04127,0.04218
0.08074,0.14394,0.08171,0.17690,0.06588,0.08011,0.04653,0.02230,0.12060,0.03144,0.04672,0.01907,0.04340,0.04067
0.11976,0.07117,0.06882,0.27763,0.08305,0.05950,0.04875,0.02152,0.06286,0.02814,0.06590,0.01948,0.03537,0.03806
0.09694,0.07637,0.08855,0.21237,0.07508,0.07105,0.05698,0.03662,0.06336,0.04341,0.06066,0.02566,0.04721,0.04575
0.10125,0.12078,0.06709,0.23481,0.07455,0.06429,0.04805,0.02190,0.09495,0.02770,0.05713,0.01838,0.03359,0.03552
0.09314,0.12275,0.08277,0.20040,0.07024,0.07335,0.04628,0.02259,0.10469,0.02721,0.05292,0.01855,0.04344,0.04167
0.07200,0.19467,0.07344,0.14662,0.06341,0.06993,0.04321,0.02084,0.15889,0.02634,0.04258,0.01868,0.03316,0.03622
0.09532,0.13776,0.07589,0.17751,0.07531,0.06723,0.05187,0.02423,0.11243,0.03105,0.04773,0.02073,0.04106,0.04187
0.10530,0.09061,0.07112,0.22878,0.07986,0.06698,0.04884,0.02657,0.07771,0.03176,0.06073,0.02299,0.04347,0.04528
0.09711,0.11766,0.07465,0.21403,0.07741,0.06365,0.05464,0.02331,0.09589,0.03093,0.05442,0.01982,0.03884,0.03767
0.11515,0.06255,0.07379,0.27491,0.08696,0.05490,0.05318,0.02393,0.05495,0.03244,0.06894,0.01824,0.04136,0.03870
0.10519,0.09679,0.07675,0.22610,0.07742,0.06912,0.04868,0.02252,0.08587,0.03414,0.05671,0.02039,0.03806,0.04228
0.12213,0.07028,0.08558,0.23568,0.08464,0.06086,0.05172,0.02530,0.06267,0.03275,0.06015,0.02479,0.04067,0.04279
0.11539,0.06781,0.06943,0.26029,0.08448,0.06044,0.05131,0.02325,0.06105,0.03329,0.06660,0.02258,0.04355,0.04052
0.08004,0.17095,0.07445,0.13892,0.07094,0.06702,0.05287,0.02679,0.14046,0.03014,0.04094,0.02135,0.04338,0.04175
0.10123,0.08954,0.07074,0.20642,0.07868,0.07005,0.05491,0.02982,0.07489,0.03929,0.06437,0.02456,0.04685,0.04865
0.10187,0.09157,0.07655,0.22115,0.07987,0.06741,0.05374,0.02841,0.07249,0.03339,0.06502,0.02259,0.04216,0.04379
0.08335,0.19121,0.06815,0.16165,0.06574,0.06500,0.04466,0.02008,0.14988,0.02619,0.04045,0.01718,0.03250,0.03397
0.10452,0.08805,0.08159,0.22299,0.08188,0.06733,0.05189,0.02908,0.07499,0.03266,0.05926,0.02042,0.04027,0.04507
0.10909,0.08511,0.07817,0.20646,0.08323,0.06469,0.05320,0.02792,0.07795,0.03770,0.06059,0.02384,0.04434,0.04772
0.11377,0.08450,0.07129,0.25270,0.08195,0.05776,0.05004,0.02556,0.07485,0.02863,0.06316,0.01988,0.03699,0.03891
0.10168,0.10462,0.08183,0.18967,0.07569,0.06691,0.05048,0.02723,0.09069,0.03362,0.05361,0.02621,0.04758,0.05017
0.08927,0.13726,0.07705,0.18593,0.07396,0.06693,0.05251,0.02853,0.10836,0.02991,0.05135,0.01940,0.03815,0.04140
0.10755,0.07821,0.07443,0.22562,0.08164,0.06671,0.05253,0.02869,0.07036,0.03676,0.06280,0.02449,0.04531,0.04491
0.07808,0.17843,0.07177,0.14554,0.06842,0.07033,0.04924,0.02541,0.14234,0.03015,0.04370,0.02095,0.03761,0.03802
0.08734,0.11601,0.08726,0.14209,0.07663,0.07276,0.05904,0.03510,0.10022,0.03989,0.05120,0.02954,0.05257,0.05034
0.10763,0.09058,0.07366,0.23589,0.08115,0.06425,0.04603,0.02501,0.07553,0.03251,0.06227,0.02072,0.04233,0.04243
0.09733,0.14165,0.07298,0.17425,0.07333,0.06489,0.05070,0.02599,0.11866,0.02985,0.04691,0.02420,0.03693,0.04234
0.10717,0.09552,0.07114,0.19965,0.07959,0.06738,0.05248,0.02930,0.07993,0.03656,0.05845,0.02445,0.04645,0.05195
0.10326,0.08721,0.09204,0.18897,0.08115,0.06935,0.05626,0.02716,0.07627,0.03689,0.05255,0.02721,0.05368,0.04800
0.08028,0.14079,0.08387,0.16312,0.07389,0.07243,0.05010,0.02561,0.11807,0.03358,0.04740,0.02308,0.04391,0.04387
0.09093,0.11777,0.08611,0.16491,0.08061,0.06784,0.05409,0.03059,0.10523,0.03474,0.05066,0.02475,0.04454,0.04722
0.10651,0.08939,0.08043,0.21947,0.08161,0.06807,0.05234,0.02819,0.07441,0.03194,0.05680,0.02037,0.04511,0.04535
0.12022,0.07606,0.07448,0.25762,0.08095,0.05934,0.04743,0.02168,0.06661,0.02909,0.06537,0.01873,0.04215,0.04024
0.09173,0.11756,0.07998,0.18591,0.07676,0.06966,0.05397,0.02979,0.09781,0.03593,0.05396,0.02279,0.04247,0.04168
0.09119,0.11458,0.08300,0.19722,0.07772,0.06716,0.05078,0.02715,0.09476,0.03273,0.05290,0.02204,0.04421,0.04457
0.11491,0.06777,0.07782,0.25793,0.08459,0.06038,0.04789,0.02503,0.05892,0.03321,0.06754,0.02262,0.03961,0.04176
0.09120,0.12193,0.08016,0.18208,0.07593,0.06917,0.05483,0.02698,0.10201,0.03572,0.05200,0.02082,0.04247,0.04469
0.10594,0.07472,0.07867,0.23606,0.08175,0.06834,0.05205,0.02603,0.06209,0.03333,0.06596,0.02314,0.04697,0.04496
0.08154,0.17232,0.07386,0.15464,0.06597,0.06964,0.04819,0.02507,0.14280,0.03095,0.04274,0.02059,0.03673,0.03496
0.08029,0.16593,0.07418,0.16554,0.06686,0.07173,0.04656,0.02450,0.13469,0.02863,0.04368,0.02067,0.03802,0.03873
0.11560,0.07289,0.08235,0.23241,0.08727,0.06015,0.05446,0.02504,0.06330,0.03373,0.06382,0.02151,0.04427,0.04321
0.10235,0.10102,0.08480,0.18494,0.08071,0.06689,0.05301,0.02617,0.09114,0.03537,0.05535,0.02652,0.04440,0.04731
0.10804,0.08749,0.07931,0.18921,0.07904,0.06463,0.05710,0.03216,0.08029,0.03793,0.05792,0.02703,0.05005,0.04980
0.10069,0.08023,0.07937,0.20616,0.07950,0.06604,0.05645,0.03657,0.07002,0.04130,0.06081,0.02899,0.04440,0.04947
0.11467,0.06914,0.07528,0.25810,0.08556,0.05712,0.05523,0.02713,0.06255,0.03155,0.06469,0.02051,0.04002,0.03845
0.09578,0.10968,0.07408,0.20513,0.07557,0.06668,0.05390,0.02464,0.09257,0.03485,0.05851,0.02177,0.04151,0.04533
0.09206,0.10570,0.07767,0.16725,0.07270,0.07514,0.05234,0.03649,0.09034,0.03919,0.05805,0.03371,0.04577,0.05358
0.11564,0.07619,0.07144,0.25984,0.07878,0.05826,0.04712,0.02442,0.07044,0.02944,0.06540,0.02124,0.03951,0.04228
0.09675,0.11640,0.07692,0.16438,0.07760,0.06722,0.05877,0.02802,0.10402,0.03730,0.05251,0.02549,0.04528,0.04934
0.07445,0.17807,0.07831,0.14396,0.06590,0.07127,0.04692,0.02502,0.14435,0.02956,0.04078,0.02206,0.03842,0.04093
0.09956,0.12381,0.07890,0.19897,0.07728,0.06570,0.05028,0.02205,0.10785,0.02956,0.04831,0.02064,0.04067,0.03644
0.08842,0.12162,0.07918,0.19112,0.07570,0.06994,0.04900,0.02588,0.10304,0.03291,0.05169,0.02404,0.04457,0.04290
0.10625,0.09403,0.07211,0.23323,0.08418,0.06478,0.05131,0.02534,0.07488,0.03189,0.06295,0.01893,0.03716,0.04296
0.11853,0.07441,0.07294,0.25144,0.08357,0.05857,0.05055,0.02512,0.06533,0.03037,0.06296,0.02117,0.04157,0.04347
0.09215,0.11118,0.08773,0.18239,0.07339,0.07158,0.05222,0.02851,0.09451,0.03759,0.05564,0.02374,0.04458,0.04479
0.10974,0.08320,0.07299,0.22404,0.08375,0.06358,0.05465,0.02844,0.07338,0.03414,0.06328,0.02210,0.04303,0.04367
0.09692,0.12203,0.08288,0.19796,0.07781,0.06515,0.05463,0.02507,0.09936,0.02903,0.04709,0.01827,0.04277,0.04103
0.08398,0.15653,0.07161,0.17952,0.07015,0.06749,0.04899,0.02216,0.12544,0.02867,0.05171,0.01954,0.03773,0.03648
0.11406,0.08537,0.08035,0.23929,0.08057,0.05948,0.04657,0.02464,0.07627,0.03111,0.05757,0.02165,0.04085,0.04222
0.09683,0.07360,0.08656,0.19599,0.08403,0.07607,0.05227,0.03689,0.06938,0.04157,0.06287,0.02478,0.05196,0.04720
0.12352,0.04899,0.07398,0.27625,0.08653,0.05421,0.05063,0.02602,0.04636,0.03351,0.07182,0.02485,0.04172,0.04161
0.07250,0.14939,0.08621,0.12925,0.06862,0.07712,0.05608,0.02874,0.12271,0.03880,0.04574,0.02710,0.05041,0.04734
0.09274,0.12895,0.07401,0.20876,0.07584,0.06409,0.05011,0.02294,0.10734,0.02770,0.05545,0.01788,0.03934,0.03485
0.09552,0.11174,0.07911,0.18639,0.07370,0.07589,0.05156,0.02736,0.09433,0.03275,0.05299,0.02576,0.04431,0.04859
0.08367,0.12220,0.09230,0.15952,0.06930,0.07708,0.05461,0.02920,0.10057,0.03988,0.05140,0.02395,0.04828,0.04804
0.09748,0.13017,0.07383,0.19035,0.07226,0.06757,0.05330,0.02526,0.10646,0.03050,0.05022,0.02158,0.04039,0.04062
0.10752,0.09633,0.07392,0.21559,0.08365,0.06630,0.05044,0.02412,0.08427,0.03167,0.05772,0.02407,0.04226,0.04213
0.09662,0.11214,0.07444,0.20556,0.08100,0.06417,0.05237,0.02529,0.09409,0.03488,0.05373,0.02150,0.04019,0.04403
0.09262,0.09784,0.08013,0.19532,0.07877,0.06835,0.05563,0.03072,0.08349,0.03781,0.05888,0.02877,0.04671,0.04495
0.08684,0.11144,0.09208,0.17268,0.07613,0.07287,0.05939,0.02673,0.08990,0.03684,0.05499,0.02359,0.04800,0.04852
0.07637,0.18115,0.07051,0.14790,0.06629,0.06729,0.04752,0.02468,0.14525,0.02802,0.04446,0.02259,0.03799,0.03997
0.09569,0.12930,0.07263,0.18912,0.07764,0.06880,0.05124,0.02658,0.10179,0.02851,0.05365,0.02217,0.04104,0.04184
0.09039,0.17790,0.06895,0.16450,0.07402,0.06531,0.04536,0.01821,0.14508,0.02533,0.03992,0.01802,0.03376,0.03326
0.11696,0.08872,0.06946,0.24355,0.08266,0.06059,0.05003,0.02528,0.07661,0.03019,0.05910,0.01877,0.03791,0.04018
0.09484,0.14695,0.06909,0.19670,0.07510,0.06523,0.04733,0.02219,0.11791,0.02893,0.05131,0.01638,0.03170,0.03633
0.10333,0.07920,0.07962,0.21862,0.08147,0.06753,0.05431,0.03233,0.06884,0.03864,0.06475,0.02308,0.04321,0.04507
0.09092,0.14497,0.07064,0.17930,0.07151,0.06918,0.05028,0.02491,0.12053,0.02961,0.04486,0.02063,0.03968,0.04299
0.09778,0.09980,0.08537,0.20881,0.07856,0.07010,0.05510,0.02668,0.08249,0.03099,0.05564,0.02254,0.04259,0.04355
0.08100,0.12109,0.08392,0.15707,0.07264,0.07980,0.05645,0.02823,0.10014,0.03964,0.05584,0.02857,0.04870,0.04688
0.11921,0.07267,0.07441,0.22906,0.08962,0.06311,0.05564,0.02317,0.06859,0.03224,0.06025,0.02528,0.04411,0.04263
0.11330,0.08876,0.06584,0.27351,0.08204,0.05862,0.04612,0.02134,0.07549,0.02802,0.06521,0.01596,0.03291,0.03289
0.10199,0.09110,0.08451,0.19642,0.08113,0.06470,0.05795,0.03013,0.07778,0.03525,0.05749,0.02321,0.04976,0.04857
0.12083,0.06156,0.07537,0.27221,0.08699,0.05768,0.05157,0.02541,0.05235,0.03159,0.06305,0.01825,0.04212,0.04102
0.10369,0.09958,0.06370,0.22761,0.07951,0.06433,0.04902,0.02951,0.08243,0.03428,0.05994,0.02102,0.04320,0.04217
0.11525,0.08747,0.08116,0.22369,0.08491,0.06207,0.05472,0.02277,0.07123,0.03222,0.05699,0.02129,0.04165,0.04459
0.11242,0.07853,0.07343,0.25405,0.07997,0.06484,0.04744,0.02238,0.06930,0.03435,0.06376,0.01926,0.03748,0.04278
0.11517,0.07449,0.07755,0.25775,0.08428,0.06028,0.04945,0.02447,0.06347,0.03162,0.06318,0.01948,0.03792,0.04089
0.11190,0.07650,0.08933,0.25171,0.08019,0.06704,0.05040,0.02201,0.06354,0.03020,0.05947,0.02047,0.04140,0.03584
0.12143,0.05218,0.06664,0.29497,0.09320,0.05840,0.04674,0.02319,0.04836,0.03004,0.07046,0.01786,0.03718,0.03936
0.12197,0.06476,0.07364,0.25942,0.08715,0.05565,0.04969,0.02520,0.06028,0.02996,0.06414,0.02175,0.04396,0.04242
0.08638,0.15393,0.07606,0.16710,0.06969,0.06743,0.04976,0.02171,0.12989,0.02758,0.04557,0.02282,0.04036,0.04173
0.11676,0.09498,0.08456,0.18951,0.08556,0.06158,0.05677,0.02633,0.08629,0.03307,0.04903,0.02439,0.04600,0.04515
0.09684,0.12072,0.08001,0.20877,0.07700,0.06616,0.04896,0.02215,0.09795,0.03009,0.05115,0.01938,0.04204,0.03877
0.09568,0.11704,0.08020,0.19074,0.07349,0.06819,0.05253,0.02708,0.09638,0.03781,0.05369,0.02255,0.04100,0.04362
0.09634,0.11678,0.07837,0.19798,0.08095,0.06743,0.05158,0.02651,0.09488,0.03070,0.05613,0.02119,0.03971,0.04146
0.09946,0.08193,0.09151,0.21035,0.07916,0.07019,0.05323,0.02818,0.06678,0.03854,0.05694,0.02692,0.04960,0.04721
0.09569,0.12350,0.08072,0.18231,0.07246,0.06904,0.05076,0.03006,0.10456,0.03256,0.05089,0.02141,0.04009,0.04594
0.11671,0.08355,0.07483,0.23776,0.08185,0.06064,0.04737,0.02586,0.07073,0.03596,0.06147,0.02295,0.03696,0.04336
0.09739,0.12873,0.07125,0.18790,0.07776,0.06782,0.05026,0.02771,0.10361,0.03069,0.05063,0.02149,0.03938,0.04538
0.10036,0.08286,0.08255,0.20060,0.08142,0.07121,0.05828,0.02896,0.07476,0.03888,0.05698,0.02601,0.04658,0.05056
0.09746,0.10597,0.08519,0.19597,0.07779,0.07151,0.05581,0.02670,0.08456,0.03324,0.05596,0.02087,0.04647,0.04250
0.08643,0.16589,0.07049,0.17037,0.07112,0.06669,0.04691,0.02240,0.13335,0.02856,0.04791,0.01812,0.03639,0.03536
0.09246,0.11781,0.08344,0.17033,0.07696,0.07280,0.05239,0.03200,0.09900,0.03537,0.05216,0.02433,0.04705,0.04388
0.10074,0.10733,0.08503,0.16794,0.07931,0.06606,0.05610,0.02857,0.09342,0.03796,0.05205,0.02886,0.04728,0.04936
0.09808,0.10100,0.08887,0.18541,0.07558,0.07448,0.05550,0.03223,0.07942,0.03654,0.05616,0.02450,0.04601,0.04619
0.09368,0.12965,0.07651,0.20276,0.07217,0.06368,0.05233,0.02687,0.10062,0.03053,0.05239,0.02030,0.03797,0.04054
0.09069,0.09796,0.08368,0.18011,0.07523,0.07501,0.05367,0.03269,0.08406,0.04033,0.05894,0.02715,0.04853,0.05195
0.10296,0.13055,0.07262,0.17678,0.07975,0.06448,0.04885,0.02653,0.10406,0.03511,0.05181,0.02462,0.04080,0.04110
0.11070,0.08343,0.08359,0.19811,0.08475,0.06573,0.05317,0.03059,0.07397,0.03584,0.05662,0.02773,0.04766,0.04812
0.08614,0.16609,0.07039,0.17946,0.07208,0.06521,0.04747,0.02141,0.13133,0.02579,0.04802,0.01656,0.03392,0.03613
0.09144,0.12482,0.07840,0.20108,0.07454,0.06942,0.05008,0.02462,0.10196,0.03163,0.05245,0.02021,0.04118,0.03818
0.09487,0.12349,0.07912,0.20174,0.07513,0.06443,0.04919,0.02335,0.10165,0.03216,0.05456,0.02076,0.03944,0.04012
0.10482,0.10396,0.07209,0.23920,0.07839,0.06242,0.05185,0.02102,0.09045,0.02528,0.05889,0.01997,0.03510,0.03655
0.10732,0.09734,0.08605,0.17991,0.08061,0.06913,0.05982,0.02676,0.08813,0.03792,0.05275,0.02375,0.04580,0.04473
0.11701,0.07547,0.07247,0.23696,0.08656,0.06066,0.04699,0.03184,0.06831,0.03086,0.06040,0.02474,0.04366,0.04406
0.08598,0.13266,0.08148,0.17676,0.07249,0.07019,0.05410,0.02781,0.10674,0.03491,0.05195,0.02117,0.04193,0.04185
0.09503,0.12741,0.07954,0.17810,0.07058,0.06761,0.05171,0.03211,0.10450,0.03291,0.05127,0.02312,0.04290,0.04321
0.12054,0.07999,0.08783,0.19186,0.08705,0.06029,0.05936,0.03014,0.07062,0.03639,0.05262,0.02487,0.05016,0.04829
0.11054,0.09251,0.07592,0.22925,0.07854,0.06358,0.04882,0.02489,0.07905,0.03136,0.05850,0.02353,0.04046,0.04304
0.09728,0.09219,0.07788,0.20879,0.07930,0.07107,0.05447,0.02813,0.07636,0.03701,0.06384,0.02296,0.04316,0.04757
0.10497,0.09345,0.07401,0.23049,0.08043,0.06448,0.05303,0.02521,0.07950,0.03273,0.05928,0.02249,0.03931,0.04063
0.09660,0.12976,0.07310,0.20403,0.07509,0.06026,0.04934,0.02465,0.10686,0.03037,0.05289,0.01911,0.03757,0.04037
0.11629,0.06347,0.07811,0.25177,0.08404,0.05906,0.04991,0.02889,0.05992,0.03396,0.06813,0.02216,0.04098,0.04332
0.11186,0.09181,0.07243,0.23162,0.08168,0.06341,0.05019,0.02462,0.07811,0.03182,0.06035,0.02176,0.03900,0.04132
0.07669,0.16421,0.08140,0.15505,0.06519,0.07150,0.04992,0.02185,0.13816,0.03012,0.04358,0.02155,0.03930,0.04147
0.10328,0.08081,0.07566,0.23161,0.08179,0.06623,0.05534,0.02759,0.06649,0.03634,0.06614,0.02158,0.04243,0.04471
0.08877,0.14293,0.07764,0.17731,0.07291,0.07117,0.04738,0.02597,0.11600,0.02866,0.04622,0.02315,0.04284,0.03905
0.09907,0.13999,0.06799,0.18814,0.07477,0.06405,0.04948,0.02459,0.11279,0.02880,0.05165,0.01888,0.03879,0.04102
0.09734,0.12304,0.07810,0.18676,0.07506,0.06781,0.05171,0.02929,0.10245,0.02926,0.05062,0.02088,0.04234,0.04534
0.09318,0.10855,0.08267,0.19864,0.07291,0.06885,0.05274,0.02722,0.09230,0.03536,0.05857,0.02098,0.04194,0.04612
0.09102,0.09136,0.08052,0.18520,0.07551,0.07522,0.05339,0.03344,0.08244,0.03815,0.06134,0.03009,0.05080,0.05153
0.09701,0.11772,0.07521,0.17060,0.07873,0.07035,0.05464,0.02657,0.10125,0.03399,0.05282,0.02421,0.04580,0.05110
0.10110,0.09914,0.08008,0.20657,0.07794,0.06347,0.05450,0.02669,0.08227,0.03640,0.06036,0.02613,0.04312,0.04223
0.11468,0.07602,0.08011,0.24716,0.08135,0.06228,0.05210,0.02246,0.07009,0.03236,0.06218,0.01980,0.04094,0.03847
0.08648,0.11897,0.08258,0.15380,0.07295,0.07651,0.05581,0.03438,0.10005,0.03675,0.05404,0.02686,0.05048,0.05034
0.06627,0.21884,0.06383,0.14916,0.06367,0.06652,0.04411,0.01749,0.17345,0.02218,0.03865,0.01549,0.03023,0.03012
0.10230,0.08176,0.08875,0.23054,0.08046,0.07147,0.05043,0.02413,0.06843,0.03323,0.05794,0.01911,0.04947,0.04198
0.09917,0.09219,0.09270,0.20694,0.08039,0.06749,0.05551,0.02715,0.07645,0.03632,0.05283,0.02217,0.04755,0.04315
0.07857,0.14336,0.08203,0.17577,0.07025,0.07240,0.04940,0.02620,0.11779,0.03059,0.04900,0.02137,0.04330,0.03996
0.11268,0.06469,0.08906,0.19844,0.08604,0.06006,0.05839,0.03353,0.05990,0.04268,0.05837,0.02998,0.05378,0.05240
0.08218,0.14752,0.07724,0.13632,0.07354,0.07094,0.05332,0.02852,0.12201,0.03688,0.04576,0.02782,0.04834,0.04961
0.09635,0.12579,0.08138,0.19669,0.07360,0.06753,0.04812,0.02398,0.10149,0.03322,0.05195,0.01862,0.04101,0.04029
0.10368,0.10281,0.06391,0.24995,0.08053,0.06327,0.04676,0.02415,0.08372,0.02860,0.06571,0.01644,0.03514,0.03532
0.10649,0.10337,0.06502,0.24532,0.07783,0.06182,0.04777,0.02404,0.08755,0.02760,0.06256,0.02022,0.03553,0.03488
0.10431,0.08178,0.08202,0.21846,0.07844,0.06600,0.05037,0.03058,0.07476,0.03516,0.06151,0.02441,0.04507,0.04713
0.09617,0.12353,0.07077,0.21707,0.07074,0.06789,0.04554,0.02594,0.10090,0.02899,0.05750,0.02050,0.03490,0.03956
0.09414,0.11348,0.07582,0.20793,0.07459,0.06792,0.05120,0.02769,0.09110,0.03409,0.05789,0.01954,0.04339,0.04123
0.11035,0.07973,0.07831,0.21164,0.08337,0.06578,0.05225,0.03168,0.06954,0.03717,0.06010,0.02754,0.04396,0.04859
0.10873,0.10047,0.07448,0.19622,0.07866,0.06491,0.05184,0.02914,0.08239,0.03453,0.05852,0.02347,0.04279,0.05386
0.07502,0.18321,0.06631,0.13530,0.06582,0.07217,0.04898,0.02481,0.15238,0.02946,0.04460,0.02110,0.03782,0.04304
0.09436,0.10611,0.08042,0.18342,0.07524,0.07404,0.05543,0.02851,0.08721,0.03732,0.05820,0.02569,0.04601,0.04805
0.09168,0.13681,0.07687,0.19277,0.07697,0.06408,0.04935,0.02307,0.11429,0.03049,0.04972,0.01917,0.03752,0.03721
0.09750,0.12044,0.06792,0.20201,0.07738,0.06563,0.04952,0.03104,0.09952,0.03045,0.05559,0.02223,0.03968,0.04111
0.09809,0.12801,0.07876,0.18584,0.08116,0.06358,0.05263,0.02397,0.10594,0.03051,0.05145,0.02165,0.03991,0.03849
0.09556,0.07386,0.08751,0.19345,0.08589,0.07521,0.05512,0.03024,0.06914,0.03976,0.06188,0.02974,0.05301,0.04963
0.09314,0.10955,0.09120,0.17567,0.07333,0.07243,0.05670,0.03642,0.09209,0.03770,0.05180,0.02479,0.04349,0.04169
0.11037,0.08417,0.07684,0.23363,0.08091,0.06320,0.04865,0.02420,0.07069,0.03492,0.06288,0.02261,0.04332,0.04361
0.09282,0.11202,0.08229,0.16244,0.07920,0.07290,0.05430,0.03164,0.09414,0.03788,0.05081,0.02733,0.05080,0.05144
0.09473,0.12745,0.07372,0.20250,0.07192,0.07232,0.04745,0.02489,0.10134,0.03105,0.05347,0.02043,0.03769,0.04105
0.08414,0.12970,0.08731,0.16370,0.07438,0.07522,0.05643,0.03065,0.10746,0.03630,0.04836,0.02326,0.03978,0.04332
0.10073,0.10229,0.07973,0.22657,0.07748,0.06512,0.05366,0.02384,0.08087,0.02958,0.06067,0.01963,0.03852,0.04130
0.09643,0.12576,0.07771,0.19223,0.07287,0.06710,0.04879,0.02609,0.10406,0.02996,0.05451,0.02246,0.04013,0.04191
0.09080,0.09462,0.08589,0.18029,0.07755,0.07301,0.05489,0.03314,0.08181,0.04266,0.05952,0.02694,0.05032,0.04855
0.12372,0.06824,0.06281,0.30947,0.08329,0.05446,0.04725,0.01769,0.05783,0.02357,0.07093,0.01477,0.03120,0.03478
0.12518,0.06503,0.06355,0.31634,0.08526,0.05451,0.04330,0.01774,0.05454,0.02254,0.07171,0.01471,0.03037,0.03523
0.09379,0.11196,0.08159,0.18413,0.07325,0.07616,0.05243,0.02869,0.09218,0.03470,0.05265,0.02681,0.04773,0.04393
0.09523,0.12160,0.07689,0.18198,0.07271,0.06758,0.04932,0.03231,0.09979,0.03472,0.05056,0.02541,0.04279,0.04910
0.12793,0.05737,0.06536,0.29776,0.08790,0.05168,0.04537,0.02017,0.05208,0.02982,0.07217,0.01879,0.03533,0.03826
0.08784,0.09313,0.08572,0.16960,0.07856,0.07738,0.05875,0.03727,0.07825,0.04270,0.05986,0.02775,0.04961,0.05359
0.11298,0.08639,0.07304,0.23536,0.08101,0.06288,0.04794,0.02659,0.07524,0.03212,0.05974,0.02314,0.04168,0.04189
0.13018,0.06240,0.06262,0.30438,0.08926,0.05216,0.04587,0.01899,0.05265,0.02523,0.07191,0.01519,0.03357,0.03558
0.10377,0.09880,0.08130,0.21015,0.08223,0.06392,0.05457,0.02742,0.08543,0.03127,0.05643,0.02329,0.03942,0.04200
0.10234,0.09669,0.07162,0.21467,0.07941,0.06720,0.05352,0.02609,0.08289,0.03415,0.05952,0.02336,0.04334,0.04519
0.09299,0.08695,0.09079,0.18830,0.07850,0.07493,0.05698,0.03141,0.07330,0.04227,0.05813,0.02405,0.05244,0.04897
0.08007,0.17285,0.07117,0.14850,0.06435,0.07173,0.04694,0.02401,0.14064,0.03044,0.04527,0.02504,0.03858,0.04039
0.09299,0.11486,0.08279,0.17622,0.07763,0.06998,0.05333,0.03118,0.09655,0.03692,0.05226,0.02719,0.04302,0.04508
0.08668,0.12987,0.07975,0.16596,0.07412,0.06996,0.05403,0.03368,0.10419,0.03633,0.05128,0.02548,0.04324,0.04543
0.09186,0.09980,0.08310,0.20543,0.07514,0.07558,0.05407,0.02614,0.08278,0.03338,0.05818,0.02457,0.04352,0.04646
0.09805,0.09026,0.08145,0.21968,0.07679,0.07440,0.04973,0.02593,0.07778,0.03390,0.06094,0.02134,0.04705,0.04269
0.09200,0.10759,0.07436,0.17789,0.07785,0.06916,0.05139,0.03056,0.09410,0.03768,0.05902,0.02653,0.04865,0.05322
0.08987,0.13501,0.08209,0.18822,0.07404,0.06644,0.05301,0.02401,0.11278,0.02899,0.05007,0.01922,0.03794,0.03831
0.09711,0.10665,0.08135,0.20600,0.07342,0.06857,0.05757,0.02695,0.08914,0.03242,0.05662,0.02075,0.04073,0.04271
0.11268,0.08349,0.07182,0.24706,0.08318,0.05525,0.05024,0.02680,0.07402,0.02887,0.06361,0.02079,0.04062,0.04157
0.10586,0.07164,0.08645,0.22224,0.08590,0.05970,0.05335,0.03287,0.06289,0.03568,0.06241,0.02534,0.04888,0.04679
0.08939,0.13950,0.07586,0.17187,0.07393,0.07043,0.04573,0.02613,0.11923,0.03221,0.04799,0.02165,0.04168,0.04441
0.11694,0.08589,0.06916,0.24283,0.08861,0.05807,0.04933,0.02358,0.07469,0.02957,0.05935,0.02038,0.03822,0.04336
0.10273,0.07950,0.08165,0.21274,0.08256,0.06887,0.05609,0.03418,0.06864,0.03727,0.06060,0.02393,0.04630,0.04494
0.11612,0.06856,0.07349,0.26521,0.08299,0.05891,0.04916,0.02524,0.05979,0.03183,0.06875,0.02188,0.03745,0.04061
0.09636,0.10826,0.08726,0.16116,0.07860,0.06926,0.05958,0.03251,0.09111,0.03725,0.05238,0.02515,0.05015,0.05097
0.10714,0.08214,0.07882,0.22585,0.07901,0.06852,0.05100,0.02773,0.07154,0.03581,0.06146,0.02386,0.04184,0.04528
0.09735,0.12937,0.08226,0.17346,0.07225,0.06569,0.05511,0.02630,0.10604,0.03358,0.04894,0.02213,0.04216,0.04534
0.09172,0.16231,0.06798,0.17510,0.07431,0.06450,0.04581,0.02069,0.13692,0.02661,0.04318,0.01940,0.03516,0.03632
0.09836,0.11646,0.08440,0.18772,0.07340,0.06823,0.05211,0.02772,0.09736,0.03470,0.05256,0.02426,0.03943,0.04328
0.11434,0.07793,0.06641,0.27255,0.08386,0.05875,0.04637,0.02167,0.06723,0.02856,0.06630,0.01826,0.03947,0.03831
0.09636,0.13404,0.07607,0.18491,0.07410,0.06439,0.04886,0.02543,0.11077,0.02888,0.05175,0.02134,0.03965,0.04344
0.09174,0.11346,0.08497,0.19444,0.07466,0.07716,0.05106,0.02480,0.09204,0.03225,0.05505,0.02032,0.04671,0.04132
0.09069,0.14624,0.06893,0.18952,0.07358,0.06098,0.04825,0.02505,0.11545,0.03126,0.04990,0.01980,0.04058,0.03977
0.09917,0.10625,0.07660,0.20436,0.07921,0.06463,0.05042,0.02674,0.09176,0.03247,0.05390,0.02413,0.04344,0.04690
0.08912,0.14048,0.07345,0.19366,0.07195,0.06696,0.04824,0.02601,0.11349,0.03107,0.05233,0.01941,0.03592,0.03790
0.09135,0.12836,0.08191,0.16144,0.07895,0.07060,0.05076,0.02641,0.10857,0.03527,0.05090,0.02480,0.04713,0.04354
0.10405,0.11073,0.07410,0.21916,0.07580,0.06477,0.05034,0.02407,0.08887,0.02983,0.05543,0.02241,0.03890,0.04153
0.11123,0.07332,0.08285,0.22741,0.08297,0.06660,0.05441,0.02613,0.06363,0.03561,0.06167,0.02288,0.04621,0.04508
0.09752,0.12099,0.07404,0.19798,0.07312,0.06982,0.04874,0.02410,0.10022,0.03129,0.05465,0.02186,0.04135,0.04431
0.09327,0.12395,0.08015,0.18059,0.07560,0.06844,0.05255,0.02868,0.10384,0.03409,0.05018,0.02219,0.04316,0.04331
0.11918,0.08608,0.06487,0.27505,0.08193,0.06176,0.04208,0.02073,0.07069,0.02646,0.06289,0.01598,0.03565,0.03664
0.11277,0.06670,0.07205,0.24293,0.08270,0.06340,0.05394,0.02910,0.05665,0.03518,0.07134,0.02392,0.04347,0.04585
0.09393,0.09891,0.08487,0.18743,0.07729,0.07160,0.05371,0.02884,0.08414,0.04174,0.05479,0.02508,0.05101,0.04665
0.09606,0.10207,0.08011,0.17364,0.08260,0.07270,0.05377,0.03131,0.08654,0.04033,0.05831,0.02439,0.04970,0.04847
0.11934,0.07824,0.08034,0.21376,0.08502,0.06260,0.05317,0.02982,0.06777,0.03593,0.05794,0.02462,0.04543,0.04602
0.11521,0.07734,0.06861,0.25706,0.08261,0.05824,0.05109,0.02552,0.06794,0.03213,0.06528,0.02096,0.03927,0.03872
0.08701,0.16573,0.06914,0.15897,0.06974,0.07055,0.04977,0.02327,0.13633,0.02931,0.04542,0.02054,0.03625,0.03798
0.08610,0.14723,0.07397,0.17777,0.07100,0.06729,0.04819,0.02290,0.12239,0.03172,0.04919,0.01999,0.04010,0.04218
0.10897,0.09633,0.06867,0.25491,0.08203,0.05948,0.04937,0.02132,0.08170,0.02702,0.06065,0.01737,0.03533,0.03684
0.11266,0.08328,0.07788,0.24005,0.08138,0.05861,0.05004,0.02533,0.07479,0.03101,0.06346,0.02191,0.04058,0.03902
0.10132,0.09364,0.08202,0.20341,0.07894,0.06739,0.05898,0.02826,0.08063,0.03612,0.05650,0.02481,0.04347,0.04453
0.08175,0.15161,0.08114,0.15928,0.07045,0.07063,0.05334,0.02685,0.12557,0.02957,0.04748,0.02100,0.04201,0.03934
0.09111,0.13308,0.07230,0.19408,0.07146,0.07217,0.04804,0.02483,0.11399,0.02858,0.05253,0.01865,0.03685,0.04232
0.10126,0.09610,0.07986,0.19894,0.08435,0.06822,0.05338,0.03120,0.08229,0.03491,0.05595,0.02624,0.04381,0.04350
0.10629,0.08183,0.07908,0.23984,0.08211,0.06764,0.05100,0.02479,0.07102,0.03404,0.06058,0.02008,0.04008,0.04161
0.09344,0.11127,0.07555,0.18483,0.07362,0.07010,0.04809,0.03399,0.09467,0.03666,0.05517,0.02796,0.04862,0.04603
0.09859,0.12874,0.07499,0.18479,0.07950,0.06537,0.05087,0.02550,0.10309,0.03091,0.05201,0.02193,0.03906,0.04465
0.12517,0.05943,0.07699,0.25899,0.08626,0.05920,0.05348,0.02299,0.05283,0.03266,0.06512,0.02280,0.04188,0.04220
0.10034,0.10402,0.08033,0.20446,0.07707,0.07120,0.05039,0.02510,0.08423,0.03499,0.05854,0.02409,0.04359,0.04166
0.11314,0.08068,0.08597,0.19322,0.08482,0.06310,0.05778,0.02823,0.06871,0.03788,0.05749,0.02803,0.04985,0.05110
0.10070,0.09990,0.07726,0.21893,0.07554,0.06710,0.05330,0.02525,0.08135,0.03587,0.05941,0.02217,0.04037,0.04285
0.11927,0.07263,0.06624,0.27811,0.08317,0.05982,0.04945,0.02182,0.06432,0.02788,0.06644,0.01870,0.03580,0.03635
0.11117,0.08606,0.07857,0.21504,0.08492,0.06354,0.05371,0.02684,0.07324,0.03384,0.05984,0.02363,0.04549,0.04412
0.11030,0.08386,0.08526,0.21672,0.08645,0.06319,0.05613,0.02471,0.07599,0.03355,0.05557,0.02198,0.04547,0.04082
0.12306,0.06776,0.07248,0.28137,0.08267,0.05515,0.04881,0.02190,0.05618,0.02994,0.06763,0.01983,0.03820,0.03505
0.11512,0.07883,0.06699,0.25560,0.08198,0.06127,0.04827,0.02755,0.06870,0.03118,0.06417,0.01955,0.04075,0.04003
0.10448,0.11049,0.06193,0.23835,0.08124,0.06456,0.04702,0.02259,0.09193,0.02979,0.05676,0.01845,0.03491,0.03749
0.09994,0.10173,0.08202,0.20690,0.07805,0.06598,0.05505,0.02638,0.08496,0.03602,0.05599,0.02163,0.04537,0.03999
0.11036,0.07954,0.08013,0.23761,0.08337,0.06081,0.05213,0.02576,0.06776,0.03253,0.05902,0.02182,0.04570,0.04346
0.06583,0.15291,0.09239,0.13891,0.06534,0.07982,0.05130,0.03036,0.12946,0.03677,0.04482,0.02271,0.04668,0.04270
0.10788,0.10055,0.08017,0.19571,0.08738,0.06361,0.05371,0.02344,0.09031,0.03182,0.05162,0.02264,0.04509,0.04604
0.09728,0.10634,0.08385,0.17405,0.08110,0.07017,0.05667,0.03101,0.08580,0.03689,0.05462,0.02563,0.04712,0.04947
0.10489,0.11796,0.08438,0.17714,0.08085,0.06131,0.05608,0.02440,0.10661,0.03037,0.04691,0.02328,0.04367,0.04215
0.11145,0.08285,0.07364,0.23150,0.08260,0.06536,0.05126,0.02697,0.07412,0.03123,0.06497,0.02027,0.03993,0.04384
0.10486,0.08979,0.08230,0.21076,0.08121,0.06796,0.05123,0.02626,0.07773,0.03386,0.06043,0.02227,0.04565,0.04568
0.11817,0.08237,0.07752,0.25081,0.08559,0.05685,0.05108,0.02317,0.06994,0.02910,0.05878,0.02046,0.03662,0.03953
0.08428,0.12378,0.08527,0.16777,0.07655,0.07453,0.05161,0.03053,0.10095,0.03865,0.05082,0.02464,0.04552,0.04511
0.09093,0.09496,0.08041,0.16050,0.07523,0.07419,0.05675,0.03728,0.08277,0.04399,0.06148,0.03557,0.05262,0.05332
0.12041,0.05974,0.06940,0.27368,0.08907,0.05866,0.04737,0.02679,0.05171,0.03170,0.06766,0.02417,0.03894,0.04070
0.09648,0.09926,0.08165,0.18469,0.07453,0.07089,0.05148,0.03040,0.08948,0.03944,0.05667,0.02633,0.04857,0.05014
0.09497,0.10087,0.07767,0.16258,0.08034,0.07256,0.06197,0.03653,0.08748,0.03956,0.05583,0.02851,0.04776,0.05337
0.11868,0.08197,0.06696,0.26054,0.08677,0.05676,0.04978,0.02382,0.06600,0.02876,0.06303,0.01933,0.03876,0.03884
0.09718,0.08971,0.08755,0.19974,0.07649,0.06668,0.06097,0.02972,0.07809,0.03648,0.05625,0.02634,0.04475,0.05004
0.09898,0.08205,0.08385,0.22291,0.07609,0.07875,0.04775,0.02712,0.06708,0.03656,0.06312,0.02282,0.04444,0.04848
0.10137,0.10962,0.08363,0.19457,0.08363,0.06475,0.05492,0.02423,0.09097,0.03464,0.05330,0.02182,0.04298,0.03957
0.08181,0.18571,0.07384,0.14457,0.06720,0.06779,0.04664,0.02201,0.14964,0.02728,0.04324,0.01944,0.03589,0.03494
0.11497,0.08576,0.07486,0.24616,0.08496,0.05648,0.05115,0.02240,0.07154,0.02748,0.06310,0.02159,0.04085,0.03870
0.11950,0.06099,0.07353,0.27399,0.08954,0.05494,0.04718,0.02270,0.05583,0.03333,0.06756,0.02060,0.03946,0.04085
0.06974,0.22897,0.06158,0.12635,0.06159,0.06979,0.04484,0.01986,0.17618,0.02513,0.03426,0.01657,0.03319,0.03195
0.10488,0.08685,0.07799,0.22750,0.07913,0.06537,0.05457,0.02454,0.07579,0.03211,0.05936,0.02344,0.04368,0.04478
0.09501,0.10285,0.08129,0.18026,0.07503,0.07502,0.05387,0.03140,0.08714,0.03778,0.05529,0.02735,0.04890,0.04881
0.12162,0.06384,0.07232,0.26341,0.08322,0.05798,0.04756,0.02754,0.05348,0.03161,0.07124,0.02032,0.04026,0.04558
0.10627,0.11109,0.07458,0.21275,0.07808,0.06652,0.04986,0.02332,0.09146,0.02900,0.05421,0.02044,0.04015,0.04225
0.10645,0.10120,0.07126,0.22684,0.08038,0.06011,0.04813,0.02552,0.09015,0.03043,0.05965,0.02026,0.03776,0.04188
0.12187,0.06412,0.07021,0.27182,0.08543,0.05854,0.04899,0.02692,0.05749,0.03029,0.06236,0.02295,0.03907,0.03993
0.08179,0.11829,0.09740,0.18376,0.07398,0.07559,0.05334,0.02516,0.09551,0.03574,0.05249,0.01990,0.04602,0.04103
0.10349,0.11808,0.07324,0.21295,0.07708,0.06295,0.05302,0.02283,0.09686,0.02990,0.05156,0.01950,0.03837,0.04019
0.10465,0.08311,0.07887,0.23863,0.07706,0.07518,0.04733,0.02343,0.07223,0.03399,0.06467,0.01983,0.04141,0.03962
0.08921,0.14103,0.07827,0.16389,0.07812,0.06595,0.05390,0.02744,0.11190,0.03181,0.04591,0.02330,0.04315,0.04613
0.13295,0.03899,0.06219,0.32938,0.09471,0.04921,0.04503,0.01876,0.04058,0.02587,0.07851,0.01592,0.03403,0.03388
0.09994,0.07537,0.08320,0.20529,0.08408,0.06648,0.05890,0.03632,0.06807,0.03655,0.06021,0.02812,0.04708,0.05040
0.07953,0.14921,0.08154,0.15453,0.07040,0.07187,0.05310,0.02666,0.12348,0.03535,0.04652,0.02276,0.04099,0.04406
0.07824,0.18940,0.06788,0.16493,0.06492,0.06895,0.04424,0.02120,0.14967,0.02427,0.04183,0.01714,0.03466,0.03267
0.09663,0.10461,0.07327,0.19208,0.07802,0.06905,0.05121,0.03141,0.09150,0.03545,0.05862,0.02574,0.04609,0.04631
0.09189,0.11596,0.08318,0.18504,0.07445,0.07020,0.05164,0.02753,0.09614,0.03476,0.05302,0.02443,0.04709,0.04467
0.10552,0.09380,0.07118,0.22705,0.08009,0.06506,0.05056,0.02709,0.07820,0.03336,0.06044,0.02207,0.04187,0.04371
0.11243,0.06823,0.07862,0.23947,0.08004,0.06687,0.05040,0.02552,0.06089,0.03245,0.06443,0.03022,0.04334,0.04708
0.09414,0.13630,0.07296,0.17449,0.07286,0.06678,0.05453,0.02330,0.10981,0.03337,0.05139,0.02387,0.04185,0.04434
0.10110,0.13469,0.07718,0.17596,0.07737,0.06235,0.05450,0.02431,0.10984,0.02947,0.04892,0.02102,0.04149,0.04180
0.10760,0.10173,0.07651,0.23032,0.08678,0.06033,0.04952,0.02319,0.08390,0.02909,0.05617,0.01780,0.03873,0.03833
0.10491,0.10315,0.07455,0.21000,0.07885,0.06560,0.05015,0.02602,0.09064,0.03144,0.05792,0.02205,0.04242,0.04230
0.07613,0.20327,0.06418,0.14090,0.06127,0.06771,0.04651,0.01852,0.16974,0.02753,0.03982,0.01725,0.03279,0.03436
0.10840,0.08266,0.08689,0.21968,0.08387,0.06445,0.05315,0.02837,0.06880,0.03504,0.05653,0.02110,0.04513,0.04593
0.10018,0.09996,0.07577,0.21136,0.07944,0.07186,0.05217,0.02685,0.08475,0.03262,0.05594,0.02217,0.04456,0.04238
0.10756,0.08819,0.09513,0.18864,0.08433,0.06912,0.05730,0.02696,0.08036,0.03425,0.05112,0.02536,0.04437,0.04731
0.09911,0.08987,0.08239,0.20832,0.07803,0.06851,0.05519,0.03050,0.07723,0.03396,0.06084,0.02276,0.04627,0.04702
