0.15306,0.16039,0.35064,0.33591
0.12147,0.12349,0.35229,0.40276
0.21514,0.19828,0.37981,0.20677
0.16591,0.15919,0.34321,0.33169
0.24753,0.23886,0.25838,0.25522
0.20444,0.19906,0.33660,0.25990
0.19095,0.18351,0.24630,0.37924
0.17226,0.17056,0.32903,0.32815
0.15939,0.14464,0.19297,0.50300
0.14763,0.16533,0.26675,0.42029
0.15715,0.15501,0.38939,0.29846
0.14244,0.13256,0.18763,0.53737
0.14070,0.13651,0.33412,0.38868
0.19223,0.19149,0.28578,0.33051
0.19217,0.17563,0.22162,0.41058
0.22180,0.21651,0.30694,0.25475
0.16484,0.16096,0.27764,0.39656
0.12666,0.12176,0.28110,0.47048
0.23461,0.23904,0.18511,0.34124
0.22512,0.19837,0.22207,0.35444
0.13476,0.13283,0.48833,0.24407
0.21804,0.23086,0.28276,0.26834
0.15601,0.15596,0.26278,0.42525
0.20418,0.18987,0.27633,0.32962
0.20031,0.19931,0.28291,0.31746
0.21254,0.20560,0.25915,0.32271
0.13864,0.12502,0.27592,0.46041
0.18769,0.16987,0.25667,0.38577
0.14813,0.14024,0.38339,0.32823
0.13472,0.12853,0.44951,0.28724
0.12504,0.12466,0.29799,0.45232
0.17284,0.16376,0.25946,0.40394
0.21362,0.20743,0.23711,0.34185
0.16736,0.17403,0.37218,0.28642
0.21962,0.21145,0.24014,0.32879
0.25229,0.25886,0.28349,0.20535
0.20140,0.19462,0.35996,0.24402
0.25997,0.24426,0.27766,0.21812
0.22837,0.22176,0.30629,0.24358
0.17181,0.16102,0.39503,0.27214
0.20344,0.21134,0.26748,0.31774
0.18253,0.17014,0.31697,0.33035
0.17565,0.17434,0.42352,0.22649
0.19037,0.18181,0.30262,0.32520
0.16249,0.16392,0.31553,0.35806
0.22920,0.22126,0.27323,0.27632
0.15843,0.15227,0.24400,0.44529
0.28614,0.27180,0.23228,0.20978
0.13149,0.12320,0.43732,0.30799
0.19100,0.18876,0.36578,0.25446
0.17661,0.17182,0.42676,0.22481
0.24457,0.23125,0.24805,0.27614
0.21925,0.21466,0.30927,0.25682
0.15456,0.15152,0.46154,0.23237
0.18127,0.18630,0.28507,0.34735
0.20618,0.19716,0.25657,0.34010
0.25157,0.23460,0.28441,0.22942
0.19401,0.19078,0.33405,0.28116
0.18138,0.16069,0.31005,0.34788
0.14517,0.13752,0.38742,0.32989
0.17704,0.17018,0.41184,0.24094
0.20421,0.18389,0.23914,0.37276
0.16439,0.15495,0.46659,0.21408
0.18318,0.17097,0.27989,0.36597
0.15394,0.14664,0.39154,0.30787
0.19940,0.19136,0.29966,0.30958
0.20567,0.21531,0.12883,0.45019
0.18268,0.17651,0.31962,0.32118
0.18833,0.17428,0.38239,0.25500
0.17834,0.17501,0.31137,0.33529
0.13132,0.13074,0.41747,0.32047
0.16171,0.16145,0.32640,0.35045
0.24766,0.22650,0.27270,0.25315
0.17828,0.17256,0.33309,0.31607
0.23153,0.23220,0.34638,0.18989
0.17403,0.16320,0.24602,0.41674
0.19381,0.18549,0.25081,0.36990
0.16884,0.18368,0.25063,0.39686
0.15498,0.14427,0.36168,0.33908
0.20805,0.18997,0.31266,0.28932
0.16470,0.16302,0.30559,0.36668
0.20344,0.18517,0.29873,0.31266
0.23452,0.21674,0.20512,0.34363
0.17470,0.15918,0.35689,0.30924
0.17062,0.16213,0.38405,0.28320
0.16564,0.14841,0.22162,0.46433
0.19452,0.19686,0.35873,0.24990
0.16823,0.16054,0.23996,0.43127
0.20025,0.18921,0.34846,0.26208
0.14613,0.14222,0.47847,0.23317
0.24462,0.23459,0.27356,0.24722
0.14463,0.14257,0.44985,0.26295
0.15662,0.14709,0.44335,0.25293
0.12183,0.12318,0.47876,0.27624
0.16247,0.15331,0.42935,0.25487
0.14887,0.14251,0.34571,0.36290
0.12459,0.11855,0.40053,0.35633
0.16237,0.15029,0.36977,0.31758
0.23432,0.23133,0.26559,0.26876
0.13849,0.13359,0.38228,0.34564
0.24699,0.23660,0.22242,0.29399
0.20768,0.20075,0.32546,0.26611
0.30108,0.27428,0.17285,0.25180
0.16229,0.15072,0.40981,0.27718
0.18199,0.18397,0.26468,0.36937
0.22456,0.18949,0.23637,0.34957
0.21474,0.19605,0.22842,0.36079
0.22116,0.20416,0.25832,0.31636
0.26403,0.25347,0.19840,0.28410
0.13242,0.12554,0.30526,0.43678
0.20613,0.21019,0.27680,0.30688
0.17576,0.16521,0.35520,0.30383
0.16670,0.16492,0.26564,0.40275
0.17701,0.16959,0.34588,0.30752
0.19686,0.18737,0.35278,0.26299
0.13263,0.13077,0.36260,0.37401
0.20124,0.19439,0.19621,0.40817
0.22927,0.21416,0.21618,0.34039
0.14906,0.13801,0.19938,0.51355
0.17608,0.17097,0.44399,0.20895
0.17774,0.18056,0.42086,0.22084
0.22200,0.20954,0.22142,0.34705
0.19320,0.19449,0.30845,0.30386
0.16909,0.16477,0.26811,0.39803
0.13991,0.13555,0.38675,0.33779
0.21486,0.20396,0.30359,0.27760
0.18710,0.18005,0.38881,0.24405
0.16521,0.18031,0.28532,0.36916
0.23168,0.22050,0.23756,0.31026
0.17800,0.18507,0.30578,0.33115
0.24070,0.22730,0.29494,0.23706
0.19249,0.18638,0.33919,0.28194
0.12350,0.12872,0.44590,0.30187
0.22632,0.22590,0.20060,0.34717
0.18434,0.17245,0.28767,0.35554
0.20495,0.20865,0.19639,0.39001
0.20952,0.21509,0.34412,0.23128
0.14128,0.14015,0.30986,0.40871
0.09727,0.09440,0.32614,0.48219
0.14800,0.13921,0.38683,0.32596
0.26607,0.25051,0.25191,0.23151
0.18205,0.18213,0.34170,0.29411
0.16531,0.16546,0.25744,0.41179
0.24410,0.22930,0.18704,0.33956
0.26444,0.25475,0.22613,0.25468
0.16586,0.15928,0.32860,0.34626
0.26958,0.26098,0.24565,0.22378
0.15121,0.15327,0.38987,0.30565
0.20766,0.20926,0.25708,0.32599
0.15758,0.14807,0.30009,0.39425
0.11232,0.11934,0.41928,0.34906
0.19361,0.19284,0.32753,0.28602
0.19682,0.19119,0.34539,0.26659
0.17161,0.18430,0.20376,0.44033
0.18493,0.17584,0.31154,0.32769
0.18351,0.18176,0.24388,0.39084
0.22518,0.23350,0.37347,0.16786
0.25585,0.25813,0.29004,0.19598
0.20562,0.21141,0.26683,0.31614
0.20031,0.20274,0.33866,0.25828
0.17243,0.16865,0.30227,0.35665
0.14021,0.15655,0.37788,0.32536
0.24261,0.23145,0.16019,0.36575
0.21104,0.20806,0.28932,0.29158
0.22000,0.23993,0.25008,0.28999
0.13771,0.14749,0.43088,0.28393
0.16468,0.15734,0.35477,0.32320
0.14996,0.14217,0.23262,0.47524
0.20999,0.20469,0.38362,0.20170
0.11257,0.11178,0.46949,0.30616
0.17790,0.17469,0.29944,0.34797
0.17552,0.17053,0.32514,0.32880
0.19798,0.18694,0.22843,0.38664
0.18449,0.17557,0.34828,0.29166
0.18095,0.17932,0.31443,0.32531
0.12661,0.12768,0.36148,0.38423
0.17746,0.16854,0.28089,0.37311
0.18362,0.16978,0.25673,0.38987
0.21896,0.22147,0.34902,0.21055
0.17026,0.16120,0.27255,0.39598
0.16150,0.14993,0.42290,0.26566
0.24356,0.23590,0.23097,0.28957
0.24563,0.23493,0.25873,0.26072
0.21965,0.21826,0.34772,0.21437
0.11281,0.11362,0.42372,0.34985
0.16732,0.16380,0.41150,0.25739
0.20476,0.17369,0.28444,0.33711
0.16087,0.16064,0.32132,0.35717
0.14856,0.14592,0.32034,0.38518
0.18850,0.19003,0.35200,0.26947
0.26808,0.26805,0.25720,0.20668
0.21576,0.20931,0.25186,0.32306
0.19612,0.18465,0.34805,0.27118
0.14824,0.13730,0.32069,0.39377
0.12471,0.12023,0.33618,0.41888
0.17974,0.19372,0.34153,0.28502
0.19390,0.19834,0.39645,0.21131
0.18514,0.17619,0.25964,0.37902
0.22019,0.21247,0.19947,0.36787
0.21732,0.18832,0.33843,0.25593
0.22735,0.22378,0.22518,0.32369
0.31020,0.27575,0.20749,0.20656
0.16878,0.16455,0.37600,0.29067
0.21922,0.20972,0.25978,0.31128
0.15150,0.13995,0.29974,0.40881
0.12409,0.12539,0.20981,0.54072
0.20155,0.18861,0.36053,0.24931
0.17520,0.17644,0.25770,0.39066
0.14339,0.13328,0.23930,0.48403
0.15289,0.13542,0.39265,0.31904
0.20187,0.20385,0.24236,0.35192
0.22958,0.20801,0.28775,0.27467
0.11347,0.10890,0.22409,0.55354
0.17957,0.16383,0.39842,0.25818
0.23562,0.23387,0.32214,0.20836
0.19027,0.17498,0.30129,0.33345
0.16041,0.16069,0.34196,0.33694
0.18281,0.18298,0.45153,0.18267
0.16623,0.15618,0.29521,0.38238
0.17599,0.16227,0.31719,0.34456
0.14254,0.14335,0.48728,0.22684
0.19293,0.18882,0.33041,0.28784
0.18608,0.16895,0.36736,0.27761
0.18921,0.18015,0.24899,0.38165
0.30639,0.30186,0.22694,0.16481
0.22836,0.23053,0.30150,0.23960
0.20202,0.19239,0.32375,0.28185
0.24854,0.22929,0.34038,0.18179
0.14412,0.14058,0.40810,0.30720
0.16756,0.15945,0.32331,0.34968
0.17319,0.15445,0.32472,0.34765
0.25735,0.26059,0.23138,0.25068
0.24840,0.23557,0.19905,0.31698
0.21815,0.19033,0.34692,0.24460
0.17548,0.17605,0.37637,0.27209
0.17304,0.17308,0.27440,0.37947
0.16052,0.17061,0.22542,0.44345
0.15623,0.16149,0.30060,0.38167
0.24724,0.22737,0.24535,0.28004
0.18476,0.18262,0.32739,0.30523
0.17233,0.16634,0.36266,0.29867
0.21203,0.20433,0.30911,0.27453
0.16292,0.17436,0.33156,0.33116
0.17256,0.16323,0.30857,0.35564
0.22440,0.21507,0.32977,0.23076
0.23727,0.23653,0.31139,0.21482
0.16070,0.14538,0.26239,0.43154
0.25974,0.23986,0.24343,0.25697
0.21817,0.21441,0.34421,0.22321
0.19086,0.19435,0.35495,0.25984
0.22337,0.21585,0.30992,0.25086
0.19604,0.19175,0.33686,0.27535
0.17303,0.16637,0.38208,0.27852
0.22857,0.22535,0.26790,0.27818
0.18578,0.17373,0.29935,0.34114
0.19567,0.18629,0.36298,0.25506
0.14642,0.13881,0.38804,0.32673
0.16052,0.15322,0.36587,0.32039
0.19415,0.18064,0.32898,0.29624
0.16416,0.16171,0.44349,0.23064
0.13451,0.12436,0.46407,0.27705
0.10609,0.10617,0.35836,0.42938
0.16363,0.15806,0.26725,0.41107
0.14214,0.15999,0.32736,0.37051
0.17202,0.16291,0.26237,0.40271
0.29266,0.28631,0.22794,0.19310
0.16542,0.17189,0.25957,0.40311
0.18714,0.18275,0.32664,0.30347
0.11729,0.11681,0.15846,0.60745
0.20559,0.19808,0.24791,0.34842
0.15213,0.14343,0.41693,0.28751
0.13235,0.13340,0.34356,0.39069
0.15415,0.14675,0.31179,0.38730
0.19762,0.19474,0.29338,0.31427
0.22199,0.20803,0.34460,0.22539
0.20180,0.19438,0.33571,0.26811
0.18902,0.18124,0.33918,0.29055
0.17859,0.16841,0.32026,0.33273
0.28505,0.25664,0.28771,0.17061
0.17843,0.16951,0.31172,0.34035
0.17970,0.18393,0.20116,0.43521
0.18543,0.18086,0.34960,0.28411
0.15659,0.15233,0.32426,0.36681
0.20093,0.19564,0.31527,0.28816
0.25850,0.24168,0.23179,0.26803
0.15605,0.15199,0.28359,0.40837
0.24160,0.21586,0.31998,0.22257
0.13448,0.13833,0.35265,0.37454
0.09957,0.10071,0.18988,0.60984
0.20638,0.20065,0.28000,0.31297
0.14440,0.13959,0.37528,0.34073
0.19320,0.17788,0.31302,0.31590
0.21450,0.21083,0.30834,0.26633
0.17799,0.16886,0.37326,0.27989
0.15290,0.15072,0.36739,0.32899
0.19156,0.19905,0.23001,0.37938
0.20369,0.19477,0.30698,0.29456
0.25039,0.25225,0.25109,0.24626
0.14093,0.13517,0.34356,0.38034
0.13294,0.12323,0.44540,0.29843
