0.07253,0.07199,0.07319,0.07340,0.06522,0.06565,0.06898,0.06896,0.07355,0.07319,0.06923,0.07071,0.07417,0.07922
0.06798,0.06818,0.06485,0.06508,0.08086,0.08061,0.07222,0.07302,0.06817,0.06696,0.07227,0.07069,0.07271,0.07641
0.08400,0.08540,0.06837,0.06781,0.06450,0.06625,0.06603,0.06507,0.07014,0.07171,0.06783,0.06803,0.07687,0.07799
0.06986,0.06989,0.06871,0.06930,0.07311,0.07262,0.07431,0.07508,0.07212,0.07047,0.06870,0.06834,0.07322,0.07427
0.06949,0.07064,0.07477,0.07509,0.07023,0.06903,0.06658,0.06606,0.06959,0.06859,0.07270,0.07389,0.07106,0.08227
0.07447,0.07436,0.06606,0.06669,0.07561,0.07583,0.07076,0.07221,0.07235,0.07244,0.06582,0.06484,0.07884,0.06973
0.06976,0.06803,0.07307,0.07313,0.07040,0.07102,0.06509,0.06617,0.07304,0.07371,0.07316,0.07495,0.07387,0.07461
0.07053,0.07054,0.07523,0.07521,0.07039,0.06867,0.06828,0.06739,0.06642,0.06627,0.07524,0.07694,0.06977,0.07912
0.06971,0.06944,0.06764,0.06825,0.07246,0.07334,0.07333,0.07368,0.07262,0.07290,0.06765,0.06739,0.07573,0.07586
0.07158,0.07224,0.07270,0.07213,0.07119,0.07128,0.06754,0.06723,0.07023,0.06994,0.07059,0.06980,0.07447,0.07909
0.07028,0.06866,0.07454,0.07382,0.06936,0.07006,0.06989,0.07002,0.07213,0.07278,0.07301,0.07304,0.06949,0.07293
0.07029,0.07061,0.07120,0.07060,0.06846,0.06907,0.06348,0.06347,0.07074,0.07015,0.07513,0.07555,0.07787,0.08336
0.06977,0.06912,0.07213,0.07243,0.06805,0.07010,0.06530,0.06523,0.06929,0.06756,0.07629,0.07760,0.07359,0.08353
0.08056,0.08130,0.06886,0.06936,0.06967,0.06845,0.06960,0.06980,0.06514,0.06475,0.06945,0.06923,0.07172,0.08212
0.07630,0.07577,0.06426,0.06492,0.06862,0.06855,0.07198,0.07284,0.07292,0.07501,0.06894,0.06830,0.07288,0.07869
0.06767,0.06701,0.06665,0.06740,0.06658,0.06942,0.07207,0.07210,0.08593,0.08628,0.06716,0.06680,0.06924,0.07568
0.07202,0.07093,0.07173,0.07264,0.06902,0.06833,0.07382,0.07246,0.07045,0.07028,0.07002,0.06990,0.07243,0.07597
0.07238,0.07362,0.07280,0.07376,0.06884,0.06797,0.07262,0.07308,0.07183,0.07128,0.06777,0.06886,0.07470,0.07051
0.07814,0.07633,0.06996,0.07028,0.06763,0.06932,0.06633,0.06615,0.07195,0.07195,0.06866,0.07039,0.07385,0.07907
0.07630,0.07540,0.06365,0.06625,0.06769,0.06915,0.07081,0.07149,0.07234,0.07183,0.06683,0.06679,0.07610,0.08536
0.06991,0.07021,0.06545,0.06616,0.06984,0.06997,0.07290,0.07358,0.07529,0.07533,0.06856,0.06775,0.07462,0.08043
0.07344,0.07385,0.06456,0.06496,0.06578,0.06725,0.07332,0.07221,0.07415,0.07409,0.07009,0.07024,0.07185,0.08421
0.07146,0.07051,0.06969,0.07114,0.06621,0.06815,0.07446,0.07407,0.07455,0.07529,0.06746,0.06868,0.07252,0.07581
0.06831,0.06903,0.07266,0.07408,0.06846,0.06788,0.07422,0.07357,0.06884,0.07072,0.07345,0.07400,0.06940,0.07539
0.07412,0.07348,0.07094,0.07106,0.06799,0.06714,0.06364,0.06395,0.06731,0.06681,0.07529,0.07704,0.07647,0.08475
0.07088,0.07158,0.06402,0.06569,0.07463,0.07204,0.06743,0.06811,0.06970,0.06926,0.07500,0.07654,0.07012,0.08502
0.07736,0.07665,0.06642,0.06769,0.07208,0.07110,0.07895,0.08056,0.06606,0.06643,0.06564,0.06464,0.07762,0.06880
0.07526,0.07587,0.06584,0.06576,0.06979,0.06850,0.07643,0.07512,0.06898,0.06910,0.07034,0.06911,0.07125,0.07865
0.07974,0.08010,0.06276,0.06261,0.06863,0.06954,0.07358,0.07314,0.06292,0.06198,0.07142,0.07151,0.07326,0.08882
0.06788,0.06747,0.06326,0.06352,0.08544,0.08186,0.07045,0.06901,0.06665,0.06646,0.07058,0.07093,0.08021,0.07626
0.07136,0.07202,0.07201,0.07182,0.06278,0.06383,0.07249,0.07264,0.07014,0.06949,0.07618,0.07613,0.06821,0.08091
0.07131,0.07108,0.06499,0.06697,0.08321,0.08111,0.06625,0.06494,0.06472,0.06424,0.07240,0.07394,0.07555,0.07927
0.07724,0.07657,0.07048,0.07124,0.06883,0.06877,0.06591,0.06737,0.06740,0.06643,0.06985,0.07125,0.07540,0.08325
0.07737,0.07663,0.06609,0.06575,0.07126,0.07105,0.06514,0.06588,0.07071,0.07006,0.06845,0.06978,0.07787,0.08396
0.07733,0.07884,0.07050,0.07058,0.06591,0.06719,0.06935,0.06917,0.07133,0.07094,0.06885,0.06950,0.07776,0.07274
0.07329,0.07178,0.07324,0.07382,0.06987,0.07113,0.07007,0.07061,0.06978,0.06962,0.06874,0.07003,0.07647,0.07154
0.07166,0.06974,0.06729,0.06806,0.06986,0.07137,0.07959,0.07803,0.06729,0.06839,0.06967,0.06872,0.06858,0.08175
0.06948,0.06888,0.07742,0.07860,0.07107,0.07093,0.06615,0.06577,0.06893,0.07009,0.07328,0.07358,0.07107,0.07475
0.06707,0.06668,0.06552,0.06597,0.07023,0.06908,0.06873,0.06754,0.08653,0.08572,0.06602,0.06624,0.07466,0.08002
0.07004,0.07068,0.06962,0.06955,0.07000,0.07053,0.06411,0.06376,0.06809,0.06741,0.07982,0.08019,0.07052,0.08567
0.07220,0.07167,0.06856,0.06870,0.06510,0.06635,0.06701,0.06845,0.07784,0.07695,0.07040,0.07227,0.07453,0.07997
0.07397,0.07319,0.06906,0.06983,0.06520,0.06564,0.06767,0.06891,0.07690,0.07704,0.06896,0.06916,0.07380,0.08066
0.07066,0.07181,0.06890,0.06897,0.06879,0.06899,0.07503,0.07448,0.07015,0.07142,0.07039,0.07001,0.07315,0.07725
0.06701,0.06775,0.06613,0.06651,0.08045,0.07881,0.07180,0.07070,0.06972,0.06957,0.07028,0.07090,0.07412,0.07625
0.07151,0.07108,0.07198,0.07167,0.06855,0.06804,0.06541,0.06503,0.06879,0.06731,0.07834,0.07974,0.06950,0.08304
0.07006,0.07023,0.07550,0.07530,0.07076,0.06922,0.06765,0.06899,0.07158,0.07108,0.06921,0.07101,0.07212,0.07730
0.07344,0.07250,0.06655,0.06698,0.07448,0.07385,0.06939,0.07081,0.07140,0.07064,0.06704,0.06728,0.08005,0.07558
0.07082,0.07099,0.07108,0.07077,0.07177,0.06988,0.06671,0.06622,0.07190,0.07111,0.07433,0.07263,0.07132,0.08047
0.07199,0.07051,0.06926,0.06921,0.06656,0.06714,0.06900,0.06995,0.07648,0.07645,0.07125,0.07336,0.07152,0.07731
0.07112,0.07275,0.06642,0.06855,0.07292,0.07187,0.06548,0.06546,0.06701,0.06696,0.07582,0.07703,0.07218,0.08643
0.06991,0.06982,0.06682,0.06663,0.06699,0.06695,0.07261,0.07298,0.07942,0.07985,0.06392,0.06359,0.08269,0.07782
0.07079,0.07052,0.07282,0.07308,0.07325,0.07338,0.06777,0.06836,0.06887,0.07067,0.07068,0.07120,0.07877,0.06984
0.06554,0.06701,0.06758,0.06841,0.07969,0.07831,0.06889,0.06817,0.06857,0.06795,0.07208,0.07348,0.07356,0.08076
0.07143,0.07138,0.06849,0.06733,0.06532,0.06648,0.06763,0.06833,0.08299,0.08287,0.06640,0.06676,0.07496,0.07962
0.07292,0.07367,0.06830,0.06913,0.07342,0.07298,0.06813,0.06985,0.06898,0.06992,0.07095,0.07013,0.07636,0.07526
0.06869,0.06922,0.06445,0.06556,0.06783,0.06983,0.07513,0.07377,0.07856,0.07886,0.06925,0.06932,0.06967,0.07985
0.07806,0.08010,0.06808,0.06940,0.06693,0.06743,0.06822,0.06753,0.06932,0.06974,0.06956,0.07068,0.07860,0.07634
0.08114,0.08258,0.07002,0.06781,0.06152,0.06408,0.07262,0.07229,0.06946,0.06961,0.06775,0.06835,0.07755,0.07524
0.07285,0.07057,0.07072,0.07080,0.06986,0.07058,0.07213,0.07209,0.06960,0.07002,0.06985,0.06997,0.07481,0.07614
0.07027,0.07098,0.06670,0.06646,0.07767,0.07647,0.06871,0.06782,0.07063,0.07156,0.07073,0.07005,0.07537,0.07658
0.07095,0.07041,0.07197,0.07240,0.06673,0.06781,0.07390,0.07184,0.07027,0.07060,0.07232,0.07095,0.07306,0.07681
0.07374,0.07302,0.06935,0.06866,0.07145,0.06952,0.06914,0.07104,0.06886,0.06943,0.07146,0.07221,0.07370,0.07842
0.07510,0.07517,0.06454,0.06417,0.06628,0.06666,0.07131,0.07148,0.07435,0.07616,0.06882,0.06852,0.07465,0.08280
0.06896,0.06859,0.06953,0.07005,0.07002,0.07079,0.06265,0.06311,0.07049,0.06981,0.07838,0.07873,0.07420,0.08469
0.07168,0.07188,0.06499,0.06616,0.06909,0.06953,0.06695,0.06782,0.07698,0.07654,0.06894,0.07086,0.07740,0.08116
0.07200,0.07244,0.06548,0.06705,0.07046,0.07157,0.07016,0.07048,0.07349,0.07399,0.06813,0.06941,0.07357,0.08178
0.07366,0.07238,0.07034,0.07115,0.06911,0.07110,0.06736,0.06778,0.06930,0.06922,0.07468,0.07433,0.07366,0.07594
0.07971,0.07999,0.06784,0.06801,0.06894,0.07039,0.07205,0.07148,0.06609,0.06569,0.07174,0.07049,0.07339,0.07419
0.07279,0.07333,0.06565,0.06654,0.06631,0.06824,0.07427,0.07562,0.07871,0.07854,0.06446,0.06451,0.07632,0.07471
0.07095,0.07115,0.06308,0.06399,0.07897,0.07834,0.06847,0.06986,0.07041,0.07111,0.07048,0.07121,0.07231,0.07968
0.07104,0.07091,0.06860,0.06947,0.07044,0.07045,0.06706,0.06653,0.07002,0.07029,0.07695,0.07531,0.07487,0.07807
0.07105,0.07118,0.07486,0.07431,0.07002,0.06791,0.07297,0.07285,0.06697,0.06532,0.07174,0.07166,0.07281,0.07636
0.07283,0.07347,0.06691,0.06620,0.06740,0.06784,0.07695,0.07653,0.07216,0.07188,0.06709,0.06773,0.07215,0.08085
0.06759,0.06670,0.07189,0.07235,0.07667,0.07500,0.07309,0.07411,0.07068,0.07072,0.07030,0.06933,0.07433,0.06725
0.07509,0.07548,0.06700,0.06774,0.06397,0.06558,0.06745,0.06705,0.07823,0.07794,0.06880,0.06937,0.07481,0.08148
0.07145,0.07195,0.06673,0.06737,0.07891,0.07753,0.06775,0.06741,0.06790,0.06717,0.07049,0.07233,0.07661,0.07641
0.07047,0.06899,0.06755,0.06880,0.07181,0.07046,0.06334,0.06454,0.06695,0.06607,0.08029,0.08000,0.07232,0.08843
0.07125,0.07212,0.06743,0.06802,0.06877,0.06866,0.06354,0.06311,0.07087,0.07169,0.07548,0.07727,0.07677,0.08504
0.07274,0.07326,0.07161,0.07119,0.06712,0.06799,0.05770,0.05803,0.06128,0.06093,0.08484,0.08615,0.07213,0.09501
0.07153,0.07156,0.06935,0.06930,0.06787,0.06638,0.06544,0.06543,0.07130,0.07026,0.07585,0.07623,0.07322,0.08627
0.07905,0.08024,0.06836,0.06926,0.07068,0.06999,0.06714,0.06681,0.06709,0.06703,0.06929,0.06884,0.07707,0.07915
0.07223,0.07223,0.07042,0.06849,0.07142,0.07126,0.06935,0.06859,0.07103,0.06987,0.06802,0.06874,0.07564,0.08271
0.07792,0.07805,0.06766,0.06778,0.07075,0.07091,0.07281,0.07244,0.06617,0.06616,0.07378,0.07354,0.06763,0.07440
0.07012,0.07009,0.07395,0.07437,0.07000,0.07159,0.06901,0.06840,0.07220,0.07193,0.06886,0.07086,0.07439,0.07424
0.07518,0.07452,0.07671,0.07472,0.06871,0.06881,0.07386,0.07275,0.06696,0.06735,0.06964,0.06783,0.07533,0.06762
0.07094,0.07152,0.07068,0.07117,0.06917,0.06848,0.06789,0.06807,0.07142,0.07027,0.07231,0.07299,0.07610,0.07899
0.08093,0.08067,0.06942,0.06793,0.07211,0.07203,0.06774,0.06845,0.06694,0.06706,0.07134,0.06991,0.07374,0.07172
0.07349,0.07397,0.07498,0.07559,0.06750,0.06698,0.06456,0.06481,0.07261,0.07225,0.06956,0.07166,0.07764,0.07440
0.06922,0.07021,0.06735,0.06885,0.07121,0.07146,0.07030,0.06896,0.07700,0.07572,0.06737,0.06912,0.07244,0.08079
0.07558,0.07423,0.06442,0.06463,0.06904,0.06923,0.07677,0.07810,0.07109,0.07183,0.06718,0.06789,0.07217,0.07784
0.07130,0.07153,0.07074,0.07137,0.07025,0.07043,0.06892,0.06792,0.07225,0.07078,0.07006,0.06959,0.07487,0.07998
0.06811,0.06898,0.06725,0.06735,0.06920,0.06889,0.06896,0.06833,0.07740,0.07852,0.07039,0.07091,0.07462,0.08108
0.06786,0.07017,0.06462,0.06483,0.07836,0.07701,0.06788,0.06868,0.07213,0.07114,0.07321,0.07323,0.07355,0.07734
0.06812,0.06736,0.06296,0.06321,0.07641,0.07477,0.07151,0.07199,0.07380,0.07301,0.06971,0.07151,0.07415,0.08147
0.06841,0.06694,0.06547,0.06741,0.07984,0.07671,0.06967,0.06812,0.07106,0.07153,0.07124,0.07149,0.07516,0.07695
0.07152,0.07135,0.06855,0.06891,0.06780,0.06748,0.06645,0.06730,0.07165,0.07143,0.07294,0.07327,0.07492,0.08644
0.07080,0.07036,0.07127,0.07224,0.07251,0.07228,0.06907,0.06883,0.07127,0.07178,0.07145,0.07347,0.06998,0.07467
0.07993,0.08009,0.06644,0.06676,0.06725,0.06670,0.06883,0.06993,0.07041,0.07082,0.06871,0.06942,0.07523,0.07948
0.08134,0.08080,0.06778,0.06811,0.06495,0.06601,0.06522,0.06613,0.07367,0.07392,0.06694,0.06745,0.07559,0.08210
0.07298,0.07331,0.06877,0.06901,0.07516,0.07388,0.07158,0.07098,0.06552,0.06691,0.07618,0.07505,0.06851,0.07216
