0.03244,0.00004,0.15482,0.00140,0.00368,0.10080,0.00000,0.16458,0.08635,0.02618,0.00045,0.01468,0.12044,0.02323,0.08993,0.01418,0.00000,0.10216,0.05062,0.01403
0.08479,0.00508,0.12680,0.01181,0.00087,0.09091,0.01586,0.04932,0.32995,0.00862,0.01169,0.00189,0.01456,0.00858,0.01997,0.00132,0.00414,0.17047,0.02756,0.01581
0.00926,0.01262,0.02191,0.03718,0.05563,0.10729,0.21771,0.01380,0.10603,0.06477,0.04997,0.04417,0.04985,0.02569,0.02208,0.03529,0.00153,0.06252,0.02007,0.04263
0.09964,0.09430,0.02335,0.00357,0.01852,0.03496,0.00825,0.04669,0.12638,0.00022,0.02255,0.00424,0.01051,0.01235,0.02966,0.01081,0.00106,0.08423,0.00847,0.36024
0.02280,0.00929,0.09960,0.08511,0.00013,0.22615,0.00227,0.04106,0.02514,0.00928,0.02297,0.00439,0.04720,0.03715,0.03341,0.00087,0.00013,0.13054,0.03257,0.16993
0.02272,0.00000,0.06847,0.04849,0.00018,0.07500,0.00424,0.11347,0.06107,0.02775,0.12660,0.00052,0.00996,0.02798,0.01111,0.05934,0.00000,0.20325,0.05613,0.08372
0.04014,0.06565,0.07458,0.11355,0.00566,0.07866,0.00140,0.02118,0.09140,0.01355,0.00180,0.12033,0.04686,0.07582,0.01028,0.04491,0.01422,0.10122,0.05477,0.02402
0.02638,0.00405,0.12254,0.03556,0.01012,0.07865,0.00793,0.04239,0.01068,0.01998,0.05604,0.01379,0.03707,0.03444,0.13157,0.00105,0.00444,0.15818,0.03370,0.17145
0.00525,0.00327,0.06781,0.04495,0.00000,0.16053,0.00289,0.00037,0.01412,0.13344,0.00779,0.00899,0.19385,0.07900,0.00077,0.03340,0.00000,0.09913,0.10040,0.04404
0.11028,0.01786,0.12114,0.08330,0.00347,0.09209,0.00499,0.03704,0.10532,0.01468,0.01920,0.01515,0.00289,0.01668,0.06276,0.03209,0.00000,0.07704,0.07286,0.11117
0.02629,0.00758,0.04428,0.06931,0.00020,0.19264,0.06762,0.02669,0.15367,0.03157,0.00002,0.00074,0.10785,0.00187,0.08986,0.00680,0.00000,0.06337,0.10446,0.00520
0.14415,0.00014,0.12346,0.05171,0.00151,0.04490,0.04192,0.05085,0.05341,0.01209,0.00296,0.00862,0.08078,0.00719,0.02539,0.01939,0.00000,0.25964,0.00442,0.06745
0.28578,0.00000,0.02678,0.11959,0.00499,0.11246,0.00645,0.01117,0.04046,0.00315,0.00659,0.00882,0.10153,0.04217,0.02758,0.00574,0.00000,0.10274,0.07882,0.01517
0.01340,0.00023,0.15920,0.00520,0.00115,0.05235,0.02013,0.01711,0.06938,0.07559,0.03008,0.00896,0.00816,0.07887,0.13203,0.04076,0.00055,0.15202,0.10225,0.03257
0.15251,0.00842,0.07152,0.07283,0.00032,0.09767,0.01935,0.06379,0.07027,0.01222,0.00035,0.03692,0.01684,0.03199,0.01666,0.05376,0.00325,0.12083,0.06368,0.08684
0.03204,0.03150,0.01962,0.00147,0.02011,0.15334,0.07275,0.03230,0.08471,0.01225,0.00662,0.03669,0.05560,0.03753,0.06085,0.04929,0.00000,0.13903,0.05526,0.09904
0.08368,0.08901,0.14792,0.19543,0.01028,0.04635,0.02804,0.01839,0.06922,0.01309,0.00422,0.02700,0.01117,0.00924,0.00884,0.02928,0.00000,0.06597,0.13264,0.01023
0.08686,0.00126,0.02890,0.01820,0.17783,0.01521,0.00444,0.02829,0.13457,0.02309,0.00084,0.00967,0.08268,0.00496,0.07475,0.07777,0.00000,0.14447,0.02281,0.06340
0.05891,0.00114,0.06880,0.05230,0.00162,0.02433,0.00470,0.03833,0.17109,0.12568,0.00010,0.09139,0.05634,0.00897,0.05316,0.06703,0.00003,0.10359,0.04712,0.02538
0.03025,0.00132,0.17060,0.09196,0.00001,0.05670,0.00801,0.19607,0.02723,0.03709,0.01450,0.01236,0.01395,0.00069,0.05820,0.05529,0.00000,0.14367,0.05873,0.02336
0.02392,0.00135,0.00860,0.01338,0.00787,0.09368,0.00137,0.09533,0.20024,0.00953,0.00003,0.00025,0.06272,0.04643,0.15111,0.02264,0.00005,0.14672,0.07483,0.03993
0.03889,0.00106,0.08320,0.00733,0.00011,0.06337,0.00034,0.04151,0.07003,0.08475,0.01379,0.03968,0.09006,0.08303,0.00854,0.05470,0.00016,0.19896,0.07524,0.04526
0.07026,0.04974,0.04001,0.24528,0.00000,0.05108,0.00001,0.01142,0.04752,0.06151,0.00006,0.01464,0.02337,0.08547,0.04416,0.02855,0.00000,0.13641,0.00760,0.08289
0.06093,0.06054,0.03094,0.04316,0.06187,0.03099,0.01602,0.02819,0.18497,0.04569,0.00945,0.00678,0.04498,0.00611,0.00072,0.07048,0.00000,0.09516,0.14198,0.06102
0.05283,0.03065,0.04404,0.00822,0.00000,0.05436,0.01791,0.01072,0.16141,0.01542,0.03433,0.05357,0.10660,0.00478,0.00353,0.01506,0.00077,0.24541,0.04685,0.09354
0.07026,0.00063,0.05283,0.01755,0.00596,0.04610,0.01008,0.03023,0.12737,0.05158,0.00368,0.06952,0.03816,0.05479,0.13170,0.00121,0.00000,0.12217,0.12542,0.04076
0.02444,0.03339,0.00393,0.10424,0.01330,0.08459,0.04077,0.02197,0.07134,0.04544,0.00010,0.05701,0.01848,0.01811,0.08383,0.08436,0.00000,0.17392,0.07176,0.04903
0.02357,0.00008,0.12661,0.00174,0.00021,0.05361,0.00404,0.03175,0.10602,0.01690,0.00864,0.05380,0.03874,0.05326,0.11653,0.02365,0.00000,0.06134,0.08824,0.19127
0.07390,0.08879,0.02779,0.04329,0.02374,0.08953,0.00684,0.02927,0.09810,0.00067,0.00219,0.00115,0.01964,0.00283,0.11850,0.06540,0.00010,0.17139,0.06459,0.07227
0.05807,0.03929,0.00385,0.09844,0.06509,0.03744,0.00931,0.02276,0.19984,0.01827,0.00013,0.05601,0.02916,0.01630,0.02306,0.01613,0.01980,0.10325,0.09207,0.09174
0.24639,0.00474,0.01106,0.06519,0.03563,0.07171,0.01509,0.05557,0.05448,0.11372,0.00914,0.00098,0.09073,0.02147,0.00917,0.00006,0.00000,0.04486,0.13881,0.01119
0.02299,0.00105,0.16440,0.10510,0.03213,0.23003,0.00121,0.05618,0.14468,0.00366,0.01186,0.00332,0.00298,0.02991,0.06203,0.05582,0.00000,0.04038,0.02303,0.00924
0.09266,0.00962,0.03458,0.14869,0.00000,0.07560,0.00358,0.01641,0.04641,0.01924,0.05678,0.08366,0.04659,0.02777,0.05223,0.02050,0.00000,0.13243,0.02537,0.10788
0.00058,0.01123,0.02017,0.02155,0.00120,0.06590,0.02144,0.06245,0.13281,0.04715,0.02388,0.02999,0.13029,0.03001,0.01570,0.00115,0.00015,0.22748,0.11547,0.04141
0.05811,0.00004,0.12609,0.02047,0.00036,0.10800,0.06940,0.08261,0.03307,0.00997,0.01069,0.06370,0.03198,0.00540,0.00182,0.00431,0.00003,0.13763,0.18935,0.04698
0.10087,0.00259,0.07359,0.06858,0.05566,0.14663,0.01717,0.03717,0.10492,0.02286,0.00022,0.00555,0.03707,0.00473,0.06123,0.00672,0.00000,0.08791,0.10624,0.06027
0.16557,0.04265,0.00680,0.07425,0.00305,0.10458,0.03909,0.00960,0.02997,0.00235,0.01609,0.00383,0.03777,0.03216,0.00837,0.01251,0.00001,0.24547,0.10439,0.06149
0.04272,0.00840,0.03112,0.08815,0.00043,0.06156,0.06372,0.04111,0.01716,0.00848,0.04273,0.04138,0.05626,0.07004,0.02469,0.07026,0.00000,0.17438,0.00668,0.15073
0.10844,0.01605,0.07901,0.04890,0.00001,0.09533,0.00015,0.03318,0.02250,0.05698,0.00217,0.00467,0.00659,0.01274,0.05476,0.00865,0.00001,0.30462,0.02588,0.11937
0.08683,0.03544,0.13239,0.15960,0.01457,0.03488,0.00911,0.01975,0.03295,0.02126,0.00604,0.01004,0.03530,0.00968,0.01524,0.03182,0.00025,0.08620,0.10684,0.15183
0.02712,0.00019,0.05200,0.03234,0.00004,0.01763,0.01294,0.11366,0.05770,0.02740,0.04040,0.00084,0.07819,0.16282,0.08490,0.00580,0.00000,0.19772,0.08573,0.00260
0.09447,0.01268,0.09836,0.10216,0.00559,0.06003,0.15263,0.04990,0.12800,0.00246,0.00129,0.00277,0.03996,0.01498,0.00850,0.00634,0.00000,0.14987,0.05987,0.01014
0.31604,0.02871,0.06176,0.09203,0.01388,0.03215,0.02157,0.03301,0.03352,0.00541,0.00893,0.00217,0.01891,0.01167,0.01323,0.03618,0.00000,0.14883,0.07932,0.04268
0.00393,0.01675,0.04617,0.00126,0.01465,0.04476,0.06982,0.08513,0.06275,0.06422,0.04527,0.00879,0.17427,0.01428,0.04904,0.00073,0.00028,0.11563,0.08791,0.09435
0.11710,0.00857,0.04939,0.06433,0.00009,0.11198,0.05235,0.01486,0.17986,0.00176,0.02955,0.00712,0.05872,0.04963,0.00540,0.00190,0.00900,0.13992,0.07700,0.02150
0.06887,0.01622,0.08721,0.02611,0.00003,0.08267,0.00749,0.02323,0.03159,0.04289,0.00262,0.00465,0.04170,0.00231,0.03114,0.03416,0.00000,0.21861,0.08360,0.19490
0.11855,0.00300,0.03498,0.19598,0.00014,0.03687,0.07558,0.03333,0.08893,0.02730,0.00989,0.11913,0.03048,0.02054,0.01977,0.00531,0.00005,0.13694,0.00901,0.03424
0.09127,0.02003,0.05330,0.05351,0.00639,0.01320,0.03390,0.05005,0.04340,0.00744,0.04313,0.01135,0.14001,0.01102,0.00359,0.19208,0.00000,0.06773,0.11297,0.04565
0.07937,0.01043,0.04170,0.02799,0.01278,0.03795,0.04011,0.03122,0.10743,0.03190,0.00698,0.02204,0.11324,0.01388,0.00614,0.00264,0.00000,0.21094,0.12562,0.07764
0.06076,0.01495,0.05081,0.01219,0.01579,0.02935,0.02568,0.03499,0.05141,0.01630,0.00610,0.00162,0.22975,0.04103,0.11798,0.02351,0.00093,0.20426,0.01485,0.04773
0.03845,0.07379,0.08412,0.00401,0.00139,0.24167,0.00926,0.02807,0.03348,0.00832,0.01776,0.01669,0.06485,0.03575,0.02483,0.02014,0.00006,0.07831,0.09884,0.12021
0.06081,0.00090,0.03344,0.00135,0.00415,0.11654,0.02080,0.04793,0.08780,0.04503,0.00026,0.10527,0.00554,0.01486,0.03460,0.05386,0.00011,0.19642,0.07826,0.09208
0.09183,0.00036,0.03202,0.02541,0.00232,0.09039,0.00287,0.03230,0.06081,0.13914,0.02346,0.06926,0.10597,0.03717,0.03882,0.00077,0.00000,0.15827,0.02405,0.06478
0.03418,0.02999,0.08765,0.04314,0.00011,0.06466,0.00330,0.04438,0.02986,0.00534,0.03428,0.08080,0.03595,0.00785,0.06352,0.10426,0.00000,0.11773,0.18086,0.03215
0.03611,0.04745,0.01999,0.04284,0.00057,0.07573,0.02890,0.08350,0.02417,0.00688,0.00358,0.10748,0.05788,0.00532,0.10200,0.04508,0.01924,0.24521,0.01707,0.03098
0.11449,0.00064,0.03043,0.03556,0.02634,0.19635,0.00071,0.01383,0.05555,0.00859,0.00510,0.01026,0.01158,0.00133,0.00158,0.06515,0.00000,0.04274,0.32618,0.05359
0.03411,0.00217,0.04143,0.04014,0.00062,0.03953,0.07999,0.06692,0.09694,0.01461,0.00420,0.02266,0.04621,0.01927,0.02759,0.04119,0.00000,0.17034,0.13422,0.11787
0.02684,0.02012,0.03284,0.04595,0.01927,0.13534,0.05042,0.01628,0.10751,0.04099,0.00148,0.07585,0.01868,0.03089,0.01106,0.04159,0.00000,0.27997,0.03227,0.01265
0.07662,0.00207,0.12029,0.02140,0.00003,0.17159,0.03217,0.06962,0.05111,0.00194,0.00163,0.02449,0.05633,0.03540,0.00412,0.00054,0.00002,0.24355,0.01777,0.06930
0.03641,0.01195,0.01651,0.00392,0.00314,0.07420,0.02686,0.03084,0.20647,0.11894,0.00590,0.01583,0.00894,0.05790,0.00952,0.01305,0.00006,0.16137,0.02213,0.17605
0.05135,0.05220,0.05874,0.20190,0.00639,0.08976,0.01239,0.05659,0.02815,0.01380,0.00419,0.00170,0.02609,0.01204,0.06803,0.11758,0.00000,0.07462,0.03583,0.08865
0.04686,0.00245,0.01246,0.14184,0.00005,0.06183,0.02626,0.02471,0.01293,0.06318,0.00025,0.00931,0.09400,0.05327,0.07207,0.07735,0.00000,0.13608,0.08917,0.07592
0.03692,0.02658,0.13288,0.00989,0.02047,0.08902,0.00162,0.06482,0.03342,0.06513,0.02054,0.00522,0.01060,0.03984,0.05952,0.06439,0.00098,0.14796,0.07931,0.09088
0.05175,0.00253,0.00902,0.11679,0.00000,0.06174,0.00159,0.14889,0.07457,0.03559,0.00459,0.03315,0.09902,0.03308,0.10359,0.05003,0.00000,0.07727,0.06579,0.03103
0.01664,0.00007,0.09586,0.11390,0.02402,0.14324,0.00931,0.01689,0.06243,0.03118,0.03995,0.08331,0.01452,0.02692,0.02877,0.01080,0.00000,0.09008,0.12421,0.06789
0.00522,0.01546,0.11292,0.00353,0.02606,0.07414,0.01513,0.15005,0.05153,0.00222,0.00011,0.00764,0.01707,0.07886,0.03197,0.02936,0.02192,0.25609,0.08271,0.01802
0.09425,0.00987,0.05894,0.00025,0.05971,0.13148,0.00431,0.05267,0.05121,0.00805,0.00001,0.00757,0.10197,0.06968,0.03186,0.01563,0.02855,0.10445,0.02564,0.14391
0.04476,0.00033,0.02107,0.03290,0.01004,0.10716,0.01941,0.11249,0.15260,0.08518,0.00012,0.00764,0.04369,0.02478,0.00063,0.02427,0.00023,0.27374,0.02995,0.00903
0.03860,0.08490,0.05989,0.03348,0.02852,0.08669,0.02132,0.04617,0.05873,0.03023,0.01196,0.01683,0.10531,0.00156,0.06700,0.00779,0.00000,0.24842,0.00928,0.04331
0.05984,0.00019,0.06699,0.11018,0.10970,0.07565,0.00617,0.05267,0.04658,0.03043,0.01642,0.01089,0.03905,0.06233,0.02757,0.01382,0.00082,0.12986,0.05390,0.08694
0.10374,0.01142,0.04084,0.04633,0.03172,0.00173,0.00414,0.03124,0.17103,0.01365,0.00133,0.08005,0.09104,0.03455,0.16770,0.02091,0.00002,0.04620,0.05355,0.04881
0.02712,0.00388,0.09704,0.09388,0.06143,0.06443,0.03070,0.08427,0.10791,0.03520,0.00020,0.00069,0.04881,0.04847,0.01100,0.02173,0.00000,0.10556,0.11590,0.04180
0.06765,0.26517,0.05252,0.00446,0.00653,0.13144,0.00294,0.00233,0.01504,0.04540,0.04923,0.00437,0.16888,0.00750,0.01235,0.00995,0.00318,0.10350,0.01944,0.02811
0.01015,0.00002,0.02197,0.04998,0.02662,0.23077,0.00349,0.05439,0.05488,0.01728,0.00095,0.03319,0.10296,0.05604,0.02406,0.02518,0.00001,0.17161,0.09692,0.01954
0.03170,0.03601,0.01886,0.03229,0.00022,0.01650,0.03236,0.15877,0.17230,0.03650,0.00769,0.04290,0.13642,0.01690,0.01063,0.05857,0.00001,0.11643,0.03366,0.04129
0.02026,0.00403,0.16436,0.06311,0.00635,0.12028,0.06350,0.03791,0.10746,0.05675,0.00102,0.06291,0.00164,0.03442,0.00494,0.00172,0.00243,0.13860,0.09792,0.01038
0.02339,0.00000,0.07891,0.02613,0.01647,0.08092,0.05024,0.02353,0.06365,0.04116,0.04868,0.00090,0.19358,0.01158,0.00338,0.03357,0.00000,0.12070,0.10638,0.07683
0.17407,0.00990,0.02054,0.02847,0.00425,0.04100,0.01344,0.02572,0.07084,0.00742,0.00083,0.00597,0.00785,0.02174,0.01288,0.06807,0.00350,0.31578,0.03036,0.13737
0.02699,0.01430,0.09679,0.00248,0.04627,0.12518,0.04497,0.03360,0.13116,0.02296,0.00475,0.00002,0.04930,0.09903,0.00453,0.05877,0.00000,0.06705,0.05355,0.11832
0.05865,0.00059,0.08335,0.01034,0.00409,0.09888,0.01397,0.05967,0.06596,0.00306,0.00206,0.01361,0.02490,0.02655,0.15179,0.00653,0.00000,0.20023,0.15633,0.01942
0.05126,0.00001,0.05883,0.09622,0.01336,0.15857,0.01661,0.04719,0.04619,0.00547,0.01144,0.01578,0.01466,0.03465,0.01278,0.05233,0.00000,0.29143,0.02388,0.04932
0.02701,0.00519,0.09592,0.02762,0.00282,0.11032,0.08891,0.03112,0.08171,0.02756,0.00107,0.00483,0.00734,0.06636,0.04783,0.09857,0.00855,0.11014,0.10247,0.05467
0.01022,0.00480,0.02251,0.10404,0.00000,0.07573,0.01521,0.06008,0.11422,0.03967,0.00452,0.00432,0.07397,0.07204,0.00415,0.03510,0.00003,0.22378,0.09972,0.03587
0.02167,0.01778,0.09625,0.06050,0.01946,0.06987,0.02197,0.07296,0.15526,0.00383,0.00588,0.00258,0.00760,0.05504,0.08404,0.04427,0.00000,0.18987,0.04164,0.02952
0.02358,0.00002,0.00663,0.09590,0.02005,0.15940,0.00082,0.10821,0.15717,0.01778,0.00123,0.00338,0.02398,0.07111,0.03561,0.00654,0.00000,0.07744,0.11948,0.07166
0.05252,0.02396,0.03838,0.00930,0.00009,0.03814,0.00157,0.04339,0.10370,0.07013,0.08257,0.08296,0.02196,0.00959,0.00616,0.08930,0.00009,0.14754,0.09092,0.08774
0.01398,0.02805,0.02737,0.02781,0.01605,0.09855,0.01266,0.03444,0.11704,0.08274,0.00072,0.00111,0.06628,0.00280,0.06722,0.02318,0.00000,0.14624,0.15395,0.07983
0.01461,0.00004,0.16354,0.07661,0.00184,0.06892,0.05996,0.19362,0.06641,0.01149,0.00010,0.08511,0.02960,0.03684,0.04669,0.01171,0.00025,0.01449,0.06693,0.05124
0.00049,0.03457,0.14377,0.14940,0.00023,0.03961,0.00633,0.02448,0.03313,0.04335,0.00704,0.09318,0.04257,0.02306,0.03133,0.04229,0.00000,0.07456,0.09223,0.11837
0.13536,0.04795,0.01471,0.05366,0.00049,0.05782,0.00400,0.01764,0.07522,0.01680,0.00073,0.06398,0.01050,0.01018,0.08525,0.06420,0.00000,0.25200,0.06171,0.02780
0.04049,0.00649,0.07710,0.07051,0.00273,0.05337,0.00530,0.03644,0.17930,0.06641,0.00316,0.04433,0.05613,0.03513,0.06738,0.06197,0.00439,0.08343,0.02696,0.07897
0.01213,0.02419,0.03468,0.07190,0.00035,0.18539,0.04969,0.02902,0.06393,0.03896,0.00207,0.00360,0.02850,0.04861,0.00196,0.01241,0.00011,0.27401,0.02766,0.09081
0.09994,0.00018,0.01513,0.04604,0.06518,0.13082,0.00085,0.03047,0.05750,0.18772,0.00036,0.00104,0.01913,0.00243,0.02884,0.01891,0.00000,0.19405,0.07610,0.02529
0.04964,0.06389,0.04525,0.02477,0.02683,0.03676,0.03527,0.00622,0.28914,0.02341,0.00040,0.00669,0.06668,0.01306,0.05406,0.00926,0.00000,0.06512,0.11166,0.07191
0.10410,0.01718,0.06619,0.00864,0.00817,0.06219,0.07757,0.03358,0.07264,0.01367,0.00007,0.00724,0.02988,0.00329,0.02345,0.11808,0.00000,0.19619,0.03642,0.12145
0.00503,0.00340,0.08420,0.03051,0.03741,0.09705,0.02061,0.03542,0.09973,0.06945,0.00030,0.04206,0.00539,0.13175,0.06840,0.01647,0.00000,0.13756,0.03220,0.08307
0.03814,0.00329,0.02632,0.10221,0.00005,0.02879,0.09629,0.07378,0.06171,0.11083,0.04877,0.00392,0.14188,0.00703,0.03256,0.00001,0.00632,0.02609,0.17122,0.02079
0.02269,0.01358,0.04315,0.00166,0.00351,0.07198,0.01894,0.04384,0.05274,0.03046,0.00000,0.06801,0.10755,0.04566,0.01713,0.03261,0.00000,0.30331,0.05621,0.06696
0.03168,0.00467,0.11067,0.00538,0.11633,0.06123,0.07920,0.04423,0.06161,0.09984,0.02394,0.00742,0.08755,0.00266,0.00794,0.08341,0.00000,0.11468,0.04373,0.01384
0.09440,0.03446,0.03583,0.12654,0.00266,0.07700,0.04696,0.00198,0.07547,0.00949,0.01577,0.01471,0.04135,0.05511,0.02040,0.00396,0.00001,0.09483,0.14475,0.10430
0.00869,0.01426,0.05145,0.01682,0.02008,0.08839,0.04441,0.12720,0.02595,0.00439,0.00013,0.01017,0.11710,0.00170,0.03102,0.05829,0.00179,0.21561,0.05580,0.10677
0.02415,0.01943,0.00374,0.02356,0.01337,0.13943,0.05435,0.04205,0.08244,0.05375,0.00583,0.00975,0.12213,0.07426,0.03461,0.02163,0.00000,0.12482,0.02692,0.12377
0.07032,0.00045,0.01356,0.01787,0.00542,0.17139,0.01953,0.03038,0.11805,0.11503,0.01224,0.01468,0.04302,0.03638,0.05944,0.00763,0.00000,0.16940,0.04986,0.04535
0.04641,0.08821,0.11181,0.03566,0.00000,0.09193,0.01913,0.09996,0.05101,0.03157,0.00591,0.00551,0.05327,0.01499,0.14581,0.01634,0.00054,0.13852,0.00618,0.03727
0.00055,0.00475,0.07920,0.07663,0.00004,0.00642,0.03121,0.03004,0.03232,0.05916,0.01099,0.06981,0.05550,0.02959,0.03076,0.06452,0.00226,0.29159,0.02974,0.09492
0.04160,0.02769,0.08368,0.00228,0.00339,0.07723,0.00588,0.08296,0.12328,0.07445,0.00691,0.03747,0.06060,0.00060,0.01483,0.02045,0.00007,0.22344,0.02206,0.09112
0.04929,0.02047,0.04443,0.05707,0.00001,0.07679,0.16464,0.14303,0.01578,0.01255,0.01029,0.02135,0.02104,0.04719,0.01379,0.00683,0.00000,0.19308,0.02753,0.07482
0.05484,0.00004,0.03384,0.01110,0.00280,0.01867,0.01067,0.11520,0.00966,0.03009,0.04819,0.07135,0.18770,0.06079,0.03504,0.00354,0.00014,0.13387,0.03763,0.13485
0.12060,0.00957,0.12483,0.00411,0.01511,0.07329,0.01121,0.01958,0.08845,0.00556,0.06098,0.06270,0.12682,0.00195,0.01145,0.02439,0.00000,0.11931,0.01823,0.10186
0.02641,0.00137,0.05860,0.01376,0.03075,0.12626,0.00134,0.02487,0.09146,0.00140,0.02949,0.00586,0.10634,0.01525,0.03664,0.00057,0.00446,0.20898,0.04007,0.17612
0.19434,0.00518,0.04786,0.05190,0.00007,0.08776,0.00865,0.02206,0.12674,0.03377,0.00059,0.02077,0.05473,0.07259,0.05590,0.04805,0.00000,0.09912,0.04142,0.02849
0.09865,0.00251,0.03835,0.02176,0.00016,0.03420,0.00148,0.03996,0.14448,0.13574,0.07594,0.00012,0.14859,0.02562,0.03402,0.04107,0.00000,0.07990,0.06004,0.01742
0.03647,0.00090,0.04426,0.03492,0.04055,0.11562,0.00390,0.03619,0.04433,0.00121,0.06380,0.00873,0.08929,0.13025,0.10700,0.00002,0.00000,0.13709,0.03470,0.07077
0.08885,0.00488,0.10772,0.01968,0.00059,0.04388,0.04682,0.01601,0.08164,0.01744,0.04800,0.05704,0.02802,0.02042,0.09762,0.02511,0.03855,0.08994,0.06727,0.10052
0.05325,0.09408,0.05535,0.08162,0.00000,0.09422,0.00202,0.11537,0.01832,0.06104,0.00020,0.01990,0.02857,0.00934,0.02228,0.03189,0.00000,0.05130,0.14338,0.11789
0.03737,0.00719,0.13661,0.01301,0.00763,0.03349,0.02844,0.15936,0.08172,0.00270,0.00075,0.03541,0.09804,0.05173,0.03146,0.02765,0.00000,0.15054,0.06931,0.02758
0.03185,0.00074,0.09909,0.01036,0.00148,0.09893,0.07588,0.06290,0.07221,0.01339,0.22089,0.02312,0.01566,0.04372,0.01546,0.00589,0.00000,0.10314,0.09911,0.00617
0.02034,0.00605,0.02774,0.05587,0.00236,0.34545,0.02464,0.04710,0.01393,0.09483,0.00845,0.07044,0.00158,0.11017,0.02557,0.01926,0.00000,0.06970,0.04138,0.01514
0.04183,0.00026,0.01045,0.20468,0.02090,0.09658,0.06618,0.05344,0.05861,0.00135,0.00020,0.00002,0.01452,0.00283,0.02234,0.00461,0.00009,0.26310,0.02072,0.11730
0.03544,0.06811,0.07220,0.05798,0.00977,0.04255,0.00986,0.00795,0.02269,0.08357,0.00668,0.02443,0.07635,0.03251,0.04142,0.06186,0.00004,0.12654,0.09632,0.12373
0.02764,0.22741,0.06714,0.02157,0.07304,0.09162,0.00883,0.05175,0.07680,0.02107,0.00331,0.04678,0.06119,0.00704,0.01281,0.00122,0.00000,0.14415,0.04528,0.01135
0.03964,0.00722,0.01804,0.10511,0.03368,0.03735,0.02885,0.11152,0.04649,0.04715,0.01140,0.16080,0.04630,0.01259,0.04243,0.00288,0.00000,0.14454,0.06244,0.04156
0.09343,0.00616,0.00561,0.05493,0.05290,0.08603,0.06454,0.08501,0.11604,0.03047,0.00236,0.03017,0.02611,0.02822,0.04220,0.01296,0.00000,0.12366,0.12759,0.01162
0.12130,0.00005,0.09649,0.01440,0.00872,0.17737,0.03844,0.01230,0.03112,0.00499,0.00089,0.00048,0.10489,0.06606,0.02366,0.01020,0.00000,0.23966,0.01740,0.03159
0.02930,0.00365,0.10674,0.10693,0.00035,0.07079,0.01871,0.00689,0.16197,0.00819,0.02364,0.00324,0.15116,0.01554,0.20993,0.00208,0.00000,0.03705,0.02544,0.01840
0.03300,0.00017,0.17633,0.10136,0.00046,0.04792,0.04918,0.10834,0.03095,0.00076,0.01027,0.03903,0.01170,0.04251,0.01822,0.02629,0.00001,0.09977,0.11901,0.08472
0.15865,0.00824,0.09413,0.11088,0.04115,0.10537,0.04850,0.04546,0.03208,0.00882,0.00261,0.02214,0.04189,0.00972,0.05455,0.03282,0.00000,0.06717,0.07030,0.04552
0.04235,0.00003,0.02506,0.02524,0.00003,0.08591,0.00596,0.05334,0.15543,0.04092,0.01495,0.00605,0.01249,0.05636,0.00857,0.30292,0.00000,0.09377,0.05447,0.01613
0.04083,0.02374,0.02901,0.15972,0.00660,0.05726,0.01350,0.03628,0.04332,0.04429,0.00062,0.15713,0.04298,0.03645,0.02672,0.01456,0.00021,0.12274,0.08883,0.05521
0.04597,0.00235,0.02166,0.09296,0.00016,0.06717,0.01912,0.04152,0.13528,0.07006,0.00134,0.01599,0.05169,0.04624,0.08787,0.01774,0.00000,0.09223,0.09557,0.09508
0.12423,0.03002,0.03605,0.00904,0.00130,0.04929,0.08619,0.08035,0.16784,0.02985,0.04526,0.01464,0.04219,0.00367,0.02086,0.02137,0.00014,0.09297,0.12216,0.02258
0.03720,0.00229,0.09062,0.08918,0.08990,0.02247,0.02941,0.03080,0.09450,0.00636,0.00020,0.04932,0.01700,0.00958,0.01106,0.00425,0.00000,0.12571,0.18431,0.10584
0.04332,0.01028,0.03025,0.03888,0.00019,0.10873,0.03875,0.01535,0.16523,0.00161,0.00014,0.00015,0.09169,0.02024,0.00753,0.00929,0.00001,0.28133,0.04044,0.09661
0.10475,0.03245,0.05146,0.06019,0.00034,0.17224,0.00098,0.07688,0.08606,0.01536,0.00001,0.01400,0.05478,0.00793,0.01818,0.01256,0.00000,0.15318,0.09119,0.04746
0.05256,0.03838,0.06081,0.03976,0.04709,0.09457,0.00620,0.01717,0.16704,0.05788,0.01099,0.03100,0.10725,0.02984,0.00745,0.00636,0.00002,0.13481,0.06509,0.02575
0.02400,0.04447,0.06397,0.02893,0.04141,0.11270,0.00649,0.10673,0.08508,0.03942,0.03288,0.00722,0.03381,0.06437,0.01984,0.03139,0.00000,0.19638,0.04830,0.01262
0.01026,0.00019,0.09345,0.00670,0.00010,0.08654,0.00088,0.13100,0.23541,0.06756,0.00009,0.04792,0.01221,0.01765,0.09693,0.00754,0.00012,0.06677,0.00416,0.11454
0.04228,0.00054,0.09364,0.06911,0.07222,0.04981,0.00630,0.04133,0.05851,0.02227,0.01369,0.01777,0.04281,0.00685,0.08528,0.00595,0.00000,0.27416,0.06028,0.03719
0.10080,0.02609,0.09735,0.02687,0.00024,0.07409,0.00056,0.02926,0.09543,0.00414,0.01199,0.14252,0.11634,0.03551,0.03939,0.00267,0.00000,0.12097,0.05623,0.01955
0.07643,0.00694,0.08103,0.05944,0.00183,0.14138,0.00139,0.06670,0.08409,0.02920,0.02822,0.01815,0.01474,0.01930,0.04847,0.03637,0.00182,0.20397,0.03299,0.04753
0.00379,0.01585,0.04696,0.06122,0.05491,0.03251,0.06434,0.04811,0.13175,0.01374,0.04528,0.00176,0.10527,0.05745,0.05562,0.00012,0.00036,0.17848,0.04289,0.03959
0.07264,0.00550,0.06541,0.02408,0.00008,0.11679,0.00336,0.11640,0.06931,0.05863,0.00435,0.01574,0.06814,0.04874,0.01695,0.00881,0.00000,0.17220,0.01288,0.11999
0.00566,0.02612,0.09482,0.02290,0.00012,0.19070,0.10176,0.12175,0.10286,0.00055,0.02801,0.00054,0.02002,0.00742,0.04011,0.03281,0.00000,0.14350,0.03323,0.02713
0.03982,0.03000,0.02118,0.01893,0.00020,0.02590,0.00160,0.15843,0.06287,0.01333,0.00828,0.00279,0.01503,0.06774,0.15997,0.08491,0.00006,0.07877,0.19427,0.01593
0.07135,0.00066,0.05957,0.12066,0.03539,0.03092,0.01495,0.00334,0.15717,0.02214,0.00524,0.01383,0.01064,0.04447,0.03444,0.02758,0.00000,0.27796,0.01694,0.05278
0.01898,0.00004,0.15861,0.14399,0.00428,0.09500,0.03040,0.00883,0.09370,0.02526,0.03204,0.03826,0.02738,0.02248,0.00269,0.09113,0.00000,0.11300,0.00373,0.09019
0.02152,0.00429,0.00487,0.11017,0.01286,0.03757,0.12212,0.08455,0.01878,0.08643,0.00379,0.06744,0.06868,0.04327,0.03137,0.02935,0.00007,0.10683,0.04842,0.09762
0.03344,0.00201,0.06172,0.01716,0.00000,0.15208,0.07809,0.05626,0.09654,0.01175,0.02934,0.01342,0.05028,0.01788,0.00749,0.09657,0.00000,0.13315,0.04092,0.10190
0.00525,0.01805,0.14981,0.04506,0.01826,0.07861,0.00163,0.02964,0.17428,0.00231,0.00052,0.00212,0.01752,0.03187,0.06437,0.03985,0.00000,0.08509,0.14037,0.09539
0.07839,0.00866,0.04373,0.06182,0.00016,0.07770,0.00100,0.07271,0.10763,0.00128,0.00359,0.00397,0.03998,0.00410,0.03719,0.02759,0.00000,0.15674,0.13005,0.14370
0.01107,0.01529,0.01766,0.11329,0.00000,0.07665,0.02822,0.02461,0.15540,0.16510,0.00010,0.05714,0.02136,0.00379,0.09544,0.04478,0.00000,0.10560,0.04063,0.02386
0.05157,0.00104,0.02429,0.02500,0.07430,0.29385,0.00480,0.08185,0.04421,0.04672,0.00001,0.00621,0.05584,0.02367,0.04039,0.00499,0.00000,0.10633,0.05052,0.06439
0.08807,0.01320,0.03687,0.05174,0.05030,0.09483,0.02660,0.03053,0.12040,0.06538,0.00170,0.00351,0.03753,0.19816,0.06962,0.02704,0.00051,0.00480,0.04526,0.03396
0.11058,0.00048,0.02886,0.00741,0.00107,0.04689,0.02900,0.04646,0.04938,0.05288,0.01779,0.00656,0.10776,0.12956,0.07142,0.00105,0.02108,0.11364,0.06427,0.09386
0.05165,0.00056,0.01119,0.08878,0.00008,0.07469,0.00638,0.06902,0.10377,0.01001,0.06105,0.04690,0.18602,0.01510,0.00712,0.03705,0.00000,0.08758,0.01355,0.12950
0.10216,0.00000,0.04901,0.04331,0.01862,0.08160,0.09329,0.04076,0.11102,0.08443,0.01989,0.00063,0.04931,0.00334,0.13316,0.01579,0.00000,0.07636,0.02878,0.04855
0.02412,0.02470,0.01914,0.00136,0.01866,0.12304,0.01409,0.02632,0.08290,0.08246,0.00451,0.09996,0.17112,0.00368,0.05795,0.07043,0.00000,0.07443,0.02134,0.07980
0.03304,0.00217,0.12199,0.00958,0.00013,0.06690,0.01429,0.03781,0.03233,0.20530,0.00194,0.00080,0.03866,0.03195,0.04785,0.03681,0.00000,0.08424,0.09647,0.13774
0.02833,0.01759,0.01192,0.03606,0.00250,0.06272,0.00059,0.02890,0.17108,0.04481,0.01860,0.01222,0.05538,0.03428,0.14329,0.05643,0.00000,0.20924,0.04059,0.02546
0.04822,0.00029,0.05135,0.05426,0.00892,0.10697,0.09920,0.11195,0.08553,0.00985,0.00035,0.00238,0.04962,0.06480,0.04153,0.02418,0.00307,0.10681,0.07204,0.05867
0.02764,0.05657,0.05422,0.01641,0.02051,0.21323,0.00037,0.02361,0.07304,0.01524,0.01071,0.00902,0.00426,0.01167,0.06005,0.02921,0.00000,0.26446,0.05011,0.05967
0.02214,0.00470,0.03615,0.04466,0.00046,0.03103,0.01696,0.08513,0.01510,0.18837,0.06964,0.00011,0.03236,0.16104,0.04379,0.07290,0.00006,0.10135,0.03869,0.03536
0.07455,0.00034,0.16824,0.01556,0.00013,0.01720,0.01526,0.16947,0.06187,0.11954,0.00168,0.01638,0.01079,0.06670,0.02144,0.00285,0.00315,0.08151,0.02969,0.12366
0.08931,0.01162,0.04036,0.00360,0.09630,0.11760,0.00950,0.10346,0.06532,0.04594,0.00033,0.00346,0.04635,0.03166,0.06094,0.03435,0.00728,0.05291,0.03216,0.14753
0.07992,0.00141,0.17885,0.00740,0.00176,0.06019,0.06553,0.07695,0.02512,0.04849,0.00012,0.00024,0.06384,0.00645,0.07792,0.00039,0.00000,0.06648,0.14461,0.09433
0.01042,0.00000,0.13364,0.00910,0.01744,0.02859,0.00764,0.05984,0.04142,0.01806,0.04179,0.03574,0.25232,0.00809,0.15922,0.03174,0.00000,0.01961,0.10580,0.01953
0.08366,0.04037,0.04778,0.09555,0.00074,0.03051,0.00235,0.11918,0.05803,0.05154,0.00172,0.00682,0.01595,0.06385,0.00789,0.02452,0.00005,0.22979,0.06538,0.05432
0.09796,0.01580,0.02045,0.05751,0.01908,0.11759,0.05351,0.01004,0.06327,0.03614,0.00903,0.05047,0.11066,0.00051,0.00019,0.02866,0.00000,0.24500,0.02893,0.03521
0.08293,0.00411,0.05149,0.02315,0.00434,0.05889,0.05104,0.07015,0.04882,0.02641,0.00245,0.00076,0.11024,0.15135,0.10528,0.00837,0.00000,0.10672,0.03193,0.06156
0.03451,0.00022,0.05972,0.01152,0.00000,0.20941,0.00616,0.03108,0.01936,0.04835,0.00009,0.01458,0.05938,0.04281,0.06861,0.02920,0.00822,0.22599,0.03354,0.09725
0.03109,0.06253,0.13196,0.06395,0.03345,0.10322,0.00734,0.04194,0.09441,0.03317,0.00118,0.00902,0.07269,0.04595,0.00801,0.01540,0.00000,0.12741,0.09661,0.02069
0.12118,0.02077,0.05361,0.20155,0.02694,0.01854,0.05245,0.02062,0.10550,0.00325,0.02381,0.00693,0.14553,0.00175,0.03310,0.01564,0.00004,0.08143,0.04923,0.01812
0.03176,0.02427,0.02380,0.15057,0.00003,0.24707,0.00355,0.02217,0.03891,0.07664,0.00325,0.00388,0.09410,0.02308,0.07448,0.01339,0.00000,0.08805,0.01730,0.06371
0.03978,0.00565,0.01462,0.03876,0.09105,0.09664,0.03134,0.02039,0.04698,0.05159,0.03785,0.02881,0.03585,0.00788,0.01505,0.00056,0.00000,0.05847,0.03125,0.34750
0.05304,0.06638,0.02922,0.05960,0.00009,0.17135,0.01940,0.06889,0.06631,0.01635,0.00000,0.01063,0.25907,0.01939,0.01193,0.03273,0.00000,0.08986,0.01322,0.01253
0.04952,0.00109,0.00052,0.03535,0.06297,0.01764,0.06443,0.09462,0.03939,0.02728,0.00359,0.04190,0.10872,0.00591,0.11505,0.03132,0.00000,0.18051,0.01365,0.10653
0.06965,0.00060,0.11826,0.00950,0.01086,0.20882,0.00324,0.07548,0.02274,0.00155,0.00115,0.01442,0.02405,0.02530,0.18075,0.03535,0.00151,0.12621,0.03832,0.03224
0.05800,0.00962,0.08070,0.04151,0.00040,0.10775,0.01393,0.06751,0.10271,0.05562,0.00004,0.03432,0.03654,0.00543,0.06484,0.01299,0.00008,0.17377,0.07975,0.05452
0.00864,0.00131,0.07954,0.01919,0.00047,0.06932,0.00148,0.07619,0.30519,0.02479,0.00438,0.00121,0.01387,0.02096,0.01559,0.00492,0.00342,0.21287,0.04894,0.08771
0.02310,0.00005,0.02913,0.00760,0.01602,0.13127,0.00400,0.08884,0.09312,0.03274,0.06436,0.00199,0.01157,0.01939,0.02868,0.02561,0.00000,0.17482,0.07978,0.16794
0.14551,0.07691,0.07241,0.02587,0.01193,0.10577,0.12055,0.01775,0.01755,0.06998,0.00002,0.00082,0.03899,0.00905,0.03186,0.11056,0.00000,0.05730,0.03760,0.04957
0.11245,0.00000,0.11544,0.02923,0.00881,0.05060,0.00087,0.02429,0.05030,0.02649,0.01437,0.01119,0.13099,0.01720,0.02624,0.02014,0.02558,0.22572,0.04805,0.06202
0.05794,0.02151,0.01659,0.06124,0.05515,0.15984,0.01715,0.04042,0.10205,0.02518,0.00076,0.00043,0.05901,0.00377,0.01465,0.07007,0.00026,0.06906,0.15415,0.07077
0.12817,0.02102,0.06607,0.11777,0.00985,0.02612,0.04924,0.18991,0.02558,0.01209,0.01045,0.02317,0.14684,0.06612,0.01373,0.02734,0.00000,0.02084,0.04235,0.00332
0.02200,0.00462,0.05952,0.03162,0.00000,0.11131,0.02815,0.05175,0.18994,0.05966,0.02831,0.00129,0.02393,0.07919,0.01684,0.01859,0.00296,0.09061,0.12598,0.05374
0.05943,0.02315,0.01212,0.05168,0.01114,0.03188,0.01164,0.03009,0.05756,0.01939,0.00235,0.00547,0.14365,0.03181,0.03428,0.02910,0.00014,0.26022,0.12045,0.06445
0.00336,0.00045,0.01316,0.01008,0.00011,0.14269,0.04340,0.01428,0.05276,0.07364,0.00014,0.01730,0.14007,0.00320,0.01485,0.02231,0.00000,0.26214,0.12378,0.06229
0.04147,0.00066,0.12994,0.11187,0.00037,0.04705,0.00006,0.00896,0.08556,0.08327,0.00061,0.01328,0.04341,0.00119,0.10161,0.00078,0.00000,0.19272,0.03415,0.10304
0.04988,0.00375,0.02522,0.11106,0.02520,0.16863,0.01203,0.01865,0.02211,0.07312,0.00083,0.00406,0.02217,0.04287,0.09637,0.04702,0.00090,0.17048,0.04326,0.06238
0.02629,0.00197,0.11100,0.03860,0.01208,0.07537,0.00124,0.01812,0.13742,0.04739,0.00761,0.02026,0.18507,0.05370,0.00645,0.07942,0.00011,0.05710,0.00407,0.11673
0.10805,0.00793,0.01534,0.10365,0.08261,0.04896,0.03627,0.01800,0.08160,0.02484,0.00739,0.01650,0.03237,0.00888,0.18219,0.00067,0.00000,0.07145,0.09314,0.06014
0.14711,0.00603,0.04826,0.08563,0.00215,0.03395,0.04390,0.06545,0.06737,0.05405,0.00357,0.01079,0.04664,0.11366,0.06247,0.09001,0.00002,0.04621,0.05475,0.01798
0.05245,0.00078,0.15188,0.00768,0.00094,0.08093,0.07843,0.08035,0.00377,0.02915,0.00026,0.01072,0.02396,0.07722,0.02844,0.05153,0.00000,0.12265,0.17038,0.02847
0.02629,0.02353,0.04636,0.05831,0.00854,0.06597,0.00415,0.05297,0.10023,0.04691,0.00967,0.03893,0.06059,0.08961,0.04482,0.06593,0.00576,0.14364,0.08061,0.02720
0.05244,0.01523,0.05795,0.00922,0.04753,0.06340,0.09313,0.03885,0.08952,0.03382,0.00658,0.00053,0.02742,0.03542,0.00511,0.02804,0.00002,0.18697,0.15779,0.05103
0.18378,0.00488,0.02763,0.02576,0.00433,0.07112,0.03017,0.02396,0.01400,0.04679,0.01964,0.03768,0.03486,0.03236,0.01897,0.06157,0.00000,0.15664,0.10935,0.09652
0.08318,0.00053,0.01036,0.06557,0.02058,0.04039,0.08847,0.03403,0.05919,0.06351,0.00025,0.06112,0.10905,0.02631,0.07745,0.03057,0.00006,0.13636,0.03834,0.05467
0.02453,0.00464,0.01444,0.01936,0.03016,0.18159,0.01801,0.18021,0.08845,0.01793,0.00009,0.00346,0.03240,0.00883,0.06911,0.00329,0.00000,0.17078,0.01400,0.11870
0.08594,0.01233,0.02217,0.00504,0.00673,0.00227,0.03619,0.07243,0.05653,0.07866,0.01950,0.00248,0.14175,0.00667,0.04548,0.00014,0.00031,0.32949,0.03409,0.04178
0.02420,0.07825,0.05755,0.17253,0.00429,0.03219,0.01413,0.00830,0.02468,0.05543,0.00396,0.07454,0.02926,0.03117,0.03602,0.07341,0.00000,0.22474,0.02406,0.03130
0.04360,0.06954,0.00802,0.00243,0.00132,0.14350,0.02797,0.12463,0.06257,0.01310,0.00035,0.00003,0.05082,0.00346,0.02063,0.23878,0.00035,0.04038,0.09145,0.05706
0.06686,0.00518,0.02664,0.05240,0.00002,0.06992,0.01124,0.01231,0.10819,0.04220,0.00281,0.01664,0.00318,0.00098,0.24337,0.00124,0.00000,0.16858,0.14387,0.02438
0.13125,0.00179,0.01563,0.00299,0.00487,0.03701,0.00145,0.01438,0.05160,0.22239,0.00019,0.02992,0.18215,0.00694,0.04868,0.02672,0.00001,0.11393,0.10588,0.00221
0.14769,0.00099,0.05131,0.02947,0.00000,0.07547,0.06977,0.08576,0.06452,0.05611,0.01510,0.00116,0.05408,0.01894,0.00443,0.10041,0.00013,0.07498,0.12192,0.02774
0.27603,0.00642,0.06065,0.02903,0.01086,0.07821,0.00803,0.04527,0.02104,0.00743,0.01661,0.01006,0.06918,0.05740,0.08397,0.00326,0.00109,0.10769,0.09760,0.01015
0.17667,0.00651,0.16726,0.06336,0.00897,0.08516,0.00037,0.06066,0.01511,0.08748,0.02110,0.00281,0.05568,0.04137,0.01915,0.00075,0.00000,0.07691,0.03920,0.07148
0.04379,0.07813,0.10240,0.04014,0.00003,0.15837,0.00852,0.02362,0.07176,0.03475,0.00103,0.13814,0.13434,0.01046,0.06142,0.00509,0.00000,0.03486,0.04686,0.00630
0.06046,0.00308,0.07940,0.01175,0.00048,0.17613,0.00224,0.02412,0.05358,0.02848,0.00000,0.00724,0.00742,0.05807,0.05285,0.06737,0.00411,0.17061,0.13219,0.06041
0.03184,0.00042,0.04716,0.12077,0.00033,0.15660,0.06802,0.11206,0.06182,0.01157,0.00435,0.02020,0.05234,0.00207,0.01801,0.04473,0.00000,0.12677,0.00834,0.11261
0.06103,0.02317,0.04406,0.04004,0.00549,0.04891,0.06964,0.01469,0.04082,0.09502,0.00000,0.00939,0.05346,0.14863,0.00604,0.01876,0.00000,0.17922,0.00233,0.13930
0.03272,0.03756,0.14562,0.03268,0.00188,0.12941,0.04195,0.07536,0.05029,0.01921,0.00457,0.00007,0.05394,0.01078,0.07992,0.06983,0.00000,0.12340,0.03757,0.05326
0.03140,0.00007,0.00401,0.00467,0.00497,0.05342,0.09379,0.04834,0.14934,0.03811,0.01469,0.01322,0.08298,0.04325,0.00332,0.02477,0.01104,0.27569,0.05619,0.04673
0.18354,0.00690,0.01575,0.05108,0.00263,0.08781,0.06876,0.06825,0.11256,0.00878,0.00071,0.01063,0.01363,0.02704,0.01502,0.00772,0.00000,0.22675,0.04928,0.04316
0.08260,0.02203,0.19295,0.11583,0.00007,0.02798,0.00119,0.00616,0.06195,0.05625,0.00284,0.01389,0.03097,0.07296,0.02034,0.05371,0.00553,0.11617,0.02423,0.09236
0.03492,0.05110,0.02305,0.01005,0.00333,0.30296,0.00033,0.01805,0.08792,0.01894,0.02363,0.00594,0.01989,0.02685,0.04297,0.00941,0.00000,0.13491,0.09413,0.09163
0.15341,0.04603,0.09833,0.01228,0.00002,0.02340,0.03897,0.15437,0.08886,0.06075,0.03103,0.00003,0.02477,0.00859,0.00656,0.04527,0.00000,0.13753,0.01684,0.05295
0.02868,0.00096,0.08418,0.05737,0.00017,0.10790,0.00001,0.03252,0.07634,0.13260,0.00086,0.00292,0.02422,0.03915,0.02862,0.03071,0.00000,0.29670,0.02432,0.03175
0.03748,0.00001,0.03451,0.07616,0.01951,0.04256,0.00875,0.18264,0.08415,0.01523,0.00446,0.01884,0.04018,0.11107,0.05487,0.04197,0.00104,0.12162,0.01902,0.08591
0.02974,0.03218,0.02983,0.09347,0.00040,0.09601,0.00063,0.05894,0.03454,0.01633,0.02943,0.00207,0.02699,0.13132,0.05430,0.00992,0.00000,0.07615,0.27301,0.00474
0.05493,0.04322,0.05184,0.02700,0.04018,0.07375,0.00342,0.05278,0.10552,0.02352,0.02489,0.01869,0.08026,0.12269,0.05657,0.02427,0.00119,0.12261,0.04984,0.02283
0.04788,0.18681,0.03520,0.04024,0.00675,0.00876,0.01158,0.03517,0.12777,0.07296,0.00160,0.00761,0.10386,0.00850,0.02508,0.01203,0.00000,0.12298,0.12075,0.02448
0.03508,0.00026,0.00371,0.06352,0.00172,0.06508,0.03406,0.01783,0.11544,0.09016,0.00050,0.12129,0.04189,0.02596,0.00536,0.12518,0.00210,0.11550,0.09994,0.03541
0.09543,0.00000,0.02490,0.05569,0.00355,0.10068,0.02628,0.01853,0.13256,0.00435,0.05948,0.01396,0.00895,0.00469,0.03219,0.07213,0.02651,0.14796,0.12575,0.04639
0.02667,0.00075,0.03160,0.03248,0.00003,0.04011,0.01224,0.13808,0.13304,0.00671,0.03848,0.00137,0.05408,0.17186,0.00143,0.02036,0.00001,0.17966,0.07753,0.03352
0.20211,0.00422,0.08430,0.06692,0.00015,0.02169,0.01057,0.02407,0.00561,0.03350,0.00647,0.04792,0.08712,0.05167,0.07892,0.02852,0.00000,0.10943,0.09938,0.03743
0.03491,0.01986,0.12435,0.04580,0.00075,0.01967,0.03196,0.05518,0.15400,0.01090,0.05979,0.01062,0.01014,0.02103,0.08139,0.06502,0.00000,0.15888,0.03720,0.05856
0.08123,0.10585,0.09678,0.06355,0.00862,0.05000,0.00840,0.03862,0.09747,0.04183,0.00073,0.01072,0.05787,0.04707,0.03638,0.06098,0.02012,0.12127,0.00836,0.04417
0.00828,0.05145,0.08380,0.10496,0.01689,0.06444,0.00061,0.04270,0.08406,0.01651,0.03787,0.03238,0.14358,0.04094,0.01719,0.00993,0.00041,0.09378,0.09195,0.05826
0.01236,0.00799,0.00845,0.05677,0.00059,0.11729,0.01295,0.07396,0.20643,0.01284,0.04935,0.07134,0.04015,0.01496,0.15400,0.00344,0.00000,0.11923,0.02832,0.00957
0.02698,0.03969,0.02425,0.13175,0.00008,0.08187,0.13249,0.01606,0.03232,0.01502,0.05653,0.02460,0.05076,0.02029,0.16405,0.00457,0.00031,0.15257,0.00079,0.02503
0.02566,0.00130,0.03251,0.03325,0.02737,0.16419,0.04790,0.04719,0.06432,0.02342,0.00002,0.01643,0.00978,0.01896,0.12557,0.01066,0.00000,0.13962,0.06020,0.15165
0.00985,0.00030,0.02808,0.00766,0.03535,0.08955,0.01199,0.05686,0.09439,0.15807,0.02419,0.06503,0.00684,0.11085,0.03933,0.02039,0.01170,0.07974,0.01590,0.13392
0.04044,0.00285,0.15518,0.00732,0.00022,0.04804,0.00965,0.08006,0.18709,0.00671,0.00023,0.00512,0.02276,0.07432,0.06288,0.00510,0.00000,0.11862,0.03038,0.14304
0.01903,0.00428,0.11103,0.01395,0.00610,0.05073,0.00791,0.06027,0.16465,0.01205,0.00054,0.01776,0.05204,0.02733,0.14616,0.02610,0.00000,0.20724,0.01306,0.05977
0.07752,0.03165,0.11969,0.00771,0.06718,0.04468,0.01338,0.02747,0.04511,0.11704,0.02540,0.00835,0.00791,0.07550,0.00931,0.00426,0.00000,0.11944,0.04109,0.15731
0.07786,0.01006,0.08021,0.00489,0.00078,0.10808,0.01707,0.09542,0.05881,0.01277,0.00288,0.01305,0.04767,0.00795,0.02130,0.01461,0.00000,0.13080,0.12106,0.17475
0.12269,0.00065,0.01824,0.07507,0.00073,0.14480,0.06193,0.09065,0.08674,0.05858,0.00821,0.00175,0.04945,0.03524,0.01848,0.00055,0.00000,0.09801,0.00438,0.12384
0.08370,0.00032,0.04047,0.09926,0.00015,0.10545,0.00741,0.01779,0.09187,0.02811,0.06112,0.00645,0.01438,0.08011,0.04562,0.02110,0.00041,0.10774,0.11860,0.06995
0.21806,0.02535,0.06716,0.05697,0.00346,0.13394,0.00783,0.04636,0.03186,0.00007,0.00001,0.00460,0.02550,0.03632,0.07768,0.01641,0.00000,0.18446,0.01502,0.04892
0.03230,0.01223,0.04807,0.03390,0.00520,0.08520,0.00271,0.02157,0.17393,0.04660,0.00164,0.00498,0.18694,0.04578,0.04569,0.00705,0.00000,0.09324,0.07245,0.08053
0.02236,0.04119,0.08395,0.00283,0.00350,0.12867,0.00318,0.08010,0.09638,0.00652,0.00296,0.01218,0.10946,0.00258,0.05197,0.07056,0.00000,0.16725,0.06908,0.04529
0.03894,0.11162,0.17783,0.02859,0.00728,0.07609,0.02347,0.06255,0.05403,0.02854,0.00230,0.00847,0.06377,0.01429,0.09548,0.00239,0.00015,0.02940,0.10547,0.06934
0.02206,0.00237,0.15815,0.02985,0.00000,0.03268,0.04774,0.04966,0.08597,0.01756,0.00011,0.06332,0.07797,0.04434,0.02864,0.00110,0.00000,0.15959,0.11965,0.05925
0.07991,0.00002,0.07408,0.03908,0.01220,0.05859,0.01191,0.03215,0.07691,0.02593,0.03192,0.09666,0.07061,0.07925,0.00904,0.02327,0.00000,0.11689,0.09475,0.06684
0.01842,0.00213,0.03478,0.09575,0.00028,0.10847,0.02857,0.02236,0.20971,0.00107,0.00288,0.00007,0.15371,0.02029,0.01929,0.01180,0.00002,0.10064,0.09935,0.07043
0.08817,0.00001,0.13399,0.05408,0.00001,0.13603,0.01231,0.00625,0.09281,0.00087,0.08551,0.07330,0.01723,0.01681,0.06024,0.00904,0.00002,0.07734,0.03946,0.09651
0.06811,0.01051,0.04217,0.03687,0.00602,0.08326,0.02226,0.00396,0.00643,0.13329,0.00075,0.16084,0.01772,0.10298,0.00413,0.00451,0.00000,0.19445,0.04335,0.05840
0.01191,0.02254,0.01185,0.01574,0.00594,0.19787,0.02066,0.01489,0.02878,0.11481,0.03453,0.01750,0.04702,0.02716,0.13377,0.02169,0.00000,0.09646,0.08953,0.08734
0.06192,0.01017,0.02391,0.01264,0.00008,0.09979,0.00667,0.04372,0.05778,0.02376,0.04322,0.00009,0.05052,0.08595,0.04210,0.05521,0.00852,0.08660,0.23386,0.05350
0.07392,0.01728,0.01968,0.20417,0.00483,0.04815,0.01916,0.07195,0.09114,0.00169,0.00939,0.00155,0.06472,0.04764,0.02453,0.01631,0.00000,0.08613,0.08127,0.11650
