0.07789,0.07646,0.42326,0.42239
0.17085,0.16901,0.33103,0.32911
0.11343,0.20916,0.33970,0.33771
0.15808,0.15995,0.34063,0.34134
0.15230,0.19660,0.32566,0.32544
0.06431,0.05072,0.44211,0.44286
0.16613,0.16802,0.33131,0.33454
0.10320,0.10844,0.39342,0.39494
0.12724,0.13198,0.37363,0.36714
0.05437,0.05379,0.44939,0.44245
0.23367,0.23881,0.26169,0.26584
0.24603,0.24383,0.25542,0.25472
0.05101,0.06646,0.43983,0.44271
0.14036,0.13878,0.35916,0.36170
0.19820,0.19982,0.30474,0.29723
0.18492,0.18623,0.31185,0.31700
0.17907,0.17571,0.32012,0.32510
0.24186,0.27605,0.23705,0.24505
0.10107,0.15585,0.37144,0.37164
0.16965,0.16571,0.33272,0.33192
0.08782,0.08392,0.41430,0.41396
0.22742,0.15454,0.30698,0.31106
0.13761,0.13919,0.35955,0.36366
0.15904,0.16201,0.34046,0.33848
0.07590,0.08947,0.41889,0.41574
0.19408,0.19596,0.30537,0.30459
0.20698,0.20280,0.29436,0.29587
0.28515,0.28422,0.21321,0.21742
0.03931,0.03773,0.46370,0.45926
0.23708,0.23903,0.26171,0.26217
0.16690,0.16341,0.33328,0.33641
0.18374,0.19021,0.31260,0.31345
0.19191,0.19435,0.31042,0.30332
0.09335,0.09182,0.40927,0.40557
0.17756,0.17837,0.32092,0.32314
0.24955,0.20756,0.27014,0.27276
0.12578,0.12811,0.37207,0.37404
0.06374,0.06412,0.43591,0.43623
0.20561,0.20618,0.29769,0.29053
0.17406,0.17567,0.32760,0.32267
0.25262,0.30109,0.22299,0.22330
0.10115,0.09877,0.39932,0.40076
0.13679,0.13694,0.36373,0.36254
0.06951,0.07211,0.43460,0.42378
0.19619,0.19330,0.30659,0.30393
0.17398,0.17290,0.32540,0.32772
0.15488,0.15383,0.34829,0.34300
0.20553,0.20509,0.29402,0.29536
0.13230,0.10943,0.38277,0.37549
0.23189,0.23970,0.26691,0.26150
0.19936,0.20625,0.29888,0.29551
0.07056,0.12822,0.39922,0.40200
0.22667,0.22312,0.27387,0.27634
0.20005,0.19929,0.30043,0.30023
0.11018,0.11384,0.39156,0.38442
0.18230,0.18024,0.31660,0.32087
0.12532,0.12225,0.37787,0.37456
0.27319,0.21324,0.25901,0.25456
0.09477,0.09586,0.40311,0.40626
0.22720,0.23226,0.27179,0.26875
0.10575,0.10484,0.39741,0.39200
0.14195,0.14304,0.36065,0.35436
0.07055,0.10979,0.41120,0.40847
0.23642,0.24356,0.26365,0.25637
0.16167,0.08234,0.37844,0.37755
0.20621,0.20495,0.29331,0.29553
0.12903,0.13389,0.37046,0.36662
0.10752,0.10500,0.39106,0.39643
0.20258,0.11892,0.34335,0.33515
0.21290,0.21311,0.28222,0.29177
0.19075,0.19210,0.31100,0.30615
0.12793,0.12949,0.37309,0.36950
0.08032,0.06769,0.42661,0.42538
0.22643,0.22642,0.27555,0.27160
0.21427,0.20848,0.28727,0.28998
0.09824,0.09946,0.40568,0.39662
0.18781,0.20684,0.30364,0.30172
0.17172,0.17715,0.32497,0.32616
0.21745,0.21656,0.28464,0.28136
0.16901,0.16655,0.32891,0.33553
0.11527,0.11435,0.38562,0.38476
0.05577,0.05481,0.45028,0.43914
0.19754,0.20048,0.30378,0.29820
0.12513,0.12548,0.37293,0.37646
0.26619,0.12240,0.30682,0.30459
0.07692,0.07718,0.42555,0.42035
0.08104,0.07841,0.42279,0.41776
0.21580,0.21128,0.28574,0.28718
0.24961,0.24474,0.25176,0.25390
0.25313,0.25754,0.24419,0.24514
0.13759,0.12946,0.36266,0.37030
0.08266,0.08100,0.42044,0.41590
0.20211,0.19945,0.30187,0.29657
0.13183,0.12616,0.37404,0.36797
0.15943,0.15616,0.34329,0.34112
0.19150,0.18862,0.31424,0.30565
0.16314,0.16361,0.33862,0.33463
0.05690,0.05791,0.44470,0.44049
0.13119,0.12910,0.37304,0.36666
0.12819,0.12535,0.37369,0.37278
0.16509,0.16342,0.33404,0.33745
0.21364,0.21131,0.28854,0.28651
0.11272,0.18717,0.35266,0.34745
0.09794,0.09956,0.40350,0.39900
0.22025,0.12838,0.32354,0.32783
0.25054,0.25426,0.24958,0.24561
0.07233,0.10610,0.41231,0.40926
0.21986,0.21588,0.28374,0.28051
0.08633,0.08710,0.41511,0.41146
0.15151,0.14254,0.35271,0.35323
0.24930,0.25182,0.24996,0.24892
0.20895,0.20909,0.29163,0.29034
0.22112,0.22594,0.27679,0.27615
0.10151,0.10075,0.40037,0.39736
0.13951,0.14312,0.35997,0.35740
0.16902,0.17116,0.32854,0.33127
0.10091,0.10154,0.39969,0.39786
0.14661,0.14227,0.35932,0.35180
0.17761,0.17186,0.32934,0.32119
0.11234,0.11021,0.38947,0.38798
0.16108,0.16343,0.34160,0.33389
0.03655,0.03603,0.46589,0.46152
0.13622,0.13810,0.36511,0.36057
0.05182,0.04984,0.44959,0.44875
0.16567,0.17035,0.33267,0.33131
0.28002,0.27610,0.22082,0.22306
0.19158,0.19354,0.30947,0.30541
0.23596,0.23524,0.26394,0.26486
0.10353,0.10154,0.39815,0.39677
0.18008,0.18257,0.31972,0.31762
0.17506,0.17213,0.32369,0.32911
0.22673,0.23410,0.27188,0.26729
0.16294,0.16568,0.33522,0.33616
0.22018,0.24005,0.27119,0.26858
0.09767,0.09483,0.40818,0.39932
0.07134,0.06679,0.43187,0.43000
0.09229,0.08796,0.41034,0.40940
0.15417,0.15463,0.34605,0.34514
0.20682,0.20930,0.29249,0.29139
0.21609,0.21379,0.28498,0.28514
0.08982,0.08766,0.41444,0.40808
0.22077,0.22315,0.27669,0.27939
0.11701,0.23896,0.32316,0.32088
0.08746,0.11546,0.39829,0.39879
0.16604,0.16462,0.33773,0.33161
0.14498,0.14638,0.34999,0.35865
0.10084,0.09463,0.40345,0.40107
0.06583,0.06591,0.43678,0.43149
0.09546,0.09696,0.40505,0.40253
0.26742,0.26136,0.23769,0.23353
0.21120,0.21203,0.28742,0.28935
0.12775,0.12482,0.37258,0.37485
0.12168,0.28663,0.29310,0.29859
0.13524,0.13178,0.36650,0.36648
0.16133,0.16108,0.33969,0.33790
0.20705,0.21140,0.29028,0.29127
0.05721,0.06002,0.44313,0.43965
0.17691,0.17019,0.32328,0.32962
0.15983,0.15692,0.33807,0.34519
0.12011,0.12209,0.37953,0.37828
0.20488,0.20405,0.29563,0.29544
0.15651,0.15958,0.33948,0.34444
0.13555,0.13192,0.36383,0.36870
0.08829,0.08185,0.41932,0.41055
0.25111,0.25259,0.24676,0.24954
0.08108,0.07797,0.42223,0.41872
0.23939,0.24820,0.25759,0.25482
0.14064,0.13917,0.36259,0.35760
0.27688,0.28057,0.22296,0.21958
0.04497,0.04304,0.45903,0.45296
0.07993,0.19738,0.36237,0.36032
0.10807,0.10884,0.39325,0.38984
0.11402,0.09087,0.39962,0.39549
0.20082,0.20584,0.29728,0.29606
0.18941,0.18930,0.31328,0.30802
0.24083,0.23963,0.25846,0.26108
0.09541,0.10029,0.40280,0.40149
0.16551,0.16759,0.33595,0.33095
0.24065,0.25076,0.25489,0.25370
0.12626,0.16376,0.35981,0.35017
0.19859,0.20123,0.30159,0.29858
0.14840,0.14832,0.35037,0.35292
0.09111,0.08803,0.41274,0.40812
0.16243,0.16030,0.34340,0.33387
0.21872,0.21626,0.28068,0.28433
0.24876,0.14478,0.30530,0.30117
0.14875,0.15460,0.34760,0.34905
0.17149,0.17184,0.33025,0.32642
0.17792,0.18194,0.31892,0.32122
0.09710,0.10450,0.40072,0.39769
0.27439,0.26615,0.22484,0.23462
0.09530,0.09077,0.40977,0.40417
0.18079,0.17899,0.31579,0.32442
0.12759,0.13827,0.36723,0.36691
0.25315,0.25354,0.24782,0.24548
0.06368,0.06360,0.43764,0.43508
0.19543,0.18572,0.30851,0.31034
0.10687,0.09972,0.40007,0.39334
0.09695,0.10099,0.40033,0.40172
0.10925,0.10728,0.39209,0.39138
0.25659,0.25821,0.24543,0.23977
0.21111,0.21554,0.28719,0.28616
0.20486,0.20452,0.29588,0.29474
0.18527,0.17977,0.31643,0.31853
0.03997,0.03882,0.46031,0.46090
0.18693,0.42105,0.19080,0.20121
0.12402,0.11821,0.38067,0.37710
0.10614,0.10813,0.39610,0.38963
0.05873,0.05946,0.44057,0.44123
0.14164,0.14296,0.35837,0.35703
0.23270,0.22698,0.26864,0.27168
0.21835,0.22214,0.27709,0.28241
0.27994,0.28138,0.21556,0.22312
0.21874,0.21683,0.28281,0.28163
0.30571,0.31227,0.18959,0.19242
0.11802,0.12108,0.38093,0.37997
0.15121,0.15937,0.34674,0.34269
0.19800,0.19715,0.30116,0.30370
0.16997,0.18354,0.32418,0.32231
0.10513,0.10291,0.40054,0.39142
0.25477,0.14711,0.29868,0.29944
0.13144,0.12404,0.37708,0.36744
0.09196,0.09627,0.40541,0.40636
0.20626,0.20914,0.29352,0.29108
0.12489,0.12329,0.37600,0.37581
0.16293,0.16055,0.33890,0.33762
0.16441,0.16538,0.33485,0.33536
0.14692,0.14706,0.35336,0.35266
0.12399,0.12682,0.37424,0.37495
0.10619,0.10623,0.39694,0.39064
0.15205,0.15439,0.35008,0.34348
0.17463,0.16589,0.32960,0.32988
0.18909,0.18867,0.31050,0.31174
0.10168,0.07675,0.41248,0.40908
0.26338,0.17394,0.28250,0.28017
0.17398,0.17277,0.32497,0.32828
0.10091,0.10252,0.39885,0.39772
0.09404,0.09710,0.40751,0.40134
0.12536,0.13038,0.37378,0.37047
0.16709,0.20727,0.31077,0.31487
0.17578,0.16073,0.33338,0.33011
0.08854,0.08872,0.41260,0.41014
0.14951,0.15519,0.34883,0.34646
0.20560,0.20811,0.29936,0.28693
0.12137,0.11810,0.38201,0.37852
0.18298,0.18775,0.31581,0.31345
0.21464,0.21101,0.28528,0.28907
0.13876,0.12845,0.36641,0.36638
0.20642,0.19161,0.29947,0.30251
0.11912,0.11592,0.38418,0.38078
0.27954,0.27973,0.21887,0.22186
0.09978,0.10384,0.39899,0.39739
0.11934,0.13480,0.37201,0.37385
0.30378,0.30980,0.19103,0.19539
0.07836,0.07288,0.42670,0.42205
0.17863,0.17097,0.32798,0.32241
0.15038,0.14847,0.35202,0.34913
0.17126,0.17023,0.32947,0.32904
0.18811,0.18984,0.30945,0.31260
0.23814,0.23529,0.26229,0.26429
0.16695,0.16454,0.33416,0.33435
0.17210,0.17873,0.32641,0.32277
0.24248,0.24415,0.25565,0.25772
0.19626,0.19438,0.30544,0.30392
0.18831,0.18562,0.31508,0.31099
0.23361,0.23081,0.26833,0.26726
0.22860,0.24598,0.26168,0.26374
0.04976,0.05086,0.45098,0.44840
0.11588,0.11643,0.38861,0.37908
0.21481,0.21966,0.28230,0.28323
0.19390,0.19274,0.30955,0.30382
0.15300,0.15486,0.34593,0.34620
0.09754,0.09583,0.40677,0.39986
0.13572,0.13899,0.36311,0.36219
0.18699,0.13786,0.33590,0.33924
0.15463,0.17751,0.33311,0.33476
0.05259,0.04893,0.44869,0.44979
0.37213,0.14693,0.23847,0.24247
0.29610,0.18370,0.25899,0.26120
0.11251,0.10615,0.39206,0.38928
0.12290,0.11277,0.38516,0.37917
0.11819,0.11735,0.38451,0.37995
0.13252,0.13000,0.37266,0.36481
0.22158,0.22887,0.27415,0.27540
0.06833,0.06741,0.43347,0.43079
0.12177,0.12103,0.38005,0.37715
0.22048,0.22720,0.27364,0.27867
0.07834,0.08437,0.42327,0.41403
0.09842,0.09786,0.40643,0.39729
0.14032,0.14065,0.36079,0.35824
0.09789,0.09502,0.40944,0.39766
0.14596,0.14626,0.35531,0.35247
0.21165,0.22117,0.28275,0.28443
0.18526,0.18591,0.31330,0.31553
0.09311,0.09729,0.40698,0.40262
0.13996,0.14317,0.36167,0.35519
0.20399,0.20647,0.29382,0.29572
0.16526,0.11840,0.35860,0.35774
0.09843,0.09514,0.40608,0.40034
0.06896,0.06506,0.43306,0.43292
