0.91191,0.01910,0.02006,0.04893
0.99109,0.00072,0.00309,0.00509
0.86452,0.00292,0.09570,0.03686
0.99556,0.00117,0.00151,0.00176
0.00195,0.00079,0.10409,0.89317
0.98483,0.00766,0.00277,0.00474
0.00160,0.00100,0.27402,0.72338
0.75935,0.00803,0.21771,0.01490
0.00742,0.95926,0.01590,0.01743
0.00508,0.00262,0.30760,0.68470
0.00064,0.00076,0.01685,0.98175
0.02808,0.60447,0.34659,0.02086
0.00055,0.00186,0.00804,0.98955
0.00154,0.00227,0.33283,0.66336
0.00494,0.00277,0.01649,0.97580
0.99187,0.00115,0.00316,0.00383
0.04345,0.61106,0.32007,0.02541
0.00042,0.00134,0.00933,0.98891
0.00090,0.00167,0.01753,0.97989
0.96219,0.01378,0.00903,0.01499
0.01473,0.97004,0.00604,0.00919
0.26526,0.00245,0.41110,0.32118
0.00076,0.00053,0.01574,0.98298
0.01392,0.96576,0.00868,0.01164
0.00980,0.97880,0.00369,0.00770
0.86076,0.00526,0.04048,0.09350
0.96733,0.00618,0.01136,0.01513
0.01186,0.98248,0.00266,0.00300
0.02624,0.96632,0.00351,0.00394
0.00859,0.96654,0.01411,0.01076
0.02643,0.49970,0.16985,0.30402
0.00149,0.37344,0.56371,0.06136
0.88834,0.09579,0.00551,0.01036
0.00330,0.00196,0.63636,0.35837
0.79517,0.08148,0.02131,0.10205
0.01131,0.98370,0.00260,0.00239
0.96383,0.02052,0.00841,0.00725
0.95776,0.01856,0.00750,0.01619
0.00343,0.00149,0.05318,0.94190
0.97629,0.00522,0.00871,0.00978
0.94915,0.03938,0.00408,0.00740
0.00251,0.00145,0.96700,0.02904
0.00112,0.00197,0.04361,0.95329
0.00057,0.00201,0.01458,0.98285
0.00159,0.00055,0.01451,0.98335
0.00106,0.00106,0.97018,0.02770
0.00278,0.01679,0.91440,0.06603
0.00186,0.00185,0.77444,0.22185
0.70133,0.27657,0.01029,0.01181
0.83195,0.05602,0.04856,0.06347
0.00819,0.00133,0.03543,0.95505
0.00051,0.00062,0.01771,0.98115
0.12924,0.00155,0.83454,0.03466
0.00126,0.00117,0.21731,0.78026
0.79595,0.18637,0.00981,0.00787
0.47645,0.02616,0.32800,0.16938
0.00458,0.97526,0.00926,0.01089
0.98191,0.00344,0.00685,0.00779
0.99173,0.00264,0.00255,0.00308
0.00084,0.00165,0.02418,0.97332
0.63227,0.02421,0.32865,0.01486
0.95186,0.00413,0.02616,0.01786
0.00495,0.98428,0.00435,0.00642
0.00884,0.98279,0.00344,0.00492
0.00325,0.00186,0.20242,0.79247
0.95453,0.01671,0.01143,0.01732
0.01345,0.96887,0.00884,0.00884
0.00088,0.00124,0.01718,0.98070
0.00232,0.00102,0.95859,0.03807
0.98784,0.00132,0.00503,0.00581
0.48708,0.00235,0.48133,0.02924
0.00231,0.00158,0.08384,0.91228
0.98990,0.00266,0.00428,0.00316
0.00986,0.98459,0.00239,0.00315
0.04415,0.00102,0.04479,0.91004
0.00567,0.66125,0.05543,0.27765
0.00353,0.09891,0.68350,0.21406
0.00057,0.00181,0.01675,0.98087
0.01669,0.73043,0.13494,0.11794
0.01636,0.92271,0.03014,0.03079
0.01436,0.91194,0.02534,0.04836
0.17235,0.02236,0.71946,0.08583
0.00497,0.00096,0.03836,0.95571
0.95819,0.00621,0.01522,0.02037
0.98219,0.00207,0.00622,0.00952
0.98340,0.00726,0.00309,0.00625
0.00820,0.98728,0.00232,0.00220
0.00352,0.98630,0.00507,0.00511
0.00128,0.00128,0.79149,0.20595
0.01962,0.51812,0.41989,0.04238
0.00090,0.00087,0.97449,0.02373
0.96196,0.01916,0.00764,0.01124
0.94691,0.01881,0.01502,0.01926
0.00064,0.00075,0.66950,0.32911
0.00052,0.00148,0.00718,0.99082
0.98919,0.00303,0.00392,0.00385
0.00135,0.00099,0.01723,0.98043
0.00056,0.00129,0.01695,0.98120
0.97754,0.00643,0.00661,0.00941
0.00188,0.00193,0.05427,0.94191
