0.08412,0.09484,0.05669,0.03012,0.05769,0.03739,0.18421,0.18118,0.13391,0.13985
0.16014,0.14244,0.03250,0.11060,0.06654,0.12807,0.08193,0.07825,0.09711,0.10243
0.07649,0.07749,0.02608,0.02534,0.02144,0.01583,0.21226,0.20708,0.16648,0.17148
0.15844,0.18584,0.11507,0.06608,0.07186,0.07722,0.06717,0.06580,0.09490,0.09761
0.24147,0.24731,0.04218,0.03870,0.03316,0.02531,0.04342,0.04278,0.14674,0.13892
0.09374,0.10309,0.03899,0.03893,0.04084,0.02922,0.13148,0.12661,0.19544,0.20166
0.12421,0.12645,0.07935,0.07338,0.07371,0.10783,0.07597,0.07822,0.13180,0.12908
0.13453,0.11171,0.08152,0.11026,0.07287,0.04366,0.02793,0.02774,0.19237,0.19742
0.34623,0.34602,0.01599,0.02104,0.01498,0.01696,0.04353,0.04546,0.07540,0.07439
0.03903,0.04361,0.02026,0.02073,0.02643,0.01521,0.02916,0.03280,0.38585,0.38690
0.31134,0.30414,0.02717,0.02441,0.03308,0.11392,0.05610,0.05548,0.03635,0.03801
0.16480,0.17107,0.04465,0.05651,0.02824,0.09012,0.07823,0.07949,0.14352,0.14336
0.23840,0.22957,0.06044,0.05454,0.05622,0.11188,0.02802,0.02815,0.09455,0.09823
0.11885,0.11482,0.04733,0.04574,0.02430,0.05141,0.11859,0.11794,0.18155,0.17947
0.05300,0.08986,0.24068,0.17718,0.06827,0.04251,0.11762,0.11441,0.04964,0.04683
0.05433,0.05587,0.02514,0.02205,0.02448,0.02125,0.04069,0.03735,0.36004,0.35879
0.23719,0.23578,0.03035,0.04425,0.02291,0.07613,0.07502,0.06490,0.10345,0.11003
0.12689,0.12767,0.07844,0.05834,0.05541,0.34155,0.05694,0.05237,0.05207,0.05033
0.20456,0.20390,0.00764,0.01764,0.01288,0.02068,0.04750,0.05059,0.21892,0.21567
0.18457,0.19473,0.03136,0.02837,0.04790,0.01338,0.05048,0.04788,0.20202,0.19930
0.08362,0.08545,0.03489,0.03203,0.02490,0.02859,0.04895,0.04064,0.30859,0.31234
0.34307,0.34069,0.01668,0.01597,0.02374,0.12710,0.02676,0.02614,0.04053,0.03931
0.18112,0.18994,0.17546,0.16774,0.01042,0.00951,0.09182,0.09273,0.04208,0.03918
0.36057,0.36104,0.03360,0.02783,0.02602,0.02829,0.03203,0.03272,0.04736,0.05055
0.31858,0.32191,0.01606,0.01628,0.03870,0.01137,0.06249,0.05868,0.07828,0.07764
0.10740,0.11903,0.06031,0.06063,0.05740,0.01454,0.12437,0.12570,0.15712,0.17351
0.14459,0.14646,0.01307,0.03661,0.05190,0.02638,0.04034,0.03502,0.25920,0.24643
0.09767,0.10441,0.01506,0.02695,0.05146,0.01951,0.26206,0.24940,0.08713,0.08636
0.27311,0.27650,0.03052,0.03436,0.03131,0.02625,0.07294,0.05564,0.09978,0.09960
0.05956,0.12968,0.18490,0.05270,0.10438,0.01962,0.06685,0.07391,0.15198,0.15641
0.08537,0.05667,0.02421,0.08871,0.06819,0.28274,0.07559,0.06147,0.12873,0.12830
0.35784,0.36126,0.02588,0.02897,0.02679,0.05697,0.02586,0.02334,0.04848,0.04460
0.09785,0.10129,0.05377,0.05142,0.05246,0.26561,0.06888,0.05465,0.12665,0.12742
0.12278,0.14477,0.10786,0.04420,0.22391,0.01668,0.08570,0.08236,0.08898,0.08276
0.13161,0.18929,0.13535,0.02631,0.09793,0.08551,0.04580,0.04384,0.12234,0.12202
0.09625,0.07846,0.01943,0.04149,0.02757,0.04297,0.02477,0.02457,0.32294,0.32155
0.05210,0.07646,0.07277,0.02540,0.10164,0.09922,0.03160,0.03466,0.25023,0.25592
0.06661,0.05660,0.02177,0.08846,0.07716,0.03441,0.08430,0.06723,0.26395,0.23951
0.23741,0.23472,0.01267,0.02187,0.02183,0.01824,0.05432,0.05355,0.17574,0.16965
0.13478,0.13897,0.04348,0.04507,0.02201,0.02571,0.22307,0.21947,0.07195,0.07548
0.14878,0.15041,0.06772,0.06072,0.01937,0.02099,0.06924,0.07293,0.19716,0.19268
0.28013,0.28273,0.01155,0.01538,0.02829,0.22296,0.03990,0.03655,0.03944,0.04308
0.19807,0.20198,0.02193,0.02283,0.01400,0.01190,0.04485,0.04450,0.22409,0.21585
0.12765,0.13851,0.06652,0.08687,0.07545,0.13961,0.13804,0.10887,0.05793,0.06056
0.11484,0.12757,0.06531,0.07538,0.07131,0.02986,0.19384,0.17665,0.06887,0.07637
0.14451,0.14654,0.04118,0.03620,0.04739,0.24336,0.09001,0.08102,0.08416,0.08562
0.20517,0.21325,0.07022,0.08366,0.06209,0.12119,0.07578,0.07539,0.04487,0.04837
0.05464,0.10151,0.15150,0.06050,0.08247,0.02223,0.03416,0.04139,0.23183,0.21978
0.07595,0.05961,0.03383,0.06481,0.04007,0.04788,0.19209,0.18163,0.14657,0.15755
0.07620,0.07949,0.02194,0.03097,0.02037,0.02281,0.22005,0.21016,0.15724,0.16076
0.22174,0.22482,0.06390,0.06296,0.05589,0.06078,0.05775,0.05285,0.10122,0.09809
0.16196,0.18044,0.13244,0.13364,0.11133,0.11385,0.04127,0.03666,0.04587,0.04256
0.07672,0.07048,0.01307,0.01629,0.01411,0.64640,0.02128,0.01942,0.06340,0.05882
0.17712,0.16852,0.01977,0.03979,0.07925,0.06371,0.15816,0.13889,0.07709,0.07770
0.09754,0.11165,0.14632,0.10031,0.11289,0.07396,0.07463,0.07064,0.10496,0.10710
0.17022,0.18157,0.08985,0.09408,0.07155,0.10391,0.04307,0.04023,0.10121,0.10430
0.06167,0.07208,0.02720,0.03195,0.02231,0.05642,0.16404,0.15669,0.20310,0.20454
0.09023,0.08475,0.03043,0.04803,0.04785,0.03481,0.22090,0.21928,0.10806,0.11565
0.22390,0.21646,0.05520,0.06551,0.03229,0.02199,0.07220,0.06855,0.12197,0.12193
0.32607,0.33331,0.02711,0.03200,0.02510,0.05221,0.02669,0.02672,0.07568,0.07511
0.07904,0.06504,0.02543,0.05391,0.03293,0.29146,0.05143,0.04154,0.18080,0.17842
0.08958,0.08269,0.02905,0.02780,0.02369,0.03788,0.02938,0.02626,0.32691,0.32676
0.17021,0.17132,0.04963,0.04542,0.04044,0.08141,0.11288,0.11091,0.10372,0.11407
0.14378,0.14724,0.02499,0.03302,0.02448,0.08338,0.06641,0.06221,0.20550,0.20900
0.16714,0.18484,0.04523,0.03879,0.04021,0.12407,0.14590,0.14960,0.05222,0.05199
0.26940,0.27323,0.01296,0.01226,0.01635,0.00646,0.11796,0.12071,0.08689,0.08377
0.10091,0.11734,0.19595,0.18131,0.05907,0.01857,0.08550,0.08600,0.08019,0.07515
0.11911,0.12447,0.01614,0.02022,0.01884,0.02343,0.04629,0.04154,0.28866,0.30131
0.14183,0.12688,0.02841,0.06857,0.02943,0.02602,0.04759,0.04493,0.23983,0.24651
0.08106,0.05853,0.02255,0.05988,0.03048,0.01571,0.09638,0.09137,0.26658,0.27746
0.16071,0.16822,0.04087,0.03808,0.03565,0.01931,0.12405,0.11742,0.13700,0.15870
0.23454,0.18051,0.03963,0.08521,0.05949,0.01355,0.04564,0.04229,0.13490,0.16424
0.20615,0.19638,0.06078,0.08459,0.06725,0.03109,0.12884,0.13087,0.04847,0.04559
0.25594,0.26931,0.06015,0.02791,0.05643,0.11806,0.07413,0.06802,0.03480,0.03525
0.12042,0.10566,0.02257,0.06710,0.03606,0.03956,0.08002,0.07196,0.22869,0.22796
0.14099,0.14495,0.03144,0.05855,0.07926,0.02348,0.06379,0.05937,0.20143,0.19674
0.24236,0.23472,0.08150,0.08802,0.07721,0.06168,0.03704,0.03830,0.06893,0.07024
0.06604,0.07160,0.08636,0.09101,0.05941,0.09622,0.15224,0.15473,0.10919,0.11318
0.23473,0.23555,0.01248,0.01618,0.02245,0.00777,0.04367,0.04063,0.19193,0.19460
0.15765,0.15885,0.09139,0.09975,0.02468,0.09494,0.07420,0.06736,0.11700,0.11418
0.09922,0.10971,0.05072,0.03670,0.04823,0.01826,0.05185,0.05051,0.26898,0.26581
0.09533,0.08258,0.06086,0.06343,0.07628,0.20449,0.15957,0.15155,0.05223,0.05368
0.11001,0.11288,0.05319,0.06781,0.05619,0.10308,0.21899,0.21265,0.03277,0.03243
0.10724,0.12790,0.10206,0.03520,0.15554,0.12098,0.06861,0.06366,0.10788,0.11092
0.02880,0.02077,0.27430,0.31291,0.04613,0.06384,0.04505,0.04131,0.08502,0.08188
0.09083,0.10890,0.08936,0.07768,0.02729,0.01976,0.06228,0.05353,0.23680,0.23358
0.08116,0.10392,0.16285,0.11657,0.05073,0.06088,0.02149,0.02037,0.18893,0.19310
0.27553,0.28264,0.04950,0.04739,0.04069,0.07604,0.02634,0.02382,0.09025,0.08781
0.08379,0.08063,0.03788,0.04547,0.02725,0.01822,0.10733,0.09950,0.24509,0.25485
0.28952,0.28562,0.03805,0.03910,0.03272,0.04675,0.07849,0.07831,0.05220,0.05925
0.24904,0.22761,0.03871,0.08272,0.03906,0.05806,0.05591,0.05547,0.09687,0.09656
0.22519,0.22956,0.01397,0.01957,0.02072,0.01626,0.07375,0.07348,0.16260,0.16491
0.15171,0.16438,0.03251,0.03403,0.03461,0.01842,0.05206,0.04577,0.23657,0.22994
0.03632,0.03729,0.00777,0.01120,0.02034,0.02145,0.02519,0.02223,0.40834,0.40987
0.38663,0.39022,0.01370,0.01664,0.01437,0.01323,0.04234,0.04545,0.03993,0.03748
0.14045,0.13905,0.04119,0.04243,0.01324,0.03760,0.06634,0.05544,0.22643,0.23783
0.07552,0.08061,0.02635,0.02558,0.02320,0.01240,0.22775,0.22505,0.15053,0.15299
0.16226,0.16702,0.02345,0.03270,0.07705,0.01703,0.05019,0.04838,0.21656,0.20536
0.07845,0.07256,0.02638,0.02581,0.02648,0.02942,0.03351,0.03180,0.33727,0.33833
0.18393,0.24351,0.18580,0.06292,0.09741,0.01288,0.02625,0.02793,0.07807,0.08128
0.16580,0.15448,0.02321,0.07741,0.03984,0.09644,0.12556,0.12384,0.09443,0.09899
0.05462,0.06207,0.04483,0.04903,0.02628,0.08028,0.32159,0.31521,0.02257,0.02353
0.06821,0.06969,0.04908,0.03980,0.03936,0.11736,0.03810,0.03513,0.27052,0.27276
0.18345,0.18482,0.09423,0.09862,0.02874,0.03047,0.05634,0.05816,0.13479,0.13039
0.10748,0.11211,0.04717,0.03339,0.07001,0.04758,0.26207,0.26346,0.02762,0.02912
0.23512,0.22549,0.01178,0.03458,0.01885,0.02339,0.09430,0.07686,0.13380,0.14581
0.16042,0.16300,0.05269,0.06422,0.02492,0.04839,0.07309,0.06736,0.17193,0.17398
0.04639,0.05645,0.10200,0.09429,0.02883,0.04671,0.03409,0.03300,0.27830,0.27993
0.09594,0.09831,0.00941,0.01223,0.02650,0.01094,0.02604,0.02773,0.34846,0.34443
0.11042,0.10545,0.01388,0.02291,0.02380,0.01218,0.08296,0.08269,0.27792,0.26778
0.08877,0.09453,0.02474,0.05076,0.18150,0.01992,0.17862,0.19422,0.07998,0.08697
0.22718,0.21618,0.03700,0.06690,0.05176,0.01135,0.07114,0.06824,0.12543,0.12482
0.04299,0.03736,0.03171,0.04505,0.01982,0.03920,0.16672,0.15755,0.22972,0.22989
0.19251,0.20090,0.03444,0.02355,0.03493,0.04286,0.05913,0.05797,0.17972,0.17398
0.04770,0.04677,0.05117,0.05557,0.03207,0.01379,0.24072,0.23701,0.13573,0.13948
0.20571,0.20745,0.04687,0.03538,0.05517,0.04118,0.04070,0.04202,0.16350,0.16202
0.12156,0.12046,0.01488,0.02604,0.03877,0.11858,0.24057,0.22505,0.04664,0.04745
0.13274,0.13438,0.03839,0.03924,0.03114,0.02062,0.06001,0.06014,0.24219,0.24114
0.16843,0.18257,0.03712,0.03608,0.02848,0.03248,0.14653,0.14941,0.10548,0.11342
0.23510,0.23562,0.01003,0.01746,0.01623,0.02462,0.03489,0.03613,0.19592,0.19399
0.10645,0.10413,0.04338,0.04100,0.03987,0.19831,0.16330,0.15659,0.07439,0.07259
0.09796,0.12069,0.07845,0.04683,0.05292,0.28908,0.04155,0.03692,0.11877,0.11684
0.09699,0.09815,0.01799,0.03598,0.09331,0.01522,0.10669,0.09104,0.22832,0.21632
0.21770,0.21763,0.02098,0.02290,0.02403,0.01626,0.08490,0.08234,0.15523,0.15804
0.22473,0.23925,0.03849,0.03934,0.02945,0.02532,0.05392,0.05303,0.14652,0.14995
0.21534,0.20764,0.07463,0.05997,0.05823,0.04403,0.04385,0.04308,0.12408,0.12916
0.15159,0.15310,0.05524,0.06054,0.03802,0.16628,0.04268,0.03275,0.15207,0.14773
0.17090,0.17138,0.03833,0.05252,0.01904,0.03404,0.12795,0.12565,0.13279,0.12740
0.12436,0.12878,0.02876,0.04066,0.07663,0.02014,0.17295,0.17046,0.11634,0.12091
0.12788,0.12741,0.03899,0.03867,0.03251,0.03047,0.15728,0.15903,0.14354,0.14425
0.21214,0.21586,0.01542,0.02440,0.02017,0.02210,0.03890,0.03726,0.20994,0.20379
0.15174,0.17110,0.06721,0.03009,0.06844,0.03159,0.13220,0.13600,0.10453,0.10710
0.11509,0.11775,0.01855,0.03254,0.05657,0.28049,0.02688,0.01776,0.16674,0.16763
0.04962,0.04966,0.00718,0.01218,0.01596,0.03394,0.03584,0.03363,0.38136,0.38063
0.12765,0.13776,0.05338,0.03321,0.04170,0.03006,0.09197,0.09263,0.19589,0.19578
0.09420,0.14417,0.11191,0.04327,0.07984,0.11879,0.05470,0.05406,0.15451,0.14455
0.06550,0.05779,0.05339,0.06662,0.06695,0.02542,0.17372,0.17114,0.15716,0.16230
0.07259,0.07182,0.01525,0.02529,0.02209,0.01916,0.09019,0.08748,0.29356,0.30255
0.26729,0.26359,0.00584,0.02405,0.02142,0.01659,0.11314,0.09947,0.09591,0.09271
0.05838,0.04561,0.01983,0.05242,0.02525,0.01578,0.02713,0.02596,0.36632,0.36333
0.16931,0.23542,0.16801,0.03237,0.11634,0.08665,0.03473,0.03192,0.06584,0.05941
0.08477,0.09772,0.03611,0.05451,0.05052,0.12880,0.18575,0.18967,0.08531,0.08685
0.21903,0.21965,0.03909,0.05953,0.03667,0.02896,0.09453,0.10104,0.09969,0.10181
0.06642,0.06902,0.02446,0.04534,0.04531,0.06451,0.16163,0.14137,0.18761,0.19434
0.13780,0.13873,0.04573,0.06603,0.04827,0.26455,0.05337,0.04714,0.09698,0.10140
0.22511,0.21693,0.04399,0.05523,0.02493,0.08179,0.08639,0.07820,0.09148,0.09595
0.16352,0.17419,0.02901,0.03153,0.03937,0.02493,0.07092,0.06967,0.19833,0.19852
0.27760,0.28091,0.02501,0.02233,0.02150,0.01227,0.03791,0.03360,0.14312,0.14575
0.07006,0.07951,0.06586,0.07930,0.02853,0.05666,0.14672,0.14307,0.16253,0.16775
0.21623,0.21982,0.04868,0.04506,0.04073,0.03031,0.05090,0.04761,0.15008,0.15057
0.13326,0.14261,0.04675,0.03902,0.03453,0.16404,0.05282,0.05028,0.16872,0.16796
0.30247,0.31435,0.02341,0.02004,0.01634,0.01514,0.04191,0.04421,0.11329,0.10885
0.15136,0.15922,0.03398,0.03749,0.02616,0.03629,0.14880,0.14854,0.12370,0.13446
0.18672,0.17101,0.02784,0.09100,0.05728,0.08007,0.08417,0.08333,0.10309,0.11548
0.06007,0.06908,0.06841,0.07792,0.13150,0.07561,0.09802,0.10118,0.15800,0.16020
0.16571,0.16622,0.04537,0.03937,0.03425,0.02460,0.09540,0.09363,0.16761,0.16784
0.24496,0.25006,0.01823,0.02460,0.02743,0.02378,0.03961,0.03291,0.16785,0.17057
0.11788,0.13274,0.04544,0.02510,0.03205,0.03270,0.02581,0.02330,0.27687,0.28811
0.36248,0.35916,0.00602,0.01014,0.01082,0.00950,0.02672,0.02677,0.09374,0.09464
0.04446,0.05466,0.23682,0.23120,0.02608,0.22217,0.05031,0.04691,0.04470,0.04269
0.05298,0.04786,0.02663,0.03151,0.02977,0.53413,0.12393,0.10242,0.02447,0.02630
0.08382,0.08407,0.04141,0.05024,0.02125,0.08756,0.24216,0.23665,0.07340,0.07944
0.09568,0.10518,0.05564,0.04872,0.04077,0.03053,0.20058,0.18329,0.12093,0.11868
0.14247,0.15105,0.04209,0.02805,0.03866,0.03700,0.06041,0.06218,0.21432,0.22376
0.14161,0.15119,0.05003,0.04813,0.04584,0.04216,0.12403,0.12221,0.13310,0.14170
0.16822,0.16597,0.04870,0.05540,0.04531,0.07117,0.02655,0.02603,0.20457,0.18809
0.20597,0.20484,0.00923,0.01520,0.01258,0.00862,0.05275,0.05223,0.21374,0.22485
0.11370,0.11721,0.07346,0.07021,0.05436,0.02707,0.03361,0.03502,0.24084,0.23453
0.22724,0.24365,0.06170,0.05219,0.04504,0.09156,0.06583,0.05775,0.07906,0.07598
0.09394,0.09957,0.03878,0.03812,0.02280,0.01244,0.28685,0.28815,0.06026,0.05909
0.10867,0.10461,0.02705,0.06337,0.05602,0.12255,0.18997,0.19146,0.07008,0.06623
0.06513,0.07250,0.03777,0.04022,0.03666,0.02365,0.23021,0.23753,0.13058,0.12576
0.26823,0.26140,0.05628,0.08643,0.03388,0.03425,0.02755,0.02415,0.10131,0.10650
0.07388,0.09483,0.05666,0.02603,0.04583,0.03373,0.03446,0.03384,0.30250,0.29824
0.26905,0.26603,0.02567,0.03419,0.02305,0.09892,0.03588,0.03528,0.10598,0.10595
0.30232,0.31717,0.04797,0.02704,0.04008,0.04241,0.07581,0.06069,0.04409,0.04242
0.11650,0.10957,0.03787,0.03497,0.03400,0.02623,0.03754,0.03890,0.28727,0.27713
0.10580,0.11434,0.05691,0.04200,0.04405,0.01836,0.04768,0.04592,0.25892,0.26601
0.07924,0.08148,0.03059,0.03827,0.02853,0.02050,0.30080,0.29544,0.06142,0.06372
0.06348,0.06514,0.02317,0.02327,0.01994,0.54995,0.10682,0.08402,0.03260,0.03160
0.04264,0.04075,0.07514,0.09416,0.09093,0.08466,0.04692,0.04498,0.23715,0.24267
0.13563,0.14197,0.05072,0.04343,0.03936,0.03352,0.12058,0.11382,0.16356,0.15741
0.03487,0.03962,0.02154,0.02039,0.01947,0.00774,0.05799,0.05571,0.36964,0.37303
0.21935,0.23186,0.12964,0.11735,0.02567,0.02293,0.07175,0.07308,0.05557,0.05279
0.04712,0.04760,0.01031,0.01838,0.03367,0.00658,0.31593,0.31620,0.10107,0.10314
0.08594,0.09326,0.03240,0.03596,0.02766,0.04946,0.30054,0.28209,0.04592,0.04676
0.17845,0.22743,0.08249,0.01530,0.05439,0.09316,0.13132,0.14055,0.03664,0.04027
0.25929,0.27714,0.06515,0.06545,0.04750,0.01828,0.05231,0.05671,0.08082,0.07735
0.19365,0.19525,0.08548,0.08658,0.02149,0.01630,0.12375,0.12043,0.07785,0.07922
0.08211,0.11900,0.10289,0.06166,0.05625,0.12726,0.05577,0.04760,0.17321,0.17426
0.36055,0.36372,0.02837,0.01823,0.02306,0.02050,0.07482,0.07375,0.01802,0.01898
0.25896,0.25922,0.05185,0.05343,0.03814,0.03258,0.08156,0.07334,0.07050,0.08042
0.16648,0.16884,0.05038,0.04573,0.03589,0.07022,0.17305,0.16292,0.06087,0.06561
0.17200,0.18840,0.07760,0.08456,0.04749,0.07370,0.06665,0.07705,0.10719,0.10536
0.31459,0.31278,0.02302,0.02294,0.01862,0.03474,0.04738,0.04308,0.09471,0.08815
0.09690,0.09407,0.05704,0.05826,0.03073,0.29561,0.06504,0.05498,0.12593,0.12145
0.08820,0.10171,0.04528,0.04145,0.03570,0.02685,0.09184,0.09197,0.24062,0.23638
0.25421,0.22552,0.04277,0.05062,0.04011,0.01952,0.03651,0.03323,0.14645,0.15106
0.08625,0.09933,0.08193,0.06489,0.14386,0.10326,0.13438,0.12464,0.07506,0.08640
0.05345,0.05112,0.02236,0.02231,0.02405,0.01063,0.20719,0.19854,0.20254,0.20780
0.16618,0.16892,0.03644,0.03198,0.03730,0.02580,0.20576,0.20358,0.06141,0.06262
0.10706,0.07705,0.04310,0.07020,0.04811,0.01273,0.05716,0.04974,0.25485,0.28000
0.08790,0.09836,0.07745,0.06520,0.04232,0.05304,0.17454,0.16794,0.11903,0.11422
0.05643,0.07145,0.03903,0.03013,0.04042,0.20256,0.02427,0.02480,0.25307,0.25784
0.23087,0.24467,0.04655,0.05318,0.04380,0.05653,0.09022,0.07827,0.07999,0.07592
0.16174,0.16277,0.03897,0.03400,0.03368,0.02763,0.20589,0.20207,0.06351,0.06974
0.07664,0.08258,0.01795,0.02114,0.01674,0.01746,0.02916,0.02543,0.35041,0.36249
0.23408,0.24006,0.01043,0.01568,0.01081,0.01406,0.02595,0.02384,0.21524,0.20986
0.24484,0.26823,0.07004,0.01982,0.05895,0.01214,0.08993,0.09088,0.07296,0.07219
0.26778,0.25459,0.03876,0.03953,0.03412,0.05571,0.03408,0.03369,0.11853,0.12320
0.22067,0.22727,0.05229,0.05016,0.03761,0.02390,0.05382,0.05853,0.13639,0.13936
0.17095,0.19013,0.09375,0.09078,0.07469,0.04705,0.08636,0.08579,0.08092,0.07956
0.28210,0.28425,0.03956,0.04440,0.02227,0.01584,0.03847,0.03498,0.12146,0.11667
0.05960,0.05959,0.01898,0.01667,0.01326,0.01688,0.19355,0.19029,0.21230,0.21888
0.06503,0.06796,0.02144,0.02868,0.02467,0.03171,0.18112,0.16149,0.20497,0.21294
0.34814,0.35139,0.00920,0.01237,0.01401,0.01366,0.02669,0.02482,0.10285,0.09687
0.14106,0.13938,0.01844,0.04707,0.03234,0.02737,0.19207,0.18431,0.10480,0.11316
0.20008,0.20307,0.04368,0.04934,0.03922,0.01660,0.04458,0.04433,0.17423,0.18487
0.08463,0.08104,0.16255,0.18069,0.04534,0.06205,0.09174,0.08382,0.10349,0.10465
0.30736,0.30828,0.03692,0.04746,0.01469,0.02816,0.02326,0.02213,0.10558,0.10616
0.06868,0.08963,0.11277,0.07472,0.06111,0.03485,0.09271,0.08735,0.18599,0.19218
0.12049,0.11626,0.11554,0.10751,0.02128,0.01865,0.03934,0.03686,0.20897,0.21512
0.20194,0.20984,0.06051,0.04334,0.03170,0.01361,0.05342,0.05426,0.16565,0.16571
0.13367,0.11465,0.01693,0.06100,0.03603,0.03524,0.06224,0.05692,0.23658,0.24674
0.07157,0.08144,0.05032,0.05871,0.04109,0.02376,0.04592,0.04382,0.29867,0.28469
0.10314,0.10358,0.05194,0.04195,0.03724,0.35125,0.01851,0.01708,0.13376,0.14155
0.30163,0.31797,0.05307,0.03091,0.03451,0.01453,0.04419,0.04176,0.08026,0.08115
0.18090,0.18676,0.02293,0.05665,0.03472,0.06107,0.16339,0.15955,0.06646,0.06755
0.07202,0.07177,0.02063,0.02598,0.01635,0.01695,0.02775,0.02684,0.36163,0.36009
0.05062,0.05569,0.05796,0.05201,0.04443,0.38905,0.06266,0.05146,0.12076,0.11536
0.13632,0.14788,0.08784,0.08825,0.03118,0.12212,0.12275,0.11366,0.07652,0.07348
0.09086,0.15239,0.19378,0.07219,0.09590,0.07187,0.09205,0.08217,0.07689,0.07189
0.06393,0.07415,0.03301,0.03439,0.03617,0.03469,0.06492,0.06827,0.29809,0.29239
0.17944,0.18479,0.06580,0.06444,0.05210,0.03623,0.04751,0.04255,0.16264,0.16450
0.04125,0.04962,0.01648,0.01946,0.01970,0.02830,0.11450,0.11160,0.30193,0.29716
0.12012,0.12135,0.18839,0.18513,0.02499,0.01825,0.06657,0.06929,0.10327,0.10264
0.31856,0.32857,0.03166,0.03189,0.03074,0.02934,0.04861,0.05190,0.06500,0.06373
0.08647,0.11594,0.07876,0.04717,0.06111,0.14620,0.04414,0.04566,0.18779,0.18674
0.11964,0.15865,0.11539,0.05141,0.05643,0.05605,0.03171,0.03560,0.19106,0.18406
0.10293,0.10763,0.06240,0.04823,0.05120,0.02260,0.16139,0.15949,0.14448,0.13964
0.04099,0.04188,0.01544,0.01596,0.01512,0.01328,0.36144,0.35943,0.06556,0.07090
0.13939,0.13903,0.05055,0.05307,0.04081,0.03629,0.10254,0.10142,0.16834,0.16855
0.13601,0.14363,0.02741,0.02309,0.01871,0.01195,0.08193,0.07722,0.23964,0.24042
0.18527,0.18023,0.05045,0.05289,0.04223,0.26087,0.07476,0.06111,0.04637,0.04582
0.09021,0.09321,0.02870,0.04397,0.03533,0.02499,0.13781,0.12337,0.20712,0.21530
0.09802,0.09649,0.04398,0.03700,0.03147,0.55627,0.03897,0.03014,0.03332,0.03435
0.21325,0.21357,0.01529,0.02053,0.01662,0.02634,0.08698,0.06973,0.17009,0.16759
0.07800,0.07398,0.07164,0.10122,0.02962,0.16459,0.05326,0.04307,0.19301,0.19161
0.12039,0.11956,0.03317,0.04109,0.12307,0.02325,0.14248,0.15157,0.12357,0.12183
0.11139,0.11073,0.04027,0.05679,0.04399,0.02698,0.06077,0.06101,0.24333,0.24474
0.07074,0.12219,0.10900,0.02542,0.07223,0.01258,0.20634,0.21102,0.08698,0.08350
0.12900,0.13900,0.13020,0.14647,0.09221,0.05454,0.08156,0.08113,0.07156,0.07434
0.28028,0.27799,0.01009,0.02098,0.01841,0.02256,0.03163,0.03052,0.15493,0.15262
0.13195,0.15357,0.06192,0.02337,0.04802,0.01463,0.05214,0.05797,0.22808,0.22833
0.05884,0.06700,0.03419,0.04078,0.03754,0.50994,0.06941,0.06141,0.06061,0.06027
0.07362,0.07429,0.12693,0.12400,0.01460,0.10658,0.21124,0.19331,0.03811,0.03731
0.21917,0.15240,0.02704,0.11608,0.06750,0.02643,0.04186,0.04213,0.14607,0.16131
0.26957,0.27006,0.02420,0.02702,0.04232,0.01134,0.05318,0.05524,0.12488,0.12220
0.05723,0.05550,0.02409,0.03724,0.02989,0.42179,0.06260,0.05667,0.12684,0.12815
0.11042,0.20863,0.24786,0.03271,0.15547,0.04919,0.04951,0.06030,0.04237,0.04355
0.11914,0.13045,0.05117,0.06331,0.05479,0.09656,0.15137,0.14352,0.09512,0.09457
0.29120,0.29672,0.01891,0.02161,0.02890,0.03483,0.04843,0.05086,0.10673,0.10182
0.38702,0.38410,0.01079,0.02116,0.01789,0.10067,0.02483,0.01958,0.01735,0.01661
0.26009,0.27146,0.06245,0.05081,0.03369,0.04013,0.04470,0.04499,0.09756,0.09414
0.05924,0.06458,0.03804,0.05100,0.01958,0.04935,0.04134,0.03964,0.32096,0.31628
0.09379,0.09104,0.01497,0.02482,0.02573,0.01672,0.09844,0.09796,0.27029,0.26625
0.08168,0.08606,0.03409,0.03254,0.02688,0.11701,0.02672,0.02353,0.28831,0.28318
0.13919,0.13233,0.01320,0.04788,0.03870,0.10322,0.11978,0.10989,0.15109,0.14473
0.18437,0.18299,0.05883,0.05505,0.05050,0.25288,0.02113,0.01870,0.08695,0.08860
0.09690,0.09170,0.03400,0.03475,0.02618,0.06261,0.05681,0.05222,0.27074,0.27408
0.10715,0.11847,0.06743,0.06717,0.05539,0.04447,0.08544,0.07664,0.18643,0.19141
0.19424,0.21650,0.04294,0.02309,0.05069,0.18355,0.09395,0.08643,0.05495,0.05365
0.09144,0.09317,0.03563,0.04838,0.05988,0.17068,0.20909,0.21294,0.03791,0.04088
0.35777,0.35694,0.01296,0.01694,0.00989,0.01733,0.02030,0.01963,0.09453,0.09370
0.06808,0.06460,0.01959,0.03244,0.08433,0.49081,0.04671,0.04637,0.07478,0.07228
0.08003,0.08439,0.03846,0.03421,0.02998,0.03670,0.04091,0.03910,0.30127,0.31494
0.13979,0.13958,0.05448,0.05526,0.04154,0.01469,0.08634,0.08977,0.18366,0.19490
0.08866,0.10034,0.05303,0.06531,0.05208,0.04310,0.02342,0.01971,0.28632,0.26803
0.19957,0.23288,0.07687,0.02975,0.05041,0.06024,0.04118,0.03497,0.13586,0.13828
0.30736,0.31028,0.03253,0.03116,0.03106,0.02088,0.05774,0.05260,0.07572,0.08068
0.11146,0.12356,0.04947,0.03224,0.04806,0.01480,0.12244,0.12008,0.18533,0.19256
0.25520,0.25497,0.10090,0.07047,0.07228,0.02675,0.06321,0.06395,0.04560,0.04666
0.03377,0.04108,0.31877,0.31693,0.02633,0.03387,0.04443,0.04549,0.07153,0.06779
0.06155,0.08311,0.08585,0.02642,0.11949,0.01457,0.19891,0.19671,0.10397,0.10942
0.27434,0.27463,0.02335,0.02261,0.02051,0.02806,0.03422,0.03105,0.14506,0.14617
0.15604,0.16962,0.03972,0.05771,0.03626,0.13728,0.10853,0.10804,0.09114,0.09566
0.16235,0.17843,0.08105,0.03993,0.07159,0.09260,0.09201,0.09346,0.09213,0.09645
0.12354,0.12374,0.04927,0.09954,0.05385,0.10581,0.18386,0.18431,0.03479,0.04127
0.06764,0.07702,0.04980,0.04929,0.01988,0.02204,0.27608,0.27116,0.08313,0.08396
0.13787,0.13406,0.01740,0.02105,0.01346,0.03665,0.26817,0.27001,0.05283,0.04851
0.13537,0.14245,0.02940,0.04423,0.04358,0.07968,0.18208,0.17673,0.07855,0.08793
0.04463,0.04506,0.01451,0.02163,0.02311,0.01761,0.03461,0.03274,0.38872,0.37739
0.17452,0.17677,0.04366,0.04613,0.02320,0.02531,0.11775,0.11214,0.14283,0.13768
0.18198,0.19392,0.02106,0.02601,0.03402,0.03946,0.06589,0.05991,0.18969,0.18805
0.06865,0.10699,0.13008,0.05930,0.07268,0.18214,0.13796,0.12797,0.05743,0.05679
0.06215,0.06845,0.02508,0.02370,0.02599,0.02667,0.28049,0.27387,0.10580,0.10781
0.18437,0.18056,0.04336,0.05594,0.04879,0.04626,0.14506,0.14384,0.07399,0.07783
0.22685,0.23792,0.15432,0.14806,0.02286,0.03579,0.04185,0.04105,0.04656,0.04473
0.11722,0.12822,0.04591,0.02851,0.03658,0.06712,0.20123,0.19378,0.08727,0.09416
0.18170,0.18457,0.04206,0.03426,0.03085,0.03365,0.04948,0.04261,0.20156,0.19924
