0.09542,0.00479,0.00648,0.01070,0.01510,0.21507,0.01177,0.17440,0.01101,0.00858,0.00449,0.01040,0.01233,0.17209,0.01019,0.00720,0.00721,0.00719,0.00530,0.21027
0.12075,0.01041,0.00929,0.13459,0.24674,0.28600,0.01850,0.00830,0.00842,0.03590,0.01848,0.00681,0.00683,0.02133,0.00162,0.00614,0.00859,0.00343,0.01686,0.03102
0.00731,0.02550,0.04886,0.01487,0.05038,0.74240,0.01207,0.00440,0.00618,0.00440,0.01398,0.01527,0.00498,0.00860,0.00850,0.00604,0.00528,0.00417,0.00336,0.01347
0.44426,0.00749,0.00751,0.03190,0.01462,0.04664,0.01890,0.01445,0.00376,0.02778,0.00938,0.05289,0.01435,0.09667,0.01835,0.00899,0.00930,0.01642,0.00559,0.15074
0.01063,0.00325,0.00987,0.29693,0.01820,0.33878,0.00854,0.00510,0.01731,0.01217,0.06214,0.00344,0.00667,0.06517,0.01279,0.00574,0.00499,0.01328,0.00388,0.10110
0.26802,0.04691,0.08349,0.05415,0.01922,0.21747,0.02138,0.03437,0.00722,0.15188,0.01990,0.00746,0.01202,0.00566,0.01918,0.01450,0.00527,0.00403,0.00445,0.00341
0.00707,0.25777,0.01537,0.05759,0.00869,0.28692,0.00806,0.01258,0.00760,0.00554,0.00923,0.00322,0.08243,0.07810,0.00287,0.00846,0.00787,0.00735,0.00327,0.13000
0.31950,0.00707,0.00308,0.00638,0.00330,0.00584,0.35148,0.01608,0.00249,0.00366,0.00410,0.00214,0.01078,0.09211,0.00722,0.00235,0.04023,0.00997,0.00206,0.11015
0.00355,0.01389,0.00557,0.00328,0.01660,0.02134,0.00266,0.00337,0.00163,0.00437,0.00135,0.34866,0.02221,0.06276,0.35728,0.00272,0.00462,0.00434,0.01664,0.10315
0.01117,0.02119,0.02253,0.06441,0.00961,0.04933,0.01316,0.03164,0.08686,0.04408,0.02052,0.00117,0.01568,0.24528,0.00102,0.00639,0.00581,0.00571,0.00597,0.33847
0.29666,0.01496,0.01375,0.01419,0.00666,0.32491,0.00582,0.01355,0.00651,0.00321,0.01065,0.00524,0.00533,0.08992,0.00101,0.00775,0.03158,0.01150,0.00486,0.13192
0.00671,0.02120,0.08981,0.00911,0.11099,0.28664,0.04326,0.01552,0.01502,0.00947,0.01483,0.15094,0.00336,0.00574,0.17436,0.00905,0.01001,0.00817,0.00680,0.00899
0.15913,0.13009,0.13967,0.01702,0.06830,0.12564,0.02836,0.06241,0.01071,0.02022,0.00944,0.02016,0.00903,0.05630,0.03282,0.01145,0.00722,0.00505,0.00489,0.08208
0.31620,0.00530,0.32865,0.01933,0.00634,0.01814,0.00716,0.00315,0.03389,0.01717,0.00456,0.00161,0.00712,0.08510,0.01943,0.00657,0.00590,0.00540,0.00742,0.10157
0.02216,0.01637,0.09004,0.26137,0.13966,0.22656,0.01693,0.01395,0.01403,0.02208,0.01076,0.04102,0.01428,0.01238,0.02974,0.01256,0.00626,0.02719,0.00841,0.01425
0.05862,0.01072,0.00845,0.36712,0.01124,0.41701,0.02418,0.00257,0.00439,0.00562,0.01034,0.00639,0.00553,0.01991,0.00772,0.00354,0.00351,0.00329,0.00910,0.02075
0.00296,0.01152,0.03068,0.52336,0.00797,0.00805,0.00552,0.02224,0.01115,0.02594,0.00939,0.12063,0.00736,0.00993,0.14112,0.00814,0.02650,0.00644,0.00352,0.01759
0.03954,0.22102,0.04342,0.06214,0.03894,0.05406,0.05511,0.03916,0.06831,0.03966,0.01829,0.01115,0.04115,0.07392,0.03773,0.01571,0.01908,0.01272,0.01456,0.09432
0.02589,0.00629,0.02642,0.40253,0.00473,0.42461,0.02374,0.00578,0.00733,0.00601,0.00329,0.00459,0.00963,0.00637,0.00486,0.00807,0.00262,0.00539,0.00505,0.01682
0.09046,0.00914,0.01113,0.28313,0.15496,0.23947,0.00945,0.01737,0.02576,0.05791,0.01362,0.00853,0.01834,0.01363,0.00841,0.01494,0.00553,0.00430,0.00466,0.00927
0.03032,0.01999,0.01622,0.27577,0.12847,0.13148,0.01293,0.01291,0.05893,0.01351,0.01267,0.05786,0.00735,0.05344,0.00746,0.06596,0.00621,0.00597,0.00793,0.07462
0.25158,0.32198,0.00506,0.00606,0.00732,0.01125,0.26494,0.00637,0.00263,0.00712,0.00358,0.00591,0.07814,0.00354,0.00322,0.00521,0.00434,0.00274,0.00316,0.00583
0.07537,0.05335,0.13710,0.11540,0.01291,0.14562,0.03017,0.02009,0.02569,0.01528,0.01637,0.04299,0.02241,0.11011,0.00367,0.00767,0.00778,0.01015,0.00609,0.14179
0.01929,0.02358,0.04359,0.29685,0.02401,0.33612,0.00936,0.01491,0.04683,0.03102,0.00973,0.01405,0.02618,0.02610,0.00841,0.00458,0.00636,0.00440,0.00419,0.05044
0.04674,0.24850,0.04637,0.09604,0.01965,0.14041,0.03974,0.01759,0.02044,0.03338,0.03351,0.01624,0.00785,0.08676,0.00502,0.00655,0.00796,0.00515,0.00823,0.11386
0.07472,0.06724,0.06862,0.02360,0.02947,0.09255,0.06199,0.02496,0.17016,0.04766,0.05194,0.01115,0.01143,0.08962,0.00777,0.01315,0.01107,0.01153,0.00764,0.12374
0.15569,0.03194,0.01524,0.04110,0.01327,0.39660,0.16102,0.01161,0.01471,0.04163,0.01206,0.00964,0.00773,0.00866,0.00837,0.01554,0.01883,0.01207,0.00553,0.01878
0.03303,0.01420,0.06455,0.02974,0.08000,0.34143,0.02010,0.00949,0.03149,0.05766,0.00752,0.00553,0.00456,0.11809,0.00119,0.00617,0.00551,0.00345,0.00702,0.15926
0.00282,0.02306,0.01608,0.57355,0.12869,0.11321,0.02284,0.01916,0.00990,0.01400,0.01526,0.00505,0.02725,0.00604,0.00170,0.00414,0.00389,0.00324,0.00500,0.00515
0.04907,0.28086,0.02788,0.03470,0.01663,0.04201,0.01341,0.00806,0.32340,0.02369,0.03974,0.01776,0.00495,0.02251,0.00823,0.01523,0.01738,0.00798,0.00490,0.04161
0.02236,0.13317,0.01413,0.27982,0.00881,0.02674,0.00951,0.00814,0.15505,0.23785,0.00754,0.01646,0.01282,0.00743,0.00638,0.00815,0.00707,0.00381,0.00351,0.03125
0.01169,0.00108,0.00781,0.43234,0.00720,0.46097,0.02579,0.00397,0.00353,0.00476,0.00246,0.00627,0.00495,0.00245,0.00314,0.00184,0.01263,0.00137,0.00314,0.00262
0.00818,0.01951,0.00826,0.00283,0.40325,0.45640,0.00770,0.01150,0.01587,0.00590,0.01758,0.00348,0.00489,0.00712,0.00274,0.00309,0.00573,0.00577,0.00522,0.00497
0.01466,0.04855,0.26571,0.06638,0.29868,0.02072,0.00827,0.09404,0.06685,0.06223,0.00715,0.00517,0.01044,0.00513,0.00637,0.00502,0.00452,0.00432,0.00323,0.00256
0.03326,0.01601,0.01726,0.50067,0.01756,0.02175,0.01782,0.07975,0.01311,0.01493,0.10354,0.04324,0.01101,0.01305,0.01210,0.02205,0.01976,0.01101,0.01713,0.01499
0.01694,0.01015,0.04164,0.00787,0.29156,0.35295,0.07865,0.01203,0.01246,0.01070,0.00964,0.00353,0.03606,0.01899,0.00455,0.01588,0.01314,0.01029,0.03109,0.02186
0.05129,0.01646,0.16536,0.02024,0.20830,0.17521,0.02909,0.02378,0.01281,0.01983,0.02312,0.01817,0.01189,0.07292,0.00464,0.00472,0.02366,0.00810,0.00876,0.10163
0.00856,0.06191,0.02613,0.28365,0.00913,0.02785,0.01544,0.01416,0.04745,0.26212,0.01569,0.07275,0.01126,0.03081,0.02407,0.01163,0.00707,0.00446,0.00445,0.06141
0.01001,0.24048,0.01878,0.02982,0.02070,0.02934,0.02358,0.01213,0.26946,0.01990,0.00825,0.00384,0.05125,0.04146,0.10210,0.01443,0.00861,0.00598,0.00750,0.08239
0.00708,0.07663,0.01796,0.12805,0.01139,0.30367,0.33158,0.01124,0.01190,0.01086,0.00422,0.00361,0.01480,0.02950,0.00320,0.00303,0.00394,0.00365,0.00305,0.02065
0.02774,0.01917,0.45523,0.01947,0.02642,0.36473,0.00615,0.00355,0.00829,0.00568,0.00426,0.00471,0.01155,0.00532,0.00126,0.00377,0.00360,0.01113,0.00307,0.01490
0.01755,0.01102,0.01848,0.02140,0.01814,0.76214,0.00550,0.00563,0.00758,0.04001,0.00510,0.00250,0.00739,0.01254,0.00796,0.00478,0.00498,0.00498,0.00577,0.03654
0.23606,0.00827,0.05914,0.02964,0.11463,0.01790,0.25263,0.01459,0.04399,0.06889,0.01239,0.03531,0.00361,0.02647,0.00974,0.00510,0.00687,0.00494,0.00679,0.04305
0.05561,0.00244,0.00838,0.01164,0.01421,0.01145,0.05370,0.01566,0.00500,0.01494,0.00243,0.39636,0.00461,0.00295,0.38835,0.00268,0.00359,0.00204,0.00192,0.00202
0.30458,0.04933,0.28893,0.07172,0.01471,0.02465,0.01594,0.03719,0.01183,0.10772,0.01261,0.00322,0.00867,0.00837,0.01145,0.00920,0.00394,0.00496,0.00603,0.00495
0.14544,0.00220,0.31165,0.00901,0.02055,0.40532,0.00497,0.01384,0.00235,0.00445,0.00356,0.01077,0.00289,0.01754,0.00241,0.00674,0.00460,0.00700,0.00532,0.01938
0.02612,0.17139,0.03308,0.02029,0.29830,0.03981,0.02872,0.04764,0.08175,0.02246,0.04653,0.00378,0.01067,0.03280,0.02010,0.02161,0.01273,0.02836,0.01372,0.04013
0.05795,0.02055,0.01396,0.02643,0.01022,0.66877,0.01635,0.00994,0.00863,0.01040,0.01650,0.00407,0.05193,0.01277,0.00955,0.02006,0.01684,0.01400,0.00625,0.00481
0.15353,0.00929,0.25346,0.06095,0.02488,0.35435,0.01457,0.01960,0.02974,0.01397,0.00492,0.00428,0.00678,0.01097,0.00549,0.00528,0.00391,0.00676,0.00539,0.01188
0.02659,0.36838,0.04813,0.01306,0.03200,0.07570,0.01295,0.05344,0.11387,0.04518,0.01351,0.01979,0.01981,0.03687,0.00656,0.02733,0.01593,0.02208,0.01089,0.03794
0.02566,0.18354,0.01438,0.03594,0.01926,0.18249,0.01629,0.21915,0.00798,0.15291,0.04075,0.01894,0.01711,0.01590,0.00860,0.00504,0.00681,0.00538,0.00605,0.01783
0.02141,0.00685,0.01630,0.00853,0.01038,0.43083,0.00582,0.38557,0.04802,0.00928,0.00861,0.00364,0.00546,0.00595,0.00853,0.00369,0.00715,0.00530,0.00292,0.00574
0.01773,0.08830,0.01081,0.30710,0.00768,0.19258,0.31698,0.00652,0.00317,0.01291,0.00620,0.00518,0.00458,0.00191,0.00358,0.00615,0.00244,0.00339,0.00150,0.00129
0.08560,0.01498,0.21796,0.01940,0.27273,0.16306,0.06553,0.02347,0.05515,0.00766,0.00850,0.00361,0.00983,0.00671,0.00104,0.00832,0.00930,0.00878,0.00688,0.01148
0.06015,0.01966,0.31626,0.00656,0.35867,0.11028,0.01251,0.00651,0.00302,0.01647,0.01763,0.00720,0.00881,0.01069,0.00280,0.00719,0.01496,0.00543,0.00732,0.00787
0.14627,0.00644,0.03104,0.01044,0.00904,0.03323,0.00635,0.01489,0.00944,0.00540,0.01508,0.01058,0.05042,0.24943,0.00156,0.01169,0.00726,0.00429,0.00624,0.37091
0.00387,0.00706,0.46442,0.01316,0.00854,0.43397,0.00309,0.00707,0.00251,0.00805,0.00610,0.00656,0.00774,0.00337,0.00215,0.00900,0.00385,0.00428,0.00306,0.00215
0.37692,0.01107,0.01184,0.02693,0.01075,0.39985,0.00398,0.00542,0.00794,0.00360,0.01497,0.00682,0.00854,0.02363,0.00548,0.01762,0.00485,0.00283,0.00479,0.05218
0.00242,0.00630,0.01055,0.01431,0.00589,0.17705,0.00887,0.00756,0.01264,0.01193,0.00605,0.03791,0.08298,0.23589,0.00957,0.00588,0.00888,0.00767,0.00781,0.33985
0.08229,0.02864,0.02929,0.04709,0.01707,0.10515,0.10558,0.01716,0.02218,0.03984,0.03672,0.00987,0.02024,0.16793,0.01329,0.01042,0.00727,0.01297,0.00823,0.21877
0.01774,0.09100,0.00958,0.00864,0.01115,0.01098,0.00352,0.00291,0.08930,0.00368,0.00211,0.28417,0.00579,0.05226,0.28954,0.01217,0.00716,0.00725,0.00214,0.08891
0.10609,0.01310,0.09890,0.06071,0.03313,0.02242,0.09823,0.30227,0.15410,0.01073,0.00857,0.00744,0.00932,0.01686,0.01708,0.00580,0.00673,0.00747,0.00596,0.01510
0.02717,0.09125,0.11965,0.01957,0.14207,0.10964,0.01383,0.01728,0.03425,0.02448,0.03216,0.05133,0.00980,0.09555,0.00838,0.00440,0.02160,0.01672,0.00892,0.15192
0.00805,0.04315,0.01546,0.02471,0.01669,0.42007,0.00599,0.01465,0.00507,0.38809,0.00650,0.00577,0.00877,0.01134,0.00218,0.00417,0.00201,0.00483,0.00417,0.00833
0.00889,0.00539,0.01674,0.00561,0.01495,0.00508,0.00312,0.00817,0.00454,0.01041,0.02629,0.03804,0.02616,0.25769,0.04602,0.01058,0.12346,0.02627,0.00533,0.35726
0.00304,0.00555,0.01171,0.72998,0.00909,0.00480,0.01635,0.05673,0.01020,0.00972,0.02491,0.00431,0.06886,0.00668,0.00198,0.00380,0.00436,0.00670,0.00318,0.01806
0.01816,0.01637,0.02332,0.21838,0.01373,0.06968,0.01696,0.00897,0.00598,0.01135,0.01134,0.00627,0.02366,0.20739,0.00836,0.01234,0.02556,0.00769,0.01116,0.28332
0.07097,0.01268,0.02395,0.07052,0.01184,0.13162,0.17312,0.06178,0.05401,0.03161,0.03540,0.01021,0.01356,0.09510,0.00809,0.04251,0.01512,0.00919,0.00545,0.12327
0.19444,0.04270,0.01803,0.03214,0.05866,0.03532,0.18868,0.01047,0.02985,0.01221,0.01222,0.03170,0.01997,0.11413,0.01424,0.00804,0.00789,0.00520,0.01167,0.15244
0.00751,0.08353,0.01523,0.11249,0.02565,0.18332,0.00855,0.11390,0.06649,0.04491,0.00737,0.02147,0.02585,0.08358,0.01042,0.02447,0.02809,0.00741,0.01286,0.11689
0.01793,0.04790,0.01474,0.26716,0.02231,0.34592,0.00452,0.02479,0.02925,0.05481,0.04512,0.04073,0.01130,0.01187,0.01725,0.00898,0.01009,0.01057,0.00700,0.00776
0.03667,0.18789,0.02323,0.02197,0.01715,0.12445,0.03451,0.06052,0.24008,0.01087,0.00904,0.01100,0.00673,0.06623,0.00786,0.01839,0.01749,0.00785,0.00707,0.09099
0.00267,0.00787,0.03957,0.07320,0.01024,0.00671,0.01649,0.04303,0.00763,0.01861,0.04811,0.01000,0.01067,0.27100,0.01147,0.00649,0.00581,0.00954,0.01643,0.38446
0.15137,0.01053,0.30278,0.03238,0.01293,0.27896,0.03121,0.00784,0.01174,0.03086,0.02364,0.00328,0.00720,0.03314,0.00286,0.00803,0.00884,0.00880,0.00430,0.02930
0.00512,0.00847,0.00726,0.00441,0.10213,0.13464,0.06128,0.01321,0.02588,0.01460,0.01467,0.01429,0.02017,0.20476,0.01541,0.01076,0.01193,0.03081,0.00828,0.29193
0.70199,0.00883,0.00875,0.13500,0.00796,0.02260,0.00606,0.00585,0.02393,0.00876,0.01934,0.00219,0.00429,0.00499,0.00865,0.00691,0.00551,0.00451,0.00541,0.00846
0.00854,0.01413,0.01382,0.41111,0.02937,0.01736,0.01008,0.00637,0.00642,0.40906,0.00723,0.01687,0.00436,0.00607,0.00310,0.00677,0.00369,0.00788,0.01060,0.00717
0.08525,0.01276,0.36492,0.01579,0.01137,0.39915,0.01490,0.02950,0.00993,0.01080,0.00797,0.00236,0.00581,0.00576,0.00150,0.00775,0.00403,0.00285,0.00304,0.00457
0.01244,0.02264,0.02957,0.00829,0.02523,0.16934,0.01179,0.01044,0.01332,0.13733,0.02285,0.01856,0.08796,0.14732,0.01078,0.00801,0.00822,0.01701,0.00659,0.23231
0.00214,0.00379,0.24846,0.01497,0.00597,0.01414,0.00603,0.00258,0.00717,0.24664,0.02059,0.00952,0.00346,0.14032,0.01545,0.00864,0.01106,0.00485,0.00982,0.22439
0.54207,0.02516,0.04451,0.12650,0.01091,0.01676,0.01103,0.01278,0.01439,0.01392,0.02663,0.02745,0.02045,0.01873,0.00306,0.00592,0.00940,0.00613,0.00594,0.05825
0.39735,0.02564,0.01273,0.02965,0.02591,0.01848,0.39666,0.01109,0.00458,0.01870,0.00930,0.00540,0.01184,0.00995,0.00181,0.00459,0.00374,0.00415,0.00413,0.00431
0.00955,0.00529,0.01338,0.01272,0.00699,0.01001,0.01846,0.00768,0.01435,0.00574,0.02898,0.02157,0.01296,0.33624,0.01929,0.00678,0.02313,0.00569,0.00875,0.43243
0.00391,0.07894,0.01962,0.00607,0.27247,0.31306,0.01152,0.01308,0.00886,0.01201,0.00556,0.01820,0.02084,0.06759,0.01531,0.01280,0.00592,0.00407,0.01649,0.09368
0.18222,0.01407,0.01053,0.00600,0.06397,0.01809,0.00999,0.06666,0.00435,0.00451,0.03285,0.01023,0.00480,0.18747,0.07275,0.00933,0.00605,0.00599,0.00712,0.28303
0.01558,0.00704,0.01092,0.01183,0.00905,0.18571,0.01030,0.14610,0.03121,0.01017,0.00884,0.00231,0.03874,0.19543,0.01761,0.00554,0.02817,0.00348,0.00584,0.25612
0.48767,0.01403,0.02531,0.04841,0.01395,0.01546,0.02217,0.04711,0.19334,0.00973,0.02075,0.02752,0.00839,0.00836,0.02142,0.01194,0.00635,0.00894,0.00482,0.00434
0.02614,0.03887,0.08066,0.05048,0.19969,0.09369,0.08132,0.14593,0.12766,0.02172,0.01542,0.00692,0.01366,0.01439,0.01189,0.01812,0.01678,0.01185,0.01751,0.00729
0.16799,0.01867,0.27321,0.01973,0.01188,0.38944,0.00758,0.00716,0.01305,0.03242,0.00767,0.00892,0.00567,0.00396,0.00815,0.00346,0.00972,0.00284,0.00316,0.00533
0.01014,0.01115,0.14974,0.12126,0.21813,0.00533,0.00922,0.01163,0.01300,0.01802,0.02965,0.02105,0.05153,0.11277,0.00382,0.00856,0.00603,0.00788,0.00774,0.18332
0.02648,0.26683,0.00613,0.02855,0.01411,0.15328,0.00684,0.28818,0.02370,0.10564,0.00416,0.00766,0.01648,0.00812,0.00533,0.00623,0.00917,0.00573,0.00375,0.01364
0.04948,0.02884,0.01434,0.02569,0.32126,0.34582,0.02099,0.02084,0.00908,0.01065,0.01242,0.00977,0.01296,0.01842,0.03211,0.01418,0.02103,0.00835,0.00522,0.01856
0.00845,0.00346,0.00209,0.01255,0.00784,0.01321,0.00624,0.00250,0.00573,0.00457,0.01463,0.41950,0.00461,0.01134,0.00134,0.43940,0.00378,0.00479,0.00283,0.03115
0.02245,0.08891,0.12391,0.05011,0.17127,0.06281,0.01168,0.10700,0.08393,0.02548,0.01392,0.05765,0.02869,0.02290,0.04049,0.01084,0.02187,0.00753,0.01251,0.03605
0.01244,0.01478,0.00641,0.01365,0.01155,0.31094,0.34896,0.00539,0.06365,0.00913,0.01329,0.05958,0.02011,0.01266,0.07134,0.00499,0.00605,0.00241,0.00453,0.00814
0.01851,0.01196,0.19903,0.04277,0.23939,0.22646,0.00246,0.02188,0.04288,0.04818,0.05614,0.00699,0.01324,0.00694,0.00198,0.00428,0.00626,0.00716,0.00420,0.03928
0.05621,0.24087,0.02538,0.05641,0.01323,0.08138,0.04637,0.01045,0.00858,0.01874,0.03848,0.05695,0.00664,0.10518,0.00841,0.01008,0.00912,0.04266,0.00918,0.15566
0.09842,0.00895,0.13438,0.02661,0.03069,0.32210,0.01872,0.03977,0.02554,0.08154,0.06764,0.00826,0.01733,0.02705,0.02944,0.00920,0.00635,0.01161,0.00830,0.02810
0.01644,0.02569,0.03480,0.01700,0.01594,0.02136,0.03172,0.00640,0.02299,0.01223,0.02014,0.01169,0.01137,0.24828,0.00305,0.00576,0.01501,0.11767,0.00877,0.35370
0.00618,0.04864,0.80109,0.01769,0.00813,0.06136,0.00758,0.00388,0.00273,0.00396,0.00947,0.00242,0.00695,0.00542,0.00131,0.00286,0.00201,0.00291,0.00124,0.00417
0.00875,0.00317,0.78753,0.00691,0.00388,0.01590,0.00573,0.00594,0.01541,0.00587,0.00909,0.00678,0.00345,0.04616,0.00391,0.00243,0.00322,0.00148,0.00168,0.06272
0.00466,0.02741,0.20698,0.08412,0.01261,0.18652,0.03016,0.02060,0.02007,0.06483,0.00675,0.02125,0.01344,0.09017,0.05944,0.00632,0.01217,0.00545,0.01409,0.11294
0.20883,0.11764,0.02266,0.08901,0.02262,0.16861,0.06340,0.03661,0.10938,0.02132,0.04042,0.00777,0.02324,0.01010,0.00902,0.01365,0.01131,0.00847,0.01106,0.00486
0.01286,0.13625,0.01698,0.01385,0.00836,0.28477,0.07991,0.23319,0.12986,0.00814,0.00977,0.00486,0.01033,0.00461,0.00344,0.00748,0.00396,0.01088,0.00328,0.01720
0.34583,0.05714,0.01047,0.07492,0.11185,0.09662,0.01335,0.11404,0.00586,0.05766,0.00516,0.00484,0.00774,0.01128,0.01080,0.00840,0.00377,0.00366,0.00828,0.04832
0.19820,0.01150,0.02564,0.00626,0.00837,0.01848,0.19262,0.00415,0.01677,0.01824,0.01014,0.01262,0.00468,0.19279,0.00819,0.00684,0.00537,0.00351,0.00432,0.25132
0.02443,0.01285,0.01205,0.01577,0.01013,0.03987,0.04998,0.00551,0.02702,0.00631,0.00726,0.01377,0.00501,0.27607,0.09576,0.00412,0.01213,0.00304,0.00428,0.37464
0.03282,0.00892,0.00985,0.17688,0.01681,0.17389,0.01986,0.14176,0.01139,0.15174,0.01108,0.01678,0.00656,0.05903,0.01190,0.01190,0.00977,0.00650,0.00944,0.11314
0.03879,0.00621,0.01795,0.01964,0.04149,0.04263,0.01511,0.00566,0.03744,0.01419,0.00641,0.19263,0.01838,0.13777,0.17019,0.00717,0.00847,0.00331,0.00611,0.21045
0.00997,0.23259,0.01894,0.00954,0.17155,0.04171,0.03063,0.04473,0.22479,0.02884,0.05958,0.01714,0.03688,0.00866,0.00419,0.01771,0.00980,0.02197,0.00526,0.00550
0.01039,0.00444,0.00830,0.83698,0.01676,0.04220,0.00418,0.00315,0.00319,0.00305,0.01291,0.00899,0.00570,0.00548,0.00346,0.00213,0.00915,0.00355,0.01344,0.00255
0.19792,0.01550,0.11226,0.15679,0.03764,0.06750,0.02040,0.05503,0.01891,0.01650,0.00883,0.00529,0.02495,0.07634,0.01083,0.00888,0.00596,0.01493,0.01077,0.13476
0.56936,0.02143,0.11623,0.00949,0.00724,0.02756,0.00882,0.01225,0.00547,0.00801,0.01327,0.00947,0.00827,0.05623,0.00370,0.00559,0.00376,0.00438,0.00357,0.10590
0.03807,0.10616,0.02469,0.06725,0.00890,0.24709,0.01970,0.10368,0.01312,0.20609,0.05436,0.00869,0.01143,0.01590,0.00225,0.00634,0.01511,0.00788,0.01312,0.03017
0.01426,0.01344,0.02424,0.01108,0.01447,0.07861,0.02143,0.02671,0.00810,0.01299,0.05803,0.00279,0.09199,0.23224,0.00349,0.01488,0.00908,0.01031,0.00767,0.34419
0.02509,0.12289,0.02114,0.02642,0.02671,0.11866,0.03870,0.12293,0.02966,0.06418,0.01870,0.01779,0.02130,0.07833,0.03674,0.00444,0.05523,0.00706,0.03954,0.12452
0.07049,0.00743,0.00572,0.39039,0.00637,0.00926,0.00774,0.01245,0.01854,0.00971,0.01072,0.00294,0.03161,0.15863,0.00499,0.00813,0.00686,0.00552,0.00447,0.22803
0.00598,0.02122,0.01363,0.84121,0.00442,0.01398,0.01048,0.00506,0.00278,0.00807,0.00300,0.00588,0.00308,0.00901,0.01630,0.00395,0.00658,0.00437,0.00293,0.01808
0.63397,0.01030,0.02512,0.00631,0.05779,0.09872,0.01016,0.00728,0.00352,0.00434,0.01078,0.01745,0.02068,0.01561,0.01366,0.00392,0.00950,0.00645,0.00279,0.04166
0.10312,0.00434,0.03964,0.04389,0.02252,0.08986,0.09311,0.02700,0.06200,0.02994,0.02784,0.01576,0.02041,0.15728,0.00415,0.02201,0.00786,0.00333,0.01408,0.21186
0.01235,0.02783,0.01855,0.02388,0.00522,0.13163,0.08461,0.00498,0.00592,0.00932,0.00741,0.01991,0.04763,0.22254,0.02787,0.01579,0.00943,0.00399,0.01087,0.31028
0.02169,0.00532,0.01001,0.25767,0.00544,0.19498,0.37519,0.00789,0.00602,0.00550,0.00994,0.02098,0.00515,0.02054,0.01254,0.00388,0.00966,0.00657,0.00276,0.01827
0.11477,0.01760,0.00854,0.01188,0.13433,0.17721,0.01383,0.00997,0.00504,0.01275,0.00379,0.20890,0.01270,0.00822,0.21967,0.02128,0.00331,0.00538,0.00403,0.00680
0.02883,0.27467,0.01914,0.08809,0.13848,0.16930,0.01650,0.00862,0.00962,0.01708,0.02183,0.09311,0.00529,0.00960,0.05304,0.00873,0.00551,0.00350,0.01694,0.01212
0.04399,0.01219,0.05415,0.02038,0.01974,0.28063,0.02341,0.01627,0.03461,0.22905,0.03180,0.01053,0.00808,0.05697,0.00766,0.01173,0.02994,0.00884,0.00620,0.09382
0.45925,0.00314,0.00403,0.01028,0.00337,0.01487,0.45843,0.00881,0.00284,0.00402,0.00154,0.00542,0.00468,0.00316,0.00408,0.00184,0.00175,0.00257,0.00369,0.00222
0.02629,0.08828,0.02318,0.04951,0.01947,0.05678,0.01174,0.09359,0.00709,0.00888,0.01448,0.13434,0.00858,0.11664,0.12901,0.01048,0.01925,0.00526,0.00843,0.16872
0.01481,0.00996,0.01737,0.06777,0.00660,0.07485,0.01499,0.00684,0.01146,0.05333,0.01971,0.01718,0.01028,0.25761,0.01386,0.01202,0.01905,0.00557,0.00753,0.35920
0.34394,0.05533,0.01228,0.02063,0.02362,0.42093,0.01651,0.01208,0.01405,0.01192,0.00697,0.00484,0.02135,0.00422,0.00560,0.00422,0.00616,0.00546,0.00372,0.00616
0.01879,0.01079,0.03176,0.01028,0.02479,0.03088,0.01007,0.08897,0.01610,0.00979,0.01069,0.02090,0.00556,0.29725,0.00758,0.00793,0.00503,0.01006,0.00712,0.37565
0.01125,0.00626,0.00538,0.00405,0.00471,0.01424,0.00356,0.01002,0.00948,0.01722,0.12475,0.01606,0.00331,0.29573,0.02084,0.00382,0.00766,0.01622,0.00484,0.42060
0.02522,0.01916,0.00868,0.02123,0.00871,0.07252,0.07512,0.02812,0.00787,0.00709,0.11603,0.02596,0.01303,0.21142,0.00808,0.02400,0.00649,0.00800,0.00950,0.30377
0.01186,0.11435,0.08155,0.05000,0.01389,0.02653,0.02377,0.00991,0.13879,0.00935,0.02333,0.00566,0.00830,0.18744,0.00653,0.00458,0.00563,0.00648,0.01139,0.26066
0.14474,0.01054,0.15203,0.02680,0.01875,0.20163,0.01003,0.00526,0.03175,0.00524,0.01108,0.01427,0.00776,0.10242,0.07204,0.00599,0.00657,0.00641,0.00633,0.16035
0.00702,0.20440,0.02058,0.03392,0.02702,0.21815,0.02680,0.14497,0.20837,0.01412,0.02147,0.00320,0.01096,0.01247,0.00704,0.00684,0.00788,0.00734,0.00686,0.01058
0.00930,0.00423,0.00624,0.47346,0.00512,0.01060,0.44903,0.00954,0.00362,0.00335,0.00827,0.00116,0.00253,0.00252,0.00421,0.00141,0.00124,0.00193,0.00077,0.00149
0.47903,0.00299,0.01169,0.31197,0.00510,0.00735,0.00839,0.00361,0.00939,0.00457,0.04324,0.01107,0.00412,0.00759,0.00383,0.05566,0.00843,0.00443,0.01045,0.00710
0.02221,0.11530,0.23705,0.01058,0.28757,0.17647,0.01437,0.01080,0.00469,0.01338,0.02302,0.00813,0.02548,0.01092,0.00716,0.00700,0.01121,0.00467,0.00588,0.00412
0.08428,0.00791,0.02835,0.00574,0.31250,0.36752,0.01301,0.01156,0.00735,0.01964,0.00937,0.00876,0.00579,0.00810,0.03505,0.00969,0.01838,0.00685,0.02728,0.01286
0.05934,0.01266,0.02349,0.01092,0.01942,0.03018,0.03043,0.01298,0.01160,0.00908,0.02697,0.08939,0.04959,0.14687,0.08725,0.02735,0.02211,0.08069,0.01075,0.23893
0.42909,0.01188,0.30672,0.00876,0.00365,0.16499,0.00274,0.00369,0.00237,0.00740,0.00236,0.00354,0.00356,0.01110,0.00946,0.00379,0.00129,0.00418,0.00161,0.01781
0.01971,0.02053,0.44562,0.01111,0.02526,0.39061,0.00433,0.00780,0.00473,0.00417,0.00394,0.00267,0.00449,0.01159,0.00970,0.00625,0.00406,0.00277,0.00415,0.01653
0.01577,0.16086,0.14410,0.04823,0.21558,0.22322,0.00236,0.02380,0.01605,0.02707,0.02247,0.00573,0.01007,0.02542,0.00740,0.00793,0.01019,0.00825,0.00614,0.01937
0.10322,0.04755,0.18078,0.03251,0.23795,0.02638,0.08664,0.01772,0.00769,0.08572,0.04555,0.02319,0.00955,0.02220,0.01676,0.00978,0.01118,0.00908,0.01152,0.01504
0.01505,0.01997,0.02545,0.01976,0.01449,0.01519,0.01036,0.00941,0.02368,0.00730,0.06573,0.01010,0.01705,0.30621,0.01194,0.00798,0.00576,0.00432,0.00914,0.40110
0.04003,0.02008,0.02250,0.19360,0.04951,0.45035,0.01486,0.04411,0.06872,0.01644,0.01320,0.00654,0.00927,0.00756,0.01044,0.00559,0.00417,0.01045,0.00910,0.00346
0.37363,0.00766,0.03279,0.01763,0.01582,0.40298,0.00753,0.00714,0.01623,0.00994,0.03142,0.00832,0.00599,0.00576,0.01614,0.00414,0.00620,0.00432,0.00512,0.02126
0.02274,0.01023,0.01853,0.01473,0.25003,0.30584,0.02391,0.11223,0.02567,0.02298,0.00930,0.01429,0.00769,0.05183,0.00439,0.00361,0.00634,0.01247,0.01347,0.06973
0.00913,0.01123,0.01593,0.64738,0.06231,0.05662,0.05333,0.01151,0.01368,0.02072,0.01679,0.00666,0.01110,0.00903,0.01598,0.01149,0.00649,0.01187,0.00568,0.00308
0.01340,0.22522,0.01275,0.08662,0.01658,0.11604,0.01658,0.21866,0.00744,0.07786,0.01138,0.01034,0.00875,0.05754,0.00388,0.00426,0.00521,0.00773,0.00539,0.09435
0.02926,0.00814,0.02876,0.01445,0.00966,0.03505,0.00524,0.01210,0.02249,0.02311,0.00778,0.01531,0.00354,0.33637,0.00370,0.01503,0.00322,0.00436,0.00313,0.41930
0.01699,0.01740,0.01495,0.02155,0.01563,0.64123,0.00444,0.03149,0.01308,0.08896,0.01878,0.00700,0.00643,0.02716,0.00905,0.00585,0.00469,0.00519,0.00776,0.04237
0.04283,0.00957,0.01536,0.04962,0.02851,0.08725,0.01728,0.00343,0.03581,0.08259,0.00607,0.01089,0.02147,0.21162,0.01002,0.01550,0.00665,0.05360,0.00806,0.28386
0.17912,0.00828,0.25537,0.00699,0.00753,0.21133,0.00684,0.00555,0.00769,0.21228,0.00651,0.01408,0.00720,0.01208,0.01445,0.00398,0.00536,0.00386,0.00532,0.02618
0.28494,0.01225,0.01029,0.00536,0.00425,0.01285,0.31905,0.00312,0.00668,0.00880,0.02483,0.00612,0.02265,0.09008,0.03288,0.00456,0.00491,0.00629,0.00549,0.13458
0.00766,0.08823,0.05513,0.04335,0.20080,0.01258,0.02494,0.07252,0.17447,0.00509,0.00789,0.00797,0.00895,0.10858,0.00905,0.00403,0.00467,0.00797,0.00306,0.15305
0.24062,0.04603,0.09096,0.00613,0.10405,0.10077,0.25620,0.00375,0.01045,0.00230,0.03546,0.02857,0.00279,0.00918,0.00745,0.01188,0.00411,0.02793,0.00406,0.00731
0.01399,0.01372,0.01528,0.24233,0.03509,0.29746,0.00882,0.04880,0.00800,0.01605,0.01355,0.02551,0.01619,0.09320,0.00244,0.00683,0.00784,0.00500,0.00442,0.12550
0.11419,0.03880,0.01193,0.02689,0.01695,0.40464,0.03031,0.02786,0.03224,0.03647,0.10139,0.01077,0.01791,0.01400,0.06245,0.00870,0.01044,0.00980,0.01427,0.00997
0.33195,0.01762,0.02019,0.01165,0.02924,0.01900,0.35649,0.00945,0.00976,0.00509,0.00349,0.00456,0.01721,0.05536,0.00838,0.00398,0.00335,0.01998,0.00406,0.06919
0.23865,0.03079,0.32341,0.01549,0.01848,0.23174,0.03463,0.00461,0.00569,0.00613,0.02306,0.01086,0.00266,0.01717,0.00181,0.00492,0.00811,0.00781,0.00536,0.00861
0.01257,0.11366,0.02264,0.35983,0.09276,0.09211,0.02936,0.02412,0.03784,0.03678,0.01115,0.01506,0.01898,0.01837,0.04110,0.03136,0.01771,0.00893,0.00855,0.00712
0.04226,0.01461,0.01481,0.01717,0.31349,0.12468,0.00997,0.00951,0.31774,0.07264,0.00445,0.00800,0.00421,0.00905,0.00546,0.00611,0.00654,0.00516,0.00578,0.00835
0.01757,0.00625,0.00655,0.01301,0.00405,0.01174,0.00395,0.00462,0.00901,0.01049,0.01407,0.33932,0.00583,0.05706,0.34002,0.01874,0.00933,0.02458,0.01142,0.09238
0.00769,0.31748,0.01114,0.13921,0.00834,0.01751,0.01237,0.00463,0.32220,0.08596,0.00861,0.00256,0.01065,0.00953,0.00504,0.00883,0.00680,0.00444,0.00615,0.01086
0.05278,0.02458,0.01932,0.01682,0.07291,0.04700,0.02159,0.01657,0.03176,0.01546,0.01280,0.01599,0.01242,0.25696,0.01067,0.00940,0.00871,0.00897,0.00728,0.33800
0.18210,0.02809,0.08065,0.04345,0.12224,0.03441,0.22875,0.00967,0.02777,0.01555,0.01690,0.00811,0.00903,0.05935,0.02185,0.00841,0.00828,0.01691,0.00762,0.07087
0.00865,0.03446,0.00357,0.37001,0.00776,0.05646,0.00422,0.00408,0.00618,0.35689,0.00735,0.03103,0.04233,0.01095,0.02238,0.00864,0.00347,0.00453,0.00369,0.01333
0.01324,0.39399,0.01527,0.01587,0.00243,0.00911,0.00908,0.41120,0.00791,0.00794,0.01359,0.02076,0.01374,0.00587,0.01308,0.00625,0.01906,0.00958,0.00661,0.00543
0.05605,0.01567,0.14401,0.00800,0.01140,0.15476,0.01314,0.02029,0.01378,0.00904,0.03017,0.02768,0.00709,0.17798,0.03063,0.00467,0.00853,0.01505,0.00490,0.24716
0.15902,0.04752,0.01492,0.19340,0.02659,0.24912,0.14450,0.01542,0.03909,0.01806,0.00868,0.00627,0.02640,0.01338,0.00214,0.00838,0.00621,0.00616,0.00658,0.00818
0.04254,0.00380,0.05276,0.13540,0.00982,0.02250,0.00889,0.00492,0.01018,0.14891,0.02055,0.01197,0.01959,0.19274,0.00339,0.00514,0.00911,0.00595,0.01429,0.27757
0.00382,0.00757,0.00482,0.01432,0.00380,0.45452,0.00794,0.00402,0.00392,0.39770,0.00616,0.00530,0.03798,0.01032,0.01006,0.00383,0.00348,0.00444,0.00540,0.01059
0.00679,0.01517,0.01073,0.39274,0.08239,0.12591,0.01170,0.04372,0.01776,0.08353,0.04328,0.00599,0.01999,0.03584,0.00628,0.00784,0.01077,0.00812,0.00463,0.06682
0.01177,0.01535,0.04414,0.02338,0.01689,0.02468,0.04348,0.01370,0.00814,0.01141,0.01239,0.14088,0.05703,0.16644,0.14069,0.01221,0.01439,0.00865,0.01580,0.21857
0.07078,0.01137,0.01309,0.17196,0.01670,0.22461,0.06208,0.07758,0.01115,0.01457,0.05495,0.02056,0.02518,0.08043,0.00433,0.00919,0.00829,0.00807,0.00917,0.10595
0.03524,0.00212,0.02616,0.29850,0.02592,0.40854,0.03927,0.02139,0.01706,0.04036,0.00752,0.01296,0.00623,0.00915,0.00761,0.00440,0.01642,0.00608,0.00529,0.00976
0.12698,0.01299,0.26680,0.06817,0.01812,0.23398,0.08785,0.03559,0.03026,0.01761,0.00927,0.01280,0.02529,0.00791,0.00665,0.00915,0.00783,0.00807,0.00615,0.00852
0.00442,0.00356,0.00301,0.00318,0.00167,0.86945,0.00447,0.00162,0.00463,0.01592,0.00374,0.00388,0.01301,0.01052,0.02384,0.00460,0.00135,0.00350,0.00235,0.02130
0.01694,0.01614,0.01032,0.51173,0.01040,0.01710,0.01546,0.01101,0.00636,0.00627,0.07139,0.01308,0.01650,0.08380,0.00453,0.00434,0.02968,0.00539,0.00497,0.14459
0.04614,0.01806,0.01451,0.02086,0.01804,0.04887,0.07033,0.01095,0.01192,0.02159,0.01196,0.01216,0.01782,0.24492,0.00914,0.00772,0.01413,0.05473,0.00935,0.33679
0.00921,0.37859,0.01421,0.02917,0.00610,0.06840,0.00496,0.00696,0.41979,0.01366,0.00585,0.01025,0.00260,0.00509,0.00426,0.00509,0.00314,0.00527,0.00380,0.00361
0.71461,0.00984,0.00821,0.03378,0.02813,0.05418,0.01335,0.01425,0.01609,0.04830,0.00602,0.00709,0.00620,0.00763,0.00533,0.00347,0.00774,0.00431,0.00302,0.00844
0.01327,0.01337,0.02654,0.19902,0.00517,0.20891,0.01783,0.00435,0.01347,0.02949,0.01447,0.03113,0.01147,0.13761,0.04641,0.01380,0.01351,0.00601,0.01794,0.17623
0.02412,0.05709,0.03950,0.01841,0.34781,0.04026,0.00782,0.04780,0.32263,0.01730,0.00787,0.00189,0.01521,0.00868,0.01276,0.00399,0.01005,0.00625,0.00283,0.00774
0.01040,0.00773,0.40600,0.04793,0.43632,0.01838,0.00472,0.00909,0.01078,0.01427,0.00532,0.00159,0.00337,0.00707,0.00250,0.00276,0.00256,0.00413,0.00211,0.00295
0.01103,0.02848,0.00512,0.01399,0.00799,0.02196,0.00345,0.01061,0.02798,0.05686,0.02402,0.01392,0.00528,0.33045,0.00130,0.00626,0.00774,0.00474,0.00608,0.41272
0.00719,0.01805,0.00661,0.00583,0.01210,0.71277,0.00305,0.00565,0.01170,0.01331,0.00670,0.00395,0.00555,0.04973,0.01713,0.02779,0.01681,0.00382,0.00914,0.06313
0.37110,0.03586,0.01844,0.00566,0.03801,0.06258,0.04297,0.00821,0.00933,0.06417,0.02058,0.02834,0.01561,0.08866,0.00901,0.01023,0.01733,0.00939,0.00946,0.13506
0.03078,0.02313,0.31316,0.03253,0.35140,0.13158,0.01320,0.01120,0.00716,0.03146,0.00483,0.00632,0.00835,0.00577,0.00365,0.00382,0.00300,0.00901,0.00631,0.00335
0.00477,0.01310,0.01465,0.61876,0.02095,0.03111,0.00536,0.00716,0.00710,0.03879,0.02109,0.00825,0.01132,0.06199,0.01156,0.00582,0.00895,0.01449,0.00651,0.08829
0.02345,0.24644,0.00720,0.00834,0.00525,0.19142,0.00543,0.24553,0.00512,0.15099,0.01233,0.01710,0.00499,0.01651,0.00859,0.00333,0.01518,0.00287,0.00244,0.02749
0.01818,0.01073,0.01822,0.01829,0.00321,0.41301,0.01045,0.00664,0.00502,0.34341,0.01993,0.03304,0.01894,0.02131,0.01298,0.00797,0.00604,0.00530,0.00629,0.02104
0.13637,0.08463,0.03182,0.02953,0.02935,0.03843,0.06164,0.11259,0.01283,0.02200,0.00805,0.00772,0.02285,0.15641,0.00240,0.00580,0.00812,0.00856,0.00478,0.21613
0.24534,0.02695,0.03204,0.01977,0.00947,0.24991,0.01347,0.01079,0.02032,0.02735,0.02401,0.01265,0.01118,0.09433,0.01528,0.00373,0.00794,0.01224,0.00810,0.15512
0.03402,0.04035,0.07634,0.08597,0.06697,0.01673,0.01510,0.06657,0.03054,0.11365,0.01831,0.00500,0.02166,0.14557,0.01807,0.01528,0.01955,0.01540,0.00801,0.18692
0.04924,0.03205,0.29787,0.02406,0.00821,0.32369,0.03001,0.03464,0.03257,0.01666,0.01004,0.03431,0.00984,0.01569,0.04579,0.00488,0.00668,0.00773,0.00702,0.00902
0.00458,0.06828,0.00323,0.00786,0.03073,0.00416,0.00725,0.00578,0.00759,0.01282,0.00717,0.01832,0.01077,0.32233,0.01032,0.05172,0.01051,0.00538,0.00483,0.40637
0.41206,0.00430,0.00788,0.03099,0.01472,0.03875,0.42205,0.00873,0.00902,0.00602,0.01243,0.00361,0.00569,0.00534,0.00170,0.00379,0.00176,0.00326,0.00496,0.00293
0.01322,0.06976,0.00722,0.22555,0.01262,0.13213,0.12994,0.05190,0.00994,0.00810,0.04754,0.00547,0.00852,0.09526,0.00783,0.00727,0.02844,0.00692,0.00511,0.12727
0.35848,0.06019,0.07944,0.01014,0.00601,0.42128,0.00481,0.00572,0.00784,0.00865,0.00395,0.00183,0.00707,0.00342,0.00397,0.00540,0.00250,0.00248,0.00226,0.00458
0.01310,0.08665,0.05340,0.04729,0.01900,0.34880,0.33121,0.01121,0.00529,0.03233,0.00964,0.00499,0.00498,0.00475,0.00611,0.00426,0.00291,0.00767,0.00261,0.00382
0.01293,0.00631,0.10613,0.27495,0.00544,0.01278,0.01068,0.01054,0.01074,0.26414,0.00408,0.00496,0.02157,0.10157,0.00224,0.00324,0.00354,0.01044,0.00289,0.13081
0.03202,0.03621,0.01175,0.01024,0.34805,0.35904,0.04449,0.00814,0.02319,0.02268,0.02146,0.01059,0.01432,0.00754,0.00792,0.01644,0.00701,0.00714,0.00806,0.00371
0.01804,0.32178,0.01725,0.03449,0.00920,0.10546,0.01431,0.06769,0.32168,0.00380,0.02808,0.01350,0.00489,0.00480,0.00554,0.00348,0.00652,0.00549,0.00445,0.00955
0.02096,0.01065,0.16557,0.04502,0.19049,0.47193,0.00299,0.00575,0.00374,0.00610,0.00532,0.00623,0.00964,0.01018,0.00418,0.00901,0.01247,0.00829,0.00744,0.00405
0.00838,0.01942,0.01026,0.01135,0.01417,0.01154,0.00343,0.00918,0.02208,0.00537,0.00635,0.03003,0.00614,0.31212,0.00613,0.09819,0.00449,0.00473,0.00419,0.41246
0.01642,0.01448,0.01389,0.05896,0.02364,0.04038,0.00796,0.00713,0.00802,0.00818,0.05398,0.01002,0.02016,0.28357,0.02589,0.00942,0.01096,0.00495,0.01019,0.37178
0.03355,0.15267,0.01836,0.01473,0.01155,0.21069,0.01073,0.17823,0.01025,0.17931,0.03018,0.01144,0.01819,0.02201,0.02004,0.01352,0.02277,0.01490,0.00849,0.01837
0.03388,0.06362,0.01516,0.03995,0.02711,0.30417,0.05185,0.25051,0.06200,0.04597,0.01294,0.00934,0.00949,0.00839,0.01730,0.01333,0.01005,0.00853,0.00793,0.00850
0.00903,0.28676,0.01802,0.02188,0.01422,0.06997,0.05601,0.00694,0.32845,0.00617,0.00700,0.01004,0.00459,0.04672,0.00395,0.01498,0.00347,0.01281,0.00388,0.07512
0.03498,0.28677,0.01099,0.20408,0.01941,0.23676,0.00977,0.00830,0.00532,0.02519,0.01466,0.04622,0.00791,0.01046,0.04159,0.00989,0.00523,0.00586,0.00713,0.00949
0.46975,0.01066,0.00936,0.17933,0.01184,0.04789,0.01750,0.01039,0.02901,0.00927,0.00609,0.01803,0.05091,0.03347,0.00341,0.01049,0.01302,0.00396,0.01371,0.05191
0.11717,0.02968,0.01699,0.03039,0.26334,0.00957,0.01830,0.01030,0.23449,0.00696,0.00981,0.00444,0.01334,0.06619,0.00402,0.01684,0.00950,0.00921,0.01377,0.11568
0.02233,0.04296,0.01613,0.07349,0.05355,0.02514,0.00303,0.01192,0.01004,0.06175,0.02353,0.01573,0.01677,0.23954,0.00616,0.01583,0.00883,0.02531,0.00877,0.31920
0.03610,0.02089,0.02782,0.20819,0.21673,0.12144,0.03144,0.01248,0.18866,0.05801,0.01088,0.00502,0.00767,0.00906,0.00124,0.01242,0.00772,0.01012,0.00561,0.00850
0.01450,0.00460,0.48013,0.02584,0.00356,0.40752,0.00455,0.01034,0.00532,0.00340,0.00301,0.00412,0.00380,0.00415,0.00268,0.00456,0.00188,0.00251,0.00477,0.00876
0.17032,0.01523,0.22026,0.02296,0.01344,0.24537,0.01105,0.00908,0.01584,0.20682,0.00585,0.00899,0.00733,0.00904,0.00524,0.00515,0.00856,0.00621,0.00366,0.00961
0.11666,0.00693,0.01226,0.01024,0.00505,0.11123,0.00872,0.00328,0.00268,0.03930,0.01346,0.06758,0.01312,0.17857,0.01771,0.12782,0.00775,0.00706,0.00903,0.24157
0.01610,0.01057,0.02069,0.11709,0.14317,0.16891,0.01037,0.00519,0.03089,0.04768,0.01373,0.01404,0.03572,0.11025,0.01196,0.02001,0.04300,0.01123,0.01110,0.15828
0.27506,0.17639,0.00377,0.04445,0.02969,0.31271,0.02008,0.01151,0.02429,0.01514,0.00817,0.00509,0.01149,0.01139,0.00931,0.00859,0.00730,0.00821,0.00425,0.01313
0.01774,0.04172,0.02161,0.05534,0.02373,0.02605,0.01839,0.01684,0.01576,0.01513,0.00709,0.00326,0.13426,0.21938,0.00274,0.01623,0.00586,0.01861,0.00590,0.33438
0.01759,0.01652,0.01375,0.01557,0.18458,0.00828,0.01535,0.02271,0.15557,0.00739,0.01547,0.01867,0.04743,0.17455,0.00479,0.00861,0.01172,0.00748,0.00894,0.24501
0.00377,0.01741,0.50031,0.00706,0.00695,0.02337,0.01263,0.01082,0.00307,0.01429,0.00406,0.00345,0.01054,0.15355,0.00371,0.00792,0.00235,0.00201,0.00191,0.21083
0.00966,0.05134,0.23847,0.06956,0.22877,0.01857,0.00744,0.16079,0.11351,0.01583,0.00996,0.00616,0.01289,0.00565,0.00847,0.00858,0.00329,0.00896,0.00396,0.01813
0.31466,0.05950,0.11512,0.01258,0.00941,0.40181,0.00758,0.01044,0.01045,0.01057,0.00423,0.00320,0.00308,0.00345,0.00442,0.00642,0.00387,0.00371,0.00311,0.01242
0.01707,0.16095,0.00902,0.20916,0.02475,0.23828,0.01259,0.02506,0.01021,0.20607,0.00932,0.01555,0.01008,0.00490,0.00607,0.01138,0.00487,0.00979,0.00784,0.00704
0.01589,0.05387,0.12775,0.03594,0.18046,0.27597,0.05271,0.03894,0.00700,0.01511,0.06029,0.01664,0.01186,0.02237,0.00509,0.01361,0.01148,0.01234,0.00739,0.03530
0.02315,0.01608,0.03276,0.55094,0.01312,0.01436,0.01446,0.03517,0.01609,0.00846,0.03759,0.00730,0.08195,0.03684,0.00356,0.00763,0.00264,0.01130,0.00338,0.08323
0.02077,0.13874,0.04206,0.01480,0.02963,0.09852,0.00724,0.02369,0.01355,0.04965,0.01802,0.00572,0.01515,0.21764,0.00243,0.00402,0.00554,0.00489,0.00577,0.28219
0.00498,0.91913,0.00759,0.00775,0.00515,0.01225,0.00115,0.00269,0.00585,0.00164,0.00444,0.00509,0.00376,0.00548,0.00126,0.00149,0.00164,0.00256,0.00212,0.00397
0.00442,0.01855,0.01604,0.00847,0.16419,0.26647,0.25506,0.01418,0.02369,0.02029,0.02895,0.01429,0.01810,0.01468,0.00188,0.03030,0.03574,0.01226,0.03431,0.01814
0.01148,0.00420,0.00436,0.01372,0.01532,0.43708,0.45179,0.00594,0.00419,0.00618,0.00410,0.00496,0.00293,0.00760,0.00347,0.00667,0.00686,0.00474,0.00188,0.00255
0.08419,0.18285,0.03820,0.11592,0.02108,0.19865,0.05672,0.02536,0.02707,0.02879,0.00461,0.00488,0.00438,0.08432,0.00518,0.00427,0.00867,0.00358,0.00470,0.09658
0.10382,0.01504,0.04203,0.14002,0.02262,0.16926,0.09724,0.09521,0.01660,0.01629,0.01090,0.00875,0.01071,0.10376,0.00164,0.00435,0.00496,0.00482,0.00384,0.12812
0.01668,0.01007,0.37549,0.03013,0.01039,0.34445,0.01252,0.01154,0.00756,0.00735,0.01034,0.05108,0.00382,0.01249,0.01469,0.06081,0.00329,0.00330,0.00508,0.00892
0.00472,0.01102,0.01557,0.03747,0.00450,0.21764,0.01214,0.15601,0.00328,0.00873,0.01428,0.01506,0.12010,0.13023,0.02277,0.01332,0.00872,0.00715,0.00530,0.19201
0.00979,0.00766,0.01503,0.10151,0.01722,0.05354,0.02094,0.00833,0.01074,0.03802,0.02419,0.07495,0.01708,0.19492,0.03226,0.00647,0.06682,0.01087,0.01022,0.27945
0.01357,0.06089,0.03089,0.02022,0.01276,0.06138,0.01867,0.01395,0.00713,0.02577,0.01556,0.00753,0.00904,0.30493,0.00136,0.00358,0.00674,0.00625,0.00299,0.37681
0.00860,0.00979,0.00765,0.40563,0.00290,0.43748,0.01348,0.00353,0.01637,0.01259,0.00345,0.01438,0.00951,0.00957,0.01112,0.00677,0.00691,0.00626,0.00547,0.00854
0.16335,0.03492,0.22045,0.02832,0.00568,0.14405,0.02219,0.02064,0.00883,0.03921,0.06560,0.00415,0.00751,0.08236,0.01137,0.00528,0.00567,0.00580,0.00470,0.11992
0.01076,0.00741,0.28658,0.03005,0.35423,0.00599,0.02795,0.00765,0.02050,0.01059,0.07166,0.04472,0.00753,0.01662,0.01991,0.00475,0.00856,0.01883,0.00449,0.04125
0.01981,0.19667,0.02391,0.14393,0.01254,0.03867,0.02149,0.02217,0.22684,0.10936,0.02474,0.03353,0.02930,0.00717,0.00731,0.01321,0.01515,0.00653,0.00721,0.04046
0.11584,0.02999,0.00825,0.04331,0.02839,0.42044,0.03008,0.03840,0.01594,0.01735,0.05324,0.07956,0.00997,0.01394,0.04207,0.00701,0.01146,0.00734,0.01570,0.01170
0.00678,0.41443,0.00364,0.00436,0.00843,0.00402,0.00318,0.42801,0.00253,0.00192,0.01721,0.03681,0.00466,0.00187,0.04133,0.00256,0.00175,0.00159,0.00323,0.01170
0.01977,0.03005,0.00712,0.34178,0.01136,0.03981,0.28023,0.00778,0.00623,0.00620,0.01776,0.01861,0.07249,0.04424,0.00646,0.00484,0.00593,0.00584,0.00574,0.06776
0.16123,0.05305,0.16931,0.07190,0.02193,0.23932,0.01345,0.00824,0.01459,0.00799,0.01108,0.02035,0.05396,0.01767,0.01821,0.00998,0.04424,0.00802,0.00944,0.04605
0.04441,0.01912,0.00812,0.00667,0.00926,0.40602,0.43526,0.00530,0.01279,0.00311,0.00779,0.00637,0.00770,0.00949,0.00187,0.00246,0.00210,0.00212,0.00251,0.00751
0.01273,0.14054,0.00223,0.14016,0.01336,0.02791,0.02574,0.09555,0.03166,0.37128,0.04112,0.01674,0.00743,0.01161,0.00400,0.01014,0.00781,0.01307,0.00767,0.01927
0.01619,0.19238,0.01267,0.12031,0.00771,0.24214,0.02590,0.01954,0.00935,0.09650,0.03971,0.01305,0.01980,0.06294,0.00355,0.00433,0.00927,0.00583,0.00371,0.09511
