0.02531,0.37571,0.04249,0.01145,0.39664,0.03692,0.00695,0.00589,0.02290,0.02998,0.02010,0.02565
0.02319,0.01815,0.05780,0.01883,0.05784,0.05509,0.02489,0.02393,0.33448,0.03628,0.01561,0.33391
0.07950,0.04658,0.08128,0.03475,0.01299,0.06654,0.01130,0.01040,0.26387,0.02372,0.07683,0.29224
0.03847,0.03029,0.21880,0.18260,0.03648,0.20200,0.00387,0.00468,0.18689,0.04469,0.03049,0.02074
0.07746,0.07241,0.26147,0.01155,0.11753,0.27559,0.00740,0.00740,0.01794,0.12311,0.00819,0.01996
0.01025,0.00647,0.22085,0.16655,0.05631,0.20181,0.00686,0.00640,0.17083,0.02111,0.06174,0.07083
0.23734,0.09323,0.09126,0.04020,0.03350,0.12047,0.04002,0.04967,0.04965,0.03143,0.10978,0.10345
0.03075,0.01850,0.25123,0.13358,0.02842,0.25803,0.03387,0.03258,0.12834,0.03189,0.02483,0.02798
0.10443,0.02316,0.19840,0.11144,0.10755,0.19213,0.02288,0.01532,0.11893,0.07229,0.01356,0.01989
0.06445,0.03525,0.06980,0.02986,0.03406,0.04976,0.04251,0.04144,0.04848,0.02616,0.28180,0.27644
0.02697,0.01459,0.24020,0.04151,0.02414,0.22284,0.04139,0.04331,0.14761,0.03820,0.02751,0.13171
0.12414,0.11478,0.12399,0.04046,0.03029,0.13840,0.02326,0.02095,0.07589,0.04810,0.10314,0.15659
0.04488,0.02782,0.12349,0.01714,0.16882,0.12276,0.01392,0.01360,0.02872,0.16479,0.13062,0.14343
0.17083,0.11653,0.04693,0.18861,0.04516,0.08515,0.01257,0.01355,0.19893,0.06148,0.02018,0.04009
0.04211,0.01522,0.03819,0.01912,0.17738,0.05073,0.00528,0.00573,0.12830,0.18129,0.11312,0.22354
0.02600,0.01281,0.02846,0.24986,0.04520,0.03352,0.01996,0.02094,0.31592,0.04681,0.06909,0.13143
0.03618,0.01784,0.04771,0.15405,0.01455,0.05949,0.01014,0.01235,0.29957,0.09322,0.01661,0.23828
0.11219,0.05077,0.25543,0.03042,0.03281,0.25108,0.01216,0.01288,0.09835,0.03473,0.01782,0.09136
0.03861,0.06053,0.23479,0.05624,0.01243,0.25492,0.01676,0.02041,0.14814,0.01536,0.02936,0.11244
0.00679,0.00681,0.34393,0.06450,0.06408,0.33782,0.00654,0.00609,0.06565,0.06450,0.01902,0.01428
0.31291,0.04101,0.18890,0.05144,0.01035,0.20710,0.02050,0.01867,0.07471,0.01010,0.02026,0.04405
0.20902,0.02737,0.03413,0.07976,0.10816,0.05815,0.01370,0.01445,0.18125,0.12510,0.01698,0.13193
0.09439,0.03555,0.16529,0.17779,0.01989,0.20424,0.00947,0.00992,0.12649,0.10864,0.00707,0.04127
0.06125,0.02752,0.11735,0.06524,0.19494,0.12683,0.05615,0.05581,0.06056,0.20533,0.01093,0.01809
0.08272,0.01556,0.27811,0.06920,0.01963,0.28795,0.03140,0.03608,0.07776,0.04411,0.01252,0.04497
0.03933,0.01365,0.18602,0.16312,0.01780,0.19351,0.02098,0.02284,0.06585,0.16159,0.03502,0.08028
0.01508,0.00699,0.25960,0.05202,0.13826,0.28015,0.01026,0.01181,0.05486,0.14505,0.01364,0.01228
0.01839,0.01656,0.40695,0.01312,0.04659,0.39417,0.01431,0.01343,0.02282,0.02763,0.00718,0.01886
0.16458,0.05508,0.17208,0.14360,0.01394,0.19456,0.00784,0.00781,0.16547,0.02215,0.01296,0.03992
0.01139,0.00612,0.21964,0.03603,0.05285,0.21692,0.01262,0.01256,0.19960,0.05043,0.00878,0.17306
0.03693,0.04117,0.03418,0.33567,0.04601,0.03963,0.03211,0.03013,0.27229,0.10721,0.01059,0.01408
0.28940,0.01751,0.05474,0.03857,0.05244,0.04858,0.07459,0.07800,0.14775,0.05540,0.01829,0.12473
0.05129,0.02638,0.17766,0.03396,0.01852,0.18960,0.03943,0.03324,0.02175,0.03453,0.18241,0.19124
0.00905,0.00556,0.24555,0.14603,0.04684,0.24064,0.02729,0.02853,0.14546,0.06335,0.01181,0.02989
0.47484,0.01472,0.06207,0.05908,0.02202,0.05425,0.02666,0.02456,0.10384,0.04879,0.03108,0.07809
0.23964,0.05110,0.08880,0.02712,0.09257,0.10864,0.09911,0.09656,0.04186,0.09521,0.02300,0.03638
0.01174,0.00936,0.02696,0.06209,0.17971,0.01466,0.03523,0.03841,0.05522,0.19162,0.18808,0.18692
0.02824,0.00759,0.09640,0.33899,0.00755,0.10291,0.00786,0.00945,0.33563,0.00942,0.02672,0.02924
0.07620,0.00735,0.02999,0.37912,0.01097,0.03548,0.02581,0.02177,0.33642,0.05549,0.00678,0.01460
0.27629,0.00726,0.13129,0.06455,0.01307,0.13310,0.02168,0.02098,0.16927,0.01240,0.02086,0.12926
0.01551,0.08148,0.13178,0.14255,0.09172,0.15175,0.00840,0.00811,0.19440,0.08581,0.01026,0.07824
0.02022,0.05464,0.04420,0.09068,0.02594,0.06991,0.16768,0.16403,0.19133,0.03970,0.01090,0.12076
0.44608,0.03922,0.08918,0.10526,0.02000,0.04521,0.00803,0.00796,0.03360,0.10977,0.06380,0.03188
0.15533,0.06418,0.09581,0.06600,0.15140,0.10143,0.05949,0.06143,0.02187,0.19594,0.00908,0.01804
0.08748,0.07334,0.11860,0.07379,0.07762,0.13058,0.04169,0.04717,0.13885,0.09351,0.02099,0.09637
0.02527,0.01885,0.22268,0.01420,0.20576,0.21418,0.01942,0.02357,0.01660,0.20570,0.01663,0.01714
0.08301,0.01115,0.06192,0.04673,0.13545,0.06790,0.08142,0.07979,0.12308,0.14696,0.03951,0.12308
0.01085,0.00669,0.30680,0.00570,0.16779,0.29838,0.00379,0.00385,0.01269,0.15863,0.01096,0.01387
0.01089,0.00967,0.17680,0.22984,0.03004,0.07560,0.01244,0.01206,0.26158,0.02386,0.11141,0.04581
0.04839,0.02130,0.34246,0.06979,0.01529,0.34874,0.00804,0.00864,0.03755,0.04888,0.02509,0.02583
0.03206,0.02621,0.34166,0.03178,0.01039,0.34822,0.01478,0.01463,0.03693,0.01146,0.06533,0.06655
0.05065,0.08626,0.29309,0.03334,0.01883,0.29070,0.01177,0.01385,0.07089,0.02569,0.02638,0.07854
0.03680,0.01870,0.19372,0.03057,0.02558,0.17358,0.02857,0.03081,0.19384,0.03386,0.04096,0.19301
0.02910,0.01246,0.05264,0.26728,0.08835,0.05939,0.01689,0.01693,0.26385,0.11833,0.01880,0.05598
0.03930,0.01084,0.04736,0.13359,0.14698,0.04913,0.13160,0.13341,0.02334,0.25439,0.01088,0.01917
0.06162,0.03842,0.02693,0.21550,0.13369,0.06424,0.00837,0.00949,0.08961,0.26294,0.04409,0.04512
0.01125,0.00967,0.21108,0.11651,0.03026,0.21351,0.03291,0.03314,0.06124,0.10117,0.07890,0.10036
0.01244,0.01178,0.14254,0.07255,0.03471,0.13757,0.01915,0.01949,0.06045,0.05576,0.21354,0.22002
0.04355,0.32720,0.17081,0.03161,0.05641,0.17754,0.03395,0.03470,0.03265,0.05653,0.01417,0.02088
0.01781,0.36658,0.03147,0.14735,0.01736,0.02613,0.00814,0.00826,0.23724,0.01665,0.02162,0.10139
0.03825,0.01364,0.04793,0.02219,0.21837,0.04683,0.15200,0.15034,0.03683,0.22089,0.01366,0.03909
0.40852,0.02360,0.05221,0.03934,0.02056,0.05941,0.01345,0.01339,0.17228,0.02058,0.02054,0.15610
0.11125,0.00952,0.10167,0.11050,0.16534,0.10578,0.01195,0.00960,0.04500,0.23586,0.04191,0.05162
0.20542,0.15918,0.08056,0.02805,0.01679,0.07206,0.03983,0.03505,0.16440,0.02905,0.01595,0.15366
0.01268,0.00910,0.24117,0.04791,0.18860,0.08064,0.00565,0.00519,0.03030,0.20122,0.16667,0.01089
0.02095,0.01078,0.05159,0.24922,0.16071,0.05552,0.00797,0.00967,0.17573,0.23377,0.00871,0.01538
0.01333,0.00854,0.19411,0.13539,0.05737,0.19273,0.03472,0.03505,0.02923,0.16716,0.05510,0.07728
0.02120,0.01880,0.31118,0.02387,0.01807,0.31197,0.00664,0.00647,0.02830,0.01699,0.11194,0.12457
0.17951,0.03219,0.27588,0.06491,0.01424,0.29464,0.00790,0.00863,0.07807,0.01071,0.00966,0.02365
0.08233,0.03338,0.12077,0.04502,0.15300,0.11902,0.00519,0.00517,0.16968,0.12801,0.00809,0.13034
0.22734,0.09305,0.03019,0.08158,0.04878,0.02982,0.01373,0.01214,0.21623,0.05218,0.02911,0.16584
0.21757,0.11935,0.09209,0.08046,0.11486,0.10450,0.02019,0.01812,0.06104,0.13962,0.01345,0.01876
0.04887,0.05847,0.10147,0.05186,0.04629,0.07997,0.02560,0.02858,0.20392,0.05129,0.07555,0.22813
0.12531,0.02789,0.15332,0.05663,0.03180,0.14916,0.02190,0.02235,0.10480,0.05230,0.08647,0.16807
0.01406,0.00917,0.31996,0.01677,0.04695,0.32822,0.08380,0.08512,0.01846,0.04851,0.01265,0.01632
0.02700,0.01141,0.18144,0.05294,0.05617,0.10687,0.07845,0.08122,0.04654,0.07589,0.17155,0.11052
0.01191,0.01153,0.10248,0.06270,0.12364,0.09885,0.03374,0.02983,0.06611,0.12079,0.17216,0.16625
0.02308,0.02651,0.35700,0.01375,0.03425,0.36076,0.01854,0.01834,0.05552,0.03434,0.00568,0.05223
0.14343,0.01055,0.06006,0.09936,0.08597,0.06330,0.04182,0.05062,0.13436,0.15579,0.02163,0.13311
0.11857,0.01400,0.06925,0.04476,0.02120,0.07404,0.00850,0.00763,0.03046,0.04805,0.27429,0.28923
0.03298,0.01947,0.25072,0.15813,0.02414,0.25091,0.01542,0.01366,0.16543,0.02057,0.02029,0.02827
0.02549,0.03416,0.21389,0.18464,0.06137,0.21067,0.00584,0.00508,0.03461,0.19898,0.01283,0.01244
0.01131,0.00947,0.33016,0.11170,0.01159,0.33229,0.01801,0.01829,0.03674,0.08665,0.01648,0.01730
0.05777,0.03034,0.24770,0.06794,0.10873,0.25244,0.00627,0.00596,0.07473,0.10504,0.01816,0.02492
0.01748,0.02040,0.20457,0.07596,0.05608,0.21887,0.06890,0.06628,0.12888,0.06322,0.00712,0.07224
0.00789,0.03944,0.22098,0.02283,0.13091,0.22103,0.08235,0.08107,0.02911,0.12707,0.01736,0.01994
0.15088,0.04572,0.17619,0.04079,0.14038,0.17983,0.01512,0.01816,0.04498,0.14155,0.01734,0.02906
0.04616,0.02648,0.28870,0.05402,0.05980,0.28966,0.01173,0.01134,0.06312,0.05951,0.03789,0.05158
0.10182,0.09134,0.14229,0.23066,0.01332,0.14647,0.00535,0.00493,0.22900,0.01730,0.00741,0.01010
0.02330,0.01486,0.21385,0.00978,0.08329,0.20983,0.06750,0.06353,0.01426,0.07706,0.10717,0.11556
0.10478,0.08778,0.05825,0.05624,0.20354,0.06616,0.00770,0.00799,0.09472,0.21038,0.02710,0.07536
0.17529,0.13840,0.15671,0.01304,0.02382,0.16030,0.11228,0.11461,0.02884,0.02735,0.01349,0.03587
0.01744,0.01203,0.26762,0.13532,0.04967,0.26550,0.00729,0.00678,0.05606,0.14971,0.00571,0.02687
0.00832,0.00959,0.07255,0.14631,0.02392,0.04767,0.20267,0.20195,0.17593,0.02338,0.04528,0.04243
0.04800,0.03329,0.34486,0.01952,0.03738,0.33792,0.01439,0.01647,0.04511,0.04663,0.01476,0.04168
0.03111,0.01506,0.01703,0.09375,0.34512,0.01810,0.00778,0.00712,0.09016,0.34461,0.01431,0.01583
0.04444,0.01712,0.20990,0.03719,0.17316,0.21791,0.02873,0.02855,0.03588,0.17833,0.01089,0.01789
0.16270,0.13957,0.23583,0.02183,0.01322,0.10171,0.04306,0.04039,0.05084,0.01066,0.14647,0.03372
0.01675,0.01242,0.06382,0.24183,0.01636,0.10270,0.03910,0.04434,0.25203,0.02560,0.09678,0.08827
0.02463,0.01555,0.04461,0.06161,0.14305,0.04983,0.17540,0.17584,0.06222,0.17916,0.01073,0.05737
0.06247,0.01938,0.15693,0.07334,0.07224,0.14173,0.01509,0.01371,0.17093,0.04286,0.07086,0.16048
0.02523,0.00771,0.34308,0.06158,0.00601,0.33776,0.01252,0.01149,0.08970,0.00884,0.03993,0.05613
0.15340,0.06373,0.30452,0.02511,0.01642,0.30196,0.01149,0.01037,0.02181,0.02206,0.03326,0.03587
0.20787,0.19288,0.16755,0.04180,0.05195,0.16350,0.01162,0.01103,0.03948,0.06046,0.01870,0.03318
0.01812,0.01062,0.37436,0.01591,0.04845,0.37654,0.00876,0.00902,0.02353,0.04289,0.03083,0.04096
0.05667,0.00364,0.16460,0.01216,0.11837,0.16574,0.01722,0.01708,0.08692,0.11523,0.08082,0.16156
0.19181,0.04009,0.22015,0.12494,0.01637,0.12354,0.00877,0.00958,0.11785,0.02411,0.10805,0.01476
0.02350,0.01092,0.25170,0.01372,0.19169,0.25156,0.00540,0.00604,0.02561,0.19168,0.00675,0.02142
0.02602,0.01922,0.04424,0.24223,0.08351,0.04261,0.01409,0.01376,0.19714,0.17820,0.04956,0.08944
0.05704,0.01342,0.20269,0.03124,0.10440,0.16029,0.01029,0.01170,0.14895,0.09325,0.04451,0.12222
0.01134,0.01210,0.21901,0.04697,0.18279,0.20698,0.00362,0.00398,0.04805,0.17339,0.04725,0.04451
0.33033,0.00854,0.18830,0.03123,0.04515,0.18725,0.01995,0.01964,0.06284,0.05428,0.00522,0.04727
0.03213,0.04988,0.22711,0.01446,0.02414,0.26089,0.01206,0.01421,0.15902,0.02228,0.02088,0.16294
0.19841,0.12659,0.13152,0.03647,0.06842,0.11080,0.01938,0.01776,0.07002,0.07658,0.05984,0.08424
0.09347,0.08380,0.15695,0.09167,0.00865,0.15551,0.13580,0.13587,0.01901,0.09026,0.00903,0.02000
0.09737,0.02206,0.10254,0.03327,0.04698,0.12950,0.02442,0.02398,0.08933,0.06287,0.15126,0.21642
0.03465,0.02140,0.13982,0.25592,0.03022,0.13074,0.01977,0.01596,0.17607,0.12305,0.02286,0.02953
0.01685,0.12455,0.16829,0.10472,0.04584,0.16341,0.01329,0.01358,0.08804,0.05884,0.10271,0.09987
0.05002,0.02396,0.06762,0.01352,0.13739,0.06229,0.15645,0.15797,0.05942,0.13042,0.04667,0.09427
0.18880,0.01289,0.10657,0.13592,0.12286,0.10843,0.01444,0.01681,0.14239,0.12583,0.00672,0.01835
0.01895,0.01063,0.23517,0.14657,0.03464,0.23466,0.04937,0.04512,0.12539,0.06131,0.01879,0.01941
0.13781,0.12397,0.05962,0.14517,0.07140,0.08710,0.01653,0.01461,0.08456,0.17483,0.01685,0.06754
0.02486,0.00741,0.26217,0.09872,0.07156,0.26108,0.00634,0.00688,0.10404,0.06393,0.04170,0.05132
0.13441,0.11944,0.14667,0.00917,0.19668,0.13811,0.00464,0.00587,0.02159,0.16637,0.02892,0.02814
0.01126,0.00959,0.10877,0.08273,0.00682,0.11314,0.23240,0.22814,0.10817,0.00673,0.03738,0.05489
0.01677,0.03550,0.24894,0.01391,0.09502,0.13893,0.03326,0.03593,0.06646,0.08641,0.13956,0.08931
0.03027,0.02563,0.07784,0.11197,0.01110,0.08153,0.17340,0.17715,0.14690,0.04234,0.02934,0.09254
0.01622,0.00984,0.29884,0.04637,0.06927,0.29893,0.02217,0.02567,0.07073,0.06554,0.02307,0.05337
0.14959,0.04995,0.02308,0.01476,0.13143,0.02440,0.00783,0.00629,0.10350,0.12190,0.13867,0.22861
0.02508,0.02998,0.05151,0.06807,0.01194,0.06537,0.18017,0.17984,0.18972,0.02547,0.01972,0.15314
0.00731,0.00423,0.18883,0.14381,0.00647,0.18578,0.00395,0.00392,0.29118,0.00786,0.00364,0.15302
0.02463,0.00915,0.16570,0.18911,0.10071,0.16784,0.00856,0.00921,0.19565,0.09820,0.01000,0.02123
0.56715,0.00668,0.04843,0.06995,0.01446,0.02276,0.06610,0.06402,0.03978,0.05343,0.03321,0.01402
0.00693,0.00405,0.25797,0.06050,0.04039,0.25512,0.07552,0.07548,0.08095,0.07000,0.01087,0.06221
0.02339,0.01635,0.05951,0.27921,0.05484,0.05439,0.06247,0.06780,0.04207,0.30425,0.01073,0.02500
0.02451,0.03906,0.08923,0.04857,0.09836,0.17736,0.01671,0.01702,0.05326,0.12052,0.14022,0.17518
0.03188,0.08811,0.24102,0.03829,0.12269,0.24373,0.00693,0.00690,0.07014,0.06116,0.02301,0.06614
0.02683,0.01239,0.02060,0.24730,0.05301,0.03309,0.01408,0.01242,0.37562,0.05219,0.00868,0.14378
0.01189,0.00631,0.08324,0.12562,0.01784,0.06451,0.24100,0.24202,0.08525,0.06193,0.03061,0.02978
0.03447,0.01782,0.11159,0.06694,0.02216,0.14622,0.19880,0.19339,0.06564,0.06098,0.02128,0.06072
0.01122,0.00892,0.26589,0.04888,0.01673,0.28664,0.01177,0.01234,0.07904,0.01364,0.10466,0.14026
0.05136,0.03259,0.24765,0.06564,0.01422,0.24538,0.01097,0.01047,0.16909,0.01936,0.01203,0.12122
0.05732,0.01489,0.10612,0.01267,0.24115,0.11054,0.01417,0.01379,0.08407,0.23930,0.01782,0.08816
0.07913,0.07345,0.08241,0.01445,0.09324,0.08397,0.10383,0.10799,0.02329,0.09245,0.11794,0.12786
0.07492,0.04844,0.19460,0.03083,0.06955,0.17975,0.01418,0.01510,0.11036,0.07901,0.05035,0.13291
0.27260,0.02397,0.07421,0.06779,0.11185,0.07177,0.01075,0.01002,0.07976,0.10265,0.08390,0.09073
0.14782,0.02128,0.04893,0.08489,0.09499,0.06606,0.13177,0.13754,0.03827,0.14596,0.03861,0.04389
0.03020,0.00643,0.06505,0.07233,0.05538,0.07172,0.00962,0.00876,0.29810,0.06766,0.03923,0.27552
0.25043,0.21244,0.13041,0.03815,0.05090,0.13135,0.00883,0.01023,0.04631,0.05788,0.02273,0.04035
0.01106,0.00652,0.29092,0.03640,0.15183,0.29155,0.00578,0.00560,0.03835,0.14898,0.00373,0.00926
0.30920,0.01105,0.15579,0.03503,0.06650,0.15147,0.03252,0.02793,0.03285,0.05027,0.05922,0.06818
0.00928,0.00519,0.17494,0.13782,0.15848,0.16381,0.00730,0.00798,0.02274,0.26102,0.01963,0.03180
0.02094,0.01314,0.09004,0.18172,0.14721,0.09200,0.02805,0.03430,0.18521,0.15522,0.02415,0.02801
0.03369,0.01220,0.21331,0.11205,0.01963,0.21289,0.00923,0.01054,0.16698,0.02098,0.06693,0.12156
0.17866,0.02814,0.06433,0.16467,0.06950,0.07099,0.01785,0.01791,0.21801,0.07570,0.02584,0.06840
0.04468,0.02133,0.23271,0.06873,0.12382,0.24137,0.02286,0.02423,0.01638,0.17508,0.01195,0.01684
0.03993,0.03529,0.21267,0.02548,0.04381,0.21397,0.07278,0.07225,0.12027,0.04944,0.00853,0.10558
0.09493,0.03268,0.12183,0.14544,0.08459,0.07270,0.06060,0.05879,0.12261,0.11442,0.06199,0.02942
0.12985,0.03899,0.16279,0.09054,0.01938,0.17809,0.00572,0.00543,0.18895,0.04548,0.00703,0.12776
0.01539,0.00816,0.29483,0.10830,0.00995,0.29392,0.03273,0.02957,0.13975,0.01580,0.00675,0.04485
0.11243,0.01761,0.02587,0.12274,0.14898,0.04224,0.11558,0.11158,0.09749,0.18275,0.00637,0.01636
0.02182,0.00794,0.30388,0.10318,0.02064,0.30770,0.04758,0.04787,0.07969,0.04109,0.00909,0.00952
0.13204,0.03303,0.05869,0.11526,0.02017,0.07089,0.00904,0.00726,0.12880,0.02116,0.19308,0.21059
0.02007,0.01013,0.24724,0.02057,0.18435,0.24970,0.00967,0.00865,0.03288,0.18088,0.00888,0.02698
0.01497,0.00978,0.07353,0.16926,0.02381,0.07491,0.01326,0.01235,0.36762,0.02486,0.00566,0.21000
0.10974,0.01941,0.28237,0.11566,0.01786,0.28745,0.00616,0.00647,0.11192,0.02097,0.00836,0.01363
0.12676,0.06691,0.06208,0.11082,0.02632,0.07425,0.01401,0.01373,0.09978,0.04478,0.18069,0.17986
0.03482,0.01041,0.09133,0.01263,0.09729,0.09795,0.07227,0.07839,0.14315,0.09800,0.06783,0.19592
0.07933,0.06433,0.20757,0.05312,0.10155,0.21577,0.01324,0.01470,0.05306,0.12063,0.02791,0.04879
0.01418,0.00760,0.04794,0.05418,0.15246,0.02739,0.04599,0.05039,0.19717,0.14727,0.06514,0.19030
0.14082,0.02140,0.08829,0.09138,0.05173,0.10624,0.04833,0.05252,0.17212,0.06268,0.03724,0.12726
0.06662,0.02078,0.04296,0.05954,0.08627,0.03457,0.14712,0.14964,0.07005,0.09800,0.10238,0.12206
0.00912,0.00685,0.39454,0.00723,0.01824,0.39407,0.02304,0.02782,0.03569,0.01960,0.01596,0.04784
0.10474,0.09565,0.16604,0.11856,0.07968,0.13537,0.01276,0.01259,0.12353,0.07970,0.04803,0.02335
0.12490,0.12990,0.14218,0.10537,0.02165,0.16392,0.02126,0.02073,0.16014,0.02320,0.01921,0.06756
0.03091,0.01611,0.08651,0.04218,0.29786,0.09623,0.01271,0.01066,0.03770,0.31499,0.02084,0.03329
0.01143,0.00637,0.14198,0.30805,0.02143,0.14520,0.00395,0.00446,0.29968,0.03456,0.01052,0.01235
0.01811,0.01159,0.16244,0.12298,0.04451,0.17096,0.12651,0.12773,0.10889,0.06741,0.01592,0.02296
0.35395,0.25263,0.06808,0.02172,0.04118,0.07332,0.02293,0.02676,0.03551,0.03507,0.02994,0.03889
0.11452,0.04517,0.15998,0.07385,0.00925,0.16457,0.01128,0.00950,0.21582,0.01691,0.01143,0.16772
0.02600,0.01057,0.09825,0.17063,0.17700,0.08108,0.00730,0.00671,0.17758,0.18665,0.02551,0.03272
0.04308,0.01639,0.16756,0.11938,0.02839,0.05689,0.02567,0.02597,0.20605,0.02644,0.16648,0.11771
0.12118,0.14728,0.05055,0.03526,0.18765,0.07841,0.00967,0.01035,0.07222,0.10662,0.06860,0.11221
0.01616,0.01061,0.27964,0.03688,0.01917,0.24259,0.00949,0.00984,0.13753,0.01788,0.07886,0.14135
0.02248,0.03213,0.03979,0.08343,0.22634,0.05648,0.03563,0.03714,0.11110,0.24405,0.02253,0.08890
0.22006,0.09546,0.02813,0.03473,0.01745,0.04246,0.03703,0.03252,0.04463,0.02367,0.20624,0.21761
0.00624,0.00335,0.17392,0.22368,0.03437,0.17599,0.04663,0.04649,0.22837,0.03653,0.00555,0.01888
0.42147,0.03590,0.12797,0.05133,0.04875,0.13075,0.00857,0.00713,0.07205,0.03521,0.02022,0.04066
0.02132,0.01251,0.14745,0.10946,0.13258,0.14129,0.03198,0.02735,0.11432,0.12617,0.06519,0.07039
0.06080,0.00976,0.37002,0.00751,0.01276,0.37116,0.00595,0.00751,0.06895,0.01437,0.00350,0.06770
0.54931,0.01428,0.06414,0.09060,0.03619,0.06131,0.01823,0.01946,0.04784,0.07465,0.01599,0.00800
0.06757,0.02326,0.02688,0.22409,0.16442,0.02856,0.01278,0.01584,0.24149,0.16290,0.00592,0.02628
0.00980,0.01197,0.25942,0.01891,0.06074,0.26015,0.00762,0.00823,0.01410,0.05962,0.14341,0.14602
0.20150,0.13335,0.18258,0.04838,0.03699,0.17939,0.01545,0.01712,0.08827,0.02758,0.01461,0.05479
0.04225,0.00625,0.10085,0.03708,0.29664,0.10253,0.00395,0.00392,0.03591,0.30170,0.02790,0.04101
0.04621,0.02274,0.03335,0.21917,0.05871,0.05605,0.01066,0.01140,0.23236,0.16041,0.01543,0.13352
0.04638,0.01837,0.07736,0.09359,0.17444,0.08424,0.09307,0.09834,0.09579,0.17780,0.01590,0.02471
0.07438,0.07345,0.04353,0.04415,0.20078,0.05414,0.04628,0.05000,0.07563,0.19298,0.05924,0.08545
0.08253,0.02468,0.09430,0.26538,0.03965,0.11440,0.01441,0.01341,0.27004,0.04189,0.01811,0.02120
0.28831,0.02209,0.09692,0.02632,0.16262,0.12391,0.01716,0.01906,0.03436,0.15926,0.01977,0.03021
0.05069,0.06377,0.05786,0.08828,0.04131,0.07301,0.01830,0.01983,0.21899,0.06667,0.07052,0.23078
0.01814,0.00819,0.10027,0.11182,0.11801,0.10327,0.03197,0.03349,0.21405,0.12412,0.00998,0.12669
0.02256,0.00949,0.14969,0.08083,0.22903,0.14937,0.01126,0.00981,0.08633,0.23032,0.00721,0.01410
0.05850,0.03969,0.14253,0.02188,0.10272,0.13888,0.00961,0.01012,0.08242,0.09805,0.11533,0.18027
0.14700,0.10281,0.03294,0.12328,0.02367,0.03949,0.16343,0.16322,0.13651,0.03083,0.01022,0.02661
0.01095,0.01273,0.02830,0.10492,0.03041,0.02433,0.11212,0.11068,0.30236,0.03657,0.01138,0.21525
0.09389,0.07870,0.14352,0.14372,0.03292,0.14172,0.08300,0.08340,0.15576,0.01808,0.00766,0.01763
0.08649,0.07819,0.12098,0.06875,0.07488,0.12597,0.01116,0.01248,0.15822,0.07808,0.04652,0.13829
0.28291,0.03591,0.12786,0.07557,0.04285,0.12855,0.06149,0.06074,0.04648,0.09711,0.01414,0.02641
0.01228,0.00677,0.30938,0.11289,0.01059,0.30104,0.03401,0.03439,0.09126,0.04372,0.01658,0.02708
0.06919,0.04491,0.29179,0.06648,0.01902,0.30502,0.00542,0.00480,0.09512,0.01810,0.02200,0.05815
0.01877,0.01125,0.11118,0.18914,0.15346,0.10887,0.01741,0.01694,0.18827,0.15299,0.01688,0.01483
0.08130,0.02078,0.08454,0.02956,0.07882,0.09750,0.01763,0.01893,0.24105,0.08898,0.00719,0.23371
0.02100,0.01348,0.13908,0.24315,0.02550,0.13923,0.05984,0.06149,0.23762,0.02760,0.01048,0.02151
0.23546,0.01143,0.14976,0.02663,0.03600,0.14669,0.13379,0.13359,0.02166,0.02537,0.03513,0.04449
0.04799,0.02469,0.20015,0.08600,0.04499,0.20116,0.09508,0.09683,0.07517,0.08462,0.00640,0.03691
0.03819,0.09434,0.19663,0.04130,0.13857,0.21554,0.01083,0.01219,0.04979,0.14385,0.03073,0.02806
0.01374,0.10115,0.16578,0.07565,0.23897,0.16066,0.00702,0.00743,0.03848,0.16669,0.00974,0.01467
0.01378,0.05626,0.25548,0.07524,0.05808,0.24477,0.02861,0.02895,0.12538,0.03247,0.01338,0.06760
0.20086,0.03782,0.08647,0.02293,0.21077,0.08839,0.01545,0.01396,0.04647,0.21774,0.01181,0.04733
0.03723,0.01876,0.18118,0.11956,0.03230,0.18027,0.01568,0.01239,0.18346,0.02634,0.06357,0.12926
0.03705,0.01571,0.40146,0.01046,0.00871,0.40359,0.01194,0.01144,0.01101,0.01004,0.03919,0.03942
0.15813,0.01240,0.26114,0.06132,0.01354,0.26597,0.06125,0.05801,0.04309,0.03930,0.01109,0.01476
0.06003,0.01490,0.27587,0.08976,0.01802,0.11848,0.03506,0.03598,0.04863,0.09099,0.16842,0.04388
0.17283,0.11197,0.13440,0.04682,0.01674,0.14396,0.02281,0.02071,0.13530,0.01805,0.04520,0.13121
0.02496,0.01487,0.05617,0.08771,0.31567,0.03863,0.01226,0.01206,0.04562,0.35807,0.02198,0.01200
0.01456,0.01254,0.12794,0.04135,0.01971,0.12171,0.10752,0.10805,0.21735,0.01949,0.02291,0.18687
0.03704,0.00751,0.16995,0.09907,0.01768,0.19119,0.00835,0.00738,0.13417,0.01366,0.14034,0.17366
0.02517,0.15333,0.21405,0.08609,0.03520,0.22087,0.04988,0.04804,0.10570,0.01680,0.01338,0.03148
0.03027,0.01615,0.03143,0.04080,0.16491,0.03609,0.01576,0.01394,0.11950,0.16134,0.14520,0.22462
0.01720,0.00476,0.05128,0.01243,0.02262,0.05583,0.00645,0.00779,0.18953,0.02441,0.21716,0.39054
0.01505,0.00749,0.41807,0.03464,0.00987,0.42021,0.00404,0.00395,0.04770,0.01238,0.00449,0.02211
0.06618,0.02931,0.18280,0.09423,0.03594,0.06656,0.10619,0.10940,0.03892,0.10799,0.13406,0.02842
0.03990,0.01180,0.21977,0.01829,0.10086,0.22350,0.00598,0.00569,0.13330,0.10586,0.00668,0.12838
0.02087,0.01066,0.13180,0.02557,0.02869,0.13282,0.01122,0.01102,0.29265,0.02507,0.02248,0.28714
0.23164,0.03256,0.09091,0.01476,0.22536,0.09146,0.01199,0.01132,0.03463,0.21957,0.00537,0.03042
0.01290,0.00877,0.27714,0.03234,0.03640,0.27819,0.01046,0.01028,0.15599,0.03629,0.00839,0.13284
0.01040,0.02620,0.02982,0.03176,0.01958,0.03149,0.13920,0.13387,0.03544,0.00818,0.26523,0.26884
0.03272,0.02601,0.07509,0.14378,0.16092,0.08237,0.01682,0.01816,0.14583,0.21605,0.00642,0.07583
0.01071,0.00703,0.35439,0.07179,0.01729,0.34491,0.01445,0.01546,0.07589,0.04077,0.01217,0.03514
0.15410,0.13521,0.16251,0.02056,0.04167,0.16500,0.04764,0.04714,0.06284,0.05010,0.02874,0.08449
0.08215,0.04931,0.29135,0.02652,0.05387,0.29096,0.01074,0.00995,0.02355,0.06064,0.05242,0.04854
0.06620,0.01921,0.18068,0.05404,0.03721,0.17389,0.14509,0.14705,0.06967,0.03732,0.02809,0.04157
0.01260,0.01463,0.17547,0.03338,0.09898,0.11973,0.06108,0.07188,0.12354,0.10094,0.06891,0.11886
0.01802,0.02829,0.10119,0.17780,0.11805,0.08598,0.00856,0.00914,0.23379,0.12172,0.02973,0.06773
0.03826,0.16027,0.07708,0.07351,0.18836,0.07915,0.03573,0.04191,0.12911,0.06940,0.02115,0.08608
0.03111,0.02537,0.35266,0.05261,0.02092,0.35601,0.00715,0.00700,0.05349,0.01900,0.03719,0.03748
0.09330,0.06286,0.11402,0.10469,0.04769,0.11150,0.13218,0.13342,0.04719,0.10756,0.01740,0.02819
0.01395,0.01598,0.36725,0.00938,0.02379,0.36468,0.07866,0.07727,0.01292,0.01276,0.00968,0.01366
0.12587,0.00666,0.26338,0.01857,0.05416,0.26413,0.03235,0.03316,0.05625,0.06065,0.01932,0.06552
0.01505,0.02004,0.03161,0.34313,0.06605,0.03382,0.02215,0.02065,0.35153,0.06715,0.00859,0.02023
0.19425,0.21335,0.04514,0.07673,0.06429,0.13602,0.00912,0.00974,0.12096,0.07368,0.00746,0.04926
0.15157,0.02766,0.03701,0.11059,0.19513,0.03797,0.03400,0.03114,0.12987,0.19648,0.01663,0.03196
0.02558,0.16014,0.17298,0.03625,0.07258,0.17423,0.00628,0.00529,0.12546,0.08170,0.02286,0.11665
0.03693,0.03885,0.16383,0.04444,0.01942,0.20204,0.12470,0.13034,0.09264,0.03016,0.02682,0.08984
0.02943,0.01904,0.27135,0.16466,0.01989,0.27212,0.00613,0.00520,0.17026,0.01347,0.00967,0.01878
0.08147,0.00614,0.07728,0.02362,0.04667,0.07747,0.08271,0.07697,0.22053,0.04464,0.02825,0.23425
0.49240,0.03321,0.07543,0.05928,0.02879,0.08449,0.02138,0.01889,0.09328,0.02467,0.01595,0.05223
0.04506,0.04913,0.12810,0.11018,0.02280,0.10604,0.14306,0.13933,0.08264,0.05212,0.06999,0.05154
0.03548,0.02337,0.03215,0.11997,0.11719,0.03305,0.01475,0.01463,0.22108,0.12517,0.07526,0.18790
0.00906,0.00745,0.19523,0.16616,0.11158,0.15672,0.00978,0.01084,0.16627,0.11090,0.04302,0.01299
0.01107,0.00885,0.12661,0.26488,0.06377,0.07458,0.01380,0.01382,0.20653,0.12333,0.07238,0.02037
0.01897,0.01410,0.29021,0.04165,0.07761,0.28942,0.01493,0.01559,0.04196,0.07028,0.05919,0.06609
0.11140,0.01391,0.08080,0.08768,0.14356,0.07577,0.02869,0.02769,0.03059,0.21187,0.08998,0.09807
0.13802,0.01691,0.30182,0.04569,0.01000,0.30109,0.01063,0.00978,0.09306,0.01029,0.00765,0.05507
0.08190,0.01455,0.08862,0.20838,0.02602,0.09202,0.00744,0.00803,0.25696,0.02358,0.07169,0.12081
0.02203,0.01600,0.09474,0.02041,0.03462,0.10102,0.03498,0.03082,0.03748,0.01757,0.28451,0.30582
0.00983,0.00858,0.12970,0.02143,0.09175,0.13204,0.19492,0.19538,0.05707,0.09278,0.01021,0.05631
0.04351,0.04113,0.15792,0.11222,0.12516,0.16306,0.03763,0.03622,0.10453,0.11378,0.02894,0.03589
0.01834,0.01819,0.22173,0.18034,0.04507,0.22126,0.01306,0.01305,0.19719,0.04309,0.00455,0.02414
0.14098,0.00669,0.25513,0.00900,0.02846,0.25739,0.01014,0.00885,0.12178,0.03151,0.00644,0.12363
0.04658,0.02058,0.12553,0.06460,0.09657,0.15763,0.01930,0.02047,0.17368,0.11422,0.01533,0.14552
0.14794,0.06836,0.07241,0.03941,0.03258,0.10514,0.02101,0.02166,0.07919,0.03845,0.16613,0.20771
0.36735,0.00955,0.03151,0.06856,0.14278,0.03594,0.01763,0.01767,0.06538,0.14855,0.04629,0.04877
0.10658,0.04638,0.15812,0.10069,0.07080,0.15349,0.02010,0.01869,0.10955,0.02465,0.08747,0.10349
0.01988,0.01079,0.04972,0.05655,0.02041,0.04557,0.00893,0.00923,0.33648,0.01701,0.07178,0.35365
0.01508,0.05810,0.26314,0.03612,0.08407,0.29535,0.03335,0.03476,0.04947,0.08471,0.01367,0.03219
0.05298,0.03029,0.15627,0.08469,0.03863,0.16073,0.15463,0.15579,0.07747,0.05320,0.01440,0.02091
0.02053,0.01346,0.07629,0.16633,0.02077,0.07653,0.00420,0.00435,0.37160,0.01483,0.01548,0.21563
0.25609,0.00990,0.19189,0.03405,0.01856,0.19497,0.02766,0.02316,0.05205,0.02226,0.07368,0.09574
0.02134,0.02788,0.04753,0.05853,0.02745,0.04332,0.27214,0.27107,0.05794,0.03461,0.07448,0.06371
0.26986,0.01998,0.17379,0.11417,0.04649,0.17291,0.00676,0.00667,0.10732,0.05267,0.01343,0.01597
0.03153,0.01324,0.14259,0.11957,0.05413,0.14607,0.12140,0.12863,0.13860,0.05207,0.01438,0.03780
0.06883,0.01122,0.03067,0.25879,0.01005,0.03728,0.00791,0.00773,0.35648,0.01507,0.04448,0.15149
0.13965,0.06042,0.10235,0.02679,0.09808,0.10832,0.11625,0.11066,0.06920,0.10153,0.00832,0.05842
0.21557,0.08159,0.18069,0.03875,0.03070,0.18919,0.02120,0.01724,0.03476,0.04054,0.07534,0.07443
0.01277,0.00748,0.12098,0.00683,0.19954,0.12202,0.00483,0.00562,0.15292,0.20315,0.00816,0.15570
0.44268,0.01935,0.07533,0.12389,0.01942,0.07896,0.00652,0.00617,0.08635,0.09633,0.01110,0.03389
0.01662,0.00977,0.13640,0.02102,0.21405,0.13942,0.09780,0.09576,0.03036,0.21159,0.00794,0.01927
0.02869,0.02050,0.30259,0.07584,0.03105,0.29046,0.01025,0.01049,0.07566,0.03925,0.06249,0.05273
0.02495,0.01302,0.33697,0.01351,0.03061,0.32971,0.01258,0.01310,0.10768,0.00954,0.00849,0.09985
0.15587,0.01631,0.06205,0.20489,0.04810,0.07256,0.02617,0.02667,0.07657,0.17559,0.05833,0.07691
0.02007,0.03772,0.05065,0.21343,0.05816,0.10559,0.00753,0.00827,0.28157,0.05670,0.05331,0.10700
0.04507,0.02816,0.09722,0.05680,0.03861,0.09095,0.03542,0.03276,0.28197,0.03978,0.01820,0.23506
0.04114,0.02380,0.05639,0.17196,0.03363,0.03923,0.04941,0.04829,0.21698,0.04748,0.11558,0.15612
0.04795,0.02061,0.15690,0.03557,0.07400,0.15773,0.02588,0.03182,0.18162,0.08689,0.01202,0.16902
0.08688,0.00959,0.14915,0.07570,0.16458,0.11254,0.01816,0.01651,0.10901,0.16645,0.05163,0.03980
0.01031,0.07311,0.04497,0.04565,0.03363,0.03862,0.00685,0.00644,0.13338,0.04675,0.22316,0.33714
0.01219,0.00806,0.35517,0.03051,0.08554,0.34952,0.00627,0.00726,0.02089,0.09292,0.01860,0.01310
0.01441,0.01995,0.03897,0.06157,0.03127,0.04206,0.28953,0.28493,0.06628,0.02709,0.05925,0.06467
