0.04586,0.04516,0.05387,0.05031,0.04462,0.35804,0.24161,0.05677,0.05595,0.04780
0.03320,0.03298,0.02820,0.03128,0.03195,0.08740,0.12521,0.21929,0.23723,0.17326
0.09938,0.08202,0.17912,0.05267,0.28887,0.15712,0.05954,0.02536,0.04166,0.01426
0.07206,0.06448,0.06724,0.07899,0.08070,0.06282,0.06773,0.03979,0.39736,0.06883
0.05408,0.10957,0.11211,0.07092,0.13322,0.21117,0.04653,0.04748,0.17859,0.03632
0.07372,0.09319,0.10489,0.10728,0.12892,0.18272,0.13392,0.08975,0.04650,0.03912
0.08584,0.06441,0.05829,0.13067,0.08179,0.23449,0.18250,0.08554,0.05175,0.02472
0.01506,0.01222,0.01419,0.01258,0.01242,0.02836,0.12683,0.58891,0.16014,0.02931
0.10790,0.07574,0.09873,0.07404,0.09109,0.06582,0.14425,0.06228,0.10142,0.17873
0.14702,0.11165,0.13296,0.11973,0.11225,0.07027,0.04173,0.03742,0.20134,0.02562
0.07692,0.06264,0.06500,0.04978,0.06122,0.07571,0.12541,0.05509,0.29830,0.12993
0.03078,0.02821,0.02452,0.02862,0.03575,0.31451,0.16353,0.22809,0.07138,0.07460
0.03285,0.02794,0.02681,0.02529,0.03154,0.22162,0.13578,0.07462,0.32526,0.09831
0.03286,0.03416,0.03228,0.03190,0.03933,0.07595,0.11095,0.16286,0.33255,0.14717
0.07460,0.06688,0.06909,0.07341,0.05855,0.05953,0.10493,0.23332,0.09395,0.16574
0.05024,0.05187,0.04468,0.04318,0.07133,0.12097,0.33818,0.07461,0.07847,0.12647
0.04595,0.03963,0.03918,0.03928,0.03837,0.05439,0.06151,0.22486,0.30506,0.15177
0.06594,0.06393,0.05580,0.06798,0.05700,0.06657,0.20463,0.06374,0.33100,0.02341
0.04675,0.05077,0.04072,0.05127,0.04967,0.15217,0.08100,0.18799,0.29983,0.03983
0.01550,0.01425,0.01304,0.01525,0.02028,0.30900,0.04963,0.08111,0.46079,0.02115
0.01756,0.02068,0.01987,0.02086,0.01815,0.07909,0.43722,0.02812,0.29256,0.06588
0.17707,0.10357,0.13827,0.06904,0.06672,0.26089,0.09142,0.03407,0.03884,0.02011
0.02041,0.02198,0.02164,0.02171,0.02575,0.32970,0.28508,0.13524,0.05824,0.08025
0.12998,0.14772,0.18658,0.09973,0.10692,0.02938,0.03230,0.02515,0.19692,0.04533
0.06832,0.09252,0.07218,0.07430,0.11488,0.23758,0.19340,0.07775,0.03557,0.03351
0.01556,0.01690,0.01910,0.01892,0.02149,0.21758,0.11811,0.31444,0.11359,0.14432
0.05956,0.04618,0.05711,0.04873,0.04557,0.03177,0.03550,0.12134,0.20989,0.34436
0.04792,0.04163,0.03468,0.04321,0.04946,0.08030,0.24105,0.11043,0.16892,0.18240
0.05202,0.05559,0.04994,0.08081,0.04845,0.11991,0.35342,0.03988,0.12387,0.07610
0.04009,0.03777,0.03003,0.03882,0.05047,0.09040,0.03585,0.04539,0.60992,0.02126
0.05676,0.05413,0.04788,0.05983,0.05939,0.11459,0.05929,0.34120,0.15318,0.05375
0.03453,0.03459,0.03113,0.03477,0.03157,0.16677,0.14176,0.08043,0.41480,0.02965
0.02580,0.02126,0.02045,0.01866,0.01814,0.05862,0.38914,0.02461,0.15334,0.26998
0.11501,0.07609,0.09176,0.08000,0.06989,0.08291,0.14530,0.20969,0.07508,0.05427
0.27956,0.08921,0.13547,0.03931,0.10856,0.04090,0.06688,0.08217,0.07784,0.08010
0.08067,0.06964,0.08319,0.07770,0.08648,0.03860,0.06219,0.05486,0.21952,0.22715
0.03274,0.02924,0.02399,0.03199,0.05556,0.39780,0.13799,0.16674,0.09900,0.02495
0.04297,0.03226,0.03273,0.02954,0.03035,0.36610,0.09499,0.05065,0.18770,0.13271
0.08474,0.08042,0.07789,0.07030,0.06938,0.09025,0.05449,0.02656,0.38497,0.06101
0.07176,0.12504,0.09728,0.09842,0.12490,0.03775,0.06027,0.22345,0.09554,0.06559
0.06985,0.07745,0.06515,0.07724,0.06989,0.25649,0.19873,0.05286,0.10911,0.02323
0.04677,0.05763,0.03179,0.04254,0.05103,0.20720,0.20443,0.22029,0.08827,0.05004
0.10103,0.11957,0.10931,0.11322,0.09495,0.03951,0.04259,0.18796,0.14997,0.04188
0.08604,0.08026,0.08525,0.09409,0.06695,0.16222,0.10631,0.07241,0.18730,0.05917
0.01671,0.01942,0.02050,0.01795,0.02075,0.14827,0.26100,0.29499,0.09427,0.10614
0.05103,0.07828,0.11552,0.03488,0.07691,0.02590,0.20182,0.31577,0.07672,0.02317
0.04346,0.04474,0.04028,0.03473,0.03791,0.27742,0.25281,0.05809,0.14037,0.07020
0.04846,0.06041,0.09670,0.03759,0.15782,0.08518,0.06075,0.33612,0.08307,0.03389
0.03344,0.03152,0.03158,0.03198,0.03163,0.07434,0.07389,0.03058,0.20282,0.45820
0.03668,0.03745,0.03051,0.03850,0.03981,0.34411,0.25756,0.07142,0.10771,0.03625
0.24852,0.10969,0.03758,0.07119,0.03805,0.25134,0.04124,0.01470,0.15889,0.02880
0.00767,0.00885,0.00860,0.00901,0.00917,0.25413,0.05535,0.52356,0.05945,0.06420
0.06474,0.04957,0.10944,0.03699,0.08771,0.18187,0.05560,0.02270,0.32420,0.06718
0.05373,0.04435,0.05035,0.04787,0.04977,0.13190,0.18211,0.09285,0.22463,0.12245
0.02120,0.02355,0.01784,0.01964,0.02449,0.18406,0.05210,0.03651,0.59922,0.02141
0.03877,0.03982,0.03069,0.04213,0.05173,0.27416,0.14507,0.21291,0.11592,0.04880
0.08072,0.04938,0.05908,0.06414,0.05939,0.34886,0.03943,0.07275,0.15399,0.07226
0.15536,0.12737,0.17206,0.07258,0.12281,0.03706,0.11429,0.13860,0.02955,0.03032
0.08273,0.07956,0.07392,0.09252,0.07665,0.04584,0.02394,0.02130,0.47433,0.02920
0.00473,0.00568,0.00486,0.00591,0.00586,0.39837,0.33495,0.03303,0.03894,0.16768
0.04033,0.05876,0.04972,0.03451,0.05270,0.04686,0.03412,0.04853,0.35257,0.28191
0.07223,0.06679,0.05709,0.04878,0.07169,0.06129,0.11384,0.23177,0.17859,0.09793
0.05450,0.05757,0.05565,0.05332,0.05000,0.07902,0.10169,0.05308,0.18754,0.30764
0.07170,0.05675,0.06214,0.06874,0.08519,0.40670,0.07238,0.06766,0.08220,0.02656
0.13099,0.23230,0.19327,0.06761,0.10547,0.03316,0.12055,0.06195,0.03278,0.02192
0.04041,0.03697,0.03279,0.04105,0.03873,0.20131,0.05043,0.03695,0.48608,0.03527
0.11334,0.14747,0.06496,0.12979,0.22066,0.04607,0.04628,0.06212,0.12184,0.04747
0.07343,0.05989,0.06205,0.06087,0.05597,0.12537,0.11835,0.05904,0.28032,0.10471
0.06984,0.06978,0.07150,0.08235,0.08582,0.05868,0.28789,0.04337,0.13644,0.09432
0.13523,0.11232,0.10657,0.16223,0.14037,0.17826,0.07547,0.01352,0.05660,0.01942
0.03208,0.02730,0.02799,0.02895,0.03126,0.27553,0.06766,0.21607,0.21118,0.08199
0.11767,0.16826,0.06912,0.14673,0.15384,0.10165,0.11547,0.04438,0.06053,0.02235
0.11202,0.10657,0.09544,0.06806,0.14364,0.08139,0.07576,0.08162,0.12399,0.11152
0.02204,0.02067,0.01971,0.01911,0.02062,0.29051,0.09239,0.17151,0.15137,0.19207
0.08328,0.13998,0.09079,0.12761,0.13562,0.03301,0.03390,0.03164,0.27416,0.05001
0.03609,0.08245,0.06665,0.09847,0.07408,0.02146,0.29041,0.26646,0.04642,0.01751
0.02077,0.02062,0.02118,0.01955,0.02258,0.45836,0.31684,0.02326,0.07052,0.02633
0.05067,0.04436,0.03024,0.04203,0.05523,0.15591,0.43047,0.05343,0.11230,0.02535
0.02516,0.02163,0.02423,0.02007,0.02157,0.02324,0.04545,0.02455,0.67850,0.11561
0.04846,0.06389,0.05788,0.05425,0.06301,0.34194,0.27190,0.03274,0.03837,0.02756
0.05834,0.06133,0.04923,0.05783,0.05003,0.21865,0.22282,0.07624,0.08799,0.11753
0.07716,0.06899,0.06417,0.06874,0.08158,0.04993,0.06525,0.07270,0.39316,0.05834
0.03534,0.03847,0.03315,0.03312,0.03283,0.07772,0.39891,0.05518,0.09786,0.19742
0.06966,0.06084,0.07717,0.05720,0.07900,0.19825,0.05823,0.03970,0.30848,0.05146
0.01703,0.01658,0.01765,0.01867,0.01917,0.03048,0.08193,0.05684,0.69992,0.04172
0.16496,0.10448,0.08808,0.09427,0.07752,0.05612,0.06783,0.03798,0.25319,0.05557
0.12651,0.07445,0.07457,0.20256,0.14214,0.06616,0.16667,0.10022,0.02410,0.02262
0.13703,0.12249,0.10342,0.12559,0.19187,0.09874,0.04247,0.03282,0.11620,0.02936
0.00798,0.00784,0.00802,0.00694,0.00842,0.12479,0.24816,0.05080,0.29235,0.24469
0.05101,0.04263,0.06373,0.03811,0.08533,0.47703,0.04125,0.07369,0.09146,0.03575
0.07465,0.05191,0.03871,0.03763,0.03971,0.17347,0.30663,0.03989,0.19394,0.04346
0.05540,0.07476,0.06105,0.06771,0.05630,0.04895,0.09403,0.36475,0.12031,0.05674
0.03068,0.02803,0.03808,0.02858,0.03490,0.29820,0.01947,0.01541,0.49083,0.01581
0.05075,0.06543,0.05404,0.05432,0.06496,0.03311,0.05703,0.37459,0.07279,0.17298
0.13317,0.11357,0.13967,0.19325,0.15230,0.03344,0.06434,0.08545,0.04372,0.04110
0.13262,0.11233,0.10314,0.11499,0.12142,0.21741,0.06363,0.04794,0.06994,0.01658
0.15711,0.18871,0.19360,0.11092,0.12014,0.04327,0.06156,0.03619,0.07206,0.01644
0.01478,0.01391,0.01416,0.01276,0.01402,0.41171,0.19296,0.04629,0.13533,0.14409
0.03838,0.04508,0.04320,0.03936,0.04336,0.14268,0.04264,0.34127,0.16238,0.10167
0.10768,0.07851,0.06322,0.05692,0.09131,0.03889,0.08713,0.14415,0.17969,0.15250
