0.11558,0.08098,0.09616,0.08857,0.10652,0.09886,0.11652,0.09432,0.08237,0.12013
0.13175,0.09516,0.10634,0.09750,0.12252,0.08009,0.09974,0.08481,0.07945,0.10262
0.15149,0.09366,0.11447,0.11234,0.12357,0.07866,0.08860,0.07637,0.06749,0.09335
0.11208,0.07788,0.09164,0.08396,0.10148,0.09975,0.11995,0.10348,0.08326,0.12652
0.12556,0.08542,0.10345,0.09043,0.11382,0.08858,0.11034,0.09085,0.07768,0.11387
0.13388,0.09501,0.10821,0.09283,0.11703,0.08069,0.10292,0.08607,0.07931,0.10406
0.13073,0.08913,0.10504,0.09730,0.11842,0.07967,0.10268,0.08969,0.08021,0.10712
0.13917,0.08988,0.10791,0.10070,0.11861,0.08154,0.09744,0.08457,0.07587,0.10431
0.14150,0.09586,0.11158,0.10564,0.12519,0.08090,0.09455,0.07731,0.06840,0.09907
0.12444,0.09107,0.10333,0.09245,0.10862,0.08804,0.10930,0.09007,0.08174,0.11095
0.15772,0.09984,0.11409,0.11319,0.13094,0.06815,0.08550,0.07408,0.06748,0.08901
0.12384,0.08867,0.10555,0.09291,0.11801,0.09119,0.10846,0.08753,0.07739,0.10645
0.13032,0.08953,0.10710,0.09615,0.11914,0.08428,0.10178,0.08643,0.07590,0.10936
0.12615,0.08582,0.09720,0.09317,0.11222,0.09653,0.10724,0.09032,0.08205,0.10929
0.11365,0.08009,0.09543,0.08679,0.10421,0.09862,0.11813,0.09648,0.08740,0.11920
0.14201,0.09689,0.11408,0.10721,0.12425,0.07608,0.08725,0.08237,0.07148,0.09838
0.12510,0.08675,0.09855,0.08602,0.11421,0.09522,0.10955,0.09228,0.08008,0.11224
0.13489,0.09196,0.10622,0.10250,0.11989,0.07874,0.09797,0.08615,0.07501,0.10666
0.12501,0.08609,0.10130,0.09269,0.11793,0.08667,0.10503,0.09174,0.08482,0.10873
0.13569,0.09138,0.10162,0.10106,0.11750,0.08546,0.10258,0.08518,0.07226,0.10728
0.14156,0.09090,0.11368,0.10892,0.12801,0.07637,0.09396,0.08024,0.06762,0.09873
0.12956,0.08825,0.10514,0.09557,0.11424,0.08749,0.10251,0.08858,0.08124,0.10742
0.12128,0.08211,0.09574,0.09093,0.10755,0.09293,0.11376,0.09594,0.08576,0.11400
0.15714,0.09827,0.11505,0.11740,0.13815,0.06865,0.08184,0.07202,0.06434,0.08715
0.13240,0.09241,0.10664,0.10449,0.12089,0.08071,0.10142,0.08158,0.07523,0.10424
0.12527,0.08472,0.09425,0.09035,0.11053,0.09378,0.10838,0.09217,0.08551,0.11505
0.13390,0.08787,0.10842,0.09849,0.11899,0.08263,0.10230,0.08767,0.06957,0.11016
0.12524,0.09001,0.10351,0.09235,0.10800,0.09252,0.10344,0.09049,0.08527,0.10916
0.13886,0.08903,0.10417,0.09565,0.12125,0.07971,0.09986,0.08869,0.07941,0.10336
0.11687,0.08279,0.08998,0.08471,0.09997,0.09717,0.12089,0.09975,0.08511,0.12276
0.13138,0.08816,0.10725,0.09626,0.10940,0.08983,0.10735,0.08660,0.07606,0.10772
0.12151,0.08307,0.09549,0.09164,0.11053,0.08964,0.11341,0.09444,0.08696,0.11330
0.13177,0.08897,0.10456,0.09176,0.11500,0.08198,0.10435,0.09517,0.07624,0.11020
0.12946,0.07844,0.10141,0.09363,0.10794,0.09616,0.11271,0.09244,0.07252,0.11530
0.12926,0.08793,0.10251,0.09032,0.11451,0.08945,0.10930,0.09264,0.08004,0.10404
0.12946,0.08760,0.10221,0.09510,0.11657,0.08773,0.10533,0.08773,0.07787,0.11040
0.13473,0.09365,0.10644,0.09950,0.12074,0.08292,0.10270,0.07874,0.07454,0.10605
0.12128,0.08407,0.10061,0.08805,0.10854,0.09316,0.11147,0.09783,0.08167,0.11333
0.14003,0.10006,0.11169,0.10015,0.12700,0.07958,0.09277,0.08161,0.06991,0.09722
0.15008,0.09627,0.12053,0.11162,0.13334,0.07027,0.08720,0.07580,0.06842,0.08647
0.15096,0.09820,0.11482,0.11494,0.13142,0.07389,0.08483,0.07390,0.06533,0.09170
0.15357,0.09942,0.11872,0.11701,0.13375,0.06818,0.08523,0.06984,0.06811,0.08616
0.12780,0.08517,0.09895,0.09012,0.11462,0.08762,0.10728,0.09125,0.08536,0.11184
0.12029,0.08424,0.09433,0.08755,0.10815,0.09223,0.11189,0.09522,0.08224,0.12386
0.13185,0.09197,0.10583,0.09520,0.11842,0.08320,0.10261,0.08960,0.07884,0.10248
0.13524,0.08852,0.10750,0.10165,0.11771,0.08805,0.10274,0.08430,0.06964,0.10465
0.15333,0.09815,0.11641,0.10685,0.13325,0.07445,0.08742,0.07626,0.06816,0.08573
0.13133,0.09303,0.10597,0.09823,0.11489,0.08185,0.10314,0.08565,0.07764,0.10828
0.14801,0.09178,0.11391,0.10118,0.12472,0.07608,0.09260,0.07916,0.07481,0.09774
0.14947,0.09576,0.11776,0.10895,0.12692,0.07293,0.09187,0.07823,0.06694,0.09117
0.13661,0.09263,0.11099,0.10525,0.12309,0.07609,0.09435,0.08254,0.07911,0.09934
0.12568,0.08518,0.10145,0.08795,0.10666,0.09501,0.11123,0.09349,0.07846,0.11490
0.13501,0.09445,0.10725,0.10033,0.12502,0.08259,0.09636,0.08427,0.07440,0.10031
0.14878,0.09422,0.11488,0.10711,0.12304,0.07869,0.08851,0.07764,0.07447,0.09266
0.14387,0.09032,0.10627,0.10132,0.12304,0.07890,0.09830,0.08586,0.07272,0.09939
0.12087,0.09600,0.10289,0.09078,0.11002,0.09244,0.10582,0.08906,0.08189,0.11023
0.13260,0.08965,0.10860,0.09727,0.12218,0.07961,0.09963,0.08575,0.07884,0.10588
0.11706,0.08535,0.09445,0.08704,0.10152,0.09625,0.11817,0.09375,0.08333,0.12308
0.13161,0.09135,0.10299,0.09295,0.11835,0.08927,0.10079,0.08773,0.07874,0.10623
0.12595,0.08439,0.10031,0.09438,0.10925,0.08879,0.10853,0.09260,0.08198,0.11382
0.14410,0.09645,0.11372,0.11027,0.12592,0.07617,0.09012,0.07497,0.07124,0.09703
0.12508,0.08904,0.09857,0.09366,0.11262,0.09483,0.11299,0.08804,0.07772,0.10745
0.11506,0.08565,0.09378,0.08311,0.10279,0.09629,0.11838,0.09841,0.08698,0.11954
0.15391,0.09701,0.11693,0.11097,0.12869,0.07377,0.08799,0.06849,0.07092,0.09133
0.12692,0.08244,0.10108,0.09267,0.10952,0.09477,0.10970,0.09187,0.07774,0.11328
0.13004,0.08827,0.09514,0.09541,0.11514,0.08697,0.10712,0.08773,0.08086,0.11331
0.14414,0.09209,0.11328,0.10930,0.12751,0.07595,0.09057,0.08119,0.07037,0.09560
0.11379,0.07928,0.09192,0.08130,0.09699,0.10295,0.11523,0.10249,0.08861,0.12743
0.13448,0.09147,0.10634,0.09609,0.11714,0.08300,0.10187,0.08757,0.07638,0.10566
0.14698,0.08640,0.10697,0.10789,0.12953,0.07948,0.09473,0.07800,0.06758,0.10244
0.12036,0.07913,0.09194,0.08344,0.10124,0.10268,0.12356,0.09638,0.08101,0.12027
0.14083,0.09630,0.11021,0.10404,0.12606,0.07432,0.09421,0.07877,0.07555,0.09972
0.12635,0.08442,0.09662,0.09159,0.11018,0.09090,0.10942,0.09360,0.07712,0.11980
0.12722,0.09455,0.10649,0.09548,0.11652,0.08264,0.10387,0.08846,0.07781,0.10697
0.11954,0.08566,0.09952,0.08905,0.10749,0.09256,0.11039,0.09960,0.08765,0.10854
0.12265,0.08223,0.09850,0.08887,0.10856,0.09841,0.11069,0.09509,0.08000,0.11501
0.12971,0.08799,0.10388,0.09306,0.11742,0.08931,0.10446,0.08898,0.07888,0.10631
0.16085,0.10348,0.12562,0.11479,0.13736,0.06483,0.07715,0.07108,0.06535,0.07947
0.14553,0.09522,0.11496,0.11051,0.12881,0.07404,0.08656,0.07827,0.07122,0.09487
0.14745,0.09353,0.11853,0.10646,0.12605,0.07739,0.09458,0.07602,0.06679,0.09319
0.11866,0.08540,0.09568,0.09092,0.11222,0.09274,0.10897,0.09510,0.08395,0.11635
0.14423,0.09100,0.11230,0.10631,0.12454,0.07569,0.09351,0.08192,0.07603,0.09447
0.12229,0.08621,0.09659,0.09097,0.11081,0.09270,0.11547,0.09194,0.08232,0.11069
0.12809,0.08787,0.10284,0.09624,0.11524,0.08838,0.10284,0.08719,0.08254,0.10875
0.13447,0.08807,0.10760,0.10556,0.12432,0.08435,0.09931,0.08437,0.07142,0.10052
0.12602,0.08550,0.10346,0.10076,0.11598,0.08261,0.10251,0.08711,0.08488,0.11116
0.14322,0.09238,0.11069,0.10018,0.12511,0.08113,0.09626,0.07893,0.06977,0.10232
0.13216,0.08826,0.09938,0.09658,0.11226,0.08640,0.10515,0.09032,0.07852,0.11096
0.12859,0.08665,0.09769,0.08986,0.11115,0.09621,0.10999,0.08883,0.07717,0.11385
0.12475,0.10182,0.10358,0.09337,0.11503,0.08304,0.10162,0.08726,0.08403,0.10552
0.12374,0.08743,0.09613,0.09459,0.10858,0.09064,0.10834,0.08857,0.08943,0.11253
0.16098,0.10014,0.12187,0.12268,0.13783,0.06582,0.07863,0.06608,0.06155,0.08443
0.12772,0.08850,0.10139,0.09367,0.11605,0.09115,0.10231,0.08932,0.08117,0.10872
0.15224,0.09478,0.12078,0.11475,0.13197,0.07247,0.08592,0.07050,0.06910,0.08749
0.13804,0.09407,0.11173,0.10150,0.12016,0.08633,0.09890,0.07892,0.07042,0.09994
0.14823,0.09573,0.11750,0.11204,0.13157,0.07403,0.08869,0.07376,0.06939,0.08904
0.12867,0.08689,0.10422,0.09324,0.11695,0.09219,0.10740,0.08682,0.07543,0.10819
0.13014,0.09222,0.10028,0.09979,0.11401,0.08629,0.10312,0.08604,0.07936,0.10874
0.12346,0.08403,0.09923,0.08968,0.11093,0.09372,0.10828,0.09263,0.08482,0.11323
0.13265,0.09000,0.10189,0.09546,0.11943,0.08552,0.09939,0.08773,0.07878,0.10916
0.12893,0.08678,0.10466,0.09034,0.11046,0.08892,0.10938,0.09003,0.07721,0.11329
0.13341,0.09161,0.10755,0.09595,0.11533,0.08674,0.10767,0.08430,0.07360,0.10382
0.13574,0.09565,0.10636,0.10116,0.12496,0.07857,0.09915,0.08359,0.07374,0.10109
0.13727,0.08538,0.10898,0.10429,0.11882,0.08341,0.09780,0.08609,0.07387,0.10409
0.12870,0.08763,0.10462,0.09756,0.11839,0.09007,0.10148,0.08527,0.07825,0.10803
0.12309,0.08838,0.10081,0.09167,0.11181,0.08844,0.10538,0.09668,0.08633,0.10741
0.15669,0.09573,0.12187,0.11518,0.13672,0.06669,0.08143,0.07324,0.06729,0.08516
0.12517,0.08930,0.10280,0.09283,0.11294,0.08917,0.10664,0.09005,0.08133,0.10978
0.15238,0.09815,0.11749,0.11103,0.13178,0.07238,0.08894,0.07155,0.06543,0.09087
0.11658,0.08392,0.09741,0.08606,0.10390,0.09665,0.11725,0.09764,0.08121,0.11939
0.12663,0.08141,0.09983,0.09451,0.11077,0.09182,0.10803,0.09438,0.08214,0.11048
0.14459,0.09014,0.11414,0.10754,0.12720,0.07631,0.09047,0.07608,0.07129,0.10224
0.12307,0.08519,0.09769,0.09416,0.10847,0.09561,0.10566,0.09113,0.08146,0.11758
0.12604,0.08419,0.09744,0.09011,0.11027,0.08853,0.11216,0.09290,0.08061,0.11774
0.13528,0.09176,0.10663,0.09872,0.12141,0.08196,0.10165,0.08458,0.07372,0.10429
0.13619,0.09385,0.11220,0.10626,0.12210,0.07935,0.09562,0.08381,0.07262,0.09799
0.14534,0.09119,0.11584,0.10799,0.12860,0.07681,0.09072,0.07579,0.06942,0.09829
0.14257,0.09263,0.11000,0.10209,0.11588,0.08679,0.09992,0.08051,0.06951,0.10009
0.12928,0.08718,0.10002,0.09535,0.11285,0.08792,0.10590,0.08820,0.07990,0.11340
0.12677,0.08252,0.10021,0.09758,0.11266,0.08992,0.10984,0.09374,0.07796,0.10881
0.12023,0.08740,0.10634,0.09048,0.10911,0.09252,0.10886,0.08934,0.08280,0.11292
0.13310,0.08494,0.10275,0.10191,0.12100,0.08222,0.10085,0.08661,0.07722,0.10938
0.12613,0.08653,0.09849,0.09062,0.11280,0.09019,0.10825,0.09420,0.07972,0.11307
0.14868,0.09474,0.11019,0.10525,0.12568,0.07764,0.09494,0.07812,0.06961,0.09514
0.13392,0.09059,0.10786,0.10055,0.11786,0.07976,0.10207,0.08597,0.07688,0.10456
0.13789,0.08428,0.10459,0.09740,0.12371,0.07937,0.10347,0.08669,0.07783,0.10478
0.13916,0.09432,0.10767,0.10182,0.12378,0.07934,0.09607,0.08444,0.07203,0.10137
0.11781,0.08241,0.09279,0.08982,0.10760,0.09472,0.11489,0.09921,0.08175,0.11899
0.14284,0.10050,0.10941,0.10394,0.12165,0.07609,0.09197,0.07823,0.07876,0.09663
0.13245,0.08808,0.10275,0.09866,0.12328,0.08503,0.09823,0.08661,0.07697,0.10794
0.12808,0.09575,0.10606,0.08856,0.11955,0.08457,0.10370,0.08876,0.08033,0.10466
0.12315,0.08165,0.09684,0.08873,0.10384,0.10107,0.11855,0.09042,0.07917,0.11656
0.12800,0.08867,0.10008,0.09289,0.11370,0.08460,0.11113,0.09052,0.07821,0.11222
0.14245,0.09285,0.11144,0.10423,0.12391,0.07880,0.09653,0.08042,0.07452,0.09484
0.13841,0.09208,0.10673,0.10218,0.12296,0.08066,0.09887,0.08293,0.07465,0.10053
0.13890,0.08960,0.10951,0.10838,0.12299,0.07827,0.09349,0.08305,0.07404,0.10177
0.14394,0.09178,0.11077,0.10480,0.12371,0.07992,0.09468,0.07834,0.06882,0.10323
0.14348,0.09086,0.11292,0.10834,0.13083,0.07191,0.09021,0.08040,0.07072,0.10033
0.12485,0.08973,0.10044,0.09361,0.11048,0.09095,0.10754,0.09161,0.08059,0.11020
0.13613,0.09251,0.10862,0.10195,0.11871,0.07885,0.09681,0.08435,0.07429,0.10777
0.14284,0.08796,0.10693,0.10504,0.12431,0.08477,0.09439,0.07926,0.07329,0.10122
0.13550,0.09755,0.10630,0.10107,0.11959,0.08295,0.09609,0.08199,0.07894,0.10004
0.14637,0.09826,0.11223,0.10227,0.12148,0.07809,0.09515,0.07973,0.07273,0.09370
0.13506,0.09027,0.10777,0.10129,0.12043,0.07680,0.09683,0.08890,0.07627,0.10639
0.12335,0.08493,0.10181,0.08954,0.10459,0.10170,0.11706,0.08945,0.07472,0.11284
0.11914,0.08533,0.09680,0.08711,0.10960,0.09185,0.11172,0.09730,0.08436,0.11678
0.12581,0.08844,0.10720,0.09168,0.11119,0.08318,0.11017,0.08913,0.07914,0.11405
0.13287,0.09241,0.10700,0.09893,0.11660,0.08682,0.10137,0.08606,0.07298,0.10497
0.12507,0.08653,0.09930,0.09134,0.10902,0.08808,0.10894,0.09259,0.08359,0.11555
0.11553,0.07703,0.09395,0.08727,0.10294,0.09819,0.12123,0.09524,0.08379,0.12483
0.13611,0.08992,0.10603,0.09664,0.12281,0.08526,0.09948,0.08368,0.07527,0.10482
0.13106,0.08887,0.10168,0.09249,0.11181,0.08968,0.10389,0.09242,0.07722,0.11089
0.13289,0.08883,0.10395,0.09554,0.11224,0.08580,0.10511,0.08904,0.07746,0.10914
0.11277,0.08020,0.09429,0.08249,0.10210,0.10212,0.12170,0.10001,0.08468,0.11964
0.13807,0.08837,0.11093,0.09876,0.11782,0.08697,0.09827,0.08606,0.07428,0.10047
0.14417,0.09262,0.11324,0.11139,0.13213,0.07335,0.09044,0.07986,0.06777,0.09503
0.12365,0.08221,0.09865,0.09185,0.10763,0.09430,0.11374,0.09156,0.07794,0.11846
0.12747,0.08683,0.09989,0.09138,0.10972,0.08514,0.10779,0.09152,0.08346,0.11680
0.12372,0.08726,0.09998,0.09093,0.11204,0.09117,0.10843,0.09048,0.08255,0.11343
0.13176,0.08400,0.10505,0.09797,0.11040,0.08448,0.10267,0.09083,0.08167,0.11117
0.15222,0.09311,0.11851,0.11025,0.13515,0.06771,0.08939,0.07506,0.06954,0.08905
0.12469,0.08771,0.10176,0.08902,0.10826,0.09705,0.10943,0.09032,0.08038,0.11137
0.14245,0.09400,0.11292,0.11001,0.12490,0.07711,0.09084,0.07883,0.06987,0.09906
0.13874,0.09056,0.11028,0.10550,0.12286,0.07857,0.09810,0.08344,0.07125,0.10071
0.13846,0.09637,0.11413,0.10551,0.12891,0.07383,0.09053,0.08155,0.07770,0.09300
0.12936,0.08807,0.10202,0.09659,0.11401,0.09155,0.10334,0.08832,0.07326,0.11349
0.13110,0.08756,0.10312,0.09947,0.11598,0.08482,0.10625,0.08700,0.07626,0.10844
0.12113,0.07982,0.09741,0.08952,0.11016,0.09296,0.11511,0.09552,0.08477,0.11360
0.13069,0.08905,0.10088,0.09105,0.11483,0.08619,0.10717,0.09094,0.08206,0.10714
0.12058,0.08304,0.09561,0.08748,0.11027,0.09477,0.11426,0.09322,0.08235,0.11842
0.13993,0.09769,0.10911,0.10070,0.12237,0.08052,0.09332,0.08339,0.07782,0.09516
0.15550,0.09707,0.11899,0.11945,0.13632,0.06858,0.08409,0.07067,0.06539,0.08393
0.14650,0.08937,0.11296,0.10505,0.12803,0.08086,0.09508,0.07827,0.06821,0.09568
0.11903,0.08294,0.09797,0.08678,0.10841,0.09404,0.11389,0.09856,0.08368,0.11470
0.11621,0.08148,0.09572,0.08770,0.10399,0.09349,0.11315,0.09893,0.08304,0.12628
0.14065,0.09458,0.10687,0.10335,0.12570,0.07346,0.09757,0.08156,0.07544,0.10082
0.13116,0.08849,0.10747,0.10030,0.11892,0.08292,0.10511,0.08465,0.07507,0.10590
0.14004,0.09203,0.10911,0.10021,0.12200,0.07944,0.10041,0.08442,0.07310,0.09925
0.15742,0.09457,0.11499,0.11077,0.12912,0.07202,0.08573,0.07405,0.06753,0.09380
0.12717,0.09464,0.09903,0.09166,0.11445,0.08358,0.10443,0.09120,0.08570,0.10814
0.16522,0.10089,0.12237,0.11968,0.14249,0.06205,0.07584,0.06672,0.06296,0.08178
0.15334,0.09569,0.11458,0.11247,0.12734,0.07573,0.08946,0.07168,0.06852,0.09121
0.12766,0.09228,0.10604,0.09234,0.11122,0.08890,0.10498,0.08989,0.07970,0.10699
0.13014,0.08565,0.10397,0.09856,0.11454,0.08712,0.10578,0.08859,0.07427,0.11137
0.10873,0.08053,0.08976,0.08168,0.10015,0.09968,0.11989,0.10021,0.09687,0.12249
0.16187,0.09215,0.12513,0.13181,0.14116,0.06065,0.07672,0.06889,0.06180,0.07982
0.13607,0.09171,0.10995,0.09996,0.12114,0.07515,0.09964,0.08256,0.07880,0.10502
0.15845,0.09766,0.12164,0.11854,0.13965,0.07216,0.08134,0.06429,0.06372,0.08253
0.11135,0.08301,0.09074,0.08505,0.09928,0.10360,0.11983,0.09916,0.08268,0.12530
0.14368,0.09209,0.11299,0.10516,0.12503,0.08378,0.09852,0.07508,0.06855,0.09512
0.11822,0.08196,0.09266,0.09016,0.10479,0.09792,0.11859,0.09370,0.08279,0.11921
0.13191,0.09041,0.09990,0.09725,0.11774,0.08673,0.10042,0.09214,0.07945,0.10406
0.13214,0.09535,0.10909,0.10284,0.11763,0.08318,0.09735,0.08356,0.07437,0.10449
0.11246,0.07478,0.08894,0.08206,0.09947,0.10202,0.12664,0.10276,0.08524,0.12563
0.13054,0.08911,0.10063,0.09289,0.11020,0.09316,0.10182,0.08776,0.08441,0.10947
0.15130,0.08868,0.11210,0.10887,0.13613,0.07511,0.09049,0.07628,0.06542,0.09561
0.11928,0.08024,0.09922,0.08956,0.10570,0.09625,0.11015,0.09735,0.08572,0.11652
0.14799,0.09868,0.11698,0.11190,0.12795,0.07007,0.08707,0.07528,0.06915,0.09494
0.12746,0.08208,0.10212,0.09491,0.11599,0.08811,0.10852,0.08758,0.08292,0.11031
0.11886,0.08718,0.09585,0.08896,0.10766,0.09205,0.11409,0.09392,0.08378,0.11765
0.13668,0.09130,0.10704,0.10057,0.12056,0.08345,0.10041,0.08246,0.07403,0.10351
0.12644,0.08598,0.09748,0.09133,0.11296,0.08982,0.10758,0.09140,0.07822,0.11879
0.15050,0.09490,0.11473,0.11234,0.13129,0.07653,0.08579,0.07275,0.06752,0.09365
0.13432,0.08939,0.10444,0.10197,0.12082,0.07712,0.10114,0.09002,0.07728,0.10350
0.12860,0.08924,0.10250,0.09253,0.11476,0.08831,0.10406,0.08707,0.08445,0.10848
0.12800,0.09016,0.10391,0.10237,0.12180,0.08099,0.10075,0.08567,0.08028,0.10607
0.15880,0.09921,0.12118,0.10933,0.13114,0.07119,0.08268,0.07455,0.06985,0.08207
0.13723,0.09641,0.10598,0.10268,0.11644,0.08149,0.09781,0.08320,0.07832,0.10045
0.13842,0.09724,0.11306,0.10373,0.12043,0.07965,0.09349,0.08283,0.07427,0.09688
0.13259,0.08379,0.10500,0.10103,0.12032,0.08162,0.10221,0.08835,0.07986,0.10523
0.11231,0.07993,0.08865,0.08109,0.09782,0.10095,0.11842,0.10177,0.08956,0.12950
0.10776,0.08515,0.09248,0.08396,0.09750,0.10225,0.12079,0.10048,0.08593,0.12369
0.13577,0.08757,0.10828,0.09731,0.12181,0.08276,0.09865,0.08538,0.07803,0.10443
0.12871,0.08581,0.10214,0.09602,0.11175,0.09252,0.10794,0.08759,0.07719,0.11033
0.11290,0.08329,0.09315,0.07929,0.10044,0.09740,0.11894,0.10074,0.08731,0.12653
0.12717,0.09098,0.10521,0.09827,0.11772,0.08479,0.10074,0.08684,0.07930,0.10897
0.12288,0.08481,0.09973,0.09286,0.10843,0.09250,0.11119,0.09188,0.08128,0.11444
0.13528,0.09267,0.10510,0.10384,0.11996,0.08541,0.10231,0.07959,0.07382,0.10203
0.12203,0.08204,0.09732,0.09223,0.10710,0.09428,0.11646,0.09153,0.08157,0.11544
0.13761,0.08594,0.10559,0.09592,0.11931,0.08246,0.10451,0.08886,0.07649,0.10331
0.13720,0.09045,0.10465,0.10071,0.11627,0.08223,0.10368,0.08359,0.07577,0.10544
0.14136,0.08813,0.10856,0.10570,0.12047,0.08002,0.09889,0.08272,0.07030,0.10385
0.13858,0.09034,0.10926,0.10064,0.11709,0.08121,0.10161,0.08360,0.07648,0.10119
0.12762,0.08369,0.09810,0.09067,0.10729,0.09803,0.11354,0.08753,0.08326,0.11026
0.12876,0.09350,0.10416,0.09618,0.11693,0.08195,0.09843,0.08966,0.08256,0.10787
0.12228,0.08288,0.09598,0.09014,0.11118,0.09025,0.11035,0.09372,0.08936,0.11389
0.13532,0.08395,0.10425,0.09688,0.11177,0.08827,0.10570,0.08929,0.07760,0.10696
0.14025,0.08935,0.10678,0.10192,0.12487,0.08034,0.09982,0.08427,0.07329,0.09911
0.14476,0.09574,0.11325,0.10799,0.12789,0.07232,0.09296,0.07846,0.07275,0.09389
0.14384,0.09092,0.11155,0.10253,0.12408,0.07806,0.09971,0.08040,0.07155,0.09736
0.13640,0.08902,0.10530,0.10218,0.12176,0.08162,0.09984,0.08677,0.07175,0.10536
0.13644,0.09051,0.10669,0.10009,0.11895,0.08021,0.09797,0.08833,0.07658,0.10424
0.12864,0.09120,0.10184,0.09201,0.11794,0.08595,0.10199,0.09062,0.08110,0.10871
0.13311,0.09523,0.10888,0.09639,0.12116,0.08247,0.10094,0.08676,0.07238,0.10268
0.13309,0.08868,0.10839,0.09585,0.11804,0.09129,0.10800,0.08568,0.06508,0.10589
0.14015,0.09253,0.10887,0.09711,0.11793,0.08108,0.09814,0.08214,0.07979,0.10226
0.12591,0.08028,0.09816,0.09703,0.11389,0.09228,0.10937,0.09255,0.07699,0.11353
0.12183,0.08952,0.10034,0.08923,0.11321,0.09132,0.11160,0.08902,0.08103,0.11289
0.13397,0.09079,0.10866,0.10002,0.11776,0.07901,0.10249,0.08559,0.07526,0.10644
0.13319,0.08435,0.10835,0.10054,0.11729,0.08600,0.10355,0.08528,0.07556,0.10590
0.13113,0.09217,0.10049,0.09431,0.11761,0.08399,0.10257,0.09260,0.07903,0.10610
0.12964,0.08362,0.10160,0.09818,0.11614,0.08480,0.10570,0.09055,0.07915,0.11062
0.12225,0.08560,0.09843,0.09313,0.10588,0.09447,0.11031,0.09124,0.08304,0.11566
0.13564,0.08835,0.10490,0.09727,0.11162,0.08613,0.10480,0.08718,0.07628,0.10781
0.13597,0.08956,0.10585,0.09869,0.12056,0.08101,0.10166,0.08700,0.07623,0.10347
0.13252,0.08724,0.10125,0.09621,0.11475,0.08989,0.10840,0.08858,0.07270,0.10846
0.13626,0.09566,0.10993,0.10547,0.12437,0.07524,0.09420,0.08268,0.07632,0.09986
0.11612,0.07756,0.09038,0.08478,0.10739,0.10182,0.11709,0.09832,0.08329,0.12326
0.13293,0.08555,0.10584,0.09864,0.11271,0.08979,0.10431,0.08516,0.07619,0.10888
0.13450,0.08429,0.10391,0.09962,0.11462,0.08882,0.10715,0.08500,0.07408,0.10800
0.14288,0.08663,0.11246,0.10629,0.12549,0.07879,0.09805,0.07985,0.07155,0.09802
0.13692,0.08661,0.10530,0.10179,0.11877,0.08763,0.09910,0.08421,0.07386,0.10581
0.12720,0.09256,0.10046,0.09071,0.11970,0.08847,0.10281,0.08996,0.08050,0.10763
0.13463,0.09141,0.10666,0.09762,0.11568,0.08715,0.10010,0.08571,0.07354,0.10749
0.15008,0.09821,0.11309,0.10369,0.12952,0.07066,0.08986,0.07995,0.07401,0.09093
0.12642,0.09193,0.10203,0.09339,0.11339,0.08985,0.10491,0.08563,0.08378,0.10868
0.11733,0.08225,0.09294,0.08834,0.10573,0.10255,0.11806,0.09511,0.08052,0.11716
0.11926,0.08642,0.09558,0.09018,0.10740,0.09241,0.11228,0.09600,0.08690,0.11358
0.12129,0.08524,0.10350,0.09112,0.11104,0.08778,0.10972,0.09349,0.07815,0.11867
0.12272,0.08361,0.09856,0.09169,0.11098,0.09420,0.11541,0.08933,0.07804,0.11544
0.13527,0.08762,0.10038,0.09797,0.12205,0.08997,0.10215,0.08057,0.07643,0.10760
0.12785,0.08712,0.10146,0.09450,0.11378,0.09013,0.10797,0.08849,0.07801,0.11070
0.15495,0.09410,0.11847,0.10962,0.13427,0.06979,0.09002,0.07541,0.06442,0.08893
0.16886,0.09767,0.12175,0.12392,0.13803,0.06279,0.07682,0.06810,0.06266,0.07939
0.14325,0.09496,0.11219,0.10529,0.12455,0.07329,0.09143,0.08238,0.07706,0.09560
0.13645,0.09273,0.10668,0.09723,0.12169,0.08002,0.09759,0.08763,0.07922,0.10076
0.13420,0.09524,0.11110,0.10033,0.12309,0.08044,0.09525,0.08882,0.07456,0.09697
0.13586,0.08426,0.10750,0.10043,0.11953,0.08521,0.09638,0.08721,0.07920,0.10443
0.13431,0.08972,0.10638,0.10019,0.11729,0.09286,0.10358,0.08396,0.07164,0.10008
0.12494,0.08361,0.09980,0.09126,0.11360,0.08975,0.11345,0.09030,0.08274,0.11055
0.13325,0.09623,0.10942,0.10146,0.12410,0.07909,0.09599,0.08436,0.07498,0.10111
0.14596,0.09296,0.11640,0.10983,0.12478,0.07510,0.09184,0.07611,0.06832,0.09870
0.12008,0.07933,0.09501,0.08660,0.10575,0.09686,0.11638,0.09746,0.07984,0.12269
0.14951,0.08896,0.11331,0.10584,0.12224,0.07658,0.09616,0.08176,0.06986,0.09578
0.13566,0.08877,0.10601,0.10090,0.12058,0.08534,0.09830,0.08514,0.07606,0.10323
0.12670,0.08830,0.10143,0.08798,0.11114,0.09542,0.10760,0.09067,0.07942,0.11134
0.12831,0.08707,0.10217,0.09267,0.11266,0.09222,0.10331,0.08895,0.07872,0.11390
0.16667,0.10241,0.12361,0.11899,0.13687,0.06310,0.07899,0.06789,0.06095,0.08052
0.11573,0.08532,0.08976,0.08098,0.10326,0.09706,0.11935,0.10128,0.08450,0.12276
0.13135,0.09073,0.10959,0.09672,0.11395,0.08767,0.10126,0.08720,0.07617,0.10535
0.12374,0.08498,0.09886,0.08968,0.10970,0.09485,0.11229,0.09185,0.07860,0.11545
0.12637,0.09077,0.10086,0.09290,0.11072,0.09104,0.10847,0.08980,0.08073,0.10835
0.13794,0.09344,0.10388,0.10026,0.12280,0.07844,0.10013,0.08391,0.07765,0.10156
0.11614,0.08439,0.09662,0.08979,0.10867,0.09428,0.11644,0.09538,0.08293,0.11538
0.13799,0.09546,0.10455,0.10372,0.12589,0.07277,0.09432,0.08658,0.07789,0.10084
0.14970,0.09103,0.11640,0.11021,0.12537,0.07349,0.09034,0.07772,0.07078,0.09496
0.14883,0.09237,0.11300,0.10432,0.12975,0.07788,0.08943,0.08138,0.06988,0.09315
0.12987,0.08657,0.10060,0.09375,0.11494,0.09008,0.10620,0.08854,0.07925,0.11021
0.12659,0.09143,0.10786,0.09317,0.12177,0.09043,0.10169,0.08455,0.07669,0.10582
0.13687,0.09843,0.11213,0.10428,0.12593,0.07984,0.09055,0.07950,0.07638,0.09609
0.10598,0.07852,0.08817,0.07854,0.09656,0.10753,0.12496,0.10070,0.08858,0.13046
0.16594,0.09880,0.11856,0.12324,0.13709,0.06323,0.07846,0.06698,0.06560,0.08210
0.13814,0.09267,0.11116,0.10364,0.12462,0.07821,0.09255,0.08365,0.07553,0.09982
0.14414,0.09172,0.11016,0.10673,0.12650,0.07991,0.09809,0.07881,0.07058,0.09337
0.11835,0.08847,0.09705,0.09017,0.10952,0.09443,0.10998,0.09083,0.08599,0.11521
0.11667,0.08442,0.09336,0.08781,0.10652,0.09381,0.11370,0.09574,0.08512,0.12285
0.15236,0.10128,0.11733,0.11039,0.12664,0.06937,0.08722,0.07595,0.07214,0.08732
0.12420,0.08428,0.09844,0.09214,0.11127,0.09456,0.11251,0.09313,0.08248,0.10700
0.13958,0.09032,0.10688,0.10306,0.12171,0.08389,0.09651,0.08278,0.07357,0.10172
0.13731,0.09136,0.10524,0.10069,0.11810,0.08241,0.10340,0.08404,0.07454,0.10290
