0.03072,0.04060,0.18694,0.05176,0.03097,0.20746,0.04023,0.03267,0.02273,0.03173,0.02930,0.02006,0.02841,0.02169,0.08628,0.02777,0.03724,0.02416,0.01963,0.02964
0.03678,0.04630,0.14989,0.04899,0.03677,0.17638,0.04916,0.03682,0.02860,0.03301,0.04356,0.02720,0.03351,0.02435,0.06816,0.03861,0.04042,0.01933,0.02030,0.04186
0.04037,0.04510,0.14429,0.05059,0.04184,0.16681,0.04155,0.03868,0.02828,0.03700,0.02838,0.03528,0.03734,0.02753,0.06383,0.03886,0.04585,0.02974,0.02345,0.03523
0.03739,0.04999,0.06232,0.06242,0.03649,0.12076,0.04542,0.04304,0.02686,0.03650,0.03799,0.03867,0.05031,0.03262,0.09566,0.04923,0.06308,0.03159,0.03038,0.04928
0.03568,0.03846,0.07193,0.05256,0.02866,0.10672,0.03853,0.02646,0.02576,0.02730,0.02705,0.02792,0.02917,0.03017,0.29783,0.02676,0.04099,0.02148,0.02300,0.02357
0.03515,0.03001,0.07189,0.07367,0.02704,0.16540,0.03927,0.02898,0.01987,0.03514,0.02502,0.02754,0.03975,0.02787,0.16230,0.03087,0.07912,0.02120,0.02789,0.03202
0.04895,0.04992,0.09979,0.05448,0.05266,0.10238,0.05976,0.04742,0.03567,0.04140,0.04548,0.03195,0.05641,0.03919,0.03195,0.05552,0.03677,0.03454,0.02690,0.04885
0.03322,0.04617,0.07273,0.08342,0.04205,0.16892,0.04412,0.03830,0.02453,0.03495,0.03782,0.02873,0.03488,0.04453,0.03437,0.03996,0.08206,0.03168,0.03243,0.04512
0.03280,0.04652,0.22226,0.04328,0.02936,0.21477,0.03920,0.03508,0.02760,0.02947,0.03075,0.01988,0.03160,0.02560,0.03510,0.03019,0.02696,0.01894,0.01733,0.04332
0.02793,0.03860,0.07278,0.09667,0.03303,0.20800,0.03380,0.03022,0.02762,0.03745,0.03538,0.02913,0.03025,0.03153,0.04777,0.03090,0.10606,0.02581,0.02216,0.03490
0.04188,0.03981,0.15147,0.04674,0.04340,0.17428,0.04261,0.04045,0.02890,0.03765,0.03340,0.02994,0.04081,0.02704,0.05992,0.03561,0.04076,0.02628,0.01932,0.03977
0.03268,0.04512,0.20683,0.04804,0.03845,0.21226,0.03884,0.03795,0.03048,0.03057,0.03102,0.02336,0.02997,0.02338,0.03200,0.02945,0.03118,0.02218,0.01989,0.03635
0.06356,0.04729,0.10942,0.05225,0.05176,0.10800,0.05822,0.04443,0.03689,0.04693,0.05351,0.03382,0.04307,0.02744,0.03514,0.04269,0.04077,0.03539,0.02538,0.04405
0.03698,0.03428,0.07122,0.08218,0.04355,0.17449,0.03736,0.02872,0.02922,0.02488,0.04044,0.04487,0.03439,0.03151,0.07264,0.03332,0.08088,0.02701,0.02218,0.04988
0.04693,0.05873,0.11345,0.03729,0.04676,0.11117,0.05472,0.05199,0.03956,0.05297,0.03668,0.04532,0.03775,0.02731,0.03497,0.06134,0.03585,0.02689,0.02456,0.05576
0.04055,0.05166,0.16920,0.04380,0.03720,0.16471,0.05815,0.03989,0.03158,0.03114,0.03527,0.02321,0.03690,0.02275,0.05998,0.03211,0.03127,0.02550,0.02728,0.03785
0.03485,0.04373,0.20229,0.04450,0.04165,0.19876,0.04096,0.03554,0.02419,0.02676,0.02787,0.03627,0.02951,0.02339,0.03113,0.04042,0.03080,0.02628,0.02135,0.03975
0.05071,0.07755,0.09085,0.05657,0.04039,0.09185,0.06249,0.05087,0.05374,0.05287,0.04205,0.03319,0.03830,0.03617,0.03983,0.03443,0.03524,0.04315,0.02181,0.04796
0.03786,0.04582,0.16080,0.05654,0.03830,0.18721,0.04060,0.03749,0.02748,0.03628,0.02809,0.03795,0.03181,0.02443,0.04390,0.03485,0.04276,0.02752,0.01925,0.04107
0.02763,0.03933,0.05357,0.03949,0.02889,0.06676,0.03596,0.03230,0.02243,0.03113,0.02375,0.02034,0.02545,0.02285,0.40530,0.02741,0.03344,0.02001,0.01695,0.02702
0.04719,0.05238,0.13901,0.05170,0.03744,0.15688,0.04305,0.04191,0.03119,0.04091,0.02735,0.03288,0.03860,0.02311,0.06671,0.03519,0.04322,0.02616,0.02113,0.04401
0.04404,0.03801,0.10906,0.06649,0.04538,0.13256,0.05182,0.04109,0.03446,0.03633,0.04757,0.03556,0.04484,0.03760,0.03781,0.04314,0.05345,0.02949,0.03007,0.04124
0.04603,0.04482,0.15689,0.05410,0.02657,0.18837,0.04394,0.03742,0.02629,0.02956,0.03771,0.02924,0.03514,0.02805,0.04553,0.03295,0.04822,0.02651,0.03013,0.03251
0.03920,0.04688,0.06507,0.05874,0.04462,0.08128,0.05663,0.04213,0.03093,0.03937,0.04462,0.03151,0.04100,0.03817,0.14917,0.05224,0.04423,0.02644,0.03017,0.03762
0.03979,0.03944,0.16323,0.03918,0.03377,0.18570,0.04983,0.04092,0.02368,0.03718,0.02433,0.03054,0.03945,0.02359,0.06938,0.03571,0.04219,0.02396,0.02417,0.03395
0.04221,0.03460,0.15170,0.03896,0.03107,0.16751,0.04689,0.03445,0.02037,0.03337,0.02959,0.03437,0.02844,0.02322,0.13620,0.03671,0.03912,0.01961,0.01907,0.03254
0.03822,0.03933,0.15006,0.05966,0.03584,0.15341,0.05720,0.03836,0.02662,0.03859,0.03921,0.02925,0.04793,0.03928,0.04060,0.03337,0.04045,0.03067,0.02385,0.03810
0.03714,0.04942,0.21407,0.03197,0.04131,0.21191,0.03907,0.03561,0.02663,0.03283,0.02372,0.03538,0.02970,0.02237,0.02459,0.03771,0.02896,0.02180,0.01658,0.03925
0.04422,0.04708,0.11391,0.05079,0.03929,0.11346,0.05488,0.04269,0.02810,0.04051,0.03876,0.02917,0.05357,0.03419,0.07759,0.04084,0.03815,0.03128,0.04501,0.03652
0.03425,0.03567,0.07576,0.05811,0.03415,0.11632,0.04398,0.03631,0.02864,0.04738,0.05040,0.03690,0.04352,0.03704,0.11510,0.04245,0.05921,0.02691,0.02995,0.04795
0.03604,0.05528,0.13617,0.05114,0.04731,0.15255,0.04452,0.04170,0.03420,0.03499,0.04190,0.03855,0.05760,0.02635,0.01931,0.03090,0.04633,0.02881,0.01965,0.05671
0.02588,0.02515,0.09192,0.09680,0.02799,0.26361,0.03176,0.03020,0.01623,0.02503,0.01839,0.02187,0.02563,0.02209,0.07104,0.02407,0.12287,0.01627,0.01524,0.02794
0.04081,0.04934,0.18201,0.04800,0.04412,0.17342,0.05658,0.04483,0.02998,0.03979,0.03466,0.02494,0.03169,0.02088,0.02979,0.03588,0.02840,0.02713,0.02048,0.03727
0.04595,0.04892,0.05495,0.06539,0.03473,0.07993,0.05330,0.04623,0.02808,0.04099,0.05105,0.03000,0.04077,0.03541,0.17377,0.03123,0.04308,0.03113,0.02716,0.03794
0.02934,0.02787,0.25130,0.03085,0.02432,0.24354,0.03035,0.02649,0.02227,0.02288,0.02478,0.01945,0.02147,0.02223,0.08119,0.03067,0.02810,0.01800,0.02122,0.02368
0.02160,0.02909,0.24357,0.04743,0.02366,0.25664,0.03366,0.02485,0.01826,0.02491,0.02506,0.02397,0.02588,0.02863,0.04631,0.02165,0.04047,0.01758,0.02075,0.02604
0.03943,0.03180,0.05528,0.09079,0.03067,0.19494,0.05239,0.03219,0.02858,0.02606,0.03629,0.02837,0.04158,0.02925,0.07105,0.02985,0.10411,0.02433,0.02203,0.03100
0.03556,0.03689,0.18715,0.04505,0.02537,0.19668,0.03453,0.04381,0.02998,0.02677,0.02973,0.02056,0.04498,0.02498,0.05694,0.03490,0.04208,0.02461,0.03152,0.02791
0.03490,0.05829,0.12368,0.06738,0.03973,0.15492,0.04588,0.05020,0.03525,0.03384,0.04231,0.02739,0.04526,0.03190,0.03951,0.03341,0.04694,0.02407,0.02301,0.04214
0.04434,0.04045,0.08226,0.06515,0.04212,0.14664,0.05511,0.04453,0.03094,0.03715,0.04351,0.03322,0.04109,0.02749,0.06365,0.03510,0.07176,0.02902,0.03015,0.03634
0.04394,0.05633,0.12087,0.03990,0.04649,0.14359,0.05230,0.05401,0.03052,0.04986,0.03566,0.03147,0.03990,0.02694,0.03819,0.04758,0.04431,0.02295,0.02221,0.05298
0.04659,0.03944,0.15409,0.05189,0.03601,0.18670,0.04094,0.03973,0.03080,0.03188,0.03491,0.03038,0.03437,0.02836,0.04228,0.03222,0.05032,0.03033,0.02444,0.03432
0.03604,0.04592,0.21203,0.04469,0.02886,0.20767,0.04105,0.04034,0.02702,0.02832,0.02778,0.02718,0.03593,0.02789,0.03378,0.03178,0.02721,0.02211,0.01630,0.03810
0.03787,0.03226,0.05143,0.04702,0.02575,0.09348,0.04033,0.02582,0.02136,0.03340,0.02548,0.02421,0.02582,0.02126,0.35750,0.02736,0.03951,0.02048,0.02083,0.02882
0.02756,0.03238,0.08466,0.03599,0.02474,0.10466,0.03188,0.02421,0.02107,0.03239,0.02160,0.02716,0.03640,0.03522,0.32935,0.02985,0.03530,0.02001,0.01874,0.02685
0.02821,0.03573,0.13992,0.06860,0.03201,0.19922,0.03383,0.03627,0.02597,0.02882,0.02841,0.03638,0.02973,0.02236,0.06208,0.03387,0.06658,0.02294,0.02509,0.04398
0.02861,0.03463,0.21643,0.04260,0.02784,0.24990,0.02735,0.03285,0.02090,0.02085,0.02680,0.02877,0.02509,0.02773,0.04913,0.02304,0.04466,0.02320,0.01636,0.03328
0.03077,0.03956,0.08340,0.03528,0.03382,0.09241,0.03839,0.03540,0.02023,0.03213,0.02338,0.02710,0.03244,0.03249,0.30658,0.03145,0.03329,0.02014,0.02200,0.02973
0.03850,0.04115,0.06794,0.08063,0.03057,0.15544,0.04273,0.03763,0.03596,0.03910,0.03693,0.02468,0.03026,0.02682,0.10079,0.03205,0.09154,0.02313,0.02378,0.04037
0.04325,0.04843,0.17241,0.04143,0.03957,0.16573,0.05501,0.04136,0.02567,0.04341,0.02837,0.02970,0.03970,0.03170,0.02797,0.03897,0.03001,0.02348,0.02787,0.04597
0.03586,0.05262,0.06595,0.07830,0.04065,0.10996,0.04279,0.04010,0.03168,0.03407,0.03469,0.03109,0.03629,0.03650,0.14630,0.03741,0.05120,0.02810,0.02458,0.04188
0.05106,0.05259,0.13689,0.04482,0.04747,0.13643,0.05596,0.04297,0.02941,0.04953,0.03221,0.03257,0.04252,0.02253,0.06225,0.03821,0.03038,0.02457,0.02162,0.04602
0.03764,0.04117,0.14507,0.05768,0.03907,0.16022,0.04588,0.04800,0.03485,0.03351,0.03829,0.02605,0.03642,0.03162,0.05401,0.03117,0.05027,0.02947,0.02344,0.03617
0.03929,0.03870,0.21027,0.04549,0.02949,0.20021,0.04418,0.03595,0.02756,0.03182,0.03240,0.02480,0.03347,0.02677,0.03921,0.03383,0.03217,0.02346,0.02273,0.02818
0.04412,0.03391,0.15414,0.05202,0.03559,0.17440,0.04741,0.04634,0.02388,0.03229,0.04403,0.02264,0.04566,0.02334,0.05757,0.04127,0.04120,0.02343,0.02044,0.03633
0.03349,0.04377,0.20292,0.05081,0.03370,0.22729,0.03712,0.03084,0.02506,0.02405,0.03078,0.02783,0.02618,0.02102,0.03841,0.02422,0.03806,0.02154,0.02150,0.04144
0.03909,0.03663,0.05139,0.08330,0.03621,0.14545,0.05091,0.03793,0.02781,0.03155,0.03552,0.03434,0.04114,0.02745,0.11896,0.03149,0.07946,0.02497,0.02236,0.04408
0.03524,0.04869,0.19469,0.03690,0.03412,0.20297,0.04386,0.03587,0.02252,0.03166,0.02989,0.02988,0.03792,0.02157,0.03661,0.03772,0.02809,0.02695,0.02040,0.04444
0.03950,0.05172,0.17197,0.03267,0.04161,0.16341,0.04796,0.03716,0.02785,0.04716,0.03284,0.03694,0.03791,0.02806,0.04369,0.04169,0.03220,0.02299,0.02102,0.04163
0.04068,0.05034,0.16614,0.03830,0.04498,0.16527,0.05552,0.03881,0.02877,0.04235,0.03579,0.02531,0.03247,0.02856,0.03623,0.03844,0.03328,0.02632,0.02147,0.05098
0.03048,0.02553,0.24088,0.04263,0.02480,0.25061,0.03312,0.02460,0.02174,0.02716,0.02184,0.02164,0.04082,0.02445,0.04584,0.02344,0.03984,0.01645,0.01888,0.02526
0.03214,0.04198,0.06426,0.08810,0.03189,0.15068,0.04176,0.03317,0.02470,0.03543,0.03985,0.02393,0.03522,0.02615,0.13666,0.03314,0.07850,0.02463,0.02231,0.03548
0.03237,0.04144,0.16988,0.05208,0.04523,0.17323,0.04024,0.04142,0.03016,0.03302,0.03699,0.02840,0.05011,0.03086,0.02907,0.03854,0.03409,0.02691,0.02425,0.04170
0.03769,0.03222,0.04733,0.07715,0.02935,0.13325,0.03544,0.03540,0.02206,0.03592,0.03929,0.02246,0.04380,0.03186,0.19266,0.03461,0.07313,0.01973,0.02484,0.03180
0.02574,0.03060,0.05092,0.02512,0.03343,0.05973,0.03143,0.03257,0.02098,0.03521,0.02557,0.02551,0.02266,0.01565,0.44664,0.02931,0.02726,0.01530,0.01190,0.03446
0.02726,0.03186,0.06948,0.11545,0.03135,0.25120,0.03182,0.02647,0.02519,0.02806,0.02748,0.01845,0.02604,0.01603,0.04603,0.02695,0.13195,0.01983,0.01636,0.03273
0.04018,0.04956,0.15121,0.04992,0.03484,0.17404,0.04690,0.03633,0.02750,0.03751,0.03546,0.02925,0.04421,0.02763,0.05042,0.03958,0.04494,0.02390,0.02210,0.03451
0.03061,0.03127,0.23998,0.03493,0.02983,0.23663,0.03466,0.03073,0.02959,0.02592,0.03036,0.02074,0.03709,0.02106,0.05264,0.02450,0.02257,0.01917,0.01580,0.03193
0.04754,0.04924,0.10641,0.05648,0.03188,0.11768,0.05108,0.04870,0.03276,0.03934,0.04443,0.02457,0.03691,0.03352,0.11051,0.04147,0.03811,0.02853,0.02528,0.03557
0.03759,0.03784,0.21950,0.03785,0.02706,0.22430,0.03658,0.03225,0.02649,0.02609,0.02510,0.02545,0.03898,0.02633,0.03482,0.03466,0.02967,0.02282,0.02474,0.03189
0.04259,0.04428,0.18084,0.05287,0.03733,0.18105,0.04171,0.04098,0.02717,0.03638,0.03653,0.02526,0.04136,0.02864,0.02913,0.03548,0.03142,0.02758,0.02399,0.03542
0.03739,0.03931,0.12230,0.05647,0.05361,0.15069,0.05961,0.04258,0.02880,0.03482,0.03866,0.02767,0.03934,0.02650,0.06917,0.03403,0.04925,0.02531,0.02636,0.03813
0.03304,0.04524,0.20962,0.05161,0.03061,0.21235,0.03937,0.03874,0.02672,0.02573,0.03517,0.02870,0.03863,0.02355,0.02486,0.02692,0.02812,0.02285,0.01992,0.03825
0.03769,0.03749,0.16840,0.05654,0.03933,0.15891,0.06324,0.04211,0.03544,0.03605,0.03081,0.02744,0.03363,0.02542,0.04620,0.04071,0.02836,0.02893,0.02575,0.03756
0.03532,0.03333,0.08171,0.08628,0.03745,0.17978,0.03459,0.03483,0.02507,0.03464,0.04014,0.03525,0.04109,0.03202,0.06224,0.03343,0.08177,0.02656,0.02666,0.03784
0.03293,0.03653,0.21216,0.04872,0.02533,0.24407,0.02983,0.02865,0.01667,0.03063,0.02152,0.02427,0.02232,0.02104,0.07481,0.03013,0.03873,0.01627,0.01526,0.03014
0.04366,0.05551,0.11129,0.04638,0.04886,0.12104,0.05655,0.04355,0.02961,0.05517,0.02789,0.04267,0.03687,0.02637,0.04991,0.05154,0.04501,0.02626,0.02054,0.06133
0.04345,0.05810,0.14533,0.06174,0.04311,0.14301,0.05076,0.04985,0.03181,0.03692,0.04276,0.02750,0.03825,0.02755,0.03333,0.03196,0.02943,0.03455,0.02471,0.04589
0.02670,0.02834,0.06377,0.03408,0.02461,0.08526,0.03187,0.02872,0.02036,0.02885,0.02008,0.02019,0.02569,0.02261,0.42409,0.02436,0.03362,0.01526,0.01579,0.02577
0.04724,0.05346,0.14430,0.04689,0.03238,0.14264,0.04624,0.04053,0.02953,0.03662,0.03354,0.02786,0.03703,0.03953,0.09438,0.02840,0.03430,0.02466,0.02486,0.03560
0.03477,0.03407,0.18507,0.04041,0.04027,0.16749,0.04852,0.03666,0.02535,0.03606,0.04117,0.02778,0.03743,0.02564,0.04489,0.04677,0.03051,0.02842,0.03200,0.03672
0.03107,0.03896,0.24297,0.03258,0.02656,0.22434,0.03328,0.02668,0.02031,0.03133,0.02704,0.02532,0.03153,0.02698,0.05518,0.03099,0.02714,0.01910,0.01954,0.02911
0.03504,0.03998,0.06703,0.04925,0.04122,0.09532,0.04263,0.04225,0.02888,0.04236,0.03581,0.03834,0.03855,0.02467,0.21975,0.03418,0.04012,0.02586,0.01717,0.04160
0.04274,0.05771,0.06271,0.04322,0.04457,0.08236,0.04847,0.06879,0.03611,0.05377,0.03461,0.03406,0.04244,0.03574,0.10658,0.05301,0.05364,0.02321,0.02091,0.05537
0.04681,0.04470,0.12839,0.05595,0.05843,0.12340,0.05762,0.04505,0.02720,0.03739,0.03886,0.02896,0.04508,0.02911,0.05883,0.03466,0.03742,0.03270,0.02946,0.03997
0.04085,0.04773,0.14526,0.03978,0.04133,0.14872,0.05216,0.04025,0.02819,0.04096,0.03682,0.02967,0.03517,0.02239,0.09691,0.03670,0.02881,0.02308,0.02447,0.04077
0.03388,0.03358,0.21424,0.04150,0.03133,0.24267,0.04487,0.03019,0.02104,0.03164,0.02628,0.02137,0.03866,0.01919,0.01927,0.03312,0.03902,0.02183,0.02203,0.03431
0.02853,0.04079,0.19386,0.04271,0.03083,0.19943,0.04008,0.04093,0.02604,0.02710,0.02709,0.02573,0.03495,0.02771,0.07223,0.02992,0.03508,0.02195,0.02235,0.03273
0.06228,0.04712,0.08509,0.06892,0.03963,0.12380,0.04412,0.04077,0.02810,0.02964,0.05396,0.03505,0.05120,0.03608,0.04347,0.03944,0.06526,0.02967,0.03361,0.04276
0.03962,0.04039,0.15896,0.03734,0.04533,0.15883,0.04897,0.03717,0.03037,0.04317,0.03789,0.03566,0.03816,0.03005,0.04555,0.03889,0.04082,0.03083,0.02343,0.03858
0.04021,0.04208,0.17132,0.05134,0.03314,0.18873,0.03802,0.03343,0.02573,0.02749,0.04091,0.02949,0.03313,0.02728,0.05532,0.02823,0.04858,0.02310,0.02973,0.03277
0.04761,0.04124,0.10608,0.05416,0.05470,0.10413,0.06480,0.04172,0.03805,0.04412,0.04710,0.03520,0.05390,0.03114,0.03997,0.04217,0.04663,0.03572,0.03033,0.04122
0.03897,0.03990,0.18251,0.03952,0.03401,0.18405,0.05880,0.03974,0.02656,0.03349,0.03352,0.02615,0.04200,0.02506,0.04979,0.03093,0.03290,0.02691,0.02585,0.02935
0.04052,0.04857,0.19037,0.04981,0.03447,0.20012,0.04322,0.03966,0.02578,0.03496,0.03961,0.02246,0.02876,0.02603,0.03179,0.03088,0.03213,0.02149,0.02184,0.03753
0.03796,0.06274,0.17929,0.05033,0.03583,0.18205,0.05197,0.04838,0.03347,0.02965,0.04656,0.01858,0.03001,0.01769,0.02331,0.03369,0.03261,0.02280,0.01546,0.04763
0.02589,0.02624,0.09149,0.02982,0.02740,0.09983,0.03887,0.02629,0.02102,0.02976,0.02211,0.02373,0.02900,0.02253,0.35038,0.02835,0.03214,0.02540,0.02232,0.02742
0.03864,0.03793,0.23673,0.03412,0.03353,0.23730,0.03890,0.02713,0.02481,0.02852,0.02801,0.02575,0.02902,0.02406,0.03272,0.02820,0.02724,0.01966,0.01612,0.03160
0.03456,0.03290,0.06533,0.07407,0.05298,0.18127,0.03515,0.03832,0.02377,0.04296,0.03076,0.03878,0.03882,0.02562,0.06648,0.03215,0.09530,0.02473,0.02154,0.04451
0.04890,0.06080,0.09108,0.03685,0.05454,0.07921,0.08879,0.04253,0.02471,0.05558,0.02992,0.03533,0.06180,0.03842,0.05756,0.05326,0.03684,0.02888,0.02778,0.04723
0.04770,0.04967,0.16956,0.04714,0.04048,0.18060,0.04170,0.04046,0.02527,0.02680,0.03592,0.03005,0.03956,0.02964,0.04141,0.03404,0.03715,0.02501,0.02300,0.03484
0.04442,0.04262,0.16819,0.04547,0.03699,0.18007,0.05411,0.04207,0.02508,0.03377,0.03376,0.03471,0.03407,0.01939,0.04704,0.03137,0.04154,0.02212,0.02323,0.03997
0.03883,0.04616,0.16917,0.04409,0.03289,0.18622,0.05063,0.03947,0.02345,0.02877,0.03326,0.02583,0.04285,0.02824,0.05259,0.03304,0.03827,0.02527,0.02640,0.03456
0.03618,0.05178,0.17309,0.02959,0.03296,0.17913,0.05464,0.04695,0.02568,0.05128,0.03876,0.02801,0.03815,0.02455,0.03295,0.03636,0.03249,0.02027,0.02369,0.04349
0.03843,0.04564,0.18516,0.04363,0.03567,0.16701,0.04931,0.03989,0.02548,0.04139,0.03464,0.03011,0.04238,0.02903,0.04051,0.03074,0.03234,0.02521,0.02162,0.04182
0.03612,0.04976,0.15022,0.06362,0.04048,0.15871,0.04705,0.03894,0.03291,0.02699,0.04175,0.03232,0.04140,0.03055,0.03402,0.03344,0.03939,0.02818,0.02423,0.04993
0.04704,0.05218,0.14878,0.04357,0.05122,0.13180,0.05918,0.04451,0.02408,0.03773,0.03723,0.03599,0.04239,0.03214,0.02824,0.05299,0.03226,0.03025,0.02437,0.04404
0.03594,0.05764,0.12051,0.05042,0.03905,0.13432,0.05191,0.03742,0.03057,0.04239,0.03298,0.03789,0.03734,0.02781,0.08395,0.04622,0.04158,0.02454,0.02261,0.04490
0.04103,0.04328,0.08566,0.06725,0.03871,0.12816,0.05459,0.04672,0.03024,0.03392,0.03139,0.03296,0.03399,0.02621,0.12436,0.03541,0.05390,0.02697,0.02562,0.03962
0.02556,0.03148,0.26035,0.03474,0.02289,0.26203,0.03073,0.03433,0.02248,0.02733,0.03008,0.02236,0.02315,0.02647,0.03672,0.02285,0.02794,0.01722,0.01838,0.02291
0.04626,0.04546,0.17909,0.04050,0.04260,0.16945,0.05303,0.03817,0.02818,0.03343,0.02993,0.02936,0.04696,0.02437,0.03911,0.03580,0.02816,0.02929,0.02297,0.03789
0.03456,0.04331,0.16672,0.04156,0.03370,0.16676,0.04119,0.03168,0.02216,0.03162,0.03413,0.02559,0.03613,0.03925,0.10181,0.03522,0.03330,0.02567,0.02567,0.02996
0.04947,0.06349,0.13948,0.04462,0.04113,0.14628,0.04379,0.05298,0.03309,0.04081,0.03563,0.03379,0.02969,0.02779,0.05292,0.03579,0.03101,0.03059,0.02191,0.04573
0.03927,0.03545,0.20704,0.04232,0.02911,0.22308,0.04120,0.02908,0.02304,0.02884,0.03154,0.02659,0.03471,0.02095,0.05811,0.02743,0.03228,0.01918,0.01844,0.03235
0.03897,0.03530,0.07786,0.07106,0.03548,0.13198,0.04192,0.03532,0.02406,0.03499,0.03345,0.02871,0.05817,0.05354,0.11869,0.02849,0.06020,0.02501,0.02909,0.03770
0.04237,0.04181,0.21382,0.03780,0.02890,0.21369,0.04312,0.03515,0.02140,0.02443,0.02785,0.02596,0.03862,0.02448,0.03963,0.03736,0.02781,0.02170,0.02229,0.03183
0.03747,0.03321,0.05116,0.09239,0.03006,0.18672,0.04004,0.03172,0.02510,0.02878,0.02502,0.02317,0.02736,0.01893,0.15182,0.02310,0.10331,0.01881,0.01817,0.03364
0.03108,0.02878,0.07462,0.08297,0.02939,0.16912,0.03438,0.02898,0.02247,0.02726,0.02936,0.03318,0.03179,0.03604,0.14645,0.03184,0.08647,0.02459,0.02618,0.02505
0.03000,0.03437,0.06383,0.04375,0.02518,0.10085,0.03233,0.03116,0.02433,0.03151,0.02658,0.02210,0.02780,0.02638,0.33210,0.03223,0.04233,0.01932,0.02113,0.03272
0.02767,0.03299,0.06771,0.03760,0.02537,0.07246,0.03418,0.02797,0.01858,0.02300,0.02638,0.02172,0.02274,0.02078,0.43704,0.02894,0.02429,0.01461,0.01627,0.01970
0.04699,0.05738,0.15031,0.03358,0.03983,0.15233,0.05071,0.04311,0.02627,0.05526,0.03078,0.03782,0.03658,0.02447,0.03039,0.05078,0.03088,0.03014,0.02133,0.05107
0.02597,0.03334,0.19793,0.05350,0.03127,0.21778,0.04021,0.04411,0.02970,0.02982,0.02979,0.02048,0.03122,0.02148,0.04550,0.02774,0.03714,0.02339,0.02736,0.03226
0.03538,0.04930,0.18205,0.05219,0.03416,0.18775,0.04033,0.04196,0.02795,0.03623,0.03382,0.03268,0.02814,0.01829,0.03724,0.03576,0.03921,0.02505,0.01932,0.04319
0.04246,0.05268,0.12212,0.04661,0.04380,0.12395,0.06212,0.04621,0.03714,0.04873,0.04509,0.03082,0.03755,0.02866,0.04469,0.03917,0.03500,0.02780,0.03419,0.05121
0.04638,0.04804,0.13117,0.05370,0.04261,0.12628,0.06118,0.04310,0.03317,0.03645,0.04294,0.03405,0.04295,0.03393,0.05847,0.03923,0.03333,0.02761,0.02890,0.03650
0.05167,0.05349,0.11366,0.05017,0.04338,0.11621,0.07090,0.04712,0.03078,0.04232,0.03859,0.02652,0.04760,0.02314,0.05915,0.04028,0.03909,0.03038,0.03093,0.04463
0.04199,0.03782,0.13822,0.05525,0.04451,0.14228,0.05096,0.03709,0.03245,0.03590,0.04117,0.02967,0.04711,0.03570,0.05608,0.03949,0.03790,0.02826,0.03105,0.03710
0.03190,0.02559,0.07753,0.06135,0.02843,0.16339,0.03907,0.02830,0.02319,0.02724,0.02989,0.02491,0.03140,0.02310,0.21040,0.02754,0.06634,0.01704,0.03528,0.02813
0.03681,0.05732,0.14677,0.06797,0.03804,0.15203,0.05534,0.05781,0.03723,0.03277,0.04200,0.02442,0.04120,0.02752,0.03334,0.03204,0.03564,0.02321,0.02012,0.03843
0.03742,0.04588,0.04835,0.06346,0.03819,0.10458,0.05091,0.04003,0.02912,0.04133,0.03378,0.02393,0.03709,0.02555,0.18127,0.03868,0.05971,0.02465,0.02289,0.05319
0.03517,0.03254,0.05844,0.03661,0.03133,0.07161,0.04487,0.02598,0.01884,0.03162,0.02550,0.02517,0.03290,0.02524,0.37790,0.02777,0.03271,0.02034,0.02008,0.02537
0.03839,0.05377,0.12054,0.06469,0.04622,0.13695,0.05450,0.04523,0.04066,0.03185,0.03851,0.03509,0.04015,0.02967,0.02198,0.03651,0.05182,0.03072,0.02484,0.05791
0.03160,0.02993,0.26208,0.03694,0.02565,0.25310,0.03388,0.02756,0.02080,0.02176,0.02208,0.01889,0.03294,0.02112,0.04069,0.02710,0.02777,0.02102,0.01758,0.02751
0.04115,0.04486,0.08044,0.05648,0.05659,0.07610,0.07821,0.04842,0.03085,0.04488,0.05654,0.03215,0.06452,0.04418,0.03488,0.04908,0.03571,0.03871,0.03378,0.05246
0.03785,0.04087,0.13074,0.05358,0.04381,0.14772,0.05263,0.04062,0.03240,0.04565,0.03533,0.03561,0.05147,0.02607,0.05102,0.03892,0.03948,0.02446,0.02498,0.04680
0.03837,0.04886,0.17250,0.03616,0.03522,0.17787,0.04108,0.04102,0.01893,0.04439,0.03343,0.02793,0.03112,0.02610,0.07015,0.03989,0.03434,0.02151,0.02433,0.03681
0.04722,0.04604,0.13999,0.04004,0.04428,0.14150,0.07076,0.04062,0.03104,0.04137,0.03350,0.02708,0.04790,0.02423,0.05008,0.04234,0.03763,0.02849,0.02677,0.03911
0.03134,0.03480,0.22143,0.03677,0.02697,0.22320,0.05608,0.03421,0.02654,0.02818,0.02331,0.02216,0.03482,0.02146,0.04357,0.02868,0.03338,0.02178,0.01730,0.03400
0.03315,0.03274,0.08949,0.09266,0.02639,0.23551,0.03740,0.03139,0.02571,0.03178,0.02716,0.02334,0.02586,0.02510,0.06195,0.02373,0.10892,0.02062,0.01713,0.02998
0.04794,0.04770,0.15752,0.05218,0.03106,0.17314,0.04914,0.04085,0.03107,0.03039,0.03817,0.02923,0.03296,0.03191,0.04025,0.03891,0.03825,0.02678,0.03004,0.03251
0.02646,0.03610,0.19314,0.05466,0.02831,0.21834,0.03346,0.03524,0.02300,0.02594,0.02927,0.02086,0.03257,0.02622,0.07292,0.02943,0.04036,0.02069,0.02196,0.03106
0.05172,0.06457,0.06479,0.03621,0.05797,0.06838,0.07405,0.05397,0.04082,0.06380,0.03963,0.03060,0.04799,0.02580,0.04364,0.06389,0.04161,0.03502,0.02377,0.07176
0.04348,0.05206,0.12406,0.03620,0.04286,0.11516,0.05656,0.05144,0.03293,0.06590,0.03557,0.02877,0.03794,0.04517,0.03567,0.05553,0.03218,0.02636,0.02862,0.05355
0.02907,0.03521,0.21393,0.03615,0.04007,0.19079,0.04292,0.04103,0.02978,0.03062,0.03252,0.03045,0.03487,0.02798,0.03414,0.03934,0.03349,0.02381,0.02187,0.03195
0.03150,0.02958,0.04749,0.07787,0.02586,0.16151,0.03461,0.02747,0.02127,0.02455,0.02743,0.02840,0.02583,0.02374,0.25337,0.02446,0.07959,0.01602,0.01594,0.02350
0.04170,0.05014,0.09197,0.04741,0.03966,0.10049,0.04543,0.04592,0.03532,0.04040,0.02819,0.02863,0.02965,0.03023,0.17797,0.03536,0.03333,0.02948,0.02107,0.04765
0.04196,0.04531,0.14456,0.04819,0.04122,0.12524,0.04984,0.04380,0.02961,0.03975,0.03762,0.02675,0.06214,0.04754,0.05495,0.03831,0.02552,0.02757,0.03323,0.03687
0.04117,0.04608,0.19034,0.04542,0.03476,0.19574,0.03980,0.04573,0.02664,0.03161,0.03013,0.02102,0.04164,0.03377,0.03255,0.03117,0.03456,0.02344,0.02281,0.03162
0.04770,0.05330,0.12167,0.04599,0.05219,0.11039,0.06116,0.05785,0.03532,0.04125,0.04311,0.03116,0.04712,0.02620,0.04808,0.03991,0.03843,0.02953,0.02817,0.04148
0.04072,0.04858,0.20347,0.05048,0.03385,0.20786,0.04362,0.03830,0.03296,0.02933,0.03457,0.02458,0.02516,0.02854,0.03338,0.02753,0.02774,0.01956,0.01964,0.03015
0.03932,0.04245,0.21796,0.03322,0.03110,0.21396,0.03531,0.02802,0.02174,0.03371,0.02472,0.02900,0.02694,0.02082,0.07524,0.02994,0.03209,0.01585,0.01469,0.03392
0.03601,0.04677,0.18244,0.05075,0.03436,0.17580,0.04436,0.04203,0.03148,0.03060,0.03766,0.02712,0.03900,0.02497,0.03848,0.03564,0.03472,0.02739,0.02011,0.04030
0.02787,0.03703,0.22041,0.04655,0.02245,0.22027,0.03330,0.03175,0.03900,0.03040,0.02942,0.01973,0.02769,0.02211,0.06434,0.02759,0.02788,0.02196,0.01667,0.03357
0.05659,0.04118,0.06530,0.06110,0.03944,0.10748,0.03943,0.04122,0.03049,0.03096,0.04100,0.03221,0.04586,0.03509,0.13273,0.04274,0.05977,0.02400,0.02847,0.04494
0.03996,0.03807,0.05376,0.09576,0.03106,0.15829,0.04214,0.03533,0.03380,0.02882,0.04565,0.02472,0.07323,0.04138,0.03868,0.03744,0.09657,0.02534,0.02606,0.03397
0.04300,0.05031,0.13613,0.04034,0.04170,0.13964,0.04951,0.04021,0.03436,0.03802,0.03961,0.03744,0.03603,0.02793,0.06428,0.04449,0.03890,0.03249,0.02761,0.03801
0.04844,0.04562,0.09595,0.06262,0.04386,0.12151,0.07122,0.04434,0.03501,0.04108,0.04421,0.02740,0.05310,0.02611,0.03814,0.03810,0.05154,0.03847,0.03371,0.03955
0.04965,0.04284,0.11062,0.04497,0.03982,0.11426,0.05230,0.04517,0.03705,0.04660,0.04082,0.03606,0.04470,0.03600,0.07419,0.03725,0.04129,0.03184,0.03525,0.03935
0.03732,0.03974,0.17660,0.03454,0.04074,0.16352,0.07223,0.03708,0.02486,0.03832,0.02960,0.02435,0.05262,0.02310,0.03318,0.04192,0.02852,0.03589,0.02648,0.03937
0.04255,0.04920,0.15635,0.04472,0.03814,0.15616,0.05543,0.04045,0.02796,0.04166,0.03988,0.03340,0.04118,0.02821,0.03650,0.03505,0.03996,0.03131,0.02265,0.03921
0.03035,0.04315,0.17872,0.03729,0.03916,0.17634,0.04883,0.03928,0.02748,0.03517,0.02506,0.02273,0.03399,0.02838,0.10275,0.03092,0.02543,0.02207,0.02157,0.03135
0.04040,0.04964,0.17352,0.03413,0.04681,0.16378,0.06199,0.04374,0.02911,0.04450,0.02851,0.02429,0.03666,0.02331,0.04599,0.03432,0.02980,0.02469,0.02194,0.04287
0.04317,0.04912,0.10289,0.06961,0.04555,0.11913,0.06314,0.04183,0.03073,0.04239,0.03708,0.03215,0.04744,0.03860,0.03484,0.04127,0.04771,0.03434,0.03212,0.04687
0.03587,0.03961,0.19893,0.03956,0.03374,0.21201,0.03888,0.02865,0.02583,0.03016,0.02460,0.03001,0.03148,0.02248,0.06279,0.03175,0.03543,0.02378,0.02158,0.03286
0.03161,0.02971,0.06385,0.08009,0.03553,0.18053,0.04237,0.02784,0.02457,0.03396,0.02245,0.03382,0.03405,0.02174,0.13803,0.03004,0.09768,0.01852,0.02057,0.03303
0.02655,0.02871,0.10569,0.10545,0.02045,0.26363,0.03321,0.02353,0.02234,0.02861,0.02083,0.02711,0.03225,0.02324,0.04309,0.02445,0.10983,0.01801,0.01688,0.02614
0.03914,0.04159,0.16195,0.04778,0.03671,0.17814,0.04146,0.03529,0.02128,0.03259,0.03035,0.02781,0.03648,0.03866,0.05668,0.03808,0.04564,0.02674,0.02245,0.04120
0.03650,0.04171,0.06919,0.09171,0.03649,0.16622,0.04631,0.03024,0.02054,0.03271,0.03572,0.03953,0.05315,0.04670,0.03481,0.04657,0.07806,0.02307,0.02722,0.04354
0.03301,0.03665,0.20565,0.05225,0.02456,0.24523,0.03876,0.02961,0.01985,0.02527,0.02765,0.02554,0.03165,0.02428,0.04426,0.02494,0.04376,0.02026,0.02007,0.02674
0.05018,0.06833,0.09091,0.06209,0.05027,0.09076,0.06232,0.05810,0.04382,0.03993,0.05481,0.03104,0.03997,0.02532,0.03956,0.04256,0.04392,0.03226,0.02595,0.04789
0.03686,0.05718,0.09080,0.06086,0.05627,0.09358,0.06166,0.06079,0.04130,0.05405,0.03884,0.03334,0.03837,0.02728,0.06864,0.04570,0.03592,0.02992,0.02468,0.04396
0.03819,0.03731,0.15774,0.05184,0.03950,0.15912,0.05677,0.04440,0.02979,0.03849,0.04198,0.02754,0.04878,0.02991,0.04477,0.03142,0.03454,0.02510,0.02615,0.03667
0.02966,0.03957,0.23385,0.03755,0.03148,0.25072,0.02853,0.02700,0.02360,0.02831,0.02342,0.02204,0.03157,0.02292,0.04658,0.02718,0.03278,0.01747,0.01754,0.02825
0.03324,0.03261,0.24638,0.03140,0.02951,0.23886,0.03708,0.03321,0.02096,0.02669,0.02249,0.02021,0.03231,0.02483,0.04580,0.02679,0.03117,0.02117,0.01875,0.02653
0.04430,0.05808,0.11130,0.04953,0.04838,0.11020,0.05463,0.04339,0.03466,0.05168,0.04381,0.03227,0.06741,0.03575,0.02512,0.04322,0.03714,0.03130,0.03765,0.04017
0.05073,0.03261,0.05768,0.04842,0.03285,0.08402,0.06459,0.03137,0.02850,0.03578,0.03282,0.02971,0.04376,0.02780,0.23009,0.03675,0.04921,0.02879,0.02319,0.03132
0.03625,0.03849,0.05677,0.05539,0.04523,0.08994,0.05028,0.03499,0.02317,0.03395,0.03117,0.02661,0.03544,0.01874,0.26540,0.03100,0.04689,0.02516,0.01958,0.03555
0.02698,0.03500,0.04104,0.10575,0.05174,0.22383,0.03774,0.03039,0.02641,0.02126,0.02992,0.02143,0.03063,0.01867,0.03330,0.03240,0.13096,0.02619,0.02010,0.05626
0.03485,0.03338,0.07055,0.03422,0.03649,0.08201,0.05145,0.03992,0.03097,0.04046,0.03195,0.02929,0.03982,0.02654,0.24924,0.03751,0.03363,0.02890,0.03029,0.03852
0.03277,0.03252,0.17574,0.05311,0.02815,0.18971,0.04067,0.03209,0.02941,0.03730,0.02945,0.02729,0.06315,0.03193,0.04803,0.03119,0.04183,0.02003,0.02186,0.03377
0.04222,0.07023,0.11466,0.06974,0.04479,0.12591,0.05797,0.04793,0.04077,0.03104,0.04557,0.03424,0.04661,0.02631,0.03148,0.03976,0.03504,0.02736,0.02413,0.04423
0.04183,0.04555,0.04893,0.04767,0.04536,0.06311,0.06906,0.05054,0.03676,0.04635,0.04051,0.04360,0.04994,0.02320,0.16160,0.04137,0.04622,0.02837,0.02396,0.04608
0.02791,0.04443,0.16860,0.05037,0.03470,0.17485,0.05759,0.05028,0.03135,0.04153,0.03781,0.02733,0.03387,0.02373,0.03587,0.03927,0.02782,0.02475,0.03325,0.03467
0.02637,0.02517,0.06374,0.12768,0.02293,0.28062,0.02729,0.02617,0.01726,0.02272,0.02163,0.02441,0.03196,0.02250,0.04120,0.01919,0.14181,0.01685,0.01327,0.02725
0.03342,0.04198,0.25949,0.03817,0.02572,0.25606,0.03471,0.03392,0.01571,0.01982,0.02719,0.01833,0.02138,0.02331,0.02587,0.02463,0.02583,0.02679,0.01859,0.02908
0.03653,0.04586,0.04862,0.05923,0.03709,0.06789,0.05502,0.04072,0.02522,0.03947,0.02946,0.03513,0.03636,0.02487,0.23466,0.04066,0.04438,0.03104,0.02167,0.04613
0.03740,0.04395,0.16072,0.05470,0.03948,0.16525,0.04757,0.04077,0.03472,0.04086,0.03277,0.02514,0.04562,0.02631,0.04155,0.03647,0.04023,0.02709,0.02451,0.03488
0.04169,0.03065,0.06979,0.05971,0.03304,0.10629,0.04933,0.03038,0.02291,0.03892,0.03781,0.03189,0.07271,0.06653,0.11768,0.04448,0.05140,0.02577,0.03489,0.03412
0.04444,0.05281,0.06877,0.04758,0.04808,0.07632,0.04715,0.05600,0.03340,0.04436,0.03260,0.03200,0.03471,0.02744,0.18328,0.04211,0.03536,0.03010,0.02467,0.03882
0.03110,0.02940,0.26791,0.02764,0.02267,0.25392,0.03430,0.02757,0.01810,0.02092,0.02103,0.01392,0.02632,0.02661,0.07382,0.02737,0.01913,0.01611,0.02105,0.02109
0.03385,0.04099,0.19642,0.03413,0.04719,0.20777,0.04232,0.03701,0.02442,0.03537,0.03254,0.03143,0.03893,0.02170,0.03539,0.03833,0.02971,0.01940,0.01838,0.03472
0.03046,0.03480,0.09573,0.08446,0.03428,0.16931,0.03816,0.03439,0.02483,0.03132,0.03405,0.02527,0.03049,0.02367,0.12494,0.02687,0.07390,0.02598,0.02138,0.03571
0.04109,0.09030,0.11564,0.07563,0.03793,0.12678,0.05021,0.05287,0.03954,0.03921,0.04702,0.02716,0.03229,0.02568,0.03884,0.03204,0.03646,0.02749,0.01539,0.04842
0.04405,0.04294,0.12534,0.05562,0.04016,0.14004,0.05845,0.04202,0.03292,0.03604,0.04410,0.02817,0.04105,0.03273,0.06246,0.04660,0.03925,0.02602,0.02564,0.03639
0.04022,0.04261,0.13335,0.04252,0.03721,0.13524,0.05368,0.04530,0.05719,0.04124,0.04388,0.02385,0.04533,0.03794,0.03441,0.03418,0.04173,0.03501,0.03736,0.03776
0.04467,0.03554,0.06117,0.06149,0.02987,0.12439,0.03705,0.04229,0.03140,0.03213,0.02929,0.03187,0.02712,0.02928,0.21500,0.03143,0.05529,0.02466,0.02144,0.03464
0.03177,0.02875,0.07633,0.12286,0.02508,0.27810,0.02547,0.02639,0.01633,0.02575,0.02252,0.01795,0.02635,0.01971,0.04886,0.02611,0.12009,0.01618,0.01880,0.02657
0.03205,0.03602,0.09279,0.07843,0.02988,0.18546,0.03872,0.03251,0.02150,0.03111,0.03020,0.02573,0.03703,0.03122,0.11316,0.03147,0.08005,0.02034,0.02149,0.03084
0.03586,0.03811,0.05572,0.09607,0.03916,0.19032,0.04731,0.02997,0.03130,0.02842,0.03023,0.02937,0.03200,0.02437,0.08712,0.02803,0.10205,0.02095,0.01936,0.03425
0.03515,0.05269,0.10109,0.05732,0.03562,0.10875,0.06219,0.05120,0.04128,0.04201,0.05262,0.03023,0.03615,0.02848,0.07939,0.04258,0.03597,0.02897,0.04089,0.03742
0.02675,0.02480,0.10931,0.03093,0.02409,0.11958,0.02563,0.02328,0.01731,0.02434,0.01885,0.02330,0.02321,0.02042,0.37161,0.02564,0.02855,0.01729,0.02235,0.02275
0.04607,0.05533,0.10639,0.04810,0.05308,0.10608,0.07491,0.04652,0.02740,0.04648,0.04365,0.02842,0.04505,0.02590,0.05998,0.04028,0.03334,0.03459,0.03272,0.04571
0.04992,0.06717,0.09247,0.04346,0.04727,0.09733,0.06107,0.05249,0.02899,0.04519,0.03940,0.04554,0.04088,0.02796,0.04342,0.05178,0.05313,0.03553,0.02935,0.04766
0.04612,0.05792,0.10956,0.05149,0.04678,0.09646,0.07671,0.04535,0.03135,0.04125,0.05034,0.02735,0.06167,0.03653,0.02974,0.04487,0.03198,0.04157,0.02954,0.04341
0.04115,0.04912,0.12774,0.05264,0.03835,0.13837,0.05020,0.04019,0.02321,0.04554,0.03758,0.02807,0.03507,0.03039,0.08291,0.03966,0.04429,0.02265,0.02656,0.04631
0.02898,0.03231,0.23093,0.03991,0.02731,0.25255,0.03137,0.02671,0.02469,0.02844,0.02374,0.02085,0.02747,0.02265,0.06816,0.02175,0.03285,0.01596,0.01613,0.02725
0.03820,0.05533,0.12614,0.08152,0.03645,0.15433,0.04361,0.04976,0.03343,0.03466,0.03411,0.03014,0.03497,0.02807,0.03313,0.03941,0.04607,0.02947,0.02342,0.04778
0.04996,0.05220,0.09721,0.05232,0.03458,0.10531,0.05989,0.05366,0.03831,0.05828,0.04989,0.03184,0.04652,0.02733,0.04748,0.04958,0.03926,0.03084,0.02900,0.04655
0.03237,0.03452,0.16207,0.05443,0.04049,0.19962,0.05204,0.03055,0.02333,0.03355,0.02745,0.03071,0.04582,0.03503,0.03904,0.03080,0.04227,0.02091,0.02784,0.03715
0.04447,0.04185,0.12035,0.06390,0.03282,0.18377,0.04192,0.03728,0.02972,0.02797,0.04239,0.02779,0.03097,0.02373,0.08137,0.03390,0.05543,0.02119,0.02209,0.03708
0.04319,0.04334,0.12289,0.05531,0.04956,0.12209,0.05411,0.04279,0.03121,0.04785,0.03978,0.02686,0.04999,0.03194,0.06416,0.04044,0.03843,0.02805,0.02582,0.04221
0.03311,0.03388,0.08334,0.07154,0.03081,0.13350,0.03720,0.03513,0.02472,0.03062,0.03261,0.03192,0.03513,0.03516,0.17067,0.03928,0.06196,0.02119,0.02821,0.03000
0.03448,0.03929,0.13935,0.06715,0.02880,0.20557,0.04309,0.03836,0.03224,0.02429,0.03732,0.03418,0.04087,0.02342,0.03979,0.02863,0.06036,0.02062,0.02486,0.03733
0.03397,0.05375,0.18202,0.04487,0.03443,0.17957,0.03816,0.03879,0.02999,0.03351,0.03767,0.02582,0.02682,0.02186,0.07872,0.03190,0.02813,0.02103,0.02103,0.03797
0.03622,0.03502,0.07699,0.06496,0.03285,0.13541,0.04387,0.03151,0.02096,0.04149,0.03114,0.04570,0.03507,0.03166,0.15040,0.03734,0.06153,0.02214,0.02698,0.03875
0.03699,0.04132,0.13694,0.05123,0.03833,0.14876,0.04928,0.03849,0.03437,0.03257,0.04027,0.03222,0.04475,0.02664,0.06419,0.04267,0.04310,0.02859,0.03317,0.03613
0.03821,0.05218,0.16551,0.03861,0.03514,0.15286,0.05885,0.03927,0.02573,0.05246,0.03434,0.02688,0.04341,0.02784,0.04341,0.04682,0.02997,0.02202,0.02507,0.04140
0.03818,0.04925,0.05094,0.05654,0.05148,0.08790,0.05672,0.04441,0.03024,0.04674,0.03424,0.03041,0.03480,0.02310,0.17425,0.04363,0.05261,0.02214,0.02137,0.05105
0.03642,0.03603,0.09182,0.08859,0.03511,0.18880,0.03666,0.03164,0.02879,0.03334,0.03011,0.02151,0.03276,0.02524,0.08893,0.03276,0.08636,0.02313,0.02210,0.02991
0.05246,0.05058,0.11676,0.06106,0.03779,0.12425,0.05356,0.04740,0.03342,0.04915,0.04310,0.02869,0.04418,0.03412,0.03373,0.03820,0.04985,0.02633,0.02975,0.04564
0.03132,0.05367,0.09326,0.06879,0.04043,0.14854,0.04769,0.04622,0.03206,0.03763,0.03688,0.02402,0.04953,0.02845,0.06839,0.03863,0.06333,0.02684,0.02510,0.03923
0.02738,0.04490,0.23330,0.03774,0.02974,0.23993,0.03539,0.02991,0.02250,0.02966,0.02613,0.01984,0.02511,0.02262,0.05392,0.03113,0.02493,0.02077,0.01723,0.02789
0.04160,0.04009,0.08350,0.07394,0.04172,0.11681,0.06901,0.04023,0.04339,0.04158,0.05490,0.02903,0.05599,0.02811,0.03436,0.04371,0.05527,0.03344,0.03184,0.04150
0.03541,0.03130,0.17314,0.06924,0.03130,0.22424,0.04919,0.03240,0.01975,0.02785,0.03217,0.02343,0.04358,0.02737,0.03145,0.03096,0.04971,0.01725,0.02274,0.02751
0.04460,0.06480,0.07689,0.06859,0.06400,0.06238,0.07499,0.05809,0.04326,0.05733,0.05647,0.03519,0.04338,0.02613,0.02303,0.04854,0.02991,0.03378,0.03415,0.05450
0.05205,0.05156,0.12092,0.03917,0.04601,0.10878,0.07638,0.04065,0.02931,0.04127,0.04752,0.02938,0.06203,0.02832,0.03657,0.05105,0.03348,0.02905,0.03312,0.04339
0.03912,0.04142,0.14710,0.06711,0.03194,0.15255,0.05301,0.04018,0.02968,0.03553,0.03661,0.02593,0.04235,0.02951,0.07067,0.03408,0.03196,0.02775,0.02674,0.03674
0.04023,0.04411,0.09529,0.07495,0.03562,0.16025,0.03642,0.03665,0.02842,0.03092,0.03322,0.03300,0.04575,0.04054,0.06889,0.04812,0.05895,0.03033,0.02603,0.03229
0.03854,0.05085,0.12627,0.04531,0.04765,0.12891,0.05275,0.04786,0.02957,0.03474,0.03667,0.03634,0.04358,0.03393,0.05177,0.05094,0.04192,0.03095,0.02470,0.04676
0.03512,0.04709,0.18362,0.04833,0.03450,0.18600,0.04089,0.04196,0.02842,0.03857,0.03126,0.02812,0.03759,0.03155,0.02602,0.03757,0.03127,0.02661,0.02158,0.04392
0.03540,0.03619,0.21012,0.05054,0.02800,0.23218,0.04003,0.03507,0.02201,0.02959,0.03050,0.02306,0.02800,0.01937,0.04160,0.03199,0.03648,0.02159,0.01900,0.02929
0.03891,0.03712,0.17753,0.04769,0.04234,0.19219,0.03857,0.03369,0.02394,0.02920,0.03875,0.02783,0.04820,0.03214,0.03145,0.03374,0.04275,0.02612,0.02261,0.03523
0.03581,0.04672,0.13576,0.05998,0.04184,0.15608,0.04665,0.04344,0.03273,0.03581,0.04499,0.02991,0.03478,0.03290,0.04416,0.03739,0.04083,0.03033,0.02428,0.04561
0.04007,0.04360,0.13530,0.07403,0.04294,0.16005,0.04611,0.03974,0.02608,0.02677,0.03777,0.03126,0.04614,0.02790,0.03868,0.03468,0.05244,0.02490,0.02631,0.04524
0.05659,0.05660,0.06123,0.05501,0.05171,0.06810,0.07994,0.05464,0.03510,0.04803,0.04206,0.05059,0.05137,0.02757,0.06148,0.05084,0.04041,0.03384,0.02734,0.04754
0.03273,0.03240,0.06603,0.04677,0.02486,0.09982,0.04098,0.03399,0.02155,0.02695,0.02599,0.02403,0.02892,0.01963,0.33621,0.02627,0.04248,0.01973,0.01931,0.03134
0.03651,0.05231,0.14879,0.03216,0.04447,0.13711,0.07156,0.03666,0.02370,0.04656,0.03228,0.02807,0.05342,0.02831,0.04512,0.05355,0.03381,0.02311,0.02677,0.04573
0.03348,0.02360,0.05680,0.12847,0.02331,0.25488,0.02968,0.02519,0.02080,0.02229,0.02960,0.02058,0.03504,0.02485,0.04584,0.03108,0.12829,0.02007,0.02133,0.02481
0.04858,0.04925,0.14461,0.04629,0.04004,0.14571,0.04988,0.05140,0.02640,0.05470,0.03670,0.03139,0.04003,0.03103,0.04038,0.03952,0.03473,0.02602,0.02339,0.03996
0.03887,0.04140,0.09594,0.06422,0.03330,0.14378,0.03488,0.03066,0.02718,0.02775,0.03184,0.02927,0.03320,0.02506,0.18706,0.03109,0.05098,0.01866,0.01931,0.03558
0.02412,0.02577,0.05932,0.03856,0.02083,0.10118,0.02883,0.02116,0.01985,0.02193,0.01863,0.01880,0.02258,0.01990,0.45302,0.01926,0.03077,0.01507,0.01947,0.02096
0.03289,0.07950,0.13157,0.07482,0.03931,0.14542,0.04752,0.05149,0.03944,0.03187,0.03613,0.03425,0.03753,0.02650,0.02351,0.02899,0.03784,0.03223,0.02200,0.04717
0.05238,0.04258,0.09633,0.05186,0.04353,0.13171,0.05518,0.04048,0.03453,0.04005,0.03809,0.04589,0.04945,0.03405,0.04573,0.04219,0.05258,0.02973,0.02856,0.04510
0.07056,0.04365,0.06766,0.06997,0.04024,0.12895,0.04592,0.04191,0.03329,0.03137,0.04251,0.04326,0.04432,0.03088,0.05003,0.03930,0.06813,0.02626,0.03791,0.04387
0.03954,0.03342,0.04870,0.06377,0.02668,0.09684,0.03942,0.03453,0.03054,0.03692,0.03438,0.03825,0.03517,0.02843,0.23861,0.03471,0.05712,0.02611,0.02472,0.03217
0.04295,0.04269,0.11749,0.04929,0.04352,0.13504,0.05894,0.04124,0.03112,0.04042,0.04243,0.03843,0.05384,0.03126,0.03980,0.03814,0.04599,0.02910,0.02410,0.05419
0.04538,0.05739,0.11758,0.06465,0.04488,0.11730,0.05487,0.05272,0.03062,0.03912,0.03635,0.03225,0.03161,0.03408,0.06948,0.03854,0.03861,0.03035,0.02435,0.03987
0.04523,0.03441,0.04500,0.08445,0.03411,0.12218,0.05742,0.03365,0.02760,0.03155,0.03843,0.03198,0.06649,0.03203,0.09870,0.04578,0.06849,0.02380,0.04075,0.03795
0.03345,0.03383,0.05226,0.09453,0.04159,0.21009,0.05456,0.03067,0.02720,0.02974,0.02413,0.02777,0.03808,0.01920,0.06139,0.03166,0.10873,0.02911,0.01964,0.03239
0.02300,0.02302,0.09387,0.10432,0.02106,0.26316,0.02685,0.02527,0.01813,0.01786,0.01905,0.01670,0.02123,0.01785,0.12758,0.01956,0.11024,0.01415,0.01796,0.01916
0.03419,0.03364,0.15456,0.03162,0.02712,0.15949,0.04498,0.03618,0.02704,0.04009,0.02905,0.03200,0.04724,0.03112,0.10559,0.03630,0.02861,0.03037,0.03264,0.03818
