0.10640,0.13445,0.09202,0.13462,0.18466,0.05824,0.28960
0.09141,0.11764,0.08852,0.11989,0.16382,0.05792,0.36080
0.08928,0.12873,0.10137,0.15180,0.22526,0.03917,0.26439
0.09526,0.11260,0.08084,0.10983,0.13058,0.07752,0.39337
0.09135,0.12668,0.09567,0.13803,0.19817,0.05157,0.29854
0.09598,0.12160,0.09229,0.13005,0.16225,0.06237,0.33544
0.09641,0.11505,0.08467,0.10786,0.14282,0.09020,0.36299
0.10508,0.15420,0.10075,0.16992,0.27015,0.03897,0.16092
0.10769,0.13237,0.09330,0.12863,0.17486,0.07830,0.28485
0.10456,0.13274,0.09226,0.14350,0.16966,0.04288,0.31440
0.09117,0.11901,0.08099,0.11285,0.14411,0.07438,0.37749
0.09375,0.12489,0.09426,0.13580,0.17996,0.06007,0.31127
0.06212,0.09689,0.06482,0.10050,0.14652,0.04601,0.48313
0.10655,0.12860,0.10726,0.14344,0.17283,0.05564,0.28567
0.11560,0.14140,0.10431,0.15563,0.20381,0.05454,0.22470
0.10002,0.11644,0.08477,0.11609,0.14458,0.07633,0.36175
0.10684,0.12167,0.08389,0.11680,0.13221,0.09574,0.34286
0.12199,0.12907,0.10688,0.12610,0.13606,0.06964,0.31025
0.09009,0.12546,0.08706,0.13644,0.19860,0.04818,0.31417
0.09675,0.13234,0.09916,0.13361,0.17033,0.05837,0.30943
0.09784,0.12009,0.08000,0.12231,0.14826,0.05571,0.37579
0.08345,0.09644,0.07019,0.10298,0.12401,0.05777,0.46515
0.10812,0.14710,0.10712,0.16551,0.22056,0.07091,0.18068
0.08939,0.12000,0.08617,0.12040,0.17241,0.09727,0.31437
0.12442,0.14855,0.11152,0.14780,0.18814,0.06192,0.21765
0.10056,0.13750,0.11466,0.16547,0.23059,0.05689,0.19432
0.08969,0.10893,0.08495,0.11659,0.13905,0.10297,0.35782
0.09630,0.12047,0.08546,0.11982,0.15758,0.05805,0.36231
0.08090,0.11530,0.10974,0.16162,0.23643,0.05081,0.24520
0.10581,0.13457,0.10011,0.13965,0.18290,0.08746,0.24949
0.07603,0.09990,0.06913,0.09659,0.15315,0.05841,0.44680
0.08564,0.12708,0.09118,0.13348,0.19800,0.06418,0.30045
0.09309,0.12743,0.09281,0.12757,0.18444,0.07168,0.30299
0.11969,0.13072,0.11024,0.15085,0.13952,0.05756,0.29142
0.10351,0.13103,0.10232,0.15461,0.19884,0.05370,0.25599
0.10619,0.13606,0.09247,0.13170,0.17737,0.09979,0.25643
0.07941,0.10235,0.07759,0.10671,0.13696,0.07444,0.42254
0.08481,0.10175,0.07937,0.10501,0.12582,0.19949,0.30374
0.10387,0.13109,0.09908,0.13870,0.18263,0.07947,0.26517
0.10758,0.12035,0.09243,0.12325,0.13504,0.12414,0.29720
0.12117,0.13758,0.10326,0.13836,0.16632,0.04464,0.28867
0.10337,0.14729,0.11149,0.16627,0.24159,0.07747,0.15254
0.12289,0.15506,0.09469,0.13405,0.17803,0.05248,0.26280
0.10162,0.12150,0.08881,0.11966,0.15324,0.06850,0.34668
0.08629,0.11084,0.07494,0.11078,0.15366,0.05503,0.40846
0.09282,0.11277,0.09237,0.12151,0.16684,0.06407,0.34962
0.10747,0.13873,0.09567,0.14461,0.20217,0.04802,0.26334
0.10136,0.14292,0.10042,0.15027,0.22149,0.04800,0.23554
0.07896,0.10264,0.06883,0.10063,0.14102,0.05576,0.45216
0.10073,0.14586,0.09789,0.14363,0.20211,0.05895,0.25084
0.09832,0.12367,0.08448,0.11282,0.14736,0.06809,0.36525
0.07997,0.09969,0.07093,0.10702,0.13044,0.06404,0.44791
0.11244,0.14160,0.10878,0.14488,0.19539,0.07340,0.22351
0.10201,0.11781,0.10661,0.12462,0.14747,0.13802,0.26346
0.09387,0.10590,0.09067,0.11009,0.13869,0.07423,0.38655
0.06553,0.09264,0.07636,0.11633,0.16671,0.04493,0.43750
0.08884,0.10886,0.07508,0.11071,0.13808,0.05989,0.41854
0.08578,0.12096,0.07596,0.11363,0.18549,0.07879,0.33940
0.08070,0.11098,0.07399,0.10507,0.12400,0.07229,0.43297
0.11389,0.15468,0.10896,0.15329,0.20760,0.06028,0.20130
0.08286,0.12120,0.08272,0.13230,0.18328,0.06979,0.32785
0.13026,0.15281,0.10166,0.15379,0.19480,0.05407,0.21260
0.10703,0.13108,0.09507,0.14135,0.17764,0.06847,0.27936
0.12312,0.14855,0.09384,0.13405,0.17654,0.06093,0.26297
0.10284,0.14319,0.10606,0.16772,0.21241,0.05805,0.20975
0.12137,0.14873,0.10446,0.13828,0.17906,0.13455,0.17356
0.11151,0.13786,0.10044,0.14206,0.17680,0.04960,0.28173
0.10660,0.11889,0.09096,0.12874,0.13212,0.06976,0.35293
0.13428,0.16178,0.10508,0.15648,0.19116,0.05717,0.19405
0.07969,0.11274,0.08343,0.12378,0.16912,0.04641,0.38483
0.10652,0.13429,0.09658,0.13708,0.17381,0.06462,0.28710
0.09705,0.14596,0.09759,0.14540,0.20376,0.07514,0.23510
0.08825,0.10819,0.07967,0.11847,0.15458,0.04664,0.40420
0.09234,0.11760,0.07728,0.12068,0.15085,0.05228,0.38897
0.09734,0.11244,0.08487,0.11443,0.14561,0.07237,0.37294
0.11204,0.13003,0.10717,0.15355,0.19726,0.05481,0.24515
0.08866,0.10230,0.07929,0.10552,0.12666,0.15320,0.34436
0.09552,0.12686,0.09194,0.12878,0.17614,0.06379,0.31697
0.09362,0.10092,0.07290,0.10499,0.11637,0.05185,0.45934
0.08737,0.11288,0.07990,0.12148,0.14803,0.06331,0.38703
0.09227,0.11053,0.08447,0.11849,0.12748,0.07458,0.39218
0.09187,0.10686,0.07932,0.11251,0.14543,0.07883,0.38518
0.09380,0.10726,0.07154,0.09979,0.10894,0.05509,0.46359
0.10543,0.12129,0.09603,0.13488,0.16229,0.09348,0.28659
0.08745,0.11725,0.10642,0.14822,0.22437,0.05049,0.26579
0.11740,0.13638,0.10979,0.14567,0.16071,0.06622,0.26385
0.06989,0.09578,0.06859,0.10295,0.13353,0.08053,0.44873
0.11229,0.13437,0.09712,0.14285,0.17669,0.06636,0.27032
0.09026,0.13993,0.09764,0.14539,0.22333,0.05601,0.24743
0.09545,0.14189,0.11170,0.16751,0.25957,0.06059,0.16328
0.07910,0.12265,0.06996,0.11131,0.21001,0.06031,0.34667
0.11278,0.13262,0.10360,0.14748,0.14876,0.06131,0.29347
0.10372,0.13611,0.08367,0.12557,0.16396,0.07093,0.31604
0.12017,0.14957,0.11071,0.15476,0.19559,0.08456,0.18464
0.09554,0.11292,0.08025,0.10952,0.12627,0.06613,0.40937
0.08940,0.10984,0.08275,0.11638,0.15030,0.06824,0.38310
0.11377,0.12779,0.09764,0.14265,0.14216,0.07656,0.29944
0.08986,0.10693,0.08246,0.10892,0.13298,0.08332,0.39553
0.11048,0.14268,0.10092,0.15359,0.20625,0.03814,0.24794
0.12491,0.14542,0.11532,0.15401,0.17686,0.08982,0.19365
0.11534,0.13885,0.10548,0.14625,0.17507,0.11785,0.20116
0.09784,0.13421,0.09567,0.13340,0.18743,0.05135,0.30010
0.08824,0.11826,0.08432,0.11371,0.14866,0.09767,0.34915
0.08715,0.10212,0.07923,0.10634,0.13411,0.05920,0.43185
0.08514,0.12045,0.07943,0.11691,0.18490,0.04164,0.37153
0.10459,0.14089,0.10417,0.14337,0.18221,0.06212,0.26266
0.09349,0.11449,0.07873,0.12023,0.15341,0.05358,0.38608
0.10584,0.12969,0.09752,0.13275,0.17987,0.07131,0.28302
0.10361,0.13489,0.09449,0.13446,0.17835,0.07762,0.27658
0.08843,0.10796,0.08303,0.11095,0.12669,0.05319,0.42975
0.11808,0.15080,0.09943,0.13779,0.18178,0.07426,0.23786
0.07703,0.09789,0.07125,0.09586,0.12727,0.09068,0.44001
0.08825,0.11974,0.09014,0.13443,0.16894,0.04876,0.34974
0.10107,0.12696,0.09592,0.13347,0.16861,0.08982,0.28416
0.11472,0.13792,0.10563,0.14448,0.18768,0.12407,0.18551
0.11776,0.14526,0.10127,0.14272,0.17762,0.05084,0.26453
0.10292,0.13391,0.09487,0.12303,0.15810,0.07167,0.31550
0.09982,0.12048,0.09577,0.12820,0.16468,0.07465,0.31640
0.15532,0.18011,0.11562,0.17383,0.19069,0.06492,0.11951
0.11421,0.14958,0.10109,0.14696,0.19000,0.05425,0.24390
0.09116,0.11232,0.09445,0.12984,0.16325,0.07103,0.33797
0.10621,0.13327,0.09497,0.13883,0.18508,0.06610,0.27555
0.11554,0.13708,0.10512,0.14490,0.16585,0.07516,0.25635
0.10325,0.12899,0.09008,0.13768,0.17764,0.04901,0.31334
0.08330,0.10084,0.06982,0.10480,0.11607,0.07558,0.44959
0.08421,0.10047,0.07806,0.10018,0.12059,0.15742,0.35909
0.12173,0.14902,0.11198,0.14843,0.20315,0.08385,0.18185
0.11725,0.13887,0.10182,0.13633,0.17185,0.08687,0.24701
0.10647,0.12969,0.10215,0.14818,0.19007,0.07184,0.25160
0.10154,0.13885,0.09169,0.14408,0.19047,0.09572,0.23765
0.08918,0.11365,0.08615,0.11178,0.14736,0.07434,0.37755
0.10515,0.14096,0.10041,0.14810,0.20107,0.04653,0.25777
0.09185,0.12729,0.09246,0.13202,0.18131,0.11255,0.26251
0.12369,0.14699,0.10391,0.13966,0.16926,0.05681,0.25967
0.09310,0.11626,0.08281,0.11723,0.14517,0.04725,0.39818
0.08335,0.11353,0.07828,0.11301,0.14991,0.12285,0.33906
0.10918,0.13358,0.10472,0.14398,0.18414,0.04556,0.27885
0.09424,0.13066,0.09637,0.13829,0.20641,0.05578,0.27826
0.10239,0.12235,0.09811,0.13401,0.17787,0.05865,0.30662
0.11088,0.12380,0.09393,0.12535,0.15149,0.05219,0.34236
0.09767,0.12179,0.09187,0.12635,0.15619,0.07754,0.32858
0.11472,0.14596,0.10049,0.13752,0.16412,0.07424,0.26295
0.10527,0.11982,0.09245,0.12560,0.15159,0.11201,0.29326
0.06896,0.08906,0.06992,0.10568,0.14161,0.05343,0.47134
0.11763,0.13585,0.11030,0.14210,0.15754,0.12411,0.21247
0.08248,0.10995,0.07505,0.11687,0.14566,0.04553,0.42447
0.08864,0.10841,0.06977,0.09146,0.10524,0.15534,0.38114
0.11308,0.14071,0.09996,0.14822,0.19175,0.05493,0.25135
0.11857,0.14440,0.10249,0.15645,0.19589,0.05848,0.22372
0.09383,0.11958,0.09690,0.14356,0.18402,0.04327,0.31884
0.10173,0.13750,0.09983,0.13547,0.21404,0.05682,0.25462
0.06574,0.08560,0.06223,0.09138,0.11416,0.05208,0.52881
0.08562,0.11407,0.08196,0.11354,0.14398,0.06323,0.39761
0.10043,0.13010,0.09054,0.13038,0.16703,0.04734,0.33418
0.06495,0.08403,0.06364,0.09062,0.12619,0.05765,0.51292
0.10600,0.12639,0.09802,0.13868,0.16229,0.05984,0.30878
0.09306,0.13042,0.08319,0.11143,0.15750,0.16128,0.26313
0.09236,0.12098,0.09436,0.13962,0.18298,0.04492,0.32478
0.08749,0.11261,0.08051,0.12341,0.15910,0.09917,0.33772
0.08320,0.11747,0.08202,0.13137,0.19155,0.04304,0.35135
0.10745,0.13192,0.10448,0.13849,0.17597,0.07377,0.26792
0.11007,0.14371,0.11363,0.17378,0.23422,0.03287,0.19172
0.10186,0.12423,0.10333,0.14774,0.18900,0.09343,0.24041
0.10617,0.12302,0.09599,0.13505,0.16407,0.06354,0.31216
0.11446,0.12794,0.10139,0.12832,0.15406,0.09388,0.27995
0.10123,0.14058,0.10522,0.13557,0.20739,0.09530,0.21470
0.11017,0.13324,0.09779,0.13461,0.16664,0.07796,0.27959
0.10397,0.14569,0.09801,0.15163,0.20380,0.07423,0.22267
0.13909,0.17974,0.09976,0.14420,0.17485,0.07988,0.18248
0.08713,0.12326,0.09368,0.13470,0.20276,0.06338,0.29509
0.10276,0.12887,0.09274,0.12422,0.16050,0.08534,0.30556
0.12373,0.15215,0.11419,0.14713,0.17696,0.09570,0.19014
0.11497,0.14232,0.10705,0.15255,0.19094,0.06410,0.22807
0.09531,0.12764,0.09480,0.14277,0.17773,0.06605,0.29570
0.11503,0.12967,0.09506,0.11501,0.13202,0.06411,0.34909
0.10489,0.14030,0.10656,0.15634,0.19154,0.06066,0.23972
0.09082,0.13438,0.08897,0.12162,0.21522,0.11000,0.23898
0.10034,0.12511,0.09111,0.13237,0.16081,0.04705,0.34321
0.09221,0.12095,0.08364,0.12191,0.16109,0.09377,0.32642
0.09857,0.13385,0.10064,0.14080,0.19935,0.10475,0.22204
0.10424,0.12101,0.09577,0.14087,0.13734,0.03908,0.36169
0.10532,0.11952,0.10756,0.14003,0.18174,0.07502,0.27081
0.07751,0.10546,0.07196,0.10520,0.13615,0.07918,0.42453
0.10002,0.12422,0.09387,0.12593,0.16217,0.07136,0.32243
0.08886,0.11931,0.08189,0.12256,0.16577,0.06751,0.35409
0.11426,0.14954,0.10227,0.15591,0.21187,0.06190,0.20424
0.10309,0.12620,0.09292,0.13823,0.17490,0.09453,0.27013
0.10214,0.12955,0.08956,0.13481,0.17691,0.05645,0.31057
0.09893,0.13475,0.09252,0.13621,0.18135,0.05301,0.30324
0.13283,0.15669,0.11520,0.16728,0.20995,0.05200,0.16605
0.08840,0.11501,0.08523,0.12120,0.15490,0.05467,0.38059
0.10379,0.12475,0.09198,0.12758,0.15844,0.06470,0.32875
0.10288,0.13779,0.10055,0.14056,0.19030,0.05731,0.27060
0.10940,0.15090,0.10434,0.14193,0.22146,0.10359,0.16839
0.08747,0.11308,0.08261,0.11593,0.14868,0.08942,0.36281
0.10543,0.14581,0.10298,0.15135,0.20566,0.04620,0.24258
0.07682,0.10012,0.06974,0.11266,0.15112,0.08274,0.40679
0.10370,0.13108,0.09861,0.14077,0.19052,0.07310,0.26223
0.08232,0.10194,0.07615,0.10507,0.13392,0.05055,0.45004
0.13102,0.16678,0.10220,0.14452,0.17351,0.07694,0.20503
0.09872,0.11800,0.09288,0.12483,0.15441,0.05347,0.35770
0.09885,0.13260,0.08931,0.13313,0.17685,0.04775,0.32150
0.09539,0.12457,0.08815,0.12235,0.15470,0.05488,0.35996
0.08346,0.10080,0.07724,0.10762,0.13472,0.05537,0.44078
0.08903,0.12023,0.09472,0.13253,0.18685,0.09633,0.28032
0.10208,0.12432,0.08254,0.11585,0.15114,0.07671,0.34735
0.07851,0.10340,0.07666,0.11037,0.14253,0.05858,0.42995
0.07419,0.12055,0.08229,0.12162,0.19028,0.04432,0.36674
0.10217,0.14188,0.10223,0.14233,0.20395,0.04864,0.25880
0.10706,0.13548,0.09988,0.13303,0.17143,0.05823,0.29489
0.10819,0.12315,0.09246,0.12279,0.14264,0.08605,0.32473
0.08213,0.11523,0.07988,0.12483,0.17615,0.03713,0.38466
0.09009,0.10601,0.07696,0.10086,0.12248,0.06297,0.44064
0.08572,0.10645,0.07795,0.10967,0.13915,0.09086,0.39020
0.08410,0.10586,0.07879,0.10580,0.13869,0.12146,0.36529
0.09126,0.11385,0.07991,0.10595,0.14310,0.14999,0.31594
0.11772,0.14459,0.09682,0.13966,0.15830,0.05241,0.29049
0.10157,0.13393,0.10014,0.14535,0.20430,0.07588,0.23883
0.09915,0.12999,0.09100,0.13158,0.16354,0.04711,0.33764
0.09048,0.11693,0.08015,0.12790,0.15562,0.06358,0.36534
0.11495,0.12447,0.10075,0.12184,0.15310,0.09563,0.28926
0.08155,0.09452,0.07184,0.10215,0.13149,0.06614,0.45231
0.10331,0.11900,0.08976,0.12438,0.14129,0.05180,0.37046
0.12584,0.14999,0.11796,0.15977,0.18648,0.09816,0.16180
0.12125,0.14640,0.10211,0.15163,0.17904,0.05452,0.24507
0.10876,0.12407,0.09700,0.14059,0.14540,0.08562,0.29856
0.08061,0.11548,0.09908,0.13923,0.20129,0.05605,0.30825
0.11021,0.13331,0.10046,0.13163,0.15663,0.06004,0.30773
0.12806,0.16823,0.11162,0.16251,0.20046,0.07191,0.15722
0.08517,0.10191,0.07245,0.09835,0.12597,0.10180,0.41436
0.10367,0.12466,0.09922,0.12975,0.16480,0.07603,0.30186
0.09056,0.10519,0.07868,0.10513,0.13254,0.11231,0.37558
0.12313,0.15283,0.09508,0.14226,0.18325,0.06764,0.23581
0.11984,0.13859,0.11330,0.14040,0.17074,0.06525,0.25187
0.11075,0.13942,0.11188,0.16386,0.21039,0.04823,0.21547
0.09877,0.12668,0.08927,0.13349,0.18248,0.13320,0.23612
0.10527,0.13404,0.09800,0.14841,0.19346,0.06257,0.25825
0.08561,0.10334,0.08465,0.12206,0.14902,0.04095,0.41437
0.09003,0.11249,0.08453,0.11858,0.14530,0.05149,0.39758
0.09976,0.11875,0.08917,0.12531,0.15683,0.08407,0.32610
0.11050,0.12886,0.09545,0.13133,0.15803,0.06211,0.31371
0.09897,0.12270,0.08544,0.12270,0.15227,0.08049,0.33744
0.06448,0.08404,0.06468,0.09267,0.11597,0.07045,0.50772
0.10824,0.12424,0.09933,0.13500,0.16326,0.05503,0.31490
0.11350,0.15458,0.10086,0.15246,0.20090,0.06005,0.21764
0.09543,0.12769,0.08509,0.12686,0.16800,0.04497,0.35196
0.10921,0.12119,0.08365,0.10991,0.12902,0.16841,0.27862
0.10125,0.13208,0.10035,0.13438,0.17135,0.08782,0.27278
0.09846,0.11545,0.08467,0.12581,0.15132,0.04864,0.37565
0.09869,0.11628,0.09367,0.12969,0.12874,0.15394,0.27900
0.08660,0.10382,0.07878,0.12253,0.15324,0.05660,0.39843
0.09207,0.12894,0.08968,0.13308,0.18325,0.05470,0.31830
0.09454,0.13155,0.10127,0.14524,0.20826,0.05532,0.26382
0.07854,0.12135,0.11615,0.17671,0.27269,0.04598,0.18859
0.10940,0.13532,0.09578,0.12774,0.16269,0.05497,0.31409
0.07537,0.15603,0.09998,0.15389,0.26864,0.03782,0.20827
0.09987,0.12880,0.09148,0.13956,0.18054,0.06434,0.29541
0.10446,0.12937,0.09228,0.13816,0.18884,0.11219,0.23471
0.09909,0.12465,0.09246,0.13290,0.17289,0.07874,0.29927
0.08619,0.10227,0.07758,0.10465,0.13558,0.05772,0.43602
0.08783,0.11560,0.08471,0.11811,0.15843,0.08047,0.35485
0.11361,0.14521,0.10937,0.16478,0.21692,0.05899,0.19113
0.10020,0.13416,0.09605,0.13569,0.19356,0.07695,0.26339
0.11750,0.14759,0.10395,0.14386,0.18660,0.05670,0.24380
0.10693,0.11810,0.09977,0.14042,0.12174,0.05696,0.35608
0.09679,0.11522,0.08512,0.10675,0.13890,0.08017,0.37705
0.09050,0.10927,0.08715,0.10981,0.13775,0.08385,0.38166
0.10087,0.12983,0.08518,0.12217,0.15987,0.06101,0.34108
0.08457,0.10853,0.08230,0.10939,0.13489,0.08156,0.39875
0.10524,0.13592,0.09972,0.13671,0.17810,0.11455,0.22977
0.11346,0.15436,0.11214,0.16602,0.22941,0.10723,0.11738
0.10655,0.13716,0.08912,0.13685,0.17431,0.04323,0.31278
0.12058,0.15624,0.10151,0.15506,0.20061,0.07019,0.19580
0.10590,0.12333,0.09307,0.12443,0.15932,0.07772,0.31623
0.09905,0.12600,0.08908,0.13137,0.18226,0.06265,0.30960
0.09582,0.12030,0.09281,0.13948,0.18407,0.07671,0.29081
0.10903,0.14094,0.09425,0.13037,0.16323,0.11157,0.25060
0.08675,0.10827,0.06797,0.09559,0.12102,0.06959,0.45081
0.11651,0.12846,0.09851,0.12346,0.14289,0.07414,0.31601
0.10475,0.12763,0.09642,0.13519,0.14963,0.05622,0.33015
0.09643,0.12829,0.08978,0.14068,0.18837,0.04897,0.30748
0.10653,0.14163,0.09777,0.14627,0.19239,0.08523,0.23018
0.08210,0.10966,0.07292,0.11758,0.16766,0.04464,0.40544
0.10934,0.12207,0.09984,0.11886,0.14410,0.14059,0.26520
0.11355,0.15045,0.09904,0.14771,0.19064,0.03044,0.26817
0.09401,0.12896,0.08867,0.13516,0.20798,0.04939,0.29583
0.11436,0.14900,0.10305,0.14180,0.17541,0.04704,0.26934
0.08653,0.12381,0.09761,0.14344,0.20733,0.04561,0.29567
0.11379,0.13596,0.09920,0.13946,0.18206,0.09115,0.23839
0.08936,0.12398,0.08352,0.11094,0.18578,0.09074,0.31567
0.10275,0.11223,0.08480,0.11873,0.14402,0.19226,0.24522
0.10765,0.13211,0.09125,0.12804,0.17028,0.09328,0.27739
0.08354,0.11251,0.07806,0.10357,0.15174,0.03980,0.43078
0.09605,0.12385,0.08695,0.12382,0.15876,0.09955,0.31102
0.10698,0.13792,0.09642,0.13875,0.16775,0.06666,0.28552
0.09730,0.10623,0.08408,0.10739,0.12249,0.14228,0.34024
0.10035,0.11817,0.09092,0.12393,0.14569,0.04488,0.37607
0.09224,0.11745,0.09034,0.12671,0.16562,0.16212,0.24552
0.11601,0.14466,0.10517,0.15748,0.20303,0.04649,0.22716
0.09960,0.13687,0.09048,0.13628,0.18355,0.06166,0.29155
