0.04259,0.06893,0.05516,0.05387,0.03869,0.04905,0.04785,0.04909,0.04989,0.05126,0.05125,0.05119,0.04630,0.05518,0.04862,0.04198,0.04084,0.04621,0.05782,0.05425
0.05108,0.05497,0.07702,0.05357,0.03906,0.04267,0.04830,0.04485,0.04111,0.04692,0.05058,0.04234,0.04429,0.04852,0.04352,0.05539,0.06497,0.05138,0.04836,0.05111
0.06076,0.05744,0.06220,0.05186,0.04478,0.05037,0.03800,0.04892,0.03896,0.03528,0.04934,0.04028,0.05175,0.05120,0.05380,0.05463,0.04883,0.06737,0.04393,0.05029
0.04228,0.03926,0.05487,0.04686,0.04121,0.04755,0.03362,0.04806,0.04136,0.04879,0.04315,0.06077,0.06936,0.04779,0.07999,0.06039,0.06683,0.04743,0.03488,0.04555
0.04990,0.05156,0.04742,0.06016,0.04272,0.05032,0.04156,0.04869,0.04800,0.04782,0.05547,0.05490,0.06726,0.05795,0.04941,0.04726,0.04900,0.04253,0.04427,0.04379
0.04401,0.03929,0.03625,0.05380,0.03494,0.03838,0.03574,0.06336,0.03770,0.04351,0.05731,0.05123,0.10046,0.04978,0.06760,0.06607,0.05107,0.05082,0.03853,0.04014
0.04985,0.05505,0.06735,0.04584,0.04241,0.04808,0.03854,0.05221,0.05838,0.05179,0.04541,0.04213,0.04820,0.05024,0.04527,0.04341,0.04895,0.05437,0.06514,0.04738
0.05013,0.04325,0.03583,0.05078,0.05660,0.05756,0.05505,0.07000,0.06050,0.05061,0.03848,0.04974,0.04188,0.04698,0.03996,0.04731,0.04034,0.05167,0.06598,0.04735
0.06090,0.03472,0.03386,0.04297,0.05315,0.04978,0.04455,0.06808,0.05000,0.05366,0.03892,0.04691,0.04231,0.04403,0.04255,0.05359,0.05526,0.09368,0.05305,0.03802
0.05173,0.04495,0.05397,0.04659,0.04576,0.04847,0.05628,0.04854,0.05976,0.05385,0.05045,0.04889,0.04589,0.04948,0.04036,0.04466,0.05063,0.04868,0.05843,0.05263
0.04241,0.04302,0.04589,0.05468,0.04527,0.04767,0.04961,0.08148,0.05071,0.05051,0.03843,0.05872,0.05186,0.04842,0.04844,0.04168,0.04912,0.04096,0.05519,0.05592
0.04885,0.07185,0.07339,0.05202,0.03968,0.04639,0.04142,0.05098,0.04031,0.04532,0.04904,0.04542,0.04351,0.05032,0.04982,0.05070,0.05259,0.04535,0.04724,0.05579
0.04692,0.04106,0.03874,0.04993,0.04603,0.05711,0.04517,0.07479,0.05732,0.04470,0.04388,0.04887,0.04845,0.05212,0.04640,0.04063,0.04154,0.05593,0.07005,0.05036
0.04792,0.04896,0.04985,0.05585,0.04451,0.04517,0.05095,0.05245,0.04416,0.04823,0.05384,0.05486,0.05690,0.05132,0.05042,0.05267,0.05551,0.04310,0.04759,0.04575
0.05122,0.05917,0.07078,0.05008,0.04624,0.04976,0.04709,0.04403,0.04743,0.05032,0.04876,0.04270,0.04601,0.04955,0.04712,0.04799,0.04948,0.05136,0.04968,0.05122
0.04461,0.05239,0.10384,0.04187,0.02843,0.03731,0.04072,0.05210,0.06143,0.05836,0.03925,0.04819,0.04723,0.05604,0.04042,0.03585,0.04241,0.04780,0.06042,0.06132
0.05102,0.04557,0.04727,0.05012,0.04784,0.05095,0.05599,0.04709,0.05435,0.05076,0.04604,0.04499,0.04577,0.05002,0.04627,0.04485,0.04661,0.06192,0.05856,0.05401
0.05254,0.05729,0.06665,0.05090,0.04342,0.04593,0.04642,0.04427,0.04357,0.04916,0.06121,0.04496,0.04484,0.05148,0.04152,0.05409,0.05925,0.04598,0.04702,0.04950
0.04153,0.05630,0.07535,0.05730,0.03679,0.05081,0.03832,0.04558,0.04471,0.04325,0.04530,0.05057,0.05220,0.05524,0.05461,0.05033,0.06102,0.04626,0.04527,0.04926
0.05332,0.03851,0.03940,0.04641,0.04767,0.04945,0.03678,0.07525,0.04224,0.04451,0.04213,0.04504,0.05341,0.04458,0.06291,0.05983,0.05279,0.07544,0.04854,0.04177
0.04962,0.05879,0.09793,0.04728,0.03661,0.04860,0.04248,0.04397,0.05375,0.05333,0.04693,0.04906,0.04678,0.04782,0.03744,0.04730,0.04974,0.03949,0.05166,0.05144
0.04418,0.05608,0.04622,0.04836,0.04936,0.04661,0.04509,0.07776,0.06331,0.05630,0.04675,0.04642,0.05243,0.04697,0.04141,0.03730,0.04172,0.04093,0.06466,0.04812
0.05499,0.04411,0.03877,0.04026,0.05372,0.04934,0.03703,0.07070,0.05800,0.05652,0.04323,0.04396,0.04717,0.03861,0.04925,0.04743,0.04515,0.07398,0.06381,0.04397
0.04665,0.04865,0.05354,0.05009,0.04141,0.04703,0.03267,0.04587,0.04704,0.05885,0.04749,0.06042,0.06254,0.04845,0.05923,0.05152,0.05934,0.04527,0.04651,0.04742
0.04999,0.04667,0.08588,0.04032,0.03691,0.04487,0.03819,0.05065,0.05499,0.05418,0.04662,0.05008,0.04983,0.05812,0.04586,0.04304,0.05157,0.04687,0.05727,0.04810
0.05611,0.04845,0.04817,0.04742,0.04795,0.05398,0.03753,0.04992,0.04068,0.04890,0.04727,0.04883,0.06258,0.04571,0.05808,0.05797,0.05021,0.05375,0.04862,0.04788
0.04835,0.04367,0.04505,0.05216,0.04665,0.05086,0.03852,0.05534,0.04143,0.05020,0.05152,0.05913,0.06025,0.04493,0.05618,0.05760,0.05215,0.05053,0.04907,0.04640
0.04463,0.04390,0.05025,0.05348,0.04986,0.04887,0.03854,0.04594,0.04521,0.05342,0.04554,0.05847,0.06075,0.04362,0.05840,0.05573,0.06196,0.04665,0.04027,0.05450
0.04323,0.05641,0.08177,0.04586,0.04115,0.05137,0.04071,0.05056,0.04637,0.04409,0.05556,0.05093,0.04743,0.04749,0.04541,0.04966,0.06078,0.04054,0.04925,0.05143
0.04712,0.04401,0.04373,0.05506,0.04275,0.04373,0.04016,0.05363,0.04125,0.04988,0.05835,0.04866,0.06998,0.05027,0.06206,0.05620,0.05724,0.05181,0.04148,0.04263
0.05049,0.04291,0.04823,0.04627,0.04723,0.04713,0.04213,0.04231,0.05238,0.05277,0.04513,0.05363,0.05446,0.05121,0.05828,0.04859,0.05236,0.05960,0.05127,0.05361
0.04513,0.05039,0.04658,0.05181,0.04931,0.04833,0.04825,0.05657,0.04479,0.05070,0.05607,0.05518,0.05263,0.04119,0.04829,0.05360,0.05436,0.04581,0.04761,0.05341
0.05214,0.03378,0.03611,0.04535,0.05526,0.04792,0.06130,0.05648,0.07358,0.05587,0.03562,0.04914,0.03952,0.04806,0.04395,0.04827,0.04229,0.05230,0.06755,0.05549
0.04777,0.04768,0.05110,0.04832,0.04631,0.05535,0.04485,0.04800,0.04297,0.04753,0.04843,0.05650,0.05164,0.04728,0.05896,0.05775,0.05017,0.05194,0.04795,0.04950
0.04754,0.07039,0.07477,0.04996,0.04160,0.05391,0.04412,0.04720,0.04978,0.04404,0.05643,0.04706,0.04700,0.06104,0.03754,0.04662,0.04908,0.03630,0.05368,0.04193
0.04459,0.04662,0.04666,0.05360,0.04762,0.04671,0.04524,0.04963,0.04118,0.04879,0.05138,0.04918,0.05969,0.05131,0.06308,0.05616,0.05252,0.05315,0.04406,0.04882
0.05614,0.04505,0.04249,0.04241,0.04609,0.04842,0.03827,0.05193,0.05236,0.05309,0.04466,0.05282,0.05753,0.04991,0.05877,0.05346,0.05042,0.05698,0.05499,0.04418
0.05182,0.04702,0.07166,0.04097,0.04771,0.04013,0.04015,0.04559,0.04630,0.04719,0.05012,0.04756,0.05518,0.06384,0.05774,0.04847,0.06339,0.05034,0.04129,0.04352
0.04830,0.05982,0.06281,0.05155,0.04344,0.04862,0.05101,0.04852,0.04403,0.04492,0.05464,0.04989,0.04963,0.04591,0.04509,0.05529,0.05923,0.04188,0.04938,0.04604
0.05680,0.04079,0.03641,0.04541,0.05582,0.05605,0.05133,0.07142,0.05926,0.05142,0.04236,0.04800,0.04347,0.04270,0.03757,0.04939,0.04120,0.05040,0.07265,0.04753
0.04479,0.03982,0.04444,0.04228,0.05396,0.05143,0.05894,0.07058,0.04770,0.04905,0.04447,0.06212,0.04328,0.04428,0.04908,0.05795,0.04894,0.04258,0.05124,0.05306
0.05519,0.06145,0.09417,0.05141,0.03278,0.04908,0.04688,0.04452,0.04070,0.04665,0.04556,0.05193,0.04476,0.05078,0.03585,0.05009,0.05727,0.04283,0.04888,0.04923
0.04630,0.04398,0.05498,0.04424,0.04365,0.04732,0.04095,0.04694,0.04527,0.05025,0.05922,0.06056,0.06326,0.05036,0.05781,0.05648,0.05988,0.04501,0.04164,0.04191
0.04399,0.05031,0.04745,0.04735,0.04712,0.04736,0.05498,0.05912,0.05797,0.05180,0.04353,0.05004,0.05040,0.04658,0.04817,0.04199,0.04152,0.04476,0.06059,0.06496
0.05048,0.05574,0.08000,0.05350,0.03622,0.04611,0.04671,0.04884,0.05139,0.05659,0.04735,0.04934,0.04378,0.05514,0.03922,0.04373,0.04851,0.04516,0.05397,0.04822
0.04784,0.04690,0.04692,0.05481,0.04338,0.05635,0.03982,0.04931,0.04130,0.04845,0.04521,0.05894,0.05927,0.04612,0.05558,0.05460,0.05163,0.05365,0.04896,0.05097
0.05124,0.03777,0.04198,0.04931,0.04434,0.05059,0.04525,0.06909,0.05990,0.04979,0.04299,0.05402,0.04286,0.05232,0.04528,0.04868,0.05035,0.04219,0.07499,0.04704
0.06098,0.04554,0.05122,0.05107,0.04860,0.04430,0.04330,0.05132,0.03671,0.04694,0.05348,0.05237,0.05210,0.04295,0.04231,0.05945,0.06998,0.05131,0.04431,0.05175
0.03967,0.03956,0.04073,0.04974,0.04831,0.04859,0.03398,0.05026,0.05042,0.05288,0.05508,0.05241,0.06632,0.04646,0.06713,0.05221,0.05378,0.06659,0.03877,0.04710
0.05198,0.04571,0.05237,0.04845,0.04487,0.04997,0.04709,0.04885,0.04838,0.04984,0.05473,0.05300,0.05375,0.05199,0.05082,0.05172,0.06068,0.04938,0.04610,0.04034
0.04626,0.04719,0.04182,0.04922,0.05151,0.05617,0.04930,0.06803,0.05161,0.05134,0.04397,0.05201,0.05121,0.04575,0.04590,0.04822,0.04389,0.04705,0.05844,0.05113
0.05256,0.06045,0.05538,0.04903,0.04036,0.05388,0.03686,0.04888,0.04624,0.05014,0.04613,0.04847,0.04729,0.04955,0.04958,0.04796,0.04787,0.06403,0.05436,0.05099
0.05041,0.04371,0.04635,0.04753,0.04772,0.04928,0.03593,0.04407,0.04508,0.05388,0.04101,0.05294,0.06675,0.04601,0.06680,0.05736,0.05446,0.05591,0.04436,0.05046
0.04558,0.05553,0.05393,0.05446,0.04187,0.04946,0.03980,0.05307,0.04435,0.04900,0.04973,0.05156,0.05533,0.04888,0.05764,0.05270,0.04990,0.04851,0.05070,0.04800
0.05281,0.06706,0.05723,0.05401,0.04721,0.05854,0.04916,0.05024,0.03791,0.03957,0.04974,0.04646,0.04893,0.05139,0.04521,0.05081,0.05368,0.04401,0.04918,0.04684
0.04862,0.04734,0.04882,0.04569,0.04724,0.04772,0.04509,0.06486,0.05695,0.05103,0.04971,0.04951,0.04855,0.05332,0.04613,0.04403,0.04991,0.04712,0.05922,0.04916
0.05052,0.04767,0.03713,0.04350,0.05715,0.05280,0.04241,0.09985,0.05422,0.05328,0.04130,0.04398,0.04703,0.03693,0.04229,0.04585,0.04354,0.05128,0.06470,0.04455
0.04415,0.04547,0.04274,0.04878,0.04244,0.05139,0.03450,0.04671,0.05149,0.05406,0.04016,0.07070,0.07203,0.04485,0.06437,0.05578,0.04439,0.04426,0.04528,0.05647
0.05495,0.04749,0.06740,0.04886,0.04691,0.04379,0.04973,0.04276,0.04294,0.04145,0.05725,0.04350,0.04548,0.04471,0.04148,0.05822,0.07975,0.04878,0.04205,0.05250
0.04798,0.04125,0.04256,0.04910,0.04426,0.04778,0.04807,0.09239,0.05569,0.05460,0.04225,0.04685,0.04956,0.04465,0.04159,0.04271,0.04833,0.04333,0.06936,0.04770
0.05168,0.04221,0.03935,0.04628,0.05107,0.04526,0.04576,0.10659,0.05829,0.05530,0.03459,0.05360,0.04929,0.04552,0.03714,0.04140,0.04273,0.03989,0.06886,0.04520
0.04874,0.05118,0.04853,0.05654,0.04549,0.05245,0.04242,0.05352,0.04199,0.03934,0.05214,0.04335,0.06140,0.05780,0.06379,0.04690,0.04672,0.05552,0.04800,0.04418
0.05501,0.03901,0.04111,0.05005,0.04685,0.05779,0.05193,0.06632,0.05192,0.04574,0.04272,0.04901,0.04227,0.05539,0.04222,0.04798,0.04170,0.05336,0.07496,0.04469
0.04894,0.04705,0.05146,0.05631,0.04565,0.04126,0.03788,0.07756,0.03775,0.04319,0.05025,0.05040,0.05399,0.04715,0.04918,0.04944,0.06978,0.04863,0.04587,0.04827
0.05833,0.04646,0.07283,0.03998,0.04705,0.04551,0.04155,0.04256,0.04355,0.04404,0.05836,0.04794,0.04883,0.04901,0.05272,0.05352,0.05548,0.06124,0.03885,0.05218
0.04542,0.03953,0.04906,0.05026,0.04339,0.04424,0.05438,0.06027,0.06088,0.05468,0.04359,0.05126,0.04556,0.05163,0.04876,0.04299,0.05035,0.04811,0.06177,0.05389
0.04726,0.04737,0.04483,0.05553,0.04418,0.04639,0.03973,0.05231,0.04194,0.04968,0.06141,0.05133,0.06385,0.04553,0.05393,0.06740,0.05259,0.04384,0.04709,0.04382
0.05006,0.04788,0.04804,0.04871,0.03489,0.05003,0.03835,0.04233,0.05015,0.05815,0.03855,0.07822,0.06286,0.05226,0.05570,0.05100,0.04121,0.04678,0.05031,0.05454
0.04767,0.04276,0.08123,0.04822,0.03908,0.04792,0.03613,0.04633,0.03692,0.04500,0.05240,0.04722,0.05182,0.04743,0.05217,0.07015,0.07591,0.04697,0.04020,0.04446
0.04679,0.04737,0.04862,0.04868,0.04336,0.04689,0.04180,0.05003,0.04999,0.05274,0.05064,0.06130,0.06006,0.05263,0.05484,0.04968,0.05030,0.04808,0.04881,0.04739
0.05433,0.04241,0.04199,0.04772,0.05298,0.04641,0.06881,0.06279,0.05111,0.05536,0.04483,0.04986,0.04544,0.04374,0.03856,0.05162,0.04713,0.04902,0.05293,0.05296
0.04669,0.04263,0.04588,0.05192,0.04643,0.05510,0.05227,0.06550,0.04697,0.04746,0.04180,0.05395,0.04755,0.04670,0.04779,0.04984,0.04800,0.04747,0.06107,0.05496
0.04874,0.05735,0.08475,0.04840,0.03239,0.04074,0.04491,0.04595,0.04471,0.03880,0.04922,0.03603,0.04810,0.04937,0.04819,0.04946,0.04689,0.06747,0.04737,0.07114
0.04727,0.04384,0.05156,0.05101,0.04130,0.05277,0.04080,0.04829,0.04282,0.04649,0.05689,0.05875,0.05904,0.04630,0.05924,0.05762,0.05973,0.04558,0.04378,0.04691
0.05134,0.06036,0.07018,0.04854,0.04434,0.04921,0.05090,0.04690,0.04665,0.04624,0.05205,0.04406,0.04820,0.05230,0.04215,0.05064,0.04595,0.04768,0.04900,0.05331
0.05561,0.04179,0.04186,0.04704,0.05102,0.04888,0.04756,0.06255,0.06834,0.05356,0.03726,0.04754,0.04431,0.05454,0.04292,0.04176,0.03809,0.05219,0.07403,0.04913
0.05124,0.04655,0.05072,0.05052,0.04984,0.04702,0.04321,0.05245,0.04633,0.05316,0.05374,0.05267,0.05689,0.05494,0.04768,0.04992,0.05842,0.04782,0.04367,0.04320
0.05359,0.05371,0.06289,0.04755,0.04442,0.04810,0.05336,0.04823,0.04489,0.05295,0.04890,0.04586,0.04365,0.04657,0.04620,0.05553,0.05676,0.05222,0.04747,0.04715
0.05423,0.04646,0.04226,0.04740,0.05146,0.05346,0.04144,0.05026,0.05380,0.04983,0.07460,0.04682,0.05280,0.04333,0.04141,0.04681,0.05263,0.05604,0.04815,0.04680
0.05337,0.05123,0.04424,0.05932,0.03999,0.04757,0.04613,0.05604,0.04628,0.04559,0.05830,0.05793,0.07434,0.05132,0.04458,0.04850,0.04990,0.03795,0.04157,0.04587
0.04297,0.05018,0.05391,0.05664,0.04132,0.04810,0.04726,0.05081,0.04332,0.04814,0.04801,0.05143,0.05069,0.05468,0.06209,0.04954,0.04842,0.05488,0.04987,0.04773
0.04371,0.05501,0.07747,0.04686,0.03903,0.04144,0.04875,0.05347,0.03943,0.04092,0.05837,0.05100,0.04570,0.05235,0.04365,0.05729,0.08202,0.03784,0.04176,0.04392
0.05338,0.05765,0.05596,0.04857,0.04694,0.05678,0.04278,0.04683,0.04633,0.04852,0.04611,0.04875,0.04854,0.04989,0.05080,0.05227,0.05330,0.04859,0.05113,0.04691
0.04691,0.06027,0.06845,0.04819,0.03963,0.04843,0.04310,0.04782,0.04467,0.04647,0.05184,0.04633,0.04952,0.04895,0.05478,0.05014,0.05381,0.05189,0.04808,0.05075
0.05624,0.05777,0.06926,0.06285,0.04022,0.04833,0.04201,0.05044,0.04717,0.05024,0.05044,0.03921,0.05228,0.04875,0.03782,0.05148,0.04933,0.04547,0.05424,0.04646
0.04991,0.04843,0.06554,0.04400,0.04935,0.04791,0.04962,0.04385,0.04641,0.05011,0.05261,0.05137,0.04651,0.04690,0.04986,0.05722,0.05885,0.04856,0.04384,0.04916
0.04279,0.04014,0.04776,0.05011,0.04556,0.05158,0.04018,0.09397,0.04652,0.04888,0.04393,0.05060,0.05259,0.04296,0.04951,0.05004,0.05461,0.04842,0.05196,0.04791
0.05500,0.04898,0.05901,0.05436,0.05750,0.04570,0.03979,0.04405,0.04082,0.04399,0.05921,0.04351,0.05180,0.04312,0.04534,0.06615,0.07016,0.04386,0.04105,0.04661
0.04538,0.06617,0.06622,0.05421,0.04510,0.04627,0.05319,0.05230,0.04099,0.04230,0.05007,0.04588,0.04864,0.05464,0.04871,0.05123,0.05606,0.03963,0.04639,0.04661
0.04828,0.05614,0.09081,0.05111,0.03383,0.04306,0.04246,0.04864,0.04012,0.03927,0.04963,0.04279,0.04838,0.04885,0.05148,0.05523,0.05304,0.05508,0.04203,0.05977
0.05390,0.03925,0.04498,0.04745,0.04046,0.04271,0.03362,0.04506,0.03965,0.05122,0.04910,0.05368,0.09956,0.05514,0.05678,0.06142,0.05958,0.04882,0.03647,0.04115
0.05220,0.06083,0.07527,0.05036,0.05015,0.05506,0.04510,0.04253,0.03980,0.04060,0.05041,0.04416,0.04882,0.04694,0.04566,0.05413,0.05479,0.04451,0.04187,0.05680
0.04877,0.04580,0.04526,0.05675,0.04437,0.04899,0.05667,0.05752,0.04054,0.04883,0.04329,0.05915,0.05432,0.04680,0.04859,0.05898,0.04976,0.04253,0.05246,0.05061
0.05224,0.04775,0.03981,0.04647,0.04661,0.05301,0.04268,0.06696,0.05749,0.05391,0.04591,0.05122,0.04807,0.05087,0.04341,0.04399,0.03700,0.04813,0.08051,0.04397
0.04601,0.04196,0.04140,0.04839,0.05467,0.05109,0.04945,0.07595,0.05139,0.05567,0.03924,0.05698,0.04675,0.04468,0.04462,0.05218,0.04917,0.04168,0.05932,0.04941
0.04786,0.05809,0.06630,0.05938,0.04461,0.04505,0.04688,0.04456,0.03765,0.04271,0.05047,0.04762,0.05069,0.05121,0.05189,0.06138,0.06193,0.04056,0.04104,0.05013
0.05358,0.04847,0.04959,0.05092,0.04330,0.04859,0.04775,0.04163,0.05169,0.04568,0.04759,0.04398,0.04900,0.05785,0.05078,0.04240,0.04649,0.06632,0.05746,0.05694
0.05780,0.06211,0.06859,0.04801,0.04906,0.04514,0.04719,0.04109,0.04882,0.04724,0.05010,0.04426,0.04644,0.05074,0.04313,0.05613,0.05976,0.04137,0.04384,0.04918
0.05020,0.06044,0.07974,0.05451,0.03775,0.04995,0.04386,0.04356,0.04430,0.04544,0.05228,0.04712,0.04457,0.05120,0.04304,0.05202,0.04896,0.04772,0.04889,0.05444
0.04478,0.05129,0.06764,0.05080,0.04094,0.05007,0.03525,0.04573,0.04527,0.04599,0.05611,0.05273,0.05414,0.05182,0.05349,0.05501,0.06219,0.04423,0.04593,0.04660
0.04612,0.04160,0.03805,0.04495,0.04955,0.04687,0.03976,0.12062,0.04712,0.05739,0.03638,0.05625,0.05136,0.03585,0.04246,0.04809,0.04880,0.04631,0.05537,0.04709
0.05648,0.04341,0.04957,0.04925,0.04525,0.04630,0.04547,0.07593,0.04290,0.04609,0.05370,0.04845,0.05224,0.04834,0.04233,0.05178,0.06260,0.04325,0.05396,0.04271
0.04756,0.04474,0.04559,0.05343,0.04476,0.04627,0.04333,0.05716,0.03961,0.04871,0.05098,0.05681,0.06122,0.04701,0.05941,0.06138,0.05617,0.04831,0.04448,0.04309
0.05245,0.04668,0.04887,0.05563,0.03953,0.05003,0.04199,0.04947,0.05622,0.05052,0.04764,0.05374,0.05101,0.06211,0.04989,0.04028,0.04572,0.05448,0.05534,0.04841
0.04293,0.04276,0.04632,0.04461,0.04726,0.04553,0.04635,0.06454,0.06569,0.05254,0.04347,0.05450,0.04846,0.04851,0.04917,0.03987,0.04430,0.04908,0.06288,0.06122
0.05009,0.04677,0.04951,0.04981,0.05053,0.04939,0.04667,0.04871,0.04661,0.04844,0.04883,0.04875,0.05851,0.05935,0.05395,0.05203,0.05246,0.04843,0.04726,0.04388
0.04070,0.04443,0.04589,0.04814,0.04764,0.05294,0.03403,0.05009,0.05077,0.05167,0.05329,0.05299,0.06070,0.04831,0.06823,0.05241,0.05551,0.05401,0.04160,0.04664
0.04848,0.04884,0.05476,0.04970,0.04179,0.05128,0.04757,0.05172,0.05397,0.04934,0.04331,0.04941,0.04837,0.05171,0.04881,0.04585,0.04811,0.05396,0.06553,0.04748
0.06323,0.04567,0.04655,0.04703,0.05889,0.06003,0.04669,0.05218,0.04649,0.04701,0.04662,0.04396,0.04873,0.04650,0.04314,0.05519,0.05026,0.05688,0.04955,0.04542
0.06429,0.05415,0.08580,0.06025,0.04313,0.04330,0.05566,0.04350,0.03769,0.04339,0.04306,0.04131,0.04662,0.04946,0.03483,0.05539,0.06295,0.04036,0.04438,0.05050
0.05090,0.04199,0.04734,0.04840,0.04449,0.04774,0.04686,0.06451,0.05855,0.05368,0.04694,0.05019,0.05011,0.05054,0.04594,0.04531,0.04687,0.04932,0.06325,0.04709
0.05329,0.05713,0.05270,0.04904,0.04732,0.04650,0.04546,0.04787,0.04933,0.04562,0.07340,0.04395,0.05531,0.05605,0.04510,0.04252,0.05146,0.04755,0.04455,0.04585
0.04891,0.04928,0.04280,0.04960,0.04943,0.05240,0.03719,0.05587,0.04710,0.04907,0.05149,0.05010,0.05747,0.04490,0.05581,0.05144,0.04452,0.05540,0.05971,0.04751
0.04734,0.04793,0.04346,0.04410,0.05864,0.04809,0.07870,0.06863,0.05246,0.06035,0.03637,0.04974,0.03912,0.04346,0.04251,0.05086,0.04412,0.04190,0.05177,0.05047
0.05051,0.06004,0.05837,0.06653,0.04291,0.04849,0.04723,0.04538,0.04108,0.04475,0.05008,0.04466,0.05149,0.04929,0.04584,0.05986,0.05806,0.04219,0.04786,0.04538
0.04781,0.04797,0.05246,0.04205,0.04944,0.04347,0.03373,0.04840,0.06036,0.05450,0.04988,0.05216,0.05817,0.04856,0.05794,0.04159,0.04557,0.05471,0.05508,0.05615
0.05193,0.04339,0.04392,0.04642,0.05327,0.05439,0.04361,0.04648,0.04758,0.04361,0.05443,0.04376,0.05029,0.05066,0.05586,0.04640,0.04861,0.08009,0.05126,0.04405
0.05641,0.03535,0.04198,0.04656,0.04988,0.04675,0.05019,0.08458,0.05452,0.05136,0.03878,0.05069,0.04423,0.04497,0.04242,0.04699,0.05732,0.05697,0.05140,0.04864
0.04819,0.05214,0.08310,0.04743,0.03978,0.05109,0.04013,0.04522,0.04801,0.04289,0.04896,0.04056,0.05382,0.04985,0.04832,0.04722,0.04390,0.05517,0.04941,0.06480
0.04873,0.03980,0.04110,0.05033,0.05065,0.04914,0.05623,0.07092,0.05895,0.04822,0.04167,0.05505,0.04620,0.05212,0.04162,0.04298,0.04285,0.04673,0.06273,0.05398
0.05324,0.05348,0.09325,0.05064,0.03954,0.04919,0.05161,0.04606,0.04581,0.05247,0.03917,0.05479,0.04547,0.04539,0.03649,0.04994,0.06218,0.03774,0.05111,0.04243
0.04293,0.03730,0.04106,0.04868,0.04536,0.04820,0.06962,0.08002,0.05412,0.05011,0.04103,0.05847,0.04667,0.04942,0.04396,0.04247,0.04238,0.03813,0.06477,0.05529
0.04972,0.05969,0.07180,0.05251,0.04117,0.04998,0.03860,0.04795,0.04298,0.04348,0.05509,0.05067,0.05163,0.05271,0.04878,0.05185,0.05546,0.04324,0.04597,0.04671
0.04414,0.05420,0.06153,0.05448,0.04133,0.05258,0.04904,0.04885,0.04447,0.04104,0.04675,0.04614,0.04833,0.04460,0.05247,0.05075,0.04481,0.05350,0.04500,0.07599
0.04217,0.04036,0.05458,0.05005,0.03801,0.04337,0.04394,0.07018,0.04181,0.05022,0.05725,0.04894,0.05162,0.04544,0.04580,0.05177,0.08188,0.05240,0.04403,0.04620
0.05567,0.04238,0.04161,0.04074,0.05787,0.05212,0.04656,0.07253,0.05009,0.05245,0.04161,0.04569,0.04788,0.03952,0.04342,0.05222,0.04508,0.07085,0.05248,0.04923
0.04526,0.04058,0.04065,0.05046,0.04238,0.05048,0.04893,0.10003,0.04773,0.04453,0.04101,0.05644,0.05340,0.04897,0.04990,0.04506,0.04522,0.04209,0.06073,0.04614
0.04608,0.04491,0.04132,0.04428,0.05515,0.04359,0.04311,0.08817,0.07376,0.06061,0.03240,0.05467,0.05178,0.04642,0.04426,0.03702,0.04419,0.04321,0.05753,0.04755
0.04819,0.03903,0.05823,0.05020,0.04048,0.03833,0.04201,0.05049,0.03377,0.04394,0.05035,0.05016,0.07318,0.05693,0.06040,0.05987,0.08244,0.04635,0.03603,0.03962
0.04861,0.04666,0.04134,0.04514,0.04414,0.05397,0.03698,0.07638,0.05633,0.05525,0.04748,0.05554,0.04822,0.05220,0.04631,0.04359,0.04364,0.04825,0.06690,0.04307
0.05830,0.04457,0.04773,0.05219,0.05303,0.05182,0.05485,0.06556,0.04180,0.04550,0.04607,0.04719,0.04805,0.04541,0.04080,0.05818,0.05903,0.04404,0.05059,0.04528
0.04586,0.05412,0.04271,0.04701,0.04612,0.05687,0.03825,0.08969,0.04525,0.04804,0.04516,0.04389,0.05408,0.04250,0.04855,0.04634,0.04333,0.05222,0.06411,0.04590
0.05024,0.05194,0.04266,0.05080,0.04540,0.05047,0.04650,0.04248,0.05714,0.04881,0.05619,0.04770,0.04876,0.05940,0.04468,0.04218,0.04372,0.05988,0.06080,0.05025
0.05144,0.04771,0.05411,0.03848,0.05073,0.05228,0.10197,0.05096,0.04779,0.05468,0.04125,0.04754,0.03947,0.04025,0.04151,0.05572,0.04534,0.04361,0.04395,0.05122
0.04868,0.04070,0.03823,0.04764,0.04972,0.04724,0.06492,0.06508,0.05040,0.05331,0.04616,0.05700,0.05148,0.04961,0.04886,0.05385,0.04382,0.04676,0.04995,0.04660
0.03913,0.05298,0.05184,0.05488,0.04328,0.04367,0.06085,0.06785,0.05365,0.05119,0.04258,0.04976,0.04894,0.04809,0.04638,0.04012,0.04507,0.04148,0.05858,0.05967
0.04301,0.04132,0.03775,0.04128,0.05310,0.04377,0.04227,0.12424,0.05684,0.04968,0.03965,0.04742,0.04809,0.04050,0.04603,0.04420,0.04510,0.04410,0.06535,0.04629
0.04386,0.04712,0.03917,0.04466,0.04538,0.05165,0.03883,0.10678,0.04759,0.05601,0.04457,0.04282,0.05165,0.03636,0.04499,0.04169,0.04286,0.04990,0.07686,0.04726
0.05084,0.07673,0.06626,0.05249,0.04060,0.04955,0.04208,0.04130,0.04513,0.04867,0.05411,0.04685,0.04522,0.05105,0.04320,0.05199,0.04930,0.04119,0.05235,0.05108
0.04894,0.05175,0.07129,0.05038,0.04278,0.04615,0.04360,0.05126,0.04183,0.04282,0.05954,0.04514,0.04978,0.04566,0.04962,0.05484,0.06348,0.04812,0.04173,0.05127
0.05209,0.04350,0.04236,0.04504,0.05024,0.05411,0.04869,0.06420,0.05766,0.05458,0.04203,0.05209,0.04738,0.04214,0.04389,0.04540,0.04281,0.05046,0.06611,0.05523
0.04943,0.04832,0.04828,0.04715,0.03462,0.05024,0.03734,0.05076,0.04715,0.04964,0.05122,0.05816,0.04633,0.06919,0.05647,0.04777,0.05221,0.05685,0.05724,0.04162
0.04804,0.04984,0.04923,0.04661,0.03979,0.04688,0.04417,0.05100,0.04731,0.05310,0.05503,0.07061,0.06328,0.04809,0.05311,0.05380,0.04459,0.03858,0.04779,0.04916
0.04729,0.04888,0.08702,0.05349,0.03474,0.04356,0.04362,0.05675,0.03935,0.05016,0.04653,0.05152,0.05123,0.04498,0.04072,0.04925,0.05588,0.04526,0.04971,0.06006
0.04265,0.04613,0.05100,0.04850,0.04776,0.04858,0.05837,0.05894,0.04434,0.04730,0.05295,0.05715,0.05086,0.04354,0.04953,0.05488,0.05831,0.04213,0.04429,0.05277
0.06022,0.05182,0.05586,0.04905,0.04849,0.04802,0.04660,0.05135,0.04188,0.04255,0.04969,0.04283,0.05098,0.05374,0.04890,0.05477,0.05631,0.05598,0.04403,0.04694
0.04754,0.05374,0.05661,0.05007,0.04204,0.04264,0.05036,0.04963,0.05594,0.05671,0.04958,0.04512,0.04554,0.05098,0.04686,0.05016,0.04930,0.05038,0.05845,0.04835
0.05143,0.04553,0.04073,0.04841,0.04760,0.06353,0.04023,0.06891,0.04863,0.04510,0.04474,0.04769,0.04921,0.04551,0.04956,0.04560,0.04212,0.05813,0.06891,0.04845
0.04992,0.04800,0.04563,0.05183,0.04532,0.04924,0.04355,0.05384,0.04586,0.04539,0.05938,0.05488,0.07006,0.05360,0.05395,0.05055,0.04907,0.04498,0.04137,0.04356
0.06401,0.05562,0.06664,0.04399,0.04709,0.04930,0.04105,0.05711,0.04717,0.04854,0.05151,0.04274,0.05115,0.04936,0.04186,0.04673,0.05091,0.04974,0.04807,0.04741
0.04518,0.04100,0.04926,0.04676,0.04965,0.04922,0.04070,0.04437,0.05259,0.05155,0.04817,0.05314,0.05735,0.04900,0.06355,0.04736,0.05415,0.05657,0.04450,0.05594
0.05023,0.04296,0.03857,0.05040,0.04871,0.05194,0.06879,0.05658,0.05337,0.04690,0.05200,0.05160,0.05344,0.05095,0.04183,0.04738,0.04495,0.04782,0.05243,0.04914
0.04672,0.04658,0.04465,0.04778,0.05223,0.04614,0.06081,0.07646,0.06028,0.05533,0.03913,0.05123,0.04587,0.04693,0.03984,0.04304,0.04426,0.03975,0.05897,0.05399
0.05126,0.05007,0.04856,0.05587,0.04506,0.04528,0.04140,0.05516,0.04285,0.04599,0.06728,0.04487,0.06248,0.04859,0.05249,0.05407,0.05680,0.04887,0.04224,0.04079
0.04846,0.04280,0.04689,0.05085,0.04521,0.05112,0.04910,0.06552,0.05377,0.04642,0.04669,0.05387,0.04659,0.05823,0.04591,0.04520,0.04548,0.04542,0.06558,0.04692
0.04952,0.05023,0.05892,0.04527,0.04312,0.04377,0.04402,0.05045,0.06303,0.04870,0.04701,0.04523,0.04806,0.05474,0.04609,0.04170,0.04517,0.05399,0.06541,0.05557
0.05024,0.05278,0.08436,0.04679,0.03570,0.04839,0.04207,0.04791,0.05138,0.05277,0.04584,0.04815,0.05058,0.05019,0.04438,0.04687,0.05238,0.04512,0.05170,0.05238
0.05456,0.04604,0.04034,0.04622,0.04919,0.05009,0.03897,0.04703,0.04892,0.05271,0.05507,0.04942,0.05712,0.04804,0.05600,0.05122,0.05113,0.06323,0.05140,0.04330
0.04777,0.04620,0.03953,0.04995,0.05010,0.05271,0.03540,0.04472,0.04950,0.04666,0.05739,0.04031,0.06098,0.05122,0.05992,0.04416,0.04580,0.07347,0.05824,0.04597
0.04721,0.05163,0.06674,0.04792,0.04304,0.05114,0.04194,0.04637,0.04715,0.04815,0.05438,0.05023,0.04749,0.04937,0.04978,0.04962,0.05318,0.05101,0.05261,0.05105
0.04818,0.04196,0.04472,0.04878,0.05198,0.04715,0.04347,0.07353,0.04682,0.05368,0.04477,0.05277,0.05205,0.04232,0.04919,0.05205,0.05630,0.05404,0.04864,0.04761
0.05479,0.04399,0.05971,0.04890,0.04458,0.04444,0.04368,0.05056,0.03675,0.04015,0.04338,0.04983,0.05512,0.05228,0.05975,0.07103,0.06747,0.04889,0.03911,0.04559
0.04829,0.04646,0.04233,0.04893,0.04941,0.05654,0.04030,0.05047,0.05781,0.04880,0.04282,0.05641,0.05478,0.05061,0.05821,0.04699,0.04269,0.05214,0.05621,0.04979
0.04212,0.06458,0.08347,0.05578,0.03497,0.04630,0.04216,0.04581,0.05287,0.04600,0.04649,0.04041,0.04730,0.05405,0.04637,0.04797,0.04989,0.04565,0.05811,0.04969
0.04343,0.04507,0.05474,0.05696,0.04559,0.04696,0.03954,0.04835,0.04302,0.04926,0.04861,0.05507,0.05565,0.04446,0.05238,0.05434,0.06687,0.04622,0.04824,0.05523
0.05123,0.04391,0.04253,0.05676,0.03590,0.04266,0.03595,0.05351,0.03746,0.04683,0.04989,0.06063,0.09024,0.04675,0.06394,0.06436,0.05429,0.04137,0.03815,0.04364
0.05135,0.04819,0.05434,0.05952,0.04196,0.04914,0.04168,0.05403,0.04566,0.04768,0.05226,0.05791,0.06335,0.05171,0.04528,0.04862,0.04660,0.04118,0.04989,0.04968
0.04649,0.04269,0.03921,0.05368,0.04917,0.04532,0.07878,0.06113,0.06050,0.05682,0.04440,0.05005,0.04617,0.05070,0.03898,0.04383,0.04238,0.04084,0.05807,0.05080
0.04928,0.06159,0.07840,0.04639,0.03761,0.04523,0.04517,0.04255,0.05090,0.04807,0.04631,0.04344,0.04702,0.05708,0.04641,0.05180,0.05090,0.04877,0.05131,0.05178
0.04210,0.05897,0.04917,0.05203,0.05106,0.05375,0.04285,0.04884,0.05041,0.04882,0.04862,0.05108,0.05539,0.04518,0.05570,0.04781,0.04510,0.04468,0.05194,0.05650
0.04275,0.06571,0.07238,0.05709,0.03813,0.04409,0.04040,0.04646,0.04625,0.04593,0.05203,0.04800,0.04868,0.05737,0.05241,0.04584,0.05491,0.04402,0.04733,0.05021
0.04753,0.04588,0.07317,0.04721,0.04306,0.04808,0.05055,0.05080,0.05547,0.05229,0.04525,0.05162,0.04739,0.04594,0.04530,0.04543,0.06058,0.04533,0.05048,0.04864
0.04636,0.05304,0.06654,0.05566,0.04405,0.04415,0.05361,0.04822,0.04415,0.04533,0.05016,0.04814,0.04614,0.05002,0.04928,0.05046,0.06143,0.04743,0.04418,0.05166
0.04651,0.09175,0.06704,0.05524,0.03720,0.05384,0.04547,0.05000,0.03620,0.03895,0.05559,0.04662,0.04365,0.05392,0.04198,0.04677,0.04522,0.03942,0.05249,0.05214
0.04953,0.04297,0.04052,0.04443,0.05186,0.05304,0.04588,0.06544,0.05550,0.05693,0.04381,0.04650,0.05163,0.04234,0.04920,0.05291,0.04874,0.05283,0.05743,0.04850
0.05125,0.03729,0.04366,0.05072,0.04260,0.05257,0.04394,0.04618,0.05076,0.05280,0.04222,0.05639,0.05469,0.05042,0.05903,0.04771,0.04773,0.06425,0.05364,0.05215
0.04799,0.05438,0.04519,0.05321,0.04515,0.05331,0.03514,0.05606,0.04120,0.04742,0.05072,0.05310,0.07203,0.04301,0.06162,0.05523,0.04546,0.04465,0.04831,0.04683
0.05133,0.04363,0.04349,0.04694,0.04770,0.04885,0.05526,0.05652,0.05912,0.05411,0.04154,0.04844,0.04521,0.04971,0.04449,0.04551,0.04194,0.05672,0.06388,0.05562
0.05198,0.05005,0.06652,0.04652,0.04098,0.04972,0.04874,0.04954,0.05130,0.04774,0.04394,0.04512,0.04669,0.04990,0.04863,0.04733,0.04722,0.05709,0.05429,0.05668
0.05261,0.05953,0.07490,0.04635,0.03853,0.04568,0.04495,0.04811,0.04739,0.04979,0.05338,0.04322,0.04666,0.05456,0.04443,0.04868,0.05584,0.05383,0.04957,0.04199
0.05088,0.05769,0.07279,0.04638,0.04046,0.05310,0.04650,0.04605,0.03805,0.04148,0.04723,0.04646,0.04599,0.04647,0.04930,0.04818,0.04097,0.05478,0.04752,0.07972
0.06349,0.04916,0.05453,0.05725,0.04935,0.04825,0.06363,0.04326,0.03946,0.04177,0.04414,0.05067,0.04571,0.05022,0.03877,0.06024,0.05592,0.04587,0.04849,0.04982
0.04814,0.03967,0.03836,0.04407,0.04893,0.04556,0.04678,0.10110,0.05376,0.05972,0.03509,0.05733,0.04751,0.04480,0.04291,0.04605,0.04868,0.04512,0.06026,0.04617
0.04618,0.04739,0.04769,0.05108,0.04089,0.05371,0.03563,0.04447,0.05694,0.05502,0.04638,0.05985,0.06122,0.04785,0.05727,0.04785,0.04378,0.04950,0.05200,0.05530
0.04872,0.04103,0.04727,0.04855,0.04662,0.04452,0.07301,0.07278,0.05930,0.05586,0.03733,0.05006,0.04469,0.04800,0.03745,0.04521,0.04352,0.04028,0.06225,0.05354
0.04680,0.03962,0.04589,0.05308,0.04602,0.05829,0.04888,0.06356,0.03891,0.04500,0.04160,0.05691,0.05160,0.04029,0.05230,0.06607,0.05631,0.05460,0.04340,0.05086
0.05351,0.05365,0.04901,0.04527,0.04153,0.04344,0.03990,0.04386,0.05333,0.05270,0.05072,0.04566,0.06098,0.07908,0.05038,0.04292,0.04593,0.05567,0.05022,0.04223
0.05184,0.05163,0.05323,0.04824,0.04751,0.04651,0.04191,0.04617,0.04733,0.04322,0.07628,0.04790,0.05365,0.05257,0.04526,0.04513,0.05447,0.05454,0.04415,0.04847
0.04594,0.06110,0.07682,0.05325,0.04197,0.04879,0.04017,0.04405,0.05007,0.04282,0.04899,0.04661,0.05039,0.05150,0.04879,0.05259,0.05167,0.04269,0.04767,0.05411
0.05841,0.04759,0.04387,0.04852,0.05305,0.05851,0.04308,0.04428,0.04711,0.05013,0.04996,0.04956,0.05655,0.04823,0.04616,0.05300,0.04631,0.05644,0.05258,0.04667
0.03818,0.03937,0.03550,0.04496,0.04159,0.05308,0.03714,0.13399,0.05002,0.04813,0.04182,0.04416,0.05198,0.04269,0.05420,0.04455,0.04666,0.04745,0.06393,0.04062
0.04546,0.04745,0.05066,0.05275,0.04320,0.04944,0.03985,0.05298,0.04239,0.04843,0.04892,0.05282,0.06098,0.04740,0.06412,0.06101,0.05498,0.04859,0.04440,0.04418
0.05311,0.05074,0.04657,0.04758,0.05408,0.05638,0.04519,0.04911,0.04198,0.04905,0.05283,0.05637,0.05886,0.04523,0.05074,0.05674,0.04976,0.04597,0.04426,0.04544
0.04917,0.04343,0.03855,0.04488,0.04762,0.05095,0.04441,0.07218,0.06738,0.05769,0.04145,0.04832,0.04696,0.04674,0.04144,0.04020,0.04172,0.04539,0.08301,0.04851
0.05420,0.04059,0.04237,0.05951,0.05053,0.04625,0.04304,0.04976,0.04086,0.04546,0.05184,0.05236,0.06313,0.05021,0.05393,0.05226,0.05333,0.05555,0.04870,0.04613
0.04455,0.04266,0.04545,0.05372,0.04782,0.04605,0.05191,0.07828,0.04806,0.05235,0.04479,0.05024,0.05205,0.04452,0.04735,0.04860,0.05482,0.04274,0.05393,0.05010
0.05338,0.04226,0.04524,0.04829,0.04016,0.04853,0.04873,0.07452,0.04268,0.04587,0.04840,0.05700,0.04816,0.05389,0.04847,0.04756,0.05302,0.04821,0.05954,0.04608
0.04927,0.06318,0.07768,0.04426,0.04577,0.05405,0.04615,0.04621,0.04996,0.04722,0.05478,0.05160,0.04625,0.05013,0.03961,0.04809,0.05256,0.03883,0.04901,0.04537
0.05181,0.05932,0.05800,0.05631,0.04614,0.05441,0.04812,0.04713,0.04164,0.03996,0.05436,0.04096,0.04656,0.04562,0.04380,0.05273,0.04791,0.05808,0.04899,0.05817
0.05233,0.04512,0.05011,0.04734,0.05767,0.04982,0.05193,0.04879,0.04289,0.04552,0.04450,0.04875,0.05065,0.04825,0.05525,0.05783,0.06130,0.05378,0.03850,0.04969
0.04931,0.04156,0.04604,0.05527,0.04726,0.04862,0.04876,0.07164,0.05420,0.04970,0.04394,0.04779,0.04936,0.05041,0.04817,0.04571,0.05146,0.05012,0.05545,0.04524
0.05403,0.04410,0.03511,0.04594,0.05226,0.05678,0.03867,0.08004,0.05225,0.04705,0.04589,0.04550,0.04409,0.04264,0.04331,0.05016,0.04153,0.06244,0.07742,0.04079
0.04472,0.04831,0.04332,0.05126,0.04613,0.05043,0.05169,0.06451,0.06108,0.05498,0.04214,0.04873,0.05061,0.05320,0.04389,0.04125,0.03954,0.04507,0.06645,0.05266
0.04975,0.04588,0.04728,0.05548,0.04635,0.04701,0.05512,0.07249,0.04076,0.04697,0.04945,0.04690,0.05110,0.04788,0.04710,0.05215,0.05795,0.04551,0.04713,0.04773
0.04327,0.07179,0.08496,0.05687,0.03474,0.05528,0.03843,0.04422,0.04606,0.03889,0.05182,0.04464,0.04739,0.05590,0.04377,0.04484,0.04420,0.04578,0.05418,0.05296
0.04284,0.04853,0.05307,0.04987,0.04500,0.04860,0.04452,0.05410,0.05335,0.04999,0.04650,0.05594,0.05240,0.04835,0.05606,0.04907,0.04959,0.04600,0.04924,0.05702
0.05583,0.05941,0.06714,0.04924,0.04418,0.04759,0.05035,0.04853,0.04272,0.04052,0.05799,0.04145,0.04564,0.05186,0.04483,0.05011,0.04948,0.05362,0.04482,0.05471
0.04181,0.05671,0.07741,0.04677,0.04034,0.04949,0.04891,0.04612,0.04730,0.05275,0.04928,0.05266,0.04612,0.05132,0.04777,0.05026,0.06196,0.04021,0.04796,0.04484
0.05860,0.04329,0.04547,0.04268,0.04865,0.04964,0.03854,0.07082,0.05025,0.05263,0.04882,0.04633,0.04823,0.04411,0.04610,0.04978,0.05287,0.06387,0.05369,0.04562
0.04502,0.04101,0.04215,0.04608,0.04710,0.05360,0.03464,0.06832,0.04604,0.04417,0.04900,0.04885,0.05441,0.04727,0.06296,0.04910,0.04801,0.07640,0.05124,0.04463
0.05681,0.06020,0.09361,0.04951,0.03833,0.04867,0.04261,0.04817,0.04649,0.04794,0.05026,0.03912,0.04782,0.04890,0.03791,0.04785,0.04667,0.04763,0.04979,0.05172
0.05194,0.04644,0.04329,0.05037,0.04552,0.04936,0.04888,0.05542,0.05584,0.05086,0.04442,0.05047,0.05146,0.06851,0.04667,0.04675,0.04688,0.04825,0.05556,0.04312
0.04416,0.04342,0.07991,0.04850,0.04008,0.03696,0.03277,0.05496,0.03198,0.04162,0.05143,0.04932,0.05806,0.04311,0.04750,0.06077,0.10938,0.04120,0.03806,0.04682
0.05339,0.05629,0.08140,0.04795,0.04437,0.04327,0.04580,0.04101,0.04024,0.04479,0.05461,0.04671,0.04986,0.05476,0.03940,0.05949,0.07417,0.03895,0.04165,0.04190
0.05204,0.05050,0.06262,0.05038,0.04670,0.04663,0.04442,0.04584,0.04221,0.04324,0.05933,0.04850,0.05076,0.04867,0.04665,0.04948,0.07031,0.04915,0.04134,0.05122
0.04517,0.04247,0.04812,0.04300,0.04629,0.05159,0.05237,0.07407,0.05499,0.04638,0.04479,0.05524,0.04344,0.05455,0.04443,0.04244,0.04210,0.03775,0.07601,0.05480
0.04909,0.04756,0.04751,0.05364,0.05039,0.04925,0.03390,0.05192,0.04146,0.04576,0.04526,0.05000,0.06584,0.04770,0.06838,0.05400,0.05056,0.05254,0.04734,0.04791
0.04542,0.06059,0.06460,0.05298,0.03982,0.05110,0.04835,0.04867,0.04946,0.04868,0.04627,0.05175,0.04608,0.05721,0.04391,0.04901,0.04967,0.04302,0.05189,0.05151
0.05851,0.05278,0.06584,0.05120,0.04967,0.04888,0.05101,0.04809,0.03961,0.04702,0.05015,0.04983,0.04562,0.04868,0.04183,0.05458,0.05956,0.04498,0.04472,0.04743
0.05216,0.05841,0.07861,0.05588,0.04089,0.04458,0.04001,0.04787,0.04242,0.04064,0.05217,0.04122,0.04959,0.05232,0.04404,0.05749,0.06438,0.04575,0.04406,0.04751
0.05005,0.05999,0.06837,0.06215,0.04142,0.05344,0.04746,0.04460,0.04775,0.04190,0.04597,0.04033,0.04710,0.05490,0.04183,0.04722,0.04520,0.05304,0.05387,0.05341
0.04778,0.03784,0.03452,0.04585,0.04433,0.05306,0.04209,0.10410,0.06028,0.05662,0.03119,0.05512,0.04011,0.04260,0.04245,0.05016,0.04664,0.06279,0.06121,0.04126
0.04435,0.06546,0.07445,0.04477,0.03914,0.05236,0.04614,0.04516,0.05009,0.05145,0.05150,0.05327,0.04766,0.04744,0.04468,0.04849,0.04954,0.04005,0.05217,0.05185
0.04707,0.04960,0.04461,0.04271,0.03937,0.05052,0.04591,0.04676,0.04551,0.05228,0.04041,0.06786,0.04944,0.05047,0.06910,0.05576,0.04958,0.05460,0.04784,0.05058
0.04903,0.05743,0.06515,0.05985,0.04380,0.05279,0.04550,0.04511,0.04081,0.03903,0.05143,0.04457,0.05006,0.05143,0.04881,0.04995,0.05648,0.05243,0.04434,0.05199
0.04986,0.06075,0.06070,0.05499,0.04335,0.04800,0.05626,0.05004,0.05170,0.04942,0.05090,0.04529,0.04646,0.04637,0.03870,0.04767,0.04981,0.04090,0.05740,0.05143
0.05401,0.03991,0.03710,0.04542,0.05559,0.05200,0.04439,0.08522,0.04684,0.04535,0.04252,0.04929,0.04773,0.04796,0.04943,0.05591,0.04533,0.05423,0.06016,0.04159
0.04958,0.04872,0.04977,0.05146,0.04227,0.04674,0.04776,0.04684,0.05425,0.05195,0.04939,0.04706,0.04767,0.05450,0.04754,0.04534,0.05066,0.06013,0.05945,0.04891
0.05058,0.05117,0.07131,0.04622,0.04765,0.05004,0.05263,0.04354,0.04484,0.04671,0.06093,0.05048,0.04515,0.04554,0.04167,0.05598,0.06925,0.04031,0.04081,0.04519
0.04691,0.05318,0.05280,0.05500,0.03762,0.05147,0.04227,0.05127,0.04689,0.05082,0.04481,0.05399,0.04760,0.05534,0.05128,0.04822,0.04742,0.05509,0.06123,0.04676
0.04895,0.03966,0.04034,0.04034,0.04635,0.04506,0.04020,0.12036,0.05682,0.05079,0.03558,0.05046,0.04810,0.04675,0.04355,0.03884,0.04296,0.04653,0.07535,0.04303
0.04452,0.04397,0.04689,0.05104,0.04317,0.04860,0.05750,0.05818,0.04291,0.04823,0.05358,0.05130,0.05044,0.04345,0.04996,0.05837,0.06407,0.04557,0.05055,0.04771
0.04786,0.05061,0.04340,0.04243,0.04639,0.04845,0.03997,0.09022,0.05738,0.05495,0.04891,0.04544,0.05156,0.04039,0.04377,0.04258,0.04540,0.04412,0.07083,0.04533
0.04900,0.04342,0.04487,0.04302,0.04430,0.04260,0.04993,0.07226,0.07477,0.05759,0.04047,0.04866,0.04787,0.05646,0.03838,0.03683,0.03852,0.04382,0.07461,0.05262
0.05436,0.04437,0.04878,0.04812,0.04929,0.04972,0.04506,0.05651,0.05444,0.04829,0.05038,0.04767,0.04613,0.04921,0.04336,0.05044,0.04987,0.05463,0.06209,0.04729
0.04664,0.05162,0.09038,0.03964,0.03764,0.04314,0.04887,0.05034,0.04605,0.04720,0.05380,0.04455,0.04710,0.04990,0.04892,0.04917,0.06551,0.04740,0.04341,0.04871
0.04625,0.04117,0.04395,0.04852,0.04611,0.04709,0.04128,0.04795,0.05338,0.04642,0.05749,0.05279,0.05090,0.05205,0.06174,0.04991,0.05355,0.05770,0.05437,0.04737
0.05084,0.05122,0.05265,0.04824,0.04374,0.04611,0.03930,0.04369,0.05403,0.05358,0.05109,0.05898,0.06257,0.05240,0.04961,0.04708,0.05020,0.04505,0.04890,0.05072
0.05213,0.04513,0.04608,0.05462,0.04614,0.04895,0.04655,0.05879,0.04917,0.04845,0.05954,0.04582,0.04909,0.05054,0.04607,0.04972,0.05279,0.05407,0.05423,0.04210
0.04734,0.04654,0.04138,0.04563,0.05094,0.04743,0.04077,0.07603,0.05363,0.05079,0.04329,0.04626,0.05336,0.04536,0.05347,0.04672,0.04667,0.05813,0.05727,0.04899
0.04477,0.04886,0.04723,0.05296,0.04361,0.04246,0.04549,0.05352,0.05178,0.05052,0.04365,0.04417,0.05785,0.07326,0.05450,0.04219,0.04628,0.05482,0.05604,0.04604
0.04500,0.04747,0.04495,0.05419,0.04599,0.04292,0.06234,0.06441,0.05951,0.05662,0.04673,0.05265,0.04801,0.04711,0.03768,0.04084,0.04799,0.04068,0.05448,0.06042
0.04927,0.04195,0.03955,0.04785,0.05466,0.05438,0.03712,0.05153,0.04932,0.05018,0.04739,0.04644,0.05322,0.04507,0.06056,0.05325,0.05211,0.07033,0.05260,0.04320
0.04323,0.05915,0.06828,0.05323,0.04253,0.04974,0.04747,0.04758,0.04574,0.04615,0.05084,0.05342,0.05113,0.04834,0.04904,0.05276,0.05290,0.03783,0.04631,0.05432
0.04730,0.04645,0.04545,0.04776,0.04628,0.04528,0.03976,0.04443,0.05597,0.05352,0.04340,0.04813,0.05670,0.05772,0.06593,0.04607,0.04772,0.06128,0.05327,0.04759
0.05862,0.05023,0.11443,0.04603,0.03702,0.03987,0.04481,0.04332,0.04675,0.04746,0.03585,0.04020,0.04792,0.05855,0.04271,0.04903,0.06043,0.04735,0.04286,0.04656
0.05097,0.05409,0.07280,0.06159,0.03751,0.04835,0.04226,0.04719,0.04470,0.04754,0.04733,0.04625,0.05027,0.05534,0.04554,0.04712,0.05339,0.04989,0.04873,0.04915
0.07730,0.05289,0.07614,0.04833,0.04903,0.04315,0.04356,0.04866,0.03629,0.04403,0.03978,0.04824,0.04886,0.05740,0.03917,0.05370,0.07056,0.04564,0.03696,0.04030
0.05843,0.05109,0.07644,0.06073,0.04333,0.03676,0.04365,0.04559,0.03418,0.04424,0.04714,0.04413,0.05113,0.05010,0.04266,0.06233,0.06817,0.04361,0.04448,0.05180
0.03896,0.04373,0.04280,0.05645,0.03406,0.04947,0.03323,0.05128,0.04416,0.04467,0.05076,0.05238,0.08449,0.05142,0.07954,0.05421,0.04418,0.05454,0.04330,0.04636
