0.00337,0.01011,0.35510,0.01314,0.00282,0.00418,0.00514,0.00507,0.00382,0.00486,0.00093,0.24689,0.28935,0.01813,0.03709
0.00366,0.08440,0.00336,0.41247,0.24075,0.10095,0.00532,0.10564,0.00364,0.01496,0.00161,0.00283,0.00828,0.00413,0.00801
0.49596,0.00864,0.00751,0.00213,0.31272,0.00168,0.00405,0.00306,0.00365,0.00224,0.00134,0.05223,0.09478,0.00449,0.00554
0.01602,0.18285,0.01503,0.01779,0.06373,0.30286,0.01690,0.00980,0.00927,0.01792,0.00130,0.06443,0.25486,0.01313,0.01412
0.00869,0.00891,0.01221,0.00701,0.00540,0.00599,0.48414,0.01344,0.00460,0.01840,0.00128,0.13547,0.26212,0.01210,0.02024
0.01035,0.00608,0.60329,0.04681,0.24668,0.02151,0.01360,0.00718,0.01049,0.00881,0.00722,0.00752,0.00352,0.00256,0.00439
0.00539,0.46640,0.09139,0.01164,0.01066,0.00606,0.00796,0.00436,0.00597,0.22693,0.01170,0.00360,0.00246,0.10604,0.03945
0.04962,0.06437,0.04315,0.01617,0.02550,0.00773,0.04764,0.01341,0.06900,0.03065,0.00937,0.01261,0.50769,0.03673,0.06635
0.00437,0.00951,0.08963,0.22257,0.01519,0.00353,0.00878,0.00489,0.07573,0.15971,0.00149,0.00522,0.00115,0.01907,0.37917
0.00298,0.00870,0.00257,0.40718,0.41072,0.00540,0.02124,0.01434,0.00942,0.00503,0.00159,0.02035,0.07662,0.00613,0.00772
0.02307,0.17340,0.01078,0.02800,0.00620,0.00548,0.00524,0.00539,0.00250,0.12897,0.00548,0.06660,0.00143,0.28686,0.25061
0.03118,0.02808,0.02738,0.03591,0.02602,0.00787,0.03142,0.03461,0.02645,0.19756,0.00780,0.06241,0.01200,0.07723,0.39409
0.00316,0.00462,0.00338,0.00187,0.04229,0.00195,0.00325,0.84984,0.00553,0.00233,0.00222,0.00418,0.06419,0.00498,0.00620
0.07064,0.15066,0.02541,0.00937,0.01754,0.05325,0.01844,0.03553,0.03324,0.02200,0.00242,0.16720,0.00556,0.01884,0.36991
0.00729,0.22732,0.00873,0.17492,0.01443,0.01070,0.01474,0.03600,0.01569,0.43530,0.01324,0.00280,0.02075,0.00659,0.01151
0.40860,0.04395,0.00744,0.00332,0.29992,0.00159,0.00358,0.00404,0.00247,0.00184,0.00112,0.16493,0.04961,0.00326,0.00433
0.00062,0.64464,0.00074,0.00076,0.00175,0.00076,0.00084,0.00111,0.00051,0.34361,0.00068,0.00093,0.00127,0.00082,0.00096
0.00096,0.48446,0.00450,0.00598,0.00153,0.00114,0.00341,0.00189,0.00108,0.45381,0.00105,0.00306,0.00558,0.01514,0.01643
0.00117,0.00491,0.00125,0.61748,0.34867,0.00213,0.00275,0.00303,0.00181,0.00821,0.00117,0.00163,0.00138,0.00224,0.00218
0.20337,0.02930,0.03307,0.09031,0.22405,0.00198,0.00303,0.01398,0.00584,0.26752,0.01857,0.00239,0.00941,0.03493,0.06225
0.11376,0.00377,0.32355,0.00272,0.12747,0.00569,0.00486,0.01476,0.05346,0.04422,0.00131,0.00148,0.00173,0.07900,0.22222
0.00774,0.03962,0.00684,0.21429,0.00712,0.03379,0.01641,0.01103,0.00433,0.01848,0.00125,0.01727,0.00298,0.21173,0.40712
0.00509,0.03339,0.00836,0.01403,0.00239,0.00466,0.00138,0.01460,0.21353,0.01047,0.00063,0.02655,0.39383,0.01573,0.25537
0.01835,0.01305,0.01578,0.00768,0.07743,0.42571,0.03009,0.06930,0.01941,0.05420,0.00238,0.00502,0.24070,0.00974,0.01115
0.01305,0.10541,0.00957,0.01992,0.02132,0.06220,0.15603,0.15274,0.04270,0.01316,0.04970,0.27500,0.00286,0.03107,0.04528
0.69609,0.00271,0.00434,0.00152,0.26980,0.00515,0.00175,0.00257,0.00254,0.00275,0.00181,0.00185,0.00144,0.00250,0.00319
0.15008,0.07592,0.01310,0.02776,0.00399,0.00542,0.21238,0.00476,0.15733,0.04547,0.02014,0.02392,0.01553,0.01992,0.22428
0.01075,0.14033,0.01638,0.00506,0.00753,0.00887,0.00346,0.01017,0.05862,0.03710,0.00143,0.04174,0.00235,0.55542,0.10079
0.05817,0.06181,0.17632,0.12462,0.00978,0.01514,0.01015,0.01393,0.00641,0.01844,0.02734,0.45742,0.00475,0.00637,0.00935
0.00150,0.00704,0.00144,0.51717,0.41972,0.00638,0.00453,0.00580,0.00368,0.01151,0.00153,0.00391,0.00452,0.00501,0.00626
0.08065,0.04218,0.07914,0.05938,0.00908,0.10800,0.02248,0.01841,0.05129,0.04812,0.22245,0.05640,0.00207,0.01424,0.18613
0.04710,0.23145,0.20961,0.00414,0.02696,0.00506,0.00798,0.00875,0.00411,0.00588,0.23101,0.00316,0.18761,0.01268,0.01451
0.05315,0.02295,0.01059,0.01438,0.00519,0.02219,0.08861,0.03466,0.06004,0.00698,0.00181,0.00294,0.20097,0.00945,0.46609
0.01175,0.05215,0.00829,0.01195,0.01276,0.01219,0.16080,0.00909,0.12492,0.01678,0.00155,0.00773,0.15676,0.00751,0.40577
0.00942,0.01891,0.01255,0.51361,0.00497,0.27452,0.00436,0.12401,0.00501,0.01054,0.00329,0.00580,0.00615,0.00311,0.00375
0.16825,0.03345,0.00695,0.00576,0.00214,0.00509,0.17590,0.00616,0.00359,0.00495,0.00086,0.16801,0.26856,0.01553,0.13479
0.04516,0.02948,0.07515,0.02480,0.01141,0.05167,0.05182,0.06387,0.01088,0.02766,0.00462,0.00344,0.00281,0.01862,0.57862
0.21779,0.21618,0.04385,0.01062,0.02933,0.00647,0.02346,0.03053,0.01646,0.00748,0.00192,0.00678,0.00426,0.07064,0.31423
0.21020,0.01304,0.00581,0.00430,0.05508,0.00470,0.00240,0.00529,0.27544,0.00827,0.00743,0.19734,0.00577,0.06229,0.14266
0.01311,0.01095,0.28988,0.32006,0.01068,0.00684,0.00405,0.00703,0.00212,0.00282,0.21477,0.10454,0.00185,0.00486,0.00646
0.00275,0.00835,0.00301,0.23680,0.02657,0.18370,0.00296,0.00960,0.00458,0.00790,0.30203,0.17401,0.00138,0.01141,0.02497
0.02490,0.03310,0.23963,0.12946,0.10569,0.01251,0.01008,0.01147,0.01978,0.38847,0.00719,0.00613,0.00383,0.00326,0.00451
0.02052,0.15069,0.03243,0.30150,0.00476,0.01315,0.17126,0.09778,0.17312,0.00825,0.00235,0.00333,0.00781,0.00442,0.00863
0.00188,0.36862,0.00180,0.61154,0.00198,0.00114,0.00172,0.00224,0.00168,0.00183,0.00085,0.00101,0.00121,0.00106,0.00144
0.00898,0.02957,0.00701,0.00347,0.00510,0.00597,0.00303,0.00776,0.00368,0.06434,0.00113,0.00511,0.00186,0.82302,0.02996
0.19069,0.02330,0.21961,0.05926,0.01007,0.05755,0.01359,0.22170,0.00240,0.02042,0.00949,0.00777,0.02048,0.11559,0.02808
0.00420,0.01107,0.00285,0.00223,0.00382,0.00178,0.00235,0.00627,0.00478,0.00443,0.62566,0.00076,0.32613,0.00167,0.00199
0.55338,0.00922,0.01028,0.00478,0.04165,0.00436,0.00443,0.01435,0.00294,0.30164,0.01859,0.00925,0.01864,0.00278,0.00370
0.00227,0.36532,0.21980,0.00298,0.00359,0.00193,0.00215,0.00228,0.00250,0.38617,0.00202,0.00136,0.00158,0.00261,0.00342
0.00726,0.19174,0.00530,0.00536,0.30164,0.00128,0.00160,0.00350,0.00166,0.46818,0.00350,0.00107,0.00174,0.00256,0.00362
0.00078,0.00120,0.00081,0.00079,0.00081,0.00089,0.00063,0.88175,0.01434,0.00064,0.00035,0.00067,0.00063,0.02800,0.06773
0.00117,0.00352,0.00223,0.00237,0.00182,0.00185,0.85848,0.00184,0.00159,0.11418,0.00326,0.00164,0.00170,0.00177,0.00258
0.00705,0.00687,0.04512,0.02234,0.01340,0.02422,0.01137,0.00574,0.00583,0.01746,0.35952,0.24974,0.00077,0.09363,0.13696
0.01393,0.00956,0.00812,0.03113,0.01075,0.02368,0.54224,0.00676,0.00715,0.05720,0.00331,0.07582,0.00271,0.12028,0.08735
0.00086,0.97833,0.00097,0.00096,0.00100,0.00086,0.00057,0.00087,0.01118,0.00092,0.00062,0.00059,0.00083,0.00065,0.00081
0.00676,0.00836,0.00369,0.00562,0.01555,0.02160,0.01181,0.07804,0.15547,0.00542,0.00087,0.02515,0.37208,0.02029,0.26929
0.23274,0.01981,0.52211,0.03977,0.01249,0.00471,0.00523,0.01023,0.01165,0.00577,0.00635,0.00440,0.00916,0.03264,0.08293
0.00673,0.00505,0.12049,0.06319,0.21434,0.00400,0.00392,0.23227,0.25798,0.01021,0.00908,0.00354,0.00168,0.02568,0.04184
0.05852,0.01587,0.12787,0.04813,0.05370,0.00984,0.02803,0.05934,0.10769,0.02295,0.00101,0.24465,0.19444,0.00981,0.01815
0.04639,0.05529,0.02600,0.02571,0.00775,0.01181,0.03282,0.00508,0.01731,0.14794,0.00194,0.04188,0.00470,0.14546,0.42991
0.00201,0.00620,0.01067,0.02091,0.00330,0.00124,0.00783,0.00158,0.02183,0.07926,0.00066,0.00728,0.00097,0.22504,0.61122
0.01080,0.04243,0.00975,0.00473,0.00420,0.00633,0.00407,0.00831,0.00384,0.01123,0.00039,0.30940,0.46676,0.03362,0.08414
0.13461,0.00541,0.21102,0.00418,0.06215,0.00280,0.04761,0.00343,0.18576,0.08461,0.00144,0.13323,0.10269,0.00835,0.01270
0.00279,0.00305,0.21235,0.00233,0.70675,0.00109,0.05591,0.00154,0.00151,0.00232,0.00096,0.00312,0.00184,0.00175,0.00268
0.02054,0.01214,0.03696,0.00935,0.00446,0.01442,0.00591,0.00730,0.00535,0.00666,0.00053,0.32025,0.41660,0.02936,0.11017
0.00435,0.00568,0.09333,0.02654,0.09696,0.02130,0.00636,0.02348,0.00288,0.00612,0.40973,0.22011,0.00098,0.03053,0.05165
0.01402,0.01024,0.04610,0.00787,0.17967,0.02315,0.02267,0.00455,0.06937,0.18349,0.00570,0.00836,0.07397,0.01027,0.34058
0.37321,0.01011,0.02206,0.04503,0.00530,0.42589,0.00604,0.00481,0.03388,0.01734,0.00138,0.00278,0.00223,0.02622,0.02370
0.14364,0.29316,0.06470,0.00639,0.01765,0.00619,0.00937,0.00263,0.00224,0.00444,0.23354,0.02615,0.01059,0.05586,0.12344
0.01490,0.45764,0.00638,0.01177,0.02022,0.02000,0.02100,0.02292,0.10647,0.05959,0.01084,0.00686,0.01266,0.01763,0.21110
0.57298,0.01489,0.00518,0.00217,0.36414,0.00130,0.00206,0.00388,0.00318,0.00186,0.00106,0.00292,0.00170,0.01012,0.01257
0.13291,0.01864,0.00696,0.00618,0.00631,0.00407,0.00867,0.00785,0.01687,0.20322,0.00162,0.16298,0.41007,0.00532,0.00834
0.00156,0.33014,0.00154,0.65214,0.00133,0.00122,0.00142,0.00191,0.00110,0.00188,0.00086,0.00098,0.00066,0.00137,0.00189
0.01391,0.04992,0.01292,0.00942,0.01800,0.00350,0.03742,0.01930,0.11333,0.14190,0.00162,0.07389,0.00483,0.07878,0.42127
0.25986,0.20280,0.10351,0.08750,0.00964,0.00572,0.01268,0.12456,0.00935,0.04398,0.00241,0.01897,0.10805,0.00419,0.00677
0.09577,0.00811,0.03075,0.03954,0.00941,0.00531,0.07344,0.02082,0.01186,0.29195,0.00141,0.13757,0.03216,0.03875,0.20314
0.12792,0.02742,0.00737,0.02822,0.04354,0.04409,0.00673,0.59034,0.01922,0.01224,0.00486,0.03341,0.01372,0.01295,0.02798
0.02645,0.11077,0.02362,0.03603,0.22952,0.00457,0.02045,0.05444,0.19478,0.06064,0.00553,0.11651,0.00779,0.06478,0.04413
0.01296,0.03441,0.01929,0.10465,0.01219,0.04386,0.04933,0.01109,0.01973,0.03929,0.40170,0.19631,0.00080,0.02460,0.02980
0.00652,0.00922,0.00222,0.00285,0.01234,0.00543,0.01395,0.00466,0.34556,0.00761,0.23034,0.03619,0.04284,0.15105,0.12922
0.00754,0.00427,0.00355,0.00276,0.00378,0.00237,0.00431,0.00265,0.00529,0.00433,0.00100,0.01592,0.00173,0.92467,0.01582
0.01290,0.01034,0.01814,0.01285,0.01006,0.00558,0.00526,0.02156,0.06996,0.25792,0.00362,0.00464,0.04670,0.00531,0.51516
0.02382,0.44334,0.00533,0.01143,0.00700,0.02815,0.00521,0.03288,0.05528,0.00561,0.00172,0.17764,0.18715,0.00510,0.01034
0.01336,0.03256,0.08746,0.05906,0.00677,0.44596,0.00797,0.20099,0.00423,0.01759,0.07491,0.00667,0.00607,0.01361,0.02280
0.00580,0.02269,0.02683,0.01604,0.01910,0.01941,0.04259,0.02550,0.03549,0.33930,0.20029,0.00498,0.01491,0.02211,0.20498
0.01367,0.21738,0.01698,0.01327,0.00715,0.01003,0.00718,0.00774,0.01032,0.00961,0.00119,0.02924,0.00308,0.26309,0.39008
0.00587,0.02100,0.00455,0.00236,0.00288,0.00840,0.00667,0.67218,0.01732,0.00858,0.00356,0.00494,0.00209,0.09073,0.14888
0.01409,0.02229,0.02548,0.08823,0.08227,0.00601,0.02383,0.00395,0.47484,0.02018,0.00224,0.03120,0.01531,0.04795,0.14214
0.01022,0.01638,0.01091,0.00583,0.00425,0.01532,0.07484,0.00860,0.00482,0.00786,0.00080,0.36216,0.37327,0.02548,0.07927
0.00096,0.00167,0.00085,0.00355,0.00157,0.80880,0.00133,0.11847,0.00148,0.02054,0.00127,0.03261,0.00301,0.00159,0.00230
0.08989,0.00249,0.10666,0.00332,0.22534,0.00126,0.04729,0.00314,0.00176,0.00181,0.00139,0.02660,0.00288,0.18156,0.30460
0.01207,0.01213,0.01008,0.02211,0.00917,0.03837,0.00447,0.01473,0.23126,0.00937,0.00125,0.17064,0.16299,0.02037,0.28100
0.00297,0.23409,0.03393,0.01267,0.00640,0.00172,0.31175,0.25395,0.00907,0.00849,0.00142,0.09605,0.00685,0.00899,0.01164
0.12998,0.01755,0.00507,0.00815,0.19652,0.07185,0.02751,0.00801,0.00267,0.00558,0.00381,0.02514,0.00275,0.47000,0.02542
0.00121,0.44150,0.00263,0.00238,0.00306,0.00221,0.00281,0.00226,0.00105,0.39824,0.00097,0.00417,0.10961,0.01265,0.01525
0.03085,0.00541,0.50371,0.01862,0.01276,0.01435,0.04612,0.00401,0.00147,0.01392,0.01323,0.18580,0.02932,0.04491,0.07552
0.00473,0.40937,0.05739,0.20566,0.00492,0.05368,0.00965,0.03883,0.00371,0.06718,0.00260,0.08228,0.02504,0.01655,0.01840
0.64201,0.17448,0.00748,0.00756,0.01907,0.00640,0.00584,0.02563,0.00428,0.00399,0.01107,0.05105,0.00411,0.02114,0.01587
0.95645,0.01972,0.00148,0.00108,0.00192,0.00171,0.00143,0.00263,0.00114,0.00247,0.00100,0.00136,0.00169,0.00261,0.00331
0.15958,0.00887,0.00594,0.00536,0.01148,0.05640,0.34536,0.00471,0.01947,0.02293,0.00174,0.05612,0.23088,0.01829,0.05288
