0.35506,0.00952,0.01309,0.00530,0.32147,0.00902,0.00982,0.01074,0.00773,0.03837,0.00451,0.09782,0.09374,0.00713,0.01669
0.00841,0.11148,0.00519,0.00857,0.04428,0.01596,0.02952,0.00316,0.00649,0.00925,0.01001,0.00705,0.00544,0.37209,0.36309
0.02023,0.04476,0.04871,0.09980,0.06494,0.02514,0.01766,0.10425,0.15839,0.02158,0.01380,0.02537,0.00770,0.16250,0.18517
0.00596,0.02668,0.01213,0.24361,0.01181,0.12906,0.00594,0.18791,0.07876,0.05228,0.08376,0.07408,0.01016,0.03674,0.04112
0.02705,0.02485,0.02538,0.01165,0.00632,0.14747,0.01812,0.16092,0.10513,0.10651,0.00539,0.03269,0.01746,0.14401,0.16704
0.05376,0.09769,0.02959,0.35186,0.01411,0.06462,0.01673,0.01129,0.21255,0.02011,0.01402,0.01260,0.01724,0.04915,0.03468
0.09848,0.11332,0.27003,0.25998,0.04802,0.00395,0.02095,0.06073,0.02791,0.02747,0.01027,0.00910,0.01056,0.01605,0.02319
0.40670,0.01407,0.01072,0.00901,0.39019,0.00605,0.01198,0.00521,0.00479,0.00817,0.01538,0.01528,0.03120,0.03336,0.03787
0.12608,0.12949,0.01426,0.00238,0.00859,0.01548,0.00553,0.03120,0.00538,0.00965,0.01184,0.31556,0.31185,0.00579,0.00692
0.03360,0.40236,0.01365,0.42223,0.00554,0.01532,0.01776,0.00626,0.01130,0.00790,0.00456,0.00750,0.00407,0.01879,0.02915
0.01844,0.01274,0.00977,0.00772,0.26542,0.00468,0.00921,0.01101,0.26666,0.01092,0.01613,0.00824,0.02870,0.15270,0.17767
0.02801,0.05518,0.01064,0.09223,0.00701,0.04668,0.00608,0.30031,0.29690,0.00895,0.00543,0.01630,0.00902,0.06136,0.05591
0.21332,0.20942,0.00705,0.00967,0.01034,0.01163,0.01304,0.01068,0.01125,0.01864,0.00481,0.01204,0.01132,0.21456,0.24220
0.12127,0.00418,0.17793,0.00981,0.01221,0.17796,0.05734,0.01815,0.04083,0.05538,0.01138,0.15460,0.13327,0.01120,0.01450
0.00683,0.18215,0.02180,0.03395,0.01443,0.01400,0.01064,0.00199,0.24805,0.41604,0.01014,0.00555,0.00774,0.01438,0.01229
0.09671,0.00365,0.08844,0.01185,0.37063,0.00410,0.36743,0.00783,0.00252,0.00915,0.00501,0.00897,0.00341,0.00947,0.01083
0.01670,0.00636,0.01689,0.00866,0.15896,0.01928,0.12307,0.00978,0.00622,0.02050,0.27328,0.26018,0.01069,0.03287,0.03656
0.02169,0.03292,0.34489,0.33159,0.00301,0.02008,0.01531,0.01109,0.00756,0.01319,0.00972,0.01004,0.01527,0.07279,0.09086
0.01183,0.01177,0.00840,0.00853,0.00906,0.01226,0.00698,0.01236,0.01030,0.01406,0.43515,0.42111,0.02125,0.00517,0.01176
0.32529,0.01655,0.01636,0.05681,0.02301,0.01984,0.34499,0.02759,0.00598,0.03318,0.00982,0.05279,0.04537,0.00904,0.01338
0.10082,0.09858,0.02666,0.00472,0.01911,0.33555,0.01954,0.32406,0.02201,0.01281,0.00591,0.00739,0.00766,0.00662,0.00857
0.01205,0.38420,0.01630,0.01084,0.01829,0.02638,0.01222,0.38784,0.02389,0.01576,0.00270,0.02371,0.02303,0.02099,0.02180
0.14853,0.14654,0.00898,0.00641,0.01453,0.01959,0.00744,0.00537,0.01197,0.00602,0.00945,0.00505,0.00606,0.28582,0.31825
0.00729,0.06007,0.27652,0.04231,0.05311,0.06125,0.01837,0.12967,0.01362,0.06139,0.00659,0.09853,0.09452,0.04521,0.03156
0.01140,0.02117,0.05148,0.24889,0.23812,0.10852,0.02946,0.00821,0.01039,0.04314,0.01948,0.04116,0.04267,0.06282,0.06309
0.00979,0.40237,0.00769,0.25982,0.20820,0.01048,0.00770,0.00515,0.00473,0.01938,0.00646,0.02663,0.01967,0.00616,0.00579
0.01536,0.39192,0.05226,0.05877,0.01548,0.00797,0.02229,0.01690,0.01292,0.38301,0.00289,0.00577,0.00380,0.00538,0.00527
0.02128,0.18421,0.04718,0.01228,0.06132,0.03179,0.01756,0.19218,0.01254,0.02189,0.00639,0.00778,0.00628,0.17441,0.20290
0.34256,0.03018,0.03776,0.00805,0.15865,0.03651,0.02423,0.14066,0.09122,0.02740,0.03812,0.00335,0.04990,0.00476,0.00666
0.01396,0.00916,0.28202,0.27598,0.00889,0.01306,0.01012,0.01069,0.00526,0.00996,0.12965,0.12684,0.00397,0.04733,0.05310
0.00601,0.00499,0.00436,0.00462,0.00409,0.00513,0.00382,0.00417,0.00220,0.00376,0.00341,0.42448,0.41295,0.05446,0.06155
0.00491,0.46075,0.00328,0.00328,0.00275,0.00236,0.00180,0.00317,0.00254,0.44905,0.00173,0.02245,0.02981,0.00608,0.00605
0.30845,0.01445,0.00562,0.17528,0.28342,0.03491,0.00695,0.13168,0.00362,0.00821,0.00453,0.00289,0.00571,0.00637,0.00791
0.01446,0.09381,0.00361,0.00267,0.00699,0.01116,0.02286,0.00937,0.03113,0.11534,0.00934,0.01572,0.00461,0.31780,0.34113
0.01150,0.01664,0.00820,0.00567,0.01843,0.01652,0.01546,0.01022,0.00243,0.01194,0.00867,0.00879,0.01321,0.41756,0.43476
0.01309,0.01012,0.21789,0.22401,0.08037,0.00549,0.00617,0.08396,0.00508,0.00897,0.00622,0.00705,0.00486,0.16282,0.16389
0.45252,0.00987,0.43489,0.00576,0.02298,0.00393,0.00795,0.00580,0.00486,0.00562,0.00371,0.00340,0.00558,0.01438,0.01875
0.16709,0.00976,0.00793,0.00886,0.07665,0.00914,0.01964,0.00564,0.00522,0.10857,0.22614,0.21981,0.00491,0.05607,0.07458
0.00420,0.00696,0.00268,0.09981,0.00234,0.00625,0.00126,0.07474,0.02175,0.00281,0.00417,0.39036,0.37587,0.00289,0.00392
0.01390,0.00804,0.01293,0.00937,0.02078,0.00483,0.00601,0.01544,0.01738,0.00675,0.17711,0.41930,0.26528,0.00698,0.01590
0.01286,0.00622,0.00898,0.01414,0.01380,0.00724,0.00638,0.01575,0.00334,0.01475,0.40511,0.00813,0.41609,0.03177,0.03546
0.30643,0.01198,0.01419,0.01374,0.01335,0.00991,0.32001,0.01522,0.00626,0.02161,0.02398,0.00944,0.01430,0.09800,0.12157
0.04356,0.02267,0.11331,0.72562,0.00830,0.00678,0.03099,0.01536,0.00521,0.00966,0.00732,0.00298,0.00231,0.00230,0.00364
0.12595,0.08195,0.16947,0.13610,0.01760,0.00861,0.05859,0.01324,0.00782,0.01333,0.01173,0.01153,0.00451,0.15826,0.18132
0.22810,0.01311,0.01737,0.12737,0.25963,0.07883,0.00848,0.11995,0.00676,0.00273,0.04426,0.05636,0.01139,0.01395,0.01172
0.00440,0.03536,0.00280,0.00253,0.05519,0.00747,0.00343,0.00481,0.03176,0.00545,0.28950,0.15496,0.39356,0.00398,0.00481
0.00757,0.00660,0.00381,0.00453,0.11874,0.01117,0.01067,0.12931,0.01823,0.00776,0.00356,0.00562,0.00860,0.31194,0.35187
0.13571,0.01198,0.23318,0.30603,0.21801,0.00760,0.00644,0.01146,0.00694,0.00468,0.00265,0.00769,0.00488,0.01713,0.02561
0.01509,0.03839,0.00793,0.02196,0.18649,0.01652,0.19264,0.04052,0.02203,0.01050,0.15468,0.14333,0.00832,0.06615,0.07546
0.00607,0.44603,0.02293,0.00843,0.00943,0.00926,0.00697,0.00936,0.43345,0.01029,0.00822,0.00797,0.00833,0.00575,0.00750
0.02653,0.01370,0.01442,0.01685,0.20668,0.23334,0.02005,0.01138,0.01704,0.04062,0.00917,0.00816,0.00587,0.19629,0.17991
0.20799,0.40463,0.05948,0.00749,0.01004,0.01224,0.01371,0.23999,0.00599,0.01030,0.00319,0.00363,0.00282,0.00752,0.01096
0.35639,0.01115,0.37514,0.01473,0.00358,0.03727,0.03520,0.00282,0.02193,0.11641,0.00259,0.00423,0.00360,0.00622,0.00873
0.04179,0.08461,0.04550,0.08564,0.02900,0.01337,0.01923,0.11655,0.01328,0.02228,0.18647,0.24891,0.07047,0.01157,0.01133
0.01031,0.01744,0.01459,0.03847,0.01591,0.00775,0.01001,0.01004,0.00868,0.01097,0.21584,0.15280,0.03740,0.21367,0.23613
0.09404,0.02842,0.01171,0.16298,0.27464,0.01636,0.02364,0.02643,0.00894,0.03924,0.02010,0.00605,0.01600,0.12913,0.14232
0.01444,0.01149,0.01828,0.01062,0.00919,0.01352,0.00779,0.02122,0.00968,0.02308,0.18370,0.18563,0.02393,0.23238,0.23503
0.02037,0.01360,0.00703,0.00503,0.01341,0.00223,0.00369,0.00311,0.00558,0.00705,0.00909,0.45916,0.44738,0.00117,0.00211
0.00755,0.37728,0.01095,0.38743,0.02166,0.01262,0.03082,0.01227,0.00902,0.01828,0.01319,0.03235,0.02825,0.01736,0.02095
0.01549,0.01238,0.08882,0.09544,0.01825,0.01483,0.00871,0.31852,0.30782,0.02150,0.04329,0.00862,0.03359,0.00465,0.00807
0.36758,0.00571,0.00856,0.00567,0.00632,0.00410,0.00370,0.16981,0.00392,0.00641,0.00957,0.06247,0.06323,0.13509,0.14786
0.02301,0.04364,0.02428,0.00874,0.00841,0.04972,0.03532,0.02131,0.02274,0.04469,0.01397,0.25868,0.24327,0.09711,0.10511
0.00456,0.06051,0.01331,0.01681,0.00527,0.00620,0.01437,0.00692,0.00933,0.06486,0.00497,0.00909,0.01510,0.36603,0.40265
0.00682,0.46920,0.00351,0.00369,0.00664,0.00345,0.00397,0.00368,0.00642,0.46676,0.00437,0.00547,0.00525,0.00708,0.00371
0.02352,0.12483,0.00823,0.00823,0.00502,0.00698,0.00519,0.00826,0.00590,0.10800,0.00428,0.00414,0.00338,0.35265,0.33140
0.02798,0.36681,0.30340,0.01214,0.03431,0.01693,0.01710,0.03474,0.06940,0.05645,0.00790,0.00789,0.02607,0.00827,0.01060
0.00238,0.00332,0.00397,0.00339,0.00419,0.00256,0.00269,0.15839,0.14831,0.00159,0.00395,0.33557,0.32445,0.00216,0.00306
0.00796,0.15100,0.08807,0.08700,0.15287,0.01159,0.00960,0.16427,0.01564,0.15182,0.00467,0.06717,0.07308,0.00705,0.00820
0.39020,0.01716,0.00791,0.02117,0.35219,0.00752,0.01488,0.00943,0.00594,0.01947,0.00250,0.00770,0.00665,0.06346,0.07383
0.01512,0.25524,0.01195,0.01342,0.10626,0.00508,0.01093,0.11649,0.00400,0.23932,0.00736,0.00645,0.00336,0.10460,0.10042
0.00783,0.08227,0.29126,0.29904,0.00471,0.00653,0.01729,0.00456,0.01486,0.08103,0.00289,0.08828,0.08161,0.00695,0.01090
0.00712,0.00721,0.00601,0.07270,0.00592,0.06938,0.00274,0.10893,0.02754,0.07542,0.00308,0.15683,0.15797,0.14369,0.15546
0.04253,0.02151,0.20937,0.03655,0.03404,0.01390,0.03449,0.00962,0.43459,0.06344,0.03888,0.02185,0.00764,0.01383,0.01773
0.01385,0.00480,0.00558,0.00548,0.01207,0.00399,0.00262,0.00541,0.00445,0.00414,0.00670,0.00898,0.00195,0.44918,0.47081
0.02883,0.03883,0.01382,0.01723,0.01443,0.01317,0.01181,0.00795,0.02659,0.04660,0.33995,0.31700,0.00757,0.05117,0.06505
0.03409,0.04616,0.30214,0.31143,0.01232,0.01079,0.02195,0.02141,0.04291,0.06083,0.00701,0.00973,0.00582,0.05623,0.05716
0.02619,0.03188,0.02130,0.10657,0.09165,0.01979,0.00843,0.00981,0.02783,0.07124,0.04538,0.24844,0.26501,0.01258,0.01388
0.02960,0.18622,0.01865,0.02482,0.02678,0.10341,0.03305,0.06569,0.01323,0.16183,0.01453,0.06450,0.08501,0.08086,0.09181
0.01045,0.00815,0.40567,0.41498,0.00863,0.01560,0.01193,0.00570,0.00654,0.00957,0.00781,0.01622,0.00306,0.03325,0.04244
0.01470,0.01849,0.00737,0.03822,0.01035,0.01194,0.22545,0.00767,0.01319,0.22152,0.20771,0.00384,0.20448,0.00647,0.00860
0.30022,0.00522,0.29494,0.00437,0.00385,0.00378,0.00309,0.35362,0.00319,0.00633,0.00385,0.00421,0.00389,0.00378,0.00566
0.02143,0.02734,0.00797,0.00278,0.02076,0.07504,0.00447,0.07753,0.00704,0.00791,0.00376,0.01169,0.02298,0.34182,0.36747
0.00603,0.01122,0.01142,0.00592,0.01553,0.00450,0.29251,0.00560,0.00385,0.28994,0.00521,0.00725,0.00507,0.16168,0.17426
0.01472,0.01474,0.02355,0.02454,0.01720,0.01940,0.01370,0.01529,0.01214,0.03429,0.01770,0.07588,0.06200,0.31624,0.33861
0.01627,0.00521,0.00497,0.00576,0.21823,0.02033,0.01381,0.24158,0.20259,0.18881,0.01954,0.01983,0.03082,0.00562,0.00662
0.01603,0.01024,0.01324,0.00225,0.02344,0.00381,0.02583,0.00326,0.00392,0.00669,0.00527,0.00442,0.00275,0.42661,0.45224
0.01154,0.00681,0.12277,0.12382,0.00715,0.00954,0.01045,0.00960,0.01040,0.00665,0.00268,0.11438,0.11703,0.22828,0.21887
0.00418,0.00330,0.00529,0.04431,0.00659,0.01932,0.00344,0.04491,0.00346,0.00402,0.00288,0.00352,0.00455,0.42953,0.42073
0.00515,0.27517,0.01769,0.01246,0.01195,0.00657,0.00524,0.00965,0.17250,0.43999,0.00480,0.00854,0.00324,0.01160,0.01545
0.03167,0.40976,0.01297,0.00373,0.00577,0.00292,0.00481,0.37833,0.00672,0.02329,0.00395,0.00671,0.00497,0.04272,0.06167
0.26399,0.10984,0.00577,0.01308,0.01407,0.02034,0.26669,0.01231,0.09167,0.01659,0.00525,0.00710,0.00308,0.07128,0.09892
0.00837,0.03201,0.02328,0.00529,0.00725,0.00543,0.01285,0.01726,0.12178,0.11038,0.05723,0.30957,0.25862,0.01539,0.01528
0.01062,0.01127,0.13999,0.03894,0.12391,0.01996,0.13314,0.03913,0.03682,0.15898,0.00347,0.01531,0.01865,0.12368,0.12611
0.01327,0.03363,0.01355,0.01738,0.03532,0.02434,0.01715,0.02568,0.01247,0.03402,0.28739,0.37269,0.10313,0.00393,0.00604
0.05904,0.06410,0.01575,0.01475,0.25860,0.01101,0.00585,0.03434,0.01299,0.24502,0.01062,0.12006,0.12531,0.00739,0.01515
0.01165,0.00936,0.00723,0.00529,0.41688,0.00437,0.39677,0.00435,0.00545,0.01291,0.00628,0.00327,0.00518,0.06203,0.04899
0.01094,0.32670,0.00459,0.00526,0.00983,0.00633,0.01465,0.00833,0.00982,0.32815,0.00856,0.00628,0.01109,0.11695,0.13251
0.00644,0.00707,0.01430,0.40399,0.00746,0.00853,0.40217,0.01265,0.00861,0.01843,0.00750,0.00602,0.00762,0.04393,0.04530
0.08868,0.32523,0.11671,0.11594,0.00725,0.00653,0.00590,0.00760,0.00996,0.23763,0.00551,0.00683,0.01189,0.02687,0.02746
0.00783,0.00598,0.01398,0.84527,0.01879,0.00540,0.00883,0.00355,0.02618,0.01345,0.00253,0.00563,0.00891,0.01554,0.01813
0.19793,0.01808,0.10207,0.01377,0.18045,0.22948,0.02067,0.01828,0.01312,0.09920,0.01805,0.02543,0.00388,0.02202,0.03756
0.01432,0.00726,0.00824,0.03165,0.03867,0.00711,0.01313,0.00421,0.00977,0.01776,0.00331,0.38374,0.37464,0.04203,0.04415
0.00352,0.08763,0.00522,0.01082,0.00965,0.00433,0.06448,0.01014,0.02086,0.07892,0.00218,0.02089,0.03314,0.31296,0.33527
0.26268,0.00745,0.00771,0.00423,0.26288,0.00425,0.00431,0.01530,0.00681,0.00699,0.00353,0.00722,0.00792,0.19039,0.20830
0.02684,0.02954,0.00403,0.04834,0.07771,0.08329,0.08171,0.08644,0.01791,0.08705,0.06133,0.05567,0.01271,0.15230,0.17513
0.02883,0.02432,0.00559,0.00495,0.00647,0.00917,0.03068,0.30972,0.30303,0.01736,0.02163,0.02151,0.00907,0.10533,0.10233
0.00888,0.01478,0.09681,0.11302,0.01025,0.00774,0.05518,0.03272,0.01484,0.00786,0.00605,0.30984,0.29182,0.01441,0.01581
0.01281,0.00270,0.00393,0.04577,0.00403,0.24614,0.00267,0.18885,0.02017,0.19189,0.00464,0.00728,0.00539,0.12163,0.14210
0.05190,0.01207,0.01464,0.02275,0.27333,0.01766,0.25898,0.01236,0.01718,0.00842,0.01430,0.02889,0.04281,0.10285,0.12186
0.01055,0.12940,0.00492,0.00912,0.18987,0.05122,0.01533,0.14485,0.09693,0.20053,0.05294,0.07385,0.00672,0.00573,0.00804
0.07648,0.02650,0.11441,0.11538,0.06551,0.02605,0.01683,0.03041,0.02091,0.02308,0.01217,0.01579,0.00874,0.20786,0.23988
0.17890,0.02078,0.01088,0.01606,0.02600,0.00730,0.13860,0.01686,0.00752,0.01455,0.00473,0.00477,0.00384,0.25904,0.29017
0.00743,0.01099,0.00631,0.01119,0.00446,0.00315,0.42452,0.00733,0.00517,0.42730,0.00685,0.03511,0.04363,0.00329,0.00328
0.04565,0.06073,0.00642,0.00552,0.00861,0.02911,0.00761,0.01400,0.00552,0.00992,0.34782,0.35981,0.04182,0.02545,0.03202
0.31560,0.04949,0.02263,0.00636,0.18674,0.04027,0.06098,0.05723,0.00565,0.06291,0.00131,0.09390,0.08556,0.00473,0.00665
0.00977,0.20143,0.04829,0.04228,0.09320,0.01291,0.00783,0.09626,0.00246,0.18143,0.01734,0.00476,0.00714,0.13318,0.14172
0.00950,0.00610,0.01278,0.00987,0.01258,0.01409,0.00604,0.01254,0.00865,0.00938,0.09381,0.09986,0.00792,0.33456,0.36232
0.01518,0.03830,0.21616,0.00404,0.03159,0.01506,0.20187,0.00917,0.02761,0.03661,0.00328,0.00919,0.01398,0.18971,0.18825
0.00660,0.23753,0.00412,0.00408,0.00379,0.00733,0.00572,0.22633,0.00225,0.00328,0.00827,0.00723,0.00585,0.22947,0.24814
0.01107,0.01789,0.01829,0.03033,0.18038,0.23541,0.01945,0.23338,0.00627,0.00689,0.02786,0.00670,0.01066,0.10462,0.09081
0.00678,0.54157,0.02668,0.02370,0.02519,0.02615,0.01226,0.00871,0.01099,0.06443,0.00252,0.00470,0.00597,0.11803,0.12231
0.01122,0.00582,0.02039,0.00572,0.00774,0.00300,0.00687,0.87212,0.00901,0.02385,0.00730,0.00342,0.01108,0.00513,0.00732
0.00792,0.00932,0.00850,0.00817,0.03601,0.00582,0.01081,0.00640,0.00755,0.01584,0.00399,0.02321,0.03110,0.39697,0.42839
0.03659,0.01586,0.01759,0.00949,0.01862,0.01896,0.13119,0.01704,0.00809,0.12457,0.01287,0.00402,0.00522,0.27928,0.30062
0.00675,0.18623,0.00606,0.06911,0.14111,0.01051,0.01336,0.50989,0.00838,0.00760,0.00563,0.00586,0.00568,0.01005,0.01379
0.00292,0.00754,0.00275,0.00361,0.00624,0.00850,0.00655,0.00499,0.00225,0.00857,0.00490,0.02831,0.03501,0.42883,0.44904
0.40338,0.01008,0.40004,0.02135,0.00966,0.01247,0.03504,0.00389,0.01655,0.01853,0.00922,0.01037,0.00710,0.01739,0.02495
0.00470,0.46945,0.00385,0.47247,0.01618,0.00259,0.00286,0.00404,0.00374,0.00437,0.00170,0.00223,0.00261,0.00398,0.00523
0.02355,0.01700,0.01881,0.25406,0.00801,0.00705,0.26051,0.00647,0.00482,0.01576,0.00964,0.00516,0.00786,0.17285,0.18845
0.00898,0.00696,0.01337,0.04195,0.01046,0.01496,0.00869,0.01175,0.00568,0.00484,0.43075,0.41177,0.00680,0.00686,0.01617
0.01024,0.01173,0.01096,0.00442,0.00714,0.01096,0.00785,0.00749,0.00585,0.00837,0.00187,0.44314,0.43625,0.01090,0.02282
0.00427,0.06494,0.04770,0.00319,0.00241,0.00234,0.00573,0.00531,0.01000,0.00374,0.00231,0.01407,0.02807,0.38934,0.41660
0.15392,0.17848,0.15162,0.19231,0.05762,0.01691,0.02620,0.00361,0.03576,0.06862,0.00469,0.00927,0.00538,0.05129,0.04434
0.00961,0.01777,0.01421,0.00809,0.00750,0.15808,0.00768,0.15348,0.00935,0.01002,0.00541,0.00327,0.00688,0.29955,0.28912
0.07353,0.02175,0.02711,0.03536,0.00706,0.01017,0.38001,0.03385,0.01160,0.36947,0.00309,0.00332,0.00285,0.01132,0.00953
0.13158,0.18080,0.07557,0.13754,0.06931,0.03127,0.02007,0.29631,0.01376,0.00999,0.00450,0.00445,0.00236,0.00950,0.01298
0.07058,0.01732,0.04554,0.02470,0.01105,0.01359,0.00840,0.01991,0.00871,0.01246,0.03630,0.04140,0.00359,0.33103,0.35544
0.02315,0.02644,0.01126,0.00783,0.05773,0.01560,0.00900,0.04728,0.00363,0.00313,0.00455,0.39208,0.37708,0.01001,0.01124
0.01017,0.19534,0.04914,0.06374,0.17146,0.01207,0.01463,0.16148,0.00724,0.17925,0.00483,0.00469,0.00540,0.05942,0.06113
0.00949,0.01826,0.15218,0.14797,0.05164,0.01111,0.01374,0.06127,0.00528,0.01846,0.00774,0.03245,0.03558,0.20551,0.22931
0.14335,0.00827,0.01215,0.02163,0.12836,0.06865,0.02841,0.00634,0.01049,0.07242,0.00239,0.00964,0.01159,0.22852,0.24777
0.00429,0.00948,0.01326,0.01291,0.01405,0.00815,0.23407,0.02078,0.00380,0.23751,0.00457,0.03006,0.02958,0.18568,0.19182
0.08957,0.09850,0.00580,0.00525,0.01003,0.00638,0.03094,0.00761,0.02240,0.01053,0.00805,0.31561,0.29870,0.03563,0.05501
0.01934,0.05660,0.00543,0.00427,0.40375,0.02968,0.00622,0.39553,0.00588,0.03270,0.00446,0.00518,0.00313,0.01051,0.01733
0.01903,0.02232,0.01798,0.13504,0.13509,0.01621,0.01475,0.02617,0.02953,0.04039,0.25995,0.25654,0.00611,0.01014,0.01074
0.09330,0.21379,0.02513,0.00655,0.09556,0.04651,0.03169,0.18933,0.01775,0.03882,0.00895,0.00738,0.01519,0.10582,0.10422
0.15768,0.04403,0.02160,0.19516,0.34239,0.01637,0.01652,0.03999,0.02217,0.05559,0.00520,0.00528,0.00637,0.03201,0.03964
0.03336,0.01965,0.00563,0.00690,0.20607,0.00450,0.01070,0.21667,0.00848,0.00770,0.00525,0.20247,0.18672,0.03393,0.05197
0.03412,0.39384,0.00493,0.00297,0.01221,0.00245,0.00920,0.37904,0.00579,0.02072,0.01371,0.01041,0.01096,0.04183,0.05782
0.45234,0.00963,0.00564,0.00397,0.43179,0.00608,0.00568,0.01003,0.00419,0.00969,0.00555,0.00592,0.00560,0.01323,0.03067
0.00887,0.00752,0.00426,0.01239,0.13018,0.13937,0.01440,0.01828,0.00430,0.01092,0.02542,0.02154,0.01997,0.28396,0.29861
0.01610,0.04545,0.06363,0.03543,0.02143,0.01216,0.07123,0.01026,0.01418,0.05712,0.11255,0.29956,0.20054,0.01750,0.02285
0.00412,0.13222,0.01568,0.13862,0.05284,0.01042,0.02453,0.00819,0.08377,0.02185,0.17043,0.17124,0.00669,0.07363,0.08578
0.14834,0.00645,0.00831,0.04309,0.30518,0.18405,0.00710,0.07926,0.04116,0.06871,0.02907,0.03343,0.01197,0.01766,0.01622
0.38212,0.01900,0.00459,0.00497,0.43107,0.04511,0.00391,0.06223,0.00748,0.00712,0.00407,0.01292,0.00455,0.00468,0.00617
0.00389,0.46140,0.00724,0.00370,0.00734,0.00586,0.00558,0.46144,0.00647,0.00873,0.00592,0.00387,0.00250,0.00669,0.00938
0.08858,0.02124,0.01592,0.32201,0.38379,0.00969,0.05777,0.00952,0.00765,0.00848,0.00615,0.00734,0.01012,0.02595,0.02579
0.00731,0.14401,0.12274,0.12187,0.00538,0.00718,0.00714,0.01414,0.00491,0.14296,0.00236,0.00770,0.00380,0.19331,0.21519
0.00477,0.03850,0.02168,0.05269,0.07557,0.01080,0.07517,0.00363,0.03339,0.02319,0.03645,0.01838,0.02182,0.27756,0.30638
0.07013,0.15211,0.00861,0.00521,0.08379,0.01119,0.06671,0.13243,0.03312,0.28692,0.00412,0.06336,0.06636,0.00663,0.00933
0.01551,0.05142,0.05028,0.00655,0.01494,0.06666,0.01696,0.10045,0.01429,0.02626,0.01550,0.13258,0.13375,0.16689,0.18796
0.00709,0.03835,0.01540,0.03505,0.02760,0.04914,0.05309,0.02409,0.01005,0.06835,0.00282,0.28523,0.27436,0.05283,0.05653
0.01036,0.03407,0.01160,0.01389,0.03413,0.00995,0.02431,0.60062,0.01747,0.02495,0.00427,0.00469,0.00732,0.09417,0.10820
0.36911,0.00777,0.12229,0.08836,0.36855,0.00283,0.00542,0.00645,0.00249,0.00598,0.00600,0.00395,0.00455,0.00272,0.00353
0.07032,0.08856,0.01945,0.20909,0.22146,0.02178,0.03366,0.06678,0.00900,0.05200,0.00405,0.00598,0.00960,0.09122,0.09704
0.00839,0.00425,0.00843,0.01154,0.00378,0.00680,0.03518,0.66492,0.01522,0.00475,0.08533,0.08485,0.00721,0.02699,0.03236
0.01535,0.09034,0.01116,0.00566,0.00410,0.01211,0.01542,0.02760,0.00337,0.02754,0.05403,0.05156,0.00909,0.32156,0.35111
0.00606,0.00406,0.05242,0.02427,0.02643,0.02848,0.00562,0.09563,0.00480,0.00428,0.00791,0.01568,0.00300,0.34290,0.37846
0.35266,0.00721,0.35163,0.00588,0.03896,0.00503,0.05593,0.00227,0.00297,0.01040,0.00465,0.00456,0.00230,0.06369,0.09186
0.13905,0.27858,0.01673,0.27302,0.01539,0.10003,0.00837,0.06526,0.04249,0.01477,0.00952,0.02159,0.00872,0.00286,0.00360
0.00375,0.00538,0.00391,0.00355,0.00548,0.00391,0.00274,0.15790,0.00587,0.00796,0.00188,0.39929,0.39002,0.00358,0.00478
0.02478,0.02021,0.02680,0.02159,0.00857,0.00605,0.04170,0.00616,0.01708,0.01807,0.00281,0.00677,0.00671,0.39965,0.39306
0.00725,0.01193,0.00683,0.00420,0.01259,0.02702,0.01357,0.03018,0.00564,0.01357,0.00488,0.28202,0.27030,0.14939,0.16062
0.01484,0.01262,0.01383,0.16070,0.18195,0.00739,0.02347,0.18659,0.17588,0.01066,0.00856,0.01965,0.00379,0.08917,0.09090
0.02101,0.05001,0.08341,0.22780,0.18208,0.02491,0.03688,0.03663,0.07558,0.03919,0.08819,0.08850,0.01477,0.01429,0.01676
0.00391,0.02126,0.00358,0.00541,0.00672,0.00619,0.00328,0.00597,0.00779,0.00650,0.00367,0.21959,0.22644,0.23146,0.24824
0.00698,0.02087,0.01187,0.01192,0.00875,0.00784,0.01079,0.00849,0.00621,0.00807,0.00448,0.44748,0.43824,0.00382,0.00418
0.02663,0.01200,0.02662,0.00921,0.05509,0.09614,0.03842,0.03581,0.04104,0.04199,0.01357,0.27072,0.25866,0.03122,0.04289
0.01446,0.04713,0.07798,0.07557,0.19636,0.17973,0.01609,0.01462,0.01588,0.04830,0.03811,0.06190,0.01029,0.09855,0.10503
0.03277,0.19820,0.01661,0.05085,0.03443,0.00412,0.03416,0.21558,0.00911,0.07997,0.00885,0.12050,0.11690,0.02724,0.05070
0.04028,0.08167,0.04679,0.03627,0.33501,0.32864,0.02120,0.00693,0.02542,0.02564,0.00941,0.01472,0.00502,0.01159,0.01142
0.00815,0.01592,0.45192,0.45387,0.00548,0.00737,0.00496,0.00823,0.00320,0.00577,0.00266,0.00832,0.00673,0.00908,0.00835
0.00834,0.13763,0.00569,0.00306,0.06070,0.00828,0.00576,0.05707,0.02366,0.15716,0.02158,0.02092,0.00911,0.22109,0.25995
0.01009,0.00573,0.00706,0.00486,0.00229,0.00964,0.00845,0.00398,0.00587,0.00969,0.01294,0.10720,0.10001,0.33695,0.37525
0.46406,0.00810,0.00602,0.01532,0.45118,0.00500,0.00359,0.00882,0.00625,0.01084,0.00335,0.00425,0.00262,0.00468,0.00592
0.02360,0.20202,0.07190,0.02704,0.01133,0.09266,0.02547,0.28241,0.00800,0.01853,0.01092,0.09221,0.08244,0.02179,0.02967
0.02357,0.22063,0.00677,0.00188,0.00808,0.00275,0.01575,0.22210,0.00974,0.15420,0.00137,0.00258,0.00153,0.14191,0.18715
0.03022,0.00990,0.13205,0.15210,0.05532,0.00774,0.01715,0.01455,0.00509,0.01228,0.01554,0.19621,0.19140,0.08047,0.07999
0.00827,0.02240,0.00837,0.00483,0.00946,0.00476,0.01512,0.00958,0.01703,0.00673,0.00312,0.30337,0.29449,0.13877,0.15371
0.33586,0.29448,0.07967,0.07978,0.01751,0.02234,0.00923,0.01463,0.01774,0.01784,0.01075,0.03541,0.01701,0.02496,0.02279
0.00623,0.00629,0.00641,0.17318,0.16219,0.00248,0.00272,0.20716,0.19768,0.00413,0.00275,0.08201,0.06575,0.03466,0.04637
0.00723,0.38797,0.00484,0.00432,0.00519,0.00325,0.00450,0.00360,0.37868,0.00361,0.00309,0.00759,0.00281,0.09367,0.08965
0.05023,0.08541,0.00939,0.00985,0.03253,0.03991,0.01703,0.00880,0.14620,0.16806,0.04510,0.09500,0.10303,0.09897,0.09049
0.00726,0.07819,0.06495,0.01856,0.01311,0.01195,0.01031,0.02351,0.12065,0.11008,0.04818,0.24199,0.20293,0.02576,0.02258
0.00819,0.00920,0.00861,0.00692,0.00336,0.00772,0.02803,0.00901,0.00832,0.00589,0.00140,0.01304,0.01649,0.41738,0.45643
0.14000,0.01605,0.15031,0.01991,0.01970,0.00809,0.01364,0.00624,0.02176,0.00779,0.06565,0.18960,0.11334,0.10643,0.12148
0.00703,0.00842,0.01147,0.01263,0.00843,0.00737,0.00416,0.01445,0.00754,0.00521,0.11846,0.11903,0.02707,0.32216,0.32658
0.00328,0.00912,0.34347,0.33897,0.00768,0.05331,0.00863,0.03567,0.00483,0.00565,0.00693,0.06522,0.05615,0.03300,0.02809
0.03017,0.00684,0.00638,0.00369,0.05891,0.04533,0.00490,0.00680,0.08961,0.09806,0.00348,0.00782,0.00338,0.30708,0.32755
0.01765,0.09575,0.02305,0.11396,0.03125,0.01792,0.01213,0.00607,0.01209,0.02424,0.00593,0.00974,0.01315,0.31663,0.30044
0.00817,0.38904,0.00429,0.00401,0.08087,0.00609,0.00631,0.07060,0.00288,0.36934,0.00461,0.00877,0.01324,0.01429,0.01748
0.01774,0.61287,0.16174,0.00781,0.00453,0.00752,0.00363,0.00538,0.00756,0.11279,0.01029,0.01057,0.00300,0.00902,0.02555
0.00559,0.01619,0.00705,0.00938,0.01457,0.00904,0.02255,0.02890,0.01097,0.01141,0.43053,0.40769,0.01731,0.00360,0.00521
0.30678,0.31081,0.03300,0.00764,0.02315,0.00640,0.01505,0.04444,0.00633,0.03123,0.00362,0.00708,0.01762,0.08435,0.10250
0.01152,0.01211,0.01521,0.03315,0.01006,0.01620,0.02104,0.02122,0.01426,0.01686,0.00821,0.01695,0.02545,0.39143,0.38633
0.09738,0.08876,0.00434,0.00395,0.00629,0.00251,0.00380,0.00192,0.00241,0.00815,0.00254,0.00351,0.00255,0.36738,0.40450
0.00726,0.00450,0.02634,0.01431,0.04244,0.00692,0.00962,0.01176,0.00998,0.04813,0.26141,0.30880,0.10501,0.06859,0.07494
0.00229,0.00603,0.00355,0.00401,0.00539,0.46074,0.00462,0.47021,0.00419,0.01093,0.00244,0.00407,0.00238,0.00943,0.00972
0.01101,0.00684,0.00559,0.00840,0.00355,0.00524,0.00204,0.00885,0.00799,0.00894,0.46654,0.45156,0.00369,0.00408,0.00567
0.01514,0.03328,0.23821,0.23702,0.09039,0.00904,0.00900,0.08348,0.00928,0.02879,0.00546,0.01137,0.01355,0.10457,0.11141
0.00935,0.00842,0.02311,0.08084,0.00864,0.00786,0.08465,0.01897,0.00568,0.01086,0.00286,0.00473,0.00435,0.35820,0.37147
0.01226,0.00502,0.01220,0.02966,0.01475,0.01651,0.00986,0.00409,0.00806,0.01326,0.01267,0.17861,0.16719,0.24865,0.26723
0.00643,0.52267,0.00349,0.00886,0.00631,0.00559,0.00485,0.00869,0.00515,0.00460,0.00659,0.01205,0.00707,0.19395,0.20370
0.02577,0.01773,0.41196,0.41654,0.03516,0.00846,0.01038,0.02203,0.00509,0.01132,0.00586,0.01075,0.00333,0.00619,0.00941
0.01539,0.01198,0.01888,0.01659,0.00828,0.00915,0.29928,0.00883,0.25802,0.04950,0.00894,0.03601,0.02220,0.10681,0.13014
0.00784,0.87135,0.00322,0.00584,0.00311,0.00433,0.00398,0.00522,0.00416,0.00340,0.03622,0.02958,0.00424,0.01057,0.00692
0.00695,0.44826,0.00475,0.16801,0.33270,0.00441,0.00375,0.00214,0.00214,0.00414,0.00434,0.00428,0.00433,0.00419,0.00562
0.28267,0.00291,0.26185,0.00508,0.00416,0.00339,0.00324,0.00771,0.00453,0.00420,0.19736,0.19408,0.01099,0.00566,0.01218
0.03181,0.10283,0.03318,0.12472,0.01046,0.01518,0.03122,0.42860,0.01405,0.05515,0.00597,0.01022,0.01189,0.05602,0.06871
0.01857,0.06370,0.08858,0.02926,0.00792,0.02088,0.28298,0.01085,0.02644,0.27526,0.00638,0.02544,0.03057,0.05019,0.06298
0.00461,0.00235,0.01178,0.00758,0.01397,0.00591,0.00760,0.02903,0.00701,0.00732,0.05224,0.06042,0.00587,0.37788,0.40643
0.01222,0.21410,0.00871,0.01699,0.31970,0.02151,0.30974,0.00702,0.00929,0.01690,0.00493,0.01704,0.01764,0.01179,0.01241
0.17721,0.01861,0.17407,0.00855,0.00971,0.02364,0.05684,0.01722,0.01792,0.03430,0.20530,0.19738,0.00344,0.02622,0.02959
0.01201,0.10412,0.00864,0.02634,0.01506,0.00590,0.01594,0.10132,0.00393,0.00957,0.14021,0.09863,0.04028,0.19853,0.21952
0.00979,0.01439,0.01172,0.00756,0.01680,0.00837,0.20784,0.01058,0.00901,0.18697,0.21574,0.23361,0.04304,0.01242,0.01215
0.00617,0.01292,0.00586,0.00473,0.00778,0.00576,0.00644,0.00658,0.00409,0.00554,0.46932,0.45104,0.00134,0.00567,0.00677
0.02630,0.10626,0.01720,0.01512,0.04220,0.01771,0.01903,0.10764,0.00946,0.03652,0.14535,0.13877,0.00858,0.14275,0.16711
0.00932,0.80407,0.01816,0.01116,0.00840,0.01511,0.00606,0.03577,0.02283,0.01984,0.00569,0.00757,0.00488,0.01555,0.01559
0.07674,0.07859,0.02850,0.02130,0.02439,0.13279,0.01959,0.12216,0.01320,0.02480,0.02701,0.09498,0.10737,0.10768,0.12092
0.31417,0.03767,0.31763,0.01788,0.13209,0.02555,0.03999,0.02650,0.03596,0.01938,0.00765,0.00879,0.00430,0.00466,0.00778
0.00662,0.00704,0.00543,0.00744,0.14923,0.01701,0.13325,0.00839,0.00608,0.24981,0.01646,0.10865,0.10884,0.08661,0.08916
0.02230,0.12225,0.04076,0.03064,0.11639,0.02127,0.12179,0.02635,0.03236,0.19401,0.01036,0.00562,0.00535,0.11950,0.13105
0.00922,0.23581,0.01240,0.23699,0.00468,0.01316,0.00825,0.00361,0.00772,0.01570,0.01501,0.21997,0.20303,0.00690,0.00756
0.00988,0.30061,0.00730,0.30884,0.01043,0.00395,0.01498,0.30212,0.00527,0.00675,0.00727,0.00232,0.00734,0.00522,0.00771
0.06091,0.16610,0.01930,0.28619,0.00913,0.01204,0.04623,0.08730,0.10019,0.02398,0.02505,0.09494,0.05461,0.00822,0.00579
0.10695,0.24016,0.31527,0.00794,0.03003,0.00473,0.04517,0.01417,0.00630,0.20231,0.00505,0.00318,0.00599,0.00541,0.00732
0.21503,0.00712,0.00693,0.14181,0.20030,0.02547,0.12406,0.00466,0.00371,0.01400,0.06529,0.07147,0.00538,0.05400,0.06076
0.08927,0.14551,0.00859,0.00775,0.01353,0.05951,0.03750,0.01743,0.01475,0.13674,0.00861,0.03938,0.04389,0.19158,0.18594
0.08058,0.09420,0.01028,0.02167,0.01356,0.15330,0.00771,0.15930,0.01259,0.00892,0.02446,0.01580,0.02560,0.18333,0.18872
0.00287,0.00409,0.00299,0.00276,0.00353,0.00338,0.00265,0.00271,0.48181,0.47845,0.00149,0.00265,0.00327,0.00369,0.00363
0.00678,0.56280,0.00779,0.01072,0.06972,0.01852,0.08352,0.01340,0.00971,0.00677,0.00285,0.00626,0.00255,0.09567,0.10295
0.36372,0.00704,0.00443,0.01759,0.06493,0.09812,0.00375,0.02233,0.00863,0.36148,0.00575,0.01424,0.00985,0.01113,0.00701
0.00830,0.01066,0.05197,0.05875,0.00633,0.00405,0.00596,0.00726,0.00739,0.00567,0.09207,0.10295,0.02830,0.31477,0.29555
0.00763,0.02134,0.01557,0.01234,0.02029,0.00783,0.01363,0.01263,0.00605,0.03024,0.02250,0.01180,0.01186,0.38961,0.41668
0.01192,0.06793,0.01661,0.04804,0.01239,0.03483,0.02437,0.03232,0.01408,0.01747,0.00685,0.00616,0.00935,0.35692,0.34076
0.00598,0.00647,0.00363,0.06292,0.06751,0.00502,0.00863,0.00553,0.00559,0.00471,0.01543,0.02002,0.02063,0.38765,0.38026
0.09354,0.02805,0.00761,0.06274,0.09415,0.00296,0.07302,0.00322,0.00236,0.00435,0.00353,0.00481,0.00817,0.29472,0.31675
0.04339,0.20165,0.04678,0.00949,0.15031,0.02915,0.02763,0.22054,0.04785,0.02983,0.00639,0.08193,0.08241,0.01028,0.01237
0.39430,0.01552,0.01384,0.01423,0.01122,0.01282,0.04099,0.00883,0.02225,0.36680,0.02146,0.01554,0.03010,0.01326,0.01884
0.07207,0.01525,0.02582,0.02336,0.03092,0.01175,0.02175,0.01706,0.00673,0.01454,0.00493,0.02506,0.03724,0.33298,0.36056
0.01301,0.07749,0.01007,0.03376,0.10294,0.01426,0.08778,0.01535,0.00909,0.01700,0.08560,0.00657,0.07680,0.22892,0.22136
0.00919,0.01289,0.02765,0.03400,0.00576,0.00303,0.01402,0.00496,0.00483,0.01698,0.00214,0.00661,0.01199,0.41007,0.43590
0.37432,0.01185,0.03407,0.01546,0.35634,0.07780,0.01455,0.01236,0.00475,0.02144,0.00301,0.00269,0.00389,0.02949,0.03800
0.00456,0.01362,0.01441,0.01711,0.01074,0.02043,0.00936,0.01439,0.01633,0.02247,0.06121,0.40105,0.33348,0.02619,0.03465
0.01536,0.05617,0.02883,0.04057,0.01604,0.01692,0.37462,0.03466,0.02190,0.35923,0.00723,0.00566,0.00512,0.00979,0.00789
0.00994,0.00710,0.00866,0.00727,0.00655,0.20853,0.00360,0.20924,0.00308,0.00782,0.03818,0.04540,0.00351,0.21142,0.22969
0.08113,0.02114,0.11590,0.12339,0.01245,0.01362,0.02702,0.02277,0.00429,0.01546,0.01178,0.02471,0.01551,0.24331,0.26753
0.01992,0.01972,0.01367,0.00498,0.04146,0.02252,0.01364,0.01609,0.01125,0.05673,0.12547,0.12391,0.00724,0.24488,0.27850
0.00690,0.00842,0.00558,0.00979,0.00650,0.00870,0.01068,0.05669,0.04437,0.00644,0.00651,0.40728,0.38574,0.01667,0.01974
0.14292,0.01322,0.14197,0.01476,0.01808,0.08407,0.00916,0.08813,0.01043,0.00866,0.00778,0.22709,0.21949,0.00757,0.00667
0.05208,0.05739,0.00357,0.00467,0.02620,0.04290,0.02197,0.00929,0.01610,0.02836,0.00677,0.00991,0.00851,0.35290,0.35939
0.00828,0.01712,0.08205,0.06425,0.09287,0.00422,0.01129,0.12008,0.28178,0.27785,0.00378,0.00987,0.00379,0.00952,0.01325
0.47480,0.00850,0.45705,0.00726,0.00570,0.00318,0.00468,0.00305,0.00394,0.00703,0.00162,0.00674,0.00922,0.00272,0.00451
0.00452,0.15060,0.01094,0.00788,0.00584,0.01244,0.00494,0.14812,0.00350,0.00527,0.00272,0.21359,0.21197,0.10076,0.11692
0.01380,0.04278,0.00435,0.03975,0.00746,0.07270,0.00766,0.00698,0.01680,0.02653,0.19893,0.30363,0.11647,0.07407,0.06809
0.00445,0.02799,0.02483,0.01034,0.00928,0.02473,0.00820,0.14502,0.17636,0.06958,0.01080,0.01401,0.00681,0.21326,0.25434
0.00601,0.26856,0.00606,0.11253,0.17788,0.00615,0.01940,0.09927,0.01088,0.00750,0.00331,0.02096,0.02405,0.11307,0.12438
0.00416,0.40369,0.00330,0.00672,0.00310,0.00106,0.00282,0.28821,0.26693,0.00533,0.00140,0.00357,0.00282,0.00342,0.00347
0.01889,0.00645,0.00613,0.00645,0.42741,0.42266,0.01161,0.00891,0.00849,0.00511,0.01715,0.03359,0.00776,0.01151,0.00788
0.05432,0.01256,0.01445,0.01590,0.00878,0.03368,0.01335,0.04064,0.01525,0.04213,0.15127,0.15366,0.00786,0.20652,0.22964
0.11869,0.00694,0.10987,0.00540,0.33656,0.00403,0.00916,0.00352,0.34208,0.00565,0.00435,0.01525,0.01965,0.00881,0.01004
0.00707,0.41758,0.00289,0.00428,0.26081,0.00562,0.26438,0.00651,0.00703,0.00353,0.00233,0.00319,0.00282,0.00606,0.00589
0.01341,0.00643,0.31079,0.30521,0.03259,0.03583,0.01071,0.00563,0.01071,0.00532,0.10890,0.00379,0.13038,0.00962,0.01069
0.01398,0.28491,0.02109,0.13933,0.01728,0.02070,0.01199,0.29473,0.01495,0.01703,0.00486,0.01049,0.01030,0.06319,0.07518
0.01093,0.01562,0.21827,0.21928,0.01681,0.00812,0.02011,0.01017,0.00664,0.00867,0.14763,0.13724,0.01795,0.07872,0.08385
0.00521,0.00607,0.00668,0.45556,0.46103,0.01080,0.00572,0.01171,0.00765,0.00395,0.00248,0.00413,0.00425,0.00676,0.00799
0.00776,0.01038,0.00527,0.00698,0.01708,0.02168,0.00580,0.00771,0.00879,0.01090,0.39121,0.00296,0.39692,0.05214,0.05441
0.01887,0.01752,0.01204,0.03361,0.00953,0.00580,0.02596,0.01091,0.00631,0.01095,0.00385,0.01781,0.01558,0.39157,0.41969
0.00724,0.00313,0.05067,0.04231,0.41920,0.41863,0.00446,0.00630,0.00463,0.00364,0.00939,0.00697,0.01211,0.00451,0.00681
0.12638,0.25201,0.10809,0.00528,0.25174,0.00344,0.00597,0.02466,0.01008,0.00694,0.00190,0.00157,0.00415,0.09562,0.10218
0.00352,0.00657,0.01529,0.02800,0.01953,0.01069,0.00921,0.00596,0.00437,0.00763,0.32992,0.33373,0.00970,0.09782,0.11806
0.01832,0.01213,0.14264,0.14397,0.29488,0.01222,0.00960,0.31753,0.00554,0.01135,0.00882,0.00642,0.00757,0.00465,0.00437
0.03607,0.00991,0.01001,0.01234,0.01879,0.00786,0.03646,0.03013,0.00769,0.00804,0.00624,0.40968,0.39945,0.00410,0.00321
0.01220,0.32567,0.00797,0.29667,0.06924,0.00725,0.01212,0.00515,0.00788,0.02762,0.00515,0.01426,0.01672,0.08792,0.10417
0.13379,0.12325,0.00916,0.02887,0.01394,0.01258,0.00884,0.00377,0.01642,0.01969,0.16870,0.16510,0.02567,0.13871,0.13150
0.01639,0.12845,0.00363,0.00661,0.15268,0.00943,0.03609,0.13329,0.01688,0.11434,0.00410,0.18282,0.18681,0.00344,0.00504
0.00957,0.04578,0.02023,0.01402,0.16769,0.00726,0.11950,0.01659,0.00984,0.24733,0.00698,0.01066,0.01881,0.14773,0.15801
0.03874,0.10903,0.11367,0.03490,0.01614,0.01565,0.01491,0.07242,0.02783,0.11051,0.08883,0.09607,0.03092,0.10541,0.12497
0.00860,0.01214,0.00526,0.03492,0.00958,0.00742,0.00659,0.01985,0.01103,0.00775,0.00295,0.44158,0.42974,0.00129,0.00128
0.00753,0.00741,0.00542,0.00658,0.04836,0.04734,0.40921,0.00620,0.00516,0.40832,0.00649,0.01436,0.01017,0.00873,0.00871
0.00908,0.00201,0.00849,0.00458,0.01908,0.00484,0.03352,0.00694,0.00463,0.00459,0.00224,0.00494,0.00557,0.43303,0.45648
0.17874,0.03368,0.02619,0.01558,0.17547,0.01079,0.01578,0.02826,0.01009,0.04043,0.02099,0.22544,0.19785,0.00908,0.01163
0.03034,0.18910,0.01537,0.22007,0.00290,0.02170,0.01353,0.00348,0.01998,0.03381,0.00468,0.00695,0.00499,0.20639,0.22672
0.31764,0.31755,0.00942,0.00270,0.00979,0.00578,0.00359,0.01491,0.00980,0.01408,0.01179,0.02163,0.02521,0.11871,0.11738
0.00461,0.69302,0.00403,0.00731,0.00797,0.00472,0.00594,0.00338,0.00572,0.00488,0.00885,0.01399,0.00488,0.11477,0.11591
0.22979,0.01417,0.05168,0.02911,0.02343,0.01522,0.04454,0.25332,0.24024,0.02261,0.02236,0.00477,0.00649,0.01731,0.02494
0.00686,0.01034,0.00354,0.00361,0.00924,0.00699,0.00472,0.00377,0.02021,0.01650,0.23398,0.41856,0.25085,0.00592,0.00492
0.01059,0.27700,0.00914,0.03484,0.03503,0.15768,0.02564,0.00561,0.01861,0.10229,0.00589,0.01476,0.01773,0.13559,0.14958
0.03939,0.12628,0.03327,0.02692,0.23294,0.01650,0.05177,0.03351,0.01330,0.25322,0.01641,0.03254,0.04500,0.03721,0.04173
0.00445,0.08261,0.04774,0.00444,0.00456,0.00296,0.00286,0.00622,0.00442,0.06796,0.00206,0.05755,0.05033,0.32260,0.33924
