0.00878,0.06093,0.47398,0.00875,0.00685,0.00201,0.06607,0.02472,0.00886,0.33905
0.00238,0.12828,0.17505,0.00941,0.01521,0.00311,0.10936,0.02464,0.01950,0.51305
0.01429,0.00239,0.00315,0.00309,0.00583,0.00629,0.04947,0.89886,0.00356,0.01308
0.01261,0.01596,0.01773,0.01151,0.08627,0.01352,0.15499,0.11482,0.00318,0.56940
0.00231,0.00300,0.00163,0.00178,0.00988,0.00258,0.05502,0.91262,0.00282,0.00836
0.01012,0.00236,0.00260,0.00177,0.00266,0.01103,0.11466,0.82850,0.01299,0.01332
0.00432,0.01169,0.00375,0.00546,0.00163,0.01777,0.23215,0.00268,0.00188,0.71866
0.02169,0.00412,0.01491,0.03388,0.00233,0.00346,0.00818,0.88431,0.00565,0.02149
0.00129,0.35091,0.63149,0.00087,0.00167,0.00113,0.00454,0.00279,0.00149,0.00382
0.00151,0.00140,0.00044,0.00079,0.00894,0.00899,0.01551,0.95718,0.00399,0.00125
0.00674,0.17137,0.23016,0.00260,0.00236,0.00808,0.01302,0.49191,0.03766,0.03610
0.00392,0.14839,0.78565,0.00531,0.00837,0.00482,0.00494,0.00667,0.01910,0.01282
0.00314,0.00234,0.00153,0.00161,0.00225,0.03091,0.11611,0.82978,0.00546,0.00685
0.00081,0.25035,0.73836,0.00066,0.00074,0.00056,0.00246,0.00214,0.00133,0.00259
0.00712,0.01080,0.05621,0.00528,0.00199,0.00375,0.25191,0.00583,0.00332,0.65380
0.01290,0.03996,0.01538,0.00589,0.02092,0.00589,0.02251,0.82301,0.01903,0.03451
0.00483,0.02644,0.00975,0.00382,0.00434,0.00967,0.03292,0.50036,0.00385,0.40403
0.00331,0.00193,0.00140,0.00592,0.00575,0.00898,0.10925,0.85257,0.00673,0.00415
0.00361,0.31087,0.64321,0.00118,0.00183,0.00274,0.01242,0.01056,0.00588,0.00770
0.00271,0.00154,0.00049,0.00106,0.00503,0.04286,0.01681,0.90771,0.02031,0.00148
0.00204,0.25051,0.63457,0.00353,0.00135,0.00213,0.02426,0.04688,0.01135,0.02338
0.00064,0.25466,0.73042,0.00075,0.00060,0.00050,0.00799,0.00229,0.00070,0.00146
0.00999,0.02621,0.10852,0.00452,0.01117,0.00406,0.06969,0.22721,0.00420,0.53443
0.00129,0.00139,0.00052,0.00106,0.00551,0.00670,0.03058,0.94893,0.00269,0.00133
0.00542,0.00400,0.00295,0.00317,0.00449,0.00274,0.04402,0.90664,0.00598,0.02059
0.00464,0.00282,0.00389,0.00344,0.00229,0.00440,0.01517,0.95571,0.00303,0.00460
0.00691,0.00708,0.00589,0.01592,0.01681,0.00663,0.00775,0.66472,0.00579,0.26249
0.00099,0.21554,0.77024,0.00068,0.00078,0.00092,0.00518,0.00302,0.00061,0.00204
0.00983,0.00426,0.00204,0.00149,0.00333,0.00469,0.07649,0.88340,0.00423,0.01023
0.00145,0.00145,0.00077,0.00193,0.00841,0.00286,0.08192,0.89628,0.00358,0.00135
0.00440,0.00558,0.00144,0.00138,0.00926,0.03065,0.07864,0.80495,0.05145,0.01224
0.02053,0.18774,0.00681,0.00558,0.00489,0.01028,0.01221,0.50621,0.00258,0.24318
0.00324,0.00297,0.00231,0.00231,0.00308,0.00314,0.05679,0.87604,0.02882,0.02132
0.00248,0.00120,0.00060,0.00072,0.00235,0.00391,0.05150,0.92923,0.00633,0.00168
0.00094,0.20388,0.77742,0.00102,0.00114,0.00103,0.00630,0.00332,0.00196,0.00299
0.00288,0.31709,0.60510,0.00155,0.00206,0.00290,0.00425,0.02398,0.02839,0.01179
0.63221,0.35636,0.00144,0.00064,0.00083,0.00171,0.00235,0.00169,0.00092,0.00186
0.02359,0.12318,0.00411,0.00359,0.00692,0.02100,0.00602,0.77413,0.00369,0.03377
0.00834,0.00566,0.00188,0.00304,0.01423,0.01149,0.06788,0.84761,0.00392,0.03594
0.09082,0.02427,0.00731,0.00684,0.00588,0.20519,0.00793,0.60590,0.02606,0.01979
0.00556,0.00428,0.00201,0.00347,0.01544,0.00554,0.02377,0.92193,0.01494,0.00306
0.03892,0.17920,0.00433,0.00696,0.00879,0.00954,0.00483,0.67697,0.00496,0.06549
0.00394,0.00858,0.00258,0.00258,0.00554,0.00623,0.00964,0.75038,0.00883,0.20170
0.00203,0.14456,0.82198,0.00110,0.00108,0.00231,0.00656,0.00760,0.00659,0.00618
0.00520,0.00960,0.00879,0.00982,0.00300,0.01086,0.18099,0.00619,0.00188,0.76367
0.00533,0.00276,0.00191,0.00274,0.02545,0.00546,0.02851,0.84354,0.00937,0.07492
0.00224,0.00561,0.00216,0.00559,0.00124,0.00513,0.19235,0.00295,0.00116,0.78157
0.00407,0.02551,0.03920,0.00961,0.00206,0.00557,0.23863,0.00359,0.00175,0.67003
0.00115,0.24556,0.71117,0.00098,0.00208,0.00126,0.02491,0.00426,0.00162,0.00700
0.01215,0.00367,0.00363,0.00445,0.00447,0.00322,0.01334,0.83415,0.00391,0.11701
0.00278,0.37961,0.41133,0.00167,0.00203,0.00485,0.02364,0.00999,0.00828,0.15584
0.09742,0.00692,0.00926,0.05660,0.00593,0.00645,0.08821,0.38626,0.00305,0.33988
0.68494,0.25158,0.00252,0.00214,0.00179,0.00351,0.02334,0.01318,0.00239,0.01461
0.01473,0.00403,0.00373,0.00270,0.02348,0.00898,0.05219,0.82303,0.00204,0.06508
0.10189,0.03835,0.01887,0.00546,0.01888,0.01527,0.01598,0.74435,0.01036,0.03058
0.00443,0.00731,0.00926,0.00160,0.00578,0.00267,0.03225,0.85973,0.00283,0.07413
0.00325,0.00114,0.00076,0.00108,0.00278,0.07702,0.02392,0.88396,0.00470,0.00138
0.00184,0.00262,0.02989,0.49951,0.00185,0.10901,0.02356,0.32306,0.00536,0.00330
0.00223,0.16107,0.63510,0.00196,0.00334,0.00374,0.03338,0.12033,0.02136,0.01749
0.91562,0.06881,0.00216,0.00123,0.00163,0.00134,0.00314,0.00329,0.00103,0.00177
0.09355,0.03291,0.08516,0.00761,0.00582,0.01608,0.02566,0.50652,0.04181,0.18487
0.00280,0.00950,0.17849,0.02223,0.03377,0.00229,0.19445,0.04933,0.00221,0.50494
0.00289,0.00739,0.16833,0.00206,0.00199,0.00163,0.19615,0.00346,0.00138,0.61473
0.01087,0.05779,0.07591,0.00358,0.00640,0.01357,0.01637,0.55554,0.13171,0.12827
0.78114,0.20140,0.00191,0.00154,0.00108,0.00071,0.00317,0.00285,0.00138,0.00481
0.00640,0.00343,0.00285,0.00433,0.00169,0.01726,0.23708,0.00275,0.00173,0.72246
0.01733,0.08590,0.04087,0.02024,0.02692,0.00823,0.16630,0.06680,0.00251,0.56490
0.00396,0.03017,0.03888,0.00452,0.00302,0.00502,0.04970,0.52791,0.06891,0.26792
0.00121,0.05633,0.53259,0.00121,0.00225,0.00203,0.02993,0.00647,0.00358,0.36440
0.00181,0.06306,0.11574,0.00539,0.00649,0.00231,0.21907,0.03943,0.00205,0.54465
0.02255,0.01183,0.00701,0.01260,0.00782,0.00730,0.01588,0.87319,0.02260,0.01922
0.47063,0.00191,0.00245,0.00146,0.00163,0.51064,0.00437,0.00444,0.00101,0.00146
0.00621,0.32499,0.13407,0.00391,0.00384,0.00591,0.05751,0.36305,0.02811,0.07240
0.00420,0.09684,0.02533,0.00696,0.01175,0.00410,0.01672,0.73720,0.00671,0.09019
0.02777,0.00679,0.01170,0.01196,0.00549,0.01033,0.01528,0.68141,0.01055,0.21871
0.01293,0.00670,0.00279,0.00206,0.01434,0.00312,0.04440,0.86210,0.01340,0.03816
0.00290,0.00299,0.00341,0.00255,0.00336,0.00447,0.01786,0.79754,0.00164,0.16328
0.03542,0.00605,0.00450,0.00421,0.01275,0.05552,0.05360,0.70115,0.02101,0.10578
0.00146,0.00231,0.11779,0.78317,0.00188,0.01958,0.01892,0.04484,0.00740,0.00264
0.00512,0.00333,0.00200,0.00201,0.02023,0.00227,0.02143,0.89527,0.00336,0.04499
0.73538,0.04330,0.00165,0.00211,0.00295,0.00813,0.01690,0.18040,0.00412,0.00505
0.01969,0.00667,0.00717,0.00440,0.00594,0.06819,0.02483,0.74072,0.00677,0.11563
0.00822,0.00495,0.00176,0.00171,0.00428,0.01393,0.03160,0.84020,0.06505,0.02830
0.00434,0.09543,0.06779,0.02939,0.00661,0.00527,0.03321,0.41305,0.03228,0.31263
0.01245,0.04919,0.01720,0.00321,0.00724,0.00786,0.05372,0.45838,0.00229,0.38846
0.03210,0.06084,0.06639,0.09464,0.00970,0.00608,0.11523,0.21568,0.00895,0.39040
0.00097,0.30011,0.68232,0.00095,0.00121,0.00114,0.00670,0.00224,0.00092,0.00344
0.00078,0.00107,0.00048,0.00062,0.00159,0.00390,0.05567,0.92690,0.00726,0.00172
0.00260,0.06089,0.03346,0.01397,0.00412,0.00408,0.18184,0.00475,0.00395,0.69033
0.00325,0.00285,0.00243,0.00278,0.00480,0.01139,0.07907,0.86962,0.00968,0.01413
0.00463,0.01022,0.00957,0.01722,0.01012,0.01491,0.21346,0.00549,0.00264,0.71174
0.01428,0.07521,0.01527,0.01624,0.06210,0.00805,0.12450,0.17110,0.00546,0.50779
0.00151,0.00218,0.00109,0.00126,0.00549,0.00375,0.03282,0.94334,0.00599,0.00257
0.00158,0.00211,0.00089,0.00091,0.00460,0.00304,0.05382,0.92464,0.00624,0.00217
0.00779,0.04491,0.89948,0.00179,0.00207,0.00847,0.00963,0.00702,0.00990,0.00893
0.00435,0.06361,0.68320,0.00206,0.00230,0.00298,0.07967,0.03943,0.00774,0.11467
0.00617,0.00558,0.00701,0.00429,0.00197,0.01745,0.16229,0.00441,0.00670,0.78413
0.56462,0.00200,0.00145,0.00107,0.00293,0.41639,0.00298,0.00406,0.00214,0.00235
0.00232,0.00408,0.09222,0.00381,0.00131,0.00193,0.21189,0.00367,0.00126,0.67752
0.31135,0.00070,0.00058,0.00052,0.00086,0.68237,0.00120,0.00097,0.00070,0.00074
