0.01003,0.00189,0.03328,0.03557,0.01234,0.00446,0.47144,0.41938,0.00150,0.01011
0.34975,0.37732,0.04043,0.01594,0.01065,0.01157,0.09041,0.00784,0.01072,0.08537
0.00193,0.01311,0.01758,0.01401,0.00670,0.01626,0.40881,0.01509,0.06185,0.44467
0.00250,0.00449,0.01178,0.00793,0.01989,0.00750,0.45032,0.02040,0.01747,0.45773
0.00267,0.01003,0.00606,0.00269,0.00211,0.00898,0.49533,0.39732,0.00116,0.07365
0.00384,0.00735,0.00595,0.00210,0.00451,0.01928,0.48060,0.42842,0.03934,0.00861
0.04794,0.08258,0.07797,0.00578,0.00257,0.01785,0.39626,0.33808,0.00726,0.02370
0.08203,0.08415,0.00690,0.00635,0.01026,0.00853,0.40184,0.39367,0.00248,0.00380
0.00611,0.00484,0.00419,0.00469,0.00192,0.00988,0.39192,0.06800,0.08190,0.42655
0.06317,0.00766,0.02570,0.01282,0.00921,0.00921,0.41514,0.01059,0.00360,0.44290
0.01655,0.11115,0.10495,0.08984,0.00747,0.04321,0.28915,0.01663,0.00456,0.31648
0.02681,0.00527,0.06448,0.08307,0.00246,0.05072,0.38948,0.23108,0.00260,0.14403
0.00542,0.35721,0.32363,0.01021,0.00335,0.00776,0.12449,0.10553,0.03180,0.03060
0.00460,0.00207,0.00262,0.00111,0.00903,0.03355,0.47160,0.44770,0.01753,0.01019
0.00424,0.00300,0.03010,0.00333,0.02640,0.01858,0.41925,0.02044,0.02138,0.45328
0.00208,0.00319,0.00268,0.00082,0.03069,0.01741,0.45162,0.48113,0.00173,0.00865
0.05319,0.00360,0.00250,0.00677,0.00508,0.02394,0.47922,0.41795,0.00205,0.00572
0.03104,0.06347,0.06683,0.00366,0.06239,0.00310,0.41536,0.33094,0.01578,0.00743
0.00729,0.40638,0.38163,0.00282,0.00373,0.00549,0.09087,0.04868,0.00721,0.04590
0.00254,0.00479,0.00490,0.01927,0.00292,0.00757,0.47861,0.42171,0.03549,0.02220
0.00253,0.01684,0.01627,0.00828,0.02893,0.00353,0.42184,0.01071,0.00864,0.48244
0.00060,0.00330,0.00378,0.00250,0.00112,0.02362,0.49266,0.45698,0.01152,0.00392
0.00681,0.01930,0.00653,0.00683,0.03245,0.01541,0.41964,0.04700,0.00686,0.43916
0.00757,0.00970,0.45361,0.45037,0.00907,0.01126,0.02070,0.02339,0.00776,0.00656
0.08505,0.00335,0.00311,0.00346,0.00386,0.00687,0.48598,0.40376,0.00218,0.00237
0.00417,0.46453,0.44454,0.03399,0.00929,0.00516,0.01341,0.00869,0.00890,0.00731
0.00289,0.42379,0.40980,0.01635,0.03993,0.00670,0.04806,0.03374,0.00526,0.01348
0.00685,0.00723,0.00501,0.01499,0.10546,0.01002,0.41628,0.08252,0.00653,0.34511
0.00137,0.06029,0.01454,0.00239,0.04809,0.00143,0.44933,0.41847,0.00307,0.00102
0.02998,0.03232,0.03576,0.01027,0.03701,0.06018,0.38592,0.01774,0.01133,0.37950
0.00051,0.01001,0.00156,0.00603,0.00529,0.05511,0.44603,0.42034,0.05257,0.00256
0.01907,0.48002,0.45703,0.00295,0.01244,0.00901,0.00663,0.00467,0.00387,0.00431
0.00150,0.05158,0.00422,0.00744,0.00405,0.00697,0.45826,0.46246,0.00249,0.00102
0.00713,0.35931,0.34709,0.03239,0.01110,0.03763,0.09551,0.08189,0.01196,0.01597
0.44355,0.45902,0.01228,0.01599,0.03919,0.00223,0.00576,0.00822,0.00500,0.00878
0.01629,0.38075,0.37286,0.00912,0.00721,0.02007,0.08505,0.01514,0.01080,0.08271
0.00133,0.00307,0.00572,0.00417,0.02023,0.00284,0.45241,0.35733,0.04064,0.11227
0.00711,0.01101,0.01076,0.00375,0.00705,0.00667,0.47395,0.25142,0.03096,0.19730
0.00643,0.00977,0.01143,0.00642,0.00168,0.00557,0.46763,0.38522,0.09592,0.00993
0.00214,0.00597,0.00110,0.00969,0.03269,0.00279,0.46844,0.39614,0.02753,0.05351
0.02312,0.01635,0.01027,0.03226,0.00481,0.01205,0.40904,0.00984,0.00823,0.47403
0.00741,0.00708,0.00247,0.00414,0.03634,0.00448,0.49058,0.43807,0.00512,0.00431
0.00305,0.00342,0.01989,0.04369,0.01237,0.00998,0.46221,0.40666,0.00329,0.03544
0.00698,0.00199,0.00423,0.00942,0.01938,0.01515,0.48276,0.42918,0.00467,0.02624
0.02038,0.02369,0.01000,0.02683,0.00736,0.01509,0.45826,0.43099,0.00238,0.00502
0.02776,0.03792,0.00541,0.00149,0.01381,0.00463,0.40865,0.03224,0.03448,0.43360
0.05788,0.04977,0.00740,0.00590,0.04452,0.00222,0.42604,0.36212,0.01128,0.03287
0.02016,0.00667,0.00728,0.01464,0.00609,0.03190,0.46478,0.39350,0.00738,0.04760
0.06122,0.01909,0.15623,0.15688,0.05049,0.00548,0.27559,0.21522,0.00633,0.05347
0.40705,0.41568,0.01289,0.00407,0.00346,0.02421,0.06217,0.00777,0.00672,0.05598
0.43301,0.46367,0.00290,0.00601,0.00512,0.00883,0.03923,0.02489,0.00671,0.00964
0.00397,0.00994,0.00637,0.00864,0.00551,0.01460,0.48089,0.46400,0.00464,0.00144
0.11680,0.04164,0.01044,0.01914,0.03097,0.12336,0.32198,0.15406,0.00378,0.17783
0.17712,0.00394,0.01527,0.07144,0.00150,0.17349,0.21703,0.02799,0.04891,0.26329
0.03182,0.01884,0.01057,0.00445,0.00467,0.00188,0.47884,0.44105,0.00127,0.00662
0.00157,0.00431,0.47175,0.45336,0.00791,0.00290,0.01535,0.00635,0.02934,0.00715
0.00410,0.01761,0.01638,0.01620,0.00194,0.00678,0.44930,0.01421,0.00129,0.47219
0.01014,0.01201,0.01182,0.00965,0.02546,0.02269,0.45624,0.42687,0.01528,0.00984
0.00669,0.32479,0.30925,0.00325,0.00648,0.01055,0.16975,0.15132,0.00952,0.00840
0.00470,0.02256,0.00490,0.02184,0.01390,0.00593,0.45589,0.27878,0.01600,0.17551
0.02756,0.46041,0.43787,0.00307,0.00200,0.00749,0.02728,0.02315,0.00414,0.00705
0.00825,0.00731,0.00345,0.00862,0.00114,0.02146,0.44000,0.05751,0.01175,0.44051
0.00181,0.02150,0.00450,0.00313,0.01182,0.00466,0.45613,0.01185,0.00768,0.47691
0.00066,0.00409,0.48009,0.47560,0.00453,0.00433,0.01270,0.01015,0.00622,0.00164
0.01209,0.00546,0.00217,0.00875,0.00238,0.01259,0.48371,0.45632,0.00801,0.00852
0.00624,0.02021,0.00339,0.00575,0.00493,0.03963,0.41854,0.04997,0.01117,0.44017
0.00214,0.00406,0.00602,0.00427,0.00733,0.01029,0.46734,0.19506,0.01644,0.28704
0.00298,0.36620,0.34318,0.00485,0.01396,0.00720,0.11177,0.09780,0.04433,0.00775
0.01394,0.00541,0.02364,0.01384,0.00404,0.04898,0.42892,0.34165,0.00612,0.11346
0.06612,0.00255,0.00486,0.01252,0.01687,0.00473,0.38903,0.23293,0.08445,0.18594
0.00229,0.13507,0.14966,0.01685,0.00442,0.04706,0.30794,0.28763,0.02314,0.02593
0.00405,0.00327,0.02241,0.01593,0.01343,0.02496,0.45357,0.29511,0.00173,0.16554
0.08399,0.00555,0.02066,0.00534,0.00186,0.00273,0.40135,0.01285,0.01010,0.45557
0.08706,0.10005,0.01245,0.00521,0.00785,0.00458,0.40167,0.36467,0.00522,0.01123
0.01138,0.00412,0.00583,0.00757,0.00745,0.02587,0.48097,0.44404,0.00699,0.00579
0.00464,0.47001,0.45170,0.00425,0.00747,0.00314,0.02390,0.02312,0.00661,0.00515
0.00419,0.00868,0.00641,0.01842,0.02009,0.01339,0.46491,0.41894,0.02457,0.02038
0.09658,0.05608,0.02558,0.00785,0.00760,0.02278,0.41272,0.32196,0.02887,0.01997
0.00184,0.00137,0.04928,0.03395,0.00122,0.04589,0.42951,0.43381,0.00186,0.00126
0.01438,0.46161,0.45064,0.00644,0.00559,0.01426,0.01958,0.01708,0.00440,0.00601
0.00156,0.42673,0.41222,0.00565,0.00849,0.01082,0.05849,0.06024,0.00296,0.01283
0.00219,0.00359,0.00278,0.01573,0.00133,0.03443,0.44567,0.01213,0.02055,0.46161
0.01124,0.01541,0.01772,0.00997,0.02368,0.01239,0.45755,0.43998,0.00525,0.00681
0.00337,0.00997,0.07346,0.07376,0.00595,0.01497,0.40850,0.34044,0.05668,0.01292
0.00190,0.01115,0.01143,0.01835,0.01300,0.04350,0.42675,0.05140,0.01465,0.40787
0.29972,0.00334,0.00779,0.08395,0.06619,0.29061,0.10558,0.02197,0.00642,0.11443
0.00325,0.01549,0.00704,0.00501,0.00384,0.02101,0.47737,0.42779,0.03755,0.00165
0.00746,0.23030,0.21245,0.03648,0.00663,0.00501,0.25777,0.10025,0.00670,0.13695
0.01261,0.00848,0.00591,0.01005,0.00672,0.03396,0.42688,0.06542,0.00408,0.42588
0.00108,0.06400,0.00827,0.00477,0.01219,0.00569,0.46125,0.42083,0.01437,0.00755
0.00455,0.00587,0.01104,0.00514,0.00501,0.01055,0.43198,0.15062,0.07495,0.30029
0.01642,0.00424,0.00827,0.00870,0.01765,0.02826,0.47377,0.43643,0.00170,0.00456
0.00788,0.47804,0.44416,0.00349,0.04022,0.00208,0.01140,0.00687,0.00404,0.00180
0.00046,0.01465,0.00969,0.00517,0.00259,0.02876,0.46894,0.45170,0.01099,0.00704
0.01125,0.03533,0.01442,0.00163,0.00868,0.03053,0.44884,0.20787,0.00702,0.23443
0.02531,0.00423,0.00263,0.00118,0.00991,0.00286,0.40604,0.33859,0.09255,0.11671
0.00154,0.00389,0.02769,0.00150,0.01035,0.01039,0.47912,0.43106,0.02722,0.00725
0.01355,0.04051,0.02173,0.00337,0.05040,0.01065,0.43619,0.40997,0.00925,0.00438
0.00646,0.00752,0.00865,0.00125,0.01116,0.03197,0.45862,0.40935,0.01295,0.05206
0.00615,0.00182,0.00259,0.00603,0.02010,0.02461,0.47151,0.41370,0.05146,0.00202
0.00741,0.06421,0.00629,0.01515,0.13468,0.00387,0.37587,0.05449,0.00317,0.33486
0.00948,0.00379,0.01517,0.00416,0.01558,0.02048,0.44457,0.04301,0.00709,0.43668
0.00436,0.03954,0.04027,0.00194,0.00229,0.02222,0.45175,0.37056,0.01296,0.05411
0.00389,0.01507,0.06044,0.00558,0.00202,0.03704,0.40175,0.03499,0.03510,0.40411
0.00298,0.00180,0.00392,0.00108,0.00211,0.02483,0.38713,0.07679,0.06777,0.43160
0.00284,0.45699,0.44099,0.01436,0.01474,0.00730,0.02832,0.02420,0.00396,0.00630
0.01603,0.00398,0.04407,0.07090,0.00247,0.02413,0.38803,0.01287,0.01449,0.42304
0.00407,0.00276,0.01117,0.01431,0.00528,0.00575,0.38738,0.08053,0.09003,0.39873
0.01313,0.01277,0.00902,0.00468,0.00803,0.00815,0.47618,0.40815,0.01795,0.04194
0.00827,0.02773,0.01972,0.00697,0.00894,0.02533,0.40743,0.01878,0.02482,0.45201
0.02218,0.05719,0.04669,0.01130,0.05005,0.00606,0.38120,0.04852,0.00397,0.37284
0.00780,0.00550,0.00962,0.00869,0.00560,0.01808,0.44906,0.28355,0.05028,0.16180
0.00553,0.40354,0.39189,0.01352,0.00576,0.00246,0.06091,0.06329,0.01688,0.03623
0.08616,0.02758,0.00269,0.00380,0.02158,0.05282,0.41874,0.29664,0.00663,0.08335
0.01540,0.01008,0.00420,0.01429,0.01031,0.00430,0.48017,0.41201,0.02290,0.02633
0.00706,0.00760,0.03450,0.00155,0.01341,0.01190,0.44048,0.45453,0.00773,0.02123
0.01115,0.01180,0.00610,0.00644,0.01541,0.00554,0.44628,0.12630,0.01759,0.35339
0.00711,0.00629,0.00964,0.00282,0.04785,0.00752,0.47410,0.42202,0.00354,0.01911
0.04185,0.00370,0.00947,0.00651,0.00312,0.01440,0.44150,0.42699,0.01940,0.03307
0.00408,0.00186,0.03493,0.00899,0.00805,0.00625,0.42589,0.01570,0.05257,0.44169
0.04967,0.00255,0.00457,0.00733,0.00612,0.00652,0.47483,0.34588,0.00630,0.09622
0.01338,0.00646,0.00579,0.03359,0.00394,0.02138,0.45488,0.40894,0.03045,0.02119
0.00221,0.00503,0.00488,0.05670,0.00936,0.03525,0.41775,0.03328,0.00653,0.42902
0.01720,0.00626,0.00391,0.00477,0.00748,0.05214,0.43140,0.12734,0.00684,0.34267
0.02041,0.02558,0.00354,0.01530,0.05950,0.03481,0.45159,0.37328,0.00616,0.00983
0.00447,0.00370,0.00835,0.00757,0.01046,0.01843,0.46187,0.19494,0.00322,0.28699
0.01016,0.07287,0.00328,0.00637,0.05499,0.00547,0.38519,0.04527,0.00982,0.40659
0.00505,0.00853,0.01100,0.04752,0.00496,0.01430,0.46419,0.43324,0.00356,0.00766
0.48706,0.00558,0.00472,0.00152,0.00611,0.47830,0.00558,0.00666,0.00194,0.00253
0.00362,0.01360,0.08440,0.00210,0.00520,0.01420,0.44947,0.20832,0.00440,0.21469
0.00337,0.44123,0.41440,0.00280,0.01090,0.00526,0.06984,0.03974,0.00400,0.00847
0.01583,0.00492,0.00666,0.02349,0.05651,0.00544,0.46483,0.37693,0.03276,0.01262
0.12363,0.00400,0.00629,0.00472,0.00497,0.12389,0.36995,0.30742,0.04521,0.00991
0.00615,0.01352,0.00210,0.00483,0.06489,0.00354,0.43191,0.00729,0.00481,0.46094
0.00945,0.00472,0.00646,0.00283,0.00163,0.03050,0.47123,0.15186,0.00472,0.31660
0.34524,0.01699,0.00558,0.01171,0.00803,0.34003,0.13728,0.12912,0.00365,0.00237
0.00620,0.00583,0.00734,0.01072,0.00535,0.02751,0.46787,0.43327,0.01515,0.02077
0.06526,0.04652,0.04238,0.00427,0.00537,0.00442,0.42290,0.34230,0.02977,0.03681
0.00255,0.48113,0.45633,0.01391,0.00589,0.00849,0.01318,0.00716,0.00527,0.00609
0.02795,0.47567,0.45146,0.00382,0.00299,0.00745,0.01633,0.00497,0.00668,0.00268
0.00532,0.13124,0.14291,0.01100,0.01502,0.04415,0.31701,0.30443,0.01095,0.01796
0.02249,0.46139,0.45107,0.01032,0.01276,0.01393,0.00891,0.00467,0.00914,0.00531
0.00947,0.01666,0.15736,0.16550,0.05167,0.01227,0.28334,0.28133,0.01543,0.00697
0.05845,0.00633,0.01571,0.01546,0.02054,0.02638,0.41322,0.35188,0.02058,0.07144
0.05235,0.00292,0.00966,0.01096,0.00285,0.00262,0.43104,0.01105,0.00231,0.47425
0.00396,0.00545,0.00999,0.00204,0.00886,0.00516,0.44916,0.39131,0.05183,0.07225
0.16279,0.17958,0.02001,0.01346,0.01473,0.01715,0.23231,0.07807,0.02563,0.25627
0.00126,0.00281,0.49058,0.49290,0.00084,0.00104,0.00414,0.00470,0.00076,0.00096
0.00501,0.31874,0.30727,0.00519,0.01186,0.02553,0.16960,0.13228,0.00686,0.01765
0.00986,0.00394,0.00502,0.00581,0.00483,0.00283,0.41973,0.02450,0.03226,0.49122
0.00721,0.00162,0.00185,0.00410,0.02176,0.02029,0.44887,0.38646,0.06481,0.04304
0.00663,0.00609,0.06638,0.00217,0.00501,0.01787,0.46123,0.39017,0.00585,0.03862
0.00646,0.01182,0.17225,0.15307,0.00955,0.00843,0.31289,0.24725,0.06593,0.01236
0.03838,0.00360,0.00901,0.00791,0.00404,0.00444,0.48574,0.43277,0.01046,0.00365
0.03370,0.01231,0.00294,0.00762,0.00552,0.00889,0.47641,0.39934,0.04612,0.00715
0.00683,0.15737,0.16656,0.00374,0.00480,0.00371,0.33733,0.25513,0.02595,0.03860
0.00657,0.00884,0.01263,0.00957,0.00696,0.01065,0.42480,0.34068,0.05488,0.12443
0.02510,0.47175,0.44847,0.00962,0.01481,0.00184,0.01224,0.00760,0.00204,0.00653
0.41407,0.03531,0.05058,0.00549,0.43177,0.02111,0.01999,0.01322,0.00165,0.00682
0.01280,0.06211,0.05121,0.02183,0.04758,0.00389,0.41632,0.32130,0.05431,0.00865
0.02591,0.47268,0.45170,0.00452,0.00536,0.00431,0.01512,0.00612,0.00652,0.00774
0.00715,0.00465,0.01138,0.00163,0.00569,0.02911,0.46779,0.45065,0.01258,0.00936
0.00445,0.00724,0.00422,0.00399,0.00788,0.02378,0.44866,0.46114,0.00218,0.03646
0.00254,0.22533,0.23039,0.00293,0.01195,0.06060,0.19179,0.14970,0.02178,0.10301
0.04525,0.03173,0.06767,0.00745,0.00673,0.07497,0.40296,0.35994,0.00125,0.00206
0.00879,0.35774,0.29199,0.00559,0.02872,0.00448,0.14300,0.01747,0.00289,0.13933
0.00588,0.00610,0.02171,0.01691,0.00334,0.04133,0.43258,0.01823,0.00449,0.44942
0.00676,0.06249,0.04729,0.01103,0.03286,0.00189,0.39290,0.04427,0.01182,0.38869
0.32287,0.00683,0.01412,0.00295,0.00519,0.31747,0.14935,0.04854,0.00197,0.13071
0.00577,0.00470,0.01187,0.01503,0.02053,0.00880,0.46983,0.43953,0.02237,0.00155
0.45000,0.00715,0.00920,0.00923,0.47607,0.00197,0.01218,0.01662,0.00356,0.01402
0.00573,0.44575,0.42846,0.00697,0.00136,0.00656,0.04676,0.04484,0.01073,0.00284
0.08650,0.09739,0.02097,0.00928,0.01691,0.00538,0.38879,0.35454,0.00435,0.01589
0.26494,0.28207,0.03183,0.00641,0.00757,0.00408,0.19545,0.18463,0.00876,0.01426
0.01351,0.00387,0.00691,0.01835,0.02261,0.00814,0.44112,0.01759,0.00605,0.46186
0.42396,0.44743,0.01259,0.01077,0.01613,0.01336,0.04127,0.02526,0.00397,0.00526
0.00157,0.00295,0.00570,0.00219,0.00320,0.00780,0.49794,0.38107,0.00572,0.09186
0.00438,0.04233,0.00539,0.01155,0.00762,0.04038,0.44138,0.39120,0.04629,0.00948
0.01225,0.00744,0.02552,0.01398,0.02295,0.00717,0.43379,0.02064,0.00383,0.45243
0.01033,0.01545,0.10610,0.08585,0.00517,0.01093,0.37337,0.30820,0.01405,0.07055
0.00325,0.00303,0.00373,0.00392,0.01184,0.02586,0.45567,0.02853,0.00693,0.45723
0.00524,0.00651,0.00208,0.00448,0.05253,0.00395,0.48327,0.41904,0.00751,0.01540
0.00214,0.41509,0.39470,0.01478,0.00772,0.00232,0.08162,0.04499,0.00790,0.02873
0.00210,0.00388,0.02088,0.03063,0.00362,0.00472,0.46988,0.43106,0.00333,0.02989
0.00936,0.47946,0.45180,0.00285,0.02133,0.01063,0.01014,0.00723,0.00574,0.00145
0.00782,0.31246,0.25461,0.00658,0.08459,0.02414,0.14906,0.03050,0.00875,0.12149
0.03294,0.00458,0.00980,0.01596,0.00472,0.04834,0.42245,0.31929,0.00926,0.13266
0.00564,0.05743,0.00371,0.00290,0.01609,0.00501,0.47824,0.42339,0.00474,0.00284
0.01175,0.00424,0.00301,0.02466,0.01458,0.02048,0.43080,0.03385,0.00615,0.45050
0.03698,0.00237,0.00583,0.01156,0.00348,0.00691,0.48657,0.43103,0.00744,0.00783
0.02309,0.00487,0.08259,0.09875,0.02130,0.00264,0.39280,0.33686,0.00615,0.03095
0.00547,0.00120,0.00181,0.00447,0.00124,0.06138,0.44874,0.41346,0.05333,0.00890
0.00296,0.01782,0.00869,0.01278,0.01172,0.00364,0.43911,0.03903,0.01946,0.44478
0.00673,0.41737,0.40838,0.00992,0.00868,0.01129,0.06426,0.05976,0.00405,0.00957
0.07018,0.00234,0.00942,0.01650,0.01988,0.01257,0.42911,0.19140,0.01959,0.22901
0.04005,0.11455,0.03843,0.01207,0.01329,0.01158,0.39748,0.29109,0.01621,0.06526
0.03380,0.02719,0.00241,0.00255,0.00587,0.00520,0.43865,0.46743,0.00497,0.01194
0.00878,0.00559,0.00365,0.00313,0.02012,0.03190,0.43864,0.02383,0.00164,0.46272
0.00274,0.01836,0.01032,0.00621,0.00739,0.02186,0.42650,0.01808,0.03268,0.45585
0.00217,0.00167,0.00432,0.00291,0.00872,0.00191,0.40386,0.00911,0.06318,0.50215
0.02694,0.00729,0.00701,0.00629,0.00775,0.01033,0.44228,0.02184,0.00354,0.46673
0.03801,0.00131,0.00457,0.00208,0.04449,0.00171,0.45903,0.11710,0.00245,0.32925
0.00252,0.07830,0.07906,0.00135,0.00607,0.00546,0.38978,0.02251,0.01305,0.40190
0.01424,0.00667,0.00917,0.01118,0.02762,0.00275,0.44852,0.02736,0.00783,0.44465
0.00232,0.02553,0.00860,0.00524,0.01573,0.01107,0.45837,0.40638,0.03004,0.03673
0.00361,0.00213,0.00399,0.00115,0.00449,0.02615,0.46679,0.37363,0.11599,0.00207
0.44809,0.46008,0.00317,0.00899,0.00606,0.00820,0.02360,0.02878,0.00481,0.00821
0.47769,0.00311,0.00605,0.00486,0.00377,0.46490,0.01273,0.01816,0.00522,0.00352
0.01994,0.00461,0.01170,0.01156,0.00579,0.00161,0.47762,0.43864,0.01111,0.01743
0.00267,0.00275,0.00175,0.00178,0.00168,0.00278,0.49801,0.41621,0.02254,0.04983
0.00895,0.00269,0.00645,0.02415,0.00207,0.00616,0.43562,0.03037,0.01600,0.46755
0.00530,0.45289,0.46557,0.00707,0.00431,0.01219,0.02956,0.00863,0.00279,0.01169
0.00479,0.43696,0.42759,0.01787,0.06239,0.00156,0.02376,0.00876,0.00494,0.01137
0.00050,0.00726,0.00590,0.03474,0.00094,0.07366,0.42387,0.43619,0.00868,0.00828
0.01244,0.00383,0.00967,0.03097,0.02467,0.03149,0.44695,0.41017,0.00612,0.02369
0.00460,0.02863,0.00352,0.03408,0.00386,0.01964,0.45470,0.23585,0.00419,0.21093
0.00453,0.00512,0.00521,0.00212,0.00295,0.02083,0.47024,0.46541,0.00569,0.01790
0.01043,0.01941,0.00727,0.00812,0.00226,0.01113,0.41712,0.01556,0.04926,0.45944
0.00434,0.46218,0.44170,0.00790,0.02423,0.00345,0.02353,0.01164,0.00934,0.01169
0.00757,0.03156,0.38315,0.34539,0.00180,0.00236,0.10647,0.10424,0.00678,0.01067
0.00558,0.40666,0.38658,0.01367,0.00493,0.00813,0.08264,0.05710,0.00411,0.03060
0.00709,0.00221,0.00486,0.01233,0.00455,0.02885,0.45338,0.32999,0.06240,0.09432
0.02393,0.00131,0.00250,0.00600,0.01780,0.00332,0.42908,0.01862,0.03986,0.45757
0.00738,0.01002,0.02953,0.01552,0.00867,0.01103,0.44242,0.03568,0.00689,0.43287
0.00354,0.00691,0.00106,0.00206,0.00440,0.00321,0.48695,0.39219,0.03154,0.06814
0.00964,0.23099,0.22249,0.00419,0.00317,0.00527,0.26675,0.15351,0.00629,0.09771
0.04470,0.19571,0.18481,0.00770,0.01817,0.00338,0.29072,0.24104,0.00699,0.00678
0.02149,0.02171,0.00605,0.00822,0.04801,0.01052,0.42752,0.07730,0.00882,0.37037
0.00069,0.00104,0.03629,0.01492,0.00387,0.00795,0.39938,0.32566,0.12110,0.08909
0.00294,0.00637,0.00305,0.00814,0.00316,0.00990,0.48248,0.37191,0.05991,0.05214
0.00549,0.42716,0.42449,0.01792,0.00191,0.00282,0.03916,0.03312,0.03663,0.01131
0.01383,0.47225,0.44283,0.01480,0.00455,0.00361,0.01684,0.01795,0.00590,0.00745
0.00084,0.00608,0.00125,0.00400,0.00488,0.00417,0.49117,0.46431,0.01181,0.01149
0.00464,0.00458,0.00475,0.00490,0.00130,0.03696,0.40494,0.00926,0.07377,0.45490
0.00263,0.03834,0.04751,0.00433,0.00846,0.00365,0.42128,0.19880,0.01025,0.26475
0.00895,0.23211,0.23020,0.00541,0.00810,0.00307,0.24013,0.20135,0.05037,0.02031
0.00756,0.30923,0.29756,0.02857,0.02634,0.00653,0.13526,0.00744,0.03552,0.14599
0.00865,0.00853,0.00180,0.03022,0.04502,0.00853,0.44616,0.36460,0.06348,0.02300
0.06138,0.00931,0.00261,0.00541,0.00241,0.04232,0.44797,0.39152,0.03111,0.00595
0.00457,0.09492,0.07346,0.01047,0.01453,0.00209,0.41026,0.34204,0.01015,0.03750
0.32687,0.00681,0.00548,0.00710,0.00510,0.31695,0.14761,0.02269,0.00747,0.15392
0.01031,0.03945,0.02450,0.00651,0.03519,0.01191,0.45297,0.39070,0.01608,0.01238
0.00411,0.46346,0.44046,0.00196,0.00604,0.01287,0.02926,0.02545,0.00242,0.01396
0.00493,0.00039,0.00132,0.00502,0.07114,0.00190,0.48739,0.41517,0.00975,0.00299
0.02117,0.20671,0.20547,0.01616,0.00792,0.01529,0.24701,0.24340,0.02948,0.00739
0.00511,0.01426,0.00271,0.00321,0.01260,0.00463,0.43592,0.04971,0.01967,0.45218
0.28132,0.29202,0.04033,0.02299,0.01473,0.01711,0.14251,0.05012,0.01853,0.12036
0.00817,0.01285,0.02318,0.00361,0.01377,0.00508,0.42994,0.19724,0.01695,0.28921
0.04458,0.00563,0.00078,0.01471,0.05734,0.00317,0.44917,0.34437,0.03977,0.04047
0.00370,0.00396,0.48743,0.48624,0.00362,0.00141,0.00681,0.00387,0.00125,0.00171
0.00450,0.01029,0.00859,0.00280,0.00170,0.00950,0.40808,0.01525,0.05336,0.48594
0.00217,0.11377,0.09965,0.01143,0.05257,0.01157,0.33080,0.04378,0.00235,0.33193
0.00094,0.00568,0.00349,0.00272,0.01723,0.01118,0.48781,0.46235,0.00483,0.00375
0.06519,0.00821,0.01524,0.00775,0.01974,0.01308,0.43770,0.10826,0.00763,0.31720
0.01261,0.00674,0.00480,0.00354,0.00598,0.01665,0.47917,0.42138,0.01438,0.03475
0.02598,0.00729,0.00453,0.00304,0.01912,0.00935,0.48789,0.41898,0.00279,0.02102
0.01059,0.34549,0.32907,0.00773,0.04874,0.02816,0.09686,0.01417,0.00099,0.11821
0.01665,0.01474,0.01267,0.01857,0.05364,0.00692,0.43110,0.09562,0.00479,0.34530
0.00958,0.00406,0.00696,0.00980,0.04809,0.01553,0.46610,0.41042,0.02612,0.00335
0.00522,0.00474,0.02504,0.00091,0.00355,0.00525,0.47568,0.45163,0.02134,0.00663
0.01345,0.14746,0.14893,0.00852,0.01660,0.00460,0.33561,0.30089,0.00532,0.01862
0.00333,0.08320,0.02879,0.00711,0.09133,0.00534,0.35639,0.03118,0.00672,0.38661
0.17081,0.16980,0.16185,0.04543,0.00495,0.16197,0.12669,0.00876,0.00702,0.14272
0.40369,0.40134,0.00996,0.01258,0.02266,0.05708,0.03197,0.03084,0.01133,0.01856
0.00413,0.04585,0.00715,0.00632,0.01506,0.01755,0.45954,0.43436,0.00585,0.00419
0.13477,0.01729,0.00583,0.01913,0.01308,0.14792,0.34658,0.28666,0.00601,0.02272
0.01380,0.18071,0.20614,0.07137,0.01634,0.02864,0.25874,0.21285,0.00350,0.00791
0.00444,0.00446,0.00263,0.03277,0.02455,0.00520,0.42913,0.23989,0.03221,0.22471
0.00493,0.02511,0.00368,0.00315,0.01762,0.02280,0.47338,0.41739,0.02621,0.00573
0.02265,0.01558,0.00481,0.04102,0.08282,0.01287,0.39013,0.03343,0.01373,0.38297
0.00985,0.47666,0.45820,0.00286,0.01610,0.00465,0.01129,0.00720,0.00194,0.01123
0.00912,0.00468,0.00302,0.00618,0.01126,0.02181,0.45051,0.36899,0.07383,0.05060
0.00704,0.04602,0.01527,0.05583,0.00426,0.01826,0.44179,0.38634,0.01432,0.01088
0.00454,0.00632,0.00321,0.00179,0.00936,0.00169,0.45349,0.37887,0.08657,0.05416
0.00100,0.03178,0.00718,0.00508,0.00164,0.02437,0.48060,0.43745,0.00791,0.00300
0.01993,0.01764,0.00717,0.00683,0.00549,0.03496,0.40685,0.03546,0.01004,0.45563
0.00709,0.00592,0.00651,0.02594,0.00555,0.01971,0.46405,0.37649,0.00732,0.08143
0.00493,0.07468,0.00260,0.00366,0.04013,0.00285,0.45464,0.40815,0.00369,0.00466
0.03799,0.00312,0.00313,0.00185,0.00243,0.00413,0.49321,0.43666,0.00596,0.01151
0.00098,0.01840,0.00375,0.00160,0.00215,0.00142,0.49904,0.46170,0.00498,0.00599
0.00495,0.00595,0.02500,0.06542,0.00353,0.02752,0.41502,0.25718,0.00739,0.18805
0.01922,0.31108,0.30464,0.02111,0.02550,0.00415,0.13987,0.02237,0.01451,0.13754
0.01121,0.00280,0.01241,0.05146,0.00543,0.00285,0.43155,0.00303,0.00525,0.47400
0.00039,0.00452,0.00788,0.00347,0.00278,0.01471,0.42696,0.41551,0.10801,0.01578
0.00451,0.00392,0.04491,0.00379,0.00983,0.01694,0.47028,0.43616,0.00459,0.00507
0.03309,0.01716,0.03534,0.01645,0.02077,0.00400,0.41501,0.16315,0.03752,0.25750
0.00795,0.31476,0.30446,0.00353,0.00626,0.00404,0.15609,0.02707,0.01757,0.15827
0.00344,0.00821,0.35008,0.32026,0.00190,0.00446,0.13231,0.07501,0.01664,0.08769
0.02839,0.00564,0.04310,0.06784,0.00332,0.00256,0.44830,0.37799,0.00692,0.01594
0.05562,0.41163,0.38775,0.00302,0.01186,0.00331,0.02044,0.07522,0.01021,0.02095
0.00100,0.01901,0.02258,0.00167,0.00872,0.00862,0.47268,0.42752,0.02894,0.00925
0.03839,0.44908,0.43075,0.00214,0.00568,0.03772,0.01363,0.00756,0.00217,0.01287
0.00467,0.39933,0.37080,0.02823,0.03702,0.01495,0.08161,0.05653,0.00212,0.00472
0.00563,0.01731,0.00559,0.00284,0.01413,0.02602,0.47100,0.38348,0.03974,0.03427
0.00256,0.00166,0.00742,0.02186,0.00850,0.00467,0.48606,0.45868,0.00394,0.00465
0.00601,0.10607,0.09002,0.00469,0.00403,0.01181,0.38012,0.29971,0.09426,0.00328
0.00131,0.00605,0.48657,0.48298,0.00354,0.00377,0.00343,0.00310,0.00457,0.00470
0.00453,0.00755,0.00544,0.00336,0.02081,0.00855,0.47707,0.38414,0.08220,0.00636
0.01050,0.46552,0.42835,0.00610,0.05423,0.02142,0.00331,0.00410,0.00431,0.00217
0.00366,0.47489,0.46063,0.00903,0.00357,0.00439,0.01919,0.00765,0.01229,0.00471
