0.03182,0.01688,0.55756,0.03354,0.13930,0.10747,0.01708,0.09636
0.07349,0.07097,0.39213,0.02734,0.01214,0.01130,0.37883,0.03381
0.29463,0.30856,0.30462,0.02098,0.00977,0.00885,0.02522,0.02739
0.06177,0.02643,0.14871,0.06450,0.04740,0.04520,0.04266,0.56333
0.16032,0.02125,0.03055,0.63687,0.04479,0.04548,0.02843,0.03232
0.12266,0.01170,0.13455,0.56469,0.04712,0.04248,0.04944,0.02736
0.29960,0.02892,0.08802,0.20646,0.08138,0.07309,0.18902,0.03351
0.23298,0.00973,0.01317,0.67698,0.01866,0.01491,0.01857,0.01499
0.23285,0.01254,0.01169,0.64030,0.04044,0.03768,0.01222,0.01229
0.05748,0.01998,0.02692,0.42076,0.02851,0.03198,0.01568,0.39869
0.08927,0.02212,0.73272,0.02647,0.03802,0.03110,0.03663,0.02367
0.04604,0.03751,0.62346,0.04123,0.05467,0.03994,0.10447,0.05267
0.03646,0.01492,0.01775,0.82828,0.01252,0.01176,0.01614,0.06218
0.14419,0.38792,0.08799,0.09355,0.03478,0.02568,0.15412,0.07176
0.07024,0.73441,0.08541,0.01890,0.01812,0.01313,0.03525,0.02455
0.02989,0.05265,0.06790,0.04617,0.25531,0.25662,0.18388,0.10758
0.08282,0.02716,0.08449,0.40497,0.15415,0.12616,0.06507,0.05518
0.20438,0.11467,0.03310,0.14007,0.18605,0.22476,0.04909,0.04788
0.12232,0.01739,0.02993,0.66087,0.05842,0.05679,0.02903,0.02525
0.04310,0.02594,0.03066,0.12400,0.11299,0.12675,0.49902,0.03753
0.22770,0.20455,0.17969,0.07900,0.03838,0.03088,0.18986,0.04993
0.03238,0.02748,0.03560,0.20302,0.25538,0.20225,0.18104,0.06286
0.20810,0.04725,0.09256,0.10052,0.24623,0.20753,0.03662,0.06119
0.23399,0.01234,0.03498,0.60234,0.03509,0.03046,0.02367,0.02714
0.03998,0.04387,0.04110,0.08201,0.13316,0.15137,0.42506,0.08345
0.16929,0.02043,0.04232,0.52190,0.06743,0.06362,0.03041,0.08460
0.06620,0.05888,0.04802,0.22524,0.15919,0.22136,0.09444,0.12667
0.24354,0.08930,0.39380,0.03266,0.07004,0.06285,0.05007,0.05774
0.06190,0.01778,0.01086,0.03816,0.62469,0.22518,0.01249,0.00894
0.03728,0.02847,0.01590,0.08143,0.21770,0.29191,0.31019,0.01712
0.09138,0.19153,0.10809,0.11861,0.13051,0.11044,0.11493,0.13453
0.04648,0.01225,0.03245,0.73735,0.02347,0.02101,0.02288,0.10411
0.13927,0.03343,0.48767,0.03197,0.13492,0.11700,0.02141,0.03433
0.08591,0.01987,0.03255,0.76231,0.01184,0.01214,0.04260,0.03277
0.18707,0.14292,0.25517,0.07473,0.03348,0.02443,0.18711,0.09509
0.19947,0.52849,0.11280,0.05565,0.00878,0.00735,0.04345,0.04402
0.05755,0.01131,0.03683,0.75630,0.03165,0.03438,0.02064,0.05132
0.12354,0.01375,0.01741,0.30093,0.27337,0.23121,0.01259,0.02719
0.12317,0.65052,0.02961,0.04324,0.06015,0.04042,0.02569,0.02720
0.32396,0.21089,0.17762,0.05294,0.03151,0.02749,0.04877,0.12681
0.05615,0.02895,0.04140,0.55707,0.08954,0.09770,0.07935,0.04986
0.29580,0.06721,0.21431,0.06287,0.16992,0.09852,0.06368,0.02769
0.28373,0.17417,0.15673,0.07721,0.04590,0.03998,0.16709,0.05519
0.17357,0.21759,0.06660,0.15450,0.04306,0.02996,0.04053,0.27418
0.12580,0.29058,0.25179,0.04363,0.06691,0.05352,0.05406,0.11371
0.03031,0.02252,0.04400,0.59451,0.13165,0.07983,0.05173,0.04545
0.02178,0.03139,0.03149,0.23745,0.20583,0.18743,0.08247,0.20217
0.04623,0.14168,0.04230,0.24134,0.05125,0.03923,0.16240,0.27558
0.15440,0.20112,0.11484,0.17732,0.05684,0.04243,0.11745,0.13561
0.24104,0.02398,0.03359,0.51647,0.05891,0.05680,0.02725,0.04195
0.08106,0.04718,0.03227,0.07604,0.22309,0.42994,0.05509,0.05533
0.27596,0.04331,0.46855,0.03684,0.02470,0.01761,0.10559,0.02744
0.03106,0.07650,0.03908,0.07831,0.24383,0.26270,0.07879,0.18973
0.02102,0.02704,0.04226,0.06927,0.14913,0.18224,0.17599,0.33305
0.21992,0.01865,0.05263,0.55038,0.04554,0.04525,0.02777,0.03986
0.05424,0.04292,0.45368,0.08135,0.03496,0.02910,0.16184,0.14190
0.05048,0.01512,0.05672,0.35991,0.18288,0.22927,0.05586,0.04975
0.09036,0.01224,0.01629,0.35317,0.29652,0.19762,0.01701,0.01678
0.05395,0.03023,0.33776,0.10437,0.06940,0.05781,0.15048,0.19600
0.12931,0.02514,0.01690,0.39613,0.14141,0.22973,0.03169,0.02969
0.18095,0.11558,0.21299,0.12484,0.06961,0.06197,0.09326,0.14080
0.04922,0.06017,0.12029,0.07657,0.02182,0.01777,0.03919,0.61498
0.08106,0.05454,0.06125,0.37489,0.02473,0.02177,0.33522,0.04653
0.14367,0.02427,0.06139,0.46319,0.03693,0.03538,0.20204,0.03313
0.04566,0.55200,0.03232,0.06660,0.09097,0.06362,0.04186,0.10697
0.02988,0.02866,0.03380,0.13396,0.28528,0.36245,0.08001,0.04596
0.07681,0.02884,0.17636,0.17066,0.09638,0.13473,0.15417,0.16206
0.07938,0.02253,0.02623,0.06266,0.17942,0.56899,0.03924,0.02155
0.03159,0.07939,0.04131,0.15018,0.17689,0.16871,0.21005,0.14189
0.04692,0.12356,0.04150,0.11232,0.23186,0.25869,0.06476,0.12038
0.07903,0.02055,0.03000,0.76926,0.01690,0.01706,0.02928,0.03792
0.09299,0.28364,0.01882,0.12459,0.13997,0.16335,0.13113,0.04552
0.05772,0.09394,0.03095,0.31959,0.18567,0.13539,0.06029,0.11646
0.04072,0.02636,0.26655,0.17006,0.02681,0.02273,0.36823,0.07855
0.34219,0.03258,0.08303,0.16536,0.01722,0.01622,0.30538,0.03801
0.08613,0.05775,0.02088,0.20909,0.11302,0.11998,0.36211,0.03105
0.06234,0.01202,0.02168,0.68604,0.08101,0.07990,0.01169,0.04534
0.00882,0.00989,0.00698,0.09090,0.30502,0.49046,0.07110,0.01682
0.45031,0.03940,0.04471,0.29811,0.03144,0.03191,0.07139,0.03273
0.22611,0.15013,0.17010,0.10156,0.14224,0.08090,0.07282,0.05614
0.08427,0.69869,0.04888,0.01930,0.01609,0.01178,0.10619,0.01479
0.25833,0.02625,0.03888,0.34976,0.10207,0.10654,0.08091,0.03728
0.01948,0.03424,0.01805,0.14074,0.33335,0.24954,0.10449,0.10010
0.03738,0.01770,0.02826,0.77726,0.03446,0.02902,0.04392,0.03200
0.08111,0.19245,0.17481,0.23266,0.02453,0.02222,0.13134,0.14088
0.10601,0.03738,0.06453,0.38055,0.17202,0.13324,0.04299,0.06327
0.19587,0.38878,0.04393,0.06404,0.06250,0.04777,0.01782,0.17930
0.36804,0.01213,0.01299,0.13217,0.20740,0.23686,0.01360,0.01680
0.05821,0.02206,0.11330,0.51473,0.06148,0.05610,0.13047,0.04365
0.03154,0.02459,0.02837,0.25918,0.14225,0.14774,0.12278,0.24354
0.07303,0.02587,0.24904,0.21402,0.04149,0.05069,0.08805,0.25781
0.12862,0.10689,0.03586,0.05687,0.20423,0.27142,0.16465,0.03145
0.19395,0.01383,0.02895,0.58340,0.05173,0.04867,0.05872,0.02074
0.24523,0.01876,0.06724,0.36304,0.05150,0.06572,0.05509,0.13341
0.10706,0.50951,0.20025,0.03526,0.02553,0.02000,0.04054,0.06184
0.04269,0.01439,0.42829,0.15417,0.13853,0.08552,0.02023,0.11617
0.02488,0.05129,0.03899,0.12400,0.17210,0.20244,0.08207,0.30424
0.19891,0.01669,0.03492,0.16885,0.33232,0.20375,0.01825,0.02631
0.28104,0.01303,0.05245,0.41862,0.06208,0.06882,0.02670,0.07726
0.09602,0.40756,0.05759,0.06699,0.13335,0.11773,0.05661,0.06417
