0.02120,0.02229,0.01843,0.01534,0.01327,0.01723,0.01424,0.01550,0.01817,0.04105,0.08254,0.14017,0.01461,0.05678,0.21530,0.20390,0.01696,0.03240,0.00979,0.03083
0.04097,0.02974,0.02077,0.01722,0.01498,0.01217,0.01758,0.01863,0.01758,0.02876,0.04010,0.04556,0.01041,0.12129,0.18347,0.15204,0.01327,0.13847,0.06206,0.01493
0.06483,0.02463,0.02585,0.02741,0.02584,0.05271,0.02023,0.03813,0.02541,0.02396,0.03433,0.02375,0.01359,0.02869,0.18128,0.16802,0.01164,0.02239,0.14780,0.03950
0.02263,0.06534,0.02987,0.02702,0.02205,0.02325,0.03005,0.04368,0.02811,0.02700,0.05434,0.01808,0.00769,0.21697,0.05440,0.07753,0.01061,0.03393,0.15196,0.05550
0.03242,0.06088,0.05235,0.08966,0.06173,0.05589,0.04163,0.02635,0.03789,0.05192,0.05062,0.02110,0.00869,0.08997,0.09068,0.05697,0.01182,0.10434,0.02270,0.03236
0.01020,0.02967,0.01801,0.01332,0.00759,0.00641,0.00578,0.00704,0.01134,0.01440,0.03251,0.06106,0.01276,0.06292,0.30090,0.31255,0.02403,0.02028,0.02677,0.02245
0.00907,0.08010,0.04233,0.03519,0.02309,0.02101,0.02240,0.02131,0.03572,0.09199,0.05852,0.02266,0.01291,0.13648,0.02476,0.04608,0.01249,0.02007,0.25960,0.02423
0.01291,0.01781,0.02379,0.01323,0.01217,0.01426,0.00986,0.01725,0.02020,0.01786,0.01030,0.03393,0.01457,0.18152,0.03609,0.21092,0.00956,0.01518,0.31550,0.01308
0.01724,0.06639,0.02180,0.01392,0.01306,0.01693,0.01458,0.01514,0.02105,0.03919,0.07011,0.01932,0.00469,0.05250,0.03512,0.18878,0.00561,0.16985,0.19316,0.02156
0.02844,0.06797,0.06840,0.04115,0.01670,0.01457,0.01063,0.03068,0.01258,0.17042,0.01812,0.03887,0.05545,0.02012,0.11127,0.06963,0.11988,0.02557,0.03121,0.04832
0.03381,0.13574,0.12074,0.04352,0.01512,0.02468,0.02654,0.02314,0.02202,0.31794,0.01632,0.02015,0.01109,0.02689,0.01879,0.02202,0.01005,0.01578,0.07894,0.01670
0.01506,0.03071,0.01417,0.01113,0.01231,0.01087,0.01196,0.01762,0.01190,0.03137,0.01169,0.01676,0.01840,0.24985,0.06132,0.09876,0.02085,0.02482,0.30049,0.02994
0.02766,0.06795,0.05274,0.04079,0.05366,0.02316,0.02100,0.02089,0.03784,0.10869,0.18827,0.04784,0.00930,0.14712,0.04007,0.03248,0.00801,0.03333,0.02247,0.01672
0.02021,0.16945,0.01733,0.00978,0.01101,0.01167,0.01143,0.01761,0.02400,0.26284,0.03253,0.03846,0.01324,0.01387,0.13457,0.07550,0.00866,0.08917,0.02399,0.01466
0.01818,0.03844,0.01585,0.01422,0.01610,0.02873,0.01664,0.13744,0.05966,0.05570,0.01606,0.07865,0.01326,0.04419,0.15724,0.08143,0.01234,0.01607,0.16582,0.01399
0.04701,0.05531,0.04628,0.03073,0.02679,0.03023,0.02558,0.02046,0.04410,0.04451,0.02354,0.08414,0.01506,0.02531,0.03365,0.01450,0.01477,0.01707,0.39002,0.01094
0.05881,0.05960,0.02871,0.03248,0.02322,0.03021,0.02024,0.01800,0.02458,0.04040,0.09144,0.32261,0.01122,0.02452,0.04544,0.08223,0.01092,0.03008,0.01914,0.02615
0.00507,0.07420,0.01059,0.00568,0.00531,0.00265,0.00269,0.00664,0.03780,0.75907,0.01550,0.01659,0.00199,0.00930,0.02145,0.01149,0.00324,0.00376,0.00416,0.00282
0.08120,0.04573,0.23328,0.05810,0.07306,0.02874,0.02536,0.02030,0.03902,0.05675,0.02172,0.02764,0.01182,0.04229,0.03514,0.06647,0.01107,0.02143,0.08380,0.01707
0.01494,0.02291,0.01611,0.01700,0.01504,0.01085,0.01047,0.01359,0.02375,0.02630,0.24606,0.07627,0.00849,0.05539,0.05377,0.32444,0.01804,0.01140,0.01625,0.01893
0.02614,0.11921,0.04821,0.01944,0.01034,0.02935,0.01208,0.01291,0.04811,0.03210,0.00873,0.31691,0.05071,0.02262,0.12340,0.04165,0.03117,0.01085,0.02227,0.01379
0.02203,0.14219,0.05029,0.05094,0.01253,0.01189,0.00561,0.00989,0.02507,0.31403,0.02790,0.01741,0.01428,0.14531,0.02616,0.05104,0.01928,0.01239,0.02651,0.01527
0.01629,0.02534,0.02612,0.01450,0.01746,0.01359,0.01269,0.00926,0.03432,0.05266,0.44950,0.04039,0.00504,0.03263,0.15941,0.01073,0.01352,0.01091,0.00462,0.05101
0.06644,0.04839,0.01524,0.01881,0.00799,0.01796,0.01027,0.06160,0.05566,0.10239,0.02029,0.03050,0.01164,0.20360,0.03815,0.04243,0.00600,0.01657,0.21878,0.00730
0.01299,0.01820,0.01421,0.01319,0.01141,0.00712,0.00847,0.00868,0.01426,0.02168,0.04656,0.06770,0.00463,0.02245,0.37490,0.31049,0.00719,0.01417,0.01224,0.00946
0.01029,0.35553,0.01332,0.01179,0.00698,0.00855,0.00935,0.00962,0.01052,0.11029,0.08357,0.02180,0.01243,0.01607,0.22512,0.02030,0.01358,0.02643,0.01459,0.01988
0.01076,0.02202,0.01929,0.02418,0.00659,0.00870,0.01117,0.01105,0.01385,0.01509,0.06469,0.06827,0.02261,0.03835,0.36682,0.04677,0.02897,0.18815,0.01663,0.01603
0.02080,0.06659,0.01926,0.02198,0.01642,0.01230,0.01234,0.02731,0.07714,0.13426,0.17194,0.09425,0.00715,0.02612,0.09761,0.12879,0.01063,0.02468,0.01531,0.01513
0.01881,0.02144,0.01947,0.01644,0.01675,0.01402,0.01679,0.01749,0.01492,0.01752,0.10889,0.32415,0.01980,0.09544,0.12653,0.06448,0.04107,0.00688,0.01059,0.02851
0.00764,0.01440,0.00928,0.00968,0.00632,0.00614,0.00579,0.00749,0.00731,0.01252,0.00940,0.14348,0.00843,0.00903,0.49617,0.21536,0.00456,0.01083,0.01103,0.00513
0.01228,0.20297,0.02118,0.01134,0.01486,0.01922,0.01183,0.01399,0.04051,0.07237,0.09339,0.07376,0.01586,0.02409,0.03730,0.00956,0.01755,0.21292,0.06831,0.02672
0.01025,0.03392,0.01687,0.00981,0.01157,0.01107,0.00783,0.01100,0.01369,0.02074,0.16127,0.05151,0.00463,0.02255,0.26163,0.06092,0.00538,0.19993,0.05591,0.02953
0.00886,0.13855,0.01996,0.02913,0.01723,0.01456,0.01234,0.01161,0.01196,0.07470,0.04678,0.04812,0.00553,0.02551,0.08063,0.11696,0.01065,0.01396,0.29121,0.02175
0.02152,0.02558,0.02552,0.03428,0.02793,0.01718,0.02041,0.02651,0.02036,0.02227,0.01196,0.15660,0.02326,0.04112,0.23790,0.07741,0.01497,0.01143,0.16565,0.01814
0.01412,0.03615,0.04392,0.01766,0.01356,0.01243,0.00957,0.01407,0.01593,0.02628,0.05380,0.01638,0.01078,0.21631,0.02110,0.06542,0.01235,0.21528,0.16431,0.02058
0.00885,0.01622,0.01368,0.00981,0.00583,0.00985,0.00864,0.00841,0.00846,0.01747,0.01984,0.01558,0.00646,0.13692,0.02302,0.00850,0.00821,0.01394,0.64830,0.01203
0.03220,0.08943,0.02996,0.05794,0.02296,0.02997,0.01614,0.04395,0.02473,0.03517,0.04513,0.02204,0.00558,0.17539,0.05424,0.05906,0.00699,0.11612,0.12212,0.01088
0.01198,0.10018,0.02533,0.03308,0.01351,0.02510,0.02850,0.01392,0.09313,0.07512,0.03125,0.01320,0.00675,0.03158,0.01852,0.10638,0.00593,0.11551,0.24235,0.00869
0.01318,0.03307,0.02579,0.02217,0.00984,0.01036,0.01394,0.01199,0.02182,0.04401,0.20957,0.01640,0.00858,0.24108,0.01510,0.09148,0.01306,0.16470,0.02149,0.01237
0.01744,0.04457,0.02292,0.04305,0.02014,0.01488,0.02713,0.05213,0.03127,0.03975,0.16865,0.01493,0.00382,0.02630,0.03178,0.03527,0.00641,0.33814,0.04655,0.01487
0.01549,0.10198,0.26506,0.15210,0.00757,0.02513,0.01526,0.01468,0.04205,0.03054,0.05953,0.04215,0.01073,0.05487,0.09987,0.01151,0.02472,0.00891,0.00933,0.00853
0.01515,0.04182,0.01626,0.01960,0.01311,0.01593,0.01654,0.02984,0.02147,0.02493,0.12897,0.03407,0.00853,0.10162,0.13096,0.05526,0.01128,0.15858,0.12309,0.03299
0.02402,0.02764,0.03004,0.03168,0.02849,0.03508,0.01985,0.02560,0.02437,0.02218,0.07033,0.02485,0.00636,0.15162,0.03264,0.14491,0.00542,0.01544,0.26470,0.01478
0.00878,0.36092,0.03579,0.01674,0.00685,0.00964,0.00612,0.01367,0.01344,0.03751,0.01481,0.04062,0.07245,0.02343,0.07410,0.04124,0.01735,0.16946,0.02477,0.01228
0.00948,0.02148,0.01229,0.01157,0.01021,0.01205,0.02350,0.01109,0.06369,0.15850,0.07706,0.07339,0.00844,0.03728,0.35184,0.01493,0.01272,0.02780,0.04762,0.01507
0.08090,0.01930,0.01560,0.02049,0.00910,0.09874,0.01861,0.01353,0.01600,0.04459,0.05709,0.08893,0.03036,0.17283,0.04780,0.15527,0.04557,0.01835,0.01693,0.03001
0.02053,0.03370,0.03488,0.02506,0.01775,0.01613,0.01336,0.01950,0.03729,0.04378,0.05708,0.04800,0.02541,0.08810,0.16564,0.23625,0.02503,0.02447,0.02611,0.04192
0.00304,0.00727,0.00346,0.00346,0.00343,0.00235,0.00366,0.00206,0.68654,0.06831,0.01700,0.01219,0.00445,0.00762,0.02129,0.04326,0.00513,0.09238,0.00783,0.00528
0.02379,0.24252,0.03617,0.01021,0.01018,0.01577,0.01917,0.01668,0.01330,0.02222,0.03125,0.09860,0.00600,0.07251,0.14887,0.19025,0.01075,0.01036,0.01270,0.00870
0.01070,0.01954,0.01589,0.01223,0.00959,0.00885,0.00811,0.00835,0.00873,0.01675,0.08864,0.14869,0.01642,0.01148,0.18440,0.18789,0.01067,0.20306,0.01611,0.01391
0.02952,0.07755,0.01982,0.02103,0.01131,0.02113,0.00856,0.01308,0.01443,0.22977,0.05555,0.09686,0.02214,0.04297,0.18867,0.06632,0.01030,0.01306,0.01869,0.03926
0.01596,0.02976,0.02207,0.01931,0.01536,0.03410,0.01962,0.02320,0.01702,0.01562,0.01446,0.01631,0.01115,0.24652,0.04586,0.01547,0.01176,0.05658,0.34592,0.02394
0.01539,0.02917,0.02522,0.01941,0.01582,0.01334,0.01545,0.01252,0.02666,0.15131,0.02460,0.05847,0.14541,0.02430,0.03016,0.02352,0.30875,0.01684,0.02121,0.02246
0.02789,0.03233,0.03080,0.06055,0.01455,0.03330,0.02531,0.03270,0.02285,0.02755,0.13600,0.11214,0.01433,0.20137,0.12333,0.02985,0.02674,0.01306,0.01432,0.02103
0.03051,0.06982,0.02511,0.02288,0.01601,0.01862,0.02267,0.03452,0.04341,0.18909,0.01935,0.03701,0.02849,0.04112,0.05206,0.06485,0.01929,0.07776,0.17217,0.01530
0.01215,0.02146,0.01704,0.01840,0.01181,0.01058,0.01499,0.01409,0.01693,0.01675,0.02487,0.02141,0.00946,0.18439,0.04913,0.46030,0.01623,0.02520,0.01279,0.04201
0.03251,0.03743,0.02370,0.01938,0.01437,0.02157,0.01784,0.01968,0.02378,0.03414,0.01253,0.03979,0.04518,0.11105,0.05896,0.08572,0.16645,0.01652,0.19467,0.02473
0.01372,0.03390,0.01789,0.01925,0.01046,0.00954,0.00928,0.00799,0.01642,0.01513,0.02004,0.06622,0.22135,0.18422,0.06620,0.09457,0.14166,0.01360,0.02125,0.01733
0.01782,0.02515,0.01746,0.01561,0.01017,0.01300,0.01055,0.01561,0.01795,0.02648,0.07400,0.04115,0.00806,0.11840,0.02385,0.11834,0.00730,0.22057,0.19893,0.01961
0.00999,0.01369,0.01121,0.01123,0.00874,0.01084,0.00534,0.00612,0.00783,0.01225,0.01607,0.25505,0.38189,0.05491,0.02463,0.00777,0.04908,0.00686,0.09948,0.00702
0.02131,0.04898,0.06845,0.04331,0.07582,0.02151,0.03562,0.05017,0.04882,0.12227,0.02193,0.01261,0.00737,0.02346,0.01700,0.23265,0.00686,0.08501,0.02653,0.03030
0.03290,0.15247,0.01530,0.02188,0.01067,0.01613,0.00878,0.02538,0.02143,0.15199,0.04069,0.01659,0.01249,0.15753,0.02290,0.11963,0.00489,0.11645,0.04057,0.01134
0.01227,0.01734,0.01070,0.01047,0.01163,0.01294,0.00771,0.00843,0.01043,0.01485,0.03275,0.05589,0.01611,0.01350,0.18038,0.23960,0.09873,0.20668,0.01179,0.02781
0.02399,0.02011,0.01995,0.02179,0.01299,0.02180,0.01952,0.01769,0.03119,0.02105,0.02075,0.01586,0.00694,0.22611,0.02130,0.03021,0.00623,0.06013,0.39142,0.01098
0.04254,0.03404,0.01951,0.02127,0.03203,0.02167,0.01844,0.02163,0.21880,0.02387,0.03060,0.15970,0.00845,0.02310,0.19651,0.05606,0.00447,0.01739,0.03063,0.01928
0.01411,0.01880,0.01103,0.01029,0.00945,0.01080,0.00703,0.00832,0.01420,0.02238,0.24825,0.07925,0.00532,0.01030,0.19261,0.04120,0.00461,0.22046,0.05973,0.01186
0.05941,0.04229,0.05225,0.01845,0.01442,0.09579,0.01480,0.01069,0.01093,0.02018,0.02006,0.02047,0.03555,0.07479,0.13335,0.01484,0.02871,0.01960,0.28797,0.02544
0.02102,0.01544,0.01842,0.01363,0.01738,0.01163,0.03146,0.01414,0.04401,0.17426,0.14709,0.07319,0.01412,0.08477,0.04304,0.05868,0.16593,0.01000,0.01737,0.02443
0.02389,0.01556,0.03169,0.05763,0.02921,0.08658,0.01182,0.02019,0.06995,0.02302,0.16919,0.08433,0.01821,0.19737,0.02873,0.04453,0.02171,0.01366,0.02175,0.03100
0.05022,0.04339,0.02424,0.03751,0.05786,0.07837,0.05023,0.03468,0.08968,0.08323,0.08276,0.02117,0.01364,0.10482,0.02411,0.08146,0.02785,0.01378,0.02537,0.05563
0.01219,0.02815,0.06033,0.01614,0.01261,0.01901,0.01818,0.01157,0.01168,0.01867,0.01820,0.01038,0.00672,0.25072,0.02310,0.03550,0.00704,0.03264,0.38747,0.01972
0.01505,0.06601,0.02735,0.01627,0.02352,0.01867,0.02609,0.01199,0.03702,0.07703,0.02097,0.07049,0.03666,0.06855,0.04000,0.31497,0.04430,0.02051,0.04306,0.02150
0.01907,0.02648,0.02316,0.01695,0.00963,0.00925,0.00935,0.00900,0.01645,0.02532,0.02890,0.01812,0.02919,0.13331,0.02437,0.01233,0.08655,0.11798,0.36977,0.01482
0.00950,0.01848,0.01087,0.01069,0.00585,0.00748,0.00757,0.00694,0.00713,0.01431,0.02735,0.04382,0.09557,0.03187,0.28753,0.26045,0.05555,0.05636,0.02698,0.01570
0.01132,0.01773,0.01346,0.01668,0.00943,0.00892,0.00792,0.00848,0.01185,0.02829,0.10937,0.07035,0.00674,0.02043,0.20242,0.19736,0.00696,0.22301,0.01560,0.01368
0.01062,0.01593,0.01351,0.01107,0.00619,0.00895,0.00816,0.00830,0.01085,0.01615,0.02468,0.22740,0.01042,0.09233,0.43050,0.02907,0.04329,0.00962,0.00942,0.01355
0.21660,0.03225,0.02171,0.01510,0.01147,0.14789,0.00981,0.00817,0.01026,0.02297,0.02519,0.20372,0.01159,0.01427,0.12408,0.07026,0.00945,0.02298,0.01355,0.00868
0.02193,0.02555,0.04461,0.01672,0.02368,0.02068,0.01879,0.01446,0.02086,0.04225,0.01302,0.18418,0.05914,0.14507,0.21574,0.01136,0.01742,0.01066,0.08453,0.00932
0.02430,0.02911,0.02138,0.01997,0.01611,0.01618,0.01959,0.01813,0.01865,0.03741,0.14192,0.04221,0.09096,0.07461,0.12706,0.17347,0.03882,0.05082,0.01536,0.02394
0.02612,0.20202,0.10721,0.02817,0.01820,0.03764,0.02379,0.04145,0.02117,0.24664,0.01110,0.02319,0.01738,0.02694,0.03062,0.02122,0.01162,0.02492,0.06264,0.01797
0.02805,0.02654,0.02384,0.01749,0.03275,0.02580,0.02647,0.01979,0.02124,0.03305,0.06529,0.09987,0.01529,0.01391,0.10961,0.33825,0.01984,0.02946,0.02199,0.03145
0.02462,0.04600,0.03001,0.02409,0.02394,0.01797,0.01428,0.02491,0.01685,0.03998,0.12060,0.16557,0.01305,0.01357,0.03715,0.23951,0.01448,0.05968,0.05857,0.01518
0.02987,0.04629,0.02098,0.01276,0.02998,0.01740,0.02199,0.05842,0.05910,0.04711,0.04606,0.02836,0.00536,0.11901,0.06875,0.07523,0.00773,0.14478,0.12471,0.03612
0.03377,0.02723,0.02955,0.03855,0.01562,0.02165,0.02189,0.03379,0.02988,0.07949,0.02616,0.01573,0.00609,0.07987,0.04470,0.34408,0.01019,0.08479,0.03581,0.02116
0.02530,0.07004,0.03145,0.03070,0.02129,0.01647,0.02449,0.02191,0.03905,0.06214,0.03672,0.02776,0.00707,0.34492,0.03463,0.04638,0.00958,0.01954,0.11501,0.01555
0.02507,0.03205,0.02224,0.04940,0.04090,0.03803,0.03232,0.01757,0.03776,0.06772,0.04823,0.01471,0.00523,0.17944,0.02381,0.01785,0.00494,0.18467,0.14686,0.01120
0.01285,0.10622,0.03400,0.07064,0.01177,0.01532,0.03242,0.02702,0.04722,0.07393,0.02535,0.05061,0.01538,0.02724,0.23914,0.01463,0.01289,0.09341,0.08238,0.00759
0.00537,0.54974,0.00996,0.00637,0.00470,0.00458,0.00518,0.00351,0.00546,0.10405,0.07061,0.01174,0.00336,0.01085,0.01483,0.01285,0.00289,0.15074,0.01697,0.00624
0.03172,0.07596,0.02914,0.03684,0.02639,0.01927,0.03048,0.01852,0.03400,0.05357,0.03094,0.09026,0.01305,0.13838,0.09724,0.04687,0.01110,0.02099,0.18265,0.01262
0.01415,0.02827,0.03616,0.02272,0.01672,0.01251,0.02047,0.04201,0.04526,0.18023,0.10769,0.01862,0.01111,0.15536,0.02015,0.01273,0.01672,0.04772,0.11705,0.07435
0.04555,0.04459,0.02292,0.03583,0.01864,0.01627,0.03812,0.03828,0.02014,0.03077,0.01957,0.03678,0.01855,0.01707,0.29622,0.02015,0.00884,0.13921,0.12233,0.01018
0.01984,0.27232,0.03165,0.02846,0.00668,0.01617,0.00837,0.01191,0.01374,0.15351,0.11519,0.02694,0.01160,0.17140,0.02959,0.01195,0.02280,0.01756,0.01532,0.01501
0.02066,0.20416,0.05771,0.02454,0.00752,0.01156,0.00978,0.01902,0.01428,0.17568,0.03443,0.04317,0.01935,0.03000,0.08597,0.11953,0.01993,0.07579,0.01405,0.01288
0.01999,0.02007,0.02191,0.01645,0.01025,0.02344,0.01260,0.03563,0.07595,0.03070,0.00814,0.01610,0.01742,0.31191,0.02985,0.03133,0.00637,0.02440,0.28066,0.00683
0.04890,0.05010,0.19633,0.03827,0.01876,0.02416,0.01948,0.04963,0.02827,0.03302,0.02770,0.02077,0.00932,0.02577,0.02309,0.21303,0.00768,0.08930,0.06028,0.01614
0.02273,0.02702,0.01865,0.02146,0.04587,0.03403,0.01997,0.21771,0.02711,0.03711,0.03305,0.04609,0.01725,0.05398,0.07469,0.02718,0.01304,0.02133,0.22091,0.02083
0.01318,0.01826,0.01762,0.02595,0.01076,0.01209,0.01257,0.01225,0.01302,0.03869,0.03379,0.02158,0.00651,0.23211,0.03726,0.01255,0.01094,0.26689,0.18831,0.01565
0.07832,0.04414,0.04743,0.07115,0.02766,0.02529,0.05247,0.03931,0.02707,0.02862,0.03308,0.13638,0.00796,0.02922,0.24227,0.01431,0.01338,0.01276,0.05707,0.01211
0.01111,0.02224,0.01209,0.01105,0.00800,0.00766,0.00732,0.00949,0.01032,0.03393,0.25355,0.02562,0.00878,0.01587,0.09963,0.21850,0.00807,0.21287,0.01439,0.00949
0.00528,0.22799,0.01171,0.01334,0.00753,0.00549,0.00371,0.01205,0.05494,0.51862,0.02280,0.03432,0.00343,0.01046,0.01887,0.02599,0.00593,0.00581,0.00613,0.00562
