0.08735,0.14746,0.31889,0.05960,0.05853,0.03602,0.16133,0.05070,0.03408,0.04604
0.10009,0.11185,0.16995,0.07462,0.07346,0.04664,0.26177,0.05396,0.05010,0.05755
0.08505,0.12156,0.24517,0.05451,0.05427,0.03595,0.26273,0.05006,0.03936,0.05133
0.04253,0.14128,0.40244,0.02796,0.02755,0.02136,0.25237,0.03182,0.02211,0.03059
0.08543,0.12678,0.27322,0.06231,0.06388,0.03878,0.18575,0.05617,0.04969,0.05801
0.05494,0.12983,0.32588,0.03894,0.03971,0.03108,0.26547,0.04198,0.02903,0.04315
0.06225,0.12237,0.29837,0.04464,0.05304,0.02631,0.30313,0.03093,0.02642,0.03254
0.07666,0.14548,0.33652,0.05831,0.05089,0.02941,0.18190,0.04724,0.03014,0.04346
0.08158,0.15018,0.35766,0.05326,0.05374,0.03630,0.13992,0.04797,0.03302,0.04637
0.09682,0.15034,0.32198,0.07196,0.07119,0.03208,0.13011,0.04874,0.03547,0.04131
0.07286,0.12850,0.30676,0.04976,0.04866,0.02653,0.26664,0.03729,0.02642,0.03658
0.08221,0.12353,0.24143,0.06748,0.06264,0.03669,0.23517,0.05518,0.04126,0.05441
0.08940,0.14723,0.30537,0.06437,0.06695,0.03939,0.14393,0.05228,0.04070,0.05038
0.08339,0.11849,0.20322,0.06311,0.06645,0.04251,0.23957,0.06327,0.05285,0.06714
0.07361,0.12976,0.31041,0.05140,0.05090,0.02764,0.26337,0.03584,0.02632,0.03075
0.05247,0.16812,0.49258,0.03653,0.03912,0.01982,0.12394,0.02433,0.01828,0.02480
0.08543,0.13854,0.28824,0.05851,0.05788,0.02946,0.22996,0.04103,0.03053,0.04042
0.09890,0.13356,0.25964,0.07922,0.06875,0.04798,0.12927,0.06315,0.04979,0.06975
0.04994,0.09602,0.21866,0.03662,0.04070,0.02282,0.44877,0.03104,0.02422,0.03120
0.08416,0.12059,0.23357,0.06016,0.06359,0.04028,0.24126,0.05865,0.04215,0.05561
0.10065,0.14025,0.23656,0.06984,0.07475,0.04972,0.17484,0.05276,0.04306,0.05757
0.07632,0.13095,0.28810,0.05460,0.05563,0.02601,0.26942,0.03410,0.02831,0.03655
0.06998,0.14496,0.36903,0.05285,0.05360,0.03189,0.15900,0.04447,0.03091,0.04331
0.10017,0.15280,0.33927,0.07058,0.07436,0.02058,0.16438,0.02776,0.02130,0.02880
0.12281,0.12945,0.21740,0.08767,0.08777,0.04755,0.11120,0.06900,0.05974,0.06740
0.09156,0.16236,0.38628,0.06260,0.06208,0.02785,0.10069,0.03860,0.02855,0.03942
0.07611,0.13110,0.30129,0.05457,0.05268,0.03335,0.21751,0.04470,0.03846,0.05023
0.07747,0.13456,0.30828,0.05131,0.05260,0.02054,0.26675,0.03328,0.02268,0.03254
0.10115,0.13109,0.24544,0.07923,0.07695,0.04467,0.16462,0.05649,0.04322,0.05714
0.08571,0.14610,0.28040,0.06520,0.06052,0.02905,0.20654,0.04504,0.03531,0.04612
0.10221,0.13895,0.25864,0.07974,0.07679,0.04432,0.11995,0.06792,0.05045,0.06103
0.06766,0.10621,0.23899,0.04805,0.04762,0.02652,0.36088,0.03744,0.02925,0.03740
0.08505,0.14158,0.28862,0.06593,0.06756,0.03160,0.20549,0.04142,0.03082,0.04192
0.07534,0.15189,0.37938,0.05255,0.05085,0.02889,0.14160,0.04310,0.03276,0.04363
0.07177,0.11002,0.20880,0.05172,0.05246,0.03875,0.30212,0.05868,0.04571,0.05997
0.10459,0.15064,0.32569,0.07560,0.08132,0.02609,0.13863,0.03615,0.02666,0.03462
0.06795,0.13857,0.34111,0.04470,0.04704,0.02253,0.25279,0.03077,0.02168,0.03287
0.08151,0.14703,0.33855,0.05777,0.05323,0.02649,0.19090,0.03747,0.02779,0.03925
0.07001,0.13181,0.30777,0.05099,0.04976,0.02177,0.28029,0.03135,0.02395,0.03230
0.07410,0.13022,0.29569,0.05357,0.05181,0.03227,0.24063,0.04410,0.03186,0.04576
0.06799,0.10393,0.18854,0.04928,0.04644,0.03786,0.32529,0.06621,0.05176,0.06270
0.07919,0.11979,0.23638,0.05594,0.05998,0.02747,0.32648,0.03313,0.02639,0.03524
0.10550,0.13146,0.22790,0.07907,0.08232,0.03757,0.20687,0.04664,0.03502,0.04765
0.09148,0.12476,0.23822,0.05940,0.06537,0.03462,0.27013,0.04272,0.02997,0.04335
0.05812,0.10196,0.22808,0.04595,0.04415,0.03813,0.32584,0.05473,0.04274,0.06029
0.07197,0.11874,0.26643,0.05357,0.04732,0.03297,0.26267,0.05391,0.03857,0.05386
0.06809,0.15770,0.41239,0.04849,0.04754,0.02653,0.13416,0.03932,0.02864,0.03713
0.08252,0.11566,0.20219,0.06718,0.07050,0.05290,0.21718,0.07473,0.05025,0.06688
0.06484,0.15241,0.39613,0.05097,0.04907,0.03207,0.13619,0.04272,0.03235,0.04325
0.05502,0.15333,0.44090,0.03966,0.03611,0.02287,0.15353,0.03401,0.02788,0.03669
0.09051,0.16145,0.37282,0.06835,0.06276,0.02580,0.13122,0.03101,0.02382,0.03227
0.09023,0.15181,0.33635,0.06539,0.06316,0.03073,0.13908,0.04284,0.03655,0.04387
0.09205,0.16094,0.37876,0.05815,0.05854,0.02289,0.13856,0.03392,0.02493,0.03127
0.09427,0.13500,0.26318,0.06927,0.06903,0.04111,0.14922,0.06650,0.04689,0.06553
0.04812,0.08472,0.17935,0.03361,0.03481,0.01742,0.52872,0.02879,0.01913,0.02533
0.06846,0.17483,0.46803,0.04383,0.04623,0.01990,0.10086,0.02815,0.01990,0.02981
0.08403,0.13946,0.29473,0.06070,0.05975,0.03522,0.18781,0.05177,0.03922,0.04731
0.08450,0.15338,0.35075,0.06347,0.06485,0.03330,0.11409,0.04803,0.03737,0.05026
0.10059,0.14688,0.29268,0.07811,0.07612,0.03987,0.12052,0.05113,0.03996,0.05415
0.08161,0.15227,0.35023,0.06154,0.06752,0.03511,0.12377,0.04583,0.03604,0.04609
0.08446,0.13517,0.27780,0.06945,0.07113,0.03633,0.19608,0.04706,0.03703,0.04547
0.07634,0.12374,0.27703,0.05785,0.05265,0.03475,0.24147,0.05019,0.03474,0.05125
0.08818,0.13443,0.28765,0.06858,0.06454,0.04255,0.14166,0.06172,0.04905,0.06163
0.06452,0.15037,0.39014,0.04437,0.04262,0.02062,0.20646,0.02978,0.02203,0.02910
0.09375,0.13719,0.27516,0.06195,0.06654,0.03604,0.19540,0.04825,0.03740,0.04830
0.08686,0.13470,0.26878,0.07009,0.06641,0.04317,0.16413,0.05987,0.04572,0.06026
0.08801,0.13677,0.28211,0.06946,0.06436,0.03266,0.21169,0.04258,0.03147,0.04088
0.07200,0.15249,0.36843,0.04961,0.05092,0.02364,0.18434,0.03561,0.02769,0.03528
0.06780,0.15255,0.40979,0.04674,0.04255,0.02156,0.17902,0.02859,0.02114,0.03026
0.07594,0.11689,0.24546,0.05527,0.06056,0.03555,0.25893,0.05629,0.04252,0.05259
0.07806,0.11850,0.26436,0.05671,0.05980,0.04468,0.20787,0.05974,0.05046,0.05982
0.08102,0.12257,0.24424,0.05873,0.06190,0.03971,0.21715,0.06353,0.04885,0.06230
0.08886,0.12547,0.25808,0.06201,0.06523,0.03999,0.21519,0.05607,0.04066,0.04843
0.07693,0.14217,0.30078,0.05880,0.06625,0.03101,0.20001,0.04334,0.03813,0.04258
0.08061,0.11906,0.23616,0.06366,0.06372,0.04576,0.18778,0.07425,0.05946,0.06956
0.07958,0.10921,0.20334,0.06424,0.06611,0.04690,0.26319,0.06103,0.04903,0.05738
0.07304,0.13044,0.31339,0.04840,0.04931,0.02560,0.26125,0.03747,0.02757,0.03353
0.07248,0.13640,0.32327,0.05149,0.05185,0.03157,0.20752,0.04331,0.03569,0.04640
0.08200,0.15032,0.34994,0.05507,0.05518,0.02739,0.16456,0.03803,0.03390,0.04362
0.07014,0.13430,0.31300,0.05761,0.05802,0.02979,0.23672,0.03647,0.02781,0.03612
0.06840,0.12209,0.27285,0.05073,0.05053,0.03218,0.25796,0.05275,0.03933,0.05316
0.06532,0.12639,0.31648,0.04531,0.04657,0.02447,0.28091,0.03312,0.02654,0.03489
0.09843,0.16086,0.36001,0.06192,0.05482,0.02319,0.15450,0.03251,0.02259,0.03117
0.06032,0.09644,0.20023,0.04766,0.05652,0.03764,0.36353,0.04992,0.03910,0.04863
0.08265,0.12679,0.27742,0.05844,0.06389,0.03779,0.20301,0.05488,0.04179,0.05335
0.08571,0.16567,0.39990,0.05564,0.05420,0.02617,0.10307,0.03789,0.03116,0.04058
0.07319,0.13964,0.33089,0.05241,0.05671,0.02979,0.21410,0.03630,0.02858,0.03838
0.08470,0.14431,0.32524,0.05822,0.05960,0.02789,0.18129,0.04150,0.03203,0.04521
0.09876,0.13501,0.24838,0.07175,0.06809,0.04634,0.16586,0.06603,0.04248,0.05731
0.07304,0.15421,0.39960,0.04712,0.04757,0.02567,0.14000,0.04316,0.02942,0.04022
0.04257,0.07738,0.17050,0.03294,0.03334,0.02109,0.53496,0.03379,0.02422,0.02922
0.07020,0.14590,0.37127,0.04738,0.04730,0.02828,0.16800,0.04315,0.03189,0.04663
0.07212,0.14179,0.34660,0.05209,0.05169,0.02870,0.19825,0.03856,0.02929,0.04091
0.08567,0.13306,0.26849,0.06279,0.06613,0.03481,0.21033,0.05067,0.03984,0.04820
0.06057,0.12515,0.31868,0.04584,0.04920,0.02205,0.29421,0.02924,0.02310,0.03197
0.06694,0.13664,0.34160,0.04405,0.04101,0.01974,0.27803,0.02551,0.01991,0.02656
0.08816,0.12019,0.23652,0.06039,0.06752,0.04975,0.18936,0.07162,0.05116,0.06534
0.04445,0.17785,0.53362,0.03254,0.03293,0.01349,0.10564,0.02265,0.01578,0.02104
0.09478,0.14518,0.30394,0.06614,0.06709,0.03417,0.13891,0.05292,0.04102,0.05585
0.09210,0.12446,0.24022,0.06974,0.06671,0.03533,0.23633,0.04968,0.03775,0.04769
0.08752,0.15682,0.37169,0.05640,0.06168,0.02604,0.13627,0.03935,0.02894,0.03528
0.10012,0.15777,0.31607,0.07068,0.07067,0.03108,0.13322,0.04073,0.03596,0.04369
0.08109,0.11231,0.22392,0.06049,0.05850,0.03155,0.29868,0.05002,0.03594,0.04749
0.08035,0.11948,0.24593,0.05255,0.05406,0.02956,0.30208,0.04375,0.03202,0.04021
0.07946,0.11664,0.23548,0.05958,0.06137,0.03250,0.28713,0.04620,0.03523,0.04641
0.08015,0.13846,0.31676,0.05618,0.05988,0.03315,0.19624,0.04026,0.03276,0.04618
0.10039,0.14140,0.27835,0.07303,0.07020,0.03023,0.17335,0.04579,0.03865,0.04861
0.05717,0.14806,0.43234,0.03585,0.03934,0.02232,0.17455,0.03332,0.02401,0.03302
0.06791,0.12964,0.31691,0.04728,0.04606,0.02536,0.25772,0.04083,0.02832,0.03997
0.08490,0.14552,0.29748,0.06215,0.07184,0.03970,0.15836,0.05200,0.04014,0.04791
0.08078,0.13657,0.32407,0.05526,0.05530,0.03667,0.17810,0.04814,0.03446,0.05065
0.10353,0.12501,0.20130,0.07056,0.06723,0.05567,0.15130,0.08365,0.06288,0.07885
0.07783,0.12205,0.23493,0.05906,0.06170,0.03219,0.26810,0.05147,0.03892,0.05375
0.07500,0.12373,0.28658,0.05326,0.05286,0.02919,0.26240,0.04385,0.03192,0.04121
0.09472,0.13140,0.26488,0.06970,0.06912,0.04428,0.16735,0.05605,0.04392,0.05857
0.08534,0.13544,0.24957,0.05842,0.06590,0.03942,0.21542,0.05656,0.03968,0.05424
0.06522,0.15914,0.39556,0.05030,0.04839,0.02652,0.15726,0.03262,0.02659,0.03839
0.08827,0.13159,0.27710,0.06374,0.06520,0.03799,0.18601,0.05538,0.03907,0.05566
0.08732,0.14523,0.32323,0.06170,0.06659,0.03291,0.15307,0.04796,0.03766,0.04433
0.05935,0.14494,0.38272,0.04532,0.04619,0.02287,0.20770,0.03205,0.02435,0.03452
0.06670,0.14312,0.36680,0.04494,0.04451,0.02466,0.21602,0.03403,0.02443,0.03478
0.08344,0.15508,0.35812,0.05997,0.05494,0.02954,0.14709,0.04140,0.02997,0.04046
0.07978,0.14169,0.30811,0.05976,0.06062,0.03104,0.20455,0.04115,0.03016,0.04315
0.08942,0.16819,0.42875,0.06176,0.05736,0.02159,0.08510,0.03113,0.02374,0.03296
0.08366,0.14165,0.31941,0.05926,0.06065,0.02945,0.18056,0.04859,0.03527,0.04150
0.08790,0.15960,0.36757,0.06298,0.06526,0.02865,0.13518,0.03347,0.02734,0.03204
0.09903,0.14563,0.31080,0.06518,0.06953,0.02514,0.19445,0.03058,0.02506,0.03460
0.06486,0.13849,0.36030,0.04051,0.03925,0.02052,0.25196,0.03074,0.02196,0.03140
0.08000,0.13957,0.32271,0.06108,0.06083,0.02739,0.20020,0.03954,0.03004,0.03864
0.07946,0.13221,0.30485,0.05594,0.05315,0.02876,0.23728,0.04083,0.02796,0.03956
0.08073,0.13327,0.30407,0.05807,0.05657,0.03813,0.19529,0.04515,0.03759,0.05114
0.12136,0.13391,0.22546,0.08244,0.07542,0.03637,0.20382,0.04342,0.03392,0.04388
0.09198,0.14569,0.32596,0.06556,0.06513,0.03176,0.14813,0.04343,0.03642,0.04594
0.07864,0.12705,0.28117,0.05747,0.05325,0.03628,0.23137,0.05044,0.03672,0.04761
0.07201,0.11214,0.23044,0.05657,0.06225,0.04262,0.27065,0.05499,0.04359,0.05475
0.09239,0.14070,0.28900,0.06630,0.07401,0.03704,0.15358,0.05224,0.04036,0.05437
0.09982,0.14462,0.29122,0.07302,0.07327,0.03030,0.16588,0.04289,0.03794,0.04104
0.06718,0.10529,0.22269,0.05383,0.05202,0.03264,0.34132,0.04635,0.03275,0.04592
0.07693,0.14936,0.35977,0.05387,0.05148,0.02734,0.18291,0.03608,0.02697,0.03530
0.06641,0.10683,0.21840,0.05271,0.05048,0.03033,0.35301,0.04737,0.03199,0.04248
0.06872,0.12515,0.28485,0.04805,0.04672,0.02657,0.28873,0.03913,0.03177,0.04031
0.09312,0.14177,0.30509,0.06686,0.06747,0.03560,0.15865,0.04510,0.03704,0.04931
0.07865,0.12280,0.24812,0.05299,0.05489,0.02888,0.29235,0.04483,0.03406,0.04243
0.08550,0.14178,0.28475,0.06587,0.06596,0.02653,0.22182,0.03974,0.02913,0.03892
0.08573,0.14460,0.32021,0.06191,0.05867,0.02968,0.18768,0.03836,0.03189,0.04127
0.08561,0.14985,0.32480,0.06069,0.06578,0.03232,0.13950,0.05129,0.04146,0.04870
0.08213,0.14285,0.30296,0.06270,0.06110,0.03364,0.19284,0.04494,0.03416,0.04268
0.06196,0.13114,0.32880,0.04350,0.04404,0.02469,0.25667,0.04120,0.03034,0.03767
0.07668,0.15065,0.34514,0.05217,0.05530,0.02669,0.18677,0.03835,0.02749,0.04074
0.09381,0.15499,0.35536,0.06501,0.06811,0.02352,0.15210,0.03069,0.02575,0.03066
0.06213,0.11660,0.29236,0.04368,0.04356,0.02341,0.32412,0.03293,0.02676,0.03446
0.07471,0.16279,0.40688,0.05322,0.05054,0.02240,0.13864,0.03282,0.02435,0.03364
0.06952,0.15037,0.38215,0.04691,0.04488,0.02256,0.19914,0.02959,0.02356,0.03131
0.07480,0.13728,0.33581,0.05058,0.04783,0.02735,0.22471,0.03682,0.02710,0.03774
0.10071,0.14827,0.29873,0.06761,0.07176,0.03856,0.12419,0.05508,0.04118,0.05392
0.06359,0.13803,0.36335,0.04011,0.04217,0.02179,0.24662,0.03098,0.02237,0.03099
0.08496,0.11147,0.19242,0.06143,0.06201,0.06967,0.16372,0.09353,0.07105,0.08974
0.07620,0.15350,0.37923,0.04653,0.05076,0.02147,0.18204,0.03369,0.02351,0.03306
0.08841,0.12337,0.20266,0.06859,0.06711,0.03288,0.28290,0.04813,0.03690,0.04905
0.07574,0.14237,0.35137,0.05243,0.05446,0.02936,0.17670,0.04210,0.03114,0.04433
0.07703,0.14833,0.35784,0.05532,0.05237,0.03252,0.15668,0.04494,0.03376,0.04122
0.09745,0.15634,0.29255,0.07534,0.08443,0.03319,0.14557,0.04301,0.03196,0.04017
0.08141,0.12593,0.26094,0.06450,0.05817,0.03995,0.20250,0.05738,0.04903,0.06018
0.10431,0.12973,0.23086,0.07564,0.07842,0.04511,0.17779,0.05514,0.04274,0.06025
0.07984,0.13212,0.29260,0.05943,0.05579,0.03044,0.22849,0.04416,0.03433,0.04279
0.06085,0.11488,0.26413,0.04463,0.04640,0.02969,0.32629,0.04261,0.02984,0.04069
0.08327,0.12289,0.25357,0.05621,0.05741,0.04108,0.23118,0.05976,0.03880,0.05583
0.08433,0.15958,0.36406,0.06172,0.05948,0.02868,0.12870,0.04258,0.03120,0.03967
0.07270,0.13965,0.33209,0.05033,0.05759,0.03824,0.15475,0.05862,0.04386,0.05217
0.10636,0.14147,0.25644,0.07737,0.07932,0.03913,0.15364,0.05143,0.04420,0.05062
0.09111,0.13362,0.25760,0.07080,0.07338,0.04421,0.15854,0.06024,0.05268,0.05782
0.07386,0.12364,0.29299,0.05067,0.04803,0.02762,0.26424,0.04366,0.03138,0.04391
0.07734,0.15186,0.38894,0.05194,0.05193,0.02714,0.14019,0.04117,0.02985,0.03965
0.07590,0.11632,0.25115,0.04889,0.04900,0.02820,0.32727,0.03874,0.02658,0.03797
0.06092,0.10190,0.23129,0.04157,0.04405,0.03144,0.36618,0.04387,0.03426,0.04453
0.07020,0.10906,0.24247,0.05397,0.05495,0.03824,0.26698,0.05737,0.04408,0.06266
0.09450,0.14401,0.26054,0.07306,0.07507,0.02851,0.22231,0.03830,0.02727,0.03644
0.08053,0.12270,0.25721,0.05901,0.05290,0.03587,0.25710,0.04908,0.03646,0.04914
0.07164,0.12917,0.29984,0.04806,0.05170,0.02444,0.27880,0.03561,0.02656,0.03417
0.07324,0.11052,0.24352,0.05295,0.05742,0.03515,0.26934,0.05179,0.04623,0.05985
0.10228,0.13733,0.23583,0.06953,0.07107,0.03941,0.19062,0.05367,0.04539,0.05486
0.06370,0.12073,0.27284,0.04812,0.04954,0.02718,0.29875,0.04616,0.03267,0.04031
0.06270,0.15667,0.40440,0.04110,0.04348,0.01896,0.19801,0.02771,0.01980,0.02716
0.08692,0.15947,0.37607,0.06112,0.05930,0.02757,0.12534,0.03878,0.02855,0.03688
0.11920,0.14466,0.27074,0.08346,0.08295,0.03053,0.14939,0.04685,0.03157,0.04064
0.08707,0.15226,0.36820,0.05596,0.05566,0.03287,0.12700,0.04216,0.03329,0.04553
0.08730,0.14717,0.31252,0.06232,0.06578,0.03539,0.16391,0.04763,0.03069,0.04728
0.07656,0.13200,0.30122,0.05522,0.05518,0.02741,0.25440,0.03384,0.02802,0.03613
0.08004,0.14905,0.35868,0.05758,0.05430,0.03438,0.11870,0.05136,0.04401,0.05189
0.08364,0.14499,0.32611,0.06111,0.05885,0.03174,0.16731,0.04618,0.03131,0.04877
0.09917,0.12940,0.23630,0.06446,0.06549,0.02962,0.23324,0.04712,0.03959,0.05560
0.09112,0.14236,0.29360,0.06781,0.06961,0.03763,0.15889,0.04654,0.04168,0.05077
0.10956,0.15484,0.29339,0.07377,0.06727,0.03335,0.10555,0.05850,0.04618,0.05760
0.07367,0.14831,0.37983,0.05517,0.05152,0.02677,0.14908,0.04320,0.03256,0.03988
0.08117,0.12936,0.29952,0.05411,0.05383,0.02879,0.24362,0.03832,0.03098,0.04029
0.09582,0.14426,0.25738,0.06506,0.06452,0.02862,0.23764,0.03842,0.03015,0.03813
0.08628,0.13816,0.32909,0.05828,0.05897,0.03734,0.15445,0.05044,0.03943,0.04755
0.07353,0.15678,0.40365,0.04964,0.05244,0.02262,0.15818,0.03117,0.02389,0.02811
0.06186,0.18256,0.52172,0.03965,0.03897,0.01668,0.07727,0.02167,0.01711,0.02251
0.07119,0.12567,0.29151,0.05148,0.05232,0.03021,0.26129,0.04009,0.03141,0.04483
0.06294,0.09913,0.22012,0.04475,0.04717,0.03147,0.36601,0.04939,0.03057,0.04845
0.08180,0.13282,0.26181,0.06875,0.06231,0.03483,0.22111,0.05097,0.03521,0.05040
0.08219,0.13967,0.30165,0.06126,0.05899,0.03231,0.19282,0.04622,0.03773,0.04715
0.06262,0.09430,0.20165,0.04191,0.04416,0.02182,0.43471,0.03456,0.02843,0.03584
0.06529,0.15731,0.42678,0.04292,0.04185,0.01758,0.18074,0.02511,0.01845,0.02397
0.07726,0.14022,0.36790,0.05441,0.05621,0.02527,0.18398,0.03482,0.02438,0.03555
0.06948,0.11453,0.26219,0.04810,0.05002,0.02982,0.31840,0.04022,0.02862,0.03862
0.07552,0.11970,0.26213,0.05824,0.05666,0.03923,0.23002,0.05735,0.04361,0.05754
0.06165,0.10901,0.26037,0.04317,0.04280,0.02405,0.35798,0.03726,0.02776,0.03595
0.06187,0.10421,0.22866,0.04842,0.04850,0.02862,0.37382,0.04001,0.02921,0.03668
0.10149,0.15780,0.34464,0.07741,0.07175,0.02866,0.11116,0.03736,0.03054,0.03919
0.08498,0.14107,0.29079,0.06323,0.06941,0.04266,0.16424,0.05290,0.03890,0.05182
0.06480,0.12330,0.30080,0.04330,0.04642,0.02256,0.31101,0.03146,0.02413,0.03221
0.07783,0.14283,0.33924,0.05800,0.05660,0.03041,0.17781,0.04322,0.03167,0.04239
0.07832,0.13831,0.30374,0.05490,0.05510,0.02679,0.23607,0.03917,0.02982,0.03779
0.06186,0.13348,0.33537,0.04440,0.04369,0.02322,0.25616,0.03675,0.02703,0.03802
0.07433,0.10107,0.19516,0.05286,0.06167,0.03276,0.35850,0.04739,0.03402,0.04224
0.07876,0.11556,0.23188,0.06205,0.06077,0.04062,0.25533,0.05866,0.03906,0.05732
0.08580,0.14495,0.31730,0.06235,0.06166,0.04238,0.12390,0.05760,0.04422,0.05985
0.09139,0.10984,0.22453,0.06432,0.06932,0.04474,0.20193,0.06843,0.05680,0.06870
0.07162,0.10778,0.23133,0.05176,0.05321,0.03405,0.31765,0.04652,0.03974,0.04633
0.09034,0.14758,0.33076,0.06321,0.06676,0.03940,0.11218,0.05325,0.04455,0.05195
0.05498,0.09387,0.21350,0.04138,0.04247,0.02434,0.43419,0.03252,0.02590,0.03686
0.05286,0.13169,0.33931,0.04160,0.04703,0.03324,0.21662,0.05202,0.03714,0.04848
0.08027,0.13752,0.28197,0.05702,0.06185,0.02650,0.26190,0.03531,0.02540,0.03227
0.07501,0.12856,0.28583,0.05362,0.05575,0.03218,0.24183,0.04725,0.03698,0.04300
0.08250,0.13392,0.29135,0.06025,0.05909,0.03603,0.18406,0.05300,0.04238,0.05742
0.09172,0.14428,0.27942,0.06557,0.07068,0.03651,0.17742,0.04715,0.03778,0.04948
0.09077,0.12371,0.22337,0.06386,0.06605,0.03503,0.26814,0.04667,0.03765,0.04474
0.05501,0.12179,0.30309,0.04055,0.03839,0.02009,0.34722,0.02441,0.02102,0.02843
0.06701,0.10775,0.24211,0.04698,0.05000,0.03161,0.33522,0.04228,0.03494,0.04209
0.07254,0.11541,0.28045,0.04751,0.04646,0.02663,0.31640,0.03494,0.02510,0.03455
0.07881,0.13483,0.28817,0.05288,0.05920,0.03099,0.22871,0.04717,0.03538,0.04385
0.07415,0.12783,0.30789,0.05171,0.05498,0.02848,0.25239,0.03710,0.02622,0.03925
0.05355,0.12005,0.30851,0.03893,0.03891,0.02378,0.31766,0.03570,0.02723,0.03569
0.06729,0.14628,0.38118,0.04545,0.04599,0.01933,0.22220,0.02730,0.01756,0.02741
0.07040,0.11680,0.27638,0.04751,0.04803,0.02950,0.30237,0.03821,0.02749,0.04331
0.07323,0.13277,0.32378,0.04862,0.04954,0.02412,0.25681,0.03359,0.02296,0.03458
0.06408,0.12034,0.28761,0.04611,0.04276,0.02337,0.32044,0.03386,0.02617,0.03527
0.05660,0.08317,0.17176,0.03923,0.04246,0.02752,0.45863,0.04497,0.03267,0.04299
0.09266,0.13779,0.28166,0.06124,0.06524,0.03230,0.19959,0.04757,0.03683,0.04512
0.07608,0.14365,0.34624,0.05794,0.05469,0.02699,0.17610,0.04231,0.03269,0.04331
0.08355,0.13412,0.28866,0.05814,0.05882,0.03048,0.24298,0.03778,0.02693,0.03855
0.04822,0.12617,0.31429,0.03423,0.03328,0.01947,0.34363,0.02952,0.02102,0.03017
0.07892,0.12955,0.27506,0.05230,0.05524,0.02880,0.26956,0.04229,0.02745,0.04084
0.08155,0.13666,0.28535,0.06256,0.06186,0.03957,0.18733,0.05411,0.03781,0.05320
0.06937,0.11997,0.25751,0.05151,0.04967,0.02635,0.32751,0.03655,0.02516,0.03641
0.07779,0.11881,0.26138,0.05244,0.05808,0.03053,0.28595,0.04402,0.02946,0.04155
0.07061,0.13691,0.33232,0.04777,0.05122,0.02801,0.21150,0.04313,0.03581,0.04273
0.08815,0.14118,0.29158,0.06473,0.06342,0.04510,0.11678,0.07021,0.05166,0.06720
0.08359,0.14503,0.33116,0.06169,0.06850,0.03309,0.15217,0.04695,0.03295,0.04486
0.07214,0.12981,0.29133,0.04773,0.05102,0.02286,0.29939,0.02978,0.02439,0.03155
0.06456,0.12502,0.29451,0.04572,0.04716,0.02544,0.29115,0.03793,0.03113,0.03739
0.06907,0.13791,0.33029,0.04632,0.04751,0.02299,0.26014,0.02944,0.02569,0.03063
0.07646,0.14174,0.34307,0.05013,0.05396,0.02975,0.19272,0.03995,0.03114,0.04107
0.08377,0.11320,0.19378,0.06360,0.06756,0.03659,0.30262,0.05155,0.03689,0.05044
0.09179,0.14319,0.31101,0.06014,0.06071,0.03463,0.16820,0.04776,0.03587,0.04672
0.06404,0.11300,0.24678,0.04755,0.04806,0.02433,0.35581,0.03443,0.03003,0.03598
0.07960,0.15047,0.38163,0.05265,0.05112,0.02409,0.16530,0.03310,0.02698,0.03507
0.07809,0.13078,0.28209,0.05747,0.05530,0.03546,0.22054,0.05084,0.03992,0.04951
0.11110,0.14134,0.25413,0.08499,0.08425,0.03325,0.17574,0.04285,0.03327,0.03908
0.08374,0.17448,0.43606,0.05104,0.05605,0.02205,0.09272,0.03118,0.02084,0.03182
0.07156,0.13652,0.30336,0.05198,0.04925,0.03044,0.23903,0.04199,0.03084,0.04504
0.05847,0.11829,0.28143,0.03643,0.03650,0.01831,0.38913,0.02288,0.01620,0.02236
0.07925,0.14040,0.33247,0.05576,0.05533,0.02990,0.19064,0.04273,0.03073,0.04278
0.06583,0.14489,0.37789,0.04858,0.04418,0.02639,0.17911,0.04159,0.03007,0.04147
0.08632,0.13640,0.31779,0.06488,0.06373,0.03459,0.15862,0.04704,0.03925,0.05138
0.06662,0.09728,0.18715,0.04583,0.04826,0.02929,0.42515,0.03661,0.02577,0.03803
0.06692,0.11657,0.26594,0.04837,0.05118,0.03420,0.28345,0.04959,0.03438,0.04939
0.08876,0.14550,0.32583,0.06491,0.06108,0.03193,0.16270,0.04376,0.03148,0.04404
0.06585,0.10410,0.22472,0.04944,0.04797,0.02954,0.37048,0.03867,0.02828,0.04095
0.08796,0.13528,0.29179,0.06591,0.07120,0.03429,0.18063,0.04563,0.04168,0.04562
0.08909,0.12664,0.25561,0.06939,0.06720,0.03538,0.23284,0.04739,0.03367,0.04279
0.10855,0.13931,0.26473,0.07298,0.07738,0.04049,0.15007,0.05475,0.03984,0.05190
0.07645,0.15831,0.41430,0.05364,0.04793,0.02762,0.10221,0.03950,0.03622,0.04383
0.06307,0.10925,0.24442,0.04396,0.04439,0.02503,0.36747,0.03904,0.02620,0.03716
0.08004,0.16498,0.39828,0.05608,0.05278,0.02881,0.10652,0.03922,0.03064,0.04265
0.06127,0.09792,0.21247,0.04011,0.04258,0.02366,0.42998,0.03327,0.02593,0.03280
0.08850,0.14604,0.33161,0.06579,0.06264,0.03394,0.15375,0.04014,0.03369,0.04392
0.08020,0.13696,0.31248,0.05447,0.05319,0.02949,0.23047,0.03664,0.02948,0.03662
0.09105,0.15498,0.35704,0.06423,0.05868,0.02889,0.13484,0.03608,0.02955,0.04467
0.06271,0.12650,0.33933,0.04421,0.03919,0.02730,0.24387,0.04187,0.03333,0.04170
0.05373,0.10892,0.25437,0.03981,0.04213,0.02394,0.36749,0.03958,0.03021,0.03983
0.06024,0.10004,0.22184,0.04292,0.04253,0.02240,0.41814,0.03404,0.02495,0.03291
0.06662,0.11511,0.25525,0.04955,0.04997,0.02875,0.32543,0.04243,0.02844,0.03846
0.08105,0.13967,0.31266,0.05454,0.05714,0.03002,0.20949,0.03993,0.03220,0.04329
0.07594,0.10046,0.18930,0.05009,0.05316,0.03537,0.34582,0.05175,0.04376,0.05435
0.07719,0.12034,0.26811,0.05675,0.05812,0.02957,0.27788,0.04181,0.03262,0.03762
0.07254,0.12382,0.26973,0.05331,0.05193,0.02829,0.29444,0.03951,0.02752,0.03891
0.07817,0.14686,0.34898,0.05524,0.05678,0.02483,0.19983,0.03394,0.02508,0.03029
0.09521,0.14560,0.27353,0.06484,0.06968,0.02279,0.24902,0.02717,0.02334,0.02881
0.07218,0.14951,0.41575,0.05013,0.04645,0.02662,0.11934,0.04321,0.03740,0.03940
0.09453,0.13967,0.30421,0.05870,0.06657,0.02444,0.22501,0.03224,0.02499,0.02963
0.07920,0.11925,0.23375,0.05909,0.06125,0.03580,0.28115,0.04812,0.03535,0.04703
0.09565,0.14797,0.34327,0.06176,0.06061,0.02978,0.14730,0.04247,0.02794,0.04326
0.10000,0.13893,0.27306,0.06366,0.06371,0.03826,0.16015,0.05586,0.04430,0.06207
0.06016,0.13868,0.33782,0.04379,0.04378,0.02163,0.26203,0.03468,0.02417,0.03326
0.07844,0.13577,0.31127,0.05497,0.05599,0.02731,0.22619,0.03997,0.03082,0.03927
0.08896,0.13120,0.26929,0.06553,0.06789,0.02839,0.22789,0.04525,0.03582,0.03981
0.07589,0.15320,0.38530,0.04977,0.05065,0.02383,0.17782,0.03216,0.02182,0.02956
