0.03419,0.04922,0.02692,0.03951,0.04728,0.02560,0.04545,0.03124,0.03641,0.03625,0.01936,0.03205,0.14476,0.04591,0.05153,0.03422,0.15799,0.05553,0.05688,0.02970
0.01507,0.01426,0.01615,0.02576,0.01682,0.01207,0.01945,0.01854,0.01388,0.01490,0.04853,0.16824,0.05114,0.12607,0.01893,0.08372,0.05963,0.12672,0.09895,0.05117
0.02657,0.03276,0.02801,0.03117,0.03428,0.03110,0.03176,0.03969,0.02214,0.02960,0.05611,0.08246,0.06802,0.03962,0.03617,0.10799,0.05315,0.08789,0.09432,0.06718
0.02500,0.03497,0.03084,0.02494,0.03753,0.02634,0.03401,0.02990,0.03480,0.02772,0.04836,0.16180,0.05794,0.15504,0.05499,0.04373,0.02757,0.06077,0.04535,0.03839
0.05151,0.07808,0.04036,0.06169,0.03471,0.04663,0.05049,0.07888,0.05139,0.04024,0.01790,0.12898,0.02290,0.02257,0.01489,0.13249,0.02386,0.04028,0.04025,0.02191
0.02845,0.02732,0.02513,0.02584,0.02914,0.03219,0.03134,0.02568,0.02483,0.03239,0.04419,0.14552,0.03315,0.13412,0.03433,0.04866,0.02759,0.10429,0.09752,0.04831
0.01546,0.01777,0.01877,0.01699,0.02348,0.01623,0.01837,0.02278,0.01569,0.01833,0.01457,0.03277,0.04966,0.04056,0.03932,0.03662,0.03914,0.26763,0.26013,0.03574
0.01986,0.01546,0.01686,0.02115,0.02195,0.01958,0.01636,0.01601,0.01871,0.02110,0.05388,0.08453,0.18360,0.06440,0.09000,0.10547,0.12798,0.02870,0.02679,0.04759
0.02731,0.02987,0.03350,0.03418,0.03014,0.03864,0.02920,0.03001,0.03853,0.03670,0.03912,0.16274,0.02705,0.18310,0.04735,0.03984,0.02542,0.04686,0.04478,0.05568
0.01929,0.01510,0.01898,0.01709,0.01384,0.01388,0.01378,0.01989,0.01223,0.01799,0.02557,0.09209,0.04384,0.03362,0.05937,0.08978,0.01758,0.21642,0.23293,0.02673
0.01510,0.01700,0.01449,0.01525,0.01729,0.01098,0.01554,0.01440,0.01495,0.01631,0.01999,0.06787,0.02116,0.03606,0.02451,0.06506,0.01122,0.28958,0.28900,0.02424
0.01151,0.01366,0.01619,0.01352,0.01365,0.01305,0.02017,0.01357,0.01351,0.01733,0.03445,0.13512,0.14798,0.10914,0.17021,0.06448,0.01425,0.07370,0.08767,0.01686
0.02495,0.02640,0.02861,0.02455,0.02161,0.01919,0.02349,0.02858,0.02079,0.02621,0.02113,0.17359,0.08531,0.13006,0.05700,0.12007,0.05633,0.04140,0.02887,0.04189
0.04925,0.03892,0.03785,0.04128,0.04988,0.03705,0.04255,0.04976,0.03371,0.04140,0.02853,0.11144,0.02720,0.05889,0.03791,0.09476,0.02656,0.07327,0.07448,0.04532
0.02219,0.02728,0.02124,0.02624,0.02464,0.02877,0.04088,0.02385,0.02448,0.03045,0.01278,0.04617,0.06603,0.03545,0.07244,0.02312,0.02013,0.21388,0.21253,0.02743
0.08611,0.06213,0.05202,0.06017,0.09387,0.06319,0.06244,0.07530,0.05431,0.06079,0.02124,0.02685,0.03529,0.03067,0.04346,0.02908,0.02463,0.04155,0.03845,0.03846
0.02648,0.02657,0.02968,0.02954,0.03556,0.02642,0.02946,0.03165,0.02829,0.02415,0.03408,0.05862,0.10498,0.06987,0.07678,0.04605,0.07867,0.10583,0.09609,0.04121
0.01225,0.01778,0.01129,0.01648,0.01947,0.01650,0.01448,0.01537,0.01340,0.01175,0.00786,0.21405,0.02614,0.30072,0.00896,0.04802,0.02355,0.11020,0.10348,0.00825
0.00978,0.01832,0.00957,0.01198,0.01055,0.01071,0.01063,0.01224,0.01093,0.01028,0.02071,0.17009,0.20247,0.06027,0.00931,0.15709,0.20074,0.03403,0.01754,0.01275
0.01335,0.02391,0.01993,0.02610,0.01691,0.01666,0.03172,0.01535,0.03205,0.01879,0.09021,0.15181,0.05497,0.12963,0.05220,0.08658,0.03593,0.07063,0.09028,0.02297
0.03553,0.03846,0.03672,0.03631,0.03512,0.03561,0.03399,0.03666,0.02994,0.03578,0.04035,0.15507,0.03571,0.08030,0.04623,0.11516,0.01929,0.06578,0.04213,0.04585
0.01683,0.01529,0.01444,0.01725,0.01578,0.01536,0.01665,0.01465,0.01662,0.01294,0.01919,0.28084,0.04331,0.03806,0.03044,0.27020,0.02586,0.05450,0.05010,0.03170
0.01565,0.01995,0.01839,0.01452,0.01683,0.01829,0.01208,0.01789,0.01437,0.01774,0.01552,0.22871,0.04938,0.20778,0.04313,0.05870,0.03181,0.08656,0.07976,0.03293
0.01298,0.01382,0.01166,0.01141,0.01559,0.01210,0.01129,0.01122,0.01361,0.01081,0.01399,0.33748,0.02118,0.04145,0.00987,0.32989,0.03146,0.03056,0.02581,0.03383
0.02149,0.02112,0.02826,0.01849,0.02045,0.02887,0.02727,0.02530,0.02380,0.02212,0.01524,0.20964,0.03542,0.04442,0.04015,0.19141,0.01517,0.09984,0.09778,0.01377
0.01438,0.01422,0.01261,0.01435,0.01474,0.01320,0.01297,0.01199,0.01450,0.01825,0.01617,0.02987,0.32141,0.02089,0.02090,0.02781,0.31071,0.04972,0.04079,0.02051
0.01839,0.02160,0.01649,0.02526,0.02757,0.01855,0.02071,0.02572,0.02321,0.02034,0.01825,0.09317,0.15597,0.11859,0.16601,0.02510,0.01643,0.07858,0.08581,0.02425
0.03202,0.03046,0.02571,0.03617,0.04452,0.02990,0.03080,0.03546,0.02990,0.03203,0.03213,0.17368,0.03337,0.17469,0.04824,0.04482,0.04524,0.03261,0.03378,0.05445
0.01502,0.01867,0.01421,0.01980,0.01930,0.02435,0.02324,0.01681,0.01618,0.02409,0.01114,0.12405,0.03162,0.16252,0.01162,0.03740,0.03744,0.18657,0.18595,0.02002
0.01906,0.01801,0.01387,0.01822,0.01758,0.01385,0.01553,0.01427,0.01676,0.01666,0.02404,0.23297,0.06621,0.06866,0.01562,0.24143,0.07550,0.04094,0.03762,0.03319
0.01395,0.01189,0.01197,0.01099,0.01234,0.01411,0.00992,0.00958,0.00857,0.01060,0.02975,0.23176,0.06349,0.22202,0.07578,0.05848,0.02065,0.07186,0.07129,0.04101
0.03714,0.04316,0.03674,0.03431,0.04463,0.04129,0.03366,0.03313,0.03602,0.03962,0.03267,0.07041,0.05533,0.06151,0.03680,0.04920,0.04932,0.10161,0.10190,0.06156
0.02035,0.01851,0.02107,0.01911,0.01987,0.01698,0.02059,0.01770,0.01916,0.01639,0.02875,0.17701,0.03804,0.16118,0.07975,0.08885,0.01193,0.08997,0.10045,0.03435
0.01322,0.01494,0.01918,0.01858,0.01390,0.01510,0.02061,0.01934,0.01437,0.01585,0.02848,0.03282,0.01060,0.03291,0.02026,0.03139,0.02722,0.29155,0.29635,0.06333
0.01175,0.01316,0.01363,0.01598,0.01331,0.01253,0.01365,0.01092,0.01247,0.01244,0.02666,0.14716,0.12319,0.17195,0.01794,0.03218,0.10840,0.11735,0.11042,0.01492
0.00551,0.00629,0.00590,0.00414,0.00619,0.00414,0.00630,0.00651,0.00556,0.00518,0.01197,0.02148,0.01422,0.01638,0.01188,0.02013,0.01371,0.40876,0.41448,0.01128
0.02873,0.02124,0.02206,0.02398,0.02954,0.02266,0.02169,0.03245,0.02862,0.03154,0.01126,0.04261,0.03866,0.06393,0.01572,0.07037,0.07739,0.17859,0.16911,0.06986
0.01931,0.01623,0.01595,0.01387,0.02015,0.02002,0.01379,0.01587,0.01417,0.01777,0.04203,0.20466,0.08920,0.11989,0.05848,0.15374,0.02859,0.05715,0.04124,0.03788
0.02351,0.02018,0.02045,0.02095,0.02155,0.01976,0.02278,0.02013,0.02550,0.02359,0.03319,0.08310,0.02437,0.22696,0.02439,0.15565,0.02485,0.09666,0.05477,0.05763
0.01639,0.02116,0.02008,0.02222,0.02059,0.02094,0.02833,0.01992,0.02545,0.02768,0.08547,0.22594,0.02144,0.23936,0.01572,0.03850,0.01725,0.04574,0.02604,0.06178
0.03010,0.02757,0.03806,0.02368,0.03811,0.03151,0.02658,0.02608,0.03560,0.02635,0.03446,0.11629,0.11725,0.05420,0.12543,0.09779,0.01050,0.05624,0.05543,0.02878
0.03542,0.03008,0.03005,0.03694,0.04400,0.04760,0.03921,0.03606,0.03748,0.03610,0.02524,0.11716,0.04749,0.07971,0.07180,0.08085,0.02702,0.06645,0.07489,0.03645
0.01558,0.01982,0.01801,0.01855,0.01867,0.01753,0.01560,0.01765,0.01610,0.01597,0.09506,0.04968,0.04904,0.05708,0.05383,0.04785,0.02495,0.18670,0.16177,0.10054
0.01674,0.01689,0.01462,0.01697,0.01626,0.01423,0.01486,0.01401,0.01343,0.01371,0.01477,0.08663,0.12016,0.07316,0.01768,0.06800,0.12079,0.16374,0.16527,0.01808
0.01802,0.02796,0.01391,0.01868,0.01574,0.02130,0.01424,0.01863,0.01422,0.02336,0.01775,0.26463,0.02351,0.15430,0.01326,0.17483,0.02418,0.05951,0.05465,0.02731
0.01417,0.01472,0.01298,0.01517,0.01659,0.01987,0.01486,0.01687,0.01720,0.01707,0.02171,0.08134,0.23603,0.05692,0.23092,0.06488,0.01220,0.05715,0.05651,0.02285
0.02066,0.02216,0.02486,0.01737,0.02645,0.02351,0.02237,0.02796,0.02305,0.02539,0.09922,0.11330,0.03654,0.04052,0.03763,0.13283,0.03405,0.07337,0.06009,0.13869
0.04099,0.04967,0.04672,0.03052,0.03292,0.03068,0.03997,0.04006,0.03870,0.04714,0.03625,0.06121,0.05878,0.05175,0.05062,0.04033,0.06282,0.07950,0.06843,0.09293
0.01556,0.01620,0.01799,0.02068,0.01718,0.01840,0.01882,0.02087,0.01476,0.02207,0.01935,0.06016,0.02986,0.08213,0.01334,0.02555,0.02254,0.27521,0.27131,0.01800
0.03970,0.03172,0.02301,0.02909,0.02699,0.03463,0.02619,0.02840,0.02817,0.02861,0.02894,0.05565,0.04951,0.11366,0.11668,0.03594,0.04767,0.08858,0.13120,0.03565
0.01078,0.01103,0.01013,0.00956,0.01008,0.00857,0.01047,0.01050,0.00888,0.01053,0.02735,0.11494,0.02884,0.11144,0.02620,0.03811,0.01570,0.26603,0.25448,0.01638
0.02442,0.02761,0.02231,0.02870,0.03329,0.03436,0.02697,0.02424,0.02662,0.04421,0.03027,0.13002,0.06041,0.11596,0.10981,0.06004,0.03655,0.05002,0.08180,0.03237
0.02906,0.02253,0.05692,0.02350,0.02822,0.07899,0.07515,0.03305,0.04405,0.03631,0.01937,0.19052,0.02621,0.17581,0.03045,0.05313,0.01050,0.02291,0.02219,0.02113
0.02679,0.02883,0.02336,0.02869,0.02813,0.02476,0.02727,0.03337,0.02729,0.02949,0.10956,0.06815,0.06079,0.05860,0.04706,0.08772,0.04732,0.05817,0.03986,0.14477
0.01009,0.01336,0.01059,0.01471,0.01553,0.01113,0.01236,0.01365,0.01406,0.01709,0.01793,0.03361,0.20666,0.01704,0.02424,0.03940,0.19793,0.15334,0.14886,0.02839
0.02149,0.02790,0.02128,0.02099,0.02747,0.02483,0.03022,0.03124,0.01844,0.02190,0.02131,0.16037,0.08961,0.21181,0.02436,0.03705,0.08172,0.06781,0.04473,0.01546
0.03299,0.03420,0.03406,0.03630,0.03333,0.04032,0.03408,0.03367,0.04455,0.03351,0.01998,0.22976,0.02330,0.23604,0.02085,0.02635,0.01929,0.02472,0.02566,0.01704
0.02432,0.03005,0.04656,0.02952,0.03739,0.03721,0.03600,0.03394,0.02566,0.03636,0.01665,0.09472,0.06803,0.04003,0.09095,0.08813,0.04674,0.06296,0.07169,0.08309
0.03237,0.04723,0.04347,0.03592,0.04535,0.04007,0.03430,0.03372,0.03196,0.03650,0.03268,0.15516,0.04575,0.03057,0.03400,0.14250,0.03228,0.05789,0.04552,0.04276
0.02740,0.02869,0.02676,0.03616,0.02789,0.02439,0.02485,0.03323,0.02633,0.03128,0.02090,0.04398,0.12936,0.03368,0.11173,0.03013,0.12583,0.05467,0.05361,0.10914
0.01792,0.01406,0.01525,0.01639,0.01928,0.01584,0.01613,0.01870,0.01740,0.02196,0.03478,0.11440,0.07424,0.14811,0.04169,0.04006,0.05119,0.15325,0.13389,0.03545
0.01543,0.01873,0.01996,0.01825,0.03112,0.02077,0.02514,0.01769,0.02032,0.01881,0.16317,0.04613,0.01919,0.05372,0.01684,0.10559,0.02270,0.06060,0.04838,0.25747
0.03446,0.03830,0.03722,0.04006,0.04436,0.03877,0.04203,0.03768,0.02914,0.04049,0.04312,0.06026,0.01608,0.02401,0.15594,0.05946,0.02202,0.03638,0.14118,0.05904
0.04412,0.04505,0.05375,0.05494,0.04875,0.04770,0.05535,0.04558,0.05141,0.04312,0.02805,0.08524,0.05773,0.07574,0.06167,0.04364,0.03272,0.04255,0.03540,0.04749
0.01406,0.01304,0.01221,0.01257,0.01515,0.01295,0.01572,0.01223,0.01902,0.01562,0.02240,0.29760,0.04680,0.27172,0.04582,0.07004,0.01461,0.03058,0.02629,0.03157
0.02451,0.02149,0.02351,0.02472,0.03047,0.01960,0.02521,0.02590,0.01942,0.02183,0.02829,0.25015,0.02516,0.17962,0.03517,0.09951,0.01346,0.05298,0.04459,0.03439
0.04292,0.04598,0.06749,0.03025,0.04585,0.04036,0.05941,0.05105,0.05455,0.05107,0.02007,0.11269,0.04783,0.03494,0.02478,0.11909,0.03901,0.04742,0.03907,0.02617
0.01627,0.01654,0.01334,0.01512,0.01678,0.01375,0.01955,0.01665,0.01495,0.01340,0.01961,0.18667,0.03734,0.14884,0.03847,0.08077,0.01518,0.14742,0.14588,0.02347
0.03120,0.04433,0.02100,0.03893,0.04488,0.02123,0.03546,0.03080,0.03985,0.03471,0.03306,0.03132,0.15139,0.03545,0.06238,0.03142,0.14797,0.04450,0.03230,0.08785
0.02013,0.01383,0.01218,0.01359,0.01372,0.01306,0.01140,0.01186,0.01517,0.01264,0.03528,0.14893,0.07763,0.20457,0.01771,0.06367,0.06775,0.12674,0.10120,0.01896
0.04509,0.04016,0.04646,0.05998,0.04685,0.05909,0.04213,0.06011,0.04683,0.05007,0.03245,0.14974,0.02070,0.03962,0.02103,0.14814,0.01705,0.01928,0.02635,0.02886
0.02238,0.02458,0.02124,0.02547,0.02030,0.01935,0.02345,0.02375,0.02461,0.02425,0.03118,0.11705,0.13672,0.14033,0.13674,0.02381,0.02272,0.06441,0.07109,0.02658
0.01590,0.02172,0.01689,0.01816,0.01829,0.01473,0.01837,0.01707,0.01885,0.01791,0.04889,0.10400,0.16719,0.09416,0.02516,0.05841,0.16115,0.05667,0.06642,0.04007
0.01539,0.01676,0.01577,0.01800,0.01476,0.01830,0.01662,0.01454,0.01442,0.02115,0.01840,0.10599,0.22128,0.10839,0.15915,0.04974,0.09008,0.03225,0.03496,0.01406
0.03460,0.03612,0.02852,0.03697,0.03202,0.03316,0.04009,0.03631,0.03713,0.03720,0.03954,0.06890,0.13540,0.03810,0.04774,0.05035,0.12716,0.05295,0.04076,0.04699
0.01755,0.02160,0.02000,0.02026,0.02264,0.02047,0.02227,0.02827,0.02136,0.02093,0.02093,0.09778,0.04222,0.17606,0.04794,0.05233,0.03182,0.13966,0.14826,0.02764
0.01679,0.01591,0.01638,0.01513,0.02051,0.01790,0.01667,0.01874,0.01362,0.01522,0.01955,0.11260,0.05067,0.07455,0.04063,0.11137,0.02513,0.18825,0.18802,0.02235
0.02606,0.03420,0.01939,0.02507,0.01985,0.02830,0.02036,0.03842,0.01754,0.02197,0.11980,0.06002,0.02458,0.07355,0.09028,0.06622,0.02188,0.04463,0.11328,0.13459
0.04906,0.05897,0.09236,0.02711,0.01428,0.03158,0.05873,0.07573,0.07710,0.05998,0.01992,0.07536,0.03294,0.05472,0.02945,0.06052,0.01648,0.07130,0.06918,0.02524
0.01955,0.02208,0.02059,0.02016,0.02040,0.02157,0.02798,0.02567,0.01660,0.02090,0.03125,0.13766,0.05485,0.15591,0.06400,0.04609,0.02179,0.12771,0.10716,0.03808
0.01889,0.01869,0.01913,0.02534,0.02126,0.02125,0.01561,0.01967,0.02510,0.01976,0.01687,0.16111,0.08602,0.13366,0.02095,0.12923,0.07576,0.07917,0.07232,0.02022
0.04020,0.03665,0.03425,0.03561,0.04183,0.03829,0.04704,0.04503,0.04163,0.04701,0.03078,0.04890,0.06153,0.04011,0.13414,0.04790,0.02372,0.05454,0.10876,0.04207
0.01301,0.01140,0.01117,0.01253,0.01459,0.01405,0.01559,0.01462,0.01508,0.01589,0.01403,0.09176,0.01788,0.02750,0.02477,0.07911,0.02082,0.28407,0.28004,0.02209
0.02706,0.03103,0.02840,0.02951,0.02649,0.03044,0.03039,0.02577,0.02571,0.02648,0.07574,0.12909,0.03968,0.13048,0.04935,0.05037,0.03066,0.05970,0.04571,0.10795
0.02149,0.01713,0.01649,0.01550,0.02076,0.02449,0.02312,0.01633,0.01690,0.01980,0.02049,0.17455,0.01967,0.23007,0.00862,0.12483,0.02424,0.10278,0.08094,0.02182
0.02897,0.01899,0.02411,0.03275,0.02439,0.02519,0.03474,0.03029,0.02620,0.03015,0.02588,0.05872,0.15919,0.05951,0.21604,0.05270,0.02077,0.03957,0.06225,0.02958
0.02178,0.01754,0.01355,0.02324,0.01643,0.01572,0.01723,0.02032,0.01370,0.01957,0.03320,0.14942,0.06120,0.06070,0.00907,0.16117,0.07692,0.11032,0.10854,0.05038
0.03106,0.04390,0.04351,0.04386,0.03986,0.04791,0.05553,0.05210,0.03047,0.04000,0.04761,0.04340,0.04812,0.04690,0.13156,0.03248,0.02971,0.05138,0.11547,0.02515
0.02141,0.02758,0.02381,0.02853,0.02638,0.03225,0.02495,0.02733,0.02644,0.02994,0.03005,0.15288,0.03547,0.03633,0.04562,0.14499,0.06272,0.07054,0.07762,0.07516
0.01810,0.01864,0.02544,0.01428,0.02748,0.01715,0.02645,0.02533,0.01948,0.03781,0.05347,0.10117,0.06156,0.13277,0.05182,0.12217,0.04063,0.07280,0.04772,0.08571
0.01741,0.01947,0.02119,0.01973,0.02348,0.02185,0.01948,0.01917,0.01676,0.02247,0.12801,0.09583,0.06195,0.05496,0.04470,0.11183,0.03995,0.06212,0.05633,0.14331
0.03639,0.03260,0.02115,0.03169,0.04654,0.03917,0.03720,0.03687,0.02875,0.03573,0.08340,0.02875,0.09626,0.03634,0.09527,0.02161,0.05144,0.10348,0.06102,0.07635
0.02140,0.02567,0.02160,0.02494,0.02178,0.02427,0.02428,0.02512,0.02483,0.02720,0.03152,0.18288,0.02552,0.15853,0.03472,0.08636,0.01557,0.10552,0.07153,0.04679
0.01979,0.02582,0.01975,0.02096,0.03135,0.02303,0.02818,0.02314,0.02057,0.02476,0.03193,0.17499,0.02337,0.04944,0.10120,0.17187,0.02324,0.03971,0.08714,0.05978
0.01809,0.01298,0.01688,0.01412,0.01471,0.01324,0.01581,0.01655,0.01372,0.01628,0.01182,0.17339,0.02256,0.02956,0.01262,0.17663,0.02331,0.19282,0.18899,0.01591
0.01035,0.00917,0.00937,0.00920,0.01247,0.01181,0.01143,0.01084,0.01178,0.00870,0.02982,0.21183,0.08722,0.21977,0.15601,0.02225,0.01291,0.05273,0.08268,0.01967
0.01372,0.01817,0.01182,0.01521,0.01373,0.01494,0.01385,0.02036,0.01828,0.01365,0.01754,0.31296,0.01963,0.02364,0.05610,0.31234,0.01129,0.02961,0.04110,0.02206
0.01873,0.02011,0.02271,0.02380,0.02063,0.02173,0.01954,0.01796,0.03100,0.02541,0.02624,0.02130,0.02675,0.02145,0.04965,0.01831,0.03185,0.25948,0.29605,0.02731
0.04178,0.03688,0.03509,0.03804,0.04044,0.03672,0.04217,0.03944,0.03095,0.04634,0.03452,0.03692,0.05127,0.06666,0.04345,0.06456,0.08787,0.07831,0.06002,0.08857
0.02293,0.02756,0.02265,0.02466,0.01884,0.01777,0.01995,0.02009,0.02219,0.02277,0.01481,0.12477,0.09110,0.03025,0.01512,0.13129,0.09281,0.13372,0.12987,0.01683
0.01949,0.02547,0.02021,0.02508,0.03286,0.02220,0.02369,0.02070,0.02133,0.03310,0.05789,0.20859,0.02380,0.20583,0.03297,0.04964,0.02977,0.03095,0.02561,0.09081
0.04857,0.03594,0.03546,0.03615,0.04501,0.03358,0.03487,0.04094,0.03564,0.03094,0.08005,0.04601,0.06239,0.02758,0.07038,0.03910,0.04858,0.09534,0.03647,0.11699
0.03036,0.03119,0.03902,0.03186,0.03913,0.02902,0.03611,0.04219,0.03197,0.03549,0.02862,0.07512,0.12417,0.05984,0.06034,0.05445,0.08907,0.07013,0.05634,0.03557
0.02668,0.03186,0.02290,0.01866,0.02349,0.02994,0.03002,0.02306,0.02008,0.03222,0.02825,0.04625,0.01569,0.05332,0.25223,0.03456,0.01640,0.04077,0.22778,0.02584
0.03273,0.02351,0.02655,0.02838,0.04958,0.02245,0.03134,0.02959,0.02816,0.02660,0.01766,0.23078,0.03320,0.09302,0.03324,0.17853,0.02209,0.02058,0.02205,0.04994
0.02996,0.04150,0.03967,0.03058,0.03542,0.05035,0.04618,0.04486,0.03295,0.03589,0.03744,0.04722,0.12420,0.06228,0.16196,0.01863,0.02560,0.03027,0.08486,0.02020
0.01819,0.01801,0.01715,0.01768,0.01644,0.01676,0.01779,0.02215,0.01812,0.02774,0.02025,0.04100,0.02869,0.02476,0.03155,0.03835,0.26083,0.03867,0.03740,0.28846
0.01437,0.01788,0.01788,0.01354,0.01778,0.01333,0.01566,0.01804,0.02836,0.01334,0.05902,0.06086,0.15064,0.06906,0.16032,0.02881,0.12077,0.04078,0.11439,0.02520
0.01865,0.01480,0.01629,0.01469,0.01416,0.01793,0.02019,0.01686,0.01535,0.01577,0.01276,0.01971,0.33238,0.02277,0.01655,0.02174,0.32128,0.03881,0.03452,0.01479
0.02036,0.02794,0.02200,0.02098,0.02770,0.05295,0.02470,0.03677,0.03030,0.02879,0.02164,0.02883,0.03944,0.20576,0.04609,0.15118,0.01583,0.11817,0.05412,0.02645
0.01737,0.02089,0.01705,0.01850,0.02019,0.02257,0.02015,0.01754,0.01623,0.02151,0.02098,0.03942,0.03348,0.03812,0.03418,0.02878,0.03067,0.27334,0.27507,0.03399
0.03498,0.03168,0.02541,0.02859,0.04166,0.03707,0.03436,0.03487,0.03499,0.03519,0.02414,0.04592,0.06484,0.07591,0.06486,0.03107,0.04398,0.13343,0.11662,0.06044
0.00981,0.01127,0.01024,0.01232,0.01311,0.01214,0.01097,0.00950,0.01004,0.01184,0.02244,0.03912,0.01923,0.02777,0.02096,0.02828,0.01700,0.34628,0.34511,0.02255
0.02241,0.02683,0.01967,0.02051,0.01821,0.01501,0.02339,0.02215,0.01904,0.02036,0.04127,0.14725,0.05023,0.06583,0.04635,0.11574,0.01666,0.14096,0.14802,0.02013
0.02359,0.02228,0.02374,0.02249,0.02371,0.02019,0.02265,0.02430,0.02614,0.02333,0.03843,0.11153,0.17944,0.05750,0.03364,0.09136,0.15567,0.03643,0.02706,0.03652
0.02289,0.02718,0.02715,0.02509,0.02578,0.02335,0.02542,0.02523,0.01862,0.02134,0.04371,0.12715,0.04917,0.06732,0.05728,0.15935,0.03406,0.08137,0.06416,0.07439
0.04131,0.03517,0.04800,0.04188,0.04127,0.04816,0.04845,0.03605,0.04965,0.03277,0.04625,0.06216,0.05275,0.06499,0.02111,0.01610,0.05754,0.12742,0.09391,0.03507
0.01952,0.01966,0.01938,0.02012,0.01909,0.02215,0.02332,0.01607,0.01935,0.02135,0.02695,0.28659,0.01954,0.12410,0.01825,0.22358,0.01259,0.03259,0.02927,0.02653
0.02111,0.02476,0.02264,0.01839,0.02398,0.02347,0.02118,0.02464,0.02179,0.02354,0.02800,0.06804,0.02792,0.06588,0.04282,0.05029,0.06586,0.15352,0.16157,0.11061
0.01803,0.01939,0.01550,0.01889,0.02332,0.01757,0.02310,0.02009,0.01996,0.01469,0.02885,0.11154,0.05417,0.11788,0.05765,0.03332,0.06472,0.12721,0.12207,0.09204
0.03663,0.02964,0.03813,0.03597,0.04047,0.03679,0.03884,0.04075,0.04133,0.04912,0.03222,0.06030,0.06223,0.07595,0.15067,0.03387,0.02536,0.04814,0.07720,0.04638
0.02947,0.03513,0.02503,0.02954,0.02786,0.02301,0.02593,0.03377,0.01993,0.03027,0.03668,0.06110,0.07134,0.08493,0.08524,0.09163,0.02406,0.11913,0.07557,0.07038
0.01349,0.01811,0.01363,0.02177,0.02045,0.01563,0.01979,0.01638,0.01585,0.02232,0.01317,0.31350,0.04138,0.02986,0.01269,0.31617,0.03003,0.02424,0.02150,0.02004
0.01578,0.01687,0.01862,0.01400,0.01669,0.02044,0.01722,0.01879,0.02227,0.02452,0.01735,0.24087,0.04195,0.23851,0.03877,0.05232,0.01930,0.07583,0.06806,0.02183
0.02030,0.02508,0.02296,0.01982,0.02371,0.02154,0.02571,0.02020,0.02967,0.02539,0.02800,0.20806,0.05877,0.09474,0.03754,0.16815,0.03131,0.05649,0.05642,0.02614
0.01516,0.01759,0.01437,0.01770,0.01687,0.01717,0.02057,0.01752,0.01786,0.02142,0.01148,0.06792,0.09538,0.06224,0.06335,0.05491,0.05449,0.18764,0.18907,0.03729
0.03859,0.03287,0.03245,0.03190,0.04213,0.04487,0.03491,0.03260,0.03197,0.04280,0.01695,0.16637,0.06638,0.08178,0.05494,0.14018,0.02918,0.03205,0.02901,0.01806
0.02039,0.02434,0.02402,0.02830,0.02838,0.02759,0.02827,0.02359,0.02367,0.02327,0.02388,0.17023,0.04062,0.08194,0.03897,0.11401,0.02641,0.10980,0.10800,0.03432
0.01455,0.01407,0.01676,0.01463,0.01891,0.01423,0.01556,0.01291,0.01485,0.01461,0.02031,0.31863,0.02106,0.24219,0.02105,0.11972,0.01881,0.02932,0.02497,0.03288
0.03718,0.03492,0.03263,0.04457,0.04944,0.04496,0.03849,0.02824,0.02996,0.03158,0.02176,0.10790,0.09716,0.10330,0.02740,0.03606,0.08803,0.07108,0.05841,0.01694
0.04179,0.04092,0.04767,0.03959,0.04372,0.04646,0.03729,0.03768,0.04068,0.05489,0.03311,0.06505,0.02606,0.04359,0.05469,0.05142,0.01947,0.10815,0.11786,0.04988
0.02422,0.02808,0.03410,0.02349,0.03635,0.02553,0.03143,0.03279,0.02639,0.02724,0.04817,0.04692,0.12511,0.08992,0.08605,0.05528,0.04048,0.10928,0.05481,0.05436
0.02767,0.03854,0.04815,0.03390,0.03253,0.03582,0.03544,0.05859,0.05769,0.03854,0.07852,0.03493,0.06215,0.03053,0.04274,0.06083,0.06359,0.04671,0.05036,0.12275
0.01950,0.01900,0.02256,0.03201,0.02013,0.02802,0.02396,0.02077,0.02730,0.02723,0.02629,0.18332,0.04580,0.16606,0.10643,0.07832,0.02230,0.03356,0.06740,0.03006
0.02643,0.03955,0.03310,0.03969,0.02991,0.03903,0.03870,0.03492,0.03311,0.03926,0.06664,0.11150,0.03401,0.10974,0.06496,0.03015,0.02298,0.06668,0.05558,0.08405
0.03227,0.03679,0.03648,0.02522,0.02062,0.02382,0.04684,0.04632,0.04248,0.03966,0.02283,0.04649,0.07363,0.05140,0.03605,0.02526,0.05850,0.15725,0.14599,0.03212
0.02484,0.02630,0.02762,0.02925,0.03430,0.02752,0.02298,0.02868,0.02257,0.02473,0.02725,0.23220,0.02727,0.23096,0.02806,0.03202,0.02296,0.05025,0.04302,0.03723
0.01321,0.01797,0.01254,0.01118,0.01642,0.01497,0.01628,0.01381,0.01131,0.01525,0.01518,0.13516,0.20058,0.15089,0.22652,0.04344,0.01306,0.02988,0.02667,0.01567
0.03327,0.03379,0.03348,0.03131,0.02813,0.02665,0.03701,0.04583,0.03998,0.03508,0.03055,0.08355,0.06194,0.08647,0.05243,0.03468,0.09342,0.06376,0.05548,0.09320
0.04195,0.04080,0.04633,0.03902,0.04438,0.03950,0.03681,0.04014,0.03980,0.04862,0.01912,0.06598,0.02626,0.06002,0.05698,0.05526,0.01653,0.11666,0.14321,0.02263
0.02252,0.02211,0.02173,0.02160,0.02397,0.02684,0.01926,0.02017,0.02487,0.02510,0.07729,0.14497,0.03736,0.07366,0.02794,0.13328,0.03058,0.09117,0.04834,0.10722
0.01610,0.01651,0.01689,0.01855,0.02214,0.01900,0.01951,0.01548,0.01476,0.01707,0.01855,0.06174,0.03226,0.07744,0.02116,0.03056,0.03234,0.26094,0.25988,0.02909
0.02275,0.02475,0.01833,0.01850,0.02157,0.01839,0.02244,0.01884,0.01709,0.01751,0.02996,0.09956,0.17595,0.09001,0.15196,0.05785,0.05598,0.05489,0.02974,0.05394
0.03093,0.03470,0.02747,0.03351,0.03735,0.03569,0.03496,0.03487,0.03251,0.03123,0.01721,0.24273,0.02178,0.23525,0.01140,0.03896,0.01324,0.03692,0.03118,0.01810
0.01953,0.02621,0.02345,0.02439,0.02657,0.02421,0.02760,0.02609,0.02415,0.02517,0.03008,0.05969,0.10618,0.04745,0.10828,0.04446,0.02194,0.15547,0.14794,0.03114
0.02099,0.02176,0.02359,0.02230,0.02398,0.02246,0.02415,0.02401,0.02645,0.02459,0.03877,0.08480,0.07980,0.07423,0.04262,0.07563,0.13291,0.06258,0.04473,0.12966
0.02841,0.03174,0.03124,0.02637,0.02876,0.03123,0.02583,0.02811,0.02257,0.03277,0.05843,0.19031,0.03459,0.22410,0.02100,0.03420,0.02982,0.03920,0.02624,0.05508
0.01867,0.02705,0.02858,0.02141,0.02921,0.03036,0.02916,0.02071,0.02671,0.03033,0.03502,0.08199,0.15834,0.06129,0.11715,0.06360,0.07113,0.05433,0.05312,0.04184
0.01542,0.01911,0.01604,0.01677,0.01716,0.01625,0.01704,0.01662,0.01816,0.01815,0.03029,0.21020,0.04456,0.09385,0.03255,0.15934,0.03219,0.09579,0.08607,0.04443
0.00856,0.00852,0.00859,0.01132,0.00988,0.00820,0.01001,0.00751,0.00721,0.00635,0.01138,0.04397,0.01260,0.01266,0.01173,0.04254,0.00832,0.37785,0.37800,0.01479
0.03219,0.03965,0.04140,0.04338,0.04839,0.03692,0.03141,0.04792,0.04025,0.04749,0.13083,0.06498,0.02172,0.05643,0.04224,0.03777,0.01763,0.07629,0.05161,0.09149
0.02558,0.03127,0.03124,0.02534,0.02727,0.02809,0.03471,0.02620,0.02728,0.03261,0.02293,0.06151,0.12751,0.05925,0.11834,0.05777,0.02542,0.10029,0.10514,0.03223
0.01871,0.01626,0.01888,0.01567,0.01763,0.01632,0.02085,0.01892,0.01421,0.01900,0.03887,0.07714,0.11306,0.09590,0.15898,0.03207,0.02565,0.10775,0.11431,0.05982
0.01870,0.01930,0.01536,0.01970,0.01641,0.01978,0.01894,0.01628,0.01719,0.01970,0.02202,0.24894,0.04256,0.15811,0.04080,0.15475,0.02782,0.04775,0.05523,0.02067
0.02800,0.03224,0.02460,0.03249,0.03526,0.02526,0.02661,0.03903,0.02151,0.02832,0.02648,0.10335,0.06147,0.14709,0.06208,0.03438,0.03678,0.10429,0.10373,0.02702
0.01007,0.01178,0.01234,0.01346,0.01259,0.00815,0.01094,0.01003,0.00979,0.01317,0.01515,0.32733,0.02714,0.28159,0.01789,0.10812,0.01592,0.04184,0.04275,0.00995
0.01339,0.01282,0.01310,0.01060,0.01301,0.01048,0.00953,0.01069,0.01447,0.01043,0.02657,0.15823,0.09821,0.18350,0.15592,0.11958,0.01259,0.04675,0.05255,0.02759
0.02867,0.02737,0.03842,0.02632,0.03482,0.04545,0.02832,0.02755,0.03513,0.02073,0.05196,0.12988,0.04151,0.10681,0.03302,0.10266,0.02423,0.09528,0.04324,0.05863
0.01304,0.01366,0.01814,0.01547,0.01516,0.01661,0.01500,0.01589,0.01691,0.01592,0.02500,0.20699,0.12173,0.03752,0.11150,0.20031,0.01567,0.05200,0.04072,0.03276
0.02636,0.02744,0.02763,0.02322,0.03655,0.02821,0.03016,0.03087,0.02190,0.02974,0.03525,0.15323,0.04372,0.18303,0.06782,0.05047,0.02881,0.05513,0.05768,0.04277
0.01212,0.01358,0.01088,0.01376,0.01584,0.01558,0.01155,0.01453,0.01392,0.01344,0.02761,0.15179,0.04088,0.28990,0.04033,0.06124,0.02724,0.10571,0.08296,0.03715
0.01824,0.02227,0.01946,0.02296,0.02516,0.02276,0.02292,0.01840,0.02218,0.02492,0.03022,0.04236,0.23607,0.03315,0.08288,0.04419,0.18466,0.04492,0.03540,0.04690
0.01415,0.01974,0.01579,0.01597,0.01946,0.01834,0.01540,0.01441,0.01918,0.01775,0.02687,0.15675,0.03224,0.12052,0.01677,0.12302,0.04777,0.14194,0.10699,0.05695
0.01935,0.02699,0.02549,0.04072,0.02840,0.02269,0.02683,0.01883,0.05040,0.03158,0.07542,0.12610,0.03724,0.16036,0.01538,0.04193,0.04039,0.09139,0.08493,0.03558
0.02637,0.02550,0.02138,0.02080,0.02496,0.02024,0.02759,0.02936,0.02828,0.02656,0.03824,0.18005,0.06098,0.03882,0.07512,0.17737,0.03002,0.04439,0.05785,0.04612
0.01752,0.02077,0.01543,0.01828,0.01941,0.01764,0.01968,0.01961,0.01865,0.01375,0.02369,0.06355,0.05613,0.21947,0.01919,0.18938,0.06728,0.08930,0.04952,0.04175
0.02350,0.02565,0.02142,0.02303,0.02956,0.01849,0.02551,0.02825,0.02179,0.02271,0.07351,0.10229,0.07835,0.04850,0.10265,0.13191,0.02696,0.04873,0.05467,0.09252
0.01387,0.01463,0.02098,0.01998,0.01508,0.02295,0.01790,0.01676,0.01932,0.01777,0.07712,0.12747,0.08502,0.07930,0.07593,0.15054,0.02046,0.07170,0.05828,0.07496
0.01997,0.01792,0.01692,0.01819,0.02252,0.02056,0.01653,0.02435,0.01486,0.01919,0.01720,0.05808,0.25997,0.03960,0.25112,0.04200,0.03409,0.03390,0.03146,0.04157
0.02131,0.02694,0.02018,0.01887,0.01869,0.01805,0.01746,0.02341,0.01999,0.02127,0.01801,0.09570,0.01824,0.07867,0.01706,0.06386,0.01826,0.23020,0.23183,0.02200
0.02913,0.03065,0.02602,0.03939,0.03141,0.03824,0.03171,0.03650,0.02943,0.03225,0.02778,0.07516,0.09554,0.07844,0.09666,0.02659,0.04308,0.09484,0.10205,0.03513
0.02855,0.02616,0.03093,0.02721,0.02595,0.02271,0.02633,0.02749,0.02996,0.02690,0.06532,0.09517,0.09428,0.06269,0.10180,0.06458,0.01688,0.07157,0.04969,0.10583
0.00875,0.01155,0.00929,0.00984,0.01056,0.01033,0.00768,0.01284,0.00910,0.01191,0.01167,0.23219,0.03615,0.23887,0.01675,0.07063,0.02870,0.12409,0.11931,0.01979
0.02155,0.03330,0.02678,0.03620,0.03260,0.02737,0.02502,0.02655,0.02606,0.02742,0.02480,0.09259,0.12255,0.12549,0.02325,0.04429,0.11891,0.06389,0.06269,0.03868
0.05372,0.05456,0.03129,0.04845,0.03134,0.02551,0.03298,0.03837,0.03172,0.04413,0.01580,0.03889,0.11306,0.04044,0.02899,0.03310,0.09107,0.11581,0.11523,0.01554
0.01964,0.01502,0.01318,0.01858,0.02014,0.01754,0.01975,0.01902,0.01486,0.01942,0.03952,0.22407,0.07200,0.25537,0.04354,0.03871,0.03873,0.04010,0.03049,0.04032
0.01760,0.01427,0.01866,0.01947,0.02245,0.02444,0.01852,0.02416,0.02218,0.02354,0.13201,0.05400,0.03010,0.07849,0.03254,0.11766,0.03786,0.04006,0.03472,0.23727
0.01852,0.02926,0.02494,0.02429,0.03053,0.02406,0.02377,0.02410,0.02000,0.02806,0.09178,0.04908,0.02495,0.04442,0.03579,0.06674,0.03753,0.11612,0.10776,0.17830
0.01550,0.02005,0.01828,0.01616,0.02006,0.01824,0.01751,0.01440,0.01496,0.01976,0.01653,0.14056,0.06524,0.03357,0.02692,0.12981,0.06399,0.16479,0.16387,0.01980
0.03075,0.03710,0.02167,0.03355,0.03114,0.02245,0.02517,0.04846,0.03507,0.02561,0.04884,0.04594,0.06806,0.06592,0.14062,0.03517,0.05734,0.05413,0.15003,0.02298
0.01031,0.01276,0.01019,0.01120,0.01344,0.00991,0.00930,0.00978,0.00910,0.01245,0.01089,0.04446,0.33778,0.02748,0.02632,0.03340,0.32037,0.03685,0.03816,0.01584
0.02535,0.02813,0.02566,0.03997,0.02969,0.02556,0.02168,0.03741,0.02567,0.03456,0.16810,0.04529,0.04981,0.03328,0.04306,0.05890,0.02059,0.04015,0.03111,0.21604
0.03460,0.04652,0.03704,0.04824,0.04476,0.03267,0.03758,0.04815,0.05560,0.04205,0.03030,0.05804,0.05465,0.03904,0.16316,0.04703,0.01528,0.03391,0.10487,0.02651
0.01254,0.01023,0.01432,0.00873,0.01116,0.01335,0.01392,0.01147,0.01252,0.01374,0.01180,0.26182,0.13297,0.02106,0.11997,0.25994,0.01501,0.01962,0.02338,0.01245
0.02474,0.02661,0.02579,0.02805,0.03094,0.03249,0.02932,0.02819,0.02593,0.02988,0.02996,0.02148,0.04237,0.06475,0.02866,0.05606,0.04998,0.19583,0.17864,0.05034
0.02828,0.02434,0.02909,0.02455,0.03050,0.03447,0.03227,0.03106,0.02887,0.03318,0.04118,0.04451,0.10384,0.04900,0.18799,0.03194,0.01772,0.07572,0.11607,0.03541
0.00673,0.00755,0.00690,0.00793,0.00705,0.00860,0.00779,0.00728,0.00675,0.00744,0.01783,0.20182,0.03136,0.07027,0.02351,0.17226,0.01611,0.18740,0.19432,0.01111
0.02722,0.03240,0.04104,0.03079,0.04598,0.03785,0.04039,0.02967,0.03795,0.03534,0.05243,0.04035,0.12825,0.03814,0.02807,0.03000,0.16027,0.04827,0.03587,0.07971
0.02253,0.01271,0.02137,0.02065,0.01738,0.01977,0.02255,0.01767,0.01867,0.01829,0.04550,0.10176,0.19512,0.03914,0.18264,0.11095,0.01890,0.04030,0.02282,0.05129
0.03917,0.04843,0.04087,0.05509,0.03908,0.05520,0.06058,0.05327,0.04341,0.05475,0.01835,0.05241,0.02865,0.05608,0.02935,0.03717,0.02933,0.11473,0.11784,0.02624
0.00881,0.00873,0.01107,0.01242,0.01873,0.01204,0.01181,0.01085,0.01047,0.00967,0.02237,0.04182,0.23557,0.04313,0.22415,0.03391,0.01421,0.13111,0.11748,0.02165
0.02854,0.02919,0.02754,0.03583,0.03083,0.03190,0.02707,0.02748,0.02181,0.02691,0.02464,0.02928,0.23688,0.03355,0.21711,0.02436,0.04777,0.02916,0.02482,0.04535
0.02036,0.02321,0.01889,0.02144,0.02238,0.02330,0.02203,0.02733,0.02624,0.02550,0.02731,0.06506,0.02797,0.06762,0.23135,0.04874,0.02048,0.03933,0.21575,0.02573
0.02041,0.01926,0.02149,0.01756,0.03066,0.01594,0.02098,0.01789,0.01924,0.01981,0.02214,0.14148,0.04328,0.10060,0.03917,0.07967,0.01344,0.17506,0.16680,0.01511
0.02337,0.03009,0.03003,0.02627,0.02953,0.03299,0.02689,0.02665,0.03470,0.03374,0.03747,0.08717,0.03949,0.09152,0.02427,0.03456,0.04420,0.14003,0.13604,0.07101
0.01180,0.01379,0.01452,0.00868,0.00850,0.01097,0.01434,0.01101,0.01128,0.01342,0.01835,0.03159,0.11290,0.04076,0.03422,0.01583,0.10514,0.25321,0.24790,0.02179
0.00945,0.00999,0.00859,0.00911,0.01116,0.00801,0.01004,0.00935,0.00779,0.01004,0.01123,0.37629,0.02500,0.02556,0.04202,0.36658,0.01134,0.01670,0.02014,0.01161
0.03014,0.03388,0.03881,0.03504,0.03080,0.03107,0.03432,0.03213,0.03259,0.03368,0.04699,0.19488,0.02286,0.15245,0.01929,0.08848,0.01824,0.05440,0.04629,0.02367
0.02610,0.03241,0.03058,0.02901,0.03347,0.02606,0.03024,0.02733,0.02807,0.03415,0.03430,0.22794,0.03104,0.21721,0.04465,0.03341,0.02054,0.02856,0.01880,0.04614
0.05101,0.03624,0.05022,0.04805,0.05056,0.05299,0.03735,0.05324,0.04219,0.06170,0.04015,0.06370,0.02465,0.06617,0.09090,0.02839,0.01974,0.05715,0.10062,0.02498
0.01616,0.01583,0.01480,0.01626,0.01972,0.01746,0.01623,0.01739,0.01415,0.01501,0.02501,0.09966,0.03264,0.10183,0.03738,0.04207,0.01059,0.23626,0.22339,0.02815
0.01777,0.01765,0.01837,0.02279,0.01759,0.01816,0.02156,0.01770,0.01809,0.02082,0.02701,0.26191,0.03229,0.06625,0.03009,0.24125,0.02289,0.04531,0.03056,0.05195
0.04324,0.03751,0.03096,0.05386,0.05529,0.05140,0.04953,0.04346,0.03592,0.04826,0.05141,0.06464,0.03295,0.08472,0.02744,0.02541,0.03130,0.11374,0.09275,0.02621
0.02503,0.02999,0.03236,0.02983,0.03159,0.02749,0.03329,0.02828,0.02823,0.03341,0.04645,0.18853,0.03071,0.18379,0.03827,0.04575,0.01659,0.05683,0.05586,0.03773
0.02726,0.03260,0.02706,0.02610,0.02406,0.02730,0.02532,0.02434,0.02958,0.03595,0.02885,0.04226,0.09365,0.04147,0.11987,0.02831,0.03115,0.14322,0.14261,0.04904
0.01559,0.01531,0.01188,0.01784,0.01593,0.01710,0.01557,0.01730,0.01687,0.01378,0.02376,0.26901,0.02928,0.31079,0.02487,0.03758,0.02618,0.05399,0.04226,0.02512
0.03937,0.02376,0.02705,0.03434,0.03300,0.03616,0.04078,0.03286,0.03812,0.02922,0.08156,0.05738,0.03163,0.04556,0.02388,0.03602,0.02731,0.17965,0.15061,0.03174
0.03130,0.02988,0.03928,0.03303,0.03588,0.03150,0.05390,0.02728,0.04362,0.05108,0.06807,0.10658,0.03648,0.09869,0.01584,0.03847,0.03624,0.10740,0.07460,0.04087
0.01395,0.01194,0.01522,0.01907,0.01380,0.01165,0.01323,0.01738,0.01495,0.01455,0.04182,0.19481,0.08689,0.21251,0.13727,0.02871,0.02407,0.04263,0.06818,0.01740
0.02951,0.04514,0.04243,0.05095,0.03777,0.04959,0.03406,0.05562,0.03080,0.05584,0.01360,0.14098,0.02130,0.04582,0.01705,0.11275,0.01431,0.09572,0.09405,0.01271
0.01074,0.01236,0.01193,0.01370,0.01442,0.01247,0.01269,0.01232,0.01168,0.01218,0.01692,0.02817,0.05569,0.03218,0.02758,0.01879,0.04873,0.31448,0.31680,0.01617
0.05749,0.03185,0.02981,0.03790,0.05803,0.03851,0.05717,0.05079,0.04220,0.03711,0.01437,0.02814,0.03732,0.04090,0.03430,0.01990,0.02652,0.16355,0.15854,0.03559
0.02114,0.02619,0.02309,0.02029,0.02864,0.02491,0.02345,0.01994,0.02257,0.02603,0.04255,0.04255,0.03176,0.06621,0.06588,0.03235,0.03649,0.18325,0.19927,0.06345
0.00697,0.00858,0.00729,0.00844,0.00943,0.00835,0.00999,0.00829,0.00951,0.01059,0.01223,0.05410,0.03222,0.02966,0.02176,0.05266,0.02028,0.33980,0.33739,0.01247
0.02149,0.02121,0.01793,0.02007,0.02369,0.02531,0.01808,0.02419,0.02050,0.02226,0.03523,0.05190,0.02992,0.15993,0.15655,0.06940,0.01434,0.08420,0.15172,0.03208
0.01777,0.01938,0.01532,0.01716,0.01814,0.01575,0.01862,0.01425,0.02048,0.01699,0.04343,0.07590,0.06220,0.08560,0.07278,0.06857,0.04885,0.15124,0.14151,0.07607
0.02305,0.02542,0.02379,0.02476,0.02220,0.01997,0.03035,0.02942,0.01755,0.02595,0.03190,0.24006,0.03021,0.11035,0.03038,0.16644,0.02072,0.05242,0.04547,0.02960
0.02920,0.02535,0.02435,0.02002,0.03186,0.02616,0.02236,0.02372,0.02344,0.02754,0.01942,0.19863,0.03187,0.21486,0.03494,0.04449,0.03417,0.06566,0.05948,0.04249
0.02032,0.02665,0.02339,0.01852,0.02584,0.02322,0.01895,0.02550,0.02663,0.02257,0.03101,0.22368,0.05403,0.22536,0.02090,0.04329,0.04754,0.04616,0.04312,0.03332
0.02774,0.03805,0.03262,0.02556,0.03397,0.02992,0.03409,0.03383,0.03663,0.03141,0.01980,0.07573,0.19676,0.07834,0.18830,0.02379,0.01714,0.03083,0.02511,0.02038
0.01263,0.01675,0.01120,0.01700,0.01449,0.01450,0.01561,0.01400,0.01413,0.01462,0.12136,0.09824,0.07104,0.11555,0.02994,0.06068,0.05505,0.09359,0.09835,0.11125
0.01956,0.01679,0.01951,0.02201,0.02349,0.01636,0.02051,0.02716,0.01730,0.02261,0.01515,0.07704,0.03720,0.05406,0.02113,0.05662,0.03353,0.24429,0.23361,0.02208
0.01770,0.01709,0.01697,0.01724,0.01806,0.01640,0.01720,0.01890,0.01628,0.01719,0.01908,0.04232,0.03195,0.02654,0.03394,0.04091,0.26215,0.04641,0.04763,0.27606
0.02035,0.02325,0.01700,0.02177,0.02180,0.01561,0.01894,0.02034,0.01934,0.01908,0.03865,0.05091,0.12991,0.05734,0.02021,0.02484,0.14685,0.15327,0.13622,0.04431
0.01332,0.01704,0.01327,0.01352,0.01519,0.01392,0.01276,0.01299,0.01430,0.01408,0.04805,0.05119,0.07937,0.08366,0.02334,0.04525,0.07030,0.21037,0.19663,0.05143
0.02500,0.02586,0.02438,0.03198,0.02512,0.02239,0.02255,0.02392,0.02279,0.02340,0.02818,0.22049,0.03815,0.08577,0.02863,0.18200,0.02771,0.06216,0.05642,0.02311
0.02118,0.02615,0.02130,0.02463,0.03006,0.03205,0.01962,0.03085,0.02339,0.02791,0.01201,0.11332,0.11706,0.07916,0.00982,0.10960,0.13823,0.06741,0.06137,0.03490
0.06142,0.04240,0.03180,0.03282,0.07073,0.04175,0.04522,0.04074,0.05556,0.03209,0.09861,0.04888,0.04968,0.03789,0.03377,0.03903,0.02845,0.11972,0.04838,0.04106
0.03487,0.02965,0.03517,0.03052,0.04968,0.03097,0.03420,0.03460,0.03166,0.03428,0.01095,0.08940,0.02230,0.02088,0.01917,0.08495,0.02248,0.17441,0.18807,0.02177
0.02061,0.02194,0.01253,0.02065,0.02828,0.01888,0.02225,0.01774,0.01635,0.02098,0.01538,0.10793,0.04245,0.13268,0.04085,0.01897,0.01165,0.21145,0.20626,0.01217
0.01790,0.01776,0.01540,0.02298,0.01865,0.01896,0.02302,0.01693,0.02031,0.01980,0.06053,0.18150,0.07878,0.19840,0.05361,0.02292,0.05868,0.05155,0.05958,0.04272
0.01761,0.01900,0.01136,0.01813,0.02181,0.01870,0.01590,0.01829,0.01708,0.01608,0.01909,0.16271,0.12733,0.20290,0.02002,0.04693,0.11765,0.06179,0.04458,0.02304
0.01938,0.02299,0.01752,0.02420,0.02458,0.01984,0.01690,0.01925,0.02218,0.02390,0.03347,0.27290,0.02585,0.26387,0.02776,0.03762,0.01653,0.04326,0.02266,0.04534
0.04036,0.04874,0.05203,0.05595,0.06518,0.06443,0.04186,0.07231,0.03569,0.06277,0.01397,0.10750,0.03511,0.04401,0.01755,0.09666,0.03215,0.04623,0.04699,0.02051
0.01929,0.02093,0.02262,0.02110,0.02395,0.02227,0.02179,0.02316,0.01878,0.02710,0.03103,0.25002,0.03140,0.10735,0.02190,0.20125,0.01743,0.04747,0.04178,0.02936
0.02022,0.02655,0.02616,0.02228,0.02944,0.03230,0.02510,0.02757,0.02430,0.02539,0.01795,0.04374,0.07053,0.08474,0.04425,0.02593,0.06188,0.18278,0.18100,0.02789
0.03136,0.02874,0.03472,0.02647,0.04560,0.03437,0.03569,0.04264,0.03237,0.04569,0.01894,0.18044,0.05725,0.01931,0.06726,0.18200,0.01859,0.03603,0.03841,0.02412
0.01828,0.02450,0.02122,0.01779,0.02342,0.02360,0.02608,0.02203,0.01668,0.02390,0.02365,0.29130,0.02116,0.28317,0.02353,0.03731,0.01573,0.03391,0.02727,0.02546
0.02452,0.02089,0.02087,0.02806,0.02245,0.02123,0.02414,0.02872,0.02324,0.02263,0.02698,0.04574,0.22061,0.04809,0.19137,0.03205,0.06078,0.04614,0.03445,0.05706
0.01686,0.01707,0.01526,0.01350,0.01809,0.01922,0.02207,0.01529,0.01927,0.02085,0.05026,0.02948,0.02826,0.03507,0.28691,0.02270,0.02225,0.04600,0.27998,0.02159
0.02115,0.03155,0.03204,0.01968,0.02826,0.02276,0.02244,0.02371,0.02142,0.02281,0.01565,0.13494,0.06346,0.19544,0.02479,0.09243,0.06369,0.08013,0.05828,0.02537
0.02453,0.02856,0.03314,0.02506,0.02625,0.02786,0.03186,0.02538,0.02614,0.02799,0.02525,0.06522,0.19419,0.04027,0.15895,0.07367,0.05237,0.03796,0.02688,0.04846
0.02935,0.01939,0.02046,0.01936,0.02678,0.02450,0.02080,0.01683,0.02105,0.02402,0.02496,0.24481,0.02889,0.04408,0.04095,0.24428,0.01637,0.05720,0.04312,0.03282
0.02059,0.01824,0.01707,0.01501,0.01426,0.01424,0.01374,0.01912,0.01800,0.01509,0.01657,0.15918,0.03586,0.28290,0.01498,0.09392,0.02712,0.10401,0.07968,0.02043
0.02411,0.02222,0.03112,0.02099,0.02392,0.02608,0.02473,0.02498,0.01659,0.02282,0.03951,0.11570,0.09054,0.09925,0.09787,0.07638,0.04318,0.07026,0.08183,0.04792
0.01554,0.01363,0.01587,0.01575,0.01764,0.01511,0.01721,0.01553,0.01688,0.01532,0.02289,0.17851,0.16435,0.17792,0.16710,0.03552,0.01655,0.02538,0.03134,0.02198
0.02209,0.03637,0.03169,0.03209,0.02980,0.02793,0.03318,0.03447,0.02860,0.03145,0.04828,0.07095,0.03821,0.05736,0.03023,0.04265,0.03341,0.16390,0.15057,0.05680
0.02067,0.03397,0.02270,0.02953,0.02736,0.01987,0.02673,0.02785,0.02481,0.02871,0.03842,0.23414,0.01667,0.14076,0.03147,0.15659,0.01519,0.03343,0.05073,0.02039
0.03891,0.03262,0.04580,0.04273,0.04888,0.03603,0.03307,0.04461,0.04175,0.04813,0.04113,0.18112,0.02296,0.09883,0.03482,0.12507,0.00923,0.02465,0.02067,0.02899
0.01658,0.01737,0.01695,0.01886,0.01399,0.01345,0.01813,0.02022,0.01448,0.01737,0.05409,0.18784,0.02755,0.15436,0.01395,0.08583,0.01969,0.13802,0.09732,0.05393
