0.57843,0.27301,0.05188,0.09669
0.11090,0.67989,0.05453,0.15468
0.46646,0.23132,0.27077,0.03145
0.17488,0.80626,0.00690,0.01196
0.11917,0.59006,0.13456,0.15622
0.00882,0.13273,0.32307,0.53537
0.29918,0.67781,0.00960,0.01341
0.00439,0.12117,0.39406,0.48038
0.23885,0.27513,0.47436,0.01166
0.03031,0.03487,0.25680,0.67803
0.10372,0.15918,0.65752,0.07958
0.87265,0.00992,0.05356,0.06387
0.88952,0.04259,0.03435,0.03354
0.15024,0.24647,0.22565,0.37764
0.04153,0.14042,0.03993,0.77813
0.39249,0.23842,0.03875,0.33034
0.30896,0.37090,0.02626,0.29388
0.12799,0.19069,0.29255,0.38876
0.17080,0.57502,0.11545,0.13873
0.00804,0.50753,0.11503,0.36940
0.00386,0.31809,0.26096,0.41709
0.18997,0.25210,0.13985,0.41808
0.01345,0.81872,0.02159,0.14625
0.52302,0.27203,0.03600,0.16895
0.15218,0.79534,0.02916,0.02332
0.04449,0.06093,0.55284,0.34174
0.80818,0.08322,0.04051,0.06809
0.03487,0.91648,0.02377,0.02488
0.00462,0.31363,0.50338,0.17837
0.01555,0.08615,0.85890,0.03940
0.00268,0.00289,0.21474,0.77969
0.06373,0.24364,0.40344,0.28919
0.13416,0.25300,0.56689,0.04596
0.03677,0.57137,0.34615,0.04571
0.01037,0.29975,0.39776,0.29213
0.40047,0.57065,0.01430,0.01459
0.01199,0.02283,0.20984,0.75534
0.01804,0.02060,0.53684,0.42451
0.18894,0.78858,0.01110,0.01138
0.11919,0.27371,0.08034,0.52676
0.11818,0.08110,0.22980,0.57092
0.32666,0.03270,0.48717,0.15348
0.15053,0.33481,0.09891,0.41575
0.00432,0.00466,0.73537,0.25566
0.87543,0.10243,0.01173,0.01041
0.11610,0.07170,0.50400,0.30820
0.45581,0.43843,0.05445,0.05131
0.00261,0.00303,0.24201,0.75236
0.18122,0.24123,0.07149,0.50606
0.83796,0.10807,0.02600,0.02797
0.13142,0.19442,0.05379,0.62038
0.06317,0.05539,0.82980,0.05163
0.20975,0.39410,0.03570,0.36045
0.06819,0.01418,0.63910,0.27852
0.66794,0.27897,0.02917,0.02391
0.16235,0.29241,0.11647,0.42878
0.11682,0.36674,0.09030,0.42615
0.00754,0.09597,0.24423,0.65227
0.00290,0.00405,0.26034,0.73272
0.34780,0.05884,0.49375,0.09961
0.20139,0.60322,0.13810,0.05730
0.00477,0.38218,0.03806,0.57499
0.12890,0.83682,0.02030,0.01398
0.05002,0.01513,0.34056,0.59429
0.16434,0.57298,0.11879,0.14388
0.16681,0.31949,0.25555,0.25815
0.12959,0.23379,0.08965,0.54697
0.07846,0.31069,0.10660,0.50425
0.48278,0.07970,0.30176,0.13576
0.37784,0.04388,0.41329,0.16500
0.15237,0.66440,0.06510,0.11812
0.06716,0.19098,0.42516,0.31671
0.13287,0.81274,0.01574,0.03865
0.37042,0.09359,0.26941,0.26657
0.06504,0.00685,0.21609,0.71202
0.00295,0.00408,0.28390,0.70906
0.11826,0.66842,0.14801,0.06531
0.07294,0.11468,0.75707,0.05530
0.07167,0.47841,0.40016,0.04976
0.20725,0.23703,0.45940,0.09632
0.00486,0.11344,0.10153,0.78016
0.00306,0.71453,0.14624,0.13617
0.30140,0.25872,0.40613,0.03375
0.00699,0.17999,0.15261,0.66040
0.39989,0.01929,0.26929,0.31152
0.17877,0.70063,0.05214,0.06846
0.12955,0.74834,0.09932,0.02279
0.13264,0.63339,0.08777,0.14621
0.47025,0.13294,0.26071,0.13611
0.89922,0.00643,0.03377,0.06059
0.15320,0.65262,0.10554,0.08864
0.14381,0.25432,0.45586,0.14601
0.00129,0.00173,0.12185,0.87513
0.01359,0.00488,0.73437,0.24716
0.01773,0.03003,0.12291,0.82933
0.16827,0.72267,0.05778,0.05127
0.01104,0.58058,0.02371,0.38467
0.00889,0.02685,0.71125,0.25301
0.31426,0.33305,0.06044,0.29225
0.22596,0.00312,0.66020,0.11073
