0.00568,0.13346,0.00626,0.20294,0.00706,0.00845,0.00775,0.00543,0.00614,0.00594,0.01152,0.16065,0.10984,0.19390,0.01211,0.00658,0.09610,0.00492,0.00604,0.00922
0.00546,0.04179,0.00502,0.03994,0.00579,0.00925,0.01160,0.00639,0.00539,0.00666,0.00522,0.35941,0.15242,0.15319,0.01688,0.00587,0.15424,0.00461,0.00486,0.00602
0.00800,0.10210,0.00642,0.10179,0.00654,0.00995,0.01113,0.00650,0.00727,0.00822,0.01145,0.17777,0.17651,0.15274,0.02308,0.00951,0.15779,0.00661,0.00583,0.01078
0.00526,0.07451,0.00547,0.07304,0.00574,0.00878,0.01098,0.00675,0.00449,0.00600,0.00810,0.16561,0.18465,0.19546,0.02334,0.00531,0.19984,0.00478,0.00457,0.00730
0.01065,0.10977,0.00928,0.11136,0.01267,0.01536,0.01536,0.01036,0.01032,0.01098,0.00756,0.15081,0.11492,0.14271,0.13602,0.00997,0.09731,0.00801,0.00597,0.01060
0.00666,0.08768,0.00609,0.09499,0.00680,0.01047,0.01091,0.00641,0.00730,0.00781,0.00473,0.25475,0.13930,0.14503,0.03659,0.00731,0.14929,0.00525,0.00538,0.00725
0.00938,0.08978,0.00886,0.08740,0.01035,0.01898,0.02667,0.01264,0.01058,0.01289,0.00589,0.19228,0.23184,0.08628,0.03707,0.00980,0.12486,0.00781,0.00587,0.01076
0.00678,0.07542,0.00723,0.07194,0.00640,0.01167,0.01313,0.00667,0.00654,0.00780,0.00658,0.25560,0.17673,0.14372,0.02301,0.00721,0.15472,0.00484,0.00485,0.00916
0.00775,0.10669,0.00651,0.12351,0.00790,0.01182,0.01520,0.00899,0.00838,0.00802,0.00807,0.12343,0.15441,0.12830,0.04094,0.00784,0.21222,0.00648,0.00574,0.00780
0.00698,0.12479,0.00587,0.13059,0.00593,0.00878,0.01178,0.00627,0.00761,0.00722,0.01060,0.10112,0.14457,0.15030,0.05103,0.00720,0.20217,0.00502,0.00530,0.00689
0.00379,0.02837,0.00406,0.02667,0.00377,0.00537,0.00643,0.00447,0.00445,0.00415,0.00505,0.08715,0.33971,0.08908,0.01834,0.00451,0.35095,0.00342,0.00407,0.00619
0.01004,0.13464,0.00934,0.09714,0.00930,0.01300,0.01149,0.00875,0.00959,0.01066,0.03669,0.16682,0.10058,0.20621,0.02364,0.01540,0.09435,0.01183,0.00945,0.02108
0.01243,0.11512,0.01232,0.12615,0.01345,0.02879,0.03950,0.01404,0.01427,0.01843,0.01150,0.18436,0.08565,0.10935,0.08591,0.01646,0.07304,0.01154,0.01115,0.01654
0.00698,0.12167,0.00587,0.12495,0.00715,0.01093,0.01221,0.00685,0.00588,0.00872,0.01486,0.06045,0.27602,0.06621,0.03189,0.01045,0.19665,0.00804,0.00829,0.01592
0.00466,0.08115,0.00420,0.08096,0.00477,0.00802,0.01067,0.00485,0.00454,0.00455,0.00653,0.18117,0.28254,0.11992,0.01553,0.00529,0.16710,0.00385,0.00352,0.00618
0.00750,0.08838,0.00680,0.11069,0.00697,0.00999,0.01132,0.00688,0.00796,0.00881,0.01204,0.18142,0.11368,0.25232,0.02452,0.00817,0.12040,0.00709,0.00649,0.00858
0.00614,0.08145,0.00631,0.09952,0.00706,0.00902,0.00958,0.00751,0.00691,0.00687,0.01040,0.08655,0.18495,0.10663,0.01432,0.00713,0.33063,0.00517,0.00594,0.00792
0.00641,0.07499,0.00765,0.06128,0.00819,0.01361,0.01813,0.00777,0.00652,0.00800,0.02373,0.15042,0.13243,0.30324,0.01800,0.00976,0.12322,0.00846,0.00619,0.01201
0.00724,0.06340,0.00637,0.07119,0.00723,0.01113,0.01242,0.00650,0.00775,0.00851,0.00590,0.35881,0.08427,0.20134,0.04018,0.00709,0.08347,0.00468,0.00488,0.00762
0.00591,0.12793,0.00539,0.13328,0.00584,0.00903,0.00957,0.00524,0.00631,0.00524,0.00728,0.19158,0.10934,0.20226,0.05194,0.00647,0.09934,0.00516,0.00523,0.00768
0.00718,0.08467,0.00583,0.12903,0.00664,0.01090,0.01199,0.00771,0.00612,0.00772,0.00818,0.11242,0.16561,0.13399,0.07604,0.00673,0.20191,0.00420,0.00551,0.00762
0.00497,0.05574,0.00417,0.06061,0.00413,0.00636,0.00707,0.00523,0.00391,0.00532,0.00377,0.37095,0.09517,0.13148,0.11740,0.00470,0.10773,0.00344,0.00364,0.00421
0.01039,0.13415,0.01045,0.11161,0.01245,0.01476,0.02019,0.01466,0.01254,0.01276,0.01076,0.13438,0.10070,0.13582,0.09760,0.00787,0.13364,0.00722,0.00900,0.00903
0.00889,0.11304,0.01000,0.10732,0.01062,0.01490,0.01658,0.01470,0.00982,0.01127,0.05941,0.07595,0.11774,0.12175,0.05249,0.00943,0.21780,0.00782,0.00808,0.01236
0.00687,0.11930,0.00684,0.09558,0.00687,0.00888,0.01123,0.00704,0.00668,0.00771,0.00966,0.20585,0.15886,0.15914,0.03822,0.00574,0.12765,0.00535,0.00463,0.00791
0.00679,0.11682,0.00739,0.13018,0.00892,0.01082,0.01190,0.00837,0.00862,0.00747,0.01875,0.25499,0.09056,0.17146,0.02240,0.01062,0.08695,0.00703,0.00790,0.01207
0.00540,0.04740,0.00456,0.04966,0.00608,0.00763,0.00780,0.00632,0.00570,0.00641,0.01074,0.21534,0.13785,0.26567,0.03649,0.00692,0.16118,0.00501,0.00551,0.00832
0.00560,0.23638,0.00501,0.20452,0.00541,0.00929,0.00870,0.00624,0.00584,0.00678,0.00680,0.15325,0.09941,0.10595,0.01947,0.00678,0.09696,0.00511,0.00418,0.00831
0.00534,0.09968,0.00488,0.11174,0.00664,0.01184,0.01194,0.00624,0.00530,0.00593,0.00775,0.16504,0.15131,0.16559,0.02262,0.00619,0.19362,0.00499,0.00575,0.00760
0.00671,0.16957,0.00649,0.18284,0.00672,0.01020,0.01372,0.00727,0.00727,0.00733,0.00913,0.13692,0.11104,0.13283,0.07773,0.00710,0.08787,0.00629,0.00463,0.00831
0.00572,0.11584,0.00502,0.12486,0.00576,0.00781,0.01102,0.00626,0.00590,0.00709,0.00840,0.21563,0.07485,0.21373,0.09642,0.00631,0.07214,0.00496,0.00472,0.00756
0.00596,0.16665,0.00691,0.18591,0.00637,0.00861,0.01013,0.00715,0.00611,0.00778,0.00697,0.16719,0.11361,0.11403,0.02830,0.00772,0.13243,0.00548,0.00551,0.00717
0.00896,0.07883,0.00811,0.07529,0.00870,0.01306,0.01357,0.00769,0.00940,0.00973,0.00794,0.13819,0.18036,0.09887,0.04329,0.00705,0.27004,0.00608,0.00735,0.00750
0.00719,0.06665,0.00579,0.06702,0.00611,0.00993,0.01055,0.00580,0.00699,0.00815,0.00831,0.19507,0.13661,0.17521,0.09601,0.00759,0.16685,0.00585,0.00625,0.00807
0.00383,0.04168,0.00416,0.04241,0.00474,0.00603,0.00791,0.00494,0.00436,0.00566,0.00611,0.27605,0.11937,0.26734,0.04984,0.00426,0.13852,0.00416,0.00365,0.00498
0.00476,0.10599,0.00396,0.10334,0.00519,0.00859,0.01072,0.00587,0.00517,0.00608,0.00732,0.08768,0.28060,0.07586,0.03356,0.00639,0.23325,0.00411,0.00468,0.00689
0.00682,0.05152,0.00605,0.05099,0.00826,0.01250,0.01285,0.00922,0.00771,0.00986,0.00625,0.16288,0.23822,0.10181,0.07254,0.00790,0.21167,0.00675,0.00666,0.00954
0.00411,0.16262,0.00423,0.16403,0.00464,0.00817,0.01013,0.00565,0.00505,0.00491,0.00619,0.10456,0.18467,0.08796,0.02387,0.00477,0.20092,0.00407,0.00434,0.00513
0.00770,0.08173,0.00668,0.07370,0.00731,0.01034,0.00906,0.00785,0.00742,0.00854,0.00632,0.35458,0.07619,0.20758,0.03272,0.00631,0.07694,0.00597,0.00526,0.00780
0.00521,0.08042,0.00524,0.06974,0.00619,0.00839,0.01065,0.00693,0.00591,0.00583,0.00514,0.33878,0.11458,0.13680,0.06076,0.00539,0.11889,0.00487,0.00378,0.00649
0.00852,0.21103,0.00729,0.20683,0.00846,0.01636,0.01728,0.00932,0.00696,0.00946,0.01902,0.11575,0.08857,0.12420,0.03081,0.00844,0.08379,0.00595,0.00704,0.01492
0.00577,0.04916,0.00523,0.04981,0.00607,0.00841,0.00991,0.00584,0.00593,0.00657,0.01438,0.11907,0.16461,0.23330,0.05247,0.00618,0.23641,0.00508,0.00650,0.00929
0.01247,0.07560,0.01783,0.08603,0.01801,0.02532,0.02255,0.01502,0.01613,0.01861,0.02498,0.10095,0.14748,0.10926,0.11722,0.01833,0.11820,0.01546,0.01217,0.02840
0.00868,0.05982,0.00798,0.06373,0.01122,0.01326,0.01562,0.01130,0.00956,0.01088,0.00666,0.28915,0.15433,0.14119,0.06555,0.00712,0.10415,0.00574,0.00490,0.00919
0.00570,0.07956,0.00567,0.09367,0.00704,0.01143,0.01106,0.00672,0.00623,0.00720,0.00657,0.27104,0.11329,0.17687,0.03877,0.00548,0.13918,0.00436,0.00464,0.00554
0.01323,0.15173,0.00980,0.14715,0.01156,0.02131,0.02921,0.01058,0.01395,0.01307,0.01391,0.12474,0.11431,0.11776,0.04569,0.01003,0.12324,0.00798,0.00848,0.01228
0.00393,0.04207,0.00386,0.04122,0.00428,0.00573,0.00694,0.00445,0.00401,0.00465,0.00565,0.24381,0.21742,0.19285,0.01737,0.00509,0.18339,0.00366,0.00384,0.00579
0.00788,0.09591,0.00686,0.09160,0.00812,0.02135,0.03743,0.00908,0.00818,0.01060,0.00756,0.13398,0.14512,0.13306,0.02300,0.00592,0.23760,0.00513,0.00493,0.00667
0.00849,0.06266,0.00607,0.06518,0.00802,0.01075,0.01191,0.00671,0.00899,0.01025,0.00699,0.35330,0.10833,0.15407,0.03528,0.00929,0.10906,0.00661,0.00718,0.01085
0.00607,0.19518,0.00694,0.19966,0.00619,0.01038,0.01301,0.00730,0.00708,0.00754,0.01053,0.12924,0.10057,0.12254,0.03740,0.00745,0.11307,0.00559,0.00525,0.00901
0.00513,0.03550,0.00510,0.03375,0.00531,0.00673,0.00771,0.00587,0.00405,0.00556,0.00703,0.26688,0.21194,0.17438,0.02975,0.00591,0.17368,0.00505,0.00432,0.00635
0.00695,0.12382,0.00829,0.13560,0.00790,0.01067,0.01087,0.00752,0.00766,0.00860,0.01343,0.14327,0.15636,0.14203,0.02400,0.00978,0.15636,0.00730,0.00766,0.01194
0.00727,0.09733,0.00815,0.09068,0.00846,0.01196,0.01606,0.00855,0.00786,0.00875,0.00678,0.14439,0.20642,0.14175,0.03759,0.00620,0.17284,0.00575,0.00557,0.00767
0.00672,0.07703,0.00758,0.11139,0.00777,0.01103,0.01196,0.00838,0.00832,0.00855,0.00753,0.11770,0.22060,0.11484,0.03766,0.00718,0.21874,0.00523,0.00560,0.00619
0.01029,0.05093,0.01010,0.05640,0.01267,0.01566,0.01989,0.01263,0.00938,0.01046,0.01576,0.12883,0.21466,0.13373,0.02163,0.01164,0.23200,0.00894,0.00857,0.01582
0.00725,0.15272,0.00634,0.19215,0.00750,0.01153,0.01292,0.00841,0.00860,0.00902,0.00518,0.21225,0.08774,0.12897,0.03725,0.00699,0.08420,0.00612,0.00574,0.00911
0.00615,0.04783,0.00500,0.04690,0.00778,0.00824,0.01090,0.00652,0.00723,0.00771,0.01518,0.13984,0.13139,0.25273,0.08616,0.00707,0.19568,0.00443,0.00563,0.00764
0.00757,0.14315,0.00664,0.12349,0.00811,0.01316,0.01682,0.00779,0.00712,0.01013,0.00710,0.17267,0.13356,0.12774,0.02880,0.00639,0.16292,0.00525,0.00473,0.00686
0.00878,0.10676,0.00870,0.11172,0.00900,0.01076,0.01464,0.00979,0.00902,0.00908,0.01829,0.15187,0.10358,0.23604,0.04033,0.00787,0.11982,0.00710,0.00717,0.00968
0.00762,0.13409,0.00584,0.17312,0.00796,0.01008,0.01197,0.00721,0.00688,0.00730,0.00906,0.09233,0.13417,0.12207,0.05607,0.00620,0.18883,0.00613,0.00607,0.00699
0.00670,0.13826,0.00655,0.17622,0.00776,0.01034,0.01132,0.00697,0.00718,0.00607,0.00713,0.14222,0.15131,0.11842,0.03186,0.00834,0.14297,0.00511,0.00600,0.00927
0.00585,0.15052,0.00647,0.14592,0.00645,0.00857,0.01107,0.00591,0.00551,0.00632,0.00509,0.21558,0.15365,0.09999,0.03971,0.00685,0.11079,0.00442,0.00457,0.00675
0.00968,0.06833,0.00891,0.07774,0.01114,0.01990,0.02404,0.01258,0.01143,0.01144,0.01446,0.10414,0.14924,0.13813,0.09211,0.00963,0.21345,0.00736,0.00746,0.00882
0.00773,0.18696,0.00666,0.14306,0.00883,0.01189,0.01261,0.00875,0.00821,0.01013,0.00725,0.15397,0.14499,0.10402,0.02910,0.00719,0.12950,0.00617,0.00515,0.00785
0.00682,0.14431,0.00676,0.12151,0.00828,0.01090,0.01526,0.00712,0.00807,0.00832,0.01312,0.10110,0.16584,0.10549,0.03794,0.00830,0.20749,0.00532,0.00770,0.01034
0.00463,0.09079,0.00425,0.10028,0.00584,0.00717,0.00898,0.00519,0.00477,0.00530,0.00592,0.15543,0.23055,0.13756,0.01416,0.00582,0.19959,0.00372,0.00406,0.00599
0.00360,0.21161,0.00312,0.31838,0.00314,0.00486,0.00494,0.00358,0.00385,0.00386,0.00422,0.18115,0.06866,0.09957,0.01292,0.00437,0.05680,0.00289,0.00303,0.00544
0.00429,0.05985,0.00449,0.06096,0.00496,0.00646,0.00561,0.00498,0.00493,0.00534,0.00496,0.22938,0.23840,0.11859,0.02006,0.00452,0.20833,0.00353,0.00385,0.00651
0.00537,0.07821,0.00536,0.06867,0.00577,0.00966,0.00993,0.00604,0.00633,0.00690,0.00664,0.12126,0.20224,0.11092,0.01567,0.00442,0.32338,0.00378,0.00443,0.00503
0.00881,0.07044,0.00715,0.07250,0.00762,0.01401,0.01649,0.01018,0.00805,0.00840,0.00837,0.07918,0.20070,0.07404,0.03024,0.00641,0.35855,0.00675,0.00568,0.00643
0.00486,0.05445,0.00592,0.06421,0.00638,0.00956,0.01241,0.00593,0.00590,0.00741,0.00527,0.23698,0.22727,0.09282,0.02536,0.00574,0.21184,0.00475,0.00483,0.00812
0.01240,0.06161,0.01095,0.05490,0.01590,0.02177,0.02717,0.01112,0.01454,0.01505,0.01001,0.11949,0.25238,0.10652,0.02719,0.01419,0.19236,0.01070,0.00871,0.01303
0.00579,0.06830,0.00476,0.06961,0.00545,0.00810,0.00867,0.00510,0.00534,0.00611,0.00442,0.20007,0.24158,0.09413,0.03556,0.00593,0.21708,0.00460,0.00369,0.00571
0.01184,0.10729,0.01315,0.11789,0.01204,0.02214,0.02585,0.01141,0.01027,0.01367,0.02556,0.07542,0.17813,0.07896,0.05918,0.01085,0.19109,0.01203,0.00790,0.01534
0.01026,0.08278,0.00734,0.08453,0.01004,0.01448,0.01506,0.00980,0.00801,0.01020,0.01346,0.12620,0.13889,0.14042,0.11000,0.00881,0.17934,0.00873,0.00936,0.01228
0.00458,0.31196,0.00502,0.26479,0.00452,0.00704,0.00730,0.00524,0.00471,0.00586,0.00688,0.09007,0.05899,0.11336,0.02792,0.00389,0.06457,0.00411,0.00411,0.00506
0.00638,0.07833,0.00594,0.09664,0.00653,0.00958,0.00933,0.00765,0.00692,0.00727,0.01136,0.07961,0.16425,0.09855,0.02905,0.00635,0.35658,0.00599,0.00637,0.00731
0.00496,0.11592,0.00434,0.09638,0.00529,0.00802,0.00946,0.00503,0.00548,0.00660,0.00492,0.32287,0.12457,0.11172,0.04302,0.00480,0.11171,0.00466,0.00359,0.00666
0.00704,0.12537,0.00808,0.11468,0.00828,0.01164,0.01808,0.00846,0.00706,0.00732,0.00859,0.14956,0.18038,0.14182,0.02031,0.00802,0.15447,0.00589,0.00539,0.00956
0.00313,0.02273,0.00302,0.02351,0.00342,0.00494,0.00518,0.00380,0.00308,0.00373,0.00548,0.22593,0.20319,0.19581,0.01446,0.00384,0.26375,0.00304,0.00305,0.00491
0.00715,0.11183,0.00677,0.09924,0.00687,0.01258,0.01362,0.00817,0.00804,0.00892,0.00701,0.24836,0.13236,0.12176,0.02679,0.00794,0.14885,0.00728,0.00668,0.00980
0.00541,0.03745,0.00618,0.03493,0.00686,0.00773,0.01042,0.00630,0.00686,0.00676,0.00630,0.21726,0.17196,0.18408,0.06951,0.00597,0.19871,0.00490,0.00519,0.00722
0.00597,0.06173,0.00565,0.07727,0.00672,0.01091,0.01013,0.00667,0.00591,0.00688,0.00972,0.11732,0.21957,0.10410,0.10947,0.00794,0.21572,0.00557,0.00495,0.00779
0.00743,0.04077,0.00682,0.03778,0.00729,0.01095,0.01269,0.00800,0.00737,0.00755,0.00596,0.47476,0.09128,0.12218,0.05546,0.00980,0.06886,0.00769,0.00635,0.01100
0.00729,0.07744,0.00626,0.07904,0.00747,0.01055,0.01257,0.00627,0.00624,0.00848,0.01042,0.16258,0.18531,0.16973,0.02580,0.00739,0.19569,0.00597,0.00574,0.00976
0.00830,0.04714,0.00812,0.04494,0.00782,0.01022,0.01156,0.00737,0.00844,0.00902,0.02431,0.25977,0.11346,0.27690,0.02196,0.01160,0.09523,0.00706,0.00752,0.01928
0.00645,0.07200,0.00642,0.06906,0.00770,0.01053,0.00979,0.00645,0.00790,0.00724,0.00560,0.24755,0.11688,0.12930,0.11678,0.00501,0.16023,0.00473,0.00483,0.00556
0.00644,0.08094,0.00605,0.08360,0.00738,0.01150,0.01143,0.00707,0.00631,0.00757,0.00895,0.19367,0.17086,0.16592,0.02875,0.00712,0.17797,0.00523,0.00526,0.00799
0.00905,0.03761,0.00831,0.03678,0.00984,0.01788,0.03283,0.01100,0.01007,0.00844,0.01146,0.06705,0.23485,0.08247,0.04684,0.00819,0.34554,0.00678,0.00581,0.00921
0.00746,0.05816,0.00847,0.06112,0.00800,0.01198,0.01314,0.00754,0.00871,0.00863,0.03825,0.17359,0.10369,0.31182,0.02382,0.01059,0.11426,0.00843,0.00829,0.01405
0.00398,0.06665,0.00409,0.09398,0.00498,0.00574,0.00667,0.00461,0.00458,0.00518,0.00700,0.26241,0.11420,0.27389,0.01412,0.00473,0.10849,0.00374,0.00384,0.00712
0.00592,0.03991,0.00583,0.04177,0.00555,0.00966,0.01134,0.00645,0.00578,0.00788,0.00563,0.41601,0.12195,0.15075,0.02397,0.00614,0.11725,0.00550,0.00554,0.00718
0.00744,0.06183,0.00697,0.06846,0.00797,0.01427,0.01817,0.00843,0.00890,0.01120,0.00579,0.32637,0.16036,0.11316,0.02159,0.00938,0.12411,0.00789,0.00716,0.01054
0.00413,0.14560,0.00448,0.16031,0.00476,0.00842,0.00861,0.00565,0.00489,0.00618,0.00529,0.13723,0.16739,0.09330,0.01630,0.00467,0.21084,0.00328,0.00406,0.00459
0.00832,0.04649,0.00639,0.04409,0.00779,0.01114,0.01357,0.00798,0.00799,0.00875,0.00653,0.29357,0.13666,0.16981,0.07995,0.00700,0.12318,0.00671,0.00571,0.00838
0.00516,0.04868,0.00511,0.04560,0.00543,0.00966,0.01211,0.00628,0.00580,0.00651,0.00531,0.38614,0.14921,0.11917,0.03139,0.00545,0.13843,0.00430,0.00447,0.00580
0.00546,0.05856,0.00553,0.05797,0.00610,0.00949,0.01047,0.00663,0.00588,0.00825,0.01039,0.30574,0.08523,0.28278,0.02011,0.00628,0.09784,0.00531,0.00518,0.00679
0.00599,0.10296,0.00675,0.11335,0.00671,0.01048,0.01269,0.00673,0.00704,0.00817,0.00612,0.19316,0.16777,0.13791,0.02651,0.00831,0.15983,0.00567,0.00548,0.00834
0.00771,0.07904,0.00724,0.07292,0.00738,0.00944,0.01379,0.00705,0.00722,0.00834,0.01066,0.11414,0.26647,0.12177,0.03072,0.01041,0.20034,0.00669,0.00690,0.01175
0.00501,0.08131,0.00573,0.08731,0.00517,0.00823,0.00938,0.00547,0.00552,0.00538,0.01442,0.21489,0.10088,0.29648,0.04070,0.00851,0.08347,0.00580,0.00571,0.01063
