0.01721,0.11945,0.01631,0.12377,0.02144,0.04332,0.04831,0.02417,0.01644,0.02448,0.01676,0.10412,0.11947,0.11713,0.03155,0.01100,0.11416,0.00799,0.00941,0.01351
0.01364,0.06191,0.01235,0.06187,0.01705,0.03915,0.04514,0.01922,0.01468,0.01638,0.02349,0.11605,0.13303,0.12580,0.11139,0.01863,0.12056,0.01237,0.01160,0.02569
0.01108,0.02147,0.00796,0.02228,0.00842,0.00966,0.01094,0.01011,0.01055,0.00918,0.13485,0.10109,0.16040,0.17549,0.04955,0.01370,0.17686,0.01047,0.02014,0.03581
0.01322,0.07068,0.01595,0.07159,0.01632,0.02313,0.03357,0.01787,0.01841,0.01957,0.01546,0.19779,0.08491,0.20756,0.05152,0.01422,0.08457,0.01371,0.01303,0.01691
0.01948,0.07273,0.01429,0.07506,0.02208,0.05671,0.06131,0.02491,0.01924,0.02235,0.02091,0.12425,0.07138,0.13168,0.14320,0.01473,0.07150,0.01131,0.00848,0.01440
0.00764,0.05359,0.00708,0.05287,0.00770,0.01298,0.01430,0.00997,0.00826,0.00853,0.02246,0.18618,0.09993,0.20127,0.16887,0.00989,0.09836,0.00663,0.01085,0.01264
0.00914,0.07473,0.00958,0.07488,0.01034,0.01435,0.01634,0.01085,0.01171,0.01065,0.01461,0.15590,0.14771,0.16369,0.07860,0.01273,0.14848,0.01103,0.01061,0.01406
0.00658,0.03524,0.00584,0.03753,0.00641,0.00835,0.00924,0.00699,0.00593,0.00815,0.03468,0.24832,0.12761,0.27094,0.02044,0.01054,0.12639,0.00645,0.00977,0.01463
0.00882,0.10390,0.00887,0.10536,0.01182,0.01993,0.02390,0.01197,0.01185,0.01381,0.01508,0.10242,0.15805,0.10921,0.10177,0.01133,0.15220,0.00893,0.00711,0.01370
0.01451,0.04679,0.01401,0.04635,0.01631,0.01562,0.01718,0.01422,0.01335,0.01383,0.07278,0.08306,0.18528,0.11537,0.05751,0.02005,0.18899,0.01597,0.01919,0.02963
0.01215,0.05383,0.01024,0.05674,0.01087,0.01191,0.01194,0.01154,0.00873,0.01102,0.01521,0.08449,0.24665,0.09150,0.07550,0.01185,0.24268,0.00835,0.01010,0.01469
0.01049,0.08858,0.00917,0.08611,0.01190,0.01827,0.02012,0.01418,0.01118,0.01066,0.01452,0.12037,0.15677,0.12505,0.10073,0.01520,0.15250,0.00875,0.01021,0.01526
0.00882,0.08154,0.01001,0.08197,0.01009,0.01316,0.01405,0.01094,0.00892,0.00961,0.03244,0.06007,0.24566,0.07640,0.04984,0.01097,0.24374,0.00714,0.00890,0.01571
0.02169,0.07750,0.01493,0.07789,0.01702,0.02165,0.02826,0.01515,0.01252,0.01383,0.04807,0.12115,0.13109,0.14458,0.03706,0.02448,0.11943,0.01681,0.01597,0.04091
0.00975,0.12924,0.00924,0.12624,0.01047,0.01109,0.01182,0.00995,0.00986,0.01092,0.01919,0.17195,0.09516,0.18490,0.04477,0.01701,0.09038,0.00933,0.00948,0.01924
0.01024,0.06649,0.00915,0.06581,0.01024,0.01644,0.01919,0.01199,0.00884,0.01143,0.05364,0.11954,0.17698,0.13875,0.01608,0.03329,0.15077,0.01380,0.01567,0.05166
0.00601,0.06765,0.00514,0.06954,0.00519,0.00896,0.01012,0.00565,0.00594,0.00608,0.00927,0.09848,0.27870,0.10166,0.02672,0.00539,0.27259,0.00419,0.00475,0.00796
0.01125,0.08682,0.01206,0.08607,0.01489,0.01453,0.01422,0.01386,0.01302,0.01594,0.02195,0.18780,0.11303,0.20163,0.02946,0.01533,0.11131,0.00986,0.01218,0.01480
0.00946,0.06945,0.01191,0.07413,0.01161,0.02065,0.02507,0.01334,0.01276,0.01415,0.01310,0.19362,0.10904,0.20366,0.06542,0.01178,0.10805,0.01028,0.00844,0.01408
0.01512,0.05097,0.01242,0.04775,0.01335,0.01839,0.02042,0.01467,0.01177,0.01425,0.03397,0.15457,0.12184,0.16456,0.10302,0.02216,0.11846,0.02112,0.01698,0.02421
0.01179,0.08447,0.01135,0.08412,0.01205,0.01832,0.02184,0.01197,0.01123,0.01465,0.02057,0.14694,0.15946,0.15508,0.02317,0.01664,0.14670,0.01208,0.01174,0.02582
0.00800,0.06501,0.00799,0.06737,0.00835,0.01279,0.01449,0.01012,0.00863,0.01032,0.01427,0.07644,0.21768,0.08575,0.13600,0.01121,0.21543,0.00799,0.00952,0.01263
0.00937,0.08113,0.00867,0.08234,0.01037,0.01257,0.01469,0.01059,0.01037,0.01122,0.01234,0.21053,0.08791,0.21838,0.09088,0.00977,0.08719,0.00932,0.00942,0.01294
0.00976,0.14211,0.00836,0.14408,0.00945,0.01352,0.01493,0.00818,0.00940,0.01073,0.01956,0.09719,0.15605,0.10860,0.05379,0.01024,0.15324,0.00792,0.00953,0.01337
0.00889,0.07089,0.01029,0.07200,0.00757,0.01131,0.01336,0.00911,0.00890,0.01080,0.00892,0.16869,0.17008,0.17808,0.04216,0.01153,0.16797,0.00908,0.00656,0.01382
0.01051,0.04246,0.00938,0.04059,0.00998,0.01712,0.01994,0.01014,0.01122,0.01344,0.02928,0.16601,0.15063,0.18401,0.07970,0.01891,0.14434,0.00984,0.00975,0.02277
0.00946,0.06918,0.01107,0.06813,0.01141,0.01610,0.02062,0.01318,0.01102,0.01269,0.00890,0.21990,0.11558,0.22414,0.04447,0.00994,0.10804,0.00733,0.00674,0.01210
0.00922,0.12842,0.00725,0.12613,0.00710,0.01116,0.01322,0.00908,0.00772,0.00833,0.00965,0.06517,0.23841,0.06820,0.02208,0.01036,0.23191,0.00690,0.00625,0.01346
0.01137,0.03507,0.01137,0.03657,0.01048,0.01430,0.01686,0.01258,0.01452,0.01106,0.05499,0.24868,0.06924,0.27939,0.03684,0.01477,0.07704,0.01141,0.01349,0.01998
0.00881,0.03787,0.00806,0.03653,0.01030,0.01338,0.01977,0.01011,0.01134,0.00970,0.01580,0.11255,0.22390,0.12406,0.08907,0.01249,0.22121,0.01045,0.01121,0.01339
0.01004,0.05563,0.00911,0.05220,0.01085,0.01464,0.01750,0.01002,0.01160,0.01099,0.01402,0.20077,0.13385,0.21059,0.07177,0.01283,0.12331,0.00809,0.00676,0.01542
0.01668,0.09594,0.01581,0.09801,0.01467,0.02167,0.02517,0.01400,0.01409,0.01708,0.01587,0.13895,0.06601,0.15274,0.17272,0.01870,0.05728,0.01332,0.01196,0.01933
0.01069,0.09572,0.01116,0.09818,0.01223,0.01704,0.01900,0.01040,0.00959,0.01044,0.02196,0.11875,0.16561,0.12813,0.06400,0.01147,0.16229,0.00970,0.00787,0.01577
0.02152,0.08025,0.01853,0.08593,0.01890,0.04752,0.06084,0.02375,0.01951,0.02469,0.03201,0.11016,0.11621,0.11987,0.03204,0.01845,0.11253,0.01680,0.01685,0.02364
0.01512,0.09027,0.01434,0.09211,0.01363,0.01906,0.02195,0.01571,0.01355,0.01638,0.02794,0.13605,0.11643,0.14421,0.08115,0.01682,0.11344,0.01443,0.01277,0.02463
0.01196,0.08094,0.01117,0.08040,0.01296,0.01777,0.01765,0.01281,0.01248,0.01327,0.04066,0.14815,0.13670,0.17228,0.03973,0.01134,0.13962,0.01005,0.01192,0.01812
0.01480,0.04521,0.01013,0.04640,0.01302,0.01819,0.02243,0.01510,0.01312,0.01617,0.03932,0.16795,0.11656,0.18365,0.07096,0.02634,0.10441,0.01593,0.02138,0.03892
0.00921,0.11877,0.01149,0.11944,0.01062,0.02473,0.03264,0.01037,0.00971,0.01232,0.01221,0.13425,0.13353,0.13822,0.05791,0.01234,0.11822,0.00945,0.00924,0.01533
0.01077,0.10824,0.00780,0.10957,0.00949,0.01348,0.01794,0.01053,0.00885,0.00939,0.02129,0.15597,0.12305,0.16458,0.06865,0.01122,0.11910,0.00759,0.00880,0.01370
0.01208,0.06123,0.00912,0.06288,0.01016,0.01434,0.01559,0.01157,0.01075,0.01222,0.02907,0.10588,0.20106,0.11982,0.06793,0.01579,0.19781,0.01051,0.01024,0.02195
0.00656,0.05141,0.00581,0.05198,0.00709,0.01105,0.01478,0.00654,0.00736,0.00807,0.00916,0.26154,0.05436,0.27266,0.14139,0.01015,0.05358,0.00892,0.00670,0.01089
0.02087,0.04742,0.02013,0.04610,0.01890,0.02771,0.03289,0.02222,0.01962,0.02333,0.07474,0.08645,0.11715,0.12797,0.09667,0.01995,0.12381,0.01635,0.02519,0.03252
0.01128,0.06032,0.01151,0.06336,0.01327,0.01407,0.01676,0.01116,0.01278,0.01309,0.01748,0.14098,0.17986,0.14654,0.05695,0.01395,0.17334,0.01145,0.01277,0.01910
0.01452,0.11384,0.01096,0.10937,0.01716,0.01934,0.02515,0.01473,0.01470,0.01424,0.01837,0.14312,0.10589,0.15181,0.07595,0.01314,0.10546,0.00901,0.00980,0.01345
0.01239,0.08636,0.00987,0.08693,0.00980,0.01666,0.01997,0.01268,0.00963,0.01276,0.01677,0.11343,0.17644,0.12343,0.07917,0.01032,0.17116,0.00863,0.00932,0.01426
0.01638,0.07897,0.01459,0.08000,0.02160,0.04086,0.04358,0.02469,0.01942,0.02482,0.03073,0.14560,0.08130,0.15584,0.06816,0.01991,0.07639,0.01670,0.01353,0.02694
0.01491,0.05558,0.01405,0.05926,0.01991,0.02506,0.03272,0.01731,0.01569,0.01862,0.09909,0.12501,0.08491,0.16269,0.05749,0.01870,0.09629,0.01398,0.03209,0.03664
0.01001,0.05894,0.00925,0.05993,0.00978,0.01806,0.01932,0.01151,0.01264,0.01075,0.01134,0.15983,0.18360,0.16252,0.04720,0.01016,0.17999,0.00765,0.00688,0.01065
0.00990,0.07106,0.00945,0.06895,0.01038,0.01345,0.01721,0.01077,0.00929,0.00972,0.01120,0.22344,0.10578,0.23499,0.04579,0.01173,0.10864,0.00886,0.00821,0.01120
0.01775,0.12439,0.01338,0.12326,0.01679,0.01868,0.01780,0.01424,0.01337,0.01603,0.01123,0.11190,0.13031,0.11674,0.07622,0.01696,0.11664,0.00911,0.01154,0.02364
0.01444,0.03533,0.01378,0.03248,0.01333,0.01622,0.01692,0.01495,0.01158,0.01577,0.05304,0.16930,0.13803,0.19210,0.03883,0.02164,0.14154,0.01755,0.01640,0.02678
0.00932,0.08335,0.01005,0.08313,0.01148,0.01981,0.02575,0.01231,0.01107,0.01169,0.02879,0.07986,0.20018,0.08886,0.06440,0.02278,0.18569,0.01093,0.01154,0.02902
0.01251,0.07620,0.01077,0.07490,0.01448,0.02149,0.02426,0.01447,0.01352,0.01551,0.02054,0.13818,0.14313,0.14739,0.08459,0.01351,0.13263,0.01060,0.01079,0.02054
0.00871,0.07248,0.00997,0.07272,0.01118,0.01069,0.01235,0.00990,0.01092,0.00815,0.07220,0.06598,0.17221,0.10014,0.12713,0.00986,0.18378,0.00847,0.01329,0.01989
0.00888,0.07570,0.00974,0.07530,0.00980,0.01590,0.02043,0.01297,0.01044,0.01231,0.01540,0.15779,0.15458,0.16400,0.05636,0.01166,0.15356,0.01213,0.00828,0.01479
0.00715,0.11200,0.00768,0.11215,0.00742,0.01000,0.01243,0.00798,0.00666,0.00840,0.06043,0.17810,0.08500,0.21687,0.01788,0.01688,0.08456,0.01112,0.01119,0.02610
0.01065,0.04591,0.01134,0.04591,0.01041,0.01373,0.01701,0.01223,0.00891,0.01214,0.05179,0.12932,0.11776,0.15779,0.17305,0.01404,0.12171,0.01153,0.01127,0.02350
0.01033,0.10904,0.01317,0.10575,0.01277,0.01772,0.02134,0.01318,0.01029,0.01297,0.04894,0.13010,0.12392,0.15902,0.02242,0.01473,0.12274,0.01262,0.01534,0.02359
0.00721,0.08703,0.00751,0.08633,0.00769,0.00998,0.01277,0.00704,0.00733,0.00727,0.02266,0.16232,0.13659,0.17764,0.08098,0.01124,0.13878,0.00895,0.00733,0.01334
0.01284,0.09137,0.01216,0.09184,0.01481,0.01997,0.02450,0.01504,0.01711,0.01710,0.01336,0.04146,0.16971,0.04035,0.20189,0.01411,0.16702,0.01261,0.00895,0.01378
0.01625,0.05153,0.01751,0.05319,0.01727,0.02339,0.02090,0.01962,0.02217,0.02174,0.04013,0.15085,0.13321,0.16570,0.02917,0.02292,0.13443,0.01607,0.01927,0.02469
0.01059,0.02443,0.01338,0.02619,0.01057,0.01437,0.01541,0.01044,0.01124,0.01253,0.03707,0.16552,0.18316,0.18008,0.02640,0.02099,0.17955,0.01410,0.01533,0.02866
0.01619,0.14859,0.01662,0.14850,0.01745,0.02663,0.03148,0.01623,0.01557,0.01828,0.01680,0.08001,0.12369,0.08685,0.06563,0.01629,0.10745,0.00998,0.01314,0.02461
0.01877,0.08964,0.01748,0.09298,0.01936,0.02356,0.02183,0.01719,0.02212,0.01978,0.02003,0.11101,0.09920,0.11465,0.12859,0.02669,0.08819,0.02410,0.01627,0.02857
0.01100,0.05719,0.00939,0.05663,0.01221,0.01579,0.01460,0.01333,0.01137,0.01325,0.01428,0.11152,0.21693,0.11734,0.06520,0.01254,0.21947,0.00806,0.00815,0.01178
0.01092,0.13688,0.00779,0.13754,0.00925,0.01769,0.02352,0.01249,0.01048,0.01245,0.01568,0.13311,0.09959,0.14495,0.08927,0.01068,0.09867,0.00795,0.00714,0.01393
0.00960,0.04759,0.01038,0.04622,0.00937,0.01509,0.01878,0.01233,0.00945,0.01160,0.01693,0.15837,0.19416,0.17233,0.03146,0.01719,0.17820,0.00779,0.01008,0.02309
0.00981,0.11920,0.01104,0.11913,0.01000,0.01701,0.01972,0.01144,0.01021,0.01226,0.03405,0.16649,0.07366,0.18417,0.06928,0.01510,0.07003,0.01212,0.01479,0.02050
0.01045,0.17911,0.01012,0.17849,0.01143,0.01326,0.01499,0.01273,0.01040,0.01021,0.04034,0.07812,0.13145,0.09577,0.03255,0.00780,0.13070,0.00714,0.01041,0.01453
0.01013,0.05373,0.00776,0.05333,0.01228,0.02680,0.03248,0.01425,0.01102,0.01159,0.00911,0.13630,0.19176,0.13915,0.06890,0.01046,0.18601,0.00749,0.00647,0.01101
0.01494,0.05162,0.01241,0.05250,0.01683,0.02306,0.02639,0.01853,0.01438,0.01463,0.03001,0.13835,0.15334,0.14896,0.03816,0.02955,0.14103,0.02233,0.01431,0.03868
0.00890,0.11095,0.00817,0.10896,0.00899,0.01822,0.02437,0.01034,0.00843,0.01045,0.01970,0.12299,0.12545,0.13340,0.11761,0.01049,0.12399,0.00824,0.00835,0.01200
0.01212,0.10757,0.01104,0.10583,0.01151,0.03029,0.03739,0.01399,0.01182,0.01629,0.02282,0.10327,0.13945,0.11332,0.07641,0.01139,0.13625,0.00973,0.01133,0.01817
0.01519,0.07569,0.01376,0.07128,0.01560,0.02105,0.02406,0.01453,0.01443,0.01500,0.02149,0.14212,0.14724,0.15206,0.06229,0.01379,0.14579,0.00918,0.01049,0.01497
0.00678,0.05197,0.00584,0.05327,0.00687,0.00854,0.00977,0.00817,0.00687,0.00668,0.01980,0.13718,0.22687,0.14408,0.02318,0.02116,0.21509,0.01103,0.00909,0.02776
0.00914,0.11098,0.00991,0.10946,0.01218,0.01861,0.01930,0.01252,0.01119,0.01094,0.02296,0.11033,0.18309,0.11877,0.01865,0.01200,0.17793,0.00635,0.00942,0.01627
0.00753,0.09302,0.00812,0.09609,0.00870,0.01513,0.01583,0.00962,0.00787,0.00851,0.00820,0.20789,0.12565,0.21945,0.01661,0.01151,0.11106,0.00671,0.00697,0.01551
0.00904,0.07368,0.00755,0.07182,0.00985,0.01357,0.01401,0.01010,0.00862,0.00813,0.01648,0.13213,0.20654,0.13870,0.03825,0.01022,0.20264,0.00771,0.00704,0.01391
0.01420,0.08939,0.01394,0.08663,0.01666,0.02198,0.02578,0.01805,0.01480,0.01269,0.01373,0.12991,0.15151,0.13495,0.05830,0.01788,0.13197,0.00926,0.01319,0.02518
0.00757,0.08561,0.00717,0.08416,0.00736,0.01069,0.01471,0.00838,0.00653,0.00799,0.00986,0.19695,0.11049,0.20434,0.09059,0.01149,0.10792,0.00875,0.00553,0.01393
0.00910,0.06317,0.00747,0.06713,0.00920,0.02199,0.03293,0.01081,0.00812,0.00960,0.01646,0.11742,0.21622,0.12685,0.03809,0.00827,0.21357,0.00611,0.00685,0.01063
0.00907,0.04707,0.00957,0.05074,0.00932,0.01320,0.01532,0.01030,0.01148,0.01020,0.02748,0.16287,0.18490,0.17770,0.03346,0.00931,0.18908,0.00646,0.00796,0.01449
0.01075,0.10231,0.01217,0.10427,0.01390,0.02070,0.02941,0.01571,0.01100,0.01452,0.03208,0.13042,0.10772,0.14081,0.08854,0.01596,0.10425,0.01114,0.01358,0.02075
0.01665,0.05025,0.01386,0.05124,0.01443,0.02984,0.03465,0.01510,0.01310,0.01513,0.01340,0.10089,0.19501,0.10615,0.08044,0.02342,0.16884,0.01195,0.01231,0.03336
0.02171,0.07984,0.01966,0.08317,0.02622,0.04019,0.05731,0.02842,0.01915,0.02858,0.03260,0.06025,0.17307,0.07375,0.02367,0.01253,0.17762,0.01128,0.01333,0.01765
0.01822,0.10986,0.01781,0.11485,0.01606,0.02293,0.02168,0.01850,0.01665,0.02231,0.01581,0.14061,0.07936,0.14609,0.09876,0.01636,0.07945,0.01565,0.01209,0.01697
0.00893,0.16425,0.00739,0.16200,0.00815,0.01302,0.01251,0.01036,0.00792,0.00903,0.00968,0.12395,0.14188,0.13062,0.02104,0.01131,0.12988,0.00754,0.00708,0.01346
0.00786,0.05197,0.00745,0.04818,0.00959,0.01533,0.01630,0.00800,0.00922,0.00948,0.01193,0.10687,0.25667,0.11100,0.04056,0.01160,0.24768,0.00946,0.00788,0.01298
0.00919,0.08128,0.00822,0.08058,0.01094,0.01211,0.01443,0.01048,0.01020,0.00862,0.03943,0.16279,0.12642,0.17958,0.06541,0.01115,0.13034,0.01178,0.01126,0.01576
0.02126,0.05368,0.01657,0.05463,0.01739,0.02681,0.03057,0.01937,0.01782,0.01898,0.03527,0.08130,0.13934,0.10120,0.16397,0.01703,0.13922,0.01105,0.01325,0.02127
0.01400,0.08551,0.01641,0.09041,0.01761,0.03274,0.04248,0.01927,0.02000,0.02187,0.02710,0.07223,0.17772,0.08324,0.04455,0.01717,0.17491,0.01431,0.01319,0.01529
0.01077,0.04153,0.00909,0.04258,0.01142,0.02602,0.03523,0.01269,0.01032,0.01260,0.02465,0.23606,0.09909,0.25127,0.02938,0.01318,0.09954,0.00861,0.01005,0.01593
0.01027,0.12071,0.01015,0.11819,0.01135,0.01379,0.01474,0.01222,0.00915,0.01209,0.01455,0.13630,0.14875,0.13896,0.03806,0.01471,0.13377,0.01102,0.00985,0.02136
0.01277,0.13031,0.01110,0.12325,0.01157,0.01956,0.01986,0.01226,0.01126,0.01279,0.00974,0.08866,0.18001,0.09205,0.05427,0.01062,0.17064,0.00790,0.00742,0.01398
0.00786,0.05599,0.00704,0.05411,0.00707,0.01275,0.01746,0.00924,0.00704,0.00883,0.01071,0.24875,0.10539,0.26276,0.05229,0.00855,0.10005,0.00661,0.00644,0.01107
0.01671,0.08043,0.01375,0.07914,0.01205,0.01802,0.01886,0.01492,0.01519,0.01468,0.06240,0.13441,0.09424,0.16192,0.09228,0.02021,0.09074,0.01311,0.01600,0.03094
0.01423,0.13371,0.01006,0.13198,0.01144,0.02152,0.02604,0.01393,0.01382,0.01193,0.02165,0.07302,0.14536,0.08402,0.08553,0.01722,0.13655,0.01161,0.01361,0.02279
0.00831,0.07396,0.00801,0.07360,0.00876,0.01430,0.01334,0.01017,0.00817,0.00877,0.00707,0.08567,0.25142,0.08798,0.06252,0.00861,0.24927,0.00563,0.00604,0.00840
0.00982,0.16805,0.00812,0.17076,0.00974,0.01202,0.01453,0.01095,0.00870,0.01026,0.01762,0.10769,0.13223,0.11982,0.02263,0.01115,0.13001,0.00708,0.01081,0.01801
0.01277,0.11738,0.01210,0.11067,0.01793,0.02296,0.02359,0.01323,0.01602,0.01837,0.01391,0.11251,0.12950,0.12065,0.08848,0.01136,0.13073,0.00816,0.00869,0.01101
0.01530,0.13836,0.01621,0.13788,0.01679,0.03331,0.04352,0.01820,0.01446,0.01906,0.00997,0.09048,0.13733,0.09439,0.04475,0.00873,0.13266,0.00743,0.00860,0.01258
0.01254,0.05687,0.01227,0.05640,0.01118,0.01822,0.02158,0.01292,0.01262,0.01484,0.01656,0.12364,0.16830,0.13174,0.10764,0.01686,0.16175,0.01088,0.01288,0.02031
0.01275,0.06430,0.01347,0.06404,0.01248,0.01714,0.01935,0.01237,0.01136,0.01615,0.02214,0.14906,0.16302,0.16211,0.04462,0.01686,0.15554,0.01172,0.01114,0.02036
0.01231,0.04184,0.00841,0.04378,0.01417,0.01713,0.02040,0.01231,0.01266,0.01290,0.00878,0.14156,0.12272,0.15000,0.20855,0.01534,0.12160,0.01083,0.01018,0.01453
0.01291,0.03789,0.01374,0.03859,0.01456,0.01366,0.01830,0.01571,0.01471,0.01413,0.11228,0.08416,0.11023,0.14195,0.11904,0.02598,0.12449,0.01782,0.02512,0.04472
0.00988,0.04868,0.00822,0.04842,0.01054,0.01171,0.01457,0.01039,0.00811,0.01021,0.01942,0.21700,0.10244,0.23079,0.10154,0.00967,0.10400,0.00804,0.01177,0.01460
0.00936,0.06215,0.01057,0.06598,0.01238,0.01538,0.01894,0.01102,0.01045,0.01063,0.00851,0.26795,0.08285,0.27552,0.02604,0.00907,0.08127,0.00654,0.00599,0.00937
0.01543,0.14108,0.01121,0.14434,0.01301,0.01095,0.01524,0.01206,0.01296,0.01305,0.02482,0.07784,0.15938,0.08358,0.04443,0.01766,0.15552,0.01359,0.01238,0.02147
0.00838,0.08541,0.01016,0.08555,0.00974,0.01184,0.01342,0.01054,0.00965,0.00958,0.01537,0.16569,0.15859,0.17504,0.03702,0.00997,0.15472,0.00753,0.00794,0.01387
0.01648,0.05657,0.01677,0.05734,0.01687,0.04671,0.05335,0.02296,0.01756,0.02171,0.01486,0.15971,0.12029,0.16888,0.05398,0.00883,0.11727,0.00763,0.01055,0.01170
0.01351,0.08644,0.01075,0.08519,0.01613,0.03292,0.03403,0.01569,0.01454,0.01369,0.01091,0.16295,0.12826,0.17106,0.03525,0.01191,0.12808,0.00896,0.00792,0.01180
0.01222,0.13379,0.01108,0.12831,0.01569,0.01710,0.02329,0.01407,0.01196,0.01537,0.01906,0.13679,0.11166,0.15112,0.03787,0.01404,0.11049,0.01003,0.00926,0.01681
0.01533,0.05894,0.01536,0.05938,0.01253,0.02811,0.03423,0.01506,0.01624,0.01518,0.03469,0.13172,0.15348,0.13973,0.03611,0.02270,0.14267,0.01713,0.01537,0.03605
0.01838,0.08353,0.02207,0.08448,0.02287,0.03058,0.03328,0.02257,0.02589,0.02432,0.02605,0.07809,0.16330,0.07904,0.04597,0.01904,0.16271,0.01872,0.01686,0.02224
0.01345,0.09922,0.01203,0.09819,0.01761,0.03780,0.03905,0.01694,0.01646,0.01790,0.02109,0.09644,0.16103,0.10459,0.03412,0.01535,0.15682,0.01471,0.01001,0.01719
0.01025,0.07077,0.00890,0.07279,0.01054,0.01838,0.02326,0.01322,0.00938,0.00931,0.01125,0.16651,0.17569,0.17510,0.02378,0.00939,0.17030,0.00586,0.00616,0.00916
0.01140,0.10085,0.01157,0.09991,0.01240,0.01453,0.01936,0.01130,0.01045,0.01064,0.01697,0.09139,0.18244,0.09726,0.08086,0.01404,0.17589,0.01127,0.01088,0.01660
0.01424,0.03914,0.01230,0.04058,0.01165,0.01600,0.01920,0.01375,0.01279,0.01100,0.01798,0.08881,0.24554,0.09532,0.06732,0.01249,0.24542,0.01134,0.01056,0.01457
0.00892,0.06502,0.00856,0.06593,0.01064,0.01231,0.01211,0.00983,0.00911,0.01093,0.04952,0.17261,0.13455,0.20223,0.03300,0.01543,0.13884,0.00814,0.01208,0.02025
0.02117,0.06880,0.01545,0.07261,0.01818,0.04046,0.04110,0.01986,0.01978,0.01815,0.01845,0.07947,0.13273,0.08636,0.14196,0.02961,0.10388,0.01512,0.01490,0.04195
0.01864,0.10624,0.01873,0.10316,0.01834,0.02544,0.03431,0.02163,0.01916,0.02021,0.02025,0.05539,0.20129,0.05774,0.02272,0.01770,0.18802,0.01204,0.01450,0.02448
0.01199,0.06508,0.01039,0.06330,0.01029,0.01415,0.01873,0.01071,0.00838,0.01086,0.03988,0.19479,0.11100,0.21356,0.04964,0.01241,0.11457,0.01028,0.01035,0.01964
0.01779,0.09570,0.01293,0.09504,0.01510,0.02179,0.02830,0.01991,0.01512,0.01567,0.02883,0.15848,0.09079,0.17539,0.05983,0.01464,0.08947,0.01403,0.01194,0.01924
0.01104,0.05019,0.01666,0.04987,0.01266,0.02158,0.02239,0.01520,0.01336,0.01320,0.01329,0.22200,0.11279,0.23270,0.01961,0.02399,0.09393,0.01424,0.01219,0.02910
0.02300,0.12832,0.01899,0.12645,0.02063,0.02393,0.03398,0.02254,0.01938,0.02293,0.01572,0.10586,0.11560,0.11074,0.04284,0.01515,0.11450,0.01130,0.01130,0.01682
0.01491,0.08226,0.01117,0.08110,0.01301,0.02268,0.02641,0.01521,0.01051,0.01176,0.04975,0.16212,0.10599,0.19336,0.03977,0.01521,0.10138,0.00760,0.01489,0.02090
0.01597,0.04506,0.01928,0.04293,0.02145,0.03068,0.03467,0.01994,0.01653,0.02267,0.03418,0.18221,0.08823,0.19409,0.06342,0.02153,0.08653,0.01454,0.01708,0.02901
0.01090,0.06094,0.00873,0.06166,0.01074,0.01717,0.02132,0.01053,0.01061,0.01003,0.01131,0.16889,0.16752,0.17428,0.05410,0.00962,0.16643,0.00621,0.00862,0.01038
0.01517,0.09636,0.01377,0.09442,0.01726,0.02479,0.03123,0.01703,0.01906,0.01768,0.01922,0.14441,0.08303,0.15593,0.10142,0.01739,0.08314,0.01362,0.01279,0.02227
0.01013,0.05906,0.01035,0.05976,0.01100,0.01438,0.01531,0.01285,0.01153,0.01200,0.02110,0.13913,0.17090,0.15067,0.08758,0.01275,0.16689,0.00873,0.00967,0.01622
0.01213,0.11537,0.01236,0.11059,0.01683,0.01907,0.02145,0.01642,0.01186,0.01379,0.01274,0.16652,0.08375,0.16660,0.08521,0.01525,0.08127,0.01107,0.01013,0.01759
0.00799,0.05274,0.00857,0.05445,0.00885,0.01381,0.01547,0.00957,0.00876,0.00887,0.03235,0.12414,0.22448,0.13932,0.02019,0.01261,0.22412,0.00828,0.00994,0.01547
0.01869,0.04714,0.01954,0.05443,0.02489,0.03768,0.05496,0.02066,0.03189,0.02263,0.01112,0.09575,0.09804,0.08898,0.20860,0.02121,0.09143,0.01959,0.01384,0.01893
0.00762,0.12444,0.00900,0.12554,0.00860,0.01242,0.01754,0.00923,0.00696,0.01040,0.02453,0.12195,0.14044,0.13813,0.06272,0.00916,0.14249,0.00756,0.00888,0.01239
0.01676,0.06930,0.01462,0.07109,0.01382,0.01450,0.02165,0.01487,0.01611,0.01888,0.02065,0.18888,0.11642,0.19830,0.04062,0.01284,0.11397,0.01006,0.01019,0.01646
0.01036,0.10497,0.01174,0.10540,0.01123,0.01885,0.02202,0.01267,0.01151,0.01212,0.02300,0.14959,0.12960,0.16540,0.04420,0.00977,0.12721,0.00715,0.00923,0.01399
0.01489,0.19914,0.01392,0.19961,0.01683,0.02667,0.02669,0.01555,0.01610,0.01505,0.01152,0.06864,0.11671,0.07522,0.02616,0.01201,0.10978,0.00914,0.00999,0.01638
0.01282,0.07687,0.01053,0.08125,0.01279,0.01702,0.01966,0.01429,0.01133,0.01485,0.02347,0.12016,0.17791,0.13207,0.02490,0.01993,0.17373,0.01303,0.01541,0.02801
0.01280,0.10909,0.01101,0.10970,0.01524,0.01356,0.01881,0.01394,0.01082,0.01325,0.03322,0.09572,0.14339,0.11034,0.08945,0.01171,0.14416,0.01109,0.01450,0.01821
0.01394,0.13061,0.01387,0.12490,0.01542,0.01943,0.02442,0.01811,0.01287,0.01488,0.01966,0.14692,0.09291,0.15792,0.04454,0.01439,0.09590,0.01340,0.01100,0.01491
0.01605,0.03666,0.01391,0.03521,0.01526,0.01766,0.02423,0.01589,0.01764,0.01786,0.01298,0.25371,0.05912,0.25918,0.09718,0.01303,0.05910,0.01222,0.01190,0.01122
0.01234,0.14412,0.01250,0.14352,0.01083,0.01885,0.02000,0.01131,0.01256,0.01091,0.02771,0.05809,0.18473,0.07722,0.02797,0.01095,0.18302,0.00914,0.00863,0.01561
0.01359,0.07112,0.00945,0.06935,0.01220,0.01676,0.02100,0.01127,0.01073,0.01269,0.01735,0.19075,0.10823,0.20644,0.07191,0.01374,0.10504,0.01041,0.00942,0.01857
0.01078,0.07007,0.01344,0.07080,0.01170,0.02646,0.02881,0.01095,0.01006,0.01013,0.01401,0.12410,0.19234,0.13291,0.03830,0.02291,0.15613,0.01189,0.00944,0.03480
0.01263,0.11356,0.01296,0.11747,0.01227,0.02141,0.02624,0.01422,0.01222,0.01364,0.02589,0.09296,0.13265,0.10235,0.09360,0.01823,0.12981,0.01483,0.01259,0.02047
0.02118,0.07407,0.01672,0.06845,0.01785,0.02121,0.02222,0.02334,0.01366,0.02142,0.03420,0.13184,0.14063,0.14867,0.03503,0.02094,0.13281,0.01660,0.01481,0.02432
0.00911,0.17030,0.00758,0.16802,0.00807,0.01297,0.01514,0.00783,0.00903,0.00879,0.02071,0.14581,0.06271,0.15729,0.09159,0.01121,0.06367,0.00814,0.00880,0.01321
0.01240,0.10272,0.01223,0.09957,0.01579,0.01620,0.01846,0.01530,0.01557,0.01649,0.01443,0.13785,0.10008,0.14657,0.12181,0.01737,0.09441,0.01291,0.01297,0.01686
0.00738,0.03347,0.00923,0.03203,0.00786,0.00847,0.00979,0.00870,0.00712,0.00784,0.03775,0.16870,0.17101,0.19326,0.07702,0.01331,0.17377,0.00834,0.01001,0.01495
0.00818,0.15508,0.00711,0.15020,0.00742,0.01119,0.01232,0.00839,0.00873,0.00886,0.00910,0.12924,0.09220,0.13373,0.13297,0.00969,0.08666,0.01037,0.00669,0.01188
0.01390,0.07742,0.01116,0.07624,0.01336,0.01902,0.02258,0.01318,0.01072,0.01379,0.01439,0.18041,0.11625,0.19031,0.07129,0.01463,0.10474,0.00965,0.00995,0.01702
0.01114,0.02963,0.01242,0.03201,0.01153,0.02115,0.02472,0.01573,0.01186,0.01269,0.02260,0.19493,0.14238,0.20780,0.05248,0.01604,0.13901,0.00963,0.01257,0.01972
0.01864,0.04998,0.01348,0.05021,0.01712,0.01809,0.02206,0.01848,0.01510,0.02395,0.03227,0.11359,0.16795,0.12827,0.07702,0.01348,0.17321,0.01461,0.01549,0.01699
0.01553,0.09499,0.01402,0.09392,0.01720,0.01972,0.02031,0.01495,0.01388,0.01607,0.03206,0.16735,0.11298,0.18604,0.01571,0.01198,0.11323,0.01027,0.01338,0.01640
0.00577,0.03689,0.00430,0.03761,0.00630,0.01011,0.01257,0.00634,0.00652,0.00672,0.00898,0.08840,0.30836,0.09065,0.04448,0.00612,0.30198,0.00540,0.00420,0.00829
0.00964,0.07215,0.00912,0.07009,0.01007,0.01589,0.01737,0.00931,0.00945,0.01019,0.01087,0.16272,0.17461,0.16789,0.03933,0.01192,0.16909,0.00741,0.00828,0.01462
0.01520,0.08846,0.01306,0.08625,0.01559,0.01902,0.02158,0.01447,0.01430,0.01705,0.01442,0.14168,0.09496,0.14709,0.15216,0.01356,0.09115,0.01339,0.01121,0.01539
0.00736,0.09201,0.00757,0.09304,0.00769,0.01065,0.01401,0.00986,0.00745,0.00845,0.01198,0.06734,0.25993,0.07374,0.04204,0.00792,0.25508,0.00620,0.00716,0.01050
0.01622,0.04217,0.01374,0.04498,0.01545,0.02074,0.02326,0.01737,0.01559,0.01311,0.01690,0.16156,0.16361,0.16602,0.05654,0.01440,0.15967,0.01288,0.01048,0.01531
0.01163,0.05333,0.00909,0.05398,0.01339,0.01185,0.01507,0.01167,0.01316,0.01190,0.06045,0.16260,0.14256,0.19470,0.01970,0.01717,0.14120,0.01157,0.01613,0.02886
0.01084,0.08831,0.01089,0.09047,0.01042,0.01364,0.01964,0.01284,0.01113,0.01275,0.01557,0.08073,0.23402,0.08821,0.02469,0.01358,0.22521,0.00989,0.01021,0.01697
0.02143,0.10332,0.01761,0.10022,0.02341,0.03215,0.03432,0.01720,0.01584,0.01638,0.01580,0.14831,0.09270,0.15263,0.04489,0.03106,0.05915,0.01736,0.01110,0.04513
0.01114,0.09419,0.01010,0.08789,0.01202,0.01683,0.02082,0.01303,0.01121,0.01306,0.01379,0.14586,0.14316,0.15207,0.06682,0.01415,0.13443,0.01289,0.00949,0.01705
0.01137,0.09749,0.01129,0.09722,0.01361,0.02193,0.02344,0.01444,0.01346,0.01209,0.01349,0.09064,0.13645,0.09293,0.17537,0.01127,0.13126,0.00897,0.00976,0.01354
0.02331,0.06987,0.01964,0.07895,0.02173,0.05584,0.07665,0.02756,0.02288,0.03002,0.01893,0.15281,0.06996,0.15577,0.05242,0.01471,0.07010,0.01113,0.01262,0.01511
0.00806,0.03952,0.00829,0.03816,0.01003,0.01253,0.01418,0.01013,0.00787,0.00964,0.01611,0.13010,0.24705,0.14234,0.02317,0.01210,0.23656,0.00793,0.00931,0.01692
0.01014,0.08609,0.01047,0.08856,0.01079,0.01499,0.01559,0.01173,0.01064,0.01000,0.03300,0.18187,0.12359,0.20116,0.02720,0.00877,0.12703,0.00723,0.00871,0.01243
0.01160,0.13413,0.00889,0.13623,0.01030,0.01707,0.01895,0.01220,0.01056,0.01061,0.02003,0.16741,0.07584,0.17665,0.07535,0.01298,0.07023,0.00815,0.00818,0.01465
0.01468,0.09466,0.01445,0.09470,0.01338,0.03248,0.04021,0.01587,0.01620,0.01708,0.01182,0.18052,0.06331,0.18763,0.09463,0.01803,0.05479,0.00850,0.01030,0.01677
0.01638,0.12121,0.01521,0.12310,0.01465,0.02414,0.02973,0.01454,0.01629,0.01550,0.02133,0.07459,0.14938,0.08133,0.07781,0.01545,0.14791,0.01291,0.00991,0.01863
0.01747,0.08191,0.01464,0.08184,0.01580,0.03356,0.03121,0.01910,0.01696,0.02051,0.01996,0.11154,0.16417,0.11712,0.02935,0.02273,0.14747,0.01151,0.01180,0.03134
0.01021,0.12983,0.01055,0.12921,0.01044,0.01550,0.02133,0.01135,0.00948,0.01239,0.00957,0.12357,0.13541,0.13002,0.06772,0.01233,0.13006,0.00788,0.00919,0.01396
0.01148,0.08798,0.01211,0.08582,0.01164,0.01358,0.01675,0.01063,0.01258,0.01178,0.02884,0.12855,0.15009,0.13734,0.07531,0.01551,0.14817,0.01118,0.01172,0.01895
0.00973,0.11679,0.00955,0.11255,0.01015,0.01114,0.01170,0.01137,0.00931,0.01035,0.04274,0.09605,0.17365,0.11591,0.02479,0.01605,0.17394,0.00958,0.01268,0.02197
0.00720,0.04528,0.00703,0.04841,0.00769,0.00843,0.00971,0.00829,0.00786,0.00812,0.01972,0.12040,0.22926,0.13726,0.05958,0.01329,0.22795,0.00830,0.00915,0.01705
0.01144,0.09347,0.01068,0.09309,0.01176,0.01581,0.02114,0.01314,0.01027,0.01290,0.04157,0.17637,0.09251,0.19786,0.04594,0.01337,0.09578,0.01137,0.01179,0.01976
0.00979,0.05159,0.00858,0.05431,0.01047,0.01452,0.01663,0.01169,0.00954,0.01108,0.00954,0.22360,0.10261,0.23136,0.09757,0.00979,0.09987,0.00791,0.00803,0.01154
0.00909,0.04475,0.00747,0.04761,0.00882,0.01361,0.01415,0.01017,0.00792,0.01039,0.01484,0.13168,0.19478,0.14261,0.10950,0.01095,0.19640,0.00710,0.00667,0.01148
0.01325,0.07185,0.01782,0.07527,0.01644,0.01912,0.02053,0.01670,0.01293,0.01662,0.03205,0.19868,0.08852,0.21438,0.03624,0.01494,0.08949,0.01157,0.01580,0.01780
0.01703,0.05855,0.01838,0.05984,0.01583,0.01794,0.02307,0.02006,0.01540,0.01773,0.04188,0.06495,0.13407,0.08430,0.19927,0.02001,0.13315,0.01573,0.01554,0.02725
0.00723,0.06315,0.00754,0.06433,0.00964,0.01430,0.01777,0.01004,0.00883,0.00866,0.01335,0.11059,0.15460,0.11806,0.20070,0.01051,0.15321,0.00789,0.00702,0.01257
0.00853,0.04555,0.00640,0.04426,0.00686,0.00978,0.01076,0.00730,0.00683,0.00835,0.01711,0.14583,0.22422,0.15691,0.04654,0.00942,0.22203,0.00564,0.00634,0.01135
0.00862,0.06956,0.01115,0.06964,0.00919,0.01266,0.01305,0.00954,0.00816,0.01118,0.01412,0.03011,0.32055,0.03762,0.02417,0.00911,0.31498,0.00712,0.00698,0.01249
0.01292,0.06925,0.01211,0.06900,0.01297,0.01487,0.01537,0.01314,0.01278,0.01205,0.02303,0.12495,0.16791,0.13416,0.08430,0.01473,0.16279,0.01192,0.01178,0.01997
0.01292,0.07171,0.01501,0.07570,0.01557,0.02510,0.03068,0.01807,0.01504,0.01828,0.01370,0.11484,0.14424,0.12421,0.10615,0.01507,0.14231,0.01099,0.01124,0.01918
0.01539,0.04604,0.01239,0.04326,0.01391,0.02626,0.02993,0.01559,0.01692,0.01474,0.01321,0.14709,0.17668,0.15244,0.02840,0.02563,0.15338,0.01777,0.01353,0.03742
0.01036,0.12041,0.00940,0.11938,0.00837,0.02005,0.02672,0.01025,0.00916,0.00982,0.01895,0.18322,0.08018,0.19571,0.05180,0.01371,0.08362,0.00871,0.00823,0.01196
0.01385,0.04337,0.01249,0.04279,0.01613,0.01935,0.02403,0.01415,0.01410,0.01488,0.00909,0.09465,0.23534,0.09870,0.06701,0.01587,0.21759,0.00948,0.01182,0.02532
0.01177,0.15781,0.01184,0.15507,0.01833,0.02608,0.03616,0.01430,0.01378,0.01504,0.05057,0.08358,0.08406,0.10329,0.07729,0.01406,0.08464,0.01040,0.01223,0.01970
0.01754,0.14045,0.01582,0.13470,0.01813,0.02635,0.03026,0.01527,0.01686,0.01792,0.01531,0.11063,0.09793,0.11580,0.08367,0.01197,0.09250,0.01070,0.01034,0.01782
0.01795,0.12217,0.02035,0.12397,0.01760,0.03182,0.03581,0.02177,0.01931,0.02124,0.01299,0.14633,0.08315,0.14724,0.04386,0.01706,0.07543,0.01332,0.01183,0.01682
0.01513,0.06442,0.01711,0.06103,0.01439,0.01644,0.02010,0.01550,0.01672,0.01767,0.01417,0.09751,0.21819,0.10028,0.03601,0.01641,0.20853,0.01280,0.01679,0.02080
0.01585,0.08899,0.01355,0.08951,0.01436,0.02753,0.03442,0.01934,0.01480,0.01746,0.02047,0.08580,0.17277,0.09362,0.05426,0.02233,0.16284,0.01253,0.01454,0.02503
0.00952,0.08895,0.00987,0.08546,0.01356,0.02532,0.02961,0.01267,0.01279,0.01116,0.00981,0.10840,0.09459,0.11504,0.23569,0.01330,0.09159,0.00930,0.00741,0.01597
0.00609,0.09498,0.00732,0.09655,0.00802,0.01098,0.01372,0.00794,0.00870,0.00865,0.01502,0.08919,0.22429,0.09585,0.06407,0.00769,0.22018,0.00620,0.00556,0.00900
0.01297,0.06802,0.01634,0.06465,0.01474,0.02875,0.04074,0.01841,0.01539,0.01735,0.06838,0.07918,0.15451,0.10922,0.06071,0.01525,0.16098,0.00926,0.01890,0.02626
0.00805,0.06522,0.00751,0.06372,0.01041,0.01047,0.01059,0.01004,0.00999,0.00868,0.01566,0.13546,0.19037,0.14469,0.07973,0.01224,0.18657,0.00929,0.00724,0.01406
0.01113,0.08289,0.01105,0.07874,0.01286,0.01645,0.02007,0.01253,0.01310,0.01431,0.02383,0.15550,0.14910,0.17008,0.02575,0.01736,0.13885,0.01143,0.01188,0.02307
0.01297,0.04788,0.01498,0.04609,0.01353,0.01928,0.02204,0.01528,0.01524,0.01493,0.01727,0.09380,0.23899,0.09811,0.03426,0.02048,0.22935,0.01323,0.01298,0.01933
0.03063,0.07853,0.02595,0.07093,0.02929,0.03019,0.02723,0.02777,0.03275,0.02759,0.05833,0.08615,0.12521,0.11188,0.03357,0.01966,0.12698,0.01702,0.01737,0.02298
0.01184,0.06593,0.00891,0.06581,0.01048,0.02156,0.02544,0.01259,0.00986,0.01272,0.03719,0.15088,0.10833,0.16880,0.13047,0.01038,0.11384,0.00877,0.00966,0.01655
0.01482,0.05659,0.01438,0.05690,0.01273,0.02300,0.02385,0.01381,0.01473,0.01316,0.02011,0.13576,0.16775,0.14126,0.07389,0.01336,0.16100,0.01168,0.01485,0.01638
0.00795,0.03335,0.00862,0.03552,0.00846,0.01286,0.01359,0.01029,0.00847,0.00925,0.01875,0.23990,0.10671,0.25473,0.08248,0.01374,0.10545,0.00814,0.00756,0.01418
0.01402,0.09484,0.01249,0.09706,0.01254,0.02218,0.02610,0.01417,0.01412,0.01482,0.01400,0.16781,0.09960,0.17639,0.07457,0.01272,0.09687,0.01065,0.00874,0.01631
0.01529,0.05372,0.01340,0.05368,0.01669,0.02234,0.02167,0.01534,0.01320,0.01500,0.09197,0.12346,0.13131,0.16372,0.02080,0.01566,0.13933,0.01390,0.02455,0.03496
0.01321,0.06489,0.01430,0.06865,0.01596,0.01859,0.02109,0.01542,0.01329,0.01478,0.02643,0.15407,0.14311,0.16418,0.05008,0.01721,0.13395,0.01411,0.01172,0.02497
0.01108,0.20501,0.00989,0.20176,0.01093,0.01370,0.01418,0.01007,0.01131,0.01212,0.02576,0.08075,0.09541,0.09669,0.04724,0.02365,0.07417,0.01074,0.01312,0.03241
0.01086,0.07557,0.00905,0.07665,0.00926,0.02159,0.03222,0.01241,0.01039,0.01040,0.02186,0.07696,0.23019,0.08971,0.03938,0.01305,0.22702,0.00872,0.00857,0.01612
0.01447,0.12217,0.01543,0.12394,0.01804,0.01876,0.01761,0.01457,0.01560,0.01218,0.03455,0.08655,0.12111,0.09945,0.10146,0.01739,0.11946,0.01198,0.01520,0.02007
0.00870,0.18739,0.00745,0.18615,0.00780,0.01258,0.01391,0.01002,0.00810,0.00880,0.00933,0.14868,0.09137,0.16100,0.01940,0.00740,0.08766,0.00626,0.00684,0.01116
0.01277,0.14491,0.01393,0.14709,0.01205,0.03400,0.04066,0.01467,0.01462,0.01588,0.01498,0.11016,0.12059,0.11357,0.02513,0.01509,0.11003,0.01039,0.00982,0.01966
0.00949,0.07452,0.00708,0.07834,0.00762,0.01345,0.01366,0.00767,0.00795,0.00955,0.01367,0.16494,0.17090,0.17476,0.03345,0.01401,0.16381,0.01131,0.00871,0.01510
0.01776,0.05751,0.01543,0.05386,0.02015,0.02170,0.02460,0.02032,0.02184,0.01927,0.03776,0.11152,0.14520,0.12375,0.09408,0.01967,0.14149,0.01279,0.01652,0.02478
0.00892,0.22835,0.00960,0.22625,0.00838,0.01305,0.01384,0.00938,0.01009,0.00970,0.01361,0.09257,0.10645,0.09927,0.01501,0.00942,0.10022,0.00701,0.00651,0.01236
0.01232,0.05576,0.01458,0.04897,0.01156,0.01484,0.01621,0.01506,0.01711,0.01288,0.05601,0.13135,0.14679,0.14325,0.02240,0.04861,0.11925,0.02184,0.01950,0.07171
0.01335,0.12910,0.01077,0.12443,0.01292,0.01472,0.01827,0.01406,0.01233,0.01217,0.01934,0.11439,0.14962,0.12518,0.02932,0.01547,0.13830,0.01238,0.01169,0.02220
0.00897,0.03457,0.00967,0.03280,0.01017,0.01439,0.01669,0.01167,0.01013,0.00991,0.09405,0.09440,0.16874,0.15341,0.08591,0.01225,0.18272,0.00835,0.01556,0.02566
0.00971,0.07380,0.01058,0.07546,0.00999,0.01447,0.01371,0.00986,0.01219,0.01008,0.02494,0.18217,0.08369,0.19132,0.14126,0.01284,0.08542,0.01152,0.01069,0.01631
0.01085,0.12156,0.00878,0.11725,0.01123,0.01639,0.01685,0.01154,0.01194,0.01319,0.01433,0.18561,0.09827,0.19812,0.02966,0.01221,0.08950,0.00951,0.00739,0.01581
0.00909,0.09778,0.00904,0.09617,0.00837,0.02111,0.02455,0.01063,0.00917,0.00943,0.01288,0.18977,0.11475,0.19704,0.03878,0.00980,0.11359,0.00833,0.00772,0.01199
0.01347,0.12938,0.01161,0.12673,0.01141,0.02071,0.02740,0.01291,0.01125,0.01500,0.05495,0.10311,0.09480,0.13547,0.06362,0.01692,0.10171,0.01313,0.01355,0.02287
0.01185,0.04891,0.01364,0.04981,0.01345,0.01892,0.02425,0.01407,0.01170,0.01559,0.01866,0.20930,0.12735,0.22070,0.03169,0.01053,0.12713,0.00890,0.00957,0.01398
0.01493,0.10025,0.01418,0.10174,0.01643,0.01707,0.01505,0.01876,0.01353,0.01684,0.01433,0.15921,0.11984,0.17130,0.03338,0.01608,0.11552,0.01123,0.01185,0.01847
0.00843,0.04255,0.00905,0.04590,0.00944,0.01279,0.01468,0.01001,0.00876,0.00988,0.02438,0.23438,0.12384,0.24876,0.03536,0.00850,0.12552,0.00679,0.00887,0.01211
0.01040,0.12828,0.01246,0.12254,0.01295,0.01449,0.01781,0.01345,0.01350,0.01456,0.01485,0.09366,0.17485,0.09719,0.03098,0.01828,0.15944,0.01056,0.01241,0.02733
0.00754,0.04071,0.00930,0.04044,0.00909,0.01146,0.01215,0.00819,0.01055,0.01078,0.01428,0.10533,0.26944,0.11394,0.02802,0.01034,0.26906,0.00856,0.00726,0.01356
0.01568,0.07457,0.01464,0.07770,0.01612,0.02361,0.02732,0.02327,0.01778,0.01880,0.01552,0.14803,0.14303,0.15581,0.03979,0.01491,0.13274,0.00945,0.01352,0.01772
0.01205,0.09916,0.00888,0.09836,0.01156,0.02216,0.02610,0.01312,0.00960,0.01321,0.01532,0.15581,0.13275,0.16432,0.05021,0.01140,0.12501,0.00862,0.00944,0.01293
0.00958,0.11643,0.01025,0.11403,0.01084,0.02956,0.03322,0.01403,0.01127,0.01413,0.01235,0.10196,0.14461,0.10873,0.08936,0.01033,0.14225,0.00835,0.00724,0.01148
0.00879,0.03444,0.00826,0.03503,0.00927,0.01318,0.01299,0.00915,0.00912,0.01111,0.02048,0.24372,0.11000,0.25598,0.05858,0.01347,0.11402,0.01071,0.00900,0.01269
0.01524,0.08433,0.01369,0.08631,0.01548,0.03187,0.04348,0.01814,0.01614,0.01895,0.02330,0.08249,0.14405,0.09158,0.11911,0.01363,0.14248,0.01211,0.01135,0.01627
0.01141,0.05816,0.00898,0.06068,0.01002,0.01223,0.01398,0.01186,0.00931,0.01093,0.01364,0.16707,0.18403,0.17441,0.03278,0.01107,0.17791,0.00873,0.00909,0.01369
0.00849,0.10431,0.00660,0.10551,0.00853,0.01117,0.01272,0.00929,0.00937,0.00942,0.02086,0.11344,0.20703,0.12156,0.01617,0.00753,0.20167,0.00844,0.00633,0.01155
0.00930,0.11952,0.00791,0.11642,0.00929,0.01642,0.01705,0.00956,0.00914,0.01119,0.01653,0.09823,0.13130,0.10483,0.14656,0.01734,0.11532,0.01160,0.00780,0.02472
0.00907,0.11132,0.00767,0.11357,0.00723,0.01332,0.01224,0.01004,0.00933,0.00916,0.02412,0.14875,0.14765,0.16153,0.02063,0.01206,0.14396,0.01044,0.00950,0.01842
0.01174,0.06929,0.01166,0.06881,0.01102,0.01406,0.01467,0.01256,0.00976,0.01146,0.03314,0.21909,0.07560,0.24116,0.06518,0.01290,0.07859,0.01039,0.01185,0.01706
0.01307,0.20391,0.01222,0.20474,0.01204,0.01859,0.02281,0.01389,0.01275,0.01357,0.01496,0.10029,0.08568,0.10754,0.03326,0.01442,0.07843,0.01124,0.01076,0.01586
0.00909,0.07004,0.00986,0.07166,0.00973,0.02114,0.02620,0.01016,0.00780,0.01235,0.01040,0.18979,0.14605,0.19596,0.03527,0.01102,0.13624,0.00746,0.00702,0.01274
0.01357,0.06813,0.01056,0.06717,0.01164,0.01542,0.01623,0.01234,0.01193,0.01007,0.02792,0.18729,0.10571,0.20219,0.06108,0.02365,0.09314,0.01841,0.01156,0.03198
0.01017,0.08001,0.00855,0.07981,0.00845,0.01132,0.01214,0.01061,0.00978,0.00961,0.01444,0.15392,0.18126,0.16535,0.02412,0.01321,0.17535,0.00815,0.00867,0.01508
0.02204,0.08981,0.01749,0.09047,0.01664,0.02444,0.02741,0.02223,0.01899,0.02411,0.01826,0.16712,0.10666,0.17184,0.01520,0.02209,0.07355,0.01278,0.02177,0.03708
0.01113,0.10660,0.01239,0.10822,0.01332,0.01469,0.01655,0.01303,0.01298,0.01303,0.01769,0.14190,0.12352,0.15294,0.07045,0.01344,0.11846,0.01088,0.01232,0.01647
0.01437,0.09003,0.01340,0.09054,0.01711,0.02540,0.02608,0.01872,0.01575,0.01815,0.02304,0.15381,0.09894,0.16057,0.06234,0.02297,0.08971,0.01739,0.01394,0.02773
0.00989,0.09547,0.00922,0.09554,0.00946,0.01437,0.01655,0.01207,0.00897,0.01070,0.01701,0.11549,0.10690,0.12596,0.19938,0.01114,0.10852,0.01008,0.00939,0.01389
0.00755,0.15263,0.00767,0.14863,0.00887,0.01300,0.01332,0.00882,0.00825,0.00940,0.01059,0.12177,0.14587,0.12777,0.02075,0.02758,0.10990,0.00823,0.00817,0.04123
0.02182,0.05138,0.01600,0.04841,0.01849,0.02079,0.02131,0.02421,0.01674,0.02200,0.02083,0.11199,0.16267,0.11241,0.09810,0.01728,0.15901,0.01931,0.01583,0.02143
0.00854,0.10117,0.00941,0.09687,0.01031,0.01270,0.01527,0.01192,0.01032,0.01087,0.01202,0.10267,0.13084,0.10711,0.19238,0.00868,0.13282,0.00805,0.00791,0.01014
0.01411,0.08561,0.01650,0.08455,0.01540,0.01913,0.02278,0.01637,0.01455,0.01769,0.01745,0.15500,0.13215,0.16522,0.04431,0.01593,0.12465,0.01003,0.01076,0.01780
0.01037,0.11377,0.01010,0.11325,0.01043,0.01435,0.01874,0.01015,0.01027,0.01165,0.01098,0.16361,0.12052,0.17121,0.05269,0.01202,0.11920,0.00683,0.00758,0.01228
0.01823,0.15502,0.01600,0.15503,0.01379,0.01933,0.02109,0.01693,0.01745,0.01609,0.01670,0.13061,0.07763,0.13653,0.06416,0.01364,0.07659,0.01205,0.00983,0.01330
