0.08931,0.03516,0.03065,0.03217,0.01442,0.03563,0.01890,0.01877,0.06110,0.01408,0.00941,0.02545,0.01888,0.02221,0.53413,0.01534,0.00441,0.00596,0.00602,0.00801
0.23463,0.07737,0.02775,0.02634,0.06581,0.04112,0.03159,0.03336,0.06262,0.04027,0.08711,0.06975,0.02774,0.01579,0.06088,0.01544,0.03773,0.02500,0.01042,0.00928
0.07657,0.10341,0.07201,0.04020,0.02522,0.09191,0.17653,0.05326,0.03391,0.04528,0.02094,0.03036,0.03126,0.03521,0.09243,0.02220,0.00832,0.01149,0.01601,0.01348
0.05309,0.02640,0.27532,0.07497,0.01302,0.04899,0.02649,0.01807,0.05697,0.13637,0.02029,0.03306,0.05167,0.04867,0.01350,0.05737,0.01441,0.00927,0.00802,0.01402
0.06626,0.03838,0.04287,0.03986,0.20660,0.04665,0.03470,0.19191,0.01069,0.03688,0.02890,0.03680,0.01328,0.01879,0.00980,0.00978,0.06013,0.06822,0.02070,0.01880
0.05524,0.20583,0.01701,0.03281,0.02391,0.03035,0.01997,0.00934,0.04770,0.01676,0.03712,0.29605,0.08679,0.02553,0.03883,0.01226,0.01902,0.01087,0.00898,0.00564
0.07350,0.08915,0.03546,0.03322,0.04523,0.07989,0.03727,0.11672,0.07002,0.02256,0.10143,0.05077,0.05251,0.02777,0.01329,0.02057,0.05317,0.05540,0.01206,0.01002
0.03031,0.02329,0.11507,0.14182,0.03723,0.02630,0.02469,0.01806,0.06199,0.03168,0.07338,0.05087,0.02009,0.01826,0.02068,0.02953,0.11222,0.11660,0.01976,0.02813
0.03801,0.02642,0.10502,0.05033,0.03805,0.02019,0.08104,0.09183,0.28592,0.02006,0.02654,0.03763,0.02023,0.03903,0.02731,0.02990,0.01584,0.01360,0.01218,0.02086
0.01912,0.17734,0.02759,0.07340,0.08771,0.03248,0.03479,0.01706,0.01892,0.03706,0.05588,0.06108,0.02385,0.01920,0.03206,0.02068,0.14282,0.01156,0.06145,0.04595
0.16585,0.06054,0.06001,0.02677,0.03563,0.03333,0.02817,0.02950,0.11177,0.03714,0.06204,0.02996,0.06448,0.03594,0.02023,0.11051,0.04637,0.02117,0.01049,0.01011
0.02889,0.06641,0.01030,0.02837,0.02210,0.07609,0.34250,0.03283,0.00764,0.01498,0.00977,0.06017,0.01443,0.01486,0.15082,0.03689,0.00685,0.01082,0.03833,0.02694
0.09299,0.04071,0.03462,0.04776,0.02308,0.03933,0.03024,0.27596,0.03155,0.05598,0.04674,0.01207,0.07321,0.02788,0.01898,0.06247,0.03817,0.01634,0.01483,0.01709
0.09218,0.03468,0.09879,0.05302,0.08928,0.08026,0.15193,0.07628,0.03502,0.04233,0.02904,0.02731,0.04614,0.04876,0.02229,0.02791,0.01448,0.01104,0.00853,0.01072
0.04274,0.35649,0.05440,0.07806,0.12776,0.02481,0.02533,0.03257,0.04389,0.01446,0.02309,0.01849,0.03105,0.01505,0.04979,0.01234,0.01476,0.01943,0.00812,0.00737
0.14170,0.03117,0.05830,0.05217,0.13785,0.05098,0.10656,0.04577,0.07697,0.04542,0.01472,0.04640,0.02868,0.03982,0.02523,0.03483,0.01033,0.01326,0.01651,0.02333
0.14544,0.02038,0.04355,0.06063,0.10886,0.09842,0.02419,0.03581,0.05830,0.12281,0.01525,0.03546,0.02972,0.04548,0.07021,0.04062,0.00884,0.01415,0.00703,0.01483
0.15955,0.02593,0.03173,0.02820,0.02209,0.05247,0.03233,0.02776,0.02344,0.05868,0.04491,0.02315,0.03532,0.05714,0.01611,0.05988,0.27595,0.00938,0.00842,0.00757
0.01736,0.05029,0.04387,0.02008,0.41020,0.04595,0.01233,0.01137,0.03529,0.01578,0.06348,0.03980,0.03906,0.01590,0.11811,0.01157,0.02091,0.01143,0.00639,0.01083
0.04892,0.10035,0.06882,0.02706,0.02111,0.04460,0.07424,0.04281,0.02215,0.06779,0.06055,0.01440,0.06494,0.03992,0.02614,0.06708,0.18384,0.00954,0.00862,0.00710
0.15626,0.02356,0.03644,0.31499,0.01965,0.06614,0.03582,0.11600,0.02029,0.05789,0.01868,0.02115,0.01891,0.01843,0.01411,0.01887,0.01126,0.01516,0.00813,0.00827
0.06321,0.02899,0.02631,0.07740,0.24154,0.04897,0.20114,0.04349,0.04954,0.04694,0.01675,0.01869,0.02061,0.01960,0.01321,0.01770,0.01177,0.02171,0.01360,0.01884
0.18759,0.07975,0.08525,0.05314,0.02447,0.15724,0.06234,0.11186,0.02726,0.04195,0.01009,0.02555,0.02129,0.02047,0.04720,0.01477,0.00746,0.00893,0.00675,0.00663
0.28051,0.03665,0.05215,0.02838,0.01569,0.05354,0.04520,0.04236,0.06375,0.03494,0.02083,0.05104,0.04578,0.01854,0.06414,0.04695,0.01737,0.03330,0.03413,0.01474
0.11323,0.02573,0.07321,0.06237,0.03938,0.18029,0.05159,0.04251,0.06359,0.05082,0.01036,0.07114,0.02171,0.04349,0.02004,0.04548,0.00638,0.03756,0.00936,0.03173
0.01626,0.01887,0.00626,0.00823,0.00843,0.04811,0.79552,0.01603,0.00326,0.01270,0.00585,0.00733,0.01092,0.00627,0.01262,0.00935,0.00376,0.00368,0.00286,0.00371
0.05819,0.12032,0.10068,0.10447,0.04918,0.04156,0.01773,0.02058,0.08001,0.03115,0.08750,0.02915,0.01481,0.02492,0.02091,0.03419,0.12739,0.01901,0.00682,0.01144
0.03706,0.07252,0.03282,0.01772,0.01946,0.07499,0.47401,0.01834,0.01754,0.05124,0.03355,0.01716,0.02910,0.02089,0.02615,0.02123,0.01856,0.00508,0.00735,0.00521
0.16903,0.02892,0.04381,0.16554,0.03149,0.15267,0.02896,0.01687,0.05256,0.08432,0.02597,0.05714,0.02259,0.02252,0.01109,0.01949,0.00916,0.01504,0.01140,0.03143
0.02126,0.01904,0.02324,0.34120,0.03968,0.05502,0.23185,0.01268,0.03547,0.03520,0.01908,0.04637,0.02197,0.01331,0.03053,0.01969,0.01048,0.00732,0.01027,0.00635
0.05435,0.14688,0.05682,0.06395,0.09193,0.01903,0.08730,0.11805,0.07449,0.01096,0.01605,0.03206,0.07626,0.02598,0.02866,0.03574,0.01369,0.01596,0.02359,0.00828
0.35329,0.05830,0.17571,0.03870,0.04400,0.06064,0.01871,0.02943,0.01692,0.08320,0.00804,0.01464,0.01925,0.02175,0.01359,0.01229,0.00694,0.01476,0.00389,0.00596
0.01177,0.01513,0.01426,0.05779,0.01626,0.01704,0.03894,0.01570,0.02432,0.01825,0.34685,0.27558,0.03987,0.01629,0.01229,0.01711,0.04094,0.00871,0.00669,0.00622
0.10775,0.12585,0.03810,0.03668,0.10132,0.06146,0.07395,0.03410,0.04001,0.10376,0.03194,0.03448,0.04432,0.02037,0.03934,0.03359,0.01627,0.01581,0.01873,0.02217
0.05001,0.04411,0.05631,0.07132,0.04979,0.06362,0.03509,0.04042,0.07531,0.04228,0.05612,0.03067,0.03147,0.04214,0.02842,0.04758,0.05093,0.13084,0.01496,0.03861
0.02071,0.05179,0.00683,0.01721,0.03865,0.13827,0.44464,0.02023,0.01293,0.03930,0.01860,0.01867,0.01472,0.06062,0.05420,0.01576,0.00910,0.00498,0.00431,0.00849
0.03928,0.05112,0.06575,0.07713,0.03714,0.03974,0.14125,0.05705,0.03589,0.06919,0.02601,0.02380,0.06466,0.06467,0.03352,0.05806,0.02488,0.02070,0.03805,0.03212
0.15173,0.06753,0.04391,0.06900,0.04714,0.02148,0.11744,0.03297,0.07345,0.04142,0.06617,0.01945,0.07536,0.02241,0.01021,0.02606,0.06852,0.01553,0.01722,0.01299
0.06862,0.03435,0.04286,0.03721,0.03564,0.03194,0.05599,0.02902,0.16184,0.04195,0.03190,0.01937,0.18451,0.01998,0.01749,0.10120,0.02585,0.02609,0.01910,0.01510
0.03097,0.02393,0.03933,0.05392,0.11720,0.05249,0.02579,0.02098,0.07773,0.02349,0.03588,0.07330,0.02732,0.02469,0.03422,0.02214,0.01703,0.23283,0.02872,0.03803
0.16154,0.01936,0.02214,0.10918,0.02653,0.07053,0.06841,0.32240,0.00857,0.02137,0.02018,0.03515,0.01860,0.01521,0.01181,0.01300,0.01330,0.02195,0.01062,0.01014
0.09748,0.11551,0.02327,0.01232,0.08060,0.05751,0.03087,0.01287,0.05274,0.06508,0.05446,0.02266,0.05382,0.02748,0.01557,0.22437,0.03001,0.00755,0.00958,0.00625
0.06549,0.02473,0.06446,0.04040,0.02260,0.14358,0.09332,0.05796,0.06608,0.07073,0.01620,0.07531,0.02423,0.06414,0.05438,0.03994,0.01472,0.02130,0.01801,0.02243
0.02324,0.17234,0.03363,0.06937,0.43947,0.01612,0.02834,0.03106,0.02911,0.00872,0.01265,0.02089,0.02616,0.01911,0.02467,0.01322,0.00896,0.01103,0.00615,0.00577
0.03238,0.03787,0.02133,0.02783,0.03572,0.06185,0.04251,0.03468,0.04247,0.07057,0.13058,0.13430,0.08378,0.03554,0.03953,0.01900,0.08622,0.02343,0.02538,0.01503
0.11941,0.08531,0.02647,0.06826,0.04461,0.01885,0.06143,0.05113,0.03524,0.01447,0.01906,0.06532,0.06385,0.07788,0.12454,0.05153,0.01680,0.01368,0.02537,0.01680
0.22182,0.13423,0.04823,0.06775,0.03294,0.03280,0.05964,0.07460,0.03685,0.04369,0.02982,0.05570,0.01792,0.01769,0.02122,0.03132,0.01541,0.01803,0.01550,0.02484
0.03537,0.01387,0.02797,0.01732,0.15805,0.04652,0.04239,0.35550,0.03320,0.01398,0.00612,0.03229,0.03472,0.04989,0.05240,0.03479,0.00597,0.01384,0.01498,0.01085
0.10531,0.15901,0.04452,0.02655,0.04688,0.06872,0.01560,0.03218,0.10501,0.06764,0.01046,0.09521,0.02554,0.02871,0.02380,0.04456,0.00867,0.02125,0.05105,0.01931
0.05445,0.12518,0.04982,0.04555,0.26806,0.02929,0.07563,0.12301,0.03805,0.01535,0.01121,0.01789,0.03377,0.03278,0.01496,0.01981,0.01027,0.01147,0.01373,0.00974
0.11798,0.04827,0.09509,0.07461,0.04107,0.05751,0.02979,0.07114,0.05620,0.12876,0.01722,0.03166,0.03236,0.05537,0.05188,0.02305,0.01811,0.02041,0.00843,0.02108
0.06130,0.31636,0.04558,0.08830,0.09680,0.03395,0.06535,0.04036,0.04219,0.01338,0.01849,0.02349,0.03605,0.02330,0.01412,0.03737,0.00810,0.01277,0.01267,0.01007
0.05234,0.02458,0.04319,0.02425,0.38960,0.02427,0.02826,0.15407,0.03913,0.01268,0.00971,0.03138,0.02949,0.01619,0.05666,0.01572,0.00609,0.02092,0.00925,0.01223
0.09165,0.02744,0.04197,0.05556,0.05022,0.03418,0.05497,0.15433,0.06997,0.05837,0.04662,0.01721,0.07659,0.03161,0.02111,0.08055,0.02464,0.02329,0.02418,0.01554
0.02162,0.01215,0.04075,0.19007,0.06753,0.02054,0.32848,0.03884,0.06279,0.02019,0.03188,0.01869,0.02493,0.01517,0.03815,0.01475,0.02045,0.01141,0.00793,0.01367
0.01376,0.01387,0.00527,0.01087,0.83885,0.01913,0.00412,0.00723,0.00410,0.01009,0.00850,0.01707,0.00524,0.00884,0.00686,0.00525,0.00765,0.00561,0.00222,0.00548
0.05265,0.01585,0.06061,0.16805,0.06400,0.25610,0.02760,0.03549,0.06343,0.06624,0.02693,0.02303,0.02192,0.02039,0.01151,0.02381,0.01246,0.02087,0.01232,0.01673
0.02864,0.05414,0.14908,0.03344,0.02316,0.03196,0.03408,0.25115,0.13184,0.01264,0.02896,0.04426,0.04223,0.01907,0.01391,0.01952,0.01421,0.04024,0.01414,0.01333
0.03486,0.23099,0.01848,0.02554,0.10239,0.03079,0.02843,0.03536,0.04757,0.01599,0.06297,0.06195,0.03545,0.03624,0.12366,0.01739,0.04544,0.01414,0.02351,0.00887
0.05465,0.08002,0.04459,0.03690,0.17311,0.03046,0.03962,0.24948,0.04155,0.01244,0.02786,0.03123,0.04992,0.04504,0.01281,0.01745,0.01566,0.01896,0.00582,0.01245
0.04112,0.04283,0.01632,0.01413,0.41301,0.06029,0.00973,0.00987,0.01416,0.02293,0.07722,0.01590,0.01039,0.02685,0.00826,0.03530,0.15066,0.01433,0.00510,0.01158
0.05941,0.01917,0.03337,0.05017,0.19281,0.05585,0.07858,0.10801,0.04968,0.04804,0.01788,0.04141,0.02122,0.03466,0.04769,0.04138,0.01189,0.03749,0.02182,0.02947
0.22358,0.11798,0.04233,0.05686,0.02702,0.05350,0.05512,0.04187,0.01425,0.11831,0.03866,0.02433,0.03289,0.01913,0.01565,0.04422,0.03487,0.01416,0.01016,0.01510
0.03686,0.03772,0.04445,0.07036,0.07394,0.05426,0.02975,0.02457,0.09885,0.02522,0.05418,0.08712,0.03593,0.02428,0.02263,0.04342,0.03186,0.14166,0.02640,0.03655
0.07939,0.02119,0.08640,0.03820,0.01395,0.02351,0.11069,0.05097,0.28449,0.03938,0.03588,0.02462,0.05783,0.01695,0.01653,0.02732,0.02175,0.01537,0.02218,0.01342
0.05241,0.03455,0.24155,0.08056,0.03449,0.02307,0.03342,0.02114,0.23060,0.02438,0.02289,0.02686,0.03958,0.02504,0.01990,0.02721,0.01260,0.02287,0.00933,0.01755
0.04721,0.01959,0.00599,0.01094,0.00657,0.07098,0.64455,0.02783,0.00318,0.01210,0.00508,0.01336,0.00979,0.00959,0.08998,0.01019,0.00410,0.00329,0.00282,0.00287
0.04268,0.08186,0.04047,0.04368,0.05615,0.01622,0.04641,0.44208,0.04097,0.00820,0.01810,0.02821,0.02325,0.01224,0.01446,0.02674,0.01269,0.01798,0.01761,0.00999
0.07655,0.01328,0.19967,0.01940,0.09934,0.06129,0.02995,0.30651,0.02490,0.01099,0.00756,0.02615,0.02443,0.03469,0.02594,0.01253,0.00423,0.00679,0.00643,0.00936
0.05619,0.14082,0.05264,0.03085,0.16929,0.03976,0.04388,0.04688,0.03814,0.02946,0.00817,0.04276,0.03697,0.10977,0.04523,0.04037,0.00626,0.02615,0.00704,0.02935
0.08176,0.25288,0.02673,0.04067,0.02046,0.06395,0.09011,0.03911,0.02362,0.05435,0.03277,0.02189,0.02352,0.02294,0.13910,0.01983,0.02074,0.00847,0.00876,0.00837
0.03325,0.04697,0.03577,0.04850,0.02373,0.04590,0.03359,0.01040,0.03579,0.33612,0.04764,0.09750,0.03791,0.01558,0.07614,0.01521,0.02438,0.01348,0.00814,0.01399
0.17574,0.02536,0.04025,0.03830,0.02576,0.12818,0.16090,0.07150,0.04456,0.05071,0.02175,0.03366,0.03223,0.02165,0.02577,0.04170,0.00970,0.02481,0.01402,0.01346
0.18488,0.04044,0.07771,0.13776,0.03288,0.06445,0.02794,0.06891,0.02598,0.06733,0.00977,0.04597,0.02415,0.05425,0.03231,0.02800,0.00700,0.02421,0.00741,0.03865
0.17228,0.03486,0.04196,0.04210,0.03145,0.28091,0.02371,0.02656,0.05460,0.07020,0.00688,0.04561,0.02526,0.02685,0.02223,0.03837,0.00494,0.01934,0.01574,0.01612
0.12219,0.03473,0.07458,0.05584,0.03342,0.09289,0.06973,0.02631,0.12827,0.09237,0.02572,0.03848,0.02288,0.02422,0.04555,0.02647,0.02521,0.02721,0.01383,0.02009
0.13406,0.04226,0.05403,0.09772,0.04964,0.05797,0.03481,0.01950,0.09249,0.10732,0.03506,0.02166,0.06047,0.03584,0.01878,0.06054,0.01854,0.01990,0.02421,0.01522
0.07355,0.04910,0.05160,0.05206,0.01531,0.02933,0.28192,0.09703,0.05537,0.02604,0.04670,0.02165,0.05023,0.01999,0.01375,0.03006,0.03647,0.02428,0.01518,0.01038
0.01692,0.00891,0.01055,0.03016,0.02505,0.02053,0.01301,0.02177,0.00995,0.04201,0.04966,0.59947,0.03927,0.01812,0.03425,0.00519,0.03511,0.00586,0.00597,0.00823
0.02844,0.03273,0.01333,0.03024,0.43941,0.09389,0.03490,0.02421,0.01742,0.03193,0.04093,0.03008,0.01780,0.02674,0.01941,0.01437,0.03427,0.03771,0.01780,0.01438
0.03954,0.04317,0.05266,0.04088,0.02002,0.06462,0.18919,0.21500,0.03748,0.04403,0.05557,0.02283,0.02926,0.02175,0.01123,0.03347,0.02743,0.01447,0.01143,0.02596
0.10344,0.06463,0.04423,0.05312,0.01450,0.07146,0.17431,0.08577,0.01335,0.23397,0.01410,0.01572,0.02331,0.01477,0.02089,0.01214,0.01083,0.01140,0.01068,0.00736
0.04646,0.06993,0.00809,0.04085,0.08437,0.29702,0.04526,0.03084,0.01091,0.02213,0.02070,0.11155,0.02453,0.05420,0.05081,0.01880,0.01178,0.01544,0.01310,0.02322
0.12301,0.09708,0.06262,0.04197,0.19263,0.04032,0.02901,0.03154,0.06656,0.02279,0.03030,0.05818,0.02491,0.02057,0.06837,0.02229,0.01405,0.01919,0.01560,0.01900
0.04057,0.12106,0.06755,0.04491,0.07756,0.04441,0.04926,0.07885,0.04686,0.02824,0.03533,0.04502,0.04123,0.06395,0.09069,0.02876,0.02726,0.02464,0.01378,0.03007
0.03236,0.01809,0.01783,0.01499,0.04630,0.05323,0.03594,0.02599,0.01251,0.31147,0.12620,0.01724,0.02307,0.03878,0.01022,0.04321,0.14727,0.01215,0.00661,0.00655
0.02426,0.03166,0.02859,0.07536,0.04369,0.05292,0.15706,0.25395,0.02756,0.04714,0.01806,0.03990,0.02806,0.03295,0.02635,0.02886,0.01157,0.03105,0.01266,0.02836
0.10056,0.04402,0.16935,0.13150,0.02159,0.05232,0.06601,0.03309,0.04862,0.02160,0.07357,0.03608,0.04333,0.01093,0.01699,0.02201,0.04798,0.02888,0.01555,0.01602
0.11168,0.01263,0.20062,0.01634,0.03830,0.11851,0.17763,0.07760,0.03155,0.04960,0.00863,0.02153,0.01840,0.01995,0.02161,0.02202,0.01031,0.01751,0.00859,0.01698
0.08554,0.05299,0.04717,0.06645,0.07994,0.07536,0.03661,0.14624,0.01286,0.02521,0.02128,0.04125,0.04396,0.01891,0.01758,0.02273,0.01753,0.10633,0.02780,0.05424
0.13783,0.06484,0.04487,0.02611,0.03524,0.20207,0.03309,0.03381,0.04372,0.03954,0.04518,0.04277,0.02534,0.03475,0.02015,0.04845,0.04532,0.03508,0.01781,0.02401
0.04842,0.04619,0.02161,0.02527,0.29750,0.02468,0.05641,0.01664,0.03509,0.03175,0.07299,0.01426,0.07301,0.02363,0.01496,0.05875,0.09526,0.01150,0.02500,0.00709
0.03986,0.04111,0.32452,0.03233,0.00925,0.02815,0.01831,0.01462,0.01114,0.03933,0.05158,0.01971,0.01841,0.01137,0.02146,0.01208,0.28892,0.01035,0.00314,0.00436
0.03437,0.08470,0.05044,0.03951,0.10143,0.06202,0.04587,0.09279,0.07336,0.04724,0.02603,0.04614,0.03646,0.04749,0.08573,0.04496,0.02447,0.02087,0.01400,0.02210
0.05358,0.02099,0.04285,0.04641,0.25618,0.07547,0.02680,0.03317,0.06219,0.09920,0.05327,0.02344,0.02121,0.04884,0.01155,0.02319,0.03731,0.02385,0.00883,0.03167
0.24797,0.03426,0.04580,0.03413,0.02435,0.23838,0.06925,0.02142,0.05209,0.07198,0.01802,0.02519,0.02079,0.01802,0.01280,0.02232,0.01046,0.01277,0.01238,0.00764
0.04926,0.04642,0.01035,0.03118,0.49084,0.08541,0.03754,0.01857,0.01250,0.01359,0.00943,0.06019,0.00997,0.02340,0.02438,0.01934,0.00820,0.02389,0.01084,0.01471
0.04504,0.01638,0.06275,0.01632,0.09813,0.08836,0.02255,0.35400,0.03071,0.02047,0.00675,0.02868,0.03132,0.08340,0.02044,0.02648,0.00444,0.01902,0.00783,0.01694
0.01961,0.02650,0.00947,0.01670,0.01545,0.04350,0.65477,0.01916,0.00937,0.02514,0.00874,0.01584,0.01421,0.01809,0.06812,0.00833,0.00744,0.00685,0.00547,0.00724
0.04484,0.01231,0.01790,0.01535,0.06065,0.06492,0.01727,0.01311,0.02837,0.55636,0.01166,0.04073,0.02412,0.02120,0.01295,0.01560,0.00726,0.01186,0.01004,0.01351
