0.34055,0.01221,0.46042,0.05558,0.05405,0.02002,0.02117,0.00754,0.01280,0.01567
0.00456,0.64236,0.27941,0.00978,0.00339,0.00714,0.01472,0.00529,0.01078,0.02257
0.41198,0.31510,0.07025,0.05009,0.03576,0.01183,0.03351,0.00478,0.05726,0.00944
0.00762,0.00595,0.53995,0.01018,0.39679,0.00298,0.00413,0.01879,0.00260,0.01101
0.14830,0.04625,0.40474,0.08307,0.07223,0.00210,0.00568,0.02255,0.18006,0.03502
0.06488,0.01122,0.09848,0.02489,0.09968,0.08909,0.00862,0.01423,0.58598,0.00292
0.12424,0.05057,0.27326,0.08926,0.39494,0.00630,0.01475,0.01468,0.00499,0.02701
0.04854,0.01514,0.10898,0.15265,0.00747,0.02511,0.00703,0.02251,0.59699,0.01558
0.13555,0.01482,0.00654,0.35496,0.35618,0.03551,0.00772,0.02504,0.04647,0.01720
0.02433,0.00731,0.02176,0.01500,0.01367,0.39146,0.28497,0.00990,0.21938,0.01224
0.00901,0.26392,0.01032,0.12258,0.32330,0.03148,0.08838,0.12885,0.00805,0.01410
0.69367,0.00167,0.26190,0.00326,0.00198,0.00767,0.00475,0.00358,0.01420,0.00732
0.60496,0.00322,0.36803,0.00630,0.00218,0.00231,0.00397,0.00226,0.00453,0.00223
0.39631,0.00568,0.01267,0.27789,0.00472,0.00193,0.00261,0.00378,0.28846,0.00596
0.05959,0.01467,0.43392,0.00713,0.00435,0.00802,0.03853,0.00484,0.41526,0.01370
0.01554,0.01047,0.56499,0.21991,0.05896,0.01885,0.00588,0.05564,0.02873,0.02103
0.09281,0.09505,0.55587,0.06442,0.05029,0.01129,0.00717,0.00495,0.08549,0.03265
0.12506,0.07945,0.14512,0.22817,0.01313,0.01011,0.00906,0.00474,0.37311,0.01204
0.25975,0.03521,0.27342,0.03583,0.26090,0.01716,0.03816,0.00741,0.03812,0.03405
0.42533,0.02233,0.13952,0.01458,0.00976,0.02848,0.05694,0.05068,0.19898,0.05339
0.04184,0.01305,0.37114,0.01640,0.01040,0.03207,0.01455,0.02446,0.47001,0.00609
0.09766,0.26791,0.34579,0.00937,0.00739,0.01910,0.00870,0.01518,0.22320,0.00570
0.00346,0.00490,0.39048,0.01598,0.54358,0.00439,0.00255,0.00909,0.00816,0.01742
0.01560,0.01049,0.53010,0.34647,0.02294,0.00682,0.00651,0.05158,0.00500,0.00450
0.00462,0.35525,0.62899,0.00191,0.00187,0.00149,0.00109,0.00136,0.00175,0.00166
0.01720,0.00817,0.06303,0.25342,0.01572,0.04761,0.02023,0.00793,0.55851,0.00818
0.09150,0.00535,0.05245,0.70265,0.00734,0.00504,0.00479,0.01874,0.02178,0.09036
0.77230,0.03578,0.04767,0.03375,0.06833,0.00216,0.00484,0.02761,0.00528,0.00229
0.30283,0.11740,0.02091,0.08326,0.00668,0.02017,0.01465,0.06035,0.34256,0.03119
0.12128,0.46485,0.00344,0.00150,0.01274,0.02795,0.01179,0.32022,0.02200,0.01423
0.03521,0.02389,0.02207,0.01818,0.03018,0.04023,0.05754,0.01274,0.74368,0.01628
0.23643,0.00362,0.02653,0.00160,0.68412,0.01923,0.01079,0.00257,0.00657,0.00855
0.12119,0.10053,0.04411,0.36337,0.05929,0.02246,0.01892,0.18795,0.05738,0.02481
0.36882,0.02831,0.12559,0.08934,0.00888,0.07713,0.28605,0.00451,0.00820,0.00315
0.13863,0.00788,0.25664,0.02897,0.03890,0.08266,0.01232,0.01260,0.40201,0.01940
0.27216,0.17956,0.12091,0.18380,0.12806,0.01115,0.00365,0.09349,0.00448,0.00275
0.05264,0.00817,0.07993,0.00834,0.17434,0.00897,0.02103,0.01567,0.61789,0.01301
0.05107,0.09936,0.05465,0.02372,0.01471,0.00815,0.00777,0.07064,0.64569,0.02425
0.00495,0.21401,0.76943,0.00315,0.00275,0.00105,0.00132,0.00090,0.00131,0.00113
0.37484,0.01356,0.04194,0.22009,0.02872,0.00824,0.01350,0.02597,0.24823,0.02491
0.00387,0.66814,0.00848,0.04115,0.01376,0.00350,0.01088,0.22104,0.01236,0.01682
0.05506,0.05459,0.01863,0.32544,0.10671,0.05481,0.01835,0.00862,0.34961,0.00819
0.17918,0.05297,0.09146,0.15582,0.00565,0.33013,0.16166,0.01570,0.00283,0.00460
0.01835,0.01307,0.03994,0.06062,0.00526,0.00535,0.13652,0.00810,0.68794,0.02486
0.06161,0.24782,0.02884,0.01833,0.61779,0.00218,0.00452,0.01085,0.00374,0.00433
0.01544,0.00588,0.04788,0.20487,0.29978,0.02194,0.01533,0.02106,0.34039,0.02742
0.03501,0.04305,0.34525,0.08177,0.39672,0.00405,0.00783,0.02349,0.01548,0.04733
0.02001,0.02517,0.00881,0.01084,0.01453,0.11904,0.02614,0.03931,0.72538,0.01076
0.12364,0.15315,0.09541,0.17795,0.13670,0.01295,0.00455,0.06272,0.15935,0.07358
0.01318,0.00853,0.01155,0.18443,0.75434,0.00654,0.01038,0.00458,0.00345,0.00301
0.00492,0.42837,0.18547,0.00547,0.00337,0.00546,0.00529,0.00153,0.35720,0.00292
0.24048,0.00407,0.01677,0.00436,0.70583,0.00615,0.00533,0.00403,0.01057,0.00240
0.05397,0.15557,0.56022,0.06344,0.02041,0.00690,0.03643,0.01343,0.00914,0.08049
0.03341,0.09712,0.03823,0.09590,0.07603,0.07044,0.00516,0.02030,0.54465,0.01876
0.81609,0.03223,0.01697,0.02185,0.06427,0.00265,0.00178,0.02906,0.00780,0.00730
0.26742,0.00681,0.16887,0.28252,0.00345,0.00233,0.00354,0.01013,0.25179,0.00315
0.27392,0.00463,0.00848,0.33184,0.00507,0.04772,0.31456,0.00283,0.00508,0.00588
0.04278,0.03674,0.07368,0.14272,0.01313,0.01173,0.05189,0.01074,0.61136,0.00523
0.04884,0.04445,0.03347,0.02755,0.02865,0.01108,0.02307,0.01499,0.76096,0.00694
0.02004,0.21529,0.01879,0.00566,0.40563,0.02161,0.22183,0.08746,0.00106,0.00264
0.03404,0.00285,0.14164,0.77929,0.02474,0.00297,0.00526,0.00217,0.00482,0.00221
0.00455,0.00595,0.28330,0.01179,0.35953,0.00530,0.00830,0.00354,0.31014,0.00761
0.01543,0.00256,0.37159,0.59766,0.00467,0.00106,0.00146,0.00122,0.00274,0.00159
0.02284,0.01693,0.12569,0.13029,0.02713,0.00696,0.00527,0.01160,0.64582,0.00746
0.07827,0.26829,0.53665,0.00499,0.06766,0.00700,0.01495,0.00639,0.01117,0.00463
0.19777,0.04767,0.30128,0.15827,0.00547,0.03450,0.01838,0.00920,0.20713,0.02033
0.38002,0.02065,0.15879,0.03436,0.10307,0.02597,0.02166,0.01183,0.23090,0.01275
0.06548,0.00454,0.02391,0.67532,0.00295,0.00217,0.00276,0.21454,0.00429,0.00404
0.38005,0.40273,0.03583,0.00718,0.12997,0.00621,0.00407,0.02237,0.00547,0.00611
0.43104,0.02786,0.02867,0.07526,0.06237,0.03786,0.05520,0.00673,0.25985,0.01517
0.08996,0.19782,0.67295,0.01093,0.00492,0.00416,0.00406,0.00197,0.01139,0.00185
0.06805,0.02680,0.03999,0.21973,0.43772,0.03693,0.13520,0.00527,0.00979,0.02054
0.00162,0.72976,0.25647,0.00138,0.00159,0.00334,0.00158,0.00094,0.00197,0.00134
0.02481,0.40291,0.02720,0.12606,0.28565,0.00868,0.05912,0.02764,0.01038,0.02754
0.02437,0.11872,0.02959,0.01270,0.09185,0.02630,0.01010,0.01958,0.64011,0.02668
0.01608,0.01837,0.03740,0.00950,0.09087,0.00895,0.03387,0.02113,0.72771,0.03612
0.00934,0.00265,0.36635,0.56471,0.01139,0.00629,0.00885,0.00413,0.01075,0.01554
0.18666,0.05472,0.02244,0.00842,0.64463,0.00850,0.00781,0.05383,0.00855,0.00445
0.03516,0.31969,0.02527,0.16525,0.30023,0.01447,0.02201,0.01476,0.09736,0.00580
0.28617,0.30299,0.20251,0.00362,0.14671,0.00436,0.00518,0.00515,0.03718,0.00611
0.00967,0.00454,0.01732,0.00621,0.06292,0.41471,0.38618,0.00971,0.08080,0.00794
0.23040,0.00325,0.39932,0.01905,0.00349,0.02141,0.01353,0.01264,0.16827,0.12866
0.06839,0.02544,0.16466,0.50952,0.07740,0.02648,0.04248,0.04385,0.02812,0.01366
0.13244,0.01416,0.12866,0.03316,0.00532,0.01038,0.00626,0.10229,0.55546,0.01186
0.00535,0.02408,0.00947,0.17031,0.18781,0.46127,0.10600,0.00952,0.00766,0.01853
0.58785,0.00160,0.00373,0.39074,0.00088,0.00315,0.00124,0.00299,0.00258,0.00525
0.03119,0.00257,0.39483,0.55035,0.00366,0.00276,0.00394,0.00632,0.00277,0.00161
0.38217,0.08793,0.43594,0.02901,0.00481,0.00202,0.00232,0.01091,0.02954,0.01537
0.01801,0.17595,0.03182,0.30556,0.37604,0.02500,0.01118,0.00560,0.04304,0.00780
0.00247,0.00466,0.00347,0.34916,0.60090,0.00636,0.02346,0.00178,0.00183,0.00591
0.44389,0.00813,0.13169,0.08162,0.20374,0.01537,0.00837,0.00383,0.09918,0.00419
0.15161,0.04838,0.13394,0.30675,0.00668,0.06580,0.00521,0.01649,0.25703,0.00812
0.01906,0.02137,0.00933,0.00740,0.01236,0.00564,0.05917,0.00957,0.84998,0.00612
0.01819,0.01793,0.01909,0.13838,0.01192,0.02763,0.03529,0.01994,0.70567,0.00594
0.05003,0.14471,0.05810,0.02011,0.02392,0.03332,0.01347,0.01493,0.62055,0.02085
0.06938,0.02065,0.47251,0.15288,0.02715,0.00627,0.00324,0.21506,0.00504,0.02783
0.00532,0.00781,0.33488,0.01485,0.44587,0.01405,0.02413,0.00772,0.13867,0.00668
0.01439,0.23703,0.03826,0.00502,0.15388,0.26567,0.00223,0.04469,0.14837,0.09047
0.28390,0.05471,0.04139,0.08198,0.13900,0.23023,0.04664,0.02677,0.02140,0.07397
0.00664,0.00202,0.29967,0.44617,0.00491,0.00665,0.06303,0.00181,0.16701,0.00209
