0.01382,0.85364,0.01428,0.00903,0.00878,0.01734,0.01323,0.02279,0.01611,0.03099
0.02792,0.10865,0.01151,0.00717,0.00818,0.00995,0.00916,0.00906,0.01052,0.79787
0.00894,0.05793,0.00589,0.00397,0.00426,0.75640,0.00461,0.15023,0.00321,0.00455
0.18826,0.09702,0.15561,0.01892,0.27625,0.04124,0.02819,0.17657,0.01126,0.00669
0.00763,0.02302,0.00458,0.00358,0.00368,0.02582,0.00378,0.92137,0.00373,0.00280
0.59349,0.13779,0.07822,0.03647,0.04848,0.01560,0.03466,0.01594,0.03181,0.00753
0.05602,0.56798,0.03050,0.03866,0.01846,0.03935,0.12882,0.03422,0.08138,0.00461
0.45091,0.36095,0.04762,0.01831,0.01477,0.01379,0.02903,0.01051,0.02310,0.03101
0.15192,0.76088,0.01120,0.01216,0.01304,0.00897,0.01670,0.00698,0.01220,0.00594
0.07661,0.21574,0.15707,0.10544,0.05350,0.05940,0.02641,0.27584,0.01393,0.01606
0.11376,0.20714,0.06201,0.02543,0.31017,0.12734,0.04030,0.07627,0.01843,0.01915
0.30057,0.14930,0.02076,0.02537,0.02280,0.01339,0.05450,0.01658,0.01169,0.38504
0.03742,0.04899,0.04784,0.02597,0.02712,0.08506,0.02033,0.22325,0.01822,0.46579
0.12274,0.62722,0.04347,0.02107,0.01943,0.00960,0.02264,0.00839,0.01702,0.10842
0.01925,0.54101,0.07498,0.01517,0.07127,0.02777,0.01799,0.02582,0.00885,0.19787
0.26213,0.52806,0.02584,0.02479,0.04861,0.01825,0.04123,0.01857,0.02037,0.01216
0.04498,0.01742,0.40694,0.01017,0.39274,0.03055,0.03317,0.04873,0.01121,0.00412
0.44066,0.09276,0.01717,0.01987,0.03357,0.02004,0.01294,0.01831,0.03638,0.30830
0.15732,0.43467,0.05366,0.02721,0.01670,0.02803,0.21984,0.02104,0.03525,0.00628
0.05157,0.02745,0.69336,0.00874,0.16631,0.00873,0.01701,0.01092,0.00831,0.00760
0.10016,0.78060,0.02445,0.01269,0.03224,0.00778,0.01788,0.00946,0.00635,0.00839
0.12586,0.59616,0.05438,0.03454,0.07135,0.01818,0.01885,0.01008,0.02574,0.04485
0.14431,0.66759,0.02439,0.00908,0.01337,0.03555,0.03700,0.02712,0.01596,0.02563
0.07111,0.17636,0.05233,0.04145,0.06919,0.00953,0.02120,0.01020,0.01750,0.53113
0.00672,0.02423,0.00440,0.00263,0.00256,0.23810,0.00260,0.71196,0.00278,0.00401
0.05313,0.76949,0.00952,0.01404,0.00919,0.08885,0.01148,0.02757,0.00861,0.00810
0.15384,0.07328,0.15075,0.03210,0.48376,0.02515,0.03282,0.02499,0.01653,0.00677
0.03656,0.52611,0.02500,0.00930,0.24640,0.00533,0.00989,0.00530,0.00371,0.13241
0.14465,0.38037,0.21086,0.04085,0.03306,0.02085,0.02296,0.04234,0.01546,0.08861
0.09577,0.72380,0.02742,0.01170,0.02067,0.01685,0.04958,0.02390,0.01974,0.01057
0.02248,0.57113,0.01490,0.01239,0.00993,0.01073,0.01207,0.01173,0.00922,0.32541
0.35164,0.13092,0.05115,0.04296,0.04609,0.08300,0.02258,0.23913,0.02426,0.00828
0.01411,0.79109,0.03745,0.02344,0.03652,0.01529,0.02961,0.03354,0.01077,0.00817
0.05954,0.10726,0.02269,0.01200,0.05624,0.00558,0.01424,0.00502,0.00624,0.71118
0.06649,0.45176,0.25343,0.04639,0.01602,0.04371,0.03600,0.04560,0.02006,0.02055
0.03793,0.30016,0.04447,0.01982,0.01307,0.05950,0.46537,0.04223,0.01209,0.00536
0.17458,0.04036,0.27169,0.02309,0.09479,0.04799,0.03715,0.28980,0.00865,0.01192
0.11179,0.12386,0.37216,0.03453,0.20611,0.01124,0.03162,0.00928,0.05324,0.04618
0.49321,0.32960,0.02454,0.05268,0.01220,0.01437,0.02219,0.01394,0.02166,0.01562
0.49380,0.28398,0.02734,0.05636,0.00996,0.01766,0.02496,0.01467,0.04713,0.02413
0.06725,0.84614,0.02251,0.01217,0.01959,0.00585,0.00797,0.00674,0.00510,0.00667
0.06328,0.66088,0.06549,0.02632,0.03738,0.01069,0.01527,0.01399,0.01122,0.09549
0.25989,0.52021,0.01841,0.02389,0.01375,0.03062,0.02799,0.08566,0.01070,0.00889
0.04813,0.67451,0.02962,0.03530,0.02198,0.05900,0.05587,0.05002,0.01162,0.01394
0.12846,0.04063,0.14172,0.03223,0.53046,0.01203,0.03304,0.02853,0.04621,0.00670
0.02643,0.80443,0.01438,0.01464,0.00879,0.04432,0.02298,0.05207,0.00459,0.00738
0.01041,0.09158,0.00668,0.00477,0.00510,0.79614,0.00399,0.07284,0.00546,0.00302
0.66807,0.02518,0.01248,0.00845,0.01552,0.01283,0.01230,0.00893,0.02220,0.21404
0.20504,0.46992,0.12404,0.03838,0.04061,0.02154,0.02200,0.03120,0.02453,0.02274
0.14141,0.35938,0.34222,0.08588,0.01576,0.00626,0.00678,0.01121,0.00505,0.02606
0.11243,0.59498,0.01927,0.06768,0.02215,0.01726,0.04868,0.01720,0.06925,0.03109
0.27475,0.09310,0.01463,0.01586,0.01033,0.07367,0.01095,0.07238,0.01912,0.41520
0.02219,0.64029,0.01216,0.01650,0.01415,0.04687,0.02448,0.06374,0.06367,0.09596
0.20645,0.60906,0.04623,0.01987,0.05711,0.01179,0.01640,0.01275,0.01340,0.00695
0.35043,0.38810,0.06041,0.03389,0.02738,0.02924,0.02061,0.02525,0.03067,0.03401
0.28708,0.33153,0.05112,0.03479,0.04856,0.09112,0.01709,0.06547,0.03448,0.03877
0.04808,0.73300,0.01376,0.01521,0.07023,0.01011,0.07701,0.00856,0.01746,0.00659
0.13624,0.61752,0.03813,0.03026,0.03736,0.01933,0.03690,0.04519,0.01320,0.02587
0.20212,0.23622,0.08582,0.03524,0.30144,0.02901,0.03191,0.05544,0.01680,0.00601
0.45893,0.25106,0.02533,0.07868,0.06439,0.02661,0.05235,0.02104,0.01161,0.01001
0.12528,0.29317,0.00977,0.00969,0.00624,0.11526,0.03166,0.21515,0.00633,0.18747
0.01362,0.04068,0.00438,0.00433,0.00473,0.03544,0.00553,0.88184,0.00515,0.00431
0.00729,0.01467,0.00403,0.00231,0.00275,0.28556,0.00446,0.67023,0.00209,0.00659
0.52300,0.10980,0.02802,0.06247,0.06640,0.01793,0.04882,0.02481,0.09684,0.02191
0.34234,0.53121,0.05637,0.00613,0.02146,0.00595,0.00483,0.00595,0.01884,0.00692
0.40013,0.15936,0.02729,0.04051,0.11407,0.02280,0.04757,0.03431,0.02226,0.13168
0.17913,0.45521,0.07909,0.10857,0.04574,0.01417,0.05044,0.01169,0.04852,0.00744
0.01931,0.11890,0.00722,0.00670,0.01231,0.00632,0.00779,0.00531,0.00752,0.80862
0.65174,0.04824,0.01238,0.01081,0.01185,0.09662,0.03015,0.09737,0.02756,0.01329
0.06153,0.82123,0.01541,0.00666,0.02748,0.00624,0.00966,0.00612,0.00517,0.04050
0.04744,0.53708,0.12204,0.04217,0.08274,0.02865,0.02743,0.04965,0.01235,0.05046
0.56359,0.10690,0.02554,0.06051,0.02384,0.01605,0.11091,0.01858,0.04603,0.02805
0.75696,0.09381,0.02870,0.01226,0.02336,0.02016,0.00928,0.02417,0.01107,0.02024
0.08079,0.32481,0.26615,0.08159,0.02388,0.02278,0.04411,0.01873,0.09695,0.04021
0.66051,0.19526,0.02834,0.02126,0.01560,0.00565,0.01831,0.00637,0.01130,0.03741
0.02716,0.03555,0.00970,0.00475,0.01240,0.00596,0.00861,0.00660,0.00247,0.88679
0.03578,0.05693,0.01679,0.01727,0.01292,0.35557,0.01202,0.46427,0.02194,0.00651
0.03187,0.04006,0.02289,0.01448,0.02014,0.07264,0.00963,0.69648,0.01319,0.07861
0.08983,0.37261,0.09325,0.02554,0.34139,0.01554,0.02017,0.01669,0.01150,0.01348
0.04459,0.03738,0.16124,0.01248,0.02783,0.08885,0.01148,0.59930,0.00806,0.00877
0.02392,0.73969,0.01932,0.01272,0.00917,0.06728,0.00966,0.09624,0.00817,0.01383
0.04539,0.11749,0.02663,0.01549,0.01138,0.28006,0.01643,0.41050,0.06638,0.01026
0.06198,0.67165,0.02579,0.01077,0.00968,0.00646,0.03600,0.00637,0.03534,0.13596
0.02019,0.83435,0.02024,0.01280,0.01993,0.01226,0.03769,0.01441,0.01898,0.00915
0.04718,0.78098,0.04320,0.01280,0.04495,0.00464,0.01077,0.00590,0.00852,0.04107
0.01792,0.76516,0.03335,0.02284,0.05024,0.01463,0.02096,0.04171,0.02447,0.00872
0.23750,0.29285,0.01740,0.03376,0.02558,0.01912,0.22624,0.01375,0.03853,0.09528
0.05886,0.05200,0.20077,0.09659,0.08962,0.19625,0.04689,0.11745,0.06973,0.07184
0.07127,0.04571,0.19751,0.00826,0.64144,0.00718,0.00816,0.00784,0.00551,0.00712
0.05486,0.07901,0.01986,0.01104,0.03129,0.05371,0.08425,0.05181,0.00526,0.60890
0.03389,0.12335,0.03543,0.02474,0.01019,0.15060,0.01920,0.55500,0.03957,0.00803
0.07847,0.05356,0.37442,0.01988,0.29332,0.01681,0.10518,0.01436,0.03559,0.00842
0.05726,0.07223,0.39624,0.05161,0.23243,0.00863,0.01383,0.01194,0.02733,0.12850
0.01088,0.83176,0.01711,0.00818,0.00708,0.04077,0.00807,0.05688,0.00734,0.01192
0.64103,0.04200,0.02201,0.02697,0.05962,0.03065,0.01585,0.03539,0.03700,0.08948
0.09015,0.02564,0.36132,0.00752,0.42012,0.01096,0.03214,0.01518,0.03373,0.00325
0.04005,0.83616,0.01092,0.01288,0.01260,0.01004,0.01665,0.01462,0.02175,0.02433
0.01827,0.74158,0.05837,0.03991,0.04765,0.01238,0.03240,0.01920,0.01522,0.01503
0.13425,0.54617,0.10326,0.06865,0.06643,0.01677,0.02642,0.01538,0.01102,0.01164
0.01857,0.86076,0.01209,0.01068,0.01241,0.01136,0.02420,0.01227,0.01129,0.02637
