0.02636,0.06269,0.03502,0.04042,0.07832,0.01307,0.01829,0.01184,0.01015,0.70383
0.09777,0.03495,0.01250,0.02000,0.01145,0.35999,0.08025,0.36882,0.00389,0.01037
0.37050,0.37685,0.02852,0.01909,0.03365,0.02983,0.06468,0.03737,0.01087,0.02864
0.02172,0.89763,0.01450,0.00823,0.01140,0.01327,0.00631,0.01504,0.00500,0.00689
0.14784,0.18366,0.11561,0.02161,0.06046,0.12259,0.02031,0.17260,0.01023,0.14509
0.03180,0.83718,0.02975,0.01827,0.01662,0.00926,0.02017,0.01135,0.01265,0.01294
0.06116,0.44485,0.02910,0.01444,0.02390,0.01251,0.01003,0.01963,0.01484,0.36956
0.01805,0.75033,0.03697,0.03091,0.01871,0.01737,0.01749,0.03081,0.01639,0.06296
0.04917,0.50726,0.03940,0.01995,0.04933,0.01370,0.01504,0.01665,0.02257,0.26693
0.04281,0.06033,0.06752,0.01756,0.08417,0.01014,0.01387,0.00752,0.03133,0.66473
0.01221,0.87653,0.01693,0.01106,0.01840,0.02171,0.02000,0.00982,0.00882,0.00452
0.18844,0.65886,0.00913,0.01287,0.01856,0.01533,0.02512,0.02533,0.00796,0.03841
0.33446,0.36646,0.05722,0.02926,0.03246,0.03099,0.02716,0.02702,0.04404,0.05093
0.01588,0.84507,0.02053,0.01703,0.01488,0.01155,0.01357,0.02317,0.01174,0.02659
0.28755,0.39971,0.10405,0.03007,0.02417,0.04549,0.03082,0.05630,0.01390,0.00795
0.04218,0.05632,0.02829,0.02109,0.03037,0.05798,0.03341,0.08074,0.16185,0.48777
0.13094,0.12505,0.24095,0.02122,0.23981,0.01180,0.01243,0.01382,0.00904,0.19494
0.45180,0.05456,0.06144,0.02084,0.06660,0.00917,0.02687,0.00970,0.01678,0.28223
0.13228,0.27196,0.06773,0.01680,0.14769,0.00989,0.02670,0.02056,0.01536,0.29102
0.13111,0.58369,0.02538,0.03276,0.03992,0.02858,0.03082,0.04060,0.04459,0.04255
0.39022,0.28715,0.06643,0.08972,0.07254,0.01602,0.03742,0.01878,0.00897,0.01275
0.28122,0.38310,0.08926,0.04881,0.03068,0.02373,0.03471,0.04938,0.01340,0.04571
0.06531,0.59973,0.03747,0.04670,0.01501,0.03682,0.07889,0.04001,0.05248,0.02758
0.12088,0.23228,0.02205,0.01692,0.01400,0.21706,0.02486,0.26172,0.06015,0.03009
0.04435,0.26472,0.01785,0.01625,0.01978,0.01382,0.01761,0.01452,0.01553,0.57556
0.25636,0.36917,0.03087,0.04350,0.07315,0.04224,0.04904,0.03150,0.06653,0.03763
0.24746,0.02301,0.09747,0.00935,0.11797,0.02761,0.02100,0.01467,0.00678,0.43467
0.05899,0.82964,0.01246,0.01557,0.00988,0.00973,0.01093,0.01061,0.02710,0.01508
0.14836,0.22205,0.08206,0.04935,0.03253,0.02738,0.05004,0.01290,0.04565,0.32969
0.05669,0.84389,0.01348,0.01581,0.01223,0.01230,0.01921,0.01547,0.00590,0.00503
0.34556,0.44699,0.04736,0.02455,0.05639,0.01403,0.01794,0.01613,0.01759,0.01347
0.15494,0.34424,0.05078,0.03448,0.03206,0.01570,0.05111,0.02443,0.03225,0.26001
0.39904,0.20444,0.04890,0.03617,0.06743,0.03502,0.12507,0.06071,0.01546,0.00777
0.04693,0.83619,0.01484,0.01625,0.01863,0.01690,0.01562,0.01325,0.00639,0.01499
0.74268,0.08281,0.01294,0.01515,0.03010,0.03526,0.02513,0.01683,0.01728,0.02183
0.05786,0.03302,0.01476,0.01362,0.00961,0.01342,0.01273,0.00942,0.01044,0.82511
0.65817,0.03085,0.02050,0.04831,0.11885,0.01401,0.01151,0.01006,0.03849,0.04925
0.04413,0.05416,0.13968,0.01792,0.05923,0.03661,0.03214,0.04377,0.01683,0.55553
0.12120,0.05813,0.35406,0.01764,0.37139,0.01928,0.01489,0.01244,0.01394,0.01704
0.09480,0.15961,0.07569,0.05681,0.15908,0.01559,0.01907,0.01308,0.01769,0.38857
0.16303,0.19653,0.02664,0.01840,0.02891,0.26642,0.01506,0.26416,0.01579,0.00507
0.16644,0.51654,0.03377,0.03895,0.04269,0.02787,0.02254,0.02440,0.08778,0.03901
0.37204,0.42421,0.03300,0.01987,0.01874,0.03376,0.03506,0.02098,0.02579,0.01656
0.14871,0.64655,0.05116,0.02269,0.05141,0.01427,0.01478,0.01498,0.01678,0.01867
0.09414,0.31717,0.01191,0.01642,0.01423,0.22430,0.02570,0.23570,0.03224,0.02819
0.04714,0.05656,0.00938,0.00908,0.01292,0.01354,0.02716,0.01872,0.00688,0.79861
0.31253,0.39844,0.03522,0.01657,0.03100,0.02003,0.04045,0.03135,0.04112,0.07331
0.12409,0.03053,0.01929,0.01611,0.02077,0.06752,0.06356,0.02592,0.19026,0.44195
0.01100,0.02171,0.01420,0.00929,0.01209,0.44660,0.03931,0.40791,0.02453,0.01336
0.02077,0.81248,0.03102,0.01313,0.01773,0.03469,0.01375,0.02695,0.02259,0.00689
0.02305,0.16010,0.00929,0.00942,0.01048,0.00718,0.01121,0.02016,0.02457,0.72453
0.32752,0.42556,0.06528,0.03806,0.02832,0.01431,0.01972,0.03122,0.01667,0.03333
0.09916,0.08030,0.21754,0.11960,0.24938,0.01995,0.03633,0.02890,0.02707,0.12176
0.63996,0.03916,0.04579,0.02625,0.13490,0.01840,0.01093,0.02864,0.04359,0.01239
0.51766,0.12806,0.05411,0.04808,0.05857,0.02386,0.04287,0.04073,0.02847,0.05758
0.37249,0.41399,0.01721,0.02550,0.06819,0.02067,0.03734,0.02581,0.00884,0.00998
0.08560,0.73643,0.01921,0.04154,0.01972,0.02152,0.01220,0.01957,0.02503,0.01917
0.05512,0.65605,0.00955,0.01711,0.01904,0.02506,0.08738,0.08474,0.03151,0.01444
0.44858,0.47512,0.01227,0.00888,0.01074,0.01143,0.01001,0.00969,0.00677,0.00652
0.03643,0.28205,0.07697,0.09021,0.05968,0.01369,0.03051,0.01933,0.00851,0.38262
0.04936,0.83573,0.01083,0.01137,0.02399,0.00884,0.02150,0.01199,0.01192,0.01446
0.18090,0.33400,0.12604,0.03455,0.07107,0.08652,0.03991,0.07336,0.01658,0.03707
0.29985,0.42048,0.05903,0.04086,0.03592,0.03135,0.03838,0.02250,0.01200,0.03964
0.02123,0.57421,0.01710,0.01439,0.01108,0.00923,0.01348,0.02260,0.01375,0.30293
0.12195,0.51075,0.03842,0.08922,0.02613,0.07273,0.05973,0.04487,0.02004,0.01616
0.41990,0.45145,0.01934,0.00927,0.01304,0.00501,0.01062,0.00534,0.01664,0.04938
0.12179,0.70965,0.03531,0.05456,0.02057,0.01165,0.00849,0.00612,0.00792,0.02394
0.39956,0.41576,0.03227,0.01255,0.02516,0.02717,0.02718,0.02811,0.01485,0.01739
0.12728,0.59844,0.06664,0.04489,0.04101,0.02500,0.01848,0.03174,0.02544,0.02110
0.25194,0.31842,0.12289,0.03576,0.18365,0.01813,0.01555,0.01015,0.01980,0.02371
0.06460,0.73317,0.04903,0.01593,0.05918,0.01591,0.02328,0.01464,0.00901,0.01527
0.39787,0.45582,0.05568,0.02045,0.00965,0.01340,0.01223,0.01472,0.01384,0.00636
0.20467,0.33915,0.05632,0.03803,0.20309,0.04111,0.05614,0.03325,0.01354,0.01470
0.49976,0.09035,0.03600,0.05233,0.04521,0.05260,0.05907,0.04471,0.06024,0.05973
0.08274,0.64667,0.04962,0.03089,0.05419,0.00574,0.01105,0.00980,0.00804,0.10127
0.25577,0.33187,0.09648,0.07401,0.02236,0.02462,0.03772,0.02561,0.02526,0.10631
0.25503,0.62010,0.01394,0.00824,0.03407,0.00807,0.01518,0.01262,0.00832,0.02443
0.05903,0.71508,0.05817,0.02531,0.07329,0.01317,0.02295,0.02204,0.00646,0.00449
0.28499,0.37436,0.05457,0.03041,0.04286,0.02914,0.04583,0.04191,0.06395,0.03199
0.04783,0.53235,0.06588,0.06621,0.07478,0.03745,0.02879,0.04830,0.05691,0.04150
0.09706,0.50854,0.16633,0.01353,0.16265,0.01051,0.01211,0.00892,0.00869,0.01167
0.04411,0.65360,0.03891,0.02112,0.01056,0.00739,0.01633,0.01141,0.00725,0.18931
0.30677,0.18026,0.13666,0.02267,0.19317,0.01771,0.01501,0.02045,0.00883,0.09848
0.08088,0.35877,0.02375,0.05371,0.02680,0.07094,0.07630,0.05901,0.23408,0.01575
0.39348,0.43208,0.03370,0.01882,0.01212,0.00923,0.01721,0.01220,0.01178,0.05937
0.09552,0.77853,0.01532,0.00775,0.02600,0.01160,0.01171,0.01681,0.00608,0.03068
0.02466,0.42988,0.01316,0.01280,0.00785,0.01200,0.01009,0.01295,0.01029,0.46631
0.31307,0.37068,0.03144,0.04833,0.06690,0.05548,0.04008,0.04553,0.01281,0.01568
0.18742,0.24111,0.05654,0.04030,0.05809,0.02792,0.02327,0.02327,0.02182,0.32027
0.27045,0.47691,0.02949,0.02693,0.01666,0.02683,0.02801,0.04243,0.00913,0.07315
0.05017,0.12967,0.02206,0.05891,0.01134,0.01479,0.02866,0.01565,0.13504,0.53370
0.03251,0.04636,0.01624,0.01202,0.01380,0.04944,0.01852,0.04859,0.04516,0.71736
0.07872,0.12172,0.05096,0.01633,0.01940,0.18825,0.02922,0.15008,0.03878,0.30655
0.12024,0.61073,0.03798,0.01846,0.04174,0.02615,0.02222,0.02674,0.06530,0.03044
0.02060,0.04341,0.01519,0.00862,0.01591,0.01216,0.01361,0.01307,0.00512,0.85230
0.10121,0.61433,0.04853,0.08400,0.01315,0.01956,0.05338,0.02610,0.02756,0.01218
0.15541,0.25290,0.02828,0.02327,0.01970,0.03771,0.04462,0.03772,0.03130,0.36908
0.47805,0.05625,0.05258,0.03521,0.03199,0.05992,0.06019,0.08326,0.11237,0.03017
0.21454,0.09372,0.27749,0.03335,0.25672,0.02062,0.02523,0.02897,0.02911,0.02024
0.03168,0.87445,0.01177,0.00875,0.00998,0.00921,0.01322,0.00667,0.00745,0.02681
0.64210,0.21643,0.02094,0.02567,0.02378,0.00715,0.01062,0.00854,0.01527,0.02951
0.36500,0.46280,0.05145,0.02394,0.02021,0.01781,0.01914,0.01189,0.01834,0.00944
0.41735,0.47114,0.01948,0.01119,0.01790,0.01130,0.01835,0.01260,0.01148,0.00922
0.24292,0.04712,0.03176,0.03678,0.02660,0.06484,0.05235,0.04921,0.28957,0.15884
0.31080,0.08007,0.03490,0.02157,0.02276,0.23810,0.02479,0.23182,0.02139,0.01381
0.02701,0.04856,0.01480,0.05366,0.10623,0.32187,0.03754,0.33747,0.04123,0.01162
0.39600,0.44974,0.04318,0.01222,0.01938,0.01723,0.02443,0.01044,0.01872,0.00865
0.10040,0.05657,0.38514,0.02309,0.38676,0.00609,0.01096,0.00948,0.00448,0.01705
0.11959,0.06216,0.26274,0.03777,0.25946,0.05589,0.06335,0.04000,0.08113,0.01790
0.08378,0.33861,0.07478,0.09664,0.07594,0.04466,0.03494,0.02548,0.17283,0.05234
0.00905,0.89869,0.02148,0.01307,0.01842,0.01075,0.00775,0.00745,0.00460,0.00873
0.31251,0.35517,0.03610,0.03240,0.03455,0.04659,0.02109,0.07448,0.01871,0.06839
0.60104,0.25246,0.02633,0.02622,0.01782,0.01527,0.02205,0.01644,0.00799,0.01438
0.15967,0.18610,0.05495,0.06236,0.06716,0.03803,0.07799,0.03781,0.05466,0.26128
0.10231,0.06571,0.08282,0.06876,0.01611,0.15581,0.01265,0.12926,0.01165,0.35492
0.16451,0.74753,0.01428,0.00984,0.01168,0.00870,0.00875,0.02145,0.00550,0.00776
0.18857,0.28798,0.15694,0.10541,0.10417,0.03891,0.02916,0.03567,0.02410,0.02910
0.09075,0.52548,0.15290,0.01354,0.15328,0.01006,0.01014,0.01466,0.01103,0.01817
0.21837,0.22889,0.21678,0.01298,0.18749,0.01769,0.04947,0.04369,0.01220,0.01243
0.71295,0.05174,0.02342,0.01368,0.02299,0.01843,0.01273,0.01782,0.00794,0.11831
0.06001,0.12090,0.06859,0.02516,0.08554,0.03331,0.03852,0.03688,0.02019,0.51088
0.13617,0.65279,0.03398,0.01814,0.02152,0.01244,0.02512,0.01585,0.07296,0.01103
0.66770,0.03469,0.02910,0.02455,0.13132,0.02191,0.03421,0.02546,0.01641,0.01466
0.70775,0.05685,0.01592,0.03541,0.11380,0.00869,0.02966,0.00940,0.00908,0.01344
0.31910,0.44736,0.06950,0.03792,0.02147,0.03276,0.02315,0.02634,0.00937,0.01303
0.28510,0.37404,0.04250,0.01975,0.03319,0.09921,0.01781,0.10308,0.01548,0.00986
0.27758,0.37449,0.04959,0.02425,0.04666,0.07674,0.06733,0.03692,0.03072,0.01572
0.03964,0.28893,0.05892,0.04010,0.02993,0.23233,0.02262,0.21448,0.04279,0.03027
0.07387,0.46132,0.04242,0.09372,0.04163,0.10941,0.03106,0.09728,0.03959,0.00969
0.29345,0.38597,0.05456,0.03658,0.04815,0.02652,0.04696,0.03987,0.02335,0.04459
0.27571,0.36698,0.06636,0.06416,0.02424,0.03252,0.08240,0.06240,0.00693,0.01831
0.26323,0.11316,0.07338,0.04309,0.03720,0.02112,0.05072,0.03524,0.02278,0.34006
0.04707,0.60566,0.06167,0.03219,0.04867,0.03801,0.02449,0.07372,0.02354,0.04498
0.14746,0.69384,0.03622,0.02229,0.02224,0.01573,0.02138,0.00915,0.01132,0.02037
0.70888,0.03252,0.01278,0.01838,0.02104,0.10160,0.01556,0.06885,0.01016,0.01023
0.04027,0.79132,0.01821,0.02268,0.00996,0.04109,0.00902,0.04319,0.00820,0.01606
0.25809,0.28314,0.13109,0.04019,0.08786,0.03224,0.08394,0.03763,0.02158,0.02423
0.12225,0.17660,0.03961,0.02218,0.03532,0.01295,0.01565,0.01175,0.00504,0.55865
0.08693,0.08471,0.06079,0.05694,0.04134,0.08700,0.05748,0.05528,0.02094,0.44859
0.36477,0.43838,0.02656,0.02464,0.01205,0.01729,0.06404,0.03642,0.00962,0.00624
0.04640,0.85235,0.02443,0.01258,0.01756,0.00601,0.00570,0.00423,0.02046,0.01027
0.32049,0.45336,0.06313,0.02983,0.03876,0.02179,0.02432,0.01354,0.02139,0.01339
0.33497,0.40409,0.02253,0.02288,0.07477,0.04311,0.03183,0.04612,0.00593,0.01378
0.07338,0.46144,0.07968,0.02330,0.02238,0.13663,0.01108,0.16552,0.01108,0.01551
0.72145,0.02919,0.02310,0.01436,0.09326,0.01023,0.01764,0.01096,0.00924,0.07057
0.36331,0.42470,0.03819,0.01291,0.04866,0.01426,0.01554,0.02719,0.01223,0.04301
0.23570,0.04675,0.14522,0.03666,0.12789,0.13411,0.02291,0.13493,0.02867,0.08715
0.02832,0.59258,0.03586,0.02599,0.00863,0.07984,0.04227,0.11487,0.03624,0.03539
0.37080,0.38772,0.06680,0.03849,0.03799,0.02253,0.02299,0.01563,0.01546,0.02158
0.24816,0.20647,0.22518,0.01882,0.22795,0.01389,0.01315,0.01238,0.02740,0.00661
0.35789,0.40380,0.06885,0.07964,0.02042,0.00748,0.01710,0.02096,0.01267,0.01118
0.32581,0.47063,0.08039,0.02387,0.03002,0.01118,0.02051,0.01164,0.01932,0.00661
0.26958,0.29711,0.02672,0.02567,0.02586,0.04180,0.01860,0.05919,0.01367,0.22180
0.05011,0.64311,0.01259,0.02836,0.03023,0.07682,0.07213,0.02526,0.05293,0.00846
0.34801,0.40707,0.04629,0.02699,0.05124,0.02308,0.03876,0.02866,0.01881,0.01110
0.83779,0.04976,0.01461,0.01578,0.01485,0.01654,0.00989,0.01282,0.01205,0.01591
0.24593,0.33038,0.08569,0.04057,0.09510,0.05174,0.04827,0.02862,0.05237,0.02132
0.06926,0.03445,0.36328,0.01403,0.36223,0.04563,0.01623,0.05863,0.00654,0.02971
0.01528,0.09526,0.02094,0.00869,0.01573,0.39329,0.01411,0.40915,0.01436,0.01321
0.01685,0.03487,0.01348,0.01108,0.01592,0.04176,0.02565,0.08664,0.21313,0.54061
0.73141,0.01802,0.02389,0.00694,0.16303,0.01076,0.00685,0.01431,0.01097,0.01383
0.01617,0.03364,0.01402,0.00763,0.01595,0.01280,0.01145,0.01160,0.00646,0.87028
0.32551,0.40267,0.07254,0.03418,0.08496,0.01129,0.02345,0.01335,0.02406,0.00798
0.47992,0.39858,0.01888,0.03303,0.02042,0.00446,0.00503,0.00615,0.02153,0.01201
0.10685,0.34186,0.08828,0.11264,0.02480,0.03196,0.01846,0.01611,0.02204,0.23700
0.53299,0.18950,0.05733,0.03907,0.05763,0.02317,0.01991,0.02626,0.03866,0.01549
0.29307,0.36754,0.08213,0.04423,0.08676,0.01573,0.04209,0.00939,0.01074,0.04833
0.23179,0.33717,0.05243,0.04008,0.05352,0.09603,0.03846,0.10980,0.02159,0.01914
0.16459,0.76118,0.00724,0.01147,0.01080,0.01218,0.00906,0.00560,0.00646,0.01143
0.31724,0.42120,0.04177,0.02139,0.02709,0.02426,0.02848,0.02734,0.02686,0.06436
0.18385,0.26607,0.06097,0.02546,0.01525,0.03687,0.02098,0.02101,0.08154,0.28801
0.12649,0.16512,0.01163,0.01279,0.01136,0.05096,0.04393,0.01224,0.01968,0.54581
0.35698,0.45841,0.04015,0.01754,0.02939,0.02235,0.02123,0.00918,0.03107,0.01369
0.32781,0.35812,0.09350,0.01929,0.11993,0.01238,0.01818,0.01805,0.01228,0.02047
0.01988,0.70016,0.08946,0.01754,0.08420,0.00835,0.02599,0.01034,0.02132,0.02277
0.04685,0.53677,0.11889,0.03683,0.10304,0.02117,0.04514,0.04888,0.02160,0.02084
0.06674,0.30567,0.01723,0.01213,0.01233,0.01666,0.02204,0.02003,0.00627,0.52091
0.23189,0.29400,0.04359,0.02352,0.04593,0.01153,0.02455,0.01518,0.00848,0.30133
0.40320,0.34348,0.05840,0.03710,0.04111,0.01887,0.02972,0.01810,0.03706,0.01296
0.03985,0.83312,0.04193,0.00808,0.02162,0.01110,0.01312,0.01798,0.00707,0.00612
0.43674,0.47252,0.01201,0.01127,0.00904,0.00594,0.02917,0.00669,0.00419,0.01244
0.19786,0.51247,0.06108,0.01303,0.01107,0.01577,0.02001,0.03288,0.03018,0.10564
0.12253,0.71197,0.01014,0.01299,0.01707,0.01811,0.02400,0.00925,0.02753,0.04641
0.67154,0.03374,0.04203,0.03797,0.09511,0.02555,0.02820,0.03991,0.01555,0.01039
0.14814,0.74476,0.01146,0.01333,0.01224,0.01579,0.01655,0.01651,0.00826,0.01296
0.05842,0.62673,0.05594,0.08000,0.01537,0.03927,0.03889,0.05150,0.02294,0.01095
0.33020,0.38281,0.03348,0.02395,0.02632,0.01844,0.02472,0.01769,0.01540,0.12699
0.09600,0.08472,0.21284,0.01828,0.14252,0.17661,0.02271,0.20454,0.02706,0.01472
0.29315,0.48052,0.02228,0.03037,0.03658,0.04261,0.03135,0.01828,0.03616,0.00869
0.42602,0.46736,0.01769,0.01357,0.01625,0.01441,0.01563,0.01319,0.00446,0.01142
0.25450,0.32239,0.07576,0.06177,0.08041,0.02508,0.01842,0.01720,0.04780,0.09666
0.07166,0.04476,0.01521,0.00987,0.01073,0.01146,0.01696,0.01363,0.02078,0.78493
0.03012,0.06385,0.03816,0.02102,0.07978,0.01527,0.02392,0.01487,0.01383,0.69918
0.09062,0.06667,0.29695,0.03005,0.32300,0.03690,0.03662,0.03290,0.07170,0.01459
0.30347,0.38688,0.04984,0.04581,0.04571,0.02765,0.05943,0.03702,0.03275,0.01144
0.35563,0.30166,0.07252,0.03175,0.05406,0.05203,0.02732,0.04598,0.02404,0.03499
0.04643,0.82388,0.04423,0.01217,0.03111,0.00868,0.00865,0.00921,0.00710,0.00853
0.45726,0.21921,0.06672,0.01616,0.12633,0.01467,0.02697,0.01500,0.01739,0.04029
0.35936,0.43543,0.04075,0.03807,0.02642,0.01823,0.02099,0.02094,0.00887,0.03094
0.06257,0.42423,0.03050,0.08067,0.01959,0.15641,0.09385,0.04506,0.07959,0.00752
0.03741,0.83563,0.01487,0.01269,0.01655,0.02135,0.02096,0.01679,0.00438,0.01938
0.36645,0.48431,0.03606,0.02021,0.02951,0.00999,0.01164,0.00781,0.01447,0.01955
0.05341,0.09459,0.09697,0.03054,0.15125,0.22791,0.03125,0.25744,0.04117,0.01546
0.19905,0.01908,0.01100,0.01250,0.00760,0.05055,0.04964,0.02298,0.17957,0.44802
0.42767,0.11040,0.01005,0.02271,0.02819,0.07145,0.06002,0.01433,0.15432,0.10086
0.01757,0.90031,0.01005,0.00897,0.02028,0.00670,0.00944,0.00989,0.01106,0.00572
0.10965,0.11819,0.00646,0.00964,0.00474,0.23343,0.01055,0.25658,0.00730,0.24346
0.65359,0.21312,0.03243,0.01247,0.01744,0.00791,0.01645,0.01498,0.01148,0.02013
0.07585,0.24430,0.03509,0.01690,0.03993,0.26737,0.01883,0.27119,0.01929,0.01125
0.06175,0.74422,0.02748,0.01872,0.02706,0.02802,0.03492,0.01674,0.02645,0.01465
0.19140,0.22606,0.04143,0.04771,0.04734,0.10924,0.05862,0.09309,0.05995,0.12517
0.61005,0.11510,0.05725,0.00797,0.08686,0.02398,0.01826,0.02579,0.01213,0.04261
0.10965,0.15681,0.30985,0.02998,0.29361,0.02744,0.02824,0.01836,0.01521,0.01085
0.42451,0.07686,0.15558,0.03199,0.14689,0.04160,0.02918,0.06787,0.01662,0.00889
0.37877,0.46850,0.03515,0.02707,0.01939,0.01097,0.01525,0.01226,0.01427,0.01838
0.03786,0.74990,0.01843,0.02693,0.02433,0.02402,0.02975,0.04530,0.00845,0.03502
0.42761,0.41772,0.02639,0.02475,0.02310,0.01745,0.01896,0.01585,0.01536,0.01281
0.06120,0.79383,0.01195,0.01765,0.01876,0.01479,0.03592,0.01933,0.01018,0.01640
0.15494,0.59676,0.05733,0.09634,0.01952,0.01733,0.02254,0.01501,0.00819,0.01203
0.04406,0.79278,0.02405,0.01618,0.01558,0.01777,0.01280,0.01301,0.02329,0.04047
0.26821,0.36231,0.06610,0.03874,0.04462,0.04392,0.03790,0.04338,0.02173,0.07308
0.50469,0.29428,0.00844,0.02724,0.02336,0.07063,0.03014,0.01116,0.01552,0.01454
0.13873,0.11338,0.31375,0.03223,0.32736,0.01242,0.01567,0.01351,0.01015,0.02282
0.75759,0.04692,0.02100,0.01314,0.10110,0.01195,0.01445,0.00855,0.01541,0.00989
0.15105,0.48881,0.01269,0.01620,0.02381,0.03645,0.05542,0.03956,0.01904,0.15698
0.42502,0.47848,0.01858,0.01528,0.00797,0.01168,0.01333,0.01033,0.01250,0.00683
0.09969,0.28818,0.20728,0.01772,0.09629,0.04727,0.02004,0.08289,0.10674,0.03390
0.27798,0.37483,0.05131,0.03030,0.04510,0.06141,0.07432,0.04014,0.02965,0.01495
0.11648,0.64188,0.06589,0.02113,0.03999,0.02592,0.03710,0.01801,0.01391,0.01970
0.14650,0.47882,0.04955,0.02537,0.01089,0.01249,0.02126,0.02625,0.01583,0.21304
0.21715,0.52059,0.03235,0.03078,0.04100,0.03653,0.04105,0.02134,0.01866,0.04054
0.01980,0.04251,0.01861,0.00772,0.01120,0.42596,0.00986,0.42924,0.01167,0.02343
0.05640,0.15724,0.29781,0.03171,0.31469,0.01973,0.03230,0.05203,0.03082,0.00728
0.19365,0.04695,0.03927,0.03689,0.02872,0.01433,0.01218,0.01306,0.00831,0.60665
0.06576,0.03506,0.33288,0.06188,0.33292,0.02897,0.02659,0.02050,0.05341,0.04202
0.10760,0.45048,0.04319,0.04888,0.03697,0.05289,0.08697,0.03439,0.10170,0.03694
0.39142,0.43607,0.04058,0.03698,0.03426,0.00824,0.01768,0.01429,0.01441,0.00609
0.17465,0.23519,0.11624,0.03201,0.01689,0.03029,0.01913,0.01971,0.01534,0.34053
0.86587,0.04361,0.01368,0.02002,0.01550,0.00681,0.01071,0.01247,0.00545,0.00588
0.44648,0.46802,0.02043,0.00650,0.01175,0.00838,0.00377,0.00951,0.00949,0.01568
0.14232,0.07119,0.36360,0.01694,0.32542,0.01715,0.01600,0.02574,0.01127,0.01037
0.02339,0.80131,0.01600,0.01815,0.01207,0.03275,0.03402,0.03962,0.00740,0.01529
0.35536,0.45275,0.03524,0.03052,0.02257,0.02241,0.02575,0.01069,0.01475,0.02996
0.30553,0.36027,0.02547,0.00850,0.00667,0.04380,0.02211,0.02624,0.06319,0.13823
0.64759,0.10624,0.03221,0.02211,0.05594,0.02177,0.02376,0.01596,0.01149,0.06292
0.04699,0.85218,0.02044,0.01404,0.01820,0.00833,0.01271,0.00825,0.00502,0.01384
0.13093,0.47862,0.02785,0.02096,0.02334,0.12842,0.01320,0.14039,0.01276,0.02352
0.06616,0.83203,0.03039,0.00629,0.01343,0.01127,0.01006,0.01124,0.00877,0.01037
0.31377,0.41989,0.06791,0.02800,0.02135,0.02964,0.04013,0.04576,0.01483,0.01873
0.11192,0.68890,0.03367,0.02100,0.02485,0.03603,0.01719,0.01934,0.01572,0.03137
0.57643,0.17097,0.03979,0.02727,0.04531,0.02570,0.02718,0.01877,0.03842,0.03015
0.36115,0.28277,0.04295,0.05228,0.05286,0.02410,0.03733,0.03499,0.03230,0.07928
0.28273,0.34982,0.03740,0.01872,0.02256,0.11533,0.02829,0.08174,0.02877,0.03463
0.48430,0.06612,0.07657,0.04980,0.17756,0.02456,0.04013,0.05039,0.01360,0.01697
0.18787,0.58768,0.03805,0.02757,0.04745,0.03426,0.01860,0.02143,0.02065,0.01643
0.53833,0.07650,0.05839,0.04511,0.08005,0.03111,0.04191,0.04068,0.02665,0.06126
0.02140,0.35796,0.01882,0.02693,0.02354,0.19783,0.04587,0.24991,0.02386,0.03389
0.38382,0.38879,0.06267,0.02764,0.03844,0.02339,0.02747,0.01959,0.01472,0.01348
0.80897,0.03997,0.01549,0.03285,0.01610,0.01798,0.01961,0.01173,0.02387,0.01344
0.48258,0.05676,0.05745,0.03633,0.09505,0.02224,0.02200,0.02475,0.06795,0.13489
0.04719,0.65984,0.07626,0.02770,0.07177,0.01795,0.03213,0.03181,0.01962,0.01573
0.01893,0.68007,0.06462,0.01959,0.02457,0.07182,0.02043,0.06466,0.02656,0.00873
0.13179,0.18629,0.05429,0.02161,0.10210,0.01766,0.02437,0.02416,0.02907,0.40867
0.28295,0.36031,0.06465,0.02090,0.01264,0.07444,0.02124,0.04137,0.07530,0.04619
0.37643,0.33404,0.05126,0.02373,0.06596,0.02578,0.02857,0.02173,0.01998,0.05253
0.03067,0.82244,0.00831,0.00714,0.01420,0.00608,0.01839,0.00717,0.00480,0.08080
0.05574,0.03922,0.01696,0.01253,0.01476,0.02273,0.02861,0.03682,0.01232,0.76032
0.12485,0.73670,0.03736,0.02528,0.02861,0.00803,0.01263,0.01029,0.00618,0.01007
0.04910,0.33776,0.05309,0.04311,0.02486,0.02689,0.02361,0.04017,0.01537,0.38604
0.08234,0.31668,0.07339,0.05293,0.06335,0.08642,0.04229,0.06391,0.08290,0.13580
0.03758,0.77664,0.02801,0.02617,0.02270,0.02200,0.01223,0.02368,0.01141,0.03959
0.01404,0.02650,0.01349,0.00573,0.01051,0.44908,0.00635,0.45879,0.00632,0.00920
0.36407,0.40702,0.03137,0.02007,0.03923,0.02670,0.02264,0.04160,0.02783,0.01946
0.50637,0.06955,0.05771,0.04895,0.06260,0.01887,0.03000,0.02681,0.10203,0.07711
0.17052,0.74533,0.00938,0.00861,0.00601,0.01012,0.01107,0.02647,0.00529,0.00720
0.30905,0.21412,0.05952,0.04095,0.06977,0.05493,0.05870,0.07235,0.07235,0.04825
0.12297,0.20915,0.09621,0.02547,0.08424,0.04310,0.03660,0.08405,0.12328,0.17493
0.58386,0.07311,0.07706,0.05032,0.05253,0.00881,0.01577,0.00998,0.09364,0.03492
0.22834,0.29845,0.06660,0.04242,0.11683,0.05792,0.08177,0.04987,0.03513,0.02267
0.57668,0.07089,0.08527,0.04224,0.06319,0.02794,0.02052,0.04025,0.03387,0.03915
0.20264,0.06019,0.27063,0.02139,0.36777,0.02013,0.01934,0.01663,0.00516,0.01612
0.12304,0.13462,0.21025,0.02506,0.30713,0.06717,0.04277,0.02299,0.01974,0.04722
0.26217,0.07576,0.21744,0.01976,0.20014,0.03621,0.06956,0.10065,0.00821,0.01011
0.17506,0.37729,0.01788,0.02642,0.01165,0.02971,0.02490,0.04418,0.04066,0.25225
0.39563,0.51967,0.02519,0.00661,0.01591,0.00955,0.00979,0.00736,0.00475,0.00555
0.11727,0.34148,0.19722,0.01927,0.20581,0.01562,0.02850,0.01629,0.01736,0.04119
0.41860,0.45915,0.01536,0.01706,0.01308,0.01356,0.01310,0.02839,0.00719,0.01452
0.25132,0.15831,0.10216,0.10268,0.05682,0.06368,0.05069,0.05753,0.05219,0.10462
0.39715,0.44003,0.04223,0.04856,0.02437,0.00720,0.01230,0.00959,0.01065,0.00792
0.28798,0.43898,0.02249,0.05308,0.07830,0.02790,0.02777,0.01686,0.02875,0.01790
0.09179,0.26364,0.17093,0.02337,0.33137,0.01241,0.02589,0.00865,0.05086,0.02108
0.15680,0.50302,0.04089,0.03833,0.04612,0.04113,0.04204,0.08098,0.02386,0.02685
0.06239,0.62433,0.01069,0.00693,0.01441,0.01480,0.01419,0.01902,0.01219,0.22104
0.07777,0.12595,0.04644,0.02040,0.03186,0.32598,0.01602,0.32654,0.01308,0.01597
0.27864,0.21227,0.12564,0.02584,0.01974,0.02695,0.02816,0.04758,0.02726,0.20793
0.37191,0.40486,0.03600,0.02825,0.02614,0.00908,0.03261,0.01403,0.01980,0.05731
0.58341,0.10074,0.02812,0.02720,0.14920,0.02997,0.02101,0.02055,0.01679,0.02300
0.11697,0.53763,0.10095,0.02918,0.08660,0.03042,0.03531,0.03990,0.01305,0.01000
0.03099,0.52088,0.04241,0.04954,0.04775,0.04206,0.03088,0.04376,0.05247,0.13925
0.08472,0.63051,0.11227,0.03465,0.03099,0.02960,0.02201,0.04261,0.00483,0.00782
