0.03695,0.18152,0.01718,0.03528,0.02216,0.18306,0.03201,0.02802,0.07709,0.02656,0.02137,0.02212,0.12404,0.06127,0.01937,0.01701,0.02652,0.02048,0.01799,0.03000
0.03777,0.06512,0.01195,0.02032,0.02449,0.07499,0.02501,0.02500,0.08821,0.02118,0.10095,0.02093,0.18710,0.11116,0.01001,0.09535,0.02298,0.01446,0.01239,0.03063
0.04443,0.25033,0.01708,0.03576,0.01754,0.24882,0.04302,0.03442,0.03559,0.02030,0.01906,0.01535,0.05311,0.03777,0.01293,0.01570,0.01509,0.02275,0.01874,0.04219
0.03407,0.14694,0.02983,0.02735,0.02718,0.15384,0.02901,0.01847,0.09268,0.02290,0.01717,0.02390,0.16223,0.08506,0.02158,0.01716,0.02098,0.01761,0.01612,0.03593
0.04521,0.06375,0.02024,0.03906,0.02692,0.07608,0.03355,0.02590,0.04114,0.02799,0.04757,0.02267,0.20931,0.16954,0.01556,0.05288,0.01870,0.01828,0.01666,0.02899
0.04242,0.08794,0.02613,0.02568,0.03079,0.10117,0.03176,0.03333,0.15990,0.03299,0.03214,0.02742,0.16693,0.04997,0.02194,0.02465,0.02762,0.02420,0.02018,0.03284
0.03371,0.13650,0.02336,0.02961,0.02168,0.13578,0.03770,0.03629,0.06461,0.02992,0.07507,0.02727,0.10619,0.05349,0.02799,0.06802,0.02303,0.02149,0.02093,0.02735
0.03177,0.23668,0.01290,0.02099,0.01994,0.23614,0.02160,0.01958,0.09699,0.01620,0.01451,0.01350,0.12861,0.03932,0.00868,0.01531,0.01597,0.01621,0.01064,0.02443
0.03745,0.15578,0.01202,0.02013,0.02437,0.14699,0.02700,0.02186,0.05277,0.02093,0.03394,0.01927,0.17876,0.13815,0.01302,0.02834,0.01823,0.01617,0.01305,0.02178
0.02065,0.11986,0.00818,0.01698,0.01304,0.11884,0.01561,0.01760,0.08308,0.01550,0.01893,0.01704,0.26362,0.19074,0.00798,0.01926,0.01165,0.01012,0.01089,0.02043
0.02901,0.10650,0.01147,0.02060,0.02366,0.09717,0.02430,0.01889,0.10566,0.02126,0.01557,0.01905,0.25420,0.15413,0.01063,0.01464,0.01518,0.01715,0.01550,0.02543
0.02694,0.04940,0.01106,0.02547,0.02117,0.05620,0.02176,0.02078,0.10041,0.02337,0.01752,0.02608,0.29691,0.20707,0.00989,0.01574,0.01630,0.01452,0.01387,0.02554
0.02559,0.13662,0.02808,0.03438,0.02756,0.14655,0.02616,0.02293,0.10410,0.02344,0.02319,0.02610,0.17746,0.07921,0.01692,0.01849,0.01993,0.01747,0.01922,0.02661
0.02806,0.07139,0.01609,0.02430,0.02169,0.08062,0.02257,0.02719,0.19447,0.02363,0.02457,0.02996,0.24015,0.06067,0.01090,0.02543,0.02943,0.02143,0.01610,0.03137
0.03965,0.08831,0.02268,0.02856,0.02525,0.09643,0.02579,0.02188,0.13990,0.02302,0.02554,0.02419,0.22279,0.09234,0.01716,0.02039,0.02122,0.01582,0.01747,0.03162
0.01488,0.07020,0.15735,0.01500,0.00859,0.07119,0.01313,0.01226,0.02228,0.01066,0.02224,0.01057,0.18844,0.17533,0.13638,0.01827,0.01821,0.00879,0.01152,0.01471
0.03570,0.15215,0.01258,0.02112,0.02061,0.16816,0.02528,0.02794,0.10209,0.02068,0.03269,0.01952,0.16687,0.08405,0.00989,0.02505,0.02052,0.01630,0.01384,0.02497
0.02139,0.10107,0.01580,0.01655,0.01821,0.11253,0.02214,0.01371,0.21119,0.01696,0.01747,0.02200,0.25170,0.05147,0.01738,0.01299,0.02311,0.01529,0.01553,0.02353
0.02714,0.08596,0.01315,0.02978,0.02455,0.09048,0.02942,0.02787,0.08728,0.02345,0.03402,0.02147,0.22488,0.15657,0.01440,0.02859,0.02059,0.02096,0.01453,0.02491
0.03015,0.15190,0.01086,0.02234,0.02178,0.14682,0.02159,0.02187,0.11245,0.02106,0.01931,0.02295,0.20007,0.09784,0.00935,0.01485,0.01966,0.01473,0.01605,0.02436
0.04489,0.10945,0.01339,0.02433,0.02056,0.10237,0.02776,0.02801,0.05248,0.03226,0.09217,0.02016,0.14160,0.10474,0.01036,0.08346,0.02231,0.01673,0.02415,0.02880
0.03264,0.12965,0.01875,0.01912,0.01626,0.11802,0.01764,0.01817,0.13777,0.02027,0.01654,0.01909,0.23980,0.11007,0.01434,0.01384,0.01638,0.01443,0.00839,0.01883
0.03107,0.12852,0.04370,0.02478,0.02520,0.11949,0.02657,0.02215,0.05494,0.02541,0.04359,0.02575,0.14578,0.10832,0.03607,0.04407,0.02315,0.01957,0.02119,0.03068
0.03619,0.07431,0.01021,0.01516,0.02118,0.07983,0.01761,0.01725,0.06183,0.01818,0.02068,0.02324,0.28372,0.22414,0.00717,0.02320,0.01814,0.01282,0.01297,0.02218
0.04033,0.13943,0.01753,0.03016,0.02290,0.13693,0.03394,0.03126,0.12260,0.02458,0.02264,0.02385,0.17439,0.05824,0.01672,0.01677,0.02292,0.01744,0.01894,0.02844
0.05298,0.19954,0.01989,0.03676,0.03294,0.19670,0.03508,0.03996,0.04721,0.03000,0.03045,0.02416,0.07017,0.04702,0.01683,0.02352,0.02085,0.02341,0.01785,0.03468
0.02107,0.15716,0.01484,0.01755,0.01756,0.14405,0.01703,0.02111,0.11635,0.01314,0.01743,0.01359,0.22968,0.10859,0.01549,0.01700,0.01347,0.01350,0.01187,0.01951
0.02905,0.16691,0.02086,0.02184,0.01418,0.16214,0.01982,0.02308,0.05141,0.01904,0.02093,0.02115,0.18313,0.14074,0.01894,0.01629,0.01666,0.01653,0.01362,0.02368
0.05323,0.13387,0.01335,0.01846,0.02702,0.11847,0.03488,0.02593,0.08027,0.02467,0.03407,0.02594,0.15820,0.10522,0.01412,0.03662,0.02369,0.02184,0.01801,0.03213
0.03350,0.14159,0.01867,0.02541,0.02080,0.15055,0.02766,0.02450,0.12061,0.02131,0.01923,0.02247,0.16474,0.07353,0.02381,0.01944,0.02374,0.01603,0.02116,0.03125
0.03390,0.09510,0.02925,0.02906,0.02316,0.09783,0.02974,0.02878,0.12678,0.02187,0.03575,0.02070,0.19827,0.07758,0.02749,0.03754,0.01816,0.02030,0.02020,0.02854
0.02642,0.12049,0.02021,0.02694,0.02371,0.12324,0.02436,0.02542,0.07928,0.02088,0.01986,0.01975,0.21618,0.14284,0.01302,0.01665,0.01780,0.02143,0.01583,0.02568
0.03130,0.10513,0.01296,0.02613,0.01882,0.10458,0.02601,0.02302,0.20876,0.02144,0.01714,0.01966,0.23097,0.03945,0.00939,0.01675,0.01882,0.02002,0.02003,0.02961
0.02760,0.10863,0.06297,0.02700,0.02462,0.10642,0.03334,0.02205,0.13563,0.02646,0.01917,0.02231,0.16640,0.03731,0.06987,0.02055,0.02284,0.01941,0.02196,0.02546
0.03225,0.17022,0.03062,0.02574,0.02750,0.16907,0.02626,0.02847,0.07396,0.02358,0.02889,0.02585,0.12535,0.06997,0.03054,0.02316,0.02012,0.02109,0.02010,0.02727
0.03958,0.21552,0.01769,0.02430,0.03087,0.21842,0.02620,0.02818,0.06101,0.02135,0.01972,0.02183,0.10479,0.05550,0.01215,0.01762,0.02001,0.01418,0.01368,0.03740
0.03992,0.10146,0.01520,0.03292,0.02207,0.10413,0.02819,0.02595,0.06086,0.02022,0.03705,0.02601,0.19564,0.14120,0.01220,0.03978,0.02439,0.02217,0.02085,0.02976
0.06924,0.15631,0.01923,0.04008,0.02508,0.16071,0.05622,0.04273,0.04352,0.02202,0.01466,0.02360,0.08421,0.05469,0.02491,0.01881,0.02188,0.02923,0.03440,0.05846
0.03103,0.17859,0.01487,0.02388,0.01841,0.17054,0.02149,0.02332,0.08686,0.01893,0.01810,0.01650,0.18103,0.09922,0.00776,0.01434,0.02024,0.01521,0.01219,0.02750
0.03445,0.11211,0.01646,0.03245,0.02729,0.11119,0.02727,0.03085,0.07000,0.02146,0.02176,0.02986,0.20019,0.14525,0.01561,0.01932,0.02051,0.02053,0.01614,0.02730
0.04344,0.21059,0.01934,0.02141,0.02480,0.20343,0.02801,0.02017,0.10696,0.02208,0.01636,0.02141,0.12318,0.03355,0.01214,0.01698,0.01530,0.01447,0.01303,0.03333
0.03781,0.08917,0.04236,0.02285,0.02268,0.08205,0.02331,0.02147,0.04523,0.02173,0.01811,0.02426,0.22397,0.19824,0.03570,0.02236,0.01718,0.01326,0.01415,0.02412
0.02855,0.15551,0.01398,0.02607,0.02132,0.14828,0.02340,0.02201,0.05417,0.01716,0.01075,0.01828,0.20153,0.15345,0.01487,0.01519,0.01421,0.01887,0.01697,0.02540
0.03463,0.07213,0.02097,0.02579,0.02797,0.08945,0.02903,0.02323,0.20256,0.03022,0.01983,0.02569,0.22207,0.03728,0.01435,0.02536,0.03253,0.01815,0.01464,0.03412
0.02160,0.15272,0.01317,0.02020,0.01962,0.14671,0.02008,0.01500,0.19921,0.01610,0.01769,0.01828,0.22469,0.03390,0.01060,0.01321,0.01184,0.01307,0.01259,0.01969
0.02857,0.07845,0.15123,0.02018,0.02394,0.08156,0.02374,0.02114,0.03628,0.02118,0.05130,0.02288,0.09290,0.07271,0.14495,0.04590,0.02056,0.02141,0.01552,0.02559
0.01990,0.25089,0.01160,0.02025,0.02012,0.26058,0.02168,0.01839,0.04400,0.01934,0.01455,0.01588,0.12036,0.07690,0.00842,0.01315,0.01439,0.01482,0.01093,0.02383
0.02834,0.05837,0.02225,0.03055,0.02575,0.05826,0.02499,0.02250,0.09413,0.02500,0.02349,0.02592,0.24833,0.16795,0.02249,0.02389,0.02868,0.01729,0.02064,0.03118
0.03772,0.06551,0.07115,0.03438,0.03172,0.05864,0.03320,0.03948,0.07008,0.05860,0.03376,0.04525,0.11909,0.09148,0.07656,0.03039,0.02483,0.02629,0.02059,0.03128
0.03081,0.09328,0.03518,0.02304,0.02472,0.08830,0.03024,0.02516,0.05508,0.02550,0.12945,0.03268,0.09394,0.04908,0.03682,0.13744,0.02299,0.01671,0.02336,0.02622
0.02756,0.14373,0.02202,0.02309,0.02187,0.13101,0.02419,0.02391,0.02914,0.02494,0.03832,0.02363,0.17548,0.15836,0.01889,0.03527,0.02123,0.01819,0.01374,0.02542
0.04137,0.09626,0.02925,0.03147,0.02601,0.09361,0.03114,0.03708,0.12974,0.03309,0.02277,0.02868,0.16424,0.06753,0.01588,0.02491,0.03017,0.03214,0.02644,0.03822
0.02951,0.07971,0.01567,0.01753,0.01489,0.08266,0.02048,0.01844,0.05349,0.02048,0.07018,0.01557,0.22980,0.18575,0.01157,0.07183,0.01643,0.01409,0.01298,0.01895
0.02293,0.07280,0.01410,0.01682,0.01851,0.07435,0.01969,0.01651,0.18059,0.01835,0.02190,0.01855,0.29826,0.12454,0.01320,0.01899,0.01212,0.01066,0.00920,0.01793
0.03847,0.08070,0.04041,0.02831,0.02544,0.08210,0.03132,0.02394,0.06130,0.02252,0.02036,0.02220,0.20483,0.16586,0.03160,0.01767,0.02783,0.02226,0.01961,0.03325
0.03689,0.12938,0.01988,0.02916,0.02660,0.12892,0.02312,0.02712,0.06141,0.02105,0.02172,0.01814,0.19725,0.14451,0.01530,0.02031,0.01854,0.01759,0.01671,0.02639
0.02448,0.14915,0.11895,0.02101,0.02407,0.13787,0.01950,0.02398,0.05240,0.02433,0.02602,0.01954,0.08295,0.04455,0.11927,0.02440,0.02220,0.02274,0.01647,0.02612
0.02863,0.14315,0.02569,0.02847,0.02146,0.15912,0.02665,0.02673,0.06954,0.02278,0.08579,0.02605,0.09680,0.04369,0.02105,0.08476,0.02495,0.01948,0.01832,0.02691
0.04437,0.15871,0.01636,0.03068,0.03784,0.16431,0.03676,0.03765,0.04842,0.03039,0.02296,0.02765,0.11783,0.07889,0.01586,0.02555,0.02262,0.02536,0.02089,0.03688
0.03149,0.11129,0.03049,0.03283,0.03466,0.11864,0.03478,0.03069,0.11311,0.03042,0.04205,0.03176,0.13924,0.03978,0.02717,0.04372,0.02417,0.02318,0.02846,0.03206
0.02911,0.11553,0.01370,0.03262,0.02060,0.10802,0.02444,0.02297,0.16843,0.01833,0.01196,0.01892,0.23133,0.08174,0.00848,0.01191,0.01520,0.01673,0.01689,0.03310
0.03418,0.28637,0.02416,0.02407,0.02046,0.27098,0.01821,0.01983,0.04141,0.01898,0.02012,0.01608,0.06725,0.03147,0.02238,0.01638,0.01656,0.01372,0.01385,0.02353
0.03027,0.13093,0.05544,0.02044,0.01820,0.12430,0.02167,0.01889,0.04922,0.02067,0.10893,0.01891,0.07207,0.04243,0.06527,0.10713,0.02459,0.02524,0.01843,0.02697
0.03735,0.14663,0.10080,0.03175,0.02126,0.12125,0.02571,0.03289,0.04935,0.02483,0.02713,0.02025,0.07912,0.06346,0.10050,0.02370,0.01965,0.02356,0.01966,0.03114
0.04643,0.18249,0.02094,0.02672,0.02912,0.17438,0.03691,0.02846,0.09027,0.02512,0.02605,0.01984,0.11141,0.03466,0.02130,0.03099,0.02043,0.02146,0.01817,0.03487
0.02892,0.10830,0.01148,0.01996,0.01918,0.11164,0.01921,0.01549,0.13200,0.01757,0.01619,0.01456,0.25713,0.14317,0.00885,0.01631,0.01730,0.01099,0.01052,0.02124
0.02703,0.12271,0.01304,0.02428,0.01465,0.11582,0.02605,0.02050,0.06519,0.01702,0.01923,0.01516,0.24752,0.17815,0.01146,0.01509,0.01852,0.01371,0.01417,0.02072
0.03291,0.10909,0.01467,0.02271,0.02228,0.11075,0.01978,0.02055,0.12539,0.01933,0.02509,0.02125,0.22565,0.12585,0.00876,0.01792,0.01487,0.01571,0.01632,0.03111
0.03762,0.11616,0.13547,0.03389,0.01834,0.10754,0.02994,0.02661,0.07596,0.02440,0.02190,0.02817,0.07634,0.03055,0.13331,0.02026,0.02036,0.01883,0.01812,0.02621
0.03103,0.08773,0.02051,0.02441,0.02169,0.09195,0.02600,0.02483,0.04159,0.02500,0.15444,0.02215,0.09971,0.06957,0.01579,0.15488,0.02163,0.02308,0.01879,0.02522
0.02952,0.15170,0.01888,0.01816,0.02086,0.13378,0.02137,0.01818,0.14447,0.01863,0.01644,0.02025,0.21409,0.08752,0.01364,0.01264,0.01498,0.01216,0.01224,0.02050
0.04470,0.10377,0.02326,0.03450,0.02726,0.12014,0.02762,0.02670,0.13186,0.02596,0.03319,0.02649,0.16310,0.06787,0.02091,0.02881,0.02765,0.01843,0.01959,0.02821
0.03606,0.13298,0.04354,0.03790,0.02901,0.12779,0.03402,0.02988,0.09981,0.02963,0.03339,0.02846,0.10072,0.03678,0.03748,0.04038,0.02930,0.02682,0.02896,0.03709
0.03095,0.16665,0.02005,0.02474,0.02369,0.14717,0.02474,0.02409,0.11062,0.03029,0.03369,0.01948,0.15319,0.07268,0.02000,0.02153,0.01823,0.01681,0.01673,0.02467
0.04331,0.10622,0.02081,0.03404,0.02428,0.11657,0.03257,0.03291,0.11980,0.02776,0.02459,0.02690,0.18444,0.07274,0.01418,0.01977,0.02925,0.02120,0.02281,0.02586
0.05368,0.19904,0.01659,0.03604,0.03037,0.18539,0.04244,0.03382,0.05647,0.03499,0.02463,0.02440,0.06995,0.03433,0.01634,0.02068,0.02492,0.03387,0.02263,0.03940
0.03130,0.10000,0.03161,0.02587,0.02639,0.10586,0.03517,0.03070,0.06281,0.03000,0.03208,0.02697,0.17143,0.12408,0.02290,0.02887,0.03700,0.01906,0.02229,0.03560
0.03366,0.11358,0.01783,0.02181,0.02621,0.10673,0.02169,0.01909,0.21647,0.01891,0.01553,0.02227,0.22278,0.03406,0.01620,0.01589,0.01843,0.01461,0.01661,0.02763
0.03061,0.12953,0.02328,0.02243,0.01887,0.11846,0.02451,0.02540,0.08169,0.01931,0.02183,0.02077,0.20764,0.12893,0.02057,0.01954,0.02662,0.01819,0.01517,0.02664
0.03403,0.14336,0.07354,0.02601,0.02607,0.14121,0.02333,0.02611,0.06328,0.02735,0.03649,0.02237,0.10078,0.05856,0.07914,0.03534,0.02341,0.01741,0.01809,0.02413
0.02475,0.14553,0.01351,0.02270,0.02526,0.13656,0.02100,0.02083,0.17285,0.01759,0.01530,0.01748,0.21149,0.05569,0.00906,0.01492,0.02299,0.01067,0.01136,0.03044
0.03218,0.16981,0.01974,0.02358,0.02157,0.15850,0.02426,0.02165,0.13536,0.02109,0.01437,0.02316,0.16728,0.04990,0.01758,0.01677,0.02148,0.01753,0.01588,0.02832
0.02590,0.10566,0.01747,0.02429,0.01970,0.11523,0.02936,0.02743,0.14607,0.02601,0.03004,0.02217,0.20666,0.07350,0.01207,0.02850,0.02173,0.01657,0.02248,0.02917
0.04291,0.13031,0.03648,0.02042,0.03647,0.15333,0.03212,0.02698,0.08758,0.03283,0.03821,0.02714,0.12903,0.05462,0.02267,0.04030,0.02009,0.02216,0.01826,0.02809
0.04217,0.13965,0.01566,0.02429,0.02433,0.13247,0.02374,0.02351,0.06874,0.02545,0.02597,0.02199,0.18506,0.12331,0.01266,0.02482,0.01983,0.01878,0.01410,0.03347
0.03601,0.06243,0.02095,0.02564,0.03357,0.05960,0.03156,0.03420,0.07115,0.02424,0.10347,0.02514,0.14605,0.09825,0.01778,0.10249,0.02601,0.02456,0.02818,0.02873
0.02810,0.13222,0.01761,0.02640,0.02377,0.12731,0.02255,0.02695,0.10826,0.02188,0.02965,0.02493,0.18958,0.09809,0.01375,0.02435,0.01891,0.01624,0.01748,0.03196
0.02900,0.09920,0.02670,0.02813,0.02673,0.10522,0.02351,0.02442,0.08137,0.02203,0.12112,0.02017,0.11666,0.05225,0.02028,0.12154,0.02447,0.01603,0.01595,0.02521
0.03008,0.09179,0.01307,0.01869,0.02459,0.09059,0.02655,0.01975,0.12527,0.01869,0.01489,0.02435,0.25402,0.14015,0.01123,0.01685,0.01928,0.01680,0.01618,0.02719
0.02314,0.13684,0.01519,0.02192,0.02202,0.13334,0.02107,0.02478,0.10692,0.02008,0.01870,0.02019,0.22155,0.11780,0.01130,0.01481,0.01781,0.01752,0.01318,0.02185
0.03335,0.16009,0.01241,0.02143,0.02095,0.16373,0.01999,0.03002,0.07787,0.02038,0.04708,0.02619,0.15500,0.07282,0.01124,0.05254,0.01923,0.01607,0.01402,0.02561
0.02361,0.10238,0.01280,0.01876,0.01661,0.09726,0.02026,0.01900,0.23673,0.02052,0.01478,0.02020,0.25920,0.04710,0.01060,0.01252,0.01737,0.01100,0.01828,0.02099
0.03464,0.09514,0.01898,0.02839,0.02129,0.10153,0.02803,0.02384,0.11262,0.03157,0.02918,0.02168,0.20975,0.11532,0.01662,0.01714,0.02392,0.02132,0.01808,0.03094
0.04583,0.08620,0.02547,0.03799,0.02938,0.08959,0.03034,0.03812,0.07254,0.02479,0.02664,0.03152,0.18290,0.12696,0.01735,0.02692,0.02736,0.02045,0.02448,0.03517
0.04124,0.11076,0.01739,0.03985,0.02878,0.10856,0.03116,0.02668,0.10498,0.03090,0.02356,0.02506,0.17920,0.09156,0.02041,0.01863,0.02946,0.01971,0.01579,0.03633
0.02866,0.07568,0.01474,0.02419,0.02106,0.08810,0.02724,0.02241,0.05788,0.02063,0.16582,0.02127,0.11474,0.07486,0.01500,0.15651,0.02052,0.01528,0.01402,0.02139
0.03154,0.14728,0.01586,0.02297,0.02239,0.14460,0.03058,0.02697,0.04121,0.02560,0.02646,0.02174,0.16968,0.14262,0.01510,0.02245,0.01909,0.02309,0.01467,0.03611
0.03148,0.14091,0.02041,0.02533,0.02272,0.14038,0.02884,0.02783,0.09142,0.02566,0.02089,0.02496,0.17798,0.09930,0.01667,0.01866,0.02009,0.01844,0.01634,0.03168
0.02995,0.13806,0.02104,0.02126,0.02628,0.13855,0.02578,0.02099,0.05121,0.01836,0.12931,0.02453,0.07492,0.04434,0.02185,0.12917,0.02146,0.01746,0.01916,0.02632
0.03193,0.10420,0.15375,0.02805,0.01732,0.10350,0.02329,0.02196,0.04557,0.02029,0.03691,0.02231,0.07444,0.04258,0.16228,0.03724,0.01945,0.01554,0.01719,0.02220
0.03854,0.10205,0.03870,0.04183,0.02394,0.10234,0.03893,0.02943,0.04652,0.02950,0.02563,0.02914,0.14876,0.12138,0.04271,0.02607,0.02509,0.02874,0.02397,0.03673
0.02750,0.12385,0.02276,0.03250,0.02908,0.14143,0.02541,0.03177,0.09057,0.02270,0.03667,0.02516,0.16850,0.09208,0.01406,0.02977,0.02500,0.01678,0.01742,0.02700
0.03187,0.12775,0.01461,0.02242,0.01867,0.12667,0.02309,0.02104,0.12852,0.01961,0.02075,0.02131,0.22796,0.10675,0.01331,0.01266,0.01382,0.01239,0.01362,0.02320
0.04412,0.17749,0.02374,0.02713,0.02690,0.17313,0.02731,0.02886,0.06963,0.02647,0.02669,0.02677,0.11339,0.05553,0.01685,0.03211,0.02430,0.02279,0.02121,0.03556
0.02561,0.10184,0.01489,0.02121,0.01989,0.10870,0.01937,0.02466,0.03824,0.02106,0.12843,0.02192,0.13351,0.10898,0.01321,0.12984,0.01968,0.01657,0.01163,0.02076
0.03733,0.16250,0.01598,0.02256,0.02824,0.17835,0.01950,0.02379,0.09421,0.02018,0.02787,0.01709,0.16026,0.07683,0.01221,0.01881,0.01755,0.02045,0.01785,0.02846
0.02945,0.16170,0.02382,0.02694,0.02503,0.17126,0.02240,0.03407,0.09729,0.02815,0.02472,0.02963,0.14069,0.06448,0.02211,0.01481,0.02014,0.01978,0.01801,0.02552
0.04217,0.14801,0.01362,0.02942,0.02064,0.14311,0.02592,0.02414,0.04363,0.02058,0.01579,0.01653,0.19033,0.15372,0.01019,0.01709,0.02122,0.01741,0.01653,0.02995
0.02847,0.09432,0.19847,0.02002,0.02292,0.08689,0.02656,0.02001,0.04161,0.01743,0.02555,0.02352,0.06353,0.04420,0.18640,0.02613,0.01886,0.01795,0.01374,0.02344
0.02505,0.17792,0.01479,0.02368,0.01655,0.18176,0.02489,0.02048,0.15943,0.01804,0.01611,0.01497,0.18257,0.03579,0.01306,0.01037,0.01317,0.01460,0.01374,0.02303
0.04336,0.14150,0.01705,0.03694,0.02405,0.15939,0.03835,0.03400,0.08496,0.02656,0.03523,0.02545,0.11434,0.05298,0.02074,0.03332,0.02447,0.02559,0.02576,0.03597
0.03430,0.08397,0.02610,0.03234,0.02874,0.09934,0.03237,0.02247,0.09849,0.02522,0.03355,0.02308,0.19381,0.12613,0.02125,0.02841,0.02230,0.01976,0.02219,0.02617
0.01952,0.06034,0.01264,0.02175,0.01452,0.06487,0.01980,0.01961,0.11007,0.01588,0.01399,0.01994,0.32241,0.21066,0.00700,0.01308,0.01416,0.01336,0.00864,0.01778
0.02436,0.23366,0.01224,0.02215,0.01830,0.22941,0.02239,0.01979,0.11640,0.01709,0.01795,0.01593,0.13239,0.02948,0.01101,0.01819,0.01289,0.01081,0.01440,0.02117
0.03472,0.09769,0.01527,0.02792,0.02954,0.10425,0.02715,0.03327,0.06863,0.02300,0.10939,0.03129,0.11653,0.06633,0.01061,0.11289,0.02263,0.02095,0.01969,0.02827
0.03035,0.11227,0.01645,0.02317,0.02376,0.10738,0.02422,0.02411,0.10510,0.02969,0.04409,0.01906,0.20651,0.10900,0.01136,0.04051,0.01957,0.01429,0.01341,0.02572
0.02044,0.10912,0.18019,0.01808,0.01206,0.10153,0.01363,0.01641,0.02932,0.01295,0.01625,0.01163,0.11946,0.10651,0.17062,0.01530,0.01045,0.01028,0.01054,0.01523
0.02682,0.13730,0.01453,0.03373,0.02421,0.16398,0.02600,0.02721,0.14769,0.02151,0.02817,0.02222,0.16331,0.03474,0.00943,0.02448,0.02301,0.01951,0.01775,0.03441
0.02767,0.17887,0.01420,0.02135,0.01716,0.17094,0.02106,0.02424,0.10846,0.01705,0.02743,0.02067,0.17568,0.07953,0.00771,0.02400,0.01375,0.01479,0.01435,0.02109
0.04265,0.08605,0.02038,0.02240,0.03067,0.09633,0.03047,0.02724,0.14447,0.02102,0.02609,0.02942,0.20800,0.07176,0.02271,0.02698,0.02510,0.01509,0.01974,0.03341
0.03314,0.13494,0.01974,0.02612,0.02782,0.12761,0.02790,0.02396,0.08847,0.02188,0.02070,0.02079,0.19113,0.11537,0.01614,0.01637,0.02431,0.01613,0.01634,0.03115
0.04401,0.10279,0.01987,0.03411,0.02562,0.09997,0.03018,0.03395,0.11471,0.02719,0.02237,0.03385,0.16593,0.07304,0.01349,0.02110,0.02923,0.02565,0.03355,0.04940
0.03323,0.12236,0.01797,0.03006,0.02831,0.13753,0.03325,0.02678,0.12999,0.02300,0.03136,0.01855,0.15984,0.05576,0.01675,0.02864,0.02802,0.02978,0.01898,0.02985
0.02751,0.21657,0.00982,0.02269,0.01979,0.22002,0.02322,0.02872,0.09082,0.01963,0.02812,0.01774,0.13182,0.04402,0.01141,0.01869,0.01695,0.01581,0.01158,0.02508
0.04517,0.11822,0.02332,0.03574,0.02928,0.10736,0.03208,0.03598,0.12324,0.02766,0.02302,0.02996,0.16655,0.06920,0.02136,0.01903,0.02405,0.02065,0.01789,0.03026
0.03234,0.15608,0.01645,0.02649,0.02223,0.15181,0.02654,0.02596,0.10222,0.02614,0.03462,0.02138,0.15000,0.06783,0.01614,0.02039,0.02546,0.02679,0.02227,0.02887
0.04323,0.21248,0.05146,0.02793,0.02142,0.19958,0.02503,0.02241,0.04379,0.02032,0.02293,0.01909,0.08000,0.04723,0.05266,0.02372,0.01662,0.01741,0.01995,0.03272
0.02739,0.14669,0.01263,0.02124,0.02000,0.14895,0.02430,0.02283,0.11422,0.02144,0.02053,0.01844,0.20256,0.10533,0.01058,0.01639,0.01600,0.01340,0.01400,0.02308
0.03742,0.11489,0.02026,0.02600,0.02266,0.11568,0.02714,0.02635,0.05476,0.02425,0.05057,0.02069,0.17691,0.12733,0.01488,0.05022,0.02497,0.01961,0.01719,0.02819
0.04053,0.22878,0.01160,0.02113,0.02556,0.22876,0.03520,0.02133,0.07838,0.01704,0.01528,0.01557,0.10578,0.04384,0.01071,0.01351,0.02085,0.01414,0.01588,0.03613
0.02744,0.08082,0.01572,0.02423,0.02228,0.07814,0.01800,0.02428,0.17986,0.01991,0.02218,0.02261,0.26800,0.08663,0.01363,0.01963,0.01785,0.01839,0.01386,0.02656
0.01678,0.11561,0.01078,0.01505,0.01655,0.09831,0.01672,0.01619,0.10038,0.01629,0.01894,0.01591,0.28220,0.18659,0.00748,0.01666,0.01163,0.01080,0.00828,0.01887
0.03210,0.07460,0.00778,0.02052,0.01944,0.06779,0.02427,0.02324,0.04153,0.01858,0.14761,0.02098,0.15093,0.12313,0.00879,0.15115,0.01517,0.01324,0.01869,0.02045
0.04277,0.07239,0.01765,0.03824,0.02150,0.09010,0.03038,0.02746,0.09991,0.02488,0.02193,0.02390,0.21627,0.12071,0.01419,0.01609,0.03270,0.02179,0.02765,0.03948
0.02617,0.16323,0.01483,0.02095,0.01882,0.15122,0.02135,0.02629,0.04275,0.01645,0.02467,0.01786,0.19952,0.15251,0.01174,0.02622,0.01286,0.01254,0.01172,0.02829
0.02035,0.08146,0.01478,0.01794,0.01519,0.08634,0.02127,0.01998,0.23776,0.02173,0.01699,0.01401,0.28350,0.05551,0.01364,0.01693,0.01478,0.01421,0.01351,0.02012
0.03400,0.16556,0.01658,0.02379,0.02332,0.17439,0.02265,0.02377,0.09677,0.01606,0.01404,0.01969,0.17487,0.09365,0.01693,0.01344,0.01944,0.01184,0.01565,0.02356
0.03268,0.14333,0.04335,0.02083,0.02373,0.14926,0.02535,0.02626,0.09339,0.02727,0.04231,0.02523,0.11945,0.05627,0.05156,0.03883,0.02097,0.01802,0.01773,0.02418
0.04046,0.18832,0.02225,0.02293,0.02282,0.19577,0.02765,0.02367,0.08578,0.02899,0.02228,0.02216,0.12263,0.04243,0.01542,0.02444,0.02654,0.01747,0.01756,0.03043
0.04283,0.07764,0.02649,0.03137,0.03090,0.07439,0.02576,0.02290,0.12680,0.02764,0.02599,0.02848,0.20551,0.10819,0.01616,0.02769,0.02358,0.02228,0.02292,0.03248
0.03430,0.15061,0.01981,0.02958,0.02547,0.15472,0.03105,0.02753,0.05388,0.02537,0.02620,0.02652,0.15461,0.11215,0.01714,0.02250,0.02303,0.02008,0.01772,0.02770
0.02363,0.05416,0.01524,0.02477,0.02227,0.05701,0.02091,0.01953,0.15265,0.01857,0.01451,0.02164,0.31118,0.15073,0.01245,0.01420,0.02069,0.01537,0.01307,0.01741
0.03320,0.08921,0.01448,0.02208,0.02246,0.09524,0.02679,0.02607,0.06305,0.02389,0.12251,0.01878,0.13711,0.08678,0.01380,0.12110,0.02131,0.01922,0.01581,0.02710
0.03583,0.16045,0.01261,0.02506,0.01592,0.16433,0.01941,0.02082,0.11675,0.02018,0.02491,0.02467,0.17958,0.07808,0.01001,0.02239,0.01721,0.01153,0.01315,0.02709
0.02731,0.09385,0.01099,0.01671,0.01941,0.10046,0.02121,0.01852,0.12376,0.01811,0.01333,0.01555,0.27528,0.15606,0.00714,0.01294,0.01741,0.01495,0.01211,0.02492
0.03873,0.18109,0.03429,0.02583,0.02711,0.17142,0.03332,0.02549,0.05525,0.02465,0.02224,0.02901,0.10655,0.07025,0.03778,0.02222,0.02440,0.02025,0.01859,0.03153
0.04529,0.11600,0.08330,0.02165,0.01901,0.10410,0.02780,0.02353,0.03845,0.02373,0.02029,0.02412,0.15008,0.12171,0.07590,0.02313,0.01854,0.01917,0.01854,0.02565
0.05118,0.19611,0.01865,0.02827,0.02445,0.19766,0.02378,0.02937,0.05216,0.02030,0.01953,0.02557,0.11143,0.06574,0.01438,0.01355,0.02196,0.02376,0.02310,0.03905
0.03296,0.13973,0.01783,0.02683,0.02144,0.12751,0.02569,0.02813,0.14170,0.02569,0.02432,0.02603,0.17118,0.06280,0.01574,0.02059,0.02359,0.02380,0.01573,0.02870
0.04856,0.10865,0.02834,0.03249,0.02832,0.10904,0.03954,0.03831,0.06992,0.03462,0.02406,0.02233,0.15966,0.12289,0.01317,0.02107,0.02107,0.02499,0.01973,0.03324
0.02321,0.10387,0.02277,0.02161,0.01629,0.10705,0.01916,0.01833,0.10413,0.02140,0.02440,0.01848,0.24407,0.14931,0.01510,0.01873,0.02185,0.01433,0.01305,0.02287
0.03906,0.15798,0.01300,0.02494,0.02135,0.16410,0.02453,0.02231,0.12859,0.01862,0.01507,0.01731,0.18808,0.07519,0.01001,0.01277,0.01467,0.01263,0.01389,0.02588
0.02295,0.15585,0.01083,0.01809,0.01611,0.13555,0.01559,0.01849,0.12835,0.01338,0.01490,0.01403,0.24226,0.12110,0.01093,0.01331,0.01241,0.00958,0.00942,0.01687
0.03707,0.14510,0.01344,0.03154,0.02378,0.16595,0.02814,0.02372,0.09965,0.02365,0.02400,0.02656,0.16195,0.06616,0.01144,0.02447,0.02185,0.02168,0.01880,0.03107
0.03677,0.10579,0.02119,0.02569,0.02486,0.10504,0.02930,0.02627,0.16812,0.02324,0.02481,0.02246,0.20364,0.04520,0.02058,0.02193,0.02633,0.02273,0.01493,0.03111
0.03511,0.13366,0.01257,0.02242,0.01824,0.13648,0.03055,0.02262,0.04179,0.02118,0.02415,0.01854,0.19617,0.16791,0.00984,0.02589,0.01906,0.01772,0.01838,0.02772
0.03513,0.19746,0.02662,0.01792,0.01729,0.19104,0.01889,0.02193,0.04177,0.01856,0.07619,0.01885,0.09079,0.06134,0.01995,0.07229,0.01604,0.01292,0.01808,0.02696
0.03267,0.15088,0.01830,0.02781,0.02578,0.14131,0.02412,0.02336,0.04673,0.02388,0.02689,0.02715,0.16478,0.13523,0.01175,0.02703,0.02292,0.02292,0.01604,0.03045
0.02815,0.12051,0.01308,0.02406,0.01822,0.12510,0.02078,0.02318,0.04617,0.01864,0.02004,0.01683,0.23505,0.19456,0.01166,0.01468,0.01717,0.01652,0.01297,0.02263
0.03083,0.08531,0.04420,0.03328,0.02667,0.09076,0.02973,0.03329,0.08379,0.02448,0.08601,0.02853,0.12684,0.06794,0.03589,0.06943,0.02488,0.02054,0.03008,0.02752
0.03833,0.21286,0.01244,0.02132,0.03231,0.20490,0.02443,0.02272,0.08077,0.02466,0.01605,0.01724,0.11625,0.05737,0.01060,0.01508,0.02109,0.01899,0.01476,0.03782
0.02976,0.11117,0.02357,0.02739,0.03157,0.11672,0.02992,0.02969,0.09110,0.02100,0.03472,0.02421,0.18468,0.10798,0.02139,0.02943,0.02202,0.02170,0.01388,0.02811
0.04352,0.10836,0.02499,0.03872,0.02690,0.09976,0.03368,0.03443,0.08091,0.03538,0.02494,0.03089,0.16713,0.10592,0.01613,0.02509,0.02417,0.02698,0.01867,0.03346
0.03206,0.16840,0.04499,0.02367,0.02014,0.15660,0.02311,0.02213,0.06492,0.02269,0.04107,0.01637,0.12353,0.06953,0.04539,0.04093,0.02382,0.01950,0.01478,0.02637
0.03279,0.20926,0.01479,0.02084,0.01675,0.21245,0.02002,0.02020,0.11055,0.01899,0.01527,0.01982,0.14449,0.04932,0.01163,0.01749,0.01384,0.01408,0.01340,0.02403
0.02546,0.14983,0.02091,0.02546,0.01816,0.15045,0.02016,0.01995,0.06760,0.01731,0.04252,0.02134,0.16161,0.11063,0.02138,0.04422,0.02543,0.01795,0.01899,0.02064
0.02915,0.14194,0.01387,0.02422,0.02574,0.13906,0.02729,0.02417,0.07617,0.02518,0.02461,0.02029,0.19587,0.12224,0.01613,0.02032,0.01954,0.01576,0.01420,0.02426
0.02745,0.07887,0.01563,0.02448,0.02103,0.08197,0.02170,0.01717,0.23688,0.02072,0.01842,0.01718,0.27558,0.04674,0.01355,0.01875,0.01693,0.01251,0.01353,0.02090
0.02906,0.13394,0.02479,0.02800,0.02763,0.12602,0.02494,0.02080,0.15032,0.02566,0.01340,0.02221,0.20240,0.05429,0.02282,0.01845,0.01888,0.01656,0.01309,0.02674
0.04051,0.17797,0.01664,0.02913,0.01865,0.18686,0.02918,0.02402,0.07234,0.03039,0.04047,0.02070,0.11651,0.06471,0.01218,0.02711,0.01999,0.02015,0.01755,0.03495
0.04411,0.15290,0.01851,0.02431,0.02561,0.15261,0.03245,0.02509,0.10753,0.02044,0.02188,0.02147,0.14776,0.05879,0.01642,0.02279,0.02490,0.02087,0.02391,0.03762
0.02107,0.09850,0.16629,0.02929,0.01979,0.10140,0.02000,0.02240,0.06896,0.02054,0.01850,0.02472,0.09844,0.04527,0.15349,0.02032,0.02014,0.01695,0.01477,0.01914
0.04149,0.16073,0.02548,0.02863,0.03219,0.16110,0.03421,0.02972,0.05586,0.02804,0.03722,0.03009,0.10621,0.06683,0.02392,0.04289,0.01718,0.02772,0.01920,0.03130
0.02535,0.06850,0.01939,0.01712,0.01877,0.07145,0.02442,0.01909,0.05067,0.02236,0.19700,0.02107,0.08888,0.05503,0.02021,0.20050,0.01862,0.01802,0.01860,0.02496
0.04098,0.17742,0.06348,0.02829,0.02322,0.16842,0.03222,0.02495,0.04846,0.02551,0.03948,0.02272,0.05743,0.02877,0.08289,0.03402,0.02264,0.02581,0.02591,0.02738
0.03036,0.10580,0.01571,0.02045,0.02756,0.09709,0.02312,0.02993,0.14928,0.02600,0.01933,0.02220,0.23163,0.08679,0.01358,0.01805,0.02008,0.01767,0.01506,0.03031
0.04299,0.17372,0.01616,0.02237,0.03179,0.18711,0.03119,0.02341,0.10958,0.02414,0.02656,0.02532,0.12605,0.03804,0.01116,0.02300,0.01924,0.02056,0.01610,0.03152
0.04692,0.13626,0.02119,0.02525,0.02338,0.13361,0.02260,0.02361,0.06121,0.02117,0.10206,0.02741,0.08823,0.04999,0.01374,0.10146,0.02450,0.02182,0.01832,0.03725
0.02930,0.11753,0.03214,0.03105,0.02528,0.11276,0.02331,0.02687,0.05782,0.02204,0.02470,0.02766,0.19127,0.14461,0.02561,0.02051,0.02470,0.01558,0.01719,0.03004
0.02797,0.14863,0.02188,0.02524,0.02060,0.14442,0.03149,0.02625,0.11510,0.02148,0.03691,0.02323,0.16056,0.06946,0.01547,0.03216,0.01609,0.01756,0.01996,0.02553
0.03387,0.14916,0.03885,0.02122,0.02292,0.14688,0.02504,0.02338,0.10532,0.02278,0.02491,0.02465,0.15091,0.06313,0.02193,0.02230,0.03310,0.01908,0.01800,0.03259
0.03528,0.12507,0.02809,0.03605,0.02970,0.12360,0.03538,0.03227,0.07486,0.02914,0.04032,0.02742,0.13568,0.09063,0.01473,0.03202,0.02832,0.02286,0.02003,0.03855
0.04540,0.15365,0.01775,0.03902,0.02866,0.16328,0.04743,0.03562,0.08788,0.02873,0.01860,0.02537,0.11159,0.04480,0.02361,0.02154,0.02257,0.02594,0.02259,0.03596
0.03900,0.09105,0.01569,0.02246,0.02846,0.09001,0.02434,0.02583,0.10854,0.02067,0.03091,0.01845,0.22358,0.13307,0.01048,0.03116,0.02382,0.01455,0.01657,0.03137
0.03100,0.06353,0.01236,0.02130,0.01648,0.06782,0.01842,0.02102,0.03764,0.01936,0.15902,0.01842,0.14922,0.13177,0.01532,0.14736,0.01882,0.01459,0.01638,0.02018
0.05562,0.15123,0.01466,0.03948,0.02579,0.14781,0.04419,0.03780,0.07286,0.02552,0.01831,0.02587,0.12089,0.06740,0.01641,0.01918,0.02215,0.02633,0.02512,0.04336
0.03289,0.12891,0.01863,0.02527,0.02176,0.12190,0.02685,0.02763,0.14385,0.02538,0.03387,0.02446,0.17782,0.05622,0.01934,0.03311,0.01794,0.01772,0.01957,0.02687
0.02178,0.22874,0.01444,0.01563,0.01803,0.22003,0.01857,0.01912,0.10530,0.01381,0.01518,0.01826,0.15389,0.06122,0.00828,0.01356,0.01241,0.00930,0.01059,0.02187
0.04094,0.15233,0.01357,0.02274,0.02738,0.14612,0.03126,0.02622,0.08755,0.02750,0.02193,0.01949,0.17443,0.09018,0.01579,0.01902,0.02194,0.01852,0.01352,0.02958
0.03795,0.16892,0.01517,0.02119,0.01978,0.16619,0.02240,0.02224,0.04134,0.02222,0.01794,0.01829,0.17464,0.13789,0.01407,0.01893,0.02290,0.01796,0.01317,0.02681
0.04200,0.19692,0.03400,0.03033,0.02017,0.21039,0.02934,0.02700,0.06838,0.02056,0.01746,0.02094,0.10765,0.04384,0.02507,0.01665,0.02225,0.02019,0.01649,0.03035
0.04778,0.07934,0.01691,0.03292,0.02761,0.07764,0.03941,0.02916,0.07090,0.02628,0.01329,0.02401,0.21489,0.15968,0.01218,0.01960,0.02757,0.02532,0.01518,0.04033
0.02188,0.18667,0.03050,0.01943,0.01629,0.18221,0.02036,0.02046,0.08255,0.01716,0.01555,0.01458,0.17286,0.10208,0.02648,0.01193,0.01521,0.01292,0.00896,0.02191
0.03462,0.17053,0.01504,0.02178,0.01748,0.16455,0.02796,0.02577,0.04188,0.02113,0.01869,0.01882,0.18312,0.14566,0.00755,0.01623,0.01301,0.01459,0.01484,0.02676
0.03806,0.08285,0.03798,0.02385,0.01938,0.08655,0.03613,0.03129,0.06032,0.03418,0.07539,0.02737,0.14690,0.10931,0.02694,0.06290,0.02170,0.02141,0.02696,0.03052
0.02023,0.08070,0.01092,0.01314,0.01522,0.07576,0.01618,0.01667,0.03208,0.01595,0.05742,0.01523,0.26534,0.23874,0.00985,0.06261,0.01703,0.01218,0.00987,0.01491
0.02768,0.14282,0.01423,0.02023,0.01767,0.13859,0.02280,0.01957,0.12618,0.01679,0.01781,0.01185,0.23219,0.10533,0.00971,0.01324,0.01944,0.01180,0.01248,0.01961
0.03180,0.20016,0.02028,0.02754,0.02245,0.18628,0.03008,0.02105,0.08266,0.02250,0.02376,0.01841,0.13544,0.06833,0.01578,0.01848,0.01693,0.01465,0.01655,0.02687
0.02765,0.13386,0.02445,0.03097,0.01740,0.14317,0.02714,0.02732,0.14924,0.02435,0.01542,0.02732,0.18255,0.03872,0.02792,0.01785,0.02078,0.01784,0.01806,0.02798
0.04456,0.10254,0.01401,0.02577,0.02930,0.10057,0.03305,0.02578,0.10257,0.02479,0.03912,0.02331,0.18521,0.09854,0.01366,0.03788,0.02488,0.02043,0.02055,0.03349
0.04861,0.12145,0.02160,0.04920,0.02637,0.13349,0.05510,0.03753,0.11685,0.02603,0.02214,0.02629,0.12779,0.03039,0.01881,0.02173,0.02536,0.02092,0.02626,0.04409
0.04955,0.18456,0.01941,0.03235,0.02425,0.17256,0.02942,0.02945,0.05337,0.02792,0.02130,0.02867,0.11199,0.07757,0.01422,0.02315,0.02020,0.02340,0.02052,0.03614
0.02272,0.06065,0.01728,0.02452,0.02343,0.07174,0.02437,0.02460,0.13350,0.02484,0.03776,0.02548,0.25720,0.12373,0.01111,0.03769,0.02209,0.01455,0.01975,0.02300
0.03046,0.16336,0.01274,0.01915,0.01561,0.17673,0.02060,0.02132,0.16365,0.01848,0.01997,0.02388,0.18244,0.03409,0.00999,0.01934,0.01779,0.01464,0.01383,0.02193
0.03077,0.21289,0.04270,0.02810,0.02496,0.19267,0.02681,0.02211,0.03816,0.02712,0.04132,0.02535,0.07141,0.05171,0.04639,0.03770,0.02083,0.01897,0.01555,0.02448
0.02577,0.24254,0.01121,0.01646,0.01772,0.23485,0.01560,0.01992,0.09104,0.01475,0.01388,0.01930,0.14119,0.06423,0.00673,0.01018,0.01147,0.01223,0.00994,0.02100
0.04482,0.11250,0.01791,0.04522,0.03066,0.11746,0.02927,0.02930,0.06725,0.02619,0.02152,0.02658,0.16204,0.10430,0.01713,0.02898,0.02721,0.02817,0.02487,0.03864
0.04487,0.13902,0.02733,0.03178,0.03351,0.12833,0.03669,0.03486,0.11543,0.03356,0.02295,0.03171,0.13327,0.04116,0.02453,0.02028,0.02265,0.02461,0.01926,0.03419
0.03200,0.17249,0.02029,0.02447,0.02074,0.18029,0.02836,0.02171,0.10687,0.02501,0.03233,0.02286,0.13783,0.04329,0.01878,0.02280,0.02047,0.02098,0.01830,0.03013
0.05819,0.14754,0.01117,0.03917,0.02660,0.15374,0.05186,0.03881,0.08746,0.02639,0.01302,0.02046,0.12024,0.06319,0.01325,0.01731,0.01660,0.02928,0.02068,0.04503
0.03825,0.12989,0.02705,0.02650,0.02210,0.11542,0.03286,0.02998,0.09154,0.02433,0.02703,0.02267,0.18267,0.10420,0.01383,0.02597,0.01732,0.01967,0.01802,0.03070
0.03658,0.25227,0.02444,0.02065,0.01762,0.25358,0.02587,0.02418,0.05785,0.01647,0.01894,0.02162,0.08482,0.03798,0.01608,0.01603,0.01785,0.01381,0.01478,0.02856
0.06162,0.17367,0.01410,0.04226,0.02120,0.17076,0.05840,0.04232,0.05260,0.02200,0.01457,0.01665,0.08958,0.06204,0.01177,0.01365,0.01633,0.02857,0.02802,0.05990
0.02552,0.16770,0.02057,0.02580,0.02520,0.17017,0.02983,0.02543,0.06983,0.02415,0.03022,0.02098,0.14013,0.08854,0.01280,0.03291,0.02343,0.02047,0.02116,0.02516
0.02837,0.08675,0.02011,0.02529,0.02677,0.09195,0.02770,0.02521,0.17945,0.03275,0.02229,0.02568,0.21939,0.05683,0.02135,0.01665,0.02422,0.01769,0.01703,0.03452
0.04613,0.15138,0.01845,0.02742,0.02497,0.14200,0.02972,0.02733,0.03849,0.02771,0.04324,0.02306,0.14769,0.12063,0.01384,0.03565,0.02273,0.01600,0.01363,0.02993
0.02422,0.14205,0.00859,0.01486,0.01537,0.13860,0.01960,0.01657,0.15160,0.01401,0.01179,0.01547,0.25193,0.10807,0.00797,0.00939,0.01157,0.01135,0.00912,0.01787
0.03118,0.09605,0.09563,0.02571,0.02236,0.10018,0.02165,0.01955,0.05980,0.02123,0.02903,0.02295,0.15425,0.11196,0.08256,0.02643,0.02429,0.01483,0.01406,0.02632
0.04424,0.16058,0.01954,0.02385,0.01998,0.16921,0.02569,0.02754,0.06411,0.01400,0.01380,0.01838,0.16272,0.10566,0.01630,0.01192,0.02172,0.02122,0.02444,0.03512
0.02941,0.14757,0.01693,0.02411,0.01673,0.15457,0.02638,0.02115,0.11009,0.02302,0.02038,0.02229,0.18392,0.08787,0.01723,0.01403,0.02098,0.01804,0.01457,0.03074
0.03432,0.17787,0.02064,0.03403,0.02970,0.19561,0.02853,0.02217,0.07122,0.02488,0.02929,0.02586,0.11166,0.06166,0.01487,0.02836,0.01991,0.02279,0.01860,0.02803
0.04654,0.09087,0.02392,0.03592,0.03570,0.09026,0.03405,0.03434,0.10983,0.02528,0.01753,0.02955,0.18098,0.09226,0.01814,0.02592,0.02692,0.02030,0.02373,0.03794
0.02674,0.07268,0.02450,0.02044,0.01999,0.07760,0.03073,0.02634,0.15740,0.02944,0.04433,0.02235,0.21293,0.06791,0.02691,0.04169,0.02704,0.02627,0.02073,0.02396
0.03213,0.20125,0.01071,0.02026,0.01692,0.19251,0.02414,0.02145,0.06184,0.01677,0.01312,0.01707,0.16710,0.11476,0.01039,0.01305,0.01502,0.01367,0.01410,0.02373
0.04422,0.09118,0.01783,0.03015,0.03130,0.10230,0.02857,0.03451,0.14035,0.03322,0.02122,0.03220,0.18043,0.06002,0.01721,0.02682,0.02489,0.02325,0.02575,0.03458
0.04683,0.09051,0.03067,0.02686,0.02678,0.07974,0.02836,0.02213,0.05965,0.02563,0.05637,0.02875,0.17489,0.12110,0.02824,0.06055,0.02337,0.02047,0.01716,0.03196
0.03307,0.10658,0.01262,0.03105,0.03001,0.10366,0.02230,0.01926,0.16959,0.02023,0.03642,0.03093,0.19868,0.04151,0.01230,0.04351,0.02193,0.01942,0.02057,0.02636
0.03610,0.08561,0.02951,0.03250,0.02414,0.09148,0.02921,0.02440,0.13109,0.02890,0.03871,0.02521,0.19456,0.07484,0.02044,0.04007,0.02134,0.02184,0.01575,0.03430
0.02425,0.07516,0.01249,0.02221,0.01473,0.07088,0.01902,0.01892,0.07336,0.02097,0.02116,0.01667,0.28600,0.22283,0.00739,0.02593,0.01249,0.01689,0.01527,0.02338
0.04335,0.07911,0.03801,0.03506,0.04053,0.08446,0.03595,0.03316,0.07689,0.03208,0.05189,0.02432,0.14369,0.09602,0.02630,0.04472,0.02907,0.02315,0.02724,0.03500
0.04728,0.14455,0.02677,0.02351,0.03407,0.13565,0.02932,0.02568,0.09661,0.02818,0.03216,0.02127,0.13375,0.05789,0.01586,0.03791,0.02740,0.01876,0.01954,0.04383
0.03020,0.13531,0.02133,0.02555,0.02393,0.14176,0.02213,0.02567,0.03884,0.01849,0.12645,0.02036,0.08624,0.06292,0.01632,0.12394,0.02184,0.01547,0.01658,0.02669
0.02829,0.10064,0.08863,0.02464,0.02078,0.08713,0.02263,0.02372,0.05510,0.01927,0.03420,0.01920,0.16664,0.12318,0.08464,0.02431,0.02007,0.01820,0.01330,0.02543
0.04185,0.10913,0.02016,0.03227,0.02891,0.10689,0.02752,0.02814,0.16045,0.02512,0.02376,0.03005,0.18381,0.04035,0.01475,0.02409,0.02202,0.02040,0.01829,0.04203
0.02690,0.13102,0.01449,0.02205,0.02397,0.12437,0.02151,0.01884,0.21906,0.01675,0.01873,0.02003,0.22597,0.02629,0.01196,0.01777,0.01480,0.01064,0.01262,0.02225
0.04894,0.13780,0.03211,0.02318,0.02676,0.12605,0.03076,0.03143,0.03419,0.02804,0.06612,0.02874,0.11017,0.09015,0.03168,0.06177,0.02162,0.02078,0.02261,0.02710
0.03077,0.07825,0.05608,0.02501,0.02149,0.07943,0.02900,0.02460,0.07463,0.02423,0.03473,0.02355,0.18208,0.12761,0.06402,0.03522,0.02345,0.01909,0.02022,0.02654
0.02635,0.13971,0.01912,0.02322,0.02344,0.13255,0.02151,0.02157,0.09637,0.01798,0.02412,0.01605,0.21308,0.12028,0.01390,0.02052,0.01906,0.01410,0.01402,0.02306
0.05725,0.14770,0.01748,0.03708,0.02658,0.14287,0.04294,0.03090,0.08893,0.02899,0.02922,0.02655,0.10399,0.04660,0.01364,0.03049,0.02972,0.02979,0.03000,0.03928
0.03822,0.15119,0.02930,0.03464,0.03022,0.15830,0.02989,0.02835,0.06492,0.02429,0.02957,0.02345,0.13203,0.09075,0.02085,0.02615,0.02251,0.01732,0.01579,0.03223
0.02926,0.21067,0.01368,0.01933,0.01920,0.20554,0.01939,0.01942,0.09110,0.01601,0.01738,0.02265,0.16026,0.06242,0.01033,0.01389,0.01330,0.01488,0.01225,0.02904
0.04370,0.18498,0.01895,0.02945,0.02500,0.18081,0.03442,0.03261,0.07487,0.02514,0.01688,0.03262,0.10279,0.04527,0.02001,0.01538,0.02778,0.02845,0.01963,0.04126
0.03077,0.10393,0.02026,0.01979,0.01930,0.09637,0.02518,0.02680,0.03185,0.02099,0.19670,0.02104,0.05419,0.03981,0.02039,0.19667,0.01808,0.01562,0.01807,0.02419
0.04247,0.08164,0.02235,0.03957,0.02566,0.08469,0.03721,0.03020,0.14963,0.03120,0.01945,0.03499,0.18890,0.06035,0.02722,0.02024,0.02675,0.02491,0.02016,0.03240
0.03994,0.13708,0.01516,0.02752,0.02485,0.13130,0.02534,0.03041,0.04531,0.02647,0.09238,0.02635,0.10452,0.07627,0.01267,0.09076,0.01975,0.01938,0.01898,0.03554
0.04280,0.16789,0.02183,0.03015,0.03168,0.16984,0.02747,0.03647,0.04822,0.02459,0.02468,0.02498,0.11818,0.08580,0.01730,0.02154,0.02619,0.02837,0.02006,0.03198
0.03421,0.11679,0.01902,0.02038,0.02117,0.11236,0.02758,0.02601,0.06381,0.02598,0.02985,0.02031,0.20028,0.16278,0.01571,0.02543,0.02305,0.01506,0.01596,0.02427
0.03999,0.11723,0.01476,0.01950,0.01700,0.11496,0.02591,0.02286,0.11199,0.01689,0.01582,0.01544,0.22833,0.13206,0.01344,0.01634,0.01955,0.01668,0.01410,0.02714
0.03453,0.11401,0.02076,0.02364,0.01736,0.10884,0.02487,0.02690,0.08873,0.02537,0.02636,0.02266,0.20617,0.12862,0.01351,0.03310,0.01881,0.01676,0.01911,0.02989
0.05598,0.16481,0.01721,0.03190,0.02258,0.16283,0.04578,0.03323,0.05875,0.02498,0.02515,0.02301,0.11496,0.07040,0.01722,0.02593,0.02073,0.02539,0.02194,0.03723
