0.00000,0.00000,0.00000,0.00000,0.00000,0.00000,0.00000,0.00000,0.00001,0.00019,0.00000,0.00000,0.00000,0.00000,0.00000,0.00000,0.00000,0.00000,0.00313,0.00000,0.00000,0.00198,0.00075,0.00887,0.01553,0.00329,0.96369,0.00255
0.00000,0.00000,0.00000,0.00000,0.00000,0.00000,0.00000,0.00264,0.00000,0.00000,0.00000,0.00000,0.00000,0.00000,0.00000,0.00000,0.00000,0.00000,0.00001,0.00946,0.00000,0.01881,0.56013,0.03112,0.15318,0.07435,0.14982,0.00049
0.00000,0.00000,0.00000,0.00000,0.00000,0.00000,0.00000,0.07330,0.00000,0.00000,0.00000,0.00000,0.00000,0.00000,0.00000,0.00000,0.00000,0.00000,0.00019,0.01893,0.00000,0.00030,0.00000,0.00516,0.35712,0.11752,0.21774,0.20973
0.00000,0.00000,0.00000,0.00000,0.00000,0.00000,0.00000,0.04942,0.00000,0.00000,0.00000,0.00000,0.00000,0.00000,0.00000,0.00000,0.00000,0.00000,0.00000,0.14707,0.00001,0.48032,0.00438,0.09130,0.00237,0.16692,0.05822,0.00000
0.00000,0.00000,0.00000,0.00000,0.00000,0.00000,0.01017,0.02124,0.00000,0.00000,0.00000,0.00000,0.00000,0.00000,0.00000,0.00000,0.00000,0.00000,0.07984,0.00264,0.14051,0.04128,0.00117,0.00049,0.42462,0.15045,0.12737,0.00024
0.00000,0.00000,0.00000,0.00000,0.00000,0.00000,0.00000,0.00000,0.00000,0.00000,0.00000,0.00000,0.00000,0.00000,0.00000,0.00000,0.00000,0.00000,0.00000,0.00103,0.00000,0.02957,0.01581,0.00000,0.00000,0.93083,0.02243,0.00033
0.00000,0.22304,0.00000,0.00000,0.00000,0.00000,0.00000,0.00000,0.00000,0.00000,0.00000,0.00000,0.00000,0.00000,0.00000,0.00000,0.00000,0.00000,0.01774,0.00000,0.00002,0.00624,0.00331,0.00013,0.02744,0.38962,0.33246,0.00000
0.00000,0.00000,0.00000,0.00000,0.00000,0.00000,0.00000,0.00000,0.00000,0.00000,0.00000,0.00000,0.00000,0.00000,0.00114,0.00002,0.00000,0.00000,0.17604,0.00000,0.00026,0.00000,0.04449,0.02768,0.05408,0.46581,0.23036,0.00012
0.00000,0.00000,0.00000,0.00000,0.00000,0.01135,0.00000,0.00000,0.00000,0.00000,0.00000,0.00000,0.00000,0.00000,0.00000,0.00000,0.00000,0.00000,0.00027,0.00320,0.00078,0.14366,0.18108,0.00000,0.33213,0.22679,0.10072,0.00000
0.00000,0.00000,0.00000,0.00000,0.00000,0.00000,0.00000,0.00000,0.00000,0.00000,0.00000,0.00000,0.00000,0.00000,0.00000,0.07889,0.00000,0.00000,0.00041,0.00013,0.00006,0.49380,0.00332,0.01511,0.24906,0.02714,0.13195,0.00015
0.00000,0.00000,0.00000,0.00000,0.00000,0.00000,0.00000,0.00000,0.00000,0.00000,0.00000,0.00000,0.00000,0.00000,0.00000,0.02900,0.00000,0.00000,0.00000,0.01590,0.00000,0.01423,0.00022,0.00233,0.07180,0.01274,0.85376,0.00001
0.00000,0.00000,0.00000,0.00000,0.00000,0.00000,0.00000,0.00000,0.00000,0.00000,0.00000,0.00000,0.00000,0.00000,0.00000,0.00003,0.00000,0.00000,0.00002,0.00000,0.32577,0.06376,0.03131,0.30056,0.19074,0.05140,0.03641,0.00000
0.00000,0.00000,0.00000,0.00000,0.00000,0.00893,0.00000,0.00000,0.00000,0.00000,0.00000,0.00000,0.00000,0.00000,0.00000,0.00000,0.00000,0.00000,0.00403,0.16254,0.00000,0.01918,0.08558,0.00000,0.00948,0.60011,0.11014,0.00000
0.00000,0.00000,0.00000,0.00000,0.00000,0.00000,0.00000,0.00000,0.00000,0.00000,0.00000,0.00000,0.00000,0.00000,0.00000,0.00001,0.00000,0.00000,0.16612,0.00000,0.00000,0.08999,0.65640,0.00008,0.08093,0.00057,0.00071,0.00519
0.00000,0.00000,0.00000,0.00000,0.00000,0.00000,0.00000,0.00000,0.00000,0.00000,0.00000,0.05767,0.00000,0.00000,0.00000,0.00000,0.00000,0.00000,0.00000,0.14098,0.00040,0.16094,0.03124,0.00000,0.55428,0.02352,0.02804,0.00293
0.00000,0.00000,0.00000,0.00000,0.00000,0.00000,0.00000,0.00000,0.00000,0.00000,0.00000,0.00000,0.00000,0.00000,0.00000,0.00000,0.00000,0.00000,0.08435,0.04338,0.00000,0.19623,0.02280,0.02220,0.13203,0.08731,0.00973,0.40197
0.00000,0.00000,0.00000,0.00000,0.00000,0.00000,0.00000,0.00000,0.00000,0.00000,0.00000,0.00328,0.00000,0.00000,0.00000,0.00000,0.00000,0.00000,0.00000,0.00000,0.54366,0.00383,0.07537,0.00000,0.08177,0.00684,0.28036,0.00489
0.00000,0.00000,0.00000,0.00000,0.00000,0.00000,0.00000,0.00000,0.00000,0.00000,0.00000,0.00000,0.00000,0.00000,0.00000,0.00000,0.00000,0.00000,0.00030,0.14636,0.00003,0.00738,0.00196,0.00445,0.37752,0.02976,0.43223,0.00000
0.00000,0.00000,0.00000,0.00000,0.00000,0.00000,0.00000,0.00000,0.00000,0.00000,0.00000,0.00000,0.00000,0.02155,0.00000,0.00000,0.00000,0.00000,0.00001,0.01532,0.07001,0.00163,0.00078,0.19915,0.59332,0.05672,0.04001,0.00150
0.00000,0.00000,0.00000,0.00000,0.00000,0.00000,0.00000,0.00000,0.00000,0.00000,0.00000,0.00915,0.00000,0.00000,0.00000,0.00000,0.00000,0.00000,0.00021,0.27450,0.00404,0.00869,0.38296,0.00000,0.29196,0.02132,0.00468,0.00248
0.00000,0.00000,0.00000,0.00000,0.00000,0.00000,0.12945,0.00001,0.00000,0.00000,0.00000,0.00000,0.00000,0.00000,0.00000,0.00000,0.00000,0.00000,0.01570,0.26385,0.00069,0.00020,0.01552,0.00000,0.01730,0.53425,0.00525,0.01778
0.00000,0.00000,0.00000,0.00000,0.00000,0.00000,0.00000,0.00000,0.00000,0.00768,0.00000,0.00000,0.00000,0.00000,0.00000,0.00000,0.00000,0.00000,0.00041,0.00087,0.00000,0.00382,0.00510,0.16728,0.41015,0.15478,0.23119,0.01871
0.00000,0.00000,0.00000,0.00000,0.00000,0.35031,0.00000,0.00000,0.00000,0.00000,0.00000,0.00000,0.00000,0.00000,0.00000,0.00000,0.00000,0.00000,0.00000,0.00000,0.00000,0.02797,0.00863,0.02018,0.43859,0.07779,0.07653,0.00000
0.00000,0.00000,0.00000,0.00000,0.00000,0.00000,0.00000,0.00000,0.00000,0.00000,0.00000,0.00000,0.00000,0.00000,0.00000,0.00000,0.00000,0.00000,0.00087,0.00079,0.00000,0.49192,0.19689,0.00138,0.17707,0.12195,0.00124,0.00789
0.00000,0.00000,0.00000,0.00000,0.00000,0.00000,0.00000,0.11502,0.00000,0.00000,0.00000,0.00000,0.00000,0.00000,0.00000,0.00000,0.00000,0.00000,0.00742,0.00031,0.00000,0.47119,0.05866,0.12097,0.03014,0.06312,0.13222,0.00096
0.00000,0.00000,0.00000,0.00000,0.00000,0.00000,0.00000,0.00000,0.00000,0.00000,0.00000,0.00000,0.00004,0.00000,0.00000,0.00000,0.00000,0.00000,0.23897,0.00523,0.02999,0.00005,0.05865,0.12994,0.03247,0.10653,0.39813,0.00000
0.00000,0.00000,0.00000,0.00000,0.00000,0.00000,0.00000,0.00000,0.00000,0.00000,0.00000,0.00000,0.00000,0.00000,0.00000,0.00000,0.00000,0.00914,0.10896,0.00003,0.00000,0.05155,0.57782,0.17572,0.03204,0.02138,0.02335,0.00000
0.00000,0.00000,0.00000,0.00000,0.00000,0.00000,0.00000,0.00000,0.00000,0.01820,0.00000,0.00000,0.00000,0.00000,0.00000,0.00000,0.00000,0.00000,0.00015,0.00842,0.00312,0.40495,0.00021,0.00001,0.00884,0.11035,0.10628,0.33948
0.00000,0.00000,0.00000,0.00000,0.00000,0.04446,0.00000,0.00000,0.00000,0.00000,0.00000,0.00000,0.00000,0.00000,0.00000,0.00000,0.00000,0.00000,0.64636,0.00000,0.00000,0.14669,0.00001,0.00731,0.03111,0.00000,0.12368,0.00038
0.00000,0.00000,0.00000,0.00000,0.00000,0.00000,0.00000,0.00000,0.00000,0.00000,0.00000,0.00230,0.00000,0.00000,0.00000,0.00000,0.00000,0.00000,0.00000,0.09033,0.00000,0.47187,0.00227,0.03014,0.15075,0.01839,0.17943,0.05453
0.00000,0.00000,0.00000,0.00000,0.00000,0.00000,0.00000,0.00000,0.00000,0.00000,0.00056,0.06146,0.00000,0.00000,0.00000,0.00000,0.00000,0.00000,0.01720,0.02605,0.00000,0.00792,0.00213,0.00008,0.00883,0.14656,0.72919,0.00000
0.00000,0.00000,0.00000,0.03314,0.00000,0.00000,0.00000,0.00000,0.00000,0.00000,0.00000,0.00000,0.00000,0.00000,0.00000,0.00000,0.00000,0.00000,0.16699,0.00499,0.07618,0.26795,0.01382,0.00000,0.16342,0.24530,0.02822,0.00000
0.00000,0.00000,0.00000,0.00000,0.00000,0.00000,0.00000,0.00000,0.00000,0.00000,0.00000,0.00000,0.00000,0.00000,0.00000,0.00000,0.00000,0.09400,0.00000,0.34741,0.00000,0.00296,0.01056,0.00015,0.24208,0.28938,0.01346,0.00000
0.00000,0.00000,0.00000,0.07983,0.00000,0.00000,0.00000,0.00000,0.00000,0.00000,0.00000,0.00000,0.00000,0.00000,0.00000,0.00000,0.00000,0.00000,0.00112,0.12963,0.00000,0.21351,0.00016,0.00001,0.18496,0.01410,0.37667,0.00000
0.00000,0.00000,0.00000,0.00000,0.00000,0.00000,0.00000,0.00000,0.00000,0.00000,0.00000,0.00000,0.00000,0.00007,0.00000,0.00000,0.00000,0.00000,0.04677,0.01354,0.00000,0.07834,0.23593,0.00786,0.23363,0.31940,0.02704,0.03741
0.00000,0.00000,0.00000,0.00000,0.00019,0.34023,0.00000,0.00000,0.00000,0.00000,0.00000,0.00000,0.00000,0.00000,0.00000,0.00000,0.00000,0.00000,0.00001,0.01386,0.00009,0.03486,0.08584,0.00019,0.43057,0.06083,0.03332,0.00002
0.00000,0.00000,0.00000,0.00000,0.00000,0.00000,0.00000,0.00000,0.00000,0.00000,0.00000,0.00000,0.00000,0.00106,0.00000,0.00000,0.00000,0.00000,0.00001,0.06290,0.00067,0.26673,0.29882,0.05330,0.02127,0.28552,0.00972,0.00000
0.00000,0.00000,0.00000,0.00000,0.00000,0.00000,0.00000,0.00000,0.00000,0.00000,0.00000,0.00000,0.00000,0.00000,0.00000,0.59962,0.00000,0.00000,0.00000,0.01445,0.00000,0.02641,0.04315,0.00000,0.05650,0.06517,0.19471,0.00000
0.00000,0.00000,0.00000,0.00000,0.00000,0.01546,0.00000,0.00000,0.00000,0.00000,0.00000,0.00000,0.00000,0.00000,0.00000,0.00000,0.00000,0.00000,0.00197,0.05019,0.03300,0.02238,0.00059,0.00738,0.01590,0.38920,0.27577,0.18817
0.00000,0.00000,0.00000,0.00000,0.00000,0.00002,0.00000,0.00000,0.00000,0.00000,0.00000,0.00000,0.00000,0.00000,0.00000,0.00000,0.00000,0.00000,0.00000,0.00000,0.00001,0.00542,0.21668,0.00010,0.62206,0.11160,0.04412,0.00000
0.00000,0.00000,0.00000,0.00000,0.00000,0.00000,0.00000,0.00000,0.00000,0.00000,0.00000,0.00000,0.00000,0.00000,0.00000,0.00000,0.00000,0.00142,0.00006,0.00000,0.00000,0.56508,0.00316,0.00130,0.03023,0.08082,0.29980,0.01811
0.00000,0.00000,0.00000,0.00000,0.00000,0.00000,0.00000,0.00000,0.00000,0.00000,0.00000,0.00000,0.00000,0.00000,0.00000,0.00000,0.00000,0.00000,0.02439,0.58807,0.00000,0.01433,0.00219,0.00000,0.04890,0.13660,0.18552,0.00000
0.00000,0.00000,0.00000,0.00000,0.00000,0.00000,0.00000,0.00000,0.00000,0.00000,0.00000,0.29623,0.00000,0.00000,0.00000,0.00000,0.00000,0.00000,0.00010,0.00000,0.00000,0.15857,0.00015,0.01992,0.00585,0.31877,0.19986,0.00054
0.00000,0.00000,0.00000,0.00000,0.00000,0.00000,0.00000,0.00000,0.00000,0.00000,0.00000,0.00000,0.00000,0.00000,0.00000,0.00000,0.00000,0.00000,0.00001,0.00222,0.00002,0.00327,0.05510,0.06416,0.36257,0.22903,0.28302,0.00060
0.00000,0.00000,0.00000,0.00000,0.00000,0.00000,0.00000,0.00000,0.00000,0.00000,0.00000,0.00000,0.00000,0.00000,0.00000,0.00000,0.00000,0.00000,0.00000,0.04616,0.00300,0.05556,0.54068,0.00078,0.23342,0.03714,0.00053,0.08273
0.00000,0.00000,0.00000,0.00000,0.00000,0.00000,0.00000,0.00000,0.00000,0.00000,0.00000,0.00000,0.00000,0.00000,0.00000,0.00000,0.00000,0.13297,0.08383,0.00333,0.00000,0.05275,0.00003,0.22714,0.07494,0.13381,0.29121,0.00000
0.00000,0.00000,0.00000,0.00000,0.00000,0.00000,0.00000,0.00000,0.00000,0.00030,0.00000,0.00000,0.00000,0.00000,0.00000,0.00000,0.00000,0.00000,0.00263,0.16084,0.00003,0.07954,0.05668,0.21926,0.03442,0.05073,0.39552,0.00006
0.00000,0.00000,0.00000,0.00000,0.00000,0.00000,0.00000,0.00000,0.00000,0.00000,0.00000,0.00000,0.00000,0.00000,0.00000,0.00000,0.00000,0.09698,0.03554,0.00002,0.00000,0.36496,0.00000,0.05215,0.27172,0.12604,0.05259,0.00000
0.00000,0.00000,0.00000,0.04424,0.00000,0.00000,0.00000,0.00000,0.00000,0.00000,0.00000,0.00000,0.00000,0.00000,0.00000,0.00000,0.00000,0.00000,0.00000,0.00000,0.00000,0.01290,0.05159,0.00614,0.00783,0.25034,0.48552,0.14143
0.00000,0.00000,0.00000,0.00000,0.00000,0.00000,0.00000,0.00000,0.00000,0.00377,0.00000,0.00000,0.00000,0.00000,0.00000,0.00000,0.00000,0.00000,0.01242,0.05218,0.00000,0.06481,0.00479,0.08842,0.02279,0.32068,0.36686,0.06327
0.00000,0.00000,0.00000,0.00000,0.00000,0.00000,0.00000,0.00000,0.00000,0.00000,0.00000,0.00000,0.00000,0.00000,0.00000,0.00000,0.00000,0.02973,0.00676,0.00028,0.00000,0.00000,0.01263,0.00048,0.21916,0.41914,0.31042,0.00139
0.00000,0.00000,0.00000,0.00000,0.00000,0.00000,0.00000,0.00000,0.00000,0.00000,0.00000,0.00000,0.00000,0.04537,0.00000,0.00000,0.00000,0.00000,0.00776,0.02907,0.00085,0.17731,0.03910,0.00025,0.09545,0.55714,0.04771,0.00000
0.00000,0.00000,0.00000,0.00000,0.00000,0.06422,0.00000,0.00000,0.00000,0.00000,0.00000,0.00000,0.00000,0.00000,0.00000,0.00000,0.00000,0.00000,0.10025,0.02390,0.00000,0.01218,0.00007,0.00000,0.02038,0.40531,0.35321,0.02048
0.00000,0.00000,0.00000,0.00000,0.00000,0.00000,0.00000,0.00000,0.00000,0.00000,0.00000,0.00000,0.00000,0.00000,0.00000,0.00000,0.00000,0.00000,0.00000,0.00041,0.00529,0.07380,0.12656,0.06435,0.02564,0.69577,0.00074,0.00745
0.00000,0.00000,0.00000,0.00000,0.00000,0.00000,0.00000,0.00000,0.00000,0.00000,0.00000,0.00000,0.00000,0.00000,0.00000,0.00000,0.00000,0.00000,0.00000,0.00035,0.00003,0.00000,0.00004,0.14810,0.02172,0.42151,0.40823,0.00000
0.00000,0.00000,0.00000,0.00000,0.00000,0.00000,0.00000,0.00000,0.00000,0.00648,0.00000,0.00000,0.00000,0.00000,0.00000,0.00000,0.00000,0.00000,0.00000,0.00009,0.00000,0.01527,0.00133,0.49640,0.47902,0.00131,0.00011,0.00000
0.00000,0.00000,0.00000,0.00000,0.00000,0.00000,0.00000,0.00000,0.00000,0.00688,0.00000,0.00000,0.00000,0.00000,0.00000,0.00000,0.00000,0.00000,0.03056,0.00030,0.00686,0.23769,0.08925,0.19767,0.40168,0.01901,0.01009,0.00000
0.00000,0.00000,0.00000,0.00000,0.00000,0.00000,0.00000,0.00000,0.00000,0.00000,0.00000,0.00000,0.00000,0.00000,0.00000,0.02914,0.00000,0.00000,0.06273,0.00000,0.00000,0.01199,0.02105,0.00002,0.50546,0.08557,0.27763,0.00643
0.00000,0.00000,0.00000,0.00000,0.00000,0.00000,0.00000,0.00000,0.00000,0.00000,0.00000,0.00013,0.00000,0.00000,0.00000,0.00000,0.00000,0.00000,0.00001,0.01056,0.00000,0.00010,0.41553,0.01194,0.02794,0.47272,0.04296,0.01811
0.00000,0.00000,0.00000,0.00000,0.00000,0.00000,0.00000,0.00031,0.00000,0.00000,0.00000,0.00000,0.00000,0.00000,0.00000,0.00000,0.00000,0.00000,0.00000,0.00000,0.00738,0.05806,0.01175,0.00307,0.81678,0.00195,0.10070,0.00000
0.00000,0.00000,0.00000,0.00000,0.00000,0.00000,0.00000,0.00000,0.00000,0.00000,0.00000,0.00005,0.00000,0.00000,0.00000,0.00000,0.00000,0.00000,0.00207,0.14714,0.00006,0.00106,0.00003,0.00000,0.02913,0.22894,0.59152,0.00000
0.00000,0.00000,0.00000,0.00000,0.00000,0.00000,0.00000,0.00000,0.00000,0.00000,0.00000,0.00000,0.00000,0.00021,0.00000,0.00000,0.00000,0.00000,0.00010,0.02844,0.00000,0.59231,0.01155,0.00006,0.10208,0.01850,0.12864,0.11811
0.00000,0.00000,0.00000,0.00000,0.00000,0.21560,0.00000,0.00000,0.00000,0.00000,0.00000,0.00000,0.00000,0.00000,0.00000,0.00000,0.00000,0.00000,0.08769,0.00002,0.00000,0.01110,0.30829,0.01918,0.13052,0.22543,0.00217,0.00000
0.00000,0.00000,0.00000,0.00000,0.00000,0.00000,0.00000,0.00000,0.00000,0.01286,0.00000,0.00000,0.00000,0.00000,0.00000,0.00000,0.00000,0.00000,0.00000,0.00000,0.00000,0.00003,0.07621,0.00003,0.08563,0.76412,0.06107,0.00004
0.00000,0.00000,0.00000,0.00000,0.00000,0.02503,0.00000,0.00000,0.00000,0.00000,0.00000,0.00000,0.00000,0.00000,0.00000,0.00000,0.00000,0.00000,0.00002,0.04720,0.00000,0.07629,0.00942,0.00005,0.42170,0.32208,0.09801,0.00021
0.00000,0.00000,0.00000,0.00000,0.00000,0.00000,0.00000,0.02513,0.00000,0.00000,0.00000,0.00000,0.00000,0.00000,0.00000,0.00000,0.00000,0.00000,0.20069,0.00221,0.00481,0.00001,0.06118,0.09284,0.36056,0.24338,0.00919,0.00000
0.00000,0.00000,0.00000,0.00000,0.00000,0.00000,0.00000,0.00000,0.00000,0.00000,0.00000,0.00000,0.00000,0.00000,0.00000,0.00201,0.00000,0.00000,0.13657,0.25887,0.01499,0.00010,0.14931,0.00008,0.21061,0.19027,0.01454,0.02267
0.00000,0.00000,0.00000,0.00000,0.00000,0.00000,0.00000,0.00000,0.00000,0.12473,0.00000,0.00000,0.00000,0.00000,0.00000,0.00000,0.00000,0.00000,0.19488,0.00071,0.00000,0.00277,0.00987,0.00001,0.03220,0.52140,0.11342,0.00001
0.00000,0.00000,0.00000,0.00000,0.00000,0.00000,0.00000,0.00000,0.00000,0.00094,0.00000,0.00000,0.00000,0.00000,0.00000,0.00000,0.00000,0.00000,0.00254,0.00977,0.00000,0.00001,0.00000,0.03819,0.14412,0.00744,0.77357,0.02341
0.00000,0.00000,0.00000,0.00000,0.00000,0.00024,0.00000,0.00000,0.00000,0.00000,0.00000,0.00000,0.00000,0.00000,0.00000,0.00000,0.00000,0.00000,0.00000,0.00000,0.00000,0.00038,0.00103,0.00021,0.41263,0.30593,0.27941,0.00015
0.00000,0.00000,0.00000,0.00000,0.00000,0.00002,0.00000,0.00000,0.00000,0.00000,0.00000,0.00000,0.00000,0.00000,0.00000,0.00000,0.00000,0.00000,0.00101,0.29977,0.00000,0.09867,0.26122,0.00053,0.15232,0.04252,0.10658,0.03737
0.00000,0.00000,0.00000,0.00000,0.00000,0.00460,0.00000,0.00000,0.00000,0.00000,0.00000,0.00000,0.00000,0.00000,0.00000,0.00000,0.00000,0.00000,0.00000,0.00005,0.00001,0.01020,0.07274,0.00145,0.01698,0.81480,0.07917,0.00000
0.00000,0.00000,0.00000,0.00000,0.00000,0.00000,0.00000,0.00000,0.00000,0.00000,0.00000,0.00000,0.00000,0.00000,0.00000,0.00000,0.00000,0.00007,0.00000,0.03357,0.04892,0.39841,0.00671,0.00045,0.09059,0.00756,0.41367,0.00004
0.00000,0.00000,0.00000,0.00000,0.00000,0.09873,0.00000,0.00000,0.00000,0.00000,0.00000,0.00000,0.00000,0.00000,0.00000,0.00000,0.00000,0.00000,0.00049,0.00001,0.32148,0.16553,0.01461,0.05909,0.12639,0.05223,0.16145,0.00000
0.00000,0.00000,0.00000,0.00000,0.00000,0.00000,0.00000,0.00000,0.00000,0.00000,0.00000,0.00000,0.00017,0.06590,0.00000,0.00000,0.00000,0.00000,0.00000,0.00000,0.12564,0.00002,0.00003,0.00003,0.10469,0.62171,0.08179,0.00001
0.00000,0.00000,0.00000,0.00000,0.00000,0.00000,0.00000,0.00000,0.00000,0.07697,0.00000,0.00000,0.00000,0.00000,0.00000,0.00000,0.00000,0.00000,0.00006,0.00000,0.00065,0.02596,0.15127,0.08898,0.17361,0.00156,0.46773,0.01322
0.00000,0.00000,0.00000,0.00000,0.00000,0.00000,0.00000,0.00000,0.00000,0.00000,0.00000,0.00000,0.00000,0.00000,0.00000,0.00460,0.00000,0.00000,0.00066,0.01158,0.00000,0.00030,0.00037,0.00247,0.91431,0.01120,0.04666,0.00785
0.00000,0.00000,0.00000,0.00000,0.00000,0.00000,0.00000,0.00000,0.00000,0.02020,0.00000,0.00000,0.00000,0.00000,0.00000,0.00000,0.00000,0.00000,0.00003,0.00024,0.01196,0.01176,0.01772,0.00083,0.93393,0.00331,0.00002,0.00000
0.00000,0.00000,0.00000,0.00000,0.00000,0.00000,0.00000,0.00000,0.00000,0.00000,0.00000,0.00000,0.00001,0.00056,0.00000,0.00000,0.00000,0.00000,0.00140,0.01121,0.00030,0.61395,0.02037,0.00460,0.19964,0.04087,0.10708,0.00000
0.00000,0.00000,0.00000,0.00000,0.00000,0.00000,0.00000,0.00000,0.00000,0.29514,0.00000,0.00000,0.00000,0.00000,0.00000,0.00000,0.00000,0.00000,0.00001,0.00000,0.00000,0.00004,0.07341,0.08895,0.17066,0.07811,0.29308,0.00059
0.00000,0.00000,0.00000,0.00000,0.00000,0.15835,0.00000,0.00000,0.00000,0.00000,0.00000,0.00000,0.00000,0.00000,0.00000,0.00000,0.00000,0.00000,0.00000,0.01516,0.00233,0.10805,0.26251,0.00247,0.09969,0.25021,0.10118,0.00004
0.00000,0.00000,0.00000,0.00000,0.00000,0.00000,0.00000,0.00041,0.00000,0.00000,0.00000,0.00000,0.00000,0.00000,0.00000,0.00000,0.00000,0.00000,0.00000,0.00673,0.00000,0.04004,0.28061,0.00000,0.34688,0.23972,0.08558,0.00003
0.00000,0.00000,0.00000,0.00000,0.00000,0.00000,0.00000,0.00000,0.00000,0.00000,0.00000,0.00000,0.00000,0.01621,0.00000,0.00000,0.00000,0.00000,0.00006,0.02074,0.00000,0.00019,0.08679,0.27286,0.02748,0.07995,0.49571,0.00000
0.00000,0.00000,0.00000,0.00000,0.00000,0.14994,0.00000,0.00000,0.00000,0.00000,0.00000,0.00000,0.00000,0.00000,0.00000,0.00000,0.00000,0.00000,0.06859,0.00000,0.00008,0.00182,0.00016,0.08055,0.00008,0.29794,0.08542,0.31542
0.00000,0.00018,0.00000,0.00000,0.00000,0.00000,0.00000,0.00000,0.00000,0.00000,0.00000,0.00000,0.00000,0.00000,0.00000,0.00000,0.00000,0.00000,0.25542,0.05762,0.00025,0.00015,0.20800,0.00003,0.00224,0.11570,0.36042,0.00000
0.00000,0.00000,0.00000,0.00000,0.00000,0.00000,0.00000,0.00399,0.00000,0.00000,0.00000,0.00000,0.00000,0.00000,0.00000,0.00000,0.00000,0.00000,0.00000,0.00000,0.00000,0.00338,0.03447,0.16516,0.14806,0.64155,0.00315,0.00023
0.00000,0.00000,0.00000,0.00000,0.00000,0.00000,0.00000,0.00000,0.00000,0.00000,0.00000,0.00000,0.00000,0.00000,0.00000,0.00000,0.00000,0.05684,0.00965,0.03064,0.00000,0.00035,0.02209,0.00315,0.04789,0.53749,0.29191,0.00000
0.00000,0.00000,0.00000,0.00000,0.00000,0.00000,0.00000,0.00000,0.00000,0.00000,0.00000,0.00000,0.00000,0.00145,0.00000,0.00000,0.00000,0.00000,0.06668,0.00456,0.01195,0.00016,0.12606,0.03672,0.00279,0.22496,0.52467,0.00000
0.00000,0.00000,0.00000,0.00000,0.00000,0.00000,0.00000,0.00000,0.00000,0.07697,0.00000,0.00000,0.00000,0.00000,0.00000,0.00000,0.00000,0.00000,0.00000,0.00228,0.00340,0.17993,0.33512,0.00362,0.36095,0.01180,0.02591,0.00000
0.00000,0.00000,0.00000,0.00000,0.00000,0.00000,0.00000,0.00000,0.00000,0.00103,0.00000,0.00000,0.00000,0.00000,0.00000,0.00000,0.00000,0.00000,0.00001,0.00000,0.02215,0.00908,0.01508,0.00000,0.08014,0.27060,0.59844,0.00346
0.00000,0.00000,0.00000,0.00000,0.00000,0.00000,0.00000,0.00000,0.00000,0.00000,0.00000,0.00000,0.00000,0.00000,0.00000,0.00110,0.00000,0.00000,0.00000,0.13072,0.00000,0.01499,0.01531,0.00030,0.09227,0.49025,0.25505,0.00000
0.00000,0.00000,0.00000,0.00000,0.00000,0.00000,0.00000,0.00000,0.00000,0.00000,0.00000,0.00000,0.00000,0.00000,0.00000,0.00000,0.00000,0.00000,0.00319,0.00008,0.08214,0.04117,0.19012,0.00018,0.19605,0.23028,0.25539,0.00142
0.00000,0.00000,0.00000,0.00000,0.00000,0.00000,0.00000,0.00000,0.00000,0.00000,0.00000,0.00000,0.00000,0.00000,0.00000,0.00000,0.00000,0.00426,0.29998,0.00000,0.00027,0.00513,0.25216,0.03445,0.12950,0.04478,0.22893,0.00054
0.00000,0.00000,0.00000,0.00000,0.00000,0.00000,0.00000,0.00000,0.00000,0.00000,0.00000,0.01123,0.00000,0.00000,0.00000,0.00000,0.00000,0.00000,0.00000,0.16622,0.00000,0.01642,0.00116,0.00001,0.13466,0.38604,0.21004,0.07421
0.00000,0.00000,0.00000,0.00000,0.00000,0.00000,0.00000,0.00000,0.00000,0.00000,0.00000,0.00000,0.00000,0.00000,0.00000,0.04557,0.00000,0.00000,0.00000,0.00000,0.00000,0.27939,0.00000,0.01692,0.56587,0.04459,0.04764,0.00000
0.00000,0.00000,0.00000,0.00000,0.00000,0.00000,0.00000,0.00000,0.00000,0.00000,0.00000,0.00000,0.00000,0.00000,0.00442,0.44089,0.00000,0.00000,0.00000,0.00000,0.00019,0.00019,0.00000,0.00034,0.11579,0.09233,0.34586,0.00000
0.00000,0.00000,0.00000,0.00000,0.00000,0.00000,0.00000,0.00000,0.00000,0.00000,0.00000,0.00005,0.00000,0.00000,0.00000,0.00000,0.00000,0.00000,0.00000,0.09377,0.00000,0.17561,0.01864,0.02388,0.36605,0.28115,0.04084,0.00000
0.00000,0.00000,0.00000,0.00000,0.00000,0.00000,0.00000,0.00000,0.00000,0.00000,0.00000,0.00000,0.00000,0.06635,0.00000,0.00000,0.00000,0.00000,0.00774,0.00480,0.01709,0.04938,0.00018,0.00091,0.67000,0.00271,0.18084,0.00000
0.00000,0.00000,0.00000,0.00000,0.00000,0.00000,0.00000,0.00000,0.00000,0.05230,0.00000,0.00000,0.00000,0.00000,0.00000,0.00000,0.00000,0.00000,0.00000,0.00408,0.00000,0.02951,0.31452,0.00149,0.02883,0.01797,0.55100,0.00031
0.00000,0.00000,0.00000,0.00000,0.00000,0.00000,0.00000,0.00000,0.00000,0.00000,0.00000,0.00000,0.00000,0.00000,0.00000,0.00000,0.00000,0.00996,0.00000,0.00075,0.00016,0.00246,0.08193,0.00001,0.39551,0.18194,0.32726,0.00000
0.00000,0.00000,0.00000,0.00000,0.00000,0.00000,0.00000,0.00000,0.00000,0.00000,0.00000,0.24506,0.00000,0.00000,0.00000,0.00000,0.00000,0.00000,0.00328,0.12097,0.00000,0.04548,0.01553,0.16601,0.31755,0.05802,0.02810,0.00000
0.00000,0.00000,0.00000,0.00000,0.00000,0.00000,0.00000,0.00000,0.00000,0.00000,0.00000,0.07920,0.00000,0.00000,0.00000,0.00000,0.00000,0.00000,0.00000,0.00771,0.00000,0.51409,0.15975,0.00031,0.01548,0.03184,0.19162,0.00000
0.00000,0.00000,0.00000,0.00000,0.00000,0.00000,0.00000,0.00000,0.00000,0.00000,0.00000,0.00000,0.00000,0.00079,0.00000,0.00000,0.00000,0.00000,0.00122,0.11610,0.00023,0.00001,0.00092,0.02388,0.54744,0.10042,0.20900,0.00000
0.00000,0.00000,0.00000,0.00000,0.00000,0.00000,0.00000,0.00000,0.00000,0.00000,0.00000,0.00512,0.00000,0.00000,0.00000,0.00000,0.00000,0.00000,0.04917,0.00668,0.00000,0.00354,0.00063,0.16919,0.23713,0.01465,0.51388,0.00000
0.00000,0.00000,0.00000,0.00000,0.00000,0.00000,0.00000,0.00000,0.00000,0.00406,0.00000,0.00000,0.00000,0.00000,0.00000,0.00000,0.00000,0.00000,0.00429,0.03765,0.01734,0.06438,0.00150,0.00038,0.55199,0.26893,0.02487,0.02462
0.00000,0.00000,0.00000,0.00000,0.00000,0.00000,0.00000,0.00002,0.00000,0.00000,0.00000,0.00000,0.00000,0.00000,0.00000,0.00000,0.00000,0.00000,0.00846,0.00000,0.00000,0.32633,0.00098,0.00000,0.25907,0.07854,0.32349,0.00310
0.00000,0.00000,0.00000,0.00000,0.00000,0.00000,0.00000,0.00000,0.00000,0.00000,0.00000,0.00000,0.00000,0.00000,0.00000,0.00000,0.00000,0.00002,0.00278,0.00290,0.16206,0.00025,0.00001,0.48206,0.00420,0.22884,0.11684,0.00004
0.00000,0.00000,0.00000,0.00000,0.00000,0.00000,0.00000,0.00000,0.00000,0.00000,0.00000,0.00000,0.00000,0.00000,0.00000,0.00000,0.00000,0.00000,0.00009,0.00206,0.00674,0.00000,0.00801,0.00002,0.35344,0.15669,0.47296,0.00000
0.00000,0.00000,0.00000,0.00000,0.00000,0.00200,0.00000,0.00000,0.00000,0.00000,0.00000,0.00000,0.00000,0.00000,0.00000,0.00000,0.00000,0.00000,0.00000,0.19244,0.00000,0.37436,0.01527,0.00092,0.00719,0.18538,0.07259,0.14984
0.00000,0.00000,0.00000,0.00000,0.00000,0.41889,0.00000,0.00000,0.00000,0.00000,0.00000,0.00000,0.00000,0.00000,0.00000,0.00000,0.00000,0.00000,0.22355,0.00023,0.00000,0.01128,0.01192,0.00000,0.05008,0.03870,0.24521,0.00014
0.00000,0.00000,0.00000,0.00000,0.00000,0.01864,0.00000,0.00000,0.00000,0.00000,0.00000,0.00000,0.00000,0.00000,0.00000,0.00000,0.00000,0.00000,0.00006,0.00000,0.00000,0.01947,0.08792,0.00002,0.64439,0.16030,0.06920,0.00000
0.00000,0.00000,0.00000,0.00000,0.00000,0.00000,0.00000,0.00000,0.00000,0.00000,0.00000,0.00000,0.00000,0.00000,0.00000,0.27261,0.00000,0.00000,0.00636,0.00192,0.00003,0.23369,0.01431,0.00002,0.16902,0.00793,0.29399,0.00012
0.00000,0.00000,0.00000,0.00000,0.00000,0.00000,0.00000,0.00000,0.00000,0.00000,0.00000,0.03724,0.00000,0.00000,0.00000,0.00000,0.00000,0.00000,0.00004,0.00002,0.25526,0.00403,0.18385,0.00000,0.00159,0.00416,0.49762,0.01618
0.00000,0.00000,0.00000,0.00000,0.00000,0.00000,0.00000,0.00000,0.00021,0.00097,0.00000,0.00000,0.00000,0.00000,0.00000,0.00000,0.00000,0.00000,0.01453,0.01030,0.01400,0.00049,0.00084,0.17767,0.62397,0.02232,0.13470,0.00000
0.00000,0.00000,0.00000,0.00000,0.00000,0.00000,0.00000,0.00000,0.00000,0.00000,0.00000,0.00000,0.00000,0.00000,0.00000,0.00000,0.00000,0.00000,0.00079,0.07142,0.05188,0.03876,0.01364,0.21438,0.09506,0.05061,0.37026,0.09319
0.00000,0.00000,0.00000,0.00000,0.00000,0.00000,0.00000,0.00000,0.00000,0.00000,0.00000,0.00000,0.00000,0.00000,0.00000,0.00000,0.00000,0.00000,0.00000,0.02923,0.00027,0.17394,0.22951,0.04534,0.28873,0.07586,0.15713,0.00000
0.00000,0.00000,0.00000,0.00000,0.00000,0.00000,0.00000,0.00000,0.00000,0.00000,0.00000,0.00000,0.00000,0.00000,0.00000,0.00000,0.00000,0.00000,0.00000,0.00000,0.00367,0.29617,0.05863,0.05212,0.16553,0.36222,0.04499,0.01667
0.00000,0.00000,0.00000,0.00000,0.00000,0.01137,0.00000,0.00000,0.00000,0.00000,0.00000,0.00000,0.00000,0.00000,0.00000,0.00000,0.00000,0.00000,0.00110,0.00087,0.04249,0.05554,0.00000,0.00716,0.20954,0.04022,0.63046,0.00125
0.00000,0.00000,0.00000,0.00000,0.00000,0.25703,0.00000,0.00000,0.00000,0.00000,0.00000,0.00000,0.00000,0.00000,0.00000,0.00000,0.00000,0.00000,0.00000,0.51270,0.00187,0.00240,0.00248,0.01094,0.02854,0.00637,0.17767,0.00000
0.00000,0.00000,0.00000,0.00000,0.00000,0.00000,0.00000,0.00000,0.00000,0.00000,0.00000,0.00000,0.00000,0.00000,0.00000,0.00000,0.00000,0.00000,0.00001,0.00063,0.00177,0.08271,0.00307,0.00179,0.00585,0.34213,0.45254,0.10950
0.00000,0.00000,0.00000,0.00000,0.00000,0.00000,0.00000,0.00000,0.00000,0.00000,0.00000,0.00000,0.00000,0.00000,0.00000,0.00000,0.00000,0.00225,0.00001,0.38001,0.00001,0.06316,0.30786,0.00001,0.01740,0.03386,0.19542,0.00000
0.00000,0.00000,0.00000,0.00000,0.00000,0.00000,0.00000,0.00000,0.00000,0.00000,0.00000,0.00000,0.00000,0.00000,0.00000,0.00186,0.00000,0.00000,0.05321,0.00000,0.02993,0.58988,0.01240,0.00535,0.00627,0.05298,0.24812,0.00000
0.00000,0.00000,0.00000,0.00000,0.00000,0.12108,0.00000,0.00000,0.00000,0.00000,0.00000,0.00000,0.00000,0.00000,0.00000,0.00000,0.00000,0.00000,0.00000,0.00000,0.13700,0.18686,0.05793,0.00118,0.25682,0.02227,0.21686,0.00000
0.00000,0.00000,0.00000,0.00000,0.00000,0.00000,0.00000,0.00000,0.00000,0.00000,0.00003,0.11597,0.00000,0.00000,0.00000,0.00000,0.00000,0.00000,0.00000,0.01173,0.00062,0.00059,0.13720,0.00785,0.14903,0.28517,0.29171,0.00012
0.00000,0.00000,0.00000,0.00000,0.00000,0.00000,0.00000,0.00000,0.00000,0.00000,0.00000,0.00000,0.00000,0.00000,0.00000,0.00000,0.00000,0.00000,0.10139,0.00000,0.04248,0.01114,0.21512,0.00000,0.02116,0.37451,0.22975,0.00444
0.00000,0.00000,0.00000,0.00000,0.00000,0.29175,0.00000,0.00000,0.00000,0.00000,0.00000,0.00000,0.00000,0.00000,0.00000,0.00000,0.00000,0.00000,0.07562,0.15908,0.00552,0.00316,0.13403,0.00058,0.21338,0.08959,0.02730,0.00000
0.00000,0.00000,0.00000,0.00000,0.00000,0.00000,0.00000,0.00000,0.00000,0.00000,0.00000,0.00000,0.00000,0.00406,0.00000,0.00000,0.00000,0.00000,0.00001,0.00028,0.00000,0.49482,0.06613,0.00261,0.00250,0.01048,0.10175,0.31737
0.00000,0.00000,0.00000,0.00000,0.00000,0.00000,0.00000,0.00000,0.00000,0.00000,0.00000,0.10705,0.00000,0.00000,0.00000,0.00000,0.00000,0.00000,0.19067,0.00000,0.00000,0.02832,0.01913,0.34940,0.17527,0.05596,0.07418,0.00000
0.00000,0.00000,0.00000,0.00000,0.00000,0.00000,0.00000,0.00000,0.00000,0.00000,0.00000,0.00000,0.00000,0.00000,0.00000,0.00000,0.00000,0.00261,0.00000,0.00000,0.00000,0.00017,0.08644,0.00000,0.05953,0.07374,0.77750,0.00000
0.00000,0.00000,0.00000,0.00000,0.00000,0.00000,0.00000,0.00000,0.00000,0.00683,0.00000,0.00000,0.00000,0.00000,0.00000,0.00000,0.00000,0.00000,0.07630,0.00000,0.10564,0.00258,0.02285,0.00000,0.10533,0.16826,0.51221,0.00000
0.00000,0.00000,0.00000,0.00000,0.00000,0.00000,0.00000,0.00000,0.00000,0.00000,0.00000,0.00000,0.00000,0.00000,0.00000,0.00000,0.00000,0.00035,0.00001,0.00000,0.02397,0.00848,0.25095,0.00448,0.00566,0.16972,0.53639,0.00000
0.00000,0.00000,0.00000,0.00000,0.00000,0.00000,0.00000,0.13431,0.00000,0.00000,0.00000,0.00000,0.00000,0.00000,0.00000,0.00000,0.00000,0.00000,0.00002,0.04024,0.00003,0.00000,0.02891,0.07337,0.05043,0.29487,0.37782,0.00000
0.00000,0.00000,0.00000,0.00000,0.00000,0.00000,0.00000,0.00000,0.00000,0.00000,0.00000,0.00000,0.00000,0.00227,0.00000,0.00000,0.00000,0.00000,0.05215,0.00000,0.00000,0.15523,0.07858,0.02661,0.10068,0.04575,0.53873,0.00000
0.00000,0.00000,0.00000,0.00000,0.00000,0.00000,0.00000,0.00000,0.00000,0.00000,0.00000,0.00000,0.00000,0.16861,0.00000,0.00000,0.00000,0.00000,0.00000,0.18748,0.00000,0.06746,0.00369,0.00000,0.22153,0.05014,0.30109,0.00000
0.00000,0.00000,0.00000,0.00000,0.00000,0.00000,0.00000,0.00000,0.00000,0.00128,0.00000,0.00000,0.00000,0.00000,0.00000,0.00000,0.00000,0.00000,0.00000,0.00000,0.03124,0.15340,0.02043,0.00014,0.00108,0.29261,0.49933,0.00049
0.00000,0.00000,0.00000,0.00000,0.00000,0.00000,0.00000,0.00000,0.00000,0.00000,0.00000,0.00000,0.00000,0.00000,0.00000,0.00000,0.00000,0.00000,0.00000,0.00000,0.00008,0.17682,0.17459,0.05109,0.05241,0.24399,0.30103,0.00000
0.00000,0.00000,0.00000,0.00000,0.00000,0.00000,0.00000,0.02015,0.00000,0.00000,0.00000,0.00000,0.00000,0.00000,0.00000,0.00000,0.00000,0.00000,0.00000,0.05746,0.00179,0.01125,0.05061,0.01621,0.67372,0.16203,0.00678,0.00000
0.00000,0.00000,0.00000,0.00000,0.00000,0.00572,0.00000,0.00000,0.00000,0.00000,0.00000,0.00000,0.00000,0.00000,0.00000,0.00000,0.00000,0.00000,0.00000,0.00002,0.00109,0.00169,0.18249,0.00000,0.70422,0.04123,0.02168,0.04185
0.00000,0.00000,0.00000,0.00000,0.00000,0.00000,0.00000,0.00000,0.00000,0.00000,0.00000,0.00000,0.00000,0.00000,0.00000,0.57046,0.00000,0.00000,0.00000,0.11948,0.00000,0.00788,0.12635,0.00000,0.03704,0.08660,0.04870,0.00349
0.00000,0.00000,0.00000,0.00000,0.00000,0.00000,0.00000,0.00000,0.00000,0.00000,0.00000,0.00139,0.00000,0.00000,0.00000,0.00000,0.00000,0.00000,0.00008,0.00000,0.00000,0.00020,0.14901,0.01225,0.37697,0.26001,0.20010,0.00000
0.00000,0.00000,0.00000,0.00000,0.00000,0.04906,0.00000,0.00000,0.00000,0.00000,0.00000,0.00000,0.00000,0.00000,0.00000,0.00000,0.00000,0.00000,0.00014,0.06376,0.09502,0.00015,0.07814,0.30274,0.00750,0.08660,0.31593,0.00096
0.00000,0.00000,0.00000,0.00000,0.00000,0.00000,0.00000,0.00000,0.00000,0.00000,0.00000,0.00000,0.00000,0.00000,0.00000,0.03380,0.00000,0.00000,0.00253,0.00024,0.01132,0.23060,0.03738,0.00000,0.07803,0.10842,0.36525,0.13243
0.00000,0.00000,0.00000,0.00000,0.00000,0.00000,0.00000,0.00000,0.00000,0.00000,0.00000,0.00000,0.00000,0.02425,0.00000,0.00000,0.00000,0.00000,0.00729,0.00000,0.00000,0.25827,0.08332,0.00089,0.12126,0.01320,0.49146,0.00006
0.00000,0.00000,0.00000,0.00000,0.00000,0.00000,0.00000,0.00482,0.00000,0.00000,0.00000,0.00000,0.00000,0.00000,0.00000,0.00000,0.00000,0.00000,0.00010,0.00008,0.00000,0.15831,0.00502,0.00025,0.10041,0.15883,0.52093,0.05124
0.00000,0.00000,0.00000,0.00000,0.00000,0.00000,0.00000,0.00000,0.00000,0.00000,0.00000,0.00000,0.00000,0.00463,0.00000,0.00000,0.00000,0.00000,0.02621,0.00006,0.00271,0.00420,0.02054,0.00000,0.31730,0.58217,0.04218,0.00000
0.00000,0.00000,0.00000,0.00000,0.00000,0.00000,0.00000,0.00000,0.00000,0.00024,0.00000,0.00000,0.00000,0.00000,0.00000,0.00000,0.00000,0.00000,0.70839,0.02624,0.00000,0.02456,0.00363,0.06594,0.00000,0.15298,0.01478,0.00324
0.00000,0.00000,0.00000,0.00000,0.00000,0.00000,0.00000,0.00000,0.00000,0.00000,0.00000,0.00000,0.00000,0.00000,0.00000,0.00001,0.00000,0.00000,0.00000,0.00070,0.00005,0.40641,0.02713,0.00054,0.05441,0.47599,0.03470,0.00005
0.00000,0.00000,0.00000,0.00000,0.00000,0.00000,0.00000,0.00000,0.00000,0.00000,0.00000,0.00000,0.00000,0.00000,0.00000,0.00000,0.00000,0.21896,0.00000,0.00084,0.10236,0.00000,0.50767,0.04274,0.04641,0.05995,0.02107,0.00000
0.00000,0.00000,0.00000,0.00000,0.00000,0.00000,0.00000,0.00000,0.00000,0.00000,0.00000,0.00000,0.00000,0.00000,0.00000,0.02275,0.00000,0.00000,0.00000,0.00000,0.00020,0.00000,0.17094,0.00049,0.75735,0.00176,0.04651,0.00000
0.00000,0.00000,0.00000,0.00000,0.00000,0.00000,0.00000,0.00000,0.00000,0.00000,0.00000,0.00000,0.00000,0.00004,0.00000,0.00000,0.00000,0.00000,0.00180,0.03854,0.00000,0.00338,0.01944,0.00016,0.19595,0.58545,0.10826,0.04698
0.00000,0.00000,0.00000,0.00000,0.00000,0.00000,0.00000,0.00000,0.00000,0.00000,0.00000,0.00000,0.00000,0.15063,0.00000,0.00000,0.00000,0.00000,0.31867,0.00001,0.00005,0.00041,0.04902,0.02427,0.35073,0.00114,0.08712,0.01794
0.00000,0.00000,0.00000,0.00000,0.00000,0.00000,0.00000,0.00000,0.00000,0.00000,0.00000,0.00000,0.00000,0.00000,0.00000,0.00000,0.00000,0.00000,0.15423,0.00106,0.12518,0.02742,0.07069,0.05731,0.05094,0.26762,0.24555,0.00000
0.00000,0.00000,0.00000,0.00000,0.00000,0.00000,0.00000,0.00000,0.00000,0.00000,0.00000,0.00000,0.00000,0.00000,0.00000,0.00255,0.00000,0.00000,0.01382,0.16950,0.00000,0.00000,0.00000,0.00898,0.33515,0.42677,0.04170,0.00153
0.00000,0.00000,0.00000,0.00000,0.00000,0.71394,0.00000,0.00000,0.00000,0.00000,0.00000,0.00000,0.00000,0.00000,0.00000,0.00000,0.00000,0.00000,0.01873,0.00000,0.00000,0.01066,0.00295,0.01879,0.09955,0.08550,0.04987,0.00001
0.00000,0.00000,0.00000,0.00000,0.00000,0.00122,0.00000,0.00000,0.00000,0.00000,0.00000,0.00000,0.00000,0.00000,0.00000,0.00000,0.00000,0.00000,0.00159,0.00326,0.00056,0.00548,0.00028,0.19233,0.73552,0.05944,0.00032,0.00000
0.00000,0.00000,0.00000,0.00000,0.00000,0.00000,0.00000,0.00000,0.00000,0.00000,0.00000,0.00000,0.00000,0.00000,0.03978,0.00004,0.00000,0.00000,0.00080,0.00001,0.00000,0.06438,0.09288,0.00000,0.01278,0.64334,0.14601,0.00000
0.00000,0.00000,0.00000,0.00000,0.00000,0.26985,0.00000,0.00000,0.00000,0.00000,0.00000,0.00000,0.00000,0.00000,0.00000,0.00000,0.00000,0.00000,0.00000,0.01865,0.00000,0.16342,0.39994,0.00953,0.05913,0.02833,0.01474,0.03640
0.00000,0.00000,0.00000,0.00000,0.00000,0.00000,0.00000,0.00000,0.00000,0.00000,0.00000,0.00001,0.00000,0.00000,0.00000,0.00000,0.00000,0.00000,0.00397,0.00161,0.00014,0.43710,0.00211,0.00001,0.38064,0.10204,0.07237,0.00000
0.00000,0.00000,0.00000,0.00000,0.00000,0.00000,0.00000,0.00000,0.00000,0.00000,0.00000,0.00000,0.00000,0.00000,0.00000,0.00000,0.00000,0.00000,0.00000,0.01079,0.00000,0.00145,0.11088,0.00837,0.00052,0.65245,0.21220,0.00334
0.00000,0.00000,0.00000,0.00000,0.00000,0.00000,0.00000,0.00324,0.00000,0.00000,0.00000,0.00000,0.00000,0.00000,0.00000,0.00000,0.00000,0.00000,0.00286,0.00010,0.00000,0.00259,0.12424,0.13620,0.29677,0.40347,0.03054,0.00000
0.00000,0.00000,0.00000,0.00000,0.00000,0.00000,0.00001,0.25115,0.00000,0.00000,0.00000,0.00000,0.00000,0.00000,0.00000,0.00000,0.00000,0.00000,0.00002,0.02086,0.00000,0.00271,0.00894,0.03378,0.19312,0.02281,0.39465,0.07194
0.00000,0.00000,0.00000,0.00000,0.00000,0.00000,0.00000,0.00000,0.00000,0.00000,0.00000,0.02915,0.00000,0.00000,0.00000,0.00000,0.00000,0.00000,0.00182,0.00881,0.01144,0.34617,0.02364,0.00101,0.48433,0.08773,0.00423,0.00168
0.00000,0.00000,0.00000,0.00000,0.00000,0.00000,0.00000,0.00000,0.00000,0.00000,0.00000,0.05158,0.00000,0.00000,0.00000,0.00000,0.00000,0.00000,0.48599,0.00009,0.00000,0.00468,0.00060,0.00984,0.06467,0.14217,0.24039,0.00000
0.00000,0.00000,0.00000,0.00000,0.00000,0.00000,0.00000,0.00167,0.00000,0.00000,0.00000,0.00000,0.00000,0.00000,0.00000,0.00000,0.00000,0.00000,0.00000,0.00385,0.00047,0.28264,0.05235,0.00592,0.10325,0.35140,0.07004,0.12841
0.00000,0.00000,0.00000,0.00000,0.00000,0.00000,0.00000,0.00000,0.00000,0.11671,0.00000,0.00000,0.00000,0.00000,0.00000,0.00000,0.00000,0.00000,0.00105,0.21005,0.00000,0.00215,0.00041,0.00006,0.34846,0.11070,0.21041,0.00000
0.00000,0.00000,0.00000,0.00000,0.00000,0.00000,0.00000,0.00881,0.00000,0.00000,0.00000,0.00000,0.00000,0.00000,0.00000,0.00000,0.00000,0.00000,0.00000,0.05398,0.00025,0.00104,0.18425,0.00018,0.08127,0.35542,0.30808,0.00674
0.00000,0.00000,0.00000,0.00000,0.00000,0.00000,0.00000,0.00000,0.00000,0.00000,0.00000,0.00000,0.00000,0.00000,0.00000,0.00000,0.00000,0.01113,0.00054,0.01204,0.00000,0.00041,0.28344,0.00000,0.04475,0.51603,0.13158,0.00008
0.00000,0.00000,0.00000,0.00000,0.00000,0.00000,0.00000,0.00000,0.00000,0.00000,0.00000,0.00000,0.00000,0.00000,0.00000,0.00000,0.00000,0.00000,0.03941,0.07186,0.15334,0.04118,0.00015,0.00447,0.41701,0.25803,0.01455,0.00000
0.00000,0.00000,0.00000,0.00000,0.00000,0.00000,0.00000,0.00000,0.00000,0.00000,0.00000,0.00000,0.00000,0.00001,0.00000,0.00000,0.00000,0.00000,0.00823,0.34489,0.00594,0.00022,0.00106,0.00000,0.19484,0.32462,0.12020,0.00000
0.00000,0.00000,0.00000,0.00000,0.00000,0.00000,0.00000,0.00000,0.00000,0.00000,0.00000,0.07807,0.00000,0.00000,0.00000,0.00000,0.00000,0.00000,0.00000,0.00000,0.00001,0.00010,0.08809,0.00050,0.06693,0.13613,0.63018,0.00000
0.00000,0.00000,0.00000,0.00000,0.00000,0.00000,0.00000,0.00104,0.00000,0.00000,0.00000,0.00000,0.00000,0.00000,0.00000,0.00000,0.00000,0.00000,0.02381,0.07399,0.00002,0.00437,0.07493,0.00050,0.00901,0.74056,0.00931,0.06246
0.00000,0.00000,0.00000,0.00000,0.00000,0.00007,0.00000,0.00000,0.00000,0.00000,0.00000,0.00000,0.00000,0.00000,0.00000,0.00000,0.00000,0.00000,0.18389,0.02819,0.00000,0.00037,0.16300,0.06693,0.12628,0.19138,0.23968,0.00020
0.00000,0.00000,0.00000,0.00000,0.00000,0.00000,0.00000,0.00000,0.00000,0.00000,0.00000,0.00000,0.00000,0.00000,0.00000,0.10571,0.00000,0.00000,0.00001,0.11277,0.00000,0.03144,0.60538,0.02248,0.00822,0.09586,0.01812,0.00000
0.00000,0.00000,0.00000,0.00000,0.00000,0.00000,0.00000,0.00000,0.00000,0.00000,0.00000,0.00000,0.00000,0.00000,0.00000,0.00000,0.00000,0.05793,0.00000,0.00000,0.00000,0.19371,0.00273,0.04623,0.40212,0.20366,0.09360,0.00002
0.00000,0.00000,0.00000,0.00000,0.00000,0.00000,0.00000,0.00000,0.00000,0.00000,0.00000,0.00000,0.00000,0.33810,0.00000,0.00000,0.00000,0.00000,0.00331,0.10789,0.00000,0.19408,0.23073,0.00252,0.08795,0.00874,0.01348,0.01319
0.00000,0.00000,0.00000,0.00000,0.00000,0.00000,0.00000,0.00000,0.00000,0.00000,0.00000,0.00000,0.00000,0.00074,0.00000,0.00000,0.00000,0.00000,0.00000,0.16324,0.00059,0.33989,0.28750,0.00000,0.01162,0.19546,0.00096,0.00000
0.00000,0.00000,0.00000,0.00000,0.00000,0.00000,0.00000,0.00000,0.00000,0.00000,0.00000,0.00000,0.00000,0.00000,0.00000,0.00000,0.00000,0.00000,0.00000,0.00000,0.00000,0.00028,0.76257,0.16492,0.00662,0.04462,0.02101,0.00000
0.00000,0.00000,0.00000,0.00000,0.00000,0.00000,0.00000,0.00000,0.00000,0.00000,0.00000,0.00216,0.00000,0.00000,0.00000,0.00000,0.00000,0.00000,0.00110,0.04394,0.00000,0.04796,0.15925,0.00048,0.09095,0.51196,0.14219,0.00000
