0.21487,0.21024,0.11430,0.09731,0.03793,0.10427,0.12937,0.04551,0.01857,0.02763
0.21750,0.21134,0.09490,0.09861,0.17991,0.04416,0.04820,0.04087,0.02150,0.04303
0.12053,0.25938,0.05566,0.06749,0.21372,0.08469,0.10942,0.04705,0.01178,0.03027
0.24824,0.10037,0.08022,0.24018,0.08779,0.05562,0.06060,0.04150,0.02759,0.05789
0.18157,0.14817,0.08282,0.20460,0.14268,0.06213,0.06734,0.04275,0.02536,0.04258
0.21320,0.18120,0.12417,0.13016,0.12585,0.04818,0.04820,0.03522,0.02821,0.06563
0.11133,0.11182,0.12876,0.12877,0.11019,0.15439,0.16327,0.03727,0.02030,0.03391
0.16467,0.20065,0.07931,0.11326,0.17417,0.07471,0.06571,0.04253,0.04438,0.04060
0.09635,0.10093,0.15236,0.09689,0.13659,0.17122,0.18546,0.03128,0.01431,0.01461
0.08029,0.07555,0.09577,0.10513,0.39331,0.06953,0.05895,0.03893,0.04138,0.04116
0.09576,0.09144,0.13964,0.14422,0.16931,0.12909,0.14028,0.03581,0.01864,0.03581
0.22627,0.11324,0.04797,0.20836,0.09938,0.08107,0.08355,0.04144,0.03203,0.06669
0.10411,0.15520,0.09811,0.07941,0.17415,0.07621,0.13085,0.08992,0.02640,0.06563
0.23105,0.21694,0.05516,0.05663,0.13869,0.06163,0.07756,0.05912,0.04406,0.05916
0.11463,0.11527,0.08975,0.26581,0.10087,0.06899,0.09855,0.05686,0.02314,0.06613
0.11440,0.10910,0.16362,0.11090,0.13804,0.12165,0.12600,0.04399,0.03162,0.04069
0.09897,0.14850,0.06112,0.24598,0.07512,0.04397,0.15787,0.12344,0.01457,0.03045
0.09959,0.23809,0.15649,0.10097,0.20478,0.07290,0.06907,0.01817,0.01576,0.02418
0.16141,0.15890,0.18846,0.19656,0.09119,0.04039,0.04190,0.03729,0.03314,0.05077
0.20401,0.20417,0.08336,0.08459,0.18790,0.03662,0.07596,0.06598,0.01749,0.03993
0.23267,0.22668,0.05797,0.06018,0.10666,0.08714,0.09171,0.04287,0.02834,0.06578
0.32477,0.25139,0.05623,0.05558,0.10680,0.04530,0.04000,0.03918,0.03154,0.04920
0.12179,0.11660,0.08414,0.24082,0.05962,0.06822,0.07565,0.06182,0.04201,0.12934
0.17754,0.17092,0.05594,0.05942,0.19799,0.04931,0.14080,0.11159,0.01711,0.01938
0.16786,0.11712,0.33557,0.09290,0.13402,0.03801,0.04872,0.02769,0.01315,0.02495
0.10277,0.10557,0.19046,0.18932,0.09070,0.07873,0.07504,0.05306,0.03509,0.07927
0.24765,0.24069,0.07027,0.06617,0.12772,0.05399,0.04361,0.02929,0.03159,0.08902
0.19056,0.15312,0.04777,0.11638,0.09295,0.12190,0.12346,0.05199,0.02359,0.07829
0.22795,0.22636,0.07205,0.07221,0.12786,0.08986,0.10937,0.03842,0.01752,0.01841
0.23994,0.18597,0.07750,0.16181,0.11386,0.04547,0.04630,0.03013,0.03467,0.06436
0.15602,0.15750,0.08144,0.09110,0.23388,0.09714,0.09985,0.03122,0.02024,0.03161
0.18485,0.18678,0.12138,0.10681,0.14894,0.05355,0.04005,0.04178,0.03717,0.07870
0.12418,0.09166,0.25295,0.17794,0.17023,0.05394,0.04281,0.02022,0.03566,0.03040
0.10272,0.10422,0.12015,0.13650,0.25939,0.09381,0.09844,0.03169,0.02092,0.03217
0.11303,0.23458,0.10755,0.08615,0.17164,0.08927,0.11089,0.04382,0.01562,0.02744
0.21338,0.21369,0.12058,0.11056,0.04747,0.09425,0.11375,0.03608,0.02429,0.02597
0.22168,0.14548,0.08874,0.08010,0.17146,0.07939,0.10590,0.04392,0.01701,0.04631
0.15034,0.16169,0.10094,0.12421,0.16130,0.07575,0.06760,0.05753,0.05248,0.04814
0.16756,0.10706,0.05878,0.14188,0.09539,0.06377,0.14658,0.12481,0.02986,0.06432
0.13722,0.12909,0.03818,0.03904,0.12713,0.23180,0.24012,0.02774,0.01047,0.01921
0.07181,0.19139,0.04190,0.07358,0.14475,0.13741,0.13766,0.07103,0.09593,0.03452
0.05812,0.22056,0.30605,0.02992,0.20616,0.05387,0.05163,0.02968,0.01503,0.02899
0.16239,0.20151,0.09182,0.08544,0.17616,0.08046,0.08769,0.04346,0.03654,0.03453
0.16242,0.10467,0.05085,0.13613,0.07880,0.18171,0.19593,0.03731,0.02216,0.03003
0.11984,0.18319,0.06684,0.10877,0.14335,0.14490,0.15173,0.02305,0.01743,0.04091
0.16513,0.11242,0.10036,0.06357,0.12037,0.11544,0.15693,0.07964,0.02548,0.06066
0.09759,0.11971,0.12401,0.19739,0.10529,0.10829,0.10762,0.02758,0.06337,0.04916
0.23069,0.13280,0.10875,0.21037,0.13645,0.04017,0.04597,0.03266,0.03153,0.03060
0.10485,0.14903,0.13390,0.08687,0.17404,0.14135,0.15303,0.02429,0.01520,0.01743
0.05289,0.05154,0.03938,0.05569,0.04792,0.28480,0.29632,0.06638,0.03594,0.06913
0.21178,0.19691,0.04810,0.04924,0.17738,0.10514,0.11567,0.04223,0.01812,0.03543
0.17707,0.17532,0.10630,0.10041,0.10479,0.10250,0.12024,0.03890,0.02930,0.04516
0.11797,0.24228,0.04345,0.03908,0.23756,0.13249,0.14292,0.02173,0.01099,0.01153
0.09561,0.10457,0.13526,0.13700,0.08226,0.15181,0.14882,0.03660,0.05896,0.04909
0.14676,0.12671,0.33884,0.09797,0.06780,0.04438,0.08264,0.05379,0.01091,0.03020
0.13362,0.23535,0.04143,0.05242,0.22420,0.09246,0.08049,0.04089,0.04999,0.04914
0.11133,0.16862,0.08161,0.04898,0.16779,0.18179,0.18579,0.02207,0.01040,0.02161
0.10892,0.18420,0.06079,0.09623,0.13948,0.05698,0.17081,0.13666,0.01232,0.03361
0.15008,0.14716,0.14297,0.15208,0.19826,0.07003,0.07447,0.01976,0.01796,0.02722
0.19748,0.28917,0.07707,0.07165,0.22018,0.03004,0.03047,0.03234,0.02480,0.02681
0.24806,0.14500,0.03881,0.04402,0.14203,0.13047,0.15373,0.05091,0.01877,0.02821
0.16441,0.15904,0.14837,0.14752,0.09791,0.07245,0.08555,0.04336,0.02720,0.05417
0.22647,0.23063,0.07608,0.07877,0.23513,0.04516,0.04665,0.02038,0.01675,0.02397
0.33359,0.33112,0.05791,0.05835,0.02883,0.02974,0.06843,0.05235,0.01639,0.02330
0.20365,0.14230,0.06484,0.08839,0.14660,0.06644,0.13043,0.09080,0.02684,0.03971
0.18866,0.20935,0.07339,0.08058,0.21213,0.06276,0.05254,0.04111,0.03499,0.04449
0.18932,0.14459,0.11739,0.13236,0.10996,0.09705,0.10356,0.03879,0.02280,0.04418
0.13642,0.13286,0.12013,0.12814,0.26134,0.06058,0.05621,0.03218,0.02530,0.04682
0.17310,0.15859,0.19163,0.08739,0.10838,0.09101,0.10398,0.04332,0.02348,0.01913
0.17934,0.12302,0.10375,0.11134,0.16466,0.08128,0.10006,0.06118,0.03843,0.03695
0.13943,0.18188,0.04500,0.06904,0.16867,0.06694,0.15125,0.11845,0.02157,0.03778
0.18177,0.18432,0.09037,0.09020,0.13177,0.08611,0.09793,0.05945,0.02805,0.05004
0.30186,0.29872,0.08308,0.08817,0.08177,0.02990,0.04392,0.03217,0.01664,0.02376
0.16774,0.31470,0.05174,0.04929,0.28044,0.04767,0.05150,0.01662,0.00736,0.01295
0.13860,0.23586,0.09977,0.07966,0.24138,0.04513,0.05872,0.03933,0.03080,0.03077
0.26308,0.25161,0.05461,0.05762,0.13903,0.04632,0.05579,0.03849,0.03062,0.06283
0.28793,0.28409,0.07697,0.08169,0.04815,0.03123,0.08082,0.06643,0.01378,0.02890
0.17368,0.18112,0.05740,0.06712,0.12113,0.13904,0.15395,0.03961,0.02254,0.04441
0.17925,0.15489,0.18243,0.07506,0.18652,0.07775,0.08856,0.02557,0.01101,0.01895
0.17238,0.16907,0.12154,0.17399,0.13291,0.07413,0.07287,0.02982,0.02459,0.02870
0.12624,0.12467,0.25796,0.11186,0.15180,0.07221,0.07306,0.02486,0.01747,0.03988
0.30367,0.27667,0.08585,0.09556,0.07671,0.03786,0.03171,0.02837,0.02631,0.03730
0.20636,0.12767,0.14865,0.15038,0.16555,0.05167,0.06727,0.03426,0.02205,0.02613
0.18310,0.18663,0.09283,0.08910,0.10621,0.07001,0.06809,0.05148,0.03724,0.11530
0.08200,0.08524,0.12989,0.13115,0.15217,0.07592,0.18300,0.12629,0.01143,0.02292
0.24428,0.23712,0.07652,0.08467,0.11440,0.07209,0.05997,0.02890,0.04099,0.04104
0.18403,0.18105,0.14423,0.10625,0.13260,0.07438,0.09835,0.03846,0.01084,0.02981
0.12046,0.11444,0.13837,0.09358,0.11561,0.13483,0.16637,0.06276,0.01781,0.03578
0.19520,0.13668,0.05941,0.18456,0.14780,0.07456,0.08591,0.04176,0.02651,0.04762
0.16959,0.16226,0.06669,0.11916,0.13562,0.05108,0.13293,0.10535,0.02321,0.03410
0.18196,0.16066,0.17692,0.12491,0.14222,0.06779,0.06943,0.02815,0.02104,0.02692
0.20282,0.19127,0.12480,0.12406,0.15117,0.04773,0.05583,0.03625,0.02749,0.03857
0.22556,0.16922,0.15950,0.06090,0.14309,0.07312,0.10557,0.04111,0.00869,0.01324
0.19952,0.22036,0.04105,0.06174,0.12089,0.08502,0.09834,0.05589,0.02330,0.09389
0.10229,0.12708,0.27630,0.13895,0.19917,0.03589,0.05309,0.03378,0.01033,0.02313
0.12597,0.12236,0.12015,0.08482,0.10517,0.16609,0.19270,0.04844,0.01379,0.02049
0.27295,0.27539,0.12150,0.11832,0.06143,0.04696,0.04032,0.01733,0.02217,0.02365
0.10840,0.16882,0.09528,0.11222,0.19944,0.09611,0.12313,0.04727,0.01817,0.03115
0.17611,0.22744,0.05127,0.06479,0.13529,0.08714,0.10964,0.06372,0.03240,0.05221
0.18392,0.17345,0.09694,0.12389,0.14827,0.05840,0.05078,0.04690,0.06087,0.05658
0.16848,0.23472,0.09232,0.06240,0.23016,0.06405,0.06506,0.03168,0.02269,0.02843
0.15432,0.11829,0.11478,0.11034,0.09386,0.15146,0.15267,0.03067,0.02811,0.04550
0.13850,0.13182,0.04948,0.05071,0.22647,0.07336,0.09389,0.08870,0.03596,0.11111
0.16154,0.09609,0.12496,0.08653,0.14839,0.10033,0.13799,0.07943,0.02313,0.04160
0.25961,0.17725,0.08127,0.14994,0.17900,0.02931,0.03439,0.03116,0.02513,0.03292
0.18062,0.22317,0.07806,0.15764,0.17704,0.03815,0.03947,0.03610,0.03255,0.03720
0.16166,0.12010,0.23473,0.10653,0.10415,0.04938,0.06225,0.06402,0.03045,0.06673
0.07994,0.08030,0.17986,0.18493,0.20071,0.08768,0.08206,0.03314,0.02744,0.04395
0.27071,0.15340,0.09205,0.08189,0.19076,0.06918,0.06600,0.01568,0.02795,0.03240
0.22799,0.19207,0.11284,0.06904,0.13917,0.05206,0.09961,0.05972,0.02080,0.02669
0.15274,0.19740,0.03959,0.26713,0.11793,0.03376,0.08502,0.06623,0.01792,0.02228
0.11002,0.11726,0.11822,0.10939,0.05239,0.17264,0.17206,0.04804,0.05509,0.04489
0.16771,0.10104,0.05074,0.24088,0.15180,0.05499,0.11309,0.07522,0.01645,0.02808
0.18527,0.12559,0.30163,0.09028,0.13598,0.03935,0.04856,0.03126,0.01704,0.02503
0.28868,0.28206,0.04652,0.04471,0.07201,0.05726,0.05487,0.04491,0.04447,0.06452
0.14221,0.25657,0.04689,0.07994,0.22378,0.04425,0.09702,0.07158,0.01182,0.02596
0.10035,0.26437,0.04504,0.07151,0.27563,0.06593,0.05607,0.04140,0.03434,0.04535
0.17870,0.16876,0.10072,0.10636,0.14120,0.05544,0.04645,0.05876,0.03563,0.10798
0.17803,0.06716,0.14425,0.20084,0.09658,0.03687,0.10617,0.10080,0.03446,0.03483
0.18811,0.18074,0.17756,0.18413,0.11596,0.03932,0.04602,0.02210,0.01733,0.02872
0.14639,0.14267,0.17762,0.16790,0.06537,0.03483,0.12133,0.09981,0.01683,0.02726
0.10165,0.14498,0.09193,0.09784,0.17556,0.10362,0.15389,0.07115,0.02283,0.03657
0.22720,0.22514,0.07516,0.06062,0.08261,0.14072,0.13679,0.01876,0.01469,0.01831
0.23776,0.23070,0.06644,0.06956,0.10680,0.10578,0.10494,0.02080,0.02124,0.03598
0.14438,0.14958,0.09972,0.09251,0.03194,0.16414,0.21285,0.06500,0.01761,0.02226
0.18299,0.09329,0.03025,0.14162,0.17255,0.04030,0.17268,0.13688,0.01169,0.01775
0.25891,0.26111,0.10077,0.09818,0.13271,0.04265,0.05133,0.02233,0.01215,0.01985
0.16915,0.13885,0.29388,0.11483,0.14612,0.02860,0.03460,0.02571,0.01328,0.03498
0.28677,0.27637,0.04295,0.07510,0.08083,0.05134,0.09288,0.05630,0.01325,0.02421
0.14101,0.14423,0.20987,0.20758,0.06671,0.07962,0.09910,0.02878,0.00861,0.01449
0.13356,0.12846,0.03321,0.04967,0.10886,0.15981,0.22412,0.09434,0.03288,0.03509
0.25044,0.12620,0.06705,0.09889,0.17228,0.08978,0.10174,0.04059,0.02014,0.03287
0.10859,0.10354,0.21039,0.21503,0.10831,0.07658,0.08461,0.02891,0.03314,0.03089
0.10135,0.12323,0.04883,0.15410,0.11747,0.15017,0.16096,0.05165,0.04343,0.04881
0.09806,0.10238,0.18056,0.18547,0.19868,0.06173,0.06083,0.04571,0.03128,0.03530
0.13978,0.16670,0.15176,0.12482,0.20037,0.05172,0.06699,0.04203,0.01986,0.03597
0.16991,0.13773,0.07044,0.25633,0.16903,0.05992,0.07126,0.02326,0.01523,0.02687
0.27642,0.11188,0.02893,0.07278,0.28461,0.06688,0.08178,0.03784,0.01313,0.02575
0.18440,0.11835,0.10250,0.20410,0.15202,0.07844,0.08638,0.02163,0.02449,0.02768
0.21439,0.14657,0.05207,0.11307,0.20665,0.06968,0.08932,0.05183,0.02667,0.02975
0.20774,0.20623,0.16023,0.16163,0.06081,0.05966,0.07888,0.03400,0.01134,0.01947
0.13972,0.14208,0.07077,0.06397,0.09220,0.17087,0.21969,0.07280,0.01227,0.01562
0.14706,0.15633,0.14420,0.09242,0.13932,0.10042,0.09724,0.02999,0.02533,0.06769
0.13928,0.14435,0.15516,0.04264,0.10743,0.14724,0.17644,0.05105,0.01463,0.02176
0.21571,0.21538,0.12779,0.12329,0.11647,0.03948,0.05237,0.04119,0.02449,0.04382
0.21618,0.20194,0.06698,0.06103,0.21713,0.05536,0.05230,0.03791,0.02666,0.06450
0.21781,0.20936,0.14885,0.15237,0.08672,0.04253,0.06899,0.03559,0.01346,0.02431
0.11506,0.11899,0.13791,0.15337,0.23482,0.04897,0.04863,0.04531,0.04267,0.05426
0.23833,0.23436,0.11608,0.10157,0.07529,0.05269,0.05257,0.03309,0.03026,0.06575
0.09030,0.08207,0.16267,0.11377,0.12883,0.15396,0.17019,0.03240,0.02230,0.04351
0.09337,0.08741,0.10915,0.13213,0.44203,0.03586,0.03324,0.02030,0.02473,0.02179
0.13884,0.14651,0.17823,0.19107,0.18058,0.05025,0.05939,0.02270,0.01425,0.01818
0.22032,0.10687,0.12455,0.19716,0.11291,0.05401,0.06402,0.04873,0.03023,0.04121
0.18974,0.28694,0.08017,0.04886,0.19946,0.05743,0.05062,0.02319,0.01815,0.04544
0.16065,0.18361,0.15942,0.11270,0.18048,0.04312,0.04862,0.03398,0.02967,0.04774
0.31391,0.16346,0.06029,0.05335,0.22004,0.04741,0.04230,0.02272,0.02819,0.04834
0.16336,0.18079,0.06602,0.10464,0.15309,0.06302,0.05997,0.06786,0.04435,0.09691
0.14062,0.19106,0.08206,0.07557,0.18015,0.08514,0.10905,0.06457,0.03906,0.03271
0.19547,0.26209,0.03322,0.11187,0.23536,0.02218,0.06232,0.04674,0.00868,0.02207
0.16105,0.17428,0.10738,0.07409,0.13402,0.07087,0.14407,0.08302,0.01375,0.03747
0.15426,0.14876,0.25565,0.07776,0.09559,0.06646,0.06250,0.03615,0.03122,0.07166
0.06796,0.07338,0.07731,0.09370,0.30463,0.15301,0.15590,0.02390,0.02257,0.02764
0.14923,0.14028,0.09692,0.09552,0.13899,0.03893,0.15176,0.14042,0.01713,0.03081
0.21413,0.29085,0.09202,0.07090,0.23722,0.02368,0.02000,0.01570,0.01528,0.02022
0.15000,0.11674,0.16681,0.17641,0.10920,0.07962,0.10909,0.04734,0.01418,0.03061
0.09919,0.19411,0.04961,0.19736,0.15301,0.08901,0.10603,0.04472,0.03416,0.03280
0.13867,0.13188,0.07579,0.08072,0.10486,0.09872,0.09558,0.08134,0.09103,0.10141
0.34198,0.33124,0.04130,0.04050,0.04100,0.03565,0.06400,0.05407,0.01457,0.03569
0.12844,0.13040,0.21485,0.22022,0.11948,0.05899,0.06172,0.02122,0.01981,0.02487
0.17917,0.28322,0.08089,0.08437,0.19084,0.04131,0.06145,0.04073,0.01564,0.02236
0.14187,0.11199,0.08389,0.05570,0.08498,0.18667,0.17410,0.03048,0.06116,0.06915
0.16017,0.15749,0.08202,0.08048,0.18956,0.11821,0.12190,0.03137,0.02803,0.03076
0.21481,0.09901,0.05164,0.08139,0.19128,0.07585,0.05439,0.06851,0.05660,0.10652
0.08899,0.09333,0.16385,0.16817,0.06841,0.16040,0.18184,0.03218,0.01743,0.02541
0.29005,0.32447,0.05981,0.05497,0.13614,0.02688,0.04373,0.03025,0.01748,0.01623
0.23097,0.14732,0.11788,0.19898,0.13674,0.04359,0.03762,0.02317,0.02956,0.03416
0.15638,0.15524,0.05851,0.06025,0.15571,0.10264,0.17782,0.09033,0.01177,0.03137
0.15157,0.16816,0.09348,0.11532,0.15824,0.10217,0.11100,0.02896,0.02757,0.04353
0.10057,0.10432,0.09522,0.09499,0.08915,0.13428,0.18540,0.09836,0.03777,0.05995
0.15612,0.16206,0.26728,0.07514,0.10113,0.08044,0.09908,0.02774,0.01331,0.01771
0.24799,0.24538,0.08846,0.08829,0.10244,0.06627,0.07126,0.03346,0.02484,0.03160
0.06326,0.07614,0.06889,0.05996,0.08898,0.27342,0.28515,0.03381,0.02236,0.02803
0.14041,0.12779,0.05437,0.13901,0.14212,0.05808,0.06955,0.08136,0.05155,0.13577
0.22040,0.22747,0.10059,0.13178,0.10243,0.04093,0.05436,0.04412,0.02031,0.05761
0.16137,0.28459,0.05235,0.07391,0.22544,0.03507,0.05741,0.05225,0.04029,0.01733
0.19413,0.19912,0.05829,0.06573,0.10006,0.16291,0.16296,0.01946,0.01115,0.02619
0.12043,0.12468,0.43176,0.04879,0.11480,0.03720,0.04043,0.02783,0.02050,0.03358
0.16929,0.16952,0.07950,0.07493,0.10441,0.16316,0.17043,0.02383,0.01452,0.03040
0.19866,0.19320,0.05267,0.05675,0.25268,0.04685,0.06967,0.05817,0.02465,0.04671
0.18535,0.17783,0.08756,0.08814,0.15325,0.05994,0.07175,0.07156,0.03098,0.07364
0.14722,0.21471,0.09965,0.08022,0.20706,0.06871,0.07878,0.03574,0.02338,0.04452
0.21541,0.24795,0.08461,0.05591,0.13464,0.08828,0.08814,0.02391,0.01878,0.04237
0.09571,0.09541,0.13453,0.09687,0.11967,0.14639,0.18170,0.05987,0.02031,0.04955
0.14221,0.13874,0.12279,0.13507,0.27011,0.07357,0.07971,0.00990,0.01111,0.01680
0.14673,0.13522,0.05724,0.06446,0.30488,0.10978,0.11112,0.02526,0.01397,0.03134
0.10799,0.09949,0.05452,0.05618,0.06969,0.06510,0.20227,0.19743,0.03320,0.11414
0.11974,0.15790,0.10331,0.06381,0.12212,0.15348,0.17336,0.05083,0.01853,0.03694
0.14914,0.11960,0.14779,0.14662,0.13822,0.05018,0.08793,0.07324,0.02431,0.06297
0.19542,0.17975,0.03427,0.03349,0.19734,0.10908,0.11750,0.04818,0.02615,0.05883
0.21572,0.22335,0.09116,0.05522,0.21085,0.07180,0.06775,0.01828,0.01980,0.02605
0.22927,0.23107,0.11406,0.10414,0.08493,0.07997,0.08992,0.02032,0.01373,0.03259
0.24763,0.13531,0.05231,0.06846,0.15220,0.03788,0.14902,0.11703,0.01501,0.02515
0.16963,0.13349,0.22711,0.18257,0.16439,0.03426,0.03869,0.01991,0.01184,0.01811
0.18887,0.19099,0.09880,0.10070,0.09600,0.08956,0.10567,0.05067,0.04429,0.03445
0.11012,0.20462,0.05863,0.05721,0.19343,0.06109,0.15113,0.11171,0.02342,0.02864
0.11016,0.14629,0.19311,0.11068,0.19601,0.07604,0.06953,0.02383,0.02547,0.04889
0.12489,0.16949,0.07994,0.20446,0.10712,0.08808,0.10133,0.04205,0.02578,0.05686
0.14757,0.15019,0.19159,0.19814,0.13909,0.04009,0.05647,0.03230,0.01381,0.03077
0.07117,0.10388,0.12845,0.09567,0.15930,0.14323,0.17058,0.06315,0.02594,0.03864
0.09270,0.14436,0.07723,0.45797,0.08089,0.03227,0.03366,0.02079,0.01891,0.04124
0.22307,0.11693,0.07388,0.13866,0.15216,0.04594,0.13179,0.08652,0.01273,0.01832
0.10517,0.10138,0.11256,0.12161,0.12183,0.12023,0.19391,0.08642,0.01367,0.02322
0.27484,0.26382,0.08033,0.07458,0.07415,0.06497,0.05456,0.03184,0.03402,0.04687
0.11118,0.11034,0.05957,0.05916,0.24875,0.10806,0.12383,0.07193,0.02752,0.07967
0.20578,0.25722,0.07484,0.07393,0.17432,0.04783,0.05993,0.04008,0.01842,0.04765
0.13883,0.17043,0.10690,0.12408,0.09744,0.10913,0.12717,0.04282,0.02780,0.05540
0.14216,0.08316,0.23650,0.19274,0.14872,0.05408,0.06648,0.03146,0.01683,0.02787
0.28280,0.27675,0.09688,0.09512,0.08238,0.04574,0.06012,0.02827,0.00908,0.02286
0.27654,0.27887,0.10132,0.09994,0.11661,0.03979,0.04373,0.01419,0.01205,0.01695
0.19759,0.13080,0.08817,0.15025,0.08456,0.11382,0.13099,0.04048,0.02884,0.03450
0.16373,0.16424,0.16516,0.17509,0.16085,0.05159,0.05431,0.01969,0.01681,0.02852
0.21727,0.21860,0.05877,0.06680,0.08084,0.11570,0.13841,0.04807,0.01760,0.03794
0.19392,0.27768,0.05746,0.05582,0.20809,0.05565,0.07082,0.03808,0.01756,0.02491
0.15388,0.15318,0.19727,0.13593,0.18170,0.04573,0.05007,0.02813,0.02456,0.02956
0.15276,0.15042,0.16119,0.16511,0.19053,0.05326,0.05195,0.02225,0.02542,0.02710
0.12804,0.13603,0.14098,0.13744,0.03632,0.17446,0.18998,0.02398,0.01342,0.01935
0.10163,0.10284,0.12839,0.13532,0.17769,0.05401,0.11354,0.09940,0.02743,0.05976
0.15916,0.15633,0.13500,0.13166,0.14853,0.07567,0.06778,0.03368,0.04626,0.04594
0.19592,0.16066,0.14455,0.13374,0.13672,0.06379,0.08610,0.03522,0.01732,0.02597
0.11132,0.11550,0.16288,0.16697,0.16038,0.07638,0.09735,0.05533,0.01801,0.03588
0.22062,0.21852,0.11018,0.10588,0.11520,0.04702,0.05410,0.04525,0.02961,0.05362
0.12618,0.07940,0.06677,0.10752,0.07364,0.06576,0.25089,0.19776,0.01368,0.01840
0.20825,0.22294,0.12777,0.07885,0.13988,0.06150,0.07525,0.03807,0.01597,0.03151
0.15207,0.19606,0.10562,0.21153,0.09711,0.04890,0.04878,0.02936,0.03010,0.08046
0.18844,0.18290,0.13595,0.08177,0.12145,0.08373,0.09639,0.05347,0.02293,0.03296
0.09960,0.09845,0.13482,0.14588,0.20365,0.06310,0.12240,0.08661,0.01888,0.02660
0.17115,0.18008,0.13201,0.08480,0.13319,0.08098,0.11691,0.04460,0.01746,0.03882
0.26674,0.18039,0.06515,0.20085,0.14857,0.03134,0.02858,0.02378,0.01701,0.03759
0.08337,0.07228,0.11393,0.05380,0.04993,0.10327,0.25618,0.19151,0.01872,0.05702
0.22000,0.17622,0.05133,0.16777,0.20940,0.05042,0.05809,0.02557,0.01707,0.02413
0.11949,0.14329,0.11184,0.07882,0.14706,0.05938,0.14829,0.11406,0.02770,0.05008
0.10873,0.15981,0.11494,0.25251,0.12982,0.05984,0.04444,0.03495,0.04480,0.05015
0.15436,0.16373,0.14500,0.13052,0.18758,0.03201,0.06530,0.05642,0.01736,0.04772
0.26788,0.25135,0.07742,0.10489,0.13077,0.04132,0.04357,0.03008,0.02079,0.03192
0.16678,0.16301,0.04768,0.04914,0.16179,0.10155,0.11612,0.07172,0.04115,0.08104
0.19599,0.18905,0.07477,0.07379,0.06094,0.08327,0.05640,0.06087,0.15924,0.04569
0.26433,0.26163,0.06925,0.10248,0.14970,0.03714,0.05173,0.03029,0.01061,0.02284
0.08139,0.22065,0.07337,0.07461,0.25815,0.04749,0.07910,0.06578,0.04234,0.05713
0.07878,0.09496,0.28102,0.03543,0.06126,0.16445,0.16669,0.04588,0.02303,0.04848
0.18082,0.11707,0.03358,0.05154,0.16177,0.04331,0.21064,0.17400,0.01113,0.01615
0.13600,0.14190,0.12912,0.13307,0.12173,0.08688,0.08417,0.04489,0.05032,0.07191
0.23134,0.22700,0.14912,0.14623,0.05837,0.03804,0.06092,0.04248,0.01682,0.02969
0.19439,0.20335,0.14466,0.15782,0.14606,0.05058,0.05527,0.01605,0.01350,0.01832
0.10994,0.20236,0.06367,0.08162,0.22890,0.06243,0.11417,0.07124,0.01984,0.04582
0.15053,0.15281,0.08202,0.08051,0.07229,0.13835,0.13493,0.05862,0.04860,0.08135
0.09436,0.08419,0.21391,0.11969,0.13902,0.10932,0.09575,0.03383,0.03742,0.07251
0.18616,0.18401,0.10850,0.10933,0.16677,0.06784,0.09815,0.04765,0.01149,0.02009
0.11386,0.10735,0.11287,0.10556,0.11603,0.15010,0.20137,0.05383,0.01718,0.02185
0.12619,0.12308,0.19667,0.21443,0.12349,0.05453,0.07048,0.03418,0.02714,0.02981
0.16320,0.11771,0.14578,0.14922,0.12744,0.07969,0.06481,0.03585,0.06268,0.05363
0.28395,0.28742,0.08097,0.05789,0.10609,0.05178,0.05632,0.02249,0.01385,0.03925
0.22578,0.21909,0.09478,0.06311,0.11434,0.08627,0.10888,0.04330,0.01830,0.02616
0.22087,0.14913,0.06707,0.07813,0.17448,0.09296,0.08544,0.03125,0.06117,0.03950
0.18283,0.17914,0.04049,0.28324,0.19258,0.02538,0.02248,0.02379,0.02187,0.02821
0.26796,0.27125,0.06816,0.06723,0.10184,0.04781,0.05859,0.04481,0.03716,0.03519
0.19792,0.18431,0.14737,0.10149,0.10135,0.07953,0.09127,0.03916,0.02395,0.03364
0.11443,0.12606,0.34106,0.08860,0.07437,0.06071,0.04776,0.03366,0.02771,0.08566
0.11924,0.11228,0.06005,0.06841,0.35396,0.08452,0.09762,0.04638,0.02095,0.03657
0.29269,0.16537,0.04972,0.06142,0.23379,0.05207,0.05099,0.02655,0.03226,0.03514
0.09011,0.09549,0.24699,0.24377,0.04948,0.06202,0.09528,0.06491,0.02631,0.02564
0.09516,0.09172,0.09763,0.10930,0.14777,0.16740,0.18774,0.04590,0.02059,0.03680
0.12172,0.12004,0.23584,0.22777,0.06809,0.03767,0.06778,0.04439,0.02107,0.05563
0.21373,0.21611,0.11035,0.10767,0.15230,0.06920,0.07223,0.02690,0.01277,0.01874
0.26276,0.17209,0.08907,0.05672,0.20705,0.07251,0.08001,0.02412,0.01186,0.02381
0.19014,0.10943,0.03783,0.13200,0.05192,0.18907,0.19963,0.03402,0.01915,0.03682
0.07385,0.07373,0.10771,0.08533,0.10704,0.23778,0.24493,0.02349,0.01529,0.03084
0.21855,0.21892,0.07928,0.08474,0.10652,0.10045,0.11277,0.02384,0.01769,0.03724
0.10036,0.20899,0.09464,0.07943,0.17957,0.11887,0.12286,0.03417,0.02250,0.03861
0.15149,0.21470,0.11489,0.15733,0.13444,0.05218,0.06287,0.04695,0.02698,0.03818
0.16174,0.14711,0.08060,0.10226,0.16429,0.07065,0.05110,0.04942,0.05893,0.11389
0.22651,0.27340,0.09529,0.05299,0.12161,0.06742,0.07514,0.03330,0.01731,0.03703
0.03858,0.03824,0.19292,0.19874,0.06910,0.19954,0.22128,0.02116,0.00724,0.01321
0.21594,0.20051,0.04334,0.04530,0.22127,0.09628,0.09835,0.02580,0.01627,0.03694
0.14513,0.12881,0.08554,0.08940,0.08343,0.16486,0.19881,0.05470,0.02350,0.02583
0.33627,0.33331,0.08553,0.08567,0.04874,0.02808,0.03264,0.01539,0.01088,0.02348
0.16998,0.22839,0.16684,0.06004,0.19555,0.04111,0.05602,0.03543,0.01566,0.03098
0.06391,0.06536,0.14880,0.15894,0.11096,0.18950,0.20648,0.02431,0.01360,0.01812
0.18961,0.29935,0.03309,0.02676,0.20230,0.05066,0.10497,0.06039,0.01204,0.02083
0.20404,0.22030,0.11263,0.13337,0.13109,0.03658,0.03739,0.02871,0.02387,0.07202
0.24170,0.23868,0.09339,0.10250,0.12268,0.06501,0.07299,0.02824,0.01135,0.02346
0.10737,0.11650,0.03462,0.10275,0.10261,0.19423,0.21370,0.05953,0.02524,0.04344
0.19455,0.18638,0.04999,0.04907,0.12196,0.05488,0.13609,0.11037,0.02530,0.07141
0.13275,0.21982,0.15890,0.09856,0.19584,0.03952,0.05962,0.04868,0.01391,0.03241
0.14433,0.13926,0.11186,0.13380,0.29401,0.05034,0.05290,0.02428,0.01622,0.03300
0.20234,0.20854,0.14243,0.15045,0.14283,0.04969,0.05266,0.01849,0.01296,0.01960
0.10822,0.14876,0.26458,0.10260,0.10875,0.06100,0.06706,0.04779,0.02946,0.06177
0.07886,0.08596,0.13763,0.10043,0.13227,0.06093,0.21092,0.16833,0.00954,0.01513
0.15016,0.14371,0.09712,0.10984,0.16588,0.03475,0.14055,0.11993,0.01637,0.02169
0.15586,0.14931,0.14110,0.14786,0.16691,0.05378,0.07311,0.04816,0.02031,0.04359
0.22136,0.13989,0.05365,0.08359,0.15004,0.11581,0.11975,0.03565,0.04149,0.03876
