0.04859,0.04715,0.04937,0.04507,0.04533,0.04348,0.04478,0.04764,0.04742,0.05377,0.05516,0.05207,0.05281,0.05378,0.05594,0.05917,0.05751,0.04810,0.04670,0.04615
0.04580,0.04023,0.05392,0.05334,0.04483,0.05363,0.05444,0.05242,0.05252,0.05930,0.05113,0.05224,0.04613,0.04221,0.05034,0.05183,0.04666,0.04604,0.05156,0.05143
0.04633,0.04340,0.05169,0.04738,0.04510,0.05337,0.05508,0.05690,0.05689,0.06172,0.04297,0.04222,0.04726,0.03810,0.04403,0.06434,0.05793,0.04604,0.05133,0.04793
0.04197,0.04287,0.04778,0.04823,0.04807,0.04515,0.04544,0.05329,0.05377,0.05161,0.04837,0.04621,0.05072,0.04157,0.04591,0.06101,0.08046,0.05778,0.04414,0.04564
0.04515,0.04610,0.04881,0.04993,0.05130,0.04124,0.04220,0.04854,0.04855,0.04524,0.06584,0.05603,0.05282,0.04953,0.05476,0.04950,0.05317,0.05429,0.04906,0.04794
0.06472,0.05671,0.05408,0.05658,0.05345,0.05056,0.05195,0.04824,0.04822,0.05378,0.04484,0.04351,0.04445,0.04425,0.04404,0.04953,0.04702,0.04651,0.04826,0.04929
0.05191,0.05428,0.06140,0.05738,0.05874,0.04766,0.04801,0.04898,0.04795,0.04406,0.04289,0.04552,0.04811,0.04685,0.04281,0.04996,0.04926,0.05176,0.05037,0.05209
0.04620,0.04709,0.04620,0.04497,0.04729,0.04072,0.04120,0.04574,0.04627,0.04903,0.06062,0.05551,0.06592,0.05499,0.05168,0.04838,0.05518,0.05538,0.04786,0.04974
0.04548,0.04485,0.04978,0.04786,0.04715,0.04262,0.04323,0.04642,0.04672,0.04883,0.05540,0.05576,0.05955,0.05649,0.05467,0.05217,0.05607,0.05058,0.04869,0.04766
0.04767,0.04590,0.04988,0.04825,0.04515,0.05654,0.05635,0.05220,0.05275,0.06452,0.04523,0.04556,0.04587,0.04391,0.04705,0.05448,0.05211,0.04707,0.05023,0.04926
0.04641,0.04743,0.05004,0.04775,0.05082,0.04050,0.04132,0.04538,0.04687,0.04592,0.05696,0.05213,0.04727,0.05685,0.05575,0.05604,0.06420,0.05323,0.04708,0.04806
0.04601,0.04825,0.05225,0.04710,0.04956,0.04347,0.04397,0.04691,0.04783,0.05434,0.05816,0.05626,0.05204,0.04496,0.05303,0.05505,0.05008,0.04824,0.05194,0.05057
0.05595,0.05527,0.05501,0.04985,0.05258,0.04834,0.04739,0.04697,0.04624,0.04433,0.04500,0.04645,0.04908,0.04291,0.04491,0.06048,0.05750,0.05018,0.05171,0.04983
0.04769,0.04786,0.04232,0.04682,0.04542,0.05793,0.05784,0.05713,0.05525,0.05900,0.04191,0.04497,0.04804,0.04748,0.04482,0.05227,0.05240,0.05182,0.04744,0.05162
0.06021,0.05946,0.05292,0.04898,0.05273,0.05028,0.04867,0.04518,0.04600,0.04980,0.04331,0.04643,0.04763,0.04636,0.04486,0.05196,0.05544,0.05223,0.04724,0.05030
0.04336,0.04836,0.04577,0.04518,0.05202,0.04405,0.04583,0.04575,0.04655,0.04140,0.06092,0.05518,0.04914,0.05734,0.06464,0.05171,0.05276,0.05009,0.05132,0.04861
0.04642,0.04543,0.04870,0.04755,0.04775,0.04247,0.04217,0.04576,0.04616,0.05977,0.05433,0.06330,0.05782,0.04758,0.05867,0.05161,0.05172,0.04896,0.04819,0.04563
0.05544,0.06641,0.04526,0.04679,0.06507,0.04717,0.04677,0.04174,0.04155,0.04612,0.04887,0.04811,0.05009,0.04742,0.05000,0.05182,0.05293,0.05217,0.04821,0.04807
0.04659,0.04616,0.04604,0.04843,0.04756,0.05877,0.05971,0.04672,0.04607,0.04858,0.04748,0.04842,0.05197,0.04739,0.04701,0.05196,0.05707,0.05385,0.04942,0.05079
0.05935,0.06170,0.05683,0.05072,0.05260,0.04570,0.04499,0.04581,0.04510,0.05102,0.04432,0.05068,0.04688,0.05135,0.04520,0.05180,0.04966,0.04844,0.04934,0.04850
0.04556,0.04445,0.04804,0.04562,0.04243,0.05156,0.05200,0.05564,0.05590,0.06283,0.05026,0.05003,0.04266,0.04648,0.05039,0.05462,0.05263,0.04864,0.04880,0.05145
0.04738,0.04627,0.05023,0.04747,0.04801,0.04777,0.04702,0.04976,0.05016,0.05634,0.04810,0.04858,0.05004,0.04583,0.04783,0.05943,0.05935,0.05161,0.04908,0.04972
0.05498,0.06601,0.05278,0.05082,0.06288,0.04620,0.04547,0.04363,0.04402,0.04262,0.05006,0.04793,0.05291,0.04503,0.04844,0.05104,0.05440,0.05016,0.04504,0.04559
0.05039,0.04496,0.04430,0.05063,0.04268,0.04848,0.04960,0.06694,0.06771,0.06051,0.04280,0.04217,0.04151,0.04147,0.04764,0.05957,0.05707,0.04592,0.04682,0.04882
0.05103,0.04860,0.04330,0.04557,0.04469,0.03965,0.04019,0.04627,0.04653,0.04772,0.05403,0.05353,0.05504,0.05946,0.06038,0.05800,0.05674,0.05038,0.05112,0.04779
0.04540,0.04618,0.05012,0.04669,0.04611,0.04367,0.04296,0.05097,0.05137,0.05903,0.04929,0.05242,0.04951,0.04970,0.04687,0.05865,0.05857,0.05028,0.05018,0.05200
0.04285,0.04653,0.04592,0.04688,0.05089,0.04582,0.04622,0.05279,0.05173,0.05024,0.05008,0.05359,0.04780,0.05305,0.05436,0.05076,0.05927,0.05369,0.04903,0.04851
0.04596,0.04568,0.04979,0.04632,0.04634,0.05299,0.05314,0.05309,0.05176,0.05271,0.04708,0.04630,0.04729,0.04334,0.04568,0.06054,0.06414,0.05209,0.04736,0.04841
0.04674,0.04744,0.04127,0.04529,0.04763,0.04298,0.04294,0.05024,0.05059,0.05452,0.04844,0.04690,0.05216,0.05845,0.05188,0.05843,0.06280,0.05519,0.04705,0.04905
0.05652,0.05969,0.05393,0.05222,0.05574,0.05068,0.04924,0.04776,0.04708,0.04585,0.04633,0.04420,0.04345,0.04546,0.04195,0.05264,0.05125,0.05112,0.05081,0.05407
0.04489,0.04802,0.04452,0.04335,0.04582,0.04458,0.04395,0.04562,0.04468,0.04252,0.05618,0.05240,0.07634,0.06131,0.05288,0.05100,0.05385,0.05100,0.04857,0.04852
0.05052,0.04931,0.06210,0.05433,0.05275,0.04382,0.04298,0.05078,0.05168,0.06276,0.04844,0.04796,0.04528,0.04181,0.04665,0.05434,0.04731,0.04638,0.05048,0.05032
0.04233,0.04620,0.04368,0.04547,0.05083,0.04491,0.04483,0.04511,0.04482,0.04345,0.05464,0.05257,0.06153,0.06574,0.05612,0.05012,0.05496,0.05381,0.05002,0.04887
0.05513,0.05245,0.05299,0.05415,0.05437,0.04831,0.04770,0.04947,0.05004,0.04588,0.05342,0.04610,0.05030,0.04173,0.04415,0.05243,0.05179,0.05070,0.04834,0.05056
0.04582,0.04162,0.04602,0.04787,0.04495,0.05063,0.05202,0.06139,0.06085,0.05437,0.04336,0.04394,0.04348,0.04083,0.04660,0.07028,0.06709,0.04679,0.04645,0.04563
0.05070,0.04940,0.04201,0.04700,0.04615,0.04315,0.04348,0.05069,0.05022,0.04784,0.05670,0.05789,0.05507,0.05317,0.06303,0.04839,0.04742,0.04803,0.05025,0.04941
0.05096,0.04838,0.05703,0.05391,0.04861,0.05007,0.04903,0.04907,0.04993,0.05739,0.04225,0.04173,0.05033,0.04182,0.04262,0.06084,0.05515,0.04885,0.05214,0.04988
0.04335,0.04501,0.05099,0.04595,0.04809,0.04546,0.04408,0.04403,0.04506,0.04761,0.05171,0.05533,0.05470,0.06374,0.05166,0.04876,0.06018,0.05952,0.04667,0.04808
0.04651,0.04274,0.05167,0.05192,0.04304,0.05262,0.05548,0.05569,0.05403,0.05246,0.05045,0.05176,0.04709,0.04195,0.05018,0.05431,0.05089,0.04554,0.05225,0.04940
0.04645,0.04456,0.05548,0.04944,0.04654,0.04714,0.04700,0.05341,0.05350,0.06881,0.04780,0.04971,0.04409,0.04326,0.04912,0.05974,0.05351,0.04456,0.04952,0.04634
0.04344,0.04556,0.05141,0.04847,0.05058,0.04398,0.04252,0.05693,0.05690,0.05176,0.04806,0.05742,0.05273,0.04466,0.05385,0.05515,0.05203,0.04671,0.05099,0.04685
0.04518,0.04796,0.04905,0.04749,0.05037,0.04661,0.04738,0.04697,0.04793,0.05256,0.05032,0.05646,0.05402,0.03988,0.05231,0.05753,0.06464,0.05243,0.04592,0.04500
0.04680,0.04574,0.05281,0.05082,0.04665,0.07138,0.07032,0.05121,0.05001,0.04921,0.04496,0.04402,0.04916,0.04584,0.04164,0.05100,0.05115,0.04431,0.04612,0.04685
0.04741,0.04737,0.04748,0.04687,0.04814,0.05709,0.05837,0.05399,0.05352,0.04846,0.04419,0.04883,0.04744,0.04156,0.04572,0.05222,0.06042,0.05415,0.04782,0.04897
0.04644,0.04047,0.04865,0.04881,0.04267,0.05069,0.05131,0.06042,0.05720,0.05643,0.05144,0.05457,0.04278,0.04142,0.05100,0.05231,0.05804,0.05275,0.04838,0.04419
0.05524,0.05924,0.05658,0.05359,0.05428,0.04925,0.04858,0.04455,0.04477,0.04772,0.04574,0.04546,0.04793,0.04908,0.04477,0.05544,0.05264,0.04641,0.04904,0.04967
0.05457,0.06217,0.05082,0.04819,0.05905,0.04673,0.04579,0.04885,0.04805,0.04466,0.05111,0.04927,0.04168,0.05388,0.05089,0.04649,0.04776,0.05007,0.04996,0.05001
0.04487,0.04539,0.05234,0.04818,0.04993,0.04187,0.04373,0.04938,0.05109,0.04828,0.06156,0.05634,0.04880,0.05218,0.05439,0.05103,0.05281,0.04863,0.05156,0.04762
0.04591,0.04878,0.04675,0.04797,0.04642,0.04906,0.04805,0.04436,0.04393,0.04711,0.05204,0.05804,0.06762,0.05750,0.05402,0.04548,0.04579,0.04956,0.04931,0.05230
0.04439,0.04574,0.04694,0.04555,0.04540,0.04444,0.04517,0.04542,0.04553,0.04331,0.05829,0.05685,0.04782,0.06707,0.05761,0.05065,0.05336,0.05511,0.05179,0.04957
0.04357,0.04773,0.04609,0.04394,0.04835,0.04620,0.04568,0.04779,0.04828,0.04577,0.05090,0.05242,0.06533,0.05178,0.05290,0.05629,0.05687,0.05198,0.04844,0.04969
0.04814,0.04597,0.04730,0.04932,0.04740,0.04522,0.04556,0.04506,0.04509,0.04721,0.05907,0.05681,0.05369,0.05241,0.05947,0.04949,0.04708,0.05077,0.05307,0.05188
0.05435,0.05605,0.05641,0.05171,0.05297,0.04345,0.04400,0.04601,0.04576,0.05216,0.04586,0.04682,0.05104,0.04066,0.04329,0.06295,0.06298,0.05162,0.04679,0.04513
0.04646,0.04496,0.04239,0.04733,0.04372,0.05772,0.05965,0.06224,0.06161,0.06372,0.04682,0.04390,0.04321,0.04992,0.04704,0.04844,0.04795,0.04584,0.04742,0.04964
0.04588,0.04586,0.04813,0.04485,0.04372,0.05669,0.05586,0.05635,0.05633,0.06568,0.04602,0.04697,0.04661,0.04827,0.04640,0.05547,0.05202,0.04609,0.04878,0.04405
0.04948,0.05548,0.04852,0.04609,0.05447,0.04436,0.04450,0.05011,0.05113,0.04057,0.04725,0.04027,0.04121,0.04456,0.04306,0.06746,0.08224,0.05568,0.04657,0.04699
0.04581,0.04840,0.03970,0.04508,0.04776,0.04786,0.04805,0.04179,0.04103,0.03965,0.05303,0.05098,0.07815,0.04865,0.05394,0.05643,0.06534,0.05546,0.04446,0.04846
0.04744,0.04900,0.04625,0.04617,0.04831,0.04787,0.04844,0.05788,0.05826,0.06006,0.04503,0.04751,0.04300,0.04609,0.04895,0.05615,0.05870,0.04922,0.04670,0.04898
0.04283,0.04548,0.04443,0.04698,0.04886,0.04425,0.04492,0.04876,0.04948,0.04308,0.06025,0.05262,0.05470,0.05435,0.05716,0.04881,0.05718,0.05928,0.04778,0.04881
0.04459,0.04810,0.04212,0.04151,0.04400,0.04050,0.04196,0.05340,0.05287,0.04919,0.05283,0.05023,0.05442,0.05326,0.05171,0.05710,0.06807,0.05758,0.04720,0.04937
0.04458,0.04744,0.04591,0.04448,0.04622,0.04738,0.04792,0.04528,0.04443,0.03900,0.06626,0.05520,0.05889,0.05412,0.05421,0.05006,0.05112,0.05238,0.05039,0.05473
0.04582,0.04387,0.04834,0.04669,0.04417,0.04221,0.04305,0.04487,0.04725,0.05011,0.05487,0.05484,0.05713,0.06983,0.06009,0.04774,0.04945,0.05107,0.05043,0.04816
0.04607,0.04250,0.04724,0.05166,0.04468,0.04455,0.04497,0.04532,0.04530,0.05561,0.05529,0.05920,0.05517,0.05580,0.05205,0.05092,0.05164,0.05159,0.04831,0.05215
0.04661,0.04738,0.05099,0.04716,0.04855,0.04604,0.04637,0.04653,0.04723,0.05206,0.05215,0.05586,0.05302,0.06488,0.05044,0.04798,0.04999,0.04913,0.04817,0.04946
0.04059,0.04338,0.04493,0.04445,0.04573,0.04143,0.04116,0.04693,0.04767,0.04895,0.05471,0.05833,0.05293,0.05806,0.06129,0.05438,0.06054,0.05641,0.04915,0.04896
0.04488,0.04280,0.04813,0.04637,0.04379,0.05924,0.05975,0.06023,0.05868,0.05948,0.04644,0.04406,0.04855,0.04326,0.04216,0.05700,0.05556,0.04602,0.04952,0.04408
0.04650,0.04317,0.04667,0.05001,0.04276,0.05981,0.06030,0.05219,0.05167,0.05653,0.04581,0.04751,0.05460,0.04338,0.04587,0.05061,0.05128,0.05070,0.04951,0.05112
0.05351,0.06039,0.05433,0.05166,0.06236,0.04763,0.04605,0.04650,0.04648,0.04482,0.04747,0.05067,0.04300,0.04752,0.04746,0.05273,0.05439,0.04970,0.04687,0.04649
0.04879,0.05109,0.04992,0.04704,0.05145,0.04248,0.04408,0.04531,0.04475,0.04040,0.05449,0.05353,0.06125,0.06237,0.05396,0.04637,0.04816,0.05197,0.04884,0.05373
0.05112,0.05766,0.05434,0.05199,0.06205,0.04710,0.04612,0.04410,0.04450,0.04759,0.05198,0.05493,0.05045,0.04937,0.05256,0.04663,0.04290,0.04556,0.04942,0.04964
0.04778,0.04532,0.04899,0.04921,0.04649,0.04750,0.04762,0.05747,0.05796,0.07867,0.04290,0.04570,0.04490,0.03853,0.04599,0.05796,0.05224,0.04735,0.04964,0.04777
0.06287,0.07836,0.05016,0.05184,0.07247,0.05375,0.05199,0.04409,0.04381,0.04178,0.04472,0.04670,0.04238,0.04554,0.04167,0.04468,0.04489,0.04791,0.04483,0.04555
0.05271,0.04791,0.04995,0.04989,0.04576,0.04951,0.05104,0.05110,0.05186,0.05614,0.04837,0.05043,0.04452,0.04471,0.05081,0.05122,0.05063,0.05040,0.05156,0.05149
0.04000,0.04277,0.04073,0.04123,0.04362,0.04219,0.04150,0.04902,0.05046,0.03812,0.05735,0.05158,0.05840,0.05095,0.05406,0.05635,0.08086,0.06567,0.04755,0.04758
0.04599,0.04612,0.04483,0.04616,0.04554,0.05241,0.05278,0.04785,0.04737,0.04403,0.06193,0.05520,0.05603,0.05415,0.05003,0.04581,0.05011,0.05381,0.04858,0.05127
0.05065,0.04528,0.05001,0.04933,0.04580,0.04890,0.04815,0.05536,0.05503,0.07317,0.04287,0.04470,0.04437,0.04779,0.04382,0.05603,0.05369,0.04779,0.04868,0.04859
0.05547,0.06009,0.05638,0.05202,0.05596,0.04715,0.04752,0.04830,0.04864,0.04323,0.04783,0.04892,0.04423,0.05309,0.04631,0.04963,0.04826,0.04667,0.04966,0.05064
0.05920,0.06353,0.05046,0.05027,0.05431,0.04832,0.04785,0.04801,0.04614,0.04609,0.04413,0.04513,0.04720,0.04648,0.04395,0.05407,0.05425,0.05070,0.04945,0.05046
0.04538,0.04312,0.04000,0.04693,0.04184,0.06123,0.06076,0.06577,0.06543,0.05050,0.04476,0.04403,0.04693,0.04357,0.04810,0.04936,0.05419,0.05083,0.04780,0.04948
0.04411,0.04391,0.05126,0.04723,0.04643,0.04217,0.04300,0.05579,0.05552,0.05051,0.05448,0.05598,0.04469,0.04830,0.05335,0.05775,0.05904,0.05078,0.04939,0.04632
0.04864,0.05249,0.05209,0.05272,0.05914,0.04632,0.04685,0.04603,0.04576,0.05076,0.04638,0.04505,0.04795,0.04436,0.04487,0.06026,0.05742,0.05111,0.04904,0.05275
0.04388,0.04378,0.04333,0.04498,0.04301,0.04326,0.04231,0.04796,0.04790,0.04005,0.06021,0.06173,0.05433,0.07932,0.06014,0.04351,0.04958,0.05537,0.04880,0.04656
0.06248,0.06291,0.05370,0.05128,0.05314,0.05043,0.04986,0.04793,0.04722,0.04784,0.04563,0.04836,0.04376,0.04571,0.04622,0.04980,0.04695,0.04786,0.04633,0.05260
0.04499,0.04142,0.04713,0.05039,0.04334,0.04743,0.04754,0.04948,0.04917,0.04438,0.06499,0.05346,0.04438,0.04640,0.06055,0.05063,0.05882,0.05607,0.05122,0.04820
0.04840,0.04841,0.04550,0.04593,0.04933,0.04482,0.04621,0.04784,0.04740,0.04497,0.05531,0.05138,0.05310,0.05154,0.05535,0.05789,0.05686,0.04937,0.05100,0.04937
0.04355,0.04194,0.05069,0.04829,0.04669,0.05394,0.05665,0.05387,0.05256,0.05155,0.04985,0.04722,0.04789,0.04428,0.04822,0.05527,0.06027,0.05183,0.04863,0.04679
0.05605,0.05244,0.05881,0.05423,0.05239,0.04847,0.04754,0.04141,0.04104,0.05616,0.05275,0.04652,0.05319,0.04808,0.04671,0.05093,0.04600,0.04660,0.04900,0.05165
0.04995,0.04805,0.04839,0.04746,0.04787,0.03976,0.04031,0.04308,0.04282,0.04350,0.05793,0.06054,0.05115,0.07646,0.05511,0.04749,0.05194,0.05307,0.04900,0.04613
0.04709,0.04336,0.04591,0.04904,0.04298,0.05022,0.05189,0.05766,0.05605,0.06563,0.04808,0.04654,0.04250,0.04359,0.05003,0.05580,0.05102,0.04920,0.05181,0.05160
0.04694,0.04636,0.04276,0.04699,0.04496,0.04534,0.04628,0.04804,0.04911,0.04259,0.06890,0.05893,0.05649,0.05366,0.05896,0.04691,0.04916,0.04936,0.04822,0.05002
0.04277,0.04413,0.04418,0.04348,0.04433,0.03906,0.03887,0.05016,0.04942,0.04704,0.05471,0.05529,0.04877,0.06095,0.06060,0.05510,0.06832,0.05889,0.04584,0.04809
0.04898,0.04925,0.04984,0.04891,0.05153,0.04302,0.04291,0.04404,0.04409,0.05465,0.05363,0.05835,0.05326,0.06116,0.05317,0.04849,0.04646,0.04791,0.04923,0.05110
0.04544,0.04541,0.04444,0.04516,0.04387,0.06497,0.06504,0.05585,0.05532,0.04848,0.04825,0.04598,0.04616,0.05536,0.04775,0.04724,0.04867,0.04816,0.04651,0.05193
0.04290,0.04819,0.04290,0.04283,0.05101,0.04641,0.04716,0.04576,0.04733,0.04285,0.05877,0.05458,0.05212,0.06125,0.06859,0.04496,0.05395,0.05509,0.04826,0.04509
0.04774,0.04558,0.04682,0.04566,0.04614,0.04758,0.04841,0.05890,0.05744,0.06324,0.04713,0.04533,0.04387,0.04871,0.05300,0.05262,0.05212,0.04971,0.04939,0.05060
0.04934,0.05123,0.04488,0.04863,0.04930,0.04203,0.04401,0.05601,0.05619,0.05188,0.05328,0.05394,0.04567,0.04787,0.05929,0.05095,0.04832,0.04889,0.05101,0.04728
0.04662,0.04951,0.04119,0.04282,0.04790,0.04247,0.04151,0.04877,0.04987,0.04269,0.06236,0.05547,0.05430,0.05437,0.07000,0.05004,0.04965,0.04968,0.05122,0.04954
0.07466,0.08906,0.04899,0.04951,0.06745,0.04502,0.04389,0.04029,0.04054,0.03768,0.04450,0.04453,0.04347,0.04466,0.04497,0.05229,0.04852,0.04621,0.04406,0.04970
0.05482,0.05771,0.04837,0.04517,0.04780,0.04813,0.04850,0.04666,0.04667,0.05682,0.04481,0.04556,0.04670,0.04597,0.04398,0.05983,0.06306,0.05422,0.04498,0.05025
0.04853,0.04768,0.05068,0.04985,0.04778,0.04468,0.04587,0.05011,0.05142,0.05022,0.06628,0.05386,0.05388,0.04712,0.05100,0.04883,0.04504,0.04759,0.04920,0.05038
