0.04689,0.04287,0.05431,0.05449,0.05585,0.07620,0.05822,0.04289,0.06247,0.04834,0.04980,0.05638,0.04700,0.04501,0.04590,0.03809,0.03980,0.04497,0.04166,0.04888
0.06373,0.04997,0.08396,0.04983,0.05722,0.06694,0.05634,0.04825,0.05320,0.04492,0.04741,0.04527,0.03527,0.04589,0.03063,0.03702,0.03930,0.04426,0.04267,0.05792
0.06984,0.04272,0.06833,0.04820,0.06303,0.05612,0.06684,0.04893,0.05401,0.05476,0.04396,0.05027,0.04177,0.04735,0.03402,0.03608,0.02996,0.04976,0.03436,0.05968
0.04535,0.04860,0.06203,0.04843,0.04942,0.07935,0.06784,0.04523,0.05989,0.04873,0.04769,0.04198,0.04181,0.05536,0.03509,0.03659,0.03291,0.03802,0.05734,0.05835
0.05770,0.03992,0.08450,0.04861,0.05027,0.06999,0.06693,0.04609,0.06071,0.05081,0.03871,0.04190,0.03719,0.05703,0.02845,0.04020,0.02967,0.04831,0.04107,0.06195
0.04907,0.04571,0.05711,0.04824,0.06081,0.07824,0.05874,0.04741,0.05428,0.04456,0.05116,0.05472,0.04664,0.04656,0.03922,0.03850,0.03581,0.04856,0.04265,0.05202
0.05622,0.04477,0.06942,0.04641,0.05083,0.06403,0.07972,0.04064,0.05539,0.04673,0.04403,0.04604,0.04269,0.04866,0.03717,0.04094,0.03598,0.04190,0.04827,0.06015
0.05516,0.04745,0.07098,0.04673,0.05831,0.06432,0.06139,0.04758,0.05355,0.04582,0.04753,0.05038,0.04537,0.04481,0.03611,0.03682,0.03936,0.04904,0.04320,0.05610
0.06723,0.04431,0.07099,0.04766,0.06726,0.06220,0.05802,0.04343,0.05176,0.05930,0.03814,0.04833,0.04099,0.05304,0.02942,0.04347,0.03048,0.04479,0.04103,0.05816
0.05221,0.05038,0.07641,0.05183,0.05833,0.06530,0.05919,0.04989,0.05413,0.04361,0.05456,0.04781,0.04276,0.04047,0.03428,0.03679,0.03811,0.04477,0.04480,0.05439
0.04740,0.04939,0.06183,0.05498,0.05113,0.06541,0.06136,0.04994,0.06354,0.04653,0.04563,0.04905,0.03975,0.05360,0.03879,0.03826,0.03776,0.04032,0.05389,0.05143
0.05480,0.04803,0.05941,0.04907,0.05311,0.05766,0.06104,0.04208,0.05857,0.06508,0.04225,0.05481,0.04686,0.04934,0.03577,0.03931,0.04198,0.04816,0.04021,0.05245
0.06535,0.04875,0.07121,0.04266,0.05805,0.06739,0.06699,0.03957,0.05494,0.05394,0.04638,0.04568,0.04586,0.04806,0.03317,0.04001,0.03351,0.04309,0.03998,0.05542
0.05723,0.04744,0.07716,0.04947,0.05308,0.07012,0.06118,0.05002,0.05077,0.04354,0.05005,0.04401,0.04331,0.04413,0.03472,0.03668,0.04150,0.04858,0.04140,0.05560
0.05974,0.04813,0.06527,0.04866,0.05799,0.06662,0.06004,0.04299,0.05324,0.05564,0.04105,0.05565,0.04575,0.05189,0.04050,0.03721,0.03362,0.04345,0.04080,0.05177
0.05483,0.04594,0.06116,0.04740,0.05123,0.05833,0.05589,0.05895,0.05357,0.05635,0.04454,0.05070,0.04504,0.05489,0.04356,0.03915,0.03674,0.04656,0.04451,0.05066
0.06158,0.04771,0.08080,0.04652,0.05230,0.07131,0.06278,0.04379,0.05253,0.05215,0.04612,0.04267,0.04316,0.05001,0.03112,0.03821,0.03416,0.04629,0.03827,0.05854
0.05058,0.04445,0.07165,0.05026,0.06015,0.05926,0.06377,0.04656,0.05567,0.04817,0.05398,0.04980,0.04096,0.04242,0.03744,0.03914,0.04073,0.04602,0.04391,0.05508
0.06207,0.04896,0.06878,0.04730,0.05021,0.07070,0.06035,0.04795,0.06086,0.05512,0.04118,0.04334,0.03715,0.06061,0.03198,0.04056,0.03136,0.03853,0.04437,0.05861
0.05181,0.04798,0.08093,0.05771,0.05857,0.06857,0.05524,0.04626,0.05807,0.04649,0.04961,0.04337,0.04058,0.04118,0.03198,0.03707,0.04107,0.04545,0.04263,0.05544
0.04569,0.04822,0.05440,0.04455,0.05131,0.06345,0.07396,0.03997,0.06445,0.04727,0.04801,0.05186,0.04488,0.05540,0.04132,0.04610,0.03231,0.04096,0.04852,0.05738
0.05364,0.04320,0.06197,0.04978,0.07675,0.06735,0.04990,0.04750,0.05806,0.05054,0.04538,0.05434,0.04635,0.04650,0.04008,0.03760,0.03262,0.04223,0.04344,0.05278
0.07186,0.04105,0.07236,0.04911,0.05741,0.06533,0.06037,0.04860,0.06009,0.05871,0.03595,0.04348,0.03405,0.05640,0.02727,0.04276,0.03117,0.05071,0.03620,0.05711
0.04740,0.04996,0.05974,0.05251,0.05314,0.06176,0.06125,0.04548,0.05711,0.04918,0.04867,0.05427,0.04822,0.05273,0.04818,0.03462,0.03960,0.04180,0.04391,0.05047
0.06377,0.04832,0.07078,0.05252,0.06255,0.06163,0.05617,0.05041,0.05520,0.04793,0.04595,0.05564,0.04027,0.04404,0.03584,0.03693,0.03727,0.04238,0.04118,0.05121
0.05746,0.04899,0.07321,0.04916,0.04909,0.06779,0.06547,0.04481,0.05937,0.03824,0.04427,0.04576,0.04099,0.05881,0.03155,0.03779,0.03538,0.03824,0.05078,0.06281
0.05097,0.04752,0.07488,0.05195,0.05744,0.07530,0.06129,0.04097,0.05589,0.05203,0.04516,0.04365,0.04477,0.04969,0.03583,0.03857,0.03329,0.04043,0.04296,0.05741
0.04648,0.04799,0.05678,0.05138,0.06208,0.06018,0.06447,0.05245,0.05441,0.04818,0.04988,0.05783,0.04313,0.04433,0.04515,0.03760,0.03969,0.04882,0.03784,0.05134
0.05534,0.04464,0.05326,0.04479,0.05874,0.06464,0.06257,0.04263,0.05651,0.05572,0.04658,0.05728,0.04618,0.05199,0.04322,0.03986,0.04284,0.04153,0.04159,0.05009
0.05973,0.04892,0.06969,0.05174,0.06366,0.06328,0.06436,0.04553,0.05115,0.05719,0.04289,0.04742,0.03846,0.04650,0.03312,0.03992,0.03208,0.04248,0.04566,0.05625
0.05226,0.05477,0.06567,0.04204,0.04195,0.05069,0.04399,0.07716,0.05075,0.05227,0.03556,0.03882,0.04777,0.09578,0.04602,0.03948,0.04184,0.03297,0.05083,0.03938
0.04959,0.04812,0.06765,0.04459,0.05287,0.06789,0.07045,0.04201,0.06008,0.04302,0.05281,0.04331,0.04810,0.05219,0.03704,0.04364,0.03669,0.04096,0.04459,0.05440
0.04771,0.04532,0.05685,0.04716,0.04487,0.06614,0.06236,0.05176,0.05821,0.05340,0.04588,0.05933,0.05510,0.04563,0.04360,0.04072,0.04107,0.04014,0.04381,0.05093
0.07280,0.04091,0.07844,0.04884,0.06886,0.07019,0.05774,0.04261,0.05120,0.06101,0.03678,0.04388,0.04146,0.05020,0.02439,0.03953,0.02592,0.04436,0.03861,0.06228
0.04814,0.05201,0.06354,0.04526,0.05611,0.07310,0.06439,0.04673,0.05777,0.04497,0.04377,0.05027,0.04522,0.05463,0.04234,0.03779,0.03547,0.03724,0.05069,0.05056
0.05022,0.04640,0.07329,0.05229,0.05443,0.06239,0.05643,0.05069,0.05493,0.04593,0.05366,0.05078,0.04259,0.04439,0.03877,0.04005,0.03908,0.04653,0.04100,0.05615
0.05872,0.05556,0.06169,0.04243,0.08457,0.06505,0.05453,0.04532,0.05508,0.05678,0.04016,0.05051,0.04246,0.04593,0.03263,0.03944,0.03154,0.04298,0.04438,0.05022
0.05886,0.04713,0.06404,0.04724,0.05963,0.06090,0.05548,0.04824,0.05195,0.05259,0.03952,0.05585,0.04155,0.05578,0.03637,0.04314,0.03328,0.04451,0.04939,0.05453
0.05858,0.04167,0.07492,0.04845,0.06134,0.06384,0.07220,0.03749,0.05162,0.05356,0.04853,0.04288,0.04196,0.04589,0.03396,0.03768,0.03364,0.04675,0.04621,0.05884
0.05901,0.05081,0.06466,0.04533,0.04795,0.05773,0.07261,0.05292,0.05728,0.05545,0.04248,0.04756,0.04691,0.05153,0.03666,0.04347,0.03680,0.03793,0.04256,0.05037
0.05490,0.04592,0.06010,0.04790,0.05420,0.05996,0.06553,0.04315,0.05794,0.05512,0.04861,0.05568,0.04679,0.04735,0.04248,0.04181,0.03293,0.04427,0.04421,0.05114
0.05431,0.04745,0.06833,0.05568,0.05327,0.06581,0.05983,0.04311,0.05845,0.04974,0.04564,0.04673,0.04009,0.05321,0.03592,0.03709,0.03953,0.04507,0.04668,0.05403
0.05905,0.05145,0.07460,0.04992,0.05075,0.05833,0.08159,0.03626,0.05002,0.04492,0.04991,0.04488,0.04291,0.04697,0.03324,0.03771,0.03518,0.04113,0.05180,0.05940
0.06280,0.04808,0.07618,0.05206,0.06065,0.06070,0.06050,0.04630,0.05062,0.05125,0.05079,0.04452,0.03571,0.04964,0.02988,0.04126,0.03675,0.04544,0.04232,0.05456
0.06362,0.05037,0.07782,0.04496,0.05156,0.06560,0.07581,0.03728,0.05651,0.04360,0.04990,0.04150,0.04226,0.05358,0.02824,0.03505,0.02747,0.03870,0.05109,0.06508
0.05798,0.05246,0.06565,0.05327,0.05780,0.06070,0.06862,0.03931,0.05107,0.05497,0.04428,0.04904,0.04119,0.04750,0.03527,0.03923,0.03650,0.05087,0.04347,0.05081
0.06004,0.05179,0.07726,0.04804,0.05489,0.06235,0.06495,0.03900,0.05046,0.04592,0.05433,0.04560,0.04645,0.04241,0.03346,0.03953,0.03887,0.04708,0.03937,0.05821
0.04824,0.05079,0.07972,0.04881,0.06021,0.07122,0.06053,0.04095,0.06279,0.04430,0.05210,0.04152,0.04430,0.04625,0.02938,0.03734,0.03593,0.04200,0.04429,0.05932
0.05113,0.04726,0.09326,0.04339,0.05880,0.07205,0.06040,0.03929,0.06294,0.04221,0.05306,0.03720,0.04303,0.04615,0.02772,0.03418,0.03667,0.03933,0.04962,0.06231
0.05124,0.04757,0.06476,0.04640,0.04936,0.06873,0.06469,0.04572,0.06269,0.05573,0.04300,0.04838,0.04340,0.05001,0.03970,0.03937,0.03341,0.03756,0.05372,0.05455
0.06554,0.04225,0.06659,0.04933,0.06359,0.06564,0.06942,0.03791,0.05505,0.06108,0.03666,0.04788,0.04152,0.04930,0.03333,0.04085,0.03192,0.04336,0.03964,0.05916
0.06094,0.04962,0.05237,0.04909,0.04312,0.05540,0.09507,0.03622,0.06290,0.04897,0.03850,0.05284,0.03778,0.05405,0.03558,0.03995,0.03248,0.04381,0.04674,0.06456
0.05939,0.04757,0.09803,0.04847,0.05423,0.06867,0.07270,0.03282,0.05634,0.04800,0.05084,0.03469,0.04642,0.04103,0.02533,0.03467,0.03622,0.04783,0.03787,0.05888
0.05197,0.04737,0.07482,0.04797,0.05268,0.06944,0.05755,0.04879,0.05908,0.04832,0.04664,0.04905,0.04374,0.04929,0.03792,0.04044,0.03793,0.03864,0.04566,0.05272
0.05402,0.05612,0.05271,0.04332,0.06141,0.06831,0.05728,0.04763,0.05710,0.04566,0.04597,0.06390,0.04386,0.04629,0.03989,0.04376,0.03264,0.05138,0.04153,0.04720
0.05795,0.04884,0.08440,0.04561,0.05536,0.07160,0.07321,0.03631,0.05499,0.04480,0.05062,0.04034,0.04709,0.04484,0.02942,0.03518,0.03565,0.03852,0.04750,0.05776
0.06187,0.04760,0.07446,0.05140,0.05185,0.07587,0.05262,0.04466,0.05683,0.05240,0.04420,0.04275,0.03746,0.05347,0.03183,0.04028,0.03857,0.04289,0.04212,0.05688
0.05796,0.04730,0.06626,0.05132,0.05969,0.06557,0.06237,0.04384,0.06165,0.05334,0.04505,0.05056,0.04085,0.05233,0.03502,0.03718,0.03111,0.03926,0.04354,0.05580
0.05267,0.04561,0.07515,0.05778,0.05815,0.06927,0.05035,0.04425,0.05491,0.04869,0.05347,0.05041,0.04430,0.04441,0.03207,0.03894,0.04324,0.04464,0.03829,0.05341
0.05494,0.05583,0.05794,0.05385,0.05466,0.06566,0.06746,0.04099,0.05660,0.04759,0.04848,0.04968,0.04274,0.04677,0.03611,0.04117,0.03767,0.04384,0.04595,0.05209
0.05448,0.04171,0.05772,0.05633,0.07555,0.07378,0.05949,0.04481,0.05449,0.05702,0.04678,0.05279,0.04240,0.04859,0.03416,0.03684,0.02717,0.03926,0.04537,0.05126
0.06252,0.04911,0.06884,0.05032,0.05916,0.06241,0.05781,0.04589,0.05240,0.04916,0.04966,0.04950,0.03971,0.04930,0.03262,0.04316,0.03419,0.04553,0.04216,0.05657
0.05922,0.04421,0.07738,0.04105,0.06123,0.06895,0.04716,0.05189,0.06120,0.05279,0.04837,0.04513,0.03479,0.05093,0.03108,0.04107,0.03026,0.04594,0.04809,0.05929
0.04811,0.04765,0.07077,0.04564,0.05715,0.07541,0.05832,0.04546,0.06174,0.04796,0.04959,0.04634,0.04394,0.04910,0.03143,0.03954,0.03683,0.04204,0.04681,0.05617
0.05500,0.05277,0.05863,0.04782,0.04901,0.05878,0.05463,0.05282,0.05691,0.07543,0.04244,0.05271,0.04094,0.05055,0.03864,0.04206,0.04197,0.03910,0.04865,0.04114
0.05569,0.04682,0.06884,0.04790,0.06016,0.06219,0.05458,0.04462,0.05335,0.05435,0.04437,0.04912,0.04771,0.05194,0.03909,0.03751,0.03592,0.04487,0.04575,0.05525
0.06066,0.04668,0.07001,0.04731,0.05301,0.06775,0.07799,0.03530,0.05201,0.04975,0.04739,0.04580,0.04929,0.04688,0.03538,0.03991,0.03343,0.03962,0.04524,0.05660
0.05528,0.04791,0.05870,0.04864,0.05232,0.07341,0.06112,0.04687,0.05559,0.04633,0.04622,0.04829,0.04602,0.05024,0.03683,0.04088,0.04103,0.04138,0.04606,0.05688
0.04890,0.04732,0.08113,0.05519,0.06253,0.07516,0.05258,0.04637,0.05725,0.04449,0.05029,0.04295,0.04462,0.03876,0.03204,0.03660,0.04337,0.04033,0.04316,0.05696
0.05745,0.05018,0.09036,0.04630,0.04997,0.07930,0.06109,0.03797,0.05637,0.04086,0.05148,0.03211,0.04156,0.05790,0.02909,0.03499,0.02978,0.03585,0.04989,0.06751
0.05288,0.05089,0.07267,0.04650,0.06095,0.05786,0.07825,0.04163,0.05526,0.04696,0.05473,0.04317,0.04463,0.04003,0.03671,0.03984,0.03643,0.03983,0.04773,0.05306
0.05726,0.04058,0.08282,0.05843,0.05379,0.06907,0.06069,0.04480,0.05812,0.04956,0.04746,0.04426,0.03682,0.04515,0.03026,0.03725,0.04031,0.04499,0.03904,0.05935
0.04885,0.05160,0.06262,0.05046,0.05866,0.06326,0.06112,0.04385,0.05317,0.04575,0.05399,0.05350,0.04108,0.04924,0.04063,0.04185,0.03612,0.04237,0.04974,0.05212
0.05727,0.04940,0.08219,0.03867,0.06379,0.07695,0.06543,0.03753,0.05355,0.05336,0.04569,0.03927,0.05063,0.05051,0.03075,0.03488,0.03189,0.03913,0.04338,0.05574
0.04698,0.04569,0.07967,0.04538,0.04671,0.07877,0.06195,0.03895,0.06148,0.04576,0.05444,0.04365,0.04573,0.05277,0.03202,0.03794,0.03471,0.03477,0.05039,0.06226
0.05483,0.05250,0.05944,0.03814,0.05884,0.06875,0.06825,0.03957,0.05868,0.05720,0.04390,0.05065,0.04910,0.05397,0.03820,0.03901,0.03384,0.04098,0.04520,0.04896
0.05476,0.04763,0.05986,0.04616,0.05825,0.06087,0.05859,0.04845,0.04998,0.05534,0.04563,0.05110,0.04496,0.05582,0.03980,0.04395,0.03787,0.04143,0.04722,0.05233
0.06261,0.04463,0.07152,0.04783,0.05417,0.07062,0.05434,0.05360,0.06046,0.04618,0.04493,0.04609,0.03334,0.05411,0.03074,0.03879,0.03490,0.04718,0.04114,0.06281
0.06597,0.03845,0.06922,0.04940,0.06152,0.06792,0.05439,0.04745,0.05514,0.06285,0.04104,0.05016,0.03781,0.05485,0.03509,0.03846,0.03366,0.04144,0.04170,0.05349
0.05023,0.04970,0.09741,0.04167,0.05104,0.07459,0.05584,0.04508,0.05222,0.03531,0.05760,0.03935,0.04753,0.03998,0.03246,0.03435,0.04374,0.04288,0.04837,0.06066
0.05794,0.04242,0.07212,0.04783,0.05594,0.07089,0.05546,0.04353,0.06054,0.04664,0.05056,0.04758,0.04625,0.05056,0.03185,0.03883,0.03513,0.04217,0.04985,0.05393
0.05873,0.04165,0.09738,0.04100,0.05965,0.08182,0.05891,0.03837,0.05682,0.04645,0.04562,0.03972,0.04012,0.04959,0.02565,0.04213,0.03161,0.04869,0.03633,0.05976
0.06208,0.04595,0.06745,0.04789,0.05220,0.07246,0.05565,0.04772,0.05907,0.05244,0.04162,0.04859,0.03677,0.05322,0.03723,0.04160,0.03489,0.04029,0.04507,0.05780
0.06833,0.03963,0.08488,0.04621,0.05543,0.07045,0.06120,0.04387,0.05794,0.05579,0.03835,0.04290,0.03575,0.05332,0.02573,0.04304,0.03056,0.04440,0.03932,0.06289
0.05652,0.05412,0.05963,0.04969,0.05696,0.05278,0.07326,0.04505,0.05314,0.05345,0.04569,0.04987,0.04358,0.04881,0.03823,0.03581,0.03458,0.04675,0.04510,0.05698
0.05707,0.05306,0.08190,0.05014,0.05378,0.07246,0.07533,0.03340,0.05217,0.04175,0.04556,0.03484,0.03779,0.05415,0.02641,0.04043,0.03226,0.04574,0.04669,0.06507
0.04978,0.04621,0.07653,0.04778,0.05726,0.06145,0.06048,0.05172,0.05507,0.04233,0.06006,0.04613,0.04772,0.03850,0.04019,0.03842,0.04138,0.04226,0.04104,0.05569
0.04911,0.04558,0.05226,0.06017,0.05864,0.07080,0.07416,0.03582,0.06008,0.05423,0.04985,0.05061,0.04555,0.05478,0.03811,0.03747,0.03136,0.03485,0.05169,0.04487
0.05055,0.04820,0.06202,0.05225,0.05423,0.07029,0.06399,0.04023,0.05827,0.04523,0.04905,0.04455,0.04465,0.05421,0.03912,0.04101,0.03786,0.03750,0.05268,0.05411
0.04976,0.05139,0.07461,0.05209,0.05401,0.05904,0.06176,0.05008,0.05545,0.04599,0.04332,0.04776,0.04585,0.05168,0.03812,0.03868,0.03762,0.04039,0.04861,0.05379
0.06138,0.04210,0.08417,0.05378,0.05857,0.07017,0.05793,0.04252,0.05645,0.05340,0.04763,0.04432,0.03644,0.04930,0.02788,0.03689,0.03197,0.04510,0.03832,0.06169
0.06168,0.05097,0.07775,0.05176,0.06202,0.05115,0.06306,0.04393,0.05417,0.04919,0.05543,0.04359,0.04368,0.04120,0.03377,0.03795,0.03767,0.04599,0.04126,0.05377
0.05434,0.04708,0.07110,0.04749,0.05428,0.07363,0.06115,0.04208,0.05959,0.04791,0.04698,0.04506,0.03822,0.05475,0.03346,0.04017,0.03234,0.04359,0.04669,0.06008
0.04895,0.04292,0.06114,0.04842,0.06962,0.06263,0.06023,0.04298,0.05421,0.05093,0.04964,0.05342,0.05158,0.04079,0.04336,0.03979,0.03949,0.04665,0.04738,0.04585
0.05724,0.04366,0.05963,0.04745,0.05664,0.06493,0.06196,0.04730,0.05358,0.05364,0.04155,0.05648,0.04056,0.05413,0.04044,0.03711,0.04105,0.04432,0.04240,0.05592
0.06724,0.04272,0.07112,0.05303,0.05891,0.06217,0.05584,0.04741,0.04930,0.05293,0.04602,0.04579,0.03907,0.04877,0.03495,0.04003,0.03593,0.05033,0.04068,0.05777
0.04870,0.04864,0.06973,0.04554,0.05056,0.06342,0.07250,0.04375,0.05616,0.05409,0.04959,0.05284,0.04942,0.04978,0.03650,0.03886,0.03448,0.04089,0.04146,0.05309
0.06769,0.04935,0.08206,0.04601,0.05926,0.06321,0.06576,0.03804,0.05087,0.04801,0.05382,0.03926,0.04643,0.04644,0.02727,0.03719,0.03543,0.04621,0.04040,0.05729
0.06011,0.04625,0.05364,0.05174,0.07814,0.06908,0.05315,0.04771,0.05257,0.04944,0.04980,0.05757,0.03713,0.04249,0.04187,0.03632,0.03691,0.05032,0.03867,0.04712
0.06252,0.04899,0.07407,0.04239,0.06035,0.07237,0.06594,0.03707,0.05408,0.04735,0.05011,0.04440,0.05356,0.04192,0.03218,0.03670,0.03400,0.04115,0.04526,0.05560
0.04851,0.04742,0.08371,0.05158,0.06011,0.06318,0.05620,0.04397,0.05455,0.04836,0.04559,0.04401,0.04882,0.04527,0.03236,0.04505,0.03906,0.03901,0.04497,0.05830
0.04673,0.05295,0.05435,0.04483,0.05154,0.05870,0.06856,0.04459,0.07106,0.05538,0.04458,0.05470,0.04535,0.04870,0.04599,0.04223,0.03779,0.04419,0.04163,0.04615
0.05201,0.04389,0.07295,0.04082,0.05413,0.06612,0.07577,0.04115,0.05616,0.04143,0.05598,0.04080,0.04991,0.05266,0.03219,0.03822,0.03138,0.03847,0.04969,0.06627
0.05735,0.04682,0.05920,0.05120,0.06183,0.06040,0.05647,0.05298,0.05557,0.04999,0.04869,0.05409,0.04135,0.04807,0.03307,0.03922,0.04120,0.05042,0.04295,0.04912
0.05174,0.04693,0.06836,0.04501,0.05085,0.06736,0.06145,0.04640,0.05683,0.04654,0.05201,0.04766,0.05197,0.04228,0.03854,0.04478,0.04364,0.04008,0.04576,0.05181
0.04998,0.05075,0.06372,0.04157,0.07740,0.06898,0.06441,0.03927,0.05252,0.05868,0.04412,0.05180,0.04712,0.04326,0.03398,0.04112,0.03197,0.04012,0.04538,0.05384
0.05678,0.05157,0.06741,0.04520,0.05536,0.06106,0.07449,0.03976,0.05587,0.04558,0.04728,0.04535,0.04753,0.04585,0.03824,0.04165,0.03713,0.04488,0.04390,0.05509
0.06084,0.04649,0.08869,0.04803,0.05708,0.06529,0.06977,0.04332,0.05559,0.04413,0.04966,0.04123,0.03678,0.05110,0.02643,0.03551,0.02771,0.04459,0.04590,0.06185
0.05654,0.04568,0.05490,0.04212,0.07442,0.06932,0.06537,0.04010,0.05799,0.05428,0.04244,0.05831,0.04206,0.04781,0.03884,0.03789,0.03279,0.04563,0.04365,0.04984
0.06769,0.04272,0.08783,0.04892,0.05656,0.06317,0.06698,0.04410,0.05003,0.05074,0.04510,0.04293,0.04349,0.04590,0.02842,0.03987,0.03081,0.04197,0.04317,0.05959
0.06099,0.04331,0.06948,0.04807,0.05102,0.06201,0.06186,0.04862,0.06621,0.05123,0.04627,0.04877,0.03934,0.05480,0.03315,0.03847,0.03641,0.04665,0.03777,0.05554
0.06191,0.04734,0.07283,0.05171,0.05055,0.06364,0.07346,0.04521,0.05162,0.05572,0.04423,0.04284,0.04034,0.05056,0.03095,0.03726,0.03333,0.04144,0.04620,0.05885
0.05661,0.04880,0.08712,0.04941,0.05830,0.06925,0.06466,0.03784,0.05755,0.04235,0.05298,0.03747,0.04254,0.04567,0.03039,0.03559,0.03771,0.04372,0.04584,0.05621
0.04810,0.04611,0.07101,0.05066,0.06415,0.06814,0.05327,0.04967,0.05910,0.04507,0.05165,0.05456,0.05040,0.03720,0.03537,0.03800,0.04385,0.04350,0.04394,0.04625
0.05564,0.04652,0.07756,0.04620,0.04964,0.06592,0.06684,0.04442,0.05782,0.04819,0.04518,0.04551,0.04172,0.05183,0.03440,0.04138,0.03677,0.04408,0.04433,0.05605
0.04673,0.05088,0.09543,0.04313,0.05170,0.07585,0.05979,0.04290,0.05196,0.03705,0.05305,0.03683,0.04461,0.04999,0.03045,0.03702,0.03586,0.03895,0.05298,0.06484
0.05011,0.04901,0.07651,0.04956,0.04711,0.06026,0.06681,0.04902,0.05528,0.04560,0.05305,0.04469,0.04760,0.04234,0.03590,0.04180,0.03953,0.04439,0.04931,0.05211
0.05578,0.04706,0.09447,0.04647,0.05827,0.07575,0.05835,0.03799,0.05840,0.04659,0.05166,0.03779,0.04278,0.04429,0.02894,0.03562,0.03778,0.04104,0.04129,0.05969
0.05793,0.04649,0.08850,0.04460,0.06697,0.06504,0.05118,0.04358,0.05822,0.04717,0.05171,0.04091,0.04581,0.04544,0.03102,0.03578,0.03714,0.04122,0.04573,0.05554
0.05418,0.04744,0.09646,0.04593,0.05372,0.06783,0.06191,0.03826,0.05541,0.04273,0.05814,0.03893,0.05336,0.04226,0.03101,0.03674,0.03904,0.03791,0.04253,0.05621
0.06351,0.04498,0.07791,0.04328,0.05340,0.06013,0.07749,0.04463,0.05425,0.05180,0.04487,0.04400,0.04483,0.05000,0.03550,0.03601,0.03270,0.04270,0.03916,0.05884
0.05712,0.04962,0.06944,0.04521,0.05973,0.06108,0.07388,0.03897,0.05117,0.04820,0.04532,0.04942,0.04755,0.04670,0.03929,0.03792,0.03182,0.04677,0.04431,0.05646
0.05984,0.04540,0.07964,0.04422,0.05126,0.07043,0.06355,0.04158,0.06231,0.04514,0.04928,0.04448,0.04488,0.05080,0.03202,0.03651,0.03528,0.03964,0.04527,0.05846
0.05089,0.05157,0.06730,0.04841,0.05156,0.06563,0.06548,0.04166,0.05583,0.04828,0.05005,0.04591,0.04623,0.04909,0.04165,0.04333,0.03739,0.04018,0.04448,0.05507
0.06653,0.04861,0.06754,0.04779,0.06126,0.06661,0.06126,0.03988,0.05170,0.04989,0.04166,0.04317,0.05048,0.04674,0.03447,0.04305,0.03833,0.04161,0.04661,0.05281
0.06162,0.04591,0.06463,0.04942,0.05296,0.06567,0.05446,0.04936,0.05725,0.05389,0.04319,0.05467,0.03733,0.05366,0.03641,0.04137,0.03678,0.04735,0.04160,0.05247
0.06571,0.04543,0.07307,0.05084,0.05354,0.06719,0.06557,0.03774,0.05775,0.04944,0.04726,0.04955,0.04584,0.04354,0.03272,0.04255,0.03468,0.04669,0.03679,0.05410
0.06978,0.04518,0.08549,0.04589,0.05298,0.06579,0.08236,0.03384,0.04918,0.04880,0.04499,0.03902,0.04647,0.04873,0.02682,0.03690,0.03394,0.04350,0.03820,0.06214
0.05233,0.04652,0.05985,0.05021,0.07300,0.06935,0.05365,0.05905,0.05272,0.04032,0.04917,0.05481,0.04118,0.04185,0.03982,0.04017,0.04181,0.04975,0.03945,0.04499
0.05163,0.05015,0.08339,0.05049,0.06172,0.07421,0.06046,0.04428,0.05693,0.04245,0.04832,0.03996,0.03916,0.04211,0.03148,0.03617,0.04205,0.04660,0.04127,0.05717
0.05779,0.05329,0.06831,0.04649,0.05298,0.06108,0.06628,0.04683,0.05337,0.04963,0.04930,0.05140,0.04721,0.04935,0.03774,0.03260,0.03930,0.04087,0.04173,0.05445
0.05611,0.04533,0.06374,0.05431,0.05408,0.06254,0.06637,0.04324,0.05549,0.06073,0.04894,0.04617,0.03701,0.05393,0.03194,0.03910,0.03123,0.04343,0.04344,0.06288
0.07537,0.03823,0.06984,0.05043,0.05963,0.06360,0.05092,0.04456,0.05083,0.06211,0.03487,0.05025,0.03698,0.05796,0.03247,0.04065,0.03298,0.04766,0.04204,0.05863
0.05141,0.04423,0.07584,0.04766,0.05485,0.06437,0.06871,0.04124,0.04953,0.04682,0.05252,0.04931,0.04936,0.03909,0.03723,0.03914,0.03806,0.04389,0.04998,0.05675
0.06518,0.03896,0.08962,0.04656,0.05899,0.06916,0.05951,0.04450,0.05416,0.05500,0.04431,0.04639,0.04085,0.05530,0.03001,0.03529,0.02851,0.04638,0.03630,0.05502
0.04949,0.04711,0.05627,0.05527,0.05448,0.06710,0.05762,0.04952,0.05134,0.04435,0.05195,0.05219,0.04453,0.04272,0.04887,0.04014,0.04250,0.04848,0.04636,0.04972
0.06163,0.04791,0.07262,0.04489,0.05479,0.06576,0.05306,0.04984,0.05443,0.05876,0.04134,0.04508,0.03647,0.05895,0.03879,0.04215,0.03562,0.04233,0.04468,0.05090
0.05740,0.04865,0.07157,0.04954,0.05828,0.05991,0.06831,0.04557,0.05380,0.05099,0.04731,0.04535,0.04020,0.04569,0.03750,0.03731,0.03732,0.04484,0.04301,0.05745
0.05631,0.04740,0.06743,0.04592,0.05209,0.06585,0.07169,0.04373,0.05346,0.04671,0.04395,0.04903,0.04454,0.05254,0.03859,0.03849,0.03301,0.04474,0.04880,0.05570
0.06461,0.03984,0.06215,0.04979,0.06318,0.06517,0.06225,0.04553,0.05281,0.06317,0.03676,0.05721,0.04496,0.05403,0.03527,0.04003,0.03032,0.04385,0.04403,0.04504
0.05336,0.04833,0.05977,0.04589,0.05732,0.06272,0.07511,0.03977,0.05358,0.05086,0.05061,0.05010,0.04900,0.04464,0.03562,0.04242,0.03523,0.04482,0.04533,0.05553
0.05629,0.04750,0.08373,0.04858,0.04832,0.06743,0.06520,0.04166,0.05161,0.04490,0.04769,0.04056,0.04397,0.05668,0.03022,0.03824,0.03222,0.04547,0.05094,0.05877
0.06433,0.04374,0.07275,0.04861,0.05716,0.06954,0.06408,0.04250,0.05239,0.05461,0.04284,0.04443,0.04348,0.05019,0.02842,0.03762,0.03168,0.04449,0.04431,0.06286
0.04820,0.04642,0.05790,0.05005,0.04981,0.06167,0.06196,0.05481,0.05362,0.04696,0.04596,0.05275,0.04935,0.05113,0.04571,0.04456,0.04053,0.04363,0.04399,0.05100
0.04749,0.05000,0.07820,0.04611,0.05153,0.07824,0.06632,0.03939,0.05618,0.03708,0.05327,0.03812,0.04126,0.05145,0.03396,0.03650,0.04069,0.03932,0.05394,0.06094
0.05721,0.04157,0.06621,0.04503,0.06559,0.07172,0.05705,0.04313,0.05302,0.06125,0.04676,0.04355,0.04550,0.04920,0.03659,0.04183,0.02959,0.04214,0.05109,0.05199
0.05144,0.05062,0.06098,0.04851,0.06625,0.05843,0.06586,0.03605,0.05248,0.04939,0.04434,0.05274,0.04932,0.04071,0.04336,0.04426,0.03815,0.05006,0.04867,0.04839
0.06034,0.04460,0.08361,0.04576,0.05582,0.07279,0.05870,0.04166,0.05635,0.04877,0.04718,0.04154,0.04239,0.04248,0.03337,0.04124,0.03619,0.05002,0.04331,0.05388
0.05065,0.04775,0.07094,0.05118,0.05234,0.05980,0.07360,0.04516,0.05572,0.04857,0.05508,0.04565,0.04275,0.04985,0.03484,0.04286,0.03666,0.04145,0.04046,0.05470
0.05696,0.04521,0.08630,0.04486,0.05850,0.08015,0.05498,0.04246,0.05337,0.04876,0.04522,0.04365,0.04182,0.04656,0.02930,0.03959,0.03215,0.04534,0.04575,0.05906
0.04804,0.04562,0.05958,0.05539,0.05297,0.07999,0.05412,0.06256,0.05015,0.04121,0.06241,0.04872,0.04538,0.03624,0.04457,0.03313,0.03810,0.05319,0.03778,0.05085
0.06161,0.04043,0.08172,0.04964,0.05900,0.07121,0.06403,0.04464,0.05498,0.04996,0.04203,0.04373,0.03821,0.04755,0.03195,0.04058,0.03670,0.04898,0.03561,0.05744
0.04496,0.04519,0.09004,0.05515,0.05868,0.07430,0.05162,0.04912,0.05643,0.03928,0.05344,0.04159,0.04201,0.04103,0.03126,0.03680,0.04098,0.04759,0.04160,0.05894
0.05051,0.05249,0.06116,0.04415,0.05093,0.06078,0.08790,0.04458,0.05880,0.05211,0.04501,0.04630,0.04304,0.05127,0.03718,0.03448,0.03342,0.04115,0.04940,0.05535
0.05718,0.04627,0.06238,0.05234,0.05455,0.06040,0.06011,0.04262,0.05722,0.05916,0.04617,0.05363,0.04285,0.05136,0.03611,0.03818,0.03477,0.04628,0.04489,0.05352
0.05659,0.04730,0.09984,0.04065,0.06021,0.07687,0.05868,0.03750,0.05358,0.04131,0.05483,0.03530,0.04784,0.04105,0.02814,0.03546,0.03073,0.04685,0.04298,0.06428
0.06546,0.04342,0.07017,0.05594,0.05750,0.07051,0.05133,0.04901,0.05655,0.05346,0.04324,0.04750,0.03617,0.05193,0.03037,0.04044,0.03169,0.04835,0.04011,0.05685
0.05743,0.05107,0.07540,0.04421,0.05491,0.07078,0.06228,0.04008,0.06098,0.04963,0.04683,0.04635,0.04387,0.05509,0.03199,0.03792,0.03288,0.03682,0.04204,0.05941
0.05529,0.04312,0.08463,0.05024,0.05628,0.06852,0.05383,0.04488,0.05423,0.04991,0.04661,0.04460,0.04235,0.05123,0.03122,0.03615,0.03811,0.04482,0.04263,0.06136
0.05710,0.05236,0.08580,0.04820,0.05376,0.06702,0.07121,0.04013,0.05710,0.04084,0.05706,0.03824,0.04292,0.04218,0.02791,0.03358,0.04170,0.04819,0.04104,0.05366
0.06829,0.04823,0.07248,0.05633,0.06392,0.06232,0.05044,0.04581,0.05792,0.04729,0.04320,0.04790,0.03744,0.04650,0.03306,0.04106,0.03338,0.04840,0.04234,0.05367
0.05206,0.05572,0.05634,0.04462,0.04402,0.06400,0.07066,0.04483,0.05600,0.04019,0.05486,0.04807,0.03892,0.05701,0.03808,0.04872,0.03825,0.03986,0.05443,0.05336
0.05022,0.04836,0.07214,0.04412,0.05161,0.06368,0.06804,0.04414,0.06037,0.04802,0.04745,0.04886,0.04733,0.04925,0.03776,0.04151,0.03523,0.04118,0.04921,0.05154
0.05572,0.04642,0.07866,0.05249,0.05749,0.06358,0.05434,0.04754,0.05947,0.04963,0.04971,0.04791,0.04265,0.04685,0.03285,0.03701,0.03603,0.04779,0.03816,0.05571
0.05455,0.04731,0.06910,0.05357,0.05829,0.06613,0.06155,0.04683,0.05468,0.05074,0.04356,0.05024,0.04329,0.04976,0.03520,0.04045,0.03198,0.04530,0.04369,0.05377
0.06371,0.04255,0.05609,0.05150,0.06209,0.06545,0.05206,0.05748,0.05050,0.05685,0.04353,0.05332,0.03856,0.05331,0.03554,0.03680,0.03655,0.05692,0.03513,0.05208
0.05277,0.04611,0.06761,0.05121,0.05275,0.07315,0.06491,0.04534,0.05253,0.04761,0.05118,0.04250,0.04313,0.04854,0.03743,0.04010,0.03526,0.04814,0.04305,0.05667
0.04853,0.05141,0.10036,0.04390,0.06663,0.07405,0.05661,0.03950,0.05650,0.03792,0.05799,0.03299,0.04734,0.03897,0.02903,0.03486,0.03844,0.03924,0.04253,0.06322
0.06157,0.04712,0.06952,0.04416,0.05558,0.06560,0.07938,0.04099,0.05899,0.04782,0.04322,0.04305,0.04232,0.05184,0.02866,0.03942,0.02925,0.04599,0.04702,0.05849
0.05751,0.04932,0.06441,0.05536,0.05794,0.06939,0.04860,0.04755,0.05191,0.05688,0.04412,0.04666,0.04537,0.04646,0.03259,0.04256,0.04295,0.04240,0.04404,0.05398
0.05390,0.04842,0.07388,0.04946,0.06476,0.06924,0.05459,0.04767,0.05646,0.04353,0.04835,0.04310,0.04897,0.04368,0.03486,0.03728,0.03669,0.04734,0.04359,0.05424
0.05624,0.04429,0.06896,0.04823,0.05768,0.06113,0.06175,0.04633,0.05683,0.04476,0.05064,0.05211,0.04369,0.04860,0.03216,0.04029,0.04293,0.04352,0.04387,0.05598
0.05623,0.05130,0.07029,0.05116,0.05442,0.06526,0.05941,0.03998,0.05440,0.05245,0.04666,0.04814,0.05064,0.04463,0.03507,0.04028,0.03883,0.04541,0.04380,0.05163
0.05053,0.04558,0.04960,0.04934,0.05391,0.05950,0.06424,0.04754,0.06111,0.04639,0.04632,0.05937,0.05163,0.04587,0.04187,0.04448,0.04697,0.04199,0.04174,0.05202
0.05391,0.05142,0.06571,0.04861,0.05360,0.06235,0.05699,0.05379,0.05531,0.05783,0.04264,0.05150,0.04030,0.05394,0.03925,0.03545,0.04006,0.04596,0.04626,0.04510
0.04960,0.04755,0.07338,0.04549,0.05594,0.06075,0.07244,0.04137,0.05565,0.04724,0.05745,0.04355,0.05286,0.04538,0.03474,0.03597,0.03652,0.04370,0.04449,0.05596
0.04621,0.04539,0.08489,0.04939,0.05647,0.08020,0.05167,0.05309,0.05717,0.03869,0.05023,0.04588,0.04418,0.03965,0.03050,0.03397,0.04558,0.04354,0.04300,0.06029
0.06404,0.04492,0.07251,0.04683,0.06383,0.06658,0.05561,0.04264,0.05706,0.05564,0.04543,0.04671,0.04046,0.05544,0.03665,0.03723,0.03013,0.04255,0.04607,0.04968
0.04666,0.05108,0.08176,0.04697,0.05121,0.06915,0.06048,0.04489,0.06034,0.04421,0.05454,0.04431,0.04459,0.04319,0.03425,0.03653,0.04076,0.04203,0.04443,0.05862
0.05480,0.04729,0.05820,0.04728,0.05579,0.06885,0.06579,0.04344,0.05439,0.04914,0.05002,0.05382,0.04805,0.04927,0.03633,0.04032,0.03142,0.04269,0.05241,0.05071
0.05811,0.04741,0.06705,0.04866,0.05012,0.06255,0.06664,0.04207,0.05616,0.05067,0.04983,0.05097,0.04650,0.04731,0.03612,0.04186,0.04222,0.04376,0.03923,0.05277
0.05089,0.04585,0.06859,0.04838,0.06249,0.05989,0.06898,0.04239,0.05472,0.04914,0.05401,0.04942,0.04678,0.04765,0.03472,0.03633,0.03680,0.04453,0.04486,0.05358
0.05896,0.05026,0.06823,0.04581,0.05421,0.05761,0.07007,0.03828,0.05828,0.04686,0.04480,0.05907,0.04311,0.05078,0.03290,0.03746,0.03539,0.05152,0.04277,0.05365
0.04910,0.04212,0.06514,0.05562,0.05173,0.07869,0.05301,0.05557,0.05698,0.04814,0.04973,0.04804,0.04101,0.04424,0.04134,0.03979,0.03944,0.04650,0.04305,0.05076
0.06219,0.04493,0.07251,0.04579,0.05769,0.06886,0.06337,0.04020,0.05544,0.05098,0.05046,0.04717,0.04119,0.04999,0.03075,0.03739,0.03500,0.03924,0.05005,0.05678
0.05693,0.04467,0.05433,0.04751,0.07122,0.06747,0.05056,0.04907,0.05222,0.05894,0.04293,0.05876,0.04139,0.05670,0.03599,0.03950,0.03071,0.04024,0.04894,0.05192
0.05987,0.04244,0.08106,0.05076,0.06764,0.06495,0.05119,0.04747,0.05252,0.05084,0.05032,0.04866,0.04218,0.04063,0.03003,0.03727,0.03304,0.05175,0.04005,0.05733
0.06405,0.03811,0.07882,0.05381,0.05564,0.06901,0.05380,0.04609,0.06467,0.06131,0.03580,0.04322,0.03525,0.05498,0.02853,0.04044,0.02969,0.04947,0.03351,0.06380
0.07216,0.04677,0.07068,0.03768,0.05471,0.07261,0.07047,0.03064,0.04863,0.05086,0.04860,0.04363,0.06623,0.03998,0.03067,0.04839,0.02795,0.04256,0.04079,0.05597
0.06100,0.04515,0.08057,0.05002,0.05949,0.06736,0.04983,0.04395,0.05153,0.05758,0.04400,0.04509,0.03925,0.05324,0.02903,0.04155,0.03253,0.04703,0.04314,0.05865
0.06268,0.04417,0.07528,0.04419,0.05304,0.07015,0.05689,0.04757,0.06341,0.05143,0.04240,0.04724,0.03943,0.05129,0.03386,0.03633,0.03467,0.04568,0.04408,0.05622
0.05245,0.04744,0.07163,0.04731,0.04834,0.06518,0.06659,0.04558,0.05837,0.04190,0.05141,0.04567,0.04617,0.04948,0.04181,0.03627,0.04141,0.04222,0.04510,0.05568
0.04811,0.04912,0.05758,0.04913,0.05106,0.05897,0.06536,0.05189,0.05886,0.04235,0.05319,0.04429,0.04709,0.05015,0.04150,0.04985,0.03630,0.04325,0.05099,0.05095
0.05211,0.04870,0.05931,0.05112,0.06431,0.05740,0.07244,0.04406,0.05187,0.05530,0.04200,0.05618,0.04141,0.04685,0.03592,0.04247,0.03634,0.04797,0.04164,0.05259
0.05240,0.05009,0.06566,0.05442,0.06206,0.06628,0.06353,0.03858,0.06011,0.05146,0.04874,0.05348,0.04331,0.04145,0.03482,0.03882,0.03605,0.04586,0.04579,0.04708
0.05400,0.04641,0.08154,0.04842,0.05686,0.07355,0.05474,0.04176,0.05816,0.04291,0.05514,0.04246,0.04270,0.04470,0.03210,0.03674,0.04006,0.04542,0.04430,0.05804
0.05778,0.04655,0.06023,0.04951,0.06303,0.06430,0.06513,0.04602,0.05599,0.05352,0.04551,0.05169,0.03851,0.04950,0.03499,0.03862,0.03356,0.04592,0.04322,0.05641
0.04886,0.05257,0.05860,0.04969,0.04743,0.07124,0.08140,0.03835,0.05883,0.04846,0.04762,0.03711,0.04074,0.05903,0.03617,0.03800,0.03523,0.03993,0.05239,0.05836
0.05922,0.04085,0.06456,0.05115,0.07023,0.06373,0.05926,0.04632,0.05655,0.05544,0.03942,0.05021,0.03794,0.05522,0.03628,0.04028,0.03208,0.04513,0.04161,0.05453
0.05125,0.04688,0.06629,0.04965,0.04796,0.05701,0.06365,0.05032,0.05251,0.04905,0.04862,0.05201,0.05068,0.04734,0.03938,0.04215,0.04794,0.04602,0.04200,0.04928
0.06338,0.05064,0.06715,0.04784,0.05205,0.06390,0.06245,0.04222,0.05956,0.04801,0.04277,0.04730,0.04179,0.05304,0.03421,0.04321,0.03652,0.04695,0.04043,0.05661
0.04470,0.04589,0.09136,0.05142,0.05304,0.07130,0.05412,0.04920,0.05431,0.04318,0.06343,0.03836,0.04488,0.04087,0.03194,0.03666,0.04380,0.04536,0.03905,0.05712
0.05493,0.04901,0.06162,0.04629,0.06114,0.06019,0.06168,0.04663,0.05578,0.06421,0.03960,0.05333,0.04291,0.05283,0.03645,0.03798,0.04002,0.04553,0.03997,0.04991
0.06135,0.04768,0.07824,0.05544,0.06430,0.06188,0.08094,0.03685,0.05058,0.05152,0.04214,0.03753,0.03659,0.05084,0.02439,0.03663,0.03579,0.04638,0.04219,0.05876
0.06352,0.04661,0.08937,0.05198,0.05505,0.06708,0.06069,0.04014,0.05234,0.05262,0.04811,0.03850,0.04160,0.05013,0.02676,0.03988,0.03251,0.04347,0.04130,0.05833
0.04852,0.05071,0.05859,0.05093,0.05249,0.05917,0.06391,0.04828,0.05432,0.04856,0.05253,0.05748,0.03936,0.04990,0.04141,0.03729,0.03863,0.05091,0.04155,0.05546
0.07603,0.05094,0.06462,0.04139,0.05825,0.07353,0.07066,0.03100,0.04453,0.04990,0.04605,0.03884,0.06730,0.04177,0.02852,0.04193,0.03245,0.04853,0.03931,0.05448
0.05012,0.04664,0.05415,0.04885,0.05901,0.07021,0.05779,0.05058,0.05416,0.04791,0.04474,0.05472,0.04169,0.05323,0.04451,0.04098,0.04269,0.04294,0.04794,0.04714
0.05767,0.04583,0.05818,0.05210,0.06283,0.06433,0.06871,0.04111,0.04853,0.05365,0.04621,0.05238,0.03941,0.04536,0.04094,0.04428,0.03677,0.05120,0.03947,0.05105
0.05414,0.04697,0.06740,0.04660,0.05764,0.06823,0.05936,0.04388,0.05960,0.04909,0.04851,0.04913,0.04381,0.04346,0.03860,0.03970,0.04083,0.03987,0.04799,0.05521
0.06186,0.04668,0.08226,0.04005,0.05311,0.08260,0.06321,0.03117,0.05624,0.04310,0.05651,0.03833,0.05684,0.04728,0.02981,0.03943,0.03149,0.04026,0.04194,0.05785
0.07063,0.04376,0.07083,0.05580,0.06009,0.06430,0.06671,0.03997,0.05842,0.06097,0.03705,0.04469,0.03606,0.05089,0.02742,0.04081,0.02956,0.04761,0.03567,0.05876
0.05237,0.05370,0.06858,0.04715,0.06399,0.06006,0.05993,0.04307,0.05781,0.04801,0.05187,0.04650,0.04573,0.04551,0.03879,0.04071,0.03792,0.04238,0.04453,0.05139
0.06976,0.04178,0.08549,0.05382,0.05583,0.06996,0.05679,0.03836,0.05344,0.05857,0.03987,0.03918,0.03994,0.05175,0.02698,0.04026,0.02996,0.04488,0.04177,0.06160
0.05069,0.04552,0.06710,0.05549,0.04943,0.07630,0.05650,0.05223,0.05797,0.04624,0.04608,0.04991,0.04166,0.03836,0.03990,0.04289,0.04841,0.04452,0.03826,0.05254
0.05492,0.04741,0.06549,0.04758,0.05871,0.06249,0.05249,0.04854,0.05439,0.05243,0.05308,0.04596,0.04500,0.04798,0.04011,0.03995,0.03856,0.04473,0.04669,0.05348
0.05474,0.04190,0.07473,0.05142,0.06289,0.06904,0.05444,0.04799,0.05854,0.04675,0.05148,0.05043,0.03996,0.04385,0.03406,0.04000,0.03766,0.04876,0.03754,0.05382
0.07544,0.04300,0.08335,0.04722,0.05904,0.06774,0.06135,0.03966,0.05390,0.05887,0.04061,0.04083,0.04159,0.05245,0.02280,0.04032,0.02984,0.04226,0.03859,0.06114
0.05246,0.04958,0.06981,0.04640,0.06845,0.06183,0.06160,0.04477,0.05291,0.05230,0.04557,0.04406,0.04727,0.04553,0.03825,0.03930,0.03621,0.04617,0.04559,0.05193
0.05048,0.05346,0.05471,0.04638,0.05174,0.06638,0.06221,0.04708,0.05564,0.05331,0.04819,0.04718,0.05081,0.05383,0.03989,0.04433,0.04089,0.04053,0.04736,0.04560
0.06261,0.04250,0.06123,0.05112,0.05873,0.06288,0.06314,0.04615,0.04764,0.06337,0.04058,0.04998,0.04087,0.05440,0.03583,0.04189,0.03490,0.04695,0.04062,0.05463
0.04823,0.04818,0.06820,0.04585,0.05502,0.06560,0.06714,0.04746,0.06124,0.04299,0.04809,0.05060,0.04620,0.04469,0.03899,0.03872,0.04155,0.04709,0.04402,0.05015
0.05316,0.04644,0.06121,0.04262,0.05624,0.05341,0.07172,0.04378,0.06333,0.04562,0.05123,0.05353,0.04978,0.04422,0.04561,0.04262,0.03956,0.04318,0.04258,0.05014
0.05368,0.05158,0.05822,0.04970,0.05096,0.07316,0.06830,0.03663,0.06209,0.04362,0.05021,0.04210,0.04863,0.05874,0.03596,0.03916,0.03264,0.03770,0.04843,0.05850
0.05395,0.05326,0.06569,0.04353,0.07491,0.05725,0.06010,0.03938,0.05567,0.05425,0.04778,0.04967,0.04858,0.04260,0.03585,0.03962,0.03854,0.04534,0.04574,0.04830
0.06297,0.04700,0.07130,0.04809,0.05335,0.06721,0.06787,0.04268,0.04492,0.05210,0.04999,0.04061,0.05395,0.05063,0.03174,0.03996,0.03537,0.03655,0.04769,0.05602
0.06695,0.04577,0.07635,0.05528,0.05748,0.07114,0.05626,0.04721,0.05202,0.04764,0.04177,0.04425,0.03660,0.04855,0.03126,0.03800,0.03748,0.04521,0.04391,0.05687
0.05832,0.05140,0.07672,0.04438,0.05246,0.06521,0.06014,0.04833,0.05655,0.04721,0.04673,0.04250,0.03581,0.05449,0.03551,0.03759,0.03562,0.04321,0.04461,0.06322
0.05070,0.04507,0.05636,0.04722,0.06125,0.06846,0.05540,0.04132,0.06133,0.04531,0.04975,0.05233,0.05233,0.05251,0.03848,0.04314,0.03460,0.04225,0.05086,0.05136
0.05248,0.05070,0.07530,0.04674,0.05922,0.06198,0.06431,0.04215,0.05864,0.04069,0.05072,0.04558,0.04864,0.04311,0.03483,0.03988,0.04181,0.04514,0.04509,0.05300
0.05481,0.04835,0.06780,0.04556,0.05314,0.06111,0.05874,0.05495,0.05842,0.04808,0.04367,0.05246,0.04679,0.04941,0.03684,0.03682,0.04197,0.04507,0.04301,0.05300
0.06750,0.04555,0.07505,0.04047,0.05362,0.06363,0.07456,0.04288,0.05996,0.04917,0.04070,0.04464,0.03892,0.05230,0.02834,0.04349,0.02836,0.05148,0.03832,0.06107
0.05017,0.05294,0.06832,0.04971,0.05465,0.06475,0.06386,0.04264,0.06195,0.04782,0.04798,0.04917,0.04485,0.04309,0.03420,0.04004,0.04276,0.04262,0.04729,0.05120
0.05903,0.04767,0.06029,0.05074,0.05339,0.05968,0.07810,0.04204,0.06043,0.05371,0.04640,0.04783,0.04142,0.04983,0.03438,0.03826,0.03111,0.04198,0.04652,0.05721
0.06327,0.04321,0.07454,0.05254,0.05895,0.07782,0.04946,0.04414,0.05695,0.04767,0.04315,0.04673,0.04043,0.04739,0.03190,0.03503,0.03713,0.04458,0.04456,0.06053
0.04783,0.04836,0.05601,0.04784,0.05350,0.06537,0.05753,0.05576,0.05908,0.04185,0.04718,0.05115,0.04277,0.04819,0.04362,0.04782,0.04767,0.04496,0.04390,0.04963
0.04980,0.04666,0.07712,0.06092,0.06120,0.07182,0.05296,0.05169,0.05747,0.04519,0.05431,0.04344,0.04213,0.03621,0.03567,0.03345,0.04537,0.04658,0.03474,0.05327
0.05922,0.04836,0.06264,0.04755,0.04647,0.08019,0.06833,0.04757,0.06380,0.04963,0.04363,0.04560,0.03701,0.05552,0.03148,0.03575,0.03209,0.04007,0.04535,0.05975
0.05870,0.05304,0.06831,0.04192,0.06011,0.06469,0.07292,0.04098,0.05747,0.04772,0.04544,0.04543,0.04213,0.05234,0.03459,0.03594,0.03285,0.04466,0.04684,0.05390
0.05158,0.05470,0.06738,0.05071,0.05267,0.06716,0.06531,0.04194,0.06390,0.04398,0.04637,0.05059,0.03926,0.05139,0.03476,0.03642,0.03958,0.04254,0.04734,0.05244
0.05379,0.05086,0.05992,0.04432,0.05697,0.06178,0.07057,0.04107,0.06112,0.04557,0.04957,0.04804,0.04767,0.04773,0.03752,0.03727,0.03495,0.04306,0.05276,0.05547
0.04942,0.05028,0.07336,0.05224,0.05920,0.06677,0.05055,0.04615,0.05777,0.04270,0.05532,0.03982,0.03700,0.04169,0.04074,0.04322,0.04379,0.04748,0.04409,0.05839
0.06542,0.04341,0.05788,0.04409,0.06075,0.07047,0.06251,0.03546,0.04752,0.05788,0.04794,0.05007,0.06325,0.03795,0.04127,0.04212,0.03346,0.04443,0.04449,0.04961
0.06362,0.04455,0.07322,0.04348,0.05293,0.06805,0.07407,0.03942,0.05892,0.05136,0.04686,0.04445,0.04832,0.04697,0.03220,0.03646,0.03538,0.04124,0.04118,0.05732
0.04719,0.05266,0.04974,0.04914,0.04716,0.06060,0.07463,0.04681,0.06811,0.05408,0.04437,0.05084,0.05876,0.05082,0.04141,0.03882,0.03517,0.03351,0.04566,0.05056
0.06260,0.04737,0.06386,0.04574,0.07035,0.06972,0.05507,0.04354,0.05736,0.05699,0.03947,0.04760,0.03801,0.05354,0.03479,0.03821,0.02782,0.04292,0.05267,0.05236
0.04864,0.05681,0.07552,0.05240,0.05781,0.05454,0.06563,0.04802,0.05170,0.05274,0.04895,0.04479,0.04231,0.04349,0.03793,0.03873,0.03715,0.03965,0.05072,0.05246
0.06460,0.05627,0.08955,0.04628,0.05053,0.06400,0.07475,0.04356,0.05281,0.04195,0.04767,0.03473,0.03499,0.04997,0.02437,0.03529,0.03125,0.04183,0.04941,0.06619
0.05003,0.04572,0.07366,0.05110,0.06965,0.06694,0.05843,0.04318,0.05834,0.04815,0.04523,0.04692,0.04393,0.04243,0.03160,0.04104,0.03416,0.04030,0.05133,0.05785
0.05718,0.05035,0.05344,0.05839,0.05599,0.06089,0.07263,0.04825,0.05260,0.04702,0.04427,0.05592,0.04451,0.04601,0.04028,0.03604,0.03488,0.04888,0.03879,0.05370
