0.04836,0.04942,0.04942,0.04984,0.04811,0.04836,0.04970,0.04931,0.04952,0.04995,0.05048,0.04945,0.05685,0.05599,0.04794,0.04788,0.04773,0.04786,0.05192,0.05189
0.04867,0.04777,0.05006,0.04992,0.04800,0.04788,0.04814,0.04849,0.04917,0.04947,0.05113,0.05121,0.05523,0.05422,0.04946,0.05017,0.04733,0.04899,0.05223,0.05246
0.04679,0.04677,0.04887,0.04937,0.04951,0.04913,0.04913,0.04903,0.05002,0.05014,0.05035,0.04968,0.05418,0.05393,0.05037,0.05068,0.04875,0.04932,0.05184,0.05213
0.04842,0.04991,0.04876,0.04949,0.05011,0.04993,0.04945,0.04910,0.04944,0.05062,0.04834,0.04885,0.04921,0.04907,0.04958,0.05003,0.05409,0.05353,0.05075,0.05132
0.04715,0.04648,0.04916,0.04899,0.04889,0.04858,0.04842,0.04866,0.05373,0.05347,0.04811,0.04798,0.04994,0.04971,0.05082,0.05119,0.05144,0.05121,0.05281,0.05326
0.04838,0.04998,0.04926,0.04956,0.04937,0.04880,0.04876,0.04914,0.04847,0.04899,0.04944,0.05000,0.05091,0.05062,0.04904,0.04915,0.05282,0.05405,0.05143,0.05184
0.04892,0.04819,0.05272,0.05276,0.05063,0.05136,0.04649,0.04699,0.04901,0.04895,0.05025,0.04998,0.05066,0.05075,0.04944,0.04949,0.04925,0.05017,0.05169,0.05231
0.04822,0.04780,0.05381,0.05360,0.04986,0.04941,0.04894,0.04894,0.04917,0.04908,0.05022,0.05069,0.04836,0.04812,0.04985,0.05001,0.05031,0.05040,0.05120,0.05200
0.04718,0.04566,0.05062,0.05002,0.04922,0.04864,0.04969,0.05023,0.04857,0.04840,0.05063,0.05057,0.04877,0.04858,0.05519,0.05633,0.04885,0.04929,0.05162,0.05197
0.04724,0.04640,0.04774,0.04771,0.04739,0.04733,0.05896,0.05947,0.04976,0.04990,0.04967,0.04958,0.04845,0.04920,0.04973,0.05022,0.04968,0.04882,0.05132,0.05141
0.04841,0.04881,0.04857,0.04883,0.05009,0.04926,0.05003,0.04990,0.05191,0.05131,0.04887,0.04884,0.05018,0.05104,0.04883,0.04903,0.05086,0.05173,0.05208,0.05140
0.04925,0.04946,0.05028,0.04996,0.04848,0.04779,0.05492,0.05438,0.04940,0.04985,0.04761,0.04786,0.04873,0.04897,0.05014,0.05067,0.05062,0.04938,0.05096,0.05130
0.05504,0.05374,0.05098,0.05148,0.05090,0.05056,0.04757,0.04768,0.04816,0.04835,0.04943,0.05013,0.04893,0.04843,0.04852,0.04859,0.04985,0.05030,0.05036,0.05099
0.04791,0.04789,0.04765,0.04811,0.04925,0.04925,0.04872,0.04888,0.05001,0.04966,0.04940,0.04996,0.05135,0.05090,0.04889,0.04869,0.05570,0.05375,0.05217,0.05186
0.04927,0.04675,0.04969,0.04968,0.04758,0.04774,0.05016,0.05012,0.04868,0.04932,0.05293,0.05302,0.04885,0.04841,0.05302,0.05294,0.04885,0.04863,0.05229,0.05209
0.04877,0.04776,0.04914,0.04939,0.04926,0.04874,0.04789,0.04780,0.05043,0.05027,0.05032,0.04987,0.05537,0.05520,0.04965,0.05034,0.04801,0.04924,0.05122,0.05133
0.05023,0.05103,0.05353,0.05349,0.05106,0.05104,0.04831,0.04901,0.04853,0.04953,0.04669,0.04721,0.04837,0.04820,0.04937,0.04928,0.05158,0.05089,0.05156,0.05105
0.04899,0.04950,0.04941,0.04957,0.04931,0.04957,0.04760,0.04806,0.04776,0.04734,0.05434,0.05492,0.05014,0.04977,0.05084,0.05090,0.04938,0.05021,0.05071,0.05169
0.04822,0.04895,0.04924,0.04887,0.04846,0.04863,0.04756,0.04847,0.04876,0.04957,0.05180,0.05173,0.05296,0.05267,0.04957,0.04996,0.04982,0.05034,0.05212,0.05230
0.04854,0.04785,0.05068,0.05071,0.04796,0.04814,0.05567,0.05569,0.04898,0.04908,0.04777,0.04789,0.04907,0.04907,0.04939,0.04930,0.05099,0.05060,0.05131,0.05131
0.04693,0.04795,0.04896,0.04889,0.04887,0.04869,0.04968,0.05036,0.05208,0.05146,0.05010,0.05049,0.04979,0.05009,0.05075,0.05082,0.05085,0.05146,0.05077,0.05101
0.04834,0.04844,0.05009,0.05021,0.04940,0.05002,0.04917,0.04943,0.05082,0.04981,0.04928,0.04965,0.05213,0.05138,0.04814,0.04871,0.05052,0.05005,0.05273,0.05169
0.04942,0.04926,0.04875,0.04882,0.04853,0.04885,0.04859,0.04874,0.05413,0.05390,0.04839,0.04848,0.04997,0.05018,0.05049,0.05050,0.05119,0.05079,0.05046,0.05055
0.04765,0.04828,0.04908,0.04942,0.04946,0.04952,0.04936,0.04944,0.04950,0.04950,0.05049,0.05019,0.05436,0.05395,0.04905,0.04923,0.04934,0.04898,0.05195,0.05126
0.04811,0.04932,0.05062,0.05098,0.04885,0.04878,0.04694,0.04781,0.04794,0.04881,0.05636,0.05557,0.05042,0.05051,0.04933,0.04843,0.04920,0.04812,0.05181,0.05208
0.04690,0.04746,0.04831,0.04908,0.04873,0.04928,0.05219,0.05200,0.05086,0.05059,0.05084,0.05029,0.04969,0.04973,0.04948,0.05021,0.05001,0.05006,0.05191,0.05237
0.04872,0.04833,0.04871,0.04931,0.04777,0.04757,0.05468,0.05541,0.05049,0.04993,0.04967,0.04996,0.04850,0.04894,0.04972,0.04963,0.04879,0.04976,0.05184,0.05228
0.04834,0.04811,0.04946,0.04862,0.04779,0.04757,0.05488,0.05507,0.04802,0.04859,0.04830,0.04848,0.05018,0.04977,0.04997,0.04989,0.05034,0.05125,0.05275,0.05260
0.05064,0.05051,0.04948,0.04914,0.04998,0.05045,0.04815,0.04843,0.05217,0.05148,0.04914,0.04890,0.04955,0.04917,0.04839,0.04886,0.05113,0.05226,0.05131,0.05086
0.04906,0.04968,0.04838,0.04882,0.04963,0.05009,0.04919,0.04952,0.05127,0.05167,0.04891,0.04925,0.05068,0.05062,0.04880,0.04979,0.05125,0.05079,0.05129,0.05131
0.04875,0.04847,0.05028,0.05059,0.04812,0.04824,0.05027,0.05028,0.05065,0.05076,0.04978,0.05007,0.04914,0.04945,0.05205,0.05245,0.04882,0.04937,0.05115,0.05131
0.04700,0.04801,0.04930,0.04917,0.04891,0.04875,0.04905,0.04868,0.04928,0.04941,0.05064,0.05083,0.04993,0.05036,0.04958,0.05006,0.05338,0.05217,0.05299,0.05250
0.05332,0.05345,0.05083,0.05144,0.04969,0.04992,0.04876,0.04881,0.04886,0.04916,0.04982,0.04957,0.05077,0.05042,0.04775,0.04795,0.04908,0.04829,0.05103,0.05108
0.04913,0.05098,0.05027,0.05020,0.05493,0.05500,0.04712,0.04766,0.04912,0.04987,0.04960,0.04946,0.04779,0.04784,0.04826,0.04876,0.04970,0.05069,0.05166,0.05196
0.04875,0.04857,0.04828,0.04809,0.04913,0.04933,0.05128,0.05058,0.05369,0.05261,0.04927,0.04908,0.04908,0.04987,0.04968,0.04964,0.05031,0.05049,0.05106,0.05118
0.04831,0.04997,0.04914,0.04992,0.04907,0.04933,0.04842,0.04824,0.04751,0.04863,0.05067,0.05090,0.05350,0.05392,0.04901,0.04955,0.05073,0.04929,0.05168,0.05222
0.04867,0.04788,0.04898,0.04892,0.04814,0.04815,0.04838,0.04885,0.04987,0.04950,0.05137,0.05124,0.05597,0.05558,0.04969,0.04964,0.04856,0.04868,0.05100,0.05092
0.04925,0.04764,0.05045,0.04953,0.04857,0.04932,0.04868,0.04900,0.04857,0.04876,0.04965,0.04945,0.04798,0.04803,0.05383,0.05462,0.04977,0.05106,0.05309,0.05276
0.04936,0.04916,0.05434,0.05395,0.04894,0.04875,0.04881,0.04877,0.04974,0.05008,0.04940,0.04928,0.04951,0.04938,0.04998,0.04952,0.04900,0.04800,0.05236,0.05168
0.04787,0.04792,0.04829,0.04880,0.04958,0.04976,0.04906,0.04943,0.04873,0.04847,0.05102,0.05126,0.05108,0.05092,0.05017,0.04973,0.05171,0.05131,0.05229,0.05260
0.04908,0.05008,0.05109,0.05114,0.04803,0.04843,0.04882,0.04888,0.05021,0.05025,0.04981,0.05023,0.04891,0.04929,0.05159,0.05128,0.05048,0.05007,0.05144,0.05091
0.04996,0.04996,0.05094,0.05076,0.05255,0.05314,0.04634,0.04616,0.04910,0.04993,0.04952,0.04987,0.05017,0.04999,0.04925,0.04886,0.05012,0.05052,0.05177,0.05109
0.04916,0.05057,0.05264,0.05227,0.05004,0.05029,0.04797,0.04837,0.05066,0.04976,0.04893,0.04903,0.04962,0.04953,0.05059,0.05024,0.04868,0.04912,0.05144,0.05110
0.04873,0.04959,0.05366,0.05343,0.04729,0.04743,0.04845,0.04833,0.05035,0.04906,0.04998,0.04986,0.05000,0.05014,0.05097,0.05137,0.04929,0.04817,0.05190,0.05200
0.04812,0.04984,0.04908,0.04837,0.05056,0.05124,0.04840,0.04895,0.04899,0.04891,0.04846,0.04872,0.04865,0.04854,0.04925,0.04984,0.05569,0.05450,0.05204,0.05183
0.04919,0.04788,0.04994,0.04976,0.04905,0.04891,0.05272,0.05350,0.04800,0.04775,0.04866,0.04891,0.04991,0.04986,0.05142,0.05166,0.04995,0.04905,0.05208,0.05180
0.04882,0.05025,0.05005,0.05043,0.04968,0.04930,0.05364,0.05419,0.04702,0.04714,0.04721,0.04799,0.04938,0.04920,0.04885,0.04910,0.05053,0.05071,0.05353,0.05297
0.04887,0.04985,0.05152,0.05138,0.05031,0.04963,0.04867,0.04921,0.04897,0.04893,0.05070,0.05014,0.05182,0.05243,0.04909,0.04886,0.04840,0.04819,0.05110,0.05191
0.04812,0.04660,0.05073,0.04991,0.04877,0.04869,0.04867,0.04905,0.04828,0.04788,0.05006,0.05038,0.04985,0.04982,0.05399,0.05431,0.05111,0.05019,0.05223,0.05136
0.04937,0.04953,0.05452,0.05462,0.05030,0.05045,0.04791,0.04725,0.04969,0.04956,0.04909,0.04927,0.04908,0.04936,0.05008,0.05017,0.04764,0.04857,0.05209,0.05148
0.04762,0.04825,0.04978,0.04962,0.04920,0.04894,0.04951,0.04991,0.04956,0.04956,0.04887,0.04868,0.04886,0.04841,0.04976,0.05059,0.05539,0.05486,0.05122,0.05141
0.04834,0.04851,0.05014,0.04913,0.04956,0.04941,0.04873,0.04903,0.04916,0.04884,0.05415,0.05363,0.04966,0.04952,0.04968,0.05070,0.04841,0.04953,0.05215,0.05170
0.04912,0.04950,0.05329,0.05320,0.05022,0.05039,0.04735,0.04812,0.04839,0.04834,0.04974,0.04935,0.04987,0.04998,0.04956,0.04933,0.04963,0.04969,0.05262,0.05230
0.05395,0.05445,0.05038,0.05084,0.04921,0.04894,0.04824,0.04824,0.04726,0.04808,0.04962,0.04994,0.05079,0.05013,0.04966,0.05007,0.04930,0.04836,0.05074,0.05180
0.04827,0.04941,0.04996,0.05027,0.04855,0.04859,0.04894,0.04890,0.05425,0.05385,0.04712,0.04775,0.05012,0.04986,0.05037,0.05120,0.05053,0.04946,0.05163,0.05099
0.04959,0.04979,0.04987,0.04972,0.04925,0.04928,0.05072,0.05063,0.05314,0.05298,0.04795,0.04804,0.05045,0.05027,0.04947,0.04926,0.04880,0.04917,0.05105,0.05056
0.04912,0.04934,0.04766,0.04866,0.04833,0.04833,0.04971,0.05031,0.04775,0.04816,0.05154,0.05052,0.05043,0.05068,0.04911,0.04960,0.05401,0.05352,0.05125,0.05196
0.04805,0.04920,0.05585,0.05578,0.04885,0.04919,0.04838,0.04866,0.04869,0.04845,0.04847,0.04845,0.04864,0.04865,0.04977,0.04962,0.04981,0.04976,0.05371,0.05201
0.04649,0.04691,0.04866,0.04897,0.05014,0.05017,0.04758,0.04776,0.04794,0.04789,0.05605,0.05531,0.05162,0.05098,0.04991,0.04958,0.04922,0.04998,0.05217,0.05267
0.05592,0.05459,0.05108,0.05123,0.04997,0.05051,0.04760,0.04835,0.04695,0.04779,0.04827,0.04854,0.05010,0.05001,0.04936,0.04992,0.04804,0.04912,0.05148,0.05121
0.04791,0.04771,0.04840,0.04837,0.04820,0.04895,0.04907,0.04894,0.04945,0.04936,0.05056,0.05047,0.05474,0.05494,0.04943,0.05089,0.04935,0.04985,0.05192,0.05148
0.04842,0.04793,0.04945,0.04988,0.04974,0.04972,0.04726,0.04802,0.04774,0.04834,0.05403,0.05440,0.05075,0.05035,0.04985,0.04940,0.05018,0.05095,0.05145,0.05215
0.04948,0.04978,0.05547,0.05558,0.04964,0.04998,0.04903,0.04900,0.04746,0.04725,0.04948,0.04984,0.04974,0.05001,0.05006,0.04989,0.04779,0.04763,0.05198,0.05091
0.04737,0.04670,0.05114,0.05097,0.04912,0.04964,0.04882,0.04948,0.04943,0.04905,0.05080,0.05079,0.04962,0.04969,0.05345,0.05284,0.04912,0.04933,0.05156,0.05108
0.04827,0.04871,0.05018,0.05002,0.04843,0.04880,0.05499,0.05530,0.04981,0.04992,0.04758,0.04771,0.04722,0.04712,0.05060,0.05014,0.05230,0.05071,0.05067,0.05152
0.05452,0.05620,0.04893,0.04975,0.04807,0.04795,0.04986,0.05029,0.04773,0.04768,0.04880,0.04892,0.04960,0.04989,0.04898,0.04985,0.05073,0.04950,0.05099,0.05176
0.04927,0.05040,0.05139,0.05161,0.05312,0.05294,0.04694,0.04702,0.04913,0.04947,0.04992,0.04990,0.04934,0.04902,0.04789,0.04821,0.05072,0.05069,0.05161,0.05141
0.04665,0.04745,0.04983,0.04927,0.04775,0.04802,0.04987,0.05020,0.04761,0.04788,0.05336,0.05405,0.05040,0.04980,0.05105,0.05084,0.05040,0.05011,0.05296,0.05250
0.04940,0.04896,0.05070,0.05062,0.05060,0.05015,0.04750,0.04769,0.04854,0.04860,0.04916,0.04973,0.04906,0.04865,0.04867,0.04909,0.05467,0.05444,0.05201,0.05175
0.05295,0.05358,0.05089,0.04987,0.05026,0.04997,0.04661,0.04680,0.04944,0.05021,0.04986,0.04970,0.05062,0.04984,0.04857,0.04828,0.05020,0.05052,0.05055,0.05129
0.04890,0.04932,0.05386,0.05391,0.05002,0.04998,0.04933,0.04888,0.04843,0.04801,0.04967,0.04974,0.04993,0.04999,0.04990,0.05027,0.04858,0.04818,0.05183,0.05127
0.04913,0.04909,0.04912,0.04908,0.04864,0.04898,0.04898,0.04900,0.05446,0.05366,0.04980,0.04960,0.05100,0.05014,0.04960,0.04934,0.05049,0.04966,0.05039,0.04984
0.04839,0.04806,0.04957,0.04907,0.04683,0.04787,0.05163,0.05131,0.04988,0.04982,0.04959,0.05023,0.04852,0.04892,0.05335,0.05374,0.04964,0.05005,0.05165,0.05190
0.04903,0.04927,0.05112,0.05061,0.05134,0.05190,0.04834,0.04835,0.04697,0.04709,0.05125,0.05099,0.05051,0.04988,0.04939,0.04952,0.04982,0.05011,0.05270,0.05180
0.05479,0.05640,0.05147,0.05151,0.04986,0.05040,0.04718,0.04707,0.04833,0.04868,0.04760,0.04797,0.04917,0.04867,0.04867,0.04853,0.05040,0.05115,0.05110,0.05105
0.05558,0.05419,0.05093,0.05120,0.04904,0.04945,0.04725,0.04698,0.04965,0.04940,0.04949,0.04953,0.04997,0.05041,0.04852,0.04903,0.04882,0.04906,0.05060,0.05092
0.05002,0.04938,0.05423,0.05420,0.04996,0.05011,0.04673,0.04670,0.04991,0.04891,0.04915,0.04923,0.05017,0.05011,0.04854,0.04955,0.04889,0.04991,0.05243,0.05188
0.04772,0.04928,0.04932,0.04905,0.04999,0.04989,0.04904,0.04919,0.04810,0.04863,0.05010,0.04993,0.05389,0.05402,0.04956,0.05000,0.04856,0.04880,0.05202,0.05291
0.04827,0.04799,0.04907,0.04859,0.04797,0.04814,0.04779,0.04738,0.04834,0.04819,0.05520,0.05513,0.05143,0.05138,0.05029,0.05106,0.04952,0.05066,0.05164,0.05193
0.05290,0.05245,0.05054,0.05037,0.04943,0.04935,0.04838,0.04815,0.04836,0.04869,0.05002,0.05004,0.05002,0.04963,0.04929,0.04943,0.04975,0.04959,0.05217,0.05143
0.04843,0.04716,0.04979,0.04925,0.04787,0.04774,0.05710,0.05749,0.04922,0.04911,0.04874,0.04897,0.04934,0.04928,0.04964,0.05034,0.04794,0.04869,0.05196,0.05192
0.05060,0.04968,0.04745,0.04788,0.04712,0.04753,0.05628,0.05638,0.05057,0.05057,0.04620,0.04620,0.04867,0.04950,0.05140,0.05110,0.05105,0.05028,0.05102,0.05054
0.04867,0.04796,0.05349,0.05395,0.04945,0.04977,0.04758,0.04815,0.04904,0.04983,0.04987,0.04974,0.05046,0.05080,0.04958,0.04925,0.05032,0.04866,0.05198,0.05147
0.04925,0.04978,0.04935,0.04955,0.04749,0.04751,0.05776,0.05714,0.05038,0.05018,0.04636,0.04709,0.04822,0.04824,0.04912,0.04971,0.04988,0.05031,0.05168,0.05100
0.04680,0.04626,0.04963,0.05001,0.04835,0.04905,0.05331,0.05298,0.05020,0.04999,0.04776,0.04845,0.04945,0.04957,0.05153,0.05204,0.04949,0.05029,0.05185,0.05300
0.04825,0.04810,0.05131,0.05090,0.04866,0.04884,0.04832,0.04842,0.04803,0.04724,0.05521,0.05461,0.05127,0.05089,0.04837,0.04915,0.04832,0.05025,0.05225,0.05160
0.04796,0.04947,0.04703,0.04741,0.04818,0.04831,0.05015,0.04986,0.05317,0.05279,0.04944,0.04962,0.04984,0.04931,0.05025,0.05084,0.05139,0.05178,0.05146,0.05176
0.04800,0.04869,0.04963,0.04985,0.04945,0.04946,0.04910,0.04846,0.05358,0.05320,0.04863,0.04887,0.05030,0.04973,0.05017,0.05019,0.05001,0.04973,0.05119,0.05175
0.05054,0.05126,0.04943,0.04933,0.05286,0.05277,0.04793,0.04790,0.05057,0.05045,0.04999,0.04952,0.04806,0.04818,0.04974,0.04981,0.04977,0.05007,0.05130,0.05051
0.04839,0.04839,0.04773,0.04783,0.04804,0.04843,0.05706,0.05676,0.05010,0.05021,0.04702,0.04776,0.04937,0.04987,0.04896,0.04882,0.05045,0.04986,0.05270,0.05225
0.04676,0.04807,0.04792,0.04774,0.04956,0.05012,0.04971,0.04974,0.04910,0.04853,0.05033,0.05075,0.04766,0.04728,0.05000,0.04968,0.05697,0.05556,0.05291,0.05159
0.05033,0.04999,0.05188,0.05162,0.05241,0.05242,0.04737,0.04769,0.04849,0.04938,0.04882,0.04939,0.04957,0.04936,0.04964,0.04933,0.04979,0.04950,0.05125,0.05176
0.05037,0.04884,0.05146,0.05156,0.04667,0.04689,0.04874,0.04862,0.05089,0.05036,0.04824,0.04888,0.05120,0.05040,0.05340,0.05335,0.04755,0.04832,0.05240,0.05185
0.04899,0.04888,0.04879,0.04844,0.04915,0.04899,0.04753,0.04813,0.04898,0.04863,0.05550,0.05454,0.05222,0.05141,0.04785,0.04848,0.05006,0.05150,0.05155,0.05039
0.04951,0.05021,0.05121,0.05142,0.05284,0.05291,0.04807,0.04761,0.04812,0.04841,0.05093,0.05086,0.04905,0.04974,0.04933,0.04939,0.04917,0.04942,0.05053,0.05128
0.04748,0.04769,0.05114,0.05033,0.04970,0.05035,0.04871,0.04874,0.04821,0.04879,0.05160,0.05190,0.05417,0.05328,0.04879,0.04928,0.04852,0.04844,0.05137,0.05150
0.04615,0.04596,0.05058,0.05072,0.04865,0.04893,0.04948,0.05001,0.04951,0.04956,0.05020,0.05034,0.04876,0.04915,0.05484,0.05423,0.04959,0.05050,0.05161,0.05124
0.04832,0.04841,0.04911,0.04909,0.05427,0.05398,0.04847,0.04866,0.04847,0.04844,0.04859,0.04898,0.04980,0.04972,0.04913,0.04903,0.05108,0.05181,0.05243,0.05220
0.04658,0.04758,0.04829,0.04853,0.04978,0.04989,0.04945,0.04960,0.04978,0.04999,0.04771,0.04774,0.04865,0.04878,0.04985,0.05023,0.05550,0.05631,0.05306,0.05271
0.04998,0.05059,0.05422,0.05432,0.04918,0.04984,0.04715,0.04740,0.04848,0.04826,0.04913,0.04928,0.05002,0.04912,0.04864,0.04905,0.05060,0.05107,0.05212,0.05155
