0.01479,0.03983,0.01401,0.02316,0.01092,0.00885,0.09206,0.00601,0.21916,0.00858,0.01973,0.00742,0.04372,0.01351,0.01207,0.01419,0.00874,0.01570,0.01381,0.41373
0.01424,0.01756,0.03351,0.00617,0.01369,0.00909,0.09897,0.00425,0.03359,0.04842,0.00597,0.01965,0.16145,0.00555,0.00698,0.32654,0.09905,0.00321,0.00735,0.08473
0.00369,0.00419,0.00524,0.59791,0.00349,0.02053,0.00571,0.00432,0.00219,0.00161,0.32505,0.00103,0.00324,0.01034,0.00144,0.00228,0.00108,0.00117,0.00168,0.00382
0.03767,0.00734,0.05430,0.02211,0.01047,0.02295,0.01531,0.01564,0.00978,0.01142,0.00895,0.00738,0.22885,0.00875,0.08154,0.30857,0.13699,0.00439,0.00357,0.00401
0.06106,0.03039,0.01230,0.02583,0.08703,0.42167,0.05324,0.02336,0.05139,0.01050,0.00771,0.01702,0.02384,0.01796,0.08502,0.01821,0.00489,0.00399,0.00858,0.03600
0.06533,0.09134,0.02839,0.14360,0.01361,0.00645,0.07747,0.10572,0.04986,0.16258,0.03070,0.02244,0.09411,0.00994,0.01677,0.01967,0.00275,0.01699,0.01012,0.03215
0.22676,0.02155,0.03053,0.03480,0.04812,0.39999,0.01195,0.04426,0.04980,0.02083,0.02647,0.00828,0.00792,0.01905,0.00663,0.02683,0.00208,0.00418,0.00292,0.00708
0.02938,0.01226,0.01857,0.02452,0.02556,0.00483,0.36088,0.15720,0.01736,0.00479,0.00408,0.00618,0.30998,0.00645,0.00340,0.00384,0.00140,0.00160,0.00231,0.00542
0.01634,0.01230,0.00784,0.02313,0.01494,0.47139,0.02017,0.23827,0.01020,0.01370,0.00402,0.04336,0.00420,0.00431,0.02923,0.03063,0.00777,0.01573,0.00569,0.02679
0.00284,0.00608,0.21719,0.00275,0.00529,0.01942,0.02278,0.00868,0.00671,0.01084,0.00359,0.46323,0.01137,0.00475,0.00705,0.01108,0.00324,0.00462,0.00467,0.18384
0.01264,0.00575,0.02366,0.07545,0.00587,0.01203,0.05622,0.03686,0.00378,0.05509,0.01354,0.03390,0.02698,0.13152,0.01643,0.18835,0.00510,0.24634,0.04767,0.00281
0.07844,0.15392,0.03623,0.08289,0.00719,0.01259,0.09681,0.00614,0.14107,0.01480,0.02405,0.02718,0.06404,0.14906,0.01834,0.00682,0.00580,0.04143,0.00865,0.02457
0.00604,0.39559,0.01155,0.06171,0.01868,0.01807,0.04348,0.01194,0.10809,0.00678,0.00701,0.01406,0.01151,0.00573,0.11974,0.02539,0.00776,0.00527,0.01633,0.10528
0.12818,0.17504,0.14960,0.03638,0.18510,0.00725,0.01581,0.10180,0.00445,0.00932,0.06633,0.01204,0.04817,0.00493,0.01211,0.01440,0.00392,0.01548,0.00363,0.00605
0.01696,0.19725,0.01593,0.00800,0.00315,0.01344,0.10927,0.02402,0.35541,0.18227,0.01025,0.01974,0.01205,0.00432,0.00741,0.00773,0.00358,0.00217,0.00308,0.00398
0.01011,0.11885,0.01239,0.02942,0.10456,0.01116,0.29603,0.20916,0.00527,0.00595,0.00706,0.01239,0.15084,0.00470,0.00448,0.00343,0.00287,0.00225,0.00327,0.00581
0.18519,0.01340,0.29673,0.01600,0.01803,0.00293,0.01114,0.03130,0.04705,0.09482,0.04709,0.01665,0.00612,0.00288,0.00221,0.05050,0.00226,0.14431,0.00129,0.01010
0.02160,0.11245,0.01343,0.03149,0.00694,0.02247,0.02820,0.00923,0.02625,0.00710,0.09611,0.00397,0.05885,0.00627,0.01391,0.00899,0.01359,0.14402,0.00736,0.36779
0.01154,0.03366,0.00815,0.10544,0.00465,0.02036,0.19426,0.06590,0.00683,0.00701,0.01492,0.00552,0.00800,0.12194,0.01735,0.00837,0.15481,0.00716,0.02870,0.17545
0.02129,0.01347,0.00689,0.48482,0.00559,0.00900,0.07314,0.02888,0.03599,0.01310,0.00423,0.13870,0.01356,0.04449,0.00857,0.00938,0.04513,0.01757,0.02035,0.00586
0.02969,0.00913,0.02872,0.00337,0.00635,0.01487,0.04418,0.06995,0.00338,0.24855,0.16936,0.00502,0.01079,0.17810,0.00591,0.02444,0.00358,0.00480,0.13759,0.00223
0.18376,0.13716,0.02141,0.00991,0.01172,0.03945,0.05917,0.08734,0.00659,0.22690,0.15462,0.00945,0.01141,0.00501,0.00963,0.00687,0.00577,0.00646,0.00293,0.00443
0.00557,0.01217,0.01346,0.18611,0.03136,0.05640,0.17679,0.01209,0.00375,0.00760,0.00624,0.01608,0.03698,0.23057,0.00462,0.00419,0.00827,0.00474,0.14612,0.03689
0.03654,0.08360,0.00935,0.24153,0.00991,0.00485,0.01407,0.17197,0.01174,0.20667,0.01249,0.15669,0.00392,0.00366,0.00427,0.00296,0.01569,0.00453,0.00196,0.00359
0.14358,0.35814,0.13276,0.11386,0.00800,0.00638,0.01271,0.03465,0.02320,0.01269,0.01525,0.01828,0.01022,0.01027,0.01495,0.01043,0.00391,0.02821,0.00784,0.03468
0.04266,0.17839,0.02829,0.12461,0.00550,0.00640,0.04309,0.01017,0.25052,0.00866,0.00809,0.19008,0.01269,0.00680,0.00904,0.00785,0.00377,0.00698,0.00394,0.05248
0.00759,0.23432,0.01329,0.10090,0.00454,0.00821,0.04351,0.07223,0.16414,0.00796,0.01433,0.02760,0.01267,0.07686,0.00462,0.01505,0.01744,0.00860,0.13476,0.03136
0.10548,0.01187,0.02026,0.27417,0.00913,0.00929,0.01734,0.04653,0.19066,0.00869,0.00458,0.06006,0.03976,0.17029,0.00545,0.00579,0.00322,0.00553,0.00161,0.01027
0.00839,0.02229,0.00619,0.02323,0.00947,0.01202,0.01063,0.00405,0.10249,0.01284,0.01030,0.00372,0.00886,0.00347,0.45919,0.07503,0.01236,0.00634,0.05226,0.15687
0.10307,0.10712,0.27528,0.02726,0.00696,0.00582,0.01178,0.01956,0.13039,0.00657,0.01587,0.01091,0.03808,0.10672,0.00552,0.00367,0.00443,0.09707,0.00230,0.02162
0.28623,0.06286,0.22305,0.12445,0.12954,0.00467,0.01519,0.01539,0.01515,0.00672,0.01535,0.01430,0.03321,0.00975,0.00251,0.01231,0.00170,0.01633,0.00200,0.00929
0.01101,0.02251,0.01191,0.21303,0.00421,0.00593,0.05933,0.04327,0.22942,0.02176,0.00626,0.02387,0.01258,0.00337,0.02388,0.11293,0.00510,0.17405,0.00257,0.01299
0.00319,0.26603,0.06305,0.00553,0.00372,0.00310,0.02947,0.00680,0.27137,0.01066,0.00425,0.02156,0.01673,0.00415,0.00558,0.24648,0.00468,0.00508,0.00587,0.02272
0.00874,0.01583,0.04781,0.00719,0.00727,0.04303,0.04386,0.00632,0.11724,0.01558,0.00814,0.01770,0.19751,0.00721,0.00806,0.23286,0.01545,0.00404,0.00528,0.19087
0.00512,0.01939,0.00462,0.03914,0.01988,0.05190,0.10426,0.00629,0.00386,0.00402,0.00397,0.02066,0.01418,0.26200,0.00505,0.01542,0.00905,0.00642,0.31895,0.08580
0.05484,0.04123,0.07101,0.00684,0.00411,0.00557,0.01865,0.02398,0.19683,0.18225,0.19960,0.07479,0.03127,0.03249,0.02696,0.00570,0.00377,0.00308,0.00937,0.00767
0.00573,0.06332,0.00648,0.36331,0.00233,0.01924,0.12087,0.01165,0.00561,0.00255,0.15117,0.00163,0.00482,0.05695,0.01052,0.00604,0.00487,0.01405,0.00649,0.14238
0.08895,0.16697,0.02720,0.20385,0.10049,0.01870,0.00957,0.14299,0.00488,0.00612,0.00355,0.16590,0.01173,0.00483,0.00665,0.01319,0.00815,0.00544,0.00453,0.00630
0.05200,0.01019,0.08749,0.01422,0.00621,0.01254,0.01258,0.04379,0.00877,0.22307,0.33840,0.02489,0.01522,0.10786,0.00966,0.00554,0.00335,0.00448,0.01412,0.00562
0.14437,0.05699,0.09998,0.01248,0.01963,0.00864,0.02109,0.46469,0.01153,0.01166,0.01612,0.00923,0.03019,0.02765,0.01663,0.01241,0.00368,0.01007,0.01847,0.00451
0.01220,0.32485,0.01963,0.02148,0.10953,0.03043,0.01158,0.10376,0.00313,0.01410,0.04737,0.00428,0.02130,0.10119,0.04978,0.01063,0.00680,0.02060,0.05345,0.03392
0.24202,0.06549,0.26543,0.01573,0.00381,0.00367,0.03494,0.01074,0.23809,0.00472,0.00411,0.01364,0.02219,0.00995,0.00421,0.00540,0.01081,0.00764,0.00479,0.03263
0.13146,0.01602,0.04978,0.04308,0.01048,0.01577,0.00960,0.45885,0.02105,0.13179,0.01128,0.01720,0.00945,0.00785,0.00678,0.01016,0.00453,0.02317,0.00273,0.01896
0.01051,0.23417,0.03882,0.00636,0.00528,0.00819,0.07827,0.01087,0.37068,0.03800,0.01553,0.03354,0.01193,0.00409,0.00542,0.03065,0.00821,0.00851,0.00266,0.07829
0.01371,0.01088,0.03937,0.00838,0.00333,0.06471,0.01922,0.00417,0.00765,0.06465,0.02230,0.01130,0.52917,0.13608,0.00785,0.01690,0.01901,0.00862,0.00772,0.00497
0.01090,0.11801,0.01894,0.01626,0.01414,0.01240,0.01720,0.03698,0.18309,0.08139,0.01468,0.00978,0.01959,0.00703,0.23211,0.12719,0.00785,0.00573,0.02797,0.03875
0.11036,0.14198,0.13453,0.03130,0.00830,0.00650,0.01885,0.01858,0.23113,0.07686,0.02434,0.01069,0.01485,0.01028,0.00640,0.00489,0.06503,0.00911,0.01411,0.06191
0.20150,0.03028,0.18569,0.07583,0.00804,0.00547,0.07265,0.00744,0.06657,0.09611,0.03001,0.09182,0.02778,0.00746,0.01040,0.05112,0.00411,0.02061,0.00256,0.00453
0.00615,0.32870,0.04315,0.00730,0.00501,0.00960,0.05645,0.00434,0.45484,0.01280,0.00339,0.00617,0.01143,0.00239,0.00462,0.02609,0.00458,0.00308,0.00533,0.00456
0.14216,0.12811,0.01042,0.02598,0.00597,0.01066,0.11865,0.31276,0.03996,0.00909,0.00787,0.09503,0.01358,0.00785,0.00841,0.01025,0.00493,0.01579,0.00278,0.02976
0.01681,0.04234,0.01495,0.01846,0.01295,0.13648,0.00582,0.26408,0.01357,0.15442,0.01562,0.03080,0.00771,0.18730,0.00779,0.04434,0.00344,0.01062,0.00645,0.00606
0.01255,0.00669,0.01395,0.33393,0.00382,0.00453,0.00944,0.04274,0.00662,0.00662,0.00432,0.11967,0.00623,0.00447,0.01201,0.15844,0.00277,0.24597,0.00277,0.00248
0.00380,0.00891,0.08345,0.00757,0.02002,0.00528,0.06217,0.06327,0.05884,0.08961,0.00437,0.08640,0.00433,0.01180,0.01957,0.32687,0.05358,0.00771,0.00418,0.07825
0.08863,0.19365,0.05142,0.23641,0.12943,0.01250,0.01306,0.03854,0.00754,0.00926,0.00576,0.04051,0.00763,0.01453,0.03790,0.02471,0.00523,0.02071,0.01006,0.05251
0.00670,0.02760,0.01143,0.00190,0.00281,0.00295,0.00378,0.02828,0.02010,0.54855,0.31325,0.00260,0.00587,0.00436,0.00278,0.00723,0.00174,0.00310,0.00323,0.00173
0.00705,0.00551,0.17969,0.01289,0.00569,0.14766,0.00572,0.00408,0.00257,0.00462,0.00264,0.00353,0.00377,0.25090,0.00153,0.00459,0.00339,0.00188,0.34826,0.00403
0.01016,0.13823,0.01156,0.27770,0.00549,0.02332,0.02751,0.00762,0.01941,0.00525,0.09201,0.00137,0.00863,0.02656,0.01143,0.03035,0.01754,0.02433,0.00999,0.25155
0.01530,0.01052,0.00800,0.04366,0.00287,0.02846,0.08601,0.00890,0.26971,0.00584,0.01105,0.00647,0.01280,0.08315,0.01217,0.07229,0.01136,0.30293,0.00230,0.00620
0.00978,0.01654,0.03320,0.03840,0.00306,0.01991,0.01040,0.07110,0.01811,0.01209,0.01591,0.08113,0.00640,0.01335,0.09079,0.28685,0.00496,0.25620,0.00246,0.00937
0.21169,0.03420,0.13024,0.29934,0.00816,0.00410,0.06335,0.06059,0.02197,0.00447,0.00300,0.02322,0.00748,0.07631,0.01652,0.01265,0.00415,0.00685,0.00792,0.00378
0.00585,0.40287,0.00954,0.00986,0.03599,0.03818,0.02242,0.01053,0.15939,0.01065,0.01141,0.01562,0.00928,0.00437,0.09027,0.06858,0.01612,0.00973,0.00187,0.06747
0.00567,0.00767,0.02807,0.00557,0.00426,0.15637,0.01938,0.00788,0.01420,0.01592,0.00579,0.00671,0.29543,0.08072,0.01252,0.30592,0.01401,0.00340,0.00759,0.00292
0.09823,0.02555,0.00760,0.11805,0.02409,0.42681,0.01398,0.01085,0.00474,0.01127,0.00517,0.05363,0.00377,0.01004,0.01456,0.03461,0.00395,0.04047,0.07257,0.02007
0.00903,0.38319,0.03140,0.03476,0.12484,0.01722,0.02593,0.01465,0.01120,0.00508,0.02629,0.00365,0.01086,0.01809,0.01130,0.04044,0.00824,0.02207,0.01336,0.18842
0.00224,0.00569,0.07181,0.00384,0.00390,0.01298,0.19970,0.00357,0.00708,0.00788,0.00809,0.57387,0.01398,0.00226,0.00525,0.00528,0.00395,0.00145,0.00167,0.06550
0.08546,0.02606,0.02046,0.00500,0.00414,0.01430,0.00825,0.01943,0.02912,0.35104,0.34552,0.01995,0.00856,0.00608,0.03569,0.00644,0.00226,0.00461,0.00323,0.00439
0.05402,0.12638,0.02207,0.00397,0.00927,0.00863,0.01146,0.01399,0.00905,0.33382,0.25825,0.00475,0.00740,0.01172,0.02205,0.05233,0.00215,0.04413,0.00296,0.00160
0.04179,0.26708,0.01852,0.02826,0.21667,0.18822,0.03851,0.03476,0.00316,0.00604,0.00775,0.01050,0.01344,0.00550,0.03240,0.01707,0.00599,0.03302,0.00772,0.02360
0.00558,0.20080,0.01411,0.01003,0.00718,0.00645,0.18157,0.04574,0.13837,0.07551,0.01556,0.00648,0.00548,0.02040,0.02300,0.11309,0.01692,0.01481,0.07805,0.02088
0.00800,0.07504,0.00736,0.01656,0.00599,0.00834,0.03589,0.01787,0.12692,0.01831,0.01279,0.03110,0.00609,0.00343,0.01564,0.27865,0.00535,0.32101,0.00158,0.00408
0.22520,0.04121,0.08869,0.01637,0.05029,0.00375,0.25776,0.05669,0.02981,0.00582,0.00553,0.01101,0.16302,0.00459,0.00388,0.01988,0.00145,0.00569,0.00150,0.00788
0.02362,0.10223,0.03543,0.15506,0.01763,0.23031,0.01156,0.03587,0.05397,0.02852,0.05218,0.00838,0.02085,0.12838,0.01232,0.00895,0.00509,0.02578,0.02163,0.02225
0.01027,0.01426,0.01709,0.03178,0.09964,0.01161,0.02099,0.00448,0.04073,0.33046,0.00459,0.00958,0.13713,0.12019,0.00609,0.11563,0.00476,0.00769,0.00540,0.00763
0.05669,0.13429,0.02092,0.00840,0.00401,0.03579,0.04684,0.01920,0.14363,0.31027,0.13867,0.00724,0.01746,0.00755,0.01911,0.00572,0.01407,0.00272,0.00393,0.00350
0.04301,0.15357,0.13078,0.07234,0.00988,0.00693,0.12197,0.04118,0.17525,0.04253,0.01629,0.04510,0.01888,0.00973,0.00899,0.02999,0.00349,0.04026,0.00668,0.02312
0.02846,0.22143,0.03327,0.14969,0.00453,0.00852,0.10913,0.01619,0.03398,0.01919,0.00755,0.03685,0.00965,0.02033,0.01180,0.20773,0.01034,0.02463,0.00941,0.03732
0.02480,0.02617,0.03631,0.05301,0.00685,0.03396,0.00829,0.48000,0.01148,0.01851,0.01013,0.01545,0.00651,0.00555,0.01814,0.14637,0.00931,0.02085,0.00345,0.06485
0.37676,0.04174,0.34433,0.01351,0.04352,0.00246,0.01454,0.00937,0.01433,0.01670,0.01142,0.00678,0.03265,0.00261,0.00208,0.00632,0.00292,0.04897,0.00120,0.00779
0.01425,0.03701,0.01057,0.00816,0.01619,0.03740,0.03671,0.00555,0.00725,0.25091,0.00607,0.00320,0.25434,0.00971,0.07947,0.09800,0.02851,0.03878,0.00854,0.04938
0.15698,0.21124,0.08699,0.01585,0.01094,0.08774,0.07842,0.00986,0.09251,0.04235,0.01606,0.03957,0.02270,0.00749,0.01833,0.05679,0.00698,0.00343,0.00181,0.03396
0.01182,0.06931,0.01660,0.01148,0.01834,0.00544,0.01359,0.07690,0.15791,0.02714,0.01649,0.01896,0.01222,0.00761,0.00719,0.15110,0.00284,0.36042,0.00205,0.01258
0.02205,0.03659,0.03068,0.06921,0.00864,0.02183,0.01947,0.01955,0.03829,0.01729,0.04712,0.00642,0.00785,0.07001,0.02218,0.01296,0.08768,0.23369,0.00692,0.22157
0.02029,0.00559,0.02866,0.02863,0.00851,0.07272,0.04832,0.00939,0.00264,0.01863,0.02849,0.00342,0.11607,0.19472,0.00383,0.08730,0.00431,0.00318,0.30831,0.00699
0.11583,0.03284,0.03596,0.02714,0.05437,0.01012,0.28342,0.01435,0.01115,0.02739,0.03484,0.06837,0.21657,0.01145,0.02493,0.01187,0.00119,0.00399,0.00270,0.01150
0.01455,0.28126,0.02142,0.01475,0.17642,0.02418,0.01664,0.07501,0.00367,0.01209,0.23823,0.00783,0.01110,0.05774,0.00825,0.00867,0.00918,0.00849,0.00611,0.00444
0.00862,0.30795,0.02349,0.15995,0.16792,0.03662,0.01697,0.00645,0.00379,0.00539,0.01563,0.12051,0.01105,0.01510,0.01597,0.01891,0.00585,0.04399,0.00324,0.01259
0.02121,0.19042,0.00975,0.36281,0.02946,0.00878,0.03298,0.05401,0.01316,0.00854,0.00282,0.18639,0.00520,0.00671,0.02612,0.00991,0.00493,0.01737,0.00344,0.00601
0.01598,0.17105,0.00953,0.10369,0.01958,0.00983,0.03860,0.04791,0.19659,0.00691,0.00355,0.07692,0.00665,0.16534,0.09394,0.01010,0.00476,0.01017,0.00416,0.00473
0.10368,0.04481,0.02080,0.05360,0.02073,0.02071,0.03463,0.10023,0.02560,0.01416,0.01995,0.00687,0.09411,0.31579,0.02063,0.00789,0.00352,0.01504,0.07112,0.00613
0.03792,0.00547,0.22749,0.00908,0.00479,0.03664,0.05395,0.00767,0.01408,0.01261,0.00960,0.00531,0.22703,0.05939,0.08078,0.15193,0.01020,0.00697,0.02391,0.01517
0.00973,0.02336,0.02658,0.04359,0.01987,0.02476,0.07532,0.01251,0.00712,0.23261,0.00407,0.01369,0.06700,0.00523,0.01359,0.25387,0.10935,0.01559,0.00246,0.03971
0.01927,0.01581,0.01014,0.42280,0.00648,0.00661,0.01994,0.11907,0.04414,0.06551,0.00478,0.11689,0.00580,0.00375,0.00476,0.10920,0.00753,0.01459,0.00109,0.00183
0.05396,0.00453,0.02008,0.33898,0.00556,0.00592,0.04589,0.02329,0.17193,0.16304,0.00367,0.08411,0.01310,0.02312,0.00402,0.00773,0.01392,0.00834,0.00274,0.00604
0.22184,0.09576,0.31636,0.01278,0.01134,0.00365,0.00686,0.02871,0.01619,0.00936,0.04146,0.00656,0.01118,0.00619,0.00263,0.01615,0.00431,0.18345,0.00136,0.00387
0.00929,0.04505,0.05612,0.03628,0.01105,0.01570,0.03139,0.01052,0.06085,0.04610,0.00963,0.01940,0.08521,0.01059,0.00948,0.46461,0.06595,0.00207,0.00418,0.00655
0.01062,0.00458,0.00993,0.13812,0.00427,0.01462,0.00954,0.01089,0.32444,0.01157,0.00337,0.03412,0.00545,0.33021,0.01519,0.02632,0.01126,0.02862,0.00159,0.00527
0.10953,0.00878,0.00898,0.02234,0.00606,0.19024,0.00468,0.57774,0.00555,0.00672,0.00326,0.00586,0.00654,0.01404,0.00607,0.00972,0.00469,0.00276,0.00326,0.00318
0.00690,0.00633,0.11459,0.01252,0.01103,0.01322,0.06932,0.00345,0.02077,0.04662,0.02069,0.01136,0.24727,0.04095,0.05058,0.12524,0.05177,0.00952,0.01310,0.12476
0.05326,0.10584,0.09754,0.02448,0.02026,0.01773,0.05973,0.04909,0.00863,0.01968,0.06215,0.01409,0.07453,0.04473,0.02575,0.02361,0.00275,0.25271,0.03704,0.00642
0.00539,0.02039,0.01349,0.02208,0.01413,0.00870,0.01491,0.12564,0.05022,0.01238,0.03574,0.01506,0.00916,0.08743,0.02958,0.16311,0.00603,0.34056,0.01917,0.00681
