0.14309,0.17586,0.02357,0.13859,0.03652,0.01274,0.01678,0.01145,0.06577,0.22345,0.01630,0.01012,0.00920,0.00680,0.01463,0.01316,0.01804,0.04181,0.00862,0.01350
0.03602,0.21821,0.01606,0.10963,0.02191,0.02081,0.01689,0.01786,0.09388,0.24134,0.02566,0.02961,0.02650,0.01431,0.01489,0.01229,0.02283,0.03164,0.01271,0.01694
0.03887,0.15184,0.01493,0.21238,0.03000,0.02623,0.00623,0.01399,0.21410,0.18384,0.00484,0.00566,0.00535,0.00481,0.00883,0.00594,0.00939,0.04776,0.00679,0.00822
0.03716,0.10865,0.06691,0.20782,0.06863,0.01218,0.00917,0.00945,0.20958,0.14223,0.00818,0.01058,0.00823,0.00956,0.00703,0.00472,0.00979,0.05948,0.00344,0.00721
0.04973,0.14893,0.05993,0.07966,0.05422,0.03743,0.02519,0.02073,0.07482,0.12871,0.02621,0.01924,0.02455,0.03005,0.04072,0.02805,0.04946,0.04493,0.03293,0.02451
0.11908,0.11654,0.08389,0.05596,0.08329,0.01816,0.02749,0.04280,0.06096,0.19955,0.01904,0.02462,0.01250,0.01122,0.01752,0.00911,0.02700,0.03791,0.00941,0.02397
0.04708,0.12253,0.02922,0.10431,0.03517,0.03715,0.02297,0.01399,0.11852,0.14472,0.02396,0.01927,0.05904,0.01857,0.03240,0.02035,0.06547,0.04057,0.01571,0.02901
0.13932,0.14907,0.07754,0.07630,0.08079,0.00826,0.01722,0.01250,0.07184,0.24011,0.01094,0.01106,0.02575,0.00810,0.01099,0.00786,0.01434,0.01727,0.00591,0.01484
0.08564,0.14062,0.04947,0.12086,0.03807,0.01885,0.02320,0.01327,0.06569,0.14856,0.02077,0.05973,0.01368,0.00793,0.02645,0.01876,0.03972,0.05887,0.00953,0.04033
0.09137,0.09557,0.02474,0.06370,0.02998,0.01286,0.01789,0.02131,0.14409,0.24821,0.01429,0.02620,0.01741,0.01151,0.01937,0.01684,0.02003,0.09433,0.01176,0.01855
0.09434,0.11650,0.03800,0.10339,0.03383,0.03504,0.01442,0.01726,0.09534,0.17191,0.02635,0.02247,0.04419,0.05565,0.01563,0.01820,0.02349,0.04293,0.01018,0.02087
0.04125,0.08345,0.06525,0.24955,0.06360,0.01350,0.00695,0.00998,0.23459,0.11519,0.01227,0.01240,0.01423,0.01081,0.01777,0.00945,0.01065,0.00693,0.00566,0.01651
0.24341,0.05002,0.01680,0.15147,0.01816,0.00859,0.01060,0.01042,0.13514,0.27452,0.00705,0.00660,0.01051,0.00589,0.01122,0.00437,0.00948,0.00889,0.00732,0.00953
0.03076,0.21163,0.01686,0.16107,0.01543,0.02456,0.01389,0.01136,0.14557,0.22519,0.00937,0.01037,0.01167,0.01158,0.00975,0.01119,0.01584,0.04712,0.00592,0.01085
0.05196,0.18988,0.03519,0.07423,0.03614,0.01636,0.01676,0.02329,0.06134,0.22057,0.02263,0.02998,0.02180,0.00520,0.01672,0.01300,0.02969,0.10958,0.00939,0.01629
0.07241,0.16228,0.06424,0.08012,0.04606,0.01750,0.02040,0.05742,0.06513,0.21193,0.01129,0.01711,0.01939,0.01009,0.01339,0.02075,0.02669,0.03907,0.02249,0.02224
0.02030,0.20247,0.05586,0.12233,0.07249,0.01537,0.01204,0.01691,0.12799,0.20819,0.01567,0.01677,0.01031,0.01591,0.00933,0.00827,0.02103,0.01691,0.01604,0.01582
0.03569,0.14823,0.01380,0.06270,0.02445,0.00997,0.03534,0.01166,0.04733,0.41777,0.00849,0.00986,0.00636,0.00860,0.00844,0.01011,0.00972,0.10856,0.00953,0.01338
0.02397,0.26789,0.02201,0.04406,0.02794,0.04539,0.02173,0.01360,0.04997,0.26697,0.02483,0.01776,0.01818,0.01251,0.01294,0.01351,0.04507,0.04439,0.00721,0.02007
0.02383,0.15131,0.15115,0.07220,0.15900,0.02723,0.01809,0.00843,0.06796,0.14703,0.01662,0.01035,0.02422,0.01330,0.01779,0.01115,0.02250,0.02921,0.01149,0.01715
0.11752,0.13136,0.01455,0.17563,0.01092,0.01141,0.01078,0.01487,0.17884,0.22310,0.00620,0.01563,0.00801,0.00597,0.01840,0.01029,0.01100,0.01332,0.00755,0.01463
0.06179,0.19731,0.01877,0.20903,0.02665,0.01467,0.01100,0.01477,0.14533,0.13281,0.00462,0.01110,0.01271,0.00553,0.00827,0.00858,0.00898,0.09192,0.00508,0.01110
0.09956,0.08783,0.03668,0.07457,0.03341,0.01115,0.01981,0.01977,0.11008,0.23719,0.01482,0.00838,0.01954,0.01891,0.00988,0.01774,0.01909,0.13201,0.01410,0.01550
0.02490,0.17723,0.09334,0.12195,0.09879,0.01063,0.01460,0.01794,0.12889,0.18802,0.00950,0.01302,0.00991,0.00791,0.01066,0.01169,0.01694,0.02450,0.00630,0.01325
0.02531,0.05552,0.18947,0.17582,0.19561,0.01155,0.00723,0.00739,0.16535,0.06769,0.00813,0.00791,0.01110,0.01213,0.01051,0.00733,0.00835,0.01368,0.01256,0.00734
0.05198,0.35363,0.01867,0.02481,0.01593,0.01142,0.00939,0.00697,0.02721,0.36051,0.00846,0.01136,0.00857,0.00766,0.00710,0.01169,0.02059,0.03081,0.00513,0.00813
0.09471,0.16401,0.02169,0.09091,0.02128,0.02211,0.03107,0.02273,0.08624,0.20887,0.01516,0.02799,0.01668,0.01309,0.01540,0.02949,0.02662,0.06294,0.01264,0.01635
0.06452,0.10427,0.03393,0.17475,0.03673,0.03242,0.03095,0.01910,0.16890,0.14336,0.02047,0.02754,0.01710,0.00780,0.01556,0.01728,0.01856,0.04515,0.00778,0.01382
0.05913,0.13304,0.05607,0.08070,0.04446,0.03469,0.03660,0.01455,0.08482,0.12812,0.02020,0.01979,0.02486,0.04185,0.02357,0.01681,0.02969,0.10407,0.02721,0.01975
0.04208,0.14957,0.02720,0.14482,0.03942,0.01492,0.01183,0.01761,0.03836,0.07993,0.01004,0.01223,0.01033,0.00882,0.01109,0.00633,0.02700,0.33724,0.00447,0.00670
0.03538,0.18368,0.04618,0.12987,0.03866,0.02342,0.03211,0.02018,0.11147,0.16386,0.03111,0.02098,0.04342,0.01096,0.01543,0.02216,0.01355,0.02329,0.00891,0.02537
0.02325,0.18829,0.04941,0.15452,0.04714,0.01582,0.01335,0.01222,0.15952,0.19204,0.01848,0.01523,0.01285,0.01123,0.01333,0.01236,0.01738,0.02068,0.00641,0.01648
0.04590,0.24563,0.02581,0.21715,0.03277,0.02640,0.01572,0.03696,0.09031,0.16571,0.01226,0.00812,0.01021,0.00894,0.01173,0.01133,0.00932,0.01481,0.00419,0.00673
0.08325,0.12593,0.00941,0.16962,0.01468,0.01092,0.01488,0.02032,0.17235,0.19355,0.01835,0.02528,0.01400,0.00755,0.01576,0.01274,0.02258,0.03231,0.01009,0.02644
0.08726,0.09148,0.12237,0.05883,0.13351,0.04145,0.01639,0.01281,0.04876,0.14247,0.01717,0.03989,0.01633,0.02243,0.01221,0.01263,0.02458,0.06437,0.01694,0.01812
0.03619,0.17208,0.02260,0.07889,0.06734,0.02499,0.02163,0.01380,0.05462,0.35361,0.01480,0.01231,0.02608,0.01080,0.01615,0.01233,0.02413,0.01454,0.00778,0.01536
0.03859,0.24810,0.05744,0.05546,0.05481,0.02114,0.01271,0.01372,0.04931,0.26455,0.01765,0.01473,0.01700,0.02633,0.02093,0.01784,0.01817,0.02963,0.00727,0.01461
0.03874,0.14128,0.04138,0.07153,0.06296,0.01786,0.02826,0.03180,0.07799,0.15825,0.01193,0.02173,0.01219,0.00985,0.02223,0.02127,0.02400,0.18630,0.00681,0.01363
0.06186,0.26437,0.01694,0.09798,0.00998,0.01557,0.00788,0.01149,0.10060,0.28967,0.02135,0.01968,0.00850,0.00563,0.01435,0.00556,0.01315,0.01422,0.00667,0.01456
0.09629,0.08624,0.08194,0.11463,0.08716,0.03893,0.02107,0.02343,0.08896,0.15641,0.01403,0.01715,0.01799,0.01861,0.01526,0.02584,0.01831,0.04358,0.01848,0.01569
0.03364,0.06677,0.02097,0.08925,0.09083,0.12596,0.01198,0.00972,0.22579,0.24579,0.00544,0.00679,0.00874,0.01169,0.00598,0.00502,0.00673,0.01788,0.00358,0.00746
0.02326,0.08585,0.03788,0.07443,0.03190,0.02045,0.00658,0.00663,0.26204,0.30606,0.00694,0.01220,0.00798,0.00499,0.00812,0.00822,0.02383,0.05662,0.00479,0.01123
0.06474,0.14378,0.03232,0.09741,0.02821,0.04426,0.03027,0.01551,0.09492,0.17854,0.02037,0.03393,0.02986,0.01899,0.01990,0.01865,0.02785,0.06468,0.01099,0.02482
0.10557,0.18486,0.01063,0.09283,0.02007,0.01715,0.02385,0.01618,0.08354,0.26788,0.01275,0.02948,0.01432,0.00898,0.01367,0.00869,0.01513,0.05146,0.00581,0.01715
0.05544,0.22029,0.03939,0.10322,0.03795,0.02792,0.01651,0.01296,0.08964,0.22873,0.01630,0.01461,0.03097,0.00836,0.01687,0.01099,0.02632,0.01244,0.00904,0.02203
0.03915,0.13172,0.03863,0.20248,0.05091,0.01491,0.01730,0.01216,0.20835,0.15448,0.00762,0.02800,0.00885,0.00947,0.02191,0.00539,0.01253,0.02145,0.00387,0.01083
0.02252,0.22968,0.07070,0.10445,0.06717,0.01391,0.01061,0.01608,0.09368,0.22465,0.01492,0.01554,0.01640,0.02154,0.01688,0.01101,0.01471,0.01307,0.00844,0.01407
0.13298,0.13333,0.04044,0.07861,0.05007,0.02853,0.00999,0.03083,0.07849,0.24490,0.01417,0.01748,0.01772,0.01559,0.01675,0.01140,0.01901,0.03511,0.00699,0.01764
0.06799,0.07376,0.06099,0.17867,0.08830,0.02935,0.02622,0.02471,0.15413,0.11431,0.01808,0.00870,0.01005,0.01158,0.02960,0.03326,0.02035,0.02431,0.01074,0.01489
0.08178,0.19466,0.04342,0.09960,0.04215,0.02147,0.02284,0.01556,0.07991,0.22828,0.01751,0.02026,0.02272,0.01767,0.01088,0.01846,0.01177,0.01578,0.02253,0.01275
0.03901,0.17865,0.06357,0.18283,0.04251,0.02014,0.01933,0.01991,0.11834,0.17326,0.02199,0.01569,0.01245,0.00991,0.01102,0.01142,0.01272,0.02610,0.00872,0.01243
0.04600,0.15198,0.03396,0.12262,0.02051,0.02228,0.02959,0.01882,0.11585,0.15082,0.01872,0.02356,0.02078,0.02471,0.01428,0.01522,0.03762,0.10235,0.01269,0.01764
0.06623,0.07315,0.08687,0.13796,0.09463,0.03461,0.02642,0.02417,0.12389,0.13195,0.03061,0.02211,0.01690,0.01744,0.00719,0.01508,0.02791,0.03478,0.00857,0.01953
0.15355,0.12611,0.08342,0.06748,0.07427,0.02962,0.03117,0.01175,0.04434,0.23341,0.01199,0.01881,0.01536,0.01220,0.01077,0.01202,0.01511,0.02322,0.00746,0.01796
0.06432,0.09138,0.13491,0.11257,0.11384,0.01640,0.01589,0.02209,0.09994,0.13292,0.01483,0.02250,0.01228,0.00818,0.00665,0.01319,0.01446,0.06664,0.00827,0.02874
0.02194,0.08173,0.04408,0.08147,0.04195,0.03671,0.01171,0.01125,0.27737,0.29454,0.01208,0.01628,0.01113,0.00856,0.01032,0.00503,0.01047,0.01213,0.00678,0.00448
0.05880,0.19048,0.12049,0.03870,0.11467,0.02443,0.02205,0.01609,0.03555,0.21340,0.01267,0.03205,0.01254,0.00952,0.01195,0.00801,0.01849,0.03147,0.00507,0.02357
0.15248,0.14115,0.02091,0.09987,0.02115,0.01330,0.01506,0.02750,0.09773,0.26469,0.01117,0.01226,0.01869,0.00891,0.02027,0.01194,0.01928,0.01977,0.00756,0.01631
0.06730,0.20880,0.03064,0.15636,0.04858,0.02863,0.01297,0.01586,0.11998,0.22661,0.00898,0.00845,0.01412,0.00935,0.00742,0.00904,0.00904,0.00999,0.00362,0.00426
0.02742,0.14728,0.14612,0.05604,0.12935,0.01782,0.01675,0.01440,0.05337,0.14322,0.01007,0.01038,0.00887,0.00850,0.01083,0.00689,0.02375,0.15341,0.00493,0.01059
0.03100,0.28968,0.02468,0.09463,0.02416,0.00984,0.01220,0.00735,0.10276,0.30462,0.00870,0.00985,0.01924,0.00574,0.00978,0.00641,0.01089,0.01155,0.00903,0.00790
0.02728,0.09324,0.01823,0.20701,0.02372,0.00810,0.00886,0.01180,0.21294,0.10950,0.00884,0.01695,0.00989,0.00786,0.01172,0.00708,0.00698,0.19233,0.00688,0.01078
0.03891,0.17596,0.06557,0.12278,0.07315,0.02182,0.01527,0.01121,0.12175,0.17918,0.01294,0.01996,0.01745,0.02300,0.01522,0.01661,0.01919,0.01658,0.00978,0.02367
0.11457,0.14245,0.02665,0.17494,0.02494,0.00971,0.01559,0.01059,0.20397,0.17804,0.00869,0.01012,0.01015,0.00685,0.00916,0.00873,0.00835,0.01757,0.00729,0.01166
0.05213,0.19120,0.02632,0.08991,0.02760,0.03071,0.01828,0.01630,0.08610,0.20614,0.01076,0.02203,0.01499,0.01210,0.01480,0.02007,0.04666,0.07368,0.01144,0.02878
0.03782,0.21134,0.01563,0.16290,0.01948,0.00879,0.01156,0.00731,0.15791,0.23648,0.00867,0.01459,0.00799,0.00842,0.02679,0.01160,0.01824,0.01255,0.00794,0.01398
0.04784,0.12446,0.08274,0.11166,0.08247,0.01796,0.04512,0.02886,0.11693,0.13446,0.01951,0.01513,0.01819,0.02231,0.01162,0.01793,0.02324,0.01999,0.02642,0.03316
0.03936,0.19979,0.02913,0.08467,0.04604,0.01375,0.02471,0.03098,0.08862,0.20932,0.01932,0.01900,0.02596,0.01125,0.01433,0.01160,0.01624,0.08510,0.01765,0.01319
0.02199,0.21780,0.08145,0.11719,0.07623,0.01167,0.01013,0.01325,0.11695,0.21976,0.01449,0.01537,0.01092,0.00649,0.01054,0.00817,0.01079,0.01386,0.00931,0.01363
0.09950,0.23390,0.02396,0.19877,0.01926,0.00900,0.01196,0.01361,0.08082,0.20428,0.00713,0.00748,0.01336,0.00951,0.00523,0.00628,0.00842,0.03611,0.00363,0.00778
0.11942,0.22197,0.01131,0.06335,0.01627,0.01372,0.01084,0.01452,0.06621,0.32194,0.00994,0.03309,0.01259,0.00591,0.01551,0.00586,0.01336,0.02473,0.00658,0.01288
0.07561,0.19061,0.07796,0.07273,0.07741,0.01712,0.01585,0.02073,0.05170,0.21747,0.01515,0.01790,0.01827,0.01511,0.01348,0.02267,0.02698,0.01866,0.00861,0.02599
0.03717,0.22977,0.01477,0.15126,0.01635,0.01604,0.01384,0.01444,0.12928,0.24296,0.01099,0.01119,0.01217,0.01471,0.01105,0.01020,0.00846,0.03615,0.00940,0.00980
0.04581,0.22907,0.02041,0.12286,0.02664,0.02362,0.01195,0.01432,0.11781,0.25760,0.00807,0.01860,0.01662,0.00852,0.01275,0.01069,0.02306,0.01335,0.00596,0.01229
0.06950,0.08436,0.12180,0.08592,0.11416,0.03449,0.02765,0.01236,0.07789,0.13442,0.01942,0.01951,0.01244,0.00886,0.01231,0.01737,0.02833,0.09278,0.00833,0.01810
0.09412,0.05111,0.04201,0.12653,0.05800,0.02521,0.03625,0.03778,0.11807,0.13367,0.06185,0.03440,0.00980,0.01161,0.02795,0.01395,0.02829,0.04004,0.02645,0.02290
0.18665,0.08351,0.01400,0.15533,0.02233,0.01235,0.01100,0.01597,0.13916,0.24531,0.00859,0.01723,0.01499,0.00410,0.01418,0.00995,0.02190,0.00905,0.00430,0.01011
0.10082,0.09056,0.03449,0.05151,0.03365,0.01464,0.00968,0.01551,0.05424,0.17062,0.00844,0.02608,0.01076,0.00817,0.00723,0.01252,0.01320,0.31270,0.00873,0.01643
0.05842,0.12116,0.02987,0.20622,0.02358,0.02050,0.04418,0.01354,0.18519,0.12928,0.01423,0.01437,0.01773,0.01325,0.02181,0.01838,0.01774,0.01982,0.01460,0.01612
0.17258,0.18724,0.01852,0.05589,0.01638,0.01815,0.01194,0.01842,0.03507,0.33255,0.01090,0.01490,0.01176,0.01907,0.01153,0.01256,0.01627,0.01295,0.01022,0.01311
0.04450,0.21741,0.04351,0.18601,0.05001,0.01510,0.02240,0.01130,0.07992,0.12536,0.01366,0.01469,0.02579,0.00978,0.01950,0.01027,0.02681,0.05067,0.01269,0.02060
0.11344,0.20792,0.03631,0.03521,0.03690,0.03094,0.01402,0.01720,0.03122,0.28094,0.02096,0.02161,0.02185,0.01291,0.02358,0.01555,0.01960,0.03638,0.01135,0.01211
0.14315,0.08370,0.02539,0.12370,0.02832,0.01249,0.01814,0.01386,0.11670,0.22047,0.01536,0.01108,0.00967,0.00866,0.00986,0.00970,0.01170,0.12120,0.00721,0.00964
0.05459,0.07725,0.03049,0.17100,0.02807,0.02121,0.02283,0.01720,0.15807,0.10867,0.01045,0.01750,0.00937,0.00847,0.01306,0.01286,0.01729,0.19663,0.00674,0.01826
0.10494,0.09037,0.06704,0.13679,0.05431,0.02194,0.02110,0.02151,0.12570,0.17005,0.01534,0.03042,0.01857,0.01185,0.01204,0.01238,0.02567,0.03335,0.00992,0.01671
0.13893,0.10987,0.03301,0.17861,0.03285,0.02388,0.01641,0.01738,0.22187,0.07816,0.01528,0.01316,0.01851,0.01390,0.01385,0.01092,0.01867,0.02015,0.01108,0.01350
0.06403,0.21049,0.04205,0.07512,0.04238,0.03306,0.01714,0.01489,0.07730,0.23548,0.01618,0.01633,0.02973,0.02922,0.01381,0.01749,0.01853,0.01829,0.01572,0.01275
0.14110,0.06640,0.05007,0.10072,0.07994,0.02842,0.02814,0.01558,0.14179,0.10599,0.02297,0.01421,0.01985,0.01864,0.02169,0.01408,0.03007,0.07696,0.01267,0.01069
0.02561,0.21534,0.05569,0.23032,0.07278,0.03374,0.01560,0.01103,0.05623,0.07105,0.03038,0.02813,0.00987,0.01049,0.01009,0.01312,0.03127,0.04424,0.00810,0.02692
0.10479,0.10154,0.10681,0.05947,0.09359,0.02377,0.01576,0.01981,0.06743,0.16769,0.01303,0.01696,0.02029,0.01587,0.01084,0.01204,0.02701,0.10135,0.00482,0.01713
0.05320,0.05427,0.04594,0.08542,0.04319,0.01531,0.01172,0.01731,0.07383,0.08603,0.01020,0.01510,0.00745,0.00801,0.00733,0.00684,0.01058,0.43084,0.00500,0.01243
0.12795,0.19053,0.01915,0.10782,0.01631,0.01072,0.01035,0.01396,0.09303,0.30229,0.01006,0.01522,0.00916,0.01200,0.00861,0.01121,0.01180,0.01289,0.00413,0.01283
0.09331,0.07850,0.02126,0.08467,0.05977,0.01415,0.01583,0.00677,0.08044,0.16769,0.01349,0.01350,0.04057,0.01894,0.01425,0.01191,0.01419,0.22499,0.01085,0.01491
0.06512,0.09078,0.06043,0.16512,0.07413,0.03444,0.02030,0.01418,0.15415,0.12350,0.02516,0.01526,0.01619,0.01623,0.01536,0.01342,0.02535,0.03128,0.01092,0.02869
0.04383,0.07947,0.04405,0.24237,0.03136,0.01264,0.01682,0.02173,0.24463,0.10350,0.01701,0.01152,0.01365,0.01288,0.01026,0.02305,0.02156,0.02268,0.01156,0.01542
0.03539,0.16163,0.03477,0.14461,0.03205,0.02909,0.01925,0.02206,0.14937,0.17772,0.01296,0.02149,0.02425,0.02556,0.02064,0.01313,0.02122,0.03002,0.00748,0.01732
0.12778,0.21848,0.01647,0.10413,0.01377,0.01984,0.01422,0.00959,0.07710,0.30046,0.00300,0.01132,0.01059,0.00692,0.01433,0.00720,0.01568,0.01342,0.00684,0.00887
0.07125,0.08755,0.18359,0.09124,0.15108,0.02834,0.02448,0.01353,0.07192,0.12814,0.00907,0.01145,0.02420,0.01085,0.01388,0.00949,0.02617,0.01860,0.00621,0.01895
0.04011,0.07996,0.04844,0.06941,0.02946,0.02525,0.02428,0.01302,0.05942,0.09792,0.01468,0.01660,0.01197,0.00835,0.01808,0.01324,0.02531,0.37712,0.01217,0.01520
0.03287,0.12369,0.02287,0.07810,0.02484,0.00955,0.01488,0.02230,0.07590,0.13354,0.00906,0.01834,0.01268,0.00446,0.00986,0.01424,0.01342,0.35827,0.00736,0.01377
0.09641,0.11823,0.02573,0.13379,0.02674,0.02625,0.02808,0.02675,0.12396,0.18277,0.01509,0.01703,0.02342,0.02422,0.01576,0.02922,0.01575,0.02565,0.02668,0.01848
0.03855,0.09910,0.03487,0.04941,0.05183,0.03012,0.02267,0.01510,0.06693,0.26400,0.02034,0.01933,0.01123,0.00738,0.01421,0.01396,0.01433,0.20653,0.00991,0.01022
0.11278,0.15136,0.01821,0.16171,0.01230,0.00653,0.00785,0.01579,0.15162,0.23821,0.01529,0.01147,0.01961,0.00845,0.01019,0.00806,0.00976,0.02006,0.00595,0.01482
0.09510,0.16173,0.04613,0.05711,0.04808,0.03504,0.02237,0.01774,0.04522,0.23345,0.01445,0.01792,0.02459,0.02801,0.00942,0.01733,0.01508,0.08632,0.01053,0.01437
0.08083,0.14408,0.02385,0.08015,0.06754,0.02150,0.02011,0.02190,0.08822,0.29893,0.01639,0.01409,0.01113,0.01639,0.01801,0.01302,0.01362,0.03424,0.00884,0.00716
0.13919,0.11308,0.02558,0.12562,0.02295,0.01845,0.01464,0.01189,0.11965,0.22602,0.01625,0.02143,0.01776,0.01971,0.01738,0.01743,0.02299,0.02920,0.00927,0.01152
0.04172,0.19434,0.02157,0.12113,0.05247,0.01610,0.01814,0.01445,0.07565,0.29963,0.01295,0.00959,0.02520,0.00863,0.01417,0.01565,0.01771,0.00606,0.01323,0.02162
0.08245,0.11636,0.06170,0.11388,0.08047,0.03476,0.02233,0.01232,0.11727,0.17694,0.01348,0.01766,0.02532,0.01154,0.01752,0.00988,0.01466,0.04908,0.00633,0.01607
0.07451,0.08642,0.02159,0.20102,0.03426,0.01718,0.01749,0.02131,0.19833,0.12797,0.01588,0.01548,0.02017,0.02096,0.01649,0.01761,0.01747,0.03929,0.02210,0.01448
0.10456,0.09836,0.03770,0.03599,0.04837,0.04321,0.01194,0.01266,0.03228,0.18476,0.00955,0.02050,0.01393,0.00507,0.01363,0.01157,0.01646,0.27836,0.00727,0.01383
0.03434,0.26020,0.06577,0.07154,0.07285,0.01422,0.01532,0.01271,0.06749,0.25888,0.01395,0.01388,0.01865,0.00864,0.00736,0.01372,0.01590,0.01275,0.00992,0.01191
0.09290,0.24951,0.01963,0.10064,0.01530,0.01667,0.02257,0.00938,0.07939,0.28694,0.01097,0.01099,0.01137,0.00879,0.00886,0.00784,0.01552,0.01394,0.00368,0.01512
0.17177,0.09583,0.02353,0.14053,0.02173,0.01854,0.01902,0.01272,0.12650,0.22389,0.00846,0.00827,0.01785,0.01067,0.01608,0.01311,0.01206,0.04154,0.00760,0.01029
0.09026,0.12486,0.02148,0.16878,0.02074,0.01201,0.01305,0.01381,0.16183,0.21318,0.00790,0.01867,0.02886,0.01299,0.02094,0.01371,0.01790,0.01307,0.00975,0.01622
0.03950,0.19754,0.03193,0.18315,0.04016,0.02028,0.01917,0.01888,0.13301,0.15160,0.01557,0.02204,0.00988,0.01418,0.01863,0.01934,0.01455,0.01613,0.01476,0.01970
0.07235,0.16060,0.04518,0.14839,0.04700,0.03225,0.06627,0.03050,0.05952,0.16878,0.01918,0.01117,0.02111,0.01864,0.01807,0.01032,0.01239,0.01428,0.01683,0.02718
0.04816,0.21237,0.03112,0.12936,0.03465,0.01949,0.01602,0.01271,0.11970,0.21420,0.00869,0.01717,0.00967,0.01227,0.01216,0.00865,0.01277,0.05618,0.01080,0.01385
0.25262,0.13698,0.03900,0.10414,0.04204,0.00809,0.01628,0.01126,0.03479,0.27255,0.00804,0.01197,0.01085,0.00575,0.00954,0.00812,0.00850,0.00719,0.00319,0.00909
0.10192,0.05806,0.12346,0.06061,0.12168,0.04883,0.02558,0.03123,0.04338,0.12555,0.02806,0.03404,0.02525,0.02428,0.02673,0.02574,0.02566,0.01758,0.01782,0.03455
0.06724,0.14176,0.01788,0.22340,0.02159,0.01035,0.00897,0.00984,0.21154,0.17011,0.01336,0.01053,0.01050,0.01088,0.00819,0.00805,0.01137,0.03091,0.00490,0.00864
0.06714,0.09131,0.06402,0.13987,0.06148,0.03498,0.02788,0.01816,0.13959,0.13370,0.02809,0.02473,0.02146,0.01841,0.02208,0.01772,0.02434,0.02760,0.01337,0.02404
0.11038,0.13265,0.02458,0.18337,0.02086,0.02476,0.02097,0.01187,0.13326,0.21835,0.01079,0.01178,0.00779,0.00915,0.01451,0.02259,0.01286,0.01212,0.00453,0.01284
0.11285,0.06214,0.05547,0.16955,0.05868,0.01401,0.01100,0.02065,0.18305,0.17362,0.01073,0.01547,0.01399,0.00820,0.00724,0.01762,0.01775,0.02471,0.00735,0.01593
0.02664,0.26821,0.02755,0.15431,0.03157,0.01223,0.00854,0.01290,0.06328,0.28745,0.00839,0.01552,0.01085,0.00703,0.00614,0.00511,0.01366,0.02652,0.00604,0.00806
0.04830,0.08570,0.07610,0.12897,0.11457,0.01768,0.01699,0.02565,0.14138,0.11426,0.01346,0.01452,0.03285,0.02757,0.03532,0.01048,0.01659,0.02110,0.02692,0.03158
0.02587,0.19518,0.04988,0.16876,0.04783,0.01801,0.01466,0.00878,0.15777,0.20210,0.01569,0.01244,0.01836,0.01192,0.00652,0.00635,0.00973,0.01445,0.00616,0.00954
0.01928,0.10164,0.02113,0.31257,0.01430,0.00886,0.01124,0.00534,0.30823,0.11561,0.00755,0.01122,0.00888,0.00609,0.00900,0.00582,0.00727,0.01171,0.00793,0.00633
0.13430,0.08985,0.09431,0.12630,0.04072,0.02605,0.01335,0.00733,0.19084,0.05584,0.02146,0.02415,0.01823,0.00713,0.01561,0.01163,0.03920,0.05150,0.01085,0.02135
0.03029,0.21312,0.16080,0.17284,0.01882,0.07507,0.01145,0.01021,0.11883,0.09213,0.00537,0.00676,0.01669,0.00446,0.00714,0.00748,0.00683,0.02976,0.00327,0.00868
0.15423,0.08356,0.02928,0.07322,0.02806,0.03478,0.01297,0.01136,0.06532,0.20980,0.01027,0.02033,0.01651,0.02307,0.01067,0.01412,0.01597,0.16128,0.00980,0.01541
0.13592,0.15308,0.02839,0.03401,0.03053,0.01386,0.02205,0.02245,0.03637,0.24936,0.01714,0.01616,0.01746,0.03698,0.01150,0.02491,0.02050,0.09757,0.01925,0.01251
0.15397,0.11727,0.02125,0.11368,0.02893,0.01044,0.01203,0.01136,0.10593,0.24174,0.01536,0.02890,0.00857,0.00710,0.01202,0.00935,0.01923,0.06112,0.00691,0.01484
0.04102,0.13154,0.02346,0.03965,0.03003,0.01475,0.05007,0.01020,0.03905,0.37585,0.01329,0.04424,0.00966,0.00576,0.01003,0.01377,0.01780,0.09977,0.00993,0.02013
0.03559,0.07268,0.02685,0.12836,0.06875,0.04150,0.02158,0.02627,0.12208,0.08281,0.02500,0.02532,0.01153,0.01830,0.01769,0.01201,0.02627,0.19223,0.01274,0.03245
0.11853,0.16805,0.01711,0.10505,0.01894,0.02270,0.02542,0.01804,0.09428,0.24126,0.01660,0.02328,0.01411,0.02857,0.01021,0.01072,0.01437,0.01940,0.01387,0.01949
0.03592,0.20667,0.01614,0.12908,0.03271,0.01145,0.01248,0.01049,0.07482,0.36582,0.00917,0.01095,0.00972,0.00930,0.01098,0.00641,0.00645,0.02478,0.00650,0.01015
0.05831,0.19935,0.01173,0.18461,0.01492,0.01171,0.01037,0.01373,0.17527,0.23055,0.01031,0.01240,0.00676,0.00688,0.01200,0.00591,0.00744,0.01014,0.00820,0.00942
0.05095,0.19046,0.04170,0.15157,0.04543,0.03273,0.01084,0.02104,0.09082,0.21054,0.01977,0.01386,0.02001,0.00751,0.01901,0.01446,0.01172,0.01834,0.01621,0.01304
0.14385,0.15701,0.02141,0.09155,0.02223,0.02305,0.02403,0.01759,0.07416,0.26682,0.02904,0.01352,0.01697,0.01677,0.01603,0.01031,0.01026,0.02006,0.01309,0.01223
0.06528,0.15987,0.02171,0.14578,0.02271,0.00934,0.01332,0.01305,0.10746,0.20525,0.00946,0.00857,0.01489,0.00761,0.00695,0.01049,0.01789,0.14280,0.00880,0.00879
0.02753,0.29117,0.02994,0.28931,0.03131,0.00870,0.01792,0.01621,0.07062,0.07932,0.00843,0.02085,0.01146,0.00525,0.01577,0.00538,0.01835,0.03068,0.00875,0.01305
0.06826,0.15143,0.01278,0.06710,0.01378,0.01511,0.02253,0.01403,0.06225,0.18667,0.00871,0.01265,0.00921,0.00919,0.00766,0.01078,0.00942,0.29899,0.00591,0.01355
0.03304,0.19026,0.02117,0.14447,0.02168,0.01606,0.01714,0.01626,0.13912,0.21086,0.01148,0.02001,0.01276,0.00876,0.02064,0.01138,0.01646,0.06976,0.00600,0.01270
0.06925,0.10101,0.02081,0.12846,0.02632,0.01491,0.01938,0.01133,0.12986,0.15292,0.01202,0.04495,0.01266,0.00965,0.01588,0.01273,0.03468,0.15502,0.00654,0.02163
0.06498,0.12553,0.02351,0.15335,0.02152,0.01822,0.01536,0.01988,0.13852,0.15675,0.01805,0.02113,0.01244,0.01630,0.01637,0.02186,0.02266,0.10050,0.01154,0.02153
0.04813,0.20449,0.02923,0.10914,0.02154,0.01584,0.01669,0.04606,0.09824,0.21657,0.01856,0.04029,0.00861,0.01006,0.01664,0.00754,0.01533,0.03096,0.01303,0.03303
0.04193,0.17854,0.04635,0.05859,0.04920,0.01983,0.01494,0.01287,0.06298,0.18932,0.01148,0.02116,0.01205,0.00940,0.01054,0.01560,0.01912,0.20904,0.00762,0.00944
0.07157,0.11916,0.05401,0.15562,0.04999,0.01807,0.00964,0.02392,0.15390,0.17271,0.01315,0.02683,0.01810,0.01079,0.01921,0.01254,0.01730,0.02981,0.00741,0.01627
0.03719,0.18110,0.05773,0.08226,0.05740,0.03390,0.02485,0.02860,0.07154,0.18857,0.02063,0.02314,0.02062,0.01660,0.01969,0.02627,0.03044,0.03223,0.01369,0.03354
0.02799,0.04908,0.05089,0.13961,0.15412,0.21958,0.01092,0.00683,0.12573,0.13531,0.00690,0.00841,0.01125,0.00467,0.00444,0.00550,0.00690,0.01694,0.00473,0.01018
0.02794,0.15548,0.01276,0.22523,0.01707,0.01792,0.01039,0.00603,0.22087,0.17145,0.01247,0.01090,0.00943,0.01478,0.01031,0.00973,0.01442,0.04433,0.00308,0.00541
0.08728,0.11595,0.02178,0.12529,0.03730,0.01215,0.01728,0.03895,0.13334,0.12090,0.01200,0.00979,0.01262,0.01687,0.00962,0.01366,0.02105,0.16798,0.01662,0.00956
0.04563,0.10977,0.07832,0.16775,0.07856,0.01318,0.01802,0.03322,0.15059,0.12716,0.01378,0.01560,0.01214,0.00929,0.01635,0.02285,0.01797,0.03501,0.02076,0.01406
0.06086,0.25176,0.04208,0.07012,0.05474,0.02048,0.00653,0.02600,0.04690,0.27365,0.01531,0.01520,0.01693,0.01053,0.01552,0.01500,0.01988,0.01839,0.00798,0.01217
0.10620,0.08561,0.08777,0.07864,0.04139,0.02511,0.03812,0.01411,0.12370,0.14541,0.04478,0.03436,0.01321,0.01536,0.01146,0.01263,0.02300,0.05350,0.01637,0.02928
0.04230,0.18134,0.08532,0.16791,0.04677,0.03795,0.03180,0.02045,0.05430,0.07072,0.02227,0.03319,0.03042,0.01434,0.03170,0.01809,0.02874,0.03837,0.01097,0.03305
0.09469,0.15262,0.02243,0.15117,0.02177,0.02190,0.01606,0.01579,0.14715,0.22596,0.00583,0.01509,0.01122,0.01009,0.01270,0.00835,0.02016,0.01823,0.01005,0.01875
0.03686,0.11433,0.01565,0.21742,0.02196,0.02376,0.02023,0.00997,0.21307,0.13669,0.02475,0.01918,0.01834,0.02666,0.01201,0.01439,0.02643,0.02047,0.01250,0.01531
0.15445,0.06509,0.01841,0.14366,0.01816,0.01802,0.01911,0.01748,0.14069,0.18775,0.01191,0.01909,0.00973,0.01084,0.02552,0.01039,0.02349,0.07353,0.01273,0.01995
0.05935,0.22076,0.01882,0.15637,0.05063,0.00599,0.00797,0.00563,0.08674,0.23668,0.00651,0.00872,0.00882,0.00767,0.00697,0.00843,0.00804,0.08272,0.00552,0.00766
0.08859,0.15998,0.01225,0.15639,0.01289,0.01808,0.01883,0.01775,0.15726,0.22335,0.00788,0.01120,0.02898,0.00824,0.01137,0.01646,0.02062,0.01092,0.00666,0.01229
0.08281,0.10155,0.03297,0.14120,0.03324,0.01382,0.02388,0.05155,0.13005,0.14812,0.02169,0.02338,0.02746,0.01336,0.02013,0.01865,0.02406,0.02288,0.03251,0.03668
0.06451,0.12110,0.06212,0.14016,0.05638,0.05036,0.04150,0.01900,0.09258,0.13982,0.01596,0.01288,0.02664,0.02248,0.01002,0.01693,0.01219,0.06837,0.00967,0.01732
0.12308,0.26507,0.01326,0.05183,0.01506,0.01176,0.01201,0.01335,0.04282,0.34937,0.00657,0.01047,0.00708,0.00813,0.00519,0.00679,0.00989,0.03321,0.00458,0.01048
0.12819,0.09260,0.01850,0.04455,0.01803,0.02686,0.03609,0.01828,0.05629,0.18796,0.01732,0.03888,0.01811,0.02064,0.00789,0.01646,0.03220,0.19461,0.00994,0.01660
0.05626,0.22068,0.03539,0.10441,0.02454,0.02775,0.04176,0.00822,0.09281,0.24345,0.01128,0.00676,0.02312,0.00664,0.00812,0.01176,0.03382,0.01422,0.00679,0.02222
0.11403,0.12533,0.04055,0.09106,0.06425,0.01785,0.02047,0.01905,0.14009,0.20715,0.01849,0.03165,0.01156,0.00492,0.01639,0.01096,0.02097,0.02540,0.00908,0.01077
0.04166,0.06882,0.09538,0.12783,0.08435,0.03564,0.03988,0.04892,0.11813,0.08650,0.03491,0.03211,0.02514,0.01301,0.01531,0.03474,0.02529,0.03239,0.00771,0.03228
0.07318,0.12189,0.04203,0.13038,0.03733,0.02034,0.01980,0.01904,0.11884,0.17105,0.01819,0.01851,0.02197,0.01088,0.00974,0.02087,0.02051,0.09007,0.01476,0.02059
0.10945,0.12800,0.03888,0.13326,0.03796,0.02684,0.01857,0.01819,0.12173,0.20043,0.01758,0.01802,0.01761,0.00789,0.01775,0.01022,0.02766,0.01929,0.00785,0.02280
0.04101,0.13638,0.05588,0.12673,0.06445,0.01777,0.01803,0.01524,0.12445,0.14867,0.02637,0.02042,0.02016,0.01020,0.01248,0.01285,0.03390,0.08759,0.00883,0.01859
0.09633,0.10450,0.05381,0.08691,0.06633,0.01835,0.02165,0.01888,0.10202,0.23380,0.00881,0.01580,0.00973,0.00721,0.00777,0.01050,0.02384,0.08055,0.00906,0.02417
0.04340,0.14548,0.13571,0.09875,0.14322,0.02512,0.01989,0.03075,0.07950,0.15660,0.01217,0.01299,0.01735,0.01052,0.00920,0.00436,0.01446,0.02014,0.00585,0.01454
0.03889,0.18187,0.11011,0.08199,0.09121,0.01141,0.02783,0.00948,0.07927,0.20640,0.01963,0.01570,0.01440,0.01704,0.01798,0.01405,0.01157,0.01347,0.01153,0.02617
0.03637,0.26234,0.01881,0.27392,0.01763,0.00700,0.00851,0.01739,0.13121,0.14252,0.00761,0.00567,0.00752,0.00684,0.00730,0.00784,0.01154,0.01707,0.00811,0.00480
0.03987,0.06117,0.07798,0.10902,0.09540,0.02970,0.01478,0.01738,0.10498,0.07569,0.01870,0.02812,0.01494,0.02738,0.01469,0.01086,0.02410,0.21396,0.00981,0.01148
0.12725,0.06909,0.02710,0.05667,0.03092,0.04227,0.02978,0.07253,0.05114,0.17087,0.02893,0.05269,0.01601,0.02197,0.01903,0.01704,0.02495,0.05080,0.02047,0.07050
0.15863,0.11953,0.03752,0.08797,0.05861,0.01988,0.02343,0.02039,0.06286,0.23229,0.01679,0.02388,0.02532,0.01202,0.01319,0.00898,0.01715,0.02790,0.01197,0.02169
0.10231,0.24300,0.02274,0.20866,0.03785,0.00812,0.01454,0.01050,0.06646,0.17677,0.01066,0.00940,0.01105,0.00351,0.01029,0.01090,0.01480,0.02009,0.00719,0.01114
0.10180,0.15149,0.06123,0.12930,0.06410,0.01675,0.01363,0.01820,0.12422,0.17287,0.01500,0.01749,0.01593,0.01476,0.01126,0.01405,0.01281,0.01518,0.00834,0.02158
0.05340,0.20006,0.02613,0.08313,0.02732,0.02759,0.02109,0.01754,0.06706,0.23009,0.02029,0.04338,0.01612,0.01227,0.01568,0.01448,0.02708,0.07154,0.00946,0.01630
0.05437,0.19018,0.02269,0.07457,0.01876,0.01378,0.02323,0.05133,0.07148,0.21400,0.02317,0.03400,0.01241,0.03356,0.01493,0.05227,0.02807,0.01745,0.02066,0.02910
0.11707,0.10271,0.02076,0.20513,0.01865,0.02101,0.00649,0.00955,0.19422,0.19086,0.01007,0.00999,0.00888,0.00548,0.00904,0.00690,0.01702,0.02127,0.00608,0.01883
0.23068,0.05450,0.04491,0.07503,0.03453,0.01599,0.02162,0.01880,0.06422,0.25026,0.01175,0.01817,0.01641,0.01528,0.01354,0.01010,0.01685,0.06370,0.01077,0.01289
0.09931,0.10370,0.02746,0.16550,0.03465,0.02391,0.00856,0.02148,0.16292,0.18696,0.02277,0.01526,0.01744,0.01200,0.01641,0.01204,0.01526,0.02659,0.01173,0.01604
0.16941,0.15251,0.01938,0.08289,0.02245,0.01855,0.01320,0.01074,0.07932,0.29546,0.00882,0.02655,0.03290,0.01002,0.00934,0.01092,0.01180,0.01060,0.00555,0.00959
0.07391,0.12847,0.17197,0.05861,0.16733,0.01626,0.01496,0.01453,0.04984,0.15711,0.00792,0.01585,0.01131,0.00986,0.01143,0.01050,0.01514,0.03989,0.00888,0.01623
0.17153,0.07145,0.06437,0.05776,0.06996,0.01425,0.01888,0.01464,0.05539,0.21772,0.01225,0.01983,0.01890,0.00967,0.01252,0.00981,0.01993,0.11868,0.00581,0.01664
0.09568,0.20312,0.01436,0.09737,0.02660,0.01279,0.01687,0.01160,0.10156,0.25902,0.01116,0.00973,0.01320,0.01390,0.01795,0.01231,0.02003,0.03201,0.00814,0.02260
0.02633,0.22396,0.08658,0.05283,0.08208,0.01270,0.01063,0.01666,0.05520,0.23224,0.00898,0.01845,0.01483,0.00908,0.00853,0.00978,0.02455,0.08718,0.00813,0.01127
0.04662,0.11737,0.08290,0.17711,0.08589,0.01869,0.01067,0.02039,0.16670,0.14820,0.01015,0.01969,0.01475,0.01303,0.01021,0.00879,0.01466,0.01261,0.00765,0.01392
0.05825,0.15962,0.02792,0.12042,0.01990,0.03026,0.03087,0.02576,0.11139,0.18949,0.01449,0.02000,0.02203,0.04761,0.01711,0.01300,0.02896,0.02894,0.01626,0.01772
0.04062,0.15319,0.13294,0.12370,0.12900,0.01648,0.01171,0.02463,0.09978,0.17004,0.00771,0.01551,0.01084,0.00630,0.01014,0.00842,0.01083,0.01108,0.00683,0.01024
0.06025,0.06223,0.08647,0.15967,0.08305,0.02169,0.01520,0.01589,0.14656,0.10288,0.02491,0.02226,0.02766,0.01302,0.00891,0.02684,0.02307,0.08040,0.00846,0.01058
0.04326,0.16603,0.06047,0.17007,0.06403,0.04016,0.03601,0.01792,0.08351,0.07851,0.03387,0.03825,0.02394,0.01683,0.01952,0.01109,0.02329,0.03876,0.01112,0.02335
0.04200,0.23083,0.04859,0.19148,0.02581,0.02490,0.01083,0.02112,0.09350,0.11781,0.01302,0.02372,0.01641,0.01688,0.01765,0.02844,0.03031,0.01073,0.00911,0.02683
0.12561,0.20815,0.04902,0.03821,0.04589,0.01954,0.01960,0.01341,0.03796,0.30371,0.01060,0.01834,0.01500,0.00730,0.01915,0.00740,0.01440,0.01798,0.00718,0.02155
0.05744,0.22781,0.02073,0.14781,0.03861,0.01046,0.01396,0.01765,0.08727,0.24408,0.01430,0.01710,0.01085,0.01806,0.01241,0.01743,0.01265,0.01619,0.00642,0.00877
0.18076,0.05847,0.09244,0.04044,0.10749,0.01592,0.01568,0.01527,0.05387,0.22601,0.01835,0.01062,0.01693,0.01108,0.02044,0.02378,0.01940,0.04640,0.01175,0.01489
0.11295,0.05989,0.10249,0.14283,0.11913,0.03210,0.01506,0.01311,0.13176,0.15450,0.01231,0.01578,0.01898,0.00889,0.01082,0.00989,0.01196,0.01044,0.00641,0.01071
0.03952,0.21277,0.09819,0.05860,0.09053,0.01910,0.01669,0.01561,0.06532,0.22031,0.02144,0.01583,0.01464,0.01064,0.01092,0.01362,0.02762,0.01623,0.01250,0.01991
0.09797,0.07448,0.12153,0.09381,0.11612,0.02652,0.01985,0.02606,0.08491,0.15757,0.02957,0.02428,0.00955,0.00739,0.01080,0.01687,0.01550,0.03754,0.01248,0.01719
0.03349,0.16067,0.07503,0.08873,0.08236,0.02519,0.01677,0.01652,0.09710,0.17363,0.01988,0.02407,0.01990,0.01614,0.01941,0.01813,0.03604,0.04004,0.00871,0.02818
0.03751,0.08886,0.14287,0.13289,0.14332,0.03971,0.01582,0.00882,0.13112,0.10917,0.01193,0.01750,0.01761,0.01709,0.01496,0.01268,0.01866,0.00971,0.01200,0.01777
0.02391,0.18511,0.06606,0.14293,0.05265,0.01384,0.01213,0.01750,0.13410,0.17644,0.01450,0.01584,0.01598,0.00725,0.03777,0.01138,0.01498,0.01884,0.01889,0.01986
0.10791,0.18094,0.02668,0.09087,0.02061,0.02113,0.02871,0.01142,0.08791,0.26615,0.01116,0.02326,0.03433,0.01612,0.01135,0.01141,0.01408,0.01808,0.00672,0.01117
0.02615,0.09427,0.02980,0.29636,0.03867,0.00928,0.00982,0.01434,0.29062,0.10494,0.00590,0.00845,0.01029,0.00605,0.00967,0.00721,0.00842,0.01342,0.00508,0.01126
0.03188,0.09038,0.16724,0.05596,0.16346,0.01677,0.02294,0.02723,0.05158,0.09778,0.01802,0.01597,0.00703,0.00943,0.00739,0.01993,0.01619,0.15032,0.01269,0.01782
0.11998,0.04794,0.10570,0.15646,0.08717,0.01776,0.01374,0.01746,0.13656,0.13414,0.01142,0.02304,0.01297,0.01008,0.01594,0.01103,0.01371,0.04633,0.00718,0.01140
0.05983,0.10538,0.07488,0.12452,0.05332,0.02785,0.03179,0.02518,0.10765,0.11707,0.01543,0.02295,0.03947,0.01865,0.04855,0.01528,0.02811,0.05007,0.00985,0.02416
0.04995,0.09320,0.07126,0.09312,0.03080,0.01691,0.02578,0.01538,0.07947,0.12801,0.01813,0.02027,0.01433,0.01246,0.01746,0.00982,0.03018,0.25104,0.00881,0.01362
0.05681,0.20736,0.02053,0.16465,0.03066,0.01338,0.01907,0.01077,0.10784,0.23016,0.00837,0.01105,0.02329,0.01783,0.01654,0.01026,0.01694,0.01388,0.00800,0.01261
0.06260,0.13547,0.02613,0.15674,0.04022,0.01385,0.02406,0.07330,0.10658,0.15615,0.01415,0.03047,0.01163,0.01017,0.01949,0.01199,0.02475,0.01862,0.02444,0.03918
0.04281,0.30003,0.03033,0.08853,0.04220,0.01423,0.00607,0.00441,0.07893,0.30066,0.00565,0.00642,0.00994,0.00483,0.01750,0.00857,0.00799,0.01013,0.00851,0.01228
0.23887,0.05169,0.04138,0.05945,0.12359,0.01848,0.01285,0.00797,0.17118,0.09712,0.01055,0.02553,0.01389,0.01297,0.02432,0.01011,0.01496,0.04143,0.00929,0.01437
0.09798,0.10315,0.12042,0.09739,0.05932,0.04546,0.03309,0.01243,0.11946,0.10061,0.01420,0.02003,0.01168,0.00702,0.02495,0.01135,0.02128,0.07782,0.00810,0.01426
0.03128,0.18280,0.01581,0.16471,0.02469,0.00993,0.01611,0.00971,0.16174,0.18990,0.01402,0.00997,0.01279,0.01571,0.01077,0.01085,0.01713,0.07641,0.00804,0.01761
0.04141,0.26940,0.04849,0.26097,0.04466,0.01197,0.01159,0.01201,0.04741,0.07391,0.03459,0.01848,0.01789,0.00986,0.01413,0.01386,0.01353,0.02656,0.00949,0.01977
0.12260,0.12225,0.04161,0.18327,0.04593,0.01609,0.01349,0.01805,0.21579,0.09007,0.01329,0.02330,0.01038,0.00540,0.01041,0.01030,0.01418,0.02543,0.00572,0.01243
0.04898,0.09371,0.11359,0.10774,0.08173,0.05675,0.01720,0.04072,0.07684,0.12175,0.01770,0.03545,0.02657,0.01674,0.02006,0.02182,0.02554,0.01357,0.00859,0.05495
0.07780,0.23868,0.02322,0.20756,0.02617,0.01289,0.01447,0.01004,0.07264,0.16953,0.01127,0.01332,0.00905,0.00711,0.01618,0.01371,0.00790,0.05161,0.00710,0.00975
0.02216,0.06289,0.03473,0.05042,0.03465,0.02255,0.01933,0.01713,0.18695,0.17516,0.01969,0.01668,0.02440,0.02575,0.01626,0.02119,0.02863,0.19793,0.00703,0.01648
0.14341,0.09353,0.03758,0.11077,0.03734,0.02664,0.02528,0.02822,0.08568,0.19258,0.01183,0.01775,0.02381,0.01532,0.01434,0.00936,0.02569,0.07133,0.01264,0.01690
0.06586,0.05176,0.01761,0.03366,0.02341,0.00715,0.01278,0.01305,0.27955,0.39948,0.01107,0.00705,0.01120,0.00680,0.00969,0.00818,0.00830,0.01755,0.00575,0.01010
0.11667,0.09415,0.03877,0.08466,0.03782,0.02717,0.02246,0.02135,0.07845,0.18284,0.01560,0.02620,0.01468,0.01561,0.02324,0.00964,0.02704,0.12977,0.01263,0.02124
0.04327,0.15074,0.03711,0.09952,0.04013,0.01269,0.01312,0.02282,0.10247,0.17511,0.01097,0.01375,0.01584,0.00946,0.00652,0.00974,0.01436,0.20416,0.00978,0.00843
0.05262,0.07829,0.09070,0.20016,0.07929,0.02013,0.02499,0.02441,0.16907,0.09540,0.01226,0.01344,0.02140,0.01643,0.00985,0.00774,0.02084,0.01921,0.02059,0.02319
0.10443,0.05002,0.06099,0.04712,0.04141,0.02829,0.02053,0.01850,0.18186,0.31101,0.01399,0.01399,0.01720,0.01572,0.01054,0.00737,0.01050,0.02462,0.00790,0.01402
0.04448,0.09923,0.01109,0.26091,0.01957,0.01877,0.01378,0.01150,0.25909,0.12546,0.01422,0.02084,0.00800,0.00912,0.01194,0.01449,0.01537,0.01277,0.00958,0.01982
0.04158,0.23808,0.02175,0.21078,0.02470,0.01508,0.00859,0.00663,0.15112,0.19702,0.00970,0.01560,0.00646,0.00732,0.01139,0.00754,0.00711,0.00763,0.00608,0.00585
0.02294,0.10483,0.01081,0.31336,0.01515,0.00856,0.00957,0.01095,0.31836,0.12156,0.00531,0.00485,0.00979,0.00426,0.00617,0.00418,0.00469,0.01879,0.00209,0.00378
0.09367,0.19852,0.02788,0.11353,0.01832,0.03292,0.02368,0.01025,0.10528,0.24884,0.01115,0.01320,0.00866,0.00946,0.00529,0.01527,0.02463,0.01218,0.01078,0.01649
0.01503,0.23742,0.02823,0.10105,0.01896,0.01830,0.01972,0.01135,0.03977,0.38272,0.01545,0.01887,0.00651,0.00496,0.00951,0.00660,0.01168,0.03958,0.00525,0.00903
0.03254,0.12214,0.10036,0.09300,0.10116,0.02151,0.01685,0.02569,0.08147,0.12379,0.01286,0.02471,0.01460,0.01002,0.01059,0.01633,0.01842,0.14797,0.01147,0.01453
0.10766,0.06267,0.03148,0.04751,0.03504,0.01154,0.02695,0.01592,0.07370,0.20389,0.01172,0.01319,0.02064,0.01319,0.01125,0.01357,0.01770,0.25573,0.01159,0.01507
0.08867,0.12310,0.03635,0.06872,0.05099,0.03959,0.02849,0.02394,0.05567,0.14030,0.02082,0.02610,0.02632,0.02991,0.01258,0.02249,0.02633,0.14568,0.01812,0.01585
0.04908,0.17007,0.06781,0.10768,0.05920,0.02619,0.02061,0.02483,0.09057,0.17860,0.01449,0.02044,0.02093,0.01817,0.00831,0.01851,0.01780,0.05715,0.01267,0.01688
0.04752,0.17967,0.03133,0.16266,0.03454,0.01758,0.01329,0.01683,0.14687,0.19281,0.01391,0.01374,0.01221,0.02522,0.01206,0.01746,0.00915,0.02692,0.01243,0.01379
0.04216,0.10905,0.03875,0.07335,0.04209,0.01215,0.01633,0.01402,0.06894,0.12979,0.04426,0.04385,0.03893,0.00850,0.03552,0.01424,0.03416,0.20798,0.01292,0.01302
0.04862,0.07693,0.16558,0.11802,0.14606,0.01241,0.02135,0.01834,0.10890,0.08176,0.01324,0.01261,0.01872,0.01112,0.01159,0.00938,0.02408,0.07729,0.00979,0.01419
0.06432,0.13164,0.05815,0.11721,0.04177,0.02603,0.02407,0.01682,0.15000,0.20850,0.02150,0.01475,0.02628,0.01769,0.01293,0.01057,0.01820,0.02063,0.00976,0.00917
0.06933,0.12298,0.07141,0.08701,0.06248,0.02107,0.02685,0.04158,0.08385,0.14996,0.01476,0.02762,0.01953,0.00805,0.02134,0.02123,0.03712,0.07805,0.00867,0.02710
0.06131,0.12477,0.05423,0.07385,0.05985,0.03995,0.02985,0.02175,0.07524,0.22942,0.01791,0.03113,0.01176,0.01200,0.03990,0.02278,0.02489,0.04216,0.00852,0.01872
0.14737,0.13775,0.03337,0.07182,0.03893,0.01476,0.01716,0.01446,0.06280,0.25350,0.01453,0.02252,0.01956,0.01462,0.02448,0.01190,0.02696,0.04133,0.01250,0.01967
0.14165,0.11064,0.04406,0.12140,0.06614,0.01593,0.02044,0.01187,0.14814,0.12344,0.01616,0.01796,0.01179,0.01090,0.00851,0.01513,0.01590,0.07998,0.00715,0.01282
0.07959,0.12624,0.04051,0.07724,0.04177,0.01615,0.02452,0.05723,0.08485,0.18780,0.02184,0.04134,0.02374,0.01874,0.01904,0.02573,0.02501,0.04113,0.01002,0.03752
0.05870,0.21896,0.01757,0.11853,0.01906,0.01968,0.02055,0.02255,0.10404,0.24757,0.01979,0.01500,0.01093,0.01105,0.01157,0.01538,0.01943,0.01884,0.01364,0.01716
0.02677,0.10950,0.12369,0.19535,0.12031,0.01120,0.01429,0.01140,0.18853,0.11570,0.00648,0.00962,0.00948,0.00770,0.00954,0.00713,0.00644,0.01323,0.00608,0.00756
0.07242,0.13187,0.02159,0.20723,0.02328,0.01885,0.01366,0.00631,0.20425,0.18400,0.00902,0.01722,0.01318,0.00668,0.01119,0.00699,0.01139,0.02527,0.00430,0.01131
0.05247,0.22284,0.02844,0.10445,0.02917,0.01687,0.01376,0.01042,0.09925,0.24583,0.01013,0.01831,0.01338,0.00965,0.01128,0.00599,0.01889,0.06800,0.00621,0.01466
