0.01697,0.02373,0.18728,0.16826,0.01153,0.03516,0.02067,0.02411,0.02383,0.00999,0.03785,0.11713,0.02322,0.01387,0.04116,0.06794,0.02473,0.13584,0.00690,0.00983
0.01244,0.02117,0.02520,0.03841,0.01397,0.01725,0.01916,0.01038,0.00973,0.01084,0.27323,0.06226,0.31336,0.02235,0.02545,0.00987,0.01792,0.07988,0.00554,0.01159
0.01608,0.14785,0.03974,0.15576,0.00847,0.01133,0.01396,0.02745,0.00615,0.00692,0.02258,0.12088,0.01506,0.09264,0.00684,0.10090,0.04709,0.14606,0.00773,0.00651
0.03251,0.03105,0.01965,0.02088,0.01731,0.02715,0.01964,0.02193,0.01694,0.01035,0.11242,0.15689,0.18744,0.02666,0.02381,0.02736,0.00728,0.19172,0.02845,0.02059
0.01458,0.04835,0.15598,0.11786,0.02778,0.01632,0.02404,0.02852,0.02763,0.01753,0.04069,0.14267,0.02354,0.02447,0.01721,0.01854,0.03527,0.18087,0.03091,0.00725
0.02000,0.06927,0.03056,0.04033,0.01384,0.02776,0.02054,0.05530,0.01542,0.02431,0.11237,0.21538,0.00702,0.01619,0.01773,0.02049,0.01746,0.24089,0.02110,0.01405
0.02489,0.02309,0.03049,0.03842,0.01986,0.02151,0.21561,0.02422,0.22538,0.02012,0.04977,0.09190,0.02329,0.02296,0.00862,0.04387,0.01930,0.08126,0.00469,0.01075
0.00694,0.03966,0.14716,0.15147,0.01383,0.03755,0.01919,0.01515,0.18830,0.03688,0.01186,0.09830,0.02732,0.00604,0.03113,0.01101,0.02411,0.12420,0.00409,0.00580
0.04174,0.02889,0.30824,0.37029,0.00512,0.02243,0.02723,0.02561,0.00696,0.01507,0.00868,0.03381,0.01105,0.00922,0.01024,0.01087,0.01224,0.02594,0.01264,0.01374
0.36684,0.02790,0.01470,0.02886,0.00403,0.02579,0.01427,0.01734,0.34983,0.01580,0.00905,0.01648,0.01159,0.04997,0.01165,0.00550,0.00671,0.01580,0.00294,0.00496
0.03299,0.08397,0.15578,0.08228,0.02308,0.02158,0.06631,0.10812,0.02319,0.02764,0.00953,0.09828,0.03562,0.01484,0.00969,0.02595,0.02311,0.12592,0.00766,0.02446
0.02347,0.11369,0.01924,0.05975,0.01906,0.04092,0.01358,0.08791,0.01746,0.02778,0.01966,0.18928,0.02816,0.01047,0.02126,0.01941,0.01546,0.24600,0.01969,0.00774
0.02063,0.04611,0.03113,0.02418,0.03723,0.01682,0.01250,0.01859,0.00946,0.01705,0.02601,0.25799,0.04754,0.03293,0.02050,0.01504,0.02156,0.30086,0.02071,0.02315
0.00786,0.01531,0.02115,0.03273,0.01268,0.01766,0.02177,0.03464,0.01931,0.02983,0.08988,0.24610,0.02659,0.01982,0.01020,0.02107,0.01158,0.27812,0.06194,0.02175
0.25323,0.01922,0.04864,0.02463,0.00966,0.01041,0.03578,0.01038,0.28103,0.01056,0.03426,0.09469,0.01588,0.00901,0.01333,0.02482,0.01607,0.06395,0.01255,0.01188
0.02549,0.03485,0.01596,0.06226,0.02102,0.03427,0.02927,0.02498,0.02380,0.01604,0.04817,0.21241,0.03823,0.01317,0.01304,0.03068,0.02176,0.30475,0.02051,0.00934
0.02024,0.02926,0.14494,0.05028,0.03805,0.01372,0.12517,0.04366,0.01831,0.02333,0.03662,0.14429,0.02439,0.02614,0.02105,0.02852,0.01338,0.17419,0.01470,0.00976
0.01365,0.08742,0.01740,0.03299,0.03246,0.02305,0.07598,0.00597,0.00816,0.07275,0.02366,0.20302,0.07618,0.01001,0.02141,0.02121,0.00677,0.25286,0.00352,0.01155
0.00777,0.02178,0.37547,0.05150,0.01027,0.01243,0.01451,0.01296,0.01195,0.00553,0.01129,0.38707,0.01087,0.01341,0.00992,0.00785,0.00533,0.01462,0.00610,0.00937
0.00734,0.12118,0.04606,0.13154,0.00996,0.01848,0.02442,0.21414,0.03403,0.04017,0.01652,0.05808,0.04481,0.01578,0.02280,0.05159,0.01839,0.08691,0.00920,0.02860
0.04971,0.02241,0.03955,0.05930,0.02468,0.04462,0.02259,0.02010,0.01608,0.01357,0.03865,0.20640,0.02921,0.04317,0.02154,0.03041,0.04447,0.24706,0.01505,0.01143
0.02217,0.20104,0.04240,0.11685,0.00748,0.02610,0.01390,0.23224,0.01379,0.03702,0.01467,0.07646,0.01796,0.01006,0.01886,0.00967,0.01063,0.10400,0.01394,0.01074
0.00984,0.04459,0.01012,0.04861,0.00638,0.01307,0.00855,0.00747,0.01103,0.01835,0.08783,0.30217,0.02304,0.01277,0.02286,0.01219,0.00897,0.33819,0.00755,0.00643
0.03069,0.07374,0.05620,0.05393,0.00738,0.03496,0.01543,0.02813,0.02406,0.02552,0.07106,0.19287,0.05148,0.01197,0.01385,0.01393,0.02026,0.25855,0.01051,0.00546
0.01507,0.04963,0.06217,0.07357,0.01168,0.03576,0.17237,0.00993,0.14593,0.02095,0.12825,0.04032,0.07238,0.01834,0.01675,0.01832,0.02688,0.06464,0.00867,0.00838
0.01579,0.02599,0.29166,0.34217,0.00728,0.01148,0.01850,0.01815,0.02991,0.01258,0.04623,0.01421,0.06462,0.00979,0.03902,0.00997,0.00697,0.01377,0.00866,0.01327
0.02219,0.03698,0.01888,0.01284,0.01217,0.02365,0.03787,0.00915,0.02565,0.01603,0.04006,0.29526,0.04050,0.01861,0.01282,0.02406,0.01684,0.30056,0.01497,0.02092
0.02084,0.04110,0.03321,0.02665,0.01208,0.00959,0.07496,0.04027,0.02544,0.04854,0.03063,0.21710,0.05587,0.01095,0.01901,0.00784,0.01633,0.27248,0.00407,0.03302
0.02082,0.08783,0.04787,0.02521,0.01590,0.01703,0.01435,0.05430,0.03079,0.02112,0.04666,0.20615,0.04221,0.02352,0.01228,0.03038,0.01571,0.26385,0.01306,0.01096
0.01540,0.04143,0.07147,0.06154,0.01287,0.01781,0.01473,0.02561,0.07181,0.01420,0.07415,0.18030,0.03071,0.01891,0.03469,0.01955,0.01596,0.23655,0.02085,0.02146
0.00577,0.02079,0.07682,0.02634,0.01721,0.02293,0.01198,0.01895,0.01207,0.01899,0.02912,0.27103,0.02086,0.02446,0.01450,0.04964,0.01086,0.31880,0.02151,0.00738
0.03983,0.02823,0.04327,0.04326,0.03455,0.01840,0.01083,0.03833,0.00984,0.02081,0.29776,0.01586,0.31195,0.01312,0.01498,0.00948,0.01060,0.01716,0.00744,0.01429
0.01757,0.04300,0.05810,0.14159,0.01449,0.02449,0.02736,0.11891,0.03254,0.03388,0.06384,0.15001,0.02760,0.01500,0.00702,0.01425,0.02335,0.16986,0.00744,0.00973
0.01349,0.04635,0.02356,0.04240,0.01400,0.02804,0.02767,0.09988,0.02193,0.01423,0.04089,0.22178,0.02961,0.01625,0.04352,0.00803,0.02189,0.25568,0.01609,0.01472
0.04308,0.08964,0.13792,0.10243,0.02846,0.01899,0.10835,0.10596,0.03210,0.02137,0.01345,0.07371,0.01836,0.04155,0.01795,0.00936,0.01408,0.09740,0.01095,0.01490
0.02332,0.02591,0.18734,0.18312,0.01547,0.01892,0.02186,0.02090,0.02971,0.03283,0.03275,0.10897,0.02346,0.01192,0.01208,0.04236,0.03446,0.14494,0.01671,0.01296
0.04010,0.06403,0.03813,0.06990,0.04502,0.02290,0.01088,0.02765,0.01703,0.03574,0.05770,0.22035,0.01673,0.01635,0.01275,0.01824,0.01942,0.25092,0.00811,0.00805
0.02806,0.06608,0.07124,0.07297,0.00936,0.03102,0.02956,0.02574,0.03843,0.02407,0.05414,0.17415,0.03429,0.05383,0.02183,0.02251,0.01199,0.20314,0.01363,0.01397
0.01797,0.03615,0.12353,0.13056,0.01244,0.02229,0.01215,0.04114,0.04477,0.01045,0.04555,0.15725,0.03008,0.01825,0.03927,0.02091,0.01911,0.18790,0.02014,0.01009
0.01589,0.02132,0.03361,0.34681,0.01433,0.00889,0.00919,0.34624,0.03635,0.02005,0.01911,0.01265,0.01231,0.02066,0.00972,0.02650,0.01797,0.01242,0.00901,0.00697
0.00822,0.02869,0.22600,0.02764,0.00529,0.01670,0.03660,0.00958,0.20838,0.02743,0.01195,0.15235,0.04524,0.01627,0.01482,0.02571,0.00680,0.10635,0.01171,0.01427
0.02971,0.14732,0.04450,0.10905,0.00709,0.08143,0.20201,0.01229,0.01779,0.20190,0.02218,0.01941,0.01135,0.00636,0.01062,0.02450,0.01699,0.01627,0.01239,0.00684
0.00528,0.01476,0.01002,0.01973,0.00651,0.01309,0.31246,0.01512,0.34232,0.00967,0.01249,0.06861,0.01129,0.01455,0.02083,0.01044,0.01456,0.08649,0.00776,0.00402
0.01154,0.02189,0.03039,0.03738,0.04950,0.01474,0.01789,0.02621,0.02649,0.03216,0.04691,0.24403,0.03549,0.02635,0.01490,0.01408,0.01157,0.30371,0.01193,0.02284
0.02494,0.02446,0.06824,0.26336,0.01238,0.03280,0.03138,0.01873,0.23254,0.07920,0.00734,0.05320,0.01190,0.00763,0.00878,0.01660,0.01922,0.07316,0.00543,0.00871
0.02602,0.04002,0.04246,0.04489,0.01670,0.04545,0.01651,0.02911,0.02355,0.04219,0.02630,0.23249,0.05099,0.01432,0.01954,0.01924,0.01033,0.27250,0.01034,0.01705
0.01732,0.03804,0.02442,0.02987,0.01137,0.02578,0.02135,0.02463,0.01759,0.01818,0.02824,0.17054,0.05551,0.05983,0.05345,0.05571,0.05532,0.23645,0.04998,0.00643
0.14116,0.02341,0.04733,0.13150,0.01631,0.01261,0.02731,0.17781,0.03594,0.06214,0.01386,0.06155,0.01627,0.07809,0.01262,0.02467,0.00902,0.07597,0.01148,0.02096
0.02026,0.03972,0.05756,0.05749,0.01420,0.02353,0.01855,0.02757,0.00839,0.01855,0.01426,0.22112,0.04384,0.02513,0.03295,0.03249,0.02347,0.29284,0.01036,0.01773
0.01601,0.17908,0.02180,0.11225,0.01051,0.02899,0.14806,0.03409,0.00972,0.14574,0.01915,0.06195,0.05273,0.01069,0.03883,0.01763,0.00786,0.07086,0.00361,0.01043
0.01360,0.03674,0.22633,0.22940,0.01462,0.03752,0.03677,0.03415,0.01825,0.02577,0.04621,0.06086,0.06039,0.01216,0.03323,0.00653,0.00923,0.06142,0.01293,0.02391
0.02400,0.19378,0.04920,0.18833,0.01989,0.00682,0.01447,0.02695,0.02480,0.06650,0.00466,0.08520,0.01390,0.06574,0.00626,0.02156,0.01008,0.08914,0.00693,0.08181
0.02869,0.03083,0.02715,0.03403,0.01262,0.01766,0.01472,0.01820,0.01092,0.02137,0.31980,0.01896,0.34217,0.01018,0.03615,0.00779,0.01284,0.01343,0.01044,0.01203
0.00856,0.03593,0.16989,0.14884,0.02746,0.02303,0.11355,0.14967,0.02428,0.01132,0.03769,0.03541,0.04604,0.01595,0.03218,0.01544,0.01190,0.05219,0.00853,0.03215
0.01532,0.11385,0.04039,0.04433,0.01985,0.02812,0.07365,0.04291,0.02139,0.04319,0.02303,0.17379,0.02925,0.00981,0.05691,0.00788,0.01578,0.20613,0.01667,0.01775
0.01668,0.09982,0.01846,0.06154,0.01341,0.06074,0.26344,0.00786,0.02782,0.27222,0.01734,0.02743,0.01243,0.01415,0.02325,0.01394,0.01683,0.02471,0.00409,0.00386
0.01078,0.22231,0.09782,0.16270,0.01457,0.11073,0.00979,0.04159,0.00555,0.00934,0.03155,0.08988,0.01508,0.01678,0.00775,0.02541,0.00977,0.09537,0.00899,0.01423
0.03613,0.07911,0.20103,0.18790,0.02108,0.01841,0.02443,0.08554,0.05627,0.02249,0.01648,0.06556,0.01103,0.04571,0.01091,0.02332,0.01094,0.07134,0.00790,0.00441
0.02049,0.04977,0.03911,0.15692,0.01635,0.01037,0.01934,0.13030,0.03073,0.02174,0.00977,0.14594,0.02978,0.01452,0.02559,0.02516,0.02821,0.19462,0.01307,0.01824
0.03116,0.02705,0.12664,0.05859,0.00561,0.02843,0.05684,0.01475,0.02239,0.01989,0.02273,0.15939,0.05585,0.01708,0.03916,0.03232,0.02407,0.22766,0.00994,0.02045
0.02295,0.01305,0.03314,0.03561,0.01293,0.01462,0.01452,0.00796,0.09121,0.01347,0.02107,0.25210,0.01740,0.01482,0.01654,0.02529,0.05683,0.29686,0.01657,0.02305
0.02865,0.02342,0.30466,0.27478,0.02900,0.03044,0.03392,0.03494,0.01370,0.03380,0.01084,0.03840,0.01691,0.01289,0.02478,0.01848,0.01129,0.02752,0.01705,0.01451
0.02176,0.03058,0.12228,0.04305,0.01115,0.03449,0.12959,0.04332,0.06144,0.02620,0.01172,0.13981,0.02894,0.01708,0.03391,0.03390,0.01296,0.16821,0.01503,0.01458
0.01021,0.02864,0.25225,0.34854,0.01778,0.02156,0.01289,0.02429,0.01260,0.01550,0.01690,0.06303,0.02206,0.00758,0.01294,0.02070,0.01270,0.07370,0.01263,0.01349
0.01361,0.04482,0.03698,0.03591,0.01546,0.02356,0.02310,0.03309,0.01890,0.02897,0.00897,0.21607,0.03238,0.03480,0.02392,0.01261,0.02446,0.28828,0.02855,0.05557
0.02601,0.01708,0.09478,0.08877,0.02356,0.01994,0.03105,0.01792,0.02598,0.04863,0.01380,0.20916,0.03387,0.01074,0.03665,0.02529,0.02488,0.22227,0.00762,0.02200
0.02048,0.29158,0.05941,0.07739,0.01263,0.19311,0.01716,0.03773,0.02132,0.02371,0.03044,0.04181,0.02059,0.01118,0.03182,0.02841,0.01112,0.04525,0.00553,0.01935
0.00534,0.01985,0.02640,0.02300,0.01218,0.01295,0.04634,0.04274,0.01270,0.05596,0.16238,0.14008,0.16371,0.04748,0.00864,0.02356,0.01560,0.16910,0.00445,0.00756
0.01906,0.03830,0.06049,0.03691,0.03095,0.08112,0.03025,0.01667,0.03443,0.02359,0.03173,0.20679,0.01759,0.01870,0.01731,0.03945,0.03839,0.23795,0.01368,0.00663
0.02987,0.04220,0.02284,0.03875,0.01704,0.03898,0.08542,0.01116,0.07810,0.01355,0.04056,0.17878,0.04394,0.03887,0.04527,0.01848,0.02042,0.21335,0.01007,0.01233
0.05111,0.10594,0.04130,0.11189,0.02535,0.03367,0.01809,0.03136,0.01117,0.06481,0.01142,0.15427,0.01549,0.01596,0.03022,0.02634,0.06106,0.17714,0.00526,0.00816
0.01232,0.04087,0.33765,0.38005,0.00515,0.01320,0.00459,0.00976,0.01078,0.00636,0.02713,0.02068,0.02676,0.01815,0.03063,0.00805,0.01503,0.01801,0.00794,0.00690
0.00841,0.01211,0.35614,0.28881,0.01784,0.02219,0.02010,0.02617,0.01596,0.00930,0.00619,0.04362,0.02281,0.01185,0.04729,0.00815,0.00999,0.05681,0.00812,0.00813
0.02007,0.05513,0.03383,0.07130,0.01532,0.01401,0.01694,0.01488,0.02333,0.01971,0.07618,0.20266,0.04093,0.01726,0.08143,0.01646,0.02027,0.23790,0.01384,0.00856
0.02609,0.03321,0.11157,0.05111,0.01254,0.01538,0.01985,0.02467,0.06439,0.03017,0.02976,0.20944,0.01461,0.01786,0.04735,0.01259,0.01835,0.24728,0.00570,0.00810
0.06095,0.01630,0.10851,0.08088,0.04357,0.02379,0.07858,0.01197,0.03856,0.02332,0.02020,0.16323,0.01548,0.02140,0.01453,0.02733,0.02092,0.20056,0.01836,0.01156
0.01865,0.03415,0.03476,0.03778,0.01879,0.01059,0.01654,0.03456,0.02064,0.04150,0.11789,0.13663,0.15358,0.02146,0.05163,0.02972,0.02512,0.15661,0.01999,0.01942
0.02303,0.02325,0.06929,0.03565,0.01636,0.02743,0.01080,0.01519,0.02817,0.03030,0.03419,0.24180,0.02444,0.01753,0.03371,0.01594,0.05342,0.27586,0.01024,0.01340
0.01933,0.13768,0.19835,0.18195,0.01425,0.04246,0.04017,0.11405,0.03695,0.02016,0.01377,0.02589,0.03965,0.04318,0.01834,0.01398,0.00631,0.02037,0.00769,0.00548
0.01287,0.02740,0.01804,0.02406,0.02059,0.02800,0.02243,0.01394,0.01046,0.01260,0.03080,0.23332,0.01841,0.10074,0.00961,0.11411,0.01867,0.25703,0.00905,0.01787
0.01822,0.02454,0.09327,0.02136,0.01867,0.01540,0.14235,0.01274,0.03425,0.02886,0.05314,0.19679,0.03773,0.01672,0.00853,0.01449,0.01363,0.21565,0.01140,0.02226
0.01778,0.03088,0.03987,0.08927,0.01830,0.01550,0.02236,0.09823,0.04509,0.01833,0.03199,0.15150,0.06295,0.03452,0.01009,0.04508,0.03674,0.18748,0.00691,0.03713
0.01634,0.11050,0.03900,0.06871,0.01630,0.02361,0.07915,0.02052,0.02341,0.09296,0.02716,0.13482,0.05003,0.01437,0.04157,0.01439,0.00981,0.17267,0.02001,0.02465
0.01330,0.02220,0.04099,0.03802,0.01501,0.01133,0.02250,0.03384,0.01687,0.03896,0.07602,0.18513,0.04037,0.04538,0.06701,0.05815,0.04549,0.21023,0.01092,0.00827
0.09114,0.03183,0.03787,0.02138,0.01782,0.03480,0.02344,0.10894,0.13085,0.02088,0.05035,0.08893,0.04779,0.01748,0.04370,0.02442,0.02045,0.14636,0.02187,0.01972
0.02559,0.04958,0.11081,0.12491,0.00755,0.02039,0.03928,0.05482,0.02997,0.04768,0.01919,0.14581,0.02692,0.02935,0.02702,0.01212,0.01295,0.18218,0.01494,0.01892
0.01633,0.04150,0.22326,0.29095,0.01693,0.05622,0.02309,0.02213,0.02951,0.02897,0.01867,0.05155,0.01507,0.02246,0.02389,0.02724,0.02017,0.04983,0.00618,0.01606
0.01236,0.01202,0.02148,0.02225,0.03181,0.01177,0.05810,0.02512,0.01129,0.02151,0.22353,0.18234,0.06867,0.00784,0.03494,0.02275,0.02621,0.18788,0.00920,0.00894
0.02149,0.01613,0.04442,0.02648,0.01154,0.02990,0.01945,0.00766,0.02139,0.01243,0.01560,0.25837,0.02135,0.02000,0.08054,0.03062,0.00826,0.32629,0.01996,0.00811
0.04709,0.02542,0.05899,0.03632,0.02324,0.01266,0.01869,0.04470,0.02887,0.02088,0.19879,0.08419,0.18908,0.02429,0.02907,0.03443,0.00887,0.07824,0.01416,0.02204
0.02951,0.05342,0.25587,0.29428,0.02320,0.03196,0.01186,0.02012,0.01030,0.01935,0.02147,0.03860,0.03064,0.01521,0.07110,0.00773,0.01026,0.03251,0.01376,0.00885
0.01217,0.04395,0.02548,0.02132,0.02648,0.01668,0.01729,0.03184,0.02150,0.01974,0.01241,0.25529,0.04934,0.03786,0.01708,0.03059,0.00711,0.31074,0.01316,0.02996
0.02435,0.01777,0.03194,0.03042,0.01132,0.02945,0.02225,0.03654,0.04394,0.02668,0.02879,0.26577,0.01234,0.01260,0.02256,0.02759,0.01552,0.32332,0.01084,0.00600
0.03251,0.05572,0.13121,0.12906,0.02831,0.04966,0.06332,0.02407,0.04529,0.03194,0.02058,0.12177,0.00710,0.01230,0.01900,0.01809,0.03142,0.14098,0.02239,0.01531
0.01496,0.01903,0.03526,0.05922,0.01173,0.01996,0.01172,0.36771,0.01679,0.01114,0.01823,0.01279,0.01006,0.33531,0.00885,0.01028,0.01188,0.01159,0.00436,0.00912
0.02043,0.05302,0.01422,0.01594,0.01253,0.01672,0.03191,0.03255,0.02008,0.02751,0.10556,0.22614,0.04426,0.01912,0.02896,0.01964,0.03567,0.23667,0.02460,0.01447
0.08179,0.01249,0.02803,0.08184,0.01459,0.01071,0.03778,0.06498,0.01709,0.05389,0.16054,0.04807,0.19199,0.04232,0.01660,0.02513,0.01932,0.05540,0.01613,0.02132
0.01930,0.02987,0.03311,0.03570,0.02877,0.01214,0.02262,0.02913,0.02777,0.03583,0.03539,0.20948,0.04404,0.06338,0.01700,0.01614,0.03875,0.27849,0.01534,0.00774
0.00410,0.01381,0.02105,0.02413,0.01486,0.00725,0.35502,0.01484,0.36855,0.01092,0.02131,0.01981,0.01867,0.01389,0.00459,0.01831,0.00909,0.03329,0.00910,0.01742
0.03175,0.03484,0.04080,0.04759,0.04312,0.03864,0.02677,0.03399,0.01799,0.02550,0.08946,0.13919,0.07816,0.01983,0.03051,0.02505,0.02821,0.17310,0.01368,0.06181
0.01664,0.02082,0.34102,0.30202,0.01887,0.02041,0.03218,0.02193,0.01884,0.02768,0.01264,0.02601,0.01655,0.01896,0.01659,0.00546,0.01378,0.05679,0.00787,0.00494
0.02023,0.01035,0.02291,0.03265,0.02209,0.02343,0.02104,0.02724,0.05673,0.01746,0.02054,0.25516,0.05195,0.02127,0.01737,0.01569,0.03016,0.29222,0.00753,0.03399
0.03113,0.02900,0.02414,0.02503,0.01675,0.03104,0.03354,0.04860,0.02136,0.01822,0.10246,0.12126,0.09861,0.06068,0.03839,0.08084,0.02859,0.16362,0.01533,0.01140
0.02177,0.02338,0.01026,0.02624,0.01655,0.03191,0.01059,0.04397,0.01315,0.02211,0.05382,0.16319,0.14496,0.02788,0.01858,0.00935,0.00370,0.21502,0.00853,0.13505
0.02814,0.10002,0.05043,0.09026,0.03529,0.02868,0.03023,0.04246,0.04398,0.04360,0.01620,0.13677,0.02524,0.04399,0.02140,0.02793,0.02532,0.18142,0.01726,0.01138
0.01137,0.02244,0.08525,0.04567,0.01773,0.00840,0.06878,0.06381,0.07817,0.05468,0.01541,0.15531,0.02874,0.01176,0.04193,0.04898,0.01256,0.20948,0.01259,0.00693
0.01112,0.05618,0.13677,0.09147,0.01112,0.02230,0.09997,0.04874,0.02561,0.04011,0.02763,0.11630,0.01929,0.01724,0.02893,0.01648,0.00911,0.14080,0.06295,0.01787
0.03748,0.01001,0.01504,0.02839,0.02712,0.01304,0.01196,0.01462,0.01725,0.01368,0.04116,0.22337,0.04728,0.04064,0.05437,0.03342,0.05895,0.26690,0.01743,0.02788
0.02783,0.02351,0.03198,0.02103,0.03160,0.01656,0.05735,0.04868,0.05262,0.02017,0.23568,0.04219,0.21470,0.02399,0.01836,0.02518,0.01576,0.03375,0.03511,0.02395
0.01395,0.06961,0.01879,0.22248,0.02428,0.01570,0.08770,0.19372,0.01581,0.15208,0.01895,0.01494,0.01426,0.01387,0.05104,0.02136,0.00757,0.02437,0.00563,0.01388
0.02488,0.12972,0.02939,0.10137,0.01037,0.02251,0.01472,0.02137,0.01316,0.01755,0.19635,0.03204,0.24185,0.01188,0.04427,0.01961,0.00583,0.04917,0.00377,0.01021
0.01914,0.01206,0.03854,0.10978,0.01219,0.01243,0.03689,0.16376,0.01351,0.11984,0.03243,0.11097,0.05991,0.02239,0.02785,0.03209,0.01225,0.13737,0.00719,0.01939
0.02418,0.03664,0.04090,0.04578,0.02013,0.04328,0.01667,0.03973,0.05523,0.02638,0.05661,0.14841,0.03575,0.05008,0.04430,0.05007,0.02360,0.17359,0.02352,0.04515
0.02020,0.05596,0.21958,0.25903,0.01707,0.01491,0.01841,0.01188,0.01354,0.01782,0.03108,0.07161,0.01953,0.04428,0.01938,0.01884,0.01501,0.10460,0.00605,0.02122
0.15269,0.02354,0.06530,0.04578,0.01665,0.02033,0.03482,0.04127,0.16341,0.01630,0.13634,0.02182,0.15299,0.00928,0.01118,0.00911,0.01146,0.02908,0.02157,0.01709
0.03369,0.01776,0.07175,0.03502,0.02555,0.05088,0.05370,0.01594,0.02051,0.02088,0.21398,0.05923,0.22708,0.01394,0.02390,0.02026,0.01179,0.05343,0.00959,0.02111
0.02100,0.02459,0.02717,0.03037,0.02318,0.01537,0.01437,0.04015,0.01872,0.01887,0.03427,0.23108,0.02929,0.01435,0.01344,0.06205,0.04687,0.29960,0.02226,0.01301
0.01012,0.04108,0.01733,0.01230,0.01064,0.00910,0.01788,0.30968,0.00863,0.01956,0.02455,0.02065,0.02939,0.35771,0.03263,0.01083,0.02877,0.01908,0.00457,0.01550
0.03212,0.05215,0.04202,0.04953,0.04480,0.01699,0.03398,0.04999,0.02738,0.03946,0.02261,0.19848,0.02191,0.02426,0.02342,0.02910,0.01679,0.25969,0.00592,0.00940
0.01260,0.06357,0.02806,0.11905,0.00842,0.01850,0.24368,0.04263,0.01616,0.29380,0.02240,0.03065,0.01327,0.01093,0.01598,0.00908,0.01145,0.02938,0.00331,0.00707
0.04152,0.02300,0.01281,0.04770,0.00830,0.01481,0.02303,0.02737,0.03913,0.02918,0.01542,0.23173,0.03878,0.04034,0.03121,0.03338,0.03035,0.28991,0.00544,0.01659
0.01504,0.02555,0.01357,0.01545,0.04754,0.01807,0.02516,0.01468,0.01621,0.02885,0.04921,0.21848,0.01663,0.02588,0.12638,0.03332,0.04967,0.23110,0.00941,0.01979
0.01507,0.22375,0.01342,0.21805,0.01269,0.04782,0.01046,0.03526,0.01364,0.01128,0.05909,0.09791,0.02134,0.00740,0.01872,0.03223,0.02129,0.12414,0.01119,0.00525
0.02702,0.10849,0.13817,0.07033,0.00730,0.02962,0.07202,0.08080,0.01446,0.02155,0.05017,0.08963,0.04999,0.01872,0.02762,0.01429,0.02123,0.12025,0.01476,0.02358
0.03186,0.01943,0.03906,0.05844,0.05362,0.02181,0.03485,0.00722,0.02438,0.02075,0.11001,0.13830,0.08750,0.02930,0.07802,0.00922,0.03296,0.17491,0.00764,0.02074
0.02350,0.02705,0.02197,0.02369,0.01120,0.02042,0.01604,0.04772,0.01842,0.01655,0.03787,0.26983,0.02554,0.01464,0.03192,0.02750,0.02222,0.31685,0.01157,0.01552
0.02023,0.11142,0.13882,0.08862,0.01348,0.00954,0.03632,0.03667,0.11855,0.02161,0.01196,0.11554,0.01437,0.01416,0.03418,0.04335,0.00992,0.14889,0.00312,0.00927
0.02419,0.13929,0.03344,0.07254,0.01072,0.00911,0.03347,0.00981,0.01933,0.01013,0.05709,0.21413,0.02579,0.01188,0.01693,0.01820,0.02101,0.25279,0.00654,0.01361
0.02314,0.06072,0.21917,0.28137,0.01390,0.06324,0.05319,0.01486,0.03722,0.02490,0.03353,0.02857,0.03254,0.01505,0.01874,0.01104,0.01893,0.02053,0.01009,0.01928
0.05905,0.02125,0.04180,0.04381,0.02831,0.03379,0.04407,0.09665,0.03332,0.02467,0.01923,0.16658,0.01118,0.10532,0.01297,0.02723,0.00683,0.19227,0.01302,0.01864
0.01884,0.03252,0.08912,0.08866,0.01933,0.02419,0.01014,0.02023,0.02066,0.01598,0.15939,0.05602,0.23365,0.02037,0.02143,0.01476,0.00792,0.06101,0.02470,0.06110
0.02569,0.02972,0.03833,0.02384,0.01399,0.03783,0.02262,0.01600,0.03908,0.03944,0.01091,0.24936,0.02127,0.01979,0.04998,0.02006,0.01976,0.30108,0.00738,0.01387
0.00799,0.22874,0.02658,0.07532,0.00916,0.19960,0.01522,0.02367,0.01213,0.01206,0.01848,0.10067,0.01309,0.03350,0.00919,0.04508,0.04360,0.10343,0.01032,0.01217
0.01317,0.09448,0.10924,0.10591,0.01147,0.01642,0.02155,0.04491,0.01064,0.01620,0.03105,0.10807,0.06646,0.05417,0.03393,0.02400,0.00631,0.13952,0.01119,0.08132
0.02525,0.25941,0.02006,0.04754,0.01667,0.01355,0.02299,0.24188,0.02802,0.01329,0.08331,0.03267,0.05873,0.04519,0.01366,0.00783,0.01445,0.03921,0.00418,0.01210
0.01991,0.05692,0.03800,0.07059,0.01504,0.05480,0.03736,0.09204,0.03657,0.02405,0.10994,0.09339,0.12583,0.02452,0.03585,0.02849,0.00639,0.09955,0.01493,0.01582
0.02264,0.00597,0.26180,0.01522,0.01980,0.02801,0.03807,0.01517,0.25260,0.01442,0.05680,0.06669,0.04350,0.00897,0.02143,0.00814,0.01100,0.08288,0.01434,0.01254
0.03351,0.02737,0.28943,0.26444,0.01477,0.00595,0.05753,0.02129,0.03097,0.04673,0.02171,0.02768,0.01819,0.01708,0.03159,0.01509,0.01272,0.02338,0.01541,0.02515
0.01366,0.25219,0.04838,0.25396,0.01503,0.02518,0.03277,0.03307,0.04223,0.02352,0.04059,0.02932,0.05258,0.03565,0.01311,0.01810,0.01254,0.03492,0.00870,0.01450
0.03437,0.07496,0.03422,0.04480,0.00995,0.04139,0.01669,0.07469,0.03062,0.01626,0.02585,0.21640,0.00874,0.03233,0.02177,0.01958,0.01460,0.24709,0.01563,0.02005
0.02198,0.03110,0.08995,0.14559,0.01942,0.02219,0.06713,0.13504,0.02430,0.01712,0.11378,0.02509,0.12441,0.01553,0.06086,0.01570,0.00687,0.03540,0.01500,0.01356
0.01951,0.02047,0.16011,0.11260,0.09220,0.02615,0.01525,0.02636,0.01419,0.01638,0.05969,0.12436,0.05873,0.01966,0.02373,0.02816,0.01224,0.14403,0.00924,0.01695
0.00844,0.06825,0.06441,0.13489,0.01195,0.00898,0.02203,0.13909,0.01743,0.01554,0.01055,0.16270,0.01762,0.01339,0.00533,0.06305,0.01065,0.20514,0.01069,0.00987
0.02957,0.01618,0.01872,0.02900,0.01666,0.01784,0.01122,0.03171,0.05156,0.03373,0.01949,0.22998,0.03024,0.01726,0.03346,0.03008,0.01464,0.30780,0.03897,0.02188
0.03356,0.04063,0.01894,0.15036,0.02470,0.01236,0.02384,0.11135,0.04976,0.02643,0.02237,0.16257,0.02110,0.02192,0.00709,0.04744,0.00969,0.18760,0.01383,0.01445
0.03360,0.02716,0.02132,0.02884,0.00662,0.01648,0.01837,0.01693,0.01668,0.00970,0.02109,0.28307,0.01153,0.06184,0.02312,0.01009,0.01145,0.36965,0.00307,0.00938
0.01116,0.03577,0.04864,0.02136,0.02944,0.02559,0.01936,0.00962,0.01877,0.02122,0.06649,0.25568,0.04710,0.01034,0.01177,0.01785,0.00477,0.29743,0.01543,0.03222
0.01087,0.09991,0.03993,0.06855,0.03626,0.04787,0.01511,0.02726,0.04538,0.03948,0.03223,0.20510,0.01964,0.01147,0.00877,0.00899,0.02486,0.23312,0.00703,0.01817
0.01288,0.16652,0.20116,0.16034,0.01800,0.00733,0.04355,0.02355,0.20374,0.01377,0.01629,0.01559,0.02731,0.01445,0.02320,0.01228,0.01135,0.01386,0.00863,0.00621
0.02544,0.14024,0.03818,0.22090,0.02011,0.03742,0.01119,0.17359,0.03460,0.08200,0.00898,0.06375,0.01882,0.02563,0.01105,0.01067,0.00667,0.05890,0.00270,0.00915
0.01489,0.02357,0.03593,0.05693,0.01328,0.02224,0.01623,0.01727,0.01704,0.02857,0.05913,0.27626,0.02199,0.00576,0.02066,0.01126,0.03196,0.30238,0.01618,0.00849
0.00418,0.21578,0.08828,0.02451,0.00803,0.16102,0.05950,0.04709,0.01016,0.01873,0.02190,0.05846,0.04360,0.02404,0.06600,0.02563,0.00503,0.06355,0.00700,0.04751
0.01367,0.02474,0.07000,0.28833,0.00774,0.01162,0.02510,0.29758,0.02902,0.01140,0.01544,0.05269,0.02944,0.01017,0.02487,0.01156,0.01070,0.04475,0.01009,0.01108
0.03796,0.05929,0.05873,0.03810,0.03154,0.03327,0.02044,0.03224,0.03642,0.02896,0.12967,0.10806,0.13004,0.02534,0.01621,0.03690,0.02373,0.12804,0.00969,0.01538
0.02432,0.04691,0.06057,0.06700,0.06817,0.02987,0.05328,0.03427,0.02894,0.01612,0.01788,0.15479,0.01600,0.00854,0.03073,0.03358,0.03153,0.19234,0.07207,0.01308
0.03508,0.04710,0.07768,0.02683,0.02519,0.02692,0.02140,0.02965,0.02878,0.01989,0.03387,0.22483,0.02646,0.01954,0.02845,0.01991,0.01538,0.26544,0.00892,0.01869
0.10069,0.01221,0.04203,0.04546,0.01363,0.01128,0.02155,0.03030,0.10256,0.01248,0.22583,0.03741,0.21932,0.02311,0.00948,0.01938,0.00757,0.04723,0.00950,0.00898
0.02136,0.02105,0.01603,0.01401,0.00874,0.01940,0.01003,0.01478,0.01308,0.01182,0.02420,0.18990,0.08018,0.09309,0.08014,0.05278,0.01531,0.24834,0.02498,0.04077
0.01819,0.02689,0.01876,0.05066,0.01363,0.01620,0.05996,0.02466,0.01055,0.01396,0.09864,0.21415,0.08408,0.01444,0.02230,0.00983,0.02406,0.25529,0.00744,0.01631
0.00960,0.02142,0.06352,0.25679,0.00622,0.00639,0.03376,0.24577,0.01463,0.00526,0.03382,0.07842,0.03255,0.00908,0.02588,0.01720,0.01306,0.10641,0.00641,0.01381
0.06208,0.10083,0.07634,0.09727,0.02017,0.03099,0.01833,0.08727,0.02673,0.01568,0.05777,0.12040,0.02313,0.02625,0.01462,0.01621,0.02691,0.15687,0.01814,0.00402
0.01807,0.02965,0.04992,0.03859,0.01430,0.01480,0.07244,0.01182,0.03663,0.01477,0.07918,0.21930,0.02702,0.01787,0.05409,0.01284,0.02099,0.24733,0.00969,0.01068
0.01235,0.09938,0.02774,0.08814,0.00858,0.00891,0.00938,0.01812,0.00975,0.04159,0.04378,0.04500,0.07501,0.21793,0.01962,0.16718,0.00664,0.07005,0.00814,0.02270
0.00915,0.24966,0.03074,0.04721,0.01671,0.19930,0.02620,0.03075,0.01897,0.01915,0.02816,0.09663,0.02166,0.02464,0.01427,0.01059,0.01686,0.11997,0.01026,0.00914
0.02352,0.02321,0.06944,0.08228,0.01198,0.01014,0.01005,0.01498,0.00993,0.01178,0.28397,0.03354,0.30276,0.00771,0.01560,0.01705,0.00877,0.04118,0.00875,0.01337
0.05088,0.12274,0.04266,0.03418,0.02380,0.01561,0.02337,0.03584,0.01290,0.00903,0.00961,0.20946,0.04174,0.02672,0.04078,0.01435,0.01646,0.25402,0.00581,0.01003
0.02494,0.35742,0.02301,0.35983,0.01481,0.01417,0.01102,0.03457,0.00681,0.01831,0.00760,0.02924,0.01674,0.00673,0.01135,0.00919,0.00865,0.03400,0.00372,0.00790
0.05849,0.07789,0.08098,0.07946,0.00843,0.03114,0.08761,0.05855,0.05485,0.04639,0.10280,0.03255,0.11614,0.02290,0.02153,0.01133,0.01791,0.03647,0.02668,0.02792
0.01246,0.05871,0.02020,0.06600,0.01170,0.03154,0.28107,0.01797,0.01267,0.31057,0.01973,0.03652,0.02251,0.01509,0.01369,0.00742,0.01528,0.03037,0.00447,0.01204
0.00773,0.01056,0.40020,0.01497,0.00494,0.01784,0.01063,0.01016,0.00888,0.00854,0.01122,0.41743,0.01605,0.00804,0.01120,0.00888,0.00865,0.01598,0.00316,0.00494
0.02321,0.07920,0.07556,0.02128,0.03405,0.02075,0.03980,0.03503,0.01230,0.01643,0.00949,0.20538,0.04108,0.02697,0.01061,0.01367,0.01399,0.27598,0.02857,0.01665
0.02697,0.07232,0.22657,0.18674,0.00885,0.03460,0.03956,0.04677,0.02343,0.02727,0.02498,0.03693,0.04872,0.05667,0.01914,0.02308,0.01073,0.04822,0.01822,0.02023
0.00903,0.03889,0.02038,0.02964,0.01110,0.01461,0.00543,0.01477,0.00818,0.01333,0.04938,0.26975,0.04012,0.03423,0.03288,0.03598,0.01852,0.32737,0.01473,0.01168
0.02637,0.01981,0.02406,0.02973,0.01017,0.02438,0.24094,0.02034,0.24879,0.02083,0.01562,0.10346,0.01167,0.01356,0.01389,0.02170,0.00953,0.12752,0.00737,0.01026
0.03557,0.02876,0.03600,0.03508,0.01835,0.01488,0.01184,0.06076,0.03273,0.01288,0.02332,0.21834,0.01923,0.07083,0.02854,0.03173,0.02598,0.26715,0.01130,0.01675
0.01700,0.04753,0.06611,0.06937,0.02405,0.04114,0.05264,0.03301,0.02952,0.03280,0.10165,0.07692,0.16213,0.01616,0.04887,0.02285,0.01656,0.10807,0.01307,0.02055
0.01335,0.02523,0.02250,0.27981,0.01032,0.00721,0.01557,0.26764,0.01577,0.00712,0.03268,0.08312,0.04578,0.00882,0.04921,0.01663,0.02124,0.05374,0.01369,0.01057
0.03161,0.02406,0.04414,0.15195,0.00257,0.02671,0.01869,0.16423,0.02559,0.02516,0.05959,0.05945,0.11063,0.02596,0.06711,0.02295,0.01333,0.09591,0.01276,0.01759
0.01254,0.03422,0.20361,0.03108,0.01978,0.03454,0.18642,0.04225,0.04562,0.02298,0.04047,0.09606,0.04736,0.02189,0.01271,0.01442,0.01366,0.09144,0.00642,0.02254
0.01121,0.02141,0.04255,0.02956,0.01024,0.03673,0.03434,0.03491,0.03337,0.01363,0.01531,0.26256,0.03131,0.01668,0.04387,0.02348,0.00660,0.30875,0.00566,0.01783
0.02918,0.17938,0.03763,0.20404,0.01475,0.02041,0.03000,0.01406,0.05776,0.02374,0.01693,0.10780,0.03612,0.01765,0.01952,0.02651,0.01534,0.12991,0.00482,0.01446
0.03282,0.01861,0.09634,0.16823,0.01532,0.01048,0.02355,0.01744,0.01868,0.02502,0.17038,0.02747,0.20482,0.01746,0.04876,0.02025,0.02006,0.03993,0.01117,0.01321
0.03233,0.04044,0.07870,0.02917,0.03196,0.02160,0.00918,0.01043,0.02108,0.01499,0.02135,0.18469,0.07150,0.02519,0.06561,0.03205,0.02653,0.24786,0.01380,0.02155
0.00643,0.02416,0.05348,0.03850,0.00528,0.00698,0.01687,0.03024,0.02383,0.01760,0.00777,0.25140,0.06163,0.00974,0.03458,0.05203,0.01181,0.32213,0.00420,0.02135
0.02176,0.02702,0.04562,0.03332,0.02667,0.02106,0.02132,0.02086,0.02713,0.02401,0.02843,0.22755,0.02429,0.02819,0.05469,0.02652,0.03106,0.27729,0.01766,0.01556
0.03764,0.02420,0.00865,0.02932,0.00816,0.02336,0.01603,0.02716,0.05130,0.01038,0.06786,0.24942,0.02198,0.01422,0.04615,0.01291,0.02322,0.29888,0.00776,0.02137
0.04517,0.05161,0.02837,0.05131,0.03320,0.03803,0.07864,0.02498,0.02393,0.07289,0.03813,0.12392,0.05489,0.02088,0.07095,0.01563,0.02094,0.15450,0.01852,0.03352
0.01632,0.36896,0.01097,0.04521,0.00785,0.32611,0.01467,0.01039,0.01641,0.00827,0.01441,0.01999,0.05167,0.00681,0.03968,0.00721,0.00856,0.01278,0.00751,0.00622
0.00373,0.03048,0.03522,0.01717,0.02371,0.08500,0.03372,0.02584,0.01383,0.01096,0.04057,0.22068,0.02902,0.04828,0.01531,0.03527,0.03249,0.25882,0.01133,0.02857
0.04509,0.02796,0.10105,0.05046,0.00623,0.04013,0.02568,0.01864,0.02892,0.02227,0.01477,0.19495,0.05224,0.02187,0.02362,0.00695,0.01164,0.28405,0.00811,0.01538
0.01839,0.02066,0.04513,0.01967,0.01699,0.03540,0.01081,0.00502,0.01232,0.02195,0.08396,0.20213,0.08141,0.03978,0.03810,0.02118,0.05103,0.24241,0.00604,0.02761
0.01424,0.10493,0.08588,0.02409,0.02032,0.04663,0.05120,0.10367,0.04914,0.02105,0.04342,0.12838,0.01173,0.01768,0.01872,0.02286,0.02056,0.17053,0.03519,0.00977
0.03289,0.04636,0.14852,0.13136,0.00407,0.02489,0.04905,0.05086,0.02131,0.02915,0.01975,0.12712,0.04006,0.04650,0.02326,0.02456,0.01091,0.14541,0.00813,0.01582
0.01895,0.11855,0.02118,0.01791,0.03044,0.01680,0.01187,0.01454,0.02958,0.00818,0.02381,0.17113,0.06455,0.06405,0.07681,0.02836,0.01499,0.22277,0.00788,0.03764
0.02738,0.09977,0.06518,0.04573,0.03295,0.08157,0.02973,0.07224,0.05002,0.05228,0.05887,0.10103,0.02722,0.01955,0.02492,0.02885,0.01288,0.10893,0.02673,0.03419
0.00982,0.01256,0.05947,0.02111,0.01523,0.01432,0.31035,0.00737,0.03151,0.33335,0.02797,0.01587,0.03513,0.01372,0.01617,0.00662,0.03545,0.01475,0.00449,0.01472
0.01742,0.01838,0.21334,0.07371,0.01358,0.03148,0.16738,0.01541,0.03905,0.03566,0.01210,0.10828,0.02126,0.01196,0.02920,0.01230,0.01480,0.13570,0.01606,0.01294
0.03181,0.03869,0.02321,0.25070,0.01806,0.01633,0.01639,0.25628,0.01261,0.03311,0.02628,0.07025,0.01569,0.02432,0.01913,0.01580,0.02306,0.07458,0.02004,0.01367
0.04543,0.03038,0.03033,0.04442,0.01889,0.03070,0.03515,0.03418,0.02169,0.01856,0.09714,0.18685,0.07749,0.01838,0.01501,0.01945,0.01614,0.23035,0.01718,0.01226
0.03318,0.11290,0.01855,0.06867,0.01967,0.03804,0.02625,0.02220,0.00996,0.01014,0.01285,0.18324,0.08995,0.01513,0.02364,0.02630,0.01288,0.24734,0.00486,0.02425
0.03795,0.05968,0.03525,0.20082,0.03987,0.02104,0.04228,0.17096,0.01734,0.01693,0.01141,0.09968,0.02747,0.01795,0.02130,0.01605,0.01064,0.12993,0.00545,0.01799
0.01806,0.02361,0.05808,0.04579,0.01396,0.01882,0.03241,0.02557,0.03743,0.01189,0.03029,0.23417,0.02353,0.02810,0.03387,0.02030,0.03060,0.29147,0.00988,0.01217
0.03380,0.04560,0.16601,0.20533,0.03135,0.02255,0.02167,0.01056,0.02117,0.01922,0.02465,0.12737,0.01937,0.01495,0.03086,0.01940,0.01362,0.13714,0.02592,0.00946
0.01223,0.03223,0.15838,0.10879,0.01187,0.04744,0.03525,0.01337,0.01720,0.01118,0.01380,0.17652,0.01403,0.02692,0.06443,0.01122,0.00967,0.21469,0.01553,0.00525
0.01204,0.02718,0.37680,0.02103,0.00623,0.00622,0.01012,0.01272,0.38486,0.00930,0.00832,0.03347,0.01492,0.01074,0.01400,0.00458,0.00806,0.03157,0.00417,0.00366
0.03081,0.03819,0.09900,0.08649,0.01014,0.02540,0.01612,0.02414,0.01142,0.01615,0.14919,0.08862,0.19002,0.01917,0.02170,0.02020,0.01607,0.10415,0.02114,0.01187
0.02254,0.07387,0.14027,0.08549,0.01906,0.02278,0.09130,0.07805,0.03064,0.02469,0.05795,0.09511,0.03178,0.03313,0.01650,0.01284,0.01617,0.10869,0.01795,0.02120
0.04255,0.02690,0.03860,0.04990,0.03540,0.02158,0.03096,0.01346,0.05453,0.01413,0.04862,0.15702,0.09078,0.03258,0.03774,0.03483,0.03046,0.17186,0.01397,0.05414
0.01675,0.04781,0.07131,0.02470,0.02522,0.00894,0.04433,0.02275,0.03255,0.02303,0.01798,0.26161,0.02326,0.01721,0.02504,0.01329,0.01238,0.28874,0.01282,0.01027
0.01174,0.03546,0.18712,0.16453,0.03053,0.01868,0.04782,0.01825,0.03869,0.04453,0.01064,0.13436,0.00918,0.01364,0.00742,0.01697,0.02990,0.11057,0.04993,0.02004
0.02128,0.02727,0.09898,0.12669,0.02737,0.01933,0.01915,0.04434,0.01335,0.03474,0.01421,0.15179,0.06422,0.01254,0.05652,0.02536,0.01685,0.18756,0.01190,0.02658
0.00740,0.06815,0.01296,0.02129,0.00614,0.01117,0.02423,0.02220,0.01349,0.01339,0.08355,0.21101,0.07806,0.04300,0.01779,0.02439,0.03155,0.26652,0.02197,0.02176
0.02374,0.01434,0.03447,0.02179,0.02119,0.03234,0.01355,0.01615,0.02081,0.01013,0.11510,0.18681,0.07029,0.02495,0.06070,0.02000,0.03740,0.22467,0.03200,0.01956
0.01969,0.41966,0.01446,0.41399,0.00594,0.00675,0.00379,0.00788,0.00217,0.00788,0.00790,0.01709,0.01386,0.00308,0.01128,0.00531,0.00322,0.02492,0.00400,0.00713
0.02852,0.02223,0.05870,0.03197,0.02701,0.02717,0.05014,0.01977,0.02136,0.01976,0.09559,0.11176,0.08310,0.01492,0.20357,0.01820,0.02965,0.12136,0.00597,0.00925
0.00650,0.01102,0.03905,0.02583,0.00676,0.01135,0.31069,0.00797,0.01761,0.31895,0.07977,0.02117,0.06953,0.00888,0.01370,0.01014,0.00745,0.02007,0.00600,0.00755
0.01450,0.12738,0.02787,0.08043,0.01209,0.01302,0.01677,0.15622,0.01671,0.04411,0.02152,0.14488,0.01957,0.01561,0.01330,0.02200,0.04079,0.18144,0.01254,0.01925
0.01322,0.21982,0.10419,0.15201,0.01897,0.12655,0.04669,0.03785,0.01672,0.02231,0.03181,0.04188,0.03216,0.02290,0.01953,0.01310,0.01209,0.04055,0.00636,0.02129
0.02443,0.03672,0.04136,0.02687,0.06781,0.01382,0.02093,0.01060,0.01007,0.01281,0.21007,0.06542,0.27391,0.00528,0.03331,0.02321,0.02297,0.07037,0.00695,0.02309
0.01236,0.02886,0.02321,0.02905,0.00691,0.01597,0.00926,0.00992,0.01600,0.01399,0.03982,0.23906,0.04976,0.07626,0.03929,0.03057,0.01955,0.29992,0.02498,0.01527
0.01845,0.01539,0.10093,0.03943,0.01081,0.01022,0.11410,0.03047,0.02484,0.00848,0.02704,0.20116,0.00649,0.04166,0.02921,0.02405,0.01914,0.25467,0.01103,0.01242
0.01929,0.04867,0.07859,0.24951,0.01131,0.01300,0.06788,0.23669,0.02097,0.02125,0.00952,0.06303,0.01415,0.02356,0.01620,0.01825,0.00920,0.05338,0.00982,0.01572
0.02959,0.03226,0.02031,0.02462,0.02630,0.01980,0.02399,0.05041,0.04388,0.02645,0.04173,0.22578,0.03962,0.02102,0.05413,0.02454,0.01007,0.26553,0.01336,0.00662
0.01732,0.04188,0.20676,0.17239,0.02684,0.04599,0.13911,0.04308,0.03970,0.03077,0.03644,0.03678,0.02892,0.02152,0.01371,0.01540,0.01377,0.04369,0.01308,0.01286
0.02666,0.04026,0.06125,0.03804,0.01585,0.01064,0.12639,0.00702,0.02020,0.12666,0.03959,0.13880,0.03365,0.02953,0.02307,0.02278,0.05580,0.16515,0.00833,0.01033
0.01729,0.24060,0.05598,0.14352,0.01435,0.11152,0.03745,0.02558,0.01581,0.01572,0.02834,0.07815,0.02174,0.02401,0.01521,0.00289,0.02008,0.09720,0.00964,0.02492
0.03843,0.07290,0.05715,0.12271,0.01039,0.02549,0.02783,0.04632,0.02141,0.02643,0.10005,0.08037,0.10243,0.03332,0.03445,0.00521,0.02772,0.12206,0.01212,0.03321
0.00722,0.31351,0.03064,0.08362,0.00973,0.01078,0.01411,0.36647,0.00876,0.01982,0.01579,0.01511,0.02192,0.00835,0.02089,0.01944,0.00370,0.01557,0.00872,0.00583
0.02057,0.03526,0.05692,0.06253,0.01568,0.02663,0.01775,0.06302,0.02560,0.02657,0.02221,0.22882,0.01921,0.04937,0.02986,0.01812,0.01636,0.24816,0.00683,0.01052
0.01732,0.01842,0.30891,0.29365,0.01106,0.01557,0.01922,0.03202,0.02101,0.01278,0.02582,0.06660,0.02785,0.00855,0.01245,0.01813,0.00586,0.06783,0.00682,0.01011
0.02726,0.03068,0.19983,0.16376,0.01656,0.00856,0.01761,0.01481,0.02349,0.04219,0.01118,0.12952,0.01234,0.03507,0.02405,0.04152,0.03787,0.14355,0.00492,0.01525
0.01813,0.06945,0.02747,0.09232,0.01631,0.01492,0.05620,0.03770,0.01107,0.01908,0.06264,0.22026,0.03912,0.01128,0.02161,0.01468,0.01725,0.22868,0.00469,0.01714
0.01022,0.02646,0.05053,0.03569,0.01532,0.02229,0.03134,0.03078,0.01622,0.01543,0.05616,0.23442,0.02353,0.01963,0.03700,0.03681,0.04851,0.26904,0.01067,0.00997
0.02055,0.02677,0.03104,0.03917,0.04552,0.00976,0.02841,0.01217,0.00525,0.01030,0.04781,0.16834,0.17176,0.01416,0.01808,0.00374,0.01095,0.19690,0.01361,0.12566
0.01100,0.01965,0.20055,0.18920,0.00706,0.01749,0.03732,0.01495,0.03317,0.01408,0.04697,0.13032,0.01950,0.01134,0.01585,0.02312,0.04273,0.15181,0.00444,0.00945
0.01976,0.02235,0.04247,0.03584,0.01729,0.01125,0.02960,0.04927,0.04679,0.03844,0.09704,0.21123,0.00822,0.01172,0.03337,0.02346,0.02415,0.25412,0.00913,0.01451
0.00400,0.30169,0.03542,0.13546,0.01503,0.20305,0.02281,0.01963,0.00606,0.01418,0.02601,0.03507,0.02649,0.04367,0.01433,0.01394,0.01832,0.03983,0.00788,0.01713
0.02829,0.03380,0.03540,0.25432,0.04454,0.04355,0.01919,0.25468,0.05784,0.01912,0.03104,0.03374,0.02722,0.01649,0.01000,0.00769,0.02233,0.02858,0.02206,0.01010
0.01237,0.01832,0.24116,0.01852,0.01568,0.01000,0.23818,0.01401,0.01132,0.01677,0.02542,0.10768,0.01330,0.01699,0.01485,0.01774,0.03707,0.12854,0.03060,0.01150
0.30625,0.01925,0.03343,0.05623,0.02538,0.01211,0.01619,0.01986,0.32486,0.01137,0.01276,0.03179,0.01690,0.00900,0.01751,0.02372,0.01609,0.02973,0.01065,0.00690
0.01065,0.12684,0.04183,0.06244,0.00644,0.02345,0.04777,0.13828,0.01932,0.06453,0.00964,0.14431,0.02600,0.01031,0.02076,0.02765,0.02346,0.16749,0.01081,0.01804
0.05731,0.10685,0.15491,0.17022,0.01576,0.02035,0.02296,0.02786,0.02888,0.01128,0.02013,0.12559,0.01617,0.01050,0.01248,0.01019,0.00823,0.15318,0.00413,0.02302
0.01722,0.06518,0.05000,0.09792,0.02126,0.02058,0.01508,0.03042,0.01318,0.02592,0.03764,0.20489,0.02578,0.03607,0.02601,0.02033,0.01325,0.25491,0.01117,0.01319
0.03508,0.08325,0.32193,0.36817,0.00787,0.01515,0.00643,0.01779,0.01266,0.00874,0.02101,0.01357,0.01976,0.00420,0.01412,0.01153,0.01716,0.01079,0.00588,0.00492
0.02528,0.11935,0.05270,0.10529,0.01543,0.03123,0.03104,0.00924,0.02084,0.01891,0.01560,0.16780,0.03566,0.02239,0.02509,0.04422,0.01766,0.21504,0.01403,0.01317
0.02516,0.12615,0.02105,0.13279,0.01892,0.02112,0.04458,0.03206,0.01327,0.04468,0.02147,0.14432,0.02684,0.02073,0.06774,0.02442,0.02385,0.16102,0.01310,0.01674
0.00490,0.41609,0.02018,0.01415,0.00601,0.00806,0.00636,0.44119,0.00639,0.00285,0.00862,0.00788,0.00658,0.00536,0.00829,0.00615,0.00852,0.00961,0.00436,0.00846
0.02570,0.05882,0.03305,0.11408,0.00494,0.05188,0.01603,0.07594,0.01796,0.01346,0.07926,0.15480,0.07400,0.01046,0.00818,0.02141,0.02003,0.18779,0.02042,0.01178
0.07857,0.01690,0.04106,0.07724,0.02919,0.01647,0.01139,0.04715,0.07254,0.02438,0.06202,0.18538,0.00771,0.01755,0.01687,0.01539,0.01512,0.22774,0.02936,0.00797
0.01678,0.02287,0.03924,0.02190,0.00867,0.01677,0.02452,0.02172,0.00779,0.02188,0.13362,0.16057,0.13029,0.03040,0.06074,0.02110,0.01748,0.20618,0.02040,0.01711
