0.01558,0.03386,0.01314,0.01004,0.23876,0.03726,0.14120,0.01067,0.14932,0.08148,0.03112,0.07312,0.02948,0.04472,0.02095,0.00403,0.01698,0.00638,0.03818,0.00372
0.01871,0.11496,0.01536,0.03981,0.03888,0.02642,0.01992,0.17715,0.02222,0.36392,0.02970,0.01816,0.02430,0.00352,0.03600,0.01833,0.01066,0.01064,0.00591,0.00544
0.06563,0.00977,0.03249,0.09235,0.01511,0.03024,0.02488,0.01513,0.03728,0.02095,0.01336,0.40784,0.02632,0.00972,0.01185,0.13980,0.00246,0.03698,0.00357,0.00426
0.01314,0.01471,0.01408,0.00972,0.02524,0.02525,0.04231,0.01504,0.08246,0.02379,0.12545,0.16559,0.22064,0.01245,0.01276,0.14800,0.00756,0.01948,0.00544,0.01691
0.01607,0.01475,0.04354,0.01974,0.02665,0.03666,0.01516,0.25646,0.03317,0.20172,0.01913,0.18014,0.02210,0.00662,0.04102,0.01617,0.00813,0.01737,0.00504,0.02035
0.01821,0.01621,0.02207,0.01363,0.01932,0.01655,0.02489,0.35669,0.05614,0.00666,0.01479,0.25386,0.01758,0.11097,0.01511,0.01045,0.00450,0.00869,0.00657,0.00710
0.37073,0.04266,0.04114,0.02236,0.02688,0.05316,0.01264,0.00895,0.10142,0.02328,0.01295,0.05903,0.08236,0.01093,0.01090,0.00962,0.05626,0.02115,0.01698,0.01661
0.04129,0.01536,0.01233,0.01055,0.22612,0.14317,0.08252,0.00633,0.01802,0.01181,0.04242,0.27425,0.05889,0.01205,0.02182,0.00857,0.00342,0.00502,0.00325,0.00281
0.07290,0.02766,0.11494,0.00822,0.02102,0.06654,0.01308,0.01063,0.02901,0.03109,0.18271,0.06822,0.05726,0.01138,0.03562,0.18931,0.02395,0.01037,0.01922,0.00686
0.03745,0.04324,0.12239,0.01997,0.27311,0.10099,0.19182,0.00692,0.01723,0.01457,0.01995,0.01352,0.06529,0.00890,0.00685,0.02170,0.00568,0.00446,0.02122,0.00477
0.01623,0.03731,0.03598,0.14974,0.02964,0.14020,0.01749,0.00982,0.02332,0.06829,0.02561,0.06184,0.25432,0.03831,0.02654,0.01407,0.00817,0.02251,0.00798,0.01261
0.16386,0.01837,0.01536,0.02277,0.01508,0.08838,0.01186,0.01449,0.01599,0.03073,0.05307,0.02069,0.02574,0.01466,0.04396,0.00786,0.31343,0.01617,0.03360,0.07395
0.01605,0.01207,0.02240,0.00640,0.01407,0.03038,0.01521,0.00922,0.05771,0.01013,0.35932,0.08284,0.02057,0.01971,0.00507,0.25702,0.00326,0.03529,0.00270,0.02058
0.04644,0.02281,0.04447,0.01282,0.01939,0.15662,0.02527,0.00502,0.03479,0.00926,0.21912,0.27347,0.05312,0.01119,0.00819,0.00755,0.00563,0.02022,0.00402,0.02062
0.03590,0.01093,0.04796,0.01702,0.01576,0.06846,0.01267,0.02717,0.05681,0.03583,0.06144,0.16170,0.19500,0.00747,0.00916,0.20548,0.00568,0.00826,0.00671,0.01059
0.04548,0.06347,0.02172,0.01907,0.01328,0.05972,0.00759,0.22812,0.10800,0.16922,0.02249,0.11041,0.03995,0.00421,0.01481,0.01257,0.01402,0.03385,0.00391,0.00811
0.05217,0.02932,0.00844,0.02841,0.02676,0.10655,0.04593,0.03161,0.03144,0.29940,0.08797,0.05476,0.10455,0.00931,0.00997,0.01555,0.00599,0.04165,0.00751,0.00272
0.03090,0.04636,0.22542,0.01245,0.29804,0.01603,0.02662,0.01514,0.05873,0.01855,0.01551,0.01250,0.01168,0.02868,0.00603,0.00593,0.01414,0.13499,0.01463,0.00767
0.03944,0.01722,0.00931,0.00755,0.00483,0.07700,0.26101,0.02745,0.01635,0.03790,0.08119,0.16340,0.02185,0.01102,0.02835,0.00613,0.00674,0.15106,0.02656,0.00564
0.19244,0.02430,0.04664,0.00972,0.02056,0.14221,0.02617,0.01309,0.00912,0.01526,0.01084,0.00889,0.01583,0.00744,0.01200,0.00675,0.39455,0.02577,0.01118,0.00724
0.00974,0.14005,0.02903,0.03387,0.37084,0.05711,0.12179,0.03741,0.00768,0.03057,0.01135,0.01957,0.01436,0.05492,0.00890,0.02754,0.00693,0.00548,0.00930,0.00358
0.01021,0.01295,0.03753,0.24958,0.05334,0.11378,0.01231,0.00316,0.01294,0.02260,0.01649,0.02623,0.34854,0.01422,0.01360,0.00245,0.00878,0.00283,0.01201,0.02644
0.05148,0.03509,0.03146,0.02224,0.06368,0.27617,0.04781,0.01488,0.03204,0.06582,0.09956,0.08516,0.03314,0.06085,0.02653,0.00631,0.01532,0.01720,0.00703,0.00824
0.10880,0.06796,0.29971,0.04993,0.04120,0.18192,0.02073,0.00908,0.00952,0.02031,0.01466,0.01635,0.01915,0.01112,0.01828,0.04349,0.01263,0.01954,0.01411,0.02150
0.06907,0.08721,0.13278,0.15719,0.01182,0.12078,0.02154,0.00580,0.00877,0.00933,0.01066,0.05198,0.20363,0.03823,0.01505,0.00483,0.01695,0.01237,0.01645,0.00558
0.01945,0.05124,0.05681,0.03543,0.08854,0.28595,0.21413,0.00552,0.01521,0.03734,0.03485,0.02027,0.04901,0.01484,0.01688,0.00767,0.01826,0.00721,0.01329,0.00812
0.01182,0.21900,0.05755,0.23716,0.02360,0.06919,0.01079,0.03215,0.00998,0.02804,0.00846,0.00786,0.00808,0.01095,0.01619,0.18382,0.00768,0.04964,0.00248,0.00556
0.02095,0.01887,0.01835,0.00793,0.01976,0.11184,0.22306,0.06249,0.00753,0.01587,0.01969,0.01182,0.01349,0.00838,0.01483,0.00419,0.00550,0.34739,0.00294,0.06512
0.17548,0.03877,0.01493,0.01627,0.02144,0.06249,0.02541,0.02581,0.00928,0.02900,0.03161,0.01379,0.01534,0.01008,0.03941,0.00576,0.31527,0.13750,0.00422,0.00815
0.03557,0.14683,0.05411,0.11237,0.04614,0.01558,0.05070,0.00847,0.04786,0.02676,0.02199,0.05392,0.17409,0.02032,0.02133,0.01075,0.00686,0.05614,0.01322,0.07701
0.11697,0.01075,0.01884,0.01974,0.00721,0.08218,0.02546,0.02824,0.03147,0.03078,0.21398,0.11415,0.21991,0.01310,0.00749,0.02634,0.00679,0.01506,0.00304,0.00849
0.03577,0.01616,0.09785,0.01414,0.01022,0.14142,0.01334,0.00731,0.04340,0.01535,0.30935,0.05835,0.08632,0.01478,0.01989,0.06420,0.00996,0.01557,0.01011,0.01651
0.02088,0.04803,0.04677,0.18018,0.02081,0.05424,0.00858,0.00981,0.01521,0.03416,0.00883,0.03076,0.38541,0.03703,0.05873,0.00268,0.01334,0.00735,0.01426,0.00293
0.01954,0.01738,0.02395,0.01035,0.02851,0.01471,0.07251,0.23485,0.12075,0.00543,0.02560,0.09019,0.00850,0.25048,0.01576,0.01766,0.00862,0.00904,0.00575,0.02041
0.01486,0.06889,0.01685,0.02785,0.41207,0.06075,0.20227,0.00600,0.01067,0.02543,0.02534,0.02440,0.01325,0.02409,0.00875,0.03176,0.00696,0.00454,0.01185,0.00342
0.22666,0.02555,0.03499,0.02173,0.05530,0.03772,0.04119,0.01354,0.01838,0.06674,0.01289,0.06773,0.01094,0.05305,0.07822,0.00773,0.12051,0.03042,0.06632,0.01039
0.07405,0.03731,0.04571,0.02261,0.03254,0.03643,0.02934,0.02589,0.02180,0.08539,0.01544,0.07470,0.01992,0.02914,0.14850,0.21630,0.00435,0.06758,0.00821,0.00476
0.01107,0.02448,0.01641,0.00547,0.00670,0.21734,0.09832,0.00670,0.01246,0.01226,0.04066,0.00740,0.01982,0.00470,0.00729,0.00574,0.02072,0.45965,0.01036,0.01247
0.04787,0.01774,0.01401,0.01901,0.00920,0.05902,0.13522,0.01677,0.02694,0.03732,0.03905,0.03996,0.02536,0.00792,0.02359,0.04206,0.00651,0.41339,0.00998,0.00907
0.09440,0.01335,0.01129,0.00913,0.30392,0.02891,0.14010,0.00436,0.01706,0.01321,0.02747,0.16473,0.07792,0.03625,0.01058,0.01007,0.00542,0.00426,0.02400,0.00358
0.09865,0.00678,0.06074,0.01413,0.03744,0.03911,0.01954,0.01147,0.50140,0.08302,0.01203,0.04984,0.00964,0.00838,0.01550,0.00428,0.00714,0.00310,0.00295,0.01486
0.42919,0.03877,0.02623,0.00864,0.01425,0.02464,0.03509,0.01262,0.01489,0.01644,0.02709,0.02060,0.01181,0.05895,0.01223,0.00646,0.18451,0.02214,0.02588,0.00955
0.04540,0.02998,0.03298,0.00583,0.01011,0.10105,0.01796,0.00502,0.14524,0.00789,0.05849,0.10204,0.33420,0.01030,0.01269,0.02356,0.00826,0.03442,0.00591,0.00865
0.00874,0.06957,0.00887,0.05527,0.12855,0.01552,0.05447,0.10249,0.02280,0.21211,0.05668,0.01074,0.02702,0.00194,0.12893,0.01383,0.00817,0.05174,0.00465,0.01792
0.01924,0.04589,0.00926,0.00738,0.01316,0.24276,0.10509,0.00953,0.01209,0.06472,0.09338,0.01884,0.00527,0.03424,0.02109,0.00355,0.03220,0.24152,0.00637,0.01441
0.02774,0.01468,0.03240,0.01077,0.34305,0.04365,0.18922,0.00752,0.01206,0.05127,0.01130,0.02683,0.01154,0.10164,0.00697,0.00522,0.01083,0.00492,0.08512,0.00328
0.00460,0.08575,0.05487,0.22356,0.01910,0.03583,0.01149,0.00289,0.00919,0.00476,0.01422,0.00615,0.47408,0.02011,0.00613,0.00304,0.00809,0.00301,0.00306,0.01006
0.01151,0.35663,0.02442,0.24435,0.01058,0.03801,0.05278,0.00750,0.00814,0.02139,0.01340,0.01530,0.01013,0.01154,0.09083,0.03101,0.00681,0.03112,0.01008,0.00447
0.01351,0.07291,0.51949,0.02849,0.01741,0.01947,0.02766,0.00817,0.01670,0.04001,0.00851,0.05569,0.01595,0.01430,0.03548,0.03881,0.00889,0.00812,0.00911,0.04132
0.08452,0.02964,0.00935,0.01791,0.12044,0.11676,0.04044,0.01385,0.02632,0.06738,0.16080,0.10544,0.09555,0.05505,0.00800,0.00445,0.02146,0.00349,0.00767,0.01146
0.03861,0.11913,0.01462,0.00802,0.01020,0.12100,0.19319,0.01816,0.01033,0.05565,0.01469,0.01117,0.00489,0.03028,0.01182,0.00543,0.00786,0.18147,0.01324,0.13024
0.04418,0.03876,0.03826,0.08264,0.07693,0.08291,0.03958,0.05696,0.04326,0.02047,0.03694,0.02982,0.01688,0.05950,0.02739,0.10483,0.01023,0.11365,0.05750,0.01932
0.05595,0.02909,0.01704,0.09293,0.01685,0.10027,0.01430,0.00958,0.01453,0.04814,0.02232,0.06650,0.33700,0.04050,0.04916,0.00350,0.01864,0.00955,0.02282,0.03133
0.04777,0.07874,0.07474,0.02037,0.04784,0.11274,0.12336,0.00577,0.01440,0.11241,0.02554,0.01412,0.01863,0.10186,0.00928,0.03531,0.02092,0.00901,0.10872,0.01848
0.01350,0.08149,0.18465,0.19413,0.02360,0.08505,0.00921,0.00848,0.00724,0.03944,0.00692,0.01399,0.15408,0.03840,0.00864,0.00244,0.02610,0.00630,0.00590,0.09043
0.01704,0.01965,0.02889,0.01176,0.00988,0.01292,0.01935,0.15284,0.04188,0.01626,0.01236,0.23827,0.01722,0.11041,0.03195,0.00682,0.00752,0.03163,0.03428,0.17909
0.01920,0.01677,0.05988,0.01539,0.41815,0.04845,0.15787,0.00907,0.01853,0.04206,0.01113,0.01448,0.05842,0.07036,0.00738,0.00764,0.00968,0.00531,0.00726,0.00298
0.03770,0.02766,0.12267,0.02348,0.02883,0.05598,0.03956,0.01378,0.03727,0.07763,0.06757,0.09002,0.01239,0.05626,0.12814,0.01867,0.02279,0.03704,0.08192,0.02065
0.00388,0.02669,0.00642,0.01467,0.01059,0.01339,0.00563,0.27736,0.00377,0.58125,0.00522,0.00669,0.01277,0.00329,0.00613,0.00512,0.00419,0.00520,0.00190,0.00583
0.03446,0.03917,0.08892,0.03823,0.09717,0.05884,0.03138,0.00919,0.01064,0.01843,0.02797,0.01119,0.32097,0.00855,0.09937,0.01242,0.01094,0.04550,0.00634,0.03030
0.02108,0.03233,0.24609,0.00981,0.02030,0.00890,0.01693,0.02849,0.41813,0.05722,0.01116,0.01785,0.00649,0.00890,0.02103,0.00312,0.01357,0.01194,0.00549,0.04117
0.01110,0.02088,0.16138,0.01612,0.01263,0.01796,0.01157,0.01157,0.50195,0.02106,0.01131,0.05517,0.01175,0.00733,0.08791,0.00326,0.00639,0.00363,0.00421,0.02283
0.07809,0.04041,0.03252,0.01513,0.01074,0.04825,0.14224,0.01749,0.07713,0.01317,0.02547,0.10982,0.01036,0.02133,0.01544,0.00953,0.00494,0.30981,0.00531,0.01282
0.04320,0.02724,0.08311,0.15604,0.02720,0.13114,0.00934,0.00736,0.00892,0.06267,0.03367,0.01485,0.30507,0.01977,0.01417,0.00803,0.00985,0.00812,0.00928,0.02096
0.01674,0.01741,0.14040,0.02818,0.07034,0.01451,0.01654,0.01289,0.41941,0.02093,0.01540,0.09673,0.00940,0.01166,0.01288,0.00910,0.00852,0.01985,0.00488,0.05424
0.26453,0.07581,0.02490,0.04360,0.03254,0.02273,0.01967,0.01214,0.00853,0.01152,0.02526,0.01190,0.00868,0.00577,0.00854,0.00718,0.37302,0.01709,0.01653,0.01006
0.04416,0.13040,0.01634,0.06337,0.03191,0.05076,0.07728,0.00500,0.01461,0.01347,0.03084,0.09849,0.36454,0.01197,0.00875,0.00611,0.01383,0.01109,0.00330,0.00377
0.03746,0.02579,0.02390,0.01693,0.17385,0.07783,0.25503,0.00392,0.01746,0.15095,0.04604,0.03909,0.03070,0.01679,0.00583,0.04025,0.01821,0.00636,0.00781,0.00578
0.04572,0.01536,0.01584,0.00691,0.03127,0.02860,0.05402,0.28172,0.01493,0.00821,0.20147,0.02243,0.00894,0.18513,0.00716,0.00624,0.02283,0.01104,0.01317,0.01904
0.01849,0.01061,0.04165,0.02305,0.02539,0.33171,0.01305,0.00623,0.26572,0.04579,0.09336,0.03617,0.02158,0.02002,0.01303,0.01013,0.00956,0.00466,0.00491,0.00489
0.02207,0.03611,0.05815,0.03839,0.38091,0.02260,0.04244,0.01413,0.01882,0.01588,0.00819,0.07329,0.03838,0.04325,0.03922,0.00616,0.02993,0.00729,0.08284,0.02196
0.01769,0.04098,0.01510,0.01710,0.02090,0.02677,0.18285,0.03889,0.01615,0.02810,0.01682,0.02597,0.00903,0.00909,0.13078,0.00587,0.00701,0.18517,0.02347,0.18227
0.01383,0.01268,0.04421,0.19768,0.01447,0.01995,0.06673,0.02565,0.02815,0.14952,0.00691,0.01614,0.00813,0.02048,0.01525,0.25030,0.02337,0.05541,0.00963,0.02149
0.01921,0.01270,0.12468,0.00745,0.00881,0.03430,0.01979,0.00700,0.02141,0.01377,0.37482,0.03750,0.04919,0.00829,0.00542,0.23268,0.00618,0.00910,0.00308,0.00462
0.03062,0.01551,0.01119,0.01505,0.03922,0.01608,0.03501,0.04421,0.01191,0.01477,0.03162,0.02698,0.01886,0.02623,0.01095,0.01883,0.34279,0.18601,0.08026,0.02392
0.22403,0.17865,0.01186,0.01236,0.01989,0.04789,0.01762,0.00833,0.08717,0.02371,0.07360,0.15796,0.04522,0.01784,0.00973,0.00626,0.01656,0.02212,0.00332,0.01588
0.16062,0.08593,0.02121,0.02736,0.03777,0.07709,0.04753,0.01309,0.01274,0.17532,0.02727,0.04756,0.19925,0.01651,0.01724,0.00470,0.00866,0.00716,0.00708,0.00591
0.08268,0.01009,0.01450,0.00885,0.01983,0.07753,0.17678,0.02217,0.01269,0.05980,0.02306,0.11279,0.01413,0.02475,0.02426,0.00342,0.00740,0.28304,0.01713,0.00509
0.36916,0.03743,0.03854,0.02335,0.01638,0.05186,0.02017,0.00568,0.01112,0.15824,0.01973,0.04291,0.01590,0.00494,0.01340,0.01634,0.08701,0.04228,0.01778,0.00776
0.00952,0.03223,0.03753,0.20242,0.01530,0.02685,0.01021,0.17172,0.01702,0.02943,0.00751,0.00719,0.00661,0.02197,0.03066,0.27867,0.00797,0.02341,0.00483,0.05896
0.02662,0.02273,0.28716,0.01590,0.05245,0.01919,0.02126,0.00727,0.20570,0.01262,0.04346,0.11497,0.02087,0.00735,0.03899,0.01019,0.00303,0.07437,0.00397,0.01191
0.30643,0.02068,0.01745,0.06206,0.02423,0.00931,0.01803,0.01108,0.01120,0.01321,0.01583,0.01749,0.01424,0.00652,0.02355,0.03568,0.34418,0.01115,0.02973,0.00794
0.02590,0.03457,0.01272,0.01316,0.04020,0.04634,0.01134,0.42091,0.07994,0.00373,0.03541,0.01369,0.00623,0.22463,0.00711,0.00746,0.00902,0.00271,0.00359,0.00133
0.01988,0.05649,0.01535,0.01793,0.00965,0.01321,0.01092,0.16238,0.01761,0.40485,0.05633,0.00933,0.02027,0.00399,0.00962,0.10009,0.01384,0.01991,0.02701,0.01134
0.00994,0.01623,0.01616,0.00669,0.21938,0.26777,0.03048,0.00467,0.05674,0.05039,0.12900,0.00750,0.03858,0.11701,0.00906,0.00286,0.00614,0.00409,0.00344,0.00386
0.13226,0.01661,0.02600,0.01111,0.01182,0.04337,0.01002,0.23572,0.02415,0.02777,0.03051,0.25741,0.02316,0.03070,0.05322,0.00608,0.01024,0.00968,0.01039,0.02976
0.11789,0.03426,0.01390,0.09677,0.01638,0.01830,0.04383,0.02017,0.04788,0.15573,0.01203,0.03032,0.01496,0.03569,0.00647,0.25769,0.02143,0.02457,0.02590,0.00585
0.08301,0.02040,0.01976,0.01164,0.00862,0.04632,0.00612,0.01839,0.02133,0.09584,0.15485,0.04226,0.26486,0.03524,0.06514,0.05468,0.01817,0.02047,0.00528,0.00764
0.07055,0.11555,0.02254,0.01401,0.11903,0.11922,0.13520,0.00876,0.03591,0.01352,0.04173,0.11552,0.04235,0.06322,0.00829,0.01179,0.02633,0.00590,0.02627,0.00432
0.26830,0.02167,0.02626,0.01004,0.02984,0.02972,0.02211,0.00706,0.01555,0.01719,0.01751,0.00715,0.00656,0.01429,0.01130,0.01521,0.41151,0.05921,0.00612,0.00342
0.08031,0.06316,0.01851,0.00739,0.03869,0.05759,0.01486,0.21710,0.02339,0.01906,0.13125,0.02317,0.02089,0.10647,0.05573,0.00462,0.09041,0.00678,0.01293,0.00770
0.04006,0.02547,0.05861,0.01138,0.01232,0.03372,0.02306,0.00818,0.08004,0.11669,0.04536,0.11964,0.03934,0.03363,0.01741,0.19238,0.01092,0.06749,0.02080,0.04351
0.01177,0.05127,0.07964,0.02091,0.02352,0.11571,0.19461,0.02084,0.02868,0.06421,0.03996,0.01499,0.02159,0.02096,0.03140,0.00894,0.00793,0.15196,0.01736,0.07376
0.01209,0.13555,0.00963,0.01732,0.30147,0.02599,0.17115,0.00947,0.01838,0.01392,0.17799,0.02258,0.03073,0.01009,0.00994,0.01488,0.00656,0.00340,0.00512,0.00374
0.23244,0.00812,0.04091,0.03296,0.02314,0.22784,0.01082,0.00356,0.01072,0.01801,0.02545,0.01273,0.03600,0.00642,0.01491,0.00499,0.26499,0.01218,0.00874,0.00506
0.01013,0.03376,0.01283,0.10035,0.09086,0.04906,0.04994,0.01254,0.00947,0.06157,0.02200,0.02254,0.37263,0.00992,0.01647,0.00421,0.00734,0.00993,0.00612,0.09833
0.01435,0.10909,0.05477,0.04733,0.03324,0.25524,0.03710,0.00383,0.02182,0.07999,0.01663,0.01106,0.25422,0.01438,0.01316,0.00355,0.01218,0.00639,0.00764,0.00402
0.00943,0.04754,0.08868,0.01468,0.07201,0.13626,0.03211,0.09819,0.03468,0.16991,0.02720,0.01771,0.10708,0.00861,0.04499,0.00806,0.00576,0.05556,0.00608,0.01547
0.00831,0.05892,0.01278,0.02121,0.02092,0.04936,0.01148,0.23298,0.01211,0.42273,0.03126,0.00537,0.00694,0.00353,0.00782,0.06096,0.00476,0.00836,0.00371,0.01648
0.21020,0.09626,0.02295,0.00945,0.02495,0.15214,0.00873,0.02421,0.01847,0.01443,0.01811,0.08887,0.03095,0.02709,0.01048,0.00447,0.19889,0.02045,0.00792,0.01098
