0.01096,0.00960,0.75930,0.22014
0.08349,0.09538,0.77633,0.04480
0.44348,0.41616,0.00952,0.13084
0.00369,0.47527,0.01111,0.50993
0.45058,0.00869,0.01554,0.52519
0.32482,0.24477,0.00264,0.42777
0.00482,0.02086,0.67908,0.29523
0.48033,0.42576,0.01260,0.08132
0.01315,0.02178,0.94702,0.01806
0.00524,0.45937,0.02639,0.50900
0.46953,0.46031,0.03459,0.03558
0.00697,0.04605,0.86402,0.08297
0.39788,0.00402,0.17499,0.42311
0.17581,0.18443,0.59734,0.04242
0.01883,0.42248,0.13238,0.42632
0.00432,0.90207,0.05768,0.03593
0.00352,0.00907,0.93967,0.04775
0.00570,0.00716,0.78436,0.20278
0.10569,0.13905,0.00710,0.74816
0.17408,0.18429,0.10165,0.53998
0.01125,0.00694,0.95519,0.02661
0.48121,0.48542,0.00711,0.02625
0.45507,0.44214,0.05149,0.05129
0.02482,0.04985,0.77046,0.15487
0.08641,0.00644,0.78043,0.12672
0.47657,0.42761,0.03437,0.06146
0.43236,0.42267,0.00419,0.14077
0.01251,0.12905,0.01584,0.84260
0.00406,0.93779,0.01478,0.04337
0.47537,0.45017,0.03008,0.04438
0.45169,0.47751,0.02106,0.04973
0.00630,0.00888,0.92892,0.05590
0.46884,0.41613,0.01028,0.10475
0.44095,0.48150,0.02988,0.04766
0.00294,0.00523,0.96349,0.02834
0.47883,0.47890,0.00754,0.03473
0.73752,0.00751,0.10696,0.14801
0.63654,0.07410,0.24573,0.04362
0.45983,0.42535,0.03913,0.07569
0.02778,0.82973,0.04077,0.10172
0.16304,0.18908,0.01615,0.63172
0.10920,0.76346,0.03388,0.09346
0.38318,0.39356,0.02720,0.19606
0.00355,0.94690,0.00406,0.04549
0.48109,0.47018,0.00320,0.04553
0.00309,0.00298,0.92288,0.07105
0.46750,0.47839,0.00973,0.04438
0.34805,0.33251,0.26345,0.05600
0.00154,0.00739,0.93494,0.05612
0.01100,0.00647,0.01260,0.96994
0.00661,0.00767,0.87271,0.11301
0.02111,0.38302,0.03177,0.56409
0.47672,0.48501,0.00645,0.03183
0.27611,0.26178,0.36766,0.09444
0.00305,0.89484,0.02509,0.07702
0.45993,0.37354,0.01513,0.15139
0.13328,0.11529,0.69845,0.05299
0.48225,0.47954,0.00734,0.03087
0.44242,0.40908,0.04606,0.10244
0.07023,0.81271,0.00805,0.10900
0.00457,0.00313,0.90147,0.09083
0.20102,0.19012,0.57851,0.03035
0.00217,0.00364,0.96047,0.03373
0.46578,0.46479,0.01076,0.05866
0.47852,0.45717,0.01144,0.05287
0.14377,0.16389,0.01715,0.67519
0.02589,0.05821,0.69804,0.21786
0.00699,0.01213,0.00330,0.97758
0.40388,0.31273,0.00967,0.27372
0.02409,0.01627,0.71268,0.24696
0.40505,0.38574,0.17817,0.03104
0.46707,0.43786,0.00810,0.08696
0.43315,0.42997,0.01223,0.12465
0.02062,0.79372,0.05116,0.13450
0.41812,0.44061,0.10602,0.03525
0.07515,0.00813,0.81510,0.10161
0.35777,0.35721,0.15273,0.13229
0.05792,0.07586,0.00127,0.86496
0.00806,0.01681,0.89386,0.08126
0.43061,0.45426,0.04399,0.07114
0.00377,0.93395,0.01419,0.04809
0.20745,0.15628,0.00216,0.63412
0.01044,0.01297,0.94972,0.02687
0.00532,0.92398,0.01650,0.05421
0.01833,0.04592,0.88984,0.04591
0.09978,0.00594,0.84128,0.05301
0.42109,0.39614,0.15724,0.02554
0.47443,0.46690,0.00387,0.05479
0.05980,0.16291,0.67067,0.10663
0.00440,0.47207,0.02778,0.49575
0.49304,0.47849,0.00322,0.02525
0.43660,0.41202,0.01262,0.13875
0.46760,0.47516,0.01452,0.04272
0.06476,0.30672,0.25074,0.37777
0.00549,0.01096,0.74517,0.23839
0.43393,0.04742,0.00584,0.51281
0.05118,0.12368,0.01210,0.81304
0.45491,0.46671,0.02771,0.05066
0.00615,0.05966,0.85184,0.08234
0.41662,0.45374,0.00477,0.12488
0.00359,0.90449,0.01885,0.07307
0.42842,0.39252,0.01256,0.16651
0.46067,0.48158,0.00314,0.05461
0.00986,0.01733,0.86323,0.10958
0.06793,0.88766,0.00363,0.04078
0.47105,0.46384,0.02276,0.04236
0.00935,0.00417,0.00341,0.98307
0.00420,0.00489,0.02857,0.96235
0.01094,0.03213,0.89557,0.06135
0.34809,0.33801,0.00249,0.31141
0.00648,0.95418,0.00738,0.03197
0.45413,0.46789,0.04145,0.03653
0.05161,0.04709,0.00651,0.89479
0.15502,0.77379,0.02408,0.04711
0.41348,0.41360,0.02700,0.14592
0.02407,0.02236,0.72453,0.22904
0.02260,0.86209,0.00300,0.11231
0.49110,0.45358,0.00428,0.05103
0.40453,0.43320,0.04307,0.11919
0.47990,0.48158,0.01320,0.02532
0.35625,0.36059,0.08880,0.19436
0.00133,0.00339,0.63060,0.36469
0.44840,0.39907,0.00840,0.14412
0.04040,0.90538,0.01478,0.03945
0.00244,0.00376,0.96732,0.02648
0.02951,0.01947,0.01601,0.93501
0.01692,0.44100,0.45949,0.08259
0.22261,0.24870,0.04879,0.47990
0.01065,0.00836,0.90703,0.07396
0.00546,0.00488,0.95671,0.03296
0.36147,0.33471,0.05529,0.24853
0.04329,0.02813,0.86054,0.06804
0.06398,0.04507,0.84518,0.04577
0.01557,0.01289,0.63954,0.33199
0.01870,0.45629,0.47504,0.04997
0.41193,0.44058,0.05891,0.08858
0.48170,0.47475,0.00231,0.04124
0.49857,0.46422,0.00822,0.02900
0.14650,0.69055,0.06651,0.09645
0.43707,0.46756,0.02602,0.06935
0.49074,0.47715,0.00536,0.02676
0.00606,0.02390,0.91334,0.05671
0.48049,0.44720,0.02111,0.05121
0.01329,0.01809,0.19007,0.77855
0.34214,0.37975,0.01277,0.26534
0.46839,0.44928,0.02803,0.05430
0.47176,0.41340,0.04598,0.06886
0.05924,0.03543,0.00490,0.90043
0.45409,0.47859,0.01429,0.05303
0.01485,0.03992,0.92327,0.02196
0.46102,0.39060,0.02831,0.12007
0.00931,0.00855,0.01538,0.96676
0.43446,0.43789,0.01998,0.10766
0.03241,0.02380,0.82733,0.11645
0.01043,0.01099,0.00652,0.97206
0.45041,0.40026,0.04399,0.10534
0.43492,0.42408,0.06701,0.07399
0.08054,0.27695,0.54044,0.10206
0.43872,0.47686,0.00308,0.08134
0.03360,0.90502,0.01920,0.04218
0.56112,0.01598,0.25490,0.16801
0.02653,0.00204,0.88591,0.08551
0.00630,0.01741,0.00066,0.97564
0.49144,0.48411,0.00398,0.02046
0.01032,0.31892,0.04044,0.63032
0.45955,0.46432,0.01061,0.06553
0.91974,0.00657,0.01040,0.06329
0.00823,0.86286,0.02954,0.09937
0.19263,0.18600,0.58431,0.03707
0.45644,0.43860,0.01634,0.08862
0.34684,0.42512,0.00221,0.22582
0.02520,0.95604,0.01239,0.00638
0.43307,0.34338,0.12996,0.09358
0.01456,0.00291,0.01875,0.96378
0.00699,0.01106,0.95638,0.02558
0.08807,0.08255,0.67770,0.15168
0.44262,0.46164,0.00203,0.09371
0.41198,0.46232,0.00966,0.11604
0.01238,0.91434,0.00664,0.06663
0.46234,0.46122,0.00484,0.07160
0.37569,0.39649,0.01209,0.21573
0.46151,0.45050,0.03908,0.04892
0.03599,0.05100,0.87040,0.04261
0.38738,0.42561,0.01911,0.16790
0.00215,0.00354,0.96093,0.03339
0.01733,0.02304,0.76046,0.19916
0.01176,0.00452,0.70475,0.27897
0.38169,0.21420,0.08007,0.32403
0.01302,0.03015,0.92883,0.02800
0.02754,0.05227,0.71859,0.20159
0.05659,0.04365,0.59604,0.30372
0.02063,0.49864,0.05919,0.42153
0.03309,0.01410,0.65303,0.29979
0.19946,0.18889,0.55671,0.05494
0.13531,0.14103,0.66404,0.05962
0.48853,0.45209,0.01433,0.04505
0.42544,0.43105,0.00349,0.14001
0.00109,0.00083,0.00739,0.99068
0.05409,0.01130,0.89119,0.04342
0.05648,0.05738,0.22151,0.66464
0.43543,0.45862,0.02924,0.07671
0.08503,0.13058,0.04224,0.74214
0.02041,0.91785,0.03185,0.02989
0.47846,0.41053,0.00284,0.10817
0.00745,0.00500,0.93605,0.05150
0.46087,0.46418,0.03129,0.04366
0.02498,0.01041,0.00874,0.95587
0.01695,0.90495,0.04348,0.03462
0.16318,0.14447,0.67327,0.01909
0.01071,0.91363,0.00416,0.07150
0.48775,0.48800,0.00325,0.02100
0.03869,0.83185,0.02506,0.10440
0.18068,0.16015,0.01817,0.64101
0.00129,0.00090,0.00162,0.99619
0.42024,0.36326,0.00591,0.21059
0.00246,0.16442,0.51378,0.31935
0.01865,0.92103,0.00529,0.05503
0.40995,0.38799,0.01751,0.18454
0.46139,0.46544,0.02988,0.04329
0.01176,0.05636,0.49565,0.43623
0.00415,0.00275,0.52528,0.46781
0.35704,0.36590,0.23539,0.04167
0.01148,0.06723,0.71094,0.21035
0.47802,0.47407,0.00405,0.04386
0.25294,0.26210,0.00555,0.47940
0.00890,0.00734,0.85410,0.12965
0.03033,0.03375,0.89537,0.04055
0.17774,0.03734,0.73726,0.04767
0.10619,0.12242,0.00521,0.76618
0.01368,0.00845,0.93761,0.04026
0.00307,0.00761,0.72006,0.26927
0.00278,0.96312,0.00275,0.03135
0.39742,0.41220,0.01917,0.17121
0.00820,0.00756,0.89164,0.09259
0.34771,0.37024,0.00855,0.27351
0.04048,0.01125,0.89597,0.05230
0.45367,0.48392,0.00508,0.05733
0.00620,0.00672,0.95170,0.03538
0.35816,0.36268,0.01449,0.26468
0.13674,0.12763,0.65107,0.08456
0.04318,0.01545,0.80279,0.13858
0.38450,0.40756,0.10049,0.10745
0.36946,0.40593,0.08887,0.13574
0.10942,0.36650,0.01609,0.50799
0.46540,0.44147,0.02471,0.06843
0.46296,0.43853,0.05434,0.04417
0.36226,0.01133,0.04717,0.57925
0.00304,0.00341,0.83364,0.15991
0.02335,0.03401,0.12849,0.81415
0.48325,0.46103,0.01030,0.04542
0.01663,0.00411,0.76792,0.21134
0.42060,0.42157,0.00556,0.15227
0.08195,0.02683,0.36407,0.52714
0.46279,0.05694,0.01096,0.46932
0.00291,0.00429,0.96951,0.02329
0.44127,0.45283,0.00306,0.10284
0.00346,0.00537,0.90370,0.08747
0.43152,0.01088,0.05565,0.50195
0.47542,0.02720,0.02035,0.47703
0.46630,0.42368,0.02661,0.08341
0.47498,0.48119,0.00306,0.04076
0.00611,0.00760,0.97239,0.01390
0.01175,0.01117,0.92809,0.04899
0.05135,0.04192,0.77657,0.13015
0.00684,0.01165,0.91248,0.06903
0.00348,0.03317,0.80194,0.16141
0.67214,0.14097,0.13092,0.05597
0.00558,0.00531,0.83930,0.14981
0.00808,0.01357,0.95317,0.02518
0.26104,0.24769,0.38137,0.10990
0.00990,0.01296,0.87981,0.09733
0.25422,0.31331,0.04783,0.38463
0.48946,0.49330,0.00212,0.01512
0.01931,0.01163,0.93075,0.03831
0.07780,0.07526,0.83018,0.01677
0.00198,0.00379,0.95816,0.03607
0.00717,0.00517,0.00147,0.98619
0.45875,0.45603,0.00778,0.07744
0.40281,0.40913,0.01032,0.17774
0.46408,0.47401,0.00278,0.05913
0.48410,0.47106,0.00349,0.04135
0.29426,0.27651,0.31206,0.11717
0.37879,0.36904,0.18660,0.06556
0.00958,0.00755,0.93698,0.04589
0.00769,0.00733,0.00764,0.97733
0.00250,0.00202,0.95205,0.04344
0.49987,0.46318,0.00497,0.03198
0.06191,0.04501,0.00554,0.88754
0.42430,0.45814,0.01652,0.10104
0.00503,0.91385,0.00289,0.07822
0.01356,0.01972,0.90101,0.06571
0.00102,0.00129,0.00204,0.99564
0.00808,0.86938,0.00334,0.11921
0.00853,0.94149,0.01555,0.03443
0.00394,0.00363,0.95913,0.03330
0.87753,0.02846,0.02149,0.07251
0.10693,0.06633,0.02136,0.80538
0.10992,0.06975,0.74369,0.07665
0.08571,0.04952,0.79652,0.06825
0.13272,0.07931,0.74065,0.04732
