0.05020,0.00733,0.16733,0.05330,0.03604,0.17201,0.05906,0.00284,0.01053,0.13671,0.20514,0.09951
0.08606,0.00958,0.03040,0.02998,0.08146,0.27380,0.09405,0.00169,0.00563,0.19524,0.13266,0.05946
0.04015,0.00452,0.01410,0.17109,0.11147,0.31240,0.03409,0.02706,0.00508,0.11553,0.13982,0.02470
0.05634,0.00639,0.09904,0.09517,0.13362,0.18628,0.03957,0.00171,0.11820,0.05048,0.04665,0.16656
0.04663,0.00466,0.02165,0.04429,0.15194,0.49042,0.13042,0.00122,0.00424,0.03851,0.02273,0.04330
0.01975,0.00277,0.01166,0.15800,0.02169,0.16396,0.01645,0.00127,0.00827,0.24823,0.06091,0.28704
0.03211,0.00456,0.07258,0.36609,0.03953,0.15450,0.06438,0.01370,0.01102,0.11643,0.07497,0.05013
0.21281,0.00244,0.04787,0.05586,0.13092,0.35849,0.09250,0.00297,0.00530,0.04014,0.01673,0.03398
0.19469,0.01103,0.02701,0.04714,0.11916,0.22935,0.04070,0.00156,0.00397,0.21449,0.03017,0.08072
0.04091,0.01007,0.04716,0.09192,0.08563,0.13920,0.17023,0.00157,0.00596,0.25765,0.10347,0.04625
0.09353,0.00266,0.03895,0.19210,0.05024,0.29647,0.12589,0.00186,0.00606,0.08672,0.07282,0.03271
0.15783,0.00205,0.04083,0.12503,0.04682,0.14045,0.01866,0.00374,0.00314,0.21095,0.22952,0.02098
0.02867,0.00678,0.06417,0.55638,0.06448,0.13830,0.04499,0.00178,0.00445,0.02991,0.02958,0.03049
0.07857,0.00329,0.01870,0.08322,0.03643,0.34205,0.10768,0.00294,0.00739,0.20533,0.06242,0.05198
0.12008,0.00796,0.06617,0.06120,0.02403,0.17043,0.09738,0.00409,0.01161,0.04855,0.18518,0.20333
0.07497,0.00724,0.00953,0.11685,0.03071,0.20196,0.11245,0.00231,0.00316,0.04249,0.26884,0.12949
0.15990,0.01137,0.02253,0.03268,0.04489,0.08341,0.22221,0.00691,0.00377,0.12250,0.11573,0.17410
0.07053,0.00972,0.05184,0.11135,0.08464,0.09279,0.13780,0.00198,0.00369,0.19135,0.05116,0.19315
0.26968,0.00322,0.02026,0.03449,0.06948,0.30177,0.03709,0.00426,0.00670,0.11111,0.02681,0.11513
0.08576,0.00258,0.01384,0.07145,0.16825,0.20087,0.11696,0.00403,0.00909,0.21358,0.05847,0.05511
0.03109,0.00727,0.02892,0.05288,0.10367,0.20948,0.37827,0.00272,0.00847,0.09174,0.02814,0.05734
0.03643,0.00410,0.02813,0.07368,0.23207,0.22635,0.03402,0.00229,0.07372,0.07699,0.12242,0.08978
0.04984,0.00461,0.04062,0.04343,0.08252,0.23634,0.26915,0.00287,0.01460,0.19368,0.03297,0.02937
0.07470,0.00662,0.11988,0.06069,0.06535,0.22696,0.10995,0.00586,0.00922,0.06315,0.18548,0.07213
0.13441,0.00414,0.02187,0.02962,0.14734,0.17596,0.08345,0.00171,0.00921,0.26212,0.07566,0.05451
0.08995,0.01593,0.04181,0.20225,0.07393,0.38807,0.05621,0.01307,0.00404,0.03086,0.02385,0.06002
0.03351,0.00899,0.19215,0.17312,0.07566,0.05671,0.03226,0.00415,0.01171,0.13701,0.10375,0.17100
0.07180,0.00768,0.12170,0.17114,0.09585,0.29293,0.08911,0.00174,0.01569,0.03811,0.05253,0.04173
0.05111,0.00361,0.09500,0.15274,0.11233,0.18374,0.10033,0.00331,0.00522,0.20732,0.03584,0.04945
0.10532,0.00396,0.02325,0.09348,0.04166,0.25012,0.19903,0.00116,0.04146,0.12469,0.07409,0.04178
0.04720,0.00583,0.01709,0.06132,0.15273,0.22055,0.33986,0.00776,0.00498,0.03667,0.02694,0.07907
0.04195,0.00705,0.02786,0.11974,0.03250,0.35275,0.06731,0.00425,0.01204,0.12278,0.03996,0.17180
0.15712,0.00448,0.02740,0.13028,0.18813,0.10061,0.18172,0.00113,0.01410,0.12589,0.04711,0.02203
0.04993,0.01264,0.09962,0.07513,0.03697,0.16343,0.07633,0.00821,0.01918,0.35459,0.06441,0.03955
0.08573,0.00946,0.02095,0.05750,0.06668,0.27768,0.04387,0.01118,0.00410,0.10311,0.19313,0.12661
0.11812,0.01135,0.19805,0.04737,0.12165,0.12021,0.12872,0.00119,0.01249,0.16099,0.03392,0.04595
0.06582,0.00462,0.04716,0.05152,0.16755,0.09107,0.05727,0.00148,0.01353,0.29696,0.18190,0.02112
0.05029,0.00744,0.04323,0.10227,0.04381,0.17912,0.14311,0.00286,0.01862,0.14715,0.04224,0.21986
0.07849,0.00375,0.04168,0.04310,0.16978,0.16413,0.19816,0.00141,0.00633,0.07345,0.03354,0.18616
0.03617,0.00413,0.05034,0.48231,0.05026,0.14629,0.06137,0.00240,0.00549,0.05596,0.01695,0.08832
0.06122,0.00663,0.07096,0.06561,0.19563,0.13486,0.04895,0.00194,0.00842,0.30819,0.02336,0.07424
0.19656,0.00966,0.03701,0.04169,0.04553,0.36727,0.06585,0.00263,0.00921,0.09526,0.05352,0.07582
0.02858,0.00274,0.04407,0.08054,0.02358,0.21462,0.03962,0.00157,0.00217,0.05097,0.47894,0.03262
0.05346,0.00312,0.03413,0.07024,0.05602,0.49932,0.06572,0.00155,0.00459,0.06822,0.08950,0.05413
0.06488,0.00648,0.09806,0.18925,0.07537,0.32856,0.03795,0.00115,0.01368,0.09636,0.02456,0.06370
0.08982,0.00811,0.06447,0.05577,0.05751,0.29862,0.06156,0.00696,0.00843,0.20033,0.04961,0.09880
0.03086,0.00402,0.01500,0.03674,0.06175,0.20827,0.03194,0.00380,0.00417,0.37142,0.03296,0.19907
0.02882,0.00381,0.02381,0.26337,0.32516,0.12399,0.05119,0.00222,0.00496,0.11934,0.03038,0.02295
0.10130,0.00264,0.01476,0.03781,0.03117,0.29379,0.28371,0.00251,0.03274,0.07985,0.02823,0.09149
0.06746,0.00218,0.01670,0.02925,0.10910,0.45669,0.04213,0.00149,0.00790,0.20099,0.01453,0.05157
0.23172,0.00506,0.02645,0.16426,0.06479,0.13319,0.12823,0.00257,0.04420,0.07149,0.09319,0.03485
0.17878,0.00471,0.03202,0.07019,0.33339,0.18040,0.07850,0.00761,0.00810,0.06214,0.01973,0.02443
0.05983,0.01311,0.03307,0.02429,0.07380,0.38684,0.14719,0.00160,0.00896,0.18167,0.01873,0.05090
0.30503,0.00953,0.04721,0.07529,0.14282,0.12408,0.12369,0.00288,0.00318,0.06915,0.03608,0.06108
0.03095,0.00303,0.01692,0.22639,0.06717,0.26336,0.10221,0.00155,0.02118,0.18082,0.02577,0.06065
0.03967,0.00448,0.03067,0.09089,0.04131,0.54778,0.06049,0.00451,0.01404,0.04120,0.04706,0.07791
0.07948,0.00488,0.02305,0.19973,0.11267,0.14923,0.21764,0.00117,0.00916,0.03101,0.04620,0.12577
0.03497,0.00436,0.01022,0.18258,0.03424,0.28299,0.03075,0.00208,0.00987,0.18287,0.02269,0.20239
0.30430,0.00156,0.02855,0.07359,0.06325,0.19572,0.03548,0.00113,0.02781,0.14378,0.02175,0.10306
0.04207,0.00783,0.08457,0.07544,0.06301,0.18264,0.04604,0.00269,0.01224,0.39037,0.05032,0.04277
0.19402,0.00335,0.03948,0.13993,0.10122,0.31285,0.03660,0.00103,0.00286,0.03852,0.04114,0.08900
0.06302,0.00556,0.09961,0.04761,0.02451,0.18145,0.03369,0.00120,0.00510,0.06039,0.38771,0.09016
0.09467,0.00242,0.04085,0.02643,0.04453,0.21421,0.02899,0.00125,0.00598,0.39527,0.03947,0.10593
0.13106,0.00242,0.09414,0.02862,0.04144,0.16180,0.02784,0.01190,0.00341,0.29178,0.14516,0.06042
0.04213,0.00219,0.01594,0.22365,0.03426,0.25617,0.05714,0.00244,0.00391,0.02891,0.17113,0.16214
0.06582,0.00270,0.01657,0.12937,0.17409,0.22740,0.04330,0.00709,0.00902,0.18925,0.04746,0.08794
0.04864,0.00712,0.03897,0.14201,0.05024,0.29574,0.15124,0.00460,0.00427,0.11189,0.05095,0.09432
0.02798,0.00574,0.03416,0.13045,0.08705,0.41859,0.08623,0.00687,0.00521,0.09817,0.06960,0.02996
0.04886,0.00619,0.04676,0.04978,0.02118,0.39776,0.08594,0.00168,0.00413,0.28407,0.02792,0.02575
0.10747,0.01606,0.01879,0.20383,0.14182,0.20930,0.06715,0.00194,0.00440,0.14158,0.02448,0.06318
0.14247,0.02278,0.02336,0.06485,0.19232,0.14087,0.22275,0.00111,0.01604,0.07424,0.02580,0.07341
0.06152,0.00619,0.03083,0.11014,0.05033,0.17446,0.21242,0.00247,0.00813,0.18852,0.08008,0.07491
0.04382,0.00476,0.05773,0.16511,0.03682,0.24142,0.06308,0.00334,0.00653,0.08611,0.20428,0.08702
0.02944,0.00401,0.08402,0.22971,0.02545,0.09050,0.17865,0.00245,0.01340,0.23911,0.07260,0.03066
0.07804,0.00659,0.06579,0.04485,0.05787,0.59659,0.05214,0.00120,0.00862,0.02783,0.01627,0.04421
0.04221,0.00367,0.01184,0.03256,0.06856,0.09817,0.31233,0.00117,0.00433,0.05979,0.03894,0.32644
0.04377,0.00471,0.02023,0.20999,0.07007,0.07438,0.34829,0.00167,0.00643,0.08942,0.07912,0.05193
0.05864,0.00289,0.01203,0.02390,0.07752,0.22059,0.17203,0.00239,0.00797,0.21724,0.03125,0.17355
0.07409,0.00421,0.02573,0.11858,0.07780,0.06674,0.23000,0.00317,0.00266,0.29758,0.05384,0.04561
0.09335,0.00717,0.10181,0.16914,0.07485,0.16249,0.02446,0.00344,0.00393,0.10555,0.06582,0.18799
0.05497,0.01554,0.02770,0.16248,0.08491,0.41351,0.02675,0.01418,0.01258,0.11055,0.04014,0.03671
0.05404,0.00404,0.04267,0.22065,0.03856,0.15181,0.05299,0.00301,0.00465,0.12450,0.04144,0.26165
0.10790,0.00240,0.14789,0.06615,0.03571,0.51091,0.02058,0.00047,0.00427,0.03932,0.04497,0.01943
0.04037,0.00681,0.03321,0.12369,0.08635,0.23705,0.17845,0.04218,0.01513,0.10624,0.05809,0.07242
0.16438,0.00659,0.01617,0.09248,0.31471,0.13128,0.03719,0.00308,0.00359,0.17520,0.03774,0.01758
0.10992,0.00311,0.02101,0.08226,0.09839,0.35471,0.01549,0.00196,0.00767,0.11183,0.05978,0.13387
0.05053,0.00446,0.10561,0.06138,0.08857,0.18542,0.06698,0.00201,0.00400,0.16439,0.15886,0.10779
0.07204,0.04685,0.10020,0.04656,0.05065,0.11179,0.25535,0.00650,0.00374,0.05259,0.13974,0.11399
0.17673,0.00646,0.03432,0.04339,0.08082,0.41821,0.04750,0.00445,0.01430,0.04457,0.09621,0.03306
0.09163,0.00459,0.09597,0.01801,0.10339,0.08513,0.13812,0.00310,0.01576,0.37420,0.04454,0.02555
0.26551,0.01179,0.03199,0.03773,0.02986,0.18041,0.10984,0.00439,0.02534,0.02732,0.18965,0.08618
0.05226,0.00868,0.04232,0.12325,0.05140,0.31759,0.08619,0.04081,0.00512,0.12874,0.01774,0.12592
0.06354,0.00983,0.01993,0.03778,0.05986,0.48048,0.04079,0.00166,0.01161,0.21507,0.01746,0.04201
0.09468,0.00303,0.01123,0.07628,0.08649,0.41097,0.04287,0.00087,0.01665,0.16878,0.04234,0.04580
0.04864,0.00286,0.16434,0.04787,0.01760,0.17813,0.03625,0.00109,0.00733,0.20160,0.03501,0.25927
0.06577,0.00333,0.04542,0.12001,0.06189,0.12117,0.09040,0.00255,0.00912,0.34474,0.06654,0.06906
0.03366,0.00473,0.02224,0.10448,0.05403,0.37128,0.07239,0.01744,0.00577,0.11853,0.04307,0.15237
0.39912,0.01377,0.03450,0.01654,0.11876,0.13228,0.09740,0.00192,0.00308,0.13137,0.02555,0.02570
0.16215,0.00300,0.03638,0.02676,0.18597,0.24765,0.02073,0.00083,0.01158,0.24248,0.03592,0.02654
0.07260,0.00630,0.09079,0.03666,0.04833,0.21262,0.05897,0.01142,0.01242,0.05784,0.20873,0.18332
