0.09013,0.01045,0.01441,0.00990,0.08815,0.02292,0.36706,0.36388,0.01248,0.02062
0.12049,0.00845,0.01379,0.00941,0.13797,0.02227,0.31442,0.34657,0.00989,0.01672
0.10548,0.01503,0.02366,0.01668,0.11081,0.02894,0.32147,0.32838,0.02002,0.02954
0.23185,0.00858,0.01461,0.00942,0.33301,0.01732,0.17512,0.18376,0.01108,0.01524
0.28549,0.01083,0.01515,0.01368,0.29152,0.01873,0.15741,0.17944,0.01288,0.01486
0.11183,0.01395,0.01760,0.01490,0.11010,0.03277,0.32097,0.33024,0.02029,0.02735
0.17674,0.01493,0.02024,0.01576,0.16768,0.02586,0.25230,0.28172,0.01777,0.02700
0.19287,0.00858,0.01499,0.01032,0.21182,0.02096,0.24163,0.26671,0.01340,0.01872
0.16082,0.01462,0.02336,0.01708,0.17848,0.02615,0.26258,0.27577,0.01790,0.02325
0.17099,0.01088,0.01540,0.01115,0.23573,0.02090,0.24701,0.25626,0.01301,0.01866
0.27679,0.01531,0.02048,0.01605,0.32001,0.02664,0.13764,0.14590,0.01744,0.02374
0.23879,0.00702,0.01363,0.00916,0.18810,0.02008,0.25000,0.24412,0.01207,0.01702
0.14121,0.00669,0.01009,0.00584,0.15202,0.01387,0.30777,0.34128,0.00900,0.01222
0.09454,0.00823,0.01043,0.00847,0.09701,0.01886,0.34200,0.39500,0.01086,0.01459
0.36188,0.00869,0.01316,0.01146,0.28597,0.02158,0.12560,0.14003,0.01386,0.01776
0.14578,0.01438,0.02172,0.01718,0.15324,0.03257,0.28519,0.28739,0.01838,0.02417
0.15426,0.02214,0.02839,0.02537,0.17559,0.03284,0.25728,0.24980,0.02227,0.03205
0.07726,0.00954,0.01357,0.00960,0.08058,0.01993,0.37497,0.38349,0.01345,0.01760
0.25301,0.01833,0.02379,0.02011,0.29642,0.02387,0.15114,0.17471,0.01777,0.02085
0.12238,0.01102,0.01608,0.01406,0.14957,0.02562,0.30521,0.32249,0.01468,0.01890
0.18238,0.00978,0.01536,0.01120,0.23681,0.02358,0.22498,0.26522,0.01248,0.01820
0.21528,0.01437,0.02145,0.01762,0.24006,0.02215,0.21659,0.21590,0.01415,0.02243
0.12311,0.01136,0.01644,0.01631,0.12743,0.02392,0.32789,0.31862,0.01572,0.01919
0.21717,0.00940,0.01128,0.00932,0.23108,0.02421,0.22974,0.23792,0.01213,0.01774
0.13864,0.01389,0.01698,0.01359,0.14532,0.02945,0.29442,0.30608,0.01649,0.02515
0.08928,0.00764,0.01325,0.00968,0.10118,0.01698,0.35823,0.37758,0.01152,0.01464
0.05667,0.00589,0.00725,0.00499,0.05917,0.01183,0.37625,0.45855,0.00842,0.01097
0.09027,0.01100,0.01693,0.01254,0.09334,0.01680,0.36378,0.36511,0.01160,0.01864
0.18501,0.01830,0.02669,0.02204,0.18663,0.03489,0.23334,0.24136,0.02402,0.02773
0.13027,0.01257,0.01767,0.01346,0.14256,0.02066,0.31346,0.31561,0.01491,0.01882
0.21588,0.01804,0.02384,0.01670,0.20956,0.02777,0.21194,0.22912,0.01830,0.02886
0.11669,0.01329,0.01831,0.01582,0.12264,0.02088,0.34490,0.31495,0.01391,0.01861
0.33093,0.01024,0.01458,0.01187,0.31791,0.01494,0.13307,0.14063,0.01112,0.01469
0.15721,0.01356,0.02421,0.01724,0.17355,0.02305,0.27018,0.28058,0.01816,0.02227
0.16692,0.01505,0.02132,0.01610,0.17925,0.02032,0.29314,0.25510,0.01275,0.02005
0.12405,0.01345,0.01969,0.01181,0.17936,0.03902,0.27086,0.29843,0.01891,0.02443
0.15502,0.01080,0.01408,0.01161,0.15285,0.01751,0.29049,0.32050,0.01256,0.01458
0.04953,0.00598,0.00977,0.00673,0.05261,0.01383,0.39896,0.44187,0.00940,0.01132
0.09915,0.01157,0.01769,0.01228,0.11566,0.02147,0.35074,0.33914,0.01486,0.01746
0.17250,0.00725,0.00991,0.00718,0.16413,0.01348,0.29191,0.31181,0.00898,0.01285
0.15117,0.01355,0.01501,0.01496,0.14132,0.02896,0.31076,0.28582,0.01488,0.02358
0.19941,0.00853,0.01242,0.00829,0.23495,0.01640,0.24141,0.24926,0.01264,0.01670
0.14945,0.01867,0.02765,0.02017,0.16719,0.03675,0.26044,0.26194,0.02224,0.03553
0.07478,0.00774,0.01184,0.00853,0.08267,0.01435,0.39304,0.38123,0.01112,0.01472
0.30707,0.01043,0.01524,0.01064,0.30819,0.02129,0.14556,0.15103,0.01403,0.01651
0.08817,0.01164,0.01620,0.01209,0.09458,0.02380,0.38042,0.33797,0.01312,0.02203
0.08506,0.00866,0.01197,0.00965,0.09282,0.01707,0.36733,0.38223,0.01005,0.01517
0.12371,0.01320,0.01733,0.01211,0.12241,0.02656,0.31707,0.32671,0.01813,0.02277
0.30860,0.00552,0.00859,0.00586,0.31153,0.01040,0.15715,0.17651,0.00698,0.00886
0.10555,0.01199,0.01538,0.01278,0.10545,0.01792,0.34404,0.35580,0.01294,0.01815
0.19055,0.01409,0.02029,0.01593,0.26393,0.02363,0.21156,0.22415,0.01580,0.02007
0.25104,0.01915,0.02582,0.02049,0.25598,0.04407,0.15158,0.16554,0.02888,0.03745
0.13616,0.01503,0.02139,0.01936,0.14369,0.02424,0.29486,0.30748,0.01611,0.02169
0.08992,0.01015,0.01539,0.01253,0.09529,0.01850,0.38195,0.34912,0.01050,0.01665
0.14907,0.01371,0.02379,0.01814,0.16043,0.03806,0.27441,0.26985,0.02091,0.03164
0.27582,0.01349,0.02028,0.01877,0.30555,0.02419,0.14677,0.16009,0.01461,0.02043
0.12531,0.01258,0.01669,0.01351,0.13039,0.03124,0.30479,0.31994,0.01952,0.02603
0.17000,0.02357,0.03364,0.02900,0.16514,0.04644,0.22431,0.23975,0.02925,0.03890
0.14522,0.01250,0.01810,0.01285,0.14096,0.02195,0.31134,0.30384,0.01493,0.01830
0.11793,0.00870,0.01415,0.00953,0.12425,0.01610,0.33135,0.34825,0.01258,0.01716
0.31615,0.01235,0.01768,0.01345,0.29832,0.01913,0.14048,0.15179,0.01319,0.01745
0.31378,0.01752,0.02251,0.01952,0.29873,0.02609,0.12455,0.13202,0.01939,0.02589
0.08329,0.00829,0.01176,0.00872,0.08764,0.03009,0.35799,0.37497,0.01327,0.02397
0.21085,0.00785,0.01246,0.00852,0.23205,0.02729,0.23257,0.23309,0.01542,0.01990
0.14936,0.02156,0.02940,0.01996,0.15484,0.03231,0.26533,0.27306,0.02636,0.02782
0.16790,0.01156,0.01708,0.01159,0.18917,0.02579,0.25360,0.28544,0.01698,0.02090
0.28905,0.01456,0.01969,0.01550,0.27818,0.02508,0.15482,0.16685,0.01566,0.02062
0.18667,0.01104,0.01746,0.01199,0.18468,0.02098,0.24966,0.28779,0.01233,0.01740
0.11545,0.00677,0.01261,0.00761,0.12014,0.01783,0.34150,0.35252,0.01096,0.01461
0.12773,0.00643,0.01089,0.00695,0.18327,0.02168,0.27680,0.34025,0.01153,0.01446
0.18769,0.01478,0.02168,0.01513,0.18374,0.02204,0.25762,0.25909,0.01548,0.02275
0.23471,0.00741,0.01096,0.00929,0.28073,0.01629,0.19649,0.22117,0.01049,0.01247
0.19128,0.01205,0.01877,0.01224,0.17630,0.02677,0.23487,0.28969,0.01671,0.02134
0.25759,0.01667,0.02123,0.01504,0.30467,0.01870,0.16228,0.17070,0.01523,0.01791
0.07559,0.00834,0.01261,0.00935,0.08159,0.01882,0.37863,0.38900,0.01146,0.01461
0.20445,0.01617,0.02627,0.02016,0.22804,0.02737,0.21693,0.21752,0.01951,0.02358
0.21576,0.01617,0.02705,0.01874,0.25770,0.02498,0.19656,0.20146,0.01827,0.02331
0.17336,0.00762,0.01301,0.00956,0.16969,0.01697,0.29076,0.29166,0.01137,0.01600
0.21722,0.01327,0.02115,0.01475,0.24949,0.03566,0.19353,0.21263,0.01853,0.02377
0.17346,0.00954,0.01609,0.01093,0.17573,0.02672,0.26227,0.29035,0.01295,0.02197
0.16300,0.01443,0.02049,0.01666,0.16568,0.02184,0.26959,0.28903,0.01631,0.02297
0.20432,0.01142,0.01488,0.00980,0.25741,0.01916,0.22349,0.22757,0.01300,0.01896
0.16337,0.00801,0.01447,0.00862,0.16718,0.01695,0.29572,0.30021,0.00982,0.01565
0.25482,0.02153,0.02860,0.01941,0.26078,0.03093,0.15513,0.17482,0.02554,0.02844
0.17871,0.01468,0.02070,0.01735,0.18101,0.02750,0.24447,0.26435,0.01959,0.03165
0.06677,0.00692,0.00896,0.00703,0.07197,0.02043,0.36221,0.42661,0.01143,0.01768
0.26391,0.01351,0.01753,0.01405,0.32810,0.02071,0.14561,0.16585,0.01452,0.01622
0.19618,0.02425,0.03533,0.02329,0.22728,0.05224,0.17733,0.19920,0.02974,0.03516
0.20013,0.01221,0.01781,0.01223,0.20891,0.02828,0.23274,0.24679,0.01762,0.02328
0.23110,0.01051,0.01675,0.01136,0.23019,0.02581,0.21578,0.22432,0.01302,0.02117
0.11786,0.01281,0.01723,0.01347,0.11979,0.02131,0.32680,0.33444,0.01473,0.02156
0.19880,0.01521,0.02276,0.01887,0.21087,0.03496,0.22492,0.22891,0.01800,0.02670
0.16908,0.01419,0.01962,0.01838,0.18816,0.02696,0.25322,0.27231,0.01687,0.02122
0.11422,0.00528,0.00740,0.00542,0.15199,0.01160,0.31684,0.36848,0.00849,0.01027
0.18543,0.00534,0.00740,0.00598,0.23487,0.01676,0.24280,0.27776,0.00979,0.01387
0.18944,0.01443,0.02205,0.01539,0.19931,0.02636,0.24020,0.25482,0.01773,0.02027
0.07173,0.00735,0.01126,0.00917,0.07680,0.01701,0.38314,0.39526,0.01208,0.01620
0.20036,0.00718,0.01051,0.00941,0.36735,0.02257,0.15934,0.19322,0.01298,0.01707
0.07576,0.00851,0.01217,0.00963,0.08238,0.01659,0.39196,0.37365,0.01107,0.01828
0.10641,0.01750,0.02625,0.01982,0.10815,0.03548,0.32888,0.30668,0.02204,0.02880
