0.03022,0.02680,0.02331,0.02808,0.01767,0.09862,0.01850,0.31986,0.29449,0.14245
0.02402,0.01986,0.01070,0.01791,0.01305,0.06657,0.36007,0.20567,0.25883,0.02332
0.01851,0.06809,0.21919,0.01441,0.01835,0.07984,0.12626,0.27157,0.14728,0.03651
0.03983,0.02676,0.02581,0.02822,0.02197,0.34091,0.23334,0.14867,0.11010,0.02438
0.15866,0.08552,0.03307,0.05881,0.04333,0.08940,0.20810,0.11872,0.14639,0.05801
0.01824,0.02067,0.00701,0.01133,0.01023,0.05854,0.12568,0.39982,0.31668,0.03179
0.10184,0.15252,0.02602,0.02745,0.01897,0.33869,0.19994,0.05962,0.04820,0.02675
0.02198,0.02428,0.01945,0.02243,0.01696,0.36253,0.11706,0.29451,0.11389,0.00692
0.06189,0.04749,0.04948,0.02298,0.01464,0.06097,0.40051,0.26895,0.04483,0.02826
0.15483,0.23052,0.04090,0.06112,0.05843,0.03677,0.15435,0.11460,0.13432,0.01417
0.26859,0.33983,0.02693,0.04736,0.07160,0.06755,0.07954,0.04068,0.03879,0.01912
0.01687,0.01548,0.01218,0.01490,0.01085,0.38188,0.25831,0.13659,0.14621,0.00673
0.11384,0.11467,0.04660,0.04486,0.04791,0.21684,0.02340,0.08100,0.06659,0.24428
0.33431,0.14131,0.03949,0.01415,0.00614,0.02315,0.06823,0.15569,0.16707,0.05047
0.03849,0.03215,0.02946,0.05785,0.02805,0.12571,0.21422,0.14962,0.31362,0.01084
0.02865,0.02938,0.43307,0.01786,0.03851,0.15479,0.12557,0.02743,0.12784,0.01689
0.03208,0.09833,0.08297,0.11769,0.03455,0.03524,0.02317,0.18530,0.24103,0.14964
0.83882,0.02966,0.00333,0.02037,0.00298,0.00999,0.00890,0.01124,0.05192,0.02278
0.27042,0.10757,0.03641,0.06468,0.10703,0.08149,0.05359,0.19922,0.05727,0.02232
0.02372,0.01644,0.00927,0.01039,0.01111,0.16112,0.01562,0.44715,0.06354,0.24164
0.06097,0.09241,0.04274,0.06143,0.05974,0.03082,0.03648,0.10673,0.49452,0.01416
0.12480,0.45317,0.01810,0.01867,0.01521,0.19517,0.03861,0.09150,0.02562,0.01914
0.03648,0.04137,0.01264,0.02177,0.00801,0.07356,0.01048,0.01858,0.21549,0.56164
0.11110,0.07884,0.02198,0.01895,0.01960,0.31265,0.22967,0.06643,0.13020,0.01058
0.01824,0.01249,0.00860,0.01135,0.00555,0.02295,0.04846,0.41777,0.39961,0.05499
0.43838,0.15083,0.01125,0.01359,0.01198,0.01645,0.03667,0.04974,0.13921,0.13190
0.05452,0.05942,0.01183,0.01249,0.01312,0.02058,0.16821,0.09475,0.42452,0.14055
0.15614,0.01952,0.02224,0.10188,0.01060,0.04754,0.03143,0.21816,0.18001,0.21247
0.02788,0.03248,0.02862,0.02411,0.03273,0.19225,0.01183,0.13162,0.36741,0.15108
0.01446,0.01597,0.01002,0.00853,0.00649,0.00874,0.02847,0.32480,0.57210,0.01041
0.06979,0.04216,0.17479,0.10922,0.03635,0.02266,0.24845,0.01472,0.13545,0.14640
0.03056,0.02942,0.01392,0.01143,0.01292,0.01652,0.29124,0.11758,0.29189,0.18452
0.03904,0.12551,0.07746,0.01398,0.04166,0.12019,0.16358,0.22552,0.15912,0.03393
0.04101,0.04932,0.03763,0.05308,0.07429,0.09459,0.08268,0.17758,0.37809,0.01175
0.03026,0.04097,0.01679,0.02684,0.01771,0.23815,0.46227,0.11609,0.03108,0.01983
0.01421,0.01857,0.01294,0.01015,0.01167,0.41112,0.36838,0.01064,0.13453,0.00779
0.04940,0.06773,0.02336,0.03939,0.01859,0.22858,0.36688,0.12497,0.05899,0.02210
0.12864,0.13583,0.02508,0.01786,0.01988,0.05784,0.37235,0.19692,0.03345,0.01215
0.04184,0.11800,0.00835,0.01362,0.00833,0.24523,0.27571,0.10593,0.01766,0.16533
0.08313,0.06462,0.02306,0.01836,0.02488,0.02379,0.50193,0.07737,0.04249,0.14036
0.17802,0.35252,0.01100,0.01945,0.01607,0.10627,0.02451,0.01628,0.15761,0.11826
0.03299,0.02655,0.02307,0.02171,0.02087,0.11888,0.30064,0.11785,0.21902,0.11841
0.02701,0.03275,0.03746,0.02503,0.02996,0.33577,0.19973,0.23618,0.05008,0.02603
0.14302,0.41313,0.00621,0.01290,0.00646,0.02192,0.14766,0.07319,0.15726,0.01825
0.17757,0.04892,0.01673,0.01373,0.02218,0.04681,0.04850,0.04411,0.42630,0.15514
0.04989,0.11298,0.06678,0.01837,0.01535,0.30376,0.02120,0.25943,0.10250,0.04974
0.06219,0.06130,0.01739,0.02204,0.01941,0.14772,0.06045,0.35577,0.19743,0.05629
0.78818,0.02617,0.00244,0.00241,0.00159,0.00720,0.02624,0.11097,0.02010,0.01471
0.07990,0.05228,0.08523,0.01547,0.01410,0.10147,0.01638,0.33449,0.26211,0.03857
0.02942,0.03129,0.01744,0.01223,0.01842,0.00975,0.18086,0.29040,0.26987,0.14033
0.14658,0.27972,0.01096,0.01606,0.01418,0.05498,0.02400,0.16051,0.22121,0.07179
0.02207,0.02257,0.02679,0.02529,0.02272,0.37006,0.38377,0.02643,0.09259,0.00772
0.06410,0.07925,0.02572,0.02995,0.57642,0.06581,0.03553,0.04976,0.04211,0.03136
0.03481,0.03722,0.01635,0.02510,0.02198,0.31081,0.02228,0.05487,0.29195,0.18463
0.08535,0.06289,0.10478,0.09944,0.03327,0.05352,0.31062,0.10203,0.13515,0.01294
0.01371,0.01297,0.00873,0.01233,0.00934,0.19477,0.05533,0.58023,0.08788,0.02470
0.02593,0.18964,0.01545,0.01533,0.10014,0.17624,0.22100,0.11868,0.12652,0.01106
0.01330,0.07560,0.00886,0.00799,0.34617,0.19664,0.03931,0.16250,0.12699,0.02263
0.02735,0.02540,0.06678,0.05587,0.01069,0.11545,0.37214,0.18623,0.08112,0.05897
0.02177,0.04393,0.01029,0.14013,0.55256,0.03691,0.03654,0.01139,0.13152,0.01496
0.20185,0.05141,0.03481,0.09402,0.01717,0.03420,0.20020,0.32282,0.02680,0.01672
0.21155,0.14449,0.01069,0.01292,0.00897,0.12050,0.26021,0.18023,0.02626,0.02419
0.01934,0.01727,0.01327,0.01047,0.14592,0.00958,0.24292,0.33323,0.16424,0.04376
0.02275,0.01887,0.02730,0.02503,0.02336,0.34284,0.40748,0.05753,0.06725,0.00759
0.04075,0.05556,0.07376,0.23572,0.00853,0.05890,0.02535,0.14628,0.30334,0.05180
0.02874,0.03392,0.04313,0.01126,0.01032,0.00812,0.29214,0.07241,0.23462,0.26534
0.02840,0.16044,0.10502,0.01038,0.01843,0.19189,0.26224,0.02588,0.18550,0.01183
0.35360,0.02289,0.01481,0.01089,0.01516,0.24086,0.01350,0.07348,0.10702,0.14780
0.02453,0.04642,0.04371,0.15666,0.03513,0.35324,0.04219,0.07526,0.05169,0.17117
0.11845,0.05114,0.03829,0.16921,0.08410,0.23373,0.03540,0.14448,0.02774,0.09747
0.02154,0.01772,0.01499,0.00927,0.00688,0.35124,0.42413,0.04733,0.09972,0.00717
0.15463,0.05315,0.02722,0.02509,0.03571,0.12210,0.03539,0.44387,0.08388,0.01896
0.02350,0.02410,0.03237,0.02775,0.16949,0.14400,0.50194,0.02240,0.04355,0.01089
0.01338,0.11110,0.00893,0.00550,0.05689,0.02604,0.17956,0.36218,0.21800,0.01841
0.02196,0.02100,0.01093,0.01084,0.00724,0.01189,0.24827,0.27654,0.23985,0.15147
0.02873,0.02664,0.01390,0.01834,0.02001,0.13248,0.04145,0.06520,0.60586,0.04738
0.03432,0.11588,0.27020,0.01224,0.01043,0.01587,0.06332,0.13990,0.30927,0.02858
0.04057,0.10229,0.02858,0.04331,0.03496,0.22203,0.08767,0.02219,0.40540,0.01300
0.04826,0.04673,0.04155,0.05108,0.04123,0.11103,0.04451,0.25568,0.15797,0.20195
0.25714,0.41082,0.01304,0.05307,0.02041,0.04399,0.08482,0.03984,0.06670,0.01014
0.06802,0.04568,0.03636,0.03240,0.03064,0.02023,0.04166,0.48682,0.15473,0.08345
0.02321,0.03109,0.24266,0.01213,0.02567,0.01870,0.08361,0.37592,0.08519,0.10181
0.04648,0.03102,0.02864,0.04281,0.03172,0.10183,0.39870,0.12303,0.17632,0.01945
0.10192,0.04973,0.01559,0.02721,0.01944,0.06824,0.21369,0.43350,0.05520,0.01549
0.06020,0.05421,0.02428,0.03418,0.03196,0.49574,0.12756,0.07397,0.07794,0.01996
0.03986,0.03063,0.19223,0.02405,0.01592,0.21460,0.40085,0.02613,0.02979,0.02595
0.03036,0.21412,0.01575,0.02640,0.01258,0.01632,0.28585,0.01870,0.36504,0.01488
0.62039,0.10052,0.00399,0.00392,0.00393,0.00798,0.15085,0.02090,0.01200,0.07550
0.06369,0.05337,0.08340,0.03611,0.05432,0.28819,0.10878,0.08907,0.20184,0.02124
0.18669,0.11966,0.01025,0.01265,0.01099,0.36058,0.21881,0.01502,0.02905,0.03631
0.02900,0.04021,0.16531,0.10076,0.04689,0.02667,0.19903,0.04172,0.32276,0.02765
0.11579,0.41816,0.01181,0.01078,0.01099,0.21073,0.03871,0.01777,0.03585,0.12942
0.14975,0.31660,0.01049,0.01768,0.01030,0.03769,0.07653,0.19468,0.14445,0.04183
0.04120,0.03537,0.02228,0.01959,0.01145,0.45380,0.22371,0.04321,0.14409,0.00531
0.02370,0.05973,0.02605,0.31754,0.02896,0.03011,0.18308,0.27051,0.03924,0.02109
0.06099,0.11856,0.03935,0.05365,0.05546,0.20155,0.24116,0.05177,0.15789,0.01962
0.04255,0.03123,0.01359,0.02296,0.01451,0.18390,0.56401,0.01891,0.09290,0.01543
0.06300,0.05240,0.10146,0.04693,0.10395,0.07481,0.05050,0.02801,0.41192,0.06702
0.02105,0.01776,0.00767,0.00809,0.00921,0.01108,0.31517,0.28254,0.11040,0.21703
0.79126,0.02257,0.00727,0.02297,0.00783,0.01233,0.00982,0.04408,0.05710,0.02476
