0.02769,0.02357,0.01269,0.15343,0.02697,0.02349,0.02608,0.08609,0.02448,0.03306,0.02912,0.01352,0.08082,0.04013,0.08352,0.05426,0.08048,0.11642,0.05523,0.00898
0.00294,0.08893,0.01736,0.15522,0.03394,0.01537,0.08078,0.11181,0.01265,0.06574,0.01290,0.08568,0.06485,0.01808,0.01074,0.05669,0.01562,0.11769,0.00432,0.02871
0.00766,0.02693,0.10282,0.02363,0.02069,0.01974,0.01712,0.07491,0.17191,0.01804,0.09907,0.08833,0.01137,0.01642,0.05967,0.06727,0.00578,0.01295,0.14769,0.00799
0.01363,0.01638,0.02076,0.03495,0.07781,0.02098,0.01430,0.00598,0.04613,0.01971,0.01412,0.01667,0.33268,0.01293,0.01096,0.00678,0.01688,0.00698,0.30365,0.00771
0.01654,0.21160,0.01932,0.14125,0.05332,0.03393,0.02505,0.01931,0.03565,0.13090,0.04476,0.01518,0.18910,0.01410,0.00666,0.00903,0.00789,0.01181,0.00352,0.01107
0.21838,0.01494,0.23984,0.04501,0.01746,0.24215,0.02511,0.00785,0.01463,0.04785,0.02448,0.01071,0.01922,0.00607,0.00920,0.01426,0.02248,0.00466,0.00877,0.00690
0.06362,0.01203,0.06371,0.09557,0.10848,0.02968,0.05322,0.07049,0.08003,0.06668,0.06171,0.09738,0.01856,0.03670,0.02918,0.04806,0.00961,0.04082,0.00296,0.01150
0.26464,0.03849,0.02580,0.02444,0.07294,0.04905,0.04669,0.01963,0.05790,0.02957,0.04783,0.02023,0.03082,0.10223,0.09149,0.02020,0.01485,0.00635,0.00764,0.02920
0.03889,0.25159,0.02751,0.03649,0.03446,0.02107,0.04719,0.05216,0.01942,0.03945,0.02123,0.04793,0.23504,0.01051,0.00302,0.02817,0.04750,0.01081,0.00910,0.01846
0.05383,0.05906,0.02842,0.02652,0.06028,0.04762,0.06056,0.03753,0.18459,0.02586,0.03896,0.02663,0.05634,0.02214,0.04326,0.01827,0.02597,0.00757,0.15566,0.02094
0.02759,0.03511,0.05278,0.02040,0.03343,0.03672,0.02815,0.07401,0.21576,0.01549,0.04530,0.03293,0.03057,0.02680,0.06929,0.03617,0.03116,0.01332,0.15710,0.01789
0.00825,0.03730,0.10071,0.14709,0.12633,0.08575,0.03449,0.02717,0.01922,0.11151,0.02533,0.02376,0.02331,0.00679,0.01030,0.09953,0.08535,0.00665,0.01109,0.01006
0.01534,0.04036,0.02534,0.21828,0.07761,0.02290,0.02832,0.02538,0.08438,0.06381,0.01013,0.10469,0.02651,0.01717,0.01357,0.05136,0.00781,0.14637,0.00259,0.01807
0.02172,0.09444,0.02366,0.06291,0.12511,0.01447,0.09252,0.02925,0.07560,0.03691,0.01963,0.04002,0.07899,0.06524,0.05351,0.08769,0.02279,0.03076,0.00955,0.01522
0.04154,0.02097,0.11100,0.14594,0.05511,0.02689,0.02898,0.07738,0.06531,0.00936,0.06743,0.08701,0.01553,0.03408,0.01332,0.01218,0.02255,0.14187,0.00926,0.01428
0.05351,0.05748,0.08509,0.02698,0.04606,0.08425,0.02846,0.03405,0.14545,0.03732,0.05973,0.02942,0.04172,0.03939,0.02428,0.04991,0.02138,0.01986,0.09746,0.01821
0.01000,0.01333,0.02649,0.01216,0.01298,0.37980,0.01804,0.01294,0.01359,0.01698,0.39516,0.01406,0.00903,0.01490,0.00556,0.00844,0.00871,0.00277,0.00378,0.02127
0.02239,0.01102,0.02228,0.25547,0.16966,0.02456,0.01625,0.01072,0.12229,0.25571,0.03110,0.00577,0.00796,0.00685,0.00642,0.00794,0.00408,0.00779,0.00446,0.00727
0.01695,0.05669,0.02370,0.24241,0.03898,0.01385,0.03257,0.01673,0.01733,0.01803,0.02620,0.08904,0.05381,0.02935,0.01223,0.05703,0.00790,0.21780,0.00889,0.02050
0.00979,0.01210,0.02016,0.14811,0.01917,0.04702,0.01867,0.01410,0.00563,0.05389,0.07563,0.01968,0.06532,0.17067,0.14571,0.01571,0.00736,0.10884,0.02882,0.01363
0.01794,0.01752,0.02031,0.01489,0.09619,0.03038,0.07027,0.02354,0.06132,0.03046,0.04022,0.19218,0.02001,0.03888,0.04461,0.18701,0.07261,0.00610,0.00536,0.01020
0.08782,0.03434,0.02098,0.03027,0.13018,0.17779,0.02990,0.03050,0.07705,0.01275,0.23477,0.01683,0.00847,0.03998,0.01077,0.01366,0.01326,0.00612,0.00773,0.01682
0.03136,0.04564,0.19670,0.02268,0.03523,0.02560,0.02164,0.13959,0.02549,0.01318,0.19341,0.01860,0.04053,0.01202,0.12418,0.01895,0.01321,0.00843,0.00675,0.00682
0.01173,0.03233,0.01113,0.07313,0.02199,0.01297,0.05050,0.29632,0.01392,0.04167,0.00915,0.04570,0.01602,0.07390,0.25204,0.00553,0.00851,0.01435,0.00259,0.00651
0.03988,0.03260,0.11771,0.09057,0.04511,0.03939,0.02358,0.10339,0.02957,0.09678,0.14847,0.08065,0.02863,0.03368,0.01687,0.01530,0.00860,0.02489,0.00344,0.02088
0.04724,0.04807,0.16631,0.01286,0.11277,0.04686,0.03363,0.04441,0.10220,0.02015,0.17225,0.00781,0.03861,0.02457,0.01961,0.01304,0.05528,0.00666,0.00856,0.01909
0.03276,0.02281,0.03367,0.06003,0.04916,0.01813,0.04103,0.16065,0.04450,0.03510,0.03911,0.14369,0.01137,0.02453,0.01174,0.07238,0.11488,0.04363,0.01063,0.03021
0.00761,0.08054,0.06790,0.05900,0.11334,0.03562,0.04736,0.03971,0.09702,0.04068,0.08378,0.01602,0.02240,0.09350,0.07668,0.01422,0.00499,0.05230,0.00682,0.04051
0.02429,0.06647,0.11728,0.01863,0.11940,0.04056,0.05736,0.05806,0.11356,0.04589,0.11952,0.03515,0.02541,0.06917,0.02974,0.01221,0.00986,0.01436,0.00803,0.01504
0.19024,0.03314,0.03677,0.01140,0.01533,0.14260,0.02653,0.02920,0.00579,0.02768,0.17891,0.02065,0.02538,0.12321,0.06121,0.01856,0.02446,0.00508,0.01303,0.01082
0.01768,0.04307,0.03343,0.04955,0.01769,0.02524,0.11157,0.19852,0.01700,0.03812,0.05675,0.21547,0.02533,0.01440,0.01511,0.04107,0.01275,0.03892,0.01031,0.01800
0.01014,0.11681,0.06317,0.03152,0.04408,0.03424,0.07596,0.10789,0.02910,0.02439,0.04520,0.07959,0.08185,0.04488,0.05918,0.04799,0.00962,0.01845,0.00755,0.06838
0.01439,0.01719,0.01182,0.17534,0.12763,0.00735,0.04319,0.03844,0.09816,0.05752,0.01631,0.07131,0.04370,0.04725,0.05769,0.03411,0.01940,0.07963,0.01805,0.02152
0.03464,0.05965,0.03141,0.27958,0.01124,0.01969,0.01513,0.02002,0.01074,0.06875,0.03021,0.03543,0.06306,0.03469,0.00300,0.01270,0.00283,0.23985,0.02075,0.00663
0.05283,0.04049,0.03462,0.23343,0.01254,0.02299,0.07259,0.02409,0.02736,0.02643,0.02530,0.01046,0.01388,0.01051,0.01483,0.00507,0.00538,0.23826,0.02003,0.10891
0.02898,0.07601,0.03469,0.19854,0.03073,0.03316,0.03225,0.03377,0.02650,0.03307,0.02882,0.05325,0.08272,0.01931,0.02127,0.02470,0.01604,0.20656,0.00479,0.01486
0.04599,0.04775,0.10170,0.00888,0.01485,0.02087,0.03630,0.01901,0.01156,0.01160,0.11263,0.01702,0.03039,0.25184,0.23337,0.01212,0.00719,0.00531,0.00172,0.00990
0.02696,0.02715,0.04233,0.03542,0.19133,0.13618,0.04076,0.02222,0.16354,0.02172,0.14360,0.02239,0.02899,0.02214,0.02046,0.01612,0.00911,0.00767,0.01137,0.01054
0.02090,0.02046,0.04428,0.02172,0.05362,0.02384,0.04496,0.02646,0.06140,0.01532,0.04947,0.26186,0.01324,0.02106,0.00827,0.24427,0.01255,0.01054,0.02575,0.02004
0.02374,0.02744,0.32332,0.01542,0.00690,0.04911,0.01402,0.03503,0.00569,0.01207,0.37794,0.02433,0.01800,0.01462,0.01870,0.00586,0.01171,0.00561,0.00320,0.00727
0.06244,0.16784,0.18089,0.04671,0.03090,0.08280,0.02358,0.01311,0.00639,0.01649,0.08526,0.01968,0.16953,0.01351,0.00922,0.00765,0.00551,0.03717,0.00481,0.01651
0.03266,0.03373,0.01866,0.10901,0.22001,0.03560,0.13086,0.00898,0.09581,0.03094,0.05315,0.01374,0.01294,0.01839,0.00678,0.01463,0.04299,0.07189,0.00337,0.04587
0.09492,0.04054,0.01678,0.04716,0.23190,0.01948,0.02139,0.04535,0.22643,0.03674,0.02592,0.01446,0.01975,0.02800,0.02931,0.01276,0.02490,0.03655,0.00954,0.01812
0.01459,0.03763,0.10164,0.05685,0.11367,0.05083,0.03634,0.01818,0.10756,0.05412,0.10708,0.03601,0.03135,0.03631,0.03425,0.03494,0.03832,0.01222,0.02538,0.05273
0.01701,0.07642,0.05309,0.01370,0.04469,0.04897,0.02346,0.06910,0.05924,0.02012,0.06971,0.19036,0.05091,0.01815,0.03546,0.16186,0.01553,0.01026,0.01131,0.01067
0.09997,0.06330,0.01923,0.03379,0.01435,0.07956,0.03158,0.01995,0.01832,0.06389,0.08977,0.03132,0.05826,0.15252,0.16108,0.02146,0.00667,0.01483,0.01548,0.00465
0.02358,0.08627,0.03366,0.02568,0.18324,0.01855,0.03568,0.01919,0.14340,0.01464,0.01807,0.09530,0.09733,0.03011,0.02681,0.08847,0.01387,0.01337,0.01188,0.02092
0.11496,0.05126,0.05123,0.00946,0.16275,0.01450,0.04138,0.01171,0.20752,0.01447,0.03427,0.03524,0.05727,0.03377,0.02616,0.03030,0.02461,0.00355,0.05553,0.02006
0.02306,0.11774,0.08869,0.02266,0.02154,0.01517,0.02440,0.15315,0.01885,0.03177,0.07934,0.14774,0.02902,0.12367,0.04212,0.00787,0.01812,0.01091,0.00820,0.01599
0.00859,0.01065,0.01497,0.01952,0.03001,0.01632,0.02898,0.32327,0.02589,0.01590,0.01382,0.34752,0.01654,0.02768,0.01364,0.04858,0.02476,0.00543,0.00428,0.00366
0.03313,0.06701,0.02809,0.02756,0.01686,0.02458,0.01211,0.30316,0.00753,0.01214,0.01741,0.00967,0.07283,0.02550,0.29860,0.01234,0.00690,0.00764,0.00320,0.01373
0.51932,0.01307,0.01313,0.12636,0.01704,0.00853,0.02093,0.02826,0.01910,0.01919,0.03415,0.01536,0.00991,0.00276,0.01785,0.01170,0.01134,0.09266,0.00285,0.01649
0.11378,0.01063,0.04953,0.01964,0.17738,0.09662,0.15310,0.01094,0.10245,0.02145,0.09719,0.01196,0.01799,0.01532,0.01706,0.00831,0.04772,0.00532,0.00498,0.01862
0.00895,0.28979,0.02642,0.09661,0.03384,0.01534,0.01724,0.03695,0.02628,0.03619,0.01337,0.01739,0.11876,0.16145,0.01441,0.00738,0.00403,0.05509,0.01005,0.01046
0.02778,0.01834,0.12671,0.03168,0.08567,0.03127,0.01193,0.22809,0.07025,0.01422,0.04665,0.18566,0.01627,0.01257,0.03543,0.01442,0.00825,0.00651,0.01084,0.01746
0.02120,0.05327,0.05935,0.03513,0.04290,0.01142,0.03776,0.24408,0.02035,0.01550,0.06982,0.24682,0.00923,0.06062,0.00980,0.03263,0.00856,0.00926,0.00452,0.00776
0.04017,0.07897,0.07515,0.19401,0.07221,0.04246,0.03057,0.02255,0.02591,0.01470,0.04280,0.01410,0.07997,0.01478,0.01470,0.01692,0.02707,0.16985,0.01501,0.00809
0.20284,0.07686,0.08662,0.06720,0.07045,0.02311,0.01135,0.03124,0.05747,0.04799,0.08405,0.01492,0.07566,0.01285,0.01576,0.03356,0.03472,0.01694,0.01602,0.02039
0.01430,0.10512,0.04179,0.18239,0.00754,0.00812,0.03234,0.11140,0.01157,0.03055,0.04673,0.07440,0.06799,0.01828,0.02666,0.03143,0.01162,0.14736,0.00696,0.02344
0.00394,0.05114,0.01888,0.09570,0.23674,0.01425,0.06891,0.05728,0.23215,0.03994,0.01025,0.03004,0.01552,0.02200,0.01403,0.01557,0.00428,0.06105,0.00257,0.00576
0.02221,0.04602,0.10982,0.02087,0.12824,0.01100,0.03168,0.11429,0.08230,0.01930,0.09676,0.09229,0.02798,0.05088,0.02958,0.04686,0.01088,0.00918,0.02968,0.02018
0.01496,0.08388,0.03917,0.02078,0.10879,0.19900,0.01576,0.02714,0.05598,0.02036,0.22188,0.02204,0.02498,0.05382,0.01507,0.01119,0.01802,0.01858,0.01510,0.01348
0.04769,0.22327,0.06968,0.03314,0.02642,0.02085,0.03685,0.05157,0.01805,0.02763,0.07618,0.06096,0.05490,0.15314,0.00277,0.04729,0.01387,0.01550,0.00706,0.01317
0.04015,0.03891,0.08938,0.05910,0.09630,0.05908,0.08025,0.04203,0.06079,0.03903,0.05401,0.08584,0.02963,0.02725,0.02557,0.09582,0.01743,0.05080,0.00460,0.00402
0.35729,0.01500,0.05087,0.15863,0.03939,0.00949,0.03129,0.01877,0.01636,0.02533,0.04842,0.02953,0.02973,0.01733,0.01139,0.00960,0.01035,0.10775,0.00702,0.00649
0.02236,0.02998,0.07074,0.23428,0.04380,0.06753,0.02027,0.01206,0.01317,0.20180,0.03082,0.05327,0.03800,0.00717,0.03346,0.03982,0.01249,0.04735,0.00772,0.01391
0.01016,0.38913,0.02334,0.01182,0.02189,0.01004,0.01343,0.01316,0.01241,0.03487,0.01075,0.01396,0.01393,0.37656,0.00734,0.01045,0.00483,0.00446,0.00847,0.00899
0.04782,0.02036,0.14353,0.01871,0.10605,0.14621,0.05113,0.01543,0.07270,0.01419,0.17828,0.01047,0.01995,0.05013,0.04003,0.00729,0.01421,0.00771,0.00905,0.02675
0.30817,0.01526,0.02472,0.03057,0.13524,0.01371,0.03372,0.01340,0.07682,0.01405,0.02529,0.02490,0.03337,0.10144,0.09058,0.01376,0.01018,0.01567,0.00493,0.01421
0.30867,0.01594,0.01960,0.08621,0.02097,0.09900,0.03413,0.02709,0.01412,0.03609,0.10927,0.03445,0.02776,0.02151,0.03116,0.02460,0.01650,0.05587,0.00518,0.01188
0.02695,0.07913,0.13838,0.02209,0.11658,0.09990,0.05600,0.02340,0.05039,0.04761,0.07455,0.03779,0.06099,0.07756,0.02319,0.02049,0.00858,0.01387,0.00297,0.01958
0.05045,0.17626,0.15860,0.01050,0.01868,0.04174,0.00734,0.01639,0.05948,0.01704,0.14924,0.02931,0.17372,0.01106,0.00978,0.01629,0.01269,0.00529,0.02421,0.01194
0.02144,0.14969,0.01583,0.09281,0.03775,0.14935,0.02294,0.01955,0.01785,0.04538,0.16299,0.01606,0.13974,0.01054,0.01140,0.01954,0.02320,0.02715,0.01037,0.00641
0.02649,0.01557,0.03866,0.15599,0.23088,0.02543,0.03268,0.02190,0.21219,0.02901,0.01603,0.01354,0.01861,0.00633,0.00885,0.01197,0.00822,0.11826,0.00289,0.00650
0.03399,0.02601,0.04109,0.02888,0.04611,0.02107,0.03803,0.02923,0.15306,0.02011,0.04963,0.11621,0.02042,0.01407,0.01244,0.12524,0.06163,0.01236,0.12752,0.02289
0.01139,0.03833,0.22026,0.03890,0.04519,0.11405,0.06311,0.01021,0.01875,0.02386,0.23372,0.01430,0.00625,0.05290,0.00597,0.02377,0.01458,0.02270,0.00113,0.04063
0.01305,0.06612,0.08583,0.01598,0.08330,0.03908,0.02183,0.05369,0.16297,0.02491,0.07402,0.03518,0.01980,0.07091,0.04349,0.04199,0.01099,0.00418,0.12248,0.01022
0.02052,0.03093,0.02748,0.01756,0.13831,0.04252,0.01648,0.02543,0.09153,0.03115,0.04583,0.19092,0.03278,0.02066,0.03570,0.20119,0.01141,0.00595,0.00374,0.00990
0.22176,0.16788,0.06659,0.01263,0.03967,0.02810,0.04037,0.01501,0.01443,0.02483,0.06770,0.02674,0.16222,0.01976,0.01794,0.02350,0.01258,0.01236,0.00173,0.02421
0.04323,0.08123,0.04261,0.18892,0.02866,0.02660,0.04899,0.07833,0.01399,0.04516,0.04644,0.09987,0.04498,0.02407,0.01949,0.01599,0.01700,0.12426,0.00492,0.00527
0.01999,0.02322,0.02028,0.03053,0.02869,0.02157,0.03195,0.02684,0.01773,0.02920,0.03184,0.31243,0.02392,0.01756,0.04025,0.29570,0.00469,0.01500,0.00218,0.00643
0.01856,0.20302,0.04328,0.05723,0.06664,0.03716,0.04281,0.02241,0.05291,0.02950,0.03986,0.01357,0.06459,0.15220,0.02750,0.02741,0.01804,0.04057,0.00832,0.03443
0.01813,0.00988,0.02048,0.01012,0.10091,0.01985,0.02808,0.07114,0.05357,0.00761,0.02629,0.03058,0.24658,0.02022,0.10386,0.02568,0.01335,0.00506,0.18383,0.00481
0.02809,0.04146,0.01781,0.08380,0.13348,0.02171,0.03759,0.12634,0.10591,0.04376,0.03534,0.04990,0.02745,0.02182,0.07713,0.02511,0.01489,0.03456,0.02221,0.05164
0.00864,0.01627,0.02625,0.23236,0.01670,0.02075,0.05466,0.01971,0.02109,0.01453,0.02607,0.00837,0.08065,0.12012,0.06749,0.00549,0.00810,0.20389,0.02167,0.02719
0.03119,0.02942,0.05516,0.02483,0.02291,0.01863,0.01691,0.16417,0.02588,0.01337,0.06248,0.01473,0.15319,0.02539,0.17146,0.00851,0.00774,0.01119,0.13037,0.01248
0.46765,0.02375,0.05536,0.02655,0.07325,0.03075,0.03317,0.02124,0.00603,0.02390,0.07840,0.01450,0.02121,0.02312,0.02552,0.01736,0.01006,0.01526,0.00715,0.02577
0.09788,0.01400,0.08823,0.08388,0.19865,0.02446,0.04112,0.01956,0.17045,0.01382,0.06971,0.01483,0.00988,0.00601,0.01264,0.01464,0.01629,0.07626,0.00342,0.02429
0.01338,0.14926,0.02323,0.03464,0.07213,0.05368,0.12052,0.01163,0.01824,0.02441,0.08877,0.01666,0.13214,0.05811,0.06196,0.01697,0.06690,0.01260,0.00470,0.02008
0.02205,0.16130,0.05709,0.19779,0.03602,0.01134,0.01747,0.01757,0.01360,0.12531,0.03921,0.01660,0.01444,0.13937,0.00951,0.00581,0.00916,0.08256,0.00524,0.01857
0.07237,0.14655,0.04912,0.03066,0.07982,0.01351,0.05994,0.08316,0.01848,0.02442,0.04623,0.02402,0.14261,0.03369,0.07435,0.03112,0.03665,0.00848,0.00863,0.01619
0.01004,0.01204,0.01834,0.18990,0.16231,0.03184,0.01741,0.07360,0.14665,0.15099,0.02938,0.01104,0.00908,0.00945,0.05459,0.01081,0.01044,0.02367,0.00380,0.02461
0.01833,0.01559,0.01868,0.05575,0.02939,0.01680,0.01559,0.28062,0.02828,0.04338,0.03465,0.05820,0.01658,0.01839,0.23802,0.07307,0.01404,0.00973,0.00331,0.01162
0.01485,0.02541,0.02096,0.19122,0.01758,0.01263,0.15127,0.03459,0.01174,0.01832,0.01551,0.05810,0.01709,0.04048,0.02549,0.03002,0.00981,0.14203,0.00524,0.15764
0.01780,0.08313,0.02877,0.05104,0.03143,0.04031,0.01076,0.23587,0.03231,0.03774,0.01889,0.21267,0.08953,0.01239,0.01447,0.02112,0.02365,0.01360,0.00680,0.01773
0.01393,0.03129,0.04705,0.06697,0.02860,0.24445,0.05920,0.01653,0.02440,0.01819,0.29613,0.02138,0.01557,0.00757,0.00769,0.02583,0.00447,0.04284,0.00846,0.01944
0.03947,0.07934,0.02401,0.03262,0.03252,0.03584,0.03401,0.23542,0.02938,0.02396,0.07222,0.02051,0.06874,0.01367,0.18796,0.01888,0.01636,0.01621,0.00626,0.01262
0.51856,0.06422,0.02381,0.01063,0.05063,0.01735,0.02656,0.01667,0.02859,0.01985,0.01424,0.04327,0.04889,0.03598,0.01112,0.03632,0.01602,0.00506,0.00688,0.00536
0.01448,0.01529,0.10129,0.04634,0.01899,0.23380,0.03278,0.03802,0.01119,0.02470,0.32417,0.01782,0.02472,0.01047,0.02263,0.00979,0.01170,0.02915,0.00538,0.00728
0.01230,0.03931,0.01549,0.11464,0.11602,0.16512,0.02113,0.01574,0.09105,0.11109,0.18325,0.01249,0.02678,0.00824,0.00627,0.01169,0.00826,0.01844,0.00809,0.01463
0.01128,0.17207,0.02468,0.21059,0.04488,0.01311,0.00813,0.01934,0.03966,0.14448,0.02511,0.01311,0.07125,0.06796,0.01669,0.01019,0.00549,0.07195,0.01561,0.01442
0.09165,0.01405,0.30822,0.02223,0.02605,0.00957,0.03375,0.01772,0.01506,0.02304,0.32041,0.01005,0.01379,0.01705,0.02966,0.00620,0.01855,0.01109,0.00453,0.00734
0.02576,0.02582,0.01515,0.13449,0.09829,0.00734,0.06010,0.14340,0.06765,0.11967,0.01993,0.14317,0.01600,0.00964,0.01511,0.03360,0.02779,0.01072,0.00540,0.02096
0.02503,0.17449,0.06546,0.05272,0.02083,0.07572,0.02629,0.04277,0.01170,0.02297,0.12530,0.04073,0.17495,0.02320,0.02852,0.00863,0.01181,0.04434,0.00337,0.02119
0.06833,0.16574,0.10075,0.02655,0.03159,0.10057,0.02069,0.01356,0.01907,0.02537,0.16873,0.02246,0.15445,0.01636,0.00760,0.01057,0.01732,0.01034,0.00770,0.01223
0.01537,0.03525,0.09112,0.11324,0.03357,0.05636,0.01458,0.20246,0.02208,0.03226,0.06052,0.16335,0.04026,0.00766,0.01590,0.00585,0.00439,0.07668,0.00574,0.00335
0.02222,0.02229,0.04475,0.02579,0.11375,0.02818,0.03604,0.06876,0.02544,0.01488,0.04971,0.17851,0.02302,0.01450,0.11103,0.17253,0.01855,0.01052,0.00757,0.01196
0.03050,0.00983,0.14588,0.13680,0.10470,0.02837,0.04561,0.02446,0.06790,0.12857,0.14380,0.01884,0.01085,0.01533,0.03154,0.02259,0.01198,0.01329,0.00118,0.00798
0.02542,0.03525,0.15012,0.08662,0.06095,0.02737,0.03202,0.03215,0.03911,0.02953,0.17728,0.01641,0.03486,0.06899,0.08449,0.01598,0.00905,0.05161,0.00640,0.01638
0.01239,0.08945,0.08071,0.06316,0.04650,0.03002,0.03896,0.04010,0.08333,0.05302,0.08244,0.04197,0.10312,0.07672,0.02260,0.01761,0.02067,0.02301,0.05204,0.02218
0.03658,0.02293,0.11580,0.08720,0.03377,0.03184,0.04765,0.15701,0.02388,0.01938,0.11297,0.02865,0.01310,0.00978,0.12216,0.01038,0.02435,0.06690,0.00590,0.02978
0.05672,0.01629,0.01039,0.34229,0.02276,0.04180,0.01843,0.02428,0.01819,0.31513,0.02388,0.01553,0.00939,0.00999,0.01064,0.01923,0.01416,0.02049,0.00293,0.00748
0.03194,0.02649,0.04638,0.14839,0.02738,0.15527,0.02908,0.03780,0.03360,0.04473,0.12963,0.01206,0.03805,0.03843,0.05633,0.00841,0.00995,0.09350,0.01096,0.02161
0.06716,0.07009,0.01075,0.24348,0.03308,0.02778,0.01512,0.02545,0.01489,0.05728,0.04716,0.01110,0.08981,0.01928,0.02391,0.01119,0.01442,0.20004,0.01209,0.00592
0.00521,0.01607,0.00496,0.01396,0.01656,0.36544,0.01879,0.02572,0.02537,0.01609,0.38176,0.03412,0.01233,0.00854,0.01276,0.02070,0.00634,0.00571,0.00299,0.00658
0.01274,0.02265,0.03892,0.02325,0.20972,0.01609,0.02494,0.02409,0.26549,0.02582,0.02715,0.04011,0.05424,0.01037,0.01536,0.02002,0.01446,0.01974,0.12482,0.01001
0.02651,0.02260,0.08253,0.07258,0.21645,0.01604,0.14117,0.02481,0.09016,0.06369,0.07031,0.02915,0.01395,0.01115,0.00568,0.02678,0.02401,0.01418,0.02401,0.02423
0.04702,0.09042,0.02050,0.15718,0.02994,0.02672,0.03801,0.02339,0.05299,0.03113,0.03119,0.05130,0.08529,0.02825,0.02408,0.02640,0.02793,0.13489,0.03060,0.04279
0.01720,0.03934,0.07904,0.05487,0.12409,0.04263,0.04695,0.01760,0.08544,0.02813,0.03410,0.14293,0.04540,0.02188,0.00578,0.13505,0.03215,0.01902,0.00765,0.02072
0.01183,0.06076,0.01770,0.05554,0.08503,0.02677,0.15680,0.06406,0.01727,0.04215,0.02259,0.06332,0.05249,0.00737,0.00685,0.09747,0.17709,0.01443,0.00609,0.01438
0.00992,0.05943,0.05962,0.01136,0.05797,0.04506,0.05492,0.01500,0.11370,0.01010,0.04323,0.15957,0.04595,0.01471,0.02233,0.14346,0.03067,0.00610,0.08103,0.01586
0.01210,0.07100,0.06058,0.03577,0.12525,0.06689,0.02869,0.09169,0.07888,0.04519,0.01637,0.06154,0.07649,0.01966,0.12897,0.04006,0.00590,0.01020,0.00662,0.01814
0.03162,0.01287,0.03784,0.12415,0.01579,0.21987,0.01651,0.01418,0.01593,0.02243,0.24982,0.01680,0.01786,0.00822,0.01318,0.00586,0.00650,0.13644,0.01258,0.02156
0.01393,0.01811,0.06640,0.16113,0.05058,0.12698,0.12224,0.02568,0.01535,0.02165,0.06136,0.01428,0.00884,0.04462,0.01383,0.00911,0.00774,0.12794,0.00237,0.08788
0.02961,0.01025,0.14348,0.02009,0.22279,0.03569,0.04234,0.00922,0.19790,0.02783,0.14242,0.01256,0.02315,0.01371,0.01885,0.00919,0.00953,0.01672,0.00617,0.00849
0.00727,0.02909,0.25822,0.02295,0.03839,0.01447,0.01060,0.01142,0.09715,0.01224,0.23716,0.01781,0.03595,0.02118,0.01142,0.00748,0.00647,0.11037,0.03669,0.01366
0.01075,0.13467,0.03067,0.08117,0.01702,0.03204,0.01925,0.20600,0.01137,0.05711,0.02250,0.13492,0.13079,0.01741,0.03013,0.00882,0.00723,0.02759,0.00663,0.01391
0.02220,0.02671,0.20475,0.01518,0.05932,0.03192,0.04441,0.11825,0.04751,0.02652,0.18328,0.03634,0.01695,0.04287,0.06905,0.01231,0.00741,0.01380,0.00775,0.01346
0.01033,0.03087,0.28929,0.02990,0.05007,0.01818,0.01906,0.02077,0.04764,0.04940,0.30117,0.02414,0.01853,0.01176,0.01862,0.02321,0.01401,0.00821,0.00359,0.01125
0.02394,0.02612,0.07341,0.10975,0.02607,0.21295,0.04124,0.03916,0.03684,0.03367,0.19647,0.01987,0.02462,0.01162,0.02213,0.02771,0.00968,0.04548,0.00314,0.01615
0.03231,0.08924,0.07086,0.01424,0.20591,0.02799,0.09323,0.01406,0.12900,0.01214,0.09798,0.01571,0.08935,0.01512,0.01382,0.02062,0.02128,0.01884,0.00358,0.01472
0.12147,0.02607,0.22041,0.05877,0.02429,0.02960,0.03218,0.04533,0.00838,0.01517,0.26835,0.01119,0.01642,0.02180,0.03148,0.01253,0.01472,0.03074,0.00172,0.00938
0.07182,0.02747,0.08893,0.20219,0.02361,0.03075,0.03415,0.03779,0.02282,0.01211,0.09877,0.02311,0.01970,0.05216,0.05765,0.01128,0.01716,0.15549,0.00315,0.00987
0.17954,0.02341,0.01716,0.12638,0.03374,0.01765,0.03567,0.03108,0.04505,0.02164,0.02214,0.02251,0.10077,0.01392,0.01687,0.01230,0.04163,0.16572,0.05884,0.01398
0.01843,0.07324,0.02070,0.02950,0.02636,0.02776,0.02630,0.02963,0.02270,0.01317,0.04865,0.29283,0.04306,0.00962,0.00879,0.27215,0.00445,0.01874,0.00426,0.00967
0.01455,0.01762,0.02973,0.14360,0.18539,0.01497,0.03735,0.04731,0.13684,0.12847,0.01348,0.04315,0.01735,0.02495,0.06825,0.02438,0.00832,0.01939,0.00617,0.01874
0.07293,0.04677,0.03502,0.01255,0.10834,0.03029,0.03336,0.01194,0.05741,0.02309,0.04809,0.14726,0.02785,0.04905,0.07388,0.16032,0.01155,0.01075,0.00839,0.03116
0.05139,0.08569,0.02459,0.05886,0.02897,0.01397,0.02798,0.14555,0.03610,0.02174,0.01429,0.14835,0.10154,0.02822,0.00749,0.01980,0.03000,0.13337,0.01071,0.01138
0.02849,0.02028,0.31187,0.01982,0.03558,0.02637,0.01981,0.01314,0.01764,0.02357,0.33795,0.02165,0.02433,0.03125,0.01751,0.00677,0.01560,0.00845,0.00580,0.01412
0.01669,0.02536,0.04759,0.30790,0.07357,0.03889,0.03436,0.00911,0.03384,0.29069,0.02672,0.00644,0.01183,0.01247,0.00672,0.00331,0.00451,0.01504,0.01795,0.01700
0.06581,0.01645,0.02598,0.01509,0.04181,0.04119,0.02678,0.12095,0.02182,0.03579,0.06411,0.17407,0.02582,0.01815,0.08911,0.15214,0.00917,0.01368,0.03101,0.01106
0.01627,0.05005,0.02602,0.02443,0.09237,0.05224,0.02892,0.03234,0.09337,0.02131,0.04919,0.04314,0.06363,0.02559,0.01666,0.17887,0.14699,0.01045,0.00592,0.02228
0.01764,0.07480,0.03485,0.25693,0.02934,0.02728,0.02541,0.02421,0.01309,0.24378,0.01792,0.02646,0.08978,0.03321,0.00909,0.00810,0.02010,0.02693,0.00839,0.01269
0.06393,0.24406,0.02682,0.03342,0.03883,0.00943,0.01973,0.01606,0.03999,0.01284,0.01248,0.04617,0.25162,0.01981,0.03278,0.05090,0.01125,0.01916,0.03397,0.01674
0.05138,0.04961,0.04703,0.09615,0.01674,0.02494,0.02517,0.20308,0.00916,0.09922,0.05572,0.19413,0.03656,0.02243,0.01489,0.01481,0.01594,0.01029,0.00602,0.00674
0.05836,0.04472,0.12655,0.07952,0.00658,0.09125,0.02223,0.02240,0.01049,0.03229,0.21179,0.01358,0.03672,0.05891,0.08130,0.01697,0.00874,0.05033,0.00837,0.01892
0.03103,0.03579,0.05601,0.02271,0.09378,0.02364,0.04122,0.12873,0.10123,0.01972,0.06542,0.12133,0.04318,0.06438,0.02644,0.02540,0.03380,0.01108,0.03001,0.02510
0.01514,0.04493,0.18285,0.11865,0.05778,0.04681,0.01795,0.03130,0.01444,0.07840,0.12609,0.03013,0.04238,0.01868,0.00886,0.00530,0.01226,0.10961,0.02475,0.01368
0.02000,0.06850,0.06302,0.17417,0.04983,0.02517,0.03600,0.05082,0.02796,0.01958,0.02014,0.02504,0.04721,0.03166,0.05512,0.01407,0.00928,0.15971,0.02673,0.07598
0.00722,0.09264,0.08239,0.05904,0.05016,0.13606,0.04836,0.02409,0.03841,0.02390,0.15776,0.06168,0.08224,0.02303,0.01127,0.03209,0.01228,0.04222,0.00650,0.00867
0.03846,0.03020,0.05718,0.04284,0.05293,0.04278,0.03487,0.15918,0.07650,0.04337,0.09175,0.01545,0.02300,0.02199,0.15345,0.00510,0.01727,0.02481,0.05582,0.01305
0.03536,0.01877,0.11560,0.04333,0.13567,0.05304,0.03306,0.08413,0.11778,0.01776,0.13040,0.01090,0.01968,0.03063,0.06592,0.00911,0.02248,0.03151,0.01320,0.01167
0.01285,0.19700,0.01696,0.02138,0.01447,0.01492,0.02822,0.14376,0.01453,0.02630,0.01550,0.18580,0.02722,0.17856,0.02198,0.02576,0.01662,0.00419,0.00859,0.02538
0.02092,0.02084,0.19576,0.03809,0.01900,0.28271,0.07452,0.01081,0.01003,0.02106,0.12356,0.01852,0.02971,0.03818,0.01135,0.01446,0.01580,0.02110,0.00499,0.02860
0.03399,0.02432,0.03222,0.27046,0.04515,0.02459,0.02010,0.02564,0.01943,0.08767,0.02634,0.05353,0.03595,0.00845,0.00688,0.01835,0.01441,0.23922,0.00797,0.00533
0.32756,0.02176,0.04251,0.01682,0.02000,0.14851,0.02534,0.01443,0.02342,0.01479,0.16905,0.01453,0.02614,0.02518,0.03148,0.03067,0.01532,0.01243,0.00721,0.01284
0.01941,0.05372,0.04959,0.16770,0.03249,0.01734,0.04067,0.08991,0.01490,0.07490,0.03289,0.07426,0.06038,0.03917,0.02530,0.03856,0.06216,0.09878,0.00462,0.00325
0.13149,0.01950,0.07109,0.02912,0.01777,0.23346,0.03304,0.01668,0.02483,0.04662,0.23760,0.01090,0.01033,0.03359,0.01892,0.01332,0.01286,0.00880,0.00983,0.02025
0.02872,0.03080,0.01669,0.15479,0.08300,0.01555,0.03416,0.02304,0.00783,0.02733,0.03447,0.17247,0.04412,0.00822,0.00684,0.15592,0.01454,0.11096,0.01410,0.01645
0.01794,0.19944,0.01794,0.10544,0.02090,0.02069,0.03529,0.05335,0.01731,0.08584,0.01605,0.05462,0.19178,0.01976,0.01051,0.01359,0.01537,0.04946,0.01148,0.04326
0.02055,0.03047,0.09418,0.08688,0.02431,0.06658,0.02928,0.05303,0.01791,0.04066,0.14780,0.01967,0.10855,0.01483,0.06038,0.01695,0.01374,0.07337,0.07159,0.00926
0.21765,0.04283,0.05574,0.04254,0.04281,0.13486,0.02252,0.03096,0.02264,0.05166,0.15956,0.01043,0.04987,0.02146,0.02269,0.01225,0.01379,0.02356,0.00777,0.01443
0.02168,0.18971,0.04592,0.02312,0.07170,0.00900,0.02482,0.02804,0.05381,0.02168,0.05148,0.03897,0.16503,0.10217,0.10581,0.02363,0.00366,0.00902,0.00387,0.00687
0.02238,0.02021,0.02138,0.06458,0.01925,0.04838,0.05392,0.14910,0.15055,0.03376,0.03863,0.01430,0.02158,0.01802,0.14153,0.01912,0.02133,0.00632,0.12808,0.00760
0.04540,0.21747,0.03250,0.03282,0.03868,0.08284,0.04602,0.01714,0.01677,0.03404,0.07303,0.02146,0.22876,0.01503,0.03657,0.01606,0.01553,0.00999,0.01068,0.00921
0.01758,0.11699,0.01888,0.09482,0.03062,0.01909,0.05309,0.13591,0.01404,0.05743,0.01639,0.12955,0.02088,0.11387,0.01723,0.03003,0.05598,0.02823,0.01473,0.01467
0.04059,0.01647,0.05154,0.06133,0.11457,0.03476,0.02051,0.06892,0.08600,0.06623,0.10304,0.11222,0.01633,0.01672,0.05073,0.11380,0.00920,0.00533,0.00448,0.00722
0.49718,0.02718,0.03673,0.01610,0.03948,0.03664,0.05615,0.01813,0.02327,0.02129,0.08361,0.01541,0.01635,0.04764,0.02217,0.00864,0.00984,0.00487,0.00262,0.01671
0.03151,0.28426,0.02587,0.01910,0.10178,0.02403,0.00881,0.01469,0.07795,0.01711,0.03048,0.00655,0.28112,0.01922,0.01600,0.00717,0.01666,0.00502,0.00558,0.00710
0.00681,0.01933,0.01555,0.02082,0.02742,0.01312,0.02181,0.17687,0.02278,0.00951,0.02461,0.18849,0.01762,0.01485,0.15589,0.19163,0.04573,0.00863,0.00980,0.00873
0.34515,0.05558,0.06652,0.01636,0.06959,0.02881,0.03738,0.04602,0.05510,0.02521,0.07143,0.01812,0.05641,0.01956,0.02739,0.01245,0.02031,0.00622,0.01171,0.01068
0.04063,0.07185,0.03373,0.19805,0.06637,0.04518,0.06017,0.01778,0.03733,0.15154,0.04964,0.01327,0.06819,0.02515,0.00559,0.01748,0.05459,0.02904,0.00657,0.00784
0.02607,0.24055,0.01858,0.02123,0.01696,0.02163,0.02322,0.10971,0.01540,0.01644,0.03449,0.09919,0.24858,0.01073,0.00687,0.02140,0.03025,0.01245,0.01193,0.01430
0.08715,0.01978,0.18370,0.04369,0.14172,0.02733,0.08118,0.01028,0.01076,0.05066,0.15332,0.02189,0.04230,0.01145,0.02064,0.01514,0.01814,0.00581,0.03949,0.01559
0.02786,0.03989,0.03992,0.02664,0.10714,0.03699,0.02171,0.04336,0.10558,0.03902,0.01378,0.01679,0.20863,0.01403,0.01876,0.00472,0.02175,0.01552,0.18389,0.01403
0.12359,0.23842,0.06408,0.03505,0.04385,0.01743,0.04027,0.01078,0.02293,0.01888,0.03228,0.02006,0.21231,0.01314,0.01460,0.02148,0.01755,0.02348,0.00765,0.02217
0.01271,0.11554,0.01466,0.03180,0.12258,0.01851,0.08666,0.11773,0.09631,0.02055,0.02409,0.03110,0.09023,0.03166,0.09259,0.03244,0.02342,0.00439,0.01701,0.01601
0.01522,0.01847,0.06820,0.02751,0.09312,0.01851,0.02427,0.02670,0.08519,0.01940,0.05167,0.18313,0.01749,0.01271,0.01741,0.20369,0.01307,0.01940,0.04248,0.04237
0.04515,0.10213,0.01406,0.05043,0.11258,0.03465,0.02781,0.10466,0.09920,0.03541,0.01048,0.10858,0.12753,0.03945,0.01435,0.01045,0.01401,0.02363,0.00831,0.01713
0.01065,0.19229,0.01803,0.08403,0.04072,0.02021,0.02921,0.04224,0.03889,0.05167,0.00783,0.04150,0.18431,0.01991,0.04234,0.04272,0.02501,0.04427,0.02850,0.03566
0.01782,0.22473,0.02200,0.13141,0.03954,0.02178,0.02696,0.01663,0.02195,0.13769,0.01779,0.01709,0.15296,0.06124,0.02872,0.01795,0.02040,0.00776,0.00633,0.00923
0.16896,0.02803,0.06663,0.01537,0.05808,0.13633,0.04917,0.01171,0.03211,0.01620,0.16941,0.01524,0.02458,0.08088,0.05985,0.01455,0.01591,0.00907,0.00788,0.02005
0.05119,0.02948,0.02618,0.03808,0.03640,0.02281,0.02187,0.03357,0.03786,0.01639,0.02708,0.21708,0.05948,0.03827,0.03012,0.21551,0.01943,0.02292,0.02763,0.02865
0.00587,0.01684,0.04463,0.03876,0.02147,0.02049,0.02764,0.28533,0.01755,0.01026,0.02506,0.08914,0.01807,0.01447,0.26201,0.07587,0.00913,0.00465,0.00547,0.00729
0.02644,0.03703,0.03727,0.01424,0.31095,0.01768,0.02280,0.01239,0.26924,0.02185,0.03611,0.04464,0.01713,0.04102,0.01440,0.05558,0.00583,0.00385,0.00489,0.00665
0.03300,0.07200,0.28046,0.00921,0.01504,0.04756,0.04361,0.01921,0.02964,0.01864,0.28079,0.01961,0.04963,0.01536,0.00600,0.01927,0.01334,0.00709,0.01080,0.00975
0.01015,0.15432,0.01079,0.04022,0.06449,0.01616,0.04036,0.02527,0.14533,0.01741,0.02730,0.04561,0.12891,0.04612,0.01103,0.06708,0.01047,0.01454,0.09817,0.02626
0.02382,0.03363,0.03936,0.23024,0.02477,0.02164,0.02809,0.08519,0.01337,0.18701,0.05246,0.07481,0.02706,0.01463,0.01502,0.01206,0.03302,0.06220,0.00686,0.01476
0.03659,0.03258,0.01242,0.08601,0.02006,0.03228,0.00821,0.24288,0.01497,0.04813,0.03560,0.21888,0.01888,0.03959,0.01820,0.02021,0.04555,0.05295,0.00649,0.00953
0.01294,0.04949,0.02157,0.04722,0.04771,0.01061,0.04208,0.11267,0.03790,0.03575,0.02125,0.16370,0.03723,0.02984,0.11342,0.15271,0.00921,0.01512,0.01046,0.02912
0.01754,0.03943,0.01522,0.09279,0.02562,0.04538,0.03285,0.14896,0.01283,0.12397,0.04408,0.12052,0.03660,0.00630,0.01693,0.09139,0.11118,0.00366,0.00534,0.00942
0.01377,0.03228,0.01744,0.21210,0.04394,0.01573,0.06635,0.09423,0.01342,0.04138,0.01919,0.10191,0.00879,0.04304,0.01086,0.02829,0.04429,0.17338,0.00515,0.01446
0.77023,0.00753,0.02644,0.02758,0.02534,0.00724,0.00884,0.00839,0.01600,0.02689,0.01197,0.00656,0.00871,0.00402,0.00530,0.01079,0.00626,0.01047,0.00290,0.00853
0.62449,0.02267,0.01810,0.02034,0.03128,0.02256,0.03701,0.01034,0.02282,0.02142,0.01996,0.01866,0.02914,0.03937,0.01932,0.01072,0.01203,0.00699,0.00654,0.00624
0.05306,0.03247,0.01956,0.11546,0.09640,0.09656,0.10341,0.02254,0.06928,0.01817,0.05742,0.01459,0.02148,0.07681,0.05297,0.01634,0.01154,0.09773,0.00609,0.01812
0.01350,0.10905,0.02176,0.03206,0.02654,0.02366,0.03606,0.05646,0.01845,0.02391,0.02394,0.17964,0.11373,0.02558,0.08686,0.15410,0.00628,0.02359,0.00413,0.02073
0.10371,0.02095,0.07757,0.07506,0.11579,0.05802,0.04283,0.01345,0.09590,0.02692,0.07823,0.00513,0.02927,0.05494,0.05947,0.02423,0.02577,0.06126,0.00239,0.02914
0.21287,0.11925,0.02806,0.03728,0.08384,0.02167,0.04055,0.01144,0.04814,0.06331,0.02866,0.01359,0.11422,0.03928,0.05649,0.02165,0.00784,0.01724,0.01116,0.02348
0.03109,0.13854,0.05712,0.11882,0.03910,0.01912,0.02059,0.01978,0.00942,0.02496,0.05403,0.01696,0.17950,0.01350,0.01577,0.00960,0.02028,0.16069,0.03838,0.01275
0.03940,0.12003,0.01656,0.05502,0.13334,0.01684,0.02930,0.03677,0.10184,0.04261,0.01934,0.02354,0.12219,0.06012,0.04972,0.04376,0.04452,0.01341,0.01237,0.01932
0.04306,0.05162,0.02465,0.02059,0.02451,0.03041,0.03664,0.03385,0.24188,0.02268,0.03895,0.01549,0.02297,0.05608,0.04270,0.00993,0.01444,0.01080,0.21159,0.04716
0.01115,0.10390,0.05633,0.03429,0.03048,0.20887,0.02097,0.02012,0.01720,0.04928,0.15418,0.02116,0.10249,0.04203,0.05305,0.01205,0.01344,0.02372,0.00594,0.01937
0.01721,0.04665,0.08111,0.02566,0.18669,0.02624,0.09311,0.03787,0.09562,0.02629,0.08295,0.06991,0.02755,0.01933,0.02020,0.08761,0.02638,0.01016,0.01011,0.00935
0.01467,0.05384,0.04687,0.14624,0.02650,0.05530,0.01987,0.10727,0.02638,0.17312,0.06644,0.05380,0.05212,0.02225,0.04504,0.03107,0.01970,0.01677,0.00709,0.01565
0.02071,0.01485,0.01896,0.04092,0.20796,0.01829,0.03224,0.04872,0.18300,0.05124,0.02546,0.10020,0.02810,0.02017,0.03992,0.09681,0.01293,0.00724,0.01114,0.02115
0.04305,0.01750,0.25883,0.02789,0.04792,0.01825,0.01495,0.02780,0.05084,0.01243,0.24715,0.06933,0.01276,0.01736,0.00841,0.06160,0.01082,0.02293,0.01462,0.01558
0.03387,0.23376,0.08785,0.02774,0.04001,0.02099,0.02190,0.06423,0.02476,0.02852,0.06783,0.05861,0.14249,0.06538,0.00804,0.00613,0.01227,0.02801,0.00735,0.02025
0.01044,0.04041,0.02600,0.02496,0.12623,0.06484,0.03068,0.01212,0.23331,0.03449,0.03724,0.01909,0.07698,0.00692,0.00943,0.01884,0.03573,0.00372,0.17066,0.01792
0.01581,0.02526,0.02355,0.07886,0.15051,0.01295,0.05328,0.13245,0.12365,0.01709,0.03014,0.13825,0.02832,0.02711,0.00919,0.02664,0.03083,0.04998,0.01378,0.01234
0.04562,0.01919,0.01666,0.02804,0.00982,0.24323,0.02237,0.03941,0.01168,0.05272,0.22473,0.01943,0.04934,0.08789,0.07156,0.00805,0.01320,0.01010,0.01157,0.01537
0.09406,0.07794,0.07779,0.16992,0.04744,0.02979,0.01629,0.00728,0.03050,0.03076,0.04564,0.02771,0.07913,0.03913,0.00718,0.03520,0.01694,0.14538,0.01432,0.00760
0.04572,0.01774,0.02471,0.07518,0.22827,0.07451,0.04075,0.00907,0.17148,0.01779,0.06178,0.01207,0.04045,0.04763,0.01746,0.01490,0.02101,0.04859,0.00941,0.02146
0.00970,0.08951,0.05287,0.02524,0.02395,0.05167,0.05672,0.25076,0.01747,0.00592,0.00854,0.22429,0.08980,0.01922,0.01431,0.01971,0.01261,0.00772,0.00631,0.01369
0.01203,0.02711,0.01115,0.05255,0.03417,0.02200,0.04815,0.27916,0.01452,0.04638,0.01384,0.03882,0.02255,0.02856,0.26080,0.02630,0.02128,0.01673,0.00746,0.01644
0.01758,0.01304,0.12262,0.01406,0.03453,0.36309,0.01855,0.00709,0.01159,0.01150,0.28484,0.01285,0.01944,0.00785,0.01331,0.00940,0.01063,0.00991,0.00932,0.00879
0.00829,0.10557,0.01604,0.05091,0.03548,0.03898,0.05236,0.09416,0.02119,0.02219,0.09110,0.09797,0.07753,0.02600,0.08770,0.11817,0.01828,0.02064,0.00720,0.01024
0.01260,0.07970,0.14605,0.08040,0.03450,0.01223,0.08677,0.02803,0.03088,0.04148,0.15847,0.02169,0.06341,0.01785,0.00895,0.04812,0.06995,0.03345,0.01747,0.00802
0.29289,0.13628,0.03398,0.02082,0.06800,0.01881,0.03356,0.02373,0.04122,0.02191,0.01869,0.05098,0.14255,0.01168,0.01001,0.03325,0.01341,0.02191,0.00355,0.00279
0.01344,0.03149,0.25219,0.01260,0.02038,0.30682,0.02177,0.02046,0.01958,0.03970,0.09064,0.01761,0.02089,0.04841,0.03887,0.00963,0.01549,0.00385,0.00807,0.00812
0.05005,0.01437,0.07294,0.18022,0.02375,0.11747,0.04153,0.00981,0.00781,0.06893,0.17605,0.00769,0.02968,0.01113,0.00766,0.00495,0.00691,0.14927,0.00899,0.01077
0.01232,0.04048,0.03384,0.02623,0.11343,0.02506,0.02142,0.21981,0.09924,0.01725,0.02485,0.21208,0.03443,0.02018,0.01610,0.02448,0.01620,0.01900,0.00936,0.01425
0.01144,0.23803,0.03669,0.09053,0.04230,0.01856,0.09472,0.03264,0.00810,0.04557,0.01876,0.03042,0.19311,0.03022,0.01241,0.03153,0.02588,0.00739,0.00732,0.02438
0.01688,0.09979,0.01451,0.07805,0.06046,0.03148,0.04326,0.07550,0.04391,0.08090,0.02869,0.10358,0.03649,0.02122,0.01909,0.08161,0.08246,0.04052,0.01175,0.02985
0.04813,0.01519,0.02207,0.02624,0.25268,0.01365,0.01869,0.11443,0.22354,0.01827,0.02300,0.11820,0.03034,0.01021,0.01280,0.01794,0.00990,0.01049,0.00685,0.00738
0.01592,0.01417,0.08383,0.15385,0.07731,0.08561,0.06320,0.05309,0.01606,0.16157,0.04050,0.04884,0.03469,0.01605,0.01550,0.02548,0.05337,0.02153,0.00490,0.01452
0.06255,0.01368,0.01004,0.04665,0.24643,0.02207,0.03664,0.01036,0.23450,0.01250,0.00620,0.01732,0.06991,0.03979,0.02870,0.01592,0.03452,0.03349,0.04451,0.01421
0.02594,0.28157,0.01770,0.05679,0.04211,0.01370,0.03220,0.02007,0.01138,0.01177,0.01947,0.03884,0.02081,0.27466,0.01010,0.00888,0.03435,0.03902,0.00415,0.03650
0.01531,0.02426,0.04560,0.04480,0.03315,0.04246,0.02975,0.02955,0.02647,0.06288,0.02923,0.05320,0.23648,0.01562,0.03470,0.06112,0.01347,0.00986,0.18324,0.00885
0.08104,0.04926,0.05043,0.07126,0.08658,0.01580,0.02741,0.12623,0.07916,0.05614,0.05988,0.03042,0.03136,0.04663,0.09007,0.02048,0.01064,0.01426,0.01069,0.04225
0.01896,0.05346,0.02837,0.05610,0.05078,0.03070,0.04094,0.12635,0.04340,0.03484,0.06239,0.13992,0.02316,0.02814,0.08127,0.13792,0.01029,0.01290,0.00695,0.01316
0.00721,0.04073,0.01859,0.03335,0.05803,0.02373,0.02124,0.01866,0.02902,0.03458,0.01389,0.02913,0.31256,0.01079,0.01086,0.00984,0.01702,0.01865,0.27939,0.01274
0.02265,0.04323,0.07242,0.05912,0.01122,0.23269,0.01962,0.01620,0.01176,0.03698,0.28183,0.00750,0.04608,0.04813,0.01517,0.01271,0.01457,0.02235,0.00915,0.01663
0.00919,0.03179,0.01972,0.06427,0.04355,0.01604,0.03703,0.09474,0.02466,0.06251,0.03119,0.21371,0.02755,0.02454,0.05223,0.18975,0.01579,0.01884,0.00741,0.01547
0.05279,0.02363,0.04560,0.13338,0.03590,0.07325,0.02677,0.05071,0.04234,0.03841,0.11591,0.01817,0.02082,0.09670,0.08842,0.00774,0.01141,0.09906,0.00681,0.01216
0.02263,0.01762,0.03048,0.02689,0.04369,0.02725,0.04395,0.02258,0.03736,0.02446,0.03799,0.13524,0.07747,0.02945,0.01976,0.15870,0.11388,0.04307,0.06439,0.02317
0.01141,0.01511,0.05451,0.13122,0.03128,0.04391,0.03768,0.18446,0.02945,0.11583,0.03382,0.16942,0.01604,0.02496,0.01353,0.01388,0.01902,0.00951,0.02967,0.01529
0.01525,0.01734,0.01515,0.01428,0.17174,0.01466,0.02348,0.01759,0.13371,0.06448,0.01603,0.17214,0.02091,0.01729,0.07672,0.16287,0.01490,0.01272,0.00563,0.01310
0.08411,0.03397,0.11111,0.02040,0.04260,0.02578,0.02293,0.19282,0.04759,0.01608,0.10354,0.03132,0.03732,0.02059,0.15222,0.01780,0.01227,0.00472,0.01351,0.00932
0.00760,0.19783,0.01605,0.15324,0.02181,0.02017,0.03049,0.05386,0.04217,0.11680,0.01404,0.02693,0.15088,0.02361,0.01201,0.01576,0.04060,0.02192,0.02151,0.01270
0.14658,0.20597,0.02573,0.03248,0.03809,0.02493,0.07244,0.01138,0.00908,0.02740,0.04452,0.01192,0.19818,0.00891,0.01061,0.01104,0.09085,0.00557,0.00271,0.02161
0.00473,0.03381,0.02902,0.03104,0.03450,0.33638,0.03533,0.01017,0.01039,0.02702,0.35170,0.01084,0.02267,0.01342,0.00572,0.01653,0.01067,0.00577,0.00353,0.00676
0.01441,0.04633,0.02980,0.20476,0.12615,0.01330,0.04598,0.03275,0.10170,0.03177,0.02143,0.02402,0.04650,0.02043,0.01246,0.01033,0.02655,0.15889,0.00579,0.02666
0.01432,0.02113,0.01979,0.32702,0.03230,0.02642,0.04690,0.02769,0.01159,0.31498,0.02661,0.02239,0.01717,0.00992,0.01310,0.01645,0.02544,0.00657,0.00694,0.01326
0.03284,0.02143,0.31723,0.02494,0.04977,0.27232,0.02080,0.01435,0.04021,0.02051,0.05255,0.02097,0.02253,0.01506,0.00914,0.02065,0.02545,0.00390,0.00428,0.01107
0.02534,0.04278,0.01930,0.08307,0.01311,0.24544,0.02688,0.03177,0.01613,0.06783,0.23365,0.02031,0.04780,0.01875,0.03197,0.00720,0.01456,0.03190,0.01252,0.00970
0.01780,0.01644,0.05320,0.06165,0.18103,0.03844,0.04105,0.12964,0.16222,0.03107,0.04643,0.10268,0.01013,0.01942,0.01697,0.01063,0.00784,0.02522,0.00427,0.02390
0.06398,0.07205,0.05196,0.02669,0.03172,0.01747,0.03149,0.11311,0.01473,0.02047,0.00848,0.04391,0.15809,0.07835,0.14458,0.01941,0.00930,0.00702,0.08000,0.00720
0.03792,0.18950,0.09055,0.04868,0.03441,0.04365,0.03768,0.02416,0.01871,0.01130,0.10426,0.04922,0.20178,0.01045,0.01466,0.01448,0.01787,0.02738,0.01485,0.00847
0.06192,0.02270,0.03476,0.13960,0.02968,0.04562,0.02210,0.15730,0.03639,0.00911,0.07297,0.01102,0.01818,0.01601,0.14501,0.01470,0.01061,0.12620,0.01504,0.01106
0.02559,0.02070,0.04040,0.29707,0.01904,0.02307,0.01621,0.05202,0.00998,0.29221,0.04464,0.03543,0.01183,0.02196,0.03523,0.01524,0.00735,0.01362,0.00707,0.01133
