0.12991,0.32499,0.06489,0.30289,0.10756,0.00852,0.00797,0.00596,0.00577,0.04154
0.04749,0.20665,0.06594,0.18862,0.03493,0.02050,0.01771,0.19371,0.01203,0.21242
0.28862,0.19362,0.03314,0.16985,0.25880,0.01931,0.00674,0.00826,0.00746,0.01420
0.22488,0.14087,0.14808,0.11916,0.20633,0.00912,0.00763,0.01063,0.01180,0.12149
0.06722,0.18182,0.01195,0.16422,0.06249,0.34449,0.00325,0.07757,0.00934,0.07766
0.15644,0.12674,0.05147,0.10452,0.14425,0.38103,0.00539,0.00609,0.00739,0.01668
0.13392,0.28995,0.06223,0.26291,0.11728,0.02044,0.01241,0.04289,0.01476,0.04319
0.15222,0.22315,0.02417,0.10570,0.03542,0.12989,0.04843,0.12991,0.03253,0.11858
0.11801,0.08864,0.12829,0.06655,0.14821,0.30463,0.00985,0.01124,0.05454,0.07005
0.30591,0.22887,0.02277,0.12305,0.21983,0.01057,0.01722,0.02075,0.00968,0.04136
0.15538,0.25121,0.05373,0.24491,0.12614,0.09158,0.01135,0.01576,0.02297,0.02696
0.11187,0.21509,0.06412,0.18749,0.10100,0.24983,0.01254,0.01449,0.01814,0.02542
0.05710,0.25263,0.14575,0.23282,0.03917,0.12728,0.01045,0.00758,0.00610,0.12113
0.08497,0.16520,0.04615,0.15001,0.07868,0.38860,0.01389,0.02161,0.01155,0.03935
0.09573,0.16128,0.03403,0.14591,0.08018,0.35548,0.03260,0.03983,0.01507,0.03988
0.13882,0.17698,0.05964,0.11016,0.07141,0.20140,0.01354,0.08797,0.04028,0.09980
0.05345,0.08315,0.07260,0.09865,0.05768,0.56770,0.01156,0.02020,0.01543,0.01959
0.31207,0.16462,0.03334,0.05659,0.23666,0.08631,0.00907,0.04128,0.00903,0.05104
0.30907,0.37630,0.00943,0.12286,0.04430,0.07846,0.00694,0.01735,0.01128,0.02401
0.14448,0.20188,0.20725,0.14948,0.09136,0.15705,0.00773,0.00914,0.01083,0.02081
0.03500,0.36282,0.07925,0.34680,0.04169,0.00954,0.00916,0.02016,0.02172,0.07387
0.18122,0.06172,0.13834,0.04384,0.15544,0.27110,0.01197,0.01576,0.00671,0.11390
0.03485,0.31663,0.06832,0.30020,0.10483,0.01029,0.01749,0.01959,0.08408,0.04372
0.21306,0.22005,0.11547,0.11009,0.12205,0.01098,0.01038,0.08816,0.00861,0.10116
0.10141,0.07217,0.11027,0.05903,0.07836,0.32539,0.01521,0.08016,0.01469,0.14332
0.23633,0.18293,0.01721,0.16357,0.21546,0.11377,0.00661,0.02438,0.01405,0.02571
0.09700,0.37013,0.04223,0.35087,0.07237,0.01511,0.00909,0.01018,0.00719,0.02582
0.09278,0.17995,0.03292,0.16353,0.07411,0.33665,0.00784,0.04453,0.01171,0.05599
0.05500,0.29185,0.12761,0.27386,0.06156,0.02309,0.00903,0.01967,0.02647,0.11185
0.11868,0.03278,0.17628,0.02459,0.09484,0.00934,0.00478,0.19030,0.00653,0.34189
0.02643,0.30444,0.02568,0.28973,0.03248,0.02524,0.01283,0.13188,0.01409,0.13720
0.09294,0.15199,0.17335,0.13277,0.16167,0.01734,0.01901,0.01158,0.08632,0.15303
0.12792,0.15455,0.15106,0.13521,0.07272,0.01916,0.08997,0.07641,0.06057,0.11243
0.06119,0.11211,0.32665,0.09451,0.04485,0.01255,0.02266,0.02132,0.01541,0.28876
0.05768,0.11103,0.04803,0.09589,0.32845,0.01097,0.01306,0.01532,0.28813,0.03144
0.15374,0.15038,0.01751,0.13566,0.13070,0.32175,0.02579,0.02852,0.00506,0.03091
0.17636,0.27859,0.01295,0.25037,0.17931,0.05119,0.00951,0.00962,0.02303,0.00909
0.27329,0.35191,0.04198,0.17781,0.08658,0.01810,0.00649,0.01162,0.00837,0.02384
0.14622,0.21345,0.02692,0.18863,0.13034,0.24660,0.01551,0.00922,0.01038,0.01274
0.13461,0.14595,0.04152,0.03782,0.03842,0.20262,0.01175,0.18789,0.00858,0.19084
0.17411,0.21221,0.25013,0.12819,0.05164,0.00930,0.06520,0.05267,0.03694,0.01962
0.11455,0.31052,0.04072,0.29135,0.08150,0.01255,0.01877,0.05749,0.01192,0.06063
0.19073,0.22532,0.06454,0.19897,0.16985,0.07696,0.01532,0.01859,0.02278,0.01694
0.05752,0.03463,0.31300,0.02528,0.05245,0.06149,0.00516,0.07829,0.01330,0.35888
0.11769,0.22592,0.08555,0.20473,0.09294,0.13423,0.01409,0.04226,0.02202,0.06057
0.04880,0.27265,0.16667,0.24231,0.08364,0.04196,0.00746,0.02078,0.06578,0.04994
0.03707,0.28739,0.15575,0.27006,0.02213,0.02676,0.01132,0.02779,0.00865,0.15308
0.02793,0.17971,0.04247,0.16966,0.01757,0.50260,0.01564,0.00848,0.00543,0.03050
0.17229,0.25894,0.03214,0.24813,0.14603,0.01932,0.02777,0.03870,0.02580,0.03090
0.14173,0.07153,0.25594,0.05066,0.12606,0.12115,0.00701,0.00589,0.00800,0.21202
0.10079,0.03599,0.05725,0.02813,0.06407,0.37332,0.02167,0.15018,0.01490,0.15371
0.04506,0.29097,0.14475,0.27543,0.02571,0.03266,0.04859,0.02264,0.01241,0.10178
0.31281,0.17985,0.03180,0.05990,0.22165,0.11766,0.03033,0.02035,0.00607,0.01958
0.20943,0.20401,0.10051,0.13691,0.14935,0.13613,0.01070,0.01599,0.01959,0.01737
0.23030,0.10088,0.01764,0.08179,0.35971,0.03481,0.01082,0.00593,0.15003,0.00810
0.14426,0.14294,0.02985,0.26231,0.29503,0.02220,0.01045,0.01581,0.01249,0.06466
0.08547,0.21844,0.09201,0.21541,0.07263,0.18069,0.01124,0.02091,0.03654,0.06667
0.23813,0.30029,0.09427,0.18137,0.11170,0.02015,0.00509,0.01655,0.00783,0.02463
0.20131,0.11503,0.13931,0.09725,0.15320,0.15815,0.01504,0.04654,0.02554,0.04863
0.02611,0.36059,0.05590,0.33872,0.07694,0.01611,0.01181,0.02295,0.05414,0.03673
0.11321,0.16052,0.21389,0.13992,0.08907,0.02796,0.01335,0.02770,0.01376,0.20062
0.23015,0.27143,0.09985,0.09289,0.03541,0.22807,0.00999,0.00915,0.00831,0.01474
0.11792,0.18734,0.23601,0.15642,0.10053,0.02496,0.00426,0.00911,0.01245,0.15100
0.05747,0.08220,0.03325,0.14009,0.13565,0.02818,0.01848,0.24659,0.00949,0.24861
0.05943,0.33530,0.07815,0.31275,0.03387,0.07535,0.02921,0.02978,0.01196,0.03421
0.03367,0.15908,0.23747,0.14131,0.04256,0.03550,0.02021,0.05192,0.02359,0.25470
0.08077,0.33254,0.04934,0.30646,0.05739,0.03928,0.01614,0.05067,0.00732,0.06010
0.09531,0.09701,0.31653,0.08054,0.08397,0.00861,0.00413,0.01195,0.01299,0.28894
0.02563,0.32121,0.12963,0.31619,0.02626,0.02775,0.01064,0.00813,0.02401,0.11056
0.23976,0.21395,0.15742,0.11783,0.14882,0.01239,0.00688,0.03199,0.03022,0.04074
0.24641,0.28433,0.24842,0.07594,0.02466,0.03548,0.00900,0.01069,0.02123,0.04384
0.03504,0.33391,0.06691,0.31299,0.02564,0.14311,0.00886,0.01088,0.03000,0.03266
0.03996,0.25818,0.20349,0.23918,0.02544,0.01369,0.00586,0.01870,0.00522,0.19028
0.06303,0.29286,0.10370,0.27294,0.06266,0.09966,0.00694,0.00678,0.01365,0.07778
0.17137,0.18762,0.41820,0.05067,0.01735,0.05502,0.04152,0.01863,0.00855,0.03107
0.09492,0.33168,0.02585,0.31473,0.06402,0.05135,0.01390,0.04670,0.01399,0.04287
0.04011,0.28633,0.07836,0.26592,0.03510,0.03827,0.00951,0.10021,0.01221,0.13397
0.28053,0.15385,0.04431,0.13124,0.26648,0.03823,0.00862,0.02216,0.01885,0.03573
0.10623,0.16586,0.03062,0.16039,0.10975,0.04998,0.06097,0.14497,0.01725,0.15399
0.26024,0.13491,0.05188,0.11121,0.23387,0.13917,0.00884,0.01225,0.01035,0.03728
0.10123,0.18541,0.12333,0.15632,0.15959,0.09190,0.01284,0.02715,0.12168,0.02055
0.24727,0.04850,0.02068,0.03757,0.22927,0.01810,0.00728,0.18752,0.00746,0.19635
0.39192,0.44310,0.02152,0.08507,0.02276,0.01385,0.00493,0.00545,0.00485,0.00655
0.06629,0.16080,0.14006,0.13457,0.04338,0.28993,0.01381,0.02929,0.01353,0.10834
0.09368,0.25435,0.03177,0.23336,0.20604,0.01276,0.01913,0.00925,0.12546,0.01420
0.22593,0.06570,0.22361,0.06476,0.25543,0.09390,0.02469,0.01792,0.01588,0.01218
0.15536,0.30781,0.02443,0.27949,0.15121,0.03094,0.00715,0.01216,0.01428,0.01717
0.01871,0.04045,0.59617,0.06983,0.03978,0.18767,0.02155,0.00983,0.00336,0.01265
0.20464,0.18264,0.14447,0.11484,0.14573,0.13695,0.00745,0.01204,0.01646,0.03479
0.06921,0.28468,0.13723,0.26285,0.04560,0.02185,0.01479,0.02721,0.00901,0.12758
0.11315,0.19721,0.08465,0.18128,0.08057,0.02667,0.01839,0.13643,0.02671,0.13493
0.02230,0.35147,0.02123,0.33393,0.01847,0.22274,0.00661,0.00568,0.00982,0.00775
0.14545,0.17231,0.04658,0.16552,0.14872,0.15161,0.08274,0.02617,0.03437,0.02653
0.14842,0.20631,0.05108,0.17731,0.19678,0.06282,0.02488,0.02202,0.07206,0.03831
0.06872,0.34089,0.11368,0.30438,0.04087,0.04573,0.01725,0.02304,0.00944,0.03599
0.07468,0.16632,0.07715,0.15006,0.06829,0.26622,0.00905,0.06776,0.01284,0.10762
0.06908,0.18206,0.02703,0.16805,0.22113,0.01976,0.01707,0.06224,0.17725,0.05633
0.17824,0.04043,0.11348,0.02745,0.19911,0.30799,0.00767,0.00855,0.02833,0.08876
0.04755,0.14402,0.13213,0.12534,0.03298,0.03184,0.02034,0.17903,0.00833,0.27844
0.11243,0.28424,0.11665,0.26668,0.09616,0.03663,0.00911,0.01046,0.02244,0.04519
0.29990,0.11812,0.03426,0.09630,0.32842,0.03307,0.01432,0.00987,0.05531,0.01042
0.14968,0.16195,0.30281,0.09770,0.11379,0.03236,0.00703,0.04379,0.02636,0.06453
0.07096,0.12635,0.11896,0.26850,0.23290,0.02901,0.01271,0.05790,0.01590,0.06681
0.03454,0.16576,0.23840,0.14978,0.02847,0.11320,0.02786,0.00975,0.00918,0.22306
0.03991,0.40692,0.04212,0.38648,0.01700,0.01250,0.02160,0.03208,0.01337,0.02803
0.34711,0.12512,0.02918,0.10400,0.31935,0.01740,0.02423,0.01091,0.00719,0.01552
0.10662,0.14359,0.27730,0.11658,0.02114,0.11370,0.01671,0.07473,0.01741,0.11222
0.13581,0.10793,0.11205,0.08860,0.10866,0.31519,0.03405,0.01001,0.00617,0.08154
0.07056,0.21202,0.13983,0.19465,0.07628,0.15987,0.00595,0.00540,0.02439,0.11104
0.29021,0.13268,0.03736,0.10996,0.30425,0.03802,0.00838,0.01671,0.03976,0.02267
0.07956,0.03829,0.09544,0.02829,0.24696,0.01338,0.02957,0.12299,0.20972,0.13579
0.10312,0.22492,0.02563,0.20893,0.08594,0.02229,0.01282,0.15304,0.01268,0.15063
0.11425,0.34233,0.06579,0.31833,0.07524,0.02747,0.00984,0.01380,0.01611,0.01684
0.20668,0.08317,0.06803,0.04616,0.18662,0.26448,0.01688,0.04808,0.02219,0.05770
0.06503,0.19548,0.05895,0.17459,0.21604,0.01691,0.00482,0.03890,0.18097,0.04831
0.03696,0.09206,0.37458,0.07831,0.02164,0.00752,0.01133,0.00963,0.00498,0.36299
0.26626,0.15171,0.12813,0.11951,0.23442,0.01410,0.01035,0.01132,0.00494,0.05925
0.22700,0.30811,0.05398,0.20413,0.10871,0.01228,0.01651,0.01862,0.01643,0.03422
0.15670,0.04646,0.02056,0.03573,0.42437,0.01844,0.01077,0.00802,0.26914,0.00982
0.11191,0.18484,0.03948,0.25306,0.20048,0.01236,0.02025,0.07991,0.03443,0.06328
0.05970,0.32987,0.02103,0.31588,0.04843,0.02930,0.00644,0.08766,0.01072,0.09096
0.03635,0.14724,0.08222,0.12970,0.03418,0.47550,0.03475,0.00620,0.00999,0.04387
0.07601,0.36708,0.02348,0.34246,0.05200,0.10737,0.00820,0.00796,0.00638,0.00906
0.17153,0.20716,0.04049,0.12099,0.09202,0.29848,0.01244,0.01773,0.02090,0.01826
0.15062,0.16048,0.20540,0.14200,0.12137,0.01603,0.00505,0.00997,0.00548,0.18360
0.13585,0.23574,0.02048,0.21552,0.11710,0.02562,0.00517,0.11699,0.00920,0.11832
0.09329,0.12149,0.03438,0.28210,0.28298,0.01670,0.00923,0.07316,0.01209,0.07458
0.19589,0.10447,0.02558,0.09726,0.17620,0.04369,0.00673,0.16516,0.01955,0.16548
0.12650,0.12422,0.14894,0.11116,0.09582,0.15406,0.04036,0.07644,0.03699,0.08552
0.05950,0.15979,0.10755,0.13604,0.04803,0.23386,0.00955,0.09119,0.01568,0.13881
0.11221,0.10965,0.31439,0.10543,0.11888,0.01682,0.00614,0.10443,0.00554,0.10651
0.08312,0.14405,0.15099,0.26481,0.23131,0.03058,0.02025,0.02151,0.01966,0.03371
0.06135,0.43563,0.00778,0.41740,0.05016,0.00431,0.00248,0.00678,0.00637,0.00774
0.09626,0.13254,0.22416,0.10834,0.07384,0.10510,0.01338,0.04840,0.00856,0.18942
0.09869,0.12208,0.35729,0.12932,0.11753,0.09429,0.00552,0.02483,0.01071,0.03975
0.27029,0.28930,0.01440,0.03725,0.01818,0.08481,0.01045,0.11425,0.04671,0.11437
0.12896,0.12111,0.46684,0.09589,0.11899,0.00920,0.00766,0.01925,0.01125,0.02085
0.06820,0.36973,0.02473,0.34680,0.08356,0.04273,0.01317,0.01082,0.02485,0.01542
0.06144,0.31834,0.05557,0.30181,0.04249,0.01535,0.00922,0.07782,0.01000,0.10796
0.04836,0.17559,0.19376,0.15254,0.13456,0.00995,0.00927,0.01909,0.10977,0.14713
0.13168,0.23019,0.09759,0.19985,0.09507,0.14364,0.02046,0.02469,0.02073,0.03611
0.21846,0.29427,0.03743,0.25099,0.16344,0.01189,0.00463,0.00544,0.00454,0.00892
0.28775,0.08531,0.01231,0.06690,0.27397,0.19436,0.00714,0.03019,0.00924,0.03284
0.03122,0.08224,0.02237,0.06909,0.38968,0.01141,0.00577,0.01042,0.36789,0.00991
0.13480,0.16542,0.16069,0.13876,0.10123,0.16101,0.02070,0.02183,0.01862,0.07694
0.05760,0.24175,0.12059,0.22049,0.04130,0.01069,0.01201,0.10056,0.01139,0.18361
0.28651,0.29954,0.09659,0.11198,0.11009,0.03716,0.01551,0.01488,0.00861,0.01913
0.15919,0.09375,0.13444,0.08945,0.22193,0.04068,0.00670,0.03663,0.11005,0.10717
0.23624,0.25545,0.01600,0.23218,0.20863,0.01171,0.00733,0.01246,0.00560,0.01440
0.11345,0.25196,0.04332,0.23829,0.10037,0.01099,0.00616,0.09865,0.02008,0.11674
0.20224,0.08974,0.21445,0.06650,0.17379,0.04317,0.01059,0.01398,0.01239,0.17315
0.19179,0.17865,0.09626,0.15059,0.18341,0.08005,0.01165,0.03330,0.02426,0.05003
0.27541,0.02549,0.20694,0.01731,0.24381,0.00690,0.00499,0.02100,0.00571,0.19244
0.05652,0.26159,0.13384,0.23961,0.03566,0.11331,0.02186,0.01029,0.02148,0.10583
0.03336,0.17372,0.02055,0.16390,0.03879,0.50688,0.00604,0.01227,0.02699,0.01750
0.12932,0.31187,0.03045,0.28409,0.10670,0.02150,0.02002,0.04063,0.01296,0.04248
0.03112,0.05719,0.77500,0.05151,0.02612,0.02825,0.00475,0.00603,0.00730,0.01273
0.08634,0.34990,0.04279,0.33270,0.06882,0.05309,0.00579,0.01581,0.01363,0.03115
0.03969,0.27125,0.07851,0.25718,0.05110,0.16769,0.02395,0.01930,0.01837,0.07297
0.27010,0.12816,0.14552,0.10397,0.21735,0.01380,0.01254,0.04032,0.00918,0.05906
0.03717,0.20607,0.12957,0.18286,0.02782,0.18549,0.01098,0.06329,0.01074,0.14601
0.04116,0.26046,0.18483,0.24377,0.02565,0.01301,0.01253,0.03553,0.00600,0.17707
0.06870,0.29292,0.09401,0.26970,0.05110,0.07912,0.00859,0.05771,0.01587,0.06228
0.12082,0.30113,0.03433,0.28318,0.05591,0.02722,0.05745,0.05989,0.04775,0.01232
0.21008,0.17740,0.03252,0.05884,0.09686,0.32318,0.01428,0.02907,0.01458,0.04319
0.22693,0.02846,0.13801,0.01954,0.20405,0.01821,0.00621,0.13616,0.01249,0.20994
0.13014,0.13481,0.27965,0.03865,0.04062,0.25476,0.01350,0.04380,0.00924,0.05485
0.15082,0.18792,0.22398,0.11240,0.06157,0.20552,0.01067,0.01772,0.01776,0.01165
0.03280,0.17167,0.09688,0.15219,0.04204,0.38765,0.01274,0.00910,0.01679,0.07814
0.25273,0.35278,0.02089,0.21591,0.11003,0.00780,0.00577,0.00938,0.00393,0.02079
0.13878,0.04640,0.28930,0.03126,0.14401,0.07016,0.00696,0.00656,0.03072,0.23585
0.09567,0.36553,0.03791,0.34464,0.07074,0.01246,0.01261,0.01857,0.00827,0.03359
0.09905,0.21896,0.16896,0.19303,0.08365,0.11984,0.00513,0.00732,0.00993,0.09413
0.20302,0.22787,0.04444,0.20927,0.17891,0.00897,0.01000,0.04249,0.01605,0.05898
0.06303,0.10965,0.19679,0.09312,0.03832,0.24115,0.05269,0.02909,0.00745,0.16871
0.07402,0.36089,0.07920,0.33730,0.05685,0.01348,0.01095,0.00877,0.00934,0.04918
0.12355,0.16763,0.19004,0.17371,0.13787,0.16739,0.00514,0.00833,0.01245,0.01388
0.23941,0.23845,0.04409,0.15646,0.18017,0.05688,0.01491,0.02722,0.00939,0.03302
0.05373,0.17206,0.06957,0.22690,0.04502,0.17290,0.00881,0.06639,0.07870,0.10592
0.23652,0.23915,0.13427,0.10025,0.12354,0.07684,0.04772,0.01623,0.00868,0.01679
0.07259,0.20735,0.14389,0.18613,0.13596,0.02903,0.00994,0.01181,0.07891,0.12438
0.07515,0.17618,0.13343,0.15219,0.16018,0.09642,0.00616,0.00848,0.10059,0.09122
0.06619,0.09398,0.59876,0.06851,0.02775,0.05667,0.00692,0.03558,0.00658,0.03907
0.15775,0.16971,0.17658,0.14317,0.12047,0.03015,0.02505,0.01902,0.01295,0.14515
0.21440,0.25035,0.24802,0.10633,0.06113,0.04863,0.00561,0.02082,0.01078,0.03394
0.09437,0.12685,0.22210,0.10493,0.11044,0.08681,0.00624,0.02050,0.03421,0.19355
0.22939,0.26995,0.03259,0.11078,0.06334,0.18972,0.01687,0.02760,0.01773,0.04202
0.13121,0.27342,0.12533,0.24704,0.10308,0.02757,0.00955,0.00795,0.00750,0.06735
0.18207,0.19642,0.10498,0.16507,0.20673,0.01677,0.00728,0.01458,0.06878,0.03731
0.16071,0.20198,0.25206,0.11250,0.06605,0.02183,0.01010,0.07461,0.00900,0.09117
0.25912,0.17672,0.06034,0.15404,0.23308,0.03443,0.01696,0.01812,0.01438,0.03281
0.39952,0.40515,0.02152,0.05725,0.05196,0.00694,0.01171,0.02287,0.01018,0.01289
0.02501,0.11978,0.04063,0.10424,0.34121,0.02321,0.00322,0.00385,0.31670,0.02215
0.04190,0.30546,0.12740,0.30932,0.02858,0.01178,0.00909,0.01158,0.04736,0.10753
0.06424,0.13265,0.02487,0.26175,0.19262,0.01365,0.03023,0.13055,0.01023,0.13921
0.17349,0.09768,0.13035,0.07832,0.14680,0.01081,0.00464,0.13520,0.00799,0.21473
0.10969,0.19144,0.05612,0.16706,0.15597,0.18955,0.01109,0.02066,0.06809,0.03033
0.22524,0.08019,0.15745,0.07115,0.19788,0.02341,0.00931,0.04839,0.01177,0.17520
0.18889,0.19308,0.03469,0.17306,0.16598,0.04631,0.01383,0.08686,0.00998,0.08733
0.20920,0.16355,0.13324,0.13681,0.18505,0.00950,0.01779,0.05199,0.03240,0.06049
0.16804,0.22550,0.10692,0.19636,0.13462,0.08164,0.01286,0.03615,0.01686,0.02106
0.15848,0.19299,0.05111,0.22037,0.21563,0.06646,0.02280,0.02032,0.02745,0.02438
0.02955,0.09006,0.02610,0.38940,0.35748,0.01745,0.01841,0.01590,0.03246,0.02319
0.33145,0.39670,0.03005,0.12845,0.04108,0.01569,0.00672,0.01346,0.00928,0.02711
0.12844,0.22030,0.11597,0.19758,0.12953,0.01885,0.03375,0.03551,0.03517,0.08491
0.07580,0.15879,0.10035,0.31350,0.26303,0.02282,0.01216,0.01969,0.01517,0.01869
0.02506,0.08619,0.15705,0.07255,0.02297,0.45405,0.01403,0.01994,0.00803,0.14014
0.03223,0.27928,0.15204,0.26373,0.01679,0.01293,0.00386,0.06121,0.00321,0.17472
0.06770,0.32501,0.06530,0.30641,0.01917,0.01793,0.06562,0.06515,0.04903,0.01868
0.19852,0.24161,0.02215,0.21464,0.21172,0.00958,0.01456,0.02508,0.03566,0.02650
0.14442,0.20038,0.05754,0.17036,0.10957,0.04728,0.01600,0.12548,0.00521,0.12377
0.13859,0.13423,0.10345,0.10379,0.19533,0.10239,0.04664,0.03041,0.08144,0.06371
0.04818,0.04647,0.64463,0.04738,0.09534,0.01304,0.03021,0.03077,0.00788,0.03610
0.13578,0.25651,0.05073,0.23042,0.11537,0.02176,0.00885,0.08144,0.01026,0.08888
0.03143,0.32795,0.13299,0.31300,0.02450,0.02928,0.02028,0.00755,0.00640,0.10662
0.03437,0.05019,0.12137,0.03632,0.29994,0.02608,0.01497,0.03025,0.27016,0.11634
0.06938,0.17962,0.16337,0.15730,0.04600,0.05966,0.01523,0.09797,0.01040,0.20106
0.09497,0.20557,0.15442,0.17917,0.08704,0.00731,0.01777,0.06938,0.02195,0.16242
0.10306,0.14634,0.07391,0.13604,0.26134,0.02571,0.01252,0.01058,0.19336,0.03714
0.28163,0.18993,0.05930,0.16393,0.25011,0.01425,0.00578,0.00857,0.00487,0.02165
0.17445,0.16135,0.02785,0.14576,0.29427,0.00653,0.00379,0.01929,0.13976,0.02695
0.13176,0.16901,0.13708,0.14095,0.10005,0.02768,0.01365,0.10599,0.01016,0.16367
0.06550,0.31300,0.06646,0.29410,0.06527,0.01283,0.02401,0.05562,0.03093,0.07228
0.13423,0.24508,0.03077,0.21994,0.15586,0.05572,0.00877,0.04963,0.04694,0.05306
0.21507,0.27823,0.17290,0.06140,0.03449,0.04850,0.15395,0.01759,0.00610,0.01175
0.10376,0.15310,0.07043,0.14231,0.09959,0.13660,0.01231,0.13551,0.01540,0.13098
0.20664,0.10830,0.14925,0.09313,0.19531,0.04322,0.01462,0.03725,0.02048,0.13180
0.26956,0.14172,0.20086,0.07769,0.22281,0.02122,0.02231,0.01204,0.01594,0.01584
0.02903,0.17418,0.09080,0.15902,0.11503,0.01276,0.00963,0.12712,0.09874,0.18370
0.19711,0.18635,0.08380,0.16786,0.16553,0.08358,0.02642,0.01237,0.01101,0.06595
0.25219,0.28920,0.19325,0.07091,0.02987,0.01471,0.00965,0.05475,0.00933,0.07612
0.13193,0.06759,0.10340,0.05679,0.11041,0.40804,0.01149,0.01305,0.01014,0.08716
0.13496,0.35420,0.01966,0.33019,0.11308,0.01439,0.00688,0.00952,0.00590,0.01123
0.03239,0.40889,0.01254,0.39288,0.02785,0.02072,0.00869,0.04407,0.01076,0.04121
0.40592,0.04872,0.04775,0.03265,0.37916,0.03988,0.00602,0.01133,0.00664,0.02190
0.05392,0.15740,0.16388,0.13563,0.17494,0.01779,0.01263,0.01155,0.13100,0.14126
0.10727,0.26645,0.08777,0.23950,0.07444,0.08244,0.06546,0.02777,0.01386,0.03503
0.22348,0.08033,0.17531,0.06590,0.21240,0.02415,0.02417,0.03108,0.03741,0.12578
0.02634,0.07736,0.22369,0.24636,0.21204,0.14584,0.01516,0.01139,0.02731,0.01451
0.23060,0.29889,0.06756,0.19759,0.12800,0.01001,0.01967,0.01761,0.01340,0.01665
0.04961,0.28779,0.04342,0.28279,0.04456,0.12772,0.02538,0.05920,0.02797,0.05155
0.08681,0.20164,0.02768,0.18189,0.18186,0.16383,0.02023,0.00985,0.11629,0.00991
0.11375,0.23835,0.09678,0.21510,0.13692,0.02524,0.00859,0.02938,0.03850,0.09739
0.19096,0.21245,0.07059,0.18865,0.20474,0.02643,0.02688,0.00902,0.03131,0.03898
0.14882,0.18045,0.09246,0.09012,0.04052,0.00927,0.03456,0.18674,0.01618,0.20089
0.30186,0.06308,0.07319,0.04439,0.22466,0.00936,0.07407,0.10624,0.04250,0.06066
0.04943,0.23370,0.02122,0.27250,0.05713,0.25795,0.00690,0.01071,0.07686,0.01360
0.16668,0.15629,0.04609,0.13657,0.05824,0.01176,0.16154,0.14321,0.08545,0.03417
0.12832,0.23254,0.01316,0.32814,0.23869,0.01755,0.01197,0.00628,0.00703,0.01631
0.03528,0.26820,0.02041,0.25071,0.18810,0.00591,0.01292,0.02844,0.16503,0.02500
0.09141,0.33056,0.10877,0.29429,0.04879,0.00877,0.01140,0.04489,0.00727,0.05384
0.08362,0.08309,0.02180,0.06284,0.15391,0.03999,0.02919,0.21919,0.09063,0.21574
0.06651,0.20159,0.22521,0.17809,0.06951,0.02212,0.01370,0.01031,0.02710,0.18586
0.10881,0.09459,0.06555,0.08455,0.15014,0.32418,0.01085,0.03305,0.06913,0.05915
0.08688,0.13679,0.23269,0.12074,0.05072,0.03437,0.02426,0.04989,0.01439,0.24925
0.04462,0.40071,0.01809,0.38169,0.04183,0.04466,0.02050,0.01731,0.01642,0.01417
0.09926,0.16836,0.05953,0.15101,0.09425,0.07411,0.03090,0.13814,0.02589,0.15855
0.11151,0.17315,0.10013,0.17328,0.10982,0.07854,0.05656,0.09260,0.00756,0.09685
0.12099,0.21430,0.04064,0.28007,0.20263,0.03625,0.00970,0.03313,0.01139,0.05090
0.12559,0.29380,0.02556,0.27668,0.12432,0.00914,0.00895,0.05796,0.01970,0.05829
0.09764,0.22983,0.01689,0.22129,0.09548,0.21001,0.02343,0.03588,0.05429,0.01527
0.34297,0.12986,0.03715,0.11059,0.30917,0.01602,0.01356,0.01307,0.00658,0.02104
0.10139,0.15689,0.25694,0.21111,0.15891,0.01067,0.02556,0.02821,0.03044,0.01986
0.02845,0.29303,0.05583,0.27872,0.02205,0.03803,0.00506,0.12621,0.00971,0.14291
0.09064,0.21450,0.04951,0.18884,0.20348,0.05998,0.01044,0.02222,0.13367,0.02672
0.05150,0.26250,0.11041,0.24316,0.03001,0.13426,0.02889,0.03338,0.00652,0.09937
0.20612,0.07140,0.15744,0.05859,0.23753,0.05548,0.01037,0.01502,0.06363,0.12443
0.12956,0.27533,0.04943,0.24549,0.16753,0.00650,0.02135,0.01761,0.05935,0.02785
0.10209,0.32743,0.02242,0.31027,0.07959,0.00861,0.00703,0.06202,0.00841,0.07214
0.11059,0.20564,0.08358,0.18280,0.08542,0.18417,0.02270,0.03972,0.03650,0.04888
0.23562,0.14541,0.04531,0.18740,0.29272,0.01820,0.01514,0.01704,0.01596,0.02719
0.05272,0.10690,0.08671,0.33478,0.31703,0.01772,0.01537,0.00904,0.04907,0.01066
0.06509,0.03351,0.10977,0.02693,0.20986,0.05913,0.01333,0.11877,0.17280,0.19081
0.05042,0.32633,0.12042,0.30878,0.03122,0.00733,0.00831,0.02583,0.00546,0.11590
0.02521,0.33069,0.05055,0.31504,0.01518,0.20293,0.01651,0.00585,0.00572,0.03233
0.07535,0.34216,0.09123,0.32073,0.05674,0.01672,0.01098,0.00983,0.00767,0.06860
0.22939,0.10155,0.18413,0.08059,0.20666,0.00827,0.00820,0.00950,0.01098,0.16074
0.12079,0.21459,0.12638,0.18141,0.15396,0.02461,0.02932,0.02777,0.06859,0.05257
0.13128,0.20152,0.16076,0.18041,0.09874,0.01934,0.02931,0.02234,0.01249,0.14379
0.09780,0.09465,0.24422,0.07394,0.07569,0.03568,0.01061,0.08507,0.01947,0.26288
0.19248,0.15002,0.06751,0.12767,0.26143,0.03762,0.01546,0.01150,0.09307,0.04325
0.13664,0.22114,0.12126,0.18883,0.18723,0.01850,0.00622,0.01069,0.08623,0.02326
0.21737,0.22740,0.00775,0.18746,0.16471,0.01355,0.04025,0.06708,0.02978,0.04465
0.10353,0.30526,0.04696,0.28566,0.13751,0.03085,0.01090,0.00740,0.05492,0.01702
0.12384,0.16616,0.27297,0.06694,0.02951,0.27371,0.01044,0.01489,0.00615,0.03540
0.38673,0.42401,0.00695,0.06950,0.02963,0.03493,0.00619,0.01074,0.00661,0.02471
0.24598,0.13447,0.05628,0.11293,0.21300,0.04523,0.01307,0.08297,0.00948,0.08660
0.07403,0.09715,0.30354,0.07416,0.05650,0.14124,0.00566,0.00712,0.00849,0.23211
0.07243,0.29508,0.11033,0.26547,0.03707,0.17246,0.00523,0.01919,0.00856,0.01420
0.22487,0.16982,0.06319,0.16020,0.20081,0.03366,0.02309,0.03979,0.02285,0.06172
0.21051,0.19358,0.03308,0.16953,0.19350,0.08612,0.01396,0.03903,0.02537,0.03534
0.14036,0.14314,0.13284,0.11980,0.19168,0.04097,0.01806,0.02372,0.07301,0.11641
0.04026,0.42864,0.01573,0.41171,0.03267,0.01210,0.01588,0.01739,0.00923,0.01640
0.05892,0.17639,0.02078,0.15962,0.29786,0.00895,0.00423,0.01663,0.24377,0.01284
0.11548,0.11996,0.10326,0.09545,0.08905,0.28745,0.03246,0.06600,0.00871,0.08219
0.27924,0.30538,0.08800,0.11421,0.08723,0.02485,0.01332,0.02062,0.02986,0.03730
0.04798,0.34723,0.07479,0.32519,0.07833,0.02084,0.00870,0.00843,0.04327,0.04525
0.02785,0.25216,0.02436,0.23558,0.01970,0.20185,0.00928,0.11080,0.00689,0.11153
0.05031,0.14864,0.25165,0.12676,0.08570,0.02795,0.01216,0.01531,0.06944,0.21207
0.07138,0.15760,0.04462,0.33044,0.27504,0.02653,0.00775,0.03515,0.02131,0.03017
