0.05347,0.09228,0.09681,0.09619,0.05930,0.04357,0.03800,0.03258,0.03445,0.04036,0.03534,0.03526,0.03657,0.03654,0.03431,0.04688,0.04097,0.05840,0.03767,0.05106
0.06798,0.07384,0.04019,0.04256,0.03373,0.03982,0.03729,0.02909,0.03059,0.03322,0.03453,0.03543,0.03652,0.03379,0.03260,0.18372,0.03672,0.06603,0.03416,0.07818
0.03364,0.03889,0.03248,0.04144,0.03420,0.04538,0.04309,0.03092,0.03769,0.03739,0.04457,0.15754,0.03235,0.15056,0.04386,0.04704,0.04512,0.03465,0.03334,0.03585
0.03845,0.04039,0.03669,0.03483,0.03141,0.03595,0.03823,0.03532,0.03967,0.03566,0.09842,0.13692,0.03674,0.11184,0.07172,0.02306,0.04401,0.03981,0.03546,0.03541
0.03746,0.04001,0.04162,0.04086,0.03693,0.04725,0.05753,0.09233,0.12108,0.11533,0.03620,0.03168,0.03638,0.03160,0.03395,0.04803,0.04254,0.03689,0.03581,0.03651
0.03698,0.03633,0.02558,0.03110,0.02957,0.08572,0.11104,0.17409,0.05436,0.03949,0.03654,0.03660,0.02837,0.03644,0.03653,0.04577,0.04556,0.04038,0.03591,0.03361
0.03472,0.03888,0.03868,0.03640,0.03200,0.04883,0.05458,0.03924,0.04136,0.03316,0.04210,0.08525,0.03327,0.08695,0.04828,0.03374,0.04070,0.10028,0.04459,0.08698
0.03339,0.03493,0.03839,0.03635,0.03414,0.03794,0.04305,0.03247,0.03769,0.03186,0.16522,0.06384,0.04346,0.05641,0.12846,0.03442,0.04558,0.03202,0.03810,0.03228
0.02763,0.03253,0.02466,0.03160,0.02625,0.03513,0.03820,0.02786,0.03149,0.03012,0.06408,0.21064,0.03451,0.14165,0.07377,0.02983,0.04328,0.03051,0.03599,0.03024
0.03352,0.03793,0.02366,0.03621,0.03361,0.10531,0.20149,0.06624,0.06610,0.04319,0.03489,0.03368,0.02861,0.03242,0.03005,0.02881,0.04303,0.04961,0.03139,0.04024
0.03379,0.03458,0.02917,0.03329,0.03362,0.02976,0.02934,0.03058,0.03561,0.03441,0.03939,0.04256,0.05288,0.04487,0.16431,0.02738,0.03028,0.03179,0.20074,0.04165
0.04358,0.04488,0.03378,0.03726,0.03352,0.04250,0.03902,0.03343,0.03078,0.03000,0.04611,0.13439,0.04916,0.12225,0.04338,0.07191,0.04347,0.03520,0.04325,0.04213
0.03089,0.03941,0.03331,0.04193,0.03163,0.04415,0.04159,0.02559,0.03586,0.03464,0.06823,0.13014,0.04405,0.10207,0.08263,0.02514,0.04521,0.04703,0.05159,0.04494
0.03863,0.03757,0.03433,0.03609,0.03393,0.03832,0.03589,0.02988,0.03257,0.03133,0.06576,0.15220,0.03617,0.13243,0.06361,0.04184,0.04222,0.03815,0.03896,0.04012
0.03796,0.03952,0.03921,0.03478,0.03347,0.10722,0.06771,0.08050,0.05598,0.08762,0.04208,0.02932,0.03526,0.02721,0.03429,0.03826,0.04127,0.07375,0.03043,0.06413
0.03828,0.03713,0.03644,0.03873,0.03632,0.03449,0.03392,0.03617,0.03499,0.03502,0.04823,0.07074,0.04109,0.07255,0.04861,0.19031,0.04521,0.03742,0.04578,0.03858
0.02987,0.03635,0.02544,0.03860,0.03150,0.03779,0.04148,0.03208,0.03447,0.03091,0.04465,0.16183,0.07827,0.15146,0.03951,0.03005,0.04367,0.02854,0.03885,0.04468
0.04170,0.04567,0.03617,0.03761,0.03284,0.07886,0.05691,0.06730,0.04735,0.06086,0.04136,0.03390,0.03461,0.03361,0.03729,0.03975,0.03855,0.10440,0.03470,0.09658
0.04636,0.04654,0.03565,0.04424,0.03992,0.04084,0.03613,0.03854,0.03640,0.03696,0.09615,0.09676,0.03868,0.08040,0.06157,0.04298,0.05257,0.04911,0.03651,0.04370
0.03482,0.04083,0.03301,0.04399,0.03942,0.03596,0.04049,0.03187,0.03722,0.03427,0.05940,0.09289,0.07874,0.09502,0.05284,0.03704,0.04981,0.04609,0.04922,0.06705
0.03959,0.04323,0.03575,0.03619,0.02944,0.04112,0.03912,0.04201,0.03124,0.03037,0.05524,0.07136,0.05260,0.06698,0.06784,0.14934,0.04476,0.03457,0.05079,0.03847
0.03513,0.03745,0.02823,0.03197,0.02991,0.04056,0.04349,0.03440,0.03806,0.03356,0.06147,0.14046,0.03764,0.14000,0.06558,0.02766,0.04779,0.04329,0.04396,0.03938
0.03319,0.03783,0.03241,0.03805,0.03350,0.03610,0.04123,0.03476,0.03446,0.03020,0.04759,0.14478,0.03583,0.14528,0.04227,0.06028,0.05073,0.04203,0.04195,0.03752
0.03733,0.04163,0.04085,0.04332,0.03913,0.04689,0.04499,0.04594,0.05223,0.05661,0.03845,0.04098,0.03892,0.03933,0.03333,0.07585,0.04267,0.10060,0.03388,0.10707
0.03381,0.04084,0.02874,0.04279,0.03797,0.03552,0.03676,0.03731,0.03767,0.03282,0.05007,0.04657,0.15987,0.04727,0.05817,0.02485,0.03933,0.04727,0.06586,0.09651
0.03540,0.03248,0.02538,0.03618,0.03609,0.10323,0.17684,0.08430,0.06376,0.03983,0.03866,0.03566,0.04088,0.03449,0.03220,0.03332,0.04048,0.03632,0.03638,0.03813
0.02399,0.02755,0.02383,0.02672,0.02267,0.02657,0.02742,0.02302,0.02667,0.02514,0.03087,0.27725,0.02615,0.24234,0.02689,0.01813,0.03620,0.03117,0.02738,0.03006
0.03028,0.03472,0.02662,0.03717,0.03570,0.03846,0.04095,0.02933,0.03420,0.02967,0.15616,0.05695,0.06262,0.05176,0.13867,0.02837,0.04219,0.03748,0.03816,0.05052
0.03992,0.04499,0.03123,0.04039,0.03401,0.04493,0.04161,0.03746,0.03509,0.03425,0.05337,0.10453,0.06010,0.09845,0.04575,0.03436,0.04949,0.05283,0.04055,0.07668
0.03194,0.04236,0.03043,0.04336,0.03286,0.03205,0.03509,0.03057,0.03467,0.03294,0.06202,0.17606,0.03360,0.13514,0.05904,0.03803,0.04787,0.03377,0.03733,0.03087
0.03851,0.03684,0.03837,0.03479,0.03436,0.03264,0.03399,0.04003,0.03284,0.03093,0.04371,0.07575,0.05470,0.07994,0.03652,0.13179,0.04374,0.06019,0.03911,0.08124
0.04450,0.04017,0.03817,0.03981,0.04071,0.03424,0.03453,0.03620,0.03814,0.03756,0.05793,0.09586,0.04807,0.09179,0.05179,0.11280,0.04224,0.03523,0.04345,0.03679
0.03527,0.04163,0.02920,0.03870,0.03097,0.03997,0.03884,0.03183,0.04109,0.04195,0.06330,0.14361,0.04201,0.12666,0.06741,0.03122,0.04525,0.03338,0.04632,0.03139
0.03468,0.03632,0.03220,0.03084,0.02948,0.04029,0.04395,0.03544,0.03922,0.03548,0.11960,0.06430,0.09508,0.05925,0.08759,0.03373,0.04406,0.03798,0.04114,0.05936
0.03653,0.04109,0.02690,0.04158,0.03284,0.03615,0.03955,0.02899,0.03407,0.02948,0.04282,0.14085,0.07281,0.12479,0.03982,0.02507,0.04461,0.04591,0.05075,0.06540
0.04271,0.04206,0.04284,0.03754,0.03599,0.07503,0.07219,0.05471,0.08046,0.08689,0.04133,0.03549,0.03377,0.03371,0.03518,0.08386,0.04700,0.04429,0.03753,0.03743
0.03713,0.03988,0.02689,0.03026,0.02581,0.03782,0.04089,0.03792,0.03643,0.03126,0.04510,0.08666,0.17924,0.07742,0.03442,0.02650,0.04842,0.03871,0.04083,0.07841
0.04260,0.04381,0.03782,0.03840,0.03543,0.11879,0.06001,0.03916,0.04452,0.07952,0.04630,0.03171,0.05245,0.03134,0.03957,0.05103,0.05107,0.05840,0.03749,0.06058
0.03488,0.04014,0.03279,0.04070,0.03601,0.03800,0.04308,0.02798,0.04161,0.03470,0.04937,0.09594,0.03425,0.10240,0.10561,0.03007,0.04030,0.04493,0.08604,0.04120
0.04437,0.05177,0.22584,0.04860,0.04139,0.03415,0.03398,0.03842,0.03630,0.03651,0.03388,0.02965,0.03711,0.02833,0.03321,0.03931,0.03883,0.06896,0.03525,0.06415
0.02995,0.03408,0.02579,0.03594,0.03389,0.03583,0.04057,0.02957,0.03846,0.03507,0.05762,0.06588,0.06276,0.06273,0.16739,0.03976,0.03805,0.03162,0.09983,0.03522
0.04119,0.04130,0.04134,0.04298,0.03856,0.03741,0.03922,0.03895,0.03442,0.03193,0.04809,0.12219,0.03800,0.11433,0.04685,0.07198,0.04176,0.04680,0.03850,0.04422
0.11325,0.10940,0.14397,0.05080,0.04410,0.03822,0.03712,0.02965,0.04039,0.04198,0.03304,0.03306,0.03267,0.03292,0.03136,0.02525,0.04188,0.04335,0.03452,0.04308
0.03588,0.03910,0.03547,0.03727,0.03096,0.04250,0.04727,0.03366,0.03867,0.03390,0.05869,0.07327,0.05346,0.06486,0.07358,0.12816,0.04070,0.03926,0.04444,0.04889
0.03158,0.03378,0.02504,0.03363,0.02969,0.04137,0.04682,0.03394,0.03603,0.03274,0.05398,0.12905,0.08175,0.12508,0.05004,0.03556,0.04194,0.03394,0.04478,0.05927
0.07261,0.09048,0.02914,0.16550,0.10845,0.04733,0.03843,0.03047,0.03384,0.03487,0.02987,0.04347,0.03098,0.04529,0.02920,0.02081,0.03617,0.03984,0.04350,0.02976
0.04466,0.04626,0.03234,0.03869,0.03586,0.14757,0.09778,0.06989,0.04985,0.05550,0.03687,0.04180,0.03263,0.03996,0.03483,0.04388,0.04294,0.03934,0.03356,0.03580
0.04503,0.04104,0.02864,0.03179,0.03266,0.10294,0.08226,0.06165,0.07188,0.11773,0.04043,0.03145,0.03947,0.02998,0.03919,0.03876,0.04084,0.04212,0.03668,0.04547
0.03219,0.04112,0.02424,0.03622,0.02668,0.03297,0.03557,0.02737,0.03178,0.02687,0.04196,0.20386,0.03976,0.18765,0.04028,0.01768,0.04103,0.03441,0.03917,0.03919
0.04264,0.03397,0.11449,0.03907,0.05707,0.03594,0.04228,0.04751,0.04743,0.03749,0.03636,0.03561,0.02829,0.03661,0.02913,0.03674,0.04562,0.11854,0.03175,0.10347
0.02839,0.03433,0.01939,0.03304,0.02816,0.03822,0.04015,0.02345,0.02684,0.02551,0.03671,0.08263,0.19105,0.09682,0.03016,0.02967,0.03730,0.03325,0.03387,0.13106
0.02859,0.03170,0.02224,0.03164,0.02619,0.03429,0.03987,0.02518,0.02859,0.02464,0.04226,0.12135,0.20439,0.10688,0.03565,0.03256,0.04029,0.02873,0.03515,0.05980
0.03087,0.03671,0.02584,0.03596,0.02889,0.03313,0.03671,0.02943,0.03746,0.03134,0.04684,0.17176,0.08253,0.13784,0.04430,0.02949,0.04363,0.02879,0.04460,0.04388
0.04328,0.03836,0.03081,0.02963,0.02914,0.07744,0.11500,0.03409,0.10791,0.07743,0.04243,0.04171,0.04117,0.04382,0.03641,0.04699,0.04217,0.03890,0.04584,0.03746
0.02955,0.03310,0.02607,0.03269,0.02681,0.04058,0.04136,0.03490,0.03276,0.03598,0.12364,0.06963,0.09605,0.06088,0.08894,0.04510,0.04135,0.04059,0.03459,0.06543
0.03480,0.03862,0.03504,0.03593,0.03469,0.03697,0.04281,0.03302,0.04027,0.03451,0.06031,0.08944,0.06729,0.09221,0.05935,0.03083,0.04658,0.05277,0.04570,0.08884
0.02724,0.02934,0.02233,0.02838,0.02505,0.04002,0.03813,0.02324,0.02973,0.02874,0.04834,0.23679,0.03215,0.17782,0.04599,0.02651,0.03745,0.03542,0.03737,0.02995
0.03534,0.04061,0.02788,0.03713,0.03127,0.05289,0.04873,0.03096,0.03319,0.03393,0.06745,0.13782,0.06057,0.10366,0.05831,0.03632,0.04859,0.03427,0.03281,0.04828
0.10244,0.15830,0.03708,0.06573,0.03936,0.07531,0.05053,0.02837,0.03287,0.03736,0.03408,0.04007,0.04228,0.04273,0.02920,0.02392,0.03636,0.04433,0.03403,0.04565
0.03156,0.03640,0.02983,0.03595,0.02945,0.03272,0.03467,0.02709,0.03207,0.02932,0.05650,0.19180,0.03532,0.16194,0.05412,0.03102,0.04372,0.03510,0.03259,0.03882
0.04338,0.04743,0.03388,0.04059,0.03530,0.04263,0.04260,0.03100,0.03731,0.03543,0.06459,0.10394,0.04859,0.09157,0.07513,0.05590,0.04544,0.03666,0.04890,0.03973
0.05358,0.07077,0.03246,0.15465,0.09370,0.04619,0.04438,0.03151,0.03578,0.03177,0.03942,0.04173,0.03514,0.04071,0.04151,0.02613,0.04259,0.05169,0.04626,0.04003
0.02719,0.03314,0.02758,0.03400,0.02896,0.03514,0.03453,0.02514,0.03002,0.02860,0.04088,0.20786,0.02983,0.19334,0.03969,0.04149,0.03976,0.03436,0.03743,0.03106
0.19425,0.15592,0.03453,0.04867,0.03865,0.03895,0.03350,0.02317,0.03466,0.04363,0.03612,0.03591,0.03913,0.03615,0.03449,0.02862,0.03864,0.03498,0.04023,0.02980
0.03434,0.03436,0.03962,0.03398,0.03470,0.03777,0.04383,0.03885,0.05260,0.04032,0.05228,0.06961,0.04811,0.06567,0.09508,0.08726,0.04284,0.03440,0.07720,0.03719
0.03937,0.03848,0.03379,0.03864,0.03917,0.03039,0.03310,0.02682,0.03506,0.03129,0.04926,0.14636,0.03723,0.15533,0.05933,0.02830,0.04253,0.03829,0.06535,0.03192
0.03779,0.03896,0.03264,0.03271,0.02893,0.16689,0.07683,0.03826,0.04532,0.06559,0.04178,0.03723,0.05305,0.03584,0.03654,0.05578,0.04142,0.04740,0.03332,0.05372
0.04424,0.04401,0.03268,0.04226,0.04339,0.05380,0.05627,0.22139,0.04724,0.04229,0.03919,0.03618,0.02788,0.03622,0.03251,0.02530,0.04342,0.05857,0.03205,0.04110
0.03295,0.03631,0.02322,0.03560,0.03019,0.12155,0.20690,0.03798,0.06621,0.04345,0.04250,0.04311,0.03498,0.04074,0.03052,0.02517,0.04564,0.03940,0.03109,0.03249
0.03198,0.03078,0.02532,0.02895,0.02895,0.03398,0.03807,0.02993,0.03384,0.03272,0.04741,0.03319,0.26125,0.03356,0.03473,0.02522,0.03922,0.03649,0.03236,0.14205
0.04059,0.03821,0.02795,0.03392,0.03357,0.06939,0.07371,0.05608,0.13027,0.12980,0.03296,0.03994,0.03248,0.03750,0.03165,0.04372,0.03878,0.03578,0.03503,0.03867
0.03095,0.04232,0.03335,0.04803,0.03551,0.04012,0.04369,0.03969,0.04184,0.03592,0.06796,0.09526,0.07394,0.09002,0.05084,0.03060,0.04886,0.04917,0.04099,0.06094
0.03623,0.03595,0.02662,0.03572,0.03688,0.03822,0.04489,0.03888,0.03228,0.02610,0.05854,0.12591,0.08429,0.11813,0.04786,0.02425,0.04485,0.03540,0.04703,0.06196
0.03238,0.03805,0.03640,0.04239,0.03483,0.03656,0.03717,0.03242,0.03892,0.03436,0.07518,0.09021,0.03277,0.08067,0.15167,0.04384,0.04228,0.03355,0.05853,0.02780
0.05338,0.05279,0.19301,0.05694,0.06249,0.03762,0.03647,0.02852,0.03935,0.03835,0.03727,0.03354,0.03423,0.03443,0.04433,0.03074,0.03778,0.05075,0.04593,0.05209
0.04054,0.03331,0.03253,0.02985,0.03315,0.03540,0.04811,0.03709,0.15115,0.09800,0.03811,0.03762,0.04285,0.03722,0.03390,0.12046,0.03804,0.03392,0.04195,0.03681
0.03240,0.03842,0.03172,0.03635,0.03238,0.03760,0.04217,0.04220,0.03834,0.03592,0.07007,0.09513,0.07585,0.09060,0.06666,0.04407,0.05354,0.03890,0.04496,0.05270
0.03061,0.03238,0.02894,0.02986,0.02784,0.04088,0.03960,0.03377,0.03605,0.03435,0.15343,0.05240,0.11078,0.04794,0.09182,0.02385,0.04503,0.04198,0.03561,0.06288
0.02522,0.02886,0.02615,0.03018,0.02775,0.02722,0.03157,0.02395,0.02923,0.02634,0.03414,0.03637,0.27715,0.03580,0.02866,0.02157,0.03435,0.04277,0.03572,0.17700
0.05204,0.06134,0.15612,0.06259,0.05171,0.03307,0.03261,0.03897,0.03581,0.04047,0.04164,0.04055,0.04371,0.03909,0.03886,0.07173,0.04344,0.03769,0.04128,0.03727
0.03189,0.03828,0.02611,0.03776,0.02999,0.03386,0.03766,0.04062,0.03694,0.03303,0.11700,0.12244,0.04208,0.11358,0.08729,0.02509,0.04339,0.03396,0.03232,0.03672
0.03764,0.04525,0.02653,0.04057,0.03215,0.04054,0.04539,0.02781,0.04019,0.03629,0.04069,0.11857,0.04682,0.10541,0.07580,0.03745,0.04763,0.03453,0.08569,0.03507
0.03354,0.03644,0.02921,0.03594,0.03085,0.03432,0.03788,0.03017,0.03925,0.03673,0.10367,0.10995,0.06106,0.09182,0.08683,0.02947,0.04388,0.03815,0.03874,0.05211
0.02758,0.03177,0.02271,0.03146,0.02552,0.03790,0.03940,0.02861,0.02848,0.02718,0.03686,0.20657,0.04557,0.20905,0.03157,0.03147,0.03629,0.02991,0.03298,0.03911
0.04030,0.03725,0.03736,0.03259,0.03442,0.04632,0.05461,0.14477,0.10214,0.08479,0.03842,0.03546,0.03259,0.03321,0.03368,0.04434,0.04114,0.04553,0.03915,0.04191
0.03921,0.04429,0.03278,0.03659,0.03132,0.19873,0.09098,0.03629,0.04921,0.06413,0.04001,0.03299,0.03802,0.03290,0.04439,0.02962,0.04023,0.04150,0.03718,0.03964
0.03725,0.04444,0.02972,0.03862,0.03226,0.03851,0.04292,0.03968,0.03403,0.03342,0.05133,0.04754,0.09606,0.04717,0.06765,0.04065,0.04669,0.05686,0.05705,0.11814
0.03169,0.03660,0.02834,0.03593,0.02975,0.03226,0.04070,0.02351,0.03391,0.02687,0.03977,0.14104,0.09554,0.12912,0.04380,0.03439,0.04392,0.03239,0.05536,0.06509
0.03209,0.03640,0.03382,0.03546,0.03216,0.03990,0.03900,0.03591,0.03015,0.02979,0.06001,0.09828,0.10137,0.09656,0.04777,0.03004,0.04646,0.04547,0.03831,0.09106
0.03028,0.03457,0.02252,0.03271,0.02891,0.09611,0.33417,0.05635,0.05102,0.02864,0.02748,0.02881,0.02338,0.02823,0.02806,0.02721,0.03546,0.03058,0.02801,0.02750
0.03161,0.03000,0.02308,0.02992,0.03091,0.03160,0.03320,0.39993,0.03521,0.03420,0.02786,0.02845,0.02718,0.02836,0.02775,0.05686,0.02913,0.03077,0.03248,0.03151
0.03129,0.03575,0.03019,0.03745,0.03255,0.04169,0.04421,0.03771,0.03860,0.03632,0.06459,0.12861,0.04244,0.11238,0.06604,0.05188,0.05246,0.03836,0.04277,0.03472
0.03038,0.03067,0.04821,0.03443,0.03489,0.03167,0.03515,0.04391,0.03910,0.03907,0.08065,0.04092,0.04622,0.03951,0.09678,0.16578,0.03714,0.04171,0.03644,0.04737
0.03005,0.03826,0.03371,0.04580,0.03731,0.03039,0.03599,0.02756,0.03990,0.03313,0.04620,0.11780,0.04458,0.11162,0.09912,0.03376,0.04522,0.03289,0.08354,0.03317
0.03152,0.03682,0.02819,0.03622,0.03099,0.03491,0.03603,0.02259,0.03263,0.02978,0.04643,0.19338,0.04088,0.17261,0.04229,0.03320,0.03942,0.03459,0.04593,0.03159
0.04183,0.04081,0.03632,0.03401,0.03368,0.05284,0.07213,0.04609,0.14455,0.08231,0.03991,0.04118,0.03483,0.03725,0.04134,0.06328,0.04187,0.03343,0.05256,0.02977
0.03309,0.03820,0.03215,0.03552,0.03323,0.03621,0.03680,0.02716,0.03530,0.03378,0.05817,0.07366,0.03748,0.06961,0.20683,0.02351,0.04253,0.03442,0.08160,0.03073
0.03197,0.03913,0.03954,0.04252,0.03803,0.04481,0.04887,0.02760,0.03971,0.03695,0.10755,0.06589,0.05420,0.05933,0.10768,0.04588,0.04940,0.03963,0.03776,0.04354
0.03548,0.03580,0.04643,0.03420,0.03358,0.04815,0.05218,0.07415,0.12878,0.12037,0.04326,0.03471,0.03656,0.03339,0.03784,0.05538,0.03737,0.03934,0.03863,0.03442
0.03110,0.03869,0.03286,0.03925,0.03084,0.04219,0.04148,0.03966,0.03478,0.03458,0.04990,0.10069,0.06961,0.09101,0.04171,0.10575,0.04548,0.04081,0.03676,0.05284
