0.02050,0.04291,0.02308,0.03924,0.03090,0.03256,0.01928,0.03305,0.03160,0.02427,0.01365,0.15257,0.03523,0.02838,0.07804,0.16378,0.12261,0.03458,0.04619,0.02758
0.05313,0.03254,0.03011,0.03174,0.03091,0.14063,0.08331,0.05574,0.05779,0.04829,0.03955,0.06430,0.03340,0.02677,0.02743,0.02936,0.02594,0.09337,0.04546,0.05024
0.05895,0.03845,0.02646,0.03266,0.03717,0.03657,0.04377,0.03412,0.03112,0.06711,0.07402,0.05499,0.04699,0.18027,0.03644,0.02768,0.03528,0.05011,0.04243,0.04541
0.02566,0.03496,0.02565,0.03381,0.04239,0.03175,0.03316,0.03532,0.03538,0.02460,0.06481,0.08061,0.02953,0.02254,0.24805,0.03460,0.07952,0.03862,0.03089,0.04818
0.02370,0.01916,0.01953,0.02091,0.02874,0.01964,0.02289,0.02520,0.02650,0.02409,0.01989,0.14857,0.02420,0.02550,0.02152,0.02149,0.04101,0.02302,0.03120,0.41325
0.03099,0.02826,0.02688,0.03012,0.02797,0.04155,0.03234,0.02916,0.02934,0.03965,0.17603,0.04665,0.05016,0.03090,0.11763,0.04591,0.04058,0.03484,0.02809,0.11297
0.03308,0.03738,0.03719,0.03953,0.03210,0.03499,0.03357,0.03097,0.02735,0.02348,0.05992,0.11795,0.02941,0.03278,0.06165,0.06213,0.18482,0.03773,0.04772,0.03625
0.02699,0.02319,0.04027,0.02579,0.02668,0.11332,0.28165,0.04143,0.04695,0.04278,0.04037,0.07898,0.02612,0.02207,0.01948,0.02299,0.03095,0.03625,0.02680,0.02693
0.01469,0.01485,0.01836,0.01608,0.01714,0.01381,0.01359,0.01701,0.02026,0.01521,0.01771,0.03910,0.01703,0.01646,0.03124,0.03024,0.02928,0.02395,0.61634,0.01767
0.06000,0.02618,0.02056,0.02399,0.02646,0.02103,0.05586,0.02667,0.02656,0.05996,0.32215,0.07848,0.02078,0.04489,0.02643,0.01962,0.04274,0.01548,0.03150,0.05065
0.02268,0.02730,0.02239,0.02522,0.03703,0.02130,0.02286,0.02248,0.02093,0.02149,0.03050,0.08554,0.02106,0.02520,0.05311,0.23432,0.23923,0.02088,0.02301,0.02349
0.06045,0.02766,0.04118,0.02577,0.03826,0.02280,0.04088,0.04200,0.03308,0.05574,0.10752,0.08245,0.02473,0.05744,0.03060,0.03362,0.04843,0.02738,0.05088,0.14913
0.01822,0.01980,0.01835,0.01995,0.02010,0.02402,0.02113,0.02084,0.02701,0.02823,0.01625,0.02897,0.02851,0.01658,0.01938,0.05804,0.06074,0.48369,0.04281,0.02738
0.01777,0.03348,0.03151,0.02662,0.02469,0.06287,0.02863,0.02682,0.02825,0.02423,0.02144,0.29023,0.07100,0.02039,0.01851,0.07311,0.04691,0.05974,0.03500,0.05879
0.03494,0.03398,0.03735,0.03023,0.04669,0.02616,0.02769,0.02613,0.02579,0.02221,0.03524,0.07901,0.02275,0.02523,0.02759,0.14607,0.27115,0.02609,0.03849,0.01722
0.01491,0.01770,0.01873,0.01840,0.01916,0.01753,0.01419,0.01893,0.01867,0.01351,0.31066,0.17250,0.01577,0.01019,0.22749,0.01632,0.01800,0.01866,0.02046,0.01820
0.02742,0.02986,0.02871,0.03030,0.03691,0.02768,0.02661,0.03015,0.02853,0.02104,0.07334,0.08173,0.03375,0.02814,0.31199,0.03424,0.04083,0.04964,0.04148,0.01765
0.01571,0.02570,0.02365,0.02229,0.02134,0.01957,0.01493,0.01649,0.01618,0.01432,0.15965,0.12390,0.01837,0.01402,0.39837,0.02170,0.02648,0.01723,0.01442,0.01566
0.02258,0.04619,0.03135,0.04790,0.04212,0.04744,0.02680,0.08483,0.07565,0.02433,0.02437,0.09504,0.04549,0.02682,0.05479,0.07561,0.11674,0.04754,0.02267,0.04174
0.02766,0.32316,0.05132,0.15398,0.05035,0.02211,0.02223,0.02641,0.02798,0.01981,0.02104,0.07569,0.02072,0.01684,0.02880,0.01413,0.02801,0.02238,0.02341,0.02398
0.04325,0.14636,0.04684,0.11473,0.06485,0.02563,0.02480,0.02027,0.02555,0.02494,0.02268,0.09934,0.02414,0.02408,0.03074,0.03519,0.08249,0.03726,0.06731,0.03957
0.09193,0.03696,0.03490,0.04409,0.02189,0.04528,0.05673,0.04504,0.03734,0.04734,0.10954,0.04759,0.04590,0.12694,0.03017,0.03370,0.01854,0.02780,0.04187,0.05644
0.02394,0.02579,0.01977,0.02360,0.04256,0.02567,0.02492,0.03102,0.03274,0.03681,0.02441,0.05237,0.16401,0.03434,0.05849,0.02097,0.24549,0.05432,0.02575,0.03304
0.02119,0.02919,0.04392,0.02635,0.03420,0.02551,0.02385,0.02550,0.02879,0.02100,0.17761,0.07186,0.03544,0.01484,0.17576,0.03190,0.06325,0.02763,0.03520,0.08702
0.02938,0.02738,0.03282,0.02646,0.04156,0.02231,0.01927,0.02255,0.02261,0.02035,0.15363,0.07549,0.02721,0.01778,0.28355,0.02857,0.04575,0.03057,0.02592,0.04684
0.02775,0.03372,0.03051,0.03856,0.02577,0.03551,0.03754,0.27102,0.09692,0.03466,0.04152,0.07667,0.03981,0.02887,0.02722,0.02586,0.04167,0.03095,0.02150,0.03398
0.03533,0.03654,0.03439,0.03194,0.04502,0.01950,0.02620,0.03465,0.04394,0.04191,0.04192,0.27910,0.02483,0.03202,0.04864,0.02224,0.05047,0.02236,0.04082,0.08815
0.03839,0.02980,0.02862,0.03363,0.03974,0.04775,0.04021,0.02957,0.02985,0.04128,0.06711,0.05941,0.06064,0.05741,0.18118,0.06373,0.04802,0.03639,0.04054,0.02670
0.03779,0.03169,0.03325,0.03345,0.04029,0.04019,0.03779,0.05944,0.05952,0.03810,0.03151,0.07463,0.05613,0.06030,0.04321,0.03404,0.06050,0.13624,0.04819,0.04375
0.01141,0.01087,0.01500,0.01046,0.01858,0.01250,0.01220,0.01404,0.01600,0.01488,0.00838,0.09659,0.01480,0.39724,0.27609,0.01599,0.01394,0.01384,0.01549,0.01170
0.02155,0.04066,0.01999,0.04994,0.03514,0.02575,0.01951,0.04017,0.03251,0.02041,0.01853,0.33753,0.03022,0.03640,0.07836,0.05083,0.03535,0.05371,0.03146,0.02200
0.01421,0.01733,0.01864,0.01712,0.01980,0.03626,0.02992,0.20263,0.16181,0.02143,0.01871,0.07330,0.02544,0.01554,0.02156,0.17189,0.04794,0.01783,0.03554,0.03309
0.01620,0.01756,0.02236,0.01831,0.02092,0.02589,0.02340,0.02274,0.02683,0.02315,0.01762,0.04745,0.02603,0.01773,0.02817,0.18463,0.11491,0.01983,0.30222,0.02405
0.02930,0.03549,0.11359,0.03716,0.03376,0.02627,0.02599,0.01957,0.02674,0.03449,0.01952,0.03598,0.02999,0.02312,0.02258,0.02406,0.02417,0.32861,0.07570,0.03390
0.01349,0.19617,0.01094,0.33004,0.01392,0.01261,0.01371,0.01706,0.02063,0.01477,0.01127,0.23833,0.01164,0.01125,0.01314,0.01199,0.01371,0.01280,0.01854,0.01398
0.04902,0.02626,0.04988,0.03081,0.03797,0.04864,0.03109,0.05651,0.04380,0.03633,0.03493,0.08227,0.04768,0.05407,0.11507,0.04153,0.04309,0.02917,0.03308,0.10880
0.02713,0.04488,0.02756,0.04160,0.03326,0.02332,0.02848,0.03629,0.03276,0.02948,0.02750,0.08063,0.03273,0.04750,0.04252,0.04010,0.03289,0.08054,0.25047,0.04037
0.03715,0.02701,0.40427,0.02533,0.03922,0.03009,0.02802,0.02430,0.02394,0.02329,0.02825,0.05467,0.02121,0.02178,0.03027,0.06099,0.03597,0.02242,0.03590,0.02592
0.01701,0.01981,0.03432,0.01935,0.03467,0.01733,0.02326,0.01904,0.02028,0.01758,0.01310,0.60305,0.02064,0.01409,0.01184,0.01728,0.04367,0.02497,0.01631,0.01240
0.02047,0.02513,0.02459,0.02190,0.04719,0.03380,0.02596,0.03246,0.03129,0.02743,0.02506,0.04970,0.06955,0.03522,0.06977,0.09877,0.25679,0.04178,0.03362,0.02955
0.02180,0.02876,0.04786,0.02891,0.02931,0.02717,0.02452,0.02974,0.03121,0.02728,0.03891,0.05970,0.06648,0.05913,0.19557,0.05496,0.10318,0.04451,0.03155,0.04946
0.03253,0.08245,0.03512,0.06474,0.04954,0.04767,0.02860,0.02758,0.02583,0.02363,0.02173,0.03108,0.06845,0.02263,0.01956,0.04324,0.02353,0.02760,0.01890,0.30560
0.02178,0.02854,0.02842,0.02877,0.03184,0.01887,0.02094,0.02326,0.02793,0.02791,0.02566,0.21517,0.02244,0.02560,0.04042,0.05024,0.08730,0.01707,0.02965,0.22820
0.02961,0.03471,0.03036,0.03423,0.05123,0.02994,0.02317,0.04128,0.03850,0.02827,0.03156,0.16375,0.04260,0.04450,0.17930,0.03318,0.07000,0.03123,0.04140,0.02118
0.01656,0.02460,0.01967,0.02398,0.04207,0.01900,0.01847,0.03199,0.03123,0.02108,0.01165,0.05579,0.02078,0.30504,0.21781,0.02983,0.02325,0.03726,0.03155,0.01837
0.03617,0.02745,0.02737,0.02522,0.02898,0.02303,0.02928,0.03286,0.03595,0.04067,0.06091,0.11057,0.02382,0.03905,0.03266,0.13962,0.16329,0.02078,0.03832,0.06400
0.04660,0.02702,0.04050,0.03385,0.02831,0.11567,0.05206,0.03316,0.03282,0.05682,0.05335,0.05656,0.05851,0.03543,0.02689,0.14696,0.03045,0.02077,0.04479,0.05947
0.01962,0.02212,0.02407,0.01861,0.03200,0.02319,0.02082,0.02434,0.02668,0.02068,0.03013,0.05600,0.02369,0.02125,0.02842,0.19898,0.13769,0.02940,0.21802,0.02426
0.01560,0.01806,0.01961,0.01739,0.02046,0.03865,0.03747,0.07672,0.10304,0.03184,0.01519,0.08412,0.03202,0.01688,0.02044,0.20540,0.13716,0.02762,0.04365,0.03869
0.12747,0.02720,0.02044,0.02539,0.02132,0.02061,0.05726,0.02676,0.02668,0.07095,0.12637,0.05164,0.01623,0.05481,0.01500,0.01688,0.01808,0.02020,0.18044,0.07629
0.02261,0.02008,0.02360,0.01870,0.03460,0.02382,0.02060,0.02686,0.02544,0.01847,0.05090,0.06587,0.03466,0.02533,0.20120,0.03652,0.24848,0.04321,0.03219,0.02687
0.01355,0.01943,0.01715,0.01852,0.01452,0.01611,0.01512,0.01765,0.01653,0.01439,0.18507,0.23692,0.01517,0.00985,0.28605,0.02115,0.02444,0.01622,0.02885,0.01329
0.01626,0.01307,0.02197,0.01314,0.01811,0.35616,0.22263,0.03074,0.04675,0.02504,0.02323,0.06930,0.01626,0.01508,0.01564,0.01387,0.01705,0.02812,0.01662,0.02095
0.01560,0.01432,0.02895,0.01395,0.02551,0.02327,0.02062,0.02387,0.02223,0.01719,0.02164,0.04975,0.02846,0.16249,0.41898,0.02066,0.02279,0.02467,0.01652,0.02852
0.03032,0.02876,0.03651,0.02855,0.02688,0.02403,0.02201,0.03352,0.02986,0.02105,0.18277,0.11601,0.02806,0.01710,0.22727,0.02651,0.05452,0.02065,0.01993,0.02572
0.02832,0.02820,0.03235,0.03095,0.02506,0.03523,0.03226,0.02580,0.02437,0.03238,0.03918,0.04117,0.05363,0.02806,0.06642,0.04014,0.05498,0.04008,0.02782,0.31359
0.04886,0.03036,0.02289,0.02857,0.05941,0.04536,0.05589,0.04103,0.03545,0.05029,0.05314,0.06165,0.04969,0.16066,0.07405,0.03663,0.05705,0.02571,0.02552,0.03780
0.03068,0.08509,0.22673,0.10406,0.03628,0.03076,0.02123,0.02974,0.03501,0.02396,0.02351,0.09033,0.02435,0.02720,0.03708,0.04106,0.04824,0.03050,0.02357,0.03063
0.02704,0.02578,0.03645,0.02535,0.02273,0.03196,0.02899,0.02526,0.03066,0.03062,0.07398,0.07997,0.03022,0.05143,0.29355,0.02904,0.03076,0.02790,0.04489,0.05344
0.04086,0.03125,0.02513,0.03143,0.03372,0.03073,0.03473,0.03941,0.04095,0.04061,0.03019,0.24986,0.03917,0.02457,0.02759,0.04748,0.09060,0.01992,0.07037,0.05144
0.01584,0.01699,0.01828,0.01938,0.01501,0.02438,0.01507,0.02131,0.02027,0.01216,0.34283,0.07390,0.02073,0.01068,0.27129,0.02419,0.02512,0.01840,0.01537,0.01881
0.03746,0.04399,0.03403,0.06355,0.04391,0.06706,0.03140,0.03632,0.03133,0.03145,0.02766,0.04808,0.07780,0.07104,0.07563,0.11390,0.03448,0.03253,0.04710,0.05130
0.02132,0.02035,0.03806,0.02098,0.02262,0.02096,0.01790,0.02869,0.03008,0.02119,0.18275,0.08350,0.03900,0.01880,0.24867,0.02877,0.07147,0.03250,0.02867,0.02371
0.01876,0.02681,0.02441,0.02538,0.04085,0.01945,0.02048,0.03771,0.03660,0.02863,0.02063,0.07828,0.02297,0.13388,0.12256,0.04002,0.03498,0.11176,0.13081,0.02504
0.01577,0.03930,0.02261,0.03201,0.05516,0.02597,0.02270,0.03105,0.03123,0.02574,0.01491,0.05020,0.04580,0.12112,0.25252,0.05475,0.04965,0.04372,0.02700,0.03876
0.02285,0.01492,0.02426,0.01473,0.02191,0.02603,0.02524,0.01932,0.01975,0.02227,0.01638,0.04839,0.04057,0.01998,0.01511,0.01487,0.02355,0.01780,0.01870,0.57337
0.02534,0.01713,0.03234,0.01862,0.02176,0.13201,0.11041,0.20599,0.17126,0.02385,0.02610,0.05079,0.01714,0.01670,0.01620,0.01465,0.01287,0.02744,0.03422,0.02518
0.02598,0.02324,0.02842,0.02342,0.03712,0.03346,0.02886,0.02239,0.02135,0.02718,0.04591,0.04682,0.03245,0.02627,0.11095,0.07446,0.06834,0.22622,0.04389,0.05326
0.03896,0.03285,0.03230,0.03406,0.02800,0.03561,0.03567,0.03933,0.03934,0.04626,0.03411,0.04610,0.07381,0.03271,0.02064,0.02986,0.02294,0.03498,0.03649,0.30599
0.02252,0.05845,0.04256,0.05670,0.03965,0.04405,0.02893,0.02938,0.02458,0.02219,0.03261,0.16284,0.06393,0.06415,0.07786,0.03294,0.02953,0.04442,0.02409,0.09863
0.02008,0.02312,0.01929,0.02136,0.02581,0.02544,0.02528,0.03129,0.03168,0.02506,0.01783,0.05898,0.02266,0.02120,0.03085,0.08608,0.13875,0.02604,0.31174,0.03746
0.01786,0.02302,0.02317,0.02248,0.02796,0.02578,0.02397,0.03376,0.03251,0.02160,0.02305,0.06008,0.03262,0.06299,0.36172,0.04617,0.04607,0.05051,0.04251,0.02217
0.02347,0.02452,0.02713,0.02404,0.02830,0.03335,0.02403,0.02495,0.02225,0.02581,0.05927,0.04259,0.05859,0.02325,0.15751,0.04331,0.04464,0.02346,0.02415,0.26539
0.14158,0.02116,0.02777,0.02300,0.02058,0.04745,0.16343,0.03262,0.02941,0.05274,0.11719,0.07678,0.02614,0.08070,0.01782,0.02448,0.01788,0.02185,0.02381,0.03359
0.01525,0.25946,0.01036,0.32797,0.02168,0.01584,0.01410,0.01632,0.01897,0.01491,0.01174,0.12625,0.01710,0.01248,0.01279,0.02255,0.02664,0.01947,0.01524,0.02088
0.02535,0.01592,0.02586,0.01832,0.01973,0.15000,0.09435,0.10633,0.22718,0.03962,0.02179,0.06740,0.02174,0.01469,0.02066,0.02171,0.01879,0.03766,0.02689,0.02600
0.01854,0.01949,0.02847,0.02224,0.02500,0.02758,0.01875,0.02610,0.02626,0.01606,0.18048,0.10401,0.03997,0.01178,0.24729,0.02928,0.06975,0.03141,0.02986,0.02768
0.03057,0.03632,0.03027,0.04622,0.03692,0.05152,0.02952,0.03428,0.03042,0.02875,0.03291,0.05064,0.08881,0.05409,0.18496,0.07734,0.07060,0.03093,0.02827,0.02667
0.01832,0.03200,0.02015,0.02904,0.03733,0.01794,0.02018,0.03762,0.02982,0.01939,0.02622,0.06808,0.01669,0.02498,0.05947,0.24241,0.23026,0.01854,0.02599,0.02556
0.02604,0.03012,0.02534,0.02821,0.04349,0.02889,0.02520,0.03622,0.03508,0.02816,0.03090,0.04618,0.06451,0.06556,0.11324,0.07018,0.04829,0.04168,0.02449,0.18820
0.02330,0.02965,0.02610,0.02990,0.03794,0.03101,0.02682,0.02994,0.03009,0.02493,0.03298,0.04724,0.02844,0.02164,0.07840,0.04192,0.03965,0.36178,0.02698,0.03129
0.02583,0.03660,0.02675,0.04205,0.02759,0.02848,0.02347,0.03187,0.03292,0.03493,0.02375,0.04954,0.04231,0.07109,0.07015,0.05888,0.03146,0.18592,0.13046,0.02596
0.02735,0.02179,0.02465,0.02115,0.02985,0.03539,0.02438,0.02892,0.03153,0.02526,0.02243,0.04439,0.13196,0.02749,0.02651,0.04393,0.16383,0.04613,0.07888,0.14420
0.01691,0.02182,0.01823,0.02118,0.02315,0.02783,0.01892,0.03870,0.03711,0.02018,0.01916,0.05670,0.03395,0.02534,0.04560,0.24242,0.21875,0.02500,0.04572,0.04332
0.03566,0.02781,0.03299,0.02601,0.02964,0.04334,0.03846,0.03003,0.03601,0.04394,0.03400,0.03940,0.04210,0.04970,0.03439,0.02717,0.01913,0.30651,0.05580,0.04789
0.05227,0.02803,0.03279,0.03337,0.02643,0.04280,0.03382,0.02209,0.02287,0.06299,0.04699,0.06312,0.05403,0.07358,0.04470,0.22953,0.04254,0.02700,0.03334,0.02769
0.06131,0.03353,0.05577,0.03410,0.03879,0.03409,0.03484,0.02546,0.03019,0.04077,0.03714,0.03816,0.03832,0.03643,0.02398,0.03526,0.03220,0.23767,0.07349,0.05850
0.03198,0.03623,0.03409,0.04306,0.03835,0.21800,0.05489,0.04756,0.05530,0.04301,0.02935,0.04922,0.04300,0.03245,0.03255,0.04297,0.02369,0.03957,0.07988,0.02484
0.02151,0.03471,0.02184,0.03170,0.04938,0.02643,0.02110,0.04776,0.04061,0.02166,0.02862,0.07826,0.03066,0.04812,0.17937,0.08725,0.13284,0.03020,0.04651,0.02148
0.01606,0.16112,0.01948,0.25181,0.02443,0.02321,0.01980,0.02961,0.03896,0.02223,0.01843,0.11359,0.02553,0.01931,0.02777,0.03666,0.07853,0.01881,0.02533,0.02934
0.03467,0.02323,0.03512,0.01985,0.03975,0.02733,0.02805,0.03220,0.03124,0.03004,0.02834,0.04643,0.05427,0.07835,0.04615,0.04563,0.03434,0.10201,0.04649,0.21653
0.02623,0.02513,0.02311,0.02395,0.03830,0.03512,0.02853,0.03541,0.03949,0.04255,0.02532,0.12095,0.03901,0.03299,0.03085,0.07298,0.27379,0.02173,0.03983,0.02473
0.02857,0.05274,0.03767,0.06510,0.03955,0.03439,0.02897,0.07418,0.05849,0.03729,0.03333,0.07158,0.03838,0.04698,0.07982,0.05073,0.03882,0.05242,0.04699,0.08400
0.01601,0.01638,0.02229,0.01533,0.19144,0.02732,0.02954,0.01758,0.01976,0.03605,0.01548,0.37640,0.02840,0.02085,0.01723,0.01714,0.01876,0.05719,0.02036,0.03650
0.01647,0.02167,0.02292,0.01965,0.02969,0.02382,0.02010,0.02464,0.02375,0.02142,0.01722,0.05357,0.04822,0.15267,0.33432,0.03059,0.04687,0.03833,0.03070,0.02337
0.02198,0.02185,0.01884,0.03261,0.01792,0.12025,0.02527,0.02978,0.03575,0.04021,0.01621,0.05068,0.12653,0.02828,0.01824,0.26530,0.01364,0.02215,0.03822,0.05628
0.02804,0.02683,0.04390,0.02470,0.03066,0.02528,0.02545,0.02770,0.02808,0.02884,0.02550,0.03787,0.03192,0.03043,0.03247,0.02102,0.02332,0.41356,0.05780,0.03661
0.01108,0.01377,0.01387,0.01455,0.02363,0.01399,0.01472,0.02261,0.02204,0.01496,0.00992,0.13829,0.01308,0.30145,0.30338,0.01530,0.01516,0.01589,0.01342,0.00890
0.02725,0.03682,0.02788,0.03469,0.06724,0.02110,0.02320,0.04456,0.03743,0.03395,0.01770,0.08815,0.04179,0.24553,0.07372,0.02818,0.04660,0.02790,0.02126,0.05504
0.02423,0.01910,0.01990,0.01741,0.03595,0.01706,0.02284,0.02475,0.02706,0.02477,0.02121,0.02975,0.01952,0.03033,0.02954,0.02213,0.01717,0.55017,0.02930,0.01781
