0.04549,0.05793,0.00949,0.03826,0.00966,0.00945,0.03273,0.01152,0.01023,0.00943,0.09103,0.02161,0.04040,0.00569,0.01291,0.06209,0.49153,0.01114,0.00975,0.01965
0.08189,0.12541,0.01573,0.07083,0.01492,0.01613,0.06214,0.01919,0.01962,0.01296,0.10399,0.02632,0.09275,0.00847,0.01220,0.15331,0.12312,0.00555,0.01321,0.02227
0.16333,0.19671,0.01434,0.05722,0.01600,0.00865,0.04839,0.01140,0.01289,0.01275,0.07271,0.04437,0.05660,0.00764,0.01492,0.09796,0.10945,0.01077,0.01239,0.03151
0.05807,0.08482,0.01449,0.16523,0.01259,0.01437,0.11803,0.02025,0.01609,0.02004,0.06480,0.12591,0.03859,0.00849,0.01144,0.03950,0.08087,0.00780,0.01233,0.08627
0.02846,0.03097,0.03522,0.14513,0.02988,0.02402,0.27122,0.02324,0.03908,0.02996,0.06188,0.04455,0.03118,0.01517,0.02385,0.03462,0.05379,0.02118,0.01603,0.04057
0.06012,0.09461,0.01043,0.04688,0.01297,0.01242,0.02650,0.01384,0.01166,0.01274,0.16649,0.02666,0.14222,0.01577,0.01697,0.16259,0.10174,0.02163,0.01781,0.02596
0.04444,0.07056,0.00593,0.23625,0.00661,0.00759,0.13343,0.00739,0.00747,0.00666,0.18615,0.00857,0.01558,0.00601,0.00526,0.01443,0.21542,0.00955,0.00476,0.00793
0.02743,0.02973,0.00729,0.02765,0.00978,0.00840,0.02417,0.00980,0.00807,0.00912,0.10429,0.10066,0.19195,0.00892,0.01245,0.18373,0.17276,0.01021,0.00969,0.04389
0.05979,0.06054,0.01309,0.05493,0.01317,0.01050,0.04491,0.01665,0.01309,0.01437,0.11895,0.01711,0.10824,0.01152,0.01926,0.17518,0.16978,0.04336,0.01529,0.02026
0.24945,0.05587,0.00758,0.03844,0.00894,0.00857,0.13128,0.00881,0.00851,0.01010,0.04065,0.02147,0.10394,0.00533,0.01224,0.20974,0.04933,0.00668,0.00679,0.01629
0.03244,0.05853,0.00876,0.05220,0.01052,0.01413,0.03013,0.01079,0.00989,0.00887,0.02605,0.03790,0.15676,0.01002,0.01042,0.43292,0.01991,0.00537,0.00915,0.05524
0.06588,0.07098,0.01274,0.06961,0.01115,0.01270,0.04923,0.01894,0.01426,0.01439,0.13128,0.04848,0.12276,0.00864,0.00946,0.12043,0.15576,0.00618,0.01172,0.04541
0.05098,0.06184,0.01270,0.07467,0.01505,0.01226,0.04900,0.01482,0.01659,0.01223,0.02367,0.06502,0.10205,0.01012,0.04359,0.15191,0.02082,0.19424,0.01701,0.05143
0.13135,0.04575,0.01050,0.04111,0.01061,0.01337,0.16635,0.01797,0.01429,0.01297,0.12405,0.05976,0.04127,0.00660,0.01643,0.06202,0.17450,0.00854,0.01194,0.03061
0.06567,0.05789,0.01399,0.04487,0.01637,0.01347,0.05539,0.01710,0.01463,0.01489,0.14419,0.17196,0.03469,0.01385,0.01360,0.03427,0.13644,0.01791,0.02363,0.09519
0.27282,0.02860,0.01724,0.02948,0.01566,0.02824,0.20155,0.01508,0.01232,0.01318,0.04362,0.03773,0.03076,0.01407,0.01094,0.05215,0.04043,0.00442,0.02105,0.11068
0.04361,0.31889,0.01762,0.26177,0.01835,0.02069,0.04384,0.01343,0.01362,0.01694,0.04691,0.02524,0.02669,0.00633,0.01250,0.03311,0.03979,0.00623,0.01095,0.02349
0.29625,0.26769,0.00763,0.02947,0.00756,0.00612,0.02499,0.00944,0.00863,0.00734,0.07991,0.03739,0.02822,0.00605,0.00796,0.03931,0.07251,0.00382,0.00714,0.05259
0.05135,0.05264,0.03691,0.09195,0.05741,0.04657,0.09145,0.06753,0.03535,0.08704,0.05495,0.01580,0.02653,0.00670,0.01633,0.03875,0.17744,0.01137,0.01892,0.01500
0.03698,0.04054,0.00986,0.03505,0.01027,0.01126,0.03617,0.01268,0.01032,0.01017,0.04441,0.04155,0.23625,0.00771,0.01297,0.34755,0.04447,0.00831,0.01034,0.03314
0.05039,0.05174,0.01705,0.04826,0.01807,0.01750,0.05007,0.01859,0.01620,0.01560,0.13865,0.05867,0.13037,0.02346,0.01583,0.11855,0.10673,0.01497,0.01658,0.07272
0.04403,0.04918,0.01338,0.04779,0.01561,0.01548,0.04676,0.01847,0.01549,0.01821,0.08741,0.01586,0.03536,0.00750,0.01431,0.04641,0.47354,0.00902,0.01106,0.01510
0.02989,0.03979,0.00748,0.03148,0.00988,0.01006,0.02593,0.01156,0.00942,0.00921,0.10325,0.02490,0.13162,0.01050,0.01483,0.35426,0.12662,0.00905,0.01044,0.02985
0.06444,0.10372,0.01277,0.08212,0.01306,0.01648,0.05849,0.01560,0.01304,0.01266,0.10870,0.01866,0.05546,0.01035,0.01768,0.07138,0.28564,0.00664,0.01173,0.02136
0.03297,0.16280,0.00655,0.20759,0.00891,0.00800,0.02882,0.00998,0.00761,0.00768,0.03120,0.02426,0.16475,0.00511,0.00583,0.22139,0.03243,0.00364,0.00517,0.02531
0.02683,0.02737,0.00713,0.02500,0.00766,0.00822,0.02339,0.00873,0.00850,0.00783,0.11590,0.03805,0.05432,0.00584,0.01409,0.14055,0.43483,0.01046,0.00830,0.02699
0.04536,0.05950,0.01564,0.06870,0.01535,0.01409,0.04109,0.01837,0.01770,0.01579,0.08763,0.01879,0.05830,0.01292,0.03115,0.07591,0.22891,0.13710,0.01892,0.01879
0.12727,0.24465,0.01451,0.13725,0.01759,0.01462,0.10369,0.01999,0.01620,0.01963,0.04543,0.01356,0.04722,0.00768,0.01233,0.05909,0.05773,0.02012,0.01094,0.01053
0.54084,0.06369,0.00755,0.04706,0.00856,0.00847,0.15551,0.01113,0.00976,0.00874,0.02615,0.01068,0.02107,0.00559,0.00601,0.02392,0.02298,0.00676,0.00459,0.01094
0.03739,0.08645,0.00537,0.05520,0.00649,0.00665,0.03616,0.00824,0.00729,0.00700,0.12957,0.03432,0.01983,0.00714,0.00575,0.02283,0.48890,0.00767,0.00554,0.02220
0.13615,0.25833,0.01060,0.18103,0.01057,0.01143,0.11146,0.01548,0.01138,0.01035,0.03092,0.01608,0.05472,0.00904,0.00895,0.05756,0.03428,0.00699,0.00817,0.01651
0.16438,0.06252,0.01107,0.08444,0.01152,0.00906,0.10617,0.01809,0.01019,0.01095,0.08090,0.04316,0.07086,0.01225,0.01485,0.10992,0.13510,0.00857,0.01204,0.02394
0.07619,0.11462,0.00978,0.08937,0.01345,0.01290,0.05900,0.01643,0.01182,0.01119,0.06652,0.03944,0.09462,0.00848,0.00870,0.20861,0.10792,0.00604,0.00926,0.03566
0.07513,0.18748,0.00967,0.12001,0.01022,0.00846,0.06349,0.01192,0.00970,0.00935,0.08475,0.02608,0.03630,0.00648,0.01091,0.03944,0.25152,0.00639,0.00737,0.02534
0.10700,0.28605,0.01271,0.15009,0.01326,0.00931,0.09388,0.01507,0.01442,0.01185,0.07212,0.01625,0.02361,0.00682,0.01062,0.02871,0.09529,0.00962,0.00817,0.01518
0.05025,0.06311,0.00769,0.05436,0.01092,0.00962,0.04401,0.01094,0.01162,0.00978,0.09689,0.15368,0.12395,0.01149,0.01562,0.13931,0.06251,0.00591,0.01096,0.10739
0.04214,0.07196,0.01556,0.05461,0.01800,0.02042,0.03900,0.02531,0.01846,0.01844,0.09968,0.06720,0.04413,0.01578,0.02559,0.05563,0.25257,0.01090,0.02194,0.08269
0.18799,0.29767,0.01087,0.11672,0.01188,0.01171,0.07496,0.01348,0.01629,0.01024,0.03809,0.01709,0.03579,0.01123,0.01474,0.04833,0.03815,0.01405,0.01042,0.02030
0.02287,0.03323,0.00647,0.04004,0.00938,0.00804,0.03970,0.00871,0.00870,0.00834,0.07815,0.01225,0.19103,0.00574,0.00653,0.32430,0.17343,0.00635,0.00702,0.00971
0.05824,0.06887,0.01146,0.05719,0.01198,0.00736,0.04931,0.01189,0.01291,0.01027,0.05769,0.31070,0.06573,0.00689,0.01216,0.11932,0.06013,0.00946,0.00905,0.04938
0.05843,0.05228,0.00823,0.05157,0.00935,0.01054,0.04961,0.01073,0.00973,0.00746,0.08851,0.11810,0.03564,0.00504,0.01510,0.05120,0.32560,0.01332,0.01000,0.06958
0.04518,0.06248,0.01206,0.05804,0.01344,0.01176,0.03411,0.01433,0.01047,0.01421,0.23309,0.01560,0.07037,0.01549,0.01036,0.08098,0.26626,0.00819,0.01105,0.01252
0.03527,0.16066,0.00617,0.36514,0.00628,0.00722,0.02691,0.00769,0.00649,0.00741,0.11147,0.01207,0.07869,0.00908,0.00710,0.05740,0.07192,0.00393,0.00519,0.01391
0.04769,0.06164,0.01245,0.04769,0.01414,0.01364,0.03850,0.01470,0.01367,0.01175,0.15319,0.06427,0.13403,0.15783,0.01178,0.06326,0.04171,0.02826,0.01122,0.05857
0.05368,0.23016,0.00959,0.17949,0.01215,0.00979,0.04599,0.01379,0.01340,0.01246,0.09742,0.02612,0.05308,0.01259,0.01648,0.05730,0.10322,0.01866,0.01126,0.02337
0.03158,0.03624,0.00845,0.04125,0.00924,0.00926,0.02859,0.01125,0.01010,0.01037,0.03745,0.14383,0.06902,0.00516,0.01607,0.29593,0.14483,0.01175,0.01185,0.06778
0.05478,0.11812,0.02003,0.14774,0.01287,0.01654,0.05286,0.01932,0.01492,0.02100,0.05775,0.17308,0.01407,0.00948,0.01215,0.01570,0.11953,0.00731,0.01333,0.09943
0.05054,0.05748,0.01392,0.05160,0.01455,0.01769,0.04106,0.01865,0.01227,0.01435,0.09825,0.04091,0.12991,0.00934,0.01533,0.21860,0.12405,0.01545,0.01460,0.04145
0.05961,0.10536,0.01159,0.07692,0.01092,0.01334,0.06211,0.01349,0.01064,0.01230,0.07603,0.02331,0.02630,0.00739,0.01430,0.03480,0.39432,0.01145,0.01007,0.02573
0.17281,0.07725,0.00815,0.06736,0.00761,0.00863,0.11638,0.00881,0.00984,0.01051,0.07566,0.02967,0.03862,0.00503,0.00832,0.04653,0.27462,0.00663,0.00523,0.02234
0.05613,0.08548,0.00931,0.05725,0.00913,0.00918,0.04472,0.01052,0.00923,0.01024,0.26564,0.01123,0.01940,0.00945,0.01167,0.01809,0.33659,0.00719,0.00696,0.01261
0.04728,0.06612,0.01137,0.06593,0.01428,0.01516,0.04707,0.01501,0.01221,0.01162,0.09339,0.09880,0.11032,0.01484,0.01375,0.17377,0.08039,0.01511,0.01357,0.08000
0.20106,0.23491,0.02070,0.12931,0.01155,0.01272,0.11938,0.01878,0.01202,0.01071,0.02660,0.01483,0.05213,0.00534,0.00773,0.06021,0.03528,0.00719,0.00707,0.01249
0.07436,0.07637,0.01454,0.16512,0.01570,0.01262,0.09403,0.01828,0.01592,0.01683,0.03424,0.03569,0.07428,0.00543,0.01423,0.24459,0.04123,0.00457,0.01297,0.02901
0.14891,0.03701,0.01020,0.03203,0.01147,0.01298,0.22695,0.01485,0.01279,0.01034,0.03872,0.06538,0.11634,0.01185,0.01175,0.15138,0.02869,0.00823,0.00786,0.04228
0.24321,0.03311,0.00548,0.02557,0.00588,0.00528,0.11190,0.00747,0.00622,0.00595,0.13103,0.01817,0.02051,0.00355,0.00666,0.02533,0.31616,0.00809,0.00555,0.01488
0.09109,0.10965,0.01210,0.09068,0.01240,0.01639,0.08297,0.01696,0.01551,0.01450,0.08877,0.03146,0.14886,0.02575,0.02175,0.11750,0.04303,0.01558,0.01250,0.03254
0.58973,0.02835,0.00294,0.02263,0.00377,0.00364,0.21829,0.00467,0.00375,0.00337,0.02360,0.00624,0.02605,0.00407,0.00381,0.02749,0.01381,0.00245,0.00276,0.00856
0.03101,0.04108,0.00888,0.03219,0.00806,0.00940,0.03047,0.01047,0.00899,0.00925,0.02201,0.20240,0.09152,0.01060,0.01032,0.23053,0.01881,0.00662,0.00929,0.20811
0.12205,0.11110,0.01613,0.03434,0.01627,0.01826,0.02901,0.01777,0.01708,0.01467,0.07355,0.02287,0.05769,0.01154,0.02437,0.07312,0.28405,0.01496,0.02048,0.02067
0.04808,0.06114,0.01165,0.04564,0.01010,0.00949,0.03961,0.01349,0.01405,0.01251,0.12899,0.08628,0.13263,0.01013,0.00994,0.22892,0.07451,0.01044,0.01175,0.04066
0.04382,0.04393,0.00881,0.04630,0.01135,0.01022,0.04393,0.01263,0.00991,0.00922,0.19534,0.02393,0.17793,0.01019,0.01317,0.18518,0.10210,0.01766,0.00997,0.02442
0.03159,0.05725,0.01065,0.05915,0.01259,0.01229,0.03037,0.01425,0.01269,0.01200,0.13943,0.01366,0.20588,0.01002,0.01009,0.20809,0.12379,0.01227,0.01133,0.01262
0.07033,0.09421,0.01230,0.08984,0.01368,0.01505,0.04937,0.01788,0.01459,0.01521,0.09081,0.05335,0.16096,0.01022,0.00942,0.15952,0.05638,0.00686,0.00966,0.05036
0.08627,0.10949,0.00973,0.11828,0.01130,0.01008,0.15788,0.01048,0.01078,0.01098,0.10198,0.01086,0.06927,0.00653,0.01005,0.10807,0.13337,0.00691,0.00733,0.01036
0.07586,0.09077,0.01128,0.07300,0.01319,0.01769,0.06208,0.01552,0.01479,0.01499,0.09658,0.02528,0.02071,0.01084,0.01260,0.02187,0.37400,0.01088,0.01069,0.02739
0.03438,0.04616,0.00911,0.04442,0.00953,0.00980,0.03104,0.00912,0.00951,0.00910,0.07773,0.01432,0.12811,0.00709,0.01013,0.27223,0.24005,0.01814,0.00868,0.01135
0.04024,0.09235,0.00575,0.12184,0.00700,0.00769,0.03158,0.00936,0.00647,0.00670,0.05216,0.07174,0.11385,0.00828,0.01028,0.26331,0.04571,0.00492,0.00573,0.09504
0.03117,0.03101,0.00708,0.02926,0.00818,0.00760,0.02612,0.00992,0.00803,0.00774,0.11543,0.14917,0.06710,0.00636,0.01396,0.18492,0.20889,0.01131,0.01077,0.06599
0.05659,0.11839,0.00948,0.05066,0.01234,0.01293,0.03789,0.01216,0.01243,0.01320,0.07113,0.02589,0.09186,0.01191,0.01958,0.22809,0.16807,0.01333,0.01417,0.01988
0.09214,0.07832,0.01032,0.07188,0.01254,0.01272,0.08932,0.01333,0.01449,0.01372,0.05860,0.01583,0.06801,0.00581,0.01135,0.25463,0.14486,0.00684,0.00887,0.01642
0.12217,0.07524,0.01651,0.06590,0.01816,0.01847,0.07975,0.02418,0.02004,0.01801,0.04785,0.09004,0.05419,0.01593,0.00985,0.07099,0.04213,0.00609,0.01105,0.19344
0.06760,0.08148,0.00696,0.15413,0.01035,0.00908,0.16216,0.01025,0.00812,0.00973,0.08269,0.02630,0.08031,0.00623,0.01154,0.13968,0.10044,0.00542,0.00756,0.01996
0.04195,0.28006,0.01035,0.22843,0.01149,0.01491,0.03698,0.01555,0.01176,0.01131,0.05696,0.01979,0.06311,0.00778,0.01472,0.08802,0.04586,0.01215,0.00902,0.01979
0.03527,0.06689,0.00677,0.06937,0.01021,0.01079,0.03053,0.00895,0.00713,0.00819,0.02899,0.03278,0.14280,0.00912,0.01114,0.46189,0.02385,0.00664,0.00696,0.02172
0.04880,0.04138,0.01063,0.04165,0.01173,0.01163,0.04402,0.01389,0.01216,0.01174,0.08797,0.20300,0.03163,0.00856,0.01695,0.05016,0.11222,0.00905,0.01573,0.21709
0.07650,0.14794,0.00984,0.14348,0.01171,0.01242,0.07100,0.01567,0.01132,0.00968,0.12487,0.02775,0.04427,0.00777,0.01502,0.05591,0.15119,0.01582,0.01105,0.03680
0.11401,0.06115,0.01719,0.05230,0.01397,0.01400,0.09921,0.01678,0.01567,0.01370,0.15691,0.02754,0.01564,0.00791,0.01303,0.01824,0.29793,0.01186,0.01140,0.02155
0.11645,0.08781,0.03171,0.08112,0.03547,0.03431,0.08877,0.05354,0.03769,0.05496,0.08685,0.02932,0.06776,0.03306,0.01396,0.04867,0.04830,0.01214,0.01257,0.02552
0.13899,0.22758,0.00993,0.22143,0.01417,0.00862,0.08032,0.01532,0.01025,0.01256,0.04072,0.01925,0.03581,0.00871,0.02111,0.04475,0.02980,0.02814,0.01328,0.01927
0.05794,0.08071,0.01194,0.06748,0.01553,0.01368,0.04692,0.01757,0.01410,0.01535,0.07398,0.01175,0.12638,0.00815,0.00953,0.22457,0.16887,0.01184,0.01476,0.00897
0.04301,0.10553,0.01976,0.09565,0.02503,0.01820,0.03837,0.01958,0.01453,0.01685,0.05980,0.02025,0.23558,0.01670,0.01547,0.14687,0.05366,0.01417,0.01364,0.02737
0.11929,0.17062,0.01459,0.15338,0.01781,0.01551,0.10967,0.01616,0.01427,0.01268,0.03137,0.01731,0.02592,0.00640,0.01874,0.03133,0.05192,0.14064,0.01894,0.01345
0.06105,0.09277,0.03451,0.10035,0.02377,0.03059,0.06723,0.04003,0.03008,0.02671,0.03626,0.05876,0.03154,0.00834,0.01644,0.05545,0.18821,0.00760,0.02612,0.06419
0.03311,0.03869,0.00979,0.05058,0.01380,0.01121,0.04409,0.01348,0.01070,0.01009,0.02248,0.02287,0.15909,0.00852,0.01012,0.48994,0.01732,0.00683,0.00859,0.01869
0.20460,0.06137,0.01162,0.04322,0.01115,0.01335,0.30160,0.01314,0.01177,0.01211,0.02238,0.10321,0.03341,0.00754,0.00692,0.05719,0.02391,0.00766,0.00895,0.04488
0.04262,0.05776,0.01109,0.04501,0.01574,0.01502,0.03854,0.01760,0.01641,0.01320,0.04442,0.26956,0.05119,0.01312,0.02806,0.09518,0.09949,0.01605,0.02251,0.08741
0.04386,0.04797,0.01015,0.04826,0.01155,0.01144,0.04315,0.01488,0.01405,0.01199,0.19333,0.04758,0.04130,0.00988,0.01279,0.05125,0.32712,0.01307,0.01274,0.03364
0.15953,0.15149,0.01173,0.13693,0.01406,0.00975,0.09255,0.01647,0.01420,0.01298,0.09172,0.01700,0.03346,0.00795,0.01352,0.04087,0.13303,0.01810,0.01054,0.01413
0.04613,0.05799,0.01089,0.07092,0.01158,0.00849,0.08558,0.01155,0.01163,0.01142,0.05137,0.12303,0.04232,0.00934,0.01959,0.09462,0.23487,0.00925,0.01444,0.07500
0.08315,0.12200,0.01263,0.09562,0.01391,0.01442,0.08969,0.01593,0.01314,0.01200,0.05250,0.06099,0.05569,0.00712,0.02051,0.08350,0.16334,0.01572,0.01427,0.05388
0.01895,0.02439,0.00436,0.02441,0.00598,0.00563,0.02079,0.00614,0.00625,0.00576,0.11958,0.01416,0.07287,0.00476,0.00896,0.19089,0.44477,0.00352,0.00572,0.01208
0.05416,0.07597,0.01667,0.08155,0.01782,0.01559,0.06374,0.02554,0.01511,0.01804,0.16703,0.03096,0.04174,0.01864,0.01722,0.03503,0.23270,0.02122,0.02231,0.02894
0.12813,0.35255,0.01196,0.11988,0.01320,0.01395,0.07065,0.01675,0.01175,0.01456,0.03720,0.02850,0.02206,0.01721,0.00930,0.01948,0.02417,0.04733,0.01055,0.03082
0.04729,0.06545,0.00651,0.04116,0.00763,0.00831,0.03875,0.01075,0.00817,0.00889,0.26561,0.00899,0.03376,0.01335,0.01583,0.03294,0.33511,0.02899,0.01418,0.00833
0.02831,0.16888,0.00641,0.29708,0.00722,0.00704,0.02837,0.00890,0.00777,0.00760,0.20352,0.02339,0.02820,0.01298,0.00652,0.03398,0.08011,0.00463,0.00625,0.03285
0.35906,0.19433,0.00974,0.04430,0.01131,0.01197,0.03574,0.01549,0.01373,0.01072,0.04558,0.04779,0.03670,0.01131,0.01266,0.04141,0.03687,0.01688,0.00979,0.03460
0.08958,0.06806,0.01286,0.03239,0.01478,0.01294,0.03199,0.01742,0.01423,0.01587,0.04037,0.18751,0.06853,0.02513,0.01890,0.08188,0.03554,0.01642,0.01182,0.20377
0.08653,0.11552,0.00887,0.03445,0.00955,0.00709,0.03259,0.00918,0.00959,0.00835,0.01781,0.15852,0.06296,0.00719,0.01044,0.17733,0.01626,0.00459,0.00854,0.21462
0.04443,0.25575,0.01054,0.15960,0.01123,0.00938,0.04438,0.01229,0.01013,0.01065,0.19295,0.02453,0.04458,0.01263,0.01256,0.03097,0.04936,0.01916,0.00922,0.03565
