0.08025,0.05125,0.02616,0.05004,0.02652,0.02648,0.07269,0.03555,0.02981,0.03151,0.08003,0.03424,0.11159,0.02211,0.03017,0.12579,0.07770,0.02714,0.02787,0.03309
0.06788,0.09593,0.02534,0.09725,0.02939,0.02441,0.06375,0.02204,0.02257,0.02271,0.15921,0.02167,0.04241,0.01720,0.02057,0.04365,0.15647,0.01835,0.02520,0.02398
0.07372,0.09018,0.01567,0.09188,0.01622,0.02159,0.08363,0.02418,0.02036,0.02033,0.08527,0.04457,0.10882,0.01156,0.01782,0.11988,0.08073,0.01356,0.01755,0.04248
0.08913,0.22418,0.01509,0.20796,0.01976,0.01975,0.07558,0.02159,0.01709,0.01917,0.04506,0.02171,0.04700,0.01338,0.02010,0.05348,0.03988,0.01238,0.01339,0.02432
0.04518,0.14395,0.01245,0.13588,0.01415,0.01551,0.04134,0.01350,0.01320,0.01388,0.03063,0.06980,0.15029,0.01192,0.01286,0.16071,0.02801,0.00900,0.00973,0.06801
0.08494,0.10095,0.01336,0.09476,0.01505,0.01663,0.07484,0.01994,0.01639,0.01653,0.21055,0.01328,0.02828,0.01306,0.01354,0.03043,0.20076,0.01021,0.01227,0.01422
0.13395,0.11334,0.00862,0.09913,0.01224,0.01170,0.12922,0.01458,0.01023,0.01180,0.14744,0.03874,0.02499,0.01520,0.01314,0.02260,0.13300,0.01536,0.01022,0.03451
0.10795,0.15262,0.03200,0.12682,0.03096,0.03437,0.09401,0.03625,0.03584,0.03982,0.03880,0.01958,0.05398,0.01957,0.02184,0.06039,0.03829,0.01367,0.02503,0.01822
0.20445,0.04422,0.02283,0.04049,0.02752,0.02730,0.19731,0.03182,0.02991,0.03237,0.05381,0.02825,0.05748,0.02146,0.02031,0.05838,0.03684,0.01472,0.01925,0.03128
0.06506,0.08611,0.02380,0.09353,0.02371,0.02302,0.09802,0.03862,0.03257,0.02625,0.04713,0.10887,0.04281,0.01729,0.03033,0.04176,0.04606,0.01509,0.02322,0.11672
0.06452,0.07778,0.02446,0.06120,0.02096,0.02135,0.04769,0.02311,0.02413,0.01971,0.06557,0.06792,0.10685,0.05380,0.03581,0.12625,0.03917,0.03785,0.02742,0.05443
0.05353,0.04596,0.01509,0.04351,0.01839,0.01965,0.04506,0.02286,0.01948,0.01870,0.15537,0.06758,0.07991,0.03771,0.03030,0.07211,0.12284,0.04798,0.01889,0.06507
0.09118,0.11328,0.03880,0.08334,0.04049,0.03581,0.06401,0.03830,0.04633,0.03891,0.06032,0.02268,0.09220,0.01205,0.01765,0.09777,0.04945,0.02416,0.01471,0.01854
0.02734,0.17279,0.01197,0.16721,0.01657,0.01126,0.02431,0.01932,0.01126,0.01503,0.05769,0.03164,0.14247,0.01941,0.01253,0.15344,0.05175,0.00982,0.01192,0.03228
0.15963,0.06031,0.01414,0.05246,0.01393,0.01739,0.15409,0.02370,0.01515,0.01794,0.17818,0.01990,0.01939,0.00947,0.01032,0.01990,0.17699,0.00849,0.01115,0.01748
0.06243,0.08040,0.01091,0.04875,0.01199,0.01019,0.05066,0.01391,0.01292,0.01105,0.25538,0.01741,0.03506,0.01877,0.03151,0.03971,0.24217,0.01125,0.01361,0.02192
0.05180,0.06049,0.01992,0.10846,0.02165,0.03144,0.09421,0.02720,0.01959,0.02379,0.02823,0.01140,0.20248,0.01501,0.01384,0.21439,0.02367,0.01095,0.01085,0.01064
0.11784,0.12983,0.01110,0.06634,0.01471,0.01311,0.05573,0.01322,0.01545,0.01509,0.19110,0.01604,0.08717,0.11843,0.01031,0.02855,0.03755,0.01427,0.00808,0.03609
0.28135,0.29137,0.01615,0.03467,0.01776,0.01893,0.04026,0.02003,0.01639,0.01615,0.03731,0.01733,0.05783,0.01716,0.01178,0.05543,0.01619,0.00704,0.01276,0.01410
0.10253,0.12262,0.01272,0.05453,0.01624,0.01125,0.04275,0.02067,0.01700,0.01332,0.03766,0.18520,0.05128,0.00838,0.01241,0.05753,0.03156,0.00974,0.00947,0.18314
0.05969,0.10737,0.02044,0.09813,0.01837,0.01862,0.05251,0.02452,0.02516,0.01751,0.05749,0.02408,0.11933,0.02676,0.03026,0.14740,0.06175,0.01026,0.03538,0.04496
0.07369,0.08905,0.02180,0.07553,0.02202,0.02106,0.07593,0.02657,0.02756,0.02234,0.08829,0.02387,0.10535,0.02370,0.02170,0.11939,0.07898,0.02603,0.02299,0.03414
0.12395,0.14017,0.01181,0.05939,0.01722,0.01824,0.04556,0.02163,0.01428,0.01661,0.09002,0.02121,0.10435,0.01740,0.02673,0.12443,0.08058,0.01717,0.01672,0.03253
0.11788,0.13118,0.02664,0.03802,0.02423,0.01894,0.03625,0.02570,0.02802,0.02384,0.08490,0.05181,0.07915,0.01158,0.02328,0.08716,0.08411,0.03493,0.02782,0.04456
0.06299,0.07068,0.02193,0.07949,0.02250,0.02261,0.07211,0.02783,0.02232,0.02993,0.14633,0.08370,0.02495,0.01607,0.01884,0.02230,0.13059,0.01832,0.01471,0.09181
0.08455,0.10175,0.02107,0.08984,0.02443,0.02910,0.07446,0.02726,0.02671,0.02517,0.08681,0.04001,0.08035,0.02046,0.02908,0.08038,0.07758,0.01981,0.02243,0.03876
0.11259,0.16980,0.01983,0.14149,0.02250,0.01504,0.09541,0.02283,0.01785,0.02343,0.06724,0.02137,0.05953,0.01057,0.01597,0.06874,0.06690,0.01177,0.01767,0.01947
0.06636,0.15173,0.01215,0.14336,0.01381,0.01447,0.05675,0.01652,0.01222,0.01675,0.05393,0.01505,0.15764,0.01278,0.01542,0.15823,0.03905,0.00905,0.01596,0.01876
0.10545,0.11406,0.02630,0.07522,0.03109,0.04057,0.06033,0.05012,0.03507,0.03755,0.08906,0.04105,0.05651,0.05144,0.02043,0.04351,0.03804,0.01806,0.02100,0.04513
0.17788,0.19104,0.02081,0.04478,0.02055,0.03211,0.03773,0.02996,0.03069,0.02285,0.05754,0.02706,0.07712,0.01448,0.02085,0.08670,0.04972,0.01109,0.01978,0.02725
0.09828,0.12126,0.03374,0.10295,0.03039,0.03171,0.10085,0.04302,0.03785,0.03136,0.03613,0.06169,0.05369,0.01286,0.01722,0.06454,0.03251,0.00984,0.01878,0.06133
0.10064,0.08974,0.01108,0.08160,0.01038,0.01191,0.09462,0.01215,0.01456,0.01591,0.10978,0.02689,0.12212,0.01198,0.01469,0.12772,0.10086,0.00993,0.00913,0.02432
0.21722,0.06908,0.01841,0.05372,0.02063,0.01465,0.21211,0.02208,0.02238,0.02073,0.07221,0.03672,0.03691,0.01574,0.01132,0.04074,0.05971,0.01042,0.00770,0.03749
0.21818,0.23145,0.01872,0.09430,0.02641,0.01861,0.07526,0.02698,0.02342,0.01766,0.03054,0.02584,0.02677,0.01765,0.02319,0.02624,0.02602,0.02867,0.01676,0.02731
0.06298,0.07660,0.01598,0.07234,0.01894,0.01725,0.05895,0.02069,0.02179,0.02074,0.17225,0.01673,0.11115,0.05752,0.01319,0.08984,0.10691,0.00770,0.01194,0.02652
0.05890,0.06599,0.00986,0.05660,0.01361,0.01353,0.04797,0.01435,0.01383,0.01228,0.10087,0.02952,0.17562,0.01370,0.02615,0.19703,0.09405,0.00881,0.01677,0.03056
0.07996,0.13394,0.01747,0.12940,0.01524,0.01817,0.06930,0.01938,0.01560,0.01570,0.13247,0.02043,0.05978,0.01398,0.01514,0.07043,0.12134,0.01736,0.01491,0.02000
0.08981,0.10604,0.02205,0.07073,0.01956,0.01984,0.05031,0.02293,0.01594,0.01669,0.07759,0.10432,0.05142,0.01426,0.03125,0.06138,0.07491,0.01748,0.02209,0.11139
0.10509,0.12864,0.02001,0.11914,0.01874,0.01722,0.10187,0.02807,0.01832,0.02023,0.07799,0.02445,0.07027,0.01868,0.02348,0.07241,0.06507,0.01806,0.01723,0.03504
0.08898,0.11375,0.04245,0.09933,0.06187,0.04430,0.10954,0.04758,0.03681,0.02606,0.03090,0.02023,0.05859,0.02367,0.02257,0.07271,0.03301,0.01394,0.02491,0.02880
0.06715,0.04202,0.01748,0.03575,0.01865,0.02043,0.06496,0.02021,0.01970,0.01701,0.09196,0.02361,0.18594,0.01991,0.02133,0.19482,0.07410,0.01248,0.02049,0.03199
0.09417,0.22898,0.01869,0.21592,0.02031,0.02345,0.08156,0.02656,0.02026,0.02237,0.06123,0.02366,0.02533,0.01329,0.01011,0.02422,0.05128,0.00776,0.00877,0.02207
0.06593,0.05087,0.01037,0.04101,0.01188,0.01142,0.05299,0.01481,0.00948,0.00936,0.11705,0.20395,0.02830,0.01052,0.00979,0.03368,0.10067,0.00851,0.00952,0.19988
0.06954,0.10640,0.01459,0.09998,0.01705,0.02009,0.06528,0.01789,0.02002,0.01655,0.17156,0.03781,0.03941,0.04207,0.02238,0.03304,0.12931,0.01914,0.01487,0.04301
0.11346,0.14883,0.02038,0.13043,0.01775,0.01718,0.08167,0.01807,0.01944,0.01793,0.06193,0.02157,0.07335,0.01680,0.01915,0.08701,0.06344,0.01114,0.02614,0.03433
0.05775,0.05397,0.02016,0.04757,0.02418,0.01805,0.04595,0.02874,0.02370,0.02337,0.12631,0.09643,0.05579,0.01966,0.03025,0.06037,0.12286,0.01654,0.01934,0.10901
0.08440,0.09432,0.01421,0.08556,0.01383,0.01566,0.06877,0.01626,0.01394,0.01540,0.05490,0.02911,0.17710,0.01055,0.01359,0.19347,0.05007,0.01155,0.01030,0.02702
0.05087,0.06734,0.01659,0.15767,0.01835,0.02252,0.14761,0.01849,0.01745,0.01679,0.12989,0.01844,0.06218,0.01015,0.01178,0.06476,0.12891,0.00956,0.01235,0.01830
0.09415,0.11149,0.02752,0.09223,0.03267,0.02651,0.09114,0.04209,0.02830,0.03291,0.07791,0.02336,0.06745,0.02183,0.02121,0.06936,0.07089,0.01647,0.01828,0.03426
0.09815,0.08474,0.02122,0.07568,0.02583,0.02500,0.09418,0.03029,0.02487,0.02970,0.06269,0.02343,0.11988,0.02000,0.02267,0.13274,0.05415,0.01688,0.01527,0.02262
0.03387,0.10694,0.02079,0.09579,0.03643,0.02365,0.02579,0.03493,0.02516,0.02409,0.12353,0.03082,0.09370,0.02032,0.02976,0.10100,0.10275,0.02244,0.01618,0.03208
0.07846,0.09336,0.01038,0.05026,0.01511,0.02055,0.04253,0.01871,0.01657,0.01373,0.03390,0.15829,0.10679,0.01120,0.01411,0.11376,0.02806,0.00902,0.00927,0.15594
0.12129,0.12489,0.01188,0.11261,0.01004,0.01255,0.10728,0.01179,0.01108,0.01203,0.16604,0.02916,0.02431,0.00756,0.00992,0.02350,0.15850,0.00843,0.00789,0.02922
0.09675,0.11172,0.02392,0.10526,0.03302,0.02770,0.08454,0.03486,0.02968,0.03231,0.04332,0.08543,0.04210,0.01595,0.01759,0.04734,0.04026,0.01464,0.02133,0.09228
0.10889,0.11784,0.01399,0.09271,0.01992,0.01657,0.09448,0.02538,0.01772,0.02318,0.05316,0.12932,0.02537,0.01064,0.01618,0.02744,0.04997,0.00877,0.01417,0.13431
0.07447,0.10470,0.02602,0.09899,0.02964,0.03274,0.06944,0.03541,0.02801,0.04232,0.04699,0.04009,0.07855,0.01884,0.01951,0.09144,0.04980,0.01808,0.03467,0.06030
0.17543,0.09128,0.03365,0.07600,0.02739,0.03057,0.16662,0.02955,0.02782,0.03517,0.04009,0.05277,0.02730,0.01291,0.01850,0.02926,0.03978,0.01425,0.01745,0.05421
0.09500,0.10385,0.02315,0.10866,0.02927,0.03027,0.10840,0.03694,0.03674,0.03056,0.06856,0.03521,0.05141,0.02433,0.02066,0.05737,0.06381,0.01632,0.02229,0.03722
0.03970,0.07765,0.01183,0.07150,0.01124,0.01283,0.03515,0.01524,0.01108,0.01203,0.23493,0.05523,0.02636,0.01827,0.02309,0.02672,0.21201,0.03611,0.01738,0.05165
0.10672,0.07312,0.01322,0.06032,0.01489,0.01658,0.10330,0.01862,0.01449,0.01918,0.18377,0.02093,0.04673,0.01326,0.01472,0.05057,0.17063,0.02848,0.01254,0.01795
0.06199,0.06700,0.02419,0.06640,0.02351,0.02421,0.05453,0.02728,0.02546,0.02504,0.08045,0.03605,0.13875,0.01883,0.02049,0.14723,0.07751,0.01365,0.02680,0.04064
0.04116,0.07454,0.01818,0.07410,0.01702,0.01775,0.03523,0.01901,0.01905,0.02088,0.22309,0.05473,0.02623,0.01358,0.01625,0.03761,0.20941,0.01060,0.01641,0.05516
0.10783,0.14571,0.01402,0.14194,0.01461,0.01743,0.09858,0.02183,0.01965,0.01702,0.10661,0.02330,0.03359,0.01443,0.02012,0.03556,0.10738,0.02123,0.01757,0.02158
0.05812,0.05037,0.01734,0.05266,0.01861,0.01673,0.05792,0.01811,0.01776,0.01550,0.08584,0.05016,0.16101,0.01816,0.03743,0.17413,0.07398,0.01212,0.01992,0.04413
0.10693,0.14303,0.02294,0.13347,0.02908,0.02716,0.09193,0.03356,0.02682,0.02164,0.05470,0.05619,0.04226,0.01737,0.01840,0.04976,0.04364,0.01531,0.01237,0.05344
0.07801,0.10249,0.02083,0.09146,0.02199,0.02112,0.07306,0.02521,0.02327,0.01856,0.07914,0.10386,0.04179,0.02122,0.02754,0.04363,0.06267,0.02215,0.01655,0.10546
0.04602,0.06349,0.02240,0.17114,0.02090,0.02236,0.17268,0.02346,0.02657,0.02303,0.02547,0.12401,0.02307,0.01218,0.01351,0.02576,0.02459,0.01079,0.01233,0.13627
0.10790,0.09976,0.01108,0.07910,0.01127,0.01327,0.09329,0.01625,0.01183,0.01174,0.21223,0.02626,0.01777,0.01258,0.01253,0.01789,0.19462,0.01353,0.01067,0.02642
0.25064,0.26189,0.01067,0.05576,0.01120,0.01067,0.04192,0.01200,0.00989,0.01130,0.09155,0.01958,0.02760,0.01114,0.01029,0.02705,0.08544,0.01554,0.01319,0.02268
0.04989,0.07018,0.01914,0.07494,0.01613,0.02145,0.04449,0.01917,0.02137,0.02365,0.10117,0.04575,0.11806,0.02047,0.03001,0.12832,0.09069,0.04768,0.02298,0.03448
0.06508,0.07698,0.02138,0.06464,0.02222,0.02648,0.05320,0.01964,0.02376,0.01804,0.15146,0.06926,0.04777,0.01570,0.02060,0.04835,0.14438,0.02697,0.01784,0.06625
0.05279,0.07454,0.01522,0.19367,0.02520,0.02137,0.18003,0.02529,0.01743,0.02620,0.08174,0.02450,0.04536,0.01433,0.01841,0.05437,0.08094,0.01247,0.01411,0.02201
0.15804,0.18049,0.01862,0.13636,0.02554,0.02035,0.11306,0.02802,0.01987,0.02310,0.02580,0.02719,0.04957,0.01506,0.01762,0.05990,0.02342,0.01715,0.01530,0.02553
0.08862,0.11095,0.02052,0.10537,0.02380,0.02100,0.08568,0.03052,0.02098,0.02300,0.06987,0.02512,0.10385,0.01879,0.01856,0.11542,0.06373,0.00978,0.01721,0.02722
0.04778,0.07933,0.04263,0.06172,0.03826,0.03041,0.03571,0.05803,0.03725,0.03464,0.08210,0.05585,0.07310,0.02218,0.03732,0.08163,0.08108,0.01370,0.02552,0.06176
0.06489,0.06870,0.02208,0.06748,0.02287,0.01882,0.06693,0.02868,0.02162,0.02206,0.13902,0.05365,0.05329,0.01733,0.02939,0.05420,0.13504,0.03086,0.02334,0.05976
0.08131,0.08231,0.05069,0.08518,0.05990,0.04478,0.07008,0.08005,0.04464,0.06883,0.07673,0.02194,0.04152,0.04160,0.01493,0.02714,0.04890,0.01120,0.02305,0.02525
0.04575,0.03918,0.01475,0.03298,0.01508,0.01376,0.04178,0.01483,0.01579,0.01270,0.10383,0.02528,0.21566,0.01270,0.01905,0.22769,0.09758,0.00979,0.01274,0.02910
0.04281,0.04202,0.01714,0.03741,0.01869,0.01505,0.03579,0.01899,0.01643,0.01287,0.12555,0.02189,0.18493,0.04127,0.04096,0.19124,0.07601,0.01723,0.01744,0.02628
0.03522,0.04342,0.01400,0.04093,0.01460,0.01520,0.03139,0.02058,0.01450,0.01702,0.04827,0.09682,0.20247,0.01925,0.02041,0.21356,0.02840,0.00909,0.01239,0.10250
0.05106,0.05095,0.01292,0.04590,0.01292,0.01755,0.04239,0.02012,0.01493,0.01305,0.25170,0.02058,0.09654,0.10310,0.01418,0.04845,0.12120,0.02007,0.01081,0.03157
0.06143,0.06481,0.02146,0.07255,0.03075,0.03178,0.06004,0.02607,0.02548,0.01981,0.06433,0.09457,0.08196,0.02334,0.03240,0.08718,0.06317,0.02604,0.02368,0.08917
0.08208,0.06491,0.02321,0.06241,0.02068,0.02493,0.07198,0.02567,0.02676,0.02040,0.12429,0.08281,0.06094,0.01585,0.01419,0.06450,0.10749,0.01705,0.01417,0.07567
0.04088,0.04735,0.01759,0.03837,0.01985,0.01474,0.03194,0.02345,0.02191,0.01835,0.09004,0.04994,0.10474,0.02039,0.05286,0.11049,0.07823,0.15814,0.04079,0.01993
0.09586,0.10926,0.01894,0.03858,0.01758,0.01645,0.03308,0.01930,0.01912,0.01447,0.08368,0.13299,0.05292,0.02992,0.02116,0.05485,0.06126,0.01802,0.02120,0.14137
0.11380,0.09464,0.01772,0.07284,0.01375,0.01455,0.09590,0.01851,0.01557,0.02048,0.05861,0.06418,0.11779,0.00826,0.01301,0.12306,0.05807,0.01104,0.01140,0.05681
0.09071,0.06715,0.01151,0.05938,0.01423,0.01391,0.07498,0.01441,0.01529,0.01456,0.03785,0.22903,0.02505,0.00897,0.01102,0.02437,0.03144,0.01044,0.01081,0.23489
0.05821,0.20096,0.02113,0.18662,0.02244,0.02383,0.05041,0.02297,0.02465,0.02086,0.04862,0.03623,0.05576,0.02397,0.02015,0.06509,0.03829,0.02472,0.01791,0.03719
0.05067,0.05772,0.01415,0.05051,0.01472,0.01589,0.04593,0.01896,0.01338,0.01473,0.13414,0.01920,0.16815,0.02262,0.01718,0.17807,0.11052,0.01402,0.01522,0.02421
0.06075,0.06488,0.02323,0.09464,0.04561,0.03570,0.08353,0.04084,0.04539,0.03579,0.04942,0.02965,0.11093,0.03109,0.02295,0.11620,0.03775,0.01888,0.01744,0.03533
0.05496,0.04190,0.01044,0.04032,0.01450,0.01373,0.04748,0.01695,0.01566,0.01657,0.07019,0.10981,0.15664,0.02256,0.01869,0.16967,0.05377,0.00869,0.01200,0.10545
0.09826,0.23055,0.01235,0.22153,0.01688,0.01207,0.09403,0.01568,0.01379,0.01247,0.04761,0.01759,0.05329,0.00839,0.00981,0.05871,0.04084,0.00558,0.01040,0.02015
0.04047,0.05514,0.01499,0.05109,0.01774,0.01845,0.03082,0.02424,0.01709,0.02291,0.12621,0.02211,0.17686,0.01907,0.01348,0.18662,0.10394,0.01830,0.01596,0.02453
0.04557,0.05344,0.02489,0.13935,0.03131,0.03032,0.12626,0.03776,0.03068,0.02489,0.09114,0.02210,0.07564,0.01862,0.01840,0.07979,0.09187,0.01829,0.01870,0.02100
0.02458,0.02994,0.01037,0.07667,0.00949,0.00959,0.06991,0.01184,0.00967,0.01104,0.12396,0.01760,0.20228,0.01041,0.01164,0.21362,0.11694,0.00945,0.01009,0.02091
0.05602,0.06334,0.00872,0.14107,0.01028,0.00897,0.12442,0.01009,0.00936,0.00926,0.18064,0.03872,0.04309,0.01619,0.01141,0.04384,0.16601,0.00760,0.01306,0.03793
0.13131,0.14302,0.01560,0.06272,0.01787,0.01436,0.05023,0.01605,0.01949,0.01530,0.17340,0.03097,0.03476,0.01162,0.01939,0.03663,0.16194,0.00810,0.00923,0.02803
0.10246,0.12365,0.02406,0.12719,0.02354,0.02539,0.09875,0.03294,0.03145,0.02391,0.02347,0.02077,0.12003,0.01589,0.01336,0.13191,0.02008,0.01215,0.01116,0.01784
0.03402,0.14180,0.02208,0.12694,0.02258,0.02384,0.02545,0.02490,0.02276,0.02476,0.09302,0.04279,0.07155,0.01681,0.03205,0.08082,0.08570,0.05259,0.02396,0.03161
0.12869,0.16270,0.01260,0.12421,0.01337,0.01357,0.11013,0.01598,0.01273,0.01184,0.06859,0.05059,0.02050,0.01288,0.01996,0.02105,0.05891,0.08239,0.01787,0.04142
0.09817,0.17504,0.01571,0.15835,0.01607,0.01320,0.09522,0.01874,0.01622,0.01465,0.07514,0.02301,0.06609,0.03655,0.01907,0.05988,0.03071,0.01538,0.01387,0.03892
0.05729,0.07774,0.01418,0.06674,0.01479,0.01928,0.05089,0.01378,0.01530,0.01689,0.09288,0.07953,0.12947,0.01327,0.01340,0.14455,0.08779,0.01470,0.00964,0.06789
0.16509,0.02939,0.01215,0.02392,0.01065,0.01179,0.16316,0.01207,0.01138,0.01054,0.15348,0.05091,0.05840,0.00903,0.01301,0.05920,0.14045,0.00787,0.00949,0.04802
0.11534,0.10204,0.01657,0.09142,0.01749,0.01795,0.10649,0.02307,0.01947,0.02129,0.12158,0.04774,0.02875,0.03016,0.02197,0.02838,0.09424,0.03707,0.01447,0.04453
0.02767,0.21219,0.00970,0.20647,0.01127,0.01084,0.02170,0.01301,0.01049,0.01326,0.16068,0.02774,0.03203,0.00960,0.01064,0.03003,0.15161,0.00801,0.00819,0.02487
0.12578,0.13093,0.01676,0.12071,0.02366,0.01785,0.11315,0.02943,0.01997,0.02121,0.09919,0.02243,0.03877,0.01467,0.01972,0.03486,0.09072,0.02012,0.01707,0.02300
0.20943,0.06424,0.03329,0.05279,0.02706,0.02754,0.19564,0.03694,0.03394,0.02926,0.06452,0.02244,0.02470,0.01890,0.01958,0.02359,0.04816,0.01870,0.01918,0.03011
0.10380,0.12759,0.02039,0.08589,0.01880,0.02049,0.08078,0.02630,0.02800,0.02199,0.09900,0.04918,0.03556,0.01898,0.04017,0.03838,0.08748,0.02998,0.02160,0.04565
0.10045,0.04476,0.00797,0.04058,0.00908,0.00999,0.09531,0.01513,0.01050,0.00803,0.10406,0.02713,0.17843,0.01624,0.01246,0.18140,0.08451,0.01491,0.01199,0.02708
0.07400,0.08337,0.01805,0.03203,0.01416,0.01634,0.02997,0.01817,0.01598,0.01315,0.20915,0.04392,0.06415,0.01258,0.01675,0.06825,0.19670,0.01266,0.01580,0.04483
0.05169,0.04712,0.03018,0.03805,0.04021,0.03191,0.05020,0.03860,0.03174,0.02886,0.18981,0.03050,0.02666,0.02104,0.02860,0.03662,0.18739,0.03154,0.02683,0.03246
0.17777,0.19733,0.01938,0.06525,0.01739,0.01725,0.04736,0.01756,0.01881,0.01514,0.06064,0.03430,0.07529,0.01274,0.02433,0.07898,0.05127,0.01763,0.01869,0.03288
0.03205,0.03798,0.00834,0.03348,0.00930,0.01251,0.03014,0.01311,0.01215,0.00905,0.21970,0.11227,0.05640,0.01057,0.01448,0.06011,0.20035,0.01304,0.01298,0.10199
0.08194,0.05872,0.01471,0.05068,0.01637,0.01610,0.07215,0.02006,0.01754,0.01929,0.05173,0.07189,0.15292,0.01556,0.02700,0.16634,0.04258,0.02165,0.01549,0.06729
0.11372,0.06032,0.01153,0.05425,0.02016,0.02007,0.10661,0.01887,0.01576,0.02049,0.16314,0.07407,0.02127,0.01248,0.01402,0.02296,0.15149,0.01884,0.01107,0.06887
0.05177,0.05221,0.01352,0.04673,0.02044,0.01547,0.04548,0.01773,0.01765,0.02029,0.11807,0.03124,0.16913,0.03794,0.02040,0.16685,0.08233,0.01877,0.01724,0.03676
0.10257,0.12913,0.02020,0.13944,0.02083,0.02444,0.12334,0.02620,0.02278,0.01959,0.08064,0.03955,0.03177,0.01666,0.01810,0.03718,0.07718,0.01056,0.01650,0.04336
0.08019,0.10429,0.02705,0.09076,0.02861,0.02525,0.07741,0.02920,0.02882,0.03287,0.06363,0.03390,0.05960,0.02264,0.04136,0.06319,0.06425,0.05982,0.03417,0.03298
0.06879,0.06794,0.02253,0.06235,0.02758,0.03372,0.05788,0.02678,0.02356,0.02419,0.18787,0.03830,0.03474,0.01576,0.01641,0.03272,0.18321,0.01301,0.02608,0.03656
0.08599,0.11988,0.03134,0.10146,0.03025,0.02941,0.07965,0.04227,0.02893,0.03199,0.06821,0.04246,0.05847,0.01975,0.02270,0.06881,0.05733,0.01712,0.01902,0.04495
0.02764,0.08980,0.01658,0.07783,0.01695,0.01710,0.02261,0.01939,0.01589,0.01808,0.07162,0.02758,0.21251,0.01404,0.01604,0.22416,0.06392,0.00888,0.01266,0.02669
0.05018,0.06085,0.01059,0.05715,0.01016,0.01299,0.04127,0.01250,0.01118,0.01026,0.21422,0.01623,0.11311,0.01417,0.01740,0.11848,0.18931,0.00913,0.01000,0.02083
0.08626,0.07825,0.02515,0.07021,0.01983,0.02070,0.08053,0.01878,0.02229,0.02596,0.06719,0.09352,0.07524,0.03165,0.02300,0.08096,0.03887,0.02045,0.02328,0.09789
0.06835,0.07801,0.01537,0.06419,0.02212,0.01985,0.05401,0.02090,0.01630,0.01909,0.19478,0.02890,0.05842,0.01303,0.01602,0.06514,0.18550,0.01638,0.01454,0.02909
0.15565,0.08563,0.02023,0.07705,0.02181,0.01751,0.15715,0.02111,0.01859,0.02199,0.06574,0.05494,0.03802,0.01692,0.03848,0.04480,0.06043,0.01420,0.01933,0.05042
0.03973,0.04698,0.01217,0.04682,0.01514,0.01744,0.03609,0.01193,0.01312,0.01075,0.19918,0.02764,0.12449,0.01183,0.01345,0.13223,0.18204,0.01931,0.01345,0.02621
0.06266,0.19832,0.01518,0.19137,0.01736,0.01985,0.05873,0.02115,0.01481,0.01991,0.04956,0.02896,0.08615,0.01302,0.01363,0.09638,0.04191,0.00942,0.01233,0.02930
0.14995,0.16389,0.01163,0.08096,0.01382,0.00894,0.06067,0.01211,0.01325,0.01091,0.13690,0.01633,0.05745,0.01237,0.01641,0.06490,0.12963,0.00963,0.01212,0.01815
0.03373,0.13994,0.01026,0.12883,0.01396,0.01386,0.02781,0.01892,0.01622,0.01315,0.15167,0.03206,0.09387,0.01182,0.01108,0.09420,0.13694,0.01140,0.00779,0.03249
0.07692,0.06391,0.01171,0.05228,0.01249,0.01549,0.07465,0.01613,0.01631,0.01748,0.12116,0.02707,0.14210,0.01417,0.01738,0.15116,0.11221,0.01897,0.01569,0.02274
0.04856,0.05827,0.01532,0.04639,0.01377,0.01270,0.04259,0.01499,0.01439,0.01745,0.14663,0.14116,0.03093,0.02474,0.02292,0.03444,0.13012,0.01758,0.02044,0.14661
0.06572,0.06548,0.01514,0.02768,0.02085,0.01660,0.02960,0.02224,0.01699,0.02495,0.04992,0.06821,0.20763,0.01228,0.01131,0.21939,0.03995,0.01156,0.00964,0.06487
0.04945,0.10588,0.02232,0.10326,0.03401,0.03801,0.03793,0.04324,0.02881,0.02741,0.06771,0.02225,0.13791,0.01624,0.01395,0.14376,0.05685,0.01301,0.01279,0.02522
0.05665,0.06001,0.02272,0.05438,0.02507,0.02157,0.05059,0.04193,0.02450,0.01990,0.19736,0.04266,0.04392,0.01203,0.02016,0.04458,0.18990,0.01133,0.01779,0.04296
0.02533,0.04050,0.01417,0.03763,0.01519,0.01397,0.02231,0.01838,0.01455,0.01366,0.23508,0.08723,0.05240,0.01151,0.01325,0.05933,0.21892,0.01302,0.01842,0.07513
0.07615,0.07704,0.01503,0.08137,0.01891,0.02035,0.07141,0.02031,0.01785,0.01710,0.20191,0.02420,0.04094,0.01461,0.01624,0.04142,0.18775,0.01604,0.01794,0.02342
0.04358,0.06786,0.03204,0.07481,0.03634,0.04042,0.04158,0.04743,0.03608,0.03574,0.04017,0.02652,0.15561,0.01679,0.02575,0.17040,0.03977,0.01703,0.02404,0.02802
0.26209,0.05461,0.01433,0.04589,0.01933,0.01422,0.26773,0.01909,0.01528,0.01460,0.04489,0.02665,0.03937,0.01429,0.01469,0.04855,0.03587,0.00962,0.01040,0.02850
0.04420,0.04807,0.00933,0.02507,0.00989,0.00901,0.02173,0.01146,0.00902,0.00974,0.21202,0.04614,0.12787,0.01160,0.01120,0.13107,0.19886,0.00709,0.01085,0.04579
0.09688,0.11260,0.02211,0.07730,0.03325,0.03395,0.08563,0.03651,0.03091,0.02838,0.03331,0.09610,0.04915,0.01563,0.01887,0.05896,0.03181,0.02005,0.02333,0.09528
0.17091,0.08757,0.01558,0.07757,0.02248,0.01963,0.16450,0.02007,0.01944,0.02289,0.09666,0.05353,0.01847,0.01342,0.01074,0.02009,0.09004,0.01082,0.01419,0.05137
0.09872,0.11203,0.01377,0.09709,0.01542,0.01401,0.09359,0.01627,0.01497,0.02164,0.15217,0.04646,0.03465,0.01425,0.01326,0.03722,0.13716,0.01066,0.01179,0.04487
0.08432,0.09863,0.02441,0.11667,0.03104,0.02057,0.09941,0.03188,0.03010,0.02536,0.04768,0.04263,0.09560,0.01393,0.01510,0.09868,0.05025,0.01578,0.01962,0.03833
0.09455,0.06821,0.02970,0.07861,0.04061,0.03839,0.09804,0.04491,0.03611,0.03244,0.09053,0.05219,0.04374,0.02513,0.01868,0.03951,0.07934,0.01486,0.01986,0.05459
0.08629,0.15115,0.01697,0.13803,0.01951,0.01818,0.07560,0.02474,0.02337,0.02227,0.04824,0.05134,0.06204,0.01816,0.02454,0.08044,0.04558,0.01543,0.01984,0.05829
0.03353,0.04031,0.02141,0.05338,0.01871,0.01771,0.04811,0.02078,0.01679,0.01745,0.02946,0.09044,0.19992,0.01411,0.02377,0.21660,0.02471,0.01393,0.01472,0.08417
0.15316,0.16365,0.01961,0.03895,0.02611,0.01591,0.03107,0.02213,0.02624,0.01975,0.06797,0.07896,0.06139,0.01803,0.02168,0.06542,0.05118,0.01616,0.02028,0.08235
0.06757,0.07570,0.01497,0.06823,0.01587,0.01464,0.06301,0.01996,0.01814,0.01235,0.05281,0.05322,0.18424,0.02041,0.01466,0.19607,0.03572,0.01319,0.01070,0.04855
0.20243,0.07116,0.01351,0.05917,0.01566,0.01357,0.19246,0.01912,0.01667,0.01719,0.11253,0.02785,0.03030,0.00952,0.01205,0.02846,0.10388,0.00903,0.01055,0.03488
0.06191,0.10708,0.02963,0.10284,0.04071,0.03954,0.04754,0.04588,0.04109,0.03718,0.04635,0.02767,0.07532,0.02684,0.04989,0.08279,0.04894,0.02001,0.03344,0.03534
0.03292,0.05205,0.01746,0.12829,0.01874,0.12490,0.11978,0.06834,0.02364,0.05975,0.03133,0.03040,0.07859,0.01358,0.02303,0.08174,0.03371,0.00765,0.01179,0.04231
0.03616,0.06589,0.02082,0.06146,0.02234,0.01914,0.02911,0.02793,0.02667,0.02688,0.18128,0.03793,0.07106,0.02082,0.02801,0.07621,0.16438,0.03210,0.02063,0.03119
0.07754,0.08532,0.02297,0.08075,0.03184,0.02632,0.06437,0.02917,0.02900,0.02463,0.08728,0.11125,0.04658,0.03506,0.01315,0.03846,0.05409,0.01153,0.01053,0.12017
0.07004,0.08158,0.01963,0.14826,0.02465,0.02192,0.13378,0.02870,0.02735,0.02405,0.08854,0.02252,0.05834,0.01783,0.01997,0.06289,0.08618,0.01757,0.02352,0.02267
0.05835,0.06596,0.02029,0.05923,0.02522,0.01655,0.05340,0.02418,0.01948,0.02728,0.16627,0.04701,0.07837,0.06340,0.02450,0.06098,0.08801,0.02633,0.02140,0.05379
0.04300,0.13217,0.01330,0.12939,0.01894,0.02024,0.03637,0.02198,0.01726,0.01851,0.17730,0.02248,0.05282,0.01621,0.01295,0.05530,0.16551,0.01003,0.01072,0.02550
0.09601,0.15372,0.01009,0.14689,0.01038,0.01060,0.09225,0.01435,0.01585,0.01187,0.09580,0.03823,0.04378,0.01696,0.01692,0.04810,0.08208,0.04658,0.01505,0.03450
0.11244,0.11829,0.01979,0.10750,0.02251,0.01780,0.11857,0.02611,0.02721,0.02325,0.03158,0.12789,0.02712,0.01161,0.01259,0.02657,0.02576,0.00673,0.00906,0.12762
0.03170,0.03669,0.00698,0.04296,0.00828,0.00692,0.02836,0.00881,0.00751,0.00644,0.10218,0.01996,0.27057,0.00689,0.01085,0.28550,0.09094,0.00531,0.00568,0.01748
0.05319,0.18049,0.01437,0.17235,0.01935,0.01673,0.04438,0.01620,0.01560,0.01581,0.11981,0.03178,0.05843,0.06771,0.01748,0.02930,0.04464,0.03714,0.01276,0.03249
0.10900,0.13250,0.00909,0.09818,0.01091,0.00881,0.07683,0.01231,0.01049,0.00906,0.06622,0.06848,0.08895,0.01449,0.01526,0.11063,0.05557,0.01032,0.01394,0.07896
0.12189,0.02472,0.01354,0.02406,0.01166,0.01390,0.12805,0.01623,0.01249,0.01526,0.09585,0.09024,0.09667,0.04490,0.02313,0.08062,0.04369,0.01615,0.01677,0.11017
0.05280,0.17791,0.02125,0.16541,0.02362,0.02369,0.04448,0.03240,0.02186,0.02555,0.04858,0.07436,0.05271,0.01177,0.01990,0.05419,0.04551,0.01563,0.01623,0.07215
0.08378,0.15080,0.01447,0.13664,0.01441,0.01274,0.07190,0.02302,0.01627,0.01581,0.12050,0.02617,0.05867,0.01193,0.01250,0.06124,0.11575,0.00964,0.01534,0.02842
0.05297,0.05342,0.01193,0.04832,0.01356,0.01457,0.04815,0.01531,0.01256,0.01243,0.06686,0.13566,0.13536,0.01827,0.01303,0.14745,0.04710,0.00925,0.00902,0.13481
0.05586,0.08544,0.02589,0.07035,0.02717,0.02741,0.05798,0.03061,0.02216,0.03054,0.17175,0.03121,0.06840,0.06500,0.01568,0.04965,0.09440,0.01916,0.01596,0.03538
0.11017,0.04482,0.01402,0.04141,0.01390,0.01463,0.10022,0.01583,0.01355,0.01393,0.07871,0.10176,0.09963,0.01982,0.01631,0.11433,0.05848,0.01940,0.01554,0.09352
0.15416,0.14874,0.02162,0.13386,0.02741,0.02190,0.13763,0.03943,0.02778,0.02859,0.05117,0.01784,0.02772,0.02024,0.01587,0.02636,0.03922,0.02128,0.01540,0.02378
0.13409,0.15225,0.01544,0.13560,0.01583,0.01692,0.11547,0.01708,0.01675,0.01243,0.05135,0.05166,0.04785,0.01372,0.02172,0.05258,0.04887,0.01179,0.01880,0.04979
0.09827,0.19383,0.01080,0.18154,0.01255,0.01536,0.07560,0.01586,0.01560,0.01008,0.03971,0.03058,0.09425,0.00796,0.01328,0.10067,0.03474,0.01231,0.01059,0.02644
0.08297,0.09219,0.02556,0.09987,0.03043,0.03587,0.10184,0.03009,0.02426,0.03315,0.05662,0.11536,0.01625,0.01458,0.01482,0.01707,0.05490,0.01071,0.02007,0.12338
0.05395,0.05568,0.01019,0.05721,0.01458,0.01449,0.04566,0.01929,0.01773,0.01311,0.11617,0.11325,0.08380,0.01519,0.01963,0.08815,0.10396,0.03021,0.01604,0.11171
0.03726,0.05738,0.01405,0.20700,0.01321,0.01713,0.20690,0.02381,0.01471,0.01473,0.04184,0.09663,0.03356,0.01295,0.01451,0.03959,0.03823,0.00927,0.01131,0.09594
0.02871,0.07643,0.01322,0.07407,0.01552,0.01812,0.02667,0.01751,0.01728,0.02215,0.04132,0.07255,0.19953,0.01025,0.01693,0.21545,0.03627,0.01038,0.01874,0.06891
0.07750,0.09516,0.02362,0.06661,0.03047,0.02681,0.05395,0.03121,0.03034,0.02550,0.10436,0.06805,0.07178,0.05443,0.02112,0.05887,0.04535,0.03215,0.01421,0.06851
0.03017,0.03382,0.01730,0.08851,0.02641,0.02028,0.08708,0.01929,0.01760,0.01927,0.23364,0.02463,0.02796,0.02705,0.01907,0.02321,0.20684,0.03490,0.01868,0.02433
0.11721,0.06832,0.01576,0.06179,0.01362,0.01549,0.11739,0.02186,0.01749,0.01899,0.04407,0.05441,0.12391,0.01716,0.02131,0.13802,0.04088,0.02797,0.01433,0.05002
0.05705,0.09072,0.01735,0.08194,0.01957,0.01740,0.05758,0.02205,0.01855,0.01962,0.13828,0.04889,0.08126,0.01519,0.01799,0.09247,0.12970,0.01138,0.01670,0.04629
0.18746,0.15455,0.01489,0.13808,0.01781,0.01971,0.18146,0.02028,0.01616,0.02151,0.03555,0.02006,0.03566,0.01159,0.01628,0.04026,0.03087,0.00782,0.01088,0.01912
0.12995,0.07922,0.01107,0.07069,0.01532,0.01664,0.12301,0.02100,0.01598,0.01710,0.05227,0.02660,0.14540,0.01888,0.01393,0.15616,0.03770,0.00942,0.01046,0.02920
0.03635,0.04319,0.01702,0.07434,0.01511,0.01416,0.07062,0.01844,0.01893,0.01614,0.22040,0.04482,0.03664,0.01447,0.01887,0.03640,0.21617,0.02114,0.01720,0.04959
0.05754,0.13377,0.02652,0.11847,0.02179,0.02095,0.05112,0.02544,0.02100,0.02457,0.09964,0.05056,0.05588,0.01701,0.02136,0.06280,0.10040,0.01666,0.02091,0.05361
0.04544,0.06575,0.01472,0.05877,0.01523,0.02142,0.03802,0.02406,0.01922,0.01927,0.08950,0.02609,0.19449,0.01442,0.01506,0.20332,0.07501,0.02186,0.01502,0.02333
0.06493,0.06878,0.01633,0.05566,0.02394,0.01647,0.05734,0.02444,0.01520,0.01784,0.16864,0.03452,0.07492,0.03248,0.03760,0.07507,0.13809,0.01112,0.02185,0.04480
0.11143,0.11647,0.02214,0.04999,0.01883,0.02130,0.04022,0.02605,0.02384,0.01925,0.15653,0.01812,0.05362,0.02613,0.02556,0.05607,0.13553,0.02140,0.02036,0.03716
0.11223,0.10930,0.03925,0.09967,0.04006,0.02834,0.11455,0.05253,0.03798,0.04455,0.03012,0.03183,0.04145,0.02412,0.02860,0.04352,0.03202,0.03794,0.02352,0.02846
0.10674,0.11414,0.01599,0.09878,0.02056,0.01888,0.10088,0.02209,0.01701,0.01490,0.08258,0.04258,0.08059,0.01278,0.01765,0.08949,0.07528,0.01217,0.01542,0.04148
0.06093,0.04712,0.01583,0.04083,0.01990,0.02076,0.06375,0.01943,0.01777,0.01589,0.12134,0.03993,0.13806,0.01832,0.02597,0.15402,0.11025,0.01594,0.01573,0.03823
0.08569,0.09551,0.01432,0.14072,0.01710,0.01430,0.13205,0.01789,0.01523,0.01423,0.13988,0.02584,0.03449,0.01330,0.01382,0.03627,0.13213,0.01887,0.01538,0.02299
0.06662,0.07006,0.01980,0.05900,0.01658,0.01735,0.05637,0.02689,0.01996,0.01803,0.17328,0.08326,0.03260,0.01311,0.02083,0.03916,0.15593,0.01271,0.01839,0.08008
0.18627,0.19890,0.02610,0.08322,0.02182,0.03042,0.06634,0.02357,0.02664,0.01898,0.06929,0.01998,0.02505,0.01665,0.01549,0.02821,0.06809,0.01805,0.02524,0.03169
0.13743,0.04910,0.00975,0.04483,0.01263,0.01369,0.13425,0.01303,0.01339,0.01478,0.12864,0.06316,0.07414,0.01073,0.01244,0.07903,0.11424,0.01064,0.01131,0.05277
0.05377,0.08876,0.04042,0.08034,0.05081,0.07724,0.04469,0.07870,0.03107,0.05236,0.13772,0.01435,0.02067,0.01220,0.01292,0.02503,0.13554,0.01183,0.01360,0.01796
0.09984,0.10954,0.02684,0.06834,0.03231,0.02355,0.05450,0.02778,0.02199,0.02933,0.16015,0.03662,0.03032,0.01432,0.01568,0.03286,0.15438,0.01273,0.01655,0.03239
0.11835,0.17398,0.01421,0.13796,0.01721,0.01968,0.09046,0.01956,0.01546,0.01926,0.05920,0.03712,0.05174,0.01868,0.01942,0.05245,0.04693,0.04573,0.01727,0.02533
0.02984,0.16957,0.02362,0.17383,0.02252,0.01842,0.02348,0.02574,0.02908,0.02445,0.12663,0.01685,0.04285,0.02239,0.01784,0.05053,0.12496,0.01276,0.01972,0.02490
0.04812,0.25655,0.01057,0.25283,0.01162,0.01199,0.03341,0.01391,0.01141,0.01008,0.10985,0.01625,0.02559,0.01446,0.01065,0.02664,0.10186,0.01123,0.00820,0.01479
0.11861,0.12702,0.02197,0.11420,0.02285,0.02418,0.11145,0.03813,0.02997,0.03628,0.06360,0.03294,0.04314,0.01269,0.01807,0.04828,0.05601,0.01998,0.02199,0.03863
0.08301,0.11668,0.01826,0.10937,0.01861,0.02253,0.07305,0.02903,0.01865,0.02330,0.08976,0.04801,0.06098,0.01545,0.02181,0.06794,0.08241,0.03075,0.02089,0.04952
0.19161,0.11915,0.01639,0.10489,0.02095,0.01546,0.18689,0.02532,0.01767,0.02594,0.08038,0.01222,0.01700,0.01232,0.01100,0.01870,0.07449,0.01819,0.01404,0.01739
0.02521,0.10411,0.01005,0.09537,0.01053,0.01294,0.02355,0.01341,0.01000,0.01476,0.11482,0.16524,0.03629,0.00989,0.02236,0.04086,0.10312,0.00696,0.01573,0.16481
0.07580,0.09470,0.02341,0.08606,0.02188,0.02626,0.08445,0.02524,0.02948,0.02711,0.04311,0.02923,0.13627,0.01540,0.02327,0.15050,0.04032,0.01673,0.01888,0.03188
0.04280,0.10797,0.02077,0.09959,0.01952,0.02433,0.03614,0.02439,0.01924,0.01905,0.05514,0.02600,0.16968,0.01355,0.02399,0.19013,0.05154,0.01218,0.01803,0.02595
0.05701,0.06738,0.00839,0.06254,0.01158,0.01023,0.05510,0.01143,0.00943,0.00956,0.16253,0.01642,0.14821,0.01502,0.01193,0.15108,0.15260,0.01035,0.01023,0.01900
0.11387,0.16109,0.02879,0.14335,0.02401,0.02295,0.10153,0.02520,0.02293,0.02577,0.06107,0.05674,0.02027,0.01223,0.01635,0.02382,0.05695,0.01646,0.01468,0.05196
0.05096,0.04834,0.01922,0.04350,0.02267,0.01556,0.04718,0.02260,0.01756,0.02292,0.03304,0.02849,0.24974,0.01522,0.01420,0.26108,0.02851,0.01211,0.01466,0.03245
0.06001,0.08299,0.01881,0.11341,0.01737,0.01421,0.09896,0.01636,0.01854,0.01589,0.14149,0.04498,0.06376,0.01557,0.01869,0.06500,0.12998,0.01103,0.01018,0.04278
0.07261,0.09149,0.01218,0.07016,0.01236,0.01256,0.06382,0.01404,0.01342,0.01343,0.14923,0.06242,0.08581,0.01690,0.01419,0.09127,0.12520,0.00829,0.01033,0.06029
0.11905,0.09083,0.02170,0.08253,0.02635,0.02148,0.09977,0.02309,0.01816,0.01993,0.10360,0.03155,0.08288,0.02171,0.01780,0.07705,0.07976,0.00946,0.01202,0.04130
0.10442,0.12577,0.02584,0.13906,0.02778,0.03339,0.11882,0.03118,0.02504,0.02681,0.05167,0.03280,0.05610,0.01620,0.01968,0.05774,0.04619,0.01117,0.01718,0.03313
0.09333,0.10575,0.02166,0.12192,0.01961,0.01804,0.11626,0.02369,0.01878,0.01982,0.07474,0.02780,0.08526,0.01707,0.01610,0.09328,0.07435,0.01190,0.01432,0.02633
0.14527,0.08119,0.03004,0.06645,0.02932,0.03475,0.13520,0.03774,0.03759,0.03742,0.04315,0.07711,0.03020,0.02010,0.01954,0.02715,0.03047,0.01299,0.01829,0.08604
0.04586,0.05856,0.01152,0.06260,0.01176,0.01323,0.04738,0.01644,0.01311,0.01208,0.28519,0.03192,0.02261,0.01127,0.01087,0.02229,0.27337,0.00858,0.01119,0.03015
0.04440,0.05024,0.01494,0.04606,0.01612,0.01881,0.04113,0.02954,0.01759,0.02118,0.09714,0.03212,0.18834,0.00915,0.01692,0.19981,0.09180,0.01020,0.01713,0.03739
0.05249,0.07073,0.02118,0.19151,0.02909,0.02482,0.19426,0.02704,0.03057,0.03788,0.02977,0.04836,0.04257,0.01841,0.02379,0.04875,0.03301,0.01898,0.02038,0.03639
0.06515,0.10372,0.01970,0.09884,0.01984,0.01896,0.06789,0.01695,0.02131,0.02021,0.06869,0.06204,0.09762,0.01496,0.02648,0.11484,0.06616,0.01679,0.01923,0.06064
0.07592,0.10115,0.02563,0.08459,0.03226,0.02854,0.06188,0.03721,0.03150,0.03336,0.14711,0.04711,0.01932,0.01301,0.01520,0.02358,0.14475,0.01521,0.01198,0.05069
0.12176,0.13804,0.01888,0.12434,0.02504,0.02593,0.10838,0.03483,0.02484,0.02392,0.03588,0.02568,0.08299,0.01491,0.01356,0.09071,0.03671,0.01097,0.01415,0.02850
0.12769,0.04521,0.03933,0.03803,0.02973,0.03336,0.10105,0.03467,0.04033,0.03865,0.13858,0.02165,0.04331,0.01112,0.01783,0.04708,0.13154,0.01372,0.02438,0.02274
0.08155,0.05766,0.01225,0.05374,0.01329,0.01665,0.07445,0.01597,0.01323,0.01648,0.08853,0.11987,0.08482,0.01312,0.01491,0.09125,0.08198,0.01330,0.01394,0.12299
0.09105,0.07550,0.01624,0.06521,0.01245,0.01337,0.08001,0.01427,0.01530,0.01897,0.22765,0.02349,0.02724,0.00923,0.01363,0.02849,0.22016,0.01510,0.01314,0.01950
0.07075,0.09466,0.01333,0.07442,0.01630,0.01564,0.06005,0.01778,0.01588,0.01664,0.06799,0.02654,0.16573,0.01668,0.01576,0.18876,0.05574,0.01436,0.01976,0.03324
0.08943,0.09769,0.02440,0.03599,0.02185,0.03310,0.03569,0.04647,0.03354,0.04436,0.05208,0.04706,0.10803,0.02233,0.03114,0.13133,0.03307,0.04489,0.02454,0.04302
0.04635,0.04880,0.02178,0.07198,0.03376,0.02710,0.06402,0.02590,0.02397,0.02927,0.06800,0.04244,0.15509,0.02279,0.02184,0.16201,0.05638,0.01682,0.02088,0.04082
0.05087,0.07011,0.01755,0.06314,0.01974,0.01961,0.04809,0.02282,0.01960,0.02080,0.18976,0.02131,0.06993,0.02170,0.03904,0.07261,0.17422,0.01451,0.01797,0.02662
0.05785,0.04763,0.03641,0.05102,0.05710,0.04802,0.05765,0.08502,0.05311,0.09364,0.04030,0.04596,0.07503,0.02257,0.02418,0.08463,0.03831,0.01432,0.02077,0.04647
0.05000,0.08680,0.03229,0.07680,0.03260,0.03628,0.05103,0.03227,0.02939,0.03698,0.08669,0.02911,0.08421,0.02881,0.03064,0.09716,0.08736,0.01784,0.02962,0.04411
0.06743,0.08029,0.01654,0.03478,0.01562,0.01221,0.02834,0.01639,0.02017,0.01492,0.09180,0.03163,0.18816,0.01401,0.02136,0.20263,0.08078,0.01358,0.01876,0.03061
0.08493,0.08956,0.01717,0.05147,0.01473,0.01717,0.04061,0.01829,0.01621,0.01720,0.18815,0.04074,0.07870,0.07291,0.01416,0.05164,0.09623,0.02714,0.01447,0.04853
0.05448,0.06450,0.04722,0.06267,0.03612,0.04833,0.05942,0.05368,0.04798,0.04859,0.07988,0.04038,0.05564,0.02484,0.05920,0.05699,0.08297,0.01577,0.02433,0.03701
0.13223,0.17808,0.00833,0.15321,0.01258,0.01542,0.10881,0.01478,0.01451,0.01630,0.03811,0.02111,0.08619,0.01120,0.01856,0.09292,0.03383,0.01092,0.01084,0.02208
0.08132,0.16315,0.02461,0.13744,0.02859,0.02991,0.06833,0.02957,0.02861,0.03066,0.05466,0.02942,0.07582,0.01501,0.01423,0.07728,0.05112,0.01511,0.01487,0.03027
0.04029,0.03978,0.01312,0.03458,0.01196,0.01007,0.03928,0.01245,0.01295,0.01207,0.17238,0.04381,0.14950,0.02718,0.01768,0.14965,0.13621,0.02538,0.01490,0.03676
0.05025,0.06913,0.01523,0.10381,0.02207,0.07968,0.09877,0.05147,0.02150,0.04732,0.06617,0.02789,0.09015,0.03420,0.02589,0.08711,0.04255,0.01663,0.01414,0.03605
0.09128,0.09969,0.01779,0.08705,0.02091,0.02138,0.08683,0.02777,0.01954,0.02111,0.08783,0.09501,0.05128,0.01610,0.01558,0.05542,0.06898,0.00996,0.01149,0.09500
0.16579,0.17891,0.01675,0.05457,0.01471,0.01704,0.03987,0.01616,0.01347,0.01705,0.07431,0.05181,0.07013,0.01897,0.02488,0.07838,0.06327,0.01606,0.01882,0.04908
0.05463,0.15673,0.02143,0.15196,0.02903,0.03105,0.04116,0.03615,0.03756,0.02884,0.07789,0.05565,0.04081,0.01818,0.02021,0.04360,0.06407,0.02101,0.01723,0.05281
0.10796,0.14917,0.01663,0.14496,0.01617,0.01762,0.10332,0.02160,0.02249,0.01633,0.08963,0.03244,0.05086,0.01088,0.01150,0.05375,0.08538,0.00903,0.01088,0.02941
0.10533,0.12212,0.02114,0.08495,0.02441,0.02376,0.08221,0.02774,0.02106,0.02106,0.10102,0.02322,0.07638,0.01779,0.02069,0.07399,0.09297,0.02175,0.01525,0.02316
0.04324,0.04350,0.01171,0.03595,0.01245,0.01162,0.03643,0.01367,0.01143,0.01423,0.28398,0.02585,0.06700,0.06289,0.01878,0.04352,0.20111,0.01376,0.01431,0.03458
0.05161,0.07417,0.01258,0.15661,0.01580,0.01683,0.13343,0.01647,0.01522,0.01512,0.04997,0.02356,0.14095,0.01293,0.01413,0.15634,0.04590,0.01004,0.01701,0.02133
0.06784,0.10207,0.01676,0.09112,0.02499,0.02069,0.06237,0.02485,0.02342,0.02618,0.10443,0.07846,0.05256,0.01395,0.02432,0.06261,0.09993,0.01324,0.01664,0.07357
0.10234,0.11535,0.01086,0.07216,0.01222,0.00860,0.06487,0.01685,0.01184,0.01322,0.13693,0.05248,0.05558,0.01696,0.02956,0.06156,0.13087,0.01788,0.01775,0.05211
0.21813,0.03746,0.01101,0.03497,0.01231,0.01281,0.22001,0.01491,0.01591,0.01290,0.03116,0.01825,0.14113,0.00756,0.00989,0.14014,0.02501,0.00985,0.00933,0.01725
0.06140,0.13196,0.04370,0.11670,0.04573,0.03814,0.05276,0.03278,0.04396,0.03798,0.07542,0.01815,0.06978,0.01835,0.02136,0.07447,0.06810,0.01631,0.01485,0.01810
0.06106,0.08254,0.01114,0.22980,0.01667,0.01298,0.22227,0.01602,0.01759,0.01260,0.07207,0.02284,0.03830,0.01548,0.01242,0.04034,0.06367,0.01769,0.01189,0.02264
0.08167,0.08853,0.01309,0.07501,0.01323,0.01364,0.07280,0.01427,0.01492,0.01203,0.09051,0.05972,0.02143,0.00951,0.04474,0.02083,0.09330,0.19732,0.04168,0.02177
0.07896,0.05895,0.05237,0.07538,0.04937,0.05370,0.08486,0.05728,0.04651,0.02976,0.05023,0.04267,0.07127,0.01688,0.03040,0.06273,0.04812,0.01109,0.03078,0.04869
0.03062,0.03303,0.00906,0.04177,0.00982,0.00888,0.03887,0.00912,0.00963,0.00927,0.10939,0.01610,0.25607,0.00860,0.01296,0.26345,0.10036,0.00753,0.00838,0.01709
0.08114,0.11394,0.02053,0.09785,0.02074,0.02388,0.07331,0.02562,0.01717,0.02248,0.06319,0.01573,0.13798,0.01553,0.02122,0.15360,0.05482,0.00972,0.01189,0.01964
