0.03290,0.02904,0.05113,0.17725,0.23420,0.01186,0.00984,0.00222,0.02204,0.01268,0.28952,0.02087,0.00381,0.06731,0.00768,0.00502,0.00378,0.00446,0.00090,0.01349
0.01559,0.02289,0.00494,0.00267,0.00334,0.00635,0.04537,0.16227,0.00408,0.02781,0.02585,0.63827,0.00450,0.01327,0.00607,0.00361,0.00169,0.00577,0.00196,0.00370
0.06654,0.02541,0.00456,0.11134,0.36166,0.00952,0.00776,0.00391,0.01298,0.01658,0.00603,0.01356,0.00686,0.00695,0.04018,0.04345,0.23064,0.01573,0.00256,0.01379
0.25580,0.13802,0.02076,0.01816,0.09647,0.00396,0.00308,0.00293,0.00514,0.00317,0.38627,0.00984,0.01186,0.02057,0.00965,0.00109,0.00589,0.00185,0.00165,0.00383
0.23163,0.02737,0.00555,0.00582,0.00701,0.00416,0.00995,0.01153,0.00430,0.07720,0.37555,0.00924,0.04041,0.02371,0.08979,0.02357,0.00335,0.01725,0.00801,0.02461
0.14736,0.06665,0.00502,0.00521,0.00278,0.00310,0.02902,0.02393,0.00246,0.32030,0.00346,0.00666,0.04654,0.06980,0.00659,0.00869,0.00275,0.23663,0.00673,0.00633
0.17538,0.06372,0.07107,0.02197,0.21691,0.00519,0.00875,0.00453,0.00589,0.00538,0.28581,0.01616,0.01357,0.01388,0.00282,0.00339,0.06987,0.00269,0.00357,0.00944
0.29042,0.02004,0.01337,0.01129,0.00491,0.00517,0.00588,0.02704,0.01647,0.27258,0.03973,0.01923,0.00992,0.00564,0.00282,0.01309,0.00580,0.20104,0.00851,0.02704
0.04173,0.07753,0.29904,0.02021,0.02363,0.00341,0.00982,0.01372,0.17233,0.01330,0.01526,0.02000,0.01871,0.14153,0.01181,0.00268,0.00185,0.01315,0.00489,0.09536
0.04526,0.05847,0.03335,0.00913,0.02191,0.00455,0.10857,0.01983,0.02184,0.01027,0.09339,0.01772,0.01100,0.00475,0.00668,0.07958,0.00906,0.39541,0.00308,0.04615
0.20464,0.27713,0.03242,0.04059,0.04852,0.10158,0.01943,0.04315,0.01629,0.00431,0.01834,0.03483,0.01272,0.01629,0.01672,0.02048,0.02120,0.05220,0.01291,0.00626
0.02920,0.01737,0.00398,0.22346,0.56634,0.00911,0.01404,0.00159,0.00409,0.02193,0.00627,0.00227,0.00226,0.04606,0.03542,0.00320,0.00162,0.00894,0.00113,0.00173
0.01913,0.01312,0.00455,0.28527,0.53236,0.00619,0.00491,0.00145,0.00806,0.02115,0.02362,0.02385,0.00353,0.00731,0.01092,0.01852,0.00179,0.00433,0.00059,0.00933
0.07856,0.02266,0.00597,0.00592,0.00702,0.27024,0.00376,0.00435,0.27480,0.13254,0.01013,0.00361,0.01562,0.01317,0.01877,0.01081,0.00268,0.11276,0.00287,0.00377
0.19867,0.18479,0.00505,0.01653,0.00671,0.00146,0.00576,0.01898,0.00209,0.17211,0.00354,0.00279,0.00465,0.00528,0.00206,0.00322,0.00156,0.06127,0.28945,0.01404
0.08443,0.16882,0.07907,0.13989,0.00499,0.00249,0.00532,0.00361,0.09259,0.00784,0.02626,0.00341,0.02210,0.02630,0.02774,0.00434,0.00144,0.00695,0.28775,0.00467
0.01294,0.15489,0.02578,0.20590,0.01046,0.00360,0.00445,0.01837,0.00605,0.08140,0.00503,0.00706,0.00934,0.01086,0.00444,0.00367,0.00441,0.00819,0.27707,0.14609
0.10365,0.08900,0.00566,0.00516,0.00909,0.04214,0.00405,0.02158,0.24636,0.10321,0.01314,0.01761,0.04152,0.00321,0.01018,0.00940,0.00345,0.23552,0.02994,0.00612
0.01675,0.45542,0.02922,0.12059,0.02705,0.00477,0.00616,0.03766,0.07945,0.03192,0.01510,0.01610,0.00676,0.02189,0.00398,0.00273,0.00310,0.01061,0.02249,0.08826
0.03097,0.41556,0.00499,0.00669,0.01488,0.00501,0.01267,0.07790,0.00410,0.08601,0.04260,0.02047,0.02580,0.00856,0.00388,0.00869,0.00338,0.02041,0.00553,0.20190
0.11023,0.04352,0.00264,0.01782,0.00335,0.00512,0.22693,0.01607,0.00395,0.20885,0.00358,0.03991,0.00995,0.15995,0.00199,0.00682,0.00214,0.11190,0.01733,0.00797
0.05895,0.37168,0.00521,0.00721,0.00929,0.13421,0.00835,0.07668,0.03350,0.01490,0.00229,0.00954,0.00433,0.01371,0.00556,0.09815,0.00240,0.13559,0.00527,0.00318
0.30694,0.17034,0.03658,0.00307,0.00694,0.00248,0.00153,0.00226,0.00608,0.00588,0.41157,0.00442,0.01184,0.01313,0.00404,0.00202,0.00319,0.00210,0.00160,0.00400
0.01939,0.26909,0.03124,0.16178,0.00955,0.01039,0.00669,0.01099,0.14695,0.00786,0.00435,0.00643,0.02514,0.00371,0.00417,0.00499,0.00170,0.00383,0.26669,0.00506
0.14132,0.55499,0.00369,0.00207,0.00398,0.01730,0.00584,0.00294,0.24342,0.00194,0.00124,0.00242,0.00142,0.00687,0.00165,0.00301,0.00139,0.00257,0.00114,0.00079
0.08456,0.03162,0.13348,0.00627,0.00471,0.00211,0.00330,0.00701,0.00361,0.24965,0.00540,0.01179,0.01106,0.00293,0.00336,0.00586,0.16146,0.26705,0.00276,0.00202
0.05895,0.08416,0.01779,0.00199,0.39748,0.00201,0.00636,0.36303,0.00361,0.00724,0.00851,0.00577,0.01649,0.00347,0.00255,0.00479,0.00430,0.00429,0.00339,0.00382
0.01540,0.16197,0.00219,0.00713,0.00528,0.00301,0.34266,0.00241,0.00187,0.00536,0.00242,0.00075,0.00417,0.43128,0.00125,0.00491,0.00094,0.00125,0.00390,0.00185
0.09906,0.05047,0.01000,0.02477,0.02793,0.00352,0.14209,0.03287,0.00814,0.12816,0.00446,0.02739,0.03196,0.19987,0.00513,0.09303,0.00097,0.08871,0.01710,0.00436
0.09922,0.52054,0.00312,0.00996,0.01576,0.00681,0.01983,0.00825,0.02046,0.00676,0.00280,0.21624,0.00239,0.00582,0.00401,0.00377,0.00109,0.05022,0.00142,0.00154
0.22168,0.03755,0.00812,0.00328,0.00450,0.00107,0.00208,0.00451,0.00482,0.37079,0.00644,0.00517,0.00726,0.00192,0.00279,0.02496,0.00138,0.28280,0.00077,0.00812
0.23645,0.27113,0.04960,0.00315,0.03065,0.01166,0.00318,0.10704,0.00709,0.00325,0.00285,0.13287,0.00113,0.11112,0.00187,0.00098,0.02100,0.00168,0.00077,0.00253
0.09557,0.29508,0.15535,0.00777,0.05786,0.01043,0.02122,0.01306,0.00832,0.03593,0.00572,0.07247,0.01407,0.16075,0.00684,0.00361,0.00151,0.00730,0.02074,0.00639
0.03430,0.03455,0.01048,0.01562,0.00965,0.01593,0.49994,0.00976,0.00725,0.01032,0.00949,0.02942,0.00701,0.23754,0.01113,0.01027,0.00820,0.00840,0.00549,0.02525
0.01695,0.06424,0.00526,0.00498,0.00485,0.00427,0.18780,0.00806,0.00564,0.22819,0.00625,0.00936,0.03309,0.19426,0.00826,0.00374,0.00257,0.18262,0.01648,0.01315
0.14669,0.04759,0.01589,0.01530,0.01092,0.00807,0.03277,0.00566,0.00706,0.00470,0.20006,0.01955,0.02891,0.00534,0.33002,0.01877,0.00903,0.00611,0.05909,0.02847
0.21364,0.17784,0.01492,0.00342,0.00468,0.00419,0.00528,0.00524,0.00814,0.20574,0.00600,0.01186,0.00783,0.03938,0.00533,0.00517,0.00261,0.25283,0.00471,0.02116
0.10130,0.17501,0.01667,0.00280,0.01353,0.01001,0.00240,0.04035,0.03277,0.27584,0.00732,0.00959,0.01326,0.00361,0.00573,0.00672,0.00334,0.27110,0.00280,0.00586
0.08784,0.58962,0.00287,0.00145,0.00505,0.11367,0.01113,0.00362,0.16880,0.00123,0.00092,0.00154,0.00097,0.00394,0.00066,0.00284,0.00074,0.00159,0.00062,0.00093
0.14637,0.02310,0.00714,0.01493,0.01200,0.31519,0.00412,0.08908,0.06691,0.05502,0.02296,0.05500,0.01084,0.02374,0.01637,0.00926,0.00812,0.10151,0.00357,0.01476
0.27355,0.36444,0.03972,0.00313,0.00613,0.01558,0.00644,0.03196,0.00302,0.02272,0.00327,0.00861,0.00277,0.18795,0.00684,0.01214,0.00194,0.00623,0.00229,0.00129
0.07836,0.08851,0.01573,0.00262,0.24875,0.00251,0.00829,0.09637,0.00602,0.10679,0.00321,0.00564,0.11914,0.00383,0.00381,0.00561,0.00718,0.19082,0.00438,0.00243
0.14792,0.06728,0.03293,0.00719,0.00808,0.00714,0.27663,0.00648,0.01173,0.00549,0.00964,0.07035,0.03912,0.00324,0.00419,0.00865,0.07066,0.05089,0.16870,0.00369
0.15982,0.02714,0.01321,0.00319,0.00381,0.00658,0.00857,0.01977,0.00817,0.34804,0.01190,0.02695,0.01413,0.00312,0.00660,0.00332,0.00542,0.32274,0.00259,0.00495
0.05924,0.03954,0.00338,0.00365,0.00359,0.00277,0.00565,0.00362,0.00175,0.00354,0.01007,0.00434,0.25894,0.00147,0.57526,0.00399,0.00466,0.00351,0.00612,0.00490
0.24942,0.07024,0.02322,0.00711,0.03489,0.00537,0.00364,0.04281,0.01317,0.12642,0.00648,0.01294,0.08925,0.12791,0.03173,0.02361,0.00331,0.11725,0.00740,0.00383
0.05283,0.04549,0.00964,0.03864,0.01914,0.00636,0.01419,0.00613,0.00821,0.01463,0.30800,0.01089,0.17343,0.00528,0.20556,0.00613,0.00279,0.00990,0.01521,0.04756
0.13131,0.03701,0.01288,0.00368,0.00833,0.00211,0.00252,0.02539,0.00249,0.30348,0.01625,0.00601,0.01371,0.00130,0.00385,0.00158,0.00402,0.39668,0.00145,0.02592
0.04085,0.01796,0.01082,0.02456,0.01055,0.00554,0.00656,0.02941,0.01134,0.17840,0.24348,0.03605,0.07288,0.03159,0.03159,0.10587,0.00502,0.01298,0.10125,0.02333
0.01515,0.32777,0.00775,0.00735,0.01903,0.32889,0.00606,0.00530,0.00241,0.23247,0.00438,0.00381,0.00471,0.00911,0.00444,0.00293,0.00376,0.00158,0.00612,0.00696
0.04037,0.02632,0.00373,0.00192,0.00163,0.00159,0.00525,0.21282,0.00222,0.11809,0.00268,0.53821,0.00259,0.00224,0.00229,0.00254,0.00171,0.02493,0.00370,0.00515
0.27213,0.07653,0.02965,0.00156,0.00636,0.00410,0.00645,0.00165,0.01410,0.00360,0.00263,0.54648,0.00464,0.00232,0.00503,0.00304,0.00453,0.01137,0.00061,0.00323
0.02176,0.40924,0.03729,0.21629,0.01190,0.00878,0.00290,0.07142,0.01506,0.00799,0.03082,0.01198,0.00969,0.01046,0.00387,0.03122,0.00271,0.00435,0.07940,0.01285
0.15736,0.06963,0.04954,0.00424,0.06449,0.00381,0.00334,0.03164,0.00703,0.21384,0.00775,0.00758,0.09696,0.01347,0.00817,0.04552,0.00427,0.20463,0.00211,0.00463
0.04396,0.11421,0.00895,0.01450,0.00981,0.00380,0.00110,0.00834,0.02812,0.00382,0.00246,0.05864,0.00333,0.34814,0.34169,0.00207,0.00268,0.00188,0.00087,0.00163
0.12132,0.07070,0.00565,0.00886,0.00843,0.32099,0.00349,0.01428,0.15861,0.04290,0.00462,0.00666,0.01508,0.00387,0.01099,0.03595,0.00245,0.15041,0.00736,0.00738
0.17980,0.05728,0.00290,0.00710,0.01107,0.20753,0.17228,0.07165,0.15871,0.00270,0.01816,0.00591,0.01241,0.00238,0.00823,0.02517,0.00440,0.04168,0.00671,0.00393
0.10215,0.08383,0.00548,0.00471,0.00262,0.00382,0.01544,0.00905,0.00279,0.31106,0.00537,0.05612,0.00536,0.04541,0.00530,0.03663,0.00299,0.26808,0.02434,0.00946
0.10159,0.15443,0.00639,0.00627,0.00454,0.00109,0.00286,0.01287,0.00368,0.33534,0.00415,0.00491,0.00416,0.00348,0.00236,0.00293,0.00138,0.33201,0.00618,0.00937
0.13091,0.55237,0.01034,0.00161,0.00366,0.00874,0.00906,0.00412,0.00655,0.00225,0.00320,0.06319,0.00259,0.19007,0.00308,0.00188,0.00223,0.00143,0.00087,0.00186
0.03881,0.02405,0.45246,0.00817,0.00568,0.02329,0.00684,0.00239,0.00338,0.00650,0.00389,0.01652,0.00467,0.00416,0.00388,0.00198,0.38552,0.00246,0.00262,0.00271
0.32643,0.08246,0.04527,0.00347,0.00845,0.00197,0.00270,0.00849,0.00758,0.11587,0.31786,0.00409,0.01420,0.00310,0.00413,0.00206,0.00257,0.03914,0.00746,0.00270
0.01874,0.01061,0.40865,0.00220,0.00393,0.01231,0.00711,0.00438,0.00183,0.00350,0.00228,0.00845,0.00144,0.00160,0.00150,0.00132,0.50476,0.00181,0.00207,0.00151
0.11368,0.01605,0.00378,0.00434,0.04240,0.00231,0.00147,0.15682,0.00250,0.29071,0.00668,0.00570,0.03429,0.00270,0.00370,0.01676,0.00284,0.28962,0.00129,0.00236
0.15651,0.34602,0.01269,0.00499,0.01396,0.02363,0.05970,0.03029,0.25075,0.00462,0.00336,0.00506,0.00193,0.05226,0.00203,0.01123,0.00473,0.01040,0.00410,0.00173
0.16428,0.16255,0.01729,0.00698,0.00913,0.18646,0.00783,0.02075,0.20674,0.05171,0.00327,0.00986,0.00610,0.00368,0.00700,0.00874,0.00978,0.10748,0.00573,0.00463
0.17549,0.05060,0.01243,0.04096,0.01035,0.25545,0.00678,0.03381,0.04659,0.03223,0.01847,0.02815,0.01540,0.03720,0.01883,0.01533,0.02094,0.13860,0.02077,0.02163
0.01757,0.58829,0.00538,0.00240,0.15927,0.00286,0.00143,0.04094,0.00225,0.01802,0.00293,0.02107,0.00207,0.10001,0.02200,0.00311,0.00363,0.00228,0.00120,0.00328
0.01933,0.01857,0.02020,0.00731,0.00577,0.00494,0.00848,0.00546,0.01746,0.00334,0.00590,0.00646,0.02935,0.00379,0.29132,0.53639,0.00425,0.00565,0.00203,0.00400
0.17796,0.03787,0.00715,0.17299,0.12938,0.00370,0.01090,0.01016,0.00452,0.09412,0.01465,0.02692,0.02930,0.00766,0.05991,0.04228,0.06978,0.08395,0.00270,0.01411
0.28052,0.22124,0.01463,0.00366,0.01057,0.21577,0.05316,0.00806,0.14865,0.00251,0.00156,0.00172,0.00267,0.01173,0.00131,0.01010,0.00263,0.00398,0.00382,0.00169
0.25745,0.30473,0.03980,0.01133,0.01754,0.00704,0.00710,0.05866,0.00810,0.02827,0.00466,0.02484,0.00297,0.17069,0.00853,0.00087,0.02150,0.00428,0.00177,0.01988
0.00628,0.09490,0.00172,0.00085,0.00106,0.00449,0.00436,0.24360,0.00352,0.00204,0.00309,0.62152,0.00149,0.00134,0.00221,0.00066,0.00102,0.00245,0.00107,0.00233
0.12934,0.22653,0.07640,0.00593,0.02359,0.13436,0.01058,0.07924,0.01395,0.05878,0.02423,0.06585,0.00530,0.10233,0.00569,0.01293,0.00559,0.00536,0.01142,0.00259
0.11255,0.02257,0.00345,0.00476,0.00543,0.00253,0.00702,0.03422,0.00389,0.32606,0.00702,0.00887,0.10568,0.00512,0.03221,0.04877,0.00253,0.25826,0.00319,0.00588
0.21970,0.08954,0.00792,0.00141,0.00677,0.00171,0.00300,0.00345,0.00310,0.31829,0.01194,0.00309,0.00771,0.00289,0.00251,0.00213,0.00369,0.30591,0.00159,0.00366
0.10469,0.03225,0.42096,0.00204,0.00320,0.00358,0.01201,0.00377,0.00139,0.01137,0.00327,0.01174,0.00383,0.00203,0.00160,0.00174,0.36530,0.01169,0.00202,0.00151
0.07164,0.09187,0.01631,0.00682,0.00631,0.00721,0.01906,0.00359,0.10329,0.00390,0.00531,0.54627,0.00750,0.00332,0.00879,0.01221,0.00236,0.05531,0.00186,0.02707
0.09467,0.16749,0.01446,0.00991,0.05563,0.00398,0.00615,0.00505,0.01866,0.02209,0.13207,0.00513,0.01741,0.00398,0.10056,0.01248,0.25906,0.06139,0.00251,0.00733
0.11134,0.08958,0.01166,0.00362,0.00302,0.01019,0.01075,0.00660,0.01215,0.01915,0.00790,0.64678,0.00561,0.02792,0.00346,0.00763,0.00387,0.00652,0.00242,0.00982
0.02090,0.17286,0.01271,0.00198,0.00626,0.00241,0.30428,0.00724,0.00580,0.00436,0.11693,0.01923,0.01262,0.00330,0.00654,0.04062,0.00775,0.24891,0.00162,0.00370
0.21395,0.00593,0.01382,0.00484,0.00938,0.00577,0.02211,0.01270,0.03160,0.09326,0.44541,0.00498,0.00082,0.01398,0.00165,0.05780,0.00194,0.05495,0.00220,0.00289
0.03206,0.18156,0.18965,0.05840,0.09896,0.00280,0.05057,0.01728,0.15639,0.01106,0.00772,0.00999,0.02594,0.02277,0.00579,0.01550,0.00190,0.01324,0.06497,0.03345
0.12757,0.00954,0.00373,0.00292,0.00407,0.00231,0.00591,0.00523,0.00366,0.23486,0.24630,0.00644,0.07809,0.00785,0.00863,0.03794,0.00153,0.20764,0.00273,0.00304
0.04692,0.23208,0.01150,0.00695,0.01129,0.11486,0.21709,0.08267,0.00279,0.08574,0.05969,0.02023,0.00324,0.00393,0.00576,0.00111,0.02584,0.05507,0.00904,0.00421
0.03993,0.01597,0.00237,0.00324,0.00235,0.48717,0.00347,0.00142,0.41338,0.00195,0.00581,0.00149,0.00312,0.00171,0.00258,0.00537,0.00120,0.00348,0.00199,0.00200
0.07767,0.08373,0.39077,0.00259,0.00497,0.00362,0.00492,0.00468,0.00255,0.00285,0.00534,0.00376,0.00294,0.00190,0.00170,0.00154,0.39905,0.00305,0.00113,0.00124
0.19338,0.11819,0.00442,0.01271,0.01046,0.18790,0.00515,0.01353,0.37434,0.00523,0.00252,0.01097,0.00526,0.00650,0.00517,0.01897,0.00552,0.00726,0.00642,0.00609
0.13955,0.30031,0.01539,0.00346,0.13988,0.01834,0.00991,0.21862,0.06500,0.00817,0.00426,0.00580,0.02158,0.02261,0.00491,0.00634,0.00447,0.00490,0.00430,0.00218
0.01393,0.39642,0.00366,0.00438,0.00532,0.34481,0.00376,0.00959,0.00147,0.18292,0.00446,0.00879,0.00186,0.00217,0.00336,0.00082,0.00572,0.00178,0.00296,0.00179
0.01178,0.06275,0.00482,0.00556,0.00815,0.04484,0.41550,0.01469,0.00587,0.13254,0.00321,0.00249,0.00527,0.24600,0.00182,0.01206,0.00159,0.00320,0.01437,0.00348
0.05615,0.02200,0.00659,0.00448,0.01547,0.27054,0.01374,0.01182,0.13513,0.04609,0.00523,0.08854,0.10504,0.00946,0.01550,0.00978,0.00521,0.16485,0.00225,0.01215
0.12362,0.07368,0.00186,0.00233,0.00275,0.00112,0.00126,0.00237,0.00102,0.40911,0.00308,0.00137,0.00302,0.00113,0.00168,0.00127,0.00101,0.36396,0.00110,0.00326
0.09496,0.04391,0.00684,0.00359,0.06352,0.00103,0.00197,0.06560,0.00966,0.35063,0.00819,0.00294,0.00339,0.00244,0.00229,0.01478,0.00212,0.31573,0.00167,0.00474
0.17889,0.10061,0.00431,0.00698,0.00675,0.00301,0.00569,0.00827,0.00295,0.28983,0.03917,0.00678,0.03790,0.00696,0.01202,0.01080,0.00286,0.23758,0.00888,0.02973
0.04342,0.03311,0.02235,0.01104,0.02284,0.00368,0.04299,0.03133,0.06126,0.00414,0.39979,0.00941,0.02962,0.03247,0.08450,0.13868,0.00960,0.00411,0.00876,0.00691
0.25680,0.03265,0.04401,0.00636,0.00768,0.01330,0.01241,0.00693,0.03837,0.07227,0.44382,0.00954,0.01021,0.00790,0.00357,0.00457,0.00911,0.00959,0.00672,0.00419
0.12922,0.44991,0.02134,0.00173,0.00462,0.00548,0.01840,0.00515,0.03568,0.05015,0.00677,0.03439,0.00741,0.00588,0.00382,0.09674,0.00259,0.11639,0.00278,0.00154
0.04587,0.01675,0.00714,0.00774,0.00411,0.00363,0.16535,0.01774,0.00329,0.00473,0.27259,0.01027,0.02481,0.00546,0.20741,0.13367,0.00396,0.05202,0.00558,0.00788
0.55871,0.05887,0.02162,0.00178,0.00844,0.00386,0.06177,0.02708,0.00460,0.11845,0.00199,0.00427,0.03667,0.00152,0.00316,0.01321,0.00241,0.06821,0.00166,0.00172
