0.04456,0.17043,0.15482,0.04046,0.02930,0.10498,0.13184,0.15616,0.09351,0.07394
0.14628,0.17216,0.16615,0.10090,0.09049,0.02503,0.09463,0.06187,0.02927,0.11319
0.18874,0.07420,0.20265,0.04143,0.06025,0.05921,0.13421,0.12720,0.06257,0.04954
0.04862,0.05919,0.06652,0.05628,0.01657,0.29050,0.07570,0.05509,0.29061,0.04093
0.02519,0.04240,0.03728,0.03898,0.01149,0.11822,0.29506,0.29238,0.11879,0.02022
0.03694,0.06071,0.04961,0.04366,0.02629,0.26140,0.10533,0.09661,0.25106,0.06838
0.03668,0.05911,0.05025,0.05977,0.03021,0.15613,0.17486,0.21343,0.15656,0.06301
0.49908,0.04631,0.07301,0.14537,0.02768,0.05934,0.03868,0.03204,0.05835,0.02015
0.19700,0.27441,0.10366,0.09181,0.06822,0.07794,0.05252,0.04024,0.07021,0.02397
0.19894,0.16048,0.12571,0.06070,0.05091,0.09015,0.09940,0.09461,0.09530,0.02379
0.14038,0.07464,0.07115,0.04339,0.14003,0.10458,0.05553,0.13863,0.11591,0.11576
0.05191,0.24351,0.05234,0.22647,0.02476,0.13965,0.04235,0.05751,0.13847,0.02303
0.06310,0.10321,0.05700,0.08607,0.03339,0.11766,0.19228,0.05512,0.10855,0.18362
0.03618,0.13572,0.13723,0.09396,0.09906,0.09026,0.14929,0.14821,0.08696,0.02313
0.06487,0.11206,0.06730,0.08428,0.04107,0.10232,0.21260,0.18342,0.09635,0.03573
0.12784,0.17471,0.06183,0.11299,0.01913,0.04324,0.12933,0.20292,0.04108,0.08693
0.06559,0.25543,0.08347,0.24067,0.04251,0.04493,0.08487,0.08719,0.04608,0.04924
0.14122,0.24845,0.11300,0.14432,0.06439,0.08077,0.05249,0.05365,0.08260,0.01911
0.03919,0.09361,0.05068,0.08805,0.01415,0.15155,0.05774,0.20051,0.13784,0.16667
0.02615,0.07334,0.04156,0.03710,0.02523,0.13875,0.17194,0.19762,0.14090,0.14742
0.07109,0.06569,0.12119,0.03844,0.06837,0.17827,0.13379,0.07959,0.16322,0.08035
0.07398,0.04157,0.12513,0.08371,0.07947,0.11089,0.10814,0.15292,0.11127,0.11291
0.02322,0.07874,0.24526,0.05405,0.25775,0.10243,0.05570,0.03412,0.11230,0.03645
0.03271,0.28808,0.27862,0.03588,0.02057,0.07365,0.09179,0.06814,0.07798,0.03257
0.07241,0.14276,0.09296,0.10950,0.09242,0.12753,0.11537,0.11309,0.11957,0.01440
0.04183,0.07381,0.17034,0.16540,0.02356,0.21998,0.02640,0.02434,0.23771,0.01664
0.10024,0.02403,0.11281,0.02468,0.02200,0.01968,0.32937,0.28168,0.02219,0.06332
0.09334,0.06402,0.06277,0.04411,0.05922,0.07028,0.24816,0.16761,0.07203,0.11848
0.07449,0.03242,0.13510,0.15369,0.02005,0.24490,0.03929,0.02728,0.24824,0.02455
0.03263,0.22805,0.04643,0.03143,0.20749,0.08156,0.15018,0.05685,0.06830,0.09709
0.08530,0.05714,0.03146,0.03803,0.01453,0.11082,0.27677,0.23666,0.10256,0.04673
0.03951,0.24540,0.04651,0.12644,0.12392,0.09361,0.08440,0.06806,0.09047,0.08168
0.22372,0.03582,0.23365,0.02464,0.02253,0.08218,0.14112,0.13496,0.08181,0.01956
0.15351,0.04391,0.03715,0.14439,0.03896,0.19482,0.05931,0.07142,0.19738,0.05914
0.02483,0.12523,0.03182,0.04045,0.08244,0.17389,0.16584,0.08907,0.17818,0.08824
0.02237,0.03771,0.02229,0.02168,0.01357,0.03009,0.40909,0.10193,0.02460,0.31667
0.05552,0.16412,0.10248,0.09656,0.04119,0.09762,0.15784,0.14950,0.10754,0.02763
0.07923,0.14395,0.05155,0.10375,0.02845,0.04672,0.23370,0.23580,0.04824,0.02860
0.03737,0.14311,0.12446,0.03841,0.02206,0.09759,0.21533,0.19956,0.09692,0.02519
0.11857,0.06772,0.13449,0.06415,0.02736,0.24556,0.03852,0.03069,0.24197,0.03097
0.08933,0.10863,0.10720,0.05498,0.10035,0.09283,0.15541,0.15681,0.09309,0.04138
0.13119,0.04696,0.04472,0.15838,0.06483,0.07887,0.19671,0.19488,0.06987,0.01360
0.17812,0.13047,0.13577,0.06906,0.05704,0.13570,0.04359,0.05235,0.13925,0.05864
0.09126,0.04096,0.24556,0.21277,0.05382,0.13197,0.03636,0.03168,0.14580,0.00982
0.12238,0.24863,0.23002,0.14895,0.05667,0.02982,0.05949,0.03866,0.02574,0.03964
0.08517,0.08234,0.08416,0.03276,0.04411,0.06052,0.27345,0.26408,0.05389,0.01952
0.03789,0.07318,0.04942,0.02560,0.05676,0.02190,0.34899,0.34655,0.02367,0.01604
0.04617,0.21759,0.20327,0.04952,0.04753,0.16100,0.04510,0.04967,0.15611,0.02406
0.09102,0.18816,0.10893,0.13946,0.07354,0.03585,0.14956,0.13829,0.02960,0.04557
0.10278,0.18619,0.13930,0.13350,0.08046,0.10625,0.05319,0.05937,0.10413,0.03484
0.01736,0.20596,0.20325,0.02586,0.02784,0.15949,0.09604,0.02401,0.15872,0.08147
0.07320,0.10901,0.09880,0.06533,0.08447,0.05015,0.11946,0.19569,0.05054,0.15334
0.03204,0.13088,0.03676,0.11578,0.02997,0.22350,0.10026,0.10204,0.21846,0.01031
0.03933,0.03242,0.10020,0.02056,0.05754,0.06682,0.21489,0.29572,0.05667,0.11585
0.17013,0.12149,0.19011,0.06332,0.07175,0.13421,0.05062,0.04038,0.13281,0.02518
0.07214,0.06987,0.10595,0.03475,0.08693,0.09150,0.22466,0.16878,0.08053,0.06489
0.11280,0.08846,0.12910,0.04024,0.03592,0.07462,0.21944,0.20023,0.07345,0.02573
0.07585,0.04245,0.08247,0.03291,0.02357,0.22658,0.13558,0.08889,0.22295,0.06875
0.02400,0.01776,0.04808,0.01114,0.02260,0.09577,0.34149,0.26088,0.09458,0.08370
0.05078,0.11719,0.07385,0.10157,0.03408,0.16177,0.09975,0.12579,0.15419,0.08105
0.11823,0.12627,0.13312,0.09857,0.06367,0.05679,0.16169,0.14112,0.06147,0.03907
0.03151,0.04034,0.06785,0.03084,0.04859,0.08985,0.21697,0.28527,0.08966,0.09912
0.05127,0.04809,0.05346,0.04014,0.03155,0.28661,0.09480,0.08765,0.26896,0.03746
0.11365,0.03657,0.12960,0.03171,0.02873,0.12425,0.20048,0.16826,0.11951,0.04723
0.10256,0.12849,0.11940,0.06906,0.09762,0.13949,0.08379,0.07460,0.12630,0.05869
0.17086,0.12435,0.19441,0.12497,0.02314,0.10710,0.04500,0.05233,0.09948,0.05837
0.05604,0.02019,0.29298,0.06581,0.26410,0.07731,0.05214,0.05871,0.07567,0.03705
0.18525,0.03331,0.02956,0.18708,0.02725,0.05539,0.20762,0.20545,0.05224,0.01685
0.12590,0.05271,0.15359,0.04476,0.04415,0.11604,0.16380,0.12704,0.12113,0.05087
0.02256,0.03092,0.02810,0.02381,0.02354,0.31073,0.11890,0.12152,0.30742,0.01250
0.05589,0.16151,0.16738,0.07486,0.05327,0.09325,0.12034,0.09587,0.09607,0.08155
0.06047,0.19750,0.18763,0.06256,0.01962,0.05530,0.06319,0.16416,0.05539,0.13418
0.09344,0.17084,0.12294,0.12550,0.06598,0.08265,0.12616,0.06655,0.08012,0.06582
0.17069,0.12136,0.10841,0.19544,0.08118,0.02709,0.10960,0.12480,0.02320,0.03822
0.06680,0.03484,0.03657,0.01594,0.04869,0.35160,0.03376,0.02757,0.36548,0.01876
0.06407,0.07133,0.08141,0.04012,0.03041,0.07965,0.16356,0.16133,0.07761,0.23050
0.14237,0.08972,0.07435,0.15384,0.04119,0.19170,0.05965,0.05115,0.17509,0.02094
0.09386,0.11622,0.11279,0.08937,0.05230,0.14608,0.09111,0.10692,0.14793,0.04343
0.06366,0.19641,0.19579,0.06159,0.07585,0.03594,0.14540,0.11806,0.03939,0.06791
0.04868,0.21722,0.06632,0.16456,0.04449,0.05325,0.15374,0.16179,0.05474,0.03521
0.03642,0.12074,0.10726,0.04030,0.02747,0.03943,0.13678,0.27252,0.03543,0.18364
0.04695,0.23387,0.08229,0.22144,0.03460,0.07211,0.08232,0.05746,0.07217,0.09679
0.07513,0.13431,0.13607,0.03320,0.07105,0.12193,0.11976,0.14014,0.13190,0.03653
0.11863,0.04586,0.26363,0.13769,0.17828,0.03758,0.08532,0.06908,0.03920,0.02473
0.11075,0.03982,0.12229,0.01946,0.03008,0.16914,0.17166,0.16148,0.16303,0.01230
0.15119,0.11454,0.15919,0.06909,0.05603,0.18324,0.03170,0.03350,0.17628,0.02523
0.02344,0.04723,0.02224,0.02915,0.01379,0.24000,0.12641,0.18199,0.23795,0.07781
0.13906,0.03237,0.14578,0.05855,0.05507,0.08717,0.19682,0.08602,0.09544,0.10372
0.03660,0.05181,0.04273,0.03934,0.02764,0.13802,0.07189,0.21807,0.15073,0.22317
0.08923,0.12727,0.11363,0.06413,0.04716,0.03147,0.24055,0.22777,0.02612,0.03267
0.09939,0.08409,0.08437,0.05852,0.03284,0.03878,0.12760,0.24291,0.03854,0.19296
0.03549,0.08880,0.04256,0.04275,0.05522,0.07517,0.23129,0.27942,0.06793,0.08137
0.02798,0.08230,0.06804,0.02344,0.02143,0.20124,0.09278,0.17638,0.19475,0.11166
0.06631,0.06988,0.08263,0.05202,0.04224,0.06969,0.07407,0.25591,0.06585,0.22140
0.08011,0.03200,0.02678,0.04713,0.07098,0.18845,0.15433,0.14701,0.19002,0.06318
0.02754,0.22009,0.22172,0.03937,0.18284,0.06547,0.08825,0.06764,0.06011,0.02696
0.09512,0.13127,0.08557,0.09555,0.03840,0.19359,0.08411,0.07089,0.18469,0.02082
0.17523,0.05377,0.29915,0.02432,0.14768,0.09562,0.05098,0.02649,0.08496,0.04180
0.01996,0.10167,0.03243,0.09305,0.01873,0.24691,0.11342,0.10560,0.23515,0.03308
0.06498,0.24083,0.06932,0.21575,0.03254,0.03479,0.13182,0.03101,0.04098,0.13797
0.04809,0.09355,0.06439,0.06126,0.04798,0.16014,0.17904,0.17654,0.14347,0.02554
0.06388,0.04514,0.14240,0.03021,0.06587,0.11576,0.18809,0.14969,0.10394,0.09501
0.09555,0.07418,0.13052,0.03394,0.07424,0.21599,0.07237,0.05690,0.20439,0.04193
0.04373,0.05235,0.03615,0.03913,0.02156,0.10115,0.29616,0.09738,0.09161,0.22077
0.15825,0.04964,0.03922,0.13822,0.12311,0.11670,0.11136,0.08626,0.11668,0.06056
0.19352,0.14904,0.12500,0.16564,0.06884,0.08533,0.03367,0.04353,0.08477,0.05066
0.03486,0.31326,0.04499,0.12098,0.21687,0.05047,0.06537,0.05505,0.05515,0.04300
0.13132,0.02367,0.13234,0.02744,0.01815,0.06710,0.24021,0.18121,0.07643,0.10213
0.08932,0.10883,0.09844,0.10536,0.07037,0.13005,0.11739,0.11128,0.13202,0.03695
0.05453,0.08301,0.04936,0.05397,0.02719,0.10936,0.25826,0.25179,0.09797,0.01457
0.04581,0.04827,0.09891,0.03109,0.08243,0.14524,0.17491,0.17550,0.12982,0.06802
0.09989,0.12006,0.06709,0.09269,0.03291,0.10548,0.16744,0.18081,0.09552,0.03810
0.05795,0.07702,0.07682,0.06644,0.04033,0.30092,0.02875,0.03247,0.29769,0.02161
0.07020,0.22565,0.10655,0.20196,0.02608,0.13305,0.04211,0.04804,0.11784,0.02852
0.04766,0.07458,0.07752,0.04910,0.03491,0.20140,0.14080,0.13619,0.20077,0.03708
0.09772,0.04102,0.10343,0.02520,0.02279,0.21845,0.13381,0.12996,0.21072,0.01691
0.03972,0.19056,0.05147,0.20699,0.13664,0.05007,0.11952,0.10538,0.04954,0.05011
0.09013,0.27900,0.26236,0.09511,0.06254,0.06831,0.02875,0.03870,0.05474,0.02037
0.02432,0.07749,0.02507,0.02021,0.01473,0.06725,0.31890,0.06469,0.06330,0.32404
0.04070,0.03623,0.05320,0.02694,0.02460,0.04370,0.18932,0.34494,0.04225,0.19813
0.09201,0.19309,0.19250,0.07924,0.06781,0.01647,0.13724,0.15515,0.01816,0.04833
0.07097,0.09146,0.08812,0.06345,0.02075,0.13140,0.08924,0.17266,0.13811,0.13384
0.26724,0.09657,0.30607,0.07780,0.03147,0.06476,0.03852,0.02004,0.05849,0.03904
0.05988,0.14982,0.04590,0.10824,0.02451,0.09125,0.16214,0.18742,0.09521,0.07563
0.02125,0.08508,0.04042,0.02569,0.03331,0.06136,0.30030,0.31579,0.05835,0.05844
0.05752,0.30081,0.19426,0.03167,0.14252,0.05887,0.07700,0.05149,0.05292,0.03295
0.03132,0.02431,0.02347,0.02145,0.02182,0.34986,0.08731,0.08450,0.34393,0.01202
0.03070,0.14180,0.13638,0.02528,0.03062,0.04212,0.26991,0.25485,0.04197,0.02637
0.08835,0.10252,0.08951,0.06394,0.05823,0.08464,0.18426,0.20297,0.07404,0.05153
0.07370,0.03815,0.06304,0.06419,0.04127,0.14016,0.08336,0.19562,0.13869,0.16182
0.06223,0.13608,0.10169,0.09015,0.06758,0.09189,0.09507,0.13204,0.08997,0.13329
0.04781,0.17756,0.04691,0.16544,0.02195,0.02931,0.23236,0.18808,0.02645,0.06414
0.13371,0.05935,0.14701,0.06874,0.06266,0.15646,0.09899,0.07598,0.15373,0.04337
0.02310,0.24609,0.03281,0.10385,0.14665,0.08451,0.12905,0.13420,0.07372,0.02602
0.24985,0.03978,0.16195,0.11118,0.11683,0.04174,0.11230,0.09168,0.03931,0.03537
0.05000,0.16799,0.09920,0.07203,0.14486,0.05072,0.17929,0.15895,0.04473,0.03224
0.04159,0.14961,0.06398,0.14521,0.02764,0.04879,0.22637,0.16195,0.04819,0.08665
0.08961,0.15920,0.09304,0.10245,0.05111,0.05435,0.18318,0.05631,0.05010,0.16064
0.27130,0.06655,0.06300,0.16149,0.18627,0.03391,0.04335,0.07650,0.03299,0.06464
0.09769,0.03384,0.02585,0.09844,0.01938,0.03191,0.29260,0.31234,0.03206,0.05588
0.09945,0.12757,0.04025,0.07521,0.03747,0.14700,0.14510,0.12183,0.15008,0.05606
0.01890,0.08005,0.03069,0.02241,0.01896,0.04229,0.37262,0.18197,0.03541,0.19669
0.05528,0.09968,0.07835,0.05596,0.03950,0.23209,0.06116,0.08430,0.22698,0.06670
0.02351,0.15134,0.16874,0.26233,0.24649,0.02903,0.03401,0.03103,0.03209,0.02142
0.02340,0.06933,0.06844,0.01470,0.01537,0.10921,0.29763,0.21590,0.10362,0.08239
0.06170,0.07914,0.11251,0.06444,0.06002,0.16205,0.14781,0.05986,0.14294,0.10953
0.04823,0.05102,0.04081,0.03332,0.02360,0.12803,0.26623,0.06846,0.12854,0.21177
0.21281,0.07919,0.22201,0.02035,0.06348,0.14208,0.06003,0.05607,0.13239,0.01160
0.06934,0.03237,0.10870,0.08124,0.05853,0.06484,0.25627,0.03555,0.06397,0.22919
0.03566,0.02713,0.05287,0.02795,0.03434,0.33002,0.03391,0.07094,0.32974,0.05744
0.08254,0.06966,0.06818,0.04757,0.04471,0.09330,0.24439,0.21758,0.09676,0.03532
0.13202,0.04007,0.03799,0.12842,0.09940,0.17448,0.09957,0.09816,0.16971,0.02018
0.04974,0.20607,0.13091,0.07973,0.19528,0.07386,0.09752,0.08472,0.06309,0.01907
0.09476,0.05545,0.13911,0.04700,0.05881,0.05176,0.24095,0.19905,0.04269,0.07042
0.04084,0.12289,0.02275,0.02940,0.01336,0.24972,0.12567,0.10493,0.25450,0.03595
0.09796,0.22215,0.20177,0.10074,0.03793,0.10299,0.05737,0.05674,0.09135,0.03100
0.02838,0.22755,0.23283,0.01521,0.03133,0.03313,0.19700,0.19102,0.03233,0.01122
0.03117,0.09743,0.04134,0.08200,0.02081,0.24411,0.11504,0.11180,0.23608,0.02021
0.02333,0.11768,0.05466,0.03793,0.04449,0.06046,0.20527,0.17319,0.04907,0.23393
0.05786,0.12344,0.10959,0.04731,0.04673,0.14838,0.15614,0.08966,0.14169,0.07919
0.05020,0.17883,0.05312,0.02893,0.15596,0.03932,0.22810,0.21336,0.03809,0.01410
0.11668,0.06976,0.08278,0.05519,0.04907,0.20109,0.09366,0.05271,0.20764,0.07143
0.13285,0.04120,0.10945,0.10498,0.06404,0.16514,0.10131,0.10128,0.15753,0.02221
0.04506,0.06179,0.03968,0.05295,0.03018,0.34614,0.03847,0.02558,0.33290,0.02726
0.12789,0.10307,0.10553,0.03479,0.05468,0.08949,0.18379,0.17719,0.10085,0.02274
0.04899,0.16439,0.04504,0.05722,0.16882,0.13386,0.10256,0.11487,0.13394,0.03031
0.05425,0.15368,0.13867,0.04723,0.10851,0.19211,0.05303,0.04132,0.18057,0.03061
0.08660,0.19965,0.20148,0.14962,0.06244,0.10270,0.03211,0.03732,0.09979,0.02828
0.09971,0.02583,0.02412,0.06815,0.07532,0.10953,0.23631,0.23378,0.10851,0.01873
0.07032,0.03139,0.02983,0.06450,0.02737,0.15503,0.20343,0.13356,0.14630,0.13827
0.05268,0.26494,0.06399,0.13320,0.14038,0.09383,0.06563,0.04388,0.09341,0.04805
0.05069,0.15982,0.07138,0.14522,0.04361,0.05572,0.20551,0.18862,0.06311,0.01632
0.06760,0.06652,0.05791,0.04773,0.03703,0.11885,0.24144,0.15955,0.10908,0.09429
0.02175,0.04791,0.19215,0.15168,0.03483,0.07023,0.19144,0.08338,0.09506,0.11159
0.01889,0.02842,0.02601,0.01796,0.01676,0.10464,0.33715,0.33443,0.09956,0.01618
0.10783,0.04607,0.06685,0.06916,0.03748,0.07419,0.25932,0.07972,0.06827,0.19114
0.06145,0.18435,0.13232,0.11523,0.05124,0.04134,0.17599,0.05036,0.04380,0.14391
0.03108,0.13270,0.12576,0.02820,0.01839,0.14636,0.14306,0.15469,0.14984,0.06992
0.04205,0.30232,0.04167,0.03398,0.03104,0.04520,0.21307,0.21117,0.04785,0.03165
0.18847,0.14304,0.21063,0.10645,0.02627,0.05047,0.08340,0.09557,0.05044,0.04526
0.04069,0.03698,0.06629,0.03739,0.04798,0.31184,0.03558,0.05442,0.31850,0.05033
0.03167,0.01869,0.03745,0.01613,0.01128,0.06823,0.37555,0.24118,0.06721,0.13260
0.12924,0.28912,0.15456,0.14694,0.04487,0.05195,0.05000,0.04372,0.05064,0.03897
0.16827,0.10546,0.30499,0.07163,0.15731,0.05220,0.03810,0.03109,0.05731,0.01364
0.06884,0.13839,0.07904,0.11207,0.05444,0.05189,0.12682,0.18683,0.05586,0.12582
0.03829,0.04924,0.06306,0.04736,0.04892,0.10344,0.27414,0.22929,0.08965,0.05662
0.05459,0.02306,0.04582,0.02800,0.03185,0.19323,0.19779,0.20832,0.18014,0.03719
0.09403,0.07501,0.06433,0.09719,0.02694,0.07192,0.19923,0.17259,0.07831,0.12046
0.03568,0.04047,0.04292,0.03202,0.01702,0.06284,0.26485,0.32736,0.06198,0.11486
0.13650,0.11524,0.09202,0.11971,0.04845,0.08490,0.14624,0.15082,0.08814,0.01799
0.06101,0.02400,0.21071,0.21792,0.03356,0.11421,0.07708,0.08879,0.13875,0.03398
0.08630,0.09115,0.08319,0.05798,0.06389,0.08906,0.20307,0.17177,0.08728,0.06632
0.07841,0.41791,0.07170,0.03770,0.04581,0.05818,0.11739,0.08486,0.05303,0.03500
0.10588,0.11333,0.19671,0.09077,0.11906,0.04923,0.07807,0.11006,0.04142,0.09547
0.06961,0.14699,0.04950,0.11117,0.02321,0.10865,0.18147,0.07790,0.11185,0.11965
0.11868,0.05369,0.12975,0.04515,0.02907,0.12333,0.18688,0.04381,0.11598,0.15365
0.04827,0.09882,0.17662,0.08272,0.17257,0.12504,0.08440,0.07754,0.10651,0.02751
0.05995,0.02116,0.07829,0.10267,0.03034,0.11387,0.23263,0.22988,0.10901,0.02220
0.01225,0.04516,0.08922,0.02179,0.07966,0.04263,0.32082,0.29242,0.03758,0.05847
0.03830,0.03144,0.05589,0.05474,0.03911,0.20009,0.04735,0.18280,0.19326,0.15701
0.19984,0.09598,0.08419,0.06053,0.07357,0.16979,0.06199,0.05327,0.16805,0.03279
0.09563,0.14144,0.06190,0.12016,0.03546,0.18289,0.06265,0.07783,0.17949,0.04254
0.02078,0.04669,0.02579,0.03897,0.03195,0.19183,0.21364,0.18179,0.19034,0.05821
0.04385,0.28031,0.05080,0.03030,0.25172,0.11443,0.05293,0.04794,0.10663,0.02108
0.05565,0.04681,0.07864,0.04157,0.03032,0.31222,0.05645,0.04457,0.30906,0.02471
0.04212,0.21114,0.05668,0.17867,0.03017,0.16760,0.06617,0.06192,0.17310,0.01243
0.02663,0.17620,0.03493,0.03131,0.01971,0.06256,0.29098,0.14043,0.05773,0.15953
0.27881,0.09888,0.30137,0.06805,0.01595,0.03219,0.07101,0.07264,0.02691,0.03419
0.04361,0.25239,0.24588,0.05660,0.02361,0.06746,0.12001,0.07864,0.06877,0.04302
0.07060,0.05905,0.10971,0.04581,0.05668,0.13620,0.08222,0.15672,0.14728,0.13574
0.04487,0.25693,0.24708,0.04196,0.02869,0.04405,0.10889,0.12405,0.04842,0.05506
0.13290,0.28422,0.03985,0.04572,0.02074,0.19526,0.04254,0.02021,0.18952,0.02903
0.03314,0.23748,0.04451,0.05600,0.02693,0.20058,0.08969,0.03241,0.19931,0.07994
0.09685,0.11967,0.12038,0.06911,0.09545,0.07537,0.16995,0.07193,0.06750,0.11379
0.11729,0.06958,0.20244,0.03678,0.10667,0.09431,0.13884,0.04380,0.08045,0.10984
0.05083,0.13527,0.13086,0.06013,0.04343,0.12923,0.08856,0.14115,0.13345,0.08710
0.17605,0.14796,0.19993,0.08313,0.10212,0.10315,0.02345,0.03341,0.10229,0.02850
0.05837,0.02694,0.19325,0.03457,0.16422,0.11189,0.14588,0.13847,0.11180,0.01460
0.16130,0.07925,0.17472,0.05716,0.01956,0.04966,0.17855,0.19244,0.04799,0.03937
0.07040,0.12846,0.10210,0.12916,0.03182,0.13007,0.08324,0.09612,0.12644,0.10220
0.05773,0.03545,0.23572,0.21920,0.03209,0.05489,0.10519,0.05405,0.06151,0.14416
0.04816,0.08700,0.06512,0.05030,0.03437,0.03224,0.29720,0.04952,0.02925,0.30683
0.02618,0.28110,0.03365,0.27251,0.01773,0.09243,0.08126,0.07890,0.09155,0.02469
0.08166,0.18113,0.06440,0.14818,0.03281,0.16462,0.04697,0.05318,0.16235,0.06471
0.03889,0.05987,0.06921,0.04289,0.03018,0.02832,0.34864,0.21673,0.02639,0.13888
0.29912,0.06781,0.31790,0.05139,0.01731,0.03403,0.07995,0.07917,0.03157,0.02176
0.04711,0.11835,0.05754,0.09271,0.07270,0.06527,0.20265,0.07960,0.05928,0.20478
0.03891,0.28341,0.28195,0.02495,0.03908,0.09259,0.02920,0.05889,0.08120,0.06982
0.03435,0.03625,0.18809,0.14886,0.07747,0.05310,0.13317,0.15501,0.06037,0.11334
0.08747,0.08536,0.10958,0.05533,0.05628,0.25664,0.03566,0.03890,0.25201,0.02278
0.03446,0.28357,0.05351,0.25147,0.04883,0.04656,0.11806,0.04226,0.04481,0.07647
0.06221,0.12822,0.07249,0.08464,0.04335,0.09788,0.19439,0.19798,0.09582,0.02303
0.05240,0.04882,0.07288,0.02217,0.03309,0.20116,0.17398,0.09872,0.19606,0.10072
0.06247,0.08388,0.08497,0.06473,0.05525,0.05569,0.21890,0.25229,0.05363,0.06819
0.04840,0.22324,0.21142,0.04807,0.02836,0.14143,0.06935,0.06967,0.14059,0.01946
0.12593,0.24263,0.08880,0.17850,0.04765,0.09494,0.01789,0.05080,0.09835,0.05451
0.02769,0.17236,0.17757,0.02073,0.03038,0.18944,0.05036,0.08125,0.18512,0.06512
0.11253,0.13352,0.10912,0.10965,0.06859,0.07080,0.05334,0.13427,0.06783,0.14034
0.12811,0.21078,0.17871,0.14479,0.08801,0.07438,0.04375,0.03235,0.07054,0.02858
0.04477,0.10717,0.09480,0.07012,0.04508,0.21328,0.09686,0.09569,0.21356,0.01866
0.07612,0.02784,0.09641,0.06774,0.06380,0.03401,0.26087,0.28455,0.03060,0.05805
0.11852,0.14601,0.07960,0.06764,0.03994,0.13992,0.07976,0.11564,0.13333,0.07963
0.06750,0.11027,0.09062,0.06776,0.05843,0.03842,0.23617,0.15652,0.04153,0.13279
0.12641,0.09541,0.08854,0.12626,0.02159,0.08443,0.17774,0.12207,0.07459,0.08296
0.02097,0.39260,0.05985,0.02841,0.04261,0.14549,0.06503,0.06757,0.15102,0.02645
0.41222,0.04378,0.04151,0.09992,0.02324,0.08203,0.10248,0.08805,0.07151,0.03525
0.03541,0.32881,0.30034,0.04976,0.03075,0.02913,0.09269,0.08265,0.02927,0.02119
0.17710,0.05819,0.19621,0.06446,0.04699,0.12023,0.06097,0.08012,0.11891,0.07682
0.03609,0.22400,0.02852,0.20238,0.01543,0.08725,0.15624,0.12571,0.09191,0.03248
0.03589,0.31626,0.03422,0.29935,0.01779,0.06209,0.07883,0.06910,0.05945,0.02704
0.04713,0.21854,0.15242,0.21328,0.17280,0.04787,0.03884,0.03776,0.04797,0.02337
0.08280,0.08864,0.04752,0.04543,0.02186,0.04182,0.31668,0.02261,0.03684,0.29582
0.10169,0.08722,0.07148,0.04753,0.04567,0.01594,0.10005,0.29763,0.01481,0.21799
0.08421,0.10173,0.09430,0.04587,0.06000,0.17367,0.10235,0.10703,0.16520,0.06564
0.03036,0.06782,0.04268,0.06096,0.02155,0.29916,0.08517,0.08483,0.28878,0.01869
0.04027,0.05379,0.06638,0.03995,0.03502,0.08857,0.27582,0.25855,0.07955,0.06209
0.04548,0.06441,0.06096,0.04977,0.03080,0.21937,0.14447,0.14853,0.21676,0.01945
0.07518,0.07460,0.05900,0.02820,0.03577,0.03283,0.32412,0.30960,0.02556,0.03514
0.05468,0.08965,0.08192,0.05148,0.03487,0.11259,0.13431,0.14276,0.11311,0.18464
0.05392,0.06267,0.12304,0.14857,0.02030,0.08230,0.03307,0.20263,0.08447,0.18903
0.12718,0.05445,0.16063,0.06115,0.03618,0.21099,0.07195,0.01979,0.20726,0.05043
0.03594,0.07792,0.09485,0.08261,0.02628,0.18817,0.09094,0.12328,0.19751,0.08251
0.04919,0.02688,0.18343,0.09941,0.13385,0.11671,0.10829,0.11659,0.12143,0.04423
0.09353,0.18296,0.18733,0.14695,0.05709,0.11464,0.05267,0.03059,0.10363,0.03060
0.02809,0.04978,0.03578,0.03213,0.02263,0.28987,0.07301,0.10144,0.29576,0.07152
0.08520,0.16668,0.16317,0.16647,0.09968,0.07851,0.07331,0.07292,0.07252,0.02155
0.23793,0.05900,0.25735,0.07006,0.03209,0.07130,0.08788,0.07833,0.07582,0.03023
0.03337,0.18143,0.04971,0.20359,0.12359,0.06459,0.12563,0.12352,0.05460,0.03998
0.01668,0.32736,0.12658,0.10186,0.03350,0.11433,0.07242,0.05352,0.13167,0.02209
0.05236,0.18402,0.07270,0.11187,0.09050,0.11315,0.11305,0.12485,0.10600,0.03151
0.24860,0.08249,0.06313,0.07324,0.03106,0.07139,0.17088,0.17568,0.06845,0.01509
0.01960,0.05960,0.05473,0.01153,0.01964,0.09324,0.32222,0.29339,0.09605,0.02999
0.04046,0.06624,0.04885,0.04879,0.03154,0.12660,0.24884,0.11496,0.11452,0.15920
0.01946,0.10796,0.10532,0.02158,0.01410,0.33330,0.02375,0.02685,0.33059,0.01709
0.35645,0.07834,0.03993,0.07893,0.02566,0.10734,0.08779,0.09145,0.11662,0.01749
0.08507,0.05938,0.06410,0.04336,0.04402,0.14220,0.11266,0.18921,0.14275,0.11726
0.10639,0.07012,0.10291,0.08435,0.04801,0.19467,0.09125,0.08990,0.18989,0.02250
0.03852,0.06486,0.27061,0.06288,0.23784,0.05257,0.09259,0.05896,0.05736,0.06382
0.03141,0.03524,0.05853,0.01903,0.05637,0.03099,0.36219,0.06641,0.02843,0.31142
0.04539,0.15598,0.15175,0.02726,0.05410,0.17318,0.06833,0.06844,0.17107,0.08449
0.03818,0.21774,0.05664,0.13704,0.07536,0.05177,0.12493,0.14227,0.04844,0.10763
0.08440,0.05268,0.04871,0.08415,0.03937,0.11901,0.20155,0.10430,0.11331,0.15252
0.15232,0.45882,0.07210,0.12311,0.01584,0.03466,0.04936,0.05092,0.02796,0.01492
0.06316,0.07338,0.03733,0.03328,0.02304,0.20567,0.11155,0.16178,0.19051,0.10030
0.02590,0.15902,0.15508,0.02716,0.02655,0.12752,0.17327,0.10010,0.12142,0.08397
0.12092,0.19460,0.19371,0.19457,0.11296,0.05689,0.02377,0.02077,0.05728,0.02453
0.21073,0.06916,0.07109,0.03664,0.18241,0.15365,0.03306,0.04114,0.17894,0.02319
0.23018,0.01790,0.01636,0.12145,0.18854,0.06173,0.13157,0.14482,0.05377,0.03368
0.05074,0.33459,0.32087,0.04194,0.02726,0.03097,0.07215,0.07156,0.02816,0.02176
0.03999,0.08234,0.15529,0.07564,0.20320,0.08166,0.13464,0.12378,0.08339,0.02007
0.03712,0.05331,0.26907,0.04141,0.40955,0.04469,0.03432,0.04262,0.03738,0.03053
0.09845,0.14017,0.09479,0.09724,0.07964,0.09713,0.13314,0.12119,0.10016,0.03809
0.07175,0.06901,0.09936,0.07196,0.02590,0.25021,0.03691,0.07057,0.24099,0.06333
0.04620,0.06107,0.05909,0.04331,0.03206,0.10703,0.26029,0.24758,0.10826,0.03510
0.06425,0.03177,0.14423,0.02067,0.08602,0.07610,0.24411,0.24510,0.06995,0.01780
0.05028,0.04585,0.05010,0.03440,0.03072,0.12557,0.26717,0.19127,0.12003,0.08461
0.04692,0.18615,0.06240,0.05399,0.13660,0.06055,0.18557,0.17318,0.05515,0.03949
0.08463,0.10978,0.08139,0.06125,0.04799,0.24707,0.03588,0.04821,0.24276,0.04103
0.02610,0.11638,0.12883,0.02949,0.10404,0.06569,0.19336,0.12704,0.05815,0.15092
0.14275,0.13965,0.12433,0.14729,0.05314,0.14447,0.04337,0.03029,0.13827,0.03643
