0.06410,0.02672,0.23742,0.04789,0.04742,0.04152,0.02011,0.15265,0.03055,0.02860,0.02463,0.02500,0.02890,0.04855,0.02249,0.01755,0.02850,0.04582,0.04106,0.02052
0.23128,0.02827,0.16092,0.19916,0.06867,0.01205,0.02491,0.09899,0.01783,0.01854,0.01905,0.01401,0.01657,0.02360,0.00890,0.00741,0.01319,0.01955,0.00688,0.01022
0.28283,0.03958,0.02064,0.21489,0.01143,0.01636,0.01959,0.02986,0.02825,0.01549,0.01827,0.01426,0.01198,0.08640,0.02656,0.02798,0.01392,0.10082,0.00684,0.01406
0.38067,0.04166,0.02746,0.29097,0.02204,0.01689,0.03881,0.05338,0.01418,0.02360,0.02025,0.00868,0.01327,0.00761,0.00769,0.00594,0.00653,0.00639,0.00581,0.00817
0.32710,0.03484,0.02582,0.25244,0.02445,0.02011,0.02738,0.05969,0.02713,0.03280,0.01964,0.01856,0.01295,0.02843,0.02456,0.01626,0.01145,0.01717,0.00499,0.01423
0.30677,0.02495,0.04056,0.21874,0.04417,0.03448,0.03181,0.02935,0.04390,0.02777,0.03612,0.01864,0.01337,0.02586,0.01807,0.01816,0.02004,0.02184,0.01062,0.01476
0.16203,0.03038,0.16795,0.12790,0.04870,0.03923,0.02224,0.11448,0.02582,0.01578,0.03454,0.04099,0.03545,0.02334,0.01645,0.01719,0.01630,0.00680,0.03429,0.02015
0.11406,0.04076,0.27593,0.10294,0.19900,0.02179,0.01772,0.01640,0.02488,0.02085,0.02161,0.01367,0.03236,0.01374,0.01200,0.01220,0.01244,0.01338,0.01417,0.02012
0.21920,0.02123,0.08857,0.17671,0.07561,0.04329,0.03712,0.05978,0.04515,0.02863,0.02164,0.01188,0.02429,0.03606,0.01408,0.02065,0.01523,0.02145,0.01380,0.02561
0.14914,0.02861,0.22454,0.14323,0.18476,0.01894,0.02697,0.03577,0.02234,0.01949,0.01838,0.01571,0.02946,0.01492,0.02565,0.00794,0.01290,0.00429,0.00500,0.01196
0.11868,0.02162,0.27689,0.07840,0.19674,0.01299,0.01785,0.02936,0.03636,0.02358,0.03110,0.01435,0.03396,0.03612,0.02298,0.01090,0.00898,0.01291,0.00455,0.01166
0.16144,0.03409,0.10064,0.16061,0.09913,0.04272,0.02930,0.03790,0.05044,0.02019,0.02027,0.02589,0.02445,0.04957,0.03653,0.02865,0.01703,0.02386,0.01820,0.01910
0.11465,0.04401,0.07990,0.09379,0.07033,0.02783,0.03683,0.03444,0.04278,0.04639,0.08803,0.06475,0.04098,0.04801,0.02125,0.01349,0.03463,0.04293,0.01858,0.03640
0.08272,0.05347,0.09793,0.06544,0.06909,0.04607,0.05617,0.07267,0.05679,0.03677,0.02753,0.02537,0.03678,0.08747,0.06065,0.05817,0.01098,0.01242,0.01970,0.02382
0.08722,0.02170,0.28041,0.07638,0.02461,0.05615,0.02491,0.22972,0.02191,0.01875,0.01976,0.01231,0.01601,0.02656,0.01865,0.02650,0.01211,0.00836,0.00600,0.01197
0.05196,0.06402,0.11287,0.05666,0.07235,0.03068,0.02594,0.07895,0.02979,0.03319,0.07565,0.02522,0.05737,0.09871,0.01722,0.01202,0.02138,0.10344,0.01033,0.02227
0.39552,0.02605,0.03426,0.29510,0.02302,0.02616,0.01293,0.01423,0.01446,0.01727,0.02715,0.01247,0.01251,0.01656,0.01455,0.01356,0.00951,0.01167,0.01147,0.01155
0.07650,0.02595,0.03524,0.06857,0.02907,0.02490,0.01717,0.02542,0.02175,0.01799,0.25855,0.19513,0.03692,0.03204,0.03149,0.03269,0.02062,0.02203,0.00656,0.02141
0.24270,0.08704,0.06355,0.19805,0.06042,0.05160,0.03148,0.04456,0.02088,0.02691,0.03547,0.02920,0.01408,0.01626,0.01099,0.02090,0.01802,0.00492,0.00576,0.01721
0.11968,0.08880,0.08531,0.10189,0.07022,0.03320,0.04780,0.05863,0.03550,0.03744,0.03101,0.02669,0.03684,0.06563,0.02081,0.02997,0.04028,0.03903,0.01439,0.01689
0.33708,0.02203,0.04537,0.25836,0.03023,0.02226,0.02583,0.03190,0.03277,0.01659,0.04302,0.01500,0.01539,0.02529,0.01085,0.01227,0.00937,0.02632,0.00428,0.01580
0.31458,0.01465,0.06081,0.26899,0.03893,0.02010,0.03327,0.04425,0.01889,0.02201,0.02969,0.02052,0.01606,0.01874,0.01622,0.00673,0.01496,0.01297,0.00865,0.01897
0.21139,0.02270,0.18227,0.17496,0.15255,0.03685,0.01555,0.02635,0.02222,0.02113,0.02544,0.02012,0.01981,0.01552,0.01549,0.01098,0.00703,0.00646,0.00433,0.00885
0.11490,0.03017,0.05877,0.08864,0.04499,0.01930,0.02612,0.04318,0.03657,0.02415,0.20540,0.14914,0.01861,0.02557,0.02572,0.01243,0.01447,0.02492,0.01936,0.01760
0.13603,0.04859,0.27825,0.10888,0.05884,0.02709,0.01592,0.16718,0.01333,0.02286,0.04418,0.00818,0.00658,0.02041,0.00516,0.00830,0.00818,0.01110,0.00323,0.00771
0.27914,0.02478,0.04230,0.25708,0.05148,0.02576,0.01809,0.01723,0.02466,0.03226,0.03489,0.03809,0.02838,0.02146,0.02783,0.00945,0.01541,0.01584,0.01068,0.02519
0.17439,0.03559,0.13358,0.13739,0.07354,0.04118,0.02567,0.06149,0.05748,0.02290,0.02078,0.02079,0.01891,0.04467,0.02068,0.03702,0.02490,0.02256,0.01000,0.01648
0.26369,0.02134,0.13512,0.19346,0.08464,0.04372,0.02288,0.05989,0.01383,0.02819,0.01702,0.00718,0.02054,0.01268,0.01601,0.00971,0.02254,0.00999,0.00591,0.01166
0.17889,0.03652,0.11410,0.16354,0.06227,0.02947,0.03458,0.04240,0.02577,0.01542,0.04149,0.03329,0.02512,0.05856,0.02053,0.03149,0.01698,0.04008,0.00948,0.02001
0.27407,0.03564,0.07220,0.21887,0.04519,0.03250,0.01740,0.05461,0.03096,0.02529,0.02186,0.01392,0.03011,0.02378,0.01405,0.01546,0.02122,0.01908,0.00914,0.02465
0.18526,0.05074,0.06212,0.17332,0.06171,0.03775,0.05629,0.05169,0.04258,0.02753,0.02245,0.02697,0.02828,0.04327,0.01971,0.02219,0.01758,0.02255,0.01742,0.03059
0.08696,0.02418,0.24174,0.10175,0.20943,0.01342,0.01935,0.03078,0.02806,0.02668,0.03338,0.02178,0.02350,0.02659,0.01696,0.03285,0.01688,0.01593,0.01039,0.01939
0.04939,0.01948,0.16789,0.04862,0.08493,0.02214,0.01647,0.02398,0.01676,0.00988,0.03656,0.01044,0.04422,0.19866,0.00594,0.00364,0.00578,0.22437,0.00385,0.00699
0.14674,0.03389,0.04839,0.09205,0.04881,0.07237,0.03774,0.04811,0.05954,0.03000,0.07212,0.06348,0.02641,0.04280,0.03089,0.03082,0.02462,0.02278,0.04122,0.02722
0.33990,0.02835,0.03794,0.27479,0.02254,0.02870,0.02166,0.02911,0.02387,0.02492,0.04203,0.01560,0.02392,0.01565,0.01288,0.01350,0.01052,0.00700,0.00627,0.02085
0.23996,0.02914,0.03077,0.19010,0.03830,0.03653,0.04456,0.02085,0.03049,0.02424,0.06085,0.05693,0.03300,0.02209,0.03932,0.02208,0.01770,0.02250,0.01682,0.02378
0.16448,0.03661,0.03813,0.14245,0.03480,0.02627,0.03251,0.02412,0.02314,0.02377,0.05184,0.02854,0.02824,0.12672,0.01896,0.00983,0.03001,0.12818,0.01073,0.02066
0.15888,0.02654,0.08786,0.13343,0.05258,0.02986,0.03890,0.05552,0.04407,0.02994,0.03805,0.03532,0.03410,0.06987,0.02520,0.03543,0.01398,0.05374,0.01156,0.02518
0.18047,0.03108,0.09743,0.12923,0.10173,0.04775,0.01749,0.04698,0.04713,0.02502,0.05241,0.02956,0.02356,0.06907,0.01034,0.02127,0.02127,0.01535,0.01308,0.01976
0.09125,0.03582,0.18470,0.07546,0.16265,0.04144,0.02288,0.04914,0.05535,0.04858,0.02314,0.02830,0.01859,0.04198,0.04049,0.01343,0.01986,0.01520,0.01318,0.01857
0.10266,0.01500,0.13339,0.08613,0.04005,0.04674,0.05265,0.05677,0.03381,0.02752,0.02379,0.01934,0.02106,0.12376,0.01134,0.03058,0.02369,0.12176,0.01359,0.01637
0.05463,0.03351,0.08935,0.04952,0.04354,0.03539,0.05242,0.03526,0.02951,0.02526,0.05023,0.05309,0.02507,0.09076,0.07622,0.06830,0.03603,0.06575,0.02638,0.05977
0.29094,0.02821,0.01357,0.23543,0.02040,0.02395,0.01202,0.03376,0.02329,0.01443,0.09736,0.07356,0.02486,0.02404,0.01595,0.01060,0.01366,0.01590,0.00833,0.01975
0.10861,0.04718,0.06446,0.08467,0.06513,0.02705,0.03595,0.02815,0.03538,0.01883,0.08963,0.07103,0.03493,0.07817,0.02186,0.02782,0.01826,0.10645,0.01078,0.02564
0.27979,0.04561,0.03673,0.23731,0.03471,0.03037,0.02410,0.03182,0.02059,0.02542,0.03420,0.03755,0.03337,0.04014,0.02503,0.01283,0.00821,0.01694,0.01222,0.01305
0.14744,0.02763,0.19566,0.11660,0.14529,0.03118,0.01222,0.03426,0.02273,0.00880,0.04079,0.02609,0.02983,0.02850,0.03184,0.03712,0.01624,0.01886,0.00717,0.02172
0.14341,0.04310,0.15520,0.11311,0.12406,0.04344,0.02917,0.08342,0.03352,0.02120,0.02436,0.02514,0.02347,0.03705,0.01311,0.01786,0.01019,0.02355,0.02222,0.01343
0.27476,0.02871,0.08110,0.22908,0.05343,0.01782,0.01373,0.03306,0.01335,0.01392,0.01242,0.00868,0.01047,0.06977,0.00938,0.01840,0.01867,0.08124,0.00457,0.00743
0.22688,0.03621,0.05070,0.17441,0.05513,0.03068,0.04385,0.04286,0.03476,0.01381,0.04564,0.04654,0.02101,0.02926,0.02024,0.02425,0.01528,0.01086,0.02851,0.04912
0.11593,0.03641,0.07208,0.09094,0.04565,0.04381,0.05395,0.03834,0.04871,0.03080,0.08428,0.05369,0.03889,0.03693,0.01846,0.02925,0.05109,0.05711,0.02830,0.02539
0.41429,0.02499,0.01619,0.36340,0.02031,0.01160,0.01398,0.01232,0.01101,0.00890,0.01135,0.00511,0.00766,0.01611,0.01154,0.00851,0.01163,0.01361,0.01045,0.00705
0.21515,0.04104,0.09503,0.18465,0.05098,0.02138,0.03640,0.05115,0.01807,0.01095,0.06622,0.04159,0.02706,0.02829,0.01370,0.02216,0.02275,0.01468,0.00727,0.03147
0.18191,0.04838,0.03568,0.16559,0.04024,0.02941,0.03670,0.05524,0.03334,0.03304,0.02277,0.03574,0.03684,0.07810,0.01083,0.02881,0.02018,0.06791,0.01597,0.02332
0.11602,0.05321,0.03815,0.10649,0.05357,0.04283,0.02391,0.02075,0.03736,0.02643,0.19470,0.16138,0.00861,0.02078,0.01385,0.01638,0.01756,0.01467,0.01483,0.01852
0.25989,0.03457,0.08536,0.21474,0.03851,0.02372,0.02841,0.04985,0.03230,0.02451,0.03089,0.02896,0.02935,0.02687,0.02430,0.01097,0.01847,0.01439,0.00829,0.01563
0.03799,0.02440,0.32360,0.04545,0.05957,0.03633,0.02123,0.24681,0.04649,0.01713,0.02266,0.01276,0.01779,0.01508,0.01262,0.01043,0.01239,0.00680,0.01683,0.01364
0.31493,0.04852,0.04938,0.25534,0.04040,0.02034,0.02164,0.03711,0.01692,0.02594,0.02888,0.00743,0.03104,0.01984,0.01984,0.01540,0.01477,0.01074,0.00894,0.01261
0.21155,0.05001,0.05434,0.18002,0.04252,0.02910,0.03536,0.02970,0.02474,0.01773,0.06848,0.06594,0.02207,0.02108,0.02606,0.01137,0.02350,0.03297,0.01198,0.04150
0.28906,0.02474,0.04925,0.23239,0.04134,0.03170,0.03958,0.03673,0.02633,0.02329,0.02290,0.02015,0.02626,0.02964,0.02241,0.01941,0.01559,0.01754,0.01580,0.01592
0.18072,0.03672,0.06657,0.14071,0.06053,0.02948,0.03683,0.05389,0.02872,0.02811,0.02674,0.01483,0.03129,0.07253,0.02347,0.02055,0.01931,0.08840,0.01188,0.02871
0.10581,0.02806,0.22600,0.08805,0.04429,0.04966,0.01319,0.15894,0.02440,0.04361,0.02988,0.01677,0.02427,0.02651,0.02476,0.01871,0.00848,0.01598,0.00770,0.04493
0.13163,0.03718,0.22595,0.10529,0.17727,0.02457,0.02358,0.04107,0.02132,0.01729,0.03992,0.02998,0.01553,0.01945,0.01853,0.01177,0.01458,0.01826,0.00865,0.01819
0.32458,0.02538,0.02788,0.25832,0.01909,0.02174,0.01431,0.04259,0.03148,0.01447,0.02434,0.01514,0.01373,0.03183,0.02115,0.01692,0.01159,0.05813,0.01008,0.01724
0.27526,0.04272,0.06398,0.23303,0.02858,0.04319,0.02397,0.03677,0.01923,0.02516,0.02145,0.02848,0.01315,0.03580,0.01107,0.03561,0.01244,0.01449,0.01576,0.01985
0.10781,0.02547,0.03521,0.10080,0.10129,0.04561,0.02928,0.02302,0.03491,0.03571,0.03474,0.02958,0.02174,0.11510,0.03797,0.02702,0.02004,0.15425,0.00782,0.01263
0.07329,0.01739,0.28134,0.04939,0.17616,0.02555,0.03556,0.07451,0.06975,0.01418,0.02988,0.01985,0.02946,0.02023,0.01510,0.01240,0.02005,0.00771,0.00912,0.01909
0.05459,0.04194,0.31412,0.03075,0.04833,0.03305,0.00493,0.21934,0.02787,0.02935,0.04029,0.02890,0.01680,0.02200,0.01489,0.01622,0.00927,0.01004,0.00508,0.03224
0.08952,0.03657,0.25431,0.08618,0.07497,0.02406,0.02756,0.16980,0.02478,0.03447,0.01545,0.01957,0.03487,0.02595,0.01961,0.01266,0.02121,0.01478,0.00581,0.00787
0.10785,0.03394,0.13262,0.11309,0.10631,0.02006,0.03060,0.03266,0.03182,0.03606,0.10983,0.08422,0.01806,0.02981,0.01067,0.01940,0.01831,0.03477,0.00820,0.02172
0.07523,0.02728,0.03366,0.06475,0.03188,0.02507,0.05811,0.04956,0.03431,0.03342,0.02087,0.00863,0.02849,0.17563,0.02430,0.03530,0.01733,0.22568,0.01815,0.01234
0.27659,0.02307,0.04419,0.22490,0.03915,0.04813,0.02068,0.02733,0.03638,0.02665,0.03081,0.01938,0.02261,0.03802,0.02374,0.01275,0.01826,0.03925,0.01242,0.01568
0.21856,0.04055,0.05093,0.16748,0.02303,0.02583,0.02395,0.04819,0.02111,0.01424,0.12872,0.08610,0.02241,0.02586,0.01575,0.00819,0.03171,0.02920,0.00415,0.01404
0.09494,0.02612,0.24627,0.08378,0.05225,0.03283,0.02276,0.17362,0.02818,0.02911,0.02533,0.03346,0.01728,0.02075,0.02319,0.01471,0.01591,0.01906,0.01054,0.02990
0.34587,0.05098,0.01725,0.27839,0.02074,0.02855,0.02784,0.03605,0.02341,0.02226,0.01724,0.01541,0.03678,0.02508,0.00914,0.00814,0.01216,0.00947,0.00504,0.01022
0.15035,0.03901,0.16127,0.12186,0.05865,0.04442,0.02770,0.10014,0.03603,0.01962,0.02623,0.02814,0.02109,0.03824,0.01185,0.01510,0.01333,0.03879,0.01897,0.02921
0.14970,0.02716,0.26041,0.12638,0.19466,0.01755,0.02371,0.02276,0.02244,0.01343,0.02986,0.02067,0.01533,0.01333,0.01470,0.00664,0.01119,0.01541,0.00443,0.01026
0.13709,0.05271,0.04333,0.11772,0.03434,0.04672,0.03747,0.05309,0.04086,0.06156,0.02917,0.03329,0.02947,0.06615,0.05943,0.04156,0.03410,0.02877,0.02461,0.02856
0.05497,0.03226,0.14608,0.03899,0.04822,0.01463,0.01306,0.07569,0.01920,0.02599,0.22019,0.16196,0.02803,0.01163,0.02332,0.02387,0.01504,0.01519,0.00771,0.02395
0.12200,0.06904,0.06114,0.10969,0.03567,0.04418,0.01935,0.03966,0.02066,0.02661,0.14810,0.11779,0.02598,0.02263,0.04084,0.01881,0.02010,0.01598,0.00944,0.03233
0.38930,0.03119,0.01747,0.30157,0.01567,0.02070,0.01724,0.01509,0.01389,0.03742,0.01901,0.00418,0.01064,0.02502,0.01765,0.01358,0.01031,0.01551,0.01224,0.01230
0.22840,0.02528,0.03734,0.18245,0.02142,0.03306,0.01996,0.02271,0.02378,0.01843,0.12574,0.10176,0.01744,0.03264,0.01758,0.02711,0.01483,0.02791,0.00888,0.01327
0.10922,0.03098,0.02515,0.10319,0.02345,0.03877,0.02338,0.07908,0.04183,0.01679,0.18931,0.16082,0.03325,0.02435,0.01021,0.01026,0.01859,0.01753,0.01514,0.02869
0.15866,0.02562,0.21581,0.13860,0.04299,0.04381,0.01634,0.14455,0.01935,0.02869,0.00887,0.01260,0.04671,0.01503,0.01182,0.01162,0.01432,0.01023,0.01810,0.01627
0.35244,0.02623,0.04338,0.29354,0.05115,0.02425,0.01864,0.02784,0.01690,0.01017,0.02129,0.00939,0.01465,0.01473,0.01750,0.01455,0.01135,0.00914,0.00641,0.01646
0.29476,0.03623,0.03514,0.21099,0.01477,0.03544,0.01739,0.07683,0.02002,0.02295,0.04566,0.03227,0.03071,0.01721,0.03010,0.02907,0.01657,0.01376,0.00579,0.01435
0.02784,0.01930,0.01866,0.03119,0.01462,0.01059,0.01769,0.02495,0.02270,0.02202,0.33559,0.27491,0.02587,0.02845,0.02707,0.01326,0.01955,0.02291,0.00553,0.03728
0.31716,0.04692,0.04059,0.27555,0.03656,0.03540,0.02389,0.02785,0.01733,0.02675,0.00821,0.01277,0.01872,0.02176,0.01834,0.01473,0.01179,0.01589,0.00927,0.02053
0.13983,0.03205,0.05188,0.13863,0.04850,0.03768,0.02311,0.04150,0.01981,0.03623,0.08505,0.09519,0.03874,0.03862,0.03120,0.01858,0.04160,0.02115,0.01070,0.04995
0.19135,0.03306,0.16677,0.17146,0.12871,0.04977,0.02752,0.01530,0.02454,0.02434,0.02937,0.01912,0.01339,0.01514,0.01738,0.01475,0.01414,0.02093,0.00486,0.01807
0.06586,0.03122,0.27307,0.04780,0.03614,0.02431,0.03698,0.19518,0.04375,0.03314,0.02006,0.02189,0.02014,0.02826,0.02909,0.02275,0.01485,0.01728,0.01125,0.02698
0.10695,0.03513,0.07514,0.09878,0.06713,0.03410,0.03591,0.03773,0.04493,0.05281,0.04090,0.02738,0.03851,0.08620,0.03151,0.02154,0.02950,0.09832,0.01686,0.02066
0.19596,0.06197,0.05426,0.18944,0.03595,0.05851,0.05552,0.05398,0.05734,0.05979,0.02597,0.02096,0.02249,0.01623,0.01494,0.01117,0.01650,0.00826,0.01977,0.02099
0.13208,0.02653,0.21260,0.10357,0.17305,0.02966,0.03168,0.03010,0.02837,0.01459,0.04083,0.01637,0.02242,0.03091,0.01442,0.00584,0.00970,0.01663,0.01454,0.04612
0.28378,0.02171,0.06476,0.23163,0.05941,0.03052,0.03109,0.03801,0.02737,0.03181,0.01750,0.01738,0.02304,0.02273,0.02780,0.01344,0.01440,0.01103,0.00937,0.02322
0.06340,0.01578,0.02089,0.05478,0.01259,0.02771,0.01477,0.02947,0.01998,0.01637,0.02332,0.01434,0.03400,0.25265,0.03579,0.01561,0.03016,0.28760,0.01364,0.01714
0.24016,0.03869,0.02083,0.18761,0.06320,0.02910,0.03377,0.03079,0.07970,0.02932,0.06933,0.02007,0.01808,0.04015,0.01845,0.01653,0.01273,0.03064,0.01023,0.01061
0.14120,0.01927,0.22464,0.10955,0.19377,0.03320,0.02923,0.04139,0.03473,0.01092,0.01730,0.01971,0.01515,0.01307,0.01321,0.03351,0.01428,0.00583,0.01299,0.01704
0.05640,0.01536,0.03837,0.03745,0.04455,0.02224,0.02062,0.02048,0.01879,0.01054,0.32288,0.25260,0.01554,0.02885,0.01490,0.01433,0.02476,0.01290,0.01376,0.01469
0.19077,0.02290,0.16654,0.15207,0.03276,0.05298,0.02924,0.10151,0.02064,0.04699,0.02267,0.01436,0.01518,0.02078,0.02827,0.02145,0.01020,0.01373,0.01607,0.02089
0.21116,0.01965,0.15686,0.15837,0.13081,0.03176,0.01926,0.02674,0.02762,0.02198,0.02109,0.01878,0.01878,0.01810,0.03659,0.01960,0.01433,0.01638,0.01107,0.02107
0.20987,0.04373,0.04967,0.16202,0.03016,0.02501,0.03050,0.03363,0.03591,0.02067,0.10820,0.08200,0.02100,0.03240,0.02429,0.01842,0.02991,0.01242,0.01259,0.01758
0.03648,0.03272,0.03443,0.03926,0.02730,0.02523,0.02007,0.04230,0.02339,0.02195,0.25979,0.18231,0.07623,0.04249,0.02828,0.01822,0.03536,0.01060,0.01118,0.03242
0.34305,0.01901,0.02493,0.26377,0.02931,0.02604,0.02115,0.03123,0.02901,0.02518,0.03233,0.01979,0.02166,0.01986,0.03036,0.00923,0.01889,0.01541,0.00619,0.01357
0.27614,0.03707,0.05251,0.23838,0.04981,0.04098,0.03175,0.05510,0.02917,0.00830,0.02201,0.01219,0.02380,0.02370,0.01963,0.02402,0.00872,0.01233,0.01203,0.02237
0.16353,0.03299,0.19803,0.12742,0.04832,0.03674,0.00788,0.08959,0.02400,0.04979,0.07080,0.04093,0.01741,0.02229,0.01391,0.01268,0.00994,0.01066,0.00562,0.01747
0.38084,0.00854,0.04416,0.29555,0.03266,0.01717,0.01729,0.03118,0.00982,0.01939,0.02849,0.00730,0.03071,0.02048,0.01069,0.00741,0.01338,0.01316,0.00558,0.00622
0.09084,0.03472,0.25616,0.06290,0.17755,0.04373,0.02542,0.05029,0.02660,0.02344,0.04882,0.03336,0.02763,0.01945,0.01290,0.02465,0.01390,0.00548,0.00680,0.01535
0.05827,0.03358,0.04695,0.05159,0.04010,0.03017,0.02871,0.02322,0.02223,0.03679,0.02068,0.00899,0.02770,0.21462,0.02346,0.01414,0.01981,0.26795,0.01367,0.01740
0.38399,0.02132,0.02508,0.31832,0.02286,0.01835,0.01145,0.02138,0.02131,0.01345,0.02215,0.01718,0.01880,0.01111,0.01324,0.00928,0.01968,0.01158,0.00563,0.01383
0.23926,0.02071,0.09029,0.17988,0.05825,0.04679,0.01626,0.04221,0.02907,0.02294,0.01962,0.01590,0.02953,0.04021,0.03358,0.02152,0.01654,0.04867,0.00908,0.01969
0.18641,0.04630,0.04853,0.13603,0.05643,0.02690,0.05514,0.01493,0.04181,0.03481,0.07186,0.03394,0.04424,0.04500,0.04644,0.01960,0.01199,0.01986,0.03615,0.02363
0.32265,0.01517,0.03203,0.26336,0.02327,0.02286,0.02297,0.02301,0.02896,0.03374,0.02678,0.01560,0.01011,0.03509,0.01800,0.01889,0.00975,0.02714,0.01881,0.03182
0.16690,0.04496,0.12086,0.13523,0.06972,0.04138,0.03352,0.06880,0.03003,0.03375,0.04731,0.03061,0.02666,0.02540,0.02309,0.02113,0.02119,0.01751,0.00958,0.03235
0.20185,0.03399,0.04843,0.16189,0.06099,0.02240,0.02637,0.03570,0.04092,0.02427,0.07982,0.06326,0.01928,0.02740,0.02042,0.00860,0.07379,0.01045,0.01998,0.02019
0.10609,0.04825,0.07472,0.09559,0.05724,0.04453,0.05757,0.05141,0.05716,0.04856,0.02391,0.01674,0.03996,0.06805,0.02968,0.04206,0.03527,0.07452,0.01491,0.01378
0.07883,0.04463,0.17480,0.03278,0.12095,0.05077,0.02469,0.03717,0.04094,0.05342,0.09862,0.06380,0.02720,0.01970,0.01224,0.00609,0.01984,0.02661,0.04964,0.01727
0.18845,0.04230,0.04568,0.14879,0.04209,0.03479,0.02666,0.05063,0.04186,0.02488,0.02580,0.01939,0.03898,0.06720,0.01215,0.02325,0.04316,0.08768,0.01794,0.01831
0.21477,0.04177,0.10670,0.19453,0.08059,0.02227,0.03787,0.04152,0.04604,0.03526,0.02810,0.02214,0.01911,0.01292,0.02908,0.01243,0.01934,0.01447,0.00896,0.01213
0.06656,0.02154,0.22545,0.06081,0.17649,0.02273,0.01830,0.05600,0.01120,0.03914,0.06589,0.01964,0.03200,0.05220,0.02036,0.01948,0.01784,0.04199,0.00399,0.02838
0.12958,0.03705,0.13853,0.07268,0.08307,0.05402,0.03417,0.05272,0.08143,0.03574,0.03117,0.01192,0.02089,0.05525,0.03817,0.02455,0.01177,0.03779,0.01852,0.03097
0.21216,0.02951,0.18587,0.16030,0.15002,0.03526,0.01803,0.02368,0.01384,0.02215,0.02456,0.02057,0.01512,0.02121,0.01103,0.01080,0.00818,0.00654,0.01500,0.01617
0.23784,0.02999,0.09363,0.18719,0.06412,0.03169,0.01222,0.02623,0.02991,0.03904,0.03661,0.02000,0.03735,0.03099,0.02574,0.02572,0.01428,0.02097,0.01302,0.02345
0.27195,0.03008,0.01941,0.24348,0.01484,0.02856,0.03317,0.05316,0.04386,0.02388,0.04209,0.05825,0.01241,0.02501,0.01495,0.01175,0.02766,0.01693,0.00667,0.02187
0.22143,0.02039,0.16318,0.16875,0.09028,0.04099,0.01800,0.04629,0.02910,0.01737,0.02091,0.02133,0.01650,0.01413,0.01728,0.02106,0.01312,0.01041,0.00901,0.04044
0.06562,0.02968,0.05970,0.07010,0.03733,0.03107,0.00913,0.03934,0.01607,0.01577,0.01625,0.02135,0.03772,0.21752,0.01437,0.01088,0.02175,0.26197,0.00960,0.01479
0.21624,0.04558,0.10639,0.18984,0.06706,0.03162,0.03218,0.07163,0.04714,0.02977,0.02493,0.01658,0.02699,0.01696,0.01543,0.01429,0.01146,0.00728,0.01373,0.01487
0.10243,0.02673,0.27051,0.08353,0.18814,0.02874,0.01785,0.02364,0.02149,0.01915,0.05740,0.02410,0.02852,0.01980,0.01573,0.00943,0.02894,0.01351,0.00575,0.01459
0.28969,0.01546,0.03085,0.23121,0.02559,0.01659,0.01668,0.01949,0.03194,0.01247,0.04804,0.01284,0.02390,0.06783,0.03602,0.01179,0.01538,0.06012,0.00710,0.02702
0.34499,0.02116,0.02491,0.27270,0.02137,0.01562,0.02582,0.02726,0.01712,0.03290,0.02433,0.01476,0.02447,0.04257,0.01405,0.00994,0.00889,0.01235,0.02453,0.02025
0.27637,0.06404,0.07765,0.24466,0.03793,0.03237,0.01255,0.05134,0.01539,0.01874,0.01847,0.01254,0.02444,0.01577,0.02100,0.02462,0.02264,0.00730,0.00423,0.01795
0.03094,0.03880,0.03667,0.02652,0.02259,0.01387,0.05118,0.03431,0.02140,0.01719,0.01859,0.01238,0.02366,0.20350,0.05832,0.06770,0.02703,0.24627,0.01197,0.03710
0.05039,0.05763,0.04462,0.04031,0.08771,0.02681,0.02007,0.02998,0.02168,0.02535,0.27561,0.22148,0.02557,0.01458,0.00737,0.01340,0.00895,0.00872,0.00884,0.01093
0.09962,0.01741,0.07930,0.08144,0.05997,0.03585,0.02758,0.03668,0.03022,0.02777,0.22578,0.16873,0.01738,0.02101,0.01165,0.01146,0.01011,0.00912,0.00785,0.02107
0.12291,0.03421,0.14122,0.10140,0.10695,0.05413,0.04728,0.05070,0.04528,0.04767,0.02172,0.03361,0.03156,0.01840,0.01818,0.02657,0.02681,0.01777,0.03233,0.02130
0.08801,0.04187,0.18005,0.08976,0.15316,0.04364,0.02826,0.04881,0.07462,0.03020,0.03380,0.03580,0.02254,0.02123,0.02578,0.01871,0.01494,0.00935,0.01562,0.02385
0.14325,0.02011,0.03863,0.10486,0.03077,0.03270,0.03475,0.02222,0.02343,0.03068,0.02551,0.01107,0.05841,0.12748,0.02902,0.01395,0.03595,0.18764,0.00993,0.01965
0.19523,0.02591,0.03233,0.15698,0.02165,0.02699,0.01916,0.02151,0.01972,0.01724,0.02995,0.02656,0.01335,0.17230,0.01469,0.01519,0.00763,0.16682,0.00651,0.01030
0.10619,0.04427,0.15153,0.07462,0.09371,0.05318,0.04289,0.07179,0.03275,0.02433,0.05053,0.03110,0.03628,0.04460,0.02645,0.01783,0.02836,0.03881,0.01582,0.01496
0.08934,0.03853,0.04885,0.07524,0.03727,0.03613,0.02631,0.02032,0.03198,0.03531,0.22576,0.17389,0.03075,0.02156,0.02141,0.01744,0.01864,0.01620,0.01117,0.02391
0.16985,0.03374,0.05932,0.14442,0.06685,0.06007,0.02362,0.02614,0.02013,0.03479,0.04013,0.01016,0.08388,0.04676,0.04981,0.06436,0.01122,0.02727,0.00777,0.01970
0.35841,0.02012,0.03691,0.27427,0.07347,0.03462,0.01624,0.01559,0.02773,0.00768,0.00782,0.00923,0.01634,0.01972,0.01654,0.02128,0.01016,0.01050,0.00904,0.01433
0.10725,0.01506,0.17002,0.10482,0.12322,0.08200,0.03460,0.04280,0.03809,0.02025,0.02394,0.02215,0.01745,0.05890,0.02845,0.00785,0.01463,0.05869,0.01240,0.01742
0.24701,0.02903,0.06687,0.22224,0.07639,0.03473,0.03694,0.05266,0.01908,0.02736,0.02608,0.01388,0.02448,0.02190,0.02629,0.02525,0.01585,0.00727,0.00674,0.01995
0.37929,0.01007,0.02397,0.32813,0.03421,0.02117,0.01424,0.01499,0.01946,0.01445,0.01039,0.00869,0.02478,0.02369,0.01353,0.01076,0.01503,0.00264,0.01784,0.01266
0.22978,0.05522,0.06343,0.16803,0.05017,0.05240,0.02648,0.05528,0.04115,0.03193,0.02888,0.01217,0.02125,0.03280,0.04455,0.01931,0.01207,0.02454,0.00689,0.02367
0.24672,0.03463,0.05014,0.19753,0.05559,0.03824,0.03729,0.02237,0.02528,0.04890,0.01635,0.01015,0.04332,0.04813,0.03024,0.02338,0.01492,0.03215,0.00799,0.01668
0.21385,0.01651,0.21267,0.16847,0.16909,0.02677,0.01450,0.01896,0.02289,0.01666,0.03158,0.01358,0.01064,0.01316,0.01098,0.00999,0.01068,0.00590,0.00376,0.00937
0.38251,0.00619,0.02410,0.29836,0.01844,0.02479,0.02212,0.02384,0.02197,0.02222,0.02808,0.02002,0.01994,0.01428,0.00841,0.01106,0.02108,0.01587,0.00780,0.00893
0.07832,0.03255,0.25337,0.06489,0.19143,0.02272,0.03402,0.03490,0.02613,0.03115,0.02607,0.01620,0.03151,0.03566,0.02140,0.02304,0.03213,0.01832,0.00635,0.01983
0.09052,0.04475,0.25260,0.06035,0.18768,0.02417,0.02270,0.03757,0.03154,0.02945,0.02721,0.01742,0.02658,0.03315,0.03757,0.02197,0.01064,0.01649,0.01116,0.01648
0.08412,0.02637,0.29455,0.06683,0.19741,0.03069,0.02494,0.04506,0.03466,0.02186,0.03347,0.02057,0.01857,0.01544,0.01590,0.01375,0.01442,0.01739,0.01373,0.01028
0.27327,0.02498,0.10640,0.24656,0.05978,0.02469,0.01779,0.02437,0.02674,0.02391,0.01800,0.01364,0.01108,0.03193,0.01454,0.02173,0.01476,0.02127,0.01070,0.01385
0.05475,0.02910,0.28500,0.03886,0.13036,0.02199,0.03137,0.16732,0.05145,0.01939,0.04554,0.03606,0.00912,0.03187,0.01147,0.00530,0.00461,0.00494,0.01204,0.00946
0.06088,0.04647,0.17531,0.04356,0.11370,0.02683,0.01946,0.06020,0.03593,0.01870,0.04540,0.01778,0.04837,0.08576,0.01213,0.00907,0.02564,0.12588,0.01044,0.01849
0.13084,0.02255,0.23270,0.13207,0.16854,0.03442,0.02037,0.04265,0.02677,0.02349,0.02949,0.01803,0.01526,0.01760,0.02011,0.00798,0.01587,0.01647,0.00677,0.01802
0.11763,0.02800,0.25982,0.12063,0.06147,0.02552,0.01728,0.16715,0.02492,0.02134,0.01124,0.00929,0.02574,0.02304,0.01504,0.01040,0.01619,0.01590,0.01494,0.01447
0.12726,0.03675,0.03497,0.09017,0.05357,0.02320,0.02273,0.04182,0.08159,0.02042,0.14806,0.08475,0.03572,0.02765,0.03750,0.01752,0.03019,0.04173,0.01951,0.02487
0.08446,0.03211,0.12836,0.07825,0.06946,0.02886,0.01931,0.03850,0.05730,0.03801,0.03417,0.05125,0.07765,0.06739,0.02358,0.02007,0.04858,0.06621,0.01057,0.02592
0.14618,0.02204,0.18334,0.14259,0.13084,0.02356,0.01741,0.02432,0.03129,0.02068,0.05571,0.03109,0.02681,0.02373,0.01653,0.02327,0.02694,0.01171,0.01640,0.02555
0.26914,0.04202,0.03019,0.21458,0.05432,0.01735,0.03655,0.01003,0.02741,0.04215,0.05771,0.01657,0.03397,0.02497,0.02628,0.02068,0.01507,0.01502,0.00763,0.03836
0.30315,0.01921,0.04917,0.25590,0.02039,0.02578,0.03418,0.03183,0.01887,0.02105,0.04631,0.04959,0.00797,0.01535,0.01799,0.01898,0.01555,0.01483,0.00811,0.02578
0.36348,0.02745,0.02696,0.32216,0.03643,0.01681,0.01580,0.01370,0.02533,0.01347,0.02670,0.03056,0.01273,0.01560,0.00432,0.00735,0.00811,0.01356,0.00675,0.01273
0.32738,0.02266,0.03263,0.30381,0.03256,0.01851,0.01488,0.02539,0.02576,0.01992,0.01700,0.02671,0.01900,0.02059,0.02127,0.01179,0.01358,0.01282,0.00850,0.02524
0.14902,0.04484,0.19585,0.14150,0.03843,0.03030,0.02365,0.12373,0.02343,0.02880,0.04997,0.02477,0.01346,0.02654,0.01177,0.01359,0.02006,0.01420,0.00911,0.01698
0.07659,0.05976,0.13037,0.07940,0.07918,0.02955,0.03231,0.03924,0.03896,0.01776,0.14170,0.10973,0.04209,0.02705,0.02225,0.01491,0.02248,0.00933,0.01105,0.01631
0.10767,0.03064,0.16163,0.13794,0.09986,0.03992,0.02543,0.14212,0.01950,0.02544,0.03107,0.05602,0.02000,0.01624,0.01344,0.01672,0.01502,0.01099,0.00951,0.02084
0.20874,0.02337,0.16897,0.16655,0.11845,0.03536,0.02549,0.03260,0.02424,0.03234,0.03661,0.01768,0.01895,0.01499,0.01857,0.01232,0.00786,0.00995,0.00837,0.01858
0.22450,0.02664,0.12623,0.20064,0.11074,0.03691,0.02045,0.02360,0.03618,0.02539,0.01890,0.01078,0.02624,0.02338,0.01444,0.00722,0.01343,0.01139,0.00508,0.03787
0.25070,0.07431,0.02345,0.19632,0.02570,0.05442,0.04646,0.05440,0.04841,0.04719,0.02397,0.01226,0.01891,0.02987,0.01295,0.02675,0.01217,0.01740,0.01568,0.00867
0.06563,0.05247,0.04865,0.06194,0.02552,0.01443,0.02371,0.03847,0.01309,0.01264,0.27668,0.19876,0.03345,0.03076,0.01339,0.01216,0.03143,0.01589,0.01579,0.01512
0.15353,0.04158,0.07441,0.14265,0.04453,0.03013,0.02772,0.05905,0.04336,0.03053,0.02488,0.04230,0.05403,0.06247,0.02853,0.02072,0.02630,0.07301,0.00775,0.01252
0.19782,0.05187,0.09686,0.14468,0.07949,0.02547,0.02676,0.02668,0.03742,0.02528,0.09786,0.03521,0.02867,0.01294,0.02860,0.02406,0.01633,0.01290,0.00675,0.02436
0.33015,0.02235,0.03120,0.27299,0.03115,0.02211,0.01740,0.01180,0.03166,0.02696,0.02428,0.01019,0.02908,0.04352,0.01742,0.01277,0.01574,0.02631,0.00931,0.01361
0.20208,0.04334,0.07607,0.16830,0.05509,0.03044,0.02496,0.04650,0.05258,0.03225,0.04878,0.04445,0.03263,0.02490,0.02679,0.02425,0.01579,0.01423,0.01601,0.02056
0.13501,0.03561,0.13392,0.13160,0.10459,0.03835,0.03846,0.03355,0.02803,0.03707,0.01184,0.02260,0.03036,0.04898,0.05187,0.02154,0.03413,0.01060,0.02417,0.02774
0.09873,0.04789,0.07740,0.09018,0.05488,0.03266,0.02640,0.05241,0.04375,0.02215,0.17635,0.12550,0.01799,0.02282,0.01981,0.02000,0.01682,0.02131,0.01114,0.02180
0.30055,0.02104,0.06725,0.24381,0.04438,0.02846,0.02084,0.03164,0.01651,0.02345,0.01687,0.00876,0.02917,0.04798,0.01589,0.01154,0.01959,0.04421,0.00203,0.00602
0.11794,0.01891,0.05358,0.11532,0.03495,0.01692,0.02133,0.01776,0.01798,0.01042,0.27236,0.20566,0.01982,0.01081,0.01857,0.00736,0.00409,0.00756,0.01228,0.01637
0.38697,0.01459,0.02197,0.33607,0.02394,0.01554,0.01569,0.02206,0.01836,0.01384,0.02049,0.01392,0.01556,0.02051,0.01264,0.01206,0.00872,0.01386,0.00623,0.00699
0.32322,0.02004,0.03923,0.26014,0.07400,0.02778,0.02390,0.02675,0.02951,0.01428,0.02086,0.01563,0.02719,0.02867,0.01401,0.01564,0.01390,0.01095,0.00655,0.00775
0.09495,0.03464,0.18754,0.08530,0.12381,0.03897,0.01427,0.03988,0.01989,0.02496,0.01429,0.01750,0.01750,0.11263,0.01287,0.00964,0.01346,0.10857,0.01455,0.01480
0.23348,0.01272,0.17374,0.18715,0.08374,0.02738,0.01140,0.10138,0.01628,0.01250,0.01864,0.01317,0.03002,0.02602,0.00773,0.00710,0.00667,0.01368,0.00596,0.01124
0.01141,0.01054,0.01973,0.01047,0.03688,0.00827,0.00827,0.01409,0.00577,0.00903,0.01480,0.00904,0.01182,0.38254,0.00881,0.01686,0.00466,0.40560,0.00733,0.00410
0.35844,0.01661,0.03719,0.29108,0.02424,0.03393,0.02765,0.02946,0.02819,0.01084,0.02816,0.02869,0.00492,0.00819,0.01528,0.01766,0.00772,0.00533,0.01056,0.01587
0.26424,0.03908,0.07329,0.20574,0.06321,0.02840,0.02052,0.03279,0.02574,0.02745,0.02430,0.02329,0.03636,0.01403,0.01984,0.01995,0.02427,0.02605,0.00688,0.02456
0.12029,0.03931,0.02661,0.19463,0.06570,0.06523,0.06145,0.05332,0.03441,0.01412,0.07814,0.06692,0.02028,0.02757,0.02380,0.03108,0.02142,0.00937,0.01027,0.03609
0.23612,0.03672,0.04261,0.19622,0.06544,0.03474,0.03166,0.02016,0.05389,0.03607,0.02258,0.03158,0.04093,0.03085,0.01927,0.01277,0.01934,0.04151,0.01049,0.01707
0.22972,0.05327,0.02834,0.18023,0.01754,0.02261,0.02669,0.03516,0.04163,0.03204,0.04875,0.04139,0.02038,0.05471,0.02546,0.01468,0.01477,0.06001,0.00795,0.04467
0.04594,0.01510,0.05495,0.04586,0.04588,0.02615,0.01344,0.03251,0.02908,0.02570,0.01615,0.00553,0.03699,0.24675,0.02826,0.00716,0.01373,0.28388,0.01177,0.01516
0.30784,0.03205,0.01903,0.26389,0.06357,0.01315,0.02799,0.01383,0.04487,0.01611,0.03160,0.03433,0.03281,0.01921,0.01911,0.01437,0.00389,0.01127,0.01403,0.01703
0.04674,0.04067,0.04335,0.04923,0.03851,0.04132,0.02942,0.04324,0.03204,0.02386,0.15548,0.12145,0.06139,0.07344,0.02587,0.01703,0.03162,0.07912,0.00999,0.03623
0.14426,0.07164,0.09405,0.10136,0.07519,0.04527,0.04184,0.04654,0.02561,0.02887,0.08736,0.04284,0.02677,0.03176,0.03480,0.02825,0.02322,0.01319,0.01430,0.02287
0.06934,0.02993,0.04066,0.06439,0.04591,0.02856,0.03199,0.03206,0.02536,0.02536,0.02423,0.01383,0.02409,0.21021,0.01754,0.01756,0.01851,0.25648,0.01183,0.01218
0.39859,0.02154,0.02085,0.33938,0.01267,0.01473,0.01340,0.02032,0.01756,0.02282,0.01178,0.01352,0.02041,0.01447,0.00829,0.01031,0.00762,0.00613,0.00666,0.01894
0.22381,0.03291,0.03249,0.18138,0.02162,0.03224,0.02634,0.04466,0.02490,0.02535,0.08926,0.06661,0.03126,0.03580,0.02329,0.02590,0.01415,0.03518,0.00908,0.02378
0.23216,0.03016,0.14148,0.17616,0.10602,0.02697,0.02098,0.02904,0.02575,0.01656,0.06338,0.02230,0.02161,0.02061,0.01548,0.00593,0.01870,0.00908,0.00637,0.01127
0.21797,0.02886,0.04109,0.19465,0.06013,0.03502,0.02522,0.02144,0.02379,0.02470,0.05216,0.07142,0.01868,0.03099,0.01446,0.02334,0.03375,0.03064,0.00565,0.04605
0.20335,0.03019,0.04779,0.16307,0.03462,0.03178,0.03517,0.02147,0.03048,0.03080,0.13659,0.09700,0.01857,0.02055,0.01958,0.01570,0.01773,0.01110,0.01021,0.02428
0.24581,0.02977,0.04724,0.21052,0.03864,0.03711,0.02435,0.02434,0.03612,0.02126,0.02806,0.02834,0.03207,0.05708,0.01767,0.01652,0.01595,0.06397,0.00875,0.01643
0.31995,0.03564,0.02308,0.28575,0.03681,0.01918,0.02259,0.01702,0.03126,0.02215,0.03060,0.02823,0.01969,0.03422,0.01051,0.00946,0.01316,0.01542,0.01046,0.01482
0.15773,0.02751,0.09404,0.12471,0.07881,0.02861,0.01802,0.04198,0.02669,0.02122,0.12912,0.11106,0.01153,0.02378,0.01254,0.02494,0.01197,0.01910,0.01152,0.02514
0.17211,0.03959,0.05723,0.12624,0.05501,0.05889,0.02763,0.02108,0.05486,0.05090,0.10641,0.04298,0.02862,0.01297,0.01271,0.02052,0.04195,0.02467,0.00614,0.03947
0.29840,0.03867,0.02971,0.25414,0.01943,0.02213,0.01765,0.03353,0.03568,0.01528,0.03680,0.01648,0.02046,0.04283,0.02279,0.02029,0.01067,0.03769,0.01257,0.01479
0.05895,0.01816,0.04010,0.06618,0.01903,0.02533,0.02119,0.03146,0.03832,0.02862,0.24359,0.21632,0.03265,0.02522,0.02231,0.02095,0.01239,0.01151,0.01955,0.04817
0.22779,0.05909,0.04162,0.16771,0.02369,0.03226,0.02907,0.05202,0.03313,0.03567,0.03702,0.03133,0.02961,0.03931,0.04301,0.01428,0.02991,0.03087,0.01386,0.02872
0.24966,0.01947,0.11377,0.21033,0.07528,0.03166,0.02876,0.02767,0.01611,0.01489,0.02804,0.02595,0.01330,0.02518,0.01910,0.02281,0.02434,0.00669,0.01367,0.03333
0.31687,0.03094,0.02335,0.25528,0.04291,0.02526,0.02813,0.01747,0.03601,0.01527,0.04194,0.04507,0.01192,0.03108,0.01306,0.01437,0.01358,0.01296,0.00985,0.01468
0.38741,0.01867,0.03933,0.32047,0.02356,0.01407,0.01469,0.01288,0.01444,0.01010,0.04100,0.01053,0.01857,0.00968,0.01437,0.01328,0.01164,0.00867,0.00334,0.01331
0.21088,0.03881,0.14608,0.17394,0.06753,0.02231,0.02003,0.08474,0.03707,0.01812,0.02750,0.01972,0.02347,0.01959,0.03011,0.00994,0.01830,0.00688,0.00519,0.01978
0.19913,0.04909,0.07431,0.14546,0.04831,0.03534,0.02536,0.04373,0.03438,0.02689,0.06412,0.04367,0.03083,0.02959,0.05237,0.02458,0.02074,0.02039,0.01207,0.01962
0.30768,0.01470,0.06501,0.24579,0.05582,0.02141,0.02428,0.04247,0.03087,0.01786,0.02998,0.02025,0.01926,0.02587,0.02346,0.00923,0.01175,0.00850,0.00974,0.01607
0.24936,0.02199,0.04581,0.19532,0.04534,0.03254,0.01824,0.01767,0.02331,0.02925,0.11687,0.06008,0.02294,0.01411,0.01506,0.02077,0.02385,0.01549,0.00848,0.02353
0.29654,0.02239,0.09059,0.26346,0.06833,0.02810,0.01888,0.01790,0.01418,0.01568,0.02578,0.01665,0.01352,0.02351,0.01224,0.01927,0.01107,0.01428,0.00549,0.02213
0.10307,0.05936,0.18340,0.09565,0.11277,0.02893,0.03592,0.03191,0.04679,0.02159,0.05904,0.01326,0.04045,0.03142,0.02596,0.02178,0.03303,0.01741,0.01390,0.02434
0.04450,0.04217,0.23780,0.02525,0.18242,0.03943,0.04043,0.05872,0.02781,0.03116,0.05784,0.04680,0.01437,0.01815,0.02235,0.02713,0.02296,0.01931,0.01682,0.02459
0.33759,0.02107,0.02817,0.30772,0.03513,0.01324,0.02568,0.01784,0.02118,0.02271,0.02082,0.02765,0.00865,0.01237,0.02412,0.01232,0.01419,0.01447,0.01416,0.02092
0.21548,0.04451,0.05419,0.19740,0.05933,0.04329,0.02510,0.02477,0.02360,0.03074,0.08451,0.04600,0.04626,0.01507,0.01748,0.01190,0.01700,0.00740,0.00855,0.02741
0.14595,0.04980,0.10105,0.12542,0.06591,0.03986,0.04005,0.07342,0.04192,0.04419,0.06838,0.05620,0.02903,0.02816,0.01195,0.01402,0.01722,0.01946,0.00962,0.01837
0.22833,0.02837,0.05370,0.17788,0.04261,0.02817,0.03541,0.03620,0.02915,0.03224,0.03560,0.02590,0.03738,0.04828,0.04431,0.02708,0.02220,0.02635,0.01647,0.02436
0.30885,0.03039,0.05086,0.24381,0.04426,0.03402,0.01368,0.02853,0.02431,0.03847,0.02727,0.01125,0.02241,0.03321,0.01109,0.01015,0.01723,0.02626,0.00488,0.01908
0.07481,0.03622,0.17952,0.05946,0.10888,0.03401,0.01989,0.04761,0.04956,0.06969,0.04330,0.02879,0.04544,0.03437,0.02032,0.03016,0.02077,0.07533,0.00808,0.01378
0.23647,0.04042,0.10161,0.16110,0.07904,0.04452,0.03642,0.04031,0.02471,0.01988,0.04947,0.01845,0.02713,0.02734,0.02537,0.01551,0.01432,0.01744,0.00860,0.01189
0.20345,0.04556,0.16698,0.16553,0.10823,0.02848,0.01276,0.04100,0.01258,0.02049,0.03526,0.01963,0.02448,0.02187,0.01691,0.01008,0.02221,0.02789,0.00426,0.01235
0.07233,0.04345,0.06219,0.04780,0.05493,0.04438,0.03779,0.08688,0.02849,0.04202,0.05144,0.04441,0.05294,0.09931,0.03784,0.02391,0.02081,0.10931,0.01828,0.02148
0.17962,0.03154,0.07552,0.14174,0.05771,0.03642,0.02416,0.03919,0.04228,0.04540,0.01382,0.01235,0.02173,0.08613,0.02511,0.01494,0.01879,0.10328,0.01240,0.01788
0.03005,0.02248,0.03107,0.02834,0.02140,0.02463,0.03224,0.06445,0.04366,0.03293,0.01422,0.02117,0.01022,0.19913,0.03337,0.06387,0.02193,0.22638,0.03557,0.04289
0.25902,0.03781,0.11423,0.19740,0.07458,0.03334,0.01740,0.03368,0.03228,0.03905,0.02054,0.01576,0.01976,0.02282,0.01645,0.01915,0.00935,0.01372,0.00960,0.01407
0.18728,0.03311,0.14384,0.15743,0.03434,0.05503,0.02941,0.08068,0.02867,0.04561,0.03106,0.01489,0.01935,0.02820,0.03490,0.02062,0.01524,0.01380,0.00570,0.02085
0.09043,0.02469,0.28374,0.08315,0.04597,0.02788,0.02058,0.19594,0.05334,0.01667,0.03071,0.01132,0.01707,0.01463,0.01396,0.01541,0.02167,0.01497,0.00818,0.00969
0.24704,0.01166,0.04944,0.19298,0.05255,0.03056,0.04107,0.01984,0.05687,0.02272,0.07531,0.02321,0.02129,0.01559,0.02230,0.01749,0.05114,0.00774,0.01095,0.03025
0.30189,0.02902,0.04251,0.25925,0.04661,0.02586,0.03730,0.03625,0.02385,0.01852,0.01337,0.01217,0.01166,0.02963,0.01429,0.02259,0.01723,0.01603,0.00456,0.03742
0.12395,0.02680,0.05080,0.10376,0.05426,0.02791,0.01641,0.03180,0.02276,0.02931,0.03222,0.01039,0.02858,0.14544,0.02467,0.01845,0.01941,0.20088,0.01395,0.01823
0.21168,0.02299,0.03351,0.16685,0.03893,0.02204,0.03343,0.01944,0.05751,0.01639,0.12916,0.09248,0.03026,0.02646,0.02047,0.01006,0.01949,0.02114,0.01458,0.01312
0.05439,0.02777,0.06133,0.03852,0.03246,0.04200,0.01602,0.03703,0.04705,0.04487,0.24397,0.20974,0.01967,0.01687,0.01858,0.01842,0.00953,0.01468,0.01861,0.02849
0.10784,0.03059,0.20016,0.09431,0.15166,0.04551,0.01173,0.05077,0.02672,0.05358,0.03521,0.02953,0.02893,0.02511,0.02064,0.02229,0.01410,0.00860,0.01031,0.03241
0.06087,0.01585,0.06542,0.04389,0.05078,0.02621,0.02683,0.04028,0.04635,0.04305,0.02375,0.01390,0.01669,0.20172,0.01817,0.01829,0.01176,0.23588,0.00701,0.03330
0.14811,0.02694,0.04729,0.11964,0.04865,0.03323,0.03041,0.04937,0.07785,0.05576,0.03150,0.02947,0.03110,0.05013,0.03245,0.01528,0.00938,0.06269,0.04293,0.05781
0.05950,0.03020,0.25187,0.07150,0.18822,0.02787,0.01663,0.00802,0.04449,0.03216,0.05638,0.03167,0.03527,0.01636,0.01750,0.02208,0.01494,0.01145,0.01105,0.05284
0.23913,0.03827,0.05752,0.19863,0.04255,0.03008,0.02713,0.03014,0.02092,0.02340,0.04729,0.04588,0.02794,0.01867,0.02812,0.03479,0.01924,0.01264,0.01118,0.04648
0.13980,0.03640,0.14367,0.12097,0.12092,0.03542,0.02983,0.07934,0.03371,0.03432,0.02634,0.02093,0.02063,0.02824,0.01240,0.03224,0.01050,0.02248,0.02557,0.02628
0.32204,0.02424,0.02769,0.26113,0.01470,0.02183,0.03489,0.02781,0.02821,0.02477,0.04669,0.02312,0.02107,0.02898,0.02476,0.00758,0.02466,0.01296,0.00566,0.01721
0.14811,0.03224,0.06513,0.11773,0.08402,0.04601,0.04488,0.06581,0.04591,0.04528,0.02508,0.02349,0.01788,0.05406,0.03781,0.02497,0.02407,0.04137,0.01056,0.04558
0.20861,0.02654,0.08716,0.15608,0.09644,0.03226,0.03168,0.03382,0.03198,0.02571,0.03282,0.01041,0.02113,0.06180,0.01320,0.01360,0.01291,0.08596,0.00821,0.00968
0.30901,0.02848,0.02999,0.26697,0.01881,0.03172,0.02553,0.01560,0.03356,0.02246,0.02171,0.02548,0.02226,0.04200,0.02015,0.02549,0.01081,0.02726,0.00953,0.01319
0.05363,0.04014,0.30229,0.03342,0.07570,0.02414,0.01662,0.20644,0.03062,0.01572,0.03174,0.02388,0.01191,0.02715,0.00471,0.01861,0.02553,0.03151,0.01030,0.01594
0.11170,0.02853,0.22719,0.08129,0.04650,0.03961,0.03280,0.14331,0.03050,0.02777,0.03740,0.02619,0.03800,0.02916,0.01914,0.01214,0.02494,0.01491,0.00907,0.01984
0.10082,0.03155,0.04858,0.07889,0.05963,0.03358,0.02979,0.04735,0.06452,0.03747,0.02613,0.01774,0.02059,0.14566,0.02883,0.02281,0.01310,0.16060,0.01178,0.02056
0.05846,0.01571,0.02863,0.04855,0.04093,0.01947,0.01329,0.03498,0.03245,0.02163,0.01934,0.01220,0.01575,0.26785,0.02402,0.01603,0.00722,0.29522,0.00971,0.01857
0.22204,0.01596,0.13792,0.19261,0.09397,0.03718,0.02036,0.02278,0.02936,0.01450,0.03380,0.00692,0.02651,0.02315,0.01868,0.02500,0.02409,0.02852,0.00772,0.01893
0.07171,0.03494,0.21042,0.07851,0.08126,0.02442,0.01503,0.14861,0.02348,0.02314,0.04980,0.05135,0.02942,0.03701,0.02823,0.02088,0.01368,0.02976,0.00986,0.01848
