0.33402,0.01811,0.01549,0.33009,0.01765,0.02850,0.03811,0.01372,0.02503,0.01846,0.01656,0.02075,0.01274,0.01744,0.02389,0.02117,0.01264,0.01187,0.01024,0.01351
0.03750,0.18115,0.02382,0.04330,0.11689,0.19120,0.03686,0.10117,0.02022,0.01697,0.02708,0.03907,0.02506,0.02278,0.01692,0.02573,0.01942,0.01897,0.01294,0.02294
0.13218,0.05455,0.02478,0.13790,0.06356,0.02656,0.02301,0.06046,0.04351,0.04899,0.03786,0.05718,0.04835,0.04809,0.03848,0.01958,0.03740,0.01694,0.01974,0.06089
0.03937,0.07416,0.04180,0.06133,0.08192,0.05563,0.20852,0.08695,0.02999,0.03032,0.04562,0.03180,0.02584,0.01734,0.02958,0.04247,0.02834,0.02116,0.01348,0.03440
0.06510,0.03232,0.04598,0.06298,0.15845,0.04025,0.03684,0.06325,0.03552,0.03517,0.07003,0.02302,0.11827,0.03776,0.02251,0.02199,0.02407,0.02699,0.01983,0.05966
0.08114,0.00870,0.01308,0.06018,0.36313,0.00814,0.00599,0.36378,0.01086,0.00866,0.00869,0.01333,0.00617,0.00711,0.00725,0.00480,0.00887,0.00454,0.00706,0.00850
0.17896,0.04717,0.02898,0.16735,0.12246,0.01714,0.03701,0.10812,0.03619,0.04024,0.04165,0.02960,0.01168,0.01965,0.03318,0.01711,0.01246,0.01895,0.00802,0.02409
0.06564,0.01946,0.03423,0.06683,0.17386,0.05850,0.03633,0.17227,0.03455,0.05503,0.05245,0.03448,0.01971,0.03176,0.03010,0.02192,0.02747,0.01902,0.01745,0.02894
0.04140,0.07722,0.04371,0.05653,0.06856,0.06186,0.10897,0.08162,0.02897,0.03549,0.03606,0.03275,0.03664,0.04183,0.04042,0.07344,0.02755,0.02060,0.01880,0.06758
0.05834,0.02932,0.03037,0.04008,0.05343,0.02427,0.35842,0.03184,0.02750,0.02000,0.04382,0.03605,0.04264,0.03201,0.02417,0.02821,0.02817,0.01945,0.02100,0.05093
0.31068,0.02397,0.02043,0.29844,0.02143,0.04165,0.03273,0.01779,0.02145,0.01312,0.02422,0.02684,0.00997,0.02490,0.02134,0.01870,0.02945,0.01195,0.01618,0.01477
0.03486,0.12981,0.03674,0.03431,0.11175,0.02900,0.09115,0.12236,0.03323,0.03926,0.02157,0.02625,0.06730,0.02751,0.03053,0.02197,0.02521,0.02827,0.01523,0.07367
0.03392,0.04842,0.03666,0.03095,0.15518,0.16529,0.02044,0.16019,0.14347,0.02774,0.03759,0.02724,0.01039,0.01769,0.01681,0.01551,0.01251,0.01063,0.01206,0.01732
0.03032,0.20361,0.02805,0.02192,0.02252,0.20494,0.14355,0.01109,0.01575,0.07064,0.02026,0.02353,0.02051,0.01242,0.07553,0.04233,0.01477,0.00705,0.01388,0.01731
0.02516,0.03209,0.03611,0.02613,0.17318,0.04221,0.11453,0.04424,0.03300,0.05997,0.04596,0.03005,0.13459,0.03248,0.04450,0.03657,0.01670,0.01973,0.01342,0.03937
0.07847,0.05477,0.04102,0.06067,0.03882,0.03321,0.18810,0.03385,0.04349,0.06519,0.04311,0.04771,0.03576,0.03213,0.07989,0.03154,0.02515,0.02386,0.01489,0.02839
0.09302,0.17909,0.05301,0.07261,0.04486,0.04540,0.01722,0.19109,0.03662,0.03600,0.03327,0.02770,0.02877,0.01469,0.02521,0.01522,0.01752,0.00891,0.01030,0.04947
0.23853,0.01605,0.02189,0.23177,0.07862,0.04491,0.03912,0.02860,0.06049,0.01351,0.03641,0.01843,0.07415,0.01877,0.01376,0.01293,0.01065,0.01040,0.01180,0.01920
0.05017,0.03056,0.03140,0.04618,0.22846,0.02646,0.05537,0.03626,0.02671,0.02256,0.03301,0.03122,0.20945,0.02775,0.02044,0.02236,0.01925,0.02446,0.01970,0.03822
0.04744,0.06129,0.06415,0.03159,0.04162,0.08751,0.12650,0.05118,0.04895,0.03723,0.03426,0.05466,0.02655,0.02927,0.03859,0.09212,0.05270,0.01966,0.01294,0.04178
0.03130,0.02970,0.04343,0.02279,0.20706,0.07569,0.04060,0.20145,0.05793,0.03515,0.02178,0.03739,0.04447,0.02998,0.02252,0.02460,0.01491,0.02149,0.01718,0.02058
0.06269,0.03321,0.06570,0.05598,0.15450,0.03413,0.06813,0.05959,0.02676,0.02830,0.08884,0.02569,0.10934,0.03543,0.02502,0.01907,0.02884,0.02394,0.01520,0.03962
0.07883,0.02436,0.05213,0.09485,0.06599,0.04082,0.08945,0.02438,0.04714,0.07104,0.06089,0.03435,0.08651,0.05418,0.04164,0.05978,0.01603,0.01648,0.01143,0.02972
0.11735,0.03351,0.06177,0.08929,0.03957,0.03834,0.17156,0.03326,0.04081,0.02854,0.05962,0.03990,0.01725,0.03501,0.02643,0.05189,0.02447,0.02768,0.02445,0.03931
0.08325,0.02661,0.03469,0.06568,0.07334,0.01865,0.21634,0.08571,0.03877,0.02910,0.08387,0.03057,0.01687,0.03128,0.04929,0.02301,0.02768,0.02029,0.01233,0.03267
0.09071,0.03548,0.06650,0.09689,0.03769,0.04570,0.03529,0.03334,0.04072,0.13936,0.05232,0.05089,0.03218,0.02051,0.11776,0.03050,0.01837,0.01882,0.01322,0.02376
0.03690,0.17679,0.05181,0.04104,0.02312,0.15640,0.05574,0.02668,0.01714,0.12012,0.02672,0.02680,0.04346,0.01120,0.11219,0.01902,0.01522,0.00983,0.01012,0.01969
0.05041,0.02198,0.03215,0.04052,0.03375,0.01198,0.38742,0.02678,0.03839,0.03907,0.03819,0.03118,0.01986,0.04548,0.05319,0.02785,0.02597,0.02909,0.01779,0.02896
0.02702,0.02903,0.04354,0.03167,0.02504,0.03449,0.05873,0.02056,0.02816,0.27595,0.02259,0.02787,0.02031,0.01739,0.26205,0.02425,0.01052,0.01407,0.00852,0.01823
0.08341,0.07998,0.05017,0.07429,0.03357,0.03299,0.17025,0.07076,0.04193,0.03984,0.06910,0.02881,0.02181,0.02106,0.05556,0.01743,0.01512,0.04538,0.01567,0.03286
0.20514,0.05790,0.04305,0.20110,0.04161,0.03501,0.02841,0.05833,0.03340,0.03213,0.04852,0.03218,0.02029,0.01564,0.02681,0.02471,0.02218,0.01960,0.01563,0.03835
0.04839,0.11539,0.05183,0.04864,0.07965,0.09167,0.06450,0.09608,0.02555,0.03993,0.04036,0.03742,0.04208,0.02368,0.02960,0.03682,0.03813,0.02383,0.01948,0.04698
0.07401,0.02449,0.04315,0.02387,0.12877,0.12207,0.02122,0.06536,0.15020,0.02716,0.02364,0.05446,0.06853,0.05190,0.01486,0.01567,0.01779,0.01489,0.02207,0.03591
0.14651,0.04034,0.05293,0.13203,0.03472,0.02705,0.09195,0.04301,0.03706,0.03034,0.06287,0.02983,0.02509,0.04140,0.03680,0.03328,0.03316,0.04536,0.02366,0.03262
0.03813,0.06387,0.03033,0.02668,0.18743,0.07203,0.08330,0.17786,0.02851,0.02493,0.03583,0.02775,0.03956,0.01746,0.02528,0.02720,0.02154,0.01747,0.02003,0.03482
0.07712,0.02531,0.05664,0.08490,0.03946,0.03402,0.15908,0.02790,0.03229,0.08127,0.03418,0.03467,0.04260,0.02916,0.06358,0.09553,0.01811,0.01956,0.01335,0.03128
0.04101,0.09895,0.03296,0.07040,0.07972,0.09099,0.13456,0.09935,0.02565,0.02723,0.07007,0.04555,0.01840,0.02153,0.02241,0.02943,0.02022,0.01796,0.01512,0.03848
0.02953,0.04227,0.02406,0.03610,0.02570,0.04172,0.14476,0.01909,0.04824,0.05090,0.04733,0.02501,0.02279,0.03098,0.03087,0.05020,0.05540,0.15900,0.08888,0.02719
0.12984,0.05531,0.03251,0.12690,0.08826,0.03095,0.06386,0.09053,0.02507,0.03386,0.06112,0.03484,0.02228,0.02565,0.03213,0.02614,0.03522,0.03745,0.02217,0.02591
0.03206,0.10719,0.04281,0.02801,0.17756,0.11814,0.05671,0.05614,0.02947,0.02397,0.02278,0.03075,0.12159,0.02112,0.03403,0.02850,0.01724,0.01388,0.01091,0.02715
0.10243,0.03103,0.04580,0.09211,0.05591,0.04910,0.19539,0.04384,0.03781,0.04167,0.04723,0.03119,0.02012,0.03552,0.03521,0.03523,0.02261,0.03135,0.01543,0.03101
0.08718,0.01523,0.02196,0.09183,0.05880,0.21364,0.01740,0.03190,0.21076,0.02210,0.04750,0.02268,0.02256,0.03636,0.01103,0.02112,0.01805,0.00931,0.01715,0.02343
0.04916,0.03516,0.05782,0.04334,0.14881,0.01698,0.10006,0.14718,0.01479,0.04426,0.09780,0.02188,0.01266,0.01995,0.02737,0.02225,0.01703,0.05294,0.02274,0.04783
0.11201,0.02902,0.03826,0.09877,0.16714,0.02948,0.05035,0.12038,0.02466,0.03508,0.04686,0.02725,0.05744,0.02572,0.01873,0.03208,0.02166,0.02564,0.01395,0.02549
0.08109,0.14773,0.03071,0.05049,0.05101,0.16253,0.09405,0.03899,0.02559,0.02253,0.02703,0.04970,0.04286,0.02687,0.03226,0.02870,0.03003,0.02011,0.01417,0.02355
0.09324,0.02011,0.08787,0.06219,0.06943,0.03929,0.04123,0.05000,0.06183,0.06866,0.06560,0.04779,0.03958,0.06430,0.04050,0.02353,0.02455,0.02598,0.03927,0.03504
0.12120,0.02882,0.05766,0.11289,0.06880,0.07794,0.05693,0.06447,0.08595,0.02193,0.06383,0.03001,0.03408,0.02929,0.02953,0.02215,0.02089,0.03114,0.01452,0.02797
0.05415,0.03098,0.07040,0.04756,0.12408,0.02046,0.17198,0.10217,0.02607,0.05322,0.05109,0.02565,0.04451,0.02469,0.03848,0.03458,0.01567,0.02404,0.01298,0.02723
0.12225,0.04929,0.03476,0.13472,0.06139,0.06956,0.07400,0.06179,0.04910,0.02484,0.03448,0.05173,0.01850,0.02457,0.02711,0.04297,0.02942,0.02630,0.03131,0.03191
0.13770,0.02550,0.07331,0.10695,0.14519,0.01654,0.04664,0.12213,0.02152,0.02488,0.04176,0.01995,0.06387,0.02545,0.02757,0.02393,0.01656,0.02079,0.01171,0.02804
0.11323,0.04637,0.04415,0.10850,0.13474,0.01720,0.08864,0.12239,0.02507,0.02342,0.05560,0.01543,0.05163,0.01828,0.02548,0.02291,0.01446,0.02894,0.01682,0.02675
0.04125,0.06486,0.02224,0.03257,0.17281,0.10767,0.04658,0.15491,0.02792,0.02281,0.05222,0.02012,0.02616,0.01733,0.01802,0.03796,0.01944,0.03312,0.05027,0.03175
0.08703,0.03281,0.03586,0.10372,0.11484,0.03534,0.06144,0.12388,0.04953,0.04094,0.09499,0.03411,0.02343,0.03294,0.02628,0.02241,0.02275,0.01919,0.01560,0.02290
0.06964,0.04180,0.02455,0.08499,0.22826,0.03285,0.04089,0.21702,0.01609,0.01790,0.02778,0.02344,0.02640,0.01893,0.02348,0.02448,0.02021,0.01415,0.02235,0.02480
0.13885,0.03389,0.02810,0.13689,0.14281,0.03391,0.04198,0.14247,0.04042,0.01642,0.03513,0.02392,0.01971,0.03091,0.02749,0.02092,0.02318,0.01825,0.01297,0.03179
0.04620,0.04948,0.03474,0.03020,0.26013,0.01507,0.06266,0.05914,0.01899,0.04079,0.03154,0.01857,0.21224,0.01583,0.02314,0.01794,0.01549,0.01080,0.00853,0.02852
0.03792,0.03478,0.03133,0.03775,0.12535,0.03801,0.15598,0.02920,0.03897,0.04684,0.04475,0.02342,0.13418,0.02506,0.04015,0.02814,0.02889,0.04539,0.02126,0.03263
0.16870,0.02091,0.03035,0.13432,0.12479,0.02876,0.06100,0.02759,0.02875,0.02906,0.03903,0.04216,0.10571,0.01418,0.04112,0.02097,0.01872,0.01944,0.01780,0.02666
0.06327,0.08565,0.02989,0.06067,0.14744,0.10291,0.01443,0.14594,0.02881,0.02682,0.02315,0.04752,0.01734,0.03229,0.02087,0.04765,0.02533,0.01479,0.03045,0.03478
0.06273,0.02566,0.02628,0.05122,0.21923,0.03365,0.13741,0.02463,0.01815,0.01869,0.02303,0.02176,0.22284,0.00981,0.02106,0.02126,0.01538,0.01781,0.01350,0.01589
0.17682,0.01511,0.02567,0.16356,0.15894,0.03116,0.02209,0.09995,0.03391,0.02453,0.03188,0.01733,0.10277,0.01903,0.01356,0.01273,0.01411,0.00865,0.00877,0.01946
0.11477,0.01629,0.02497,0.09203,0.02347,0.02137,0.38603,0.01677,0.01961,0.04076,0.02225,0.02341,0.03352,0.01294,0.08183,0.02213,0.01467,0.01158,0.00844,0.01314
0.07057,0.03431,0.05042,0.04858,0.05587,0.06961,0.04718,0.03828,0.05321,0.07640,0.04770,0.06231,0.02319,0.08161,0.05520,0.08736,0.02112,0.02084,0.02461,0.03161
0.06381,0.02405,0.03966,0.04058,0.25912,0.03247,0.02163,0.21759,0.03718,0.01410,0.02741,0.02288,0.07208,0.01925,0.01600,0.01759,0.01829,0.01663,0.01399,0.02570
0.05650,0.06929,0.02946,0.05800,0.14263,0.08974,0.05778,0.06129,0.04312,0.03596,0.02572,0.04922,0.10906,0.02146,0.03340,0.02894,0.02228,0.01586,0.01716,0.03312
0.05758,0.04283,0.09465,0.02700,0.09128,0.04675,0.11572,0.04323,0.02037,0.08032,0.02858,0.04028,0.06591,0.02916,0.07002,0.03953,0.02684,0.02642,0.01501,0.03849
0.03394,0.03596,0.02661,0.02830,0.17868,0.08458,0.03134,0.13487,0.07754,0.03790,0.02823,0.05476,0.05842,0.02708,0.02042,0.02607,0.02297,0.02013,0.01350,0.05868
0.03880,0.05810,0.03297,0.07113,0.22007,0.03194,0.04057,0.20366,0.02764,0.04155,0.04114,0.02602,0.02278,0.01762,0.02952,0.01817,0.01570,0.01470,0.01872,0.02920
0.26760,0.01178,0.04598,0.25047,0.07276,0.02145,0.01965,0.02063,0.02812,0.02116,0.03165,0.02101,0.06922,0.02128,0.02138,0.01785,0.01229,0.01422,0.01096,0.02052
0.11313,0.04355,0.02772,0.10738,0.15046,0.02837,0.03278,0.09679,0.03623,0.01644,0.06132,0.03408,0.05636,0.03750,0.02266,0.03720,0.02338,0.02241,0.01721,0.03504
0.04428,0.08107,0.04271,0.04021,0.03779,0.18904,0.06555,0.04051,0.10750,0.04227,0.03845,0.05181,0.02493,0.03711,0.04428,0.02287,0.01931,0.01997,0.02423,0.02610
0.10689,0.01913,0.01858,0.08618,0.29878,0.01613,0.01191,0.29086,0.01838,0.00899,0.01376,0.01784,0.00889,0.01024,0.01458,0.00694,0.01153,0.00975,0.01219,0.01844
0.12604,0.04380,0.04549,0.13377,0.03826,0.02623,0.17026,0.03115,0.02446,0.02583,0.06588,0.03786,0.02698,0.02390,0.03746,0.03566,0.02595,0.02703,0.01991,0.03407
0.10340,0.08674,0.04597,0.13023,0.08360,0.03820,0.05354,0.09093,0.04317,0.03046,0.05680,0.02641,0.03564,0.02180,0.02089,0.02461,0.02595,0.02406,0.01224,0.04534
0.03910,0.07213,0.04253,0.03566,0.21885,0.05101,0.05967,0.22394,0.02236,0.02991,0.03047,0.02592,0.02266,0.01576,0.02480,0.02576,0.01214,0.01780,0.01224,0.01727
0.18441,0.04372,0.03225,0.19232,0.04237,0.04856,0.04716,0.06055,0.04729,0.02839,0.03491,0.02883,0.01985,0.02346,0.02601,0.03654,0.03425,0.01445,0.01835,0.03633
0.04047,0.01963,0.02197,0.03861,0.29930,0.03267,0.02803,0.01934,0.02939,0.01222,0.02893,0.03257,0.29794,0.01596,0.01072,0.01625,0.01139,0.01406,0.00974,0.02079
0.03733,0.01831,0.02672,0.02067,0.29151,0.02790,0.04502,0.02834,0.02026,0.01727,0.02727,0.03525,0.28361,0.01037,0.02028,0.01571,0.01826,0.01039,0.01209,0.03344
0.05723,0.03955,0.03852,0.04600,0.04204,0.02412,0.32984,0.04818,0.02596,0.02662,0.06918,0.03353,0.03370,0.02450,0.03498,0.02441,0.02397,0.01698,0.01735,0.04333
0.12050,0.02957,0.02910,0.11747,0.03320,0.02143,0.10356,0.04293,0.04836,0.05217,0.06026,0.04105,0.01682,0.05217,0.06739,0.02730,0.04271,0.02448,0.03375,0.03577
0.12268,0.03507,0.05248,0.10382,0.06831,0.05280,0.03827,0.06708,0.03383,0.05120,0.05934,0.04933,0.02388,0.03870,0.02773,0.05101,0.03495,0.02746,0.03099,0.03106
0.04925,0.09373,0.04847,0.03700,0.07175,0.08526,0.06447,0.07213,0.02103,0.03052,0.03848,0.05790,0.02690,0.02355,0.03130,0.06278,0.07816,0.02197,0.02537,0.05999
0.18355,0.05412,0.03160,0.17277,0.06613,0.03562,0.06475,0.06116,0.02849,0.03533,0.03269,0.02990,0.02256,0.02211,0.03396,0.03239,0.02478,0.02003,0.01849,0.02957
0.11176,0.04690,0.03749,0.09249,0.13048,0.03097,0.02639,0.12059,0.03670,0.03917,0.04109,0.04213,0.04606,0.03468,0.04267,0.02160,0.03030,0.01890,0.01511,0.03452
0.10773,0.07378,0.04871,0.11781,0.04866,0.09409,0.05050,0.03098,0.06207,0.03874,0.04644,0.05123,0.02203,0.03978,0.02332,0.03489,0.02617,0.02845,0.02521,0.02942
0.02051,0.06101,0.02150,0.02388,0.24419,0.05674,0.03269,0.24836,0.02438,0.01973,0.03228,0.02666,0.02184,0.01687,0.01219,0.04245,0.02020,0.02370,0.01402,0.03679
0.10288,0.02725,0.03481,0.08104,0.16383,0.04180,0.02808,0.15159,0.03392,0.03503,0.03517,0.04208,0.02368,0.03159,0.04608,0.03721,0.02893,0.01665,0.01637,0.02200
0.19132,0.03347,0.01818,0.18140,0.11949,0.03686,0.04307,0.10291,0.01793,0.02164,0.03230,0.02847,0.03662,0.01409,0.01870,0.02428,0.02256,0.01593,0.01545,0.02533
0.11779,0.08645,0.04222,0.06438,0.04109,0.12999,0.06633,0.02210,0.05161,0.04661,0.02960,0.04775,0.02820,0.03018,0.03542,0.03674,0.02125,0.02094,0.04731,0.03405
0.23399,0.03109,0.02428,0.23080,0.11682,0.02284,0.02127,0.11466,0.02234,0.01392,0.03421,0.01927,0.01150,0.01616,0.01341,0.01479,0.00984,0.01496,0.01024,0.02359
0.12592,0.03543,0.02264,0.12738,0.19775,0.01793,0.03204,0.15481,0.02030,0.02290,0.04595,0.02087,0.05022,0.01952,0.02094,0.02220,0.01341,0.01368,0.01002,0.02608
0.10157,0.12076,0.03780,0.07922,0.07296,0.05967,0.03096,0.10221,0.03295,0.02353,0.02687,0.04954,0.02248,0.03955,0.02412,0.03154,0.02801,0.02304,0.01716,0.07607
0.05510,0.06145,0.06602,0.06393,0.04154,0.06474,0.10117,0.04889,0.03574,0.12818,0.04893,0.03277,0.03141,0.03260,0.05261,0.02796,0.02776,0.02855,0.01856,0.03207
0.10002,0.03442,0.02931,0.08339,0.16085,0.06955,0.01917,0.11261,0.06719,0.02421,0.01850,0.04945,0.06388,0.02886,0.02051,0.02464,0.02753,0.01834,0.02232,0.02526
0.05153,0.03963,0.04168,0.02590,0.16889,0.05281,0.18954,0.02354,0.02386,0.03421,0.02837,0.02905,0.13984,0.01865,0.03669,0.02737,0.01956,0.01023,0.01108,0.02756
0.04907,0.01258,0.02167,0.03942,0.02267,0.01462,0.01208,0.02327,0.05434,0.02019,0.08340,0.02150,0.01578,0.19236,0.12078,0.02128,0.13037,0.01785,0.11324,0.01355
0.04362,0.03055,0.03214,0.06117,0.16825,0.02961,0.07379,0.16187,0.02823,0.06119,0.04098,0.03274,0.03122,0.02797,0.05843,0.02549,0.01879,0.02113,0.02123,0.03159
0.09304,0.01573,0.02651,0.07882,0.12904,0.03469,0.20044,0.02156,0.04496,0.02072,0.02955,0.02615,0.12677,0.03979,0.02818,0.02362,0.01429,0.01375,0.01257,0.01982
0.18645,0.13453,0.02270,0.19052,0.03234,0.14752,0.01629,0.01975,0.02696,0.02550,0.02273,0.03248,0.01514,0.01924,0.01722,0.02159,0.01867,0.01325,0.01718,0.01996
0.13544,0.03291,0.04057,0.13612,0.10109,0.05475,0.02667,0.08226,0.03890,0.03587,0.03088,0.02703,0.04436,0.02708,0.02893,0.03632,0.02724,0.02743,0.02992,0.03622
0.04493,0.02520,0.12913,0.02139,0.06823,0.02612,0.12656,0.04162,0.03660,0.09986,0.06395,0.02913,0.05030,0.05586,0.04374,0.01241,0.02767,0.04300,0.02157,0.03272
0.08382,0.04521,0.03708,0.12313,0.02651,0.05809,0.11611,0.02399,0.02171,0.09798,0.07876,0.04666,0.01533,0.04065,0.05427,0.03602,0.03230,0.01608,0.02226,0.02403
0.11093,0.01355,0.05604,0.08658,0.14516,0.02003,0.06138,0.03710,0.03761,0.03676,0.04050,0.02664,0.13358,0.03833,0.04686,0.02060,0.02175,0.01708,0.01918,0.03032
0.22473,0.02494,0.03688,0.21493,0.06946,0.02097,0.04835,0.03097,0.02882,0.03077,0.02832,0.02317,0.06541,0.02888,0.03314,0.01913,0.01400,0.02059,0.01385,0.02269
0.07139,0.03548,0.03143,0.03732,0.14976,0.03341,0.11047,0.13324,0.01938,0.01492,0.03215,0.03903,0.05574,0.02233,0.02602,0.06702,0.01969,0.02355,0.01833,0.05933
0.08844,0.05491,0.03739,0.08959,0.08023,0.04359,0.14990,0.05769,0.02326,0.04364,0.03857,0.02674,0.05576,0.01879,0.04714,0.03410,0.03893,0.01775,0.01592,0.03766
0.03121,0.11274,0.07346,0.02616,0.09416,0.01154,0.08987,0.14803,0.02739,0.03088,0.06263,0.02503,0.02398,0.02651,0.03050,0.01887,0.01750,0.07169,0.01912,0.05874
0.16834,0.03588,0.04006,0.15720,0.09598,0.02477,0.07402,0.05423,0.02732,0.02073,0.03354,0.02790,0.08435,0.02143,0.02690,0.02542,0.01692,0.01657,0.01256,0.03588
0.03813,0.12224,0.04357,0.05115,0.05865,0.08654,0.10680,0.04990,0.05641,0.04109,0.03608,0.03478,0.04979,0.03324,0.03005,0.02638,0.02937,0.03694,0.02489,0.04401
0.10152,0.03365,0.04450,0.14165,0.04767,0.03132,0.03800,0.05383,0.02846,0.07452,0.09765,0.06205,0.02081,0.03685,0.05253,0.02668,0.02666,0.01739,0.02481,0.03946
0.02313,0.08648,0.02886,0.02372,0.20567,0.05967,0.08277,0.06550,0.02097,0.02444,0.02169,0.02960,0.18630,0.02188,0.02143,0.02818,0.02520,0.01193,0.00926,0.02333
0.08484,0.03519,0.02632,0.06971,0.02297,0.07912,0.26030,0.01120,0.03209,0.03071,0.04314,0.03459,0.03008,0.02080,0.02511,0.03173,0.03489,0.05693,0.04474,0.02555
0.15987,0.08662,0.03575,0.16642,0.03774,0.05846,0.03372,0.06516,0.02659,0.03868,0.04819,0.03963,0.02008,0.01964,0.02921,0.03015,0.02711,0.01364,0.01514,0.04817
0.06534,0.04505,0.04339,0.05499,0.19669,0.02534,0.04131,0.05485,0.02995,0.02849,0.02612,0.02451,0.19962,0.03068,0.02571,0.02222,0.01327,0.01856,0.01607,0.03783
0.16275,0.02808,0.04087,0.14439,0.10811,0.02787,0.02635,0.03944,0.02756,0.04193,0.04522,0.02834,0.09237,0.02355,0.04314,0.02755,0.02124,0.01253,0.01183,0.04689
0.12504,0.03726,0.04804,0.08636,0.04045,0.05879,0.18854,0.03230,0.03152,0.02214,0.05129,0.04410,0.01793,0.01900,0.03900,0.05612,0.02266,0.02154,0.02224,0.03568
0.02939,0.03997,0.03307,0.03195,0.14459,0.04582,0.13827,0.13447,0.02684,0.01872,0.04205,0.03548,0.02828,0.03961,0.01891,0.05754,0.03169,0.03146,0.03365,0.03822
0.21511,0.01837,0.03125,0.19530,0.03594,0.01843,0.17044,0.03023,0.01946,0.02449,0.04084,0.02799,0.03490,0.02090,0.03758,0.02534,0.01380,0.01268,0.00924,0.01770
0.07289,0.04120,0.04101,0.07740,0.03072,0.18386,0.01559,0.04496,0.14799,0.05918,0.05605,0.04394,0.02142,0.03158,0.04200,0.01879,0.02357,0.01008,0.01457,0.02320
0.15379,0.03799,0.04188,0.15186,0.09481,0.02018,0.06824,0.08976,0.03297,0.02233,0.03687,0.02913,0.03752,0.02973,0.04255,0.01984,0.01738,0.02475,0.01843,0.02999
0.03735,0.05676,0.04215,0.04064,0.02477,0.27282,0.02059,0.02381,0.22276,0.01838,0.01870,0.04882,0.01097,0.02093,0.01511,0.03441,0.04062,0.01473,0.01926,0.01642
0.05336,0.03701,0.04800,0.06264,0.03455,0.01752,0.32072,0.03854,0.02519,0.06543,0.04768,0.02206,0.02373,0.02729,0.07022,0.01645,0.02327,0.01912,0.01997,0.02724
0.08211,0.03527,0.04515,0.06687,0.04301,0.03155,0.12903,0.03140,0.05654,0.06624,0.07217,0.04838,0.04391,0.03364,0.02962,0.04342,0.02686,0.05526,0.02517,0.03441
0.06019,0.05914,0.05255,0.06301,0.10994,0.07219,0.03793,0.14191,0.05021,0.04305,0.04562,0.03329,0.02093,0.03031,0.02604,0.02821,0.02778,0.02072,0.01972,0.05728
0.12923,0.04125,0.02045,0.12203,0.12690,0.05543,0.05776,0.12762,0.02088,0.02447,0.04841,0.02546,0.03006,0.02518,0.01921,0.03396,0.01855,0.02189,0.02442,0.02684
0.05745,0.01931,0.05361,0.04779,0.05934,0.06265,0.02491,0.04159,0.10257,0.05264,0.04314,0.06025,0.02814,0.13574,0.03925,0.06171,0.02667,0.02717,0.02827,0.02779
0.06414,0.07298,0.02441,0.05412,0.04561,0.02397,0.35072,0.03684,0.02753,0.02483,0.03007,0.01946,0.05346,0.01985,0.06192,0.02337,0.01070,0.01634,0.01119,0.02850
0.05267,0.05416,0.06332,0.04290,0.06205,0.03687,0.10034,0.07566,0.03712,0.11358,0.04997,0.02649,0.03397,0.03715,0.05385,0.02106,0.02818,0.02483,0.01695,0.06889
0.22144,0.05465,0.01930,0.22391,0.05169,0.04391,0.01728,0.04001,0.02164,0.01851,0.03079,0.03597,0.02691,0.02232,0.01801,0.01987,0.05004,0.01528,0.03597,0.03250
0.22241,0.03427,0.02510,0.18557,0.10992,0.03140,0.03391,0.09694,0.02455,0.01458,0.02506,0.02729,0.04520,0.02264,0.02088,0.01656,0.01535,0.01022,0.01190,0.02624
0.17882,0.06066,0.02913,0.16680,0.08417,0.08799,0.01603,0.08549,0.01991,0.02131,0.02666,0.03129,0.01294,0.01815,0.01473,0.02243,0.03443,0.01557,0.04941,0.02411
0.18015,0.03183,0.04835,0.16612,0.10379,0.04816,0.02665,0.10872,0.03997,0.02055,0.03778,0.02821,0.02226,0.01764,0.01617,0.02848,0.01852,0.01598,0.01498,0.02569
0.13646,0.04978,0.03263,0.14350,0.03102,0.04730,0.11844,0.04208,0.02606,0.03760,0.06199,0.02125,0.03426,0.02093,0.02400,0.04066,0.02564,0.03463,0.03019,0.04159
0.12485,0.04093,0.03689,0.12013,0.04860,0.13331,0.04594,0.03838,0.10709,0.02196,0.03311,0.02099,0.03449,0.03735,0.01428,0.04803,0.02021,0.02188,0.02651,0.02506
0.16524,0.02005,0.02404,0.16033,0.11532,0.02609,0.04076,0.11595,0.01943,0.03628,0.08332,0.03784,0.02267,0.02046,0.01703,0.02226,0.01334,0.01733,0.01988,0.02240
0.15613,0.03129,0.02965,0.15200,0.10425,0.02998,0.04550,0.09676,0.02066,0.03361,0.05900,0.03075,0.02768,0.02181,0.03186,0.03400,0.02717,0.01595,0.01953,0.03242
0.10618,0.02678,0.03403,0.02117,0.19757,0.06337,0.02529,0.05359,0.04691,0.01247,0.01736,0.04979,0.12373,0.05660,0.01513,0.02965,0.02131,0.01502,0.03586,0.04818
0.05763,0.02404,0.04793,0.03594,0.12568,0.03093,0.18556,0.03834,0.03831,0.03375,0.04727,0.03831,0.09883,0.02364,0.02834,0.02353,0.02848,0.03076,0.02547,0.03727
0.01394,0.05877,0.02389,0.02343,0.07057,0.08420,0.02227,0.07282,0.03025,0.04047,0.05453,0.02397,0.01153,0.01789,0.01018,0.05416,0.04006,0.20327,0.12221,0.02158
0.08626,0.05502,0.03050,0.08895,0.08842,0.03461,0.09371,0.08452,0.02722,0.01910,0.04397,0.04652,0.04915,0.01972,0.02318,0.05621,0.03252,0.03529,0.02722,0.05790
0.13903,0.03921,0.03728,0.12217,0.09127,0.03150,0.04230,0.11755,0.02426,0.03617,0.04397,0.04792,0.02939,0.02905,0.04771,0.01794,0.03026,0.01618,0.01428,0.04255
0.16891,0.06853,0.03041,0.16672,0.03508,0.04800,0.10113,0.03581,0.03011,0.02649,0.04301,0.01976,0.02380,0.02224,0.02434,0.02909,0.03808,0.02374,0.02276,0.04199
0.15673,0.04316,0.04901,0.15092,0.02987,0.04076,0.17323,0.03924,0.01743,0.03221,0.03214,0.02604,0.02984,0.01275,0.04509,0.04210,0.01863,0.01828,0.01605,0.02652
0.17135,0.04490,0.02651,0.16530,0.04738,0.02556,0.11405,0.05009,0.03114,0.01874,0.03562,0.02285,0.03156,0.02210,0.02818,0.02284,0.02765,0.04478,0.01967,0.04975
0.04402,0.04874,0.02833,0.04777,0.23560,0.02200,0.03348,0.22825,0.02427,0.03337,0.02336,0.02500,0.05410,0.02038,0.02052,0.02469,0.02181,0.01998,0.01684,0.02750
0.01531,0.04811,0.02174,0.01790,0.03500,0.04258,0.08056,0.03366,0.02879,0.24694,0.02395,0.02728,0.02699,0.02321,0.24112,0.01379,0.01469,0.01371,0.01057,0.03410
0.03328,0.05637,0.03827,0.04982,0.13117,0.06973,0.05974,0.12063,0.02762,0.03836,0.05781,0.04557,0.02113,0.03655,0.02843,0.07055,0.02545,0.02412,0.02285,0.04255
0.05771,0.14012,0.03636,0.03900,0.10299,0.12630,0.04090,0.11898,0.03152,0.02108,0.02887,0.04120,0.02684,0.02076,0.02164,0.02094,0.02655,0.02407,0.03417,0.04002
0.06486,0.03372,0.03022,0.03905,0.15313,0.03659,0.08921,0.03521,0.02606,0.02489,0.02184,0.06959,0.16511,0.02122,0.03390,0.03527,0.03446,0.01986,0.02815,0.03766
0.02856,0.03309,0.02297,0.02542,0.17802,0.01711,0.04025,0.14765,0.02798,0.01807,0.02814,0.02990,0.07724,0.04107,0.04786,0.03980,0.04807,0.02051,0.03084,0.09746
0.06619,0.04980,0.03351,0.03908,0.04643,0.03478,0.06949,0.03327,0.02312,0.15297,0.03417,0.04064,0.05187,0.02004,0.15744,0.03822,0.03062,0.02650,0.01959,0.03226
0.09104,0.10157,0.04064,0.07706,0.09540,0.01620,0.05091,0.10813,0.04922,0.06432,0.03573,0.03346,0.02014,0.02373,0.06655,0.02897,0.02009,0.02219,0.01819,0.03648
0.06920,0.02068,0.03435,0.03683,0.14426,0.05173,0.03673,0.11699,0.07635,0.02898,0.03889,0.04086,0.03980,0.06389,0.02736,0.05238,0.02218,0.02623,0.03485,0.03745
0.04772,0.01867,0.05300,0.04184,0.03273,0.03487,0.13295,0.02106,0.05554,0.06803,0.07860,0.06397,0.02239,0.07491,0.05477,0.09414,0.03532,0.02770,0.02037,0.02143
0.04571,0.02471,0.01970,0.03565,0.24087,0.01391,0.11569,0.02293,0.01933,0.02573,0.03072,0.01837,0.26173,0.01556,0.01997,0.02375,0.01861,0.01367,0.01409,0.01930
0.04394,0.03199,0.03180,0.02761,0.24713,0.04013,0.03250,0.26591,0.02584,0.01734,0.02035,0.02329,0.01387,0.03012,0.01305,0.03461,0.02692,0.02053,0.01771,0.03537
0.08306,0.06732,0.04840,0.06428,0.03525,0.07063,0.13435,0.01915,0.03602,0.02598,0.03670,0.05189,0.03994,0.05279,0.03166,0.09857,0.02729,0.02223,0.02360,0.03087
0.06446,0.03497,0.05450,0.05306,0.06194,0.03316,0.32405,0.04120,0.02668,0.03024,0.04001,0.02254,0.05421,0.01863,0.03099,0.02778,0.01933,0.02684,0.01519,0.02021
0.05338,0.03065,0.03183,0.04311,0.23992,0.03495,0.05392,0.23856,0.02990,0.02197,0.03447,0.02652,0.01455,0.02593,0.01546,0.02209,0.01983,0.01749,0.01655,0.02893
0.04719,0.03508,0.02767,0.02343,0.26534,0.02420,0.02417,0.13913,0.01540,0.02070,0.02131,0.03209,0.14351,0.03442,0.01629,0.03208,0.01383,0.02319,0.02886,0.03211
0.20680,0.02692,0.02954,0.20704,0.04035,0.04064,0.07529,0.04070,0.03342,0.02739,0.03445,0.04682,0.03568,0.02184,0.03016,0.02446,0.02475,0.01487,0.01461,0.02427
0.04158,0.02164,0.03851,0.03706,0.09089,0.02876,0.26373,0.04532,0.03424,0.01946,0.05038,0.04411,0.08661,0.02743,0.02513,0.02671,0.02495,0.02036,0.01974,0.05339
0.04923,0.05195,0.02789,0.04834,0.08762,0.04700,0.05741,0.08710,0.02296,0.16080,0.04211,0.03340,0.01946,0.02147,0.15409,0.01747,0.02237,0.01159,0.01336,0.02439
0.09305,0.03273,0.03926,0.09586,0.09165,0.03142,0.08015,0.08941,0.01559,0.01918,0.06692,0.04335,0.01278,0.03387,0.02232,0.10436,0.03636,0.01944,0.02193,0.05036
0.05457,0.05507,0.05163,0.07392,0.07155,0.04330,0.04707,0.04091,0.05151,0.07355,0.04602,0.05116,0.08942,0.02967,0.05715,0.02700,0.02444,0.02406,0.01826,0.06976
0.17303,0.04536,0.03373,0.16375,0.08329,0.08568,0.01895,0.08018,0.04826,0.02768,0.02674,0.03593,0.03159,0.02737,0.02109,0.02138,0.02142,0.01243,0.01515,0.02700
0.07326,0.03336,0.04868,0.05063,0.18880,0.07247,0.01649,0.18659,0.04693,0.02147,0.02872,0.05285,0.02507,0.02786,0.02233,0.02104,0.01950,0.01738,0.01236,0.03422
0.06948,0.08150,0.05088,0.07316,0.10634,0.01551,0.06836,0.12214,0.02275,0.04432,0.04496,0.02212,0.10811,0.02516,0.03176,0.02513,0.01771,0.02006,0.01181,0.03875
0.04486,0.04344,0.04156,0.05403,0.10542,0.11467,0.02839,0.10919,0.12377,0.02120,0.03562,0.03380,0.03219,0.03195,0.01870,0.02687,0.02991,0.02508,0.01956,0.05980
0.18667,0.03873,0.04982,0.14063,0.05537,0.07620,0.02540,0.04501,0.05346,0.01719,0.03635,0.04784,0.02769,0.03940,0.02094,0.02520,0.03108,0.02535,0.02735,0.03032
0.03374,0.03389,0.02416,0.02437,0.30745,0.02540,0.03253,0.31581,0.01901,0.01667,0.01506,0.02610,0.01941,0.01285,0.01562,0.01210,0.02109,0.00985,0.00790,0.02698
0.08722,0.03294,0.07476,0.08643,0.08375,0.04632,0.09686,0.07069,0.04595,0.06311,0.05541,0.03246,0.03813,0.02393,0.04224,0.02268,0.01884,0.02926,0.01381,0.03522
0.03053,0.22712,0.03040,0.02537,0.07405,0.24221,0.05122,0.07382,0.03854,0.02971,0.02846,0.02048,0.01939,0.01508,0.01584,0.02174,0.01058,0.01229,0.01394,0.01927
0.08261,0.02946,0.04932,0.04770,0.17501,0.04554,0.11325,0.06324,0.02796,0.01744,0.03251,0.01940,0.10892,0.01896,0.03205,0.05175,0.01681,0.02572,0.01729,0.02504
0.04585,0.12837,0.04107,0.06365,0.06012,0.13102,0.08148,0.03293,0.03204,0.03891,0.05232,0.03668,0.04962,0.02410,0.03232,0.03668,0.02263,0.03387,0.02234,0.03402
0.05164,0.04660,0.05549,0.06492,0.09579,0.06483,0.14361,0.08991,0.04346,0.03415,0.03563,0.02713,0.02675,0.03474,0.03098,0.04184,0.02493,0.02509,0.03155,0.03096
0.03982,0.32691,0.02371,0.02908,0.03182,0.32665,0.01873,0.03362,0.02235,0.01032,0.01547,0.01343,0.00922,0.01018,0.00929,0.01363,0.01141,0.00919,0.01855,0.02662
0.09386,0.04106,0.02637,0.09454,0.19444,0.04305,0.04430,0.18452,0.03664,0.04500,0.03691,0.02678,0.02007,0.01477,0.02995,0.01967,0.01198,0.01052,0.00911,0.01646
0.02022,0.03706,0.04449,0.02269,0.27804,0.01679,0.02623,0.27133,0.02604,0.02757,0.01447,0.03287,0.06482,0.01211,0.01941,0.01917,0.01374,0.01682,0.00993,0.02619
0.17434,0.01401,0.04469,0.16341,0.14778,0.01248,0.03218,0.02730,0.01915,0.02430,0.03588,0.01851,0.16633,0.01987,0.02876,0.01584,0.01109,0.01180,0.00771,0.02455
0.20761,0.03972,0.03695,0.18397,0.04053,0.11454,0.03885,0.03478,0.08783,0.01924,0.03269,0.02003,0.02183,0.01869,0.02403,0.01864,0.01285,0.01334,0.01520,0.01867
0.03703,0.03368,0.02925,0.05350,0.16323,0.03060,0.11876,0.13265,0.02189,0.02840,0.05501,0.03512,0.03777,0.02811,0.03335,0.03695,0.02426,0.04556,0.02442,0.03045
0.08528,0.01751,0.02104,0.05517,0.28766,0.01955,0.02654,0.27982,0.02093,0.01211,0.01979,0.02062,0.01386,0.02697,0.01563,0.01212,0.01869,0.00878,0.01807,0.01987
0.04899,0.03891,0.04112,0.04952,0.10194,0.03990,0.02776,0.08086,0.06196,0.05653,0.04648,0.07161,0.05373,0.04777,0.03850,0.03452,0.04979,0.02515,0.03043,0.05452
0.03405,0.02121,0.03857,0.02895,0.06603,0.02721,0.34366,0.02568,0.02171,0.03769,0.04126,0.04139,0.08051,0.02466,0.02115,0.02893,0.02763,0.01758,0.02831,0.04385
0.03217,0.06539,0.09711,0.03253,0.08877,0.07069,0.06204,0.07056,0.04809,0.04295,0.07257,0.04313,0.04427,0.02887,0.02911,0.04910,0.03075,0.03689,0.02683,0.02818
0.03632,0.03600,0.03461,0.02807,0.18291,0.06923,0.04934,0.05489,0.06683,0.03202,0.04324,0.04522,0.12391,0.02978,0.02034,0.02343,0.02831,0.01772,0.01937,0.05846
0.04531,0.15558,0.04522,0.03894,0.10472,0.17506,0.05810,0.10076,0.03434,0.02974,0.03307,0.03301,0.01717,0.01602,0.02050,0.02339,0.01931,0.01837,0.01029,0.02109
0.05581,0.15280,0.05108,0.05323,0.05929,0.01247,0.05630,0.13527,0.03323,0.02462,0.04224,0.03184,0.07435,0.02302,0.03228,0.02063,0.03843,0.02521,0.01611,0.06180
0.10272,0.03342,0.02749,0.08423,0.13965,0.05615,0.02446,0.13358,0.07878,0.02682,0.04006,0.02752,0.02809,0.03777,0.01700,0.03917,0.02142,0.02975,0.03001,0.02192
0.18247,0.02149,0.04775,0.14867,0.09002,0.02413,0.07927,0.03270,0.03203,0.02172,0.04017,0.02320,0.09053,0.02275,0.02934,0.02642,0.01959,0.02940,0.01484,0.02350
0.09704,0.04527,0.02963,0.08351,0.01600,0.05144,0.13156,0.01481,0.01830,0.01269,0.04664,0.07481,0.01101,0.02103,0.02401,0.08755,0.11538,0.01834,0.03978,0.06121
0.10631,0.05916,0.03960,0.09508,0.09177,0.07829,0.02285,0.08061,0.04451,0.05490,0.03474,0.06100,0.03481,0.03919,0.03583,0.02249,0.03250,0.02017,0.01493,0.03127
0.04885,0.03369,0.04125,0.04608,0.16160,0.06237,0.04092,0.14489,0.08034,0.04296,0.04658,0.03407,0.03817,0.02748,0.02969,0.02479,0.01915,0.01235,0.01998,0.04477
0.06061,0.10846,0.03824,0.04903,0.05107,0.09812,0.18585,0.04315,0.02464,0.03865,0.04858,0.02792,0.03869,0.01858,0.06582,0.01816,0.02120,0.02062,0.01858,0.02404
0.08784,0.04305,0.05616,0.08699,0.06982,0.05327,0.11500,0.06886,0.03976,0.02451,0.04420,0.04328,0.03818,0.03355,0.03337,0.04073,0.04888,0.01945,0.02402,0.02909
0.05014,0.05096,0.03648,0.05570,0.03857,0.12866,0.06756,0.02696,0.13120,0.07834,0.03700,0.04737,0.03033,0.03228,0.07823,0.03209,0.02262,0.01456,0.01559,0.02536
0.10954,0.08074,0.05086,0.07765,0.10793,0.02165,0.04345,0.04470,0.03367,0.06846,0.03141,0.03170,0.09306,0.01890,0.06219,0.03195,0.02691,0.01863,0.00897,0.03764
0.08103,0.02448,0.09713,0.05785,0.10566,0.03016,0.09898,0.04232,0.04330,0.03027,0.08139,0.02578,0.05144,0.03121,0.02532,0.04933,0.01845,0.04963,0.01724,0.03902
0.05414,0.05004,0.03059,0.05510,0.19096,0.04915,0.02959,0.18431,0.02279,0.04729,0.03445,0.03400,0.03348,0.02010,0.04452,0.02539,0.03859,0.01280,0.01976,0.02295
0.14177,0.05669,0.04597,0.13294,0.05099,0.02215,0.05569,0.05166,0.03983,0.04587,0.04319,0.05318,0.03027,0.03614,0.05418,0.03148,0.03439,0.02014,0.02106,0.03242
0.09030,0.03199,0.02635,0.07849,0.22303,0.02803,0.02689,0.03867,0.02332,0.02765,0.03937,0.01725,0.19919,0.01797,0.01484,0.03344,0.02179,0.01752,0.01920,0.02468
0.04958,0.10174,0.03481,0.03932,0.12193,0.04277,0.04126,0.08799,0.04743,0.02092,0.03135,0.03866,0.06898,0.05442,0.02440,0.05010,0.03915,0.02653,0.02269,0.05597
0.03039,0.10673,0.03792,0.04938,0.05570,0.05789,0.14454,0.07677,0.01607,0.05564,0.05352,0.02858,0.05141,0.01850,0.05658,0.04152,0.02141,0.02718,0.02027,0.04998
0.05619,0.03444,0.04459,0.06200,0.15830,0.03585,0.06322,0.13657,0.03785,0.03660,0.04838,0.03285,0.05004,0.02517,0.03353,0.02168,0.02801,0.02922,0.02396,0.04155
0.08019,0.03509,0.03210,0.09564,0.10409,0.04144,0.03302,0.06292,0.04012,0.06903,0.06091,0.05680,0.08433,0.03859,0.01728,0.02219,0.03225,0.01902,0.01990,0.05510
0.05858,0.20799,0.03736,0.04000,0.04898,0.17868,0.03659,0.03001,0.02431,0.03180,0.02285,0.03847,0.05555,0.02154,0.02639,0.03978,0.04245,0.01026,0.01183,0.03657
0.11438,0.04874,0.04340,0.07719,0.09122,0.09770,0.03466,0.09217,0.10266,0.02744,0.02702,0.04085,0.02864,0.03423,0.01995,0.02720,0.01970,0.01860,0.01441,0.03983
0.03848,0.02374,0.04550,0.06322,0.14103,0.02886,0.03461,0.07968,0.04678,0.05965,0.06446,0.05408,0.06795,0.04334,0.01850,0.03516,0.03715,0.03674,0.02752,0.05356
0.04166,0.02423,0.02457,0.04616,0.26777,0.01910,0.03054,0.26163,0.02490,0.04886,0.02558,0.02886,0.02922,0.01791,0.03131,0.02234,0.01157,0.01140,0.01054,0.02187
0.10741,0.02408,0.03021,0.11036,0.15932,0.03251,0.05877,0.14659,0.02593,0.03045,0.06639,0.02126,0.01670,0.01986,0.02021,0.03247,0.02263,0.02709,0.01732,0.03044
0.03566,0.27825,0.02783,0.03218,0.06617,0.27094,0.01990,0.06547,0.01539,0.02273,0.01833,0.02418,0.01766,0.01238,0.01696,0.01257,0.01650,0.01115,0.00842,0.02734
0.05180,0.06587,0.04192,0.06763,0.07727,0.03579,0.09660,0.05922,0.02663,0.05401,0.08218,0.03594,0.07074,0.02481,0.02733,0.02985,0.03717,0.03878,0.03267,0.04378
0.06432,0.03787,0.03158,0.04819,0.13211,0.07670,0.03425,0.09732,0.07815,0.03404,0.04911,0.04653,0.05480,0.04410,0.02241,0.03455,0.03450,0.01606,0.02621,0.03721
0.05382,0.06131,0.03971,0.07801,0.14594,0.02786,0.06029,0.13536,0.02488,0.02444,0.06269,0.04323,0.03454,0.01811,0.02668,0.05460,0.03614,0.01951,0.01555,0.03734
0.09206,0.03301,0.04564,0.07580,0.17299,0.03814,0.04909,0.13725,0.03110,0.03190,0.03271,0.03257,0.07181,0.02512,0.02743,0.02534,0.01490,0.01846,0.01509,0.02960
0.26724,0.02076,0.03346,0.23847,0.03367,0.03671,0.04188,0.03077,0.05000,0.02269,0.03038,0.02748,0.02298,0.01593,0.02297,0.02580,0.01587,0.01330,0.01381,0.03582
0.11487,0.04877,0.02612,0.11529,0.01762,0.04974,0.33216,0.02101,0.01198,0.02860,0.04134,0.02357,0.02215,0.01160,0.03389,0.03225,0.01384,0.02033,0.01466,0.02019
0.02475,0.19623,0.05020,0.02512,0.12434,0.02406,0.04646,0.16598,0.03355,0.03740,0.02706,0.02558,0.04120,0.02350,0.02471,0.01778,0.01890,0.02598,0.01058,0.05662
0.05547,0.01649,0.04085,0.04926,0.05204,0.02753,0.39597,0.02581,0.03329,0.02330,0.03647,0.02274,0.06651,0.01817,0.03213,0.03105,0.01651,0.01842,0.01141,0.02659
0.12000,0.13234,0.02123,0.11295,0.04045,0.16247,0.02940,0.03001,0.02377,0.01699,0.02860,0.03357,0.01891,0.02399,0.01477,0.03625,0.02788,0.02004,0.05693,0.04945
0.05821,0.02316,0.05373,0.07243,0.06111,0.06416,0.04175,0.03651,0.08004,0.11197,0.06511,0.03880,0.03830,0.09392,0.03859,0.03039,0.02855,0.01603,0.01992,0.02733
0.09919,0.03029,0.04652,0.08707,0.16041,0.03728,0.02333,0.09262,0.03676,0.03231,0.03595,0.02938,0.12079,0.03185,0.02448,0.02660,0.02135,0.01822,0.02215,0.02344
0.05611,0.02267,0.08819,0.07040,0.07499,0.04505,0.05695,0.06871,0.06314,0.07219,0.05737,0.02975,0.06560,0.06266,0.03614,0.02703,0.03154,0.02008,0.01431,0.03712
0.03793,0.03143,0.03526,0.03234,0.10673,0.03407,0.22438,0.08556,0.02358,0.03957,0.03098,0.04698,0.03790,0.04023,0.02856,0.07777,0.02172,0.01164,0.01686,0.03651
0.14760,0.02538,0.10146,0.12459,0.04904,0.01820,0.11151,0.01876,0.03211,0.03336,0.07206,0.02459,0.05018,0.01950,0.02603,0.02790,0.02366,0.05019,0.01631,0.02756
0.04207,0.08939,0.03075,0.06261,0.07321,0.08462,0.13314,0.08274,0.03641,0.04626,0.03409,0.04022,0.02190,0.02632,0.05408,0.05005,0.02325,0.01555,0.02179,0.03153
0.03468,0.04038,0.10372,0.03479,0.06920,0.03859,0.05690,0.04301,0.04985,0.07834,0.04666,0.04716,0.12431,0.03410,0.04049,0.03347,0.03780,0.02348,0.01747,0.04561
0.10795,0.07650,0.01702,0.08282,0.22053,0.01768,0.02966,0.22145,0.01635,0.01947,0.02798,0.02000,0.02460,0.01519,0.02382,0.01614,0.01072,0.01280,0.00975,0.02957
0.04865,0.04814,0.03363,0.04531,0.21175,0.02058,0.01965,0.19951,0.03910,0.02580,0.02278,0.03353,0.05140,0.04712,0.02503,0.02657,0.02944,0.01187,0.01851,0.04162
0.01619,0.03461,0.03316,0.01465,0.29286,0.02288,0.05114,0.07853,0.01603,0.03446,0.01879,0.01914,0.23032,0.01792,0.02950,0.02687,0.01429,0.01444,0.00885,0.02537
0.15120,0.13516,0.03060,0.15941,0.03289,0.12414,0.06232,0.02453,0.01921,0.02857,0.02346,0.03595,0.01721,0.01908,0.02482,0.04692,0.01952,0.01011,0.00828,0.02661
0.21711,0.03272,0.03090,0.19929,0.05124,0.03091,0.03314,0.05412,0.04182,0.01806,0.02806,0.03198,0.04536,0.02834,0.01958,0.01696,0.02164,0.01499,0.02720,0.05657
0.06675,0.03803,0.03077,0.06743,0.18063,0.04073,0.01450,0.16334,0.04282,0.03575,0.04570,0.04563,0.05649,0.02211,0.02206,0.02592,0.03015,0.01476,0.01942,0.03700
0.02254,0.02773,0.03803,0.02595,0.03621,0.27761,0.03184,0.02905,0.27159,0.03121,0.03187,0.02027,0.01828,0.02151,0.02693,0.01488,0.01176,0.02209,0.00890,0.03175
0.06605,0.08214,0.03567,0.07977,0.04307,0.07247,0.16745,0.04888,0.04068,0.04044,0.03300,0.03582,0.02160,0.02032,0.03746,0.02770,0.03100,0.03401,0.02769,0.05476
0.08531,0.04340,0.05473,0.06686,0.15581,0.04834,0.01784,0.18033,0.03949,0.02575,0.03550,0.03507,0.02138,0.02550,0.02615,0.02040,0.02985,0.01476,0.01665,0.05688
0.05482,0.03656,0.03508,0.03541,0.10671,0.05039,0.18545,0.07581,0.02095,0.05895,0.03959,0.03906,0.05495,0.03198,0.04577,0.04568,0.01972,0.01619,0.01763,0.02932
0.19840,0.03000,0.03219,0.17687,0.05881,0.06428,0.06173,0.06235,0.03702,0.02343,0.04103,0.02570,0.01882,0.02929,0.02030,0.04191,0.01691,0.01859,0.01629,0.02607
0.07852,0.21311,0.04420,0.07959,0.02260,0.04553,0.03138,0.19107,0.02399,0.03740,0.03229,0.02055,0.01947,0.01182,0.03378,0.01943,0.01898,0.00907,0.00897,0.05824
0.24583,0.04048,0.02727,0.21141,0.06768,0.05317,0.01362,0.04778,0.03257,0.02425,0.02322,0.02534,0.03091,0.02181,0.02228,0.02584,0.03926,0.01128,0.01573,0.02026
0.04569,0.02538,0.07895,0.02683,0.15938,0.05430,0.03599,0.09314,0.05798,0.05556,0.05771,0.03418,0.05595,0.06016,0.03223,0.01988,0.02135,0.02988,0.02054,0.03492
0.08139,0.07280,0.04931,0.09210,0.04286,0.01924,0.19547,0.04730,0.02647,0.06476,0.03162,0.03177,0.05842,0.01730,0.04773,0.02521,0.02513,0.01844,0.00856,0.04413
0.07281,0.05778,0.03336,0.04717,0.21090,0.01985,0.03781,0.21148,0.03842,0.01692,0.02669,0.02872,0.03381,0.02103,0.02331,0.02667,0.02009,0.01487,0.01737,0.04095
0.10142,0.05055,0.04429,0.07732,0.06391,0.04764,0.03799,0.08529,0.05047,0.03074,0.05204,0.06319,0.03148,0.04627,0.02293,0.02849,0.03065,0.03511,0.03855,0.06169
0.07087,0.09371,0.02937,0.02555,0.09832,0.09987,0.05153,0.08562,0.03018,0.01799,0.02231,0.06230,0.03166,0.03633,0.02229,0.05402,0.05797,0.01935,0.03013,0.06064
0.15185,0.03964,0.03277,0.13295,0.12569,0.02168,0.09957,0.06825,0.02531,0.01844,0.03238,0.02010,0.07829,0.01979,0.02886,0.02109,0.02156,0.01833,0.01152,0.03193
0.01997,0.05269,0.03239,0.02321,0.03444,0.08029,0.05012,0.03468,0.07079,0.21817,0.02188,0.03077,0.02934,0.02294,0.18972,0.01372,0.01146,0.00818,0.01501,0.04023
0.31364,0.03150,0.02203,0.30311,0.04307,0.01536,0.04104,0.02321,0.01556,0.01776,0.02629,0.01845,0.03641,0.01118,0.02135,0.01549,0.01176,0.01158,0.00845,0.01274
0.07873,0.04556,0.05340,0.05648,0.05151,0.04592,0.21695,0.05211,0.03051,0.03188,0.08005,0.02682,0.02177,0.02243,0.03311,0.03208,0.02195,0.03183,0.03405,0.03286
