0.13712,0.01345,0.04137,0.02949,0.01353,0.00424,0.01230,0.45071,0.20366,0.09414
0.02849,0.01811,0.05749,0.01754,0.00795,0.13477,0.06455,0.38316,0.10095,0.18700
0.01738,0.19867,0.14766,0.02039,0.28845,0.09647,0.17123,0.01331,0.01619,0.03025
0.00722,0.00335,0.04212,0.01980,0.18153,0.02209,0.26298,0.01327,0.35900,0.08863
0.06270,0.04148,0.03139,0.06377,0.04260,0.56969,0.10165,0.03766,0.03320,0.01586
0.01928,0.00365,0.04568,0.01397,0.00759,0.61678,0.24739,0.00501,0.00596,0.03469
0.01026,0.34531,0.26167,0.01145,0.00608,0.28737,0.03191,0.01327,0.01779,0.01489
0.01185,0.00872,0.01521,0.00837,0.00448,0.40030,0.51784,0.00885,0.00721,0.01718
0.23788,0.30534,0.01373,0.10732,0.00955,0.02794,0.02932,0.17614,0.03883,0.05393
0.02186,0.00890,0.53544,0.01879,0.01829,0.10339,0.05976,0.03711,0.14961,0.04686
0.01137,0.00697,0.06073,0.00842,0.00998,0.00162,0.00305,0.41063,0.44402,0.04322
0.01385,0.03928,0.21501,0.02317,0.00684,0.00273,0.00329,0.55677,0.10839,0.03067
0.01183,0.01359,0.00949,0.01302,0.01983,0.01974,0.61296,0.01323,0.27278,0.01353
0.06752,0.01582,0.02908,0.16002,0.02429,0.01098,0.00800,0.58585,0.02399,0.07444
0.01988,0.13505,0.32104,0.02348,0.01319,0.08244,0.11236,0.01179,0.01401,0.26677
0.00531,0.00839,0.01884,0.00564,0.02933,0.00248,0.00396,0.55569,0.33462,0.03575
0.01502,0.00837,0.01966,0.01067,0.00471,0.49467,0.24511,0.01354,0.01743,0.17082
0.02584,0.01748,0.02796,0.01859,0.04980,0.01156,0.10598,0.01188,0.07265,0.65826
0.09256,0.00924,0.14628,0.03297,0.00958,0.16892,0.31554,0.02425,0.01466,0.18599
0.02146,0.01957,0.26878,0.02670,0.01195,0.02249,0.03700,0.03261,0.02698,0.53246
0.09793,0.02397,0.01527,0.08669,0.03337,0.00483,0.01863,0.21872,0.43498,0.06561
0.01088,0.29603,0.01839,0.00879,0.01836,0.02632,0.01547,0.01705,0.01428,0.57445
0.01125,0.00501,0.03314,0.00734,0.00491,0.42679,0.47511,0.00647,0.00669,0.02329
0.26965,0.00909,0.06402,0.03271,0.02748,0.00748,0.01231,0.12810,0.04138,0.40779
0.10064,0.02274,0.05247,0.07030,0.54147,0.02810,0.03703,0.08858,0.03144,0.02721
0.02855,0.03186,0.01768,0.03328,0.04362,0.00847,0.09669,0.06145,0.33449,0.34393
0.01438,0.04773,0.19023,0.01062,0.00784,0.40280,0.19108,0.00891,0.01258,0.11384
0.65249,0.02086,0.01852,0.02863,0.02340,0.03187,0.00797,0.17372,0.03121,0.01132
0.01745,0.03657,0.15931,0.01059,0.00445,0.00260,0.00743,0.53731,0.19549,0.02880
0.00419,0.00467,0.54723,0.00477,0.00246,0.19917,0.00655,0.09243,0.00541,0.13313
0.01334,0.19159,0.19923,0.02286,0.02379,0.01994,0.01291,0.00967,0.01517,0.49149
0.02339,0.01608,0.03618,0.01124,0.00790,0.24510,0.26471,0.01378,0.01755,0.36408
0.00725,0.00349,0.00707,0.00593,0.00211,0.63116,0.32953,0.00419,0.00400,0.00527
0.01445,0.09774,0.00842,0.00949,0.01222,0.35062,0.37412,0.01511,0.01441,0.10343
0.02378,0.03744,0.46864,0.02715,0.00630,0.01656,0.15515,0.02545,0.22731,0.01223
0.02635,0.02378,0.07293,0.01651,0.46990,0.00601,0.00732,0.25368,0.05414,0.06939
0.01424,0.01127,0.02109,0.00955,0.00922,0.00533,0.00502,0.04082,0.01857,0.86488
0.00904,0.01883,0.01918,0.01080,0.03717,0.00366,0.45116,0.00637,0.40803,0.03576
0.04531,0.04359,0.02176,0.06046,0.03950,0.01485,0.35704,0.06401,0.30427,0.04920
0.01483,0.00850,0.04186,0.01192,0.00875,0.00572,0.00969,0.49759,0.30866,0.09248
0.20593,0.00206,0.11481,0.08029,0.00966,0.07408,0.04100,0.38084,0.01608,0.07525
0.00242,0.00386,0.00509,0.00381,0.00488,0.00493,0.38844,0.00706,0.24231,0.33718
0.90665,0.00126,0.00293,0.07662,0.00104,0.00191,0.00215,0.00315,0.00219,0.00209
0.01098,0.26476,0.00817,0.00952,0.00501,0.10293,0.56701,0.00909,0.01338,0.00915
0.43220,0.02300,0.03088,0.03796,0.01906,0.01697,0.04671,0.00725,0.02139,0.36459
0.01905,0.02428,0.01919,0.02749,0.01787,0.02874,0.31773,0.01908,0.05594,0.47062
0.03285,0.02145,0.23332,0.02590,0.00500,0.02137,0.20237,0.25609,0.07483,0.12682
0.03737,0.01504,0.48231,0.24374,0.01000,0.02772,0.02786,0.03618,0.04594,0.07384
0.01183,0.01698,0.12140,0.00564,0.00546,0.00141,0.00215,0.62063,0.18270,0.03180
0.00330,0.00799,0.00336,0.00217,0.00290,0.54329,0.00348,0.42287,0.00582,0.00481
0.00985,0.07451,0.02468,0.00738,0.09074,0.00223,0.00357,0.42036,0.30911,0.05757
0.04575,0.00316,0.04139,0.08691,0.20736,0.00853,0.01145,0.24796,0.04615,0.30134
0.00751,0.00331,0.23937,0.01061,0.01594,0.20904,0.12564,0.01232,0.02502,0.35125
0.09818,0.02491,0.13502,0.03104,0.01963,0.00907,0.02087,0.49184,0.08100,0.08844
0.06369,0.00953,0.01944,0.03773,0.00833,0.11491,0.53644,0.16241,0.03213,0.01540
0.05144,0.05556,0.03129,0.02927,0.01394,0.09617,0.07299,0.02374,0.01932,0.60629
0.09203,0.04928,0.11235,0.08636,0.02392,0.01279,0.04181,0.02773,0.29876,0.25496
0.00872,0.02266,0.07244,0.00933,0.00620,0.00272,0.00649,0.29714,0.31067,0.26363
0.07024,0.03090,0.04895,0.07228,0.01591,0.00578,0.01404,0.57650,0.06471,0.10070
0.00636,0.00628,0.00852,0.01076,0.00950,0.03156,0.07834,0.04354,0.12677,0.67837
0.40632,0.00452,0.04949,0.02163,0.05239,0.00332,0.00763,0.31611,0.12132,0.01728
0.02184,0.00295,0.84368,0.02062,0.00455,0.02090,0.02242,0.03218,0.02225,0.00862
0.02242,0.01789,0.05369,0.01743,0.00785,0.00401,0.00760,0.46815,0.25681,0.14415
0.01474,0.03648,0.01882,0.02479,0.02245,0.00593,0.36247,0.01216,0.42075,0.08142
0.00739,0.00227,0.81183,0.00468,0.01271,0.00360,0.00705,0.00515,0.10201,0.04330
0.00596,0.00427,0.01145,0.00566,0.00405,0.01583,0.01541,0.02836,0.01497,0.89404
0.80444,0.00539,0.00497,0.01261,0.00495,0.03102,0.00888,0.09940,0.01212,0.01621
0.06062,0.00924,0.13803,0.03216,0.01532,0.00569,0.00795,0.59214,0.05678,0.08207
0.09164,0.10555,0.04788,0.03517,0.02641,0.00322,0.00515,0.46086,0.16289,0.06123
0.01295,0.00950,0.00971,0.00860,0.00956,0.25497,0.48093,0.02539,0.17682,0.01157
0.11267,0.01086,0.05456,0.02953,0.03690,0.00333,0.00677,0.49359,0.24069,0.01110
0.01075,0.48887,0.00812,0.01316,0.01201,0.00654,0.02435,0.07121,0.08148,0.28353
0.00760,0.00466,0.01090,0.00881,0.00331,0.40071,0.52908,0.00427,0.00503,0.02562
0.01374,0.01801,0.01947,0.01046,0.00679,0.39438,0.49735,0.01580,0.01295,0.01106
0.00686,0.01202,0.00791,0.01026,0.00850,0.02863,0.57201,0.00735,0.03787,0.30859
0.00561,0.00740,0.00503,0.00705,0.00631,0.50182,0.00392,0.39924,0.01008,0.05353
0.01320,0.00325,0.36817,0.01568,0.00571,0.00657,0.01763,0.37258,0.18657,0.01063
0.07460,0.01021,0.26302,0.02278,0.01586,0.00313,0.00644,0.39595,0.18934,0.01866
0.01137,0.01766,0.02821,0.00818,0.01063,0.35698,0.18291,0.00776,0.01484,0.36145
0.02923,0.01037,0.03426,0.05400,0.01683,0.58631,0.03606,0.05910,0.01433,0.15952
0.02564,0.03758,0.02442,0.01606,0.01715,0.19723,0.00710,0.03903,0.00858,0.62721
0.00362,0.00392,0.00591,0.00372,0.01726,0.00293,0.66024,0.00493,0.20992,0.08755
0.06766,0.01284,0.04249,0.03062,0.00850,0.01418,0.04259,0.52753,0.04292,0.21068
0.01662,0.00475,0.49033,0.01059,0.00384,0.29554,0.02304,0.11222,0.02975,0.01332
0.00915,0.00685,0.04499,0.00775,0.01108,0.47656,0.00339,0.20893,0.00497,0.22634
0.02324,0.01053,0.01096,0.01951,0.02263,0.03194,0.12629,0.10418,0.34206,0.30866
0.01398,0.00980,0.04289,0.01854,0.01172,0.07284,0.02895,0.06024,0.02589,0.71515
0.04871,0.00673,0.01087,0.02210,0.78752,0.02980,0.01165,0.03820,0.00958,0.03485
0.32217,0.00365,0.23440,0.05385,0.00660,0.18332,0.02795,0.10329,0.02815,0.03662
0.01999,0.02449,0.03118,0.02721,0.03609,0.02012,0.11440,0.01028,0.39445,0.32180
0.00310,0.00259,0.00349,0.00284,0.00370,0.00701,0.52644,0.00579,0.43305,0.01198
0.00972,0.00517,0.00620,0.00677,0.00909,0.00167,0.00321,0.39066,0.30754,0.25997
0.46777,0.00525,0.00786,0.04686,0.00481,0.15257,0.01984,0.01367,0.01314,0.26822
0.00517,0.21940,0.00297,0.00630,0.00414,0.00649,0.07826,0.00638,0.03293,0.63795
0.01073,0.00232,0.13306,0.00730,0.03482,0.00190,0.00291,0.51537,0.26431,0.02729
0.00454,0.00289,0.00612,0.00424,0.00342,0.39782,0.56060,0.00356,0.00497,0.01184
0.00584,0.00346,0.00517,0.00571,0.00433,0.00296,0.00568,0.51688,0.22005,0.22993
0.00393,0.00479,0.02848,0.00504,0.00355,0.52604,0.00335,0.34048,0.00549,0.07885
0.01369,0.00728,0.01247,0.01059,0.01080,0.05000,0.04965,0.10040,0.01764,0.72748
0.09306,0.01537,0.01931,0.06792,0.04255,0.38087,0.01441,0.31878,0.02982,0.01791
