0.02089,0.03427,0.42905,0.02093,0.02037,0.01776,0.07269,0.08075,0.13194,0.17133
0.01536,0.00830,0.01110,0.01727,0.01316,0.00979,0.40925,0.05406,0.45236,0.00936
0.01519,0.00369,0.03700,0.01626,0.04394,0.02029,0.02112,0.38134,0.38230,0.07888
0.14712,0.01430,0.18418,0.29741,0.01569,0.00976,0.11283,0.04781,0.14980,0.02110
0.02125,0.08776,0.11470,0.02707,0.05017,0.18186,0.20994,0.11861,0.12952,0.05910
0.03015,0.00344,0.01658,0.03371,0.03784,0.36647,0.36793,0.05504,0.05756,0.03128
0.00739,0.00550,0.81370,0.00905,0.00378,0.02732,0.00937,0.02402,0.00891,0.09095
0.01219,0.30538,0.00399,0.01704,0.01931,0.07234,0.10124,0.17424,0.18297,0.11130
0.01709,0.01911,0.01568,0.00988,0.01499,0.02897,0.18115,0.27340,0.42326,0.01647
0.01422,0.01232,0.01475,0.01971,0.01412,0.07443,0.08473,0.05898,0.05435,0.65238
0.10327,0.01465,0.02330,0.09988,0.01139,0.00589,0.01616,0.18289,0.19083,0.35173
0.02805,0.02770,0.03277,0.01377,0.04687,0.03910,0.07714,0.11209,0.14668,0.47583
0.02009,0.02538,0.03188,0.02384,0.43906,0.12295,0.06253,0.15190,0.08852,0.03386
0.01821,0.00462,0.00262,0.02558,0.01180,0.00396,0.30756,0.13882,0.43469,0.05214
0.00945,0.00681,0.01679,0.00825,0.03043,0.00544,0.00544,0.44352,0.44026,0.03361
0.03359,0.03543,0.00565,0.02546,0.01424,0.34383,0.35254,0.08395,0.09254,0.01276
0.01971,0.22425,0.00658,0.02943,0.01185,0.16713,0.07643,0.27208,0.17602,0.01650
0.01801,0.00395,0.13982,0.02592,0.03936,0.21478,0.19551,0.18477,0.16718,0.01070
0.01955,0.00482,0.01527,0.01604,0.03079,0.03997,0.03662,0.02258,0.01935,0.79501
0.46117,0.00674,0.01221,0.45407,0.00621,0.01244,0.00880,0.01278,0.01173,0.01385
0.01662,0.02154,0.02017,0.02369,0.01702,0.14319,0.15620,0.20952,0.21354,0.17851
0.01475,0.59803,0.05151,0.01480,0.01045,0.00805,0.01060,0.14083,0.14120,0.00978
0.00969,0.00617,0.01319,0.02777,0.01126,0.02685,0.01585,0.02337,0.01499,0.85086
0.02099,0.00259,0.00883,0.04357,0.08040,0.02061,0.04576,0.21516,0.23402,0.32807
0.00563,0.00970,0.01296,0.00607,0.01063,0.41944,0.42993,0.01677,0.02202,0.06686
0.00403,0.00201,0.00420,0.00344,0.00480,0.03636,0.03990,0.01214,0.01259,0.88053
0.09755,0.01115,0.13066,0.06366,0.01964,0.01739,0.01413,0.30438,0.30505,0.03639
0.05396,0.00697,0.00891,0.03378,0.01576,0.14503,0.21002,0.23499,0.27120,0.01938
0.00701,0.34134,0.01097,0.00790,0.00859,0.03814,0.04966,0.01342,0.02539,0.49757
0.01500,0.00618,0.00750,0.01677,0.01218,0.01883,0.02163,0.44697,0.44577,0.00918
0.00861,0.00418,0.82634,0.00691,0.00278,0.05653,0.00730,0.04134,0.01538,0.03063
0.01570,0.43621,0.43762,0.01652,0.00485,0.01064,0.01569,0.01350,0.01918,0.03011
0.02144,0.00711,0.66449,0.01423,0.23024,0.00741,0.01448,0.01041,0.01739,0.01280
0.00829,0.00721,0.01041,0.00600,0.00943,0.00635,0.01374,0.46633,0.46945,0.00279
0.01570,0.00851,0.00989,0.01284,0.01366,0.00944,0.20562,0.25929,0.45085,0.01420
0.02441,0.00884,0.06188,0.03308,0.26614,0.00647,0.24254,0.04685,0.28622,0.02357
0.00774,0.01286,0.92223,0.00695,0.01866,0.00416,0.00492,0.00737,0.00916,0.00593
0.02672,0.01678,0.00650,0.01387,0.00716,0.23710,0.23936,0.21322,0.22556,0.01375
0.03398,0.00835,0.01042,0.02754,0.03820,0.39502,0.38519,0.03544,0.02451,0.04136
0.05203,0.01956,0.05172,0.03938,0.04806,0.02365,0.07985,0.21329,0.26170,0.21076
0.01380,0.01671,0.02709,0.01578,0.40933,0.14398,0.16881,0.08424,0.10594,0.01433
0.00983,0.00531,0.00865,0.01299,0.01038,0.33744,0.35096,0.00771,0.01385,0.24287
0.01408,0.01528,0.00309,0.01025,0.00921,0.44511,0.02245,0.44407,0.01799,0.01847
0.00776,0.00200,0.07151,0.01395,0.00697,0.02324,0.13039,0.31808,0.41308,0.01302
0.01280,0.00995,0.73753,0.01375,0.01040,0.01212,0.01136,0.07404,0.07394,0.04410
0.01309,0.46782,0.00994,0.02118,0.00961,0.08158,0.09500,0.05739,0.06030,0.18409
0.02293,0.04415,0.02501,0.01122,0.03616,0.04608,0.37026,0.04572,0.37911,0.01938
0.01633,0.01273,0.00578,0.01411,0.01640,0.20313,0.44190,0.01591,0.25477,0.01894
0.03791,0.05102,0.28834,0.26538,0.04107,0.04314,0.07096,0.04660,0.07225,0.08332
0.01336,0.00344,0.01973,0.01261,0.01602,0.01418,0.03814,0.42415,0.43594,0.02243
0.02311,0.01331,0.02209,0.01367,0.00531,0.11253,0.12357,0.30401,0.29921,0.08320
0.01279,0.01724,0.01402,0.00717,0.02068,0.07184,0.07885,0.35701,0.36983,0.05058
0.02577,0.07186,0.42821,0.02549,0.03469,0.01066,0.02600,0.15674,0.17728,0.04328
0.05081,0.03462,0.01967,0.02726,0.03360,0.07195,0.05999,0.34000,0.34205,0.02005
0.00864,0.01438,0.02280,0.00790,0.01077,0.03108,0.03761,0.10887,0.10493,0.65303
0.00973,0.02052,0.42093,0.01215,0.00729,0.01802,0.02313,0.18606,0.18160,0.12056
0.01268,0.00335,0.04002,0.00830,0.01008,0.34203,0.35284,0.10531,0.11688,0.00850
0.00657,0.01829,0.00374,0.00777,0.00437,0.05173,0.43633,0.04268,0.42143,0.00708
0.00418,0.00245,0.00540,0.00391,0.00411,0.05223,0.05864,0.33233,0.33253,0.20421
0.00838,0.00273,0.12402,0.01848,0.01045,0.09100,0.09296,0.02766,0.01962,0.60470
0.00960,0.01128,0.03812,0.02748,0.00828,0.00240,0.01954,0.43362,0.44545,0.00422
0.00770,0.00806,0.00939,0.00658,0.01060,0.28240,0.29202,0.18232,0.18452,0.01641
0.01836,0.02591,0.01863,0.00493,0.03063,0.02398,0.03390,0.40479,0.39863,0.04024
0.02357,0.02092,0.03457,0.01452,0.00510,0.01114,0.00695,0.41458,0.41266,0.05598
0.01704,0.01705,0.03871,0.02057,0.39379,0.00764,0.00796,0.23523,0.23562,0.02639
0.02296,0.00665,0.01727,0.03923,0.06632,0.08915,0.15103,0.05720,0.11960,0.43058
0.00701,0.00698,0.00575,0.00754,0.01082,0.15239,0.16165,0.31661,0.32086,0.01039
0.01984,0.03470,0.02668,0.00938,0.02281,0.04522,0.33236,0.10204,0.38305,0.02393
0.00873,0.02441,0.03375,0.00697,0.01460,0.14704,0.15856,0.10290,0.10590,0.39714
0.01878,0.00875,0.34062,0.02437,0.03378,0.03051,0.21962,0.05513,0.25041,0.01802
0.02628,0.00423,0.75462,0.01310,0.00798,0.06477,0.06244,0.02470,0.02340,0.01848
0.00801,0.01381,0.45203,0.44089,0.01416,0.01879,0.02437,0.00883,0.01092,0.00820
0.01006,0.77799,0.00415,0.01005,0.01171,0.00823,0.00612,0.08078,0.07939,0.01154
0.01299,0.04322,0.01062,0.01833,0.02622,0.01238,0.19421,0.07745,0.26111,0.34348
0.01746,0.01368,0.01290,0.01722,0.01647,0.16588,0.06194,0.40164,0.28609,0.00673
0.02598,0.00908,0.02541,0.02234,0.02048,0.35080,0.35432,0.06322,0.06228,0.06609
0.01246,0.01738,0.02217,0.00966,0.01543,0.13245,0.14336,0.27734,0.28221,0.08753
0.00662,0.01061,0.00400,0.00620,0.00909,0.00322,0.01359,0.46545,0.47098,0.01023
0.08887,0.01156,0.36118,0.05494,0.03312,0.15029,0.13907,0.05063,0.05201,0.05832
0.01323,0.00353,0.02212,0.01384,0.01151,0.01028,0.01421,0.00949,0.01161,0.89019
0.00632,0.01229,0.01481,0.00621,0.01009,0.06291,0.06987,0.39593,0.39894,0.02263
0.00957,0.00443,0.00484,0.01012,0.00918,0.31853,0.46716,0.01201,0.15410,0.01005
0.00850,0.00756,0.00844,0.00691,0.00533,0.00385,0.44695,0.02233,0.46112,0.02902
0.00560,0.00897,0.01453,0.00491,0.00891,0.00871,0.01899,0.45971,0.46456,0.00512
0.02370,0.01619,0.01164,0.02454,0.01382,0.17259,0.15376,0.10358,0.08968,0.39050
0.04004,0.06279,0.02243,0.03147,0.01439,0.34023,0.34607,0.02911,0.03401,0.07946
0.01287,0.00316,0.87570,0.00722,0.00590,0.00923,0.01032,0.03160,0.03238,0.01163
0.02655,0.30370,0.00887,0.01572,0.02008,0.21173,0.21319,0.09382,0.09453,0.01181
0.01041,0.01222,0.01312,0.00940,0.01776,0.03944,0.06739,0.40247,0.41312,0.01467
0.00950,0.01432,0.01174,0.00544,0.01568,0.00980,0.03630,0.09347,0.11251,0.69125
0.46260,0.00618,0.00990,0.45825,0.00639,0.01083,0.01112,0.01299,0.01216,0.00958
0.01053,0.00964,0.00983,0.01121,0.01383,0.02012,0.43766,0.01833,0.42731,0.04153
0.02161,0.01634,0.03307,0.02974,0.21449,0.01044,0.00785,0.31776,0.31338,0.03532
0.02622,0.01024,0.01043,0.01629,0.01678,0.05361,0.18674,0.01197,0.14179,0.52593
0.01785,0.00498,0.10894,0.01410,0.01206,0.38207,0.37551,0.03655,0.03629,0.01164
0.05297,0.02045,0.45585,0.02477,0.02120,0.09108,0.02586,0.16119,0.13591,0.01073
0.02063,0.72069,0.01158,0.01805,0.16612,0.00709,0.00602,0.01251,0.01356,0.02375
0.00682,0.01166,0.01286,0.00603,0.00743,0.43303,0.44852,0.00902,0.01683,0.04780
0.00651,0.00430,0.00893,0.00675,0.00433,0.00557,0.09907,0.38482,0.46954,0.01017
0.01582,0.01938,0.01563,0.00758,0.02211,0.33267,0.32270,0.07223,0.06049,0.13140
0.02289,0.01118,0.00793,0.01958,0.01188,0.02850,0.14349,0.11193,0.22004,0.42258
0.03958,0.03380,0.04112,0.02453,0.01588,0.39634,0.33142,0.08986,0.01140,0.01608
0.01168,0.02908,0.02866,0.01789,0.00829,0.13435,0.14363,0.19266,0.18974,0.24403
0.02212,0.00808,0.00853,0.03685,0.02324,0.33747,0.36082,0.07440,0.08631,0.04220
0.03982,0.00408,0.04308,0.03926,0.01153,0.11642,0.10702,0.27205,0.26135,0.10538
0.01730,0.32620,0.24432,0.01677,0.16291,0.00608,0.01666,0.05336,0.06016,0.09623
0.06044,0.01152,0.01406,0.04081,0.01890,0.02059,0.03115,0.29302,0.29931,0.21019
0.04489,0.00833,0.01609,0.02861,0.02343,0.21723,0.21315,0.22030,0.21760,0.01037
0.00908,0.01004,0.01334,0.01083,0.01046,0.10541,0.01340,0.44435,0.36413,0.01897
0.02413,0.02887,0.04381,0.02278,0.02190,0.16141,0.17439,0.02244,0.02750,0.47276
0.02454,0.00611,0.00669,0.03828,0.04274,0.02064,0.00915,0.38500,0.38537,0.08145
0.01767,0.00565,0.04550,0.01522,0.00936,0.32041,0.32191,0.12948,0.12806,0.00674
0.02280,0.01548,0.01466,0.01852,0.01659,0.03236,0.33064,0.12249,0.42010,0.00637
0.00858,0.00342,0.00638,0.01322,0.00439,0.03923,0.04913,0.43115,0.42367,0.02084
0.02552,0.02667,0.13932,0.12680,0.02288,0.26043,0.27100,0.03605,0.04133,0.05000
0.02934,0.47740,0.26798,0.01873,0.00963,0.07441,0.08406,0.01382,0.01693,0.00769
0.02718,0.00854,0.00552,0.01967,0.02982,0.01110,0.06927,0.38003,0.43262,0.01625
0.02149,0.00441,0.07510,0.04163,0.01100,0.07351,0.11482,0.30239,0.32762,0.02803
0.02691,0.00256,0.00816,0.02042,0.06794,0.07590,0.19066,0.01819,0.13549,0.45376
0.01116,0.00629,0.00553,0.00907,0.00899,0.07381,0.07269,0.09797,0.09904,0.61544
0.03138,0.02717,0.01061,0.01551,0.01908,0.02623,0.29039,0.00979,0.28289,0.28695
0.00634,0.00249,0.73463,0.01066,0.00338,0.07697,0.11322,0.00621,0.04112,0.00499
0.01376,0.29747,0.00249,0.01247,0.00511,0.13004,0.13193,0.01025,0.01057,0.38592
0.01459,0.01137,0.01923,0.01097,0.02181,0.15742,0.30085,0.11276,0.25410,0.09689
0.02679,0.00630,0.00392,0.02631,0.01089,0.01653,0.01468,0.06071,0.05412,0.77974
0.01231,0.00374,0.01657,0.01342,0.01207,0.05923,0.22344,0.19697,0.37278,0.08947
0.03431,0.00518,0.07387,0.05236,0.01522,0.14285,0.14906,0.22507,0.22477,0.07731
0.03477,0.01503,0.00887,0.02854,0.03793,0.01712,0.03166,0.24552,0.24900,0.33156
0.01009,0.00621,0.00752,0.01308,0.00935,0.06935,0.07353,0.39594,0.40193,0.01301
0.01726,0.01095,0.87996,0.00786,0.00686,0.00995,0.00903,0.01846,0.01706,0.02262
0.00473,0.01183,0.00692,0.00204,0.01371,0.00935,0.04943,0.22595,0.27046,0.40558
0.01013,0.00239,0.06385,0.00912,0.00597,0.35745,0.36511,0.07556,0.07377,0.03663
0.02909,0.04130,0.04254,0.01417,0.03725,0.17196,0.28617,0.05590,0.16655,0.15507
0.03770,0.00989,0.02821,0.03128,0.02663,0.02081,0.01472,0.13318,0.12511,0.57247
0.01092,0.01223,0.01482,0.01338,0.00395,0.13563,0.17788,0.08828,0.13048,0.41242
0.03998,0.00762,0.02290,0.03682,0.01590,0.29439,0.33746,0.09448,0.12756,0.02289
0.01004,0.00846,0.01092,0.01231,0.00630,0.17565,0.17029,0.13041,0.12214,0.35348
0.03828,0.01566,0.07865,0.03900,0.01993,0.02947,0.02320,0.37958,0.36408,0.01214
0.01529,0.00636,0.00738,0.01474,0.01237,0.39439,0.17698,0.28607,0.05540,0.03102
0.01397,0.02610,0.55051,0.02579,0.01045,0.15395,0.15517,0.01443,0.01622,0.03342
0.02230,0.02833,0.02600,0.01357,0.01949,0.38153,0.39229,0.03867,0.04204,0.03578
0.01145,0.00471,0.02198,0.00702,0.00751,0.32129,0.32200,0.14855,0.14851,0.00699
0.03605,0.38617,0.02475,0.02929,0.04333,0.04310,0.06200,0.16266,0.16694,0.04569
0.01342,0.01621,0.01653,0.00774,0.01408,0.16453,0.21138,0.25253,0.26838,0.03518
0.01186,0.75472,0.01069,0.01227,0.00908,0.00622,0.01169,0.05184,0.05362,0.07800
0.03852,0.03107,0.08655,0.03320,0.05793,0.34912,0.32596,0.04150,0.01846,0.01769
0.01019,0.01176,0.00938,0.00539,0.01160,0.00906,0.01046,0.41837,0.41469,0.09910
0.01777,0.01457,0.01379,0.02095,0.01366,0.00684,0.02979,0.41843,0.44440,0.01980
0.05394,0.15733,0.01181,0.07817,0.03973,0.07414,0.08707,0.01753,0.03511,0.44518
0.01091,0.00386,0.00724,0.04302,0.00789,0.04229,0.08301,0.12319,0.17317,0.50542
0.02008,0.01963,0.02637,0.03287,0.01592,0.07301,0.05109,0.39045,0.34668,0.02389
0.03089,0.01495,0.65683,0.02775,0.03682,0.08651,0.02684,0.08023,0.03094,0.00822
0.01394,0.06706,0.00952,0.01111,0.00811,0.37886,0.38434,0.05539,0.05362,0.01804
0.01798,0.17330,0.02997,0.01278,0.03399,0.11459,0.12292,0.02936,0.02117,0.44395
0.03814,0.02355,0.01256,0.02043,0.01647,0.04509,0.00525,0.43326,0.39701,0.00823
0.04778,0.00954,0.00598,0.02505,0.03267,0.26369,0.29063,0.03558,0.04458,0.24450
0.01038,0.00930,0.42438,0.01334,0.00814,0.09844,0.01041,0.21053,0.12205,0.09302
0.05108,0.21184,0.32193,0.02885,0.00974,0.10293,0.10558,0.08418,0.07784,0.00602
0.01094,0.84443,0.01050,0.01660,0.02295,0.00794,0.01958,0.02322,0.03260,0.01124
0.02159,0.00501,0.06352,0.02753,0.04645,0.38424,0.39272,0.01650,0.02052,0.02192
0.00993,0.00360,0.10305,0.01173,0.00756,0.04360,0.34534,0.08368,0.36308,0.02841
0.00687,0.00295,0.00605,0.01469,0.00420,0.00834,0.00853,0.08585,0.08258,0.77994
0.00390,0.00532,0.00582,0.00259,0.00445,0.46290,0.46806,0.00883,0.00955,0.02858
0.01047,0.00684,0.02900,0.01331,0.02578,0.01227,0.01516,0.43231,0.43325,0.02163
0.09908,0.02336,0.06779,0.04081,0.02161,0.01905,0.01152,0.35390,0.33722,0.02566
0.02551,0.00448,0.10479,0.04410,0.01330,0.08182,0.30405,0.02687,0.24640,0.14868
0.01441,0.04170,0.26472,0.01745,0.11317,0.01228,0.02398,0.05260,0.05954,0.40016
0.01634,0.00444,0.00714,0.01433,0.00954,0.03680,0.01026,0.07037,0.02364,0.80715
0.00987,0.00918,0.00640,0.00978,0.00410,0.00944,0.01076,0.19316,0.18960,0.55771
0.00606,0.01111,0.00420,0.00623,0.00427,0.46706,0.47108,0.01102,0.01292,0.00606
0.01327,0.00803,0.02686,0.01488,0.01163,0.39634,0.15919,0.29233,0.05294,0.02454
0.01673,0.01300,0.01605,0.01765,0.00852,0.33592,0.35723,0.10121,0.11079,0.02288
0.01758,0.01732,0.01864,0.01572,0.04710,0.19357,0.17724,0.23013,0.22151,0.06118
0.02492,0.03358,0.01884,0.00506,0.03206,0.28681,0.30376,0.12697,0.14895,0.01904
0.03010,0.04932,0.00948,0.04070,0.04304,0.01608,0.04533,0.29929,0.33117,0.13547
0.02734,0.00311,0.34667,0.02412,0.00778,0.14830,0.15629,0.13284,0.13206,0.02148
0.01087,0.00487,0.35065,0.00915,0.00972,0.00960,0.01116,0.09862,0.09723,0.39814
0.01044,0.01009,0.01465,0.01688,0.00968,0.00898,0.01140,0.01131,0.01491,0.89166
0.00933,0.01639,0.01756,0.00234,0.01663,0.04515,0.00804,0.45386,0.40907,0.02164
0.00477,0.00235,0.00647,0.00711,0.00429,0.00422,0.00422,0.47969,0.47958,0.00732
0.04390,0.06165,0.14810,0.02965,0.07189,0.01952,0.01832,0.29219,0.29590,0.01888
0.01931,0.65000,0.01023,0.02145,0.00635,0.01651,0.02086,0.10174,0.09792,0.05562
0.04946,0.02519,0.15392,0.02706,0.06427,0.02955,0.02641,0.29751,0.29379,0.03286
0.00686,0.00589,0.02574,0.01157,0.00455,0.32936,0.00864,0.32616,0.00676,0.27447
0.01654,0.01370,0.34671,0.33330,0.01237,0.01714,0.02407,0.01646,0.02171,0.19800
0.00486,0.00152,0.00828,0.00515,0.00301,0.00587,0.00356,0.45950,0.45944,0.04882
0.30923,0.00796,0.13208,0.41488,0.00628,0.00307,0.00485,0.05547,0.05746,0.00873
0.05082,0.01431,0.01330,0.04353,0.02733,0.03698,0.03195,0.21106,0.20726,0.36347
0.00790,0.00766,0.00984,0.00914,0.01507,0.26805,0.27433,0.19553,0.19882,0.01366
0.01091,0.00929,0.01150,0.01005,0.00459,0.01447,0.08698,0.38803,0.45593,0.00824
0.01751,0.00791,0.06527,0.00995,0.01055,0.01326,0.01322,0.41840,0.42267,0.02126
0.00861,0.00964,0.00782,0.01324,0.01002,0.09409,0.00902,0.12438,0.03797,0.68522
0.01182,0.00760,0.43325,0.00920,0.01425,0.01643,0.01761,0.02477,0.02023,0.44484
0.04143,0.76236,0.01116,0.03533,0.02104,0.01502,0.01681,0.03455,0.03892,0.02339
0.01862,0.00669,0.08506,0.03648,0.02003,0.02303,0.01259,0.25040,0.25065,0.29644
0.00971,0.00962,0.01816,0.01241,0.00868,0.00938,0.00993,0.02610,0.02773,0.86829
0.01207,0.00327,0.01202,0.01104,0.02407,0.13936,0.13419,0.13697,0.13049,0.39653
0.04132,0.00400,0.61735,0.04586,0.01242,0.01819,0.01596,0.11267,0.11026,0.02196
0.01134,0.33051,0.01460,0.01614,0.01363,0.13433,0.13345,0.03996,0.03724,0.26881
0.01147,0.00779,0.37551,0.36836,0.00669,0.00604,0.00545,0.10616,0.10477,0.00775
0.01162,0.00292,0.05659,0.01324,0.01107,0.06809,0.06342,0.38483,0.37260,0.01561
0.00971,0.00402,0.01371,0.01086,0.01387,0.00715,0.35546,0.09795,0.44039,0.04688
0.01474,0.01232,0.02825,0.01592,0.01088,0.11152,0.12236,0.33368,0.33707,0.01326
0.02229,0.04342,0.00733,0.02274,0.02406,0.13656,0.34878,0.02583,0.23214,0.13685
0.01176,0.00757,0.04730,0.01357,0.01186,0.15742,0.17083,0.27683,0.28779,0.01506
0.01879,0.00589,0.00787,0.01724,0.03259,0.01360,0.01463,0.06281,0.06353,0.76304
0.01269,0.01410,0.00816,0.01347,0.02584,0.03611,0.03540,0.27183,0.26487,0.31753
0.01292,0.01031,0.01389,0.01505,0.01258,0.00864,0.01198,0.02654,0.02958,0.85852
0.01339,0.00968,0.02170,0.01793,0.01691,0.27958,0.02980,0.42572,0.17408,0.01122
0.01409,0.01868,0.02880,0.01226,0.35865,0.08696,0.10404,0.16544,0.16479,0.04628
0.00828,0.00272,0.00508,0.01291,0.01110,0.20957,0.32830,0.01048,0.11992,0.29163
0.01490,0.01583,0.00461,0.01967,0.00856,0.19402,0.14961,0.30397,0.25291,0.03592
0.00920,0.01270,0.01193,0.00670,0.01142,0.01358,0.42491,0.04723,0.45276,0.00958
0.14916,0.01706,0.01553,0.14750,0.01264,0.26018,0.27191,0.05583,0.06562,0.00455
0.01517,0.00813,0.01571,0.01757,0.02318,0.02171,0.38678,0.06441,0.41815,0.02919
0.02233,0.02003,0.05574,0.02938,0.20899,0.01819,0.02943,0.27644,0.28217,0.05731
0.01414,0.01219,0.01423,0.01271,0.00729,0.01227,0.00815,0.42658,0.42326,0.06919
0.02061,0.02000,0.01972,0.02676,0.37308,0.00971,0.01368,0.01699,0.02056,0.47890
0.01187,0.15080,0.13279,0.01523,0.02869,0.00954,0.04561,0.02607,0.07994,0.49945
0.02208,0.00881,0.23715,0.02397,0.04139,0.02118,0.02601,0.29277,0.29264,0.03399
0.05474,0.00565,0.65434,0.05993,0.03761,0.05047,0.04672,0.03653,0.04230,0.01171
0.02000,0.01377,0.00302,0.01735,0.00831,0.42999,0.37667,0.08949,0.03258,0.00883
0.01712,0.01766,0.02373,0.01171,0.05451,0.41258,0.08192,0.34727,0.01648,0.01703
0.01603,0.26536,0.27139,0.01861,0.25273,0.05230,0.05297,0.02490,0.02790,0.01779
0.01323,0.00396,0.02473,0.01256,0.01422,0.29897,0.00874,0.44603,0.15750,0.02006
0.00887,0.00164,0.87756,0.01104,0.05749,0.01029,0.01256,0.00693,0.00772,0.00588
0.01120,0.00472,0.01248,0.00881,0.00671,0.46137,0.22712,0.24688,0.01138,0.00933
0.03607,0.02657,0.04670,0.03410,0.06902,0.06449,0.06732,0.32622,0.31894,0.01057
0.00915,0.02034,0.02180,0.00822,0.00506,0.00621,0.00576,0.44792,0.44856,0.02698
0.02103,0.00439,0.04722,0.04475,0.04951,0.12566,0.27490,0.12749,0.27578,0.02929
0.01520,0.00255,0.21158,0.01167,0.00838,0.34506,0.35196,0.01539,0.01458,0.02362
0.00933,0.01635,0.02050,0.00302,0.02449,0.33226,0.10780,0.34363,0.11082,0.03180
0.41234,0.02184,0.03405,0.40639,0.02143,0.02081,0.02993,0.02279,0.02342,0.00698
0.00381,0.00396,0.00529,0.00472,0.00412,0.37120,0.00840,0.47589,0.11526,0.00736
0.01022,0.01322,0.00663,0.00916,0.00352,0.03330,0.45247,0.01038,0.42495,0.03614
0.01804,0.53530,0.00490,0.01475,0.00488,0.16687,0.17573,0.03205,0.03718,0.01029
0.38445,0.02640,0.05905,0.38316,0.02952,0.01324,0.00984,0.04191,0.04335,0.00909
0.01353,0.00370,0.01135,0.01010,0.00518,0.16361,0.16755,0.15611,0.15432,0.31455
0.01877,0.02080,0.23115,0.01714,0.00718,0.32045,0.31904,0.02679,0.01945,0.01923
0.14399,0.01294,0.01371,0.13579,0.01151,0.02894,0.03059,0.29791,0.30343,0.02119
0.01150,0.01648,0.01326,0.00665,0.01930,0.01411,0.04761,0.41961,0.43468,0.01679
0.01167,0.02458,0.00690,0.01771,0.02898,0.00980,0.02302,0.41941,0.43319,0.02475
0.01898,0.01582,0.74491,0.01691,0.00976,0.00932,0.01154,0.07743,0.07512,0.02021
0.41648,0.01294,0.02858,0.41466,0.01195,0.02909,0.03483,0.01125,0.02268,0.01754
0.01820,0.00557,0.47390,0.01328,0.02287,0.09548,0.10174,0.11567,0.12242,0.03087
0.06955,0.06852,0.00646,0.05097,0.01419,0.28737,0.23470,0.12442,0.07618,0.06763
0.04370,0.00572,0.09243,0.03000,0.11517,0.20978,0.21315,0.12523,0.11598,0.04884
0.05660,0.01776,0.23720,0.04895,0.05530,0.04220,0.03971,0.22984,0.24052,0.03193
0.01309,0.00419,0.37343,0.01235,0.02189,0.10758,0.11546,0.16203,0.17420,0.01579
0.00685,0.01034,0.01082,0.00561,0.00928,0.03963,0.33428,0.01471,0.28902,0.27946
0.01258,0.00409,0.01881,0.01032,0.01715,0.21994,0.23516,0.01665,0.01747,0.44783
0.03910,0.00771,0.01147,0.05522,0.04560,0.15887,0.15394,0.06375,0.05450,0.40983
0.03102,0.00359,0.01331,0.05051,0.00893,0.02678,0.20534,0.04536,0.21744,0.39773
0.03655,0.04428,0.01515,0.03081,0.02905,0.03584,0.04859,0.23100,0.23438,0.29434
0.02547,0.00322,0.48441,0.03771,0.01128,0.04678,0.05457,0.16277,0.15462,0.01915
0.01353,0.00294,0.72807,0.04027,0.07858,0.03511,0.05096,0.01261,0.02826,0.00967
0.01141,0.01428,0.02181,0.00241,0.01323,0.01411,0.26566,0.15835,0.40420,0.09455
0.00764,0.00282,0.00389,0.01384,0.00726,0.01777,0.04080,0.44134,0.45869,0.00594
0.01242,0.00739,0.00669,0.01858,0.02603,0.04337,0.10149,0.36820,0.40081,0.01503
0.01161,0.00669,0.00845,0.01968,0.01287,0.42586,0.43622,0.02359,0.02928,0.02575
0.00951,0.17847,0.18526,0.00749,0.02022,0.01769,0.01950,0.01062,0.01229,0.53895
0.03838,0.62751,0.00356,0.01910,0.01185,0.08302,0.08744,0.05773,0.05581,0.01560
0.03296,0.01900,0.00832,0.03933,0.03617,0.01457,0.06264,0.36549,0.40813,0.01339
0.02461,0.00901,0.00866,0.02015,0.02181,0.36447,0.36511,0.08861,0.08434,0.01324
0.01663,0.04282,0.02812,0.00365,0.03802,0.12531,0.13034,0.30282,0.29868,0.01361
0.00303,0.91496,0.00340,0.00655,0.00335,0.00674,0.00885,0.02265,0.02470,0.00578
0.01579,0.01216,0.02147,0.01647,0.01980,0.03509,0.30384,0.05981,0.32812,0.18745
0.10373,0.05454,0.05008,0.09137,0.00798,0.26142,0.30292,0.04021,0.07898,0.00878
0.01842,0.01270,0.01353,0.02093,0.03185,0.26640,0.27959,0.16036,0.16493,0.03128
0.00893,0.00394,0.85977,0.00502,0.01347,0.00640,0.00695,0.01773,0.01765,0.06014
0.03211,0.02215,0.03221,0.01767,0.00364,0.06401,0.13225,0.02944,0.10917,0.55735
0.02037,0.07249,0.00358,0.02290,0.01182,0.13007,0.14190,0.28417,0.29179,0.02092
0.05047,0.31625,0.06097,0.02689,0.02722,0.18272,0.19194,0.04315,0.04754,0.05285
0.01308,0.01030,0.03806,0.01479,0.01686,0.01631,0.02555,0.42374,0.42208,0.01922
0.01231,0.01245,0.00956,0.01550,0.01796,0.13184,0.14671,0.24357,0.24410,0.16599
0.02191,0.02365,0.01637,0.01660,0.02001,0.12616,0.13955,0.04069,0.04866,0.54639
0.03204,0.00395,0.04124,0.06164,0.04366,0.03022,0.04595,0.21744,0.23405,0.28981
0.00391,0.00332,0.00573,0.00396,0.00769,0.00864,0.01032,0.42512,0.42182,0.10949
0.02505,0.02617,0.55183,0.02888,0.01841,0.00757,0.12248,0.00773,0.12892,0.08297
0.00770,0.00645,0.00475,0.00779,0.00525,0.37177,0.37791,0.10077,0.10196,0.01565
0.00777,0.01698,0.00576,0.00831,0.00512,0.01753,0.02608,0.45044,0.45024,0.01178
0.28007,0.00999,0.01566,0.27580,0.00893,0.00555,0.03518,0.16579,0.19710,0.00592
0.00882,0.00551,0.00871,0.01320,0.00608,0.01382,0.19403,0.05873,0.24042,0.45067
0.02268,0.02565,0.04491,0.02323,0.20741,0.00780,0.01299,0.05963,0.05567,0.54002
0.02416,0.00338,0.72031,0.02646,0.00621,0.04867,0.03314,0.06191,0.04513,0.03063
0.03158,0.01117,0.00397,0.02524,0.02433,0.18377,0.23691,0.19924,0.24449,0.03930
0.02742,0.02436,0.03162,0.02051,0.01790,0.05960,0.07820,0.35525,0.36602,0.01911
0.01830,0.02737,0.01847,0.01260,0.02796,0.14341,0.15622,0.03063,0.03531,0.52974
0.00915,0.00176,0.00917,0.01201,0.00909,0.14030,0.02905,0.18043,0.07438,0.53466
0.04468,0.14077,0.03954,0.06286,0.02614,0.09890,0.09743,0.22590,0.23207,0.03171
0.01008,0.00481,0.00602,0.01020,0.00518,0.00398,0.02378,0.46083,0.46977,0.00535
0.01721,0.01684,0.13639,0.02129,0.01212,0.02118,0.02121,0.35598,0.35541,0.04239
0.01561,0.00586,0.02288,0.04764,0.01820,0.36483,0.31558,0.10129,0.02125,0.08686
0.02042,0.00392,0.02613,0.03911,0.01123,0.02180,0.02430,0.10625,0.10201,0.64483
0.02930,0.00288,0.78866,0.01665,0.02851,0.00993,0.01369,0.04924,0.05140,0.00973
0.01999,0.02830,0.18575,0.02856,0.00782,0.24184,0.18252,0.15393,0.09324,0.05805
0.04092,0.01917,0.03586,0.03793,0.04877,0.17936,0.19834,0.20425,0.22709,0.00832
0.02524,0.74429,0.09066,0.01444,0.01430,0.02707,0.03579,0.01375,0.01194,0.02253
0.01016,0.85429,0.01194,0.01321,0.01769,0.02117,0.02191,0.02029,0.02067,0.00868
0.00828,0.00402,0.02090,0.01101,0.00743,0.00537,0.00505,0.05283,0.04846,0.83664
