0.01625,0.03905,0.03974,0.02277,0.02408,0.00948,0.03570,0.03347,0.08843,0.01446,0.00895,0.05237,0.13720,0.01062,0.13164,0.17350,0.01444,0.01555,0.09111,0.04119
0.01852,0.03548,0.02179,0.25795,0.03034,0.04013,0.02081,0.08088,0.01257,0.01433,0.01545,0.01924,0.24115,0.00839,0.02058,0.00990,0.00941,0.04758,0.02374,0.07177
0.01458,0.01184,0.02237,0.00859,0.08066,0.46172,0.03452,0.08865,0.01080,0.01324,0.01383,0.01313,0.01977,0.02342,0.06954,0.03858,0.03190,0.00832,0.01613,0.01840
0.37023,0.09352,0.09217,0.09334,0.00809,0.01932,0.02353,0.02633,0.00956,0.14954,0.01428,0.01088,0.02257,0.00795,0.01909,0.00296,0.00618,0.01644,0.00631,0.00771
0.01780,0.04834,0.06185,0.09146,0.09376,0.03126,0.11699,0.16795,0.02509,0.01696,0.08463,0.01246,0.07496,0.01556,0.02105,0.03438,0.02066,0.01275,0.01610,0.03601
0.01673,0.02009,0.00986,0.03484,0.01682,0.00925,0.06995,0.12400,0.00704,0.01022,0.14600,0.02346,0.01172,0.41659,0.03634,0.00746,0.01192,0.00991,0.00631,0.01148
0.00788,0.04844,0.02018,0.07506,0.01726,0.01742,0.03082,0.04454,0.01906,0.00972,0.11857,0.02615,0.03041,0.40228,0.02293,0.04155,0.01577,0.01850,0.00942,0.02403
0.01936,0.01764,0.04081,0.01997,0.13793,0.01075,0.05861,0.12086,0.07869,0.01645,0.29675,0.03558,0.02339,0.00690,0.02301,0.01870,0.02368,0.01634,0.01721,0.01737
0.04741,0.00952,0.03638,0.02668,0.06181,0.01155,0.17144,0.09478,0.01388,0.07161,0.04738,0.02486,0.00621,0.03084,0.02840,0.19867,0.06784,0.02240,0.01268,0.01566
0.00738,0.01579,0.02909,0.01591,0.01082,0.02460,0.05433,0.07859,0.00803,0.00656,0.12455,0.02265,0.01669,0.50250,0.01832,0.01094,0.01533,0.00719,0.00768,0.02307
0.01487,0.16826,0.07363,0.02437,0.00847,0.00789,0.01762,0.03248,0.12374,0.01451,0.33724,0.00830,0.06833,0.00496,0.03445,0.01166,0.01669,0.01209,0.01053,0.00991
0.01511,0.03479,0.01978,0.00540,0.02506,0.03509,0.15716,0.03956,0.01421,0.01687,0.04434,0.01560,0.04924,0.31752,0.02805,0.03999,0.02927,0.04267,0.00921,0.06111
0.01529,0.18981,0.04902,0.24419,0.02566,0.03073,0.03345,0.05926,0.05757,0.01576,0.02770,0.04638,0.02163,0.00909,0.02720,0.01641,0.01188,0.04251,0.05219,0.02425
0.02952,0.00871,0.01738,0.04339,0.02814,0.01464,0.03077,0.14834,0.16626,0.02967,0.10176,0.02508,0.04332,0.00940,0.06722,0.00914,0.02268,0.03524,0.08188,0.08745
0.01335,0.03313,0.00935,0.00740,0.03354,0.42108,0.02840,0.11954,0.02749,0.00795,0.00854,0.04644,0.03471,0.00935,0.01433,0.01601,0.01422,0.00895,0.00773,0.13849
0.01981,0.19542,0.08739,0.01557,0.01742,0.01050,0.05352,0.07534,0.01032,0.01012,0.17894,0.01647,0.09167,0.06220,0.06593,0.01440,0.03525,0.01711,0.00821,0.01440
0.15952,0.04382,0.05082,0.12722,0.01918,0.03047,0.06582,0.08032,0.03254,0.15792,0.02097,0.01560,0.02708,0.01711,0.02996,0.01096,0.05475,0.02290,0.01298,0.02005
0.02547,0.18997,0.03423,0.03702,0.00892,0.02021,0.21006,0.05863,0.00647,0.03505,0.01398,0.03990,0.00972,0.03345,0.03234,0.00780,0.06528,0.01783,0.12512,0.02853
0.05348,0.01430,0.06353,0.02681,0.00939,0.01920,0.07664,0.07355,0.19521,0.03112,0.27439,0.00820,0.03850,0.00408,0.02307,0.00497,0.00724,0.02597,0.01182,0.03854
0.01022,0.02480,0.02929,0.00822,0.02420,0.01144,0.02180,0.09324,0.15132,0.02086,0.12980,0.01400,0.28162,0.01538,0.03200,0.06772,0.01944,0.02466,0.00993,0.01005
0.02129,0.05476,0.01016,0.31392,0.05838,0.04028,0.07048,0.05890,0.04010,0.00833,0.01444,0.02988,0.06011,0.01178,0.02332,0.01644,0.03233,0.03704,0.03163,0.06644
0.01688,0.03523,0.06797,0.03240,0.01125,0.01508,0.02977,0.08243,0.23698,0.03392,0.12763,0.01409,0.05626,0.01260,0.03907,0.02012,0.01829,0.12289,0.00882,0.01830
0.00716,0.20408,0.08451,0.00675,0.00824,0.00870,0.00977,0.01548,0.00726,0.00875,0.03221,0.00773,0.01975,0.52201,0.00992,0.00920,0.01422,0.00708,0.00563,0.01155
0.03883,0.04967,0.05580,0.00716,0.01008,0.01552,0.01536,0.37574,0.01778,0.01273,0.04028,0.01309,0.02085,0.01006,0.03596,0.00704,0.25038,0.00597,0.00784,0.00987
0.01689,0.01127,0.01950,0.02216,0.01807,0.10972,0.02746,0.17960,0.20951,0.01690,0.20503,0.01933,0.01466,0.00410,0.02037,0.00618,0.00753,0.00883,0.00673,0.07618
0.00826,0.03603,0.04296,0.03252,0.02337,0.01533,0.04923,0.11959,0.01959,0.02064,0.16846,0.03332,0.03208,0.03642,0.02330,0.27384,0.01182,0.00960,0.01748,0.02618
0.01693,0.01097,0.05263,0.02159,0.00969,0.10849,0.10063,0.26072,0.12245,0.00745,0.01497,0.01799,0.01111,0.02585,0.06630,0.09742,0.01617,0.00922,0.00996,0.01946
0.01656,0.12028,0.01969,0.12093,0.04303,0.02848,0.10399,0.17461,0.01692,0.01406,0.01439,0.04987,0.13009,0.00642,0.01934,0.01001,0.00873,0.02556,0.01278,0.06426
0.04056,0.05652,0.05354,0.01847,0.00665,0.05166,0.04448,0.10652,0.07088,0.12894,0.07216,0.01121,0.02158,0.01653,0.09048,0.00576,0.04137,0.03089,0.08557,0.04624
0.01110,0.03098,0.01336,0.00918,0.10227,0.25488,0.01514,0.03128,0.01034,0.00855,0.02249,0.03312,0.03666,0.06870,0.06736,0.01062,0.01219,0.00665,0.02239,0.23273
0.04479,0.08343,0.03476,0.03721,0.00984,0.00996,0.03336,0.01941,0.02448,0.15581,0.04869,0.01319,0.10186,0.01206,0.04725,0.23932,0.00918,0.02885,0.02721,0.01935
0.02022,0.02324,0.08618,0.05064,0.09190,0.01421,0.10345,0.16542,0.03256,0.13638,0.02538,0.04294,0.02589,0.02031,0.06281,0.02738,0.02219,0.02096,0.01560,0.01234
0.01088,0.02045,0.05339,0.01757,0.02143,0.05658,0.02766,0.39031,0.04124,0.01161,0.05215,0.05148,0.02498,0.02850,0.02696,0.03617,0.04342,0.03625,0.03071,0.01826
0.00951,0.01808,0.01085,0.02936,0.01617,0.01991,0.02055,0.10836,0.00979,0.00932,0.21776,0.02031,0.01353,0.20573,0.01091,0.00955,0.06617,0.01014,0.04134,0.15269
0.03368,0.08999,0.01063,0.00633,0.13407,0.01550,0.03279,0.02523,0.02017,0.02294,0.01318,0.09409,0.15484,0.01840,0.07082,0.00896,0.01996,0.09154,0.10533,0.03154
0.00703,0.02117,0.00902,0.03772,0.01717,0.01029,0.02867,0.11288,0.00834,0.34937,0.05860,0.01691,0.01577,0.01393,0.00773,0.20017,0.02526,0.04405,0.00731,0.00863
0.07013,0.02053,0.01756,0.00895,0.05287,0.25138,0.14345,0.10833,0.01918,0.00974,0.06773,0.02052,0.02964,0.03976,0.04488,0.00660,0.02002,0.01066,0.02138,0.03670
0.42658,0.01538,0.05462,0.01736,0.00635,0.01943,0.02464,0.13401,0.01862,0.18634,0.00802,0.00711,0.00868,0.00596,0.01871,0.00752,0.01411,0.00626,0.01047,0.00985
0.26466,0.03906,0.05069,0.08233,0.01143,0.01450,0.09336,0.05677,0.06635,0.11280,0.01211,0.02460,0.02349,0.00884,0.07955,0.01276,0.00984,0.01899,0.00785,0.01002
0.02807,0.27873,0.05974,0.00966,0.04196,0.01259,0.02000,0.04855,0.02069,0.01299,0.07137,0.01559,0.14157,0.01975,0.04238,0.00497,0.01504,0.01832,0.12292,0.01512
0.03967,0.02127,0.01566,0.22023,0.03038,0.02353,0.17280,0.07946,0.02174,0.02612,0.03726,0.04709,0.11829,0.01372,0.04956,0.01463,0.00818,0.02170,0.00939,0.02931
0.27595,0.02691,0.03968,0.00935,0.03347,0.00853,0.01874,0.03789,0.02897,0.23766,0.02488,0.06939,0.01563,0.03045,0.03761,0.00751,0.01275,0.02675,0.04758,0.01029
0.17122,0.02589,0.09271,0.04968,0.00880,0.08142,0.03806,0.04256,0.00654,0.28382,0.01820,0.01660,0.01243,0.02389,0.03371,0.00567,0.02070,0.02238,0.01188,0.03385
0.03127,0.05029,0.12867,0.03875,0.01590,0.01847,0.03410,0.12151,0.02907,0.02490,0.08407,0.12747,0.08698,0.00970,0.02076,0.03777,0.03213,0.02428,0.06462,0.01929
0.01122,0.02649,0.01930,0.01476,0.02235,0.03143,0.01107,0.03947,0.01055,0.01215,0.02216,0.08116,0.05715,0.43893,0.01359,0.04237,0.05828,0.02483,0.02359,0.03914
0.01906,0.02640,0.02087,0.03446,0.03413,0.03362,0.02536,0.09036,0.01718,0.05533,0.06082,0.04950,0.02664,0.03142,0.02117,0.20591,0.04419,0.02486,0.02593,0.15280
0.00984,0.03294,0.06198,0.01877,0.01918,0.03487,0.03014,0.32690,0.02257,0.01151,0.10155,0.02776,0.01456,0.02667,0.02155,0.02610,0.08025,0.02442,0.08161,0.02683
0.07042,0.01420,0.01384,0.03133,0.06101,0.00962,0.23043,0.07204,0.01642,0.27799,0.00785,0.04327,0.01879,0.01178,0.06444,0.01626,0.00783,0.00785,0.01486,0.00978
0.01994,0.01969,0.01377,0.02135,0.02823,0.00595,0.15102,0.10920,0.22310,0.01817,0.26602,0.01583,0.03440,0.00677,0.01394,0.01131,0.00840,0.01373,0.00612,0.01307
0.02063,0.03457,0.08883,0.00978,0.00907,0.01000,0.03679,0.11883,0.32822,0.01295,0.18402,0.01095,0.04184,0.00574,0.03165,0.01496,0.01321,0.01275,0.00579,0.00941
0.01710,0.05449,0.02214,0.02494,0.01252,0.03425,0.02530,0.08795,0.02625,0.02201,0.06538,0.01637,0.09063,0.30203,0.03375,0.03107,0.04263,0.04091,0.02405,0.02624
0.01742,0.03413,0.07046,0.03427,0.01334,0.02312,0.02437,0.05869,0.01711,0.02273,0.08055,0.01135,0.12060,0.32652,0.01929,0.01754,0.03442,0.02505,0.00885,0.04019
0.06988,0.05320,0.03251,0.03380,0.01555,0.04663,0.01867,0.03910,0.27346,0.01607,0.01175,0.02402,0.03468,0.02240,0.04987,0.11212,0.01361,0.02363,0.02403,0.08502
0.08016,0.01267,0.01359,0.02555,0.03100,0.03764,0.03428,0.07544,0.02992,0.12013,0.02717,0.04937,0.01487,0.01609,0.03143,0.00951,0.02095,0.29686,0.05150,0.02189
0.02120,0.06378,0.05784,0.02639,0.03309,0.01171,0.08199,0.03253,0.01569,0.09819,0.08943,0.10042,0.08152,0.01984,0.02192,0.18850,0.01202,0.01443,0.00784,0.02167
0.12707,0.01813,0.02457,0.28224,0.01125,0.02350,0.07031,0.10924,0.06160,0.01892,0.03079,0.01279,0.03667,0.01552,0.01451,0.03423,0.01420,0.03102,0.00910,0.05433
0.04251,0.32673,0.09571,0.01928,0.06359,0.01696,0.09348,0.03818,0.01637,0.07285,0.02036,0.02545,0.01211,0.01571,0.02455,0.03986,0.02154,0.01079,0.02964,0.01432
0.06075,0.04014,0.02851,0.05251,0.03525,0.02225,0.08213,0.09553,0.01108,0.17935,0.02734,0.02975,0.07083,0.00854,0.02266,0.14807,0.04010,0.02034,0.00766,0.01717
0.01018,0.02612,0.03386,0.00755,0.02249,0.01488,0.02900,0.04638,0.27604,0.00866,0.01483,0.02254,0.01770,0.03481,0.15429,0.14132,0.06526,0.02256,0.03988,0.01164
0.01139,0.10540,0.01861,0.32998,0.02172,0.02671,0.10764,0.04886,0.01227,0.03195,0.02351,0.01474,0.12783,0.02356,0.01437,0.01809,0.01300,0.01285,0.01315,0.02436
0.03544,0.32778,0.01826,0.02880,0.02508,0.01544,0.13490,0.02575,0.00787,0.06779,0.02334,0.01628,0.01002,0.07109,0.01153,0.02490,0.01330,0.05754,0.06447,0.02041
0.24170,0.03289,0.01185,0.02169,0.02927,0.00798,0.02891,0.03516,0.03172,0.27830,0.03653,0.05991,0.03909,0.02306,0.06734,0.00606,0.01601,0.01067,0.01081,0.01103
0.01352,0.01437,0.01068,0.28659,0.01371,0.01719,0.13177,0.28301,0.03140,0.00792,0.02744,0.00784,0.07086,0.01094,0.01763,0.01122,0.00977,0.00837,0.00619,0.01961
0.11420,0.22207,0.02636,0.02365,0.02956,0.01107,0.21619,0.07225,0.01291,0.04349,0.02653,0.03407,0.00780,0.03839,0.01642,0.02248,0.01588,0.02052,0.03527,0.01087
0.03369,0.01609,0.03950,0.35969,0.01372,0.01513,0.05322,0.11185,0.02607,0.02838,0.02007,0.01066,0.02276,0.02220,0.05424,0.02451,0.01538,0.01380,0.10297,0.01604
0.07153,0.08098,0.02117,0.01400,0.01648,0.02664,0.08186,0.14361,0.01081,0.17136,0.01436,0.04390,0.08127,0.03275,0.07743,0.00768,0.01327,0.04244,0.02157,0.02690
0.02468,0.09107,0.06000,0.03914,0.01169,0.01269,0.03897,0.07462,0.06040,0.05082,0.35383,0.01451,0.04250,0.00559,0.04644,0.02470,0.01208,0.02262,0.00465,0.00900
0.00947,0.09247,0.07824,0.00681,0.01099,0.05788,0.04886,0.20738,0.21444,0.00763,0.02051,0.01780,0.03300,0.02262,0.01575,0.07599,0.03492,0.01112,0.01061,0.02352
0.01892,0.04540,0.04058,0.01482,0.03236,0.00877,0.02975,0.06573,0.00595,0.00952,0.02669,0.02211,0.02240,0.44986,0.10985,0.01751,0.03523,0.02318,0.00850,0.01286
0.01552,0.02132,0.13492,0.01033,0.02067,0.01779,0.01986,0.39776,0.02324,0.00685,0.01633,0.03557,0.01031,0.01765,0.01768,0.01153,0.13567,0.01244,0.05989,0.01468
0.01422,0.02753,0.27298,0.03821,0.01299,0.35702,0.01530,0.04750,0.00558,0.00936,0.01069,0.01224,0.01685,0.01648,0.01480,0.00933,0.01506,0.01446,0.01714,0.07227
0.01307,0.01395,0.02037,0.04605,0.01069,0.01649,0.02425,0.08767,0.21176,0.04469,0.19563,0.01371,0.07898,0.00821,0.06142,0.00619,0.08031,0.03748,0.00853,0.02055
0.39372,0.07422,0.04161,0.00752,0.00812,0.02586,0.03096,0.07816,0.02666,0.05012,0.03765,0.01416,0.04070,0.00864,0.05600,0.00574,0.02079,0.03912,0.01794,0.02229
0.00764,0.04242,0.06073,0.04023,0.04762,0.01415,0.03335,0.10805,0.01291,0.34989,0.01790,0.01876,0.02416,0.00602,0.01362,0.12606,0.00889,0.02715,0.02133,0.01911
0.21594,0.02798,0.02263,0.09445,0.01500,0.01440,0.08658,0.11265,0.00707,0.12819,0.00971,0.02866,0.13079,0.00933,0.02557,0.00498,0.01543,0.02416,0.01270,0.01378
0.01269,0.02129,0.09114,0.00667,0.01890,0.07110,0.00913,0.20751,0.04317,0.02156,0.01960,0.04836,0.03182,0.00953,0.01932,0.01463,0.30622,0.01026,0.01388,0.02321
0.02252,0.01702,0.04325,0.01481,0.02063,0.31833,0.05762,0.07669,0.02665,0.03029,0.01202,0.02075,0.03476,0.01156,0.05464,0.01712,0.01390,0.01255,0.01623,0.17866
0.32990,0.01539,0.01819,0.01845,0.01505,0.02826,0.01285,0.03682,0.04434,0.27853,0.00832,0.06255,0.01628,0.00482,0.01148,0.00314,0.01348,0.01785,0.03643,0.02787
0.00386,0.01398,0.16760,0.01470,0.00973,0.01551,0.00944,0.02320,0.25720,0.00490,0.01068,0.00438,0.06292,0.00928,0.00777,0.10727,0.01031,0.01102,0.24571,0.01054
0.01048,0.01509,0.11583,0.00915,0.05963,0.01587,0.05377,0.11532,0.20293,0.01118,0.01992,0.01717,0.02977,0.05456,0.13459,0.04315,0.04991,0.01001,0.01458,0.01709
0.01658,0.01009,0.01515,0.02447,0.01138,0.04880,0.08897,0.15865,0.21172,0.01185,0.01316,0.02026,0.01878,0.01785,0.05636,0.09570,0.02883,0.01991,0.01482,0.11666
0.02155,0.03754,0.14246,0.05064,0.02432,0.01801,0.02606,0.13760,0.10834,0.01312,0.19977,0.02101,0.04370,0.00661,0.05606,0.01488,0.01539,0.01498,0.02851,0.01944
0.00903,0.01343,0.14628,0.01749,0.00857,0.00958,0.01992,0.45310,0.01171,0.01322,0.01768,0.01005,0.00726,0.00738,0.01215,0.01264,0.21301,0.00725,0.00485,0.00540
0.03159,0.13168,0.01279,0.00484,0.04618,0.02864,0.03365,0.03345,0.05568,0.30780,0.01350,0.05005,0.12737,0.00598,0.03070,0.00693,0.00818,0.00935,0.02569,0.03595
0.02714,0.01961,0.03088,0.01424,0.04061,0.02338,0.01138,0.03089,0.18366,0.05274,0.26633,0.01685,0.13635,0.00680,0.03070,0.01935,0.01674,0.01286,0.01320,0.04631
0.01469,0.11576,0.02176,0.00923,0.00637,0.07168,0.03802,0.07504,0.27268,0.01373,0.00820,0.01572,0.05298,0.01288,0.02298,0.09251,0.02355,0.02625,0.05388,0.05210
0.01666,0.02955,0.09038,0.02523,0.07805,0.02425,0.01758,0.25828,0.02831,0.02257,0.03973,0.02968,0.02157,0.01260,0.02892,0.01997,0.15712,0.01259,0.04573,0.04123
0.01316,0.02806,0.04995,0.01959,0.03097,0.02663,0.05315,0.03892,0.20331,0.00724,0.01581,0.02675,0.04802,0.05104,0.04997,0.18181,0.06269,0.03666,0.02158,0.03468
0.03940,0.02017,0.02686,0.01890,0.02470,0.01416,0.01469,0.20530,0.01261,0.05592,0.02680,0.03457,0.01419,0.01916,0.02290,0.02342,0.37628,0.01383,0.02593,0.01020
0.00804,0.02150,0.02300,0.04329,0.01524,0.01922,0.10324,0.09101,0.06753,0.01202,0.04495,0.03556,0.03455,0.05957,0.06124,0.13552,0.01763,0.05392,0.14268,0.01029
0.02236,0.04339,0.16810,0.01072,0.01244,0.11145,0.00880,0.29724,0.05028,0.07430,0.01442,0.02283,0.03940,0.00747,0.01170,0.01533,0.05129,0.01129,0.01202,0.01517
0.04829,0.05161,0.02310,0.01650,0.01407,0.42672,0.05518,0.09032,0.01901,0.02771,0.01251,0.00894,0.08603,0.00732,0.05165,0.01332,0.00889,0.00410,0.00740,0.02731
0.02748,0.30381,0.04499,0.00998,0.01510,0.01609,0.17698,0.05776,0.00753,0.02553,0.01241,0.01624,0.02457,0.01858,0.15464,0.02258,0.02795,0.01058,0.01401,0.01318
0.08137,0.02988,0.02197,0.01875,0.01965,0.02059,0.03285,0.04929,0.00806,0.04875,0.23811,0.02503,0.01528,0.28977,0.02489,0.01287,0.00990,0.02536,0.01031,0.01731
0.03006,0.04034,0.20469,0.00957,0.01553,0.03058,0.02324,0.13868,0.12971,0.02912,0.02105,0.01672,0.17932,0.01256,0.01966,0.02061,0.03914,0.01010,0.00730,0.02202
0.01461,0.02473,0.05852,0.15585,0.35987,0.02428,0.01899,0.02063,0.01291,0.01622,0.02370,0.07132,0.02485,0.01978,0.04168,0.05570,0.00769,0.00611,0.01062,0.03194
0.03370,0.16837,0.11059,0.02525,0.02484,0.00496,0.42627,0.02696,0.00950,0.01838,0.01096,0.04113,0.00786,0.01390,0.00993,0.01269,0.02148,0.01175,0.01123,0.01026
0.01254,0.08416,0.04483,0.01220,0.01584,0.03945,0.01988,0.29744,0.02305,0.02805,0.05146,0.01308,0.05922,0.10859,0.03212,0.02661,0.03714,0.01144,0.04043,0.04249
0.03325,0.00868,0.05455,0.02706,0.03253,0.29756,0.01160,0.03903,0.00505,0.11115,0.00890,0.01430,0.01002,0.01959,0.00745,0.00983,0.01540,0.00917,0.01522,0.26967
0.03080,0.01629,0.01750,0.02617,0.02338,0.00800,0.12687,0.04980,0.00679,0.16928,0.02715,0.01566,0.04143,0.01831,0.08645,0.24266,0.03459,0.02376,0.00620,0.02890
