0.18712,0.01669,0.06457,0.01463,0.05611,0.08651,0.01482,0.32388,0.01692,0.02649,0.01589,0.03804,0.01313,0.01697,0.02475,0.02567,0.01334,0.01339,0.01098,0.02008
0.09789,0.01707,0.09950,0.01519,0.08248,0.17499,0.01692,0.23212,0.01817,0.02237,0.01608,0.05377,0.01507,0.01625,0.01557,0.05418,0.01228,0.01243,0.01368,0.01398
0.08872,0.01681,0.05668,0.01931,0.07136,0.10137,0.02085,0.13667,0.01921,0.02719,0.02040,0.19287,0.02728,0.01981,0.02013,0.09313,0.01903,0.01217,0.01348,0.02354
0.30518,0.01194,0.16894,0.01023,0.05122,0.09944,0.01008,0.17726,0.00891,0.01356,0.01227,0.02498,0.01620,0.01144,0.01845,0.01956,0.01045,0.01089,0.00688,0.01214
0.06302,0.02715,0.16463,0.03809,0.10915,0.06538,0.02187,0.17455,0.01742,0.02500,0.02013,0.06774,0.01866,0.01820,0.01376,0.07559,0.02901,0.01583,0.01514,0.01969
0.20078,0.00953,0.06016,0.00935,0.06917,0.29163,0.00895,0.22361,0.00790,0.01140,0.00936,0.02132,0.00959,0.00803,0.00829,0.02061,0.00909,0.00626,0.00620,0.00875
0.03678,0.01279,0.06669,0.01642,0.08977,0.03723,0.01390,0.42599,0.01215,0.01914,0.02424,0.03538,0.02007,0.03946,0.05181,0.02144,0.02411,0.01803,0.01317,0.02143
0.18014,0.01484,0.11382,0.01253,0.06883,0.24273,0.01472,0.15149,0.01648,0.02061,0.01147,0.03320,0.01626,0.01470,0.01271,0.03208,0.01296,0.01014,0.00776,0.01253
0.18078,0.00974,0.06506,0.01134,0.07098,0.07958,0.01120,0.20864,0.00884,0.01494,0.01535,0.10631,0.01189,0.01098,0.01263,0.13956,0.01150,0.00728,0.00926,0.01415
0.07537,0.01823,0.15843,0.01279,0.25269,0.08790,0.00935,0.13220,0.01254,0.02011,0.01282,0.04865,0.01243,0.01367,0.01493,0.07700,0.01253,0.00728,0.00867,0.01242
0.25917,0.01350,0.11238,0.01289,0.06660,0.14194,0.01208,0.15649,0.01153,0.01502,0.01597,0.04254,0.01288,0.01034,0.01405,0.05849,0.01327,0.01185,0.00728,0.01170
0.11314,0.00719,0.02614,0.00537,0.02730,0.10230,0.00577,0.14949,0.00575,0.00744,0.00672,0.06794,0.00884,0.00564,0.00624,0.43403,0.00538,0.00470,0.00413,0.00648
0.13821,0.01736,0.05255,0.01375,0.05110,0.06594,0.01627,0.13529,0.01270,0.02129,0.01338,0.16899,0.01517,0.01359,0.01660,0.19255,0.01828,0.00967,0.00866,0.01863
0.13202,0.02344,0.26666,0.01654,0.11374,0.10927,0.02215,0.09121,0.01931,0.03025,0.01716,0.02185,0.01706,0.01488,0.01307,0.02384,0.02223,0.02010,0.01096,0.01427
0.16854,0.01613,0.11704,0.01351,0.14129,0.13959,0.01553,0.08783,0.02049,0.02604,0.01557,0.04922,0.01949,0.01689,0.01583,0.07093,0.01685,0.02133,0.01116,0.01673
0.24370,0.01065,0.08885,0.00769,0.09064,0.24498,0.00743,0.11070,0.00666,0.01116,0.01010,0.06008,0.00894,0.00885,0.01015,0.05336,0.00663,0.00613,0.00448,0.00882
0.13788,0.01412,0.07735,0.00963,0.07184,0.19409,0.01119,0.18734,0.00920,0.01637,0.01583,0.08217,0.02008,0.01578,0.02883,0.06041,0.00962,0.01040,0.00784,0.02006
0.21869,0.01414,0.06353,0.01231,0.06438,0.20425,0.01291,0.24079,0.01035,0.01820,0.01247,0.03027,0.00978,0.00901,0.00994,0.03392,0.00978,0.00885,0.00645,0.00998
0.15263,0.01740,0.11386,0.01805,0.10503,0.24730,0.01649,0.08998,0.01420,0.02315,0.01449,0.04991,0.01511,0.01161,0.01286,0.05041,0.01384,0.01091,0.00918,0.01360
0.20193,0.01832,0.06028,0.01338,0.07881,0.13456,0.01525,0.06339,0.01242,0.01711,0.03215,0.14068,0.03368,0.02327,0.02583,0.05183,0.02743,0.01574,0.00989,0.02404
0.18816,0.02084,0.06843,0.01135,0.06541,0.21873,0.01614,0.12259,0.01283,0.01724,0.01737,0.07921,0.00854,0.01566,0.01270,0.07957,0.00980,0.01316,0.00829,0.01398
0.06944,0.01510,0.06120,0.01905,0.05419,0.05596,0.01408,0.40497,0.01318,0.01982,0.01913,0.08804,0.02438,0.01471,0.01962,0.05360,0.01564,0.01214,0.00884,0.01691
0.20545,0.01019,0.04380,0.00872,0.03871,0.42953,0.00959,0.10877,0.00931,0.01192,0.00937,0.03308,0.00819,0.00975,0.00998,0.02467,0.00735,0.00720,0.00555,0.00887
0.07703,0.01562,0.02899,0.01421,0.03185,0.19273,0.01424,0.22537,0.01494,0.02250,0.01614,0.13233,0.01978,0.01587,0.02153,0.09507,0.01533,0.01399,0.01201,0.02049
0.12237,0.01722,0.10793,0.01502,0.11964,0.12729,0.01675,0.22473,0.01626,0.02042,0.01450,0.05263,0.01308,0.01432,0.01339,0.05639,0.01572,0.01011,0.01005,0.01218
0.06796,0.01162,0.03395,0.01115,0.12150,0.19555,0.01057,0.17445,0.01264,0.01269,0.01276,0.13690,0.01543,0.01228,0.01152,0.11500,0.01378,0.01058,0.00782,0.01185
0.24316,0.01457,0.06228,0.01315,0.13251,0.21195,0.01004,0.10037,0.00936,0.02103,0.01086,0.05605,0.01219,0.01311,0.01194,0.03871,0.01032,0.00961,0.00762,0.01117
0.16847,0.01153,0.03723,0.00973,0.03086,0.19817,0.01393,0.22440,0.00812,0.01628,0.00975,0.10963,0.01101,0.00874,0.01058,0.09873,0.00943,0.00675,0.00748,0.00920
0.22064,0.01531,0.12027,0.01374,0.09949,0.21655,0.01316,0.08971,0.01349,0.02793,0.01265,0.03488,0.01448,0.01172,0.01496,0.03619,0.01077,0.00893,0.01129,0.01385
0.09063,0.01386,0.12768,0.01304,0.16950,0.07688,0.00838,0.20392,0.01107,0.01894,0.03060,0.05238,0.02975,0.01951,0.02779,0.05183,0.01555,0.01263,0.01316,0.01290
0.10637,0.02908,0.07473,0.02048,0.07047,0.11642,0.01744,0.21701,0.02177,0.02501,0.02478,0.06156,0.02867,0.01801,0.01963,0.07000,0.02713,0.01888,0.01591,0.01669
0.07850,0.02409,0.09363,0.01916,0.09565,0.23506,0.01671,0.17120,0.02043,0.02459,0.01901,0.04421,0.02131,0.01545,0.01533,0.04727,0.01524,0.01548,0.01092,0.01675
0.08393,0.01237,0.12840,0.01221,0.16708,0.10325,0.01585,0.26029,0.01333,0.01662,0.01623,0.04023,0.01519,0.01157,0.01220,0.04515,0.01495,0.01031,0.00852,0.01232
0.32214,0.00918,0.17358,0.00844,0.04220,0.10365,0.00751,0.21855,0.00592,0.00864,0.00711,0.02157,0.00782,0.00828,0.00828,0.01946,0.00615,0.00620,0.00472,0.01061
0.18509,0.01968,0.11769,0.01882,0.12530,0.12207,0.01722,0.07490,0.01869,0.02551,0.02121,0.04678,0.03043,0.02436,0.02132,0.04601,0.02711,0.01843,0.01326,0.02613
0.05482,0.01380,0.02732,0.01042,0.23413,0.16450,0.00761,0.22506,0.00902,0.01313,0.00982,0.09284,0.01131,0.00846,0.00926,0.07548,0.00868,0.00619,0.00617,0.01198
0.13613,0.02113,0.12221,0.00984,0.16618,0.10864,0.01560,0.21447,0.01468,0.02202,0.01268,0.03733,0.01030,0.01236,0.01349,0.03781,0.01376,0.00985,0.00700,0.01451
0.16936,0.01527,0.14995,0.01749,0.09458,0.17535,0.01520,0.16030,0.01032,0.01753,0.01085,0.04969,0.01399,0.01078,0.01260,0.03644,0.01053,0.00854,0.00786,0.01338
0.15524,0.02277,0.09816,0.01214,0.08211,0.14073,0.01449,0.16635,0.01375,0.01905,0.02247,0.09011,0.01993,0.01644,0.01897,0.05000,0.01607,0.01283,0.00894,0.01945
0.18952,0.02374,0.07981,0.01770,0.07889,0.07603,0.01429,0.16679,0.01771,0.02159,0.01631,0.10424,0.01625,0.01970,0.02272,0.06412,0.02249,0.01400,0.01472,0.01939
0.08222,0.01642,0.05664,0.00972,0.06073,0.08447,0.01259,0.31374,0.01057,0.01413,0.01411,0.12912,0.01260,0.00872,0.01157,0.12386,0.01280,0.00949,0.00640,0.01011
0.26062,0.01127,0.08333,0.01110,0.13546,0.19151,0.00969,0.10627,0.01016,0.01713,0.01372,0.04237,0.01325,0.00958,0.01436,0.03203,0.00931,0.00889,0.00723,0.01273
0.15286,0.01938,0.10964,0.01785,0.06143,0.08142,0.01463,0.21257,0.01653,0.02309,0.01739,0.08671,0.02263,0.01630,0.01898,0.07118,0.01950,0.01218,0.01030,0.01543
0.05769,0.01541,0.28244,0.01694,0.10502,0.13741,0.01963,0.12344,0.01210,0.01511,0.01305,0.05651,0.01134,0.01445,0.01009,0.06629,0.01226,0.01040,0.00660,0.01381
0.14459,0.01790,0.06912,0.01635,0.06564,0.15472,0.01437,0.28870,0.01384,0.01819,0.01236,0.05751,0.01165,0.01427,0.01356,0.04548,0.00895,0.01080,0.00778,0.01422
0.14134,0.01641,0.12705,0.01675,0.06364,0.09780,0.01482,0.09006,0.01781,0.01948,0.03890,0.10927,0.03776,0.02175,0.03250,0.07167,0.02695,0.01374,0.01139,0.03092
0.15790,0.01998,0.09460,0.01185,0.07589,0.13270,0.01053,0.34547,0.01759,0.01935,0.01108,0.01606,0.01317,0.00990,0.01002,0.01593,0.00860,0.00911,0.00936,0.01090
0.11991,0.00925,0.06946,0.00977,0.05043,0.08127,0.00839,0.35697,0.00918,0.01316,0.01434,0.11367,0.01476,0.01305,0.02163,0.04620,0.01347,0.01070,0.00654,0.01784
0.08346,0.01764,0.05510,0.01898,0.05576,0.13881,0.01663,0.19007,0.01394,0.02144,0.01481,0.12772,0.01415,0.01015,0.01345,0.15957,0.01732,0.00919,0.00798,0.01385
0.06258,0.01537,0.27453,0.01264,0.23337,0.06397,0.01640,0.05027,0.01002,0.02112,0.01502,0.06609,0.01934,0.01514,0.02122,0.04873,0.01405,0.01326,0.01031,0.01657
0.14196,0.00958,0.04176,0.00841,0.03653,0.17495,0.00787,0.40257,0.00908,0.01024,0.01003,0.04496,0.00860,0.00834,0.00891,0.04742,0.00767,0.00662,0.00538,0.00912
0.13519,0.01916,0.05962,0.01909,0.06609,0.16740,0.01860,0.19915,0.01523,0.02439,0.01664,0.08090,0.01826,0.01684,0.01843,0.05976,0.01597,0.01563,0.01036,0.02327
0.18418,0.01594,0.07091,0.01129,0.05467,0.36426,0.01258,0.08571,0.01291,0.01812,0.01845,0.03264,0.01684,0.01297,0.01474,0.02920,0.01194,0.00960,0.01104,0.01200
0.07352,0.01374,0.17038,0.01185,0.22194,0.06708,0.01439,0.24246,0.00967,0.01727,0.01055,0.04267,0.01166,0.01082,0.01162,0.02908,0.01449,0.00703,0.00720,0.01258
0.09961,0.01661,0.13489,0.01722,0.07597,0.11789,0.02869,0.16104,0.02187,0.02335,0.03142,0.05534,0.01954,0.02719,0.03137,0.06813,0.01349,0.01755,0.01810,0.02076
0.14675,0.01047,0.05645,0.00768,0.05810,0.41765,0.00860,0.08099,0.00828,0.01107,0.01276,0.06322,0.00806,0.01000,0.00998,0.05844,0.00744,0.00684,0.00617,0.01107
0.14178,0.01446,0.06864,0.00996,0.08644,0.30517,0.00962,0.18298,0.01237,0.01422,0.01708,0.02987,0.01197,0.00931,0.01015,0.03515,0.00999,0.01119,0.00636,0.01328
0.19232,0.00976,0.04766,0.00674,0.03649,0.46370,0.00739,0.11412,0.00729,0.00968,0.00923,0.02208,0.00789,0.00826,0.00928,0.02315,0.00532,0.00623,0.00479,0.00863
0.17406,0.01773,0.11792,0.01419,0.09508,0.13550,0.01422,0.06349,0.01299,0.02426,0.02538,0.05617,0.04776,0.02231,0.02916,0.05310,0.02453,0.02977,0.01116,0.03120
0.10526,0.01194,0.06072,0.00959,0.05253,0.06041,0.01047,0.10948,0.01254,0.01472,0.01580,0.33735,0.01716,0.01277,0.01286,0.10417,0.01976,0.01052,0.00965,0.01230
0.16524,0.01559,0.05610,0.01348,0.05202,0.16219,0.01039,0.17303,0.01158,0.01456,0.01375,0.13343,0.01608,0.01254,0.01538,0.08773,0.01549,0.00940,0.00911,0.01290
0.11079,0.01793,0.06925,0.01785,0.07987,0.12030,0.01614,0.26304,0.01771,0.02380,0.02803,0.04823,0.02409,0.01978,0.01911,0.04584,0.02187,0.02140,0.01204,0.02294
0.11076,0.01083,0.05911,0.00951,0.06525,0.17523,0.01110,0.39301,0.01263,0.01363,0.01652,0.02646,0.01338,0.01032,0.01286,0.02283,0.00898,0.00914,0.00706,0.01138
0.20951,0.02225,0.11351,0.01738,0.07873,0.18533,0.01884,0.10661,0.01407,0.02112,0.01991,0.04194,0.01821,0.01989,0.01908,0.03069,0.01985,0.01477,0.01072,0.01757
0.12928,0.01702,0.05070,0.01183,0.07118,0.12118,0.01736,0.16946,0.01802,0.02644,0.01565,0.13478,0.01488,0.01199,0.01725,0.11927,0.01210,0.01241,0.01381,0.01540
0.22297,0.01223,0.14855,0.01043,0.03840,0.06876,0.01222,0.08369,0.00979,0.01317,0.01475,0.17538,0.01568,0.01183,0.01632,0.09812,0.01647,0.01052,0.00767,0.01306
0.17097,0.01636,0.05385,0.01857,0.06314,0.09305,0.01903,0.26241,0.02057,0.03058,0.02006,0.05464,0.01501,0.01756,0.01884,0.05613,0.01790,0.01710,0.01343,0.02078
0.23195,0.01287,0.04578,0.01175,0.04203,0.26757,0.00986,0.07318,0.00962,0.01384,0.01543,0.09523,0.01222,0.01207,0.01432,0.08997,0.00967,0.01049,0.00815,0.01401
0.19959,0.01972,0.08165,0.01628,0.07072,0.18679,0.01176,0.20559,0.01442,0.01877,0.01954,0.02716,0.01725,0.01274,0.01631,0.02473,0.01438,0.01625,0.00921,0.01715
0.17087,0.01604,0.11258,0.01779,0.09685,0.19101,0.01863,0.08144,0.01446,0.02558,0.01378,0.08403,0.01655,0.01365,0.01541,0.06187,0.01353,0.01264,0.00806,0.01526
0.17047,0.01108,0.11039,0.01048,0.09351,0.08620,0.00884,0.30302,0.01013,0.01701,0.01340,0.04180,0.01339,0.01433,0.01638,0.03464,0.01082,0.01019,0.01120,0.01272
0.11232,0.01114,0.14670,0.00887,0.17717,0.12704,0.00946,0.18209,0.00896,0.01349,0.01044,0.07758,0.00884,0.00878,0.01334,0.04851,0.00855,0.00767,0.00760,0.01143
0.09202,0.01829,0.09261,0.01905,0.08517,0.17218,0.01922,0.19195,0.02127,0.03342,0.02365,0.05642,0.02157,0.01896,0.02407,0.04282,0.01546,0.01768,0.00988,0.02432
0.23061,0.01124,0.03935,0.01091,0.04426,0.08452,0.01230,0.42460,0.01024,0.02002,0.01012,0.01664,0.00984,0.00994,0.01069,0.01633,0.00996,0.01019,0.00664,0.01159
0.16164,0.01392,0.07749,0.01324,0.06343,0.19136,0.01455,0.23866,0.01254,0.01417,0.01331,0.04712,0.01629,0.01588,0.01557,0.04409,0.01062,0.01011,0.01004,0.01597
0.06001,0.01416,0.12046,0.01015,0.08067,0.16561,0.00643,0.14032,0.00944,0.01507,0.00897,0.18823,0.01017,0.00810,0.01009,0.11549,0.01278,0.00763,0.00671,0.00952
0.08580,0.01223,0.07331,0.01144,0.05689,0.07715,0.01117,0.30946,0.01272,0.01510,0.01909,0.08625,0.01372,0.01580,0.01459,0.13304,0.01323,0.01310,0.01115,0.01476
0.16072,0.01806,0.08037,0.01501,0.04491,0.07183,0.01091,0.35105,0.01032,0.01693,0.01577,0.05600,0.01752,0.01824,0.02013,0.03433,0.01457,0.00950,0.00899,0.02483
0.06369,0.01395,0.05510,0.01461,0.06996,0.06260,0.01136,0.50785,0.00979,0.01663,0.01392,0.04122,0.01077,0.01383,0.01400,0.02948,0.01696,0.01272,0.00793,0.01365
0.11555,0.01609,0.14004,0.01077,0.13725,0.07416,0.01268,0.20421,0.01231,0.01824,0.02301,0.07313,0.01904,0.01622,0.02269,0.04746,0.01557,0.01213,0.01007,0.01937
0.51374,0.01007,0.05626,0.00822,0.04293,0.03985,0.00739,0.17174,0.00752,0.01046,0.01519,0.02336,0.01501,0.00993,0.01167,0.02244,0.00936,0.00641,0.00686,0.01161
0.12158,0.01499,0.05417,0.01083,0.06528,0.15955,0.01047,0.31316,0.01052,0.01295,0.01230,0.07181,0.01162,0.01124,0.01082,0.07471,0.00799,0.00859,0.00747,0.00994
0.15344,0.01737,0.18631,0.01386,0.11571,0.12800,0.01273,0.11006,0.01230,0.01987,0.01265,0.07493,0.01487,0.01370,0.01362,0.05635,0.01215,0.01104,0.00829,0.01274
0.17056,0.00942,0.04515,0.01064,0.04082,0.19196,0.01062,0.34915,0.00838,0.01235,0.01091,0.03482,0.01339,0.01236,0.01097,0.03327,0.00828,0.00880,0.00673,0.01143
0.13617,0.01316,0.18044,0.01393,0.22102,0.18769,0.01322,0.09775,0.01088,0.01792,0.01028,0.02042,0.00949,0.00826,0.00877,0.01862,0.00834,0.00741,0.00794,0.00829
0.14991,0.01078,0.09797,0.01171,0.07474,0.14788,0.01445,0.12075,0.00824,0.01532,0.01067,0.18140,0.01270,0.00927,0.01150,0.08234,0.01217,0.00959,0.00668,0.01192
0.14429,0.01608,0.07559,0.01509,0.05216,0.08197,0.01297,0.23390,0.01004,0.01957,0.01758,0.09441,0.01270,0.01540,0.01612,0.13310,0.01121,0.01331,0.01179,0.01271
0.09766,0.01299,0.03001,0.00958,0.03263,0.32959,0.01271,0.31935,0.01270,0.01611,0.01174,0.02153,0.01303,0.00905,0.01161,0.02277,0.00999,0.01060,0.00729,0.00906
0.37923,0.00923,0.02961,0.00782,0.03781,0.22959,0.00759,0.17458,0.00671,0.00926,0.00899,0.02451,0.00989,0.00777,0.00897,0.01884,0.00786,0.00548,0.00594,0.01032
0.20791,0.01472,0.05211,0.01113,0.07640,0.06678,0.01140,0.36892,0.01098,0.01756,0.01118,0.04448,0.01067,0.00892,0.01102,0.03551,0.01267,0.00927,0.00617,0.01221
0.05294,0.01041,0.11032,0.01122,0.10682,0.12354,0.00732,0.14638,0.01106,0.01393,0.01367,0.11173,0.01622,0.01091,0.01297,0.19973,0.01048,0.00932,0.00890,0.01213
0.09587,0.01300,0.07384,0.01344,0.04726,0.12320,0.01082,0.45229,0.00934,0.01836,0.01247,0.02504,0.01284,0.01363,0.01670,0.02500,0.01189,0.00752,0.00624,0.01124
0.06919,0.04217,0.11223,0.02714,0.16857,0.07668,0.03762,0.21095,0.04707,0.04480,0.02021,0.02294,0.02148,0.01300,0.01206,0.02400,0.01310,0.00915,0.01104,0.01661
0.15377,0.01578,0.04112,0.01475,0.03453,0.11906,0.01432,0.28820,0.01361,0.02183,0.01857,0.07033,0.01538,0.01921,0.02119,0.07161,0.01637,0.01415,0.01081,0.02540
0.16239,0.01358,0.03758,0.01237,0.04699,0.07717,0.01027,0.44774,0.01057,0.01758,0.01716,0.02758,0.01647,0.01609,0.01696,0.02178,0.01138,0.01230,0.00896,0.01510
0.14592,0.01459,0.06692,0.01238,0.07693,0.22933,0.01259,0.22680,0.01306,0.01612,0.01615,0.03451,0.01676,0.01471,0.01193,0.04033,0.01446,0.01123,0.01130,0.01400
0.11545,0.01355,0.08933,0.01465,0.05924,0.06817,0.01319,0.13256,0.01229,0.01561,0.01876,0.22514,0.01501,0.01273,0.01528,0.12924,0.01249,0.01171,0.00899,0.01664
0.21490,0.01565,0.13135,0.01437,0.14735,0.18554,0.01255,0.09047,0.01051,0.01712,0.01365,0.03555,0.01246,0.00931,0.01105,0.03809,0.01145,0.01018,0.00763,0.01083
0.21080,0.01474,0.08664,0.01480,0.06514,0.19841,0.01414,0.14088,0.01202,0.01624,0.01506,0.05094,0.01800,0.01343,0.01610,0.06520,0.01410,0.01066,0.01047,0.01223
0.18103,0.01036,0.17837,0.00932,0.13216,0.17869,0.01126,0.15915,0.00956,0.01450,0.00817,0.02864,0.00934,0.00755,0.00939,0.02250,0.00891,0.00665,0.00567,0.00876
