0.27200,0.17479,0.04688,0.07523,0.19548,0.08419,0.15144
0.20151,0.10348,0.07223,0.31830,0.13484,0.12173,0.04791
0.14930,0.13104,0.30600,0.36705,0.01432,0.02164,0.01064
0.19092,0.04890,0.50287,0.23059,0.00678,0.01176,0.00818
0.12006,0.02848,0.53349,0.27612,0.00919,0.02292,0.00975
0.24147,0.11124,0.24405,0.34062,0.01981,0.02946,0.01334
0.14606,0.16228,0.23512,0.18114,0.02017,0.20361,0.05162
0.38521,0.05763,0.02582,0.10499,0.19380,0.19113,0.04143
0.17706,0.12526,0.36223,0.25191,0.02565,0.02886,0.02903
0.08450,0.05836,0.09363,0.32627,0.11974,0.30205,0.01545
0.21058,0.10684,0.12694,0.42755,0.08180,0.03199,0.01429
0.45249,0.09756,0.26560,0.13797,0.02138,0.01387,0.01113
0.23666,0.13030,0.16980,0.40601,0.01400,0.02944,0.01378
0.22008,0.15874,0.07622,0.48600,0.03544,0.01487,0.00865
0.17489,0.16198,0.19954,0.34216,0.04440,0.06435,0.01267
0.12695,0.06338,0.07123,0.34783,0.04602,0.26958,0.07500
0.14500,0.10512,0.08756,0.43859,0.06544,0.09784,0.06044
0.28785,0.02238,0.36969,0.29583,0.00837,0.01010,0.00578
0.17961,0.28060,0.08848,0.30226,0.05843,0.06320,0.02741
0.21016,0.14597,0.03654,0.46930,0.05861,0.06092,0.01850
0.10749,0.05755,0.22627,0.50204,0.03778,0.03488,0.03400
0.12793,0.09245,0.15923,0.55691,0.01293,0.04008,0.01047
0.36083,0.05442,0.27348,0.26215,0.00729,0.03227,0.00956
0.07685,0.06575,0.19024,0.48015,0.09450,0.06087,0.03164
0.08036,0.23885,0.35131,0.18522,0.01508,0.11723,0.01195
0.21836,0.06966,0.09761,0.53952,0.03405,0.02578,0.01502
0.16468,0.11219,0.47662,0.03667,0.09337,0.10882,0.00765
0.32424,0.07538,0.06662,0.47607,0.01776,0.02425,0.01567
0.04924,0.24097,0.03670,0.30536,0.14452,0.20000,0.02321
0.23120,0.19304,0.04206,0.24383,0.10010,0.08079,0.10898
0.11752,0.18961,0.02865,0.41476,0.03738,0.03705,0.17503
0.22086,0.10943,0.12576,0.16915,0.06681,0.29146,0.01653
0.19002,0.05034,0.08331,0.59982,0.04039,0.01606,0.02005
0.30374,0.06749,0.03696,0.36198,0.20197,0.01212,0.01574
0.14563,0.11212,0.08004,0.38280,0.08099,0.14463,0.05379
0.13445,0.17918,0.14174,0.18438,0.03619,0.29214,0.03191
0.05986,0.07404,0.07263,0.60989,0.02406,0.03886,0.12066
0.13870,0.04333,0.09100,0.63432,0.04515,0.02558,0.02193
0.32229,0.24688,0.09031,0.21946,0.04108,0.05783,0.02215
0.15157,0.07556,0.19806,0.49954,0.03067,0.03227,0.01233
0.14494,0.19418,0.23781,0.25067,0.02138,0.13425,0.01676
0.29520,0.31584,0.06508,0.17350,0.04304,0.05927,0.04808
0.06576,0.18403,0.03048,0.23995,0.04816,0.04313,0.38850
0.05789,0.29583,0.01724,0.51556,0.02313,0.06365,0.02669
0.49818,0.20651,0.02596,0.21766,0.03468,0.00654,0.01047
0.38192,0.03119,0.03573,0.21279,0.12683,0.15297,0.05856
0.17391,0.03630,0.36419,0.39144,0.01021,0.01762,0.00633
0.10962,0.24385,0.30138,0.17272,0.01537,0.13567,0.02138
0.14950,0.38093,0.06809,0.28758,0.05308,0.03200,0.02881
0.19644,0.09923,0.13520,0.26738,0.06915,0.20316,0.02943
0.14073,0.11649,0.04777,0.42954,0.06103,0.04602,0.15842
0.02436,0.47047,0.07997,0.30312,0.06549,0.02667,0.02993
0.13415,0.11651,0.07325,0.44434,0.04345,0.16102,0.02728
0.40944,0.05013,0.04338,0.17270,0.27383,0.04032,0.01021
0.26611,0.24446,0.08106,0.16423,0.16998,0.02466,0.04950
0.06595,0.37496,0.04776,0.24783,0.05069,0.16363,0.04918
0.16574,0.12367,0.11816,0.52044,0.01397,0.01026,0.04776
0.07398,0.05022,0.11956,0.40693,0.10054,0.23821,0.01056
0.14879,0.16819,0.15620,0.41894,0.02554,0.04888,0.03346
0.27404,0.09033,0.31231,0.27070,0.01340,0.02888,0.01032
0.47871,0.07817,0.06912,0.21251,0.04405,0.07557,0.04187
0.07868,0.05203,0.14491,0.55677,0.13056,0.01976,0.01729
0.31779,0.11799,0.02849,0.31824,0.09958,0.10241,0.01550
0.20590,0.12617,0.11374,0.46962,0.02192,0.04096,0.02169
0.35591,0.12881,0.12278,0.22940,0.08802,0.05971,0.01539
0.17147,0.21319,0.15369,0.34965,0.05475,0.02817,0.02909
0.37479,0.02332,0.04063,0.11336,0.41190,0.02020,0.01580
0.13992,0.10708,0.10998,0.59833,0.01431,0.01998,0.01039
0.20055,0.14546,0.06787,0.29256,0.01835,0.24728,0.02793
0.20829,0.19616,0.06763,0.39229,0.03442,0.08769,0.01352
0.20529,0.02598,0.17981,0.55956,0.00867,0.00936,0.01134
0.27105,0.23879,0.09339,0.25514,0.03071,0.02091,0.09001
0.04198,0.12389,0.06061,0.20837,0.03110,0.51427,0.01978
0.09278,0.11598,0.08348,0.57413,0.06274,0.02436,0.04653
0.45219,0.08959,0.12756,0.21610,0.08108,0.01841,0.01506
0.09708,0.09171,0.03555,0.28662,0.12959,0.29518,0.06426
0.41739,0.05568,0.02392,0.17330,0.26694,0.05364,0.00912
0.18576,0.09952,0.04241,0.17352,0.30300,0.17139,0.02440
0.15376,0.06362,0.06551,0.54423,0.04926,0.04268,0.08094
0.49372,0.10589,0.08895,0.18911,0.07930,0.03071,0.01232
0.21167,0.26241,0.05507,0.30783,0.03354,0.07369,0.05579
0.07292,0.05534,0.23090,0.58590,0.02153,0.02335,0.01007
0.14285,0.05533,0.30939,0.42771,0.01691,0.03429,0.01353
0.06312,0.44713,0.02504,0.21096,0.22325,0.01844,0.01207
0.13800,0.04388,0.28871,0.48475,0.02203,0.01698,0.00566
0.27566,0.17426,0.04267,0.42476,0.03010,0.01769,0.03486
0.20973,0.36458,0.04364,0.27401,0.06214,0.01966,0.02625
0.18562,0.22851,0.17117,0.15472,0.09361,0.14676,0.01961
0.14352,0.17581,0.17194,0.44240,0.01562,0.03550,0.01522
0.06043,0.13166,0.06117,0.54148,0.03332,0.13954,0.03240
0.09170,0.45566,0.11891,0.23129,0.01465,0.05111,0.03669
0.19996,0.07096,0.10344,0.47985,0.02140,0.09871,0.02568
0.31248,0.10406,0.12779,0.41806,0.01703,0.01123,0.00934
0.14216,0.13089,0.08023,0.14712,0.39773,0.04100,0.06087
0.37167,0.11437,0.07291,0.36276,0.03198,0.01114,0.03518
0.42795,0.07769,0.06961,0.10473,0.06680,0.22972,0.02351
0.51354,0.21057,0.05240,0.08802,0.10992,0.01296,0.01259
0.16107,0.09413,0.22503,0.38584,0.09582,0.02768,0.01042
0.38975,0.09135,0.03184,0.08022,0.35427,0.02951,0.02305
0.22037,0.30544,0.06858,0.30709,0.02107,0.02475,0.05270
