0.03039,0.03331,0.00577,0.00656,0.03040,0.00792,0.02680,0.00857,0.00792,0.00810,0.01572,0.06207,0.11090,0.01923,0.09057,0.12327,0.00726,0.38676,0.00836,0.01013
0.07781,0.03139,0.00847,0.00793,0.08448,0.00802,0.02612,0.00697,0.00611,0.00712,0.10395,0.03192,0.05837,0.27342,0.06022,0.08264,0.00869,0.05439,0.00879,0.05320
0.05709,0.04387,0.01814,0.01546,0.05017,0.01406,0.02881,0.01175,0.01215,0.01179,0.02619,0.14192,0.05100,0.02984,0.23607,0.02113,0.01736,0.12982,0.01325,0.07011
0.08151,0.02249,0.00540,0.00557,0.11148,0.00550,0.01974,0.00512,0.00532,0.00600,0.02000,0.05052,0.03982,0.05983,0.10079,0.01016,0.00710,0.40281,0.00727,0.03359
0.04532,0.02649,0.01467,0.01752,0.04269,0.01767,0.02233,0.01470,0.01413,0.01836,0.04234,0.14018,0.32869,0.02704,0.11767,0.02366,0.01092,0.04277,0.01240,0.02045
0.10880,0.02668,0.00846,0.00738,0.09902,0.00709,0.02033,0.00686,0.00616,0.00697,0.01965,0.06488,0.03379,0.01727,0.08853,0.09368,0.01053,0.34678,0.00914,0.01800
0.20974,0.02989,0.00726,0.00768,0.16006,0.00726,0.02832,0.00760,0.00612,0.00725,0.03685,0.06672,0.09818,0.02497,0.06994,0.01807,0.00844,0.16709,0.00960,0.02896
0.20710,0.01364,0.00372,0.00315,0.30852,0.00339,0.01059,0.00359,0.00336,0.00327,0.00879,0.03892,0.03141,0.07285,0.04431,0.01133,0.00534,0.19082,0.00645,0.02945
0.05741,0.05880,0.00716,0.00548,0.05395,0.00612,0.04129,0.00555,0.00575,0.00475,0.28006,0.03010,0.14794,0.01969,0.07571,0.03292,0.00615,0.13545,0.00715,0.01857
0.06156,0.05540,0.01293,0.01131,0.05754,0.01049,0.04934,0.01143,0.01035,0.00886,0.01475,0.08523,0.04050,0.10840,0.15849,0.03282,0.00958,0.21347,0.00888,0.03867
0.22900,0.10450,0.00997,0.00638,0.21670,0.00659,0.07789,0.00667,0.00664,0.00703,0.00807,0.09562,0.05912,0.02215,0.04871,0.03370,0.00701,0.03681,0.00510,0.01234
0.03574,0.01960,0.00762,0.00703,0.03730,0.00717,0.01535,0.00626,0.00654,0.00692,0.01023,0.13194,0.02479,0.32028,0.26967,0.02426,0.00592,0.02809,0.00663,0.02866
0.02706,0.02153,0.00846,0.00879,0.02891,0.00887,0.01997,0.00888,0.00756,0.00897,0.07560,0.05841,0.12653,0.03911,0.09699,0.03239,0.00902,0.38028,0.00917,0.02351
0.10424,0.02944,0.03086,0.00989,0.12281,0.00880,0.02580,0.00798,0.00883,0.00881,0.16361,0.05190,0.17453,0.02204,0.06293,0.01060,0.01211,0.06349,0.01430,0.06703
0.09442,0.01603,0.00898,0.00770,0.12632,0.00698,0.01307,0.00600,0.00773,0.00604,0.01189,0.07833,0.06413,0.00951,0.07694,0.01257,0.00843,0.42049,0.00845,0.01599
0.07594,0.01445,0.00393,0.00494,0.08305,0.00597,0.01270,0.00529,0.00579,0.00518,0.03768,0.07063,0.20005,0.01579,0.07783,0.01467,0.00987,0.34089,0.00678,0.00857
0.05361,0.05203,0.01319,0.00960,0.05684,0.01094,0.04042,0.00881,0.00862,0.01047,0.01305,0.16352,0.08333,0.01636,0.06674,0.02963,0.01502,0.31376,0.01488,0.01917
0.13000,0.01654,0.00718,0.00783,0.13932,0.00703,0.01226,0.00647,0.00624,0.00644,0.02213,0.09046,0.06355,0.02723,0.11892,0.02628,0.00830,0.25601,0.00748,0.04034
0.03814,0.02843,0.01408,0.01362,0.03924,0.01714,0.02783,0.01349,0.01428,0.01383,0.01789,0.22863,0.05187,0.03210,0.12948,0.13175,0.01805,0.13271,0.01649,0.02096
0.10584,0.05189,0.02075,0.01889,0.09757,0.01343,0.05767,0.01157,0.01227,0.01122,0.09217,0.03661,0.10090,0.08695,0.07232,0.01925,0.01495,0.13837,0.01375,0.02363
0.02795,0.02223,0.00882,0.00757,0.02612,0.00761,0.01899,0.00674,0.00587,0.00605,0.01307,0.11792,0.09609,0.01699,0.11982,0.05500,0.00609,0.41299,0.00565,0.01842
0.06067,0.06813,0.01334,0.01047,0.07366,0.00888,0.06839,0.01023,0.01123,0.01044,0.00815,0.18704,0.02513,0.03027,0.22757,0.11222,0.00916,0.03208,0.00620,0.02674
0.08962,0.03200,0.01538,0.01144,0.09179,0.00863,0.02689,0.00961,0.00875,0.01055,0.23009,0.06864,0.14928,0.02023,0.10076,0.04823,0.01065,0.03781,0.01157,0.01806
0.16313,0.03422,0.00964,0.01083,0.21098,0.01008,0.02843,0.01135,0.00885,0.00940,0.01052,0.19617,0.04468,0.02419,0.09541,0.03429,0.00880,0.04907,0.01004,0.02993
0.03223,0.02071,0.00988,0.00948,0.03970,0.00987,0.01771,0.00930,0.01088,0.00842,0.03733,0.09230,0.22271,0.03355,0.06999,0.09943,0.00958,0.24416,0.00913,0.01365
0.10024,0.01917,0.02217,0.02105,0.11063,0.01339,0.01968,0.01632,0.01318,0.01884,0.01381,0.15308,0.05602,0.08846,0.12557,0.01240,0.01187,0.14096,0.01231,0.03084
0.07856,0.03804,0.01633,0.01397,0.07286,0.01284,0.04189,0.01247,0.01576,0.01226,0.27771,0.07143,0.07218,0.01632,0.12837,0.01679,0.01659,0.04529,0.02180,0.01853
0.09857,0.02966,0.00964,0.00907,0.10227,0.00799,0.02949,0.00802,0.00902,0.00838,0.22150,0.03998,0.12848,0.01277,0.14960,0.04804,0.00957,0.05560,0.01064,0.01170
0.15943,0.03272,0.03164,0.02238,0.11462,0.01841,0.02621,0.01427,0.01567,0.01695,0.02492,0.15282,0.06651,0.01399,0.10421,0.06548,0.01540,0.07169,0.01372,0.01895
0.15833,0.01785,0.01161,0.00910,0.13336,0.01425,0.01880,0.01305,0.01103,0.01102,0.01158,0.22439,0.17626,0.01305,0.04973,0.02688,0.01898,0.05276,0.01002,0.01796
0.03053,0.02735,0.01185,0.00996,0.03127,0.01090,0.02327,0.01050,0.00859,0.00821,0.01113,0.29983,0.04805,0.04718,0.23910,0.02478,0.01050,0.07453,0.00673,0.06574
0.05306,0.01693,0.01314,0.01397,0.05894,0.01895,0.01507,0.01339,0.01112,0.01348,0.06391,0.21120,0.19548,0.03888,0.05341,0.04481,0.02144,0.09573,0.02247,0.02461
0.05834,0.04148,0.00462,0.00665,0.06023,0.00630,0.03636,0.00633,0.00649,0.00585,0.03251,0.05955,0.09035,0.05509,0.06530,0.01764,0.00962,0.40196,0.00810,0.02723
0.06592,0.04596,0.01641,0.01279,0.07593,0.01508,0.04112,0.01640,0.01188,0.01377,0.06572,0.12775,0.05065,0.02539,0.22452,0.10232,0.01187,0.04517,0.01434,0.01699
0.09928,0.02910,0.00909,0.00624,0.09100,0.00791,0.02256,0.00716,0.00653,0.00542,0.03124,0.10810,0.36707,0.03681,0.05327,0.03689,0.01151,0.03876,0.01169,0.02038
0.06449,0.02985,0.01499,0.01322,0.08112,0.01342,0.02936,0.01477,0.01195,0.01282,0.03400,0.07717,0.07164,0.11639,0.09434,0.09199,0.01721,0.15967,0.02103,0.03057
0.05618,0.02052,0.01090,0.00716,0.06804,0.00947,0.01619,0.00958,0.00730,0.00880,0.01173,0.08886,0.14143,0.02954,0.07423,0.02040,0.01106,0.36490,0.00908,0.03462
0.07075,0.03974,0.00975,0.01006,0.05494,0.00918,0.03512,0.00846,0.00712,0.01118,0.27676,0.17571,0.11903,0.01363,0.09071,0.01092,0.00708,0.01887,0.00839,0.02261
0.15639,0.02412,0.01861,0.01405,0.13512,0.00986,0.02313,0.01112,0.01095,0.01249,0.01565,0.10917,0.08266,0.00986,0.06821,0.21842,0.01535,0.04297,0.01115,0.01072
0.09973,0.04924,0.01755,0.01301,0.10050,0.01339,0.04474,0.01538,0.01324,0.01264,0.02881,0.15817,0.09817,0.05293,0.12260,0.06018,0.01400,0.05035,0.01090,0.02446
0.04584,0.02135,0.01010,0.00887,0.04502,0.00879,0.01834,0.00716,0.00721,0.00663,0.01289,0.07090,0.04428,0.40683,0.11312,0.03981,0.00746,0.09153,0.00698,0.02689
0.18909,0.08531,0.01098,0.00720,0.13720,0.00958,0.05575,0.00742,0.00712,0.00642,0.01003,0.05929,0.13421,0.04268,0.04608,0.04672,0.00762,0.10442,0.00550,0.02739
0.15577,0.04205,0.01821,0.01234,0.12340,0.01482,0.04610,0.01432,0.01209,0.01562,0.01660,0.06198,0.06812,0.01526,0.09922,0.16660,0.01211,0.07284,0.01052,0.02203
0.05757,0.02392,0.01796,0.01325,0.05839,0.01846,0.02163,0.01636,0.01462,0.01511,0.02325,0.17805,0.13407,0.02611,0.10807,0.15103,0.01310,0.06194,0.01608,0.03103
0.17436,0.01936,0.00405,0.00404,0.30516,0.00585,0.01329,0.00474,0.00492,0.00507,0.01285,0.04110,0.04879,0.12194,0.06735,0.01218,0.00576,0.12395,0.00501,0.02023
0.01981,0.02184,0.00392,0.00410,0.02094,0.00424,0.02047,0.00433,0.00404,0.00382,0.01252,0.10258,0.02783,0.01408,0.17542,0.02337,0.00416,0.51895,0.00449,0.00908
0.17955,0.04394,0.01813,0.01373,0.14250,0.01338,0.04733,0.01279,0.01096,0.00978,0.02928,0.05269,0.06730,0.02216,0.09215,0.11494,0.01352,0.08539,0.01089,0.01959
0.03951,0.03496,0.02113,0.01122,0.03754,0.01082,0.02897,0.01151,0.00994,0.00992,0.01298,0.15704,0.10444,0.02163,0.12111,0.05851,0.01257,0.23669,0.01017,0.04935
0.10537,0.04499,0.01298,0.01060,0.09521,0.01234,0.04377,0.00993,0.01239,0.01231,0.07236,0.04029,0.07467,0.03541,0.06874,0.02318,0.01102,0.25291,0.01190,0.04964
0.12411,0.01909,0.01216,0.01176,0.17401,0.01072,0.01671,0.01043,0.00920,0.00985,0.11864,0.04420,0.05751,0.05928,0.09521,0.01338,0.01337,0.08134,0.01509,0.10394
0.08884,0.04133,0.00894,0.01297,0.06843,0.01454,0.03319,0.01373,0.01255,0.01231,0.03265,0.30595,0.15433,0.01278,0.09750,0.01184,0.01616,0.03539,0.01508,0.01150
0.14046,0.07330,0.00656,0.00716,0.36982,0.00802,0.10807,0.00568,0.00730,0.00712,0.01480,0.06666,0.02609,0.01437,0.06732,0.02096,0.01002,0.02070,0.00941,0.01617
0.04131,0.02554,0.02403,0.01391,0.04230,0.01579,0.02218,0.01693,0.01639,0.01605,0.01939,0.10142,0.10301,0.01830,0.11782,0.21844,0.01396,0.13345,0.01222,0.02757
0.02377,0.00915,0.00489,0.00390,0.02310,0.00442,0.00840,0.00382,0.00401,0.00378,0.00917,0.06213,0.11978,0.00900,0.03502,0.06285,0.00487,0.59172,0.00514,0.01107
0.05053,0.02418,0.00798,0.01106,0.04823,0.00987,0.02426,0.01033,0.01016,0.00953,0.06245,0.02746,0.04782,0.18611,0.04547,0.19174,0.01244,0.10366,0.01099,0.10574
0.20020,0.05983,0.00471,0.00754,0.17006,0.00710,0.05205,0.00605,0.00636,0.00596,0.01397,0.20358,0.02243,0.02870,0.14100,0.01133,0.00796,0.02701,0.01075,0.01339
0.09058,0.04873,0.06762,0.02205,0.08964,0.02633,0.03968,0.01627,0.01903,0.02109,0.02822,0.15581,0.06265,0.05240,0.07462,0.03767,0.02108,0.03759,0.01328,0.07566
0.04245,0.12656,0.00780,0.00966,0.04403,0.01087,0.13079,0.01014,0.00938,0.00997,0.13329,0.05597,0.04246,0.06378,0.07694,0.02827,0.01512,0.13243,0.01912,0.03095
0.05134,0.02191,0.02537,0.02287,0.05520,0.01608,0.02011,0.01957,0.01646,0.01684,0.02637,0.18818,0.06964,0.01247,0.15455,0.19072,0.01787,0.04211,0.01425,0.01811
0.04554,0.01107,0.00962,0.00619,0.04145,0.00629,0.01100,0.00575,0.00686,0.00624,0.01272,0.15018,0.04679,0.01889,0.33573,0.02680,0.00595,0.20972,0.00824,0.03497
0.21068,0.03371,0.01486,0.01057,0.12228,0.01116,0.03026,0.01108,0.00941,0.01120,0.00958,0.09672,0.01917,0.02496,0.29912,0.01252,0.00790,0.02974,0.00935,0.02574
0.18775,0.12264,0.00969,0.00947,0.10224,0.00912,0.17401,0.00793,0.00802,0.00834,0.01532,0.09100,0.04078,0.02708,0.08152,0.03194,0.00896,0.02805,0.00888,0.02728
0.05868,0.07109,0.00688,0.00582,0.06042,0.00583,0.06555,0.00509,0.00443,0.00559,0.00863,0.12358,0.02982,0.03965,0.14107,0.05880,0.00952,0.20246,0.01137,0.08575
0.13489,0.02374,0.00982,0.01009,0.12705,0.00908,0.01855,0.00998,0.00694,0.00792,0.01994,0.08438,0.10010,0.02229,0.10504,0.02502,0.00816,0.25204,0.00791,0.01707
0.01869,0.00958,0.00553,0.00428,0.01825,0.00501,0.00943,0.00385,0.00438,0.00477,0.01179,0.17439,0.03299,0.36731,0.13489,0.03156,0.00546,0.08518,0.00715,0.06551
0.05898,0.03887,0.01319,0.01187,0.06681,0.01657,0.03293,0.01243,0.01011,0.01180,0.11627,0.08418,0.10976,0.02470,0.22828,0.02650,0.01324,0.09049,0.01207,0.02096
0.10085,0.03811,0.00959,0.01063,0.09935,0.01109,0.04605,0.01126,0.01226,0.01009,0.02737,0.03981,0.33565,0.04995,0.03743,0.02650,0.01299,0.07895,0.00840,0.03369
0.41091,0.02945,0.00319,0.00519,0.22929,0.00566,0.02214,0.00559,0.00563,0.00530,0.01011,0.07897,0.05606,0.02400,0.03820,0.01429,0.00614,0.03169,0.00586,0.01234
0.04600,0.03287,0.01095,0.00934,0.04172,0.01199,0.03368,0.00890,0.00876,0.01237,0.00936,0.19113,0.01797,0.02546,0.41974,0.06335,0.01030,0.02820,0.00759,0.01031
0.03872,0.04782,0.01349,0.00997,0.03828,0.01091,0.04574,0.01115,0.00917,0.01082,0.05532,0.22283,0.03931,0.01602,0.32904,0.02208,0.01340,0.04069,0.01152,0.01373
0.03619,0.01957,0.01550,0.00944,0.03777,0.00939,0.02163,0.00838,0.00830,0.00794,0.02015,0.09102,0.03625,0.03193,0.24124,0.18088,0.01173,0.05793,0.00956,0.14521
0.04536,0.09539,0.01176,0.00950,0.04817,0.01225,0.10767,0.01380,0.01135,0.00930,0.21930,0.07392,0.08053,0.05415,0.06441,0.05680,0.01002,0.02797,0.01338,0.03498
0.04033,0.02667,0.01080,0.01163,0.04314,0.01154,0.01827,0.01257,0.01012,0.01051,0.01275,0.28431,0.16187,0.02518,0.06466,0.04180,0.01587,0.16186,0.01410,0.02202
0.15700,0.09045,0.01027,0.00856,0.13096,0.01085,0.08119,0.01013,0.01047,0.00877,0.00886,0.08162,0.09053,0.01809,0.06679,0.09237,0.00990,0.09258,0.00846,0.01215
0.06608,0.01538,0.01472,0.01104,0.09842,0.01099,0.01309,0.00942,0.00925,0.00845,0.00865,0.18919,0.29965,0.01006,0.04005,0.08809,0.01666,0.06980,0.01030,0.01072
0.17883,0.02111,0.00928,0.00834,0.14671,0.00826,0.01382,0.00907,0.00774,0.00814,0.02012,0.07268,0.06612,0.01056,0.09645,0.08860,0.00807,0.19347,0.00834,0.02429
0.08478,0.09725,0.03470,0.02912,0.11370,0.02092,0.06310,0.02708,0.01914,0.01545,0.01262,0.18078,0.07369,0.01714,0.07062,0.06277,0.00946,0.02969,0.00916,0.02883
0.04530,0.02120,0.01012,0.00759,0.04448,0.00854,0.01966,0.00886,0.00770,0.00692,0.01368,0.09937,0.05686,0.04669,0.13790,0.12187,0.00964,0.28126,0.00707,0.04528
0.11099,0.01782,0.00682,0.00523,0.12067,0.00470,0.01572,0.00437,0.00441,0.00422,0.01443,0.06983,0.06763,0.19533,0.12355,0.01137,0.00625,0.14183,0.00569,0.06914
0.10900,0.01806,0.04461,0.00998,0.16825,0.00924,0.01701,0.01141,0.01117,0.00864,0.03991,0.05629,0.07498,0.01512,0.07480,0.03484,0.01352,0.13240,0.01356,0.13721
0.05516,0.01960,0.01546,0.01683,0.05674,0.01390,0.01812,0.01722,0.01662,0.01985,0.01711,0.19515,0.04451,0.20087,0.10060,0.07657,0.01894,0.02916,0.02067,0.04690
0.23118,0.01857,0.00975,0.00697,0.19279,0.00754,0.01970,0.00724,0.00698,0.00764,0.05866,0.12786,0.11805,0.01155,0.08100,0.03537,0.00972,0.02960,0.01015,0.00968
0.14959,0.06263,0.01544,0.00942,0.13292,0.00959,0.05292,0.00928,0.01097,0.00970,0.01834,0.13663,0.03973,0.03557,0.10438,0.10732,0.01741,0.04585,0.01146,0.02085
0.06159,0.04056,0.00853,0.00709,0.05297,0.00639,0.03656,0.00692,0.00720,0.00656,0.01008,0.20475,0.08995,0.00764,0.04811,0.19502,0.01001,0.17807,0.00872,0.01329
0.12611,0.02249,0.02061,0.01370,0.19069,0.01307,0.02331,0.01663,0.02135,0.01413,0.02259,0.15863,0.07420,0.01924,0.11268,0.04169,0.01561,0.06102,0.01895,0.01332
0.11559,0.02156,0.01623,0.01205,0.11626,0.01003,0.02169,0.00912,0.01359,0.01034,0.01771,0.14304,0.05205,0.09466,0.12138,0.05215,0.01241,0.11697,0.01489,0.02830
0.05856,0.03279,0.02234,0.01175,0.07282,0.01016,0.02503,0.01307,0.00913,0.01058,0.01430,0.12773,0.07218,0.01463,0.14485,0.02016,0.00978,0.28302,0.00983,0.03728
0.09904,0.02258,0.01196,0.00994,0.08817,0.00834,0.02138,0.01111,0.00938,0.00863,0.01396,0.10360,0.08648,0.10391,0.13629,0.13756,0.01067,0.07925,0.00993,0.02783
0.04245,0.07767,0.02431,0.01872,0.04024,0.01797,0.10169,0.01624,0.02270,0.01988,0.04263,0.23786,0.12311,0.02959,0.10658,0.02364,0.00943,0.01915,0.00961,0.01653
0.03108,0.02152,0.00924,0.00766,0.02836,0.00712,0.02070,0.00695,0.00660,0.00647,0.09382,0.04649,0.11493,0.01229,0.24404,0.01125,0.00887,0.29822,0.00916,0.01522
0.10577,0.04124,0.00910,0.00668,0.17291,0.00553,0.03386,0.00609,0.00669,0.00590,0.01374,0.04249,0.03580,0.01890,0.07245,0.07620,0.00604,0.31795,0.00488,0.01779
0.07726,0.06294,0.01887,0.01517,0.12238,0.01409,0.06179,0.02161,0.01996,0.01452,0.01953,0.10670,0.10209,0.03010,0.14030,0.04893,0.01599,0.07615,0.01211,0.01953
0.15200,0.02225,0.00815,0.00652,0.22323,0.00708,0.01971,0.00672,0.00585,0.00604,0.01376,0.22929,0.02641,0.05376,0.12073,0.01423,0.00807,0.02795,0.00716,0.04108
0.19686,0.01969,0.01014,0.00812,0.31522,0.00822,0.01902,0.01021,0.00836,0.00795,0.01265,0.04639,0.02110,0.01284,0.06404,0.02203,0.01035,0.17245,0.01041,0.02395
0.15752,0.01597,0.00835,0.00622,0.10685,0.00643,0.01627,0.00666,0.00757,0.00722,0.01833,0.06651,0.02929,0.01753,0.25398,0.07447,0.00794,0.16419,0.00749,0.02120
0.03055,0.14679,0.00985,0.00722,0.03073,0.00816,0.16520,0.00702,0.00678,0.00647,0.01337,0.09918,0.02330,0.02732,0.28478,0.02389,0.00785,0.03886,0.00823,0.05448
0.04821,0.01482,0.00771,0.00649,0.03978,0.00699,0.01312,0.00753,0.00665,0.00713,0.04996,0.13375,0.14041,0.02125,0.21292,0.19687,0.00860,0.03959,0.00865,0.02957
0.04032,0.02512,0.01550,0.02175,0.03851,0.02521,0.02180,0.02106,0.01988,0.01966,0.02138,0.14693,0.04339,0.16595,0.16060,0.03972,0.01955,0.09613,0.01921,0.03832
0.02420,0.01722,0.01223,0.00803,0.02556,0.00921,0.01755,0.00826,0.00936,0.00800,0.01323,0.20108,0.03219,0.02149,0.29006,0.01041,0.01146,0.23398,0.01314,0.03334
0.03173,0.03886,0.01795,0.01352,0.03477,0.01700,0.03288,0.01356,0.01455,0.01614,0.05023,0.22057,0.03815,0.02719,0.31904,0.04859,0.01173,0.01514,0.01204,0.02640
