0.08546,0.07282,0.10559,0.08726,0.10442,0.12013,0.20992,0.21440
0.06586,0.08810,0.11696,0.09973,0.13288,0.08265,0.20414,0.20969
0.11184,0.07329,0.13123,0.07530,0.23011,0.07514,0.14806,0.15502
0.07592,0.11893,0.09250,0.10678,0.07674,0.15866,0.18115,0.18932
0.14943,0.12082,0.08483,0.10496,0.08808,0.12144,0.16255,0.16789
0.08437,0.07362,0.07597,0.08063,0.07750,0.09436,0.25792,0.25563
0.17515,0.13119,0.10092,0.09197,0.15139,0.09184,0.12831,0.12922
0.15343,0.10396,0.12022,0.11902,0.12775,0.11711,0.12862,0.12988
0.10239,0.07218,0.13575,0.09705,0.11722,0.07365,0.20349,0.19827
0.12817,0.07297,0.10857,0.10111,0.08677,0.09535,0.21101,0.19606
0.09744,0.09389,0.18118,0.08772,0.14304,0.08629,0.15287,0.15757
0.11219,0.05118,0.10765,0.05572,0.12751,0.04872,0.25329,0.24375
0.10377,0.14166,0.07636,0.08643,0.19192,0.07815,0.15828,0.16344
0.08765,0.11964,0.07645,0.13332,0.10412,0.11209,0.18019,0.18654
0.10672,0.08020,0.13260,0.10104,0.08847,0.09456,0.19434,0.20207
0.13625,0.12549,0.10998,0.09849,0.11601,0.13579,0.13961,0.13838
0.18954,0.08421,0.10883,0.10429,0.20377,0.08687,0.11040,0.11209
0.10037,0.11718,0.08694,0.09858,0.10027,0.12376,0.18481,0.18810
0.07653,0.05408,0.10409,0.07295,0.10698,0.06094,0.26659,0.25785
0.12015,0.07266,0.11748,0.10033,0.10051,0.08597,0.20297,0.19991
0.15004,0.07284,0.09275,0.06976,0.26956,0.07910,0.13280,0.13315
0.08062,0.08626,0.08003,0.11380,0.06764,0.12651,0.22716,0.21798
0.09150,0.07828,0.18341,0.08996,0.09755,0.08717,0.18956,0.18257
0.10061,0.13085,0.14285,0.11710,0.08566,0.10855,0.15922,0.15515
0.09152,0.07851,0.11437,0.06719,0.13856,0.07409,0.22019,0.21558
0.12000,0.06743,0.08370,0.07713,0.10017,0.07476,0.23937,0.23744
0.12579,0.08218,0.10390,0.10155,0.19069,0.07023,0.16266,0.16300
0.41818,0.05429,0.09046,0.07428,0.07286,0.06434,0.11171,0.11389
0.21489,0.07223,0.11588,0.05982,0.14920,0.07103,0.15928,0.15768
0.09291,0.06892,0.11618,0.09271,0.07325,0.09186,0.22854,0.23562
0.10371,0.09721,0.11932,0.09117,0.12478,0.10048,0.18284,0.18048
0.15383,0.08847,0.12208,0.08088,0.24190,0.10911,0.09979,0.10394
0.12859,0.08126,0.10682,0.08261,0.17853,0.10859,0.15560,0.15799
0.10405,0.08732,0.08274,0.08816,0.10710,0.07463,0.22709,0.22889
0.07904,0.23005,0.06976,0.10976,0.11256,0.15161,0.12333,0.12390
0.10985,0.06996,0.14723,0.14238,0.16014,0.07892,0.14122,0.15030
0.09554,0.08825,0.10286,0.08469,0.08106,0.21560,0.16107,0.17092
0.08477,0.08188,0.09563,0.09294,0.10202,0.10353,0.21931,0.21993
0.10326,0.06415,0.08659,0.06857,0.09088,0.08842,0.24464,0.25348
0.11265,0.06873,0.12358,0.08480,0.09605,0.08395,0.21935,0.21089
0.06869,0.09042,0.08383,0.07603,0.11406,0.08549,0.23821,0.24327
0.08868,0.15071,0.10065,0.12495,0.09589,0.20440,0.11798,0.11674
0.11236,0.09972,0.11578,0.08421,0.12262,0.11174,0.17367,0.17990
0.07857,0.06832,0.07859,0.12016,0.08467,0.05415,0.25206,0.26348
0.10012,0.10218,0.11790,0.10348,0.10687,0.10883,0.17998,0.18065
0.10249,0.09219,0.13553,0.21187,0.09632,0.07212,0.14373,0.14575
0.10585,0.08432,0.10560,0.07430,0.19678,0.08127,0.17870,0.17317
0.12732,0.08276,0.10204,0.09379,0.22193,0.05702,0.15475,0.16040
0.09564,0.10769,0.08060,0.09830,0.11014,0.08585,0.21128,0.21052
0.10609,0.08289,0.20686,0.14872,0.12740,0.06596,0.12982,0.13225
0.12142,0.09826,0.12881,0.09792,0.10729,0.09560,0.17494,0.17576
0.07434,0.19557,0.08141,0.16428,0.08371,0.13843,0.12953,0.13272
0.10666,0.07235,0.11172,0.09211,0.14861,0.11693,0.17525,0.17637
0.11824,0.06480,0.08038,0.06904,0.08116,0.06844,0.25855,0.25939
0.06128,0.10218,0.07278,0.09024,0.08530,0.14733,0.21758,0.22331
0.13293,0.12684,0.09761,0.12083,0.11155,0.11617,0.14610,0.14798
0.09890,0.11165,0.11164,0.11519,0.14431,0.11549,0.15058,0.15223
0.08351,0.08828,0.07546,0.11582,0.09973,0.10870,0.21341,0.21509
0.13956,0.10092,0.09377,0.09495,0.10250,0.10929,0.17776,0.18125
0.07470,0.06933,0.07184,0.07007,0.11930,0.06199,0.27233,0.26045
0.10117,0.06802,0.23541,0.09764,0.05521,0.08378,0.18018,0.17859
0.26188,0.06122,0.10091,0.08989,0.18834,0.08087,0.10706,0.10984
0.11661,0.07895,0.16785,0.08048,0.11969,0.08284,0.17504,0.17854
0.11284,0.08656,0.07341,0.09214,0.12554,0.08710,0.21723,0.20518
0.12223,0.09546,0.10530,0.09676,0.13117,0.10021,0.17206,0.17680
0.07535,0.09158,0.11939,0.08279,0.16607,0.10414,0.18106,0.17963
0.10490,0.07551,0.13495,0.12467,0.12949,0.07055,0.17570,0.18423
0.08036,0.11593,0.08866,0.10818,0.10168,0.13078,0.18420,0.19020
0.15564,0.04605,0.09208,0.09192,0.29375,0.07165,0.12413,0.12478
0.16035,0.08516,0.09405,0.09670,0.10558,0.10275,0.18115,0.17426
0.11116,0.09057,0.14269,0.09414,0.12364,0.09079,0.17585,0.17116
0.06818,0.07385,0.05752,0.07680,0.10020,0.07581,0.26369,0.28395
0.08941,0.07474,0.09556,0.13426,0.09513,0.08418,0.21101,0.21571
0.08933,0.07456,0.09920,0.12610,0.09273,0.08641,0.21598,0.21569
0.09196,0.12052,0.08853,0.24493,0.09129,0.09905,0.13252,0.13118
0.10998,0.09224,0.12048,0.07622,0.21369,0.08553,0.14926,0.15261
0.08455,0.08912,0.20010,0.11839,0.21117,0.08142,0.10878,0.10647
0.11137,0.07785,0.12025,0.10588,0.10858,0.07396,0.20477,0.19735
0.08715,0.09998,0.09298,0.08453,0.09719,0.09472,0.22923,0.21421
0.08759,0.06349,0.17293,0.11427,0.08286,0.08125,0.20285,0.19476
0.08289,0.09813,0.06192,0.07435,0.08987,0.10997,0.25088,0.23198
0.12378,0.06517,0.09192,0.12846,0.10208,0.07784,0.20792,0.20283
0.07501,0.08908,0.10755,0.14010,0.11972,0.09736,0.18154,0.18963
0.10322,0.09403,0.10654,0.10851,0.07869,0.11541,0.19723,0.19637
0.09080,0.10430,0.10680,0.08341,0.13842,0.08681,0.20017,0.18930
0.13423,0.08904,0.11566,0.15717,0.10689,0.09075,0.15509,0.15118
0.09119,0.09429,0.10770,0.06823,0.11480,0.07930,0.21710,0.22740
0.11065,0.12497,0.07097,0.09858,0.05571,0.16063,0.18942,0.18906
0.08405,0.13376,0.09217,0.11377,0.08252,0.13398,0.18075,0.17899
0.09702,0.10595,0.09996,0.08801,0.09135,0.10281,0.21436,0.20053
0.09189,0.15069,0.08682,0.07800,0.20626,0.17029,0.10563,0.11041
0.14033,0.08355,0.09844,0.08957,0.08372,0.11028,0.19467,0.19943
0.15616,0.09091,0.07783,0.07648,0.19576,0.07920,0.16104,0.16263
0.08260,0.08287,0.07632,0.10584,0.11136,0.06178,0.24014,0.23909
0.09056,0.10910,0.08429,0.10585,0.08691,0.13312,0.19518,0.19499
0.06680,0.17077,0.06542,0.07578,0.09242,0.19613,0.16367,0.16902
0.07933,0.05203,0.10033,0.05419,0.10869,0.07976,0.25910,0.26657
0.07347,0.05898,0.09759,0.06434,0.11345,0.06157,0.26168,0.26891
0.12063,0.08573,0.12497,0.09609,0.11216,0.09897,0.18274,0.17871
0.09604,0.12834,0.07599,0.13012,0.08098,0.12377,0.18218,0.18259
