0.15369,0.03274,0.17979,0.01779,0.03596,0.02980,0.02198,0.03772,0.01404,0.02124,0.03395,0.10443,0.06942,0.03476,0.03196,0.09919,0.02237,0.02339,0.01748,0.01831
0.04559,0.02251,0.05397,0.02067,0.03089,0.02993,0.02056,0.02985,0.01920,0.02498,0.11407,0.08823,0.06086,0.13414,0.07846,0.09859,0.04187,0.03757,0.02270,0.02536
0.08043,0.03194,0.09845,0.01834,0.03405,0.02808,0.01899,0.02911,0.01370,0.02200,0.06692,0.11206,0.09462,0.07926,0.04924,0.14167,0.02170,0.02469,0.01728,0.01745
0.05287,0.02439,0.06231,0.01654,0.02735,0.02686,0.01751,0.02485,0.01458,0.01852,0.07492,0.19880,0.06083,0.08455,0.04245,0.16290,0.02613,0.02593,0.01772,0.02000
0.02912,0.01738,0.03492,0.01094,0.01640,0.01866,0.01224,0.01978,0.01109,0.01520,0.06052,0.22030,0.11323,0.09382,0.08234,0.16843,0.01573,0.02849,0.01563,0.01577
0.05697,0.02337,0.06420,0.01400,0.02767,0.02212,0.01599,0.02383,0.01479,0.01944,0.09493,0.15995,0.13910,0.10296,0.04329,0.07869,0.02822,0.03233,0.01787,0.02027
0.07589,0.03534,0.08638,0.02058,0.03410,0.03026,0.02319,0.03581,0.01485,0.02310,0.05502,0.15897,0.04457,0.05243,0.03055,0.16095,0.04031,0.02283,0.02786,0.02700
0.06969,0.02805,0.09449,0.01869,0.03320,0.02996,0.02158,0.02884,0.01669,0.02472,0.06532,0.17491,0.15185,0.06717,0.03546,0.07235,0.01912,0.02081,0.01327,0.01384
0.05199,0.01959,0.06259,0.01256,0.02216,0.01791,0.01281,0.02015,0.01091,0.01564,0.04129,0.24787,0.05251,0.05393,0.03709,0.25091,0.01635,0.02505,0.01452,0.01417
0.03393,0.02137,0.04367,0.01322,0.02210,0.01995,0.01501,0.02162,0.01408,0.01649,0.10602,0.14788,0.06494,0.10414,0.04214,0.15189,0.05037,0.05267,0.02865,0.02987
0.08123,0.02982,0.10845,0.01659,0.03197,0.02834,0.02008,0.03060,0.01611,0.02211,0.05098,0.18403,0.05761,0.05192,0.02984,0.15440,0.02586,0.02633,0.01760,0.01611
0.06221,0.02809,0.07856,0.01936,0.03006,0.03094,0.01873,0.02889,0.01526,0.02032,0.06693,0.15264,0.06032,0.07951,0.06740,0.12643,0.02760,0.03861,0.01935,0.02880
0.03359,0.02498,0.04182,0.02203,0.02522,0.02780,0.02010,0.02791,0.01691,0.02248,0.07353,0.14651,0.14539,0.07777,0.06519,0.09843,0.04433,0.02972,0.02710,0.02918
0.06009,0.02940,0.07728,0.01909,0.03203,0.02965,0.01975,0.03092,0.01661,0.02425,0.05531,0.18190,0.05463,0.05853,0.03845,0.16913,0.03077,0.02870,0.02064,0.02288
0.02769,0.02079,0.03289,0.01329,0.02013,0.01804,0.01262,0.01943,0.01223,0.01754,0.08815,0.19565,0.10338,0.10188,0.04667,0.18225,0.02003,0.03024,0.01843,0.01867
0.04722,0.02898,0.06056,0.01920,0.02924,0.02778,0.01824,0.03024,0.01702,0.02318,0.06998,0.14557,0.07069,0.08290,0.04538,0.17705,0.02799,0.03790,0.02009,0.02077
0.04701,0.02739,0.05643,0.01562,0.03041,0.03144,0.02036,0.02508,0.01574,0.02066,0.04441,0.09227,0.11309,0.06787,0.11933,0.16229,0.02593,0.03708,0.02442,0.02317
0.04411,0.02687,0.05883,0.01695,0.02936,0.02731,0.01675,0.02579,0.01305,0.01992,0.10759,0.16674,0.06798,0.12212,0.04402,0.13796,0.02247,0.02309,0.01411,0.01500
0.06772,0.04643,0.07631,0.03083,0.04611,0.04692,0.03307,0.05657,0.02934,0.04053,0.05764,0.11578,0.04982,0.06156,0.03235,0.10128,0.02498,0.03087,0.02583,0.02607
0.09640,0.04010,0.11381,0.02022,0.03980,0.03126,0.02558,0.04346,0.01837,0.02885,0.06780,0.10710,0.04057,0.07939,0.04074,0.11141,0.03756,0.01959,0.01574,0.02226
0.06635,0.02610,0.07753,0.01702,0.02785,0.02534,0.01930,0.02674,0.01519,0.02181,0.11288,0.13439,0.05913,0.11032,0.04194,0.10686,0.04269,0.02151,0.02154,0.02550
0.07538,0.03032,0.10003,0.01628,0.03740,0.02803,0.01713,0.03116,0.01698,0.01920,0.10357,0.09442,0.05487,0.10982,0.05134,0.08652,0.04295,0.03941,0.02277,0.02242
0.05401,0.02289,0.06284,0.01516,0.02662,0.02282,0.01705,0.02441,0.01307,0.01619,0.08998,0.20167,0.04617,0.09455,0.02957,0.19880,0.02014,0.01667,0.01379,0.01359
0.06317,0.03411,0.07829,0.02316,0.03737,0.02927,0.02591,0.03591,0.01949,0.02643,0.06646,0.12801,0.10710,0.06410,0.05080,0.08587,0.03355,0.03296,0.03030,0.02774
0.04611,0.03081,0.06721,0.01861,0.02963,0.02686,0.01704,0.02855,0.01535,0.01914,0.08593,0.17900,0.07448,0.09836,0.04105,0.13482,0.02699,0.02404,0.01787,0.01815
0.05198,0.02886,0.06198,0.01623,0.02998,0.02341,0.01677,0.02681,0.01587,0.01867,0.05131,0.21609,0.14609,0.05173,0.03951,0.11287,0.02718,0.02521,0.01947,0.01996
0.06460,0.02981,0.08986,0.01718,0.02976,0.02715,0.01863,0.02904,0.01959,0.02042,0.09562,0.13459,0.03722,0.09566,0.04187,0.13528,0.02957,0.03951,0.02295,0.02172
0.06589,0.03132,0.07337,0.01675,0.03517,0.02662,0.02192,0.03073,0.01620,0.02090,0.03934,0.20774,0.12243,0.04743,0.04207,0.12436,0.02221,0.01894,0.01844,0.01815
0.08718,0.02728,0.10491,0.01594,0.03369,0.02509,0.01975,0.02894,0.01412,0.01892,0.08285,0.11771,0.06148,0.08927,0.05455,0.09276,0.04189,0.03298,0.02461,0.02610
0.08948,0.03031,0.09633,0.01699,0.04004,0.03149,0.02293,0.03069,0.01968,0.02489,0.11086,0.11262,0.05438,0.10282,0.02773,0.07801,0.02789,0.03494,0.02244,0.02548
0.12243,0.03220,0.15976,0.01360,0.03234,0.02803,0.02249,0.02779,0.01573,0.02074,0.09596,0.07974,0.05051,0.10659,0.02955,0.05823,0.02341,0.04800,0.01712,0.01580
0.04703,0.03255,0.05556,0.01935,0.03347,0.03280,0.02476,0.03399,0.02038,0.02661,0.08202,0.14762,0.05801,0.07249,0.03932,0.12190,0.04242,0.03837,0.03361,0.03774
0.06467,0.03234,0.08153,0.01765,0.03406,0.02889,0.01904,0.03148,0.01647,0.02406,0.09103,0.12011,0.07184,0.10374,0.05003,0.09628,0.02582,0.04464,0.02487,0.02145
0.07338,0.03532,0.08003,0.02094,0.04006,0.03247,0.02503,0.03234,0.02391,0.02678,0.07856,0.12307,0.07534,0.07650,0.03639,0.09796,0.02890,0.04239,0.02554,0.02508
0.06358,0.02652,0.07985,0.01869,0.02948,0.02578,0.01712,0.02599,0.01522,0.02016,0.07197,0.13354,0.11911,0.08516,0.06073,0.12418,0.02140,0.02828,0.01519,0.01806
0.06908,0.03227,0.08945,0.01947,0.03513,0.03129,0.02148,0.03219,0.01857,0.02550,0.06581,0.16322,0.10902,0.06557,0.03739,0.08072,0.03763,0.02292,0.02008,0.02322
0.05269,0.02777,0.05941,0.01893,0.03492,0.02774,0.02010,0.02843,0.01743,0.02091,0.10497,0.07318,0.07271,0.09868,0.06243,0.06706,0.04654,0.08942,0.04136,0.03533
0.05650,0.03846,0.07743,0.01916,0.03820,0.03612,0.02214,0.03973,0.01894,0.02536,0.05595,0.10461,0.10528,0.07738,0.07308,0.10853,0.02886,0.02763,0.02238,0.02426
0.07798,0.03169,0.10733,0.02022,0.04129,0.02925,0.02347,0.03393,0.01899,0.02122,0.08223,0.10936,0.08391,0.07927,0.03946,0.10256,0.03395,0.02322,0.01938,0.02127
0.04078,0.03017,0.05497,0.01825,0.02760,0.02854,0.01812,0.03120,0.01732,0.01853,0.07556,0.15083,0.09040,0.07662,0.04138,0.14065,0.06011,0.02402,0.02628,0.02867
0.04445,0.03051,0.06030,0.02202,0.03431,0.03327,0.02036,0.03503,0.02205,0.02748,0.06565,0.11183,0.07039,0.08390,0.08418,0.10965,0.04304,0.03973,0.03017,0.03167
0.08733,0.03258,0.09875,0.01760,0.03279,0.02850,0.02051,0.03196,0.01625,0.02203,0.08238,0.11723,0.06381,0.08072,0.03597,0.09439,0.05247,0.03051,0.02452,0.02971
0.07907,0.03940,0.08643,0.02943,0.04537,0.04555,0.03898,0.05204,0.02677,0.03975,0.06830,0.07955,0.04434,0.07081,0.04250,0.07705,0.03455,0.03977,0.03379,0.02655
0.05232,0.02842,0.06760,0.01950,0.03155,0.02659,0.01950,0.02894,0.01862,0.02523,0.05640,0.20793,0.14381,0.05220,0.03122,0.09544,0.03142,0.02250,0.01956,0.02124
0.06603,0.03366,0.09498,0.02105,0.03386,0.03219,0.02026,0.03246,0.01844,0.02524,0.06379,0.13289,0.12358,0.06520,0.04018,0.08709,0.02208,0.04461,0.02129,0.02113
0.05781,0.02311,0.06986,0.01624,0.02535,0.02419,0.01807,0.02383,0.01329,0.01872,0.04105,0.22994,0.09848,0.04450,0.02642,0.15164,0.05015,0.02150,0.02178,0.02408
0.08244,0.03483,0.11131,0.01983,0.03885,0.02828,0.02173,0.03393,0.02131,0.02330,0.09612,0.10407,0.06544,0.09346,0.03015,0.07289,0.04493,0.02687,0.02594,0.02431
0.06434,0.03552,0.08125,0.02607,0.03972,0.03726,0.02177,0.03647,0.01986,0.02691,0.12950,0.07534,0.08502,0.12655,0.03138,0.07297,0.02307,0.02851,0.01856,0.01995
0.05231,0.03190,0.06931,0.01881,0.03383,0.02884,0.02147,0.03408,0.01680,0.02514,0.10102,0.11005,0.07718,0.11218,0.07522,0.09172,0.02656,0.02858,0.02393,0.02106
0.04633,0.02275,0.05590,0.01360,0.02243,0.02123,0.01586,0.02453,0.01212,0.01659,0.10104,0.20173,0.11320,0.10134,0.02388,0.13096,0.02824,0.01623,0.01651,0.01555
0.04259,0.02333,0.04997,0.01347,0.02587,0.02120,0.01565,0.02236,0.01554,0.01802,0.06336,0.23396,0.07779,0.06421,0.02514,0.18641,0.04423,0.01908,0.01787,0.01995
0.06101,0.03543,0.07568,0.02506,0.03765,0.03532,0.02699,0.03134,0.02374,0.02942,0.07325,0.10274,0.07352,0.08109,0.05456,0.06944,0.04530,0.05692,0.02983,0.03170
0.05668,0.02696,0.06999,0.01611,0.03241,0.02598,0.01697,0.02885,0.01744,0.01997,0.12591,0.12761,0.09647,0.12568,0.03294,0.07251,0.02890,0.03376,0.02228,0.02258
0.07092,0.03106,0.09014,0.01596,0.03404,0.02915,0.01966,0.03171,0.01924,0.02212,0.04923,0.15187,0.05333,0.06022,0.05319,0.13127,0.05346,0.03345,0.02342,0.02656
0.05001,0.02827,0.06407,0.01664,0.02863,0.02717,0.01927,0.02811,0.01860,0.02295,0.05000,0.20411,0.09048,0.06304,0.04465,0.15558,0.02774,0.02325,0.01663,0.02081
0.06240,0.02767,0.07541,0.01666,0.02905,0.02615,0.01499,0.02701,0.01453,0.02010,0.15260,0.07924,0.07679,0.17133,0.04665,0.08364,0.02167,0.02310,0.01450,0.01652
0.07348,0.03034,0.08890,0.01941,0.03071,0.02583,0.02216,0.03049,0.01578,0.02351,0.06239,0.17876,0.07962,0.06464,0.02800,0.12638,0.03278,0.02584,0.02116,0.01982
0.06228,0.03307,0.07359,0.01958,0.03633,0.03436,0.01905,0.03316,0.01929,0.02389,0.09327,0.09264,0.05034,0.08771,0.06289,0.07801,0.03239,0.06568,0.03626,0.04620
0.05892,0.02732,0.07205,0.01507,0.02831,0.02426,0.01636,0.02266,0.01730,0.02094,0.08616,0.17327,0.04248,0.07909,0.02988,0.15624,0.05196,0.02471,0.02419,0.02883
0.09707,0.03340,0.11333,0.02107,0.04011,0.03134,0.02260,0.03580,0.01935,0.02649,0.06474,0.10669,0.04134,0.06876,0.04535,0.10831,0.03888,0.03449,0.02549,0.02540
0.03310,0.01795,0.04105,0.01286,0.02070,0.01738,0.01390,0.01838,0.01082,0.01472,0.14345,0.12810,0.09357,0.14718,0.05857,0.07788,0.02249,0.09399,0.01733,0.01658
0.06013,0.02910,0.07341,0.01961,0.02973,0.03034,0.02097,0.03050,0.01823,0.02446,0.06488,0.15215,0.08631,0.06467,0.03250,0.09800,0.07713,0.02919,0.02861,0.03009
0.07091,0.02399,0.08614,0.01334,0.02528,0.02001,0.01539,0.02229,0.01225,0.01605,0.06204,0.19351,0.04944,0.07393,0.04949,0.16914,0.03721,0.02244,0.01778,0.01937
0.06066,0.03124,0.07900,0.01810,0.03139,0.02929,0.02196,0.03173,0.01688,0.02091,0.06734,0.15592,0.07979,0.07333,0.04705,0.13325,0.02226,0.03152,0.02159,0.02681
0.08169,0.03245,0.10502,0.01783,0.03419,0.02926,0.02368,0.03075,0.01798,0.02269,0.07405,0.12877,0.04605,0.07816,0.04344,0.14049,0.02330,0.03423,0.01933,0.01661
0.04814,0.01673,0.06078,0.01163,0.01890,0.01730,0.01104,0.01587,0.01003,0.01448,0.06530,0.21304,0.06265,0.08533,0.06199,0.18541,0.02642,0.03534,0.01725,0.02239
0.05935,0.03290,0.07802,0.01920,0.03825,0.03090,0.02356,0.04050,0.01831,0.02348,0.05069,0.18896,0.09184,0.05441,0.03376,0.13586,0.02260,0.02052,0.01713,0.01976
0.07980,0.04204,0.11310,0.02425,0.03742,0.03404,0.02544,0.04872,0.02206,0.02749,0.04125,0.09988,0.07537,0.05010,0.04970,0.10807,0.04895,0.02199,0.02328,0.02706
0.05665,0.03031,0.06922,0.01839,0.02886,0.02913,0.02055,0.02737,0.01784,0.02275,0.07256,0.19053,0.04410,0.07871,0.02864,0.17379,0.03098,0.02218,0.01775,0.01968
0.03851,0.02320,0.04907,0.01464,0.02341,0.02037,0.01501,0.02599,0.01218,0.01567,0.07927,0.16477,0.10227,0.08770,0.04149,0.20483,0.01968,0.02508,0.01927,0.01759
0.08104,0.03573,0.11008,0.01794,0.03453,0.03008,0.02018,0.03518,0.02071,0.02485,0.10122,0.11077,0.04100,0.11000,0.03804,0.09591,0.02591,0.02719,0.01965,0.01999
0.06097,0.02965,0.07073,0.01837,0.03280,0.02838,0.01987,0.02610,0.01681,0.02290,0.06804,0.12997,0.04466,0.07651,0.06691,0.14940,0.04381,0.03399,0.03102,0.02910
0.04483,0.02592,0.05994,0.01761,0.02801,0.02790,0.01827,0.02730,0.01683,0.02050,0.06857,0.19423,0.13229,0.07908,0.03393,0.10233,0.03127,0.03502,0.01767,0.01850
0.04242,0.02211,0.05154,0.01176,0.02397,0.02199,0.01512,0.02288,0.01464,0.01494,0.08160,0.20459,0.14320,0.09085,0.03485,0.11229,0.02511,0.03139,0.01707,0.01768
0.07575,0.03325,0.10026,0.01761,0.03540,0.03476,0.02094,0.03177,0.01829,0.02474,0.05710,0.15061,0.09755,0.06565,0.03867,0.09338,0.03089,0.02755,0.02133,0.02449
0.03313,0.02323,0.04164,0.01524,0.02225,0.02191,0.01607,0.01995,0.01383,0.01755,0.09027,0.15125,0.12501,0.11164,0.08192,0.09497,0.03801,0.03922,0.02107,0.02183
0.05092,0.02559,0.05896,0.01408,0.02542,0.02144,0.01725,0.02357,0.01541,0.01838,0.08967,0.16253,0.09293,0.11435,0.05477,0.12836,0.02218,0.03000,0.01700,0.01719
0.05931,0.03173,0.06781,0.01857,0.03226,0.02613,0.02323,0.02859,0.01782,0.02180,0.05863,0.15170,0.07358,0.06289,0.05531,0.15152,0.03835,0.03006,0.02608,0.02464
0.05163,0.03131,0.06267,0.02024,0.03030,0.03079,0.02322,0.03119,0.02009,0.02295,0.07873,0.12152,0.07864,0.09595,0.07567,0.11520,0.03432,0.02773,0.02543,0.02241
0.03669,0.02511,0.04550,0.01730,0.02504,0.02451,0.01645,0.02660,0.01781,0.02261,0.09237,0.18046,0.04764,0.08567,0.03931,0.16677,0.03336,0.03987,0.02649,0.03045
0.08519,0.03418,0.09994,0.01993,0.03709,0.03286,0.02129,0.03484,0.01784,0.02312,0.07133,0.12407,0.04348,0.07634,0.03651,0.11639,0.04521,0.03409,0.02248,0.02381
0.06588,0.02822,0.08253,0.02098,0.03684,0.02659,0.02011,0.02956,0.01540,0.02104,0.06562,0.15139,0.09961,0.06801,0.03259,0.08887,0.04410,0.04908,0.02821,0.02539
0.06415,0.02958,0.07876,0.02226,0.03833,0.03363,0.02128,0.03134,0.01759,0.02223,0.05535,0.16272,0.11461,0.05646,0.03557,0.11819,0.02410,0.02942,0.02368,0.02075
0.03546,0.01807,0.04241,0.01095,0.01833,0.01457,0.01146,0.01569,0.00979,0.01430,0.08994,0.23382,0.06388,0.10245,0.03745,0.21507,0.01738,0.02271,0.01318,0.01310
0.05934,0.03425,0.07183,0.01771,0.03796,0.03014,0.01871,0.02933,0.01907,0.02534,0.06835,0.16143,0.04578,0.06526,0.03445,0.15330,0.03691,0.03559,0.02451,0.03074
0.08545,0.03375,0.10427,0.02023,0.03879,0.02678,0.01905,0.03049,0.01906,0.02151,0.08413,0.11681,0.07248,0.07365,0.02744,0.06218,0.07522,0.02861,0.02458,0.03552
0.06029,0.02545,0.06431,0.01650,0.02676,0.02283,0.01808,0.02593,0.01479,0.01780,0.10169,0.16660,0.12960,0.10290,0.04365,0.07547,0.02585,0.02213,0.02056,0.01880
0.04465,0.02981,0.04928,0.01697,0.02943,0.02613,0.02009,0.02852,0.01588,0.02282,0.05076,0.17951,0.11526,0.06439,0.06668,0.13156,0.03670,0.02739,0.02089,0.02327
0.05390,0.02225,0.07040,0.01523,0.02567,0.02185,0.01569,0.02221,0.01382,0.01854,0.12460,0.14807,0.06181,0.13685,0.03430,0.13385,0.01723,0.03118,0.01597,0.01658
0.03718,0.02107,0.04304,0.01258,0.02052,0.02046,0.01606,0.02139,0.01176,0.01540,0.09853,0.18503,0.14846,0.11983,0.07169,0.06325,0.02856,0.02605,0.01712,0.02202
0.05858,0.03473,0.07913,0.01932,0.03567,0.02938,0.02314,0.03141,0.01706,0.02258,0.08121,0.16895,0.11313,0.08103,0.03049,0.08629,0.02408,0.02477,0.01929,0.01976
0.07497,0.03319,0.09713,0.02164,0.03949,0.03209,0.02363,0.03601,0.01956,0.02695,0.04466,0.14037,0.10136,0.05129,0.03534,0.11877,0.03194,0.02813,0.02170,0.02179
0.07898,0.03118,0.09244,0.02108,0.04421,0.02611,0.02244,0.03726,0.01559,0.02177,0.09558,0.13253,0.05458,0.10081,0.03021,0.12355,0.02007,0.02198,0.01509,0.01453
0.04678,0.03101,0.06338,0.02092,0.03208,0.02677,0.02212,0.03525,0.01954,0.02349,0.05958,0.12428,0.10538,0.05785,0.05197,0.13852,0.03173,0.04600,0.03508,0.02828
0.04120,0.03429,0.04552,0.02063,0.03299,0.03000,0.02169,0.03296,0.02178,0.02978,0.07503,0.13387,0.05137,0.07895,0.05950,0.12677,0.05624,0.03704,0.03375,0.03666
0.05802,0.02946,0.07447,0.01635,0.02856,0.02482,0.01774,0.02797,0.01601,0.02079,0.10349,0.14716,0.06745,0.10295,0.03333,0.13282,0.02084,0.03771,0.02010,0.01994
0.05124,0.03822,0.07113,0.02237,0.04142,0.03393,0.03120,0.03987,0.02440,0.02881,0.09836,0.09658,0.07073,0.10858,0.05452,0.08749,0.03088,0.02828,0.01991,0.02208
0.06285,0.02991,0.08188,0.01938,0.03561,0.03150,0.02326,0.03138,0.01718,0.02222,0.07292,0.15898,0.04944,0.08077,0.03302,0.13971,0.03689,0.03046,0.02035,0.02229
0.08110,0.02931,0.10537,0.01742,0.03390,0.02657,0.02024,0.02866,0.01855,0.02045,0.06988,0.14709,0.06557,0.06972,0.03233,0.11342,0.04516,0.02793,0.02171,0.02561
0.04709,0.02380,0.05113,0.01530,0.03092,0.02713,0.01838,0.02852,0.01523,0.02137,0.05097,0.17486,0.04341,0.08019,0.08685,0.17029,0.03569,0.03390,0.02155,0.02342
0.06940,0.02949,0.08644,0.01757,0.03033,0.02802,0.01941,0.02478,0.01529,0.01938,0.06737,0.10119,0.07549,0.05905,0.03404,0.05720,0.14699,0.02904,0.04086,0.04866
0.03364,0.02301,0.04299,0.01351,0.02686,0.01996,0.01681,0.02015,0.01356,0.01903,0.05664,0.23760,0.16349,0.07062,0.04271,0.10841,0.02292,0.03658,0.01596,0.01556
0.05412,0.02650,0.06769,0.01474,0.02659,0.02255,0.01738,0.02481,0.01310,0.01791,0.06938,0.16876,0.06153,0.09819,0.06819,0.16976,0.02086,0.02506,0.01600,0.01688
0.05223,0.02654,0.05778,0.01746,0.02808,0.02336,0.01793,0.02481,0.01644,0.02025,0.07649,0.15689,0.06674,0.08114,0.05616,0.11449,0.06138,0.03667,0.02774,0.03745
0.06118,0.02336,0.07083,0.01665,0.02855,0.02391,0.01811,0.02645,0.01411,0.01871,0.13666,0.13905,0.09141,0.13926,0.02621,0.07615,0.02583,0.02580,0.01900,0.01876
0.05944,0.03516,0.07170,0.02466,0.04164,0.03389,0.02332,0.03104,0.02283,0.02666,0.05359,0.14252,0.04568,0.05487,0.03495,0.12855,0.07828,0.02823,0.03181,0.03119
0.06520,0.02414,0.08259,0.01525,0.02664,0.02236,0.01737,0.02577,0.01367,0.01723,0.12002,0.13894,0.08830,0.12467,0.03756,0.08551,0.02765,0.02765,0.01869,0.02081
0.04830,0.02369,0.06270,0.01530,0.02716,0.02427,0.02021,0.02521,0.01467,0.01919,0.06819,0.18003,0.10805,0.06925,0.04500,0.13200,0.03745,0.03263,0.02263,0.02406
0.03719,0.02808,0.04632,0.01618,0.02520,0.02884,0.01949,0.02718,0.02110,0.02397,0.06137,0.13663,0.05820,0.07598,0.07116,0.15548,0.05935,0.03858,0.03334,0.03637
0.04172,0.01990,0.05089,0.01259,0.02128,0.01996,0.01523,0.02323,0.01289,0.01706,0.05660,0.22375,0.10848,0.05954,0.03978,0.16209,0.04006,0.02832,0.02277,0.02386
0.03426,0.02087,0.04318,0.01264,0.02363,0.02304,0.01509,0.02044,0.01270,0.01640,0.10212,0.16471,0.05780,0.11852,0.05420,0.14050,0.05270,0.03763,0.02377,0.02578
0.08968,0.04109,0.10309,0.02169,0.04463,0.03420,0.02436,0.04468,0.01789,0.03074,0.04946,0.12837,0.07980,0.04911,0.03602,0.09593,0.03574,0.02800,0.01985,0.02568
0.05851,0.02928,0.06773,0.01865,0.02732,0.02801,0.02098,0.03071,0.01768,0.02042,0.05867,0.11643,0.04568,0.05204,0.03678,0.09684,0.14628,0.02935,0.04688,0.05175
0.04328,0.01993,0.05565,0.01387,0.02205,0.02051,0.01380,0.02061,0.01256,0.01583,0.06145,0.22571,0.06377,0.07260,0.03087,0.23437,0.01793,0.02525,0.01508,0.01486
0.03939,0.02414,0.04693,0.01591,0.02604,0.02285,0.01615,0.02428,0.01246,0.02009,0.07277,0.21890,0.11407,0.07982,0.03647,0.14821,0.02291,0.02402,0.01701,0.01759
0.04085,0.02107,0.04861,0.01309,0.02155,0.01974,0.01492,0.01918,0.01099,0.01580,0.07778,0.20604,0.07723,0.08303,0.04482,0.17409,0.03983,0.02556,0.02375,0.02206
0.03696,0.02736,0.04144,0.01787,0.02919,0.02830,0.02040,0.02897,0.01999,0.02110,0.09008,0.17271,0.08589,0.08513,0.03301,0.11723,0.05236,0.03221,0.02702,0.03275
0.06583,0.02592,0.08308,0.01448,0.02674,0.02450,0.01421,0.02578,0.01530,0.02061,0.13333,0.11490,0.04125,0.14419,0.03980,0.09673,0.04788,0.02251,0.02055,0.02241
0.07952,0.03187,0.09638,0.01752,0.03466,0.02891,0.01985,0.03346,0.01762,0.02414,0.11899,0.11688,0.07575,0.12146,0.03478,0.06298,0.02261,0.02529,0.01828,0.01906
0.04480,0.02576,0.05557,0.01499,0.02811,0.02422,0.01714,0.02506,0.01691,0.01707,0.10190,0.14042,0.07828,0.11607,0.04556,0.13072,0.02523,0.05042,0.02229,0.01947
0.03450,0.02293,0.04980,0.01494,0.02193,0.01925,0.01443,0.02247,0.01371,0.01841,0.05813,0.22194,0.21198,0.06778,0.04192,0.10226,0.01598,0.02143,0.01261,0.01358
0.07624,0.03362,0.09994,0.02113,0.03864,0.03053,0.02153,0.03795,0.01879,0.02956,0.07084,0.13056,0.07182,0.08494,0.05301,0.09400,0.02309,0.02872,0.01480,0.02027
0.10257,0.03343,0.12540,0.02176,0.04627,0.03410,0.02390,0.03709,0.01781,0.02628,0.05358,0.08641,0.04653,0.06528,0.06045,0.09215,0.04618,0.02940,0.02493,0.02648
0.05751,0.04046,0.08724,0.03025,0.03421,0.03305,0.02524,0.03799,0.02562,0.02802,0.06532,0.11026,0.06962,0.06327,0.04512,0.08067,0.07133,0.02841,0.03235,0.03407
0.04737,0.02791,0.05698,0.01784,0.02753,0.02609,0.01885,0.02634,0.01533,0.02023,0.09749,0.18354,0.10606,0.10195,0.03931,0.10196,0.02643,0.02445,0.01604,0.01829
0.08701,0.03407,0.09171,0.01767,0.03709,0.03348,0.02108,0.03421,0.01837,0.02253,0.08968,0.12247,0.06194,0.09264,0.02850,0.08590,0.04504,0.03094,0.02049,0.02518
0.06877,0.03272,0.07394,0.01885,0.03325,0.02790,0.02099,0.03155,0.01932,0.02299,0.06881,0.13863,0.04655,0.06904,0.05598,0.12858,0.05086,0.03308,0.02612,0.03207
0.03500,0.01988,0.04232,0.01387,0.02215,0.02564,0.01420,0.02372,0.01466,0.02059,0.10435,0.20487,0.07469,0.11605,0.03333,0.15608,0.02052,0.02641,0.01404,0.01765
0.07913,0.03872,0.10024,0.02405,0.04420,0.03630,0.02355,0.03432,0.02039,0.02712,0.05349,0.11458,0.04573,0.07084,0.07600,0.10902,0.02431,0.03586,0.01962,0.02252
0.07169,0.03164,0.07930,0.01989,0.03400,0.02666,0.02056,0.03159,0.01696,0.02189,0.08582,0.13952,0.04472,0.09622,0.04248,0.12827,0.03512,0.02904,0.02330,0.02133
0.07023,0.03498,0.09107,0.02090,0.04026,0.03597,0.02361,0.03336,0.02105,0.02548,0.06751,0.12127,0.04606,0.07861,0.04138,0.13031,0.02186,0.05279,0.02176,0.02154
0.06404,0.02876,0.08555,0.01496,0.02978,0.02212,0.01496,0.02304,0.01057,0.01465,0.09762,0.12952,0.06689,0.10784,0.06052,0.13479,0.02048,0.03403,0.01974,0.02015
0.08064,0.03710,0.09707,0.02344,0.04100,0.03500,0.02461,0.03572,0.02058,0.02272,0.11205,0.10603,0.06353,0.11398,0.02602,0.06552,0.03130,0.02777,0.01629,0.01963
0.05447,0.03108,0.06526,0.01582,0.03102,0.02617,0.01698,0.02995,0.01709,0.02142,0.10102,0.13548,0.08128,0.12287,0.06325,0.09587,0.02383,0.03230,0.01539,0.01945
0.05235,0.03392,0.05937,0.02292,0.03116,0.03281,0.02529,0.02930,0.02223,0.02470,0.05496,0.16379,0.07455,0.07414,0.06023,0.14929,0.02208,0.02785,0.01728,0.02177
0.04808,0.02904,0.06053,0.01890,0.03073,0.02730,0.02020,0.02928,0.01771,0.02047,0.07867,0.13569,0.09922,0.08500,0.06603,0.08722,0.04643,0.04204,0.02686,0.03060
0.07085,0.03441,0.09217,0.01978,0.03587,0.03106,0.02290,0.03079,0.01829,0.02707,0.04175,0.17230,0.12687,0.05210,0.04986,0.08812,0.02367,0.02786,0.01678,0.01750
0.05180,0.02863,0.05829,0.01633,0.02898,0.02493,0.01789,0.02837,0.01827,0.02049,0.11096,0.10582,0.08222,0.11188,0.04930,0.06249,0.04829,0.07855,0.02797,0.02853
0.07414,0.02477,0.08366,0.01635,0.02839,0.02256,0.01497,0.02644,0.01273,0.01932,0.07606,0.17990,0.13423,0.07611,0.03200,0.09214,0.02630,0.02229,0.01830,0.01936
0.02881,0.02511,0.03592,0.02060,0.02727,0.02687,0.01866,0.02425,0.02171,0.01989,0.13866,0.14937,0.08261,0.14845,0.03361,0.10449,0.02225,0.03688,0.01631,0.01829
0.06495,0.02762,0.07965,0.02124,0.02779,0.02324,0.01791,0.02381,0.01344,0.01776,0.09322,0.16661,0.07370,0.11125,0.03449,0.12287,0.01875,0.03076,0.01636,0.01456
0.04347,0.02710,0.05718,0.01744,0.02752,0.02199,0.01584,0.02452,0.01685,0.02166,0.09565,0.13523,0.08247,0.09524,0.05412,0.12972,0.04642,0.03341,0.02547,0.02867
0.05961,0.03358,0.08060,0.02088,0.03414,0.03215,0.02196,0.03313,0.02382,0.02550,0.06625,0.14020,0.05899,0.07927,0.05124,0.13111,0.02921,0.03487,0.02197,0.02152
0.04474,0.03462,0.06752,0.01724,0.04093,0.03331,0.02567,0.03350,0.01640,0.01882,0.05431,0.14109,0.04406,0.09141,0.10790,0.13492,0.01621,0.03930,0.01557,0.02247
0.04701,0.02613,0.05904,0.01985,0.02875,0.03004,0.02029,0.02737,0.01766,0.02401,0.07047,0.18321,0.07957,0.08276,0.03719,0.15200,0.02808,0.02484,0.02143,0.02032
0.05798,0.04343,0.06684,0.02599,0.04705,0.04097,0.03231,0.04378,0.02588,0.03781,0.02714,0.12704,0.07146,0.05011,0.08433,0.11916,0.02916,0.02843,0.01956,0.02158
0.04030,0.02364,0.04987,0.01566,0.02542,0.02302,0.01840,0.02364,0.01312,0.01939,0.13531,0.14960,0.07894,0.14193,0.03083,0.10965,0.02546,0.03380,0.02351,0.01849
0.06613,0.02952,0.08475,0.01426,0.02916,0.02653,0.02029,0.02634,0.01547,0.01992,0.07071,0.17651,0.05662,0.07593,0.03886,0.16088,0.02285,0.02596,0.01751,0.02181
0.05721,0.02827,0.07261,0.01657,0.02946,0.02789,0.01877,0.02929,0.01851,0.02171,0.04919,0.18854,0.11969,0.05746,0.03302,0.12053,0.03561,0.02922,0.02414,0.02230
0.04299,0.02098,0.05611,0.01216,0.02318,0.01961,0.01459,0.02168,0.01170,0.01573,0.07803,0.22015,0.11313,0.08986,0.03997,0.14816,0.01932,0.01784,0.01553,0.01930
0.08430,0.03318,0.09946,0.02020,0.03739,0.03393,0.02275,0.03124,0.01795,0.02324,0.07007,0.13145,0.07824,0.06745,0.04074,0.09989,0.02669,0.03523,0.02391,0.02269
0.08619,0.02213,0.11691,0.01413,0.03614,0.02311,0.01598,0.02604,0.01210,0.01691,0.07250,0.16147,0.07135,0.08090,0.03041,0.12228,0.02662,0.03567,0.01502,0.01411
0.07795,0.03210,0.09770,0.01855,0.04036,0.03143,0.01973,0.03186,0.01713,0.02226,0.04481,0.09037,0.09668,0.06131,0.06881,0.13188,0.03774,0.03270,0.02335,0.02328
0.07107,0.03357,0.08118,0.02320,0.03291,0.03161,0.02495,0.03581,0.01776,0.02616,0.04553,0.12275,0.08373,0.06328,0.07857,0.09911,0.05094,0.02984,0.02317,0.02487
0.07041,0.03185,0.08506,0.01839,0.02738,0.02309,0.02145,0.02559,0.01730,0.02554,0.08628,0.16016,0.05332,0.09805,0.03474,0.13573,0.02365,0.02424,0.01796,0.01982
0.07653,0.02413,0.09831,0.01368,0.02582,0.02261,0.01581,0.02401,0.01303,0.01731,0.08204,0.18187,0.09450,0.07861,0.02770,0.12130,0.02390,0.02446,0.01722,0.01715
0.05384,0.03120,0.06228,0.02588,0.03617,0.03932,0.02421,0.03242,0.02287,0.02628,0.10077,0.11610,0.07428,0.10149,0.03892,0.07629,0.02800,0.05942,0.02715,0.02311
0.06894,0.02566,0.08626,0.01474,0.02795,0.02180,0.01590,0.02264,0.01357,0.01769,0.08653,0.18576,0.06861,0.09563,0.03250,0.13544,0.02374,0.02742,0.01383,0.01540
0.05388,0.02950,0.06495,0.02042,0.03407,0.02753,0.02368,0.03139,0.02108,0.02611,0.08138,0.10464,0.08435,0.09334,0.06628,0.10712,0.03763,0.03879,0.02612,0.02773
0.08582,0.03199,0.09915,0.02407,0.04433,0.03692,0.02506,0.03665,0.02609,0.03236,0.06645,0.09978,0.07932,0.07206,0.03978,0.08173,0.03124,0.03013,0.03070,0.02637
0.03568,0.01957,0.04253,0.01466,0.02173,0.01824,0.01404,0.01932,0.01104,0.01731,0.12857,0.16363,0.07931,0.13459,0.03965,0.12400,0.02647,0.05170,0.01845,0.01950
0.06729,0.04286,0.08666,0.02668,0.03952,0.04061,0.03069,0.04272,0.02101,0.02788,0.05447,0.12651,0.09271,0.05653,0.03503,0.09930,0.02848,0.02832,0.02823,0.02449
0.05918,0.03474,0.07618,0.02044,0.03560,0.03028,0.02099,0.02983,0.02138,0.02191,0.05071,0.15337,0.04599,0.06167,0.05641,0.13878,0.05267,0.03388,0.02661,0.02939
0.05596,0.02668,0.07087,0.01651,0.02881,0.02768,0.01867,0.02624,0.01539,0.02173,0.10765,0.14371,0.09966,0.11189,0.04544,0.08482,0.02768,0.03093,0.01791,0.02177
0.06583,0.03743,0.07532,0.02125,0.03569,0.03336,0.02113,0.03396,0.01981,0.02352,0.06789,0.14261,0.04529,0.07994,0.06131,0.14093,0.02891,0.02358,0.02125,0.02099
0.04756,0.02614,0.05849,0.01786,0.02993,0.02683,0.01898,0.02883,0.01664,0.02220,0.07479,0.17007,0.09810,0.07082,0.04380,0.10892,0.03877,0.04913,0.02468,0.02747
0.05649,0.03215,0.06200,0.01989,0.03185,0.02826,0.02009,0.03186,0.01976,0.02340,0.05792,0.15221,0.08216,0.06455,0.05349,0.11150,0.04666,0.05043,0.02919,0.02615
0.03421,0.02142,0.04929,0.01620,0.02705,0.02110,0.01657,0.02125,0.01331,0.01718,0.11729,0.19222,0.09299,0.11918,0.03147,0.12833,0.02145,0.02523,0.01648,0.01777
0.06617,0.03442,0.08153,0.01830,0.03399,0.02674,0.02360,0.03094,0.02177,0.02639,0.09761,0.11643,0.04458,0.10282,0.03718,0.11252,0.03804,0.03810,0.02337,0.02550
0.05900,0.02985,0.06542,0.02004,0.03385,0.03047,0.01942,0.03368,0.02224,0.02724,0.04939,0.18138,0.10691,0.05897,0.04551,0.11585,0.02844,0.02921,0.01944,0.02368
0.02556,0.01643,0.03566,0.01153,0.01843,0.01853,0.01191,0.01979,0.01199,0.01477,0.06876,0.19586,0.07218,0.10381,0.09234,0.16793,0.04338,0.03383,0.01869,0.01861
0.05300,0.02874,0.06263,0.01951,0.03179,0.02701,0.01910,0.02579,0.01589,0.02039,0.09548,0.14007,0.07175,0.11606,0.05860,0.11617,0.02350,0.03540,0.01838,0.02075
0.06935,0.02987,0.08497,0.01369,0.03057,0.02501,0.01751,0.02662,0.01357,0.01939,0.11315,0.10177,0.06243,0.12906,0.05859,0.11472,0.02295,0.03123,0.01643,0.01911
0.05930,0.03556,0.06914,0.02710,0.03672,0.03307,0.02577,0.03335,0.02058,0.02428,0.08727,0.09309,0.04913,0.08118,0.04527,0.08956,0.05271,0.05129,0.04151,0.04411
0.07403,0.04134,0.09520,0.02106,0.03929,0.03874,0.02227,0.04284,0.02289,0.02878,0.07661,0.10015,0.06153,0.09172,0.05099,0.08130,0.02786,0.03546,0.02159,0.02634
0.09594,0.02935,0.10561,0.01841,0.03664,0.02594,0.02117,0.03027,0.01545,0.02092,0.06397,0.14778,0.04974,0.06378,0.03125,0.12430,0.03391,0.03687,0.02371,0.02500
0.08715,0.02157,0.10951,0.01243,0.02617,0.02109,0.01395,0.02126,0.01135,0.01960,0.03728,0.22127,0.06101,0.04228,0.02279,0.21625,0.01476,0.01647,0.01182,0.01198
0.08242,0.03314,0.09973,0.01870,0.03699,0.03264,0.02391,0.03497,0.01804,0.02034,0.11002,0.10465,0.04412,0.10422,0.03036,0.09086,0.03375,0.03090,0.02482,0.02543
0.03853,0.02162,0.04759,0.01499,0.02219,0.02036,0.01551,0.02189,0.01335,0.01623,0.08592,0.22417,0.09149,0.09787,0.03784,0.15893,0.01583,0.02719,0.01294,0.01557
0.05067,0.02659,0.07309,0.01517,0.02621,0.02104,0.01560,0.02638,0.01263,0.01944,0.14238,0.12251,0.08916,0.15521,0.03685,0.08843,0.02327,0.02284,0.01572,0.01683
0.04860,0.03262,0.07549,0.01666,0.02866,0.02720,0.01857,0.02908,0.01485,0.02288,0.08551,0.11559,0.08671,0.09805,0.05153,0.14132,0.02899,0.03354,0.02033,0.02380
0.06166,0.03775,0.07093,0.02271,0.04027,0.03172,0.02282,0.04027,0.02142,0.02981,0.06503,0.11286,0.06827,0.06020,0.05604,0.09107,0.04588,0.04719,0.03429,0.03982
0.08272,0.03628,0.10275,0.02127,0.03870,0.02777,0.02530,0.03738,0.02048,0.02491,0.10051,0.08309,0.06020,0.09697,0.03347,0.06129,0.04632,0.03513,0.03273,0.03271
0.08235,0.03480,0.10831,0.01897,0.03494,0.03087,0.02228,0.03534,0.01910,0.02324,0.07972,0.13246,0.06872,0.08126,0.03478,0.09343,0.03914,0.02049,0.01856,0.02124
0.07779,0.02694,0.09299,0.01564,0.03322,0.02385,0.01721,0.02749,0.01447,0.01966,0.11109,0.10403,0.07848,0.11970,0.05776,0.07214,0.03376,0.03330,0.01903,0.02146
0.03711,0.02348,0.04407,0.01562,0.02494,0.02223,0.01492,0.02145,0.01355,0.01620,0.07517,0.20586,0.06691,0.08279,0.04116,0.21889,0.02132,0.01925,0.01733,0.01773
0.05987,0.02616,0.06547,0.01525,0.02778,0.02383,0.01910,0.02655,0.01552,0.01985,0.11429,0.12804,0.06437,0.12494,0.05507,0.10791,0.02233,0.03936,0.02122,0.02312
0.10107,0.03462,0.11791,0.02107,0.04170,0.03348,0.02132,0.03728,0.01998,0.02615,0.06639,0.08496,0.03545,0.06611,0.04461,0.08694,0.06616,0.03101,0.03136,0.03243
0.04432,0.02402,0.05359,0.01448,0.02487,0.02103,0.01342,0.02440,0.01378,0.02009,0.03308,0.24931,0.05524,0.04687,0.04774,0.24077,0.02250,0.02117,0.01418,0.01515
0.03265,0.03058,0.04021,0.01711,0.02928,0.02393,0.01725,0.02696,0.01403,0.02268,0.12805,0.19359,0.04937,0.11992,0.02288,0.15807,0.02401,0.01872,0.01377,0.01693
0.06198,0.03638,0.07738,0.02099,0.03795,0.03740,0.02289,0.03985,0.02030,0.02839,0.11886,0.10494,0.05860,0.12248,0.03590,0.06711,0.03126,0.02624,0.02509,0.02599
0.04296,0.02122,0.05529,0.01342,0.02530,0.01909,0.01553,0.02185,0.01263,0.01712,0.09387,0.17946,0.13159,0.10111,0.03777,0.09576,0.03547,0.03623,0.02079,0.02353
0.04872,0.02576,0.05511,0.01538,0.02544,0.02351,0.01800,0.02381,0.01447,0.01877,0.15577,0.14396,0.05133,0.15708,0.02169,0.11442,0.03291,0.01843,0.01668,0.01876
0.05429,0.03274,0.06074,0.02212,0.03576,0.03131,0.02040,0.03187,0.01635,0.02643,0.06115,0.19484,0.06459,0.06172,0.02732,0.15855,0.03587,0.01994,0.02281,0.02119
0.06580,0.03298,0.08259,0.01928,0.03610,0.02953,0.02049,0.03159,0.01634,0.02436,0.08747,0.12410,0.09698,0.08902,0.05026,0.08285,0.02906,0.03938,0.02054,0.02129
0.06744,0.02907,0.07639,0.02116,0.03269,0.02871,0.02024,0.02576,0.01769,0.02046,0.09323,0.15443,0.10400,0.09175,0.03395,0.07592,0.03793,0.02368,0.02109,0.02438
0.07676,0.02919,0.10953,0.02072,0.03168,0.03222,0.02069,0.03226,0.01853,0.02338,0.04759,0.12420,0.05884,0.05982,0.07609,0.11709,0.03856,0.03233,0.02169,0.02884
0.04547,0.01740,0.05662,0.01263,0.02201,0.01645,0.01341,0.02004,0.01108,0.01374,0.09567,0.22446,0.09288,0.09937,0.03318,0.15212,0.01992,0.02166,0.01508,0.01682
0.07923,0.03140,0.10255,0.01782,0.03983,0.03150,0.02269,0.03109,0.01755,0.02282,0.07477,0.15361,0.05774,0.07279,0.02497,0.12580,0.02607,0.02557,0.02041,0.02179
0.08247,0.02395,0.11055,0.01221,0.02919,0.01981,0.01456,0.02081,0.01366,0.01640,0.18121,0.08141,0.06263,0.18478,0.03493,0.05185,0.02065,0.01532,0.01027,0.01334
0.03899,0.02529,0.05106,0.01306,0.02616,0.02183,0.01688,0.02505,0.01323,0.01774,0.07865,0.21387,0.08837,0.08489,0.04363,0.14986,0.02870,0.02727,0.01642,0.01903
0.04418,0.02284,0.05685,0.01436,0.02483,0.02138,0.01597,0.02287,0.01237,0.01706,0.08959,0.14174,0.07167,0.10290,0.07314,0.12107,0.06593,0.02909,0.02531,0.02684
0.06264,0.02690,0.07638,0.01561,0.02639,0.02316,0.01767,0.02523,0.01301,0.01807,0.04871,0.17480,0.05594,0.06274,0.05942,0.16773,0.05301,0.02404,0.02380,0.02474
0.03951,0.02997,0.05720,0.01882,0.03248,0.03193,0.02053,0.03613,0.01542,0.02162,0.07362,0.14710,0.09224,0.09479,0.05344,0.15728,0.02186,0.02371,0.01475,0.01761
0.05654,0.03353,0.06949,0.02206,0.03562,0.02950,0.02169,0.03226,0.01691,0.02351,0.08122,0.14471,0.13824,0.07862,0.03929,0.06073,0.03435,0.03540,0.02368,0.02262
0.07902,0.03439,0.09396,0.02267,0.03547,0.03243,0.02398,0.03278,0.02004,0.02633,0.09367,0.09476,0.05591,0.09124,0.03311,0.06902,0.07486,0.02865,0.02740,0.03031
0.06025,0.03837,0.07809,0.02136,0.04004,0.03578,0.02399,0.03795,0.02211,0.02572,0.07155,0.13403,0.10725,0.07157,0.03759,0.07337,0.04235,0.02882,0.02460,0.02522
0.05657,0.02870,0.06582,0.01971,0.03460,0.02546,0.02006,0.02750,0.01736,0.02301,0.10315,0.14505,0.07206,0.10016,0.03658,0.10924,0.02627,0.03989,0.02447,0.02434
0.03877,0.03066,0.05489,0.02030,0.03002,0.02678,0.02002,0.02856,0.01894,0.02556,0.05971,0.18195,0.09375,0.06116,0.03437,0.11706,0.06950,0.03172,0.02835,0.02795
0.07464,0.03206,0.07952,0.01821,0.03427,0.03153,0.02129,0.03334,0.01878,0.02483,0.08469,0.11363,0.04977,0.08264,0.04458,0.09561,0.02865,0.07184,0.03015,0.02997
0.10677,0.02623,0.13324,0.01456,0.02821,0.02395,0.01693,0.02986,0.01441,0.01969,0.07627,0.08898,0.05847,0.10780,0.06334,0.07984,0.02986,0.04596,0.01684,0.01880
0.03341,0.02516,0.04129,0.01770,0.02612,0.02323,0.01918,0.02731,0.01750,0.02101,0.06262,0.20090,0.11874,0.06898,0.04352,0.16145,0.02551,0.02416,0.01972,0.02249
0.08444,0.02650,0.09295,0.01391,0.03265,0.02735,0.01898,0.02731,0.01334,0.01955,0.05913,0.18592,0.05278,0.06486,0.03170,0.17655,0.01944,0.01999,0.01582,0.01683
0.04657,0.02877,0.05411,0.01783,0.02983,0.02741,0.02142,0.03484,0.01981,0.02399,0.08868,0.16279,0.04473,0.11240,0.04650,0.15548,0.01891,0.03350,0.01709,0.01536
0.08292,0.02837,0.09718,0.01907,0.02774,0.02540,0.01659,0.02682,0.01470,0.01863,0.04398,0.19133,0.06039,0.05441,0.04034,0.17058,0.03113,0.01833,0.01493,0.01718
0.07313,0.03799,0.09454,0.01972,0.03926,0.03480,0.02221,0.03312,0.01924,0.02412,0.07047,0.10164,0.09502,0.07626,0.04376,0.11002,0.02871,0.03186,0.02253,0.02158
0.04596,0.02745,0.05578,0.01627,0.02933,0.02155,0.01790,0.02827,0.01648,0.02220,0.06998,0.13970,0.10189,0.08790,0.09367,0.09561,0.04377,0.03635,0.02258,0.02734
0.10177,0.02461,0.11309,0.01499,0.03270,0.02407,0.02227,0.02901,0.01443,0.02049,0.07766,0.13398,0.08471,0.08061,0.03614,0.07982,0.03081,0.03739,0.02354,0.01788
0.04819,0.02797,0.05710,0.01541,0.02941,0.02417,0.01808,0.02414,0.01696,0.02146,0.05526,0.18203,0.14171,0.06017,0.04156,0.12818,0.03277,0.03279,0.02199,0.02063
0.09208,0.03122,0.12267,0.01890,0.03805,0.02908,0.02035,0.02855,0.01816,0.02033,0.07025,0.12442,0.07216,0.07893,0.04805,0.09331,0.02210,0.03322,0.01925,0.01894
0.05727,0.02587,0.06713,0.01249,0.02583,0.02324,0.01568,0.02503,0.01495,0.01756,0.10040,0.16039,0.07747,0.09907,0.03338,0.11040,0.04128,0.03669,0.03058,0.02527
0.07674,0.03025,0.08039,0.01615,0.03500,0.02804,0.01907,0.03011,0.01573,0.02241,0.13304,0.10461,0.03296,0.13649,0.03469,0.09651,0.02657,0.03587,0.02281,0.02256
0.06308,0.02648,0.06549,0.01603,0.02610,0.02102,0.01880,0.02838,0.01746,0.02113,0.06242,0.14867,0.10844,0.06265,0.04595,0.13872,0.04604,0.03017,0.02801,0.02497
0.06418,0.02613,0.08101,0.01453,0.02865,0.02444,0.01658,0.02421,0.01458,0.01838,0.08012,0.16682,0.07469,0.08962,0.04206,0.15202,0.03218,0.01731,0.01613,0.01636
0.04698,0.02427,0.05780,0.01592,0.02840,0.02329,0.01652,0.02646,0.01495,0.02061,0.05996,0.21412,0.13196,0.06527,0.04120,0.12718,0.02247,0.02768,0.01746,0.01749
0.04791,0.02653,0.06641,0.01486,0.02614,0.02467,0.01528,0.02542,0.01307,0.01716,0.06357,0.19556,0.11667,0.07601,0.05557,0.12750,0.02596,0.02853,0.01508,0.01810
0.05707,0.02765,0.06825,0.01855,0.03111,0.02577,0.01931,0.02771,0.01766,0.02126,0.06333,0.19870,0.06091,0.06920,0.03797,0.16028,0.02412,0.03636,0.01705,0.01772
0.04503,0.02513,0.06103,0.01636,0.02716,0.02443,0.01887,0.02748,0.01414,0.01931,0.13225,0.11998,0.05041,0.12354,0.03547,0.11994,0.04174,0.04033,0.02842,0.02900
0.04462,0.03189,0.05310,0.02076,0.03078,0.03261,0.01937,0.03428,0.02325,0.02529,0.07004,0.14887,0.06680,0.06831,0.03826,0.13431,0.05231,0.03254,0.03433,0.03829
0.04392,0.02382,0.05028,0.01268,0.02283,0.02152,0.01443,0.02149,0.01370,0.01740,0.06718,0.18459,0.04708,0.07643,0.06890,0.19605,0.02945,0.03508,0.02653,0.02663
0.06788,0.02947,0.08593,0.01811,0.03313,0.02763,0.01999,0.02666,0.01878,0.02182,0.04294,0.19515,0.10184,0.05584,0.04011,0.13481,0.02709,0.02148,0.01551,0.01581
0.04042,0.02194,0.05238,0.01496,0.02283,0.01915,0.01487,0.01974,0.01142,0.01548,0.05878,0.24163,0.03981,0.06499,0.03548,0.23184,0.03491,0.01832,0.01998,0.02109
0.09311,0.03383,0.10835,0.02444,0.04350,0.03811,0.02640,0.03626,0.02103,0.03047,0.05689,0.09322,0.07897,0.05815,0.04197,0.08453,0.04608,0.02803,0.02886,0.02780
0.07871,0.02356,0.08974,0.01882,0.03145,0.02609,0.02125,0.02803,0.01669,0.02176,0.11263,0.08630,0.04861,0.14325,0.07257,0.08350,0.02913,0.02912,0.01790,0.02091
0.06074,0.03050,0.06755,0.02243,0.03318,0.02327,0.02311,0.03396,0.01796,0.01983,0.11620,0.13991,0.04354,0.13808,0.03185,0.12455,0.02150,0.01939,0.01593,0.01651
0.04422,0.02012,0.05485,0.01510,0.02202,0.01888,0.01558,0.02208,0.00999,0.01643,0.06714,0.18928,0.08966,0.09735,0.09372,0.14725,0.02212,0.02628,0.01361,0.01432
0.03865,0.02372,0.05044,0.01450,0.02300,0.02275,0.01654,0.02185,0.01445,0.01921,0.10856,0.15245,0.07604,0.11567,0.05505,0.11140,0.03033,0.05244,0.02337,0.02960
0.07657,0.03829,0.09378,0.01863,0.03701,0.03281,0.02386,0.03777,0.01880,0.02372,0.06846,0.11767,0.05898,0.07544,0.04758,0.09804,0.03702,0.03548,0.02580,0.03429
0.08616,0.03439,0.09912,0.01584,0.03553,0.02871,0.02063,0.03257,0.01678,0.02083,0.13096,0.10851,0.05281,0.13115,0.02592,0.08238,0.02196,0.01947,0.01909,0.01720
0.04877,0.02828,0.06230,0.01787,0.02870,0.02328,0.01741,0.02582,0.01490,0.02082,0.13410,0.09809,0.02986,0.14481,0.06992,0.09758,0.03474,0.04697,0.02169,0.03410
0.07298,0.02508,0.08051,0.01600,0.02971,0.02258,0.01714,0.02667,0.01385,0.01977,0.05029,0.16063,0.11278,0.06313,0.05595,0.15524,0.01912,0.02691,0.01520,0.01645
0.08398,0.02973,0.10948,0.01781,0.03762,0.03104,0.02282,0.03378,0.01795,0.02353,0.03691,0.16631,0.05863,0.04384,0.03319,0.14713,0.04309,0.02159,0.02089,0.02069
0.08445,0.02537,0.10269,0.01362,0.02798,0.02338,0.01612,0.02610,0.01262,0.01915,0.13562,0.13044,0.04905,0.13774,0.02499,0.09803,0.02389,0.01940,0.01309,0.01627
0.07142,0.03661,0.07990,0.02527,0.03676,0.03525,0.02383,0.03413,0.01829,0.02393,0.06581,0.12703,0.04724,0.07221,0.04641,0.12997,0.04419,0.02813,0.02363,0.02999
0.09204,0.03190,0.11624,0.02002,0.03802,0.02907,0.02040,0.03151,0.02052,0.02293,0.07142,0.11928,0.07074,0.08476,0.05473,0.10892,0.01736,0.02125,0.01315,0.01573
0.06108,0.02845,0.06773,0.02020,0.03042,0.03045,0.01836,0.02803,0.01430,0.02157,0.09022,0.12011,0.10611,0.09557,0.04614,0.13721,0.02361,0.01992,0.02038,0.02014
0.04883,0.02683,0.05896,0.01784,0.02874,0.02473,0.01774,0.02784,0.01650,0.02138,0.08649,0.17016,0.04160,0.09579,0.03610,0.16444,0.04491,0.02404,0.02276,0.02431
0.09505,0.04496,0.11458,0.02873,0.04983,0.04109,0.03027,0.04249,0.02812,0.03535,0.04419,0.07246,0.05605,0.04495,0.04494,0.08544,0.04297,0.03300,0.03337,0.03215
0.04525,0.02479,0.05974,0.01764,0.02576,0.02451,0.01876,0.02562,0.01259,0.02197,0.06715,0.12496,0.08573,0.09470,0.10332,0.12504,0.03319,0.04140,0.02275,0.02513
0.07922,0.03711,0.09402,0.02203,0.03634,0.03637,0.02244,0.03774,0.01907,0.02412,0.10973,0.07730,0.05170,0.11992,0.05613,0.06272,0.02389,0.04496,0.01961,0.02557
