0.29296,0.00496,0.60265,0.00877,0.00952,0.00737,0.07010,0.00368
0.29574,0.01505,0.64367,0.00685,0.00718,0.00756,0.02126,0.00269
0.41747,0.03755,0.02996,0.33965,0.09956,0.03349,0.02097,0.02135
0.16226,0.03200,0.08903,0.17520,0.01834,0.01035,0.50811,0.00472
0.31046,0.12638,0.42860,0.05617,0.00884,0.01033,0.05146,0.00775
0.08168,0.00997,0.16459,0.16482,0.03195,0.02288,0.51942,0.00469
0.37846,0.01863,0.03334,0.44237,0.05357,0.04688,0.01170,0.01504
0.21243,0.05104,0.18977,0.08471,0.00840,0.00859,0.43872,0.00634
0.17281,0.16256,0.16110,0.13742,0.08355,0.12574,0.14266,0.01417
0.15108,0.01023,0.35599,0.12602,0.02846,0.02207,0.30144,0.00471
0.09609,0.01063,0.06049,0.24244,0.15353,0.09304,0.33967,0.00411
0.21737,0.03188,0.09548,0.16471,0.13919,0.11468,0.18834,0.04835
0.28307,0.03641,0.05844,0.22446,0.24324,0.05115,0.08869,0.01454
0.20871,0.00664,0.16700,0.16532,0.00871,0.00652,0.43447,0.00262
0.24794,0.08719,0.10171,0.02158,0.01466,0.01110,0.05011,0.46572
0.15785,0.01414,0.02365,0.20252,0.15658,0.02440,0.41500,0.00586
0.16726,0.00594,0.19027,0.14092,0.10841,0.04779,0.33474,0.00468
0.34403,0.02004,0.16927,0.15729,0.03197,0.01891,0.16528,0.09320
0.36419,0.00688,0.37495,0.07646,0.01338,0.01374,0.14404,0.00637
0.29742,0.21238,0.04406,0.22433,0.01523,0.01151,0.05947,0.13560
0.31842,0.01140,0.08059,0.33175,0.13210,0.05172,0.04086,0.03317
0.26129,0.05426,0.23550,0.11115,0.01404,0.01068,0.30625,0.00682
0.32326,0.06325,0.07416,0.30226,0.07532,0.04510,0.06576,0.05089
0.05102,0.00454,0.35383,0.08128,0.17887,0.04699,0.27991,0.00357
0.24428,0.06842,0.08035,0.26896,0.09330,0.04704,0.18990,0.00775
0.20901,0.01457,0.21153,0.04979,0.32106,0.11211,0.07253,0.00940
0.09141,0.09811,0.04899,0.09168,0.02200,0.01688,0.62571,0.00520
0.10999,0.02104,0.21069,0.07355,0.23783,0.06830,0.27503,0.00356
0.14572,0.06062,0.28738,0.06639,0.23451,0.13478,0.05045,0.02015
0.34648,0.01762,0.12432,0.11997,0.02465,0.01345,0.34895,0.00455
0.32786,0.01918,0.43843,0.02971,0.02462,0.01498,0.13990,0.00532
0.36983,0.06986,0.14726,0.21269,0.02085,0.01454,0.05962,0.10535
0.11217,0.01882,0.21001,0.03961,0.17224,0.13783,0.29736,0.01197
0.19560,0.01957,0.05587,0.19904,0.21767,0.03028,0.26647,0.01550
0.36452,0.07620,0.34249,0.09186,0.03416,0.03169,0.05007,0.00901
0.22294,0.18152,0.27139,0.12750,0.02067,0.01117,0.16015,0.00466
0.20992,0.02363,0.08284,0.35111,0.10290,0.03959,0.14760,0.04242
0.23950,0.01088,0.08331,0.10759,0.09854,0.04592,0.39914,0.01512
0.20095,0.04745,0.23609,0.28911,0.02645,0.01377,0.17459,0.01159
0.30560,0.00678,0.53742,0.01502,0.04552,0.06849,0.01590,0.00527
0.19964,0.02917,0.27165,0.08701,0.21667,0.09897,0.08557,0.01133
0.41749,0.11290,0.27177,0.13280,0.00651,0.00438,0.04388,0.01026
0.16230,0.11806,0.10392,0.28409,0.03474,0.02301,0.26664,0.00724
0.47062,0.01144,0.23893,0.08810,0.02964,0.02563,0.11917,0.01645
0.23071,0.03828,0.13423,0.30907,0.07233,0.04941,0.15745,0.00851
0.40665,0.00726,0.12991,0.34046,0.04918,0.03235,0.02336,0.01084
0.26838,0.04097,0.27036,0.15845,0.02105,0.01527,0.21155,0.01396
0.34295,0.13351,0.07653,0.22739,0.02354,0.01389,0.15871,0.02347
0.26448,0.00786,0.49113,0.03014,0.01240,0.01108,0.18098,0.00192
0.15187,0.05656,0.33906,0.09430,0.01305,0.01062,0.33117,0.00337
0.20597,0.20862,0.06917,0.13152,0.07223,0.09571,0.20564,0.01113
0.31693,0.01976,0.11090,0.26769,0.11972,0.04621,0.08869,0.03010
0.03865,0.46374,0.24335,0.06971,0.04195,0.04476,0.02077,0.07707
0.10423,0.10647,0.39077,0.15523,0.04837,0.03053,0.10829,0.05610
0.15287,0.02515,0.08006,0.26920,0.20584,0.06394,0.07466,0.12828
0.14597,0.00726,0.42854,0.04480,0.00557,0.00426,0.36148,0.00211
0.23450,0.01134,0.23636,0.08483,0.14491,0.04463,0.23921,0.00423
0.13852,0.07444,0.21838,0.03523,0.22040,0.18144,0.11560,0.01599
0.13103,0.12784,0.18705,0.09827,0.02069,0.02044,0.41000,0.00468
0.29669,0.03069,0.33571,0.11303,0.01558,0.01368,0.18340,0.01123
0.33812,0.07771,0.16480,0.32098,0.03142,0.01483,0.04207,0.01007
0.10668,0.02913,0.04582,0.17326,0.19939,0.02872,0.41062,0.00637
0.28587,0.04641,0.52297,0.08068,0.01350,0.01063,0.03734,0.00260
0.15172,0.03421,0.26280,0.19440,0.01843,0.01340,0.32108,0.00395
0.24921,0.01847,0.33061,0.01301,0.05992,0.04427,0.27076,0.01373
0.12272,0.02917,0.11802,0.07069,0.09560,0.07578,0.48124,0.00679
0.30687,0.00868,0.63419,0.01081,0.01097,0.01343,0.01200,0.00305
0.16420,0.04384,0.50585,0.02747,0.02133,0.01805,0.21558,0.00368
0.19497,0.03203,0.29754,0.17889,0.11542,0.04707,0.12321,0.01088
0.37146,0.07882,0.24655,0.17066,0.00947,0.00632,0.09385,0.02288
0.38116,0.00570,0.55569,0.01539,0.00910,0.00727,0.02228,0.00340
0.18089,0.32766,0.27246,0.08533,0.03371,0.01625,0.06897,0.01474
0.21169,0.01209,0.09354,0.33239,0.12068,0.10488,0.11551,0.00923
0.30082,0.00375,0.63610,0.00607,0.01266,0.02096,0.01696,0.00268
0.23560,0.02368,0.11976,0.05677,0.20955,0.10796,0.24238,0.00429
0.21207,0.02006,0.04393,0.11085,0.26842,0.13387,0.11289,0.09791
0.12006,0.00880,0.06827,0.08427,0.28765,0.02110,0.40529,0.00455
0.30128,0.11461,0.02494,0.32767,0.14868,0.04290,0.01265,0.02727
0.24481,0.00652,0.11328,0.11052,0.03589,0.01716,0.46938,0.00244
0.28721,0.03665,0.10640,0.15676,0.20868,0.05197,0.03738,0.11494
0.22097,0.00669,0.44222,0.04496,0.01186,0.00981,0.25863,0.00486
0.29740,0.01878,0.02308,0.43176,0.09440,0.05787,0.06735,0.00936
0.29106,0.05688,0.06839,0.18261,0.09659,0.06320,0.04000,0.20128
0.33826,0.09582,0.09178,0.26279,0.07188,0.03589,0.04287,0.06070
0.13455,0.06082,0.20381,0.21747,0.05463,0.03798,0.28534,0.00540
0.20371,0.01180,0.13136,0.07927,0.38773,0.02982,0.14912,0.00719
0.18679,0.00371,0.49913,0.03309,0.03228,0.04919,0.19215,0.00366
0.26759,0.04684,0.06276,0.28169,0.22049,0.06484,0.01965,0.03613
0.34312,0.02508,0.06448,0.36050,0.09919,0.04810,0.04043,0.01911
0.14684,0.25376,0.03415,0.04585,0.03026,0.02141,0.46348,0.00425
0.12989,0.05127,0.49187,0.02495,0.00462,0.00490,0.28043,0.01206
0.15600,0.10503,0.38650,0.03190,0.15135,0.12252,0.02977,0.01692
0.37329,0.02506,0.38352,0.05362,0.00943,0.01092,0.13620,0.00796
0.28973,0.03707,0.34157,0.05159,0.09017,0.10559,0.06868,0.01561
0.14066,0.00967,0.25650,0.14757,0.00765,0.00428,0.43147,0.00220
0.24821,0.13490,0.04519,0.30965,0.12655,0.05618,0.02979,0.04954
0.42393,0.01806,0.02303,0.35941,0.05453,0.07530,0.01727,0.02847
0.32586,0.02878,0.30043,0.17864,0.01915,0.01831,0.11867,0.01015
0.32281,0.00342,0.44936,0.08390,0.00560,0.00354,0.12897,0.00239
0.18436,0.01389,0.32226,0.02923,0.08742,0.09812,0.25723,0.00748
