0.08177,0.10645,0.11696,0.25471,0.14675,0.08063,0.07428,0.06313,0.02885,0.04647
0.09236,0.12497,0.12114,0.19740,0.13229,0.07527,0.08142,0.06840,0.04697,0.05978
0.06628,0.08486,0.10549,0.22761,0.10754,0.11239,0.10769,0.08637,0.04245,0.05931
0.08150,0.10755,0.11610,0.25235,0.13986,0.08766,0.08112,0.06084,0.02920,0.04382
0.07154,0.08954,0.10224,0.34520,0.11041,0.07737,0.07126,0.05947,0.02792,0.04505
0.07943,0.11180,0.11473,0.24263,0.13016,0.08327,0.07810,0.06518,0.03686,0.05784
0.08199,0.11081,0.10429,0.30301,0.12546,0.07084,0.07074,0.05493,0.02793,0.05000
0.07600,0.08965,0.10432,0.17781,0.10770,0.12678,0.12057,0.09149,0.04057,0.06511
0.06815,0.07550,0.10416,0.20675,0.09704,0.14028,0.11752,0.09031,0.03882,0.06147
0.08438,0.10014,0.11557,0.20350,0.12103,0.10593,0.09147,0.07626,0.03884,0.06288
0.10492,0.12350,0.10936,0.17358,0.13480,0.08844,0.08740,0.07047,0.04369,0.06385
0.08529,0.10258,0.10613,0.15742,0.10962,0.10509,0.10589,0.09569,0.05761,0.07467
0.07569,0.10413,0.09991,0.29917,0.14011,0.07376,0.06827,0.05975,0.03465,0.04456
0.09938,0.12645,0.11267,0.23247,0.13983,0.07456,0.07029,0.06224,0.03544,0.04666
0.06688,0.08811,0.08326,0.16102,0.10058,0.15946,0.13479,0.10546,0.03453,0.06591
0.09924,0.12262,0.12761,0.19897,0.12702,0.07284,0.06993,0.06558,0.05065,0.06554
0.07516,0.10568,0.11533,0.23895,0.12539,0.08922,0.08511,0.07300,0.03520,0.05697
0.08667,0.11697,0.11346,0.21008,0.12687,0.08427,0.08684,0.07006,0.04253,0.06224
0.07731,0.11356,0.09925,0.24123,0.10982,0.10386,0.09234,0.07352,0.03363,0.05547
0.06560,0.07786,0.10617,0.31793,0.10933,0.08892,0.07488,0.06798,0.03726,0.05407
0.07666,0.11082,0.11270,0.20364,0.10979,0.08401,0.08849,0.07976,0.05863,0.07550
0.09249,0.14610,0.11086,0.24676,0.13929,0.06376,0.06439,0.05880,0.03190,0.04566
0.07553,0.09528,0.11421,0.27305,0.12188,0.08809,0.07584,0.06403,0.03614,0.05596
0.09530,0.13796,0.12449,0.22808,0.14119,0.05965,0.06621,0.05748,0.03776,0.05188
0.09949,0.12307,0.11521,0.21237,0.14256,0.07842,0.07635,0.06347,0.03474,0.05432
0.06427,0.08700,0.10294,0.19735,0.10460,0.11490,0.13503,0.09655,0.03460,0.06277
0.08478,0.11012,0.10724,0.18240,0.12166,0.11062,0.10233,0.08116,0.03687,0.06283
0.10844,0.15396,0.11441,0.16123,0.13682,0.08093,0.07962,0.06764,0.03727,0.05966
0.08573,0.11669,0.10283,0.17009,0.11148,0.11046,0.10257,0.08736,0.04149,0.07130
0.08958,0.11656,0.10282,0.21292,0.11939,0.08949,0.09104,0.07745,0.03845,0.06231
0.08295,0.10223,0.09194,0.19242,0.11519,0.10690,0.10460,0.08548,0.05020,0.06809
0.07858,0.09955,0.11463,0.16370,0.11442,0.10829,0.12208,0.09499,0.04090,0.06285
0.07378,0.09511,0.10212,0.27435,0.12328,0.09054,0.08340,0.06835,0.03558,0.05348
0.08529,0.10249,0.12121,0.19647,0.13512,0.10243,0.09795,0.07065,0.03457,0.05381
0.08727,0.10956,0.13095,0.19313,0.12380,0.08321,0.08376,0.07746,0.04657,0.06429
0.08598,0.11098,0.12745,0.18327,0.13749,0.08964,0.09193,0.07312,0.03996,0.06018
0.08360,0.11487,0.11203,0.22022,0.12764,0.08471,0.08472,0.06796,0.03731,0.06694
0.07329,0.09472,0.10692,0.24887,0.10951,0.10370,0.09466,0.07282,0.03652,0.05899
0.08267,0.10227,0.11651,0.20129,0.13594,0.09828,0.09602,0.07844,0.03520,0.05340
0.08354,0.11282,0.11219,0.22779,0.12832,0.08893,0.08476,0.07353,0.03569,0.05242
0.07844,0.10780,0.10642,0.23158,0.11850,0.10024,0.09484,0.07448,0.03226,0.05546
0.07614,0.09093,0.10906,0.19169,0.11394,0.11636,0.10459,0.09022,0.04221,0.06486
0.06326,0.08323,0.09268,0.15721,0.09662,0.16715,0.14819,0.09603,0.03204,0.06358
0.09503,0.13614,0.10904,0.19011,0.13672,0.09079,0.07941,0.07072,0.03896,0.05309
0.09037,0.11905,0.11261,0.30673,0.12316,0.05626,0.05556,0.05396,0.03315,0.04915
0.07545,0.10264,0.09219,0.20147,0.11804,0.12246,0.10640,0.08611,0.03561,0.05963
0.07902,0.10166,0.12041,0.24142,0.11957,0.09341,0.09232,0.07337,0.03148,0.04734
0.05130,0.06255,0.09646,0.41540,0.09450,0.07476,0.06902,0.06066,0.02935,0.04600
0.07657,0.10059,0.10849,0.20163,0.12224,0.10955,0.10753,0.07744,0.03919,0.05677
0.08453,0.11552,0.11186,0.21425,0.12280,0.08589,0.09070,0.07784,0.03507,0.06153
0.08876,0.11161,0.11030,0.21572,0.14375,0.08598,0.08436,0.06653,0.03711,0.05590
0.08144,0.11029,0.11797,0.21570,0.14434,0.08640,0.09050,0.06922,0.03565,0.04850
0.09760,0.12427,0.10967,0.13700,0.12102,0.10416,0.10027,0.09189,0.04534,0.06879
0.07235,0.08887,0.08402,0.17140,0.10904,0.13456,0.13229,0.10124,0.04175,0.06448
0.08676,0.11139,0.12132,0.25274,0.15077,0.07106,0.06722,0.06115,0.02916,0.04843
0.07630,0.10421,0.12945,0.20387,0.12166,0.09359,0.09325,0.07908,0.03738,0.06120
0.07661,0.10067,0.12008,0.18707,0.13970,0.10181,0.10073,0.08376,0.03428,0.05529
0.07885,0.09275,0.10941,0.20974,0.11262,0.10849,0.10626,0.08358,0.03697,0.06134
0.07513,0.08281,0.10963,0.19205,0.10933,0.11963,0.11643,0.09305,0.03812,0.06380
0.07852,0.12066,0.10674,0.25709,0.12961,0.07246,0.07691,0.06540,0.03726,0.05536
0.09792,0.11453,0.11602,0.16730,0.12902,0.09272,0.08915,0.08177,0.04477,0.06679
0.09883,0.11744,0.10635,0.19544,0.13477,0.08446,0.07776,0.07018,0.05424,0.06052
0.09735,0.12626,0.09922,0.20966,0.13294,0.08161,0.07915,0.06832,0.04640,0.05908
0.10724,0.13427,0.11402,0.20181,0.13957,0.07348,0.06725,0.06009,0.04632,0.05595
0.07906,0.11252,0.12399,0.26134,0.13953,0.07430,0.07020,0.05980,0.03255,0.04672
0.07991,0.10983,0.10727,0.24962,0.12098,0.09012,0.08079,0.06984,0.03614,0.05551
0.08263,0.09624,0.10612,0.19953,0.12525,0.11139,0.10785,0.08021,0.03475,0.05604
0.08777,0.11579,0.11989,0.24666,0.11707,0.07356,0.07389,0.06530,0.04080,0.05927
0.07492,0.10351,0.10028,0.23977,0.11640,0.10373,0.09723,0.08232,0.03041,0.05142
0.07272,0.09187,0.09679,0.19279,0.11785,0.12070,0.11464,0.08855,0.04352,0.06058
0.07900,0.09595,0.11806,0.23694,0.11766,0.09361,0.08081,0.07584,0.04124,0.06089
0.08066,0.11250,0.11120,0.22238,0.12096,0.08788,0.08159,0.07176,0.04557,0.06551
0.08242,0.10864,0.12532,0.23999,0.16214,0.07373,0.06933,0.06187,0.03061,0.04595
0.09241,0.12839,0.12835,0.25912,0.13888,0.06184,0.06343,0.05448,0.03020,0.04290
0.06043,0.07531,0.10805,0.31248,0.10460,0.09853,0.08734,0.07405,0.03092,0.04830
0.07454,0.10093,0.10552,0.22141,0.11550,0.11078,0.09821,0.07607,0.03869,0.05833
0.06933,0.10022,0.09622,0.19150,0.10934,0.11654,0.11803,0.09438,0.04072,0.06372
0.08383,0.10697,0.11146,0.19129,0.12843,0.10597,0.09889,0.07999,0.03490,0.05828
0.08064,0.11121,0.11119,0.25053,0.12095,0.08382,0.08375,0.06711,0.03647,0.05434
0.07299,0.09393,0.10366,0.20562,0.11326,0.10739,0.10143,0.08332,0.04911,0.06928
0.09125,0.11470,0.11233,0.16151,0.12618,0.09411,0.08957,0.08287,0.05207,0.07540
0.07690,0.10060,0.11716,0.19055,0.13845,0.09844,0.09905,0.08220,0.03950,0.05714
0.06121,0.06826,0.10870,0.28481,0.10441,0.12196,0.09499,0.07316,0.03292,0.04957
0.08451,0.10905,0.11728,0.24063,0.12891,0.08813,0.08014,0.06706,0.03362,0.05067
0.08076,0.11108,0.09780,0.20484,0.13106,0.09698,0.09276,0.08336,0.04291,0.05845
0.07925,0.11637,0.11617,0.26196,0.12507,0.08115,0.07477,0.06609,0.03047,0.04869
0.06892,0.08167,0.08643,0.24983,0.11902,0.11388,0.10321,0.08249,0.03384,0.06071
0.08886,0.10817,0.10058,0.17194,0.12173,0.11406,0.10557,0.08747,0.03940,0.06223
0.08169,0.11181,0.11289,0.21239,0.12232,0.09556,0.09332,0.07874,0.03471,0.05656
0.09372,0.14248,0.10522,0.19167,0.12956,0.08765,0.08235,0.07098,0.03901,0.05738
0.08135,0.09398,0.10211,0.15519,0.10766,0.13124,0.11980,0.09256,0.04195,0.07416
0.08793,0.10578,0.11778,0.19034,0.11674,0.10335,0.09706,0.07788,0.04102,0.06211
0.08326,0.09597,0.09656,0.17350,0.11202,0.11910,0.11186,0.09685,0.04591,0.06498
0.07585,0.08643,0.10710,0.18518,0.10259,0.14264,0.11338,0.09130,0.03698,0.05855
0.08335,0.10283,0.12815,0.19577,0.11660,0.10179,0.09195,0.08025,0.03953,0.05979
0.08083,0.10226,0.11382,0.28421,0.13792,0.06958,0.06151,0.06040,0.03885,0.05063
0.07573,0.08799,0.11799,0.28183,0.11366,0.08237,0.07304,0.07000,0.04321,0.05417
0.08702,0.11818,0.11065,0.15229,0.11959,0.09898,0.10094,0.08600,0.05331,0.07302
0.07848,0.10747,0.11242,0.19444,0.12468,0.08875,0.09694,0.08046,0.04703,0.06934
0.08044,0.11105,0.10482,0.22502,0.11713,0.09222,0.08946,0.07405,0.04176,0.06406
