0.09431,0.13159,0.12810,0.22963,0.14320,0.05825,0.06029,0.05928,0.03822,0.05713
0.10933,0.14226,0.11686,0.22538,0.14246,0.06885,0.05966,0.05732,0.03102,0.04687
0.06355,0.08149,0.10056,0.16994,0.09900,0.13834,0.12946,0.10487,0.04444,0.06834
0.08897,0.11415,0.13960,0.24055,0.14845,0.06316,0.05934,0.05701,0.03882,0.04996
0.07999,0.09785,0.11983,0.20765,0.12348,0.08436,0.08881,0.07716,0.05196,0.06891
0.09092,0.11505,0.09974,0.18201,0.11588,0.10148,0.10227,0.08787,0.04124,0.06353
0.08569,0.11776,0.10143,0.15526,0.10683,0.11432,0.10851,0.09436,0.04515,0.07069
0.08887,0.11930,0.09227,0.12895,0.09853,0.11872,0.11262,0.09888,0.05703,0.08482
0.07542,0.09758,0.09274,0.15953,0.10112,0.13091,0.11889,0.09480,0.05027,0.07875
0.10554,0.13888,0.10390,0.15686,0.11959,0.09524,0.09003,0.07823,0.04502,0.06670
0.09370,0.11732,0.11177,0.19650,0.12651,0.08465,0.08216,0.07629,0.04256,0.06854
0.07798,0.09767,0.11147,0.17292,0.11662,0.11105,0.10823,0.09083,0.04366,0.06959
0.09754,0.12146,0.12177,0.19832,0.13191,0.07265,0.07756,0.06604,0.04979,0.06294
0.08750,0.10708,0.11237,0.18229,0.11305,0.10073,0.09830,0.08094,0.04490,0.07284
0.07612,0.09567,0.11490,0.20887,0.12089,0.10400,0.09616,0.08216,0.03771,0.06353
0.10076,0.13979,0.10708,0.17005,0.12753,0.08077,0.08293,0.07351,0.05125,0.06632
0.09172,0.11727,0.11480,0.20148,0.12671,0.08696,0.08562,0.07203,0.04314,0.06026
0.08650,0.11740,0.11075,0.18146,0.12078,0.10342,0.09827,0.08185,0.03884,0.06072
0.08885,0.11325,0.12702,0.22620,0.13497,0.07867,0.07680,0.06441,0.03676,0.05308
0.08832,0.10376,0.12072,0.21143,0.12884,0.08313,0.07837,0.07224,0.04788,0.06531
0.09420,0.12035,0.12774,0.21829,0.13012,0.07666,0.07427,0.06428,0.03720,0.05688
0.08089,0.10666,0.09353,0.16156,0.10650,0.12710,0.11856,0.08956,0.04696,0.06869
0.06253,0.06970,0.15580,0.29210,0.14130,0.07092,0.06512,0.05925,0.03634,0.04696
0.09022,0.11556,0.11580,0.19910,0.12413,0.08358,0.08305,0.07568,0.04749,0.06537
0.08852,0.12023,0.11844,0.21836,0.12743,0.08335,0.07517,0.06747,0.04332,0.05768
0.08724,0.11320,0.11101,0.20754,0.11968,0.09212,0.08404,0.07671,0.04552,0.06296
0.07793,0.10053,0.09894,0.15868,0.10308,0.11243,0.11090,0.09562,0.06460,0.07731
0.08173,0.10039,0.11815,0.21210,0.11679,0.09875,0.09057,0.07637,0.04544,0.05970
0.08432,0.10599,0.10375,0.19333,0.11587,0.10840,0.09968,0.07905,0.04274,0.06687
0.08991,0.11424,0.10255,0.18225,0.11478,0.10754,0.09879,0.08380,0.04146,0.06469
0.10555,0.14869,0.10657,0.18443,0.13791,0.07334,0.07423,0.06686,0.04288,0.05955
0.08698,0.10511,0.10375,0.19663,0.11754,0.10136,0.09741,0.07840,0.04533,0.06749
0.09027,0.11689,0.12218,0.22169,0.13080,0.08538,0.07758,0.06927,0.03419,0.05175
0.08823,0.11253,0.10087,0.17140,0.11605,0.10426,0.10133,0.08819,0.04951,0.06762
0.07521,0.09435,0.12897,0.22930,0.13050,0.08574,0.08324,0.07326,0.04041,0.05901
0.08615,0.10623,0.11595,0.16294,0.12132,0.10032,0.09585,0.08512,0.05573,0.07040
0.09640,0.12233,0.12266,0.22460,0.13823,0.07982,0.07270,0.06076,0.03487,0.04762
0.08412,0.11147,0.10668,0.15416,0.10746,0.11463,0.10912,0.08944,0.05002,0.07291
0.09222,0.12135,0.11491,0.20137,0.12417,0.08328,0.08123,0.07063,0.05320,0.05764
0.07694,0.09155,0.10885,0.19254,0.11202,0.11747,0.11089,0.08665,0.03988,0.06321
0.09139,0.12048,0.09701,0.16168,0.11237,0.10887,0.10684,0.08783,0.04526,0.06827
0.09514,0.12489,0.11574,0.19969,0.13731,0.08883,0.08076,0.06679,0.03576,0.05509
0.09555,0.13537,0.10568,0.15809,0.12540,0.08688,0.09001,0.07575,0.05526,0.07201
0.08914,0.11006,0.11741,0.20228,0.12444,0.09031,0.08813,0.07359,0.04147,0.06317
0.10771,0.14980,0.09368,0.16656,0.12002,0.09267,0.08791,0.07310,0.04325,0.06531
0.09384,0.10998,0.09873,0.17446,0.10803,0.11425,0.10751,0.08485,0.04405,0.06429
0.07603,0.09005,0.12331,0.21665,0.12075,0.09022,0.08886,0.07790,0.05061,0.06563
0.08217,0.10205,0.11063,0.19090,0.11501,0.09924,0.09757,0.08429,0.04734,0.07081
0.08274,0.10151,0.11640,0.18363,0.11667,0.10466,0.10385,0.08265,0.04249,0.06542
0.07992,0.10789,0.09860,0.15823,0.10679,0.11659,0.11067,0.09475,0.04967,0.07688
0.08927,0.11473,0.10877,0.18355,0.12055,0.09464,0.09588,0.08255,0.04456,0.06549
0.07708,0.09325,0.12972,0.22452,0.12446,0.08388,0.08044,0.07701,0.04663,0.06300
0.08689,0.10713,0.11503,0.19895,0.12591,0.09253,0.08724,0.07993,0.04292,0.06346
0.08225,0.11024,0.10628,0.18504,0.11331,0.10436,0.10896,0.08647,0.04165,0.06145
0.09307,0.12248,0.10011,0.17537,0.11612,0.10709,0.09701,0.07992,0.04465,0.06418
0.10214,0.13492,0.12701,0.21154,0.15313,0.07252,0.06636,0.05522,0.03159,0.04557
0.09337,0.11917,0.12431,0.20852,0.13104,0.08352,0.07516,0.06725,0.04066,0.05700
0.09573,0.12650,0.12816,0.23375,0.14295,0.06868,0.06280,0.05793,0.03540,0.04810
0.08346,0.11632,0.10861,0.20814,0.12398,0.08670,0.08197,0.07407,0.05274,0.06401
0.07874,0.10476,0.10770,0.17926,0.11739,0.10920,0.10355,0.08507,0.04590,0.06843
0.08620,0.10698,0.11263,0.19096,0.12171,0.09701,0.09267,0.08095,0.04607,0.06482
0.09773,0.12875,0.13748,0.24236,0.14653,0.05700,0.05992,0.05211,0.03208,0.04605
0.07955,0.10273,0.10116,0.17752,0.10815,0.11220,0.11009,0.09004,0.04804,0.07052
0.08825,0.11581,0.11480,0.18002,0.12207,0.09278,0.09103,0.08320,0.04517,0.06687
0.07442,0.09083,0.10057,0.17189,0.10462,0.12614,0.12593,0.09675,0.03903,0.06981
0.08218,0.10004,0.11347,0.18892,0.12453,0.10613,0.10567,0.08478,0.03505,0.05924
0.08059,0.09959,0.13076,0.25556,0.13641,0.07831,0.07368,0.06487,0.03112,0.04910
0.05716,0.06605,0.13378,0.24228,0.11807,0.10636,0.10073,0.08300,0.03776,0.05481
0.08776,0.12384,0.09320,0.13439,0.10845,0.11678,0.11337,0.09550,0.04961,0.07710
0.07298,0.08991,0.10219,0.18018,0.10588,0.12130,0.11441,0.09432,0.04841,0.07042
0.10517,0.14133,0.12730,0.20047,0.14153,0.06922,0.06784,0.05777,0.03546,0.05393
0.07619,0.09268,0.09279,0.15269,0.09809,0.13013,0.11709,0.09828,0.05710,0.08495
0.05687,0.07100,0.07985,0.13328,0.08225,0.16005,0.15567,0.12696,0.04880,0.08527
0.07914,0.09397,0.09705,0.15582,0.10064,0.12106,0.12715,0.10299,0.04669,0.07549
0.10129,0.14079,0.11165,0.18619,0.11980,0.08393,0.07934,0.07232,0.04627,0.05842
0.08645,0.10910,0.10937,0.18058,0.12565,0.10805,0.09887,0.08217,0.03830,0.06145
0.09957,0.13146,0.11561,0.17036,0.11773,0.09181,0.08575,0.07486,0.04506,0.06780
0.07237,0.09714,0.10122,0.15835,0.10318,0.12345,0.12250,0.09956,0.04596,0.07627
0.08339,0.11295,0.10191,0.20543,0.11212,0.08705,0.08918,0.08111,0.05442,0.07245
0.08751,0.11811,0.12115,0.22305,0.14007,0.07981,0.07306,0.06379,0.03950,0.05395
0.08544,0.11267,0.11514,0.21188,0.12535,0.08740,0.08364,0.07490,0.04425,0.05933
0.07967,0.09821,0.11405,0.18800,0.11797,0.10196,0.09732,0.08442,0.04719,0.07119
0.06494,0.08135,0.14406,0.28394,0.14252,0.07363,0.06695,0.06039,0.03507,0.04715
0.07736,0.09099,0.12199,0.21863,0.12586,0.09776,0.08958,0.07451,0.04189,0.06142
0.08419,0.11150,0.11534,0.20566,0.12445,0.09791,0.09138,0.07532,0.03643,0.05781
0.08032,0.10434,0.11201,0.19694,0.12204,0.09748,0.09305,0.08049,0.04726,0.06607
0.07138,0.08785,0.14230,0.25156,0.13591,0.07115,0.07129,0.06453,0.04447,0.05955
0.09929,0.11856,0.11993,0.21924,0.13109,0.08138,0.07498,0.06429,0.03660,0.05464
0.08247,0.10891,0.10668,0.18202,0.11262,0.10260,0.09398,0.08337,0.05277,0.07459
0.10649,0.14922,0.12161,0.19320,0.13130,0.07028,0.07101,0.06235,0.04024,0.05430
0.08185,0.10758,0.10503,0.16089,0.10776,0.10692,0.10780,0.09362,0.05539,0.07317
0.09969,0.13094,0.12789,0.21895,0.13923,0.07103,0.06437,0.06105,0.03430,0.05257
0.09033,0.12496,0.11225,0.19387,0.12768,0.08498,0.08426,0.07564,0.04365,0.06238
0.08840,0.10945,0.10813,0.18651,0.11411,0.10763,0.10194,0.08426,0.03836,0.06121
0.08772,0.10865,0.10535,0.18567,0.11494,0.10743,0.09861,0.08429,0.04349,0.06384
0.08934,0.11016,0.10983,0.18647,0.12045,0.09493,0.09696,0.07652,0.04577,0.06957
0.10189,0.13630,0.12575,0.21172,0.13367,0.06959,0.06954,0.06197,0.03788,0.05168
0.06172,0.07111,0.10795,0.18516,0.10314,0.12484,0.12548,0.09848,0.04684,0.07529
0.09349,0.12141,0.12389,0.21638,0.13794,0.07424,0.06819,0.06186,0.04402,0.05858
0.09180,0.11455,0.10401,0.16273,0.10755,0.08842,0.09328,0.08543,0.07166,0.08056
0.07161,0.09639,0.10913,0.18983,0.11931,0.11411,0.11379,0.09129,0.03523,0.05930
0.08622,0.11323,0.10909,0.18652,0.11660,0.10782,0.09848,0.08108,0.03836,0.06259
0.07882,0.10116,0.09880,0.17296,0.10360,0.12114,0.11346,0.09079,0.04557,0.07370
0.09178,0.11761,0.12323,0.19917,0.12707,0.08640,0.08551,0.06990,0.03880,0.06053
0.08705,0.11350,0.12538,0.22953,0.13770,0.07153,0.06949,0.06422,0.04308,0.05852
0.10256,0.13618,0.11078,0.20009,0.13514,0.07613,0.07710,0.06658,0.03885,0.05659
0.08953,0.11222,0.12122,0.20820,0.13819,0.08888,0.08173,0.07157,0.03607,0.05239
0.08242,0.10961,0.11498,0.18336,0.12025,0.10013,0.09900,0.08492,0.04280,0.06253
0.08725,0.11088,0.10263,0.18243,0.11709,0.10371,0.09935,0.08626,0.04620,0.06419
0.09645,0.11763,0.11209,0.22616,0.12600,0.07823,0.07634,0.06596,0.04223,0.05893
0.09730,0.13489,0.11751,0.19950,0.13648,0.07464,0.07538,0.06468,0.04093,0.05868
0.07860,0.10133,0.10800,0.17998,0.11145,0.11427,0.10799,0.08812,0.04350,0.06677
0.09295,0.13182,0.09568,0.16916,0.11382,0.10734,0.09954,0.08535,0.04073,0.06361
0.09316,0.12568,0.10895,0.19095,0.12867,0.09389,0.09036,0.07246,0.03742,0.05845
0.07778,0.09781,0.13822,0.24700,0.13258,0.07724,0.07604,0.06568,0.03575,0.05189
0.07635,0.08929,0.12810,0.23214,0.12733,0.08860,0.08582,0.07637,0.04017,0.05584
0.08686,0.11909,0.09109,0.13194,0.10348,0.12184,0.11794,0.09655,0.05008,0.08112
0.08296,0.11708,0.10959,0.18965,0.12090,0.10419,0.09724,0.07663,0.04086,0.06092
0.09437,0.13063,0.11588,0.20079,0.13203,0.07330,0.07779,0.06617,0.05022,0.05884
0.07150,0.08850,0.13530,0.25063,0.13570,0.08336,0.07704,0.06478,0.03885,0.05433
0.10169,0.15846,0.09177,0.14168,0.11933,0.09417,0.09471,0.08141,0.04653,0.07025
0.10582,0.14058,0.13699,0.21541,0.15173,0.05938,0.05647,0.05185,0.03284,0.04891
0.09332,0.12737,0.09599,0.13585,0.10644,0.11005,0.10708,0.09228,0.05716,0.07445
0.07138,0.08778,0.10172,0.16325,0.10301,0.12953,0.12172,0.09959,0.04733,0.07468
0.07335,0.09208,0.09443,0.16376,0.10958,0.12644,0.13027,0.09809,0.04457,0.06742
0.10001,0.13529,0.09794,0.16597,0.12189,0.09193,0.09133,0.07762,0.04782,0.07019
0.08620,0.10917,0.11960,0.21452,0.12604,0.09244,0.08361,0.07142,0.03739,0.05961
0.09140,0.11970,0.11809,0.21655,0.12824,0.07299,0.07506,0.06934,0.04484,0.06380
0.09006,0.11785,0.12196,0.20951,0.13760,0.08238,0.07994,0.06788,0.03793,0.05490
0.06955,0.08353,0.13030,0.24515,0.12956,0.08150,0.08014,0.07410,0.04732,0.05885
0.09621,0.12686,0.08778,0.15745,0.11287,0.11028,0.10847,0.08856,0.04337,0.06815
0.07224,0.08676,0.09873,0.16193,0.10262,0.13032,0.12647,0.10297,0.04772,0.07025
0.09310,0.12706,0.11621,0.21442,0.13450,0.07752,0.07636,0.06602,0.03813,0.05667
0.10671,0.14467,0.09399,0.15506,0.12259,0.09645,0.08977,0.07914,0.04565,0.06597
0.08807,0.10978,0.12152,0.22117,0.12833,0.08862,0.08206,0.06906,0.03747,0.05392
0.10535,0.14862,0.10621,0.16900,0.13333,0.07827,0.07859,0.07222,0.04458,0.06383
0.07388,0.09258,0.11375,0.21883,0.12267,0.09593,0.09446,0.08133,0.04261,0.06398
0.07729,0.09072,0.13144,0.22538,0.12774,0.07508,0.07726,0.07138,0.05808,0.06563
0.08576,0.10845,0.11229,0.19732,0.12328,0.09744,0.09448,0.07691,0.04053,0.06356
0.09184,0.12018,0.11177,0.19774,0.12114,0.08885,0.08300,0.07264,0.04777,0.06507
0.08692,0.10409,0.11197,0.17661,0.12384,0.09911,0.09855,0.08420,0.04802,0.06671
0.10705,0.13834,0.12001,0.21195,0.13949,0.06418,0.06761,0.06017,0.03902,0.05217
0.07866,0.10355,0.09806,0.16642,0.10857,0.11459,0.11547,0.09267,0.04764,0.07437
0.08026,0.09944,0.10599,0.17004,0.10887,0.10699,0.10650,0.09219,0.05242,0.07731
0.09329,0.11770,0.11260,0.19855,0.12778,0.08671,0.08345,0.07722,0.04120,0.06151
0.09992,0.13327,0.13784,0.22936,0.14503,0.05983,0.06030,0.05380,0.03373,0.04692
0.08614,0.11644,0.12888,0.23733,0.13911,0.07368,0.07014,0.06052,0.03396,0.05380
0.09212,0.11446,0.11247,0.19251,0.12125,0.08911,0.08722,0.07811,0.04864,0.06411
0.08533,0.11412,0.11093,0.20493,0.11606,0.08977,0.08739,0.07673,0.04720,0.06753
0.09212,0.12307,0.12851,0.22632,0.13844,0.07373,0.06538,0.05952,0.03907,0.05383
0.09898,0.13732,0.08661,0.13666,0.10536,0.10994,0.10702,0.08988,0.05293,0.07530
0.08142,0.11090,0.10631,0.16246,0.11007,0.11660,0.10779,0.08849,0.04500,0.07096
0.08468,0.10917,0.11283,0.19697,0.11745,0.09749,0.09428,0.07627,0.04580,0.06507
0.09424,0.11982,0.11137,0.18857,0.12535,0.08941,0.08708,0.07362,0.04546,0.06508
0.08356,0.10789,0.12376,0.17582,0.12782,0.10779,0.09988,0.08167,0.03535,0.05648
0.08225,0.10325,0.11342,0.17310,0.10977,0.10749,0.09955,0.08681,0.04947,0.07489
0.08529,0.10472,0.11975,0.20171,0.12650,0.09924,0.09056,0.08103,0.03418,0.05701
0.08488,0.10945,0.11686,0.19825,0.11973,0.09318,0.09105,0.07794,0.04493,0.06374
0.09219,0.12475,0.12305,0.21817,0.13319,0.08059,0.07157,0.06485,0.03775,0.05389
0.08367,0.10979,0.11594,0.20471,0.12571,0.09231,0.09039,0.07384,0.04035,0.06327
0.09121,0.11957,0.11875,0.20990,0.12950,0.08211,0.08109,0.07012,0.03836,0.05938
0.09059,0.11266,0.11467,0.18712,0.12353,0.09134,0.08845,0.07499,0.04873,0.06793
0.07445,0.08788,0.10088,0.17222,0.10281,0.12104,0.11769,0.09327,0.05347,0.07628
0.08767,0.10923,0.12554,0.20861,0.14122,0.08765,0.08196,0.07056,0.03657,0.05097
0.06519,0.07999,0.10436,0.18412,0.10076,0.12777,0.12800,0.10081,0.04140,0.06759
0.09346,0.11755,0.12158,0.22010,0.13185,0.08140,0.07478,0.06709,0.04086,0.05133
0.08735,0.11603,0.11476,0.19255,0.12478,0.08933,0.08856,0.07448,0.04759,0.06456
0.08381,0.11549,0.12114,0.21953,0.12881,0.08995,0.08076,0.07089,0.03549,0.05414
0.09187,0.11816,0.12365,0.22850,0.13973,0.08178,0.07324,0.06223,0.03061,0.05023
0.08505,0.09832,0.11065,0.18093,0.11072,0.10832,0.09893,0.08794,0.04837,0.07077
0.09172,0.12706,0.11693,0.18812,0.11907,0.09173,0.08868,0.07562,0.04196,0.05912
0.08063,0.09685,0.11229,0.21268,0.12281,0.09993,0.09510,0.08124,0.03918,0.05928
0.07742,0.09626,0.11133,0.19170,0.11996,0.11033,0.10665,0.08338,0.03840,0.06457
0.07305,0.09016,0.09972,0.15233,0.10503,0.12150,0.12486,0.10293,0.05689,0.07353
0.06449,0.07302,0.13239,0.22339,0.12235,0.10787,0.09733,0.08319,0.03900,0.05696
0.08812,0.11917,0.10249,0.18369,0.12011,0.09747,0.09620,0.08260,0.04554,0.06462
0.07770,0.09611,0.11038,0.19381,0.11679,0.10913,0.10489,0.08286,0.04482,0.06352
0.08785,0.10834,0.12622,0.21096,0.13663,0.08407,0.08098,0.07052,0.04188,0.05255
0.08045,0.10329,0.12038,0.21129,0.12355,0.09957,0.09091,0.07710,0.03524,0.05821
0.08844,0.10994,0.10288,0.18689,0.11148,0.10892,0.09920,0.08614,0.04282,0.06329
0.09851,0.13364,0.11279,0.18467,0.11926,0.08956,0.08430,0.07620,0.04314,0.05792
0.08623,0.10903,0.10448,0.18844,0.11995,0.10175,0.10150,0.08522,0.04262,0.06079
0.08815,0.11164,0.10366,0.20574,0.11392,0.09873,0.09137,0.07907,0.04325,0.06447
0.09178,0.12016,0.12366,0.20859,0.13100,0.07750,0.07744,0.06571,0.04321,0.06094
0.11124,0.16036,0.09539,0.14272,0.12881,0.08239,0.08331,0.07367,0.04972,0.07240
0.10133,0.13342,0.11582,0.21695,0.13589,0.07652,0.07353,0.06253,0.03335,0.05064
0.08137,0.10577,0.11238,0.17536,0.11192,0.10372,0.10747,0.08550,0.04650,0.07000
0.07719,0.09838,0.12772,0.23097,0.12595,0.08573,0.08349,0.07032,0.03939,0.06086
0.08098,0.10095,0.11487,0.17411,0.12089,0.10533,0.10075,0.08945,0.04562,0.06705
0.08010,0.10219,0.11038,0.17034,0.11601,0.11502,0.10486,0.08738,0.04284,0.07087
0.08312,0.11303,0.11962,0.22325,0.13887,0.08147,0.07904,0.06954,0.03814,0.05392
0.09055,0.11562,0.12058,0.18643,0.12861,0.08235,0.08028,0.07452,0.05458,0.06645
0.07742,0.09555,0.10906,0.16028,0.11382,0.11669,0.11637,0.09691,0.04713,0.06675
0.06972,0.09894,0.09254,0.16448,0.09680,0.12682,0.12551,0.10435,0.04594,0.07491
0.08966,0.11937,0.11803,0.19524,0.12771,0.08772,0.08576,0.07513,0.04374,0.05764
0.08155,0.09835,0.11285,0.17602,0.11365,0.10854,0.10284,0.08824,0.04576,0.07220
0.09587,0.12353,0.13320,0.23174,0.15234,0.06242,0.06209,0.05539,0.03628,0.04714
0.08100,0.09658,0.10899,0.19067,0.11751,0.10098,0.09468,0.08397,0.05358,0.07204
0.08001,0.09615,0.12280,0.22237,0.12462,0.08748,0.08458,0.07387,0.04323,0.06489
0.08941,0.11253,0.11382,0.19586,0.11975,0.09193,0.08630,0.07805,0.04896,0.06339
0.09360,0.11438,0.12104,0.21260,0.13425,0.07761,0.07448,0.06554,0.04520,0.06129
0.08750,0.11426,0.12078,0.20596,0.12648,0.08900,0.08311,0.07186,0.04160,0.05944
0.08942,0.11554,0.11262,0.20180,0.12279,0.08241,0.08268,0.07632,0.05372,0.06271
0.07814,0.10580,0.10173,0.15926,0.10868,0.11627,0.10376,0.08946,0.05644,0.08045
0.09133,0.11541,0.10122,0.17178,0.11456,0.10739,0.10363,0.08327,0.04591,0.06550
0.08260,0.10542,0.10946,0.18611,0.11852,0.09416,0.09326,0.08303,0.05532,0.07212
0.07683,0.10514,0.09622,0.17880,0.10322,0.12015,0.11215,0.08852,0.04826,0.07070
0.08854,0.10863,0.12044,0.23369,0.12988,0.08742,0.07825,0.06716,0.03428,0.05172
0.07523,0.09921,0.10894,0.18427,0.11044,0.11818,0.10972,0.08765,0.04087,0.06548
0.09327,0.11773,0.12697,0.19248,0.13892,0.08398,0.07760,0.07200,0.03959,0.05745
0.07827,0.10112,0.12701,0.22895,0.13149,0.08071,0.08315,0.07054,0.03829,0.06048
0.09143,0.12336,0.12844,0.25570,0.14549,0.05762,0.05836,0.05166,0.03641,0.05152
0.08000,0.10725,0.12593,0.22306,0.12994,0.08277,0.08039,0.06909,0.04315,0.05842
0.09631,0.13161,0.11848,0.20256,0.13231,0.07060,0.07068,0.06552,0.05104,0.06089
0.07196,0.08683,0.08512,0.14308,0.09288,0.14060,0.14367,0.10982,0.04916,0.07690
0.07292,0.08842,0.14300,0.24964,0.13893,0.08060,0.07522,0.06304,0.03739,0.05085
0.07806,0.09608,0.11410,0.22102,0.12744,0.09329,0.09119,0.07519,0.04219,0.06144
0.08765,0.10938,0.10170,0.19298,0.11304,0.10095,0.09438,0.08078,0.05026,0.06890
0.08821,0.10637,0.09762,0.17877,0.10725,0.11538,0.10793,0.08315,0.04346,0.07185
0.09815,0.13741,0.12306,0.20972,0.13614,0.06844,0.06612,0.06220,0.04226,0.05650
0.07859,0.09626,0.09525,0.17277,0.10885,0.12176,0.11390,0.09306,0.05007,0.06950
0.08237,0.10515,0.13921,0.26969,0.14410,0.06593,0.06555,0.05447,0.02907,0.04447
0.08320,0.10818,0.09876,0.16835,0.10949,0.11201,0.10810,0.08849,0.04917,0.07425
0.09059,0.11361,0.11938,0.22009,0.12940,0.08455,0.07964,0.06781,0.03866,0.05626
0.07950,0.08989,0.11096,0.19290,0.11247,0.12035,0.10638,0.08682,0.03882,0.06192
0.09301,0.12647,0.10983,0.16567,0.12365,0.09866,0.09361,0.08156,0.04150,0.06603
0.08782,0.12687,0.10837,0.17906,0.12302,0.09546,0.08720,0.07538,0.04758,0.06923
0.09816,0.13260,0.12057,0.19681,0.12988,0.08269,0.07788,0.06610,0.04002,0.05528
0.08860,0.11340,0.11437,0.18843,0.12087,0.10683,0.09116,0.07619,0.03954,0.06060
0.06052,0.07416,0.11276,0.20601,0.10864,0.11755,0.11808,0.09393,0.04493,0.06343
0.08610,0.11485,0.10985,0.18816,0.11650,0.09728,0.08783,0.08014,0.05077,0.06851
0.10441,0.15282,0.11335,0.18703,0.14081,0.07063,0.07083,0.06428,0.03916,0.05668
0.09342,0.12332,0.10408,0.16862,0.12124,0.09557,0.09603,0.08392,0.04793,0.06587
0.09359,0.11807,0.12434,0.22389,0.13961,0.07743,0.07099,0.06231,0.03676,0.05301
0.08598,0.11044,0.09996,0.16137,0.11476,0.10618,0.10267,0.08781,0.05386,0.07698
0.08839,0.12008,0.11955,0.21489,0.12847,0.07694,0.07867,0.06831,0.04687,0.05783
0.08993,0.11361,0.10089,0.17486,0.10117,0.10760,0.09691,0.08472,0.05669,0.07364
0.06450,0.07194,0.11791,0.20567,0.10909,0.12154,0.11417,0.08973,0.04244,0.06300
0.09339,0.12227,0.09152,0.12568,0.10606,0.11069,0.11141,0.09929,0.06008,0.07959
0.08669,0.11279,0.10732,0.18696,0.12080,0.10185,0.09646,0.08570,0.03890,0.06254
0.07841,0.09661,0.10823,0.17809,0.11018,0.10657,0.10481,0.09074,0.05427,0.07208
0.08028,0.09801,0.10602,0.19209,0.12064,0.10077,0.09880,0.08999,0.04795,0.06544
0.09555,0.11549,0.10113,0.18592,0.11478,0.09605,0.09623,0.08254,0.04643,0.06588
0.08577,0.11764,0.11380,0.19499,0.12164,0.09057,0.08900,0.07776,0.04465,0.06418
0.09133,0.12099,0.11173,0.18805,0.12557,0.08640,0.08616,0.07583,0.04972,0.06423
0.08505,0.10966,0.10407,0.20390,0.11245,0.09920,0.09083,0.08091,0.04803,0.06589
0.08823,0.11984,0.12422,0.22604,0.13814,0.08033,0.07182,0.06247,0.03522,0.05371
0.09368,0.11990,0.11587,0.19988,0.13090,0.09006,0.07997,0.06877,0.03916,0.06181
0.08504,0.11801,0.12043,0.19277,0.13668,0.09345,0.08817,0.06938,0.03759,0.05849
0.07509,0.09196,0.11408,0.19289,0.11326,0.10693,0.10650,0.08748,0.04264,0.06917
0.07448,0.09297,0.09443,0.16168,0.10538,0.11715,0.12357,0.09916,0.05145,0.07973
0.09733,0.12623,0.11311,0.17945,0.12587,0.07927,0.08243,0.07195,0.05807,0.06628
0.08802,0.11381,0.12573,0.23133,0.14004,0.07553,0.07009,0.06001,0.04079,0.05464
0.11008,0.16165,0.10752,0.16996,0.13887,0.07497,0.07358,0.06422,0.04004,0.05911
0.09008,0.11469,0.11077,0.20454,0.12243,0.08943,0.08522,0.07591,0.04374,0.06318
0.09494,0.12632,0.13068,0.23497,0.14090,0.06267,0.06144,0.05841,0.03667,0.05300
0.09693,0.12395,0.11191,0.19054,0.12269,0.09029,0.08303,0.07385,0.04317,0.06364
0.08511,0.11249,0.12150,0.21321,0.13305,0.08151,0.08550,0.06622,0.04277,0.05864
0.08933,0.11345,0.10955,0.19473,0.12579,0.09318,0.09206,0.07649,0.04209,0.06332
0.08543,0.11112,0.10909,0.16828,0.11267,0.10469,0.09959,0.08724,0.05206,0.06983
0.08238,0.10714,0.13151,0.25033,0.14578,0.07188,0.06896,0.06293,0.03239,0.04671
0.08840,0.11105,0.11373,0.18194,0.11551,0.08847,0.08993,0.07821,0.05864,0.07411
0.07684,0.09738,0.11191,0.19819,0.11657,0.11201,0.10406,0.08368,0.03744,0.06192
0.09526,0.12051,0.11800,0.19571,0.12620,0.08484,0.08624,0.07412,0.03963,0.05948
0.07925,0.09924,0.08628,0.12909,0.09389,0.13573,0.12743,0.10265,0.06059,0.08584
0.08529,0.10924,0.09425,0.16960,0.09769,0.10730,0.10257,0.09505,0.05910,0.07991
0.06183,0.07827,0.12895,0.21707,0.11961,0.09513,0.09688,0.08345,0.04991,0.06890
0.06989,0.07937,0.14270,0.25412,0.13471,0.08047,0.07452,0.06604,0.04370,0.05448
0.08009,0.10099,0.10194,0.16452,0.10699,0.11085,0.10625,0.09229,0.05554,0.08052
0.07748,0.10544,0.10813,0.17283,0.11443,0.11282,0.10362,0.09289,0.04444,0.06792
0.08674,0.11863,0.11133,0.17179,0.11584,0.10030,0.09332,0.08277,0.04966,0.06962
0.07994,0.10307,0.11014,0.17774,0.11834,0.11102,0.10489,0.08115,0.04353,0.07018
0.07655,0.09519,0.10960,0.19022,0.11846,0.10236,0.09961,0.08678,0.05205,0.06918
0.07762,0.10211,0.12270,0.23089,0.13141,0.08466,0.08196,0.07365,0.03692,0.05808
0.07892,0.09774,0.10003,0.17036,0.11041,0.10729,0.10794,0.09523,0.06020,0.07188
0.08494,0.11581,0.11121,0.18635,0.11704,0.09489,0.09166,0.07640,0.05141,0.07029
0.09327,0.12000,0.14902,0.27560,0.16066,0.05120,0.04607,0.04368,0.02508,0.03543
0.09013,0.11536,0.12065,0.20692,0.12829,0.09146,0.08663,0.07280,0.03611,0.05166
0.08946,0.10789,0.11548,0.21400,0.13013,0.08805,0.08752,0.07318,0.03814,0.05613
0.09428,0.12095,0.11657,0.21942,0.11603,0.08294,0.07741,0.06938,0.04442,0.05860
0.07888,0.09960,0.10318,0.16516,0.10654,0.12032,0.11442,0.09480,0.04291,0.07419
0.07973,0.09966,0.12078,0.19900,0.11865,0.09756,0.09403,0.07988,0.04535,0.06535
0.08184,0.10441,0.10255,0.17846,0.11267,0.11083,0.10947,0.09165,0.04450,0.06362
0.07128,0.08576,0.11018,0.19348,0.11008,0.12118,0.11576,0.08959,0.03892,0.06378
0.08310,0.09829,0.14454,0.26349,0.14451,0.06628,0.06155,0.05586,0.03503,0.04736
0.09169,0.11853,0.11901,0.21546,0.13548,0.08319,0.08000,0.06909,0.03390,0.05365
0.09156,0.11926,0.12061,0.21529,0.13128,0.08160,0.07775,0.06646,0.03946,0.05673
0.08398,0.10785,0.12242,0.20290,0.12478,0.08745,0.08347,0.07548,0.04421,0.06747
0.07767,0.10343,0.10376,0.17353,0.11170,0.11704,0.11141,0.09017,0.04429,0.06701
0.09364,0.12090,0.11211,0.18516,0.12569,0.08974,0.08444,0.07420,0.04634,0.06779
0.10228,0.13767,0.11590,0.21092,0.14050,0.06478,0.06874,0.06045,0.04394,0.05481
0.07563,0.09421,0.11563,0.22320,0.12417,0.10305,0.09301,0.07879,0.03372,0.05858
0.08283,0.11052,0.10212,0.16860,0.10561,0.10176,0.09897,0.08998,0.05955,0.08006
0.08713,0.11074,0.11715,0.20383,0.11971,0.09328,0.08932,0.07644,0.04354,0.05886
0.08038,0.10809,0.10909,0.17261,0.11184,0.10501,0.10404,0.08864,0.04627,0.07402
0.08456,0.10423,0.10505,0.19433,0.11878,0.10132,0.10171,0.08434,0.04173,0.06395
0.08559,0.11320,0.12189,0.22034,0.12776,0.08033,0.08116,0.07239,0.03978,0.05757
0.07880,0.10433,0.09922,0.15239,0.10992,0.11980,0.10952,0.09022,0.05983,0.07597
0.07530,0.08932,0.11468,0.20821,0.11992,0.10515,0.10109,0.08476,0.03864,0.06293
0.06402,0.07406,0.13967,0.25479,0.12938,0.08732,0.08433,0.07594,0.03575,0.05473
