0.03632,0.54271,0.16952,0.19316,0.00618,0.02461,0.02751
0.12848,0.49832,0.12687,0.03722,0.02144,0.17288,0.01480
0.16394,0.39439,0.28975,0.03319,0.00197,0.01856,0.09819
0.02710,0.42706,0.17589,0.17082,0.15579,0.02461,0.01873
0.14576,0.53791,0.08452,0.04602,0.01805,0.06463,0.10311
0.14846,0.38296,0.19496,0.13742,0.00857,0.04311,0.08452
0.08486,0.37944,0.46375,0.01460,0.02937,0.01528,0.01270
0.27105,0.35717,0.20826,0.05762,0.02491,0.06573,0.01527
0.16946,0.34422,0.33395,0.06015,0.00356,0.02323,0.06543
0.01757,0.44924,0.27871,0.05574,0.02149,0.00418,0.17306
0.12334,0.41715,0.25867,0.02190,0.01609,0.14694,0.01590
0.26081,0.49672,0.16764,0.00973,0.00626,0.04504,0.01380
0.13657,0.29111,0.41717,0.08028,0.00016,0.00143,0.07327
0.02975,0.79083,0.02895,0.02761,0.04021,0.07329,0.00936
0.04040,0.52018,0.12904,0.09667,0.04691,0.09242,0.07437
0.05132,0.20794,0.48798,0.13713,0.00138,0.06383,0.05042
0.02591,0.61265,0.24649,0.00806,0.01323,0.07693,0.01672
0.15988,0.27587,0.31164,0.02707,0.01007,0.01426,0.20121
0.14652,0.28053,0.44753,0.02200,0.07577,0.00846,0.01919
0.03293,0.36041,0.31214,0.06949,0.17678,0.02927,0.01899
0.03582,0.15825,0.29095,0.08597,0.11408,0.03323,0.28169
0.09481,0.36479,0.39343,0.04447,0.00884,0.01667,0.07699
0.06918,0.19648,0.40615,0.14665,0.00644,0.14651,0.02860
0.06601,0.29893,0.43104,0.09613,0.08009,0.02364,0.00415
0.11354,0.48721,0.23193,0.02701,0.00558,0.00845,0.12629
0.00809,0.54305,0.26965,0.10918,0.01733,0.01589,0.03682
0.06930,0.47258,0.24668,0.09123,0.08254,0.01751,0.02016
0.06959,0.47678,0.25393,0.07207,0.00206,0.03849,0.08708
0.10101,0.44317,0.28730,0.08576,0.01568,0.01928,0.04779
0.00608,0.47751,0.15920,0.10382,0.00043,0.24024,0.01273
0.04871,0.44920,0.34995,0.03460,0.01187,0.05760,0.04807
0.05466,0.55284,0.21970,0.13128,0.00038,0.01328,0.02787
0.07846,0.67997,0.16262,0.01930,0.00282,0.02642,0.03042
0.06575,0.40488,0.43752,0.02203,0.02320,0.03976,0.00686
0.04124,0.32122,0.11594,0.04515,0.00480,0.27984,0.19181
0.01841,0.42183,0.22381,0.03086,0.08660,0.05800,0.16048
0.02130,0.53015,0.28364,0.03332,0.04565,0.08233,0.00362
0.04303,0.53906,0.13165,0.07432,0.07439,0.11977,0.01777
0.04619,0.28821,0.41379,0.14509,0.00913,0.00149,0.09611
0.04646,0.27819,0.19387,0.06152,0.01290,0.18405,0.22301
0.11781,0.45064,0.21607,0.00484,0.00605,0.07965,0.12492
0.00253,0.50237,0.20509,0.00310,0.05813,0.10722,0.12157
0.07245,0.36979,0.46155,0.04848,0.01647,0.02392,0.00733
0.11575,0.40822,0.32685,0.04196,0.00563,0.02979,0.07180
0.02909,0.44588,0.24154,0.11585,0.13010,0.01601,0.02154
0.11506,0.50254,0.22942,0.09011,0.00018,0.03284,0.02986
0.02976,0.62214,0.16972,0.01525,0.04062,0.01538,0.10713
0.20983,0.52013,0.13475,0.01048,0.00824,0.00869,0.10789
0.00359,0.38849,0.39550,0.03480,0.00680,0.15583,0.01499
0.03508,0.23488,0.30144,0.16496,0.01393,0.18273,0.06697
0.03413,0.61359,0.13341,0.04112,0.07497,0.04299,0.05979
0.03933,0.48715,0.18788,0.13553,0.09168,0.05796,0.00048
0.04533,0.39669,0.31449,0.01330,0.11117,0.04774,0.07128
0.07886,0.26434,0.06631,0.08096,0.17764,0.20196,0.12993
0.03600,0.51966,0.09590,0.11009,0.00305,0.02732,0.20799
0.01696,0.41046,0.18943,0.16031,0.03317,0.12761,0.06205
0.00977,0.50769,0.39130,0.00868,0.00092,0.00603,0.07561
0.15698,0.41587,0.27024,0.02783,0.05420,0.02094,0.05394
0.04376,0.35778,0.25788,0.01672,0.21357,0.07514,0.03515
0.03759,0.17269,0.65980,0.05192,0.04398,0.01686,0.01716
0.07962,0.57276,0.11957,0.11403,0.00890,0.01266,0.09245
0.10130,0.52131,0.31250,0.01541,0.00344,0.01008,0.03597
0.03880,0.32168,0.28977,0.15126,0.15689,0.01686,0.02474
0.15894,0.45909,0.19744,0.04327,0.02153,0.09776,0.02197
0.11181,0.36462,0.15299,0.16477,0.01223,0.14969,0.04387
0.00289,0.53073,0.22499,0.05711,0.03535,0.14012,0.00880
0.02138,0.66270,0.05345,0.12318,0.04444,0.04086,0.05397
0.01429,0.33464,0.24702,0.04659,0.20654,0.01325,0.13768
0.04373,0.40571,0.18027,0.06919,0.15993,0.05983,0.08134
0.08855,0.37640,0.15189,0.06937,0.03909,0.05271,0.22200
0.07672,0.58050,0.14865,0.04369,0.03920,0.07160,0.03965
0.01625,0.61672,0.20284,0.06081,0.04065,0.04424,0.01849
0.05421,0.14137,0.15387,0.41785,0.00307,0.22134,0.00829
0.16374,0.33126,0.15334,0.08442,0.00916,0.01813,0.23995
0.00213,0.60603,0.16594,0.08060,0.04527,0.00331,0.09672
0.04467,0.45666,0.16053,0.09594,0.04399,0.14335,0.05485
0.12933,0.26965,0.36156,0.10185,0.07114,0.05586,0.01061
0.03236,0.67212,0.09869,0.10228,0.03219,0.04236,0.02000
0.03116,0.29831,0.44871,0.12690,0.03526,0.01139,0.04827
0.17832,0.32373,0.05775,0.10759,0.01117,0.04982,0.27163
0.08148,0.55503,0.21772,0.03275,0.01090,0.07289,0.02924
0.02218,0.44605,0.26221,0.10431,0.10137,0.03921,0.02467
0.08501,0.47527,0.17823,0.00456,0.07772,0.09400,0.08522
0.01220,0.45598,0.19556,0.22905,0.02564,0.05921,0.02237
0.13978,0.29515,0.24479,0.13176,0.01853,0.10547,0.06453
0.06954,0.44558,0.31960,0.02660,0.00261,0.03440,0.10168
0.03119,0.34747,0.52556,0.01412,0.00313,0.07122,0.00731
0.20736,0.30428,0.39235,0.02136,0.01037,0.01903,0.04525
0.00147,0.42051,0.37837,0.01580,0.05519,0.06573,0.06292
0.04990,0.37186,0.36171,0.02518,0.01254,0.06751,0.11132
0.05083,0.43634,0.23283,0.15898,0.00688,0.03113,0.08301
0.27886,0.19114,0.30496,0.06447,0.02208,0.11091,0.02758
0.01805,0.55573,0.17742,0.02067,0.10790,0.10613,0.01409
0.03902,0.40471,0.40217,0.05299,0.02995,0.06303,0.00813
0.21093,0.41206,0.22860,0.01400,0.05269,0.04014,0.04158
0.12045,0.30993,0.32139,0.13252,0.01295,0.00370,0.09906
0.01439,0.42179,0.35073,0.06265,0.08640,0.01242,0.05161
0.05362,0.43024,0.21734,0.01501,0.00100,0.09363,0.18916
0.05387,0.47151,0.15911,0.02816,0.00345,0.00146,0.28244
0.03879,0.32049,0.32629,0.16672,0.00198,0.00765,0.13807
0.07369,0.58592,0.04397,0.07635,0.02829,0.17425,0.01753
0.15533,0.48967,0.21093,0.03017,0.00632,0.06914,0.03844
0.13369,0.39313,0.31001,0.00757,0.09339,0.01641,0.04581
0.01936,0.51475,0.13221,0.02829,0.00716,0.25877,0.03946
0.14357,0.55360,0.16306,0.08247,0.01808,0.02251,0.01672
0.13614,0.33621,0.24135,0.25226,0.01943,0.00788,0.00673
0.00183,0.66800,0.12959,0.06961,0.05322,0.05052,0.02723
0.05813,0.39918,0.33785,0.03401,0.01160,0.00779,0.15145
0.00832,0.53467,0.22266,0.06637,0.03367,0.03482,0.09948
0.07188,0.43516,0.32285,0.01339,0.07124,0.00932,0.07616
0.06874,0.48434,0.21633,0.06708,0.01048,0.06958,0.08345
0.00973,0.44414,0.34648,0.02848,0.06278,0.00985,0.09853
0.06503,0.23334,0.29834,0.18169,0.01687,0.04865,0.15608
0.04883,0.36793,0.18270,0.05296,0.01540,0.00668,0.32551
0.12231,0.66330,0.06238,0.05560,0.03127,0.00156,0.06357
0.04895,0.39731,0.37731,0.08425,0.01811,0.03230,0.04179
0.15096,0.27655,0.45461,0.10075,0.00125,0.00079,0.01508
0.00739,0.40941,0.25445,0.10345,0.00819,0.10841,0.10870
0.02417,0.41555,0.19225,0.07889,0.02320,0.17752,0.08843
0.13437,0.35104,0.17429,0.16244,0.03795,0.04173,0.09820
0.16934,0.26533,0.35740,0.02226,0.02822,0.12928,0.02816
0.04897,0.50591,0.12881,0.08733,0.12392,0.02811,0.07695
0.03794,0.67532,0.09875,0.07896,0.01066,0.01533,0.08305
0.02087,0.46824,0.24318,0.06568,0.14393,0.01068,0.04742
0.03217,0.50806,0.09277,0.01550,0.01490,0.27413,0.06247
0.04194,0.62399,0.19815,0.07124,0.00112,0.05583,0.00773
0.00948,0.38471,0.22933,0.03335,0.04999,0.11258,0.18056
0.02247,0.47521,0.32914,0.04980,0.08161,0.00159,0.04018
0.03932,0.24368,0.37272,0.06094,0.10943,0.08521,0.08870
0.03219,0.33782,0.29012,0.03168,0.06037,0.06375,0.18406
0.14838,0.46521,0.08562,0.16050,0.00780,0.04369,0.08880
0.06699,0.49702,0.18783,0.04091,0.12621,0.07089,0.01016
0.07587,0.40072,0.17417,0.18987,0.00357,0.14848,0.00732
0.08653,0.34628,0.29884,0.04562,0.01981,0.08233,0.12059
0.13775,0.41995,0.14940,0.00710,0.05672,0.20513,0.02395
0.02575,0.56706,0.13437,0.04959,0.05842,0.06994,0.09486
0.01193,0.47529,0.26673,0.06764,0.09986,0.02688,0.05167
0.00733,0.40684,0.19143,0.04419,0.05411,0.03181,0.26429
0.18427,0.40391,0.18848,0.07158,0.05954,0.02260,0.06962
0.03843,0.55908,0.18899,0.13749,0.06930,0.00115,0.00556
0.03962,0.24180,0.39555,0.14206,0.00293,0.06960,0.10844
0.01497,0.37571,0.16389,0.24107,0.07765,0.07686,0.04985
0.15883,0.29182,0.29003,0.06406,0.04808,0.01135,0.13582
0.02319,0.40580,0.25339,0.02454,0.05093,0.06610,0.17605
0.06334,0.40489,0.29532,0.01959,0.06469,0.06424,0.08793
0.04797,0.59699,0.22410,0.09312,0.00029,0.00544,0.03210
0.03586,0.50005,0.17402,0.10690,0.01682,0.00689,0.15946
0.00732,0.28595,0.26855,0.19439,0.13602,0.02633,0.08144
0.02535,0.60375,0.07744,0.13325,0.02034,0.08212,0.05776
0.18061,0.34826,0.31543,0.00860,0.01830,0.04474,0.08406
0.08510,0.53706,0.22577,0.04515,0.01746,0.03850,0.05095
0.06462,0.53841,0.25933,0.04571,0.00864,0.00704,0.07625
0.04358,0.54795,0.29356,0.00846,0.03798,0.00322,0.06526
0.11395,0.35021,0.44114,0.01452,0.00278,0.06227,0.01514
0.00311,0.57962,0.18021,0.10594,0.01129,0.05899,0.06083
0.04191,0.33607,0.34017,0.03568,0.14231,0.04821,0.05565
0.15935,0.31716,0.26934,0.11434,0.06789,0.04476,0.02717
0.11248,0.60189,0.05165,0.04263,0.09039,0.04818,0.05279
0.02600,0.52327,0.15406,0.09833,0.05164,0.08546,0.06124
0.01085,0.39801,0.27820,0.04155,0.07784,0.17199,0.02156
0.03957,0.60494,0.19443,0.03812,0.01847,0.00524,0.09924
0.07955,0.29231,0.19434,0.18510,0.08994,0.10067,0.05809
0.07115,0.39309,0.17413,0.20906,0.11459,0.01888,0.01911
0.06759,0.32932,0.27290,0.11159,0.02185,0.03941,0.15733
0.05080,0.21307,0.33322,0.17602,0.00155,0.08740,0.13793
0.14548,0.34599,0.27701,0.03375,0.07007,0.03811,0.08959
0.20230,0.25659,0.39397,0.06316,0.01203,0.01466,0.05729
0.03538,0.50068,0.18471,0.12847,0.00901,0.00748,0.13428
0.06166,0.68687,0.11102,0.02926,0.02136,0.06144,0.02840
0.04375,0.57247,0.17808,0.00599,0.09578,0.05785,0.04607
0.02276,0.21054,0.46216,0.18183,0.00921,0.08272,0.03078
0.06650,0.39675,0.15827,0.07256,0.02844,0.00004,0.27745
0.04965,0.45622,0.28877,0.05083,0.00295,0.12015,0.03143
0.20616,0.14349,0.15947,0.26493,0.03822,0.08894,0.09879
0.11977,0.54219,0.23123,0.07008,0.00333,0.03223,0.00116
0.01120,0.28610,0.25915,0.01661,0.05767,0.16377,0.20550
0.09423,0.53207,0.19025,0.03809,0.00016,0.03021,0.11499
0.22294,0.24965,0.07684,0.16475,0.13034,0.07087,0.08460
0.00358,0.43490,0.24673,0.05872,0.00020,0.06648,0.18939
0.08474,0.34057,0.47851,0.00753,0.00494,0.05536,0.02835
0.03250,0.48604,0.29803,0.02496,0.08480,0.07201,0.00165
0.04856,0.47206,0.17155,0.10559,0.14459,0.04307,0.01457
0.11010,0.54497,0.10135,0.01524,0.08224,0.03140,0.11470
0.00795,0.33912,0.12043,0.24411,0.20618,0.02421,0.05799
0.26113,0.26443,0.18051,0.25758,0.01859,0.01739,0.00037
0.04995,0.36818,0.21740,0.02238,0.26323,0.00404,0.07483
0.03470,0.55085,0.09339,0.13908,0.01566,0.01929,0.14701
0.00153,0.51516,0.09632,0.13091,0.06571,0.08836,0.10201
0.03518,0.50816,0.29638,0.09835,0.00306,0.00158,0.05729
0.00609,0.44812,0.27596,0.17902,0.05588,0.01334,0.02159
0.11330,0.55141,0.13721,0.09912,0.00611,0.02999,0.06286
0.01233,0.45428,0.33657,0.01672,0.01357,0.01671,0.14981
0.00554,0.51590,0.26801,0.08122,0.11891,0.00114,0.00928
0.27046,0.37651,0.13427,0.13224,0.00372,0.02266,0.06014
0.03744,0.38742,0.25173,0.00935,0.13923,0.02014,0.15470
0.10493,0.39237,0.24818,0.12479,0.09747,0.01597,0.01629
0.17081,0.56203,0.05539,0.03409,0.03834,0.04609,0.09326
0.05451,0.41216,0.40377,0.03216,0.00163,0.02216,0.07362
0.04289,0.42318,0.13957,0.14650,0.07377,0.03309,0.14099
0.10574,0.39851,0.19892,0.09700,0.02904,0.00775,0.16304
0.10134,0.61330,0.09631,0.06076,0.01231,0.06041,0.05557
0.00097,0.26516,0.32357,0.07495,0.06198,0.05208,0.22129
0.19352,0.36664,0.20845,0.10074,0.00509,0.07251,0.05306
0.03272,0.46904,0.30857,0.08920,0.04786,0.01470,0.03792
0.01106,0.54050,0.19153,0.03522,0.02352,0.03418,0.16399
0.13432,0.36469,0.34805,0.01405,0.01069,0.03670,0.09150
0.05484,0.50421,0.20822,0.01280,0.12537,0.04372,0.05085
0.00706,0.46128,0.31777,0.03566,0.07901,0.05542,0.04381
0.16723,0.23754,0.34631,0.07010,0.07339,0.09525,0.01018
0.01947,0.42709,0.37025,0.02194,0.00499,0.03416,0.12210
0.01386,0.57422,0.32977,0.02872,0.02191,0.00199,0.02952
0.11622,0.40626,0.25781,0.02099,0.05719,0.10007,0.04146
0.02062,0.23636,0.41098,0.15493,0.01895,0.08020,0.07796
0.02438,0.47487,0.35332,0.05422,0.01838,0.00384,0.07100
0.06095,0.52763,0.21993,0.00620,0.07852,0.03971,0.06706
0.06581,0.19866,0.28532,0.23137,0.07216,0.12241,0.02428
0.10292,0.35305,0.11544,0.12581,0.17193,0.06436,0.06649
0.03723,0.31020,0.37844,0.06173,0.06224,0.13586,0.01430
0.01653,0.39283,0.21023,0.00151,0.12486,0.12013,0.13392
0.08252,0.58689,0.15320,0.10056,0.07504,0.00067,0.00112
0.06372,0.42865,0.23620,0.11198,0.09416,0.06124,0.00405
0.04462,0.37439,0.48585,0.01288,0.03066,0.00786,0.04375
0.01973,0.49990,0.22848,0.04245,0.16380,0.03914,0.00649
0.18675,0.34500,0.28611,0.06785,0.00060,0.02277,0.09092
0.05771,0.50287,0.05568,0.12456,0.00146,0.07127,0.18644
0.19121,0.23099,0.31346,0.03129,0.08915,0.01073,0.13317
0.02088,0.56945,0.23727,0.05251,0.00961,0.05288,0.05740
0.01512,0.22364,0.55364,0.05026,0.01295,0.07696,0.06744
0.03477,0.51309,0.29353,0.02859,0.04888,0.07387,0.00728
0.14521,0.36849,0.39336,0.00195,0.01612,0.00072,0.07415
0.02118,0.49466,0.26533,0.11383,0.00451,0.06058,0.03991
0.08456,0.42563,0.11847,0.16892,0.01410,0.14960,0.03871
0.03581,0.39018,0.38282,0.09832,0.00805,0.02441,0.06042
0.08537,0.56505,0.15364,0.02735,0.08596,0.01681,0.06582
0.02650,0.17081,0.35228,0.12458,0.00623,0.22264,0.09694
0.11333,0.48385,0.08691,0.17081,0.02508,0.09606,0.02396
0.11634,0.50524,0.20052,0.08192,0.09059,0.00036,0.00502
0.18252,0.30741,0.33294,0.01520,0.02966,0.07384,0.05843
0.10829,0.41628,0.29082,0.00593,0.05824,0.06964,0.05080
0.24480,0.50370,0.07491,0.01504,0.02224,0.04146,0.09786
0.01183,0.55849,0.23696,0.02474,0.04187,0.00949,0.11662
0.23784,0.46680,0.13576,0.02736,0.04221,0.00191,0.08811
0.20819,0.25469,0.29373,0.15345,0.00381,0.06435,0.02178
0.02326,0.33897,0.17122,0.28502,0.01072,0.00759,0.16321
0.01325,0.27636,0.53254,0.05686,0.02638,0.05795,0.03665
0.05833,0.46470,0.15849,0.09194,0.17788,0.03632,0.01234
0.00890,0.51403,0.25345,0.04489,0.00684,0.07438,0.09753
0.00079,0.77781,0.13364,0.02355,0.00530,0.03216,0.02675
0.07637,0.44360,0.15277,0.07846,0.17766,0.06734,0.00379
0.03495,0.36292,0.29340,0.07182,0.11895,0.05948,0.05848
0.21688,0.21094,0.38440,0.00321,0.07805,0.05912,0.04739
0.02560,0.50751,0.22411,0.15290,0.00733,0.02631,0.05624
0.04710,0.34390,0.16275,0.00250,0.36112,0.04119,0.04144
0.03553,0.38379,0.31767,0.05720,0.05547,0.09889,0.05144
0.05542,0.36618,0.35048,0.01246,0.12041,0.05568,0.03937
0.07056,0.53955,0.19239,0.09473,0.02073,0.03302,0.04902
0.13134,0.34387,0.40684,0.02905,0.01761,0.03482,0.03647
0.03954,0.67365,0.14699,0.02908,0.02584,0.01684,0.06805
0.05418,0.64273,0.10849,0.06989,0.00193,0.10747,0.01532
0.10838,0.45854,0.23152,0.01422,0.00275,0.00607,0.17852
0.13143,0.34439,0.22809,0.12230,0.15805,0.00403,0.01172
0.03321,0.21157,0.40734,0.06919,0.07087,0.13607,0.07173
0.04468,0.19956,0.44709,0.03679,0.05578,0.11711,0.09898
0.12840,0.31738,0.15858,0.15882,0.01916,0.02183,0.19583
0.02353,0.49636,0.18773,0.23202,0.00017,0.02895,0.03124
0.06681,0.30960,0.12368,0.11772,0.08570,0.27923,0.01727
0.02407,0.40317,0.22025,0.05259,0.04541,0.08365,0.17087
0.04555,0.41495,0.16414,0.12003,0.06394,0.08526,0.10613
0.10260,0.36816,0.21304,0.11238,0.12471,0.01321,0.06590
0.10474,0.28640,0.13844,0.03102,0.01003,0.05632,0.37305
0.00439,0.63832,0.16901,0.02897,0.03210,0.06369,0.06352
0.03534,0.61102,0.28664,0.00883,0.00511,0.02821,0.02486
0.02107,0.30960,0.38291,0.07988,0.04535,0.11469,0.04651
0.00982,0.48230,0.31234,0.10804,0.00771,0.03791,0.04188
0.09851,0.34369,0.23672,0.03640,0.00299,0.06275,0.21894
0.11366,0.27685,0.39439,0.18676,0.01276,0.00826,0.00733
0.01268,0.50366,0.23809,0.08331,0.07554,0.00425,0.08247
0.07603,0.28961,0.17778,0.22798,0.01951,0.09268,0.11641
0.16951,0.51920,0.20790,0.01379,0.02547,0.02693,0.03719
0.01652,0.56296,0.25086,0.04965,0.00889,0.01872,0.09241
0.07899,0.53353,0.26948,0.00256,0.05414,0.03325,0.02804
0.04851,0.46569,0.31254,0.09044,0.05357,0.00635,0.02289
0.00943,0.47214,0.16733,0.17323,0.07765,0.06595,0.03429
0.05028,0.57825,0.12826,0.03321,0.00005,0.20063,0.00933
0.01796,0.37761,0.43701,0.05647,0.00619,0.03237,0.07239
0.05514,0.51266,0.20983,0.05158,0.01776,0.06365,0.08938
0.15723,0.38606,0.21950,0.03818,0.02291,0.17489,0.00123
0.03589,0.66729,0.14608,0.02436,0.03138,0.09435,0.00064
0.12021,0.38469,0.27049,0.03009,0.11719,0.01527,0.06206
0.03229,0.39917,0.16286,0.10041,0.01736,0.08963,0.19827
0.05131,0.46872,0.12380,0.09414,0.03779,0.03853,0.18571
0.02091,0.29249,0.37684,0.05110,0.02802,0.21284,0.01779
0.02075,0.17176,0.45744,0.09974,0.00139,0.23011,0.01881
0.05498,0.44916,0.11131,0.12036,0.01795,0.01193,0.23431
0.14025,0.56159,0.19004,0.05732,0.03739,0.00655,0.00687
0.09482,0.41146,0.30638,0.13449,0.00006,0.00756,0.04523
0.02762,0.38327,0.49884,0.02476,0.03649,0.02147,0.00754
0.10371,0.55907,0.17887,0.02654,0.01164,0.07325,0.04693
0.00123,0.71377,0.20646,0.00560,0.00042,0.02165,0.05086
0.12705,0.38007,0.22042,0.03076,0.14363,0.06849,0.02958
