0.06609,0.01992,0.10314,0.02617,0.04691,0.22233,0.24287,0.01165,0.02963,0.01124,0.01766,0.06900,0.04143,0.09195
0.02022,0.02483,0.04239,0.02659,0.02765,0.33410,0.31998,0.01054,0.01393,0.00928,0.01164,0.07239,0.01168,0.07477
0.04291,0.02032,0.01893,0.02284,0.01100,0.10519,0.09002,0.22966,0.01066,0.21885,0.01684,0.09172,0.05206,0.06900
0.03399,0.03902,0.02071,0.04182,0.02967,0.26674,0.22856,0.08472,0.02858,0.08090,0.02584,0.05396,0.00986,0.05564
0.03915,0.01271,0.34573,0.02186,0.01248,0.10049,0.05984,0.01824,0.30890,0.01639,0.01109,0.01302,0.02044,0.01965
0.04843,0.01065,0.03640,0.01246,0.02535,0.05481,0.06435,0.01947,0.02192,0.01978,0.11794,0.26411,0.10228,0.20204
0.18101,0.00613,0.02680,0.02244,0.01385,0.22119,0.17780,0.02079,0.03698,0.01841,0.02137,0.04207,0.17453,0.03661
0.02910,0.08410,0.06050,0.04239,0.06957,0.03297,0.03426,0.05719,0.01508,0.07212,0.07221,0.15020,0.02669,0.25365
0.03057,0.01341,0.24070,0.00650,0.20526,0.08369,0.08909,0.01831,0.01781,0.01734,0.02901,0.15317,0.01847,0.07668
0.04723,0.02904,0.04388,0.04526,0.04318,0.09585,0.09142,0.01298,0.01506,0.01510,0.01700,0.24691,0.01872,0.27838
0.01965,0.01288,0.02488,0.01734,0.01377,0.28999,0.26919,0.04222,0.02273,0.03146,0.00882,0.10830,0.02080,0.11799
0.01991,0.01557,0.02443,0.02168,0.02282,0.04545,0.03165,0.03510,0.03454,0.02376,0.30995,0.13404,0.26202,0.01908
0.01384,0.02796,0.01334,0.17805,0.13805,0.23658,0.08945,0.03246,0.01291,0.02853,0.15687,0.02098,0.03641,0.01457
0.02518,0.01867,0.18946,0.05285,0.01299,0.18149,0.12970,0.02914,0.17202,0.03011,0.00486,0.06110,0.01259,0.07985
0.02440,0.02635,0.06907,0.02988,0.05644,0.08913,0.06537,0.17280,0.01885,0.18423,0.05761,0.07468,0.03410,0.09708
0.02932,0.00535,0.01414,0.00748,0.22210,0.06831,0.06867,0.14911,0.01474,0.15078,0.20962,0.02789,0.01332,0.01919
0.01107,0.00526,0.40647,0.01535,0.40358,0.04206,0.02223,0.01462,0.01265,0.01472,0.00826,0.01654,0.00673,0.02047
0.05640,0.00818,0.03349,0.01638,0.03400,0.04755,0.03619,0.02724,0.04543,0.02606,0.02537,0.33468,0.02180,0.28724
0.03345,0.03926,0.02300,0.03640,0.16349,0.05508,0.02891,0.07674,0.02884,0.07493,0.17144,0.11135,0.01196,0.14516
0.06947,0.02695,0.04881,0.07523,0.02519,0.14698,0.12176,0.14801,0.05257,0.13180,0.02892,0.07056,0.03496,0.01880
0.02600,0.02057,0.02392,0.03543,0.01256,0.10789,0.10402,0.18684,0.02067,0.17983,0.00987,0.12780,0.01024,0.13435
0.07451,0.00813,0.06121,0.00872,0.01308,0.30409,0.29862,0.02787,0.09552,0.01662,0.01300,0.03682,0.01779,0.02401
0.06759,0.02530,0.19576,0.00861,0.01607,0.02946,0.02700,0.05168,0.20121,0.05078,0.01615,0.13031,0.06339,0.11670
0.01787,0.01576,0.01935,0.02798,0.01888,0.17164,0.15669,0.16446,0.01421,0.15745,0.01221,0.09450,0.01550,0.11350
0.02695,0.04922,0.03970,0.02881,0.28947,0.03186,0.02873,0.03609,0.01868,0.03251,0.29294,0.06007,0.01854,0.04644
0.01634,0.00631,0.01597,0.00901,0.01284,0.15290,0.14167,0.15993,0.01142,0.14541,0.14179,0.02677,0.13905,0.02059
0.05276,0.01286,0.01323,0.10994,0.15623,0.17532,0.08164,0.02972,0.03028,0.01691,0.14874,0.07788,0.00906,0.08543
0.12859,0.02793,0.03623,0.03070,0.01388,0.04798,0.09203,0.14058,0.07553,0.13669,0.01713,0.12209,0.01702,0.11360
0.01095,0.01633,0.01744,0.01080,0.28625,0.13851,0.12655,0.02601,0.01673,0.02030,0.29068,0.01220,0.01024,0.01702
0.01848,0.01412,0.01903,0.03647,0.01977,0.08794,0.07518,0.21860,0.02547,0.20476,0.01562,0.12526,0.00849,0.13080
0.03610,0.01172,0.10743,0.01600,0.12502,0.12804,0.12702,0.02242,0.02129,0.03641,0.07333,0.19259,0.02751,0.07512
0.03675,0.01593,0.03093,0.05032,0.01277,0.20384,0.15777,0.06559,0.05025,0.05686,0.01713,0.17345,0.01640,0.11201
0.01247,0.00586,0.00809,0.01209,0.01080,0.02335,0.02091,0.39730,0.00927,0.40771,0.02015,0.02902,0.01270,0.03028
0.01673,0.01409,0.01832,0.01857,0.06947,0.05815,0.04783,0.04313,0.01684,0.03465,0.09456,0.25175,0.01740,0.29851
0.08023,0.01096,0.06521,0.02226,0.05161,0.04977,0.05395,0.03758,0.04422,0.02999,0.00746,0.26530,0.00719,0.27427
0.05751,0.15683,0.03322,0.13854,0.04099,0.06682,0.04900,0.08321,0.07514,0.06955,0.03758,0.07578,0.02166,0.09417
0.02042,0.00763,0.01513,0.03773,0.01560,0.24387,0.15883,0.18529,0.01494,0.19852,0.02424,0.02787,0.01945,0.03047
0.01394,0.03094,0.02951,0.22557,0.07874,0.24807,0.04648,0.04444,0.03593,0.04331,0.06889,0.06271,0.01389,0.05759
0.03152,0.02628,0.01112,0.04799,0.01002,0.05087,0.05753,0.11348,0.01251,0.10751,0.20794,0.03894,0.24601,0.03830
0.03599,0.02590,0.29025,0.04959,0.01159,0.07169,0.04732,0.03324,0.27921,0.03274,0.02190,0.01718,0.05831,0.02509
0.00914,0.01599,0.31537,0.02701,0.30314,0.04609,0.02649,0.06225,0.01336,0.07282,0.00771,0.04701,0.00680,0.04680
0.03106,0.00980,0.01524,0.02307,0.02820,0.18516,0.14713,0.11763,0.02222,0.12517,0.04807,0.10363,0.01054,0.13307
0.02269,0.19476,0.01591,0.27818,0.01278,0.16071,0.06549,0.08911,0.01266,0.07873,0.01150,0.02350,0.01372,0.02027
0.01891,0.15735,0.03288,0.16154,0.01435,0.22129,0.18728,0.01495,0.03175,0.01309,0.00607,0.04678,0.01418,0.07961
0.01933,0.01779,0.26141,0.04966,0.26782,0.14058,0.06412,0.03085,0.01134,0.03281,0.01236,0.03749,0.01025,0.04418
0.00843,0.00499,0.00551,0.00737,0.00345,0.46291,0.44586,0.02292,0.00412,0.01206,0.00423,0.00928,0.00343,0.00544
0.08753,0.03145,0.03173,0.04613,0.03576,0.06453,0.06981,0.07374,0.06639,0.06591,0.02207,0.20327,0.01743,0.18425
0.06696,0.03060,0.03481,0.03624,0.01805,0.31655,0.28253,0.02467,0.05051,0.01647,0.01801,0.01966,0.04279,0.04216
0.15794,0.01359,0.05292,0.01724,0.01024,0.20568,0.18073,0.03616,0.08629,0.02790,0.02894,0.04024,0.11325,0.02889
0.15481,0.03556,0.15450,0.03244,0.18383,0.04847,0.12260,0.03170,0.02689,0.03133,0.02522,0.06551,0.02328,0.06385
0.04162,0.01981,0.11135,0.02792,0.26015,0.06134,0.06492,0.02506,0.02465,0.02199,0.19498,0.10038,0.00719,0.03865
0.05011,0.09499,0.01647,0.04437,0.01458,0.11303,0.11591,0.09638,0.04249,0.08156,0.01886,0.13169,0.03187,0.14769
0.07140,0.01369,0.04178,0.01549,0.02899,0.28949,0.29110,0.02724,0.02003,0.02342,0.01963,0.10551,0.01545,0.03676
0.11272,0.00887,0.06405,0.00776,0.02242,0.06656,0.09387,0.02383,0.09330,0.02635,0.03127,0.19297,0.02485,0.23117
0.02413,0.16913,0.03443,0.13980,0.02498,0.07321,0.06733,0.02897,0.02685,0.03353,0.02826,0.09550,0.01308,0.24081
0.03966,0.00490,0.02802,0.01964,0.01169,0.09616,0.08513,0.09810,0.03114,0.09495,0.00925,0.23240,0.01194,0.23702
0.01332,0.04811,0.04180,0.03521,0.03643,0.28509,0.25156,0.04056,0.01652,0.04307,0.04848,0.05130,0.01619,0.07236
0.02591,0.01628,0.02088,0.02646,0.01593,0.10443,0.08637,0.06430,0.04074,0.05421,0.01906,0.24665,0.01831,0.26046
0.02170,0.02051,0.24176,0.02480,0.23931,0.15383,0.13592,0.02581,0.01675,0.02663,0.01391,0.03449,0.02021,0.02436
0.32420,0.00919,0.00712,0.02448,0.00998,0.03345,0.31207,0.11146,0.01648,0.08567,0.01139,0.03016,0.01069,0.01366
0.02045,0.23906,0.02032,0.23590,0.03594,0.14164,0.13125,0.03680,0.01990,0.03465,0.02905,0.02115,0.01370,0.02018
0.01860,0.07532,0.01346,0.24743,0.01509,0.31300,0.11212,0.06318,0.01148,0.04951,0.01159,0.02157,0.01350,0.03414
0.03844,0.01952,0.18020,0.03071,0.01368,0.07789,0.04499,0.10027,0.17706,0.10656,0.00854,0.08349,0.02106,0.09759
0.09779,0.01017,0.12011,0.01324,0.01822,0.08589,0.10778,0.02343,0.06209,0.02313,0.07062,0.12829,0.03350,0.20572
0.17614,0.01224,0.00875,0.02256,0.01086,0.17562,0.29638,0.06377,0.01422,0.07340,0.01552,0.05907,0.01339,0.05809
0.05414,0.01128,0.08161,0.01806,0.01772,0.13123,0.11411,0.15250,0.08919,0.14473,0.01465,0.04594,0.01828,0.10654
0.12865,0.02217,0.06122,0.03792,0.05312,0.13497,0.13582,0.03925,0.04603,0.04579,0.05810,0.09134,0.02644,0.11917
0.02214,0.01346,0.15427,0.01884,0.01392,0.17312,0.16324,0.08395,0.13331,0.08128,0.01391,0.04822,0.01268,0.06767
0.21011,0.00900,0.02463,0.00859,0.01161,0.16882,0.16161,0.03419,0.02392,0.02627,0.01652,0.05160,0.19601,0.05711
0.05736,0.02515,0.10279,0.01935,0.19460,0.11810,0.12784,0.03306,0.01736,0.02071,0.10251,0.11661,0.04528,0.01927
0.06390,0.03100,0.05239,0.02132,0.03643,0.07867,0.15208,0.06130,0.01418,0.07548,0.11924,0.03068,0.01463,0.24871
0.03444,0.01743,0.11118,0.02084,0.03274,0.06413,0.03652,0.12028,0.08384,0.12541,0.06981,0.14950,0.04163,0.09226
0.02644,0.09686,0.05556,0.09275,0.04413,0.06045,0.05284,0.14122,0.02059,0.11916,0.06456,0.10017,0.04023,0.08505
0.02598,0.02906,0.02989,0.02353,0.10713,0.09289,0.09753,0.09526,0.02888,0.08540,0.10955,0.11253,0.02079,0.14158
0.03877,0.11160,0.06604,0.14011,0.02930,0.08797,0.04848,0.15410,0.08103,0.13635,0.01212,0.02989,0.03993,0.02432
0.01965,0.00850,0.01762,0.00550,0.02959,0.02032,0.02459,0.18126,0.01805,0.17259,0.01975,0.23535,0.00797,0.23925
0.02216,0.34093,0.02921,0.33952,0.01365,0.04938,0.05932,0.02298,0.03029,0.01660,0.01454,0.01966,0.02018,0.02156
0.02826,0.05843,0.02225,0.04110,0.02498,0.33408,0.31734,0.02588,0.01368,0.02092,0.01381,0.03652,0.02126,0.04150
0.03611,0.01015,0.05869,0.01009,0.08642,0.31296,0.30020,0.01481,0.03505,0.01229,0.03858,0.04825,0.01986,0.01653
0.02332,0.03727,0.02187,0.16527,0.01671,0.24999,0.08544,0.02153,0.01638,0.02536,0.01957,0.14797,0.01573,0.15359
0.01971,0.01558,0.07324,0.01053,0.02827,0.26603,0.24903,0.02697,0.05227,0.02391,0.03765,0.07067,0.04248,0.08367
0.13613,0.00907,0.13369,0.01265,0.14543,0.02972,0.11876,0.03217,0.01210,0.02233,0.01087,0.15784,0.01343,0.16579
0.04118,0.01788,0.05215,0.02342,0.02124,0.31067,0.25546,0.03697,0.07140,0.04078,0.01583,0.04567,0.01162,0.05573
0.02009,0.01976,0.07237,0.05875,0.01699,0.09855,0.06465,0.19695,0.05442,0.19667,0.03524,0.02899,0.04615,0.09043
0.01850,0.01258,0.01391,0.01748,0.01168,0.33412,0.28259,0.06010,0.01189,0.05331,0.01432,0.07691,0.01537,0.07724
0.03388,0.00851,0.04377,0.01299,0.01353,0.07105,0.07404,0.32468,0.04352,0.30105,0.00829,0.04431,0.00621,0.01417
0.15621,0.01575,0.05220,0.11160,0.03586,0.13371,0.11217,0.08327,0.07868,0.07358,0.05587,0.01199,0.06819,0.01092
0.00827,0.26426,0.01156,0.26470,0.00806,0.03440,0.02856,0.11375,0.01433,0.10929,0.00962,0.05399,0.01446,0.06475
0.24077,0.05441,0.05808,0.03730,0.02381,0.09661,0.09432,0.04377,0.04428,0.03229,0.00863,0.01673,0.22877,0.02024
0.01396,0.01787,0.01092,0.04078,0.01327,0.43297,0.37830,0.01797,0.01159,0.01391,0.01599,0.01099,0.00854,0.01294
0.04443,0.03909,0.05273,0.03867,0.15456,0.04056,0.04529,0.02039,0.01492,0.02939,0.23896,0.02036,0.05493,0.20570
0.03562,0.03088,0.33386,0.03883,0.02906,0.05539,0.03168,0.01405,0.30145,0.01234,0.02496,0.04374,0.00957,0.03858
0.26094,0.02582,0.03784,0.03283,0.01479,0.03553,0.04862,0.01844,0.05422,0.01718,0.01461,0.09199,0.22227,0.12492
0.01803,0.08237,0.00805,0.08622,0.00635,0.36083,0.34738,0.01716,0.00557,0.01492,0.00899,0.01255,0.02325,0.00832
0.06625,0.01022,0.02337,0.01051,0.02694,0.10363,0.09875,0.15264,0.11602,0.08213,0.02092,0.13711,0.01077,0.14075
0.14063,0.01221,0.04239,0.03594,0.03863,0.11464,0.21449,0.14694,0.01911,0.14319,0.00871,0.03856,0.00684,0.03774
0.03972,0.00770,0.06552,0.00651,0.00701,0.34117,0.32591,0.01316,0.07693,0.01515,0.00978,0.03335,0.01400,0.04409
0.02120,0.00904,0.04840,0.01530,0.02539,0.10556,0.10114,0.22816,0.01220,0.23292,0.01408,0.08936,0.01517,0.08207
0.20235,0.01077,0.08982,0.01349,0.11166,0.04612,0.16920,0.02715,0.01992,0.01630,0.02269,0.14518,0.01635,0.10900
0.04131,0.00905,0.07735,0.01389,0.01166,0.15345,0.14940,0.08009,0.09741,0.06653,0.00735,0.15809,0.01330,0.12113
0.34602,0.00503,0.00991,0.00520,0.00626,0.01265,0.05991,0.03495,0.02779,0.03990,0.03269,0.37832,0.02829,0.01310
0.06380,0.03837,0.11635,0.02389,0.10062,0.17116,0.15360,0.01828,0.04158,0.01511,0.04694,0.14268,0.04229,0.02532
0.02601,0.02187,0.09202,0.02036,0.08010,0.13860,0.12896,0.20610,0.01020,0.21207,0.00730,0.01958,0.01813,0.01871
0.03661,0.02079,0.14986,0.01311,0.01487,0.02597,0.03314,0.07027,0.14345,0.06020,0.13727,0.08469,0.15327,0.05652
0.05280,0.00836,0.01489,0.01075,0.03399,0.12622,0.13199,0.01508,0.01575,0.01396,0.25471,0.05473,0.18931,0.07746
0.02154,0.01173,0.15346,0.02628,0.14406,0.09147,0.06267,0.02267,0.02038,0.03471,0.01546,0.18232,0.01328,0.19997
0.02647,0.01071,0.02196,0.03754,0.01324,0.30200,0.25392,0.03411,0.01856,0.03109,0.01054,0.11011,0.01407,0.11569
0.02647,0.00847,0.02179,0.00901,0.01701,0.26127,0.24900,0.11286,0.02027,0.09761,0.01375,0.08008,0.01942,0.06299
0.26870,0.00861,0.01165,0.02194,0.00703,0.15382,0.35334,0.01686,0.01989,0.01681,0.00583,0.05237,0.00534,0.05782
0.01618,0.01178,0.01330,0.00967,0.01716,0.08073,0.07367,0.10694,0.01448,0.08261,0.00815,0.26906,0.00757,0.28871
0.01717,0.00634,0.01867,0.00701,0.01095,0.34497,0.32629,0.02219,0.00971,0.03243,0.00830,0.09017,0.01389,0.09192
0.03229,0.02989,0.04315,0.02412,0.01688,0.19388,0.18849,0.15460,0.04136,0.15111,0.01911,0.04360,0.01462,0.04690
0.01757,0.18739,0.01323,0.13471,0.05378,0.02588,0.02854,0.16454,0.02569,0.12417,0.06622,0.04454,0.09663,0.01712
0.10922,0.01093,0.05507,0.01044,0.02355,0.16282,0.17144,0.01870,0.07064,0.02241,0.02781,0.17290,0.01708,0.12699
0.02657,0.04138,0.00867,0.03310,0.01887,0.07598,0.06979,0.25637,0.01486,0.23030,0.05862,0.04374,0.07128,0.05046
0.04994,0.00742,0.04496,0.00765,0.08860,0.17085,0.15923,0.07111,0.03718,0.06507,0.07899,0.09250,0.02959,0.09689
0.06734,0.14058,0.00902,0.14352,0.07382,0.15123,0.13767,0.06905,0.04169,0.05334,0.06043,0.02216,0.00849,0.02166
0.03917,0.28431,0.03494,0.16285,0.03412,0.02528,0.03399,0.05975,0.05020,0.04290,0.01967,0.04543,0.11774,0.04965
0.04157,0.03187,0.19917,0.05891,0.08168,0.15831,0.10461,0.06950,0.12769,0.07303,0.00808,0.01999,0.01423,0.01135
0.02192,0.19241,0.02667,0.18833,0.02091,0.05107,0.03660,0.07778,0.01476,0.07979,0.02183,0.12369,0.02318,0.12106
0.03350,0.02441,0.03150,0.01655,0.01031,0.18021,0.16348,0.11442,0.02431,0.11819,0.01727,0.06514,0.01796,0.18275
0.01207,0.01227,0.01312,0.00956,0.00996,0.03252,0.04043,0.03200,0.01229,0.01970,0.23663,0.19109,0.21842,0.15993
0.07383,0.01450,0.01729,0.13232,0.01350,0.28758,0.13882,0.10896,0.05964,0.10235,0.01434,0.01609,0.00842,0.01237
0.02819,0.01888,0.01770,0.02759,0.17673,0.19821,0.16617,0.03303,0.01755,0.03177,0.17893,0.03350,0.02505,0.04671
0.16310,0.00948,0.03528,0.01516,0.01117,0.08904,0.09771,0.15795,0.05395,0.15762,0.00809,0.05088,0.10881,0.04175
0.01905,0.02770,0.04576,0.04771,0.04008,0.08544,0.05101,0.14100,0.01795,0.14214,0.02008,0.15352,0.01866,0.18990
0.05035,0.00984,0.02382,0.01659,0.02683,0.20715,0.19107,0.07169,0.03760,0.05588,0.03626,0.11128,0.04295,0.11870
0.01064,0.00801,0.01336,0.01284,0.02582,0.40576,0.36964,0.01402,0.00819,0.01726,0.02067,0.04079,0.01008,0.04292
0.03016,0.01242,0.01284,0.01753,0.01151,0.16535,0.14453,0.11398,0.01293,0.10386,0.03312,0.16773,0.01905,0.15501
0.25298,0.01320,0.01079,0.02056,0.01132,0.17392,0.16589,0.02364,0.01751,0.01731,0.02247,0.02102,0.23551,0.01387
0.07338,0.18938,0.07626,0.17957,0.01508,0.03964,0.02647,0.08056,0.06398,0.07663,0.02541,0.04989,0.05332,0.05044
0.02386,0.01564,0.05269,0.02021,0.01023,0.37717,0.35150,0.00651,0.04519,0.00611,0.01513,0.01564,0.01366,0.04646
0.09102,0.01536,0.01263,0.01901,0.12751,0.18004,0.17643,0.01873,0.02114,0.01797,0.13644,0.08523,0.01224,0.08625
0.05818,0.02726,0.07866,0.02414,0.00986,0.20901,0.20077,0.01504,0.09196,0.01200,0.03802,0.07364,0.07158,0.08987
0.17690,0.00870,0.07559,0.02227,0.01761,0.08584,0.07351,0.04255,0.10153,0.02401,0.02072,0.10227,0.15192,0.09660
0.10675,0.01180,0.06010,0.01648,0.03509,0.19211,0.19515,0.10156,0.05615,0.09733,0.01344,0.04665,0.02381,0.04358
0.05992,0.00975,0.06245,0.03730,0.03151,0.20680,0.16726,0.10226,0.02698,0.09534,0.01460,0.10334,0.05873,0.02375
0.05051,0.00654,0.12121,0.00643,0.03165,0.18674,0.17621,0.01574,0.15917,0.01156,0.02365,0.08791,0.02569,0.09697
0.07318,0.01161,0.00922,0.04341,0.21098,0.14589,0.15324,0.03244,0.01049,0.02518,0.21523,0.03586,0.01003,0.02323
0.02301,0.00566,0.01385,0.01512,0.02033,0.12829,0.11388,0.16395,0.02155,0.15775,0.04487,0.12080,0.03587,0.13506
0.12019,0.01398,0.02640,0.01419,0.02547,0.19678,0.21619,0.11593,0.01481,0.09520,0.01407,0.11057,0.01128,0.02495
0.01107,0.01039,0.00660,0.02043,0.01341,0.34773,0.32391,0.06433,0.00994,0.05940,0.06176,0.01509,0.04327,0.01267
0.24033,0.02550,0.03276,0.02038,0.00885,0.06702,0.05932,0.10550,0.04944,0.09572,0.01223,0.03149,0.20558,0.04589
0.06060,0.00668,0.30908,0.01418,0.01011,0.05175,0.06076,0.06282,0.29096,0.05400,0.01184,0.03033,0.01532,0.02157
0.06653,0.01268,0.02331,0.03034,0.01231,0.16096,0.13234,0.09948,0.02578,0.10998,0.02101,0.15294,0.05764,0.09470
0.03840,0.00693,0.00949,0.01731,0.01858,0.30795,0.25614,0.03131,0.01152,0.02044,0.12606,0.02544,0.10345,0.02697
0.03852,0.03146,0.01699,0.04618,0.15991,0.13665,0.11314,0.07279,0.01982,0.06626,0.16782,0.04316,0.02183,0.06549
0.02399,0.03185,0.02688,0.04349,0.05307,0.12209,0.08678,0.22255,0.03874,0.23195,0.05339,0.02527,0.01314,0.02681
0.03814,0.01947,0.03361,0.01853,0.03663,0.02453,0.02688,0.26324,0.02288,0.27327,0.06786,0.05330,0.05317,0.06850
0.01971,0.00734,0.03918,0.00855,0.02027,0.36186,0.33674,0.00694,0.03780,0.00767,0.01313,0.06449,0.00495,0.07135
0.12523,0.01657,0.27031,0.01980,0.05837,0.03810,0.03830,0.02812,0.22115,0.02306,0.01831,0.03594,0.07979,0.02695
0.11660,0.00520,0.09576,0.02196,0.01995,0.07004,0.04238,0.02466,0.08966,0.03025,0.16499,0.19413,0.10483,0.01959
0.01448,0.15388,0.06128,0.15721,0.01371,0.05047,0.03090,0.15772,0.03160,0.17136,0.02364,0.03455,0.01836,0.08085
0.01622,0.01118,0.01906,0.02963,0.06246,0.27611,0.21248,0.07323,0.02418,0.07798,0.04834,0.06801,0.00860,0.07253
0.09422,0.06512,0.02810,0.06445,0.03647,0.18915,0.17785,0.08640,0.03305,0.10198,0.03937,0.02926,0.03279,0.02178
0.03746,0.05413,0.04172,0.07112,0.02277,0.11921,0.11498,0.03817,0.02361,0.03135,0.17729,0.04286,0.20421,0.02114
0.02670,0.02166,0.03654,0.03886,0.03509,0.24171,0.22300,0.05860,0.01089,0.04824,0.01670,0.10880,0.00968,0.12353
0.04580,0.00869,0.06321,0.02099,0.04956,0.18394,0.15102,0.11288,0.05481,0.12591,0.03410,0.06568,0.01572,0.06769
0.05545,0.02399,0.01617,0.22050,0.02917,0.32930,0.16049,0.03106,0.01358,0.02330,0.02541,0.02890,0.00535,0.03730
0.07703,0.03644,0.11320,0.03649,0.13027,0.06071,0.08345,0.09514,0.04044,0.07325,0.03606,0.17045,0.02556,0.02152
0.02218,0.02834,0.00892,0.00806,0.01001,0.18044,0.18044,0.02319,0.01814,0.01836,0.04331,0.18771,0.06308,0.20784
0.04294,0.01163,0.02264,0.00925,0.03214,0.27452,0.28127,0.02895,0.03649,0.02252,0.02261,0.11975,0.00813,0.08718
0.27577,0.01587,0.01631,0.01988,0.02138,0.03502,0.24855,0.03170,0.01598,0.03389,0.02637,0.13179,0.02155,0.10595
0.02837,0.18415,0.04188,0.22380,0.02509,0.16346,0.10401,0.04610,0.03479,0.05309,0.02002,0.02392,0.00969,0.04164
0.08115,0.01270,0.02785,0.02025,0.01481,0.28008,0.28270,0.08380,0.02966,0.08577,0.01713,0.02521,0.01550,0.02339
0.05064,0.04088,0.04642,0.03320,0.06669,0.23952,0.21844,0.03635,0.10116,0.01985,0.02461,0.05343,0.01743,0.05139
0.01684,0.05589,0.03795,0.06291,0.01944,0.08753,0.06915,0.09342,0.02218,0.10064,0.05278,0.12169,0.01032,0.24928
0.03282,0.17152,0.01708,0.18026,0.03332,0.23003,0.21070,0.02109,0.01724,0.02009,0.02459,0.01553,0.01083,0.01490
0.00804,0.01346,0.01221,0.01796,0.01122,0.06852,0.06681,0.11133,0.00801,0.10364,0.00946,0.27354,0.00505,0.29075
0.01552,0.00421,0.01271,0.00515,0.01181,0.41320,0.38792,0.01817,0.01295,0.01438,0.02081,0.03876,0.01588,0.02854
0.01625,0.00893,0.01078,0.01196,0.02299,0.36997,0.34436,0.03937,0.01290,0.04088,0.02496,0.04258,0.01335,0.04074
0.02409,0.03908,0.04723,0.19900,0.01741,0.28821,0.11067,0.04708,0.01257,0.05754,0.00962,0.10156,0.01077,0.03517
0.01177,0.00639,0.07809,0.00976,0.06911,0.15894,0.14609,0.03589,0.00886,0.03205,0.01232,0.20510,0.00839,0.21723
0.08769,0.13373,0.05524,0.12390,0.05282,0.11894,0.11005,0.04237,0.08750,0.02719,0.02612,0.06603,0.01523,0.05320
0.02024,0.04653,0.01022,0.01758,0.00910,0.17140,0.16360,0.01719,0.01218,0.01214,0.00992,0.22829,0.02629,0.25534
0.06023,0.01796,0.02578,0.04309,0.03182,0.19467,0.19348,0.04777,0.01517,0.04017,0.08980,0.04913,0.12544,0.06551
0.09752,0.00736,0.02804,0.01188,0.01851,0.23074,0.23524,0.08047,0.03374,0.06631,0.05838,0.04907,0.05973,0.02300
0.02380,0.21132,0.02098,0.21093,0.01352,0.15583,0.14540,0.05551,0.01120,0.04677,0.02715,0.03100,0.03146,0.01513
0.01776,0.02944,0.01567,0.03040,0.01307,0.10456,0.09217,0.03003,0.02428,0.03339,0.01714,0.28290,0.01505,0.29414
0.02929,0.12708,0.01112,0.11620,0.09661,0.17550,0.16056,0.04835,0.01508,0.04657,0.08199,0.03489,0.01697,0.03978
0.14567,0.01049,0.02478,0.00954,0.02599,0.04900,0.05172,0.17841,0.19132,0.13267,0.01269,0.06941,0.00720,0.09112
0.02839,0.01339,0.01254,0.01659,0.01251,0.09017,0.08255,0.30689,0.01721,0.31431,0.02832,0.02554,0.02942,0.02218
0.02445,0.03976,0.06078,0.02186,0.02616,0.23921,0.23630,0.03780,0.03552,0.03352,0.02863,0.10918,0.02917,0.07766
0.01827,0.01172,0.01540,0.01303,0.02566,0.25378,0.24432,0.07621,0.01223,0.07441,0.09795,0.02639,0.07909,0.05154
0.01175,0.04044,0.10012,0.05046,0.11518,0.18879,0.15387,0.05386,0.01359,0.05199,0.06416,0.09372,0.02229,0.03975
0.03922,0.00671,0.09336,0.01025,0.01355,0.05545,0.05662,0.08402,0.07984,0.07180,0.01186,0.21774,0.01736,0.24222
0.03530,0.06090,0.02540,0.06543,0.13152,0.25505,0.18612,0.01897,0.01263,0.01640,0.12616,0.02583,0.02370,0.01659
0.16353,0.00486,0.01963,0.01046,0.02053,0.05288,0.07300,0.02257,0.01523,0.03136,0.04591,0.34264,0.06043,0.13698
0.06808,0.00725,0.07757,0.01294,0.01448,0.25826,0.23477,0.04559,0.10137,0.03192,0.02800,0.02805,0.05563,0.03611
0.02525,0.01350,0.04937,0.01689,0.03800,0.02367,0.02514,0.29975,0.02130,0.30156,0.02865,0.05699,0.03550,0.06443
0.26208,0.00595,0.00898,0.00869,0.01104,0.18985,0.36283,0.01570,0.01031,0.01182,0.01111,0.04375,0.04143,0.01646
0.01100,0.00947,0.01420,0.03063,0.01219,0.37805,0.33839,0.06806,0.00870,0.06069,0.00805,0.01764,0.00916,0.03377
0.11977,0.02057,0.05496,0.01106,0.01998,0.11071,0.10787,0.15321,0.08146,0.12944,0.02214,0.05139,0.05778,0.05966
0.01463,0.01524,0.00789,0.00900,0.29316,0.02805,0.02961,0.02422,0.01000,0.02441,0.31293,0.10105,0.02075,0.10906
0.01326,0.15884,0.01023,0.14360,0.01265,0.04027,0.03594,0.24391,0.01157,0.24765,0.00998,0.03111,0.01198,0.02902
0.03222,0.01621,0.04141,0.01579,0.01182,0.12440,0.11875,0.14007,0.03121,0.13867,0.12675,0.02573,0.14648,0.03049
0.09753,0.01012,0.02577,0.01336,0.01485,0.02921,0.05291,0.23394,0.03161,0.23805,0.00692,0.09902,0.03935,0.10736
0.15177,0.00907,0.02004,0.01805,0.03143,0.10397,0.11461,0.03070,0.02885,0.02224,0.02377,0.31196,0.01098,0.12255
0.03852,0.05335,0.09395,0.02991,0.04214,0.09386,0.09580,0.01818,0.03866,0.02099,0.10589,0.06937,0.02608,0.27331
0.02173,0.01022,0.01197,0.01153,0.01843,0.04833,0.04779,0.11429,0.01637,0.10570,0.02502,0.28791,0.01283,0.26788
0.04138,0.00474,0.19650,0.00679,0.19715,0.16591,0.16363,0.05014,0.01048,0.03841,0.02976,0.04270,0.01904,0.03337
0.01452,0.12564,0.01758,0.12732,0.01832,0.26115,0.24130,0.03346,0.01270,0.02959,0.03799,0.03082,0.01665,0.03295
0.24692,0.02273,0.01704,0.01512,0.07777,0.01579,0.02875,0.11327,0.30608,0.04894,0.02393,0.03360,0.00816,0.04191
0.06100,0.02519,0.02555,0.02926,0.05096,0.14522,0.13957,0.09807,0.01398,0.08873,0.04180,0.12377,0.04174,0.11515
0.02683,0.01970,0.06764,0.01739,0.25463,0.05812,0.05613,0.07023,0.01917,0.06580,0.21394,0.07991,0.02758,0.02293
0.02122,0.15850,0.02989,0.17907,0.04712,0.08139,0.05013,0.16117,0.03036,0.13951,0.00811,0.02728,0.02893,0.03732
0.02082,0.22832,0.03519,0.23567,0.02093,0.15503,0.14602,0.01734,0.03008,0.01235,0.00896,0.03248,0.01434,0.04247
0.05550,0.15530,0.01851,0.26412,0.00879,0.15420,0.03026,0.01665,0.01068,0.01360,0.00651,0.09419,0.07738,0.09432
0.08778,0.00397,0.01414,0.29250,0.00768,0.38402,0.14273,0.01062,0.00694,0.00968,0.00747,0.01544,0.00534,0.01169
0.03198,0.01256,0.03493,0.02189,0.02734,0.16092,0.14405,0.16074,0.04578,0.15799,0.01895,0.11347,0.01208,0.05733
0.04606,0.03617,0.01804,0.03914,0.02141,0.01605,0.04670,0.28257,0.02474,0.26166,0.01364,0.09487,0.00840,0.09053
0.03918,0.00541,0.07225,0.00969,0.04613,0.02367,0.02160,0.02395,0.11303,0.03807,0.02792,0.27021,0.00833,0.30058
0.05108,0.15743,0.02557,0.18142,0.02100,0.17573,0.13889,0.02920,0.01210,0.02317,0.04519,0.04443,0.07059,0.02421
0.01496,0.00814,0.21654,0.01071,0.00952,0.16394,0.15338,0.01806,0.20434,0.01771,0.01254,0.07456,0.01309,0.08252
0.02864,0.02034,0.04212,0.04072,0.09254,0.06799,0.04342,0.04633,0.02036,0.05651,0.11411,0.15092,0.01188,0.26415
0.02677,0.02888,0.03434,0.03401,0.02885,0.22137,0.19665,0.09075,0.02553,0.07582,0.01577,0.11786,0.01987,0.08353
0.15207,0.01051,0.03756,0.08512,0.07933,0.12625,0.06356,0.09282,0.18398,0.05905,0.02443,0.05594,0.00856,0.02084
0.16451,0.03340,0.02443,0.03841,0.01745,0.23431,0.32405,0.03041,0.02740,0.02910,0.01275,0.02300,0.01919,0.02161
0.01145,0.00478,0.01960,0.00985,0.00549,0.43320,0.41070,0.00560,0.02450,0.00493,0.00608,0.02652,0.00606,0.03125
0.01828,0.02647,0.03735,0.02475,0.02900,0.16790,0.15486,0.05563,0.02098,0.04746,0.13290,0.08784,0.11841,0.07817
0.03307,0.00780,0.10348,0.00904,0.02720,0.06705,0.07363,0.11231,0.07548,0.10695,0.00592,0.20919,0.00485,0.16403
0.02223,0.02347,0.01812,0.03189,0.02333,0.28635,0.24195,0.09585,0.01102,0.10033,0.01815,0.05236,0.01677,0.05818
0.21756,0.02092,0.06265,0.01513,0.03509,0.03492,0.02778,0.05815,0.04952,0.06171,0.04918,0.05536,0.19726,0.11479
0.08780,0.01037,0.07161,0.04542,0.05620,0.19193,0.21189,0.02188,0.00803,0.02189,0.00939,0.12393,0.01706,0.12260
0.02598,0.03326,0.01639,0.02783,0.26924,0.02750,0.02704,0.04141,0.01640,0.03887,0.28482,0.08376,0.01627,0.09125
0.21717,0.01342,0.06028,0.01041,0.04995,0.03054,0.02491,0.13066,0.33543,0.05509,0.01460,0.02460,0.01519,0.01774
0.01651,0.01451,0.11615,0.01005,0.02010,0.18743,0.17962,0.11825,0.10382,0.12320,0.01699,0.05072,0.01659,0.02606
0.03181,0.14368,0.04334,0.15181,0.03249,0.18347,0.17722,0.03068,0.03676,0.03061,0.04236,0.01876,0.03198,0.04501
0.05422,0.15473,0.03042,0.14505,0.05421,0.16648,0.17377,0.03230,0.03033,0.03517,0.02831,0.04522,0.01874,0.03104
0.02755,0.01907,0.02320,0.03344,0.01845,0.03708,0.02962,0.34393,0.02252,0.31830,0.02755,0.03873,0.02348,0.03709
0.02481,0.08398,0.01917,0.09052,0.12875,0.15342,0.13290,0.03106,0.02413,0.02998,0.12376,0.06667,0.01332,0.07752
0.09049,0.01180,0.03254,0.01852,0.02951,0.08014,0.08544,0.07506,0.01253,0.07240,0.04293,0.25035,0.02902,0.16926
0.01785,0.04806,0.01056,0.03012,0.01924,0.06623,0.06894,0.01170,0.01094,0.01369,0.11457,0.20980,0.14848,0.22982
0.04587,0.00827,0.04167,0.24280,0.02393,0.36492,0.12115,0.02478,0.01853,0.02504,0.00948,0.03455,0.00967,0.02935
0.11067,0.00549,0.02453,0.00884,0.02021,0.12073,0.16951,0.01702,0.01063,0.01533,0.01203,0.27802,0.01002,0.19698
0.03059,0.01007,0.13536,0.01286,0.07593,0.20076,0.20507,0.03357,0.04643,0.03376,0.00911,0.09925,0.01056,0.09668
0.13318,0.02145,0.02965,0.02930,0.05872,0.19690,0.18372,0.05248,0.13795,0.04129,0.03204,0.03042,0.01303,0.03985
0.11330,0.01531,0.03405,0.03749,0.01959,0.21204,0.23249,0.10696,0.01318,0.13170,0.01198,0.03523,0.01068,0.02602
0.04044,0.01277,0.02003,0.04733,0.01647,0.29709,0.21289,0.11229,0.02853,0.12559,0.01756,0.02873,0.01018,0.03010
0.03706,0.01738,0.03298,0.03009,0.02922,0.22398,0.19827,0.12086,0.02012,0.12890,0.03866,0.06384,0.02243,0.03620
0.08187,0.01257,0.28102,0.01891,0.01623,0.04469,0.04096,0.02142,0.26906,0.02195,0.01280,0.08656,0.01516,0.07680
0.01702,0.02794,0.02538,0.05231,0.01525,0.11763,0.06956,0.01483,0.00812,0.01637,0.00501,0.30389,0.00986,0.31682
0.06891,0.01388,0.02194,0.03634,0.03373,0.16516,0.19709,0.09466,0.02397,0.08774,0.02507,0.09839,0.03032,0.10281
0.05459,0.00957,0.08983,0.01467,0.03246,0.21076,0.19832,0.08182,0.10751,0.06212,0.02560,0.07286,0.00970,0.03019
0.18457,0.00949,0.02427,0.01747,0.02981,0.21058,0.28078,0.02105,0.03065,0.02188,0.03359,0.09230,0.00745,0.03611
0.17315,0.02800,0.03721,0.03708,0.03798,0.10463,0.19915,0.01749,0.04000,0.01433,0.01054,0.13713,0.01739,0.14593
0.02298,0.12406,0.01652,0.11075,0.06406,0.16086,0.10744,0.06381,0.02014,0.06330,0.09898,0.03493,0.02728,0.08488
0.03221,0.01374,0.03216,0.02105,0.01520,0.07717,0.05649,0.13733,0.03071,0.13076,0.06318,0.17677,0.03618,0.17705
0.12089,0.00979,0.12656,0.00652,0.02555,0.13765,0.13048,0.02530,0.17336,0.01493,0.02483,0.07711,0.08258,0.04444
0.08816,0.01779,0.03939,0.01414,0.02037,0.28837,0.27162,0.01240,0.09458,0.00975,0.02269,0.05273,0.01961,0.04840
0.00922,0.01693,0.00940,0.03105,0.00761,0.14791,0.12803,0.06818,0.00952,0.06349,0.16592,0.08466,0.17070,0.08740
0.18138,0.01890,0.05284,0.02414,0.03540,0.04494,0.02951,0.01086,0.01458,0.00822,0.00811,0.19423,0.17710,0.19979
0.24923,0.00731,0.01418,0.01758,0.00543,0.20812,0.40058,0.01500,0.01811,0.01441,0.00888,0.01709,0.00951,0.01459
0.02058,0.03145,0.02041,0.01637,0.02815,0.02603,0.02340,0.10448,0.01862,0.09117,0.01711,0.28281,0.01243,0.30700
0.09508,0.01802,0.09000,0.09753,0.01832,0.19480,0.21693,0.01491,0.04245,0.01476,0.00770,0.03379,0.04618,0.10953
0.02113,0.01703,0.02804,0.01584,0.04620,0.20455,0.18974,0.08535,0.02152,0.05952,0.03081,0.13769,0.01582,0.12676
0.01532,0.01035,0.13539,0.03874,0.13793,0.03675,0.02243,0.06293,0.01424,0.04872,0.01300,0.21993,0.01233,0.23192
0.05274,0.01132,0.02142,0.03866,0.01673,0.27200,0.23563,0.10620,0.01769,0.09798,0.03212,0.04080,0.02233,0.03437
0.06666,0.20587,0.01303,0.12877,0.01649,0.14178,0.20173,0.01811,0.03612,0.01154,0.01235,0.03272,0.06787,0.04697
0.04009,0.00911,0.01925,0.01115,0.01536,0.38254,0.36463,0.03201,0.01455,0.02991,0.01140,0.03437,0.01118,0.02446
0.09585,0.00760,0.02557,0.02294,0.01324,0.15288,0.13925,0.17473,0.02886,0.17473,0.01121,0.10051,0.02434,0.02828
0.01365,0.03626,0.01368,0.10934,0.06553,0.10012,0.02797,0.05398,0.01270,0.04783,0.05706,0.22283,0.01104,0.22802
0.03542,0.00603,0.04221,0.01059,0.01654,0.12775,0.11634,0.09950,0.03562,0.10017,0.02488,0.16872,0.01727,0.19896
0.07718,0.01978,0.01755,0.07772,0.02857,0.22667,0.19830,0.06434,0.02259,0.06251,0.04749,0.06809,0.00742,0.08180
0.04354,0.02163,0.06930,0.02395,0.01230,0.03354,0.02298,0.08158,0.08492,0.08022,0.22649,0.03241,0.24511,0.02203
0.01926,0.06563,0.02073,0.33970,0.02903,0.32059,0.01995,0.01773,0.01735,0.01614,0.02044,0.04434,0.01627,0.05284
0.03968,0.01058,0.01325,0.02558,0.04210,0.28354,0.26000,0.12046,0.01411,0.12419,0.02960,0.01413,0.00476,0.01801
0.07880,0.01259,0.08359,0.01679,0.01058,0.13863,0.14135,0.02952,0.08614,0.01980,0.01117,0.16229,0.03880,0.16993
0.08746,0.01527,0.04286,0.02459,0.02388,0.17165,0.13923,0.15152,0.12559,0.12886,0.02174,0.02859,0.01772,0.02104
0.03031,0.03143,0.02201,0.15711,0.01493,0.20029,0.05411,0.17610,0.00705,0.17889,0.01512,0.03909,0.03210,0.04145
0.22278,0.01657,0.03503,0.02551,0.04206,0.12460,0.25127,0.04868,0.04489,0.05094,0.02788,0.04464,0.02854,0.03661
0.01773,0.01823,0.01403,0.02299,0.01993,0.08334,0.06198,0.32155,0.01292,0.30923,0.02380,0.04063,0.01283,0.04081
0.05218,0.24215,0.12239,0.22154,0.09910,0.02547,0.02561,0.01815,0.02759,0.01714,0.01281,0.04644,0.03498,0.05446
0.05510,0.01591,0.08191,0.10012,0.11671,0.13702,0.06798,0.01983,0.04223,0.01900,0.14739,0.05989,0.01357,0.12333
0.02785,0.00587,0.12696,0.00861,0.08908,0.22104,0.22992,0.02726,0.01463,0.02259,0.02143,0.14416,0.01333,0.04726
0.03514,0.05174,0.03411,0.01957,0.02764,0.24417,0.24335,0.06904,0.02603,0.05293,0.01405,0.09594,0.01603,0.07028
0.10945,0.03904,0.04775,0.13599,0.02497,0.17285,0.12301,0.03877,0.04381,0.04006,0.04674,0.05409,0.06573,0.05773
0.05618,0.04005,0.02865,0.24626,0.03154,0.28257,0.06271,0.01975,0.02034,0.01855,0.01691,0.09688,0.05215,0.02746
0.04069,0.04402,0.29592,0.03199,0.00924,0.04910,0.04146,0.02197,0.28568,0.01949,0.01056,0.05500,0.02754,0.06733
0.02660,0.03018,0.02627,0.02734,0.01131,0.36029,0.34869,0.02423,0.03371,0.01913,0.01857,0.01600,0.01246,0.04523
0.02248,0.01146,0.05555,0.01746,0.05181,0.02816,0.02442,0.30031,0.02774,0.29369,0.01022,0.07483,0.01141,0.07046
0.07273,0.01321,0.03826,0.01501,0.03260,0.07816,0.09013,0.14447,0.02449,0.13845,0.11543,0.12707,0.08323,0.02676
0.11361,0.00937,0.07207,0.01358,0.02432,0.07910,0.09466,0.14884,0.05367,0.15639,0.01888,0.13716,0.01997,0.05838
0.14860,0.02003,0.05525,0.04736,0.01208,0.06243,0.05071,0.19669,0.06392,0.20690,0.00858,0.01994,0.09480,0.01270
0.04851,0.00550,0.01057,0.00900,0.01638,0.25334,0.23483,0.11882,0.01110,0.12259,0.02078,0.07249,0.01097,0.06513
0.05246,0.01893,0.11679,0.02413,0.12683,0.21296,0.17780,0.05023,0.02669,0.04925,0.02037,0.05458,0.01765,0.05134
0.03096,0.01046,0.24437,0.03558,0.03503,0.10336,0.04779,0.02827,0.22001,0.02544,0.02642,0.09082,0.01825,0.08324
0.04450,0.02070,0.10755,0.03138,0.12307,0.17027,0.15619,0.07333,0.04608,0.05537,0.04313,0.07782,0.02239,0.02823
0.05339,0.02151,0.03241,0.03425,0.11169,0.08518,0.06334,0.03123,0.02196,0.03778,0.17633,0.06742,0.02571,0.23778
0.06551,0.01158,0.01785,0.03325,0.11111,0.13500,0.10001,0.08460,0.03878,0.09484,0.12102,0.09660,0.01066,0.07919
0.04894,0.01651,0.02156,0.04422,0.03837,0.30483,0.25838,0.03736,0.02193,0.03119,0.02928,0.06757,0.01404,0.06581
0.08180,0.00697,0.05444,0.01153,0.04815,0.07303,0.10603,0.02817,0.01947,0.02848,0.01130,0.25368,0.02521,0.25173
0.09306,0.03950,0.01180,0.13009,0.01387,0.28035,0.21674,0.01889,0.01544,0.02092,0.02383,0.07528,0.02327,0.03697
0.04370,0.01131,0.25206,0.01039,0.22062,0.17067,0.16038,0.02666,0.03034,0.01770,0.00887,0.02300,0.01032,0.01397
0.03966,0.02277,0.07445,0.01146,0.03379,0.09717,0.08527,0.06453,0.10231,0.05221,0.13417,0.05843,0.13145,0.09232
0.10222,0.02185,0.03861,0.01960,0.11721,0.11304,0.11561,0.07008,0.08496,0.06330,0.14395,0.04315,0.01351,0.05292
0.08050,0.00900,0.09033,0.01122,0.07503,0.28707,0.27430,0.02379,0.02286,0.02557,0.01537,0.04574,0.01520,0.02401
0.25024,0.02070,0.07691,0.02037,0.02138,0.05833,0.03789,0.04083,0.11453,0.03051,0.02127,0.03879,0.21531,0.05292
0.20591,0.00817,0.01307,0.01706,0.01612,0.02964,0.20670,0.09523,0.01964,0.09670,0.01663,0.12543,0.01029,0.13942
0.02402,0.04639,0.01539,0.07841,0.01461,0.25734,0.23334,0.11619,0.01947,0.10738,0.01291,0.02927,0.01547,0.02981
