0.22572,0.04020,0.07039,0.07184,0.02770,0.05369,0.04356,0.08131,0.02636,0.02446,0.04222,0.02685,0.03552,0.03581,0.02281,0.03127,0.05714,0.02282,0.02603,0.03430
0.08098,0.08976,0.10507,0.06762,0.03003,0.02615,0.11935,0.08145,0.04226,0.01579,0.08061,0.01768,0.02918,0.04222,0.02069,0.02344,0.06011,0.02293,0.01875,0.02594
0.03574,0.04075,0.06165,0.06233,0.19550,0.03467,0.09886,0.08848,0.02607,0.04825,0.07855,0.02226,0.02201,0.03287,0.02799,0.02769,0.02570,0.01310,0.02339,0.03415
0.06682,0.02529,0.01683,0.02275,0.05441,0.20394,0.02727,0.03950,0.02950,0.10711,0.04738,0.04573,0.04029,0.03216,0.03944,0.02953,0.02207,0.01565,0.04616,0.08815
0.03609,0.03328,0.04236,0.08308,0.23674,0.06103,0.06957,0.04078,0.02647,0.06609,0.08495,0.01465,0.04705,0.02202,0.02553,0.02171,0.01636,0.01202,0.02549,0.03472
0.03453,0.11475,0.02893,0.03511,0.08519,0.03702,0.17748,0.03839,0.02697,0.03988,0.16366,0.02577,0.02985,0.02052,0.02931,0.02080,0.02152,0.02201,0.02057,0.02773
0.03764,0.17092,0.02170,0.02110,0.11380,0.02082,0.05929,0.08256,0.03388,0.02470,0.04751,0.04379,0.03657,0.03018,0.03183,0.04895,0.06339,0.05404,0.02188,0.03545
0.02127,0.03798,0.04649,0.04999,0.26488,0.02232,0.21997,0.03508,0.01275,0.02610,0.12553,0.01565,0.01707,0.01428,0.02166,0.01427,0.01490,0.01041,0.01148,0.01791
0.11982,0.08580,0.11349,0.10443,0.05463,0.02640,0.01754,0.11630,0.05621,0.02201,0.01943,0.01507,0.02022,0.06698,0.02127,0.02482,0.04932,0.01615,0.01893,0.03119
0.07121,0.08051,0.03750,0.04057,0.07780,0.12631,0.04882,0.08296,0.04524,0.05162,0.05800,0.03115,0.03392,0.02217,0.03984,0.03472,0.02693,0.03174,0.02865,0.03035
0.04223,0.03541,0.28230,0.16629,0.01996,0.03704,0.08840,0.02859,0.01908,0.02188,0.08076,0.01522,0.02805,0.01931,0.01835,0.01654,0.02241,0.02017,0.01642,0.02159
0.04272,0.02598,0.10948,0.20377,0.01667,0.05143,0.03463,0.02332,0.03355,0.04813,0.03436,0.04142,0.06552,0.03454,0.03899,0.02532,0.02968,0.03278,0.05051,0.05720
0.03166,0.03329,0.02920,0.04351,0.05422,0.08576,0.20167,0.03205,0.02959,0.06620,0.09489,0.03669,0.05280,0.02377,0.03114,0.02720,0.02230,0.02400,0.03204,0.04802
0.03984,0.01743,0.20930,0.28372,0.01659,0.04493,0.01899,0.02149,0.02251,0.03603,0.02016,0.03301,0.03566,0.03823,0.02418,0.01712,0.02290,0.01542,0.03387,0.04862
0.18102,0.04377,0.02716,0.03320,0.05218,0.17493,0.01831,0.05495,0.02514,0.05963,0.02704,0.02864,0.03467,0.03153,0.03228,0.02979,0.03438,0.01936,0.03066,0.06136
0.02954,0.03317,0.02459,0.02726,0.04178,0.02673,0.47926,0.02397,0.01981,0.01959,0.11222,0.01660,0.01772,0.02877,0.01748,0.01446,0.01836,0.01271,0.01677,0.01922
0.04011,0.05133,0.04413,0.06481,0.06555,0.03898,0.01890,0.05218,0.08237,0.06278,0.04009,0.04996,0.05907,0.03244,0.05362,0.03096,0.03588,0.02474,0.08699,0.06511
0.04260,0.03433,0.14005,0.25013,0.03318,0.03150,0.04826,0.04775,0.03034,0.03884,0.04845,0.01963,0.04469,0.02568,0.03570,0.02714,0.02492,0.01853,0.02635,0.03192
0.02384,0.04115,0.11305,0.13222,0.02170,0.05673,0.08419,0.02810,0.02100,0.12179,0.08945,0.03044,0.04387,0.02715,0.03806,0.02138,0.01738,0.02525,0.02312,0.04014
0.04369,0.05383,0.07650,0.11342,0.02806,0.02674,0.03379,0.04577,0.05788,0.03339,0.04306,0.03706,0.04199,0.05735,0.03422,0.02748,0.08313,0.07786,0.03076,0.05401
0.02883,0.03088,0.02993,0.05080,0.02635,0.04007,0.18605,0.02092,0.03703,0.03624,0.23949,0.02304,0.04510,0.03219,0.02968,0.01750,0.01977,0.02676,0.04400,0.03538
0.09000,0.05257,0.03597,0.04387,0.05857,0.04548,0.03929,0.12057,0.08976,0.02266,0.05288,0.02181,0.03029,0.07006,0.02534,0.03717,0.05216,0.02331,0.03848,0.04978
0.08732,0.03681,0.24969,0.18867,0.02763,0.03392,0.02769,0.04055,0.02782,0.02503,0.02621,0.01883,0.03127,0.04084,0.02124,0.02136,0.03056,0.01689,0.02268,0.02500
0.10954,0.03147,0.02660,0.02870,0.02336,0.36263,0.02365,0.04974,0.01953,0.05527,0.03211,0.02242,0.04031,0.02438,0.02146,0.03125,0.02580,0.01566,0.01966,0.03644
0.03572,0.03281,0.16443,0.24867,0.03842,0.03597,0.01527,0.02949,0.04094,0.05077,0.02189,0.02394,0.03816,0.03169,0.04527,0.01956,0.02565,0.01398,0.03663,0.05072
0.03784,0.05052,0.02195,0.03514,0.12834,0.08215,0.10470,0.04039,0.04250,0.06660,0.12386,0.02030,0.03988,0.02640,0.02329,0.02869,0.01937,0.01821,0.04616,0.04368
0.02319,0.04988,0.19206,0.19238,0.05683,0.02114,0.06571,0.06546,0.02844,0.02664,0.06695,0.01982,0.02988,0.02547,0.02459,0.02469,0.02712,0.01860,0.01642,0.02473
0.02570,0.02456,0.29512,0.29585,0.02260,0.01917,0.02876,0.03532,0.02267,0.02010,0.04621,0.01432,0.02166,0.02077,0.01814,0.01657,0.02335,0.01248,0.01616,0.02049
0.03712,0.03385,0.07154,0.16288,0.02689,0.03138,0.02700,0.05217,0.08702,0.03726,0.05131,0.02939,0.07275,0.03849,0.02797,0.03409,0.04026,0.02237,0.06312,0.05317
0.02691,0.03316,0.01685,0.02021,0.03302,0.45129,0.04897,0.01633,0.02427,0.05824,0.03867,0.02877,0.03193,0.01594,0.03072,0.02210,0.01557,0.02051,0.03268,0.03385
0.14407,0.03517,0.02509,0.04194,0.04153,0.06572,0.01778,0.06845,0.06701,0.02604,0.02723,0.02680,0.03470,0.06549,0.02240,0.03864,0.05234,0.02177,0.05415,0.12368
0.03528,0.03550,0.09837,0.19183,0.02184,0.02496,0.07479,0.02849,0.02763,0.03963,0.12162,0.02356,0.05046,0.03864,0.03254,0.02123,0.03858,0.02988,0.03023,0.03493
0.03043,0.04845,0.01874,0.02742,0.03929,0.02310,0.28119,0.04205,0.02705,0.01996,0.23669,0.01953,0.02370,0.02053,0.01980,0.02193,0.02737,0.02542,0.02047,0.02688
0.09702,0.03800,0.08259,0.05904,0.04519,0.13551,0.02871,0.04779,0.02637,0.06064,0.03254,0.05027,0.05205,0.03617,0.03545,0.03344,0.04077,0.01900,0.03158,0.04787
0.18403,0.02394,0.06164,0.07064,0.01476,0.08393,0.04917,0.04837,0.04918,0.03619,0.08201,0.01770,0.03592,0.06770,0.02253,0.02485,0.03014,0.01304,0.04154,0.04272
0.03070,0.08871,0.03410,0.05050,0.07087,0.03286,0.14054,0.04011,0.04081,0.02696,0.17267,0.02804,0.02964,0.02459,0.02418,0.03499,0.02371,0.03496,0.03329,0.03777
0.04292,0.05450,0.02386,0.03261,0.11553,0.03846,0.18004,0.05706,0.03205,0.03211,0.16846,0.01900,0.02290,0.03086,0.02669,0.02356,0.02613,0.01490,0.02277,0.03561
0.07239,0.04252,0.03003,0.03567,0.06284,0.21446,0.04319,0.02158,0.02504,0.09259,0.03674,0.04423,0.02804,0.03735,0.04469,0.02491,0.01938,0.02353,0.04410,0.05671
0.39785,0.05947,0.02191,0.02149,0.02635,0.08312,0.03481,0.03468,0.02472,0.02651,0.02969,0.02354,0.02958,0.03120,0.01871,0.02325,0.03409,0.02504,0.02219,0.03181
0.10682,0.03358,0.04175,0.04863,0.02235,0.16411,0.04446,0.03500,0.03304,0.07203,0.06275,0.03391,0.05083,0.03421,0.04426,0.02367,0.02753,0.02370,0.03698,0.06039
0.15168,0.03263,0.22326,0.12299,0.01798,0.06501,0.02092,0.03749,0.03041,0.02375,0.02343,0.01971,0.04466,0.02474,0.02068,0.02495,0.03957,0.02007,0.02464,0.03143
0.11169,0.04201,0.03049,0.03156,0.03702,0.14929,0.04631,0.03211,0.03346,0.03858,0.04096,0.04739,0.04219,0.04639,0.02566,0.03964,0.04226,0.03532,0.05585,0.07182
0.12028,0.03112,0.14103,0.13959,0.02021,0.04181,0.02952,0.04686,0.04624,0.02634,0.03224,0.01773,0.03534,0.08456,0.02318,0.02438,0.04706,0.01627,0.03172,0.04453
0.07752,0.06745,0.24791,0.12196,0.02922,0.02102,0.02272,0.09135,0.02595,0.02130,0.02834,0.01912,0.03088,0.02655,0.02199,0.02097,0.06582,0.02307,0.01549,0.02138
0.07581,0.01606,0.03271,0.03210,0.01204,0.47574,0.04654,0.01923,0.01476,0.03864,0.04008,0.02132,0.03118,0.02117,0.02038,0.01467,0.01772,0.01396,0.02463,0.03124
0.02704,0.10379,0.02427,0.04032,0.02564,0.02045,0.13989,0.03151,0.04020,0.02369,0.20784,0.02721,0.03304,0.02821,0.02209,0.02492,0.04108,0.06640,0.03281,0.03959
0.15829,0.07479,0.14846,0.07264,0.03288,0.02987,0.03750,0.08210,0.04186,0.01800,0.03280,0.01881,0.03449,0.03995,0.02118,0.02504,0.06178,0.02649,0.02011,0.02298
0.03700,0.02901,0.04409,0.06540,0.02455,0.04200,0.07356,0.02560,0.02441,0.09115,0.06549,0.07656,0.05287,0.04949,0.05016,0.02196,0.02786,0.02273,0.05861,0.11749
0.05565,0.06704,0.05009,0.06742,0.11556,0.04093,0.02632,0.10204,0.03921,0.03918,0.02428,0.03546,0.04032,0.03801,0.02748,0.04627,0.06080,0.03307,0.03367,0.05721
0.03178,0.01888,0.10532,0.35144,0.02818,0.02403,0.01295,0.04088,0.08705,0.02476,0.01859,0.02103,0.02566,0.05142,0.02004,0.01814,0.02489,0.01447,0.03430,0.04619
0.08107,0.08089,0.18781,0.10150,0.05188,0.02206,0.05020,0.06957,0.02681,0.01924,0.04251,0.01824,0.02974,0.04309,0.02210,0.02391,0.06045,0.01727,0.02006,0.03160
0.02055,0.01801,0.33678,0.25849,0.02682,0.01544,0.01250,0.03651,0.05340,0.01491,0.01403,0.02498,0.02076,0.02385,0.02166,0.01767,0.02314,0.01457,0.02096,0.02496
0.36018,0.03535,0.02206,0.02428,0.02857,0.14685,0.02470,0.03672,0.02516,0.04800,0.02767,0.01948,0.02204,0.03746,0.02016,0.01654,0.02521,0.01423,0.02250,0.04286
0.06294,0.01745,0.03805,0.03035,0.01773,0.36186,0.03490,0.02125,0.02463,0.05795,0.03569,0.03131,0.02672,0.05286,0.03368,0.01812,0.01835,0.01128,0.05548,0.04940
0.09585,0.03098,0.02281,0.02369,0.01895,0.39775,0.06857,0.03042,0.02515,0.02678,0.07699,0.01562,0.02374,0.02284,0.01363,0.01893,0.01876,0.01402,0.02157,0.03293
0.07548,0.04330,0.02953,0.04684,0.02352,0.20027,0.06694,0.03343,0.03918,0.03125,0.11285,0.02719,0.05019,0.02533,0.02713,0.02578,0.02464,0.03109,0.03901,0.04704
0.01865,0.05023,0.22214,0.22109,0.03631,0.01200,0.04935,0.04368,0.03054,0.02043,0.06149,0.01937,0.03752,0.02234,0.03178,0.02071,0.03395,0.03028,0.01678,0.02135
0.06341,0.05203,0.08167,0.11380,0.05157,0.03062,0.03050,0.06047,0.07646,0.03177,0.03824,0.02595,0.03279,0.07208,0.03412,0.02785,0.04854,0.03173,0.04821,0.04819
0.09944,0.04163,0.08227,0.08488,0.02336,0.03711,0.02990,0.04665,0.03275,0.04778,0.03628,0.02655,0.04261,0.11074,0.04371,0.02351,0.06445,0.01956,0.04213,0.06469
0.12793,0.07174,0.05027,0.04315,0.02297,0.25744,0.06456,0.03817,0.01797,0.02647,0.05237,0.03025,0.03603,0.01668,0.02271,0.02621,0.02519,0.02134,0.01951,0.02901
0.05715,0.04782,0.05569,0.07634,0.03038,0.02388,0.02003,0.08624,0.13756,0.02175,0.02799,0.02262,0.04560,0.06856,0.02201,0.03113,0.11344,0.03263,0.03115,0.04803
0.04036,0.46767,0.01603,0.01626,0.03258,0.01763,0.12309,0.04146,0.01555,0.01357,0.05561,0.01104,0.01806,0.01817,0.01429,0.01690,0.03285,0.02004,0.01188,0.01695
0.04140,0.03354,0.17387,0.28222,0.03352,0.02092,0.04868,0.05517,0.03339,0.01886,0.05704,0.01445,0.02957,0.02651,0.01843,0.02001,0.03008,0.01658,0.02009,0.02566
0.07826,0.04646,0.15938,0.13254,0.02635,0.12157,0.04150,0.02703,0.02396,0.05347,0.04142,0.02237,0.03473,0.02868,0.02318,0.02116,0.02390,0.02079,0.03021,0.04304
0.12530,0.05450,0.03204,0.04589,0.03750,0.13011,0.05364,0.06076,0.04127,0.03493,0.07277,0.02608,0.03486,0.02704,0.02302,0.04023,0.02240,0.02133,0.05157,0.06474
0.02456,0.11667,0.05227,0.07441,0.03493,0.01613,0.24841,0.03537,0.02357,0.02021,0.08384,0.03115,0.04091,0.01812,0.02383,0.01846,0.04079,0.05985,0.01454,0.02200
0.04692,0.04119,0.03412,0.05983,0.02525,0.04282,0.07416,0.02989,0.05052,0.03645,0.13253,0.03645,0.04799,0.06815,0.03083,0.02182,0.03770,0.04988,0.06396,0.06955
0.01920,0.02750,0.01239,0.01738,0.07121,0.04685,0.15629,0.02317,0.03074,0.09531,0.18902,0.04345,0.03129,0.02682,0.04507,0.01835,0.01579,0.02615,0.04226,0.06177
0.04285,0.02470,0.02804,0.04200,0.01629,0.09241,0.14246,0.02496,0.03002,0.05015,0.21946,0.02492,0.03949,0.02799,0.02390,0.02225,0.01864,0.01856,0.05381,0.05709
0.10388,0.02747,0.03409,0.04137,0.01726,0.34473,0.02278,0.02733,0.02465,0.04551,0.02772,0.03451,0.03471,0.03346,0.02503,0.02396,0.02629,0.02055,0.02999,0.05473
0.03551,0.05926,0.17247,0.24172,0.03110,0.02117,0.04168,0.07474,0.02868,0.02076,0.05374,0.01882,0.02899,0.02362,0.02137,0.02130,0.03505,0.02474,0.01779,0.02749
0.05806,0.02372,0.03041,0.04356,0.01667,0.22930,0.03671,0.02166,0.01661,0.13613,0.03421,0.05841,0.04658,0.03934,0.03358,0.02011,0.02416,0.01836,0.02845,0.08396
0.07331,0.05614,0.02228,0.02386,0.04849,0.26752,0.05108,0.02483,0.02065,0.10504,0.05177,0.03011,0.02961,0.03107,0.03204,0.02195,0.02290,0.02149,0.02505,0.04083
0.13217,0.06998,0.04254,0.03862,0.01992,0.13149,0.05780,0.03084,0.04586,0.03717,0.05889,0.02817,0.04423,0.04035,0.02995,0.03295,0.03928,0.03386,0.03698,0.04893
0.03821,0.02421,0.27247,0.30848,0.02131,0.02720,0.02131,0.03556,0.02770,0.01687,0.02594,0.01667,0.02734,0.02146,0.01488,0.01855,0.01902,0.01842,0.02167,0.02273
0.09507,0.02335,0.03147,0.02815,0.01040,0.44827,0.05217,0.01765,0.01796,0.02819,0.04542,0.01774,0.02994,0.02332,0.01703,0.01644,0.01866,0.01573,0.02932,0.03372
0.05266,0.02318,0.06458,0.06053,0.03002,0.21521,0.01877,0.03484,0.03732,0.08831,0.02321,0.04091,0.02768,0.04924,0.02972,0.02725,0.02229,0.01452,0.04598,0.09379
0.03326,0.02538,0.02361,0.03467,0.09051,0.05391,0.10534,0.03029,0.02943,0.07082,0.15055,0.02923,0.03292,0.03808,0.03283,0.02399,0.01882,0.01882,0.07785,0.07969
0.05882,0.03045,0.05078,0.05286,0.02207,0.28691,0.03332,0.02469,0.02714,0.07484,0.03876,0.03980,0.05248,0.02305,0.04022,0.02554,0.01737,0.01704,0.03751,0.04634
0.04312,0.03714,0.04124,0.05409,0.02995,0.05473,0.12275,0.05115,0.05664,0.03411,0.17646,0.02303,0.03615,0.03656,0.02499,0.03099,0.03029,0.02247,0.04038,0.05378
0.10893,0.02747,0.04911,0.04220,0.01924,0.27675,0.02976,0.02945,0.01201,0.10581,0.02416,0.03934,0.02618,0.04552,0.04219,0.01622,0.02442,0.01658,0.01933,0.04532
0.02382,0.03331,0.02072,0.02966,0.02915,0.02166,0.28240,0.02111,0.02139,0.02060,0.32580,0.01674,0.02058,0.01840,0.02124,0.01290,0.01659,0.01889,0.02150,0.02354
0.10784,0.04609,0.03225,0.03778,0.02129,0.25971,0.05327,0.03391,0.02680,0.04685,0.04421,0.03822,0.04088,0.02572,0.02561,0.02956,0.02604,0.02785,0.02514,0.05099
0.03906,0.03604,0.20728,0.19939,0.09943,0.02140,0.02117,0.07287,0.05499,0.02144,0.02608,0.01620,0.02423,0.03014,0.01890,0.02074,0.02731,0.01633,0.02064,0.02638
0.06879,0.09498,0.16500,0.08734,0.04773,0.02111,0.06367,0.12105,0.01712,0.01999,0.05346,0.02253,0.02915,0.01784,0.02602,0.03141,0.05151,0.02231,0.01678,0.02220
0.14288,0.03677,0.02736,0.03035,0.02052,0.24820,0.05535,0.03239,0.02185,0.04153,0.05884,0.02703,0.04296,0.03326,0.02480,0.02208,0.03017,0.01792,0.03986,0.04591
0.05427,0.25196,0.05451,0.04845,0.06692,0.03574,0.07717,0.05723,0.02432,0.02235,0.05315,0.02733,0.03342,0.01914,0.02752,0.03281,0.03131,0.04086,0.01890,0.02263
0.16805,0.02905,0.04051,0.03251,0.01870,0.29195,0.04857,0.03436,0.02206,0.03616,0.05530,0.02159,0.03279,0.01798,0.02671,0.01912,0.01816,0.01618,0.03355,0.03671
0.07839,0.02758,0.24344,0.17164,0.01723,0.04393,0.02718,0.05084,0.03710,0.02617,0.03380,0.02330,0.03249,0.03221,0.02420,0.02222,0.02842,0.01575,0.02914,0.03498
0.13160,0.07786,0.01998,0.02763,0.05544,0.07076,0.05554,0.06895,0.02222,0.08429,0.05253,0.03143,0.05458,0.03303,0.03318,0.03322,0.05085,0.02834,0.02243,0.04613
0.10288,0.01795,0.06763,0.05940,0.02298,0.20567,0.01883,0.02950,0.02312,0.05240,0.01960,0.03557,0.04464,0.06832,0.01829,0.02099,0.03625,0.01532,0.04507,0.09558
0.07427,0.02984,0.02217,0.03610,0.02500,0.19269,0.03360,0.03006,0.04420,0.06869,0.05358,0.02439,0.04085,0.05854,0.02473,0.02931,0.02768,0.02175,0.06516,0.09740
0.03280,0.04578,0.01247,0.01853,0.41766,0.03685,0.08195,0.02498,0.01918,0.04984,0.06603,0.01507,0.02237,0.02968,0.01917,0.02215,0.01726,0.01372,0.02431,0.03021
0.02885,0.04646,0.02126,0.02463,0.05041,0.02494,0.27594,0.03383,0.03804,0.03280,0.14737,0.03184,0.03618,0.02924,0.03179,0.02757,0.03143,0.02046,0.03411,0.03286
0.05886,0.03691,0.27620,0.17324,0.02767,0.02805,0.03285,0.06917,0.02623,0.02566,0.04308,0.01625,0.02514,0.02436,0.02917,0.02172,0.03132,0.01255,0.01797,0.02359
0.06877,0.07856,0.03138,0.03121,0.02779,0.16604,0.12069,0.03227,0.02988,0.04522,0.08367,0.03589,0.03715,0.02427,0.03225,0.02995,0.02526,0.03235,0.03049,0.03692
0.03420,0.04124,0.03161,0.04060,0.07139,0.05344,0.03293,0.03862,0.04959,0.09389,0.03153,0.07758,0.03734,0.05202,0.04748,0.03790,0.03183,0.02860,0.05428,0.11394
0.12364,0.02221,0.03543,0.03491,0.01201,0.36695,0.04662,0.02467,0.02441,0.02479,0.04041,0.02198,0.03211,0.02796,0.01729,0.01917,0.02481,0.01613,0.04383,0.04066
0.02832,0.03955,0.02447,0.02729,0.05251,0.03872,0.25212,0.02788,0.02364,0.08939,0.11895,0.03636,0.03113,0.02645,0.04706,0.02466,0.02075,0.02844,0.02417,0.03817
0.10127,0.04118,0.02462,0.03129,0.05881,0.34862,0.04935,0.03954,0.02989,0.02733,0.05997,0.01377,0.02680,0.02248,0.01703,0.02345,0.01962,0.01544,0.02417,0.02536
