0.04291,0.03731,0.04456,0.02714,0.04176,0.03322,0.03871,0.03534,0.03793,0.21636,0.02528,0.03166,0.10546,0.28237
0.03078,0.03870,0.02065,0.02440,0.04759,0.03018,0.14408,0.46754,0.02798,0.05391,0.02498,0.02758,0.03974,0.02189
0.01841,0.02801,0.02994,0.02433,0.02426,0.02227,0.03119,0.02662,0.02277,0.02174,0.04254,0.65000,0.02541,0.03251
0.03194,0.04113,0.05910,0.04458,0.03761,0.03484,0.03560,0.15344,0.04829,0.03160,0.02107,0.02648,0.38461,0.04969
0.02964,0.02897,0.03105,0.02282,0.03471,0.02729,0.02636,0.03353,0.53023,0.04251,0.02750,0.03062,0.03255,0.10224
0.02573,0.02895,0.03465,0.02728,0.02676,0.03198,0.03020,0.03455,0.03463,0.02662,0.01871,0.38967,0.25891,0.03134
0.02535,0.02885,0.03803,0.02620,0.03696,0.04125,0.04470,0.53093,0.04085,0.02590,0.04849,0.02782,0.04028,0.04440
0.03099,0.03687,0.02430,0.03821,0.05614,0.02801,0.03739,0.03153,0.17759,0.37117,0.02542,0.03932,0.05763,0.04543
0.02604,0.02907,0.02945,0.02998,0.04546,0.07343,0.03323,0.14400,0.05391,0.02915,0.02297,0.03201,0.40686,0.04444
0.02532,0.04400,0.04508,0.02808,0.03522,0.02561,0.03546,0.03638,0.02951,0.02392,0.19978,0.39578,0.05141,0.02446
0.03360,0.02655,0.03244,0.49118,0.03382,0.02203,0.03332,0.02292,0.03778,0.03267,0.02971,0.02704,0.14557,0.03138
0.04838,0.03387,0.03921,0.03626,0.03800,0.02643,0.02804,0.03496,0.04491,0.35759,0.02145,0.02549,0.15331,0.11210
0.02667,0.03349,0.02101,0.02414,0.02470,0.69625,0.02234,0.01953,0.02175,0.02514,0.01463,0.01517,0.03985,0.01533
0.05180,0.05054,0.06160,0.04486,0.04184,0.03791,0.06054,0.04515,0.04065,0.04491,0.12747,0.11644,0.11949,0.15680
0.03343,0.03619,0.03099,0.03096,0.07084,0.40948,0.02538,0.02851,0.03785,0.02821,0.01986,0.01709,0.21179,0.01941
0.03286,0.03248,0.03225,0.04417,0.04085,0.03801,0.03522,0.03523,0.02961,0.03753,0.04978,0.22287,0.34164,0.02751
0.01546,0.01857,0.03622,0.01167,0.01542,0.01250,0.01201,0.01920,0.01824,0.78166,0.01350,0.01333,0.01696,0.01527
0.03783,0.03390,0.03194,0.03857,0.03405,0.03934,0.03746,0.03612,0.03907,0.04586,0.20269,0.25824,0.14150,0.02343
0.03904,0.03865,0.02784,0.02129,0.04031,0.04935,0.05795,0.55915,0.03809,0.02441,0.03137,0.02279,0.02716,0.02260
0.05441,0.04161,0.02748,0.04624,0.03380,0.04345,0.03830,0.53818,0.03330,0.02886,0.02569,0.02287,0.03968,0.02614
0.02585,0.03405,0.05418,0.03096,0.03402,0.02733,0.02196,0.03888,0.04688,0.02381,0.03018,0.40010,0.20094,0.03086
0.02020,0.02730,0.02634,0.03223,0.02947,0.01879,0.01806,0.69049,0.02450,0.01939,0.01776,0.01710,0.02527,0.03311
0.02931,0.03453,0.02342,0.03115,0.03105,0.62564,0.02975,0.02635,0.02714,0.03157,0.01895,0.01968,0.05114,0.02034
0.03437,0.02909,0.02758,0.03037,0.02645,0.02705,0.03319,0.03494,0.24372,0.37070,0.03508,0.02577,0.04924,0.03244
0.02265,0.02284,0.01668,0.70366,0.02230,0.01656,0.01588,0.01334,0.02567,0.02111,0.02384,0.02353,0.05147,0.02049
0.03356,0.03371,0.03570,0.03384,0.04677,0.04008,0.03532,0.46640,0.02703,0.02715,0.03263,0.02513,0.02511,0.13757
0.03253,0.04510,0.04117,0.48908,0.03069,0.03428,0.02924,0.03229,0.03927,0.02817,0.03802,0.02220,0.06338,0.07458
0.04081,0.03709,0.03916,0.03204,0.04825,0.37641,0.04860,0.04106,0.02809,0.05155,0.02227,0.02985,0.16481,0.04001
0.02780,0.03602,0.02972,0.03146,0.03635,0.03357,0.02487,0.02569,0.07253,0.55866,0.02400,0.02852,0.05023,0.02056
0.02420,0.03549,0.05551,0.02448,0.04573,0.04821,0.03934,0.04021,0.15199,0.07443,0.03122,0.02655,0.35563,0.04702
0.02928,0.03025,0.01764,0.02281,0.03869,0.03417,0.10730,0.55251,0.03165,0.02655,0.03218,0.02043,0.01915,0.03740
0.03298,0.04622,0.03852,0.04060,0.03315,0.03917,0.03545,0.22298,0.03786,0.02686,0.04634,0.03174,0.23538,0.13274
0.02177,0.02523,0.02468,0.02676,0.04262,0.03515,0.24882,0.36936,0.02579,0.03154,0.03425,0.03890,0.03804,0.03709
0.03433,0.03215,0.03742,0.04653,0.03560,0.03105,0.04104,0.05304,0.02738,0.03438,0.10412,0.22525,0.21771,0.07999
0.02867,0.03776,0.02167,0.02772,0.02793,0.67038,0.02158,0.02423,0.01943,0.03186,0.02052,0.01522,0.02275,0.03029
0.02119,0.02755,0.03178,0.03228,0.03266,0.03358,0.03392,0.02531,0.03120,0.02575,0.03216,0.59446,0.05928,0.01887
0.03729,0.02521,0.04089,0.02844,0.03511,0.56273,0.03608,0.02550,0.03681,0.02660,0.03345,0.02695,0.05941,0.02553
0.02350,0.02537,0.01800,0.01746,0.01262,0.01042,0.00993,0.01907,0.02427,0.78049,0.01106,0.01370,0.01173,0.02239
0.03646,0.03115,0.02615,0.02854,0.04758,0.03719,0.02927,0.49401,0.05935,0.03553,0.02236,0.01807,0.07494,0.05940
0.03127,0.03084,0.03835,0.03674,0.03357,0.03157,0.03784,0.03081,0.03463,0.03540,0.03858,0.23803,0.34413,0.03823
0.03160,0.05736,0.03799,0.03424,0.02946,0.02399,0.03733,0.02818,0.04871,0.03472,0.02662,0.31125,0.07007,0.22847
0.02905,0.04045,0.02519,0.03317,0.30678,0.25424,0.03120,0.05665,0.03773,0.02789,0.04031,0.03396,0.06119,0.02219
0.01744,0.02105,0.01397,0.01132,0.01555,0.81214,0.01467,0.01680,0.01709,0.01299,0.01157,0.00798,0.01824,0.00918
0.02600,0.04028,0.03834,0.03460,0.04018,0.03155,0.04301,0.46495,0.05165,0.03023,0.03305,0.02236,0.07678,0.06703
0.02806,0.03276,0.02449,0.03350,0.02299,0.01835,0.01918,0.02997,0.06917,0.62076,0.02341,0.02202,0.02657,0.02877
0.03166,0.03984,0.04216,0.02468,0.04531,0.02780,0.03132,0.03649,0.06683,0.15252,0.02339,0.03039,0.35448,0.09313
0.04187,0.03465,0.03341,0.06409,0.11431,0.30749,0.03819,0.03336,0.03129,0.04179,0.03122,0.02560,0.15748,0.04526
0.03233,0.06665,0.03877,0.03977,0.03694,0.03495,0.03865,0.03190,0.04253,0.04137,0.09220,0.36832,0.07347,0.06216
0.04003,0.04431,0.02935,0.04357,0.27561,0.23408,0.04189,0.04164,0.04665,0.03692,0.03382,0.02247,0.03008,0.07957
0.03185,0.02780,0.04678,0.04312,0.04023,0.03545,0.04414,0.03433,0.03226,0.03123,0.17681,0.18851,0.22868,0.03881
0.04249,0.04106,0.02447,0.04545,0.02748,0.02521,0.03139,0.01815,0.03436,0.03384,0.02483,0.50938,0.10165,0.04025
0.02474,0.01855,0.02438,0.01227,0.01277,0.01122,0.01291,0.02051,0.01564,0.78452,0.01004,0.01273,0.01577,0.02394
0.03361,0.03713,0.02409,0.03227,0.03977,0.03221,0.10979,0.49792,0.03538,0.03144,0.02887,0.02344,0.03252,0.04156
0.03926,0.03674,0.05454,0.30306,0.04109,0.02484,0.03706,0.02113,0.04681,0.04185,0.03560,0.03331,0.09238,0.19233
0.03972,0.03506,0.05125,0.03520,0.05321,0.38690,0.02985,0.03169,0.04658,0.02965,0.03472,0.02237,0.17213,0.03166
0.01715,0.03275,0.02494,0.02167,0.02004,0.03204,0.02224,0.02121,0.02673,0.02610,0.02895,0.67182,0.02863,0.02571
0.02531,0.02275,0.02213,0.02201,0.02503,0.03082,0.05254,0.66390,0.02713,0.01978,0.02562,0.01955,0.02088,0.02253
0.02466,0.02951,0.02536,0.02569,0.02675,0.02265,0.02383,0.62834,0.03188,0.03027,0.01590,0.01581,0.07133,0.02802
0.03053,0.04005,0.02953,0.03652,0.04673,0.02324,0.14285,0.35467,0.03699,0.03727,0.03478,0.03241,0.04905,0.10537
0.02330,0.03323,0.02903,0.02121,0.03643,0.03400,0.15342,0.47261,0.03223,0.04121,0.03802,0.02829,0.02618,0.03085
0.03281,0.03645,0.04363,0.02724,0.02592,0.33431,0.02166,0.02889,0.02905,0.03340,0.02788,0.02081,0.09212,0.24583
0.01402,0.01847,0.01424,0.01594,0.01346,0.01553,0.01689,0.01423,0.02089,0.01588,0.01470,0.78737,0.02359,0.01479
0.02349,0.02275,0.26925,0.39470,0.03936,0.02100,0.02620,0.02379,0.02446,0.03369,0.03868,0.02678,0.02837,0.02750
0.02064,0.03437,0.02659,0.02721,0.02716,0.02602,0.02088,0.64998,0.04496,0.02070,0.01362,0.01825,0.04891,0.02071
0.03055,0.02840,0.03067,0.01843,0.01893,0.01265,0.01606,0.03068,0.02399,0.67026,0.01609,0.02044,0.01883,0.06402
0.02535,0.02511,0.04529,0.05306,0.03672,0.03637,0.03053,0.02320,0.02518,0.03485,0.35328,0.21288,0.06804,0.03013
0.02320,0.02762,0.04120,0.03208,0.03383,0.02884,0.03282,0.02536,0.03741,0.02368,0.03575,0.54477,0.09139,0.02204
0.03033,0.04984,0.03082,0.03000,0.03559,0.02982,0.06733,0.46611,0.05232,0.03400,0.03142,0.02480,0.05681,0.06080
0.03167,0.03994,0.05939,0.03754,0.15944,0.33278,0.03537,0.04605,0.03531,0.03769,0.03570,0.03155,0.07441,0.04316
0.02696,0.03676,0.02687,0.02767,0.03484,0.02712,0.06315,0.58962,0.02791,0.02599,0.02567,0.03012,0.02321,0.03411
0.01405,0.01458,0.02148,0.01728,0.01502,0.01677,0.02381,0.02195,0.02331,0.01458,0.02126,0.75935,0.02224,0.01433
0.02678,0.04086,0.02600,0.02409,0.02696,0.02606,0.27365,0.37838,0.02595,0.02481,0.03523,0.02597,0.02625,0.03901
0.03211,0.03557,0.04215,0.04354,0.04424,0.03487,0.03141,0.03578,0.03518,0.03706,0.35610,0.10533,0.12621,0.04045
0.02502,0.03329,0.03648,0.02064,0.03624,0.03608,0.03260,0.03505,0.02459,0.22248,0.01507,0.03517,0.41537,0.03191
0.02935,0.03240,0.04286,0.02838,0.03377,0.02521,0.03262,0.03713,0.03975,0.47414,0.01801,0.02756,0.12111,0.05770
0.03574,0.03094,0.03374,0.02115,0.03621,0.02346,0.03418,0.03316,0.03689,0.58907,0.01761,0.02294,0.05573,0.02916
0.04553,0.02975,0.02849,0.03229,0.03799,0.02778,0.03200,0.03804,0.04389,0.46297,0.01970,0.01971,0.16036,0.02149
0.02982,0.04166,0.02599,0.03328,0.03691,0.03766,0.04485,0.51519,0.04332,0.03890,0.01780,0.02449,0.08282,0.02732
0.03924,0.03208,0.10050,0.14390,0.03008,0.05995,0.03319,0.03614,0.03004,0.02902,0.04107,0.02755,0.15824,0.23900
0.04300,0.04312,0.02777,0.03367,0.08488,0.51244,0.02492,0.03041,0.04064,0.03642,0.03447,0.02483,0.03644,0.02698
0.06380,0.03499,0.18435,0.16514,0.02796,0.03206,0.02944,0.02972,0.04446,0.03519,0.04617,0.02749,0.16211,0.11711
0.03161,0.06045,0.03042,0.03103,0.04414,0.03319,0.10831,0.22022,0.05285,0.04476,0.04236,0.02695,0.03978,0.23393
0.02244,0.04240,0.03673,0.04538,0.04279,0.03617,0.02645,0.53181,0.02511,0.02181,0.02459,0.03537,0.03750,0.07145
0.02279,0.03232,0.02186,0.01956,0.03363,0.02192,0.03069,0.59988,0.04358,0.02526,0.01889,0.02338,0.08807,0.01816
0.02079,0.02701,0.02734,0.02833,0.04024,0.04477,0.02679,0.23443,0.03919,0.02990,0.01720,0.02409,0.42103,0.01887
0.03491,0.03625,0.03087,0.02667,0.05356,0.46682,0.03045,0.03457,0.03482,0.02916,0.02041,0.02106,0.16079,0.01966
0.03206,0.02992,0.04128,0.01946,0.01922,0.02358,0.02102,0.02804,0.03681,0.65202,0.01973,0.02897,0.02688,0.02101
0.04382,0.04276,0.04435,0.03194,0.04150,0.03331,0.03289,0.03503,0.07458,0.45980,0.02438,0.02321,0.05731,0.05512
0.02688,0.04734,0.04089,0.02714,0.06529,0.26931,0.02834,0.02330,0.02968,0.02681,0.01802,0.01914,0.35182,0.02603
0.03184,0.03996,0.04755,0.03787,0.03334,0.42587,0.03187,0.03375,0.05292,0.03439,0.03250,0.03150,0.06046,0.10620
0.01445,0.03033,0.02750,0.01908,0.04380,0.02505,0.01816,0.60167,0.02979,0.01887,0.02141,0.02423,0.10656,0.01910
0.02144,0.03261,0.02378,0.02932,0.04233,0.02020,0.02766,0.37245,0.03688,0.02418,0.02058,0.01612,0.30181,0.03064
0.02450,0.03346,0.03227,0.03349,0.03878,0.03711,0.04866,0.51138,0.02813,0.02564,0.02549,0.02301,0.10459,0.03349
0.03543,0.05087,0.02609,0.03902,0.02948,0.48193,0.03529,0.02977,0.02890,0.03534,0.02816,0.02151,0.09398,0.06422
0.03077,0.05373,0.02439,0.04036,0.07954,0.46363,0.03356,0.02784,0.03432,0.03433,0.02831,0.02354,0.10106,0.02463
0.03402,0.03089,0.02161,0.03698,0.03562,0.02877,0.02993,0.36856,0.04687,0.02146,0.02593,0.02394,0.03275,0.26268
0.02566,0.02947,0.04436,0.03029,0.02670,0.02322,0.02769,0.03260,0.03284,0.02849,0.04808,0.58936,0.03322,0.02802
0.02069,0.02567,0.04435,0.03504,0.03648,0.04179,0.03783,0.04599,0.02737,0.02287,0.35903,0.23033,0.03110,0.04147
0.03632,0.03054,0.03369,0.02846,0.03437,0.02729,0.03367,0.04469,0.05262,0.38506,0.01729,0.03407,0.20206,0.03986
0.03153,0.03015,0.04313,0.02540,0.03456,0.02087,0.02506,0.03371,0.02605,0.54087,0.01929,0.02003,0.11049,0.03887
0.02627,0.05077,0.02539,0.03642,0.02901,0.56695,0.02906,0.03723,0.03094,0.02859,0.02398,0.02315,0.05578,0.03646
0.06763,0.27167,0.02597,0.03424,0.04632,0.03879,0.03520,0.03314,0.03547,0.03263,0.02148,0.03000,0.29778,0.02967
0.01831,0.02640,0.03222,0.02157,0.02392,0.01620,0.02685,0.02393,0.02595,0.02565,0.03412,0.68722,0.01793,0.01974
0.02062,0.02474,0.01792,0.02427,0.01350,0.76207,0.01568,0.01563,0.01421,0.02095,0.01434,0.01209,0.01897,0.02501
0.04069,0.02770,0.04613,0.03209,0.03746,0.02134,0.02616,0.04198,0.02976,0.36888,0.03563,0.03319,0.08312,0.17588
0.02902,0.05034,0.02576,0.03421,0.03852,0.03699,0.03732,0.03715,0.21277,0.30568,0.03131,0.03370,0.04588,0.08135
0.03395,0.03061,0.04082,0.02864,0.04196,0.03287,0.03645,0.03130,0.28826,0.22029,0.02989,0.04440,0.11239,0.02816
0.04232,0.03439,0.03351,0.03925,0.05883,0.05446,0.06046,0.39950,0.03948,0.04109,0.02127,0.02490,0.12038,0.03017
0.03044,0.03959,0.03205,0.02331,0.02540,0.02623,0.03677,0.02516,0.05141,0.55920,0.02200,0.02917,0.03340,0.06587
0.03098,0.03790,0.04698,0.04221,0.03683,0.03234,0.02649,0.03417,0.04548,0.04307,0.02762,0.35891,0.17970,0.05730
0.04023,0.41741,0.04171,0.04503,0.03761,0.03055,0.03061,0.02571,0.03008,0.04105,0.02746,0.03156,0.12612,0.07487
0.04199,0.05241,0.03912,0.03374,0.12881,0.40244,0.04411,0.03649,0.03701,0.04189,0.04158,0.02342,0.04674,0.03026
0.04207,0.04342,0.04434,0.02940,0.03105,0.03619,0.04314,0.03092,0.02827,0.04014,0.03374,0.36226,0.12430,0.11076
0.03165,0.03734,0.05096,0.04555,0.05083,0.04097,0.03656,0.05289,0.03566,0.03011,0.22588,0.19013,0.05005,0.12143
0.03989,0.03483,0.03969,0.03456,0.03914,0.02826,0.03324,0.03814,0.04882,0.35110,0.03746,0.02986,0.06687,0.17814
0.02266,0.03252,0.02822,0.02835,0.02626,0.02204,0.02752,0.02260,0.02969,0.02875,0.02515,0.59648,0.05373,0.05605
0.04866,0.05148,0.04769,0.03612,0.05078,0.02214,0.03527,0.03247,0.03961,0.06741,0.03407,0.25173,0.11352,0.16907
0.03106,0.02416,0.03291,0.02156,0.03020,0.02541,0.03445,0.02540,0.02887,0.47274,0.01815,0.02750,0.18881,0.03877
0.01367,0.01984,0.02652,0.01390,0.01687,0.01627,0.01397,0.02094,0.03186,0.75979,0.01406,0.01947,0.01655,0.01627
0.02547,0.02178,0.02112,0.01492,0.01463,0.01409,0.01961,0.01669,0.02251,0.01695,0.01439,0.76166,0.01850,0.01769
0.03727,0.03911,0.02394,0.03203,0.04065,0.46754,0.02397,0.04111,0.03300,0.03853,0.01654,0.02326,0.16136,0.02170
0.03224,0.04854,0.03447,0.03412,0.03315,0.04762,0.16177,0.32560,0.05076,0.04069,0.02826,0.03064,0.03436,0.09779
0.03108,0.03117,0.02258,0.02484,0.04790,0.03105,0.05558,0.44317,0.02921,0.02273,0.03115,0.02389,0.08214,0.12350
0.02014,0.02865,0.02299,0.02288,0.03620,0.02115,0.02334,0.69457,0.02767,0.02063,0.01566,0.01785,0.02811,0.02014
0.03446,0.06397,0.03285,0.03451,0.04658,0.03245,0.07525,0.27680,0.04397,0.03946,0.04266,0.02863,0.06828,0.18014
0.03078,0.05357,0.02655,0.02208,0.02864,0.02434,0.36853,0.23278,0.03208,0.03359,0.02657,0.02944,0.03596,0.05508
0.03336,0.03840,0.04072,0.02941,0.05735,0.05669,0.23225,0.18321,0.04708,0.04576,0.03002,0.03170,0.11905,0.05500
0.03233,0.03174,0.03566,0.02895,0.02738,0.03078,0.04524,0.03939,0.04228,0.02536,0.27464,0.29193,0.02890,0.06544
0.02268,0.02988,0.03478,0.53457,0.02228,0.03136,0.01839,0.02028,0.02227,0.02967,0.02826,0.03149,0.15194,0.02215
0.04310,0.03722,0.02157,0.02857,0.02758,0.62350,0.03100,0.02604,0.02110,0.03035,0.02181,0.01667,0.04034,0.03115
0.03846,0.03752,0.02952,0.03229,0.05001,0.03298,0.21554,0.31014,0.05747,0.03479,0.03520,0.02513,0.06512,0.03583
0.02960,0.02738,0.02957,0.02672,0.03026,0.02371,0.01739,0.03183,0.13746,0.50643,0.02220,0.03721,0.04746,0.03278
0.03121,0.03285,0.02285,0.02547,0.03429,0.02865,0.08549,0.52923,0.03813,0.03881,0.02580,0.02242,0.05761,0.02719
0.02545,0.03418,0.03073,0.03423,0.03202,0.01741,0.03975,0.02464,0.03602,0.02490,0.03358,0.47882,0.16299,0.02526
0.01775,0.02555,0.01822,0.01310,0.01357,0.01391,0.01471,0.01680,0.02864,0.78056,0.01196,0.01538,0.01418,0.01565
0.02199,0.02670,0.02086,0.01846,0.02291,0.02058,0.02726,0.71870,0.02837,0.01291,0.01738,0.01290,0.01726,0.03373
0.03526,0.02808,0.02130,0.01957,0.01977,0.67455,0.02441,0.01970,0.02098,0.02272,0.01201,0.01640,0.06898,0.01627
0.02290,0.03070,0.02079,0.02659,0.03892,0.02577,0.09300,0.54798,0.02945,0.03023,0.03832,0.03004,0.02148,0.04384
0.03322,0.04419,0.04128,0.03826,0.08399,0.19000,0.03153,0.03323,0.04826,0.02497,0.02303,0.02981,0.35595,0.02229
0.04286,0.03661,0.11845,0.36270,0.04014,0.02364,0.03239,0.02938,0.06131,0.03008,0.04713,0.04097,0.05576,0.07858
0.02727,0.03732,0.02746,0.03624,0.03325,0.03724,0.05974,0.50841,0.03112,0.02420,0.03628,0.02439,0.03383,0.08327
0.03958,0.03591,0.14440,0.35527,0.03089,0.04553,0.03351,0.02427,0.03156,0.05281,0.04183,0.03402,0.06448,0.06592
0.02020,0.03646,0.02677,0.02131,0.03811,0.02718,0.07404,0.62116,0.02170,0.01951,0.01851,0.01967,0.03468,0.02071
0.02607,0.04059,0.03484,0.04294,0.03239,0.03985,0.04048,0.03088,0.03433,0.04473,0.06621,0.31147,0.15887,0.09635
0.03197,0.07123,0.02991,0.02744,0.03482,0.56485,0.03387,0.02963,0.03155,0.03161,0.02381,0.01739,0.04711,0.02481
0.02083,0.02293,0.03014,0.02494,0.03905,0.02407,0.01871,0.60457,0.03232,0.02613,0.01880,0.01877,0.09405,0.02468
0.03822,0.02828,0.03083,0.02613,0.02740,0.02291,0.03168,0.03603,0.04243,0.59014,0.02482,0.02299,0.04736,0.03077
0.01119,0.02263,0.02018,0.01836,0.01198,0.02227,0.01916,0.01626,0.01937,0.01824,0.01909,0.77192,0.01560,0.01376
0.02055,0.01561,0.01708,0.00923,0.01237,0.00985,0.01024,0.01504,0.01307,0.83206,0.00762,0.01110,0.01283,0.01335
0.03122,0.03247,0.02900,0.01705,0.02609,0.03612,0.02788,0.03755,0.02505,0.62641,0.02309,0.02371,0.03055,0.03382
0.02823,0.02947,0.04156,0.03338,0.02961,0.50892,0.03355,0.02500,0.02936,0.03066,0.02279,0.02492,0.13427,0.02828
0.03287,0.03442,0.02789,0.01900,0.02787,0.02117,0.03231,0.03192,0.02735,0.42163,0.03059,0.02114,0.02321,0.24865
0.01308,0.02228,0.01465,0.01594,0.02052,0.01629,0.01617,0.78299,0.02165,0.01295,0.01439,0.01395,0.02024,0.01488
0.03211,0.04346,0.02680,0.02560,0.03532,0.04269,0.04640,0.50293,0.04685,0.03195,0.03091,0.02349,0.02104,0.09044
0.03481,0.03618,0.02776,0.03357,0.02859,0.41283,0.04534,0.03058,0.02693,0.03235,0.03044,0.02045,0.06356,0.17660
0.04737,0.04081,0.03833,0.03553,0.26604,0.08240,0.02829,0.02261,0.03329,0.02542,0.02776,0.02666,0.28963,0.03586
0.02957,0.03767,0.04055,0.03381,0.03237,0.04218,0.03555,0.04285,0.04329,0.03526,0.02765,0.44083,0.09270,0.06570
0.02331,0.03349,0.02553,0.02187,0.03432,0.02158,0.03997,0.02958,0.02523,0.02405,0.03763,0.59835,0.06456,0.02054
0.03090,0.04609,0.03854,0.02464,0.04184,0.02767,0.03195,0.03268,0.05414,0.49436,0.02609,0.02858,0.04918,0.07333
0.03656,0.06066,0.02528,0.02551,0.10512,0.45096,0.03912,0.03197,0.03640,0.02784,0.03026,0.03372,0.07077,0.02584
0.04177,0.04342,0.03986,0.04282,0.06438,0.04270,0.08078,0.16854,0.04193,0.03338,0.03978,0.03074,0.14918,0.18074
0.02193,0.02883,0.02143,0.02363,0.02449,0.02737,0.02564,0.70399,0.03065,0.01840,0.01676,0.01662,0.01834,0.02194
0.03505,0.03656,0.03859,0.04317,0.03333,0.04171,0.05157,0.03020,0.03150,0.03478,0.06265,0.18530,0.05721,0.31837
0.02909,0.03539,0.03500,0.03883,0.03748,0.28706,0.03465,0.03602,0.02346,0.04124,0.03699,0.02562,0.17278,0.16639
0.01973,0.02410,0.02949,0.01146,0.01208,0.01369,0.01466,0.02056,0.01902,0.75289,0.01112,0.01631,0.01793,0.03695
0.03542,0.04099,0.04033,0.03191,0.03247,0.03260,0.03341,0.03705,0.05207,0.42156,0.02417,0.02629,0.16203,0.02968
0.01498,0.01944,0.01636,0.01991,0.02178,0.01821,0.02392,0.01588,0.01960,0.02482,0.02209,0.74523,0.01783,0.01995
0.03102,0.03519,0.03556,0.02970,0.03624,0.03097,0.03410,0.03846,0.03286,0.24656,0.02774,0.02414,0.35054,0.04692
0.02824,0.02703,0.03784,0.02716,0.03509,0.03641,0.04360,0.02211,0.02675,0.03222,0.05253,0.11374,0.44567,0.07160
0.02961,0.04718,0.03317,0.03335,0.03541,0.03077,0.02534,0.04582,0.05355,0.38818,0.02086,0.03228,0.11007,0.11442
0.02033,0.02111,0.01601,0.01455,0.01861,0.01748,0.01808,0.01775,0.02398,0.77145,0.01379,0.01498,0.01947,0.01242
0.02583,0.02721,0.02342,0.02067,0.03966,0.03767,0.11491,0.52557,0.03071,0.02651,0.03686,0.02476,0.02192,0.04430
0.02891,0.02494,0.02247,0.01873,0.02351,0.01848,0.01714,0.01940,0.02235,0.73417,0.01349,0.01790,0.02197,0.01653
0.01400,0.01861,0.02272,0.01786,0.01490,0.02279,0.03006,0.01476,0.02094,0.02426,0.02151,0.74174,0.01844,0.01741
0.02939,0.02979,0.03449,0.03720,0.03808,0.03064,0.04433,0.04168,0.05271,0.21512,0.02718,0.02687,0.31443,0.07809
0.04079,0.04194,0.07969,0.25149,0.04284,0.02526,0.02661,0.02731,0.04851,0.04508,0.03586,0.04391,0.05054,0.24017
0.03830,0.03297,0.03288,0.03455,0.02821,0.02411,0.04875,0.02321,0.05973,0.04007,0.07695,0.25706,0.04152,0.26169
0.02101,0.03713,0.03886,0.01905,0.02398,0.02200,0.01928,0.02221,0.03819,0.66135,0.01980,0.02084,0.02615,0.03015
0.03069,0.03741,0.03216,0.02576,0.02741,0.50990,0.02737,0.03333,0.04363,0.02999,0.02239,0.02593,0.09195,0.06208
0.01991,0.03310,0.02294,0.02654,0.02200,0.02614,0.02627,0.68601,0.03436,0.01808,0.01711,0.01659,0.02427,0.02669
0.02591,0.03252,0.03993,0.03265,0.03121,0.03848,0.04154,0.03233,0.03117,0.03974,0.14436,0.41968,0.06500,0.02548
0.03462,0.04102,0.02220,0.05582,0.18849,0.22034,0.02944,0.05200,0.05213,0.02580,0.01756,0.02120,0.21930,0.02008
0.02083,0.04217,0.02906,0.02098,0.02301,0.47172,0.02018,0.02128,0.02004,0.01957,0.01111,0.01727,0.27062,0.01214
0.01797,0.02249,0.01691,0.01520,0.01929,0.01573,0.01580,0.77696,0.02842,0.01230,0.01452,0.01631,0.01333,0.01478
0.02953,0.02798,0.03799,0.02270,0.02737,0.02858,0.02131,0.03185,0.06238,0.60290,0.02798,0.02671,0.03461,0.01811
0.03768,0.02996,0.04495,0.03779,0.05948,0.02899,0.03954,0.04677,0.23626,0.18793,0.02952,0.03115,0.10622,0.08376
0.03700,0.02867,0.02515,0.02584,0.02029,0.65296,0.02364,0.02937,0.02887,0.02963,0.02114,0.01821,0.01973,0.03948
0.03024,0.02345,0.03818,0.02649,0.04514,0.02426,0.03750,0.02083,0.11794,0.06613,0.01910,0.03561,0.48668,0.02846
0.01538,0.02953,0.02364,0.02013,0.02044,0.02486,0.01462,0.72769,0.02820,0.01428,0.01467,0.01706,0.02585,0.02365
0.03063,0.02581,0.02886,0.22273,0.03438,0.03456,0.03475,0.01978,0.02809,0.02255,0.03675,0.04554,0.40835,0.02722
0.02975,0.03455,0.02790,0.02019,0.03733,0.03617,0.18258,0.45192,0.03851,0.02770,0.02953,0.02434,0.02370,0.03585
0.02968,0.03524,0.02410,0.02553,0.03812,0.67694,0.02355,0.02428,0.02248,0.02353,0.01981,0.01452,0.02594,0.01629
0.03611,0.03740,0.04968,0.02336,0.03182,0.02389,0.02924,0.02639,0.03126,0.34303,0.02737,0.02419,0.06018,0.25608
0.02054,0.02782,0.02417,0.03072,0.02011,0.02977,0.01999,0.02083,0.03404,0.01508,0.02796,0.65614,0.03414,0.03869
0.03117,0.03228,0.02683,0.02441,0.02832,0.64621,0.02835,0.03131,0.02634,0.01883,0.02421,0.01545,0.03673,0.02956
0.03248,0.04031,0.02924,0.04020,0.08438,0.49536,0.03213,0.04075,0.04090,0.03146,0.02817,0.02365,0.04980,0.03116
0.02087,0.02808,0.02430,0.02175,0.01979,0.02976,0.02365,0.02206,0.04041,0.01922,0.06542,0.63380,0.03111,0.01978
0.03713,0.04617,0.02846,0.03051,0.04434,0.03227,0.17056,0.25504,0.02834,0.02979,0.04575,0.03111,0.04453,0.17600
0.02339,0.03100,0.03373,0.02748,0.03953,0.03452,0.25168,0.34325,0.02587,0.04446,0.03875,0.02633,0.03873,0.04127
0.02567,0.04333,0.02426,0.02572,0.16813,0.47775,0.03617,0.02615,0.03030,0.02959,0.02508,0.01849,0.04615,0.02321
0.02138,0.03183,0.02038,0.02857,0.04749,0.03145,0.02783,0.61212,0.04238,0.02052,0.02171,0.02062,0.03700,0.03673
0.03864,0.03695,0.02558,0.02153,0.05176,0.02953,0.36957,0.19024,0.03281,0.03409,0.04354,0.02744,0.03456,0.06376
0.03670,0.04569,0.04089,0.04110,0.04797,0.03593,0.03548,0.02658,0.26593,0.08866,0.02894,0.03035,0.22659,0.04919
0.02971,0.04906,0.04248,0.03070,0.04585,0.02372,0.02522,0.02801,0.12928,0.32629,0.01984,0.02799,0.19241,0.02946
0.01653,0.01873,0.04907,0.70837,0.01907,0.01679,0.01791,0.01667,0.01933,0.01842,0.02826,0.02134,0.03203,0.01749
0.02444,0.03306,0.02992,0.03102,0.03114,0.02293,0.03383,0.02777,0.03397,0.02649,0.07539,0.48169,0.03980,0.10855
0.02848,0.03191,0.02717,0.02144,0.02325,0.02122,0.02029,0.02794,0.10341,0.56711,0.02211,0.02300,0.03744,0.04523
0.04227,0.05011,0.04481,0.04153,0.15126,0.31968,0.03156,0.03604,0.04382,0.04061,0.04009,0.02698,0.05951,0.07172
0.24603,0.39931,0.02427,0.03257,0.04904,0.02725,0.02613,0.02969,0.04527,0.02161,0.01806,0.01755,0.03010,0.03312
0.02940,0.02975,0.04011,0.04232,0.03202,0.03699,0.05100,0.03554,0.02963,0.02320,0.21097,0.36672,0.04680,0.02555
0.02426,0.04409,0.02487,0.02492,0.03292,0.03217,0.02415,0.32148,0.03482,0.02070,0.02323,0.02769,0.02446,0.34025
0.04530,0.03198,0.03704,0.02853,0.04272,0.03616,0.02733,0.04535,0.04813,0.50492,0.02548,0.02768,0.07186,0.02753
0.02010,0.02320,0.02511,0.01677,0.02911,0.03325,0.03654,0.02205,0.02502,0.04710,0.01858,0.02359,0.63343,0.04613
0.02155,0.02147,0.03178,0.02052,0.02217,0.03061,0.03859,0.02955,0.02777,0.02708,0.07430,0.61581,0.01804,0.02076
0.04565,0.04859,0.05535,0.04111,0.05799,0.12820,0.04514,0.03577,0.03718,0.03756,0.04771,0.03249,0.08103,0.30620
0.03311,0.03060,0.03525,0.02766,0.03459,0.02762,0.02856,0.04084,0.03607,0.47393,0.01892,0.02321,0.11515,0.07448
0.03382,0.05658,0.03068,0.06206,0.16832,0.37040,0.02910,0.04772,0.03386,0.03156,0.03139,0.03208,0.03524,0.03720
0.02105,0.03609,0.02811,0.02434,0.03637,0.02552,0.03078,0.28686,0.02846,0.03079,0.03715,0.03610,0.02870,0.34968
0.03098,0.03952,0.03735,0.03305,0.03239,0.02730,0.02806,0.02636,0.12003,0.48584,0.02911,0.03048,0.04139,0.03813
0.04930,0.03514,0.04144,0.02773,0.04413,0.42756,0.02548,0.02381,0.02244,0.02497,0.02048,0.02060,0.21927,0.01765
0.03735,0.03294,0.04499,0.03951,0.03311,0.03539,0.03058,0.03358,0.03490,0.03457,0.29117,0.22483,0.09699,0.03009
0.05663,0.04321,0.03125,0.04622,0.08207,0.37957,0.06943,0.03949,0.04480,0.04048,0.03146,0.02391,0.07168,0.03981
0.03683,0.03544,0.02904,0.01971,0.02712,0.03001,0.02521,0.03216,0.03811,0.61751,0.02245,0.02291,0.03065,0.03285
0.05249,0.03672,0.04670,0.02793,0.05587,0.51830,0.03488,0.04752,0.03277,0.02990,0.02523,0.01981,0.05243,0.01945
0.02243,0.03033,0.01698,0.01997,0.02285,0.02115,0.01887,0.72694,0.02874,0.01535,0.01946,0.01634,0.01882,0.02176
0.02166,0.02362,0.01792,0.02309,0.01368,0.02212,0.02301,0.01860,0.02296,0.01884,0.02445,0.73714,0.01786,0.01505
0.03073,0.03115,0.03196,0.03413,0.02444,0.56235,0.03503,0.02401,0.02719,0.02915,0.03150,0.03076,0.06271,0.04490
0.03760,0.03293,0.03723,0.03558,0.04026,0.03260,0.03732,0.04401,0.03030,0.02332,0.30057,0.10504,0.20573,0.03751
0.03673,0.02798,0.03828,0.02908,0.04045,0.03951,0.04487,0.04506,0.03643,0.14834,0.02398,0.03011,0.40314,0.05603
0.03607,0.03429,0.04456,0.04583,0.03130,0.04004,0.06960,0.02890,0.03039,0.03589,0.06060,0.27979,0.16464,0.09811
0.03375,0.03481,0.03570,0.02593,0.03469,0.02485,0.02916,0.03334,0.17463,0.36333,0.02115,0.04202,0.11705,0.02958
0.04242,0.03890,0.04062,0.03290,0.04832,0.04552,0.21563,0.25783,0.04158,0.04302,0.03200,0.02429,0.08820,0.04875
0.02408,0.03477,0.03684,0.03181,0.02980,0.02289,0.02378,0.03794,0.08565,0.53590,0.03968,0.02627,0.03323,0.03736
0.02536,0.72913,0.01984,0.02881,0.01843,0.02164,0.01548,0.01856,0.02287,0.01727,0.01253,0.02424,0.02343,0.02241
0.02984,0.03129,0.02739,0.02845,0.03129,0.03938,0.21186,0.35355,0.03230,0.04477,0.04128,0.03851,0.04792,0.04219
0.04036,0.05197,0.03836,0.03441,0.04743,0.04565,0.03022,0.03576,0.06384,0.35469,0.02223,0.03158,0.15710,0.04640
0.03196,0.03495,0.03773,0.03409,0.04973,0.03031,0.02703,0.04829,0.09696,0.37346,0.02553,0.03412,0.14042,0.03543
0.02827,0.03632,0.12218,0.36788,0.03399,0.02553,0.02730,0.02699,0.04324,0.05079,0.03038,0.04601,0.12274,0.03836
0.08318,0.55141,0.02421,0.02675,0.02696,0.02610,0.02645,0.01819,0.02920,0.02445,0.01365,0.02486,0.10240,0.02219
0.03181,0.03114,0.02814,0.02736,0.04768,0.65434,0.02331,0.03250,0.02274,0.02816,0.01554,0.01598,0.02569,0.01561
0.03459,0.02817,0.02970,0.02278,0.03102,0.54838,0.03375,0.02130,0.02367,0.03059,0.01669,0.02275,0.12787,0.02874
0.03282,0.03407,0.02799,0.02260,0.02673,0.30710,0.02303,0.01951,0.02819,0.02819,0.01407,0.02445,0.39400,0.01724
0.02298,0.02670,0.02126,0.02484,0.02869,0.02586,0.02046,0.68235,0.03659,0.01805,0.02110,0.01804,0.03345,0.01963
0.02248,0.03056,0.02593,0.03370,0.02611,0.02079,0.04176,0.02353,0.03311,0.02268,0.04618,0.60283,0.04214,0.02820
0.02968,0.02925,0.02964,0.02324,0.03419,0.04459,0.12415,0.51918,0.03014,0.02679,0.03078,0.02159,0.03612,0.02066
0.03302,0.02936,0.04208,0.02478,0.02897,0.02276,0.03658,0.02728,0.03755,0.03141,0.02570,0.18990,0.44308,0.02753
0.03085,0.04380,0.03596,0.02644,0.23340,0.37963,0.04105,0.02685,0.03037,0.03585,0.02471,0.02314,0.04117,0.02679
0.02947,0.04176,0.04016,0.03336,0.02954,0.02764,0.02543,0.02983,0.10736,0.50289,0.03253,0.03302,0.03473,0.03229
0.03184,0.04419,0.04356,0.04324,0.03805,0.07262,0.04599,0.03782,0.03114,0.03285,0.02913,0.02664,0.21146,0.31147
0.02692,0.03215,0.03633,0.03002,0.01965,0.02471,0.04529,0.02594,0.04177,0.02859,0.04830,0.57804,0.02678,0.03551
0.03157,0.05012,0.03082,0.03834,0.06128,0.02648,0.05513,0.43390,0.06181,0.03560,0.02771,0.02221,0.07913,0.04588
0.02647,0.04111,0.02594,0.02523,0.02689,0.64403,0.02797,0.02080,0.02805,0.02874,0.01650,0.01963,0.05037,0.01829
0.05650,0.04629,0.11162,0.17887,0.02961,0.02735,0.03577,0.03160,0.05762,0.03538,0.03793,0.03326,0.03943,0.27876
0.03192,0.04707,0.04569,0.03780,0.05943,0.04131,0.03604,0.05001,0.19164,0.23084,0.04290,0.03437,0.06389,0.08708
0.02662,0.03705,0.01984,0.02438,0.02691,0.03468,0.13215,0.53956,0.02858,0.03113,0.02546,0.02310,0.02827,0.02227
0.02734,0.03000,0.03040,0.03230,0.02605,0.03697,0.03704,0.02222,0.03249,0.02765,0.07004,0.55844,0.05042,0.01865
0.02650,0.02726,0.02722,0.02642,0.02501,0.52979,0.02577,0.02301,0.02684,0.03395,0.02054,0.01702,0.16794,0.02272
0.03112,0.02710,0.03342,0.01933,0.02803,0.02511,0.03027,0.02537,0.04303,0.62980,0.02262,0.03140,0.02838,0.02502
0.05236,0.03590,0.14430,0.12454,0.03395,0.03181,0.02707,0.03412,0.03938,0.04337,0.02828,0.04835,0.22520,0.13136
0.04270,0.03646,0.03156,0.03547,0.02877,0.54760,0.02822,0.02405,0.03209,0.03603,0.02020,0.02442,0.05378,0.05864
0.02911,0.02829,0.02974,0.03201,0.05253,0.04740,0.06295,0.41483,0.05095,0.03012,0.03072,0.02062,0.14124,0.02949
0.02917,0.03937,0.02170,0.02233,0.03507,0.03593,0.03051,0.33032,0.03041,0.02780,0.03421,0.03736,0.02692,0.29889
0.05607,0.06364,0.03246,0.03436,0.18233,0.25125,0.05032,0.03114,0.04690,0.04326,0.04305,0.03243,0.04202,0.09077
0.02057,0.03190,0.02775,0.02465,0.02792,0.03032,0.02436,0.02762,0.02556,0.02727,0.04747,0.63130,0.03042,0.02291
0.01951,0.02820,0.02036,0.02281,0.01791,0.01593,0.02390,0.01892,0.01850,0.03368,0.01854,0.71626,0.02609,0.01940
0.03459,0.03743,0.03784,0.03546,0.02898,0.03460,0.04377,0.03449,0.02617,0.03575,0.06740,0.51798,0.03650,0.02904
0.02189,0.02655,0.02787,0.02991,0.02223,0.02570,0.02762,0.02080,0.03248,0.01844,0.02094,0.65623,0.04829,0.02104
0.02458,0.03164,0.01789,0.02971,0.04078,0.66098,0.02749,0.02919,0.02950,0.02376,0.02199,0.01231,0.02869,0.02149
0.02347,0.02636,0.03805,0.01874,0.02704,0.02604,0.02083,0.02712,0.03172,0.66226,0.01733,0.01868,0.04125,0.02111
0.03997,0.03410,0.06810,0.30424,0.02936,0.03926,0.03186,0.05523,0.04509,0.03083,0.03953,0.04348,0.07448,0.16449
0.01347,0.01529,0.01530,0.01627,0.01575,0.01644,0.03037,0.01894,0.02851,0.01747,0.02922,0.74857,0.01939,0.01501
0.04386,0.03177,0.06038,0.33831,0.03108,0.03077,0.03519,0.02649,0.03184,0.03045,0.04902,0.03460,0.22753,0.02873
0.04449,0.02261,0.03685,0.04645,0.04158,0.03256,0.02416,0.03350,0.03262,0.34464,0.02328,0.02020,0.19775,0.09931
0.05498,0.04911,0.04852,0.04631,0.14701,0.23914,0.04789,0.03398,0.03495,0.03378,0.03584,0.02928,0.04521,0.15399
0.03438,0.04740,0.04948,0.03123,0.03930,0.02811,0.03866,0.03487,0.03984,0.22831,0.03582,0.02980,0.06186,0.30094
0.02779,0.02916,0.03379,0.03495,0.02813,0.02553,0.02789,0.02898,0.03063,0.03313,0.03691,0.52044,0.11121,0.03147
0.03749,0.03579,0.03548,0.03499,0.04814,0.03642,0.05044,0.41743,0.04391,0.02761,0.04341,0.03035,0.04031,0.11824
0.01879,0.01970,0.02897,0.71370,0.02684,0.01563,0.01640,0.01661,0.02049,0.01983,0.02058,0.02211,0.03700,0.02336
0.03774,0.04415,0.03033,0.03731,0.07672,0.03536,0.40356,0.09233,0.03765,0.04400,0.03427,0.02339,0.05213,0.05105
0.02612,0.05220,0.04555,0.03026,0.03674,0.01678,0.04566,0.03659,0.03349,0.03202,0.04141,0.40096,0.03849,0.16376
0.04430,0.05145,0.03974,0.02679,0.05633,0.04960,0.21189,0.09690,0.04267,0.04293,0.05578,0.02756,0.04191,0.21214
0.02227,0.03274,0.05308,0.02230,0.02684,0.02626,0.02579,0.03558,0.11036,0.54023,0.02394,0.02487,0.02852,0.02722
0.02818,0.03459,0.03587,0.03117,0.02876,0.02677,0.01993,0.03176,0.02650,0.03154,0.05115,0.56926,0.04858,0.03597
0.04554,0.03863,0.04717,0.03973,0.03510,0.04068,0.06028,0.03441,0.04443,0.04391,0.03403,0.21197,0.18577,0.13837
0.01648,0.01752,0.02731,0.01421,0.01587,0.01216,0.01422,0.02202,0.01628,0.77722,0.01331,0.01287,0.01893,0.02160
0.03420,0.03636,0.02418,0.03038,0.02932,0.58276,0.03940,0.02653,0.02989,0.03115,0.02739,0.02154,0.06703,0.01986
0.04055,0.04648,0.03980,0.03040,0.04753,0.03097,0.09010,0.38278,0.04022,0.03614,0.03219,0.03261,0.04161,0.10862
0.01612,0.02735,0.02088,0.02846,0.02410,0.62230,0.02029,0.01851,0.02396,0.01978,0.01366,0.01706,0.13249,0.01504
0.03193,0.05269,0.03947,0.05961,0.06169,0.07584,0.05407,0.02717,0.04101,0.05063,0.03243,0.03335,0.21311,0.22700
0.05154,0.02804,0.02173,0.01578,0.02079,0.01762,0.01918,0.02470,0.01730,0.67623,0.01623,0.01782,0.03807,0.03497
0.02389,0.01660,0.03126,0.70285,0.02578,0.01738,0.01846,0.02132,0.02436,0.02778,0.02464,0.01814,0.02345,0.02409
0.03714,0.04674,0.04094,0.04744,0.03821,0.01942,0.03640,0.02571,0.03419,0.03374,0.02530,0.25024,0.31988,0.04466
0.04613,0.05188,0.04840,0.03561,0.03400,0.03256,0.02945,0.02939,0.07524,0.30940,0.01946,0.04094,0.19058,0.05696
0.04566,0.51878,0.02411,0.04466,0.03214,0.03724,0.02116,0.02497,0.04429,0.02522,0.02029,0.03628,0.10753,0.01769
0.03289,0.04326,0.03261,0.03219,0.03160,0.55145,0.03620,0.03099,0.04210,0.02612,0.02443,0.02641,0.05599,0.03377
0.02191,0.02331,0.02415,0.02291,0.02307,0.02114,0.03194,0.01910,0.04062,0.02796,0.05553,0.62951,0.03195,0.02691
0.01745,0.03061,0.03022,0.02073,0.04258,0.04386,0.03917,0.20560,0.02797,0.02498,0.01984,0.02507,0.44943,0.02248
0.04555,0.03012,0.03000,0.03361,0.03807,0.02573,0.02662,0.05442,0.03477,0.52744,0.02788,0.01983,0.05598,0.04995
0.03632,0.03735,0.02311,0.03665,0.03579,0.05132,0.06007,0.51976,0.03251,0.02324,0.04575,0.03168,0.02317,0.04327
0.02072,0.03119,0.02888,0.02746,0.05162,0.02571,0.03489,0.57181,0.02927,0.02252,0.02474,0.01760,0.08501,0.02858
0.02638,0.04395,0.31472,0.33103,0.02712,0.02837,0.02530,0.02740,0.02378,0.03063,0.03243,0.02739,0.02774,0.03377
0.03384,0.02701,0.03491,0.02775,0.03817,0.02303,0.02903,0.55314,0.03539,0.02850,0.02492,0.02399,0.08428,0.03605
0.03429,0.04657,0.27653,0.21526,0.02866,0.03319,0.02758,0.02869,0.03887,0.03767,0.04608,0.03690,0.04736,0.10236
0.02655,0.02657,0.04124,0.03685,0.02905,0.03578,0.04114,0.02957,0.03798,0.02517,0.23056,0.19403,0.20577,0.03974
0.02803,0.02530,0.02947,0.02701,0.03185,0.02751,0.03182,0.04545,0.02560,0.57010,0.02645,0.02247,0.05476,0.05417
0.03262,0.04835,0.34636,0.13118,0.03691,0.03181,0.02780,0.03256,0.04458,0.03401,0.03724,0.02795,0.13253,0.03610
0.04029,0.03859,0.05478,0.03566,0.04197,0.03978,0.04880,0.03766,0.03987,0.03800,0.12131,0.22999,0.17068,0.06262
0.02800,0.03831,0.02477,0.02190,0.04305,0.02029,0.02245,0.03134,0.26650,0.37928,0.02308,0.02784,0.03384,0.03936
0.04135,0.06437,0.03266,0.03027,0.05603,0.04110,0.06810,0.17318,0.03852,0.03216,0.02654,0.02595,0.34467,0.02511
0.02208,0.02403,0.02438,0.04916,0.03237,0.02520,0.02321,0.64159,0.03226,0.02597,0.01638,0.01914,0.04170,0.02254
0.01980,0.02177,0.02107,0.02118,0.01832,0.02122,0.01595,0.73805,0.02866,0.01488,0.01771,0.02078,0.02732,0.01328
0.02583,0.02600,0.03665,0.03199,0.05089,0.02723,0.03557,0.02760,0.03785,0.02640,0.03206,0.18708,0.42312,0.03172
0.04410,0.04036,0.03784,0.03561,0.04024,0.04381,0.10066,0.25400,0.06274,0.04328,0.03434,0.03121,0.19367,0.03814
0.03046,0.29575,0.02931,0.04939,0.02891,0.03847,0.03234,0.02281,0.03069,0.03183,0.01939,0.03455,0.32423,0.03186
0.02664,0.03256,0.04436,0.03170,0.02857,0.02998,0.04623,0.02983,0.03627,0.02821,0.18137,0.25238,0.05020,0.18170
0.02424,0.04475,0.02222,0.03223,0.08368,0.53008,0.03476,0.02454,0.03850,0.02509,0.02265,0.02704,0.07121,0.01903
0.04324,0.05813,0.03104,0.03352,0.09908,0.42800,0.02955,0.03705,0.03399,0.03385,0.02088,0.02099,0.10797,0.02271
0.03124,0.03472,0.02743,0.03802,0.03611,0.03509,0.02255,0.53081,0.04306,0.03154,0.02176,0.01967,0.09206,0.03595
0.03958,0.04734,0.03415,0.05113,0.06430,0.04083,0.11163,0.23949,0.05560,0.03401,0.04330,0.04267,0.09777,0.09820
0.05130,0.04006,0.02619,0.03037,0.04611,0.03752,0.17087,0.39947,0.03669,0.03585,0.04621,0.02770,0.02340,0.02824
0.02111,0.01793,0.02380,0.46750,0.02453,0.02293,0.02210,0.01803,0.02650,0.01989,0.02312,0.02922,0.25597,0.02738
0.04946,0.03649,0.03017,0.04444,0.03019,0.03311,0.03833,0.03775,0.03320,0.04278,0.02415,0.26228,0.22543,0.11221
0.04267,0.02850,0.03586,0.04745,0.03313,0.03058,0.03349,0.02924,0.03157,0.02675,0.05700,0.43657,0.13663,0.03056
0.01279,0.01893,0.01995,0.01375,0.01261,0.01911,0.01805,0.01849,0.01814,0.01409,0.01621,0.78622,0.01747,0.01420
0.03924,0.04055,0.03548,0.02719,0.04290,0.03853,0.04886,0.41664,0.03299,0.03040,0.03321,0.02858,0.05467,0.13075
0.02338,0.02848,0.02919,0.02768,0.04478,0.03412,0.04910,0.49978,0.03832,0.02502,0.03097,0.03765,0.02650,0.10504
0.03858,0.04004,0.03900,0.03788,0.14404,0.34761,0.04416,0.05132,0.04395,0.03757,0.04755,0.03790,0.04554,0.04488
0.03866,0.03100,0.03207,0.02750,0.04355,0.02322,0.02594,0.03496,0.07586,0.45271,0.03575,0.02839,0.05910,0.09128
0.03926,0.03244,0.03271,0.02636,0.05615,0.50607,0.03410,0.02421,0.02780,0.02189,0.02085,0.01958,0.13704,0.02154
0.03277,0.03938,0.03652,0.02794,0.05987,0.03544,0.26519,0.20081,0.03442,0.04879,0.05022,0.02718,0.09635,0.04511
0.04050,0.05019,0.02412,0.03364,0.04200,0.57916,0.03081,0.03350,0.02986,0.02161,0.02123,0.02419,0.04226,0.02693
0.03754,0.04251,0.05655,0.52927,0.02458,0.02885,0.02058,0.02712,0.03290,0.03323,0.03032,0.02955,0.03165,0.07536
0.03130,0.04660,0.02659,0.02883,0.02091,0.01924,0.02469,0.03480,0.02514,0.50676,0.02205,0.02791,0.03166,0.15354
0.02924,0.02635,0.03598,0.02193,0.02862,0.50179,0.02680,0.01906,0.02336,0.02293,0.01562,0.01981,0.21266,0.01586
0.04160,0.46488,0.02402,0.02806,0.03392,0.02451,0.03644,0.03763,0.03642,0.03418,0.02623,0.02767,0.03748,0.14696
0.04285,0.05078,0.03937,0.03364,0.26844,0.22051,0.03462,0.03682,0.04120,0.03023,0.03738,0.02693,0.09982,0.03741
0.03355,0.03642,0.04669,0.03389,0.03089,0.02511,0.02933,0.02388,0.03219,0.40005,0.02456,0.02822,0.12621,0.12902
0.03714,0.02682,0.04122,0.04172,0.04423,0.03175,0.04088,0.03564,0.04449,0.03277,0.03035,0.22742,0.32742,0.03814
0.02665,0.03805,0.03092,0.03240,0.03313,0.02666,0.03412,0.03361,0.47572,0.11149,0.02637,0.03171,0.05719,0.04199
0.03608,0.03420,0.04519,0.02694,0.03746,0.03201,0.02933,0.38774,0.04361,0.02895,0.02558,0.02486,0.21071,0.03732
0.04390,0.04324,0.03572,0.03538,0.06905,0.04183,0.07674,0.41382,0.04549,0.02599,0.02423,0.02833,0.08386,0.03243
0.04329,0.03880,0.02697,0.03304,0.05372,0.50347,0.02635,0.04157,0.05111,0.02397,0.03908,0.02595,0.03963,0.05305
0.02689,0.02858,0.03623,0.03235,0.02490,0.02201,0.02469,0.02330,0.02446,0.02043,0.02555,0.56472,0.11629,0.02961
0.03156,0.04768,0.02894,0.02067,0.03260,0.04164,0.33399,0.27647,0.02683,0.02886,0.04137,0.02174,0.02780,0.03987
0.01838,0.03852,0.03699,0.02256,0.04164,0.03276,0.03192,0.42277,0.03041,0.02205,0.02131,0.03067,0.22577,0.02426
0.03241,0.03397,0.03022,0.04462,0.18197,0.31057,0.02838,0.03153,0.02708,0.03083,0.03449,0.02233,0.15293,0.03868
0.03590,0.03173,0.02496,0.03487,0.03977,0.04106,0.17654,0.40729,0.03651,0.02524,0.04354,0.02554,0.03290,0.04416
0.02035,0.01913,0.02639,0.69867,0.02510,0.01725,0.01917,0.01537,0.01884,0.02969,0.03117,0.01692,0.03374,0.02821
0.03723,0.03765,0.03645,0.03568,0.04004,0.03235,0.12617,0.42172,0.03992,0.04301,0.04171,0.02809,0.03606,0.04392
0.02833,0.04198,0.03872,0.04801,0.06828,0.04082,0.05465,0.29501,0.03295,0.02917,0.03942,0.02807,0.15866,0.09593
0.02921,0.04112,0.02312,0.04564,0.03982,0.04584,0.13617,0.40936,0.03410,0.03211,0.04287,0.02670,0.02976,0.06419
0.02205,0.03120,0.03413,0.02632,0.05544,0.04148,0.09614,0.28912,0.03535,0.03233,0.02523,0.02378,0.26045,0.02697
0.03739,0.04276,0.03937,0.04799,0.06626,0.04663,0.15401,0.23022,0.04929,0.03845,0.03730,0.03514,0.06528,0.10992
0.03011,0.03099,0.03186,0.03146,0.04038,0.42530,0.03242,0.02317,0.02432,0.02914,0.02504,0.01752,0.22959,0.02870
0.03141,0.03460,0.04004,0.03145,0.04789,0.02651,0.03113,0.04404,0.03066,0.47255,0.02811,0.02081,0.11017,0.05062
0.02171,0.03271,0.02538,0.02139,0.01904,0.01661,0.01569,0.02002,0.04136,0.69706,0.01564,0.02075,0.01873,0.03391
0.03560,0.05441,0.04768,0.03001,0.04515,0.04534,0.04311,0.40155,0.03656,0.04282,0.02064,0.02589,0.05053,0.12071
