0.00841,0.00742,0.00829,0.01492,0.00371,0.02489,0.04739,0.00513,0.37705,0.00297,0.00029,0.00307,0.04841,0.43826,0.00980
0.00402,0.01148,0.00447,0.02877,0.02232,0.03731,0.00877,0.33547,0.00351,0.06384,0.05589,0.01172,0.01182,0.00325,0.39735
0.06246,0.00772,0.00508,0.04102,0.00761,0.14571,0.00342,0.27303,0.01094,0.04758,0.01552,0.00121,0.01007,0.00136,0.36728
0.02966,0.01188,0.00229,0.00641,0.00712,0.01196,0.44564,0.00893,0.01255,0.01347,0.00683,0.00668,0.00634,0.00533,0.42490
0.01102,0.00468,0.03399,0.00128,0.32387,0.08617,0.01913,0.07589,0.36322,0.01334,0.00739,0.00351,0.00472,0.00300,0.04880
0.00478,0.00944,0.02370,0.00174,0.01446,0.09296,0.00370,0.36593,0.00702,0.00598,0.00394,0.00636,0.01575,0.00145,0.44279
0.01965,0.00393,0.01207,0.08779,0.00497,0.02005,0.01787,0.36210,0.01752,0.00982,0.00459,0.00686,0.00249,0.01508,0.41523
0.01503,0.00595,0.02331,0.00682,0.00510,0.00417,0.00601,0.00689,0.00926,0.00600,0.00243,0.46343,0.00305,0.43812,0.00445
0.00157,0.00484,0.02587,0.00580,0.00290,0.02922,0.09306,0.31339,0.00870,0.00522,0.01020,0.04548,0.00544,0.02530,0.42300
0.00664,0.01085,0.00180,0.00250,0.00454,0.01502,0.03107,0.01007,0.02241,0.41883,0.43313,0.01337,0.00540,0.02095,0.00341
0.03364,0.03179,0.00369,0.02016,0.01413,0.08736,0.01209,0.04245,0.03337,0.31433,0.38711,0.00773,0.00496,0.00276,0.00442
0.05935,0.01121,0.03230,0.00391,0.00211,0.01091,0.00636,0.00753,0.01114,0.39812,0.42873,0.00823,0.01201,0.00508,0.00299
0.00461,0.00903,0.00374,0.01506,0.00852,0.01751,0.01246,0.34828,0.00471,0.00493,0.09837,0.00129,0.00813,0.00250,0.46085
0.02789,0.42308,0.00500,0.00837,0.44137,0.01266,0.00394,0.02171,0.00855,0.01201,0.00444,0.00698,0.00353,0.00611,0.01434
0.00253,0.01284,0.00146,0.00192,0.01829,0.00688,0.03995,0.01783,0.39783,0.00910,0.01518,0.00183,0.01352,0.45524,0.00559
0.00502,0.21840,0.01531,0.01608,0.25814,0.00406,0.00570,0.01416,0.21483,0.00141,0.01013,0.00367,0.00663,0.21771,0.00875
0.00089,0.02628,0.00253,0.10397,0.00321,0.42756,0.01812,0.35142,0.00538,0.01199,0.00976,0.00673,0.02262,0.00759,0.00195
0.01661,0.04369,0.00543,0.01862,0.00283,0.01433,0.01551,0.39385,0.00659,0.01483,0.00313,0.00342,0.00078,0.00589,0.45450
0.01027,0.00999,0.00588,0.44531,0.46398,0.00231,0.02036,0.01057,0.01145,0.00306,0.00400,0.00088,0.00728,0.00212,0.00255
0.00174,0.37333,0.04229,0.00128,0.37966,0.00068,0.00806,0.00910,0.07671,0.00306,0.01261,0.00196,0.00101,0.08281,0.00571
0.00566,0.00729,0.00324,0.38049,0.34892,0.00458,0.00232,0.09760,0.03764,0.00655,0.00255,0.00395,0.00202,0.00245,0.09474
0.00406,0.00427,0.00365,0.00485,0.02029,0.46949,0.00099,0.02497,0.00288,0.00462,0.01145,0.43422,0.00144,0.00067,0.01214
0.00333,0.00608,0.00315,0.00180,0.00637,0.01256,0.05340,0.01294,0.41143,0.00204,0.00182,0.00567,0.00808,0.46197,0.00936
0.00207,0.00701,0.00457,0.01202,0.00312,0.04454,0.03948,0.01249,0.37822,0.00184,0.00740,0.00431,0.01738,0.45316,0.01239
0.00441,0.00778,0.01469,0.00636,0.00195,0.01672,0.05612,0.37212,0.00679,0.00938,0.02241,0.00519,0.00577,0.00296,0.46737
0.00768,0.01425,0.00581,0.00158,0.00082,0.02536,0.02143,0.41113,0.00189,0.00507,0.00372,0.01057,0.00708,0.01148,0.47213
0.00371,0.04897,0.04024,0.00686,0.03959,0.01407,0.01328,0.01114,0.00503,0.36469,0.40465,0.00660,0.02898,0.00401,0.00818
0.00872,0.00282,0.01417,0.00115,0.00823,0.10913,0.00583,0.34365,0.01018,0.00615,0.01611,0.00104,0.01553,0.00332,0.45396
0.38946,0.03954,0.37589,0.00760,0.00376,0.02457,0.03790,0.03013,0.01079,0.05843,0.00667,0.00176,0.00527,0.00450,0.00375
0.00616,0.00291,0.00317,0.08444,0.00121,0.01033,0.02672,0.00251,0.00053,0.40610,0.44572,0.00094,0.00086,0.00272,0.00568
0.00722,0.03422,0.00906,0.00507,0.00539,0.46380,0.02571,0.00327,0.00261,0.00959,0.01894,0.41187,0.00075,0.00130,0.00120
0.00453,0.00243,0.00472,0.01402,0.00437,0.08622,0.02208,0.06226,0.00272,0.33423,0.43560,0.00340,0.01790,0.00319,0.00234
0.00730,0.00343,0.00610,0.01405,0.02945,0.02866,0.43815,0.01300,0.01008,0.00178,0.00550,0.04266,0.00290,0.00226,0.39468
0.00216,0.00981,0.87809,0.03688,0.00927,0.02515,0.00411,0.00666,0.00425,0.00686,0.00309,0.00166,0.00689,0.00233,0.00279
0.01489,0.00255,0.00730,0.00727,0.00286,0.34774,0.00726,0.08241,0.02029,0.02992,0.04342,0.29670,0.01110,0.00445,0.12183
0.01116,0.00477,0.01535,0.01743,0.00422,0.03942,0.01145,0.01377,0.00975,0.39582,0.46329,0.00475,0.00398,0.00245,0.00237
0.02044,0.01797,0.02947,0.00366,0.00971,0.03013,0.07949,0.01277,0.00195,0.33965,0.42489,0.00265,0.00279,0.00297,0.02146
0.00292,0.00408,0.00805,0.00161,0.00172,0.00256,0.07542,0.01277,0.38009,0.00595,0.02524,0.00278,0.00479,0.45641,0.01563
0.37633,0.00277,0.02088,0.42111,0.01530,0.07649,0.02247,0.01220,0.00363,0.01536,0.00910,0.01043,0.00444,0.00486,0.00465
0.01706,0.00255,0.00646,0.00300,0.00412,0.03063,0.03149,0.02111,0.37813,0.00860,0.04490,0.00552,0.00156,0.43774,0.00715
0.00049,0.20443,0.00511,0.02189,0.21348,0.01490,0.00709,0.18563,0.00354,0.00981,0.01097,0.05990,0.00546,0.04330,0.21401
0.00622,0.12939,0.24524,0.10347,0.13534,0.01020,0.04971,0.00771,0.00425,0.01086,0.02512,0.01136,0.24073,0.01341,0.00701
0.00254,0.00344,0.89323,0.00491,0.00182,0.01344,0.04163,0.00146,0.00780,0.00466,0.00481,0.00832,0.00352,0.00473,0.00370
0.00351,0.01678,0.00646,0.00651,0.00699,0.04568,0.01131,0.15272,0.24587,0.01809,0.01214,0.00998,0.00720,0.27137,0.18538
0.07176,0.01213,0.22387,0.01390,0.01896,0.22142,0.00766,0.04662,0.00454,0.02292,0.01210,0.20993,0.01617,0.04520,0.07281
0.00373,0.00277,0.00514,0.00459,0.00532,0.08555,0.00334,0.35423,0.00599,0.02058,0.00299,0.00889,0.02983,0.01082,0.45622
0.00835,0.01018,0.01704,0.00502,0.00907,0.03880,0.02995,0.33666,0.00775,0.00461,0.00878,0.00638,0.07602,0.00132,0.44009
0.01008,0.01178,0.00252,0.00640,0.01116,0.36551,0.02919,0.03668,0.01331,0.01827,0.03898,0.30380,0.06755,0.00284,0.08193
0.01363,0.00434,0.01024,0.01382,0.00973,0.09240,0.04991,0.31316,0.00878,0.00709,0.00609,0.00706,0.01413,0.00282,0.44682
0.00518,0.00454,0.00235,0.00296,0.00741,0.05186,0.01917,0.28624,0.00895,0.00667,0.05705,0.07497,0.00345,0.07554,0.39364
0.00531,0.13728,0.01328,0.01055,0.00474,0.04645,0.02856,0.00627,0.16600,0.23461,0.28851,0.01004,0.02001,0.01751,0.01087
0.05627,0.00828,0.00331,0.00443,0.00447,0.01952,0.02605,0.02152,0.43530,0.00907,0.00866,0.00107,0.00185,0.39363,0.00658
0.27759,0.31215,0.29346,0.00293,0.00360,0.07524,0.00389,0.01168,0.00363,0.00461,0.00288,0.00202,0.00163,0.00226,0.00242
0.00503,0.00622,0.00402,0.01766,0.00286,0.11170,0.01084,0.03009,0.00418,0.35107,0.43572,0.00704,0.00318,0.00182,0.00858
0.02711,0.02681,0.00090,0.00457,0.00472,0.02254,0.07200,0.01868,0.01054,0.35131,0.42341,0.01568,0.01120,0.00607,0.00446
0.01037,0.00385,0.87233,0.01473,0.01618,0.00930,0.00226,0.01442,0.00633,0.01639,0.00541,0.00460,0.00903,0.00548,0.00934
0.00850,0.00620,0.00195,0.06651,0.01039,0.03229,0.01055,0.00411,0.37950,0.00334,0.00848,0.00453,0.03291,0.42062,0.01013
0.59970,0.00572,0.00980,0.00402,0.00363,0.13423,0.01926,0.02303,0.04637,0.01598,0.00863,0.03116,0.01363,0.07827,0.00657
0.42157,0.00946,0.00300,0.00251,0.02176,0.01860,0.00876,0.00971,0.45553,0.00349,0.00923,0.00476,0.00352,0.01977,0.00833
0.00061,0.01123,0.00248,0.02175,0.00085,0.48089,0.00038,0.47579,0.00027,0.00156,0.00195,0.00040,0.00077,0.00049,0.00057
0.00351,0.00168,0.00220,0.00802,0.00640,0.01767,0.06031,0.00445,0.00141,0.37637,0.46889,0.00251,0.03644,0.00445,0.00569
0.01110,0.05971,0.00336,0.02377,0.08080,0.05843,0.01948,0.30108,0.00170,0.01258,0.01923,0.01128,0.01164,0.00502,0.38082
0.00663,0.40362,0.00934,0.00423,0.45449,0.04094,0.01114,0.00956,0.02624,0.00585,0.00757,0.00754,0.00183,0.00796,0.00307
0.01004,0.00825,0.02947,0.23197,0.46044,0.00379,0.00671,0.01011,0.18594,0.01601,0.00885,0.00681,0.00474,0.01356,0.00330
0.02823,0.00703,0.00824,0.01011,0.00319,0.01985,0.00392,0.01100,0.00161,0.39778,0.48530,0.00911,0.00787,0.00243,0.00432
0.01146,0.01221,0.00646,0.00406,0.01136,0.01481,0.06028,0.00719,0.01011,0.37745,0.44447,0.02750,0.00630,0.00419,0.00215
0.45768,0.00342,0.43395,0.00408,0.00296,0.00537,0.00336,0.00864,0.00503,0.01302,0.05178,0.00367,0.00159,0.00130,0.00415
0.02401,0.01242,0.00878,0.02080,0.01003,0.01310,0.00674,0.38027,0.00709,0.02614,0.05193,0.00064,0.00301,0.00496,0.43008
0.02700,0.00842,0.00309,0.39687,0.03402,0.40362,0.00412,0.04636,0.00559,0.00702,0.01090,0.00323,0.00595,0.00465,0.03917
0.00712,0.00223,0.00839,0.00862,0.00573,0.09170,0.03297,0.08138,0.34229,0.00985,0.00416,0.00583,0.00236,0.39349,0.00388
0.01681,0.00689,0.00304,0.00438,0.00933,0.11717,0.00903,0.01382,0.15875,0.17153,0.19995,0.11396,0.00908,0.16006,0.00623
0.00332,0.00704,0.00269,0.00114,0.00199,0.12467,0.00413,0.31511,0.00133,0.02440,0.00716,0.00135,0.06102,0.00144,0.44320
0.13961,0.29187,0.15823,0.01895,0.26566,0.03447,0.00894,0.02737,0.01021,0.00342,0.00132,0.03282,0.00343,0.00210,0.00160
0.00324,0.00868,0.00353,0.00653,0.02051,0.03485,0.00374,0.00474,0.43169,0.01010,0.00241,0.00783,0.00456,0.45587,0.00172
0.00150,0.00595,0.02530,0.00759,0.01953,0.06116,0.03501,0.36654,0.00302,0.01076,0.00505,0.00407,0.00243,0.00443,0.44767
0.44785,0.02123,0.44199,0.00787,0.01919,0.01394,0.00353,0.00949,0.00495,0.00711,0.00385,0.00541,0.00450,0.00217,0.00691
0.05781,0.03576,0.01553,0.01761,0.01101,0.02576,0.02482,0.00952,0.01703,0.34880,0.37751,0.01801,0.01162,0.00787,0.02134
0.02172,0.32724,0.00865,0.00710,0.35105,0.01657,0.01891,0.02421,0.00470,0.07938,0.11073,0.01298,0.00371,0.00508,0.00796
0.00053,0.00551,0.00066,0.00005,0.00095,0.48002,0.00191,0.48519,0.00091,0.00867,0.01023,0.00112,0.00075,0.00028,0.00322
0.02460,0.02802,0.01346,0.00142,0.01455,0.03790,0.01922,0.37650,0.00287,0.01073,0.02728,0.00169,0.00888,0.00453,0.42835
0.00398,0.01071,0.12475,0.00197,0.01328,0.11809,0.00544,0.27626,0.01553,0.00442,0.15159,0.00489,0.00442,0.00822,0.25647
0.01193,0.00265,0.00470,0.00361,0.00516,0.01050,0.00922,0.00463,0.01451,0.38626,0.44543,0.00407,0.07970,0.01187,0.00575
0.47732,0.00851,0.41299,0.00491,0.01581,0.01829,0.00169,0.03339,0.00822,0.00316,0.00375,0.00185,0.00204,0.00214,0.00594
0.00130,0.04891,0.00158,0.00129,0.02189,0.45809,0.01266,0.44334,0.00480,0.00130,0.00207,0.00075,0.00050,0.00109,0.00043
0.01136,0.00829,0.00895,0.01519,0.02417,0.00845,0.01348,0.03144,0.39953,0.00265,0.00412,0.00899,0.00610,0.43352,0.02375
0.42681,0.45589,0.00229,0.00447,0.01326,0.03246,0.00066,0.00406,0.01176,0.00671,0.01874,0.00667,0.00328,0.00508,0.00785
0.01425,0.08068,0.00661,0.01691,0.08783,0.01565,0.00712,0.02719,0.00616,0.31839,0.37532,0.00646,0.00983,0.00844,0.01915
0.02815,0.00204,0.01284,0.01004,0.00251,0.07591,0.00717,0.00683,0.00846,0.39354,0.44039,0.00274,0.00142,0.00275,0.00522
0.00404,0.00696,0.00314,0.00376,0.00683,0.02896,0.02989,0.37313,0.00256,0.01588,0.04410,0.00586,0.02330,0.00108,0.45051
0.01456,0.00357,0.05366,0.00438,0.00476,0.33572,0.00521,0.00376,0.02988,0.00264,0.01999,0.40186,0.00820,0.10851,0.00329
0.00460,0.03604,0.04523,0.01028,0.00364,0.00306,0.01591,0.00782,0.39696,0.00692,0.00310,0.02003,0.00084,0.43499,0.01059
0.00347,0.00374,0.00562,0.01730,0.00779,0.03034,0.00867,0.38730,0.01112,0.00497,0.01100,0.02206,0.00466,0.03100,0.45096
0.00288,0.01520,0.73614,0.00955,0.00755,0.02672,0.00502,0.00971,0.01102,0.06290,0.06680,0.01405,0.00110,0.00693,0.02443
0.00180,0.00242,0.00250,0.46711,0.47858,0.01441,0.00290,0.00649,0.00823,0.00177,0.00502,0.00108,0.00512,0.00084,0.00173
0.00201,0.00284,0.00211,0.00349,0.00087,0.05008,0.01008,0.32750,0.00119,0.04480,0.04946,0.00334,0.06069,0.00042,0.44112
0.00756,0.00209,0.02298,0.00562,0.39442,0.05889,0.00710,0.01460,0.44294,0.01447,0.00824,0.00158,0.00620,0.00614,0.00718
0.45524,0.00888,0.00616,0.00286,0.00261,0.00424,0.00715,0.00541,0.45563,0.00881,0.02544,0.00155,0.00872,0.00378,0.00352
0.00386,0.00139,0.92192,0.00940,0.01420,0.02549,0.00466,0.00215,0.00142,0.00101,0.00276,0.00370,0.00424,0.00249,0.00130
0.00195,0.02256,0.01899,0.00539,0.01399,0.04004,0.08620,0.01385,0.00176,0.34554,0.44107,0.00248,0.00224,0.00227,0.00166
0.00704,0.00869,0.00216,0.00862,0.00838,0.03933,0.02761,0.35797,0.00693,0.01260,0.04922,0.00351,0.01398,0.00138,0.45259
0.00180,0.00637,0.01366,0.00247,0.00098,0.01784,0.08174,0.01067,0.37684,0.00294,0.00284,0.00179,0.01432,0.45495,0.01079
0.00128,0.00462,0.00120,0.00162,0.00450,0.02185,0.04901,0.00510,0.40905,0.00615,0.00161,0.01177,0.01315,0.46200,0.00708
0.00236,0.00136,0.00735,0.00478,0.00473,0.09775,0.03749,0.34839,0.00241,0.00176,0.00554,0.00310,0.01282,0.00441,0.46575
0.00463,0.01109,0.00304,0.01684,0.00895,0.08858,0.02415,0.34008,0.00198,0.01184,0.01560,0.00283,0.00882,0.00169,0.45989
0.00225,0.00298,0.03306,0.01223,0.00184,0.02884,0.02016,0.05864,0.00328,0.34355,0.41041,0.00259,0.01528,0.00311,0.06178
0.00322,0.00481,0.00627,0.00415,0.00993,0.45476,0.01581,0.01494,0.01067,0.01361,0.01059,0.41078,0.01258,0.00737,0.02051
0.45660,0.00248,0.43413,0.00640,0.00231,0.02753,0.00291,0.00773,0.01436,0.01856,0.00854,0.00370,0.00157,0.00959,0.00357
0.00557,0.32419,0.00945,0.00734,0.28725,0.01432,0.00358,0.00620,0.00437,0.11721,0.10301,0.00182,0.11010,0.00079,0.00480
0.00474,0.00593,0.00642,0.00718,0.03612,0.07044,0.02657,0.04972,0.00216,0.35635,0.41864,0.00597,0.00350,0.00509,0.00115
0.00872,0.00329,0.91151,0.00740,0.00091,0.04493,0.00512,0.00599,0.00334,0.00153,0.00108,0.00073,0.00161,0.00243,0.00142
0.00644,0.01000,0.03184,0.00525,0.01086,0.05591,0.23373,0.14865,0.00563,0.04308,0.02939,0.00859,0.02423,0.00939,0.37700
0.02630,0.02000,0.10398,0.00763,0.01943,0.02113,0.00468,0.29413,0.00592,0.04062,0.08431,0.00490,0.00512,0.00099,0.36086
0.00275,0.00363,0.00439,0.01219,0.00422,0.46485,0.02120,0.02425,0.01096,0.02240,0.03036,0.39009,0.00452,0.00146,0.00273
0.01085,0.33409,0.01357,0.02385,0.05746,0.12871,0.00473,0.07340,0.25211,0.00580,0.00411,0.00407,0.01235,0.00418,0.07072
0.00464,0.00614,0.00340,0.00780,0.00425,0.01722,0.00695,0.35993,0.00664,0.00831,0.07144,0.00586,0.01768,0.02297,0.45678
0.00497,0.00495,0.00787,0.01621,0.01157,0.01063,0.00274,0.36148,0.00318,0.03550,0.06587,0.00534,0.02664,0.00207,0.44099
0.00385,0.01971,0.03547,0.04018,0.01883,0.44026,0.01533,0.01599,0.00793,0.01890,0.00717,0.35260,0.00858,0.00626,0.00895
0.01707,0.00185,0.00165,0.00111,0.00248,0.01164,0.11371,0.02820,0.00102,0.40293,0.40891,0.00700,0.00090,0.00086,0.00066
0.44934,0.45964,0.00526,0.00708,0.00442,0.00691,0.01257,0.01713,0.00456,0.00680,0.00244,0.00201,0.00865,0.00201,0.01119
0.00833,0.45351,0.01164,0.00628,0.46698,0.00338,0.00494,0.00304,0.00129,0.00525,0.00633,0.00858,0.00680,0.01150,0.00216
0.00534,0.00262,0.00347,0.02986,0.06101,0.01582,0.05286,0.04406,0.35151,0.00783,0.00384,0.00126,0.01095,0.39403,0.01557
0.00301,0.00284,0.00740,0.01020,0.00218,0.03794,0.03154,0.00615,0.40906,0.00196,0.00193,0.00618,0.00096,0.47485,0.00379
0.00169,0.44309,0.00283,0.00200,0.47383,0.02342,0.00466,0.00524,0.02228,0.00474,0.00161,0.00430,0.00237,0.00617,0.00175
0.00627,0.01859,0.00336,0.00838,0.00824,0.02666,0.00759,0.00852,0.39140,0.04649,0.03200,0.00206,0.00659,0.42987,0.00397
0.10055,0.12901,0.01050,0.00564,0.00359,0.01103,0.05637,0.00906,0.00400,0.25917,0.36512,0.01569,0.00464,0.00672,0.01890
0.01572,0.37470,0.00287,0.04431,0.37719,0.01927,0.00602,0.00665,0.11033,0.00378,0.01357,0.00538,0.00247,0.01304,0.00471
0.00624,0.00959,0.00367,0.01121,0.00527,0.06923,0.00867,0.26765,0.09539,0.02053,0.05041,0.01004,0.00515,0.10645,0.33049
0.04902,0.24402,0.00908,0.00356,0.27631,0.01894,0.00580,0.16571,0.00854,0.00449,0.00578,0.00776,0.00529,0.00737,0.18833
0.00478,0.01193,0.00786,0.04278,0.02858,0.04348,0.01166,0.01100,0.00405,0.38699,0.42886,0.01245,0.00220,0.00123,0.00214
0.00221,0.44191,0.01127,0.00798,0.47276,0.01164,0.00725,0.00888,0.00818,0.00644,0.00487,0.00114,0.01129,0.00176,0.00242
0.07372,0.01069,0.01543,0.00574,0.01694,0.01579,0.30430,0.08372,0.07061,0.00175,0.01771,0.00725,0.00477,0.02289,0.34870
0.00581,0.01159,0.00134,0.00176,0.00211,0.47419,0.01088,0.00322,0.00454,0.00566,0.04502,0.40558,0.01846,0.00311,0.00673
0.06980,0.01431,0.11020,0.02980,0.03108,0.04792,0.15714,0.01828,0.00752,0.16464,0.19024,0.00411,0.01567,0.00403,0.13526
0.05235,0.01081,0.01940,0.00441,0.00825,0.00624,0.01445,0.07415,0.24300,0.04963,0.02439,0.09396,0.02966,0.29372,0.07559
0.00944,0.01177,0.83704,0.00458,0.00431,0.02698,0.00342,0.01161,0.00932,0.01440,0.02772,0.00386,0.00771,0.02246,0.00537
0.00921,0.00176,0.00706,0.00241,0.00294,0.01679,0.10252,0.01879,0.00124,0.34675,0.46864,0.00146,0.01784,0.00155,0.00104
0.00727,0.00818,0.00396,0.01449,0.00674,0.00643,0.03158,0.00778,0.41227,0.00074,0.00555,0.03043,0.00134,0.46124,0.00200
0.00388,0.01446,0.00296,0.00528,0.00763,0.04251,0.01793,0.01569,0.39726,0.00858,0.00243,0.00262,0.00298,0.44728,0.02852
0.00700,0.02821,0.00147,0.00575,0.01125,0.06684,0.00579,0.37653,0.00826,0.00588,0.10741,0.00062,0.02634,0.00192,0.34671
0.00549,0.00950,0.00678,0.03566,0.01868,0.00328,0.02616,0.00701,0.39598,0.06917,0.00249,0.00373,0.00457,0.40832,0.00319
0.00196,0.08501,0.01473,0.00180,0.04066,0.02361,0.09797,0.28189,0.00138,0.00662,0.02052,0.00614,0.00713,0.02129,0.38928
0.00565,0.01645,0.05214,0.00526,0.00690,0.00456,0.15056,0.14980,0.00166,0.18559,0.29055,0.00205,0.00233,0.00369,0.12282
0.01327,0.00260,0.00816,0.00667,0.00227,0.00902,0.00763,0.34923,0.00230,0.01334,0.11413,0.00239,0.00232,0.00138,0.46529
0.00150,0.01905,0.00829,0.00656,0.00197,0.03406,0.01063,0.03363,0.39676,0.00455,0.02077,0.00262,0.00416,0.44637,0.00906
0.00490,0.00600,0.00351,0.00876,0.00356,0.02802,0.39553,0.04026,0.00389,0.03031,0.02840,0.01353,0.02637,0.00431,0.40267
0.00158,0.02277,0.00437,0.00342,0.03061,0.04456,0.01339,0.37931,0.00508,0.00131,0.00934,0.00846,0.00293,0.01602,0.45686
0.01215,0.00741,0.00211,0.00484,0.02565,0.44701,0.01497,0.01137,0.00136,0.03077,0.05477,0.37937,0.00218,0.00148,0.00455
0.24957,0.00445,0.21325,0.00780,0.00682,0.01356,0.04000,0.00983,0.19004,0.01000,0.02641,0.00263,0.00599,0.21416,0.00549
0.44678,0.00146,0.40438,0.02388,0.00260,0.01884,0.00747,0.01144,0.00242,0.01480,0.05040,0.00270,0.00704,0.00207,0.00373
0.00319,0.01345,0.00169,0.46782,0.44220,0.00174,0.01276,0.01861,0.00351,0.00246,0.01928,0.00371,0.00374,0.00177,0.00408
0.00238,0.00179,0.94035,0.00337,0.00234,0.00518,0.00669,0.01092,0.00219,0.00441,0.00734,0.00584,0.00216,0.00140,0.00364
0.02746,0.00469,0.00318,0.25524,0.28234,0.06725,0.00093,0.02305,0.14489,0.00671,0.00401,0.00389,0.00917,0.15966,0.00753
0.00301,0.00151,0.00238,0.00431,0.00623,0.00679,0.03826,0.01166,0.00197,0.00998,0.00385,0.46555,0.00345,0.41429,0.02676
0.04095,0.01191,0.43653,0.00712,0.00360,0.00681,0.00458,0.00617,0.01330,0.01746,0.00302,0.25377,0.00496,0.18282,0.00699
0.01977,0.00375,0.00781,0.00224,0.00292,0.12146,0.00601,0.27640,0.00581,0.01296,0.06671,0.00395,0.03110,0.01436,0.42476
0.33724,0.00419,0.28045,0.01980,0.01448,0.06581,0.00751,0.11352,0.00981,0.00364,0.00338,0.00836,0.00329,0.00531,0.12320
0.01893,0.01475,0.02043,0.05101,0.04911,0.09599,0.01053,0.04719,0.00769,0.27844,0.34604,0.00367,0.01181,0.00970,0.03470
0.00254,0.00419,0.00169,0.04851,0.01570,0.00490,0.05211,0.00330,0.01683,0.39111,0.44975,0.00224,0.00256,0.00306,0.00151
0.21214,0.00665,0.22213,0.00349,0.00868,0.00175,0.24776,0.00809,0.01428,0.01823,0.00874,0.01417,0.00717,0.00670,0.22000
0.07754,0.10696,0.01512,0.01050,0.00627,0.06171,0.04976,0.02692,0.19702,0.06339,0.10557,0.00982,0.00360,0.23459,0.03123
0.06091,0.00832,0.00414,0.00665,0.00468,0.03099,0.01213,0.00685,0.37512,0.00870,0.01700,0.02242,0.00436,0.43339,0.00434
0.01257,0.00140,0.00184,0.00085,0.00078,0.08844,0.02509,0.00499,0.35342,0.00183,0.01295,0.00594,0.03661,0.44931,0.00399
0.01565,0.04727,0.00731,0.01222,0.00318,0.00635,0.00891,0.00711,0.36162,0.04983,0.03219,0.02467,0.02504,0.39321,0.00545
0.00247,0.01858,0.00776,0.01046,0.00766,0.00951,0.03154,0.00311,0.41161,0.00962,0.00455,0.00250,0.01849,0.44857,0.01357
0.00170,0.00954,0.85909,0.00673,0.00297,0.01709,0.01557,0.01463,0.01203,0.02054,0.01756,0.00242,0.01130,0.00236,0.00647
0.00524,0.00528,0.00096,0.00416,0.02162,0.06179,0.01717,0.00960,0.01114,0.00439,0.00230,0.45182,0.00359,0.39667,0.00427
0.07272,0.00805,0.02873,0.00621,0.02356,0.05732,0.00324,0.00545,0.37470,0.01547,0.00262,0.02167,0.00490,0.37173,0.00364
0.01084,0.42809,0.01261,0.00437,0.44848,0.00760,0.01139,0.02472,0.01104,0.00637,0.00541,0.00216,0.00745,0.00367,0.01579
0.00782,0.38900,0.00287,0.00812,0.41594,0.04548,0.01793,0.04290,0.00656,0.00759,0.01527,0.00575,0.01102,0.00608,0.01769
0.01598,0.00407,0.00511,0.00122,0.00913,0.03244,0.00710,0.37787,0.00051,0.01476,0.01279,0.00292,0.04810,0.00359,0.46442
0.01039,0.00516,0.00230,0.01332,0.00520,0.02617,0.00145,0.00341,0.41482,0.00485,0.00379,0.02410,0.00130,0.47699,0.00675
0.00338,0.00348,0.00324,0.04307,0.00435,0.00672,0.00254,0.00469,0.42753,0.03606,0.00272,0.00521,0.00169,0.45199,0.00334
0.00450,0.00870,0.04067,0.00770,0.00416,0.12751,0.00813,0.34638,0.00519,0.01677,0.00706,0.00273,0.00832,0.00188,0.41030
0.01703,0.00529,0.02605,0.00425,0.00322,0.05350,0.02008,0.35360,0.00358,0.00835,0.02142,0.00700,0.02205,0.00350,0.45108
0.45857,0.00367,0.39769,0.00317,0.00144,0.01627,0.00399,0.01525,0.00402,0.00669,0.06435,0.00089,0.01889,0.00106,0.00406
0.00538,0.02009,0.00501,0.02171,0.01272,0.02324,0.00822,0.05895,0.04463,0.31849,0.37880,0.00496,0.00960,0.03618,0.05201
0.00350,0.00558,0.00211,0.47693,0.47618,0.00334,0.00732,0.00291,0.00077,0.00171,0.01294,0.00017,0.00075,0.00056,0.00524
0.00270,0.00334,0.00180,0.00125,0.01270,0.02739,0.02729,0.37365,0.00882,0.02277,0.01945,0.00286,0.04077,0.00346,0.45176
0.00227,0.03244,0.02101,0.00168,0.00715,0.01016,0.07806,0.00902,0.00606,0.35693,0.45278,0.00623,0.00659,0.00693,0.00269
0.01254,0.00482,0.00400,0.00450,0.00883,0.04583,0.02536,0.00382,0.01097,0.39850,0.45526,0.00845,0.00197,0.01369,0.00147
0.01008,0.01044,0.01459,0.03052,0.08726,0.14414,0.02089,0.08578,0.01176,0.08303,0.09586,0.20870,0.00302,0.14332,0.05061
0.00255,0.00275,0.00101,0.01119,0.04477,0.05984,0.00156,0.36243,0.01349,0.04439,0.00862,0.01362,0.01594,0.00601,0.41184
0.10223,0.02953,0.00278,0.00272,0.01297,0.09631,0.04578,0.03675,0.12889,0.25437,0.23421,0.00708,0.00512,0.00282,0.03843
0.07878,0.00458,0.08378,0.00621,0.01196,0.08727,0.00752,0.27786,0.00398,0.05584,0.00399,0.00100,0.02676,0.00173,0.34874
0.01386,0.00290,0.00204,0.04024,0.02714,0.01652,0.01434,0.02411,0.01898,0.37222,0.43407,0.00597,0.00232,0.01377,0.01152
0.01874,0.01581,0.00916,0.01076,0.01209,0.28463,0.11203,0.03077,0.01530,0.03411,0.07969,0.24110,0.01489,0.00791,0.11301
0.00462,0.00205,0.00046,0.45779,0.48744,0.01797,0.01690,0.00415,0.00103,0.00092,0.00320,0.00020,0.00065,0.00038,0.00224
0.05950,0.03055,0.00867,0.08599,0.07952,0.04372,0.00991,0.01173,0.27871,0.03194,0.01025,0.00290,0.03378,0.31069,0.00216
0.00743,0.00149,0.03618,0.00611,0.00473,0.01522,0.01059,0.00393,0.41131,0.03301,0.01330,0.00254,0.00802,0.44481,0.00132
0.00326,0.02826,0.00655,0.00794,0.03333,0.00992,0.04939,0.01357,0.02532,0.36569,0.43570,0.00446,0.00624,0.00567,0.00472
0.00239,0.00168,0.00165,0.48058,0.45169,0.02337,0.00608,0.00399,0.00163,0.00532,0.00732,0.00249,0.00483,0.00246,0.00451
0.00299,0.00291,0.00474,0.00269,0.00270,0.04076,0.02430,0.01721,0.40876,0.00156,0.00392,0.00200,0.00306,0.46404,0.01836
0.00856,0.00369,0.01071,0.00838,0.00376,0.48564,0.00198,0.00518,0.00489,0.01046,0.00750,0.42267,0.01780,0.00394,0.00483
0.00300,0.00607,0.00085,0.03316,0.01944,0.03094,0.07697,0.35193,0.00633,0.00295,0.00533,0.00322,0.00203,0.00207,0.45571
0.01050,0.00572,0.01191,0.01363,0.00561,0.06738,0.00710,0.02849,0.02725,0.34986,0.40649,0.01546,0.00620,0.04289,0.00150
0.00345,0.01300,0.01246,0.00411,0.01214,0.07315,0.00307,0.03052,0.01111,0.37104,0.43797,0.00443,0.00470,0.00817,0.01068
0.01161,0.00394,0.01255,0.00347,0.00206,0.00112,0.01879,0.00447,0.01314,0.40979,0.45208,0.03067,0.00569,0.02880,0.00183
0.00249,0.40285,0.00686,0.00580,0.00234,0.00361,0.00643,0.00492,0.38906,0.06450,0.09479,0.00595,0.00630,0.00238,0.00172
0.00296,0.00209,0.01212,0.02370,0.00315,0.05851,0.01181,0.06738,0.07358,0.26546,0.32998,0.00306,0.00462,0.07293,0.06865
0.02060,0.01390,0.00930,0.00336,0.01482,0.00188,0.46172,0.01424,0.01077,0.00918,0.02659,0.00447,0.00136,0.00290,0.40491
0.00667,0.45766,0.00373,0.00405,0.00160,0.02178,0.00220,0.00631,0.47161,0.00406,0.00309,0.00537,0.00338,0.00580,0.00269
0.00477,0.00468,0.00226,0.00624,0.00204,0.11366,0.01564,0.05071,0.01776,0.33790,0.41806,0.00298,0.01616,0.00599,0.00116
0.00154,0.00400,0.00506,0.00206,0.00110,0.05059,0.02276,0.00260,0.01565,0.41226,0.46064,0.00119,0.01066,0.00589,0.00400
0.02661,0.00236,0.00568,0.02046,0.01110,0.03468,0.00980,0.05058,0.36234,0.00891,0.04441,0.00122,0.00181,0.41013,0.00991
0.00694,0.02795,0.00363,0.01021,0.01049,0.02054,0.12314,0.03388,0.11698,0.20554,0.27260,0.01391,0.00456,0.14726,0.00237
0.00289,0.00398,0.01410,0.00367,0.00766,0.01902,0.02826,0.00776,0.36443,0.06474,0.06652,0.00131,0.00307,0.40727,0.00533
0.02539,0.40301,0.03354,0.00737,0.44551,0.01111,0.00218,0.01340,0.00322,0.00776,0.01495,0.00741,0.00736,0.00126,0.01654
0.00884,0.00577,0.00565,0.00941,0.01246,0.01628,0.00350,0.01696,0.00369,0.13164,0.13593,0.33483,0.00385,0.30873,0.00248
0.00292,0.37132,0.00400,0.00314,0.43029,0.08351,0.01303,0.04024,0.00179,0.00349,0.01764,0.00372,0.00617,0.00526,0.01350
0.00754,0.00491,0.02494,0.00832,0.01472,0.48938,0.04064,0.01510,0.00584,0.00366,0.00292,0.37216,0.00461,0.00165,0.00360
0.01663,0.00443,0.00055,0.00591,0.00667,0.47169,0.01048,0.00564,0.00655,0.01163,0.00451,0.42764,0.01898,0.00334,0.00534
0.00153,0.43696,0.00271,0.00494,0.46205,0.00905,0.01152,0.02495,0.00111,0.00798,0.01007,0.00877,0.00433,0.00392,0.01011
0.00177,0.00227,0.00306,0.01152,0.01054,0.03925,0.07090,0.35428,0.00961,0.00093,0.00961,0.01312,0.00543,0.00783,0.45987
0.00694,0.43105,0.00639,0.00180,0.45708,0.01492,0.01100,0.00749,0.00811,0.00817,0.00933,0.01162,0.00711,0.01140,0.00760
0.00715,0.00276,0.00293,0.00437,0.00029,0.14356,0.02447,0.37768,0.00335,0.00506,0.00739,0.00278,0.00323,0.00046,0.41453
0.40482,0.43209,0.00388,0.04212,0.03519,0.03297,0.00917,0.00709,0.00581,0.00522,0.00672,0.00362,0.00536,0.00399,0.00196
0.03663,0.01651,0.00979,0.02957,0.02454,0.00493,0.04450,0.00621,0.00490,0.00827,0.00898,0.41321,0.02537,0.35757,0.00903
0.00483,0.02635,0.01086,0.02681,0.01023,0.18319,0.10518,0.12267,0.04415,0.01963,0.01037,0.00117,0.22957,0.03606,0.16893
0.00422,0.00486,0.00106,0.00211,0.44363,0.00576,0.00087,0.01209,0.45981,0.01112,0.03162,0.00118,0.00174,0.00205,0.01787
0.02875,0.34313,0.00913,0.12596,0.00801,0.02722,0.00748,0.01287,0.00536,0.07152,0.12232,0.00834,0.21449,0.00873,0.00669
0.00286,0.00103,0.00247,0.00183,0.00188,0.01814,0.01162,0.00329,0.03553,0.01041,0.00101,0.45397,0.00604,0.44598,0.00394
0.02490,0.00911,0.00605,0.34771,0.33690,0.03503,0.01500,0.00520,0.01576,0.09547,0.08332,0.00634,0.00832,0.00230,0.00860
0.00685,0.00669,0.01280,0.14756,0.12824,0.28783,0.01193,0.00215,0.01607,0.00488,0.00691,0.28542,0.01293,0.04236,0.02738
0.00906,0.36958,0.03381,0.13578,0.00770,0.02654,0.01075,0.01525,0.00383,0.03887,0.07593,0.00322,0.26028,0.00066,0.00874
0.00234,0.01207,0.00436,0.00203,0.01729,0.46621,0.00613,0.01340,0.00841,0.01184,0.01886,0.42747,0.00374,0.00326,0.00260
0.00194,0.21769,0.01764,0.00492,0.21274,0.02280,0.04185,0.03183,0.01796,0.18247,0.21962,0.00371,0.01604,0.00320,0.00559
0.01324,0.00217,0.00168,0.00248,0.00786,0.00237,0.04112,0.40665,0.00634,0.00463,0.01552,0.00369,0.01093,0.02031,0.46103
0.00137,0.00567,0.01022,0.02163,0.00657,0.01996,0.08376,0.00560,0.00280,0.34866,0.42776,0.01128,0.02259,0.02733,0.00481
0.47305,0.00375,0.00149,0.00654,0.46957,0.00872,0.00093,0.00726,0.00321,0.00385,0.01582,0.00165,0.00071,0.00131,0.00213
0.00624,0.00405,0.00992,0.00607,0.00418,0.02616,0.23388,0.01700,0.00221,0.19977,0.23501,0.00218,0.04972,0.00146,0.20214
0.00273,0.00091,0.00551,0.48701,0.46677,0.01806,0.00232,0.00585,0.00128,0.00312,0.00091,0.00149,0.00068,0.00105,0.00231
0.09975,0.04607,0.10954,0.01507,0.05122,0.02977,0.01566,0.26986,0.00650,0.00688,0.01522,0.00178,0.00303,0.00097,0.32869
0.01809,0.03865,0.01407,0.00417,0.00544,0.03044,0.01239,0.33074,0.03434,0.00747,0.05505,0.00734,0.02731,0.00374,0.41079
0.00559,0.04948,0.37341,0.03498,0.01013,0.02781,0.00301,0.15409,0.00818,0.05090,0.04211,0.01875,0.00736,0.00550,0.20869
0.01698,0.00931,0.00754,0.30675,0.28698,0.10251,0.00432,0.03989,0.09544,0.00589,0.00748,0.00797,0.00151,0.09692,0.01050
0.00465,0.01210,0.00430,0.00346,0.00558,0.01014,0.08221,0.06301,0.01447,0.30613,0.38281,0.00221,0.01680,0.01137,0.08074
0.01033,0.01899,0.00832,0.00347,0.00299,0.08098,0.02537,0.31491,0.02006,0.01402,0.06095,0.00525,0.02002,0.01119,0.40315
0.00114,0.00687,0.03486,0.00173,0.00899,0.01282,0.02220,0.00642,0.41807,0.00366,0.01116,0.00174,0.00297,0.46411,0.00327
0.02131,0.00171,0.00552,0.00667,0.00329,0.03097,0.45215,0.01363,0.00313,0.01527,0.01301,0.00324,0.00892,0.00189,0.41930
0.00183,0.00319,0.00416,0.02402,0.00927,0.08449,0.05119,0.33295,0.00055,0.00346,0.01225,0.00095,0.00241,0.00114,0.46814
0.48009,0.00164,0.00123,0.00144,0.48989,0.00313,0.00619,0.00151,0.00130,0.00197,0.00461,0.00191,0.00087,0.00194,0.00229
0.08081,0.00334,0.03922,0.00635,0.05511,0.08203,0.00537,0.01334,0.02091,0.30067,0.37651,0.00484,0.00208,0.00108,0.00833
0.00746,0.00344,0.95997,0.00070,0.00294,0.00254,0.00866,0.00183,0.00199,0.00237,0.00310,0.00141,0.00101,0.00153,0.00106
0.00648,0.01094,0.01081,0.01677,0.00450,0.09745,0.00126,0.00829,0.36213,0.01797,0.00630,0.00395,0.00163,0.44829,0.00322
0.00773,0.00271,0.00757,0.00915,0.00577,0.01703,0.02741,0.07306,0.02185,0.33654,0.38906,0.00517,0.02920,0.01073,0.05703
0.00861,0.01405,0.03183,0.00738,0.00594,0.01818,0.01094,0.41483,0.00819,0.00423,0.00197,0.00368,0.00393,0.00368,0.46258
0.04065,0.00464,0.00725,0.01130,0.00191,0.08540,0.02195,0.02046,0.01175,0.34557,0.42489,0.01714,0.00176,0.00329,0.00203
0.00255,0.00743,0.90322,0.00132,0.00405,0.02219,0.00256,0.01066,0.00671,0.00459,0.00748,0.00085,0.00425,0.01125,0.01088
0.00222,0.01686,0.00836,0.00818,0.03521,0.01511,0.00864,0.36213,0.00732,0.06091,0.05387,0.00108,0.00329,0.00273,0.41407
0.00098,0.01428,0.01123,0.00201,0.00768,0.04552,0.07369,0.33603,0.01907,0.01145,0.01456,0.00291,0.00378,0.00660,0.45021
0.00117,0.00379,0.06913,0.00795,0.00166,0.02631,0.02885,0.01133,0.07505,0.00982,0.01083,0.36364,0.00442,0.36917,0.01686
0.00385,0.01187,0.00485,0.00187,0.00766,0.03996,0.00805,0.01411,0.42085,0.00251,0.00436,0.00281,0.00598,0.46243,0.00883
0.00099,0.00874,0.01048,0.00279,0.00805,0.04674,0.14186,0.24096,0.00362,0.01009,0.05936,0.00490,0.04818,0.00278,0.41046
0.29188,0.00482,0.01298,0.01107,0.27955,0.00871,0.00253,0.13228,0.01158,0.00658,0.03308,0.01702,0.00400,0.02321,0.16072
0.00512,0.02480,0.00414,0.00318,0.00767,0.06484,0.03500,0.39153,0.00259,0.00823,0.00344,0.00299,0.00242,0.00182,0.44223
0.00569,0.01908,0.00390,0.00543,0.01618,0.06699,0.00640,0.37529,0.00409,0.05818,0.00327,0.00258,0.00527,0.00321,0.42446
0.00091,0.00398,0.28423,0.01141,0.00307,0.34640,0.00451,0.00295,0.01091,0.00997,0.00499,0.30665,0.00063,0.00411,0.00530
0.00326,0.04473,0.01782,0.00379,0.01867,0.00170,0.01657,0.13919,0.04601,0.00909,0.00669,0.26632,0.00264,0.26667,0.15685
0.00435,0.46587,0.00201,0.12699,0.00229,0.00952,0.00352,0.00655,0.00608,0.00146,0.00389,0.00535,0.35472,0.00429,0.00311
0.00365,0.00754,0.00496,0.00547,0.00876,0.03336,0.03104,0.25281,0.00582,0.04239,0.17796,0.00401,0.02956,0.00133,0.39134
0.40647,0.42037,0.00717,0.00515,0.01296,0.02025,0.01294,0.02058,0.06861,0.00756,0.00485,0.00385,0.00184,0.00237,0.00501
0.00598,0.00322,0.87936,0.00569,0.00400,0.00782,0.01723,0.00212,0.00293,0.02575,0.01398,0.00666,0.00827,0.00686,0.01010
0.00311,0.02931,0.00243,0.00225,0.00211,0.01126,0.06288,0.42229,0.00442,0.00278,0.00246,0.00427,0.00079,0.00155,0.44810
0.01539,0.02235,0.03432,0.14630,0.16691,0.02653,0.00588,0.01108,0.00366,0.26014,0.28308,0.00475,0.01154,0.00089,0.00718
0.01165,0.00268,0.00925,0.06857,0.00694,0.00626,0.00680,0.03922,0.40242,0.00584,0.00311,0.00180,0.00526,0.42884,0.00136
0.46518,0.00951,0.42966,0.03390,0.00585,0.00521,0.01048,0.00693,0.00495,0.00167,0.00408,0.00466,0.01366,0.00242,0.00184
0.00344,0.01583,0.01403,0.00886,0.00328,0.04997,0.04604,0.05367,0.00744,0.35739,0.39278,0.00173,0.00258,0.00236,0.04062
0.01165,0.02659,0.01963,0.01535,0.00557,0.01371,0.00542,0.09211,0.32183,0.01469,0.01270,0.00647,0.00343,0.34955,0.10129
0.00735,0.11641,0.00909,0.01121,0.00260,0.14201,0.02658,0.12647,0.15530,0.03876,0.00735,0.05127,0.02401,0.06241,0.21918
0.03578,0.33135,0.00837,0.00657,0.00412,0.03017,0.00716,0.00442,0.35166,0.07956,0.11801,0.00121,0.00772,0.00724,0.00666
0.00583,0.00335,0.00337,0.35571,0.31306,0.05991,0.02642,0.02829,0.00853,0.08144,0.08843,0.00899,0.00521,0.00285,0.00862
0.00058,0.00265,0.00801,0.01857,0.00692,0.02179,0.01115,0.00314,0.02492,0.43385,0.45475,0.00439,0.00214,0.00482,0.00230
0.46622,0.00508,0.00498,0.00408,0.00674,0.01083,0.00939,0.00503,0.45954,0.00369,0.00497,0.00175,0.01054,0.00199,0.00518
0.04862,0.00596,0.00868,0.02567,0.02481,0.05734,0.00671,0.00728,0.00581,0.36057,0.41685,0.02083,0.00365,0.00526,0.00196
0.00637,0.46157,0.00745,0.00319,0.47983,0.00126,0.00310,0.00486,0.00320,0.00431,0.00176,0.00827,0.00229,0.01099,0.00156
0.00414,0.00270,0.00155,0.43356,0.44921,0.05088,0.00549,0.02593,0.00277,0.00523,0.00309,0.00354,0.00288,0.00103,0.00799
0.00247,0.01187,0.00378,0.02107,0.09078,0.00976,0.02088,0.00973,0.02039,0.36878,0.42420,0.00235,0.00618,0.00231,0.00545
0.07095,0.00615,0.00395,0.00748,0.02784,0.08679,0.06272,0.02704,0.26083,0.00348,0.01537,0.00195,0.09644,0.32682,0.00217
0.00267,0.46077,0.00380,0.00231,0.00320,0.00747,0.00311,0.00523,0.46923,0.00288,0.01861,0.00369,0.00371,0.00794,0.00538
0.01232,0.01000,0.44459,0.01176,0.00916,0.04188,0.01872,0.12976,0.01435,0.00771,0.05673,0.01911,0.00165,0.00941,0.21284
0.01125,0.43940,0.00500,0.00360,0.45294,0.02816,0.00511,0.01761,0.00461,0.00907,0.00634,0.01096,0.00144,0.00227,0.00222
0.00462,0.00079,0.00885,0.00220,0.00585,0.04537,0.01638,0.32808,0.00135,0.02641,0.02856,0.00180,0.08593,0.00172,0.44209
0.00147,0.00141,0.00254,0.00406,0.00907,0.04253,0.01371,0.33387,0.00362,0.05844,0.04730,0.00193,0.04696,0.00264,0.43045
0.00426,0.00449,0.00426,0.00420,0.00663,0.04092,0.45128,0.03951,0.00154,0.00555,0.00644,0.00131,0.00787,0.00167,0.42007
0.00452,0.00569,0.00730,0.00878,0.01769,0.00547,0.09815,0.00729,0.01444,0.36141,0.44183,0.00032,0.00362,0.01605,0.00744
0.02317,0.00133,0.00564,0.00927,0.01417,0.01015,0.00436,0.00198,0.40952,0.10050,0.00798,0.00061,0.00402,0.40574,0.00157
0.01273,0.04495,0.01637,0.00798,0.01229,0.26570,0.00957,0.29604,0.08266,0.01006,0.02073,0.01444,0.00363,0.09545,0.10740
0.00196,0.00652,0.00647,0.03380,0.00419,0.01516,0.01229,0.39444,0.00326,0.00510,0.00628,0.00253,0.03867,0.00265,0.46669
0.00590,0.02137,0.01220,0.00757,0.01386,0.02095,0.09748,0.17860,0.00559,0.16147,0.23571,0.01556,0.00202,0.00323,0.21849
0.01377,0.08854,0.00371,0.06608,0.01248,0.04786,0.03612,0.00957,0.01696,0.02835,0.00635,0.33133,0.02680,0.29343,0.01864
0.00603,0.00727,0.00555,0.01167,0.00756,0.05087,0.00396,0.02078,0.00356,0.03031,0.04633,0.40664,0.01596,0.36397,0.01954
0.04349,0.00886,0.00693,0.00872,0.00573,0.01458,0.00505,0.02772,0.00100,0.36155,0.43676,0.01319,0.04123,0.00325,0.02193
0.00284,0.00132,0.00506,0.00495,0.00231,0.01066,0.00302,0.01431,0.41066,0.00230,0.06135,0.01525,0.00294,0.46233,0.00070
0.00984,0.01927,0.00503,0.01072,0.00778,0.49793,0.01295,0.00510,0.01843,0.01880,0.00721,0.37997,0.00176,0.00214,0.00307
0.00416,0.29187,0.01129,0.00682,0.27834,0.02393,0.02011,0.01046,0.14703,0.00984,0.00777,0.02497,0.00629,0.15402,0.00310
0.00234,0.00397,0.00339,0.00576,0.00419,0.03366,0.01777,0.36247,0.00930,0.00632,0.05768,0.00536,0.00705,0.02434,0.45641
0.00241,0.00342,0.18630,0.00963,0.00842,0.05308,0.02685,0.00193,0.28391,0.06974,0.01083,0.00559,0.00607,0.32858,0.00324
0.00371,0.01581,0.00632,0.00365,0.02476,0.06417,0.01781,0.31097,0.07267,0.01109,0.00385,0.00618,0.00775,0.06361,0.38764
0.00335,0.00409,0.42189,0.08464,0.00929,0.03431,0.01356,0.01807,0.00645,0.00361,0.00470,0.00161,0.37331,0.00132,0.01979
0.00480,0.01271,0.00535,0.01073,0.00530,0.41376,0.04908,0.05190,0.01849,0.03747,0.01945,0.33838,0.00207,0.01196,0.01857
