0.10953,0.03226,0.01896,0.01179,0.20584,0.16470,0.00769,0.03199,0.00716,0.00476,0.03046,0.04802,0.02505,0.27276,0.00880,0.00635,0.00398,0.00414,0.00225,0.00352
0.03034,0.02375,0.04942,0.01433,0.13794,0.06286,0.01036,0.01736,0.02261,0.00748,0.19451,0.03181,0.02470,0.26004,0.03525,0.03137,0.01287,0.01530,0.00545,0.01225
0.02664,0.02765,0.06522,0.32999,0.21593,0.05662,0.00791,0.02277,0.00838,0.00646,0.01370,0.05297,0.00768,0.06667,0.04846,0.01818,0.01175,0.00383,0.00400,0.00520
0.04004,0.08959,0.22504,0.02393,0.05149,0.02950,0.01620,0.01646,0.01103,0.01027,0.01233,0.02346,0.12108,0.26841,0.00468,0.02381,0.00857,0.00803,0.00422,0.01184
0.04865,0.01463,0.10541,0.01359,0.12349,0.09518,0.00815,0.01710,0.01295,0.00590,0.04716,0.06988,0.11411,0.24655,0.00962,0.02606,0.02286,0.01001,0.00258,0.00612
0.04446,0.06121,0.03134,0.01344,0.25094,0.11933,0.03809,0.05983,0.01269,0.01002,0.03743,0.03182,0.01940,0.22907,0.00844,0.00736,0.00947,0.00593,0.00612,0.00363
0.00756,0.01575,0.00991,0.03569,0.44441,0.21589,0.00634,0.02037,0.01408,0.00862,0.07451,0.02606,0.01104,0.05520,0.00865,0.02406,0.00771,0.00662,0.00250,0.00502
0.03889,0.03013,0.02013,0.03562,0.02792,0.12951,0.00396,0.07169,0.00668,0.00578,0.01967,0.17469,0.01265,0.04523,0.32607,0.01435,0.00929,0.01763,0.00543,0.00467
0.02481,0.01239,0.01657,0.01049,0.11962,0.26213,0.00650,0.01663,0.01301,0.00913,0.08913,0.01902,0.03575,0.32407,0.00972,0.01293,0.00763,0.00476,0.00285,0.00284
0.04659,0.01429,0.06257,0.04698,0.18614,0.12589,0.00642,0.02744,0.01027,0.02197,0.03693,0.03984,0.03493,0.26904,0.01900,0.00963,0.01056,0.01737,0.00118,0.01298
0.01806,0.00782,0.03419,0.01880,0.35902,0.35097,0.00417,0.00938,0.00378,0.00389,0.09746,0.02882,0.01067,0.02035,0.01738,0.00393,0.00511,0.00203,0.00174,0.00243
0.22906,0.01729,0.04850,0.02726,0.06667,0.05625,0.01096,0.01655,0.02368,0.01504,0.04017,0.04487,0.01788,0.32650,0.01676,0.00989,0.00982,0.00740,0.00267,0.01281
0.37527,0.01958,0.03762,0.02535,0.03329,0.04778,0.01146,0.01384,0.01376,0.00783,0.01176,0.08928,0.01573,0.06851,0.19928,0.00943,0.00902,0.00304,0.00294,0.00522
0.01336,0.00694,0.01638,0.01110,0.06092,0.04091,0.00523,0.00817,0.00991,0.00641,0.11506,0.02767,0.07105,0.58562,0.00505,0.00314,0.00678,0.00305,0.00178,0.00147
0.02429,0.01352,0.05170,0.04407,0.03506,0.04035,0.01582,0.02138,0.01202,0.05638,0.04167,0.02654,0.01659,0.51107,0.04218,0.00800,0.01883,0.01221,0.00226,0.00608
0.04086,0.02501,0.02121,0.01145,0.27522,0.22775,0.05736,0.01842,0.00961,0.02509,0.01697,0.05149,0.01707,0.14703,0.00607,0.01795,0.01114,0.00612,0.00795,0.00624
0.01875,0.03381,0.29977,0.01839,0.06801,0.13790,0.00740,0.02674,0.00989,0.00892,0.05504,0.04696,0.01572,0.22104,0.00795,0.00320,0.01122,0.00364,0.00314,0.00251
0.16403,0.00440,0.38672,0.01137,0.06871,0.03814,0.00579,0.00885,0.00350,0.00381,0.01360,0.04870,0.00958,0.21164,0.00442,0.00362,0.00593,0.00182,0.00169,0.00367
0.07012,0.02664,0.24014,0.18597,0.15822,0.05843,0.02051,0.02126,0.03111,0.05353,0.00821,0.05290,0.00701,0.01850,0.00974,0.01145,0.00681,0.00499,0.00766,0.00678
0.07758,0.02610,0.13600,0.01790,0.04086,0.15673,0.01097,0.01968,0.02630,0.01087,0.02252,0.02885,0.03918,0.30257,0.01027,0.01797,0.03143,0.00827,0.00821,0.00774
0.03504,0.01387,0.01785,0.00820,0.04647,0.19301,0.01181,0.26116,0.00761,0.01040,0.02907,0.06629,0.02544,0.20630,0.01528,0.00987,0.01034,0.02115,0.00301,0.00782
0.38215,0.00599,0.25276,0.00529,0.04699,0.04145,0.00364,0.00546,0.00539,0.00624,0.04795,0.09192,0.02222,0.06216,0.00665,0.00402,0.00291,0.00242,0.00241,0.00199
0.01836,0.03482,0.02459,0.02670,0.14993,0.03010,0.02692,0.11677,0.01392,0.00905,0.01920,0.02749,0.02702,0.41675,0.00970,0.00601,0.02229,0.00833,0.00793,0.00411
0.04487,0.01051,0.02552,0.01796,0.10388,0.04221,0.00730,0.01404,0.00952,0.01465,0.01700,0.11431,0.03167,0.16946,0.31546,0.01672,0.02870,0.00594,0.00534,0.00494
0.01980,0.03295,0.03106,0.01471,0.04378,0.06359,0.01482,0.04966,0.01122,0.03016,0.03136,0.06082,0.03220,0.50554,0.00695,0.02919,0.00636,0.00955,0.00255,0.00372
0.00515,0.00955,0.01035,0.02208,0.39511,0.29619,0.00797,0.03442,0.00383,0.00950,0.02996,0.04784,0.00979,0.05209,0.02187,0.01182,0.01668,0.00473,0.00756,0.00352
0.01656,0.01298,0.01537,0.01682,0.12302,0.17190,0.01290,0.02100,0.01030,0.00535,0.01870,0.08275,0.03987,0.40655,0.00347,0.00532,0.02335,0.00695,0.00365,0.00320
0.01546,0.01645,0.04422,0.00851,0.13819,0.31871,0.01365,0.01275,0.01335,0.01820,0.07424,0.06630,0.04057,0.14855,0.01479,0.01002,0.03191,0.00699,0.00184,0.00530
0.04347,0.01981,0.00801,0.01478,0.46909,0.27457,0.00459,0.01573,0.00701,0.00379,0.01365,0.01466,0.01212,0.06424,0.00657,0.01135,0.00804,0.00221,0.00207,0.00425
0.03746,0.05475,0.38609,0.00892,0.03895,0.03172,0.00851,0.09416,0.02305,0.00886,0.02088,0.03493,0.08379,0.11838,0.01015,0.01434,0.01037,0.00495,0.00486,0.00487
0.04068,0.01234,0.02977,0.03092,0.14440,0.03599,0.01488,0.01808,0.00990,0.01237,0.02622,0.03997,0.02571,0.48577,0.00524,0.00533,0.02380,0.02599,0.00436,0.00828
0.07347,0.01240,0.02385,0.01128,0.06515,0.16580,0.03259,0.02883,0.02253,0.03893,0.02715,0.15261,0.01218,0.19794,0.02149,0.01592,0.01056,0.01435,0.06770,0.00528
0.36960,0.03039,0.06186,0.02953,0.04463,0.05359,0.01475,0.05381,0.00983,0.01032,0.02036,0.08637,0.00998,0.05802,0.09952,0.01846,0.00647,0.00530,0.00602,0.01121
0.05387,0.01452,0.03295,0.01729,0.15381,0.10450,0.00783,0.02507,0.00870,0.00941,0.09523,0.02441,0.04034,0.30650,0.04435,0.01988,0.02621,0.00437,0.00267,0.00808
0.04807,0.01733,0.03578,0.01086,0.07487,0.10250,0.04036,0.03820,0.01278,0.01272,0.08470,0.06429,0.00889,0.01502,0.36009,0.02592,0.01439,0.00434,0.01239,0.01648
0.01103,0.01363,0.01842,0.02218,0.23471,0.10925,0.00883,0.01856,0.00705,0.00752,0.01636,0.03739,0.08628,0.35575,0.00715,0.02487,0.00742,0.00721,0.00328,0.00312
0.05345,0.01577,0.04420,0.01557,0.06600,0.10379,0.00860,0.08836,0.00639,0.00654,0.01276,0.02275,0.03325,0.47044,0.00537,0.00455,0.00618,0.02623,0.00246,0.00735
0.02705,0.01094,0.02267,0.01408,0.10558,0.20976,0.11538,0.00968,0.01143,0.00598,0.07275,0.02472,0.02277,0.12959,0.10562,0.03470,0.03874,0.02536,0.00568,0.00751
0.00751,0.00428,0.01167,0.00465,0.22986,0.64037,0.00228,0.00921,0.00246,0.00253,0.03236,0.01054,0.00862,0.01205,0.01163,0.00235,0.00348,0.00176,0.00137,0.00103
0.06885,0.01255,0.12033,0.02856,0.14942,0.32995,0.01273,0.01667,0.01065,0.00784,0.02186,0.06272,0.02605,0.07544,0.00869,0.02318,0.00458,0.01359,0.00185,0.00448
0.12261,0.01398,0.01697,0.00917,0.27448,0.26891,0.01281,0.01973,0.00626,0.00472,0.01017,0.06537,0.00804,0.11288,0.00647,0.01387,0.01734,0.00375,0.00587,0.00661
0.03808,0.01877,0.22513,0.05542,0.13232,0.19573,0.01294,0.03567,0.00840,0.00565,0.04088,0.02651,0.01075,0.01046,0.14460,0.00769,0.01289,0.00594,0.00484,0.00735
0.04417,0.04053,0.03356,0.00898,0.22126,0.26254,0.03579,0.03254,0.00724,0.00933,0.01634,0.07696,0.01813,0.03298,0.09002,0.02080,0.02792,0.01105,0.00213,0.00773
0.21709,0.03614,0.35345,0.02525,0.04956,0.03885,0.02463,0.04038,0.01504,0.00707,0.01188,0.01501,0.00808,0.12167,0.00909,0.00733,0.00931,0.00545,0.00233,0.00239
0.01829,0.00809,0.01101,0.00839,0.50569,0.36055,0.00360,0.00964,0.00338,0.00310,0.01351,0.01069,0.00581,0.01882,0.00409,0.00647,0.00512,0.00135,0.00094,0.00145
0.03349,0.01044,0.18470,0.01290,0.05038,0.06925,0.04234,0.03868,0.01952,0.01201,0.01391,0.08019,0.08822,0.29982,0.00449,0.01015,0.00982,0.01314,0.00233,0.00422
0.04863,0.04698,0.03827,0.01105,0.32780,0.19500,0.00536,0.02150,0.00700,0.00302,0.05376,0.04134,0.00702,0.15951,0.00802,0.01106,0.00344,0.00423,0.00163,0.00538
0.02287,0.01455,0.01897,0.00995,0.34634,0.37882,0.00747,0.07417,0.01162,0.00558,0.00728,0.01611,0.01263,0.04749,0.00538,0.00629,0.00707,0.00233,0.00235,0.00272
0.10124,0.01424,0.12557,0.03360,0.21470,0.10560,0.02113,0.04259,0.01230,0.01440,0.01973,0.05889,0.03393,0.07805,0.03924,0.05922,0.00967,0.00406,0.00483,0.00701
0.05039,0.01466,0.33245,0.17490,0.06316,0.06430,0.01583,0.01633,0.01547,0.01201,0.01544,0.05126,0.04185,0.04298,0.01120,0.00888,0.02302,0.00361,0.00692,0.03533
0.02180,0.01193,0.21739,0.02000,0.11382,0.10681,0.01095,0.01742,0.01232,0.00478,0.03350,0.05040,0.01999,0.18281,0.13421,0.01233,0.01352,0.00933,0.00289,0.00381
0.01467,0.00501,0.01082,0.01587,0.05860,0.07986,0.00855,0.01186,0.00690,0.00881,0.03690,0.09490,0.16852,0.43814,0.00693,0.00925,0.00852,0.00804,0.00287,0.00497
0.01427,0.02476,0.02022,0.00483,0.13249,0.18876,0.02884,0.01523,0.01061,0.00873,0.02361,0.07608,0.02846,0.32371,0.01635,0.00691,0.04583,0.02282,0.00266,0.00482
0.06960,0.04509,0.07379,0.03437,0.29539,0.15423,0.02058,0.07894,0.01064,0.02997,0.02335,0.01449,0.02659,0.03582,0.01154,0.02561,0.01316,0.00557,0.00486,0.02643
0.01436,0.00676,0.01371,0.00879,0.26966,0.42742,0.00501,0.02054,0.00442,0.00496,0.01628,0.03529,0.02024,0.09047,0.01534,0.03290,0.00678,0.00241,0.00264,0.00202
0.04162,0.02778,0.05700,0.09794,0.08549,0.03878,0.01795,0.01188,0.01234,0.01090,0.02146,0.03248,0.01201,0.40572,0.03795,0.01451,0.05419,0.00864,0.00358,0.00775
0.02106,0.01895,0.00868,0.02474,0.33106,0.46707,0.00486,0.01985,0.00887,0.00368,0.00961,0.02572,0.00746,0.01832,0.01235,0.00470,0.00382,0.00280,0.00360,0.00282
0.01915,0.00829,0.01687,0.01207,0.30450,0.20677,0.00819,0.01412,0.00420,0.00634,0.02139,0.03207,0.00905,0.31110,0.00613,0.00501,0.00703,0.00272,0.00236,0.00263
0.06207,0.00983,0.18033,0.02615,0.25978,0.08624,0.00641,0.01953,0.01223,0.00994,0.01231,0.02256,0.01866,0.22854,0.01314,0.01007,0.00778,0.00476,0.00233,0.00732
0.07153,0.02892,0.03759,0.04022,0.06512,0.23514,0.01155,0.03430,0.00849,0.02076,0.02000,0.13074,0.01223,0.05660,0.19105,0.01256,0.00818,0.00510,0.00385,0.00609
0.01259,0.01678,0.02920,0.02865,0.05307,0.07300,0.00766,0.01191,0.05255,0.02772,0.01713,0.08384,0.03754,0.48267,0.00423,0.02137,0.02189,0.00733,0.00388,0.00701
0.06540,0.03340,0.21227,0.04096,0.15681,0.07678,0.07170,0.02236,0.02649,0.02885,0.01147,0.07718,0.02066,0.09969,0.00757,0.02190,0.01038,0.00398,0.00372,0.00843
0.03110,0.01845,0.20871,0.04561,0.05409,0.06263,0.02026,0.03440,0.01659,0.01016,0.05230,0.03202,0.04239,0.21753,0.07454,0.01877,0.01844,0.02790,0.01031,0.00381
0.02630,0.09124,0.13846,0.01366,0.22268,0.25225,0.01790,0.01876,0.00577,0.00644,0.07364,0.04275,0.00792,0.02600,0.01690,0.00685,0.01134,0.00679,0.00531,0.00903
0.00964,0.01571,0.01057,0.03044,0.03204,0.10185,0.00826,0.03775,0.00956,0.01278,0.02364,0.10390,0.01013,0.14776,0.35008,0.05988,0.01236,0.00536,0.00663,0.01166
0.04291,0.02677,0.14411,0.01660,0.10824,0.11400,0.01409,0.04128,0.03535,0.01140,0.06919,0.05020,0.01950,0.24178,0.02560,0.00722,0.00908,0.00722,0.00490,0.01056
0.01820,0.00629,0.01106,0.01372,0.22650,0.26587,0.00995,0.01864,0.00632,0.00647,0.03064,0.03841,0.01856,0.28436,0.00518,0.01508,0.01182,0.00653,0.00349,0.00290
0.06805,0.01704,0.06988,0.02192,0.18757,0.08984,0.02713,0.04493,0.00704,0.01390,0.01826,0.06685,0.01132,0.01667,0.29459,0.01257,0.01271,0.00784,0.00649,0.00537
0.07309,0.03608,0.00971,0.01326,0.23280,0.19602,0.01669,0.02051,0.00714,0.00927,0.02118,0.02651,0.05912,0.23543,0.00736,0.00819,0.00707,0.00780,0.00666,0.00611
0.02102,0.01530,0.05200,0.03114,0.12953,0.28433,0.00558,0.20877,0.00549,0.00960,0.04243,0.06761,0.00828,0.03172,0.05679,0.00512,0.00865,0.00341,0.00481,0.00843
0.06639,0.03073,0.41851,0.02018,0.06244,0.10624,0.00794,0.01345,0.00962,0.00637,0.01051,0.04660,0.05646,0.10746,0.00481,0.00864,0.00625,0.01378,0.00126,0.00235
0.01977,0.00475,0.01274,0.01305,0.41921,0.24624,0.00502,0.02288,0.00457,0.00401,0.07287,0.03216,0.01918,0.06615,0.01987,0.00889,0.01787,0.00323,0.00370,0.00383
0.04193,0.01900,0.04999,0.02244,0.19359,0.17758,0.00760,0.02110,0.01520,0.01339,0.02454,0.03839,0.00994,0.13578,0.16706,0.01333,0.01546,0.01605,0.00514,0.01248
0.02726,0.01332,0.05246,0.02833,0.10726,0.20439,0.00505,0.02409,0.01402,0.01000,0.13248,0.03652,0.01389,0.22607,0.08305,0.00692,0.00593,0.00452,0.00158,0.00286
0.06047,0.03346,0.03084,0.04232,0.18929,0.08684,0.02518,0.02734,0.01344,0.01621,0.04952,0.04652,0.04032,0.15813,0.12420,0.02012,0.00795,0.01378,0.00543,0.00866
0.01690,0.05003,0.21879,0.02049,0.12822,0.18407,0.01539,0.02054,0.00984,0.00791,0.01306,0.07114,0.01780,0.16732,0.03207,0.00354,0.00483,0.00854,0.00378,0.00576
0.02521,0.03428,0.02039,0.05494,0.21663,0.26181,0.00525,0.01784,0.01213,0.00393,0.13339,0.05534,0.01103,0.09407,0.03002,0.00823,0.00331,0.00322,0.00417,0.00482
0.10986,0.01984,0.09776,0.01490,0.16042,0.22725,0.00771,0.13204,0.01230,0.00783,0.01411,0.04645,0.01014,0.03850,0.07272,0.00751,0.00825,0.00393,0.00332,0.00516
0.06903,0.01136,0.14637,0.09286,0.14987,0.08208,0.01056,0.01438,0.00510,0.00886,0.05801,0.02646,0.01461,0.23002,0.03566,0.00575,0.00969,0.00466,0.00356,0.02112
0.05403,0.02313,0.07004,0.01620,0.20362,0.13602,0.00795,0.01552,0.00798,0.00410,0.03718,0.02775,0.01419,0.32060,0.01164,0.01957,0.00817,0.00796,0.00362,0.01074
0.01891,0.01423,0.01728,0.07007,0.24517,0.20040,0.01371,0.06325,0.01304,0.01383,0.01854,0.05147,0.01378,0.17113,0.02681,0.01324,0.00943,0.01111,0.00710,0.00750
0.00870,0.00729,0.02983,0.01251,0.06353,0.36711,0.00546,0.43975,0.00246,0.00238,0.00386,0.02076,0.00303,0.00687,0.00951,0.00401,0.00460,0.00249,0.00286,0.00301
0.22331,0.00512,0.52103,0.00725,0.03529,0.02629,0.00236,0.00561,0.00266,0.00294,0.00877,0.02702,0.00999,0.10981,0.00237,0.00329,0.00292,0.00136,0.00102,0.00160
0.10527,0.05722,0.03296,0.02714,0.09156,0.03626,0.02079,0.02355,0.00769,0.01824,0.02180,0.08577,0.03990,0.31429,0.03478,0.03449,0.00730,0.01302,0.01459,0.01338
0.03361,0.02685,0.05361,0.03246,0.28016,0.33135,0.01089,0.03245,0.01866,0.01374,0.02866,0.02295,0.02034,0.02239,0.00729,0.01363,0.00924,0.00876,0.01963,0.01334
0.03115,0.02329,0.03680,0.07625,0.05015,0.11422,0.00558,0.02290,0.01216,0.01237,0.02155,0.05210,0.01277,0.48482,0.00831,0.01051,0.00290,0.01434,0.00387,0.00397
0.03924,0.05015,0.15457,0.01184,0.11047,0.16419,0.00732,0.11014,0.00688,0.00762,0.02195,0.02887,0.03599,0.20086,0.00898,0.00835,0.00620,0.01784,0.00297,0.00558
0.03078,0.01930,0.06556,0.01066,0.19257,0.10193,0.01543,0.02204,0.00534,0.02715,0.01945,0.02513,0.01435,0.35254,0.01730,0.00973,0.01928,0.03804,0.00225,0.01119
0.06778,0.02291,0.01962,0.01373,0.11148,0.12540,0.00963,0.03965,0.01029,0.00402,0.13634,0.05217,0.02502,0.30626,0.02484,0.01231,0.00639,0.00407,0.00446,0.00362
0.03633,0.11618,0.02007,0.00953,0.05514,0.06687,0.07907,0.03276,0.01072,0.03524,0.05687,0.09640,0.01893,0.28126,0.02814,0.01286,0.02378,0.01181,0.00180,0.00625
0.04601,0.07535,0.01765,0.01090,0.18820,0.19608,0.00697,0.02314,0.00551,0.00328,0.04236,0.02200,0.02403,0.29528,0.00933,0.00854,0.00584,0.01275,0.00294,0.00383
0.03394,0.02038,0.15654,0.01040,0.09443,0.07701,0.00766,0.03254,0.01964,0.00906,0.01103,0.06615,0.10369,0.25492,0.00446,0.06483,0.01647,0.01099,0.00160,0.00427
0.01638,0.01291,0.02999,0.00878,0.22794,0.10717,0.00825,0.01000,0.00764,0.00622,0.01327,0.03398,0.06753,0.36630,0.00507,0.00384,0.06125,0.00403,0.00348,0.00597
0.02964,0.01843,0.06265,0.01980,0.10490,0.09451,0.01796,0.05064,0.00889,0.00628,0.04091,0.03439,0.03889,0.25121,0.18760,0.01307,0.00598,0.00628,0.00395,0.00404
0.21475,0.00657,0.29290,0.00662,0.02002,0.01829,0.00438,0.00789,0.00331,0.00381,0.01933,0.04590,0.00576,0.33031,0.00519,0.00503,0.00311,0.00286,0.00079,0.00318
0.01439,0.00673,0.01127,0.01545,0.31549,0.19911,0.00596,0.01335,0.00563,0.00677,0.01284,0.05440,0.01861,0.27671,0.01353,0.01372,0.00539,0.00369,0.00369,0.00328
0.01506,0.01529,0.03047,0.00642,0.39137,0.31735,0.00810,0.01773,0.00472,0.00429,0.00857,0.04635,0.00662,0.10591,0.00537,0.00404,0.00680,0.00168,0.00149,0.00238
0.02009,0.00786,0.10455,0.02331,0.41740,0.33466,0.00570,0.01048,0.00648,0.00426,0.01250,0.00856,0.00770,0.01836,0.00298,0.00421,0.00421,0.00258,0.00164,0.00245
0.01724,0.02748,0.01670,0.02099,0.05806,0.08227,0.01001,0.01629,0.00472,0.01083,0.01775,0.09609,0.05915,0.52506,0.00942,0.00532,0.01500,0.00396,0.00163,0.00202
0.26015,0.01903,0.07704,0.04044,0.05670,0.04092,0.00884,0.01739,0.03049,0.00687,0.01486,0.06595,0.01552,0.07339,0.19216,0.04807,0.00905,0.00531,0.00930,0.00852
