0.05350,0.02032,0.18357,0.04005,0.14702,0.15344,0.01273,0.04873,0.01920,0.01065,0.03146,0.09662,0.01077,0.10626,0.01793,0.00727,0.02610,0.00750,0.00396,0.00294
0.03360,0.04431,0.01919,0.00716,0.22703,0.23581,0.01181,0.01564,0.01860,0.00526,0.04115,0.15067,0.01966,0.09561,0.05213,0.00551,0.00892,0.00289,0.00227,0.00278
0.20865,0.01548,0.21856,0.04092,0.16475,0.14370,0.01468,0.03156,0.02572,0.01011,0.02405,0.02868,0.00771,0.02249,0.01166,0.01103,0.01102,0.00303,0.00261,0.00357
0.04610,0.02973,0.06714,0.15241,0.21115,0.07134,0.00615,0.00114,0.01919,0.01214,0.01842,0.14442,0.01099,0.16169,0.01384,0.00751,0.00898,0.00361,0.00368,0.01036
0.23916,0.02811,0.24451,0.01711,0.04522,0.03941,0.02085,0.02733,0.01895,0.01495,0.04072,0.07592,0.01117,0.05361,0.07650,0.02264,0.00598,0.00642,0.00364,0.00779
0.02511,0.00663,0.45961,0.07107,0.04848,0.09043,0.00807,0.01390,0.00984,0.02559,0.01716,0.07408,0.03031,0.05626,0.01328,0.00593,0.00511,0.00911,0.02977,0.00027
0.07081,0.01876,0.02235,0.02521,0.07141,0.03822,0.03843,0.03074,0.02885,0.01104,0.02720,0.27634,0.01224,0.25583,0.01660,0.02328,0.00410,0.02465,0.00173,0.00219
0.11520,0.03688,0.14988,0.02080,0.11281,0.13950,0.01485,0.02207,0.03102,0.02406,0.01413,0.04936,0.01015,0.04289,0.01249,0.11133,0.00340,0.01318,0.05322,0.02277
0.07898,0.02980,0.36135,0.01580,0.07601,0.08175,0.01350,0.04393,0.02588,0.00325,0.01039,0.10159,0.00935,0.08486,0.00452,0.02463,0.00793,0.00988,0.01052,0.00607
0.03354,0.01136,0.05480,0.06005,0.02011,0.03173,0.00197,0.01035,0.03145,0.01408,0.01198,0.30945,0.02325,0.13146,0.16368,0.03420,0.03417,0.01051,0.00776,0.00409
0.02626,0.01558,0.03420,0.02579,0.06272,0.09558,0.00586,0.04555,0.01419,0.02761,0.06154,0.21497,0.11263,0.06624,0.14697,0.00760,0.02658,0.00294,0.00213,0.00504
0.05468,0.01502,0.02446,0.00869,0.26202,0.26099,0.00529,0.01228,0.00761,0.00504,0.01094,0.10531,0.01600,0.09720,0.01028,0.00369,0.02311,0.04566,0.00808,0.02364
0.01245,0.01821,0.02093,0.06620,0.25922,0.24203,0.01545,0.01904,0.00663,0.00427,0.01369,0.11755,0.01710,0.11063,0.01267,0.05349,0.00303,0.00147,0.00200,0.00393
0.01128,0.18479,0.19555,0.03923,0.04254,0.05794,0.02481,0.05435,0.02071,0.01885,0.01341,0.13339,0.02454,0.11641,0.02204,0.00424,0.02693,0.00304,0.00280,0.00315
0.02409,0.07407,0.09397,0.02228,0.28359,0.27713,0.02238,0.03012,0.02469,0.00398,0.00864,0.04135,0.01305,0.01347,0.03138,0.01926,0.00221,0.00792,0.00103,0.00539
0.04616,0.01460,0.01150,0.01236,0.19897,0.16966,0.01016,0.05830,0.01285,0.00904,0.01339,0.17114,0.00439,0.12520,0.05821,0.02226,0.01843,0.00448,0.00432,0.03458
0.06087,0.01295,0.06007,0.01870,0.01920,0.04656,0.01334,0.02763,0.00740,0.01402,0.07985,0.25095,0.07643,0.22157,0.05754,0.00585,0.01166,0.00682,0.00452,0.00407
0.06055,0.02402,0.16183,0.04043,0.24065,0.25606,0.02684,0.06028,0.00420,0.00972,0.01152,0.02718,0.00931,0.01258,0.01352,0.00406,0.01285,0.01644,0.00180,0.00619
0.08748,0.02810,0.05808,0.02514,0.07145,0.08478,0.07839,0.01931,0.02701,0.00894,0.01993,0.16081,0.04799,0.12740,0.04036,0.07529,0.01186,0.01008,0.00248,0.01513
0.10937,0.02729,0.07330,0.02544,0.28891,0.29915,0.00659,0.04386,0.00207,0.01097,0.01626,0.00971,0.05085,0.01223,0.00693,0.00103,0.00886,0.00294,0.00294,0.00130
0.02924,0.02687,0.05835,0.03509,0.16802,0.19250,0.04114,0.01160,0.00570,0.01165,0.01577,0.18513,0.01189,0.05326,0.10424,0.02910,0.00867,0.00342,0.00338,0.00497
0.02161,0.03554,0.06542,0.07093,0.09011,0.14539,0.00405,0.10984,0.01935,0.02522,0.02449,0.15877,0.00968,0.05800,0.09357,0.01272,0.02253,0.00395,0.00458,0.02425
0.01898,0.01598,0.05865,0.01759,0.03149,0.27767,0.01048,0.26443,0.00809,0.01312,0.01218,0.05922,0.07196,0.04161,0.00991,0.00727,0.04376,0.02642,0.00230,0.00890
0.03205,0.02382,0.01909,0.03360,0.02384,0.04951,0.02726,0.02056,0.01279,0.00953,0.01362,0.33343,0.02390,0.05865,0.26668,0.02595,0.01087,0.00579,0.00413,0.00495
0.01567,0.02482,0.08712,0.04761,0.30992,0.30378,0.00301,0.01070,0.01654,0.02638,0.01152,0.04597,0.00583,0.03304,0.01726,0.00840,0.00299,0.00654,0.01502,0.00790
0.05381,0.03662,0.03475,0.05132,0.19102,0.18725,0.00912,0.04733,0.03140,0.01426,0.02028,0.11595,0.01517,0.10562,0.01097,0.01293,0.04182,0.01037,0.00180,0.00820
0.05540,0.05546,0.03945,0.02259,0.15260,0.15354,0.01913,0.04119,0.02658,0.02513,0.04986,0.17650,0.00478,0.05395,0.10606,0.00695,0.00498,0.00262,0.00122,0.00200
0.07985,0.02289,0.04092,0.01212,0.31872,0.28750,0.00638,0.00667,0.01013,0.00321,0.01401,0.06187,0.00935,0.03819,0.02563,0.01282,0.03195,0.00488,0.00461,0.00828
0.06794,0.06719,0.11965,0.09947,0.06187,0.05990,0.02136,0.02616,0.05280,0.00896,0.03471,0.16005,0.00637,0.12335,0.04588,0.00883,0.00561,0.00393,0.01134,0.01462
0.17893,0.02672,0.16895,0.00763,0.07112,0.07933,0.00100,0.02073,0.01048,0.01121,0.01466,0.16195,0.04819,0.15093,0.01405,0.01449,0.01193,0.00457,0.00307,0.00007
0.05043,0.07989,0.06381,0.05109,0.08777,0.09951,0.02961,0.01922,0.06051,0.01378,0.02372,0.19573,0.00521,0.10289,0.07589,0.02498,0.00814,0.00348,0.00259,0.00176
0.15290,0.03179,0.17890,0.00588,0.02827,0.03198,0.02934,0.01537,0.02028,0.03151,0.01766,0.16304,0.02314,0.15561,0.06425,0.00854,0.02007,0.00591,0.01334,0.00222
0.02827,0.01534,0.03383,0.02961,0.19679,0.18144,0.02377,0.01980,0.02107,0.02854,0.03109,0.15563,0.02796,0.11252,0.03618,0.01097,0.00346,0.02610,0.00267,0.01498
0.02815,0.05873,0.11814,0.09150,0.08085,0.06767,0.02672,0.05939,0.01355,0.01785,0.02427,0.17559,0.00859,0.15445,0.00945,0.04018,0.00666,0.01231,0.00168,0.00427
0.01468,0.04695,0.07885,0.09285,0.10515,0.11826,0.03246,0.05148,0.04552,0.03307,0.02621,0.13260,0.01853,0.14286,0.00653,0.01103,0.00886,0.00608,0.01411,0.01391
0.04903,0.01767,0.05447,0.01629,0.05687,0.19945,0.00721,0.16255,0.00557,0.04900,0.01640,0.13247,0.05778,0.10579,0.00747,0.01916,0.01379,0.00962,0.01241,0.00698
0.08387,0.03602,0.11303,0.01141,0.06141,0.04146,0.01269,0.05536,0.00802,0.01914,0.02516,0.22367,0.03750,0.20422,0.00876,0.04091,0.00491,0.00319,0.00477,0.00450
0.03551,0.01091,0.07761,0.02114,0.18762,0.19532,0.03042,0.01530,0.01405,0.04254,0.01335,0.15196,0.00254,0.01527,0.13876,0.01164,0.00800,0.01749,0.00425,0.00633
0.03008,0.06653,0.06701,0.05549,0.17365,0.19241,0.00556,0.01832,0.00483,0.00800,0.06553,0.07744,0.04765,0.07663,0.01717,0.04968,0.01780,0.00528,0.01009,0.01088
0.05060,0.02077,0.23104,0.04577,0.18320,0.20479,0.02244,0.03504,0.02792,0.01623,0.00932,0.05202,0.00973,0.04185,0.01254,0.01771,0.00969,0.00265,0.00565,0.00104
0.11552,0.09889,0.01626,0.01372,0.07975,0.08572,0.06833,0.02906,0.03458,0.01332,0.05834,0.17880,0.02300,0.08675,0.05052,0.01266,0.02299,0.00526,0.00570,0.00082
0.06945,0.02965,0.21954,0.17936,0.04353,0.04602,0.01321,0.09848,0.01006,0.01045,0.01952,0.09241,0.05322,0.07611,0.01006,0.00958,0.00897,0.00270,0.00462,0.00305
0.11941,0.01899,0.13087,0.02077,0.17682,0.18794,0.01254,0.01201,0.00518,0.00176,0.06156,0.06336,0.03103,0.08122,0.05318,0.01273,0.00186,0.00407,0.00128,0.00343
0.04987,0.09221,0.08038,0.02195,0.06937,0.09922,0.00736,0.05249,0.01725,0.00925,0.04616,0.20084,0.02011,0.07325,0.13096,0.00200,0.00469,0.00321,0.00506,0.01438
0.00505,0.01488,0.04660,0.03093,0.02860,0.03429,0.01764,0.03374,0.02270,0.00705,0.01548,0.32546,0.10968,0.26924,0.00882,0.01372,0.00504,0.00402,0.00332,0.00377
0.08850,0.05728,0.01314,0.01310,0.12126,0.11188,0.01339,0.04321,0.00979,0.01082,0.04463,0.19656,0.01669,0.14531,0.06761,0.01576,0.00888,0.00302,0.01593,0.00323
0.11882,0.04346,0.12004,0.02574,0.03036,0.04893,0.01262,0.01593,0.01153,0.00896,0.03185,0.22736,0.03813,0.19637,0.00678,0.01160,0.02929,0.01096,0.00166,0.00962
0.03743,0.03029,0.03183,0.00529,0.02677,0.11023,0.00258,0.09599,0.02927,0.03481,0.03748,0.25205,0.02115,0.06787,0.18971,0.00727,0.00848,0.00964,0.00032,0.00154
0.20022,0.00285,0.19380,0.03797,0.02469,0.02357,0.00627,0.02288,0.00567,0.02056,0.01597,0.14393,0.01015,0.24319,0.03255,0.01074,0.00227,0.00063,0.00074,0.00136
0.02361,0.01289,0.02750,0.00663,0.02068,0.02186,0.01469,0.01905,0.00411,0.01506,0.01886,0.33665,0.09772,0.30517,0.00480,0.03509,0.01674,0.01323,0.00263,0.00303
0.05070,0.00413,0.01606,0.00844,0.04774,0.13827,0.00485,0.13973,0.00584,0.00993,0.03196,0.21650,0.02309,0.18858,0.07504,0.00574,0.00694,0.01393,0.00494,0.00760
0.37011,0.01904,0.37060,0.00705,0.05989,0.06295,0.00978,0.00522,0.00837,0.00449,0.01643,0.01157,0.00614,0.03276,0.00540,0.00082,0.00313,0.00307,0.00207,0.00110
0.02690,0.02164,0.05718,0.11341,0.06890,0.03175,0.03637,0.02731,0.03536,0.01031,0.04413,0.23684,0.02405,0.20631,0.01409,0.00239,0.01538,0.00140,0.00849,0.01779
0.03245,0.03388,0.08691,0.02516,0.08528,0.09039,0.01919,0.02796,0.03247,0.02775,0.02103,0.22534,0.02601,0.10054,0.12107,0.01277,0.00266,0.01101,0.01082,0.00732
0.05814,0.20129,0.24062,0.01505,0.08394,0.08103,0.00619,0.01804,0.00793,0.00607,0.02327,0.10070,0.00556,0.02845,0.08372,0.01746,0.00486,0.00623,0.00461,0.00682
0.11694,0.01864,0.10351,0.00870,0.14723,0.13916,0.00634,0.02488,0.04380,0.01174,0.01781,0.14716,0.03045,0.11303,0.01978,0.02741,0.00920,0.00754,0.00250,0.00418
0.01141,0.04352,0.03563,0.04814,0.20241,0.20468,0.01354,0.03085,0.02530,0.00924,0.02316,0.12610,0.02058,0.13123,0.03253,0.00656,0.01775,0.01433,0.00141,0.00162
0.03840,0.02482,0.15443,0.13707,0.20048,0.27209,0.00721,0.03771,0.01221,0.02629,0.00642,0.02642,0.00676,0.00844,0.00348,0.00762,0.01379,0.00729,0.00693,0.00214
0.11469,0.01705,0.09265,0.03132,0.20814,0.20635,0.01547,0.06236,0.00432,0.01925,0.03453,0.04742,0.04794,0.03014,0.01109,0.01424,0.00810,0.00493,0.02322,0.00679
0.13929,0.02771,0.13576,0.04396,0.24988,0.22917,0.01556,0.02188,0.02265,0.00442,0.00549,0.02966,0.00303,0.02316,0.01167,0.00643,0.01128,0.00455,0.00318,0.01127
0.05251,0.04876,0.05052,0.20219,0.24750,0.06497,0.01667,0.02057,0.01641,0.02022,0.00398,0.08154,0.02226,0.09151,0.00957,0.01711,0.00829,0.00570,0.01446,0.00525
0.07153,0.01361,0.04760,0.02124,0.12569,0.13320,0.04525,0.02760,0.00491,0.01695,0.00438,0.20961,0.00252,0.03377,0.19367,0.01894,0.00507,0.01952,0.00347,0.00146
0.04216,0.09482,0.14030,0.08405,0.07612,0.09751,0.00961,0.03547,0.02109,0.01129,0.01655,0.13451,0.05566,0.10559,0.01993,0.01291,0.00294,0.03601,0.00108,0.00242
0.03255,0.01254,0.37332,0.03258,0.18480,0.18448,0.00755,0.00978,0.00611,0.01072,0.02113,0.04714,0.00259,0.03176,0.01884,0.00789,0.00608,0.00333,0.00256,0.00426
0.02233,0.01300,0.06952,0.01544,0.39336,0.36025,0.01995,0.00677,0.00229,0.00955,0.02640,0.01593,0.00307,0.00958,0.00472,0.01322,0.00328,0.00624,0.00123,0.00388
0.05756,0.01505,0.05902,0.03523,0.13698,0.13103,0.01214,0.05053,0.00508,0.07405,0.00237,0.17503,0.01280,0.13024,0.02761,0.00614,0.00229,0.05231,0.00474,0.00982
0.04049,0.02341,0.01548,0.04947,0.09690,0.09560,0.04308,0.01344,0.00962,0.00117,0.03106,0.24140,0.00870,0.23062,0.03532,0.02478,0.01936,0.00903,0.00332,0.00774
0.04371,0.03637,0.09568,0.01239,0.04759,0.26199,0.00849,0.22167,0.00994,0.01390,0.00721,0.09913,0.00417,0.08810,0.02255,0.01382,0.00549,0.00166,0.00265,0.00350
0.02085,0.02804,0.05041,0.04846,0.07017,0.07292,0.01067,0.02466,0.01982,0.01598,0.01359,0.28732,0.02300,0.11720,0.14581,0.00879,0.02904,0.00531,0.00469,0.00325
0.02629,0.01650,0.05012,0.00487,0.05378,0.04074,0.02721,0.01479,0.01390,0.01409,0.03143,0.28763,0.03334,0.09510,0.22424,0.00461,0.02112,0.01581,0.01208,0.01235
0.04938,0.04172,0.03959,0.03818,0.24185,0.30273,0.02158,0.07403,0.02213,0.00386,0.03073,0.02932,0.00843,0.00828,0.02133,0.01639,0.00616,0.00812,0.00614,0.03005
0.04234,0.08165,0.01460,0.03318,0.12823,0.10349,0.01233,0.02934,0.00304,0.02423,0.06808,0.19977,0.02302,0.04929,0.14444,0.01257,0.01971,0.00603,0.00126,0.00338
0.03163,0.09263,0.17496,0.01668,0.20583,0.21375,0.01197,0.02192,0.03194,0.00983,0.01333,0.03253,0.00761,0.01013,0.00558,0.01326,0.00379,0.01903,0.07348,0.01011
0.07747,0.01428,0.08210,0.06041,0.22553,0.22864,0.01005,0.02486,0.01210,0.02527,0.01714,0.05836,0.02605,0.04352,0.03855,0.01634,0.02931,0.00113,0.00571,0.00316
0.06386,0.02736,0.16584,0.05736,0.09670,0.13868,0.04038,0.01790,0.01182,0.02608,0.03433,0.11123,0.04262,0.11216,0.02191,0.00466,0.01216,0.00323,0.00857,0.00314
0.07970,0.07671,0.08625,0.00970,0.14470,0.14929,0.02064,0.02052,0.02284,0.00236,0.07610,0.09155,0.03814,0.09851,0.02289,0.01886,0.02007,0.00184,0.01344,0.00589
0.05424,0.02445,0.04088,0.10521,0.13717,0.12898,0.01380,0.04932,0.01018,0.00228,0.01344,0.19853,0.01332,0.17929,0.01078,0.00272,0.01101,0.00056,0.00243,0.00140
0.03023,0.01315,0.33764,0.32973,0.05443,0.03007,0.00435,0.02782,0.00164,0.06792,0.01379,0.02718,0.01635,0.02006,0.00756,0.00366,0.00146,0.00770,0.00283,0.00240
0.03507,0.03882,0.04519,0.03978,0.10153,0.09455,0.04512,0.02502,0.01250,0.02071,0.01635,0.21736,0.00563,0.15840,0.08049,0.00301,0.02046,0.01259,0.02383,0.00359
0.03430,0.02296,0.22186,0.21611,0.03658,0.05530,0.01299,0.06909,0.01393,0.06382,0.01815,0.07600,0.00426,0.07706,0.01623,0.01137,0.01623,0.00059,0.01999,0.01315
0.01687,0.02618,0.02226,0.05201,0.36967,0.36495,0.00601,0.03747,0.00346,0.00796,0.00452,0.02523,0.00901,0.02396,0.00505,0.00927,0.00230,0.00975,0.00068,0.00341
0.04732,0.03705,0.06068,0.01002,0.06925,0.07771,0.03721,0.01298,0.01191,0.00890,0.02430,0.25983,0.01313,0.24948,0.00640,0.05156,0.01230,0.00255,0.00235,0.00505
0.01057,0.01183,0.01667,0.01689,0.06130,0.06386,0.02458,0.01457,0.04140,0.02264,0.02200,0.29093,0.06872,0.27123,0.00407,0.04497,0.00591,0.00497,0.00247,0.00042
0.03631,0.01758,0.10250,0.02200,0.20183,0.20526,0.01725,0.01842,0.02469,0.00510,0.00768,0.14058,0.02004,0.07813,0.05467,0.01201,0.01785,0.01317,0.00262,0.00230
0.02424,0.00980,0.05233,0.04372,0.31668,0.29436,0.02957,0.02417,0.02329,0.06422,0.01641,0.04547,0.01001,0.01826,0.00488,0.00737,0.00839,0.00185,0.00254,0.00242
0.01887,0.02138,0.07757,0.03250,0.16183,0.16592,0.03686,0.03296,0.00862,0.04705,0.01685,0.16380,0.01030,0.15694,0.00539,0.01634,0.00953,0.00508,0.00387,0.00837
0.04729,0.02036,0.06120,0.02476,0.28112,0.31714,0.01371,0.02743,0.00574,0.00876,0.05164,0.06567,0.00901,0.01875,0.02475,0.00489,0.00572,0.00270,0.00288,0.00648
0.04409,0.01478,0.03623,0.04579,0.10647,0.06677,0.03066,0.05015,0.00897,0.00827,0.01563,0.24726,0.02124,0.23936,0.00809,0.00315,0.03480,0.00459,0.00120,0.01251
0.03023,0.01467,0.09269,0.14700,0.22292,0.10377,0.02345,0.07325,0.03303,0.01422,0.01954,0.08885,0.00745,0.01983,0.07397,0.01188,0.00430,0.00533,0.00270,0.01092
0.02148,0.03883,0.03939,0.15877,0.21518,0.20684,0.00650,0.11920,0.01406,0.02956,0.01087,0.02782,0.01274,0.02970,0.01001,0.01186,0.01165,0.00605,0.01158,0.01793
0.07726,0.01549,0.02217,0.04055,0.06275,0.04119,0.02310,0.08122,0.03500,0.01761,0.02045,0.22061,0.04379,0.22446,0.03589,0.01414,0.00456,0.01129,0.00654,0.00194
0.02705,0.01238,0.05559,0.05695,0.20885,0.24223,0.02214,0.05953,0.02776,0.00405,0.01723,0.09531,0.02433,0.07947,0.00933,0.04085,0.00153,0.00110,0.00467,0.00966
0.25655,0.02319,0.23200,0.02816,0.06330,0.03834,0.00563,0.04224,0.00930,0.00687,0.00926,0.11872,0.00764,0.10426,0.02124,0.00423,0.01168,0.00365,0.00348,0.01027
0.01539,0.02419,0.01223,0.00703,0.03978,0.03254,0.01033,0.04973,0.00703,0.02839,0.01500,0.34287,0.03741,0.01208,0.31538,0.00388,0.02849,0.00321,0.00361,0.01141
0.01317,0.06202,0.04105,0.07719,0.08853,0.10594,0.01234,0.08264,0.01746,0.02516,0.00981,0.19944,0.01312,0.14615,0.02917,0.00301,0.02639,0.00629,0.00594,0.03518
0.04141,0.01804,0.01204,0.00637,0.02474,0.03735,0.00394,0.03791,0.02364,0.02130,0.03037,0.31145,0.00944,0.30574,0.04201,0.00558,0.01300,0.00949,0.02428,0.02191
0.03023,0.02158,0.03527,0.03760,0.09320,0.06782,0.02561,0.03266,0.03324,0.01666,0.00641,0.25409,0.03684,0.20723,0.05221,0.01174,0.00934,0.00392,0.00183,0.02252
0.06549,0.00877,0.03437,0.02965,0.07249,0.23788,0.00840,0.20793,0.01143,0.01853,0.02946,0.12104,0.00881,0.07517,0.03951,0.00571,0.00516,0.00833,0.00743,0.00444
0.03077,0.01829,0.03226,0.22448,0.30895,0.14305,0.02040,0.06871,0.01344,0.01107,0.01634,0.03516,0.01221,0.01151,0.03176,0.00315,0.01171,0.00256,0.00210,0.00207
0.10717,0.04796,0.14392,0.03490,0.13363,0.13629,0.03583,0.01340,0.00651,0.00635,0.03548,0.12254,0.01815,0.09464,0.01557,0.02187,0.00589,0.00677,0.00258,0.01054
0.05146,0.06820,0.14398,0.01714,0.14638,0.16525,0.02265,0.05063,0.01157,0.02610,0.01773,0.10407,0.04892,0.08036,0.01966,0.00790,0.00449,0.00619,0.00352,0.00381
0.02305,0.01110,0.01074,0.02015,0.07315,0.10517,0.00968,0.04702,0.03898,0.02435,0.05964,0.19778,0.04043,0.22631,0.04482,0.03960,0.00386,0.00712,0.00892,0.00813
0.02358,0.01868,0.02569,0.04517,0.22076,0.22792,0.00636,0.01575,0.00483,0.01176,0.07511,0.13421,0.01880,0.13436,0.00389,0.01672,0.00441,0.00168,0.00463,0.00571
0.03323,0.02667,0.04401,0.02923,0.07851,0.04846,0.02968,0.01539,0.00932,0.00794,0.00600,0.30547,0.05675,0.26921,0.00947,0.00216,0.00530,0.01412,0.00068,0.00841
0.02764,0.01341,0.03024,0.01886,0.23078,0.20726,0.00415,0.03097,0.00711,0.01778,0.01557,0.17531,0.00041,0.03378,0.13594,0.02002,0.00732,0.01128,0.00386,0.00830
0.04904,0.01226,0.01823,0.02481,0.27955,0.28719,0.02694,0.06282,0.03770,0.01617,0.02203,0.05158,0.01532,0.03033,0.04659,0.00866,0.00369,0.00377,0.00152,0.00179
0.07402,0.03783,0.05398,0.21796,0.28430,0.09307,0.00817,0.01259,0.00457,0.00427,0.02471,0.06666,0.03054,0.05558,0.00848,0.00698,0.00459,0.00384,0.00127,0.00660
0.08047,0.01694,0.06476,0.08736,0.12217,0.07430,0.02917,0.02524,0.00572,0.02365,0.02818,0.15786,0.00710,0.11092,0.05724,0.00937,0.03141,0.01139,0.01841,0.03831
0.02631,0.01940,0.06478,0.06797,0.04058,0.04720,0.02511,0.06070,0.01027,0.00663,0.02732,0.26604,0.05592,0.14522,0.10066,0.00472,0.00969,0.00944,0.00287,0.00919
0.23267,0.01979,0.20621,0.03442,0.14179,0.14105,0.00329,0.01854,0.01288,0.01152,0.02094,0.05558,0.00241,0.03446,0.04163,0.01019,0.00362,0.00279,0.00447,0.00176
0.04970,0.02413,0.02218,0.01917,0.17099,0.18982,0.00817,0.03202,0.03063,0.01529,0.06376,0.11895,0.02794,0.12893,0.01465,0.01103,0.00508,0.00889,0.05085,0.00784
0.01185,0.01802,0.04790,0.29896,0.30407,0.11125,0.00886,0.04508,0.01673,0.00834,0.00374,0.03607,0.01827,0.02876,0.00760,0.00925,0.01625,0.00346,0.00251,0.00303
0.02250,0.01701,0.01965,0.01360,0.08294,0.04331,0.00710,0.04952,0.03457,0.00512,0.04489,0.32549,0.00882,0.14782,0.15109,0.00728,0.00732,0.00554,0.00291,0.00353
0.07778,0.03262,0.08475,0.00854,0.17691,0.15626,0.01384,0.05362,0.01183,0.05191,0.02756,0.08973,0.03051,0.06462,0.06632,0.02070,0.00676,0.01045,0.01287,0.00242
0.02763,0.03876,0.03590,0.01197,0.09561,0.11761,0.00868,0.03823,0.07526,0.00740,0.00370,0.20864,0.06210,0.11930,0.09021,0.03047,0.01003,0.00452,0.00318,0.01078
0.05086,0.03213,0.01249,0.04104,0.16079,0.15455,0.05720,0.01897,0.00492,0.01097,0.03469,0.16228,0.01438,0.15920,0.01495,0.04056,0.00901,0.01466,0.00393,0.00243
0.27368,0.02954,0.27380,0.01200,0.09315,0.10375,0.01743,0.02596,0.01303,0.05714,0.01329,0.02554,0.01140,0.02675,0.00321,0.00879,0.00463,0.00163,0.00200,0.00327
0.08326,0.05531,0.07703,0.02921,0.12189,0.15461,0.01910,0.03576,0.02208,0.00965,0.01595,0.12593,0.02201,0.14168,0.02847,0.00577,0.03390,0.00348,0.00861,0.00630
0.02508,0.16840,0.21493,0.01582,0.18646,0.20127,0.00326,0.01179,0.01842,0.00455,0.02099,0.04288,0.00372,0.02801,0.01292,0.01231,0.00354,0.00100,0.02277,0.00186
0.10170,0.02903,0.02556,0.04539,0.18245,0.12932,0.01879,0.03102,0.02418,0.02038,0.02795,0.14510,0.01110,0.14542,0.00836,0.01318,0.00781,0.01347,0.00910,0.01068
0.03129,0.04929,0.03107,0.00825,0.30745,0.30143,0.00243,0.00358,0.00329,0.00550,0.06233,0.08501,0.01073,0.00811,0.06938,0.00437,0.01303,0.00166,0.00113,0.00068
0.01776,0.03263,0.02519,0.03188,0.09766,0.11895,0.01565,0.02142,0.00533,0.02156,0.03116,0.16503,0.05885,0.16061,0.01823,0.08541,0.07264,0.00707,0.00538,0.00761
0.17676,0.02105,0.16287,0.01469,0.03476,0.04823,0.02967,0.09112,0.00697,0.00711,0.01692,0.16790,0.03041,0.15666,0.01115,0.00056,0.00759,0.00442,0.00884,0.00231
0.01100,0.01771,0.09014,0.09658,0.26665,0.30309,0.01896,0.03834,0.00643,0.01305,0.01379,0.03495,0.01130,0.02828,0.01329,0.00678,0.01019,0.00214,0.01506,0.00226
0.35149,0.01198,0.33537,0.00947,0.06191,0.05893,0.01968,0.01353,0.00397,0.01144,0.01382,0.02773,0.02509,0.02179,0.01005,0.00540,0.00829,0.00624,0.00272,0.00110
0.02943,0.02271,0.02671,0.20639,0.19919,0.03257,0.01321,0.00766,0.00783,0.01140,0.01774,0.17962,0.00497,0.18365,0.01539,0.01004,0.01253,0.00737,0.00535,0.00625
0.01164,0.01897,0.01105,0.01556,0.14031,0.13848,0.01818,0.02693,0.02346,0.00554,0.07468,0.15046,0.01741,0.12799,0.14184,0.00461,0.01540,0.03961,0.01126,0.00662
0.05262,0.05200,0.07470,0.05032,0.09044,0.09302,0.07911,0.04951,0.00838,0.02167,0.04777,0.12261,0.02832,0.04177,0.12868,0.01299,0.01832,0.00930,0.01356,0.00492
0.03069,0.00371,0.06266,0.08121,0.28390,0.25047,0.01742,0.06713,0.02500,0.01581,0.01108,0.03529,0.00943,0.04064,0.03128,0.00231,0.01755,0.00519,0.00549,0.00375
0.02270,0.01296,0.01946,0.01687,0.24649,0.25596,0.00830,0.02549,0.00363,0.00429,0.01336,0.14319,0.01703,0.15718,0.01139,0.01024,0.01707,0.00591,0.00407,0.00440
0.02807,0.08479,0.18763,0.01977,0.04847,0.04523,0.01342,0.03556,0.00532,0.04664,0.02584,0.17582,0.02223,0.15965,0.03578,0.00438,0.03293,0.00703,0.01739,0.00403
0.21062,0.03844,0.21189,0.02137,0.16455,0.14414,0.05931,0.01049,0.00364,0.02151,0.01336,0.01959,0.00911,0.01500,0.02228,0.00756,0.00609,0.00705,0.00080,0.01320
0.06707,0.03507,0.07234,0.01231,0.30149,0.29380,0.03390,0.00945,0.01318,0.00950,0.00623,0.03319,0.01726,0.02487,0.01156,0.02799,0.00918,0.01727,0.00069,0.00367
0.05081,0.02146,0.04098,0.01370,0.12573,0.15489,0.02456,0.02256,0.01675,0.01695,0.02469,0.23536,0.00894,0.13292,0.08381,0.01154,0.00157,0.00819,0.00348,0.00111
0.03531,0.02474,0.02197,0.01745,0.08077,0.17012,0.00802,0.15570,0.03349,0.00533,0.01062,0.14182,0.05994,0.12068,0.04156,0.04028,0.01114,0.01024,0.00574,0.00510
0.04216,0.06728,0.04548,0.02892,0.26232,0.29018,0.02574,0.01446,0.01073,0.02207,0.00905,0.04678,0.00989,0.04003,0.01819,0.04099,0.01582,0.00646,0.00118,0.00225
0.03972,0.07009,0.13387,0.11106,0.03740,0.02058,0.02651,0.02270,0.04105,0.02347,0.00957,0.20590,0.01189,0.09540,0.12713,0.00530,0.00919,0.00726,0.00121,0.00072
0.05591,0.02078,0.02681,0.04586,0.13340,0.13609,0.02387,0.04917,0.03396,0.02483,0.02318,0.16578,0.03868,0.14279,0.02282,0.01693,0.01600,0.00433,0.00779,0.01103
0.06434,0.09284,0.12999,0.03200,0.09568,0.09418,0.00271,0.03566,0.03664,0.01889,0.01644,0.16402,0.01174,0.14758,0.00973,0.01211,0.00720,0.00509,0.01836,0.00479
0.05318,0.02319,0.09334,0.05142,0.13585,0.14510,0.02009,0.01211,0.02423,0.00766,0.03086,0.16824,0.04285,0.08747,0.04135,0.02991,0.02587,0.00344,0.00198,0.00183
0.09383,0.07894,0.09427,0.00913,0.04922,0.07911,0.01496,0.02833,0.04182,0.01123,0.01181,0.22096,0.00399,0.21291,0.01393,0.00840,0.00702,0.00352,0.00801,0.00860
0.03422,0.01798,0.03225,0.00826,0.28137,0.33021,0.00803,0.03060,0.00495,0.00467,0.00728,0.06698,0.04078,0.08580,0.01173,0.01153,0.00876,0.00527,0.00771,0.00161
0.02872,0.02253,0.13534,0.01168,0.15475,0.17565,0.00505,0.01979,0.00854,0.00373,0.00682,0.16969,0.02181,0.18042,0.00454,0.03196,0.00288,0.00659,0.00693,0.00260
0.05591,0.02379,0.05772,0.03530,0.08485,0.07802,0.01751,0.05864,0.01507,0.03098,0.04936,0.19671,0.01006,0.18621,0.01204,0.02024,0.04919,0.00303,0.01229,0.00310
0.27808,0.02779,0.26939,0.02482,0.06145,0.06046,0.01320,0.01477,0.00362,0.02094,0.00835,0.08746,0.01977,0.07454,0.01433,0.00482,0.00452,0.00201,0.00391,0.00576
0.09147,0.04812,0.16627,0.12791,0.12924,0.14305,0.03435,0.03780,0.01168,0.00902,0.01549,0.06831,0.01982,0.05759,0.00910,0.01240,0.00894,0.00386,0.00206,0.00351
0.11118,0.02546,0.02586,0.07130,0.12085,0.04057,0.02555,0.01070,0.00596,0.00544,0.03043,0.21065,0.01238,0.19939,0.01438,0.01143,0.00585,0.03568,0.01419,0.02276
0.03701,0.02621,0.02438,0.02853,0.12713,0.13057,0.02264,0.01850,0.02532,0.00447,0.04126,0.25422,0.01382,0.10104,0.12336,0.00625,0.00773,0.00211,0.00214,0.00331
0.12712,0.00854,0.13620,0.03900,0.15060,0.16081,0.04990,0.03456,0.01468,0.00788,0.01171,0.08394,0.02475,0.07687,0.03859,0.01080,0.00601,0.00528,0.00766,0.00511
0.05319,0.01090,0.03786,0.01014,0.34107,0.33206,0.02149,0.01810,0.00578,0.00748,0.02424,0.04502,0.00438,0.03788,0.01874,0.01175,0.00244,0.00559,0.00867,0.00323
0.02289,0.06175,0.03072,0.09774,0.15774,0.15636,0.03038,0.04421,0.02558,0.01289,0.02409,0.09804,0.01900,0.07334,0.07055,0.02650,0.00878,0.02178,0.00665,0.01102
0.02392,0.04355,0.07622,0.04769,0.16323,0.11028,0.00424,0.05882,0.01863,0.03329,0.02495,0.13809,0.03610,0.13156,0.02359,0.02469,0.01870,0.00486,0.00675,0.01085
0.01135,0.03176,0.10969,0.06068,0.04507,0.03205,0.01632,0.01913,0.02413,0.03795,0.10849,0.19929,0.01519,0.09539,0.14313,0.01576,0.01100,0.01044,0.00289,0.01028
0.08341,0.02141,0.09564,0.01970,0.24221,0.21924,0.00315,0.02669,0.02800,0.01235,0.02628,0.04638,0.00774,0.07343,0.05303,0.00308,0.01567,0.01298,0.00112,0.00849
0.04170,0.05073,0.21893,0.15697,0.08094,0.09303,0.07060,0.03384,0.02105,0.00683,0.00610,0.08270,0.00787,0.06980,0.01143,0.00867,0.00816,0.02691,0.00201,0.00172
0.01175,0.02445,0.02459,0.01421,0.29034,0.29471,0.02075,0.02256,0.00797,0.01766,0.02321,0.09645,0.00954,0.08391,0.02345,0.01125,0.00427,0.00556,0.00273,0.01064
0.08007,0.02922,0.07914,0.01930,0.12588,0.14802,0.04421,0.06601,0.01953,0.01658,0.03006,0.09903,0.01738,0.07855,0.01752,0.05324,0.02635,0.01509,0.00864,0.02617
0.06475,0.02510,0.03228,0.02898,0.17806,0.16949,0.02203,0.02233,0.02243,0.00747,0.04018,0.08854,0.01854,0.11545,0.00872,0.07998,0.06593,0.00277,0.00392,0.00306
0.01180,0.01641,0.07689,0.03392,0.20239,0.19825,0.02904,0.01271,0.01321,0.01482,0.03416,0.14018,0.01186,0.12191,0.04162,0.01464,0.01099,0.00435,0.00318,0.00766
0.02709,0.05664,0.05622,0.02049,0.02951,0.08061,0.00845,0.04458,0.01548,0.00619,0.04679,0.23149,0.01600,0.10144,0.17443,0.01521,0.03683,0.00267,0.02421,0.00567
0.01967,0.00965,0.07238,0.00907,0.05749,0.11428,0.00949,0.03377,0.00998,0.06221,0.04854,0.24541,0.01310,0.23246,0.01562,0.00787,0.00144,0.00751,0.00851,0.02157
0.01598,0.01122,0.02184,0.00731,0.33313,0.32281,0.00453,0.01934,0.01000,0.00708,0.00752,0.10566,0.00246,0.02689,0.09259,0.00224,0.00535,0.00071,0.00130,0.00204
0.14648,0.02190,0.19225,0.13338,0.10795,0.08687,0.01411,0.02211,0.01150,0.01234,0.01286,0.10394,0.03212,0.07491,0.01337,0.00454,0.00398,0.00300,0.00063,0.00176
0.25953,0.02010,0.26377,0.02516,0.04508,0.03490,0.00434,0.01508,0.00766,0.00624,0.01299,0.11214,0.01740,0.06490,0.07759,0.00583,0.00926,0.01000,0.00418,0.00384
0.03466,0.02737,0.10457,0.02660,0.13891,0.14515,0.00772,0.04227,0.02197,0.01678,0.04053,0.17094,0.02025,0.04067,0.12436,0.00375,0.02670,0.00602,0.00038,0.00040
0.04673,0.01711,0.07592,0.01933,0.07583,0.30597,0.01420,0.27172,0.00973,0.00395,0.01623,0.04311,0.01724,0.04994,0.00567,0.00374,0.01365,0.00346,0.00122,0.00524
0.03120,0.03612,0.07381,0.02865,0.22143,0.19913,0.01855,0.03590,0.01105,0.02803,0.00846,0.12670,0.02243,0.10837,0.01052,0.01116,0.01157,0.00033,0.00672,0.00988
0.01996,0.01133,0.03634,0.03489,0.05450,0.05696,0.00933,0.05087,0.02103,0.05724,0.07263,0.19826,0.08516,0.16054,0.03443,0.02750,0.00941,0.02972,0.02175,0.00814
0.03415,0.01822,0.03069,0.01380,0.09724,0.10359,0.01487,0.03275,0.02786,0.03357,0.03683,0.22913,0.02143,0.13554,0.10414,0.03364,0.01333,0.00831,0.00334,0.00758
0.01634,0.01997,0.05500,0.02172,0.28541,0.26043,0.02742,0.01340,0.00610,0.04316,0.00651,0.10488,0.01033,0.03239,0.07393,0.00829,0.00718,0.00505,0.00204,0.00044
0.01452,0.04992,0.06164,0.06870,0.04856,0.06780,0.00754,0.08666,0.01050,0.01093,0.01077,0.21941,0.04070,0.19846,0.03592,0.01517,0.02821,0.02035,0.00104,0.00322
0.03529,0.02926,0.14847,0.11037,0.06681,0.06255,0.00727,0.04632,0.03088,0.03678,0.01305,0.15280,0.01756,0.13992,0.01592,0.01676,0.00571,0.01534,0.02017,0.02876
0.06885,0.04281,0.08732,0.01657,0.14531,0.14356,0.04130,0.01756,0.03622,0.01381,0.01567,0.13235,0.03346,0.11708,0.01706,0.03144,0.01439,0.01189,0.00579,0.00754
0.10873,0.02262,0.08901,0.01068,0.07941,0.08724,0.04016,0.02524,0.03501,0.01879,0.01357,0.17960,0.04684,0.16129,0.01852,0.03001,0.01599,0.00436,0.00915,0.00378
0.04707,0.01548,0.03615,0.05122,0.18512,0.19535,0.01571,0.04613,0.06081,0.01576,0.03524,0.13691,0.00868,0.03009,0.08230,0.00413,0.01752,0.00418,0.00176,0.01038
0.04912,0.03245,0.09060,0.15953,0.17264,0.15591,0.02493,0.08998,0.02112,0.01378,0.02181,0.03628,0.01515,0.03353,0.02568,0.01943,0.00744,0.00955,0.01080,0.01028
0.06963,0.04434,0.10166,0.04103,0.07421,0.06502,0.03536,0.01638,0.03302,0.04420,0.02526,0.18337,0.02849,0.03154,0.15603,0.01695,0.01704,0.00410,0.00786,0.00452
0.02545,0.03061,0.05146,0.01439,0.15734,0.17889,0.02793,0.02656,0.00323,0.02427,0.03278,0.14616,0.01070,0.12845,0.03889,0.01834,0.01427,0.06173,0.00233,0.00622
0.02365,0.05167,0.03054,0.02271,0.20615,0.20692,0.04673,0.08906,0.02231,0.02432,0.02357,0.09537,0.02747,0.07223,0.02068,0.01618,0.01328,0.00023,0.00376,0.00316
0.03496,0.05277,0.05747,0.06482,0.17583,0.18317,0.03227,0.01722,0.02122,0.01330,0.03105,0.10018,0.04307,0.03415,0.04755,0.02395,0.06051,0.00133,0.00142,0.00376
0.35842,0.01423,0.37979,0.00832,0.05491,0.04641,0.01203,0.00993,0.01154,0.01665,0.01330,0.01398,0.01349,0.01757,0.00987,0.00802,0.00377,0.00123,0.00152,0.00503
0.06386,0.03402,0.02935,0.03188,0.12027,0.13610,0.01647,0.04212,0.00744,0.01853,0.00817,0.18475,0.01769,0.13941,0.04975,0.02603,0.01997,0.03133,0.01704,0.00583
0.02789,0.02891,0.09845,0.07057,0.09443,0.16516,0.02297,0.10052,0.00970,0.00823,0.10012,0.07983,0.03754,0.06727,0.02414,0.03356,0.00551,0.00456,0.01610,0.00455
0.04135,0.01230,0.06505,0.03579,0.23151,0.24066,0.01119,0.03835,0.01992,0.00691,0.01070,0.13591,0.01622,0.03168,0.08105,0.00392,0.00798,0.00120,0.00146,0.00687
0.16885,0.06241,0.19008,0.01869,0.12306,0.12623,0.00741,0.06019,0.02098,0.01299,0.03823,0.02000,0.03769,0.02179,0.01004,0.05629,0.01421,0.00238,0.00418,0.00432
0.03468,0.04882,0.03286,0.02977,0.29538,0.31478,0.02117,0.05935,0.01090,0.00303,0.01423,0.03500,0.02681,0.03561,0.00530,0.01395,0.00602,0.00548,0.00461,0.00224
0.03153,0.02392,0.10390,0.02053,0.23432,0.22209,0.02535,0.02515,0.01084,0.01128,0.01591,0.06117,0.05168,0.05526,0.00867,0.03567,0.04061,0.01761,0.00207,0.00242
0.02715,0.01292,0.05134,0.01784,0.03333,0.04276,0.02415,0.03817,0.00610,0.00748,0.02607,0.30863,0.02180,0.34112,0.00664,0.00938,0.00935,0.00195,0.00844,0.00538
0.03279,0.04392,0.00934,0.01115,0.25329,0.24279,0.00919,0.04271,0.00675,0.03178,0.02570,0.07967,0.00787,0.07528,0.02038,0.01818,0.02402,0.00262,0.05777,0.00483
0.01045,0.02769,0.04206,0.01240,0.34648,0.35417,0.03447,0.02801,0.00608,0.00921,0.01041,0.03371,0.00581,0.03105,0.00582,0.02534,0.00396,0.00655,0.00051,0.00584
0.16236,0.02006,0.18102,0.01634,0.03167,0.03478,0.02818,0.03705,0.01076,0.00623,0.00791,0.15859,0.01401,0.14552,0.01106,0.08228,0.02181,0.01351,0.01185,0.00500
0.04306,0.05887,0.06821,0.01787,0.20971,0.20429,0.01532,0.12417,0.01114,0.03072,0.03716,0.05352,0.01692,0.03180,0.03249,0.01321,0.00690,0.01753,0.00124,0.00586
0.01175,0.01207,0.02602,0.04547,0.14547,0.14586,0.01449,0.02837,0.02497,0.00957,0.09071,0.15975,0.04267,0.12087,0.05087,0.04062,0.00409,0.01409,0.00786,0.00442
0.17561,0.04142,0.28072,0.03071,0.03534,0.01382,0.02082,0.03641,0.01558,0.01419,0.02182,0.11167,0.00268,0.14687,0.01860,0.01538,0.01178,0.00111,0.00394,0.00155
0.07270,0.01164,0.01608,0.04823,0.16985,0.18879,0.01080,0.09123,0.00597,0.00475,0.02761,0.13208,0.05718,0.12304,0.01599,0.00505,0.00987,0.00266,0.00473,0.00175
0.08416,0.01285,0.06949,0.01163,0.03231,0.03868,0.00644,0.02219,0.01230,0.01342,0.14789,0.23830,0.03080,0.22390,0.03274,0.00633,0.00568,0.00314,0.00617,0.00161
0.07134,0.01400,0.04399,0.01444,0.22946,0.20386,0.02097,0.02171,0.00936,0.01346,0.03827,0.10119,0.04923,0.03663,0.07339,0.00874,0.00702,0.02619,0.01050,0.00627
0.06822,0.05892,0.08857,0.02469,0.09136,0.09334,0.03132,0.03457,0.03491,0.01622,0.03402,0.12437,0.01585,0.11717,0.07823,0.05616,0.01744,0.00609,0.00480,0.00374
0.03117,0.01443,0.01584,0.24901,0.23763,0.07074,0.03339,0.01426,0.01250,0.01080,0.04624,0.09690,0.01676,0.08619,0.01350,0.02281,0.00616,0.00903,0.00319,0.00945
0.23478,0.03303,0.23824,0.01613,0.10652,0.12367,0.02803,0.01676,0.01137,0.01362,0.02503,0.03367,0.00465,0.03391,0.01054,0.00515,0.00591,0.01144,0.03163,0.01592
0.02690,0.07581,0.02637,0.01183,0.23104,0.22034,0.00554,0.05626,0.00812,0.00282,0.02320,0.11654,0.02268,0.11223,0.02120,0.00499,0.01078,0.00716,0.00097,0.01521
0.04267,0.01323,0.04269,0.01903,0.15506,0.14857,0.02406,0.02717,0.01532,0.03482,0.04986,0.16882,0.01353,0.07472,0.11308,0.00210,0.00630,0.01415,0.02765,0.00716
0.04081,0.01377,0.04210,0.00922,0.06567,0.25101,0.02573,0.22738,0.01263,0.01976,0.00955,0.10663,0.01918,0.05621,0.07594,0.00673,0.00735,0.00511,0.00044,0.00479
0.00860,0.04026,0.01467,0.01300,0.28354,0.26451,0.01574,0.02409,0.00809,0.01737,0.01304,0.10836,0.01931,0.02089,0.06961,0.05991,0.00389,0.00413,0.00357,0.00743
0.02760,0.00789,0.02106,0.02583,0.06780,0.30194,0.01730,0.28537,0.00607,0.03042,0.00911,0.08124,0.00545,0.01425,0.05708,0.00977,0.00782,0.01073,0.00512,0.00816
0.05885,0.02677,0.04447,0.02452,0.23913,0.23893,0.00947,0.03810,0.01662,0.00932,0.01372,0.10493,0.01128,0.09205,0.01315,0.01712,0.00771,0.01542,0.00201,0.01643
0.03695,0.02300,0.05961,0.13906,0.17817,0.11060,0.01150,0.04590,0.01779,0.03878,0.01449,0.13383,0.00819,0.12945,0.03013,0.00376,0.00416,0.00599,0.00590,0.00274
0.06576,0.03668,0.15589,0.04765,0.05102,0.03320,0.00670,0.02216,0.01484,0.01799,0.00443,0.21325,0.03819,0.20292,0.02650,0.01431,0.01506,0.00902,0.01558,0.00886
0.04313,0.00956,0.13189,0.10208,0.23561,0.24320,0.01296,0.00887,0.00334,0.01193,0.01090,0.03500,0.03890,0.03519,0.01673,0.01472,0.00570,0.00677,0.02357,0.00995
0.04473,0.00869,0.03777,0.09255,0.17401,0.18643,0.01626,0.00958,0.09561,0.00939,0.02237,0.10974,0.01215,0.09081,0.01230,0.02176,0.03207,0.00921,0.00298,0.01157
0.07019,0.04806,0.06910,0.03077,0.10964,0.09558,0.00230,0.02350,0.01431,0.02396,0.03536,0.19004,0.02183,0.15489,0.04807,0.00823,0.01522,0.03238,0.00345,0.00311
0.02478,0.01536,0.02311,0.02194,0.23926,0.25037,0.01173,0.04348,0.00867,0.00587,0.01028,0.13978,0.00827,0.12115,0.02082,0.01724,0.02551,0.00347,0.00491,0.00399
0.01954,0.03468,0.04627,0.02150,0.13724,0.15629,0.06014,0.02118,0.02530,0.00807,0.05869,0.13772,0.03172,0.14803,0.02747,0.01619,0.02579,0.00673,0.00694,0.01051
0.04418,0.06838,0.04288,0.02136,0.05021,0.04577,0.00889,0.02563,0.01939,0.00568,0.04022,0.26618,0.02428,0.16259,0.10632,0.04094,0.00359,0.00656,0.00872,0.00822
0.04745,0.08206,0.12899,0.06412,0.17995,0.16149,0.01917,0.06516,0.03399,0.00965,0.00796,0.04819,0.02152,0.04968,0.01605,0.02964,0.00904,0.00984,0.00681,0.00925
0.01718,0.02015,0.08817,0.04261,0.04301,0.03047,0.00778,0.08387,0.00518,0.01262,0.02779,0.28434,0.04785,0.24127,0.01900,0.00888,0.00709,0.00847,0.00164,0.00260
0.06802,0.01450,0.11325,0.02663,0.29466,0.29960,0.00486,0.06537,0.01600,0.00837,0.01014,0.03331,0.00439,0.00892,0.01213,0.00353,0.00445,0.00327,0.00619,0.00240
0.07028,0.03169,0.08684,0.01850,0.03504,0.07260,0.00796,0.04977,0.02753,0.01994,0.01378,0.26298,0.00557,0.18392,0.08261,0.01439,0.00234,0.00694,0.00193,0.00540
0.06663,0.05045,0.03198,0.01969,0.17702,0.16909,0.02841,0.04790,0.01085,0.01213,0.01574,0.16090,0.00226,0.02846,0.14898,0.00781,0.00434,0.00476,0.00595,0.00666
0.02377,0.03230,0.05899,0.05239,0.29201,0.30171,0.01649,0.02185,0.00421,0.00477,0.01559,0.05029,0.00687,0.06433,0.00822,0.01182,0.01880,0.00628,0.00445,0.00485
0.02656,0.14545,0.22503,0.00981,0.13256,0.16859,0.01469,0.04054,0.02406,0.01218,0.02217,0.01253,0.01581,0.02223,0.01783,0.04894,0.04595,0.01084,0.00053,0.00371
0.01768,0.04082,0.05762,0.02274,0.31193,0.30154,0.01970,0.02140,0.01828,0.01735,0.02039,0.05036,0.01460,0.04618,0.01246,0.00568,0.00512,0.00388,0.00810,0.00419
0.03001,0.01586,0.04165,0.01998,0.06861,0.19180,0.02826,0.15966,0.00833,0.01532,0.01759,0.15554,0.01040,0.09530,0.07141,0.02662,0.02054,0.01397,0.00335,0.00583
0.06863,0.03416,0.02970,0.03582,0.19796,0.19869,0.01377,0.01063,0.01869,0.02192,0.01634,0.13092,0.02036,0.10434,0.03210,0.04277,0.00557,0.00971,0.00524,0.00270
0.04269,0.03848,0.06231,0.03905,0.08609,0.13810,0.01474,0.03874,0.02739,0.00659,0.02865,0.16702,0.03523,0.15928,0.02132,0.02377,0.02142,0.04461,0.00237,0.00216
0.06096,0.06884,0.09417,0.00432,0.08033,0.10826,0.02219,0.01701,0.01003,0.00839,0.05984,0.16011,0.03240,0.14850,0.00952,0.01433,0.06484,0.01636,0.01323,0.00635
0.05274,0.03227,0.06326,0.00863,0.03890,0.17070,0.01265,0.14282,0.01442,0.00876,0.08462,0.12207,0.02770,0.15385,0.02047,0.00238,0.01139,0.00832,0.00804,0.01601
0.10180,0.11151,0.18454,0.03645,0.09958,0.06750,0.01754,0.02425,0.01068,0.01394,0.02020,0.13051,0.02025,0.10045,0.02927,0.00780,0.00255,0.00482,0.01181,0.00454
0.05774,0.00935,0.02046,0.03599,0.18462,0.17691,0.01912,0.01781,0.02425,0.01032,0.02822,0.14205,0.03454,0.12090,0.05657,0.02116,0.00636,0.01309,0.00488,0.01567
0.04984,0.04187,0.02989,0.03874,0.10620,0.10857,0.00604,0.00762,0.02247,0.01844,0.02833,0.13499,0.02327,0.14544,0.10991,0.03584,0.01444,0.00476,0.00227,0.07107
0.05600,0.03823,0.07447,0.03789,0.08250,0.18456,0.02075,0.13667,0.00464,0.02783,0.01864,0.10180,0.01506,0.13661,0.00675,0.00468,0.02317,0.01853,0.00575,0.00547
0.15979,0.04373,0.16280,0.00661,0.04537,0.06696,0.01775,0.02319,0.00755,0.01655,0.02121,0.16067,0.02481,0.05053,0.13006,0.00298,0.02138,0.00749,0.00908,0.02148
0.02719,0.02373,0.02152,0.02851,0.04814,0.19693,0.00251,0.15596,0.00608,0.04876,0.02601,0.15984,0.01420,0.15817,0.02419,0.01350,0.01184,0.01943,0.00145,0.01205
0.02775,0.01382,0.02825,0.05441,0.10858,0.09931,0.02275,0.06253,0.00603,0.01329,0.01838,0.22851,0.00720,0.04317,0.18113,0.05827,0.00883,0.00067,0.01020,0.00692
0.05609,0.03795,0.05706,0.14065,0.15877,0.17204,0.00604,0.12717,0.00989,0.00690,0.01360,0.08532,0.01629,0.03111,0.04966,0.01098,0.00412,0.00294,0.00258,0.01085
0.06129,0.01143,0.11820,0.02518,0.04236,0.13939,0.01611,0.09180,0.00960,0.05167,0.01374,0.17218,0.05951,0.13990,0.01847,0.00251,0.01371,0.00672,0.00265,0.00355
0.01884,0.02623,0.10913,0.00907,0.04477,0.36488,0.01096,0.31667,0.00114,0.01062,0.00545,0.03547,0.00141,0.00919,0.01190,0.00420,0.01302,0.00343,0.00166,0.00197
0.02887,0.01794,0.03020,0.04077,0.08156,0.07708,0.01858,0.04727,0.04534,0.01658,0.02612,0.23709,0.10104,0.19645,0.01195,0.00658,0.00620,0.00437,0.00219,0.00385
0.02830,0.03603,0.06346,0.01575,0.05394,0.25216,0.03193,0.20588,0.00186,0.00274,0.02023,0.10468,0.02230,0.10193,0.03380,0.00395,0.00276,0.00886,0.00428,0.00517
0.01410,0.01489,0.02202,0.06524,0.17930,0.12168,0.01877,0.03976,0.01659,0.01073,0.08960,0.15278,0.05049,0.12613,0.02778,0.01857,0.00801,0.00559,0.01493,0.00304
0.19970,0.01284,0.16889,0.04067,0.04691,0.11959,0.01482,0.03163,0.00878,0.02370,0.01418,0.14246,0.00450,0.12592,0.02151,0.00704,0.00299,0.00737,0.00182,0.00467
0.04699,0.02288,0.07452,0.18583,0.18735,0.07100,0.02316,0.01994,0.00774,0.00862,0.08497,0.09475,0.00672,0.11379,0.03775,0.00657,0.00315,0.00260,0.00052,0.00116
0.04887,0.02486,0.04865,0.05263,0.12242,0.07695,0.02684,0.02396,0.00455,0.01987,0.13738,0.16874,0.02724,0.11528,0.06697,0.00573,0.00442,0.00448,0.00503,0.01515
0.11605,0.03576,0.11595,0.03246,0.22380,0.20123,0.01526,0.01269,0.00242,0.01492,0.04256,0.07161,0.00942,0.05981,0.00701,0.00453,0.01063,0.00429,0.01562,0.00397
0.06757,0.04730,0.10841,0.02909,0.09206,0.28248,0.01295,0.21399,0.00346,0.00319,0.01973,0.04030,0.01314,0.03659,0.01027,0.00657,0.00451,0.00435,0.00254,0.00150
0.10458,0.02039,0.10892,0.06968,0.05121,0.05023,0.01329,0.04510,0.00541,0.01155,0.04786,0.17104,0.02355,0.16469,0.04469,0.02726,0.01997,0.00589,0.00883,0.00585
0.04389,0.02996,0.08511,0.01986,0.13195,0.13731,0.07283,0.04366,0.01718,0.01413,0.02058,0.14862,0.00725,0.05925,0.12101,0.01008,0.01641,0.00405,0.00958,0.00731
0.03015,0.03567,0.01358,0.03988,0.18678,0.19428,0.03093,0.01353,0.01200,0.00775,0.02330,0.17312,0.02587,0.11175,0.04200,0.01039,0.00109,0.02903,0.00518,0.01373
0.02006,0.03270,0.06776,0.03604,0.23418,0.22369,0.02489,0.01714,0.00925,0.00639,0.01555,0.09049,0.05927,0.06706,0.06135,0.01163,0.01279,0.00740,0.00095,0.00138
0.01526,0.00803,0.00867,0.00503,0.03898,0.04105,0.01473,0.03144,0.04944,0.01585,0.07169,0.29031,0.00392,0.22756,0.12421,0.01713,0.01559,0.01018,0.00694,0.00398
