0.28232,0.03940,0.13313,0.26420,0.02267,0.04956,0.00905,0.10208,0.00910,0.01431,0.00786,0.00557,0.00751,0.01154,0.00506,0.00624,0.01136,0.00655,0.00450,0.00800
0.13755,0.03078,0.13656,0.30694,0.03717,0.03582,0.01711,0.12495,0.01773,0.02208,0.01124,0.01514,0.01132,0.01763,0.01197,0.01247,0.01923,0.00961,0.01203,0.01268
0.14277,0.02382,0.18714,0.29205,0.02306,0.02094,0.01153,0.11839,0.00935,0.01575,0.01039,0.00933,0.01139,0.03309,0.00920,0.01322,0.04154,0.00565,0.00666,0.01474
0.06722,0.05585,0.13085,0.08751,0.04528,0.04366,0.02658,0.09543,0.02635,0.03130,0.02235,0.01775,0.01658,0.13392,0.02152,0.04036,0.08877,0.01007,0.01530,0.02336
0.09903,0.08402,0.08416,0.16020,0.06295,0.03547,0.06155,0.07536,0.07027,0.04110,0.02420,0.01581,0.01627,0.01389,0.01799,0.04709,0.01977,0.01849,0.02355,0.02884
0.06490,0.04702,0.15886,0.17117,0.09808,0.03098,0.01759,0.21930,0.02497,0.03209,0.00994,0.01369,0.00921,0.00760,0.02158,0.01975,0.00996,0.01236,0.01044,0.02053
0.08002,0.04065,0.20068,0.15785,0.05230,0.04415,0.02303,0.18298,0.02676,0.02508,0.01529,0.01189,0.01501,0.02753,0.01653,0.01366,0.02391,0.01195,0.01091,0.01983
0.06866,0.04255,0.21382,0.09795,0.04405,0.03166,0.02120,0.12858,0.02662,0.03806,0.01758,0.01257,0.01220,0.07317,0.01304,0.01711,0.09968,0.01107,0.00930,0.02114
0.05725,0.03969,0.16475,0.07794,0.04696,0.04783,0.02730,0.29406,0.02316,0.04050,0.01213,0.01501,0.02199,0.01806,0.01081,0.02427,0.02649,0.01454,0.01159,0.02567
0.09050,0.04801,0.14927,0.10363,0.03218,0.21807,0.00983,0.20639,0.01030,0.01449,0.00843,0.01672,0.00913,0.01491,0.01103,0.00851,0.01384,0.01080,0.01063,0.01332
0.17453,0.03035,0.21017,0.14372,0.02155,0.02165,0.02049,0.15488,0.01900,0.02258,0.01581,0.00911,0.02394,0.02381,0.01929,0.01985,0.01767,0.01727,0.01209,0.02221
0.08575,0.05803,0.19627,0.11736,0.04048,0.03227,0.01969,0.26034,0.02086,0.02964,0.01192,0.01297,0.01020,0.01379,0.01534,0.01575,0.01962,0.01027,0.01413,0.01531
0.04017,0.04188,0.23481,0.05082,0.02300,0.04292,0.01619,0.22681,0.01762,0.02220,0.01355,0.01423,0.01354,0.07488,0.00952,0.01367,0.10604,0.00960,0.01157,0.01697
0.04049,0.07032,0.10841,0.09384,0.08484,0.04045,0.02575,0.12203,0.02382,0.04266,0.01250,0.01466,0.00922,0.13541,0.02148,0.01306,0.09360,0.01480,0.01551,0.01715
0.21316,0.03525,0.11111,0.27620,0.04738,0.02873,0.01691,0.12896,0.01536,0.01862,0.00755,0.01038,0.00774,0.01807,0.01004,0.00774,0.02070,0.00664,0.00843,0.01102
0.07631,0.05675,0.13389,0.09136,0.08505,0.04592,0.03075,0.16057,0.06413,0.04815,0.02195,0.02904,0.01518,0.02922,0.02606,0.01166,0.02355,0.01119,0.01603,0.02323
0.08889,0.05643,0.22353,0.13158,0.02588,0.02929,0.01276,0.27574,0.01400,0.02519,0.01063,0.01133,0.00924,0.01474,0.01129,0.00866,0.01887,0.00922,0.01041,0.01234
0.03045,0.03874,0.34518,0.04335,0.03091,0.02529,0.01665,0.32805,0.01664,0.01949,0.00933,0.01008,0.01007,0.01318,0.01156,0.00924,0.01306,0.00872,0.00780,0.01221
0.11044,0.07173,0.13611,0.10533,0.02878,0.03395,0.02859,0.26270,0.01993,0.02718,0.01446,0.02047,0.01191,0.02143,0.01426,0.01233,0.03221,0.01114,0.01150,0.02554
0.16599,0.10919,0.11099,0.10706,0.03506,0.04454,0.01948,0.07665,0.02356,0.05367,0.03565,0.04257,0.02406,0.02377,0.03369,0.00986,0.03204,0.01422,0.01560,0.02235
0.19787,0.05901,0.10637,0.29686,0.04042,0.02799,0.01493,0.07767,0.01599,0.02115,0.01156,0.01282,0.01065,0.01537,0.01697,0.01558,0.02714,0.00781,0.00949,0.01438
0.10261,0.05722,0.27207,0.15766,0.02453,0.02583,0.01523,0.19011,0.01877,0.02249,0.01007,0.01467,0.01154,0.01038,0.01569,0.00968,0.01142,0.00799,0.00965,0.01236
0.06552,0.04042,0.19368,0.09999,0.04590,0.02772,0.02448,0.27818,0.02215,0.02666,0.01884,0.01381,0.01653,0.01614,0.01501,0.02436,0.01771,0.01219,0.01611,0.02460
0.07898,0.02906,0.25602,0.13954,0.02112,0.01613,0.01518,0.27934,0.01351,0.02338,0.01420,0.01189,0.01072,0.01162,0.01274,0.01612,0.01319,0.01171,0.01068,0.01486
0.05913,0.02962,0.29248,0.18771,0.02825,0.02433,0.01339,0.24828,0.01448,0.01933,0.00724,0.00847,0.00687,0.00816,0.01005,0.00769,0.00900,0.00730,0.00672,0.01147
0.14245,0.07345,0.29603,0.08987,0.02878,0.04866,0.02080,0.11107,0.02096,0.02529,0.01240,0.01952,0.01028,0.01392,0.01532,0.01120,0.01709,0.01105,0.01529,0.01657
0.05980,0.02612,0.18539,0.06558,0.02320,0.01782,0.01223,0.35856,0.01224,0.01526,0.00831,0.00896,0.01235,0.08834,0.00953,0.00838,0.05626,0.01111,0.00812,0.01242
0.04953,0.03966,0.36068,0.08152,0.03426,0.03063,0.01976,0.24180,0.01499,0.02270,0.01020,0.00753,0.01110,0.01030,0.00934,0.01424,0.01309,0.00810,0.00740,0.01317
0.09271,0.03500,0.41463,0.12283,0.02038,0.02101,0.01227,0.15414,0.01567,0.01872,0.00838,0.00786,0.00899,0.00817,0.00929,0.01030,0.01028,0.00930,0.00901,0.01105
0.09451,0.03786,0.15983,0.09497,0.02790,0.01950,0.01688,0.34424,0.01801,0.02389,0.01520,0.01877,0.01526,0.01851,0.01597,0.01309,0.01547,0.01668,0.01191,0.02154
0.08552,0.03623,0.22538,0.09766,0.03809,0.02530,0.02067,0.26951,0.02151,0.03133,0.01430,0.01357,0.01458,0.01643,0.01187,0.01047,0.02432,0.01488,0.01110,0.01729
0.05537,0.05727,0.34184,0.04215,0.03887,0.03458,0.02257,0.21224,0.02477,0.02726,0.01818,0.01546,0.01334,0.01215,0.02075,0.00917,0.01643,0.01029,0.01395,0.01334
0.12680,0.03450,0.19082,0.15816,0.03133,0.02237,0.01978,0.22534,0.01495,0.02420,0.01334,0.01072,0.01071,0.02042,0.01657,0.01356,0.02622,0.00906,0.01144,0.01971
0.04684,0.03098,0.35704,0.06059,0.02315,0.02192,0.01190,0.32317,0.01425,0.02577,0.00716,0.00706,0.00785,0.01021,0.00648,0.01026,0.01096,0.00775,0.00605,0.01060
0.01710,0.10822,0.16214,0.01821,0.01887,0.01593,0.00896,0.55625,0.00987,0.01508,0.00665,0.00647,0.00638,0.00575,0.00566,0.00603,0.01018,0.00723,0.00717,0.00786
0.03520,0.12705,0.27088,0.04518,0.04835,0.04892,0.02372,0.21698,0.02145,0.02984,0.01082,0.01199,0.01538,0.00895,0.01268,0.01506,0.01015,0.01961,0.01004,0.01775
0.10218,0.04365,0.28528,0.12032,0.03632,0.04046,0.02142,0.20171,0.01966,0.02616,0.01085,0.00936,0.01041,0.01027,0.00942,0.00882,0.01215,0.01100,0.00768,0.01288
0.05758,0.06355,0.20211,0.06372,0.04553,0.03213,0.02697,0.22457,0.03835,0.04560,0.01658,0.01527,0.01551,0.02197,0.01313,0.02701,0.02190,0.02513,0.01603,0.02735
0.12257,0.04970,0.08074,0.18752,0.05641,0.03739,0.04003,0.11120,0.02837,0.04255,0.01777,0.01786,0.01750,0.01923,0.01954,0.03794,0.01887,0.03235,0.02141,0.04105
0.07648,0.02834,0.09253,0.03830,0.03846,0.02482,0.01374,0.51137,0.01913,0.02626,0.01424,0.01697,0.02266,0.01075,0.01078,0.01110,0.00917,0.01075,0.00953,0.01462
0.04623,0.02840,0.24637,0.07211,0.02315,0.01874,0.01877,0.33294,0.01362,0.01925,0.01463,0.01709,0.01549,0.02489,0.01923,0.02123,0.02264,0.01450,0.01252,0.01820
0.08008,0.05506,0.29374,0.18262,0.03289,0.02988,0.01614,0.14420,0.01487,0.01961,0.01244,0.00812,0.00990,0.01534,0.00872,0.01224,0.02335,0.01170,0.00833,0.02076
0.13219,0.02249,0.25392,0.18590,0.01776,0.01705,0.01247,0.21322,0.01221,0.01647,0.00909,0.01024,0.01351,0.01577,0.00893,0.01128,0.02211,0.00774,0.00628,0.01138
0.09452,0.03665,0.18567,0.07448,0.03808,0.03529,0.01623,0.38310,0.01824,0.02512,0.00893,0.00714,0.01425,0.00714,0.00743,0.01118,0.00776,0.00858,0.00903,0.01120
0.08838,0.04506,0.08040,0.17279,0.06275,0.05678,0.02705,0.08067,0.02775,0.02926,0.01773,0.01574,0.01766,0.08827,0.01273,0.01398,0.10240,0.01758,0.01518,0.02783
0.06906,0.04409,0.11144,0.10633,0.04677,0.03328,0.02165,0.13307,0.02166,0.02885,0.01753,0.01416,0.01762,0.10653,0.01237,0.01581,0.15723,0.01169,0.00960,0.02129
0.06795,0.03390,0.13697,0.09747,0.03178,0.02190,0.01272,0.18376,0.01404,0.02283,0.01202,0.01106,0.01064,0.14280,0.00940,0.01204,0.14873,0.00881,0.00788,0.01328
0.15936,0.03889,0.09959,0.35805,0.05260,0.03323,0.01642,0.09717,0.01311,0.02698,0.01166,0.00748,0.01185,0.01003,0.01147,0.01079,0.01132,0.00710,0.01053,0.01236
0.04562,0.19559,0.14906,0.04586,0.03397,0.03271,0.02611,0.23992,0.02290,0.03091,0.01901,0.00916,0.01429,0.01947,0.01280,0.02034,0.02267,0.01869,0.00990,0.03100
0.07228,0.05385,0.25023,0.08522,0.06165,0.06185,0.02943,0.17267,0.02697,0.03903,0.00982,0.01235,0.01006,0.02859,0.01333,0.01238,0.03066,0.00846,0.00821,0.01294
0.12526,0.02352,0.15605,0.39213,0.01727,0.01457,0.00959,0.14235,0.01026,0.01281,0.00799,0.00943,0.00864,0.01268,0.00972,0.00696,0.01691,0.00745,0.00684,0.00957
0.05977,0.03779,0.23154,0.07359,0.03224,0.02980,0.02004,0.30315,0.02045,0.02525,0.01123,0.00910,0.01346,0.02642,0.01236,0.02072,0.03300,0.01250,0.00902,0.01857
0.15078,0.01604,0.30186,0.14354,0.01242,0.01436,0.01358,0.21110,0.00969,0.01698,0.00966,0.00607,0.01885,0.01404,0.00801,0.01034,0.01729,0.00723,0.00590,0.01226
0.03534,0.01918,0.36429,0.04514,0.01602,0.01924,0.00993,0.38268,0.01104,0.01705,0.00609,0.00589,0.00603,0.01456,0.00624,0.00559,0.01537,0.00741,0.00495,0.00795
0.08925,0.03876,0.11566,0.25572,0.06381,0.03196,0.02416,0.16934,0.01914,0.03034,0.01634,0.01165,0.01668,0.02416,0.01515,0.01283,0.02572,0.01102,0.00811,0.02021
0.07494,0.12927,0.12080,0.17312,0.08505,0.06978,0.01867,0.09674,0.02538,0.04872,0.01236,0.01917,0.01523,0.01151,0.02037,0.00815,0.01410,0.02290,0.02171,0.01204
0.03899,0.05633,0.29283,0.05676,0.04089,0.03358,0.01691,0.24501,0.02253,0.02727,0.02436,0.01153,0.01680,0.01497,0.01391,0.02101,0.01612,0.01422,0.01074,0.02522
0.10123,0.03516,0.24982,0.12728,0.03904,0.02476,0.02490,0.22584,0.02062,0.02563,0.01555,0.01207,0.01207,0.01485,0.01474,0.00916,0.01556,0.00943,0.00959,0.01270
0.06349,0.03214,0.38313,0.10676,0.03738,0.02475,0.01447,0.21127,0.01588,0.01763,0.00848,0.00771,0.00796,0.00703,0.01103,0.00946,0.00750,0.00946,0.01010,0.01435
0.23008,0.10101,0.18842,0.13552,0.04831,0.03533,0.02081,0.09153,0.02014,0.02100,0.00848,0.01262,0.01066,0.00952,0.00931,0.00835,0.01289,0.01124,0.01440,0.01038
0.10628,0.03663,0.17887,0.14313,0.02524,0.01762,0.01415,0.16764,0.01492,0.01817,0.02047,0.00977,0.01871,0.09280,0.01569,0.01270,0.07637,0.00895,0.00852,0.01335
0.06251,0.15297,0.15304,0.08577,0.05095,0.10101,0.01682,0.14149,0.01245,0.02972,0.01141,0.01424,0.01099,0.04764,0.01037,0.01483,0.05112,0.00907,0.00803,0.01559
0.24051,0.02326,0.19125,0.25835,0.01307,0.01510,0.01105,0.13020,0.01251,0.01604,0.00736,0.00947,0.00834,0.00949,0.00940,0.00800,0.00896,0.00859,0.00721,0.01183
0.05461,0.08900,0.14917,0.08374,0.03055,0.02113,0.01471,0.33906,0.01915,0.01957,0.01230,0.01322,0.01271,0.04716,0.00925,0.00708,0.04507,0.01160,0.00722,0.01371
0.14181,0.05189,0.15802,0.11967,0.03793,0.05121,0.02070,0.13452,0.02195,0.03773,0.01314,0.01225,0.01362,0.07588,0.01267,0.00891,0.05791,0.00954,0.00941,0.01123
0.04430,0.05610,0.22062,0.06109,0.03056,0.03621,0.03652,0.17965,0.03092,0.04106,0.02268,0.01971,0.01538,0.02568,0.03013,0.03086,0.02955,0.03602,0.01739,0.03557
0.06799,0.04994,0.21670,0.11299,0.09150,0.03717,0.02263,0.13572,0.02289,0.03601,0.01344,0.01317,0.01814,0.04545,0.01483,0.01753,0.03569,0.01223,0.01229,0.02370
0.07512,0.02117,0.31638,0.08627,0.01898,0.01673,0.00880,0.32795,0.01178,0.01325,0.01009,0.01076,0.00857,0.01123,0.01039,0.00981,0.01403,0.00850,0.00726,0.01294
0.08813,0.04381,0.20170,0.09467,0.03753,0.02650,0.01639,0.24568,0.01597,0.03492,0.01434,0.01602,0.01732,0.03079,0.01316,0.01342,0.02774,0.02001,0.01699,0.02492
0.06939,0.05186,0.32262,0.10354,0.04080,0.05184,0.02084,0.13262,0.01532,0.02410,0.01550,0.01148,0.02470,0.01376,0.01101,0.01978,0.01395,0.01144,0.01626,0.02919
0.09765,0.04481,0.27681,0.16196,0.05643,0.03660,0.01504,0.15190,0.01939,0.03032,0.01164,0.00817,0.01024,0.01016,0.01118,0.01426,0.01289,0.00766,0.00927,0.01362
0.08585,0.03136,0.28039,0.10420,0.02701,0.02599,0.02033,0.25528,0.02442,0.02308,0.01228,0.01156,0.01311,0.00959,0.01523,0.01112,0.01271,0.01007,0.00977,0.01668
0.06712,0.03816,0.18753,0.18773,0.06267,0.02432,0.02058,0.26473,0.01930,0.02109,0.00915,0.00848,0.00868,0.01389,0.01270,0.01009,0.01200,0.01108,0.00644,0.01425
0.07716,0.03518,0.21997,0.10060,0.02916,0.02152,0.01227,0.36183,0.01321,0.01877,0.01151,0.00928,0.01022,0.00857,0.01516,0.00802,0.00984,0.01149,0.01019,0.01603
0.02102,0.01198,0.45285,0.03006,0.01132,0.00917,0.00740,0.35772,0.00789,0.00856,0.00627,0.00629,0.00505,0.01674,0.00795,0.00580,0.01738,0.00437,0.00465,0.00753
0.07168,0.06717,0.13387,0.07314,0.03964,0.04471,0.02894,0.12478,0.02332,0.02457,0.03127,0.02470,0.01698,0.05573,0.02527,0.02375,0.11145,0.03242,0.01664,0.02997
0.11181,0.05781,0.15888,0.18680,0.04760,0.02839,0.02269,0.13169,0.02401,0.02729,0.01844,0.02016,0.01251,0.02141,0.01989,0.02615,0.02737,0.01411,0.01343,0.02955
0.05474,0.06099,0.20115,0.05733,0.04856,0.03079,0.02281,0.24977,0.02771,0.03718,0.01706,0.01630,0.01114,0.04046,0.01990,0.01759,0.03472,0.01217,0.01478,0.02485
0.06052,0.03091,0.27257,0.08169,0.02656,0.02225,0.01796,0.30338,0.01462,0.02143,0.01071,0.01176,0.01169,0.02514,0.01336,0.01279,0.02526,0.01166,0.01043,0.01531
0.08761,0.06875,0.11492,0.11245,0.05842,0.03162,0.02920,0.20642,0.03621,0.04833,0.02120,0.01929,0.01057,0.03877,0.01434,0.01388,0.03242,0.01266,0.01174,0.03121
0.07498,0.04412,0.26971,0.07296,0.04553,0.02718,0.01977,0.26693,0.02462,0.03067,0.01245,0.00973,0.01754,0.00998,0.01166,0.01601,0.01280,0.01161,0.00838,0.01336
0.03447,0.03135,0.38848,0.04006,0.02479,0.02290,0.01280,0.31185,0.01354,0.01824,0.00845,0.00831,0.00840,0.01118,0.01011,0.00899,0.01467,0.01025,0.00838,0.01277
0.07054,0.02269,0.42517,0.11482,0.02129,0.01950,0.01151,0.17708,0.01169,0.01500,0.01091,0.00883,0.01197,0.01247,0.01023,0.01065,0.01524,0.00929,0.00881,0.01233
0.03215,0.03076,0.30369,0.03750,0.02560,0.02019,0.01363,0.39298,0.01585,0.02063,0.01148,0.01334,0.01107,0.00854,0.01242,0.00874,0.01007,0.00860,0.00985,0.01292
0.12390,0.06910,0.13169,0.22055,0.04830,0.05945,0.01994,0.10047,0.02365,0.03249,0.01129,0.01028,0.00983,0.03920,0.01265,0.01373,0.03927,0.01289,0.00877,0.01257
0.04959,0.02451,0.35137,0.09763,0.02324,0.02011,0.01230,0.30605,0.01123,0.02095,0.00778,0.00845,0.00984,0.00841,0.00779,0.00813,0.01034,0.00648,0.00601,0.00979
0.11088,0.05629,0.16236,0.11440,0.03879,0.04968,0.02983,0.14782,0.02342,0.04875,0.01815,0.02507,0.02843,0.02018,0.03451,0.01478,0.01240,0.02426,0.01732,0.02271
0.07020,0.03361,0.24969,0.15122,0.04206,0.02419,0.01840,0.23804,0.01803,0.02200,0.01320,0.01141,0.01040,0.01283,0.01766,0.01198,0.01444,0.00907,0.01409,0.01748
0.09411,0.04758,0.13635,0.08982,0.10656,0.04280,0.03371,0.16944,0.03674,0.04572,0.01466,0.02886,0.01189,0.01757,0.02701,0.01107,0.02241,0.01617,0.01818,0.02934
0.13382,0.04645,0.25457,0.13315,0.03109,0.03432,0.01657,0.16344,0.01947,0.02847,0.01223,0.01134,0.00864,0.02199,0.01665,0.00936,0.01694,0.01369,0.01359,0.01421
0.09666,0.03667,0.10694,0.08965,0.03414,0.02667,0.02058,0.09962,0.02443,0.02937,0.01863,0.01991,0.02665,0.16722,0.02238,0.01584,0.10517,0.02059,0.01752,0.02136
0.04234,0.04346,0.13181,0.05077,0.04817,0.22374,0.01182,0.27327,0.01183,0.01643,0.01105,0.01225,0.01103,0.01846,0.01520,0.01077,0.02342,0.01332,0.01271,0.01815
0.08212,0.01772,0.31003,0.12397,0.01682,0.01752,0.01063,0.28465,0.01050,0.01488,0.01340,0.01018,0.01371,0.01284,0.01066,0.00819,0.01304,0.00852,0.00707,0.01355
0.13649,0.07506,0.19606,0.11042,0.03643,0.05556,0.03058,0.14510,0.02901,0.03610,0.00900,0.01459,0.01362,0.01486,0.01016,0.01694,0.01647,0.02161,0.01015,0.02181
0.08113,0.03834,0.11363,0.21750,0.04018,0.03456,0.01824,0.12098,0.01991,0.02037,0.01316,0.01161,0.01554,0.05146,0.00832,0.03915,0.08662,0.02262,0.01557,0.03111
0.06699,0.04309,0.12378,0.07893,0.03965,0.05193,0.02035,0.13910,0.02298,0.02444,0.02136,0.02355,0.01540,0.12395,0.02270,0.02328,0.08561,0.02062,0.01793,0.03433
0.12895,0.03649,0.17819,0.13605,0.02993,0.02732,0.02550,0.12095,0.02684,0.02261,0.01776,0.01635,0.03004,0.02627,0.01747,0.06731,0.01810,0.02420,0.01309,0.03660
0.16031,0.02717,0.16561,0.12360,0.02067,0.02039,0.00962,0.20907,0.00872,0.01197,0.01063,0.00879,0.01414,0.06200,0.01190,0.00757,0.09143,0.01002,0.01164,0.01475
0.07613,0.02812,0.21578,0.04406,0.02175,0.03040,0.02845,0.14935,0.03323,0.03069,0.02933,0.04862,0.01394,0.02924,0.07692,0.01807,0.04720,0.02053,0.03051,0.02768
0.06694,0.05899,0.24387,0.09843,0.03236,0.10700,0.01436,0.24659,0.01429,0.01982,0.00961,0.00921,0.00804,0.01274,0.00944,0.00814,0.01097,0.00975,0.00656,0.01290
