0.09055,0.03287,0.21549,0.10591,0.03164,0.02885,0.02094,0.17991,0.02474,0.02579,0.01489,0.02054,0.01466,0.06392,0.01721,0.01116,0.05823,0.01358,0.01221,0.01689
0.05951,0.03300,0.28635,0.08663,0.03552,0.02551,0.02164,0.26733,0.02153,0.02691,0.01333,0.01433,0.01406,0.01697,0.00844,0.01112,0.02324,0.01058,0.01034,0.01364
0.13293,0.05148,0.15921,0.15063,0.06253,0.04469,0.02012,0.15088,0.03030,0.03916,0.01206,0.01568,0.01125,0.01813,0.01991,0.01716,0.02226,0.01146,0.01248,0.01767
0.09185,0.06001,0.14970,0.11549,0.05128,0.05511,0.03674,0.14643,0.03887,0.03753,0.01702,0.02424,0.02872,0.02242,0.02461,0.01668,0.02385,0.01895,0.01793,0.02257
0.08022,0.05008,0.16948,0.09862,0.04117,0.03819,0.02041,0.15469,0.02047,0.02579,0.01726,0.02018,0.01914,0.08545,0.01636,0.01541,0.07768,0.01538,0.01581,0.01820
0.19891,0.03696,0.09018,0.21711,0.03337,0.03581,0.01858,0.08350,0.01690,0.02177,0.01445,0.01200,0.01439,0.07092,0.01244,0.01311,0.06967,0.01089,0.01114,0.01789
0.06382,0.05932,0.12137,0.10369,0.04482,0.04179,0.03619,0.06351,0.04195,0.04764,0.02052,0.01471,0.01423,0.12583,0.01247,0.01367,0.13111,0.01425,0.01253,0.01659
0.12094,0.08736,0.11547,0.13587,0.06382,0.06270,0.02475,0.09404,0.02670,0.04027,0.02206,0.04112,0.01724,0.02907,0.02797,0.01490,0.03029,0.01046,0.01430,0.02069
0.08200,0.05484,0.15209,0.13345,0.03920,0.04042,0.01810,0.14045,0.01616,0.03506,0.01854,0.01769,0.01510,0.07713,0.01699,0.01936,0.08554,0.00904,0.00987,0.01899
0.05662,0.03661,0.22029,0.07671,0.04763,0.04251,0.05017,0.18618,0.03464,0.03856,0.02551,0.01538,0.01739,0.01550,0.02143,0.03008,0.01742,0.01955,0.02164,0.02617
0.14091,0.07150,0.10370,0.15900,0.05889,0.05373,0.03002,0.09407,0.02722,0.03755,0.02308,0.02364,0.01026,0.03037,0.01822,0.02667,0.03926,0.01494,0.01242,0.02455
0.03314,0.02569,0.19423,0.05514,0.03853,0.02673,0.02743,0.20594,0.03113,0.02259,0.01348,0.01504,0.01307,0.12118,0.01801,0.01449,0.10352,0.00939,0.01188,0.01938
0.08434,0.04288,0.16382,0.10528,0.03246,0.02930,0.02272,0.15960,0.01724,0.04241,0.01815,0.01697,0.01424,0.06644,0.01068,0.02514,0.06469,0.03239,0.01112,0.04012
0.12645,0.03669,0.20127,0.14672,0.03167,0.02631,0.02769,0.18344,0.02327,0.02996,0.01259,0.01720,0.01620,0.01267,0.01627,0.01349,0.01437,0.02303,0.01566,0.02504
0.06870,0.07290,0.21105,0.10027,0.07303,0.04842,0.04342,0.15346,0.04031,0.04548,0.00974,0.01612,0.01440,0.01961,0.01472,0.01015,0.01833,0.00792,0.01653,0.01545
0.10817,0.06550,0.19149,0.10731,0.05073,0.04082,0.02262,0.18509,0.02442,0.02752,0.01773,0.01298,0.01840,0.01986,0.01560,0.01766,0.02322,0.01510,0.01168,0.02413
0.17516,0.05105,0.10431,0.18813,0.04189,0.04342,0.02643,0.08341,0.02658,0.02951,0.01907,0.01808,0.02578,0.02722,0.01722,0.02171,0.02538,0.02058,0.02204,0.03306
0.10935,0.08018,0.12879,0.11390,0.07002,0.05261,0.02201,0.10363,0.03099,0.06875,0.02667,0.01552,0.02309,0.02455,0.01753,0.02318,0.02295,0.02079,0.01618,0.02931
0.08206,0.05905,0.17240,0.11484,0.05471,0.04771,0.02717,0.13576,0.03076,0.04299,0.01913,0.01916,0.01896,0.03517,0.01974,0.01853,0.04361,0.01974,0.01401,0.02449
0.03642,0.02286,0.26777,0.05152,0.02810,0.02900,0.01692,0.26312,0.01818,0.02451,0.01768,0.01512,0.01599,0.02354,0.01755,0.04272,0.04216,0.01278,0.01144,0.04261
0.06035,0.04487,0.17980,0.07501,0.03861,0.03303,0.02304,0.16189,0.03116,0.03556,0.02031,0.03336,0.01675,0.05702,0.02458,0.02779,0.05043,0.02953,0.02850,0.02841
0.03030,0.04772,0.33809,0.04325,0.04264,0.02320,0.01814,0.27205,0.02461,0.02823,0.01596,0.01557,0.01581,0.01357,0.01266,0.01105,0.01302,0.01100,0.00904,0.01410
0.13259,0.04717,0.13267,0.16462,0.03900,0.04429,0.02662,0.10949,0.02118,0.03249,0.02338,0.01679,0.02192,0.03819,0.01768,0.01722,0.05354,0.01685,0.01247,0.03182
0.09349,0.04374,0.17750,0.13859,0.08050,0.05858,0.02437,0.12832,0.02600,0.04812,0.01973,0.01725,0.01580,0.01576,0.01736,0.01332,0.02120,0.02208,0.01923,0.01905
0.15475,0.07185,0.12081,0.18892,0.04103,0.03383,0.01880,0.09862,0.01884,0.04019,0.01986,0.01609,0.01877,0.02334,0.01364,0.03633,0.02798,0.01360,0.01809,0.02464
0.15061,0.06280,0.14964,0.16560,0.04782,0.04388,0.02455,0.12957,0.02939,0.03722,0.01254,0.01033,0.01259,0.01745,0.01451,0.01987,0.02201,0.01195,0.01696,0.02068
0.03696,0.02423,0.35793,0.05474,0.02426,0.02260,0.01243,0.35674,0.01391,0.01658,0.00886,0.00591,0.00809,0.00897,0.00855,0.00677,0.01052,0.00772,0.00550,0.00872
0.04761,0.09783,0.18581,0.08437,0.07395,0.06174,0.01884,0.18411,0.04549,0.04692,0.01222,0.01330,0.01121,0.02367,0.01358,0.01120,0.02933,0.01384,0.00762,0.01734
0.13850,0.04903,0.12617,0.16536,0.04553,0.04387,0.02140,0.10913,0.02357,0.03322,0.02260,0.01372,0.01735,0.02857,0.02136,0.03191,0.03473,0.01765,0.02232,0.03400
0.12119,0.05258,0.19464,0.15216,0.04337,0.04610,0.02308,0.17362,0.02088,0.03280,0.01027,0.01226,0.01092,0.01229,0.01652,0.01839,0.02146,0.01021,0.01328,0.01399
0.02381,0.16492,0.24142,0.04011,0.06129,0.04446,0.00888,0.29371,0.01096,0.02167,0.00742,0.00725,0.00690,0.01467,0.00585,0.00622,0.02085,0.00681,0.00461,0.00819
0.10992,0.09320,0.16860,0.11275,0.04252,0.06005,0.04365,0.11428,0.04764,0.05370,0.01487,0.01130,0.02658,0.01068,0.00938,0.00917,0.01472,0.02490,0.01813,0.01396
0.11162,0.05794,0.11676,0.11480,0.07361,0.08337,0.04064,0.07343,0.06536,0.05959,0.01388,0.02645,0.03374,0.01739,0.01621,0.01302,0.02210,0.01792,0.01964,0.02253
0.08137,0.04687,0.13591,0.07432,0.04835,0.04856,0.02857,0.16016,0.02965,0.03828,0.02306,0.03153,0.02720,0.03590,0.03993,0.03049,0.03897,0.02134,0.03144,0.02808
0.08366,0.05652,0.16970,0.10202,0.04160,0.03870,0.03155,0.18391,0.01800,0.03997,0.02099,0.02139,0.01985,0.02410,0.01806,0.01970,0.02874,0.02478,0.01915,0.03761
0.07567,0.05743,0.21126,0.09471,0.04359,0.03574,0.02691,0.19223,0.02746,0.05050,0.01940,0.01537,0.01630,0.02615,0.01263,0.01728,0.03059,0.01391,0.01244,0.02042
0.08826,0.04351,0.21580,0.09468,0.05425,0.03319,0.02302,0.20657,0.02979,0.04530,0.01353,0.01320,0.00996,0.02700,0.01284,0.01117,0.03585,0.01017,0.01211,0.01980
0.11379,0.05953,0.18646,0.13189,0.03696,0.03921,0.02617,0.16375,0.03552,0.02899,0.01621,0.02010,0.01224,0.01144,0.04122,0.01504,0.01399,0.01543,0.01518,0.01688
0.12840,0.06101,0.13230,0.13474,0.04709,0.03722,0.03151,0.12394,0.04120,0.06485,0.01601,0.01875,0.01375,0.02494,0.01778,0.01319,0.02512,0.01901,0.01824,0.03093
0.08145,0.05367,0.17262,0.09233,0.04813,0.04253,0.02949,0.15328,0.04434,0.03115,0.02342,0.02696,0.02371,0.02770,0.02753,0.01550,0.02576,0.02770,0.02396,0.02878
0.04935,0.04095,0.14498,0.06231,0.07148,0.04035,0.03528,0.14288,0.03507,0.05294,0.03259,0.03683,0.03605,0.05910,0.04393,0.01530,0.02339,0.02878,0.01557,0.03288
0.08292,0.06427,0.14223,0.11791,0.05272,0.04763,0.04055,0.12806,0.03206,0.04306,0.02553,0.01737,0.02826,0.03131,0.02489,0.01742,0.03564,0.02118,0.02545,0.02154
0.12147,0.01524,0.24679,0.15666,0.01551,0.01761,0.01115,0.21904,0.01061,0.01353,0.02755,0.00685,0.03339,0.01074,0.01806,0.01983,0.00886,0.01681,0.01204,0.01826
0.08367,0.05260,0.11764,0.13160,0.04830,0.04323,0.02653,0.07931,0.02358,0.02997,0.02058,0.01455,0.00942,0.13295,0.01213,0.01062,0.12380,0.01046,0.01092,0.01814
0.09894,0.06177,0.13881,0.11067,0.04838,0.05027,0.04733,0.12091,0.04549,0.05590,0.02179,0.02424,0.01909,0.03195,0.01491,0.02108,0.03798,0.01763,0.01054,0.02232
0.07808,0.04001,0.24805,0.10927,0.03587,0.02922,0.02192,0.24061,0.01831,0.02513,0.01308,0.01566,0.01139,0.01707,0.01209,0.01479,0.01851,0.01307,0.01246,0.02542
0.10590,0.05217,0.21300,0.13324,0.03308,0.04197,0.02025,0.19614,0.02491,0.02855,0.01121,0.01519,0.01262,0.02295,0.01245,0.01019,0.02692,0.01370,0.01112,0.01445
0.14519,0.02864,0.16969,0.16912,0.02504,0.03117,0.02149,0.14066,0.02591,0.02830,0.01740,0.01546,0.01272,0.02951,0.01609,0.02590,0.05359,0.01223,0.00930,0.02259
0.05139,0.04036,0.27999,0.06628,0.03883,0.03036,0.01689,0.28744,0.02129,0.02569,0.01247,0.01345,0.01218,0.01835,0.01566,0.01208,0.01513,0.01067,0.01229,0.01919
0.03891,0.03493,0.23525,0.06695,0.04100,0.03709,0.02116,0.21771,0.01982,0.02811,0.01411,0.02668,0.01586,0.05396,0.02434,0.01432,0.06842,0.01022,0.00987,0.02129
0.10620,0.05879,0.13910,0.15922,0.05917,0.04185,0.02825,0.12483,0.02970,0.04230,0.01808,0.02623,0.01884,0.02313,0.02079,0.01669,0.03030,0.01421,0.01587,0.02644
0.05725,0.05675,0.18736,0.07781,0.07317,0.04515,0.02833,0.19461,0.04391,0.04257,0.01661,0.02124,0.02713,0.01727,0.01037,0.01335,0.02388,0.01802,0.01949,0.02572
0.10639,0.05152,0.14573,0.11105,0.05312,0.04460,0.02381,0.11879,0.03183,0.02945,0.02930,0.02414,0.04638,0.02123,0.02421,0.03087,0.02397,0.03131,0.01638,0.03592
0.05909,0.03332,0.24285,0.07370,0.03085,0.03006,0.01972,0.23273,0.01815,0.01956,0.01954,0.01998,0.02440,0.04684,0.01625,0.01627,0.04679,0.01656,0.01186,0.02146
0.09646,0.05974,0.17192,0.09176,0.04607,0.04282,0.04129,0.17380,0.04689,0.05289,0.01884,0.02041,0.01323,0.01596,0.01558,0.01458,0.01737,0.02202,0.02039,0.01797
0.03510,0.01736,0.34308,0.05212,0.01747,0.01242,0.01296,0.34847,0.01352,0.01712,0.01056,0.00805,0.01041,0.01903,0.01177,0.00899,0.01813,0.01740,0.01000,0.01605
0.09153,0.05848,0.13481,0.12885,0.06104,0.04260,0.02732,0.13331,0.02624,0.03760,0.03867,0.02382,0.02699,0.02310,0.02507,0.02623,0.02810,0.01771,0.02130,0.02724
0.07113,0.05757,0.16874,0.09618,0.06959,0.03098,0.03693,0.16653,0.05092,0.06246,0.01184,0.01420,0.01042,0.03490,0.01840,0.01180,0.04749,0.01628,0.00726,0.01638
0.15905,0.03681,0.16395,0.16971,0.05133,0.04549,0.02719,0.12311,0.02853,0.03143,0.01257,0.01476,0.01874,0.02399,0.01255,0.01399,0.02061,0.01815,0.00936,0.01867
0.15141,0.04497,0.17564,0.17295,0.02941,0.03889,0.02492,0.16535,0.02636,0.03637,0.01265,0.01222,0.01658,0.00861,0.01672,0.01492,0.01056,0.01298,0.00913,0.01938
0.07214,0.06170,0.14119,0.14539,0.07987,0.06476,0.03587,0.13330,0.03517,0.06009,0.02118,0.02146,0.01777,0.01361,0.02120,0.01293,0.01407,0.01391,0.01604,0.01835
0.03861,0.07388,0.22921,0.07724,0.06640,0.03551,0.02329,0.23830,0.02205,0.03982,0.01526,0.01419,0.01336,0.01542,0.01624,0.01885,0.02317,0.01162,0.01070,0.01685
0.07485,0.05514,0.21005,0.06754,0.03650,0.03830,0.01809,0.19147,0.01775,0.02359,0.01519,0.01379,0.01469,0.06277,0.00757,0.02260,0.07944,0.01914,0.00838,0.02316
0.09787,0.02786,0.22645,0.13109,0.04621,0.02229,0.03499,0.20794,0.02829,0.03172,0.01312,0.01515,0.01281,0.01524,0.01459,0.01248,0.01809,0.01585,0.01142,0.01654
0.11612,0.05658,0.16031,0.15338,0.06214,0.05055,0.03120,0.13592,0.02738,0.04107,0.01470,0.01154,0.01932,0.01624,0.01485,0.01653,0.01921,0.01975,0.01556,0.01766
0.07932,0.06508,0.19617,0.14249,0.05237,0.04622,0.02301,0.16363,0.02920,0.03830,0.01374,0.01991,0.01465,0.01633,0.01981,0.01964,0.01139,0.01968,0.01320,0.01585
0.07661,0.07032,0.14341,0.11185,0.04853,0.06567,0.03900,0.13421,0.04072,0.04149,0.01948,0.02458,0.02432,0.01893,0.01753,0.02874,0.02349,0.02724,0.01676,0.02713
0.09206,0.02091,0.15093,0.13727,0.08746,0.04564,0.05753,0.10517,0.03679,0.03485,0.03172,0.01834,0.02905,0.01896,0.01856,0.02119,0.01917,0.03302,0.02396,0.01741
0.08064,0.05205,0.17847,0.10562,0.05949,0.04066,0.01815,0.17099,0.02980,0.03415,0.01455,0.01265,0.01450,0.06047,0.01357,0.01953,0.04770,0.00924,0.01269,0.02508
0.04632,0.05171,0.22598,0.06432,0.06296,0.06527,0.03309,0.17272,0.02687,0.04131,0.01396,0.02972,0.02151,0.02946,0.01749,0.01629,0.03329,0.01168,0.01670,0.01934
0.05803,0.05864,0.21589,0.18788,0.04739,0.03595,0.03239,0.10238,0.02719,0.04525,0.01781,0.01765,0.01320,0.02438,0.01660,0.01294,0.03412,0.02185,0.01091,0.01954
0.08481,0.04368,0.24726,0.09875,0.02964,0.02396,0.02451,0.23059,0.02562,0.03779,0.03069,0.01494,0.01863,0.01075,0.01122,0.00721,0.01447,0.01943,0.01006,0.01599
0.10488,0.05745,0.08459,0.14729,0.04753,0.05132,0.03502,0.07911,0.02723,0.05395,0.02500,0.01704,0.01725,0.09253,0.01373,0.01339,0.07924,0.02738,0.01035,0.01571
0.12788,0.04053,0.21298,0.15120,0.04187,0.03660,0.02075,0.18117,0.01980,0.02143,0.01632,0.01005,0.01406,0.01348,0.01347,0.01274,0.01583,0.01672,0.01067,0.02245
0.07728,0.03811,0.20136,0.14600,0.03728,0.03742,0.01902,0.13944,0.01936,0.03042,0.02177,0.00933,0.02301,0.05010,0.01699,0.01746,0.06023,0.01272,0.01891,0.02382
0.04922,0.02811,0.32645,0.05431,0.02350,0.02459,0.01274,0.32178,0.01582,0.01546,0.01391,0.01278,0.00936,0.01253,0.00958,0.01425,0.01429,0.01259,0.00754,0.02119
0.06354,0.12241,0.10869,0.08930,0.07134,0.05683,0.03158,0.12275,0.03111,0.04794,0.03530,0.02491,0.04556,0.01888,0.01604,0.01773,0.01989,0.03280,0.01600,0.02740
0.05161,0.04945,0.20151,0.07002,0.04558,0.04231,0.02306,0.20745,0.02997,0.03220,0.02408,0.04064,0.02599,0.01556,0.02432,0.03081,0.02035,0.01566,0.02114,0.02828
0.07424,0.04457,0.13077,0.10129,0.03543,0.03815,0.01978,0.12771,0.01669,0.02988,0.02668,0.01634,0.03793,0.09230,0.02343,0.02490,0.09413,0.01633,0.01414,0.03532
0.14923,0.06140,0.15684,0.16151,0.03507,0.04604,0.02761,0.14726,0.02193,0.03109,0.01471,0.01459,0.01350,0.01918,0.02045,0.01426,0.01638,0.01318,0.01355,0.02221
0.04029,0.04710,0.22384,0.06316,0.03022,0.02347,0.02162,0.22193,0.03061,0.02326,0.03177,0.01962,0.02747,0.02074,0.03525,0.03721,0.02631,0.02194,0.01685,0.03735
0.08428,0.04218,0.16267,0.08344,0.04557,0.04781,0.04408,0.16691,0.03220,0.04331,0.02067,0.04071,0.01941,0.02653,0.02905,0.03152,0.01977,0.01633,0.01829,0.02524
0.05635,0.06140,0.09562,0.07813,0.06269,0.06977,0.04068,0.06665,0.04593,0.05442,0.02323,0.02107,0.01543,0.09185,0.01687,0.02900,0.11413,0.01985,0.01411,0.02281
0.07448,0.05103,0.12533,0.11074,0.03437,0.02494,0.01904,0.11244,0.03056,0.04408,0.02071,0.01364,0.01753,0.10782,0.01839,0.02033,0.11436,0.01918,0.01365,0.02738
0.06183,0.04541,0.29209,0.09625,0.03518,0.03388,0.01740,0.28809,0.01650,0.02157,0.00871,0.00668,0.00937,0.00994,0.01120,0.00591,0.00991,0.01302,0.00855,0.00852
0.10147,0.05092,0.19930,0.10153,0.04397,0.04370,0.01927,0.24420,0.02178,0.02815,0.01360,0.01574,0.01404,0.01448,0.01719,0.01632,0.01673,0.00927,0.01198,0.01634
0.05315,0.06132,0.14106,0.06944,0.05660,0.04185,0.02960,0.12844,0.02889,0.04338,0.02186,0.03508,0.02479,0.05547,0.06617,0.02196,0.04646,0.02309,0.02265,0.02874
0.07376,0.06280,0.14118,0.09482,0.05906,0.04925,0.03218,0.14334,0.05731,0.04357,0.02371,0.02293,0.03200,0.01806,0.01897,0.02435,0.02677,0.03008,0.02142,0.02444
0.08229,0.06124,0.23526,0.12598,0.02987,0.05464,0.02034,0.19811,0.01801,0.02605,0.01146,0.01041,0.01297,0.02047,0.01202,0.01187,0.02769,0.01118,0.00938,0.02075
0.09036,0.05187,0.14451,0.07599,0.04063,0.03384,0.02156,0.20966,0.01482,0.02458,0.02631,0.01383,0.05486,0.01527,0.03155,0.05174,0.01642,0.02050,0.01487,0.04681
0.19181,0.03737,0.12131,0.22179,0.03302,0.03005,0.01237,0.11714,0.01960,0.02628,0.01256,0.01632,0.01236,0.04134,0.01108,0.01273,0.04491,0.01004,0.01065,0.01727
0.06914,0.06448,0.19711,0.11651,0.04925,0.05082,0.03220,0.16542,0.02601,0.04310,0.01507,0.01442,0.01357,0.01764,0.01741,0.02255,0.04747,0.01075,0.00928,0.01780
0.04662,0.03543,0.29375,0.05864,0.02482,0.02496,0.01910,0.29296,0.01680,0.02773,0.01818,0.01157,0.01563,0.01056,0.02737,0.01484,0.01527,0.01417,0.01349,0.01810
0.05311,0.03148,0.30867,0.08760,0.02773,0.02109,0.01489,0.28565,0.01885,0.01668,0.01281,0.01367,0.01403,0.01239,0.01441,0.01807,0.01305,0.01090,0.00965,0.01527
0.06216,0.14169,0.18719,0.06616,0.07268,0.05374,0.02646,0.21211,0.02342,0.03024,0.00962,0.01248,0.01448,0.01783,0.00931,0.00883,0.02011,0.01021,0.00646,0.01480
0.11999,0.05017,0.11299,0.16089,0.03499,0.03222,0.02289,0.09107,0.01865,0.02907,0.01377,0.01457,0.01307,0.11003,0.01428,0.01419,0.11163,0.01095,0.00992,0.01464
0.11983,0.05618,0.15702,0.08753,0.06255,0.04526,0.02628,0.16696,0.03132,0.04886,0.01576,0.01899,0.02279,0.02056,0.02263,0.02001,0.02488,0.01239,0.01728,0.02291
0.08083,0.05698,0.13965,0.12823,0.05897,0.04169,0.03100,0.14136,0.03147,0.03557,0.01629,0.01370,0.01707,0.05077,0.01380,0.01903,0.06944,0.01782,0.01282,0.02351
0.07866,0.04776,0.14684,0.18524,0.12891,0.06936,0.02725,0.07773,0.03003,0.03622,0.01797,0.01257,0.01239,0.01325,0.02314,0.01828,0.01380,0.01356,0.03233,0.01472
0.04988,0.06195,0.20719,0.07015,0.04589,0.05750,0.02627,0.19713,0.04051,0.04073,0.01690,0.02227,0.01820,0.01370,0.02304,0.02189,0.02053,0.01534,0.03091,0.02005
0.05878,0.03439,0.20706,0.07931,0.02868,0.02712,0.02209,0.19665,0.02314,0.02552,0.02213,0.01309,0.01886,0.07178,0.02573,0.01699,0.07162,0.01836,0.01232,0.02638
0.09118,0.05912,0.18148,0.13114,0.04870,0.05289,0.03340,0.15305,0.02757,0.04653,0.01599,0.01615,0.00949,0.02416,0.01640,0.00927,0.02179,0.02157,0.01432,0.02581
0.12946,0.07753,0.13346,0.18652,0.06876,0.04399,0.02064,0.09932,0.03379,0.04068,0.02035,0.02372,0.01095,0.01393,0.01502,0.01275,0.02090,0.01441,0.01304,0.02078
0.18731,0.03031,0.16826,0.20595,0.02985,0.03450,0.02149,0.13067,0.01638,0.02625,0.01221,0.00886,0.01217,0.02862,0.01541,0.00907,0.03143,0.00855,0.00812,0.01458
0.07720,0.04332,0.25860,0.10525,0.02963,0.02781,0.02537,0.24680,0.02460,0.03048,0.01108,0.01192,0.01066,0.01825,0.01447,0.01185,0.01810,0.00973,0.01034,0.01454
0.04277,0.04919,0.26890,0.07335,0.03392,0.02907,0.02627,0.25393,0.02675,0.02962,0.01319,0.01195,0.01183,0.02142,0.01631,0.01589,0.03336,0.01103,0.01091,0.02035
0.04843,0.03428,0.12195,0.06457,0.03904,0.03556,0.01989,0.10673,0.02140,0.03853,0.04250,0.01752,0.05171,0.05863,0.01835,0.06135,0.06598,0.06243,0.03388,0.05726
0.13902,0.06338,0.12196,0.16052,0.04315,0.02828,0.03096,0.09865,0.02564,0.04209,0.02376,0.02379,0.02331,0.02379,0.02307,0.02873,0.02971,0.01802,0.02035,0.03180
0.12738,0.06747,0.13392,0.09831,0.05170,0.03355,0.02217,0.24230,0.01969,0.03217,0.01761,0.02536,0.02426,0.01444,0.01571,0.00991,0.01803,0.01154,0.01777,0.01669
0.06934,0.04637,0.12724,0.11515,0.05831,0.03936,0.03283,0.12059,0.03713,0.03712,0.02609,0.02650,0.02722,0.05865,0.03395,0.03171,0.05493,0.01892,0.01236,0.02621
0.05157,0.04741,0.14236,0.08239,0.04744,0.03441,0.02136,0.11833,0.01876,0.03074,0.01598,0.01805,0.01059,0.14782,0.01093,0.01192,0.15033,0.01236,0.01084,0.01641
0.23753,0.04402,0.10708,0.26514,0.02463,0.02574,0.02197,0.09409,0.01704,0.02144,0.01084,0.01584,0.01224,0.01385,0.01136,0.01733,0.01611,0.01431,0.01593,0.01351
0.11553,0.05140,0.18746,0.14064,0.04314,0.04719,0.02069,0.16627,0.02669,0.02632,0.00939,0.01424,0.01295,0.02890,0.01749,0.01503,0.03599,0.00933,0.01229,0.01907
0.18749,0.03951,0.12710,0.20879,0.04495,0.05085,0.02119,0.09607,0.01975,0.03308,0.01550,0.01813,0.01617,0.01528,0.02081,0.01229,0.01567,0.01783,0.01946,0.02009
0.12159,0.04205,0.16133,0.16587,0.02926,0.03644,0.03067,0.15397,0.01734,0.02940,0.02014,0.02560,0.01483,0.02638,0.01327,0.03237,0.01947,0.01854,0.01443,0.02704
0.10484,0.10212,0.11438,0.12913,0.05751,0.04767,0.01937,0.08518,0.03134,0.05621,0.02833,0.01297,0.02179,0.03497,0.01403,0.03868,0.03919,0.01785,0.01579,0.02866
0.08713,0.05357,0.23470,0.10842,0.02428,0.03601,0.02315,0.23749,0.02309,0.02369,0.02073,0.01371,0.01317,0.01608,0.02013,0.01128,0.01765,0.01139,0.00965,0.01469
0.09680,0.08269,0.10550,0.13527,0.07969,0.04811,0.03832,0.08241,0.04409,0.04027,0.02777,0.02864,0.02838,0.02139,0.02709,0.02170,0.02241,0.01820,0.02055,0.03073
0.10999,0.04340,0.22106,0.13621,0.03758,0.02926,0.02224,0.21163,0.02240,0.02761,0.01474,0.01186,0.01136,0.00904,0.01564,0.01468,0.01243,0.01807,0.01473,0.01610
0.05112,0.05034,0.11056,0.08647,0.07079,0.05370,0.04591,0.07864,0.05735,0.05603,0.04587,0.02336,0.04127,0.02439,0.01910,0.04116,0.03250,0.05108,0.02467,0.03571
0.04393,0.03112,0.26885,0.04931,0.03109,0.02954,0.01872,0.25687,0.01945,0.02847,0.01726,0.01694,0.01170,0.05638,0.01124,0.01255,0.05824,0.01198,0.00963,0.01671
0.06366,0.04435,0.22246,0.07501,0.03814,0.04160,0.02028,0.22043,0.03628,0.03470,0.01617,0.01494,0.01282,0.03203,0.02071,0.01772,0.03254,0.01674,0.01450,0.02490
0.04027,0.03590,0.18310,0.05864,0.06011,0.03433,0.02674,0.18449,0.02113,0.02076,0.03291,0.01561,0.03718,0.03706,0.03135,0.06476,0.04005,0.02637,0.01686,0.03239
0.09474,0.11802,0.11978,0.11475,0.07702,0.10740,0.03302,0.09403,0.03611,0.04027,0.01842,0.01669,0.01369,0.01852,0.02679,0.00833,0.02720,0.00924,0.01293,0.01305
0.04526,0.03817,0.27142,0.07439,0.04405,0.03291,0.02633,0.25163,0.02767,0.03502,0.01360,0.02509,0.00884,0.00949,0.01711,0.00899,0.01274,0.02158,0.01305,0.02268
0.08013,0.05410,0.14541,0.08552,0.05655,0.04634,0.03736,0.13983,0.03259,0.04152,0.02842,0.01690,0.02827,0.03018,0.03240,0.03127,0.03829,0.01874,0.01895,0.03722
0.18621,0.05145,0.13713,0.23103,0.05460,0.05311,0.01654,0.11375,0.01593,0.03304,0.01250,0.01020,0.01061,0.01333,0.00606,0.00862,0.01473,0.00917,0.00852,0.01347
0.08915,0.05258,0.18711,0.11517,0.04248,0.03170,0.03405,0.17898,0.02876,0.04664,0.01749,0.02031,0.01975,0.01971,0.02481,0.01993,0.01711,0.01388,0.01366,0.02671
0.05732,0.03213,0.23757,0.06949,0.03769,0.03566,0.02105,0.19820,0.03533,0.02636,0.02450,0.01801,0.02498,0.01866,0.06823,0.01321,0.00992,0.02038,0.02096,0.03035
0.04817,0.02843,0.32483,0.07143,0.02372,0.02234,0.01693,0.31300,0.01444,0.01496,0.01143,0.01156,0.01328,0.01489,0.00976,0.00993,0.01660,0.01264,0.00668,0.01498
0.09297,0.05404,0.15449,0.11436,0.05966,0.04660,0.02852,0.13375,0.03112,0.03797,0.01951,0.02520,0.02378,0.03529,0.01636,0.01878,0.03728,0.02101,0.01721,0.03209
0.07118,0.03953,0.22965,0.09719,0.03081,0.02672,0.02529,0.22892,0.02107,0.02722,0.01945,0.01445,0.02325,0.02161,0.01875,0.02186,0.03034,0.01468,0.01715,0.02089
0.06219,0.04915,0.16471,0.07987,0.05302,0.03717,0.02412,0.16275,0.02424,0.03331,0.01727,0.01456,0.01704,0.09578,0.01389,0.01421,0.08738,0.01247,0.01444,0.02242
0.22583,0.03342,0.09473,0.25980,0.03900,0.03326,0.01717,0.07298,0.01812,0.03206,0.01513,0.00938,0.01383,0.03408,0.00972,0.01476,0.03822,0.01305,0.01052,0.01492
0.10511,0.05175,0.20456,0.11908,0.04641,0.04174,0.01907,0.18860,0.02325,0.02663,0.01406,0.01376,0.02100,0.02237,0.01644,0.01256,0.02218,0.02064,0.01158,0.01922
0.10099,0.04983,0.21838,0.14227,0.04226,0.03919,0.01788,0.20876,0.02392,0.03737,0.00946,0.01292,0.01533,0.01365,0.00989,0.01166,0.01512,0.01004,0.00888,0.01217
0.19555,0.03501,0.12194,0.22383,0.04461,0.03357,0.01883,0.11804,0.02138,0.02335,0.01399,0.01859,0.01195,0.01607,0.01837,0.01440,0.01941,0.01280,0.01496,0.02335
0.07763,0.04245,0.20503,0.09290,0.03773,0.03508,0.02593,0.18661,0.02563,0.03533,0.02600,0.01822,0.02657,0.02401,0.02601,0.02176,0.02690,0.02131,0.01582,0.02907
0.06361,0.04342,0.24545,0.08935,0.05244,0.03082,0.02241,0.24062,0.02030,0.02423,0.01301,0.00898,0.01444,0.04052,0.01315,0.00844,0.03644,0.01113,0.00832,0.01292
0.09335,0.06171,0.21879,0.13501,0.05334,0.04550,0.01997,0.19145,0.02021,0.03645,0.01099,0.01143,0.01383,0.00771,0.01372,0.01036,0.01659,0.01409,0.00672,0.01879
0.07394,0.05736,0.20485,0.10338,0.04318,0.03981,0.01873,0.19556,0.02405,0.03052,0.02143,0.01440,0.01928,0.02637,0.01630,0.02103,0.03765,0.01388,0.01469,0.02358
0.07971,0.08313,0.11462,0.10523,0.07605,0.09736,0.03889,0.08527,0.05012,0.05369,0.01730,0.02040,0.01645,0.02588,0.02329,0.01395,0.03039,0.02042,0.01838,0.02949
0.05404,0.05482,0.24069,0.07671,0.04744,0.04052,0.02404,0.23665,0.03120,0.03351,0.01620,0.02219,0.02032,0.01594,0.01211,0.01303,0.01880,0.01396,0.01248,0.01533
0.12079,0.03573,0.17069,0.15552,0.04024,0.02783,0.02072,0.16523,0.01650,0.02749,0.01434,0.01345,0.01286,0.05340,0.01227,0.01058,0.05799,0.01242,0.01106,0.02088
0.06378,0.06432,0.08979,0.06687,0.03718,0.06529,0.06282,0.10859,0.05090,0.04532,0.02065,0.05845,0.01760,0.05988,0.02229,0.01888,0.08444,0.01701,0.02413,0.02181
0.06467,0.03859,0.26264,0.08043,0.02102,0.02954,0.02409,0.23581,0.02648,0.02357,0.01496,0.01939,0.02167,0.02065,0.02246,0.02272,0.02879,0.01531,0.00807,0.01914
0.04819,0.04146,0.24677,0.07377,0.03582,0.03958,0.01956,0.25294,0.02159,0.02602,0.01867,0.01565,0.01799,0.01893,0.02538,0.02043,0.02208,0.01644,0.01235,0.02638
0.06055,0.04620,0.27505,0.07047,0.02416,0.03652,0.01536,0.27293,0.01233,0.01887,0.02352,0.01457,0.01711,0.00854,0.02225,0.02359,0.01399,0.01641,0.01085,0.01674
0.06624,0.04897,0.16768,0.08468,0.05470,0.03597,0.03002,0.15660,0.03200,0.03744,0.02124,0.02781,0.02722,0.02972,0.05407,0.01965,0.03443,0.02169,0.02070,0.02918
0.10547,0.05715,0.14445,0.10266,0.04319,0.02771,0.03084,0.24012,0.01883,0.02994,0.01256,0.01922,0.01825,0.04376,0.00917,0.01093,0.04576,0.01194,0.00921,0.01884
0.10565,0.03876,0.20719,0.13171,0.02389,0.01900,0.01151,0.19887,0.01221,0.01782,0.01021,0.00905,0.01103,0.07886,0.00764,0.00676,0.08690,0.00727,0.00639,0.00930
0.07140,0.04644,0.12291,0.09454,0.05021,0.03174,0.02352,0.10814,0.02219,0.03444,0.07207,0.04746,0.04985,0.02109,0.04730,0.04449,0.01905,0.03207,0.02282,0.03828
0.03643,0.07668,0.20081,0.05987,0.09820,0.13517,0.01601,0.20136,0.01182,0.02303,0.01110,0.01047,0.01001,0.01986,0.01320,0.01058,0.02038,0.01168,0.01223,0.02112
0.15784,0.02105,0.19740,0.18738,0.01812,0.02204,0.02313,0.17156,0.02221,0.03007,0.01746,0.01288,0.01682,0.01585,0.01011,0.01413,0.01355,0.01833,0.01040,0.01966
0.05288,0.05420,0.17467,0.06779,0.03590,0.02894,0.01723,0.16921,0.02551,0.03076,0.01583,0.01437,0.01481,0.10648,0.01643,0.01838,0.11136,0.01543,0.00979,0.02005
0.07327,0.04647,0.18008,0.08990,0.03286,0.03683,0.02575,0.17909,0.02283,0.03081,0.02118,0.01809,0.01947,0.06058,0.01439,0.02431,0.06091,0.01957,0.01773,0.02588
0.09495,0.06138,0.20637,0.13415,0.05550,0.05185,0.02015,0.16251,0.03193,0.03718,0.01463,0.01473,0.01558,0.01387,0.01365,0.01024,0.01654,0.01348,0.01197,0.01935
0.08146,0.05531,0.14684,0.12483,0.06101,0.05836,0.02520,0.12135,0.03477,0.03923,0.03386,0.02653,0.02194,0.03350,0.02767,0.01642,0.02703,0.02157,0.01514,0.02797
0.06521,0.04929,0.23304,0.10533,0.05532,0.03559,0.02056,0.19511,0.02050,0.03209,0.02128,0.01540,0.01578,0.01691,0.01625,0.02086,0.02380,0.01523,0.01319,0.02926
0.03246,0.06223,0.25911,0.05093,0.04843,0.04770,0.01763,0.25580,0.02178,0.03288,0.01942,0.02141,0.01736,0.02100,0.01609,0.01252,0.02322,0.01597,0.01051,0.01357
0.10194,0.05984,0.18168,0.14045,0.05228,0.03793,0.02297,0.15448,0.02540,0.03548,0.02182,0.01601,0.01794,0.02759,0.01946,0.00992,0.02673,0.01622,0.01689,0.01496
0.07651,0.09733,0.19487,0.11232,0.06241,0.04756,0.01990,0.19060,0.02478,0.05327,0.01073,0.01359,0.01070,0.01033,0.01612,0.01297,0.01255,0.00876,0.01195,0.01275
0.11199,0.03818,0.18314,0.15266,0.03676,0.03436,0.03389,0.17435,0.02395,0.02702,0.01285,0.02053,0.01463,0.02461,0.01611,0.01949,0.02943,0.01390,0.01201,0.02014
0.10658,0.05594,0.18835,0.13429,0.03914,0.04770,0.03446,0.15659,0.02160,0.03719,0.01818,0.02164,0.01873,0.01447,0.01593,0.01285,0.01959,0.02295,0.01681,0.01703
0.10570,0.07740,0.12544,0.15700,0.08273,0.06375,0.04030,0.10207,0.03414,0.03923,0.01526,0.01899,0.01228,0.01975,0.01306,0.02096,0.02701,0.01343,0.01567,0.01584
0.09011,0.03270,0.23073,0.10411,0.03414,0.02347,0.01882,0.20358,0.02544,0.02827,0.02278,0.01845,0.02251,0.01748,0.02041,0.02827,0.02137,0.01858,0.01673,0.02205
0.03911,0.04853,0.25756,0.06069,0.04087,0.04037,0.02502,0.25444,0.02835,0.03094,0.01603,0.01637,0.01116,0.02049,0.01711,0.01686,0.02555,0.01477,0.01064,0.02514
0.08436,0.07412,0.10142,0.10527,0.05770,0.06476,0.02734,0.09089,0.03012,0.04086,0.02242,0.01860,0.02048,0.07764,0.01764,0.02323,0.08166,0.01869,0.01580,0.02698
0.05357,0.07463,0.17706,0.07131,0.05136,0.05086,0.03360,0.15920,0.03658,0.04604,0.01478,0.01608,0.01216,0.04307,0.01829,0.01995,0.06097,0.02345,0.01260,0.02445
0.06227,0.05221,0.21592,0.09104,0.02975,0.02697,0.01773,0.20124,0.01935,0.02138,0.02645,0.01196,0.04419,0.01826,0.02355,0.04913,0.02314,0.01923,0.01157,0.03467
0.06181,0.05104,0.20351,0.08948,0.05158,0.03958,0.03247,0.20155,0.02692,0.04229,0.01212,0.02387,0.01191,0.03318,0.01843,0.01486,0.04299,0.01483,0.01634,0.01123
0.13295,0.01995,0.15833,0.15804,0.07148,0.04343,0.05571,0.12259,0.03957,0.03604,0.01437,0.02296,0.01815,0.01675,0.01135,0.00625,0.02237,0.01965,0.01616,0.01389
0.03136,0.04597,0.28768,0.04924,0.04074,0.02325,0.02838,0.28488,0.04642,0.02927,0.00872,0.00958,0.00926,0.02169,0.02400,0.00856,0.01740,0.01180,0.00641,0.01540
0.07491,0.05694,0.25661,0.07546,0.03610,0.04498,0.02200,0.22793,0.02976,0.03201,0.01791,0.01080,0.01635,0.01361,0.01532,0.01231,0.01587,0.01290,0.00975,0.01847
0.06605,0.04540,0.22577,0.09656,0.06174,0.03601,0.02131,0.21268,0.03015,0.03421,0.01508,0.01424,0.00989,0.02077,0.02680,0.01348,0.02139,0.01319,0.01424,0.02104
0.11278,0.05979,0.19157,0.11462,0.03419,0.04024,0.02108,0.17041,0.01376,0.02313,0.00845,0.01400,0.00770,0.06142,0.01213,0.00769,0.07852,0.00842,0.00725,0.01286
0.13750,0.05349,0.18351,0.15139,0.04916,0.04003,0.01917,0.15293,0.02267,0.03337,0.01681,0.01565,0.01287,0.01613,0.02338,0.01494,0.01399,0.01262,0.01066,0.01975
0.12733,0.07693,0.07298,0.15666,0.06168,0.04032,0.03453,0.07288,0.03462,0.04223,0.02866,0.02143,0.03211,0.02061,0.02471,0.02796,0.02751,0.04529,0.01729,0.03427
0.04531,0.06819,0.22815,0.06646,0.04874,0.03797,0.02586,0.23235,0.02927,0.03864,0.01475,0.01586,0.01030,0.02383,0.01491,0.01711,0.02732,0.01973,0.01581,0.01942
0.09847,0.03976,0.16615,0.11437,0.03940,0.05967,0.02662,0.13128,0.02478,0.04413,0.02255,0.03418,0.02987,0.04182,0.02473,0.01662,0.02172,0.02368,0.01486,0.02533
0.04720,0.09609,0.17358,0.07536,0.08339,0.13066,0.02005,0.16649,0.02845,0.02760,0.01472,0.01405,0.01420,0.01706,0.01264,0.01175,0.01904,0.01593,0.01074,0.02101
0.04759,0.04269,0.13314,0.09004,0.03375,0.02695,0.02083,0.09656,0.02185,0.03192,0.01275,0.01426,0.01188,0.17166,0.01242,0.01264,0.17464,0.01167,0.01120,0.02158
0.11567,0.10065,0.23494,0.09040,0.03710,0.06224,0.01900,0.13511,0.02998,0.04143,0.01367,0.01908,0.01571,0.01120,0.01287,0.01125,0.01239,0.01229,0.01337,0.01163
0.06029,0.10230,0.10480,0.10837,0.10405,0.07146,0.03760,0.08993,0.05388,0.06530,0.01063,0.02479,0.02975,0.01659,0.01598,0.01727,0.02221,0.01828,0.03006,0.01646
0.08406,0.05781,0.21930,0.11022,0.04926,0.04502,0.01887,0.18184,0.02543,0.03481,0.01467,0.01045,0.01357,0.02185,0.01157,0.01428,0.03956,0.01492,0.00928,0.02323
0.05161,0.03762,0.20339,0.06289,0.04529,0.04274,0.03364,0.18891,0.02994,0.03248,0.02293,0.03031,0.02254,0.04304,0.01738,0.01818,0.05089,0.01655,0.01725,0.03245
0.10516,0.07027,0.19011,0.10007,0.06441,0.04304,0.02679,0.13721,0.03436,0.03982,0.01895,0.02131,0.01485,0.02382,0.02103,0.01699,0.01523,0.01615,0.01261,0.02781
0.23830,0.04019,0.08368,0.28016,0.03191,0.02648,0.01741,0.06691,0.01897,0.02478,0.01528,0.01634,0.00830,0.04010,0.00889,0.00728,0.04244,0.01061,0.00832,0.01364
0.14809,0.02957,0.22876,0.17537,0.02352,0.02465,0.01316,0.20363,0.01307,0.01756,0.00757,0.00826,0.00972,0.02554,0.01042,0.00644,0.02889,0.00687,0.00976,0.00916
0.08873,0.06700,0.13932,0.10465,0.05434,0.06925,0.04003,0.12084,0.04458,0.04829,0.02496,0.02240,0.02096,0.02229,0.01776,0.02864,0.02816,0.01784,0.01581,0.02416
0.07312,0.03890,0.12865,0.07700,0.02702,0.03113,0.02593,0.11603,0.01551,0.02735,0.01652,0.01252,0.01839,0.16119,0.01751,0.01417,0.16071,0.01168,0.01010,0.01657
0.13530,0.12040,0.25969,0.08136,0.02738,0.06455,0.01643,0.11036,0.01869,0.02554,0.01248,0.01165,0.01574,0.01565,0.01233,0.01174,0.01636,0.01342,0.01291,0.01802
0.09744,0.05771,0.24635,0.08370,0.04138,0.03781,0.01916,0.21837,0.02010,0.03103,0.01436,0.01589,0.01214,0.01452,0.01419,0.01327,0.01878,0.01177,0.01198,0.02005
0.09920,0.05386,0.15860,0.09225,0.05072,0.05420,0.02614,0.13942,0.02869,0.03993,0.02829,0.01586,0.02977,0.02366,0.03020,0.02733,0.02060,0.01990,0.02831,0.03310
0.28969,0.02928,0.06730,0.31436,0.01789,0.01249,0.01120,0.05778,0.01114,0.02229,0.00857,0.01109,0.02848,0.03362,0.00888,0.01036,0.03501,0.01029,0.00783,0.01244
0.07834,0.03099,0.26905,0.10567,0.02732,0.02477,0.01492,0.25587,0.01732,0.01966,0.01461,0.00787,0.01220,0.03308,0.01193,0.00932,0.03270,0.00964,0.00866,0.01610
0.06622,0.06609,0.16796,0.07716,0.04471,0.04707,0.03383,0.15704,0.02580,0.03363,0.02493,0.01695,0.01647,0.05857,0.03421,0.01616,0.05617,0.01636,0.01955,0.02112
0.11197,0.04888,0.19510,0.13556,0.03139,0.04634,0.01808,0.18388,0.01362,0.02510,0.02632,0.01868,0.02397,0.01415,0.02530,0.01236,0.01675,0.01571,0.01407,0.02277
0.07460,0.04123,0.20962,0.10229,0.04711,0.03394,0.02395,0.20430,0.02714,0.02955,0.02174,0.02006,0.01974,0.02474,0.02048,0.01536,0.03041,0.01286,0.01548,0.02541
0.04261,0.04592,0.15822,0.06662,0.07113,0.05229,0.03462,0.15179,0.05848,0.04478,0.02628,0.02234,0.02343,0.03709,0.01959,0.02350,0.03113,0.03937,0.01781,0.03302
0.10736,0.03106,0.16838,0.11642,0.03455,0.03507,0.03908,0.15381,0.03543,0.02975,0.01799,0.01450,0.03441,0.02521,0.02294,0.03287,0.02883,0.01359,0.01885,0.03992
0.10468,0.05303,0.20226,0.13147,0.04103,0.03647,0.02457,0.19141,0.02997,0.03270,0.01524,0.01357,0.02102,0.01772,0.01489,0.01095,0.01574,0.01381,0.01396,0.01552
0.06988,0.04283,0.24931,0.17275,0.03492,0.03189,0.01650,0.17970,0.02058,0.02842,0.01418,0.01041,0.01818,0.01114,0.01735,0.01690,0.01929,0.01251,0.01019,0.02308
0.07027,0.04744,0.23903,0.09697,0.04387,0.03229,0.01997,0.23394,0.02299,0.03010,0.01893,0.01865,0.02115,0.01698,0.01058,0.01329,0.02229,0.01179,0.01116,0.01832
0.07584,0.03830,0.21330,0.09856,0.04042,0.03197,0.02835,0.20003,0.03179,0.03410,0.01647,0.02939,0.01785,0.01467,0.02227,0.01827,0.03076,0.01405,0.01858,0.02502
0.06732,0.05179,0.16455,0.09634,0.10536,0.04101,0.02199,0.15084,0.03021,0.04886,0.02274,0.01761,0.01994,0.03518,0.01975,0.02243,0.03048,0.01414,0.01836,0.02111
0.10012,0.07132,0.12285,0.12548,0.06544,0.05949,0.03937,0.08425,0.03419,0.05142,0.02664,0.03356,0.02069,0.01593,0.02807,0.02305,0.02394,0.02756,0.02151,0.02513
0.03533,0.04941,0.28616,0.06321,0.03325,0.03137,0.02250,0.28976,0.01934,0.03266,0.01446,0.01420,0.01109,0.01343,0.01498,0.00837,0.01635,0.01775,0.01276,0.01359
0.09166,0.02729,0.20021,0.12086,0.02815,0.02267,0.02019,0.19647,0.01884,0.02552,0.01611,0.01148,0.01531,0.06657,0.01186,0.01356,0.07409,0.01419,0.00938,0.01561
0.16179,0.05648,0.11345,0.19654,0.04321,0.05471,0.02924,0.10305,0.02464,0.03851,0.01645,0.01166,0.01984,0.01718,0.01882,0.01021,0.02487,0.02575,0.01258,0.02103
0.09286,0.03758,0.22704,0.10771,0.03644,0.02629,0.02027,0.21767,0.02436,0.03109,0.01977,0.01611,0.02047,0.02417,0.01785,0.01257,0.01672,0.01692,0.01458,0.01953
0.15055,0.02992,0.10996,0.18346,0.03686,0.03493,0.02033,0.08193,0.03751,0.04150,0.01839,0.01973,0.01812,0.05615,0.01686,0.01831,0.06758,0.01383,0.01479,0.02928
0.04127,0.08353,0.26441,0.04836,0.03076,0.03497,0.01816,0.28293,0.02993,0.02465,0.01431,0.01286,0.01390,0.01526,0.01020,0.01252,0.01879,0.01348,0.01053,0.01921
0.21469,0.04241,0.15674,0.23860,0.02883,0.02800,0.01298,0.12155,0.01502,0.02247,0.01020,0.01003,0.01191,0.01506,0.01412,0.00957,0.01353,0.00856,0.00967,0.01604
0.04972,0.05345,0.25732,0.07451,0.05692,0.06617,0.01659,0.25989,0.01984,0.01993,0.01274,0.01012,0.01494,0.01701,0.00993,0.00921,0.01938,0.00987,0.00823,0.01421
0.10493,0.06138,0.19378,0.15224,0.04646,0.03928,0.01893,0.16250,0.02907,0.03311,0.01721,0.01203,0.01385,0.01525,0.01394,0.01787,0.01794,0.01398,0.01395,0.02232
0.12804,0.06530,0.08305,0.07836,0.06018,0.04845,0.02879,0.16782,0.03593,0.04314,0.02750,0.02281,0.03754,0.02178,0.02652,0.02801,0.02203,0.01697,0.02045,0.03733
0.05029,0.07149,0.25459,0.08050,0.09119,0.04072,0.03082,0.14410,0.03031,0.05071,0.01434,0.01851,0.01787,0.01786,0.01428,0.01240,0.01878,0.01005,0.01573,0.01546
0.11361,0.07208,0.15159,0.07553,0.07450,0.04594,0.03471,0.11308,0.03920,0.04908,0.01737,0.02241,0.01816,0.02522,0.02438,0.02261,0.01763,0.02462,0.01842,0.03985
0.10185,0.07649,0.12255,0.14550,0.07148,0.05435,0.02227,0.10537,0.03052,0.02915,0.02293,0.02633,0.01364,0.03722,0.02527,0.02310,0.03565,0.01706,0.01593,0.02335
0.07614,0.05344,0.19700,0.10911,0.04977,0.03937,0.02146,0.17155,0.02370,0.04018,0.02259,0.02277,0.01513,0.02790,0.02035,0.01530,0.03344,0.01692,0.01750,0.02638
0.11075,0.05208,0.23789,0.14980,0.03337,0.03703,0.02023,0.22648,0.01484,0.02596,0.00814,0.00730,0.00922,0.01056,0.00721,0.00807,0.01108,0.01060,0.00750,0.01188
0.05277,0.07955,0.21251,0.08987,0.07477,0.05580,0.02652,0.18644,0.03905,0.04240,0.01058,0.01209,0.01297,0.01671,0.01752,0.01031,0.01700,0.01674,0.01076,0.01563
0.04653,0.03624,0.30127,0.21628,0.02279,0.02461,0.01459,0.16641,0.01441,0.02182,0.00942,0.00979,0.00906,0.02738,0.01144,0.00802,0.03567,0.00870,0.00594,0.00962
0.12211,0.05576,0.18527,0.15110,0.04877,0.05232,0.02508,0.17152,0.02996,0.03132,0.01035,0.01276,0.01321,0.01624,0.01415,0.01227,0.01148,0.01232,0.00812,0.01589
0.06185,0.05412,0.21679,0.07940,0.04088,0.03191,0.01939,0.18794,0.03913,0.05192,0.01878,0.01919,0.02703,0.01168,0.02658,0.03168,0.01373,0.01798,0.01747,0.03254
0.06149,0.04822,0.26278,0.09171,0.02994,0.03465,0.01836,0.26535,0.02046,0.02368,0.01649,0.01483,0.01305,0.01251,0.01655,0.01120,0.01481,0.01260,0.01429,0.01702
0.20379,0.05586,0.10646,0.22267,0.04297,0.05737,0.02415,0.09323,0.02160,0.02618,0.00868,0.01782,0.01088,0.02142,0.01270,0.01310,0.02388,0.00990,0.01145,0.01589
0.10217,0.06178,0.18673,0.12468,0.05407,0.05535,0.02588,0.17223,0.02725,0.03846,0.00919,0.02022,0.01484,0.01844,0.01498,0.01450,0.01760,0.01590,0.00880,0.01694
0.04399,0.03089,0.27466,0.05532,0.03731,0.04588,0.02291,0.26464,0.01837,0.03756,0.01216,0.01084,0.00857,0.01975,0.01907,0.02072,0.01590,0.01499,0.00994,0.03654
0.14951,0.06369,0.14346,0.17533,0.04875,0.04633,0.02397,0.11988,0.02436,0.04161,0.01725,0.01285,0.01514,0.01428,0.01632,0.02095,0.02118,0.01124,0.01160,0.02232
0.06939,0.04668,0.14366,0.08248,0.03890,0.03952,0.01939,0.11948,0.02638,0.03835,0.02795,0.03003,0.02286,0.07957,0.01972,0.02451,0.08602,0.02006,0.03263,0.03241
0.05656,0.03382,0.30148,0.08393,0.03975,0.02187,0.01803,0.29579,0.02419,0.01986,0.00652,0.00909,0.01013,0.01887,0.00813,0.00672,0.01857,0.00965,0.00678,0.01026
0.08416,0.05130,0.14283,0.17612,0.12595,0.05277,0.02634,0.07161,0.01674,0.04472,0.01636,0.02144,0.04583,0.02172,0.01555,0.01224,0.01968,0.01252,0.02766,0.01446
0.08481,0.05102,0.21795,0.10924,0.03017,0.03094,0.02319,0.20274,0.02174,0.02837,0.01481,0.01883,0.03146,0.01842,0.01348,0.01680,0.02036,0.02822,0.01259,0.02486
0.09005,0.05823,0.16207,0.11501,0.06086,0.05140,0.03893,0.12248,0.03365,0.04167,0.01891,0.01383,0.01806,0.02526,0.02544,0.02171,0.03689,0.02173,0.01964,0.02419
0.07427,0.06113,0.20520,0.07671,0.02896,0.04591,0.03565,0.22849,0.02930,0.03545,0.02684,0.02014,0.01817,0.01358,0.02239,0.01210,0.01295,0.02133,0.01593,0.01552
0.14495,0.05510,0.17976,0.15334,0.04838,0.03884,0.01736,0.14986,0.02259,0.02764,0.01900,0.01667,0.01681,0.01572,0.01443,0.01363,0.01942,0.01259,0.01537,0.01852
0.05339,0.10390,0.15621,0.07855,0.04856,0.06004,0.03166,0.16012,0.03183,0.05263,0.01469,0.02369,0.01465,0.04037,0.02033,0.01631,0.03520,0.01461,0.01534,0.02791
0.07037,0.06450,0.25527,0.08540,0.03813,0.03179,0.01689,0.25954,0.01510,0.02845,0.01308,0.01240,0.01507,0.01810,0.01184,0.01091,0.02007,0.00994,0.00946,0.01370
0.07244,0.04608,0.24328,0.08701,0.03423,0.04146,0.01663,0.23217,0.01733,0.02700,0.01332,0.01422,0.01459,0.02595,0.02003,0.01467,0.03328,0.01373,0.01266,0.01992
0.05856,0.10107,0.14737,0.08162,0.07225,0.08463,0.03744,0.14086,0.02616,0.04679,0.02026,0.03229,0.02598,0.02153,0.01450,0.01054,0.01799,0.02451,0.01649,0.01915
0.12007,0.05899,0.17590,0.12438,0.04077,0.04708,0.03332,0.15590,0.02777,0.03375,0.01672,0.01762,0.01016,0.02244,0.02557,0.01748,0.01959,0.02051,0.01489,0.01707
0.04938,0.09853,0.18080,0.07254,0.06614,0.08371,0.02159,0.16063,0.03122,0.05445,0.01686,0.01169,0.01681,0.01757,0.01426,0.02456,0.02556,0.01463,0.01313,0.02595
0.06870,0.03312,0.18041,0.10929,0.04526,0.03199,0.02523,0.16822,0.02940,0.03251,0.02080,0.02476,0.02008,0.03469,0.01639,0.01908,0.03860,0.03861,0.01878,0.04408
0.08381,0.03337,0.30109,0.10889,0.02083,0.01860,0.01071,0.29389,0.01572,0.01769,0.00796,0.00849,0.01359,0.00740,0.01015,0.00929,0.00853,0.00813,0.01126,0.01058
0.05721,0.07210,0.17361,0.06767,0.04105,0.04160,0.03188,0.17403,0.03533,0.03468,0.01766,0.02149,0.02344,0.01957,0.02290,0.04477,0.03833,0.02039,0.02313,0.03915
0.09830,0.06682,0.15869,0.11502,0.06131,0.07045,0.02559,0.14823,0.02258,0.03355,0.01585,0.02743,0.01285,0.02927,0.02107,0.01229,0.03539,0.01420,0.01299,0.01811
0.08988,0.05602,0.20396,0.11273,0.03770,0.04661,0.02133,0.20555,0.02635,0.02875,0.01719,0.01714,0.01731,0.02517,0.01140,0.01574,0.02341,0.01232,0.01321,0.01822
0.12165,0.05258,0.16359,0.10254,0.05900,0.04505,0.02648,0.16751,0.02342,0.03953,0.02158,0.01487,0.02813,0.01983,0.01985,0.01996,0.02288,0.01501,0.01345,0.02309
