0.18861,0.17049,0.32196,0.31893
0.48753,0.42954,0.04093,0.04200
0.21942,0.71582,0.03279,0.03197
0.17731,0.15552,0.33475,0.33242
0.40487,0.39399,0.10188,0.09926
0.06934,0.49697,0.21655,0.21714
0.43486,0.39369,0.08671,0.08474
0.45042,0.41202,0.06885,0.06871
0.17447,0.15779,0.33499,0.33275
0.51162,0.40756,0.04095,0.03987
0.59231,0.14086,0.13309,0.13373
0.26475,0.24711,0.24692,0.24122
0.83912,0.09702,0.03275,0.03112
0.33074,0.15573,0.25986,0.25367
0.46990,0.24015,0.14473,0.14522
0.20589,0.29804,0.24710,0.24898
0.49548,0.47530,0.01502,0.01420
0.51948,0.24719,0.11660,0.11672
0.50330,0.45213,0.02169,0.02289
0.46031,0.41451,0.06254,0.06264
0.11003,0.51110,0.18829,0.19058
0.44931,0.41527,0.06955,0.06587
0.75157,0.15395,0.04870,0.04577
0.48785,0.45348,0.03043,0.02823
0.83775,0.06025,0.05146,0.05054
0.37150,0.33159,0.15034,0.14657
0.60891,0.10743,0.14401,0.13964
0.48212,0.15214,0.18256,0.18318
0.47275,0.43708,0.04583,0.04435
0.26094,0.24040,0.25267,0.24599
0.51504,0.45483,0.01483,0.01529
0.19574,0.17709,0.31605,0.31112
0.48782,0.43012,0.04220,0.03986
0.29970,0.25929,0.22056,0.22045
0.80188,0.11721,0.03960,0.04131
0.14377,0.69735,0.07921,0.07966
0.68496,0.17649,0.06890,0.06965
0.50146,0.47820,0.00982,0.01052
0.36752,0.33812,0.14837,0.14599
0.17631,0.30381,0.25932,0.26056
0.05373,0.42290,0.26157,0.26181
0.29052,0.62807,0.04027,0.04115
0.94362,0.04164,0.00781,0.00694
0.36062,0.32170,0.15907,0.15861
0.49722,0.46328,0.02048,0.01903
0.21146,0.19131,0.30230,0.29492
0.35757,0.33927,0.15148,0.15168
0.27052,0.44287,0.14440,0.14220
0.27605,0.52586,0.09982,0.09827
0.44320,0.20084,0.17771,0.17824
0.09645,0.61708,0.14273,0.14374
0.47322,0.46181,0.03134,0.03363
0.48195,0.42971,0.04292,0.04541
0.45596,0.07106,0.23602,0.23696
0.47962,0.21576,0.15243,0.15219
0.16676,0.76397,0.03500,0.03427
0.51650,0.46403,0.00995,0.00952
0.41079,0.38156,0.10386,0.10379
0.39449,0.34924,0.12726,0.12902
0.50763,0.45308,0.02040,0.01890
0.42028,0.04271,0.26944,0.26757
0.07465,0.89468,0.01492,0.01575
0.41863,0.54196,0.02029,0.01912
0.44020,0.40788,0.07583,0.07610
0.42303,0.40926,0.08431,0.08340
0.65835,0.19694,0.07386,0.07084
0.16357,0.62704,0.10431,0.10508
0.41901,0.37553,0.10461,0.10085
0.38866,0.43030,0.09314,0.08790
0.49467,0.44277,0.03099,0.03157
0.11106,0.86114,0.01411,0.01370
0.50655,0.44576,0.02408,0.02361
0.65591,0.10068,0.12113,0.12228
0.19863,0.18458,0.30772,0.30908
0.34429,0.32512,0.16333,0.16725
0.43897,0.41138,0.07538,0.07426
0.37498,0.35176,0.13732,0.13594
0.40622,0.36669,0.11189,0.11521
0.24291,0.15092,0.30212,0.30406
0.59440,0.35014,0.02840,0.02706
0.21090,0.34918,0.22020,0.21972
0.30431,0.26387,0.21844,0.21338
0.38641,0.35169,0.13258,0.12932
0.42549,0.38675,0.09266,0.09510
0.20651,0.18814,0.30201,0.30335
0.56929,0.19158,0.11910,0.12004
0.48610,0.46060,0.02712,0.02618
0.41728,0.39006,0.09629,0.09637
0.31008,0.22873,0.22986,0.23133
0.55091,0.10554,0.17288,0.17067
0.39018,0.36104,0.12387,0.12491
0.27904,0.25551,0.23248,0.23298
0.40116,0.35915,0.12023,0.11945
0.61824,0.05863,0.16298,0.16015
0.53200,0.31886,0.07396,0.07517
0.30045,0.26680,0.21731,0.21544
0.25690,0.65314,0.04380,0.04617
0.66102,0.23350,0.05325,0.05223
0.32262,0.30139,0.18777,0.18822
0.36245,0.34836,0.14414,0.14505
0.69848,0.11240,0.09543,0.09370
0.36981,0.20297,0.21447,0.21275
0.20698,0.76996,0.01188,0.01119
0.89649,0.03061,0.03655,0.03636
0.25631,0.24179,0.25386,0.24804
0.42254,0.39044,0.09562,0.09139
0.42901,0.39918,0.08533,0.08648
0.37929,0.33438,0.14254,0.14379
0.42801,0.39814,0.08851,0.08534
0.05784,0.47095,0.23470,0.23651
0.51602,0.06942,0.21016,0.20440
0.48126,0.43265,0.04341,0.04268
0.09367,0.44884,0.22779,0.22970
0.47757,0.22247,0.15108,0.14888
0.30522,0.28512,0.20674,0.20292
0.07518,0.69660,0.11312,0.11511
0.08489,0.36894,0.27556,0.27060
0.31591,0.29833,0.19380,0.19197
0.50510,0.48155,0.00657,0.00678
0.05987,0.89825,0.02124,0.02064
0.57261,0.16840,0.13032,0.12867
0.41309,0.36422,0.11314,0.10955
0.35081,0.31100,0.16960,0.16859
0.48770,0.44471,0.03382,0.03378
0.31550,0.28094,0.20202,0.20153
0.46323,0.41891,0.05871,0.05915
0.37141,0.33044,0.15105,0.14710
0.54013,0.31051,0.07416,0.07520
0.64807,0.14124,0.10559,0.10511
0.77731,0.10949,0.05825,0.05496
0.44238,0.38933,0.08500,0.08328
0.48365,0.44744,0.03500,0.03391
0.46325,0.41211,0.06239,0.06226
0.13173,0.56895,0.14729,0.15203
0.50525,0.48356,0.00540,0.00579
0.48784,0.44519,0.03393,0.03305
0.81684,0.03717,0.07309,0.07290
0.49341,0.43968,0.03399,0.03291
0.23323,0.30893,0.22863,0.22921
0.43622,0.36205,0.10048,0.10125
0.42123,0.37553,0.10139,0.10186
0.42055,0.35672,0.11020,0.11253
0.49555,0.44447,0.03022,0.02976
0.19290,0.37165,0.21803,0.21742
0.70973,0.16468,0.06352,0.06206
0.39240,0.36567,0.11995,0.12199
0.44260,0.41436,0.07178,0.07126
0.11133,0.87498,0.00666,0.00702
0.49786,0.48412,0.00921,0.00881
0.44318,0.42310,0.06799,0.06574
0.62660,0.09322,0.13938,0.14080
0.29950,0.28086,0.21159,0.20805
0.50451,0.46560,0.01448,0.01541
0.41588,0.37042,0.11003,0.10367
0.51614,0.07553,0.20615,0.20218
0.07718,0.52110,0.20137,0.20035
0.08123,0.56137,0.17790,0.17950
0.19137,0.66472,0.07286,0.07105
0.39961,0.36759,0.11796,0.11483
0.52339,0.37182,0.05284,0.05195
0.23159,0.20558,0.28325,0.27958
0.50800,0.46337,0.01419,0.01445
0.16969,0.24766,0.29040,0.29225
0.36988,0.06260,0.28534,0.28218
0.45783,0.44292,0.04958,0.04967
0.37126,0.34447,0.14146,0.14281
0.14093,0.82944,0.01447,0.01516
0.22693,0.21167,0.28391,0.27748
0.20369,0.13254,0.33275,0.33102
0.32098,0.29359,0.19282,0.19261
0.50204,0.47842,0.00980,0.00975
0.50378,0.44484,0.02629,0.02508
0.48666,0.46457,0.02534,0.02343
0.14271,0.83721,0.01014,0.00993
0.21015,0.19339,0.29945,0.29701
0.40911,0.14724,0.22271,0.22094
0.21035,0.33193,0.23081,0.22691
0.48856,0.45912,0.02596,0.02635
0.64183,0.04854,0.15529,0.15434
0.49269,0.44919,0.02994,0.02817
0.40752,0.46069,0.06785,0.06394
0.21233,0.49907,0.14441,0.14419
0.57142,0.04762,0.19026,0.19070
0.51356,0.47326,0.00676,0.00642
0.49958,0.46542,0.01740,0.01760
0.34334,0.31991,0.17006,0.16669
0.81183,0.06397,0.06229,0.06191
0.21459,0.19859,0.29318,0.29365
0.46306,0.43434,0.05063,0.05197
0.39503,0.06744,0.26795,0.26957
0.51501,0.45345,0.01679,0.01475
0.77056,0.21048,0.00972,0.00924
0.24916,0.23496,0.25862,0.25726
0.12214,0.75571,0.06266,0.05949
0.79149,0.10693,0.05210,0.04948
0.57822,0.32689,0.04867,0.04622
0.29203,0.67731,0.01605,0.01461
0.35798,0.31821,0.16309,0.16072
0.46892,0.41744,0.05697,0.05667
0.50393,0.45504,0.02101,0.02002
0.44538,0.40439,0.07570,0.07453
0.46059,0.41114,0.06343,0.06484
0.32648,0.30304,0.18661,0.18386
0.37193,0.34660,0.14158,0.13989
0.77808,0.20186,0.00986,0.01021
0.23637,0.52231,0.12228,0.11904
0.47013,0.43194,0.04968,0.04825
0.39851,0.37288,0.11576,0.11285
0.56793,0.38213,0.02506,0.02488
0.54388,0.36626,0.04590,0.04396
0.25766,0.23667,0.25377,0.25189
0.42991,0.40409,0.08324,0.08277
0.06231,0.05452,0.44248,0.44069
0.35750,0.62581,0.00858,0.00811
0.21122,0.18898,0.30095,0.29886
0.31497,0.29719,0.19474,0.19310
0.42493,0.47795,0.04988,0.04724
0.24589,0.21884,0.27096,0.26431
0.46871,0.43749,0.04786,0.04593
0.52627,0.15927,0.15723,0.15723
0.60830,0.21464,0.08781,0.08926
0.48319,0.31343,0.10442,0.09896
0.46462,0.43571,0.05104,0.04863
0.64385,0.26911,0.04272,0.04432
0.50050,0.45789,0.02031,0.02130
0.16094,0.82288,0.00799,0.00819
0.70212,0.05526,0.12267,0.11994
0.60532,0.08744,0.15490,0.15234
0.17444,0.15853,0.33477,0.33226
0.18959,0.35047,0.23099,0.22896
0.43247,0.40155,0.08335,0.08263
0.40821,0.36115,0.11652,0.11412
0.47530,0.44214,0.04247,0.04009
0.89949,0.06043,0.02024,0.01984
0.47389,0.41142,0.05712,0.05758
0.35671,0.33414,0.15539,0.15376
0.39027,0.35682,0.12838,0.12453
0.51206,0.26085,0.11288,0.11421
0.75452,0.05941,0.09246,0.09361
0.75438,0.22767,0.00894,0.00902
0.65865,0.09241,0.12435,0.12459
0.41147,0.06623,0.26066,0.26165
0.46893,0.42907,0.04967,0.05233
0.25576,0.65889,0.04170,0.04365
0.49556,0.43621,0.03452,0.03371
0.11186,0.26960,0.30818,0.31036
0.41582,0.54030,0.02193,0.02195
0.49324,0.45478,0.02652,0.02545
0.12738,0.07543,0.39954,0.39765
0.24766,0.66450,0.04558,0.04227
0.39862,0.35620,0.12347,0.12170
0.77587,0.12092,0.05180,0.05141
0.27881,0.24232,0.24086,0.23801
0.38781,0.35765,0.12644,0.12810
0.51647,0.45707,0.01346,0.01300
0.32820,0.59355,0.03838,0.03987
0.63772,0.07621,0.14328,0.14279
0.48464,0.45694,0.02982,0.02859
0.21246,0.22134,0.28067,0.28554
0.70169,0.06816,0.11700,0.11315
0.38274,0.33790,0.14013,0.13924
0.27276,0.24694,0.24033,0.23997
0.29368,0.46214,0.12311,0.12106
0.24392,0.70261,0.02699,0.02649
0.09817,0.83482,0.03307,0.03394
0.31275,0.58298,0.05206,0.05221
0.08287,0.77337,0.07154,0.07223
0.77408,0.16823,0.02952,0.02816
0.46264,0.43562,0.05054,0.05120
0.39086,0.23378,0.19025,0.18512
0.16514,0.81881,0.00798,0.00808
0.42339,0.23433,0.17013,0.17214
0.25524,0.23863,0.25475,0.25138
0.30215,0.36815,0.16741,0.16229
0.21471,0.20298,0.29193,0.29038
0.15018,0.60530,0.12084,0.12368
0.36885,0.32479,0.15319,0.15316
0.83782,0.09544,0.03384,0.03290
0.42348,0.39091,0.09482,0.09078
0.13685,0.51369,0.17531,0.17415
0.32870,0.29191,0.18955,0.18984
0.50520,0.46950,0.01303,0.01227
0.27425,0.60802,0.05935,0.05838
0.08739,0.31990,0.29558,0.29713
0.48174,0.46431,0.02658,0.02737
0.74178,0.11064,0.07408,0.07351
0.38927,0.34834,0.13256,0.12983
0.73620,0.05423,0.10435,0.10522
0.09338,0.17562,0.36843,0.36257
0.42906,0.41579,0.07845,0.07670
0.78493,0.18581,0.01466,0.01460
0.07686,0.35956,0.28125,0.28233
0.31766,0.29663,0.19505,0.19065
0.71052,0.09077,0.09920,0.09951
0.69877,0.12488,0.08856,0.08778
0.27781,0.67311,0.02445,0.02462
0.20844,0.17858,0.30434,0.30864
0.39375,0.36881,0.12102,0.11642
0.47795,0.42248,0.04979,0.04979
0.41821,0.37802,0.10129,0.10248
