0.00000,0.00000,0.00000,0.00000,0.33304,0.31595,0.00000,0.00000,0.00000,0.00000,0.00000,0.00000,0.34971,0.00130
0.00000,0.00000,0.50290,0.01920,0.00000,0.00000,0.00000,0.00000,0.00000,0.00000,0.00000,0.00000,0.38374,0.09416
0.00000,0.00000,0.41970,0.51952,0.00000,0.00000,0.00000,0.00000,0.00000,0.00000,0.00000,0.00000,0.01715,0.04363
0.00000,0.00000,0.00000,0.00000,0.00000,0.00000,0.00000,0.00000,0.11618,0.30067,0.00000,0.00000,0.51508,0.06808
0.70351,0.00189,0.00000,0.00000,0.00000,0.00000,0.00000,0.00000,0.00000,0.00000,0.00000,0.00000,0.08053,0.21407
0.00000,0.00000,0.00000,0.00000,0.13483,0.57049,0.00000,0.00000,0.00000,0.00000,0.00000,0.00000,0.26817,0.02652
0.00000,0.00000,0.00000,0.00000,0.00000,0.00000,0.00000,0.00000,0.05707,0.06819,0.00000,0.00000,0.87441,0.00033
0.00000,0.00000,0.38654,0.28428,0.00000,0.00000,0.00000,0.00000,0.00000,0.00000,0.00000,0.00000,0.21263,0.11655
0.00000,0.00000,0.00000,0.00000,0.16185,0.48828,0.00000,0.00000,0.00000,0.00000,0.00000,0.00000,0.34422,0.00565
0.00000,0.00000,0.00000,0.00000,0.00000,0.00000,0.00000,0.00000,0.00000,0.00000,0.09079,0.03285,0.47263,0.40372
0.00000,0.00000,0.00000,0.00000,0.00000,0.00000,0.00000,0.00000,0.24993,0.03869,0.00000,0.00000,0.35075,0.36063
0.00000,0.00000,0.00000,0.00000,0.00000,0.00000,0.70274,0.00313,0.00000,0.00000,0.00000,0.00000,0.26719,0.02693
0.00000,0.00000,0.00000,0.00000,0.00000,0.00000,0.00000,0.00000,0.00000,0.00000,0.61416,0.00102,0.35504,0.02978
0.00000,0.00000,0.00000,0.00000,0.00000,0.00000,0.00000,0.00000,0.00000,0.00000,0.03366,0.49080,0.47311,0.00243
0.00000,0.00000,0.00000,0.00000,0.00000,0.00000,0.00000,0.00000,0.00000,0.00000,0.71367,0.19301,0.02144,0.07188
0.09889,0.38524,0.00000,0.00000,0.00000,0.00000,0.00000,0.00000,0.00000,0.00000,0.00000,0.00000,0.41144,0.10443
0.00000,0.00000,0.04812,0.06054,0.00000,0.00000,0.00000,0.00000,0.00000,0.00000,0.00000,0.00000,0.75646,0.13488
0.00000,0.00000,0.00000,0.00000,0.60734,0.24952,0.00000,0.00000,0.00000,0.00000,0.00000,0.00000,0.09549,0.04766
0.24937,0.12564,0.00000,0.00000,0.00000,0.00000,0.00000,0.00000,0.00000,0.00000,0.00000,0.00000,0.53311,0.09188
0.00000,0.00000,0.00000,0.00000,0.00000,0.00000,0.00000,0.00000,0.00000,0.00000,0.85456,0.07618,0.06343,0.00583
0.00000,0.00000,0.00000,0.00000,0.00000,0.00000,0.00000,0.00000,0.00000,0.00000,0.49206,0.00387,0.12661,0.37746
0.00000,0.00000,0.00000,0.00000,0.00000,0.00000,0.00000,0.00000,0.33252,0.12031,0.00000,0.00000,0.30529,0.24188
0.00000,0.00000,0.00000,0.00000,0.00000,0.00000,0.00000,0.00000,0.73472,0.02153,0.00000,0.00000,0.22917,0.01458
0.00000,0.00000,0.02231,0.03492,0.00000,0.00000,0.00000,0.00000,0.00000,0.00000,0.00000,0.00000,0.22389,0.71888
0.00000,0.00000,0.00000,0.00000,0.00000,0.00000,0.76118,0.06437,0.00000,0.00000,0.00000,0.00000,0.17429,0.00016
0.00000,0.00000,0.00000,0.00000,0.48353,0.01928,0.00000,0.00000,0.00000,0.00000,0.00000,0.00000,0.45687,0.04032
0.00000,0.00000,0.00000,0.00000,0.00000,0.00000,0.48171,0.02614,0.00000,0.00000,0.00000,0.00000,0.27575,0.21640
0.00000,0.00000,0.00000,0.00000,0.77794,0.01605,0.00000,0.00000,0.00000,0.00000,0.00000,0.00000,0.20412,0.00189
0.00000,0.00000,0.00000,0.00000,0.00000,0.00000,0.15592,0.23113,0.00000,0.00000,0.00000,0.00000,0.58300,0.02995
0.53534,0.04994,0.00000,0.00000,0.00000,0.00000,0.00000,0.00000,0.00000,0.00000,0.00000,0.00000,0.40723,0.00749
0.00000,0.00000,0.00000,0.00000,0.00000,0.00000,0.00000,0.00000,0.11961,0.20175,0.00000,0.00000,0.35285,0.32579
0.46416,0.02007,0.00000,0.00000,0.00000,0.00000,0.00000,0.00000,0.00000,0.00000,0.00000,0.00000,0.51576,0.00001
0.00000,0.00000,0.00000,0.00000,0.00000,0.00000,0.00000,0.00000,0.00000,0.00000,0.48954,0.06628,0.37526,0.06892
0.00000,0.00000,0.09271,0.20825,0.00000,0.00000,0.00000,0.00000,0.00000,0.00000,0.00000,0.00000,0.56881,0.13023
0.00000,0.00000,0.00000,0.00000,0.00000,0.00000,0.00000,0.00000,0.29143,0.17630,0.00000,0.00000,0.52825,0.00402
0.00000,0.00000,0.00000,0.00000,0.00000,0.00000,0.00000,0.00000,0.51113,0.01198,0.00000,0.00000,0.47560,0.00129
0.00000,0.00000,0.09640,0.18174,0.00000,0.00000,0.00000,0.00000,0.00000,0.00000,0.00000,0.00000,0.70452,0.01734
0.00000,0.00000,0.00000,0.00000,0.00000,0.00000,0.00000,0.00000,0.00000,0.00000,0.57736,0.04779,0.03595,0.33890
0.00000,0.00000,0.00000,0.00000,0.00000,0.00000,0.00000,0.00000,0.00000,0.00000,0.56334,0.00145,0.37639,0.05882
0.00000,0.00000,0.00000,0.00000,0.43184,0.39085,0.00000,0.00000,0.00000,0.00000,0.00000,0.00000,0.17321,0.00409
0.00000,0.00000,0.00000,0.00000,0.00000,0.00000,0.31633,0.00008,0.00000,0.00000,0.00000,0.00000,0.45167,0.23193
0.00000,0.00000,0.00000,0.00000,0.00000,0.00000,0.16538,0.56406,0.00000,0.00000,0.00000,0.00000,0.27042,0.00014
0.53321,0.22524,0.00000,0.00000,0.00000,0.00000,0.00000,0.00000,0.00000,0.00000,0.00000,0.00000,0.23808,0.00347
0.00000,0.00000,0.00000,0.00000,0.00000,0.00000,0.00000,0.00000,0.29255,0.04961,0.00000,0.00000,0.34698,0.31085
0.00000,0.00000,0.00000,0.00000,0.00000,0.00000,0.05921,0.00471,0.00000,0.00000,0.00000,0.00000,0.93382,0.00225
0.00000,0.00000,0.00000,0.00000,0.30366,0.00111,0.00000,0.00000,0.00000,0.00000,0.00000,0.00000,0.41589,0.27934
0.36668,0.00044,0.00000,0.00000,0.00000,0.00000,0.00000,0.00000,0.00000,0.00000,0.00000,0.00000,0.63288,0.00000
0.00000,0.00000,0.00000,0.00000,0.00000,0.00000,0.00000,0.00000,0.26043,0.00122,0.00000,0.00000,0.26625,0.47211
0.54367,0.00556,0.00000,0.00000,0.00000,0.00000,0.00000,0.00000,0.00000,0.00000,0.00000,0.00000,0.44815,0.00262
0.00000,0.00000,0.00000,0.00000,0.00000,0.00000,0.00000,0.00000,0.01421,0.00002,0.00000,0.00000,0.98577,0.00000
0.00000,0.00000,0.00000,0.00000,0.00000,0.00000,0.00000,0.00000,0.33493,0.00285,0.00000,0.00000,0.66102,0.00121
0.95277,0.02719,0.00000,0.00000,0.00000,0.00000,0.00000,0.00000,0.00000,0.00000,0.00000,0.00000,0.01213,0.00792
0.00000,0.00000,0.00000,0.00000,0.00000,0.00000,0.00000,0.00000,0.07496,0.12569,0.00000,0.00000,0.77259,0.02676
0.00000,0.00000,0.21093,0.06773,0.00000,0.00000,0.00000,0.00000,0.00000,0.00000,0.00000,0.00000,0.37385,0.34749
0.00000,0.00000,0.00000,0.00000,0.00000,0.00000,0.00000,0.00000,0.00000,0.00000,0.30625,0.55953,0.02602,0.10821
0.00000,0.00000,0.27188,0.26021,0.00000,0.00000,0.00000,0.00000,0.00000,0.00000,0.00000,0.00000,0.46642,0.00149
0.00000,0.00000,0.54222,0.04173,0.00000,0.00000,0.00000,0.00000,0.00000,0.00000,0.00000,0.00000,0.41460,0.00144
0.00000,0.00000,0.00000,0.00000,0.00000,0.00000,0.52948,0.37838,0.00000,0.00000,0.00000,0.00000,0.02155,0.07060
0.54564,0.38068,0.00000,0.00000,0.00000,0.00000,0.00000,0.00000,0.00000,0.00000,0.00000,0.00000,0.06824,0.00544
0.55037,0.37381,0.00000,0.00000,0.00000,0.00000,0.00000,0.00000,0.00000,0.00000,0.00000,0.00000,0.07582,0.00000
0.00000,0.00000,0.00000,0.00000,0.00000,0.00000,0.00000,0.00000,0.20373,0.54046,0.00000,0.00000,0.25560,0.00021
0.00000,0.00000,0.00000,0.00000,0.00000,0.00000,0.34013,0.03500,0.00000,0.00000,0.00000,0.00000,0.01540,0.60948
0.00000,0.00000,0.00000,0.00000,0.00000,0.00000,0.21290,0.17448,0.00000,0.00000,0.00000,0.00000,0.56021,0.05241
0.00000,0.00000,0.00000,0.00000,0.43121,0.50198,0.00000,0.00000,0.00000,0.00000,0.00000,0.00000,0.06659,0.00023
0.00000,0.00000,0.88611,0.08298,0.00000,0.00000,0.00000,0.00000,0.00000,0.00000,0.00000,0.00000,0.02752,0.00339
0.00000,0.00000,0.00000,0.00000,0.00000,0.00000,0.00000,0.00000,0.00000,0.00000,0.32891,0.16553,0.47379,0.03177
0.00000,0.00000,0.00000,0.00000,0.00000,0.00000,0.00000,0.00000,0.00000,0.00000,0.29541,0.00727,0.61272,0.08460
0.00000,0.00000,0.00000,0.00000,0.00000,0.00000,0.00000,0.00000,0.64207,0.01031,0.00000,0.00000,0.34628,0.00134
0.00000,0.00000,0.00000,0.00000,0.14033,0.04095,0.00000,0.00000,0.00000,0.00000,0.00000,0.00000,0.37786,0.44086
0.00000,0.00000,0.00000,0.00000,0.00000,0.00000,0.00000,0.00000,0.01998,0.08045,0.00000,0.00000,0.23551,0.66406
0.00000,0.00000,0.00000,0.00000,0.00000,0.00000,0.71288,0.13152,0.00000,0.00000,0.00000,0.00000,0.03442,0.12117
0.00000,0.00000,0.00000,0.00000,0.36216,0.00490,0.00000,0.00000,0.00000,0.00000,0.00000,0.00000,0.26421,0.36873
0.00000,0.00000,0.00000,0.00000,0.00000,0.00000,0.00000,0.00000,0.00000,0.00000,0.52904,0.42272,0.04782,0.00042
0.43132,0.40394,0.00000,0.00000,0.00000,0.00000,0.00000,0.00000,0.00000,0.00000,0.00000,0.00000,0.09755,0.06719
0.00000,0.00000,0.00000,0.00000,0.31873,0.29855,0.00000,0.00000,0.00000,0.00000,0.00000,0.00000,0.38162,0.00110
0.00000,0.00000,0.00000,0.00000,0.00000,0.00000,0.00000,0.00000,0.00000,0.00000,0.42895,0.24263,0.32588,0.00254
0.00000,0.00000,0.00000,0.00000,0.00000,0.00000,0.00000,0.00000,0.00000,0.00000,0.32594,0.06175,0.60635,0.00596
0.00000,0.00000,0.00000,0.00000,0.00000,0.00000,0.13707,0.71536,0.00000,0.00000,0.00000,0.00000,0.11682,0.03076
0.00000,0.00000,0.00000,0.00000,0.00000,0.00000,0.00000,0.00000,0.00000,0.00000,0.30456,0.02156,0.44989,0.22399
0.00000,0.00000,0.00000,0.00000,0.00000,0.00000,0.15071,0.53012,0.00000,0.00000,0.00000,0.00000,0.30295,0.01623
0.00000,0.00000,0.00000,0.00000,0.92381,0.03296,0.00000,0.00000,0.00000,0.00000,0.00000,0.00000,0.04166,0.00157
0.00000,0.00000,0.12065,0.06585,0.00000,0.00000,0.00000,0.00000,0.00000,0.00000,0.00000,0.00000,0.81320,0.00029
0.03385,0.03185,0.00000,0.00000,0.00000,0.00000,0.00000,0.00000,0.00000,0.00000,0.00000,0.00000,0.93422,0.00008
0.00000,0.00000,0.00000,0.00000,0.39031,0.14418,0.00000,0.00000,0.00000,0.00000,0.00000,0.00000,0.30406,0.16145
0.00000,0.00000,0.79130,0.03807,0.00000,0.00000,0.00000,0.00000,0.00000,0.00000,0.00000,0.00000,0.17059,0.00004
0.00000,0.00000,0.44149,0.00857,0.00000,0.00000,0.00000,0.00000,0.00000,0.00000,0.00000,0.00000,0.52060,0.02934
0.00000,0.00000,0.72804,0.06296,0.00000,0.00000,0.00000,0.00000,0.00000,0.00000,0.00000,0.00000,0.06068,0.14832
0.00000,0.00000,0.00000,0.00000,0.00000,0.00000,0.00000,0.00000,0.11946,0.08636,0.00000,0.00000,0.79411,0.00007
0.00000,0.00000,0.00000,0.00000,0.00000,0.00000,0.00000,0.00000,0.27058,0.43465,0.00000,0.00000,0.07349,0.22129
0.00000,0.00000,0.00000,0.00000,0.00000,0.00000,0.00000,0.00000,0.49337,0.39954,0.00000,0.00000,0.10112,0.00597
0.00000,0.00000,0.00000,0.00000,0.00000,0.00000,0.00000,0.00000,0.00000,0.00000,0.09221,0.08576,0.81893,0.00309
0.00000,0.00000,0.00000,0.00000,0.00000,0.00000,0.58498,0.11680,0.00000,0.00000,0.00000,0.00000,0.29630,0.00192
0.68466,0.03169,0.00000,0.00000,0.00000,0.00000,0.00000,0.00000,0.00000,0.00000,0.00000,0.00000,0.28286,0.00078
0.00000,0.00000,0.00000,0.00000,0.00000,0.00000,0.04571,0.00423,0.00000,0.00000,0.00000,0.00000,0.04688,0.90318
0.00000,0.00000,0.00000,0.00000,0.25631,0.15264,0.00000,0.00000,0.00000,0.00000,0.00000,0.00000,0.54318,0.04787
0.00000,0.00000,0.00000,0.00000,0.00000,0.00000,0.00000,0.00000,0.08196,0.01911,0.00000,0.00000,0.89860,0.00033
0.00000,0.00000,0.00000,0.00000,0.17553,0.04604,0.00000,0.00000,0.00000,0.00000,0.00000,0.00000,0.66070,0.11772
0.00000,0.00000,0.00000,0.00000,0.00000,0.00000,0.00000,0.00000,0.61652,0.01720,0.00000,0.00000,0.25191,0.11437
0.00000,0.00000,0.00000,0.00000,0.00000,0.00000,0.00000,0.00000,0.45342,0.51131,0.00000,0.00000,0.03223,0.00304
0.00000,0.00000,0.29366,0.30887,0.00000,0.00000,0.00000,0.00000,0.00000,0.00000,0.00000,0.00000,0.39009,0.00739
0.00000,0.00000,0.42018,0.11453,0.00000,0.00000,0.00000,0.00000,0.00000,0.00000,0.00000,0.00000,0.37599,0.08929
0.00000,0.00000,0.00000,0.00000,0.00000,0.00000,0.15327,0.04805,0.00000,0.00000,0.00000,0.00000,0.64472,0.15396
0.00000,0.00000,0.00000,0.00000,0.00000,0.00000,0.00000,0.00000,0.00000,0.00000,0.50320,0.01666,0.48014,0.00000
0.00000,0.00000,0.00000,0.00000,0.00000,0.00000,0.00000,0.00000,0.00000,0.00000,0.18307,0.00037,0.81656,0.00000
0.00000,0.00000,0.00000,0.00000,0.00000,0.00000,0.00000,0.00000,0.00000,0.00000,0.61967,0.02888,0.05923,0.29221
0.00000,0.00000,0.00000,0.00000,0.71314,0.07185,0.00000,0.00000,0.00000,0.00000,0.00000,0.00000,0.19538,0.01963
0.00000,0.00000,0.00000,0.00000,0.00000,0.00000,0.00000,0.00000,0.22089,0.50192,0.00000,0.00000,0.26424,0.01296
0.00000,0.00000,0.00000,0.00000,0.00000,0.00000,0.00000,0.00000,0.15734,0.21832,0.00000,0.00000,0.44611,0.17823
0.00000,0.00000,0.00000,0.00000,0.00000,0.00000,0.11676,0.01225,0.00000,0.00000,0.00000,0.00000,0.65452,0.21648
0.74064,0.15176,0.00000,0.00000,0.00000,0.00000,0.00000,0.00000,0.00000,0.00000,0.00000,0.00000,0.10452,0.00308
0.00000,0.00000,0.00000,0.00000,0.00000,0.00000,0.00000,0.00000,0.00000,0.00000,0.50544,0.06248,0.43199,0.00010
0.00000,0.00000,0.00000,0.00000,0.00000,0.00000,0.00000,0.00000,0.27889,0.65945,0.00000,0.00000,0.06153,0.00013
0.00000,0.00000,0.00000,0.00000,0.00000,0.00000,0.07299,0.04290,0.00000,0.00000,0.00000,0.00000,0.50619,0.37791
0.37897,0.20798,0.00000,0.00000,0.00000,0.00000,0.00000,0.00000,0.00000,0.00000,0.00000,0.00000,0.24460,0.16845
0.00000,0.00000,0.00000,0.00000,0.00000,0.00000,0.34001,0.00219,0.00000,0.00000,0.00000,0.00000,0.33654,0.32125
0.00000,0.00000,0.00000,0.00000,0.43887,0.00529,0.00000,0.00000,0.00000,0.00000,0.00000,0.00000,0.55563,0.00020
0.86042,0.10722,0.00000,0.00000,0.00000,0.00000,0.00000,0.00000,0.00000,0.00000,0.00000,0.00000,0.03173,0.00063
0.23834,0.24901,0.00000,0.00000,0.00000,0.00000,0.00000,0.00000,0.00000,0.00000,0.00000,0.00000,0.51256,0.00009
0.00000,0.00000,0.00000,0.00000,0.00000,0.00000,0.00000,0.00000,0.00000,0.00000,0.49637,0.36145,0.13990,0.00228
0.00000,0.00000,0.00000,0.00000,0.36910,0.03468,0.00000,0.00000,0.00000,0.00000,0.00000,0.00000,0.58790,0.00833
0.00000,0.00000,0.00000,0.00000,0.80360,0.00051,0.00000,0.00000,0.00000,0.00000,0.00000,0.00000,0.03084,0.16505
0.08229,0.28481,0.00000,0.00000,0.00000,0.00000,0.00000,0.00000,0.00000,0.00000,0.00000,0.00000,0.59938,0.03351
0.50051,0.00003,0.00000,0.00000,0.00000,0.00000,0.00000,0.00000,0.00000,0.00000,0.00000,0.00000,0.46947,0.02999
0.00000,0.00000,0.00000,0.00000,0.71419,0.14329,0.00000,0.00000,0.00000,0.00000,0.00000,0.00000,0.13031,0.01221
0.95593,0.01565,0.00000,0.00000,0.00000,0.00000,0.00000,0.00000,0.00000,0.00000,0.00000,0.00000,0.01270,0.01572
0.00000,0.00000,0.00000,0.00000,0.00000,0.00000,0.00000,0.00000,0.09250,0.26103,0.00000,0.00000,0.60589,0.04058
0.03312,0.26864,0.00000,0.00000,0.00000,0.00000,0.00000,0.00000,0.00000,0.00000,0.00000,0.00000,0.68272,0.01551
0.00000,0.00000,0.00000,0.00000,0.00000,0.00000,0.37326,0.16996,0.00000,0.00000,0.00000,0.00000,0.12159,0.33520
0.00000,0.00000,0.00000,0.00000,0.00000,0.00000,0.77203,0.13427,0.00000,0.00000,0.00000,0.00000,0.07395,0.01976
0.00000,0.00000,0.00000,0.00000,0.00000,0.00000,0.00000,0.00000,0.00000,0.00000,0.56429,0.00264,0.43294,0.00012
0.00000,0.00000,0.00000,0.00000,0.00000,0.00000,0.00000,0.00000,0.00000,0.00000,0.04452,0.36360,0.56618,0.02569
0.76905,0.18450,0.00000,0.00000,0.00000,0.00000,0.00000,0.00000,0.00000,0.00000,0.00000,0.00000,0.03998,0.00648
0.42164,0.56399,0.00000,0.00000,0.00000,0.00000,0.00000,0.00000,0.00000,0.00000,0.00000,0.00000,0.00942,0.00496
0.00000,0.00000,0.00000,0.00000,0.00000,0.00000,0.32077,0.01191,0.00000,0.00000,0.00000,0.00000,0.40320,0.26412
0.00000,0.00000,0.00000,0.00000,0.00000,0.00000,0.00000,0.00000,0.45846,0.01737,0.00000,0.00000,0.52405,0.00012
0.00000,0.00000,0.00000,0.00000,0.00000,0.00000,0.74511,0.14503,0.00000,0.00000,0.00000,0.00000,0.07903,0.03083
0.00000,0.00000,0.00000,0.00000,0.00000,0.00000,0.02049,0.26297,0.00000,0.00000,0.00000,0.00000,0.41234,0.30420
0.00000,0.00000,0.00000,0.00000,0.36547,0.08147,0.00000,0.00000,0.00000,0.00000,0.00000,0.00000,0.51474,0.03832
0.00000,0.00000,0.00000,0.00000,0.00000,0.00000,0.00000,0.00000,0.00000,0.00000,0.18669,0.28071,0.49501,0.03759
0.00000,0.00000,0.00000,0.00000,0.00000,0.00000,0.35948,0.12067,0.00000,0.00000,0.00000,0.00000,0.29568,0.22417
0.36286,0.04053,0.00000,0.00000,0.00000,0.00000,0.00000,0.00000,0.00000,0.00000,0.00000,0.00000,0.59658,0.00003
0.00000,0.00000,0.00000,0.00000,0.00000,0.00000,0.78600,0.00146,0.00000,0.00000,0.00000,0.00000,0.21120,0.00134
0.00000,0.00000,0.00000,0.00000,0.35075,0.12283,0.00000,0.00000,0.00000,0.00000,0.00000,0.00000,0.52641,0.00000
0.00000,0.00000,0.26450,0.19358,0.00000,0.00000,0.00000,0.00000,0.00000,0.00000,0.00000,0.00000,0.53309,0.00883
0.70573,0.01832,0.00000,0.00000,0.00000,0.00000,0.00000,0.00000,0.00000,0.00000,0.00000,0.00000,0.27587,0.00008
0.00000,0.00000,0.00000,0.00000,0.00000,0.00000,0.43681,0.34676,0.00000,0.00000,0.00000,0.00000,0.21524,0.00119
0.00000,0.00000,0.00000,0.00000,0.00000,0.00000,0.00000,0.00000,0.08966,0.23000,0.00000,0.00000,0.64263,0.03771
0.00000,0.00000,0.00000,0.00000,0.00000,0.00000,0.31348,0.03634,0.00000,0.00000,0.00000,0.00000,0.39943,0.25075
0.51680,0.24379,0.00000,0.00000,0.00000,0.00000,0.00000,0.00000,0.00000,0.00000,0.00000,0.00000,0.23920,0.00021
0.00000,0.00000,0.00000,0.00000,0.81520,0.00572,0.00000,0.00000,0.00000,0.00000,0.00000,0.00000,0.17908,0.00000
0.00000,0.00000,0.00000,0.00000,0.00000,0.00000,0.00000,0.00000,0.00000,0.00000,0.43974,0.00884,0.24923,0.30219
0.00000,0.00000,0.37039,0.09891,0.00000,0.00000,0.00000,0.00000,0.00000,0.00000,0.00000,0.00000,0.44874,0.08196
0.00000,0.00000,0.00000,0.00000,0.00000,0.00000,0.07271,0.15881,0.00000,0.00000,0.00000,0.00000,0.49900,0.26947
0.41600,0.45739,0.00000,0.00000,0.00000,0.00000,0.00000,0.00000,0.00000,0.00000,0.00000,0.00000,0.10221,0.02440
0.00000,0.00000,0.00000,0.00000,0.00000,0.00000,0.24998,0.42281,0.00000,0.00000,0.00000,0.00000,0.29903,0.02818
0.00000,0.00000,0.00000,0.00000,0.00000,0.00000,0.68664,0.00123,0.00000,0.00000,0.00000,0.00000,0.25919,0.05293
0.00000,0.00000,0.00000,0.00000,0.00000,0.00000,0.46283,0.11987,0.00000,0.00000,0.00000,0.00000,0.36235,0.05495
0.00000,0.00000,0.00000,0.00000,0.55237,0.03872,0.00000,0.00000,0.00000,0.00000,0.00000,0.00000,0.34915,0.05976
0.00000,0.00000,0.00000,0.00000,0.00000,0.00000,0.36231,0.09357,0.00000,0.00000,0.00000,0.00000,0.48335,0.06077
0.00000,0.00000,0.00000,0.00000,0.00000,0.00000,0.00000,0.00000,0.18778,0.00000,0.00000,0.00000,0.26602,0.54620
0.00000,0.00000,0.00000,0.00000,0.00000,0.00000,0.21765,0.00001,0.00000,0.00000,0.00000,0.00000,0.75442,0.02792
0.00000,0.00000,0.81847,0.00263,0.00000,0.00000,0.00000,0.00000,0.00000,0.00000,0.00000,0.00000,0.02925,0.14965
0.00000,0.00000,0.00000,0.00000,0.00000,0.00000,0.35446,0.32234,0.00000,0.00000,0.00000,0.00000,0.30908,0.01412
0.63826,0.01032,0.00000,0.00000,0.00000,0.00000,0.00000,0.00000,0.00000,0.00000,0.00000,0.00000,0.07054,0.28087
0.00000,0.00000,0.00000,0.00000,0.33422,0.16247,0.00000,0.00000,0.00000,0.00000,0.00000,0.00000,0.12089,0.38241
0.00000,0.00000,0.00000,0.00000,0.00000,0.00000,0.00000,0.00000,0.77581,0.01731,0.00000,0.00000,0.20581,0.00107
0.00000,0.00000,0.00000,0.00000,0.00000,0.00000,0.46672,0.10957,0.00000,0.00000,0.00000,0.00000,0.40712,0.01659
0.00000,0.00000,0.00000,0.00000,0.00000,0.00000,0.19124,0.07520,0.00000,0.00000,0.00000,0.00000,0.59892,0.13464
0.00000,0.00000,0.00000,0.00000,0.00000,0.00000,0.26035,0.01320,0.00000,0.00000,0.00000,0.00000,0.45861,0.26783
0.00000,0.00000,0.00000,0.00000,0.00000,0.00000,0.00000,0.00000,0.00000,0.00000,0.67655,0.00590,0.14180,0.17575
0.00000,0.00000,0.00000,0.00000,0.00000,0.00000,0.19760,0.12310,0.00000,0.00000,0.00000,0.00000,0.65091,0.02839
0.00000,0.00000,0.00000,0.00000,0.00000,0.00000,0.01865,0.26995,0.00000,0.00000,0.00000,0.00000,0.67409,0.03731
0.00000,0.00000,0.00000,0.00000,0.42829,0.10734,0.00000,0.00000,0.00000,0.00000,0.00000,0.00000,0.46436,0.00001
0.30028,0.09676,0.00000,0.00000,0.00000,0.00000,0.00000,0.00000,0.00000,0.00000,0.00000,0.00000,0.59933,0.00363
0.00000,0.00000,0.00000,0.00000,0.48459,0.06214,0.00000,0.00000,0.00000,0.00000,0.00000,0.00000,0.17461,0.27865
0.00000,0.00000,0.00000,0.00000,0.00000,0.00000,0.00000,0.00000,0.46377,0.33052,0.00000,0.00000,0.08577,0.11994
0.00000,0.00000,0.14369,0.26106,0.00000,0.00000,0.00000,0.00000,0.00000,0.00000,0.00000,0.00000,0.14747,0.44777
0.00000,0.00000,0.00000,0.00000,0.00000,0.00000,0.46643,0.05627,0.00000,0.00000,0.00000,0.00000,0.44878,0.02852
0.00000,0.00000,0.00000,0.00000,0.00000,0.00000,0.55591,0.08904,0.00000,0.00000,0.00000,0.00000,0.27467,0.08038
0.00000,0.00000,0.43937,0.13626,0.00000,0.00000,0.00000,0.00000,0.00000,0.00000,0.00000,0.00000,0.24103,0.18333
0.95758,0.01287,0.00000,0.00000,0.00000,0.00000,0.00000,0.00000,0.00000,0.00000,0.00000,0.00000,0.02946,0.00009
0.00000,0.00000,0.00000,0.00000,0.00000,0.00000,0.30442,0.06332,0.00000,0.00000,0.00000,0.00000,0.54393,0.08834
0.00000,0.00000,0.00000,0.00000,0.00000,0.00000,0.00000,0.00000,0.35936,0.17296,0.00000,0.00000,0.34419,0.12349
0.00000,0.00000,0.60872,0.01826,0.00000,0.00000,0.00000,0.00000,0.00000,0.00000,0.00000,0.00000,0.16041,0.21260
0.00000,0.00000,0.41573,0.46517,0.00000,0.00000,0.00000,0.00000,0.00000,0.00000,0.00000,0.00000,0.10413,0.01498
0.00000,0.00000,0.00000,0.00000,0.00000,0.00000,0.85513,0.02906,0.00000,0.00000,0.00000,0.00000,0.07718,0.03863
0.00000,0.00000,0.00000,0.00000,0.00000,0.00000,0.00000,0.00000,0.00000,0.00000,0.65170,0.07975,0.26659,0.00197
0.11348,0.00000,0.00000,0.00000,0.00000,0.00000,0.00000,0.00000,0.00000,0.00000,0.00000,0.00000,0.88243,0.00409
0.00000,0.00000,0.00000,0.00000,0.00000,0.00000,0.00000,0.00000,0.00000,0.00000,0.61135,0.06696,0.30718,0.01451
0.00000,0.00000,0.82517,0.00044,0.00000,0.00000,0.00000,0.00000,0.00000,0.00000,0.00000,0.00000,0.14747,0.02692
0.00000,0.00000,0.00995,0.43044,0.00000,0.00000,0.00000,0.00000,0.00000,0.00000,0.00000,0.00000,0.48596,0.07365
0.00000,0.00000,0.00000,0.00000,0.00000,0.00000,0.64682,0.05423,0.00000,0.00000,0.00000,0.00000,0.18337,0.11559
0.01182,0.42775,0.00000,0.00000,0.00000,0.00000,0.00000,0.00000,0.00000,0.00000,0.00000,0.00000,0.40417,0.15626
0.00000,0.00000,0.08427,0.51713,0.00000,0.00000,0.00000,0.00000,0.00000,0.00000,0.00000,0.00000,0.37152,0.02708
0.00000,0.00000,0.00000,0.00000,0.00000,0.00000,0.00000,0.00000,0.00000,0.00000,0.51627,0.00001,0.44059,0.04313
0.00000,0.00000,0.00000,0.00000,0.07461,0.06500,0.00000,0.00000,0.00000,0.00000,0.00000,0.00000,0.75077,0.10962
0.00000,0.00000,0.00000,0.00000,0.00000,0.00000,0.00000,0.00000,0.00000,0.00000,0.61614,0.01127,0.18412,0.18847
0.00000,0.00000,0.00000,0.00000,0.00000,0.00000,0.00000,0.00000,0.00000,0.00000,0.28121,0.21776,0.46544,0.03558
0.00000,0.00000,0.00000,0.00000,0.00000,0.00000,0.00000,0.00000,0.17681,0.49105,0.00000,0.00000,0.32745,0.00468
0.83438,0.11099,0.00000,0.00000,0.00000,0.00000,0.00000,0.00000,0.00000,0.00000,0.00000,0.00000,0.05140,0.00323
0.00000,0.00000,0.00000,0.00000,0.54510,0.00010,0.00000,0.00000,0.00000,0.00000,0.00000,0.00000,0.45313,0.00167
0.00000,0.00000,0.00000,0.00000,0.00000,0.00000,0.00000,0.00000,0.00000,0.00000,0.40097,0.00426,0.29615,0.29861
0.00000,0.00000,0.00000,0.00000,0.00000,0.00000,0.00000,0.00000,0.62457,0.02345,0.00000,0.00000,0.08612,0.26586
0.00000,0.00000,0.66773,0.01570,0.00000,0.00000,0.00000,0.00000,0.00000,0.00000,0.00000,0.00000,0.10129,0.21529
0.00000,0.00000,0.00000,0.00000,0.00000,0.00000,0.00000,0.00000,0.77110,0.02157,0.00000,0.00000,0.00897,0.19837
0.00000,0.00000,0.00000,0.00000,0.64242,0.01096,0.00000,0.00000,0.00000,0.00000,0.00000,0.00000,0.32830,0.01831
0.00000,0.00000,0.00000,0.00000,0.00000,0.00000,0.00000,0.00000,0.26999,0.25933,0.00000,0.00000,0.41454,0.05614
0.00000,0.00000,0.00000,0.00000,0.11390,0.18447,0.00000,0.00000,0.00000,0.00000,0.00000,0.00000,0.62650,0.07512
0.00000,0.00000,0.00000,0.00000,0.00000,0.00000,0.62396,0.24833,0.00000,0.00000,0.00000,0.00000,0.09220,0.03551
0.00000,0.00000,0.51602,0.08231,0.00000,0.00000,0.00000,0.00000,0.00000,0.00000,0.00000,0.00000,0.40108,0.00058
0.00000,0.00000,0.00000,0.00000,0.00000,0.00000,0.00000,0.00000,0.00000,0.00000,0.28687,0.12339,0.49414,0.09561
0.00000,0.00000,0.58965,0.00183,0.00000,0.00000,0.00000,0.00000,0.00000,0.00000,0.00000,0.00000,0.40697,0.00155
0.12831,0.30509,0.00000,0.00000,0.00000,0.00000,0.00000,0.00000,0.00000,0.00000,0.00000,0.00000,0.54742,0.01918
0.00000,0.00000,0.00000,0.00000,0.00000,0.00000,0.08294,0.05272,0.00000,0.00000,0.00000,0.00000,0.61635,0.24799
0.00000,0.00000,0.00000,0.00000,0.00000,0.00000,0.00000,0.00000,0.00000,0.00000,0.44884,0.30043,0.24014,0.01058
0.07543,0.10200,0.00000,0.00000,0.00000,0.00000,0.00000,0.00000,0.00000,0.00000,0.00000,0.00000,0.82257,0.00000
0.00000,0.00000,0.00000,0.00000,0.79083,0.15041,0.00000,0.00000,0.00000,0.00000,0.00000,0.00000,0.01211,0.04665
0.23510,0.00884,0.00000,0.00000,0.00000,0.00000,0.00000,0.00000,0.00000,0.00000,0.00000,0.00000,0.55003,0.20603
0.00000,0.00000,0.00000,0.00000,0.00000,0.00000,0.51025,0.00166,0.00000,0.00000,0.00000,0.00000,0.00600,0.48208
0.00000,0.00000,0.00000,0.00000,0.76750,0.06226,0.00000,0.00000,0.00000,0.00000,0.00000,0.00000,0.16724,0.00300
0.00000,0.00000,0.00000,0.00000,0.00000,0.00000,0.00000,0.00000,0.00000,0.00000,0.58764,0.32479,0.08754,0.00003
0.00000,0.00000,0.00000,0.00000,0.00000,0.00000,0.00000,0.00000,0.00000,0.00000,0.81783,0.07656,0.10341,0.00220
0.00000,0.00000,0.00000,0.00000,0.00000,0.00000,0.00000,0.00000,0.47040,0.00437,0.00000,0.00000,0.34338,0.18185
0.00000,0.00000,0.00000,0.00000,0.00000,0.00000,0.50372,0.08842,0.00000,0.00000,0.00000,0.00000,0.32890,0.07896
0.00000,0.00000,0.27764,0.17511,0.00000,0.00000,0.00000,0.00000,0.00000,0.00000,0.00000,0.00000,0.54563,0.00162
0.00000,0.00000,0.26491,0.03720,0.00000,0.00000,0.00000,0.00000,0.00000,0.00000,0.00000,0.00000,0.63024,0.06765
0.00000,0.00000,0.00000,0.00000,0.00000,0.00000,0.00000,0.00000,0.46078,0.01028,0.00000,0.00000,0.48139,0.04754
0.00000,0.00000,0.00000,0.00000,0.00000,0.00000,0.00000,0.00000,0.00000,0.00000,0.16476,0.38218,0.32964,0.12342
0.00000,0.00000,0.00000,0.00000,0.00000,0.00000,0.00000,0.00000,0.00000,0.00000,0.47794,0.13115,0.30199,0.08892
0.00000,0.00000,0.00000,0.00000,0.00000,0.00000,0.27812,0.10194,0.00000,0.00000,0.00000,0.00000,0.39335,0.22659
0.00000,0.00000,0.00000,0.00000,0.00000,0.00000,0.00000,0.00000,0.41983,0.16437,0.00000,0.00000,0.41578,0.00002
0.46663,0.01323,0.00000,0.00000,0.00000,0.00000,0.00000,0.00000,0.00000,0.00000,0.00000,0.00000,0.16487,0.35528
0.00000,0.00000,0.00000,0.00000,0.00000,0.00000,0.00000,0.00000,0.45882,0.03978,0.00000,0.00000,0.49884,0.00256
0.00000,0.00000,0.00000,0.00000,0.00000,0.00000,0.00000,0.00000,0.25496,0.05122,0.00000,0.00000,0.20006,0.49375
0.00000,0.00000,0.00000,0.00000,0.00000,0.00000,0.00000,0.00000,0.48022,0.27014,0.00000,0.00000,0.13491,0.11473
0.00000,0.00000,0.00000,0.00000,0.00000,0.00000,0.00000,0.00000,0.31175,0.07921,0.00000,0.00000,0.56970,0.03934
0.00000,0.00000,0.00000,0.00000,0.00000,0.00000,0.00000,0.00000,0.93304,0.02662,0.00000,0.00000,0.04034,0.00001
0.00000,0.00000,0.00000,0.00000,0.00000,0.00000,0.00000,0.00000,0.00000,0.00000,0.21934,0.00046,0.77924,0.00096
0.00000,0.00000,0.00000,0.00000,0.00000,0.00000,0.00000,0.00000,0.54269,0.00003,0.00000,0.00000,0.32021,0.13707
0.11531,0.23746,0.00000,0.00000,0.00000,0.00000,0.00000,0.00000,0.00000,0.00000,0.00000,0.00000,0.59518,0.05204
0.59335,0.04078,0.00000,0.00000,0.00000,0.00000,0.00000,0.00000,0.00000,0.00000,0.00000,0.00000,0.35607,0.00980
0.00000,0.00000,0.00000,0.00000,0.00000,0.00000,0.00000,0.00000,0.19518,0.39579,0.00000,0.00000,0.38862,0.02041
0.00000,0.00000,0.31552,0.04490,0.00000,0.00000,0.00000,0.00000,0.00000,0.00000,0.00000,0.00000,0.52490,0.11468
0.00000,0.00000,0.56480,0.22758,0.00000,0.00000,0.00000,0.00000,0.00000,0.00000,0.00000,0.00000,0.19764,0.00997
0.00000,0.00000,0.00000,0.00000,0.00000,0.00000,0.00000,0.00000,0.76122,0.07781,0.00000,0.00000,0.16092,0.00006
0.00000,0.00000,0.00000,0.00000,0.00000,0.00000,0.13034,0.20357,0.00000,0.00000,0.00000,0.00000,0.50993,0.15616
0.00000,0.00000,0.00000,0.00000,0.33178,0.18748,0.00000,0.00000,0.00000,0.00000,0.00000,0.00000,0.18962,0.29112
0.00000,0.00000,0.00000,0.00000,0.00000,0.00000,0.00000,0.00000,0.00000,0.00000,0.43032,0.00310,0.45076,0.11582
0.00000,0.00000,0.00000,0.00000,0.00000,0.00000,0.53911,0.15037,0.00000,0.00000,0.00000,0.00000,0.23007,0.08045
0.01948,0.00398,0.00000,0.00000,0.00000,0.00000,0.00000,0.00000,0.00000,0.00000,0.00000,0.00000,0.67012,0.30642
0.00000,0.00000,0.21834,0.53516,0.00000,0.00000,0.00000,0.00000,0.00000,0.00000,0.00000,0.00000,0.24650,0.00000
0.00000,0.00000,0.00000,0.00000,0.00000,0.00000,0.00000,0.00000,0.00000,0.00000,0.07749,0.08112,0.70103,0.14036
0.00000,0.00000,0.00000,0.00000,0.00000,0.00000,0.11448,0.29423,0.00000,0.00000,0.00000,0.00000,0.50572,0.08557
0.00000,0.00000,0.00000,0.00000,0.00000,0.00000,0.00000,0.00000,0.57436,0.31708,0.00000,0.00000,0.08091,0.02765
0.00000,0.00000,0.00000,0.00000,0.00000,0.00000,0.00000,0.00000,0.00000,0.00000,0.48063,0.25793,0.17814,0.08330
0.00000,0.00000,0.32414,0.00000,0.00000,0.00000,0.00000,0.00000,0.00000,0.00000,0.00000,0.00000,0.45303,0.22283
0.00000,0.00000,0.00000,0.00000,0.00000,0.00000,0.00000,0.00000,0.00000,0.00000,0.34343,0.03413,0.59906,0.02337
0.21813,0.65847,0.00000,0.00000,0.00000,0.00000,0.00000,0.00000,0.00000,0.00000,0.00000,0.00000,0.11047,0.01293
0.00000,0.00000,0.00000,0.00000,0.00000,0.00000,0.00000,0.00000,0.00000,0.00000,0.38993,0.34187,0.21896,0.04923
0.00000,0.00000,0.00000,0.00000,0.00000,0.00000,0.00000,0.00000,0.00000,0.00000,0.33691,0.31743,0.34385,0.00181
0.00000,0.00000,0.00000,0.00000,0.00000,0.00000,0.85003,0.09151,0.00000,0.00000,0.00000,0.00000,0.05825,0.00021
0.00000,0.00000,0.00000,0.00000,0.00000,0.00000,0.28164,0.39511,0.00000,0.00000,0.00000,0.00000,0.04369,0.27956
0.28540,0.03704,0.00000,0.00000,0.00000,0.00000,0.00000,0.00000,0.00000,0.00000,0.00000,0.00000,0.55777,0.11979
0.00000,0.00000,0.00000,0.00000,0.00000,0.00000,0.00000,0.00000,0.00000,0.00000,0.08605,0.13740,0.77132,0.00523
0.00000,0.00000,0.00000,0.00000,0.00000,0.00000,0.00000,0.00000,0.00000,0.00000,0.52994,0.03983,0.32251,0.10772
0.00000,0.00000,0.00000,0.00000,0.08305,0.05052,0.00000,0.00000,0.00000,0.00000,0.00000,0.00000,0.26524,0.60119
0.00000,0.00000,0.03240,0.01929,0.00000,0.00000,0.00000,0.00000,0.00000,0.00000,0.00000,0.00000,0.94817,0.00013
0.00000,0.00000,0.00000,0.00000,0.27682,0.00553,0.00000,0.00000,0.00000,0.00000,0.00000,0.00000,0.01366,0.70400
0.00000,0.00000,0.00000,0.00000,0.00000,0.00000,0.00000,0.00000,0.72927,0.15984,0.00000,0.00000,0.05108,0.05981
0.00000,0.00000,0.00000,0.00000,0.00000,0.00000,0.00000,0.00000,0.11322,0.14131,0.00000,0.00000,0.63119,0.11428
0.00000,0.00000,0.50212,0.26993,0.00000,0.00000,0.00000,0.00000,0.00000,0.00000,0.00000,0.00000,0.22794,0.00001
0.00000,0.00000,0.00000,0.00000,0.35242,0.32244,0.00000,0.00000,0.00000,0.00000,0.00000,0.00000,0.20334,0.12180
0.00000,0.00000,0.02518,0.00019,0.00000,0.00000,0.00000,0.00000,0.00000,0.00000,0.00000,0.00000,0.94189,0.03274
0.66217,0.22729,0.00000,0.00000,0.00000,0.00000,0.00000,0.00000,0.00000,0.00000,0.00000,0.00000,0.10434,0.00619
0.00000,0.00000,0.00000,0.00000,0.00000,0.00000,0.00000,0.00000,0.18660,0.58328,0.00000,0.00000,0.13606,0.09407
0.00000,0.00000,0.00000,0.00000,0.07565,0.00790,0.00000,0.00000,0.00000,0.00000,0.00000,0.00000,0.91260,0.00385
0.00000,0.00000,0.00000,0.00000,0.48535,0.00194,0.00000,0.00000,0.00000,0.00000,0.00000,0.00000,0.51164,0.00107
0.00000,0.00000,0.00000,0.00000,0.00000,0.00000,0.42563,0.46348,0.00000,0.00000,0.00000,0.00000,0.11037,0.00051
0.00000,0.00000,0.00000,0.00000,0.00000,0.00000,0.00000,0.00000,0.34648,0.00049,0.00000,0.00000,0.65303,0.00000
0.00000,0.00000,0.00000,0.00000,0.65555,0.02144,0.00000,0.00000,0.00000,0.00000,0.00000,0.00000,0.32234,0.00066
0.00000,0.00000,0.45132,0.10997,0.00000,0.00000,0.00000,0.00000,0.00000,0.00000,0.00000,0.00000,0.43871,0.00000
0.00000,0.00000,0.00000,0.00000,0.00000,0.00000,0.00000,0.00000,0.00000,0.00000,0.63817,0.10820,0.25298,0.00065
0.00000,0.00000,0.00000,0.00000,0.00000,0.00000,0.00000,0.00000,0.00000,0.00000,0.37506,0.53230,0.09105,0.00159
0.41045,0.43036,0.00000,0.00000,0.00000,0.00000,0.00000,0.00000,0.00000,0.00000,0.00000,0.00000,0.15400,0.00519
0.00000,0.00000,0.00000,0.00000,0.44569,0.35881,0.00000,0.00000,0.00000,0.00000,0.00000,0.00000,0.15816,0.03733
0.00000,0.00000,0.16735,0.08846,0.00000,0.00000,0.00000,0.00000,0.00000,0.00000,0.00000,0.00000,0.62433,0.11986
0.00000,0.00000,0.00000,0.00000,0.00000,0.00000,0.00000,0.00000,0.00000,0.00000,0.21332,0.04183,0.67638,0.06846
0.00000,0.00000,0.00000,0.00000,0.00000,0.00000,0.00000,0.00000,0.31394,0.39163,0.00000,0.00000,0.07403,0.22040
0.00000,0.00000,0.00000,0.00000,0.00000,0.00000,0.39794,0.00989,0.00000,0.00000,0.00000,0.00000,0.06423,0.52795
0.00000,0.00000,0.00000,0.00000,0.15732,0.55865,0.00000,0.00000,0.00000,0.00000,0.00000,0.00000,0.28384,0.00019
0.00000,0.00000,0.00000,0.00000,0.00000,0.00000,0.00000,0.00000,0.59297,0.03536,0.00000,0.00000,0.34375,0.02792
0.00000,0.00000,0.00000,0.00000,0.25091,0.12820,0.00000,0.00000,0.00000,0.00000,0.00000,0.00000,0.10186,0.51903
0.00000,0.00000,0.00000,0.00000,0.00000,0.00000,0.00000,0.00000,0.22170,0.39391,0.00000,0.00000,0.38439,0.00001
0.00000,0.00000,0.41295,0.00754,0.00000,0.00000,0.00000,0.00000,0.00000,0.00000,0.00000,0.00000,0.22378,0.35573
0.00000,0.00000,0.00000,0.00000,0.00000,0.00000,0.42818,0.00637,0.00000,0.00000,0.00000,0.00000,0.42276,0.14269
0.00000,0.00000,0.00000,0.00000,0.44951,0.06891,0.00000,0.00000,0.00000,0.00000,0.00000,0.00000,0.48070,0.00088
0.44006,0.09470,0.00000,0.00000,0.00000,0.00000,0.00000,0.00000,0.00000,0.00000,0.00000,0.00000,0.46240,0.00284
0.00000,0.00000,0.00000,0.00000,0.00000,0.00000,0.08301,0.17617,0.00000,0.00000,0.00000,0.00000,0.47307,0.26775
0.00000,0.00000,0.00000,0.00000,0.38940,0.02537,0.00000,0.00000,0.00000,0.00000,0.00000,0.00000,0.33743,0.24780
0.00000,0.00000,0.00000,0.00000,0.00000,0.00000,0.00000,0.00000,0.42696,0.08887,0.00000,0.00000,0.47033,0.01383
