0.01026,0.29642,0.24129,0.45203
0.24543,0.63025,0.12114,0.00318
0.07575,0.84776,0.00973,0.06676
0.06315,0.33722,0.53362,0.06601
0.68560,0.08725,0.05166,0.17549
0.00104,0.55901,0.37295,0.06700
0.11767,0.70010,0.11672,0.06551
0.32507,0.54633,0.03981,0.08879
0.03285,0.33109,0.51646,0.11960
0.29090,0.59843,0.08776,0.02291
0.01139,0.67667,0.31104,0.00090
0.07091,0.48817,0.28084,0.16008
0.04594,0.85675,0.06952,0.02779
0.14858,0.21140,0.20818,0.43184
0.16135,0.51069,0.30970,0.01826
0.06236,0.40299,0.49795,0.03670
0.04059,0.90884,0.04221,0.00836
0.35177,0.39350,0.25360,0.00113
0.13653,0.79332,0.07006,0.00010
0.10376,0.72111,0.12725,0.04788
0.02240,0.60544,0.35504,0.01713
0.00855,0.89797,0.04061,0.05287
0.09898,0.78953,0.07372,0.03776
0.37924,0.43185,0.16205,0.02686
0.00977,0.86511,0.11280,0.01232
0.02451,0.66773,0.02717,0.28059
0.08128,0.65777,0.06218,0.19878
0.16284,0.58007,0.25219,0.00491
0.15893,0.73245,0.10523,0.00339
0.28685,0.12648,0.47696,0.10970
0.21514,0.76907,0.00064,0.01515
0.00403,0.34939,0.37287,0.27371
0.44691,0.51093,0.01167,0.03049
0.23733,0.36112,0.28103,0.12052
0.07026,0.86426,0.00179,0.06369
0.01122,0.82580,0.16285,0.00012
0.09811,0.74921,0.11713,0.03555
0.06337,0.89326,0.01054,0.03284
0.04012,0.69345,0.15725,0.10917
0.03987,0.42021,0.46356,0.07636
0.01931,0.50298,0.14583,0.33189
0.63575,0.31678,0.04096,0.00651
0.01004,0.95666,0.03309,0.00020
0.03100,0.64764,0.18606,0.13530
0.12608,0.81241,0.00864,0.05288
0.16021,0.30438,0.42331,0.11211
0.20657,0.46142,0.19695,0.13506
0.19079,0.58673,0.11431,0.10817
0.54763,0.32147,0.00660,0.12430
0.34638,0.30012,0.34900,0.00451
0.01006,0.72326,0.18460,0.08208
0.00001,0.93022,0.01007,0.05971
0.21277,0.69606,0.07853,0.01264
0.04634,0.44888,0.15067,0.35411
0.09749,0.55995,0.28581,0.05675
0.00141,0.84191,0.03776,0.11892
0.13916,0.81158,0.04088,0.00839
0.03377,0.84955,0.10939,0.00728
0.20985,0.49186,0.18441,0.11389
0.28253,0.71455,0.00010,0.00282
0.00939,0.40681,0.16748,0.41632
0.00218,0.95645,0.01492,0.02645
0.35988,0.60656,0.03321,0.00035
0.03626,0.86054,0.10283,0.00037
0.00090,0.81638,0.03001,0.15271
0.50439,0.37083,0.10756,0.01721
0.05641,0.74932,0.19357,0.00070
0.14702,0.61888,0.14147,0.09263
0.35859,0.45848,0.11247,0.07045
0.17128,0.76102,0.00256,0.06514
0.00156,0.91886,0.06960,0.00999
0.46315,0.52434,0.01158,0.00092
0.48480,0.25817,0.25624,0.00078
0.00773,0.37785,0.61202,0.00239
0.07088,0.64050,0.21799,0.07063
0.09093,0.74428,0.13823,0.02655
0.11293,0.65627,0.23065,0.00016
0.08922,0.69308,0.18531,0.03240
0.13697,0.25964,0.25640,0.34699
0.32382,0.66725,0.00715,0.00178
0.20589,0.33359,0.27884,0.18167
0.21878,0.35591,0.07842,0.34689
0.00001,0.73206,0.05884,0.20910
0.04345,0.75142,0.19754,0.00760
0.04430,0.38713,0.53344,0.03513
0.11872,0.56275,0.30416,0.01437
0.08225,0.82808,0.08144,0.00823
0.23462,0.56954,0.12724,0.06861
0.21145,0.33482,0.42318,0.03054
0.00098,0.60107,0.11458,0.28337
0.00426,0.78494,0.20703,0.00376
0.00873,0.55904,0.43099,0.00124
0.07086,0.70857,0.16029,0.06028
0.00288,0.63918,0.17470,0.18324
0.19498,0.63164,0.14577,0.02761
0.03228,0.51050,0.02175,0.43547
0.13914,0.76849,0.02991,0.06246
0.54793,0.39215,0.00155,0.05837
0.09377,0.55685,0.34690,0.00248
0.02419,0.72444,0.20525,0.04611
0.06609,0.72644,0.07420,0.13327
0.07173,0.48330,0.42572,0.01924
0.04274,0.92794,0.00039,0.02893
0.01785,0.90017,0.04660,0.03538
0.02891,0.48838,0.14668,0.33603
0.29077,0.40160,0.09627,0.21136
0.43441,0.33085,0.22202,0.01272
0.13569,0.65879,0.19854,0.00698
0.16158,0.70172,0.01325,0.12345
0.00191,0.54340,0.30956,0.14513
0.01292,0.61361,0.30460,0.06887
0.35173,0.55216,0.03926,0.05684
0.00019,0.56352,0.20256,0.23373
0.31868,0.34799,0.06470,0.26863
0.04405,0.46635,0.15934,0.33026
0.04544,0.74263,0.09180,0.12012
0.00119,0.49021,0.19592,0.31268
0.03331,0.65610,0.30754,0.00304
0.12619,0.86859,0.00076,0.00446
0.00814,0.93625,0.04174,0.01387
0.10273,0.68454,0.20960,0.00314
0.22718,0.49765,0.03488,0.24030
0.08387,0.59248,0.12497,0.19868
0.03523,0.86341,0.07877,0.02259
0.13484,0.42319,0.14564,0.29632
0.49292,0.46327,0.02127,0.02254
0.40436,0.30041,0.29410,0.00114
0.38201,0.51150,0.02421,0.08228
0.03359,0.67674,0.28966,0.00000
0.00323,0.80547,0.07568,0.11562
0.31772,0.46644,0.17083,0.04501
0.32123,0.59635,0.06537,0.01705
0.20849,0.66016,0.12613,0.00522
0.00227,0.73432,0.24938,0.01403
0.06823,0.93109,0.00027,0.00041
0.00202,0.90599,0.01326,0.07873
0.00690,0.85469,0.13824,0.00017
0.16495,0.72293,0.00808,0.10403
0.24404,0.30564,0.43847,0.01185
0.19712,0.58041,0.14743,0.07504
0.15236,0.64818,0.03680,0.16266
0.22019,0.52122,0.15641,0.10217
0.17184,0.77616,0.01993,0.03208
0.15511,0.43975,0.22246,0.18268
0.18140,0.67833,0.08496,0.05531
0.03244,0.75073,0.21396,0.00286
0.02698,0.76923,0.14098,0.06282
0.02932,0.96979,0.00088,0.00001
0.00470,0.97677,0.01389,0.00463
0.03448,0.80479,0.12069,0.04004
0.01135,0.69293,0.21608,0.07963
0.08139,0.50376,0.00248,0.41237
0.00573,0.96670,0.02309,0.00448
0.08801,0.65961,0.00716,0.24521
0.00200,0.54762,0.07880,0.37158
0.41707,0.18639,0.35866,0.03788
0.01594,0.64547,0.19230,0.14629
0.05975,0.75097,0.18568,0.00360
0.11106,0.65170,0.11810,0.11914
0.25863,0.63893,0.08528,0.01715
0.11622,0.26720,0.33263,0.28396
0.02028,0.88710,0.00441,0.08821
0.05779,0.33935,0.06177,0.54109
0.00534,0.30336,0.35140,0.33990
0.00894,0.87849,0.01401,0.09856
0.15371,0.52783,0.30397,0.01449
0.00017,0.97750,0.00057,0.02177
0.00285,0.39102,0.45541,0.15072
0.05684,0.17900,0.61265,0.15151
0.10415,0.53723,0.16688,0.19174
0.06193,0.90610,0.02956,0.00241
0.29293,0.64025,0.02952,0.03729
0.01338,0.90976,0.07383,0.00303
0.03488,0.93165,0.00088,0.03258
0.06603,0.32818,0.46086,0.14494
0.14673,0.33124,0.12328,0.39875
0.07281,0.41557,0.08446,0.42716
0.16617,0.76449,0.00677,0.06256
0.00512,0.61679,0.20228,0.17580
0.01271,0.91290,0.05046,0.02394
0.26368,0.59214,0.14391,0.00027
0.41003,0.35336,0.22815,0.00846
0.00049,0.56854,0.42983,0.00113
0.00650,0.96583,0.01016,0.01751
0.11668,0.77156,0.11166,0.00011
0.37072,0.30536,0.12251,0.20142
0.03993,0.83898,0.02012,0.10098
0.23143,0.15677,0.60950,0.00230
0.00704,0.90951,0.03941,0.04405
0.00907,0.45163,0.51279,0.02651
0.26639,0.66685,0.04731,0.01944
0.09836,0.85941,0.02747,0.01476
0.01873,0.52062,0.10994,0.35070
0.00243,0.88057,0.05534,0.06166
0.02024,0.85365,0.02330,0.10280
0.25141,0.66429,0.02618,0.05812
0.14547,0.84153,0.01128,0.00172
0.28275,0.34139,0.02251,0.35336
0.37836,0.52942,0.08552,0.00670
0.29632,0.61607,0.08110,0.00651
0.03793,0.79992,0.10763,0.05452
0.50137,0.38152,0.03329,0.08382
0.39147,0.21531,0.37244,0.02077
0.21020,0.51715,0.27257,0.00008
0.05809,0.88234,0.04854,0.01102
0.14973,0.65780,0.03603,0.15644
0.22675,0.63461,0.09000,0.04864
0.28526,0.46725,0.10317,0.14432
0.28937,0.61812,0.05274,0.03977
0.37810,0.56857,0.05325,0.00008
0.00304,0.44667,0.01782,0.53248
0.09770,0.63593,0.23333,0.03304
0.00041,0.14543,0.74721,0.10695
0.18238,0.78902,0.00972,0.01887
0.15164,0.21902,0.15986,0.46948
0.00098,0.60186,0.25396,0.14320
0.43864,0.49558,0.03729,0.02850
0.00044,0.51606,0.00139,0.48210
0.24315,0.62079,0.06524,0.07082
0.06310,0.56978,0.34966,0.01746
0.44479,0.39107,0.16121,0.00293
0.21335,0.58712,0.10816,0.09137
0.11688,0.78402,0.05127,0.04783
0.27876,0.62683,0.09441,0.00000
0.01696,0.98020,0.00282,0.00002
0.06270,0.89484,0.02524,0.01721
0.01447,0.77688,0.14578,0.06288
0.51169,0.17776,0.30736,0.00319
0.03547,0.24898,0.56485,0.15071
0.09172,0.39387,0.31125,0.20316
0.32120,0.48265,0.19175,0.00440
0.31069,0.37371,0.23551,0.08008
0.26939,0.64327,0.05921,0.02813
0.00542,0.94475,0.04690,0.00292
0.32670,0.52628,0.11995,0.02707
0.19014,0.47012,0.28710,0.05264
0.22283,0.50399,0.26828,0.00490
0.12744,0.58532,0.26219,0.02506
0.11662,0.71580,0.16296,0.00462
0.12631,0.84973,0.01877,0.00519
0.01893,0.75207,0.14963,0.07936
0.06500,0.45862,0.43241,0.04397
0.00612,0.89003,0.09362,0.01022
0.09811,0.79023,0.02032,0.09134
0.26657,0.71086,0.02208,0.00050
0.05784,0.30591,0.62685,0.00940
0.44964,0.52470,0.02119,0.00448
0.27801,0.62268,0.08907,0.01025
0.03280,0.15812,0.27046,0.53862
0.09483,0.83505,0.03272,0.03740
0.16759,0.62668,0.14940,0.05634
0.07766,0.81959,0.08137,0.02137
0.16751,0.32645,0.05618,0.44986
0.28757,0.39934,0.10624,0.20685
0.23337,0.72532,0.04124,0.00007
0.15235,0.73962,0.09495,0.01308
0.00462,0.69822,0.26252,0.03464
0.10062,0.79478,0.09482,0.00979
0.12811,0.30000,0.28927,0.28262
0.05338,0.70736,0.04319,0.19607
0.09341,0.57867,0.27635,0.05157
0.02130,0.51537,0.02804,0.43529
0.37349,0.40422,0.02791,0.19438
0.12659,0.83402,0.03935,0.00004
0.00490,0.88061,0.06379,0.05070
0.14185,0.74807,0.03971,0.07037
0.02568,0.88282,0.08417,0.00734
0.17274,0.82056,0.00056,0.00614
0.05171,0.83534,0.11163,0.00132
0.04737,0.50092,0.14593,0.30578
0.04763,0.94508,0.00729,0.00000
0.14898,0.51176,0.33898,0.00028
0.00851,0.53514,0.35466,0.10170
0.35458,0.39564,0.03033,0.21946
0.01832,0.30327,0.20169,0.47672
0.07130,0.66375,0.26477,0.00017
0.05747,0.64227,0.08216,0.21810
0.02238,0.92903,0.01898,0.02962
0.58672,0.27038,0.14259,0.00032
0.03216,0.61822,0.01170,0.33792
0.31600,0.25380,0.03817,0.39203
0.23551,0.70114,0.04432,0.01902
0.10725,0.73838,0.12368,0.03069
0.00998,0.48997,0.25302,0.24702
0.00000,0.94879,0.02427,0.02694
0.01875,0.75413,0.15630,0.07082
0.21711,0.50103,0.09456,0.18730
0.01152,0.76836,0.21999,0.00012
0.17155,0.13411,0.37921,0.31513
0.01012,0.81015,0.11208,0.06765
0.02715,0.90121,0.00484,0.06680
0.00011,0.45203,0.43861,0.10925
0.13719,0.49060,0.32362,0.04858
0.06930,0.67440,0.25600,0.00029
0.04533,0.73876,0.11700,0.09890
0.16677,0.80044,0.01138,0.02141
0.03410,0.38207,0.58308,0.00075
0.01998,0.72817,0.14234,0.10951
0.18473,0.72625,0.05708,0.03194
0.05398,0.74673,0.19036,0.00893
