0.05858,0.19279,0.07014,0.02576,0.17460,0.07940,0.01839,0.01929,0.04806,0.02349,0.07697,0.09253,0.03123,0.01727,0.01119,0.01158,0.01410,0.00934,0.00843,0.01688
0.06628,0.16720,0.08979,0.04255,0.13963,0.09632,0.03409,0.02989,0.05588,0.03333,0.06067,0.05999,0.02154,0.01898,0.01402,0.01179,0.01633,0.01360,0.01043,0.01769
0.05249,0.13928,0.07451,0.02916,0.10380,0.09043,0.02124,0.02133,0.05285,0.02751,0.10789,0.12615,0.03516,0.01979,0.01963,0.01633,0.01779,0.01355,0.01006,0.02104
0.04760,0.12698,0.07002,0.02463,0.09418,0.07580,0.02439,0.02563,0.04503,0.02696,0.13941,0.14899,0.02544,0.02097,0.02131,0.01379,0.01864,0.01519,0.01329,0.02176
0.05832,0.16353,0.08782,0.02928,0.12500,0.15825,0.02754,0.02476,0.04567,0.02768,0.03991,0.04476,0.02179,0.03019,0.01718,0.01856,0.02260,0.01642,0.01080,0.02995
0.07755,0.20563,0.11449,0.02325,0.15393,0.11005,0.02337,0.02069,0.05523,0.02666,0.03364,0.04057,0.02155,0.01505,0.01597,0.00966,0.01300,0.01055,0.01000,0.01918
0.06239,0.22826,0.06301,0.02870,0.19398,0.07465,0.02246,0.02134,0.05335,0.02425,0.04127,0.05289,0.02583,0.01786,0.01838,0.01285,0.01584,0.01483,0.00964,0.01822
0.07352,0.15465,0.07919,0.04141,0.12732,0.08756,0.02353,0.03097,0.06525,0.03253,0.07303,0.07964,0.02297,0.01797,0.01836,0.01671,0.01650,0.01179,0.01128,0.01583
0.06872,0.18606,0.07936,0.02575,0.16136,0.08907,0.01838,0.02425,0.06197,0.02726,0.06635,0.07595,0.02552,0.01791,0.01266,0.01068,0.01454,0.01064,0.00792,0.01564
0.04604,0.18341,0.07769,0.02010,0.15501,0.07329,0.01532,0.01423,0.04104,0.01846,0.04017,0.13586,0.10966,0.01120,0.01027,0.00956,0.01075,0.00844,0.00715,0.01236
0.06726,0.15483,0.11379,0.03669,0.11061,0.11957,0.02090,0.02370,0.06896,0.02439,0.05225,0.08150,0.04307,0.01469,0.01056,0.01072,0.01375,0.01030,0.00737,0.01510
0.04766,0.23065,0.08751,0.01785,0.19802,0.08028,0.01701,0.01754,0.04052,0.02033,0.07624,0.08200,0.01897,0.01238,0.00865,0.00815,0.01069,0.00820,0.00685,0.01052
0.04960,0.21166,0.08180,0.02671,0.17281,0.08426,0.01939,0.02390,0.04801,0.02840,0.06269,0.07866,0.02256,0.01549,0.01319,0.01139,0.01459,0.00999,0.00934,0.01555
0.06074,0.18052,0.10830,0.02939,0.13120,0.10478,0.02470,0.03043,0.05694,0.02977,0.04633,0.05070,0.02608,0.02205,0.01529,0.01356,0.02000,0.01506,0.01207,0.02211
0.04567,0.15250,0.08635,0.03187,0.12384,0.06623,0.02270,0.01979,0.04445,0.02591,0.08482,0.11445,0.04866,0.02185,0.01820,0.01523,0.02369,0.01946,0.01183,0.02249
0.04946,0.24708,0.09112,0.02697,0.21899,0.06375,0.01922,0.01834,0.04417,0.02430,0.04756,0.05145,0.01659,0.01570,0.01033,0.01120,0.01256,0.01012,0.00868,0.01243
0.08798,0.13814,0.07876,0.02526,0.10396,0.12977,0.02136,0.02708,0.06204,0.02803,0.07553,0.08704,0.02322,0.02215,0.01686,0.01278,0.01996,0.01042,0.01100,0.01866
0.04582,0.15417,0.07164,0.02394,0.11758,0.08336,0.01785,0.01644,0.04330,0.02239,0.15438,0.14776,0.01360,0.01605,0.01319,0.01089,0.01577,0.01092,0.00698,0.01394
0.06543,0.19578,0.09152,0.02993,0.15875,0.08928,0.02854,0.02701,0.06014,0.02885,0.04524,0.04084,0.01888,0.02461,0.01259,0.01255,0.02054,0.01442,0.01141,0.02370
0.05486,0.15213,0.08221,0.03926,0.12237,0.09719,0.03016,0.02760,0.06161,0.03691,0.05304,0.07690,0.03592,0.02651,0.01727,0.01786,0.02123,0.01705,0.01010,0.01982
0.05596,0.24813,0.07174,0.02203,0.21265,0.08093,0.01402,0.01554,0.04531,0.01803,0.06435,0.05936,0.01281,0.01377,0.01076,0.00954,0.01271,0.01159,0.00668,0.01408
0.06449,0.12244,0.10053,0.03273,0.09076,0.10472,0.02564,0.02748,0.05904,0.03843,0.09159,0.11011,0.02687,0.01629,0.01254,0.01281,0.02007,0.01508,0.01113,0.01726
0.05426,0.20817,0.11864,0.02814,0.15863,0.12645,0.02026,0.02226,0.04691,0.02381,0.03992,0.03983,0.01547,0.01946,0.01211,0.01074,0.01852,0.01250,0.00767,0.01624
0.07404,0.17534,0.06556,0.03146,0.16455,0.08963,0.02347,0.02609,0.04971,0.03247,0.07346,0.07147,0.01667,0.01854,0.01761,0.01276,0.01650,0.01156,0.01106,0.01804
0.06293,0.11888,0.06754,0.02464,0.08923,0.10581,0.02095,0.02365,0.05488,0.02102,0.14639,0.14104,0.01678,0.01951,0.01602,0.01196,0.02084,0.01191,0.00848,0.01754
0.03660,0.15100,0.08247,0.03258,0.12877,0.06040,0.02040,0.02126,0.04684,0.02542,0.11360,0.10779,0.01909,0.01981,0.02475,0.01715,0.02911,0.02288,0.01721,0.02288
0.05507,0.20056,0.08333,0.02724,0.17672,0.08272,0.01836,0.01954,0.04566,0.01995,0.07613,0.08459,0.02369,0.01341,0.01222,0.01087,0.01400,0.00993,0.01033,0.01565
0.05092,0.25528,0.09202,0.01860,0.21181,0.08768,0.01413,0.01757,0.04070,0.01783,0.05151,0.06550,0.01927,0.01011,0.00828,0.00645,0.00957,0.00754,0.00606,0.00917
0.06835,0.11148,0.07543,0.03073,0.07706,0.11472,0.02329,0.02733,0.05448,0.03753,0.10052,0.09227,0.02150,0.02392,0.02988,0.01757,0.02197,0.02438,0.01899,0.02860
0.07165,0.14334,0.10775,0.03945,0.11631,0.11779,0.03001,0.03655,0.06450,0.03513,0.05790,0.05594,0.01509,0.01865,0.01342,0.01664,0.01784,0.01472,0.01010,0.01722
0.06089,0.18507,0.09393,0.03941,0.12984,0.13332,0.03441,0.03056,0.06035,0.04231,0.03963,0.03697,0.01593,0.01650,0.01652,0.01219,0.01435,0.01445,0.00863,0.01474
0.05208,0.22212,0.06773,0.02240,0.19374,0.07617,0.01777,0.01820,0.04595,0.02135,0.06155,0.07432,0.02640,0.01828,0.01577,0.01024,0.01602,0.01073,0.00871,0.02047
0.05847,0.23164,0.07449,0.03342,0.20367,0.08420,0.02556,0.02186,0.05561,0.02301,0.02948,0.02680,0.01553,0.01855,0.01840,0.01031,0.02113,0.01267,0.01067,0.02453
0.06993,0.13446,0.09050,0.02864,0.09909,0.10224,0.01774,0.02174,0.06183,0.02416,0.10904,0.12190,0.02688,0.01584,0.01226,0.00972,0.01379,0.01338,0.00962,0.01724
0.06234,0.13754,0.07865,0.02789,0.10551,0.10436,0.01813,0.02451,0.05583,0.02572,0.06104,0.11540,0.05857,0.02377,0.02523,0.01361,0.01996,0.01195,0.01226,0.01771
0.03909,0.13093,0.05138,0.01839,0.11062,0.05350,0.01850,0.01761,0.03596,0.02117,0.19072,0.19668,0.01923,0.01850,0.01281,0.01182,0.01733,0.01162,0.00812,0.01601
0.06755,0.16675,0.09454,0.04263,0.13797,0.08710,0.03706,0.02976,0.07367,0.03979,0.03376,0.03692,0.02021,0.02372,0.01747,0.02295,0.01787,0.01551,0.01331,0.02145
0.08106,0.14868,0.06761,0.04300,0.13935,0.07835,0.03890,0.03920,0.07377,0.03838,0.06326,0.06148,0.01702,0.01929,0.01845,0.01168,0.01612,0.01620,0.01222,0.01599
0.04317,0.14821,0.07059,0.03961,0.14198,0.07274,0.03154,0.03600,0.06348,0.03783,0.05805,0.04865,0.02694,0.02939,0.02962,0.02238,0.02296,0.03131,0.01652,0.02902
0.07234,0.14707,0.11682,0.03843,0.09762,0.11675,0.02750,0.03279,0.06885,0.03431,0.05426,0.06554,0.02333,0.01979,0.01417,0.01264,0.01898,0.01185,0.01023,0.01673
0.04275,0.14490,0.05481,0.01921,0.11890,0.06573,0.01132,0.01645,0.03678,0.01761,0.04239,0.20015,0.15693,0.01182,0.01114,0.00973,0.01106,0.01182,0.00557,0.01092
0.04868,0.23566,0.07238,0.02545,0.21063,0.07708,0.01819,0.02184,0.04822,0.02327,0.04820,0.05007,0.01680,0.01723,0.01352,0.01339,0.01753,0.01782,0.00882,0.01523
0.06849,0.18762,0.08348,0.02565,0.13335,0.10885,0.01923,0.02243,0.05250,0.03594,0.08442,0.08259,0.01499,0.01544,0.01059,0.00856,0.01499,0.00920,0.00922,0.01246
0.06400,0.18589,0.12305,0.02909,0.13034,0.12475,0.02420,0.02639,0.05408,0.03347,0.03830,0.04271,0.02027,0.01788,0.01702,0.01184,0.01820,0.01116,0.01086,0.01651
0.04658,0.15210,0.07291,0.03346,0.13659,0.08498,0.02172,0.02825,0.05087,0.02783,0.09827,0.10953,0.02664,0.02052,0.01592,0.01273,0.01924,0.01328,0.01041,0.01816
0.07913,0.14460,0.12263,0.04224,0.12254,0.08811,0.01837,0.02011,0.07932,0.02544,0.07085,0.06803,0.01659,0.01785,0.01265,0.01231,0.01748,0.01365,0.01000,0.01811
0.06705,0.13346,0.09111,0.03561,0.10311,0.09695,0.03120,0.02955,0.05433,0.03386,0.08911,0.09574,0.02692,0.01948,0.01537,0.01070,0.02195,0.01328,0.01235,0.01887
0.05443,0.22312,0.06091,0.02061,0.20807,0.06785,0.01623,0.02154,0.04312,0.02410,0.08225,0.08755,0.01492,0.01124,0.01037,0.01225,0.01135,0.00983,0.00828,0.01199
0.04657,0.30979,0.07559,0.01737,0.22177,0.07599,0.01261,0.01357,0.03777,0.01400,0.05902,0.05761,0.00887,0.00925,0.00696,0.00703,0.00642,0.00634,0.00490,0.00856
0.06844,0.11983,0.11413,0.03852,0.09529,0.11354,0.02631,0.03245,0.06248,0.03194,0.07714,0.07647,0.02058,0.02267,0.01314,0.01656,0.01891,0.01677,0.01207,0.02276
0.06910,0.15721,0.10584,0.04224,0.12341,0.12172,0.02712,0.03000,0.07194,0.03566,0.05230,0.04441,0.01260,0.01962,0.01454,0.01550,0.01669,0.01199,0.01095,0.01716
0.05659,0.12810,0.09471,0.03558,0.08987,0.08418,0.02577,0.02528,0.07030,0.03224,0.07986,0.07570,0.02698,0.03298,0.03068,0.01738,0.03176,0.01669,0.01632,0.02905
0.07179,0.13642,0.09120,0.03507,0.08628,0.11612,0.03226,0.03681,0.07676,0.03757,0.04655,0.04964,0.02875,0.02552,0.01726,0.02082,0.02308,0.02245,0.01477,0.03088
0.05477,0.20718,0.06310,0.02659,0.17826,0.07274,0.01745,0.02329,0.04917,0.02006,0.07692,0.08804,0.02841,0.01700,0.01453,0.01274,0.01351,0.01178,0.00910,0.01535
0.05807,0.14378,0.07774,0.03567,0.11070,0.09991,0.02629,0.03108,0.06234,0.02516,0.07337,0.09033,0.03875,0.02226,0.01874,0.01676,0.01995,0.01398,0.01308,0.02204
0.09528,0.18555,0.14042,0.02831,0.11559,0.13755,0.02092,0.02006,0.05737,0.03038,0.03076,0.04749,0.02276,0.01172,0.00939,0.00836,0.01165,0.00827,0.00681,0.01137
0.07667,0.18061,0.10760,0.02719,0.17592,0.12292,0.01533,0.01977,0.05460,0.02320,0.05076,0.05281,0.01818,0.01382,0.01019,0.00871,0.01378,0.00930,0.00669,0.01196
0.05199,0.14403,0.08667,0.03785,0.10898,0.09229,0.02752,0.03481,0.05977,0.03318,0.06874,0.06605,0.02347,0.03168,0.02392,0.01834,0.02872,0.02037,0.01418,0.02743
0.05718,0.20990,0.09069,0.03792,0.18496,0.10115,0.02753,0.03285,0.05652,0.02794,0.02910,0.03053,0.01725,0.01853,0.01413,0.01334,0.01511,0.01268,0.00908,0.01359
0.08344,0.17089,0.11704,0.03009,0.10721,0.13683,0.02296,0.02694,0.07579,0.02741,0.04598,0.04878,0.02026,0.01509,0.01111,0.01046,0.01361,0.01166,0.00868,0.01578
0.04939,0.16900,0.07961,0.02594,0.14665,0.08178,0.01585,0.01987,0.04233,0.02469,0.07546,0.11416,0.04542,0.01969,0.01486,0.01299,0.02099,0.01220,0.00987,0.01925
0.05991,0.17588,0.07605,0.02843,0.13012,0.09953,0.02202,0.02315,0.05177,0.02728,0.08993,0.08785,0.01778,0.01892,0.01778,0.01362,0.01637,0.01163,0.00964,0.02234
0.06587,0.11497,0.08902,0.03458,0.09270,0.09570,0.02559,0.03367,0.06354,0.03109,0.06832,0.09597,0.05087,0.02329,0.01999,0.01633,0.02483,0.01738,0.01383,0.02248
0.06861,0.18710,0.13074,0.02523,0.13149,0.14327,0.01875,0.02355,0.05930,0.02459,0.04699,0.04654,0.01404,0.01299,0.01160,0.00934,0.01420,0.01136,0.00811,0.01220
0.06557,0.21212,0.09487,0.03071,0.18197,0.10086,0.01790,0.01976,0.05138,0.02149,0.03821,0.03876,0.01870,0.02054,0.01897,0.01138,0.01494,0.01205,0.01113,0.01869
0.04881,0.20574,0.04438,0.02255,0.20637,0.06365,0.01693,0.02379,0.04554,0.01946,0.07260,0.05467,0.01836,0.02953,0.01478,0.01926,0.02833,0.02072,0.01290,0.03164
0.06667,0.15339,0.08036,0.03808,0.12794,0.09613,0.02649,0.03260,0.05436,0.03054,0.08374,0.07966,0.01770,0.02073,0.01440,0.01678,0.02007,0.01497,0.00935,0.01604
0.06108,0.18533,0.09367,0.03555,0.13923,0.10354,0.03465,0.03108,0.06635,0.03557,0.03248,0.03879,0.02341,0.02116,0.01721,0.01377,0.02072,0.01699,0.01014,0.01929
0.05516,0.22944,0.09113,0.02838,0.19035,0.08271,0.02410,0.02201,0.04667,0.02348,0.03503,0.03264,0.01799,0.02054,0.01822,0.01619,0.01855,0.01390,0.01312,0.02040
0.05315,0.17919,0.07638,0.03271,0.13802,0.08276,0.02316,0.02260,0.05459,0.02673,0.10396,0.10014,0.00999,0.01849,0.01413,0.01401,0.01204,0.01339,0.00823,0.01633
0.05885,0.20059,0.07568,0.03136,0.16816,0.08597,0.02101,0.02120,0.05338,0.02223,0.06922,0.07110,0.02279,0.01699,0.01246,0.01090,0.01750,0.01347,0.01019,0.01694
0.06321,0.18820,0.10507,0.03156,0.14673,0.11565,0.02442,0.02470,0.05800,0.02674,0.05941,0.05678,0.01639,0.01640,0.01069,0.00874,0.01331,0.01080,0.00810,0.01508
0.07796,0.20229,0.08160,0.03120,0.18136,0.07962,0.01786,0.01805,0.06463,0.02486,0.05588,0.06360,0.01772,0.01576,0.01137,0.00905,0.01430,0.00960,0.00732,0.01597
0.05605,0.10884,0.08648,0.03490,0.08250,0.09636,0.02637,0.03019,0.05933,0.03953,0.11592,0.11300,0.02101,0.02383,0.01536,0.01436,0.02486,0.01474,0.01190,0.02445
0.03550,0.22123,0.07553,0.02216,0.19308,0.05533,0.01287,0.01514,0.03399,0.01582,0.11240,0.12217,0.01922,0.00912,0.00993,0.00720,0.01039,0.00759,0.01004,0.01130
0.05797,0.11666,0.08856,0.03573,0.09056,0.09586,0.02260,0.02885,0.05564,0.03387,0.10666,0.11997,0.02727,0.01935,0.01525,0.01479,0.02302,0.01399,0.01246,0.02095
0.06721,0.15379,0.11743,0.03263,0.10911,0.11911,0.02455,0.02380,0.05793,0.02550,0.06708,0.07415,0.02293,0.01921,0.01519,0.01203,0.01878,0.01040,0.01027,0.01888
0.06240,0.23146,0.10897,0.02512,0.18163,0.10710,0.02327,0.02001,0.05397,0.02178,0.03176,0.03258,0.01343,0.01579,0.01194,0.01284,0.01495,0.00961,0.00858,0.01280
0.06849,0.18247,0.09966,0.02656,0.13954,0.10723,0.02091,0.02107,0.05167,0.02507,0.07013,0.07269,0.01570,0.01562,0.01464,0.01274,0.01458,0.01087,0.01044,0.01991
0.06131,0.16456,0.09944,0.03147,0.12824,0.10185,0.02583,0.03430,0.06215,0.02985,0.05880,0.05611,0.02012,0.02104,0.01657,0.01704,0.02232,0.01748,0.01083,0.02068
0.04943,0.18422,0.05746,0.02659,0.16088,0.07658,0.01644,0.01787,0.04249,0.01970,0.12886,0.12401,0.01469,0.01406,0.01256,0.00846,0.01253,0.01220,0.00708,0.01388
0.06827,0.16381,0.11656,0.03158,0.10984,0.15142,0.02424,0.02421,0.06199,0.02563,0.04548,0.05582,0.02603,0.01500,0.01282,0.01312,0.01478,0.01333,0.00873,0.01733
0.06474,0.21261,0.08592,0.03962,0.19441,0.07169,0.02143,0.02360,0.06247,0.03039,0.04569,0.05135,0.01664,0.01458,0.01132,0.01054,0.01532,0.00914,0.00732,0.01124
0.06796,0.15875,0.08598,0.03297,0.12438,0.09840,0.02331,0.02730,0.05483,0.02862,0.05701,0.05739,0.02681,0.02955,0.02612,0.01648,0.02681,0.01568,0.01415,0.02750
0.07846,0.15004,0.10873,0.04098,0.13293,0.08882,0.02630,0.02114,0.07733,0.02735,0.07693,0.07186,0.01268,0.01330,0.01216,0.00916,0.01671,0.01106,0.00822,0.01582
0.06777,0.14791,0.08505,0.03636,0.13034,0.10034,0.03533,0.03061,0.07003,0.04015,0.05506,0.05285,0.01801,0.02302,0.01893,0.01607,0.02292,0.01534,0.01158,0.02233
0.06025,0.19945,0.07563,0.03580,0.16880,0.08658,0.02999,0.03259,0.06343,0.02970,0.04583,0.04760,0.02069,0.01702,0.01473,0.01380,0.01676,0.01442,0.01180,0.01513
0.06831,0.17711,0.10295,0.03645,0.13960,0.11096,0.02548,0.02951,0.06639,0.03524,0.03850,0.03806,0.02010,0.01659,0.01795,0.01240,0.01728,0.01397,0.01290,0.02025
0.04767,0.21261,0.08354,0.02843,0.17280,0.08457,0.02073,0.02409,0.05559,0.03514,0.06489,0.06173,0.01352,0.01832,0.01219,0.01219,0.01612,0.01114,0.01065,0.01409
0.05645,0.19704,0.08962,0.02386,0.18440,0.09393,0.01874,0.01863,0.05096,0.02480,0.05644,0.07952,0.02952,0.01332,0.01065,0.01009,0.01221,0.00920,0.00695,0.01366
0.06672,0.12365,0.07988,0.03586,0.09883,0.09907,0.03162,0.03456,0.07178,0.04673,0.06825,0.06469,0.02377,0.02693,0.02170,0.01812,0.02265,0.02404,0.01655,0.02461
0.07306,0.25405,0.11972,0.01568,0.18722,0.11400,0.01216,0.01388,0.04090,0.01171,0.03317,0.04026,0.01762,0.01221,0.00921,0.00792,0.01318,0.00589,0.00541,0.01279
0.05175,0.22703,0.07934,0.02855,0.16867,0.09943,0.01851,0.02248,0.04881,0.02479,0.03078,0.05119,0.04128,0.01666,0.01962,0.01262,0.01641,0.01167,0.01246,0.01796
0.05897,0.17002,0.08551,0.02327,0.16537,0.08503,0.01955,0.01955,0.04849,0.02776,0.06302,0.09585,0.04604,0.01469,0.01357,0.01236,0.01419,0.01019,0.01044,0.01614
0.08145,0.16620,0.13405,0.03310,0.10762,0.13312,0.01926,0.02467,0.06044,0.02699,0.05432,0.05275,0.01173,0.01833,0.01357,0.01262,0.01509,0.01135,0.00832,0.01501
0.06847,0.17335,0.08053,0.03021,0.14399,0.09954,0.02590,0.02610,0.05750,0.02591,0.06412,0.08701,0.03198,0.01407,0.01231,0.00973,0.01493,0.01024,0.00927,0.01484
0.12054,0.17337,0.12810,0.02781,0.09676,0.18028,0.01799,0.01666,0.06913,0.03010,0.03203,0.03940,0.00890,0.01084,0.00757,0.00639,0.01008,0.00783,0.00526,0.01096
0.08442,0.11521,0.09680,0.04100,0.08477,0.14208,0.02510,0.03232,0.06615,0.04752,0.05586,0.05922,0.02336,0.01798,0.01556,0.01627,0.01637,0.02044,0.01764,0.02193
0.05831,0.13901,0.07951,0.03347,0.11518,0.08987,0.02836,0.03661,0.05850,0.03824,0.08299,0.09129,0.02429,0.01907,0.02451,0.01393,0.02183,0.01343,0.01330,0.01829
0.06117,0.18590,0.15690,0.03748,0.10145,0.14068,0.02113,0.02310,0.06690,0.02868,0.03005,0.03254,0.01841,0.01530,0.01374,0.00945,0.01737,0.01106,0.01140,0.01729
0.05367,0.18692,0.06858,0.03498,0.15372,0.08451,0.02582,0.02671,0.05117,0.03005,0.05946,0.07000,0.03316,0.02186,0.01412,0.01734,0.02335,0.01314,0.01100,0.02042
0.05774,0.21149,0.06688,0.02343,0.19286,0.07242,0.01949,0.02123,0.04849,0.02488,0.07987,0.08783,0.02002,0.01255,0.01089,0.00838,0.01315,0.00880,0.00714,0.01247
0.06998,0.20111,0.07309,0.02683,0.17992,0.09645,0.01955,0.02422,0.05594,0.02607,0.04666,0.04891,0.02438,0.01905,0.01867,0.01258,0.01524,0.01264,0.00954,0.01918
0.07362,0.21345,0.09744,0.02940,0.17524,0.10710,0.02250,0.02213,0.06131,0.02767,0.03444,0.03452,0.01534,0.01547,0.01456,0.01130,0.01098,0.00969,0.00782,0.01600
0.06753,0.19947,0.10830,0.02990,0.15481,0.11640,0.02133,0.02625,0.06944,0.02812,0.03530,0.03946,0.01722,0.01586,0.01133,0.00985,0.01653,0.00908,0.01011,0.01371
0.04874,0.21925,0.07501,0.02624,0.18864,0.09524,0.01910,0.02144,0.04918,0.02490,0.05261,0.06441,0.02007,0.01723,0.01329,0.01123,0.01474,0.01190,0.00920,0.01756
0.07408,0.18733,0.10812,0.02915,0.13967,0.12009,0.02088,0.02519,0.06443,0.02837,0.04116,0.03953,0.01859,0.01873,0.01423,0.01356,0.01772,0.01392,0.01088,0.01437
0.06030,0.14802,0.07927,0.03974,0.12016,0.09274,0.02928,0.02915,0.06147,0.03109,0.06931,0.07377,0.02250,0.02298,0.01977,0.02212,0.02210,0.01948,0.01558,0.02116
0.06940,0.22899,0.08105,0.02420,0.20017,0.09881,0.01589,0.01792,0.05518,0.02100,0.05405,0.05438,0.01266,0.01244,0.00831,0.00915,0.01044,0.00845,0.00608,0.01143
0.06486,0.12049,0.09817,0.03889,0.08548,0.10293,0.02663,0.03331,0.06439,0.03632,0.04232,0.08677,0.06741,0.02254,0.02334,0.01729,0.01833,0.01334,0.01497,0.02220
0.05436,0.20292,0.10792,0.02520,0.15802,0.13522,0.01672,0.01588,0.04621,0.01947,0.05144,0.05811,0.02384,0.01377,0.01452,0.01118,0.01296,0.00899,0.00842,0.01484
0.05897,0.23561,0.05717,0.01753,0.20546,0.08098,0.01640,0.01608,0.04027,0.01942,0.07548,0.08596,0.01862,0.01233,0.01009,0.00978,0.01203,0.00831,0.00781,0.01172
0.05272,0.20914,0.09512,0.03086,0.16125,0.09258,0.02734,0.02557,0.05432,0.02900,0.04800,0.04091,0.01621,0.02226,0.01455,0.01331,0.02166,0.01650,0.00938,0.01931
0.07650,0.16809,0.08231,0.03376,0.14240,0.10416,0.02369,0.03293,0.06172,0.03794,0.03376,0.05802,0.03863,0.01880,0.01483,0.01193,0.02234,0.01221,0.00952,0.01646
0.07605,0.11944,0.11154,0.03681,0.07593,0.12453,0.03179,0.02982,0.07509,0.03283,0.07633,0.08275,0.02233,0.01760,0.01447,0.01163,0.01624,0.01369,0.01257,0.01854
0.05669,0.12484,0.09922,0.03190,0.10407,0.09622,0.02220,0.02486,0.04890,0.02605,0.10013,0.10192,0.02683,0.02309,0.01119,0.01755,0.02701,0.01666,0.01469,0.02598
0.05918,0.15523,0.10458,0.03143,0.11702,0.10515,0.02248,0.02213,0.05114,0.02265,0.04268,0.08563,0.06242,0.02073,0.01556,0.01395,0.02322,0.01439,0.01155,0.01888
0.05999,0.18241,0.08474,0.02702,0.14927,0.08817,0.02312,0.02525,0.05445,0.02869,0.07872,0.08447,0.01990,0.01614,0.01276,0.01057,0.01551,0.01368,0.00941,0.01572
0.04017,0.18022,0.04699,0.03176,0.16899,0.06037,0.02597,0.02915,0.04372,0.02597,0.07780,0.09530,0.04142,0.02313,0.02279,0.01514,0.01891,0.01503,0.01474,0.02243
0.07798,0.19631,0.11310,0.02759,0.15060,0.11735,0.01908,0.02248,0.06031,0.02712,0.03499,0.04434,0.01648,0.01603,0.01698,0.01002,0.01530,0.01036,0.00799,0.01558
0.06049,0.14987,0.09359,0.03061,0.13990,0.09254,0.01829,0.02423,0.05103,0.02202,0.07625,0.10130,0.03703,0.01890,0.01598,0.01160,0.01770,0.01165,0.01082,0.01622
0.06502,0.16608,0.08085,0.03781,0.12115,0.10258,0.02771,0.02896,0.06321,0.03219,0.04646,0.05446,0.02787,0.02207,0.02980,0.01732,0.01988,0.01571,0.01781,0.02306
0.08501,0.14717,0.09204,0.03358,0.12747,0.12207,0.02251,0.02714,0.06096,0.02852,0.05608,0.06052,0.02715,0.01554,0.01779,0.01393,0.01835,0.01377,0.01130,0.01909
0.06127,0.18544,0.08324,0.02638,0.14809,0.08873,0.02583,0.02554,0.05134,0.02857,0.06997,0.06820,0.01899,0.02038,0.01825,0.01251,0.02045,0.01396,0.01090,0.02195
0.07463,0.13068,0.07779,0.03779,0.10214,0.09758,0.02717,0.03235,0.07277,0.03025,0.09492,0.09281,0.01854,0.01657,0.01517,0.01416,0.01880,0.01669,0.01205,0.01713
0.04170,0.18141,0.06676,0.02841,0.14756,0.07640,0.02216,0.02321,0.04349,0.02261,0.07849,0.11426,0.05342,0.01947,0.01524,0.01170,0.01628,0.01116,0.01189,0.01438
0.06698,0.15451,0.08857,0.03778,0.12661,0.10051,0.02909,0.03159,0.06427,0.03722,0.04197,0.04878,0.03137,0.02522,0.01934,0.01857,0.02513,0.01891,0.01405,0.01953
0.05219,0.15580,0.09953,0.02414,0.12193,0.10468,0.01985,0.02310,0.04569,0.02558,0.08500,0.09695,0.03151,0.02230,0.01711,0.01415,0.01769,0.01507,0.01040,0.01732
0.05672,0.19689,0.09382,0.02615,0.15401,0.10870,0.02126,0.02134,0.05122,0.02280,0.02733,0.07950,0.06145,0.01442,0.01150,0.00881,0.01361,0.01002,0.00770,0.01274
0.05366,0.17971,0.07670,0.02423,0.13206,0.09149,0.01538,0.02140,0.05092,0.02166,0.11007,0.11764,0.01615,0.01719,0.01437,0.01038,0.01222,0.01068,0.00912,0.01497
0.05980,0.18280,0.11369,0.02979,0.12956,0.11671,0.02618,0.02367,0.05678,0.03228,0.05839,0.05655,0.01734,0.01695,0.01491,0.01193,0.01771,0.01115,0.00999,0.01382
0.05325,0.18584,0.08898,0.02938,0.16273,0.08594,0.02316,0.02346,0.04907,0.02478,0.07580,0.07025,0.01924,0.02031,0.01499,0.01309,0.01896,0.01312,0.00984,0.01782
0.04743,0.22802,0.09069,0.03015,0.17900,0.08328,0.01835,0.02336,0.04842,0.02394,0.07003,0.06723,0.01205,0.01246,0.01184,0.00926,0.01148,0.01170,0.00741,0.01389
0.05670,0.19394,0.06701,0.02100,0.15982,0.08635,0.01771,0.01694,0.04204,0.01699,0.10254,0.12122,0.02866,0.01309,0.01088,0.00796,0.01111,0.00780,0.00679,0.01145
0.07097,0.18814,0.08788,0.03068,0.15604,0.10288,0.02253,0.02513,0.05712,0.02604,0.04731,0.04944,0.02334,0.02123,0.01433,0.01175,0.01717,0.01637,0.00986,0.02179
0.04750,0.12543,0.07146,0.02455,0.09251,0.07400,0.01690,0.01987,0.04261,0.02114,0.06882,0.18497,0.12219,0.01798,0.01223,0.00897,0.01462,0.01126,0.00848,0.01452
0.07859,0.21794,0.09666,0.02364,0.18188,0.12267,0.01824,0.02014,0.05686,0.02063,0.02843,0.03022,0.01501,0.01536,0.01312,0.01214,0.01579,0.01053,0.00956,0.01258
0.06349,0.19053,0.10323,0.02916,0.14010,0.10820,0.02577,0.02870,0.06160,0.03023,0.04061,0.03723,0.02508,0.01984,0.01556,0.01424,0.01811,0.01714,0.01161,0.01958
0.07046,0.13085,0.06942,0.02616,0.10487,0.10266,0.01934,0.02603,0.05300,0.02552,0.11209,0.11464,0.02068,0.02559,0.01465,0.01460,0.02183,0.01478,0.01017,0.02268
0.05751,0.12689,0.07113,0.03264,0.09643,0.09248,0.02197,0.02468,0.05499,0.02862,0.11047,0.11894,0.02404,0.02459,0.02324,0.01440,0.02332,0.01643,0.01448,0.02277
0.06429,0.19324,0.08082,0.03620,0.14863,0.10713,0.02167,0.02635,0.06002,0.03004,0.04774,0.05181,0.02009,0.02328,0.01676,0.01112,0.01764,0.01392,0.00987,0.01937
0.05002,0.16366,0.09822,0.03076,0.12325,0.08139,0.02393,0.02485,0.05657,0.03184,0.08934,0.08390,0.01747,0.02314,0.01695,0.01529,0.01804,0.01615,0.01113,0.02411
0.06124,0.21781,0.08161,0.02284,0.19050,0.08984,0.01661,0.01990,0.05313,0.02148,0.04319,0.06438,0.03309,0.01606,0.01193,0.00999,0.01365,0.00982,0.00684,0.01609
0.05553,0.19930,0.08945,0.03515,0.14821,0.12073,0.02831,0.02585,0.05536,0.04260,0.03300,0.03142,0.01895,0.02345,0.01500,0.01269,0.01808,0.01054,0.01062,0.02576
0.04446,0.16916,0.09878,0.04196,0.12185,0.08097,0.03063,0.02555,0.06249,0.03376,0.06818,0.07793,0.02316,0.02029,0.02107,0.01597,0.01751,0.01378,0.01259,0.01988
0.06094,0.16337,0.12756,0.02581,0.11208,0.13677,0.02196,0.02566,0.05718,0.03268,0.03472,0.05701,0.04167,0.01476,0.01645,0.01539,0.01669,0.01132,0.01062,0.01738
0.08641,0.16222,0.11202,0.03227,0.13171,0.13535,0.02385,0.02710,0.07090,0.02874,0.03570,0.03814,0.02227,0.01779,0.01278,0.01149,0.01492,0.01090,0.00928,0.01619
0.06738,0.16476,0.08360,0.04390,0.13112,0.09753,0.03110,0.03468,0.06534,0.03450,0.04851,0.05449,0.02197,0.01986,0.01666,0.01890,0.01745,0.01467,0.01492,0.01866
0.06639,0.15679,0.07452,0.03438,0.12674,0.10282,0.02635,0.02842,0.05597,0.02797,0.04539,0.10202,0.06134,0.01830,0.01350,0.01127,0.01370,0.01148,0.01049,0.01215
0.05358,0.13647,0.08077,0.02745,0.10569,0.08211,0.01740,0.02201,0.05024,0.02311,0.09999,0.13521,0.05346,0.01976,0.01517,0.01222,0.01959,0.01549,0.00977,0.02050
0.07247,0.16596,0.10497,0.03835,0.12276,0.12515,0.02521,0.02793,0.06579,0.03256,0.04459,0.04440,0.01805,0.02007,0.01719,0.01215,0.01764,0.01365,0.01010,0.02100
0.05753,0.15716,0.09794,0.03659,0.11236,0.09256,0.02753,0.02549,0.05826,0.02730,0.08536,0.09267,0.02814,0.01536,0.01366,0.01449,0.02020,0.01220,0.00907,0.01611
0.05017,0.19576,0.06490,0.02972,0.18175,0.07466,0.02254,0.02332,0.05524,0.02405,0.06621,0.07075,0.02502,0.01772,0.01618,0.01224,0.02027,0.01821,0.01009,0.02120
0.06507,0.15818,0.09023,0.03040,0.14487,0.09713,0.02060,0.02347,0.06160,0.03113,0.06955,0.06542,0.01987,0.02541,0.01851,0.01645,0.01924,0.01305,0.01026,0.01956
0.05849,0.14695,0.06634,0.03526,0.11943,0.07831,0.03068,0.03158,0.06195,0.04201,0.05863,0.07241,0.03760,0.02408,0.02899,0.01740,0.02038,0.01892,0.02108,0.02950
0.04867,0.17530,0.06020,0.02886,0.14083,0.07812,0.01990,0.02314,0.04421,0.03319,0.07096,0.10070,0.04919,0.02301,0.01858,0.01444,0.02080,0.02057,0.01075,0.01858
0.07087,0.25041,0.06748,0.02587,0.22509,0.07962,0.01910,0.01986,0.06083,0.02255,0.03383,0.04251,0.01825,0.01142,0.00923,0.00832,0.00918,0.00904,0.00611,0.01044
0.06198,0.20638,0.10402,0.03068,0.17075,0.10238,0.02384,0.02257,0.05833,0.02477,0.04250,0.04150,0.01720,0.01573,0.01469,0.01088,0.01598,0.01305,0.00817,0.01460
0.06038,0.13107,0.08561,0.03377,0.10627,0.06920,0.01971,0.02106,0.06050,0.02531,0.12031,0.12498,0.02707,0.01581,0.01976,0.01389,0.02056,0.01196,0.01284,0.01994
0.04546,0.15617,0.07087,0.02705,0.13668,0.06750,0.03034,0.02379,0.04543,0.02889,0.10861,0.10845,0.02550,0.02295,0.01517,0.01829,0.01810,0.01710,0.01069,0.02296
0.06027,0.10896,0.06963,0.03512,0.10765,0.08681,0.03210,0.03252,0.05712,0.03789,0.05286,0.04750,0.03299,0.03168,0.05798,0.02297,0.02367,0.02555,0.03298,0.04377
0.05832,0.16742,0.07924,0.03589,0.13787,0.08029,0.02141,0.02514,0.05381,0.03317,0.07179,0.07025,0.02150,0.02751,0.02193,0.01574,0.02058,0.01593,0.01279,0.02945
0.06515,0.20989,0.08857,0.04179,0.14752,0.13454,0.02149,0.02227,0.07735,0.02911,0.02034,0.03254,0.02546,0.01548,0.01151,0.01126,0.01344,0.01183,0.00813,0.01232
0.05860,0.19068,0.07983,0.02368,0.15398,0.10078,0.01981,0.02298,0.05165,0.02377,0.04914,0.07672,0.04367,0.01612,0.01833,0.01142,0.01726,0.01314,0.01115,0.01730
0.06716,0.20436,0.08889,0.02616,0.17325,0.10204,0.02182,0.02573,0.05816,0.03470,0.04281,0.04211,0.01520,0.01757,0.01217,0.01147,0.01878,0.01233,0.00804,0.01725
0.06653,0.13032,0.07591,0.03661,0.11945,0.09494,0.02607,0.03065,0.06527,0.03862,0.07899,0.06806,0.02039,0.02994,0.01905,0.01544,0.02782,0.01998,0.01189,0.02407
0.06142,0.18086,0.09526,0.02960,0.14417,0.10582,0.02465,0.02596,0.06306,0.03237,0.04841,0.05521,0.02534,0.01854,0.01603,0.01440,0.01683,0.01231,0.01104,0.01870
0.06922,0.15607,0.11603,0.03891,0.11343,0.11987,0.03057,0.03470,0.06637,0.03716,0.04478,0.04390,0.01872,0.02103,0.01325,0.01568,0.01850,0.01393,0.01062,0.01725
0.04006,0.17186,0.06361,0.02498,0.12166,0.06220,0.01765,0.01695,0.03972,0.02093,0.16310,0.15436,0.01064,0.01788,0.01371,0.01075,0.01500,0.01114,0.00891,0.01490
0.05432,0.13749,0.08018,0.02987,0.11669,0.15283,0.02394,0.02110,0.04587,0.02895,0.05886,0.04242,0.01811,0.04462,0.01590,0.02368,0.03489,0.01725,0.01163,0.04142
0.04396,0.25414,0.08319,0.02294,0.21666,0.07068,0.01587,0.01445,0.03845,0.01821,0.05262,0.07308,0.02475,0.01423,0.01005,0.00805,0.01202,0.00682,0.00707,0.01276
0.05453,0.20264,0.07481,0.03009,0.17571,0.08036,0.01853,0.01987,0.04472,0.02613,0.08412,0.07884,0.01419,0.01651,0.01332,0.01176,0.01606,0.01285,0.00821,0.01675
0.07470,0.13106,0.07397,0.04126,0.12013,0.08972,0.02682,0.03187,0.06812,0.02996,0.07581,0.07388,0.02590,0.02661,0.01948,0.01513,0.02199,0.01573,0.01285,0.02502
0.09493,0.11645,0.07993,0.03223,0.10297,0.13457,0.02156,0.02762,0.06789,0.02597,0.07846,0.07435,0.01634,0.02417,0.01321,0.01407,0.02364,0.01676,0.01335,0.02154
0.08526,0.16253,0.06987,0.04356,0.15564,0.07879,0.03020,0.03951,0.08177,0.03733,0.05666,0.06233,0.01636,0.01909,0.01032,0.00890,0.00999,0.01003,0.00951,0.01236
0.06780,0.20339,0.10186,0.03345,0.15532,0.12209,0.02882,0.03217,0.06537,0.02903,0.02741,0.02945,0.01419,0.01679,0.01190,0.01192,0.01467,0.00955,0.01035,0.01449
0.07164,0.17811,0.11171,0.03288,0.12659,0.13467,0.02293,0.02495,0.06869,0.02581,0.05033,0.05563,0.01535,0.01573,0.01304,0.00977,0.01337,0.00979,0.00689,0.01213
0.07430,0.13324,0.08849,0.03679,0.10692,0.10065,0.03162,0.03016,0.07078,0.03602,0.07940,0.07983,0.01978,0.02037,0.01447,0.01432,0.01675,0.01497,0.01199,0.01914
0.04982,0.29465,0.05527,0.02350,0.27312,0.06977,0.01709,0.01726,0.03655,0.02051,0.03061,0.03462,0.01287,0.01025,0.00925,0.00796,0.01248,0.00799,0.00629,0.01014
0.05310,0.14930,0.07078,0.02581,0.10276,0.09641,0.02127,0.02051,0.04967,0.02776,0.12887,0.13639,0.02437,0.01597,0.01058,0.01146,0.01481,0.01272,0.00865,0.01882
0.06355,0.18474,0.08085,0.03929,0.14911,0.08439,0.02632,0.02935,0.06021,0.03223,0.04455,0.04347,0.02332,0.02240,0.02682,0.01809,0.01780,0.01545,0.01589,0.02219
0.06239,0.13459,0.11576,0.03741,0.09079,0.13539,0.03338,0.03639,0.06130,0.03388,0.04604,0.05005,0.02385,0.02488,0.01645,0.01869,0.02620,0.01954,0.01172,0.02131
0.05732,0.20430,0.09396,0.03148,0.16162,0.10691,0.01960,0.02482,0.05727,0.02555,0.04977,0.04733,0.01792,0.01848,0.01481,0.01061,0.01804,0.01202,0.00831,0.01989
0.06672,0.14546,0.07443,0.04939,0.14041,0.06379,0.02400,0.02796,0.06573,0.02677,0.05118,0.10345,0.06601,0.01665,0.01094,0.00993,0.01553,0.01262,0.01074,0.01829
0.06903,0.10703,0.06748,0.05817,0.11870,0.10149,0.03335,0.04416,0.07687,0.04968,0.05335,0.04826,0.02278,0.02947,0.01591,0.02056,0.02693,0.01565,0.01348,0.02765
0.05435,0.13257,0.07527,0.02824,0.11533,0.08081,0.02426,0.02582,0.05251,0.02882,0.10024,0.13783,0.04730,0.01605,0.01391,0.01208,0.01729,0.01208,0.00956,0.01569
0.08601,0.13089,0.11620,0.04019,0.11779,0.11785,0.03004,0.04013,0.07463,0.03732,0.03447,0.04618,0.02713,0.01491,0.01252,0.01414,0.01754,0.01206,0.01450,0.01549
0.06351,0.17090,0.08701,0.03579,0.14352,0.09769,0.02633,0.03009,0.05659,0.03264,0.06375,0.06366,0.01998,0.02102,0.01362,0.01333,0.01769,0.01353,0.01061,0.01873
0.06914,0.13441,0.07439,0.03562,0.10447,0.09758,0.02793,0.02617,0.05531,0.03001,0.06521,0.10043,0.05100,0.02134,0.01943,0.01621,0.02346,0.01385,0.01324,0.02079
0.05172,0.19128,0.06440,0.02630,0.17266,0.07039,0.01898,0.02144,0.05000,0.02126,0.11367,0.11325,0.01099,0.01483,0.00962,0.00836,0.01217,0.01033,0.00774,0.01060
0.04523,0.18550,0.06142,0.02879,0.16383,0.06802,0.02308,0.02089,0.04371,0.02616,0.09189,0.11024,0.03730,0.01515,0.01210,0.01141,0.01819,0.01141,0.00936,0.01630
0.06935,0.21832,0.08363,0.02378,0.17681,0.11254,0.01967,0.02150,0.05419,0.02290,0.04640,0.04308,0.01441,0.01718,0.01463,0.01116,0.01347,0.01173,0.00911,0.01614
0.05415,0.11135,0.07278,0.02459,0.07736,0.08793,0.01836,0.02500,0.04426,0.02092,0.04942,0.17701,0.14465,0.01475,0.01461,0.01210,0.01503,0.01010,0.00914,0.01650
0.04975,0.15277,0.07670,0.03499,0.12479,0.08823,0.02696,0.03292,0.05969,0.03245,0.09419,0.10498,0.01810,0.01842,0.01807,0.01230,0.01511,0.01072,0.01149,0.01738
0.04929,0.17050,0.05561,0.02173,0.14425,0.06622,0.02210,0.02087,0.04309,0.01576,0.14258,0.14636,0.02069,0.01340,0.01215,0.00912,0.01210,0.00974,0.00978,0.01467
0.05564,0.16242,0.05974,0.03114,0.14717,0.07741,0.02501,0.02697,0.04636,0.02688,0.09369,0.10494,0.02922,0.01870,0.01918,0.01438,0.01577,0.01405,0.01220,0.01914
0.05120,0.21174,0.07415,0.02583,0.17105,0.08209,0.02043,0.01804,0.04610,0.02082,0.06106,0.06744,0.02278,0.02115,0.02242,0.01399,0.01802,0.01464,0.01184,0.02522
0.04028,0.24659,0.05639,0.02192,0.22176,0.06370,0.01512,0.01587,0.04077,0.02050,0.06218,0.07518,0.02419,0.01834,0.01501,0.01076,0.01671,0.00973,0.00863,0.01636
0.06136,0.21845,0.08503,0.03285,0.18807,0.08741,0.02082,0.02961,0.06123,0.02687,0.02793,0.03475,0.02263,0.02003,0.01393,0.01199,0.01531,0.01111,0.01333,0.01728
0.06857,0.17297,0.09027,0.02207,0.12839,0.10369,0.01746,0.01870,0.05510,0.02377,0.09244,0.09383,0.01779,0.01545,0.01268,0.01481,0.01449,0.01162,0.00984,0.01605
0.05110,0.14053,0.07438,0.02616,0.12947,0.07874,0.02408,0.02353,0.04682,0.02826,0.06916,0.11159,0.05423,0.02731,0.02117,0.01694,0.02500,0.01415,0.01373,0.02364
0.05603,0.12779,0.07736,0.03167,0.09449,0.08669,0.02897,0.02934,0.05324,0.03175,0.11235,0.12247,0.02741,0.01820,0.01875,0.01457,0.01981,0.01443,0.01240,0.02227
0.05266,0.13754,0.08157,0.02841,0.10906,0.11758,0.01540,0.02031,0.04608,0.02751,0.09545,0.09000,0.02624,0.03337,0.01648,0.02158,0.02462,0.01505,0.01210,0.02898
0.06290,0.14633,0.07437,0.02588,0.12167,0.09354,0.02104,0.02421,0.05692,0.02502,0.10758,0.12564,0.03410,0.01291,0.01056,0.01154,0.01463,0.00940,0.00961,0.01216
0.06096,0.09856,0.09066,0.04162,0.07795,0.10062,0.03208,0.03696,0.07063,0.04142,0.05950,0.05141,0.03469,0.03631,0.02842,0.02342,0.03770,0.02121,0.02104,0.03486
0.05728,0.13973,0.08789,0.04384,0.12571,0.09419,0.02597,0.03271,0.06668,0.03508,0.05966,0.06936,0.02347,0.02583,0.01501,0.01728,0.02206,0.02207,0.01279,0.02339
0.04376,0.24738,0.06294,0.02748,0.21052,0.09442,0.02146,0.02204,0.03478,0.02479,0.03628,0.04731,0.02379,0.02342,0.01247,0.01465,0.01547,0.01249,0.00938,0.01516
0.05135,0.15391,0.07839,0.03620,0.13132,0.06606,0.02713,0.02926,0.05030,0.03192,0.06898,0.10204,0.05216,0.02062,0.01646,0.01493,0.02311,0.01346,0.01250,0.01991
0.05585,0.23744,0.09644,0.02308,0.20025,0.09311,0.01317,0.01746,0.03969,0.02729,0.05328,0.05872,0.01736,0.01106,0.00822,0.01071,0.01028,0.00846,0.00601,0.01212
0.06467,0.12964,0.09130,0.03054,0.11180,0.09785,0.02471,0.02962,0.06153,0.03148,0.07553,0.09400,0.03628,0.02349,0.01653,0.01264,0.02688,0.01233,0.01174,0.01743
0.07221,0.18113,0.10702,0.03784,0.13215,0.11446,0.02925,0.03346,0.06178,0.03874,0.03110,0.03780,0.01937,0.01852,0.01276,0.01454,0.02014,0.01112,0.01022,0.01639
0.06692,0.13850,0.12595,0.04080,0.09690,0.11795,0.03004,0.03000,0.07536,0.03453,0.04064,0.03829,0.02353,0.02675,0.02182,0.01657,0.02042,0.01702,0.01412,0.02387
0.06290,0.15089,0.07741,0.03265,0.12223,0.09601,0.02335,0.02539,0.05702,0.03205,0.05616,0.10038,0.05883,0.01929,0.01279,0.01223,0.01707,0.01679,0.00997,0.01658
0.05318,0.18179,0.08074,0.02730,0.15632,0.08403,0.01689,0.01973,0.04878,0.02134,0.09972,0.10075,0.01652,0.01643,0.01469,0.01118,0.01381,0.01103,0.00899,0.01676
0.05514,0.09604,0.08043,0.02760,0.06376,0.09331,0.02219,0.02020,0.05354,0.03313,0.09396,0.16192,0.07061,0.02121,0.02435,0.01471,0.01814,0.01401,0.01379,0.02195
0.07548,0.21711,0.05375,0.03163,0.20867,0.07733,0.02235,0.02606,0.04994,0.02988,0.04860,0.06017,0.02211,0.01331,0.01211,0.00964,0.01269,0.00912,0.00833,0.01170
0.07078,0.19762,0.07875,0.02924,0.15292,0.10290,0.02451,0.02668,0.05997,0.02456,0.03945,0.03945,0.02330,0.02474,0.01983,0.01554,0.02168,0.01601,0.01138,0.02071
0.07258,0.16632,0.09326,0.03924,0.12531,0.11162,0.02373,0.02508,0.07035,0.03474,0.05880,0.05631,0.01760,0.02237,0.01386,0.01200,0.01545,0.01375,0.01272,0.01490
0.06225,0.20333,0.08819,0.02738,0.17631,0.09531,0.01837,0.02122,0.05402,0.02362,0.05675,0.06562,0.01929,0.01395,0.01087,0.01146,0.01764,0.01117,0.00796,0.01526
0.07600,0.16597,0.10645,0.02764,0.12074,0.12300,0.01659,0.01903,0.05938,0.02257,0.06828,0.06955,0.01766,0.01600,0.01924,0.01401,0.01195,0.01466,0.00952,0.02175
0.05096,0.16402,0.07129,0.04498,0.15835,0.07657,0.03057,0.03434,0.06022,0.03698,0.04961,0.05104,0.03384,0.02301,0.01813,0.01604,0.02479,0.01881,0.01361,0.02283
0.04281,0.26051,0.05816,0.02490,0.23817,0.06610,0.01810,0.01942,0.04500,0.02305,0.03675,0.03149,0.01634,0.02447,0.01673,0.01762,0.01699,0.01569,0.01159,0.01611
0.06625,0.21781,0.08026,0.03556,0.19797,0.08674,0.02510,0.02623,0.06102,0.03164,0.03950,0.03866,0.01141,0.01334,0.01114,0.01403,0.01306,0.01075,0.00763,0.01192
0.06489,0.12174,0.07987,0.03446,0.09951,0.09054,0.03064,0.02944,0.06330,0.03326,0.07665,0.08129,0.02738,0.02536,0.02347,0.02143,0.02546,0.02929,0.01558,0.02644
0.06147,0.13485,0.08654,0.04255,0.11883,0.09536,0.03020,0.03211,0.05748,0.03165,0.06165,0.06965,0.03365,0.02828,0.01874,0.01740,0.02534,0.01465,0.01308,0.02653
0.07607,0.16896,0.08268,0.03530,0.12168,0.09714,0.02779,0.03378,0.06978,0.03287,0.06400,0.06512,0.01958,0.02087,0.01297,0.01155,0.01777,0.01453,0.01223,0.01533
0.09673,0.12760,0.07713,0.03456,0.11015,0.13561,0.02131,0.02605,0.06375,0.03589,0.06780,0.07494,0.02282,0.01944,0.01638,0.01423,0.01258,0.01344,0.01097,0.01860
0.07144,0.16414,0.08617,0.02973,0.11659,0.10614,0.02358,0.02778,0.06968,0.02889,0.06381,0.06861,0.01965,0.01908,0.01944,0.01474,0.02016,0.01659,0.01004,0.02373
0.05575,0.19094,0.07033,0.02218,0.15014,0.07898,0.01391,0.01821,0.04160,0.01687,0.11238,0.13455,0.02622,0.01115,0.00936,0.00881,0.01163,0.00853,0.00672,0.01173
0.07651,0.14299,0.08188,0.05176,0.11070,0.12243,0.03089,0.03434,0.06860,0.04351,0.03526,0.04918,0.03278,0.02174,0.01653,0.01414,0.01870,0.01397,0.01358,0.02051
0.03694,0.18844,0.05856,0.02030,0.16801,0.06350,0.01534,0.01582,0.03732,0.02294,0.12105,0.11584,0.02132,0.02592,0.01635,0.01094,0.02124,0.01175,0.00968,0.01874
0.05086,0.17209,0.09010,0.02701,0.14110,0.08995,0.02104,0.02382,0.05101,0.02333,0.06136,0.08134,0.04369,0.02318,0.01563,0.01589,0.02072,0.01566,0.00996,0.02227
0.06008,0.20826,0.10898,0.03531,0.15650,0.11533,0.02411,0.02288,0.07038,0.02679,0.04069,0.04667,0.01320,0.01327,0.01197,0.00751,0.01017,0.00828,0.00682,0.01279
0.04046,0.18829,0.08513,0.01851,0.15071,0.07918,0.01198,0.01548,0.04248,0.01496,0.13750,0.13770,0.01470,0.00957,0.00879,0.00791,0.01096,0.00854,0.00640,0.01076
0.05838,0.21854,0.08980,0.02926,0.17335,0.09058,0.02235,0.02557,0.04866,0.02493,0.04159,0.05401,0.02457,0.01486,0.01616,0.01226,0.01681,0.01339,0.00882,0.01613
0.05681,0.18303,0.08089,0.03606,0.15311,0.07922,0.03090,0.03037,0.05743,0.03440,0.04009,0.05256,0.03919,0.02175,0.01608,0.01819,0.02236,0.01628,0.01285,0.01844
0.06434,0.16381,0.07085,0.04135,0.14862,0.07685,0.03265,0.02482,0.05695,0.03743,0.07867,0.08196,0.01354,0.02055,0.01536,0.01535,0.01985,0.01126,0.01081,0.01500
0.05761,0.17966,0.10632,0.03602,0.14656,0.11733,0.02864,0.03168,0.05205,0.03060,0.04361,0.04138,0.01478,0.01831,0.01660,0.01409,0.02007,0.01418,0.01036,0.02016
0.06204,0.21029,0.08511,0.03962,0.16153,0.10365,0.02661,0.02740,0.05940,0.02643,0.03331,0.03290,0.01826,0.02174,0.01392,0.01537,0.01880,0.01426,0.01116,0.01820
0.04623,0.15630,0.05574,0.03254,0.14434,0.07891,0.02463,0.02784,0.05140,0.03070,0.10928,0.10777,0.02432,0.01856,0.01388,0.01402,0.01783,0.01392,0.01199,0.01981
0.06450,0.16076,0.08301,0.03330,0.14003,0.07874,0.02583,0.02376,0.05854,0.02910,0.07690,0.09954,0.03195,0.01496,0.01476,0.01223,0.01521,0.01172,0.00911,0.01603
0.03373,0.19566,0.04867,0.02431,0.18179,0.05825,0.01885,0.02397,0.04483,0.02389,0.10420,0.10710,0.01819,0.02049,0.01756,0.01423,0.02193,0.01140,0.01221,0.01874
0.04188,0.20384,0.07769,0.02101,0.15819,0.13851,0.01499,0.01786,0.03392,0.01993,0.05354,0.08859,0.03752,0.01921,0.01395,0.01196,0.01432,0.00968,0.00641,0.01701
0.03507,0.25311,0.05614,0.02319,0.21731,0.07371,0.01499,0.01813,0.03127,0.02308,0.06446,0.07803,0.02263,0.01570,0.01213,0.00950,0.01520,0.01232,0.00806,0.01598
0.14677,0.15085,0.09679,0.01940,0.12213,0.20297,0.01539,0.01813,0.06997,0.01874,0.02906,0.03532,0.01341,0.01084,0.00925,0.00826,0.00962,0.00724,0.00669,0.00920
0.06289,0.12890,0.08918,0.02715,0.09948,0.09621,0.01817,0.02308,0.05720,0.02253,0.12316,0.13448,0.02368,0.01518,0.01298,0.01020,0.01719,0.01168,0.01026,0.01639
0.04380,0.15245,0.05784,0.02995,0.12639,0.06639,0.02658,0.01968,0.04927,0.02443,0.09253,0.08382,0.02662,0.03589,0.03769,0.01794,0.02706,0.02537,0.01844,0.03783
0.04371,0.18217,0.05786,0.02268,0.17400,0.06252,0.02036,0.01665,0.04054,0.02102,0.12508,0.13537,0.01480,0.01589,0.01228,0.00921,0.01233,0.01190,0.00736,0.01428
0.07908,0.20075,0.09826,0.02803,0.14466,0.12071,0.02289,0.02043,0.06669,0.02409,0.04346,0.06138,0.02411,0.01070,0.01005,0.00798,0.01095,0.00878,0.00706,0.00996
0.06297,0.15433,0.08192,0.03029,0.12387,0.09609,0.02473,0.02547,0.05734,0.02490,0.06974,0.09826,0.04310,0.01674,0.01389,0.01527,0.01587,0.01440,0.01289,0.01792
