0.11156,0.09354,0.08975,0.09554,0.07846,0.49604,0.02024,0.01488
0.07516,0.10990,0.02280,0.08768,0.39267,0.03907,0.22132,0.05141
0.00729,0.02897,0.16085,0.01083,0.18708,0.26884,0.19099,0.14513
0.23503,0.02850,0.08385,0.03601,0.28204,0.16540,0.06525,0.10390
0.14998,0.01376,0.00511,0.03783,0.51845,0.07548,0.07261,0.12679
0.02541,0.11192,0.01747,0.03624,0.37330,0.17375,0.11778,0.14414
0.02710,0.02725,0.14495,0.02751,0.30399,0.14179,0.26877,0.05862
0.01935,0.02114,0.01316,0.03234,0.07519,0.11690,0.67054,0.05139
0.03644,0.06733,0.01407,0.04670,0.16399,0.19170,0.26328,0.21650
0.01757,0.01128,0.02325,0.01720,0.52924,0.30984,0.05568,0.03595
0.11666,0.06490,0.00875,0.08114,0.11964,0.21334,0.08447,0.31109
0.02678,0.04837,0.07686,0.02153,0.09488,0.14306,0.30108,0.28743
0.03453,0.04162,0.27567,0.04702,0.11771,0.25081,0.16014,0.07250
0.02543,0.10297,0.27953,0.03264,0.25359,0.10971,0.11532,0.08080
0.05468,0.02668,0.01932,0.03023,0.51783,0.08103,0.12513,0.14510
0.00610,0.03483,0.03768,0.02821,0.69145,0.07801,0.10723,0.01649
0.00613,0.04554,0.15230,0.01156,0.38553,0.07565,0.11490,0.20839
0.09685,0.15997,0.05374,0.04091,0.38857,0.13843,0.05857,0.06294
0.00875,0.05243,0.08839,0.02351,0.26843,0.30031,0.23222,0.02597
0.31005,0.00836,0.01407,0.14348,0.38361,0.07007,0.04035,0.03002
0.00490,0.01949,0.01103,0.00637,0.73859,0.14572,0.03843,0.03548
0.01603,0.01801,0.16633,0.07908,0.52788,0.11620,0.05681,0.01965
0.05977,0.04544,0.06966,0.01395,0.02925,0.72109,0.01227,0.04856
0.05745,0.05924,0.01173,0.15776,0.60388,0.04436,0.03704,0.02855
0.04834,0.03727,0.03406,0.14650,0.29627,0.08688,0.27018,0.08049
0.07028,0.17787,0.05312,0.03750,0.07191,0.30581,0.18584,0.09767
0.04099,0.26660,0.04045,0.05235,0.11196,0.20851,0.20332,0.07582
0.05066,0.02131,0.02414,0.10551,0.23443,0.25785,0.23397,0.07212
0.02470,0.02148,0.02650,0.01845,0.31082,0.07056,0.32554,0.20195
0.01693,0.03750,0.05391,0.04194,0.55728,0.10450,0.14701,0.04094
0.06922,0.13300,0.06551,0.07626,0.24430,0.26442,0.06674,0.08056
0.01606,0.02409,0.05831,0.02783,0.21502,0.49619,0.12014,0.04236
0.06295,0.11827,0.01184,0.34001,0.22752,0.15398,0.04486,0.04056
0.13445,0.12109,0.07804,0.04226,0.29174,0.16716,0.04820,0.11706
0.04413,0.01906,0.18525,0.22141,0.16325,0.10394,0.09186,0.17110
0.05620,0.18192,0.03178,0.19043,0.19877,0.12509,0.14707,0.06874
0.06388,0.02499,0.02273,0.12850,0.26747,0.09304,0.26698,0.13242
0.15104,0.01012,0.01107,0.02891,0.27180,0.41890,0.04156,0.06660
0.06510,0.06129,0.03269,0.07926,0.12561,0.10282,0.28288,0.25036
0.01571,0.03655,0.19703,0.02180,0.11948,0.31109,0.24249,0.05586
0.01606,0.00798,0.07421,0.03723,0.36873,0.40960,0.05778,0.02840
0.01282,0.14467,0.28587,0.01570,0.18877,0.27582,0.04017,0.03618
0.01079,0.03599,0.17639,0.01688,0.18042,0.09681,0.25600,0.22672
0.09051,0.00883,0.08718,0.05344,0.20980,0.20880,0.13886,0.20258
0.37620,0.07641,0.03702,0.03701,0.24360,0.14967,0.02871,0.05139
0.05614,0.05307,0.06122,0.29336,0.22303,0.25681,0.03342,0.02294
0.01902,0.03256,0.28978,0.06283,0.17340,0.07282,0.27130,0.07828
0.00683,0.07465,0.01810,0.00942,0.47194,0.03485,0.22254,0.16166
0.07368,0.01328,0.01126,0.15623,0.19022,0.10936,0.23102,0.21495
0.00773,0.07914,0.01674,0.01293,0.34924,0.07313,0.42784,0.03324
0.02371,0.00900,0.07171,0.04144,0.33883,0.42605,0.05883,0.03042
0.40449,0.04661,0.00817,0.05887,0.04164,0.35888,0.04421,0.03712
0.02641,0.02642,0.33549,0.04059,0.21583,0.27584,0.04998,0.02944
0.12619,0.01436,0.03098,0.13067,0.27004,0.16685,0.12794,0.13298
0.06627,0.01152,0.16617,0.02315,0.15694,0.10420,0.02858,0.44316
0.06295,0.13841,0.03708,0.22923,0.07277,0.31388,0.08545,0.06023
0.02887,0.03572,0.05279,0.03503,0.57954,0.04613,0.09485,0.12708
0.03088,0.01279,0.02218,0.01342,0.63181,0.07965,0.02247,0.18680
0.02748,0.01176,0.01728,0.03909,0.30028,0.03705,0.32763,0.23943
0.01214,0.34309,0.07665,0.01811,0.14115,0.33817,0.03918,0.03152
0.01403,0.02461,0.10311,0.01502,0.15085,0.06513,0.07777,0.54949
0.05685,0.01436,0.00710,0.03805,0.61877,0.16247,0.04287,0.05955
0.01483,0.19202,0.03464,0.01408,0.05429,0.44429,0.05160,0.19424
0.18463,0.02902,0.04927,0.02070,0.51174,0.03651,0.02198,0.14615
0.04835,0.14282,0.21331,0.03368,0.10974,0.32434,0.04316,0.08460
0.01054,0.02749,0.00999,0.01770,0.20197,0.11668,0.24369,0.37193
0.18730,0.00831,0.09834,0.04284,0.29221,0.22646,0.07277,0.07177
0.00959,0.03047,0.11487,0.01342,0.52843,0.13753,0.09893,0.06677
0.04351,0.14630,0.18194,0.12425,0.10137,0.06543,0.25981,0.07739
0.03195,0.01865,0.02245,0.03050,0.42056,0.26616,0.10566,0.10407
0.08965,0.22176,0.00624,0.01295,0.03980,0.57870,0.01133,0.03957
0.06606,0.05613,0.38492,0.05920,0.12997,0.24377,0.03015,0.02982
0.29158,0.06357,0.01522,0.07534,0.13445,0.36580,0.02585,0.02820
0.01363,0.00522,0.05271,0.03001,0.56316,0.24417,0.06398,0.02712
0.06323,0.15521,0.09059,0.06737,0.16203,0.08892,0.20686,0.16580
0.02135,0.02053,0.59727,0.03700,0.10455,0.11073,0.07272,0.03585
0.04390,0.02005,0.02190,0.09798,0.43257,0.14774,0.12523,0.11062
0.24700,0.03888,0.01066,0.15259,0.24516,0.20280,0.06900,0.03390
0.00559,0.13574,0.06834,0.02998,0.59435,0.02358,0.12729,0.01513
0.01136,0.03299,0.01216,0.01229,0.24641,0.30552,0.09382,0.28545
0.01166,0.03443,0.01264,0.04371,0.65841,0.10589,0.10776,0.02551
0.23281,0.01569,0.01869,0.17799,0.31394,0.13155,0.04351,0.06582
0.01249,0.26748,0.02791,0.02444,0.34401,0.05850,0.14853,0.11663
0.18060,0.01920,0.01392,0.02318,0.41313,0.18166,0.04615,0.12216
0.07031,0.03060,0.08224,0.17162,0.30035,0.20083,0.06570,0.07835
0.01042,0.01263,0.00859,0.01281,0.49795,0.21838,0.08432,0.15490
0.04202,0.01237,0.22091,0.01308,0.43703,0.22111,0.01713,0.03634
0.14297,0.04216,0.05033,0.16658,0.22004,0.04498,0.20855,0.12439
0.04142,0.03040,0.03579,0.05191,0.51950,0.23232,0.04865,0.04002
0.32482,0.03398,0.01745,0.07372,0.42231,0.06002,0.03935,0.02834
0.01008,0.02257,0.24081,0.01065,0.18071,0.34303,0.11381,0.07834
0.06070,0.01749,0.05018,0.03843,0.18087,0.12760,0.40982,0.11490
0.07646,0.00873,0.01965,0.03114,0.40447,0.20855,0.10152,0.14947
0.03026,0.14223,0.33752,0.02140,0.26776,0.06085,0.04881,0.09117
0.01296,0.01677,0.01530,0.01679,0.23483,0.13041,0.15059,0.42236
0.02067,0.01488,0.07173,0.30740,0.28067,0.14386,0.13411,0.02668
0.03463,0.01279,0.03960,0.08252,0.17668,0.33885,0.28045,0.03447
0.03084,0.05555,0.19151,0.09193,0.36183,0.10790,0.12120,0.03925
0.16683,0.03658,0.17196,0.03938,0.27094,0.13378,0.08133,0.09921
0.01312,0.29811,0.23447,0.01433,0.14997,0.17681,0.05604,0.05715
