0.07735,0.06269,0.00548,0.10436,0.27595,0.28810,0.10039,0.08568
0.08023,0.04089,0.03315,0.05401,0.35511,0.33705,0.03703,0.06253
0.02094,0.30901,0.01146,0.01547,0.38645,0.15486,0.04555,0.05625
0.03183,0.21291,0.08932,0.03593,0.19163,0.26615,0.08504,0.08720
0.00734,0.09887,0.14250,0.08481,0.23115,0.14554,0.18079,0.10900
0.01051,0.05277,0.06354,0.08540,0.30225,0.32658,0.11734,0.04161
0.01406,0.28840,0.01023,0.01050,0.15434,0.23448,0.14185,0.14615
0.01049,0.05145,0.01266,0.06402,0.27662,0.29750,0.16659,0.12067
0.01862,0.05286,0.01409,0.05171,0.24726,0.22967,0.20643,0.17936
0.08517,0.10606,0.00932,0.02207,0.31102,0.22832,0.08512,0.15292
0.00969,0.13140,0.01419,0.01647,0.46256,0.34205,0.01469,0.00896
0.02969,0.02777,0.01437,0.32967,0.11046,0.10338,0.34385,0.04081
0.02845,0.14937,0.08396,0.03218,0.23109,0.27981,0.09822,0.09692
0.03337,0.04458,0.16576,0.03225,0.25108,0.25058,0.10447,0.11791
0.02037,0.10750,0.02663,0.04651,0.35868,0.30478,0.07964,0.05589
0.27237,0.02302,0.05426,0.02736,0.13316,0.13457,0.05256,0.30271
0.07337,0.03523,0.00694,0.07485,0.38086,0.36270,0.03571,0.03033
0.02577,0.03808,0.02166,0.02978,0.42450,0.40976,0.02492,0.02554
0.01736,0.30078,0.01345,0.03258,0.16805,0.40891,0.03627,0.02259
0.00999,0.09883,0.02193,0.03090,0.37763,0.36269,0.06026,0.03775
0.21381,0.01964,0.01767,0.15547,0.14792,0.14813,0.11462,0.18274
0.04830,0.03257,0.01107,0.01229,0.35256,0.34291,0.08047,0.11984
0.31046,0.01881,0.04154,0.02543,0.13085,0.12569,0.03099,0.31624
0.02398,0.09088,0.01159,0.01281,0.35927,0.29889,0.09611,0.10648
0.00882,0.04408,0.01132,0.02273,0.34865,0.36208,0.10694,0.09537
0.00849,0.04832,0.03159,0.03361,0.35443,0.34134,0.10192,0.08030
0.01016,0.09298,0.50172,0.01551,0.12676,0.17164,0.04201,0.03922
0.00690,0.18654,0.00558,0.02970,0.45316,0.28022,0.02908,0.00882
0.01627,0.35071,0.03533,0.01834,0.11496,0.40728,0.02967,0.02745
0.06889,0.01830,0.04660,0.09977,0.33588,0.33802,0.06241,0.03014
0.09602,0.06702,0.01506,0.03734,0.30290,0.26203,0.07257,0.14706
0.10512,0.08938,0.02629,0.09952,0.29744,0.30892,0.03471,0.03860
0.03505,0.01638,0.01768,0.32435,0.12826,0.12965,0.31757,0.03106
0.07908,0.01805,0.01125,0.07819,0.38521,0.40050,0.01483,0.01288
0.24024,0.02406,0.11110,0.24231,0.11096,0.09510,0.08653,0.08969
0.00805,0.11558,0.11054,0.06220,0.22339,0.10998,0.21429,0.15597
0.01040,0.20440,0.00880,0.04465,0.27338,0.35705,0.06742,0.03389
0.01114,0.29448,0.00653,0.05004,0.14986,0.42303,0.04798,0.01694
0.01094,0.13504,0.02251,0.06123,0.35371,0.29975,0.08519,0.03165
0.26502,0.06912,0.09273,0.27228,0.10930,0.16334,0.01491,0.01330
0.18219,0.03768,0.13033,0.04131,0.18001,0.18146,0.05019,0.19684
0.01004,0.03169,0.27183,0.10699,0.21982,0.23920,0.10525,0.01517
0.01011,0.05785,0.24315,0.06104,0.23388,0.26526,0.08992,0.03880
0.00758,0.05422,0.02520,0.02101,0.30645,0.31494,0.14252,0.12807
0.05147,0.12726,0.22208,0.05542,0.24764,0.14734,0.07461,0.07417
0.14773,0.09366,0.09108,0.03692,0.16216,0.13442,0.10628,0.22775
0.05884,0.07036,0.06043,0.05177,0.28180,0.30596,0.08107,0.08976
0.20775,0.02519,0.01974,0.01646,0.12109,0.12352,0.14157,0.34469
0.12380,0.08706,0.00967,0.09216,0.12526,0.20801,0.15175,0.20230
0.04188,0.20129,0.02980,0.02296,0.39573,0.21503,0.03603,0.05729
0.02495,0.14042,0.17478,0.04627,0.23420,0.15782,0.12030,0.10127
0.00730,0.30346,0.00781,0.01360,0.40625,0.13282,0.06856,0.06020
0.01050,0.08008,0.00819,0.06413,0.25315,0.20115,0.21386,0.16895
0.03539,0.28832,0.03073,0.03810,0.36711,0.09750,0.07482,0.06804
0.01190,0.02514,0.00646,0.35808,0.10310,0.10800,0.36731,0.02002
0.07436,0.02054,0.03047,0.03203,0.35607,0.35751,0.04214,0.08688
0.02535,0.05522,0.02541,0.04014,0.35997,0.35899,0.07564,0.05929
0.20912,0.09256,0.05310,0.03470,0.17823,0.17110,0.04161,0.21957
0.22754,0.06170,0.01650,0.23671,0.17339,0.13210,0.07611,0.07595
0.09131,0.03280,0.09713,0.10605,0.16367,0.12697,0.19074,0.19133
0.01415,0.10084,0.07928,0.27540,0.11392,0.10543,0.28525,0.02572
0.02291,0.16033,0.17168,0.02612,0.28549,0.23671,0.05087,0.04590
0.01045,0.03772,0.15944,0.01085,0.14647,0.11275,0.25804,0.26427
0.00944,0.11034,0.20334,0.03552,0.33975,0.23770,0.04308,0.02084
0.05507,0.04875,0.00754,0.05427,0.38973,0.36276,0.03555,0.04633
0.03031,0.11390,0.01650,0.04319,0.24995,0.18267,0.18974,0.17374
0.17111,0.06759,0.01280,0.21154,0.18572,0.17348,0.10524,0.07252
0.00862,0.13788,0.30022,0.01025,0.13034,0.21883,0.09895,0.09492
0.01270,0.40243,0.01444,0.01117,0.09715,0.41208,0.02291,0.02712
0.00895,0.17918,0.19019,0.01114,0.09784,0.25070,0.13087,0.13112
0.01945,0.06286,0.01871,0.01231,0.32865,0.34919,0.10454,0.10428
0.02586,0.20259,0.01336,0.03187,0.31260,0.16090,0.12995,0.12286
0.01159,0.01486,0.22505,0.03130,0.27977,0.27634,0.08999,0.07110
0.00734,0.06992,0.04591,0.12338,0.18973,0.17336,0.24949,0.14087
0.00917,0.16180,0.19367,0.02561,0.27775,0.15822,0.09610,0.07768
0.01150,0.06589,0.01789,0.01226,0.34274,0.39925,0.07598,0.07449
0.01183,0.17710,0.24201,0.05683,0.20124,0.19187,0.08104,0.03807
0.08584,0.03584,0.00960,0.06105,0.28020,0.28482,0.10396,0.13869
0.03838,0.22777,0.08536,0.01274,0.37616,0.16617,0.03225,0.06117
0.09597,0.08543,0.01763,0.01397,0.15975,0.19195,0.17909,0.25622
0.00974,0.06615,0.03171,0.01481,0.11982,0.09766,0.33411,0.32601
0.00882,0.08404,0.25831,0.10584,0.18391,0.11487,0.16831,0.07590
0.01086,0.20254,0.08626,0.01764,0.37038,0.19888,0.06152,0.05190
0.02993,0.13736,0.03622,0.01412,0.25732,0.14083,0.17846,0.20576
0.02702,0.14390,0.01008,0.02684,0.21193,0.09117,0.24077,0.24829
0.03421,0.10529,0.01202,0.03643,0.39979,0.34491,0.03469,0.03265
0.01848,0.08538,0.02356,0.02888,0.34946,0.42205,0.04064,0.03154
0.14842,0.08804,0.04144,0.15832,0.21949,0.27749,0.03651,0.03029
0.19146,0.12719,0.01117,0.02214,0.21637,0.12769,0.06177,0.24221
0.10769,0.01926,0.00912,0.13130,0.09438,0.09529,0.27803,0.26494
0.01336,0.12140,0.19532,0.02951,0.20875,0.20600,0.11692,0.10874
0.01901,0.22968,0.01374,0.01284,0.31535,0.27642,0.06274,0.07021
0.03206,0.09996,0.04383,0.10235,0.24019,0.29523,0.13142,0.05496
0.01018,0.03388,0.25798,0.05504,0.28031,0.25900,0.07813,0.02547
0.06436,0.06265,0.17645,0.08597,0.11736,0.12727,0.18849,0.17745
0.25367,0.01426,0.01221,0.31451,0.08473,0.08789,0.14596,0.08677
0.06304,0.18286,0.02110,0.05486,0.24808,0.17454,0.12209,0.13343
0.02134,0.08458,0.01120,0.01237,0.36305,0.34387,0.07970,0.08389
0.02003,0.03004,0.71455,0.02586,0.08899,0.06303,0.02971,0.02780
0.07906,0.19771,0.03777,0.05741,0.30287,0.16624,0.06858,0.09038
0.02656,0.09813,0.50235,0.01644,0.12167,0.14705,0.03833,0.04947
0.20929,0.19168,0.01054,0.20619,0.07475,0.25617,0.02286,0.02853
0.01124,0.22473,0.00463,0.01424,0.42552,0.22628,0.04763,0.04573
0.02821,0.05494,0.41831,0.03430,0.16396,0.19006,0.05608,0.05414
0.01086,0.15562,0.01363,0.04407,0.40069,0.30158,0.05352,0.02003
0.02609,0.14538,0.06336,0.02473,0.25374,0.34474,0.07042,0.07155
0.03824,0.05488,0.00605,0.04091,0.34732,0.32010,0.09283,0.09967
0.08382,0.03312,0.06976,0.06571,0.22043,0.24481,0.13145,0.15090
0.01877,0.12855,0.02013,0.04568,0.29516,0.37826,0.06681,0.04664
0.02356,0.13157,0.01827,0.07063,0.20824,0.22762,0.18194,0.13816
0.21563,0.01607,0.00904,0.22090,0.20602,0.20580,0.06139,0.06515
0.01863,0.15498,0.06716,0.08726,0.23690,0.27742,0.11185,0.04581
0.03948,0.04617,0.01182,0.11322,0.29655,0.33549,0.11535,0.04192
0.01495,0.09038,0.03601,0.04131,0.13236,0.12578,0.29368,0.26554
0.01179,0.15790,0.01817,0.02221,0.23007,0.23786,0.16709,0.15490
0.03966,0.13863,0.12847,0.06687,0.27405,0.21641,0.08092,0.05497
0.00995,0.04752,0.00897,0.01380,0.21718,0.21630,0.24560,0.24068
0.05475,0.02412,0.14647,0.05818,0.16751,0.17450,0.18833,0.18614
0.03782,0.14958,0.01764,0.06590,0.21737,0.19325,0.17486,0.14358
0.08991,0.21370,0.01415,0.05326,0.30114,0.11709,0.08375,0.12699
0.01411,0.17411,0.04983,0.11112,0.25723,0.10742,0.19126,0.09492
0.04501,0.07157,0.02609,0.03677,0.41318,0.36947,0.02055,0.01736
0.03298,0.06685,0.04815,0.03224,0.38379,0.34030,0.04908,0.04660
0.00605,0.00637,0.00486,0.00360,0.46679,0.46957,0.02003,0.02273
0.05517,0.06263,0.10488,0.16263,0.18721,0.17222,0.18090,0.07436
0.01239,0.02899,0.02221,0.13430,0.26946,0.27579,0.18771,0.06916
0.03518,0.15086,0.01371,0.19289,0.24255,0.13982,0.18849,0.03651
0.08920,0.01599,0.03006,0.16298,0.25658,0.26145,0.12782,0.05591
0.05118,0.03803,0.01316,0.20651,0.14974,0.13717,0.27674,0.12746
0.08093,0.06459,0.36492,0.08509,0.16806,0.18030,0.03058,0.02553
0.12615,0.10566,0.08084,0.04838,0.22946,0.27891,0.02250,0.10810
0.02590,0.10626,0.12638,0.17678,0.18241,0.12770,0.19786,0.05671
0.12188,0.08999,0.02517,0.04324,0.10976,0.16175,0.18017,0.26804
0.01065,0.02807,0.01183,0.18651,0.12839,0.12267,0.34048,0.17140
0.05964,0.05286,0.07925,0.05505,0.33554,0.35905,0.03091,0.02771
0.04776,0.14803,0.06285,0.04883,0.30891,0.33935,0.01896,0.02531
0.09846,0.06943,0.01663,0.06640,0.31132,0.27500,0.05478,0.10798
0.01777,0.22650,0.04821,0.12306,0.11482,0.31869,0.12756,0.02340
0.00850,0.17262,0.02605,0.15758,0.17977,0.13066,0.23865,0.08618
0.21475,0.02298,0.18691,0.02943,0.15721,0.14632,0.02385,0.21856
0.02639,0.09779,0.16126,0.01394,0.14479,0.23488,0.14880,0.17216
0.01355,0.12925,0.26902,0.06574,0.16287,0.09374,0.15897,0.10686
0.03333,0.13061,0.00493,0.06275,0.30410,0.42271,0.03232,0.00926
0.00908,0.03711,0.09455,0.30809,0.08370,0.09129,0.34181,0.03436
0.05010,0.05064,0.46985,0.02350,0.13595,0.15804,0.03971,0.07220
0.00959,0.10147,0.17647,0.05520,0.18029,0.15603,0.18174,0.13922
0.03865,0.10331,0.11689,0.01647,0.27134,0.35807,0.03342,0.06186
0.01597,0.10364,0.12183,0.10085,0.18977,0.17848,0.18742,0.10205
0.02942,0.21753,0.03818,0.01110,0.12314,0.33263,0.11260,0.13541
0.09043,0.02194,0.04765,0.16638,0.18695,0.18678,0.18543,0.11444
0.00962,0.05172,0.02893,0.05754,0.38778,0.39424,0.05808,0.01208
0.00556,0.24863,0.09073,0.00799,0.42871,0.19051,0.01522,0.01265
0.05061,0.21053,0.02196,0.03076,0.19811,0.38527,0.04140,0.06136
0.02953,0.03338,0.02365,0.04608,0.17041,0.18416,0.26135,0.25145
0.03229,0.14322,0.02162,0.04083,0.16126,0.24680,0.17496,0.17902
0.12381,0.10799,0.00947,0.14495,0.17819,0.20364,0.12355,0.10840
0.02256,0.03889,0.29536,0.13989,0.13902,0.12262,0.17968,0.06197
0.04393,0.05476,0.30205,0.00858,0.18798,0.19846,0.07768,0.12656
0.12585,0.05803,0.05096,0.13019,0.28439,0.25500,0.05053,0.04505
0.02150,0.03596,0.03128,0.02118,0.15986,0.14121,0.29051,0.29851
0.01797,0.14159,0.01579,0.02760,0.40405,0.30340,0.05131,0.03829
0.01214,0.03373,0.62090,0.02483,0.13652,0.11259,0.03467,0.02464
0.10669,0.19260,0.03541,0.02686,0.29501,0.14748,0.05543,0.14052
0.01984,0.10707,0.50344,0.01814,0.12419,0.15700,0.03399,0.03633
0.01695,0.07990,0.09806,0.08978,0.25906,0.24174,0.14080,0.07371
0.11976,0.02215,0.02073,0.10918,0.18059,0.17208,0.18175,0.19377
0.01751,0.18089,0.01635,0.02292,0.16277,0.27692,0.16348,0.15917
0.01565,0.19591,0.03710,0.02431,0.23270,0.13955,0.17909,0.17570
0.00763,0.03794,0.01575,0.01805,0.45041,0.43449,0.02305,0.01268
0.19627,0.06150,0.01389,0.21050,0.12997,0.10034,0.14859,0.13894
0.01730,0.04614,0.01976,0.02711,0.42532,0.40395,0.03287,0.02756
0.02093,0.01136,0.00627,0.01208,0.42175,0.42576,0.04480,0.05705
0.07911,0.02429,0.38643,0.02769,0.10380,0.09517,0.11387,0.16965
0.04323,0.21391,0.07326,0.05272,0.29444,0.15118,0.08961,0.08165
0.02408,0.06822,0.02028,0.04140,0.35218,0.33948,0.08602,0.06835
0.01522,0.05538,0.05045,0.01228,0.19001,0.14558,0.26467,0.26641
0.01406,0.07926,0.03215,0.05500,0.35319,0.32503,0.08935,0.05195
0.00596,0.22203,0.05976,0.01133,0.21655,0.22943,0.13175,0.12320
0.01574,0.09410,0.07075,0.02444,0.18241,0.22198,0.20202,0.18857
0.00635,0.04477,0.01589,0.09681,0.37723,0.33701,0.10599,0.01595
0.01994,0.25149,0.01864,0.02616,0.22896,0.37318,0.04227,0.03937
0.07866,0.15538,0.07061,0.02662,0.19933,0.31859,0.04963,0.10118
0.15291,0.04044,0.01738,0.11287,0.15677,0.14820,0.16743,0.20400
0.01375,0.14923,0.43805,0.00996,0.24742,0.09557,0.02041,0.02562
0.14613,0.07606,0.07558,0.05437,0.17299,0.14408,0.11650,0.21429
0.26046,0.05214,0.01985,0.10542,0.14283,0.11293,0.06932,0.23706
0.19444,0.02699,0.02815,0.00700,0.09493,0.11005,0.17208,0.36637
0.00440,0.07419,0.01802,0.00731,0.22240,0.23466,0.22284,0.21618
0.03197,0.19769,0.02174,0.14070,0.29045,0.11828,0.15210,0.04708
0.01581,0.02018,0.01174,0.00980,0.42364,0.42082,0.04611,0.05190
0.09177,0.09185,0.01719,0.09297,0.20766,0.14455,0.17444,0.17958
0.02404,0.03721,0.03559,0.01985,0.39897,0.37481,0.05145,0.05807
0.08428,0.15477,0.03139,0.09812,0.16456,0.27077,0.09702,0.09909
0.11302,0.01873,0.01432,0.11777,0.08503,0.08369,0.27629,0.29114
0.00770,0.03247,0.01695,0.00801,0.29226,0.28107,0.18295,0.17858
0.04193,0.19836,0.07720,0.10739,0.27787,0.13311,0.11131,0.05284
0.30887,0.02170,0.01414,0.13076,0.07829,0.08607,0.08677,0.27340
0.02663,0.09179,0.01056,0.11466,0.15491,0.15898,0.26015,0.18231
0.11100,0.03248,0.05107,0.10889,0.31754,0.29180,0.04233,0.04491
0.02533,0.30811,0.04446,0.02696,0.40530,0.11576,0.03646,0.03762
0.02064,0.12655,0.01862,0.01315,0.35940,0.24742,0.10069,0.11353
0.01346,0.05964,0.26108,0.03443,0.28534,0.26579,0.04741,0.03285
0.01610,0.04339,0.04132,0.12863,0.26264,0.27362,0.17606,0.05824
0.05875,0.07573,0.01085,0.04741,0.38338,0.36687,0.02487,0.03215
0.00992,0.02973,0.50467,0.03342,0.11301,0.09641,0.11523,0.09761
0.05801,0.07256,0.02980,0.12432,0.20245,0.17288,0.20356,0.13643
0.15377,0.07132,0.00620,0.17041,0.24573,0.24868,0.05895,0.04494
0.01802,0.05342,0.01345,0.03357,0.34033,0.31469,0.12219,0.10432
0.02200,0.10613,0.03410,0.02605,0.25841,0.17068,0.19153,0.19110
0.09264,0.13674,0.01991,0.05604,0.27659,0.16619,0.09877,0.15312
0.09020,0.03812,0.07685,0.12910,0.24876,0.24824,0.10422,0.06452
0.01156,0.19993,0.00678,0.03766,0.20684,0.39900,0.08020,0.05803
0.00871,0.02142,0.39880,0.01636,0.20659,0.20351,0.07612,0.06849
0.03126,0.07803,0.02461,0.08637,0.24090,0.23989,0.17675,0.12219
0.16028,0.04974,0.03259,0.02519,0.25883,0.23450,0.04728,0.19160
0.03624,0.12155,0.12322,0.05126,0.14980,0.22972,0.14785,0.14036
0.01601,0.11886,0.30822,0.01995,0.27388,0.17065,0.04839,0.04405
0.08032,0.28793,0.10662,0.03815,0.12706,0.25876,0.02818,0.07298
0.20427,0.05048,0.23902,0.22156,0.12691,0.10266,0.03282,0.02228
0.01584,0.14209,0.01843,0.02213,0.34322,0.30745,0.07561,0.07524
0.00878,0.12756,0.04093,0.02375,0.21539,0.10891,0.24608,0.22861
0.03897,0.09153,0.02269,0.05205,0.27623,0.29607,0.11366,0.10879
0.02234,0.06290,0.00794,0.22265,0.11386,0.09172,0.33530,0.14331
0.02256,0.12174,0.14359,0.09476,0.12918,0.19611,0.17841,0.11366
0.01991,0.22086,0.01271,0.01679,0.36392,0.22032,0.07113,0.07437
0.02013,0.09334,0.05544,0.03769,0.33896,0.36425,0.05226,0.03793
0.00608,0.00980,0.01838,0.04366,0.27222,0.27153,0.20992,0.16839
0.00554,0.35486,0.02874,0.01192,0.44138,0.07639,0.04489,0.03627
0.06462,0.13650,0.00769,0.03881,0.24551,0.13318,0.17081,0.20286
0.07265,0.05647,0.03338,0.03242,0.28326,0.27578,0.09773,0.14829
0.02627,0.08587,0.04057,0.03905,0.31641,0.40639,0.04556,0.03989
0.02375,0.17020,0.00993,0.02469,0.34981,0.20454,0.10726,0.10982
0.03916,0.16333,0.01568,0.07419,0.22657,0.33125,0.09374,0.05607
0.03758,0.06636,0.04193,0.18615,0.10847,0.12520,0.29193,0.14238
0.08427,0.09998,0.04008,0.17201,0.15533,0.19551,0.16986,0.08296
0.01665,0.06556,0.00702,0.03929,0.40954,0.36746,0.05753,0.03694
0.02201,0.03398,0.01770,0.02404,0.37504,0.36656,0.07894,0.08173
0.04443,0.03014,0.05982,0.03514,0.26920,0.28174,0.13299,0.14654
0.01296,0.02813,0.37822,0.04529,0.18075,0.17498,0.10981,0.06985
0.01041,0.01953,0.00561,0.02850,0.39857,0.41334,0.07105,0.05300
0.01549,0.07944,0.05102,0.03804,0.41820,0.34048,0.03960,0.01774
0.02461,0.09020,0.19242,0.03895,0.21684,0.24442,0.09998,0.09260
0.02032,0.01864,0.02431,0.01099,0.14225,0.14883,0.31092,0.32375
0.02248,0.06900,0.02102,0.04192,0.36388,0.34120,0.08043,0.06006
0.02622,0.14292,0.01942,0.06071,0.25384,0.16244,0.18579,0.14867
0.11534,0.05037,0.05606,0.12991,0.17292,0.17856,0.14964,0.14719
0.03368,0.26478,0.06893,0.03950,0.36747,0.17899,0.02410,0.02255
0.13019,0.03199,0.03870,0.02225,0.14610,0.14732,0.18068,0.30276
0.12776,0.06900,0.02691,0.12617,0.31659,0.29966,0.01770,0.01622
0.05094,0.15255,0.00618,0.01267,0.31978,0.18058,0.11775,0.15955
0.06591,0.16169,0.01633,0.09529,0.19629,0.13854,0.17353,0.15242
0.02058,0.01935,0.01611,0.01706,0.07522,0.07229,0.38457,0.39481
0.05362,0.01685,0.02206,0.27492,0.15649,0.14620,0.27299,0.05687
0.06108,0.06303,0.01668,0.05913,0.26570,0.26928,0.13294,0.13217
0.01528,0.10275,0.06151,0.01171,0.29424,0.34957,0.08022,0.08473
0.01428,0.01275,0.15961,0.21373,0.13115,0.13528,0.27041,0.06279
0.03635,0.21650,0.01219,0.11795,0.11694,0.30412,0.13748,0.05847
0.05711,0.08875,0.01800,0.02924,0.36022,0.33821,0.03831,0.07016
0.01325,0.01494,0.01918,0.02662,0.10615,0.10098,0.36517,0.35372
0.02822,0.13786,0.04878,0.01513,0.17408,0.25418,0.16011,0.18163
0.00899,0.12721,0.06033,0.03197,0.40651,0.27592,0.05751,0.03155
0.02256,0.04266,0.25306,0.11306,0.19902,0.16832,0.14045,0.06086
0.12538,0.13802,0.01115,0.11817,0.29589,0.17434,0.06260,0.07444
0.01357,0.10628,0.40763,0.02064,0.12845,0.19083,0.06848,0.06411
0.03147,0.03835,0.05746,0.04197,0.26720,0.29038,0.14206,0.13111
0.10207,0.03274,0.04225,0.05261,0.24842,0.22656,0.11723,0.17812
0.07094,0.09985,0.01817,0.21643,0.19719,0.19954,0.17088,0.02700
0.11245,0.02398,0.11346,0.10737,0.29008,0.29046,0.02870,0.03350
0.06096,0.04881,0.03998,0.08644,0.21837,0.25607,0.16153,0.12784
0.02856,0.09699,0.03459,0.02473,0.27651,0.23549,0.15101,0.15212
0.04645,0.03172,0.35734,0.01035,0.22880,0.22344,0.02824,0.07367
0.01188,0.02423,0.03831,0.01461,0.42479,0.41748,0.03682,0.03188
0.01459,0.10300,0.03294,0.15535,0.26957,0.17979,0.19210,0.05266
0.12110,0.06594,0.01880,0.13465,0.32201,0.28052,0.03653,0.02046
0.20456,0.07563,0.08670,0.07611,0.20006,0.16730,0.02513,0.16451
0.04850,0.02159,0.14237,0.02672,0.23380,0.25279,0.12222,0.15201
0.02156,0.02797,0.00900,0.22233,0.09243,0.09634,0.36244,0.16792
0.01856,0.01988,0.30213,0.18634,0.10762,0.10548,0.21085,0.04914
0.05052,0.03844,0.01694,0.08494,0.15748,0.15231,0.26038,0.23900
0.03890,0.13060,0.09594,0.02145,0.25690,0.37639,0.03078,0.04903
0.01128,0.05260,0.04032,0.13486,0.24448,0.23286,0.20168,0.08193
0.17221,0.13053,0.01580,0.02764,0.16176,0.17672,0.08146,0.23388
0.02757,0.05644,0.08199,0.15709,0.23231,0.23941,0.16464,0.04054
0.00543,0.09424,0.16021,0.01995,0.33290,0.25426,0.07544,0.05758
0.02853,0.15779,0.12385,0.02835,0.25693,0.20740,0.09830,0.09884
0.09773,0.06497,0.00863,0.06514,0.34693,0.32072,0.03458,0.06128
0.03453,0.27719,0.05109,0.02012,0.15858,0.34121,0.04614,0.07115
0.02464,0.17732,0.08870,0.07733,0.32510,0.16322,0.09597,0.04772
0.01695,0.02135,0.08226,0.24158,0.19690,0.18532,0.24229,0.01335
0.00753,0.17811,0.02796,0.05977,0.39404,0.24099,0.07088,0.02072
0.02326,0.03128,0.06005,0.03210,0.36477,0.36717,0.06437,0.05698
0.00933,0.24521,0.01883,0.09308,0.20870,0.31084,0.09840,0.01561
0.02445,0.04702,0.40379,0.07653,0.15438,0.14209,0.09965,0.05208
0.03546,0.07153,0.02341,0.10494,0.29277,0.27393,0.13056,0.06740
0.29490,0.05530,0.01749,0.03683,0.13620,0.12177,0.03843,0.29908
0.02759,0.04526,0.02853,0.08376,0.28704,0.30369,0.13773,0.08640
0.02753,0.27903,0.10282,0.03705,0.11715,0.35691,0.04171,0.03780
0.01120,0.18775,0.01879,0.02766,0.12865,0.28997,0.17454,0.16144
0.06077,0.02266,0.02360,0.05903,0.10182,0.10360,0.31380,0.31472
0.01409,0.10307,0.01377,0.04170,0.33499,0.27998,0.12104,0.09136
