0.24729,0.22923,0.26377,0.25971
0.23561,0.22976,0.26932,0.26531
0.21396,0.21551,0.28540,0.28513
0.23397,0.23303,0.26657,0.26644
0.22507,0.22745,0.27385,0.27363
0.21846,0.20861,0.28491,0.28803
0.19591,0.17842,0.31109,0.31458
0.21463,0.20635,0.28898,0.29004
0.21165,0.21659,0.28690,0.28486
0.21183,0.20769,0.29280,0.28768
0.24735,0.21565,0.27041,0.26658
0.20940,0.20898,0.29123,0.29039
0.22080,0.20321,0.29219,0.28380
0.19510,0.18425,0.31120,0.30946
0.21107,0.21298,0.28968,0.28628
0.23329,0.26342,0.25431,0.24898
0.23425,0.22065,0.27151,0.27359
0.22454,0.21069,0.28438,0.28039
0.24002,0.23382,0.26625,0.25991
0.25826,0.23405,0.25714,0.25055
0.21244,0.21176,0.28929,0.28651
0.21863,0.21860,0.28430,0.27848
0.18259,0.17528,0.32344,0.31870
0.23052,0.21888,0.27940,0.27120
0.22719,0.22753,0.27329,0.27199
0.21854,0.20659,0.28735,0.28752
0.22303,0.22474,0.27696,0.27527
0.18300,0.18230,0.31733,0.31737
0.20530,0.19644,0.30145,0.29681
0.20713,0.20138,0.29634,0.29514
0.22528,0.22121,0.27985,0.27366
0.21809,0.21128,0.28708,0.28355
0.23890,0.23043,0.26616,0.26450
0.26558,0.24155,0.24762,0.24526
0.21909,0.21700,0.28120,0.28271
0.19772,0.18723,0.30873,0.30632
0.26675,0.24644,0.24591,0.24089
0.25056,0.24766,0.25437,0.24741
0.22123,0.21500,0.28432,0.27945
0.19565,0.20424,0.30023,0.29988
0.24780,0.24150,0.25687,0.25383
0.17917,0.16912,0.33217,0.31954
0.21149,0.20718,0.29106,0.29027
0.23114,0.22057,0.27392,0.27437
0.28014,0.27569,0.22076,0.22341
0.22875,0.23230,0.27078,0.26817
0.22136,0.21671,0.28193,0.28000
0.23931,0.23054,0.26553,0.26462
0.21970,0.20560,0.29066,0.28404
0.26296,0.24975,0.24588,0.24141
0.26079,0.25259,0.24536,0.24126
0.23996,0.22189,0.27237,0.26578
0.25540,0.21954,0.26702,0.25803
0.21465,0.20901,0.29036,0.28598
0.18651,0.20429,0.30380,0.30541
0.16570,0.16527,0.33854,0.33049
0.22823,0.23953,0.26893,0.26331
0.24238,0.24036,0.25955,0.25772
0.20868,0.21059,0.29161,0.28912
0.26174,0.24795,0.24680,0.24350
0.22520,0.21747,0.28357,0.27375
0.20959,0.21861,0.28499,0.28681
0.25007,0.24308,0.25418,0.25267
0.23284,0.23310,0.26838,0.26568
0.24118,0.23275,0.26650,0.25956
0.16942,0.16432,0.33320,0.33305
0.22469,0.21731,0.27908,0.27892
0.21125,0.20328,0.29664,0.28883
0.22901,0.22023,0.27731,0.27345
0.25534,0.24292,0.24951,0.25222
0.24136,0.23453,0.26332,0.26080
0.25781,0.24982,0.24592,0.24646
0.23743,0.21633,0.27310,0.27313
0.16714,0.17748,0.32937,0.32601
0.22801,0.23949,0.26717,0.26533
0.20441,0.21022,0.29556,0.28981
0.23023,0.20608,0.28657,0.27713
0.20412,0.19874,0.29856,0.29859
0.25201,0.23390,0.25952,0.25457
0.23683,0.23444,0.26437,0.26436
0.22163,0.21553,0.28219,0.28066
0.20438,0.21091,0.29439,0.29033
0.25333,0.24345,0.25315,0.25007
0.22445,0.21927,0.27785,0.27844
0.23857,0.22571,0.27040,0.26532
0.23197,0.22000,0.27614,0.27189
0.22916,0.20172,0.28475,0.28437
0.25578,0.24666,0.24982,0.24774
0.22340,0.22621,0.27795,0.27244
0.25268,0.24415,0.25253,0.25064
0.21433,0.21997,0.28187,0.28383
0.22142,0.21010,0.28532,0.28316
0.22453,0.21940,0.27875,0.27732
0.19746,0.19505,0.30416,0.30333
0.20497,0.19834,0.29869,0.29800
0.18813,0.18360,0.31429,0.31398
0.21228,0.20770,0.29168,0.28834
0.21265,0.19834,0.29536,0.29365
0.24611,0.24356,0.25487,0.25546
0.22285,0.22890,0.27747,0.27078
0.22569,0.21456,0.28102,0.27873
0.25081,0.23957,0.25383,0.25579
0.24275,0.23815,0.26163,0.25747
0.25379,0.24454,0.25173,0.24994
0.24475,0.23595,0.26096,0.25834
0.23279,0.22663,0.27147,0.26911
0.19760,0.18824,0.30868,0.30547
0.21779,0.22560,0.27915,0.27746
0.19421,0.19937,0.30396,0.30246
0.24800,0.24632,0.25410,0.25158
0.26416,0.24762,0.24451,0.24371
0.21336,0.20558,0.29159,0.28946
0.25615,0.24616,0.25087,0.24682
0.21760,0.22471,0.27888,0.27881
0.24946,0.23192,0.26013,0.25849
0.23429,0.22238,0.27324,0.27009
0.24163,0.23766,0.25992,0.26079
0.24980,0.24778,0.25349,0.24893
0.20887,0.20150,0.29582,0.29382
0.20586,0.20134,0.29879,0.29401
0.25434,0.25096,0.24887,0.24583
0.21424,0.21360,0.28675,0.28542
0.26597,0.23886,0.24738,0.24779
0.22266,0.23607,0.27260,0.26867
0.23263,0.22654,0.27360,0.26723
0.17946,0.17354,0.32295,0.32405
0.22972,0.22299,0.27586,0.27143
0.19772,0.18805,0.30655,0.30768
0.24510,0.24990,0.25628,0.24872
0.21250,0.25048,0.26825,0.26877
0.19940,0.20526,0.29856,0.29678
0.24977,0.24264,0.25558,0.25201
0.22480,0.21542,0.27964,0.28014
0.19094,0.18797,0.31549,0.30561
0.22831,0.21616,0.27856,0.27697
0.23802,0.22481,0.27221,0.26497
0.26607,0.22448,0.25484,0.25461
0.24992,0.24346,0.25454,0.25208
0.23110,0.21086,0.28258,0.27546
0.25860,0.22212,0.26290,0.25638
0.25287,0.24736,0.25455,0.24522
0.20869,0.20791,0.29436,0.28905
0.20121,0.19780,0.30198,0.29901
0.24052,0.23820,0.26041,0.26087
0.27109,0.25374,0.23763,0.23755
0.23791,0.22401,0.26946,0.26863
0.22445,0.22680,0.27560,0.27315
0.21790,0.21863,0.28429,0.27918
0.24507,0.23578,0.25824,0.26091
0.22807,0.22208,0.27605,0.27380
0.24151,0.23332,0.26416,0.26101
0.19667,0.19479,0.30686,0.30167
0.25034,0.23356,0.26226,0.25385
0.19079,0.20107,0.30445,0.30369
0.24970,0.24470,0.25118,0.25442
0.23158,0.22342,0.27370,0.27130
0.26858,0.25759,0.23871,0.23512
0.26269,0.23914,0.25003,0.24813
0.21519,0.20648,0.29246,0.28587
0.23477,0.24046,0.26285,0.26192
0.21857,0.20449,0.28765,0.28930
0.27083,0.24633,0.24124,0.24160
0.25561,0.22763,0.25890,0.25787
0.23773,0.19341,0.28782,0.28105
0.20691,0.19690,0.29923,0.29696
0.23569,0.22709,0.26999,0.26722
0.21914,0.21730,0.28195,0.28161
0.20631,0.19610,0.30292,0.29466
0.21611,0.19635,0.29608,0.29145
0.22099,0.21910,0.28081,0.27909
0.19814,0.20551,0.29826,0.29808
0.23850,0.23255,0.26606,0.26289
0.26198,0.25539,0.24307,0.23956
0.22560,0.21904,0.28041,0.27496
0.26479,0.23428,0.25121,0.24972
0.21003,0.19602,0.29716,0.29680
0.24752,0.24512,0.25602,0.25133
0.21200,0.20406,0.29059,0.29335
0.23153,0.22978,0.26965,0.26904
0.24572,0.23938,0.25945,0.25545
0.22584,0.22269,0.27883,0.27264
0.22221,0.20373,0.28955,0.28451
0.22186,0.20616,0.28640,0.28558
0.23829,0.23194,0.26541,0.26436
0.25777,0.25114,0.24872,0.24237
0.21218,0.20800,0.29363,0.28618
0.23996,0.23957,0.26061,0.25986
0.20232,0.18996,0.30691,0.30080
0.21533,0.24933,0.26970,0.26564
0.24071,0.23843,0.26251,0.25835
0.23110,0.21806,0.27639,0.27445
0.23720,0.23407,0.26562,0.26311
0.24759,0.22345,0.26591,0.26305
0.27564,0.24773,0.23987,0.23676
0.23864,0.22925,0.27058,0.26153
0.24155,0.24124,0.26098,0.25622
0.21917,0.21597,0.28327,0.28160
0.17679,0.16982,0.32641,0.32698
0.21276,0.21474,0.28745,0.28505
0.21566,0.21178,0.28824,0.28432
0.20492,0.19805,0.29939,0.29764
0.20914,0.19970,0.29635,0.29481
0.22188,0.21557,0.28118,0.28137
0.21000,0.21526,0.28859,0.28615
0.26912,0.26062,0.23803,0.23223
0.23647,0.22799,0.27005,0.26550
0.20336,0.20583,0.29700,0.29380
0.22813,0.20803,0.28324,0.28060
0.19548,0.19289,0.31011,0.30151
0.22412,0.22973,0.27227,0.27388
0.21596,0.20393,0.29233,0.28778
0.22300,0.19380,0.29347,0.28973
0.24150,0.24922,0.25556,0.25372
0.22899,0.24491,0.26516,0.26094
0.25082,0.23312,0.26074,0.25531
0.20084,0.19784,0.30321,0.29810
0.23192,0.23099,0.26922,0.26787
0.21508,0.20947,0.28819,0.28726
0.21659,0.21209,0.28569,0.28562
0.24417,0.24821,0.25592,0.25170
0.17896,0.18763,0.31937,0.31405
0.27971,0.24507,0.24000,0.23521
0.25261,0.24613,0.25383,0.24743
0.20721,0.21215,0.29129,0.28936
0.24519,0.22775,0.26681,0.26025
0.23452,0.22431,0.27129,0.26988
0.22668,0.21149,0.28195,0.27987
0.25733,0.24543,0.25180,0.24544
0.22701,0.22248,0.27624,0.27427
0.22089,0.21415,0.28262,0.28234
0.19132,0.18531,0.31528,0.30809
0.22250,0.21736,0.28210,0.27804
0.24081,0.22998,0.26542,0.26378
0.19702,0.19855,0.30374,0.30070
0.21541,0.21096,0.28725,0.28639
0.24084,0.22355,0.26812,0.26749
0.23054,0.22119,0.27795,0.27032
0.23358,0.22822,0.27053,0.26766
0.25618,0.24518,0.25169,0.24695
0.25206,0.25266,0.24921,0.24608
0.27444,0.26190,0.23392,0.22974
0.27088,0.23330,0.24746,0.24836
0.23883,0.23089,0.26811,0.26217
0.24468,0.23139,0.26568,0.25825
0.23827,0.23715,0.26464,0.25994
0.20094,0.19288,0.30454,0.30164
0.26597,0.24009,0.24718,0.24676
0.25839,0.24778,0.24943,0.24440
0.22078,0.20127,0.28891,0.28904
0.24376,0.22396,0.26438,0.26790
0.20529,0.19423,0.30083,0.29964
0.22452,0.21906,0.28109,0.27533
0.21660,0.19530,0.29513,0.29297
0.21882,0.21917,0.28648,0.27553
0.25078,0.23701,0.25666,0.25554
0.23026,0.22861,0.27351,0.26762
0.23832,0.23210,0.26582,0.26376
0.29169,0.22969,0.23981,0.23882
0.22195,0.22254,0.28230,0.27321
0.23543,0.23737,0.26511,0.26209
0.17511,0.16983,0.33269,0.32237
0.24867,0.24125,0.25561,0.25446
0.22272,0.21366,0.28682,0.27681
0.23352,0.23259,0.26758,0.26630
0.19871,0.18860,0.31045,0.30224
0.21303,0.19818,0.29645,0.29234
0.22604,0.20853,0.28423,0.28119
0.22944,0.24178,0.26455,0.26424
0.19460,0.19071,0.30787,0.30681
0.21678,0.20815,0.28982,0.28525
0.26769,0.23157,0.25341,0.24733
0.24212,0.23393,0.26374,0.26021
0.19722,0.19697,0.30501,0.30080
0.24048,0.23551,0.26300,0.26101
0.24553,0.23827,0.26165,0.25455
0.20228,0.19613,0.30312,0.29848
0.24741,0.24648,0.25589,0.25022
0.21017,0.18920,0.30245,0.29817
0.24840,0.24436,0.25754,0.24971
0.22854,0.21403,0.28103,0.27640
0.21780,0.20950,0.28839,0.28430
0.16836,0.16591,0.33364,0.33209
0.23724,0.23134,0.26622,0.26520
0.22146,0.21054,0.28579,0.28221
0.23118,0.22547,0.27354,0.26981
0.24311,0.23370,0.26432,0.25886
0.21093,0.23043,0.27986,0.27878
0.27362,0.25861,0.23482,0.23295
0.20506,0.19930,0.30253,0.29311
0.22825,0.22410,0.27689,0.27077
0.25504,0.24201,0.25301,0.24994
0.22175,0.21907,0.28149,0.27769
0.20902,0.24021,0.27698,0.27379
0.25074,0.25479,0.24474,0.24973
0.26216,0.25142,0.24442,0.24199
0.20561,0.20149,0.29632,0.29658
0.21956,0.20321,0.28979,0.28743
0.21959,0.20080,0.29218,0.28744
0.23883,0.23344,0.26616,0.26157
0.21595,0.22926,0.27904,0.27576
