0.01337,0.01035,0.04861,0.05736,0.00340,0.17225,0.00860,0.00768,0.16831,0.00428,0.10314,0.19349,0.00347,0.00485,0.01037,0.00451,0.17396,0.00687,0.00271,0.00242
0.01775,0.14073,0.01343,0.00864,0.19628,0.16880,0.01293,0.00702,0.00702,0.03026,0.01010,0.00648,0.08052,0.02057,0.21766,0.00999,0.00385,0.02666,0.00380,0.01749
0.01147,0.01615,0.01686,0.11744,0.01745,0.07353,0.01734,0.03290,0.06163,0.00810,0.00386,0.00670,0.23191,0.00505,0.04893,0.00934,0.00585,0.02281,0.07457,0.21811
0.01112,0.01167,0.20019,0.08823,0.00684,0.01335,0.26370,0.00987,0.00672,0.02849,0.00498,0.06564,0.00770,0.08426,0.03365,0.04342,0.09676,0.01149,0.00717,0.00476
0.00248,0.00688,0.00781,0.00822,0.00743,0.01189,0.00541,0.01113,0.00682,0.39473,0.02868,0.17252,0.00646,0.00262,0.00440,0.13566,0.00505,0.00567,0.00333,0.17281
0.00758,0.01140,0.04852,0.01245,0.00863,0.01257,0.22715,0.00521,0.00710,0.00827,0.00803,0.00995,0.03076,0.18399,0.01918,0.03245,0.01101,0.07760,0.01408,0.26407
0.04293,0.01318,0.04258,0.03391,0.05067,0.08690,0.05655,0.00734,0.01182,0.02638,0.01607,0.20065,0.02472,0.03072,0.05956,0.01017,0.11812,0.00660,0.15152,0.00961
0.00686,0.03734,0.05164,0.00575,0.20406,0.33015,0.00263,0.00256,0.00355,0.00444,0.00261,0.00508,0.03272,0.00525,0.21118,0.00283,0.00409,0.01001,0.00367,0.07356
0.00567,0.01796,0.03801,0.00493,0.00294,0.00978,0.01237,0.00320,0.00744,0.00362,0.49702,0.01240,0.31708,0.00976,0.00136,0.00197,0.04757,0.00453,0.00117,0.00123
0.00300,0.00154,0.06960,0.00644,0.00543,0.08334,0.13418,0.00436,0.00430,0.01065,0.00306,0.01595,0.31975,0.01012,0.00601,0.00759,0.01196,0.03502,0.00416,0.26355
0.00378,0.00371,0.00704,0.01531,0.00569,0.03876,0.08695,0.00475,0.05262,0.00223,0.00640,0.31529,0.00356,0.04656,0.00410,0.00200,0.24403,0.00333,0.15142,0.00249
0.00891,0.01943,0.05221,0.01771,0.01573,0.00901,0.01063,0.01495,0.01161,0.13902,0.00469,0.13897,0.25549,0.01141,0.00311,0.00621,0.03538,0.01565,0.00413,0.22574
0.35621,0.29411,0.00460,0.00300,0.00251,0.02334,0.00367,0.09657,0.00815,0.00297,0.01174,0.10946,0.00637,0.01988,0.00784,0.00449,0.03246,0.00719,0.00107,0.00436
0.00331,0.12377,0.08681,0.01147,0.04998,0.10193,0.00719,0.00823,0.03399,0.14412,0.00877,0.07372,0.02751,0.03429,0.23492,0.00327,0.00887,0.02027,0.00728,0.01032
0.04221,0.03341,0.08010,0.02717,0.00661,0.04094,0.01536,0.01377,0.04288,0.00325,0.00528,0.13977,0.01087,0.01395,0.01233,0.00224,0.42251,0.00325,0.07734,0.00677
0.00284,0.00247,0.13928,0.00314,0.00553,0.00415,0.51049,0.00529,0.00162,0.00401,0.00728,0.00291,0.00405,0.28628,0.00353,0.00124,0.00175,0.00971,0.00226,0.00218
0.01137,0.03973,0.13612,0.12852,0.01286,0.00865,0.40000,0.02498,0.03542,0.00294,0.02001,0.00880,0.00952,0.06350,0.05248,0.00277,0.01162,0.00845,0.02000,0.00228
0.00435,0.00320,0.16324,0.03790,0.00241,0.00670,0.52689,0.00387,0.00325,0.00320,0.00228,0.00582,0.00191,0.21226,0.00820,0.00184,0.00310,0.00208,0.00565,0.00183
0.08092,0.01504,0.06440,0.12145,0.01445,0.23961,0.01122,0.03580,0.02629,0.00694,0.00562,0.09032,0.00215,0.06481,0.03916,0.06903,0.08162,0.00424,0.02180,0.00515
0.38031,0.00208,0.20328,0.18896,0.00835,0.04155,0.06734,0.00771,0.00292,0.00637,0.00472,0.00641,0.00455,0.00573,0.01220,0.02063,0.00531,0.00784,0.01973,0.00401
0.21849,0.00382,0.24255,0.12120,0.00500,0.02041,0.01499,0.00573,0.00594,0.01153,0.13268,0.09107,0.01066,0.00433,0.00836,0.02013,0.05684,0.00872,0.01160,0.00596
0.03784,0.00709,0.02558,0.02955,0.11012,0.01705,0.01083,0.00388,0.17008,0.01335,0.00488,0.00397,0.21296,0.02451,0.00740,0.00364,0.00418,0.01287,0.01353,0.28669
0.00780,0.00598,0.01641,0.15891,0.00288,0.00623,0.02098,0.29953,0.02593,0.01087,0.01203,0.02767,0.00553,0.00652,0.30140,0.03057,0.02909,0.01079,0.01073,0.01014
0.00610,0.01235,0.14716,0.00699,0.00505,0.00684,0.36788,0.00575,0.00236,0.01060,0.01240,0.02170,0.02024,0.21282,0.01189,0.09990,0.00854,0.00445,0.00609,0.03087
0.02256,0.05171,0.08846,0.01892,0.00806,0.00710,0.49379,0.00456,0.00391,0.01278,0.01966,0.02509,0.01021,0.15431,0.00668,0.03116,0.00831,0.00690,0.01213,0.01370
0.09060,0.00839,0.01675,0.08848,0.18320,0.29950,0.00839,0.14296,0.00522,0.03099,0.00309,0.00819,0.01283,0.01094,0.02519,0.00801,0.00624,0.00510,0.00470,0.04124
0.00719,0.00492,0.01592,0.05323,0.01882,0.01997,0.16514,0.00866,0.00499,0.24177,0.02239,0.03983,0.03369,0.00645,0.00368,0.29025,0.01591,0.01673,0.02403,0.00643
0.00794,0.02269,0.01825,0.02425,0.01174,0.01877,0.22239,0.01830,0.19748,0.01320,0.01293,0.02147,0.09727,0.10960,0.03611,0.00649,0.02531,0.11486,0.01380,0.00716
0.08950,0.07145,0.02363,0.09488,0.03702,0.04440,0.01326,0.13623,0.03924,0.03331,0.08698,0.01209,0.02115,0.01038,0.09426,0.11652,0.04004,0.01146,0.00790,0.01627
0.00068,0.00361,0.02513,0.45457,0.00326,0.02129,0.00701,0.01158,0.43479,0.00223,0.00571,0.00867,0.00261,0.00167,0.00551,0.00145,0.00269,0.00333,0.00255,0.00165
0.03735,0.00397,0.19147,0.09695,0.03574,0.21595,0.01230,0.01032,0.11451,0.15653,0.01040,0.01287,0.00324,0.00751,0.00331,0.00384,0.01675,0.02581,0.03896,0.00220
0.00148,0.00273,0.01407,0.00259,0.40620,0.12669,0.01293,0.07462,0.01429,0.00307,0.00370,0.14499,0.00530,0.04123,0.00217,0.00490,0.12735,0.00595,0.00138,0.00439
0.00233,0.00653,0.09249,0.00356,0.00706,0.03876,0.00654,0.01028,0.02357,0.00314,0.30763,0.08285,0.08062,0.01940,0.00965,0.00174,0.29016,0.01027,0.00093,0.00249
0.19833,0.43869,0.02445,0.01422,0.00532,0.02267,0.01641,0.00779,0.01328,0.00755,0.04627,0.01404,0.11330,0.00781,0.00747,0.01596,0.00540,0.02781,0.00309,0.01014
0.57566,0.00059,0.00398,0.33921,0.00374,0.02962,0.00601,0.00297,0.00249,0.00430,0.00305,0.00466,0.00226,0.00653,0.00145,0.00225,0.00428,0.00436,0.00122,0.00138
0.00406,0.02441,0.01488,0.03377,0.02588,0.19239,0.16160,0.00944,0.14217,0.02492,0.01261,0.00979,0.00960,0.01154,0.00330,0.24393,0.01085,0.00284,0.00331,0.05868
0.01992,0.11166,0.05034,0.09411,0.03453,0.07081,0.01776,0.00766,0.03124,0.12053,0.15374,0.01664,0.19345,0.00871,0.00434,0.00239,0.00686,0.04886,0.00374,0.00272
0.00259,0.18248,0.54557,0.00609,0.05120,0.00724,0.01786,0.00218,0.01502,0.00297,0.00421,0.07373,0.01600,0.03265,0.00298,0.00438,0.01592,0.00228,0.00473,0.00992
0.01297,0.00221,0.51064,0.00547,0.00567,0.25091,0.00236,0.16764,0.00438,0.00218,0.00438,0.00737,0.00276,0.00154,0.00215,0.00132,0.00559,0.00167,0.00743,0.00137
0.00348,0.01327,0.06198,0.02267,0.00468,0.01883,0.08151,0.07648,0.13145,0.00528,0.00746,0.07437,0.00481,0.00631,0.13075,0.00900,0.31524,0.01359,0.00863,0.01021
0.00706,0.02727,0.03037,0.09862,0.01349,0.00460,0.19279,0.06068,0.16825,0.02407,0.00655,0.11771,0.03534,0.04635,0.05870,0.05067,0.02766,0.00717,0.01225,0.01040
0.02022,0.02463,0.07065,0.01823,0.00371,0.00604,0.00428,0.00371,0.05384,0.00504,0.00278,0.00746,0.00184,0.06207,0.00328,0.23541,0.00462,0.00263,0.16403,0.30553
0.01135,0.00838,0.02837,0.04356,0.02652,0.06151,0.05263,0.00959,0.02632,0.04729,0.00752,0.46647,0.03151,0.01421,0.00626,0.08949,0.00810,0.02047,0.00688,0.03356
0.00434,0.00823,0.13626,0.11852,0.02073,0.01729,0.17527,0.03207,0.04960,0.00760,0.01731,0.00574,0.00506,0.02797,0.02983,0.10856,0.18384,0.02008,0.02887,0.00284
0.00330,0.00889,0.05798,0.33890,0.01678,0.02679,0.00432,0.09679,0.31997,0.00519,0.00728,0.00855,0.04752,0.00191,0.00357,0.00305,0.00887,0.00251,0.03519,0.00265
0.00569,0.00563,0.02885,0.01646,0.01856,0.03486,0.03694,0.00955,0.02405,0.03339,0.00685,0.33035,0.06653,0.02174,0.00457,0.00522,0.19293,0.02082,0.00609,0.13093
0.00525,0.00397,0.01084,0.00561,0.01443,0.17638,0.00843,0.00597,0.20547,0.00702,0.00931,0.03524,0.08948,0.19301,0.00769,0.01397,0.02958,0.01698,0.00482,0.15655
0.00474,0.02438,0.02440,0.00570,0.00327,0.11773,0.01680,0.00686,0.00924,0.00345,0.04529,0.17579,0.24027,0.01041,0.00583,0.00254,0.29478,0.00309,0.00200,0.00344
0.00194,0.00624,0.01783,0.00383,0.16206,0.19203,0.00355,0.13752,0.01842,0.00337,0.00369,0.18687,0.00526,0.00580,0.00438,0.00408,0.22429,0.01240,0.00135,0.00510
0.01115,0.00397,0.01873,0.01418,0.00453,0.02147,0.00434,0.00300,0.00562,0.01380,0.00720,0.00769,0.51805,0.00283,0.00317,0.00827,0.01286,0.02423,0.00454,0.31035
0.00566,0.03014,0.03876,0.05742,0.00672,0.00698,0.32098,0.02917,0.01061,0.00507,0.00387,0.19334,0.00688,0.00973,0.20092,0.00674,0.05373,0.00234,0.00809,0.00285
0.00598,0.00313,0.05226,0.00376,0.01230,0.00883,0.64837,0.00564,0.00179,0.00393,0.00721,0.00711,0.00748,0.21039,0.00265,0.00115,0.00507,0.00855,0.00257,0.00181
0.00132,0.05833,0.02728,0.00196,0.13629,0.43254,0.00203,0.00269,0.00315,0.00169,0.00167,0.00263,0.00293,0.00371,0.30690,0.00205,0.00137,0.00493,0.00116,0.00535
0.00134,0.00739,0.14795,0.27627,0.00322,0.00613,0.19172,0.00605,0.27889,0.00506,0.00367,0.01137,0.00290,0.00760,0.03249,0.00472,0.00317,0.00422,0.00168,0.00417
0.00493,0.00391,0.28786,0.01110,0.04244,0.00982,0.45373,0.02781,0.00410,0.01076,0.00358,0.01191,0.00520,0.06576,0.01751,0.01286,0.01379,0.00550,0.00272,0.00470
0.02388,0.02483,0.02663,0.05086,0.00429,0.00933,0.16154,0.00450,0.00834,0.11264,0.00280,0.02057,0.00349,0.05674,0.00537,0.24511,0.01146,0.00712,0.00222,0.21826
0.00220,0.00392,0.13385,0.02907,0.01100,0.10311,0.01748,0.01137,0.17073,0.01079,0.00410,0.01800,0.07374,0.00446,0.15388,0.00556,0.01585,0.05556,0.01924,0.15609
0.14348,0.04434,0.36735,0.15372,0.00773,0.10966,0.02656,0.00318,0.00765,0.00461,0.00683,0.03256,0.00563,0.03160,0.00530,0.01941,0.01991,0.00236,0.00267,0.00546
0.00351,0.01637,0.01841,0.24332,0.01466,0.00762,0.22427,0.01200,0.01285,0.01278,0.09254,0.04324,0.01851,0.18890,0.02994,0.01669,0.00465,0.02702,0.00317,0.00954
0.00464,0.00300,0.01618,0.00628,0.03476,0.03845,0.01083,0.00676,0.01115,0.01311,0.01192,0.01257,0.07729,0.00889,0.01595,0.36404,0.33294,0.00677,0.01670,0.00778
0.00417,0.00317,0.01057,0.00426,0.00532,0.00407,0.48329,0.00540,0.00181,0.00230,0.00169,0.00476,0.00268,0.44111,0.00662,0.00292,0.00431,0.00185,0.00187,0.00783
0.01304,0.00960,0.01982,0.01899,0.01102,0.04241,0.05246,0.01760,0.37080,0.08697,0.04808,0.03678,0.02774,0.10155,0.01373,0.01228,0.01521,0.01567,0.04621,0.04005
0.01492,0.02709,0.06817,0.02361,0.01161,0.00606,0.52336,0.01809,0.00494,0.00494,0.00354,0.00854,0.01876,0.13020,0.05488,0.02511,0.02417,0.00657,0.00395,0.02150
0.01082,0.16205,0.02168,0.17500,0.01179,0.01355,0.00912,0.01997,0.17002,0.07107,0.18827,0.02498,0.04553,0.00519,0.00348,0.00516,0.04216,0.01518,0.00277,0.00221
0.00444,0.01572,0.03048,0.33937,0.00681,0.00705,0.01079,0.09885,0.24956,0.03141,0.00418,0.05108,0.00325,0.00686,0.01379,0.01298,0.07676,0.01248,0.01959,0.00454
0.00142,0.00885,0.01004,0.00439,0.00240,0.07945,0.01856,0.00286,0.00420,0.00485,0.00379,0.00623,0.00156,0.00244,0.00263,0.46645,0.00230,0.00144,0.00095,0.37518
0.00268,0.02787,0.06211,0.00298,0.49672,0.23232,0.00266,0.01961,0.00529,0.00375,0.00435,0.00279,0.01494,0.00905,0.09639,0.00376,0.00253,0.00384,0.00109,0.00527
0.06563,0.29013,0.00553,0.03124,0.00474,0.03086,0.17122,0.00685,0.00850,0.01172,0.03497,0.05597,0.00739,0.15063,0.00809,0.00932,0.06807,0.02280,0.00287,0.01348
0.02229,0.02698,0.00860,0.02409,0.07936,0.00979,0.01749,0.00746,0.04218,0.00395,0.02183,0.00676,0.01089,0.03313,0.00337,0.30877,0.00624,0.02486,0.00503,0.33692
0.00366,0.02318,0.18880,0.11121,0.03358,0.03424,0.03586,0.00771,0.06467,0.25831,0.00294,0.00472,0.01151,0.07037,0.02584,0.01307,0.00462,0.01258,0.06561,0.02750
0.00787,0.01159,0.01409,0.01037,0.00647,0.01071,0.00453,0.01962,0.01399,0.00828,0.36465,0.08484,0.07917,0.00790,0.00538,0.00607,0.32911,0.00759,0.00217,0.00558
0.00562,0.01383,0.06788,0.13209,0.01044,0.00541,0.21706,0.09949,0.27839,0.00459,0.01401,0.05675,0.01833,0.00889,0.01276,0.00428,0.03864,0.00410,0.00530,0.00215
0.00311,0.00742,0.03309,0.01448,0.00609,0.01022,0.10242,0.00578,0.00965,0.00663,0.00426,0.08123,0.00412,0.29442,0.00997,0.24757,0.00511,0.00610,0.01007,0.13825
0.00643,0.00455,0.00828,0.01479,0.15678,0.22839,0.00720,0.00577,0.01452,0.00202,0.00232,0.00437,0.16977,0.00498,0.01570,0.00246,0.00406,0.00557,0.00608,0.33596
0.58042,0.00063,0.00411,0.24449,0.00192,0.02535,0.00518,0.00186,0.00340,0.00335,0.00241,0.03103,0.00161,0.00354,0.00196,0.00366,0.07852,0.00252,0.00190,0.00212
0.00245,0.02104,0.01734,0.00289,0.38204,0.35656,0.00346,0.14630,0.00500,0.00321,0.00300,0.00368,0.00422,0.01085,0.01269,0.00229,0.00221,0.01400,0.00127,0.00551
0.00902,0.01050,0.06268,0.00359,0.01214,0.00790,0.47092,0.03054,0.00296,0.00372,0.00548,0.01349,0.00715,0.25954,0.07263,0.00503,0.01041,0.00336,0.00424,0.00470
0.01651,0.00895,0.02970,0.04656,0.01146,0.01607,0.09640,0.04203,0.27626,0.00697,0.01748,0.02173,0.00828,0.14129,0.08835,0.00781,0.14128,0.00452,0.01066,0.00769
0.00581,0.00263,0.17926,0.03093,0.00379,0.02483,0.03035,0.00361,0.04727,0.00717,0.00480,0.29361,0.00592,0.04429,0.00280,0.00226,0.29467,0.00419,0.00922,0.00258
0.00851,0.03386,0.03545,0.06057,0.02425,0.01034,0.08589,0.01290,0.20554,0.02722,0.00559,0.16566,0.00482,0.04012,0.00324,0.05053,0.00851,0.01544,0.01139,0.19020
0.28085,0.26311,0.00634,0.01940,0.01398,0.02345,0.20222,0.01808,0.03540,0.01523,0.00454,0.01397,0.00356,0.04720,0.00848,0.01078,0.01839,0.00624,0.00482,0.00395
0.18556,0.09540,0.02636,0.00951,0.01713,0.01081,0.01496,0.03623,0.32050,0.02852,0.08994,0.00636,0.08706,0.01744,0.00513,0.00655,0.01172,0.01174,0.01398,0.00509
0.01209,0.03144,0.01936,0.02011,0.00419,0.01003,0.00662,0.18279,0.02525,0.01022,0.12845,0.09042,0.00624,0.01881,0.09508,0.08748,0.07563,0.00527,0.00494,0.16559
0.00281,0.00446,0.00698,0.00842,0.00350,0.02381,0.13009,0.10005,0.11808,0.00417,0.04901,0.35920,0.00710,0.02026,0.00440,0.00731,0.13914,0.00276,0.00188,0.00656
0.16716,0.29478,0.00476,0.01133,0.03556,0.02217,0.00910,0.04011,0.14152,0.00522,0.02226,0.00426,0.08608,0.01024,0.01365,0.00789,0.00416,0.01095,0.00295,0.10585
0.01158,0.00652,0.01546,0.00712,0.00316,0.05338,0.03335,0.00475,0.36616,0.00929,0.01037,0.03601,0.12517,0.05793,0.00564,0.00404,0.17126,0.02538,0.00332,0.05013
0.19093,0.30672,0.01222,0.01733,0.00566,0.02889,0.01642,0.00545,0.03090,0.01185,0.01839,0.01643,0.17459,0.01332,0.00849,0.02167,0.00801,0.00648,0.00504,0.10120
0.03477,0.01870,0.01775,0.00987,0.19078,0.30073,0.00643,0.00605,0.16093,0.00330,0.00902,0.00402,0.08856,0.04733,0.03779,0.01694,0.00780,0.01801,0.01004,0.01117
0.00920,0.00386,0.07339,0.03502,0.00944,0.01578,0.14037,0.05831,0.22230,0.00736,0.00852,0.08968,0.01164,0.01936,0.01083,0.00583,0.25526,0.00549,0.01590,0.00245
0.31737,0.00150,0.00823,0.22324,0.00414,0.08263,0.01394,0.00673,0.00707,0.01273,0.00435,0.10231,0.00409,0.02487,0.01553,0.00814,0.14093,0.01385,0.00454,0.00382
0.00432,0.21753,0.01245,0.05540,0.02450,0.00500,0.01262,0.02775,0.08728,0.00812,0.01538,0.11670,0.01287,0.00754,0.00476,0.16369,0.00873,0.00736,0.01584,0.19216
0.00332,0.00344,0.01103,0.03942,0.00484,0.04966,0.01375,0.10642,0.03688,0.02112,0.01010,0.03629,0.02363,0.01160,0.11010,0.00836,0.46726,0.02336,0.00532,0.01410
0.05650,0.02848,0.05091,0.10236,0.02017,0.03768,0.02532,0.01271,0.06930,0.21902,0.00695,0.01521,0.03419,0.08560,0.00315,0.05445,0.02419,0.11897,0.01147,0.02335
0.00657,0.22700,0.02229,0.05876,0.00386,0.48897,0.00431,0.00237,0.01472,0.00578,0.00766,0.00386,0.00389,0.00238,0.00142,0.06801,0.00382,0.01661,0.01111,0.04662
0.00267,0.01348,0.08070,0.28260,0.00433,0.00669,0.06757,0.03179,0.29075,0.00494,0.01011,0.02954,0.00731,0.00734,0.12302,0.00336,0.02149,0.00359,0.00588,0.00284
0.00483,0.00287,0.00490,0.00254,0.00990,0.01551,0.00226,0.00317,0.48728,0.00262,0.00862,0.00569,0.01488,0.27812,0.00227,0.05591,0.00671,0.00764,0.00170,0.08258
0.16350,0.42150,0.00517,0.01524,0.00884,0.01384,0.01579,0.08199,0.02304,0.06054,0.06462,0.00519,0.07104,0.00828,0.00744,0.01433,0.00484,0.00304,0.00341,0.00837
0.00113,0.00278,0.01712,0.38989,0.01554,0.21344,0.00420,0.01426,0.31376,0.00381,0.00169,0.00384,0.00325,0.00131,0.00404,0.00120,0.00298,0.00143,0.00314,0.00121
0.00328,0.00564,0.13686,0.16631,0.01040,0.02373,0.00746,0.14205,0.24105,0.09617,0.00711,0.06409,0.00853,0.00275,0.01160,0.00956,0.00653,0.01194,0.01395,0.03098
0.30898,0.43040,0.00640,0.00556,0.01054,0.01271,0.00810,0.02849,0.12496,0.00524,0.00735,0.00498,0.01509,0.00646,0.00223,0.00495,0.00487,0.00479,0.00290,0.00500
