0.05012,0.01214,0.00936,0.06440,0.01143,0.08539,0.03442,0.06471,0.02199,0.00951,0.00706,0.04572,0.16471,0.00832,0.01011,0.00826,0.04077,0.00729,0.27099,0.07329
0.05004,0.01248,0.00949,0.04667,0.01051,0.03849,0.06140,0.03569,0.01314,0.00847,0.00651,0.14974,0.14369,0.00856,0.00768,0.00832,0.04422,0.00712,0.22886,0.10891
0.04183,0.02143,0.01402,0.08061,0.01443,0.07536,0.02726,0.07805,0.02884,0.01463,0.01262,0.02090,0.04976,0.00939,0.01015,0.00894,0.29491,0.01059,0.16556,0.02073
0.08147,0.01330,0.00884,0.26543,0.00995,0.02989,0.16277,0.03673,0.01259,0.01095,0.00798,0.04475,0.01913,0.00634,0.00897,0.00767,0.14269,0.00906,0.07143,0.05005
0.06445,0.01923,0.01033,0.04466,0.00969,0.14462,0.02872,0.28645,0.01943,0.00762,0.00985,0.02331,0.08071,0.00853,0.01102,0.00807,0.03682,0.00687,0.15456,0.02505
0.06932,0.01625,0.01762,0.17842,0.01539,0.03758,0.08372,0.03337,0.02178,0.01157,0.01409,0.01777,0.09489,0.01481,0.02321,0.00974,0.13516,0.01283,0.17286,0.01961
0.26164,0.01449,0.01149,0.14070,0.01338,0.07492,0.02953,0.07287,0.02044,0.01142,0.01124,0.04872,0.06621,0.00939,0.01160,0.00861,0.04561,0.00951,0.07711,0.06111
0.06600,0.01062,0.00695,0.11627,0.00772,0.03889,0.06439,0.03542,0.01235,0.00608,0.00543,0.11543,0.01888,0.00503,0.00574,0.00535,0.24763,0.00442,0.11643,0.11098
0.02263,0.00997,0.00734,0.06502,0.00838,0.10368,0.47997,0.08185,0.01268,0.00550,0.00550,0.03860,0.02501,0.00621,0.00589,0.00506,0.02289,0.00445,0.04771,0.04167
0.25118,0.01681,0.00972,0.11742,0.01152,0.07908,0.07783,0.06592,0.02318,0.00873,0.00929,0.03552,0.02895,0.00831,0.01057,0.00702,0.06180,0.00791,0.12172,0.04751
0.16482,0.03512,0.02482,0.10921,0.02036,0.07567,0.05444,0.07104,0.06483,0.01695,0.01313,0.01984,0.15257,0.01717,0.01888,0.01133,0.02969,0.01186,0.06614,0.02215
0.07029,0.01687,0.01350,0.13186,0.01105,0.02970,0.06478,0.02971,0.01736,0.01311,0.00752,0.01324,0.04295,0.01205,0.01144,0.00916,0.23141,0.00680,0.25155,0.01564
0.06450,0.02330,0.01499,0.12675,0.01499,0.05938,0.16469,0.05686,0.03209,0.01081,0.01145,0.03927,0.05445,0.01703,0.01558,0.01305,0.09475,0.01018,0.13029,0.04558
0.09753,0.02773,0.01714,0.11268,0.02201,0.06411,0.14532,0.07292,0.02558,0.01433,0.01049,0.02668,0.06471,0.01289,0.01271,0.01498,0.08963,0.01360,0.12793,0.02702
0.06476,0.00985,0.00595,0.07067,0.00883,0.03790,0.02915,0.04033,0.01421,0.00568,0.00484,0.23811,0.02188,0.00558,0.00555,0.00467,0.04088,0.00510,0.05992,0.32612
0.07015,0.02004,0.01001,0.12968,0.01355,0.13390,0.05757,0.15782,0.01670,0.00948,0.00895,0.06487,0.04417,0.01009,0.01000,0.00879,0.05202,0.01038,0.08631,0.08552
0.08724,0.01718,0.01247,0.08364,0.01178,0.04558,0.07167,0.04725,0.01843,0.01052,0.00934,0.10612,0.05014,0.00899,0.01007,0.00922,0.05143,0.00657,0.23714,0.10523
0.16888,0.01084,0.00739,0.27158,0.00798,0.02943,0.04275,0.02920,0.01192,0.00649,0.00523,0.12614,0.02169,0.00561,0.00774,0.00574,0.03425,0.00467,0.06536,0.13712
0.05547,0.00973,0.00694,0.04394,0.00800,0.02859,0.04500,0.03183,0.01159,0.00635,0.00645,0.13145,0.30373,0.00684,0.00698,0.00456,0.02209,0.00542,0.13115,0.13391
0.06366,0.02194,0.01735,0.13851,0.01181,0.09227,0.10976,0.11412,0.02305,0.01059,0.00930,0.12299,0.02855,0.00750,0.00798,0.01284,0.05168,0.00857,0.07620,0.07135
0.09061,0.02122,0.01356,0.16428,0.01245,0.05518,0.06590,0.05478,0.02716,0.01136,0.00770,0.10083,0.03536,0.00892,0.00982,0.00666,0.08842,0.00708,0.12816,0.09055
0.21947,0.01218,0.00831,0.14836,0.00866,0.10820,0.04814,0.10825,0.01883,0.00710,0.00571,0.03932,0.08294,0.00545,0.00517,0.00508,0.02428,0.00437,0.09503,0.04514
0.03609,0.01727,0.01045,0.09695,0.01190,0.09066,0.16353,0.09505,0.01912,0.01036,0.00810,0.04807,0.02666,0.00856,0.00755,0.00691,0.15851,0.00750,0.12043,0.05632
0.11461,0.01355,0.00877,0.09189,0.01072,0.02973,0.03452,0.02883,0.01712,0.00841,0.00785,0.13460,0.03708,0.00926,0.00854,0.00747,0.10853,0.00617,0.17370,0.14864
0.06390,0.00928,0.00544,0.04113,0.00694,0.05965,0.05338,0.06895,0.00960,0.00545,0.00487,0.37927,0.01785,0.00474,0.00485,0.00462,0.09069,0.00403,0.08272,0.08262
0.05447,0.01910,0.01164,0.08638,0.01046,0.08028,0.14551,0.10451,0.01931,0.00931,0.00699,0.15298,0.02801,0.00723,0.00672,0.00645,0.08125,0.00668,0.07823,0.08449
0.04058,0.02326,0.01437,0.06528,0.01491,0.04871,0.23981,0.04909,0.02364,0.01267,0.01071,0.02202,0.06591,0.01921,0.02339,0.01149,0.14754,0.00980,0.13077,0.02683
0.13975,0.01940,0.01491,0.15094,0.01499,0.10108,0.05603,0.09785,0.02460,0.01077,0.00998,0.05637,0.02802,0.00854,0.01014,0.00866,0.07936,0.00856,0.08723,0.07283
0.12369,0.01298,0.00765,0.03032,0.00901,0.05436,0.19182,0.05152,0.01261,0.00719,0.00597,0.02178,0.02391,0.00623,0.00685,0.00664,0.19855,0.00477,0.20150,0.02264
0.08941,0.02398,0.01394,0.13798,0.01651,0.17585,0.03894,0.13727,0.03843,0.01241,0.00909,0.03295,0.03357,0.00705,0.00793,0.00948,0.07392,0.00693,0.10233,0.03202
0.05745,0.01581,0.01183,0.10660,0.01209,0.13106,0.04103,0.09060,0.02354,0.00946,0.00869,0.04002,0.21030,0.00938,0.00907,0.00879,0.03609,0.00707,0.12361,0.04752
0.06805,0.01178,0.00879,0.03064,0.01110,0.06107,0.25298,0.06409,0.01159,0.00958,0.00904,0.08583,0.09799,0.00698,0.00835,0.00843,0.03337,0.00824,0.11926,0.09284
0.04234,0.01043,0.00628,0.13245,0.00898,0.03991,0.02538,0.04057,0.01176,0.00616,0.00624,0.22439,0.03340,0.00522,0.00566,0.00531,0.07360,0.00548,0.16400,0.15243
0.04700,0.01382,0.01228,0.15812,0.01349,0.05357,0.09837,0.05359,0.01781,0.01205,0.00985,0.08616,0.07680,0.01382,0.01238,0.01079,0.04440,0.00911,0.07096,0.18563
0.06357,0.02801,0.01215,0.07285,0.01666,0.06410,0.05751,0.10460,0.02331,0.01435,0.01054,0.04924,0.04144,0.00991,0.01213,0.01364,0.20388,0.01189,0.14450,0.04573
0.04247,0.01063,0.00753,0.23126,0.00759,0.03122,0.14801,0.03043,0.01093,0.00614,0.00572,0.12786,0.02302,0.00530,0.00835,0.00721,0.07183,0.00467,0.09565,0.12419
0.04273,0.01265,0.00653,0.05724,0.00735,0.10016,0.05644,0.12375,0.01293,0.00623,0.00445,0.10936,0.24026,0.00475,0.00510,0.00447,0.01962,0.00464,0.09213,0.08921
0.05319,0.02454,0.01933,0.15739,0.01553,0.10553,0.13319,0.09582,0.02852,0.01521,0.00911,0.06583,0.04406,0.01231,0.01220,0.01053,0.03851,0.01037,0.06068,0.08815
0.14474,0.01230,0.00809,0.04525,0.01048,0.13607,0.09967,0.08884,0.01335,0.00854,0.00806,0.05408,0.16700,0.00777,0.00810,0.00762,0.02359,0.00788,0.08469,0.06389
0.09072,0.00925,0.00755,0.07084,0.00829,0.06592,0.12149,0.05752,0.01161,0.00522,0.00604,0.01652,0.01933,0.00518,0.00595,0.00467,0.36999,0.00475,0.10203,0.01713
0.38387,0.01975,0.01065,0.08571,0.01346,0.04582,0.06541,0.04139,0.02584,0.00953,0.00865,0.02260,0.03091,0.00744,0.01139,0.00688,0.07210,0.00627,0.10759,0.02472
0.07407,0.01549,0.01138,0.10501,0.01018,0.04828,0.28611,0.05006,0.01323,0.00951,0.00955,0.02011,0.04010,0.00767,0.00910,0.00915,0.09258,0.00769,0.16131,0.01940
0.06211,0.02555,0.01859,0.17567,0.01801,0.11675,0.06893,0.07571,0.04080,0.01231,0.01230,0.03868,0.04799,0.00865,0.01073,0.01103,0.05869,0.00794,0.13945,0.05012
0.04516,0.00847,0.00711,0.07932,0.00852,0.05024,0.04358,0.03763,0.01667,0.00673,0.00745,0.03791,0.36480,0.00778,0.00882,0.00672,0.03224,0.00681,0.18386,0.04019
0.04313,0.01362,0.00986,0.07153,0.01112,0.19967,0.04001,0.08723,0.03480,0.00965,0.00750,0.04178,0.22715,0.00715,0.00986,0.00700,0.03109,0.00836,0.09448,0.04502
0.05565,0.00997,0.01003,0.04516,0.00947,0.02425,0.02500,0.02257,0.01342,0.00814,0.00813,0.07860,0.04089,0.00846,0.01137,0.01141,0.27274,0.00907,0.24122,0.09444
0.10569,0.01672,0.01059,0.10188,0.01265,0.05626,0.06231,0.07044,0.01869,0.01012,0.00838,0.04124,0.02167,0.00729,0.01003,0.00777,0.29676,0.00592,0.09115,0.04445
0.14717,0.01801,0.01273,0.12421,0.01553,0.10669,0.03829,0.12285,0.02023,0.01188,0.00879,0.03723,0.08262,0.01225,0.01224,0.00786,0.03613,0.00978,0.13826,0.03725
0.06886,0.01310,0.01145,0.22471,0.01255,0.08476,0.08452,0.09229,0.01845,0.00824,0.00655,0.03036,0.01821,0.00764,0.00744,0.00677,0.18028,0.00584,0.08174,0.03623
0.06090,0.01204,0.00840,0.19221,0.00818,0.02982,0.07183,0.02993,0.01366,0.00746,0.00875,0.01479,0.02410,0.01166,0.01470,0.00723,0.36547,0.00723,0.09199,0.01967
0.13392,0.01387,0.00890,0.04333,0.01098,0.03584,0.10961,0.04306,0.01365,0.00706,0.00742,0.09674,0.19701,0.00872,0.00791,0.00713,0.05201,0.00716,0.10398,0.09169
0.06477,0.01466,0.01192,0.14054,0.01189,0.10973,0.06691,0.09590,0.01710,0.01039,0.01167,0.04371,0.15327,0.01260,0.01659,0.01038,0.03494,0.01135,0.09083,0.07085
0.09825,0.01175,0.00654,0.04720,0.00946,0.04153,0.05371,0.03937,0.01429,0.00581,0.00600,0.15699,0.07553,0.00603,0.00625,0.00543,0.03132,0.00515,0.16367,0.21572
0.05684,0.01520,0.01014,0.27122,0.01252,0.04280,0.31221,0.04340,0.01574,0.00872,0.00880,0.02046,0.02948,0.00935,0.00940,0.00745,0.04388,0.00614,0.05385,0.02241
0.07985,0.02024,0.00994,0.10550,0.01347,0.10639,0.06997,0.11818,0.02075,0.01057,0.00909,0.07541,0.04983,0.00963,0.01040,0.01037,0.04685,0.00895,0.13331,0.09131
0.22286,0.01201,0.00906,0.18408,0.01026,0.05543,0.05619,0.06027,0.01912,0.00768,0.00950,0.08120,0.04090,0.00960,0.00959,0.00879,0.03335,0.00873,0.07325,0.08815
0.04741,0.01116,0.00776,0.10278,0.00849,0.03269,0.03532,0.02867,0.01337,0.00623,0.00688,0.04987,0.31785,0.00747,0.00731,0.00538,0.02188,0.00563,0.20403,0.07980
0.04108,0.01875,0.01240,0.06275,0.01724,0.04290,0.02970,0.03808,0.02230,0.01304,0.01746,0.02366,0.03528,0.01612,0.01950,0.01388,0.35850,0.00929,0.18071,0.02736
0.10449,0.02239,0.01472,0.15490,0.01769,0.08138,0.04628,0.07880,0.03193,0.01258,0.00912,0.04862,0.04018,0.01159,0.01493,0.00900,0.10298,0.00621,0.11982,0.07240
0.03250,0.01118,0.00739,0.03780,0.00999,0.13507,0.03066,0.09320,0.02520,0.00753,0.00805,0.31768,0.03819,0.00650,0.00716,0.00658,0.02181,0.00641,0.05179,0.14531
0.03967,0.01350,0.01307,0.12251,0.01198,0.12783,0.04949,0.11752,0.01534,0.01100,0.01136,0.02986,0.07780,0.01121,0.01109,0.01109,0.06798,0.01027,0.21443,0.03300
0.30838,0.01561,0.01151,0.10110,0.01304,0.04392,0.04174,0.04467,0.02051,0.01111,0.00772,0.07110,0.04362,0.00794,0.00861,0.00670,0.03820,0.00797,0.11590,0.08064
0.03272,0.01485,0.00769,0.12488,0.00993,0.06766,0.13697,0.06691,0.01129,0.00822,0.01182,0.07940,0.02345,0.00789,0.01540,0.00979,0.07971,0.00690,0.09096,0.19354
0.05125,0.00996,0.00642,0.16026,0.00761,0.05059,0.04447,0.04428,0.01068,0.00644,0.00577,0.15943,0.05335,0.00655,0.00582,0.00597,0.03938,0.00503,0.19047,0.13628
0.15238,0.01737,0.00994,0.08856,0.01055,0.13684,0.07708,0.15576,0.02209,0.00849,0.00947,0.02370,0.02526,0.00791,0.01052,0.00719,0.08553,0.00793,0.11658,0.02683
0.25389,0.01323,0.01354,0.07025,0.01249,0.12228,0.02538,0.11771,0.01660,0.01027,0.00841,0.02599,0.02011,0.00844,0.01140,0.00791,0.15439,0.00795,0.07624,0.02353
0.03044,0.01183,0.01122,0.15276,0.01297,0.05001,0.03135,0.04484,0.01183,0.00892,0.00853,0.04600,0.05081,0.01150,0.01163,0.00938,0.10427,0.00976,0.33269,0.04925
0.16380,0.01062,0.00792,0.02485,0.00828,0.07058,0.11797,0.06816,0.01282,0.00740,0.00549,0.09840,0.03050,0.00505,0.00603,0.00490,0.10538,0.00548,0.18288,0.06350
0.03011,0.01187,0.01041,0.10305,0.01542,0.14569,0.11570,0.06867,0.02895,0.00901,0.01032,0.03640,0.03700,0.00791,0.01412,0.00863,0.08327,0.00783,0.20386,0.05180
0.10869,0.01510,0.00900,0.15025,0.00965,0.05785,0.05006,0.05600,0.01956,0.00821,0.00731,0.09741,0.04685,0.00872,0.00910,0.00679,0.03996,0.00664,0.12237,0.17049
0.03204,0.01394,0.00845,0.06478,0.00828,0.03229,0.18127,0.03734,0.01051,0.00827,0.00904,0.01753,0.02262,0.00832,0.01110,0.00782,0.36742,0.00797,0.12938,0.02163
0.14318,0.01851,0.01035,0.05507,0.01084,0.17992,0.02161,0.14590,0.01859,0.01117,0.00935,0.05419,0.03573,0.00986,0.01080,0.00809,0.07960,0.00877,0.11895,0.04953
0.03350,0.01643,0.02255,0.05635,0.02091,0.22223,0.03623,0.07861,0.05503,0.01805,0.01439,0.03079,0.04495,0.00995,0.01463,0.01402,0.09838,0.01045,0.16901,0.03355
0.21376,0.01521,0.00862,0.05177,0.00923,0.09384,0.06951,0.08460,0.01768,0.00880,0.00908,0.04436,0.16803,0.00807,0.00780,0.00771,0.02513,0.00674,0.10430,0.04576
0.08031,0.01485,0.00863,0.35676,0.01130,0.06307,0.04719,0.05604,0.01716,0.00688,0.00694,0.06825,0.01571,0.00654,0.01068,0.00867,0.05764,0.00638,0.04644,0.11056
0.11259,0.01486,0.01114,0.13112,0.01176,0.03004,0.07676,0.02754,0.01753,0.01099,0.00518,0.10500,0.10502,0.00503,0.00565,0.00617,0.02941,0.00582,0.22495,0.06343
0.13032,0.01441,0.00803,0.09565,0.00938,0.05592,0.02484,0.05574,0.01744,0.00705,0.00562,0.21699,0.02781,0.00600,0.00548,0.00496,0.04661,0.00544,0.11609,0.14622
0.05702,0.01932,0.01171,0.16281,0.01595,0.11981,0.11643,0.25008,0.02209,0.01059,0.01002,0.01151,0.03394,0.00871,0.01182,0.00765,0.03468,0.00903,0.07556,0.01126
0.08568,0.01262,0.00950,0.03363,0.00968,0.17376,0.17166,0.16067,0.01378,0.01130,0.00953,0.02334,0.10745,0.00855,0.01003,0.00907,0.03020,0.00801,0.08756,0.02399
0.09046,0.01170,0.00643,0.16339,0.00844,0.06758,0.06273,0.04821,0.01284,0.00707,0.00750,0.04765,0.09242,0.00725,0.00916,0.00748,0.05634,0.00758,0.23700,0.04877
0.11107,0.02171,0.01127,0.02723,0.01755,0.05353,0.04273,0.05401,0.03632,0.01131,0.00857,0.02952,0.11139,0.01183,0.01102,0.00782,0.09590,0.00834,0.29214,0.03674
0.24058,0.02130,0.01686,0.13382,0.02024,0.06892,0.03795,0.06803,0.02799,0.01593,0.00997,0.01927,0.03922,0.01126,0.01083,0.00978,0.08477,0.00838,0.13331,0.02160
0.05172,0.01784,0.01523,0.07565,0.01779,0.09119,0.12043,0.11199,0.02160,0.00769,0.01162,0.04009,0.08047,0.01387,0.01697,0.00922,0.04773,0.01007,0.17636,0.06247
0.17047,0.01319,0.01040,0.12701,0.00979,0.01590,0.05001,0.01578,0.01567,0.00972,0.00861,0.05148,0.04815,0.00612,0.00871,0.00696,0.13589,0.00745,0.24114,0.04756
0.14108,0.02534,0.01956,0.05919,0.01743,0.11163,0.03275,0.13285,0.03236,0.01683,0.01039,0.02162,0.04634,0.01101,0.01045,0.01089,0.09768,0.00882,0.16823,0.02554
0.08571,0.01611,0.00872,0.09364,0.01190,0.06313,0.04332,0.06329,0.01970,0.00855,0.00724,0.03778,0.02041,0.00541,0.00611,0.00624,0.32152,0.00511,0.13112,0.04499
0.07841,0.01177,0.00904,0.32073,0.01010,0.05027,0.13839,0.05247,0.01302,0.00715,0.00926,0.02415,0.02147,0.00922,0.01070,0.00863,0.09865,0.00821,0.09225,0.02611
0.05965,0.01529,0.01868,0.07666,0.01733,0.07674,0.04857,0.10004,0.03217,0.01253,0.00954,0.02972,0.03914,0.00964,0.01098,0.01358,0.15661,0.00966,0.22734,0.03615
0.09535,0.02963,0.02468,0.10652,0.02725,0.06669,0.06316,0.05825,0.03968,0.02021,0.01703,0.02535,0.05527,0.01133,0.01427,0.00973,0.19161,0.01345,0.10407,0.02647
0.05984,0.01125,0.00723,0.17794,0.00847,0.11204,0.06509,0.11239,0.01102,0.00612,0.00685,0.04390,0.04414,0.00559,0.00671,0.00659,0.07903,0.00839,0.18997,0.03744
0.14599,0.01096,0.00896,0.06847,0.00926,0.05097,0.02160,0.05146,0.01271,0.00852,0.00675,0.02939,0.04184,0.00756,0.00936,0.00723,0.15788,0.00622,0.31049,0.03440
0.07926,0.00898,0.00658,0.05861,0.00618,0.04500,0.03784,0.04414,0.01456,0.00564,0.00495,0.01339,0.56356,0.00363,0.00502,0.00366,0.01505,0.00331,0.06546,0.01517
0.02935,0.00828,0.00557,0.03051,0.00593,0.03025,0.02157,0.03029,0.00854,0.00431,0.00422,0.04966,0.01314,0.00406,0.00539,0.00421,0.60881,0.00355,0.08173,0.05062
0.25010,0.01375,0.00953,0.05983,0.00976,0.17161,0.01901,0.09189,0.02373,0.00811,0.00864,0.06688,0.03818,0.00990,0.01113,0.00789,0.03483,0.00702,0.05689,0.10133
0.08613,0.01163,0.00820,0.16770,0.00847,0.15624,0.05646,0.15163,0.01304,0.00725,0.00570,0.01445,0.10371,0.00553,0.00764,0.00580,0.02913,0.00489,0.14098,0.01541
0.07237,0.02418,0.01669,0.18111,0.02760,0.15009,0.03884,0.10252,0.04050,0.01460,0.01314,0.03223,0.08331,0.01544,0.01896,0.01322,0.03398,0.01102,0.07178,0.03842
0.07893,0.02059,0.01046,0.20794,0.01481,0.02795,0.03825,0.03100,0.02225,0.01251,0.01113,0.15631,0.02906,0.01003,0.01202,0.01046,0.10464,0.00906,0.09041,0.10220
0.04554,0.00765,0.00483,0.03333,0.00590,0.03483,0.03256,0.04120,0.00882,0.00468,0.00380,0.01173,0.01384,0.00377,0.00439,0.00352,0.52812,0.00322,0.19601,0.01227
0.03854,0.01251,0.00965,0.27930,0.01060,0.07517,0.05099,0.07268,0.01091,0.00764,0.01208,0.04904,0.05619,0.00961,0.01051,0.00977,0.06903,0.00914,0.14527,0.06139
0.06442,0.02227,0.01927,0.05146,0.01412,0.06368,0.28831,0.06345,0.01469,0.01054,0.01455,0.04543,0.09965,0.01751,0.01559,0.01114,0.03630,0.01111,0.09156,0.04496
