0.30550,0.12221,0.03553,0.03639,0.31284,0.07973,0.07039,0.03741
0.37493,0.05407,0.03631,0.03793,0.31056,0.10393,0.04472,0.03755
0.30259,0.09793,0.06589,0.03020,0.29667,0.09865,0.04322,0.06486
0.38738,0.05406,0.05186,0.00892,0.37613,0.05816,0.01056,0.05293
0.35747,0.10739,0.01904,0.01748,0.34312,0.11083,0.02509,0.01957
0.38194,0.07412,0.01719,0.03660,0.36747,0.03799,0.06304,0.02164
0.32781,0.09478,0.05654,0.01975,0.32708,0.02009,0.09511,0.05884
0.41462,0.02792,0.04279,0.01191,0.41206,0.02271,0.02141,0.04658
0.20587,0.08152,0.17384,0.02046,0.22419,0.07048,0.04448,0.17917
0.41603,0.04016,0.02818,0.01846,0.40896,0.01901,0.04058,0.02864
0.36990,0.02407,0.09099,0.01410,0.36111,0.02401,0.02278,0.09304
0.24368,0.09769,0.07799,0.03890,0.27208,0.09466,0.08681,0.08819
0.39218,0.04910,0.01807,0.03066,0.33018,0.08494,0.07435,0.02052
0.32008,0.10776,0.02860,0.02947,0.30430,0.05012,0.12637,0.03329
0.37854,0.08122,0.01830,0.01468,0.38090,0.02865,0.07932,0.01840
0.40489,0.05063,0.02832,0.01998,0.33970,0.08675,0.04052,0.02921
0.31138,0.05987,0.11834,0.01431,0.30506,0.02353,0.04829,0.11923
0.43336,0.03255,0.01851,0.01215,0.42710,0.03239,0.02666,0.01728
0.43588,0.01754,0.03367,0.00725,0.43506,0.01614,0.01819,0.03627
0.38253,0.03728,0.03311,0.03859,0.39667,0.03485,0.04102,0.03595
0.26467,0.17415,0.03079,0.05009,0.25320,0.12655,0.06937,0.03118
0.44722,0.02801,0.01268,0.01803,0.42546,0.03066,0.02482,0.01312
0.26827,0.13254,0.02843,0.02495,0.29518,0.13412,0.08575,0.03075
0.33465,0.05365,0.07578,0.03733,0.23206,0.13938,0.04266,0.08449
0.33418,0.09115,0.04252,0.03555,0.34365,0.02654,0.08631,0.04011
0.27496,0.14107,0.06026,0.02167,0.25027,0.06323,0.12555,0.06298
0.38386,0.07236,0.02111,0.01283,0.38801,0.05567,0.04378,0.02237
0.31204,0.04751,0.04748,0.02166,0.31404,0.10247,0.10961,0.04520
0.31800,0.05480,0.05177,0.05443,0.34443,0.03285,0.08731,0.05643
0.45043,0.01733,0.01937,0.01064,0.45221,0.01526,0.01621,0.01855
0.35613,0.06190,0.04181,0.01856,0.23468,0.19414,0.04974,0.04304
0.40607,0.06572,0.01069,0.01875,0.40253,0.05766,0.02788,0.01070
0.42157,0.03667,0.01383,0.03927,0.39358,0.04879,0.03182,0.01448
0.28863,0.16924,0.01796,0.01614,0.28303,0.14815,0.05668,0.02017
0.39472,0.03975,0.01977,0.02876,0.41387,0.02182,0.06016,0.02115
0.31821,0.13536,0.01761,0.02869,0.30036,0.14339,0.03668,0.01971
0.33200,0.11312,0.02782,0.03830,0.33475,0.01880,0.11149,0.02372
0.40667,0.03592,0.02862,0.01692,0.40853,0.03062,0.04280,0.02992
0.31187,0.09184,0.03641,0.07801,0.30729,0.08337,0.05610,0.03512
0.37361,0.08846,0.01846,0.02412,0.36649,0.06919,0.04023,0.01943
0.24070,0.17680,0.03000,0.01835,0.26166,0.17171,0.07108,0.02969
0.31606,0.03651,0.10029,0.01075,0.34067,0.03369,0.05447,0.10756
0.18881,0.05686,0.05665,0.17079,0.27704,0.04321,0.14839,0.05825
0.34832,0.04441,0.09308,0.00812,0.35022,0.03563,0.02706,0.09316
0.38095,0.07654,0.03111,0.01173,0.37848,0.02370,0.06705,0.03043
0.38217,0.03729,0.03845,0.03052,0.37029,0.05400,0.04903,0.03825
0.47474,0.00949,0.00959,0.00639,0.45260,0.02632,0.01046,0.01040
0.38163,0.03655,0.03021,0.06302,0.35285,0.05813,0.04074,0.03686
0.19078,0.19413,0.02592,0.01491,0.25225,0.19682,0.09609,0.02911
0.37354,0.06123,0.04088,0.00857,0.38188,0.02614,0.06365,0.04410
0.31859,0.03952,0.03347,0.18860,0.29025,0.04922,0.04161,0.03874
0.22951,0.12381,0.03526,0.03000,0.28700,0.06378,0.19246,0.03817
0.34477,0.08000,0.04439,0.03194,0.34844,0.02969,0.07508,0.04569
0.40165,0.04219,0.03255,0.02632,0.37696,0.04838,0.03183,0.04013
0.31332,0.08958,0.04103,0.04195,0.33062,0.06219,0.08129,0.04003
0.38952,0.05195,0.01486,0.02590,0.40923,0.02071,0.07353,0.01430
0.32267,0.06881,0.06981,0.03566,0.29534,0.08712,0.04480,0.07579
0.32460,0.03630,0.03488,0.19818,0.29725,0.04789,0.01947,0.04142
0.33553,0.05087,0.08634,0.02249,0.33836,0.03846,0.04220,0.08575
0.36353,0.06717,0.04982,0.01751,0.36516,0.05366,0.03154,0.05160
0.31249,0.09842,0.04181,0.05378,0.29894,0.10883,0.04303,0.04269
0.39411,0.02977,0.02880,0.07193,0.37972,0.03334,0.02708,0.03525
0.36851,0.04412,0.05516,0.04654,0.21552,0.17119,0.03939,0.05958
0.33590,0.12335,0.01869,0.01729,0.33473,0.06041,0.08966,0.01998
0.32921,0.01926,0.13587,0.01035,0.32711,0.01462,0.01907,0.14452
0.40996,0.04319,0.02340,0.01148,0.41341,0.03064,0.04041,0.02750
0.37977,0.02445,0.07139,0.01478,0.35608,0.04768,0.03010,0.07575
0.32518,0.13513,0.02501,0.01499,0.30357,0.14889,0.02338,0.02386
0.39329,0.08078,0.01676,0.00862,0.39341,0.07557,0.01540,0.01618
0.32852,0.10589,0.04944,0.01134,0.31238,0.05743,0.08629,0.04871
0.38475,0.04371,0.05255,0.01892,0.35700,0.05904,0.02424,0.05978
0.41160,0.06082,0.01256,0.01271,0.40198,0.06666,0.02021,0.01347
0.37983,0.06105,0.03399,0.01320,0.38638,0.03843,0.05249,0.03464
0.32265,0.07915,0.02114,0.10010,0.31618,0.08044,0.05940,0.02094
0.40195,0.05845,0.01667,0.02519,0.40235,0.03095,0.04726,0.01717
0.43030,0.01675,0.01097,0.02685,0.40641,0.05448,0.04181,0.01243
0.38432,0.03566,0.02971,0.05196,0.37676,0.04181,0.04627,0.03350
0.34919,0.03232,0.06385,0.07575,0.32705,0.04871,0.03574,0.06740
0.28636,0.03428,0.02240,0.01323,0.40359,0.03269,0.18382,0.02363
0.35726,0.03974,0.07259,0.01491,0.36795,0.02601,0.04846,0.07309
0.34879,0.02502,0.10218,0.02893,0.33047,0.03114,0.02874,0.10474
0.37599,0.03810,0.05940,0.02677,0.34597,0.04950,0.03568,0.06859
0.35785,0.06029,0.06769,0.01080,0.35438,0.04747,0.03133,0.07019
0.27115,0.05393,0.14959,0.02835,0.23915,0.06476,0.03195,0.16111
0.29185,0.03509,0.13467,0.03338,0.29043,0.03053,0.03761,0.14644
0.23924,0.04652,0.15311,0.07361,0.24828,0.03274,0.04703,0.15946
0.14744,0.15645,0.08079,0.02045,0.23308,0.04760,0.22546,0.08871
0.36474,0.06466,0.04144,0.01886,0.37484,0.03854,0.05340,0.04352
0.37455,0.04134,0.04534,0.01841,0.38088,0.03249,0.06261,0.04440
0.42886,0.02360,0.03135,0.01204,0.37445,0.06811,0.02663,0.03495
0.35362,0.08860,0.04565,0.01792,0.35359,0.04054,0.05593,0.04415
0.33355,0.09222,0.03689,0.02934,0.32642,0.08929,0.04927,0.04302
0.28435,0.09931,0.09770,0.02224,0.28486,0.05168,0.06221,0.09765
0.28257,0.05070,0.02702,0.25518,0.27649,0.02158,0.05629,0.03018
0.29218,0.11100,0.06866,0.02289,0.29779,0.08276,0.05691,0.06782
0.40726,0.05112,0.02241,0.01179,0.32728,0.09531,0.06007,0.02476
0.24697,0.14221,0.04027,0.02819,0.27714,0.10893,0.11515,0.04114
0.33607,0.03452,0.10748,0.02483,0.32698,0.02923,0.02625,0.11464
0.43236,0.02825,0.02051,0.01533,0.43037,0.02381,0.02681,0.02254
0.25958,0.15884,0.02025,0.06505,0.27111,0.02788,0.17408,0.02320
0.36802,0.04619,0.02963,0.01927,0.40099,0.02605,0.08022,0.02964
0.22566,0.04056,0.17770,0.01751,0.24429,0.03328,0.07149,0.18951
0.33559,0.09650,0.03768,0.04378,0.23425,0.13424,0.07513,0.04284
0.39412,0.06510,0.02605,0.01279,0.39469,0.05239,0.02958,0.02527
0.28686,0.14148,0.05607,0.01264,0.28043,0.13680,0.02847,0.05726
0.29530,0.11462,0.01955,0.02069,0.33750,0.03609,0.15497,0.02128
0.34075,0.11646,0.02257,0.01421,0.33821,0.11710,0.02821,0.02249
0.29459,0.16772,0.01977,0.01883,0.29498,0.14803,0.03582,0.02026
0.28573,0.13267,0.03620,0.01500,0.29472,0.05499,0.14002,0.04068
0.38364,0.07575,0.02223,0.01595,0.37879,0.06925,0.03364,0.02075
0.28398,0.03442,0.06739,0.04634,0.35009,0.03554,0.11259,0.06966
0.35148,0.11432,0.01574,0.01637,0.33512,0.12386,0.02667,0.01644
0.39054,0.04323,0.02602,0.03315,0.40524,0.01429,0.06201,0.02552
0.39565,0.03580,0.02118,0.07727,0.37146,0.04456,0.03187,0.02221
0.39241,0.05238,0.02362,0.01622,0.39776,0.03257,0.05693,0.02812
0.25539,0.18508,0.02805,0.02927,0.24937,0.03454,0.18641,0.03191
0.44713,0.02616,0.01339,0.01971,0.31667,0.13844,0.02582,0.01268
0.27834,0.16080,0.01952,0.05927,0.27164,0.14860,0.04088,0.02095
0.26572,0.18260,0.03296,0.01985,0.26689,0.02103,0.17829,0.03266
0.33155,0.08829,0.05500,0.01824,0.33386,0.02991,0.08643,0.05673
0.33533,0.05379,0.04784,0.10822,0.33318,0.04811,0.02665,0.04688
0.24204,0.11373,0.10699,0.02294,0.23881,0.04722,0.11819,0.11009
0.37534,0.06912,0.02445,0.01936,0.36850,0.08312,0.03383,0.02627
0.27384,0.04739,0.06542,0.02246,0.36091,0.02684,0.13757,0.06558
0.31391,0.08258,0.05916,0.01514,0.33694,0.03505,0.09825,0.05896
0.39698,0.04865,0.04294,0.01589,0.39792,0.03200,0.02477,0.04085
0.29131,0.10497,0.02502,0.01867,0.34383,0.03315,0.15481,0.02823
0.34152,0.04369,0.03362,0.11896,0.29564,0.07031,0.05487,0.04138
0.16139,0.25699,0.06000,0.02009,0.15756,0.23725,0.04828,0.05844
0.35997,0.06250,0.05677,0.02315,0.34679,0.04821,0.04465,0.05795
0.42810,0.03061,0.02924,0.01803,0.34573,0.10064,0.01833,0.02933
0.30843,0.05278,0.03633,0.02224,0.38005,0.04140,0.12494,0.03384
0.39520,0.01970,0.03531,0.03365,0.37638,0.04884,0.05009,0.04083
0.40865,0.02622,0.04168,0.01296,0.41478,0.01621,0.03462,0.04487
0.36861,0.07382,0.02578,0.04300,0.36111,0.05593,0.04733,0.02440
0.35891,0.02889,0.06657,0.04258,0.36253,0.02963,0.03789,0.07301
0.25901,0.07270,0.05289,0.15078,0.27941,0.03773,0.09110,0.05638
0.28255,0.06846,0.05841,0.14682,0.27535,0.04192,0.06244,0.06405
0.46266,0.01838,0.00876,0.00939,0.46216,0.01218,0.01788,0.00859
0.42017,0.02273,0.03095,0.01414,0.39092,0.04854,0.03733,0.03522
0.43494,0.01926,0.03352,0.00743,0.43905,0.01260,0.02080,0.03240
0.25664,0.07119,0.03454,0.04929,0.33871,0.03963,0.16888,0.04112
0.32914,0.06029,0.07855,0.02912,0.32311,0.04170,0.04943,0.08866
0.40785,0.03004,0.02339,0.03843,0.37052,0.07388,0.03408,0.02182
0.36098,0.07728,0.02419,0.01664,0.37758,0.05949,0.05794,0.02589
0.24929,0.13582,0.05460,0.03161,0.28250,0.02890,0.16459,0.05269
0.35825,0.10549,0.02126,0.01013,0.34898,0.10234,0.02858,0.02496
0.33671,0.10062,0.04276,0.02747,0.33208,0.08219,0.03240,0.04577
0.33170,0.08796,0.03514,0.03773,0.33670,0.07671,0.05940,0.03467
0.33532,0.05841,0.03586,0.02473,0.30481,0.10658,0.09851,0.03579
0.33983,0.09405,0.03788,0.02593,0.34745,0.02958,0.08684,0.03844
0.36460,0.06737,0.04067,0.03653,0.36085,0.04240,0.04516,0.04242
0.39855,0.03699,0.04455,0.01756,0.39824,0.03114,0.02719,0.04579
0.34760,0.02429,0.10757,0.01065,0.35055,0.01875,0.03047,0.11012
0.31576,0.06393,0.05545,0.00866,0.35943,0.03964,0.10458,0.05256
0.42509,0.02429,0.01697,0.03404,0.42985,0.02105,0.03170,0.01701
0.38566,0.03436,0.05599,0.01131,0.37991,0.03602,0.03636,0.06039
0.28375,0.06585,0.10151,0.02715,0.30383,0.03727,0.07629,0.10436
0.28945,0.07685,0.11079,0.02232,0.28784,0.01546,0.07659,0.12069
0.30174,0.14055,0.01043,0.02082,0.31547,0.14921,0.05156,0.01022
0.31364,0.09814,0.04460,0.02860,0.29654,0.10197,0.07039,0.04612
0.34234,0.06027,0.04359,0.02656,0.33736,0.05459,0.09051,0.04479
0.41521,0.04210,0.02491,0.01506,0.40821,0.03126,0.03800,0.02526
0.36644,0.01996,0.06023,0.03012,0.38900,0.01727,0.05227,0.06470
0.28415,0.06843,0.10323,0.04445,0.29227,0.03800,0.06594,0.10353
0.30213,0.11040,0.01618,0.01249,0.34784,0.11775,0.07808,0.01514
0.30242,0.10607,0.02140,0.06036,0.31641,0.02914,0.14235,0.02184
0.32296,0.09479,0.04638,0.02084,0.33420,0.03719,0.09083,0.05281
0.32461,0.05969,0.02746,0.01631,0.38630,0.02602,0.13041,0.02920
0.23832,0.16213,0.02390,0.02902,0.28050,0.02379,0.21479,0.02756
0.29315,0.05270,0.03239,0.02050,0.38662,0.01891,0.16208,0.03365
0.21997,0.15726,0.02686,0.02762,0.28344,0.04939,0.20655,0.02891
0.36431,0.06840,0.04522,0.02401,0.36189,0.04096,0.04611,0.04909
0.34280,0.07511,0.04517,0.03202,0.32985,0.06726,0.05678,0.05102
0.31385,0.12077,0.03426,0.00933,0.32398,0.11962,0.04415,0.03405
0.27745,0.15039,0.02369,0.05651,0.25720,0.13023,0.07319,0.03134
0.32233,0.08851,0.08011,0.01219,0.30559,0.09491,0.01738,0.07898
0.30021,0.01511,0.09969,0.06404,0.32752,0.01840,0.05930,0.11573
0.31617,0.14294,0.02334,0.01833,0.31166,0.14025,0.02266,0.02466
0.43538,0.02771,0.01896,0.00656,0.43635,0.02685,0.02789,0.02031
0.36389,0.03650,0.01038,0.02117,0.42664,0.03329,0.09804,0.01009
0.34169,0.10157,0.02961,0.02904,0.32837,0.08449,0.05300,0.03223
0.23024,0.05746,0.13888,0.08284,0.23324,0.05044,0.06137,0.14554
0.33433,0.04104,0.10603,0.01701,0.27118,0.07654,0.03747,0.11640
0.37515,0.09097,0.01586,0.01161,0.37578,0.08719,0.02680,0.01664
0.37838,0.06127,0.03397,0.03037,0.32420,0.10613,0.02945,0.03623
0.30305,0.09809,0.06105,0.01867,0.31896,0.03034,0.10930,0.06052
0.32092,0.06072,0.08802,0.04093,0.32087,0.04026,0.04055,0.08773
0.24931,0.03046,0.04059,0.03415,0.39465,0.02387,0.17918,0.04779
0.42444,0.02589,0.02110,0.01421,0.43043,0.01791,0.04355,0.02247
0.35425,0.05700,0.02499,0.07962,0.35844,0.04916,0.04949,0.02704
0.30395,0.14278,0.02497,0.03138,0.30692,0.08892,0.07488,0.02619
0.24661,0.07637,0.03328,0.24934,0.24565,0.07129,0.04196,0.03550
0.36065,0.04126,0.03800,0.03433,0.37971,0.04214,0.06228,0.04164
0.25897,0.06282,0.06787,0.01983,0.34036,0.02343,0.15798,0.06874
0.42161,0.04354,0.02167,0.01346,0.39502,0.06430,0.01925,0.02113
0.38358,0.08221,0.01232,0.01990,0.38453,0.07211,0.03299,0.01236
0.38851,0.02638,0.06030,0.02059,0.34393,0.06735,0.03253,0.06042
0.37763,0.03871,0.05970,0.02563,0.37331,0.02968,0.03149,0.06384
0.39662,0.05177,0.03283,0.01560,0.39856,0.01940,0.05200,0.03323
0.25609,0.09168,0.03817,0.18322,0.26813,0.04010,0.08525,0.03737
0.29172,0.10385,0.05168,0.07989,0.28954,0.07738,0.05192,0.05402
0.36528,0.07316,0.04869,0.00947,0.36061,0.02033,0.06963,0.05283
0.38006,0.03955,0.02091,0.01936,0.41014,0.03127,0.07502,0.02369
0.44758,0.02375,0.01475,0.00894,0.39419,0.06736,0.02462,0.01881
0.36740,0.09082,0.02170,0.02209,0.37008,0.07707,0.02685,0.02399
0.29016,0.04057,0.02293,0.03350,0.39896,0.02524,0.16398,0.02465
0.44466,0.01156,0.02858,0.00838,0.38678,0.06466,0.02286,0.03253
0.42999,0.03386,0.02399,0.00963,0.42780,0.01737,0.03166,0.02571
0.27454,0.14023,0.03899,0.04947,0.27407,0.04725,0.13636,0.03909
0.24635,0.19703,0.02232,0.02603,0.24415,0.07622,0.16336,0.02453
0.34557,0.03288,0.11052,0.00739,0.34473,0.02528,0.02123,0.11240
0.31561,0.12199,0.03203,0.02150,0.32223,0.11034,0.04261,0.03370
0.32649,0.10371,0.04053,0.01405,0.33618,0.08210,0.05127,0.04568
0.42397,0.03036,0.01385,0.02505,0.43240,0.01485,0.04678,0.01274
0.39593,0.06068,0.02382,0.01336,0.39713,0.05508,0.03161,0.02239
0.37739,0.07105,0.03064,0.03259,0.37229,0.06593,0.01946,0.03065
0.33052,0.12349,0.02154,0.01520,0.31784,0.13345,0.03461,0.02336
0.38041,0.04101,0.04033,0.03424,0.38261,0.03339,0.04388,0.04412
0.42609,0.03936,0.01755,0.01410,0.41873,0.03462,0.02897,0.02057
0.35501,0.08772,0.03302,0.01080,0.35317,0.05715,0.07027,0.03285
0.39900,0.03994,0.03946,0.02407,0.33322,0.09336,0.02902,0.04193
0.27552,0.07899,0.05334,0.02606,0.29799,0.07147,0.14173,0.05489
0.26572,0.05029,0.14089,0.01050,0.28434,0.04943,0.05270,0.14613
0.34528,0.04611,0.07362,0.01622,0.27953,0.08785,0.06682,0.08456
0.23756,0.02766,0.15961,0.02546,0.26302,0.03666,0.07945,0.17057
0.36419,0.08534,0.02596,0.02077,0.36411,0.06350,0.04838,0.02774
0.37892,0.05138,0.04386,0.03232,0.35783,0.04317,0.04221,0.05031
0.30538,0.09772,0.04093,0.03877,0.32166,0.03320,0.11466,0.04769
0.39638,0.02726,0.02563,0.07555,0.38119,0.02907,0.03320,0.03172
0.39626,0.04079,0.05045,0.01421,0.38569,0.02700,0.03318,0.05242
0.32854,0.04812,0.01780,0.01261,0.40318,0.02584,0.14399,0.01993
0.31054,0.11741,0.03455,0.06329,0.29876,0.08535,0.05406,0.03603
0.33780,0.03659,0.05108,0.01718,0.36896,0.05209,0.08190,0.05439
0.44262,0.02813,0.01124,0.01391,0.44127,0.01496,0.03519,0.01268
0.33314,0.07853,0.02242,0.02505,0.33527,0.09643,0.08737,0.02179
0.29708,0.11769,0.04235,0.06555,0.28068,0.06496,0.08175,0.04996
0.34001,0.08786,0.05608,0.01883,0.33323,0.07622,0.03729,0.05049
0.45485,0.02099,0.01048,0.01503,0.45376,0.01709,0.01900,0.00880
0.33374,0.05832,0.01535,0.13575,0.34274,0.02912,0.07004,0.01493
0.41356,0.03263,0.02502,0.02717,0.41120,0.02412,0.03656,0.02973
0.42577,0.02063,0.03894,0.00837,0.42269,0.02228,0.02267,0.03866
0.35953,0.07787,0.05278,0.00613,0.36006,0.06572,0.02812,0.04979
0.35047,0.05196,0.01898,0.04007,0.32788,0.10145,0.08623,0.02297
0.29916,0.06468,0.03496,0.08604,0.28847,0.07741,0.11036,0.03891
0.36147,0.04150,0.02591,0.02354,0.40237,0.02241,0.09402,0.02878
0.27585,0.03831,0.10493,0.11239,0.26469,0.03652,0.05222,0.11509
0.30822,0.02716,0.12953,0.02658,0.30148,0.02789,0.03491,0.14423
0.32192,0.10026,0.03536,0.01024,0.34608,0.08508,0.06252,0.03855
0.27671,0.09193,0.05058,0.03915,0.32618,0.02483,0.13732,0.05330
0.23796,0.16364,0.03820,0.05834,0.24358,0.14283,0.07390,0.04155
0.40352,0.03694,0.04279,0.01876,0.39828,0.03612,0.01901,0.04457
0.30071,0.07769,0.08320,0.02783,0.28301,0.04437,0.08646,0.09672
0.30261,0.04834,0.11240,0.03939,0.26083,0.06832,0.04643,0.12169
0.24253,0.13548,0.04465,0.04587,0.27945,0.11245,0.09129,0.04829
0.30542,0.06047,0.01788,0.02775,0.35550,0.06697,0.14587,0.02014
0.25455,0.10111,0.05709,0.03004,0.27380,0.09503,0.12411,0.06427
0.39583,0.04726,0.01869,0.01722,0.37742,0.05846,0.06366,0.02147
0.30554,0.03591,0.13175,0.01184,0.30551,0.03217,0.04054,0.13673
0.23869,0.17129,0.06196,0.04745,0.23460,0.04016,0.14626,0.05960
0.27432,0.14855,0.03923,0.05780,0.25281,0.16737,0.02216,0.03777
0.26924,0.17923,0.01567,0.02562,0.26634,0.14164,0.08641,0.01585
0.24264,0.16970,0.03999,0.04714,0.25539,0.10138,0.09880,0.04495
0.30835,0.08132,0.03333,0.13948,0.29916,0.05536,0.04483,0.03818
0.27347,0.14146,0.05116,0.03513,0.24284,0.17409,0.03219,0.04967
0.30321,0.02870,0.05421,0.09130,0.30625,0.05283,0.09739,0.06612
0.38867,0.04421,0.03903,0.02194,0.39416,0.02888,0.04071,0.04240
0.34568,0.05693,0.01926,0.01435,0.39672,0.02752,0.11965,0.01989
0.36072,0.08669,0.03173,0.02570,0.34421,0.08608,0.03014,0.03473
0.34712,0.04031,0.03392,0.11569,0.33701,0.03696,0.05082,0.03818
0.28787,0.11124,0.04755,0.01689,0.32415,0.10394,0.05993,0.04844
0.38232,0.03262,0.01954,0.02764,0.41309,0.02290,0.08243,0.01946
0.26125,0.14822,0.04612,0.02894,0.27186,0.03218,0.15949,0.05195
0.20613,0.17331,0.07592,0.02245,0.21866,0.15846,0.06870,0.07636
0.39516,0.03939,0.02820,0.03765,0.39777,0.02035,0.05369,0.02778
0.37553,0.08016,0.01329,0.03059,0.38083,0.01665,0.08843,0.01454
0.29121,0.15555,0.02500,0.02338,0.28732,0.14987,0.04273,0.02495
0.28333,0.09436,0.02907,0.10799,0.27743,0.06466,0.11255,0.03061
0.33460,0.03028,0.10711,0.02228,0.33463,0.02786,0.03065,0.11260
0.35169,0.02798,0.06876,0.03150,0.32099,0.06310,0.05717,0.07881
0.39050,0.03412,0.04104,0.01489,0.25301,0.17688,0.04251,0.04706
0.30642,0.09696,0.02121,0.14053,0.29819,0.08122,0.03531,0.02016
0.29458,0.08092,0.09292,0.02506,0.29798,0.03500,0.07702,0.09653
0.24899,0.12292,0.06573,0.06260,0.26837,0.08864,0.07105,0.07170
0.44991,0.02486,0.01311,0.01095,0.45390,0.00963,0.02517,0.01246
0.25645,0.14280,0.04817,0.03723,0.27295,0.03910,0.15395,0.04933
0.43530,0.01755,0.03738,0.00684,0.43449,0.01152,0.01999,0.03693
0.32808,0.12981,0.02878,0.01229,0.32606,0.02140,0.12372,0.02987
0.28293,0.15429,0.01954,0.02712,0.28875,0.14880,0.05874,0.01982
0.36762,0.09804,0.01590,0.01560,0.36950,0.06247,0.05480,0.01607
0.28774,0.04765,0.14298,0.01338,0.29304,0.02853,0.04414,0.14254
0.36116,0.09004,0.02523,0.01255,0.36703,0.08291,0.03129,0.02980
0.31234,0.10323,0.03774,0.03208,0.32867,0.03980,0.10634,0.03980
0.39810,0.02682,0.03735,0.04956,0.38983,0.02640,0.03443,0.03750
0.29822,0.13174,0.02998,0.06671,0.29657,0.02490,0.11948,0.03241
0.38705,0.05368,0.04054,0.02251,0.38313,0.04082,0.03251,0.03976
0.40067,0.03859,0.04935,0.01115,0.39520,0.02933,0.02563,0.05009
0.32818,0.04192,0.08733,0.03266,0.31287,0.05725,0.04779,0.09199
0.16630,0.14268,0.05995,0.02772,0.25837,0.02727,0.25307,0.06463
0.39681,0.04489,0.02420,0.03369,0.40644,0.01546,0.05494,0.02357
