0.06434,0.05148,0.13197,0.16034,0.04500,0.10705,0.02528,0.02626,0.02526,0.02226,0.06403,0.03689,0.05795,0.03895,0.01863,0.03268,0.01998,0.01795,0.01994,0.03377
0.12804,0.06701,0.13551,0.13364,0.09307,0.11440,0.01709,0.03158,0.02554,0.01652,0.05981,0.01852,0.04580,0.03345,0.01086,0.01720,0.01287,0.01069,0.01008,0.01833
0.08889,0.08055,0.09558,0.11283,0.10190,0.09211,0.03032,0.04106,0.02598,0.02674,0.03413,0.04414,0.06192,0.02286,0.01649,0.04219,0.01809,0.01507,0.01614,0.03300
0.08545,0.06788,0.11234,0.13084,0.06679,0.09172,0.03037,0.03530,0.02780,0.02578,0.03745,0.04656,0.04872,0.02922,0.02086,0.04016,0.02493,0.01830,0.02192,0.03762
0.10080,0.09231,0.09607,0.06157,0.11879,0.06443,0.03207,0.04665,0.03223,0.02884,0.03254,0.04785,0.05574,0.02863,0.01923,0.04262,0.02267,0.01981,0.02187,0.03527
0.09125,0.07859,0.15184,0.11532,0.09210,0.08730,0.02089,0.03161,0.03010,0.01878,0.07859,0.02211,0.05978,0.04006,0.01013,0.01906,0.01296,0.01055,0.01041,0.01857
0.08287,0.08208,0.14839,0.11923,0.08923,0.09915,0.02796,0.03900,0.03377,0.02643,0.04104,0.02618,0.04009,0.02757,0.01667,0.02285,0.01920,0.01637,0.01786,0.02407
0.12846,0.07467,0.18625,0.15410,0.08097,0.10509,0.02093,0.02731,0.02318,0.01564,0.03137,0.02214,0.03242,0.01917,0.00991,0.01846,0.01171,0.01069,0.00996,0.01755
0.09139,0.07752,0.14069,0.14871,0.07820,0.10363,0.02115,0.03020,0.02422,0.01899,0.02449,0.04446,0.06108,0.01821,0.01071,0.04014,0.01427,0.01062,0.01158,0.02973
0.11238,0.09776,0.09322,0.09001,0.12547,0.08811,0.03336,0.05594,0.03026,0.02969,0.03262,0.02967,0.03796,0.02562,0.01629,0.02519,0.01913,0.01547,0.01538,0.02646
0.07067,0.10836,0.17632,0.13465,0.07890,0.09379,0.02623,0.03828,0.03163,0.02343,0.02128,0.03305,0.03327,0.01719,0.01513,0.02693,0.01626,0.01181,0.01717,0.02567
0.09095,0.07817,0.13249,0.15059,0.07674,0.10256,0.02595,0.03779,0.02626,0.02191,0.03321,0.03408,0.03676,0.02440,0.01694,0.02998,0.01888,0.01615,0.01547,0.03071
0.09960,0.07624,0.13953,0.11866,0.08281,0.08244,0.02719,0.03809,0.02739,0.02266,0.04235,0.03327,0.04410,0.02926,0.01755,0.03087,0.02079,0.01733,0.01860,0.03129
0.09403,0.07747,0.12693,0.15296,0.08529,0.11079,0.02323,0.03803,0.02647,0.02235,0.03345,0.02870,0.03819,0.02532,0.01556,0.02407,0.01847,0.01528,0.01547,0.02792
0.08920,0.08300,0.11850,0.09419,0.08769,0.07682,0.04955,0.07412,0.04197,0.04132,0.02981,0.03238,0.03735,0.02523,0.01696,0.02682,0.01807,0.01811,0.01420,0.02470
0.06885,0.04749,0.10696,0.11092,0.04323,0.08290,0.02791,0.03378,0.03093,0.02680,0.04737,0.06158,0.06442,0.03877,0.02568,0.05175,0.03345,0.02310,0.02359,0.05054
0.07727,0.07375,0.11856,0.12209,0.08580,0.09340,0.02452,0.03422,0.02496,0.02139,0.05075,0.04583,0.06379,0.03080,0.01420,0.03594,0.01998,0.01427,0.01533,0.03315
0.07141,0.09593,0.14556,0.13086,0.07791,0.09895,0.02261,0.03392,0.02865,0.02163,0.03783,0.03921,0.04783,0.02613,0.01524,0.03155,0.01783,0.01263,0.01573,0.02860
0.10361,0.07299,0.09230,0.09410,0.07560,0.08546,0.03805,0.06163,0.03060,0.03705,0.04083,0.04127,0.03694,0.03077,0.02309,0.03434,0.02535,0.01784,0.02152,0.03666
0.10640,0.07759,0.14208,0.10336,0.09404,0.08734,0.02707,0.03718,0.03127,0.02363,0.04250,0.03163,0.04049,0.02892,0.01675,0.02782,0.01948,0.01595,0.01705,0.02945
0.12537,0.09688,0.10893,0.07740,0.11456,0.08614,0.03300,0.05689,0.03093,0.02946,0.03253,0.02785,0.03952,0.02507,0.01627,0.02543,0.01754,0.01572,0.01682,0.02369
0.12890,0.04437,0.11120,0.09454,0.07162,0.07427,0.02012,0.02807,0.01966,0.01787,0.08097,0.04280,0.08519,0.04483,0.01348,0.03563,0.02036,0.01614,0.01573,0.03424
0.10393,0.08677,0.09424,0.11171,0.10111,0.09899,0.02952,0.04907,0.02596,0.02670,0.03107,0.03949,0.05073,0.02382,0.01613,0.03406,0.01904,0.01468,0.01473,0.02827
0.07808,0.09735,0.14982,0.13260,0.08381,0.10171,0.02276,0.03394,0.03052,0.02150,0.04101,0.03227,0.04392,0.02745,0.01314,0.02778,0.01406,0.01221,0.01112,0.02493
0.08618,0.09447,0.12530,0.14714,0.12820,0.09696,0.02188,0.03306,0.02338,0.01929,0.03202,0.02792,0.04274,0.02341,0.01249,0.02592,0.01330,0.01203,0.01226,0.02206
0.07589,0.08228,0.13575,0.08696,0.09381,0.07669,0.03570,0.03843,0.03614,0.02946,0.05276,0.03351,0.03679,0.03519,0.02309,0.03002,0.02263,0.01862,0.02126,0.03502
0.11537,0.04896,0.12874,0.10282,0.08971,0.07390,0.02771,0.04090,0.02448,0.02645,0.03636,0.03981,0.05057,0.03044,0.01955,0.03639,0.02474,0.02086,0.02145,0.04081
0.11891,0.07098,0.13896,0.11318,0.05541,0.10608,0.03560,0.04826,0.03724,0.03606,0.02854,0.02834,0.02842,0.02484,0.01708,0.02612,0.02111,0.01692,0.01864,0.02930
0.07823,0.07013,0.12243,0.13725,0.06938,0.09370,0.02708,0.03834,0.02779,0.02433,0.05859,0.03043,0.04727,0.03358,0.01995,0.02912,0.02340,0.01893,0.01811,0.03194
0.09291,0.05944,0.12115,0.09042,0.08213,0.08633,0.02856,0.03375,0.03033,0.02402,0.07553,0.02839,0.06174,0.04433,0.02019,0.02474,0.02297,0.01856,0.02178,0.03272
0.12549,0.06291,0.12596,0.12535,0.10719,0.10313,0.02462,0.04470,0.02855,0.02440,0.03161,0.02553,0.03389,0.02467,0.01609,0.02466,0.01783,0.01428,0.01387,0.02527
0.08524,0.08482,0.15159,0.12732,0.07703,0.09687,0.02611,0.03293,0.02925,0.02150,0.07462,0.02104,0.05661,0.03649,0.01097,0.01750,0.01121,0.01107,0.01103,0.01680
0.08754,0.07232,0.12260,0.13227,0.07150,0.09723,0.02578,0.03684,0.02890,0.02544,0.02644,0.04368,0.04403,0.02679,0.02007,0.03729,0.02359,0.02081,0.02165,0.03523
0.08185,0.08838,0.18813,0.10207,0.10667,0.08028,0.01850,0.02503,0.03253,0.01736,0.06395,0.02176,0.04940,0.03792,0.01291,0.01865,0.01228,0.01175,0.01121,0.01937
0.11008,0.05514,0.15077,0.11104,0.06940,0.07346,0.02826,0.03382,0.02754,0.02400,0.06403,0.03680,0.06713,0.03427,0.01279,0.03015,0.01652,0.01508,0.01441,0.02530
0.09610,0.07370,0.12973,0.14496,0.07635,0.11582,0.03162,0.04572,0.02908,0.02612,0.03013,0.03096,0.02822,0.02241,0.01618,0.02317,0.01971,0.01754,0.01698,0.02548
0.12607,0.06788,0.11938,0.11399,0.08092,0.10323,0.03180,0.03827,0.03221,0.02658,0.04111,0.03132,0.04109,0.02698,0.01820,0.02656,0.01723,0.01619,0.01547,0.02552
0.10992,0.06737,0.19807,0.11212,0.06130,0.08740,0.02800,0.03185,0.03614,0.02653,0.04310,0.02356,0.03424,0.02745,0.01600,0.02263,0.01949,0.01425,0.01598,0.02461
0.09591,0.08539,0.09385,0.09766,0.10952,0.09196,0.02878,0.04556,0.02589,0.02510,0.02737,0.05269,0.04107,0.02389,0.02111,0.03404,0.02419,0.01605,0.02291,0.03705
0.09410,0.07807,0.14907,0.15220,0.08527,0.10875,0.02665,0.03836,0.03074,0.02559,0.02946,0.02568,0.02958,0.02084,0.01599,0.02367,0.01549,0.01308,0.01482,0.02256
0.07953,0.08429,0.12961,0.12565,0.11055,0.08350,0.02139,0.03208,0.02619,0.02148,0.04400,0.03490,0.03579,0.03195,0.01832,0.02755,0.02536,0.01562,0.02022,0.03203
0.09003,0.05414,0.10696,0.08334,0.04163,0.08290,0.02959,0.04214,0.02808,0.02762,0.05942,0.05577,0.04826,0.04454,0.02920,0.04322,0.03504,0.02586,0.02482,0.04744
0.07020,0.08939,0.13128,0.11748,0.07631,0.10452,0.03390,0.03974,0.03743,0.02870,0.04357,0.03076,0.03294,0.02899,0.01943,0.02467,0.02247,0.01675,0.02173,0.02973
0.09375,0.04950,0.18534,0.13299,0.03908,0.09609,0.02401,0.02695,0.03006,0.02072,0.06500,0.03016,0.04977,0.03601,0.01712,0.02502,0.02129,0.01338,0.01502,0.02874
0.09101,0.08500,0.17188,0.13528,0.09482,0.10673,0.02360,0.03196,0.03098,0.02002,0.02749,0.02581,0.03040,0.02400,0.01321,0.02383,0.01405,0.01204,0.01417,0.02369
0.11471,0.07020,0.17309,0.09796,0.06383,0.08645,0.03116,0.03741,0.03540,0.02835,0.06406,0.02161,0.04659,0.03511,0.01303,0.01804,0.01535,0.01358,0.01351,0.02055
0.10402,0.06556,0.17469,0.13369,0.06004,0.10092,0.02488,0.03719,0.03297,0.02673,0.03822,0.02633,0.03948,0.02553,0.01459,0.02338,0.01633,0.01541,0.01545,0.02457
0.04876,0.04192,0.09219,0.10094,0.04397,0.06771,0.02162,0.02544,0.02280,0.02032,0.17798,0.02641,0.12632,0.08454,0.01372,0.02453,0.01408,0.01232,0.01180,0.02260
0.11262,0.07131,0.12805,0.11780,0.08289,0.09623,0.02417,0.03876,0.02730,0.02144,0.07156,0.02089,0.05553,0.03846,0.01132,0.02058,0.01595,0.01245,0.01185,0.02082
0.08563,0.08239,0.13303,0.16867,0.06828,0.11342,0.02296,0.03408,0.02636,0.02227,0.03179,0.03095,0.03783,0.02410,0.01729,0.02697,0.01745,0.01590,0.01440,0.02622
0.05966,0.07973,0.10121,0.09546,0.06931,0.08037,0.03047,0.03985,0.03089,0.03058,0.07704,0.03896,0.06287,0.04770,0.02113,0.03494,0.02508,0.02014,0.01926,0.03534
0.10330,0.07027,0.15395,0.12265,0.08266,0.08158,0.02937,0.04089,0.02894,0.02808,0.03614,0.03560,0.04892,0.02451,0.01505,0.03062,0.01511,0.01444,0.01460,0.02329
0.10510,0.06995,0.09440,0.14572,0.07199,0.12296,0.02725,0.04771,0.02132,0.02385,0.03050,0.04171,0.05622,0.02256,0.01362,0.03367,0.01420,0.01481,0.01360,0.02885
0.11426,0.07213,0.11099,0.12481,0.10747,0.11126,0.01879,0.03565,0.02540,0.01983,0.05115,0.02427,0.04162,0.03197,0.01453,0.02286,0.01948,0.01450,0.01251,0.02653
0.09665,0.06074,0.11246,0.09339,0.07530,0.08539,0.03060,0.03470,0.02641,0.02344,0.08465,0.03300,0.06498,0.04519,0.01728,0.02784,0.02039,0.01777,0.01578,0.03402
0.14700,0.10369,0.08666,0.10041,0.13453,0.11103,0.02846,0.06334,0.02367,0.02642,0.02533,0.02113,0.02872,0.01739,0.01161,0.01763,0.01238,0.01112,0.01198,0.01750
0.07026,0.06598,0.09929,0.09752,0.06936,0.08133,0.03598,0.04536,0.03345,0.03261,0.03573,0.05891,0.05082,0.03307,0.02446,0.04270,0.03040,0.02291,0.02523,0.04461
0.12402,0.07526,0.11189,0.12164,0.07733,0.10483,0.03472,0.05193,0.02792,0.02961,0.03442,0.02647,0.02733,0.02503,0.01862,0.02490,0.02209,0.01501,0.01792,0.02906
0.09249,0.08113,0.16615,0.11896,0.09572,0.09870,0.02314,0.03483,0.03074,0.02161,0.03424,0.03040,0.03814,0.02477,0.01410,0.02527,0.01703,0.01355,0.01513,0.02390
0.09270,0.06641,0.14879,0.13045,0.06093,0.10115,0.03627,0.04261,0.03453,0.02627,0.04626,0.02672,0.04371,0.03070,0.01542,0.02327,0.01890,0.01506,0.01635,0.02349
0.08287,0.06333,0.12761,0.09890,0.07480,0.07041,0.04129,0.05579,0.03364,0.03587,0.02658,0.05393,0.07166,0.02179,0.01640,0.04777,0.01315,0.01935,0.01537,0.02951
0.06548,0.07806,0.10073,0.10027,0.07551,0.08962,0.02506,0.03214,0.02905,0.02022,0.07418,0.04367,0.08063,0.04371,0.01733,0.03746,0.02002,0.01564,0.01844,0.03279
0.08857,0.07095,0.13306,0.10020,0.08590,0.08292,0.02736,0.03266,0.03290,0.02319,0.06019,0.03695,0.06177,0.03408,0.01509,0.03108,0.01863,0.01814,0.01876,0.02758
0.08355,0.07878,0.10355,0.05586,0.08305,0.06461,0.03346,0.04457,0.03962,0.03158,0.03481,0.06580,0.04974,0.02842,0.02572,0.04713,0.03236,0.02018,0.02829,0.04891
0.12941,0.07704,0.13677,0.14826,0.11373,0.13728,0.01674,0.03433,0.02489,0.01589,0.02962,0.01640,0.02704,0.02029,0.01042,0.01576,0.01093,0.00906,0.01036,0.01579
0.05387,0.09651,0.10966,0.11852,0.07506,0.10933,0.02458,0.03008,0.03243,0.02200,0.05487,0.04083,0.05039,0.03476,0.02172,0.02838,0.02347,0.01899,0.02029,0.03427
0.13412,0.05200,0.17633,0.12722,0.08095,0.07358,0.02591,0.03333,0.02542,0.02145,0.03136,0.04041,0.04986,0.02154,0.01164,0.03069,0.01529,0.01104,0.01288,0.02498
0.08999,0.06691,0.09386,0.11739,0.06305,0.09111,0.03107,0.04752,0.02671,0.03016,0.04654,0.03901,0.04068,0.03785,0.02243,0.03683,0.02974,0.02405,0.02548,0.03963
0.08680,0.08471,0.12381,0.10586,0.08717,0.08699,0.03338,0.04271,0.03678,0.03197,0.06458,0.02628,0.04693,0.03733,0.01577,0.02080,0.01609,0.01281,0.01629,0.02295
0.16326,0.06251,0.15478,0.12836,0.05189,0.13071,0.03093,0.05864,0.02955,0.02470,0.02440,0.01989,0.02311,0.01819,0.01004,0.01539,0.01406,0.01067,0.01188,0.01703
0.08777,0.07323,0.12566,0.11867,0.07297,0.09056,0.02307,0.03247,0.02661,0.02387,0.05654,0.04131,0.06073,0.03404,0.01740,0.03366,0.01918,0.01495,0.01629,0.03103
0.08390,0.06967,0.11018,0.06244,0.07869,0.06251,0.02909,0.03636,0.03673,0.02686,0.10064,0.03281,0.07535,0.05712,0.01894,0.02975,0.02333,0.01864,0.01735,0.02963
0.09760,0.10507,0.09573,0.05605,0.15632,0.05485,0.02132,0.03690,0.02475,0.01759,0.05051,0.04426,0.03830,0.03965,0.02335,0.02987,0.02662,0.01775,0.02496,0.03854
0.10921,0.05616,0.08652,0.12567,0.04795,0.11846,0.03783,0.05594,0.02996,0.03356,0.04398,0.03123,0.04283,0.03202,0.02103,0.03024,0.02245,0.01957,0.02232,0.03307
0.08750,0.07104,0.10246,0.12244,0.07967,0.09653,0.02614,0.04213,0.02509,0.02586,0.05694,0.03336,0.04929,0.03768,0.02036,0.03168,0.02289,0.01867,0.01707,0.03319
0.07947,0.05304,0.12785,0.08936,0.05616,0.05816,0.02453,0.03208,0.02309,0.02302,0.08806,0.05118,0.06814,0.04997,0.02461,0.03497,0.03057,0.02007,0.02516,0.04050
0.08671,0.07682,0.14337,0.12451,0.08101,0.09267,0.02353,0.03502,0.03047,0.02322,0.03553,0.03665,0.04454,0.02654,0.01860,0.03473,0.01959,0.01649,0.01892,0.03107
0.10614,0.09240,0.15962,0.17240,0.08695,0.11941,0.02330,0.03660,0.02660,0.02102,0.02660,0.01785,0.02553,0.01656,0.00892,0.01483,0.01087,0.01038,0.00970,0.01432
0.08222,0.06506,0.10403,0.10089,0.06826,0.08106,0.02469,0.03915,0.02659,0.02543,0.05622,0.05588,0.08414,0.03413,0.01619,0.04783,0.01887,0.01706,0.01611,0.03619
0.08755,0.08116,0.09187,0.07650,0.10226,0.07717,0.02809,0.04052,0.02878,0.02426,0.03925,0.06101,0.05021,0.02863,0.02431,0.04497,0.02753,0.01698,0.02564,0.04331
0.10343,0.07388,0.11761,0.11631,0.06785,0.10849,0.02126,0.02440,0.02494,0.01659,0.07502,0.03334,0.05679,0.04242,0.01619,0.02560,0.01839,0.01355,0.01663,0.02733
0.08793,0.08628,0.17853,0.14437,0.09294,0.10401,0.02086,0.02827,0.03214,0.01938,0.02678,0.02386,0.03107,0.02025,0.01363,0.02218,0.01611,0.01491,0.01417,0.02234
0.08424,0.05658,0.17257,0.09720,0.05315,0.07633,0.02410,0.02619,0.03094,0.01952,0.11249,0.02315,0.08320,0.05737,0.01089,0.02128,0.01204,0.01094,0.01017,0.01765
0.10069,0.09145,0.10318,0.09361,0.11226,0.08321,0.03129,0.04569,0.03082,0.03144,0.03951,0.03321,0.03325,0.02672,0.02046,0.03024,0.02185,0.01608,0.02344,0.03160
0.06803,0.07078,0.10863,0.13672,0.05982,0.09120,0.02010,0.03443,0.02228,0.02152,0.08547,0.03867,0.07471,0.04612,0.01414,0.03279,0.01762,0.01410,0.01522,0.02765
0.08951,0.08009,0.12654,0.12665,0.08343,0.11084,0.02412,0.03324,0.02838,0.02114,0.06477,0.02666,0.05030,0.03649,0.01445,0.02037,0.01368,0.01318,0.01403,0.02215
0.09040,0.07315,0.16368,0.06855,0.08939,0.05124,0.01962,0.02662,0.02948,0.01811,0.04367,0.06357,0.09155,0.02673,0.01384,0.05347,0.01664,0.01229,0.01316,0.03483
0.11338,0.07436,0.16355,0.12866,0.06892,0.10535,0.02568,0.03663,0.03242,0.02342,0.02824,0.02888,0.03694,0.02088,0.01418,0.02756,0.01797,0.01333,0.01369,0.02596
0.07110,0.07196,0.11555,0.11076,0.07396,0.07929,0.02608,0.03488,0.03079,0.02811,0.07554,0.04029,0.06581,0.04178,0.01773,0.03160,0.02145,0.01772,0.01728,0.02832
0.09135,0.08645,0.14287,0.16572,0.07448,0.11339,0.02338,0.03877,0.02545,0.02264,0.03047,0.02976,0.03559,0.02084,0.01234,0.02448,0.01395,0.01256,0.01364,0.02186
0.08449,0.07920,0.11283,0.09464,0.09001,0.08040,0.02955,0.03841,0.03124,0.02645,0.05425,0.04172,0.05516,0.03547,0.01860,0.03567,0.02167,0.01728,0.02014,0.03284
0.07728,0.09097,0.16526,0.12924,0.09603,0.09656,0.02972,0.03837,0.03646,0.02609,0.03844,0.02014,0.03752,0.02611,0.01334,0.02031,0.01249,0.01418,0.01211,0.01938
0.06227,0.06031,0.10293,0.10329,0.06012,0.07276,0.02080,0.02967,0.02134,0.02293,0.05431,0.07184,0.06745,0.03946,0.02399,0.05305,0.03340,0.02075,0.02573,0.05359
0.07594,0.06271,0.10909,0.12402,0.07096,0.09316,0.02433,0.03248,0.02383,0.02068,0.09259,0.02975,0.07012,0.05091,0.01515,0.02373,0.02031,0.01736,0.01598,0.02689
0.11309,0.07235,0.13252,0.10986,0.08549,0.09688,0.02636,0.04069,0.02588,0.02479,0.02836,0.04273,0.03656,0.02337,0.01735,0.03008,0.02320,0.01593,0.01987,0.03465
0.09122,0.08490,0.15805,0.13040,0.08266,0.08886,0.03133,0.05141,0.03515,0.02943,0.02048,0.03371,0.02587,0.02061,0.01618,0.02412,0.01922,0.01289,0.01802,0.02549
0.12123,0.06872,0.15320,0.11762,0.09897,0.08269,0.03092,0.04880,0.02921,0.02949,0.02702,0.02720,0.03274,0.02324,0.01505,0.02506,0.01658,0.01524,0.01377,0.02327
0.12616,0.04746,0.11164,0.09328,0.07491,0.07624,0.02845,0.03474,0.02548,0.02409,0.06388,0.03930,0.04940,0.04304,0.02021,0.03252,0.02717,0.02064,0.02185,0.03953
0.09430,0.06435,0.17314,0.12269,0.07961,0.07032,0.03401,0.04511,0.02784,0.02954,0.04366,0.02950,0.04576,0.02714,0.01711,0.02450,0.01771,0.01453,0.01652,0.02266
0.08204,0.07759,0.11821,0.11539,0.07774,0.09341,0.02432,0.03158,0.02881,0.01984,0.03590,0.04824,0.06421,0.02701,0.01728,0.04603,0.02094,0.01686,0.01947,0.03513
0.11816,0.05151,0.11820,0.10460,0.06501,0.08459,0.01892,0.02438,0.02071,0.01573,0.12084,0.02154,0.08265,0.05890,0.01261,0.01931,0.01612,0.01243,0.01215,0.02164
0.07505,0.06355,0.12614,0.14136,0.06922,0.10105,0.02619,0.03187,0.02467,0.02086,0.04952,0.04227,0.05810,0.03251,0.01813,0.03501,0.02039,0.01628,0.01675,0.03109
0.10191,0.06279,0.13330,0.10398,0.09580,0.07074,0.03273,0.05644,0.03142,0.02962,0.02796,0.03583,0.03726,0.02614,0.02090,0.03598,0.02391,0.01858,0.01975,0.03496
0.11165,0.07631,0.13399,0.11501,0.08877,0.08907,0.02710,0.03970,0.02856,0.02580,0.04519,0.03140,0.03891,0.02930,0.01534,0.02377,0.02106,0.01383,0.01554,0.02968
0.09426,0.07834,0.13521,0.13220,0.07960,0.09745,0.02929,0.03994,0.03030,0.02393,0.03649,0.03321,0.03856,0.02642,0.01647,0.02851,0.01951,0.01561,0.01603,0.02867
0.08471,0.07640,0.15576,0.12625,0.08547,0.08962,0.02033,0.02895,0.02549,0.01832,0.05993,0.02997,0.05872,0.03474,0.01339,0.02563,0.01516,0.01361,0.01228,0.02528
0.06757,0.10170,0.10623,0.12665,0.08421,0.12915,0.02613,0.03099,0.03296,0.01967,0.03339,0.03148,0.04029,0.03007,0.01917,0.02875,0.02134,0.01706,0.02231,0.03089
0.07666,0.06835,0.10343,0.08753,0.07438,0.07537,0.03419,0.03885,0.03284,0.02711,0.06242,0.04354,0.06566,0.04144,0.02202,0.04391,0.02638,0.01974,0.01987,0.03630
0.09666,0.06944,0.14473,0.11482,0.07428,0.07630,0.02606,0.03460,0.02729,0.02393,0.03057,0.05109,0.06775,0.02375,0.01263,0.04524,0.01684,0.01453,0.01562,0.03387
0.13638,0.07756,0.13072,0.12148,0.08610,0.10467,0.03130,0.04514,0.02897,0.02627,0.02801,0.02601,0.02716,0.02182,0.01378,0.02172,0.01938,0.01443,0.01520,0.02389
0.06350,0.08651,0.12178,0.09492,0.06955,0.07356,0.03905,0.04680,0.03605,0.03256,0.03983,0.04695,0.06938,0.02851,0.01802,0.04399,0.01981,0.01634,0.01828,0.03463
0.07024,0.09476,0.19830,0.19323,0.08775,0.12375,0.01584,0.01817,0.02672,0.01423,0.01629,0.02441,0.02744,0.01273,0.00868,0.02001,0.01032,0.00867,0.01092,0.01755
0.08594,0.06902,0.09656,0.11521,0.06559,0.08905,0.03063,0.04430,0.02702,0.02946,0.04134,0.05440,0.07885,0.02894,0.01592,0.04747,0.01694,0.01590,0.01564,0.03183
0.09576,0.09061,0.14153,0.12300,0.10923,0.09573,0.02412,0.03663,0.02562,0.01901,0.04814,0.02711,0.04226,0.02777,0.01238,0.02162,0.01478,0.01101,0.01236,0.02134
0.07551,0.06961,0.11188,0.12808,0.07458,0.09562,0.02903,0.03684,0.02756,0.02581,0.04182,0.04658,0.06763,0.02737,0.01749,0.04141,0.01989,0.01828,0.01589,0.02912
0.08096,0.05817,0.14052,0.08312,0.05474,0.06763,0.02491,0.03121,0.03268,0.02696,0.07475,0.04410,0.07638,0.04288,0.02043,0.03976,0.02264,0.02169,0.02087,0.03560
0.07226,0.06479,0.14591,0.19901,0.06566,0.12958,0.02772,0.03444,0.02755,0.02294,0.02644,0.02675,0.02948,0.02047,0.01481,0.02363,0.01622,0.01465,0.01635,0.02134
0.06412,0.08032,0.12452,0.14300,0.07246,0.09530,0.02806,0.04418,0.03045,0.03441,0.02456,0.04495,0.05820,0.01928,0.01576,0.04137,0.01841,0.01404,0.01777,0.02882
0.07401,0.06928,0.11748,0.10259,0.07592,0.07319,0.02212,0.02824,0.02576,0.02286,0.05526,0.05598,0.07663,0.03521,0.01981,0.04897,0.02093,0.01705,0.01931,0.03941
0.08991,0.06723,0.12294,0.10822,0.07296,0.09162,0.03608,0.04015,0.03365,0.02893,0.05055,0.03342,0.04807,0.03158,0.01923,0.03380,0.02189,0.02121,0.01967,0.02891
0.10989,0.08725,0.15109,0.15045,0.08703,0.11860,0.02976,0.04393,0.03156,0.02542,0.01994,0.01885,0.02012,0.01758,0.01263,0.01704,0.01426,0.01198,0.01440,0.01824
0.11823,0.04059,0.12370,0.10432,0.11889,0.07648,0.01848,0.04339,0.02209,0.02159,0.05619,0.03772,0.06721,0.03327,0.01353,0.03398,0.01624,0.01403,0.01351,0.02655
0.08828,0.06551,0.12512,0.10118,0.08563,0.07839,0.03635,0.04712,0.03170,0.03194,0.04738,0.03895,0.06209,0.03127,0.01657,0.03438,0.01755,0.01631,0.01616,0.02812
0.08343,0.08024,0.15921,0.15659,0.08260,0.10619,0.01873,0.02794,0.02499,0.01576,0.03492,0.03720,0.03350,0.02494,0.01347,0.02437,0.01823,0.01204,0.01656,0.02910
0.08314,0.08487,0.07828,0.07452,0.11495,0.06987,0.02201,0.03718,0.02225,0.01914,0.06897,0.05376,0.08510,0.03944,0.01610,0.04248,0.01959,0.01563,0.01750,0.03520
0.07291,0.05340,0.17076,0.15621,0.04623,0.10111,0.02432,0.02765,0.03540,0.02606,0.05158,0.02842,0.04801,0.03251,0.01727,0.02753,0.01897,0.01553,0.01744,0.02869
0.07690,0.06018,0.12519,0.08426,0.05190,0.07306,0.03511,0.03695,0.03652,0.03064,0.04667,0.05654,0.06171,0.03276,0.02257,0.05218,0.02801,0.02035,0.02408,0.04441
0.06541,0.06908,0.11511,0.09728,0.07253,0.07127,0.02749,0.03444,0.03057,0.02608,0.03241,0.07079,0.03249,0.02917,0.02987,0.04600,0.04007,0.02048,0.03452,0.05494
0.06089,0.09071,0.11765,0.11298,0.07506,0.09744,0.02678,0.03269,0.03280,0.02570,0.05354,0.03804,0.04681,0.03384,0.02083,0.03240,0.02464,0.02180,0.02163,0.03376
0.09861,0.06619,0.14220,0.11386,0.07464,0.08248,0.02960,0.03425,0.02704,0.02526,0.04299,0.04153,0.05081,0.02839,0.01831,0.03342,0.02145,0.01646,0.01952,0.03300
0.08874,0.07403,0.14956,0.11575,0.07860,0.07613,0.02610,0.03777,0.02624,0.02230,0.05759,0.02996,0.05555,0.03487,0.01613,0.02978,0.01976,0.01634,0.01598,0.02882
0.09045,0.07728,0.14921,0.09517,0.09208,0.08008,0.02200,0.03258,0.02942,0.02081,0.05459,0.03519,0.05440,0.03622,0.01603,0.03132,0.02070,0.01654,0.01504,0.03089
0.08466,0.06929,0.10136,0.10465,0.08556,0.08274,0.02063,0.03397,0.02142,0.01851,0.11476,0.02601,0.07961,0.05811,0.01406,0.02144,0.01547,0.01287,0.01326,0.02161
0.08474,0.09001,0.15581,0.12892,0.09137,0.10057,0.03117,0.04309,0.03265,0.02584,0.02787,0.02807,0.02796,0.02347,0.01578,0.02156,0.01643,0.01353,0.01549,0.02567
0.08833,0.06856,0.12052,0.11299,0.07738,0.08713,0.02634,0.03633,0.02992,0.02552,0.04534,0.04143,0.04970,0.03158,0.01969,0.03616,0.02663,0.02002,0.02141,0.03503
0.07372,0.07148,0.12207,0.11898,0.06893,0.08967,0.02722,0.03724,0.02839,0.02632,0.06764,0.03323,0.05662,0.04243,0.01657,0.02795,0.02248,0.01624,0.02011,0.03270
0.04905,0.05185,0.14313,0.20104,0.05243,0.11780,0.01847,0.02319,0.02030,0.01754,0.03118,0.05069,0.07049,0.02073,0.01322,0.04453,0.01527,0.01396,0.01193,0.03321
0.06557,0.05946,0.09407,0.07848,0.06169,0.06421,0.03256,0.03463,0.03391,0.02956,0.08513,0.03969,0.07070,0.05455,0.02466,0.04155,0.03184,0.02545,0.02602,0.04625
0.05147,0.08835,0.09620,0.10290,0.06936,0.09539,0.02812,0.02969,0.03412,0.02535,0.10006,0.03088,0.07109,0.05538,0.01859,0.02809,0.01720,0.01634,0.01698,0.02444
0.07766,0.07788,0.10322,0.10434,0.08910,0.08958,0.02597,0.03897,0.02962,0.02183,0.06090,0.03748,0.07117,0.03809,0.01598,0.03737,0.01914,0.01436,0.01618,0.03117
0.09920,0.07567,0.15148,0.10001,0.09523,0.08568,0.02563,0.03444,0.03031,0.02049,0.03248,0.04525,0.03244,0.02682,0.01891,0.02718,0.02585,0.01524,0.02234,0.03533
0.06632,0.04679,0.11186,0.13236,0.03843,0.10037,0.02424,0.03152,0.02512,0.02110,0.11146,0.03399,0.07881,0.05587,0.01653,0.02715,0.01948,0.01495,0.01725,0.02642
0.06725,0.08761,0.11775,0.11728,0.08016,0.10164,0.02455,0.03268,0.03127,0.02448,0.06737,0.03346,0.05377,0.03921,0.01718,0.02706,0.01793,0.01675,0.01587,0.02674
0.11193,0.07141,0.11265,0.09409,0.08614,0.08496,0.02967,0.04416,0.02993,0.03111,0.06044,0.02536,0.04844,0.03960,0.01902,0.02429,0.02281,0.01782,0.01814,0.02802
0.08616,0.05233,0.10505,0.09347,0.06441,0.07315,0.02479,0.03233,0.02543,0.02581,0.08554,0.04462,0.08114,0.04951,0.01981,0.03782,0.02367,0.02090,0.01999,0.03407
0.09522,0.06224,0.07225,0.10711,0.06470,0.10108,0.02743,0.04838,0.02056,0.02530,0.04625,0.05907,0.04064,0.03501,0.02671,0.04191,0.03368,0.01994,0.02630,0.04622
0.07426,0.06289,0.17026,0.19809,0.06362,0.12150,0.02092,0.02596,0.02707,0.01633,0.04269,0.02454,0.04640,0.02461,0.01068,0.02262,0.01006,0.00988,0.00970,0.01790
0.09890,0.06108,0.17259,0.08137,0.05437,0.07291,0.02898,0.03329,0.03902,0.02815,0.03687,0.03956,0.03557,0.03441,0.02816,0.03680,0.03172,0.02514,0.02397,0.03712
0.10502,0.04640,0.11672,0.08450,0.07365,0.06148,0.02761,0.04388,0.02703,0.02798,0.08292,0.04449,0.08463,0.04301,0.01540,0.03782,0.01792,0.01506,0.01552,0.02896
0.12656,0.06236,0.16641,0.13141,0.08302,0.08716,0.02469,0.03519,0.02445,0.01901,0.03166,0.03560,0.03516,0.02113,0.01429,0.02831,0.01762,0.01403,0.01478,0.02717
0.11789,0.07720,0.10689,0.08946,0.08608,0.08615,0.03754,0.05426,0.03411,0.03202,0.04263,0.03071,0.03765,0.03228,0.01834,0.02956,0.02224,0.01834,0.01606,0.03058
0.04990,0.06437,0.09294,0.07736,0.05484,0.06599,0.02489,0.02999,0.02722,0.02509,0.04932,0.08659,0.09486,0.03297,0.02445,0.06806,0.03135,0.01994,0.02454,0.05532
0.08748,0.05900,0.10566,0.09622,0.08087,0.07770,0.02311,0.03634,0.02485,0.02129,0.06618,0.05208,0.09309,0.03517,0.01318,0.04711,0.01812,0.01347,0.01587,0.03323
0.14227,0.06765,0.13573,0.13397,0.09455,0.11225,0.01873,0.03412,0.02271,0.01702,0.04947,0.01819,0.03968,0.02917,0.01115,0.01764,0.01356,0.01132,0.01188,0.01895
0.09416,0.05380,0.13214,0.16405,0.04533,0.12634,0.02746,0.04198,0.02397,0.02237,0.05371,0.02877,0.04703,0.03325,0.01580,0.02367,0.01645,0.01365,0.01445,0.02163
0.14081,0.06297,0.15277,0.13812,0.10183,0.10659,0.02152,0.03621,0.02506,0.02002,0.03641,0.02013,0.03594,0.02253,0.01054,0.01867,0.01195,0.00980,0.01081,0.01733
0.07278,0.07440,0.13748,0.17540,0.08832,0.11601,0.02346,0.03025,0.02369,0.01974,0.04015,0.03126,0.03204,0.02524,0.01615,0.02074,0.01771,0.01339,0.01581,0.02597
0.09070,0.08393,0.19031,0.10571,0.10899,0.08503,0.01807,0.02513,0.03309,0.01645,0.02335,0.04422,0.03967,0.02046,0.01381,0.03009,0.01612,0.01199,0.01374,0.02916
0.05473,0.08521,0.14336,0.21075,0.05983,0.12518,0.01633,0.02318,0.02108,0.01486,0.02042,0.04368,0.05570,0.01698,0.01136,0.04032,0.01129,0.00890,0.01021,0.02662
0.06897,0.05815,0.13199,0.09393,0.05180,0.06886,0.03163,0.02801,0.03681,0.03303,0.07596,0.03741,0.06760,0.04650,0.01930,0.04368,0.02616,0.02063,0.02132,0.03826
0.08132,0.06737,0.11210,0.10209,0.08002,0.08191,0.03092,0.04719,0.03250,0.03027,0.04238,0.04055,0.05113,0.03324,0.02200,0.04086,0.02418,0.01958,0.02223,0.03815
0.11275,0.07347,0.13620,0.12395,0.09300,0.09441,0.03240,0.04430,0.02905,0.02775,0.03021,0.02486,0.03461,0.02354,0.01694,0.02823,0.01880,0.01424,0.01606,0.02521
0.06682,0.05707,0.10821,0.13588,0.06245,0.09438,0.02073,0.02888,0.02117,0.01907,0.08081,0.04429,0.06196,0.04690,0.02062,0.03366,0.02366,0.01575,0.01891,0.03879
0.08810,0.07960,0.11338,0.10989,0.08128,0.09544,0.03105,0.04790,0.03501,0.02893,0.03877,0.03667,0.04515,0.02808,0.01917,0.03222,0.02297,0.01805,0.01772,0.03062
0.07312,0.06699,0.13023,0.09513,0.07389,0.05824,0.03330,0.04841,0.02956,0.02780,0.04906,0.04311,0.04881,0.03453,0.02778,0.04356,0.02774,0.02271,0.02333,0.04273
0.10170,0.09142,0.14234,0.14861,0.10214,0.12697,0.01957,0.03344,0.03038,0.01837,0.01886,0.02573,0.03552,0.01382,0.01148,0.02582,0.01050,0.01142,0.01186,0.02007
0.07243,0.06994,0.11449,0.14010,0.06274,0.09687,0.02494,0.03099,0.02537,0.02104,0.08941,0.02620,0.06827,0.04636,0.01552,0.02497,0.01732,0.01355,0.01443,0.02506
0.06434,0.08324,0.09827,0.10654,0.07908,0.09992,0.02270,0.03063,0.02820,0.02106,0.07953,0.03877,0.07927,0.04366,0.01558,0.03407,0.01743,0.01413,0.01365,0.02994
0.06612,0.06463,0.11684,0.11756,0.06212,0.08306,0.02040,0.02795,0.02417,0.01911,0.06795,0.05497,0.10241,0.03491,0.01329,0.05224,0.01453,0.01275,0.01361,0.03138
0.10480,0.08258,0.16315,0.06904,0.07536,0.07327,0.03344,0.04293,0.04134,0.03044,0.03200,0.04260,0.03924,0.02363,0.02013,0.03293,0.02360,0.01562,0.02059,0.03332
0.12203,0.07383,0.13212,0.09473,0.09060,0.08696,0.02697,0.04265,0.02955,0.02740,0.04932,0.02693,0.03960,0.03235,0.01791,0.02467,0.02012,0.01616,0.01757,0.02854
0.06354,0.07781,0.14078,0.14786,0.07244,0.10308,0.02561,0.02911,0.02666,0.02037,0.08820,0.01796,0.05750,0.04493,0.01266,0.01795,0.01357,0.01108,0.01162,0.01727
0.07333,0.10301,0.11444,0.11758,0.08772,0.10999,0.03681,0.05218,0.04151,0.03336,0.03295,0.02367,0.03182,0.02643,0.01547,0.02354,0.01896,0.01583,0.01663,0.02479
0.07241,0.07204,0.11637,0.09952,0.07573,0.07625,0.02975,0.03415,0.02982,0.02347,0.05632,0.04700,0.05464,0.04115,0.02409,0.03889,0.02651,0.02190,0.02103,0.03897
0.07633,0.08597,0.15059,0.18448,0.10711,0.12072,0.02132,0.03176,0.02355,0.01771,0.03001,0.02159,0.02960,0.01975,0.01048,0.01797,0.01201,0.01055,0.00969,0.01883
0.15588,0.05037,0.17363,0.13034,0.07936,0.08589,0.02359,0.03232,0.02533,0.01851,0.03132,0.02512,0.02839,0.02350,0.01506,0.02149,0.01907,0.01563,0.01796,0.02724
0.08768,0.08236,0.11445,0.12107,0.07836,0.10915,0.02354,0.03235,0.03036,0.02361,0.07411,0.02350,0.05581,0.04161,0.01527,0.01978,0.01642,0.01312,0.01417,0.02328
0.08674,0.07458,0.10573,0.10183,0.08218,0.08663,0.04060,0.04527,0.04082,0.03757,0.03029,0.03467,0.03869,0.02831,0.01849,0.03524,0.02546,0.02160,0.02586,0.03942
0.11042,0.07979,0.14864,0.12658,0.09145,0.09981,0.02241,0.03580,0.02691,0.01950,0.04978,0.02631,0.04872,0.02845,0.01095,0.02044,0.01424,0.01004,0.00970,0.02007
0.05919,0.08628,0.11162,0.10743,0.07099,0.09031,0.02429,0.03225,0.03027,0.02333,0.06118,0.04804,0.07703,0.03507,0.01705,0.04427,0.01662,0.01781,0.01499,0.03197
0.12750,0.08643,0.12605,0.10839,0.09750,0.10183,0.02725,0.04599,0.02978,0.02522,0.05061,0.01845,0.03698,0.02699,0.01342,0.01782,0.01395,0.01139,0.01356,0.02087
0.08681,0.09218,0.19985,0.14302,0.07609,0.08545,0.02714,0.03491,0.03217,0.02191,0.02532,0.02574,0.02757,0.01987,0.01422,0.02141,0.01623,0.01399,0.01368,0.02245
0.07788,0.07026,0.12390,0.12009,0.07383,0.08961,0.03414,0.03722,0.03566,0.03032,0.05068,0.03506,0.04777,0.03222,0.01860,0.03130,0.02121,0.01700,0.02149,0.03176
0.06412,0.06224,0.11605,0.09714,0.06691,0.07298,0.01852,0.03118,0.02173,0.01798,0.01691,0.09425,0.13407,0.01350,0.01106,0.08626,0.01032,0.01004,0.01080,0.04393
0.09934,0.08346,0.15619,0.12613,0.08037,0.09190,0.03317,0.04865,0.03403,0.02857,0.02441,0.03288,0.04013,0.01961,0.01153,0.02789,0.01431,0.01252,0.01265,0.02227
0.09265,0.07790,0.12295,0.12639,0.07635,0.09887,0.03169,0.03939,0.02976,0.02714,0.03153,0.03940,0.02937,0.02490,0.02198,0.03161,0.02390,0.01803,0.01999,0.03622
0.07505,0.08236,0.12372,0.10564,0.07342,0.08876,0.03145,0.04127,0.03474,0.02878,0.03695,0.04053,0.04548,0.03270,0.02330,0.03620,0.02509,0.01882,0.02013,0.03559
0.14489,0.08180,0.26386,0.04824,0.08225,0.05138,0.02386,0.03479,0.04486,0.02952,0.02948,0.02255,0.03035,0.02148,0.01190,0.01953,0.01514,0.01200,0.01169,0.02042
0.10049,0.07088,0.13214,0.12839,0.07996,0.10872,0.02903,0.04051,0.02734,0.02391,0.04377,0.03039,0.04597,0.02915,0.01386,0.02614,0.01764,0.01360,0.01326,0.02485
0.12096,0.06804,0.12685,0.10865,0.08286,0.09689,0.02632,0.04484,0.02887,0.02417,0.05313,0.02795,0.05169,0.03043,0.01378,0.02160,0.01846,0.01469,0.01545,0.02436
0.10450,0.07381,0.14036,0.09255,0.06856,0.08530,0.02570,0.03877,0.03254,0.02420,0.04654,0.04266,0.06066,0.02939,0.01554,0.03586,0.01924,0.01423,0.01716,0.03244
0.09482,0.08610,0.08994,0.10322,0.11193,0.08656,0.02464,0.04188,0.02283,0.02254,0.05825,0.04071,0.07037,0.03253,0.01253,0.03224,0.01518,0.01209,0.01393,0.02772
0.07536,0.07508,0.11712,0.10985,0.06527,0.08781,0.02626,0.03178,0.02775,0.02288,0.03660,0.06673,0.04653,0.02913,0.02188,0.04087,0.02782,0.01874,0.02646,0.04609
0.10083,0.07755,0.14743,0.13476,0.08854,0.10785,0.02729,0.03909,0.02800,0.02167,0.02993,0.03016,0.02615,0.02300,0.01735,0.02311,0.01918,0.01400,0.01635,0.02776
0.07084,0.07261,0.10108,0.09103,0.06485,0.07541,0.02806,0.03355,0.03125,0.02677,0.08552,0.03533,0.08310,0.05129,0.01874,0.03905,0.02052,0.01944,0.01765,0.03393
0.05955,0.07896,0.08894,0.08997,0.07452,0.08332,0.04890,0.04926,0.04110,0.04416,0.03470,0.04440,0.05896,0.02961,0.02493,0.04528,0.02046,0.03135,0.02150,0.03014
0.08369,0.08027,0.14279,0.18288,0.07005,0.11936,0.02257,0.02960,0.02295,0.01865,0.02663,0.03440,0.03660,0.02121,0.01210,0.02626,0.01655,0.01216,0.01421,0.02708
0.08601,0.12206,0.07633,0.08726,0.18500,0.06529,0.02439,0.04618,0.02537,0.02544,0.04720,0.02513,0.03784,0.03013,0.01830,0.02534,0.01732,0.01630,0.01522,0.02391
0.05779,0.06094,0.13036,0.16104,0.06116,0.10362,0.03226,0.03469,0.03667,0.03269,0.02962,0.03929,0.04231,0.02532,0.02144,0.03567,0.02130,0.02291,0.01986,0.03104
0.11878,0.06696,0.16509,0.13505,0.09112,0.09727,0.02242,0.03405,0.02311,0.01789,0.05112,0.02299,0.03913,0.02966,0.01282,0.01645,0.01424,0.01073,0.01148,0.01966
0.12170,0.09069,0.23252,0.07187,0.10557,0.05396,0.01771,0.02678,0.03808,0.01909,0.02577,0.02530,0.02975,0.02447,0.01370,0.02619,0.01874,0.01343,0.01727,0.02742
0.08996,0.06919,0.11280,0.10904,0.06949,0.09188,0.02852,0.04173,0.02759,0.02582,0.06781,0.03531,0.05674,0.03948,0.01962,0.03124,0.02025,0.01594,0.01660,0.03098
0.09636,0.10691,0.11372,0.06294,0.14679,0.05514,0.02277,0.03478,0.02689,0.02104,0.07623,0.02633,0.06053,0.04270,0.01271,0.02461,0.01699,0.01404,0.01393,0.02461
0.07735,0.07021,0.13644,0.14053,0.06838,0.09766,0.01911,0.02762,0.02700,0.01963,0.04126,0.04752,0.07621,0.02676,0.01308,0.04548,0.01410,0.01165,0.01228,0.02775
0.10663,0.05322,0.11535,0.09922,0.07485,0.07921,0.02266,0.03105,0.02319,0.02028,0.11517,0.02080,0.07300,0.05704,0.01529,0.02074,0.01887,0.01359,0.01582,0.02404
0.11293,0.05323,0.13683,0.10846,0.06904,0.07679,0.02141,0.02970,0.02125,0.01837,0.05186,0.04922,0.04751,0.03628,0.01943,0.03215,0.02793,0.01774,0.02397,0.04589
0.09417,0.09219,0.12803,0.10377,0.11448,0.08099,0.02705,0.03841,0.03327,0.03145,0.03771,0.03061,0.04397,0.02713,0.01454,0.03067,0.01536,0.01490,0.01526,0.02601
0.13979,0.06793,0.09804,0.14269,0.06702,0.13499,0.02852,0.05983,0.02099,0.02382,0.03935,0.02399,0.04219,0.02521,0.00970,0.02224,0.01334,0.01057,0.01001,0.01979
0.09457,0.09422,0.13233,0.14094,0.08546,0.12594,0.01728,0.02454,0.02891,0.01726,0.05191,0.02557,0.04126,0.02792,0.01173,0.01977,0.01517,0.01071,0.01312,0.02139
0.11889,0.06338,0.14297,0.11855,0.09797,0.08471,0.02782,0.04946,0.03072,0.02943,0.04130,0.02444,0.03673,0.02682,0.01531,0.02274,0.01541,0.01706,0.01481,0.02147
0.09302,0.07505,0.12848,0.15260,0.06955,0.10975,0.02528,0.04318,0.02674,0.02468,0.04025,0.02916,0.04533,0.02463,0.01521,0.02649,0.01523,0.01487,0.01644,0.02406
0.09116,0.10562,0.09076,0.10179,0.15203,0.07704,0.02158,0.03780,0.02380,0.02156,0.03967,0.03173,0.04545,0.02972,0.01720,0.02840,0.02018,0.01737,0.01928,0.02787
0.12393,0.06665,0.11626,0.08328,0.08687,0.08602,0.02998,0.04366,0.03120,0.02654,0.04350,0.03923,0.06346,0.03028,0.01448,0.03750,0.01983,0.01491,0.01372,0.02871
0.08761,0.06727,0.10414,0.13055,0.06322,0.09395,0.02765,0.04035,0.02532,0.02498,0.04144,0.05286,0.07847,0.02588,0.01516,0.04791,0.01449,0.01262,0.01452,0.03163
0.07143,0.10331,0.11672,0.13284,0.08783,0.13111,0.02474,0.03026,0.03451,0.02031,0.03785,0.02998,0.03838,0.02606,0.01646,0.02499,0.01800,0.01360,0.01597,0.02563
0.07817,0.05864,0.09418,0.06604,0.06944,0.06129,0.02727,0.03765,0.02945,0.02455,0.08212,0.05355,0.07032,0.05192,0.02787,0.04227,0.03147,0.02227,0.02490,0.04663
0.07795,0.06543,0.14565,0.09886,0.05879,0.05723,0.03446,0.04521,0.03001,0.03068,0.02538,0.06852,0.08778,0.01782,0.01395,0.05999,0.01704,0.01410,0.01463,0.03653
0.09035,0.07815,0.16739,0.09646,0.09866,0.08486,0.02568,0.03148,0.03396,0.02335,0.02476,0.04092,0.04859,0.02242,0.01559,0.03585,0.01868,0.01547,0.01935,0.02803
0.13036,0.06741,0.12253,0.10541,0.08645,0.09599,0.02606,0.04609,0.02519,0.02210,0.05506,0.02616,0.05348,0.03292,0.01283,0.02348,0.01783,0.01358,0.01267,0.02440
0.08743,0.05986,0.13569,0.11746,0.05809,0.09510,0.02529,0.03288,0.02686,0.02019,0.06269,0.03648,0.05717,0.03807,0.01742,0.03239,0.02524,0.01869,0.01869,0.03432
0.07369,0.07672,0.12544,0.12546,0.09344,0.08868,0.02551,0.03297,0.02949,0.02410,0.04038,0.04395,0.04169,0.03006,0.02029,0.03296,0.02430,0.01750,0.01898,0.03438
0.11766,0.07359,0.16829,0.07132,0.10782,0.07982,0.02952,0.03676,0.03473,0.02180,0.03770,0.03181,0.03624,0.02558,0.01670,0.02685,0.02234,0.01458,0.01723,0.02966
0.11639,0.08243,0.22038,0.09958,0.08476,0.07683,0.02699,0.03075,0.03952,0.02381,0.02726,0.02669,0.02620,0.01934,0.01357,0.02043,0.01649,0.01225,0.01560,0.02072
0.05659,0.05404,0.07984,0.09499,0.04973,0.06525,0.01966,0.03142,0.02030,0.01862,0.14356,0.04376,0.12348,0.07073,0.01466,0.03743,0.01749,0.01379,0.01465,0.02999
0.10239,0.06700,0.15110,0.17119,0.06028,0.13521,0.03083,0.03911,0.02802,0.02481,0.02675,0.02443,0.02333,0.01991,0.01201,0.01889,0.01650,0.01249,0.01361,0.02214
0.12103,0.07406,0.11285,0.11929,0.08557,0.10745,0.02672,0.03517,0.03036,0.02307,0.04020,0.02925,0.04049,0.02871,0.01824,0.02701,0.01936,0.01518,0.01852,0.02745
0.11523,0.07358,0.15357,0.11269,0.09444,0.09884,0.02414,0.03456,0.02943,0.02090,0.04782,0.02692,0.04611,0.02590,0.01252,0.02067,0.01617,0.01196,0.01206,0.02248
0.09910,0.07033,0.12672,0.12413,0.07995,0.09836,0.02908,0.03645,0.03005,0.02466,0.03007,0.04274,0.05094,0.02351,0.01574,0.03580,0.01870,0.01681,0.01528,0.03158
0.08808,0.08719,0.11462,0.13063,0.08657,0.11819,0.02427,0.03210,0.03213,0.02365,0.03009,0.03496,0.03060,0.02610,0.02006,0.02926,0.02086,0.02407,0.01794,0.02864
0.07258,0.05848,0.14946,0.10140,0.05289,0.05233,0.02376,0.02906,0.02396,0.02071,0.02855,0.08342,0.10029,0.02165,0.01555,0.06785,0.01885,0.01340,0.01721,0.04859
0.08009,0.07227,0.11720,0.08132,0.07484,0.07038,0.03558,0.03901,0.03739,0.03245,0.04064,0.04787,0.05563,0.03188,0.02027,0.04782,0.02644,0.02224,0.02310,0.04358
0.08125,0.06790,0.15685,0.14019,0.06841,0.09881,0.02442,0.03029,0.02869,0.02165,0.05194,0.02913,0.05299,0.03182,0.01489,0.02984,0.01588,0.01264,0.01334,0.02907
0.08155,0.05825,0.09758,0.13981,0.04801,0.12371,0.03328,0.05001,0.02639,0.02450,0.03740,0.05362,0.08724,0.02510,0.01018,0.04429,0.01227,0.01008,0.00915,0.02759
0.09788,0.10123,0.14552,0.05036,0.14132,0.04439,0.01808,0.03230,0.03000,0.01846,0.05661,0.03851,0.04729,0.03693,0.01936,0.02844,0.02220,0.01683,0.02250,0.03181
0.06304,0.04905,0.11115,0.12756,0.04151,0.09133,0.02212,0.02914,0.02489,0.02155,0.04471,0.07257,0.09956,0.02989,0.01746,0.06191,0.01909,0.01495,0.01620,0.04234
0.06508,0.05954,0.09558,0.08374,0.06353,0.07111,0.03203,0.03603,0.02894,0.02749,0.09732,0.04815,0.09537,0.05183,0.01644,0.04019,0.02004,0.01651,0.01730,0.03378
0.09536,0.10764,0.09394,0.08173,0.16153,0.06463,0.01995,0.03975,0.02238,0.01777,0.04840,0.03508,0.04928,0.03297,0.01629,0.02949,0.02088,0.01522,0.01655,0.03117
0.09418,0.07248,0.12206,0.10841,0.08153,0.08759,0.03068,0.03890,0.03498,0.02690,0.03720,0.04250,0.04537,0.02902,0.01991,0.03370,0.02362,0.01692,0.02003,0.03401
0.11052,0.08137,0.16632,0.13774,0.09295,0.11736,0.02759,0.03673,0.02751,0.02255,0.03695,0.01669,0.02883,0.02281,0.01061,0.01419,0.01202,0.00971,0.01048,0.01706
0.10073,0.06695,0.18383,0.13091,0.06634,0.09421,0.02404,0.03191,0.03020,0.01979,0.05663,0.02301,0.04381,0.03155,0.01349,0.02070,0.01390,0.01426,0.01219,0.02155
0.07998,0.08572,0.18215,0.11175,0.09787,0.08624,0.02107,0.02684,0.03189,0.01889,0.04973,0.02859,0.05072,0.03280,0.01250,0.02433,0.01419,0.01133,0.01148,0.02195
0.09425,0.08181,0.12681,0.12767,0.07894,0.11991,0.02326,0.03487,0.03053,0.02468,0.06692,0.02063,0.04647,0.03703,0.01329,0.01533,0.01557,0.01044,0.01224,0.01935
0.06832,0.04823,0.14686,0.19127,0.04586,0.12880,0.01958,0.02844,0.02122,0.01776,0.08463,0.01909,0.05709,0.04329,0.01131,0.01698,0.01310,0.01073,0.00968,0.01777
0.07286,0.05169,0.08732,0.07731,0.05659,0.06523,0.02153,0.02810,0.02454,0.01921,0.05024,0.08990,0.11992,0.03346,0.01872,0.07450,0.02100,0.01787,0.01763,0.05239
0.07575,0.05140,0.14446,0.16843,0.04777,0.11414,0.02150,0.02939,0.02604,0.01840,0.04405,0.04436,0.06334,0.02524,0.01395,0.03804,0.01542,0.01354,0.01531,0.02947
0.06871,0.07158,0.13223,0.10150,0.07046,0.07352,0.03054,0.04047,0.02920,0.02701,0.02874,0.06057,0.09361,0.02083,0.01437,0.05871,0.01419,0.01322,0.01433,0.03620
0.06429,0.06222,0.12178,0.07382,0.07708,0.06489,0.03357,0.03118,0.03354,0.02635,0.03583,0.07110,0.04201,0.03205,0.03107,0.04677,0.03878,0.02263,0.03568,0.05538
0.10604,0.11235,0.10686,0.08698,0.16275,0.07001,0.02079,0.03861,0.02436,0.01888,0.03884,0.03162,0.04867,0.02591,0.01144,0.02734,0.01506,0.01150,0.01631,0.02566
0.11278,0.06318,0.13555,0.11465,0.09321,0.07927,0.02719,0.04326,0.02763,0.02515,0.03722,0.03190,0.04486,0.02586,0.01711,0.03409,0.01911,0.01773,0.01764,0.03261
0.11349,0.07206,0.11914,0.12279,0.07664,0.11015,0.02063,0.02717,0.02541,0.01879,0.04814,0.03646,0.04421,0.03194,0.01762,0.02921,0.02148,0.01575,0.01795,0.03096
