0.05884,0.15586,0.05090,0.04171,0.03936,0.17656,0.09358,0.10378,0.03883,0.05529,0.06169,0.03059,0.04980,0.04319
0.02597,0.11007,0.07780,0.03372,0.05995,0.09319,0.17043,0.15293,0.04757,0.05105,0.03595,0.04035,0.03499,0.06601
0.26513,0.05721,0.04179,0.04932,0.09898,0.09277,0.11883,0.01613,0.01877,0.10491,0.02996,0.02038,0.05217,0.03365
0.02769,0.18305,0.07004,0.01936,0.10772,0.14686,0.03842,0.03898,0.06112,0.11499,0.04639,0.03902,0.05167,0.05468
0.05021,0.04289,0.05597,0.05988,0.06728,0.06034,0.17765,0.18308,0.04576,0.07165,0.05362,0.04494,0.03528,0.05146
0.01252,0.17045,0.14110,0.02975,0.05879,0.07168,0.04107,0.10890,0.03964,0.06383,0.04042,0.05802,0.05219,0.11163
0.03079,0.10386,0.06364,0.03700,0.04178,0.08227,0.20779,0.18870,0.04802,0.04328,0.03376,0.03305,0.03378,0.05227
0.16722,0.09046,0.10383,0.05927,0.03852,0.11629,0.12556,0.05595,0.03731,0.02492,0.03444,0.03146,0.04385,0.07094
0.03387,0.10446,0.05163,0.20138,0.03225,0.11036,0.09294,0.09885,0.03639,0.05131,0.08591,0.02187,0.03897,0.03981
0.01683,0.07837,0.05551,0.04293,0.09134,0.04835,0.15374,0.18139,0.04087,0.09745,0.03483,0.06395,0.03858,0.05585
0.24257,0.05745,0.04093,0.07441,0.02293,0.25768,0.04953,0.06504,0.02730,0.02211,0.04045,0.02812,0.02187,0.04961
0.02275,0.08935,0.10582,0.04657,0.15480,0.08445,0.06734,0.06484,0.03800,0.16153,0.03520,0.03996,0.02448,0.06492
0.04063,0.06313,0.05998,0.40581,0.02012,0.06186,0.05533,0.04107,0.02846,0.02119,0.13003,0.01503,0.01889,0.03847
0.05029,0.05774,0.14351,0.04545,0.07122,0.05187,0.10087,0.05974,0.06358,0.07350,0.10112,0.03174,0.04496,0.10441
0.01654,0.10344,0.15612,0.09581,0.04112,0.07037,0.07220,0.08248,0.06526,0.05117,0.05863,0.04244,0.03500,0.10941
0.04915,0.06847,0.07552,0.05953,0.18447,0.07183,0.04632,0.03284,0.05042,0.19864,0.04106,0.02942,0.03801,0.05433
0.08359,0.08080,0.08179,0.04589,0.03161,0.12296,0.14332,0.14295,0.04006,0.03811,0.04349,0.04510,0.03431,0.06603
0.02329,0.22684,0.10546,0.02612,0.02859,0.22008,0.05162,0.04548,0.04608,0.03972,0.04398,0.03694,0.02565,0.08016
0.03691,0.07849,0.19401,0.13601,0.05388,0.07131,0.05398,0.04199,0.03590,0.05807,0.05303,0.03403,0.02629,0.12610
0.03355,0.05717,0.19468,0.04438,0.07025,0.05087,0.08301,0.07362,0.03955,0.08461,0.04133,0.03919,0.04327,0.14452
0.01900,0.21458,0.17525,0.03079,0.02323,0.19672,0.03777,0.03854,0.02400,0.02747,0.02592,0.03087,0.02482,0.13104
0.04850,0.07779,0.21416,0.04372,0.02088,0.09371,0.11072,0.09441,0.03780,0.02072,0.03942,0.03475,0.02632,0.13710
0.02153,0.17247,0.13260,0.05437,0.03491,0.12644,0.07291,0.08734,0.04397,0.04663,0.04150,0.03063,0.02976,0.10493
0.02378,0.12626,0.07881,0.04908,0.03810,0.12096,0.15683,0.17117,0.02940,0.04580,0.04865,0.02480,0.02465,0.06171
0.01653,0.06428,0.11170,0.03896,0.04432,0.05508,0.15347,0.13109,0.06014,0.06167,0.03942,0.07387,0.03985,0.10962
0.03436,0.10270,0.09849,0.13716,0.03462,0.08522,0.11620,0.11676,0.04531,0.03368,0.05642,0.03623,0.03036,0.07249
0.05455,0.17772,0.04944,0.02789,0.03120,0.08941,0.03652,0.20634,0.03660,0.03470,0.03158,0.10541,0.04070,0.07793
0.02246,0.06653,0.05082,0.04946,0.24424,0.05473,0.03845,0.03304,0.02320,0.28513,0.03330,0.01862,0.04025,0.03976
0.05855,0.05318,0.07053,0.03115,0.04069,0.07650,0.13969,0.15825,0.05681,0.07099,0.07574,0.04730,0.05602,0.06460
0.02914,0.09886,0.06691,0.03931,0.13361,0.07208,0.07242,0.07894,0.05576,0.16476,0.04410,0.03082,0.06103,0.05227
0.04548,0.08580,0.17863,0.04740,0.03949,0.09109,0.06984,0.05422,0.05294,0.05446,0.05847,0.04516,0.04272,0.13430
0.08920,0.12574,0.10939,0.06091,0.06561,0.13832,0.07483,0.03605,0.03223,0.06280,0.05766,0.03363,0.04321,0.07042
0.04836,0.09324,0.06939,0.13980,0.04178,0.10361,0.10596,0.09712,0.03897,0.05302,0.07816,0.03942,0.03260,0.05855
0.07353,0.11288,0.04195,0.14172,0.04816,0.13649,0.09578,0.07549,0.03158,0.05168,0.07089,0.02937,0.04561,0.04486
0.03621,0.10926,0.15343,0.06843,0.04366,0.09534,0.05760,0.07489,0.05581,0.05124,0.05299,0.03567,0.04183,0.12364
0.02042,0.23732,0.05629,0.03608,0.03644,0.22156,0.07544,0.05929,0.05399,0.03451,0.02547,0.06069,0.03689,0.04563
0.03470,0.09260,0.24698,0.06501,0.02531,0.08294,0.07834,0.07371,0.03162,0.02009,0.03815,0.02859,0.02445,0.15751
0.02741,0.06237,0.07631,0.24554,0.06024,0.05635,0.08856,0.07495,0.04320,0.06448,0.08621,0.02862,0.03270,0.05306
0.02112,0.05551,0.09524,0.05717,0.13414,0.04447,0.12556,0.11035,0.03671,0.14672,0.05059,0.01956,0.02923,0.07364
0.03931,0.09551,0.10801,0.06996,0.06164,0.08540,0.09264,0.08340,0.05346,0.07651,0.05583,0.04157,0.05374,0.08301
0.06840,0.03854,0.07358,0.03662,0.03907,0.07651,0.16546,0.15552,0.06981,0.03747,0.06493,0.07515,0.04469,0.05426
0.12795,0.03683,0.06905,0.03559,0.10038,0.13255,0.06283,0.04685,0.04770,0.10966,0.07987,0.03841,0.05062,0.06172
0.03307,0.20270,0.07227,0.03169,0.03360,0.22116,0.07297,0.06069,0.04302,0.04032,0.04130,0.03379,0.03994,0.07348
0.14350,0.14586,0.03473,0.02706,0.04738,0.27409,0.02944,0.02578,0.05789,0.05215,0.03871,0.02567,0.06328,0.03447
0.12757,0.17499,0.08059,0.03709,0.02294,0.27361,0.03627,0.04787,0.02757,0.02557,0.02490,0.01843,0.03595,0.06664
0.08006,0.08941,0.20107,0.08259,0.04153,0.10083,0.07021,0.04459,0.02925,0.04681,0.03947,0.02355,0.03270,0.11793
0.10292,0.08207,0.07356,0.15408,0.03040,0.14340,0.08432,0.07036,0.03960,0.03415,0.06519,0.03275,0.02966,0.05754
0.02566,0.04608,0.14608,0.17297,0.07694,0.04437,0.08105,0.06161,0.02936,0.09915,0.08072,0.01963,0.03039,0.08600
0.01199,0.02790,0.03055,0.15413,0.03038,0.02500,0.27170,0.27751,0.01547,0.03603,0.06069,0.01771,0.01718,0.02378
0.02628,0.14078,0.08329,0.04945,0.03450,0.13600,0.14892,0.12854,0.04249,0.03783,0.03981,0.02701,0.03270,0.07240
0.02667,0.23967,0.04638,0.02697,0.01911,0.08316,0.03565,0.27327,0.01931,0.01977,0.02579,0.10408,0.03498,0.04518
0.01889,0.20269,0.06465,0.04001,0.05773,0.18602,0.05788,0.08289,0.04555,0.05984,0.03791,0.04554,0.04060,0.05981
0.02089,0.10727,0.17412,0.06843,0.05737,0.06176,0.07438,0.09299,0.03930,0.05945,0.05249,0.03753,0.04041,0.11362
0.04521,0.05070,0.07372,0.37115,0.02922,0.05464,0.05885,0.04463,0.02093,0.02742,0.12613,0.02238,0.02327,0.05174
0.02352,0.18753,0.05228,0.05088,0.04700,0.20468,0.08147,0.06487,0.05026,0.05567,0.03714,0.03098,0.03913,0.07458
0.06002,0.16103,0.04649,0.11046,0.04552,0.11251,0.04553,0.14020,0.02810,0.05305,0.05159,0.05276,0.05021,0.04252
0.02699,0.11177,0.22026,0.04413,0.02640,0.09063,0.08466,0.07346,0.04661,0.02176,0.03791,0.03180,0.02693,0.15668
0.08274,0.08678,0.09933,0.12096,0.05921,0.14033,0.05842,0.04345,0.03344,0.07421,0.06336,0.02632,0.04017,0.07127
0.07566,0.04581,0.05792,0.22751,0.02808,0.09894,0.10469,0.10750,0.02871,0.03069,0.09284,0.02393,0.02904,0.04869
0.03697,0.05513,0.04615,0.02874,0.03500,0.05120,0.25726,0.26693,0.03372,0.04664,0.04074,0.03053,0.02862,0.04237
0.05126,0.09400,0.13544,0.06401,0.05974,0.11631,0.06685,0.06973,0.05870,0.06468,0.04988,0.03223,0.04075,0.09642
0.06394,0.21469,0.07149,0.06862,0.02557,0.23511,0.06563,0.04227,0.03529,0.02639,0.03908,0.02456,0.02719,0.06016
0.16307,0.05270,0.06470,0.06899,0.08653,0.05152,0.12288,0.04135,0.03553,0.09074,0.07609,0.03634,0.05235,0.05723
0.03457,0.17523,0.03624,0.11424,0.03053,0.16137,0.07782,0.10022,0.04244,0.02659,0.05258,0.04431,0.04856,0.05529
0.02912,0.16451,0.05954,0.05301,0.02654,0.16398,0.12746,0.12119,0.04713,0.03678,0.04011,0.04298,0.03049,0.05718
0.02079,0.07715,0.12205,0.04242,0.03327,0.06771,0.17405,0.17662,0.03079,0.05059,0.04558,0.03212,0.03099,0.09587
0.06079,0.04410,0.34767,0.02534,0.01913,0.06303,0.05887,0.03319,0.03274,0.02114,0.03882,0.01323,0.02655,0.21540
0.03863,0.04247,0.06987,0.04250,0.25074,0.06678,0.04285,0.03784,0.01590,0.26619,0.03192,0.02412,0.02302,0.04715
0.04390,0.15725,0.05015,0.07905,0.03187,0.07689,0.08120,0.21470,0.02630,0.03252,0.04457,0.07653,0.03526,0.04980
0.02840,0.04369,0.04986,0.06153,0.11334,0.04103,0.16134,0.15601,0.05400,0.10896,0.04487,0.06067,0.02804,0.04826
0.05081,0.11946,0.05834,0.05801,0.03597,0.11439,0.17223,0.14844,0.03650,0.03703,0.03849,0.03668,0.04008,0.05358
0.02339,0.13231,0.06426,0.04996,0.05674,0.12627,0.08866,0.10566,0.04971,0.06602,0.05785,0.06464,0.04064,0.07388
0.02249,0.18887,0.13844,0.07152,0.02587,0.17700,0.05955,0.04404,0.05462,0.02749,0.04605,0.01910,0.02623,0.09874
0.08346,0.05672,0.06495,0.05356,0.15959,0.11812,0.05268,0.03071,0.03684,0.18330,0.05604,0.02195,0.03757,0.04450
0.03055,0.08146,0.05048,0.04845,0.04024,0.05881,0.22222,0.22736,0.04246,0.04319,0.03795,0.03157,0.03712,0.04813
0.04504,0.10665,0.07184,0.08922,0.02688,0.10391,0.17141,0.15995,0.03396,0.03174,0.05084,0.02711,0.02361,0.05785
0.04128,0.25080,0.06027,0.02811,0.05319,0.27278,0.03368,0.03006,0.03633,0.06316,0.02509,0.01887,0.04410,0.04229
0.02168,0.05944,0.21342,0.11939,0.04677,0.03983,0.06169,0.06506,0.04956,0.05234,0.05667,0.02958,0.03250,0.15206
0.02162,0.05660,0.24024,0.03919,0.04695,0.03701,0.08886,0.09385,0.04267,0.04497,0.03957,0.03845,0.03443,0.17558
0.05893,0.08941,0.08348,0.04617,0.10046,0.08611,0.06742,0.05999,0.05535,0.10935,0.05794,0.06878,0.05091,0.06571
0.03454,0.27431,0.07838,0.04111,0.02255,0.27095,0.03932,0.02832,0.04032,0.02655,0.02717,0.02693,0.02873,0.06082
0.02542,0.03663,0.05396,0.18043,0.02768,0.03635,0.17770,0.15107,0.07057,0.02176,0.06269,0.09560,0.02444,0.03571
0.06177,0.07053,0.13240,0.02556,0.08362,0.10262,0.06259,0.05411,0.05688,0.08424,0.06569,0.06203,0.04425,0.09372
0.07415,0.05032,0.15635,0.08603,0.07285,0.07601,0.07971,0.05970,0.04269,0.07373,0.05081,0.03674,0.03662,0.10430
0.02910,0.30473,0.03871,0.02926,0.01624,0.31455,0.07726,0.06337,0.02574,0.01143,0.02058,0.01644,0.02305,0.02954
0.07704,0.07476,0.08485,0.25015,0.02685,0.11367,0.05908,0.05545,0.02172,0.03434,0.09539,0.02264,0.02862,0.05544
0.02160,0.05675,0.16803,0.21811,0.05874,0.04237,0.04506,0.03113,0.02778,0.07386,0.08776,0.02863,0.03148,0.10870
0.03301,0.11694,0.04880,0.05590,0.02999,0.10395,0.19360,0.18429,0.03399,0.04005,0.04020,0.02636,0.04485,0.04807
0.01801,0.26480,0.04817,0.02960,0.02099,0.28254,0.06637,0.04830,0.04005,0.02674,0.03226,0.02441,0.03091,0.06686
0.02641,0.02813,0.03265,0.03954,0.01221,0.03581,0.33030,0.34305,0.02196,0.02118,0.03203,0.03062,0.01780,0.02831
0.01605,0.08641,0.05364,0.11626,0.03259,0.07482,0.21401,0.21364,0.02690,0.03828,0.04742,0.01427,0.02098,0.04473
0.04744,0.06749,0.32333,0.04379,0.04705,0.05346,0.03718,0.02276,0.02037,0.05096,0.03349,0.01835,0.03136,0.20297
0.03443,0.14562,0.13100,0.03013,0.05137,0.08565,0.04357,0.13855,0.04605,0.05896,0.03426,0.05949,0.04487,0.09604
0.03539,0.11498,0.09488,0.03752,0.04657,0.11300,0.11460,0.09265,0.05603,0.04770,0.04577,0.04409,0.05204,0.10479
0.04286,0.07955,0.21452,0.05607,0.02962,0.09022,0.07701,0.07304,0.03992,0.03137,0.04471,0.03911,0.03050,0.15150
0.06642,0.13703,0.11040,0.02962,0.12397,0.14874,0.03760,0.02708,0.03342,0.12649,0.02520,0.02354,0.03947,0.07103
0.02725,0.12460,0.04201,0.04843,0.04668,0.10654,0.18113,0.19346,0.02986,0.05016,0.03754,0.03312,0.03378,0.04544
0.09291,0.24002,0.06767,0.04069,0.02094,0.26885,0.06713,0.03200,0.02404,0.01882,0.02901,0.01896,0.03086,0.04810
0.02373,0.03696,0.17779,0.04718,0.05251,0.04279,0.08057,0.05536,0.07135,0.06147,0.07634,0.08318,0.04069,0.15005
0.03332,0.04261,0.06453,0.23858,0.04025,0.04801,0.10644,0.10381,0.04124,0.04333,0.10467,0.04146,0.03594,0.05581
0.26236,0.05558,0.05922,0.02512,0.06373,0.27633,0.03000,0.02959,0.02573,0.06368,0.02827,0.01721,0.02303,0.04015
0.02515,0.06380,0.05521,0.31901,0.02379,0.06125,0.10551,0.10635,0.02355,0.02953,0.10596,0.02042,0.01741,0.04307
0.02881,0.05041,0.20299,0.03623,0.08611,0.04500,0.05977,0.03955,0.07324,0.07840,0.06357,0.03275,0.05587,0.14731
0.06470,0.06361,0.24249,0.03083,0.06594,0.09965,0.04966,0.03702,0.03349,0.07211,0.03532,0.02165,0.02732,0.15620
0.05031,0.13694,0.05902,0.04504,0.02400,0.15701,0.11544,0.10566,0.05754,0.03347,0.04026,0.04626,0.04085,0.08821
0.02014,0.07857,0.08249,0.03724,0.13009,0.04911,0.09965,0.11558,0.04617,0.13143,0.03866,0.06136,0.03974,0.06975
0.01247,0.06598,0.33046,0.04861,0.02140,0.04629,0.05397,0.03757,0.07085,0.01924,0.04156,0.01444,0.02265,0.21453
0.02506,0.08613,0.08208,0.13746,0.09690,0.05040,0.08964,0.11534,0.02703,0.10563,0.05818,0.03199,0.03455,0.05960
0.03748,0.10134,0.08726,0.05129,0.05874,0.10957,0.14448,0.12686,0.04052,0.06962,0.04925,0.02813,0.02863,0.06684
0.04209,0.13360,0.24175,0.03179,0.01657,0.14007,0.06682,0.05013,0.04216,0.01430,0.03168,0.01562,0.02032,0.15311
0.01475,0.03959,0.09996,0.08722,0.01660,0.04208,0.25325,0.24581,0.03187,0.01933,0.04124,0.02482,0.01558,0.06789
0.05243,0.08853,0.09953,0.04496,0.11729,0.09708,0.05392,0.04783,0.05590,0.12782,0.05604,0.03259,0.04311,0.08297
0.03137,0.08185,0.06427,0.16463,0.05511,0.05925,0.14182,0.13894,0.04268,0.05293,0.06916,0.02109,0.02969,0.04722
0.06529,0.08111,0.18534,0.03683,0.04326,0.10108,0.08813,0.06021,0.04565,0.04015,0.04384,0.04219,0.03518,0.13173
0.04073,0.06470,0.09851,0.22889,0.05912,0.08114,0.06670,0.05479,0.03114,0.06051,0.08978,0.02790,0.02619,0.06988
0.03980,0.13062,0.05259,0.07281,0.05385,0.13787,0.11414,0.09484,0.03352,0.06642,0.05801,0.04066,0.05317,0.05170
0.01932,0.11933,0.06486,0.03432,0.03656,0.08011,0.15097,0.19708,0.04225,0.03950,0.03041,0.06258,0.03479,0.08792
0.02561,0.05764,0.12930,0.03781,0.06458,0.04850,0.16811,0.14843,0.04830,0.06924,0.04998,0.02347,0.03552,0.09352
0.06185,0.04015,0.06802,0.05361,0.09033,0.06399,0.08743,0.06978,0.07614,0.10234,0.08829,0.03484,0.09198,0.07124
0.02639,0.11244,0.10275,0.06432,0.17366,0.11069,0.03251,0.02908,0.03220,0.18576,0.03132,0.01702,0.01964,0.06221
0.05109,0.19685,0.08171,0.03630,0.02795,0.19636,0.10554,0.08443,0.04581,0.02527,0.03309,0.01842,0.02485,0.07234
0.04061,0.05099,0.10642,0.23532,0.04629,0.05698,0.06729,0.05758,0.03646,0.05452,0.10722,0.02733,0.02980,0.08320
0.09799,0.10341,0.07943,0.03741,0.03929,0.14734,0.10805,0.12941,0.03775,0.03700,0.03675,0.04478,0.04512,0.05628
0.04792,0.23266,0.03874,0.04668,0.02160,0.24299,0.08490,0.08032,0.03004,0.02436,0.03785,0.02877,0.03169,0.05148
0.03381,0.10281,0.14580,0.03368,0.04739,0.09721,0.06470,0.07897,0.05328,0.06148,0.05072,0.05448,0.05099,0.12469
0.03230,0.07017,0.05663,0.08810,0.06816,0.04288,0.16856,0.16165,0.06574,0.06257,0.05479,0.03405,0.04232,0.05207
0.08661,0.08676,0.10618,0.03210,0.08491,0.10059,0.04141,0.08149,0.05791,0.10135,0.04423,0.03607,0.05951,0.08090
0.02954,0.16934,0.13027,0.09287,0.01917,0.14550,0.06399,0.09097,0.02611,0.02667,0.04733,0.03078,0.02424,0.10322
0.03398,0.21991,0.06200,0.04685,0.04072,0.17743,0.04553,0.08221,0.04336,0.05660,0.03579,0.05571,0.04843,0.05148
0.02469,0.14413,0.08252,0.03356,0.04521,0.13169,0.06518,0.03950,0.07615,0.05240,0.04582,0.06907,0.05360,0.13648
0.03494,0.16360,0.13204,0.05482,0.02821,0.16373,0.07569,0.06021,0.03824,0.03898,0.03939,0.03067,0.03212,0.10736
0.26504,0.03526,0.10939,0.02479,0.01811,0.28495,0.04785,0.03904,0.02235,0.01874,0.02359,0.01642,0.01821,0.07626
0.13575,0.11763,0.10834,0.04157,0.09059,0.11954,0.07505,0.02268,0.02262,0.10924,0.02740,0.02132,0.03808,0.07020
0.04398,0.10521,0.20430,0.03215,0.04147,0.08580,0.07004,0.04055,0.05257,0.03400,0.06105,0.04264,0.03494,0.15130
0.04580,0.11620,0.10715,0.04233,0.14986,0.10534,0.05737,0.03637,0.03420,0.16533,0.02852,0.01867,0.02751,0.06536
0.06497,0.06967,0.14038,0.14476,0.02871,0.10271,0.07602,0.07767,0.03193,0.03817,0.06400,0.03362,0.02926,0.09812
0.06040,0.09821,0.17216,0.05307,0.04764,0.12778,0.05946,0.03052,0.05974,0.04608,0.05106,0.02497,0.04931,0.11960
0.01823,0.07059,0.04328,0.05380,0.01457,0.06841,0.30099,0.29394,0.02005,0.01544,0.03007,0.01706,0.01491,0.03865
0.13377,0.07535,0.11897,0.04471,0.03510,0.18560,0.06534,0.05667,0.04231,0.03350,0.03828,0.04055,0.03555,0.09429
0.04671,0.10344,0.11558,0.04148,0.04872,0.10899,0.12857,0.11272,0.05591,0.04386,0.04127,0.02655,0.03451,0.09168
0.04363,0.06121,0.18930,0.03849,0.03149,0.07045,0.12937,0.10335,0.04091,0.04477,0.05445,0.02609,0.03362,0.13286
0.01615,0.05338,0.11313,0.08559,0.02073,0.04777,0.19334,0.18907,0.04380,0.03696,0.04776,0.03534,0.02593,0.09104
0.04411,0.11226,0.06390,0.04327,0.05816,0.09794,0.11405,0.12591,0.05834,0.06466,0.06337,0.04024,0.05420,0.05960
0.03218,0.14350,0.10492,0.03567,0.08288,0.14018,0.05808,0.05649,0.04941,0.10377,0.05426,0.02531,0.03361,0.07976
0.02510,0.07504,0.05783,0.13443,0.07266,0.05471,0.13829,0.12144,0.04220,0.08851,0.06882,0.03324,0.04167,0.04605
0.04302,0.18315,0.03888,0.06886,0.03916,0.20714,0.09831,0.09145,0.03610,0.04058,0.04380,0.02764,0.03594,0.04597
0.01843,0.03189,0.08431,0.25480,0.02643,0.02900,0.14079,0.12366,0.03955,0.03105,0.09750,0.03691,0.02396,0.06171
0.02638,0.04490,0.07438,0.10064,0.05510,0.03426,0.18543,0.17900,0.06246,0.06045,0.06270,0.01842,0.03825,0.05762
0.02830,0.04418,0.24572,0.07656,0.01576,0.04897,0.12550,0.10906,0.02783,0.01995,0.04734,0.02568,0.02201,0.16315
0.08464,0.19645,0.07987,0.03554,0.02900,0.25613,0.04989,0.04870,0.02730,0.02999,0.03808,0.02371,0.03075,0.06995
0.03383,0.09795,0.03446,0.16407,0.03229,0.08095,0.14132,0.16020,0.02865,0.03995,0.07311,0.03295,0.04095,0.03932
0.02935,0.11655,0.09049,0.05052,0.02413,0.11768,0.14196,0.15476,0.03713,0.05283,0.04521,0.02800,0.02619,0.08519
0.04441,0.07561,0.11808,0.05266,0.05824,0.10305,0.09152,0.07483,0.05321,0.07982,0.05995,0.04696,0.04854,0.09312
0.05936,0.11747,0.09259,0.04106,0.03873,0.11243,0.13731,0.10913,0.04110,0.04813,0.06449,0.02614,0.03255,0.07951
0.03171,0.07808,0.13693,0.06642,0.11358,0.06865,0.06078,0.06103,0.04849,0.12249,0.05620,0.02409,0.04361,0.08793
0.03247,0.20392,0.07569,0.05524,0.03751,0.17058,0.04988,0.10870,0.04177,0.05252,0.04100,0.03518,0.03615,0.05938
0.07701,0.08877,0.17213,0.06602,0.05008,0.11497,0.03454,0.04680,0.05464,0.05190,0.03971,0.03217,0.04595,0.12531
0.03193,0.08120,0.05921,0.13812,0.05325,0.07498,0.12624,0.11803,0.04318,0.07581,0.06857,0.03346,0.03704,0.05897
0.12315,0.14522,0.08808,0.04506,0.03890,0.21378,0.04185,0.05491,0.03220,0.04250,0.02886,0.03126,0.04246,0.07178
0.03051,0.13912,0.06421,0.10561,0.02708,0.10427,0.14216,0.15049,0.03705,0.03717,0.05315,0.02859,0.03571,0.04487
0.02260,0.03742,0.05848,0.12103,0.19044,0.03626,0.07628,0.07123,0.03100,0.19503,0.05991,0.02820,0.03031,0.04180
0.12436,0.07453,0.14300,0.06135,0.05804,0.12588,0.04032,0.04817,0.03412,0.05383,0.04674,0.02822,0.05604,0.10539
0.04101,0.14573,0.05273,0.17888,0.02224,0.12624,0.11012,0.09076,0.04078,0.02437,0.07255,0.02453,0.03427,0.03580
0.12863,0.10087,0.06571,0.13448,0.04970,0.21252,0.03302,0.03772,0.02412,0.05528,0.05014,0.01722,0.03289,0.05772
0.01744,0.04862,0.06599,0.03120,0.09554,0.03901,0.21480,0.21018,0.03684,0.11038,0.03058,0.02390,0.02204,0.05347
0.03122,0.06204,0.07761,0.04234,0.17648,0.06092,0.07987,0.06907,0.03281,0.17875,0.04515,0.03120,0.04124,0.07130
0.03828,0.13124,0.04753,0.12495,0.03351,0.11109,0.15062,0.12817,0.03530,0.03347,0.06228,0.02660,0.03220,0.04476
0.06364,0.04917,0.22182,0.06090,0.04962,0.07094,0.06417,0.05182,0.03962,0.04698,0.04165,0.03806,0.03749,0.16412
0.03103,0.14389,0.07010,0.05718,0.10639,0.13521,0.07338,0.06220,0.04124,0.12655,0.03601,0.02436,0.04587,0.04657
0.06236,0.06286,0.05360,0.20770,0.03758,0.06241,0.15613,0.11029,0.02360,0.03532,0.09107,0.02519,0.03505,0.03684
0.11229,0.10841,0.08586,0.03475,0.09819,0.18786,0.04265,0.03553,0.04310,0.10455,0.03339,0.01801,0.03775,0.05766
0.01893,0.04681,0.16175,0.05998,0.04460,0.03548,0.13088,0.12538,0.09129,0.03949,0.07245,0.01837,0.04061,0.11399
0.03593,0.16299,0.09130,0.03018,0.04514,0.16179,0.11267,0.08063,0.04452,0.04683,0.03918,0.03125,0.03079,0.08679
0.02590,0.14728,0.19213,0.04391,0.02468,0.15291,0.06568,0.05375,0.05574,0.02645,0.04274,0.01435,0.02792,0.12655
0.03974,0.12984,0.04696,0.20838,0.03331,0.15090,0.06643,0.06234,0.03470,0.04046,0.08371,0.02439,0.03520,0.04363
0.02683,0.10840,0.05467,0.11243,0.11207,0.08457,0.07139,0.10798,0.03547,0.11571,0.05894,0.03109,0.03184,0.04861
0.07381,0.06699,0.08072,0.08273,0.02018,0.11768,0.18649,0.16936,0.02880,0.01954,0.04032,0.02127,0.02868,0.06343
0.11289,0.09133,0.08872,0.06131,0.07108,0.15373,0.06146,0.05520,0.03737,0.07348,0.04604,0.03567,0.04373,0.06800
0.05396,0.06750,0.07265,0.08325,0.05385,0.08173,0.11037,0.08048,0.05761,0.06555,0.07967,0.05660,0.05004,0.08672
0.05791,0.04106,0.22773,0.03559,0.02656,0.07927,0.13074,0.10782,0.03843,0.02125,0.03300,0.02469,0.02447,0.15148
0.06406,0.13509,0.05481,0.11836,0.06427,0.14293,0.09333,0.05104,0.04194,0.06835,0.06495,0.02231,0.03796,0.04060
0.06224,0.05439,0.06091,0.17955,0.03941,0.08966,0.10694,0.10506,0.03988,0.04709,0.09683,0.03092,0.03956,0.04757
0.03332,0.13126,0.22410,0.02712,0.03968,0.08594,0.04903,0.04242,0.03532,0.04691,0.04631,0.03869,0.04738,0.15253
0.10782,0.10259,0.07438,0.09179,0.03436,0.17485,0.07340,0.07477,0.03687,0.03719,0.05195,0.03387,0.04154,0.06464
0.20258,0.06292,0.05834,0.08183,0.02505,0.25696,0.05854,0.05480,0.02809,0.03211,0.04185,0.02317,0.02659,0.04717
0.02798,0.08272,0.08232,0.02684,0.22611,0.05399,0.03565,0.03798,0.05110,0.22340,0.03207,0.02447,0.03779,0.05758
0.02120,0.05420,0.17455,0.04495,0.04056,0.03845,0.12485,0.11881,0.06593,0.04056,0.03774,0.07909,0.03113,0.12799
0.02438,0.09672,0.14281,0.02771,0.08036,0.06830,0.04113,0.06846,0.06885,0.08990,0.04184,0.10108,0.04270,0.10578
0.21650,0.12397,0.04588,0.09341,0.03601,0.11870,0.14871,0.03613,0.02682,0.01557,0.04046,0.02468,0.04568,0.02748
0.10964,0.05672,0.05928,0.04972,0.22245,0.06278,0.06018,0.01337,0.02146,0.23953,0.02719,0.01343,0.02889,0.03536
0.07682,0.04554,0.13765,0.10905,0.05987,0.10678,0.06455,0.05377,0.04696,0.06498,0.05578,0.04869,0.03137,0.09818
0.12537,0.05547,0.25905,0.03754,0.03246,0.06961,0.05696,0.02414,0.03632,0.03250,0.03210,0.02717,0.03522,0.17609
0.02251,0.11870,0.12864,0.11691,0.02738,0.08327,0.09516,0.11636,0.02792,0.04204,0.05633,0.03564,0.02852,0.10061
0.02400,0.06561,0.09337,0.03414,0.04846,0.04711,0.09859,0.13514,0.09324,0.04580,0.04199,0.17393,0.03841,0.06020
0.29705,0.03456,0.03892,0.03431,0.02055,0.30840,0.06512,0.06529,0.01749,0.02136,0.02633,0.01854,0.01877,0.03333
0.12542,0.13293,0.03486,0.03330,0.04858,0.16223,0.03993,0.11825,0.02832,0.06117,0.03872,0.05828,0.06592,0.05208
0.09723,0.17106,0.05629,0.07198,0.02614,0.16444,0.04947,0.11137,0.03644,0.02806,0.04859,0.04374,0.05322,0.04195
0.03291,0.09591,0.17979,0.08683,0.07409,0.08370,0.04720,0.03734,0.05112,0.08869,0.04963,0.02357,0.03865,0.11054
0.04601,0.06198,0.27482,0.04595,0.06321,0.07566,0.04320,0.03149,0.02518,0.06919,0.03208,0.02201,0.02734,0.18186
0.08139,0.06435,0.10293,0.04831,0.01768,0.12478,0.19166,0.17082,0.03287,0.02026,0.03963,0.01982,0.02203,0.06349
0.11665,0.06368,0.11145,0.03293,0.04924,0.14619,0.07244,0.08673,0.04060,0.05137,0.04217,0.06500,0.03957,0.08199
0.03725,0.03688,0.11326,0.11954,0.05360,0.05258,0.09550,0.06253,0.08659,0.04415,0.06128,0.13373,0.03492,0.06818
0.07861,0.06878,0.25505,0.03900,0.03937,0.13078,0.03176,0.02752,0.02718,0.05040,0.02636,0.02333,0.02728,0.17460
0.02992,0.28997,0.04036,0.02312,0.02774,0.15737,0.03434,0.16588,0.02562,0.02904,0.02306,0.06704,0.03517,0.05135
0.06088,0.06667,0.04321,0.15743,0.03828,0.06176,0.17953,0.15953,0.03028,0.04236,0.07044,0.02229,0.02876,0.03860
0.01598,0.03638,0.07119,0.06094,0.05348,0.03272,0.09551,0.08665,0.11262,0.05356,0.04539,0.22149,0.04191,0.07218
0.02346,0.08955,0.25814,0.05018,0.04233,0.04688,0.03591,0.10023,0.02366,0.04450,0.03123,0.04097,0.03126,0.18169
0.03535,0.08825,0.04564,0.13916,0.12696,0.06132,0.07576,0.06821,0.03665,0.13676,0.06623,0.02359,0.05404,0.04207
0.01487,0.21767,0.14589,0.01946,0.01512,0.21258,0.07671,0.06766,0.04013,0.01589,0.02906,0.02051,0.02211,0.10233
0.07073,0.08153,0.06093,0.05647,0.04781,0.10677,0.09497,0.10905,0.06604,0.05044,0.09147,0.04211,0.06872,0.05297
0.03825,0.09878,0.11747,0.05106,0.12559,0.10315,0.05701,0.04460,0.05231,0.13672,0.04180,0.01584,0.03779,0.07963
0.02836,0.07108,0.17102,0.05699,0.07772,0.05665,0.07862,0.06659,0.05223,0.08049,0.05495,0.04635,0.05078,0.10815
0.01100,0.11020,0.05224,0.03262,0.01985,0.10003,0.25249,0.25196,0.03037,0.02550,0.02483,0.02337,0.01886,0.04667
0.09854,0.13544,0.09307,0.04623,0.06211,0.18434,0.06192,0.04106,0.05246,0.05401,0.03592,0.02369,0.04765,0.06357
0.03945,0.06021,0.07332,0.15238,0.06949,0.07844,0.10135,0.09064,0.04128,0.08861,0.07398,0.02980,0.04336,0.05768
0.02319,0.07655,0.08614,0.09214,0.09140,0.06902,0.11571,0.10962,0.06341,0.09012,0.05994,0.01751,0.03440,0.07085
0.03682,0.18109,0.08611,0.12342,0.03540,0.16201,0.07327,0.06339,0.03696,0.04091,0.05124,0.02040,0.03349,0.05549
0.05615,0.09074,0.10613,0.07809,0.07205,0.13086,0.07615,0.06304,0.04030,0.08947,0.05426,0.03289,0.03418,0.07570
0.04972,0.04558,0.14859,0.06570,0.06761,0.05459,0.06177,0.03903,0.06759,0.07027,0.09041,0.06575,0.05957,0.11380
0.02406,0.07266,0.13538,0.25251,0.03049,0.07317,0.06699,0.05747,0.03538,0.03437,0.08859,0.02182,0.02101,0.08611
0.03198,0.14910,0.03052,0.03563,0.18876,0.16912,0.03328,0.02621,0.02670,0.20280,0.02290,0.01738,0.03248,0.03313
0.01828,0.21150,0.06198,0.04188,0.04560,0.18651,0.05542,0.08426,0.04420,0.04818,0.04888,0.04166,0.04520,0.06646
0.02782,0.07793,0.04722,0.10795,0.16133,0.07409,0.06079,0.04799,0.02494,0.20481,0.05130,0.02610,0.04975,0.03798
0.05114,0.20307,0.06530,0.03365,0.04837,0.18021,0.04582,0.09229,0.03143,0.05897,0.03739,0.04699,0.04894,0.05643
0.03654,0.22012,0.10143,0.03643,0.03013,0.21307,0.05796,0.06190,0.03391,0.02833,0.03665,0.02851,0.03243,0.08261
0.11562,0.11743,0.09896,0.03837,0.02410,0.19920,0.08354,0.06320,0.03318,0.03122,0.04494,0.02931,0.03845,0.08246
0.06112,0.10677,0.08878,0.03871,0.03132,0.12370,0.15740,0.15807,0.03724,0.03450,0.03620,0.02976,0.02981,0.06662
0.01599,0.09502,0.08183,0.21119,0.02767,0.08215,0.09768,0.10692,0.03809,0.03376,0.07716,0.03869,0.02367,0.07018
0.02537,0.08354,0.10103,0.06044,0.11472,0.05564,0.05353,0.04284,0.09027,0.13590,0.07062,0.02456,0.06526,0.07627
0.01584,0.08545,0.04329,0.02177,0.01629,0.09010,0.30045,0.29566,0.02271,0.02124,0.02275,0.01158,0.01222,0.04065
0.02513,0.06640,0.33514,0.04445,0.02268,0.05466,0.04763,0.04641,0.02356,0.02638,0.03396,0.02402,0.02603,0.22355
0.10411,0.10968,0.07871,0.06921,0.08651,0.12581,0.07249,0.04067,0.03051,0.11299,0.03537,0.02361,0.05370,0.05663
0.01936,0.17271,0.06097,0.05527,0.03332,0.14116,0.09637,0.13517,0.04673,0.05007,0.03417,0.05363,0.03466,0.06640
0.08744,0.10309,0.06218,0.07484,0.11688,0.14124,0.04425,0.04884,0.02680,0.13969,0.03708,0.02499,0.04490,0.04776
0.06107,0.14290,0.04773,0.16761,0.03872,0.16462,0.05927,0.06905,0.02613,0.04291,0.06707,0.02706,0.03629,0.04958
0.07356,0.17364,0.08204,0.06458,0.02847,0.17803,0.09859,0.05258,0.03471,0.03879,0.06102,0.02241,0.02904,0.06253
0.20577,0.07908,0.05876,0.03860,0.02632,0.23362,0.09030,0.07864,0.03154,0.01943,0.03671,0.02590,0.02649,0.04884
0.03866,0.08472,0.06344,0.17400,0.09421,0.08406,0.06910,0.05257,0.04705,0.11165,0.07105,0.01934,0.04374,0.04642
0.07496,0.13566,0.15830,0.04668,0.03307,0.10847,0.07856,0.07257,0.03108,0.03187,0.04171,0.03292,0.03854,0.11559
0.04015,0.23987,0.11056,0.02134,0.01248,0.25654,0.06748,0.05098,0.03251,0.01845,0.02855,0.01672,0.02181,0.08256
0.05742,0.05959,0.06235,0.04254,0.02980,0.08545,0.21974,0.19817,0.04521,0.02883,0.03910,0.05068,0.03013,0.05099
0.02859,0.10871,0.13862,0.08215,0.05955,0.08723,0.07260,0.08151,0.04618,0.07208,0.04938,0.03906,0.03649,0.09784
0.04049,0.10490,0.13109,0.03800,0.03164,0.10928,0.14467,0.11472,0.04198,0.03490,0.04172,0.03481,0.03041,0.10139
0.02641,0.15342,0.12761,0.03605,0.02863,0.16066,0.09235,0.08539,0.04905,0.03534,0.04000,0.03289,0.03773,0.09447
0.02595,0.29963,0.03445,0.03460,0.02913,0.30623,0.04879,0.04958,0.03123,0.03171,0.03381,0.01775,0.02937,0.02777
0.06914,0.11432,0.07889,0.06039,0.04759,0.13250,0.13143,0.08842,0.03985,0.05295,0.04779,0.03612,0.03173,0.06887
0.03933,0.14150,0.06577,0.08641,0.02610,0.14008,0.13417,0.12902,0.04302,0.02874,0.04907,0.03033,0.03422,0.05225
0.03214,0.18943,0.06364,0.04398,0.10548,0.17774,0.03964,0.03404,0.04966,0.11949,0.03204,0.01783,0.04441,0.05047
0.01501,0.12453,0.15590,0.02631,0.12108,0.03184,0.02458,0.03354,0.08630,0.11705,0.05140,0.03275,0.09644,0.08329
0.09157,0.06840,0.10865,0.05920,0.06852,0.12211,0.06323,0.04958,0.05640,0.06320,0.07226,0.03091,0.06138,0.08460
0.02262,0.07439,0.18892,0.16741,0.03776,0.07965,0.03705,0.03985,0.03755,0.04782,0.06940,0.04052,0.03672,0.12034
0.08826,0.17922,0.09522,0.05635,0.02194,0.19545,0.09075,0.04621,0.02806,0.02293,0.04881,0.02455,0.03221,0.07004
0.01175,0.23555,0.08542,0.02184,0.02419,0.06241,0.02745,0.24270,0.02322,0.03274,0.02593,0.09490,0.03476,0.07714
0.02378,0.11221,0.11828,0.07598,0.09081,0.08327,0.10219,0.08671,0.03518,0.08527,0.05100,0.02254,0.03474,0.07804
0.04271,0.09382,0.14370,0.03443,0.10213,0.08895,0.04760,0.05802,0.04050,0.11445,0.05079,0.03319,0.04636,0.10335
0.03944,0.10868,0.17828,0.02782,0.04645,0.09923,0.10283,0.07582,0.04387,0.05193,0.04596,0.01796,0.03383,0.12789
0.04338,0.05846,0.06677,0.04495,0.03638,0.04576,0.22826,0.21870,0.04049,0.03960,0.04171,0.03955,0.03655,0.05944
0.09218,0.16890,0.06191,0.04211,0.03735,0.21718,0.07356,0.05191,0.04431,0.03884,0.04907,0.03813,0.03606,0.04848
0.02070,0.05657,0.07659,0.03178,0.22152,0.05295,0.06839,0.06580,0.03040,0.22687,0.03551,0.02572,0.02310,0.06411
0.07058,0.04698,0.19962,0.04144,0.07631,0.08271,0.05118,0.02880,0.04038,0.08876,0.05501,0.02432,0.05273,0.14119
0.03272,0.06611,0.03659,0.11188,0.02016,0.05965,0.25231,0.25846,0.02138,0.02190,0.05001,0.01756,0.01969,0.03158
0.02386,0.08030,0.06131,0.29180,0.01705,0.06021,0.07395,0.11868,0.02432,0.01940,0.10928,0.03694,0.02270,0.06021
0.02553,0.05804,0.05712,0.07332,0.17399,0.05554,0.10484,0.09993,0.02982,0.18441,0.04397,0.02789,0.02359,0.04200
0.22152,0.04646,0.05370,0.16390,0.02302,0.24404,0.03807,0.03920,0.01407,0.02262,0.05945,0.01721,0.01803,0.03872
0.01835,0.05209,0.04014,0.42175,0.02795,0.04280,0.06764,0.06246,0.02008,0.03799,0.13853,0.01584,0.02261,0.03177
0.02565,0.04383,0.03856,0.07255,0.04090,0.04725,0.26019,0.26941,0.03016,0.05276,0.03396,0.02001,0.02937,0.03539
0.02533,0.22754,0.04633,0.03571,0.02330,0.25170,0.09454,0.09283,0.03787,0.03254,0.02889,0.02917,0.02781,0.04644
0.02154,0.07129,0.04517,0.02224,0.23726,0.05534,0.06495,0.05870,0.04001,0.25265,0.03849,0.02384,0.02605,0.04247
0.11469,0.18057,0.08638,0.05218,0.03407,0.17601,0.08894,0.03569,0.04062,0.02832,0.03645,0.02661,0.04353,0.05595
0.07255,0.21519,0.04673,0.04918,0.04099,0.23316,0.06473,0.06027,0.03380,0.03870,0.03956,0.02489,0.03887,0.04139
0.12801,0.03819,0.24478,0.02375,0.03789,0.14042,0.03909,0.03408,0.02953,0.03840,0.03057,0.02120,0.02754,0.16657
0.15753,0.05943,0.07494,0.02952,0.07795,0.19311,0.04455,0.04274,0.04390,0.09146,0.03804,0.04868,0.03454,0.06362
0.02334,0.04692,0.05780,0.16398,0.03796,0.04786,0.19447,0.17286,0.02567,0.04023,0.07732,0.03070,0.02353,0.05736
0.07722,0.07862,0.08484,0.11626,0.03231,0.09440,0.12144,0.08632,0.06009,0.03087,0.05670,0.05718,0.04234,0.06140
0.05008,0.04364,0.07201,0.13740,0.03724,0.06809,0.11363,0.12942,0.05193,0.07100,0.08672,0.03208,0.04579,0.06098
0.01175,0.14218,0.05190,0.02445,0.14872,0.02945,0.03330,0.03655,0.12012,0.15427,0.05443,0.03673,0.11758,0.03858
0.03999,0.05263,0.32223,0.04005,0.04814,0.05262,0.02548,0.03727,0.04235,0.04581,0.03199,0.02318,0.03250,0.20575
0.05919,0.13719,0.07959,0.07601,0.08896,0.15445,0.05096,0.03872,0.04064,0.09775,0.04674,0.02637,0.04461,0.05883
0.01924,0.13129,0.07731,0.04781,0.02898,0.11861,0.16170,0.15713,0.04013,0.03200,0.03608,0.03359,0.02740,0.08872
0.19263,0.03569,0.08361,0.02781,0.04954,0.17568,0.07480,0.04751,0.05107,0.04210,0.05762,0.03448,0.05243,0.07503
0.04433,0.09521,0.08453,0.05352,0.13173,0.09114,0.08697,0.06833,0.03880,0.14645,0.04298,0.02231,0.02793,0.06576
0.02700,0.08270,0.10957,0.02989,0.14675,0.05684,0.04957,0.04749,0.05781,0.16057,0.04735,0.04760,0.05665,0.08021
0.02328,0.07240,0.17516,0.03597,0.07010,0.04138,0.11602,0.09442,0.05512,0.06025,0.04346,0.04615,0.04629,0.12000
0.04392,0.06842,0.08704,0.04656,0.07194,0.08765,0.08545,0.07528,0.07627,0.08396,0.04979,0.07631,0.05342,0.09399
0.02067,0.06466,0.11978,0.03395,0.02318,0.05609,0.21488,0.20249,0.04357,0.02979,0.03333,0.03430,0.02523,0.09807
0.02654,0.07198,0.12320,0.05111,0.09614,0.05837,0.10087,0.08678,0.05816,0.10706,0.04771,0.04559,0.04035,0.08613
0.04495,0.13533,0.06191,0.08839,0.11932,0.09214,0.06837,0.07906,0.02714,0.12435,0.05324,0.02797,0.03231,0.04552
0.02199,0.07379,0.12445,0.23496,0.02342,0.04715,0.06640,0.09403,0.02895,0.02637,0.09225,0.04369,0.02567,0.09688
0.02656,0.11659,0.08847,0.03201,0.03701,0.12078,0.14646,0.12578,0.05650,0.03236,0.03575,0.05302,0.03799,0.09072
0.07793,0.04794,0.04644,0.03679,0.23414,0.10048,0.03462,0.03885,0.02495,0.24932,0.03071,0.01681,0.02378,0.03724
0.02006,0.04317,0.08372,0.02688,0.21521,0.03516,0.09169,0.07482,0.03848,0.21572,0.03262,0.03255,0.02841,0.06151
0.03108,0.07208,0.05731,0.07754,0.02286,0.06247,0.23801,0.24232,0.03662,0.02358,0.03895,0.02802,0.02430,0.04485
0.05768,0.09209,0.14703,0.05504,0.04911,0.09828,0.10640,0.09379,0.03899,0.05684,0.04687,0.02556,0.03634,0.09599
0.15203,0.07106,0.10277,0.03343,0.02009,0.19898,0.12944,0.10997,0.02221,0.01972,0.03016,0.01597,0.02507,0.06910
0.16677,0.11846,0.06416,0.04889,0.03975,0.12476,0.12535,0.03433,0.03786,0.04247,0.06825,0.03276,0.04789,0.04828
0.04941,0.10389,0.12617,0.06729,0.03132,0.07458,0.09032,0.09722,0.06268,0.03377,0.04404,0.08198,0.04162,0.09570
0.13251,0.10099,0.10745,0.05865,0.02971,0.18930,0.03915,0.08988,0.02846,0.03141,0.03643,0.04652,0.03075,0.07879
0.02043,0.18869,0.06063,0.05555,0.05064,0.07180,0.05689,0.20506,0.02532,0.06572,0.03561,0.07151,0.04056,0.05159
0.05147,0.08599,0.14858,0.07447,0.06045,0.10334,0.07851,0.07089,0.03877,0.07252,0.04547,0.02906,0.03026,0.11022
0.13076,0.05366,0.08282,0.07037,0.04686,0.14059,0.08783,0.09106,0.03593,0.06630,0.05452,0.03800,0.04417,0.05714
