0.56178,0.18007,0.12950,0.12865
0.08429,0.50810,0.20182,0.20579
0.19091,0.14800,0.33052,0.33057
0.36726,0.06019,0.28672,0.28584
0.12320,0.32028,0.28012,0.27640
0.35947,0.35338,0.14443,0.14272
0.23305,0.19368,0.28656,0.28671
0.29761,0.23479,0.23362,0.23399
0.79474,0.02343,0.09086,0.09097
0.15501,0.26652,0.28785,0.29062
0.16040,0.09809,0.37045,0.37106
0.77381,0.10744,0.05978,0.05898
0.51231,0.29560,0.09533,0.09676
0.70585,0.07724,0.10819,0.10872
0.43089,0.35791,0.10502,0.10618
0.36926,0.20049,0.21657,0.21369
0.30173,0.23450,0.23307,0.23070
0.16825,0.13691,0.34701,0.34783
0.29934,0.21275,0.24573,0.24218
0.38985,0.30337,0.15279,0.15398
0.45859,0.16650,0.18629,0.18862
0.46038,0.11281,0.21653,0.21028
0.15408,0.28520,0.28176,0.27895
0.37383,0.21221,0.20578,0.20819
0.15253,0.13172,0.35666,0.35908
0.32790,0.28273,0.19250,0.19687
0.55855,0.08142,0.18043,0.17961
0.10498,0.43749,0.22627,0.23126
0.33233,0.42237,0.12332,0.12198
0.34375,0.28763,0.18537,0.18325
0.25719,0.23049,0.25661,0.25571
0.41990,0.06454,0.25797,0.25759
0.05627,0.63841,0.14958,0.15573
0.47934,0.28061,0.11975,0.12030
0.22483,0.25238,0.26138,0.26141
0.44379,0.35777,0.09843,0.10001
0.15212,0.19774,0.32325,0.32688
0.34098,0.05543,0.30277,0.30082
0.35102,0.36584,0.14114,0.14200
0.08710,0.07045,0.42137,0.42108
0.20924,0.44443,0.17526,0.17107
0.13829,0.08546,0.38835,0.38790
0.18933,0.30710,0.24879,0.25479
0.49411,0.41876,0.04402,0.04311
0.50553,0.25434,0.12114,0.11899
0.28815,0.22464,0.24284,0.24438
0.50665,0.42441,0.03339,0.03555
0.13791,0.30849,0.27696,0.27664
0.17045,0.04564,0.39218,0.39172
0.14447,0.11901,0.36547,0.37104
0.37921,0.31866,0.15225,0.14988
0.14867,0.12675,0.36315,0.36142
0.06522,0.08799,0.42399,0.42281
0.10462,0.57051,0.16362,0.16126
0.36597,0.04756,0.29353,0.29293
0.33013,0.10358,0.28248,0.28381
0.10851,0.13106,0.38108,0.37935
0.24643,0.08294,0.33480,0.33583
0.22143,0.18490,0.29492,0.29875
0.23566,0.18977,0.28977,0.28481
0.32604,0.04702,0.31405,0.31289
0.30184,0.13972,0.27887,0.27958
0.30949,0.07106,0.30974,0.30971
0.25018,0.20706,0.26954,0.27322
0.15689,0.10435,0.37102,0.36775
0.57466,0.06611,0.17952,0.17970
0.23069,0.19603,0.28708,0.28620
0.12409,0.30879,0.28245,0.28467
0.78442,0.03882,0.08740,0.08935
0.10819,0.12139,0.38536,0.38505
0.52649,0.15840,0.15835,0.15676
0.44368,0.36208,0.09716,0.09708
0.11081,0.18184,0.35502,0.35234
0.42461,0.39280,0.09226,0.09033
0.08899,0.08479,0.41359,0.41264
0.08300,0.14321,0.38791,0.38587
0.15437,0.43058,0.20845,0.20660
0.37282,0.26658,0.18095,0.17964
0.44625,0.38560,0.08451,0.08364
0.03160,0.01968,0.47507,0.47365
0.44737,0.35826,0.09504,0.09934
0.35863,0.19190,0.22219,0.22729
0.45423,0.37645,0.08465,0.08467
0.03447,0.67993,0.14120,0.14440
0.17565,0.31201,0.25796,0.25437
0.34874,0.31930,0.16426,0.16771
0.89916,0.02698,0.03766,0.03620
0.13152,0.09963,0.38356,0.38529
0.10369,0.24016,0.32848,0.32767
0.23551,0.01790,0.37424,0.37234
0.19485,0.16104,0.32112,0.32299
0.16997,0.43098,0.19683,0.20221
0.22816,0.61167,0.07807,0.08210
0.09627,0.02437,0.44057,0.43879
0.17489,0.51770,0.15322,0.15419
0.36700,0.41841,0.10703,0.10756
0.10342,0.35871,0.26778,0.27009
0.35580,0.31513,0.16413,0.16494
0.15558,0.11430,0.36540,0.36473
0.14124,0.47309,0.19036,0.19531
0.34985,0.29832,0.17455,0.17728
0.46746,0.20902,0.16103,0.16248
0.45150,0.10770,0.22114,0.21966
0.32648,0.06583,0.30377,0.30392
0.20436,0.06893,0.36448,0.36223
0.15732,0.47782,0.18122,0.18364
0.26139,0.35410,0.19362,0.19090
0.69971,0.07595,0.11190,0.11244
0.39000,0.32547,0.14130,0.14323
0.44150,0.36270,0.09614,0.09966
0.22984,0.20531,0.28040,0.28445
0.24697,0.03348,0.36137,0.35819
0.13591,0.11953,0.37394,0.37062
0.43945,0.13216,0.21237,0.21601
0.06863,0.09583,0.41644,0.41910
0.15787,0.04974,0.39566,0.39673
0.33920,0.29166,0.18341,0.18573
0.14181,0.32453,0.26504,0.26862
0.11961,0.09181,0.39453,0.39404
0.23526,0.25651,0.25313,0.25510
0.03117,0.66001,0.15379,0.15503
0.40099,0.33405,0.13209,0.13287
0.37097,0.30058,0.16573,0.16271
0.50550,0.03622,0.22822,0.23005
0.24019,0.54325,0.10694,0.10962
0.24725,0.19125,0.28058,0.28091
0.31190,0.26190,0.21435,0.21186
0.09666,0.05504,0.42296,0.42534
0.02478,0.04336,0.46610,0.46575
0.75566,0.05689,0.09401,0.09344
0.10407,0.35155,0.27177,0.27261
0.46427,0.08378,0.22540,0.22656
0.06304,0.06476,0.43449,0.43771
0.30158,0.06378,0.31633,0.31831
0.19511,0.26218,0.27039,0.27232
0.02258,0.01477,0.48144,0.48121
0.33755,0.29133,0.18584,0.18528
0.08472,0.06365,0.42580,0.42584
0.22860,0.43900,0.16461,0.16779
0.25996,0.21581,0.26331,0.26092
0.70873,0.03864,0.12583,0.12679
0.74351,0.10301,0.07667,0.07682
0.29827,0.34297,0.17890,0.17986
0.13538,0.12066,0.37241,0.37155
0.47249,0.15023,0.19067,0.18661
0.30706,0.25310,0.21982,0.22002
0.47476,0.25296,0.13548,0.13680
0.37552,0.33213,0.14771,0.14464
0.41871,0.03257,0.27437,0.27435
0.43418,0.03065,0.26757,0.26760
0.32649,0.07215,0.30095,0.30041
0.08697,0.07470,0.41983,0.41850
0.53367,0.09698,0.18410,0.18525
0.49131,0.40603,0.05115,0.05151
0.26198,0.04422,0.34730,0.34650
0.04145,0.05363,0.45196,0.45296
0.55724,0.06996,0.18823,0.18457
0.07320,0.84452,0.04123,0.04105
0.29168,0.03871,0.33513,0.33448
0.19442,0.32265,0.24096,0.24197
0.42137,0.39220,0.09164,0.09479
0.17008,0.02340,0.40265,0.40387
0.11270,0.09386,0.39636,0.39709
0.20561,0.16845,0.31568,0.31027
0.09454,0.18888,0.35695,0.35964
0.19448,0.02469,0.39112,0.38971
0.41129,0.24049,0.17624,0.17198
0.35320,0.28703,0.17994,0.17983
0.30441,0.02109,0.33665,0.33785
0.10999,0.61854,0.13326,0.13821
0.05586,0.14996,0.39637,0.39782
0.22434,0.19718,0.28982,0.28866
0.20971,0.38794,0.19911,0.20324
0.77185,0.09913,0.06507,0.06395
0.12686,0.05980,0.40818,0.40515
0.46906,0.12551,0.20231,0.20311
0.24527,0.29762,0.22940,0.22770
0.28066,0.37478,0.17250,0.17207
0.48836,0.22374,0.14587,0.14203
0.67006,0.05557,0.13614,0.13822
0.66733,0.02165,0.15612,0.15489
0.61827,0.20014,0.09125,0.09034
0.29650,0.05815,0.32233,0.32302
0.11741,0.09163,0.39828,0.39268
0.02472,0.07691,0.45151,0.44687
0.16365,0.12164,0.35571,0.35899
0.31153,0.17945,0.25264,0.25638
0.31362,0.16057,0.26202,0.26379
0.46773,0.23527,0.14674,0.15026
0.76309,0.06896,0.08391,0.08404
0.04881,0.02584,0.46343,0.46192
0.38836,0.33675,0.13685,0.13804
0.56818,0.20786,0.11325,0.11072
0.11509,0.42118,0.23055,0.23318
0.62613,0.15799,0.10815,0.10773
0.30995,0.24451,0.22030,0.22524
0.13927,0.27979,0.29195,0.28899
0.15005,0.13240,0.36059,0.35696
0.53609,0.09120,0.18627,0.18644
0.09935,0.25266,0.32359,0.32440
0.16748,0.42328,0.20271,0.20653
0.38070,0.30229,0.15659,0.16042
0.09407,0.41944,0.24514,0.24134
0.07989,0.15692,0.38048,0.38271
0.25070,0.19870,0.27463,0.27598
0.12270,0.35553,0.25967,0.26210
0.76006,0.17837,0.03057,0.03101
0.23384,0.18843,0.28966,0.28808
0.69480,0.08543,0.10938,0.11039
0.48271,0.16527,0.17720,0.17482
0.31573,0.11546,0.28340,0.28541
0.12410,0.09082,0.39201,0.39307
0.60698,0.05765,0.16948,0.16589
0.16222,0.12173,0.35846,0.35758
0.28963,0.43815,0.13475,0.13746
0.12126,0.14037,0.37077,0.36760
0.29658,0.08089,0.31272,0.30982
0.03307,0.02205,0.47221,0.47267
0.42215,0.35206,0.11558,0.11022
0.43515,0.37885,0.09232,0.09368
0.21820,0.34894,0.21490,0.21797
0.30500,0.24446,0.22444,0.22611
0.13082,0.11532,0.37772,0.37613
0.41740,0.13818,0.22005,0.22436
0.29861,0.23671,0.23343,0.23126
0.10450,0.49931,0.19385,0.20234
0.68976,0.08388,0.11293,0.11342
0.20604,0.14867,0.32300,0.32229
0.08021,0.05967,0.42986,0.43027
0.81077,0.07387,0.05596,0.05941
0.26520,0.21456,0.26077,0.25947
0.17011,0.19323,0.31962,0.31704
0.16263,0.33445,0.25202,0.25090
0.04196,0.04343,0.45674,0.45788
0.48693,0.28734,0.11265,0.11309
0.84436,0.04258,0.05756,0.05551
0.43576,0.36551,0.09838,0.10035
0.55273,0.08027,0.18327,0.18373
0.25708,0.55787,0.09176,0.09329
0.39115,0.32752,0.14099,0.14034
0.34794,0.27743,0.18574,0.18889
0.61273,0.02741,0.17787,0.18200
0.38414,0.28369,0.16557,0.16661
0.25314,0.01983,0.36445,0.36258
0.72914,0.09869,0.08586,0.08631
0.43485,0.23357,0.16796,0.16362
0.11612,0.08820,0.39758,0.39811
0.17719,0.13983,0.34047,0.34251
0.12074,0.25167,0.31451,0.31309
0.19903,0.31423,0.24045,0.24629
0.25208,0.54537,0.10221,0.10033
0.12126,0.09868,0.38842,0.39164
0.76712,0.03484,0.09914,0.09891
0.27143,0.21239,0.25605,0.26012
0.35833,0.28574,0.17836,0.17758
0.48339,0.21522,0.15204,0.14935
0.05034,0.64797,0.14942,0.15227
0.24050,0.63240,0.06252,0.06458
0.32311,0.37014,0.15256,0.15419
0.15823,0.51395,0.16136,0.16647
0.19204,0.05946,0.37449,0.37400
0.26085,0.12193,0.31073,0.30649
0.09184,0.23651,0.33548,0.33617
0.06353,0.03288,0.45480,0.44879
0.18973,0.10485,0.35212,0.35330
0.07237,0.06802,0.42840,0.43121
0.29251,0.24845,0.22796,0.23108
0.06187,0.65562,0.13872,0.14379
0.23367,0.25574,0.25752,0.25307
0.04762,0.03576,0.45798,0.45865
0.42184,0.16221,0.20764,0.20831
0.05255,0.04190,0.45336,0.45219
0.30830,0.30816,0.18964,0.19389
0.05530,0.26670,0.33758,0.34042
0.42474,0.35122,0.10913,0.11491
0.59138,0.09288,0.15749,0.15825
0.03305,0.09169,0.43784,0.43742
0.06909,0.08762,0.42119,0.42210
0.49212,0.22427,0.14213,0.14148
0.25864,0.23609,0.25156,0.25372
0.45328,0.37666,0.08419,0.08587
0.07457,0.05178,0.43757,0.43608
0.13653,0.11260,0.37560,0.37527
0.49870,0.06570,0.21895,0.21666
0.29354,0.24078,0.23348,0.23220
0.61074,0.25294,0.07064,0.06568
0.16957,0.29012,0.26846,0.27185
0.04397,0.44811,0.25389,0.25402
0.45189,0.24658,0.14902,0.15251
0.45277,0.28400,0.13055,0.13268
0.44789,0.37473,0.08954,0.08785
0.35545,0.11505,0.26508,0.26442
0.08222,0.78619,0.06459,0.06700
0.40131,0.33948,0.12884,0.13037
0.38099,0.33946,0.14036,0.13919
0.41427,0.38468,0.09818,0.10287
0.16636,0.06420,0.38648,0.38295
0.31812,0.26172,0.21128,0.20889
0.15429,0.52880,0.15818,0.15872
0.33306,0.53155,0.06738,0.06801
