0.03279,0.03543,0.02059,0.01965,0.01972,0.02625,0.01730,0.02094,0.01920,0.02129,0.06881,0.06198,0.02767,0.07659,0.18108,0.09884,0.16745,0.01779,0.02894,0.03768
0.04207,0.03902,0.02578,0.02707,0.02966,0.02762,0.02593,0.02863,0.02472,0.02785,0.06597,0.04418,0.03865,0.05897,0.03898,0.07360,0.23625,0.06154,0.03200,0.05153
0.03955,0.03522,0.02070,0.02023,0.01942,0.01896,0.01667,0.01659,0.01680,0.01744,0.14610,0.04800,0.27608,0.05191,0.03816,0.12150,0.02763,0.01177,0.02554,0.03173
0.01927,0.01852,0.01229,0.00877,0.00925,0.01120,0.01100,0.00968,0.01061,0.01011,0.02783,0.02460,0.57015,0.14241,0.02915,0.03181,0.01861,0.01219,0.01044,0.01210
0.05005,0.04257,0.02540,0.02449,0.02868,0.02920,0.02829,0.02589,0.02662,0.02708,0.03159,0.06074,0.03283,0.10510,0.15721,0.03990,0.17580,0.01287,0.02790,0.04779
0.05312,0.05913,0.02764,0.04182,0.02945,0.02918,0.03144,0.02567,0.03125,0.03035,0.03499,0.08158,0.07145,0.05802,0.17942,0.03983,0.05911,0.00821,0.04755,0.06081
0.03752,0.03566,0.02657,0.02302,0.02578,0.02692,0.02310,0.02478,0.02455,0.03046,0.21570,0.08843,0.03266,0.03137,0.05241,0.16680,0.02143,0.06178,0.02142,0.02962
0.02613,0.02034,0.01657,0.01389,0.01504,0.01218,0.01455,0.01514,0.01143,0.01454,0.15959,0.04202,0.02885,0.02213,0.01888,0.29618,0.01550,0.22868,0.01398,0.01439
0.09511,0.07062,0.01985,0.01494,0.01674,0.01686,0.01959,0.01503,0.01556,0.01851,0.12775,0.05011,0.15329,0.02787,0.02152,0.14295,0.13112,0.01260,0.01668,0.01329
0.04509,0.06194,0.02429,0.02400,0.02363,0.02933,0.02346,0.02283,0.02536,0.02444,0.03706,0.02410,0.03346,0.24587,0.14294,0.04886,0.04213,0.05158,0.03279,0.03684
0.01767,0.01620,0.00969,0.00912,0.00794,0.00862,0.00845,0.00900,0.00716,0.00815,0.16730,0.01800,0.01243,0.35995,0.08657,0.17152,0.01909,0.02689,0.01214,0.02411
0.03155,0.03283,0.02395,0.01881,0.01898,0.02404,0.01949,0.01978,0.01862,0.02030,0.02009,0.03647,0.03641,0.14936,0.20745,0.02789,0.05067,0.19134,0.02328,0.02870
0.03152,0.04352,0.01786,0.01366,0.01746,0.01987,0.01688,0.01906,0.01626,0.01883,0.11297,0.06906,0.02180,0.13258,0.16259,0.17727,0.02480,0.03795,0.02136,0.02469
0.05683,0.05875,0.02863,0.02696,0.02944,0.02973,0.02673,0.03677,0.02528,0.02958,0.10245,0.05465,0.05156,0.10696,0.06782,0.11039,0.03804,0.05649,0.02622,0.03672
0.14674,0.07228,0.03668,0.03766,0.03659,0.04313,0.02021,0.03414,0.02932,0.03220,0.02722,0.02391,0.01575,0.02397,0.03909,0.02946,0.24704,0.03773,0.01769,0.04918
0.01775,0.01758,0.01348,0.01384,0.01184,0.01186,0.01263,0.01158,0.01082,0.01293,0.25146,0.05177,0.03142,0.02490,0.02462,0.21203,0.02245,0.21243,0.01336,0.02123
0.03508,0.02861,0.02154,0.01855,0.01980,0.02097,0.01655,0.01933,0.01806,0.01928,0.06253,0.08775,0.08851,0.08196,0.05495,0.07663,0.21554,0.07156,0.01841,0.02441
0.02846,0.02549,0.01599,0.01751,0.01296,0.01611,0.01353,0.01249,0.01448,0.01343,0.26051,0.11078,0.01370,0.02049,0.10352,0.11536,0.12956,0.00558,0.01739,0.05268
0.07787,0.07674,0.06812,0.04323,0.04804,0.05055,0.05979,0.05608,0.05213,0.05047,0.04855,0.03495,0.06504,0.05334,0.03963,0.06455,0.02866,0.04247,0.02068,0.01910
0.05598,0.04422,0.04837,0.04702,0.04122,0.05335,0.05620,0.05458,0.04921,0.05098,0.04349,0.06131,0.02706,0.02578,0.03697,0.03808,0.03779,0.13033,0.03304,0.06503
0.03044,0.02994,0.02087,0.02009,0.01956,0.01843,0.02422,0.02053,0.01708,0.02138,0.06549,0.10263,0.08647,0.22006,0.08778,0.10902,0.02901,0.02785,0.02591,0.02321
0.03652,0.02829,0.02080,0.01810,0.01896,0.02169,0.01864,0.01953,0.01825,0.01936,0.06011,0.03274,0.03568,0.23478,0.10340,0.06462,0.01658,0.15829,0.02390,0.04975
0.04270,0.03798,0.02385,0.02122,0.02315,0.02750,0.02473,0.02671,0.02334,0.02650,0.05549,0.06420,0.06116,0.04162,0.03823,0.07064,0.29160,0.05793,0.02440,0.01705
0.03660,0.04150,0.01944,0.01605,0.01750,0.02256,0.01747,0.01864,0.01457,0.01751,0.08883,0.03004,0.08155,0.19267,0.06500,0.13630,0.06684,0.07127,0.02167,0.02400
0.05142,0.04384,0.03729,0.02879,0.03547,0.03292,0.02507,0.02274,0.02835,0.02822,0.11616,0.07029,0.04270,0.04356,0.05836,0.11016,0.13871,0.01599,0.03091,0.03904
0.04705,0.04652,0.02649,0.02418,0.02571,0.02713,0.02516,0.02407,0.02291,0.02858,0.06704,0.07058,0.07666,0.10228,0.07513,0.12572,0.11170,0.02694,0.02716,0.01899
0.04179,0.04199,0.01771,0.01728,0.01909,0.01859,0.01874,0.01530,0.01762,0.01830,0.26434,0.03071,0.06706,0.02746,0.01888,0.22308,0.04284,0.06557,0.01765,0.01600
0.03384,0.03308,0.01746,0.01795,0.01890,0.02066,0.01450,0.01701,0.01984,0.01771,0.17991,0.04909,0.05150,0.02698,0.02326,0.22185,0.13995,0.05071,0.02430,0.02151
0.04296,0.04083,0.02404,0.01818,0.02263,0.02411,0.01697,0.01965,0.02238,0.02146,0.06248,0.04095,0.27458,0.11968,0.06687,0.06820,0.04383,0.01507,0.01926,0.03586
0.03382,0.03091,0.02474,0.02163,0.02359,0.02084,0.02041,0.02264,0.02065,0.02146,0.04846,0.06236,0.01800,0.04847,0.40205,0.04720,0.03375,0.01165,0.02832,0.05905
0.03542,0.03504,0.01951,0.01814,0.02001,0.02175,0.02180,0.02334,0.02004,0.02371,0.02893,0.05920,0.13185,0.08224,0.03800,0.03831,0.07095,0.26923,0.02251,0.02001
0.08721,0.05926,0.02664,0.02704,0.02159,0.02856,0.02622,0.02406,0.02240,0.02813,0.05054,0.06160,0.16186,0.06905,0.06554,0.04554,0.09479,0.01092,0.02484,0.06421
0.04394,0.03514,0.01405,0.01258,0.01113,0.01413,0.01410,0.01145,0.01342,0.01400,0.17320,0.03298,0.29937,0.04899,0.02736,0.16305,0.03187,0.00697,0.01552,0.01677
0.08671,0.05966,0.02252,0.01841,0.01754,0.02075,0.01663,0.01812,0.01857,0.01765,0.05494,0.05164,0.06735,0.07033,0.05813,0.06997,0.03193,0.25946,0.01955,0.02014
0.03302,0.02699,0.01874,0.01950,0.01881,0.01940,0.01834,0.01541,0.01589,0.01648,0.07394,0.03739,0.03702,0.06718,0.05151,0.06777,0.03051,0.35490,0.02346,0.05374
0.02118,0.02294,0.01047,0.00954,0.01015,0.00917,0.01022,0.01099,0.00872,0.01027,0.19848,0.02400,0.01059,0.13434,0.21562,0.19821,0.01323,0.05079,0.01158,0.01948
0.02964,0.02851,0.01566,0.01357,0.01577,0.01593,0.01415,0.01691,0.01466,0.01820,0.09106,0.06484,0.09833,0.06944,0.03679,0.08529,0.02489,0.30443,0.01743,0.02448
0.07055,0.05151,0.02914,0.02836,0.02935,0.02705,0.02722,0.03018,0.02586,0.02947,0.10501,0.09035,0.13862,0.03447,0.04384,0.08282,0.04077,0.00709,0.05439,0.05395
0.04684,0.03357,0.01838,0.02204,0.01817,0.01711,0.01301,0.01467,0.01510,0.01975,0.03938,0.05835,0.01414,0.01977,0.18538,0.03604,0.36817,0.00454,0.01433,0.04126
0.08007,0.07718,0.05405,0.06241,0.04733,0.05067,0.05768,0.04389,0.04617,0.04851,0.04994,0.04329,0.02090,0.03004,0.04089,0.06262,0.03490,0.08192,0.02776,0.03977
0.06640,0.04886,0.02959,0.03009,0.02830,0.02797,0.02528,0.02701,0.02428,0.02753,0.04069,0.04786,0.01961,0.04076,0.14733,0.04780,0.24413,0.01860,0.02261,0.03531
0.04842,0.04761,0.02428,0.02968,0.02918,0.03820,0.02383,0.03323,0.02538,0.03870,0.02723,0.06474,0.10359,0.05659,0.05963,0.03725,0.21516,0.03139,0.02703,0.03886
0.04225,0.03304,0.02773,0.02361,0.02066,0.02006,0.02087,0.02055,0.01932,0.02106,0.17251,0.07057,0.11219,0.02756,0.02168,0.24015,0.03519,0.02038,0.02581,0.02482
0.06725,0.04810,0.02930,0.03725,0.03011,0.03185,0.02443,0.02438,0.02807,0.03390,0.10120,0.11902,0.06433,0.03956,0.04556,0.10356,0.08255,0.01337,0.03474,0.04147
0.09771,0.09117,0.02837,0.05010,0.05123,0.04385,0.04023,0.02904,0.03855,0.05103,0.02920,0.02259,0.02087,0.03471,0.02884,0.03447,0.03667,0.23340,0.01698,0.02098
0.08589,0.06563,0.06591,0.05222,0.05566,0.04991,0.06359,0.06218,0.04852,0.05946,0.04021,0.03720,0.03830,0.02773,0.03540,0.04231,0.03005,0.07692,0.02491,0.03801
0.03598,0.03461,0.03760,0.03412,0.03189,0.02810,0.02438,0.02972,0.02447,0.02715,0.03540,0.05629,0.03079,0.18088,0.20420,0.04960,0.05967,0.02897,0.02060,0.02561
0.16443,0.09744,0.01741,0.01575,0.01616,0.02823,0.01867,0.02400,0.01330,0.02136,0.02669,0.02598,0.03902,0.21260,0.15519,0.03267,0.03582,0.00655,0.01462,0.03412
0.05210,0.04288,0.03339,0.03003,0.03477,0.03165,0.03426,0.03352,0.03553,0.03337,0.10137,0.09396,0.10959,0.04702,0.03563,0.11565,0.03700,0.01345,0.05415,0.03066
0.04620,0.03937,0.02391,0.02374,0.02364,0.02164,0.02131,0.02045,0.02258,0.02081,0.06732,0.05239,0.04503,0.09898,0.14650,0.05570,0.15769,0.01225,0.02655,0.07396
0.02718,0.02291,0.01436,0.01268,0.01432,0.01636,0.01398,0.01491,0.01488,0.01358,0.04921,0.04788,0.50529,0.03151,0.02028,0.05896,0.05085,0.04487,0.01307,0.01290
0.02848,0.03361,0.02117,0.01866,0.02224,0.02310,0.02374,0.01954,0.02150,0.02359,0.13804,0.04129,0.16160,0.05309,0.02815,0.24211,0.02895,0.03463,0.02088,0.01564
0.01801,0.01475,0.00891,0.00838,0.00828,0.00870,0.00818,0.01028,0.00693,0.00849,0.56911,0.02206,0.01122,0.02328,0.02316,0.20708,0.01407,0.00486,0.00978,0.01444
0.06685,0.08215,0.04107,0.03056,0.03041,0.04295,0.03916,0.03536,0.02764,0.03928,0.03470,0.15364,0.11094,0.03981,0.04067,0.03577,0.06790,0.04317,0.01876,0.01922
0.03480,0.03575,0.02187,0.01698,0.02257,0.01736,0.01901,0.01686,0.01613,0.01765,0.12464,0.04913,0.04338,0.07123,0.08129,0.16426,0.18300,0.00837,0.02844,0.02729
0.05730,0.05034,0.03608,0.04038,0.03709,0.03339,0.03483,0.03822,0.03476,0.03702,0.13013,0.05894,0.04856,0.02437,0.02495,0.11025,0.05335,0.04246,0.04814,0.05945
0.04239,0.04121,0.02473,0.02253,0.02496,0.02484,0.02263,0.02132,0.02441,0.02311,0.07867,0.05449,0.30116,0.03372,0.02202,0.09490,0.03319,0.07970,0.01515,0.01487
0.03150,0.03226,0.01829,0.02038,0.01754,0.02036,0.01757,0.02087,0.01860,0.01827,0.19132,0.08030,0.10777,0.04724,0.04468,0.19140,0.03001,0.01318,0.03298,0.04547
0.04952,0.03802,0.02344,0.02394,0.02097,0.02714,0.02131,0.02605,0.02094,0.02774,0.04263,0.19669,0.16513,0.06581,0.05715,0.04929,0.06610,0.01359,0.03403,0.03050
0.02572,0.02327,0.01589,0.01300,0.01674,0.01153,0.01244,0.01533,0.01251,0.01581,0.18957,0.05112,0.18160,0.02400,0.01658,0.26540,0.02142,0.06519,0.01117,0.01172
0.03369,0.03267,0.02394,0.01940,0.02023,0.02043,0.01764,0.02138,0.01959,0.01955,0.18465,0.06126,0.03325,0.04292,0.03530,0.25724,0.02670,0.03713,0.05542,0.03761
0.05013,0.06161,0.05479,0.02624,0.02807,0.02611,0.02700,0.02732,0.02326,0.02629,0.06627,0.07969,0.02457,0.09133,0.12295,0.09205,0.01902,0.08834,0.03550,0.02945
0.04846,0.04776,0.03859,0.03430,0.03753,0.03579,0.03251,0.03325,0.03315,0.03379,0.04358,0.05421,0.04120,0.10621,0.14835,0.03983,0.05366,0.01928,0.03843,0.08010
0.03502,0.03411,0.02237,0.02432,0.02749,0.02481,0.02301,0.02550,0.02044,0.02360,0.04010,0.10553,0.30213,0.05702,0.04568,0.05733,0.06832,0.02388,0.02045,0.01889
0.06652,0.04684,0.03243,0.02965,0.03265,0.02765,0.02326,0.02267,0.02506,0.02850,0.02889,0.28512,0.05990,0.03183,0.08294,0.02724,0.04100,0.00661,0.02208,0.07917
0.04200,0.03666,0.02480,0.02372,0.02537,0.02596,0.02134,0.01783,0.02448,0.02393,0.03661,0.04917,0.02740,0.02850,0.16590,0.02830,0.06602,0.00609,0.01823,0.30768
0.12037,0.10130,0.03126,0.04528,0.04636,0.04357,0.02998,0.04577,0.03552,0.03774,0.05447,0.03472,0.03180,0.04061,0.04402,0.06259,0.04312,0.01821,0.04198,0.09133
0.03483,0.04409,0.02787,0.03340,0.02750,0.02756,0.02629,0.02484,0.02558,0.02341,0.08290,0.07967,0.04210,0.05058,0.13208,0.08947,0.06338,0.01157,0.05354,0.09933
0.10674,0.10692,0.04054,0.03532,0.04902,0.04169,0.02999,0.05090,0.02782,0.03811,0.08193,0.05246,0.05490,0.03006,0.03995,0.07735,0.03716,0.02336,0.02525,0.05053
0.04765,0.05221,0.02919,0.03518,0.03319,0.03320,0.02795,0.02750,0.03065,0.03339,0.04247,0.09430,0.04290,0.03566,0.23253,0.03962,0.04567,0.01142,0.03137,0.07392
0.03347,0.03226,0.02231,0.02328,0.02124,0.02106,0.01668,0.01800,0.02148,0.02413,0.03837,0.16470,0.01810,0.03659,0.26388,0.03980,0.10909,0.01444,0.02738,0.05376
0.07685,0.05335,0.02695,0.03301,0.03517,0.02854,0.02555,0.03297,0.03005,0.03078,0.13939,0.07218,0.07357,0.03246,0.03671,0.11862,0.03974,0.01109,0.04410,0.05892
0.02107,0.02302,0.01407,0.01262,0.01335,0.01453,0.01436,0.01358,0.01305,0.01353,0.05532,0.15865,0.03849,0.04345,0.05987,0.07320,0.35265,0.02648,0.01998,0.01875
0.02027,0.01918,0.01133,0.00935,0.01068,0.01227,0.01023,0.01010,0.01168,0.01074,0.03689,0.04833,0.04335,0.51651,0.07822,0.04955,0.04324,0.01465,0.02076,0.02267
0.03438,0.03492,0.02081,0.01960,0.01876,0.02052,0.01896,0.02099,0.02213,0.02221,0.04383,0.07021,0.08339,0.03686,0.04239,0.04544,0.36291,0.02743,0.02634,0.02793
0.01857,0.01546,0.01189,0.01095,0.00992,0.01041,0.01070,0.01106,0.00833,0.01003,0.34287,0.08978,0.02471,0.01854,0.03419,0.21626,0.11366,0.00889,0.01435,0.01944
0.02701,0.02929,0.01738,0.01596,0.01955,0.01530,0.01671,0.01699,0.01702,0.01957,0.08038,0.05786,0.33114,0.02739,0.02188,0.13454,0.07610,0.04959,0.01481,0.01153
0.12835,0.16091,0.03151,0.14266,0.02835,0.04920,0.02964,0.04276,0.06815,0.03998,0.01892,0.01280,0.01516,0.02452,0.02327,0.02378,0.03059,0.09004,0.02155,0.01784
0.02507,0.02456,0.01496,0.01350,0.01580,0.01434,0.01309,0.01177,0.01347,0.01410,0.04939,0.06442,0.47210,0.04929,0.03760,0.05621,0.06159,0.02046,0.01336,0.01492
0.03269,0.02893,0.01899,0.01554,0.01698,0.01622,0.01775,0.01913,0.01851,0.01960,0.04504,0.04857,0.49889,0.02834,0.01909,0.04817,0.02620,0.04862,0.01793,0.01480
0.05512,0.04322,0.05603,0.04105,0.03498,0.03359,0.03132,0.04545,0.03596,0.03796,0.11632,0.09062,0.04901,0.04133,0.03107,0.13716,0.01343,0.04710,0.02393,0.03536
0.04908,0.03991,0.01979,0.02050,0.02181,0.02152,0.01943,0.02033,0.01690,0.01670,0.07997,0.09137,0.12334,0.07785,0.11689,0.08522,0.08383,0.00897,0.03073,0.05585
0.05371,0.04507,0.03754,0.04824,0.03643,0.04815,0.03589,0.03740,0.03808,0.03912,0.05173,0.10260,0.02984,0.03594,0.09674,0.04764,0.07631,0.00831,0.02935,0.10191
0.06604,0.06653,0.04383,0.04393,0.04149,0.03575,0.04782,0.04895,0.03310,0.04809,0.08062,0.05726,0.12708,0.03257,0.02509,0.09537,0.01925,0.04025,0.02245,0.02451
0.03446,0.02955,0.02451,0.02842,0.02574,0.02272,0.02635,0.02021,0.02100,0.02435,0.02856,0.04544,0.02144,0.12757,0.33438,0.03823,0.02891,0.00988,0.03377,0.07451
0.01828,0.01710,0.01104,0.00917,0.00841,0.00970,0.01002,0.00916,0.00865,0.00996,0.02602,0.03066,0.01339,0.50683,0.21503,0.03521,0.01822,0.01571,0.01226,0.01518
0.05934,0.03633,0.01710,0.01502,0.01471,0.01777,0.01673,0.01920,0.01335,0.01621,0.05001,0.05474,0.12575,0.15426,0.08363,0.06265,0.18670,0.00964,0.01634,0.03052
0.03402,0.02794,0.02325,0.01704,0.01696,0.02111,0.01929,0.01614,0.01814,0.01956,0.06017,0.05427,0.04733,0.03903,0.03742,0.08195,0.10138,0.31727,0.02361,0.02411
0.03957,0.04178,0.02759,0.02957,0.02793,0.03015,0.03121,0.02585,0.02621,0.03000,0.03884,0.11108,0.04977,0.06649,0.05944,0.04977,0.23166,0.02126,0.03200,0.02985
0.08109,0.05866,0.06196,0.03527,0.03576,0.03060,0.04631,0.04171,0.03778,0.04130,0.06866,0.06622,0.08034,0.05395,0.03844,0.06643,0.02756,0.00954,0.06707,0.05133
0.03822,0.03590,0.02887,0.02612,0.02904,0.03293,0.02487,0.02748,0.02478,0.03014,0.15481,0.05669,0.03546,0.05489,0.04669,0.14346,0.02738,0.10165,0.02282,0.05781
0.05724,0.04995,0.03126,0.03545,0.03584,0.03866,0.03446,0.03229,0.03873,0.03359,0.05732,0.06206,0.03662,0.10598,0.09509,0.06953,0.08826,0.03440,0.02710,0.03616
0.04678,0.04208,0.03685,0.02759,0.02575,0.02740,0.02893,0.02579,0.02161,0.02403,0.11567,0.05571,0.05708,0.09356,0.08445,0.14045,0.07149,0.01955,0.02819,0.02704
0.04196,0.04471,0.02184,0.01667,0.02304,0.02477,0.01990,0.02465,0.01837,0.02035,0.03241,0.13585,0.36592,0.03554,0.04047,0.03503,0.02605,0.04118,0.01489,0.01641
0.05021,0.06493,0.02717,0.03851,0.03265,0.03909,0.02542,0.03175,0.03724,0.03380,0.06637,0.09072,0.05651,0.04571,0.04508,0.06159,0.05268,0.05324,0.04113,0.10624
0.05764,0.04860,0.02983,0.02342,0.02101,0.02705,0.02292,0.02393,0.02339,0.02381,0.06024,0.23615,0.06374,0.06463,0.08040,0.06693,0.03954,0.01609,0.03710,0.03359
0.04444,0.04350,0.02594,0.02306,0.02294,0.02229,0.02090,0.01891,0.01807,0.02266,0.09785,0.16218,0.03741,0.05530,0.10758,0.08701,0.07738,0.01864,0.03134,0.06260
0.05266,0.05677,0.01843,0.01550,0.01753,0.01717,0.01697,0.01735,0.02034,0.01868,0.15728,0.03653,0.04802,0.07672,0.04745,0.27523,0.06113,0.01255,0.01851,0.01519
0.04825,0.03645,0.03653,0.03281,0.02936,0.03352,0.02674,0.02691,0.02877,0.03537,0.07796,0.14457,0.02007,0.03580,0.11888,0.06323,0.06387,0.00766,0.03172,0.10152
0.04180,0.04219,0.03848,0.05703,0.04488,0.04420,0.03345,0.04920,0.03384,0.04627,0.02853,0.14549,0.03206,0.02473,0.04290,0.03763,0.18821,0.01731,0.02155,0.03027
