0.09188,0.08056,0.08878,0.10121,0.08427,0.10293,0.13346,0.09141,0.10305,0.12243
0.08691,0.07331,0.08306,0.09920,0.07642,0.09907,0.13405,0.09865,0.10950,0.13984
0.10452,0.08996,0.10003,0.09268,0.09509,0.08463,0.11557,0.09500,0.09838,0.12415
0.08466,0.07273,0.07837,0.08343,0.07551,0.09179,0.13032,0.12265,0.11254,0.14799
0.09554,0.08451,0.11673,0.11048,0.07787,0.07953,0.11339,0.09430,0.09280,0.13486
0.07414,0.06804,0.07603,0.07932,0.07670,0.10464,0.14449,0.11290,0.11867,0.14506
0.08036,0.07071,0.07071,0.08483,0.09138,0.09647,0.13904,0.10566,0.11551,0.14532
0.08128,0.06777,0.08298,0.08726,0.06678,0.08870,0.14345,0.11321,0.11748,0.15108
0.07858,0.06820,0.06705,0.08654,0.07198,0.09790,0.14874,0.10967,0.11516,0.15618
0.08035,0.06978,0.07180,0.08984,0.07278,0.09417,0.13596,0.11377,0.11955,0.15199
0.08971,0.07958,0.08742,0.09829,0.08761,0.08780,0.13568,0.09318,0.10195,0.13878
0.08924,0.08057,0.08388,0.09710,0.08305,0.09042,0.12598,0.10138,0.11107,0.13732
0.10062,0.09033,0.08054,0.10166,0.10692,0.07814,0.11513,0.09641,0.10189,0.12836
0.09022,0.07911,0.08702,0.09825,0.08391,0.08560,0.12569,0.11324,0.10365,0.13332
0.09000,0.07469,0.08076,0.08978,0.07782,0.08418,0.13778,0.10504,0.11142,0.14853
0.08932,0.08349,0.08413,0.09903,0.08524,0.10266,0.11723,0.10166,0.10233,0.13492
0.07169,0.06482,0.05977,0.07589,0.08456,0.10580,0.15699,0.10613,0.12326,0.15108
0.10417,0.09847,0.10471,0.11827,0.09536,0.08431,0.11079,0.08102,0.08907,0.11381
0.12550,0.10501,0.10963,0.13038,0.10134,0.07017,0.09592,0.07781,0.08093,0.10333
0.07928,0.07152,0.06048,0.08297,0.08308,0.10249,0.15223,0.10223,0.11964,0.14607
0.06630,0.06548,0.06341,0.07277,0.06385,0.12259,0.15698,0.10789,0.12707,0.15365
0.09014,0.07438,0.08361,0.08698,0.08222,0.09473,0.13344,0.10329,0.11140,0.13982
0.06912,0.05934,0.06414,0.07505,0.06068,0.12510,0.16162,0.10694,0.12447,0.15355
0.08510,0.08026,0.07420,0.08761,0.08492,0.09697,0.12417,0.10940,0.11485,0.14253
0.06497,0.06457,0.06482,0.07271,0.06520,0.10030,0.14844,0.12763,0.12337,0.16800
0.11272,0.09857,0.08000,0.12072,0.12194,0.07490,0.10570,0.08530,0.09094,0.10920
0.10739,0.09595,0.08810,0.11443,0.11020,0.08580,0.11187,0.08785,0.08816,0.11025
0.04935,0.04727,0.04861,0.05789,0.04620,0.11817,0.18455,0.12272,0.13340,0.19184
0.09093,0.08204,0.09708,0.10444,0.08171,0.10609,0.12476,0.08716,0.10299,0.12278
0.08546,0.07494,0.07663,0.08866,0.08077,0.10512,0.13417,0.10430,0.11448,0.13549
0.09423,0.08129,0.09802,0.10550,0.08600,0.08692,0.12292,0.09853,0.09893,0.12766
0.10475,0.09320,0.09756,0.11071,0.10107,0.08549,0.11213,0.08696,0.09496,0.11318
0.10585,0.09096,0.12164,0.13244,0.08678,0.08111,0.10511,0.07948,0.08441,0.11223
0.08542,0.08218,0.08090,0.09534,0.07810,0.09687,0.13131,0.10153,0.10809,0.14026
0.07921,0.06426,0.06710,0.08617,0.06968,0.09617,0.14452,0.11249,0.12248,0.15792
0.07999,0.07593,0.06558,0.08785,0.09061,0.10724,0.14767,0.09546,0.11208,0.13759
0.07151,0.06111,0.06984,0.07937,0.06668,0.09770,0.15030,0.11662,0.12313,0.16375
0.07894,0.06912,0.07229,0.08517,0.07643,0.10712,0.14651,0.10591,0.12191,0.13660
0.08057,0.06878,0.07302,0.08313,0.07644,0.10565,0.14446,0.10469,0.11826,0.14501
0.07831,0.06534,0.07307,0.08137,0.07643,0.10578,0.14433,0.10689,0.11412,0.15436
0.08621,0.07808,0.08158,0.09584,0.08625,0.09678,0.13013,0.10339,0.10646,0.13528
0.08681,0.08006,0.08023,0.09163,0.08086,0.08486,0.12351,0.11929,0.10724,0.14551
0.11277,0.09570,0.07453,0.11534,0.13035,0.07243,0.11855,0.08104,0.09304,0.10625
0.09048,0.08413,0.08105,0.09087,0.09630,0.10396,0.11707,0.10594,0.11018,0.12002
0.08244,0.07652,0.07464,0.09781,0.08034,0.10717,0.13684,0.10222,0.10777,0.13425
0.10044,0.08305,0.09337,0.08767,0.09070,0.08629,0.12626,0.09593,0.10231,0.13399
0.08258,0.07562,0.08190,0.08988,0.07325,0.10162,0.12672,0.11439,0.11372,0.14032
0.11565,0.10353,0.11168,0.13205,0.10689,0.06858,0.09075,0.08471,0.08283,0.10332
0.08285,0.07682,0.07445,0.08663,0.07993,0.11403,0.13105,0.10629,0.11570,0.13226
0.08999,0.07954,0.09352,0.08998,0.09255,0.08905,0.12013,0.10668,0.10047,0.13809
0.11543,0.10104,0.10266,0.10390,0.10345,0.07860,0.10079,0.08895,0.09358,0.11161
0.06884,0.06542,0.06546,0.07298,0.06423,0.11261,0.15239,0.11716,0.12694,0.15396
0.07317,0.06323,0.06812,0.07810,0.06984,0.09374,0.15086,0.11296,0.12322,0.16676
0.10482,0.09150,0.10318,0.10232,0.08978,0.08406,0.11499,0.09056,0.09488,0.12391
0.06765,0.06307,0.06188,0.06888,0.06847,0.09929,0.14639,0.12783,0.12246,0.17408
0.08452,0.07443,0.07899,0.09182,0.07874,0.10324,0.13314,0.10461,0.11067,0.13984
0.09473,0.08256,0.08824,0.11183,0.08605,0.06882,0.10731,0.11896,0.09877,0.14272
0.06713,0.06452,0.06423,0.07121,0.05951,0.11381,0.16080,0.10956,0.12735,0.16187
0.09109,0.08361,0.08993,0.10659,0.08593,0.09679,0.13507,0.08439,0.09670,0.12988
0.07425,0.07244,0.06418,0.07697,0.07649,0.13323,0.13714,0.11102,0.12485,0.12942
0.08597,0.07665,0.06753,0.09084,0.09012,0.10661,0.13670,0.10694,0.10878,0.12986
0.08761,0.08463,0.09290,0.10679,0.08565,0.08820,0.12236,0.10083,0.10237,0.12865
0.08869,0.08457,0.08022,0.09467,0.08860,0.09962,0.13077,0.09464,0.10962,0.12859
0.08128,0.07003,0.07401,0.08949,0.07721,0.08739,0.14788,0.10135,0.11440,0.15696
0.08256,0.07483,0.07638,0.08871,0.08103,0.08263,0.12265,0.12436,0.11471,0.15214
0.10789,0.09973,0.10392,0.11963,0.10713,0.08410,0.10421,0.08171,0.08680,0.10488
0.07788,0.06846,0.07180,0.08428,0.07132,0.08842,0.14078,0.11764,0.11273,0.16668
0.07275,0.05702,0.06431,0.07482,0.06687,0.09842,0.13742,0.13794,0.12709,0.16336
0.07299,0.06387,0.06548,0.07893,0.07592,0.09875,0.14656,0.11623,0.12057,0.16070
0.07323,0.06760,0.07463,0.08586,0.06733,0.11357,0.13069,0.12156,0.12209,0.14345
0.08142,0.07578,0.07411,0.08550,0.08333,0.11987,0.14070,0.09668,0.11078,0.13183
0.07732,0.06671,0.06803,0.08295,0.07456,0.10928,0.15216,0.10523,0.11754,0.14623
0.08395,0.08012,0.08442,0.09340,0.08378,0.10707,0.13666,0.09445,0.10647,0.12969
0.10303,0.08951,0.09883,0.09005,0.08462,0.10052,0.11891,0.08979,0.09510,0.12964
0.10063,0.08552,0.07967,0.09889,0.10143,0.09081,0.12750,0.08727,0.10531,0.12297
0.08933,0.08676,0.07310,0.10011,0.09126,0.08548,0.12943,0.10384,0.10445,0.13623
0.09570,0.08713,0.08710,0.10634,0.09039,0.08744,0.11578,0.10139,0.10563,0.12310
0.11127,0.09509,0.09331,0.11045,0.10043,0.08074,0.10860,0.09117,0.09164,0.11732
0.07783,0.06760,0.06683,0.07810,0.06547,0.08748,0.14822,0.11864,0.12004,0.16979
0.09458,0.08479,0.09189,0.10296,0.09504,0.08999,0.11304,0.09882,0.10086,0.12803
0.07426,0.07199,0.07717,0.08644,0.07038,0.10108,0.15063,0.10239,0.10889,0.15678
0.07975,0.07213,0.07110,0.08461,0.07882,0.10641,0.14370,0.10771,0.11480,0.14097
0.09596,0.09159,0.09359,0.10764,0.09993,0.09704,0.11130,0.09433,0.09696,0.11166
0.09677,0.08946,0.08707,0.11642,0.08652,0.08652,0.12441,0.08815,0.10060,0.12407
0.08122,0.07412,0.07391,0.09670,0.07845,0.09719,0.14681,0.09598,0.11440,0.14124
0.08966,0.08122,0.09050,0.09810,0.09393,0.08856,0.10557,0.11374,0.10273,0.13599
0.08229,0.08490,0.07737,0.09797,0.08331,0.10012,0.13080,0.10102,0.10738,0.13484
0.08335,0.08882,0.08498,0.09406,0.08772,0.10508,0.12827,0.09335,0.11292,0.12146
0.09438,0.08235,0.09441,0.10646,0.07803,0.08986,0.12291,0.10011,0.09932,0.13219
0.08127,0.06756,0.09269,0.09848,0.06681,0.09224,0.13419,0.10281,0.11109,0.15286
0.08685,0.08030,0.08565,0.09724,0.07682,0.09575,0.13290,0.10178,0.10534,0.13737
0.07647,0.06690,0.07280,0.08272,0.07567,0.10864,0.14019,0.11621,0.11523,0.14516
0.10084,0.08284,0.07970,0.10078,0.09858,0.08929,0.11850,0.10128,0.10143,0.12675
0.06661,0.05909,0.07030,0.07208,0.06032,0.11303,0.15883,0.11983,0.11896,0.16094
0.07368,0.06106,0.07737,0.08179,0.06156,0.10045,0.14418,0.11110,0.12092,0.16789
0.06376,0.05634,0.06096,0.07000,0.05894,0.11297,0.17811,0.10787,0.12202,0.16901
0.08469,0.08334,0.08641,0.09327,0.08938,0.11176,0.12362,0.09608,0.10432,0.12713
0.07144,0.06546,0.06307,0.08363,0.07305,0.10196,0.15595,0.11012,0.12089,0.15444
0.10667,0.09184,0.09983,0.11350,0.09461,0.09528,0.11429,0.08382,0.09570,0.10447
0.06672,0.06014,0.06353,0.07168,0.06332,0.11132,0.15449,0.12109,0.12865,0.15904
0.07456,0.07229,0.07214,0.08474,0.07616,0.10568,0.14910,0.10330,0.11429,0.14775
0.06443,0.05830,0.06128,0.07029,0.06455,0.11936,0.17145,0.10863,0.12507,0.15665
0.08128,0.07583,0.07608,0.09393,0.07527,0.09596,0.14153,0.10227,0.11493,0.14293
0.09293,0.08812,0.08050,0.09782,0.08323,0.09456,0.12562,0.10274,0.10468,0.12980
0.12419,0.10173,0.11100,0.10894,0.11254,0.07220,0.10182,0.07846,0.08365,0.10547
0.07763,0.06561,0.06702,0.07977,0.07965,0.10814,0.14857,0.10991,0.11787,0.14582
0.09853,0.08998,0.06813,0.10514,0.11496,0.07959,0.12789,0.09264,0.09853,0.12462
0.09752,0.08085,0.10784,0.10166,0.07246,0.09200,0.12516,0.09409,0.09871,0.12972
0.11578,0.10035,0.09814,0.11536,0.11319,0.07563,0.11030,0.08032,0.08623,0.10471
0.11587,0.09910,0.10932,0.12322,0.11464,0.07364,0.09588,0.07959,0.08097,0.10776
0.10722,0.09307,0.10470,0.11345,0.09995,0.08627,0.10713,0.08857,0.09176,0.10789
0.10402,0.09872,0.09430,0.11084,0.09913,0.07931,0.10531,0.09723,0.09383,0.11730
0.09547,0.08044,0.07573,0.09864,0.08717,0.09942,0.11988,0.10687,0.10579,0.13059
0.08533,0.08061,0.07581,0.09446,0.08610,0.09010,0.14048,0.10040,0.10757,0.13914
0.09085,0.07788,0.08216,0.09973,0.07996,0.09481,0.12758,0.10219,0.10841,0.13643
0.05238,0.05534,0.05201,0.06880,0.05273,0.13938,0.18987,0.09650,0.12893,0.16407
0.10684,0.09011,0.07619,0.10205,0.11683,0.08850,0.12606,0.08713,0.09555,0.11073
0.10210,0.09034,0.10416,0.10585,0.08639,0.08687,0.11619,0.08790,0.09423,0.12598
0.04810,0.04926,0.04576,0.05647,0.04940,0.12502,0.17581,0.12928,0.14072,0.18018
0.05725,0.05521,0.06003,0.06553,0.04953,0.11160,0.17549,0.11689,0.12853,0.17995
0.06319,0.06104,0.06639,0.07559,0.05844,0.11916,0.16118,0.10788,0.12155,0.16559
0.08736,0.08196,0.08865,0.09953,0.08439,0.08786,0.12584,0.10125,0.10550,0.13767
0.06590,0.06044,0.06281,0.07254,0.06648,0.11420,0.16551,0.11392,0.12151,0.15668
0.09651,0.08264,0.09349,0.10916,0.08479,0.10411,0.11830,0.08777,0.09927,0.12395
0.04348,0.04081,0.04602,0.04835,0.04203,0.11723,0.18784,0.13328,0.14092,0.20004
0.09456,0.08201,0.09380,0.10432,0.08922,0.08363,0.12773,0.09692,0.09949,0.12831
0.08212,0.07165,0.07804,0.08528,0.07826,0.10960,0.14746,0.10061,0.11143,0.13555
0.08460,0.07752,0.08237,0.10093,0.08089,0.09783,0.13072,0.10163,0.10873,0.13479
0.09026,0.07786,0.07753,0.08897,0.08846,0.09838,0.12731,0.10635,0.10839,0.13649
0.07870,0.07303,0.06141,0.07997,0.08648,0.09929,0.14914,0.10549,0.12283,0.14365
0.10060,0.08916,0.10414,0.11266,0.08934,0.08378,0.10641,0.09766,0.09491,0.12134
0.10801,0.08682,0.09331,0.11855,0.09906,0.08704,0.10197,0.09519,0.09461,0.11545
0.06903,0.06200,0.06521,0.06844,0.05971,0.11118,0.15541,0.11354,0.13127,0.16422
0.06816,0.06382,0.06674,0.07867,0.06806,0.12788,0.15718,0.10168,0.12325,0.14456
0.10524,0.09785,0.09591,0.12062,0.10150,0.08066,0.11155,0.08226,0.09349,0.11092
0.09131,0.07556,0.06244,0.09414,0.10327,0.08933,0.13702,0.10366,0.11374,0.12954
0.07530,0.06856,0.06715,0.07493,0.06936,0.09805,0.14243,0.12336,0.12355,0.15732
0.07367,0.06837,0.07035,0.07918,0.06521,0.09893,0.14472,0.11969,0.11699,0.16288
0.10500,0.09425,0.11241,0.10864,0.09139,0.08661,0.11183,0.08524,0.08938,0.11525
0.07892,0.07698,0.07415,0.08856,0.07794,0.11090,0.13303,0.10356,0.11925,0.13670
0.07847,0.07181,0.07747,0.09110,0.07951,0.09788,0.13935,0.10611,0.11451,0.14379
0.07252,0.07395,0.07075,0.08748,0.06999,0.11119,0.13802,0.10829,0.12189,0.14592
0.09130,0.07806,0.08641,0.09677,0.08836,0.09130,0.12711,0.10344,0.10451,0.13274
0.08314,0.07599,0.08328,0.09020,0.08311,0.09655,0.13631,0.10023,0.10614,0.14504
0.07525,0.06911,0.06662,0.07586,0.07381,0.11133,0.14578,0.11133,0.12306,0.14786
0.07994,0.07982,0.07082,0.09864,0.09104,0.09636,0.13457,0.10643,0.10960,0.13279
0.07280,0.06568,0.07265,0.08481,0.07454,0.11282,0.13710,0.11517,0.11841,0.14601
0.07886,0.07301,0.07840,0.08499,0.07748,0.12629,0.12382,0.11562,0.10827,0.13326
0.09962,0.08439,0.09081,0.10571,0.09164,0.07907,0.11852,0.09770,0.09925,0.13329
0.10819,0.09708,0.09031,0.12117,0.12713,0.07099,0.10300,0.08626,0.08818,0.10770
0.09575,0.07977,0.07064,0.09741,0.10263,0.09144,0.13270,0.09609,0.10911,0.12447
0.08233,0.07853,0.07182,0.08918,0.08003,0.10785,0.13495,0.10534,0.11477,0.13519
0.10303,0.08080,0.08928,0.10446,0.08646,0.09352,0.12885,0.09515,0.09811,0.12034
0.11428,0.09701,0.12147,0.13385,0.09400,0.07163,0.09320,0.08364,0.08567,0.10526
0.07080,0.06474,0.06155,0.07911,0.07354,0.12107,0.16134,0.10086,0.11926,0.14773
0.08051,0.07028,0.08497,0.09591,0.07492,0.11021,0.14237,0.09574,0.10559,0.13951
0.07406,0.06748,0.07795,0.08461,0.06977,0.10709,0.14644,0.10444,0.11978,0.14838
0.10756,0.09664,0.10055,0.12032,0.10139,0.07871,0.10629,0.08160,0.08864,0.11831
0.11428,0.08880,0.09756,0.10656,0.09479,0.08696,0.11022,0.09575,0.08944,0.11563
0.09643,0.08675,0.09603,0.10894,0.08531,0.09587,0.11589,0.09577,0.10018,0.11883
0.12169,0.10548,0.12082,0.13000,0.11447,0.06967,0.09746,0.07501,0.07308,0.09232
0.10314,0.08676,0.09711,0.10551,0.10515,0.07646,0.11199,0.09675,0.09826,0.11888
0.08107,0.07402,0.06747,0.08568,0.08495,0.09817,0.14487,0.10433,0.11559,0.14384
0.06875,0.06510,0.06788,0.07492,0.06034,0.11402,0.16229,0.11078,0.12191,0.15400
0.10130,0.09022,0.10659,0.11678,0.08733,0.08371,0.10911,0.09212,0.09144,0.12141
0.07654,0.07369,0.07180,0.07984,0.07990,0.11178,0.14400,0.10803,0.11442,0.13999
0.11029,0.09602,0.09719,0.11674,0.09983,0.08067,0.11098,0.08448,0.09015,0.11364
0.06994,0.06690,0.06012,0.07629,0.07363,0.11193,0.16191,0.10472,0.12767,0.14689
0.10747,0.09215,0.10395,0.12195,0.10418,0.07745,0.10615,0.08464,0.09459,0.10748
0.08487,0.08063,0.06353,0.09159,0.09838,0.09869,0.12922,0.10239,0.11171,0.13897
0.09740,0.08928,0.10095,0.11366,0.09794,0.08342,0.11748,0.08794,0.09211,0.11982
0.08779,0.07743,0.09561,0.08744,0.06742,0.08738,0.13785,0.10059,0.11084,0.14766
0.07344,0.06512,0.07942,0.08507,0.05923,0.11420,0.15366,0.10259,0.11847,0.14882
0.09636,0.08689,0.09427,0.10406,0.08849,0.08746,0.12342,0.08997,0.10391,0.12518
0.05973,0.05563,0.05379,0.06277,0.05798,0.12657,0.16384,0.12079,0.13887,0.16003
0.09002,0.07877,0.07836,0.09699,0.07933,0.08763,0.13393,0.10811,0.10477,0.14209
0.08783,0.07622,0.06394,0.09515,0.10028,0.09134,0.13925,0.10151,0.10665,0.13784
0.08077,0.08438,0.07853,0.08787,0.07685,0.11891,0.14620,0.08621,0.11174,0.12854
0.07349,0.06389,0.06913,0.07903,0.07348,0.10723,0.16631,0.10360,0.11347,0.15038
0.08977,0.08576,0.09073,0.09803,0.09113,0.08318,0.12487,0.10138,0.10103,0.13411
0.11066,0.09964,0.10744,0.12342,0.10160,0.07828,0.10238,0.08135,0.08938,0.10585
0.09775,0.08883,0.09017,0.11128,0.08940,0.10470,0.11412,0.08692,0.10292,0.11390
0.08907,0.08015,0.08268,0.09222,0.08416,0.09455,0.13641,0.10108,0.11003,0.12964
0.08794,0.07938,0.08590,0.09493,0.08855,0.09511,0.12303,0.10171,0.11201,0.13144
0.11566,0.09841,0.11133,0.12840,0.09121,0.08059,0.09855,0.08456,0.08656,0.10474
0.05783,0.05019,0.06233,0.07009,0.05213,0.13876,0.18165,0.09835,0.12621,0.16245
0.08022,0.07416,0.07579,0.09248,0.07201,0.09940,0.12971,0.11352,0.11534,0.14736
0.10026,0.08636,0.09321,0.11457,0.09844,0.10244,0.12113,0.08261,0.08667,0.11430
0.09206,0.07800,0.09117,0.09897,0.08076,0.09668,0.13161,0.09647,0.10248,0.13179
0.10320,0.10751,0.08699,0.11287,0.10529,0.09042,0.10928,0.08794,0.09073,0.10578
0.08576,0.07197,0.08187,0.08857,0.07059,0.09941,0.13976,0.10804,0.10709,0.14694
0.08051,0.07618,0.09696,0.08620,0.06948,0.09177,0.13229,0.11307,0.10854,0.14498
0.08649,0.08143,0.08265,0.09617,0.08249,0.09794,0.12448,0.10249,0.10690,0.13896
0.08692,0.07501,0.07654,0.09246,0.08226,0.09419,0.13260,0.10907,0.11329,0.13766
0.08047,0.06557,0.08036,0.08593,0.06834,0.08378,0.11288,0.14574,0.12416,0.15278
0.09867,0.08667,0.07056,0.09465,0.11480,0.08921,0.13201,0.09035,0.09975,0.12332
0.07782,0.07493,0.06658,0.08562,0.08271,0.11019,0.13785,0.10664,0.11832,0.13933
0.07789,0.07372,0.07598,0.09143,0.07168,0.11110,0.15536,0.09346,0.10720,0.14218
0.07834,0.07506,0.06676,0.08755,0.08766,0.10606,0.15029,0.09863,0.11243,0.13720
0.06450,0.06336,0.06760,0.07261,0.06455,0.12031,0.14475,0.11692,0.12854,0.15686
0.09886,0.08322,0.07144,0.09715,0.10744,0.09097,0.12621,0.09811,0.10680,0.11980
0.08624,0.07832,0.07823,0.09321,0.09236,0.08783,0.12414,0.11272,0.10156,0.14539
0.10276,0.08789,0.09577,0.10361,0.08981,0.09063,0.11774,0.09367,0.09668,0.12146
0.06080,0.05478,0.06539,0.06746,0.05548,0.12750,0.16137,0.11659,0.12855,0.16208
0.08589,0.08713,0.08326,0.09665,0.07812,0.09920,0.13187,0.09930,0.10701,0.13158
0.08291,0.07835,0.08052,0.08872,0.07801,0.09951,0.13797,0.10434,0.11189,0.13776
0.07791,0.07120,0.07772,0.09231,0.07404,0.08797,0.13813,0.10797,0.11271,0.16005
0.08231,0.07801,0.08150,0.08744,0.08108,0.09297,0.12888,0.11196,0.11163,0.14423
0.07982,0.06747,0.06271,0.08234,0.08722,0.11324,0.15027,0.10456,0.12007,0.13231
0.07300,0.06910,0.06877,0.07630,0.06731,0.10186,0.14120,0.11978,0.12302,0.15967
0.07444,0.06422,0.07351,0.07880,0.06749,0.09620,0.13691,0.12475,0.11982,0.16386
0.07170,0.06762,0.06349,0.08526,0.08104,0.10039,0.15403,0.10457,0.11481,0.15709
0.08387,0.07990,0.07903,0.09736,0.07726,0.09979,0.13745,0.09612,0.11104,0.13819
0.07940,0.06693,0.06029,0.07797,0.07396,0.09273,0.14625,0.11996,0.12294,0.15957
0.10471,0.09278,0.08315,0.09401,0.09891,0.09677,0.11944,0.09508,0.10372,0.11143
0.07593,0.07017,0.07451,0.08577,0.07052,0.10203,0.14552,0.10710,0.11640,0.15205
0.06212,0.06283,0.06527,0.08134,0.06468,0.10968,0.16370,0.10803,0.11678,0.16556
0.07066,0.06335,0.05758,0.08111,0.07334,0.09740,0.15640,0.12002,0.12323,0.15691
0.07534,0.06771,0.06532,0.08144,0.07072,0.09475,0.15466,0.10972,0.11959,0.16074
0.07987,0.07210,0.07970,0.08392,0.08755,0.11474,0.14985,0.09253,0.10234,0.13740
0.08052,0.06958,0.07275,0.07953,0.06726,0.08816,0.14721,0.11541,0.11751,0.16207
0.08742,0.07914,0.07436,0.09802,0.08450,0.09598,0.12518,0.10790,0.10773,0.13977
0.11489,0.10180,0.10706,0.12606,0.10375,0.07567,0.10934,0.07766,0.08449,0.09929
0.06680,0.06488,0.05670,0.07424,0.07200,0.10369,0.15043,0.12453,0.12271,0.16402
0.08362,0.06459,0.08683,0.08862,0.06402,0.09919,0.14277,0.10532,0.11108,0.15397
0.07460,0.07055,0.07262,0.09159,0.08832,0.09234,0.13242,0.12261,0.11479,0.14016
0.07501,0.06671,0.07224,0.08281,0.06750,0.11847,0.15739,0.09859,0.11605,0.14524
0.08328,0.07513,0.07373,0.09205,0.07997,0.11671,0.13597,0.10071,0.10955,0.13290
0.10231,0.08628,0.09252,0.10222,0.08927,0.09079,0.11693,0.09517,0.10611,0.11841
0.07644,0.06768,0.08449,0.08742,0.06361,0.12208,0.14601,0.09747,0.11000,0.14479
0.06798,0.06499,0.06949,0.07519,0.07010,0.09980,0.14727,0.11694,0.12982,0.15843
0.08207,0.07325,0.07741,0.09278,0.07137,0.09924,0.13397,0.10769,0.11422,0.14799
0.11286,0.09862,0.12372,0.12255,0.08616,0.07160,0.10608,0.08369,0.08153,0.11320
0.06436,0.06338,0.06365,0.08643,0.06039,0.09239,0.15862,0.11643,0.12295,0.17141
0.06003,0.05762,0.06457,0.06969,0.05884,0.09716,0.15357,0.13772,0.12528,0.17553
0.07641,0.07286,0.06875,0.08521,0.07784,0.11445,0.13367,0.10982,0.11469,0.14630
0.08778,0.08079,0.08284,0.09630,0.08064,0.09851,0.13361,0.09806,0.10238,0.13910
0.09053,0.07360,0.07965,0.08579,0.08592,0.09160,0.13333,0.11075,0.11584,0.13299
0.07064,0.06685,0.06895,0.08279,0.06798,0.09906,0.14792,0.11574,0.12316,0.15690
0.07910,0.06620,0.07451,0.07950,0.07485,0.11055,0.14276,0.10668,0.11937,0.14647
0.10344,0.09653,0.09471,0.11222,0.09417,0.08817,0.10561,0.09221,0.09696,0.11598
0.07922,0.07982,0.06267,0.08622,0.08874,0.11992,0.13270,0.10584,0.11491,0.12995
0.08818,0.08316,0.09221,0.09813,0.07309,0.09275,0.13485,0.09296,0.10570,0.13897
0.11356,0.09516,0.10004,0.11679,0.09798,0.06900,0.10229,0.09577,0.08951,0.11992
0.07396,0.06404,0.06396,0.08066,0.06508,0.10200,0.16326,0.10666,0.11988,0.16051
0.10329,0.08862,0.11870,0.12242,0.08340,0.08417,0.11100,0.08398,0.08996,0.11445
0.08871,0.07551,0.07999,0.09275,0.07311,0.09923,0.14260,0.10208,0.11248,0.13354
0.08773,0.07851,0.09155,0.10549,0.07331,0.09308,0.12925,0.10445,0.10838,0.12825
0.07402,0.06682,0.07129,0.07648,0.07518,0.09914,0.13890,0.12511,0.12093,0.15214
0.09223,0.08014,0.09507,0.09800,0.07948,0.08728,0.12008,0.10681,0.10040,0.14051
0.10035,0.08206,0.09196,0.09201,0.08375,0.09128,0.12643,0.09509,0.10229,0.13478
0.08142,0.08147,0.07601,0.09511,0.07937,0.08983,0.12995,0.10766,0.11467,0.14452
0.07622,0.06955,0.06247,0.08438,0.07746,0.10073,0.16128,0.09933,0.11476,0.15383
0.07490,0.06639,0.06896,0.07233,0.07416,0.10227,0.15925,0.10713,0.12161,0.15300
0.07498,0.07352,0.07499,0.09086,0.07336,0.10427,0.14312,0.10349,0.11614,0.14526
0.09028,0.08591,0.09391,0.09051,0.08465,0.08423,0.11966,0.10401,0.11087,0.13598
0.11149,0.10054,0.10601,0.11923,0.10733,0.07564,0.10176,0.08306,0.08678,0.10815
0.07171,0.07121,0.07061,0.07747,0.06953,0.10061,0.13881,0.12097,0.12489,0.15419
0.09918,0.08449,0.09524,0.10833,0.08869,0.08936,0.11060,0.10193,0.09550,0.12668
0.07999,0.07191,0.07547,0.08906,0.07540,0.09194,0.13855,0.11634,0.11402,0.14732
0.11038,0.10083,0.10840,0.13546,0.09700,0.08709,0.09400,0.08086,0.08469,0.10129
0.10393,0.10016,0.09918,0.12761,0.10567,0.08386,0.11312,0.07677,0.08519,0.10450
0.10882,0.09300,0.08620,0.11076,0.11866,0.08148,0.10318,0.09252,0.09593,0.10945
0.08139,0.07155,0.07769,0.09131,0.07654,0.10269,0.14069,0.10107,0.11402,0.14305
0.09767,0.08489,0.08070,0.09739,0.09560,0.08836,0.12125,0.10337,0.10109,0.12969
0.08532,0.07208,0.08224,0.08885,0.07775,0.09646,0.12962,0.11156,0.11319,0.14294
0.09610,0.08174,0.07710,0.09490,0.09505,0.08616,0.12620,0.10329,0.10877,0.13068
0.09497,0.07895,0.09397,0.10547,0.07984,0.09503,0.12683,0.09509,0.10125,0.12861
0.11159,0.09117,0.10899,0.09119,0.08816,0.08546,0.11790,0.09041,0.09350,0.12162
0.09482,0.08574,0.08182,0.11330,0.08467,0.08066,0.13413,0.09028,0.10395,0.13063
0.08401,0.07937,0.07345,0.08800,0.08241,0.11072,0.12916,0.10730,0.11753,0.12805
0.09505,0.08856,0.09517,0.09937,0.09936,0.08503,0.11806,0.09497,0.09093,0.13349
0.10185,0.09292,0.11315,0.12317,0.09151,0.09355,0.11526,0.07760,0.08707,0.10392
0.07177,0.06610,0.06867,0.07378,0.06023,0.11153,0.13740,0.12711,0.12334,0.16008
0.07860,0.07485,0.07686,0.09022,0.07691,0.10433,0.13748,0.10015,0.11672,0.14388
0.10176,0.09081,0.10444,0.11313,0.08298,0.09359,0.11915,0.08360,0.09320,0.11733
0.07554,0.07294,0.05940,0.08210,0.07910,0.11956,0.15226,0.10335,0.12152,0.13424
0.11120,0.08991,0.09555,0.13132,0.09467,0.08527,0.11012,0.07512,0.08877,0.11807
0.10023,0.09360,0.09730,0.11267,0.09256,0.08811,0.11198,0.08910,0.09146,0.12299
0.08949,0.08635,0.08250,0.09808,0.09322,0.09949,0.12406,0.09749,0.10669,0.12263
0.08911,0.08025,0.09116,0.10595,0.08393,0.09623,0.12010,0.09731,0.10671,0.12923
0.07018,0.06324,0.07449,0.07671,0.06384,0.09414,0.14185,0.12341,0.12417,0.16797
0.09790,0.07982,0.09790,0.10826,0.08534,0.10712,0.12273,0.08620,0.09848,0.11626
0.09959,0.08146,0.08628,0.09784,0.08956,0.08650,0.12604,0.10144,0.09850,0.13281
0.07095,0.06651,0.06904,0.07759,0.07482,0.09985,0.15299,0.11218,0.12226,0.15381
0.12219,0.10249,0.10740,0.12048,0.11017,0.08298,0.09423,0.07735,0.08183,0.10089
0.06138,0.06117,0.06021,0.07284,0.06223,0.11238,0.16114,0.12052,0.12918,0.15895
0.09002,0.07707,0.08136,0.09426,0.07977,0.10543,0.13671,0.09792,0.10690,0.13056
0.06780,0.05958,0.07729,0.07729,0.06060,0.09409,0.13693,0.13183,0.12410,0.17048
0.08079,0.07061,0.08257,0.09058,0.07373,0.11372,0.13290,0.10535,0.11484,0.13490
0.10983,0.11183,0.09586,0.12628,0.10537,0.08327,0.09171,0.08906,0.08312,0.10367
0.06593,0.06414,0.05853,0.07787,0.06776,0.12156,0.16680,0.10492,0.11541,0.15707
0.09589,0.08359,0.08658,0.11287,0.08722,0.09297,0.12271,0.09371,0.10281,0.12165
0.08369,0.08027,0.06863,0.09298,0.09449,0.09664,0.13094,0.10441,0.11297,0.13498
0.07310,0.06541,0.06539,0.08165,0.07391,0.10841,0.14158,0.11772,0.12528,0.14755
0.07414,0.06766,0.06407,0.08015,0.06626,0.08885,0.14947,0.11608,0.12331,0.17000
0.09394,0.07416,0.09018,0.10126,0.06841,0.10358,0.13369,0.09712,0.10375,0.13390
0.10683,0.10632,0.10615,0.11916,0.09213,0.08497,0.09957,0.08892,0.08679,0.10917
0.07189,0.06248,0.07883,0.08116,0.05865,0.09112,0.15672,0.11070,0.12155,0.16691
0.08188,0.09217,0.07498,0.10301,0.08573,0.09803,0.13448,0.09839,0.10314,0.12819
