0.06934,0.06531,0.05569,0.14288,0.06181,0.06077,0.06342,0.05736,0.06042,0.06305,0.06050,0.08204,0.07802,0.07938
0.05597,0.05662,0.09526,0.04731,0.05082,0.04898,0.07130,0.05035,0.05498,0.05685,0.06215,0.08227,0.19157,0.07558
0.05106,0.05028,0.06505,0.05994,0.06824,0.06759,0.07196,0.04519,0.16728,0.05328,0.05069,0.06844,0.08167,0.09935
0.06518,0.06346,0.08239,0.05107,0.06120,0.05897,0.06968,0.05195,0.06572,0.06454,0.05664,0.07309,0.15176,0.08434
0.05107,0.05022,0.09714,0.05117,0.04906,0.04970,0.07326,0.05900,0.05795,0.07917,0.05610,0.11062,0.12218,0.09336
0.06088,0.05846,0.07156,0.05410,0.05258,0.05238,0.05514,0.05958,0.05664,0.06900,0.04991,0.13784,0.10523,0.11670
0.07496,0.07376,0.08232,0.08117,0.06865,0.06408,0.06827,0.05904,0.05633,0.06416,0.07457,0.07548,0.09133,0.06589
0.05976,0.06170,0.09295,0.06706,0.06792,0.06583,0.07590,0.06865,0.06665,0.06938,0.07616,0.06467,0.09285,0.07052
0.06916,0.06852,0.07335,0.06911,0.06068,0.06205,0.07643,0.09559,0.05824,0.07398,0.05944,0.06554,0.06728,0.10064
0.08928,0.09056,0.06673,0.05697,0.05235,0.05251,0.05164,0.06459,0.05777,0.07011,0.06969,0.07806,0.13302,0.06672
0.09022,0.08744,0.06274,0.06110,0.07240,0.07073,0.06591,0.06980,0.05128,0.07602,0.06718,0.07709,0.06539,0.08270
0.05480,0.05110,0.05560,0.06708,0.06813,0.06754,0.11577,0.11889,0.05719,0.08057,0.05898,0.05158,0.05393,0.09884
0.08355,0.08405,0.06607,0.07531,0.07366,0.07366,0.04631,0.06732,0.05821,0.07168,0.08585,0.08544,0.07231,0.05658
0.06113,0.06378,0.06339,0.13939,0.06719,0.06767,0.06623,0.06208,0.09059,0.06209,0.06365,0.05804,0.06883,0.06592
0.06400,0.06266,0.09039,0.06004,0.06651,0.06463,0.07244,0.05663,0.06674,0.06675,0.06075,0.08311,0.10459,0.08076
0.06495,0.06531,0.08283,0.05617,0.05545,0.05398,0.07766,0.06005,0.05341,0.06560,0.06040,0.06996,0.15945,0.07479
0.06347,0.06420,0.05933,0.07297,0.06029,0.06046,0.08178,0.06850,0.07609,0.07031,0.05338,0.07715,0.10867,0.08340
0.06607,0.06602,0.06812,0.07688,0.05665,0.05541,0.05052,0.05204,0.05950,0.05561,0.05813,0.09885,0.13429,0.10190
0.06621,0.06387,0.06842,0.06304,0.05465,0.05591,0.04925,0.07648,0.06589,0.05299,0.04625,0.07373,0.07111,0.19220
0.06184,0.06320,0.09788,0.07569,0.06176,0.05867,0.05865,0.08183,0.05162,0.07004,0.07417,0.08954,0.07654,0.07857
0.06604,0.06668,0.09094,0.04912,0.05324,0.05292,0.06806,0.05756,0.05900,0.06598,0.06418,0.10678,0.12012,0.07937
0.05704,0.05644,0.07403,0.06564,0.04509,0.04703,0.07861,0.05679,0.09236,0.05635,0.06849,0.05959,0.17381,0.06874
0.05494,0.05422,0.08924,0.05501,0.05234,0.05200,0.07580,0.05998,0.09928,0.06381,0.06345,0.07215,0.13074,0.07704
0.06865,0.06582,0.08098,0.04918,0.05470,0.05287,0.07832,0.04938,0.05433,0.06633,0.05992,0.11201,0.11567,0.09184
0.06208,0.06205,0.09387,0.05309,0.05293,0.05324,0.06537,0.06749,0.05822,0.06014,0.06203,0.06918,0.15605,0.08425
0.07016,0.07063,0.07480,0.05579,0.05392,0.05408,0.06450,0.07770,0.06512,0.06489,0.05580,0.07332,0.12109,0.09820
0.06582,0.06540,0.09763,0.07137,0.05959,0.05927,0.06496,0.07352,0.06688,0.06242,0.06213,0.08026,0.08424,0.08652
0.05771,0.05897,0.06049,0.07960,0.05980,0.05903,0.06831,0.05644,0.13980,0.06543,0.06105,0.07597,0.09489,0.06249
0.08093,0.07847,0.07615,0.06688,0.06539,0.06424,0.05997,0.07903,0.05048,0.08008,0.06624,0.08294,0.07904,0.07016
0.05726,0.05608,0.07604,0.06456,0.06335,0.06251,0.06982,0.05256,0.14261,0.06491,0.06172,0.06077,0.08248,0.08535
0.05724,0.05809,0.06109,0.06343,0.06017,0.05685,0.06018,0.04517,0.07414,0.07374,0.05294,0.15656,0.10151,0.07888
0.05782,0.05541,0.05999,0.06892,0.06211,0.06364,0.07233,0.07474,0.06754,0.05779,0.04460,0.06628,0.06426,0.18456
0.06788,0.06809,0.07056,0.10554,0.06847,0.06769,0.05476,0.05560,0.07321,0.06328,0.05334,0.08631,0.07843,0.08684
0.06154,0.06224,0.06520,0.06560,0.06676,0.06718,0.11005,0.09571,0.07882,0.07725,0.06920,0.05040,0.05029,0.07977
0.07004,0.06894,0.05551,0.08009,0.05798,0.06144,0.05551,0.14420,0.08116,0.07235,0.05395,0.06203,0.07140,0.06541
0.06485,0.06265,0.06400,0.10793,0.06825,0.06603,0.04991,0.05739,0.07953,0.06811,0.05206,0.08854,0.08941,0.08135
0.05969,0.05833,0.10058,0.06170,0.05732,0.05468,0.06254,0.06798,0.06595,0.05524,0.06777,0.06513,0.15434,0.06877
0.09001,0.09054,0.06212,0.07666,0.06513,0.06588,0.05890,0.07207,0.05648,0.06410,0.07145,0.06700,0.07405,0.08561
0.05447,0.05243,0.12292,0.04667,0.05529,0.05374,0.07209,0.06357,0.05823,0.05286,0.06696,0.06069,0.16048,0.07959
0.07076,0.07148,0.05928,0.07766,0.05800,0.05999,0.06645,0.08445,0.07186,0.07013,0.07332,0.05747,0.10502,0.07413
0.05301,0.05283,0.06659,0.04998,0.03737,0.03679,0.05043,0.05792,0.05063,0.05259,0.05942,0.05613,0.30781,0.06850
0.05929,0.05641,0.10509,0.05136,0.07125,0.06849,0.06928,0.05646,0.07552,0.06746,0.07415,0.06975,0.08206,0.09343
0.05898,0.05987,0.06670,0.06697,0.06035,0.05735,0.06080,0.06121,0.08596,0.06992,0.05469,0.10478,0.10465,0.08777
0.06287,0.06289,0.06883,0.06024,0.07116,0.06931,0.06198,0.04763,0.07815,0.07221,0.07674,0.12430,0.08010,0.06359
0.06107,0.05791,0.08437,0.05589,0.05594,0.05567,0.06801,0.08588,0.06319,0.06325,0.04998,0.07117,0.09191,0.13577
0.06083,0.05896,0.06659,0.16087,0.06732,0.06316,0.04550,0.05306,0.08257,0.05656,0.04790,0.08761,0.05974,0.08932
0.06472,0.06230,0.07137,0.05449,0.05255,0.05227,0.05092,0.05315,0.04674,0.06617,0.04879,0.16543,0.10419,0.10690
0.08191,0.08088,0.07084,0.06288,0.05656,0.05601,0.05674,0.06290,0.05177,0.07433,0.06600,0.07436,0.12233,0.08251
0.06464,0.06691,0.07750,0.06007,0.05483,0.05488,0.07728,0.05657,0.07106,0.05790,0.08014,0.06813,0.14144,0.06866
0.06869,0.06846,0.06113,0.08163,0.06382,0.06537,0.07035,0.06216,0.08064,0.06995,0.09346,0.08250,0.06686,0.06497
0.05973,0.06393,0.07575,0.05039,0.05545,0.05444,0.07674,0.05860,0.07083,0.06918,0.06124,0.06803,0.14956,0.08611
0.06457,0.06695,0.05807,0.06757,0.06623,0.06969,0.11839,0.09981,0.05384,0.07536,0.06980,0.04477,0.07111,0.07386
0.06841,0.06927,0.09814,0.04778,0.05129,0.05183,0.07192,0.05808,0.05191,0.05024,0.06791,0.05424,0.17384,0.08512
0.07480,0.07472,0.05929,0.07533,0.09184,0.09259,0.07811,0.05053,0.07802,0.06273,0.05427,0.05108,0.08145,0.07524
0.06630,0.06713,0.07092,0.05792,0.05428,0.05458,0.07826,0.05717,0.10063,0.06072,0.07611,0.05674,0.13200,0.06722
0.06932,0.06911,0.07807,0.06237,0.06562,0.06597,0.05021,0.07456,0.08490,0.06344,0.05811,0.09080,0.09253,0.07499
0.06839,0.06841,0.06995,0.06285,0.06702,0.06356,0.08153,0.05080,0.05917,0.06956,0.05904,0.07607,0.10477,0.09889
0.08160,0.08420,0.06225,0.06439,0.06538,0.06096,0.06540,0.06454,0.04804,0.07952,0.07334,0.07964,0.09845,0.07228
0.07058,0.07072,0.07298,0.05737,0.05316,0.05197,0.05546,0.06776,0.06591,0.05728,0.05739,0.06892,0.16487,0.08563
0.06170,0.06231,0.10193,0.06694,0.05882,0.06096,0.08235,0.09466,0.06178,0.05513,0.06658,0.04849,0.08121,0.09714
0.06274,0.05964,0.08683,0.05474,0.05210,0.05219,0.06045,0.07148,0.04902,0.07054,0.04741,0.09327,0.10939,0.13020
0.06972,0.06924,0.08299,0.05506,0.05642,0.05422,0.05898,0.06079,0.05379,0.06385,0.07433,0.06575,0.15921,0.07567
0.06741,0.06736,0.07016,0.05443,0.05103,0.04970,0.07813,0.05851,0.06725,0.06713,0.05769,0.06483,0.17920,0.06718
0.06473,0.06373,0.05972,0.06755,0.05710,0.05759,0.08125,0.10555,0.06299,0.08861,0.05562,0.07215,0.07152,0.09189
0.05733,0.05834,0.07378,0.06547,0.07108,0.06871,0.06985,0.05822,0.12037,0.06955,0.05829,0.06040,0.09521,0.07340
0.06811,0.06710,0.06487,0.06610,0.05562,0.05461,0.06358,0.06940,0.06509,0.07093,0.05176,0.08023,0.12560,0.09702
0.06068,0.06206,0.08866,0.05504,0.05652,0.05435,0.06929,0.06511,0.05324,0.06157,0.05510,0.07557,0.11392,0.12888
0.06837,0.06735,0.07134,0.05559,0.05580,0.05358,0.05997,0.06812,0.05352,0.05908,0.05057,0.06925,0.17037,0.09708
0.05424,0.05289,0.08587,0.05588,0.05698,0.05700,0.09009,0.05664,0.07417,0.05443,0.05634,0.07427,0.09556,0.13563
0.08208,0.08161,0.06581,0.06575,0.06196,0.05804,0.06339,0.07764,0.04641,0.07061,0.06209,0.06300,0.10679,0.09482
0.07273,0.07395,0.07378,0.06474,0.06388,0.06408,0.08609,0.05238,0.06521,0.06548,0.06572,0.07772,0.07163,0.10262
0.06217,0.06258,0.07694,0.07649,0.06651,0.06215,0.05799,0.05376,0.08987,0.06436,0.07044,0.07542,0.11768,0.06362
0.05480,0.05320,0.07542,0.06388,0.06319,0.06212,0.08669,0.07364,0.11706,0.07197,0.06425,0.05893,0.07697,0.07788
0.06349,0.06319,0.07347,0.07263,0.05494,0.05297,0.07157,0.06213,0.08675,0.07257,0.06156,0.07087,0.12189,0.07197
0.05664,0.05553,0.07238,0.05421,0.06930,0.06554,0.07168,0.05030,0.11420,0.06047,0.05857,0.06823,0.13048,0.07248
0.06941,0.07155,0.07272,0.07480,0.05407,0.05339,0.05733,0.06928,0.05708,0.06454,0.05952,0.08981,0.11124,0.09527
0.06651,0.06562,0.05690,0.07503,0.08533,0.08418,0.08391,0.05971,0.08017,0.06971,0.05991,0.05355,0.06149,0.09797
0.06759,0.06790,0.10339,0.04717,0.06424,0.06404,0.06861,0.05513,0.07046,0.06278,0.07855,0.07577,0.10237,0.07199
0.07110,0.07238,0.06653,0.08149,0.10736,0.11411,0.08468,0.04827,0.06319,0.05658,0.06160,0.05393,0.06005,0.05873
0.06235,0.06438,0.09371,0.06233,0.05585,0.05551,0.07436,0.08058,0.05840,0.06328,0.06073,0.06742,0.11009,0.09100
0.05500,0.05628,0.09020,0.04702,0.04589,0.04691,0.06791,0.06247,0.05475,0.05983,0.05700,0.07526,0.19623,0.08523
0.06100,0.06099,0.07631,0.07651,0.06143,0.06398,0.07963,0.08214,0.08123,0.06375,0.09308,0.05661,0.05864,0.08470
0.09353,0.09123,0.05587,0.07176,0.06623,0.06624,0.06465,0.06945,0.05026,0.07182,0.06811,0.06469,0.07306,0.09310
0.07090,0.07075,0.07190,0.06625,0.05610,0.05499,0.05548,0.09511,0.06022,0.06917,0.05529,0.06606,0.13052,0.07726
0.06406,0.06632,0.07896,0.07100,0.06901,0.06787,0.10491,0.05702,0.07256,0.05602,0.07701,0.04890,0.07352,0.09283
0.06113,0.06158,0.07416,0.06652,0.05491,0.05487,0.09012,0.09210,0.05971,0.06533,0.07297,0.05808,0.11193,0.07658
0.05823,0.05820,0.06647,0.05945,0.06284,0.06141,0.06367,0.04973,0.13756,0.07203,0.06498,0.08916,0.08144,0.07481
0.06716,0.06453,0.05920,0.07809,0.07725,0.07502,0.07284,0.06788,0.08112,0.07464,0.06619,0.06212,0.08128,0.07269
0.07580,0.07921,0.07013,0.06662,0.06019,0.05793,0.07204,0.05671,0.05607,0.06810,0.07313,0.08558,0.11665,0.06185
0.06120,0.06261,0.07035,0.06501,0.06013,0.05752,0.08257,0.07106,0.05830,0.08443,0.06920,0.06725,0.12788,0.06248
0.06577,0.06532,0.06991,0.05659,0.04749,0.04944,0.08651,0.07528,0.05301,0.05883,0.06175,0.05616,0.16736,0.08659
0.10912,0.11015,0.05878,0.06392,0.06015,0.06115,0.03975,0.08257,0.05904,0.06148,0.08136,0.09103,0.07168,0.04982
0.06462,0.06251,0.08199,0.06132,0.05385,0.05272,0.04190,0.06899,0.05506,0.06198,0.04551,0.15678,0.10684,0.08592
0.08143,0.08317,0.07062,0.08527,0.06401,0.06275,0.05580,0.08687,0.05616,0.07477,0.08195,0.06811,0.07215,0.05695
0.07117,0.07307,0.06479,0.08163,0.06383,0.06251,0.04896,0.08086,0.05590,0.07883,0.09241,0.08971,0.07864,0.05770
0.06489,0.06200,0.08532,0.06304,0.05339,0.05351,0.06551,0.08296,0.06322,0.06370,0.05659,0.08421,0.09441,0.10725
0.06955,0.06787,0.07179,0.06453,0.07125,0.07337,0.08423,0.06683,0.06619,0.06130,0.05829,0.06789,0.08024,0.09666
0.07450,0.07307,0.07221,0.06779,0.05615,0.05790,0.06970,0.07661,0.05508,0.06463,0.07271,0.07359,0.08447,0.10158
0.06686,0.06687,0.07632,0.05965,0.05331,0.05697,0.06112,0.07017,0.06351,0.06403,0.06048,0.12266,0.07971,0.09834
0.09087,0.08476,0.06316,0.06369,0.06152,0.06220,0.04843,0.07861,0.06844,0.06932,0.05889,0.07352,0.07476,0.10183
