0.02661,0.02778,0.69710,0.24851
0.10361,0.03029,0.60418,0.26192
0.17751,0.04415,0.25143,0.52691
0.02452,0.01780,0.76223,0.19546
0.20249,0.32728,0.13586,0.33437
0.04978,0.19826,0.32568,0.42629
0.01503,0.02893,0.45981,0.49623
0.02586,0.02553,0.61341,0.33520
0.01101,0.00807,0.90260,0.07832
0.01021,0.00701,0.41274,0.57004
0.06461,0.05600,0.67486,0.20452
0.01338,0.01491,0.24005,0.73167
0.09010,0.17157,0.27090,0.46743
0.00335,0.51719,0.01660,0.46285
0.00311,0.00344,0.95072,0.04273
0.07388,0.42932,0.02555,0.47125
0.04902,0.03290,0.33677,0.58130
0.03193,0.47100,0.05055,0.44652
0.02082,0.02855,0.21634,0.73429
0.01859,0.02179,0.02861,0.93101
0.16329,0.11122,0.30207,0.42342
0.00733,0.00825,0.24827,0.73615
0.04799,0.03109,0.21152,0.70941
0.01732,0.45542,0.16933,0.35794
0.42795,0.25543,0.19539,0.12123
0.01595,0.01584,0.04317,0.92504
0.06598,0.16012,0.02336,0.75054
0.02208,0.04073,0.66959,0.26760
0.05609,0.09683,0.48505,0.36203
0.07443,0.06854,0.61788,0.23914
0.02702,0.02810,0.59266,0.35223
0.01978,0.04892,0.07960,0.85170
0.01589,0.01303,0.88760,0.08349
0.06167,0.03344,0.01446,0.89043
0.02061,0.02526,0.65113,0.30300
0.12492,0.11079,0.20384,0.56044
0.06971,0.07631,0.03541,0.81857
0.08689,0.09128,0.42780,0.39403
0.00959,0.00740,0.87682,0.10619
0.00801,0.00892,0.81675,0.16632
0.36079,0.01086,0.05209,0.57625
0.05983,0.02669,0.08698,0.82650
0.04500,0.03542,0.80644,0.11314
0.03908,0.14763,0.40061,0.41268
0.00677,0.00591,0.92587,0.06145
0.02431,0.01855,0.80206,0.15508
0.39228,0.02824,0.47208,0.10740
0.00412,0.00756,0.02662,0.96170
0.04141,0.03130,0.26875,0.65854
0.39350,0.01349,0.30796,0.28505
0.02017,0.01783,0.73408,0.22792
0.00975,0.00570,0.82443,0.16013
0.01054,0.00974,0.85818,0.12153
0.01682,0.03770,0.52530,0.42019
0.05825,0.07664,0.29449,0.57061
0.04118,0.17450,0.28826,0.49606
0.20695,0.04854,0.07750,0.66700
0.01995,0.01190,0.88166,0.08649
0.05172,0.05886,0.36061,0.52881
0.02098,0.03204,0.22628,0.72070
0.01025,0.01370,0.84415,0.13191
0.09733,0.09197,0.10580,0.70490
0.01761,0.01460,0.22460,0.74318
0.09236,0.06023,0.64081,0.20659
0.04000,0.06041,0.10618,0.79342
0.10374,0.11113,0.14392,0.64120
0.03023,0.01893,0.60491,0.34593
0.00820,0.01008,0.91071,0.07101
0.01288,0.01806,0.21968,0.74938
0.15351,0.15665,0.04046,0.64937
0.00916,0.09956,0.61908,0.27219
0.04338,0.06713,0.24370,0.64579
0.01509,0.02107,0.02909,0.93475
0.08849,0.34045,0.34524,0.22581
0.00728,0.00729,0.47091,0.51452
0.01994,0.57213,0.22785,0.18008
0.02448,0.02883,0.04864,0.89805
0.02330,0.02430,0.35641,0.59599
0.02335,0.02736,0.78781,0.16148
0.00783,0.00945,0.09821,0.88452
0.02407,0.03551,0.40214,0.53828
0.18503,0.16430,0.03939,0.61128
0.01387,0.03401,0.62734,0.32478
0.04000,0.03514,0.58826,0.33659
0.01744,0.54125,0.13997,0.30134
0.01720,0.04259,0.09711,0.84311
0.01543,0.02452,0.20558,0.75447
0.00569,0.00565,0.07187,0.91680
0.04282,0.03111,0.32884,0.59724
0.01578,0.01374,0.46614,0.50434
0.03131,0.03066,0.19495,0.74308
0.01770,0.01632,0.71328,0.25271
0.00627,0.00659,0.01812,0.96901
0.04977,0.04246,0.79133,0.11644
0.04670,0.14455,0.14076,0.66799
0.08773,0.18613,0.43293,0.29322
0.02237,0.01696,0.11495,0.84572
0.08578,0.15710,0.66263,0.09449
0.07843,0.13003,0.17401,0.61754
0.03964,0.03936,0.31917,0.60183
