0.02745,0.01769,0.03974,0.03772,0.02852,0.02826,0.03834,0.03247,0.03774,0.02011,0.02840,0.01692,0.02960,0.02521,0.02027,0.02532,0.02298,0.02402,0.44270,0.05655
0.03612,0.01474,0.03560,0.03555,0.03298,0.03431,0.03518,0.02522,0.07578,0.02272,0.03788,0.02069,0.03295,0.03963,0.02567,0.03549,0.04624,0.04723,0.31053,0.05551
0.04155,0.02355,0.03446,0.03736,0.03599,0.03828,0.08815,0.06094,0.03486,0.03455,0.04846,0.03924,0.05314,0.04023,0.02086,0.05388,0.05823,0.05265,0.12149,0.08214
0.02264,0.01478,0.01954,0.01983,0.02770,0.02778,0.04669,0.02241,0.01835,0.02499,0.04541,0.02449,0.02659,0.02614,0.01826,0.04110,0.02474,0.02294,0.47462,0.05102
0.04121,0.05629,0.04235,0.04085,0.03101,0.03177,0.07654,0.03910,0.03743,0.05556,0.07101,0.04712,0.04545,0.07870,0.03414,0.05704,0.05236,0.05039,0.06098,0.05070
0.04840,0.03962,0.03411,0.03549,0.04909,0.04748,0.04689,0.06767,0.04435,0.04556,0.03115,0.04462,0.07748,0.04233,0.04412,0.04581,0.05056,0.05028,0.09703,0.05797
0.04269,0.01571,0.03633,0.03434,0.03898,0.04202,0.03448,0.02655,0.04196,0.02940,0.03623,0.03591,0.04229,0.03671,0.02438,0.06062,0.04088,0.04498,0.26074,0.07483
0.03764,0.02129,0.02276,0.02386,0.03830,0.03898,0.03395,0.03076,0.04465,0.03150,0.02523,0.03396,0.04177,0.03697,0.02504,0.03813,0.02999,0.03070,0.35673,0.05777
0.02221,0.01050,0.01945,0.02051,0.02536,0.02670,0.02932,0.01789,0.02406,0.01550,0.02689,0.01166,0.01657,0.01849,0.01315,0.01845,0.02314,0.02245,0.59723,0.04045
0.03729,0.01059,0.02837,0.02957,0.02789,0.03158,0.02687,0.01822,0.05525,0.02191,0.02815,0.01967,0.02405,0.03763,0.02646,0.02749,0.05219,0.05585,0.31901,0.12197
0.04068,0.02246,0.02387,0.02469,0.04654,0.04622,0.04185,0.03101,0.03611,0.03834,0.03385,0.03556,0.03974,0.03902,0.03297,0.03570,0.03450,0.03398,0.31577,0.04713
0.03225,0.02359,0.04753,0.04814,0.04765,0.05033,0.03933,0.03792,0.05036,0.02427,0.03324,0.03088,0.04514,0.03013,0.04174,0.07078,0.04857,0.05605,0.12228,0.11982
0.04404,0.05628,0.04265,0.03984,0.04963,0.04951,0.03073,0.07780,0.04627,0.03777,0.02955,0.05217,0.07457,0.03123,0.09292,0.03883,0.03463,0.03683,0.07331,0.06144
0.02741,0.08956,0.03160,0.03379,0.02041,0.02093,0.02008,0.24711,0.02604,0.01994,0.01797,0.02329,0.05501,0.02253,0.12024,0.02268,0.03922,0.03722,0.02464,0.10033
0.01140,0.00862,0.01097,0.01104,0.01335,0.01330,0.01828,0.01011,0.01073,0.01366,0.02262,0.01268,0.01318,0.01476,0.01065,0.02173,0.01610,0.01466,0.71510,0.03707
0.07188,0.06923,0.03744,0.03885,0.03199,0.03189,0.04776,0.10936,0.03711,0.04871,0.04314,0.05308,0.04717,0.03946,0.06399,0.03049,0.05380,0.05025,0.02531,0.06908
0.04700,0.03084,0.03351,0.03327,0.06568,0.06469,0.06893,0.04464,0.03703,0.03800,0.04777,0.03423,0.03903,0.03241,0.02812,0.05913,0.02935,0.03079,0.15243,0.08312
0.03804,0.06491,0.04415,0.04279,0.08172,0.08626,0.03804,0.10837,0.04156,0.05326,0.02383,0.04425,0.05813,0.03415,0.03939,0.03183,0.03864,0.03856,0.03221,0.05992
0.03444,0.01741,0.03519,0.03623,0.02984,0.02806,0.04810,0.02505,0.03188,0.02683,0.07111,0.06112,0.03911,0.03380,0.03075,0.10475,0.03169,0.03373,0.11956,0.16135
0.03571,0.03446,0.03647,0.03445,0.04056,0.04208,0.04456,0.03283,0.03938,0.02970,0.02720,0.03662,0.05102,0.03838,0.04112,0.06075,0.06389,0.07354,0.02537,0.21191
0.02640,0.02335,0.04477,0.04285,0.04452,0.04385,0.04577,0.03467,0.03573,0.03893,0.07576,0.03856,0.03256,0.03554,0.03971,0.06106,0.07847,0.07931,0.11039,0.06780
0.03658,0.01732,0.02647,0.02564,0.03240,0.03315,0.02990,0.02394,0.04252,0.02379,0.03222,0.03831,0.05382,0.02908,0.02831,0.06023,0.05332,0.06435,0.16786,0.18080
0.05390,0.03817,0.03830,0.03725,0.04390,0.04729,0.02409,0.04044,0.10887,0.02784,0.02609,0.08950,0.05962,0.02479,0.06495,0.03887,0.02999,0.03211,0.08685,0.08720
0.03746,0.06759,0.04276,0.04466,0.03470,0.03540,0.03794,0.11865,0.03635,0.04129,0.02524,0.04299,0.07172,0.04446,0.05873,0.03238,0.05097,0.05085,0.06093,0.06493
0.03761,0.02651,0.03638,0.03772,0.03477,0.03574,0.09315,0.03103,0.02950,0.04457,0.13517,0.03029,0.02684,0.08131,0.03250,0.05018,0.06658,0.06147,0.06902,0.03965
0.03429,0.03234,0.05440,0.05005,0.03756,0.03707,0.04578,0.03657,0.04263,0.02613,0.03680,0.03902,0.03045,0.04011,0.05417,0.05809,0.03456,0.03767,0.03050,0.24182
0.01671,0.01358,0.01795,0.01797,0.01923,0.01998,0.02388,0.01630,0.02722,0.01308,0.02413,0.01482,0.01651,0.01781,0.01823,0.02036,0.12118,0.17221,0.03274,0.37611
0.02420,0.01918,0.03219,0.03250,0.02743,0.02602,0.03773,0.02344,0.03510,0.02782,0.04426,0.02128,0.02509,0.03848,0.02466,0.04850,0.03449,0.03365,0.38872,0.05527
0.03917,0.03605,0.03925,0.03874,0.05158,0.05268,0.05561,0.04658,0.03706,0.04594,0.05640,0.03718,0.04445,0.03962,0.02957,0.04498,0.03409,0.03585,0.17873,0.05649
0.03850,0.01790,0.02588,0.02658,0.04325,0.04496,0.02914,0.02583,0.03360,0.02821,0.04244,0.02752,0.03711,0.02849,0.02821,0.03351,0.05505,0.05307,0.32990,0.05086
0.02557,0.02145,0.03455,0.03624,0.03067,0.03417,0.03329,0.03689,0.03703,0.03003,0.04281,0.03747,0.03021,0.03242,0.03287,0.02952,0.03766,0.03775,0.34077,0.05862
0.08361,0.03116,0.02623,0.02563,0.04621,0.05224,0.02370,0.09206,0.04116,0.02526,0.01555,0.10624,0.05957,0.01854,0.06276,0.02241,0.02241,0.02347,0.04704,0.17475
0.02918,0.01207,0.01905,0.01911,0.02483,0.02537,0.03513,0.02196,0.02109,0.02316,0.02866,0.01908,0.02648,0.02147,0.01503,0.02632,0.02188,0.01996,0.55087,0.03932
0.02734,0.03134,0.02262,0.02222,0.05113,0.05022,0.05775,0.02259,0.02481,0.03328,0.02180,0.02333,0.02175,0.04412,0.06431,0.05600,0.10075,0.08233,0.01833,0.22398
0.02632,0.01796,0.02572,0.02686,0.02784,0.02928,0.04077,0.02960,0.02362,0.02561,0.04058,0.02099,0.03849,0.03524,0.02067,0.04490,0.04007,0.03705,0.39129,0.05712
0.03295,0.03349,0.08258,0.08315,0.04461,0.04108,0.05036,0.03643,0.06139,0.03088,0.04844,0.03230,0.03229,0.04616,0.05305,0.05104,0.04011,0.03919,0.07923,0.08128
0.02929,0.04091,0.05050,0.05080,0.05399,0.05802,0.03135,0.03965,0.02883,0.02601,0.02635,0.03338,0.06695,0.03535,0.04904,0.06348,0.08192,0.09063,0.02857,0.11500
0.05404,0.01711,0.02889,0.02929,0.03898,0.03853,0.03905,0.02686,0.03317,0.02521,0.03850,0.03100,0.03559,0.03038,0.03325,0.03540,0.07915,0.08080,0.22741,0.07738
0.02327,0.00916,0.02019,0.01968,0.02507,0.02562,0.03050,0.01530,0.02098,0.01423,0.02749,0.01760,0.01726,0.01952,0.01401,0.03033,0.02336,0.02354,0.57829,0.04460
0.02170,0.01409,0.01902,0.01807,0.02320,0.02321,0.02602,0.01822,0.01932,0.02145,0.03569,0.02295,0.02231,0.02053,0.01594,0.02970,0.02233,0.02180,0.55352,0.05093
0.01898,0.02218,0.03637,0.03578,0.04132,0.04066,0.04830,0.02520,0.02254,0.05594,0.14391,0.04041,0.03296,0.04276,0.02388,0.10156,0.06347,0.05874,0.05046,0.09457
0.09706,0.03350,0.02986,0.03009,0.04089,0.04119,0.03714,0.04169,0.03950,0.04246,0.04536,0.05982,0.05996,0.03784,0.04526,0.06362,0.04973,0.05123,0.04294,0.11087
0.03218,0.01544,0.02055,0.02109,0.04397,0.04227,0.03943,0.02301,0.02347,0.02406,0.03257,0.02512,0.02458,0.01963,0.02052,0.02805,0.02384,0.02393,0.47254,0.04375
0.05503,0.04818,0.03259,0.02943,0.04562,0.04226,0.05696,0.06616,0.03541,0.03751,0.04136,0.04164,0.06287,0.04406,0.03091,0.04428,0.02955,0.02990,0.15853,0.06776
0.01802,0.01077,0.01505,0.01549,0.02317,0.02537,0.02811,0.01514,0.01546,0.01586,0.02788,0.01288,0.01845,0.01527,0.01191,0.02003,0.01706,0.01731,0.63795,0.03883
0.03578,0.01380,0.02236,0.02121,0.02804,0.02952,0.03800,0.02346,0.02112,0.02826,0.04003,0.02811,0.03110,0.02371,0.02072,0.03137,0.02681,0.02694,0.46608,0.04358
0.03226,0.02153,0.03641,0.03699,0.05148,0.05329,0.07049,0.03574,0.02711,0.04093,0.10720,0.04077,0.02923,0.03457,0.02195,0.05397,0.04279,0.04011,0.18473,0.03845
0.02281,0.02797,0.02133,0.02062,0.03404,0.03522,0.02179,0.02207,0.02769,0.02296,0.02290,0.06366,0.02759,0.01708,0.01984,0.02737,0.02300,0.02406,0.02588,0.49212
0.04864,0.02159,0.04105,0.03889,0.04105,0.04149,0.06019,0.03079,0.04647,0.03524,0.05315,0.05366,0.03506,0.03027,0.04180,0.06650,0.05882,0.05941,0.11046,0.08549
0.05479,0.03318,0.02355,0.02427,0.05615,0.05546,0.03949,0.04552,0.02734,0.05665,0.02514,0.03952,0.19113,0.03200,0.03370,0.03395,0.03230,0.03129,0.09895,0.06563
0.01816,0.01183,0.03327,0.03467,0.03107,0.03038,0.02888,0.01510,0.03654,0.01678,0.03144,0.02149,0.01760,0.02382,0.02234,0.03261,0.03486,0.03545,0.46920,0.05451
0.01968,0.00984,0.01909,0.01840,0.02003,0.02185,0.01975,0.01675,0.03548,0.01345,0.01685,0.01420,0.02607,0.01884,0.01209,0.01977,0.02812,0.02820,0.58569,0.05585
0.02272,0.01217,0.01851,0.01839,0.02748,0.02805,0.03132,0.01704,0.01945,0.01886,0.03147,0.01809,0.02165,0.01940,0.01539,0.03041,0.01950,0.02058,0.56354,0.04599
0.03708,0.01661,0.02711,0.02622,0.03020,0.03085,0.03785,0.02552,0.03236,0.02540,0.03314,0.03031,0.04992,0.04588,0.02229,0.06413,0.03499,0.03548,0.32886,0.06581
0.04028,0.02589,0.04544,0.04699,0.04983,0.05372,0.04424,0.03394,0.07246,0.02918,0.03368,0.02535,0.04799,0.05472,0.03775,0.04978,0.06585,0.06962,0.10677,0.06652
0.04233,0.02394,0.03667,0.03763,0.03404,0.03440,0.04576,0.02885,0.04898,0.06062,0.06585,0.04780,0.06205,0.03096,0.04542,0.09165,0.03690,0.03839,0.11534,0.07240
0.09394,0.04209,0.04505,0.04113,0.03746,0.04176,0.06543,0.05985,0.03613,0.03885,0.06167,0.03986,0.06591,0.04466,0.04125,0.04968,0.03532,0.03538,0.04643,0.07813
0.01885,0.01063,0.01967,0.02018,0.02491,0.02516,0.04228,0.01873,0.01778,0.02357,0.04134,0.01545,0.01989,0.01782,0.01477,0.02609,0.02170,0.02105,0.55969,0.04042
0.02461,0.02882,0.06188,0.06284,0.04922,0.04784,0.03953,0.04150,0.05539,0.03032,0.03787,0.04880,0.03519,0.03739,0.02814,0.04584,0.05111,0.05117,0.15263,0.06992
0.03759,0.03217,0.04314,0.04414,0.04739,0.04858,0.03224,0.03084,0.07073,0.03968,0.03378,0.05056,0.06025,0.03836,0.03829,0.07153,0.04505,0.05073,0.09270,0.09222
0.01892,0.01165,0.01993,0.02057,0.02540,0.02752,0.02328,0.01526,0.02415,0.01751,0.02416,0.02327,0.02249,0.02072,0.01560,0.03634,0.03016,0.03031,0.54725,0.04552
0.03158,0.03058,0.08823,0.08428,0.03245,0.03129,0.06578,0.03134,0.05903,0.03546,0.04516,0.02206,0.03088,0.04225,0.06401,0.05883,0.04106,0.04445,0.05219,0.10909
0.05492,0.02756,0.04067,0.04091,0.03771,0.04049,0.04124,0.03894,0.05982,0.03270,0.04328,0.03635,0.05936,0.03648,0.05053,0.05718,0.04296,0.04747,0.10213,0.10929
0.03095,0.01927,0.02782,0.02662,0.03864,0.04013,0.05849,0.03472,0.02480,0.03166,0.03819,0.04522,0.03388,0.02979,0.02382,0.04923,0.03503,0.03582,0.32559,0.05032
0.03474,0.01575,0.02087,0.02124,0.02820,0.02702,0.02708,0.02166,0.04261,0.01798,0.02619,0.02212,0.03470,0.03316,0.02641,0.02650,0.10675,0.13959,0.06917,0.25824
0.02068,0.07441,0.08148,0.08285,0.04081,0.04242,0.05129,0.06248,0.04508,0.03988,0.02779,0.02235,0.02657,0.02637,0.09825,0.04069,0.03094,0.03009,0.06131,0.09428
0.03526,0.01480,0.02249,0.02241,0.02390,0.02476,0.02840,0.02530,0.02498,0.03161,0.02419,0.02735,0.05431,0.03417,0.02207,0.04436,0.04612,0.04268,0.38649,0.06436
0.01787,0.01228,0.01496,0.01359,0.02144,0.02130,0.02981,0.01471,0.01540,0.02155,0.03491,0.02113,0.01860,0.01914,0.01505,0.02924,0.01649,0.01714,0.60523,0.04016
0.03069,0.03033,0.04969,0.04714,0.04635,0.05029,0.03616,0.03669,0.04021,0.02633,0.03082,0.04836,0.05024,0.02670,0.03240,0.06317,0.05859,0.06377,0.10973,0.12233
0.04910,0.03524,0.02656,0.02850,0.13863,0.14033,0.03309,0.02530,0.02379,0.02875,0.02324,0.03871,0.04265,0.02875,0.03579,0.03162,0.05202,0.05200,0.03416,0.13174
0.02452,0.02055,0.02190,0.02176,0.02598,0.02684,0.02115,0.02906,0.02874,0.02510,0.02499,0.07820,0.03827,0.02329,0.02945,0.03376,0.03724,0.03762,0.38988,0.06170
0.06543,0.02898,0.03604,0.03512,0.04694,0.04726,0.05458,0.03968,0.04308,0.05053,0.05201,0.04857,0.06616,0.03515,0.03830,0.07609,0.03938,0.04102,0.08405,0.07163
0.02649,0.04898,0.04489,0.04521,0.04493,0.04619,0.03992,0.03402,0.05065,0.02739,0.02398,0.03588,0.04520,0.03765,0.05427,0.06666,0.04637,0.05426,0.02516,0.20189
0.04228,0.03762,0.04792,0.04713,0.05570,0.05397,0.04923,0.06975,0.04540,0.04748,0.05216,0.04180,0.04592,0.04164,0.05798,0.04303,0.04518,0.04491,0.08521,0.04569
0.03661,0.01400,0.02438,0.02365,0.03146,0.03273,0.02871,0.02314,0.02477,0.02033,0.04261,0.02794,0.04042,0.03013,0.01974,0.04461,0.03486,0.03429,0.36144,0.10417
0.05387,0.07077,0.04201,0.04253,0.03264,0.03489,0.03861,0.13262,0.03830,0.03700,0.03413,0.04599,0.05541,0.04594,0.04996,0.02728,0.04944,0.04592,0.07036,0.05236
0.04772,0.03799,0.03353,0.03218,0.03809,0.03772,0.03602,0.04651,0.03403,0.03606,0.04546,0.07541,0.05260,0.03182,0.05413,0.06049,0.04817,0.05548,0.03384,0.16277
0.04683,0.02557,0.03325,0.03389,0.04008,0.04104,0.04458,0.04004,0.04254,0.03553,0.04277,0.03806,0.05024,0.04000,0.04202,0.04926,0.04781,0.05392,0.17210,0.08047
0.02953,0.01531,0.02078,0.02070,0.03445,0.03708,0.02989,0.02533,0.02298,0.02268,0.02649,0.01953,0.03190,0.03115,0.02353,0.02983,0.03502,0.03330,0.46355,0.04697
0.04062,0.01616,0.02200,0.02089,0.03350,0.03380,0.03486,0.02349,0.03176,0.03311,0.02804,0.02760,0.05701,0.04103,0.02726,0.05738,0.04706,0.05691,0.05877,0.30875
0.03778,0.02037,0.03291,0.03244,0.03637,0.03610,0.03744,0.02669,0.05090,0.03032,0.04020,0.03185,0.04838,0.04376,0.03401,0.06591,0.05852,0.05575,0.20577,0.07453
0.03240,0.02884,0.03447,0.03437,0.13554,0.13757,0.04080,0.04413,0.03992,0.03913,0.02536,0.03178,0.05235,0.02811,0.03906,0.03175,0.05363,0.05038,0.02975,0.09067
0.02879,0.01930,0.02800,0.02761,0.03204,0.03314,0.03317,0.02574,0.02849,0.02542,0.04252,0.03432,0.03816,0.02743,0.02330,0.05744,0.02431,0.02482,0.38619,0.05981
0.02749,0.01674,0.03497,0.03754,0.05192,0.05307,0.04815,0.02911,0.03126,0.02465,0.04020,0.02716,0.02958,0.02280,0.02605,0.03803,0.03871,0.03704,0.32473,0.06079
0.06049,0.04560,0.05125,0.04786,0.03122,0.03041,0.04031,0.16524,0.05409,0.02734,0.02936,0.03991,0.06126,0.03102,0.06117,0.03486,0.03305,0.03123,0.05561,0.06871
0.03461,0.03684,0.04526,0.04547,0.04821,0.04958,0.04000,0.03998,0.03973,0.03092,0.03030,0.04332,0.06229,0.05085,0.04452,0.07987,0.05012,0.06112,0.04601,0.12103
0.05318,0.02217,0.03825,0.04062,0.04306,0.04359,0.03865,0.03497,0.06646,0.03415,0.03240,0.02093,0.07683,0.06538,0.02535,0.04256,0.04449,0.04846,0.10311,0.12539
0.02784,0.01533,0.03064,0.02929,0.05155,0.05242,0.02700,0.02198,0.03755,0.01588,0.01807,0.01761,0.02694,0.02788,0.02333,0.02972,0.02508,0.02736,0.05093,0.44359
0.07310,0.02654,0.03969,0.03985,0.05200,0.05431,0.03486,0.04632,0.05511,0.03227,0.03786,0.04310,0.06256,0.03816,0.04654,0.04132,0.03714,0.04089,0.12619,0.07218
0.04643,0.01890,0.03049,0.02989,0.04385,0.04720,0.03848,0.02939,0.04347,0.03406,0.03488,0.02039,0.03854,0.03273,0.02958,0.03524,0.03625,0.03631,0.29691,0.07701
0.03490,0.02367,0.05480,0.05574,0.04037,0.04393,0.04291,0.04763,0.05574,0.02744,0.04195,0.03798,0.03328,0.03322,0.06179,0.04176,0.06879,0.07188,0.07781,0.10441
0.02660,0.01568,0.02794,0.02917,0.02877,0.02979,0.03767,0.02554,0.03001,0.01932,0.03896,0.01922,0.02612,0.02743,0.01793,0.03004,0.03403,0.03234,0.45026,0.05319
0.02452,0.02181,0.02488,0.02420,0.04010,0.04354,0.02934,0.02272,0.02741,0.02213,0.02317,0.03260,0.02643,0.01789,0.03447,0.03267,0.03879,0.04008,0.02137,0.45188
0.02453,0.01266,0.02671,0.02675,0.04261,0.04375,0.03691,0.02055,0.02567,0.02403,0.05077,0.02643,0.02065,0.02360,0.01896,0.03569,0.02439,0.02371,0.44818,0.04343
0.05056,0.04479,0.03596,0.03433,0.04095,0.03931,0.05283,0.08202,0.04881,0.04064,0.02957,0.03502,0.07814,0.04416,0.03870,0.04154,0.06248,0.05990,0.05975,0.08053
0.07143,0.02244,0.03573,0.03768,0.06195,0.05916,0.04925,0.05353,0.04055,0.04756,0.04845,0.04018,0.05473,0.04675,0.03784,0.03494,0.04325,0.04074,0.12499,0.04886
0.06701,0.03147,0.02766,0.02809,0.04442,0.04348,0.02763,0.02874,0.04480,0.03911,0.04036,0.06257,0.08544,0.02776,0.04879,0.04121,0.05577,0.06113,0.05540,0.13917
0.04516,0.03103,0.02385,0.02541,0.06116,0.05942,0.04877,0.03575,0.03083,0.04840,0.04900,0.02938,0.03066,0.03900,0.03004,0.02935,0.03878,0.03453,0.26853,0.04095
0.05285,0.03215,0.04774,0.04697,0.03576,0.03679,0.04761,0.03922,0.04287,0.03763,0.05961,0.05559,0.04436,0.05589,0.05905,0.07523,0.04699,0.05168,0.06384,0.06816
0.02663,0.03050,0.05702,0.06370,0.03587,0.03760,0.03432,0.03852,0.08131,0.03214,0.03066,0.03942,0.03103,0.02780,0.04514,0.04799,0.05069,0.05390,0.15056,0.08522
