0.91466,0.04289,0.02987,0.01258
0.75947,0.22624,0.00525,0.00904
0.94593,0.01135,0.00838,0.03433
0.97733,0.00498,0.00419,0.01350
0.55585,0.01661,0.01829,0.40925
0.92860,0.04353,0.00862,0.01925
0.92572,0.04620,0.01751,0.01056
0.76209,0.03617,0.18578,0.01596
0.95822,0.00222,0.03677,0.00278
0.70672,0.03436,0.03301,0.22591
0.94855,0.02078,0.01686,0.01381
0.86007,0.04838,0.02229,0.06925
0.96521,0.00909,0.01204,0.01366
0.89780,0.01603,0.06652,0.01965
0.82951,0.04643,0.03750,0.08656
0.80241,0.01325,0.14789,0.03645
0.70446,0.00513,0.00516,0.28524
0.88888,0.00727,0.00580,0.09804
0.88481,0.02368,0.00946,0.08205
0.77409,0.01426,0.01656,0.19509
0.53491,0.00697,0.00764,0.45048
0.78042,0.00823,0.00588,0.20547
0.69947,0.01772,0.25348,0.02933
0.50390,0.10764,0.37620,0.01225
0.88893,0.08206,0.00627,0.02274
0.92435,0.02368,0.00374,0.04823
0.97342,0.00984,0.00661,0.01013
0.90317,0.01131,0.03826,0.04726
0.84162,0.03960,0.07096,0.04781
0.91448,0.04374,0.00974,0.03204
0.97517,0.00976,0.00532,0.00975
0.51448,0.02502,0.44243,0.01807
0.95818,0.02557,0.00477,0.01148
0.96719,0.00774,0.00264,0.02243
0.97737,0.00662,0.00670,0.00931
0.20246,0.14577,0.63359,0.01818
0.95727,0.01788,0.00727,0.01758
0.74675,0.02380,0.12375,0.10571
0.98514,0.00383,0.00260,0.00844
0.83784,0.01824,0.00752,0.13641
0.85382,0.00749,0.00404,0.13465
0.54284,0.02007,0.01227,0.42482
0.85106,0.06366,0.01774,0.06753
0.98235,0.00767,0.00264,0.00734
0.97815,0.00416,0.01037,0.00732
0.56422,0.14840,0.24522,0.04215
0.91933,0.00722,0.00594,0.06752
0.95151,0.00970,0.01287,0.02592
0.93963,0.01547,0.00522,0.03968
0.38829,0.00716,0.01324,0.59132
0.21779,0.02980,0.00953,0.74288
0.94775,0.00499,0.00947,0.03778
0.99787,0.00066,0.00035,0.00113
0.53242,0.03349,0.05072,0.38338
0.94430,0.01778,0.01563,0.02229
0.79126,0.00519,0.17287,0.03068
0.71048,0.01250,0.25963,0.01739
0.93724,0.01269,0.02860,0.02147
0.97771,0.00697,0.00327,0.01205
0.97357,0.00409,0.00890,0.01344
0.96761,0.00511,0.00861,0.01867
0.94851,0.01396,0.01833,0.01920
0.93223,0.03000,0.01575,0.02202
0.43357,0.03013,0.12369,0.41261
0.60753,0.00459,0.37932,0.00856
0.79250,0.00483,0.05443,0.14824
0.64242,0.01491,0.02276,0.31991
0.65028,0.11523,0.19533,0.03916
0.92504,0.01236,0.01826,0.04433
0.29230,0.00979,0.33216,0.36574
0.13750,0.00309,0.00235,0.85706
0.53216,0.07023,0.35389,0.04372
0.93679,0.01567,0.02933,0.01820
0.89972,0.00902,0.01852,0.07274
0.95895,0.01354,0.01444,0.01306
0.69112,0.03293,0.00943,0.26652
0.98471,0.00574,0.00262,0.00693
0.52069,0.01107,0.00629,0.46195
0.98306,0.00524,0.00592,0.00579
0.98663,0.00416,0.00494,0.00427
0.93062,0.04322,0.00610,0.02006
0.59479,0.07026,0.06726,0.26769
0.88822,0.01947,0.01744,0.07488
0.97946,0.00526,0.00653,0.00874
0.98229,0.00763,0.00260,0.00749
0.99513,0.00292,0.00054,0.00141
0.87645,0.05548,0.02430,0.04377
0.96257,0.00600,0.02082,0.01060
0.97035,0.00473,0.00480,0.02011
0.81536,0.05473,0.06587,0.06404
0.89812,0.02327,0.01688,0.06172
0.97004,0.01182,0.00344,0.01469
0.97274,0.00360,0.00781,0.01584
0.92673,0.01462,0.02220,0.03644
0.93490,0.00691,0.00631,0.05188
0.66138,0.01006,0.31709,0.01146
0.97964,0.00741,0.00215,0.01080
0.98206,0.00594,0.00349,0.00851
0.54867,0.01090,0.09770,0.34273
0.99361,0.00209,0.00099,0.00332
