0.03087,0.03448,0.03901,0.03866,0.02390,0.03423,0.27942,0.04932,0.04640,0.03490,0.04824,0.04503,0.04397,0.03871,0.03934,0.03930,0.02169,0.03417,0.04671,0.03163
0.02515,0.02013,0.02042,0.02072,0.01907,0.02231,0.02321,0.03155,0.02147,0.02027,0.02650,0.02999,0.04614,0.01943,0.53390,0.02432,0.02240,0.02489,0.02433,0.02381
0.02368,0.02810,0.04303,0.03210,0.02032,0.03632,0.36612,0.04367,0.03188,0.02779,0.03173,0.03097,0.03128,0.03064,0.03656,0.03242,0.03365,0.03564,0.03956,0.04454
0.02329,0.02040,0.01685,0.01973,0.01383,0.02037,0.01108,0.01950,0.65438,0.02338,0.01676,0.01818,0.01369,0.01941,0.01711,0.01914,0.01607,0.01924,0.01786,0.01972
0.02758,0.03565,0.08877,0.03876,0.02896,0.04604,0.03317,0.03761,0.02106,0.04000,0.02546,0.03103,0.02587,0.03252,0.03667,0.04588,0.15982,0.04508,0.03832,0.16175
0.04749,0.03442,0.03719,0.03801,0.02159,0.03979,0.27142,0.04745,0.04625,0.03420,0.03563,0.04035,0.03342,0.03682,0.04430,0.03838,0.04751,0.03848,0.03374,0.03355
0.04070,0.03540,0.03938,0.03751,0.02667,0.03521,0.27628,0.04832,0.03720,0.03605,0.04059,0.04404,0.04766,0.03751,0.03409,0.03988,0.03212,0.03835,0.04412,0.02891
0.03721,0.03176,0.02773,0.02834,0.02407,0.02973,0.02151,0.03276,0.43910,0.03418,0.01941,0.03507,0.01797,0.02712,0.03871,0.02877,0.03252,0.03134,0.03802,0.02470
0.02098,0.02302,0.02968,0.02262,0.02605,0.02415,0.49626,0.02553,0.02736,0.02410,0.02894,0.02997,0.02386,0.02388,0.02881,0.02907,0.00834,0.02189,0.06788,0.01763
0.03985,0.03490,0.03148,0.03205,0.02631,0.03607,0.02579,0.03103,0.39296,0.04054,0.02812,0.03096,0.02131,0.03203,0.02928,0.03071,0.02535,0.03428,0.03760,0.03938
0.03818,0.03031,0.02551,0.03296,0.02477,0.02886,0.04244,0.03127,0.02755,0.02931,0.04378,0.02478,0.37485,0.04772,0.02924,0.03900,0.04517,0.02486,0.03543,0.02400
0.03311,0.02894,0.02506,0.02682,0.02131,0.02834,0.02283,0.02867,0.48553,0.02953,0.02758,0.03511,0.02422,0.02622,0.02877,0.02588,0.02257,0.03066,0.02499,0.02387
0.02776,0.02534,0.02771,0.02755,0.02063,0.02635,0.01701,0.03061,0.01507,0.02437,0.02103,0.02404,0.04193,0.02426,0.49322,0.03502,0.02565,0.02757,0.03870,0.02617
0.03792,0.03009,0.03027,0.02884,0.05191,0.02676,0.02449,0.02755,0.02337,0.02777,0.41609,0.03569,0.02109,0.02846,0.05691,0.02742,0.01938,0.02897,0.03113,0.02588
0.04154,0.03785,0.03982,0.03561,0.05862,0.03237,0.03337,0.03397,0.02805,0.03743,0.30882,0.04533,0.02130,0.03413,0.03780,0.03000,0.02901,0.04082,0.03798,0.03621
0.04179,0.03900,0.05161,0.03764,0.02857,0.03606,0.02450,0.03443,0.02097,0.03579,0.02817,0.02696,0.02721,0.03854,0.05340,0.05059,0.28615,0.03933,0.04722,0.05207
0.03271,0.03667,0.03545,0.03816,0.03763,0.05599,0.02637,0.04717,0.02885,0.03901,0.03803,0.03532,0.03350,0.03667,0.24824,0.04490,0.02868,0.03962,0.04132,0.07570
0.03073,0.03155,0.03543,0.03141,0.02275,0.03164,0.02728,0.02791,0.01751,0.02974,0.02689,0.02229,0.02300,0.03108,0.03850,0.03467,0.41556,0.03183,0.02971,0.06052
0.04678,0.03942,0.02758,0.03645,0.02416,0.03806,0.04588,0.03346,0.06813,0.03972,0.04723,0.02793,0.26805,0.04644,0.02784,0.03744,0.04246,0.03519,0.03410,0.03370
0.02934,0.03606,0.05447,0.03949,0.02795,0.03982,0.22191,0.04257,0.03609,0.03786,0.03784,0.03629,0.04155,0.03997,0.03011,0.04363,0.03969,0.03903,0.04422,0.08213
0.01568,0.02459,0.14909,0.03009,0.02548,0.03347,0.05655,0.04179,0.01261,0.02440,0.02273,0.02487,0.01921,0.02350,0.03395,0.02742,0.10681,0.03771,0.03313,0.25692
0.04534,0.04222,0.03420,0.03964,0.03969,0.03640,0.04925,0.03504,0.03105,0.04186,0.03399,0.03690,0.22468,0.04540,0.04602,0.03892,0.05436,0.03538,0.03883,0.05083
0.04212,0.03512,0.03435,0.03909,0.03158,0.03996,0.19494,0.04339,0.05021,0.03595,0.04599,0.04186,0.05386,0.04625,0.04245,0.05035,0.02350,0.03499,0.07204,0.04200
0.05737,0.04172,0.03634,0.04603,0.03158,0.03900,0.04589,0.05460,0.03233,0.04122,0.06124,0.05015,0.06877,0.04725,0.11373,0.05484,0.03851,0.04056,0.06969,0.02917
0.03308,0.03721,0.05813,0.04188,0.03938,0.03698,0.24358,0.05024,0.04070,0.03871,0.03773,0.05100,0.03619,0.03905,0.04170,0.03709,0.03200,0.03973,0.03060,0.03503
0.03854,0.03188,0.02589,0.03131,0.02570,0.03589,0.02618,0.03953,0.02944,0.02992,0.04097,0.03763,0.03462,0.02875,0.38509,0.03922,0.02701,0.03334,0.02710,0.03199
0.01965,0.02739,0.02603,0.02654,0.48055,0.03081,0.02037,0.02911,0.02418,0.02758,0.06229,0.04190,0.01137,0.02647,0.02189,0.02797,0.02068,0.02741,0.02520,0.02263
0.03914,0.03016,0.02511,0.02709,0.04617,0.02625,0.02199,0.02653,0.02589,0.02883,0.45990,0.03488,0.01891,0.02797,0.02927,0.02425,0.02057,0.02990,0.02869,0.02850
0.03797,0.04235,0.03497,0.04401,0.03207,0.04153,0.04080,0.03857,0.03225,0.04151,0.04436,0.03025,0.24384,0.05182,0.03284,0.04413,0.04213,0.03899,0.05350,0.03209
0.03408,0.02711,0.02318,0.02481,0.01842,0.02750,0.01631,0.02514,0.54391,0.02971,0.02179,0.02790,0.02018,0.02544,0.02550,0.02299,0.01985,0.02526,0.02086,0.02006
0.02754,0.02285,0.01825,0.02113,0.01501,0.02043,0.01482,0.02298,0.60918,0.02508,0.01624,0.02634,0.01640,0.02102,0.02411,0.02089,0.02016,0.02440,0.01722,0.01596
0.04727,0.04109,0.04056,0.04517,0.04450,0.04244,0.05825,0.04924,0.02146,0.04432,0.05542,0.04034,0.11474,0.05354,0.05357,0.04578,0.03907,0.03937,0.09057,0.03330
0.23636,0.04608,0.01993,0.04198,0.02548,0.04488,0.02655,0.03556,0.04703,0.04818,0.03886,0.04491,0.08836,0.04985,0.03791,0.03659,0.03706,0.04134,0.02499,0.02809
0.02133,0.02393,0.05589,0.02840,0.01788,0.03348,0.43030,0.03977,0.01624,0.02771,0.02120,0.02861,0.02195,0.02376,0.03827,0.02692,0.04203,0.03530,0.02577,0.04125
0.04141,0.02232,0.03582,0.02073,0.01487,0.02300,0.02052,0.02293,0.01218,0.02068,0.03640,0.01806,0.01328,0.01967,0.02898,0.02615,0.55149,0.02379,0.02479,0.02293
0.05045,0.04246,0.05305,0.04727,0.04144,0.03848,0.04760,0.05080,0.03631,0.04345,0.04422,0.04308,0.04896,0.04826,0.06366,0.06610,0.04445,0.04291,0.10820,0.03886
0.02753,0.02553,0.02023,0.02375,0.01647,0.02518,0.01408,0.02369,0.58218,0.02763,0.01737,0.02410,0.01933,0.02396,0.02307,0.02261,0.02241,0.02388,0.01893,0.01806
0.05284,0.04398,0.03509,0.04484,0.03727,0.04096,0.03742,0.03901,0.01716,0.04334,0.03077,0.03233,0.19531,0.05144,0.06815,0.04383,0.04123,0.03526,0.06479,0.04498
0.02145,0.02476,0.02955,0.02533,0.49118,0.02607,0.02027,0.02426,0.02066,0.02448,0.07438,0.03900,0.01407,0.02494,0.02564,0.02827,0.01681,0.02577,0.02182,0.02129
0.03783,0.03278,0.03074,0.03322,0.02804,0.03500,0.02851,0.04508,0.03510,0.03101,0.03177,0.04085,0.05668,0.03004,0.30250,0.04519,0.03387,0.04095,0.03801,0.04283
0.04529,0.03863,0.02138,0.03503,0.02231,0.04067,0.03236,0.03016,0.06506,0.04096,0.05101,0.02379,0.30890,0.04350,0.02137,0.03179,0.03605,0.03535,0.03197,0.04443
0.03523,0.04387,0.04893,0.04178,0.03826,0.04731,0.05454,0.03744,0.08140,0.04533,0.12140,0.04440,0.03135,0.03933,0.02651,0.03769,0.03657,0.05808,0.04535,0.08524
0.03220,0.03577,0.05073,0.03665,0.29691,0.03758,0.03545,0.03571,0.03847,0.03749,0.05049,0.04915,0.02669,0.03445,0.03605,0.04361,0.02000,0.03738,0.03199,0.03324
0.02191,0.01331,0.01220,0.01273,0.03069,0.01329,0.01023,0.01131,0.01431,0.01145,0.73491,0.02146,0.00884,0.01293,0.02273,0.01297,0.00717,0.01188,0.00697,0.00872
0.03611,0.02159,0.03014,0.01968,0.01413,0.02029,0.02029,0.01965,0.01347,0.02091,0.02530,0.01542,0.01653,0.02285,0.02192,0.02672,0.58585,0.01991,0.02859,0.02065
0.03849,0.04476,0.04981,0.04679,0.12807,0.04920,0.04830,0.05170,0.03061,0.04536,0.05084,0.05842,0.04520,0.04895,0.04207,0.05229,0.03035,0.04383,0.05554,0.03944
0.03225,0.03603,0.02202,0.03381,0.02238,0.03712,0.04099,0.03167,0.02860,0.03928,0.04078,0.02562,0.39505,0.03813,0.03010,0.02620,0.02546,0.03094,0.02833,0.03526
0.02768,0.03166,0.04348,0.03397,0.02273,0.02850,0.03298,0.04474,0.02158,0.03025,0.04067,0.03998,0.04313,0.02987,0.35916,0.03159,0.04032,0.03637,0.03475,0.02661
0.05547,0.03835,0.02249,0.03636,0.02430,0.03207,0.02836,0.03112,0.03113,0.03721,0.03516,0.02896,0.35644,0.04411,0.02952,0.03333,0.04401,0.03546,0.02581,0.03035
0.03558,0.04175,0.05878,0.03941,0.03234,0.04410,0.06540,0.03535,0.06580,0.04642,0.07865,0.03373,0.02961,0.03703,0.03049,0.03778,0.04193,0.04778,0.04730,0.15078
0.03870,0.04205,0.04830,0.03852,0.04133,0.04746,0.05453,0.03580,0.06166,0.04595,0.04423,0.03501,0.03410,0.03993,0.03583,0.04075,0.04459,0.03913,0.03737,0.19474
0.01716,0.02536,0.38194,0.03057,0.02934,0.02979,0.04480,0.03439,0.01356,0.02643,0.03054,0.02639,0.02469,0.02544,0.03082,0.03370,0.04698,0.03839,0.03568,0.07404
0.00741,0.00599,0.00458,0.00573,0.01225,0.00583,0.00366,0.00541,0.01046,0.00521,0.88077,0.00955,0.00352,0.00552,0.01068,0.00612,0.00427,0.00546,0.00297,0.00460
0.04441,0.04125,0.04348,0.03883,0.03966,0.04747,0.04145,0.04237,0.20872,0.04174,0.03875,0.04203,0.03019,0.03877,0.04066,0.03870,0.03817,0.04391,0.04190,0.05753
0.02397,0.03056,0.03876,0.03137,0.41156,0.03289,0.02841,0.03098,0.02072,0.03054,0.05213,0.04404,0.01690,0.03176,0.02872,0.03873,0.02000,0.03079,0.03020,0.02696
0.03734,0.03442,0.02725,0.03400,0.02580,0.03541,0.05520,0.03328,0.01686,0.03866,0.05832,0.02566,0.29855,0.04317,0.02981,0.03114,0.03188,0.02901,0.07628,0.03797
0.03837,0.03403,0.03892,0.03651,0.03321,0.03722,0.21734,0.04516,0.04107,0.03481,0.05260,0.04017,0.04634,0.04243,0.04163,0.04602,0.02357,0.03365,0.07899,0.03796
0.04246,0.03317,0.03567,0.03522,0.03018,0.03719,0.27579,0.03895,0.05298,0.03565,0.05094,0.04219,0.03540,0.03807,0.03659,0.03953,0.02408,0.03504,0.04559,0.03529
0.02147,0.01441,0.01184,0.01361,0.03465,0.01458,0.00981,0.01353,0.01909,0.01327,0.71104,0.02279,0.00822,0.01413,0.02122,0.01297,0.01003,0.01385,0.00824,0.01125
0.02729,0.02537,0.02724,0.02806,0.02269,0.02403,0.02741,0.03870,0.01456,0.02420,0.02967,0.03084,0.04805,0.02517,0.45054,0.02744,0.03512,0.03299,0.03471,0.02592
0.01594,0.02437,0.42090,0.02907,0.02407,0.02817,0.03979,0.03714,0.01365,0.02504,0.02217,0.02286,0.01890,0.02497,0.03378,0.03491,0.05644,0.03574,0.03396,0.05813
0.02160,0.02902,0.02961,0.02936,0.45115,0.03280,0.02244,0.03091,0.02315,0.02896,0.04609,0.04465,0.01312,0.03008,0.02477,0.03273,0.02247,0.03028,0.03143,0.02537
0.02884,0.02788,0.02939,0.03040,0.02680,0.03290,0.02859,0.04500,0.03831,0.02915,0.04037,0.03888,0.04832,0.02945,0.35946,0.03984,0.03110,0.03404,0.03469,0.02657
0.04937,0.04643,0.04622,0.04470,0.05219,0.05734,0.04669,0.04511,0.05182,0.05171,0.07500,0.04182,0.04625,0.04529,0.03853,0.04383,0.03844,0.04778,0.05806,0.07341
0.02917,0.02867,0.03618,0.02736,0.02404,0.02971,0.02921,0.03049,0.40474,0.03156,0.01767,0.02825,0.01702,0.02682,0.04114,0.03152,0.02504,0.03016,0.08458,0.02667
0.04163,0.03709,0.03237,0.03302,0.03560,0.03636,0.03203,0.03234,0.03241,0.03668,0.33767,0.03267,0.02299,0.03200,0.02719,0.02832,0.02946,0.03961,0.04923,0.05132
0.04030,0.03658,0.03312,0.03408,0.02981,0.03882,0.03733,0.03692,0.29378,0.03543,0.05296,0.03514,0.03247,0.03467,0.04249,0.03445,0.02912,0.04142,0.03554,0.04558
0.04263,0.04303,0.04313,0.04280,0.16069,0.04371,0.03677,0.04338,0.03349,0.04324,0.06896,0.05065,0.05008,0.04450,0.04558,0.04537,0.02908,0.04407,0.05119,0.03766
0.03053,0.02890,0.06407,0.02661,0.01988,0.02709,0.02710,0.02813,0.01419,0.02521,0.03354,0.02266,0.01599,0.02557,0.03370,0.03198,0.43656,0.03083,0.03414,0.04333
0.05510,0.04491,0.03855,0.04009,0.04686,0.05180,0.04666,0.04080,0.11286,0.04260,0.04104,0.04002,0.03556,0.04274,0.03691,0.04625,0.02881,0.04665,0.06935,0.09245
0.00995,0.01381,0.03620,0.01647,0.01800,0.01653,0.05527,0.02062,0.00628,0.01456,0.01359,0.01417,0.01517,0.01279,0.02369,0.01425,0.03675,0.02025,0.01791,0.62376
0.05388,0.04415,0.03945,0.04712,0.03716,0.04678,0.06422,0.04576,0.02844,0.04465,0.03569,0.04088,0.10854,0.05358,0.04971,0.04898,0.05283,0.04237,0.07802,0.03779
0.02663,0.02875,0.03898,0.03322,0.02365,0.03448,0.32946,0.04161,0.05464,0.03043,0.03973,0.03670,0.03730,0.03494,0.03005,0.03776,0.02392,0.03082,0.05121,0.03573
0.02565,0.02340,0.02345,0.02332,0.01970,0.02418,0.01972,0.02559,0.55434,0.02690,0.01995,0.02677,0.01704,0.02140,0.02348,0.02369,0.02257,0.02872,0.02509,0.02505
0.03757,0.03039,0.03927,0.02743,0.01665,0.02602,0.01996,0.02595,0.01593,0.02698,0.02637,0.02089,0.01746,0.02721,0.03562,0.03246,0.49032,0.02708,0.02962,0.02682
0.02546,0.03127,0.08312,0.03637,0.02704,0.04497,0.20233,0.04959,0.02314,0.03214,0.02607,0.03414,0.03016,0.03134,0.04393,0.03855,0.05011,0.04036,0.03682,0.11309
0.03633,0.03013,0.01766,0.02807,0.01718,0.02763,0.02332,0.02448,0.03515,0.02964,0.03772,0.02062,0.49360,0.03488,0.01950,0.02609,0.02945,0.02634,0.02031,0.02188
0.05747,0.04293,0.03867,0.04157,0.04920,0.04366,0.04883,0.03847,0.02368,0.04893,0.03167,0.04776,0.10629,0.04762,0.06322,0.04616,0.03136,0.03679,0.04261,0.11311
0.03971,0.02312,0.03141,0.01920,0.01232,0.01926,0.01767,0.01928,0.01315,0.02091,0.02387,0.01484,0.01281,0.01920,0.02008,0.02460,0.60422,0.02102,0.02393,0.01939
0.02131,0.01978,0.01607,0.01854,0.01302,0.01996,0.01264,0.01973,0.66119,0.02192,0.01391,0.02082,0.01426,0.01905,0.02337,0.01746,0.01431,0.02015,0.01838,0.01413
0.03903,0.02149,0.02297,0.01973,0.04391,0.02221,0.01871,0.01817,0.01713,0.01946,0.57382,0.03437,0.01230,0.02146,0.03535,0.01957,0.01193,0.02041,0.01204,0.01594
0.03816,0.04210,0.05669,0.04378,0.03288,0.05205,0.12411,0.04683,0.04315,0.03990,0.04716,0.03975,0.04278,0.03995,0.04233,0.04686,0.04196,0.04965,0.04731,0.08262
0.04129,0.03785,0.02515,0.03693,0.02442,0.03717,0.05517,0.03466,0.05171,0.03739,0.05410,0.02660,0.27824,0.04722,0.02592,0.03600,0.04035,0.03387,0.03994,0.03603
0.02536,0.02220,0.01702,0.01968,0.01478,0.02143,0.01406,0.02112,0.63188,0.02270,0.01586,0.02060,0.01916,0.02096,0.02074,0.02041,0.01490,0.02025,0.01991,0.01699
0.02169,0.01301,0.01236,0.01192,0.02572,0.01314,0.00903,0.01120,0.01612,0.01203,0.74260,0.02313,0.00879,0.01293,0.01765,0.01194,0.00781,0.01263,0.00689,0.00940
0.01390,0.00823,0.00822,0.00791,0.01199,0.00791,0.00619,0.00695,0.01093,0.00729,0.83608,0.01771,0.00660,0.00784,0.01327,0.00826,0.00377,0.00789,0.00391,0.00513
0.03974,0.03937,0.04470,0.03747,0.02265,0.03385,0.02650,0.03485,0.02537,0.03490,0.03649,0.02953,0.02080,0.03341,0.03638,0.04554,0.33153,0.04275,0.03429,0.04987
0.01958,0.02772,0.02814,0.02548,0.49522,0.02943,0.02457,0.02700,0.01663,0.02608,0.05900,0.03051,0.01178,0.02722,0.01784,0.02866,0.02106,0.02765,0.03428,0.02213
0.03389,0.02878,0.01863,0.02668,0.02211,0.02799,0.02374,0.02455,0.02308,0.03253,0.03215,0.02199,0.49068,0.03482,0.02001,0.02672,0.02801,0.02716,0.02609,0.03040
0.14288,0.05061,0.02736,0.04446,0.04091,0.06496,0.02485,0.04161,0.02329,0.04664,0.03085,0.04260,0.04189,0.05141,0.09261,0.05371,0.03895,0.04297,0.05084,0.04659
0.04087,0.03456,0.02639,0.03614,0.02842,0.04325,0.02391,0.03869,0.02211,0.03415,0.02851,0.03734,0.05026,0.03471,0.34927,0.03922,0.02367,0.03608,0.03981,0.03264
0.30648,0.04512,0.02174,0.03745,0.02997,0.04337,0.02458,0.03002,0.03061,0.04716,0.04506,0.04037,0.05681,0.04217,0.03563,0.03578,0.03041,0.04113,0.02325,0.03290
0.02118,0.01531,0.01295,0.01393,0.03084,0.01491,0.01127,0.01383,0.01602,0.01459,0.70760,0.02054,0.00934,0.01520,0.01935,0.01406,0.00992,0.01538,0.01102,0.01276
0.03365,0.02761,0.02752,0.02895,0.02746,0.02968,0.03093,0.04868,0.02793,0.02685,0.04996,0.04201,0.06418,0.02814,0.33946,0.03389,0.03392,0.03325,0.03717,0.02879
0.03653,0.03374,0.04046,0.03581,0.02358,0.03896,0.32896,0.03603,0.03603,0.03552,0.03083,0.03255,0.03502,0.03698,0.02929,0.03424,0.03981,0.03553,0.03374,0.04638
0.04783,0.04171,0.05390,0.04273,0.02796,0.03977,0.03412,0.03825,0.03770,0.04118,0.04357,0.03256,0.03787,0.04518,0.04722,0.05629,0.18851,0.04297,0.05934,0.04134
0.02678,0.02371,0.01511,0.02100,0.01326,0.02241,0.01417,0.02151,0.61970,0.02321,0.02236,0.02140,0.02604,0.02241,0.01832,0.01933,0.01659,0.02157,0.01437,0.01675
0.04483,0.02941,0.01807,0.02802,0.01861,0.02724,0.02611,0.02472,0.02742,0.03296,0.03243,0.02265,0.47790,0.03605,0.01873,0.02689,0.03434,0.02860,0.02180,0.02322
0.03472,0.03934,0.04574,0.03805,0.03291,0.04200,0.04603,0.04225,0.23421,0.03783,0.04209,0.03750,0.03271,0.03604,0.03622,0.04108,0.03995,0.03994,0.04580,0.05560
0.01173,0.00933,0.00702,0.00928,0.02359,0.00883,0.00558,0.00871,0.01648,0.00801,0.80740,0.01452,0.00500,0.00853,0.01914,0.00922,0.00687,0.00881,0.00502,0.00692
