0.49996,0.32035,0.07098,0.10871
0.34393,0.27843,0.14730,0.23034
0.43414,0.29915,0.09488,0.17183
0.32409,0.34914,0.13499,0.19178
0.26181,0.31568,0.10239,0.32012
0.31751,0.30600,0.16991,0.20658
0.35117,0.36335,0.13288,0.15261
0.33133,0.30198,0.12121,0.24548
0.41051,0.35646,0.10663,0.12639
0.32203,0.29042,0.14022,0.24732
0.36550,0.34082,0.13017,0.16350
0.35649,0.33728,0.14506,0.16117
0.38927,0.34949,0.10535,0.15590
0.40807,0.29710,0.14182,0.15301
0.35021,0.33853,0.14160,0.16966
0.32401,0.31448,0.14492,0.21659
0.38600,0.35027,0.09164,0.17209
0.35815,0.33547,0.17256,0.13382
0.28001,0.25904,0.14081,0.32013
0.41118,0.36900,0.09977,0.12004
0.32466,0.31676,0.12656,0.23202
0.36738,0.33954,0.13515,0.15794
0.40407,0.37210,0.09833,0.12550
0.32495,0.33534,0.13383,0.20588
0.27796,0.45455,0.11804,0.14945
0.40257,0.28148,0.11584,0.20010
0.36780,0.33628,0.09492,0.20099
0.39206,0.35033,0.10647,0.15114
0.39148,0.36108,0.09592,0.15152
0.32968,0.30238,0.15423,0.21371
0.32604,0.31365,0.13639,0.22392
0.33838,0.32858,0.10477,0.22826
0.37193,0.37615,0.08297,0.16895
0.32850,0.25659,0.13817,0.27674
0.37294,0.35773,0.13397,0.13536
0.30564,0.31146,0.14988,0.23303
0.38474,0.32872,0.14089,0.14564
0.38926,0.35766,0.07494,0.17815
0.34873,0.33448,0.13185,0.18494
0.36365,0.34007,0.10488,0.19140
0.33180,0.29749,0.09535,0.27536
0.32963,0.32219,0.13749,0.21069
0.31089,0.32275,0.11037,0.25599
0.37074,0.33292,0.12128,0.17505
0.29991,0.31569,0.14395,0.24046
0.29548,0.31790,0.12676,0.25986
0.36732,0.34504,0.15679,0.13086
0.36917,0.26675,0.12569,0.23839
0.33179,0.35772,0.18061,0.12988
0.30975,0.34837,0.16150,0.18038
0.36753,0.34427,0.11866,0.16954
0.35326,0.34083,0.16252,0.14339
0.37242,0.34431,0.10978,0.17350
0.26479,0.26576,0.14865,0.32079
0.38286,0.36427,0.11742,0.13545
0.39470,0.35899,0.11016,0.13614
0.34770,0.33271,0.13212,0.18748
0.28868,0.36840,0.13757,0.20536
0.38207,0.35957,0.13457,0.12380
0.30691,0.28448,0.18327,0.22534
0.36695,0.28079,0.15059,0.20166
0.35059,0.33848,0.15910,0.15183
0.28396,0.33548,0.13488,0.24567
0.38774,0.35561,0.06823,0.18842
0.39024,0.36600,0.09917,0.14459
0.29128,0.28350,0.16716,0.25807
0.29195,0.37063,0.18312,0.15431
0.32969,0.32978,0.16537,0.17516
0.36099,0.35961,0.13657,0.14283
0.41440,0.28273,0.11622,0.18665
0.38804,0.34738,0.11542,0.14917
0.36258,0.33100,0.12882,0.17760
0.34121,0.31666,0.08678,0.25535
0.35136,0.32374,0.13229,0.19261
0.32739,0.29393,0.17567,0.20302
0.29761,0.27236,0.13527,0.29476
0.29716,0.28084,0.12208,0.29992
0.31701,0.29971,0.18500,0.19828
0.42000,0.26643,0.11665,0.19693
0.30271,0.28793,0.16875,0.24060
0.33487,0.32494,0.13594,0.20425
0.34874,0.31123,0.11746,0.22257
0.32459,0.29085,0.11357,0.27098
0.36861,0.35923,0.13110,0.14107
0.34503,0.34061,0.16074,0.15363
0.29970,0.39303,0.11777,0.18949
0.42250,0.36369,0.07548,0.13833
0.36554,0.32129,0.15187,0.16129
0.43856,0.29397,0.13661,0.13086
0.32241,0.31179,0.18121,0.18459
0.41240,0.33130,0.08127,0.17503
0.39025,0.36155,0.09569,0.15251
0.32055,0.30386,0.15422,0.22136
0.40974,0.38284,0.08449,0.12294
0.35072,0.32655,0.14521,0.17753
0.34225,0.32907,0.16422,0.16446
0.36122,0.33771,0.13899,0.16207
0.39635,0.35220,0.12552,0.12593
0.37149,0.36996,0.08919,0.16936
0.34794,0.34402,0.17064,0.13740
0.38739,0.31952,0.11789,0.17520
0.34441,0.36816,0.10308,0.18435
0.38644,0.35649,0.08029,0.17678
0.31846,0.36008,0.12632,0.19515
0.33709,0.31987,0.13539,0.20765
0.40595,0.36910,0.09384,0.13111
0.38612,0.37359,0.11446,0.12583
0.35627,0.37744,0.10605,0.16024
0.32133,0.31178,0.16208,0.20481
0.40973,0.38702,0.09560,0.10764
0.31690,0.29813,0.09060,0.29437
0.31555,0.29572,0.16353,0.22520
0.35178,0.34656,0.13050,0.17115
0.31983,0.37062,0.12365,0.18590
0.30310,0.30024,0.16052,0.23614
0.46239,0.30447,0.09505,0.13808
0.32684,0.33861,0.10619,0.22835
0.38728,0.30674,0.11871,0.18726
0.30161,0.33783,0.11799,0.24257
0.37808,0.34566,0.12185,0.15440
0.28185,0.26676,0.13609,0.31530
0.38303,0.36467,0.13901,0.11329
0.38395,0.26183,0.10425,0.24997
0.36534,0.35472,0.09739,0.18255
0.36775,0.35065,0.10016,0.18144
0.34567,0.35861,0.11436,0.18136
0.32982,0.32544,0.09935,0.24539
0.34641,0.32104,0.11580,0.21675
0.33213,0.34790,0.12635,0.19362
0.36759,0.34677,0.09053,0.19511
0.36862,0.37090,0.12301,0.13747
0.37444,0.34664,0.08949,0.18943
0.30542,0.30124,0.11979,0.27355
0.37019,0.34493,0.12137,0.16351
0.37561,0.31523,0.13977,0.16939
0.35107,0.32670,0.14399,0.17824
0.33752,0.32477,0.14835,0.18936
0.33039,0.32328,0.15112,0.19521
0.33942,0.33836,0.10717,0.21505
0.32711,0.35333,0.12146,0.19809
0.27797,0.34569,0.14609,0.23025
0.34177,0.31871,0.11276,0.22676
0.31519,0.30913,0.09551,0.28016
0.33282,0.32499,0.16134,0.18085
0.33464,0.32172,0.07710,0.26654
0.39516,0.36348,0.08030,0.16106
0.34068,0.31557,0.15433,0.18942
0.32720,0.34351,0.13306,0.19622
0.35091,0.44311,0.09589,0.11009
0.33972,0.32660,0.12558,0.20811
0.33049,0.31900,0.17624,0.17427
0.34212,0.33170,0.09073,0.23544
0.37817,0.33998,0.14303,0.13883
0.27612,0.44331,0.10639,0.17418
0.41231,0.31872,0.11461,0.15435
0.34286,0.40521,0.08983,0.16210
0.33025,0.31001,0.12085,0.23889
0.34331,0.31312,0.10373,0.23984
0.34532,0.33306,0.11160,0.21003
0.39925,0.36869,0.10004,0.13202
0.33676,0.41970,0.09602,0.14752
0.26305,0.37277,0.09813,0.26606
0.36165,0.33430,0.12700,0.17706
0.39073,0.34834,0.08493,0.17600
0.31425,0.28822,0.09562,0.30190
0.30892,0.29046,0.10441,0.29622
0.34554,0.36694,0.10556,0.18196
0.33115,0.32085,0.13951,0.20849
0.33622,0.37071,0.08155,0.21153
0.30439,0.40962,0.11407,0.17192
0.29133,0.35418,0.13874,0.21575
0.37882,0.36398,0.08064,0.17656
0.35777,0.36084,0.14785,0.13354
0.30908,0.29685,0.22389,0.17018
0.37047,0.31859,0.14136,0.16959
0.31438,0.29242,0.12411,0.26909
0.40621,0.38197,0.09782,0.11400
0.32719,0.31267,0.12392,0.23621
0.31892,0.36164,0.13326,0.18618
0.36482,0.33957,0.09536,0.20024
0.33602,0.31692,0.14380,0.20326
0.25314,0.34024,0.17266,0.23395
0.36936,0.34698,0.13434,0.14932
0.34914,0.32952,0.14726,0.17409
0.28745,0.38413,0.11739,0.21103
0.41565,0.31625,0.09568,0.17242
0.34789,0.30704,0.12079,0.22428
0.35974,0.33913,0.11994,0.18118
0.37279,0.35122,0.11760,0.15838
0.31376,0.29539,0.16013,0.23071
0.39109,0.36403,0.08523,0.15965
0.38823,0.34591,0.12833,0.13753
0.31843,0.30293,0.15631,0.22233
0.39117,0.35907,0.07962,0.17015
0.40537,0.25104,0.12751,0.21607
0.37444,0.35544,0.08997,0.18015
0.36366,0.30249,0.19162,0.14223
0.41523,0.29844,0.10844,0.17789
0.31725,0.32301,0.19749,0.16226
0.36659,0.34683,0.12626,0.16031
0.39984,0.35951,0.08932,0.15133
0.40181,0.34809,0.09039,0.15971
0.36122,0.24937,0.17048,0.21893
0.37315,0.27166,0.12556,0.22964
0.33862,0.31727,0.13232,0.21178
0.34843,0.33469,0.11993,0.19695
0.38783,0.36821,0.09390,0.15006
0.38750,0.34934,0.08988,0.17328
0.31245,0.29927,0.15812,0.23016
0.38029,0.36440,0.08522,0.17009
0.37115,0.34797,0.13254,0.14834
0.28694,0.24982,0.18257,0.28066
0.37050,0.34758,0.13723,0.14468
0.39477,0.36863,0.08214,0.15447
0.39990,0.27313,0.10462,0.22234
0.32607,0.30582,0.13783,0.23029
0.31604,0.29885,0.13677,0.24834
0.32379,0.30797,0.10139,0.26685
0.37765,0.34471,0.11079,0.16685
0.34844,0.32339,0.08482,0.24334
0.30868,0.36895,0.15629,0.16608
0.37615,0.35141,0.10255,0.16989
0.35202,0.30397,0.12247,0.22153
0.42811,0.35478,0.10373,0.11338
0.36697,0.31680,0.12625,0.18997
0.37436,0.35256,0.09767,0.17542
0.37301,0.38006,0.11376,0.13317
0.33666,0.31542,0.14317,0.20474
0.33862,0.39667,0.12133,0.14338
0.40837,0.37522,0.07467,0.14174
0.35602,0.33595,0.13643,0.17159
0.29268,0.35961,0.12978,0.21794
0.39331,0.34029,0.11470,0.15171
0.34640,0.32283,0.11110,0.21967
0.34350,0.26934,0.16377,0.22339
0.35523,0.33517,0.14680,0.16280
0.33311,0.31054,0.10910,0.24725
0.38844,0.35629,0.13480,0.12047
0.35109,0.34334,0.14894,0.15663
0.34298,0.32321,0.12616,0.20766
0.40689,0.26785,0.10008,0.22518
0.33761,0.32030,0.10782,0.23427
0.43526,0.29236,0.07578,0.19660
0.39877,0.35760,0.10445,0.13917
0.32828,0.31362,0.13824,0.21986
0.36982,0.35186,0.13380,0.14451
0.38474,0.29608,0.11382,0.20536
0.30322,0.39914,0.11720,0.18044
0.35212,0.34465,0.08312,0.22012
0.33690,0.30652,0.11477,0.24181
0.35210,0.33892,0.14392,0.16506
0.34797,0.35047,0.09579,0.20577
0.33766,0.32312,0.14405,0.19517
0.35582,0.32279,0.13275,0.18863
0.37356,0.27464,0.11188,0.23992
0.35732,0.33657,0.12175,0.18436
0.35941,0.35119,0.14302,0.14638
0.33162,0.31516,0.14920,0.20402
0.33664,0.31945,0.14185,0.20207
0.36070,0.34571,0.11787,0.17572
0.33866,0.33676,0.15911,0.16547
0.47408,0.26215,0.13421,0.12955
0.32986,0.32247,0.15070,0.19697
0.32829,0.31616,0.14746,0.20809
0.38659,0.36219,0.10939,0.14183
0.36073,0.30661,0.12404,0.20863
0.36120,0.35667,0.09222,0.18991
0.34754,0.32037,0.12840,0.20369
0.39154,0.36194,0.09666,0.14986
0.37774,0.32266,0.09685,0.20276
0.40849,0.38118,0.08569,0.12463
0.31081,0.43562,0.08386,0.16971
0.38199,0.35828,0.08777,0.17196
0.40851,0.32156,0.11316,0.15677
0.35786,0.33593,0.14511,0.16109
0.38026,0.35493,0.09086,0.17395
0.34801,0.32371,0.10808,0.22019
0.34558,0.32207,0.11619,0.21615
0.37649,0.31802,0.09535,0.21014
0.34363,0.34219,0.11728,0.19690
0.35577,0.36056,0.09731,0.18636
0.32802,0.30730,0.16153,0.20314
0.46077,0.22084,0.15089,0.16750
0.38958,0.35275,0.12502,0.13265
0.38571,0.36065,0.12698,0.12666
0.34487,0.32548,0.13298,0.19667
0.39452,0.29687,0.14471,0.16390
0.35879,0.33706,0.11001,0.19415
0.36849,0.35837,0.13594,0.13720
0.32167,0.30782,0.12799,0.24252
0.32221,0.28083,0.17504,0.22192
0.32945,0.37555,0.12301,0.17199
0.38808,0.33853,0.13918,0.13421
0.33383,0.31807,0.12514,0.22296
0.46142,0.32155,0.09401,0.12302
0.35811,0.34072,0.13330,0.16788
0.37758,0.34753,0.09100,0.18389
0.37676,0.37311,0.09226,0.15787
0.36176,0.32661,0.08742,0.22421
0.38999,0.35869,0.08931,0.16201
