0.49459,0.49385,0.00284,0.00363,0.00110,0.00130,0.00268
0.40682,0.42027,0.01258,0.05976,0.00452,0.04077,0.05529
0.42291,0.46518,0.02686,0.05977,0.01076,0.00898,0.00553
0.14914,0.14150,0.00705,0.02292,0.00920,0.31725,0.35294
0.49071,0.47227,0.00310,0.00167,0.01381,0.01480,0.00363
0.03185,0.04776,0.00341,0.00240,0.01002,0.43078,0.47377
0.24115,0.69330,0.01338,0.00318,0.01328,0.00758,0.02813
0.05799,0.41160,0.04446,0.01549,0.01403,0.21729,0.23914
0.49464,0.47913,0.01275,0.00147,0.00354,0.00512,0.00334
0.13876,0.14916,0.00930,0.00261,0.03557,0.33169,0.33290
0.42185,0.40340,0.00330,0.02447,0.03162,0.01430,0.10106
0.02130,0.93774,0.00219,0.00848,0.01355,0.00206,0.01468
0.46370,0.45864,0.01020,0.02130,0.01886,0.01371,0.01359
0.33937,0.34762,0.00655,0.00596,0.00656,0.14004,0.15390
0.43312,0.44593,0.00241,0.00103,0.00465,0.04599,0.06687
0.49193,0.49596,0.00269,0.00271,0.00208,0.00114,0.00349
0.48079,0.48358,0.00642,0.00099,0.00332,0.00845,0.01644
0.78935,0.11668,0.03298,0.03751,0.00181,0.00187,0.01979
0.44556,0.46935,0.01985,0.04122,0.00181,0.01105,0.01115
0.87272,0.08089,0.00540,0.02305,0.00823,0.00515,0.00456
0.47042,0.11800,0.00591,0.01688,0.00661,0.18091,0.20127
0.45694,0.43834,0.01044,0.00281,0.01030,0.03397,0.04720
0.63992,0.24196,0.00524,0.00903,0.04548,0.00736,0.05102
0.84757,0.14073,0.00234,0.00329,0.00082,0.00201,0.00324
0.71608,0.12634,0.00334,0.00797,0.06262,0.06989,0.01376
0.16384,0.68104,0.02432,0.10641,0.00848,0.00652,0.00938
0.90471,0.02552,0.00690,0.00951,0.01139,0.02537,0.01660
0.16667,0.16336,0.00620,0.00505,0.00722,0.31714,0.33437
0.01084,0.98060,0.00150,0.00191,0.00238,0.00124,0.00153
0.39134,0.49749,0.02095,0.01747,0.04178,0.01470,0.01626
0.38614,0.39265,0.06198,0.00675,0.02802,0.05634,0.06812
0.47760,0.48935,0.00419,0.00447,0.00449,0.00483,0.01507
0.43760,0.47141,0.02151,0.00387,0.00388,0.02869,0.03304
0.49301,0.48502,0.00428,0.00636,0.00638,0.00158,0.00336
0.47421,0.46258,0.00588,0.01072,0.01458,0.00483,0.02720
0.03992,0.17869,0.01580,0.07595,0.00595,0.32005,0.36364
0.45269,0.47885,0.02811,0.00796,0.00504,0.00766,0.01969
0.21569,0.54886,0.01097,0.03504,0.01414,0.07797,0.09734
0.75415,0.13781,0.01762,0.00959,0.01282,0.01488,0.05313
0.45061,0.43896,0.01039,0.01849,0.01633,0.02333,0.04189
0.79388,0.10724,0.00955,0.00850,0.01686,0.02056,0.04340
0.07899,0.02668,0.00214,0.00342,0.43983,0.44211,0.00683
0.47094,0.49784,0.01032,0.00410,0.00374,0.00570,0.00736
0.23028,0.24432,0.03701,0.00351,0.00701,0.22748,0.25039
0.19357,0.19656,0.00247,0.01867,0.28300,0.28229,0.02345
0.00827,0.77336,0.00654,0.18095,0.00445,0.01312,0.01332
0.41939,0.20214,0.00664,0.13261,0.00465,0.10916,0.12542
0.39960,0.55965,0.00882,0.00375,0.00760,0.01054,0.01003
0.39490,0.40393,0.00577,0.03168,0.00919,0.06946,0.08508
0.41822,0.41795,0.00497,0.00525,0.06826,0.00160,0.08375
0.25248,0.53085,0.02344,0.00958,0.00980,0.08360,0.09024
0.57378,0.39588,0.00945,0.00273,0.00418,0.00159,0.01239
0.63122,0.13773,0.06138,0.01476,0.07421,0.02754,0.05316
0.54488,0.40066,0.00841,0.00985,0.02373,0.00724,0.00522
0.86715,0.02764,0.02353,0.01098,0.00260,0.03017,0.03793
0.71883,0.21584,0.01767,0.00360,0.01030,0.01024,0.02353
0.34629,0.38828,0.02635,0.01035,0.00342,0.11538,0.10992
0.49046,0.19309,0.00772,0.00406,0.02555,0.11600,0.16311
0.29745,0.30608,0.06841,0.00173,0.00997,0.14681,0.16954
0.42323,0.43520,0.01887,0.00775,0.04729,0.05210,0.01557
0.24607,0.24702,0.06242,0.00545,0.00597,0.18892,0.24416
0.38411,0.41930,0.06917,0.04376,0.01609,0.01805,0.04951
0.48863,0.49882,0.00234,0.00246,0.00124,0.00296,0.00354
0.06560,0.06065,0.01138,0.00518,0.05583,0.39931,0.40204
0.18297,0.18894,0.00507,0.00591,0.00146,0.30799,0.30766
0.44188,0.47076,0.02723,0.04359,0.00370,0.00363,0.00921
0.00818,0.89887,0.01314,0.00582,0.00604,0.02926,0.03869
0.02678,0.86594,0.00667,0.01005,0.03095,0.01790,0.04171
0.50814,0.38673,0.05760,0.00355,0.02056,0.00651,0.01690
0.63818,0.01294,0.01050,0.30861,0.00768,0.00649,0.01561
0.40735,0.45675,0.03145,0.09435,0.00249,0.00374,0.00388
0.84050,0.01647,0.00559,0.00721,0.06400,0.06061,0.00561
0.34710,0.63212,0.00742,0.00292,0.00371,0.00183,0.00490
0.44015,0.43805,0.00405,0.00315,0.05645,0.00536,0.05279
0.64544,0.24667,0.02516,0.00258,0.03420,0.02750,0.01844
0.47486,0.49218,0.01293,0.01096,0.00350,0.00242,0.00316
0.48931,0.49367,0.00162,0.00181,0.00265,0.00582,0.00513
0.26818,0.22214,0.00542,0.01208,0.01820,0.21884,0.25514
0.48200,0.49188,0.00327,0.01158,0.00181,0.00151,0.00794
0.47349,0.47807,0.00903,0.00751,0.00286,0.01235,0.01669
0.29191,0.29710,0.08257,0.00228,0.00229,0.14024,0.18360
0.07440,0.62310,0.02320,0.00320,0.14011,0.12277,0.01321
0.24103,0.68776,0.02060,0.00359,0.02250,0.01627,0.00827
0.37994,0.36220,0.05452,0.01594,0.00348,0.08639,0.09752
0.47914,0.47435,0.01023,0.00572,0.00950,0.00347,0.01759
0.11284,0.77081,0.00895,0.01178,0.04279,0.00456,0.04828
0.11119,0.11171,0.02728,0.00609,0.01589,0.32052,0.40731
0.29414,0.27620,0.03231,0.35931,0.01888,0.01190,0.00727
0.42604,0.42378,0.00222,0.00900,0.05761,0.06195,0.01940
0.34506,0.05247,0.01009,0.00791,0.00636,0.27054,0.30756
0.31517,0.31620,0.03397,0.01491,0.05314,0.12916,0.13745
0.47498,0.48712,0.00476,0.00561,0.01266,0.00283,0.01203
0.42184,0.45478,0.01699,0.00200,0.00731,0.02665,0.07044
0.27682,0.60514,0.00462,0.00262,0.04621,0.00426,0.06033
0.44313,0.45383,0.03272,0.00073,0.00601,0.00957,0.05401
0.30369,0.66793,0.00495,0.00454,0.00393,0.00449,0.01048
0.16721,0.16124,0.00591,0.00973,0.07832,0.23947,0.33812
0.76486,0.17292,0.01170,0.01741,0.01723,0.00673,0.00915
0.55128,0.09328,0.04520,0.00487,0.03426,0.11720,0.15391
0.11349,0.84709,0.00678,0.00854,0.00621,0.00525,0.01264
0.27495,0.27164,0.02945,0.02027,0.15312,0.20321,0.04736
0.48988,0.49525,0.00358,0.00191,0.00291,0.00264,0.00383
0.10132,0.68850,0.00294,0.00744,0.09013,0.09348,0.01619
0.45822,0.46695,0.05732,0.00572,0.00467,0.00378,0.00335
0.21624,0.21377,0.02851,0.00690,0.24432,0.25470,0.03555
0.70883,0.18324,0.00219,0.01437,0.01142,0.03713,0.04282
0.41459,0.56829,0.00452,0.00228,0.00235,0.00252,0.00546
0.02912,0.92185,0.01291,0.02037,0.00424,0.00216,0.00936
0.41132,0.40668,0.00755,0.00681,0.00215,0.07605,0.08944
0.83528,0.03876,0.01685,0.07509,0.00332,0.00749,0.02320
0.79508,0.13390,0.00429,0.01039,0.03219,0.00667,0.01749
0.47736,0.48493,0.01563,0.00603,0.00408,0.00767,0.00429
0.56444,0.36827,0.01788,0.01109,0.00315,0.01515,0.02003
0.46063,0.43914,0.00304,0.00215,0.00382,0.04880,0.04242
0.48171,0.49710,0.00826,0.00342,0.00210,0.00297,0.00446
0.30311,0.29775,0.01976,0.00902,0.18135,0.18297,0.00605
0.42221,0.41628,0.01175,0.01268,0.00531,0.06730,0.06447
0.02904,0.40221,0.04215,0.01543,0.19129,0.24156,0.07832
0.55894,0.28002,0.06357,0.01029,0.01327,0.02131,0.05261
0.03577,0.79519,0.01190,0.00645,0.00311,0.06680,0.08077
0.47763,0.50767,0.00285,0.00178,0.00255,0.00376,0.00376
0.04406,0.75246,0.00741,0.18297,0.00445,0.00605,0.00261
0.48969,0.47814,0.01210,0.00724,0.00442,0.00272,0.00570
0.18139,0.17671,0.00285,0.04959,0.17063,0.28664,0.13220
0.39629,0.57918,0.00375,0.01063,0.00340,0.00184,0.00492
0.32226,0.34106,0.01642,0.04114,0.00717,0.13332,0.13864
0.43790,0.46524,0.03513,0.01778,0.02212,0.01567,0.00616
0.43969,0.45621,0.00213,0.00158,0.02410,0.01920,0.05709
0.48897,0.46721,0.02992,0.00262,0.00333,0.00269,0.00526
0.49464,0.49085,0.00446,0.00331,0.00256,0.00156,0.00262
0.46842,0.49371,0.01518,0.00989,0.00725,0.00263,0.00291
0.39896,0.46047,0.11262,0.01497,0.00384,0.00421,0.00493
0.69725,0.03358,0.00401,0.01219,0.00718,0.11599,0.12980
0.40391,0.41351,0.01812,0.00517,0.01318,0.07655,0.06956
0.17671,0.78900,0.01710,0.00707,0.00178,0.00271,0.00563
0.45043,0.44606,0.01415,0.02348,0.03830,0.02592,0.00167
0.45658,0.47102,0.03423,0.00864,0.00682,0.01253,0.01017
0.39247,0.22807,0.00460,0.03239,0.02751,0.11120,0.20375
0.26731,0.44342,0.03686,0.20490,0.01703,0.00870,0.02179
0.32536,0.32553,0.01098,0.05327,0.13515,0.10270,0.04701
0.46614,0.47396,0.00866,0.02213,0.00666,0.00711,0.01534
0.49120,0.49065,0.00526,0.00161,0.00335,0.00256,0.00537
0.85651,0.06590,0.00654,0.00740,0.00756,0.00452,0.05158
0.23339,0.74597,0.00501,0.00220,0.00224,0.00480,0.00640
0.38274,0.56417,0.01935,0.00330,0.01068,0.01408,0.00568
0.38528,0.10524,0.00677,0.02044,0.03918,0.20449,0.23861
0.74189,0.24195,0.00368,0.00352,0.00265,0.00089,0.00543
0.76818,0.13352,0.00916,0.00519,0.00538,0.03968,0.03891
0.37025,0.38784,0.01025,0.02011,0.00842,0.08805,0.11508
0.92895,0.03008,0.00591,0.00346,0.00161,0.00920,0.02079
0.16490,0.20451,0.05201,0.05235,0.00312,0.24825,0.27486
0.06585,0.02173,0.00416,0.00683,0.00685,0.40434,0.49024
0.93446,0.02207,0.02254,0.00892,0.00358,0.00206,0.00636
0.49583,0.12867,0.33948,0.02504,0.00488,0.00223,0.00388
0.46928,0.48651,0.01113,0.00857,0.00641,0.00571,0.01239
0.45167,0.47971,0.00668,0.00349,0.00628,0.02276,0.02941
0.24624,0.67548,0.00238,0.00172,0.00712,0.03565,0.03141
0.15862,0.77352,0.00539,0.01247,0.00531,0.02008,0.02461
0.46832,0.49025,0.00481,0.00420,0.00712,0.01165,0.01365
0.46783,0.48316,0.00283,0.00356,0.01545,0.01134,0.01583
0.46507,0.45919,0.01289,0.01147,0.00367,0.02355,0.02417
0.41373,0.39807,0.00793,0.15821,0.00743,0.00384,0.01079
0.15762,0.82074,0.00443,0.00294,0.00142,0.00595,0.00690
0.08846,0.22731,0.01357,0.00330,0.07587,0.31778,0.27372
0.07549,0.91064,0.00279,0.00310,0.00103,0.00266,0.00428
0.24244,0.23502,0.01235,0.00753,0.01056,0.23009,0.26202
0.29570,0.27767,0.02133,0.00857,0.00840,0.18872,0.19961
0.82961,0.11185,0.01184,0.00935,0.00740,0.00891,0.02103
0.75823,0.22408,0.00566,0.00592,0.00089,0.00266,0.00254
0.39490,0.38663,0.01504,0.03843,0.00485,0.07205,0.08809
0.30326,0.60764,0.00536,0.00482,0.01261,0.02498,0.04133
0.98014,0.01319,0.00197,0.00271,0.00062,0.00101,0.00037
0.46728,0.48882,0.00724,0.00169,0.00586,0.01889,0.01022
0.45615,0.44991,0.00107,0.01309,0.01360,0.02993,0.03626
0.22081,0.22888,0.00646,0.03436,0.01366,0.21768,0.27815
0.46876,0.47018,0.03874,0.00422,0.00661,0.00584,0.00566
0.35927,0.38003,0.00563,0.01160,0.02983,0.10062,0.11302
0.03439,0.94138,0.00290,0.00460,0.00233,0.00775,0.00666
0.49701,0.49297,0.00157,0.00235,0.00312,0.00121,0.00177
0.37345,0.60310,0.00151,0.00495,0.00417,0.00678,0.00604
0.04537,0.51677,0.00487,0.41680,0.00620,0.00389,0.00609
0.46244,0.48232,0.01619,0.01745,0.00614,0.00333,0.01213
0.41584,0.42457,0.03901,0.01366,0.03145,0.06090,0.01458
0.10887,0.11601,0.01164,0.00749,0.32956,0.37360,0.05283
0.23191,0.51738,0.00268,0.00617,0.01296,0.11460,0.11429
0.15034,0.54845,0.00713,0.05925,0.11003,0.11628,0.00852
0.07787,0.03189,0.00394,0.07425,0.00935,0.36196,0.44073
0.01206,0.97391,0.00680,0.00196,0.00151,0.00167,0.00208
0.46161,0.46275,0.00549,0.00533,0.03501,0.02186,0.00794
0.05387,0.85838,0.04170,0.00445,0.00500,0.00757,0.02904
0.37087,0.40017,0.03557,0.00823,0.01276,0.06426,0.10815
0.66288,0.08369,0.05155,0.00627,0.09397,0.09499,0.00665
0.83449,0.03086,0.10855,0.00285,0.01005,0.00538,0.00782
0.18874,0.07355,0.00767,0.01362,0.02348,0.33844,0.35449
0.48823,0.48327,0.00344,0.00379,0.00717,0.00862,0.00548
0.13257,0.12306,0.00889,0.00897,0.30141,0.34803,0.07707
0.13988,0.14492,0.01712,0.02869,0.00822,0.33271,0.32847
0.47842,0.48627,0.01777,0.00316,0.00898,0.00178,0.00362
0.47133,0.47821,0.00605,0.00516,0.00923,0.01660,0.01342
0.48887,0.48176,0.01805,0.00171,0.00218,0.00511,0.00232
0.96737,0.01547,0.00678,0.00208,0.00422,0.00205,0.00203
0.42984,0.43036,0.00433,0.00863,0.05803,0.00327,0.06554
0.49220,0.47418,0.00763,0.01058,0.00446,0.00306,0.00790
0.46683,0.49028,0.01719,0.00253,0.00932,0.00384,0.01001
0.16273,0.17558,0.01711,0.02275,0.31017,0.30382,0.00784
0.05340,0.06026,0.02366,0.00819,0.38446,0.41613,0.05390
0.52173,0.43073,0.01164,0.00777,0.00766,0.00871,0.01176
0.18751,0.76185,0.00485,0.00355,0.01530,0.00916,0.01779
0.40257,0.41523,0.03055,0.00430,0.00875,0.05879,0.07982
0.11778,0.13318,0.00886,0.00728,0.35733,0.36809,0.00748
0.47115,0.48569,0.01235,0.00286,0.00286,0.01743,0.00767
0.25306,0.70479,0.00659,0.01576,0.00797,0.00521,0.00663
0.70345,0.25582,0.00348,0.01112,0.00400,0.00813,0.01399
0.46818,0.49577,0.02247,0.00384,0.00430,0.00284,0.00260
0.43716,0.44198,0.04462,0.02361,0.03070,0.00845,0.01349
0.70610,0.05403,0.02755,0.01997,0.00990,0.07944,0.10301
0.21833,0.65044,0.01179,0.00443,0.00497,0.04093,0.06911
0.23716,0.25253,0.02266,0.45112,0.00658,0.00318,0.02676
0.54108,0.05817,0.01776,0.01807,0.17039,0.03916,0.15537
0.37309,0.42240,0.13269,0.00271,0.00331,0.01282,0.05297
0.47786,0.49056,0.00480,0.00696,0.00552,0.00937,0.00493
0.24122,0.25012,0.01481,0.01055,0.00575,0.23215,0.24540
0.48919,0.49796,0.00352,0.00378,0.00131,0.00195,0.00229
0.17323,0.22395,0.03408,0.02997,0.02649,0.24211,0.27016
0.13875,0.13466,0.01903,0.00212,0.00348,0.33889,0.36307
0.43614,0.44159,0.09832,0.00156,0.00330,0.01063,0.00845
0.47525,0.47044,0.00683,0.01474,0.01253,0.00599,0.01423
0.48526,0.46961,0.02370,0.00591,0.00315,0.00434,0.00804
0.14320,0.09942,0.02800,0.00731,0.02806,0.29674,0.39726
0.48097,0.48645,0.00706,0.00175,0.00665,0.01111,0.00601
0.94830,0.01968,0.00282,0.00122,0.00419,0.00558,0.01821
0.50351,0.47166,0.00601,0.00823,0.00321,0.00208,0.00531
0.52707,0.40228,0.00323,0.01622,0.01165,0.01455,0.02499
0.01652,0.93413,0.03566,0.00380,0.00280,0.00244,0.00465
0.19441,0.20369,0.05628,0.00820,0.02185,0.23388,0.28169
0.08384,0.59929,0.00763,0.00987,0.00493,0.14569,0.14876
0.45002,0.51144,0.01902,0.00414,0.00233,0.00664,0.00641
0.44801,0.41824,0.08209,0.00472,0.03603,0.00742,0.00349
0.47652,0.47946,0.01531,0.00212,0.00395,0.01062,0.01202
0.31893,0.33893,0.01271,0.13500,0.09290,0.04404,0.05749
0.41338,0.45227,0.10957,0.00914,0.00335,0.00604,0.00626
0.77145,0.14141,0.00595,0.00841,0.01324,0.03243,0.02713
0.03949,0.91447,0.00876,0.00466,0.00358,0.01544,0.01359
0.29811,0.67600,0.00754,0.00365,0.00544,0.00205,0.00719
0.25235,0.25206,0.00421,0.00323,0.24414,0.24159,0.00242
0.49669,0.43725,0.01746,0.01612,0.00785,0.01236,0.01226
0.27269,0.59491,0.00797,0.01066,0.00510,0.05016,0.05851
0.91755,0.01555,0.01416,0.00178,0.01365,0.00579,0.03153
0.45089,0.46232,0.01920,0.00466,0.01236,0.01655,0.03402
0.16754,0.80433,0.00325,0.01076,0.00126,0.00716,0.00571
0.21413,0.72872,0.01357,0.01376,0.00426,0.01331,0.01225
0.51172,0.28540,0.00647,0.01553,0.00182,0.08059,0.09847
0.48186,0.47365,0.01197,0.00464,0.00851,0.01243,0.00694
0.50986,0.21834,0.00344,0.10405,0.00472,0.07182,0.08776
0.01076,0.08329,0.00202,0.00359,0.00356,0.42915,0.46763
0.71130,0.20267,0.01486,0.00630,0.01247,0.01258,0.03983
0.10083,0.08268,0.06356,0.00338,0.05992,0.29576,0.39388
0.48773,0.47380,0.00751,0.01178,0.00608,0.00644,0.00667
0.47550,0.47104,0.00333,0.00118,0.00767,0.01309,0.02820
0.39803,0.41011,0.02553,0.00324,0.00523,0.07464,0.08323
0.05438,0.87172,0.00990,0.02891,0.01162,0.01219,0.01128
0.36173,0.26621,0.05208,0.02331,0.07421,0.11829,0.10417
0.04316,0.74074,0.01520,0.02591,0.00427,0.08360,0.08712
0.46820,0.49694,0.00653,0.00513,0.00955,0.00925,0.00440
0.50473,0.40913,0.01053,0.02204,0.00315,0.02132,0.02911
0.38313,0.36985,0.00492,0.00448,0.11432,0.11720,0.00611
0.91490,0.01458,0.00409,0.00384,0.00455,0.02383,0.03421
0.06142,0.07633,0.01789,0.76968,0.01222,0.01142,0.05103
0.34352,0.57927,0.00653,0.00365,0.02749,0.01461,0.02492
0.31798,0.24968,0.00404,0.00769,0.00395,0.19259,0.22407
0.94841,0.02890,0.00400,0.00216,0.00227,0.00727,0.00699
0.01900,0.91706,0.03521,0.00650,0.00187,0.00842,0.01194
0.50644,0.40902,0.00375,0.02465,0.02473,0.01235,0.01907
0.47452,0.47762,0.03537,0.00241,0.00201,0.00406,0.00401
0.48922,0.47498,0.00362,0.00213,0.00215,0.01236,0.01554
0.23282,0.68966,0.00535,0.05452,0.00562,0.00587,0.00615
0.10767,0.87701,0.00522,0.00120,0.00215,0.00209,0.00464
0.05103,0.91703,0.00594,0.00779,0.00727,0.00270,0.00824
0.12653,0.11847,0.00935,0.00616,0.00349,0.35556,0.38043
0.54321,0.16449,0.02756,0.01179,0.00252,0.11317,0.13725
0.45437,0.45531,0.01061,0.01172,0.00716,0.02740,0.03343
0.43311,0.45936,0.00694,0.00633,0.01054,0.03714,0.04659
0.44518,0.43831,0.00967,0.00517,0.01030,0.03919,0.05217
0.13419,0.69358,0.00998,0.00466,0.00449,0.07292,0.08018
0.68722,0.02415,0.10886,0.16190,0.00444,0.00605,0.00739
0.47134,0.49240,0.00173,0.00482,0.00568,0.01122,0.01282
0.19285,0.74629,0.00641,0.00805,0.01407,0.01451,0.01782
0.49106,0.48337,0.00376,0.00367,0.00476,0.00452,0.00885
0.82828,0.13277,0.00275,0.00299,0.00354,0.00761,0.02205
0.72052,0.25303,0.00430,0.00442,0.01263,0.00404,0.00105
0.19064,0.74233,0.00507,0.00211,0.01007,0.01049,0.03929
0.06986,0.87546,0.01155,0.00408,0.01661,0.01429,0.00815
0.95901,0.01805,0.00256,0.00700,0.00185,0.00534,0.00620
0.45355,0.48241,0.03080,0.00415,0.00824,0.01757,0.00327
0.04134,0.04088,0.00793,0.00693,0.00703,0.39067,0.50521
0.71392,0.23943,0.00789,0.00178,0.00632,0.01429,0.01639
0.31339,0.31891,0.00441,0.01867,0.01531,0.14058,0.18872
0.05245,0.04903,0.01428,0.01443,0.05615,0.35306,0.46061
0.48690,0.48677,0.00521,0.01292,0.00245,0.00221,0.00354
0.70732,0.02198,0.01089,0.11966,0.06699,0.06782,0.00535
