0.10812,0.03908,0.00000,0.19693,0.02240,0.00417,0.62930
0.21195,0.11929,0.00065,0.03465,0.01088,0.03049,0.59210
0.09938,0.00251,0.00041,0.06317,0.00215,0.21609,0.61630
0.11076,0.03555,0.00000,0.01923,0.00851,0.00071,0.82525
0.26894,0.07928,0.00148,0.00354,0.04423,0.00838,0.59414
0.03103,0.04861,0.00004,0.20409,0.03206,0.00086,0.68330
0.14397,0.00089,0.00000,0.20117,0.00820,0.00547,0.64029
0.06092,0.01188,0.00001,0.01597,0.00144,0.07167,0.83810
0.27328,0.02374,0.00022,0.01278,0.08166,0.11058,0.49773
0.01329,0.04167,0.00000,0.11332,0.01604,0.00003,0.81566
0.10928,0.02634,0.05170,0.00190,0.00859,0.08049,0.72170
0.07659,0.16942,0.00012,0.06126,0.11350,0.09865,0.48047
0.11557,0.10336,0.00000,0.05924,0.06751,0.00311,0.65122
0.19502,0.07331,0.00000,0.23138,0.00846,0.00637,0.48546
0.19211,0.02605,0.00138,0.01236,0.05339,0.03076,0.68396
0.11981,0.09546,0.00000,0.05365,0.01531,0.05168,0.66409
0.28106,0.01337,0.00000,0.04564,0.01128,0.03087,0.61777
0.04743,0.03037,0.00000,0.00360,0.02446,0.02177,0.87236
0.10348,0.01412,0.00002,0.00532,0.01903,0.00498,0.85304
0.06839,0.14833,0.00035,0.01776,0.10373,0.00336,0.65808
0.28050,0.13173,0.00005,0.02296,0.01953,0.03080,0.51443
0.03492,0.07174,0.00010,0.05853,0.00228,0.00488,0.82756
0.19174,0.07270,0.02770,0.08261,0.06045,0.00573,0.55907
0.08620,0.16205,0.00000,0.14384,0.00561,0.00859,0.59370
0.17164,0.01512,0.00000,0.05249,0.08602,0.08391,0.59081
0.27534,0.06784,0.10799,0.02556,0.06209,0.00281,0.45837
0.10238,0.12804,0.00000,0.01564,0.02894,0.01921,0.70579
0.02592,0.13031,0.15595,0.02598,0.15615,0.00673,0.49897
0.04813,0.05360,0.00000,0.04367,0.17227,0.06270,0.61963
0.10375,0.00942,0.00000,0.00436,0.02008,0.02318,0.83922
0.21577,0.19799,0.04092,0.05775,0.05770,0.00602,0.42386
0.14339,0.08144,0.00000,0.01256,0.01779,0.02046,0.72436
0.03818,0.08785,0.01096,0.00710,0.04777,0.03623,0.77192
0.24548,0.03542,0.00995,0.01225,0.02131,0.05626,0.61933
0.01730,0.07472,0.00000,0.07419,0.03765,0.00728,0.78886
0.29483,0.12618,0.00001,0.00138,0.00650,0.04755,0.52355
0.25415,0.05991,0.00168,0.11006,0.00230,0.00977,0.56213
0.07456,0.02214,0.00000,0.11334,0.03688,0.00225,0.75082
0.13991,0.15465,0.00099,0.09179,0.13214,0.00000,0.48051
0.11399,0.03407,0.00000,0.01221,0.01493,0.04705,0.77775
0.41826,0.03808,0.00888,0.01532,0.07632,0.01351,0.42964
0.03630,0.14430,0.00019,0.02442,0.02810,0.12225,0.64444
0.10123,0.31985,0.00498,0.00735,0.19004,0.00579,0.37076
0.28406,0.01251,0.00000,0.05260,0.01858,0.00397,0.62829
0.20361,0.01058,0.00000,0.06895,0.00092,0.00737,0.70856
0.06827,0.08725,0.00045,0.05055,0.06879,0.02558,0.69911
0.03654,0.04351,0.00000,0.00706,0.01034,0.01596,0.88659
0.05378,0.14618,0.00104,0.03393,0.00727,0.03372,0.72407
0.34971,0.06562,0.01239,0.00398,0.17780,0.00496,0.38553
0.21848,0.04131,0.00887,0.02894,0.01614,0.00066,0.68561
0.05335,0.16712,0.00018,0.12377,0.06189,0.01013,0.58357
0.29999,0.10304,0.00000,0.04111,0.18624,0.00945,0.36017
0.08493,0.14193,0.00008,0.14596,0.00234,0.00161,0.62316
0.14581,0.11460,0.00000,0.05321,0.00188,0.00765,0.67684
0.10995,0.16652,0.00009,0.17555,0.01933,0.04408,0.48448
0.16137,0.02454,0.00000,0.06005,0.00319,0.00000,0.75083
0.22020,0.14787,0.00505,0.04524,0.01171,0.09026,0.47967
0.11821,0.07951,0.00759,0.17664,0.01803,0.00030,0.59973
0.12448,0.07068,0.00023,0.10101,0.01968,0.10725,0.57668
0.07145,0.05119,0.04906,0.01224,0.08772,0.00170,0.72664
0.21444,0.17684,0.00352,0.03277,0.02769,0.02529,0.51946
0.13871,0.03995,0.00000,0.06164,0.00048,0.02140,0.73782
0.23737,0.21871,0.00457,0.12179,0.01169,0.00115,0.40472
0.19516,0.01653,0.00082,0.06069,0.04018,0.01415,0.67247
0.27134,0.00474,0.00000,0.00487,0.01076,0.08131,0.62698
0.08639,0.04268,0.00000,0.00398,0.08488,0.00578,0.77630
0.15808,0.02649,0.00000,0.01459,0.00020,0.11374,0.68691
0.17022,0.12366,0.03690,0.03069,0.05129,0.00784,0.57939
0.07378,0.02643,0.00000,0.05890,0.02750,0.03476,0.77862
0.14702,0.03819,0.00077,0.00005,0.07133,0.11365,0.62899
0.18208,0.06650,0.01238,0.00896,0.00811,0.00437,0.71759
0.05640,0.07792,0.00002,0.05802,0.01832,0.00091,0.78841
0.05885,0.02259,0.00066,0.01331,0.09402,0.00301,0.80756
0.10655,0.09284,0.01427,0.15763,0.03555,0.00162,0.59155
0.12276,0.06681,0.00000,0.05433,0.02741,0.00506,0.72363
0.01926,0.06527,0.00000,0.04435,0.02632,0.00571,0.83908
0.10476,0.06131,0.00000,0.01295,0.03068,0.09833,0.69197
0.09622,0.03839,0.00508,0.04040,0.07770,0.08304,0.65916
0.12033,0.11148,0.00000,0.02068,0.18594,0.01762,0.54395
0.10943,0.14096,0.00930,0.02318,0.02341,0.00761,0.68611
0.15200,0.05789,0.00000,0.05157,0.06926,0.00973,0.65955
0.16635,0.08273,0.00000,0.02671,0.00438,0.02858,0.69126
0.17957,0.01590,0.00000,0.02900,0.03992,0.00773,0.72788
0.11882,0.01162,0.01861,0.08747,0.00037,0.22304,0.54008
0.09459,0.01357,0.00000,0.07685,0.01778,0.11482,0.68238
0.02268,0.01071,0.03643,0.14596,0.05619,0.26097,0.46707
0.23867,0.29163,0.00007,0.04866,0.07807,0.01129,0.33162
0.16557,0.01281,0.00000,0.02835,0.06274,0.01123,0.71931
0.11600,0.02675,0.00000,0.10225,0.03146,0.02979,0.69374
0.04645,0.04423,0.00471,0.01906,0.10552,0.00039,0.77964
0.15356,0.04985,0.00000,0.01174,0.00675,0.01636,0.76174
0.18650,0.08068,0.00016,0.04501,0.02602,0.05547,0.60617
0.04434,0.09409,0.00000,0.09304,0.01473,0.17675,0.57706
0.04289,0.05742,0.00001,0.32602,0.01464,0.00453,0.55448
0.12537,0.03147,0.00000,0.03859,0.02031,0.16360,0.62066
0.16483,0.13308,0.00000,0.02114,0.04139,0.00003,0.63954
0.21376,0.00522,0.00000,0.02339,0.11419,0.12414,0.51929
0.26328,0.05922,0.03855,0.02108,0.02759,0.00046,0.58981
0.08304,0.05715,0.00000,0.03361,0.02568,0.00013,0.80039
0.21950,0.01109,0.06769,0.15602,0.14763,0.01430,0.38376
0.12434,0.01948,0.00000,0.00275,0.11841,0.01658,0.71843
0.33751,0.11707,0.00000,0.04150,0.10053,0.01376,0.38962
0.13562,0.24265,0.00000,0.10444,0.02800,0.03150,0.45779
0.05614,0.20096,0.00001,0.00959,0.00559,0.00211,0.72559
0.28175,0.04780,0.00000,0.01662,0.03824,0.00027,0.61531
0.29016,0.05612,0.00000,0.01262,0.07959,0.00184,0.55966
0.16595,0.18732,0.00000,0.00349,0.00165,0.00294,0.63865
0.29588,0.00328,0.00000,0.03498,0.02663,0.00572,0.63350
0.24418,0.13373,0.00000,0.09655,0.03456,0.00466,0.48631
0.15771,0.02154,0.00000,0.03544,0.01065,0.05414,0.72053
0.04953,0.02675,0.00000,0.05520,0.27679,0.00210,0.58963
0.15793,0.08914,0.00000,0.06713,0.00051,0.03919,0.64609
0.08547,0.09276,0.00000,0.06938,0.01660,0.00174,0.73404
0.05942,0.06497,0.00000,0.11568,0.00870,0.02809,0.72315
0.07169,0.01330,0.00000,0.10604,0.03423,0.01274,0.76199
0.11699,0.18887,0.00011,0.15312,0.01354,0.00026,0.52712
0.08542,0.11204,0.00116,0.03007,0.02828,0.04724,0.69578
0.21999,0.06857,0.00000,0.15639,0.00199,0.01858,0.53447
0.32735,0.00925,0.00000,0.07894,0.02221,0.02490,0.53735
0.15631,0.05620,0.00163,0.03880,0.01924,0.04289,0.68493
0.08139,0.13570,0.00000,0.02568,0.02751,0.03509,0.69463
0.34045,0.05857,0.00000,0.04801,0.06233,0.01138,0.47925
0.10638,0.12663,0.00461,0.08145,0.00784,0.00025,0.67285
0.10687,0.19886,0.00000,0.01816,0.09224,0.00085,0.58301
0.08348,0.06943,0.00000,0.00770,0.08644,0.08358,0.66938
0.09070,0.07264,0.00000,0.01901,0.00783,0.01936,0.79046
0.25018,0.03462,0.00000,0.01702,0.23497,0.02086,0.44235
0.04522,0.06767,0.00002,0.22504,0.03103,0.01211,0.61891
0.61132,0.04614,0.00000,0.05465,0.01210,0.01587,0.25991
0.17951,0.10576,0.00000,0.01438,0.01867,0.05031,0.63137
0.06080,0.13244,0.00000,0.02866,0.00537,0.00986,0.76285
0.04654,0.07719,0.00000,0.00728,0.33779,0.00189,0.52930
0.05038,0.09557,0.00000,0.02548,0.08910,0.03895,0.70053
0.02010,0.01668,0.00001,0.04608,0.00239,0.07662,0.83812
0.16208,0.02676,0.00703,0.08999,0.01307,0.00000,0.70106
0.20998,0.04747,0.00000,0.06485,0.00485,0.00094,0.67191
0.04421,0.05811,0.00109,0.14702,0.18455,0.03407,0.53095
0.11089,0.07093,0.00000,0.22798,0.07268,0.05948,0.45804
0.06374,0.02961,0.00001,0.00147,0.01155,0.04243,0.85119
0.02367,0.03933,0.00001,0.01830,0.14755,0.00083,0.77032
0.01731,0.05993,0.02422,0.01949,0.03172,0.05721,0.79012
0.05977,0.00321,0.00463,0.14997,0.19908,0.03077,0.55257
0.14392,0.01845,0.02951,0.01454,0.00707,0.09159,0.69493
0.09016,0.33300,0.00000,0.00694,0.00205,0.00036,0.56749
0.08517,0.04295,0.00001,0.04880,0.09751,0.00727,0.71829
0.25113,0.03214,0.00898,0.09451,0.05576,0.12275,0.43472
0.15318,0.10663,0.00000,0.02809,0.00080,0.00783,0.70346
0.19844,0.05076,0.00113,0.11337,0.01110,0.01465,0.61056
0.08227,0.32182,0.00066,0.01885,0.06027,0.00313,0.51301
0.12825,0.18154,0.00000,0.03538,0.16684,0.04494,0.44306
0.18857,0.12519,0.00010,0.03014,0.01882,0.02678,0.61040
0.05591,0.01041,0.00000,0.10154,0.04496,0.01530,0.77189
0.03792,0.10081,0.00000,0.00765,0.08812,0.00023,0.76528
0.22479,0.00574,0.00807,0.02605,0.05336,0.00710,0.67489
0.21929,0.07188,0.00000,0.00929,0.06519,0.00191,0.63244
0.01331,0.01295,0.00000,0.05035,0.00911,0.01275,0.90151
0.11538,0.04388,0.07432,0.01717,0.03970,0.04984,0.65972
0.03603,0.07836,0.00130,0.10188,0.01889,0.07035,0.69319
0.09627,0.00564,0.00816,0.16579,0.00481,0.19834,0.52099
0.19676,0.03384,0.00000,0.04123,0.12884,0.00820,0.59113
0.17219,0.11834,0.00002,0.03062,0.02063,0.07943,0.57877
0.13871,0.17376,0.00012,0.00401,0.01593,0.00083,0.66663
0.11607,0.01500,0.00000,0.04973,0.03530,0.00193,0.78197
0.19172,0.05341,0.00001,0.03753,0.04480,0.00570,0.66683
0.17616,0.13010,0.00000,0.02739,0.00689,0.16096,0.49850
0.20400,0.09975,0.00000,0.00797,0.06203,0.03115,0.59510
0.17188,0.05945,0.00000,0.17890,0.01052,0.00664,0.57261
0.08509,0.02100,0.00000,0.04741,0.10332,0.06272,0.68046
0.09353,0.14617,0.00000,0.00238,0.08797,0.01899,0.65097
0.30293,0.06715,0.00030,0.05492,0.13504,0.00169,0.43796
0.08852,0.10828,0.01904,0.00238,0.23737,0.05440,0.49001
0.23070,0.20478,0.00000,0.08980,0.05013,0.02440,0.40019
0.04721,0.08600,0.00052,0.08645,0.06347,0.02266,0.69369
0.03783,0.16271,0.00000,0.05903,0.01774,0.00609,0.71660
0.23060,0.03085,0.00000,0.02127,0.09622,0.02138,0.59968
0.33759,0.01505,0.00000,0.03643,0.04881,0.00018,0.56194
0.19091,0.05484,0.00001,0.00073,0.02018,0.03443,0.69890
0.15729,0.04371,0.00000,0.05151,0.16716,0.02533,0.55500
0.31634,0.00279,0.00001,0.04437,0.00933,0.00389,0.62326
0.06224,0.07608,0.00000,0.01031,0.00875,0.01944,0.82317
0.12992,0.06503,0.00006,0.00168,0.12965,0.00021,0.67346
0.22102,0.12710,0.00001,0.03234,0.00065,0.02212,0.59677
0.32686,0.04793,0.03762,0.04702,0.05100,0.10705,0.38252
0.15675,0.04878,0.00012,0.06884,0.02306,0.08293,0.61952
0.14422,0.03975,0.00000,0.00031,0.06377,0.00155,0.75040
0.05176,0.09780,0.00291,0.04816,0.07098,0.03265,0.69574
0.18922,0.11745,0.00001,0.00123,0.05061,0.08047,0.56100
0.18328,0.14108,0.00000,0.01985,0.00179,0.06491,0.58909
0.10844,0.03093,0.00001,0.04424,0.27744,0.04262,0.49633
0.02796,0.01220,0.00043,0.05026,0.01096,0.02529,0.87290
0.07059,0.05256,0.08077,0.07093,0.05760,0.06216,0.60539
0.15344,0.02540,0.00011,0.10577,0.03068,0.01406,0.67054
0.09542,0.06180,0.00000,0.16902,0.06078,0.08419,0.52880
0.12405,0.06073,0.00001,0.07834,0.05914,0.00237,0.67536
0.10265,0.19202,0.06103,0.02348,0.07754,0.00004,0.54323
0.02728,0.12180,0.00353,0.00233,0.01248,0.02871,0.80386
0.09948,0.07389,0.00186,0.02793,0.02362,0.00946,0.76376
0.08131,0.06038,0.00098,0.04207,0.02287,0.03865,0.75373
0.07300,0.03118,0.00951,0.02339,0.01932,0.09512,0.74847
0.16174,0.00484,0.00004,0.00048,0.06964,0.01700,0.74626
0.02545,0.03504,0.00000,0.29307,0.12296,0.04779,0.47570
0.11528,0.10672,0.00022,0.06191,0.01774,0.10547,0.59265
0.12898,0.02628,0.00000,0.01817,0.03038,0.10402,0.69217
0.04244,0.02176,0.00372,0.00124,0.18862,0.00193,0.74028
0.03553,0.19019,0.00000,0.00159,0.01757,0.00009,0.75503
0.12702,0.02172,0.00000,0.05334,0.06633,0.00802,0.72357
0.14008,0.31036,0.00630,0.00251,0.01959,0.00018,0.52098
0.10385,0.09479,0.00005,0.00723,0.02315,0.02894,0.74200
0.15887,0.03256,0.00052,0.02047,0.00586,0.02720,0.75452
0.15206,0.15308,0.00000,0.16145,0.03340,0.00159,0.49842
0.27848,0.04337,0.00000,0.20374,0.08770,0.00049,0.38622
0.26170,0.00149,0.00097,0.00084,0.01849,0.00478,0.71173
0.11528,0.05745,0.00000,0.04105,0.07196,0.00006,0.71420
0.21394,0.03923,0.00322,0.03561,0.05068,0.05396,0.60336
0.11136,0.06453,0.00000,0.04809,0.01586,0.02270,0.73746
0.07636,0.03351,0.00000,0.04199,0.04633,0.02827,0.77353
0.13701,0.04399,0.00232,0.00304,0.00985,0.00355,0.80024
0.24075,0.11905,0.00000,0.04194,0.00936,0.00144,0.58747
0.09446,0.08749,0.00001,0.03477,0.02052,0.01519,0.74755
0.05518,0.00371,0.00492,0.04491,0.06720,0.00151,0.82256
0.41802,0.05111,0.00002,0.01375,0.00214,0.00011,0.51485
0.13628,0.10495,0.00000,0.00994,0.03438,0.00120,0.71325
0.13646,0.13628,0.00000,0.03821,0.17667,0.03555,0.47684
0.27543,0.00583,0.00000,0.01020,0.04635,0.12250,0.53968
0.20763,0.05544,0.00002,0.08161,0.02442,0.01112,0.61976
0.27518,0.14650,0.00000,0.01251,0.15285,0.02763,0.38533
0.09680,0.03484,0.00882,0.10655,0.00138,0.00171,0.74989
0.09255,0.13400,0.00106,0.07988,0.05924,0.02069,0.61259
0.15578,0.14038,0.00736,0.06906,0.04770,0.00218,0.57755
0.02848,0.05364,0.00442,0.14611,0.00177,0.00644,0.75914
0.10143,0.05195,0.00006,0.05571,0.01858,0.05051,0.72176
0.13555,0.12125,0.00000,0.01386,0.10607,0.00590,0.61737
0.08011,0.03927,0.00022,0.13646,0.00219,0.06897,0.67278
0.04028,0.06587,0.06948,0.01037,0.13648,0.06368,0.61384
0.10784,0.02671,0.00000,0.01274,0.03237,0.00282,0.81751
0.15855,0.14386,0.00289,0.00624,0.12223,0.06581,0.50042
0.18078,0.04305,0.00000,0.13791,0.03987,0.00574,0.59265
0.19815,0.14086,0.00000,0.00748,0.04195,0.07454,0.53701
0.02609,0.01988,0.00004,0.05335,0.00995,0.00161,0.88907
0.09048,0.00770,0.00000,0.11753,0.08186,0.01559,0.68685
0.10328,0.01683,0.00003,0.05941,0.02088,0.03737,0.76221
0.04946,0.04747,0.00061,0.01491,0.01481,0.00611,0.86662
0.07798,0.09934,0.00000,0.03322,0.00114,0.16051,0.62780
0.03098,0.15337,0.00001,0.02175,0.10129,0.00061,0.69199
0.03903,0.14541,0.00000,0.11757,0.18005,0.00036,0.51757
0.07420,0.10068,0.00009,0.05174,0.11131,0.00031,0.66169
0.25862,0.03087,0.00000,0.14782,0.01834,0.00981,0.53454
0.08009,0.13828,0.04801,0.01246,0.00977,0.14655,0.56485
0.15759,0.08217,0.00000,0.02630,0.13564,0.00002,0.59829
0.07887,0.18980,0.00000,0.21429,0.05205,0.01625,0.44873
0.25735,0.03598,0.00000,0.01881,0.13880,0.02526,0.52380
0.14154,0.06429,0.00000,0.00611,0.01788,0.03213,0.73805
0.13179,0.04874,0.03874,0.00851,0.10679,0.02718,0.63824
0.18213,0.09567,0.00000,0.05116,0.07611,0.00618,0.58874
0.27699,0.02386,0.00000,0.03130,0.11742,0.02948,0.52094
0.13610,0.03161,0.00811,0.04349,0.22403,0.00059,0.55608
0.23978,0.22387,0.00000,0.00794,0.09190,0.00023,0.43627
0.25214,0.01146,0.00000,0.00452,0.11039,0.02910,0.59239
0.11141,0.06224,0.00000,0.07839,0.01298,0.14691,0.58808
0.15487,0.02952,0.00000,0.25116,0.02137,0.07381,0.46927
0.15453,0.23060,0.00000,0.13313,0.02305,0.00031,0.45838
0.19433,0.01573,0.00000,0.16892,0.07445,0.00282,0.54375
0.14196,0.19634,0.00000,0.18956,0.01950,0.00041,0.45223
0.10727,0.06075,0.00000,0.21608,0.01446,0.02095,0.58049
0.16426,0.29638,0.09546,0.02812,0.00020,0.01107,0.40452
0.04735,0.09497,0.00225,0.04029,0.20683,0.04187,0.56644
0.10359,0.04828,0.00170,0.00561,0.03059,0.03410,0.77613
0.18890,0.05014,0.00002,0.00730,0.13905,0.02911,0.58547
0.12109,0.15544,0.00003,0.05517,0.01457,0.04040,0.61330
0.08953,0.00405,0.00000,0.16905,0.07748,0.00408,0.65581
0.16879,0.05303,0.00002,0.00723,0.14772,0.09977,0.52344
0.00550,0.10351,0.02507,0.02681,0.10241,0.00044,0.73626
0.18142,0.06673,0.00000,0.00501,0.00189,0.13405,0.61090
0.30252,0.03613,0.00003,0.04045,0.07696,0.10644,0.43747
0.08709,0.04713,0.00001,0.11712,0.00734,0.00313,0.73818
0.11483,0.01163,0.00000,0.10890,0.05138,0.01645,0.69683
0.23365,0.05741,0.00000,0.07041,0.00759,0.01319,0.61776
0.11269,0.12606,0.00048,0.08670,0.11516,0.00678,0.55214
0.16761,0.02702,0.00001,0.08414,0.00866,0.02087,0.69169
0.07168,0.12306,0.00000,0.08823,0.01926,0.09646,0.60132
0.20538,0.18821,0.01766,0.07666,0.05671,0.00458,0.45081
0.14168,0.17405,0.00000,0.13874,0.02818,0.00000,0.51736
0.06847,0.01430,0.00014,0.10218,0.04863,0.19762,0.56866
0.11988,0.05817,0.00000,0.26315,0.00772,0.07761,0.47348
0.03407,0.00414,0.00000,0.05109,0.00291,0.02179,0.88600
0.15235,0.17001,0.00000,0.17951,0.01613,0.02053,0.46146
0.02935,0.03857,0.00000,0.00748,0.06030,0.04404,0.82026
0.23872,0.08497,0.00000,0.11543,0.01853,0.00982,0.53253
0.23152,0.01410,0.00013,0.09120,0.07279,0.01113,0.57914
0.26128,0.00549,0.01252,0.01410,0.00545,0.01892,0.68224
0.08525,0.21452,0.00000,0.02118,0.00101,0.09832,0.57973
0.18374,0.09361,0.00001,0.00513,0.02271,0.00076,0.69405
0.12891,0.00995,0.00351,0.30677,0.01187,0.01983,0.51916
0.05239,0.02463,0.00143,0.12223,0.02346,0.00063,0.77522
0.12435,0.05295,0.00000,0.11301,0.03357,0.04901,0.62711
0.06734,0.12459,0.00000,0.02394,0.00228,0.00004,0.78181
0.14096,0.03834,0.00423,0.02264,0.01343,0.00006,0.78035
0.27054,0.07124,0.06166,0.03055,0.02985,0.00553,0.53062
0.37283,0.04814,0.00002,0.03016,0.25135,0.01809,0.27941
0.10220,0.06176,0.00007,0.05923,0.05759,0.00010,0.71905
