0.00679,0.00730,0.97260,0.01331
0.13845,0.13860,0.40049,0.32246
0.02984,0.03325,0.85448,0.08242
0.15899,0.17154,0.49385,0.17562
0.16535,0.17382,0.52212,0.13871
0.01515,0.01311,0.06668,0.90506
0.03258,0.03033,0.67761,0.25948
0.03176,0.03282,0.40725,0.52818
0.04116,0.21222,0.52313,0.22350
0.18229,0.19568,0.58884,0.03320
0.01272,0.01441,0.95439,0.01848
0.14667,0.16051,0.48053,0.21228
0.16194,0.01428,0.30751,0.51627
0.30856,0.31808,0.35642,0.01693
0.28371,0.28765,0.34855,0.08009
0.06757,0.07277,0.78212,0.07753
0.12456,0.13449,0.63644,0.10450
0.02392,0.02699,0.91214,0.03695
0.23853,0.24230,0.46506,0.05411
0.24032,0.25652,0.41800,0.08516
0.10361,0.11039,0.23338,0.55263
0.17005,0.18145,0.50987,0.13862
0.21167,0.12648,0.61667,0.04518
0.07466,0.07314,0.78878,0.06342
0.05563,0.06096,0.69603,0.18738
0.05699,0.05507,0.81530,0.07263
0.22465,0.18659,0.55924,0.02952
0.17200,0.16694,0.63375,0.02731
0.19909,0.27115,0.49567,0.03409
0.06827,0.06419,0.82711,0.04044
0.06930,0.06969,0.78543,0.07558
0.09742,0.09613,0.54389,0.26256
0.30470,0.36916,0.21072,0.11541
0.05248,0.05042,0.83844,0.05866
0.09413,0.09284,0.29339,0.51964
0.13751,0.17732,0.64027,0.04489
0.15577,0.15446,0.45978,0.22999
0.28631,0.28338,0.37998,0.05033
0.02103,0.02232,0.70413,0.25252
0.04395,0.50190,0.26871,0.18544
0.06560,0.06428,0.78170,0.08842
0.11282,0.12416,0.62724,0.13579
0.06277,0.05728,0.47765,0.40231
0.05393,0.06120,0.54710,0.33776
0.20275,0.16984,0.56035,0.06706
0.15471,0.19292,0.56023,0.09214
0.04098,0.04875,0.72960,0.18067
0.06454,0.07462,0.62708,0.23376
0.04693,0.04312,0.70571,0.20424
0.03678,0.03627,0.60115,0.32579
0.03721,0.04071,0.63563,0.28646
0.14645,0.14552,0.24790,0.46013
0.06167,0.01628,0.57966,0.34239
0.03227,0.02781,0.33012,0.60979
0.03964,0.04173,0.57088,0.34775
0.33326,0.33826,0.26544,0.06304
0.25525,0.26230,0.44858,0.03387
0.07659,0.08329,0.80769,0.03243
0.09482,0.10132,0.38064,0.42321
0.23591,0.23725,0.50500,0.02185
0.03212,0.03719,0.72853,0.20216
0.04247,0.04511,0.89554,0.01688
0.36223,0.15258,0.34742,0.13777
0.06499,0.06974,0.23392,0.63134
0.06109,0.24981,0.52052,0.16858
0.23153,0.22487,0.48175,0.06185
0.16283,0.17367,0.22105,0.44246
0.05617,0.05484,0.27126,0.61773
0.02010,0.02216,0.92950,0.02824
0.02099,0.06470,0.63299,0.28131
0.19254,0.16510,0.45468,0.18767
0.01594,0.00540,0.14955,0.82911
0.03324,0.03189,0.89421,0.04066
0.04874,0.02596,0.75682,0.16848
0.07335,0.06906,0.24653,0.61106
0.02271,0.02169,0.84754,0.10807
0.36324,0.36206,0.24190,0.03280
0.38070,0.38563,0.19581,0.03786
0.10720,0.10625,0.74152,0.04502
0.06579,0.06172,0.80189,0.07060
0.06737,0.05399,0.65804,0.22060
0.25336,0.26772,0.30478,0.17415
0.03782,0.03978,0.80170,0.12070
0.04939,0.02728,0.56184,0.36149
0.06560,0.07006,0.74621,0.11813
0.09994,0.10402,0.14763,0.64841
0.03991,0.04539,0.47631,0.43839
0.02313,0.02350,0.71455,0.23881
0.10158,0.10731,0.70542,0.08569
0.01051,0.01084,0.74180,0.23685
0.03086,0.03272,0.52459,0.41182
0.05248,0.04844,0.66310,0.23598
0.16737,0.16815,0.61591,0.04857
0.11023,0.11290,0.44661,0.33026
0.27262,0.29636,0.38154,0.04949
0.28354,0.26098,0.38884,0.06663
0.08571,0.08534,0.36988,0.45907
0.19015,0.18229,0.60713,0.02043
0.01936,0.02014,0.89768,0.06282
0.05472,0.05020,0.66249,0.23259
0.32845,0.32701,0.27037,0.07417
0.04738,0.04563,0.85104,0.05596
0.16188,0.16323,0.62520,0.04968
0.02508,0.02990,0.90067,0.04435
0.12634,0.13873,0.37550,0.35943
0.08661,0.09200,0.73650,0.08490
0.07671,0.08035,0.52548,0.31746
0.03214,0.03234,0.82500,0.11052
0.03421,0.24972,0.59086,0.12521
0.14999,0.02051,0.67259,0.15691
0.04795,0.59634,0.22596,0.12975
0.22586,0.23548,0.52158,0.01707
0.04820,0.05383,0.79184,0.10614
0.24107,0.24153,0.45360,0.06379
0.04242,0.04498,0.83439,0.07821
0.10016,0.10643,0.72792,0.06549
0.03599,0.18142,0.33007,0.45252
0.02053,0.02504,0.92212,0.03231
0.30631,0.01550,0.57955,0.09864
0.01962,0.02292,0.74881,0.20866
0.31762,0.33091,0.27153,0.07994
0.06994,0.06953,0.80850,0.05203
0.09900,0.11354,0.72991,0.05754
0.10847,0.12586,0.45221,0.31346
0.02785,0.02539,0.61737,0.32939
0.46680,0.06358,0.31675,0.15288
0.11205,0.11503,0.74478,0.02814
0.15550,0.14901,0.53139,0.16410
0.03167,0.02654,0.83178,0.11001
0.02463,0.02595,0.78051,0.16891
0.06469,0.05564,0.60366,0.27602
0.01924,0.02035,0.65797,0.30243
0.04217,0.04516,0.85042,0.06225
0.07355,0.07123,0.73049,0.12473
0.01768,0.01724,0.68807,0.27701
0.02269,0.02638,0.72568,0.22526
0.32311,0.31829,0.20873,0.14988
0.03870,0.38703,0.52327,0.05100
0.28526,0.28238,0.11221,0.32015
0.06498,0.06586,0.66701,0.20215
0.02556,0.01744,0.70833,0.24866
0.04341,0.04116,0.83180,0.08363
0.03705,0.03817,0.88706,0.03771
0.03213,0.03085,0.85971,0.07731
0.06495,0.07015,0.23118,0.63371
0.35273,0.36133,0.22745,0.05850
0.10153,0.10379,0.37821,0.41646
0.17709,0.14482,0.35418,0.32391
0.30433,0.31017,0.34316,0.04234
0.13578,0.14253,0.28487,0.43682
0.17886,0.17880,0.58153,0.06080
0.05340,0.05579,0.64101,0.24979
0.12431,0.12621,0.36186,0.38762
0.35331,0.08576,0.51225,0.04868
0.01714,0.55999,0.39956,0.02331
0.05128,0.04962,0.16625,0.73285
0.12172,0.16571,0.67366,0.03891
0.14136,0.14059,0.67697,0.04108
0.03976,0.04447,0.25195,0.66383
0.24920,0.24532,0.18895,0.31652
0.02184,0.02351,0.88989,0.06476
0.18618,0.18243,0.58941,0.04198
0.10916,0.11734,0.50192,0.27159
0.09914,0.09917,0.58277,0.21892
0.18441,0.18268,0.53920,0.09371
0.02693,0.02766,0.72139,0.22402
0.08027,0.07454,0.34404,0.50116
0.11532,0.11339,0.59937,0.17193
0.09670,0.09429,0.40261,0.40640
0.08981,0.09335,0.73061,0.08622
0.02399,0.02737,0.14445,0.80419
0.07030,0.05816,0.66141,0.21013
0.22609,0.22935,0.24552,0.29903
0.12378,0.14122,0.61652,0.11848
0.26804,0.26838,0.39470,0.06888
0.11834,0.11142,0.52669,0.24355
0.38685,0.38258,0.14744,0.08314
0.03552,0.04245,0.45328,0.46875
0.06833,0.07419,0.08248,0.77499
0.09660,0.09555,0.77460,0.03324
0.03742,0.03874,0.82615,0.09768
0.07384,0.08097,0.50390,0.34128
0.02456,0.02437,0.18912,0.76195
0.20349,0.23957,0.39236,0.16458
0.28126,0.27954,0.41088,0.02832
0.24528,0.24051,0.29320,0.22101
0.20628,0.38462,0.28902,0.12008
0.23233,0.22618,0.22449,0.31700
0.09952,0.11172,0.62404,0.16472
0.05827,0.05628,0.45856,0.42690
0.03361,0.03876,0.87404,0.05359
0.11932,0.12029,0.73459,0.02579
0.12326,0.12855,0.52996,0.21823
0.10381,0.12521,0.37474,0.39624
0.11560,0.11897,0.66234,0.10309
0.06759,0.07100,0.64931,0.21210
0.10731,0.11429,0.68983,0.08857
0.11335,0.11149,0.73410,0.04106
0.10591,0.10992,0.68071,0.10345
0.07357,0.06977,0.31347,0.54318
0.04797,0.04735,0.81332,0.09136
0.23792,0.23793,0.44223,0.08192
0.13322,0.14307,0.38339,0.34033
0.14762,0.15354,0.60301,0.09582
0.09419,0.10002,0.42091,0.38489
0.08880,0.06346,0.68809,0.15964
0.25925,0.25888,0.42655,0.05532
0.11061,0.05176,0.52624,0.31139
0.16426,0.19797,0.43313,0.20464
0.03583,0.03572,0.22300,0.70545
0.03461,0.03280,0.53223,0.40036
0.31217,0.25025,0.28077,0.15681
0.13903,0.14590,0.63106,0.08400
0.17584,0.13965,0.32841,0.35610
0.08967,0.09103,0.47241,0.34690
0.03531,0.06864,0.46550,0.43055
0.02391,0.02752,0.90111,0.04746
0.03435,0.04056,0.90499,0.02010
0.10729,0.11810,0.32273,0.45188
0.03660,0.28848,0.64750,0.02743
0.10729,0.10133,0.65825,0.13313
0.41385,0.06201,0.46324,0.06089
0.08767,0.10160,0.54222,0.26850
0.12469,0.15896,0.55220,0.16415
0.24068,0.25221,0.28336,0.22376
0.01785,0.08682,0.86372,0.03161
0.18671,0.19123,0.41399,0.20807
0.24360,0.24336,0.38710,0.12594
0.02049,0.02461,0.37057,0.58433
0.08440,0.09025,0.24998,0.57537
0.36615,0.36639,0.17460,0.09286
0.06227,0.05802,0.82773,0.05198
0.03815,0.04130,0.89001,0.03055
0.06664,0.06892,0.36771,0.49672
0.30102,0.34074,0.27759,0.08064
0.04158,0.11266,0.72515,0.12062
0.06134,0.06719,0.38123,0.49024
0.20181,0.22364,0.43102,0.14353
0.03623,0.03355,0.80635,0.12386
0.05536,0.05414,0.81366,0.07685
0.01937,0.01863,0.84313,0.11886
0.23205,0.27797,0.25947,0.23051
0.04939,0.05368,0.85016,0.04677
0.06306,0.06587,0.29803,0.57304
0.08464,0.08498,0.65720,0.17317
0.28856,0.29396,0.22640,0.19108
0.03513,0.03539,0.79577,0.13371
0.32208,0.33744,0.28697,0.05351
0.01274,0.01269,0.94988,0.02469
0.11436,0.11261,0.68220,0.09083
0.19768,0.16461,0.33120,0.30651
0.06464,0.06991,0.44182,0.42363
0.04582,0.04488,0.77653,0.13277
0.14664,0.15009,0.44685,0.25642
0.04895,0.05109,0.29721,0.60276
0.05247,0.05079,0.42729,0.46945
0.04904,0.05062,0.60265,0.29769
0.04699,0.04809,0.46637,0.43855
0.31995,0.30763,0.17240,0.20002
0.10124,0.05788,0.75530,0.08559
0.30570,0.30343,0.32784,0.06302
0.23344,0.22749,0.32623,0.21284
0.09730,0.09713,0.24049,0.56508
0.13937,0.14116,0.38571,0.33376
0.08867,0.08539,0.59526,0.23069
0.17816,0.17144,0.45465,0.19575
0.02609,0.02951,0.62550,0.31890
0.05731,0.05635,0.50401,0.38233
0.12781,0.01115,0.60592,0.25512
0.01767,0.07462,0.57679,0.33091
0.26293,0.27026,0.27203,0.19479
0.08317,0.08522,0.32518,0.50644
0.15843,0.03011,0.61508,0.19638
0.09235,0.09131,0.48029,0.33604
0.17602,0.06020,0.65985,0.10393
0.19495,0.19125,0.43093,0.18287
0.04605,0.04396,0.42997,0.48002
0.01988,0.02110,0.13594,0.82308
0.20160,0.19518,0.16650,0.43671
0.21307,0.21197,0.51256,0.06240
0.04715,0.01967,0.90033,0.03285
0.19472,0.19994,0.43493,0.17041
0.13434,0.12796,0.70163,0.03607
0.23502,0.28564,0.43363,0.04570
0.09114,0.06417,0.60412,0.24057
0.16873,0.42214,0.30189,0.10723
0.18578,0.18285,0.55628,0.07509
0.03133,0.02245,0.77637,0.16985
0.06341,0.06854,0.37354,0.49452
0.09898,0.10440,0.70411,0.09251
0.06600,0.07220,0.57149,0.29031
0.07336,0.06643,0.75880,0.10142
0.37602,0.03653,0.49116,0.09629
0.28300,0.28571,0.32765,0.10365
0.14230,0.15453,0.61707,0.08610
0.05091,0.42238,0.32579,0.20092
0.13391,0.14381,0.51732,0.20495
0.05449,0.05559,0.62989,0.26003
0.07766,0.07182,0.81091,0.03961
0.06922,0.07752,0.25921,0.59406
