0.01545,0.01711,0.08937,0.01569,0.11469,0.01481,0.02354,0.02773,0.01404,0.01757,0.25241,0.01407,0.03365,0.02134,0.16569,0.01758,0.02573,0.04257,0.03455,0.04241
0.02413,0.01982,0.23228,0.02508,0.26305,0.02133,0.03103,0.01658,0.02206,0.01704,0.06224,0.00891,0.07197,0.02590,0.01761,0.01723,0.02113,0.03750,0.02969,0.03540
0.03181,0.03737,0.13787,0.02025,0.24182,0.02235,0.01939,0.02718,0.02639,0.02403,0.03137,0.00892,0.04734,0.03311,0.00746,0.04264,0.03282,0.03104,0.03880,0.13804
0.02953,0.01050,0.24726,0.01043,0.24869,0.01095,0.01393,0.00780,0.01627,0.01089,0.11966,0.00947,0.03892,0.04827,0.00901,0.10849,0.01093,0.02409,0.00857,0.01634
0.02351,0.01759,0.14275,0.03476,0.18649,0.02048,0.03059,0.02763,0.02043,0.01817,0.08363,0.01656,0.03621,0.10538,0.03011,0.00893,0.04361,0.03462,0.07166,0.04689
0.04215,0.02484,0.06712,0.02963,0.07043,0.03040,0.03171,0.02053,0.03964,0.02460,0.12797,0.01480,0.12329,0.05274,0.04064,0.01618,0.03260,0.13617,0.03360,0.04096
0.10865,0.02481,0.09944,0.04378,0.09494,0.03591,0.02733,0.01983,0.05523,0.03091,0.09202,0.01835,0.04972,0.05665,0.03547,0.02406,0.03567,0.03278,0.05235,0.06208
0.01562,0.01369,0.12233,0.01918,0.45630,0.01586,0.02845,0.01641,0.02102,0.01782,0.04646,0.01662,0.02396,0.05880,0.01503,0.01381,0.01854,0.03158,0.02618,0.02234
0.03410,0.02842,0.10674,0.02804,0.09492,0.02520,0.03356,0.02885,0.02697,0.02663,0.23823,0.02659,0.02397,0.06154,0.06221,0.01801,0.02833,0.02405,0.02983,0.05382
0.05047,0.02331,0.09136,0.02911,0.07959,0.03117,0.02997,0.02529,0.04579,0.02603,0.09402,0.04322,0.03342,0.17325,0.02797,0.08752,0.02453,0.02870,0.02132,0.03396
0.01618,0.02067,0.04958,0.02152,0.05501,0.01688,0.02695,0.01802,0.01457,0.01979,0.39206,0.01415,0.03357,0.05603,0.02248,0.01015,0.04083,0.03600,0.07110,0.06448
0.01650,0.01971,0.25392,0.01527,0.30913,0.01607,0.01947,0.01399,0.02154,0.01385,0.03811,0.03542,0.01830,0.04710,0.03941,0.02909,0.02064,0.02030,0.01693,0.03524
0.08153,0.03387,0.10624,0.03474,0.12075,0.04016,0.04083,0.03315,0.03413,0.06492,0.10516,0.02363,0.02383,0.07086,0.07625,0.02724,0.01881,0.02304,0.01465,0.02622
0.04277,0.03060,0.11838,0.03222,0.07821,0.03148,0.02739,0.04879,0.03128,0.04305,0.04022,0.07981,0.02621,0.10902,0.04409,0.01473,0.05317,0.02038,0.07422,0.05397
0.03623,0.02682,0.24910,0.03340,0.17783,0.02992,0.03016,0.03534,0.03530,0.03055,0.02782,0.04953,0.02291,0.05119,0.02894,0.01397,0.02684,0.01429,0.04813,0.03174
0.03077,0.02378,0.27472,0.02043,0.22649,0.02229,0.02399,0.02230,0.02123,0.02730,0.05584,0.04358,0.01086,0.06646,0.03034,0.04466,0.01306,0.01043,0.01209,0.01938
0.01734,0.01439,0.05503,0.01723,0.06866,0.01399,0.02531,0.02564,0.01431,0.01867,0.09703,0.02573,0.09207,0.06183,0.11073,0.01432,0.02527,0.25315,0.02510,0.02418
0.02179,0.01858,0.13791,0.01424,0.18014,0.01599,0.02589,0.02757,0.02571,0.02037,0.03664,0.02327,0.04103,0.03383,0.24435,0.01454,0.01948,0.05454,0.01967,0.02446
0.01485,0.01183,0.05331,0.01096,0.05383,0.01180,0.01746,0.01201,0.01409,0.01114,0.13779,0.03112,0.01316,0.05008,0.49230,0.01102,0.01274,0.01223,0.01148,0.01681
0.02570,0.01886,0.08284,0.02431,0.07500,0.01771,0.02616,0.01818,0.02366,0.01985,0.36085,0.01470,0.04904,0.04965,0.02399,0.01873,0.02547,0.03925,0.04012,0.04592
0.02863,0.02341,0.09303,0.02997,0.09311,0.02329,0.03537,0.02398,0.03347,0.02535,0.20349,0.02503,0.02650,0.03960,0.15148,0.02602,0.02571,0.02488,0.03212,0.03557
0.02244,0.02335,0.08030,0.02849,0.06980,0.02369,0.02931,0.02474,0.03011,0.02272,0.04387,0.09175,0.01721,0.20804,0.01656,0.12457,0.03270,0.01495,0.03076,0.06465
0.02789,0.02160,0.08606,0.02386,0.09615,0.02028,0.02526,0.01954,0.02507,0.02016,0.21786,0.02409,0.08842,0.05349,0.07906,0.03148,0.02554,0.04422,0.03451,0.03545
0.02157,0.01951,0.16045,0.01679,0.30938,0.01443,0.01833,0.01437,0.01999,0.01558,0.04537,0.02065,0.07566,0.04690,0.07129,0.00859,0.02085,0.04197,0.01933,0.03898
0.01630,0.01514,0.05536,0.01515,0.06901,0.01432,0.02003,0.01554,0.01487,0.01342,0.27056,0.01504,0.09689,0.04189,0.05683,0.00790,0.02845,0.16781,0.03303,0.03247
0.03187,0.02722,0.18242,0.02264,0.24471,0.01902,0.02735,0.02337,0.02036,0.02770,0.02554,0.02750,0.02164,0.03355,0.16611,0.01002,0.01879,0.01699,0.02557,0.02763
0.01236,0.01408,0.15029,0.01211,0.34148,0.01137,0.01906,0.01678,0.01626,0.01677,0.09731,0.01811,0.02189,0.05002,0.08939,0.01178,0.02080,0.03339,0.02197,0.02475
0.02592,0.01571,0.10886,0.02142,0.11252,0.01733,0.02087,0.01890,0.02617,0.01918,0.02936,0.01476,0.35010,0.02726,0.02314,0.02077,0.01707,0.08086,0.02506,0.02475
0.01902,0.01764,0.07538,0.03107,0.07038,0.01990,0.02238,0.02057,0.01798,0.01617,0.28361,0.00994,0.03204,0.03119,0.02834,0.01718,0.05204,0.03041,0.08015,0.12460
0.01063,0.01054,0.03539,0.01004,0.03589,0.00990,0.01430,0.01618,0.01061,0.01225,0.03678,0.02574,0.03955,0.02560,0.60634,0.01217,0.01497,0.03859,0.01548,0.01904
0.03667,0.03084,0.13313,0.02908,0.14379,0.02623,0.03494,0.02540,0.02708,0.02995,0.18289,0.04094,0.01439,0.08669,0.03751,0.05294,0.01588,0.01554,0.01382,0.02228
0.03647,0.02204,0.12493,0.03228,0.14913,0.02308,0.02581,0.02567,0.02658,0.02221,0.09996,0.02041,0.04562,0.08148,0.04673,0.01287,0.04061,0.03379,0.05868,0.07165
0.03437,0.02835,0.06543,0.03593,0.06173,0.02879,0.03088,0.02765,0.03085,0.02763,0.09249,0.03504,0.04231,0.20476,0.02778,0.01027,0.04368,0.03366,0.08631,0.05210
0.01314,0.01673,0.08842,0.02208,0.08867,0.01700,0.02929,0.01840,0.01520,0.01846,0.09368,0.02368,0.01928,0.42709,0.01464,0.01200,0.01802,0.01886,0.02112,0.02424
0.02639,0.03537,0.08851,0.03633,0.12476,0.02884,0.05784,0.04648,0.02685,0.04282,0.02882,0.03868,0.08963,0.04960,0.02341,0.01766,0.04509,0.08227,0.07289,0.03775
0.02960,0.02231,0.09576,0.02776,0.09201,0.02337,0.03593,0.02006,0.02873,0.02346,0.04002,0.02206,0.04015,0.03539,0.25922,0.02939,0.03477,0.04304,0.03602,0.06094
0.02461,0.01563,0.20945,0.01933,0.32521,0.01812,0.01961,0.01495,0.03032,0.01444,0.04295,0.01128,0.05024,0.02788,0.03470,0.01662,0.02245,0.04824,0.02653,0.02743
0.01273,0.00916,0.04393,0.00981,0.04396,0.00955,0.01392,0.00927,0.01374,0.00929,0.26419,0.01291,0.01791,0.04273,0.01380,0.41949,0.01060,0.01590,0.00782,0.01927
0.03316,0.02814,0.11217,0.02768,0.08800,0.02341,0.03607,0.02872,0.02788,0.02210,0.21660,0.01466,0.03507,0.08515,0.04603,0.01320,0.03596,0.04446,0.03190,0.04962
0.02621,0.01946,0.18400,0.02309,0.19477,0.01660,0.01971,0.01923,0.02170,0.02161,0.02306,0.01639,0.15786,0.03048,0.01873,0.01418,0.03053,0.09736,0.03538,0.02966
0.03409,0.02332,0.15505,0.02574,0.20431,0.02324,0.03091,0.02058,0.02428,0.02408,0.09818,0.01979,0.04141,0.08905,0.03030,0.01240,0.02925,0.02184,0.04720,0.04499
0.01953,0.01789,0.10186,0.01205,0.16963,0.01291,0.02069,0.01793,0.01944,0.01505,0.10361,0.00938,0.14333,0.02424,0.02971,0.01386,0.01927,0.20683,0.01488,0.02790
0.00997,0.00985,0.14040,0.00734,0.42501,0.00717,0.01119,0.01025,0.00897,0.00911,0.02661,0.02197,0.01327,0.01951,0.21163,0.01074,0.01090,0.01708,0.01041,0.01863
0.03830,0.02254,0.17209,0.02406,0.15145,0.02561,0.03006,0.02348,0.02473,0.02362,0.03634,0.03389,0.06407,0.11348,0.02101,0.01059,0.03720,0.04801,0.05301,0.04646
0.04767,0.01584,0.19587,0.01638,0.08897,0.01509,0.01518,0.01631,0.02705,0.01483,0.08185,0.01103,0.23529,0.02993,0.04987,0.01926,0.02012,0.04628,0.01349,0.03970
0.02301,0.01807,0.11753,0.02344,0.36235,0.01809,0.02883,0.01827,0.02221,0.01993,0.04201,0.04100,0.02615,0.06489,0.03013,0.02526,0.02139,0.02965,0.03612,0.03167
0.01941,0.01463,0.23865,0.01282,0.35018,0.01635,0.01520,0.01304,0.01559,0.01807,0.04657,0.01520,0.02374,0.05287,0.01150,0.01541,0.02260,0.01730,0.03146,0.04943
0.01213,0.01028,0.05777,0.00976,0.06064,0.00998,0.01399,0.01050,0.01062,0.00953,0.26667,0.02060,0.01114,0.04028,0.39185,0.00875,0.01246,0.01338,0.01126,0.01841
0.02052,0.03963,0.06820,0.02393,0.09332,0.02855,0.05123,0.05090,0.02698,0.03504,0.03387,0.04459,0.11271,0.04838,0.04727,0.01742,0.05246,0.12543,0.04180,0.03776
0.12498,0.02306,0.07999,0.01897,0.08810,0.02194,0.01866,0.02024,0.07690,0.02256,0.09798,0.01690,0.14573,0.03539,0.04218,0.04355,0.01605,0.06624,0.01616,0.02441
0.01741,0.01993,0.11633,0.01794,0.28505,0.01616,0.02519,0.01459,0.01656,0.02085,0.15289,0.02256,0.02107,0.10421,0.02847,0.01459,0.02156,0.03087,0.02263,0.03114
0.01923,0.02666,0.13166,0.02702,0.22103,0.02439,0.03834,0.02861,0.02180,0.02018,0.10744,0.01920,0.04527,0.03893,0.04821,0.02204,0.03161,0.05186,0.03811,0.03841
0.01133,0.01153,0.05146,0.01014,0.05958,0.00861,0.01601,0.01371,0.01073,0.01214,0.14623,0.02764,0.01729,0.03714,0.49199,0.01418,0.01307,0.01723,0.01224,0.01776
0.02883,0.01920,0.05981,0.02778,0.05946,0.01865,0.02527,0.03334,0.02130,0.02309,0.07667,0.02006,0.16719,0.03390,0.03776,0.02039,0.02973,0.22445,0.04531,0.02781
0.00907,0.00911,0.13243,0.00673,0.46310,0.00845,0.01325,0.01157,0.00807,0.01085,0.15456,0.01395,0.01493,0.06447,0.01244,0.02260,0.00818,0.01794,0.00802,0.01027
0.07776,0.03319,0.08557,0.03610,0.07154,0.02993,0.03765,0.04086,0.04895,0.03605,0.07823,0.02007,0.07638,0.06130,0.06514,0.01835,0.03903,0.05334,0.02831,0.06227
0.02529,0.01965,0.06793,0.02624,0.07722,0.02150,0.02375,0.02083,0.02132,0.02465,0.04265,0.02710,0.18145,0.03631,0.10359,0.01708,0.05029,0.07061,0.06481,0.07774
0.13186,0.01792,0.06158,0.02805,0.05658,0.02471,0.02395,0.01953,0.05673,0.01921,0.04076,0.01738,0.23784,0.02404,0.06631,0.03411,0.02515,0.03931,0.02979,0.04518
0.02061,0.01915,0.09121,0.01978,0.10035,0.01911,0.01980,0.02236,0.01894,0.01568,0.19301,0.05876,0.02084,0.08054,0.19005,0.02452,0.01897,0.02221,0.02119,0.02291
0.02228,0.04945,0.07435,0.03538,0.14425,0.03225,0.06682,0.03400,0.01961,0.03062,0.07170,0.02322,0.03389,0.05738,0.01908,0.02205,0.04842,0.05938,0.09625,0.05962
0.01383,0.01495,0.14508,0.01276,0.42860,0.01063,0.01505,0.01242,0.01456,0.01187,0.03967,0.02404,0.01708,0.02989,0.10424,0.02060,0.01759,0.01888,0.02128,0.02698
0.02100,0.01444,0.07238,0.02246,0.06981,0.01786,0.02776,0.01485,0.02002,0.01654,0.36178,0.00884,0.07144,0.03970,0.01645,0.01497,0.02733,0.09789,0.02827,0.03622
0.01251,0.01615,0.11794,0.01314,0.45267,0.01383,0.02045,0.01316,0.01331,0.01406,0.06051,0.02641,0.01648,0.04373,0.06724,0.01362,0.01788,0.02343,0.01716,0.02632
0.04852,0.04184,0.10997,0.04593,0.08497,0.03117,0.04193,0.04930,0.07321,0.03873,0.02131,0.15732,0.03797,0.06774,0.01432,0.03561,0.02863,0.02186,0.02449,0.02517
0.00865,0.00840,0.14765,0.00756,0.66677,0.00671,0.00915,0.00687,0.00886,0.00748,0.01754,0.00944,0.01384,0.01431,0.01354,0.01106,0.00832,0.01474,0.00875,0.01036
0.10436,0.01813,0.05186,0.03688,0.04888,0.01959,0.01903,0.01992,0.03296,0.02489,0.08384,0.02007,0.13399,0.07579,0.06499,0.00815,0.05726,0.03877,0.07604,0.06460
0.01460,0.00867,0.04402,0.00976,0.04022,0.00838,0.01222,0.00817,0.01101,0.00970,0.22801,0.04216,0.01521,0.05567,0.04088,0.39674,0.01128,0.01112,0.00987,0.02232
0.02778,0.01771,0.24810,0.01823,0.26738,0.01562,0.02611,0.01680,0.01829,0.01892,0.06857,0.01459,0.04673,0.04459,0.02354,0.01448,0.01798,0.03938,0.02208,0.03310
0.01600,0.01400,0.19738,0.01575,0.47811,0.01518,0.01399,0.01229,0.01650,0.01408,0.03877,0.01457,0.01865,0.03177,0.02195,0.01414,0.01404,0.01761,0.01731,0.01790
0.01837,0.02983,0.05875,0.01578,0.07320,0.01572,0.04317,0.02556,0.01198,0.02792,0.11546,0.01646,0.14194,0.05691,0.01613,0.01904,0.02688,0.23864,0.01987,0.02840
0.02253,0.02490,0.08089,0.02296,0.09627,0.02030,0.02687,0.01887,0.02690,0.02058,0.07588,0.04839,0.01879,0.04491,0.03583,0.28706,0.02645,0.01844,0.02244,0.06075
0.02279,0.02954,0.06918,0.02656,0.10299,0.02227,0.04291,0.02479,0.02344,0.03263,0.12636,0.02638,0.05096,0.10559,0.04146,0.01470,0.03922,0.09311,0.04652,0.05859
0.01795,0.01936,0.20408,0.01972,0.28561,0.01679,0.02359,0.01732,0.01875,0.02082,0.09864,0.01169,0.03017,0.04089,0.01535,0.01473,0.02803,0.04202,0.04345,0.03106
0.04374,0.05140,0.11478,0.03880,0.07332,0.02345,0.04217,0.03112,0.02878,0.02682,0.10815,0.05413,0.06189,0.06686,0.09705,0.02988,0.01467,0.06006,0.01583,0.01709
0.07543,0.03629,0.12288,0.02143,0.08938,0.03589,0.02213,0.02131,0.08364,0.01867,0.05663,0.02135,0.09167,0.05865,0.09553,0.02314,0.01668,0.06982,0.01336,0.02610
0.01434,0.01409,0.20470,0.01229,0.24907,0.01324,0.01429,0.01232,0.01602,0.01299,0.11037,0.02183,0.02476,0.11401,0.06164,0.00989,0.01715,0.01888,0.01637,0.04174
0.03229,0.02209,0.08077,0.02143,0.07689,0.02157,0.02109,0.01756,0.02552,0.01789,0.31295,0.01313,0.06275,0.03784,0.04461,0.01761,0.02659,0.07307,0.03230,0.04206
0.01382,0.02024,0.19575,0.00956,0.26059,0.01125,0.02164,0.01664,0.01326,0.01883,0.13455,0.00988,0.05730,0.03179,0.01697,0.03381,0.01659,0.08759,0.01286,0.01708
0.02547,0.02036,0.28772,0.01919,0.29249,0.01924,0.02517,0.01675,0.01850,0.01745,0.03677,0.01293,0.03040,0.03811,0.02690,0.01164,0.02110,0.02419,0.02377,0.03184
0.02554,0.03029,0.09585,0.03131,0.15066,0.02641,0.02658,0.03177,0.02870,0.02349,0.03652,0.04451,0.02092,0.03984,0.07720,0.02125,0.07109,0.01935,0.12090,0.07783
0.03618,0.02201,0.09416,0.03859,0.09076,0.02166,0.03667,0.02698,0.03470,0.02200,0.17579,0.01487,0.04597,0.04651,0.02777,0.01341,0.04729,0.05138,0.10385,0.04944
0.02229,0.01734,0.18012,0.01425,0.38243,0.01406,0.01982,0.01582,0.01803,0.01559,0.05561,0.01663,0.04003,0.04147,0.03568,0.02097,0.02016,0.03273,0.01490,0.02207
0.01687,0.01612,0.29645,0.01561,0.36885,0.01637,0.01514,0.01379,0.01657,0.01156,0.02105,0.02561,0.01814,0.02477,0.02567,0.01373,0.01916,0.01479,0.02799,0.02176
0.02914,0.02374,0.07794,0.04236,0.06412,0.04350,0.03398,0.02455,0.02722,0.02259,0.02529,0.01147,0.05244,0.02940,0.00609,0.30546,0.03801,0.02928,0.04128,0.07213
0.02036,0.01671,0.13956,0.03102,0.24698,0.02423,0.02332,0.02324,0.01851,0.01712,0.02851,0.01166,0.04377,0.02053,0.01682,0.01151,0.03504,0.02858,0.19697,0.04557
0.01739,0.01410,0.07797,0.01641,0.07231,0.01243,0.02033,0.02071,0.01279,0.01662,0.41252,0.00957,0.02520,0.05232,0.04408,0.00667,0.03148,0.05060,0.03641,0.05012
0.01410,0.01275,0.14600,0.01297,0.20000,0.01177,0.01496,0.01072,0.01489,0.01258,0.20600,0.02868,0.02143,0.08621,0.06247,0.06492,0.01633,0.01840,0.01386,0.03100
0.03176,0.02984,0.15365,0.03891,0.17308,0.03409,0.02976,0.03453,0.05057,0.02051,0.03181,0.02625,0.04268,0.04599,0.09640,0.01283,0.03627,0.02713,0.04123,0.04273
0.06095,0.02523,0.10569,0.02505,0.14685,0.02851,0.02175,0.01730,0.07251,0.01932,0.02138,0.01126,0.22847,0.02677,0.01524,0.01412,0.02143,0.08901,0.02532,0.02381
0.01628,0.01909,0.14692,0.01497,0.23034,0.01455,0.02735,0.02600,0.01594,0.02344,0.03127,0.01501,0.13306,0.02961,0.02039,0.01533,0.01768,0.16021,0.02093,0.02163
0.02866,0.02067,0.20049,0.03199,0.22181,0.02174,0.02231,0.02775,0.02417,0.02261,0.05550,0.02523,0.03392,0.05754,0.04757,0.01138,0.03374,0.03523,0.04082,0.03689
0.06878,0.02243,0.04142,0.02404,0.05245,0.02498,0.02294,0.01657,0.04191,0.01847,0.05023,0.01871,0.23950,0.03042,0.15880,0.02308,0.02142,0.05181,0.02005,0.05198
0.02636,0.02132,0.06666,0.02544,0.06873,0.02081,0.02549,0.02748,0.02138,0.02027,0.37436,0.02383,0.01958,0.08931,0.02975,0.01437,0.02795,0.02515,0.03817,0.03360
0.02434,0.01811,0.11945,0.01762,0.09374,0.01863,0.02403,0.01818,0.02472,0.01614,0.19751,0.01391,0.07195,0.04297,0.08525,0.01343,0.03314,0.07979,0.04645,0.04064
0.01575,0.01874,0.14527,0.01410,0.20113,0.01535,0.02456,0.01507,0.01510,0.01595,0.20261,0.02120,0.02644,0.07200,0.06742,0.01087,0.02657,0.03840,0.02385,0.02961
0.05181,0.03229,0.10806,0.04593,0.13064,0.03304,0.05498,0.03078,0.03293,0.02998,0.05765,0.01790,0.06857,0.04756,0.04510,0.01737,0.03274,0.04374,0.03546,0.08346
0.02719,0.02178,0.07640,0.02880,0.06805,0.02727,0.02673,0.02883,0.02182,0.02447,0.02803,0.07910,0.08658,0.07092,0.03535,0.01116,0.09055,0.04521,0.15935,0.04241
0.03027,0.01770,0.08729,0.01668,0.08600,0.01846,0.02272,0.01710,0.02455,0.01406,0.28898,0.01312,0.03544,0.03992,0.14847,0.01127,0.02538,0.03847,0.02057,0.04355
0.00988,0.00652,0.04792,0.00659,0.03838,0.00687,0.00876,0.00736,0.00776,0.00759,0.11399,0.39028,0.01080,0.03798,0.04630,0.20791,0.00957,0.00772,0.00633,0.02149
0.03136,0.02203,0.18579,0.03043,0.21833,0.02832,0.03165,0.03021,0.02757,0.02897,0.03150,0.04925,0.02569,0.07523,0.03230,0.02207,0.03003,0.02639,0.03827,0.03463
