0.32061,0.22246,0.06870,0.02624,0.02729,0.02015,0.03894,0.05799,0.01610,0.02463,0.01978,0.01086,0.01953,0.02924,0.01768,0.00852,0.03110,0.01255,0.00634,0.02128
0.33308,0.36785,0.01802,0.01457,0.01155,0.02206,0.01665,0.02286,0.00757,0.02839,0.03134,0.00998,0.01302,0.01412,0.02492,0.01023,0.01954,0.01000,0.00777,0.01647
0.30590,0.28408,0.03848,0.02620,0.02469,0.03083,0.02038,0.02366,0.01793,0.02329,0.03153,0.01410,0.02365,0.02523,0.02561,0.01658,0.01679,0.01683,0.01046,0.02380
0.05714,0.06199,0.05601,0.03358,0.05103,0.06034,0.03297,0.07147,0.19920,0.02475,0.02559,0.08077,0.03092,0.02153,0.02743,0.02517,0.05294,0.02860,0.02262,0.03596
0.07276,0.11568,0.09249,0.02888,0.03394,0.05331,0.02382,0.04339,0.05620,0.08937,0.17456,0.01757,0.02257,0.01862,0.05399,0.01899,0.03309,0.01605,0.01130,0.02343
0.08786,0.11294,0.09292,0.19489,0.03644,0.03159,0.03072,0.06290,0.03977,0.01698,0.01165,0.02043,0.02125,0.03464,0.02222,0.04967,0.06174,0.03165,0.01481,0.02492
0.04989,0.06337,0.06905,0.05892,0.02665,0.02556,0.22317,0.05698,0.02755,0.01454,0.01262,0.19444,0.01763,0.01447,0.01583,0.02625,0.05276,0.01565,0.01485,0.01982
0.44151,0.26002,0.03751,0.01682,0.01391,0.01802,0.01798,0.04087,0.01008,0.01198,0.01755,0.00946,0.01635,0.01186,0.00995,0.00863,0.02322,0.01016,0.00612,0.01801
0.09223,0.13879,0.36201,0.02033,0.02102,0.05334,0.01645,0.04601,0.04577,0.01783,0.01875,0.01457,0.01850,0.02164,0.01693,0.01286,0.03590,0.01485,0.00776,0.02448
0.08045,0.07985,0.02188,0.01545,0.03605,0.01866,0.02781,0.03304,0.01322,0.05216,0.47976,0.01291,0.01890,0.01359,0.01622,0.00936,0.02510,0.01088,0.00978,0.02492
0.15547,0.22215,0.09072,0.05140,0.06228,0.06362,0.02616,0.01462,0.10470,0.01130,0.01396,0.01903,0.02620,0.02800,0.01129,0.02539,0.01082,0.02363,0.01236,0.02690
0.03838,0.05663,0.13498,0.01905,0.01565,0.02084,0.01293,0.36334,0.05257,0.00922,0.01327,0.01072,0.01115,0.01298,0.00999,0.01418,0.17802,0.00737,0.00643,0.01229
0.05261,0.04177,0.03026,0.04925,0.13391,0.01171,0.24282,0.15559,0.02055,0.02988,0.01642,0.01521,0.04344,0.02092,0.02194,0.01562,0.05463,0.01392,0.01088,0.01866
0.13957,0.19718,0.09377,0.02331,0.04245,0.12194,0.02290,0.04611,0.06882,0.02276,0.02530,0.02278,0.02448,0.02605,0.01738,0.01252,0.03122,0.01424,0.00867,0.03856
0.06518,0.15582,0.04605,0.04847,0.04005,0.10566,0.03102,0.02113,0.04545,0.04028,0.04206,0.07172,0.03325,0.02688,0.06480,0.03866,0.02171,0.03216,0.03863,0.03101
0.15514,0.12928,0.02984,0.04060,0.17830,0.03597,0.03506,0.02335,0.03558,0.01349,0.01892,0.01088,0.13679,0.02751,0.01084,0.02734,0.01977,0.01923,0.01811,0.03399
0.10061,0.11567,0.34061,0.02091,0.01470,0.10843,0.01441,0.04686,0.02784,0.01257,0.02052,0.01476,0.02316,0.03014,0.01341,0.01524,0.02372,0.01675,0.01124,0.02845
0.25582,0.30356,0.05894,0.02485,0.01463,0.01984,0.01793,0.06283,0.01634,0.03846,0.01677,0.01700,0.01168,0.02161,0.03574,0.01076,0.03734,0.01158,0.00781,0.01650
0.20889,0.60547,0.01807,0.00931,0.01044,0.01314,0.01157,0.01074,0.00775,0.01575,0.02537,0.00569,0.00767,0.00694,0.01093,0.00542,0.00843,0.00485,0.00461,0.00898
0.18507,0.27361,0.04000,0.04629,0.03825,0.03797,0.03877,0.02751,0.02423,0.02211,0.02593,0.02206,0.04288,0.03040,0.02247,0.02883,0.02164,0.02319,0.02455,0.02425
0.14657,0.17717,0.09365,0.04472,0.02100,0.04919,0.01603,0.08096,0.02507,0.02703,0.04320,0.01102,0.02054,0.03596,0.02551,0.02701,0.07263,0.02676,0.02254,0.03343
0.25176,0.17280,0.03541,0.03335,0.01736,0.01574,0.03357,0.16052,0.01167,0.03029,0.03514,0.01595,0.02193,0.03371,0.04247,0.01307,0.03673,0.01158,0.01008,0.01685
0.31937,0.12072,0.11092,0.01260,0.01757,0.05266,0.01735,0.12348,0.02161,0.01071,0.02019,0.01748,0.01541,0.01507,0.01111,0.01193,0.04692,0.01405,0.00768,0.03315
0.12164,0.11408,0.03559,0.01638,0.01424,0.02250,0.05597,0.08729,0.00968,0.01437,0.01141,0.28449,0.01496,0.01171,0.01754,0.01305,0.10307,0.01364,0.01311,0.02530
0.17972,0.57771,0.01087,0.01229,0.00756,0.00670,0.00996,0.02253,0.00513,0.03837,0.01200,0.00728,0.00708,0.00751,0.05939,0.00720,0.01200,0.00604,0.00372,0.00694
0.13293,0.21956,0.01705,0.02274,0.01086,0.01115,0.03102,0.37597,0.00634,0.01370,0.01287,0.01213,0.00954,0.00955,0.01346,0.00786,0.06953,0.00662,0.00567,0.01143
0.21670,0.21590,0.08313,0.02062,0.03492,0.05058,0.01876,0.04542,0.07896,0.02503,0.04002,0.01466,0.01561,0.02617,0.01369,0.01543,0.02861,0.01304,0.00902,0.03371
0.06822,0.11886,0.05858,0.03451,0.02822,0.17993,0.02419,0.04475,0.03735,0.01696,0.02987,0.03926,0.02948,0.02461,0.01792,0.05287,0.06073,0.04951,0.04687,0.03732
0.17542,0.07162,0.05205,0.02167,0.05307,0.04663,0.03257,0.06983,0.03764,0.02657,0.03372,0.03050,0.03473,0.03253,0.02192,0.03976,0.04274,0.04343,0.03203,0.10160
0.14451,0.15758,0.08319,0.02015,0.02679,0.05083,0.01840,0.15882,0.03833,0.02766,0.02784,0.02202,0.01723,0.01587,0.02275,0.01731,0.09666,0.01525,0.01040,0.02838
0.07546,0.07646,0.03188,0.04117,0.13247,0.05659,0.04430,0.05276,0.08431,0.01326,0.01110,0.13554,0.03969,0.03294,0.01548,0.02864,0.03757,0.02642,0.01382,0.05014
0.21225,0.11149,0.09726,0.01991,0.04083,0.03231,0.05736,0.09547,0.03133,0.01932,0.01568,0.06477,0.02290,0.01872,0.02340,0.01289,0.06756,0.01888,0.01042,0.02725
0.09740,0.14427,0.44202,0.01313,0.01477,0.03978,0.01101,0.03092,0.05440,0.01578,0.02010,0.01075,0.01174,0.01402,0.01311,0.01003,0.02125,0.01226,0.00646,0.01681
0.05246,0.06482,0.03416,0.02981,0.20626,0.06475,0.04400,0.01971,0.08347,0.06677,0.04259,0.03199,0.04340,0.02293,0.03539,0.02914,0.02361,0.03051,0.03730,0.03693
0.31654,0.24809,0.02613,0.01489,0.01233,0.01557,0.01883,0.12158,0.00934,0.02549,0.01412,0.01359,0.01481,0.01083,0.02553,0.00968,0.07081,0.00974,0.00656,0.01554
0.15303,0.11859,0.04929,0.04354,0.02553,0.03077,0.15409,0.05090,0.01959,0.01655,0.01362,0.09610,0.03364,0.02270,0.01994,0.02745,0.04211,0.02606,0.02174,0.03477
0.35642,0.11850,0.03060,0.01825,0.02184,0.01695,0.03110,0.13278,0.01254,0.03605,0.02276,0.01836,0.02079,0.01975,0.03309,0.00939,0.05744,0.01188,0.00785,0.02367
0.04954,0.08093,0.39854,0.03241,0.01448,0.06578,0.02272,0.06994,0.03071,0.01006,0.01137,0.02496,0.01837,0.01938,0.01428,0.01822,0.07562,0.01507,0.00932,0.01833
0.13056,0.33569,0.06333,0.02605,0.03100,0.11956,0.01497,0.02983,0.03124,0.01910,0.02851,0.00961,0.01950,0.02968,0.01152,0.01357,0.02422,0.01589,0.00858,0.03761
0.06090,0.20269,0.09467,0.04964,0.03526,0.08577,0.02930,0.06056,0.04338,0.03058,0.05417,0.02303,0.03075,0.02446,0.03097,0.01670,0.07736,0.01534,0.01138,0.02310
0.20254,0.15470,0.31492,0.01218,0.01310,0.06545,0.01133,0.02833,0.02161,0.01421,0.01520,0.01679,0.01399,0.01236,0.01392,0.01539,0.02524,0.01516,0.00913,0.02447
0.10120,0.15303,0.35442,0.02243,0.02060,0.04719,0.02963,0.03812,0.03442,0.01150,0.01249,0.03381,0.01989,0.01432,0.01175,0.01647,0.02837,0.01544,0.01283,0.02213
0.11329,0.07850,0.04381,0.02280,0.11612,0.04170,0.04704,0.03863,0.10899,0.03491,0.03929,0.03846,0.03760,0.02571,0.03145,0.03636,0.03406,0.03435,0.03133,0.04562
0.01768,0.02543,0.72137,0.02275,0.01030,0.01626,0.01024,0.01452,0.07051,0.00873,0.00894,0.00908,0.00871,0.01011,0.00952,0.00834,0.00911,0.00686,0.00459,0.00695
0.18190,0.46824,0.01542,0.02538,0.01483,0.02601,0.02770,0.02106,0.00823,0.02592,0.02142,0.01498,0.01615,0.01254,0.04513,0.01374,0.02344,0.01095,0.00902,0.01793
0.08157,0.20472,0.07282,0.03278,0.05662,0.02221,0.15965,0.04394,0.03227,0.04624,0.03905,0.03982,0.02274,0.01565,0.04211,0.01205,0.03197,0.01129,0.01295,0.01953
0.07252,0.14283,0.08884,0.05904,0.02864,0.21723,0.01621,0.01639,0.11350,0.01408,0.01861,0.01267,0.02347,0.05063,0.01290,0.03104,0.01802,0.02177,0.01504,0.02657
0.22464,0.46226,0.04124,0.02875,0.01570,0.01315,0.01338,0.03579,0.01441,0.01898,0.01523,0.00859,0.01264,0.02137,0.01961,0.01002,0.01731,0.00892,0.00575,0.01226
0.10815,0.19760,0.03693,0.03387,0.14568,0.07024,0.02791,0.01362,0.06899,0.02873,0.08262,0.01358,0.02368,0.02578,0.01697,0.02860,0.01381,0.01725,0.01858,0.02742
0.05063,0.18431,0.02351,0.01097,0.01073,0.02094,0.01290,0.02149,0.00784,0.05821,0.50372,0.00688,0.01174,0.00830,0.02134,0.00715,0.01810,0.00556,0.00489,0.01079
0.12148,0.29172,0.08059,0.05688,0.02062,0.05113,0.02614,0.05223,0.02664,0.02088,0.02003,0.02772,0.02427,0.03508,0.03009,0.02237,0.03386,0.01795,0.01566,0.02468
0.33799,0.29414,0.01769,0.01583,0.00942,0.01579,0.02035,0.02851,0.00654,0.03516,0.01704,0.01584,0.01385,0.01244,0.09388,0.00920,0.02284,0.01113,0.00916,0.01321
0.08316,0.09367,0.32617,0.04248,0.02418,0.02470,0.02229,0.02883,0.16624,0.01379,0.01805,0.02001,0.01538,0.02291,0.01514,0.02512,0.02152,0.01117,0.01090,0.01428
0.12981,0.35869,0.07587,0.03208,0.01946,0.11165,0.01703,0.02612,0.02805,0.01932,0.01627,0.01344,0.01610,0.03119,0.01998,0.01522,0.02562,0.01421,0.00958,0.02032
0.35112,0.14404,0.04757,0.05846,0.03241,0.02065,0.04878,0.04208,0.01955,0.01743,0.01144,0.02342,0.02692,0.03373,0.02288,0.02054,0.02540,0.01906,0.00983,0.02470
0.13750,0.27752,0.09072,0.02782,0.02464,0.04702,0.03956,0.02836,0.02099,0.04886,0.04901,0.02021,0.03782,0.01930,0.02587,0.01544,0.02503,0.01656,0.01583,0.03194
0.15471,0.20460,0.08150,0.03253,0.02812,0.07217,0.02156,0.10907,0.03585,0.01401,0.01793,0.01993,0.03078,0.04279,0.01606,0.01461,0.04103,0.01954,0.00944,0.03378
0.25647,0.16598,0.03386,0.02750,0.03049,0.02785,0.07376,0.04958,0.01235,0.01964,0.01820,0.03175,0.04630,0.01623,0.02196,0.01986,0.04581,0.03019,0.02095,0.05126
0.25151,0.12051,0.05794,0.01498,0.03682,0.07581,0.02338,0.04894,0.03784,0.04073,0.05759,0.02932,0.02897,0.02039,0.03038,0.01329,0.03002,0.01963,0.01437,0.04757
0.12605,0.10310,0.10271,0.02960,0.06450,0.04225,0.02327,0.02538,0.17398,0.02359,0.02119,0.02951,0.02334,0.04339,0.02694,0.02489,0.01953,0.04730,0.01914,0.03034
0.08338,0.06047,0.02754,0.02983,0.08172,0.02602,0.04971,0.12541,0.04255,0.07008,0.01761,0.03511,0.03210,0.04112,0.11766,0.02687,0.05349,0.02945,0.01660,0.03327
0.05288,0.18821,0.16217,0.07933,0.02606,0.08124,0.01928,0.02348,0.06765,0.04160,0.03515,0.01530,0.01995,0.03203,0.05564,0.02551,0.02430,0.01703,0.01495,0.01824
0.20913,0.38756,0.01999,0.02964,0.01652,0.02260,0.03604,0.02511,0.00843,0.03118,0.02049,0.02229,0.02500,0.01649,0.03925,0.01573,0.02283,0.01727,0.01232,0.02213
0.10035,0.09244,0.05991,0.03537,0.09705,0.13302,0.03736,0.02250,0.07837,0.04811,0.03381,0.01173,0.05748,0.03856,0.02616,0.02224,0.01893,0.02486,0.01806,0.04370
0.03894,0.04998,0.04762,0.02488,0.02168,0.01634,0.03998,0.50942,0.01935,0.01022,0.00933,0.01797,0.01498,0.01120,0.00983,0.01139,0.11467,0.01137,0.00804,0.01283
0.07817,0.16627,0.03173,0.16803,0.03667,0.10893,0.04254,0.01679,0.03301,0.02081,0.02510,0.01714,0.05065,0.03291,0.02227,0.05361,0.01618,0.02585,0.02806,0.02528
0.04976,0.06632,0.25898,0.02954,0.02259,0.12960,0.01368,0.01341,0.11997,0.01409,0.04570,0.00868,0.02308,0.01933,0.01247,0.05632,0.01220,0.03245,0.04911,0.02273
0.13171,0.21352,0.21848,0.03318,0.03201,0.04121,0.01910,0.03665,0.06992,0.01615,0.03166,0.01513,0.02090,0.02218,0.01320,0.01778,0.02206,0.01305,0.01094,0.02117
0.10493,0.21614,0.04958,0.07885,0.05729,0.06406,0.02968,0.01691,0.13101,0.02110,0.02830,0.01672,0.03255,0.04308,0.01731,0.02169,0.01385,0.01758,0.01657,0.02279
0.12046,0.47474,0.04297,0.05335,0.02183,0.02981,0.03167,0.03029,0.01894,0.01172,0.01119,0.02485,0.01940,0.02361,0.01343,0.01368,0.02044,0.01178,0.00841,0.01744
0.18639,0.33145,0.03133,0.02942,0.01619,0.02683,0.05764,0.03507,0.01062,0.01477,0.02030,0.06184,0.02187,0.01522,0.01806,0.02408,0.03101,0.01667,0.02504,0.02619
0.07299,0.10287,0.02568,0.03562,0.08456,0.07837,0.05255,0.06761,0.02887,0.02059,0.02204,0.03470,0.04833,0.02068,0.01959,0.03609,0.14675,0.02408,0.03026,0.04779
0.17082,0.22896,0.06412,0.06061,0.02061,0.04772,0.01824,0.03896,0.02744,0.03831,0.01714,0.02233,0.01712,0.06948,0.05284,0.02692,0.02542,0.01824,0.00953,0.02517
0.46127,0.16883,0.01846,0.04817,0.02444,0.01334,0.06546,0.02036,0.01042,0.00819,0.00975,0.01461,0.02415,0.01905,0.00748,0.01876,0.01478,0.01765,0.01620,0.01862
0.14553,0.19853,0.10823,0.04012,0.04918,0.03982,0.03321,0.03308,0.06781,0.02175,0.02545,0.02620,0.02464,0.02856,0.02182,0.02646,0.03057,0.02471,0.02077,0.03356
0.15651,0.25759,0.06876,0.09882,0.02594,0.04521,0.02466,0.03562,0.03247,0.00988,0.01298,0.01434,0.02922,0.06098,0.01249,0.03125,0.02384,0.02128,0.01445,0.02372
0.15750,0.24301,0.04780,0.01897,0.01630,0.04044,0.03204,0.09833,0.01704,0.01440,0.02250,0.09654,0.01664,0.01340,0.01272,0.01783,0.07731,0.01316,0.01512,0.02896
0.11855,0.06053,0.39640,0.01634,0.04797,0.02780,0.01847,0.01674,0.09082,0.02194,0.04464,0.01013,0.01809,0.01581,0.01350,0.01731,0.01325,0.01785,0.01414,0.01972
0.11863,0.05616,0.18246,0.02152,0.04989,0.08528,0.02526,0.02521,0.10549,0.01544,0.01919,0.01758,0.03011,0.02308,0.01284,0.04132,0.02087,0.05310,0.03453,0.06203
0.01527,0.01969,0.01320,0.00897,0.01642,0.00807,0.01806,0.00522,0.00821,0.07679,0.76068,0.00559,0.00810,0.00386,0.00996,0.00461,0.00446,0.00393,0.00314,0.00577
0.03866,0.06661,0.04562,0.17089,0.13632,0.03631,0.04361,0.02401,0.20594,0.02077,0.01734,0.01806,0.03106,0.03132,0.01799,0.01647,0.02317,0.01919,0.01464,0.02202
0.15432,0.44658,0.07674,0.02117,0.02012,0.03887,0.01472,0.02319,0.03660,0.01280,0.02769,0.01205,0.01454,0.02246,0.01263,0.01208,0.01693,0.01229,0.00780,0.01644
0.12826,0.10696,0.05343,0.04865,0.14283,0.04109,0.03277,0.02434,0.06086,0.03396,0.02882,0.01242,0.03536,0.04196,0.02254,0.06509,0.02684,0.03167,0.02681,0.03534
0.27801,0.13055,0.10844,0.02164,0.01912,0.02749,0.01345,0.02253,0.03033,0.08876,0.06481,0.01003,0.01831,0.02804,0.05009,0.01728,0.01659,0.02136,0.01067,0.02251
0.17162,0.21568,0.02169,0.01689,0.01125,0.01528,0.01942,0.21530,0.00826,0.01636,0.01805,0.01594,0.01682,0.01160,0.02116,0.00964,0.16062,0.00981,0.00721,0.01740
0.18654,0.18178,0.08249,0.02488,0.02387,0.05448,0.03866,0.07607,0.02290,0.01477,0.03076,0.02603,0.03374,0.02023,0.01539,0.02157,0.05924,0.02342,0.02301,0.04019
0.08045,0.29983,0.06956,0.07385,0.02121,0.04189,0.01916,0.03655,0.02485,0.04809,0.03241,0.01572,0.01922,0.09593,0.02717,0.01445,0.02552,0.01817,0.01108,0.02488
0.41229,0.23651,0.03204,0.02546,0.01686,0.02108,0.02541,0.03067,0.01169,0.01529,0.01559,0.01383,0.02487,0.02089,0.01605,0.01183,0.02451,0.01438,0.01089,0.01986
0.05003,0.12800,0.06643,0.24925,0.03598,0.03594,0.12657,0.02753,0.03936,0.01616,0.02173,0.02344,0.03838,0.02414,0.01350,0.01756,0.02856,0.01598,0.01974,0.02172
0.03835,0.04126,0.03182,0.03215,0.02012,0.02246,0.01815,0.02166,0.02056,0.42063,0.15535,0.00878,0.02057,0.02023,0.04936,0.01776,0.01877,0.01338,0.01284,0.01581
0.08990,0.06437,0.04377,0.04653,0.07543,0.02211,0.07057,0.06120,0.02773,0.10882,0.02180,0.01793,0.05957,0.04115,0.09887,0.02363,0.04790,0.03271,0.01771,0.02830
0.11664,0.09948,0.05201,0.02342,0.03059,0.03426,0.02399,0.07967,0.02476,0.10545,0.08910,0.01560,0.02646,0.02396,0.11107,0.01937,0.06268,0.01977,0.01425,0.02746
0.42764,0.26822,0.03277,0.01624,0.01483,0.01476,0.01481,0.03116,0.01503,0.02073,0.02331,0.01192,0.01112,0.01385,0.02065,0.01097,0.01842,0.01065,0.00852,0.01438
0.34051,0.29118,0.04500,0.01421,0.01510,0.03827,0.01739,0.03106,0.01380,0.02531,0.03232,0.01209,0.01746,0.01548,0.01739,0.00941,0.02683,0.00959,0.00762,0.01999
0.12925,0.15089,0.26980,0.02856,0.02412,0.04247,0.02829,0.04757,0.04351,0.01621,0.02155,0.01601,0.03072,0.03109,0.01489,0.01481,0.02846,0.02018,0.01485,0.02673
0.09347,0.34213,0.08369,0.03463,0.03237,0.06345,0.01661,0.01448,0.14751,0.01464,0.02796,0.01147,0.01758,0.02085,0.01229,0.01543,0.01200,0.01174,0.00907,0.01862
0.21848,0.30259,0.04554,0.02703,0.02098,0.05299,0.02824,0.04601,0.01976,0.01599,0.01756,0.02942,0.02247,0.02603,0.01873,0.01715,0.03652,0.01654,0.00992,0.02805
0.15699,0.21779,0.07464,0.03175,0.01500,0.04769,0.02372,0.03979,0.01629,0.06278,0.03689,0.02752,0.01703,0.03319,0.08106,0.02196,0.03160,0.01970,0.01527,0.02933
0.35817,0.31268,0.04014,0.02218,0.02419,0.01783,0.02186,0.01326,0.01989,0.02184,0.02364,0.01110,0.01814,0.02073,0.01626,0.01147,0.01064,0.01104,0.00854,0.01641
0.16435,0.20264,0.27328,0.02112,0.01961,0.03616,0.01790,0.04493,0.03504,0.01531,0.01614,0.01944,0.01395,0.01869,0.01500,0.01615,0.02549,0.01309,0.01066,0.02105
