0.12734,0.14073,0.03380,0.03113,0.05359,0.03505,0.07409,0.05113,0.02374,0.02803,0.02234,0.03281,0.08075,0.01712,0.03099,0.01735,0.04686,0.08517,0.02795,0.04003
0.10083,0.11858,0.03224,0.03385,0.03592,0.04274,0.03236,0.09632,0.02197,0.06182,0.04748,0.03419,0.03622,0.02009,0.04061,0.05300,0.11000,0.02024,0.02256,0.03900
0.08804,0.13197,0.03101,0.08049,0.03659,0.05490,0.04223,0.03803,0.02330,0.03352,0.04225,0.05262,0.05109,0.02115,0.04369,0.06253,0.05837,0.02592,0.05943,0.02285
0.06675,0.08858,0.08363,0.04046,0.11474,0.02720,0.08926,0.05415,0.05589,0.06470,0.01548,0.05664,0.03877,0.03427,0.02645,0.02578,0.02807,0.02550,0.02319,0.04050
0.16642,0.14268,0.06329,0.04828,0.05250,0.08939,0.03957,0.02867,0.04264,0.02890,0.03918,0.01885,0.02864,0.04055,0.02206,0.04659,0.02664,0.02522,0.01591,0.03400
0.11456,0.06785,0.04196,0.02541,0.16227,0.02265,0.04241,0.08189,0.03441,0.05012,0.05740,0.02001,0.04630,0.03536,0.02361,0.02281,0.06365,0.02531,0.01271,0.04932
0.21537,0.17860,0.04002,0.05633,0.05328,0.07085,0.03657,0.02125,0.02855,0.02344,0.03948,0.01905,0.02976,0.03542,0.02570,0.02463,0.01876,0.02270,0.03261,0.02763
0.09145,0.10293,0.06351,0.05542,0.07912,0.04194,0.05046,0.04323,0.05688,0.05388,0.04384,0.03047,0.04915,0.02647,0.02960,0.04871,0.03428,0.03008,0.03646,0.03210
0.08984,0.10072,0.05311,0.05034,0.03665,0.02665,0.03374,0.19568,0.02893,0.03075,0.01684,0.01930,0.02053,0.01674,0.02917,0.02526,0.17272,0.01920,0.01217,0.02167
0.06181,0.06683,0.03349,0.05919,0.20478,0.05014,0.05311,0.03276,0.18607,0.01548,0.02769,0.01526,0.02896,0.04340,0.02423,0.02728,0.01296,0.01804,0.01311,0.02539
0.08665,0.08262,0.04048,0.05662,0.14689,0.03331,0.06120,0.03426,0.12371,0.02671,0.03404,0.03075,0.05196,0.02377,0.02580,0.02497,0.03600,0.03120,0.02059,0.02848
0.12154,0.13641,0.04216,0.04324,0.06325,0.04354,0.07679,0.07056,0.01957,0.02572,0.02680,0.03210,0.06509,0.03333,0.03840,0.02201,0.04237,0.02694,0.02000,0.05019
0.18693,0.13858,0.05732,0.04084,0.08659,0.05432,0.03732,0.03838,0.03998,0.03129,0.04551,0.01521,0.02748,0.05161,0.02360,0.02468,0.02355,0.02359,0.00995,0.04327
0.24033,0.22894,0.03472,0.03654,0.02921,0.06399,0.03194,0.02651,0.03304,0.02530,0.04635,0.02507,0.01800,0.02017,0.01898,0.02716,0.02851,0.01796,0.01807,0.02921
0.03934,0.05517,0.08272,0.08564,0.02935,0.03637,0.02578,0.03594,0.05506,0.12187,0.11693,0.02686,0.02779,0.04789,0.06903,0.03286,0.04353,0.02312,0.01995,0.02480
0.11942,0.11419,0.07612,0.01814,0.09825,0.03268,0.01594,0.03132,0.07570,0.06580,0.13772,0.01979,0.02511,0.02825,0.03055,0.01944,0.02212,0.02511,0.01058,0.03375
0.04575,0.03400,0.10949,0.04781,0.15189,0.02877,0.05162,0.05438,0.15123,0.07330,0.01550,0.01514,0.02643,0.01714,0.01570,0.01597,0.03092,0.05660,0.03019,0.02817
0.10409,0.13241,0.06007,0.04569,0.04219,0.07396,0.04770,0.02301,0.04795,0.03003,0.03525,0.05734,0.03522,0.03016,0.02493,0.04713,0.05719,0.03645,0.03370,0.03553
0.23458,0.22552,0.04277,0.03658,0.03621,0.03751,0.04461,0.02867,0.02554,0.03337,0.03299,0.01759,0.03865,0.02884,0.02563,0.01844,0.02531,0.02578,0.01539,0.02603
0.29975,0.27441,0.03298,0.02750,0.02501,0.02513,0.02871,0.03079,0.02468,0.02778,0.01682,0.01933,0.02898,0.01630,0.02272,0.01551,0.02732,0.01427,0.01522,0.02679
0.20260,0.18111,0.06576,0.03166,0.06990,0.06747,0.02410,0.03077,0.06815,0.02552,0.02502,0.01545,0.02494,0.03226,0.02106,0.02872,0.02181,0.01825,0.01363,0.03183
0.08002,0.07517,0.13937,0.03506,0.13281,0.04621,0.02090,0.03357,0.19002,0.02250,0.02325,0.02483,0.03221,0.02346,0.01696,0.02637,0.02389,0.02014,0.01196,0.02132
0.11532,0.12375,0.04940,0.16996,0.04096,0.04996,0.03039,0.03089,0.04090,0.01913,0.03092,0.01637,0.02652,0.08246,0.02926,0.05529,0.02064,0.02425,0.02010,0.02355
0.12983,0.11322,0.04862,0.04373,0.07965,0.07259,0.04111,0.04080,0.04072,0.03592,0.04775,0.02015,0.10147,0.05427,0.01733,0.01979,0.02540,0.02333,0.01157,0.03275
0.16502,0.17567,0.09159,0.03934,0.04084,0.06073,0.04150,0.03632,0.06849,0.02789,0.02122,0.03407,0.02070,0.02573,0.02304,0.01996,0.02943,0.02678,0.02017,0.03150
0.21041,0.16932,0.08078,0.02440,0.05429,0.03554,0.03531,0.04461,0.05687,0.01770,0.02296,0.02631,0.02608,0.02499,0.02762,0.02008,0.03618,0.03295,0.01892,0.03469
0.17909,0.15353,0.18004,0.02644,0.02656,0.02786,0.01686,0.05030,0.15348,0.01842,0.02155,0.01356,0.01962,0.01508,0.01419,0.01429,0.03050,0.01224,0.01269,0.01369
0.11290,0.10182,0.14330,0.03286,0.03418,0.03895,0.03700,0.07368,0.11187,0.01414,0.04895,0.02054,0.02066,0.02880,0.01452,0.02150,0.06980,0.02260,0.02608,0.02585
0.05368,0.05869,0.08559,0.03856,0.04826,0.11183,0.05690,0.02732,0.08812,0.08392,0.04692,0.00996,0.02702,0.03152,0.04881,0.03476,0.02837,0.04988,0.04589,0.02400
0.14919,0.16607,0.06921,0.06444,0.06706,0.03278,0.04901,0.03484,0.05612,0.01943,0.01478,0.02130,0.06057,0.04512,0.02576,0.04279,0.01589,0.02027,0.01627,0.02910
0.17630,0.17375,0.04099,0.03538,0.06680,0.03100,0.07998,0.07011,0.01620,0.02511,0.01783,0.01516,0.04815,0.02980,0.03291,0.02868,0.02689,0.01904,0.01455,0.05137
0.09372,0.04974,0.04077,0.07097,0.14642,0.03892,0.05018,0.04543,0.05785,0.06828,0.05188,0.01679,0.04827,0.02186,0.03494,0.03250,0.04191,0.02878,0.02525,0.03556
0.10234,0.07267,0.05436,0.03074,0.10396,0.03540,0.03934,0.05042,0.03600,0.06007,0.05357,0.01855,0.04271,0.03553,0.02910,0.04106,0.02723,0.05916,0.02755,0.08024
0.11675,0.10918,0.15275,0.02778,0.03312,0.04255,0.04531,0.05218,0.12734,0.01879,0.02102,0.05136,0.02399,0.02134,0.02456,0.03278,0.03155,0.01978,0.01680,0.03108
0.03254,0.03458,0.04441,0.02510,0.04217,0.02270,0.01835,0.29115,0.03240,0.01626,0.01918,0.01857,0.02520,0.02011,0.01152,0.02054,0.28581,0.01498,0.00930,0.01513
0.06476,0.05955,0.03923,0.04031,0.19505,0.02944,0.06870,0.02148,0.11181,0.05789,0.05167,0.02842,0.04639,0.02563,0.02813,0.02950,0.02173,0.03010,0.01928,0.03094
0.23445,0.20787,0.06946,0.03582,0.04387,0.04385,0.03365,0.03459,0.05109,0.02373,0.03178,0.01991,0.02397,0.02809,0.02208,0.02219,0.01835,0.01726,0.01520,0.02281
0.04609,0.05138,0.07756,0.03801,0.07638,0.02864,0.05038,0.13849,0.08562,0.02946,0.02649,0.02089,0.04335,0.02137,0.02432,0.03668,0.13137,0.02704,0.02437,0.02211
0.15036,0.10475,0.04103,0.02727,0.16614,0.03660,0.05579,0.03815,0.05534,0.03933,0.03841,0.02096,0.04292,0.03221,0.01927,0.01839,0.02554,0.02075,0.01299,0.05379
0.13085,0.11644,0.18201,0.03828,0.03957,0.03270,0.04683,0.02490,0.17453,0.02122,0.01488,0.01986,0.02410,0.01815,0.01752,0.01790,0.01527,0.02199,0.02205,0.02096
0.16417,0.14047,0.09293,0.02650,0.02856,0.03875,0.02225,0.10523,0.07758,0.02273,0.03957,0.02114,0.01444,0.01669,0.01839,0.01625,0.10007,0.01278,0.00721,0.03428
0.06559,0.08478,0.04157,0.04233,0.07575,0.03394,0.06141,0.11573,0.04590,0.02835,0.02995,0.07261,0.03518,0.02244,0.02356,0.03209,0.10627,0.02407,0.02199,0.03648
0.09449,0.10421,0.20087,0.03957,0.03405,0.02292,0.02416,0.03359,0.15976,0.03775,0.04664,0.01217,0.02631,0.02359,0.04321,0.02321,0.01954,0.01597,0.01356,0.02443
0.16007,0.14971,0.04338,0.03567,0.07858,0.04318,0.02933,0.03701,0.08609,0.03445,0.03412,0.02463,0.02900,0.03996,0.03093,0.02242,0.02488,0.03782,0.02480,0.03399
0.06342,0.08841,0.08561,0.04708,0.06960,0.03282,0.03262,0.02733,0.05406,0.10262,0.12181,0.01780,0.03439,0.03300,0.05465,0.02776,0.03316,0.02484,0.02428,0.02473
0.06670,0.07840,0.03048,0.04340,0.20053,0.03137,0.03255,0.02450,0.20417,0.03084,0.04312,0.02803,0.02573,0.02226,0.01829,0.02534,0.02620,0.01884,0.02328,0.02595
0.23638,0.23388,0.03659,0.04756,0.01991,0.05514,0.03648,0.03231,0.04398,0.01462,0.02081,0.02116,0.02390,0.03113,0.03408,0.02739,0.02392,0.01399,0.01711,0.02965
0.04491,0.04597,0.21410,0.04801,0.07043,0.03172,0.03116,0.04878,0.20992,0.03040,0.02086,0.01882,0.02107,0.01878,0.02053,0.02344,0.05767,0.01013,0.01255,0.02074
0.14611,0.13593,0.10354,0.02648,0.03905,0.03491,0.03634,0.03355,0.05136,0.04000,0.07542,0.04428,0.02607,0.02325,0.04435,0.01892,0.02397,0.02915,0.02136,0.04597
0.10865,0.08903,0.04078,0.03544,0.07392,0.06899,0.04165,0.05032,0.07969,0.03942,0.03362,0.04689,0.04116,0.04325,0.02886,0.02529,0.04548,0.03632,0.03491,0.03634
0.06458,0.08354,0.17201,0.09472,0.04089,0.04336,0.03928,0.04340,0.12820,0.02944,0.02543,0.01736,0.02803,0.02964,0.03244,0.02731,0.02465,0.02315,0.02505,0.02753
0.06837,0.07802,0.09089,0.06324,0.11691,0.05643,0.04812,0.02784,0.12492,0.01877,0.02897,0.03054,0.03669,0.02350,0.02436,0.05048,0.03332,0.02382,0.02932,0.02546
0.08221,0.10261,0.12902,0.04933,0.07308,0.03970,0.07244,0.03597,0.12179,0.02484,0.01872,0.06198,0.03186,0.02888,0.02806,0.02544,0.01982,0.01386,0.01296,0.02744
0.18470,0.19092,0.03378,0.01713,0.02632,0.03511,0.02445,0.03551,0.02620,0.12438,0.05734,0.01811,0.01581,0.02142,0.10681,0.01400,0.01886,0.01574,0.01534,0.01810
0.23563,0.20561,0.10854,0.01926,0.04776,0.04372,0.01985,0.01847,0.12994,0.01877,0.02222,0.01485,0.01596,0.01541,0.01354,0.01598,0.01372,0.01445,0.00785,0.01847
0.03368,0.05134,0.04898,0.02492,0.26732,0.04699,0.02229,0.02122,0.29523,0.02412,0.01314,0.01321,0.02401,0.01568,0.01977,0.01680,0.02040,0.01180,0.01582,0.01329
0.14493,0.13759,0.05646,0.03860,0.04228,0.07449,0.03454,0.03305,0.05607,0.04699,0.05558,0.02489,0.03407,0.03336,0.03747,0.02739,0.03350,0.03042,0.02281,0.03551
0.22558,0.21125,0.07438,0.03750,0.04676,0.02360,0.02908,0.03139,0.06491,0.03206,0.02859,0.02034,0.02275,0.03405,0.02110,0.01182,0.02787,0.01630,0.01362,0.02705
0.24243,0.22971,0.06621,0.02077,0.02382,0.02298,0.02386,0.04677,0.05273,0.03871,0.03336,0.02227,0.02213,0.01448,0.02710,0.02400,0.03450,0.01410,0.01367,0.02640
0.06228,0.08082,0.17105,0.04122,0.08001,0.02688,0.07672,0.03223,0.17239,0.02682,0.02097,0.01990,0.03037,0.02354,0.02280,0.01952,0.02398,0.02015,0.02514,0.02320
0.05725,0.15378,0.03247,0.06919,0.02779,0.05384,0.04201,0.03426,0.02241,0.02367,0.05267,0.09244,0.04421,0.02684,0.02010,0.05057,0.07444,0.02875,0.06369,0.02961
0.11877,0.17305,0.05561,0.06198,0.03534,0.03554,0.04251,0.04098,0.02606,0.02769,0.04685,0.03989,0.05744,0.02631,0.02424,0.05495,0.04305,0.01944,0.03374,0.03658
0.22776,0.21598,0.06160,0.04598,0.03371,0.03858,0.03446,0.04299,0.03473,0.01667,0.02928,0.03037,0.03312,0.01481,0.02572,0.01689,0.03536,0.01959,0.01463,0.02777
0.12411,0.12785,0.06191,0.03923,0.06711,0.03759,0.07898,0.06058,0.03185,0.04452,0.02257,0.03924,0.03687,0.02748,0.03603,0.02526,0.03767,0.02992,0.02865,0.04259
0.06856,0.09266,0.04761,0.03432,0.21405,0.04333,0.02160,0.02541,0.20846,0.02846,0.03071,0.01990,0.02275,0.02556,0.01881,0.02085,0.01966,0.01436,0.01608,0.02690
0.11265,0.09655,0.08382,0.03123,0.09690,0.04523,0.05079,0.04693,0.09609,0.04257,0.03196,0.02417,0.04203,0.03615,0.02833,0.02495,0.03146,0.02815,0.02359,0.02644
0.05513,0.04228,0.03922,0.03649,0.22005,0.02972,0.03336,0.03554,0.18530,0.03858,0.03842,0.03261,0.05734,0.02785,0.01813,0.01759,0.02016,0.02291,0.01578,0.03353
0.26790,0.25382,0.04716,0.03911,0.02648,0.04607,0.01626,0.03653,0.03393,0.02179,0.02352,0.02171,0.02089,0.02558,0.02513,0.02032,0.03434,0.00991,0.01026,0.01929
0.28821,0.28426,0.03081,0.03717,0.02067,0.02639,0.03875,0.02946,0.01547,0.01814,0.02427,0.01791,0.03336,0.01624,0.02566,0.01963,0.01699,0.01305,0.01922,0.02433
0.27392,0.24282,0.02809,0.02511,0.03250,0.02475,0.02984,0.06939,0.02208,0.02447,0.02703,0.00911,0.03092,0.02041,0.02091,0.01216,0.05693,0.01365,0.00795,0.02796
0.10364,0.08737,0.09473,0.05904,0.05516,0.08357,0.03656,0.04695,0.07867,0.03012,0.03161,0.02199,0.03037,0.04114,0.03292,0.02708,0.04331,0.03061,0.02285,0.04232
0.08728,0.09276,0.07692,0.03123,0.18256,0.02669,0.04619,0.04509,0.06845,0.05179,0.02915,0.02189,0.07037,0.02626,0.02293,0.02246,0.02282,0.02565,0.01389,0.03562
0.18323,0.15645,0.04129,0.05185,0.07221,0.04451,0.05764,0.03497,0.03321,0.02997,0.02535,0.01657,0.05916,0.02931,0.03308,0.03754,0.02091,0.02038,0.01930,0.03307
0.21257,0.18405,0.06968,0.03210,0.06477,0.03765,0.02977,0.02653,0.04828,0.01742,0.03581,0.01344,0.03114,0.03446,0.02676,0.02081,0.02211,0.02932,0.01753,0.04581
0.28120,0.25920,0.01601,0.03016,0.02899,0.02605,0.06183,0.03135,0.00805,0.02571,0.01290,0.01852,0.03778,0.02331,0.02343,0.02450,0.02611,0.01043,0.02013,0.03436
0.15406,0.14566,0.03662,0.01986,0.03876,0.03037,0.08104,0.07409,0.03582,0.02305,0.02866,0.12663,0.03147,0.02293,0.01660,0.01833,0.05092,0.01592,0.01283,0.03639
0.15581,0.14035,0.09909,0.04203,0.05674,0.03856,0.04360,0.05072,0.08592,0.02057,0.02986,0.02249,0.04214,0.03165,0.02383,0.03216,0.02166,0.01856,0.01684,0.02743
0.16131,0.15035,0.05938,0.02453,0.03614,0.04815,0.02223,0.07796,0.04050,0.04209,0.04073,0.01493,0.04762,0.03969,0.01889,0.02386,0.07711,0.02295,0.01211,0.03951
0.11996,0.07698,0.04749,0.07213,0.10781,0.03484,0.10439,0.03702,0.03494,0.05683,0.01828,0.01778,0.04866,0.02343,0.02817,0.03651,0.05708,0.02579,0.01315,0.03876
0.08696,0.08953,0.03497,0.02156,0.18444,0.04932,0.02703,0.03020,0.20033,0.02607,0.03038,0.02531,0.01964,0.02409,0.02706,0.02428,0.03819,0.02027,0.01264,0.02775
0.23394,0.21211,0.06373,0.02220,0.03182,0.04148,0.02285,0.03780,0.05149,0.02280,0.02373,0.02888,0.02080,0.02689,0.03988,0.02579,0.02438,0.02696,0.01195,0.03050
0.14229,0.10145,0.04454,0.03738,0.09317,0.08644,0.05479,0.02934,0.04431,0.02987,0.02303,0.01701,0.05318,0.03432,0.02706,0.03098,0.03041,0.03943,0.03632,0.04467
0.06768,0.06502,0.04984,0.04013,0.04111,0.06958,0.03534,0.02187,0.03932,0.03288,0.11962,0.01899,0.03912,0.02345,0.02072,0.07473,0.02312,0.07291,0.11509,0.02947
0.05641,0.07521,0.03629,0.02866,0.24644,0.04088,0.03950,0.01752,0.24775,0.02255,0.02156,0.02606,0.02466,0.01551,0.02228,0.01458,0.01362,0.02202,0.01008,0.01840
0.04317,0.03675,0.03444,0.01694,0.01538,0.01761,0.01750,0.31420,0.02758,0.02565,0.01994,0.00727,0.01446,0.01349,0.01308,0.01330,0.33519,0.01009,0.01133,0.01263
0.15148,0.14178,0.04028,0.06114,0.06687,0.03436,0.09735,0.05497,0.02752,0.03810,0.02370,0.01645,0.05053,0.03085,0.02926,0.02022,0.05076,0.01411,0.02261,0.02764
0.13613,0.14846,0.09266,0.04964,0.03026,0.03967,0.04817,0.08811,0.06222,0.02009,0.03282,0.02482,0.03613,0.03066,0.02563,0.02389,0.04629,0.02052,0.01664,0.02719
0.15998,0.17088,0.05226,0.05134,0.04442,0.05285,0.03662,0.03695,0.03133,0.03793,0.04702,0.02253,0.03812,0.04036,0.03472,0.03289,0.02647,0.02165,0.03104,0.03065
0.22534,0.18304,0.04784,0.05123,0.03913,0.04350,0.04275,0.04740,0.04908,0.03216,0.02445,0.01303,0.03464,0.02637,0.02118,0.02325,0.03076,0.01942,0.01265,0.03277
0.11783,0.09001,0.07856,0.02085,0.06023,0.07003,0.05387,0.03529,0.05262,0.05160,0.08995,0.02421,0.04513,0.02097,0.02464,0.02844,0.02256,0.04038,0.02141,0.05141
0.15638,0.16168,0.03105,0.03206,0.03081,0.02983,0.03391,0.12952,0.02920,0.02474,0.02834,0.01486,0.02912,0.02024,0.01880,0.02196,0.13476,0.02932,0.01544,0.02797
0.13331,0.13778,0.05266,0.04725,0.06394,0.02182,0.06140,0.08146,0.03514,0.03349,0.01657,0.02961,0.03807,0.02187,0.02339,0.02289,0.07134,0.03116,0.02633,0.05053
0.27345,0.22937,0.06325,0.01812,0.04336,0.05171,0.02696,0.04415,0.04367,0.02755,0.02389,0.01608,0.02020,0.01746,0.02077,0.02219,0.01890,0.01169,0.00894,0.01827
0.15450,0.13315,0.03286,0.02613,0.04192,0.03766,0.03362,0.05487,0.03671,0.03637,0.05768,0.05050,0.03764,0.04427,0.04088,0.03470,0.02898,0.04612,0.01692,0.05454
0.16705,0.17866,0.05510,0.13460,0.03961,0.04234,0.04499,0.02520,0.03778,0.03108,0.02597,0.01642,0.02956,0.04061,0.02320,0.03047,0.02417,0.01435,0.01917,0.01967
0.22425,0.21278,0.04394,0.03524,0.03823,0.03601,0.03130,0.03268,0.01751,0.03977,0.05304,0.01787,0.04190,0.03651,0.02959,0.01389,0.02543,0.01954,0.01129,0.03922
0.14162,0.17502,0.03160,0.05185,0.03290,0.02434,0.04711,0.08132,0.02460,0.04117,0.01634,0.03010,0.02697,0.07366,0.04154,0.03124,0.03934,0.03122,0.02606,0.03201
0.14155,0.14610,0.06762,0.03492,0.05556,0.03990,0.04243,0.07618,0.03689,0.02705,0.04089,0.03910,0.03718,0.02575,0.02577,0.02005,0.05108,0.03420,0.02170,0.03608
0.21768,0.25489,0.02369,0.03517,0.01796,0.01526,0.01964,0.02451,0.01753,0.08030,0.02318,0.01338,0.01844,0.01726,0.12532,0.03296,0.02115,0.01442,0.01333,0.01393
0.08472,0.09137,0.08824,0.02906,0.09038,0.04488,0.03567,0.06145,0.09422,0.01977,0.03057,0.03365,0.05256,0.02618,0.03191,0.02564,0.04095,0.06621,0.01573,0.03684
0.06193,0.08378,0.11168,0.05832,0.06232,0.03193,0.03536,0.03828,0.08583,0.03091,0.02427,0.03814,0.05726,0.07822,0.03086,0.06430,0.03046,0.02671,0.01817,0.03128
0.20986,0.23174,0.03372,0.05493,0.03684,0.02735,0.03274,0.04445,0.01601,0.02958,0.02356,0.02171,0.04109,0.02330,0.04985,0.02833,0.03103,0.01781,0.01929,0.02681
0.03527,0.03311,0.11244,0.02113,0.02911,0.01440,0.02844,0.01440,0.01670,0.22096,0.33010,0.00945,0.02205,0.00910,0.04868,0.01275,0.01192,0.00715,0.00768,0.01515
0.09284,0.11677,0.03603,0.04178,0.14680,0.04389,0.04689,0.04290,0.14438,0.02812,0.02986,0.02904,0.04487,0.02188,0.01911,0.02801,0.02970,0.01431,0.01249,0.03032
0.17307,0.15793,0.04384,0.04525,0.05057,0.06945,0.05075,0.04207,0.03661,0.02411,0.03171,0.02711,0.04260,0.05173,0.02508,0.02451,0.03004,0.01861,0.01785,0.03711
0.23302,0.21747,0.06757,0.04050,0.03744,0.05456,0.02576,0.02928,0.06940,0.01711,0.03351,0.01512,0.02367,0.02314,0.01312,0.02488,0.01966,0.01681,0.01575,0.02223
0.11640,0.09885,0.07763,0.03905,0.04998,0.05652,0.04639,0.04513,0.06208,0.04547,0.04246,0.02485,0.04309,0.03099,0.03836,0.04027,0.02618,0.04849,0.02564,0.04218
0.15852,0.14131,0.04602,0.04769,0.09499,0.05344,0.04194,0.02237,0.08593,0.03496,0.03183,0.01716,0.03227,0.03901,0.02764,0.02837,0.02379,0.01780,0.02597,0.02898
0.15052,0.15062,0.04580,0.03489,0.06848,0.02542,0.06267,0.06295,0.01877,0.03766,0.01565,0.02672,0.07222,0.02326,0.02864,0.01537,0.03437,0.04977,0.02874,0.04749
0.25339,0.25134,0.03886,0.04406,0.04543,0.01984,0.02756,0.02012,0.02203,0.02397,0.01539,0.01145,0.02489,0.07026,0.03660,0.02717,0.01113,0.02481,0.01133,0.02035
0.17481,0.17045,0.03635,0.02356,0.09428,0.04230,0.04001,0.04224,0.04367,0.03546,0.04679,0.01648,0.02669,0.03120,0.02294,0.02433,0.04019,0.02407,0.02365,0.04051
0.06177,0.05773,0.07824,0.10053,0.10782,0.04746,0.06640,0.03171,0.10127,0.06578,0.03301,0.01498,0.04263,0.02302,0.02926,0.02129,0.03968,0.02204,0.02285,0.03254
0.18966,0.18099,0.04695,0.02929,0.06774,0.02854,0.04073,0.04256,0.03178,0.03371,0.03000,0.02566,0.04084,0.03660,0.03324,0.02521,0.02687,0.03564,0.01631,0.03767
0.13763,0.11578,0.20025,0.01623,0.02899,0.05162,0.01837,0.03006,0.16738,0.02225,0.04081,0.01798,0.02879,0.02581,0.01515,0.00962,0.02356,0.01648,0.00699,0.02627
0.26206,0.21727,0.05269,0.01310,0.02932,0.03858,0.02528,0.02613,0.01470,0.08068,0.11906,0.00988,0.01051,0.01491,0.02001,0.01049,0.01905,0.00807,0.00791,0.02032
0.04640,0.05322,0.23902,0.04265,0.08078,0.02006,0.02923,0.02508,0.24667,0.02453,0.02767,0.01931,0.02342,0.01580,0.00962,0.01947,0.02229,0.02216,0.01396,0.01865
0.25083,0.23403,0.06184,0.02003,0.02785,0.03252,0.02883,0.03703,0.04062,0.01925,0.03046,0.03803,0.02194,0.02187,0.02160,0.01883,0.01860,0.02707,0.01667,0.03209
0.18790,0.15696,0.04869,0.05652,0.05672,0.03657,0.05319,0.05132,0.03125,0.03509,0.02716,0.01941,0.03568,0.03456,0.02838,0.03111,0.02622,0.02424,0.01676,0.04225
0.27744,0.27266,0.03062,0.02448,0.02376,0.04605,0.02619,0.02804,0.02476,0.02130,0.03239,0.03286,0.02399,0.01560,0.01964,0.02298,0.02156,0.01741,0.01601,0.02225
0.04174,0.05442,0.15682,0.03472,0.05322,0.04143,0.07453,0.06536,0.09748,0.03562,0.03388,0.02719,0.06115,0.03407,0.04080,0.02355,0.02875,0.03313,0.03338,0.02876
0.03278,0.03652,0.36907,0.01881,0.02605,0.02115,0.01660,0.01888,0.34639,0.01023,0.01472,0.01183,0.01020,0.01107,0.00722,0.00929,0.01100,0.00800,0.00848,0.01172
0.05184,0.10266,0.06173,0.26144,0.03223,0.04503,0.02326,0.02765,0.04055,0.01281,0.02722,0.01886,0.02847,0.08390,0.02309,0.08750,0.02008,0.01888,0.01994,0.01285
0.06716,0.05982,0.16162,0.06219,0.06899,0.07064,0.02781,0.02817,0.19320,0.02336,0.01962,0.01614,0.03716,0.03275,0.02604,0.02373,0.02519,0.01966,0.01039,0.02636
0.08003,0.09225,0.06129,0.02864,0.02900,0.02354,0.08864,0.11468,0.02492,0.01995,0.02252,0.13862,0.03723,0.01723,0.03073,0.04294,0.08569,0.01500,0.01598,0.03111
0.07757,0.10219,0.11237,0.06686,0.08063,0.03398,0.03095,0.04047,0.08452,0.05122,0.05275,0.02113,0.02684,0.04888,0.03892,0.02969,0.02113,0.02695,0.01984,0.03310
0.07328,0.06701,0.20300,0.03847,0.02291,0.03661,0.02416,0.07544,0.15590,0.04457,0.03355,0.01389,0.02150,0.01765,0.04228,0.02203,0.06265,0.01233,0.01414,0.01863
0.12223,0.14347,0.03560,0.08588,0.05189,0.09289,0.02590,0.03210,0.04481,0.02902,0.02908,0.02245,0.02733,0.04273,0.02802,0.07931,0.02765,0.03185,0.01914,0.02866
0.03289,0.03575,0.09376,0.02840,0.21155,0.02497,0.03863,0.04661,0.22621,0.04290,0.01603,0.02244,0.02243,0.01110,0.02093,0.01146,0.03582,0.02434,0.03433,0.01945
0.15014,0.15692,0.07076,0.04651,0.03955,0.04133,0.02858,0.05002,0.04502,0.04175,0.03649,0.03983,0.03295,0.04356,0.03806,0.02551,0.01969,0.03288,0.02578,0.03467
0.13305,0.16938,0.03064,0.12581,0.01872,0.04533,0.07006,0.03099,0.01625,0.02208,0.01682,0.02349,0.05359,0.03234,0.04430,0.03864,0.04433,0.01076,0.03361,0.03982
0.04962,0.09542,0.04223,0.07488,0.04818,0.04503,0.08448,0.04763,0.02971,0.02124,0.01295,0.04012,0.07019,0.04523,0.06038,0.04149,0.05676,0.05146,0.04613,0.03685
0.16912,0.20019,0.02780,0.09361,0.02575,0.04774,0.06420,0.02244,0.01815,0.02749,0.03206,0.02636,0.05648,0.03613,0.04096,0.01764,0.03055,0.01233,0.02381,0.02715
0.11967,0.15155,0.08352,0.04369,0.05179,0.03253,0.04493,0.05140,0.04135,0.04085,0.01775,0.03378,0.05372,0.04903,0.03272,0.01879,0.02864,0.03403,0.02584,0.04440
0.13532,0.13898,0.08794,0.05825,0.05539,0.04310,0.03144,0.04607,0.08381,0.01511,0.02018,0.02668,0.03600,0.05696,0.02362,0.03858,0.03642,0.02087,0.01875,0.02652
0.07444,0.08743,0.23439,0.06396,0.04107,0.03738,0.02615,0.03160,0.20341,0.01866,0.01531,0.01385,0.01568,0.03407,0.01559,0.02535,0.01807,0.01132,0.01246,0.01983
0.13270,0.12863,0.05909,0.04136,0.05407,0.04314,0.06088,0.05739,0.04192,0.02761,0.02273,0.10051,0.03451,0.02381,0.02766,0.04105,0.03317,0.02469,0.01754,0.02753
0.16547,0.20737,0.05436,0.06037,0.03264,0.04029,0.04284,0.04167,0.03399,0.02576,0.05093,0.02414,0.03813,0.02660,0.02743,0.02506,0.03138,0.02650,0.02268,0.02238
0.25441,0.25749,0.05564,0.03586,0.04095,0.02923,0.02464,0.02908,0.06478,0.02154,0.01884,0.01705,0.01441,0.02905,0.01860,0.02043,0.01624,0.01958,0.01187,0.02030
0.12624,0.11564,0.05851,0.03626,0.10498,0.05952,0.07592,0.04135,0.03232,0.03853,0.01586,0.01410,0.03549,0.02713,0.04699,0.02426,0.03098,0.03736,0.02539,0.05318
0.31366,0.28198,0.03320,0.01999,0.02720,0.03870,0.02301,0.02035,0.04082,0.02309,0.03133,0.01459,0.01713,0.01914,0.01224,0.01922,0.01427,0.01356,0.01272,0.02380
0.13642,0.06880,0.04627,0.03685,0.13060,0.03132,0.07806,0.03641,0.02113,0.06207,0.03029,0.04152,0.04927,0.02009,0.03340,0.04467,0.02890,0.03189,0.01903,0.05300
0.10616,0.08078,0.22069,0.03389,0.03734,0.04407,0.02755,0.02047,0.19122,0.01859,0.02430,0.02614,0.02124,0.02554,0.01557,0.02251,0.01364,0.02819,0.01981,0.02229
0.17258,0.13268,0.05720,0.02741,0.05791,0.08573,0.01922,0.02806,0.05082,0.03156,0.08389,0.01603,0.06104,0.05176,0.02392,0.01728,0.01893,0.01892,0.01160,0.03347
0.16454,0.13655,0.15081,0.02088,0.05491,0.05305,0.01948,0.02705,0.09271,0.02425,0.06134,0.01581,0.02161,0.02481,0.01968,0.02511,0.01557,0.02286,0.01078,0.03819
0.09630,0.10982,0.09893,0.04777,0.03985,0.05214,0.03613,0.04382,0.08569,0.05799,0.04919,0.02393,0.02677,0.03216,0.04216,0.03422,0.04068,0.02760,0.03034,0.02451
0.12966,0.13164,0.03805,0.05667,0.03824,0.05813,0.05410,0.07886,0.03239,0.02422,0.02235,0.02217,0.04093,0.02507,0.04144,0.04504,0.06277,0.02612,0.02700,0.04515
0.06152,0.06567,0.17181,0.03824,0.07659,0.05797,0.02118,0.02653,0.18820,0.03620,0.03206,0.01529,0.01861,0.02509,0.02256,0.04061,0.02689,0.02266,0.02619,0.02611
0.12075,0.13763,0.02886,0.02997,0.04114,0.01937,0.04014,0.14860,0.01555,0.02591,0.02119,0.04915,0.04189,0.02904,0.05254,0.01820,0.09955,0.03351,0.01217,0.03483
0.12121,0.12904,0.04609,0.06040,0.04583,0.02750,0.09736,0.05439,0.01696,0.04694,0.01816,0.02318,0.07852,0.02391,0.04955,0.02095,0.03491,0.01944,0.03640,0.04927
0.13051,0.07151,0.06409,0.04180,0.16309,0.03625,0.05533,0.03857,0.03570,0.04116,0.02536,0.02558,0.04258,0.02830,0.02471,0.03238,0.01838,0.03400,0.01839,0.07231
0.05074,0.05677,0.09980,0.07011,0.09354,0.04021,0.05272,0.04139,0.10596,0.05272,0.02599,0.02776,0.04551,0.03909,0.03458,0.03724,0.03075,0.04248,0.02459,0.02806
0.08322,0.08367,0.05450,0.03717,0.11834,0.06728,0.03462,0.04432,0.09931,0.04219,0.03489,0.03322,0.03834,0.02224,0.03257,0.04127,0.04365,0.03590,0.02471,0.02858
0.15984,0.13956,0.04720,0.02649,0.06258,0.05140,0.03019,0.03840,0.04102,0.03824,0.07029,0.02186,0.04630,0.03937,0.02244,0.03252,0.03799,0.03654,0.01869,0.03907
0.10255,0.11244,0.07372,0.04287,0.05697,0.03488,0.07169,0.07679,0.06572,0.03795,0.04382,0.04737,0.04050,0.02823,0.02616,0.01210,0.05725,0.01305,0.01810,0.03784
0.16595,0.15306,0.11219,0.02456,0.03366,0.09546,0.02096,0.02294,0.08379,0.01847,0.02888,0.01664,0.03861,0.04176,0.01441,0.02001,0.01952,0.02725,0.03383,0.02806
0.09768,0.04623,0.07500,0.01879,0.08248,0.03862,0.02865,0.02931,0.02962,0.06823,0.16069,0.01790,0.05846,0.03411,0.01990,0.02026,0.01858,0.03781,0.02364,0.09404
0.10401,0.10337,0.02421,0.02360,0.06114,0.03679,0.05623,0.13765,0.01784,0.02674,0.02855,0.02526,0.04599,0.03576,0.01765,0.02790,0.13376,0.01811,0.02638,0.04906
0.12666,0.12919,0.03823,0.04570,0.02854,0.03023,0.09025,0.09964,0.02924,0.02487,0.01607,0.09465,0.02887,0.02291,0.01664,0.03036,0.07307,0.01596,0.02025,0.03868
0.14398,0.12868,0.05276,0.03062,0.04898,0.06880,0.03001,0.03754,0.04507,0.04101,0.07963,0.01854,0.04723,0.02826,0.02274,0.03303,0.03342,0.02869,0.03846,0.04253
0.08154,0.07703,0.05703,0.03373,0.02945,0.02910,0.02333,0.18132,0.04243,0.04445,0.04496,0.01412,0.02334,0.03783,0.02018,0.02754,0.17230,0.01737,0.01363,0.02932
0.16515,0.15845,0.05351,0.03168,0.06965,0.04404,0.06180,0.03141,0.05530,0.03431,0.03465,0.03676,0.04061,0.02660,0.02655,0.02281,0.03352,0.02099,0.02265,0.02957
0.09668,0.05762,0.05585,0.04115,0.11921,0.04610,0.06543,0.03021,0.03440,0.06070,0.05551,0.02368,0.06476,0.02621,0.03955,0.04004,0.02620,0.02937,0.03012,0.05721
0.12382,0.10891,0.05963,0.07498,0.07453,0.04486,0.04819,0.02847,0.07077,0.04058,0.03125,0.01607,0.02513,0.02749,0.05106,0.04096,0.03124,0.03008,0.03927,0.03272
0.27380,0.26118,0.02760,0.01972,0.02598,0.02628,0.02434,0.05526,0.01941,0.02654,0.02025,0.01346,0.02357,0.02129,0.03955,0.01948,0.05241,0.01649,0.01225,0.02112
0.12914,0.14517,0.03654,0.04996,0.07881,0.03665,0.04545,0.03452,0.04997,0.03475,0.03061,0.02888,0.05175,0.05511,0.03426,0.04284,0.03625,0.02009,0.02278,0.03646
0.06591,0.07861,0.05705,0.06080,0.06120,0.03269,0.08339,0.07849,0.02580,0.03018,0.02709,0.02079,0.10345,0.04580,0.05924,0.02932,0.02312,0.03265,0.04081,0.04360
0.10569,0.09441,0.08747,0.04982,0.09832,0.04783,0.03625,0.06645,0.10107,0.03181,0.02663,0.01494,0.04268,0.02266,0.02242,0.02963,0.05165,0.02153,0.01697,0.03178
0.08827,0.08320,0.13860,0.02931,0.03837,0.03693,0.01921,0.05112,0.11535,0.06769,0.06406,0.01815,0.02075,0.03247,0.05677,0.02539,0.03481,0.01919,0.02372,0.03663
0.13417,0.15374,0.02210,0.02806,0.01815,0.01621,0.02188,0.02202,0.01224,0.19874,0.03914,0.00722,0.01784,0.01600,0.20228,0.01627,0.02123,0.01591,0.01568,0.02112
0.11131,0.11184,0.08137,0.04909,0.03617,0.03938,0.03765,0.09093,0.04480,0.04044,0.05124,0.03189,0.03727,0.03626,0.02937,0.01855,0.08070,0.02119,0.01959,0.03095
0.08739,0.08169,0.07086,0.03379,0.03363,0.02377,0.03035,0.02059,0.03170,0.18954,0.14979,0.01033,0.02269,0.02000,0.11492,0.01565,0.01871,0.00930,0.01378,0.02151
0.27006,0.23972,0.05439,0.03555,0.03008,0.03676,0.04102,0.02862,0.03546,0.03052,0.02785,0.01101,0.02199,0.01693,0.01786,0.02438,0.02607,0.01587,0.01656,0.01931
0.19965,0.18629,0.10684,0.03761,0.03509,0.03672,0.02307,0.03072,0.10081,0.03303,0.03786,0.01012,0.01931,0.03448,0.02268,0.01523,0.01712,0.02024,0.01089,0.02225
0.17597,0.16055,0.04528,0.03313,0.05542,0.05257,0.03273,0.04181,0.05029,0.03415,0.04558,0.01854,0.04030,0.03738,0.02558,0.02308,0.04514,0.02280,0.01276,0.04695
0.15317,0.14249,0.04941,0.05201,0.03365,0.04916,0.05586,0.05619,0.02178,0.03849,0.03616,0.02498,0.05993,0.04300,0.04818,0.02653,0.02487,0.01650,0.02869,0.03896
0.22082,0.21170,0.04863,0.05806,0.05322,0.03084,0.05029,0.02775,0.02900,0.02814,0.01538,0.01781,0.03051,0.03687,0.02281,0.02394,0.02125,0.02337,0.01636,0.03324
0.04999,0.05954,0.04481,0.01570,0.05537,0.02567,0.09115,0.13030,0.01740,0.02542,0.02456,0.21784,0.02075,0.02054,0.02639,0.02701,0.08678,0.01870,0.01642,0.02564
0.05025,0.09424,0.03214,0.08732,0.06290,0.05154,0.06015,0.01695,0.03212,0.02023,0.01991,0.08213,0.05755,0.01634,0.02717,0.09682,0.07706,0.02532,0.06048,0.02938
0.08457,0.09415,0.05230,0.04373,0.03132,0.06254,0.05336,0.12061,0.03559,0.02749,0.02629,0.06101,0.03269,0.02150,0.02457,0.04307,0.11447,0.01927,0.02433,0.02714
0.03389,0.03476,0.07781,0.02341,0.20259,0.04657,0.05408,0.03418,0.23238,0.02309,0.01594,0.02553,0.03139,0.02002,0.01473,0.02686,0.03499,0.02369,0.02135,0.02273
0.06091,0.08906,0.06315,0.05977,0.06233,0.04946,0.03849,0.03033,0.05662,0.06011,0.07052,0.04035,0.03301,0.03940,0.04113,0.03680,0.03065,0.03519,0.05486,0.04785
0.12315,0.11368,0.17620,0.03229,0.04937,0.04262,0.04451,0.03223,0.15296,0.02580,0.02467,0.02048,0.02851,0.02218,0.01860,0.01649,0.01832,0.02327,0.01211,0.02257
0.14849,0.11380,0.04194,0.02976,0.04175,0.03803,0.04383,0.08539,0.01743,0.07565,0.04030,0.02278,0.03185,0.02864,0.06047,0.02530,0.08062,0.01767,0.01565,0.04066
0.14338,0.14139,0.03828,0.02820,0.11745,0.04196,0.03346,0.03648,0.12046,0.04570,0.03683,0.01977,0.02785,0.02214,0.03932,0.01618,0.03392,0.01850,0.01999,0.01874
0.11521,0.12151,0.05996,0.03793,0.08227,0.05281,0.03377,0.06018,0.06516,0.03757,0.06608,0.01735,0.03579,0.03668,0.02727,0.02245,0.03461,0.02953,0.02961,0.03427
0.12563,0.11054,0.05202,0.03010,0.09758,0.05513,0.03121,0.06322,0.09391,0.02657,0.03475,0.02935,0.02837,0.04075,0.02508,0.02873,0.04007,0.03314,0.01217,0.04167
0.12732,0.11446,0.03353,0.05148,0.10887,0.05155,0.04307,0.04548,0.04968,0.03140,0.03798,0.01890,0.06469,0.04015,0.03104,0.02968,0.03767,0.02571,0.01920,0.03816
0.08493,0.09997,0.04307,0.05468,0.14324,0.03631,0.04605,0.05332,0.11084,0.03322,0.03558,0.01262,0.05864,0.04064,0.03884,0.01660,0.02296,0.02168,0.02033,0.02647
0.26338,0.26535,0.02767,0.01959,0.01932,0.02049,0.02834,0.08547,0.02039,0.01977,0.01076,0.03509,0.02160,0.03113,0.02266,0.01694,0.05191,0.01036,0.00977,0.02002
0.26916,0.23435,0.02954,0.03307,0.07892,0.03293,0.06370,0.01548,0.01815,0.02313,0.01670,0.01503,0.03225,0.02793,0.01811,0.01760,0.02020,0.01382,0.00920,0.03072
0.19090,0.16979,0.11721,0.04080,0.03321,0.05465,0.02175,0.02930,0.08799,0.02048,0.02525,0.01933,0.02441,0.03569,0.01811,0.02458,0.02441,0.01918,0.01506,0.02788
0.13626,0.12602,0.06045,0.03695,0.05054,0.09064,0.03496,0.03266,0.06907,0.04571,0.06000,0.01548,0.02972,0.02272,0.03267,0.04286,0.02749,0.02999,0.01497,0.04083
0.14484,0.11868,0.03795,0.02179,0.01952,0.02745,0.01732,0.16741,0.01997,0.07226,0.03649,0.01322,0.01629,0.01350,0.05088,0.00966,0.16005,0.01346,0.00942,0.02986
0.03032,0.03903,0.17621,0.03914,0.11707,0.03334,0.02809,0.04946,0.21864,0.03215,0.01822,0.02243,0.02967,0.01943,0.01830,0.02542,0.03379,0.02930,0.01856,0.02142
0.09210,0.11843,0.02960,0.02570,0.01852,0.03110,0.01964,0.01721,0.01803,0.20888,0.09351,0.01603,0.02348,0.01499,0.16676,0.02409,0.02363,0.01572,0.01980,0.02279
0.11066,0.10136,0.04122,0.03368,0.13808,0.05024,0.03108,0.03789,0.08217,0.04056,0.04259,0.02083,0.06526,0.03937,0.03298,0.02738,0.02385,0.01808,0.01486,0.04785
0.13276,0.12957,0.06673,0.02970,0.02724,0.03861,0.03083,0.04781,0.02676,0.11617,0.11393,0.01466,0.01533,0.02493,0.05112,0.01998,0.03312,0.02133,0.01927,0.04014
0.08832,0.11449,0.06388,0.08220,0.06420,0.04568,0.10620,0.02372,0.03761,0.03451,0.03519,0.02886,0.07022,0.02652,0.05057,0.01515,0.03241,0.01789,0.03191,0.03049
0.07330,0.08799,0.10624,0.03891,0.04943,0.09720,0.04620,0.02850,0.11667,0.03118,0.03996,0.02760,0.02849,0.02542,0.02542,0.02706,0.04169,0.03905,0.03783,0.03188
0.08266,0.07846,0.06651,0.06645,0.15066,0.04547,0.07301,0.02753,0.06724,0.05166,0.01650,0.01865,0.04965,0.01973,0.03184,0.02875,0.03152,0.03588,0.02203,0.03580
0.15896,0.14252,0.10124,0.02696,0.03073,0.03668,0.01948,0.10598,0.07702,0.03184,0.04602,0.01272,0.01597,0.02500,0.02156,0.01592,0.08923,0.01328,0.00746,0.02144
0.31216,0.29526,0.04061,0.03339,0.02188,0.03480,0.01535,0.02497,0.03061,0.03291,0.02447,0.00991,0.01493,0.01749,0.02594,0.01381,0.01588,0.00942,0.01153,0.01465
0.08131,0.08704,0.07357,0.03977,0.04614,0.03091,0.02454,0.15858,0.06442,0.02397,0.02906,0.01987,0.02956,0.02634,0.01751,0.02263,0.15666,0.02622,0.01791,0.02397
0.11773,0.09486,0.04669,0.03198,0.08502,0.08195,0.06780,0.02808,0.03925,0.04581,0.03642,0.01814,0.05186,0.03321,0.02316,0.03604,0.02662,0.05423,0.02958,0.05154
0.03798,0.06357,0.16872,0.07861,0.03036,0.05870,0.04769,0.04492,0.13346,0.01658,0.04127,0.02730,0.02932,0.02799,0.02260,0.04394,0.04593,0.02456,0.03630,0.02019
0.25659,0.20961,0.02625,0.02756,0.03931,0.03445,0.04169,0.05609,0.01771,0.04787,0.02947,0.01096,0.02188,0.01705,0.03398,0.02622,0.04640,0.01362,0.01845,0.02485
0.11732,0.10084,0.08912,0.05630,0.06958,0.05127,0.04003,0.04381,0.08847,0.03952,0.03900,0.01962,0.03050,0.03710,0.03736,0.04335,0.03199,0.02521,0.01188,0.02772
0.08468,0.06495,0.04963,0.03299,0.14693,0.05458,0.03583,0.03872,0.15694,0.02950,0.03111,0.02481,0.03532,0.03165,0.02111,0.02816,0.03921,0.03567,0.01892,0.03928
0.06207,0.05625,0.03416,0.03647,0.26549,0.03262,0.02907,0.01902,0.27095,0.01393,0.01911,0.02257,0.02067,0.01918,0.01325,0.02046,0.01868,0.01646,0.01239,0.01719
0.08691,0.07171,0.07609,0.03730,0.09014,0.03474,0.07729,0.06284,0.04617,0.03744,0.03307,0.04393,0.03600,0.02229,0.04373,0.03360,0.05777,0.03377,0.02775,0.04745
0.21772,0.23212,0.03126,0.04697,0.04843,0.03322,0.04173,0.03961,0.01931,0.03210,0.02181,0.01437,0.05358,0.03990,0.02765,0.02552,0.01881,0.01630,0.01209,0.02750
0.13191,0.10595,0.02350,0.02885,0.18485,0.03538,0.03341,0.02685,0.15605,0.02540,0.02747,0.02549,0.04792,0.03539,0.02022,0.01464,0.01618,0.01268,0.01531,0.03256
0.08384,0.09051,0.10562,0.02840,0.03884,0.02832,0.03196,0.02311,0.03741,0.14880,0.20046,0.00912,0.01940,0.01927,0.06103,0.00846,0.02046,0.01517,0.01017,0.01965
0.08977,0.07398,0.05939,0.02730,0.05243,0.02938,0.02169,0.10706,0.02532,0.09386,0.11060,0.01776,0.03513,0.02090,0.04553,0.02429,0.09991,0.01565,0.01101,0.03903
0.11204,0.11770,0.04501,0.02494,0.03457,0.04732,0.03321,0.13549,0.03928,0.02320,0.03171,0.02320,0.02816,0.01962,0.03849,0.02510,0.13894,0.02646,0.01582,0.03974
0.09849,0.07742,0.04431,0.06576,0.12673,0.04801,0.04075,0.04070,0.09509,0.03902,0.04116,0.02327,0.03048,0.03129,0.02423,0.03508,0.04216,0.03006,0.02649,0.03949
0.16484,0.14852,0.13661,0.02670,0.03123,0.03731,0.02611,0.04739,0.11634,0.02712,0.03298,0.01943,0.02074,0.02506,0.02466,0.01618,0.03613,0.02434,0.01700,0.02134
0.14092,0.10780,0.05602,0.03663,0.07711,0.04496,0.05327,0.10264,0.02980,0.03271,0.04096,0.01941,0.03747,0.02385,0.01629,0.01734,0.06578,0.01802,0.02194,0.05708
0.12929,0.13082,0.07557,0.01853,0.03004,0.05190,0.01543,0.01968,0.03313,0.13170,0.20191,0.01080,0.01855,0.01244,0.02858,0.02069,0.01883,0.01464,0.01318,0.02429
0.07803,0.08354,0.07016,0.04655,0.06769,0.04367,0.05929,0.07503,0.05014,0.04886,0.02960,0.04287,0.04314,0.02239,0.04287,0.02619,0.07564,0.02478,0.03469,0.03488
0.11292,0.11003,0.03959,0.04054,0.06102,0.04591,0.05458,0.12671,0.01788,0.02703,0.03094,0.03956,0.03701,0.02101,0.02119,0.03842,0.10703,0.01848,0.01667,0.03349
0.09095,0.07960,0.09876,0.03202,0.03006,0.04107,0.02256,0.15033,0.08667,0.01737,0.02010,0.01998,0.02729,0.02494,0.02154,0.02095,0.16063,0.01501,0.01343,0.02675
0.14418,0.11752,0.03628,0.02914,0.06324,0.04910,0.05426,0.04344,0.02900,0.05350,0.05617,0.03358,0.05012,0.03765,0.02644,0.04578,0.02742,0.03709,0.01966,0.04644
0.06580,0.10939,0.07105,0.06468,0.06326,0.04335,0.04456,0.02991,0.03534,0.07606,0.09558,0.02342,0.05286,0.03796,0.02906,0.03386,0.02966,0.02907,0.02168,0.04347
0.22514,0.19935,0.05738,0.02319,0.04632,0.05478,0.01807,0.02450,0.04707,0.04293,0.05988,0.01348,0.02864,0.02121,0.03860,0.02706,0.01652,0.02276,0.01115,0.02197
0.08788,0.07735,0.09283,0.07841,0.12433,0.02302,0.02280,0.02711,0.13278,0.01591,0.02426,0.02001,0.03432,0.08084,0.02278,0.04864,0.02045,0.02162,0.01469,0.02996
0.11251,0.09119,0.06007,0.02836,0.09548,0.04867,0.04840,0.05878,0.08826,0.02627,0.02658,0.05246,0.03798,0.02319,0.02039,0.03894,0.04923,0.02838,0.02077,0.04408
0.06971,0.08258,0.04830,0.05247,0.08984,0.03203,0.06291,0.05732,0.04534,0.04460,0.02453,0.03740,0.07265,0.04026,0.03291,0.03525,0.05047,0.04318,0.03612,0.04214
0.19661,0.19940,0.04403,0.03590,0.03919,0.03089,0.06172,0.04708,0.02107,0.05319,0.01768,0.03600,0.04131,0.01772,0.03333,0.02073,0.02966,0.02949,0.01825,0.02675
0.17983,0.18248,0.07285,0.02982,0.03609,0.02672,0.02386,0.06496,0.05304,0.04558,0.02966,0.01841,0.02413,0.03032,0.03533,0.02094,0.06108,0.02073,0.02083,0.02334
0.18902,0.17094,0.05408,0.02035,0.04897,0.02678,0.02687,0.08459,0.03802,0.02885,0.07119,0.01256,0.02119,0.01631,0.02070,0.01811,0.08593,0.02810,0.00958,0.02786
0.24511,0.21585,0.04197,0.02835,0.03888,0.02831,0.03189,0.08081,0.02861,0.02820,0.01698,0.01655,0.02214,0.02257,0.01628,0.01580,0.07291,0.01104,0.01022,0.02752
0.14731,0.14838,0.06191,0.05694,0.07408,0.05209,0.07319,0.02459,0.04587,0.03731,0.02822,0.01975,0.03356,0.02924,0.02374,0.02474,0.03758,0.02944,0.01965,0.03241
0.21055,0.19177,0.05910,0.03148,0.04433,0.07471,0.01992,0.02424,0.05170,0.04419,0.05320,0.02294,0.01847,0.03982,0.02402,0.01681,0.01349,0.02036,0.01313,0.02577
0.09655,0.08101,0.02959,0.04310,0.25047,0.02570,0.02317,0.01186,0.23267,0.02643,0.01873,0.02178,0.01786,0.02407,0.01934,0.02102,0.01050,0.01472,0.01304,0.01840
0.26047,0.23695,0.03850,0.02684,0.04569,0.02952,0.04779,0.03453,0.02909,0.02055,0.02204,0.01996,0.03192,0.02627,0.02649,0.02281,0.02136,0.01757,0.01520,0.02645
0.05468,0.06676,0.22894,0.02234,0.10200,0.03275,0.02402,0.01794,0.24234,0.02484,0.03513,0.01536,0.01987,0.02125,0.01666,0.01934,0.01527,0.01476,0.01048,0.01527
0.13322,0.11876,0.10317,0.04942,0.04978,0.05929,0.02720,0.03387,0.08074,0.03550,0.06061,0.01103,0.02697,0.03511,0.03082,0.01946,0.02877,0.02766,0.01781,0.05082
0.05614,0.04354,0.02344,0.04106,0.03950,0.03512,0.03693,0.18645,0.02087,0.04583,0.01850,0.04111,0.05085,0.02677,0.03744,0.02615,0.18252,0.02245,0.01755,0.04777
0.21306,0.18899,0.04125,0.05051,0.04176,0.05325,0.03956,0.04064,0.02963,0.02133,0.03321,0.02736,0.02668,0.02962,0.03986,0.03110,0.02263,0.02323,0.01671,0.02962
0.07211,0.06707,0.11758,0.03587,0.17220,0.04016,0.02947,0.03261,0.20293,0.02270,0.02255,0.01629,0.01857,0.02685,0.02327,0.01629,0.01894,0.01922,0.00996,0.03535
0.12555,0.11779,0.11451,0.02757,0.06033,0.03879,0.04633,0.05398,0.10928,0.02847,0.02993,0.03513,0.02721,0.02079,0.02644,0.01763,0.05157,0.02122,0.01398,0.03351
0.22448,0.22965,0.06711,0.03706,0.03041,0.02573,0.05796,0.04021,0.03428,0.01671,0.01671,0.03115,0.03741,0.02477,0.01952,0.01694,0.01710,0.03300,0.01761,0.02219
0.05559,0.06279,0.16347,0.02976,0.02218,0.03656,0.02027,0.15568,0.11896,0.02078,0.02662,0.01449,0.01976,0.03168,0.01699,0.01787,0.14550,0.01088,0.01522,0.01495
0.09367,0.08469,0.15023,0.03437,0.06589,0.04410,0.03536,0.04000,0.16502,0.02199,0.02379,0.02328,0.02315,0.02858,0.02214,0.02912,0.04382,0.02426,0.02240,0.02412
0.13593,0.12631,0.05245,0.05194,0.03826,0.04512,0.03702,0.04420,0.02019,0.08986,0.06373,0.02530,0.03363,0.03318,0.06619,0.02754,0.02974,0.01919,0.02299,0.03723
0.18560,0.11451,0.06755,0.03061,0.08947,0.04517,0.04504,0.04303,0.03810,0.04070,0.05520,0.01503,0.03424,0.02838,0.01892,0.02598,0.02570,0.03115,0.01600,0.04960
0.06334,0.07875,0.10413,0.11242,0.03066,0.03893,0.02539,0.09663,0.07965,0.02158,0.02597,0.02408,0.03299,0.05347,0.02200,0.05765,0.07032,0.02393,0.01694,0.02117
0.17793,0.10323,0.04384,0.03097,0.16320,0.03452,0.09428,0.02453,0.02043,0.05384,0.01417,0.02158,0.05158,0.02145,0.01612,0.01742,0.02400,0.02721,0.01658,0.04311
0.04176,0.03843,0.15837,0.02465,0.03222,0.02550,0.03196,0.17740,0.12738,0.03231,0.01724,0.01304,0.01849,0.01447,0.01367,0.01564,0.16979,0.01485,0.01321,0.01961
