0.05605,0.03167,0.01423,0.07269,0.01898,0.65809,0.01366,0.01060,0.09959,0.02445
0.04428,0.01054,0.00920,0.34921,0.01418,0.41569,0.05597,0.00672,0.04874,0.04547
0.33918,0.02090,0.03415,0.06663,0.03964,0.12128,0.03302,0.01744,0.29178,0.03599
0.01205,0.01363,0.01743,0.02797,0.02071,0.50913,0.03564,0.00741,0.28848,0.06756
0.11235,0.05529,0.09132,0.04103,0.11756,0.13310,0.14859,0.18608,0.08902,0.02565
0.15261,0.08249,0.09681,0.07780,0.12065,0.10876,0.03943,0.03514,0.23024,0.05607
0.03157,0.11878,0.07033,0.04902,0.03351,0.45359,0.09349,0.00586,0.04893,0.09491
0.19388,0.10472,0.10708,0.01428,0.02816,0.38877,0.01325,0.00427,0.11506,0.03052
0.11974,0.00824,0.00529,0.01003,0.01139,0.74647,0.00982,0.00352,0.06277,0.02272
0.04326,0.25383,0.00511,0.01625,0.00804,0.27675,0.32004,0.00282,0.01930,0.05460
0.06980,0.14547,0.07787,0.02224,0.14693,0.16947,0.01693,0.00748,0.31820,0.02562
0.02116,0.02732,0.03041,0.04318,0.02280,0.09128,0.05631,0.01544,0.16949,0.52260
0.05399,0.22124,0.08498,0.03448,0.20752,0.05280,0.02187,0.12515,0.14327,0.05469
0.12006,0.00683,0.00755,0.03293,0.05606,0.03983,0.00928,0.61185,0.07947,0.03613
0.00312,0.00239,0.00276,0.00302,0.00235,0.93434,0.00758,0.00207,0.03174,0.01064
0.15679,0.09319,0.05888,0.06038,0.06054,0.02172,0.01765,0.41977,0.08507,0.02600
0.03460,0.03530,0.02589,0.06247,0.04684,0.42111,0.05160,0.01691,0.11599,0.18929
0.01143,0.58105,0.02337,0.04813,0.01480,0.05437,0.01968,0.12211,0.10399,0.02107
0.01319,0.01464,0.02123,0.03453,0.00988,0.18219,0.06455,0.00704,0.05117,0.60160
0.01249,0.09784,0.02476,0.06779,0.01900,0.02659,0.26564,0.01379,0.03180,0.44029
0.03389,0.08421,0.17939,0.10514,0.11239,0.17972,0.15216,0.01651,0.09435,0.04224
0.00880,0.03525,0.01176,0.05508,0.01223,0.07153,0.08003,0.00683,0.12746,0.59103
0.01580,0.83835,0.00922,0.01137,0.04053,0.02167,0.01039,0.00620,0.02667,0.01979
0.05316,0.04269,0.06712,0.06323,0.07194,0.04648,0.01497,0.43179,0.18299,0.02562
0.25589,0.07525,0.02839,0.05608,0.04510,0.17330,0.20730,0.07674,0.06820,0.01374
0.01774,0.02118,0.01686,0.01784,0.01807,0.06051,0.25782,0.01718,0.02925,0.54356
0.00267,0.88475,0.00179,0.03727,0.00226,0.01616,0.00998,0.00278,0.01706,0.02528
0.02199,0.02605,0.01518,0.02494,0.02636,0.74906,0.04556,0.01363,0.05718,0.02004
0.11318,0.05536,0.08112,0.05611,0.08231,0.35760,0.05992,0.03887,0.08401,0.07152
0.07554,0.11265,0.03811,0.08777,0.14092,0.31903,0.02736,0.00829,0.16015,0.03018
0.05360,0.05308,0.06494,0.09969,0.11620,0.22023,0.01839,0.01514,0.33832,0.02042
0.04210,0.61153,0.00527,0.00493,0.17038,0.01927,0.00495,0.00764,0.12190,0.01203
0.01922,0.01537,0.01471,0.02005,0.02055,0.78692,0.01111,0.00574,0.08774,0.01858
0.01759,0.30504,0.36934,0.00918,0.01499,0.04273,0.09241,0.09822,0.03225,0.01824
0.01838,0.01815,0.02107,0.02222,0.01665,0.55311,0.04129,0.02860,0.26171,0.01881
0.10534,0.23512,0.03111,0.21430,0.07930,0.15880,0.04733,0.00946,0.04009,0.07916
0.03179,0.19252,0.30409,0.07378,0.04948,0.05080,0.13645,0.01099,0.02405,0.12604
0.34073,0.12793,0.01034,0.06099,0.01107,0.12889,0.02789,0.00558,0.05148,0.23510
0.01439,0.01403,0.00930,0.01947,0.01126,0.72634,0.02979,0.00408,0.06049,0.11085
0.01271,0.01275,0.01397,0.02228,0.01271,0.81306,0.01313,0.00496,0.07455,0.01990
0.02327,0.02089,0.21593,0.01660,0.28456,0.04854,0.35165,0.00900,0.01739,0.01217
0.02680,0.07197,0.02762,0.09142,0.03329,0.09681,0.38584,0.02393,0.12817,0.11415
0.03279,0.01351,0.01444,0.04661,0.19562,0.42328,0.00933,0.00456,0.23816,0.02171
0.06639,0.05314,0.06153,0.03920,0.05589,0.16346,0.03632,0.05269,0.39158,0.07980
0.00668,0.00579,0.00587,0.00724,0.00697,0.87720,0.00879,0.00411,0.05845,0.01890
0.02719,0.02605,0.04786,0.07175,0.02581,0.65871,0.01542,0.00557,0.09856,0.02307
0.01895,0.02009,0.16208,0.31414,0.07477,0.24285,0.02680,0.01946,0.10570,0.01517
0.01515,0.00652,0.00515,0.00846,0.00597,0.02026,0.03664,0.00422,0.01176,0.88586
0.02867,0.06454,0.07917,0.09278,0.03285,0.12339,0.24224,0.01059,0.12506,0.20071
0.12829,0.01733,0.02130,0.31856,0.18815,0.21105,0.01953,0.00642,0.03211,0.05726
0.04502,0.05195,0.01572,0.07500,0.02009,0.51203,0.07104,0.00387,0.03987,0.16542
0.04469,0.01063,0.00701,0.14971,0.00523,0.34991,0.01211,0.00248,0.09180,0.32643
0.01526,0.01097,0.01113,0.01887,0.01563,0.82006,0.01447,0.00475,0.05047,0.03838
0.02317,0.06811,0.15783,0.02052,0.02783,0.43263,0.06632,0.00811,0.13126,0.06421
0.02717,0.08750,0.10736,0.15725,0.06665,0.24180,0.15297,0.01181,0.09278,0.05472
0.04158,0.04571,0.04422,0.01331,0.58561,0.08922,0.05887,0.01020,0.05529,0.05600
0.08398,0.09990,0.09203,0.06987,0.08710,0.08825,0.13963,0.05477,0.05651,0.22795
0.00759,0.00723,0.00740,0.01034,0.00835,0.88276,0.01126,0.00427,0.04525,0.01555
0.04443,0.07114,0.08538,0.46990,0.09644,0.11239,0.02949,0.01047,0.05428,0.02608
0.02328,0.17584,0.10031,0.11005,0.05339,0.08768,0.10885,0.01071,0.03772,0.29216
0.02009,0.05572,0.03747,0.07295,0.02890,0.59514,0.02881,0.00403,0.07442,0.08246
0.20554,0.14760,0.02300,0.01654,0.04235,0.14664,0.29006,0.01181,0.03744,0.07901
0.05600,0.04658,0.03664,0.05536,0.09272,0.19031,0.10730,0.01611,0.10692,0.29205
0.08862,0.02266,0.05146,0.18799,0.06779,0.19357,0.02557,0.00772,0.30228,0.05234
0.01112,0.41422,0.00287,0.11958,0.00456,0.02404,0.06983,0.00493,0.03449,0.31436
0.58855,0.02069,0.01416,0.01923,0.01542,0.10576,0.04927,0.06101,0.07873,0.04718
0.03769,0.03559,0.05308,0.08875,0.05864,0.61910,0.03001,0.00657,0.05419,0.01638
0.00643,0.00558,0.00632,0.00704,0.00750,0.88063,0.00782,0.00356,0.05935,0.01577
0.04323,0.02655,0.31576,0.02804,0.01660,0.05064,0.04064,0.00724,0.03244,0.43886
0.03165,0.57446,0.01648,0.01912,0.17339,0.06338,0.02203,0.00656,0.03107,0.06185
0.12109,0.35802,0.03949,0.05759,0.03461,0.13187,0.01193,0.00504,0.22112,0.01923
0.02694,0.08778,0.07208,0.06834,0.07544,0.19716,0.13997,0.01633,0.10388,0.21207
0.01725,0.02701,0.02219,0.03150,0.04121,0.04442,0.27809,0.02683,0.03100,0.48051
0.06535,0.21365,0.07024,0.04238,0.17556,0.06731,0.03881,0.15797,0.13817,0.03057
0.02603,0.03111,0.03652,0.04805,0.02671,0.44741,0.11607,0.00780,0.10159,0.15871
0.18606,0.05389,0.08713,0.03552,0.05383,0.03073,0.01292,0.32815,0.19627,0.01551
0.03090,0.03281,0.03070,0.03341,0.03005,0.04631,0.37514,0.03476,0.08493,0.30100
0.08611,0.06596,0.07188,0.04873,0.04297,0.29656,0.05135,0.01537,0.13792,0.18315
0.05729,0.02660,0.03397,0.02875,0.03719,0.57055,0.01589,0.00855,0.20752,0.01369
0.00878,0.02103,0.01448,0.01879,0.02022,0.08752,0.48766,0.00446,0.03290,0.30415
0.04412,0.21048,0.16306,0.04136,0.02902,0.22747,0.06907,0.00647,0.05851,0.15044
0.01419,0.39053,0.04491,0.15792,0.10431,0.04995,0.05383,0.01409,0.04715,0.12313
0.02545,0.03873,0.02924,0.04326,0.03449,0.65293,0.03599,0.01136,0.08309,0.04546
0.19314,0.01485,0.05262,0.07009,0.04229,0.48187,0.01766,0.00520,0.07548,0.04679
0.05010,0.13749,0.03586,0.03893,0.06182,0.03585,0.01486,0.32191,0.26470,0.03847
0.02749,0.09300,0.08252,0.04598,0.05085,0.07219,0.17598,0.01997,0.03965,0.39238
0.01908,0.06229,0.07950,0.04999,0.13915,0.28144,0.16042,0.01193,0.03652,0.15969
0.01038,0.00815,0.00947,0.01300,0.00783,0.08630,0.04469,0.00545,0.02980,0.78494
0.08120,0.12540,0.03448,0.04199,0.29169,0.13629,0.03916,0.01813,0.09800,0.13365
0.03867,0.04677,0.02343,0.04010,0.04406,0.61117,0.05555,0.00895,0.04159,0.08970
0.08459,0.09526,0.09527,0.07544,0.07917,0.09062,0.16119,0.01670,0.09841,0.20335
0.13496,0.01401,0.01248,0.02732,0.01167,0.52513,0.02793,0.00970,0.19768,0.03911
0.00733,0.00870,0.00648,0.00878,0.00735,0.01684,0.09186,0.00449,0.01359,0.83458
0.02285,0.01555,0.05414,0.11131,0.05053,0.65136,0.01770,0.00488,0.04654,0.02514
0.14928,0.04547,0.03644,0.08979,0.07306,0.10126,0.04796,0.05178,0.27382,0.13113
0.21408,0.26558,0.03888,0.03873,0.16211,0.06437,0.03042,0.02808,0.11275,0.04500
0.01522,0.64518,0.01180,0.01314,0.01379,0.01134,0.17358,0.01259,0.01283,0.09054
0.14701,0.06951,0.01523,0.01265,0.31162,0.28841,0.00915,0.01134,0.12376,0.01131
0.05228,0.05224,0.04633,0.04644,0.04591,0.10510,0.45928,0.03537,0.07550,0.08155
0.05313,0.13826,0.05152,0.18645,0.09425,0.06474,0.03120,0.00724,0.03548,0.33774
