0.19175,0.19630,0.54578,0.06617
0.29299,0.25673,0.44152,0.00876
0.18623,0.15286,0.47757,0.18333
0.21833,0.30163,0.35795,0.12209
0.24255,0.44570,0.27931,0.03244
0.17260,0.07982,0.73682,0.01075
0.22653,0.28210,0.44435,0.04702
0.17989,0.06725,0.72272,0.03014
0.15114,0.32502,0.40489,0.11895
0.07520,0.12719,0.79039,0.00722
0.07380,0.17507,0.71132,0.03981
0.28412,0.23385,0.46839,0.01364
0.23452,0.26637,0.47978,0.01933
0.13511,0.27309,0.43647,0.15533
0.20080,0.19368,0.46689,0.13863
0.18862,0.29396,0.50734,0.01008
0.24556,0.10052,0.63337,0.02055
0.21126,0.40126,0.36639,0.02109
0.15008,0.16787,0.66559,0.01646
0.14723,0.29276,0.54636,0.01365
0.22606,0.05802,0.70747,0.00845
0.25159,0.16977,0.52737,0.05127
0.09223,0.25641,0.62518,0.02617
0.25278,0.22104,0.47213,0.05405
0.32328,0.27912,0.38665,0.01095
0.14369,0.13331,0.67125,0.05174
0.23574,0.11221,0.60607,0.04598
0.18512,0.18255,0.49199,0.14034
0.08415,0.09440,0.80396,0.01749
0.14164,0.38221,0.45465,0.02149
0.17443,0.19166,0.58347,0.05044
0.06074,0.23335,0.67956,0.02635
0.21220,0.30859,0.46688,0.01233
0.25141,0.07831,0.62239,0.04789
0.33942,0.13622,0.48400,0.04036
0.31891,0.06056,0.60951,0.01102
0.35351,0.20236,0.42679,0.01733
0.38807,0.10059,0.46327,0.04808
0.10424,0.27182,0.60965,0.01429
0.17338,0.10980,0.61441,0.10242
0.08827,0.39906,0.49707,0.01560
0.40969,0.26155,0.31666,0.01210
0.38036,0.10186,0.50856,0.00922
0.28534,0.25500,0.44609,0.01357
0.20623,0.16607,0.57850,0.04920
0.08849,0.11482,0.78073,0.01596
0.35300,0.09093,0.52262,0.03345
0.05174,0.36488,0.56858,0.01480
0.34800,0.30152,0.31613,0.03435
0.20992,0.25503,0.42727,0.10778
0.11257,0.14627,0.72018,0.02098
0.25922,0.08014,0.65141,0.00924
0.27743,0.13680,0.46746,0.11831
0.09638,0.11168,0.73814,0.05380
0.11333,0.39323,0.48844,0.00499
0.07177,0.08074,0.77460,0.07289
0.10742,0.39505,0.47539,0.02215
0.07829,0.31352,0.55173,0.05647
0.26809,0.23338,0.47737,0.02115
0.08631,0.39563,0.49430,0.02377
0.10682,0.11413,0.75104,0.02801
0.08836,0.23884,0.66658,0.00622
0.15768,0.23523,0.51551,0.09158
0.28263,0.17170,0.53398,0.01169
0.16906,0.29311,0.47075,0.06708
0.03660,0.06492,0.88741,0.01107
0.17434,0.25915,0.52599,0.04052
0.05165,0.17969,0.76281,0.00585
0.11323,0.09516,0.77641,0.01520
0.26286,0.22373,0.50929,0.00413
0.32394,0.22412,0.43072,0.02122
0.11336,0.07437,0.79823,0.01404
0.14120,0.34546,0.49736,0.01599
0.14051,0.16837,0.65783,0.03328
0.27436,0.34730,0.36174,0.01661
0.17203,0.18346,0.63735,0.00717
0.34964,0.13362,0.47955,0.03719
0.35085,0.19922,0.44511,0.00481
0.54553,0.12963,0.31869,0.00615
0.22169,0.15532,0.43031,0.19269
0.07241,0.49040,0.43145,0.00574
0.21848,0.27669,0.48504,0.01979
0.16203,0.34635,0.47369,0.01793
0.13859,0.49234,0.35053,0.01854
0.13448,0.10523,0.74422,0.01607
0.24924,0.16487,0.57704,0.00885
0.12101,0.24122,0.62404,0.01374
0.12009,0.10576,0.71911,0.05505
0.15791,0.06965,0.75496,0.01748
0.15711,0.18698,0.62638,0.02953
0.19391,0.32068,0.45914,0.02626
0.34689,0.22882,0.40452,0.01977
0.42677,0.25295,0.31285,0.00743
0.06904,0.15874,0.74194,0.03027
0.12857,0.07639,0.73711,0.05792
0.28753,0.21388,0.48928,0.00932
0.17532,0.14477,0.63081,0.04910
0.02742,0.30110,0.63271,0.03878
0.19972,0.13615,0.55289,0.11124
0.21295,0.11241,0.63954,0.03510
