0.21442,0.09292,0.03000,0.11850,0.03195,0.01561,0.03119,0.06973,0.05682,0.08069,0.06157,0.01904,0.07326,0.10430
0.03940,0.01451,0.16201,0.04329,0.12168,0.02441,0.02423,0.04521,0.14090,0.02847,0.03370,0.03345,0.06542,0.22332
0.15493,0.05234,0.00741,0.27133,0.02564,0.00828,0.02697,0.19116,0.02247,0.02811,0.07116,0.02538,0.09418,0.02062
0.04736,0.01753,0.01987,0.08278,0.03281,0.01149,0.02913,0.30494,0.03447,0.27273,0.03071,0.02506,0.05557,0.03555
0.29124,0.01760,0.00981,0.27303,0.01948,0.01692,0.02489,0.12435,0.02481,0.11834,0.01192,0.02359,0.02146,0.02256
0.07239,0.02265,0.02770,0.07784,0.04040,0.06656,0.14070,0.10783,0.04524,0.10378,0.02034,0.18375,0.04939,0.04143
0.17036,0.01649,0.05407,0.14795,0.01190,0.01997,0.11660,0.04383,0.09338,0.05762,0.02052,0.13939,0.02622,0.08170
0.04333,0.25219,0.01827,0.02350,0.30589,0.01175,0.14443,0.02389,0.03558,0.02029,0.01689,0.06385,0.00986,0.03029
0.04693,0.16350,0.03396,0.07148,0.15050,0.01360,0.17633,0.06517,0.03462,0.02665,0.01986,0.05974,0.01566,0.12199
0.09514,0.02594,0.20740,0.13407,0.01250,0.01373,0.06341,0.05078,0.02381,0.06630,0.10877,0.08853,0.01719,0.09242
0.08392,0.06694,0.00948,0.04396,0.05102,0.01639,0.09225,0.04390,0.11104,0.15204,0.07050,0.06405,0.11500,0.07950
0.03815,0.04568,0.01473,0.03170,0.07589,0.41234,0.07094,0.04629,0.03162,0.06394,0.05060,0.06133,0.03195,0.02484
0.05578,0.04350,0.02214,0.04468,0.15482,0.16596,0.09734,0.03486,0.15819,0.02829,0.01043,0.10120,0.03444,0.04837
0.14455,0.11268,0.07133,0.16270,0.08312,0.02392,0.05336,0.05758,0.02257,0.03257,0.07158,0.06137,0.06984,0.03284
0.17849,0.02398,0.04502,0.17174,0.08978,0.01444,0.09560,0.04618,0.07971,0.03707,0.01829,0.11904,0.02750,0.05315
0.13275,0.10079,0.01394,0.12348,0.14887,0.03061,0.09218,0.02388,0.03409,0.03464,0.03577,0.02533,0.08017,0.12351
0.08187,0.03509,0.02698,0.05193,0.03540,0.45419,0.04280,0.01343,0.06634,0.03297,0.02755,0.03691,0.02876,0.06580
0.09865,0.05979,0.08193,0.05167,0.01125,0.28133,0.02718,0.08576,0.04004,0.11263,0.05227,0.03721,0.01713,0.04316
0.06053,0.01380,0.01424,0.09361,0.01462,0.06062,0.02066,0.18919,0.02477,0.14154,0.01363,0.02562,0.16196,0.16522
0.12776,0.03471,0.02208,0.10225,0.08027,0.01678,0.12209,0.03843,0.09076,0.05810,0.03207,0.11180,0.08381,0.07909
0.08679,0.03162,0.01595,0.07591,0.10006,0.05623,0.07711,0.14407,0.08584,0.15849,0.06184,0.06429,0.01797,0.02384
0.08944,0.13275,0.10060,0.09195,0.09473,0.02899,0.03708,0.05547,0.03580,0.06284,0.04155,0.09595,0.07890,0.05396
0.03691,0.19853,0.26616,0.05206,0.05816,0.02629,0.02402,0.06828,0.03302,0.07291,0.02382,0.07396,0.03150,0.03439
0.28843,0.25672,0.01815,0.04952,0.02506,0.01641,0.04009,0.04267,0.02155,0.04796,0.05707,0.04037,0.06253,0.03346
0.11727,0.02642,0.04596,0.20843,0.02066,0.00909,0.07934,0.21767,0.01775,0.11644,0.01266,0.02335,0.01317,0.09180
0.02149,0.08413,0.02424,0.01750,0.12481,0.01001,0.08375,0.11089,0.02391,0.10086,0.17605,0.06214,0.12828,0.03193
0.29702,0.01295,0.01643,0.30828,0.10154,0.01255,0.01316,0.03828,0.09548,0.02275,0.02476,0.01027,0.03057,0.01596
0.16371,0.03020,0.05919,0.15963,0.12672,0.01944,0.05741,0.03311,0.14378,0.02670,0.02355,0.06514,0.02585,0.06558
0.02540,0.07353,0.01063,0.02289,0.12674,0.01643,0.20775,0.02452,0.02111,0.02079,0.06565,0.28259,0.08413,0.01785
0.08967,0.02753,0.03563,0.09333,0.04384,0.00856,0.20759,0.06907,0.06830,0.07272,0.01811,0.05154,0.00975,0.20436
0.23349,0.02952,0.01137,0.22917,0.08145,0.02584,0.11559,0.03994,0.04930,0.02934,0.02943,0.07833,0.00987,0.03735
0.04902,0.01876,0.02469,0.09059,0.02836,0.00867,0.14189,0.16860,0.04767,0.11473,0.01477,0.02218,0.06217,0.20790
0.14724,0.02628,0.01272,0.34160,0.01556,0.00669,0.05270,0.22462,0.02069,0.02888,0.01839,0.06644,0.01939,0.01881
0.06139,0.06148,0.05891,0.03751,0.03586,0.05883,0.13928,0.01577,0.11322,0.08735,0.01388,0.19755,0.03965,0.07931
0.10632,0.02940,0.01514,0.09949,0.06397,0.01653,0.21685,0.03017,0.07058,0.02967,0.01849,0.17960,0.01869,0.10509
0.09725,0.01542,0.01134,0.09625,0.30102,0.02550,0.01498,0.01565,0.32399,0.02211,0.01041,0.02876,0.02059,0.01672
0.15407,0.02379,0.02660,0.12647,0.07966,0.01427,0.11095,0.07162,0.09195,0.07718,0.04371,0.10411,0.03037,0.04525
0.24577,0.01668,0.04460,0.22102,0.01341,0.17021,0.02658,0.03075,0.03957,0.04523,0.02747,0.03749,0.03578,0.04543
0.31222,0.13171,0.02490,0.18460,0.02286,0.02938,0.05331,0.05167,0.03092,0.05616,0.01469,0.04437,0.01828,0.02493
0.02717,0.02703,0.00987,0.13452,0.04716,0.01556,0.07667,0.26591,0.02654,0.15002,0.09779,0.06241,0.03211,0.02724
0.22937,0.10513,0.02183,0.14566,0.01998,0.02258,0.02824,0.08102,0.06611,0.09187,0.03167,0.05215,0.06270,0.04170
0.18311,0.02756,0.01084,0.16571,0.01014,0.01520,0.03275,0.05759,0.18662,0.21097,0.02544,0.04574,0.01111,0.01723
0.04198,0.02246,0.11034,0.03637,0.04336,0.03116,0.03277,0.08428,0.04051,0.08256,0.22312,0.04627,0.11711,0.08771
0.02735,0.16509,0.03731,0.02827,0.18083,0.02245,0.03621,0.08151,0.01729,0.06065,0.18938,0.02080,0.11726,0.01558
0.23814,0.23225,0.00962,0.02459,0.03094,0.07951,0.01330,0.02677,0.14352,0.12773,0.01335,0.01353,0.02463,0.02211
0.28292,0.03426,0.02646,0.26996,0.02853,0.03063,0.01637,0.05038,0.03384,0.07737,0.08456,0.03454,0.01611,0.01406
0.35606,0.01049,0.00844,0.37336,0.01422,0.00893,0.02315,0.05651,0.04517,0.04401,0.01149,0.01394,0.01320,0.02104
0.21062,0.19098,0.03685,0.05683,0.01808,0.05971,0.05408,0.10760,0.01930,0.10392,0.02830,0.06065,0.01696,0.03612
0.14360,0.02760,0.03387,0.14761,0.02798,0.26714,0.02207,0.06670,0.05078,0.03203,0.05054,0.04770,0.02196,0.06043
0.05968,0.03000,0.05345,0.05367,0.03088,0.02317,0.04338,0.02723,0.04331,0.04364,0.07525,0.25689,0.21543,0.04401
0.21459,0.19605,0.01085,0.02309,0.07772,0.01507,0.15693,0.01956,0.06695,0.01427,0.00806,0.16019,0.01154,0.02514
0.11548,0.02874,0.07906,0.11720,0.06789,0.00781,0.03282,0.07199,0.07012,0.03118,0.02300,0.03535,0.12369,0.19567
0.10531,0.02344,0.00964,0.09291,0.02791,0.22328,0.17124,0.05938,0.01125,0.06369,0.01722,0.17246,0.00872,0.01356
0.24234,0.04700,0.02584,0.21371,0.02744,0.01443,0.03652,0.04827,0.02771,0.05391,0.03356,0.03685,0.09563,0.09678
0.05193,0.02580,0.03262,0.18016,0.02570,0.00861,0.05908,0.27015,0.02776,0.15289,0.03764,0.04064,0.02608,0.06095
0.18501,0.03071,0.04429,0.19450,0.06387,0.06819,0.06545,0.08715,0.06029,0.05835,0.03773,0.03603,0.01644,0.05200
0.19779,0.06163,0.02694,0.26817,0.03479,0.02585,0.06173,0.11725,0.05555,0.04423,0.00981,0.04591,0.01111,0.03923
0.08251,0.01886,0.01909,0.13204,0.07096,0.01919,0.19607,0.08412,0.08042,0.03252,0.01887,0.19496,0.01582,0.03457
0.27415,0.01427,0.00694,0.26067,0.08969,0.00641,0.01138,0.08696,0.10340,0.09430,0.01995,0.01244,0.01117,0.00827
0.10122,0.03893,0.02050,0.12077,0.03104,0.03942,0.07332,0.16500,0.04133,0.10961,0.02687,0.04874,0.06836,0.11489
0.15868,0.04413,0.06164,0.16318,0.03216,0.17480,0.02292,0.05217,0.03576,0.06581,0.09231,0.03624,0.03296,0.02724
0.20996,0.02711,0.01896,0.19945,0.02594,0.01911,0.08753,0.04287,0.07520,0.06704,0.01153,0.07484,0.05853,0.08195
0.07661,0.03126,0.05906,0.07412,0.03679,0.01276,0.10357,0.15463,0.04230,0.18589,0.01998,0.14267,0.02037,0.03999
0.16627,0.02967,0.02177,0.15938,0.06698,0.00753,0.03784,0.12912,0.08042,0.12637,0.01949,0.09418,0.03674,0.02425
0.08088,0.04509,0.07887,0.09343,0.04757,0.13262,0.03824,0.14084,0.04895,0.11176,0.04208,0.05603,0.02181,0.06184
0.04037,0.03209,0.01854,0.15646,0.04200,0.01525,0.04258,0.23996,0.04586,0.10317,0.03405,0.04699,0.06562,0.11706
0.03222,0.23341,0.23448,0.06594,0.06988,0.03944,0.02438,0.06194,0.04327,0.07835,0.01822,0.05540,0.02249,0.02058
0.18828,0.06247,0.03300,0.15301,0.03078,0.05418,0.02796,0.02180,0.17272,0.15747,0.01765,0.02584,0.01834,0.03652
0.11794,0.02257,0.05508,0.21065,0.06714,0.01135,0.04999,0.15764,0.06408,0.05843,0.03734,0.06603,0.04239,0.03938
0.11762,0.03315,0.02476,0.11915,0.02413,0.00740,0.02385,0.29134,0.01394,0.27410,0.01562,0.01927,0.01531,0.02036
0.21872,0.16252,0.01146,0.09701,0.05111,0.03544,0.09317,0.05857,0.06394,0.03354,0.01577,0.07254,0.02892,0.05732
0.25031,0.18417,0.00987,0.05772,0.01587,0.01221,0.01351,0.06122,0.04062,0.08025,0.01345,0.01589,0.11453,0.13035
0.08369,0.02194,0.02385,0.07390,0.05836,0.28315,0.05632,0.07449,0.06797,0.08290,0.06480,0.03558,0.01722,0.05585
0.18674,0.12587,0.01139,0.07251,0.01156,0.01775,0.01799,0.02223,0.21400,0.21180,0.02222,0.01541,0.03290,0.03760
0.03260,0.02044,0.01372,0.05788,0.01174,0.01551,0.31815,0.05169,0.01308,0.02227,0.00980,0.38516,0.01620,0.03177
0.06549,0.03444,0.02441,0.11626,0.10048,0.01261,0.02943,0.12214,0.09886,0.06088,0.03476,0.01304,0.13201,0.15520
0.10670,0.09191,0.03184,0.04790,0.01767,0.04938,0.04623,0.14299,0.11502,0.23801,0.03039,0.03719,0.01171,0.03306
0.08394,0.01975,0.02414,0.17008,0.02623,0.01119,0.02744,0.23059,0.03488,0.12655,0.09543,0.01612,0.07242,0.06124
0.29405,0.24385,0.03198,0.10681,0.05928,0.01045,0.03326,0.04226,0.05154,0.02803,0.02021,0.03287,0.02071,0.02470
0.14079,0.03311,0.01559,0.19436,0.01280,0.01608,0.06238,0.13672,0.11366,0.12408,0.01646,0.02599,0.03108,0.07688
0.23710,0.11191,0.01679,0.13441,0.02001,0.01729,0.02116,0.04100,0.02801,0.04197,0.02775,0.01751,0.14472,0.14039
0.03502,0.01969,0.02611,0.10125,0.06533,0.05965,0.07487,0.14229,0.08655,0.05604,0.01893,0.04368,0.08732,0.18327
0.23176,0.14534,0.01284,0.09617,0.05392,0.02335,0.09230,0.05387,0.03930,0.06335,0.05812,0.05977,0.03921,0.03069
0.08049,0.26248,0.16571,0.06424,0.17689,0.01364,0.02347,0.02168,0.03324,0.03111,0.04805,0.02692,0.02856,0.02352
0.17847,0.04669,0.02167,0.24445,0.02612,0.01209,0.11156,0.12195,0.01966,0.04475,0.02866,0.10468,0.02152,0.01772
0.04998,0.04769,0.01117,0.19092,0.02739,0.01556,0.13531,0.21892,0.02035,0.05611,0.04989,0.12676,0.01418,0.03578
0.13154,0.01715,0.01728,0.12143,0.01744,0.02838,0.02971,0.21730,0.01854,0.21610,0.01595,0.02617,0.07526,0.06775
0.12013,0.02911,0.01104,0.10774,0.09713,0.00542,0.02223,0.05062,0.08863,0.03169,0.17665,0.04286,0.19940,0.01735
0.06351,0.03991,0.02752,0.04316,0.05239,0.01558,0.10816,0.04926,0.05412,0.05737,0.01549,0.10379,0.17672,0.19302
0.24283,0.02769,0.00808,0.31786,0.01726,0.01400,0.07080,0.13467,0.02664,0.02366,0.01314,0.01585,0.02145,0.06608
0.11887,0.01856,0.03645,0.12053,0.03958,0.06889,0.02285,0.04217,0.06630,0.05834,0.05820,0.02614,0.16013,0.16300
0.22893,0.02138,0.01016,0.23525,0.02067,0.00986,0.05369,0.09154,0.03521,0.08585,0.03436,0.02752,0.07574,0.06984
0.12605,0.04972,0.01746,0.07645,0.01789,0.01173,0.06745,0.13356,0.02694,0.14156,0.05010,0.05505,0.12075,0.10529
0.07962,0.03176,0.03545,0.05276,0.02716,0.01778,0.04783,0.05890,0.04137,0.07423,0.01576,0.03287,0.22452,0.26000
0.13717,0.02742,0.01792,0.11966,0.03749,0.02805,0.17028,0.04572,0.08705,0.05912,0.01139,0.16611,0.02815,0.06448
0.06175,0.15175,0.18246,0.06424,0.04472,0.04239,0.09965,0.02741,0.05802,0.06633,0.01783,0.06104,0.03009,0.09233
0.06405,0.02915,0.02779,0.07460,0.02829,0.16521,0.04896,0.13306,0.02240,0.14494,0.14408,0.04352,0.04286,0.03110
0.05459,0.01866,0.01244,0.02377,0.09573,0.01366,0.00955,0.10624,0.05625,0.16394,0.38028,0.00967,0.03609,0.01914
0.10262,0.02871,0.00633,0.07535,0.02702,0.02116,0.15623,0.11428,0.06675,0.14897,0.03898,0.14855,0.02889,0.03614
0.02137,0.01972,0.01681,0.01912,0.11793,0.48515,0.01716,0.02368,0.11934,0.02428,0.03071,0.01477,0.04188,0.04807
0.16852,0.03348,0.02498,0.20676,0.02752,0.01424,0.07663,0.15658,0.04809,0.11130,0.01694,0.05051,0.01596,0.04850
0.14715,0.03797,0.03397,0.13888,0.09585,0.02599,0.04861,0.09704,0.07452,0.09789,0.07426,0.05355,0.03758,0.03674
0.05979,0.07143,0.03376,0.08551,0.08295,0.05599,0.15501,0.07183,0.03218,0.04674,0.10852,0.15785,0.01422,0.02424
0.08433,0.02177,0.00709,0.07490,0.20880,0.03878,0.10325,0.02784,0.21350,0.02890,0.02772,0.07772,0.02826,0.05713
0.05576,0.01892,0.00803,0.05612,0.04837,0.02113,0.01552,0.08520,0.20933,0.23019,0.09225,0.02533,0.10638,0.02747
0.11156,0.10416,0.09254,0.02854,0.03687,0.06334,0.04358,0.01705,0.08484,0.04730,0.09039,0.10074,0.06046,0.11864
0.05610,0.03651,0.01158,0.06934,0.03756,0.01173,0.20900,0.08949,0.07308,0.10669,0.02487,0.02108,0.03392,0.21906
0.18780,0.03016,0.01723,0.16117,0.13297,0.01205,0.05074,0.04746,0.13443,0.05022,0.02734,0.06249,0.04987,0.03608
0.13860,0.03080,0.09851,0.13038,0.02559,0.08326,0.09178,0.04564,0.04873,0.04152,0.05435,0.09210,0.02267,0.09605
0.25242,0.01617,0.01436,0.26502,0.01529,0.09069,0.02171,0.11525,0.01716,0.09818,0.04736,0.01261,0.01423,0.01955
0.18442,0.04734,0.03728,0.16835,0.03391,0.03196,0.08183,0.08399,0.03633,0.07701,0.01697,0.12031,0.03627,0.04403
0.15352,0.09773,0.02338,0.16209,0.12575,0.02114,0.10135,0.05172,0.03353,0.04304,0.04297,0.05263,0.03886,0.05230
0.04942,0.02711,0.00784,0.02880,0.01178,0.03408,0.00943,0.19275,0.01385,0.18983,0.25616,0.01038,0.14440,0.02416
0.07520,0.04863,0.03518,0.18082,0.01636,0.00984,0.10578,0.20730,0.03299,0.05460,0.00930,0.09701,0.03481,0.09217
0.13401,0.01982,0.02002,0.12453,0.03212,0.08755,0.13433,0.06459,0.03390,0.06355,0.02800,0.19296,0.03669,0.02792
0.12853,0.01332,0.00999,0.22921,0.01637,0.01468,0.15099,0.16767,0.01406,0.05524,0.02205,0.14563,0.01213,0.02012
0.08520,0.01095,0.02447,0.10080,0.02540,0.12213,0.14752,0.09445,0.03285,0.04455,0.02703,0.00974,0.05819,0.21673
0.24753,0.24686,0.01289,0.02915,0.01467,0.02758,0.02863,0.07034,0.09150,0.12634,0.02866,0.02209,0.01730,0.03647
0.03958,0.01933,0.00878,0.03116,0.28130,0.01345,0.07996,0.03415,0.28058,0.02427,0.02017,0.04414,0.05450,0.06861
0.20973,0.03065,0.01222,0.17711,0.02687,0.01532,0.02775,0.02472,0.05252,0.04289,0.02350,0.02385,0.16439,0.16849
0.29104,0.16715,0.01932,0.11384,0.01357,0.01882,0.01220,0.01116,0.11491,0.07909,0.03494,0.01822,0.04709,0.05865
0.08356,0.05132,0.03215,0.15073,0.03660,0.01278,0.04935,0.14802,0.04202,0.08369,0.01742,0.05853,0.11089,0.12294
0.03382,0.03904,0.01504,0.24834,0.05809,0.06935,0.03442,0.27775,0.04010,0.04738,0.03095,0.03376,0.03168,0.04028
0.16743,0.02278,0.01753,0.14367,0.02503,0.19559,0.07219,0.04386,0.04525,0.04582,0.03974,0.06388,0.05928,0.05795
0.28909,0.02754,0.02936,0.28191,0.02313,0.01583,0.03854,0.05944,0.04072,0.05227,0.01967,0.01844,0.03728,0.06679
0.05685,0.14896,0.17370,0.05680,0.06990,0.02370,0.15479,0.02146,0.04085,0.02679,0.01220,0.05354,0.01279,0.14768
0.07633,0.02482,0.01557,0.06800,0.01741,0.02755,0.19412,0.14699,0.02452,0.16613,0.01487,0.18860,0.01289,0.02219
0.35844,0.10794,0.00896,0.23632,0.02275,0.01332,0.02920,0.02487,0.05204,0.03785,0.02463,0.02702,0.03441,0.02225
0.21870,0.05130,0.07036,0.16714,0.01973,0.09078,0.03575,0.06513,0.04307,0.06964,0.03532,0.03861,0.02316,0.07129
0.07451,0.05617,0.02744,0.06198,0.06945,0.02083,0.11814,0.03548,0.06881,0.05283,0.02199,0.12444,0.12088,0.14705
0.05251,0.05439,0.02503,0.06247,0.08983,0.03347,0.03502,0.06769,0.11559,0.08730,0.02435,0.13404,0.12487,0.09342
0.19762,0.02466,0.01056,0.16395,0.05075,0.29799,0.02143,0.01568,0.09183,0.03754,0.02479,0.02091,0.02186,0.02044
0.08608,0.03094,0.00701,0.12631,0.05215,0.01683,0.14798,0.09277,0.04132,0.03476,0.12040,0.13607,0.08096,0.02643
0.11972,0.03127,0.01851,0.11537,0.01355,0.00930,0.10293,0.10211,0.10466,0.18217,0.02679,0.04083,0.02688,0.10592
0.10093,0.25567,0.09168,0.07356,0.21829,0.01393,0.02338,0.04497,0.05976,0.05399,0.01928,0.01330,0.01039,0.02087
0.16424,0.09903,0.09511,0.20623,0.07932,0.02449,0.04876,0.08065,0.04766,0.02667,0.02305,0.02995,0.02460,0.05025
0.15721,0.02215,0.01548,0.18535,0.08978,0.06727,0.04233,0.09283,0.07849,0.04267,0.10032,0.02745,0.02778,0.05089
0.05244,0.04185,0.04422,0.03446,0.19147,0.01169,0.03137,0.05536,0.23338,0.06490,0.02748,0.02174,0.05810,0.13152
0.06899,0.09470,0.04419,0.02293,0.04979,0.01244,0.01437,0.02010,0.23338,0.21440,0.06019,0.02119,0.04845,0.09487
0.28147,0.03152,0.01357,0.24383,0.01745,0.01837,0.02503,0.01816,0.11946,0.09625,0.00862,0.01964,0.04451,0.06213
0.10786,0.02393,0.01293,0.14043,0.07269,0.03053,0.10540,0.12868,0.05680,0.07597,0.04707,0.05300,0.04673,0.09800
0.18153,0.03088,0.01455,0.15800,0.19166,0.02800,0.03261,0.02621,0.21771,0.03196,0.01160,0.01902,0.01558,0.04070
0.09010,0.05707,0.04795,0.04881,0.02384,0.03650,0.02522,0.18177,0.03441,0.19915,0.03678,0.04454,0.08922,0.08464
0.23116,0.21792,0.06267,0.12970,0.03303,0.02565,0.01081,0.10611,0.03552,0.03260,0.02282,0.03859,0.03526,0.01814
0.24826,0.04964,0.01111,0.19944,0.05820,0.07488,0.06421,0.01558,0.05789,0.01537,0.03931,0.09697,0.05542,0.01373
0.05392,0.11285,0.05937,0.04919,0.16837,0.02400,0.06901,0.10174,0.11916,0.09985,0.01620,0.04902,0.02483,0.05251
0.07332,0.03839,0.02246,0.05525,0.19459,0.03116,0.02125,0.08530,0.22325,0.10917,0.02481,0.06030,0.03965,0.02110
0.08580,0.02592,0.01099,0.27870,0.00843,0.02233,0.10205,0.22658,0.02104,0.04619,0.02245,0.11674,0.01027,0.02249
0.02926,0.08792,0.03224,0.02589,0.27428,0.04090,0.04795,0.02381,0.25235,0.03014,0.02761,0.06745,0.02532,0.03487
0.03081,0.03598,0.18525,0.02939,0.03585,0.01999,0.13855,0.04965,0.02406,0.04762,0.03428,0.22779,0.02803,0.11274
0.23610,0.02959,0.03788,0.21757,0.04721,0.02359,0.06095,0.04386,0.04442,0.04685,0.04916,0.08324,0.04310,0.03648
0.07788,0.02742,0.01791,0.07453,0.01813,0.01359,0.02342,0.15626,0.17423,0.31849,0.02208,0.03275,0.02086,0.02243
0.08563,0.15311,0.22867,0.12227,0.06332,0.01135,0.07638,0.06031,0.02044,0.03789,0.01251,0.03855,0.01020,0.07939
0.19125,0.06799,0.02861,0.18973,0.10279,0.02367,0.04176,0.02512,0.08449,0.04269,0.10382,0.02764,0.02869,0.04175
0.09520,0.01645,0.01376,0.08297,0.03655,0.01146,0.30070,0.02854,0.03242,0.02442,0.01122,0.24376,0.01259,0.08997
0.20635,0.21688,0.10819,0.06806,0.02909,0.04318,0.02666,0.05390,0.02904,0.06528,0.05365,0.03423,0.02292,0.04259
0.40047,0.22670,0.00578,0.17237,0.01314,0.00589,0.03808,0.02329,0.01244,0.02175,0.01978,0.02746,0.01353,0.01930
0.10641,0.01478,0.01325,0.10255,0.01684,0.13906,0.15579,0.09807,0.02110,0.09652,0.03943,0.15200,0.02140,0.02279
0.07142,0.02696,0.02765,0.07875,0.14193,0.00898,0.09454,0.04887,0.14173,0.04641,0.01628,0.02012,0.09758,0.17879
0.16174,0.09573,0.01499,0.08396,0.06370,0.03223,0.01980,0.08580,0.06917,0.09848,0.12090,0.02305,0.11010,0.02036
0.24885,0.01856,0.00764,0.25641,0.00831,0.00609,0.12025,0.06595,0.02733,0.05676,0.01859,0.02067,0.02237,0.12220
0.04989,0.03445,0.02142,0.05293,0.06141,0.03154,0.16565,0.05240,0.07917,0.05668,0.08770,0.18634,0.08424,0.03619
0.09441,0.15786,0.03874,0.07835,0.15112,0.00855,0.12809,0.05469,0.05642,0.06161,0.02211,0.09892,0.02025,0.02890
0.03174,0.03831,0.02137,0.01778,0.03123,0.10252,0.14862,0.18582,0.02272,0.19542,0.01098,0.14583,0.01255,0.03509
0.18963,0.02307,0.04256,0.19129,0.03504,0.02662,0.01783,0.08804,0.02933,0.10043,0.16549,0.02646,0.04023,0.02398
0.11214,0.02571,0.02783,0.11201,0.01875,0.01522,0.06110,0.10488,0.04200,0.15397,0.14944,0.01326,0.09644,0.06726
0.04401,0.10897,0.10037,0.06777,0.05232,0.05651,0.11769,0.10789,0.02493,0.07848,0.03146,0.10303,0.02929,0.07729
0.03036,0.03209,0.05603,0.07643,0.01497,0.05561,0.03660,0.07044,0.02524,0.04183,0.02231,0.35159,0.16274,0.02375
0.21060,0.02515,0.00907,0.18521,0.02815,0.00969,0.10844,0.02176,0.13248,0.13332,0.01117,0.08585,0.01094,0.02818
0.10487,0.04180,0.01550,0.09402,0.08587,0.01828,0.17384,0.03743,0.10737,0.05764,0.01677,0.10874,0.03970,0.09816
0.04137,0.02390,0.01223,0.07856,0.03063,0.01752,0.18361,0.13894,0.06754,0.10589,0.03015,0.05107,0.03720,0.18139
0.18920,0.03662,0.05430,0.18868,0.01938,0.25589,0.01641,0.02807,0.02012,0.03573,0.05769,0.02707,0.05596,0.01489
0.17925,0.03190,0.00977,0.15345,0.09256,0.04844,0.14918,0.01764,0.08446,0.02262,0.02899,0.11653,0.01949,0.04573
0.06777,0.05196,0.01365,0.06709,0.14277,0.01082,0.03069,0.04064,0.09680,0.03816,0.18896,0.02290,0.18857,0.03922
0.33488,0.01654,0.01074,0.31833,0.01946,0.01266,0.05771,0.06094,0.01989,0.05833,0.01595,0.04483,0.01379,0.01595
0.08016,0.09026,0.01948,0.07118,0.24673,0.00943,0.06877,0.03601,0.18694,0.03735,0.07587,0.04342,0.01053,0.02385
0.08346,0.04456,0.00768,0.05317,0.12781,0.00965,0.01702,0.02356,0.15247,0.02959,0.07640,0.18307,0.17542,0.01615
0.21847,0.10974,0.00749,0.09689,0.03654,0.00730,0.06098,0.12310,0.05679,0.13379,0.01674,0.03112,0.04200,0.05906
0.19941,0.02609,0.05883,0.20669,0.04059,0.01352,0.13387,0.03587,0.03062,0.02166,0.03594,0.02298,0.02878,0.14515
0.05552,0.01693,0.01256,0.26756,0.02425,0.04819,0.01983,0.26515,0.08125,0.10561,0.01861,0.01654,0.02281,0.04520
0.03299,0.04639,0.11981,0.03110,0.04041,0.05152,0.22224,0.03848,0.01589,0.03159,0.02442,0.26005,0.02379,0.06130
0.25018,0.01686,0.00512,0.23645,0.13549,0.01874,0.01365,0.06350,0.14981,0.05791,0.01594,0.01243,0.01330,0.01062
0.04280,0.02233,0.18595,0.07599,0.07862,0.01980,0.01040,0.12754,0.07950,0.04267,0.02323,0.03025,0.04317,0.21775
0.07028,0.05635,0.01520,0.03551,0.05373,0.15080,0.01743,0.05144,0.03042,0.12380,0.34410,0.01624,0.01455,0.02014
0.11679,0.05187,0.09828,0.10769,0.03652,0.19187,0.02269,0.03866,0.02860,0.02947,0.02554,0.03251,0.09572,0.12380
0.21632,0.02088,0.02425,0.24120,0.06728,0.01011,0.03497,0.11528,0.08871,0.08016,0.01320,0.03139,0.01813,0.03811
0.20910,0.05849,0.02118,0.17436,0.03224,0.01700,0.12375,0.07559,0.03087,0.08326,0.01656,0.10982,0.01840,0.02939
0.17767,0.08743,0.01615,0.10214,0.09475,0.04188,0.04604,0.03176,0.15228,0.08184,0.02312,0.03932,0.04022,0.06542
0.26047,0.01791,0.00937,0.24769,0.02426,0.02077,0.04614,0.04256,0.05387,0.04456,0.01530,0.04642,0.08397,0.08671
0.17490,0.07728,0.03308,0.12673,0.04541,0.08023,0.06770,0.01466,0.04311,0.03436,0.11125,0.07995,0.08243,0.02889
0.06083,0.12582,0.01636,0.05222,0.16271,0.02072,0.04922,0.07276,0.01706,0.05027,0.16130,0.03437,0.14730,0.02906
0.19004,0.07153,0.02405,0.15946,0.09579,0.02083,0.05427,0.05170,0.06849,0.03250,0.06884,0.05817,0.07114,0.03320
0.08572,0.04088,0.02850,0.07742,0.06407,0.02073,0.25517,0.02645,0.05720,0.02618,0.01200,0.05850,0.01751,0.22968
0.14856,0.07149,0.03541,0.06743,0.05047,0.19130,0.03546,0.02176,0.04099,0.02939,0.11069,0.04644,0.06262,0.08799
0.08050,0.01452,0.02139,0.08294,0.10763,0.23034,0.09078,0.03374,0.11788,0.03823,0.02812,0.08235,0.02644,0.04512
0.03908,0.03171,0.02865,0.14613,0.15166,0.00676,0.03671,0.18588,0.13909,0.06607,0.06216,0.01350,0.04042,0.05218
0.13299,0.07675,0.01533,0.07662,0.04926,0.22446,0.08757,0.07778,0.02083,0.05633,0.04440,0.07306,0.02296,0.04166
0.23263,0.10378,0.01806,0.19810,0.11106,0.02372,0.12383,0.01272,0.02486,0.01539,0.00777,0.08910,0.02078,0.01818
0.27116,0.04688,0.10735,0.28074,0.05004,0.01004,0.01567,0.02120,0.04084,0.02836,0.01885,0.02537,0.04206,0.04144
0.08054,0.07338,0.05811,0.05591,0.03489,0.01731,0.07055,0.10426,0.02649,0.09894,0.02617,0.06792,0.12882,0.15670
0.07340,0.02987,0.06620,0.07190,0.06449,0.01318,0.03134,0.06879,0.02996,0.05137,0.19690,0.03908,0.21260,0.05092
0.05886,0.06505,0.09103,0.06191,0.01925,0.20356,0.02113,0.14481,0.03358,0.15407,0.02540,0.04486,0.04179,0.03470
0.16577,0.02169,0.00888,0.15061,0.05157,0.01260,0.09970,0.08810,0.05208,0.07171,0.10219,0.07534,0.06568,0.03410
0.06564,0.02338,0.02526,0.07565,0.00941,0.01335,0.17017,0.14056,0.02943,0.16061,0.03099,0.02554,0.03846,0.19156
0.03573,0.04066,0.05121,0.05685,0.03245,0.01311,0.02057,0.30391,0.02912,0.28511,0.03405,0.03267,0.03107,0.03348
0.06346,0.02004,0.00627,0.06257,0.01620,0.37819,0.02894,0.15568,0.02185,0.15270,0.04945,0.01416,0.01041,0.02008
0.12509,0.02200,0.01486,0.11137,0.15741,0.05297,0.10001,0.02228,0.18192,0.04258,0.01909,0.03972,0.02084,0.08985
0.07430,0.01265,0.01151,0.38091,0.01903,0.01335,0.01374,0.33749,0.02351,0.02212,0.00903,0.01607,0.02583,0.04049
0.29368,0.24259,0.01120,0.09059,0.03686,0.01644,0.02357,0.07121,0.04152,0.05964,0.04094,0.01380,0.03074,0.02725
0.07459,0.03186,0.02251,0.07193,0.04778,0.04390,0.13142,0.03975,0.07999,0.07129,0.05773,0.14969,0.08689,0.09068
0.29235,0.20726,0.03092,0.08591,0.02460,0.01299,0.05364,0.01892,0.04297,0.02866,0.01037,0.03191,0.05837,0.10114
0.02707,0.03808,0.01840,0.02872,0.07092,0.02996,0.21334,0.13859,0.03684,0.13119,0.02673,0.04360,0.01676,0.17980
0.03473,0.03437,0.02592,0.01901,0.08376,0.01316,0.26978,0.01909,0.07342,0.02467,0.01482,0.21532,0.02507,0.14689
0.06931,0.01791,0.08476,0.08094,0.14876,0.00846,0.07134,0.07863,0.16019,0.03712,0.03795,0.05579,0.04257,0.10627
0.07838,0.04302,0.01472,0.03792,0.14655,0.07012,0.03858,0.05928,0.11864,0.10486,0.23038,0.02828,0.01303,0.01624
0.17153,0.10850,0.01096,0.07150,0.01428,0.01706,0.11493,0.04659,0.10502,0.10499,0.01506,0.10501,0.04530,0.06927
0.01978,0.03250,0.27233,0.01591,0.02349,0.08983,0.05084,0.03851,0.01278,0.03639,0.01821,0.10839,0.05138,0.22965
0.13027,0.16085,0.15975,0.14525,0.04617,0.02151,0.02160,0.10058,0.01857,0.11492,0.01320,0.02919,0.01334,0.02482
0.17216,0.01771,0.01245,0.33724,0.02083,0.02422,0.01915,0.21059,0.03314,0.04155,0.02411,0.01935,0.03322,0.03430
0.06042,0.07688,0.02462,0.08457,0.09548,0.02370,0.04302,0.14849,0.04856,0.10859,0.06744,0.03484,0.07871,0.10466
0.01762,0.16436,0.01423,0.01302,0.24592,0.03099,0.02054,0.02427,0.09320,0.01909,0.11035,0.01976,0.17347,0.05318
0.03366,0.01759,0.01899,0.02818,0.30618,0.00820,0.01635,0.02983,0.31592,0.03428,0.01386,0.01595,0.06141,0.09961
0.06529,0.01837,0.00601,0.05727,0.01247,0.48426,0.05550,0.03871,0.06360,0.07521,0.01800,0.06568,0.02538,0.01423
0.02513,0.03373,0.05549,0.02987,0.03840,0.30012,0.04924,0.13348,0.03664,0.12199,0.03001,0.02511,0.03925,0.08153
0.22581,0.01768,0.01208,0.21772,0.14668,0.07909,0.02441,0.01493,0.15378,0.02129,0.03090,0.02686,0.01509,0.01367
0.08190,0.02531,0.01488,0.38902,0.01840,0.01346,0.01602,0.32821,0.01694,0.01724,0.00692,0.02396,0.02007,0.02767
0.06631,0.04058,0.02204,0.04303,0.15137,0.03161,0.11099,0.04884,0.13806,0.04087,0.03042,0.03650,0.07907,0.16030
0.21873,0.18888,0.04395,0.03881,0.02108,0.00744,0.03538,0.07386,0.02464,0.07024,0.02654,0.03793,0.07540,0.13712
0.07611,0.06585,0.02230,0.06842,0.10190,0.06779,0.02444,0.03018,0.10160,0.08495,0.15434,0.01878,0.13365,0.04968
0.03770,0.03221,0.18410,0.02565,0.03145,0.02696,0.16488,0.04707,0.01540,0.03833,0.03311,0.23076,0.02335,0.10904
0.03690,0.01480,0.01348,0.03920,0.05237,0.49878,0.07667,0.03488,0.07274,0.02974,0.00869,0.03600,0.01528,0.07047
0.20516,0.03944,0.03734,0.19568,0.05530,0.15302,0.03892,0.06959,0.01702,0.05889,0.03733,0.03567,0.02062,0.03603
0.10580,0.03571,0.01225,0.08679,0.12471,0.01384,0.02191,0.17347,0.10920,0.18317,0.05481,0.02086,0.04027,0.01720
0.22247,0.05415,0.07820,0.19560,0.04085,0.01329,0.02581,0.04345,0.03483,0.03271,0.04314,0.02165,0.06960,0.12425
0.24196,0.20772,0.00899,0.04848,0.01940,0.03137,0.02790,0.11558,0.03116,0.14002,0.04859,0.03079,0.03461,0.01341
0.02655,0.01548,0.04814,0.03627,0.01280,0.34907,0.04968,0.07242,0.02474,0.06515,0.05587,0.09428,0.05199,0.09755
0.16510,0.13412,0.01980,0.04555,0.02262,0.02537,0.08484,0.13137,0.02430,0.12192,0.02183,0.09958,0.05068,0.05292
0.03352,0.01508,0.12126,0.03406,0.04015,0.03190,0.06945,0.05537,0.04213,0.04587,0.01610,0.03544,0.15934,0.30034
0.04446,0.06072,0.13040,0.04380,0.03987,0.07650,0.01052,0.03517,0.03706,0.04560,0.04978,0.22476,0.18057,0.02081
0.09850,0.02648,0.01800,0.09054,0.02852,0.03104,0.15848,0.02062,0.02179,0.02440,0.02997,0.34873,0.08136,0.02155
0.25264,0.09524,0.02623,0.23123,0.07046,0.07077,0.01844,0.03458,0.05924,0.04727,0.01599,0.01600,0.02969,0.03222
0.08074,0.01170,0.04671,0.07356,0.02404,0.10894,0.02230,0.14023,0.06280,0.17015,0.07798,0.04226,0.05520,0.08339
0.12442,0.02869,0.05357,0.12916,0.13519,0.02748,0.01894,0.04181,0.18162,0.05098,0.01893,0.06400,0.07026,0.05495
0.19184,0.12579,0.02097,0.10139,0.06948,0.02630,0.05803,0.04129,0.09168,0.07467,0.04654,0.03793,0.04232,0.07177
0.05449,0.01605,0.02433,0.05758,0.01663,0.05909,0.21290,0.05251,0.02395,0.05971,0.09378,0.06343,0.07651,0.18904
0.11650,0.17554,0.01293,0.06325,0.17502,0.01166,0.11942,0.06596,0.05458,0.06662,0.01354,0.05115,0.01277,0.06107
0.23457,0.24848,0.18219,0.10880,0.02087,0.00918,0.01826,0.04953,0.01586,0.01452,0.01981,0.01803,0.01600,0.04389
0.04452,0.02912,0.02899,0.13780,0.07186,0.01473,0.02671,0.21621,0.06440,0.11184,0.03370,0.02514,0.07295,0.12203
0.13008,0.01471,0.01526,0.12174,0.03311,0.40770,0.02152,0.07183,0.03546,0.06503,0.01465,0.02810,0.02600,0.01481
0.06919,0.02955,0.02060,0.05855,0.02175,0.57514,0.03084,0.02890,0.03420,0.03583,0.01000,0.04558,0.02101,0.01885
0.11948,0.11064,0.01606,0.04717,0.01792,0.44564,0.02783,0.04935,0.01835,0.02832,0.02960,0.02194,0.03808,0.02963
0.02208,0.06525,0.02478,0.01991,0.31801,0.01298,0.07589,0.02014,0.29336,0.02063,0.01537,0.02456,0.01355,0.07349
0.14106,0.02050,0.01115,0.12857,0.01441,0.01652,0.02137,0.01482,0.02112,0.02815,0.05019,0.04524,0.29650,0.19040
0.10544,0.02907,0.02049,0.16124,0.02008,0.01516,0.12103,0.17438,0.02958,0.08983,0.02117,0.08058,0.03922,0.09273
0.08148,0.01942,0.01816,0.08166,0.02505,0.01098,0.12081,0.21680,0.02961,0.19033,0.03570,0.11459,0.02464,0.03077
0.25206,0.02572,0.01427,0.25366,0.04272,0.05490,0.04641,0.09110,0.04433,0.05635,0.01948,0.04116,0.02164,0.03619
0.16219,0.04126,0.01776,0.13843,0.01796,0.02093,0.07366,0.15573,0.03963,0.16518,0.03164,0.07824,0.02825,0.02913
0.30224,0.07120,0.04249,0.29195,0.05817,0.01498,0.03855,0.02490,0.03545,0.02418,0.03061,0.01152,0.01259,0.04118
0.12102,0.08037,0.01393,0.07212,0.07031,0.01527,0.05949,0.06316,0.08511,0.06452,0.05618,0.05938,0.14436,0.09477
0.04239,0.06319,0.01295,0.03137,0.11738,0.01947,0.06131,0.04395,0.02121,0.04971,0.12971,0.03194,0.21493,0.16048
0.02673,0.02051,0.02126,0.07930,0.06128,0.10592,0.04836,0.17568,0.05701,0.11655,0.05046,0.12053,0.09119,0.02524
0.07273,0.06556,0.02466,0.05691,0.07682,0.01096,0.04705,0.13807,0.04133,0.13949,0.08043,0.02672,0.12145,0.09782
0.11559,0.16470,0.09110,0.08806,0.09410,0.01693,0.08032,0.04006,0.03647,0.05057,0.02834,0.10841,0.04963,0.03572
0.03920,0.02973,0.05631,0.03817,0.02895,0.01591,0.06996,0.03616,0.05273,0.04550,0.01678,0.39838,0.12854,0.04369
0.06986,0.01463,0.01057,0.05852,0.02227,0.01730,0.27497,0.02447,0.03941,0.03594,0.01357,0.29262,0.05840,0.06746
0.10004,0.03368,0.02522,0.10800,0.01348,0.09732,0.02510,0.06017,0.02866,0.05761,0.02578,0.21574,0.18074,0.02845
0.07567,0.01561,0.02036,0.23610,0.04249,0.01216,0.03582,0.22306,0.09332,0.07635,0.04300,0.04241,0.04001,0.04362
0.10687,0.00975,0.08797,0.14290,0.01241,0.07632,0.12016,0.11012,0.01562,0.04089,0.02323,0.01338,0.03827,0.20210
0.04782,0.02567,0.01047,0.04764,0.03970,0.00895,0.14836,0.04558,0.02366,0.03638,0.19904,0.01895,0.20248,0.14528
0.10145,0.02290,0.00824,0.16180,0.02308,0.01073,0.14608,0.13580,0.05682,0.08014,0.05794,0.07121,0.03797,0.08582
0.18003,0.12927,0.01561,0.16802,0.14152,0.01585,0.11396,0.04363,0.02548,0.03545,0.03015,0.03737,0.01319,0.05048
0.33012,0.03951,0.01267,0.29039,0.02586,0.00880,0.04963,0.05283,0.02910,0.04874,0.01123,0.05955,0.01640,0.02516
0.12210,0.04490,0.01955,0.10909,0.14363,0.02659,0.03826,0.13003,0.15229,0.11833,0.01658,0.02400,0.01982,0.03483
0.09797,0.09817,0.00700,0.02029,0.01331,0.01302,0.01877,0.30570,0.01224,0.31258,0.02444,0.02206,0.03784,0.01660
0.08430,0.14127,0.01571,0.06855,0.16951,0.01267,0.19382,0.02888,0.05997,0.03974,0.01176,0.10961,0.00824,0.05596
0.09214,0.01552,0.01496,0.10420,0.02266,0.03157,0.11968,0.10293,0.04131,0.06261,0.01217,0.10375,0.12826,0.14825
0.07040,0.03411,0.05141,0.10086,0.02119,0.04842,0.02787,0.11687,0.01743,0.10630,0.19642,0.02670,0.15217,0.02983
0.06214,0.22132,0.24508,0.05425,0.08270,0.03458,0.01593,0.02660,0.06388,0.05721,0.02331,0.06195,0.03087,0.02018
0.05970,0.02971,0.04654,0.09157,0.30147,0.01163,0.01827,0.05307,0.30263,0.01837,0.00686,0.02770,0.01260,0.01988
0.16218,0.14040,0.01504,0.03863,0.03903,0.01018,0.13726,0.06515,0.05649,0.06814,0.01639,0.13533,0.04651,0.06926
0.06584,0.01634,0.01365,0.10543,0.03311,0.02078,0.06842,0.11916,0.15867,0.17156,0.01947,0.01464,0.06900,0.12393
0.09471,0.04310,0.01021,0.06249,0.12526,0.01525,0.10409,0.02270,0.22758,0.11413,0.01709,0.10385,0.02231,0.03724
0.06760,0.12859,0.01234,0.03058,0.15585,0.04589,0.20983,0.02039,0.02435,0.02465,0.02884,0.01461,0.01622,0.22028
0.10274,0.01822,0.03806,0.08946,0.03046,0.02508,0.05880,0.18908,0.05429,0.17748,0.01716,0.03404,0.05657,0.10855
0.22977,0.14094,0.00734,0.08048,0.06594,0.01428,0.10414,0.03332,0.07398,0.03401,0.03950,0.12499,0.03759,0.01374
0.05978,0.05799,0.02009,0.02041,0.02896,0.35688,0.02803,0.02493,0.02364,0.02358,0.13975,0.05727,0.12890,0.02979
0.06648,0.04064,0.06791,0.05361,0.01102,0.02684,0.13809,0.03543,0.06976,0.07404,0.01557,0.28518,0.03229,0.08315
0.08647,0.01756,0.01401,0.09910,0.02263,0.09548,0.02322,0.06842,0.22650,0.25500,0.01836,0.01323,0.01957,0.04045
0.32386,0.27057,0.05375,0.06667,0.02137,0.00795,0.01616,0.03578,0.04773,0.04768,0.01329,0.01136,0.01990,0.06395
0.17582,0.07744,0.05338,0.13733,0.01681,0.19108,0.06451,0.06025,0.02919,0.04017,0.02284,0.09062,0.01249,0.02808
0.17363,0.17510,0.05832,0.13956,0.03494,0.11997,0.03736,0.13122,0.00911,0.01290,0.00943,0.02868,0.01553,0.05425
0.11872,0.02046,0.02863,0.14307,0.05710,0.01271,0.02680,0.08646,0.05530,0.04497,0.14268,0.04776,0.16414,0.05119
0.03627,0.02382,0.03231,0.04771,0.03052,0.03196,0.05918,0.23015,0.02749,0.21089,0.02631,0.08134,0.07488,0.08718
0.23721,0.04164,0.02893,0.26749,0.03231,0.00789,0.06871,0.12633,0.02506,0.06378,0.00894,0.04713,0.01128,0.03329
0.28636,0.07421,0.02623,0.24634,0.03918,0.01035,0.04158,0.04345,0.01830,0.06234,0.08050,0.02828,0.01628,0.02661
0.20796,0.01426,0.01587,0.19442,0.09212,0.03899,0.12328,0.02271,0.08254,0.01966,0.02345,0.12986,0.01977,0.01512
0.16474,0.02349,0.02122,0.16853,0.02433,0.02598,0.13209,0.04102,0.06342,0.06453,0.02361,0.08168,0.03864,0.12673
0.03693,0.01542,0.11777,0.03638,0.01795,0.03472,0.11564,0.12127,0.03517,0.10743,0.03448,0.14989,0.04388,0.13306
0.09360,0.07182,0.07475,0.09830,0.12099,0.04597,0.08134,0.04437,0.12599,0.04795,0.01075,0.03200,0.04371,0.10847
0.12241,0.16051,0.11681,0.03238,0.02075,0.05845,0.01606,0.10993,0.05041,0.15400,0.01746,0.05180,0.04105,0.04798
