0.02935,0.16426,0.01123,0.02593,0.00794,0.23666,0.00207,0.10883,0.04387,0.01525,0.00553,0.11813,0.03821,0.05503,0.02449,0.01386,0.00513,0.02534,0.00417,0.06473
0.03718,0.18504,0.01477,0.03892,0.00588,0.13924,0.00316,0.12805,0.04977,0.01839,0.00476,0.07798,0.06109,0.06298,0.08498,0.00865,0.00569,0.02012,0.00315,0.05022
0.02961,0.20425,0.01422,0.04600,0.00520,0.15574,0.00334,0.11705,0.03057,0.01518,0.00883,0.05436,0.08974,0.05836,0.05250,0.01242,0.00457,0.02430,0.00581,0.06794
0.03321,0.15330,0.02022,0.04984,0.00875,0.15212,0.00415,0.10535,0.05418,0.03099,0.00969,0.05825,0.06086,0.05110,0.09057,0.01617,0.00650,0.02751,0.00853,0.05873
0.02981,0.13593,0.01823,0.03530,0.00966,0.15706,0.00380,0.15587,0.04761,0.02161,0.00808,0.09196,0.05011,0.03414,0.03372,0.05647,0.00360,0.03259,0.01269,0.06174
0.02503,0.11391,0.01998,0.04416,0.01229,0.23024,0.00538,0.09148,0.05735,0.01538,0.00446,0.10931,0.04339,0.05312,0.02424,0.01289,0.00457,0.03508,0.00349,0.09426
0.04942,0.20326,0.01285,0.02743,0.00658,0.18238,0.00312,0.09467,0.02756,0.01700,0.00506,0.07262,0.04449,0.03269,0.02174,0.00951,0.00499,0.12822,0.00338,0.05304
0.02726,0.15782,0.01341,0.05774,0.00810,0.15394,0.00368,0.09727,0.05662,0.02082,0.00745,0.10563,0.05071,0.04138,0.07484,0.01351,0.00397,0.04027,0.00769,0.05788
0.04228,0.13813,0.01851,0.04506,0.01625,0.17710,0.00356,0.16372,0.05937,0.02645,0.00712,0.05869,0.03745,0.04013,0.03732,0.01246,0.00433,0.05344,0.00606,0.05257
0.02809,0.11745,0.01709,0.03584,0.01405,0.23480,0.00632,0.09115,0.04579,0.01921,0.00384,0.09181,0.05943,0.05627,0.03469,0.01342,0.00633,0.03886,0.00453,0.08102
0.04018,0.17063,0.01523,0.03122,0.00946,0.19329,0.00456,0.11422,0.03792,0.01509,0.00630,0.15227,0.03334,0.03950,0.01913,0.01857,0.00306,0.05603,0.00333,0.03666
0.02981,0.20270,0.02857,0.04183,0.00783,0.14205,0.00565,0.13855,0.06140,0.02563,0.00798,0.06501,0.05958,0.05986,0.02324,0.01774,0.00530,0.02916,0.01242,0.03569
0.03151,0.16487,0.03671,0.02743,0.00553,0.25961,0.00391,0.10192,0.04659,0.01690,0.00963,0.04697,0.05457,0.03436,0.03197,0.03100,0.00262,0.02944,0.00810,0.05638
0.03083,0.17356,0.01758,0.03311,0.00618,0.21349,0.00286,0.11404,0.03740,0.01990,0.00455,0.06923,0.04924,0.03368,0.03175,0.00879,0.00512,0.06158,0.00415,0.08296
0.06448,0.13677,0.02079,0.03223,0.00608,0.26021,0.00275,0.12116,0.03085,0.01313,0.00991,0.05143,0.06014,0.07333,0.02019,0.01508,0.00392,0.03371,0.00334,0.04052
0.02892,0.14708,0.01720,0.03763,0.00733,0.22889,0.00335,0.09710,0.02558,0.01775,0.00492,0.12422,0.05251,0.06556,0.03047,0.01096,0.00344,0.03357,0.00621,0.05731
0.03237,0.10860,0.01555,0.04223,0.01162,0.28768,0.00388,0.10084,0.07158,0.01497,0.00686,0.09353,0.03328,0.04258,0.02456,0.01583,0.00459,0.03319,0.00400,0.05225
0.03808,0.17855,0.01138,0.03837,0.00419,0.26558,0.00283,0.06821,0.04085,0.02387,0.00432,0.06571,0.02611,0.04027,0.01780,0.03513,0.00321,0.04331,0.00345,0.08877
0.03101,0.14273,0.01628,0.04713,0.00802,0.17956,0.00378,0.09975,0.04605,0.02343,0.00660,0.11772,0.04569,0.05280,0.03836,0.01424,0.00664,0.04390,0.00437,0.07195
0.02061,0.14405,0.01352,0.04368,0.00667,0.14667,0.00227,0.20622,0.05887,0.06203,0.00459,0.07447,0.03520,0.06501,0.01883,0.01181,0.00386,0.03990,0.00373,0.03801
0.02936,0.13301,0.01614,0.03226,0.00722,0.17540,0.00293,0.09595,0.04105,0.01313,0.00716,0.09105,0.13501,0.06018,0.04141,0.00878,0.00406,0.05803,0.00588,0.04198
0.02206,0.15428,0.02097,0.03610,0.00618,0.16467,0.00420,0.11281,0.07858,0.05153,0.00698,0.07008,0.07647,0.07554,0.01941,0.01453,0.00713,0.02445,0.00717,0.04683
0.02227,0.09536,0.02065,0.06563,0.00814,0.23036,0.00266,0.09243,0.10037,0.02106,0.00666,0.08329,0.05993,0.03078,0.03750,0.01008,0.00452,0.02797,0.00486,0.07549
0.01989,0.19283,0.01373,0.03170,0.00368,0.29005,0.00255,0.08416,0.06833,0.01631,0.00837,0.07091,0.03196,0.06349,0.02353,0.01083,0.00308,0.02182,0.00338,0.03938
0.03455,0.16170,0.02933,0.05326,0.01035,0.16141,0.00422,0.11376,0.04021,0.01951,0.00520,0.08917,0.03709,0.04164,0.02844,0.01467,0.00653,0.06882,0.00559,0.07455
0.02081,0.27013,0.01243,0.03946,0.00576,0.19985,0.00231,0.12080,0.04221,0.01709,0.00530,0.05707,0.04196,0.04003,0.03091,0.00711,0.00462,0.01994,0.00561,0.05658
0.01694,0.11394,0.00958,0.05130,0.00646,0.23221,0.00178,0.11166,0.03312,0.01714,0.00800,0.08162,0.03480,0.13401,0.03141,0.01740,0.00756,0.02592,0.00304,0.06210
0.03000,0.18784,0.01578,0.03571,0.01289,0.14575,0.00448,0.11937,0.05644,0.02240,0.00760,0.06914,0.07948,0.05900,0.04781,0.01375,0.00470,0.02195,0.01079,0.05511
0.03130,0.15986,0.02464,0.03394,0.00509,0.20104,0.00438,0.13300,0.03958,0.02813,0.00514,0.07012,0.06878,0.03276,0.03490,0.01306,0.00441,0.02676,0.00558,0.07752
0.02589,0.14291,0.01749,0.03941,0.01115,0.16952,0.00349,0.11582,0.05001,0.01143,0.00541,0.16588,0.05316,0.03779,0.03887,0.01196,0.00383,0.03482,0.00523,0.05590
0.04098,0.19819,0.00923,0.03633,0.00360,0.13549,0.00232,0.09707,0.04688,0.01688,0.00492,0.10991,0.07237,0.07723,0.03565,0.01588,0.00583,0.02921,0.00552,0.05650
0.01742,0.12892,0.01828,0.02870,0.01418,0.15480,0.00640,0.17051,0.04614,0.03230,0.00511,0.08639,0.06523,0.06811,0.04064,0.00865,0.00938,0.02477,0.00529,0.06877
0.02451,0.14850,0.01658,0.04000,0.01160,0.19143,0.00453,0.10064,0.05830,0.02336,0.00491,0.10799,0.05030,0.06185,0.03404,0.01688,0.00373,0.04010,0.00499,0.05575
0.02903,0.17996,0.01170,0.03133,0.01260,0.15266,0.00417,0.14260,0.03602,0.01742,0.00728,0.09934,0.05053,0.03765,0.04512,0.01234,0.00410,0.03686,0.00549,0.08380
0.03095,0.13374,0.02258,0.04993,0.00583,0.17870,0.00677,0.14710,0.05794,0.02356,0.00517,0.08177,0.03683,0.05549,0.04304,0.01399,0.00665,0.02934,0.00457,0.06603
0.02767,0.12478,0.01974,0.02871,0.01314,0.17951,0.00368,0.12797,0.06203,0.02597,0.00588,0.08388,0.06814,0.04942,0.02287,0.02613,0.00316,0.03489,0.00498,0.08747
0.04984,0.10758,0.01861,0.03741,0.00925,0.24740,0.00247,0.10427,0.04311,0.03860,0.01002,0.06258,0.02379,0.08547,0.03609,0.01169,0.00371,0.05874,0.00489,0.04449
0.02828,0.11945,0.03011,0.02127,0.00553,0.21887,0.00220,0.08758,0.07370,0.00829,0.00488,0.17851,0.02469,0.05082,0.02846,0.01430,0.00327,0.05228,0.00376,0.04375
0.03183,0.12196,0.01850,0.02838,0.00643,0.22352,0.00328,0.17173,0.02905,0.00993,0.00529,0.10399,0.03848,0.04762,0.01733,0.01270,0.00377,0.08186,0.00532,0.03902
0.02778,0.14962,0.00903,0.04491,0.00747,0.19137,0.00403,0.12162,0.04313,0.02469,0.00554,0.09652,0.07195,0.05244,0.04069,0.01315,0.00575,0.03511,0.00388,0.05130
0.04235,0.18109,0.01059,0.06101,0.00940,0.21634,0.00243,0.08856,0.03732,0.01353,0.00729,0.06291,0.04730,0.07978,0.03475,0.00961,0.00482,0.03435,0.00566,0.05093
0.01948,0.12738,0.01538,0.05013,0.00818,0.16059,0.00306,0.13356,0.04417,0.02287,0.00538,0.19170,0.03690,0.03441,0.02100,0.01874,0.00506,0.03143,0.00515,0.06541
0.02938,0.17173,0.01487,0.03336,0.00600,0.16182,0.01223,0.13707,0.05904,0.01679,0.00404,0.10711,0.05757,0.04053,0.03399,0.01192,0.00465,0.02108,0.00493,0.07187
0.01675,0.18552,0.00848,0.02360,0.00541,0.14530,0.00342,0.17072,0.03317,0.02663,0.00388,0.09698,0.06537,0.02839,0.06085,0.00612,0.00503,0.02673,0.00708,0.08056
0.02826,0.15498,0.03175,0.05164,0.00583,0.20307,0.00409,0.09824,0.03021,0.02421,0.00612,0.08613,0.07378,0.02957,0.03604,0.01487,0.00325,0.03880,0.00520,0.07395
0.06109,0.14740,0.00843,0.03577,0.00583,0.29050,0.00254,0.06430,0.06134,0.01395,0.00735,0.06380,0.03348,0.07526,0.02724,0.01577,0.00339,0.03098,0.00436,0.04723
0.03907,0.11231,0.01539,0.03153,0.00709,0.28623,0.00268,0.13431,0.04071,0.01818,0.00484,0.09688,0.03271,0.03191,0.02775,0.00897,0.00413,0.03870,0.00453,0.06208
0.03129,0.18825,0.02557,0.03197,0.00801,0.15022,0.00376,0.10442,0.08229,0.01390,0.00434,0.05885,0.06473,0.05387,0.02658,0.01407,0.00467,0.03879,0.00441,0.09002
0.02788,0.23316,0.00818,0.03498,0.00661,0.17185,0.00284,0.06914,0.04594,0.01504,0.00595,0.07451,0.04903,0.08434,0.05021,0.01170,0.00565,0.03676,0.00501,0.06123
0.02930,0.17045,0.01241,0.03760,0.01337,0.17990,0.00353,0.13893,0.04643,0.02176,0.00539,0.12073,0.04097,0.03517,0.03751,0.01291,0.00317,0.02753,0.00477,0.05817
0.03284,0.13665,0.01247,0.05785,0.01265,0.15955,0.00269,0.12130,0.06968,0.02501,0.00653,0.07016,0.05673,0.07506,0.04665,0.01147,0.00933,0.02174,0.00993,0.06171
0.02930,0.17792,0.01020,0.03485,0.00573,0.29049,0.00239,0.07492,0.05268,0.02754,0.00629,0.04801,0.02489,0.06425,0.03160,0.01773,0.00384,0.03191,0.00228,0.06319
0.02891,0.14826,0.02714,0.04252,0.00978,0.17023,0.00332,0.09102,0.06421,0.02961,0.01027,0.07780,0.04831,0.05488,0.06006,0.02251,0.00612,0.04316,0.00427,0.05762
0.01877,0.16649,0.02110,0.05346,0.00670,0.17524,0.00330,0.09227,0.03455,0.02408,0.00700,0.12595,0.04316,0.03273,0.02131,0.02413,0.00437,0.07597,0.00506,0.06436
0.03326,0.22599,0.00963,0.05215,0.00988,0.11482,0.00315,0.14239,0.03897,0.02136,0.00718,0.06292,0.05887,0.06573,0.04677,0.01065,0.00439,0.03769,0.00472,0.04949
0.02058,0.22754,0.01426,0.03859,0.00455,0.20698,0.00310,0.07169,0.04055,0.01427,0.00578,0.06492,0.10679,0.02331,0.01446,0.04034,0.00356,0.03340,0.00645,0.05887
0.01539,0.15891,0.01213,0.06755,0.00717,0.21153,0.00251,0.07167,0.06558,0.01179,0.00362,0.09232,0.08534,0.03847,0.02031,0.01191,0.00208,0.03771,0.00449,0.07951
0.02510,0.13368,0.01441,0.04381,0.00681,0.26260,0.00223,0.12526,0.03910,0.01285,0.00641,0.10943,0.03782,0.03054,0.04276,0.01180,0.00189,0.04386,0.00412,0.04551
0.04186,0.14925,0.01841,0.03906,0.00798,0.19634,0.00731,0.10488,0.04714,0.02950,0.00633,0.09154,0.04808,0.04055,0.03051,0.01108,0.00514,0.03129,0.00570,0.08807
0.02242,0.21353,0.01597,0.05324,0.01498,0.17003,0.00325,0.07339,0.04477,0.01438,0.00545,0.09744,0.04302,0.08421,0.01916,0.01248,0.00452,0.04980,0.00666,0.05131
0.03977,0.20352,0.01484,0.03580,0.00935,0.14168,0.00322,0.11453,0.04675,0.01887,0.00685,0.09041,0.05782,0.06303,0.02931,0.01792,0.00500,0.03255,0.00433,0.06445
0.04954,0.12728,0.01595,0.02291,0.00452,0.21507,0.00458,0.20764,0.04393,0.02290,0.00614,0.05197,0.06786,0.02633,0.03704,0.01058,0.00300,0.01785,0.00858,0.05633
0.01513,0.18609,0.01733,0.04669,0.00651,0.16530,0.00545,0.20974,0.04140,0.01825,0.00570,0.06346,0.04705,0.05284,0.01663,0.03111,0.00341,0.01802,0.00486,0.04504
0.01999,0.22436,0.01197,0.03688,0.01273,0.21239,0.00177,0.04506,0.03581,0.00911,0.00704,0.05560,0.03862,0.07081,0.07450,0.00920,0.00953,0.03349,0.00530,0.08584
0.03220,0.16349,0.01020,0.05430,0.00816,0.20608,0.00672,0.07386,0.02698,0.03910,0.00917,0.12067,0.06526,0.02888,0.02818,0.00982,0.00302,0.03370,0.00453,0.07567
0.03156,0.13013,0.01406,0.04341,0.00502,0.31188,0.00319,0.08497,0.02584,0.02324,0.00675,0.07733,0.04806,0.03902,0.03899,0.01102,0.00509,0.02725,0.00464,0.06853
0.05492,0.16341,0.01493,0.03865,0.00810,0.18954,0.00386,0.08772,0.06723,0.01589,0.00531,0.04615,0.05854,0.08152,0.02437,0.00959,0.00620,0.03156,0.00243,0.09007
0.02491,0.14268,0.01689,0.04035,0.00712,0.15098,0.00477,0.10323,0.04459,0.01731,0.00524,0.17605,0.03740,0.04194,0.06825,0.01032,0.00350,0.03809,0.00468,0.06169
0.04043,0.17516,0.02325,0.03729,0.00974,0.18087,0.00408,0.10867,0.06030,0.01376,0.00539,0.08951,0.03449,0.08052,0.02110,0.02127,0.00424,0.02976,0.00714,0.05306
0.03849,0.14023,0.01661,0.03129,0.00826,0.23990,0.00402,0.11682,0.04882,0.02569,0.00485,0.06927,0.04675,0.04026,0.03942,0.01857,0.00396,0.02201,0.00592,0.07886
0.02660,0.15090,0.02048,0.03272,0.00492,0.28505,0.00134,0.07992,0.05270,0.00991,0.00330,0.09156,0.05510,0.05993,0.02557,0.00992,0.00387,0.03373,0.00314,0.04932
0.02983,0.15692,0.01377,0.03615,0.00756,0.15015,0.00280,0.16630,0.04472,0.02926,0.00661,0.05876,0.08765,0.03172,0.03972,0.01046,0.01064,0.02719,0.00704,0.08277
0.02633,0.15100,0.00941,0.04072,0.00743,0.21307,0.00390,0.13767,0.03970,0.01566,0.00384,0.09341,0.04188,0.04228,0.02969,0.01262,0.00429,0.02792,0.00299,0.09619
0.02051,0.18661,0.01423,0.05082,0.00665,0.11416,0.00228,0.19803,0.05579,0.02161,0.00552,0.06781,0.02988,0.06065,0.04558,0.01267,0.00403,0.02612,0.00604,0.07104
0.02233,0.12095,0.01670,0.04910,0.01299,0.20439,0.00397,0.12783,0.06362,0.01218,0.00435,0.09981,0.05896,0.03257,0.04114,0.01234,0.00360,0.04626,0.00602,0.06087
0.03441,0.17632,0.01416,0.02750,0.00936,0.18006,0.00339,0.12230,0.04391,0.02409,0.00715,0.12736,0.07680,0.02474,0.02940,0.01342,0.00378,0.02784,0.00764,0.04636
0.02187,0.22290,0.01299,0.03792,0.00868,0.15620,0.00412,0.10031,0.05624,0.02362,0.00676,0.10321,0.04643,0.04017,0.02413,0.01681,0.00246,0.05124,0.00667,0.05728
0.02678,0.14147,0.01697,0.03950,0.01155,0.14878,0.00271,0.15566,0.04712,0.03167,0.00468,0.11062,0.04463,0.03833,0.02642,0.00981,0.00468,0.03676,0.00364,0.09823
0.03185,0.15955,0.01710,0.05393,0.00909,0.22283,0.00353,0.08265,0.05145,0.01737,0.00526,0.08810,0.04819,0.04432,0.02748,0.01465,0.00369,0.04407,0.00630,0.06860
0.03574,0.14712,0.01918,0.03264,0.00870,0.21982,0.00732,0.09161,0.05988,0.01155,0.01060,0.11929,0.06795,0.03814,0.02044,0.01927,0.00265,0.02584,0.00674,0.05551
0.02869,0.16489,0.01923,0.03867,0.01579,0.18003,0.00828,0.13356,0.04902,0.02309,0.00929,0.06670,0.06351,0.03757,0.04951,0.01271,0.00384,0.02013,0.00440,0.07108
0.02407,0.17923,0.01171,0.05265,0.00526,0.15687,0.00231,0.08703,0.04654,0.01712,0.00470,0.12446,0.04582,0.07209,0.04370,0.01053,0.00553,0.04226,0.00418,0.06393
0.02834,0.14770,0.01661,0.04154,0.00898,0.17325,0.00520,0.09708,0.05784,0.01809,0.00506,0.11490,0.04862,0.05722,0.05667,0.01250,0.00388,0.04365,0.00396,0.05892
0.04133,0.16797,0.01390,0.05156,0.00832,0.15014,0.00361,0.20786,0.04196,0.01646,0.01080,0.05750,0.04331,0.06089,0.03214,0.01475,0.00383,0.02312,0.00439,0.04614
0.01817,0.11978,0.00748,0.04683,0.00597,0.16672,0.00250,0.14810,0.06402,0.02356,0.00424,0.10906,0.05459,0.08499,0.05701,0.01140,0.00421,0.02474,0.00407,0.04256
0.02674,0.11772,0.01020,0.02900,0.00900,0.17132,0.00510,0.12352,0.06080,0.01614,0.00846,0.15990,0.05210,0.04231,0.03779,0.01439,0.00785,0.02789,0.00948,0.07028
0.01646,0.09419,0.01449,0.04438,0.00594,0.19976,0.00232,0.10593,0.03630,0.02098,0.00527,0.23439,0.03487,0.05225,0.01571,0.01050,0.00423,0.03728,0.00465,0.06012
0.02843,0.10791,0.01147,0.02739,0.00842,0.19520,0.00334,0.12508,0.03357,0.01769,0.00703,0.11488,0.03060,0.17274,0.01879,0.01805,0.00435,0.03069,0.00461,0.03975
0.02327,0.17696,0.01308,0.06593,0.00866,0.22216,0.00324,0.11526,0.04375,0.01090,0.00476,0.09301,0.05593,0.02425,0.03701,0.01219,0.00281,0.04239,0.00394,0.04051
0.02845,0.14859,0.01361,0.03320,0.00638,0.24568,0.00262,0.10818,0.06608,0.01831,0.00706,0.09859,0.04851,0.04705,0.02819,0.01502,0.00348,0.02938,0.00555,0.04608
0.03824,0.14570,0.01537,0.03764,0.00829,0.17485,0.00385,0.10421,0.04088,0.02041,0.00494,0.09288,0.09982,0.04103,0.02838,0.01757,0.00567,0.03746,0.00342,0.07940
0.02408,0.17551,0.01751,0.05202,0.00964,0.16305,0.00503,0.15066,0.04066,0.01674,0.00548,0.07879,0.06002,0.02889,0.04478,0.01354,0.00263,0.03038,0.00378,0.07682
0.03842,0.15405,0.01884,0.03698,0.01162,0.18973,0.00446,0.13300,0.05970,0.01543,0.00424,0.08272,0.05065,0.05067,0.03518,0.01011,0.00450,0.03889,0.00445,0.05637
0.03537,0.14603,0.01874,0.04119,0.01092,0.15143,0.00416,0.14371,0.04701,0.02628,0.00658,0.11086,0.03441,0.05320,0.03848,0.01460,0.00650,0.03291,0.00602,0.07159
0.02711,0.12958,0.02327,0.03861,0.02144,0.14576,0.00331,0.11240,0.04718,0.03922,0.00382,0.13257,0.04435,0.05451,0.02418,0.00776,0.00473,0.06310,0.00346,0.07362
0.02448,0.18125,0.00985,0.03985,0.00614,0.13924,0.00266,0.24250,0.03170,0.01942,0.00460,0.10815,0.02020,0.02765,0.03424,0.01354,0.00394,0.03082,0.00360,0.05618
0.03463,0.15854,0.01508,0.04023,0.00891,0.16394,0.00275,0.09677,0.05218,0.02595,0.00713,0.06826,0.07431,0.06171,0.04468,0.01524,0.00925,0.03556,0.00918,0.07570
0.02554,0.16226,0.01320,0.03657,0.00845,0.18478,0.00443,0.15641,0.06899,0.01905,0.00599,0.08342,0.05069,0.05008,0.02976,0.01282,0.00336,0.02823,0.00308,0.05287
0.02433,0.12277,0.01382,0.06332,0.02014,0.15179,0.00438,0.10170,0.05493,0.02208,0.00558,0.12842,0.03650,0.05333,0.04693,0.00949,0.00510,0.06113,0.00451,0.06975
0.02614,0.15958,0.01509,0.04147,0.01021,0.18842,0.00222,0.12352,0.04335,0.01959,0.00483,0.12616,0.03750,0.04566,0.04332,0.01064,0.00441,0.02658,0.00501,0.06629
