0.02114,0.05331,0.01704,0.00983,0.02175,0.17288,0.02522,0.00719,0.00467,0.00384,0.01924,0.02055,0.03214,0.46036,0.01139,0.01053,0.02047,0.00670,0.01523,0.06650
0.10087,0.16488,0.00993,0.01326,0.06094,0.01601,0.04285,0.01584,0.06254,0.03163,0.01068,0.02531,0.01035,0.02121,0.04749,0.03971,0.08605,0.00605,0.01439,0.22001
0.09347,0.07615,0.01672,0.13887,0.07897,0.02591,0.06081,0.01972,0.08154,0.03979,0.01247,0.08480,0.01232,0.01970,0.05570,0.04142,0.04531,0.01242,0.04888,0.03504
0.05533,0.02209,0.02267,0.09644,0.02836,0.05970,0.04199,0.01004,0.13309,0.08436,0.01840,0.01748,0.01983,0.02270,0.01056,0.19612,0.03295,0.07693,0.01065,0.04030
0.05192,0.04751,0.03753,0.04450,0.02672,0.02185,0.06434,0.02899,0.25310,0.21688,0.01206,0.01755,0.01198,0.01691,0.03747,0.04549,0.02452,0.00878,0.01489,0.01700
0.06391,0.04108,0.04965,0.01745,0.02682,0.08294,0.05140,0.11382,0.02493,0.01399,0.04396,0.01148,0.06004,0.01257,0.02149,0.04461,0.01445,0.27191,0.01226,0.02124
0.07046,0.07309,0.00917,0.02545,0.10214,0.05020,0.04020,0.01571,0.05226,0.03348,0.02145,0.12967,0.02106,0.02968,0.08170,0.05375,0.04459,0.00809,0.05279,0.08503
0.10261,0.03422,0.01506,0.03456,0.01708,0.01081,0.01594,0.01284,0.01958,0.06217,0.03071,0.06220,0.05514,0.09731,0.09125,0.00953,0.21346,0.00960,0.01495,0.09097
0.03697,0.03379,0.00783,0.02811,0.20167,0.01142,0.02335,0.01748,0.18449,0.10061,0.01518,0.03383,0.01116,0.01526,0.15481,0.01874,0.02053,0.00732,0.03387,0.04358
0.02255,0.01913,0.08174,0.10819,0.03545,0.03053,0.08291,0.21640,0.04623,0.04365,0.01388,0.05913,0.01225,0.04638,0.05126,0.02477,0.04115,0.03242,0.01767,0.01430
0.01940,0.06428,0.07584,0.30200,0.00880,0.01673,0.02004,0.01687,0.02679,0.03536,0.08794,0.02277,0.12025,0.06248,0.02043,0.00648,0.05747,0.00915,0.00644,0.02048
0.04669,0.03242,0.01577,0.01490,0.03903,0.01382,0.02632,0.01638,0.09582,0.11886,0.00995,0.00988,0.01001,0.01818,0.01978,0.47057,0.01472,0.00454,0.01064,0.01169
0.04481,0.13650,0.03073,0.03891,0.02541,0.12331,0.02395,0.00748,0.01744,0.01498,0.01655,0.01577,0.01373,0.18974,0.01138,0.23365,0.02181,0.00672,0.00568,0.02145
0.05784,0.04972,0.01737,0.01315,0.03346,0.01278,0.15281,0.03514,0.06770,0.04190,0.00881,0.02999,0.00987,0.01803,0.07868,0.01360,0.29934,0.00406,0.01255,0.04319
0.02442,0.05164,0.02238,0.01243,0.10219,0.07189,0.01183,0.01069,0.01183,0.01050,0.01478,0.04929,0.01139,0.05669,0.02687,0.02087,0.07826,0.01061,0.01873,0.38270
0.02670,0.08615,0.38518,0.02448,0.02027,0.06509,0.02643,0.01629,0.05866,0.05119,0.03871,0.01551,0.04395,0.04603,0.01284,0.03011,0.01908,0.01178,0.01085,0.01071
0.09181,0.04637,0.01236,0.02007,0.03630,0.01023,0.23976,0.03490,0.06133,0.05615,0.01097,0.05183,0.01200,0.01001,0.04501,0.01394,0.01563,0.00626,0.18223,0.04285
0.13315,0.22546,0.09052,0.05085,0.02227,0.03998,0.10189,0.03233,0.03979,0.01538,0.02789,0.03926,0.02736,0.02286,0.02128,0.01923,0.02838,0.01676,0.01521,0.03014
0.08583,0.07585,0.00945,0.05057,0.05921,0.01548,0.01993,0.01428,0.23955,0.09990,0.02355,0.02493,0.01806,0.01654,0.05750,0.02767,0.02501,0.00884,0.02402,0.10382
0.03906,0.02960,0.27299,0.08713,0.05143,0.01077,0.01794,0.03558,0.05730,0.03407,0.01770,0.21692,0.01021,0.01321,0.01329,0.01004,0.00939,0.00781,0.03432,0.03122
0.04613,0.07242,0.02993,0.13720,0.01547,0.09020,0.01600,0.01148,0.10683,0.08642,0.04637,0.00898,0.03666,0.02997,0.01303,0.18846,0.01049,0.02821,0.00914,0.01660
0.03360,0.04963,0.08258,0.14044,0.02685,0.01876,0.07046,0.16992,0.07651,0.16339,0.01731,0.02150,0.01606,0.01516,0.02036,0.01886,0.00857,0.01734,0.02144,0.01126
0.04025,0.02219,0.04944,0.02666,0.05321,0.03732,0.20398,0.08661,0.02167,0.01967,0.07380,0.01448,0.07939,0.03101,0.01642,0.09330,0.02760,0.06261,0.01071,0.02969
0.04912,0.05209,0.05756,0.02441,0.05372,0.00984,0.45108,0.08988,0.01476,0.01069,0.02784,0.01694,0.03325,0.00744,0.01759,0.02357,0.01915,0.01251,0.01054,0.01802
0.04315,0.09896,0.04839,0.08391,0.03858,0.04950,0.03276,0.02700,0.10521,0.13538,0.02728,0.02458,0.02458,0.05755,0.03724,0.02642,0.02362,0.04073,0.03933,0.03584
0.24930,0.01631,0.00699,0.02227,0.10418,0.01422,0.03180,0.01406,0.26991,0.07794,0.00702,0.01252,0.00794,0.00858,0.03014,0.03692,0.01411,0.00848,0.02807,0.03925
0.06225,0.03996,0.00942,0.08382,0.06680,0.01710,0.02450,0.01537,0.28815,0.17463,0.01198,0.02662,0.00954,0.00996,0.04872,0.03044,0.01482,0.01175,0.03283,0.02133
0.08544,0.01769,0.01039,0.06243,0.10538,0.01064,0.01367,0.01472,0.04337,0.03625,0.01336,0.04896,0.01268,0.01396,0.05961,0.07197,0.27178,0.01361,0.02302,0.07107
0.04308,0.06244,0.02500,0.16176,0.03220,0.01542,0.02431,0.02249,0.12104,0.07190,0.02522,0.01975,0.01717,0.01900,0.08768,0.04739,0.09843,0.01274,0.01121,0.08175
0.03461,0.08213,0.01717,0.02259,0.09099,0.05567,0.01519,0.01166,0.01709,0.01263,0.11775,0.02039,0.09060,0.02142,0.01963,0.26321,0.02567,0.01342,0.01460,0.05360
0.04620,0.02820,0.01452,0.17907,0.10751,0.02681,0.03016,0.02790,0.14442,0.08009,0.01702,0.02133,0.01383,0.01426,0.04609,0.03605,0.01652,0.05777,0.04684,0.04541
0.01771,0.02354,0.01030,0.00668,0.20404,0.05714,0.01253,0.01062,0.01484,0.01297,0.01431,0.02289,0.01045,0.12514,0.01714,0.02261,0.02881,0.00951,0.01656,0.36222
0.03292,0.09056,0.03761,0.03969,0.02243,0.02951,0.09800,0.01402,0.35440,0.10154,0.01332,0.02159,0.01521,0.01743,0.01355,0.04232,0.01719,0.00878,0.01116,0.01876
0.05689,0.13322,0.01500,0.04628,0.02678,0.01839,0.02289,0.01728,0.02640,0.03900,0.02395,0.01946,0.02693,0.02923,0.17003,0.03394,0.11780,0.01165,0.01282,0.15205
0.08475,0.14853,0.10940,0.05133,0.03283,0.01833,0.02347,0.03968,0.04336,0.02349,0.02531,0.08221,0.02435,0.01580,0.05275,0.03397,0.11203,0.02346,0.03009,0.02487
0.07584,0.02787,0.01053,0.06892,0.06529,0.01188,0.01875,0.01551,0.10769,0.07998,0.01393,0.02367,0.01006,0.01875,0.06961,0.10768,0.19897,0.00951,0.01053,0.05504
0.01071,0.01493,0.01784,0.49052,0.00525,0.03024,0.01883,0.05887,0.03753,0.06186,0.06267,0.01432,0.06901,0.03592,0.00957,0.00415,0.00946,0.03219,0.00561,0.01052
0.07469,0.10051,0.13610,0.02707,0.02386,0.03024,0.10698,0.01472,0.07817,0.05150,0.02253,0.02298,0.02340,0.08021,0.01577,0.10498,0.04787,0.00832,0.00988,0.02022
0.03377,0.15012,0.02236,0.01139,0.05669,0.01608,0.02644,0.01439,0.06903,0.05874,0.01971,0.02277,0.01390,0.02504,0.02228,0.23513,0.07038,0.01517,0.01486,0.10175
0.23150,0.03494,0.01683,0.03565,0.03851,0.04002,0.07304,0.02396,0.10111,0.07336,0.02447,0.03161,0.02539,0.01444,0.03844,0.03878,0.02602,0.02885,0.03943,0.06366
0.07753,0.08411,0.05099,0.03909,0.04471,0.01482,0.13217,0.05881,0.02839,0.03538,0.06557,0.01409,0.13434,0.03088,0.04788,0.03569,0.03556,0.01887,0.02289,0.02824
0.04168,0.19031,0.04984,0.02342,0.02035,0.01763,0.15307,0.04090,0.05665,0.10160,0.02830,0.03724,0.04431,0.02750,0.05179,0.01682,0.04864,0.01110,0.01142,0.02743
0.05906,0.03546,0.01016,0.04810,0.12155,0.01001,0.02138,0.01622,0.19467,0.11942,0.01384,0.01767,0.01123,0.01466,0.09458,0.11011,0.03072,0.00814,0.02786,0.03516
0.07287,0.01800,0.01572,0.00423,0.01514,0.00390,0.03707,0.00762,0.01733,0.19060,0.03411,0.00687,0.08808,0.42681,0.00984,0.01057,0.01605,0.00392,0.01000,0.01129
0.19107,0.05343,0.01378,0.02235,0.13882,0.01348,0.02009,0.01916,0.08758,0.05926,0.01455,0.01856,0.01628,0.02305,0.07915,0.07307,0.09291,0.00647,0.02883,0.02811
0.03835,0.02414,0.01954,0.26208,0.03869,0.04975,0.02930,0.03085,0.04262,0.04961,0.06254,0.04987,0.05662,0.07006,0.04606,0.01967,0.03392,0.01397,0.01437,0.04799
0.03714,0.02658,0.01180,0.01596,0.22141,0.03565,0.01362,0.01220,0.02079,0.01839,0.02221,0.03910,0.02022,0.05188,0.01938,0.33756,0.01948,0.01128,0.01366,0.05168
0.04032,0.02585,0.02283,0.01322,0.05234,0.01766,0.02943,0.03160,0.05488,0.16645,0.02061,0.02650,0.02117,0.23152,0.12065,0.03203,0.03782,0.00669,0.03497,0.01347
0.04689,0.09849,0.03401,0.02511,0.04940,0.05082,0.02507,0.04287,0.10697,0.06044,0.04288,0.01995,0.07052,0.06594,0.07694,0.04142,0.06270,0.02169,0.02228,0.03562
0.06753,0.05168,0.01366,0.03347,0.07419,0.02014,0.02128,0.02633,0.09804,0.12684,0.04505,0.03539,0.02827,0.02186,0.01878,0.02711,0.00910,0.04931,0.19408,0.03789
0.16969,0.08870,0.03452,0.06508,0.04637,0.02455,0.03517,0.00880,0.07897,0.04523,0.05729,0.03974,0.03543,0.02859,0.00981,0.12952,0.01282,0.02105,0.02480,0.04387
0.04796,0.06909,0.15040,0.09870,0.03022,0.04261,0.06428,0.03213,0.08417,0.05190,0.03815,0.01689,0.02723,0.03318,0.02370,0.09604,0.03278,0.02483,0.00612,0.02961
0.14260,0.01945,0.01491,0.07179,0.04255,0.05138,0.03283,0.03067,0.09723,0.07972,0.07009,0.06431,0.04347,0.02240,0.03788,0.05261,0.01425,0.05664,0.03573,0.01948
0.01548,0.01893,0.02010,0.30483,0.02026,0.03890,0.01119,0.01620,0.01475,0.01504,0.02473,0.34789,0.02139,0.01301,0.03096,0.00843,0.02861,0.01562,0.01399,0.01971
0.03928,0.07057,0.02093,0.02165,0.02459,0.01819,0.07948,0.01423,0.27978,0.22118,0.01428,0.02543,0.01629,0.01764,0.02649,0.02045,0.03522,0.00720,0.01783,0.02927
0.10926,0.02288,0.00975,0.13399,0.10622,0.00745,0.01830,0.01539,0.01503,0.01603,0.01162,0.03780,0.01107,0.01233,0.20017,0.03009,0.19020,0.00507,0.00982,0.03754
0.01717,0.09131,0.02226,0.00800,0.04365,0.53934,0.01695,0.00688,0.00412,0.00294,0.01907,0.01939,0.03157,0.08542,0.01261,0.02572,0.01857,0.00526,0.00812,0.02167
0.05641,0.30491,0.01905,0.01078,0.05512,0.01529,0.03355,0.02244,0.08306,0.04510,0.01385,0.03204,0.01672,0.03141,0.06451,0.02072,0.06811,0.00890,0.03850,0.05950
0.02501,0.05389,0.01991,0.24197,0.01160,0.03330,0.01776,0.02634,0.29390,0.15651,0.01418,0.01169,0.01219,0.01255,0.00981,0.01011,0.00593,0.01500,0.01010,0.01827
0.05938,0.37016,0.04663,0.04095,0.03762,0.02137,0.06182,0.01768,0.05084,0.03433,0.01560,0.02248,0.01452,0.01519,0.02255,0.08526,0.03689,0.00874,0.01984,0.01815
0.04668,0.04218,0.02445,0.03667,0.04167,0.03702,0.04456,0.01791,0.16264,0.19755,0.03575,0.03043,0.03524,0.06155,0.02410,0.07924,0.02620,0.01344,0.02136,0.02137
0.02259,0.02310,0.14459,0.01016,0.01374,0.02607,0.35311,0.06209,0.01358,0.01102,0.04200,0.00913,0.18636,0.02528,0.01160,0.01255,0.01068,0.00667,0.00720,0.00850
0.09832,0.05647,0.01766,0.04039,0.03843,0.04647,0.02765,0.02080,0.04331,0.03665,0.04778,0.03590,0.04154,0.02576,0.06567,0.02202,0.01677,0.03705,0.24146,0.03990
0.04422,0.07227,0.01209,0.02531,0.28920,0.01922,0.02979,0.02380,0.06037,0.03180,0.00860,0.01655,0.00938,0.03738,0.07405,0.05427,0.09677,0.00660,0.01153,0.07680
0.04075,0.11688,0.03677,0.10001,0.07192,0.05001,0.01650,0.01289,0.02016,0.01834,0.02464,0.02301,0.02034,0.11485,0.03802,0.15542,0.05479,0.02389,0.01787,0.04294
0.04203,0.02275,0.01774,0.07171,0.06148,0.12107,0.11180,0.02960,0.07214,0.09909,0.04822,0.05188,0.04720,0.03264,0.02995,0.02768,0.03302,0.02543,0.01740,0.03718
0.01997,0.02893,0.03141,0.02930,0.10006,0.16058,0.02280,0.03670,0.02415,0.02299,0.11531,0.11507,0.08192,0.06404,0.03037,0.01947,0.01711,0.02545,0.03060,0.02379
0.04237,0.02824,0.00958,0.12921,0.02602,0.03278,0.02086,0.02243,0.07098,0.25232,0.05601,0.05093,0.04802,0.02482,0.04299,0.01336,0.01158,0.03093,0.05095,0.03562
0.02703,0.42655,0.07045,0.06316,0.01755,0.02731,0.04421,0.01874,0.02598,0.01763,0.06258,0.01731,0.07602,0.01651,0.01611,0.01925,0.01683,0.01672,0.00922,0.01084
0.02983,0.03506,0.03101,0.39038,0.01369,0.02689,0.01474,0.01501,0.05784,0.06738,0.05304,0.01383,0.06077,0.04011,0.01555,0.01715,0.03673,0.03491,0.00608,0.04000
0.02259,0.01718,0.01462,0.02916,0.01426,0.01960,0.06407,0.04999,0.05779,0.05255,0.25275,0.07164,0.21852,0.01425,0.00930,0.00830,0.00750,0.03952,0.01309,0.02333
0.04218,0.06398,0.22296,0.06979,0.00911,0.04329,0.11075,0.01087,0.02978,0.01830,0.04504,0.00655,0.08100,0.18195,0.00698,0.02704,0.00774,0.00603,0.00560,0.01106
0.01500,0.00875,0.01227,0.04556,0.02677,0.02807,0.02464,0.11583,0.04233,0.06692,0.01473,0.05158,0.01281,0.01298,0.05986,0.01515,0.01842,0.39715,0.01804,0.01313
0.04645,0.03726,0.01410,0.04158,0.03756,0.05530,0.01272,0.02236,0.04855,0.04538,0.02608,0.01714,0.02045,0.03183,0.12707,0.03845,0.24800,0.02562,0.01000,0.09410
0.06437,0.01758,0.02143,0.09803,0.09724,0.03567,0.02856,0.01191,0.01392,0.01395,0.10416,0.04272,0.21004,0.02656,0.01590,0.04133,0.01641,0.03579,0.08108,0.02336
0.02220,0.02682,0.09854,0.10313,0.01119,0.05089,0.07029,0.03488,0.14078,0.06749,0.08654,0.01434,0.13415,0.06393,0.01041,0.01366,0.01690,0.01681,0.00647,0.01059
0.06095,0.02799,0.03559,0.02665,0.10433,0.05162,0.04143,0.05147,0.01224,0.00945,0.01898,0.10158,0.02084,0.03068,0.01352,0.00996,0.01028,0.01257,0.30737,0.05250
0.07499,0.27159,0.04146,0.01565,0.01992,0.05815,0.14600,0.04094,0.02800,0.01744,0.03660,0.02467,0.05079,0.05411,0.02978,0.02533,0.02204,0.01086,0.00982,0.02187
0.06493,0.05435,0.00999,0.01058,0.03410,0.02222,0.01059,0.00900,0.02191,0.02165,0.01595,0.04737,0.02240,0.12566,0.25273,0.01148,0.06859,0.00813,0.04249,0.14588
0.02653,0.06673,0.03344,0.01182,0.03242,0.01683,0.05469,0.01246,0.06099,0.25888,0.02618,0.02000,0.03150,0.26253,0.01336,0.02195,0.01723,0.00710,0.01615,0.00921
0.11005,0.06914,0.01331,0.03453,0.04299,0.03257,0.02223,0.01271,0.16348,0.14757,0.06836,0.02397,0.03381,0.04617,0.02069,0.06945,0.01549,0.00973,0.01225,0.05150
0.09323,0.17323,0.02599,0.02443,0.01666,0.01499,0.03226,0.01208,0.02668,0.04739,0.03664,0.06187,0.05997,0.04222,0.05651,0.01452,0.21025,0.00666,0.01171,0.03270
0.06585,0.28124,0.03364,0.07119,0.02101,0.08090,0.02494,0.01244,0.04947,0.02732,0.06788,0.01094,0.09022,0.02444,0.01605,0.04034,0.01245,0.03521,0.01324,0.02122
0.03037,0.01810,0.02516,0.36460,0.02006,0.02353,0.01744,0.01589,0.04038,0.09950,0.02874,0.01547,0.03253,0.13858,0.01845,0.02125,0.03722,0.02652,0.00824,0.01797
0.04217,0.02559,0.28079,0.12827,0.04804,0.02841,0.04087,0.03745,0.01436,0.01037,0.02531,0.04422,0.02289,0.04454,0.05181,0.03139,0.05554,0.01228,0.02247,0.03320
0.13130,0.01615,0.00988,0.01897,0.07218,0.00965,0.07524,0.01774,0.10974,0.23898,0.02175,0.04545,0.01664,0.01016,0.01428,0.07654,0.01584,0.01643,0.01434,0.06873
0.02936,0.01905,0.02790,0.02634,0.04153,0.02562,0.57032,0.04012,0.00618,0.00549,0.02712,0.01792,0.03776,0.01811,0.01792,0.03527,0.02105,0.01162,0.00826,0.01306
0.07863,0.07470,0.02971,0.03222,0.01895,0.00952,0.05313,0.04426,0.08518,0.09996,0.01784,0.01540,0.01916,0.01626,0.24363,0.02281,0.10027,0.00622,0.01019,0.02197
0.06809,0.17123,0.02631,0.13624,0.14004,0.01832,0.02612,0.01502,0.02697,0.01947,0.01421,0.04659,0.01206,0.02271,0.04442,0.06488,0.04978,0.00890,0.05193,0.03672
0.02680,0.03319,0.04403,0.02210,0.01662,0.02749,0.17268,0.33635,0.02199,0.01390,0.05613,0.02038,0.05039,0.01191,0.01235,0.02575,0.02470,0.04462,0.00620,0.03242
0.04764,0.06862,0.09852,0.26384,0.01256,0.01622,0.03064,0.01322,0.09171,0.09355,0.05704,0.01282,0.08597,0.02025,0.01108,0.02965,0.01958,0.00752,0.00616,0.01341
0.10175,0.06310,0.03314,0.03940,0.03487,0.03246,0.10806,0.02525,0.07671,0.06428,0.02905,0.05448,0.04662,0.06117,0.03608,0.02353,0.07655,0.01436,0.02263,0.05650
0.06598,0.06415,0.02755,0.02410,0.02432,0.06444,0.04379,0.02681,0.05199,0.04553,0.09731,0.03402,0.15949,0.06084,0.02743,0.03396,0.06310,0.01493,0.01267,0.05759
0.03360,0.03211,0.01326,0.01866,0.01875,0.02578,0.11317,0.01857,0.25934,0.15446,0.09651,0.02084,0.09593,0.01349,0.00845,0.01774,0.01126,0.01095,0.00832,0.02883
0.04283,0.01802,0.02232,0.05249,0.05740,0.04338,0.02485,0.05280,0.05487,0.07863,0.01863,0.01586,0.02261,0.02089,0.05594,0.28777,0.01544,0.07115,0.03368,0.01045
0.01759,0.02657,0.03559,0.14835,0.01196,0.03318,0.24285,0.04210,0.11326,0.11863,0.04792,0.01490,0.04932,0.02932,0.00935,0.01136,0.01363,0.01209,0.00650,0.01552
0.04182,0.02388,0.00993,0.01012,0.06228,0.01385,0.07001,0.02416,0.36434,0.08646,0.00792,0.05848,0.01117,0.00950,0.05405,0.01392,0.02561,0.00806,0.05648,0.04796
0.05199,0.05111,0.10198,0.07731,0.05377,0.03900,0.02735,0.04495,0.05074,0.04036,0.09445,0.04060,0.06516,0.02614,0.02090,0.02348,0.01486,0.04520,0.05342,0.07721
0.04462,0.02235,0.05923,0.05987,0.02440,0.02734,0.04636,0.03229,0.02614,0.02734,0.09195,0.02429,0.11195,0.01165,0.01631,0.03762,0.02525,0.28189,0.01441,0.01475
0.02091,0.01551,0.01680,0.01203,0.03397,0.01268,0.02142,0.25853,0.03488,0.02161,0.01398,0.02239,0.01092,0.01042,0.39341,0.03806,0.02462,0.01302,0.01517,0.00968
