0.02388,0.02856,0.02228,0.01584,0.02384,0.02483,0.01790,0.02329,0.02692,0.02604,0.09094,0.22457,0.12726,0.03208,0.04820,0.03588,0.07356,0.03289,0.03334,0.06791
0.02469,0.03124,0.02160,0.01510,0.02562,0.02462,0.01617,0.02731,0.02773,0.02794,0.09235,0.26082,0.09972,0.03035,0.04225,0.03328,0.08011,0.02779,0.03029,0.06102
0.02424,0.02902,0.02060,0.01640,0.02460,0.02518,0.01657,0.02503,0.02711,0.02635,0.06259,0.28072,0.16269,0.02401,0.03952,0.03181,0.05572,0.02514,0.02929,0.05342
0.02269,0.02782,0.02088,0.01523,0.02192,0.02285,0.01529,0.02550,0.02710,0.02487,0.10504,0.24240,0.09932,0.03222,0.04120,0.03547,0.09134,0.02784,0.03149,0.06952
0.02250,0.02974,0.02166,0.01453,0.02479,0.02400,0.01578,0.02654,0.02723,0.02466,0.08472,0.28137,0.12653,0.02741,0.03860,0.03255,0.06452,0.02615,0.03147,0.05526
0.03088,0.03521,0.02825,0.02111,0.02989,0.03045,0.01843,0.02969,0.03472,0.03264,0.06048,0.18262,0.18162,0.02831,0.04727,0.03740,0.05147,0.02986,0.03213,0.05756
0.02442,0.02986,0.02323,0.01747,0.02600,0.02651,0.01760,0.02699,0.02760,0.02669,0.09936,0.21782,0.10502,0.03288,0.04495,0.03623,0.08609,0.02904,0.03430,0.06794
0.02101,0.02751,0.01882,0.01287,0.02099,0.02321,0.01446,0.02313,0.02422,0.02244,0.07488,0.29267,0.14580,0.02830,0.04260,0.03345,0.06213,0.02581,0.02819,0.05750
0.02750,0.03325,0.02281,0.01843,0.02825,0.02653,0.01789,0.02601,0.03012,0.02855,0.06835,0.24088,0.14767,0.02771,0.04245,0.03297,0.05741,0.02766,0.03209,0.06345
0.02951,0.04417,0.02387,0.01976,0.02909,0.03260,0.01730,0.03088,0.03541,0.03036,0.07941,0.23520,0.10888,0.02783,0.03789,0.03244,0.06761,0.02651,0.03029,0.06100
0.02368,0.02852,0.02175,0.01759,0.02397,0.02347,0.01725,0.02387,0.02608,0.02634,0.09183,0.24772,0.11003,0.02976,0.04172,0.03580,0.08380,0.02729,0.02933,0.07019
0.02334,0.02976,0.02146,0.01722,0.02296,0.02360,0.01441,0.02427,0.02741,0.02501,0.11925,0.22061,0.08832,0.02927,0.04562,0.03776,0.08498,0.03145,0.03623,0.07705
0.02146,0.02673,0.01656,0.01428,0.02087,0.02111,0.01361,0.02151,0.02299,0.02127,0.10235,0.25917,0.10856,0.03323,0.04286,0.03471,0.08623,0.02614,0.02960,0.07679
0.02908,0.03888,0.02556,0.02083,0.02866,0.02990,0.01901,0.03171,0.03311,0.03076,0.07875,0.22285,0.10456,0.02986,0.03968,0.03603,0.07559,0.02788,0.03285,0.06444
0.02400,0.02886,0.02314,0.01822,0.02499,0.02582,0.01805,0.02568,0.02830,0.02689,0.06868,0.26785,0.14389,0.02720,0.04091,0.03130,0.06049,0.02585,0.03107,0.05882
0.03666,0.04493,0.03003,0.02189,0.03701,0.03755,0.02286,0.03550,0.03930,0.03936,0.06330,0.15037,0.15754,0.03006,0.04168,0.04025,0.05400,0.03123,0.03489,0.05159
0.02521,0.03219,0.02270,0.01769,0.02563,0.02514,0.01578,0.02726,0.02663,0.02764,0.08641,0.19374,0.14730,0.03631,0.05068,0.03853,0.06557,0.02921,0.03731,0.06909
0.02327,0.02647,0.02064,0.01387,0.02246,0.02200,0.01433,0.02475,0.02570,0.02428,0.07890,0.30085,0.12165,0.02851,0.04059,0.03124,0.06470,0.02649,0.02730,0.06202
0.02613,0.03024,0.02191,0.01629,0.02598,0.02578,0.01744,0.02623,0.02769,0.02571,0.08458,0.21598,0.12980,0.03271,0.04561,0.03883,0.07320,0.03196,0.03562,0.06831
0.02710,0.03273,0.02411,0.01831,0.02503,0.02796,0.01712,0.02900,0.03155,0.02831,0.08775,0.22861,0.10869,0.03267,0.04417,0.03315,0.07196,0.03053,0.03374,0.06752
0.01889,0.02201,0.01393,0.01154,0.01725,0.01805,0.01209,0.01854,0.01984,0.01801,0.04625,0.30699,0.27262,0.02301,0.03230,0.02447,0.04101,0.01995,0.02240,0.04084
0.03224,0.04222,0.03061,0.02393,0.03163,0.03184,0.02262,0.03659,0.03428,0.03519,0.07997,0.16641,0.11068,0.03210,0.04228,0.03806,0.07934,0.03315,0.03704,0.05983
0.02879,0.03409,0.02782,0.02009,0.02737,0.02772,0.01877,0.02808,0.03264,0.03138,0.07318,0.18521,0.14373,0.03514,0.04698,0.04066,0.06335,0.03193,0.03876,0.06432
0.02572,0.03415,0.02320,0.01654,0.02804,0.02853,0.01770,0.02739,0.03259,0.02839,0.08536,0.23921,0.12345,0.02661,0.04018,0.03598,0.06828,0.02763,0.02943,0.06162
0.02337,0.02875,0.02012,0.01391,0.02293,0.02423,0.01442,0.02535,0.02530,0.02400,0.05850,0.24352,0.21030,0.02738,0.04154,0.03446,0.05330,0.02567,0.02795,0.05500
0.03128,0.03955,0.02854,0.01894,0.03273,0.03022,0.02056,0.03064,0.03516,0.03249,0.07601,0.17709,0.13385,0.03109,0.04788,0.03977,0.06341,0.03249,0.03389,0.06440
0.02988,0.03538,0.02440,0.01910,0.02831,0.03079,0.02105,0.02910,0.03255,0.03168,0.10584,0.17121,0.09728,0.03458,0.04581,0.04085,0.08066,0.03453,0.03674,0.07026
0.02305,0.02830,0.02238,0.01491,0.02123,0.02434,0.01722,0.02524,0.02474,0.02437,0.05103,0.19244,0.27583,0.02981,0.04381,0.03361,0.04498,0.02548,0.02984,0.04738
0.02450,0.03533,0.02350,0.01761,0.03025,0.02500,0.01816,0.02709,0.02976,0.02835,0.06966,0.24425,0.13393,0.03023,0.04322,0.03480,0.06374,0.02907,0.03022,0.06133
0.02643,0.03340,0.02492,0.01800,0.02522,0.02600,0.01724,0.02750,0.02908,0.02728,0.08858,0.22167,0.11564,0.03035,0.04569,0.03829,0.06752,0.03172,0.03354,0.07194
0.03062,0.04020,0.02664,0.01904,0.03172,0.03361,0.02166,0.02900,0.03598,0.03352,0.09549,0.16224,0.09674,0.03378,0.04639,0.03992,0.07880,0.03482,0.03979,0.07006
0.02032,0.02373,0.01739,0.01436,0.02085,0.02112,0.01355,0.02261,0.02199,0.02233,0.06144,0.27710,0.21643,0.02630,0.04151,0.03241,0.04783,0.02409,0.02565,0.04900
0.02785,0.03320,0.02329,0.01908,0.02514,0.02736,0.01725,0.02830,0.03100,0.02946,0.08535,0.22147,0.11950,0.03261,0.04626,0.03592,0.06722,0.02987,0.03100,0.06887
0.02472,0.03129,0.02291,0.01661,0.02606,0.02808,0.01649,0.02591,0.02990,0.02543,0.06597,0.25449,0.16541,0.02751,0.04223,0.03057,0.05473,0.02894,0.02930,0.05344
0.02404,0.03185,0.02367,0.01707,0.02356,0.02607,0.01620,0.02596,0.02762,0.02729,0.08439,0.26661,0.10804,0.03089,0.04241,0.03162,0.06964,0.02674,0.03171,0.06462
0.02540,0.03351,0.02215,0.01538,0.02544,0.02727,0.01716,0.02588,0.02915,0.02924,0.08385,0.25559,0.11975,0.02638,0.03986,0.03657,0.07314,0.02681,0.02950,0.05796
0.02415,0.03039,0.02176,0.01523,0.02535,0.02710,0.01668,0.02690,0.02789,0.02591,0.07737,0.22574,0.15133,0.02873,0.04956,0.03493,0.06662,0.02666,0.03267,0.06502
0.02222,0.02783,0.02076,0.01603,0.02269,0.02455,0.01717,0.02375,0.02380,0.02431,0.08391,0.27549,0.12243,0.02795,0.04438,0.03453,0.07340,0.02639,0.02871,0.05971
0.02858,0.03348,0.02304,0.01731,0.02704,0.02631,0.01848,0.02854,0.02954,0.02730,0.06507,0.26195,0.16231,0.02550,0.03844,0.03101,0.05490,0.02729,0.02525,0.04864
0.02012,0.02617,0.01858,0.01384,0.02168,0.02119,0.01460,0.02371,0.02331,0.02339,0.05114,0.25209,0.26454,0.02457,0.03717,0.02952,0.04084,0.02285,0.02601,0.04468
0.02642,0.03482,0.02487,0.01930,0.02676,0.03012,0.01912,0.02935,0.03231,0.02958,0.07155,0.21630,0.13755,0.03290,0.04527,0.03813,0.06126,0.02996,0.03546,0.05898
0.02665,0.03361,0.02378,0.01644,0.02824,0.02573,0.01707,0.02776,0.02810,0.02637,0.05693,0.20067,0.21436,0.02894,0.04300,0.03633,0.05172,0.02712,0.03244,0.05472
0.02551,0.03288,0.02343,0.01660,0.02419,0.02919,0.01898,0.02678,0.02680,0.02728,0.09944,0.22746,0.10816,0.03050,0.04447,0.03629,0.07760,0.02934,0.03072,0.06439
0.02274,0.02711,0.02134,0.01662,0.02369,0.02437,0.01547,0.02447,0.02546,0.02470,0.07104,0.28579,0.14981,0.02938,0.04193,0.03122,0.05510,0.02514,0.02889,0.05574
0.02599,0.03151,0.02213,0.01742,0.02679,0.02712,0.01677,0.02600,0.02801,0.02762,0.06048,0.24098,0.18329,0.02832,0.04168,0.03393,0.05506,0.02541,0.03050,0.05101
0.02434,0.02972,0.02130,0.01661,0.02278,0.02370,0.01618,0.02509,0.02522,0.02411,0.07340,0.29084,0.14158,0.02605,0.03704,0.03223,0.06322,0.02460,0.02758,0.05440
0.02730,0.03118,0.02315,0.01813,0.02456,0.02729,0.01931,0.02772,0.02844,0.02767,0.09452,0.22227,0.10751,0.02917,0.04276,0.03774,0.08331,0.02839,0.03243,0.06716
0.02624,0.03102,0.02156,0.01804,0.02459,0.02678,0.01723,0.02782,0.02819,0.02781,0.09478,0.22479,0.10279,0.02940,0.04670,0.03635,0.08590,0.02894,0.03325,0.06782
0.02456,0.03075,0.02328,0.01384,0.02481,0.02567,0.01637,0.02606,0.02505,0.02656,0.08196,0.24028,0.13542,0.03258,0.04470,0.03660,0.06650,0.03217,0.02894,0.06388
0.02766,0.03133,0.02296,0.01788,0.02571,0.02936,0.01735,0.02767,0.02872,0.02874,0.08906,0.22156,0.10613,0.03147,0.04379,0.03446,0.08284,0.03160,0.03504,0.06668
0.02423,0.02962,0.02108,0.01695,0.02389,0.02543,0.01729,0.02640,0.02637,0.02454,0.12238,0.20941,0.08557,0.03634,0.04209,0.03494,0.09501,0.03131,0.03235,0.07480
0.02588,0.03015,0.02156,0.01670,0.02333,0.02650,0.01637,0.02712,0.02756,0.02629,0.05768,0.27301,0.17764,0.02725,0.04017,0.03022,0.04815,0.02714,0.02791,0.04934
0.02140,0.02524,0.01903,0.01402,0.02134,0.02168,0.01418,0.02224,0.02374,0.02044,0.06531,0.29252,0.16680,0.02505,0.04168,0.03466,0.05936,0.02576,0.02916,0.05638
0.02189,0.02614,0.01848,0.01466,0.02138,0.02482,0.01579,0.02329,0.02319,0.02367,0.05121,0.23797,0.25159,0.02666,0.03920,0.03060,0.04780,0.02385,0.02906,0.04874
0.01675,0.02134,0.01554,0.01143,0.01549,0.01697,0.01029,0.01673,0.01840,0.01559,0.04964,0.31355,0.26294,0.02190,0.03322,0.02647,0.04270,0.02163,0.02481,0.04460
0.03009,0.03743,0.02948,0.02060,0.03294,0.02954,0.01904,0.03046,0.03646,0.03161,0.09487,0.15728,0.10721,0.03723,0.04454,0.04536,0.07633,0.03721,0.03268,0.06964
0.02734,0.03256,0.02314,0.01881,0.02444,0.02874,0.01873,0.02965,0.03037,0.02770,0.06895,0.20859,0.16548,0.02840,0.04710,0.03552,0.06161,0.02780,0.03597,0.05909
0.02498,0.03159,0.02239,0.01623,0.02531,0.02661,0.01559,0.02740,0.02625,0.02616,0.07623,0.20855,0.16667,0.03003,0.04571,0.03847,0.06746,0.03193,0.03194,0.06049
0.02782,0.03518,0.02734,0.02010,0.02906,0.03046,0.02053,0.03082,0.03027,0.03060,0.08025,0.20084,0.13225,0.03262,0.04387,0.03851,0.06736,0.03041,0.03240,0.05931
0.02666,0.03270,0.02409,0.01771,0.02539,0.02750,0.01607,0.02894,0.02782,0.02700,0.09389,0.20403,0.10996,0.03372,0.05079,0.03868,0.07252,0.03320,0.03804,0.07127
0.02315,0.02798,0.01832,0.01520,0.02289,0.02335,0.01539,0.02414,0.02647,0.02547,0.04894,0.23498,0.27837,0.02243,0.03610,0.02743,0.03952,0.02348,0.02491,0.04149
0.01958,0.02256,0.01676,0.01185,0.01714,0.01680,0.01148,0.02030,0.02022,0.01892,0.05848,0.29731,0.22195,0.02669,0.04024,0.03287,0.04977,0.02396,0.02441,0.04872
0.02392,0.03146,0.02104,0.01611,0.02416,0.02402,0.01567,0.02865,0.02705,0.02623,0.06755,0.25098,0.16630,0.03003,0.04172,0.03209,0.06074,0.02660,0.02758,0.05810
0.02092,0.02679,0.01826,0.01368,0.02077,0.02340,0.01486,0.02213,0.02529,0.02220,0.06273,0.33602,0.14963,0.02247,0.03590,0.02677,0.05632,0.02315,0.02539,0.05333
0.03553,0.03974,0.02768,0.02242,0.03051,0.03568,0.02259,0.03347,0.03434,0.03586,0.08387,0.15303,0.12025,0.03651,0.04636,0.04288,0.07122,0.03165,0.03423,0.06217
0.02626,0.03067,0.02319,0.01534,0.02500,0.02588,0.01616,0.02729,0.02688,0.02646,0.07645,0.22155,0.15164,0.03253,0.04726,0.04121,0.06030,0.03047,0.03042,0.06504
0.02013,0.02606,0.01846,0.01407,0.02079,0.02051,0.01381,0.02132,0.02454,0.02035,0.10810,0.30086,0.09649,0.02611,0.03535,0.03263,0.08410,0.02603,0.02746,0.06283
0.03253,0.04262,0.02881,0.02160,0.03151,0.03367,0.02439,0.03841,0.03481,0.03386,0.07747,0.16601,0.12708,0.03298,0.04474,0.03866,0.06641,0.03389,0.03188,0.05867
0.02765,0.03318,0.02673,0.01684,0.02554,0.02912,0.01819,0.02839,0.03040,0.02892,0.12173,0.17559,0.08790,0.03091,0.04745,0.03962,0.09482,0.03191,0.03377,0.07135
0.02489,0.02908,0.02201,0.01625,0.02544,0.02465,0.01503,0.02578,0.02830,0.02552,0.08273,0.22237,0.14638,0.03011,0.04687,0.03939,0.06699,0.03287,0.03305,0.06230
0.02325,0.02900,0.02124,0.01453,0.02559,0.02330,0.01518,0.02470,0.02519,0.02299,0.05590,0.29548,0.18033,0.02359,0.03575,0.03084,0.05506,0.02555,0.02807,0.04445
0.02093,0.02569,0.01783,0.01327,0.02085,0.02151,0.01266,0.02155,0.02194,0.02212,0.06413,0.31491,0.17009,0.02277,0.03772,0.02973,0.05662,0.02573,0.02606,0.05390
0.02477,0.02678,0.01908,0.01389,0.02276,0.02475,0.01530,0.02458,0.02372,0.02387,0.09692,0.25821,0.11258,0.03099,0.04172,0.03593,0.07933,0.02810,0.03020,0.06652
0.02207,0.02706,0.01999,0.01473,0.02337,0.02172,0.01489,0.02233,0.02410,0.02342,0.07359,0.29935,0.14167,0.02819,0.04178,0.03119,0.05982,0.02590,0.02694,0.05788
0.02575,0.03233,0.02234,0.01604,0.02474,0.02634,0.01545,0.02827,0.02596,0.02881,0.07892,0.17923,0.17398,0.03571,0.04665,0.04678,0.06396,0.03463,0.03486,0.05926
0.03134,0.03827,0.02589,0.02069,0.03154,0.03108,0.02292,0.03134,0.03542,0.03250,0.07319,0.16591,0.14756,0.03152,0.04931,0.03999,0.06156,0.03294,0.03574,0.06130
0.03142,0.03939,0.03032,0.01963,0.02868,0.03370,0.02102,0.03428,0.03452,0.03300,0.07239,0.17253,0.14360,0.03561,0.04444,0.04026,0.06111,0.03183,0.03457,0.05771
0.01869,0.02097,0.01526,0.01099,0.01703,0.01778,0.01243,0.01914,0.01982,0.01766,0.06222,0.37193,0.15985,0.02423,0.03834,0.02734,0.05028,0.02245,0.02441,0.04918
0.02850,0.03492,0.02627,0.02238,0.02543,0.02915,0.01675,0.02862,0.03231,0.03114,0.10307,0.18991,0.10384,0.03367,0.04620,0.03687,0.08109,0.03051,0.03620,0.06318
0.02854,0.03526,0.02445,0.01845,0.02609,0.02820,0.01764,0.02875,0.03270,0.03022,0.07143,0.23700,0.14054,0.02866,0.04290,0.03290,0.06302,0.02696,0.02990,0.05639
0.01918,0.02460,0.01777,0.01454,0.01950,0.02132,0.01355,0.02050,0.02182,0.02133,0.08017,0.32881,0.12813,0.02633,0.04214,0.03176,0.05705,0.02462,0.02550,0.06138
0.02309,0.02895,0.02106,0.01580,0.02331,0.02454,0.01735,0.02374,0.02565,0.02471,0.05607,0.24204,0.22888,0.02520,0.04114,0.02945,0.04469,0.02396,0.02862,0.05178
0.02089,0.02591,0.01832,0.01386,0.02163,0.02308,0.01230,0.02178,0.02356,0.02060,0.09726,0.25348,0.13089,0.02902,0.04571,0.03703,0.07746,0.02793,0.03056,0.06872
0.02001,0.02861,0.01903,0.01510,0.02153,0.02317,0.01512,0.02318,0.02350,0.02287,0.07508,0.28778,0.15315,0.02642,0.04116,0.03125,0.06097,0.02530,0.02703,0.05974
0.03440,0.04227,0.02787,0.01908,0.03221,0.03423,0.02219,0.03314,0.03364,0.03397,0.06452,0.18120,0.15857,0.03019,0.04417,0.03521,0.05749,0.02806,0.03075,0.05683
0.02814,0.03561,0.02482,0.01693,0.03029,0.02718,0.01939,0.02804,0.03131,0.02887,0.09622,0.19719,0.10949,0.03112,0.04540,0.03934,0.07830,0.03139,0.03471,0.06626
0.02368,0.02766,0.02270,0.01555,0.02307,0.02474,0.01656,0.02435,0.02933,0.02732,0.06831,0.25828,0.16478,0.02516,0.04117,0.03360,0.06251,0.02738,0.02981,0.05405
0.02372,0.02976,0.02156,0.01717,0.02468,0.02455,0.01688,0.02541,0.02777,0.02659,0.07696,0.26175,0.13293,0.02921,0.04458,0.03433,0.06235,0.02697,0.02838,0.06448
0.02362,0.02985,0.02022,0.01630,0.02423,0.02629,0.01641,0.02428,0.02679,0.02510,0.09996,0.23409,0.09695,0.02985,0.04637,0.03634,0.08479,0.03065,0.03551,0.07238
0.02993,0.03429,0.02764,0.01927,0.02902,0.02901,0.02074,0.03100,0.02866,0.03132,0.06949,0.21472,0.15028,0.03074,0.04345,0.03485,0.06030,0.03007,0.03037,0.05485
0.03351,0.04328,0.02866,0.02125,0.02919,0.03412,0.02166,0.03349,0.03299,0.03503,0.09398,0.15421,0.10086,0.03375,0.04441,0.04166,0.08348,0.03439,0.03539,0.06468
0.02659,0.03520,0.02355,0.01958,0.02651,0.02920,0.01926,0.02910,0.03068,0.02947,0.08066,0.20309,0.12838,0.03085,0.05014,0.03777,0.06854,0.02949,0.03434,0.06760
0.02537,0.03262,0.02412,0.01619,0.02391,0.02578,0.01775,0.02622,0.02866,0.02722,0.08805,0.26920,0.09765,0.02721,0.04022,0.03094,0.08001,0.02676,0.02927,0.06285
0.02482,0.03153,0.02134,0.01849,0.02527,0.02705,0.01753,0.02726,0.02889,0.02827,0.06316,0.23564,0.17609,0.02924,0.04289,0.03669,0.05588,0.02590,0.03055,0.05352
0.02496,0.03215,0.02258,0.01703,0.02610,0.02556,0.01674,0.02740,0.02636,0.02537,0.09161,0.21568,0.12326,0.03274,0.04733,0.03956,0.07327,0.03087,0.03429,0.06717
0.02801,0.03459,0.02591,0.01835,0.02863,0.03077,0.01983,0.03231,0.03356,0.03123,0.06040,0.19812,0.18236,0.02988,0.04122,0.03588,0.05430,0.02746,0.03243,0.05475
0.02693,0.03123,0.02235,0.01831,0.02608,0.02769,0.01671,0.02926,0.02888,0.02732,0.07060,0.22107,0.16532,0.03136,0.04505,0.03624,0.05760,0.02926,0.03151,0.05723
0.02420,0.02764,0.02124,0.01622,0.02375,0.02449,0.01700,0.02594,0.02719,0.02404,0.06530,0.28112,0.15528,0.02807,0.03971,0.03157,0.05899,0.02609,0.02848,0.05369
0.02751,0.03663,0.02594,0.01813,0.02873,0.03205,0.01883,0.03174,0.03331,0.02984,0.07816,0.23168,0.11512,0.02570,0.03832,0.03367,0.07606,0.02785,0.02855,0.06218
0.02569,0.03155,0.02205,0.01714,0.02499,0.02667,0.01386,0.02732,0.02803,0.02544,0.10394,0.26554,0.09031,0.02792,0.03811,0.02903,0.08295,0.02496,0.02729,0.06721
