0.20891,0.14413,0.09816,0.10862,0.13729,0.05212,0.05963,0.06474,0.06297,0.06342
0.21761,0.16884,0.13233,0.14046,0.16393,0.03124,0.03739,0.03538,0.03370,0.03911
0.22820,0.18986,0.11257,0.11611,0.13804,0.03612,0.04722,0.04235,0.04563,0.04390
0.29812,0.15382,0.06587,0.08036,0.11449,0.03953,0.06435,0.05775,0.06426,0.06144
0.25347,0.15130,0.09703,0.11203,0.13380,0.04028,0.05116,0.05479,0.05841,0.04774
0.28321,0.17661,0.08953,0.10071,0.13303,0.03345,0.04464,0.04352,0.04849,0.04681
0.27150,0.17599,0.08624,0.11061,0.12641,0.04177,0.04606,0.04418,0.04912,0.04812
0.44190,0.16283,0.05649,0.05968,0.10104,0.02495,0.03643,0.03806,0.04058,0.03804
0.33065,0.17997,0.07529,0.07829,0.11940,0.03475,0.04319,0.04596,0.04559,0.04690
0.29556,0.17235,0.07396,0.11020,0.13484,0.03034,0.05154,0.04300,0.04454,0.04367
0.29334,0.17214,0.08679,0.09805,0.12053,0.03580,0.04769,0.04432,0.04810,0.05324
0.24715,0.15899,0.10728,0.13239,0.14362,0.03416,0.04841,0.03974,0.04190,0.04636
0.27221,0.16976,0.09535,0.11057,0.14521,0.03471,0.04787,0.04229,0.04139,0.04063
0.23173,0.16855,0.08619,0.09856,0.12514,0.05131,0.05928,0.06489,0.05419,0.06018
0.43539,0.16525,0.06226,0.09021,0.11409,0.02096,0.02680,0.02738,0.03066,0.02701
0.16410,0.13558,0.10631,0.11491,0.11934,0.04937,0.08681,0.06970,0.07603,0.07784
0.27849,0.15297,0.07459,0.09200,0.13102,0.04352,0.05727,0.05507,0.06487,0.05020
0.27191,0.17473,0.09635,0.10597,0.13922,0.03510,0.04689,0.04779,0.04031,0.04172
0.24183,0.17534,0.08847,0.10254,0.13240,0.04167,0.05141,0.05477,0.05204,0.05953
0.29131,0.17704,0.07826,0.11091,0.14145,0.03045,0.04245,0.04301,0.03948,0.04564
0.30175,0.16591,0.09314,0.10360,0.15490,0.02861,0.03723,0.03888,0.03576,0.04023
0.24038,0.17104,0.09721,0.11760,0.13428,0.03532,0.05021,0.04625,0.04848,0.05923
0.26959,0.15645,0.08743,0.10948,0.13725,0.04101,0.05510,0.04820,0.04974,0.04575
0.44184,0.12923,0.04887,0.06132,0.12501,0.02940,0.04153,0.04076,0.03759,0.04446
0.22163,0.15185,0.10248,0.14767,0.14617,0.03747,0.05197,0.04624,0.04461,0.04992
0.27995,0.16772,0.09394,0.08908,0.12049,0.03986,0.05289,0.04757,0.05137,0.05714
0.29213,0.15743,0.08055,0.10481,0.12560,0.04165,0.05019,0.04932,0.05512,0.04320
0.20041,0.15638,0.11767,0.12364,0.14545,0.04555,0.05601,0.04970,0.05060,0.05459
0.33529,0.17887,0.07748,0.07799,0.11531,0.03052,0.04478,0.04125,0.04269,0.05582
0.20790,0.15903,0.09991,0.10333,0.12240,0.04893,0.06418,0.06067,0.07221,0.06142
0.24424,0.14827,0.10440,0.11368,0.13469,0.04178,0.05051,0.05076,0.06022,0.05145
0.23234,0.17801,0.11093,0.11486,0.14490,0.03673,0.04791,0.04244,0.04365,0.04824
0.29351,0.16234,0.08877,0.10299,0.14526,0.02925,0.04582,0.04217,0.04474,0.04515
0.20239,0.13570,0.09597,0.11727,0.12850,0.05480,0.06529,0.07107,0.05925,0.06976
0.21551,0.14906,0.09652,0.10510,0.13126,0.05139,0.06433,0.06721,0.05842,0.06121
0.30839,0.17288,0.08599,0.11142,0.12696,0.03117,0.04284,0.03851,0.04065,0.04120
0.21989,0.14719,0.09500,0.09784,0.12712,0.04550,0.07763,0.05557,0.07084,0.06343
0.17958,0.16119,0.12654,0.12574,0.16879,0.04135,0.05161,0.04955,0.04637,0.04927
0.44087,0.13581,0.06158,0.06613,0.12099,0.02799,0.03649,0.03704,0.03593,0.03716
0.24179,0.15776,0.08656,0.08846,0.12335,0.05088,0.06419,0.06471,0.06250,0.05979
0.20667,0.15341,0.08965,0.09929,0.12697,0.04464,0.06733,0.06031,0.07758,0.07415
0.28018,0.14760,0.09102,0.11192,0.12479,0.04007,0.05142,0.05039,0.05565,0.04696
0.30536,0.16643,0.09310,0.10369,0.13278,0.03574,0.04145,0.03949,0.04365,0.03830
0.33980,0.16665,0.07821,0.07672,0.12171,0.03224,0.04984,0.04033,0.05171,0.04278
0.38540,0.17104,0.05904,0.08001,0.10963,0.03258,0.04237,0.04265,0.03996,0.03733
0.27508,0.15968,0.08548,0.09745,0.13284,0.04218,0.04979,0.05355,0.05468,0.04929
0.16020,0.13509,0.10954,0.09724,0.11398,0.05664,0.09006,0.07475,0.07921,0.08329
0.26227,0.16998,0.10598,0.09580,0.13948,0.03499,0.04300,0.04567,0.05024,0.05261
0.24660,0.17906,0.09930,0.11839,0.13895,0.03849,0.04596,0.04352,0.04350,0.04621
0.38101,0.14967,0.07703,0.09611,0.11868,0.02932,0.03912,0.03972,0.03195,0.03740
0.15765,0.12748,0.08126,0.08757,0.10466,0.06459,0.08419,0.08775,0.13217,0.07267
0.23864,0.17954,0.10404,0.11797,0.13648,0.03452,0.04499,0.04215,0.04867,0.05300
0.19410,0.13766,0.09831,0.11678,0.12306,0.04680,0.07463,0.06212,0.07344,0.07311
0.19380,0.17454,0.10047,0.10918,0.13961,0.04269,0.06807,0.05847,0.05664,0.05651
0.22187,0.14973,0.09945,0.12410,0.13035,0.04616,0.05645,0.06382,0.05382,0.05424
0.24096,0.15350,0.10828,0.13301,0.16161,0.03149,0.04155,0.04052,0.04117,0.04792
0.20138,0.14760,0.09769,0.12206,0.13135,0.05066,0.06001,0.06356,0.05855,0.06715
0.25754,0.16923,0.09501,0.11190,0.13725,0.03672,0.04831,0.05090,0.04608,0.04707
0.23314,0.16502,0.10829,0.13095,0.14574,0.03757,0.04587,0.04804,0.04589,0.03949
0.22354,0.15294,0.09019,0.10156,0.13981,0.04467,0.06026,0.05766,0.06691,0.06246
0.34342,0.18220,0.09795,0.10446,0.13155,0.02235,0.03059,0.03216,0.02789,0.02743
0.31705,0.17340,0.09131,0.10845,0.12722,0.02929,0.04011,0.03852,0.04039,0.03427
0.28236,0.15074,0.10342,0.11337,0.13075,0.03436,0.04572,0.04469,0.05560,0.03899
0.23892,0.15155,0.09170,0.12455,0.15234,0.04711,0.05003,0.04660,0.04929,0.04791
0.28263,0.17313,0.08774,0.10572,0.13832,0.03759,0.04308,0.04526,0.03842,0.04811
0.22387,0.15628,0.11156,0.12175,0.13824,0.04179,0.05464,0.04554,0.05125,0.05507
0.29133,0.16559,0.08540,0.10009,0.12578,0.03728,0.04904,0.04990,0.04690,0.04870
0.34134,0.17115,0.07761,0.09576,0.13448,0.03015,0.04004,0.03619,0.03670,0.03657
0.28282,0.16800,0.09803,0.10503,0.13939,0.03491,0.03880,0.04293,0.04707,0.04301
0.32712,0.17860,0.07581,0.09137,0.12566,0.03282,0.04447,0.04013,0.04290,0.04111
0.27416,0.14537,0.09068,0.10580,0.13182,0.04435,0.05509,0.04977,0.05239,0.05058
0.35849,0.15775,0.06699,0.08459,0.11898,0.04077,0.04230,0.04793,0.04221,0.03998
0.19185,0.14889,0.09685,0.11025,0.13193,0.04847,0.07407,0.06162,0.06803,0.06803
0.24355,0.16099,0.10009,0.10115,0.12751,0.04503,0.04915,0.05676,0.05556,0.06021
0.26113,0.15984,0.09548,0.12042,0.13426,0.03998,0.04603,0.04524,0.05352,0.04409
0.21674,0.13810,0.07640,0.08375,0.13152,0.05095,0.07247,0.06805,0.09131,0.07073
0.17794,0.15028,0.15162,0.12401,0.15398,0.03378,0.05402,0.04696,0.05668,0.05073
0.39339,0.15314,0.06535,0.06776,0.10774,0.03360,0.04838,0.03846,0.05048,0.04171
0.19930,0.13370,0.11134,0.12387,0.13991,0.04559,0.06473,0.06171,0.06209,0.05775
0.23389,0.15406,0.11203,0.11660,0.15329,0.03395,0.04770,0.04744,0.04769,0.05334
0.18459,0.14042,0.10851,0.11204,0.13039,0.05167,0.07357,0.06688,0.07015,0.06178
0.22655,0.15325,0.10731,0.12612,0.14776,0.04046,0.05355,0.04770,0.04568,0.05161
0.33742,0.17756,0.07759,0.10593,0.13666,0.02886,0.03268,0.03514,0.03442,0.03376
0.21809,0.15661,0.10536,0.10484,0.13588,0.04375,0.06174,0.05691,0.05148,0.06534
0.26234,0.17221,0.08754,0.10305,0.13779,0.03976,0.04908,0.04931,0.04511,0.05380
0.20983,0.14819,0.09902,0.10279,0.13028,0.04832,0.06409,0.06633,0.06524,0.06591
0.20882,0.15001,0.09795,0.11301,0.13344,0.05009,0.06150,0.05317,0.07202,0.05999
0.19029,0.14482,0.10523,0.10288,0.12723,0.04823,0.07506,0.06381,0.06803,0.07441
0.21774,0.17142,0.09629,0.10403,0.13346,0.04219,0.05858,0.05279,0.05690,0.06661
0.30539,0.17195,0.07956,0.09906,0.12275,0.03863,0.04994,0.04398,0.03963,0.04912
0.24125,0.17923,0.10049,0.11421,0.14094,0.03607,0.04747,0.04645,0.04667,0.04721
0.18064,0.13661,0.09420,0.09984,0.11394,0.05768,0.08935,0.06072,0.09314,0.07388
0.23072,0.16251,0.09776,0.10533,0.13596,0.04047,0.05939,0.05444,0.05551,0.05792
0.35327,0.14687,0.06773,0.07310,0.11853,0.03825,0.05146,0.04633,0.05499,0.04945
0.24255,0.15787,0.07760,0.07775,0.11873,0.04627,0.07121,0.06451,0.07599,0.06751
0.26415,0.16834,0.08084,0.09131,0.12668,0.03823,0.05500,0.05139,0.06390,0.06016
0.24874,0.17135,0.09477,0.11857,0.13976,0.03426,0.05078,0.04573,0.04946,0.04659
0.18792,0.15031,0.11211,0.11615,0.13864,0.04670,0.06528,0.05511,0.06436,0.06343
0.26583,0.17188,0.09457,0.11346,0.13756,0.03852,0.04571,0.04353,0.04486,0.04407
0.22819,0.18556,0.10366,0.10948,0.14184,0.03817,0.04912,0.04667,0.04893,0.04839
