0.17404,0.10351,0.09080,0.04669,0.22597,0.03360,0.03766,0.04044,0.04234,0.04255,0.03228,0.02483,0.03384,0.03209,0.03937
0.17744,0.11568,0.10486,0.04837,0.22561,0.03001,0.03757,0.03600,0.03863,0.04464,0.03126,0.01932,0.03099,0.02675,0.03286
0.13944,0.07691,0.06584,0.03417,0.17915,0.03488,0.06563,0.04239,0.06557,0.09158,0.04994,0.02100,0.04499,0.03422,0.05429
0.18854,0.10057,0.08201,0.04434,0.23736,0.03641,0.03682,0.04106,0.03871,0.04029,0.03035,0.02472,0.03348,0.03170,0.03365
0.15755,0.08804,0.07400,0.04076,0.20151,0.03878,0.05090,0.04725,0.05257,0.06042,0.04098,0.02978,0.04087,0.03418,0.04240
0.14212,0.09677,0.08424,0.04456,0.17817,0.03721,0.05462,0.04327,0.05795,0.07250,0.04137,0.02601,0.04123,0.03520,0.04479
0.13050,0.08827,0.08705,0.04384,0.15710,0.04039,0.05944,0.05144,0.06212,0.07419,0.04414,0.02924,0.04437,0.03792,0.04999
0.10759,0.08238,0.08207,0.05052,0.12189,0.04778,0.06233,0.05790,0.06510,0.07914,0.04949,0.03753,0.05181,0.04560,0.05886
0.12353,0.08284,0.07458,0.03763,0.15566,0.04510,0.05865,0.05189,0.06614,0.08232,0.04608,0.02912,0.04952,0.04201,0.05492
0.13320,0.10569,0.10075,0.04896,0.15061,0.04135,0.05297,0.05145,0.05484,0.06236,0.04111,0.03025,0.04081,0.03796,0.04771
0.15713,0.09024,0.08313,0.04288,0.19183,0.04218,0.05008,0.04926,0.04829,0.05868,0.03712,0.02670,0.04144,0.03566,0.04539
0.14042,0.07778,0.07381,0.03865,0.19156,0.04140,0.05748,0.04479,0.05826,0.07675,0.04376,0.02696,0.04452,0.03718,0.04669
0.15037,0.10166,0.08854,0.04823,0.18868,0.03779,0.04884,0.04948,0.04832,0.04930,0.04037,0.03145,0.03729,0.03645,0.04323
0.13982,0.08393,0.08010,0.04233,0.16957,0.04224,0.05545,0.05038,0.05547,0.06855,0.04409,0.03453,0.04267,0.04123,0.04962
0.15847,0.08113,0.06564,0.03415,0.21554,0.03649,0.05323,0.04608,0.05513,0.06954,0.04181,0.02469,0.04063,0.03331,0.04415
0.14032,0.10287,0.09984,0.05448,0.16330,0.03647,0.05088,0.05377,0.05319,0.05693,0.03817,0.03031,0.03858,0.03836,0.04253
0.15558,0.09565,0.08921,0.04174,0.20226,0.03530,0.04903,0.04653,0.05061,0.05567,0.03618,0.02774,0.03985,0.03329,0.04138
0.14685,0.09713,0.08687,0.04208,0.18445,0.03613,0.05525,0.04629,0.05328,0.06699,0.04247,0.02180,0.04037,0.03367,0.04639
0.18053,0.09539,0.08224,0.04048,0.23425,0.03084,0.04260,0.04058,0.04318,0.05242,0.03465,0.02231,0.03433,0.02943,0.03676
0.15441,0.08769,0.07214,0.04235,0.20912,0.04070,0.04951,0.04840,0.05242,0.05442,0.04030,0.03218,0.03690,0.03677,0.04268
0.16706,0.09531,0.08881,0.04689,0.21716,0.03552,0.04274,0.04374,0.04522,0.05222,0.03380,0.02440,0.03493,0.03426,0.03792
0.13144,0.08184,0.07569,0.04171,0.16194,0.04118,0.06019,0.04768,0.06446,0.08082,0.04759,0.03005,0.04809,0.03740,0.04991
0.20981,0.07661,0.05504,0.03166,0.28277,0.03193,0.04001,0.03713,0.04302,0.04727,0.03227,0.02307,0.02959,0.02716,0.03264
0.15264,0.08681,0.07851,0.04535,0.19144,0.04190,0.04823,0.05249,0.05110,0.05558,0.03867,0.02939,0.04200,0.03782,0.04808
0.15577,0.09220,0.08108,0.04661,0.19780,0.03992,0.04679,0.04800,0.04956,0.05538,0.04102,0.02897,0.04068,0.03312,0.04310
0.15682,0.10018,0.08587,0.04628,0.18418,0.03860,0.04829,0.04885,0.04957,0.05439,0.04113,0.02733,0.04008,0.03409,0.04434
0.12214,0.08199,0.07704,0.04364,0.14775,0.04435,0.05727,0.06192,0.06575,0.07288,0.04943,0.03260,0.04972,0.04210,0.05142
0.16459,0.08520,0.07184,0.03949,0.20721,0.03547,0.04987,0.04379,0.05330,0.06199,0.03974,0.02651,0.03938,0.03406,0.04754
0.14480,0.10251,0.08667,0.04773,0.16653,0.03911,0.05450,0.04474,0.05491,0.06802,0.04058,0.02844,0.04318,0.03647,0.04181
0.14227,0.09397,0.08325,0.04202,0.18115,0.03645,0.05859,0.04384,0.05659,0.06901,0.04278,0.02693,0.04072,0.03556,0.04688
0.14245,0.10447,0.10199,0.05268,0.17376,0.03806,0.04482,0.05068,0.04778,0.05305,0.03829,0.03017,0.03959,0.03647,0.04574
0.14852,0.09882,0.08314,0.04363,0.18009,0.03715,0.05335,0.04496,0.05551,0.06391,0.04128,0.02716,0.04232,0.03395,0.04621
0.17645,0.09481,0.08046,0.04136,0.23059,0.03275,0.04243,0.03813,0.04638,0.05727,0.03446,0.02259,0.03347,0.03057,0.03826
0.13825,0.09217,0.08009,0.04436,0.16772,0.04240,0.05833,0.05272,0.06030,0.06831,0.04127,0.02593,0.04376,0.03518,0.04923
0.17564,0.08597,0.07225,0.03567,0.23003,0.03462,0.04599,0.04223,0.04861,0.05548,0.03735,0.02536,0.03920,0.03090,0.04070
0.13615,0.08053,0.08019,0.04798,0.17911,0.04290,0.05535,0.05447,0.05705,0.06267,0.04220,0.03220,0.04393,0.03667,0.04860
0.18415,0.10497,0.08815,0.04349,0.22352,0.02967,0.04238,0.03726,0.04463,0.05207,0.03164,0.02258,0.03282,0.02728,0.03541
0.12032,0.08570,0.08271,0.04533,0.14698,0.04353,0.05829,0.05275,0.06363,0.07635,0.04670,0.03240,0.04831,0.04383,0.05319
0.16055,0.09982,0.08836,0.04553,0.20659,0.03574,0.04464,0.04695,0.04877,0.05198,0.03540,0.02481,0.03830,0.03226,0.04029
0.15467,0.08439,0.07125,0.03678,0.19525,0.03553,0.05599,0.04321,0.06187,0.07347,0.04297,0.02219,0.04344,0.03208,0.04692
0.13441,0.09579,0.08970,0.04930,0.15715,0.04046,0.05951,0.04611,0.05704,0.07126,0.04404,0.02713,0.04444,0.03556,0.04810
0.17274,0.09361,0.08743,0.03845,0.21654,0.03510,0.04300,0.04159,0.04842,0.05803,0.03403,0.02484,0.03465,0.03280,0.03875
0.12901,0.10113,0.09245,0.05091,0.15470,0.04528,0.05130,0.05844,0.05307,0.05848,0.04378,0.03345,0.04431,0.03872,0.04497
0.16360,0.08803,0.08281,0.03952,0.20983,0.03749,0.04681,0.04341,0.04902,0.06139,0.03706,0.02323,0.03750,0.03541,0.04490
0.13329,0.10937,0.10307,0.05295,0.15867,0.03826,0.04963,0.05008,0.05110,0.05821,0.04142,0.03196,0.03830,0.03744,0.04627
0.13385,0.09610,0.08776,0.04731,0.15586,0.04284,0.05653,0.04836,0.05574,0.07164,0.04504,0.02719,0.04535,0.03734,0.04911
0.16066,0.08490,0.07341,0.03849,0.20633,0.03820,0.05039,0.04776,0.05182,0.06170,0.04049,0.02635,0.04084,0.03473,0.04393
0.14628,0.08563,0.07811,0.04312,0.18571,0.04099,0.05306,0.05051,0.05327,0.06456,0.04311,0.02795,0.04239,0.03921,0.04610
0.14377,0.08657,0.07547,0.03972,0.19006,0.03775,0.05300,0.04954,0.05593,0.07334,0.04341,0.02692,0.04070,0.03568,0.04814
0.12481,0.08739,0.08820,0.04059,0.15099,0.04374,0.05942,0.05306,0.06174,0.07510,0.04570,0.02921,0.04973,0.03952,0.05079
0.14631,0.09209,0.08392,0.04428,0.18358,0.04022,0.04987,0.04925,0.05099,0.06298,0.04070,0.02877,0.04223,0.03639,0.04840
0.16799,0.08288,0.06807,0.03567,0.22168,0.03827,0.04675,0.04760,0.04932,0.05465,0.03828,0.02642,0.04159,0.03644,0.04440
0.15015,0.08905,0.08219,0.04324,0.19252,0.03758,0.05057,0.04556,0.05241,0.06387,0.04024,0.02747,0.04265,0.03580,0.04670
0.15061,0.09073,0.07949,0.04168,0.18301,0.03810,0.05500,0.04539,0.05662,0.07384,0.04093,0.02418,0.04100,0.03336,0.04606
0.13406,0.09229,0.09103,0.04666,0.16749,0.03866,0.05829,0.04906,0.05301,0.06843,0.04277,0.02975,0.04021,0.03841,0.04989
0.19097,0.09290,0.09178,0.04196,0.25194,0.02578,0.03825,0.03368,0.04022,0.04782,0.03015,0.02021,0.03220,0.02941,0.03273
0.16718,0.09222,0.08700,0.04339,0.21327,0.03787,0.04385,0.04351,0.04644,0.05312,0.03701,0.02787,0.03764,0.03096,0.03867
0.18154,0.10245,0.08788,0.04559,0.23714,0.03084,0.03844,0.03971,0.04141,0.04601,0.02942,0.02290,0.03190,0.02947,0.03529
0.15205,0.10121,0.08705,0.04726,0.17688,0.03865,0.04727,0.04898,0.05113,0.05367,0.03868,0.03148,0.04258,0.03483,0.04830
0.14303,0.08192,0.07805,0.04025,0.18250,0.04060,0.05604,0.04893,0.05681,0.07005,0.04512,0.02734,0.04593,0.03784,0.04560
0.15030,0.08660,0.07750,0.04178,0.18825,0.04235,0.05023,0.04759,0.05451,0.06561,0.04026,0.02736,0.04467,0.03511,0.04787
0.18693,0.10559,0.08863,0.04687,0.24737,0.02996,0.03705,0.03718,0.03776,0.04101,0.02905,0.02380,0.02795,0.02775,0.03310
0.13767,0.08384,0.07522,0.04086,0.17300,0.03954,0.05765,0.05267,0.06277,0.07402,0.04660,0.02884,0.04089,0.03685,0.04958
0.15206,0.08450,0.07992,0.04271,0.18263,0.04106,0.05005,0.04954,0.05418,0.06070,0.04355,0.02981,0.04411,0.03940,0.04578
0.13766,0.08651,0.06893,0.03657,0.16743,0.03752,0.06327,0.04477,0.06199,0.08976,0.04851,0.02456,0.04538,0.03753,0.04961
0.16066,0.08674,0.07663,0.04052,0.21116,0.02864,0.05446,0.03681,0.05549,0.07940,0.04074,0.02024,0.03737,0.02896,0.04216
0.19089,0.08525,0.06421,0.03513,0.26323,0.03078,0.04497,0.03640,0.04200,0.05559,0.03326,0.02046,0.03190,0.02928,0.03664
0.18241,0.07127,0.05332,0.02733,0.24355,0.03218,0.05282,0.04051,0.05568,0.06854,0.03910,0.02038,0.03953,0.03120,0.04218
0.11786,0.08510,0.08628,0.04666,0.13465,0.04884,0.06189,0.05518,0.06322,0.07957,0.04674,0.03059,0.04950,0.04095,0.05296
0.14097,0.07520,0.06832,0.03653,0.18860,0.03931,0.06062,0.05052,0.05915,0.07837,0.04586,0.02656,0.04315,0.03710,0.04973
0.17554,0.08625,0.09060,0.03758,0.22980,0.03605,0.04079,0.04218,0.04397,0.05010,0.03419,0.02660,0.03433,0.03252,0.03951
0.11772,0.07354,0.07020,0.04053,0.13999,0.05527,0.06024,0.05840,0.06538,0.07686,0.05196,0.03628,0.05073,0.04908,0.05384
0.10692,0.06383,0.05271,0.03101,0.13502,0.04522,0.08036,0.05056,0.08086,0.11294,0.05675,0.02744,0.05395,0.03616,0.06627
0.12758,0.08300,0.07655,0.03880,0.15609,0.04090,0.06510,0.04801,0.06378,0.08535,0.05121,0.02645,0.04678,0.03626,0.05413
0.15050,0.10323,0.10668,0.04896,0.17114,0.03826,0.04641,0.04640,0.04997,0.05755,0.03731,0.02687,0.03982,0.03260,0.04432
0.15064,0.09217,0.08083,0.04286,0.19715,0.03759,0.05398,0.04162,0.05508,0.06888,0.03895,0.02494,0.03777,0.03312,0.04442
0.13517,0.09750,0.09938,0.05337,0.16137,0.03957,0.05150,0.05328,0.05199,0.06110,0.03820,0.02926,0.04043,0.03854,0.04935
0.13413,0.07574,0.06827,0.03745,0.16982,0.04340,0.06093,0.05123,0.06492,0.08295,0.04860,0.02770,0.04774,0.03690,0.05023
0.14235,0.09977,0.08005,0.04369,0.17300,0.04135,0.04990,0.05164,0.05506,0.06354,0.04057,0.02979,0.04516,0.03728,0.04686
0.17155,0.09956,0.08443,0.04542,0.22411,0.03360,0.04120,0.04275,0.04449,0.05020,0.03295,0.02459,0.03526,0.03172,0.03817
0.16041,0.09580,0.08305,0.04421,0.19794,0.03682,0.05000,0.04067,0.05024,0.05886,0.03893,0.02798,0.03865,0.03369,0.04273
0.14163,0.08116,0.07396,0.04211,0.18070,0.04231,0.05598,0.05240,0.05206,0.06634,0.04230,0.03251,0.04779,0.04153,0.04723
0.20310,0.08199,0.06182,0.03163,0.28398,0.02702,0.03957,0.03508,0.04082,0.04669,0.03252,0.02230,0.03209,0.02693,0.03446
0.16521,0.08596,0.07016,0.03987,0.21909,0.03449,0.04964,0.04331,0.05006,0.06263,0.03863,0.02804,0.03734,0.03322,0.04235
0.16949,0.09323,0.07646,0.03770,0.21156,0.03545,0.04952,0.04194,0.05179,0.06127,0.03829,0.02098,0.03790,0.03164,0.04279
0.14774,0.08904,0.07600,0.04088,0.19480,0.03884,0.05331,0.04862,0.05440,0.06424,0.03881,0.02815,0.04098,0.03599,0.04819
0.18698,0.08230,0.06555,0.03419,0.24291,0.03672,0.04092,0.04773,0.04456,0.04654,0.03638,0.02653,0.03694,0.03264,0.03912
0.16859,0.10297,0.07843,0.04129,0.22473,0.03427,0.04525,0.03811,0.04494,0.05512,0.03406,0.02672,0.03430,0.03174,0.03949
0.13935,0.08289,0.07852,0.04148,0.17661,0.04331,0.05471,0.05380,0.05705,0.06615,0.04451,0.02851,0.04553,0.03683,0.05075
0.15188,0.11162,0.11378,0.05551,0.17971,0.03513,0.04273,0.04506,0.04446,0.04963,0.03535,0.02737,0.03577,0.03253,0.03947
0.12853,0.08224,0.07532,0.04589,0.15772,0.04442,0.06366,0.05222,0.05966,0.07591,0.04312,0.03197,0.04792,0.03836,0.05305
0.17352,0.10347,0.09615,0.05033,0.21721,0.03640,0.03760,0.03937,0.04066,0.04957,0.03208,0.02328,0.03267,0.02876,0.03894
0.15605,0.09787,0.08889,0.04347,0.19845,0.03646,0.04783,0.04445,0.04785,0.05968,0.03799,0.02910,0.03791,0.03220,0.04180
0.14890,0.09438,0.08672,0.04426,0.18759,0.03714,0.05466,0.04120,0.05660,0.06870,0.03975,0.02337,0.03902,0.03289,0.04483
0.14763,0.09674,0.08345,0.04422,0.18084,0.03604,0.05311,0.04327,0.05437,0.07220,0.04271,0.02500,0.04094,0.03591,0.04356
0.14611,0.09061,0.07901,0.04118,0.18074,0.04278,0.05022,0.05043,0.05455,0.06398,0.04147,0.02899,0.04278,0.03991,0.04724
0.17452,0.10889,0.10028,0.04846,0.20756,0.03118,0.03935,0.04271,0.04220,0.04497,0.03286,0.02284,0.03314,0.03206,0.03898
0.14693,0.06548,0.05629,0.03350,0.18794,0.03813,0.06394,0.04494,0.06881,0.08617,0.04786,0.02597,0.04511,0.03527,0.05367
0.16590,0.09486,0.08478,0.04961,0.21713,0.03501,0.04216,0.04470,0.04321,0.04845,0.03446,0.03011,0.03696,0.03322,0.03943
0.12405,0.08813,0.08064,0.05330,0.14878,0.04853,0.05910,0.06191,0.05611,0.06055,0.04602,0.03648,0.04730,0.04003,0.04907
0.15601,0.08395,0.07235,0.03861,0.19883,0.03385,0.05583,0.03899,0.05817,0.07982,0.04354,0.02202,0.04094,0.03111,0.04598
0.14869,0.08837,0.08309,0.04419,0.18442,0.03794,0.05185,0.04564,0.05544,0.06815,0.04138,0.02883,0.04126,0.03622,0.04453
0.13441,0.08507,0.07684,0.03945,0.16682,0.04329,0.05832,0.04850,0.06307,0.07568,0.04500,0.02863,0.04666,0.03809,0.05016
0.15418,0.09598,0.08552,0.04767,0.20134,0.03636,0.04867,0.04297,0.04835,0.05991,0.03979,0.02536,0.03651,0.03693,0.04046
0.17034,0.09429,0.07703,0.04172,0.22062,0.03939,0.04379,0.04303,0.04356,0.04902,0.04024,0.02700,0.03496,0.03535,0.03966
0.15860,0.10859,0.09658,0.04638,0.20466,0.03448,0.04332,0.04403,0.04524,0.05278,0.03722,0.02364,0.03523,0.03111,0.03815
0.17180,0.09442,0.08170,0.04109,0.22425,0.03314,0.04550,0.03761,0.04693,0.05653,0.03642,0.02324,0.03775,0.03051,0.03909
0.15086,0.08775,0.07994,0.04104,0.19027,0.03931,0.05396,0.04465,0.05350,0.06926,0.04184,0.02657,0.04220,0.03366,0.04518
0.14205,0.09040,0.07886,0.04286,0.17849,0.04077,0.05367,0.04757,0.05634,0.06864,0.04291,0.02961,0.04450,0.03651,0.04683
0.16926,0.10356,0.08760,0.04486,0.19867,0.03571,0.04735,0.04397,0.04663,0.05021,0.03566,0.02610,0.03664,0.03383,0.03994
0.15872,0.10293,0.09909,0.04881,0.19943,0.03544,0.04153,0.04424,0.04525,0.05081,0.03525,0.02705,0.03843,0.03484,0.03818
0.14164,0.08588,0.07641,0.04249,0.17439,0.03926,0.05696,0.04629,0.05873,0.07402,0.04533,0.02962,0.04169,0.03710,0.05018
0.13487,0.10142,0.09232,0.04350,0.17572,0.03933,0.05873,0.04354,0.05491,0.07212,0.04395,0.02399,0.03984,0.03087,0.04490
0.15600,0.10451,0.09048,0.04607,0.20139,0.03397,0.04504,0.03887,0.04969,0.05933,0.03714,0.02466,0.03817,0.03430,0.04038
0.18834,0.08407,0.06997,0.03619,0.25193,0.03318,0.04540,0.03862,0.04629,0.05414,0.03194,0.02394,0.03334,0.02690,0.03575
0.17242,0.08318,0.07030,0.03662,0.22987,0.03550,0.04491,0.04419,0.05198,0.05584,0.03531,0.02590,0.03726,0.03516,0.04158
0.11804,0.08995,0.08756,0.04861,0.13290,0.04449,0.06055,0.05556,0.06434,0.07849,0.04697,0.03032,0.04898,0.04037,0.05286
0.15324,0.09190,0.08176,0.04460,0.18388,0.03783,0.05122,0.04742,0.05269,0.07011,0.04082,0.02595,0.03794,0.03615,0.04449
0.16042,0.10115,0.09197,0.04994,0.19715,0.03549,0.04566,0.04584,0.04733,0.05154,0.03641,0.02698,0.03686,0.03191,0.04135
0.18789,0.08186,0.06642,0.03664,0.24486,0.03487,0.04525,0.04110,0.04495,0.05150,0.03384,0.02474,0.03551,0.03037,0.04020
0.11814,0.10430,0.10572,0.05692,0.13253,0.04354,0.05549,0.05426,0.05455,0.06705,0.04432,0.03137,0.04270,0.04030,0.04881
0.19202,0.07984,0.08821,0.03655,0.26765,0.03027,0.03694,0.03972,0.03865,0.04407,0.02751,0.02364,0.03083,0.02765,0.03645
0.11233,0.09277,0.09020,0.05130,0.11896,0.04550,0.05968,0.05924,0.06007,0.07294,0.05096,0.03663,0.05040,0.04445,0.05457
0.13114,0.07686,0.06229,0.03866,0.16317,0.04711,0.06187,0.05017,0.06241,0.08491,0.04809,0.03063,0.04849,0.04097,0.05322
0.13241,0.08400,0.07425,0.03461,0.16546,0.03439,0.06739,0.04579,0.06413,0.09211,0.04908,0.02460,0.04491,0.03515,0.05171
0.13198,0.09948,0.09230,0.05170,0.16568,0.04086,0.05448,0.04924,0.05426,0.05962,0.04131,0.03307,0.04138,0.03779,0.04685
0.16244,0.09354,0.08045,0.04061,0.21507,0.03453,0.04852,0.04163,0.05045,0.05623,0.03831,0.02478,0.04020,0.03375,0.03949
0.16682,0.09566,0.08370,0.04480,0.20629,0.03807,0.04699,0.04572,0.04721,0.05024,0.03622,0.02714,0.03724,0.03294,0.04096
0.17178,0.09446,0.08459,0.04264,0.22572,0.03475,0.04570,0.04078,0.04495,0.05644,0.03580,0.02463,0.03370,0.02757,0.03647
0.17512,0.07705,0.06209,0.03695,0.23880,0.03731,0.04633,0.04304,0.04993,0.05871,0.03996,0.02617,0.03758,0.03101,0.03994
0.12962,0.09722,0.09208,0.04793,0.15048,0.04000,0.05589,0.04707,0.05735,0.07652,0.04697,0.02673,0.04584,0.03555,0.05076
0.13347,0.07590,0.06550,0.03952,0.16832,0.04176,0.06440,0.04819,0.06402,0.08504,0.04727,0.02725,0.04748,0.03744,0.05444
0.16849,0.10142,0.08664,0.04244,0.21532,0.03585,0.04579,0.04037,0.04683,0.05214,0.03665,0.02413,0.03516,0.02992,0.03882
0.12628,0.10923,0.10398,0.05724,0.14504,0.04089,0.05276,0.04762,0.05400,0.06230,0.04251,0.02834,0.04223,0.03782,0.04976
0.16231,0.09384,0.08101,0.04271,0.21494,0.03606,0.04779,0.04120,0.04848,0.05601,0.03808,0.02463,0.03821,0.03229,0.04244
0.13966,0.11242,0.10593,0.05308,0.16274,0.04023,0.04751,0.04904,0.04715,0.05261,0.03976,0.03148,0.03885,0.03584,0.04367
0.16699,0.08597,0.06729,0.03575,0.22601,0.03765,0.04703,0.04244,0.05351,0.06390,0.03779,0.02311,0.03911,0.03140,0.04205
0.17221,0.08408,0.07186,0.03991,0.21810,0.03964,0.04451,0.04487,0.04957,0.05092,0.03741,0.03081,0.03747,0.03453,0.04411
0.15710,0.08922,0.07523,0.03924,0.20033,0.03884,0.05279,0.04303,0.05492,0.06506,0.03872,0.02586,0.04113,0.03490,0.04363
0.15405,0.09633,0.08759,0.04601,0.18506,0.04318,0.04521,0.04703,0.05010,0.05724,0.03794,0.02797,0.04127,0.03678,0.04422
0.14384,0.09018,0.08104,0.04474,0.18380,0.03792,0.05219,0.04520,0.05368,0.06485,0.04549,0.02992,0.04374,0.03824,0.04516
0.16751,0.10869,0.09902,0.05306,0.20952,0.03337,0.03953,0.04026,0.04026,0.04582,0.03185,0.02530,0.03513,0.03435,0.03633
0.13241,0.08512,0.07484,0.04139,0.15796,0.04449,0.05818,0.05198,0.06236,0.07866,0.04843,0.02631,0.04780,0.04057,0.04949
0.13384,0.08209,0.07382,0.04059,0.15947,0.04588,0.06029,0.05413,0.05995,0.07047,0.04636,0.03067,0.04572,0.04274,0.05397
0.15602,0.09775,0.08461,0.04765,0.19127,0.03851,0.04654,0.04605,0.05253,0.05934,0.03798,0.02611,0.03710,0.03414,0.04440
0.17749,0.10680,0.09213,0.04816,0.22811,0.03352,0.03685,0.04100,0.03900,0.04344,0.03113,0.02362,0.03220,0.03179,0.03476
0.17634,0.09731,0.08301,0.04196,0.23272,0.03379,0.04328,0.04138,0.04400,0.05272,0.03219,0.02395,0.03259,0.02897,0.03580
0.14310,0.09319,0.08839,0.04734,0.17715,0.04312,0.05121,0.04872,0.05189,0.06000,0.04185,0.03014,0.03812,0.03765,0.04813
0.15102,0.10049,0.08540,0.04774,0.17746,0.03927,0.04901,0.04954,0.05333,0.05795,0.04030,0.02890,0.03873,0.03661,0.04425
0.17314,0.09938,0.08946,0.04283,0.21801,0.03329,0.04230,0.04050,0.04419,0.04894,0.03584,0.02483,0.03366,0.03416,0.03946
0.11257,0.09625,0.10109,0.05008,0.12300,0.04393,0.06059,0.05169,0.06325,0.07659,0.04985,0.03006,0.04646,0.03957,0.05503
0.13604,0.07985,0.07932,0.04161,0.16359,0.04440,0.05567,0.04999,0.06097,0.07528,0.04615,0.02999,0.04691,0.03952,0.05072
0.14809,0.09540,0.08076,0.04257,0.18644,0.03856,0.05265,0.04636,0.05385,0.06783,0.04116,0.02704,0.03881,0.03367,0.04683
0.15002,0.09967,0.08598,0.04520,0.18474,0.03992,0.04805,0.04641,0.05198,0.05960,0.04101,0.02722,0.03945,0.03519,0.04557
0.15843,0.07669,0.07909,0.03919,0.22218,0.03359,0.05428,0.03740,0.05411,0.07255,0.03996,0.02211,0.03814,0.03000,0.04226
0.13488,0.08595,0.07278,0.04401,0.16909,0.04605,0.05667,0.05161,0.05598,0.06717,0.04470,0.03497,0.04599,0.04133,0.04880
0.15973,0.09040,0.07821,0.03917,0.21202,0.03416,0.05154,0.04015,0.05393,0.06863,0.03971,0.02348,0.03712,0.03018,0.04157
0.15521,0.09686,0.08396,0.04082,0.18912,0.03908,0.04943,0.04616,0.05281,0.06171,0.03914,0.02565,0.04161,0.03353,0.04490
0.17582,0.09942,0.08736,0.04660,0.21682,0.03326,0.04208,0.04094,0.04605,0.05343,0.03399,0.02311,0.03309,0.03067,0.03735
0.15633,0.08677,0.07580,0.04313,0.20673,0.03754,0.05171,0.04627,0.05059,0.05961,0.04038,0.02701,0.03970,0.03442,0.04402
0.16956,0.09135,0.08054,0.03859,0.22445,0.03539,0.04594,0.04260,0.04759,0.05473,0.03534,0.02480,0.03735,0.03187,0.03989
0.14942,0.09059,0.08464,0.04294,0.18645,0.03953,0.05044,0.05010,0.05301,0.05840,0.03951,0.02811,0.04250,0.03767,0.04669
0.13817,0.07757,0.06829,0.03743,0.17239,0.04033,0.05847,0.05173,0.06537,0.07786,0.04908,0.02837,0.04551,0.03857,0.05086
0.16632,0.09838,0.08209,0.04355,0.22354,0.03456,0.04310,0.03965,0.04532,0.05548,0.03905,0.02217,0.03621,0.03184,0.03875
0.14710,0.07637,0.06188,0.03276,0.19027,0.03524,0.06480,0.04290,0.06482,0.09230,0.04577,0.02119,0.04402,0.03202,0.04856
0.17529,0.09994,0.08804,0.04319,0.22591,0.03252,0.04384,0.03988,0.04487,0.05238,0.03211,0.02217,0.03339,0.02753,0.03896
0.14739,0.09310,0.07744,0.04743,0.19248,0.03849,0.05330,0.05187,0.05154,0.05700,0.04111,0.02827,0.04137,0.03598,0.04322
0.17192,0.09458,0.08021,0.04313,0.21981,0.03376,0.04543,0.04267,0.04826,0.05939,0.03643,0.02131,0.03519,0.02965,0.03826
0.18020,0.10240,0.08602,0.04764,0.22521,0.03056,0.04145,0.03737,0.04554,0.05308,0.03274,0.02038,0.03370,0.02713,0.03656
0.14040,0.08118,0.07420,0.04469,0.17886,0.04234,0.05711,0.04968,0.05588,0.06784,0.04403,0.02880,0.04564,0.04115,0.04821
0.15494,0.09998,0.09150,0.04542,0.18257,0.03756,0.04951,0.04583,0.05116,0.06100,0.03729,0.02794,0.03877,0.03329,0.04324
0.16400,0.08489,0.07010,0.03875,0.21543,0.03498,0.05521,0.04105,0.05454,0.06736,0.03829,0.02262,0.03734,0.03116,0.04428
0.15187,0.08670,0.07160,0.03921,0.19473,0.03338,0.05504,0.04563,0.05812,0.07960,0.04095,0.02385,0.04023,0.03052,0.04857
0.11719,0.07844,0.07045,0.04260,0.15391,0.04355,0.06442,0.05338,0.06630,0.08536,0.05209,0.02913,0.04824,0.03922,0.05574
0.17220,0.07466,0.05831,0.03197,0.23455,0.03566,0.05281,0.04324,0.05203,0.07138,0.03773,0.02300,0.03762,0.03193,0.04290
0.14739,0.09880,0.08658,0.04376,0.18204,0.03670,0.05243,0.04460,0.05329,0.06983,0.04072,0.02507,0.03960,0.03362,0.04557
0.15412,0.08188,0.07354,0.03816,0.19733,0.03755,0.05528,0.04467,0.05849,0.07108,0.04420,0.02503,0.04157,0.03054,0.04655
0.16579,0.09150,0.08391,0.04439,0.22075,0.03391,0.04995,0.04090,0.04816,0.05397,0.03696,0.02245,0.03697,0.03105,0.03934
0.16252,0.08897,0.07694,0.04054,0.21607,0.03569,0.05066,0.04209,0.05398,0.06100,0.03838,0.02178,0.03714,0.03143,0.04281
0.14428,0.09922,0.08402,0.04509,0.17252,0.03639,0.05500,0.04558,0.05623,0.06793,0.04402,0.02607,0.04035,0.03595,0.04736
0.14416,0.09986,0.10111,0.04949,0.17397,0.03768,0.04725,0.04432,0.05295,0.06043,0.03882,0.02784,0.03897,0.03624,0.04692
0.15161,0.09267,0.08170,0.04223,0.18552,0.03527,0.05468,0.04465,0.05531,0.07132,0.04231,0.02511,0.04018,0.03152,0.04591
0.14912,0.10399,0.08569,0.04656,0.17118,0.03622,0.04809,0.04707,0.05555,0.06427,0.04236,0.02566,0.04041,0.03739,0.04644
0.15916,0.09824,0.08583,0.04460,0.20686,0.03775,0.04649,0.04675,0.04608,0.05027,0.03627,0.03001,0.03655,0.03432,0.04084
0.12475,0.11585,0.11157,0.05626,0.13631,0.04311,0.04986,0.05127,0.04924,0.06057,0.04107,0.03224,0.03993,0.03936,0.04862
0.16677,0.10944,0.09776,0.04805,0.21330,0.03362,0.04425,0.03789,0.04248,0.05170,0.03360,0.02172,0.03408,0.02731,0.03802
0.13698,0.08634,0.07664,0.04273,0.17218,0.04566,0.05773,0.05274,0.05740,0.06551,0.04324,0.03099,0.04414,0.03872,0.04900
0.17075,0.08534,0.07136,0.03609,0.23589,0.03504,0.04261,0.04490,0.04885,0.05877,0.03500,0.02518,0.03730,0.03314,0.03977
0.14426,0.07515,0.07381,0.03682,0.19983,0.04108,0.05552,0.04744,0.05531,0.07451,0.04326,0.02582,0.04214,0.03534,0.04971
0.13790,0.08204,0.07544,0.04085,0.17885,0.04470,0.05624,0.04495,0.05919,0.07148,0.04549,0.02895,0.04456,0.04027,0.04909
0.17520,0.09436,0.07877,0.04031,0.23340,0.03432,0.04232,0.03721,0.04567,0.05546,0.03647,0.02284,0.03598,0.02861,0.03906
0.14679,0.09361,0.08636,0.04622,0.18219,0.04146,0.04750,0.05213,0.05326,0.05208,0.03782,0.03042,0.04477,0.03891,0.04650
0.13774,0.07232,0.06834,0.03636,0.19448,0.03894,0.06115,0.04801,0.06100,0.08080,0.04603,0.02332,0.04405,0.03584,0.05163
0.12095,0.08526,0.06930,0.03885,0.15456,0.04403,0.06579,0.04770,0.06552,0.09090,0.04760,0.02630,0.05124,0.03754,0.05445
0.15603,0.09647,0.09564,0.04509,0.18945,0.03801,0.04584,0.04472,0.04942,0.05667,0.03974,0.02550,0.03771,0.03339,0.04631
0.14434,0.08147,0.07372,0.04090,0.18033,0.04151,0.05567,0.05154,0.05953,0.07368,0.04338,0.02494,0.04526,0.03636,0.04738
0.18542,0.09421,0.08467,0.04231,0.25184,0.03147,0.03951,0.03807,0.04062,0.04352,0.03043,0.02246,0.03138,0.02913,0.03495
0.14550,0.08302,0.06677,0.03938,0.19085,0.04305,0.05423,0.05320,0.05532,0.06722,0.04105,0.03244,0.04025,0.04053,0.04718
0.16701,0.08281,0.06906,0.03771,0.21816,0.03931,0.04847,0.04630,0.05015,0.05525,0.03873,0.02740,0.04202,0.03583,0.04178
0.15249,0.09512,0.08628,0.04584,0.18964,0.03890,0.04881,0.04974,0.05191,0.05784,0.03773,0.02669,0.03762,0.03661,0.04479
0.16530,0.10047,0.08473,0.04482,0.21032,0.03407,0.04549,0.04433,0.04634,0.05102,0.03467,0.02889,0.03837,0.03188,0.03930
0.15750,0.09063,0.08133,0.04605,0.20589,0.03826,0.04935,0.04512,0.04850,0.05971,0.03773,0.02655,0.03809,0.03395,0.04133
0.14903,0.09287,0.08689,0.04638,0.19028,0.04041,0.04588,0.04724,0.05231,0.05674,0.03942,0.03045,0.04069,0.03532,0.04608
0.12555,0.07900,0.07978,0.04071,0.15657,0.04700,0.05567,0.05495,0.06188,0.07209,0.04647,0.03373,0.04872,0.04304,0.05483
0.13954,0.09204,0.08757,0.04497,0.17018,0.03956,0.05687,0.04625,0.05647,0.07159,0.04175,0.02660,0.04243,0.03437,0.04983
0.14115,0.09036,0.07856,0.04209,0.18041,0.04087,0.05190,0.05165,0.05446,0.06128,0.04413,0.03321,0.04181,0.03862,0.04949
0.13563,0.09276,0.07904,0.04209,0.15480,0.03941,0.06064,0.05031,0.06205,0.07549,0.04673,0.02739,0.04594,0.03684,0.05090
0.17743,0.09771,0.08089,0.03680,0.24027,0.03054,0.04570,0.03858,0.04711,0.05624,0.03406,0.02064,0.03013,0.02687,0.03702
0.14429,0.08258,0.06840,0.03910,0.19350,0.03836,0.05818,0.04585,0.05641,0.07486,0.04163,0.02703,0.04379,0.03568,0.05035
0.16663,0.08140,0.08012,0.04017,0.23285,0.03760,0.04717,0.04276,0.04683,0.05414,0.03715,0.02354,0.03592,0.03298,0.04074
0.17167,0.08839,0.07551,0.04059,0.22486,0.03756,0.04353,0.04145,0.04891,0.05830,0.03538,0.02427,0.03824,0.03131,0.04003
0.18172,0.10288,0.08748,0.04612,0.24252,0.03243,0.03891,0.03992,0.03858,0.04264,0.03147,0.02418,0.03122,0.02622,0.03372
0.17102,0.09233,0.07793,0.04088,0.22476,0.03488,0.04584,0.04246,0.04808,0.05469,0.03630,0.02434,0.03638,0.02926,0.04084
0.15848,0.10708,0.09357,0.04829,0.19626,0.03583,0.04501,0.04696,0.04206,0.04596,0.03847,0.02714,0.03764,0.03356,0.04370
0.11623,0.07418,0.07439,0.03689,0.13847,0.04108,0.07083,0.05088,0.07099,0.10058,0.05079,0.02612,0.05184,0.03872,0.05802
0.19297,0.08305,0.06421,0.03683,0.25555,0.03131,0.04501,0.03932,0.04441,0.05263,0.03500,0.02327,0.03073,0.02763,0.03808
0.16831,0.08302,0.06952,0.03843,0.22447,0.03714,0.04863,0.04541,0.04976,0.06006,0.03789,0.02538,0.03727,0.03278,0.04193
0.13990,0.10256,0.08452,0.05078,0.16056,0.03939,0.05487,0.05097,0.05433,0.06385,0.04133,0.03127,0.04262,0.03779,0.04528
0.13365,0.09658,0.08328,0.04699,0.14866,0.04231,0.05683,0.04973,0.05878,0.07140,0.04651,0.02881,0.04460,0.04093,0.05093
0.15796,0.10355,0.09684,0.05237,0.19764,0.03600,0.04245,0.04822,0.04514,0.04509,0.03607,0.02961,0.03708,0.03275,0.03923
0.13539,0.08494,0.07707,0.04065,0.17263,0.04230,0.05842,0.04585,0.06166,0.07525,0.04376,0.02683,0.04631,0.03786,0.05108
0.20253,0.09584,0.07462,0.03620,0.27387,0.02825,0.03833,0.03266,0.03863,0.04518,0.02926,0.01953,0.03038,0.02493,0.02979
0.12870,0.08750,0.08082,0.04435,0.16797,0.04238,0.05696,0.05230,0.05750,0.07205,0.04589,0.03001,0.04449,0.03973,0.04933
0.16952,0.09401,0.08067,0.04101,0.22323,0.03699,0.04489,0.04112,0.04535,0.05135,0.03685,0.02747,0.03610,0.03204,0.03938
0.15532,0.08687,0.06822,0.03808,0.20014,0.03809,0.05409,0.04158,0.05543,0.07358,0.04046,0.02267,0.04325,0.03532,0.04691
0.13685,0.09558,0.09573,0.04773,0.16184,0.03859,0.05296,0.05176,0.05494,0.06470,0.04264,0.02797,0.04471,0.03797,0.04604
0.13740,0.09499,0.08670,0.04282,0.17340,0.04437,0.05108,0.05077,0.05303,0.06191,0.04256,0.03126,0.04291,0.03661,0.05018
0.15657,0.10129,0.09593,0.05156,0.19454,0.03624,0.04522,0.04313,0.04714,0.05562,0.03538,0.02596,0.03675,0.03269,0.04200
0.15345,0.09081,0.08299,0.04304,0.19289,0.03858,0.05038,0.04054,0.05458,0.06705,0.04192,0.02392,0.03878,0.03576,0.04532
0.15923,0.06935,0.05764,0.03160,0.20495,0.03400,0.06337,0.04191,0.06246,0.08447,0.04688,0.02320,0.04128,0.03163,0.04803
0.13235,0.09488,0.09150,0.05322,0.15245,0.04153,0.05534,0.05286,0.05515,0.06332,0.04746,0.02933,0.04546,0.03879,0.04634
0.15079,0.10793,0.10658,0.05076,0.18697,0.03957,0.04256,0.05111,0.04309,0.05093,0.03505,0.02578,0.03567,0.03307,0.04014
0.13730,0.09711,0.09100,0.04808,0.16635,0.03919,0.05310,0.04769,0.05391,0.06680,0.04392,0.02845,0.04210,0.03537,0.04962
0.17175,0.10452,0.08777,0.04798,0.20888,0.03219,0.04235,0.03824,0.04644,0.05388,0.03484,0.02612,0.03470,0.03279,0.03755
0.12852,0.08831,0.08256,0.04660,0.15314,0.04226,0.05537,0.05184,0.05904,0.06930,0.04539,0.03377,0.04785,0.04129,0.05476
0.16245,0.09980,0.08942,0.04522,0.20603,0.03605,0.04440,0.04367,0.04898,0.05459,0.03748,0.02545,0.03556,0.03015,0.04077
0.13179,0.09637,0.08619,0.04903,0.14423,0.04323,0.05472,0.05467,0.05833,0.06305,0.04478,0.03402,0.04802,0.04268,0.04889
0.15888,0.07097,0.05962,0.03367,0.20927,0.03617,0.06193,0.04218,0.05946,0.08014,0.04409,0.02310,0.04038,0.03315,0.04699
0.10889,0.08718,0.08436,0.05283,0.12192,0.04884,0.05998,0.06291,0.06229,0.07310,0.04994,0.03637,0.05005,0.04421,0.05710
0.14768,0.09348,0.07937,0.04120,0.18659,0.03995,0.05346,0.04641,0.05345,0.06725,0.04010,0.02698,0.04214,0.03539,0.04654
0.14164,0.08548,0.07192,0.03864,0.17600,0.04242,0.05857,0.05152,0.05971,0.06850,0.04462,0.02763,0.04478,0.03752,0.05108
0.15036,0.08435,0.07349,0.04158,0.19264,0.03790,0.05202,0.04643,0.05722,0.07068,0.04114,0.02556,0.04097,0.03740,0.04827
0.14221,0.08805,0.07947,0.04592,0.17662,0.04075,0.05658,0.04923,0.05659,0.06219,0.04216,0.03249,0.04043,0.03952,0.04779
0.15227,0.09038,0.08356,0.04370,0.19014,0.03844,0.04958,0.05218,0.05162,0.06242,0.03867,0.02842,0.04022,0.03400,0.04440
0.14837,0.09507,0.08506,0.04756,0.18731,0.03643,0.05217,0.04622,0.05282,0.06014,0.04009,0.02877,0.04033,0.03446,0.04519
0.14618,0.10142,0.08537,0.04209,0.17499,0.04010,0.05075,0.04573,0.05330,0.06331,0.04386,0.02737,0.04294,0.03596,0.04665
0.17465,0.10162,0.08212,0.04161,0.23130,0.03336,0.04416,0.03996,0.04390,0.05244,0.03389,0.02257,0.03331,0.02726,0.03786
0.16142,0.09199,0.08183,0.04004,0.20047,0.03675,0.05004,0.04635,0.04718,0.05698,0.03706,0.02984,0.03901,0.03730,0.04373
0.16639,0.08887,0.08307,0.03987,0.21842,0.03393,0.04979,0.04324,0.04681,0.06008,0.03631,0.02560,0.03643,0.03184,0.03936
0.15511,0.08398,0.06883,0.03824,0.20012,0.03543,0.05629,0.04569,0.05717,0.07349,0.04260,0.02276,0.04197,0.03284,0.04545
0.13038,0.08129,0.06819,0.03872,0.15903,0.04700,0.06162,0.04851,0.06565,0.08451,0.04840,0.02768,0.04682,0.03828,0.05393
0.13504,0.09983,0.09422,0.05345,0.16905,0.03980,0.05416,0.05118,0.05285,0.05531,0.03972,0.03156,0.03870,0.03636,0.04878
0.17686,0.09638,0.07997,0.04060,0.23774,0.03362,0.04300,0.03923,0.04299,0.04884,0.03396,0.02489,0.03363,0.02998,0.03831
0.14417,0.11767,0.10800,0.05629,0.17500,0.03697,0.04262,0.04709,0.04466,0.05151,0.03590,0.02517,0.04053,0.03542,0.03900
0.16073,0.09836,0.08307,0.04675,0.18869,0.03825,0.04497,0.04618,0.05237,0.05839,0.03829,0.02629,0.03955,0.03539,0.04272
0.18308,0.10033,0.08615,0.04514,0.23686,0.03505,0.03798,0.04011,0.04047,0.04187,0.03271,0.02276,0.03251,0.02787,0.03712
0.14918,0.09987,0.09176,0.04621,0.18311,0.03796,0.04789,0.04504,0.04860,0.06029,0.04196,0.02771,0.03976,0.03673,0.04393
0.16638,0.08808,0.07875,0.04245,0.21483,0.03536,0.04916,0.04436,0.04869,0.05627,0.03702,0.02572,0.03778,0.03185,0.04331
0.15041,0.09144,0.08320,0.04522,0.19024,0.03669,0.05088,0.04768,0.05339,0.05705,0.04093,0.02886,0.03999,0.03699,0.04702
0.13525,0.08908,0.08523,0.04580,0.17027,0.04216,0.05233,0.05139,0.05632,0.06609,0.04634,0.03048,0.04284,0.03829,0.04813
0.20062,0.09514,0.06918,0.03581,0.26108,0.02971,0.03853,0.03695,0.04222,0.05136,0.03251,0.01851,0.02865,0.02595,0.03380
0.14018,0.08789,0.08283,0.04554,0.17644,0.04247,0.05246,0.05525,0.05485,0.05816,0.04355,0.03076,0.04515,0.03937,0.04510
0.15602,0.08844,0.07199,0.03654,0.20487,0.03573,0.05688,0.04251,0.05498,0.07535,0.04048,0.02310,0.03811,0.03069,0.04432
0.15658,0.09812,0.09114,0.04677,0.18406,0.03477,0.04807,0.04691,0.05123,0.06138,0.03821,0.02519,0.04016,0.03357,0.04384
0.10836,0.08099,0.07305,0.04423,0.12483,0.04932,0.06821,0.05973,0.06969,0.07952,0.05234,0.03747,0.05251,0.04499,0.05476
0.12817,0.08656,0.07962,0.04336,0.14268,0.04983,0.05746,0.05976,0.06202,0.06853,0.04304,0.03355,0.04780,0.04160,0.05603
0.16610,0.07429,0.05872,0.03470,0.21314,0.03846,0.05244,0.04809,0.05587,0.06487,0.04202,0.03010,0.04141,0.03414,0.04566
0.18105,0.07710,0.06288,0.03529,0.24571,0.03579,0.04679,0.04246,0.04529,0.04902,0.03656,0.02861,0.03867,0.03338,0.04140
0.12824,0.07968,0.07624,0.04044,0.16725,0.04551,0.05644,0.05615,0.06226,0.07051,0.04476,0.03251,0.04932,0.04226,0.04842
0.14129,0.08039,0.07495,0.04186,0.18768,0.03931,0.05630,0.04624,0.06045,0.07414,0.04539,0.02619,0.04202,0.03676,0.04702
0.13453,0.08892,0.09054,0.05210,0.15974,0.04537,0.05055,0.05017,0.05456,0.06288,0.04524,0.03222,0.04441,0.03746,0.05132
0.14348,0.08776,0.07413,0.04043,0.18241,0.03870,0.05403,0.04767,0.05478,0.07369,0.04311,0.02831,0.04217,0.04045,0.04889
0.14668,0.08105,0.06776,0.04020,0.19350,0.03906,0.05484,0.05282,0.05828,0.06711,0.04128,0.02756,0.04551,0.03731,0.04705
0.17165,0.08675,0.06797,0.03994,0.23182,0.03559,0.04655,0.04079,0.04711,0.05730,0.03777,0.02675,0.03638,0.03272,0.04093
0.12975,0.08250,0.07609,0.04567,0.16283,0.04267,0.05879,0.05257,0.06159,0.07132,0.04516,0.03083,0.04580,0.04133,0.05309
0.14397,0.08889,0.08058,0.04367,0.18124,0.03929,0.05214,0.05424,0.05420,0.05796,0.04348,0.03099,0.04322,0.03980,0.04633
0.21775,0.10455,0.08206,0.04101,0.29317,0.02299,0.02944,0.02884,0.03050,0.03563,0.02456,0.01875,0.02390,0.01922,0.02764
0.16670,0.09669,0.08794,0.04566,0.21329,0.03391,0.04434,0.03977,0.04974,0.05850,0.03554,0.02147,0.03489,0.03112,0.04044
0.16344,0.09674,0.08075,0.04344,0.20914,0.03426,0.04778,0.04017,0.05010,0.06399,0.03893,0.02293,0.03688,0.03068,0.04075
0.15555,0.11417,0.09286,0.05256,0.17501,0.03771,0.04428,0.04639,0.04699,0.05494,0.03627,0.02668,0.03953,0.03525,0.04180
0.13726,0.08325,0.07682,0.03892,0.17216,0.04070,0.05810,0.04459,0.06183,0.08278,0.04469,0.02662,0.04561,0.03558,0.05110
0.15156,0.08609,0.07758,0.04233,0.19656,0.04009,0.05271,0.04524,0.05225,0.06419,0.04003,0.02857,0.04104,0.03503,0.04672
0.14500,0.08616,0.07910,0.04317,0.17849,0.03641,0.05902,0.04142,0.06223,0.07638,0.04455,0.02353,0.04197,0.03375,0.04880
0.15086,0.08023,0.06615,0.03611,0.20326,0.03576,0.05893,0.04020,0.05911,0.08193,0.04192,0.02212,0.04290,0.03284,0.04768
0.19746,0.08997,0.06943,0.03895,0.26737,0.03181,0.03734,0.03738,0.04189,0.04734,0.03039,0.02285,0.02803,0.02632,0.03346
0.17232,0.09768,0.08690,0.04378,0.21810,0.03243,0.04713,0.03837,0.04829,0.05624,0.03411,0.02266,0.03448,0.02865,0.03885
0.17259,0.09957,0.08512,0.04180,0.21184,0.03387,0.04349,0.04162,0.04744,0.05313,0.03563,0.02460,0.03780,0.03279,0.03871
0.15680,0.08577,0.07249,0.04185,0.20074,0.03952,0.04980,0.05078,0.05081,0.05587,0.04110,0.03261,0.03842,0.03819,0.04524
0.13900,0.08295,0.07527,0.04415,0.17398,0.03991,0.05737,0.04736,0.05822,0.07730,0.04380,0.02757,0.04568,0.03790,0.04954
0.14275,0.09253,0.08651,0.04854,0.17252,0.04123,0.05097,0.04878,0.05079,0.06019,0.04113,0.03112,0.04358,0.04141,0.04793
0.16256,0.10609,0.09760,0.04740,0.20327,0.03500,0.04023,0.04325,0.04403,0.04743,0.03706,0.02688,0.03443,0.03305,0.04172
0.17099,0.08347,0.06582,0.03840,0.23267,0.03117,0.05499,0.03476,0.05155,0.07021,0.04153,0.01842,0.03703,0.02894,0.04005
0.12487,0.08280,0.07724,0.04404,0.15118,0.05048,0.05830,0.05881,0.05676,0.06800,0.04824,0.03788,0.04624,0.04291,0.05225
0.16038,0.09202,0.07896,0.04168,0.20526,0.03732,0.04983,0.04178,0.05162,0.06048,0.04020,0.02583,0.03839,0.03413,0.04213
0.13322,0.08333,0.07995,0.04388,0.16771,0.04296,0.05555,0.05381,0.05973,0.07115,0.04543,0.02805,0.04497,0.03913,0.05114
0.15232,0.08843,0.07901,0.04171,0.19790,0.03840,0.05039,0.04459,0.05610,0.06776,0.04138,0.02095,0.03957,0.03296,0.04853
0.16541,0.09408,0.07985,0.04208,0.21522,0.03492,0.04840,0.04426,0.04738,0.05519,0.03720,0.02527,0.03792,0.03253,0.04030
0.12255,0.07840,0.07427,0.04732,0.15381,0.04654,0.06435,0.05413,0.05954,0.07115,0.04849,0.03537,0.04816,0.04094,0.05497
0.16964,0.08152,0.06176,0.03381,0.21825,0.03582,0.05315,0.04372,0.05428,0.07292,0.03748,0.02340,0.03596,0.03306,0.04523
0.19751,0.07684,0.05528,0.02955,0.26344,0.03119,0.04719,0.03651,0.04784,0.06269,0.03324,0.01810,0.03553,0.02825,0.03683
