0.03710,0.03780,0.29141,0.03574,0.05375,0.03954,0.06452,0.03958,0.02824,0.01973,0.04106,0.01833,0.02661,0.02497,0.11961,0.02022,0.02892,0.03338,0.01782,0.02165
0.02976,0.02649,0.01845,0.01797,0.03138,0.01396,0.03971,0.04393,0.03284,0.23056,0.02114,0.31301,0.01430,0.02646,0.02320,0.02930,0.01426,0.01187,0.02764,0.03376
0.02328,0.14073,0.06328,0.02285,0.05002,0.18607,0.04635,0.03723,0.03071,0.04483,0.02877,0.04804,0.01785,0.02520,0.02426,0.03755,0.11100,0.01893,0.01763,0.02540
0.06024,0.03245,0.02225,0.01771,0.02800,0.01327,0.04876,0.06741,0.03075,0.40045,0.03981,0.05852,0.01936,0.02661,0.02115,0.02087,0.01420,0.02265,0.02713,0.02838
0.02265,0.01578,0.17353,0.05918,0.01182,0.01429,0.04819,0.01069,0.02376,0.01794,0.01314,0.04857,0.02335,0.01285,0.02444,0.01353,0.42652,0.01672,0.00994,0.01309
0.03118,0.02779,0.08280,0.04380,0.02652,0.38081,0.03948,0.02131,0.02461,0.05874,0.01737,0.04097,0.02036,0.02621,0.02920,0.02258,0.03670,0.02166,0.01807,0.02987
0.02766,0.06244,0.20747,0.02725,0.06173,0.02049,0.06990,0.05167,0.03753,0.02076,0.04700,0.05836,0.02239,0.03302,0.03807,0.03832,0.10640,0.02012,0.02304,0.02638
0.02311,0.05353,0.03083,0.25457,0.04488,0.07543,0.02345,0.02403,0.02925,0.02076,0.01975,0.05717,0.01198,0.02607,0.01683,0.03067,0.11931,0.02812,0.01132,0.09894
0.12791,0.03194,0.04279,0.07593,0.04334,0.02822,0.04356,0.06035,0.02915,0.02939,0.03309,0.03387,0.02446,0.12939,0.02349,0.02442,0.08626,0.03915,0.02653,0.06673
0.16933,0.04968,0.03656,0.05701,0.03549,0.03858,0.13254,0.04433,0.03528,0.02146,0.04548,0.04417,0.03078,0.05911,0.03576,0.02825,0.01994,0.03859,0.03419,0.04345
0.03742,0.10585,0.03170,0.02046,0.02843,0.02223,0.03319,0.02682,0.10360,0.11382,0.05027,0.18012,0.01146,0.02222,0.02415,0.05298,0.03540,0.01888,0.03344,0.04757
0.02808,0.05888,0.05373,0.05040,0.06714,0.04538,0.02624,0.04549,0.02611,0.04138,0.04149,0.07075,0.01081,0.07063,0.02887,0.03779,0.06104,0.04329,0.02311,0.16937
0.07555,0.02631,0.08316,0.02863,0.13169,0.03456,0.05894,0.06951,0.04824,0.07220,0.03475,0.02557,0.01384,0.02915,0.02368,0.07064,0.04845,0.01959,0.06276,0.04278
0.04489,0.03490,0.06073,0.01445,0.13447,0.02755,0.12474,0.10332,0.02168,0.05939,0.04709,0.02353,0.07090,0.02262,0.08436,0.02745,0.01083,0.01718,0.03198,0.03792
0.02129,0.10397,0.07813,0.02988,0.14049,0.13286,0.03510,0.03436,0.03916,0.02388,0.03496,0.03233,0.01581,0.04312,0.03189,0.08395,0.04284,0.01781,0.01754,0.04062
0.01887,0.12542,0.04867,0.03496,0.04072,0.16402,0.02155,0.02033,0.04552,0.02743,0.02499,0.05327,0.00923,0.04018,0.02819,0.04358,0.05424,0.01623,0.01178,0.17082
0.02180,0.04978,0.22670,0.02470,0.05983,0.09405,0.04628,0.03898,0.01834,0.04728,0.03029,0.04446,0.01483,0.02684,0.13071,0.02644,0.02165,0.01903,0.01535,0.04266
0.02880,0.04995,0.27620,0.01834,0.05217,0.03498,0.05650,0.04480,0.01900,0.03795,0.06368,0.02170,0.02600,0.02421,0.13076,0.02271,0.01704,0.02574,0.02038,0.02910
0.03304,0.16018,0.02709,0.03891,0.02363,0.16267,0.03940,0.01854,0.07784,0.05649,0.03235,0.08834,0.01329,0.04683,0.02029,0.02974,0.01726,0.02967,0.02169,0.06276
0.03628,0.03176,0.15168,0.07415,0.03490,0.02942,0.04146,0.02743,0.05507,0.05427,0.03616,0.05734,0.01540,0.03634,0.18181,0.03423,0.02704,0.02215,0.01691,0.03621
0.03586,0.05869,0.10508,0.05406,0.06089,0.04635,0.04841,0.03712,0.05844,0.04049,0.04775,0.06858,0.01866,0.04071,0.02687,0.06971,0.10546,0.02293,0.02848,0.02545
0.02370,0.07076,0.11405,0.02092,0.02898,0.08901,0.03351,0.01526,0.04112,0.07060,0.03559,0.04412,0.01004,0.02251,0.01781,0.02375,0.26400,0.02864,0.02023,0.02539
0.12845,0.03496,0.04295,0.02388,0.04745,0.13820,0.05047,0.09265,0.01765,0.07898,0.02302,0.02551,0.05326,0.02842,0.08609,0.01556,0.00844,0.02466,0.03844,0.04097
0.06690,0.02652,0.10340,0.03858,0.04806,0.03009,0.06220,0.03845,0.02641,0.07006,0.03377,0.03771,0.02448,0.08065,0.09952,0.02937,0.02078,0.03377,0.05252,0.07676
0.02186,0.04778,0.21227,0.01797,0.04483,0.03880,0.04415,0.02425,0.04017,0.04505,0.04135,0.02592,0.01342,0.03250,0.02724,0.03857,0.20814,0.02557,0.02538,0.02477
0.03016,0.03190,0.20041,0.02679,0.04334,0.05838,0.02863,0.04136,0.01456,0.07321,0.03669,0.03543,0.01586,0.04484,0.18026,0.01247,0.01615,0.02505,0.02227,0.06225
0.02076,0.08802,0.01564,0.02004,0.03384,0.04715,0.02633,0.02471,0.09645,0.34270,0.01987,0.07236,0.00996,0.02557,0.01698,0.05548,0.01064,0.01325,0.01766,0.04260
0.03850,0.10310,0.02252,0.01631,0.03905,0.02440,0.03761,0.03563,0.04990,0.27831,0.05776,0.06602,0.01443,0.03593,0.01933,0.04173,0.02174,0.02129,0.03533,0.04113
0.02541,0.22742,0.01946,0.02934,0.11905,0.16190,0.02728,0.06720,0.03328,0.02368,0.03167,0.03147,0.01590,0.02976,0.02134,0.04234,0.01241,0.01931,0.01465,0.04713
0.01853,0.03243,0.04856,0.01580,0.43476,0.01892,0.03792,0.10260,0.02511,0.01553,0.03100,0.01498,0.03028,0.02349,0.04359,0.04697,0.01705,0.01162,0.01041,0.02045
0.03920,0.02971,0.09747,0.12357,0.04306,0.18746,0.02988,0.02377,0.02461,0.04447,0.03446,0.02323,0.01277,0.04795,0.05846,0.03837,0.02809,0.05936,0.01645,0.03765
0.03278,0.02621,0.06299,0.21900,0.02484,0.04792,0.03691,0.01803,0.06493,0.02508,0.02394,0.07506,0.01106,0.02369,0.01577,0.05758,0.09254,0.03610,0.01711,0.08846
0.01829,0.01740,0.05147,0.01263,0.01632,0.01206,0.03271,0.02391,0.01389,0.30893,0.01839,0.25119,0.00861,0.02755,0.03513,0.01729,0.05986,0.01537,0.01608,0.04291
0.04671,0.03240,0.20645,0.04295,0.03555,0.02113,0.06038,0.02481,0.04062,0.02540,0.07046,0.03953,0.01676,0.05265,0.02905,0.02293,0.12336,0.04636,0.02526,0.03723
0.04499,0.12091,0.02383,0.04039,0.04747,0.29681,0.02911,0.03306,0.03822,0.02511,0.02933,0.03087,0.01447,0.05202,0.02213,0.04197,0.01827,0.01984,0.02181,0.04939
0.05204,0.09978,0.02939,0.01549,0.07919,0.02459,0.06265,0.16079,0.03942,0.01860,0.04790,0.01463,0.05774,0.09262,0.07928,0.03040,0.01495,0.01761,0.02080,0.04212
0.03119,0.03813,0.09872,0.06026,0.03823,0.07736,0.03912,0.02173,0.05029,0.14072,0.03038,0.11080,0.01201,0.02449,0.02497,0.04605,0.02994,0.02717,0.02902,0.06944
0.02394,0.01995,0.16748,0.02895,0.02523,0.01829,0.02197,0.02483,0.01285,0.04968,0.02270,0.04592,0.01104,0.02781,0.37322,0.01278,0.01363,0.01548,0.01731,0.06696
0.03395,0.04085,0.09872,0.02264,0.07607,0.05332,0.04906,0.05577,0.02418,0.04662,0.03584,0.02114,0.01394,0.03429,0.26307,0.03012,0.01581,0.02115,0.02171,0.04175
0.02655,0.04170,0.05117,0.01838,0.03311,0.02393,0.05932,0.02785,0.02062,0.34626,0.03077,0.13777,0.01687,0.01573,0.03573,0.01730,0.02097,0.01677,0.02483,0.03437
0.19788,0.08289,0.01590,0.12621,0.02829,0.04392,0.03258,0.02879,0.08657,0.03925,0.03160,0.06942,0.04434,0.05070,0.02447,0.02204,0.00859,0.01831,0.02284,0.02541
0.03174,0.06371,0.07116,0.01880,0.05155,0.04169,0.02726,0.07585,0.03181,0.26835,0.03694,0.04146,0.01212,0.02041,0.03431,0.05344,0.04076,0.02450,0.02614,0.02799
0.15077,0.04454,0.03916,0.03960,0.03251,0.00934,0.06962,0.05811,0.04755,0.01050,0.05800,0.02062,0.12588,0.03312,0.16562,0.01637,0.01400,0.02074,0.01866,0.02528
0.02359,0.08495,0.30879,0.02933,0.03357,0.04032,0.04830,0.02694,0.03289,0.02172,0.01979,0.05173,0.01613,0.02024,0.04142,0.02311,0.12951,0.01614,0.01152,0.02001
0.02750,0.03756,0.01436,0.03844,0.29693,0.01218,0.02570,0.26213,0.02929,0.01191,0.02116,0.05104,0.01601,0.04438,0.02198,0.03004,0.01013,0.01011,0.01168,0.02746
0.02805,0.22211,0.04152,0.02629,0.07152,0.08464,0.02957,0.03784,0.03007,0.05709,0.03929,0.05068,0.01070,0.03773,0.03984,0.09651,0.02244,0.01787,0.01925,0.03700
0.03606,0.03711,0.12135,0.01539,0.03826,0.02094,0.06630,0.04896,0.02160,0.18636,0.02921,0.03476,0.01544,0.03093,0.12568,0.02633,0.03753,0.02623,0.02991,0.05165
0.04206,0.03288,0.07802,0.02236,0.03580,0.03533,0.04116,0.04879,0.02509,0.14111,0.05376,0.02203,0.01483,0.02383,0.21676,0.01983,0.01288,0.06622,0.02334,0.04393
0.03316,0.15763,0.01574,0.14631,0.07506,0.13823,0.02463,0.03756,0.04168,0.02683,0.02091,0.12455,0.01864,0.01860,0.01296,0.03246,0.01150,0.01894,0.01359,0.03102
0.03446,0.06518,0.01892,0.02412,0.11790,0.01760,0.04544,0.41260,0.03166,0.01131,0.02413,0.01837,0.03948,0.03089,0.02881,0.02077,0.01213,0.01205,0.01477,0.01942
0.02444,0.02906,0.40813,0.03772,0.01690,0.04138,0.04097,0.01284,0.03011,0.07020,0.01769,0.08535,0.01227,0.01241,0.03726,0.02709,0.04727,0.01692,0.01261,0.01938
0.07677,0.03416,0.06921,0.03214,0.04614,0.02808,0.03377,0.05725,0.03380,0.02301,0.04157,0.01410,0.02308,0.05594,0.29650,0.02327,0.01660,0.03196,0.01701,0.04563
0.10003,0.02352,0.08196,0.04298,0.03578,0.01778,0.03618,0.03743,0.02219,0.02323,0.05193,0.01620,0.01527,0.18568,0.14781,0.02028,0.01693,0.03008,0.02476,0.06999
0.01753,0.08554,0.04187,0.01120,0.06127,0.04901,0.04498,0.03410,0.02197,0.22826,0.03059,0.05183,0.00976,0.03889,0.04938,0.03976,0.02411,0.02340,0.03233,0.10423
0.10043,0.05386,0.04103,0.02563,0.01772,0.01612,0.21800,0.02432,0.06787,0.03292,0.03492,0.02809,0.10351,0.02118,0.11110,0.01398,0.01554,0.03269,0.02242,0.01866
0.01311,0.10213,0.02524,0.02190,0.05683,0.31290,0.01716,0.02088,0.02231,0.07548,0.01831,0.08036,0.00567,0.02350,0.02360,0.06309,0.02062,0.01345,0.01129,0.07216
0.04142,0.04848,0.06894,0.02838,0.05119,0.02452,0.05599,0.04254,0.03356,0.12345,0.04530,0.18097,0.01410,0.02929,0.03978,0.02547,0.03361,0.04087,0.04185,0.03030
0.02204,0.03122,0.02162,0.03623,0.03760,0.03135,0.01861,0.03032,0.03711,0.02285,0.01736,0.06923,0.00900,0.02400,0.01312,0.03688,0.03526,0.02038,0.01441,0.47142
0.02712,0.03556,0.21950,0.02591,0.04360,0.07682,0.03739,0.03606,0.02268,0.10039,0.02558,0.03623,0.01802,0.02577,0.14871,0.01892,0.02470,0.02253,0.01762,0.03688
0.08369,0.04979,0.05671,0.07552,0.03823,0.16700,0.05263,0.04188,0.05327,0.03908,0.02707,0.03632,0.04614,0.03372,0.02474,0.03585,0.06245,0.02609,0.02179,0.02803
0.01778,0.04740,0.02902,0.01269,0.02816,0.02321,0.08751,0.03467,0.01949,0.40842,0.02778,0.10119,0.01238,0.01559,0.01631,0.01897,0.01823,0.01550,0.02594,0.03978
0.03649,0.04201,0.05975,0.01796,0.06856,0.20261,0.04291,0.04773,0.02427,0.13274,0.03103,0.01896,0.01674,0.04718,0.04432,0.04069,0.02519,0.03146,0.03001,0.03939
0.05718,0.19995,0.01998,0.06077,0.03594,0.05078,0.04934,0.03312,0.15116,0.03626,0.02305,0.05926,0.04096,0.03357,0.02248,0.03718,0.01414,0.01757,0.01762,0.03969
0.09484,0.02855,0.08759,0.05453,0.03964,0.01988,0.05375,0.03644,0.08844,0.04983,0.03943,0.04599,0.01875,0.05042,0.06648,0.03583,0.04470,0.03210,0.05350,0.05930
0.08233,0.06704,0.20878,0.04392,0.04308,0.08211,0.03609,0.09295,0.02252,0.02799,0.01940,0.03603,0.02479,0.02036,0.05227,0.01735,0.04916,0.02675,0.02031,0.02679
0.06075,0.13322,0.03042,0.01759,0.04127,0.18293,0.05757,0.09280,0.02413,0.05547,0.04755,0.02577,0.03129,0.03283,0.03140,0.02771,0.01274,0.03202,0.03149,0.03103
0.02705,0.02544,0.04963,0.01547,0.03942,0.02428,0.07531,0.02461,0.01995,0.02449,0.02322,0.01526,0.03814,0.01586,0.51132,0.01835,0.00908,0.01403,0.01650,0.01260
0.05636,0.01924,0.02509,0.02455,0.02115,0.01168,0.05919,0.02921,0.15009,0.30435,0.02312,0.04330,0.02287,0.03079,0.03370,0.02878,0.01871,0.01738,0.06057,0.01988
0.07882,0.05114,0.06812,0.15658,0.05513,0.01828,0.07694,0.04712,0.06622,0.01513,0.03722,0.05017,0.03779,0.03668,0.06904,0.02824,0.03419,0.02519,0.02261,0.02540
0.06984,0.06160,0.05292,0.05154,0.04297,0.02624,0.08931,0.05642,0.11254,0.02789,0.03381,0.04665,0.06237,0.02803,0.09748,0.03217,0.02652,0.02556,0.02677,0.02937
0.03815,0.03226,0.08105,0.03254,0.04204,0.03887,0.25617,0.02990,0.02170,0.04082,0.03252,0.04403,0.07491,0.02489,0.09325,0.02003,0.01421,0.03385,0.02043,0.02837
0.01415,0.04823,0.33683,0.01505,0.02338,0.12211,0.05967,0.01581,0.03386,0.05623,0.01931,0.03500,0.01172,0.01505,0.03074,0.02467,0.09064,0.01431,0.01573,0.01754
0.04829,0.03307,0.03063,0.02051,0.04063,0.01485,0.04470,0.08117,0.02259,0.37468,0.02039,0.07071,0.02008,0.02308,0.03988,0.02229,0.01747,0.01592,0.02639,0.03266
0.51434,0.02712,0.03059,0.04957,0.02578,0.01857,0.03093,0.03425,0.02931,0.01763,0.01624,0.03181,0.01812,0.03333,0.03558,0.02036,0.02036,0.01087,0.01644,0.01882
0.06897,0.02683,0.04007,0.02305,0.02697,0.01312,0.04992,0.03208,0.03747,0.35825,0.04408,0.06356,0.03210,0.02979,0.03431,0.02125,0.01827,0.02168,0.03667,0.02156
0.02505,0.01697,0.02312,0.01741,0.01889,0.01087,0.04353,0.01914,0.01853,0.32847,0.01772,0.35311,0.01479,0.00981,0.01490,0.01335,0.00996,0.00896,0.01869,0.01676
0.03528,0.02126,0.27857,0.02164,0.02319,0.01714,0.05136,0.02425,0.02120,0.02629,0.02251,0.02060,0.02164,0.02191,0.29275,0.01616,0.03481,0.01521,0.01455,0.01968
0.01860,0.02686,0.16335,0.05108,0.03719,0.02236,0.03866,0.01879,0.03156,0.01926,0.01640,0.10858,0.01280,0.01437,0.02707,0.02484,0.31268,0.01607,0.01337,0.02611
0.03672,0.04481,0.05244,0.03613,0.05825,0.02043,0.11469,0.05260,0.10344,0.01692,0.03772,0.02718,0.16979,0.02972,0.03759,0.04149,0.04765,0.01871,0.02423,0.02950
0.02580,0.02696,0.26295,0.20140,0.01699,0.07542,0.05710,0.01082,0.02023,0.02874,0.01868,0.10597,0.02075,0.01040,0.03042,0.01600,0.01659,0.02929,0.01126,0.01421
0.02651,0.03622,0.10767,0.09733,0.02652,0.01878,0.08141,0.01712,0.13151,0.01700,0.03453,0.09645,0.02175,0.03245,0.02874,0.04312,0.10886,0.02598,0.02633,0.02171
0.09872,0.02715,0.06696,0.03343,0.03941,0.01583,0.07188,0.05932,0.01625,0.08490,0.07679,0.11856,0.03166,0.03346,0.07376,0.01272,0.01369,0.02767,0.04910,0.04872
0.02699,0.02502,0.23480,0.01636,0.02415,0.01628,0.14345,0.02771,0.01750,0.04036,0.02437,0.03078,0.03816,0.01690,0.22789,0.01596,0.02315,0.01414,0.01674,0.01927
0.10835,0.03399,0.08444,0.02773,0.04609,0.02887,0.07750,0.05127,0.03790,0.09251,0.04280,0.02799,0.03787,0.04445,0.06338,0.03196,0.04140,0.04432,0.04983,0.02733
0.02195,0.02848,0.14788,0.01778,0.03055,0.10336,0.02535,0.01849,0.01474,0.35437,0.02871,0.01631,0.01044,0.03348,0.04880,0.01451,0.01445,0.01877,0.01716,0.03443
0.05316,0.07742,0.02347,0.01715,0.02565,0.02209,0.03968,0.03038,0.02418,0.42598,0.03440,0.07686,0.01791,0.01904,0.02109,0.01954,0.01139,0.01050,0.02590,0.02424
0.01886,0.05912,0.09748,0.01914,0.14508,0.03036,0.18368,0.06317,0.03541,0.01299,0.03144,0.01807,0.06399,0.02402,0.06759,0.02877,0.05054,0.01392,0.01217,0.02420
0.02106,0.03702,0.07689,0.01637,0.39733,0.02228,0.02790,0.08943,0.02046,0.01790,0.02334,0.01714,0.01452,0.02266,0.06494,0.03240,0.02564,0.01225,0.01243,0.04803
0.04673,0.01888,0.28450,0.02860,0.04505,0.01489,0.07619,0.03804,0.01704,0.05858,0.05823,0.02405,0.02610,0.03105,0.10702,0.01936,0.01718,0.02804,0.03400,0.02648
0.02144,0.06133,0.06350,0.00951,0.30266,0.09517,0.03161,0.07357,0.02248,0.02052,0.03754,0.00964,0.01828,0.03659,0.06176,0.05484,0.01779,0.01395,0.01519,0.03262
0.07380,0.02222,0.05596,0.02617,0.03260,0.17352,0.11872,0.02581,0.02579,0.06157,0.03510,0.01536,0.12970,0.02822,0.03061,0.01633,0.01255,0.04922,0.04476,0.02199
0.21951,0.04170,0.08469,0.05944,0.03313,0.02072,0.04605,0.04353,0.07410,0.01245,0.03552,0.01473,0.06620,0.01792,0.11786,0.01934,0.01951,0.03409,0.01822,0.02129
0.02163,0.04116,0.06511,0.01645,0.35731,0.03847,0.03251,0.12922,0.02207,0.02346,0.02594,0.01583,0.01893,0.02180,0.07312,0.02412,0.01819,0.01470,0.01422,0.02575
0.08869,0.04530,0.04802,0.14054,0.03158,0.01827,0.07377,0.03080,0.07664,0.01129,0.03094,0.02600,0.18827,0.02871,0.05020,0.02706,0.03153,0.01821,0.01402,0.02015
0.05031,0.02225,0.07932,0.02054,0.03279,0.01506,0.06123,0.04064,0.02033,0.01681,0.01836,0.01446,0.03761,0.01923,0.46698,0.01762,0.01445,0.01793,0.01628,0.01783
0.02102,0.09678,0.03749,0.01747,0.03724,0.38746,0.01638,0.04891,0.02151,0.03687,0.01950,0.01781,0.00902,0.02601,0.07892,0.03554,0.01367,0.01690,0.01157,0.04993
0.02893,0.04494,0.07416,0.02788,0.02389,0.03026,0.06155,0.02154,0.02170,0.01191,0.01293,0.03425,0.01454,0.01103,0.01520,0.01186,0.50495,0.01588,0.01448,0.01814
0.02069,0.04065,0.11452,0.01186,0.13276,0.02592,0.03258,0.10927,0.01596,0.07241,0.05996,0.01848,0.01245,0.02561,0.18462,0.02024,0.01354,0.02123,0.02335,0.04391
0.03958,0.03022,0.03280,0.01585,0.02722,0.27248,0.02520,0.02421,0.03129,0.10626,0.03301,0.00972,0.00862,0.05082,0.05085,0.02785,0.01208,0.12136,0.03266,0.04790
0.03959,0.03480,0.04551,0.02321,0.05241,0.01702,0.03824,0.04343,0.02757,0.02049,0.07984,0.01833,0.01135,0.31940,0.02260,0.03132,0.06669,0.02915,0.02703,0.05202
