0.02635,0.05798,0.05138,0.01775,0.18833,0.03774,0.04731,0.19992,0.01852,0.07562,0.02847,0.05939,0.02839,0.02946,0.03703,0.02360,0.01032,0.01617,0.01491,0.03136
0.01909,0.03455,0.09125,0.02043,0.04562,0.03970,0.04675,0.03317,0.03301,0.18497,0.03179,0.17014,0.01394,0.04181,0.07391,0.02517,0.02196,0.02128,0.01893,0.03251
0.03574,0.18113,0.05373,0.02030,0.06228,0.21406,0.03379,0.04916,0.02592,0.02577,0.01675,0.02489,0.02526,0.03961,0.05245,0.02170,0.04420,0.02384,0.01932,0.03009
0.03262,0.16762,0.03304,0.05103,0.04197,0.22888,0.03096,0.02432,0.03347,0.04475,0.02638,0.04706,0.01506,0.06132,0.02285,0.01915,0.02516,0.02810,0.02252,0.04374
0.02847,0.02900,0.18185,0.03081,0.03740,0.03480,0.05819,0.04959,0.03072,0.06760,0.03928,0.04691,0.01716,0.02458,0.18111,0.02613,0.02816,0.02052,0.02981,0.03791
0.07256,0.04704,0.08112,0.06848,0.04072,0.02945,0.08777,0.02557,0.08115,0.02327,0.04984,0.04018,0.09779,0.04247,0.04673,0.03036,0.04184,0.03645,0.02112,0.03607
0.03614,0.03482,0.06756,0.02675,0.03260,0.03504,0.07644,0.03272,0.05086,0.07568,0.04941,0.13240,0.01820,0.04252,0.02778,0.03776,0.05653,0.02193,0.06259,0.08227
0.07770,0.09987,0.10947,0.05363,0.05873,0.10401,0.03722,0.03133,0.03788,0.05301,0.03378,0.03695,0.02065,0.03350,0.05309,0.02768,0.03666,0.04413,0.02109,0.02961
0.03236,0.05167,0.08304,0.03414,0.05085,0.11123,0.04706,0.02910,0.03319,0.12019,0.03537,0.05036,0.01336,0.05750,0.04844,0.05972,0.03117,0.05227,0.03009,0.02890
0.17239,0.03472,0.03436,0.11716,0.05888,0.02515,0.10213,0.03658,0.03953,0.02121,0.05042,0.05119,0.04284,0.03121,0.03466,0.02597,0.02247,0.02668,0.03261,0.03982
0.03680,0.03212,0.02069,0.03521,0.03234,0.01856,0.04660,0.04281,0.08303,0.11501,0.03959,0.19495,0.01952,0.02336,0.01659,0.06050,0.02179,0.01413,0.11222,0.03419
0.07535,0.06890,0.04969,0.03818,0.10529,0.04419,0.03122,0.06973,0.02266,0.03853,0.09278,0.02513,0.02535,0.07723,0.03936,0.04237,0.03054,0.02132,0.04712,0.05506
0.15966,0.05508,0.05102,0.15040,0.03173,0.02589,0.05148,0.03288,0.05820,0.04028,0.02166,0.06500,0.04778,0.03160,0.05148,0.02446,0.01335,0.02733,0.02589,0.03482
0.10646,0.02695,0.03310,0.05188,0.01558,0.02761,0.06022,0.02130,0.02905,0.18082,0.02745,0.15517,0.02307,0.06048,0.02780,0.01969,0.01409,0.01784,0.02175,0.07969
0.02939,0.04097,0.03115,0.03115,0.02505,0.03935,0.01922,0.02641,0.04512,0.21507,0.02713,0.23581,0.01191,0.03665,0.02402,0.02826,0.03428,0.01681,0.02396,0.05830
0.03547,0.10685,0.02947,0.03870,0.05185,0.15903,0.07298,0.03530,0.04253,0.06623,0.06452,0.06297,0.03441,0.03637,0.01973,0.02163,0.01691,0.03991,0.03453,0.03062
0.06135,0.02237,0.07256,0.04060,0.10862,0.02139,0.15511,0.07595,0.02236,0.03806,0.03382,0.04975,0.07271,0.02643,0.03386,0.04594,0.04772,0.02332,0.01866,0.02942
0.03752,0.10335,0.04675,0.07804,0.05574,0.16066,0.06458,0.04090,0.02406,0.06190,0.02453,0.06216,0.02400,0.03226,0.02005,0.03215,0.04499,0.01415,0.01404,0.05816
0.07424,0.06098,0.09554,0.04491,0.04904,0.02266,0.07688,0.05628,0.04261,0.03629,0.03702,0.03289,0.04328,0.06559,0.03250,0.02591,0.07941,0.02904,0.03923,0.05570
0.06507,0.08818,0.11884,0.03767,0.05237,0.07021,0.05380,0.04303,0.05138,0.02666,0.04235,0.03022,0.04249,0.04624,0.04254,0.04189,0.06284,0.02911,0.02251,0.03262
0.07168,0.03806,0.17954,0.02905,0.02063,0.03314,0.13027,0.03384,0.02577,0.03253,0.02284,0.02232,0.06444,0.03027,0.04028,0.01511,0.11667,0.03029,0.02938,0.03389
0.19267,0.05869,0.03873,0.08809,0.02403,0.02926,0.04853,0.05459,0.10133,0.04056,0.02609,0.03317,0.04412,0.02045,0.04644,0.02068,0.02419,0.04102,0.02660,0.04075
0.03459,0.03583,0.05559,0.02220,0.12947,0.03436,0.08484,0.05377,0.04509,0.02674,0.12187,0.02446,0.03189,0.06125,0.03093,0.06312,0.02281,0.04571,0.03851,0.03697
0.03282,0.03406,0.05905,0.03051,0.05316,0.18943,0.04267,0.04686,0.03444,0.20253,0.02650,0.04432,0.01907,0.03537,0.04043,0.02278,0.02127,0.02001,0.01401,0.03071
0.04206,0.21526,0.02475,0.02191,0.05103,0.25888,0.02520,0.03125,0.02981,0.05229,0.04077,0.03231,0.02064,0.03200,0.02108,0.02880,0.01409,0.01535,0.01836,0.02417
0.04459,0.02478,0.26377,0.02012,0.04605,0.02187,0.03121,0.04912,0.01898,0.01499,0.03445,0.02384,0.01288,0.02586,0.01770,0.03205,0.21656,0.01598,0.01537,0.06983
0.04049,0.10792,0.02661,0.03048,0.05753,0.18330,0.04252,0.06716,0.02966,0.10095,0.02782,0.02378,0.01199,0.04476,0.02291,0.06790,0.02563,0.03140,0.02304,0.03415
0.04519,0.06819,0.04605,0.04381,0.05746,0.04162,0.06063,0.04095,0.04902,0.07633,0.06077,0.06940,0.03568,0.05396,0.05564,0.03284,0.04989,0.03668,0.02292,0.05298
0.08247,0.10508,0.02825,0.11495,0.05086,0.12954,0.05111,0.04671,0.03650,0.02411,0.02772,0.10538,0.03216,0.02303,0.02041,0.02635,0.02960,0.01386,0.01316,0.03873
0.03071,0.03033,0.22165,0.05398,0.03385,0.03920,0.04611,0.01811,0.03604,0.06442,0.02496,0.04470,0.01502,0.02562,0.03657,0.04348,0.17076,0.01650,0.01495,0.03303
0.04551,0.15306,0.06082,0.05868,0.04962,0.16474,0.05149,0.02539,0.04784,0.03562,0.02802,0.03811,0.01870,0.01988,0.03830,0.02097,0.05303,0.03630,0.03213,0.02180
0.02265,0.03973,0.20184,0.03140,0.05657,0.02318,0.04428,0.03670,0.03481,0.02914,0.06687,0.04963,0.01513,0.03141,0.01574,0.04721,0.16366,0.02623,0.02273,0.04107
0.08358,0.06768,0.12076,0.04960,0.05159,0.03685,0.06993,0.03793,0.02646,0.04347,0.03247,0.05109,0.03573,0.02425,0.08780,0.03444,0.02576,0.05185,0.02490,0.04386
0.04508,0.08342,0.04693,0.05060,0.12523,0.05707,0.04031,0.12102,0.04827,0.02342,0.03963,0.02276,0.06612,0.05471,0.05250,0.02574,0.01928,0.02236,0.02422,0.03133
0.02631,0.05473,0.07390,0.02695,0.05772,0.05119,0.06147,0.05399,0.03356,0.12600,0.04960,0.13410,0.01725,0.03560,0.05215,0.02921,0.03712,0.03250,0.02033,0.02633
0.15420,0.10725,0.04163,0.09214,0.02917,0.07344,0.04106,0.05365,0.05232,0.03365,0.02868,0.02710,0.03925,0.03183,0.06422,0.02146,0.02072,0.03023,0.02099,0.03702
0.05487,0.02002,0.09328,0.03027,0.02593,0.02777,0.09119,0.04409,0.02932,0.11632,0.03485,0.10676,0.05869,0.05438,0.05076,0.01856,0.03288,0.03183,0.03486,0.04338
0.03502,0.12806,0.05646,0.06793,0.05964,0.11868,0.03344,0.06478,0.02720,0.04161,0.03259,0.06644,0.01644,0.05275,0.03393,0.02159,0.03110,0.05135,0.02929,0.03169
0.05433,0.07723,0.03728,0.09863,0.06289,0.03139,0.05643,0.08777,0.05675,0.01929,0.03371,0.02885,0.06230,0.06550,0.04090,0.04033,0.05633,0.02741,0.02012,0.04258
0.09415,0.03951,0.15930,0.02677,0.04938,0.02762,0.04334,0.04708,0.02774,0.02159,0.04418,0.02209,0.02722,0.04708,0.16305,0.02106,0.01897,0.03035,0.04675,0.04277
0.05562,0.03969,0.14020,0.03380,0.04600,0.11296,0.05599,0.03283,0.02680,0.10318,0.03171,0.03427,0.01813,0.03054,0.11426,0.03094,0.02869,0.01568,0.01845,0.03024
0.02158,0.03709,0.05216,0.02106,0.04753,0.02718,0.05828,0.03550,0.03574,0.21515,0.02092,0.23945,0.01697,0.02481,0.03049,0.01604,0.01933,0.02383,0.03639,0.02051
0.05340,0.06229,0.05275,0.02287,0.08947,0.07399,0.05605,0.07505,0.04675,0.04414,0.05289,0.01968,0.02237,0.09078,0.03353,0.02506,0.05390,0.05402,0.02365,0.04734
0.11013,0.08648,0.04345,0.03960,0.04638,0.01967,0.05635,0.05152,0.06576,0.02064,0.08029,0.04483,0.06162,0.04927,0.05131,0.02988,0.04354,0.02591,0.03297,0.04041
0.06323,0.07684,0.06088,0.02999,0.03754,0.15161,0.03509,0.02073,0.02646,0.14768,0.03780,0.07161,0.02282,0.03611,0.02880,0.02138,0.04009,0.02975,0.02838,0.03322
0.06753,0.17514,0.02551,0.02752,0.04291,0.17908,0.04847,0.03334,0.03014,0.06228,0.02265,0.05188,0.02410,0.04749,0.02226,0.02567,0.02828,0.02812,0.02193,0.03570
0.05429,0.05986,0.14050,0.03731,0.04729,0.04822,0.04451,0.02913,0.04987,0.06720,0.03720,0.06545,0.02456,0.04783,0.11975,0.01847,0.02174,0.03728,0.01847,0.03105
0.04142,0.03778,0.10320,0.03617,0.04600,0.04601,0.05992,0.06265,0.03530,0.05787,0.04419,0.04639,0.03291,0.04483,0.02382,0.06430,0.10566,0.03023,0.02311,0.05823
0.06567,0.05940,0.04522,0.09096,0.04788,0.05655,0.05185,0.02557,0.05610,0.07780,0.04591,0.11840,0.01511,0.03149,0.02067,0.04543,0.03999,0.03601,0.02796,0.04202
0.06567,0.20745,0.02938,0.02565,0.04802,0.21480,0.02710,0.04259,0.02809,0.03948,0.02427,0.03984,0.01588,0.02492,0.05092,0.02717,0.03426,0.01360,0.01325,0.02766
0.06022,0.03553,0.05978,0.02132,0.08684,0.02236,0.08201,0.08332,0.03829,0.03467,0.12163,0.05010,0.03661,0.03933,0.05454,0.02776,0.01450,0.05386,0.04469,0.03264
0.10991,0.04894,0.06895,0.06656,0.04646,0.02776,0.07784,0.03701,0.07696,0.01889,0.04199,0.04148,0.06996,0.02280,0.07222,0.02654,0.03068,0.04391,0.04043,0.03070
0.02979,0.07149,0.02729,0.26796,0.03080,0.04862,0.03121,0.02582,0.02364,0.02057,0.01076,0.22385,0.03098,0.02480,0.01625,0.01599,0.01891,0.02125,0.01107,0.04896
0.04796,0.03398,0.11321,0.09510,0.04582,0.02223,0.03185,0.02509,0.06999,0.01708,0.04027,0.14232,0.04117,0.04419,0.02272,0.03767,0.08988,0.02180,0.02412,0.03354
0.05523,0.06917,0.18135,0.02456,0.05657,0.04235,0.07059,0.05979,0.02128,0.04067,0.01632,0.04809,0.04072,0.01910,0.16059,0.01749,0.01192,0.01891,0.01894,0.02637
0.07232,0.05190,0.11319,0.05508,0.05343,0.01215,0.11820,0.07697,0.03875,0.00910,0.03448,0.01530,0.06684,0.04309,0.11122,0.02220,0.03386,0.01806,0.02281,0.03103
0.04251,0.03318,0.17680,0.03136,0.05113,0.02845,0.06746,0.05068,0.01681,0.03117,0.03941,0.02126,0.02307,0.04563,0.22356,0.02669,0.02707,0.02659,0.01289,0.02427
0.05957,0.04250,0.17370,0.03294,0.06664,0.03650,0.04526,0.05400,0.02457,0.02921,0.03828,0.02172,0.01951,0.04461,0.17175,0.02372,0.02554,0.02376,0.02680,0.03941
0.05264,0.09813,0.07079,0.02837,0.08231,0.11155,0.02349,0.07678,0.03474,0.04494,0.02840,0.03660,0.01243,0.03737,0.01305,0.03011,0.08112,0.03151,0.02756,0.07810
0.08825,0.05461,0.03904,0.06269,0.05265,0.02629,0.09376,0.05261,0.06639,0.02335,0.07153,0.03294,0.05925,0.07608,0.03987,0.03566,0.04219,0.02274,0.01376,0.04634
0.11524,0.02274,0.05111,0.08741,0.02792,0.03601,0.17514,0.01880,0.02796,0.04692,0.02624,0.08221,0.09573,0.03621,0.02516,0.01531,0.02707,0.01670,0.02242,0.04369
0.10633,0.14147,0.04139,0.02384,0.04378,0.13043,0.02632,0.03395,0.04800,0.06698,0.05486,0.04453,0.02540,0.04388,0.05004,0.02305,0.01330,0.03250,0.02190,0.02805
0.04112,0.03967,0.07228,0.04877,0.06068,0.15602,0.03298,0.03349,0.04679,0.12926,0.03404,0.06278,0.02979,0.03453,0.03072,0.03057,0.04205,0.02421,0.01808,0.03217
0.08156,0.05428,0.10108,0.02218,0.03887,0.01039,0.05840,0.13758,0.04853,0.01166,0.05046,0.01820,0.07229,0.03284,0.16877,0.01411,0.01343,0.02662,0.01912,0.01962
0.09291,0.11027,0.04139,0.02812,0.06451,0.13532,0.03760,0.05349,0.04148,0.05815,0.03499,0.02756,0.02006,0.03269,0.04268,0.03267,0.02329,0.03389,0.04274,0.04618
0.11247,0.03143,0.04183,0.01702,0.02053,0.02692,0.03380,0.05641,0.03575,0.18475,0.02126,0.14463,0.01898,0.06007,0.02758,0.01420,0.01064,0.02453,0.06564,0.05156
0.05379,0.04438,0.04638,0.03267,0.04577,0.05097,0.04210,0.04598,0.03188,0.17456,0.02718,0.18303,0.02845,0.03419,0.03740,0.02593,0.03129,0.01862,0.02005,0.02536
0.05830,0.04929,0.13606,0.04728,0.03751,0.04652,0.04832,0.04727,0.03656,0.05344,0.03479,0.03404,0.05391,0.03563,0.13068,0.02454,0.03664,0.03063,0.02920,0.02938
0.03149,0.18554,0.06436,0.02065,0.04906,0.16458,0.02746,0.04343,0.03211,0.05742,0.04421,0.04012,0.01558,0.06322,0.03895,0.02714,0.02340,0.01948,0.02357,0.02822
0.04965,0.02949,0.13345,0.04319,0.04704,0.06151,0.04582,0.03103,0.04948,0.07592,0.04703,0.04034,0.05047,0.02802,0.10300,0.02896,0.02277,0.05003,0.02146,0.04134
0.06649,0.08153,0.03237,0.02853,0.07579,0.03084,0.03987,0.09928,0.05467,0.03304,0.08811,0.02445,0.02419,0.08669,0.02788,0.04680,0.03137,0.03896,0.03464,0.05450
0.09258,0.04393,0.06688,0.04088,0.02480,0.01727,0.05169,0.03814,0.03512,0.14026,0.03456,0.11823,0.02681,0.04884,0.03710,0.01801,0.02906,0.02239,0.05669,0.05676
0.09425,0.03418,0.12382,0.07100,0.03124,0.04063,0.06107,0.02403,0.04803,0.03943,0.04178,0.02988,0.05791,0.03067,0.14428,0.02069,0.02024,0.04271,0.01737,0.02679
0.02666,0.02564,0.21530,0.02387,0.06534,0.02543,0.08658,0.04861,0.02720,0.03927,0.02569,0.02604,0.04943,0.02765,0.16578,0.04017,0.02377,0.01841,0.01601,0.02316
0.03399,0.04539,0.04468,0.02957,0.06325,0.13068,0.05368,0.05969,0.03713,0.14046,0.02605,0.03736,0.02146,0.06692,0.02236,0.04947,0.04227,0.03271,0.03068,0.03220
0.03637,0.05137,0.07061,0.03396,0.08134,0.03326,0.06451,0.07011,0.05408,0.11532,0.03757,0.13357,0.02494,0.02842,0.03566,0.02538,0.04230,0.01824,0.01612,0.02687
0.07511,0.07407,0.05258,0.04642,0.04061,0.03121,0.06249,0.09541,0.06453,0.04330,0.03140,0.02204,0.07160,0.05995,0.06728,0.03666,0.03298,0.03340,0.02148,0.03747
0.11569,0.06899,0.02727,0.12007,0.07899,0.02577,0.05178,0.04750,0.05733,0.03186,0.03974,0.02873,0.01377,0.08346,0.02296,0.03791,0.04269,0.03541,0.02280,0.04728
0.06516,0.03873,0.02530,0.04375,0.08784,0.04344,0.11970,0.06219,0.04491,0.05176,0.08421,0.02877,0.04093,0.03527,0.02325,0.04848,0.02459,0.05434,0.04176,0.03561
0.10507,0.07330,0.06897,0.04205,0.04708,0.03969,0.08667,0.07844,0.04223,0.02167,0.02758,0.04266,0.05572,0.04348,0.08330,0.01883,0.01817,0.02602,0.03885,0.04023
0.04384,0.05251,0.04794,0.05572,0.13406,0.03732,0.04833,0.13373,0.04368,0.04145,0.04618,0.04093,0.03543,0.05067,0.03261,0.02645,0.03875,0.03514,0.02478,0.03048
0.03580,0.08303,0.12722,0.03860,0.07671,0.05635,0.04028,0.04470,0.02616,0.03920,0.05440,0.02925,0.04176,0.05216,0.08091,0.03536,0.03153,0.03083,0.03023,0.04552
0.02963,0.12293,0.08006,0.09292,0.06537,0.10466,0.03605,0.03062,0.04249,0.01578,0.04367,0.07201,0.02894,0.04021,0.03151,0.03168,0.06201,0.01738,0.01417,0.03792
0.03851,0.07504,0.14640,0.02441,0.06662,0.03967,0.04972,0.07186,0.04042,0.03137,0.05477,0.01876,0.02136,0.06160,0.14440,0.02276,0.01625,0.02133,0.01787,0.03688
0.05221,0.10833,0.02850,0.06302,0.14566,0.05584,0.04878,0.15843,0.03186,0.02547,0.03136,0.02460,0.03128,0.05243,0.02309,0.02204,0.02413,0.01887,0.01273,0.04137
0.08859,0.06035,0.06227,0.07231,0.06364,0.03034,0.06663,0.03591,0.04010,0.08028,0.06886,0.06578,0.02330,0.03240,0.05474,0.02231,0.01896,0.03330,0.03455,0.04538
0.05944,0.03876,0.13965,0.07903,0.04335,0.04208,0.06415,0.03156,0.05354,0.05030,0.03200,0.06755,0.03423,0.03541,0.07164,0.02240,0.03013,0.04495,0.03050,0.02932
0.05148,0.03721,0.08176,0.03056,0.04001,0.15396,0.04880,0.04649,0.03399,0.16854,0.02821,0.03842,0.02335,0.03900,0.03833,0.01817,0.02740,0.02097,0.03408,0.03927
0.06482,0.05346,0.05797,0.04912,0.05480,0.05514,0.06527,0.04082,0.03951,0.05196,0.04522,0.03418,0.04576,0.08912,0.03359,0.03519,0.05999,0.04226,0.02735,0.05447
0.07244,0.02816,0.20925,0.02959,0.03289,0.02561,0.09083,0.04163,0.02933,0.03144,0.03588,0.02458,0.03236,0.02670,0.16978,0.02540,0.03203,0.01672,0.02203,0.02336
0.03677,0.04665,0.05995,0.03868,0.03600,0.20226,0.03423,0.03625,0.03566,0.22097,0.02456,0.02034,0.01899,0.03239,0.03546,0.02799,0.01729,0.02812,0.01925,0.02818
0.03064,0.04657,0.06049,0.02245,0.16680,0.03446,0.03188,0.21933,0.02616,0.04562,0.03115,0.01495,0.01954,0.04801,0.04555,0.05150,0.01445,0.01752,0.01960,0.05331
0.08943,0.04520,0.14680,0.06701,0.06312,0.02355,0.05638,0.02765,0.02000,0.02051,0.05052,0.03385,0.02014,0.05542,0.14132,0.01959,0.02671,0.01904,0.03167,0.04212
0.06026,0.05694,0.03795,0.02059,0.14164,0.03104,0.05686,0.16395,0.02411,0.03800,0.04412,0.03132,0.03065,0.02977,0.03741,0.05335,0.02486,0.02845,0.03740,0.05132
0.07959,0.07740,0.03620,0.04790,0.15619,0.03211,0.04153,0.17856,0.04730,0.02075,0.02721,0.01435,0.04351,0.05032,0.02172,0.02444,0.02157,0.01985,0.01783,0.04169
0.08463,0.02953,0.12333,0.02040,0.06490,0.03166,0.11772,0.07435,0.02377,0.02579,0.04252,0.01894,0.06090,0.02568,0.12183,0.02789,0.01718,0.01539,0.03164,0.04196
0.04995,0.06235,0.05220,0.03421,0.04703,0.16891,0.06701,0.04018,0.02764,0.14212,0.04733,0.02059,0.03235,0.03370,0.03419,0.02004,0.03515,0.03157,0.02093,0.03256
0.05921,0.06298,0.05206,0.04121,0.03179,0.18994,0.03679,0.04389,0.02304,0.15831,0.03913,0.03585,0.02204,0.04345,0.02028,0.02656,0.02860,0.02603,0.02404,0.03481
0.06112,0.05421,0.17055,0.03618,0.04819,0.02027,0.04023,0.05048,0.03909,0.02828,0.03140,0.03470,0.02533,0.03281,0.18150,0.02820,0.02130,0.02646,0.03545,0.03423
0.04991,0.07102,0.08125,0.02550,0.06746,0.11075,0.05124,0.04860,0.06009,0.07078,0.02702,0.03180,0.03176,0.04779,0.05748,0.03528,0.02009,0.04016,0.02508,0.04695
0.08720,0.04174,0.11734,0.04990,0.03459,0.04357,0.05060,0.07904,0.03468,0.03433,0.03267,0.02251,0.05605,0.05045,0.14589,0.01679,0.01386,0.03680,0.02682,0.02519
0.12517,0.04040,0.05242,0.06459,0.05397,0.03151,0.03994,0.04014,0.08452,0.01759,0.03812,0.04060,0.09045,0.05635,0.08316,0.01800,0.03806,0.02739,0.03140,0.02623
0.02758,0.02178,0.24667,0.03527,0.03003,0.02391,0.08859,0.02393,0.01420,0.01807,0.01900,0.02752,0.07088,0.02440,0.24381,0.01702,0.01564,0.01182,0.01409,0.02578
0.12672,0.08706,0.01663,0.12187,0.05980,0.02829,0.03710,0.05389,0.04805,0.02475,0.04693,0.04975,0.03007,0.05580,0.01718,0.03268,0.02750,0.03474,0.04737,0.05382
0.06046,0.04880,0.11604,0.04425,0.12035,0.02532,0.05535,0.10965,0.03159,0.02041,0.02136,0.04959,0.02135,0.04361,0.04730,0.03073,0.06690,0.02341,0.02950,0.03401
0.06454,0.06801,0.09582,0.03074,0.02578,0.05063,0.05447,0.05788,0.03693,0.09275,0.02899,0.10356,0.03138,0.03476,0.07773,0.03210,0.03342,0.02623,0.02374,0.03054
0.04660,0.05400,0.13372,0.03010,0.03883,0.01862,0.09615,0.02760,0.03830,0.03584,0.03523,0.03491,0.07107,0.03347,0.13937,0.02535,0.04442,0.02781,0.01796,0.05065
0.04477,0.03963,0.05873,0.03935,0.04838,0.14043,0.05423,0.03730,0.03552,0.17311,0.02852,0.07378,0.02795,0.02580,0.01718,0.03583,0.04256,0.02435,0.01786,0.03473
0.06180,0.05156,0.03100,0.04224,0.03308,0.03011,0.22981,0.04440,0.02916,0.02248,0.02118,0.03991,0.18890,0.03194,0.01995,0.02019,0.02079,0.02785,0.01919,0.03447
0.06309,0.14825,0.04817,0.04928,0.05570,0.14806,0.05078,0.03054,0.06999,0.02048,0.04666,0.02525,0.03411,0.03094,0.02599,0.01929,0.04354,0.03041,0.02016,0.03930
0.04308,0.03676,0.02766,0.03921,0.14489,0.01431,0.16940,0.10913,0.02509,0.01154,0.05092,0.02902,0.10410,0.03206,0.01798,0.02626,0.04785,0.01777,0.01521,0.03776
0.03331,0.04704,0.07944,0.05624,0.04179,0.05971,0.07182,0.02582,0.04317,0.13598,0.03179,0.11438,0.03420,0.02523,0.03931,0.02724,0.04660,0.02879,0.02791,0.03025
0.03134,0.07369,0.05719,0.02662,0.07986,0.05015,0.03672,0.07433,0.05824,0.05718,0.05216,0.04474,0.02639,0.05404,0.04375,0.04681,0.05598,0.02527,0.02168,0.08386
0.05409,0.02765,0.05368,0.03234,0.04887,0.03830,0.25978,0.02989,0.02835,0.03315,0.03786,0.02783,0.18275,0.02638,0.03872,0.01377,0.01036,0.01061,0.01831,0.02731
0.04977,0.06693,0.04840,0.04055,0.09014,0.02335,0.04777,0.10240,0.03315,0.03835,0.07847,0.06144,0.01795,0.04862,0.04917,0.04660,0.02577,0.02124,0.03440,0.07552
0.10047,0.08536,0.07317,0.09404,0.05608,0.03464,0.05879,0.04839,0.06623,0.03232,0.04852,0.04948,0.02888,0.04207,0.03906,0.02608,0.03331,0.02803,0.02343,0.03164
0.07873,0.19800,0.02436,0.05130,0.04777,0.12733,0.04330,0.04699,0.05066,0.03158,0.03168,0.04982,0.01810,0.06759,0.02001,0.02497,0.01910,0.01770,0.02301,0.02799
0.02966,0.09193,0.04052,0.04206,0.10047,0.06305,0.03190,0.11898,0.04131,0.03758,0.05265,0.01980,0.01662,0.08208,0.02607,0.03096,0.02820,0.04608,0.01579,0.08430
0.04870,0.03574,0.03705,0.04940,0.16054,0.02330,0.06063,0.16072,0.06088,0.01838,0.02095,0.02268,0.10732,0.02584,0.06434,0.01576,0.01739,0.02492,0.02069,0.02478
0.02819,0.02650,0.20785,0.04191,0.02703,0.07751,0.03657,0.02000,0.02419,0.09492,0.02540,0.03612,0.01877,0.01431,0.19968,0.02166,0.02710,0.02923,0.01198,0.03108
0.12742,0.02741,0.05418,0.24753,0.02411,0.01913,0.04768,0.01539,0.01941,0.01384,0.02681,0.16240,0.01871,0.02558,0.02802,0.01591,0.01952,0.04808,0.01657,0.04229
0.05666,0.06557,0.04974,0.03088,0.18310,0.04054,0.05023,0.19136,0.02012,0.03156,0.02929,0.03250,0.01856,0.04334,0.03470,0.02748,0.03113,0.01973,0.01870,0.02482
0.03852,0.02686,0.24497,0.03461,0.03424,0.01845,0.05338,0.04047,0.02691,0.03313,0.03479,0.04246,0.02533,0.03351,0.05992,0.03362,0.15346,0.01817,0.02243,0.02477
0.03401,0.07143,0.02956,0.04196,0.15350,0.03666,0.06630,0.16877,0.04482,0.05562,0.03486,0.04114,0.02653,0.03092,0.02528,0.03165,0.01664,0.01279,0.01891,0.05866
0.06154,0.05447,0.04511,0.04189,0.08576,0.03021,0.04319,0.03250,0.07135,0.03274,0.05393,0.03569,0.03526,0.07852,0.02899,0.04510,0.05052,0.05412,0.03892,0.08017
0.02920,0.04096,0.18269,0.01792,0.05537,0.02468,0.05361,0.04990,0.03558,0.02443,0.05743,0.02557,0.02602,0.03460,0.18873,0.02708,0.02681,0.03369,0.02345,0.04231
0.07744,0.04927,0.05989,0.04900,0.04472,0.05142,0.07487,0.05151,0.02850,0.08265,0.05181,0.07329,0.03696,0.04560,0.04110,0.04477,0.02599,0.03396,0.03363,0.04366
0.03583,0.05791,0.19654,0.03047,0.03122,0.05104,0.03813,0.03033,0.04346,0.04268,0.02870,0.04729,0.01669,0.03038,0.17067,0.03578,0.03097,0.02053,0.02008,0.04131
0.06157,0.07739,0.04035,0.04640,0.11984,0.04289,0.05020,0.05710,0.04585,0.03585,0.08307,0.03690,0.02651,0.07834,0.02482,0.03116,0.02626,0.03142,0.04023,0.04384
0.04826,0.05801,0.07710,0.03198,0.04268,0.02767,0.05320,0.08200,0.02413,0.11800,0.05118,0.12137,0.01607,0.02959,0.06383,0.02895,0.03238,0.01595,0.02195,0.05571
0.03953,0.03139,0.06154,0.06122,0.03420,0.11034,0.07934,0.03094,0.03281,0.14507,0.06576,0.01257,0.02444,0.02836,0.04542,0.08840,0.03787,0.01917,0.01216,0.03948
0.07443,0.02069,0.22740,0.01841,0.02875,0.03952,0.06590,0.03842,0.04117,0.02727,0.03052,0.01877,0.01968,0.02078,0.03428,0.01754,0.18238,0.02517,0.03167,0.03725
0.04838,0.03602,0.21300,0.02905,0.04224,0.03859,0.05142,0.03529,0.02930,0.01933,0.04398,0.02616,0.02072,0.02683,0.20575,0.02333,0.02616,0.01682,0.01594,0.05168
0.04664,0.07459,0.08783,0.06390,0.07183,0.07408,0.03810,0.07103,0.04731,0.02634,0.04080,0.03108,0.02229,0.04152,0.01578,0.06499,0.08948,0.02573,0.01514,0.05153
0.03893,0.14120,0.04170,0.02595,0.08256,0.13715,0.03370,0.06601,0.03588,0.04467,0.02991,0.03943,0.02227,0.05732,0.02602,0.03252,0.02473,0.03451,0.01640,0.06915
0.06916,0.04058,0.21854,0.03363,0.05006,0.03079,0.04122,0.04285,0.06905,0.01765,0.03147,0.01907,0.02467,0.02395,0.06171,0.02073,0.14099,0.02498,0.01702,0.02187
0.03854,0.04732,0.06263,0.03366,0.05159,0.18630,0.02964,0.03509,0.02403,0.20238,0.02995,0.01585,0.01338,0.03016,0.05036,0.02399,0.02693,0.03921,0.03071,0.02827
0.03416,0.06096,0.05035,0.05309,0.16392,0.03591,0.04912,0.15075,0.04324,0.02487,0.05359,0.04646,0.04185,0.02979,0.02917,0.02642,0.02612,0.01620,0.02745,0.03659
0.02519,0.03492,0.03887,0.01787,0.12818,0.02527,0.03618,0.12816,0.01669,0.16581,0.03630,0.17308,0.01492,0.03572,0.01740,0.01707,0.01908,0.01748,0.03023,0.02159
0.05227,0.21760,0.03018,0.06123,0.05030,0.24014,0.03748,0.03500,0.02896,0.02079,0.03605,0.02369,0.01427,0.02445,0.02400,0.01918,0.02023,0.01512,0.01366,0.03538
0.03601,0.02900,0.26527,0.02708,0.04626,0.06088,0.03494,0.02274,0.02730,0.02221,0.02144,0.01823,0.02110,0.02507,0.23927,0.02389,0.02522,0.01844,0.01254,0.02314
0.07100,0.05761,0.06592,0.04347,0.05001,0.04794,0.09008,0.04806,0.03161,0.02615,0.06100,0.03644,0.04489,0.03876,0.05746,0.05715,0.04664,0.02958,0.02674,0.06950
0.15906,0.05216,0.03522,0.12747,0.02803,0.03323,0.03879,0.02739,0.08809,0.05289,0.02787,0.08226,0.05531,0.01860,0.02521,0.02416,0.01892,0.03729,0.01681,0.05123
0.05747,0.08761,0.07153,0.03417,0.13130,0.04413,0.03996,0.11995,0.03699,0.02607,0.03457,0.03261,0.02219,0.03579,0.02863,0.04201,0.05079,0.04107,0.02391,0.03925
0.05428,0.10018,0.05222,0.03029,0.10013,0.06807,0.05049,0.10198,0.03190,0.05857,0.04278,0.05875,0.02137,0.04121,0.03582,0.02982,0.02585,0.01828,0.02323,0.05476
0.02426,0.04205,0.03594,0.01261,0.20211,0.02856,0.02905,0.22329,0.03159,0.04129,0.03497,0.02047,0.01041,0.07024,0.01710,0.02061,0.02748,0.05750,0.01504,0.05543
0.02815,0.03526,0.09707,0.02299,0.19541,0.02398,0.03578,0.20728,0.03303,0.01878,0.02349,0.01393,0.01648,0.04628,0.04638,0.02251,0.03314,0.03144,0.01704,0.05159
0.04739,0.04013,0.23758,0.03212,0.03902,0.01991,0.04262,0.02768,0.01742,0.04443,0.03201,0.04063,0.01306,0.03638,0.05545,0.02992,0.16364,0.02886,0.01817,0.03358
0.04504,0.04496,0.08258,0.02516,0.07035,0.04462,0.07170,0.04284,0.05096,0.07936,0.05810,0.04147,0.03254,0.05007,0.04102,0.02820,0.02885,0.04769,0.07360,0.04090
0.08551,0.02459,0.02376,0.06428,0.04207,0.01592,0.10111,0.04596,0.08690,0.01413,0.03986,0.02292,0.14828,0.11280,0.04619,0.02007,0.02276,0.02254,0.01493,0.04541
0.08942,0.04191,0.04258,0.06197,0.09888,0.01875,0.04126,0.02093,0.04363,0.02762,0.04782,0.03149,0.01554,0.11907,0.02911,0.03591,0.07868,0.04836,0.02294,0.08414
0.07408,0.04564,0.05333,0.02155,0.13567,0.02066,0.06881,0.13683,0.02938,0.01795,0.05267,0.01628,0.05016,0.05436,0.02785,0.03268,0.04477,0.03327,0.05072,0.03335
0.03628,0.02877,0.14697,0.03089,0.08719,0.01943,0.07745,0.04213,0.05400,0.03079,0.05475,0.03368,0.04909,0.03221,0.08993,0.04163,0.04562,0.03647,0.02953,0.03318
0.03142,0.05784,0.17439,0.03848,0.04127,0.07740,0.04060,0.04527,0.02937,0.05835,0.02165,0.02007,0.01431,0.02473,0.18295,0.02555,0.02270,0.02252,0.04272,0.02840
0.03942,0.05869,0.04684,0.05034,0.04629,0.14472,0.04156,0.03040,0.05985,0.15703,0.04011,0.02493,0.02624,0.04056,0.03328,0.02226,0.03688,0.04610,0.01600,0.03850
0.02809,0.02604,0.20935,0.01872,0.05886,0.04795,0.02765,0.03339,0.04143,0.04827,0.05294,0.02311,0.01886,0.02884,0.20032,0.02645,0.03116,0.02829,0.02285,0.02742
0.03738,0.02446,0.04378,0.07684,0.04531,0.01406,0.04460,0.03196,0.04560,0.13713,0.03131,0.21607,0.01733,0.02590,0.03322,0.02542,0.01653,0.02844,0.08002,0.02464
0.03769,0.04141,0.04171,0.04131,0.18118,0.02167,0.07083,0.20787,0.03607,0.01391,0.05012,0.02241,0.04045,0.03945,0.03696,0.01517,0.01876,0.02073,0.01721,0.04507
0.03195,0.03782,0.06703,0.05713,0.05433,0.10732,0.04663,0.06186,0.03445,0.14568,0.02707,0.05299,0.04105,0.04024,0.04379,0.04138,0.02740,0.02866,0.02563,0.02759
0.04399,0.12674,0.03821,0.03017,0.07691,0.09442,0.05345,0.05893,0.04314,0.02801,0.08326,0.02917,0.03045,0.06101,0.02823,0.02849,0.02341,0.04533,0.03467,0.04201
0.08892,0.05276,0.09803,0.07828,0.03665,0.05117,0.08743,0.02418,0.06401,0.06494,0.04527,0.02036,0.02265,0.03936,0.03993,0.03694,0.05195,0.04663,0.01618,0.03437
0.04737,0.09544,0.05869,0.02408,0.04578,0.09208,0.02471,0.03381,0.03010,0.13974,0.03671,0.12015,0.02109,0.04840,0.03717,0.02403,0.01835,0.02690,0.03166,0.04376
0.05298,0.08837,0.06434,0.03826,0.09129,0.06629,0.03875,0.04312,0.06234,0.05041,0.05311,0.06050,0.05301,0.05303,0.04187,0.03541,0.02876,0.01742,0.02978,0.03095
0.06680,0.11986,0.04098,0.04700,0.06841,0.07313,0.04359,0.02671,0.08280,0.01909,0.06013,0.08782,0.04870,0.06793,0.02274,0.02584,0.01559,0.03946,0.02032,0.02311
0.05254,0.02869,0.26660,0.03825,0.02781,0.02518,0.03908,0.03017,0.03403,0.02569,0.01901,0.04872,0.01883,0.02118,0.02251,0.01885,0.20904,0.02964,0.02219,0.02200
0.03029,0.05786,0.18177,0.03748,0.03467,0.03530,0.04970,0.03478,0.03591,0.04375,0.03685,0.04946,0.01526,0.05185,0.04314,0.02275,0.14121,0.04446,0.01823,0.03530
0.03003,0.05924,0.13336,0.02487,0.09220,0.08436,0.03466,0.05196,0.04880,0.04939,0.04875,0.02312,0.01973,0.03985,0.12307,0.02264,0.02602,0.01814,0.01856,0.05125
0.05268,0.04713,0.12288,0.04515,0.03392,0.04825,0.05908,0.03210,0.05188,0.04138,0.04237,0.03505,0.07618,0.02958,0.13296,0.02484,0.03461,0.03673,0.02525,0.02798
0.02807,0.02972,0.19990,0.02932,0.04847,0.02722,0.04512,0.03352,0.03258,0.03892,0.05688,0.03934,0.01908,0.02224,0.01582,0.05653,0.17062,0.04604,0.02825,0.03234
0.02973,0.03088,0.24803,0.01993,0.04984,0.04890,0.04139,0.04531,0.02702,0.04078,0.03045,0.01569,0.01979,0.02947,0.02174,0.02680,0.17723,0.04261,0.02838,0.02603
0.02494,0.02826,0.16530,0.02228,0.11603,0.06207,0.02722,0.10447,0.01431,0.04677,0.03344,0.02169,0.01751,0.03487,0.07133,0.04663,0.06751,0.05417,0.01364,0.02758
0.05420,0.06174,0.05572,0.08133,0.06254,0.01417,0.07587,0.04251,0.05808,0.02302,0.06247,0.04009,0.04268,0.07292,0.03170,0.04415,0.07525,0.02817,0.02091,0.05248
0.03608,0.04889,0.20879,0.04510,0.05711,0.04611,0.04103,0.04660,0.01955,0.03755,0.02410,0.02282,0.01885,0.02834,0.02360,0.03823,0.19010,0.01688,0.01881,0.03147
0.02317,0.02969,0.22762,0.02877,0.09344,0.02724,0.04440,0.06126,0.02991,0.02003,0.03660,0.01877,0.01561,0.03775,0.02717,0.02365,0.19301,0.01633,0.01533,0.03026
0.05459,0.05639,0.03012,0.09705,0.02171,0.03769,0.06259,0.02268,0.03442,0.10612,0.02696,0.22110,0.02022,0.03128,0.04147,0.03323,0.02704,0.02260,0.02117,0.03156
0.04464,0.09728,0.06440,0.16075,0.02385,0.12618,0.04523,0.03298,0.01981,0.02403,0.02183,0.14119,0.02129,0.02242,0.01823,0.01575,0.04632,0.01632,0.02389,0.03360
0.03415,0.05874,0.04218,0.03173,0.10231,0.03538,0.03757,0.10674,0.05354,0.07943,0.05061,0.04465,0.01675,0.04680,0.02511,0.03620,0.03190,0.03353,0.01639,0.11629
0.04298,0.04053,0.05165,0.02489,0.18511,0.03723,0.07800,0.15070,0.03051,0.02140,0.03737,0.02926,0.03862,0.05791,0.02320,0.04963,0.02763,0.02212,0.02396,0.02731
0.05610,0.05447,0.06465,0.03630,0.08490,0.05904,0.05227,0.08911,0.04728,0.06249,0.03378,0.04913,0.03352,0.03927,0.07718,0.01950,0.01932,0.01583,0.04102,0.06484
0.02808,0.05192,0.17010,0.02913,0.07543,0.06293,0.03995,0.03885,0.02392,0.04800,0.02384,0.02234,0.02402,0.03806,0.16963,0.04140,0.01725,0.03558,0.03360,0.02598
0.05412,0.09730,0.05138,0.05744,0.05435,0.13623,0.05411,0.02785,0.04374,0.05134,0.06694,0.03702,0.03123,0.04083,0.05903,0.02434,0.02134,0.03460,0.02513,0.03170
0.10564,0.05073,0.07845,0.04986,0.03339,0.05636,0.04458,0.05876,0.03525,0.05966,0.02361,0.05449,0.03148,0.06029,0.05895,0.02846,0.03973,0.02992,0.04165,0.05874
0.04525,0.05056,0.05115,0.02999,0.07935,0.19933,0.03022,0.03494,0.02963,0.16296,0.03645,0.01854,0.01015,0.03880,0.01838,0.03217,0.03293,0.02483,0.03606,0.03830
0.03950,0.03939,0.25159,0.02208,0.05561,0.02034,0.03987,0.04517,0.01558,0.06704,0.02386,0.05078,0.01333,0.02196,0.03955,0.02024,0.18347,0.01637,0.01323,0.02105
0.02141,0.05199,0.04783,0.01667,0.07291,0.03267,0.03176,0.07519,0.01474,0.18927,0.05240,0.19913,0.01956,0.01484,0.07444,0.01562,0.01443,0.01209,0.01788,0.02517
0.16419,0.05072,0.07451,0.08419,0.03861,0.02468,0.05039,0.04166,0.09298,0.02280,0.03645,0.03438,0.03174,0.03626,0.03621,0.02994,0.04224,0.03712,0.03786,0.03307
0.04433,0.14825,0.04980,0.04995,0.06542,0.11082,0.02960,0.07392,0.03215,0.04797,0.02621,0.03715,0.02170,0.07385,0.04758,0.03479,0.03684,0.02628,0.01613,0.02726
0.06203,0.10260,0.05123,0.03528,0.03601,0.02488,0.06624,0.04899,0.08944,0.04835,0.06308,0.02862,0.04431,0.04125,0.06992,0.02818,0.05452,0.03791,0.03820,0.02895
0.22452,0.07358,0.03467,0.06499,0.05176,0.03374,0.05098,0.04885,0.05010,0.01807,0.05570,0.03114,0.01570,0.05057,0.03227,0.02002,0.01250,0.04239,0.02909,0.05936
0.07479,0.03857,0.11320,0.05129,0.03092,0.13033,0.04809,0.02645,0.02620,0.10481,0.01788,0.02944,0.03883,0.02808,0.03803,0.01446,0.05160,0.04066,0.05070,0.04566
0.07554,0.05907,0.04401,0.05528,0.02675,0.18774,0.04699,0.02708,0.03039,0.15858,0.02260,0.04455,0.02375,0.03952,0.02160,0.02403,0.02547,0.02383,0.02230,0.04093
0.03849,0.03794,0.07843,0.02832,0.06279,0.15746,0.04961,0.04111,0.02206,0.16522,0.04317,0.02504,0.02601,0.03682,0.06340,0.02029,0.01256,0.03173,0.02932,0.03021
0.05190,0.09554,0.05442,0.07023,0.06201,0.01373,0.10175,0.06593,0.04519,0.01278,0.02876,0.07246,0.05390,0.05925,0.05272,0.02667,0.05952,0.01619,0.02370,0.03337
0.15009,0.07950,0.04176,0.08326,0.06134,0.03365,0.06562,0.04916,0.04135,0.03732,0.04607,0.03274,0.03119,0.06828,0.01512,0.03639,0.02601,0.02481,0.03409,0.04224
0.05197,0.04669,0.05574,0.04371,0.04514,0.02539,0.03744,0.04082,0.03322,0.17936,0.04661,0.19445,0.01302,0.02440,0.03313,0.02281,0.01137,0.02205,0.03872,0.03396
0.03163,0.06545,0.03888,0.02388,0.13757,0.02200,0.09907,0.10927,0.04329,0.02513,0.06624,0.02141,0.02506,0.06016,0.04263,0.06564,0.02322,0.02782,0.02316,0.04848
0.08964,0.03323,0.02096,0.04714,0.05619,0.01914,0.06883,0.08010,0.06498,0.11224,0.02951,0.13779,0.03064,0.03298,0.02028,0.02873,0.01920,0.03076,0.02810,0.04956
0.09245,0.05979,0.03284,0.04586,0.03167,0.09021,0.03434,0.03432,0.03885,0.10083,0.04624,0.07745,0.01774,0.06484,0.03508,0.02967,0.05556,0.02185,0.01671,0.07369
0.13753,0.08166,0.02145,0.01327,0.05768,0.02939,0.09742,0.13142,0.03897,0.02731,0.02777,0.01447,0.04687,0.03505,0.01987,0.02751,0.01101,0.05472,0.10648,0.02013
0.03031,0.05355,0.23671,0.02502,0.03081,0.04779,0.03847,0.03446,0.02936,0.03784,0.02671,0.03055,0.02304,0.02937,0.04172,0.02346,0.19509,0.02439,0.01335,0.02799
0.04812,0.02187,0.02108,0.03132,0.03366,0.01816,0.32381,0.03041,0.01826,0.03443,0.01175,0.03862,0.26206,0.01556,0.01714,0.00894,0.00976,0.01095,0.01300,0.03111
0.08851,0.05549,0.03942,0.07971,0.05747,0.02811,0.13944,0.04022,0.04753,0.04374,0.04054,0.06281,0.06994,0.03374,0.02251,0.03654,0.02512,0.02358,0.02651,0.03905
0.05953,0.05802,0.20746,0.05248,0.02703,0.02603,0.04695,0.02479,0.02523,0.03684,0.02134,0.02795,0.02967,0.03776,0.04997,0.03207,0.18548,0.01710,0.00910,0.02520
0.07612,0.02775,0.04175,0.16667,0.03582,0.03794,0.07111,0.03531,0.03584,0.03603,0.02234,0.11843,0.06305,0.02712,0.04235,0.02379,0.03997,0.04943,0.01901,0.03017
0.06421,0.06057,0.09089,0.04775,0.05234,0.05330,0.07219,0.05433,0.03875,0.06989,0.03828,0.03276,0.03207,0.03157,0.09795,0.04345,0.02641,0.02771,0.03060,0.03498
0.10229,0.09101,0.03455,0.07438,0.06403,0.05483,0.05781,0.08637,0.04746,0.02632,0.04223,0.01713,0.05426,0.04920,0.05268,0.04591,0.02023,0.02494,0.01928,0.03507
0.06248,0.10008,0.04180,0.03979,0.06421,0.05749,0.05505,0.05303,0.08133,0.02331,0.04657,0.02757,0.03774,0.05836,0.01995,0.06331,0.05006,0.04044,0.04570,0.03170
0.08305,0.07749,0.04173,0.05809,0.11043,0.01942,0.05914,0.08935,0.04752,0.01748,0.08387,0.02460,0.05158,0.05237,0.04322,0.03095,0.03435,0.02558,0.02023,0.02954
0.03578,0.18826,0.03425,0.02703,0.03975,0.22762,0.03586,0.03025,0.04521,0.05974,0.03247,0.02512,0.01846,0.02858,0.02395,0.02077,0.03801,0.02568,0.02305,0.04015
0.05613,0.04021,0.06246,0.01704,0.11570,0.03491,0.08496,0.13841,0.03267,0.02369,0.07118,0.01696,0.04129,0.03502,0.05705,0.02621,0.03657,0.03595,0.03882,0.03479
0.05902,0.07379,0.11144,0.02856,0.06857,0.07227,0.05369,0.04671,0.03012,0.05671,0.04532,0.02979,0.01566,0.05507,0.03952,0.02980,0.06640,0.03990,0.04358,0.03410
0.04318,0.07662,0.11965,0.06594,0.03121,0.08484,0.05584,0.02584,0.05115,0.04867,0.03463,0.07987,0.02248,0.03458,0.03543,0.03087,0.08358,0.02871,0.02356,0.02335
0.02952,0.07719,0.04408,0.02039,0.14512,0.06962,0.03783,0.14969,0.03494,0.02702,0.03995,0.03839,0.03033,0.04016,0.01731,0.06206,0.03084,0.02141,0.02649,0.05766
0.05309,0.05323,0.06938,0.04162,0.06704,0.02776,0.07359,0.05676,0.06176,0.02651,0.07817,0.03465,0.04944,0.03651,0.02112,0.04591,0.08431,0.04377,0.02723,0.04815
0.06340,0.05811,0.14122,0.02104,0.02959,0.02174,0.08614,0.03661,0.04977,0.02340,0.06416,0.02059,0.04167,0.04570,0.12470,0.04907,0.04011,0.02309,0.02162,0.03826
0.03325,0.03985,0.05681,0.02576,0.23485,0.03667,0.06039,0.20787,0.02731,0.01792,0.03030,0.01622,0.03382,0.03927,0.01979,0.02740,0.03772,0.01932,0.01344,0.02203
0.03092,0.03314,0.03365,0.28762,0.03835,0.02953,0.02414,0.03403,0.02533,0.01446,0.01473,0.24033,0.01969,0.02276,0.02593,0.01534,0.03379,0.01976,0.01196,0.04452
0.06689,0.05123,0.10573,0.04086,0.05443,0.06140,0.07054,0.04457,0.04283,0.06770,0.04994,0.03768,0.03576,0.03866,0.02517,0.02063,0.05683,0.03342,0.03639,0.05933
0.07554,0.07488,0.05362,0.05174,0.04390,0.08686,0.04984,0.04264,0.06476,0.07431,0.03883,0.06053,0.02441,0.05729,0.04387,0.02568,0.03608,0.03044,0.02600,0.03877
0.03635,0.03658,0.02967,0.01896,0.25337,0.03063,0.02515,0.28012,0.02448,0.01801,0.02791,0.01408,0.02293,0.06089,0.03060,0.02070,0.01620,0.01373,0.01321,0.02644
0.11032,0.06641,0.05328,0.06844,0.06097,0.02175,0.06020,0.06278,0.06148,0.02926,0.06668,0.04252,0.04977,0.03899,0.04127,0.03021,0.03623,0.03020,0.03609,0.03315
0.06693,0.03927,0.03330,0.03751,0.04563,0.01923,0.04754,0.05516,0.04107,0.17161,0.03606,0.20459,0.02911,0.03672,0.02365,0.01311,0.01411,0.02387,0.03508,0.02645
0.03405,0.04132,0.04159,0.04568,0.14836,0.03172,0.06667,0.15421,0.05531,0.02393,0.03427,0.04055,0.09224,0.04181,0.03817,0.01892,0.02128,0.02985,0.01083,0.02922
0.06263,0.02671,0.07488,0.01926,0.04948,0.03425,0.07643,0.05218,0.03006,0.06826,0.06148,0.05406,0.03240,0.05905,0.04702,0.04073,0.03490,0.03574,0.04630,0.09419
0.03907,0.04035,0.04908,0.04307,0.03375,0.03879,0.02604,0.02323,0.04900,0.15908,0.02747,0.19212,0.01252,0.03200,0.03797,0.03738,0.04070,0.02469,0.04059,0.05311
0.02580,0.02907,0.04673,0.01856,0.05641,0.02979,0.23977,0.02910,0.03461,0.02503,0.08946,0.02575,0.16058,0.02561,0.02686,0.04276,0.02124,0.02875,0.02176,0.02237
0.03006,0.03732,0.20503,0.02820,0.04635,0.05392,0.02484,0.02427,0.02983,0.08872,0.02933,0.05751,0.01865,0.02079,0.20762,0.01598,0.01476,0.02178,0.01780,0.02723
0.04050,0.03796,0.07274,0.05760,0.04072,0.02115,0.07941,0.03224,0.04554,0.10105,0.04642,0.13231,0.02587,0.05234,0.02593,0.02076,0.05415,0.04427,0.03553,0.03351
0.02781,0.03685,0.05007,0.02861,0.04742,0.03720,0.06979,0.03253,0.04643,0.11730,0.06307,0.13977,0.02517,0.03886,0.03417,0.01826,0.02273,0.05373,0.07343,0.03679
0.04861,0.10637,0.05034,0.03056,0.04072,0.18313,0.02982,0.04011,0.03610,0.07273,0.04005,0.02468,0.02421,0.04903,0.03036,0.02426,0.02181,0.03777,0.02948,0.07985
0.07204,0.04774,0.04149,0.06005,0.07830,0.05323,0.04464,0.07913,0.05473,0.04724,0.07039,0.02384,0.02574,0.08037,0.01487,0.05226,0.05595,0.03109,0.02369,0.04322
0.11966,0.01999,0.05750,0.04014,0.01920,0.13377,0.08273,0.01786,0.02237,0.16670,0.02270,0.04676,0.02631,0.03816,0.04123,0.01399,0.02069,0.02156,0.02000,0.06868
0.03168,0.02408,0.08830,0.02482,0.03236,0.24196,0.02746,0.03831,0.02163,0.23604,0.02185,0.01964,0.01661,0.02938,0.02738,0.02361,0.03926,0.01556,0.01673,0.02333
0.04916,0.03706,0.12870,0.05440,0.05064,0.00821,0.03713,0.06369,0.05940,0.01418,0.03624,0.02123,0.11350,0.02895,0.15706,0.02623,0.03323,0.02622,0.01989,0.03490
0.07934,0.04448,0.05902,0.10272,0.04328,0.01978,0.11864,0.03447,0.03131,0.01982,0.05025,0.05755,0.07752,0.04846,0.04228,0.02579,0.04108,0.02598,0.03147,0.04674
0.03856,0.09652,0.02722,0.02916,0.07083,0.10491,0.05875,0.08123,0.02351,0.06196,0.08215,0.05205,0.02214,0.02939,0.01746,0.06455,0.02245,0.02576,0.03187,0.05954
0.08523,0.03005,0.08857,0.02402,0.06558,0.03676,0.04029,0.07334,0.03383,0.06919,0.04013,0.04315,0.01896,0.04996,0.08781,0.02026,0.02689,0.05215,0.05103,0.06278
0.07820,0.04140,0.19703,0.03643,0.04537,0.03113,0.05996,0.04617,0.03539,0.03555,0.03566,0.03983,0.01933,0.02897,0.03687,0.02645,0.11662,0.03121,0.02385,0.03460
0.03635,0.12863,0.03752,0.03548,0.07775,0.13289,0.03391,0.04993,0.02574,0.05635,0.07453,0.04421,0.02124,0.03407,0.04703,0.03832,0.02830,0.01844,0.03268,0.04663
0.05708,0.06784,0.08962,0.04734,0.04902,0.09228,0.06039,0.05614,0.02994,0.10269,0.02822,0.04729,0.02067,0.05045,0.07040,0.02519,0.01492,0.02518,0.03873,0.02661
0.05348,0.06025,0.11760,0.03619,0.04733,0.13057,0.04989,0.02877,0.05137,0.09148,0.02484,0.03907,0.01913,0.04491,0.02704,0.03374,0.05538,0.02959,0.02539,0.03396
0.03126,0.03956,0.15913,0.03338,0.04505,0.09181,0.04238,0.05006,0.03776,0.11298,0.02781,0.02607,0.02928,0.03423,0.09598,0.01927,0.03977,0.02988,0.02369,0.03064
0.06227,0.03391,0.14317,0.02327,0.05854,0.01823,0.07773,0.06246,0.02803,0.05957,0.02282,0.05670,0.04211,0.03022,0.14995,0.02097,0.02286,0.01807,0.03582,0.03330
0.05058,0.07063,0.05827,0.02930,0.06376,0.04266,0.04666,0.05752,0.04253,0.04388,0.04820,0.02578,0.03262,0.06685,0.03030,0.04826,0.07230,0.04343,0.02678,0.09969
0.01502,0.01752,0.11202,0.02433,0.05054,0.03433,0.01817,0.01533,0.03267,0.02786,0.01821,0.03732,0.02079,0.15843,0.06370,0.05380,0.14978,0.05904,0.01133,0.07981
0.09368,0.04669,0.08026,0.03590,0.08658,0.02484,0.04600,0.10884,0.06076,0.02539,0.03678,0.02208,0.05203,0.04352,0.07569,0.02096,0.02700,0.05004,0.03309,0.02986
0.07920,0.08225,0.03876,0.05874,0.06674,0.07272,0.06935,0.04154,0.03981,0.06021,0.06720,0.02994,0.02897,0.05422,0.02964,0.04135,0.02760,0.03454,0.03513,0.04207
0.03709,0.05525,0.15528,0.03449,0.03513,0.04587,0.09651,0.04834,0.03730,0.02911,0.03409,0.03198,0.02965,0.02532,0.04100,0.06495,0.12011,0.01507,0.02627,0.03720
0.03824,0.04044,0.04774,0.04252,0.03470,0.03747,0.03790,0.02778,0.04477,0.14439,0.04509,0.15022,0.04851,0.02994,0.04824,0.05726,0.04961,0.03302,0.01318,0.02898
0.02968,0.04857,0.16948,0.01973,0.07917,0.05198,0.03622,0.07168,0.03356,0.03573,0.02626,0.02158,0.02866,0.03219,0.03660,0.06832,0.11911,0.02382,0.03353,0.03413
