0.14451,0.09381,0.02475,0.10052,0.26110,0.04916,0.17637,0.03682,0.05012,0.06285
0.10429,0.12793,0.09767,0.03175,0.13155,0.08389,0.18996,0.03822,0.09454,0.10020
0.21626,0.05231,0.01877,0.04032,0.11247,0.16139,0.09454,0.05326,0.12468,0.12599
0.08585,0.07328,0.17233,0.03943,0.18568,0.03971,0.21727,0.11864,0.03343,0.03439
0.03732,0.03488,0.03297,0.03336,0.03848,0.03266,0.39857,0.05576,0.17035,0.16565
0.07169,0.09851,0.07545,0.07910,0.08220,0.02008,0.38945,0.06136,0.06140,0.06076
0.09622,0.03587,0.08507,0.12847,0.05064,0.09186,0.08192,0.06541,0.17678,0.18777
0.03125,0.06836,0.14340,0.05045,0.07799,0.15212,0.10217,0.04101,0.15828,0.17497
0.04953,0.09922,0.10708,0.08432,0.08940,0.04753,0.25956,0.09047,0.08113,0.09175
0.15728,0.07759,0.06186,0.08294,0.15516,0.06383,0.08833,0.04133,0.13233,0.13935
0.20594,0.13596,0.06297,0.12119,0.06010,0.05089,0.04849,0.02307,0.13982,0.15158
0.11796,0.09683,0.10119,0.09324,0.23682,0.01929,0.16296,0.04177,0.05887,0.07109
0.12712,0.16686,0.15860,0.11224,0.14725,0.04712,0.07790,0.01788,0.06872,0.07631
0.10159,0.10762,0.03620,0.05645,0.04403,0.28825,0.03159,0.01751,0.14832,0.16845
0.11629,0.22159,0.09955,0.19511,0.08247,0.02034,0.09978,0.02851,0.06763,0.06871
0.16739,0.07442,0.08111,0.14730,0.06328,0.04120,0.14536,0.12212,0.06640,0.09142
0.10496,0.15640,0.12778,0.17800,0.14431,0.03130,0.13172,0.06280,0.02887,0.03385
0.19249,0.03178,0.08062,0.22138,0.02945,0.03062,0.18170,0.08964,0.06220,0.08013
0.06437,0.14374,0.36244,0.08957,0.12685,0.09691,0.01915,0.02996,0.03148,0.03553
0.01312,0.32157,0.01745,0.31411,0.02228,0.03875,0.02253,0.01481,0.10966,0.12571
0.06039,0.09511,0.05712,0.02548,0.08494,0.02032,0.07171,0.25407,0.16417,0.16667
0.03574,0.06908,0.02827,0.05527,0.04069,0.06324,0.07356,0.04778,0.27808,0.30828
0.02041,0.03981,0.03228,0.03563,0.03241,0.03446,0.22566,0.06072,0.25575,0.26287
0.10122,0.11562,0.07073,0.04735,0.08991,0.08297,0.32805,0.08599,0.03416,0.04400
0.03890,0.14037,0.26900,0.13694,0.04957,0.03998,0.19742,0.06577,0.02789,0.03416
0.04028,0.01990,0.02186,0.02441,0.03678,0.14198,0.25089,0.38359,0.03363,0.04669
0.04902,0.03038,0.03138,0.03491,0.03844,0.01692,0.42056,0.26951,0.04860,0.06028
0.04894,0.14268,0.36980,0.11857,0.04895,0.06876,0.06072,0.02515,0.05097,0.06546
0.08276,0.07475,0.09443,0.06007,0.08814,0.11407,0.05971,0.04110,0.18942,0.19555
0.02154,0.01455,0.02658,0.01180,0.02589,0.51978,0.09222,0.02395,0.12738,0.13632
0.10013,0.15101,0.07800,0.12082,0.09123,0.03736,0.12571,0.07556,0.10567,0.11450
0.05293,0.10853,0.05772,0.09929,0.05846,0.03325,0.18677,0.02112,0.18358,0.19835
0.06563,0.09687,0.06653,0.10654,0.07308,0.02909,0.19188,0.11083,0.12739,0.13214
0.14368,0.10592,0.14524,0.10359,0.11868,0.06325,0.05992,0.12597,0.06567,0.06809
0.02931,0.02746,0.03217,0.02667,0.02961,0.04856,0.14343,0.09754,0.28045,0.28479
0.02090,0.01760,0.02084,0.01755,0.01729,0.20823,0.08865,0.01961,0.28499,0.30434
0.03609,0.19872,0.13760,0.17580,0.04434,0.13900,0.05638,0.04497,0.08082,0.08628
0.08382,0.07307,0.14280,0.08660,0.11105,0.01276,0.13235,0.25313,0.04740,0.05702
0.08571,0.13278,0.18635,0.10798,0.09157,0.09069,0.07544,0.07021,0.07129,0.08797
0.05461,0.04786,0.17611,0.03771,0.17479,0.06981,0.20780,0.04362,0.09289,0.09480
0.32207,0.01596,0.01869,0.01440,0.14319,0.03898,0.33251,0.03054,0.04119,0.04247
0.05406,0.09925,0.12732,0.08266,0.07421,0.05487,0.03629,0.03982,0.20818,0.22333
0.08032,0.06064,0.13076,0.06862,0.12972,0.18167,0.09133,0.08066,0.08305,0.09322
0.07466,0.06663,0.02492,0.07338,0.02481,0.14992,0.04894,0.02627,0.24928,0.26120
0.01919,0.02032,0.03728,0.01823,0.01704,0.02416,0.05628,0.01719,0.39011,0.40020
0.02852,0.01787,0.01590,0.02296,0.01337,0.03500,0.02916,0.01518,0.38545,0.43659
0.02872,0.04437,0.43968,0.03658,0.03982,0.07138,0.08853,0.04511,0.10239,0.10343
0.09135,0.14463,0.09337,0.13341,0.10092,0.06264,0.25794,0.03099,0.04356,0.04120
0.03641,0.02866,0.05194,0.03187,0.05487,0.44419,0.10829,0.16013,0.03554,0.04810
0.27183,0.11286,0.05025,0.06272,0.25444,0.02866,0.12287,0.06037,0.01561,0.02039
0.14914,0.06410,0.04425,0.09070,0.04033,0.04909,0.02837,0.42156,0.05188,0.06058
0.03633,0.04918,0.04394,0.04015,0.04344,0.03766,0.10671,0.48800,0.07962,0.07496
0.02485,0.02896,0.07330,0.01755,0.08534,0.03579,0.19383,0.09971,0.22403,0.21665
0.05746,0.08169,0.14403,0.08024,0.05408,0.10617,0.11643,0.09590,0.13012,0.13387
0.12948,0.07076,0.06921,0.04592,0.14863,0.15400,0.05828,0.10513,0.10374,0.11484
0.10912,0.01777,0.02776,0.01583,0.09700,0.23646,0.23646,0.03650,0.10568,0.11742
0.08161,0.07139,0.05122,0.03665,0.05515,0.05162,0.06956,0.05805,0.25267,0.27209
0.02645,0.07054,0.16930,0.03501,0.07573,0.28165,0.10804,0.16123,0.03136,0.04070
0.14113,0.15338,0.09532,0.09727,0.11648,0.11526,0.07882,0.02416,0.08587,0.09230
0.04930,0.01669,0.02486,0.01656,0.04692,0.41815,0.34703,0.02474,0.02678,0.02898
0.01563,0.00710,0.00693,0.00606,0.01665,0.02225,0.31726,0.01652,0.27778,0.31382
0.08794,0.04461,0.06802,0.04281,0.07628,0.05083,0.49522,0.07199,0.03240,0.02990
0.17611,0.18141,0.03482,0.27954,0.02219,0.06356,0.08316,0.02739,0.06273,0.06910
0.06317,0.02036,0.03732,0.02074,0.12419,0.29822,0.12455,0.01686,0.13946,0.15513
0.06252,0.03963,0.05715,0.03162,0.07365,0.09420,0.54398,0.04793,0.02537,0.02395
0.12969,0.14613,0.06177,0.08869,0.07433,0.14856,0.06440,0.02933,0.13383,0.12326
0.06485,0.03578,0.07216,0.02729,0.06633,0.02272,0.55228,0.02604,0.06859,0.06396
0.15133,0.16684,0.06934,0.07809,0.09728,0.05578,0.16332,0.13640,0.03770,0.04392
0.06882,0.08236,0.16339,0.06449,0.09781,0.14027,0.10771,0.13015,0.06364,0.08135
0.06727,0.09355,0.10701,0.08455,0.07633,0.14529,0.06442,0.02820,0.15753,0.17585
0.03443,0.03865,0.04448,0.03665,0.03009,0.13252,0.19063,0.09552,0.18588,0.21115
0.28372,0.02771,0.02627,0.02933,0.13975,0.13622,0.23105,0.04760,0.03675,0.04159
0.04259,0.09762,0.06175,0.06730,0.04751,0.01650,0.45802,0.05846,0.06486,0.08539
0.03106,0.02732,0.10223,0.01538,0.12205,0.04783,0.04241,0.56683,0.02102,0.02387
0.05912,0.18402,0.07805,0.18340,0.04937,0.09024,0.11366,0.09337,0.06357,0.08520
0.20282,0.03485,0.06256,0.03055,0.10362,0.14875,0.11730,0.12515,0.08480,0.08961
0.06856,0.10004,0.05661,0.07913,0.04978,0.13434,0.12097,0.09431,0.13338,0.16287
0.06419,0.13275,0.05357,0.12971,0.10191,0.04504,0.24077,0.12313,0.05218,0.05675
0.21959,0.02961,0.02891,0.02758,0.11319,0.06320,0.33402,0.03666,0.07434,0.07290
0.03623,0.02703,0.02929,0.02420,0.02968,0.06636,0.06397,0.02952,0.33832,0.35538
0.14388,0.06679,0.07217,0.09505,0.11004,0.28623,0.05912,0.04988,0.05053,0.06630
0.03128,0.04795,0.06246,0.03999,0.04085,0.06341,0.19843,0.09962,0.20967,0.20634
0.07607,0.08063,0.11203,0.07162,0.12599,0.03645,0.13640,0.10085,0.12091,0.13904
0.14875,0.06106,0.02199,0.06057,0.09152,0.02413,0.32064,0.14393,0.05457,0.07283
0.03033,0.03953,0.12575,0.02154,0.16038,0.08046,0.40420,0.02908,0.05625,0.05249
0.07791,0.07514,0.21413,0.05006,0.22839,0.07158,0.11533,0.07224,0.04268,0.05255
0.07074,0.01977,0.02476,0.01663,0.03840,0.33739,0.08722,0.04028,0.17923,0.18558
0.05196,0.04289,0.10538,0.03311,0.10223,0.23764,0.12501,0.10904,0.09527,0.09747
0.03595,0.03281,0.04458,0.02429,0.04220,0.07396,0.05021,0.04035,0.31511,0.34054
0.02570,0.35654,0.14875,0.26825,0.03920,0.02632,0.02716,0.01683,0.04528,0.04597
0.22515,0.04271,0.03274,0.11844,0.15270,0.04740,0.09829,0.07606,0.09286,0.11366
0.02486,0.05599,0.05542,0.03894,0.03034,0.02061,0.30671,0.28982,0.08297,0.09434
0.18756,0.06912,0.11225,0.07212,0.17570,0.22735,0.04700,0.02655,0.04347,0.03887
0.11992,0.06269,0.09404,0.06596,0.10938,0.02787,0.25510,0.05564,0.10259,0.10684
0.10585,0.02716,0.05556,0.02760,0.18510,0.21614,0.21568,0.03730,0.05552,0.07408
0.19240,0.08685,0.10875,0.22916,0.04713,0.17925,0.05018,0.01869,0.03817,0.04941
0.01510,0.02159,0.02291,0.02350,0.01566,0.02737,0.49669,0.29052,0.03652,0.05013
0.03905,0.06773,0.13769,0.04750,0.06558,0.02162,0.16402,0.37537,0.03754,0.04391
0.04812,0.03754,0.05470,0.01841,0.06703,0.08708,0.49395,0.05236,0.06062,0.08019
0.02957,0.08572,0.07055,0.06276,0.03529,0.01674,0.14004,0.32412,0.10425,0.13096
0.11592,0.19318,0.06251,0.22201,0.06654,0.04151,0.07612,0.05010,0.08284,0.08928
0.06501,0.04211,0.01567,0.03802,0.06098,0.15320,0.04691,0.02058,0.26083,0.29670
0.16595,0.19356,0.10161,0.03677,0.15424,0.13006,0.11078,0.02046,0.04102,0.04554
0.02810,0.01990,0.17687,0.01431,0.02723,0.01792,0.14206,0.01682,0.26211,0.29467
0.05422,0.04260,0.01546,0.02431,0.01721,0.02280,0.71641,0.05291,0.02106,0.03301
0.04470,0.02493,0.07498,0.03307,0.07588,0.09490,0.51273,0.02875,0.05010,0.05995
0.01959,0.10410,0.27639,0.01734,0.36349,0.01707,0.15565,0.01388,0.01628,0.01621
0.09656,0.06245,0.08540,0.03662,0.09896,0.03363,0.38616,0.08632,0.04873,0.06516
0.02832,0.06941,0.17576,0.04926,0.06564,0.08100,0.20581,0.19431,0.05952,0.07097
0.02054,0.03439,0.05662,0.02472,0.02944,0.43099,0.06797,0.02002,0.13878,0.17653
0.05179,0.04383,0.02962,0.04150,0.08592,0.02482,0.05436,0.04242,0.30677,0.31897
0.08321,0.10209,0.24827,0.09781,0.25252,0.05182,0.07495,0.01669,0.03374,0.03889
0.29832,0.08959,0.03866,0.08778,0.15411,0.03904,0.19093,0.02039,0.03828,0.04291
0.06353,0.14987,0.17502,0.15735,0.20228,0.03621,0.10321,0.07206,0.01934,0.02112
0.02228,0.41707,0.01472,0.41565,0.03210,0.02153,0.03343,0.00739,0.01655,0.01928
0.10186,0.03289,0.06876,0.09738,0.04817,0.06026,0.13373,0.29866,0.06967,0.08864
0.23972,0.12681,0.07687,0.22530,0.13331,0.05460,0.02879,0.02090,0.04435,0.04935
0.08264,0.07675,0.03680,0.08540,0.04493,0.10398,0.39337,0.12468,0.02180,0.02964
0.21196,0.13612,0.05082,0.18696,0.11461,0.03646,0.10872,0.03953,0.05332,0.06152
0.26370,0.05121,0.03075,0.04456,0.13462,0.09011,0.12489,0.17830,0.03838,0.04347
0.03792,0.27737,0.08553,0.25679,0.03930,0.07272,0.05509,0.03564,0.05951,0.08014
0.05197,0.11272,0.18132,0.14080,0.07063,0.05073,0.21957,0.06077,0.05059,0.06090
0.22633,0.12720,0.10717,0.08299,0.22766,0.05915,0.11142,0.02728,0.01428,0.01652
0.04867,0.20447,0.06148,0.16194,0.04554,0.09567,0.17119,0.02152,0.09131,0.09821
0.34687,0.05211,0.02255,0.13189,0.22947,0.03649,0.10470,0.04211,0.01496,0.01884
0.14275,0.03255,0.01631,0.03308,0.07525,0.02262,0.12488,0.51941,0.01456,0.01859
0.16771,0.06465,0.13926,0.17915,0.09329,0.09161,0.11472,0.02729,0.04985,0.07248
0.17836,0.19497,0.09551,0.03589,0.14448,0.06154,0.12951,0.03302,0.05962,0.06712
0.04352,0.03503,0.03325,0.05550,0.02748,0.04954,0.59928,0.03936,0.04837,0.06867
0.15364,0.09305,0.02922,0.09748,0.21285,0.02992,0.13943,0.01478,0.10073,0.12889
0.09475,0.03590,0.07430,0.12698,0.04029,0.06550,0.23150,0.09188,0.09955,0.13934
0.04921,0.27444,0.08995,0.26634,0.04498,0.04290,0.07780,0.05943,0.04472,0.05024
0.02961,0.03829,0.03220,0.02704,0.03679,0.03862,0.09113,0.02584,0.32298,0.35750
0.02644,0.01458,0.02645,0.02038,0.02699,0.01936,0.15174,0.14186,0.28074,0.29146
0.32474,0.02014,0.03078,0.13256,0.20665,0.11725,0.02646,0.05707,0.04087,0.04348
0.18696,0.02693,0.12346,0.24101,0.05517,0.04397,0.13789,0.06680,0.05046,0.06733
0.04227,0.05600,0.17229,0.03176,0.08714,0.24039,0.22237,0.09155,0.02465,0.03158
0.20609,0.01759,0.05503,0.01706,0.18796,0.22535,0.18070,0.04043,0.03210,0.03768
0.05086,0.22483,0.10325,0.18104,0.05766,0.16574,0.10270,0.03891,0.03418,0.04083
0.15268,0.10297,0.21663,0.09458,0.20195,0.04808,0.06682,0.03310,0.03705,0.04615
0.12611,0.10948,0.17159,0.10276,0.15237,0.18502,0.06594,0.02692,0.02715,0.03266
0.03578,0.03340,0.06350,0.02933,0.03552,0.04761,0.41781,0.20249,0.05876,0.07580
0.20880,0.10684,0.11189,0.10578,0.11212,0.05449,0.17425,0.05120,0.03444,0.04020
0.05702,0.02122,0.01722,0.02046,0.07364,0.04376,0.08966,0.10305,0.28991,0.28405
0.11946,0.02676,0.04293,0.06238,0.08497,0.05259,0.40487,0.08837,0.05452,0.06316
0.15255,0.13082,0.06300,0.09972,0.14296,0.02412,0.12082,0.08862,0.08115,0.09625
0.12176,0.18371,0.06629,0.17530,0.27965,0.02861,0.05880,0.03845,0.01990,0.02753
0.04180,0.02757,0.05532,0.03614,0.05987,0.04077,0.06263,0.07430,0.28730,0.31430
0.33740,0.04463,0.04557,0.05624,0.17039,0.02938,0.27012,0.01527,0.01493,0.01608
0.21959,0.08908,0.07032,0.08212,0.17846,0.06253,0.16304,0.07964,0.02392,0.03129
0.09603,0.02121,0.08073,0.02197,0.17192,0.04871,0.34875,0.06877,0.06638,0.07552
0.03232,0.17400,0.03699,0.18005,0.03449,0.05910,0.10535,0.31917,0.02539,0.03315
0.16039,0.15900,0.04729,0.06730,0.06080,0.12906,0.11369,0.06463,0.08670,0.11115
0.05147,0.04689,0.15317,0.03876,0.17906,0.11543,0.17304,0.11861,0.05198,0.07160
0.09330,0.21134,0.04401,0.27509,0.03179,0.08888,0.07213,0.02146,0.07754,0.08447
0.11980,0.15043,0.09796,0.14850,0.11233,0.04087,0.07296,0.05786,0.09170,0.10759
0.10575,0.11294,0.07028,0.11805,0.06542,0.03525,0.33032,0.02957,0.05780,0.07463
0.18583,0.02932,0.23530,0.29310,0.12456,0.02688,0.05640,0.01277,0.01577,0.02007
0.09471,0.04161,0.15568,0.03717,0.08952,0.02927,0.48354,0.03089,0.01574,0.02186
0.25123,0.06130,0.03980,0.05510,0.14718,0.15544,0.09325,0.02576,0.08498,0.08597
0.06356,0.05919,0.07612,0.03630,0.07912,0.07762,0.07565,0.04298,0.24534,0.24412
0.07383,0.06635,0.08956,0.04437,0.05608,0.08741,0.11282,0.12289,0.16423,0.18245
0.04357,0.29583,0.07342,0.27633,0.05788,0.09739,0.03962,0.06040,0.02328,0.03229
0.17011,0.26888,0.03168,0.32518,0.02656,0.04999,0.03475,0.01845,0.03773,0.03667
0.02373,0.01781,0.01827,0.01566,0.01370,0.05919,0.03242,0.01690,0.39548,0.40683
0.08029,0.05418,0.05756,0.05709,0.07523,0.07288,0.31779,0.20468,0.03652,0.04378
0.02268,0.02231,0.06153,0.01230,0.07382,0.04352,0.66796,0.02896,0.03245,0.03446
0.07957,0.05467,0.09424,0.04573,0.09689,0.13889,0.25502,0.16202,0.03559,0.03739
0.18675,0.04764,0.05994,0.05181,0.10513,0.02937,0.13846,0.02599,0.17492,0.17998
0.07022,0.31276,0.04505,0.28757,0.03900,0.07787,0.04265,0.04367,0.03737,0.04384
0.19233,0.04176,0.10177,0.03668,0.11663,0.05357,0.16837,0.04129,0.12228,0.12533
0.05196,0.04541,0.09615,0.04605,0.09128,0.05522,0.19804,0.13258,0.12999,0.15332
0.03739,0.04123,0.03443,0.03608,0.03350,0.57838,0.09675,0.03228,0.04786,0.06210
0.11033,0.06610,0.05025,0.06786,0.09218,0.11670,0.09334,0.07987,0.14605,0.17731
0.07528,0.03872,0.05397,0.03695,0.07414,0.03927,0.55999,0.03547,0.03891,0.04731
0.13961,0.22123,0.08693,0.18588,0.10081,0.07716,0.09833,0.04043,0.02479,0.02484
0.07654,0.08578,0.07301,0.07464,0.08110,0.04451,0.40217,0.05058,0.04654,0.06512
0.29387,0.11417,0.06541,0.05762,0.26733,0.03135,0.04538,0.05365,0.03082,0.04039
0.07921,0.13071,0.20551,0.07638,0.24763,0.03387,0.05732,0.07991,0.04199,0.04746
0.07549,0.07400,0.11202,0.09683,0.10832,0.07401,0.05056,0.07677,0.15655,0.17546
0.05430,0.03544,0.03185,0.03076,0.03669,0.04341,0.28427,0.39387,0.04714,0.04226
0.08453,0.03985,0.04538,0.03527,0.07314,0.10528,0.05259,0.05093,0.25001,0.26302
0.31670,0.01502,0.02146,0.01139,0.25367,0.08603,0.16858,0.05879,0.02919,0.03917
0.03217,0.03036,0.05659,0.02880,0.07128,0.41187,0.11848,0.05019,0.09084,0.10941
0.08346,0.06132,0.15652,0.01539,0.17230,0.03507,0.15165,0.07232,0.12667,0.12531
0.15553,0.03724,0.07869,0.07294,0.13452,0.23740,0.14870,0.07718,0.02454,0.03325
0.08001,0.04997,0.03203,0.04650,0.06528,0.06301,0.07755,0.03475,0.26685,0.28405
0.08223,0.04371,0.02560,0.04376,0.02046,0.15140,0.05941,0.03556,0.25869,0.27916
0.04988,0.04178,0.25787,0.03572,0.27703,0.04264,0.09738,0.12437,0.03516,0.03817
0.03531,0.01567,0.03838,0.01153,0.04450,0.05784,0.35331,0.02636,0.20510,0.21200
0.10750,0.07418,0.06190,0.11548,0.04610,0.03291,0.32029,0.06145,0.07845,0.10175
0.07469,0.11486,0.14107,0.04645,0.17516,0.09074,0.09607,0.06235,0.08789,0.11072
0.07670,0.01997,0.07715,0.02154,0.06346,0.10380,0.11415,0.02557,0.23993,0.25774
0.05974,0.04475,0.26039,0.03228,0.28109,0.03696,0.05594,0.17002,0.02714,0.03170
0.02934,0.08484,0.20995,0.01925,0.28795,0.03536,0.24094,0.01910,0.03787,0.03540
0.10336,0.04914,0.19845,0.05950,0.31827,0.08072,0.12782,0.01860,0.01967,0.02448
0.17279,0.10000,0.19595,0.08814,0.16901,0.03805,0.04627,0.08723,0.04640,0.05618
0.12586,0.08945,0.15688,0.07760,0.06824,0.07539,0.28981,0.03210,0.03917,0.04548
0.10213,0.03618,0.03524,0.03077,0.04795,0.02661,0.54381,0.06218,0.05585,0.05929
0.12773,0.04363,0.03546,0.04155,0.06509,0.06229,0.12126,0.33527,0.08353,0.08420
0.10735,0.05604,0.12739,0.06137,0.11581,0.23803,0.18461,0.05395,0.02305,0.03240
0.04032,0.03358,0.04075,0.03064,0.04518,0.22374,0.29035,0.05361,0.11354,0.12829
0.38705,0.05126,0.03533,0.04637,0.17754,0.11122,0.10282,0.04525,0.02073,0.02242
0.10491,0.10529,0.03024,0.08420,0.11124,0.15286,0.08902,0.15284,0.08154,0.08786
0.01656,0.01994,0.01683,0.02264,0.02997,0.01598,0.10366,0.70548,0.03415,0.03479
0.18194,0.24642,0.06819,0.23907,0.11603,0.03220,0.06752,0.01352,0.01519,0.01993
0.03770,0.09875,0.08423,0.07321,0.04838,0.01547,0.33999,0.21935,0.03766,0.04524
0.21059,0.03352,0.02727,0.10616,0.12411,0.09323,0.28931,0.01657,0.04328,0.05596
0.02639,0.03747,0.36661,0.03572,0.04699,0.03275,0.28979,0.04566,0.05428,0.06433
0.21230,0.10412,0.05520,0.09461,0.34430,0.03093,0.04151,0.02608,0.03949,0.05145
0.13264,0.19613,0.12267,0.16492,0.11366,0.04960,0.07486,0.03980,0.05282,0.05289
0.17370,0.04074,0.05129,0.08315,0.11203,0.10943,0.21575,0.01767,0.08988,0.10635
0.06823,0.07211,0.08723,0.05004,0.10356,0.05671,0.05829,0.02394,0.23431,0.24559
0.08913,0.07739,0.06235,0.05823,0.07375,0.06787,0.09978,0.36458,0.05175,0.05517
0.01743,0.01926,0.02433,0.01950,0.01766,0.47722,0.05805,0.02801,0.15748,0.18107
0.02977,0.05168,0.05624,0.03863,0.04200,0.08041,0.11358,0.08998,0.23441,0.26330
0.06123,0.07201,0.08256,0.02246,0.11652,0.04477,0.21110,0.04421,0.16961,0.17552
0.10707,0.05212,0.07563,0.07862,0.11794,0.24131,0.24077,0.02730,0.02659,0.03265
0.11383,0.03041,0.02489,0.02724,0.07221,0.07864,0.26685,0.04592,0.16373,0.17628
0.16523,0.02540,0.06415,0.02723,0.13077,0.03030,0.43896,0.04053,0.03932,0.03811
0.06497,0.05593,0.04203,0.06346,0.07242,0.03679,0.48182,0.02154,0.06673,0.09431
0.08023,0.06842,0.03654,0.04694,0.03714,0.28672,0.09199,0.06344,0.12961,0.15899
0.06586,0.10803,0.20710,0.03289,0.24783,0.01507,0.05097,0.24206,0.01378,0.01640
0.22410,0.12349,0.09577,0.10407,0.10142,0.02134,0.09605,0.05893,0.07967,0.09516
0.07656,0.04097,0.03955,0.07998,0.03129,0.04960,0.26144,0.16020,0.12052,0.13988
0.10123,0.06366,0.28536,0.06785,0.21950,0.03529,0.07354,0.08105,0.03431,0.03822
0.09994,0.10686,0.09697,0.03968,0.11629,0.26376,0.04927,0.08340,0.06459,0.07924
0.11183,0.08659,0.19189,0.08233,0.18102,0.04430,0.13645,0.03107,0.06145,0.07308
0.04710,0.08453,0.16745,0.07546,0.04835,0.09241,0.20087,0.05349,0.10215,0.12819
0.25465,0.25886,0.06072,0.03164,0.11665,0.05343,0.09236,0.05385,0.03538,0.04247
0.12033,0.21048,0.06490,0.19960,0.17666,0.04039,0.08332,0.04709,0.02414,0.03310
0.03449,0.02515,0.02239,0.02852,0.02692,0.05810,0.12120,0.61560,0.02916,0.03846
0.02519,0.01667,0.14527,0.01651,0.03177,0.03733,0.64236,0.01736,0.02696,0.04056
0.10400,0.10540,0.06506,0.02908,0.07686,0.38017,0.04055,0.05956,0.06818,0.07116
0.04309,0.06063,0.06333,0.04495,0.03644,0.08298,0.22580,0.27998,0.08253,0.08025
0.10498,0.04739,0.03837,0.04015,0.09530,0.04362,0.08885,0.09133,0.21123,0.23878
0.04752,0.02774,0.16302,0.01997,0.03915,0.06899,0.43879,0.07130,0.05162,0.07189
0.08171,0.09170,0.13833,0.07281,0.10061,0.04411,0.07774,0.19699,0.09220,0.10381
0.02293,0.01257,0.00977,0.01222,0.01738,0.03070,0.06532,0.27049,0.27482,0.28382
0.12391,0.05860,0.05845,0.15822,0.03215,0.05085,0.24043,0.16544,0.05429,0.05763
0.10457,0.23742,0.07340,0.20986,0.08828,0.06340,0.08215,0.05435,0.04501,0.04155
0.08654,0.11216,0.06732,0.14063,0.06529,0.03871,0.08476,0.03759,0.18086,0.18613
0.03116,0.02535,0.03601,0.02462,0.02522,0.04274,0.15245,0.03993,0.30586,0.31667
0.24309,0.07981,0.04097,0.02992,0.22196,0.03379,0.12032,0.16167,0.02920,0.03927
0.23112,0.23040,0.03108,0.04839,0.05271,0.24568,0.02370,0.01706,0.05350,0.06638
0.11377,0.03811,0.10856,0.04390,0.16842,0.18009,0.23884,0.01963,0.04121,0.04746
0.06515,0.06443,0.09775,0.03619,0.10328,0.07050,0.25889,0.03519,0.11634,0.15227
0.09435,0.10796,0.05857,0.11011,0.07430,0.28170,0.06264,0.05047,0.07932,0.08059
0.16136,0.04773,0.21860,0.23867,0.13929,0.03752,0.07359,0.02852,0.02363,0.03109
0.08123,0.06127,0.02465,0.05483,0.07166,0.27240,0.22543,0.07983,0.05989,0.06880
0.02909,0.02537,0.03972,0.01503,0.03878,0.02622,0.77460,0.01885,0.01276,0.01959
0.06163,0.04683,0.10402,0.04545,0.07040,0.05667,0.46067,0.07968,0.03560,0.03905
0.08501,0.09355,0.48076,0.06434,0.09021,0.04097,0.05918,0.02501,0.02501,0.03595
0.26719,0.24234,0.02006,0.22630,0.02580,0.03080,0.05151,0.02599,0.04429,0.06572
0.04262,0.02455,0.04041,0.03443,0.03333,0.05107,0.09939,0.42405,0.12874,0.12140
0.05236,0.02509,0.03608,0.02434,0.05934,0.16947,0.34704,0.05148,0.11853,0.11627
0.11761,0.12842,0.07900,0.03462,0.11635,0.02454,0.26496,0.17701,0.02655,0.03093
0.09482,0.23740,0.10604,0.19643,0.07652,0.12604,0.06059,0.02376,0.03847,0.03995
0.04805,0.03281,0.01312,0.03305,0.04280,0.24891,0.07020,0.04710,0.21586,0.24811
0.06116,0.03299,0.11287,0.03977,0.11186,0.10780,0.21427,0.12287,0.09805,0.09836
0.07068,0.23134,0.23851,0.15676,0.10487,0.02122,0.06497,0.04274,0.03009,0.03883
0.01967,0.02290,0.47075,0.01785,0.03468,0.04675,0.08041,0.02437,0.13321,0.14940
0.09951,0.04950,0.03443,0.04902,0.09203,0.20740,0.09986,0.04400,0.16297,0.16127
0.19256,0.04190,0.11718,0.03719,0.18087,0.05734,0.24970,0.04342,0.03589,0.04395
0.14403,0.11105,0.02743,0.07449,0.01978,0.25511,0.03558,0.05353,0.11693,0.16207
0.03545,0.05463,0.10618,0.07038,0.11480,0.18410,0.14165,0.14557,0.06006,0.08718
0.03381,0.02235,0.64830,0.02028,0.03477,0.04030,0.09079,0.01355,0.04117,0.05467
0.03979,0.01100,0.03431,0.01179,0.02713,0.04838,0.73939,0.01398,0.03231,0.04192
0.10145,0.07846,0.14719,0.06760,0.16861,0.02601,0.27854,0.07168,0.02728,0.03317
0.03252,0.11930,0.10792,0.11435,0.03036,0.04191,0.26960,0.23393,0.01988,0.03023
0.03641,0.16212,0.02292,0.15605,0.04918,0.03228,0.03151,0.45678,0.02698,0.02577
0.12580,0.01871,0.06741,0.15509,0.03079,0.05700,0.06808,0.03464,0.20417,0.23831
0.05553,0.04216,0.04669,0.04370,0.05270,0.14913,0.21516,0.05037,0.16693,0.17764
0.11332,0.27781,0.03392,0.33861,0.03982,0.02389,0.10375,0.03153,0.01627,0.02106
0.02824,0.11322,0.07545,0.09114,0.03257,0.02452,0.05481,0.03659,0.26493,0.27853
0.05306,0.05103,0.04048,0.02474,0.04457,0.10491,0.02598,0.01310,0.31032,0.33179
0.11238,0.15495,0.28203,0.11364,0.16203,0.01927,0.04646,0.07516,0.01412,0.01996
0.16420,0.07065,0.07408,0.07805,0.13372,0.02702,0.27656,0.03785,0.06381,0.07405
0.09735,0.02782,0.12481,0.03282,0.24857,0.03029,0.39396,0.01504,0.01224,0.01710
0.16109,0.20218,0.12365,0.05431,0.17008,0.07747,0.09408,0.02521,0.04032,0.05159
0.16744,0.09208,0.04008,0.05761,0.03719,0.07254,0.08476,0.35503,0.04803,0.04523
0.11004,0.09148,0.04664,0.08423,0.08105,0.05614,0.04894,0.02968,0.22373,0.22808
0.03578,0.02946,0.03719,0.02505,0.03576,0.04375,0.08863,0.37651,0.15785,0.17002
0.09446,0.11302,0.04434,0.08539,0.05809,0.27366,0.05069,0.06282,0.10787,0.10966
0.17332,0.14522,0.10414,0.21607,0.10575,0.03681,0.04626,0.03607,0.06071,0.07566
0.21345,0.23939,0.06351,0.06230,0.10647,0.04599,0.18461,0.04777,0.01616,0.02035
0.18123,0.07799,0.02800,0.07734,0.18509,0.04380,0.05929,0.02944,0.14809,0.16972
0.05537,0.10757,0.03008,0.09328,0.07582,0.02018,0.05540,0.05342,0.24812,0.26076
0.10408,0.11347,0.06900,0.07278,0.08745,0.31866,0.04797,0.03298,0.07532,0.07829
0.03901,0.17722,0.02915,0.16662,0.07095,0.19805,0.06690,0.03973,0.10087,0.11150
0.01731,0.00827,0.01642,0.00814,0.01411,0.03560,0.27455,0.01842,0.31038,0.29680
0.25818,0.05219,0.09493,0.12738,0.19266,0.12561,0.05859,0.02547,0.02895,0.03604
0.08891,0.07142,0.11050,0.07014,0.10099,0.02453,0.17947,0.05237,0.14799,0.15367
0.05496,0.20226,0.01481,0.19809,0.11525,0.16607,0.04739,0.08503,0.05342,0.06272
0.06986,0.06450,0.07619,0.03884,0.08975,0.04456,0.12644,0.38604,0.05160,0.05222
0.06009,0.07576,0.07246,0.05073,0.09506,0.04842,0.40835,0.03953,0.07613,0.07345
0.11330,0.12143,0.04289,0.11112,0.08097,0.02713,0.10834,0.02792,0.17382,0.19308
0.04151,0.02871,0.02265,0.03386,0.04134,0.07951,0.03596,0.54053,0.07805,0.09786
0.32757,0.04422,0.04659,0.14026,0.21247,0.04391,0.03963,0.04981,0.04725,0.04830
0.02236,0.01912,0.03129,0.02270,0.03331,0.05091,0.72092,0.04643,0.02174,0.03121
