0.14021,0.03194,0.02880,0.15474,0.01352,0.14871,0.02115,0.02580,0.01419,0.16500,0.01214,0.09652,0.07604,0.01102,0.00834,0.01179,0.00830,0.00900,0.00745,0.01536
0.06375,0.05960,0.03722,0.37146,0.02209,0.05503,0.03118,0.04143,0.02225,0.05891,0.01888,0.04125,0.03639,0.01727,0.01914,0.01520,0.01694,0.01607,0.01713,0.03880
0.16291,0.07961,0.07024,0.08610,0.04933,0.17334,0.02587,0.04447,0.02323,0.09281,0.02420,0.01898,0.01973,0.01808,0.02239,0.01707,0.01482,0.00996,0.02870,0.01815
0.14029,0.03828,0.06376,0.12166,0.03197,0.23635,0.03003,0.04034,0.02036,0.12353,0.02134,0.02978,0.02830,0.00855,0.01261,0.01056,0.01169,0.00926,0.00876,0.01258
0.11228,0.04081,0.07258,0.26639,0.02469,0.09809,0.02503,0.04320,0.01413,0.13897,0.01562,0.03917,0.03312,0.00982,0.00806,0.01176,0.01433,0.00830,0.00869,0.01496
0.30169,0.04811,0.05055,0.06794,0.03017,0.09908,0.03195,0.04086,0.03054,0.12002,0.01863,0.03172,0.02733,0.01360,0.01326,0.01437,0.01210,0.01385,0.01878,0.01543
0.08394,0.03381,0.03253,0.24616,0.03430,0.06400,0.02307,0.02431,0.02068,0.23936,0.01266,0.02075,0.02440,0.01484,0.01985,0.01101,0.02670,0.01855,0.01757,0.03148
0.14085,0.12977,0.06155,0.13381,0.03705,0.11884,0.03402,0.07329,0.03016,0.10183,0.01997,0.01517,0.01326,0.01184,0.01471,0.01124,0.01383,0.01093,0.01332,0.01457
0.13245,0.14103,0.05002,0.09116,0.04739,0.11223,0.02720,0.03843,0.02482,0.12304,0.02602,0.03344,0.03189,0.01678,0.01725,0.01742,0.01570,0.01610,0.01587,0.02177
0.14730,0.05219,0.03734,0.13105,0.02810,0.06581,0.02228,0.03239,0.02422,0.08658,0.02520,0.18590,0.05545,0.01393,0.01063,0.01295,0.01682,0.01631,0.01726,0.01828
0.14303,0.05267,0.05733,0.16020,0.02950,0.16751,0.03633,0.03746,0.01974,0.13508,0.01479,0.02686,0.02731,0.01457,0.01343,0.01151,0.01318,0.01114,0.01295,0.01542
0.13506,0.06359,0.04091,0.08293,0.06185,0.08656,0.06555,0.04341,0.02538,0.11523,0.04192,0.02946,0.02417,0.02001,0.04251,0.03514,0.02168,0.02715,0.01383,0.02365
0.09758,0.04472,0.14140,0.19091,0.02330,0.16600,0.03076,0.07231,0.02129,0.09980,0.01182,0.01324,0.01263,0.01201,0.00878,0.00827,0.00804,0.00851,0.00910,0.01953
0.11678,0.05136,0.04575,0.17138,0.02340,0.14761,0.03303,0.03949,0.02062,0.15529,0.01728,0.02578,0.03241,0.01878,0.01768,0.01466,0.01457,0.01370,0.01393,0.02652
0.18601,0.04053,0.05345,0.12611,0.02745,0.19839,0.02864,0.03032,0.01628,0.11721,0.02968,0.03239,0.03745,0.01142,0.01173,0.01112,0.01315,0.01095,0.00894,0.00876
0.08191,0.05164,0.07370,0.12764,0.03200,0.09224,0.03340,0.04363,0.02042,0.09324,0.01822,0.13472,0.09884,0.01158,0.01195,0.01235,0.01746,0.01672,0.00927,0.01906
0.14453,0.08812,0.05135,0.10236,0.03970,0.08420,0.04589,0.07858,0.04420,0.09922,0.03688,0.03028,0.02382,0.01690,0.01732,0.02082,0.01628,0.01539,0.02022,0.02394
0.12032,0.04903,0.08580,0.07335,0.03525,0.07018,0.03200,0.04837,0.02313,0.30660,0.02944,0.01359,0.01209,0.01424,0.01621,0.01670,0.01185,0.01319,0.01426,0.01439
0.17084,0.04260,0.05400,0.06832,0.02969,0.15479,0.02238,0.03464,0.02280,0.19338,0.02432,0.03230,0.03366,0.01660,0.01682,0.02212,0.01313,0.01465,0.01133,0.02163
0.08408,0.08869,0.04323,0.09807,0.04815,0.12927,0.04192,0.05588,0.03594,0.10059,0.03438,0.01776,0.01707,0.02178,0.02795,0.02974,0.03054,0.04067,0.03463,0.01965
0.16993,0.15537,0.05215,0.05520,0.03251,0.13375,0.03268,0.03572,0.02354,0.12696,0.03103,0.02020,0.01749,0.01317,0.01269,0.01605,0.01410,0.01770,0.02022,0.01952
0.13468,0.05012,0.05152,0.08227,0.03635,0.14755,0.03188,0.05167,0.02618,0.07408,0.02303,0.07352,0.05624,0.02164,0.02192,0.02205,0.01861,0.01740,0.02661,0.03268
0.12892,0.06285,0.06435,0.12843,0.02931,0.13470,0.03861,0.03889,0.02257,0.14294,0.01841,0.04865,0.04013,0.01251,0.01808,0.01453,0.01416,0.01370,0.01214,0.01610
0.14129,0.03891,0.03888,0.05787,0.02836,0.32159,0.03620,0.03348,0.01509,0.06884,0.01552,0.05042,0.04239,0.02092,0.01719,0.01683,0.01120,0.01323,0.01179,0.02001
0.06912,0.04173,0.03535,0.23706,0.03556,0.08611,0.03934,0.03724,0.03485,0.08522,0.04959,0.05661,0.03536,0.02925,0.02036,0.02140,0.02270,0.01509,0.02374,0.02431
0.05586,0.06433,0.04854,0.15591,0.02733,0.06153,0.03213,0.03765,0.02217,0.12962,0.03425,0.09891,0.09449,0.01788,0.01939,0.01824,0.01977,0.02418,0.01989,0.01792
0.07295,0.07989,0.04628,0.18551,0.02393,0.16883,0.02791,0.03332,0.02938,0.15348,0.01589,0.02879,0.02229,0.01610,0.01262,0.01704,0.01421,0.01011,0.01008,0.03141
0.10421,0.05705,0.06108,0.17426,0.03081,0.13009,0.03495,0.04074,0.01796,0.19357,0.01696,0.02470,0.02065,0.01284,0.01279,0.01212,0.01445,0.01187,0.01347,0.01545
0.10936,0.04379,0.03108,0.13312,0.01557,0.15160,0.02128,0.02446,0.01464,0.30621,0.01949,0.01576,0.01782,0.01598,0.01279,0.01120,0.01094,0.00952,0.01499,0.02040
0.19280,0.04446,0.04379,0.10916,0.03087,0.17983,0.04498,0.06350,0.02624,0.03636,0.02896,0.04651,0.03397,0.01870,0.01435,0.01831,0.01539,0.01400,0.01549,0.02231
0.07954,0.04846,0.08815,0.16291,0.02350,0.13450,0.02416,0.03696,0.01474,0.08387,0.01601,0.10309,0.10089,0.01131,0.01139,0.01330,0.01028,0.01056,0.00682,0.01957
0.04834,0.08954,0.03674,0.09123,0.03532,0.23220,0.04413,0.02822,0.02547,0.06360,0.04291,0.02225,0.01609,0.01368,0.03032,0.06735,0.01955,0.02088,0.01535,0.05683
0.17983,0.04411,0.04929,0.06704,0.03400,0.21894,0.02872,0.04962,0.02015,0.05960,0.03041,0.05200,0.05511,0.01538,0.01531,0.01479,0.01783,0.01293,0.01560,0.01933
0.09618,0.04381,0.02980,0.07098,0.02316,0.10023,0.01837,0.02708,0.01276,0.09467,0.01621,0.18123,0.19711,0.01168,0.01516,0.01163,0.01202,0.01115,0.00884,0.01792
0.07135,0.07455,0.04023,0.13896,0.03695,0.13855,0.02689,0.04237,0.01882,0.14690,0.02890,0.02412,0.02482,0.02348,0.04154,0.02412,0.02233,0.02660,0.02160,0.02690
0.05349,0.03766,0.04105,0.09013,0.02328,0.06730,0.03152,0.02828,0.01954,0.06621,0.01540,0.20832,0.22107,0.01051,0.01396,0.00974,0.01183,0.01337,0.01598,0.02137
0.17852,0.06869,0.05264,0.06025,0.03938,0.11880,0.03324,0.05027,0.03025,0.14065,0.02317,0.02884,0.02943,0.01659,0.02083,0.02000,0.02199,0.01852,0.02200,0.02596
0.06876,0.05582,0.06207,0.08552,0.04450,0.12009,0.04644,0.04162,0.03343,0.12341,0.03379,0.04337,0.04051,0.02563,0.03448,0.02498,0.02433,0.03015,0.03068,0.03041
0.06881,0.04936,0.04950,0.12452,0.01695,0.07406,0.03234,0.03035,0.02806,0.33263,0.02152,0.02024,0.02178,0.02022,0.01926,0.01632,0.01900,0.01509,0.01281,0.02718
0.08701,0.02150,0.04142,0.09552,0.01538,0.32904,0.02480,0.03071,0.01685,0.20907,0.01353,0.01817,0.01840,0.01242,0.00934,0.01373,0.00980,0.00764,0.00859,0.01708
0.06364,0.06431,0.04433,0.25637,0.02230,0.09944,0.02099,0.04175,0.01673,0.07693,0.02443,0.06209,0.04541,0.01516,0.02417,0.02501,0.02699,0.02635,0.01197,0.03163
0.08748,0.05898,0.05652,0.09815,0.04929,0.10681,0.03847,0.05935,0.03178,0.12165,0.03997,0.04573,0.04998,0.02098,0.02119,0.01877,0.01364,0.01891,0.03144,0.03091
0.08391,0.15040,0.11713,0.09278,0.03271,0.13734,0.03037,0.06157,0.02200,0.09864,0.02096,0.02647,0.02391,0.01582,0.01139,0.01716,0.01167,0.01467,0.01032,0.02078
0.09837,0.09156,0.03752,0.13777,0.04152,0.08454,0.02916,0.02737,0.02241,0.14804,0.03190,0.06490,0.04603,0.01763,0.02414,0.02418,0.01545,0.01673,0.01662,0.02414
0.21539,0.10571,0.04921,0.04304,0.03904,0.12391,0.04251,0.04930,0.03096,0.11436,0.01780,0.03784,0.02984,0.01430,0.01261,0.01385,0.01388,0.01297,0.01347,0.02002
0.03507,0.05401,0.03684,0.33868,0.02711,0.04418,0.02782,0.03496,0.02067,0.17004,0.03062,0.02980,0.02351,0.01549,0.02864,0.02131,0.01851,0.01455,0.01368,0.01450
0.13788,0.03194,0.03566,0.06697,0.02027,0.31793,0.02746,0.03681,0.01666,0.08790,0.01232,0.04910,0.05250,0.01608,0.02115,0.01281,0.00886,0.01251,0.01266,0.02253
0.13304,0.04310,0.05298,0.07506,0.02905,0.08326,0.02716,0.04267,0.02482,0.18631,0.02232,0.06209,0.06177,0.01928,0.03655,0.01737,0.02099,0.02258,0.02054,0.01905
0.07338,0.03668,0.02733,0.11802,0.01708,0.05278,0.01840,0.02865,0.01551,0.50658,0.00948,0.01608,0.01575,0.00828,0.00857,0.00752,0.00901,0.00793,0.00969,0.01328
0.14707,0.04748,0.04569,0.06368,0.03081,0.10832,0.03484,0.04276,0.02606,0.07537,0.05910,0.08532,0.06017,0.02288,0.02098,0.03010,0.03266,0.01984,0.01972,0.02716
0.06254,0.09085,0.07909,0.25047,0.02867,0.09832,0.02593,0.04065,0.02179,0.14702,0.02190,0.01913,0.01679,0.01320,0.01208,0.01495,0.01329,0.01154,0.01128,0.02050
0.11594,0.03485,0.05227,0.10250,0.02204,0.15278,0.02505,0.06198,0.02668,0.12764,0.02161,0.03881,0.05739,0.01857,0.02466,0.02254,0.02044,0.01501,0.02363,0.03563
0.10143,0.07145,0.07221,0.15194,0.04778,0.16560,0.03967,0.04853,0.03096,0.12839,0.01639,0.01136,0.01250,0.01304,0.01411,0.01375,0.01342,0.01548,0.01314,0.01886
0.07516,0.04760,0.04491,0.08147,0.03068,0.12764,0.03501,0.04130,0.02307,0.14763,0.06572,0.02905,0.03090,0.02079,0.02737,0.04343,0.03072,0.02243,0.02951,0.04564
0.08368,0.03456,0.06456,0.08401,0.03830,0.11093,0.03573,0.04155,0.03036,0.19717,0.02759,0.05374,0.06174,0.02083,0.02559,0.01830,0.01689,0.01808,0.01902,0.01737
0.12675,0.02229,0.04300,0.05135,0.02585,0.42915,0.02201,0.03490,0.02464,0.05477,0.01345,0.03888,0.03862,0.00939,0.01173,0.01144,0.01032,0.00838,0.01056,0.01251
0.26480,0.03240,0.02934,0.06913,0.01947,0.24505,0.02425,0.02894,0.01741,0.12620,0.01913,0.02183,0.01546,0.00937,0.01206,0.01643,0.01154,0.01335,0.00979,0.01407
0.12474,0.09813,0.04963,0.14681,0.03078,0.10811,0.04278,0.04280,0.03992,0.15667,0.03072,0.01374,0.01110,0.01921,0.01451,0.01347,0.01560,0.01514,0.01400,0.01213
0.08350,0.07421,0.10033,0.05602,0.04472,0.09833,0.07994,0.06364,0.02591,0.06714,0.05915,0.03799,0.04170,0.02823,0.02792,0.01775,0.02003,0.02845,0.02386,0.02118
0.17289,0.03295,0.05686,0.05178,0.03363,0.17857,0.03307,0.03294,0.02642,0.13539,0.04371,0.03271,0.03289,0.01364,0.01698,0.02072,0.01926,0.01827,0.01762,0.02969
0.11586,0.04533,0.05105,0.21839,0.03898,0.12848,0.03409,0.03808,0.02188,0.08121,0.01991,0.05580,0.05619,0.01253,0.01281,0.01201,0.01401,0.01263,0.01519,0.01557
0.22264,0.03524,0.01643,0.13982,0.01662,0.07256,0.01666,0.02044,0.01379,0.36004,0.00880,0.01280,0.01021,0.00763,0.00759,0.00661,0.00664,0.00761,0.00753,0.01035
0.13553,0.05443,0.06456,0.11061,0.05446,0.14120,0.03402,0.06488,0.03497,0.07771,0.02895,0.02649,0.02405,0.01958,0.02355,0.02125,0.01848,0.02208,0.01978,0.02341
0.13173,0.05621,0.06672,0.15418,0.02658,0.15372,0.03654,0.03977,0.02121,0.18708,0.01323,0.01482,0.01547,0.01174,0.01195,0.00964,0.01149,0.01065,0.01143,0.01583
0.10080,0.12407,0.05590,0.09850,0.03344,0.10139,0.04224,0.06332,0.03311,0.16984,0.02141,0.02045,0.01591,0.01711,0.01480,0.01920,0.01106,0.01364,0.01430,0.02950
0.15618,0.03120,0.03264,0.06434,0.01804,0.22769,0.02227,0.02570,0.01539,0.29191,0.01158,0.01818,0.01855,0.01147,0.00854,0.00742,0.01089,0.00809,0.00809,0.01182
0.12467,0.03187,0.04429,0.06137,0.04089,0.16968,0.02554,0.03049,0.01793,0.06965,0.03210,0.06124,0.09374,0.02494,0.04492,0.02656,0.02648,0.03081,0.01826,0.02456
0.12567,0.04340,0.03460,0.10368,0.03015,0.11427,0.02146,0.02493,0.01576,0.20717,0.01884,0.09105,0.06376,0.01349,0.01495,0.01657,0.01338,0.01354,0.00743,0.02591
0.14266,0.06836,0.06144,0.10260,0.03598,0.15670,0.03248,0.04948,0.03429,0.14545,0.02128,0.01921,0.01748,0.01410,0.01754,0.01174,0.01416,0.01841,0.01599,0.02065
0.10065,0.05168,0.05023,0.11814,0.02214,0.22894,0.03093,0.03313,0.01613,0.15454,0.01972,0.02795,0.02441,0.01499,0.01758,0.01985,0.01565,0.01505,0.01181,0.02648
0.08017,0.11993,0.02577,0.11714,0.03706,0.32473,0.02790,0.02666,0.02071,0.06308,0.02367,0.00907,0.00840,0.01195,0.01306,0.01473,0.01120,0.01387,0.01880,0.03210
0.15570,0.02180,0.04284,0.10231,0.02492,0.10823,0.02484,0.02534,0.01696,0.28010,0.01680,0.04977,0.04157,0.01582,0.01034,0.01463,0.01309,0.01075,0.01106,0.01315
0.10503,0.08222,0.04531,0.11531,0.03074,0.13406,0.03150,0.04008,0.02162,0.13836,0.04819,0.03443,0.03207,0.01291,0.02276,0.03267,0.02455,0.01358,0.01369,0.02091
0.05851,0.10109,0.08370,0.11408,0.03511,0.08947,0.04235,0.06145,0.02830,0.07054,0.05691,0.04280,0.03474,0.02123,0.02624,0.02793,0.02705,0.02541,0.01768,0.03541
0.15570,0.02932,0.05056,0.08289,0.02558,0.18742,0.03512,0.03581,0.02005,0.15746,0.02291,0.03138,0.03822,0.02084,0.01827,0.02148,0.01733,0.01734,0.01495,0.01736
0.22112,0.04340,0.10548,0.07284,0.03469,0.07288,0.02194,0.04640,0.01626,0.21141,0.02624,0.01981,0.02075,0.01177,0.01266,0.01135,0.01016,0.01244,0.01519,0.01322
0.08008,0.02869,0.06751,0.12564,0.02044,0.24719,0.02888,0.04626,0.01753,0.11081,0.02577,0.02685,0.03009,0.02220,0.02571,0.01613,0.01793,0.02195,0.01367,0.02667
0.09387,0.03790,0.04180,0.12230,0.02695,0.22308,0.02132,0.02535,0.01870,0.09687,0.07333,0.02078,0.01939,0.01986,0.02782,0.01995,0.02335,0.02146,0.01741,0.04851
0.11894,0.04112,0.04313,0.11979,0.02254,0.22297,0.02205,0.02505,0.01849,0.17004,0.01687,0.04640,0.04324,0.01650,0.01427,0.01215,0.00979,0.01110,0.00860,0.01697
0.18051,0.04587,0.04507,0.05680,0.02808,0.17162,0.02593,0.03639,0.02263,0.23186,0.02386,0.02304,0.01758,0.01344,0.01213,0.01129,0.01046,0.01038,0.01530,0.01778
0.07861,0.03780,0.04555,0.25393,0.02452,0.09442,0.02666,0.02904,0.01264,0.23219,0.01162,0.02319,0.03081,0.01494,0.01434,0.01147,0.01140,0.01073,0.01175,0.02438
0.22229,0.08264,0.04696,0.16392,0.02435,0.14516,0.02503,0.03234,0.01613,0.04349,0.03087,0.04099,0.03290,0.01705,0.01213,0.01256,0.01289,0.01196,0.01140,0.01494
0.13100,0.06445,0.04238,0.20090,0.01727,0.16400,0.02215,0.04460,0.01796,0.17069,0.01410,0.01233,0.01321,0.01213,0.01284,0.01011,0.01226,0.01129,0.00933,0.01700
0.16518,0.02681,0.02208,0.07241,0.01873,0.10653,0.01884,0.01685,0.01480,0.19677,0.01908,0.15215,0.08503,0.01092,0.01286,0.01317,0.01214,0.01247,0.01094,0.01223
0.16356,0.05605,0.06787,0.06495,0.02638,0.30300,0.03899,0.03853,0.01410,0.09769,0.01299,0.02416,0.02486,0.01202,0.00806,0.00864,0.00724,0.00885,0.00830,0.01376
0.06910,0.07765,0.08805,0.19525,0.05038,0.06700,0.04008,0.08872,0.02709,0.10567,0.02789,0.01888,0.01859,0.01672,0.01874,0.01655,0.02172,0.01705,0.01104,0.02382
0.08664,0.10581,0.05754,0.13119,0.04875,0.09980,0.02833,0.04196,0.02692,0.13981,0.02915,0.04115,0.03480,0.02497,0.01818,0.01519,0.01275,0.01329,0.01574,0.02804
0.14482,0.05414,0.04622,0.09936,0.02561,0.10509,0.03514,0.03429,0.02637,0.21904,0.03815,0.02719,0.02597,0.01414,0.01820,0.01805,0.01991,0.01451,0.01354,0.02028
0.09541,0.06162,0.09883,0.06677,0.04164,0.13021,0.04316,0.06050,0.02704,0.10729,0.04603,0.02790,0.03404,0.03156,0.02297,0.01804,0.02017,0.02300,0.02261,0.02123
0.21816,0.04486,0.04276,0.10597,0.03566,0.17682,0.02743,0.03809,0.01560,0.12450,0.02253,0.02033,0.02116,0.01538,0.01488,0.01639,0.01385,0.01579,0.00897,0.02087
0.09345,0.04300,0.06157,0.04500,0.02972,0.18317,0.04554,0.03353,0.02016,0.15905,0.02966,0.05375,0.06429,0.02236,0.01858,0.01918,0.02127,0.02279,0.01662,0.01730
0.06237,0.03140,0.03606,0.08506,0.01904,0.06420,0.01956,0.02766,0.01214,0.06334,0.01946,0.31352,0.17691,0.00980,0.00937,0.01291,0.01159,0.00867,0.00670,0.01023
0.12306,0.10580,0.05141,0.15641,0.02905,0.14483,0.03972,0.03826,0.02686,0.05142,0.02441,0.03039,0.03370,0.01915,0.03278,0.01449,0.01962,0.01710,0.01948,0.02204
0.14257,0.05553,0.03861,0.28827,0.03002,0.11733,0.02206,0.04447,0.01782,0.12942,0.01280,0.01100,0.01043,0.01266,0.01081,0.00853,0.01176,0.01146,0.00875,0.01570
0.07541,0.05332,0.04783,0.18701,0.02019,0.07642,0.02253,0.02908,0.01784,0.06493,0.03051,0.09348,0.14713,0.01751,0.02121,0.01155,0.02718,0.02053,0.01292,0.02342
0.12076,0.05417,0.06224,0.11038,0.02913,0.13641,0.02490,0.04032,0.02063,0.14818,0.04749,0.04321,0.03111,0.02114,0.02349,0.01372,0.01567,0.01234,0.01714,0.02757
0.16006,0.06410,0.05265,0.18825,0.03205,0.16265,0.02196,0.02755,0.01907,0.15389,0.01153,0.01855,0.01851,0.01020,0.00955,0.00924,0.00837,0.01036,0.00877,0.01269
0.19552,0.02850,0.04783,0.05314,0.02840,0.16812,0.03638,0.02969,0.01983,0.12511,0.02171,0.03692,0.03939,0.02207,0.01813,0.02404,0.01717,0.01519,0.01652,0.05634
0.19060,0.03068,0.06818,0.06977,0.02556,0.19690,0.02669,0.05113,0.02710,0.13621,0.02092,0.03048,0.03175,0.01466,0.01200,0.01194,0.01098,0.01224,0.01473,0.01748
0.08926,0.03981,0.04012,0.28497,0.01852,0.06750,0.02619,0.03049,0.02102,0.25069,0.01038,0.02618,0.02934,0.00833,0.00882,0.00745,0.00909,0.00961,0.00905,0.01319
