0.09376,0.08791,0.08758,0.11523,0.03373,0.12170,0.04588,0.05596,0.02527,0.14232,0.01859,0.03231,0.03020,0.01942,0.01367,0.01476,0.01537,0.01537,0.01145,0.01951
0.12915,0.05500,0.03802,0.21990,0.02269,0.11835,0.03313,0.03708,0.01568,0.20891,0.01277,0.01496,0.01245,0.00915,0.01445,0.01133,0.01064,0.01155,0.00870,0.01608
0.09832,0.05772,0.08424,0.10988,0.04192,0.13687,0.04889,0.05066,0.03467,0.09286,0.02679,0.03856,0.03105,0.02408,0.02091,0.02405,0.02021,0.01755,0.01078,0.02999
0.10111,0.08987,0.08432,0.10617,0.05277,0.14371,0.03485,0.04984,0.03146,0.11369,0.02979,0.02781,0.02930,0.01282,0.01754,0.01196,0.01190,0.01098,0.02082,0.01928
0.10329,0.07239,0.07580,0.10911,0.04994,0.13509,0.04335,0.05834,0.02800,0.08688,0.03745,0.03295,0.02451,0.01900,0.01790,0.02207,0.02067,0.02003,0.01950,0.02371
0.10351,0.06865,0.05025,0.09744,0.04692,0.11868,0.04356,0.07245,0.02616,0.10126,0.01762,0.07703,0.07718,0.01529,0.01531,0.01685,0.01095,0.01126,0.00964,0.01999
0.08621,0.07985,0.06588,0.14437,0.05171,0.13194,0.03291,0.04767,0.02531,0.14431,0.01922,0.01752,0.01847,0.01483,0.02195,0.01357,0.02436,0.01534,0.01706,0.02752
0.16568,0.05898,0.04389,0.10521,0.02606,0.18475,0.03000,0.03791,0.01631,0.14853,0.02654,0.01900,0.02129,0.02229,0.01705,0.01494,0.01234,0.01134,0.01312,0.02477
0.11931,0.06995,0.07008,0.16475,0.02433,0.10645,0.04246,0.06568,0.01834,0.20652,0.01124,0.01274,0.01661,0.01074,0.00946,0.01135,0.00886,0.00958,0.01028,0.01126
0.12376,0.09300,0.08817,0.09480,0.03106,0.13498,0.03683,0.05176,0.02107,0.11240,0.01864,0.03453,0.03576,0.01383,0.01211,0.01231,0.02994,0.01445,0.01058,0.03000
0.18069,0.06263,0.08201,0.11527,0.03753,0.20496,0.02932,0.03583,0.01257,0.08513,0.01660,0.02961,0.02528,0.01059,0.01209,0.01059,0.01229,0.00951,0.00798,0.01952
0.09295,0.04803,0.04608,0.08046,0.03690,0.11236,0.02615,0.04274,0.03239,0.06675,0.02379,0.11214,0.12633,0.02372,0.02734,0.01903,0.02235,0.01775,0.01940,0.02336
0.13502,0.06790,0.06213,0.13058,0.04534,0.15144,0.03926,0.06022,0.03260,0.08117,0.02564,0.02949,0.02852,0.01379,0.01428,0.01784,0.01652,0.01502,0.01081,0.02242
0.14217,0.06588,0.06543,0.12890,0.03421,0.16932,0.03764,0.04144,0.02299,0.09017,0.03712,0.02976,0.02033,0.01479,0.01377,0.01586,0.01900,0.01339,0.01899,0.01883
0.08898,0.10221,0.03981,0.11506,0.03393,0.18537,0.03717,0.03924,0.03271,0.08824,0.02598,0.03342,0.02781,0.01683,0.01931,0.03332,0.01641,0.01993,0.01474,0.02955
0.10471,0.04585,0.06378,0.11202,0.03869,0.09346,0.04005,0.04178,0.02736,0.20860,0.02125,0.02833,0.02810,0.01716,0.02309,0.01643,0.01326,0.02130,0.01767,0.03714
0.16887,0.04554,0.05129,0.11134,0.03848,0.16771,0.03894,0.05375,0.01965,0.10814,0.02199,0.03490,0.03210,0.01154,0.01466,0.01501,0.01352,0.01536,0.01346,0.02375
0.11965,0.07077,0.06920,0.13801,0.03297,0.14066,0.03386,0.05376,0.02051,0.18174,0.01917,0.01833,0.02218,0.01177,0.01211,0.00924,0.01153,0.00992,0.00934,0.01528
0.12089,0.06471,0.05277,0.07978,0.04113,0.12611,0.04529,0.05788,0.03546,0.10182,0.03513,0.02076,0.02838,0.02770,0.03041,0.02168,0.02355,0.01935,0.02460,0.04261
0.13056,0.04369,0.03926,0.11919,0.03148,0.14993,0.03626,0.03952,0.02472,0.14729,0.02521,0.02783,0.03365,0.02611,0.02176,0.01548,0.01483,0.01938,0.02305,0.03079
0.13874,0.06067,0.06552,0.13525,0.03255,0.15493,0.03168,0.05921,0.01994,0.15157,0.02841,0.01334,0.01214,0.01350,0.01872,0.01266,0.01385,0.01498,0.00783,0.01452
0.05567,0.04309,0.06158,0.13880,0.02240,0.10334,0.02470,0.03929,0.02116,0.32953,0.01246,0.02158,0.02201,0.01424,0.01575,0.01021,0.02205,0.01117,0.01206,0.01889
0.12527,0.07261,0.07372,0.11921,0.03987,0.15695,0.04343,0.06264,0.03196,0.08797,0.02370,0.02597,0.01877,0.01605,0.01495,0.01804,0.01786,0.01663,0.01260,0.02181
0.18946,0.04499,0.03920,0.05564,0.02645,0.13733,0.02684,0.02976,0.02918,0.21626,0.01881,0.02858,0.02581,0.01495,0.01556,0.02057,0.02072,0.01525,0.01800,0.02666
0.24230,0.06479,0.03416,0.07029,0.02598,0.29163,0.02527,0.01906,0.01603,0.05729,0.01884,0.01847,0.01677,0.01452,0.01265,0.01479,0.01537,0.01011,0.01046,0.02122
0.10927,0.04036,0.04579,0.07368,0.04170,0.11691,0.03858,0.05624,0.02251,0.10653,0.04594,0.06643,0.05663,0.02116,0.03793,0.02387,0.02328,0.01966,0.01647,0.03709
0.15145,0.04207,0.04153,0.12100,0.02293,0.19159,0.02760,0.03724,0.01442,0.14078,0.03426,0.02580,0.02254,0.02192,0.02313,0.01905,0.01419,0.01342,0.01364,0.02145
0.16683,0.03421,0.05404,0.05901,0.02928,0.18174,0.02693,0.02978,0.01721,0.08245,0.02463,0.09838,0.09692,0.01658,0.01385,0.01175,0.01432,0.01110,0.01143,0.01957
0.10976,0.06201,0.05604,0.12096,0.03907,0.13206,0.04359,0.04239,0.03099,0.12808,0.02818,0.03305,0.02946,0.01803,0.02689,0.01922,0.01834,0.01660,0.02281,0.02247
0.10582,0.04684,0.12260,0.09629,0.04891,0.10666,0.05130,0.07141,0.02529,0.11367,0.02395,0.03082,0.02498,0.01395,0.01910,0.02277,0.01909,0.01557,0.01074,0.03021
0.09993,0.04872,0.05041,0.16003,0.02431,0.09076,0.03069,0.03665,0.02264,0.16981,0.02232,0.06879,0.07409,0.01148,0.01465,0.01286,0.01355,0.01258,0.01231,0.02343
0.12024,0.05126,0.05844,0.10668,0.02800,0.12725,0.02916,0.04030,0.02826,0.13559,0.02221,0.06465,0.06804,0.01703,0.01865,0.01851,0.01377,0.01797,0.01261,0.02137
0.09031,0.06759,0.05467,0.13624,0.02586,0.10718,0.03670,0.03349,0.02757,0.19045,0.02246,0.03914,0.03598,0.01779,0.01933,0.01691,0.02546,0.01477,0.01619,0.02190
0.11270,0.07840,0.06701,0.11657,0.03450,0.12186,0.03766,0.04565,0.02289,0.11937,0.03807,0.03654,0.02912,0.02408,0.01921,0.01899,0.01861,0.02290,0.01420,0.02168
0.09957,0.07255,0.06851,0.11851,0.04673,0.13419,0.04382,0.04617,0.03481,0.11450,0.02670,0.03320,0.03171,0.01377,0.01563,0.02176,0.01743,0.01385,0.01441,0.03216
0.13548,0.06357,0.05630,0.12929,0.03735,0.15323,0.03176,0.03878,0.01946,0.11787,0.02425,0.03099,0.03636,0.01570,0.01920,0.01754,0.01829,0.01465,0.01759,0.02234
0.08803,0.10411,0.03150,0.18004,0.03049,0.19314,0.02606,0.02857,0.02040,0.12035,0.02157,0.02077,0.01599,0.01260,0.01337,0.02532,0.01425,0.01920,0.01410,0.02014
0.14342,0.07687,0.05648,0.14710,0.02631,0.15294,0.03279,0.04606,0.02905,0.09497,0.02529,0.02871,0.01936,0.01573,0.01871,0.02592,0.01301,0.01387,0.01143,0.02198
0.14483,0.05460,0.06171,0.07091,0.06259,0.14886,0.06096,0.05116,0.03510,0.16633,0.02147,0.01557,0.01567,0.01433,0.01296,0.01102,0.01325,0.00975,0.01063,0.01831
0.13258,0.04650,0.03640,0.20174,0.01691,0.10143,0.02594,0.02652,0.01396,0.20233,0.01539,0.04703,0.04362,0.01258,0.01275,0.01036,0.00941,0.01065,0.00882,0.02508
0.10245,0.04710,0.04895,0.11481,0.03988,0.10450,0.03679,0.05137,0.03328,0.16164,0.03108,0.05108,0.03503,0.02441,0.01986,0.01933,0.01622,0.01689,0.01795,0.02739
0.11271,0.06509,0.05593,0.12856,0.04133,0.13571,0.04221,0.03965,0.03344,0.12997,0.02706,0.02669,0.02706,0.02069,0.02020,0.01299,0.02196,0.01616,0.01778,0.02480
0.09160,0.04411,0.04826,0.10635,0.02344,0.22663,0.02875,0.03454,0.01979,0.19644,0.01761,0.02920,0.02758,0.01272,0.01425,0.01745,0.01243,0.01238,0.01158,0.02488
0.05588,0.06971,0.04680,0.13369,0.02555,0.14815,0.04105,0.03634,0.02376,0.06333,0.01972,0.12191,0.10648,0.01447,0.01538,0.01846,0.01466,0.01388,0.00975,0.02103
0.09907,0.05660,0.07029,0.10890,0.04239,0.12419,0.03836,0.06152,0.03077,0.14685,0.01981,0.03448,0.02790,0.01696,0.02174,0.02314,0.01598,0.01689,0.01474,0.02942
0.16210,0.05603,0.05591,0.09483,0.03093,0.15345,0.04182,0.04284,0.02597,0.10900,0.02508,0.04064,0.03580,0.01870,0.01944,0.01800,0.01463,0.01356,0.01418,0.02710
0.11427,0.03823,0.03212,0.17497,0.02502,0.10687,0.02770,0.02727,0.02315,0.16448,0.02750,0.05635,0.05564,0.01616,0.01675,0.01853,0.01340,0.01605,0.01699,0.02854
0.09954,0.04292,0.03951,0.14110,0.03421,0.06404,0.04004,0.04116,0.04274,0.15698,0.03045,0.04849,0.05729,0.02076,0.02798,0.02149,0.02547,0.02055,0.01547,0.02982
0.08912,0.05040,0.06905,0.15081,0.03492,0.10412,0.05288,0.06388,0.03858,0.09889,0.03869,0.02226,0.02175,0.02577,0.02943,0.01744,0.01621,0.02416,0.02245,0.02918
0.10786,0.05963,0.05173,0.11375,0.02891,0.12219,0.03014,0.03714,0.02615,0.12890,0.02881,0.08079,0.07931,0.01404,0.01900,0.01402,0.01357,0.01306,0.01110,0.01990
0.06531,0.06347,0.05515,0.13787,0.05301,0.07145,0.05218,0.05405,0.03711,0.09249,0.03541,0.02459,0.02720,0.03196,0.05779,0.03089,0.03634,0.02708,0.02465,0.02201
0.11462,0.05101,0.06866,0.12189,0.02821,0.11932,0.02982,0.04727,0.02457,0.11190,0.02915,0.05804,0.05990,0.01581,0.01990,0.01788,0.01979,0.01423,0.01638,0.03167
0.14621,0.05273,0.05334,0.10832,0.03060,0.16467,0.03342,0.04026,0.02343,0.13429,0.02415,0.02198,0.03384,0.02181,0.01976,0.01932,0.01445,0.01643,0.01922,0.02178
0.16345,0.06408,0.05729,0.09604,0.03430,0.19518,0.03475,0.05297,0.02508,0.07766,0.02595,0.03027,0.03240,0.01335,0.01431,0.01957,0.01337,0.01694,0.01308,0.01996
0.11121,0.08058,0.07974,0.07016,0.04462,0.14248,0.05216,0.06152,0.02616,0.09397,0.03819,0.02311,0.02128,0.02420,0.02948,0.02358,0.01565,0.01563,0.02030,0.02598
0.11929,0.05610,0.04213,0.22892,0.02447,0.08535,0.02572,0.03867,0.01480,0.25538,0.01277,0.01604,0.02036,0.00984,0.00873,0.00823,0.00727,0.00815,0.00777,0.01003
0.17482,0.02984,0.03801,0.06367,0.01932,0.25842,0.02532,0.02876,0.01317,0.24355,0.01440,0.01557,0.01266,0.01085,0.00923,0.00903,0.00771,0.00815,0.00724,0.01028
0.16029,0.04099,0.05127,0.16619,0.03798,0.11508,0.03295,0.03746,0.02883,0.19234,0.01938,0.01975,0.01916,0.01162,0.01052,0.01091,0.01254,0.01153,0.00938,0.01182
0.10909,0.04489,0.05304,0.11546,0.02534,0.15503,0.02842,0.04424,0.01687,0.12996,0.03731,0.04536,0.04074,0.02694,0.02338,0.02331,0.01792,0.01813,0.01882,0.02575
0.10757,0.08175,0.07844,0.11086,0.05669,0.13050,0.05318,0.05672,0.03164,0.13053,0.02691,0.01999,0.02004,0.01071,0.01535,0.01753,0.01174,0.01324,0.01131,0.01529
0.13702,0.05299,0.04342,0.12029,0.02131,0.19722,0.03110,0.03822,0.01920,0.15720,0.01486,0.03822,0.03257,0.01501,0.01673,0.01090,0.01067,0.01028,0.01105,0.02175
0.11346,0.05014,0.04750,0.10276,0.03814,0.12436,0.03212,0.04250,0.03741,0.11394,0.02723,0.04221,0.03283,0.02506,0.02166,0.03066,0.02737,0.02156,0.01820,0.05090
0.17329,0.05269,0.05080,0.08527,0.04458,0.18592,0.02916,0.05332,0.02706,0.09269,0.03046,0.02935,0.03031,0.01559,0.02055,0.01432,0.01448,0.01407,0.01765,0.01843
0.06547,0.08808,0.07306,0.13032,0.06260,0.08573,0.04879,0.07936,0.04453,0.07040,0.03335,0.03396,0.02684,0.01641,0.02449,0.02176,0.02344,0.03003,0.02010,0.02127
0.08901,0.05816,0.06245,0.11558,0.02767,0.10433,0.04128,0.06096,0.03359,0.12417,0.03131,0.05604,0.05198,0.01793,0.01878,0.01314,0.01833,0.02448,0.01732,0.03350
0.08274,0.06043,0.07966,0.12626,0.05378,0.07242,0.04474,0.06274,0.03721,0.11545,0.03932,0.03745,0.03115,0.02623,0.01673,0.03436,0.01670,0.01877,0.02007,0.02376
0.17640,0.04755,0.06461,0.06158,0.03501,0.16739,0.04415,0.05993,0.03714,0.08842,0.03092,0.02656,0.02144,0.02093,0.01886,0.01663,0.02170,0.02288,0.01462,0.02330
0.10714,0.16290,0.03523,0.14886,0.06030,0.09143,0.02581,0.04010,0.03117,0.12537,0.02739,0.02900,0.01358,0.00972,0.01073,0.02869,0.00930,0.01317,0.01250,0.01761
0.09960,0.05650,0.06021,0.12478,0.02665,0.10462,0.04121,0.03626,0.03055,0.16444,0.02799,0.02257,0.02208,0.02629,0.02219,0.02356,0.02900,0.02459,0.02070,0.03621
0.14075,0.05399,0.04713,0.16612,0.03395,0.12950,0.02593,0.03854,0.02956,0.19550,0.01383,0.01892,0.01599,0.01217,0.00896,0.01139,0.01549,0.01024,0.01157,0.02047
0.09714,0.06121,0.04821,0.10683,0.03390,0.10820,0.03363,0.04384,0.02577,0.12452,0.05489,0.02850,0.03292,0.03496,0.03917,0.02605,0.02063,0.02629,0.02184,0.03150
0.08772,0.06319,0.05621,0.18900,0.03450,0.09780,0.03900,0.04793,0.02177,0.18270,0.02281,0.02328,0.01804,0.01539,0.01840,0.01664,0.01606,0.01489,0.01436,0.02032
0.14989,0.05191,0.05398,0.13907,0.02643,0.17581,0.02633,0.04074,0.02143,0.14438,0.02479,0.02200,0.01919,0.01598,0.01256,0.01952,0.01378,0.01178,0.01403,0.01639
0.06439,0.04751,0.05009,0.11379,0.03212,0.09236,0.02704,0.03369,0.02308,0.24450,0.02379,0.05955,0.05430,0.01407,0.02169,0.01598,0.01778,0.01645,0.01773,0.03011
0.12285,0.05919,0.06425,0.14500,0.03102,0.11387,0.03071,0.04432,0.02358,0.18088,0.02237,0.02810,0.02849,0.01349,0.01190,0.01037,0.01796,0.01447,0.01346,0.02373
0.10212,0.14170,0.06953,0.12481,0.03508,0.14610,0.03184,0.05615,0.01634,0.12801,0.01419,0.02245,0.01781,0.01250,0.01407,0.01484,0.01167,0.01048,0.00857,0.02174
0.10850,0.05917,0.06089,0.10096,0.03227,0.16836,0.03151,0.04227,0.02126,0.09337,0.03251,0.05747,0.05629,0.02710,0.01627,0.02107,0.01548,0.02650,0.01164,0.01711
0.09818,0.06317,0.05603,0.13944,0.03128,0.12040,0.03216,0.04565,0.02541,0.19023,0.02341,0.02356,0.02818,0.01856,0.01784,0.01391,0.01494,0.01889,0.01543,0.02335
0.11016,0.04198,0.04374,0.19901,0.01898,0.16339,0.03010,0.03354,0.01964,0.15411,0.02019,0.02593,0.02145,0.01848,0.01563,0.02002,0.01367,0.01791,0.01175,0.02031
0.12218,0.05027,0.04528,0.08447,0.02750,0.20238,0.03725,0.03678,0.02114,0.16835,0.02797,0.02625,0.03037,0.02196,0.01818,0.01717,0.01061,0.01386,0.01211,0.02594
0.14446,0.07459,0.04534,0.12440,0.03527,0.18627,0.02943,0.03635,0.02337,0.13678,0.01901,0.02444,0.01829,0.01535,0.01329,0.01384,0.01482,0.01428,0.01239,0.01800
0.14253,0.05883,0.08621,0.08661,0.04513,0.15315,0.04118,0.05203,0.02437,0.11645,0.01936,0.02329,0.01770,0.01737,0.01515,0.03298,0.01719,0.01373,0.01254,0.02419
0.10329,0.05636,0.05266,0.09802,0.02866,0.15224,0.03050,0.03562,0.02048,0.09755,0.02210,0.10212,0.09241,0.01851,0.01514,0.01310,0.01237,0.01314,0.01634,0.01939
0.10514,0.05888,0.04829,0.06570,0.02866,0.13693,0.04668,0.05954,0.03775,0.07557,0.04771,0.03509,0.02136,0.02451,0.04494,0.02842,0.02842,0.03348,0.03203,0.04088
0.10323,0.05765,0.05954,0.10410,0.04095,0.10191,0.04092,0.05057,0.02699,0.12826,0.03715,0.03807,0.03252,0.02538,0.03294,0.02493,0.03211,0.02161,0.01868,0.02248
0.10380,0.09856,0.07740,0.12048,0.04648,0.14133,0.04533,0.04619,0.03044,0.15306,0.01882,0.01234,0.01369,0.01483,0.00921,0.01312,0.01103,0.01358,0.01397,0.01635
0.12405,0.04006,0.04821,0.10049,0.01488,0.15818,0.02655,0.03646,0.01609,0.10620,0.01885,0.12098,0.10296,0.01177,0.01101,0.01260,0.01286,0.01058,0.01388,0.01336
0.08751,0.07933,0.06204,0.09052,0.04697,0.10261,0.03909,0.04776,0.03562,0.10840,0.04087,0.03559,0.03516,0.03277,0.02154,0.02716,0.01972,0.01998,0.02714,0.04021
0.12486,0.04810,0.05856,0.09239,0.03107,0.13665,0.02797,0.03266,0.01931,0.23728,0.02049,0.02143,0.03644,0.01023,0.01827,0.01669,0.02163,0.01392,0.01059,0.02146
0.12766,0.06730,0.07076,0.10980,0.04368,0.11979,0.04614,0.05711,0.02263,0.17599,0.02278,0.01877,0.01497,0.01577,0.01229,0.01756,0.01228,0.01433,0.01549,0.01493
0.16061,0.04829,0.05055,0.12193,0.03230,0.17147,0.02648,0.04016,0.01932,0.12716,0.02957,0.03040,0.03506,0.01457,0.01644,0.01740,0.01130,0.01159,0.01578,0.01961
0.06723,0.03700,0.04905,0.08107,0.03690,0.10305,0.03312,0.03187,0.02752,0.18179,0.03427,0.07552,0.06242,0.03794,0.02734,0.03005,0.02081,0.02343,0.01413,0.02548
0.11399,0.03124,0.04321,0.03457,0.02988,0.20275,0.04424,0.04841,0.03129,0.16810,0.01778,0.04432,0.03812,0.02550,0.01946,0.02362,0.01960,0.01202,0.01998,0.03192
0.10582,0.10944,0.06410,0.05308,0.04264,0.16405,0.04852,0.05599,0.02583,0.13363,0.02152,0.02817,0.02773,0.01572,0.01648,0.02060,0.01447,0.01659,0.01379,0.02183
0.11621,0.06452,0.04837,0.12738,0.02594,0.13124,0.03530,0.02845,0.01896,0.13764,0.02697,0.03515,0.02992,0.02870,0.03060,0.02011,0.02738,0.01630,0.01894,0.03192
0.22329,0.03817,0.05242,0.08595,0.02318,0.23301,0.02312,0.02543,0.02014,0.15799,0.01187,0.01608,0.01991,0.01313,0.00956,0.00812,0.00787,0.00715,0.01003,0.01357
0.08072,0.07940,0.07047,0.16575,0.03631,0.12473,0.03784,0.05549,0.03022,0.15813,0.01522,0.02275,0.02040,0.01276,0.01562,0.01161,0.01581,0.01282,0.01589,0.01805
0.08756,0.06235,0.06169,0.10273,0.03651,0.10690,0.03841,0.04061,0.01988,0.05915,0.02956,0.11324,0.10554,0.01674,0.02101,0.01760,0.02213,0.02110,0.01164,0.02564
0.12899,0.07157,0.06314,0.12320,0.03162,0.14627,0.04063,0.05361,0.02901,0.13381,0.02309,0.02393,0.01975,0.01530,0.02166,0.01356,0.01539,0.01133,0.01659,0.01756
0.13547,0.06569,0.06819,0.10950,0.03030,0.15180,0.03161,0.04701,0.02856,0.10336,0.01915,0.04437,0.04087,0.01402,0.01388,0.02017,0.01725,0.02059,0.01707,0.02113
0.13838,0.10136,0.06900,0.09039,0.03673,0.12888,0.03660,0.04827,0.02887,0.15226,0.02033,0.02013,0.01899,0.01436,0.01279,0.01540,0.01794,0.01358,0.01280,0.02292
0.13282,0.05995,0.07301,0.13031,0.03190,0.16209,0.04047,0.06045,0.02259,0.14869,0.01646,0.01887,0.01890,0.01137,0.00904,0.01477,0.01125,0.01012,0.00880,0.01813
0.17183,0.04586,0.04134,0.07933,0.04027,0.13297,0.03707,0.03010,0.02218,0.20877,0.03132,0.02307,0.01928,0.01430,0.01915,0.01927,0.01930,0.01425,0.01478,0.01556
0.10530,0.07566,0.05096,0.13567,0.02939,0.12110,0.03453,0.04845,0.02634,0.13020,0.03552,0.02832,0.02200,0.02020,0.02045,0.02325,0.02036,0.02026,0.02429,0.02776
0.17354,0.03451,0.05032,0.13290,0.01752,0.15924,0.02061,0.03106,0.01678,0.24525,0.01177,0.01830,0.01969,0.01293,0.00786,0.00899,0.00812,0.00954,0.00781,0.01327
0.07412,0.06592,0.06868,0.12336,0.04051,0.10091,0.04949,0.05243,0.04166,0.09895,0.03712,0.03117,0.03603,0.01855,0.03262,0.02853,0.02714,0.02116,0.02197,0.02968
0.09878,0.05435,0.07842,0.13640,0.03068,0.13141,0.02815,0.03270,0.02093,0.16887,0.01899,0.04454,0.04630,0.01633,0.02215,0.01363,0.01673,0.01159,0.01201,0.01703
0.11930,0.05429,0.06184,0.07912,0.03159,0.10944,0.04150,0.05239,0.03906,0.07961,0.02804,0.03535,0.04720,0.04187,0.02751,0.02811,0.02598,0.03105,0.03379,0.03294
0.11329,0.05184,0.08023,0.14201,0.02057,0.15297,0.02665,0.02855,0.01858,0.19802,0.02206,0.03245,0.03627,0.00957,0.01410,0.01040,0.01034,0.00925,0.00835,0.01450
0.12184,0.04798,0.06961,0.12559,0.03412,0.14874,0.03648,0.04907,0.02590,0.15150,0.02175,0.02726,0.02902,0.01586,0.01506,0.01647,0.01495,0.01606,0.01691,0.01583
0.09889,0.06466,0.07974,0.13704,0.04243,0.11365,0.04469,0.07085,0.02826,0.11134,0.02528,0.02303,0.01904,0.02508,0.02040,0.01997,0.02137,0.01428,0.02006,0.01995
0.09869,0.07785,0.08619,0.15795,0.04036,0.11856,0.04053,0.06990,0.02500,0.15732,0.01471,0.01700,0.01576,0.01116,0.01100,0.01197,0.01284,0.01281,0.00828,0.01214
0.16949,0.08712,0.05150,0.14966,0.03627,0.17029,0.03477,0.04003,0.01507,0.07401,0.01869,0.01531,0.01903,0.01514,0.01155,0.01589,0.02052,0.01583,0.00979,0.03002
0.15127,0.06367,0.04929,0.12275,0.03187,0.17505,0.03193,0.03568,0.02376,0.13287,0.02223,0.02635,0.02155,0.01466,0.02065,0.01507,0.01344,0.01211,0.01473,0.02107
0.15866,0.08460,0.04998,0.15130,0.02762,0.15739,0.03070,0.04936,0.01867,0.11957,0.01699,0.01779,0.01889,0.01333,0.01352,0.01333,0.01328,0.01288,0.01164,0.02051
0.17808,0.04305,0.05731,0.10877,0.02768,0.20551,0.03282,0.03640,0.02516,0.11401,0.01643,0.02805,0.02411,0.01400,0.01422,0.01251,0.01725,0.01407,0.01264,0.01794
0.15229,0.05826,0.03918,0.11711,0.02993,0.17945,0.02982,0.03830,0.02039,0.12010,0.02283,0.03900,0.03563,0.01822,0.02372,0.01386,0.01428,0.01363,0.01247,0.02153
0.09313,0.03760,0.06949,0.23784,0.02697,0.10355,0.03844,0.04988,0.03013,0.10088,0.02269,0.03060,0.02900,0.01591,0.01599,0.01569,0.01790,0.02153,0.02052,0.02226
0.11555,0.05490,0.06385,0.12993,0.03395,0.09321,0.04041,0.04975,0.03790,0.19791,0.02653,0.02042,0.01759,0.01634,0.01331,0.01511,0.01453,0.01728,0.01776,0.02377
0.13107,0.04262,0.05002,0.04378,0.03759,0.13712,0.03690,0.05165,0.03406,0.15427,0.04304,0.02357,0.02802,0.02758,0.01932,0.02362,0.02194,0.02375,0.03900,0.03108
0.14457,0.04659,0.03954,0.10312,0.03204,0.16873,0.02584,0.03377,0.02113,0.13668,0.01977,0.05869,0.05241,0.01632,0.01675,0.01629,0.02256,0.01303,0.01282,0.01935
0.08445,0.06664,0.05890,0.18901,0.03272,0.12608,0.03663,0.05065,0.02939,0.09925,0.02896,0.03213,0.03119,0.01971,0.01704,0.02133,0.01529,0.01886,0.01534,0.02643
0.15053,0.03936,0.04416,0.20380,0.02559,0.08950,0.03296,0.03376,0.02035,0.17670,0.02112,0.02265,0.01954,0.01560,0.01433,0.02004,0.01461,0.01579,0.01515,0.02447
0.14032,0.06952,0.06224,0.12865,0.03496,0.20687,0.02411,0.03958,0.01554,0.12219,0.01902,0.01766,0.01930,0.01447,0.00998,0.01790,0.01352,0.01113,0.01005,0.02298
0.08345,0.07504,0.05508,0.10657,0.04706,0.16184,0.04828,0.04624,0.04583,0.07551,0.02812,0.03433,0.02615,0.01690,0.02760,0.02401,0.02037,0.02658,0.01635,0.03468
0.11109,0.05099,0.04805,0.11170,0.04480,0.13134,0.03018,0.05019,0.02672,0.15207,0.03436,0.03643,0.03778,0.01653,0.01532,0.02212,0.01712,0.01920,0.01602,0.02799
0.14060,0.05817,0.05422,0.08683,0.03665,0.13178,0.04443,0.04236,0.02754,0.09273,0.02271,0.07216,0.05560,0.01822,0.02125,0.01545,0.02495,0.01558,0.01497,0.02380
0.09347,0.06069,0.05077,0.08013,0.04621,0.10246,0.03449,0.07613,0.04150,0.07260,0.06061,0.05512,0.04434,0.02204,0.02209,0.02145,0.02870,0.04483,0.01836,0.02401
0.15399,0.05850,0.04976,0.13741,0.03304,0.15446,0.03625,0.03396,0.02244,0.15257,0.01910,0.02063,0.01327,0.01676,0.01000,0.01769,0.01457,0.01866,0.01201,0.02493
0.11867,0.04593,0.06548,0.09501,0.04812,0.12348,0.03489,0.04472,0.02715,0.15463,0.03042,0.03825,0.03430,0.02130,0.01970,0.01956,0.01559,0.01617,0.01902,0.02761
0.10514,0.06760,0.07232,0.10876,0.05147,0.11813,0.03692,0.06411,0.03319,0.10332,0.03787,0.03143,0.02826,0.02632,0.02235,0.01691,0.01460,0.02338,0.01908,0.01884
0.17384,0.05483,0.04681,0.11343,0.02227,0.20077,0.02347,0.02917,0.01618,0.15809,0.01623,0.02680,0.02224,0.01396,0.01482,0.01729,0.01244,0.00841,0.01104,0.01789
0.11147,0.06461,0.05793,0.11171,0.04471,0.15389,0.04046,0.03665,0.02358,0.09981,0.04222,0.02345,0.02488,0.02532,0.02440,0.02491,0.02241,0.02059,0.02172,0.02529
0.17671,0.06713,0.04969,0.12380,0.03217,0.18565,0.03261,0.03984,0.02093,0.08942,0.01794,0.01831,0.02212,0.01718,0.01481,0.02471,0.01206,0.01271,0.01296,0.02925
0.09609,0.09903,0.04950,0.18442,0.03491,0.13783,0.03404,0.04844,0.02238,0.12344,0.02155,0.01912,0.02153,0.01468,0.01680,0.01532,0.01363,0.01587,0.01309,0.01834
0.09103,0.04297,0.05638,0.08752,0.03668,0.08617,0.04243,0.04795,0.03250,0.09840,0.03931,0.08404,0.08056,0.02479,0.02148,0.01870,0.01861,0.04179,0.02001,0.02868
0.12613,0.07957,0.05766,0.14356,0.04754,0.14079,0.05193,0.06388,0.03000,0.07465,0.02286,0.01993,0.01830,0.01610,0.01305,0.01611,0.01628,0.01906,0.01786,0.02473
0.09485,0.06894,0.06297,0.10431,0.03574,0.07264,0.04219,0.05433,0.03098,0.15333,0.03183,0.04667,0.04986,0.01715,0.01642,0.01713,0.02930,0.02448,0.01666,0.03022
0.07420,0.04409,0.04638,0.07980,0.02796,0.08380,0.02642,0.03429,0.01983,0.08629,0.02039,0.18512,0.17380,0.01530,0.01645,0.01269,0.01675,0.00913,0.01006,0.01726
0.08036,0.06094,0.05134,0.09856,0.02769,0.17012,0.02807,0.03634,0.01877,0.15512,0.02252,0.06551,0.06245,0.01882,0.01809,0.01405,0.01778,0.01446,0.01240,0.02662
0.09521,0.06554,0.05647,0.15396,0.03268,0.12861,0.03345,0.04565,0.02577,0.13596,0.02812,0.04701,0.04015,0.01777,0.01333,0.01679,0.01668,0.01603,0.01236,0.01846
0.10082,0.06315,0.06446,0.14100,0.03579,0.13118,0.04437,0.04707,0.02540,0.11562,0.02305,0.03579,0.03580,0.01200,0.01899,0.01807,0.03055,0.01593,0.01664,0.02434
0.14511,0.07085,0.06966,0.11313,0.03542,0.16423,0.04491,0.06348,0.02293,0.10195,0.01434,0.02146,0.02268,0.01230,0.00974,0.01456,0.01339,0.01116,0.01199,0.03672
0.06633,0.05750,0.03774,0.13940,0.03261,0.08323,0.02488,0.05118,0.02041,0.13125,0.03000,0.10295,0.09701,0.01497,0.01514,0.02118,0.01811,0.02358,0.01276,0.01977
0.13408,0.04201,0.07008,0.11969,0.02753,0.11004,0.02350,0.03595,0.02392,0.21939,0.01928,0.02459,0.02782,0.01595,0.01463,0.01737,0.01311,0.01600,0.01440,0.03067
0.10199,0.05037,0.05131,0.11219,0.04057,0.12080,0.03259,0.04175,0.02781,0.14812,0.02531,0.05169,0.05096,0.01830,0.02132,0.02067,0.01456,0.01295,0.03199,0.02474
0.10403,0.05211,0.04726,0.05718,0.03286,0.09853,0.04773,0.04296,0.02729,0.06453,0.03474,0.04457,0.06269,0.04574,0.05255,0.02416,0.03890,0.03001,0.05785,0.03431
0.10353,0.04913,0.06331,0.12486,0.02497,0.13705,0.04387,0.04730,0.02773,0.17744,0.02373,0.03460,0.03389,0.01066,0.01614,0.01684,0.01566,0.01067,0.01289,0.02573
0.12289,0.06982,0.10156,0.12228,0.03532,0.12637,0.04059,0.06286,0.03097,0.11052,0.01983,0.02474,0.02205,0.01521,0.01402,0.01303,0.01711,0.01254,0.01315,0.02514
0.08093,0.05913,0.06824,0.11791,0.04846,0.07878,0.04149,0.05850,0.03061,0.10788,0.03462,0.06168,0.06087,0.01815,0.02092,0.01967,0.01979,0.02712,0.02008,0.02517
0.11540,0.05911,0.04611,0.15058,0.02884,0.13097,0.02450,0.03707,0.02221,0.18094,0.02825,0.03460,0.03072,0.01321,0.01930,0.01417,0.01638,0.01417,0.01463,0.01883
0.08109,0.06050,0.02910,0.26513,0.04109,0.07487,0.02998,0.03733,0.03122,0.10705,0.02437,0.03529,0.02506,0.02250,0.01831,0.03817,0.01267,0.02151,0.01630,0.02846
0.19701,0.02662,0.03556,0.11422,0.01914,0.17401,0.02108,0.02560,0.01513,0.23445,0.01855,0.02522,0.01721,0.01127,0.01049,0.01084,0.00925,0.01146,0.00885,0.01404
0.12389,0.05825,0.05937,0.12521,0.03293,0.13054,0.03175,0.05434,0.02441,0.17007,0.02118,0.02134,0.02533,0.01469,0.02058,0.01546,0.01788,0.01478,0.01415,0.02386
0.13461,0.06714,0.06326,0.11442,0.05014,0.16355,0.03126,0.04373,0.02861,0.11823,0.02475,0.02203,0.02110,0.01176,0.01592,0.02098,0.01599,0.01481,0.01339,0.02430
0.04721,0.07556,0.03403,0.45470,0.03333,0.04756,0.02138,0.03223,0.02531,0.05950,0.01608,0.03481,0.01521,0.01152,0.00822,0.03308,0.00829,0.01428,0.00783,0.01986
0.11671,0.06050,0.05964,0.11351,0.04695,0.11567,0.03420,0.04315,0.02683,0.11839,0.03208,0.04659,0.04361,0.01774,0.02182,0.01915,0.01770,0.01635,0.01933,0.03007
0.11531,0.04806,0.04028,0.11853,0.02980,0.12671,0.02513,0.04553,0.02670,0.11705,0.03750,0.05091,0.04471,0.02607,0.02590,0.02370,0.02496,0.02776,0.01592,0.02947
0.09144,0.07765,0.05273,0.15820,0.02708,0.11159,0.03250,0.04671,0.03326,0.16430,0.02622,0.02636,0.01865,0.01722,0.02254,0.02015,0.01803,0.01736,0.01235,0.02565
0.11495,0.06280,0.04774,0.21070,0.02322,0.08514,0.02750,0.02663,0.02081,0.22737,0.01788,0.01918,0.01955,0.01503,0.01345,0.01438,0.00877,0.01367,0.01092,0.02031
0.16283,0.03558,0.04645,0.08865,0.03269,0.12869,0.02869,0.03223,0.02150,0.18372,0.02089,0.05905,0.05499,0.01433,0.01212,0.01368,0.01807,0.01508,0.01202,0.01872
0.12086,0.04975,0.05453,0.11964,0.02889,0.15421,0.02488,0.04435,0.02058,0.14027,0.02474,0.05126,0.05111,0.01688,0.01823,0.01433,0.01988,0.01248,0.01217,0.02096
0.12033,0.09729,0.08328,0.13903,0.03664,0.16810,0.03086,0.04871,0.01818,0.09730,0.01926,0.01684,0.01726,0.01084,0.01366,0.01473,0.01957,0.01117,0.01755,0.01940
0.10943,0.07891,0.06420,0.15078,0.03526,0.10788,0.03470,0.04808,0.02354,0.16285,0.02756,0.01914,0.01777,0.01416,0.01786,0.01778,0.01463,0.01729,0.01677,0.02138
0.18625,0.06240,0.04834,0.12241,0.02114,0.19703,0.03120,0.04072,0.02485,0.09762,0.01710,0.03053,0.02407,0.01574,0.01520,0.01210,0.01078,0.01228,0.00995,0.02030
0.09942,0.06838,0.07512,0.11800,0.05328,0.12976,0.05557,0.06706,0.03276,0.08542,0.02760,0.02388,0.02304,0.01880,0.01508,0.01677,0.01709,0.02033,0.01764,0.03500
0.18622,0.04677,0.05627,0.09928,0.02014,0.19744,0.02564,0.02717,0.01657,0.18228,0.01584,0.02701,0.02335,0.01087,0.01227,0.01683,0.00834,0.00717,0.00922,0.01132
0.07875,0.03369,0.05079,0.20210,0.02525,0.11333,0.02818,0.03646,0.03279,0.11574,0.04691,0.02597,0.02577,0.02043,0.02405,0.04592,0.02035,0.01641,0.01881,0.03828
0.07367,0.04229,0.06842,0.25209,0.02721,0.09348,0.03408,0.05022,0.02632,0.08052,0.02869,0.04849,0.03647,0.01944,0.01952,0.01532,0.02185,0.01622,0.01705,0.02864
0.11840,0.06607,0.05316,0.05902,0.04635,0.13708,0.05071,0.04790,0.02915,0.12756,0.04448,0.03656,0.02606,0.02807,0.02151,0.01994,0.02461,0.02389,0.01877,0.02072
0.05767,0.09296,0.03238,0.19751,0.02484,0.17162,0.02821,0.02878,0.02033,0.15595,0.02604,0.02082,0.01993,0.01469,0.01324,0.02573,0.01565,0.01262,0.01077,0.03026
0.11552,0.05240,0.05865,0.13591,0.03715,0.10128,0.04322,0.03718,0.02507,0.11811,0.05847,0.02861,0.02369,0.02057,0.02522,0.02782,0.02342,0.02453,0.02053,0.02264
0.13076,0.08747,0.05784,0.15489,0.03313,0.21237,0.03219,0.03951,0.01814,0.08497,0.01836,0.01896,0.01858,0.01144,0.01078,0.01682,0.01696,0.01239,0.00967,0.01479
0.14664,0.04237,0.05815,0.08815,0.03335,0.17061,0.02853,0.03884,0.02690,0.13840,0.01708,0.05314,0.04735,0.01581,0.01932,0.01722,0.01354,0.01396,0.01399,0.01664
0.13101,0.05216,0.07274,0.11473,0.02612,0.12840,0.02653,0.03910,0.02818,0.13976,0.02083,0.03925,0.04821,0.01751,0.01811,0.02091,0.02141,0.01609,0.01499,0.02394
0.17118,0.04212,0.06904,0.13391,0.02753,0.15413,0.03065,0.03585,0.01928,0.15887,0.01803,0.01848,0.01730,0.01002,0.01129,0.01552,0.01473,0.01814,0.01707,0.01687
0.08431,0.07481,0.05702,0.14200,0.04468,0.10443,0.04132,0.06349,0.03181,0.12486,0.03636,0.03184,0.02427,0.01984,0.01875,0.02022,0.02125,0.01690,0.01686,0.02499
0.10500,0.05344,0.05276,0.17141,0.03537,0.15915,0.01905,0.02689,0.01516,0.14586,0.01946,0.04228,0.04375,0.01311,0.01035,0.01389,0.02171,0.01094,0.00927,0.03116
0.09314,0.07456,0.07958,0.14857,0.03132,0.10701,0.03359,0.04245,0.02469,0.10475,0.02244,0.06616,0.07343,0.01548,0.00932,0.01375,0.01590,0.01572,0.00853,0.01961
0.14946,0.05182,0.06144,0.11912,0.03571,0.17758,0.03199,0.03708,0.02515,0.13355,0.02690,0.02792,0.02256,0.01233,0.01477,0.01365,0.01486,0.01174,0.01777,0.01458
0.15019,0.05316,0.05093,0.13817,0.02542,0.16464,0.02558,0.03239,0.01701,0.12809,0.02244,0.05132,0.05175,0.01072,0.01187,0.01090,0.01602,0.01080,0.01013,0.01847
0.09001,0.06819,0.05555,0.18469,0.03551,0.10457,0.03643,0.07202,0.02040,0.15912,0.01981,0.02339,0.02230,0.01341,0.01361,0.01346,0.02553,0.01274,0.01242,0.01684
0.16119,0.03794,0.06337,0.10370,0.02214,0.14804,0.02422,0.03131,0.01973,0.21642,0.02079,0.03188,0.03020,0.01302,0.01392,0.01166,0.01237,0.01221,0.00879,0.01710
0.10077,0.05026,0.05224,0.09693,0.03434,0.10915,0.03606,0.05199,0.02374,0.20900,0.02328,0.02562,0.03152,0.02896,0.02491,0.01644,0.02485,0.01965,0.01294,0.02736
0.13532,0.05802,0.05958,0.12804,0.02540,0.16467,0.02881,0.03649,0.02037,0.17817,0.02601,0.02456,0.02449,0.01382,0.01023,0.01293,0.01494,0.01555,0.01005,0.01254
0.10589,0.05529,0.04514,0.06391,0.04780,0.14230,0.04680,0.04921,0.02414,0.12678,0.02428,0.04417,0.04334,0.02416,0.03333,0.02517,0.02577,0.02491,0.01757,0.03002
0.14947,0.05081,0.05492,0.14155,0.02035,0.16403,0.02781,0.03557,0.02062,0.16909,0.01976,0.02777,0.02892,0.01084,0.01492,0.01021,0.01354,0.01338,0.01042,0.01602
0.07841,0.06075,0.08076,0.13061,0.03407,0.06857,0.03358,0.05502,0.03131,0.12869,0.02454,0.07417,0.07851,0.01248,0.02038,0.01789,0.01626,0.01821,0.01638,0.01940
0.12389,0.06501,0.07688,0.06612,0.03467,0.17389,0.04255,0.06047,0.02115,0.15213,0.01917,0.03212,0.02470,0.01699,0.01417,0.01504,0.01573,0.01417,0.01326,0.01790
0.08344,0.10763,0.10386,0.13596,0.04314,0.09446,0.03821,0.06008,0.03331,0.07448,0.02574,0.02821,0.02850,0.01968,0.02012,0.01573,0.01923,0.02200,0.01910,0.02711
0.11949,0.06350,0.06173,0.11278,0.02959,0.16538,0.03700,0.04417,0.02190,0.13705,0.02714,0.04428,0.03963,0.01515,0.01638,0.01212,0.01066,0.01228,0.01190,0.01786
0.14121,0.05962,0.07373,0.09239,0.02779,0.16124,0.04232,0.04245,0.02911,0.13110,0.02744,0.03227,0.03113,0.01523,0.01167,0.02183,0.01055,0.01416,0.01836,0.01641
0.13947,0.06333,0.04363,0.09868,0.02864,0.19607,0.03599,0.03838,0.02625,0.11070,0.02476,0.02244,0.02892,0.01779,0.02513,0.01996,0.01803,0.02135,0.01557,0.02492
0.10419,0.04186,0.08090,0.08161,0.03084,0.10834,0.03178,0.04116,0.02084,0.08481,0.02285,0.11533,0.11867,0.01240,0.01867,0.01725,0.01690,0.01653,0.01181,0.02325
0.06165,0.06630,0.04563,0.20183,0.03051,0.07101,0.02876,0.05826,0.01946,0.19085,0.04425,0.04028,0.02772,0.01388,0.01584,0.01909,0.01775,0.02022,0.01098,0.01573
0.21745,0.04408,0.05332,0.06710,0.03325,0.24621,0.03062,0.03279,0.01691,0.07911,0.01949,0.03045,0.03452,0.01299,0.01190,0.01303,0.01364,0.01208,0.01478,0.01629
0.15754,0.06635,0.04970,0.09336,0.04589,0.18159,0.03657,0.05373,0.02600,0.12274,0.01965,0.01991,0.01810,0.02344,0.01613,0.01273,0.01245,0.01202,0.01515,0.01696
0.08510,0.06586,0.08778,0.04575,0.03484,0.11275,0.04426,0.06416,0.03280,0.08681,0.03487,0.04914,0.05132,0.02456,0.01898,0.02370,0.04410,0.02324,0.01899,0.05099
0.09112,0.06508,0.07016,0.07823,0.03248,0.09857,0.05590,0.06285,0.03756,0.09298,0.03537,0.04542,0.03838,0.03222,0.03156,0.01690,0.02801,0.03230,0.02509,0.02985
0.09719,0.05158,0.04495,0.14953,0.03313,0.11095,0.03300,0.05059,0.02511,0.20505,0.02184,0.03203,0.02388,0.01770,0.01902,0.01617,0.01485,0.01324,0.01396,0.02624
0.12472,0.05888,0.05727,0.14225,0.03191,0.12850,0.02872,0.04264,0.01925,0.16449,0.01930,0.03089,0.03566,0.01532,0.01348,0.02132,0.01428,0.01427,0.01598,0.02087
0.11123,0.05165,0.05888,0.12325,0.03166,0.13053,0.02974,0.04429,0.01941,0.12640,0.02178,0.05978,0.05481,0.01846,0.01605,0.01720,0.02315,0.01402,0.01567,0.03204
0.12619,0.04497,0.03778,0.18884,0.03003,0.09562,0.03040,0.03099,0.02151,0.13891,0.02549,0.04864,0.04654,0.02281,0.02131,0.02409,0.01540,0.01569,0.01498,0.01982
0.11026,0.04183,0.05960,0.06881,0.04165,0.10444,0.03933,0.03649,0.03729,0.14422,0.02806,0.04060,0.03841,0.03837,0.02876,0.02130,0.02417,0.01999,0.02625,0.05016
0.08870,0.04791,0.04952,0.09498,0.02029,0.13622,0.02046,0.02693,0.01409,0.31449,0.01631,0.03991,0.03812,0.01332,0.01690,0.01353,0.01087,0.01075,0.00937,0.01732
0.16392,0.05186,0.05707,0.15062,0.02834,0.17445,0.02820,0.03206,0.01721,0.17943,0.01776,0.01826,0.01578,0.01137,0.00868,0.01149,0.00711,0.00705,0.00721,0.01215
0.12657,0.06799,0.05346,0.10259,0.05104,0.14642,0.03293,0.04717,0.02650,0.11369,0.02141,0.04445,0.04958,0.01864,0.01874,0.01763,0.01723,0.01493,0.01141,0.01760
0.13535,0.05738,0.06717,0.13421,0.03778,0.15635,0.02774,0.04068,0.02444,0.16038,0.01883,0.02182,0.01747,0.01436,0.01360,0.01367,0.01891,0.01262,0.01051,0.01673
0.10521,0.13523,0.06157,0.22595,0.03275,0.07169,0.04746,0.03622,0.01653,0.07699,0.02889,0.02574,0.01749,0.02322,0.01237,0.01584,0.01417,0.02529,0.00893,0.01846
0.10519,0.06645,0.06828,0.10815,0.03565,0.08366,0.05191,0.04990,0.03638,0.15370,0.04197,0.02482,0.01901,0.01453,0.03044,0.02676,0.01499,0.02420,0.02095,0.02304
0.06299,0.07236,0.05617,0.20459,0.03013,0.05874,0.03764,0.04441,0.03913,0.18571,0.02557,0.03162,0.02417,0.01646,0.01863,0.01725,0.02135,0.01741,0.01736,0.01833
0.12405,0.04720,0.06319,0.11456,0.03346,0.14348,0.02767,0.04269,0.01709,0.13925,0.02051,0.05983,0.06473,0.01835,0.01448,0.01597,0.01356,0.01082,0.01068,0.01841
0.10980,0.05855,0.04448,0.07888,0.02481,0.13685,0.03419,0.03549,0.02023,0.13561,0.03346,0.05767,0.05901,0.02446,0.02399,0.02836,0.01767,0.02243,0.01756,0.03651
0.09527,0.05522,0.05583,0.12741,0.03380,0.10622,0.03518,0.04053,0.03295,0.11741,0.02437,0.04210,0.03828,0.01577,0.02820,0.02150,0.04512,0.01956,0.02285,0.04244
0.11716,0.06701,0.04218,0.13958,0.02203,0.15767,0.02708,0.03807,0.02730,0.13797,0.05254,0.02396,0.02390,0.01418,0.01903,0.01485,0.02837,0.01801,0.01214,0.01697
0.13598,0.04727,0.05310,0.09858,0.03348,0.14304,0.03074,0.03710,0.02026,0.10070,0.02325,0.07968,0.06712,0.01750,0.01807,0.01725,0.02319,0.01643,0.01513,0.02212
0.16395,0.06508,0.05557,0.07183,0.05294,0.18910,0.03896,0.06192,0.02769,0.10836,0.01889,0.02087,0.02242,0.02150,0.01531,0.01411,0.01288,0.01370,0.01044,0.01449
0.24887,0.03357,0.04170,0.07352,0.03129,0.27654,0.01805,0.02884,0.01699,0.08471,0.02134,0.02190,0.01849,0.01107,0.01400,0.01373,0.01031,0.01161,0.01008,0.01336
0.10635,0.06312,0.05558,0.12296,0.03780,0.13299,0.03063,0.04452,0.02717,0.12249,0.03305,0.02697,0.02562,0.02219,0.03005,0.02143,0.02385,0.02346,0.01993,0.02983
0.10140,0.06320,0.05742,0.09420,0.02990,0.13333,0.03933,0.05701,0.02534,0.08762,0.03311,0.07625,0.05449,0.02194,0.02242,0.01511,0.02509,0.02284,0.01677,0.02322
0.11107,0.04595,0.05350,0.08883,0.04479,0.09788,0.05333,0.05383,0.03810,0.10575,0.02307,0.03211,0.03617,0.02759,0.03602,0.02641,0.03445,0.02546,0.02609,0.03959
0.08585,0.06731,0.05644,0.12660,0.03877,0.10658,0.03407,0.04137,0.02587,0.13812,0.03318,0.06195,0.06764,0.01141,0.01661,0.02164,0.02091,0.01474,0.01236,0.01857
0.12601,0.04901,0.04518,0.08922,0.03473,0.16434,0.02895,0.04583,0.02489,0.09396,0.02400,0.07759,0.05670,0.02086,0.02260,0.01900,0.02059,0.02065,0.01345,0.02243
0.09522,0.03989,0.04661,0.08003,0.03471,0.11888,0.02839,0.03979,0.02504,0.08218,0.02390,0.15013,0.14524,0.01360,0.01217,0.01150,0.01075,0.01158,0.01454,0.01585
0.08211,0.05766,0.06132,0.09821,0.03623,0.11508,0.04464,0.05198,0.02544,0.10938,0.04595,0.03326,0.02970,0.02993,0.03323,0.02635,0.03188,0.03060,0.02393,0.03311
0.11588,0.04802,0.15098,0.11109,0.02484,0.11649,0.04550,0.06564,0.01631,0.12648,0.01442,0.03311,0.03234,0.01015,0.01681,0.01292,0.01291,0.00906,0.01156,0.02550
0.09381,0.06824,0.06235,0.15589,0.03125,0.13222,0.03315,0.03453,0.02227,0.18412,0.02287,0.02068,0.02448,0.01170,0.01618,0.01681,0.01669,0.01251,0.01565,0.02461
0.08390,0.06630,0.06362,0.13469,0.04237,0.10899,0.04531,0.05870,0.03625,0.09579,0.04203,0.03627,0.03599,0.01645,0.02268,0.01773,0.01552,0.02115,0.03177,0.02449
0.10799,0.05493,0.05071,0.16969,0.03286,0.11456,0.02689,0.03927,0.02554,0.19570,0.02348,0.02723,0.01979,0.02312,0.01476,0.01483,0.01368,0.01289,0.01499,0.01711
0.17068,0.04023,0.03943,0.04094,0.02486,0.22729,0.02635,0.03103,0.01400,0.23786,0.01424,0.01664,0.02331,0.01030,0.01204,0.00960,0.02170,0.00886,0.01087,0.01976
0.07730,0.10035,0.05163,0.11881,0.03984,0.15841,0.04304,0.04011,0.03830,0.06060,0.04732,0.02535,0.02733,0.02834,0.02804,0.02520,0.02350,0.02295,0.01656,0.02698
0.07781,0.06195,0.08965,0.25331,0.03521,0.09804,0.03258,0.06519,0.03615,0.08637,0.02060,0.02496,0.01892,0.01108,0.01093,0.01373,0.01002,0.01674,0.01461,0.02216
0.09709,0.04551,0.05489,0.07112,0.02030,0.12823,0.03134,0.03196,0.02041,0.10068,0.01756,0.15464,0.14608,0.01716,0.01102,0.01237,0.00990,0.00802,0.00953,0.01220
0.08603,0.11063,0.08672,0.10915,0.04080,0.11386,0.03458,0.06297,0.03345,0.08159,0.02098,0.05390,0.04664,0.01403,0.01683,0.01727,0.01576,0.01361,0.01672,0.02449
0.08823,0.04099,0.04908,0.10212,0.02124,0.12070,0.02697,0.03168,0.02183,0.24915,0.03894,0.02886,0.03024,0.02337,0.02491,0.02556,0.01417,0.01595,0.01671,0.02930
0.09918,0.05657,0.05970,0.10218,0.03737,0.12537,0.03844,0.04393,0.02376,0.12993,0.03347,0.04894,0.04716,0.01304,0.02657,0.02259,0.02421,0.02022,0.01712,0.03025
0.14971,0.05377,0.06168,0.11449,0.04436,0.17425,0.03148,0.03997,0.02442,0.11726,0.01752,0.02911,0.03027,0.01441,0.01900,0.01504,0.01637,0.01241,0.01331,0.02116
0.10182,0.07101,0.05683,0.20646,0.03454,0.11494,0.03451,0.04275,0.03331,0.11775,0.02409,0.02650,0.02330,0.01573,0.01441,0.01537,0.01311,0.01812,0.01305,0.02239
0.14906,0.05359,0.05987,0.13298,0.02860,0.14256,0.03682,0.03710,0.02118,0.15639,0.02588,0.02900,0.02643,0.01319,0.01302,0.01392,0.01128,0.01607,0.01677,0.01628
0.10200,0.06106,0.05814,0.13740,0.04639,0.11936,0.04011,0.05668,0.02833,0.11584,0.03097,0.03165,0.03007,0.02216,0.02297,0.02130,0.01670,0.01456,0.01634,0.02797
0.22292,0.04671,0.04371,0.10367,0.02387,0.24212,0.02687,0.03424,0.01673,0.08927,0.01418,0.03629,0.02482,0.01179,0.00875,0.01007,0.01017,0.01052,0.00838,0.01491
0.11998,0.05797,0.06046,0.05427,0.03587,0.17788,0.03880,0.05201,0.02391,0.15562,0.02845,0.03296,0.02843,0.02316,0.01966,0.02150,0.01769,0.01837,0.01452,0.01851
0.11507,0.06231,0.06354,0.10372,0.03036,0.11974,0.04072,0.05698,0.03373,0.12457,0.02413,0.05107,0.04314,0.01817,0.02271,0.01605,0.01907,0.01336,0.01500,0.02657
0.09706,0.14808,0.08288,0.09593,0.04171,0.14551,0.03799,0.06671,0.02153,0.11739,0.01762,0.01571,0.01484,0.01183,0.01416,0.01491,0.00930,0.01108,0.00888,0.02687
0.14222,0.05568,0.05509,0.09172,0.03455,0.15606,0.03954,0.04208,0.03219,0.11498,0.02295,0.01888,0.03959,0.02277,0.02249,0.02387,0.01798,0.01669,0.01727,0.03338
0.07801,0.10284,0.03054,0.12434,0.03067,0.22158,0.04155,0.03510,0.03054,0.07390,0.02414,0.03508,0.01976,0.01415,0.01677,0.03329,0.01666,0.01604,0.01153,0.04349
0.18808,0.05227,0.06412,0.11424,0.02781,0.21300,0.03145,0.04110,0.02258,0.10350,0.01622,0.02418,0.02095,0.01069,0.01130,0.01434,0.01091,0.01036,0.01044,0.01244
0.08902,0.07421,0.04707,0.15787,0.03167,0.11196,0.03151,0.05387,0.02190,0.13888,0.02203,0.03811,0.03426,0.01237,0.01741,0.02390,0.03146,0.01662,0.01321,0.03267
0.09332,0.07464,0.03973,0.16534,0.03202,0.13337,0.02604,0.03488,0.02475,0.17416,0.02250,0.02850,0.02400,0.01900,0.01546,0.02442,0.01443,0.01352,0.01380,0.02612
0.10351,0.08395,0.07624,0.11083,0.04114,0.09399,0.04134,0.06420,0.03485,0.14656,0.02203,0.03777,0.04056,0.01260,0.01448,0.01716,0.01729,0.01168,0.01079,0.01902
