0.04418,0.01265,0.01010,0.01040,0.00904,0.12492,0.01043,0.01140,0.04899,0.01054,0.06004,0.29302,0.01112,0.00958,0.01031,0.01029,0.23288,0.03020,0.01017,0.03976
0.04055,0.01492,0.01657,0.01360,0.01546,0.07511,0.01769,0.01470,0.04216,0.01427,0.19366,0.16857,0.01076,0.01358,0.01234,0.01194,0.14541,0.13252,0.01393,0.03227
0.02172,0.01662,0.01750,0.01366,0.01313,0.06842,0.01668,0.01883,0.10458,0.01476,0.07887,0.09371,0.01748,0.16405,0.02562,0.02226,0.09115,0.04896,0.01997,0.13202
0.13839,0.01281,0.01268,0.01179,0.01007,0.06936,0.01119,0.01289,0.02928,0.00978,0.29120,0.09961,0.01202,0.01327,0.00969,0.01026,0.08616,0.05052,0.00805,0.10097
0.03297,0.01416,0.01591,0.01231,0.01362,0.16006,0.01433,0.01529,0.08847,0.01404,0.12795,0.03992,0.04913,0.02343,0.04181,0.05451,0.04797,0.03802,0.02493,0.17115
0.02363,0.01196,0.01225,0.01265,0.00985,0.15680,0.01120,0.01337,0.15038,0.01261,0.23438,0.08546,0.01423,0.01186,0.01478,0.01670,0.09612,0.05933,0.01262,0.03982
0.02265,0.00908,0.00792,0.00964,0.00973,0.06303,0.01071,0.00915,0.04667,0.00814,0.10100,0.30529,0.00905,0.01260,0.00906,0.00873,0.21070,0.02692,0.00956,0.11038
0.05936,0.01886,0.02052,0.01456,0.01821,0.14215,0.01881,0.02066,0.07944,0.01684,0.10065,0.07158,0.01474,0.03035,0.01497,0.01504,0.07247,0.04850,0.01930,0.20299
0.05135,0.02879,0.03356,0.02769,0.02748,0.06961,0.04123,0.03261,0.07755,0.02162,0.08147,0.12289,0.03089,0.01970,0.03016,0.02640,0.13218,0.07253,0.03992,0.03236
0.11356,0.02284,0.02426,0.01554,0.02243,0.19076,0.02453,0.02655,0.12198,0.02682,0.07642,0.07468,0.01009,0.02457,0.01327,0.01402,0.07747,0.05182,0.01346,0.05492
0.03160,0.01134,0.01287,0.01123,0.01467,0.11317,0.01427,0.01408,0.09281,0.01326,0.19666,0.06689,0.02603,0.04526,0.02305,0.02285,0.07355,0.06039,0.01925,0.13677
0.02297,0.01138,0.01365,0.01377,0.01226,0.07824,0.01254,0.01544,0.06340,0.01129,0.22171,0.05392,0.01540,0.02168,0.01701,0.01653,0.06133,0.04522,0.01508,0.27719
0.01662,0.00750,0.00820,0.00791,0.00806,0.05501,0.00913,0.00895,0.04414,0.00816,0.05063,0.35542,0.00744,0.00980,0.00748,0.00729,0.31914,0.03244,0.00880,0.02788
0.02133,0.01031,0.01311,0.00988,0.01183,0.04888,0.01068,0.00929,0.03486,0.01073,0.30175,0.12644,0.01377,0.01151,0.01495,0.01741,0.14255,0.14778,0.01384,0.02908
0.11867,0.00670,0.00739,0.00642,0.00687,0.10503,0.00710,0.00744,0.03245,0.00710,0.20002,0.13836,0.00644,0.02032,0.00663,0.00725,0.12090,0.04922,0.00619,0.13950
0.01989,0.01327,0.01298,0.01175,0.01145,0.04569,0.01116,0.01186,0.05000,0.01117,0.11703,0.16758,0.01233,0.02998,0.01315,0.01317,0.14546,0.24817,0.01504,0.03885
0.01407,0.00965,0.00863,0.00829,0.00856,0.12439,0.00885,0.00794,0.22071,0.00823,0.14038,0.13210,0.01097,0.01660,0.01268,0.01085,0.13874,0.05560,0.01081,0.05197
0.02489,0.01045,0.01137,0.00987,0.01070,0.03552,0.01006,0.01136,0.03687,0.00939,0.04914,0.24877,0.00828,0.01060,0.00860,0.00802,0.18056,0.29188,0.00889,0.01476
0.01590,0.00900,0.00982,0.00832,0.00961,0.07943,0.01089,0.01030,0.10850,0.01022,0.20526,0.04990,0.00940,0.07669,0.01011,0.00943,0.05008,0.19929,0.00913,0.10873
0.03231,0.01253,0.01377,0.01203,0.01322,0.04017,0.01130,0.01514,0.03170,0.01382,0.10931,0.33787,0.00900,0.00945,0.00785,0.00833,0.22225,0.06706,0.00893,0.02398
0.02802,0.00954,0.00849,0.00834,0.00879,0.09557,0.01064,0.00987,0.04986,0.00889,0.21460,0.16997,0.00800,0.01220,0.00753,0.00773,0.15354,0.14574,0.00764,0.03505
0.05431,0.01075,0.01208,0.01174,0.01285,0.11690,0.01393,0.01050,0.05524,0.00945,0.09844,0.26972,0.00809,0.01420,0.00762,0.00882,0.15316,0.08949,0.00994,0.03278
0.01999,0.00982,0.00965,0.00953,0.01028,0.06146,0.01002,0.00993,0.04307,0.01055,0.24615,0.17480,0.01243,0.01390,0.01102,0.01312,0.14649,0.04853,0.01107,0.12819
0.01867,0.01790,0.01913,0.01540,0.01577,0.10485,0.01555,0.01587,0.19469,0.01628,0.10660,0.13591,0.01299,0.01391,0.01398,0.01534,0.13902,0.07411,0.01808,0.03593
0.03083,0.00885,0.00818,0.00709,0.00891,0.21731,0.00949,0.00867,0.07064,0.00804,0.07932,0.21432,0.00885,0.01406,0.00902,0.00885,0.19104,0.04887,0.00965,0.03799
0.09414,0.01104,0.01421,0.01581,0.01583,0.15566,0.01573,0.01519,0.04244,0.01292,0.13066,0.12052,0.02209,0.01333,0.01990,0.01840,0.15384,0.03668,0.01732,0.07429
0.07717,0.01456,0.01616,0.01553,0.01401,0.20407,0.01507,0.01413,0.11838,0.01686,0.12204,0.07506,0.01429,0.01314,0.01473,0.01483,0.06723,0.12715,0.01526,0.03030
0.03170,0.02029,0.02551,0.02065,0.01883,0.07071,0.01818,0.02302,0.07750,0.02049,0.08907,0.05256,0.06468,0.01340,0.13304,0.12594,0.06471,0.04876,0.04778,0.03319
0.02602,0.01600,0.01594,0.01478,0.01243,0.06668,0.01466,0.01287,0.05321,0.01363,0.11603,0.19444,0.01572,0.02098,0.01392,0.01833,0.19751,0.06121,0.02215,0.09349
0.03407,0.01760,0.01711,0.01609,0.01508,0.05272,0.01928,0.01654,0.04445,0.01473,0.20691,0.18204,0.01253,0.02145,0.01411,0.01251,0.14012,0.05515,0.01272,0.09479
0.02231,0.01476,0.01313,0.01232,0.01228,0.13364,0.01295,0.01469,0.25606,0.01182,0.16721,0.05583,0.02512,0.01618,0.02900,0.02143,0.05338,0.07308,0.02280,0.03201
0.02747,0.01000,0.01079,0.00965,0.01134,0.10447,0.01227,0.01225,0.06888,0.01135,0.07618,0.10833,0.03243,0.03787,0.03377,0.03494,0.11687,0.03370,0.01957,0.22789
0.02081,0.01310,0.00960,0.01033,0.01068,0.11264,0.01210,0.00896,0.15459,0.01054,0.08478,0.11055,0.01185,0.00832,0.01324,0.01193,0.09708,0.26737,0.01580,0.01574
0.02185,0.02126,0.02267,0.01993,0.02371,0.05367,0.02004,0.02094,0.08777,0.02059,0.08174,0.06458,0.03325,0.12602,0.03993,0.03319,0.07843,0.08882,0.02870,0.11293
0.02557,0.00992,0.01388,0.01087,0.01425,0.16061,0.01333,0.01298,0.11447,0.01144,0.32858,0.05352,0.01403,0.01086,0.01341,0.01482,0.05499,0.06044,0.01379,0.04823
0.02207,0.01028,0.01096,0.01013,0.01175,0.04674,0.01102,0.01142,0.03891,0.00953,0.14680,0.27592,0.00980,0.01257,0.00997,0.01149,0.23581,0.05799,0.01205,0.04477
0.02947,0.01650,0.01847,0.01573,0.02034,0.09259,0.02029,0.01598,0.10701,0.01669,0.15620,0.10859,0.01487,0.01558,0.01654,0.01596,0.08962,0.16565,0.01974,0.04416
0.03896,0.00867,0.00897,0.00919,0.01035,0.05490,0.01091,0.00941,0.02900,0.01036,0.10434,0.31918,0.00787,0.01450,0.00881,0.00819,0.23366,0.05220,0.00785,0.05269
0.07655,0.01689,0.01749,0.01366,0.01846,0.10181,0.01472,0.01807,0.04189,0.01409,0.20899,0.12964,0.01087,0.00912,0.01296,0.01298,0.15084,0.08222,0.01567,0.03309
0.03082,0.01265,0.01462,0.01310,0.01535,0.07249,0.01570,0.01330,0.05929,0.01450,0.11916,0.26129,0.00949,0.01083,0.00891,0.01063,0.20894,0.04376,0.01212,0.05307
0.02385,0.00957,0.01036,0.00878,0.01022,0.21359,0.01128,0.00836,0.14560,0.00965,0.12089,0.15421,0.01187,0.00960,0.01219,0.01117,0.13523,0.04080,0.01314,0.03963
0.02363,0.01658,0.01486,0.01368,0.01457,0.05933,0.01292,0.01541,0.06314,0.01291,0.06543,0.22696,0.01468,0.01369,0.01578,0.01557,0.30055,0.03471,0.01838,0.04721
0.06113,0.01550,0.01488,0.01526,0.01651,0.21418,0.01762,0.01774,0.10872,0.01564,0.14736,0.08682,0.01211,0.01810,0.01208,0.01223,0.08525,0.07183,0.01233,0.04471
0.04163,0.01147,0.01257,0.01070,0.01298,0.06651,0.01384,0.01171,0.05507,0.01198,0.13167,0.23264,0.00952,0.01521,0.01126,0.01146,0.21239,0.06060,0.01284,0.05395
0.03530,0.01319,0.01514,0.01569,0.01784,0.05403,0.01608,0.01443,0.04352,0.01691,0.24155,0.10347,0.02447,0.01469,0.02738,0.02423,0.10315,0.15240,0.02907,0.03743
0.02759,0.01024,0.00991,0.01098,0.00972,0.25417,0.00965,0.01015,0.23215,0.01187,0.08644,0.04460,0.01385,0.01943,0.01079,0.01252,0.04614,0.13235,0.01228,0.03516
0.03597,0.01058,0.00946,0.00997,0.00984,0.06503,0.01165,0.01141,0.03381,0.01039,0.06889,0.24728,0.00858,0.00772,0.00883,0.00926,0.16562,0.25017,0.01068,0.01488
0.03252,0.01768,0.01564,0.01789,0.01542,0.08940,0.01687,0.01674,0.06232,0.01848,0.13873,0.16418,0.01621,0.01552,0.01913,0.02041,0.20566,0.05382,0.01694,0.04643
0.01515,0.00569,0.00683,0.00658,0.00607,0.02749,0.00700,0.00642,0.02245,0.00610,0.07392,0.37820,0.00665,0.00590,0.00728,0.00721,0.35274,0.02362,0.00714,0.02758
0.10691,0.02733,0.03183,0.03456,0.02412,0.07406,0.03783,0.02846,0.05306,0.02383,0.11108,0.13856,0.02075,0.01478,0.02091,0.02272,0.11927,0.04740,0.02545,0.03711
0.01955,0.02009,0.01558,0.01730,0.02082,0.07932,0.01574,0.01652,0.26681,0.01811,0.09829,0.07776,0.02027,0.02268,0.02698,0.02524,0.07481,0.09446,0.02393,0.04575
0.05875,0.01509,0.01710,0.01546,0.01562,0.17126,0.01693,0.01499,0.09718,0.01662,0.09063,0.14806,0.01512,0.01331,0.01688,0.01428,0.13271,0.08201,0.01800,0.03000
0.02853,0.00798,0.01059,0.00854,0.00957,0.03452,0.00918,0.00907,0.02495,0.00821,0.20442,0.29602,0.00864,0.00526,0.00760,0.00948,0.25376,0.02766,0.00825,0.02778
0.07079,0.01963,0.01917,0.01579,0.02240,0.08366,0.01630,0.01731,0.04303,0.01733,0.10163,0.21936,0.01671,0.00685,0.01817,0.01963,0.18964,0.06981,0.01541,0.01738
0.02188,0.00828,0.01010,0.00787,0.00879,0.15534,0.00829,0.00915,0.11204,0.00985,0.04177,0.27250,0.00812,0.01182,0.00788,0.00811,0.22757,0.02503,0.00675,0.03886
0.02296,0.01170,0.01264,0.01179,0.01283,0.05219,0.01166,0.01265,0.04168,0.01211,0.19107,0.17912,0.01300,0.02095,0.01334,0.01513,0.18460,0.05083,0.01324,0.11654
0.10901,0.01881,0.01950,0.01858,0.02233,0.17464,0.02802,0.02322,0.08323,0.02372,0.10968,0.08611,0.01190,0.01452,0.01440,0.01314,0.07868,0.09527,0.01345,0.04181
0.02235,0.00870,0.00938,0.01005,0.00903,0.05155,0.00946,0.00886,0.03633,0.00851,0.09619,0.30522,0.01243,0.00764,0.01146,0.01148,0.30318,0.03666,0.00873,0.03278
0.09508,0.00933,0.01058,0.01186,0.01270,0.07409,0.01077,0.01158,0.04063,0.01068,0.26863,0.14680,0.01295,0.00700,0.01061,0.01361,0.16352,0.04045,0.01120,0.03792
0.01963,0.01745,0.02184,0.02045,0.02383,0.08213,0.02868,0.02359,0.17644,0.01943,0.09269,0.10205,0.02073,0.03281,0.02299,0.02305,0.11852,0.09812,0.01878,0.03678
0.01299,0.01126,0.01140,0.00916,0.00969,0.06223,0.00989,0.01008,0.13702,0.01055,0.10313,0.11931,0.01281,0.04340,0.01266,0.01185,0.15460,0.04588,0.01343,0.19868
0.03238,0.02368,0.02088,0.02157,0.01930,0.09769,0.01942,0.01944,0.15954,0.01854,0.09765,0.12439,0.02724,0.01078,0.02670,0.02201,0.12233,0.08328,0.02954,0.02361
0.02711,0.01065,0.01246,0.01005,0.00976,0.04801,0.01008,0.00939,0.04480,0.01003,0.39530,0.10185,0.01590,0.01001,0.01353,0.01339,0.11216,0.07879,0.01563,0.05110
0.03378,0.00960,0.00893,0.00887,0.00937,0.18935,0.01072,0.01021,0.08424,0.00931,0.10118,0.15206,0.01126,0.01357,0.01261,0.01319,0.16535,0.11725,0.01311,0.02605
0.02603,0.01880,0.01666,0.01412,0.01860,0.03817,0.01790,0.01697,0.03681,0.01542,0.06410,0.29096,0.01902,0.01420,0.01807,0.01690,0.24842,0.06035,0.01586,0.03265
0.03000,0.01240,0.01124,0.01172,0.01198,0.05668,0.01210,0.01151,0.04854,0.01153,0.12445,0.22758,0.01080,0.01363,0.00879,0.00922,0.24639,0.09764,0.01162,0.03221
0.03328,0.01025,0.01191,0.01309,0.01111,0.10487,0.01161,0.01119,0.07304,0.01012,0.26787,0.12493,0.00992,0.01381,0.01037,0.01197,0.11683,0.04700,0.01112,0.09572
0.04889,0.01524,0.01535,0.01594,0.01345,0.07164,0.01634,0.01558,0.05071,0.01370,0.20193,0.14601,0.01538,0.02118,0.01454,0.01610,0.14889,0.08236,0.01630,0.06047
0.04924,0.01657,0.01545,0.01576,0.01477,0.11846,0.01767,0.01294,0.06464,0.01494,0.08557,0.20720,0.03346,0.00807,0.02562,0.01977,0.16344,0.06810,0.02648,0.02186
0.02347,0.00807,0.00835,0.00900,0.00826,0.03799,0.00898,0.00883,0.02702,0.00858,0.21420,0.14972,0.00834,0.00834,0.01001,0.00957,0.11409,0.30480,0.00820,0.02419
0.01759,0.01383,0.01220,0.01175,0.01048,0.10353,0.01483,0.01133,0.30262,0.00988,0.06703,0.11874,0.01495,0.01534,0.01178,0.01192,0.13452,0.02251,0.01236,0.08283
0.01861,0.01191,0.01062,0.01004,0.01089,0.07933,0.01229,0.01145,0.19563,0.01033,0.11084,0.19710,0.00824,0.01198,0.00853,0.00987,0.14515,0.08915,0.01263,0.03541
0.02451,0.01112,0.01135,0.01061,0.01228,0.04821,0.01074,0.01381,0.04047,0.01227,0.10499,0.28101,0.00917,0.00765,0.01155,0.01107,0.21010,0.14355,0.00994,0.01556
0.07642,0.02732,0.02994,0.02338,0.02340,0.12018,0.02581,0.02882,0.06854,0.02942,0.18071,0.08531,0.01907,0.01448,0.02199,0.01703,0.08897,0.04252,0.02119,0.05551
0.01836,0.00880,0.01092,0.00974,0.01016,0.03590,0.01054,0.00991,0.03384,0.01013,0.20452,0.24931,0.00919,0.01134,0.00937,0.00831,0.22714,0.07763,0.01017,0.03473
0.01913,0.00996,0.01051,0.00944,0.00908,0.04926,0.00937,0.01083,0.05405,0.00840,0.36610,0.15051,0.01070,0.01071,0.01011,0.01122,0.13351,0.03981,0.00995,0.06735
0.06224,0.01451,0.01277,0.01363,0.01422,0.05167,0.01507,0.01320,0.02788,0.01262,0.25691,0.17990,0.00922,0.01051,0.01001,0.01126,0.17041,0.05967,0.00994,0.04436
0.01823,0.01224,0.01229,0.01018,0.01100,0.07362,0.01118,0.01199,0.08282,0.01005,0.05909,0.29542,0.00888,0.00990,0.00817,0.00809,0.28876,0.03717,0.00951,0.02142
0.01512,0.01128,0.01171,0.00976,0.00955,0.05816,0.01146,0.01132,0.07858,0.00970,0.05480,0.28575,0.01621,0.01022,0.01866,0.01655,0.29029,0.04013,0.01719,0.02354
0.02217,0.01686,0.01647,0.01638,0.01504,0.07820,0.01646,0.01505,0.13750,0.01395,0.05608,0.15221,0.01718,0.01812,0.01806,0.01527,0.20674,0.02380,0.01990,0.12455
0.03326,0.01495,0.01448,0.01247,0.01583,0.04646,0.01339,0.01233,0.03617,0.01360,0.07649,0.26795,0.01412,0.01539,0.01512,0.01369,0.17714,0.16961,0.01490,0.02265
0.02186,0.00764,0.00881,0.00705,0.00708,0.03773,0.00837,0.00874,0.02617,0.00737,0.22750,0.24115,0.00817,0.01334,0.00877,0.00927,0.20303,0.08044,0.00849,0.05901
0.04435,0.01222,0.01482,0.01412,0.01716,0.13410,0.01338,0.01334,0.08261,0.01270,0.09806,0.12480,0.02986,0.02538,0.03276,0.02743,0.12790,0.07750,0.02621,0.07128
0.01069,0.00449,0.00542,0.00458,0.00526,0.02580,0.00617,0.00528,0.02087,0.00507,0.14325,0.13318,0.00639,0.00777,0.00558,0.00604,0.12224,0.45767,0.00652,0.01776
0.06382,0.01147,0.01369,0.01273,0.01509,0.05875,0.01436,0.01413,0.03987,0.01330,0.11167,0.21747,0.01418,0.02887,0.01578,0.01586,0.18189,0.09666,0.01430,0.04611
0.05192,0.02730,0.03059,0.02457,0.03116,0.07763,0.03158,0.02928,0.09298,0.02432,0.06743,0.19436,0.01834,0.01165,0.01730,0.01518,0.14999,0.05243,0.02180,0.03018
0.02260,0.02025,0.01962,0.01781,0.02058,0.06080,0.02014,0.01877,0.08501,0.02060,0.07045,0.27376,0.01772,0.00735,0.01708,0.01708,0.20712,0.03566,0.02471,0.02289
0.03565,0.01885,0.02172,0.01809,0.01904,0.04827,0.02110,0.01771,0.04744,0.01860,0.06594,0.22732,0.02329,0.01293,0.02490,0.02309,0.24631,0.05475,0.02329,0.03169
0.02352,0.01253,0.01199,0.01087,0.01169,0.05410,0.01127,0.01001,0.04440,0.01275,0.12703,0.18538,0.01667,0.01780,0.01776,0.01582,0.19546,0.17120,0.01797,0.03179
0.02330,0.01567,0.01598,0.01432,0.01502,0.04140,0.01709,0.01835,0.03609,0.01266,0.13036,0.04398,0.07545,0.03128,0.14889,0.11464,0.05028,0.05348,0.04425,0.09752
0.18961,0.00614,0.00589,0.00579,0.00635,0.27811,0.00583,0.00584,0.03029,0.00547,0.14191,0.10148,0.00792,0.00709,0.00671,0.00816,0.09426,0.05129,0.00679,0.03506
0.01264,0.00718,0.00723,0.00730,0.00722,0.08421,0.00778,0.00717,0.16522,0.00771,0.07086,0.13739,0.00753,0.06351,0.00668,0.00784,0.13879,0.21153,0.00801,0.03421
0.02103,0.00794,0.00888,0.00885,0.00755,0.17156,0.00878,0.00808,0.21696,0.00843,0.20159,0.08422,0.01021,0.01222,0.01017,0.01169,0.08342,0.05989,0.01173,0.04681
0.07083,0.00877,0.01152,0.00952,0.00991,0.04925,0.01258,0.01007,0.03593,0.00888,0.06097,0.41075,0.00759,0.01085,0.00814,0.00899,0.17573,0.06066,0.00999,0.01906
0.04197,0.01736,0.01767,0.01582,0.01426,0.05743,0.01590,0.01478,0.04303,0.01375,0.33936,0.08075,0.01760,0.01066,0.01960,0.01794,0.08322,0.11335,0.01870,0.04684
0.03373,0.02079,0.02291,0.01836,0.02099,0.08117,0.02517,0.02197,0.10616,0.01804,0.07917,0.20205,0.01621,0.01633,0.01715,0.01565,0.18242,0.05070,0.01598,0.03501
0.02123,0.01009,0.01183,0.01119,0.00911,0.05578,0.01201,0.01301,0.04601,0.01145,0.11279,0.27708,0.01039,0.01660,0.00980,0.01223,0.25147,0.04133,0.01233,0.05426
0.04089,0.01578,0.01717,0.01370,0.01610,0.15986,0.01482,0.01620,0.09351,0.01515,0.21953,0.11052,0.01634,0.00978,0.01350,0.01474,0.10201,0.05971,0.01807,0.03263
0.02343,0.01331,0.01314,0.01209,0.01389,0.08846,0.01232,0.01177,0.09163,0.01336,0.14913,0.15891,0.01205,0.01908,0.01446,0.01318,0.15487,0.10848,0.01250,0.06392
0.05608,0.01925,0.01954,0.01855,0.02355,0.13938,0.02648,0.02482,0.10039,0.01705,0.10817,0.06251,0.01733,0.04909,0.02123,0.01693,0.06370,0.16093,0.01498,0.04004
