0.01351,0.22215,0.03002,0.04233,0.09614,0.00932,0.00950,0.01310,0.18774,0.00899,0.29108,0.05535,0.00872,0.01204
0.00827,0.06553,0.04640,0.03492,0.05565,0.01589,0.08589,0.07987,0.53090,0.00504,0.03615,0.01184,0.00768,0.01596
0.01337,0.06302,0.06272,0.04722,0.20006,0.03267,0.00712,0.02211,0.10796,0.20469,0.06955,0.11707,0.02711,0.02533
0.03595,0.02778,0.00934,0.05265,0.08677,0.30461,0.00577,0.00712,0.14307,0.00928,0.18569,0.00679,0.00770,0.11749
0.03552,0.14545,0.04177,0.03313,0.16776,0.02325,0.00862,0.04945,0.36938,0.00467,0.08738,0.00638,0.00523,0.02201
0.01102,0.05907,0.00482,0.07981,0.02090,0.08193,0.37194,0.00431,0.01625,0.01103,0.29252,0.00985,0.00677,0.02977
0.01333,0.12701,0.01786,0.07738,0.02752,0.15728,0.06175,0.01774,0.19459,0.01080,0.16826,0.01731,0.01064,0.09852
0.06857,0.18309,0.02865,0.03549,0.31178,0.00687,0.02709,0.14823,0.05389,0.01397,0.09971,0.00383,0.01016,0.00865
0.07631,0.10802,0.05592,0.03516,0.12096,0.02443,0.00507,0.01479,0.29144,0.01493,0.15861,0.02356,0.05297,0.01783
0.06248,0.09145,0.02757,0.11764,0.02621,0.01426,0.00604,0.01280,0.51875,0.00419,0.09334,0.00382,0.00395,0.01752
0.01514,0.03737,0.00715,0.02831,0.20877,0.21480,0.00416,0.00512,0.13163,0.01255,0.27666,0.00620,0.00663,0.04550
0.00572,0.07342,0.02306,0.06056,0.02808,0.01160,0.00197,0.00560,0.50166,0.00879,0.26095,0.00338,0.00716,0.00803
0.00936,0.05219,0.02115,0.18727,0.02867,0.02330,0.00692,0.01937,0.47928,0.01069,0.13298,0.00625,0.00718,0.01540
0.03277,0.21936,0.01268,0.02256,0.05492,0.02448,0.02395,0.04930,0.08064,0.00988,0.30356,0.00449,0.13819,0.02321
0.01149,0.02641,0.18725,0.17148,0.11904,0.01283,0.00533,0.01131,0.32671,0.01476,0.08484,0.00517,0.01557,0.00782
0.01158,0.06900,0.00846,0.03406,0.07042,0.00752,0.00287,0.00343,0.60503,0.01549,0.15615,0.00261,0.00756,0.00582
0.00428,0.11712,0.00585,0.01393,0.06342,0.15579,0.00485,0.00651,0.44272,0.02203,0.06148,0.00278,0.00965,0.08958
0.01428,0.19061,0.02707,0.04252,0.02530,0.02946,0.03856,0.02695,0.40645,0.01550,0.06488,0.07888,0.01061,0.02895
0.00725,0.06503,0.00872,0.02633,0.16587,0.09702,0.00421,0.00278,0.11627,0.00580,0.46545,0.00318,0.00511,0.02697
0.01945,0.25457,0.01211,0.04553,0.05068,0.00761,0.00810,0.03708,0.27960,0.00932,0.25817,0.00543,0.00431,0.00804
0.09482,0.05107,0.01704,0.01450,0.05969,0.01416,0.23473,0.02204,0.38771,0.00571,0.02860,0.01683,0.03676,0.01633
0.00778,0.07632,0.01395,0.14305,0.05136,0.02153,0.00331,0.00506,0.29618,0.00586,0.33982,0.00444,0.00445,0.02689
0.15807,0.11716,0.04860,0.03856,0.07070,0.09662,0.01636,0.07324,0.09911,0.02027,0.16260,0.00322,0.01410,0.08139
0.01079,0.12166,0.00977,0.04215,0.07057,0.10557,0.03620,0.00848,0.27821,0.02038,0.25171,0.00498,0.01227,0.02726
0.00740,0.05365,0.08175,0.08537,0.03265,0.01072,0.00404,0.01525,0.21724,0.22519,0.05431,0.00589,0.19684,0.00970
0.01451,0.12581,0.00588,0.05958,0.11388,0.04023,0.00307,0.00311,0.21748,0.00533,0.37605,0.00368,0.00461,0.02677
0.04312,0.19692,0.10437,0.05037,0.05350,0.01353,0.00424,0.05467,0.33476,0.01745,0.09721,0.00587,0.00666,0.01733
0.00970,0.07868,0.02474,0.09397,0.02850,0.07898,0.00511,0.00737,0.26263,0.00914,0.31966,0.00378,0.02122,0.05653
0.03842,0.03687,0.00951,0.20445,0.04793,0.05451,0.00417,0.00527,0.36341,0.01368,0.14397,0.01031,0.03031,0.03718
0.01462,0.08252,0.05613,0.10440,0.23764,0.02469,0.00496,0.01448,0.09491,0.00487,0.31891,0.00681,0.00321,0.03187
0.01243,0.29036,0.02632,0.08719,0.02038,0.00822,0.00455,0.01142,0.18294,0.00635,0.32793,0.00822,0.00647,0.00722
0.03268,0.31619,0.06596,0.01754,0.10023,0.02084,0.01568,0.06366,0.05489,0.01019,0.22341,0.03367,0.02332,0.02172
0.03200,0.12918,0.02117,0.13575,0.01064,0.00853,0.00328,0.04230,0.41280,0.06126,0.08532,0.00570,0.03769,0.01438
0.06406,0.14913,0.03718,0.03101,0.04521,0.01128,0.00755,0.30340,0.03315,0.05423,0.20471,0.01280,0.03120,0.01508
0.08618,0.03426,0.01774,0.04233,0.01075,0.10926,0.12958,0.01174,0.05786,0.00936,0.06521,0.04300,0.15308,0.22965
0.01198,0.04574,0.18768,0.09434,0.03861,0.00749,0.00698,0.01340,0.32809,0.01053,0.22877,0.00545,0.01410,0.00685
0.00996,0.04666,0.05805,0.12203,0.02925,0.03582,0.00462,0.01044,0.51074,0.02911,0.09115,0.00616,0.01368,0.03234
0.01149,0.05429,0.05441,0.02875,0.06683,0.02343,0.01099,0.11688,0.55258,0.00420,0.04540,0.00729,0.00414,0.01931
0.00435,0.03720,0.02698,0.08399,0.03769,0.01857,0.00183,0.00229,0.48999,0.00518,0.27241,0.00246,0.00348,0.01360
0.01304,0.02686,0.00803,0.06133,0.02109,0.03009,0.00751,0.01172,0.12855,0.01391,0.63201,0.00682,0.00656,0.03248
0.25890,0.06335,0.00935,0.08187,0.04453,0.09645,0.02981,0.00849,0.14153,0.00844,0.11759,0.01111,0.03535,0.09323
0.02232,0.03604,0.01240,0.06836,0.02546,0.02773,0.25923,0.01829,0.22870,0.01679,0.08103,0.16524,0.01336,0.02504
0.00856,0.08501,0.04023,0.08172,0.08764,0.01424,0.00370,0.01229,0.21086,0.00467,0.42927,0.00786,0.00406,0.00989
0.06062,0.30448,0.00687,0.01954,0.04389,0.00690,0.00444,0.03273,0.31979,0.01569,0.15844,0.01130,0.00939,0.00591
0.01756,0.06529,0.13425,0.03638,0.07210,0.01169,0.00360,0.01330,0.37010,0.06944,0.09491,0.02083,0.07775,0.01279
0.25692,0.03017,0.05737,0.15220,0.28155,0.00782,0.00734,0.07834,0.01919,0.02796,0.06224,0.00654,0.00314,0.00922
0.00484,0.15042,0.07146,0.18845,0.00809,0.02881,0.01216,0.01461,0.05403,0.09896,0.08238,0.01100,0.24113,0.03366
0.01673,0.11349,0.01798,0.05709,0.23720,0.00815,0.00322,0.01114,0.28852,0.00527,0.22705,0.00289,0.00356,0.00772
0.01014,0.06660,0.01239,0.06358,0.14618,0.01278,0.00321,0.00319,0.25333,0.00674,0.39942,0.00525,0.00407,0.01312
0.00940,0.25064,0.07165,0.02618,0.02040,0.04711,0.00953,0.01046,0.02949,0.03453,0.23510,0.00326,0.20272,0.04953
0.02754,0.17314,0.01721,0.04254,0.13267,0.00748,0.00425,0.07874,0.36216,0.00638,0.13348,0.00319,0.00299,0.00820
0.02732,0.18179,0.11014,0.09996,0.06092,0.02073,0.00558,0.02093,0.24627,0.01142,0.16016,0.01672,0.00854,0.02953
0.00401,0.03656,0.01805,0.04346,0.03272,0.00907,0.00196,0.00711,0.67152,0.00823,0.15376,0.00239,0.00213,0.00904
0.10480,0.03606,0.04561,0.02062,0.17139,0.01321,0.09732,0.01626,0.35881,0.00976,0.07495,0.01854,0.01577,0.01689
0.03895,0.10968,0.04927,0.07928,0.25488,0.01159,0.00869,0.02449,0.12401,0.00912,0.25550,0.01282,0.01080,0.01092
0.00587,0.03600,0.03706,0.26928,0.07173,0.16414,0.00524,0.01760,0.13556,0.00503,0.20982,0.00493,0.00252,0.03522
0.21869,0.10287,0.01291,0.04237,0.02117,0.02743,0.29110,0.02477,0.05582,0.01539,0.10814,0.00896,0.04919,0.02120
0.02171,0.30347,0.02893,0.14539,0.02672,0.00686,0.02544,0.04213,0.20649,0.02369,0.06023,0.01919,0.08196,0.00779
0.00950,0.08038,0.02622,0.04769,0.05464,0.01822,0.00263,0.00578,0.39012,0.00786,0.30981,0.01287,0.00898,0.02531
0.02444,0.05807,0.02032,0.01716,0.03815,0.43706,0.05078,0.07970,0.08742,0.01070,0.06080,0.01325,0.06486,0.03729
0.01363,0.20061,0.05282,0.07825,0.19173,0.01459,0.01249,0.04621,0.10578,0.05687,0.15445,0.02617,0.03178,0.01463
0.01433,0.02443,0.04147,0.19366,0.03381,0.00770,0.00206,0.00691,0.56455,0.01527,0.07549,0.00400,0.00954,0.00677
0.01253,0.36801,0.01704,0.03462,0.11214,0.00464,0.00584,0.08932,0.21969,0.00835,0.11087,0.00624,0.00585,0.00487
0.00558,0.12179,0.00464,0.01683,0.22651,0.13565,0.00335,0.00186,0.03676,0.00857,0.40155,0.00432,0.00575,0.02684
0.00821,0.02306,0.06395,0.18881,0.03021,0.01356,0.00554,0.01608,0.12493,0.19767,0.02648,0.00626,0.27955,0.01568
0.35553,0.01859,0.00534,0.04172,0.00684,0.00766,0.00501,0.00406,0.30701,0.00660,0.06774,0.00958,0.15917,0.00514
0.01099,0.09340,0.02053,0.06042,0.07365,0.05204,0.00930,0.01622,0.21831,0.19990,0.05594,0.03255,0.13274,0.02402
0.01806,0.03590,0.03748,0.35286,0.08151,0.01161,0.00574,0.04412,0.28811,0.01955,0.08195,0.00484,0.00688,0.01139
0.07679,0.03030,0.01264,0.09509,0.42045,0.02401,0.00911,0.01388,0.14059,0.04003,0.10240,0.00730,0.01327,0.01415
0.05605,0.10984,0.01189,0.03489,0.01422,0.02115,0.01866,0.00737,0.24536,0.01207,0.34517,0.02179,0.08179,0.01975
0.00407,0.04186,0.15053,0.26737,0.03866,0.05889,0.00300,0.00576,0.27129,0.00425,0.12104,0.00412,0.00299,0.02618
0.01461,0.05164,0.01260,0.08689,0.15637,0.00970,0.00274,0.00545,0.44918,0.01439,0.17229,0.00297,0.01341,0.00776
0.01455,0.11854,0.11704,0.04045,0.21893,0.00921,0.02757,0.01995,0.10837,0.00925,0.21922,0.06289,0.01923,0.01480
0.23893,0.08766,0.01770,0.02521,0.00899,0.02006,0.00497,0.01897,0.40643,0.00482,0.08314,0.00410,0.06097,0.01806
0.00591,0.12426,0.01247,0.06076,0.05935,0.00889,0.00378,0.00227,0.27114,0.00325,0.43071,0.00283,0.00403,0.01034
0.00966,0.10244,0.01490,0.13432,0.03854,0.01694,0.00399,0.00548,0.25948,0.09250,0.12283,0.00695,0.17845,0.01352
0.11407,0.10946,0.03695,0.01377,0.24570,0.00864,0.00614,0.05044,0.08037,0.04114,0.19064,0.00739,0.08243,0.01287
0.00897,0.15238,0.00964,0.01935,0.02291,0.10208,0.00887,0.00496,0.21678,0.01817,0.35498,0.00735,0.01586,0.05770
0.00776,0.06483,0.00473,0.02424,0.26593,0.00591,0.00378,0.00371,0.13105,0.00366,0.47396,0.00262,0.00215,0.00567
0.02713,0.05372,0.00992,0.01996,0.08419,0.09387,0.18213,0.01705,0.38114,0.00386,0.01891,0.02915,0.03096,0.04800
0.00845,0.08251,0.01961,0.08392,0.03804,0.18726,0.01197,0.00651,0.30805,0.00440,0.18022,0.00379,0.00478,0.06049
0.07330,0.18338,0.02116,0.01336,0.04436,0.01032,0.03583,0.01246,0.14311,0.00399,0.42392,0.00511,0.01457,0.01511
0.01714,0.35114,0.03069,0.05499,0.03835,0.00874,0.01309,0.01700,0.20485,0.01122,0.22604,0.00362,0.01018,0.01294
0.08873,0.13235,0.10125,0.02786,0.08574,0.01073,0.00901,0.07790,0.23582,0.00548,0.18961,0.01217,0.00570,0.01765
0.01549,0.37000,0.01510,0.02619,0.13273,0.07063,0.01117,0.13763,0.06914,0.01378,0.05506,0.01134,0.00927,0.06247
0.00993,0.03871,0.01264,0.02001,0.02070,0.01308,0.27687,0.01721,0.50702,0.00486,0.02829,0.03048,0.00333,0.01687
0.09834,0.03962,0.01040,0.05055,0.03402,0.06153,0.00707,0.01367,0.40986,0.01030,0.10527,0.00576,0.13042,0.02317
0.10670,0.08142,0.02010,0.05447,0.06418,0.05630,0.00798,0.01559,0.24255,0.07075,0.17791,0.00748,0.06183,0.03274
0.00948,0.16974,0.00773,0.02655,0.07502,0.20846,0.01765,0.00523,0.06704,0.01276,0.33302,0.00447,0.00566,0.05719
0.05877,0.09144,0.02230,0.02708,0.23801,0.01649,0.00868,0.01479,0.27482,0.00921,0.17664,0.01970,0.01980,0.02228
0.00878,0.24896,0.00561,0.01218,0.09548,0.01320,0.00595,0.00214,0.10863,0.00399,0.47326,0.00353,0.00377,0.01451
0.02022,0.02094,0.13606,0.03314,0.01154,0.10637,0.19543,0.05921,0.05154,0.01497,0.05737,0.15848,0.01065,0.12408
0.01588,0.11415,0.02746,0.02577,0.12536,0.05251,0.00688,0.00652,0.38482,0.00575,0.13313,0.01399,0.00414,0.08363
0.00811,0.04520,0.01202,0.06421,0.15315,0.01093,0.00383,0.01005,0.41826,0.01082,0.24355,0.00454,0.00525,0.01008
0.01091,0.24168,0.04103,0.04032,0.09019,0.01963,0.00811,0.01367,0.21880,0.01081,0.24307,0.04200,0.00691,0.01288
0.03749,0.14676,0.01101,0.02883,0.01639,0.02542,0.13930,0.18659,0.25876,0.01424,0.06788,0.01998,0.02652,0.02082
0.01592,0.11483,0.01865,0.11911,0.11667,0.00940,0.00675,0.00626,0.38175,0.03585,0.13159,0.01371,0.01508,0.01442
0.00712,0.02300,0.03723,0.07367,0.02463,0.09673,0.00973,0.00636,0.06081,0.16756,0.03376,0.01076,0.35751,0.09114
0.01442,0.03655,0.05171,0.06221,0.23612,0.01091,0.00630,0.02711,0.30236,0.00709,0.22621,0.00360,0.00283,0.01260
0.00445,0.13534,0.00992,0.06732,0.01835,0.00790,0.00497,0.00381,0.43906,0.00406,0.29219,0.00319,0.00284,0.00660
