0.15604,0.21872,0.18389,0.13296,0.10969,0.03287,0.04166,0.03815,0.04059,0.04544
0.14546,0.24407,0.25986,0.11978,0.09536,0.02102,0.04239,0.02869,0.01966,0.02371
0.11652,0.21379,0.17031,0.12542,0.12599,0.04676,0.05046,0.05090,0.04655,0.05330
0.13607,0.23261,0.19294,0.12207,0.11292,0.02452,0.08352,0.04174,0.02300,0.03061
0.13410,0.28892,0.23370,0.11448,0.09479,0.02428,0.02372,0.02257,0.02795,0.03549
0.13937,0.24208,0.19683,0.10643,0.09042,0.04372,0.04853,0.04158,0.04447,0.04658
0.12861,0.18305,0.16794,0.10713,0.10316,0.03936,0.12869,0.06601,0.03552,0.04054
0.15665,0.26215,0.21677,0.12458,0.11113,0.02402,0.02552,0.02328,0.02531,0.03058
0.13812,0.17257,0.17171,0.15424,0.12458,0.03633,0.06166,0.05110,0.04254,0.04715
0.13001,0.16780,0.14737,0.11760,0.11013,0.03978,0.10711,0.07570,0.05257,0.05192
0.16844,0.19798,0.18255,0.12245,0.11434,0.03957,0.05292,0.04584,0.03599,0.03992
0.15238,0.17738,0.16658,0.14421,0.14552,0.03618,0.06449,0.04031,0.03157,0.04137
0.12474,0.15356,0.14655,0.11567,0.10063,0.03457,0.16716,0.07320,0.04458,0.03934
0.11279,0.13660,0.13290,0.08916,0.08349,0.02915,0.28515,0.06167,0.03121,0.03788
0.14783,0.18260,0.18405,0.14878,0.12287,0.03363,0.05943,0.05081,0.03344,0.03657
0.18220,0.20560,0.19389,0.13707,0.11766,0.03280,0.03242,0.02831,0.03517,0.03487
0.12911,0.21613,0.18986,0.14932,0.12015,0.03374,0.04640,0.04278,0.03691,0.03560
0.13295,0.20715,0.20851,0.10842,0.11376,0.02997,0.08937,0.04662,0.02779,0.03547
0.11731,0.20469,0.14263,0.10710,0.08761,0.05558,0.08803,0.07331,0.04941,0.07432
0.16742,0.18063,0.17282,0.12402,0.11606,0.05206,0.05137,0.04357,0.04104,0.05100
0.13027,0.16935,0.15786,0.11663,0.10518,0.03814,0.12098,0.07412,0.04525,0.04223
0.14952,0.21204,0.18384,0.10807,0.10303,0.03386,0.07110,0.05399,0.04002,0.04454
0.10022,0.15774,0.13867,0.09373,0.07804,0.02783,0.29448,0.04463,0.02873,0.03593
0.14268,0.17788,0.16857,0.13220,0.12542,0.03108,0.08955,0.05653,0.03335,0.04275
0.14422,0.20363,0.18404,0.12386,0.11246,0.03644,0.07930,0.04868,0.03179,0.03560
0.15559,0.22899,0.20923,0.11038,0.09451,0.02294,0.08143,0.03799,0.02747,0.03145
0.13457,0.24301,0.20569,0.12210,0.12012,0.03423,0.04421,0.03383,0.02661,0.03563
0.14245,0.20150,0.18073,0.11324,0.10529,0.03404,0.08758,0.05842,0.03286,0.04389
0.12993,0.26272,0.20168,0.10561,0.09611,0.03282,0.05934,0.04503,0.02946,0.03729
0.14275,0.25371,0.25619,0.10187,0.09530,0.02239,0.04781,0.03135,0.02288,0.02575
0.15066,0.23968,0.20781,0.12033,0.10884,0.02886,0.04010,0.03736,0.03279,0.03357
0.14077,0.21254,0.19800,0.10990,0.10790,0.04743,0.04284,0.04419,0.04368,0.05275
0.16423,0.28932,0.21879,0.11800,0.10228,0.01955,0.02867,0.02065,0.01697,0.02154
0.12807,0.16042,0.15243,0.12870,0.11832,0.03883,0.10227,0.06870,0.04156,0.06069
0.16514,0.22426,0.19254,0.13079,0.10793,0.02816,0.05455,0.03329,0.02795,0.03539
0.14968,0.18999,0.16505,0.11750,0.10715,0.03161,0.09917,0.05486,0.03763,0.04738
0.13240,0.18684,0.15534,0.10408,0.08860,0.04788,0.10455,0.07651,0.04694,0.05686
0.16854,0.24253,0.26153,0.08531,0.09062,0.02101,0.05689,0.02818,0.01984,0.02554
0.13206,0.20977,0.21258,0.13420,0.11880,0.02736,0.06637,0.03660,0.02989,0.03237
0.14474,0.20533,0.17087,0.12068,0.09933,0.03142,0.10568,0.05543,0.02927,0.03726
0.11808,0.14696,0.19652,0.11074,0.08830,0.03567,0.16327,0.06345,0.03402,0.04299
0.14097,0.18827,0.16127,0.14571,0.13799,0.03908,0.06159,0.04637,0.03959,0.03917
0.14706,0.26496,0.16024,0.09977,0.09049,0.02367,0.11521,0.03964,0.02396,0.03500
0.15629,0.24779,0.19406,0.10606,0.10194,0.03445,0.04858,0.03546,0.03534,0.04002
0.14664,0.32153,0.21786,0.10334,0.09455,0.01881,0.03201,0.02244,0.01952,0.02330
0.12760,0.21804,0.19109,0.12407,0.10058,0.03724,0.07064,0.05353,0.03518,0.04202
0.14147,0.16411,0.16458,0.12888,0.12002,0.04131,0.08598,0.06503,0.04274,0.04588
0.14178,0.17234,0.20925,0.11383,0.12241,0.03116,0.09686,0.04313,0.02587,0.04336
0.13571,0.21821,0.16357,0.13206,0.11621,0.03700,0.08025,0.04798,0.03355,0.03546
0.15106,0.29365,0.17742,0.10902,0.09856,0.02574,0.05597,0.03505,0.02319,0.03034
0.15363,0.23260,0.19009,0.10528,0.10646,0.03981,0.05036,0.04084,0.03742,0.04351
0.17212,0.22425,0.18448,0.11880,0.11277,0.03081,0.05133,0.03294,0.03126,0.04123
0.13568,0.18988,0.18005,0.15254,0.14599,0.02328,0.07104,0.03867,0.02825,0.03462
0.14975,0.23351,0.18519,0.12239,0.12993,0.02522,0.05109,0.03884,0.02752,0.03656
0.13884,0.27166,0.15064,0.10386,0.09041,0.03575,0.08037,0.04427,0.03081,0.05341
0.14084,0.30521,0.21039,0.11890,0.09001,0.02504,0.03238,0.02863,0.02180,0.02681
0.13218,0.17878,0.15809,0.11769,0.12091,0.04064,0.08611,0.06304,0.04728,0.05528
0.16349,0.18854,0.16772,0.13793,0.15230,0.03484,0.04604,0.03449,0.03312,0.04154
0.14735,0.19820,0.20132,0.12808,0.11166,0.04112,0.04809,0.03943,0.04040,0.04434
0.13115,0.16213,0.14111,0.11839,0.10564,0.05799,0.08472,0.06107,0.07217,0.06562
0.13810,0.22696,0.19865,0.11364,0.10159,0.02767,0.08695,0.04318,0.02520,0.03807
0.14481,0.20270,0.18330,0.11769,0.10316,0.03970,0.07337,0.05278,0.04017,0.04233
0.11387,0.12970,0.23355,0.14131,0.09906,0.04781,0.08640,0.06209,0.04016,0.04604
0.13430,0.14743,0.14776,0.11562,0.11711,0.04939,0.08313,0.07580,0.06733,0.06211
0.14473,0.15517,0.16209,0.11334,0.12808,0.04590,0.07935,0.05581,0.06578,0.04974
0.11005,0.16834,0.13368,0.09336,0.08621,0.04507,0.18995,0.08429,0.03994,0.04911
0.12959,0.27617,0.18024,0.13149,0.09816,0.02606,0.07132,0.03669,0.02141,0.02887
0.13552,0.23404,0.25190,0.10380,0.10438,0.02522,0.04901,0.03148,0.02998,0.03468
0.14436,0.16541,0.21481,0.13551,0.11307,0.03702,0.05823,0.04830,0.03645,0.04683
0.15319,0.20673,0.16796,0.12222,0.11441,0.04465,0.06262,0.04614,0.03734,0.04474
0.13838,0.18203,0.15387,0.12641,0.11191,0.04446,0.08186,0.05694,0.04084,0.06329
0.14051,0.24488,0.18867,0.11072,0.09947,0.04291,0.05279,0.04069,0.03800,0.04136
0.14523,0.23266,0.21547,0.13834,0.10305,0.02307,0.05861,0.03339,0.02305,0.02712
0.14364,0.23556,0.20567,0.09967,0.12416,0.02529,0.06219,0.04120,0.03216,0.03046
0.13044,0.19701,0.17940,0.11868,0.09411,0.03427,0.11374,0.05558,0.03305,0.04371
0.13620,0.23699,0.20304,0.09088,0.08313,0.02187,0.14044,0.04075,0.02014,0.02658
0.15278,0.32576,0.18417,0.10097,0.09492,0.02398,0.03028,0.02579,0.02975,0.03159
0.15011,0.24436,0.24144,0.10424,0.10150,0.02816,0.03780,0.03120,0.02846,0.03272
0.14951,0.21900,0.14771,0.11495,0.11332,0.04509,0.06006,0.04950,0.04335,0.05750
0.13283,0.19113,0.16706,0.09762,0.08782,0.05102,0.09947,0.06814,0.05007,0.05483
0.13818,0.19104,0.15759,0.10792,0.11253,0.05667,0.06377,0.05366,0.04824,0.07040
0.08785,0.11151,0.10327,0.06835,0.06869,0.02699,0.41093,0.06385,0.02560,0.03296
0.14038,0.28178,0.16049,0.09880,0.10184,0.03679,0.06038,0.04453,0.03460,0.04041
0.13755,0.17415,0.13871,0.11213,0.10401,0.05444,0.08223,0.06555,0.05593,0.07529
0.14015,0.25519,0.19048,0.10251,0.09308,0.02296,0.09320,0.03956,0.02530,0.03758
0.12281,0.20443,0.15792,0.09984,0.08878,0.03003,0.17373,0.05830,0.02836,0.03580
0.14303,0.22392,0.19152,0.10972,0.10467,0.04068,0.04706,0.04000,0.03935,0.06006
0.16176,0.19462,0.24994,0.13043,0.11616,0.02132,0.04735,0.02979,0.02273,0.02591
0.14757,0.21375,0.20006,0.10593,0.10484,0.02812,0.08301,0.05062,0.02785,0.03824
0.19459,0.16230,0.21220,0.12422,0.10581,0.03149,0.06495,0.03854,0.02914,0.03676
0.12987,0.19045,0.19052,0.08990,0.08590,0.04199,0.10442,0.06429,0.04035,0.06229
0.16712,0.26058,0.17146,0.10945,0.10775,0.02739,0.06368,0.03451,0.02541,0.03264
0.15022,0.23076,0.23206,0.11724,0.10741,0.02343,0.05151,0.03534,0.02373,0.02830
0.16091,0.25767,0.18717,0.10288,0.10238,0.03800,0.03931,0.03678,0.03469,0.04022
0.17264,0.25661,0.20153,0.11156,0.09641,0.02686,0.04421,0.03073,0.02713,0.03231
0.17253,0.26316,0.21288,0.09119,0.08420,0.03402,0.04461,0.03401,0.02953,0.03387
0.12796,0.27743,0.25873,0.09297,0.08760,0.02840,0.03580,0.02605,0.02942,0.03563
0.13757,0.20431,0.22856,0.10761,0.10641,0.02455,0.09332,0.04105,0.02327,0.03335
0.13775,0.26730,0.26622,0.09009,0.10127,0.01916,0.04008,0.02671,0.02109,0.03032
0.14141,0.14306,0.15600,0.15472,0.16015,0.03002,0.08506,0.05866,0.03105,0.03988
