0.05223,0.18835,0.08915,0.17353,0.06466,0.03707,0.07870,0.06937,0.06094,0.06090,0.07000,0.05510
0.05163,0.12215,0.06440,0.15517,0.09052,0.02528,0.05808,0.06892,0.07516,0.06407,0.11868,0.10592
0.02348,0.17658,0.06165,0.34309,0.04394,0.01359,0.03816,0.02939,0.04379,0.03918,0.16725,0.01989
0.01759,0.38564,0.04398,0.30305,0.03686,0.01207,0.02857,0.03015,0.03262,0.02814,0.06352,0.01781
0.05395,0.09560,0.08267,0.09563,0.07344,0.03284,0.06383,0.06268,0.07740,0.07939,0.20760,0.07498
0.02780,0.20699,0.08008,0.29504,0.05341,0.01089,0.04748,0.03691,0.05287,0.04219,0.13229,0.01407
0.04803,0.17533,0.09950,0.25509,0.07314,0.02122,0.05740,0.04699,0.06671,0.05270,0.07547,0.02842
0.03451,0.22471,0.06576,0.23733,0.06075,0.01874,0.05430,0.04625,0.05687,0.04798,0.13007,0.02274
0.04480,0.15625,0.09373,0.15623,0.08047,0.03421,0.06006,0.05501,0.07301,0.06652,0.17049,0.00922
0.02428,0.24213,0.06647,0.32109,0.04927,0.01099,0.03658,0.03114,0.04453,0.03574,0.12226,0.01551
0.03289,0.28452,0.08102,0.19766,0.06955,0.01602,0.05621,0.04434,0.06082,0.05547,0.03800,0.06349
0.04103,0.16439,0.06557,0.16477,0.08219,0.02489,0.07495,0.05212,0.06756,0.05511,0.15963,0.04778
0.04451,0.12057,0.08171,0.14397,0.10159,0.03203,0.06935,0.07193,0.10829,0.07453,0.07752,0.07398
0.04459,0.16308,0.08516,0.16813,0.07171,0.02390,0.08866,0.05308,0.08378,0.06702,0.12905,0.02183
0.02780,0.21723,0.07028,0.26264,0.04686,0.01384,0.04929,0.03936,0.05494,0.04429,0.14012,0.03336
0.04271,0.11086,0.08460,0.13189,0.08148,0.02470,0.06321,0.05076,0.07284,0.06487,0.09627,0.17582
0.03412,0.27167,0.05213,0.21298,0.05807,0.02803,0.04333,0.04516,0.05201,0.05147,0.13010,0.02091
0.03909,0.15928,0.10401,0.23123,0.07998,0.01965,0.06362,0.05574,0.07800,0.06865,0.08762,0.01312
0.02110,0.24462,0.05136,0.37646,0.03813,0.01034,0.03791,0.02234,0.03257,0.02962,0.11356,0.02198
0.05865,0.12328,0.09027,0.15873,0.06956,0.03317,0.06879,0.06605,0.07775,0.06834,0.08458,0.10082
0.05405,0.13197,0.11044,0.14988,0.09648,0.02386,0.06920,0.06223,0.10372,0.07555,0.09788,0.02473
0.04858,0.21808,0.08685,0.14469,0.08869,0.03126,0.06889,0.05573,0.06277,0.06434,0.08714,0.04296
0.03287,0.19618,0.09606,0.24365,0.09242,0.01640,0.05670,0.03867,0.08503,0.05788,0.02359,0.06055
0.02770,0.27244,0.06647,0.26049,0.04948,0.01488,0.05378,0.03554,0.04780,0.04344,0.09708,0.03091
0.02272,0.22064,0.07300,0.26050,0.04556,0.01252,0.03874,0.03032,0.05271,0.04091,0.18070,0.02167
0.03482,0.21654,0.05539,0.23359,0.05369,0.02173,0.04530,0.04510,0.04798,0.03697,0.13505,0.07384
0.03815,0.09931,0.08724,0.11482,0.09196,0.01960,0.06022,0.05211,0.07073,0.05847,0.28905,0.01834
0.04879,0.06476,0.07889,0.06881,0.08135,0.02566,0.06393,0.09047,0.07451,0.07830,0.18481,0.13972
0.06078,0.24601,0.05364,0.12657,0.10284,0.03138,0.05461,0.05780,0.08313,0.07336,0.07518,0.03470
0.03539,0.24622,0.07624,0.25650,0.05080,0.02084,0.06459,0.04135,0.06151,0.04370,0.05838,0.04449
0.06141,0.15057,0.12134,0.16425,0.08835,0.03474,0.07601,0.05507,0.08016,0.07400,0.04546,0.04866
0.05268,0.11089,0.07170,0.11409,0.06026,0.04342,0.06264,0.06140,0.06927,0.06468,0.23919,0.04976
0.04386,0.17594,0.09655,0.15447,0.06786,0.02279,0.07212,0.05099,0.07252,0.05587,0.15830,0.02874
0.05011,0.14614,0.10818,0.21804,0.06908,0.02242,0.05969,0.05543,0.07455,0.06461,0.11492,0.01682
0.06917,0.06785,0.11770,0.07270,0.14377,0.04093,0.07532,0.09321,0.11790,0.10688,0.04807,0.04650
0.02692,0.30118,0.05799,0.34230,0.04290,0.01441,0.03486,0.03145,0.04353,0.03441,0.05803,0.01201
0.03050,0.14716,0.06314,0.20544,0.04957,0.01889,0.06044,0.03328,0.04358,0.04248,0.28149,0.02403
0.01731,0.30225,0.03387,0.39043,0.02573,0.00930,0.02426,0.02063,0.02587,0.02284,0.11727,0.01025
0.02977,0.25533,0.05680,0.23907,0.06274,0.01951,0.04766,0.03486,0.04593,0.04147,0.14261,0.02426
0.05293,0.12169,0.08261,0.12725,0.06750,0.03072,0.08490,0.07190,0.07291,0.07894,0.06683,0.14183
0.03266,0.12200,0.07171,0.16080,0.05267,0.01934,0.05297,0.04979,0.05782,0.05319,0.25088,0.07617
0.02777,0.14021,0.11944,0.33909,0.06273,0.01538,0.07352,0.03951,0.07170,0.04897,0.04770,0.01397
0.03231,0.27576,0.05668,0.27146,0.05107,0.02458,0.04211,0.04928,0.04080,0.04656,0.09578,0.01361
0.10656,0.15078,0.05998,0.10179,0.06832,0.05184,0.07258,0.06234,0.06396,0.06209,0.11359,0.08617
0.04526,0.17936,0.11117,0.24321,0.06360,0.02355,0.06960,0.06137,0.06155,0.05261,0.03090,0.05783
0.05580,0.15924,0.09381,0.14533,0.07513,0.04309,0.07467,0.07265,0.09334,0.06577,0.07924,0.04193
0.04671,0.16279,0.11710,0.15155,0.09636,0.02022,0.08817,0.05762,0.07992,0.07065,0.08704,0.02187
0.02953,0.13310,0.08230,0.16609,0.05747,0.01684,0.06956,0.03155,0.06141,0.04617,0.27680,0.02917
0.02638,0.19977,0.06072,0.24421,0.05205,0.01423,0.04585,0.03503,0.05211,0.04080,0.20764,0.02119
0.02124,0.30194,0.05369,0.27564,0.04202,0.01074,0.03705,0.02396,0.03806,0.03026,0.09883,0.06657
0.04913,0.12670,0.08011,0.14905,0.08414,0.02666,0.07299,0.06250,0.07958,0.07468,0.10052,0.09395
0.04831,0.19963,0.08450,0.16285,0.08565,0.02619,0.06445,0.05245,0.06874,0.05635,0.08088,0.07000
0.04297,0.18089,0.09198,0.20498,0.07303,0.02686,0.06233,0.05659,0.07475,0.05939,0.06448,0.06177
0.06770,0.11439,0.08379,0.10630,0.09010,0.04369,0.06339,0.10691,0.08228,0.10164,0.13067,0.00915
0.05009,0.16390,0.08936,0.17824,0.09685,0.02928,0.07011,0.05906,0.06811,0.05681,0.09166,0.04655
0.03919,0.15380,0.06595,0.18004,0.08362,0.02668,0.05269,0.06416,0.07953,0.06468,0.16620,0.02347
0.03938,0.17007,0.09100,0.26563,0.07097,0.02030,0.05871,0.04484,0.07347,0.05030,0.06170,0.05363
0.05341,0.12900,0.09521,0.15128,0.08500,0.03449,0.06681,0.05603,0.07445,0.07574,0.12434,0.05424
0.03798,0.20652,0.12064,0.17982,0.08046,0.01790,0.06604,0.04794,0.08039,0.06820,0.06812,0.02599
0.03907,0.21352,0.07650,0.21084,0.06503,0.02362,0.04866,0.04124,0.06119,0.05501,0.08130,0.08402
0.04881,0.23213,0.07535,0.25378,0.06245,0.02652,0.05538,0.05138,0.06765,0.05179,0.06122,0.01355
0.03452,0.14966,0.12783,0.27334,0.06734,0.01784,0.07566,0.03792,0.08110,0.04489,0.07240,0.01748
0.02113,0.14679,0.04404,0.19311,0.03715,0.01219,0.03755,0.02935,0.03552,0.03261,0.34014,0.07041
0.03411,0.22319,0.08548,0.24975,0.06029,0.01900,0.04599,0.03979,0.05356,0.05149,0.12293,0.01442
0.02819,0.25341,0.04728,0.27995,0.06772,0.01839,0.04463,0.03861,0.05739,0.04555,0.09164,0.02725
0.03966,0.16386,0.07681,0.13361,0.09559,0.03081,0.05356,0.06404,0.06868,0.06410,0.14504,0.06424
0.03499,0.29095,0.06633,0.25663,0.05232,0.02175,0.05955,0.04119,0.05061,0.04415,0.05145,0.03006
0.04688,0.14356,0.06104,0.19491,0.06173,0.02368,0.04913,0.04003,0.05647,0.04575,0.16152,0.11530
0.04914,0.17301,0.09616,0.18719,0.07774,0.02682,0.08552,0.05197,0.09396,0.07944,0.05951,0.01954
0.02752,0.32771,0.06012,0.21339,0.04548,0.01734,0.05410,0.03741,0.04665,0.04423,0.10689,0.01916
0.03695,0.16409,0.14780,0.15541,0.11946,0.01797,0.06103,0.05173,0.10133,0.06999,0.04289,0.03133
0.04000,0.22632,0.09516,0.17910,0.06576,0.02530,0.07408,0.05819,0.06564,0.06729,0.07119,0.03196
0.03740,0.25887,0.06199,0.22524,0.06795,0.01957,0.05074,0.05553,0.05894,0.05217,0.08760,0.02399
0.02895,0.32863,0.06144,0.25423,0.05401,0.01622,0.03230,0.03881,0.04906,0.04052,0.06280,0.03304
0.02689,0.18360,0.06597,0.22057,0.05133,0.01534,0.04900,0.03852,0.04777,0.03761,0.22607,0.03732
0.03202,0.26846,0.08192,0.20088,0.06413,0.01881,0.05478,0.04401,0.05105,0.04394,0.05894,0.08107
0.04334,0.21664,0.08624,0.17086,0.07153,0.02240,0.05270,0.04788,0.07104,0.05399,0.13617,0.02721
0.02268,0.25481,0.05987,0.41310,0.04702,0.01139,0.03541,0.02658,0.03935,0.03164,0.04815,0.00999
0.06055,0.11088,0.06035,0.22251,0.09122,0.01945,0.11453,0.04120,0.08916,0.06187,0.02891,0.09938
0.04533,0.11517,0.10112,0.12022,0.09980,0.02680,0.07960,0.05165,0.08973,0.05891,0.16944,0.04224
0.03203,0.16974,0.06743,0.17011,0.06124,0.01865,0.04426,0.04490,0.04941,0.04853,0.27128,0.02242
0.03537,0.24319,0.07189,0.19624,0.07213,0.01925,0.05868,0.03735,0.06300,0.05194,0.10193,0.04903
0.01971,0.31562,0.04887,0.28300,0.03521,0.01184,0.04417,0.02751,0.03408,0.03244,0.13439,0.01315
0.03832,0.17928,0.07242,0.18646,0.05942,0.01875,0.04577,0.04046,0.05486,0.05418,0.09246,0.15763
0.03995,0.16221,0.09402,0.31673,0.05563,0.01890,0.05709,0.04528,0.06899,0.05695,0.04247,0.04177
0.05099,0.14916,0.07977,0.18519,0.09277,0.02122,0.07557,0.04914,0.07541,0.08323,0.08171,0.05584
0.04729,0.14500,0.09973,0.20735,0.08598,0.03126,0.05705,0.05773,0.07848,0.07325,0.06680,0.05009
0.03918,0.22243,0.07279,0.24093,0.05785,0.02310,0.06132,0.04369,0.05207,0.05430,0.10560,0.02675
0.03978,0.20291,0.08625,0.26733,0.06105,0.02421,0.05510,0.04859,0.07271,0.04730,0.07848,0.01628
0.06552,0.11956,0.08860,0.13302,0.06133,0.03187,0.07482,0.06433,0.07969,0.06864,0.17944,0.03319
0.03336,0.20933,0.08293,0.24042,0.05757,0.02005,0.06069,0.04089,0.05387,0.05354,0.04596,0.10138
0.01941,0.16615,0.04680,0.25592,0.03629,0.01157,0.03218,0.02587,0.03324,0.03124,0.22334,0.11799
0.02943,0.11211,0.13755,0.17396,0.12265,0.01493,0.07646,0.05051,0.06964,0.06151,0.10021,0.05104
0.04281,0.25666,0.05601,0.25217,0.05901,0.02155,0.05007,0.06059,0.07300,0.04550,0.06886,0.01378
0.04268,0.12233,0.07435,0.11558,0.07973,0.02290,0.06223,0.05933,0.06537,0.06207,0.10265,0.19078
0.04402,0.07876,0.27669,0.08828,0.07962,0.01896,0.09909,0.04889,0.07195,0.07774,0.06842,0.04761
0.02197,0.30243,0.04854,0.33363,0.03621,0.01214,0.03076,0.02503,0.03488,0.02708,0.11544,0.01190
0.06458,0.10508,0.09617,0.10835,0.08446,0.04451,0.07661,0.06166,0.08862,0.07151,0.07228,0.12617
0.03668,0.18184,0.08471,0.32446,0.08244,0.02000,0.04971,0.04350,0.06167,0.05633,0.04727,0.01138
0.04421,0.13338,0.14480,0.14904,0.07582,0.01818,0.07143,0.04729,0.10785,0.07288,0.11332,0.02181
