0.03273,0.18506,0.08746,0.19475,0.06077,0.01885,0.05066,0.04238,0.06541,0.05277,0.14122,0.06795
0.05038,0.15214,0.09807,0.16657,0.08127,0.03118,0.07646,0.05860,0.07959,0.07132,0.10703,0.02738
0.03773,0.11684,0.08584,0.12850,0.07584,0.02390,0.06013,0.05468,0.06685,0.06250,0.21447,0.07273
0.03744,0.11487,0.08123,0.12453,0.06384,0.02204,0.05602,0.04647,0.05885,0.05331,0.29823,0.04317
0.05489,0.14734,0.11215,0.14403,0.08487,0.02412,0.09548,0.07181,0.07849,0.07878,0.07460,0.03343
0.03798,0.17827,0.11342,0.21772,0.07467,0.02056,0.06730,0.06194,0.07169,0.06210,0.06475,0.02959
0.03710,0.21198,0.07844,0.23163,0.06483,0.02472,0.05109,0.05028,0.05960,0.05960,0.08552,0.04520
0.05141,0.14109,0.08991,0.15815,0.07708,0.03324,0.06588,0.05863,0.07521,0.06993,0.14358,0.03591
0.03800,0.17209,0.09784,0.18563,0.07006,0.02077,0.05837,0.05386,0.07135,0.06082,0.12424,0.04695
0.03673,0.16778,0.06900,0.17870,0.05704,0.01823,0.05167,0.03813,0.05364,0.04427,0.07236,0.21245
0.05065,0.14038,0.10661,0.15006,0.08709,0.02221,0.06841,0.05922,0.07115,0.06379,0.08945,0.09097
0.03073,0.21983,0.07385,0.24129,0.05381,0.01536,0.05811,0.03655,0.05216,0.04508,0.13519,0.03804
0.03422,0.20379,0.07217,0.22003,0.06421,0.02169,0.04959,0.04637,0.05978,0.05330,0.13061,0.04424
0.05193,0.14893,0.10523,0.17677,0.08224,0.02795,0.07525,0.06073,0.08133,0.07010,0.08441,0.03513
0.04160,0.14012,0.07475,0.14982,0.07559,0.02346,0.05436,0.04975,0.06578,0.05402,0.17729,0.09345
0.03566,0.24048,0.08203,0.25069,0.05646,0.02196,0.05138,0.03947,0.05552,0.04668,0.09473,0.02495
0.05126,0.12646,0.12461,0.13855,0.06987,0.01941,0.07831,0.05382,0.07392,0.06439,0.16329,0.03611
0.03278,0.13285,0.07341,0.14716,0.06000,0.01882,0.04950,0.04472,0.05798,0.04643,0.31653,0.01980
0.04886,0.18846,0.09455,0.19446,0.07637,0.02696,0.06665,0.05546,0.07338,0.06676,0.08702,0.02106
0.05183,0.13280,0.09258,0.13650,0.08735,0.03741,0.06774,0.07061,0.07837,0.07528,0.10005,0.06948
0.03145,0.23418,0.07978,0.25486,0.05667,0.01630,0.05046,0.04178,0.05280,0.04262,0.12526,0.01384
0.04943,0.10482,0.09558,0.11734,0.08523,0.02586,0.06744,0.05922,0.08327,0.06706,0.19284,0.05193
0.04457,0.19832,0.09576,0.22210,0.08532,0.02452,0.06176,0.05175,0.06705,0.05929,0.06626,0.02331
0.03911,0.18644,0.07941,0.18140,0.07833,0.02031,0.05907,0.05790,0.07006,0.05408,0.15410,0.01978
0.03858,0.09797,0.08522,0.11357,0.07313,0.01991,0.05805,0.05171,0.06786,0.05670,0.31835,0.01894
0.04212,0.14766,0.06790,0.15362,0.07534,0.02839,0.05479,0.05143,0.06786,0.05624,0.22791,0.02672
0.03623,0.18216,0.08711,0.19826,0.06408,0.01862,0.05856,0.04508,0.06416,0.05422,0.14780,0.04372
0.02969,0.23264,0.08383,0.24692,0.05782,0.01377,0.05196,0.03742,0.05479,0.04567,0.10535,0.04015
0.04845,0.09191,0.10025,0.10697,0.09404,0.02507,0.07639,0.06552,0.08324,0.07360,0.20881,0.02574
0.04674,0.13334,0.11361,0.14773,0.10823,0.03010,0.06856,0.06503,0.08796,0.07068,0.11193,0.01609
0.06008,0.14413,0.09381,0.17134,0.09245,0.03008,0.08868,0.06343,0.09100,0.07461,0.06634,0.02404
0.03391,0.20779,0.06932,0.22688,0.06237,0.01800,0.05659,0.03836,0.06118,0.05046,0.12481,0.05033
0.04144,0.22881,0.09567,0.24543,0.06466,0.02257,0.05520,0.05835,0.06403,0.05735,0.04641,0.02008
0.04116,0.11402,0.09834,0.12747,0.07576,0.02122,0.06322,0.05197,0.07693,0.06059,0.21910,0.05021
0.03897,0.11244,0.09094,0.12910,0.08403,0.02559,0.06299,0.05727,0.07334,0.06572,0.12604,0.13358
0.02659,0.12288,0.05903,0.13623,0.04473,0.01592,0.03933,0.03441,0.04646,0.04059,0.40357,0.03026
0.06011,0.16847,0.08778,0.16960,0.08236,0.04006,0.07523,0.07511,0.07908,0.07438,0.06109,0.02675
0.04619,0.13936,0.11503,0.14628,0.07297,0.04076,0.06600,0.07320,0.08031,0.07543,0.12215,0.02232
0.05614,0.13988,0.09252,0.13583,0.08323,0.04157,0.07998,0.07512,0.08523,0.07675,0.10317,0.03058
0.05518,0.12788,0.10266,0.14337,0.08694,0.02974,0.08364,0.06490,0.08406,0.07744,0.10495,0.03924
0.02821,0.13021,0.05923,0.14438,0.04404,0.01407,0.04196,0.03238,0.04426,0.03849,0.08994,0.33283
0.04104,0.20817,0.09228,0.21338,0.06997,0.02220,0.06985,0.04270,0.06556,0.05354,0.09563,0.02568
0.04140,0.15817,0.08818,0.17586,0.08017,0.02019,0.06500,0.05448,0.07075,0.05389,0.16993,0.02199
0.04519,0.15705,0.10829,0.19198,0.09174,0.02324,0.07162,0.06883,0.07443,0.06950,0.06846,0.02967
0.03467,0.15203,0.07318,0.16552,0.06634,0.02523,0.05458,0.05058,0.06411,0.05934,0.20189,0.05252
0.04793,0.13143,0.10237,0.16106,0.08870,0.02205,0.07697,0.05785,0.08864,0.06342,0.14091,0.01867
0.04524,0.12045,0.09974,0.15272,0.07111,0.03060,0.05919,0.06068,0.07482,0.06543,0.17738,0.04264
0.02994,0.21691,0.07386,0.22602,0.05566,0.01718,0.04570,0.03735,0.05600,0.04766,0.17139,0.02233
0.02431,0.27001,0.07239,0.27895,0.05041,0.01368,0.04414,0.03480,0.05469,0.03339,0.10908,0.01414
0.05114,0.11853,0.10347,0.12886,0.09559,0.03068,0.07229,0.06346,0.07946,0.07511,0.15340,0.02800
0.05077,0.14901,0.10389,0.16383,0.09135,0.02825,0.07443,0.06672,0.08514,0.07493,0.09394,0.01774
0.05180,0.11888,0.10246,0.13541,0.07812,0.03218,0.06026,0.06792,0.07685,0.07492,0.16661,0.03459
0.06461,0.11338,0.11218,0.13061,0.10525,0.03384,0.06623,0.07033,0.08253,0.08818,0.10133,0.03153
0.03208,0.19660,0.07447,0.21706,0.05878,0.02101,0.04820,0.04731,0.05167,0.05060,0.14903,0.05317
0.04703,0.12381,0.09533,0.13973,0.07978,0.02542,0.06403,0.05320,0.07345,0.07013,0.14383,0.08426
0.03765,0.14884,0.13022,0.21365,0.06803,0.01986,0.07108,0.06043,0.08261,0.06587,0.05926,0.04249
0.04626,0.17122,0.10433,0.20384,0.06813,0.01813,0.08362,0.04823,0.07608,0.06547,0.09353,0.02117
0.05057,0.13251,0.09302,0.13500,0.08575,0.03566,0.06899,0.06911,0.08476,0.07105,0.13162,0.04195
0.04890,0.19468,0.09577,0.21325,0.08100,0.02744,0.06968,0.05896,0.07396,0.06324,0.04453,0.02860
0.05388,0.13209,0.11066,0.17144,0.09230,0.02172,0.07146,0.06517,0.07879,0.08513,0.08632,0.03105
0.03619,0.15732,0.07423,0.17638,0.06428,0.01820,0.05785,0.04412,0.05579,0.05208,0.16361,0.09996
0.04133,0.14745,0.09386,0.16792,0.07341,0.02237,0.06264,0.04929,0.06752,0.06282,0.18647,0.02492
0.04821,0.11024,0.09778,0.11916,0.08115,0.02885,0.06553,0.06536,0.07756,0.06958,0.12860,0.10798
0.04625,0.16550,0.11915,0.20762,0.08034,0.02058,0.06781,0.05057,0.07346,0.06762,0.07977,0.02132
0.04148,0.20225,0.09934,0.22599,0.07113,0.02053,0.06747,0.04618,0.06843,0.06148,0.06991,0.02581
0.03588,0.22146,0.06028,0.22800,0.06200,0.02256,0.04522,0.05488,0.05237,0.05556,0.14397,0.01781
0.04937,0.13044,0.09867,0.15114,0.08439,0.02787,0.06554,0.05776,0.07787,0.06989,0.15813,0.02893
0.05402,0.16029,0.10414,0.17034,0.09479,0.03337,0.07501,0.06780,0.08250,0.07295,0.05370,0.03108
0.04017,0.21846,0.08190,0.23471,0.07786,0.02716,0.06326,0.04824,0.07100,0.05692,0.06041,0.01991
0.03803,0.16724,0.08487,0.17276,0.06285,0.02384,0.06105,0.05192,0.06890,0.04987,0.20644,0.01224
0.04155,0.18448,0.08844,0.19902,0.06826,0.02029,0.05481,0.04779,0.06377,0.05532,0.13470,0.04157
0.04292,0.16215,0.10275,0.17849,0.08115,0.02341,0.07838,0.05412,0.08044,0.06367,0.10740,0.02512
0.04532,0.18854,0.09035,0.21333,0.06880,0.01692,0.06182,0.04597,0.07315,0.04764,0.12902,0.01914
0.04433,0.10466,0.08245,0.11167,0.08591,0.03214,0.07006,0.06505,0.07199,0.06678,0.24008,0.02488
0.02972,0.19844,0.07228,0.20640,0.05099,0.01304,0.04147,0.03480,0.04711,0.04437,0.22724,0.03415
0.04914,0.10299,0.09026,0.11673,0.07668,0.02833,0.06393,0.06125,0.07376,0.06911,0.21842,0.04941
0.03661,0.13653,0.10478,0.16912,0.07915,0.02635,0.06891,0.05981,0.07666,0.06557,0.13491,0.04162
0.04023,0.20536,0.09687,0.23548,0.07803,0.02076,0.06529,0.05653,0.07255,0.05651,0.05611,0.01629
0.03757,0.16640,0.10250,0.20207,0.06821,0.02292,0.06625,0.05131,0.06963,0.05524,0.12967,0.02824
0.04603,0.14641,0.09447,0.16289,0.08436,0.02890,0.08032,0.06392,0.07901,0.07665,0.10646,0.03059
0.03245,0.17550,0.07511,0.18196,0.05644,0.01752,0.05074,0.03789,0.05423,0.04295,0.25616,0.01905
0.05170,0.13365,0.10852,0.15939,0.08508,0.02383,0.08218,0.06559,0.07624,0.08049,0.08359,0.04975
0.03860,0.20180,0.08872,0.22242,0.06937,0.02341,0.06646,0.04583,0.08031,0.04801,0.09070,0.02437
0.05165,0.14212,0.10319,0.15725,0.08214,0.02793,0.07445,0.06045,0.08450,0.07392,0.11002,0.03239
0.04789,0.14057,0.09422,0.16208,0.08643,0.02398,0.06915,0.05699,0.08470,0.06322,0.15474,0.01602
0.05552,0.13592,0.10601,0.15158,0.09195,0.03395,0.07052,0.07152,0.08393,0.07222,0.10196,0.02492
0.04584,0.18707,0.09072,0.20763,0.07292,0.02708,0.06209,0.05387,0.07233,0.06332,0.08378,0.03336
0.05527,0.15134,0.10655,0.16408,0.09670,0.02726,0.08007,0.06742,0.08645,0.07117,0.07544,0.01825
0.03883,0.20035,0.06923,0.21435,0.07427,0.02492,0.05119,0.05546,0.06683,0.05735,0.12915,0.01806
0.03890,0.18949,0.09079,0.20443,0.06246,0.01726,0.06297,0.04542,0.06344,0.05245,0.10992,0.06247
0.05693,0.10855,0.10559,0.12108,0.09120,0.03565,0.08226,0.06973,0.08929,0.07530,0.13376,0.03065
0.02508,0.21457,0.11741,0.27481,0.05206,0.01201,0.06183,0.04445,0.06149,0.04445,0.05938,0.03246
0.04868,0.19722,0.07813,0.21786,0.06760,0.02296,0.07016,0.04943,0.06642,0.05590,0.04622,0.07943
0.03973,0.16288,0.08690,0.18451,0.06187,0.01988,0.06333,0.04742,0.06400,0.05584,0.11954,0.09410
0.04737,0.13988,0.11508,0.16501,0.08432,0.02173,0.08540,0.05708,0.08689,0.07463,0.10900,0.01362
0.04515,0.16551,0.09751,0.16943,0.07623,0.02343,0.05568,0.05316,0.07113,0.05864,0.12759,0.05654
0.03851,0.14386,0.12029,0.21012,0.07801,0.01688,0.08795,0.06100,0.10355,0.06321,0.06277,0.01384
0.06015,0.12775,0.09276,0.12409,0.11104,0.02894,0.07255,0.06864,0.08393,0.08285,0.11182,0.03549
0.04926,0.13083,0.09423,0.14286,0.07772,0.03572,0.06599,0.05416,0.07371,0.07206,0.16092,0.04255
0.05377,0.13175,0.13522,0.17327,0.09710,0.02190,0.10381,0.05178,0.09359,0.06795,0.04347,0.02641
0.04559,0.17391,0.08732,0.17830,0.07620,0.02808,0.06269,0.05520,0.06967,0.06043,0.10805,0.05456
0.03226,0.20192,0.08245,0.21636,0.05640,0.01795,0.04779,0.04148,0.05761,0.04980,0.15874,0.03724
0.04357,0.19140,0.09580,0.20153,0.07534,0.02153,0.06859,0.04735,0.07044,0.06730,0.08836,0.02878
0.04563,0.18353,0.11419,0.20618,0.08226,0.02081,0.07071,0.05429,0.07873,0.06533,0.05923,0.01910
0.04841,0.17152,0.10387,0.19551,0.08693,0.02397,0.07239,0.05779,0.07936,0.07051,0.06262,0.02710
0.04001,0.19679,0.08633,0.21591,0.06573,0.02084,0.06183,0.04882,0.06245,0.05265,0.10834,0.04030
0.04777,0.16482,0.10567,0.18773,0.08228,0.02568,0.07709,0.06132,0.08270,0.07085,0.07031,0.02378
0.04951,0.14641,0.09186,0.15333,0.07880,0.03355,0.06911,0.06089,0.07689,0.06752,0.13780,0.03432
0.03755,0.21596,0.09312,0.22887,0.06624,0.01673,0.06120,0.03935,0.06669,0.05113,0.10530,0.01786
0.05304,0.10881,0.10154,0.11993,0.08674,0.03278,0.07446,0.06444,0.08414,0.07070,0.07106,0.13237
0.03868,0.17493,0.09859,0.20118,0.07016,0.01761,0.07916,0.05150,0.06735,0.05905,0.10436,0.03743
0.03221,0.20864,0.08028,0.22827,0.05076,0.01505,0.06478,0.03523,0.05998,0.04007,0.15612,0.02862
0.04297,0.18944,0.08876,0.20052,0.07753,0.02638,0.06980,0.05791,0.07564,0.06427,0.08623,0.02054
0.04933,0.16107,0.09370,0.17347,0.08823,0.02551,0.06582,0.06236,0.07850,0.06854,0.05491,0.07855
0.05479,0.09743,0.10024,0.12523,0.09570,0.02966,0.07241,0.06715,0.08403,0.08178,0.15124,0.04035
0.04579,0.12640,0.10095,0.14250,0.07947,0.02280,0.06289,0.05614,0.06909,0.06026,0.19061,0.04309
0.04946,0.14061,0.09245,0.15569,0.07745,0.02368,0.06574,0.05520,0.06729,0.06309,0.07180,0.13754
0.04288,0.17093,0.08627,0.18759,0.06557,0.02327,0.05874,0.05107,0.06714,0.05208,0.16516,0.02930
0.04886,0.16318,0.07715,0.15458,0.06776,0.02632,0.07441,0.03995,0.06997,0.05091,0.14295,0.08398
0.04735,0.16607,0.11046,0.19465,0.08047,0.02172,0.07540,0.05875,0.08033,0.06823,0.06816,0.02840
0.04077,0.14645,0.08388,0.16953,0.06185,0.02251,0.07228,0.04930,0.06205,0.06251,0.15296,0.07593
0.05031,0.15565,0.10348,0.15862,0.08434,0.03236,0.06529,0.06398,0.08695,0.06815,0.08736,0.04353
0.05435,0.13319,0.12086,0.15807,0.08163,0.02663,0.07813,0.06354,0.07886,0.06690,0.10152,0.03632
0.04317,0.16984,0.08861,0.18822,0.07882,0.02171,0.06515,0.05248,0.06798,0.05980,0.14432,0.01992
0.05232,0.11125,0.10113,0.12590,0.08140,0.03122,0.07010,0.06487,0.07883,0.06663,0.19175,0.02460
0.02906,0.17763,0.06101,0.18916,0.05523,0.02272,0.04853,0.04081,0.05178,0.05242,0.15485,0.11680
0.05530,0.14203,0.10122,0.16229,0.08732,0.03022,0.07409,0.06870,0.08502,0.07260,0.07046,0.05075
0.04074,0.14458,0.09528,0.17524,0.06931,0.02225,0.05735,0.04843,0.06500,0.05884,0.16964,0.05335
0.04210,0.17611,0.08645,0.19970,0.07475,0.01846,0.06289,0.04604,0.06836,0.05532,0.04565,0.12418
0.03878,0.15132,0.08198,0.16515,0.07121,0.01763,0.05440,0.04601,0.05968,0.05920,0.22327,0.03138
0.04779,0.15578,0.10360,0.18483,0.07808,0.02611,0.06657,0.06024,0.07681,0.06723,0.10464,0.02831
0.03699,0.17382,0.07913,0.20144,0.07022,0.02503,0.06554,0.05039,0.06107,0.06466,0.13931,0.03240
0.03326,0.20962,0.07417,0.22435,0.06773,0.02147,0.05288,0.04395,0.06191,0.05650,0.13878,0.01539
0.03095,0.18457,0.07240,0.20741,0.05201,0.01604,0.04937,0.03437,0.04842,0.04224,0.19737,0.06487
0.04620,0.16895,0.09975,0.19155,0.08384,0.02274,0.06235,0.05760,0.07787,0.06436,0.09074,0.03405
0.03504,0.10632,0.07227,0.11987,0.05857,0.01611,0.05165,0.04215,0.05651,0.04618,0.13130,0.26403
0.04622,0.20904,0.10837,0.23498,0.06957,0.01779,0.07238,0.04533,0.07118,0.05847,0.04265,0.02402
0.05298,0.17430,0.10721,0.17914,0.08306,0.02572,0.08376,0.05449,0.08137,0.06604,0.06649,0.02544
0.04288,0.11991,0.09980,0.13847,0.06479,0.02177,0.06724,0.05232,0.06644,0.06125,0.23276,0.03236
0.04122,0.11164,0.07973,0.12647,0.07792,0.02695,0.06611,0.05762,0.07186,0.06129,0.23440,0.04479
0.04879,0.17451,0.10407,0.18442,0.08252,0.02311,0.06031,0.05990,0.08225,0.06119,0.09068,0.02825
0.04791,0.13262,0.08596,0.14029,0.09083,0.02625,0.06763,0.06136,0.07866,0.06547,0.17969,0.02333
0.03828,0.19982,0.08986,0.21625,0.07111,0.01895,0.06029,0.04490,0.06512,0.05330,0.08240,0.05973
0.05517,0.16980,0.08585,0.19300,0.08785,0.03279,0.08611,0.05390,0.08705,0.07165,0.05553,0.02130
0.04461,0.14872,0.09036,0.15228,0.08072,0.03027,0.07375,0.05680,0.07641,0.06695,0.13835,0.04078
0.05041,0.13882,0.11496,0.17355,0.08770,0.02487,0.07066,0.06081,0.07440,0.07073,0.05800,0.07509
0.06047,0.12824,0.13133,0.14968,0.09535,0.02201,0.08916,0.06227,0.09493,0.07366,0.06067,0.03223
0.05380,0.14834,0.09689,0.15886,0.08632,0.03547,0.07409,0.06617,0.08416,0.07221,0.09283,0.03086
0.04563,0.13669,0.09064,0.15593,0.06742,0.02357,0.06548,0.05765,0.07123,0.06882,0.08826,0.12868
0.03592,0.11919,0.07829,0.13711,0.06668,0.02208,0.05909,0.04581,0.06527,0.05304,0.20100,0.11653
0.05674,0.14135,0.10858,0.16050,0.09471,0.02832,0.08238,0.06261,0.08702,0.07529,0.08135,0.02115
0.04227,0.12933,0.09494,0.15224,0.07446,0.02476,0.07151,0.05346,0.07324,0.06659,0.16509,0.05210
0.04560,0.18528,0.07801,0.19973,0.07225,0.02400,0.05463,0.05047,0.06290,0.05484,0.13015,0.04214
0.05024,0.15260,0.09919,0.17038,0.07448,0.02692,0.06828,0.05497,0.07614,0.06223,0.14063,0.02394
0.05481,0.13938,0.08827,0.14165,0.08851,0.03522,0.07391,0.06078,0.07597,0.07263,0.11432,0.05455
0.03964,0.16141,0.07966,0.16907,0.06385,0.02446,0.05947,0.04680,0.06006,0.05740,0.13497,0.10320
0.03961,0.23164,0.08727,0.25498,0.05991,0.01902,0.05387,0.04341,0.06890,0.04675,0.07072,0.02392
0.04912,0.17371,0.09325,0.19716,0.08364,0.02347,0.07317,0.06107,0.08533,0.06128,0.07197,0.02684
0.04016,0.11836,0.07668,0.13226,0.07284,0.02364,0.06059,0.04976,0.07903,0.05340,0.24518,0.04809
0.04546,0.15378,0.07305,0.16309,0.05853,0.02940,0.05285,0.05102,0.06038,0.04942,0.22416,0.03885
0.05827,0.10536,0.10236,0.11065,0.10269,0.05305,0.07973,0.06739,0.09711,0.09758,0.09609,0.02971
0.04349,0.15378,0.08829,0.16275,0.07619,0.03180,0.06689,0.05964,0.07385,0.06709,0.15578,0.02045
0.04792,0.17972,0.11628,0.18200,0.09599,0.02127,0.05311,0.06760,0.09407,0.06547,0.02966,0.04689
0.03792,0.17431,0.09124,0.19088,0.06974,0.02060,0.06228,0.04847,0.06542,0.05593,0.09770,0.08550
0.04607,0.19228,0.09782,0.21261,0.07788,0.02244,0.06671,0.05433,0.07200,0.05742,0.07871,0.02173
0.05105,0.13276,0.09089,0.14397,0.09190,0.02984,0.05723,0.07499,0.07659,0.08257,0.14552,0.02269
0.04902,0.16262,0.10022,0.18290,0.07898,0.02631,0.06984,0.05714,0.07498,0.06542,0.09355,0.03903
0.05765,0.13633,0.10387,0.15116,0.08951,0.03326,0.08579,0.07186,0.08788,0.07715,0.08020,0.02533
0.03218,0.15154,0.06268,0.15723,0.05024,0.02241,0.04542,0.03804,0.05121,0.04117,0.33508,0.01281
0.06460,0.14527,0.10815,0.11725,0.09333,0.02410,0.09792,0.08188,0.07969,0.08610,0.07960,0.02211
0.03117,0.23845,0.07512,0.25201,0.05310,0.01489,0.04575,0.03719,0.04947,0.04257,0.10656,0.05373
0.03858,0.18505,0.08178,0.19454,0.06346,0.02036,0.06094,0.04764,0.06202,0.05196,0.17732,0.01634
0.05056,0.13269,0.09339,0.14406,0.07960,0.03326,0.06775,0.05991,0.08257,0.07281,0.14873,0.03467
0.05439,0.11407,0.12624,0.12995,0.07798,0.02755,0.07960,0.05761,0.08043,0.07080,0.15965,0.02173
0.03998,0.15252,0.12725,0.15550,0.07404,0.02881,0.05815,0.07122,0.08341,0.07699,0.11101,0.02112
0.05023,0.17585,0.11226,0.20125,0.08748,0.02965,0.06979,0.05713,0.07719,0.07348,0.04838,0.01731
0.04757,0.14676,0.10490,0.17324,0.08745,0.02516,0.07948,0.05923,0.08134,0.07481,0.09663,0.02342
0.05086,0.12359,0.09643,0.13744,0.09175,0.03015,0.06628,0.06494,0.08113,0.07365,0.15279,0.03098
0.03109,0.26166,0.08941,0.26943,0.05298,0.01490,0.07132,0.03301,0.06471,0.03963,0.05268,0.01919
0.04621,0.11720,0.07352,0.13866,0.06732,0.02014,0.06683,0.04144,0.06711,0.05498,0.26638,0.04020
0.04824,0.17254,0.10182,0.18609,0.07531,0.02868,0.06698,0.06372,0.07476,0.06955,0.07626,0.03605
0.06441,0.11489,0.10029,0.14109,0.09970,0.03610,0.08514,0.06865,0.09085,0.07767,0.08292,0.03830
0.04658,0.18343,0.09689,0.20541,0.07565,0.02463,0.06991,0.05173,0.07246,0.06209,0.08664,0.02458
0.04706,0.13694,0.07588,0.14480,0.06437,0.02517,0.06045,0.06632,0.08700,0.06666,0.09589,0.12947
0.06250,0.12128,0.08946,0.11957,0.09981,0.04429,0.06422,0.09723,0.08555,0.09752,0.08290,0.03568
0.04366,0.12820,0.07863,0.14010,0.06055,0.02388,0.05632,0.05286,0.06076,0.05480,0.20619,0.09405
0.05566,0.12394,0.10258,0.14726,0.09035,0.03012,0.09494,0.07225,0.08831,0.08829,0.05808,0.04825
0.04737,0.15538,0.09105,0.17214,0.07976,0.02873,0.06869,0.05442,0.07794,0.06827,0.12851,0.02773
0.04327,0.12585,0.08352,0.14390,0.07172,0.02818,0.06991,0.06008,0.08392,0.05930,0.12305,0.10730
0.03559,0.17438,0.07403,0.19621,0.06075,0.02061,0.04843,0.04109,0.05723,0.04651,0.22826,0.01690
0.03628,0.16933,0.06753,0.18655,0.06253,0.02415,0.05009,0.04191,0.05492,0.04534,0.18715,0.07422
0.03884,0.19193,0.10154,0.22120,0.08007,0.01872,0.06557,0.04968,0.07073,0.05605,0.08958,0.01610
0.03572,0.09008,0.08251,0.10032,0.05944,0.01937,0.05852,0.04444,0.06491,0.05501,0.08784,0.30184
0.04349,0.14082,0.08263,0.14728,0.07432,0.03105,0.06228,0.05039,0.06760,0.06627,0.20277,0.03110
0.03372,0.15901,0.06751,0.17445,0.05315,0.02057,0.04247,0.04298,0.04725,0.04091,0.28556,0.03240
0.03962,0.15396,0.07319,0.16395,0.06876,0.02627,0.05604,0.04951,0.06245,0.05613,0.19863,0.05149
0.03858,0.20947,0.08091,0.21936,0.06416,0.02093,0.05333,0.04876,0.05528,0.04985,0.11634,0.04302
0.02967,0.22249,0.07255,0.24208,0.05894,0.01739,0.04633,0.03909,0.05375,0.04779,0.12423,0.04569
0.04161,0.20546,0.09636,0.22903,0.07329,0.02440,0.06327,0.05164,0.07508,0.05418,0.05247,0.03322
0.03939,0.15090,0.08972,0.18184,0.06758,0.01805,0.06342,0.04913,0.06941,0.05265,0.19521,0.02271
0.04236,0.13723,0.08101,0.15377,0.06575,0.02571,0.06530,0.05122,0.06682,0.06157,0.14075,0.10851
0.04592,0.11145,0.08465,0.13416,0.06802,0.03115,0.06152,0.05619,0.07032,0.05874,0.23164,0.04624
0.04821,0.13235,0.09453,0.12530,0.07613,0.01909,0.08353,0.06433,0.07161,0.06754,0.17842,0.03897
0.04061,0.12629,0.08858,0.14699,0.06544,0.02103,0.06081,0.05075,0.06723,0.05720,0.20163,0.07343
0.06380,0.10194,0.10376,0.10862,0.09234,0.04312,0.08668,0.07699,0.09171,0.08400,0.10188,0.04514
0.05220,0.14331,0.08626,0.15312,0.09113,0.03631,0.07053,0.06297,0.07722,0.06692,0.12282,0.03721
0.03667,0.23076,0.08608,0.23844,0.06110,0.02167,0.06142,0.04554,0.05533,0.05411,0.06585,0.04303
0.04587,0.15520,0.07544,0.16179,0.06211,0.03144,0.05856,0.05223,0.06188,0.05535,0.12718,0.11296
0.03713,0.22251,0.08871,0.23814,0.06117,0.01630,0.06613,0.03658,0.05702,0.04924,0.09794,0.02913
0.05024,0.12197,0.09534,0.14721,0.07154,0.02325,0.07591,0.05780,0.07314,0.06640,0.14653,0.07068
0.05280,0.15714,0.10892,0.17118,0.08925,0.03046,0.08187,0.06352,0.08332,0.07984,0.05395,0.02774
0.05380,0.12682,0.12451,0.15483,0.08932,0.03327,0.07049,0.07560,0.08570,0.08455,0.07197,0.02913
0.05397,0.13461,0.08473,0.14237,0.07846,0.02385,0.06227,0.05091,0.07372,0.06430,0.11132,0.11950
0.03775,0.16573,0.08832,0.17833,0.06203,0.01916,0.06432,0.04310,0.06093,0.05119,0.20410,0.02504
0.03985,0.08456,0.08370,0.09588,0.07556,0.02144,0.06351,0.05179,0.07296,0.05977,0.19498,0.15602
0.03660,0.21547,0.07466,0.21769,0.07552,0.02335,0.05206,0.05671,0.06343,0.05421,0.09148,0.03883
0.05060,0.17943,0.10208,0.19851,0.08098,0.02569,0.07065,0.05967,0.07467,0.06418,0.06902,0.02453
0.04974,0.15021,0.09924,0.16496,0.08692,0.02939,0.07297,0.06525,0.08054,0.06792,0.10658,0.02626
0.04004,0.18831,0.09144,0.20124,0.07243,0.02097,0.06148,0.04886,0.06991,0.05931,0.10937,0.03662
0.04477,0.13525,0.11610,0.15787,0.08616,0.01838,0.07416,0.04896,0.09237,0.06608,0.13768,0.02223
0.05723,0.16008,0.09473,0.15759,0.08218,0.03582,0.07605,0.06083,0.07775,0.07220,0.08089,0.04465
0.04092,0.24696,0.07379,0.26786,0.06540,0.02163,0.04920,0.04810,0.06063,0.04896,0.06057,0.01599
0.04439,0.19659,0.09222,0.20812,0.07342,0.02463,0.07029,0.05282,0.08234,0.06500,0.07581,0.01438
0.05495,0.11143,0.09162,0.12688,0.08941,0.03269,0.07040,0.06519,0.08134,0.07387,0.15812,0.04411
0.05698,0.12343,0.09568,0.14605,0.08015,0.03905,0.06878,0.06371,0.08031,0.07520,0.11077,0.05989
0.05145,0.14062,0.09775,0.16041,0.09297,0.02967,0.05949,0.06198,0.07896,0.07667,0.12601,0.02402
0.05420,0.13038,0.11716,0.14705,0.07346,0.02597,0.08054,0.05908,0.06990,0.07183,0.13785,0.03260
0.05034,0.13679,0.10261,0.15098,0.09613,0.02561,0.05769,0.06411,0.08082,0.07159,0.12246,0.04087
0.03142,0.17878,0.07553,0.18547,0.05254,0.01598,0.05242,0.03606,0.05516,0.04354,0.22433,0.04878
0.05252,0.12221,0.10604,0.14345,0.09440,0.03672,0.08298,0.07327,0.09123,0.08122,0.05263,0.06333
0.03298,0.17588,0.06675,0.19080,0.05761,0.01741,0.04489,0.04048,0.05263,0.04747,0.24949,0.02361
0.03989,0.16102,0.09089,0.17562,0.07325,0.02235,0.06193,0.05168,0.06392,0.05947,0.10448,0.09550
0.04979,0.16166,0.10815,0.17695,0.08872,0.02129,0.07939,0.06119,0.08807,0.06828,0.07627,0.02023
0.02703,0.16125,0.08321,0.18306,0.05555,0.01329,0.05475,0.03107,0.04898,0.04202,0.27871,0.02109
0.03996,0.19606,0.09532,0.22478,0.07144,0.02126,0.06571,0.04625,0.06812,0.05278,0.07396,0.04438
0.04994,0.16994,0.09237,0.17827,0.07393,0.03482,0.06613,0.06019,0.07224,0.06956,0.05612,0.07650
0.04279,0.15963,0.08495,0.16257,0.06975,0.03375,0.06877,0.05791,0.07361,0.05626,0.17513,0.01489
0.04906,0.16312,0.09740,0.18084,0.08710,0.02638,0.07949,0.06082,0.08285,0.07523,0.08016,0.01756
0.04670,0.19007,0.10387,0.19961,0.08463,0.02495,0.06694,0.06121,0.08362,0.06425,0.05332,0.02082
0.05088,0.14275,0.07969,0.13245,0.07900,0.02403,0.06752,0.04553,0.06817,0.06093,0.21878,0.03027
0.03942,0.14983,0.08591,0.16824,0.07136,0.02462,0.06327,0.04864,0.07568,0.05269,0.15454,0.06580
0.03391,0.17973,0.07135,0.17853,0.05575,0.02027,0.06287,0.04166,0.05684,0.04624,0.22091,0.03196
0.03570,0.18023,0.09068,0.18067,0.06199,0.01554,0.07546,0.05355,0.05811,0.05806,0.10970,0.08031
0.03031,0.23182,0.07163,0.24295,0.05074,0.01757,0.04837,0.03439,0.05105,0.03989,0.13856,0.04273
0.06914,0.13066,0.17762,0.15294,0.07266,0.01549,0.10845,0.05198,0.07636,0.07029,0.05244,0.02197
0.04199,0.10889,0.08519,0.13804,0.07364,0.01872,0.05693,0.04922,0.06550,0.05965,0.25973,0.04250
0.04562,0.14166,0.07887,0.14282,0.07292,0.02857,0.06706,0.06101,0.06836,0.06525,0.20308,0.02480
0.03176,0.17326,0.06639,0.19237,0.05482,0.01841,0.04052,0.03634,0.05009,0.04249,0.26862,0.02493
0.04781,0.16783,0.10552,0.19172,0.07710,0.02100,0.07444,0.05239,0.07547,0.06533,0.07589,0.04550
0.04294,0.13464,0.09911,0.14470,0.07721,0.02377,0.06032,0.05112,0.07566,0.06001,0.13807,0.09247
0.05085,0.18972,0.09157,0.18903,0.07878,0.02228,0.07135,0.04709,0.07015,0.06061,0.09493,0.03363
0.04315,0.20173,0.09874,0.22827,0.07193,0.02474,0.05931,0.05532,0.06769,0.06132,0.07490,0.01290
0.04885,0.08505,0.08237,0.08932,0.07189,0.03140,0.06490,0.06177,0.07393,0.07075,0.25837,0.06141
0.03271,0.17126,0.07363,0.19244,0.05158,0.01369,0.05809,0.03574,0.05462,0.04427,0.23594,0.03604
0.03700,0.17485,0.08719,0.19045,0.06553,0.01881,0.05564,0.04760,0.06614,0.05704,0.17711,0.02264
0.05685,0.12023,0.10209,0.13566,0.09620,0.02740,0.08062,0.05998,0.09749,0.07864,0.12477,0.02007
0.03084,0.27385,0.06546,0.28806,0.06423,0.01846,0.04157,0.04546,0.05361,0.04735,0.05283,0.01828
0.04060,0.14969,0.08563,0.17521,0.07059,0.02141,0.07084,0.05545,0.06609,0.06396,0.05864,0.14190
0.04682,0.11295,0.08107,0.12102,0.07222,0.02984,0.05977,0.05729,0.06457,0.05751,0.23645,0.06050
0.03763,0.21215,0.10889,0.24218,0.07413,0.01984,0.07423,0.04357,0.07019,0.05357,0.04206,0.02157
0.04544,0.15691,0.08813,0.16117,0.07550,0.03129,0.06998,0.06085,0.06787,0.06072,0.16671,0.01542
0.04340,0.16452,0.08372,0.17676,0.06691,0.02612,0.05980,0.05172,0.07021,0.05611,0.11689,0.08382
0.04856,0.17025,0.09877,0.18784,0.09138,0.03085,0.06501,0.06919,0.07766,0.07747,0.05973,0.02331
0.04160,0.21213,0.09067,0.23452,0.07397,0.02220,0.06397,0.04923,0.06915,0.05803,0.06154,0.02298
0.04482,0.16582,0.09525,0.18608,0.07630,0.02469,0.06425,0.05763,0.07042,0.05754,0.13047,0.02672
0.04387,0.14838,0.09093,0.17164,0.07117,0.02305,0.06312,0.05012,0.06702,0.06022,0.05774,0.15274
0.03308,0.22583,0.07868,0.24073,0.06148,0.01847,0.05576,0.04194,0.05796,0.04628,0.10607,0.03374
0.05986,0.11399,0.09869,0.12076,0.08011,0.03932,0.07716,0.06854,0.08542,0.07064,0.12821,0.05730
0.04723,0.11922,0.08946,0.14396,0.08741,0.02605,0.06756,0.05577,0.08140,0.06542,0.17683,0.03968
0.04603,0.11611,0.09308,0.13480,0.07544,0.02538,0.06260,0.04848,0.07204,0.06784,0.21684,0.04137
0.03950,0.21916,0.09302,0.23063,0.07084,0.02040,0.06766,0.04620,0.06730,0.05277,0.06809,0.02443
0.03565,0.15853,0.10878,0.20121,0.06353,0.01887,0.06424,0.05472,0.07138,0.05714,0.10152,0.06443
0.06125,0.12557,0.09386,0.13250,0.09218,0.03112,0.06963,0.06455,0.08523,0.07866,0.13007,0.03538
0.04337,0.17786,0.08151,0.18834,0.06241,0.02447,0.05644,0.04675,0.06241,0.05421,0.16048,0.04175
0.06340,0.12070,0.08913,0.15341,0.10222,0.02594,0.09617,0.06137,0.10216,0.07876,0.05739,0.04937
0.04083,0.17673,0.08159,0.18316,0.07501,0.02491,0.06317,0.06089,0.07294,0.05745,0.13081,0.03252
0.06194,0.12670,0.13079,0.13297,0.08469,0.02809,0.08318,0.06378,0.08137,0.07426,0.09616,0.03607
0.05044,0.14743,0.09304,0.17020,0.07903,0.02861,0.07199,0.05744,0.07604,0.06765,0.12164,0.03649
0.04385,0.18609,0.08024,0.19008,0.07130,0.02432,0.06189,0.06752,0.07996,0.06044,0.11925,0.01506
0.02033,0.19196,0.04700,0.20473,0.03128,0.01032,0.02773,0.02250,0.03307,0.02654,0.33186,0.05268
0.05258,0.14902,0.11185,0.17125,0.08652,0.02816,0.08434,0.06538,0.08450,0.07493,0.06638,0.02508
0.04617,0.16204,0.09102,0.16707,0.08718,0.02406,0.06815,0.06253,0.08109,0.07180,0.11201,0.02688
0.03866,0.19164,0.07952,0.20697,0.06372,0.02246,0.05506,0.04774,0.06417,0.05264,0.14088,0.03655
0.04344,0.14099,0.11776,0.17668,0.07712,0.02060,0.08290,0.04672,0.07436,0.05926,0.14386,0.01630
0.04346,0.17165,0.09331,0.17564,0.07373,0.02568,0.05741,0.05233,0.07344,0.06118,0.08617,0.08599
0.04238,0.16813,0.09374,0.18234,0.06732,0.02049,0.07088,0.05041,0.07282,0.06100,0.14241,0.02810
0.03612,0.19747,0.08261,0.21999,0.06455,0.02207,0.05783,0.04895,0.06329,0.05276,0.13169,0.02267
0.05228,0.13926,0.10165,0.13941,0.08523,0.03097,0.07187,0.06305,0.08661,0.06785,0.14187,0.01995
0.04372,0.17780,0.10526,0.21093,0.08014,0.02065,0.06377,0.05616,0.07271,0.05766,0.08069,0.03052
0.03596,0.21186,0.07000,0.23183,0.06695,0.01887,0.04527,0.03900,0.05580,0.04389,0.14747,0.03311
0.05354,0.15778,0.11171,0.19177,0.09903,0.02462,0.07957,0.06461,0.09277,0.06768,0.04490,0.01202
0.06183,0.12444,0.12205,0.14869,0.09546,0.03054,0.06592,0.07081,0.08805,0.08173,0.07909,0.03140
0.04949,0.12993,0.11069,0.15040,0.08070,0.02071,0.08513,0.04531,0.07958,0.05705,0.15080,0.04020
0.04464,0.12398,0.08673,0.12856,0.07689,0.02552,0.05869,0.05416,0.07277,0.05972,0.23775,0.03061
0.04161,0.16078,0.08262,0.17894,0.07251,0.02170,0.05591,0.05015,0.06592,0.05302,0.20003,0.01681
0.04331,0.19546,0.09623,0.20999,0.07610,0.02294,0.06101,0.05061,0.07250,0.06306,0.07454,0.03425
0.03666,0.13791,0.07918,0.14692,0.06541,0.01890,0.05543,0.04528,0.06225,0.05053,0.23047,0.07105
0.03666,0.15655,0.08179,0.17325,0.06693,0.02448,0.06030,0.04747,0.06325,0.06260,0.16171,0.06502
0.04467,0.16624,0.09487,0.18239,0.08367,0.02490,0.06920,0.05924,0.07710,0.06943,0.10427,0.02402
0.03369,0.16275,0.07728,0.18713,0.06421,0.01912,0.06053,0.04768,0.05914,0.05643,0.11148,0.12056
