0.01700,0.05039,0.01812,0.02957,0.01645,0.39008,0.26990,0.07042,0.12307,0.01500
0.07363,0.08767,0.05570,0.07405,0.07030,0.21805,0.10365,0.07267,0.18468,0.05960
0.02071,0.06918,0.01573,0.27151,0.02092,0.23449,0.08616,0.06508,0.19055,0.02568
0.09327,0.11055,0.02976,0.14334,0.13467,0.14144,0.14071,0.08300,0.10143,0.02183
0.02168,0.06634,0.02425,0.03728,0.01803,0.39053,0.06186,0.06179,0.29892,0.01932
0.03944,0.05287,0.05356,0.03077,0.04834,0.25681,0.11349,0.13103,0.25156,0.02214
0.05545,0.05517,0.02590,0.11319,0.05289,0.11503,0.28833,0.13696,0.10047,0.05661
0.03200,0.08384,0.03817,0.05748,0.03166,0.38554,0.06345,0.05395,0.23346,0.02045
0.01878,0.08229,0.02466,0.03423,0.01855,0.37944,0.04498,0.04859,0.33486,0.01362
0.03494,0.09606,0.02526,0.05545,0.03163,0.28773,0.18393,0.09088,0.17252,0.02161
0.03396,0.12079,0.04629,0.07209,0.03470,0.14049,0.17397,0.21633,0.14160,0.01979
0.03370,0.05522,0.03959,0.05078,0.03775,0.48859,0.10762,0.04440,0.12122,0.02113
0.02359,0.20156,0.02509,0.03889,0.02697,0.15714,0.13803,0.23063,0.14311,0.01500
0.04296,0.08658,0.05358,0.07169,0.05887,0.34695,0.13226,0.06583,0.12147,0.01982
0.03437,0.07259,0.02597,0.04155,0.02977,0.28458,0.22187,0.13426,0.13253,0.02251
0.02071,0.08120,0.04886,0.03596,0.02034,0.34882,0.16376,0.10701,0.15057,0.02276
0.01667,0.20858,0.01817,0.02893,0.01756,0.37945,0.05146,0.04239,0.22227,0.01451
0.02427,0.08507,0.02567,0.03608,0.02322,0.27204,0.27819,0.10268,0.12535,0.02744
0.01982,0.12584,0.04212,0.06425,0.01985,0.20211,0.31407,0.07875,0.09658,0.03661
0.02469,0.06608,0.03346,0.03394,0.02452,0.19665,0.30772,0.14455,0.14693,0.02147
0.04323,0.12239,0.03877,0.17004,0.06738,0.22674,0.10285,0.06833,0.13912,0.02115
0.03867,0.04825,0.03031,0.04073,0.04441,0.23670,0.24510,0.13735,0.15891,0.01957
0.01753,0.03232,0.02140,0.02572,0.01792,0.36283,0.15677,0.12594,0.22609,0.01348
0.02359,0.11863,0.28235,0.03062,0.02291,0.20359,0.10601,0.06901,0.11435,0.02894
0.02292,0.11347,0.02700,0.04720,0.02814,0.12492,0.32911,0.18905,0.09779,0.02040
0.02957,0.07273,0.03692,0.04745,0.03179,0.31913,0.11987,0.11883,0.19894,0.02477
0.06972,0.03919,0.03456,0.03270,0.06815,0.29061,0.08410,0.09971,0.26699,0.01427
0.05008,0.14615,0.03247,0.13662,0.04552,0.31704,0.07823,0.03624,0.13132,0.02631
0.02082,0.16793,0.03170,0.11608,0.02049,0.29957,0.05962,0.05099,0.21321,0.01961
0.00952,0.17316,0.02161,0.04125,0.01069,0.39932,0.10591,0.04414,0.18101,0.01339
0.02847,0.09831,0.02218,0.18765,0.02693,0.27940,0.06917,0.05829,0.17914,0.05048
0.03188,0.05769,0.02848,0.04956,0.03281,0.47398,0.10405,0.06005,0.13813,0.02337
0.02902,0.04833,0.04106,0.05148,0.03543,0.29023,0.22830,0.10402,0.14184,0.03028
0.05232,0.24291,0.06265,0.08428,0.04719,0.15732,0.11612,0.08338,0.12490,0.02893
0.01606,0.24740,0.03098,0.08210,0.01479,0.24807,0.08211,0.05656,0.20082,0.02110
0.03038,0.04692,0.02858,0.03465,0.02910,0.36795,0.13384,0.09806,0.20309,0.02742
0.03158,0.10046,0.04235,0.05420,0.02981,0.39569,0.07909,0.06795,0.18090,0.01799
0.01767,0.07198,0.01693,0.02692,0.01709,0.50359,0.16636,0.04572,0.10677,0.02696
0.01467,0.03018,0.01472,0.01894,0.01469,0.17996,0.30136,0.28445,0.13038,0.01064
0.01380,0.18380,0.01681,0.02597,0.01412,0.41677,0.05473,0.04158,0.21864,0.01378
0.02893,0.04886,0.03258,0.04240,0.03013,0.20201,0.33917,0.09812,0.13118,0.04662
0.06059,0.10820,0.04791,0.05811,0.04603,0.26097,0.12145,0.07123,0.17178,0.05373
0.01998,0.04829,0.01881,0.03144,0.01869,0.17814,0.40890,0.13148,0.11809,0.02617
0.02446,0.16771,0.03391,0.05637,0.03460,0.36276,0.09493,0.05765,0.14888,0.01872
0.01815,0.04956,0.02535,0.02892,0.02060,0.49587,0.10360,0.06560,0.17666,0.01570
0.03068,0.21563,0.09443,0.07088,0.03349,0.22254,0.12252,0.05848,0.13024,0.02111
0.01946,0.12007,0.02853,0.19481,0.02316,0.26554,0.10131,0.05549,0.16935,0.02228
0.04638,0.07027,0.03866,0.05070,0.05378,0.22265,0.29028,0.08677,0.11240,0.02811
0.06227,0.09015,0.05308,0.06458,0.06246,0.31450,0.10819,0.06370,0.14393,0.03714
0.02763,0.09865,0.02908,0.04392,0.02650,0.13646,0.42057,0.11179,0.08225,0.02315
0.03846,0.11620,0.03883,0.12088,0.04220,0.27066,0.15169,0.05343,0.13966,0.02799
0.09866,0.06664,0.04817,0.06761,0.10303,0.13691,0.28276,0.08072,0.08650,0.02899
0.03330,0.05511,0.03047,0.04116,0.03852,0.44990,0.07604,0.05731,0.19854,0.01964
0.03075,0.06180,0.03134,0.06104,0.03854,0.25835,0.20327,0.14362,0.15393,0.01736
0.03502,0.05050,0.03677,0.04829,0.03511,0.18966,0.37592,0.08736,0.11001,0.03136
0.02322,0.09336,0.06234,0.04212,0.02488,0.32182,0.08599,0.08764,0.23827,0.02037
0.02969,0.06009,0.06851,0.02266,0.02748,0.50740,0.06173,0.04260,0.16177,0.01806
0.03334,0.09045,0.02967,0.11717,0.03639,0.22856,0.16647,0.12304,0.14045,0.03445
0.02556,0.15535,0.04858,0.05245,0.02493,0.17472,0.10204,0.15466,0.23640,0.02532
0.02931,0.07321,0.02759,0.04640,0.02596,0.40256,0.18778,0.07407,0.11361,0.01951
0.03137,0.03852,0.01869,0.03012,0.03765,0.19151,0.36064,0.18244,0.09497,0.01410
0.03364,0.05638,0.03286,0.04731,0.03707,0.38945,0.16443,0.05590,0.16165,0.02131
0.00919,0.02133,0.01040,0.01502,0.01000,0.49988,0.04251,0.04132,0.34250,0.00784
0.02567,0.05024,0.03204,0.03543,0.02440,0.34636,0.12184,0.12045,0.21965,0.02392
0.01422,0.06226,0.01979,0.02884,0.01407,0.37421,0.04766,0.04991,0.37841,0.01064
0.01853,0.04592,0.02112,0.02922,0.02110,0.44557,0.07870,0.07539,0.25354,0.01091
0.02282,0.08671,0.01960,0.03150,0.02358,0.53139,0.10344,0.04517,0.11771,0.01808
0.01540,0.13663,0.02023,0.17469,0.01584,0.23375,0.15658,0.07973,0.13984,0.02730
0.02838,0.05014,0.03137,0.03759,0.03819,0.17707,0.44992,0.07896,0.08993,0.01844
0.01009,0.02165,0.01249,0.01493,0.00992,0.40690,0.16587,0.10079,0.24848,0.00888
0.03323,0.14861,0.04138,0.06555,0.03519,0.28716,0.08448,0.08682,0.19144,0.02615
0.01470,0.04815,0.01744,0.02681,0.01625,0.61732,0.09270,0.03765,0.10942,0.01956
0.01745,0.04927,0.02353,0.04062,0.01866,0.48986,0.06634,0.04608,0.22154,0.02665
0.01891,0.16249,0.03323,0.05884,0.02574,0.32920,0.08820,0.04811,0.22055,0.01472
0.03065,0.04664,0.02165,0.04104,0.03046,0.33597,0.16341,0.10982,0.19425,0.02612
0.03533,0.08863,0.03671,0.05625,0.03633,0.23511,0.26390,0.09296,0.12865,0.02612
0.01881,0.05835,0.01993,0.09936,0.02175,0.19912,0.35669,0.06471,0.12015,0.04113
0.01568,0.34383,0.01875,0.02821,0.01746,0.22835,0.15786,0.06453,0.10764,0.01769
0.02996,0.13009,0.03847,0.08536,0.02825,0.28283,0.18079,0.07107,0.13489,0.01830
0.02096,0.06179,0.03257,0.02445,0.02665,0.24507,0.04254,0.05348,0.48208,0.01041
0.02673,0.09040,0.03682,0.05145,0.02885,0.46524,0.05793,0.04280,0.18116,0.01863
0.01714,0.03420,0.02071,0.02499,0.01770,0.14732,0.11948,0.39997,0.20385,0.01463
0.01271,0.08808,0.01759,0.07157,0.01234,0.26355,0.26793,0.06601,0.18069,0.01954
0.03462,0.04512,0.03388,0.04723,0.03687,0.17427,0.29545,0.17159,0.13139,0.02956
0.01531,0.03578,0.02007,0.02355,0.01829,0.55178,0.13198,0.05944,0.13228,0.01153
0.01540,0.10315,0.01654,0.21773,0.01708,0.39704,0.08114,0.02953,0.09974,0.02263
0.01542,0.08356,0.17024,0.03310,0.01617,0.26329,0.13052,0.11353,0.15423,0.01994
0.04521,0.22549,0.07391,0.06429,0.04099,0.11530,0.10847,0.14562,0.12991,0.05081
0.01696,0.14737,0.01811,0.03046,0.02062,0.29619,0.20208,0.09370,0.15296,0.02155
0.05017,0.05007,0.04633,0.05564,0.05365,0.22416,0.26791,0.10212,0.11074,0.03921
0.03021,0.15294,0.03344,0.07172,0.02987,0.23935,0.10098,0.10629,0.20361,0.03160
0.03038,0.04142,0.02143,0.03333,0.03012,0.51446,0.13447,0.05931,0.11657,0.01852
0.02303,0.15283,0.03015,0.05372,0.02710,0.20735,0.29709,0.08265,0.10360,0.02249
0.10923,0.04456,0.02609,0.03342,0.08149,0.26194,0.14289,0.10976,0.17440,0.01623
0.01826,0.10376,0.02635,0.05492,0.01880,0.34513,0.05897,0.06460,0.28760,0.02162
0.03626,0.05837,0.03637,0.04712,0.03838,0.44804,0.06177,0.05996,0.19974,0.01401
0.02184,0.11361,0.02830,0.09063,0.02161,0.32067,0.09438,0.07523,0.21376,0.01996
0.01919,0.15875,0.02825,0.04651,0.02975,0.21534,0.32656,0.07032,0.08630,0.01903
0.03118,0.05534,0.02565,0.04425,0.03833,0.45581,0.13474,0.05945,0.12839,0.02686
0.04442,0.18650,0.05020,0.09031,0.04908,0.17520,0.21341,0.07899,0.08910,0.02279
