0.30877,0.31799,0.18369,0.18955
0.31188,0.31241,0.19328,0.18243
0.29491,0.29134,0.19756,0.21618
0.33885,0.33216,0.14853,0.18045
0.33444,0.32679,0.16514,0.17363
0.31087,0.30779,0.18117,0.20016
0.30393,0.29716,0.19496,0.20394
0.31450,0.30588,0.19303,0.18658
0.28094,0.29424,0.17684,0.24797
0.31826,0.31893,0.16070,0.20211
0.33646,0.33320,0.15782,0.17252
0.31625,0.31089,0.18845,0.18441
0.31762,0.31813,0.19005,0.17420
0.33314,0.32918,0.17890,0.15878
0.35187,0.34929,0.14561,0.15322
0.30161,0.29658,0.19242,0.20939
0.29811,0.29344,0.13750,0.27096
0.33191,0.32956,0.18378,0.15475
0.34216,0.32986,0.17035,0.15763
0.29728,0.29365,0.23627,0.17280
0.32672,0.32198,0.15590,0.19539
0.26919,0.26903,0.26048,0.20130
0.31122,0.33067,0.18867,0.16943
0.32315,0.31920,0.17599,0.18166
0.33584,0.33116,0.17925,0.15375
0.35276,0.33336,0.16015,0.15373
0.33751,0.31982,0.17269,0.16998
0.33677,0.33423,0.16621,0.16278
0.28342,0.28447,0.24414,0.18797
0.28472,0.28266,0.23503,0.19760
0.31966,0.31118,0.15653,0.21263
0.31534,0.30145,0.23113,0.15208
0.28420,0.27948,0.23818,0.19814
0.28207,0.28521,0.22102,0.21170
0.33379,0.32808,0.15773,0.18040
0.31415,0.30928,0.20514,0.17143
0.37303,0.33266,0.13672,0.15759
0.32670,0.29654,0.20409,0.17267
0.28673,0.28375,0.19661,0.23291
0.32140,0.31891,0.21047,0.14921
0.30108,0.29543,0.21414,0.18935
0.31259,0.29951,0.20741,0.18049
0.25695,0.25716,0.25870,0.22718
0.32704,0.32637,0.14384,0.20275
0.33692,0.33368,0.15985,0.16955
0.30869,0.34412,0.16893,0.17826
0.32944,0.32593,0.16944,0.17520
0.29214,0.29153,0.23012,0.18621
0.32224,0.31633,0.17749,0.18394
0.26476,0.26747,0.21117,0.25660
0.27911,0.27301,0.19514,0.25274
0.30429,0.31323,0.19053,0.19195
0.33365,0.30328,0.20026,0.16281
0.37154,0.36686,0.13432,0.12728
0.32968,0.32718,0.15484,0.18830
0.34481,0.34251,0.17779,0.13489
0.29763,0.29577,0.20475,0.20184
0.33287,0.33493,0.15187,0.18033
0.36036,0.32012,0.16673,0.15279
0.28109,0.27723,0.24737,0.19431
0.32738,0.32191,0.14670,0.20401
0.27781,0.27972,0.21508,0.22739
0.32798,0.32288,0.15111,0.19803
0.35217,0.34437,0.16287,0.14060
0.29466,0.29624,0.16943,0.23967
0.32176,0.31926,0.17381,0.18517
0.33478,0.33026,0.14861,0.18635
0.31508,0.32190,0.18202,0.18099
0.28992,0.28533,0.21971,0.20503
0.32080,0.31886,0.15820,0.20214
0.32348,0.31969,0.17751,0.17931
0.32455,0.31785,0.18279,0.17481
0.34595,0.33945,0.16428,0.15033
0.32082,0.31408,0.16364,0.20146
0.31882,0.30384,0.15248,0.22487
0.34474,0.34381,0.15913,0.15232
0.31612,0.30987,0.18378,0.19024
0.37464,0.33397,0.13906,0.15233
0.31111,0.32140,0.16955,0.19794
0.33830,0.33455,0.18724,0.13991
0.31062,0.28848,0.22159,0.17931
0.31550,0.31100,0.16571,0.20779
0.29030,0.28911,0.20400,0.21659
0.32733,0.31805,0.16906,0.18556
0.32713,0.31753,0.18534,0.17000
0.32360,0.31987,0.17201,0.18452
0.34871,0.35632,0.14078,0.15419
0.32741,0.31992,0.14744,0.20523
0.31964,0.31355,0.16864,0.19818
0.33782,0.35401,0.14885,0.15933
0.34303,0.33707,0.15002,0.16988
0.31382,0.31199,0.15690,0.21730
0.31744,0.30821,0.13071,0.24364
0.29114,0.33142,0.16785,0.20960
0.33042,0.29920,0.19227,0.17811
0.33937,0.32301,0.17526,0.16235
0.33970,0.33917,0.14886,0.17227
0.33936,0.31330,0.16691,0.18043
0.36327,0.35321,0.13881,0.14471
0.34044,0.33517,0.16585,0.15854
0.30367,0.30220,0.21637,0.17776
0.30046,0.30155,0.15286,0.24513
0.29746,0.29912,0.19206,0.21135
0.23105,0.23622,0.27114,0.26159
0.34456,0.34329,0.15493,0.15722
0.31663,0.31349,0.20582,0.16406
0.28226,0.27798,0.20485,0.23491
0.31003,0.30067,0.15921,0.23009
0.26170,0.25972,0.23151,0.24707
0.29627,0.29114,0.22318,0.18942
0.31203,0.30259,0.16601,0.21937
0.28609,0.27821,0.27107,0.16462
0.35316,0.35096,0.14619,0.14969
0.25931,0.29700,0.23604,0.20765
0.34506,0.34139,0.15119,0.16237
0.28032,0.27885,0.21823,0.22260
0.28113,0.28568,0.22861,0.20459
0.35722,0.35903,0.14448,0.13928
0.28177,0.28280,0.21445,0.22099
0.30865,0.35498,0.16962,0.16674
0.34270,0.34121,0.14862,0.16748
0.34506,0.34414,0.14054,0.17026
0.31146,0.30850,0.19338,0.18666
0.32466,0.32077,0.14798,0.20659
0.29245,0.29261,0.22498,0.18996
0.33243,0.33062,0.14425,0.19271
0.35609,0.33517,0.14526,0.16348
0.29348,0.31091,0.18506,0.21055
0.33103,0.32243,0.15711,0.18943
0.30220,0.29782,0.20328,0.19670
0.30314,0.32917,0.17530,0.19239
0.29820,0.29813,0.18894,0.21473
0.33034,0.32210,0.17734,0.17023
0.30265,0.29943,0.21514,0.18278
0.33065,0.32167,0.15593,0.19175
0.31128,0.30758,0.20234,0.17880
0.34977,0.33037,0.16413,0.15572
0.28828,0.28515,0.21227,0.21430
0.36196,0.33085,0.16859,0.13860
0.33607,0.30325,0.16036,0.20032
0.32874,0.32897,0.17888,0.16342
0.33314,0.32796,0.16685,0.17205
0.33017,0.32432,0.15974,0.18577
0.28280,0.28969,0.20783,0.21968
0.31707,0.31420,0.17358,0.19515
0.34611,0.34291,0.16114,0.14983
0.35209,0.34501,0.14119,0.16171
0.29191,0.32437,0.15434,0.22938
0.27326,0.27945,0.19753,0.24977
0.31698,0.31841,0.18776,0.17684
0.32431,0.28877,0.19312,0.19380
0.35873,0.32965,0.13132,0.18030
0.33008,0.33076,0.15996,0.17920
0.31372,0.30964,0.20011,0.17654
0.30409,0.30193,0.22472,0.16925
0.31137,0.30861,0.20482,0.17520
0.32959,0.32669,0.14324,0.20049
0.27571,0.27445,0.22484,0.22501
0.33638,0.34680,0.11461,0.20220
0.31831,0.30953,0.17354,0.19862
0.29991,0.30662,0.17303,0.22044
0.33472,0.33243,0.17126,0.16159
0.31210,0.31626,0.16079,0.21086
0.26739,0.26971,0.23969,0.22321
0.26963,0.26683,0.25485,0.20869
0.29194,0.27617,0.20574,0.22615
0.28863,0.30818,0.20672,0.19646
0.35666,0.35148,0.15258,0.13928
0.33648,0.33287,0.15617,0.17447
0.33267,0.33307,0.15570,0.17856
0.33230,0.32779,0.14474,0.19517
0.33420,0.34469,0.16069,0.16041
0.31032,0.31064,0.17374,0.20530
0.32549,0.32088,0.17845,0.17517
0.33432,0.33061,0.15808,0.17699
0.33627,0.31594,0.17415,0.17365
0.32604,0.32655,0.17379,0.17362
0.30997,0.34817,0.15489,0.18697
0.28610,0.28023,0.22047,0.21320
0.27648,0.27325,0.18104,0.26923
0.27626,0.29642,0.21584,0.21148
0.29986,0.31904,0.18180,0.19930
0.29531,0.30523,0.20318,0.19628
0.35157,0.34743,0.15483,0.14617
0.35100,0.34451,0.15630,0.14820
0.34595,0.32522,0.13562,0.19321
0.34803,0.34043,0.15433,0.15721
0.32990,0.33084,0.16088,0.17838
0.35544,0.31664,0.16233,0.16559
0.28877,0.28280,0.24685,0.18158
0.34529,0.34394,0.13153,0.17924
0.26305,0.29209,0.21896,0.22590
0.28427,0.25909,0.23649,0.22015
0.28330,0.32108,0.17012,0.22550
0.32047,0.33259,0.16856,0.17838
0.35337,0.34815,0.14773,0.15074
0.35377,0.34594,0.14370,0.15659
0.29916,0.29683,0.22563,0.17838
0.29879,0.29985,0.19958,0.20179
0.35700,0.35407,0.13716,0.15177
0.31895,0.29722,0.20348,0.18035
0.34427,0.33230,0.14782,0.17561
0.32734,0.32299,0.18368,0.16599
0.32156,0.33812,0.15833,0.18199
0.30189,0.29783,0.21903,0.18124
0.33391,0.34457,0.14002,0.18150
0.36485,0.31671,0.16687,0.15157
0.30181,0.29735,0.18665,0.21418
0.33789,0.33333,0.18204,0.14674
0.26846,0.27165,0.26984,0.19006
0.33188,0.32548,0.16732,0.17532
0.31493,0.30437,0.19172,0.18898
0.27890,0.27911,0.24104,0.20095
0.31811,0.31069,0.17922,0.19198
0.26776,0.27934,0.22471,0.22820
0.34081,0.33399,0.13944,0.18576
0.37273,0.36572,0.12788,0.13367
0.36681,0.34277,0.11704,0.17337
0.32355,0.31690,0.14990,0.20965
0.36417,0.32559,0.15791,0.15233
0.30451,0.30164,0.22227,0.17159
0.31612,0.31034,0.18655,0.18698
0.32643,0.32401,0.17547,0.17409
0.28709,0.30267,0.24262,0.16761
0.32616,0.31458,0.16421,0.19505
0.30562,0.31267,0.17051,0.21120
0.32163,0.32051,0.16572,0.19215
0.35537,0.33145,0.14526,0.16793
0.36827,0.35835,0.12819,0.14519
0.34733,0.33762,0.14198,0.17307
0.24437,0.24588,0.29483,0.21493
0.30466,0.30821,0.18484,0.20229
0.30242,0.30204,0.20442,0.19112
0.29681,0.30079,0.20331,0.19909
0.26856,0.25431,0.23311,0.24402
0.28581,0.28760,0.21953,0.20705
0.33945,0.33796,0.18893,0.13366
0.24810,0.24546,0.24840,0.25805
0.29412,0.30530,0.16176,0.23882
0.35154,0.34416,0.15259,0.15171
0.32597,0.31114,0.16666,0.19623
0.33920,0.33401,0.17369,0.15310
0.32300,0.31768,0.17348,0.18584
0.35682,0.34692,0.15132,0.14494
0.34656,0.35171,0.14962,0.15211
0.29397,0.29162,0.20478,0.20962
0.25984,0.28328,0.15976,0.29712
0.28205,0.28576,0.22730,0.20490
0.33861,0.32911,0.16856,0.16372
0.32359,0.32264,0.17389,0.17988
0.32210,0.32545,0.17035,0.18211
0.32717,0.30177,0.18410,0.18696
0.32885,0.32442,0.14496,0.20176
0.31815,0.31656,0.18066,0.18464
0.30120,0.30687,0.18873,0.20321
0.31905,0.31665,0.17025,0.19404
0.30993,0.30690,0.19935,0.18382
0.28635,0.27975,0.21390,0.22000
0.31916,0.33002,0.18265,0.16816
0.30627,0.28985,0.18298,0.22090
0.25712,0.27767,0.22737,0.23784
0.30515,0.30051,0.19660,0.19774
0.35927,0.36371,0.13180,0.14521
0.37579,0.37242,0.11814,0.13365
0.30777,0.32358,0.19014,0.17851
0.31712,0.30310,0.23319,0.14659
0.31028,0.30927,0.16576,0.21470
0.32349,0.32373,0.16808,0.18470
0.32923,0.33678,0.16471,0.16927
0.30879,0.30769,0.15820,0.22532
0.30267,0.30749,0.17946,0.21037
0.26822,0.25879,0.22401,0.24898
0.31735,0.32102,0.17307,0.18855
0.24349,0.24554,0.21601,0.29497
0.28915,0.29060,0.20460,0.21564
0.32557,0.31675,0.13777,0.21991
0.30910,0.30536,0.19439,0.19115
0.35871,0.35388,0.13635,0.15106
0.29986,0.30483,0.19245,0.20286
0.28182,0.30402,0.23464,0.17953
0.31887,0.33907,0.19507,0.14699
0.33516,0.33076,0.18100,0.15308
0.34499,0.34463,0.14538,0.16501
0.31186,0.30762,0.15396,0.22656
0.35191,0.31454,0.13503,0.19853
0.30406,0.30140,0.21752,0.17702
0.29699,0.30027,0.21085,0.19189
0.35954,0.33313,0.15579,0.15154
0.31734,0.31098,0.18058,0.19110
0.36021,0.31228,0.15948,0.16803
0.36911,0.31346,0.14636,0.17107
0.35628,0.34475,0.14116,0.15780
0.30427,0.30150,0.20795,0.18628
0.30371,0.29901,0.21589,0.18140
0.31158,0.30838,0.17691,0.20313
0.37305,0.36680,0.13492,0.12523
0.33547,0.33144,0.15780,0.17529
0.34489,0.34692,0.15402,0.15417
0.37778,0.34707,0.14670,0.12845
0.30063,0.30991,0.14985,0.23961
