0.11188,0.11164,0.13743,0.14050,0.12282,0.12249,0.12062,0.13262
0.10480,0.10464,0.11382,0.11301,0.15059,0.15065,0.13324,0.12925
0.11323,0.11255,0.11141,0.11430,0.15001,0.15151,0.12476,0.12222
0.12281,0.12087,0.12946,0.13124,0.12020,0.12100,0.12570,0.12872
0.13756,0.13781,0.11214,0.11340,0.11110,0.11084,0.14510,0.13205
0.11725,0.11828,0.13010,0.13599,0.12027,0.11997,0.12793,0.13020
0.13895,0.13939,0.11598,0.11771,0.10373,0.10645,0.14385,0.13393
0.11461,0.11472,0.11307,0.11626,0.14304,0.14205,0.13323,0.12302
0.14093,0.14191,0.11361,0.11459,0.10916,0.11092,0.13404,0.13482
0.11527,0.11849,0.11806,0.11900,0.14256,0.14002,0.12996,0.11663
0.11492,0.11495,0.11536,0.11734,0.14344,0.14316,0.12831,0.12252
0.12017,0.11902,0.11677,0.11777,0.14244,0.14294,0.11941,0.12149
0.13858,0.13943,0.11489,0.11743,0.10903,0.10927,0.14047,0.13090
0.12246,0.12216,0.11277,0.11305,0.13035,0.13192,0.14027,0.12701
0.10812,0.10805,0.11868,0.12179,0.13995,0.13996,0.13258,0.13087
0.12055,0.12182,0.13963,0.13554,0.11284,0.11285,0.12528,0.13149
0.11730,0.11691,0.13771,0.12997,0.11653,0.11613,0.13906,0.12639
0.11510,0.11574,0.14080,0.13928,0.12196,0.12146,0.11550,0.13018
0.11256,0.11232,0.14159,0.13689,0.12541,0.12470,0.12512,0.12139
0.11380,0.11400,0.13944,0.13650,0.12277,0.12292,0.12466,0.12592
0.11688,0.11637,0.13057,0.13102,0.12200,0.12236,0.13061,0.13020
0.11398,0.11369,0.13750,0.13126,0.12681,0.12556,0.12176,0.12944
0.11649,0.11673,0.13735,0.13689,0.11565,0.11629,0.12604,0.13455
0.13960,0.14059,0.11474,0.11472,0.10514,0.10644,0.14441,0.13436
0.11809,0.11806,0.13968,0.13437,0.11748,0.11745,0.12561,0.12925
0.13383,0.13457,0.11669,0.12293,0.11243,0.11253,0.13532,0.13171
0.12128,0.12097,0.11418,0.11212,0.13488,0.13691,0.13810,0.12156
0.11287,0.11176,0.11564,0.11363,0.14615,0.14542,0.13143,0.12310
0.11486,0.11427,0.12566,0.12452,0.13803,0.13878,0.12308,0.12078
0.11566,0.11527,0.13685,0.13607,0.11771,0.11813,0.12419,0.13611
0.11281,0.11241,0.12121,0.12433,0.13920,0.13861,0.12875,0.12268
0.14320,0.14343,0.11299,0.11771,0.10303,0.10521,0.14047,0.13396
0.10946,0.10780,0.12595,0.12494,0.14839,0.14729,0.11894,0.11722
0.11133,0.11268,0.11719,0.11837,0.14417,0.14473,0.13088,0.12066
0.11699,0.11809,0.12940,0.13308,0.11800,0.11689,0.13573,0.13182
0.11617,0.11316,0.14006,0.13390,0.11854,0.12030,0.12967,0.12820
0.13925,0.13859,0.10786,0.11375,0.11764,0.11863,0.13880,0.12547
0.13634,0.13825,0.10876,0.11509,0.11465,0.11558,0.13760,0.13372
0.14036,0.14217,0.10988,0.11381,0.10544,0.10584,0.14328,0.13921
0.13530,0.13503,0.11302,0.11492,0.11603,0.11589,0.13487,0.13493
0.11211,0.11316,0.11640,0.11539,0.13804,0.13889,0.13235,0.13366
0.12095,0.12036,0.13891,0.13281,0.12217,0.12059,0.12200,0.12221
0.11573,0.11427,0.13708,0.13526,0.11917,0.12013,0.12813,0.13023
0.14143,0.14239,0.10834,0.11400,0.11426,0.11277,0.13912,0.12769
0.11489,0.11401,0.13577,0.12690,0.12033,0.11903,0.13388,0.13518
0.11100,0.11292,0.12060,0.12062,0.13771,0.13896,0.13727,0.12092
0.14236,0.14356,0.12350,0.12141,0.11551,0.11451,0.12231,0.11684
0.12374,0.12600,0.13039,0.13142,0.11493,0.11445,0.12935,0.12972
0.11100,0.11049,0.12343,0.12283,0.14517,0.14176,0.12592,0.11940
0.13910,0.13810,0.11192,0.11449,0.11193,0.11245,0.13728,0.13474
0.13631,0.13850,0.11707,0.11891,0.11590,0.11601,0.12745,0.12984
0.11658,0.11634,0.12357,0.12147,0.13864,0.13877,0.12515,0.11949
0.11554,0.11620,0.11855,0.11987,0.13376,0.13315,0.13520,0.12774
0.11595,0.11507,0.11126,0.11575,0.14118,0.14060,0.13259,0.12760
0.14154,0.14234,0.11689,0.11812,0.11139,0.11282,0.12646,0.13044
0.12400,0.12359,0.13388,0.13530,0.11044,0.11094,0.12575,0.13610
0.10841,0.10701,0.14898,0.14782,0.11414,0.11399,0.13388,0.12576
0.12336,0.12173,0.11684,0.11949,0.13394,0.13280,0.12890,0.12294
0.11569,0.11607,0.13617,0.12778,0.12312,0.12157,0.12527,0.13431
0.11682,0.11572,0.14076,0.13831,0.11429,0.11412,0.13027,0.12972
0.12283,0.12158,0.13980,0.13701,0.11433,0.11314,0.12444,0.12686
0.11678,0.11678,0.13599,0.13556,0.11782,0.11853,0.12430,0.13425
0.12136,0.12184,0.11996,0.12023,0.13174,0.13295,0.12814,0.12379
0.11616,0.11394,0.11502,0.11681,0.13408,0.13334,0.14211,0.12854
0.14290,0.14445,0.11638,0.11716,0.10988,0.11007,0.12861,0.13054
0.11574,0.11725,0.11805,0.12248,0.13658,0.13734,0.12523,0.12734
0.14133,0.14421,0.11448,0.11420,0.10164,0.10254,0.14420,0.13740
0.13622,0.13674,0.12062,0.12101,0.11234,0.11286,0.13186,0.12835
0.11950,0.11871,0.13535,0.13420,0.11958,0.11957,0.12281,0.13027
0.13597,0.13817,0.11032,0.11448,0.11627,0.11573,0.12867,0.14039
0.11730,0.11622,0.11299,0.11750,0.13624,0.13746,0.13471,0.12757
0.10739,0.10625,0.12471,0.12555,0.13802,0.13812,0.13205,0.12791
0.10798,0.10652,0.12106,0.12079,0.14495,0.14443,0.12914,0.12514
0.11180,0.11049,0.13254,0.13732,0.12429,0.12282,0.12503,0.13573
0.14316,0.14629,0.11391,0.11740,0.10895,0.11000,0.13109,0.12921
0.11858,0.11809,0.12764,0.12720,0.13310,0.13362,0.12185,0.11991
0.10570,0.10604,0.11920,0.12148,0.15145,0.15210,0.12782,0.11622
0.14033,0.14017,0.11208,0.11648,0.11215,0.11217,0.13430,0.13231
0.14182,0.14103,0.12056,0.12077,0.11254,0.11253,0.12256,0.12819
0.11454,0.11367,0.10848,0.10984,0.14851,0.14921,0.13629,0.11947
0.11984,0.12062,0.11567,0.11703,0.14184,0.14005,0.12241,0.12254
0.13602,0.13750,0.11788,0.12018,0.10967,0.10976,0.13435,0.13464
0.12158,0.11971,0.13258,0.12904,0.12388,0.12317,0.12531,0.12472
0.13480,0.13617,0.11016,0.11540,0.11006,0.11143,0.13841,0.14357
0.14737,0.14759,0.11745,0.12247,0.10025,0.10127,0.13181,0.13179
0.11235,0.11245,0.11751,0.11809,0.14116,0.14122,0.13247,0.12476
0.12043,0.12073,0.13535,0.12811,0.11643,0.11759,0.13089,0.13047
0.12018,0.11976,0.13693,0.13856,0.11581,0.11466,0.12304,0.13106
0.12044,0.12190,0.12604,0.12852,0.11776,0.11817,0.13354,0.13362
0.10958,0.11111,0.11626,0.11457,0.13924,0.13983,0.13927,0.13013
0.14195,0.14133,0.10751,0.11044,0.10285,0.10332,0.14429,0.14831
0.13257,0.13463,0.10863,0.11220,0.11432,0.11619,0.14066,0.14080
0.12122,0.12058,0.13534,0.13447,0.11985,0.11930,0.12088,0.12836
0.11735,0.11738,0.13615,0.13398,0.11931,0.11804,0.12814,0.12965
0.11812,0.11812,0.13652,0.13514,0.11729,0.11843,0.12600,0.13038
0.10932,0.11073,0.12224,0.12126,0.13891,0.14038,0.13197,0.12518
0.11743,0.11684,0.12138,0.12066,0.13926,0.13932,0.12167,0.12344
0.13365,0.13492,0.11495,0.11625,0.11226,0.11316,0.14156,0.13323
0.13827,0.13766,0.11556,0.12127,0.10471,0.10526,0.14295,0.13432
0.13510,0.13597,0.11913,0.12251,0.10862,0.10911,0.13282,0.13674
