0.06322,0.08004,0.02541,0.11635,0.04693,0.02222,0.10203,0.03023,0.04272,0.07082,0.04781,0.02749,0.03231,0.01960,0.03316,0.05215,0.07577,0.02154,0.03684,0.05335
0.05580,0.10201,0.03205,0.05126,0.05915,0.04984,0.07334,0.03967,0.06408,0.02381,0.15945,0.07454,0.01965,0.01892,0.01854,0.02551,0.02118,0.04293,0.01516,0.05307
0.04313,0.07359,0.06234,0.04053,0.05388,0.03411,0.02348,0.04912,0.08475,0.02527,0.24976,0.07673,0.01493,0.02830,0.02261,0.02188,0.03043,0.01923,0.02109,0.02483
0.08896,0.05207,0.03355,0.06339,0.06301,0.03320,0.04051,0.03526,0.03508,0.02188,0.29552,0.02430,0.01798,0.02796,0.02520,0.02421,0.02428,0.03393,0.02741,0.03230
0.17026,0.04872,0.02570,0.01834,0.15986,0.02801,0.03199,0.04346,0.12589,0.01848,0.03044,0.13561,0.01570,0.01759,0.01508,0.03051,0.02286,0.01687,0.02037,0.02426
0.16142,0.03006,0.01948,0.03579,0.12321,0.03189,0.07338,0.02462,0.05050,0.04839,0.04563,0.01752,0.05791,0.01715,0.02804,0.05931,0.05154,0.05037,0.04161,0.03220
0.06148,0.04253,0.10584,0.02733,0.03815,0.03438,0.01359,0.05817,0.12214,0.02349,0.09375,0.11849,0.01309,0.09655,0.03114,0.03334,0.02253,0.01980,0.02180,0.02240
0.05687,0.08131,0.07697,0.02900,0.05546,0.06268,0.03436,0.01664,0.12580,0.04032,0.01662,0.10638,0.03781,0.01609,0.03151,0.03655,0.07411,0.03437,0.03707,0.03008
0.12044,0.05661,0.02998,0.04656,0.07422,0.05725,0.04215,0.06454,0.06408,0.05877,0.02626,0.03063,0.04897,0.06225,0.03306,0.06286,0.02859,0.02551,0.02492,0.04236
0.04811,0.04536,0.03740,0.05527,0.04759,0.07393,0.05788,0.09125,0.06308,0.06009,0.03577,0.06977,0.05478,0.03712,0.03745,0.02435,0.03104,0.03339,0.03817,0.05819
0.02715,0.05734,0.04592,0.02047,0.02274,0.05372,0.07301,0.11383,0.08354,0.04326,0.03694,0.09466,0.05704,0.06347,0.04876,0.03075,0.02551,0.03254,0.02723,0.04212
0.06923,0.10372,0.02133,0.01118,0.06235,0.03595,0.07760,0.05144,0.04263,0.12200,0.05038,0.05269,0.03489,0.04045,0.04150,0.05246,0.02459,0.02382,0.01952,0.06228
0.04211,0.12727,0.02345,0.02133,0.03927,0.06004,0.20390,0.05481,0.04706,0.02201,0.02836,0.05881,0.11478,0.01981,0.01590,0.02183,0.02216,0.02528,0.02388,0.02794
0.02266,0.08738,0.09624,0.02053,0.01797,0.03867,0.02898,0.15343,0.11316,0.03255,0.03958,0.13028,0.02845,0.01638,0.06684,0.01593,0.01877,0.02077,0.02870,0.02274
0.06300,0.03271,0.01792,0.11153,0.04199,0.02816,0.17445,0.02150,0.06069,0.03532,0.03177,0.01657,0.18803,0.01430,0.01601,0.05016,0.03456,0.01639,0.01254,0.03240
0.09072,0.08311,0.05361,0.02714,0.08754,0.07815,0.07347,0.04853,0.04795,0.02195,0.03337,0.03351,0.03910,0.07535,0.03373,0.03169,0.03115,0.04132,0.02636,0.04226
0.09622,0.03229,0.02005,0.01379,0.08795,0.04285,0.04307,0.15507,0.02914,0.02718,0.02406,0.14164,0.02846,0.02511,0.02180,0.07068,0.04741,0.01856,0.03526,0.03940
0.12125,0.02657,0.15150,0.01078,0.10980,0.03179,0.02731,0.02958,0.04037,0.03183,0.02004,0.04345,0.02585,0.18546,0.01507,0.03592,0.01851,0.02807,0.01501,0.03184
0.02198,0.11299,0.03015,0.04149,0.03576,0.13134,0.11073,0.05998,0.02702,0.01568,0.00830,0.03846,0.08161,0.02180,0.05815,0.01547,0.01975,0.07501,0.02337,0.07097
0.02021,0.02861,0.03499,0.01712,0.01839,0.02546,0.01351,0.27989,0.06060,0.02365,0.01362,0.10814,0.01426,0.03668,0.17820,0.02167,0.01289,0.01011,0.06795,0.01406
0.10131,0.01730,0.01370,0.01712,0.10104,0.02892,0.01936,0.05299,0.12777,0.01361,0.19162,0.13789,0.01311,0.01903,0.03266,0.02851,0.02143,0.01889,0.01617,0.02756
0.05435,0.04799,0.03189,0.03128,0.04720,0.02901,0.02186,0.04944,0.20920,0.03558,0.02419,0.18036,0.01940,0.03177,0.04103,0.05587,0.02407,0.01564,0.02236,0.02751
0.12264,0.03978,0.02389,0.01117,0.09324,0.03363,0.02641,0.04848,0.17459,0.02815,0.01092,0.19319,0.02287,0.02231,0.01803,0.03292,0.02205,0.02286,0.02840,0.02447
0.11361,0.07086,0.04990,0.01952,0.10144,0.04278,0.02976,0.03784,0.03310,0.05842,0.13625,0.03273,0.02560,0.03658,0.02505,0.03344,0.02348,0.04563,0.02477,0.05925
0.07984,0.09272,0.03751,0.03792,0.07336,0.04921,0.07123,0.06311,0.02561,0.11073,0.01561,0.03348,0.09747,0.04429,0.02498,0.03972,0.02520,0.03074,0.01988,0.02737
0.23892,0.05717,0.04619,0.04752,0.19060,0.02970,0.01831,0.02873,0.03380,0.05683,0.02976,0.01330,0.02627,0.03675,0.02118,0.03145,0.03330,0.01790,0.01369,0.02865
0.25143,0.01838,0.02000,0.04781,0.19639,0.01881,0.02863,0.02291,0.04658,0.02820,0.08044,0.01575,0.02410,0.01680,0.02382,0.06052,0.03405,0.01403,0.01488,0.03647
0.04006,0.09204,0.03356,0.01616,0.03015,0.05807,0.04654,0.07120,0.04661,0.09723,0.02650,0.04983,0.11529,0.04215,0.06492,0.04022,0.01833,0.03542,0.03214,0.04358
0.03006,0.06127,0.03193,0.02902,0.02345,0.04913,0.03496,0.04119,0.11949,0.03767,0.08015,0.13458,0.03184,0.03477,0.02567,0.02061,0.03181,0.08253,0.02689,0.07296
0.05205,0.22889,0.13646,0.02630,0.04666,0.02578,0.02293,0.01862,0.10532,0.03255,0.02682,0.11052,0.01790,0.01349,0.00997,0.01686,0.05974,0.01127,0.01287,0.02500
0.04888,0.03380,0.03281,0.04339,0.05183,0.03383,0.12620,0.02353,0.07292,0.01566,0.13507,0.07180,0.13122,0.02539,0.01477,0.02159,0.02423,0.03000,0.01644,0.04665
0.08552,0.03159,0.02205,0.02072,0.07693,0.02484,0.10214,0.03316,0.14365,0.03147,0.04753,0.03122,0.09708,0.01591,0.02407,0.11177,0.02255,0.03168,0.01740,0.02872
0.09069,0.03044,0.02054,0.01580,0.07691,0.05825,0.02262,0.08520,0.09624,0.03375,0.07904,0.14797,0.02468,0.02108,0.02724,0.05518,0.03112,0.02000,0.03158,0.03166
0.07456,0.05610,0.04397,0.07326,0.05839,0.07411,0.07858,0.04775,0.04165,0.02829,0.02472,0.02609,0.07332,0.03656,0.04017,0.03675,0.03788,0.05353,0.03462,0.05971
0.09800,0.03864,0.02780,0.02847,0.09048,0.01923,0.02921,0.02106,0.20518,0.02111,0.02332,0.18554,0.03225,0.02528,0.01764,0.04437,0.02147,0.01941,0.01767,0.03385
0.04987,0.13970,0.07792,0.03581,0.03478,0.02268,0.01595,0.02550,0.21634,0.01758,0.01946,0.09902,0.01703,0.01457,0.01470,0.11406,0.05319,0.01022,0.00926,0.01236
0.03442,0.12576,0.05116,0.01664,0.03413,0.06467,0.08620,0.06811,0.05643,0.04381,0.02025,0.05838,0.03751,0.05385,0.03158,0.03078,0.03070,0.04777,0.03937,0.06849
0.13685,0.02399,0.02054,0.07678,0.10161,0.03858,0.02998,0.02696,0.04688,0.02302,0.06382,0.03631,0.02892,0.02269,0.03682,0.06488,0.11540,0.02407,0.04571,0.03617
0.04418,0.06931,0.04056,0.05877,0.03959,0.04597,0.05247,0.06897,0.04638,0.08398,0.04118,0.04769,0.07343,0.04345,0.05849,0.04023,0.03041,0.02636,0.03034,0.05824
0.11003,0.03969,0.02967,0.02180,0.09590,0.02867,0.04830,0.05176,0.08846,0.03574,0.02733,0.09667,0.03888,0.01583,0.01973,0.07405,0.06023,0.03056,0.04241,0.04429
0.10636,0.03493,0.03171,0.01796,0.10957,0.02739,0.02940,0.02293,0.03216,0.01583,0.38073,0.03764,0.01953,0.01401,0.01850,0.02227,0.01609,0.02012,0.01408,0.02880
0.03331,0.05938,0.04813,0.04113,0.03069,0.06894,0.11612,0.02414,0.11999,0.01738,0.02540,0.01622,0.09064,0.03420,0.03030,0.12183,0.02181,0.03383,0.02325,0.04331
0.05047,0.08595,0.06976,0.04513,0.04212,0.04304,0.01796,0.04562,0.08248,0.03276,0.19228,0.02892,0.02260,0.03399,0.03407,0.06334,0.03565,0.01989,0.01885,0.03511
0.03843,0.07373,0.05488,0.02311,0.03323,0.05527,0.01511,0.09940,0.17407,0.02252,0.02539,0.19608,0.01681,0.01961,0.04576,0.02493,0.02316,0.01151,0.03033,0.01670
0.04024,0.02984,0.02307,0.00930,0.03556,0.02117,0.01616,0.03986,0.29176,0.02395,0.02064,0.31269,0.01617,0.01982,0.02335,0.02706,0.01178,0.00772,0.01445,0.01542
0.02188,0.03692,0.02690,0.01457,0.01953,0.01779,0.02591,0.03356,0.31701,0.02086,0.01452,0.12434,0.01952,0.02556,0.02056,0.20883,0.01270,0.01149,0.01365,0.01390
0.06296,0.04566,0.03717,0.01412,0.04497,0.03874,0.01782,0.06501,0.08592,0.15349,0.02396,0.08525,0.15290,0.01911,0.02972,0.03339,0.01935,0.01871,0.02977,0.02197
0.07147,0.04620,0.03078,0.05259,0.06694,0.05119,0.09089,0.05409,0.04288,0.01841,0.07336,0.05307,0.06998,0.02016,0.02805,0.04444,0.05361,0.05015,0.04350,0.03825
0.12654,0.12902,0.08584,0.02834,0.07928,0.05578,0.01897,0.09578,0.02738,0.02615,0.02014,0.02422,0.02404,0.01673,0.06506,0.02253,0.06484,0.02863,0.03061,0.03011
0.06238,0.05344,0.02748,0.02261,0.06503,0.05861,0.07564,0.02845,0.01266,0.03124,0.03810,0.01257,0.08205,0.03140,0.02059,0.02193,0.04102,0.15736,0.06000,0.09745
0.15207,0.03373,0.03715,0.04236,0.13423,0.05590,0.03556,0.09468,0.04051,0.01688,0.02380,0.04095,0.02650,0.06912,0.05621,0.02348,0.01523,0.03298,0.04108,0.02756
0.22561,0.04240,0.03438,0.02618,0.19057,0.02751,0.02600,0.04367,0.06129,0.03112,0.03397,0.04590,0.02372,0.03879,0.02540,0.03989,0.02163,0.01937,0.01410,0.02854
0.08324,0.02896,0.01862,0.01725,0.09950,0.01933,0.01606,0.02244,0.15512,0.02817,0.09704,0.17083,0.01953,0.01483,0.01645,0.06820,0.05621,0.01337,0.01855,0.03630
0.06397,0.05150,0.10681,0.01430,0.05684,0.05442,0.03669,0.03678,0.07609,0.02931,0.03360,0.07908,0.03493,0.11570,0.02079,0.02510,0.02048,0.04647,0.03970,0.05743
0.04685,0.04559,0.05260,0.01340,0.05322,0.07752,0.03813,0.13470,0.05989,0.02235,0.07153,0.08973,0.01675,0.04365,0.05822,0.03329,0.02407,0.02887,0.04906,0.04058
0.09307,0.10334,0.06364,0.05337,0.06826,0.02519,0.02269,0.02621,0.09032,0.07484,0.09604,0.08645,0.02414,0.01232,0.02037,0.02601,0.03639,0.01501,0.01320,0.04915
0.06009,0.09768,0.02118,0.02779,0.05280,0.02938,0.05864,0.05697,0.16424,0.03413,0.02780,0.16508,0.02430,0.03022,0.03090,0.02635,0.02087,0.02735,0.01492,0.02929
0.10839,0.15092,0.06951,0.01935,0.09686,0.11746,0.03962,0.03996,0.03101,0.02375,0.01098,0.02437,0.03256,0.01900,0.02291,0.03513,0.07620,0.02613,0.01750,0.03840
0.03358,0.08932,0.05060,0.02989,0.02814,0.07406,0.04424,0.09332,0.05619,0.02824,0.16609,0.08114,0.02472,0.02471,0.03165,0.01863,0.02332,0.02609,0.04262,0.03346
0.10416,0.17163,0.07888,0.14949,0.09756,0.02352,0.02353,0.02769,0.02371,0.05961,0.03440,0.02043,0.03350,0.01266,0.01447,0.02842,0.05738,0.01135,0.01178,0.01586
0.16059,0.03764,0.01440,0.01808,0.14098,0.00871,0.01072,0.01202,0.24897,0.01435,0.01786,0.05387,0.01093,0.00806,0.00987,0.19758,0.01502,0.00520,0.00649,0.00865
0.13869,0.03606,0.03967,0.04636,0.11716,0.03011,0.02349,0.02552,0.02725,0.01370,0.30474,0.02049,0.02100,0.02175,0.01393,0.02691,0.02646,0.02053,0.01515,0.03103
0.04366,0.04001,0.06992,0.02156,0.04148,0.06783,0.02182,0.19786,0.04044,0.02992,0.01158,0.15867,0.03754,0.08992,0.02728,0.02217,0.01337,0.01681,0.02835,0.01981
0.04998,0.14889,0.06904,0.02740,0.03551,0.01803,0.02273,0.04680,0.10552,0.11853,0.04936,0.11451,0.04638,0.01354,0.02738,0.02389,0.03572,0.01123,0.01482,0.02074
0.12011,0.03950,0.02676,0.02426,0.10098,0.03421,0.01401,0.02249,0.01897,0.03638,0.38282,0.03009,0.02096,0.01527,0.01538,0.02142,0.02018,0.01972,0.01892,0.01755
0.02681,0.06827,0.10201,0.02733,0.02687,0.06402,0.01668,0.09054,0.08344,0.01814,0.11889,0.13752,0.02202,0.03472,0.03346,0.02117,0.01843,0.01729,0.05373,0.01867
0.24159,0.03398,0.02619,0.01240,0.20926,0.02029,0.04695,0.02482,0.06801,0.02788,0.01421,0.06353,0.04573,0.01981,0.01195,0.05326,0.02295,0.01694,0.01935,0.02092
0.08204,0.06100,0.03488,0.01789,0.08865,0.06329,0.03997,0.06535,0.03310,0.05056,0.07225,0.06038,0.02491,0.02552,0.02506,0.03190,0.03815,0.06522,0.03584,0.08406
0.06610,0.06666,0.03410,0.03393,0.05967,0.07499,0.04537,0.04989,0.06194,0.02931,0.08887,0.03182,0.02886,0.02191,0.04593,0.05820,0.04599,0.06282,0.02953,0.06411
0.03979,0.06484,0.04452,0.03682,0.03680,0.06218,0.07475,0.07176,0.10030,0.04157,0.01907,0.10156,0.05736,0.03682,0.04260,0.02417,0.02835,0.03587,0.03774,0.04312
0.07224,0.04842,0.12932,0.02416,0.06326,0.02049,0.01625,0.02949,0.11628,0.03287,0.02490,0.09954,0.02960,0.13133,0.02703,0.06589,0.01985,0.01487,0.01567,0.01854
0.08274,0.05799,0.04740,0.06565,0.07952,0.04011,0.02833,0.02293,0.03253,0.03034,0.25279,0.02451,0.02202,0.02277,0.01588,0.03461,0.04812,0.03991,0.02194,0.02990
0.20864,0.04822,0.01405,0.01580,0.18179,0.03256,0.08209,0.04440,0.04865,0.04041,0.01797,0.02397,0.04989,0.01960,0.02502,0.05728,0.02598,0.01744,0.01987,0.02637
0.20893,0.03352,0.02815,0.02944,0.19957,0.06566,0.04042,0.03167,0.02149,0.02675,0.06572,0.01700,0.02956,0.01796,0.02522,0.03298,0.04407,0.02317,0.01068,0.04804
0.08504,0.04299,0.06405,0.01818,0.06719,0.04580,0.02729,0.14426,0.05723,0.02553,0.04365,0.02581,0.03003,0.05002,0.11024,0.04657,0.01907,0.02431,0.04834,0.02439
0.06292,0.06750,0.05864,0.04911,0.07294,0.03052,0.02488,0.02430,0.06695,0.02956,0.20326,0.07871,0.03239,0.03410,0.02082,0.02641,0.02328,0.02960,0.02528,0.03883
0.06373,0.08263,0.04366,0.02871,0.06487,0.05754,0.05172,0.05640,0.09675,0.03441,0.02951,0.03336,0.02944,0.04984,0.04787,0.08140,0.04232,0.02535,0.02367,0.05683
0.08814,0.02914,0.02353,0.07495,0.07414,0.03363,0.04071,0.08172,0.04168,0.07316,0.02934,0.05902,0.03534,0.07151,0.04538,0.04099,0.04095,0.02251,0.03099,0.06321
0.10979,0.04489,0.02344,0.03272,0.11191,0.03316,0.02596,0.02560,0.06147,0.03107,0.27025,0.05413,0.02062,0.02057,0.01726,0.02333,0.01783,0.02831,0.01277,0.03492
0.04848,0.04079,0.03719,0.02075,0.03618,0.03228,0.01439,0.03549,0.26871,0.01986,0.05092,0.24038,0.01659,0.01643,0.02327,0.02851,0.02815,0.01089,0.01662,0.01414
0.03956,0.09739,0.07091,0.11451,0.04099,0.06150,0.04846,0.07542,0.03782,0.03001,0.04337,0.02499,0.03875,0.03703,0.05545,0.02569,0.03760,0.03804,0.03580,0.04672
0.10216,0.04922,0.03505,0.02757,0.09017,0.03328,0.04130,0.05225,0.14079,0.01775,0.06049,0.14626,0.02797,0.03204,0.01622,0.02645,0.02764,0.02621,0.02048,0.02672
0.07364,0.05906,0.04488,0.04326,0.06674,0.03085,0.04026,0.03861,0.10120,0.02744,0.16309,0.03472,0.01936,0.04689,0.02185,0.08183,0.03476,0.01987,0.01654,0.03515
0.14556,0.03748,0.02813,0.08850,0.11915,0.03014,0.03454,0.04704,0.05952,0.02006,0.13706,0.02497,0.01528,0.03278,0.03945,0.03719,0.03748,0.01787,0.02436,0.02343
0.10412,0.04432,0.03495,0.04361,0.10398,0.02056,0.01202,0.01459,0.04406,0.02171,0.36454,0.04440,0.02162,0.01801,0.01550,0.02300,0.02818,0.01000,0.01373,0.01711
0.05793,0.04850,0.02404,0.04155,0.05709,0.07045,0.06293,0.05131,0.03272,0.06758,0.04210,0.04183,0.05554,0.02450,0.03521,0.05470,0.05898,0.04316,0.03953,0.09036
0.03896,0.11587,0.07110,0.05037,0.04047,0.04230,0.03102,0.02027,0.15660,0.02221,0.05311,0.16065,0.02940,0.01574,0.01860,0.01803,0.03830,0.03189,0.01427,0.03082
0.09042,0.08052,0.06004,0.04577,0.05015,0.03252,0.03894,0.03381,0.08483,0.02522,0.11160,0.08590,0.03306,0.02230,0.02047,0.03137,0.03848,0.03657,0.02637,0.05166
0.04016,0.04641,0.02698,0.05002,0.02692,0.02176,0.01646,0.07320,0.24132,0.01962,0.05042,0.21119,0.01799,0.01471,0.04345,0.02868,0.01885,0.01405,0.01694,0.02085
0.01735,0.03580,0.01628,0.00954,0.01754,0.02687,0.32018,0.02795,0.03760,0.01402,0.01973,0.03593,0.30700,0.01997,0.01294,0.01934,0.01575,0.01461,0.01295,0.01866
0.06357,0.02956,0.02720,0.23614,0.05515,0.02979,0.02563,0.08391,0.05421,0.06077,0.02457,0.02861,0.03708,0.04286,0.04908,0.03925,0.02304,0.02367,0.02861,0.03730
0.23962,0.02427,0.01825,0.01884,0.15373,0.05123,0.03418,0.04471,0.07867,0.03756,0.02734,0.02873,0.03772,0.02176,0.02598,0.05976,0.03841,0.01918,0.02099,0.01909
0.03332,0.09449,0.06988,0.15203,0.03918,0.08609,0.04433,0.04708,0.02534,0.02461,0.05240,0.03059,0.03185,0.03962,0.02936,0.01399,0.03027,0.06037,0.02842,0.06677
0.11430,0.05189,0.02940,0.12192,0.08526,0.05807,0.05130,0.02620,0.07072,0.02373,0.04606,0.01493,0.02163,0.01804,0.03064,0.07270,0.06940,0.02897,0.02861,0.03627
0.08674,0.12482,0.05061,0.04239,0.06180,0.02437,0.03036,0.02972,0.05456,0.17941,0.05117,0.03780,0.06526,0.01701,0.02029,0.03415,0.03726,0.01357,0.01255,0.02614
0.02687,0.07733,0.18968,0.04556,0.02446,0.04903,0.02895,0.08420,0.03964,0.02249,0.04415,0.04540,0.01791,0.14549,0.04347,0.02399,0.02089,0.01889,0.02692,0.02468
0.31035,0.03433,0.02541,0.01150,0.29467,0.03038,0.02287,0.02562,0.04172,0.02200,0.01381,0.01471,0.01384,0.01571,0.01947,0.03859,0.01647,0.01814,0.01274,0.01770
0.17777,0.01831,0.01769,0.02488,0.17408,0.04553,0.04103,0.02304,0.03862,0.03331,0.07703,0.03968,0.02851,0.01480,0.02278,0.05341,0.05917,0.03272,0.02254,0.05510
0.17721,0.05710,0.03952,0.04169,0.18366,0.02729,0.02155,0.03812,0.05026,0.03151,0.12793,0.02435,0.01975,0.01918,0.02558,0.04461,0.02028,0.01310,0.01451,0.02280
0.20488,0.02080,0.01675,0.01200,0.16122,0.02334,0.08945,0.02947,0.07510,0.02842,0.02597,0.04568,0.09176,0.02451,0.01214,0.06043,0.01851,0.01685,0.01125,0.03147
0.04802,0.03767,0.03126,0.03896,0.04714,0.06057,0.03857,0.16216,0.05350,0.02430,0.02274,0.14665,0.02269,0.02808,0.05157,0.03169,0.04226,0.02598,0.05465,0.03155
0.02663,0.11446,0.05945,0.01897,0.01939,0.02382,0.03145,0.02948,0.21339,0.02365,0.06519,0.06166,0.01423,0.01314,0.05840,0.14136,0.02860,0.01663,0.01562,0.02448
0.04123,0.12779,0.06843,0.05437,0.04325,0.06743,0.06053,0.03938,0.03578,0.02975,0.18385,0.03391,0.01921,0.02506,0.02749,0.01920,0.01875,0.03648,0.01871,0.04941
0.08305,0.02523,0.01571,0.01341,0.05714,0.02811,0.04507,0.02893,0.21499,0.06342,0.01706,0.12281,0.07088,0.02406,0.01876,0.11174,0.01535,0.01661,0.01159,0.01610
0.26887,0.08104,0.01548,0.01027,0.25401,0.03541,0.05998,0.03423,0.02007,0.03865,0.01509,0.01507,0.02721,0.01971,0.01621,0.01881,0.01439,0.01447,0.01506,0.02598
0.16911,0.04938,0.04298,0.08010,0.13316,0.02137,0.03044,0.02416,0.03992,0.06655,0.08799,0.03439,0.03908,0.02204,0.02530,0.03829,0.03112,0.01874,0.01552,0.03038
0.03117,0.03569,0.01359,0.03113,0.02773,0.01415,0.02832,0.01939,0.01298,0.01866,0.63990,0.01606,0.01744,0.01314,0.01498,0.01116,0.01354,0.01150,0.00758,0.02189
0.15094,0.04574,0.02034,0.02925,0.10996,0.03008,0.07085,0.02437,0.03402,0.07203,0.04684,0.02602,0.08782,0.03807,0.02085,0.05531,0.04205,0.02473,0.01717,0.05358
0.17056,0.07190,0.04587,0.02795,0.12558,0.06628,0.04498,0.03882,0.05026,0.02752,0.02381,0.04097,0.03594,0.02123,0.02429,0.03225,0.04063,0.04388,0.02420,0.04309
0.03935,0.19780,0.11674,0.02670,0.03945,0.03396,0.05727,0.03914,0.10182,0.01910,0.01899,0.04707,0.02007,0.03413,0.02065,0.06186,0.07279,0.01681,0.01431,0.02200
0.04382,0.02688,0.02111,0.02180,0.03392,0.02512,0.02895,0.05758,0.26006,0.03495,0.03435,0.04562,0.01575,0.02185,0.03605,0.21253,0.01709,0.01330,0.01871,0.03057
0.02619,0.06732,0.06394,0.03965,0.02144,0.04986,0.04839,0.04724,0.01807,0.02604,0.34812,0.03366,0.02770,0.04323,0.02557,0.01824,0.01942,0.02702,0.01889,0.03003
0.07248,0.09454,0.02630,0.05342,0.06219,0.03627,0.07348,0.03794,0.03504,0.03343,0.25628,0.02314,0.02416,0.02252,0.02566,0.02967,0.02662,0.02018,0.02164,0.02504
0.07389,0.03235,0.01647,0.03584,0.07339,0.04424,0.02376,0.10111,0.01793,0.03724,0.01914,0.11625,0.01901,0.01148,0.03133,0.08691,0.12283,0.01525,0.04882,0.07278
0.01774,0.36904,0.01840,0.02394,0.01362,0.02299,0.36700,0.01251,0.01909,0.02119,0.01848,0.01099,0.00951,0.01051,0.00931,0.01206,0.01301,0.00923,0.00805,0.01332
0.18500,0.05617,0.06637,0.01694,0.15575,0.03078,0.03685,0.02276,0.05949,0.01996,0.07031,0.02451,0.02452,0.06828,0.02117,0.04651,0.02022,0.02676,0.01798,0.02966
0.02148,0.04981,0.02917,0.34587,0.02275,0.02694,0.07444,0.04829,0.04703,0.02321,0.01378,0.01815,0.08301,0.02095,0.02726,0.03220,0.03884,0.02003,0.03203,0.02477
0.14360,0.06573,0.02985,0.06478,0.11087,0.05002,0.03356,0.05523,0.01991,0.10200,0.01773,0.02738,0.06078,0.02641,0.02934,0.03097,0.03478,0.02266,0.02609,0.04831
0.04694,0.03327,0.02127,0.18314,0.04069,0.03510,0.10730,0.03995,0.03266,0.07446,0.03238,0.02982,0.10647,0.02070,0.02505,0.03482,0.02677,0.03256,0.01784,0.05882
0.07799,0.04501,0.04487,0.02190,0.09659,0.04989,0.01368,0.05656,0.03635,0.02850,0.27280,0.01861,0.01618,0.03479,0.05008,0.03069,0.01975,0.02326,0.02975,0.03276
0.03433,0.06371,0.04568,0.05019,0.03193,0.06536,0.04523,0.17325,0.03642,0.04351,0.02341,0.03874,0.02804,0.06539,0.10683,0.02161,0.01953,0.02017,0.05589,0.03077
0.09924,0.04754,0.03423,0.01695,0.08235,0.06106,0.03962,0.09150,0.05179,0.07304,0.02491,0.05919,0.05576,0.03760,0.04264,0.04024,0.03067,0.04143,0.03633,0.03393
0.03251,0.04826,0.05144,0.06843,0.04485,0.07900,0.05114,0.03495,0.01244,0.02264,0.09949,0.02116,0.04771,0.03680,0.02268,0.01989,0.03564,0.14843,0.05601,0.06650
0.04328,0.05822,0.01724,0.02018,0.03374,0.02351,0.16581,0.02283,0.06097,0.06696,0.11227,0.06468,0.16314,0.01590,0.01545,0.02500,0.02362,0.02248,0.01335,0.03138
0.04836,0.03518,0.02543,0.37201,0.04054,0.04884,0.02921,0.02254,0.01151,0.03916,0.05671,0.01493,0.03046,0.02317,0.01739,0.01855,0.02878,0.04252,0.01953,0.07518
0.21527,0.02633,0.03432,0.01034,0.20210,0.04227,0.02434,0.02229,0.01803,0.01864,0.09607,0.01656,0.01102,0.03768,0.01891,0.05213,0.03915,0.03411,0.02225,0.05819
0.06922,0.05813,0.09690,0.02835,0.05324,0.03818,0.10131,0.06358,0.04269,0.04506,0.03792,0.03144,0.08399,0.09299,0.03361,0.03596,0.02644,0.02054,0.01722,0.02323
0.03702,0.04381,0.03711,0.05398,0.03692,0.05221,0.06143,0.09185,0.04619,0.03025,0.19523,0.04664,0.05270,0.02055,0.05141,0.02637,0.02574,0.03289,0.03058,0.02715
0.23074,0.03878,0.03711,0.02251,0.21840,0.02966,0.01979,0.05269,0.04297,0.03602,0.04116,0.03045,0.02771,0.03352,0.02682,0.03507,0.02856,0.01254,0.01734,0.01816
0.05870,0.14576,0.02486,0.01847,0.03608,0.02498,0.14472,0.03486,0.09726,0.05812,0.13188,0.02461,0.03018,0.01306,0.02845,0.07219,0.01802,0.00866,0.00922,0.01990
0.11696,0.05581,0.09096,0.01963,0.10149,0.03921,0.02548,0.04096,0.08492,0.03003,0.06877,0.03313,0.01772,0.08967,0.02091,0.07901,0.02249,0.02341,0.01224,0.02720
0.03296,0.17401,0.02094,0.02879,0.03502,0.06656,0.19392,0.05831,0.01884,0.03711,0.02588,0.03971,0.06841,0.03586,0.02221,0.02239,0.03237,0.02681,0.01610,0.04379
0.05241,0.04086,0.02128,0.02299,0.04546,0.02647,0.03041,0.02832,0.25657,0.03513,0.02225,0.09986,0.02446,0.02914,0.02074,0.16124,0.02384,0.02051,0.01472,0.02333
0.13761,0.02350,0.02212,0.01468,0.13276,0.01911,0.01937,0.01585,0.23628,0.02328,0.02935,0.02216,0.01350,0.01023,0.01778,0.20695,0.01753,0.00940,0.01318,0.01536
0.03607,0.06547,0.03581,0.50010,0.03142,0.02951,0.01501,0.05529,0.02672,0.01631,0.02692,0.02604,0.00898,0.01738,0.02506,0.01406,0.01751,0.01374,0.01494,0.02368
0.07619,0.03966,0.12032,0.04356,0.05984,0.04445,0.03661,0.02501,0.03470,0.05396,0.03701,0.02038,0.03053,0.15771,0.02335,0.03435,0.02905,0.04646,0.02403,0.06283
0.08565,0.11366,0.08168,0.02745,0.09740,0.09474,0.02577,0.03044,0.02418,0.02347,0.06007,0.02812,0.00849,0.03066,0.02914,0.03517,0.06434,0.06248,0.02783,0.04927
0.05277,0.11287,0.04564,0.05886,0.05108,0.02608,0.03684,0.01873,0.02427,0.16350,0.11486,0.02876,0.05966,0.01260,0.01349,0.04946,0.04520,0.01883,0.01758,0.04892
0.02967,0.06585,0.05832,0.02507,0.03473,0.03858,0.15909,0.05205,0.02915,0.01961,0.08584,0.04124,0.14373,0.01832,0.02398,0.02935,0.05252,0.02887,0.02923,0.03479
0.03049,0.05084,0.08049,0.17573,0.03471,0.07157,0.05672,0.03778,0.03711,0.02099,0.05137,0.03342,0.02848,0.03716,0.03856,0.02955,0.05739,0.04387,0.04027,0.04350
0.02366,0.09769,0.08741,0.06739,0.02911,0.07099,0.03911,0.07117,0.02318,0.01838,0.18414,0.02464,0.02486,0.04317,0.05309,0.02115,0.02866,0.02364,0.03986,0.02869
0.22647,0.02792,0.04267,0.02774,0.18191,0.03071,0.02719,0.03516,0.04812,0.04259,0.03356,0.03574,0.03861,0.02550,0.02404,0.03980,0.04234,0.01609,0.02802,0.02581
0.06867,0.05280,0.04878,0.03482,0.06893,0.04873,0.04122,0.06496,0.02891,0.04653,0.15146,0.02638,0.06113,0.06388,0.04487,0.02138,0.02384,0.03653,0.02878,0.03740
0.07886,0.03169,0.02459,0.03056,0.06234,0.02108,0.02124,0.02916,0.20644,0.03766,0.05417,0.20209,0.02024,0.01743,0.02171,0.03841,0.02726,0.01919,0.01851,0.03735
0.17768,0.03567,0.03098,0.15600,0.15010,0.03955,0.02069,0.03514,0.04091,0.02652,0.03398,0.03654,0.01818,0.01714,0.03805,0.03179,0.04018,0.02134,0.02136,0.02821
0.08198,0.03279,0.01592,0.01783,0.04977,0.05048,0.11572,0.04748,0.05422,0.06499,0.04327,0.03149,0.11499,0.02823,0.02879,0.06109,0.03393,0.03684,0.03403,0.05617
0.03109,0.10921,0.02535,0.03179,0.02406,0.06586,0.06331,0.03426,0.03020,0.16331,0.01806,0.01012,0.03175,0.02644,0.05554,0.03440,0.02934,0.05226,0.04469,0.11896
0.08142,0.03830,0.02118,0.04247,0.05255,0.03768,0.03235,0.05075,0.20360,0.02571,0.02189,0.16753,0.02739,0.01617,0.04174,0.04764,0.03127,0.01993,0.01549,0.02495
0.10139,0.03799,0.03853,0.01417,0.07178,0.06662,0.03018,0.03545,0.01650,0.02347,0.25288,0.01336,0.02522,0.02337,0.03131,0.01874,0.02274,0.11425,0.03723,0.02480
0.06476,0.10085,0.02968,0.02902,0.07141,0.04065,0.06333,0.03871,0.02744,0.09781,0.16685,0.03646,0.05533,0.01698,0.01922,0.03404,0.02340,0.02028,0.01893,0.04485
0.13417,0.03384,0.03481,0.03094,0.09865,0.01999,0.01932,0.03132,0.06844,0.17245,0.08223,0.03980,0.06288,0.01740,0.02284,0.04600,0.01890,0.01273,0.01241,0.04088
0.13604,0.06145,0.06425,0.08185,0.10241,0.06578,0.03145,0.06690,0.03088,0.02877,0.01762,0.02301,0.02948,0.05461,0.04649,0.02491,0.02760,0.02878,0.03596,0.04174
0.05715,0.09274,0.05839,0.01937,0.06471,0.06971,0.03887,0.07239,0.06736,0.04121,0.06082,0.05112,0.02058,0.03259,0.04468,0.05202,0.02544,0.04356,0.02702,0.06026
0.16190,0.07162,0.04623,0.04211,0.09488,0.03468,0.04217,0.04387,0.04927,0.04450,0.02157,0.03612,0.04260,0.01613,0.02157,0.05833,0.06932,0.02078,0.02702,0.05534
0.03514,0.05037,0.04068,0.02637,0.03430,0.06696,0.01464,0.19941,0.03740,0.01917,0.03084,0.23092,0.01075,0.02319,0.03765,0.01913,0.02809,0.01533,0.05828,0.02139
0.04109,0.03875,0.03087,0.02171,0.03514,0.05874,0.04362,0.11433,0.06081,0.03424,0.06518,0.07763,0.06826,0.04207,0.05053,0.05078,0.02981,0.04453,0.02664,0.06526
0.10793,0.03853,0.01641,0.06570,0.09904,0.03457,0.08414,0.05117,0.05001,0.04078,0.06805,0.03066,0.04788,0.02853,0.05617,0.03941,0.03373,0.03519,0.02087,0.05123
0.02087,0.02774,0.26316,0.03027,0.02062,0.02480,0.01676,0.02208,0.01691,0.02064,0.18061,0.01296,0.01048,0.23548,0.03311,0.01410,0.01102,0.01149,0.01245,0.01445
0.18001,0.03521,0.02439,0.01693,0.17132,0.05087,0.02973,0.03330,0.01879,0.09126,0.07040,0.01458,0.06120,0.02634,0.02472,0.02355,0.02219,0.04293,0.02365,0.03863
0.03287,0.09498,0.05306,0.02181,0.03739,0.05112,0.04195,0.07726,0.04964,0.02347,0.21879,0.09236,0.02993,0.01764,0.01552,0.02097,0.03031,0.03095,0.02478,0.03522
0.04988,0.05830,0.03622,0.01640,0.03412,0.05093,0.05208,0.04197,0.16328,0.04550,0.02786,0.17657,0.03812,0.02473,0.01663,0.02217,0.02848,0.03943,0.02542,0.05190
0.06597,0.04304,0.02803,0.03128,0.05310,0.06134,0.02994,0.05466,0.09667,0.05061,0.05617,0.10982,0.04339,0.04346,0.03248,0.03639,0.02096,0.03441,0.03659,0.07169
0.03049,0.12506,0.03334,0.06149,0.03553,0.08864,0.08333,0.07854,0.02313,0.04996,0.02031,0.01529,0.03304,0.04599,0.06979,0.02229,0.01983,0.04788,0.04293,0.07313
0.01757,0.03437,0.02887,0.02664,0.02500,0.09141,0.01548,0.28543,0.02080,0.01809,0.02800,0.21625,0.01192,0.02932,0.02254,0.02019,0.02078,0.01189,0.03538,0.04007
0.02278,0.04935,0.02795,0.01289,0.02164,0.02270,0.03186,0.02938,0.29848,0.01908,0.01649,0.29687,0.02406,0.01429,0.01726,0.02275,0.01338,0.01944,0.01444,0.02489
0.10723,0.03660,0.02879,0.04450,0.12560,0.02775,0.02688,0.03265,0.02659,0.06067,0.16955,0.02659,0.03751,0.03215,0.01904,0.07274,0.03841,0.02350,0.01643,0.04683
0.22155,0.02831,0.01956,0.02678,0.21954,0.02512,0.02308,0.01828,0.03697,0.01917,0.18786,0.03731,0.02275,0.00727,0.01442,0.02361,0.02050,0.01400,0.01052,0.02338
0.14629,0.04645,0.03125,0.05145,0.12456,0.04677,0.02761,0.07216,0.03303,0.03096,0.10836,0.02873,0.03876,0.02462,0.04139,0.02581,0.02196,0.03468,0.02188,0.04330
0.05788,0.04277,0.03399,0.02626,0.05525,0.04809,0.04813,0.04263,0.12381,0.02518,0.14517,0.12258,0.04718,0.03390,0.02743,0.01995,0.01518,0.03511,0.02393,0.02559
0.02977,0.17370,0.03169,0.11475,0.02773,0.07559,0.17246,0.05538,0.02659,0.02309,0.02327,0.02417,0.03097,0.01577,0.03208,0.01514,0.01834,0.03782,0.01941,0.05229
0.05339,0.04346,0.03572,0.02076,0.05247,0.02913,0.02282,0.04788,0.08758,0.07095,0.24550,0.09013,0.05160,0.03829,0.01957,0.02261,0.01519,0.01753,0.01564,0.01978
0.09557,0.03795,0.02420,0.06860,0.11016,0.06033,0.02326,0.06206,0.09768,0.02027,0.06261,0.05042,0.01993,0.01873,0.06857,0.04423,0.03028,0.03692,0.03195,0.03626
0.04039,0.24117,0.14342,0.02882,0.04783,0.03695,0.02456,0.05350,0.04074,0.03045,0.03073,0.04166,0.02121,0.01937,0.01556,0.03466,0.10180,0.01098,0.01494,0.02127
0.04270,0.05201,0.07909,0.06333,0.05452,0.04027,0.03293,0.03688,0.10092,0.05044,0.03874,0.07961,0.05046,0.04967,0.02793,0.05091,0.04269,0.03941,0.02669,0.04079
0.19082,0.05353,0.02824,0.04095,0.18405,0.04563,0.03855,0.04642,0.03712,0.02466,0.04011,0.02989,0.01706,0.03134,0.02628,0.03812,0.03332,0.02519,0.02251,0.04621
0.03963,0.04777,0.02430,0.09675,0.03492,0.06036,0.17001,0.03796,0.02261,0.02258,0.09252,0.01445,0.15350,0.01749,0.02481,0.02268,0.02705,0.02269,0.01871,0.04920
0.15469,0.03623,0.02814,0.02769,0.12338,0.05339,0.07249,0.03889,0.03898,0.03835,0.07287,0.02381,0.06495,0.03604,0.02215,0.04017,0.03056,0.02976,0.02043,0.04704
0.02967,0.06211,0.02215,0.03266,0.03619,0.03947,0.07676,0.02849,0.02201,0.04696,0.03667,0.02171,0.04811,0.02830,0.03164,0.02246,0.06106,0.14386,0.06492,0.14479
0.05155,0.03269,0.02187,0.04255,0.05257,0.04139,0.02670,0.07580,0.03690,0.03317,0.06475,0.10262,0.03115,0.01908,0.02326,0.08187,0.11878,0.02215,0.04075,0.08042
0.05495,0.05106,0.02445,0.04066,0.05863,0.03072,0.03898,0.09527,0.12857,0.02787,0.03978,0.09484,0.03158,0.04382,0.04124,0.06674,0.04593,0.01239,0.03373,0.03879
0.25720,0.04527,0.02955,0.02736,0.19277,0.04583,0.02017,0.03436,0.03702,0.03106,0.05999,0.03302,0.01670,0.02394,0.02615,0.02500,0.01876,0.02366,0.02302,0.02917
0.03930,0.06222,0.04705,0.02285,0.02552,0.03338,0.05529,0.05235,0.17334,0.02598,0.06222,0.18261,0.04433,0.02379,0.01803,0.03090,0.02982,0.02143,0.01870,0.03088
0.05378,0.06143,0.02776,0.01360,0.04849,0.01903,0.01670,0.02246,0.03152,0.11342,0.36007,0.03023,0.03670,0.01227,0.01286,0.05531,0.02697,0.01085,0.00954,0.03701
0.06882,0.17178,0.08357,0.03839,0.05266,0.05646,0.02947,0.03481,0.07876,0.03456,0.02289,0.05788,0.02280,0.01117,0.02014,0.04483,0.08137,0.02855,0.02801,0.03309
0.11980,0.05963,0.02215,0.05178,0.11222,0.02692,0.05967,0.03235,0.10403,0.02621,0.02603,0.09561,0.06125,0.02295,0.01396,0.05893,0.03130,0.02204,0.01734,0.03585
0.08276,0.11975,0.05898,0.21743,0.06993,0.05398,0.02008,0.05028,0.01708,0.03370,0.02327,0.02222,0.02783,0.03535,0.01309,0.02516,0.05020,0.01757,0.01774,0.04361
0.04367,0.04936,0.03915,0.02311,0.03227,0.02899,0.03307,0.06486,0.18371,0.03064,0.08301,0.18348,0.02124,0.02491,0.04083,0.03302,0.02421,0.01694,0.01595,0.02758
0.04848,0.12806,0.05575,0.01556,0.04136,0.03802,0.03905,0.03173,0.19722,0.02833,0.01277,0.02016,0.02037,0.03062,0.02212,0.17572,0.03038,0.01810,0.01870,0.02751
0.10761,0.03304,0.03294,0.14199,0.09649,0.03452,0.04350,0.02390,0.03407,0.01843,0.04619,0.04084,0.02446,0.01664,0.03066,0.05042,0.09985,0.03131,0.04220,0.05093
0.15385,0.05764,0.02195,0.04880,0.14116,0.01430,0.02961,0.02020,0.15556,0.04364,0.02594,0.14601,0.03163,0.01147,0.01026,0.03108,0.01745,0.01275,0.00971,0.01700
0.10377,0.04303,0.03422,0.02882,0.09734,0.03674,0.02872,0.08444,0.07256,0.05554,0.06150,0.04122,0.03749,0.05380,0.04066,0.05551,0.03084,0.02495,0.03371,0.03515
0.03926,0.08784,0.05526,0.03393,0.04069,0.04774,0.05124,0.03108,0.06416,0.02464,0.23688,0.04452,0.02485,0.02978,0.02785,0.03544,0.03184,0.03334,0.01968,0.03998
0.04659,0.05896,0.04184,0.02472,0.04602,0.03000,0.04163,0.01923,0.18431,0.05399,0.05464,0.17142,0.05019,0.02695,0.02109,0.04676,0.02313,0.01834,0.01817,0.02202
0.12688,0.03156,0.02321,0.02180,0.14514,0.03933,0.06564,0.02959,0.03066,0.01986,0.02255,0.03992,0.08052,0.02125,0.01492,0.08617,0.06856,0.02942,0.03202,0.07100
0.03447,0.02711,0.02074,0.04717,0.04564,0.01912,0.02117,0.02128,0.02826,0.06579,0.48038,0.03534,0.03478,0.01242,0.01590,0.02125,0.02416,0.00929,0.01194,0.02380
0.04069,0.10379,0.01601,0.01674,0.03409,0.02361,0.04785,0.04412,0.01767,0.34864,0.01011,0.02233,0.14290,0.03746,0.01556,0.01917,0.01391,0.01108,0.00785,0.02641
0.03379,0.03911,0.02430,0.09669,0.06310,0.08879,0.05009,0.06519,0.02991,0.02858,0.03833,0.04062,0.03701,0.02207,0.03332,0.03890,0.06561,0.07808,0.03377,0.09275
0.10972,0.05174,0.05934,0.04638,0.09248,0.06286,0.04306,0.06705,0.03191,0.04667,0.04932,0.03052,0.04821,0.02762,0.06055,0.02402,0.02568,0.04947,0.05035,0.02306
0.20254,0.03900,0.01891,0.02416,0.18710,0.03305,0.05793,0.03188,0.03800,0.02827,0.08724,0.03121,0.02884,0.02074,0.02719,0.04554,0.03173,0.02063,0.01493,0.03114
0.15618,0.04453,0.02655,0.03180,0.11129,0.03256,0.02655,0.05161,0.05114,0.02707,0.16780,0.05811,0.02282,0.03161,0.03401,0.02775,0.02462,0.02757,0.02323,0.02321
0.08365,0.13946,0.06044,0.16454,0.05166,0.09124,0.02618,0.03173,0.02387,0.02806,0.02124,0.02649,0.02222,0.01890,0.02098,0.02404,0.06046,0.03200,0.02412,0.04873
0.12483,0.10218,0.07293,0.04179,0.10394,0.03944,0.03040,0.04759,0.07816,0.02616,0.02673,0.06701,0.03237,0.02419,0.01982,0.04700,0.05295,0.01750,0.01605,0.02894
0.04707,0.04857,0.04172,0.09231,0.05361,0.06901,0.05085,0.03925,0.01767,0.01707,0.18673,0.02312,0.05360,0.01632,0.02433,0.02742,0.03681,0.05922,0.04606,0.04925
0.05602,0.07562,0.04790,0.12181,0.06897,0.03760,0.04384,0.04396,0.06841,0.05042,0.05828,0.04010,0.02567,0.03460,0.03350,0.04116,0.03463,0.02020,0.02809,0.06923
0.34510,0.02950,0.01768,0.01154,0.29389,0.02001,0.01605,0.02530,0.04042,0.03430,0.01383,0.01409,0.01350,0.02204,0.01023,0.04727,0.01092,0.00865,0.00636,0.01932
0.03048,0.03829,0.03097,0.01679,0.03280,0.08931,0.02268,0.17797,0.01633,0.03308,0.08576,0.10807,0.03314,0.02628,0.08133,0.02119,0.01838,0.04365,0.06629,0.02720
0.17168,0.02063,0.01691,0.01554,0.13893,0.02696,0.04884,0.03570,0.03953,0.05578,0.03954,0.04179,0.03741,0.01339,0.02096,0.08192,0.08807,0.02605,0.02891,0.05147
0.10633,0.06953,0.03721,0.31984,0.08600,0.02873,0.03404,0.02748,0.03538,0.03573,0.03946,0.02181,0.02808,0.01590,0.01205,0.01875,0.03578,0.01369,0.01764,0.01658
0.12399,0.03243,0.02718,0.01845,0.10938,0.02714,0.03776,0.03454,0.05368,0.16979,0.01260,0.01658,0.15568,0.04092,0.01947,0.04793,0.01858,0.01830,0.01099,0.02459
0.02291,0.09170,0.02095,0.02120,0.02279,0.05170,0.07306,0.04810,0.04019,0.11745,0.10692,0.02574,0.03560,0.02213,0.04775,0.03660,0.01778,0.03843,0.03081,0.12819
0.04362,0.03482,0.04486,0.04792,0.03673,0.05357,0.13868,0.03171,0.03539,0.03223,0.02742,0.04286,0.15608,0.03245,0.01848,0.02591,0.03649,0.06289,0.03936,0.05855
0.05870,0.06367,0.05467,0.23351,0.06230,0.02949,0.03153,0.01989,0.07236,0.03177,0.08391,0.05672,0.02842,0.01954,0.01866,0.02285,0.04702,0.02469,0.01977,0.02052
0.04020,0.05488,0.02429,0.06348,0.03154,0.02526,0.05149,0.07621,0.17991,0.04323,0.02114,0.03702,0.02631,0.01370,0.06694,0.12441,0.04345,0.01746,0.02139,0.03768
0.11966,0.03951,0.03093,0.04628,0.12744,0.04470,0.03569,0.03039,0.03636,0.02291,0.12252,0.03319,0.03831,0.03608,0.02775,0.04723,0.03075,0.03015,0.02798,0.07218
0.03960,0.19829,0.13753,0.01271,0.03868,0.02669,0.01795,0.02638,0.12626,0.02213,0.01196,0.02681,0.02574,0.04433,0.02122,0.10315,0.07769,0.00938,0.01525,0.01826
0.07822,0.06083,0.03449,0.01980,0.07611,0.04721,0.04438,0.04675,0.18255,0.02618,0.02462,0.05159,0.02896,0.02454,0.02450,0.12417,0.03988,0.02111,0.01512,0.02900
0.08057,0.02963,0.02352,0.03684,0.05667,0.02908,0.02305,0.04237,0.12279,0.04745,0.18775,0.13211,0.05582,0.02133,0.01857,0.01913,0.01406,0.01587,0.01726,0.02614
0.07281,0.09977,0.12502,0.13538,0.05789,0.05334,0.02731,0.04133,0.01828,0.05951,0.01697,0.02470,0.03814,0.05508,0.02975,0.02330,0.04432,0.02623,0.02388,0.02699
0.08725,0.04347,0.03646,0.02622,0.09361,0.02287,0.02438,0.03393,0.13308,0.02918,0.17189,0.10760,0.01923,0.03255,0.02053,0.04557,0.02012,0.01454,0.01242,0.02511
0.13095,0.03352,0.01881,0.02078,0.12188,0.03967,0.04261,0.02352,0.02594,0.08220,0.16088,0.02342,0.04591,0.02806,0.01521,0.03635,0.02530,0.03379,0.02606,0.06517
0.16112,0.05800,0.03046,0.01981,0.15028,0.05778,0.04054,0.05035,0.03895,0.06818,0.01272,0.01676,0.06053,0.05672,0.03669,0.03215,0.01763,0.02515,0.02684,0.03933
0.05803,0.12119,0.10547,0.01480,0.04916,0.04391,0.03567,0.07057,0.10040,0.03228,0.04214,0.05696,0.02645,0.03014,0.02764,0.05314,0.06130,0.01745,0.02673,0.02659
0.07097,0.03379,0.02084,0.04423,0.08541,0.05445,0.03119,0.03210,0.01795,0.03004,0.24765,0.02297,0.01991,0.02116,0.01844,0.03598,0.04237,0.04979,0.03043,0.09034
0.06825,0.07892,0.03749,0.02174,0.05000,0.04403,0.08216,0.08526,0.07090,0.03712,0.02622,0.07935,0.07608,0.05395,0.04445,0.03435,0.02193,0.03456,0.02419,0.02903
0.15493,0.03428,0.04988,0.02173,0.11448,0.03220,0.01773,0.05872,0.08535,0.05102,0.03040,0.05206,0.05169,0.05959,0.03567,0.06608,0.01970,0.01498,0.02590,0.02361
0.05184,0.05971,0.02218,0.01767,0.02924,0.06507,0.05524,0.03545,0.03037,0.14334,0.02843,0.03229,0.08194,0.02388,0.03170,0.04497,0.03530,0.08194,0.03944,0.09001
0.03929,0.11451,0.06868,0.10618,0.04409,0.05561,0.03099,0.05522,0.06088,0.02326,0.11949,0.04693,0.01907,0.03363,0.03575,0.03460,0.03094,0.01556,0.02448,0.04084
0.05706,0.04965,0.03269,0.02366,0.04583,0.04385,0.04142,0.06494,0.04253,0.11760,0.07137,0.05176,0.06649,0.03460,0.04504,0.03897,0.02692,0.03434,0.03062,0.08066
0.10392,0.07558,0.03073,0.01928,0.08538,0.04961,0.03370,0.07054,0.08116,0.06212,0.03542,0.02625,0.05385,0.04318,0.05406,0.07088,0.01859,0.02710,0.03019,0.02845
0.03993,0.07103,0.03147,0.03473,0.04041,0.09167,0.04409,0.06422,0.03348,0.05776,0.09331,0.03365,0.02713,0.01977,0.03201,0.04436,0.02435,0.07071,0.03483,0.11112
0.03066,0.05139,0.03724,0.04601,0.03333,0.05245,0.04653,0.12758,0.03677,0.07254,0.03166,0.09653,0.02611,0.03799,0.05755,0.04063,0.03850,0.01968,0.05923,0.05761
0.29423,0.04555,0.03160,0.02304,0.26818,0.02998,0.01594,0.03315,0.03626,0.02333,0.01987,0.01909,0.01180,0.02805,0.01684,0.03349,0.01712,0.01449,0.01323,0.02476
0.25686,0.03898,0.02722,0.01499,0.24760,0.03964,0.03411,0.02565,0.02712,0.04616,0.02133,0.03070,0.04350,0.01411,0.01404,0.03229,0.01576,0.02997,0.01906,0.02090
0.03404,0.13095,0.09832,0.03604,0.03747,0.08081,0.03554,0.07664,0.06840,0.02195,0.04793,0.06328,0.02350,0.01883,0.03505,0.02776,0.04448,0.04061,0.02008,0.05833
0.14639,0.05600,0.03250,0.04225,0.12219,0.05079,0.02627,0.04517,0.05065,0.03767,0.02998,0.05626,0.02621,0.03176,0.01926,0.05271,0.06340,0.02895,0.02687,0.05472
0.04647,0.03114,0.05017,0.02787,0.04510,0.02978,0.04521,0.03791,0.14860,0.04248,0.08601,0.08507,0.03183,0.06519,0.01784,0.09097,0.02556,0.02767,0.02088,0.04424
0.20284,0.03947,0.02493,0.01966,0.17001,0.03569,0.05273,0.04319,0.04459,0.04804,0.02894,0.02682,0.06952,0.01705,0.02880,0.03599,0.02451,0.03271,0.02506,0.02946
0.08911,0.04283,0.02536,0.03087,0.10006,0.07092,0.08200,0.05538,0.06853,0.03473,0.02871,0.04496,0.06084,0.03319,0.02404,0.04414,0.03375,0.04356,0.03631,0.05072
0.15461,0.03246,0.02465,0.01655,0.13807,0.02052,0.01074,0.02077,0.22720,0.01422,0.02961,0.02232,0.01209,0.01792,0.01406,0.19944,0.01437,0.01207,0.00733,0.01102
0.14784,0.03224,0.10178,0.03292,0.11754,0.03995,0.02108,0.06185,0.04586,0.02804,0.02714,0.05274,0.03146,0.10370,0.02222,0.03493,0.03398,0.02089,0.02277,0.02107
0.04794,0.03865,0.03117,0.04193,0.02715,0.03595,0.16529,0.09692,0.02730,0.04208,0.02645,0.02782,0.17892,0.05408,0.05754,0.02071,0.01464,0.01932,0.02447,0.02168
0.03765,0.03428,0.02076,0.03556,0.04712,0.03863,0.04642,0.13669,0.09914,0.05147,0.04079,0.14247,0.03123,0.04879,0.04050,0.03515,0.02188,0.02051,0.02950,0.04144
0.07280,0.03629,0.01535,0.03382,0.07431,0.02275,0.03431,0.02927,0.23275,0.04495,0.02379,0.21750,0.02477,0.00886,0.01794,0.03178,0.02422,0.01431,0.01185,0.02837
0.09439,0.06234,0.02685,0.02030,0.09158,0.05145,0.04345,0.01777,0.02488,0.04200,0.04785,0.01679,0.01817,0.04208,0.01802,0.03205,0.04531,0.13335,0.05051,0.12088
0.01826,0.12195,0.10094,0.03299,0.01963,0.10494,0.03585,0.14212,0.05060,0.01188,0.04658,0.07122,0.01546,0.01964,0.04613,0.01264,0.02568,0.03166,0.05132,0.04053
0.07917,0.08662,0.07081,0.04765,0.05785,0.03563,0.03330,0.03387,0.04340,0.11990,0.05931,0.03401,0.06760,0.01966,0.02699,0.03532,0.06063,0.03061,0.02859,0.02907
0.09888,0.06142,0.03497,0.03183,0.07351,0.04332,0.02563,0.05155,0.10812,0.02903,0.10471,0.03655,0.02261,0.01759,0.04484,0.07847,0.03416,0.02536,0.03316,0.04428
0.03539,0.12239,0.06949,0.01702,0.04182,0.09190,0.03650,0.12142,0.04658,0.01499,0.04224,0.10692,0.01940,0.02201,0.01852,0.02142,0.04060,0.04156,0.04299,0.04686
0.03547,0.03666,0.18523,0.02694,0.02283,0.03840,0.02369,0.03494,0.02456,0.02310,0.18376,0.01701,0.01545,0.17608,0.02350,0.02290,0.01212,0.04394,0.02024,0.03318
0.09608,0.13390,0.09278,0.02999,0.10502,0.05701,0.03260,0.04355,0.05102,0.02948,0.05629,0.03544,0.01725,0.02050,0.02434,0.03276,0.04401,0.03805,0.03165,0.02828
