0.00404,0.00859,0.01348,0.02299,0.02572,0.00412,0.07870,0.01922,0.02276,0.80038
0.01153,0.03169,0.03174,0.01675,0.09847,0.00352,0.09902,0.00164,0.00477,0.70088
0.00794,0.00592,0.00750,0.82203,0.00994,0.00540,0.02173,0.00360,0.00951,0.10643
0.00528,0.02962,0.01972,0.01682,0.00574,0.04084,0.06565,0.00490,0.00672,0.80471
0.04367,0.01810,0.10832,0.08944,0.02775,0.42631,0.08491,0.00339,0.03604,0.16207
0.00861,0.02043,0.01534,0.08220,0.01548,0.00368,0.07924,0.00176,0.36735,0.40590
0.00697,0.00807,0.03225,0.01744,0.01031,0.00587,0.40885,0.00712,0.00420,0.49892
0.00302,0.01552,0.01158,0.22540,0.01598,0.00266,0.03487,0.00307,0.00730,0.68061
0.00261,0.00395,0.00568,0.01302,0.00512,0.00282,0.02619,0.00154,0.00389,0.93519
0.00232,0.54949,0.00146,0.00152,0.00770,0.00255,0.17387,0.00140,0.00125,0.25843
0.01828,0.08553,0.01446,0.01313,0.03002,0.00414,0.02339,0.01024,0.04818,0.75262
0.00615,0.01710,0.01485,0.00779,0.01036,0.00417,0.57583,0.00928,0.02762,0.32684
0.01505,0.03143,0.03610,0.02419,0.01926,0.00392,0.05969,0.00437,0.47351,0.33248
0.00321,0.00512,0.00463,0.00446,0.00389,0.00251,0.02382,0.00203,0.90329,0.04704
0.00083,0.00227,0.00329,0.00289,0.00170,0.00308,0.02480,0.00101,0.00142,0.95871
0.00527,0.13225,0.47429,0.00503,0.04573,0.01050,0.01964,0.00965,0.24151,0.05614
0.05718,0.01253,0.05661,0.02021,0.02245,0.02518,0.37618,0.01229,0.01919,0.39817
0.00840,0.43629,0.01927,0.01849,0.01353,0.00386,0.02860,0.00897,0.39621,0.06638
0.00394,0.00785,0.01074,0.03024,0.00608,0.01711,0.64915,0.00174,0.00275,0.27041
0.00306,0.01672,0.01664,0.01722,0.05536,0.00812,0.81883,0.00861,0.01485,0.04059
0.03445,0.03958,0.31790,0.02143,0.01844,0.05140,0.19051,0.00924,0.05486,0.26218
0.00277,0.00608,0.00856,0.00595,0.02421,0.00336,0.58496,0.00245,0.00388,0.35779
0.01065,0.03502,0.63258,0.01559,0.01232,0.00668,0.04194,0.00578,0.00822,0.23121
0.00614,0.01222,0.01033,0.01506,0.00845,0.00998,0.02275,0.00355,0.60489,0.30662
0.00559,0.03130,0.01912,0.28911,0.04869,0.39563,0.03961,0.00200,0.00624,0.16270
0.01138,0.00853,0.01325,0.01286,0.00841,0.06058,0.81765,0.00229,0.01004,0.05501
0.00165,0.01012,0.00172,0.00159,0.90524,0.00158,0.02862,0.00064,0.00239,0.04645
0.00471,0.00649,0.01677,0.02449,0.00828,0.10211,0.12256,0.00290,0.00614,0.70554
0.07664,0.02863,0.03452,0.03192,0.03944,0.25231,0.09345,0.00792,0.03503,0.40014
0.02125,0.02172,0.05433,0.02016,0.06316,0.00726,0.05945,0.00681,0.02811,0.71776
0.01687,0.12186,0.00977,0.02016,0.01850,0.00477,0.02330,0.00478,0.04637,0.73361
0.03785,0.00245,0.73406,0.00940,0.00102,0.00506,0.01201,0.04449,0.09196,0.06170
0.00622,0.00941,0.00769,0.01329,0.00907,0.00516,0.03138,0.00478,0.00896,0.90405
0.00231,0.04187,0.03047,0.00406,0.75793,0.01416,0.13018,0.00172,0.00559,0.01170
0.00285,0.01006,0.01046,0.01158,0.00459,0.20313,0.06241,0.00415,0.01323,0.67754
0.00308,0.03003,0.12833,0.21532,0.20747,0.01850,0.17139,0.00287,0.00376,0.21923
0.00576,0.02163,0.11410,0.10249,0.01892,0.00485,0.63466,0.01962,0.03266,0.04531
0.01134,0.00804,0.01161,0.27931,0.21485,0.00351,0.11557,0.00322,0.00475,0.34780
0.00260,0.00756,0.01129,0.01328,0.00722,0.00445,0.07867,0.00144,0.00179,0.87170
0.00466,0.01210,0.01107,0.01467,0.00629,0.02476,0.05578,0.00392,0.00683,0.85992
0.08688,0.01435,0.74146,0.00390,0.00326,0.09466,0.02588,0.00171,0.00723,0.02068
0.00564,0.03557,0.04720,0.11793,0.06859,0.01116,0.57741,0.00263,0.02218,0.11168
0.01717,0.01857,0.01666,0.03837,0.01193,0.00296,0.02280,0.00847,0.01622,0.84686
0.00504,0.01169,0.01341,0.02355,0.01766,0.09820,0.09965,0.00415,0.25767,0.46898
0.00238,0.00395,0.00367,0.00491,0.00354,0.00319,0.02475,0.00297,0.00343,0.94721
0.01636,0.01132,0.01304,0.02168,0.01094,0.00827,0.05323,0.00587,0.01522,0.84407
0.01786,0.37260,0.04875,0.02476,0.01719,0.02826,0.05330,0.03468,0.02329,0.37931
0.00448,0.00530,0.00746,0.01636,0.00795,0.00345,0.90460,0.00098,0.00288,0.04653
0.00816,0.08421,0.01830,0.02697,0.01783,0.00900,0.49218,0.00432,0.00995,0.32908
0.02989,0.53615,0.00348,0.04880,0.01556,0.00337,0.11216,0.00418,0.03144,0.21497
0.00464,0.09158,0.00699,0.00594,0.00659,0.00191,0.09637,0.00278,0.00199,0.78122
0.00152,0.00410,0.00492,0.00544,0.03100,0.00097,0.06389,0.00275,0.00177,0.88365
0.00364,0.00910,0.00623,0.00974,0.00590,0.00547,0.07500,0.00253,0.00443,0.87795
0.00382,0.01084,0.01533,0.01314,0.01835,0.01218,0.30450,0.00248,0.00558,0.61378
0.00591,0.01859,0.03140,0.07121,0.03951,0.00368,0.40905,0.00360,0.01274,0.40431
0.25739,0.00308,0.01327,0.20468,0.01119,0.00380,0.27237,0.00220,0.00552,0.22650
0.02510,0.01586,0.01592,0.13870,0.04308,0.21013,0.41677,0.01543,0.04716,0.07184
0.00257,0.00925,0.01101,0.01178,0.00615,0.00316,0.04590,0.00499,0.00470,0.90048
0.03197,0.06924,0.17856,0.03493,0.06868,0.00269,0.15915,0.03074,0.02266,0.40138
0.01627,0.02291,0.04418,0.01853,0.01370,0.00647,0.56860,0.00246,0.01865,0.28824
0.00302,0.00978,0.01781,0.00782,0.01302,0.00314,0.05811,0.00258,0.00363,0.88110
0.00203,0.01066,0.25684,0.01003,0.01353,0.00744,0.59493,0.00717,0.00349,0.09387
0.00884,0.01513,0.02812,0.02165,0.02187,0.01811,0.56242,0.01134,0.02321,0.28932
0.01710,0.00973,0.04209,0.24998,0.01066,0.00599,0.03853,0.00469,0.02019,0.60103
0.00269,0.00534,0.00402,0.00299,0.64413,0.00404,0.16210,0.00094,0.00389,0.16986
0.01687,0.01183,0.05739,0.00577,0.04670,0.03471,0.16075,0.55201,0.02397,0.09000
0.00608,0.03059,0.01922,0.02681,0.02555,0.00426,0.20416,0.00316,0.01465,0.66552
0.00411,0.01294,0.00463,0.01143,0.00489,0.00327,0.02125,0.00239,0.00212,0.93296
0.00263,0.00157,0.42993,0.03329,0.00363,0.00233,0.25132,0.03170,0.00400,0.23959
0.00414,0.00938,0.00805,0.01998,0.85670,0.00133,0.06260,0.00259,0.00285,0.03237
0.00115,0.00259,0.24145,0.05940,0.00206,0.00169,0.01191,0.00318,0.00569,0.67089
0.01851,0.03874,0.02231,0.05197,0.02834,0.02008,0.46395,0.00670,0.03642,0.31298
0.00599,0.01005,0.01439,0.02736,0.01217,0.01210,0.79632,0.00195,0.08146,0.03820
0.04178,0.05625,0.03434,0.02460,0.01806,0.00956,0.05181,0.00384,0.32437,0.43537
0.00284,0.00736,0.09324,0.01000,0.00524,0.00854,0.36822,0.00194,0.00416,0.49845
0.01820,0.01916,0.01099,0.03427,0.01174,0.02302,0.01360,0.00570,0.52657,0.33677
0.00792,0.02329,0.08256,0.02221,0.01042,0.01393,0.67188,0.00406,0.08396,0.07977
0.01214,0.02845,0.02546,0.04134,0.03304,0.02027,0.31440,0.00541,0.06878,0.45070
0.00822,0.01268,0.03009,0.01223,0.00790,0.00622,0.02493,0.00840,0.01741,0.87192
0.00314,0.00363,0.01184,0.01007,0.00831,0.00412,0.81019,0.00126,0.00254,0.14489
0.00655,0.01796,0.04428,0.02482,0.03138,0.00790,0.40394,0.00555,0.00487,0.45276
0.00239,0.55041,0.03464,0.05404,0.05007,0.00187,0.20955,0.01158,0.01203,0.07341
0.00940,0.01268,0.01433,0.03684,0.01410,0.03583,0.16662,0.00549,0.01149,0.69320
0.00914,0.05294,0.06613,0.20241,0.00716,0.00356,0.06221,0.01146,0.00983,0.57514
0.00896,0.02117,0.01739,0.04126,0.01240,0.00351,0.04007,0.00404,0.57661,0.27457
0.00777,0.02223,0.02466,0.05006,0.01645,0.01094,0.69651,0.00706,0.02739,0.13695
0.00446,0.05287,0.02624,0.01800,0.02314,0.00747,0.60277,0.00299,0.00664,0.25541
0.00202,0.00495,0.00495,0.00693,0.00352,0.00383,0.84629,0.00359,0.00195,0.12197
0.03060,0.03669,0.04350,0.02154,0.06015,0.00978,0.29436,0.00312,0.08368,0.41659
0.01380,0.01822,0.01126,0.01177,0.02417,0.00709,0.33813,0.00830,0.00997,0.55729
0.00701,0.57036,0.01971,0.01314,0.01126,0.00311,0.24323,0.00380,0.01907,0.10929
0.00601,0.00870,0.03583,0.01853,0.00864,0.04796,0.09439,0.00627,0.01135,0.76233
0.00281,0.00412,0.00685,0.01026,0.00476,0.00267,0.93469,0.00154,0.00435,0.02796
0.01452,0.03722,0.01812,0.01838,0.00827,0.00675,0.08805,0.00410,0.00468,0.79990
0.00277,0.00489,0.01281,0.54151,0.01395,0.00464,0.04399,0.00322,0.29673,0.07549
0.01507,0.30179,0.05336,0.01044,0.09248,0.00681,0.04064,0.00387,0.02941,0.44612
0.00160,0.02061,0.01923,0.00837,0.76096,0.00445,0.10811,0.00089,0.00388,0.07189
0.00446,0.00763,0.00308,0.01026,0.42063,0.00270,0.01234,0.00182,0.00737,0.52971
0.01708,0.02733,0.02582,0.03248,0.01731,0.16864,0.48798,0.00267,0.02075,0.19996
0.01338,0.02781,0.02437,0.01815,0.22913,0.00294,0.29946,0.00275,0.01443,0.36758
