0.02099,0.01953,0.01065,0.01081,0.02155,0.01159,0.02023,0.03461,0.01080,0.00889,0.17583,0.01505,0.02433,0.05811,0.35843,0.00639,0.00974,0.04021,0.01279,0.12947
0.01955,0.04859,0.02636,0.01201,0.39652,0.01082,0.01723,0.01615,0.01780,0.01130,0.06894,0.01772,0.03136,0.21724,0.02326,0.01262,0.00708,0.01134,0.01235,0.02177
0.00862,0.01130,0.02090,0.01247,0.00972,0.01987,0.01842,0.01660,0.01674,0.02258,0.00743,0.03421,0.16794,0.00977,0.00849,0.01151,0.46382,0.10853,0.01602,0.01507
0.03268,0.03907,0.17195,0.01942,0.02656,0.03519,0.00752,0.01796,0.37276,0.00836,0.00760,0.00799,0.02929,0.00576,0.00507,0.00644,0.00512,0.00264,0.14638,0.05225
0.01621,0.01325,0.01483,0.02074,0.01164,0.00847,0.04148,0.00559,0.01208,0.11697,0.02154,0.04127,0.02316,0.01798,0.00765,0.58742,0.01716,0.00832,0.00865,0.00558
0.01204,0.01322,0.11678,0.00753,0.00922,0.01528,0.02484,0.10677,0.05427,0.01224,0.04773,0.03434,0.00695,0.01494,0.03965,0.02427,0.01124,0.00684,0.01206,0.42979
0.04499,0.02110,0.01154,0.02444,0.10831,0.01129,0.01261,0.04635,0.00881,0.00819,0.03919,0.01265,0.01552,0.53828,0.00835,0.00795,0.01186,0.01157,0.01004,0.04694
0.02339,0.07918,0.03993,0.06177,0.33907,0.11619,0.02142,0.00908,0.00873,0.02788,0.05186,0.10418,0.01922,0.00985,0.02056,0.01560,0.00867,0.01565,0.01103,0.01675
0.00702,0.00765,0.22766,0.00393,0.00927,0.01336,0.05943,0.02722,0.15039,0.02222,0.00928,0.02576,0.09057,0.00897,0.00971,0.07349,0.00425,0.00520,0.15159,0.09302
0.00438,0.26718,0.04689,0.10458,0.02166,0.07513,0.01274,0.00786,0.03243,0.00595,0.00722,0.06744,0.07783,0.01373,0.00523,0.01479,0.20751,0.00590,0.00922,0.01234
0.00884,0.01892,0.02357,0.00870,0.02230,0.02711,0.05526,0.00391,0.01043,0.07097,0.05030,0.15040,0.02279,0.00857,0.00587,0.45884,0.02671,0.01591,0.00650,0.00410
0.07366,0.05726,0.02416,0.02774,0.01864,0.00764,0.00652,0.03016,0.19661,0.01162,0.01733,0.00812,0.01344,0.02672,0.02195,0.00426,0.01162,0.00859,0.40070,0.03324
0.01333,0.44103,0.03214,0.11994,0.01432,0.05861,0.01074,0.02939,0.02322,0.01047,0.02747,0.01762,0.02456,0.01277,0.01174,0.00842,0.03258,0.00707,0.05179,0.05280
0.00709,0.00588,0.06253,0.00495,0.00690,0.01054,0.02341,0.16448,0.08412,0.01010,0.00841,0.02174,0.00594,0.01675,0.00708,0.01058,0.00995,0.00469,0.03505,0.49983
0.04164,0.00810,0.05179,0.01754,0.00715,0.02183,0.09451,0.00759,0.08228,0.02710,0.00878,0.03283,0.01530,0.00647,0.00991,0.03128,0.15659,0.35470,0.00905,0.01556
0.00812,0.38511,0.14759,0.02805,0.06477,0.08251,0.00747,0.01132,0.02258,0.01860,0.03201,0.05268,0.01451,0.01816,0.01583,0.00610,0.01904,0.02008,0.02691,0.01855
0.00720,0.08645,0.03737,0.26565,0.05088,0.01981,0.00522,0.02352,0.20853,0.11858,0.00990,0.01473,0.00988,0.06134,0.01055,0.00350,0.01885,0.01978,0.01147,0.01678
0.02147,0.00965,0.01207,0.02008,0.01105,0.03173,0.06187,0.01951,0.00852,0.02390,0.01845,0.06125,0.01706,0.01238,0.01282,0.05599,0.48149,0.09771,0.00797,0.01503
0.00708,0.01460,0.00754,0.00539,0.00934,0.04068,0.02356,0.00826,0.03292,0.03613,0.02640,0.01561,0.03162,0.01083,0.02266,0.01405,0.55791,0.12271,0.00326,0.00946
0.01310,0.00952,0.06839,0.01078,0.27612,0.37519,0.01861,0.00988,0.01719,0.00890,0.01339,0.03259,0.01911,0.00771,0.01909,0.00933,0.01770,0.01693,0.03328,0.02319
0.04183,0.04352,0.00976,0.01797,0.00845,0.02670,0.02804,0.03991,0.01083,0.06299,0.09888,0.01545,0.01596,0.02297,0.08100,0.01911,0.00859,0.39421,0.00856,0.04526
0.08816,0.03414,0.00803,0.02849,0.00522,0.00619,0.00946,0.01291,0.00851,0.01753,0.07899,0.01313,0.01198,0.00901,0.55520,0.00675,0.00758,0.07860,0.00655,0.01358
0.00858,0.09580,0.15423,0.00891,0.01263,0.02077,0.01284,0.00786,0.39444,0.03052,0.02040,0.01706,0.01272,0.01443,0.01405,0.00681,0.01307,0.02093,0.12228,0.01167
0.00662,0.00597,0.03753,0.00535,0.00419,0.00401,0.01028,0.22626,0.01594,0.00538,0.01287,0.01745,0.00542,0.00817,0.00906,0.00581,0.00657,0.00431,0.10112,0.50769
0.01130,0.06108,0.02251,0.01037,0.01058,0.00539,0.01305,0.14175,0.11684,0.01552,0.01065,0.04454,0.02991,0.04606,0.02911,0.01589,0.00795,0.00506,0.00611,0.39634
0.00879,0.27680,0.14442,0.09137,0.00566,0.01483,0.00696,0.16267,0.01527,0.02436,0.03684,0.05200,0.01947,0.00812,0.00788,0.00443,0.03344,0.01019,0.01330,0.06320
0.01425,0.02900,0.02823,0.02097,0.00756,0.03755,0.21918,0.00733,0.01140,0.26033,0.07052,0.05126,0.01110,0.00883,0.01418,0.16514,0.00683,0.00708,0.01648,0.01279
0.00402,0.00640,0.07340,0.00398,0.00474,0.00359,0.00855,0.65146,0.01885,0.00986,0.00684,0.02130,0.00632,0.00993,0.02193,0.00602,0.01139,0.00718,0.01145,0.11278
0.62011,0.00531,0.02088,0.21274,0.00579,0.00716,0.01363,0.00769,0.01979,0.00539,0.00700,0.01588,0.00785,0.00371,0.00762,0.01892,0.00421,0.00307,0.00674,0.00653
0.00496,0.10437,0.01868,0.00755,0.00582,0.00875,0.01599,0.00853,0.22289,0.01543,0.01250,0.02355,0.01692,0.01857,0.01362,0.01272,0.26398,0.20297,0.00942,0.01278
0.01010,0.01693,0.01190,0.01048,0.22591,0.20444,0.02170,0.01879,0.00948,0.02358,0.01540,0.21833,0.04322,0.01188,0.01597,0.01841,0.01291,0.07189,0.01140,0.02730
0.66688,0.00575,0.02740,0.01145,0.00502,0.04104,0.09506,0.01001,0.02207,0.01405,0.00663,0.01963,0.01191,0.00457,0.00774,0.02080,0.00585,0.00638,0.00682,0.01095
0.01689,0.01828,0.04532,0.01863,0.18058,0.34214,0.02655,0.00866,0.02174,0.06750,0.01605,0.05992,0.02134,0.01194,0.02427,0.02137,0.02154,0.03195,0.03562,0.00972
0.02586,0.06325,0.25449,0.13821,0.00906,0.00752,0.00575,0.01914,0.05618,0.01004,0.01275,0.00802,0.00697,0.00695,0.04525,0.00489,0.05419,0.01343,0.24380,0.01424
0.00587,0.01672,0.00899,0.00754,0.00828,0.00848,0.18329,0.00704,0.00857,0.37294,0.01324,0.03440,0.07722,0.00907,0.02148,0.16345,0.01900,0.00869,0.00776,0.01799
0.02286,0.02130,0.01791,0.01376,0.00741,0.04000,0.01706,0.00977,0.01163,0.02275,0.02676,0.07850,0.01391,0.01368,0.00587,0.01184,0.40663,0.23361,0.00793,0.01683
0.01393,0.03197,0.04150,0.01397,0.00961,0.00714,0.03895,0.07474,0.04132,0.02955,0.02322,0.05908,0.03388,0.02625,0.03023,0.03869,0.00914,0.01241,0.01643,0.44798
0.01533,0.43234,0.01369,0.14092,0.01356,0.03794,0.05087,0.01082,0.00674,0.01095,0.00985,0.07439,0.06700,0.00879,0.00434,0.02239,0.01708,0.00901,0.00785,0.04614
0.00998,0.00879,0.00644,0.00508,0.03155,0.01809,0.00672,0.02115,0.00729,0.00817,0.05992,0.01084,0.20665,0.07721,0.33745,0.00386,0.00911,0.11899,0.01120,0.04151
0.01226,0.01759,0.02024,0.00662,0.03306,0.02215,0.04702,0.00776,0.00808,0.02869,0.07319,0.06085,0.01150,0.02740,0.01437,0.56447,0.01078,0.01318,0.00707,0.01373
0.61072,0.00622,0.01465,0.23233,0.01143,0.02541,0.00909,0.00934,0.00848,0.00646,0.00435,0.01504,0.00853,0.00635,0.00579,0.00784,0.00224,0.00264,0.00431,0.00880
0.01237,0.03724,0.01166,0.00923,0.01439,0.00842,0.00455,0.03923,0.00616,0.01892,0.06163,0.10195,0.03068,0.02559,0.53886,0.00441,0.00586,0.03292,0.00627,0.02966
0.01730,0.05164,0.00971,0.03248,0.01068,0.01915,0.10373,0.02108,0.02016,0.02708,0.01230,0.01466,0.09350,0.02186,0.01858,0.06886,0.40048,0.02646,0.00735,0.02294
0.70961,0.00776,0.03338,0.02737,0.00508,0.01692,0.03721,0.01707,0.01825,0.01102,0.00864,0.02083,0.00877,0.00425,0.02612,0.01574,0.00636,0.00716,0.00707,0.01138
0.12437,0.01276,0.00637,0.01990,0.00831,0.00730,0.00584,0.04218,0.00544,0.00866,0.02880,0.00615,0.01788,0.01422,0.48903,0.00363,0.00571,0.13962,0.01292,0.04090
0.00723,0.02619,0.31660,0.01723,0.01387,0.01208,0.01232,0.03705,0.17091,0.02006,0.00992,0.05262,0.03514,0.03578,0.00913,0.00959,0.01446,0.00612,0.17842,0.01528
0.00743,0.03544,0.01731,0.00935,0.01059,0.01198,0.01030,0.07948,0.01006,0.01340,0.05582,0.02979,0.02667,0.02160,0.46315,0.00638,0.00595,0.08951,0.04861,0.04717
0.01430,0.00559,0.09591,0.00854,0.00964,0.00904,0.01102,0.05302,0.05252,0.00948,0.01458,0.06769,0.01140,0.02560,0.06838,0.01064,0.02337,0.01247,0.03097,0.46584
0.03132,0.08888,0.01181,0.01854,0.08095,0.16167,0.02760,0.01441,0.01340,0.04680,0.05287,0.05937,0.04795,0.02432,0.01158,0.23444,0.02567,0.01322,0.00806,0.02716
0.00843,0.02135,0.00660,0.00577,0.03714,0.01130,0.00669,0.02043,0.00589,0.01436,0.15642,0.01427,0.01887,0.02198,0.30142,0.00461,0.00855,0.30305,0.00898,0.02390
0.00917,0.01904,0.02090,0.00437,0.33603,0.00965,0.00800,0.01050,0.02215,0.00632,0.01643,0.01404,0.01278,0.43197,0.01630,0.00396,0.01539,0.01079,0.01415,0.01805
0.00710,0.00598,0.03157,0.00497,0.00360,0.00358,0.01195,0.08677,0.02080,0.04072,0.01868,0.04183,0.00535,0.01452,0.03584,0.00625,0.02256,0.09251,0.01837,0.52705
0.01218,0.38537,0.01436,0.11513,0.00605,0.02066,0.01616,0.04568,0.01125,0.01643,0.00940,0.02499,0.02562,0.00660,0.01083,0.01488,0.11476,0.01924,0.01498,0.11544
0.00447,0.01212,0.19209,0.00631,0.00539,0.00717,0.01600,0.08974,0.06262,0.00825,0.00865,0.01394,0.00747,0.00711,0.01549,0.00726,0.00476,0.00687,0.01125,0.51305
0.00553,0.01257,0.48019,0.00982,0.00576,0.01247,0.01194,0.00767,0.14267,0.01464,0.01026,0.04203,0.01274,0.01059,0.01064,0.01007,0.05761,0.00644,0.12525,0.01110
0.01143,0.01121,0.03007,0.00577,0.01763,0.00800,0.01232,0.03783,0.04418,0.00983,0.01199,0.01852,0.00674,0.19910,0.01600,0.00755,0.00571,0.00402,0.01573,0.52638
0.23032,0.03217,0.02436,0.01078,0.30436,0.01024,0.02749,0.01498,0.03230,0.01369,0.02109,0.01894,0.01078,0.14990,0.01934,0.00868,0.00882,0.01129,0.01684,0.03363
0.01671,0.00998,0.01432,0.00799,0.20916,0.46293,0.05607,0.00523,0.01044,0.04752,0.00595,0.07296,0.02288,0.00772,0.00552,0.02025,0.00648,0.00428,0.00372,0.00987
0.01568,0.04764,0.00934,0.00916,0.00628,0.00797,0.01241,0.01703,0.01238,0.13388,0.20631,0.00992,0.00952,0.00880,0.37214,0.01893,0.01235,0.07044,0.00500,0.01482
0.43956,0.00599,0.12551,0.01649,0.00566,0.01355,0.01713,0.00962,0.03116,0.02670,0.03687,0.15295,0.00912,0.00602,0.03895,0.02540,0.00837,0.00983,0.01494,0.00618
0.02079,0.01661,0.02124,0.01568,0.05324,0.01552,0.19857,0.02257,0.03078,0.04916,0.00745,0.01789,0.18563,0.02380,0.01266,0.18752,0.07296,0.02189,0.01179,0.01425
0.01850,0.01347,0.09767,0.01018,0.02435,0.01008,0.00820,0.47285,0.05423,0.00693,0.01530,0.02563,0.02639,0.02876,0.02310,0.00483,0.01408,0.00556,0.02498,0.11490
0.00733,0.01383,0.37571,0.00522,0.01640,0.01814,0.00659,0.02739,0.11662,0.01134,0.01197,0.01808,0.02541,0.00709,0.02205,0.00558,0.00875,0.00750,0.27666,0.01833
0.04730,0.01013,0.03394,0.01892,0.01019,0.01106,0.01490,0.12756,0.05743,0.02626,0.00857,0.01887,0.00955,0.01438,0.04967,0.00765,0.01209,0.01989,0.02943,0.47220
0.00527,0.39530,0.01063,0.25785,0.04194,0.04201,0.01802,0.01666,0.01739,0.02615,0.00700,0.01195,0.01580,0.02155,0.02043,0.01353,0.03852,0.02035,0.01201,0.00765
0.01701,0.01919,0.01412,0.01183,0.01407,0.08581,0.01440,0.05043,0.03462,0.06669,0.01337,0.02375,0.05692,0.01494,0.01943,0.01262,0.43588,0.05552,0.00855,0.03085
0.03971,0.01036,0.02129,0.01604,0.01225,0.02445,0.02025,0.37406,0.02185,0.01200,0.05567,0.02952,0.01146,0.01896,0.01600,0.01278,0.05548,0.01612,0.02350,0.20825
0.00720,0.00705,0.00622,0.00354,0.04911,0.04155,0.01164,0.00790,0.00779,0.05169,0.00757,0.06044,0.01634,0.01987,0.00914,0.01203,0.46284,0.20098,0.00455,0.01255
0.00717,0.01971,0.01159,0.00550,0.01013,0.01033,0.01055,0.07739,0.01273,0.01153,0.44270,0.01379,0.03123,0.02615,0.22304,0.00779,0.01036,0.02487,0.01293,0.03051
0.01834,0.04696,0.02386,0.00951,0.23268,0.01494,0.00905,0.02131,0.01018,0.01641,0.02842,0.19463,0.03285,0.15214,0.06630,0.00749,0.01385,0.05619,0.00835,0.03655
0.01724,0.03160,0.16874,0.01588,0.01437,0.02541,0.02314,0.01451,0.04121,0.00880,0.01944,0.05530,0.09877,0.01928,0.02925,0.01104,0.31392,0.06094,0.01738,0.01378
0.00846,0.01339,0.11514,0.00605,0.00371,0.02224,0.01919,0.25564,0.03432,0.01154,0.02316,0.01706,0.00623,0.00596,0.00484,0.00912,0.00642,0.00403,0.03360,0.39992
0.07989,0.01160,0.04525,0.01737,0.01255,0.12870,0.03144,0.01897,0.02216,0.03308,0.05708,0.06107,0.04993,0.01231,0.01208,0.02897,0.11033,0.20687,0.02236,0.03797
0.02296,0.00782,0.02138,0.01078,0.01240,0.00727,0.01251,0.07645,0.01873,0.00964,0.01736,0.07910,0.03745,0.00985,0.11843,0.00806,0.00968,0.00925,0.00735,0.50353
0.03162,0.02367,0.01001,0.01036,0.00731,0.01071,0.00966,0.07325,0.00537,0.07172,0.06526,0.01803,0.01158,0.00932,0.22476,0.00446,0.00456,0.37297,0.00953,0.02585
0.00939,0.41622,0.04251,0.15129,0.05737,0.04409,0.01009,0.01992,0.02007,0.04129,0.00743,0.04560,0.03877,0.02739,0.01022,0.00968,0.01504,0.00804,0.01387,0.01173
0.01972,0.06957,0.04010,0.01697,0.01675,0.01043,0.00911,0.01555,0.01567,0.04003,0.14867,0.07602,0.01720,0.05718,0.16769,0.00593,0.01389,0.20239,0.02196,0.03517
0.53518,0.01790,0.00566,0.17056,0.02521,0.01336,0.04792,0.00974,0.01200,0.01327,0.01764,0.01056,0.01143,0.01599,0.01529,0.05048,0.00511,0.00718,0.00539,0.01012
0.00859,0.01351,0.03790,0.00714,0.01871,0.01112,0.00912,0.23709,0.02788,0.01288,0.01409,0.01452,0.01786,0.03145,0.02956,0.00598,0.00618,0.00979,0.02469,0.46194
0.44774,0.02055,0.01381,0.03259,0.00456,0.02133,0.08638,0.01179,0.07904,0.06525,0.02127,0.02069,0.00643,0.00554,0.04506,0.07243,0.01214,0.01500,0.01145,0.00696
0.04002,0.02003,0.00604,0.05102,0.05628,0.03823,0.01374,0.00491,0.00748,0.02876,0.00778,0.02125,0.11037,0.02158,0.00488,0.50338,0.04924,0.00579,0.00368,0.00552
0.03602,0.05656,0.01443,0.04135,0.03426,0.00914,0.01846,0.04556,0.01194,0.02813,0.11810,0.04112,0.02353,0.03792,0.24797,0.01292,0.01468,0.15754,0.00892,0.04146
0.02878,0.14481,0.03678,0.01732,0.01303,0.01838,0.02752,0.00906,0.01829,0.02093,0.10553,0.06881,0.02833,0.01142,0.24452,0.01344,0.00731,0.15241,0.01536,0.01797
0.01199,0.01404,0.01971,0.00690,0.27675,0.00522,0.01102,0.01352,0.01795,0.00453,0.01780,0.00629,0.00968,0.51798,0.00702,0.00559,0.01038,0.00437,0.02254,0.01669
0.01680,0.00933,0.00812,0.01059,0.00205,0.00741,0.04247,0.12525,0.01586,0.01427,0.00878,0.00629,0.00625,0.00271,0.00453,0.03386,0.00464,0.00346,0.01096,0.66636
0.01193,0.18338,0.02657,0.15126,0.04976,0.02588,0.02483,0.17136,0.01670,0.01009,0.00925,0.01538,0.11202,0.00928,0.00757,0.01643,0.00963,0.00485,0.00986,0.13397
0.01138,0.39160,0.01793,0.14252,0.01365,0.03209,0.03890,0.03097,0.01263,0.01360,0.00669,0.02309,0.03840,0.00901,0.01173,0.03040,0.10457,0.01015,0.01681,0.04386
0.00508,0.17475,0.01047,0.26439,0.17692,0.01522,0.01804,0.06860,0.02478,0.01528,0.00719,0.01403,0.08630,0.01824,0.01475,0.01226,0.03531,0.00857,0.01334,0.01647
0.01592,0.04770,0.02693,0.01285,0.39284,0.00954,0.01313,0.09388,0.01883,0.01219,0.01666,0.03283,0.03405,0.10093,0.04030,0.00585,0.01151,0.02522,0.02656,0.06230
0.02573,0.02987,0.00752,0.02058,0.01083,0.00818,0.01761,0.05790,0.01244,0.01400,0.03657,0.01006,0.04137,0.02102,0.48801,0.01134,0.05960,0.04674,0.01110,0.06952
0.01435,0.57256,0.02527,0.07885,0.01050,0.02880,0.00853,0.02314,0.01091,0.01335,0.00980,0.01621,0.02998,0.00757,0.01051,0.00593,0.02397,0.00822,0.07552,0.02603
0.01248,0.01371,0.04901,0.00867,0.03074,0.01615,0.00973,0.06969,0.08302,0.01186,0.01025,0.03770,0.02198,0.02101,0.04015,0.00756,0.06599,0.01248,0.00847,0.46935
0.02808,0.01548,0.00865,0.06815,0.01517,0.00769,0.20688,0.00543,0.00705,0.00690,0.11206,0.03149,0.02248,0.01145,0.01316,0.40014,0.01127,0.01284,0.00693,0.00869
0.01187,0.04673,0.02835,0.00540,0.14093,0.01266,0.01895,0.04150,0.02820,0.00744,0.13085,0.12727,0.04930,0.19682,0.04451,0.00956,0.00880,0.01353,0.01775,0.05960
0.02220,0.03209,0.00430,0.01248,0.01691,0.01280,0.08555,0.00862,0.00510,0.00794,0.14811,0.00721,0.07222,0.01023,0.00533,0.48976,0.03293,0.00893,0.00839,0.00889
0.01330,0.01099,0.04105,0.01108,0.20003,0.37158,0.02891,0.01090,0.01659,0.01360,0.00876,0.11769,0.03054,0.01415,0.01263,0.02494,0.01931,0.01086,0.02620,0.01691
0.00672,0.02348,0.00790,0.00564,0.01253,0.01408,0.01089,0.01273,0.00658,0.02974,0.15566,0.20104,0.01661,0.03559,0.25358,0.00822,0.01325,0.16762,0.00662,0.01153
0.01078,0.00729,0.11326,0.00527,0.00750,0.00743,0.00811,0.03601,0.02260,0.00596,0.00748,0.01795,0.00922,0.00564,0.08600,0.00507,0.01210,0.01186,0.01159,0.60889
0.01495,0.02998,0.00716,0.01012,0.01383,0.01396,0.01410,0.06438,0.00675,0.02259,0.06037,0.01496,0.03786,0.01269,0.51416,0.00719,0.00507,0.04712,0.00832,0.09442
0.01060,0.01527,0.01264,0.01189,0.12220,0.00614,0.00353,0.00909,0.01017,0.00583,0.01431,0.02272,0.00648,0.63637,0.07193,0.00337,0.00987,0.01110,0.00591,0.01057
