0.07775,0.01707,0.04144,0.01579,0.04193,0.01012,0.01152,0.01203,0.01231,0.06983,0.02326,0.09278,0.17317,0.01040,0.01546,0.33619,0.01167,0.00967,0.00930,0.00830
0.07276,0.01333,0.13831,0.01191,0.15915,0.00626,0.00902,0.00794,0.00710,0.05604,0.01466,0.12322,0.05986,0.00969,0.00914,0.26748,0.00868,0.00951,0.00752,0.00841
0.25606,0.04294,0.03583,0.01227,0.19955,0.01199,0.01388,0.01805,0.01249,0.02242,0.01832,0.08820,0.12030,0.03487,0.01869,0.05539,0.00769,0.01163,0.00718,0.01226
0.11735,0.03715,0.13228,0.01717,0.08607,0.01075,0.01112,0.00865,0.01186,0.06301,0.02089,0.16017,0.14622,0.03251,0.01325,0.09814,0.00992,0.00762,0.00540,0.01047
0.08733,0.01264,0.03340,0.00967,0.03384,0.00768,0.00802,0.00853,0.00749,0.13969,0.11261,0.16456,0.06715,0.02051,0.01124,0.23629,0.00968,0.00608,0.00739,0.01617
0.03979,0.02247,0.04295,0.01423,0.05469,0.01091,0.01249,0.01233,0.01244,0.10073,0.10960,0.17262,0.14556,0.01614,0.01164,0.16573,0.00987,0.01569,0.01050,0.01961
0.11185,0.02047,0.08645,0.00924,0.12005,0.00945,0.00955,0.00852,0.01193,0.06526,0.01709,0.16912,0.19799,0.02117,0.01169,0.09666,0.00745,0.00977,0.00660,0.00970
0.14801,0.04575,0.09165,0.01647,0.10533,0.01475,0.01536,0.01938,0.01103,0.05579,0.01974,0.14428,0.13663,0.02535,0.01960,0.09567,0.00815,0.00757,0.00570,0.01376
0.05276,0.02064,0.07819,0.00928,0.08056,0.00669,0.00784,0.00768,0.00683,0.09897,0.03548,0.15593,0.14367,0.01253,0.01138,0.24549,0.00525,0.00577,0.00457,0.01050
0.06041,0.01730,0.24423,0.01162,0.09937,0.00769,0.00785,0.00719,0.00621,0.07199,0.01514,0.06373,0.10315,0.00640,0.00926,0.24611,0.00497,0.00534,0.00574,0.00631
0.05428,0.00777,0.15561,0.00865,0.33330,0.00469,0.00846,0.00578,0.00618,0.12542,0.02790,0.07227,0.06637,0.00938,0.00745,0.08268,0.00528,0.00565,0.00611,0.00677
0.03276,0.00950,0.05707,0.00726,0.04498,0.00531,0.00608,0.00594,0.00642,0.03280,0.01291,0.19656,0.15377,0.01023,0.00695,0.39123,0.00418,0.00589,0.00424,0.00592
0.05967,0.04913,0.13755,0.01566,0.03444,0.01874,0.03002,0.01255,0.01962,0.06321,0.01387,0.14219,0.19407,0.07322,0.01598,0.07459,0.00860,0.01324,0.00775,0.01592
0.07590,0.02309,0.10768,0.02172,0.11315,0.01252,0.01167,0.01136,0.01205,0.05851,0.04468,0.10470,0.07261,0.01055,0.01345,0.27253,0.00911,0.00780,0.00667,0.01025
0.05412,0.01343,0.15270,0.00884,0.06551,0.00712,0.00825,0.00809,0.00979,0.11109,0.02569,0.07720,0.26917,0.01086,0.01916,0.12440,0.00936,0.00761,0.00970,0.00791
0.05201,0.01207,0.06981,0.00630,0.06380,0.00675,0.00723,0.00614,0.00812,0.08002,0.07506,0.05639,0.14881,0.00680,0.01021,0.36313,0.00796,0.00479,0.00622,0.00836
0.07944,0.03872,0.13532,0.01773,0.11705,0.02869,0.02393,0.02614,0.04092,0.07197,0.01140,0.05760,0.18567,0.01300,0.01665,0.07633,0.01665,0.01555,0.01577,0.01144
0.04663,0.01828,0.06635,0.01328,0.04567,0.01077,0.01229,0.01234,0.01453,0.03331,0.01430,0.12071,0.23185,0.01490,0.02407,0.25532,0.01242,0.02582,0.01386,0.01329
0.07072,0.00878,0.10992,0.00578,0.10572,0.00538,0.00605,0.00483,0.00544,0.07120,0.05383,0.13760,0.13564,0.01169,0.00777,0.23711,0.00476,0.00560,0.00523,0.00694
0.10387,0.04174,0.09466,0.01762,0.15961,0.01833,0.01353,0.01530,0.02188,0.05733,0.01995,0.05811,0.20245,0.01630,0.02035,0.08377,0.01836,0.01371,0.01228,0.01084
0.11740,0.01353,0.08117,0.02174,0.09281,0.01070,0.01595,0.01091,0.01403,0.12792,0.01898,0.09792,0.15414,0.02943,0.01685,0.11239,0.01473,0.00827,0.02611,0.01501
0.25429,0.01673,0.17825,0.01316,0.09615,0.00923,0.01186,0.00945,0.01137,0.02806,0.09049,0.06076,0.06901,0.01390,0.01193,0.06761,0.01391,0.00893,0.01107,0.02383
0.04690,0.02323,0.13025,0.01359,0.29009,0.00702,0.01035,0.00802,0.00987,0.07214,0.03412,0.13297,0.05223,0.06036,0.00880,0.07206,0.00709,0.00688,0.00368,0.01035
0.04695,0.02676,0.13145,0.00891,0.11324,0.00706,0.00956,0.00943,0.01068,0.03877,0.03193,0.21591,0.08167,0.01671,0.01155,0.19915,0.01015,0.00768,0.00739,0.01505
0.08388,0.02620,0.09582,0.01827,0.07234,0.01225,0.01602,0.01360,0.01485,0.08650,0.01695,0.12116,0.23850,0.03140,0.01633,0.07352,0.01878,0.01519,0.01340,0.01504
0.07805,0.00860,0.08644,0.00701,0.26512,0.00701,0.00972,0.00529,0.00538,0.05259,0.01524,0.10435,0.03120,0.00773,0.00705,0.28264,0.00542,0.00693,0.00538,0.00884
0.07477,0.02123,0.07236,0.01605,0.08142,0.01280,0.00953,0.01311,0.01508,0.06428,0.02075,0.15404,0.24375,0.03832,0.02311,0.09006,0.01429,0.01357,0.01055,0.01095
0.06621,0.01748,0.08308,0.01972,0.08210,0.00953,0.01163,0.01366,0.01215,0.26399,0.01432,0.03571,0.27745,0.02158,0.00999,0.02726,0.00897,0.00660,0.00653,0.01203
0.04026,0.01381,0.11085,0.01338,0.07689,0.00655,0.01647,0.00919,0.01151,0.10989,0.03190,0.10759,0.14254,0.01623,0.01580,0.22887,0.00840,0.01020,0.01023,0.01945
0.12261,0.01821,0.24982,0.01092,0.16570,0.00719,0.00899,0.00912,0.01059,0.02521,0.01246,0.07584,0.08254,0.00709,0.00662,0.16336,0.00612,0.00558,0.00470,0.00733
0.09223,0.01402,0.05504,0.00837,0.12908,0.00809,0.00881,0.00719,0.00951,0.19485,0.03028,0.11903,0.06641,0.00931,0.01078,0.19902,0.00965,0.00541,0.00740,0.01550
0.05963,0.02551,0.13805,0.01438,0.13712,0.00775,0.01076,0.01158,0.01216,0.06236,0.01560,0.07272,0.19072,0.01033,0.01092,0.19128,0.00716,0.00704,0.00776,0.00714
0.13838,0.01718,0.11545,0.00922,0.17382,0.00667,0.00723,0.00597,0.00908,0.02600,0.01350,0.20095,0.07881,0.08110,0.00981,0.08068,0.00718,0.00593,0.00622,0.00682
0.12972,0.02199,0.06341,0.02705,0.09349,0.01932,0.02760,0.01695,0.02168,0.06426,0.03234,0.06087,0.16952,0.02173,0.02008,0.13746,0.01710,0.01045,0.02476,0.02020
0.11616,0.01979,0.07610,0.00766,0.05439,0.00816,0.00984,0.01205,0.01192,0.06008,0.01956,0.11119,0.20880,0.00856,0.01072,0.23175,0.00594,0.00859,0.00635,0.01237
0.13857,0.01403,0.10295,0.01899,0.07496,0.01381,0.00836,0.01787,0.00995,0.07824,0.02014,0.07071,0.13666,0.01184,0.01493,0.22210,0.00720,0.01336,0.01082,0.01452
0.10236,0.01002,0.03761,0.00828,0.21445,0.00533,0.00662,0.00665,0.00548,0.02681,0.01923,0.11827,0.11760,0.01370,0.01080,0.27557,0.00477,0.00547,0.00444,0.00652
0.13557,0.01264,0.05459,0.00885,0.10015,0.00651,0.01063,0.00565,0.00869,0.05874,0.05733,0.08509,0.19028,0.01010,0.01009,0.21674,0.00486,0.00813,0.00575,0.00960
0.14955,0.03497,0.24089,0.01286,0.18958,0.01043,0.01278,0.01038,0.01274,0.11664,0.00889,0.04421,0.04797,0.01526,0.01312,0.04312,0.01072,0.00719,0.00736,0.01135
0.06652,0.01385,0.08038,0.00690,0.06585,0.00663,0.00711,0.00703,0.00825,0.07001,0.01839,0.18794,0.27716,0.00754,0.01145,0.13650,0.00520,0.00581,0.00748,0.01000
0.05505,0.01373,0.07530,0.00787,0.20885,0.00507,0.00542,0.00733,0.00681,0.05205,0.05016,0.13395,0.06032,0.00932,0.00932,0.27684,0.00515,0.00691,0.00460,0.00594
0.04630,0.01688,0.10959,0.01200,0.10515,0.00952,0.01265,0.01299,0.01146,0.11840,0.02943,0.04855,0.29362,0.01219,0.01681,0.11267,0.00693,0.00842,0.00781,0.00863
0.08332,0.01553,0.29877,0.01170,0.13800,0.00682,0.00810,0.00766,0.00954,0.10837,0.01927,0.04479,0.08753,0.00826,0.00892,0.11047,0.00796,0.00866,0.00842,0.00791
0.08988,0.01714,0.05433,0.01316,0.08644,0.00657,0.00793,0.01070,0.00872,0.03230,0.00757,0.18827,0.08003,0.01500,0.01319,0.33696,0.00634,0.00902,0.00829,0.00816
0.04711,0.02527,0.17867,0.01194,0.06489,0.00917,0.01172,0.00899,0.01142,0.03650,0.02992,0.12982,0.09917,0.01335,0.01483,0.26228,0.01122,0.00998,0.01053,0.01322
0.03721,0.01415,0.08143,0.02075,0.29068,0.01041,0.00908,0.01788,0.01717,0.08595,0.01355,0.05486,0.14457,0.00924,0.01639,0.13522,0.01088,0.00687,0.00785,0.01585
0.04193,0.01360,0.06127,0.01149,0.05396,0.00888,0.01049,0.01117,0.00992,0.10079,0.01562,0.08645,0.18232,0.01200,0.00949,0.33583,0.00907,0.00883,0.00717,0.00973
0.05192,0.02092,0.04855,0.01403,0.04627,0.00755,0.00788,0.00977,0.00886,0.05677,0.01218,0.15930,0.12722,0.01120,0.01085,0.37181,0.00686,0.00874,0.00593,0.01339
0.04983,0.01918,0.33658,0.01217,0.05093,0.00974,0.01000,0.00857,0.01033,0.08808,0.01549,0.10193,0.11233,0.01644,0.01329,0.09315,0.01357,0.00998,0.01139,0.01702
0.08360,0.01547,0.16092,0.01573,0.23411,0.00682,0.00754,0.00959,0.00979,0.10475,0.01275,0.11296,0.06455,0.01706,0.00806,0.10633,0.00693,0.00657,0.00607,0.01040
0.04520,0.01432,0.14750,0.01145,0.03222,0.00785,0.00972,0.00839,0.00757,0.18602,0.03516,0.10854,0.17256,0.03671,0.01620,0.11260,0.00943,0.01058,0.00906,0.01895
0.23919,0.01278,0.03205,0.00850,0.03550,0.00859,0.00872,0.00745,0.00936,0.20373,0.04828,0.04640,0.22488,0.02404,0.01085,0.04476,0.00909,0.00912,0.00655,0.01017
0.06450,0.02453,0.07571,0.01981,0.06294,0.01709,0.01739,0.01828,0.02104,0.03449,0.03308,0.09474,0.24930,0.01138,0.03082,0.15778,0.02176,0.01255,0.01883,0.01400
0.06055,0.03770,0.08297,0.01944,0.08802,0.01187,0.01721,0.01692,0.01429,0.06029,0.04157,0.08523,0.15285,0.01258,0.01483,0.23911,0.01060,0.00936,0.01480,0.00980
0.09155,0.01509,0.03978,0.01044,0.10989,0.00950,0.00772,0.01008,0.00835,0.03228,0.17591,0.14315,0.13840,0.01224,0.01584,0.13689,0.00903,0.01074,0.00928,0.01387
0.05209,0.01615,0.11533,0.01378,0.10963,0.00658,0.01155,0.01043,0.01138,0.06078,0.02628,0.15225,0.12800,0.03397,0.02063,0.19833,0.00911,0.00532,0.00766,0.01077
0.05828,0.02963,0.08228,0.01365,0.06821,0.01036,0.01043,0.01557,0.01932,0.05567,0.03207,0.10601,0.28220,0.01810,0.01457,0.12791,0.01066,0.00854,0.00743,0.02910
0.04191,0.01507,0.05934,0.00939,0.05781,0.00971,0.00935,0.01038,0.00991,0.03555,0.03448,0.08098,0.14592,0.00957,0.01477,0.42549,0.00725,0.00601,0.00734,0.00975
0.16930,0.01917,0.03842,0.01252,0.05450,0.01271,0.01264,0.01443,0.01350,0.12677,0.01479,0.04628,0.27671,0.01200,0.01727,0.10506,0.02255,0.01044,0.01083,0.01007
0.07818,0.01178,0.08531,0.00860,0.21948,0.01072,0.01164,0.00675,0.00996,0.10362,0.06857,0.05155,0.12588,0.00793,0.01321,0.14432,0.01030,0.00949,0.01101,0.01171
0.14923,0.02303,0.14522,0.01592,0.12487,0.04050,0.01028,0.01359,0.01254,0.04736,0.03829,0.03753,0.22250,0.01440,0.01942,0.03553,0.01751,0.01232,0.00753,0.01245
0.04427,0.01223,0.17060,0.01215,0.11932,0.00916,0.00868,0.00699,0.01185,0.07816,0.01578,0.08272,0.14896,0.01271,0.01111,0.22720,0.00813,0.00555,0.00660,0.00783
0.23786,0.02940,0.04174,0.01298,0.17650,0.01301,0.01210,0.01273,0.01765,0.03530,0.01432,0.17101,0.05847,0.03584,0.01363,0.07694,0.01461,0.00780,0.00839,0.00971
0.06715,0.01765,0.14175,0.01002,0.09422,0.00816,0.00995,0.01067,0.00893,0.06912,0.01835,0.11853,0.13860,0.01016,0.01182,0.22538,0.01058,0.01037,0.00840,0.01017
0.10548,0.02591,0.04445,0.02394,0.04988,0.01800,0.01824,0.01201,0.01601,0.16037,0.01724,0.16897,0.12278,0.04495,0.01669,0.11676,0.01392,0.00692,0.00620,0.01128
0.20096,0.02633,0.05216,0.01151,0.13044,0.00879,0.00892,0.01125,0.01191,0.07388,0.07182,0.09921,0.12893,0.01236,0.01161,0.10918,0.00985,0.00622,0.00644,0.00822
0.09652,0.01867,0.08583,0.01914,0.08662,0.00789,0.01104,0.01071,0.01207,0.05724,0.01630,0.19469,0.03764,0.01220,0.01721,0.27501,0.00742,0.00872,0.01114,0.01395
0.05989,0.01799,0.05278,0.01372,0.07590,0.00853,0.01263,0.01010,0.01506,0.05214,0.02639,0.27503,0.10095,0.01370,0.01636,0.19389,0.01004,0.00983,0.01925,0.01581
0.14011,0.01366,0.12425,0.01108,0.11425,0.00737,0.01059,0.00933,0.00973,0.07534,0.01769,0.11643,0.10993,0.01286,0.01986,0.17341,0.00877,0.00790,0.00472,0.01272
0.22751,0.02673,0.05176,0.00891,0.31544,0.00855,0.00970,0.01058,0.01476,0.04867,0.01549,0.05618,0.08674,0.01172,0.00939,0.07536,0.00518,0.00584,0.00503,0.00646
0.08095,0.03487,0.08501,0.04167,0.06538,0.01913,0.02577,0.02272,0.02505,0.04566,0.04431,0.07622,0.18731,0.04945,0.02649,0.10607,0.02101,0.01559,0.01486,0.01249
0.16087,0.03102,0.04019,0.02021,0.11461,0.01489,0.01569,0.02224,0.01319,0.03768,0.06453,0.10573,0.06300,0.01587,0.02001,0.18788,0.01179,0.01815,0.01468,0.02777
0.10100,0.03237,0.32745,0.01309,0.11792,0.01003,0.00934,0.00921,0.01585,0.08006,0.01013,0.05991,0.07134,0.02247,0.01232,0.05997,0.01220,0.01068,0.01231,0.01236
0.12337,0.01984,0.05411,0.01143,0.06976,0.01465,0.01158,0.01191,0.01441,0.10508,0.02393,0.08713,0.22462,0.01860,0.01964,0.13919,0.01247,0.01390,0.01178,0.01259
0.07907,0.01912,0.10438,0.00965,0.19701,0.00880,0.00824,0.01309,0.01099,0.17384,0.01867,0.06648,0.13214,0.01214,0.01315,0.09538,0.01075,0.01112,0.00823,0.00777
0.08935,0.01104,0.09248,0.00824,0.15894,0.00968,0.00857,0.00643,0.00979,0.09037,0.01921,0.15123,0.05770,0.01039,0.01439,0.22167,0.01191,0.01163,0.00914,0.00784
0.07935,0.02655,0.05479,0.02016,0.13699,0.01307,0.01258,0.01154,0.01266,0.06619,0.01844,0.08398,0.17464,0.01004,0.01119,0.22302,0.01202,0.00844,0.00888,0.01545
0.36793,0.01613,0.05500,0.01138,0.11463,0.00770,0.00828,0.00955,0.00830,0.02808,0.02114,0.07226,0.12440,0.00777,0.00804,0.11395,0.00784,0.00520,0.00530,0.00713
0.19418,0.01606,0.08080,0.01974,0.07993,0.01090,0.01255,0.01106,0.01329,0.18288,0.04054,0.07194,0.04498,0.01210,0.01218,0.15147,0.01112,0.01083,0.00758,0.01585
0.05777,0.01751,0.23969,0.01105,0.17485,0.01194,0.01263,0.02982,0.00954,0.05319,0.01202,0.06699,0.14561,0.01514,0.01699,0.08365,0.00805,0.01034,0.01171,0.01151
0.31346,0.02311,0.15874,0.01350,0.18335,0.01026,0.01055,0.00650,0.01302,0.03426,0.00917,0.05518,0.07478,0.01724,0.01246,0.03447,0.00938,0.00714,0.00468,0.00876
0.05411,0.02270,0.19179,0.03264,0.10879,0.01293,0.01247,0.02911,0.02374,0.12176,0.04384,0.05282,0.07610,0.01311,0.06343,0.08806,0.00956,0.00773,0.01286,0.02247
0.12487,0.02173,0.05755,0.01542,0.11572,0.01188,0.01255,0.01354,0.01181,0.19987,0.08560,0.05425,0.06189,0.01376,0.03154,0.11343,0.01439,0.01109,0.00715,0.02195
0.02833,0.01298,0.27883,0.00940,0.05412,0.00658,0.00807,0.00935,0.00881,0.03069,0.02005,0.13144,0.23582,0.01465,0.01088,0.11426,0.00569,0.00714,0.00477,0.00816
0.17689,0.01925,0.04464,0.01256,0.06710,0.01340,0.01281,0.00997,0.00956,0.08957,0.05613,0.08922,0.22900,0.02080,0.01422,0.09299,0.01180,0.00950,0.00923,0.01136
0.05170,0.04555,0.10352,0.01965,0.06446,0.01449,0.01450,0.01336,0.02327,0.06253,0.02611,0.08184,0.09797,0.01042,0.01869,0.30238,0.00771,0.01184,0.01125,0.01877
0.20987,0.01550,0.04357,0.00806,0.05647,0.00736,0.00803,0.00661,0.00666,0.11153,0.00967,0.13723,0.13534,0.01182,0.00955,0.19669,0.00750,0.00662,0.00527,0.00665
0.05046,0.01898,0.05085,0.01803,0.05906,0.01367,0.01515,0.01279,0.01436,0.04245,0.20372,0.14228,0.13776,0.03648,0.02505,0.07889,0.01829,0.01671,0.01084,0.03419
0.08011,0.02499,0.04580,0.01539,0.10966,0.00948,0.01275,0.01619,0.01184,0.03972,0.02215,0.06598,0.09470,0.00917,0.01623,0.37247,0.01356,0.01383,0.01328,0.01270
0.05394,0.01547,0.13003,0.01047,0.23073,0.00951,0.01031,0.01041,0.00973,0.03943,0.01722,0.10283,0.07815,0.01195,0.01025,0.22539,0.00918,0.00856,0.00611,0.01032
0.03401,0.00939,0.12856,0.00927,0.05065,0.00677,0.00655,0.00674,0.00896,0.09341,0.03973,0.12977,0.13749,0.01119,0.00737,0.29083,0.00618,0.00653,0.00516,0.01146
0.04987,0.02805,0.07984,0.02433,0.05465,0.01985,0.01571,0.01524,0.01320,0.05776,0.02653,0.10751,0.12796,0.01994,0.01604,0.29914,0.00879,0.00856,0.00846,0.01857
0.06700,0.02093,0.05700,0.01207,0.04833,0.00832,0.00935,0.00912,0.00974,0.05928,0.01414,0.11497,0.25507,0.01131,0.01583,0.24926,0.00741,0.01033,0.00623,0.01432
0.09778,0.02134,0.16750,0.00984,0.11698,0.00773,0.01154,0.00880,0.00831,0.06331,0.01007,0.12292,0.09654,0.01415,0.00952,0.20787,0.00585,0.00733,0.00525,0.00737
0.04065,0.01636,0.07123,0.00873,0.08195,0.00736,0.00928,0.00914,0.01128,0.04194,0.01814,0.16782,0.02397,0.01503,0.01681,0.42632,0.00762,0.00858,0.00885,0.00895
0.05234,0.01410,0.07408,0.00879,0.07238,0.00563,0.00626,0.00692,0.00830,0.03224,0.02709,0.09813,0.09016,0.00821,0.01194,0.45703,0.00505,0.00704,0.00542,0.00888
0.06139,0.03518,0.12587,0.01976,0.08221,0.01112,0.01378,0.01758,0.03217,0.08826,0.02465,0.08583,0.19442,0.01911,0.01891,0.11444,0.01457,0.01482,0.01310,0.01284
0.06666,0.02291,0.08300,0.01752,0.09676,0.01226,0.01298,0.01121,0.01457,0.05234,0.01768,0.05991,0.15399,0.00966,0.02854,0.28974,0.01100,0.01114,0.01250,0.01563
0.10546,0.01543,0.06430,0.01019,0.04906,0.01144,0.01858,0.01033,0.01264,0.10910,0.05960,0.08453,0.09050,0.01073,0.01301,0.28221,0.00963,0.01545,0.01013,0.01769
0.05301,0.02062,0.06062,0.01946,0.08182,0.01544,0.01569,0.01087,0.01573,0.04390,0.01488,0.13920,0.18804,0.02014,0.01393,0.23431,0.01396,0.00793,0.01935,0.01109
