0.05287,0.07744,0.09105,0.11478,0.07218,0.02037,0.16430,0.18098,0.15594,0.07008
0.04136,0.19773,0.08258,0.08443,0.05797,0.01151,0.05523,0.36749,0.05375,0.04794
0.02205,0.17875,0.09487,0.08727,0.03938,0.00704,0.17949,0.19012,0.17000,0.03102
0.02737,0.45265,0.08599,0.10175,0.04757,0.01426,0.08075,0.08508,0.07253,0.03205
0.01538,0.27942,0.03996,0.04470,0.02598,0.01532,0.25661,0.05710,0.24903,0.01650
0.01930,0.18716,0.09305,0.08931,0.03195,0.01026,0.03881,0.46418,0.03895,0.02704
0.01311,0.20491,0.13484,0.14867,0.02815,0.02316,0.05807,0.31339,0.04986,0.02586
0.06506,0.28024,0.08834,0.20850,0.08108,0.01042,0.07440,0.08325,0.07735,0.03136
0.05407,0.05811,0.24170,0.23027,0.07690,0.05157,0.10037,0.07582,0.08635,0.02485
0.04574,0.17347,0.11392,0.09654,0.08105,0.01890,0.18192,0.09362,0.16935,0.02549
0.02863,0.14111,0.05584,0.07699,0.03771,0.08835,0.20178,0.06084,0.19721,0.11154
0.02589,0.06948,0.07057,0.05029,0.03815,0.08165,0.14434,0.28121,0.13587,0.10256
0.07230,0.19138,0.11039,0.09450,0.08197,0.02193,0.12493,0.11383,0.12327,0.06549
0.01723,0.33808,0.02912,0.02887,0.02639,0.01798,0.21374,0.11596,0.20239,0.01023
0.02453,0.22125,0.04983,0.18274,0.03002,0.00892,0.02943,0.40725,0.02948,0.01655
0.01508,0.09283,0.08545,0.08440,0.02447,0.00643,0.04857,0.58294,0.04593,0.01389
0.03362,0.09064,0.09783,0.09720,0.09062,0.01258,0.26023,0.04799,0.25618,0.01312
0.01680,0.18138,0.06154,0.12601,0.02343,0.39132,0.04472,0.09188,0.04469,0.01824
0.03291,0.33566,0.03716,0.30437,0.02020,0.04863,0.09312,0.02694,0.08717,0.01384
0.02302,0.23346,0.03413,0.06097,0.02858,0.01368,0.25949,0.06712,0.25848,0.02108
0.04430,0.17938,0.07440,0.18829,0.06523,0.01688,0.14501,0.13972,0.13485,0.01192
0.03019,0.16422,0.09622,0.09576,0.04857,0.03328,0.15202,0.18841,0.14917,0.04217
0.02001,0.26837,0.05961,0.08085,0.03546,0.01666,0.14477,0.19268,0.14540,0.03620
0.03336,0.24311,0.04709,0.05112,0.04174,0.00634,0.15651,0.17463,0.14165,0.10445
0.03825,0.11892,0.09130,0.08335,0.05109,0.02672,0.11922,0.30967,0.10888,0.05259
0.03656,0.18197,0.09689,0.11020,0.07073,0.02506,0.13111,0.18341,0.12178,0.04228
0.02475,0.34649,0.07516,0.13710,0.04433,0.00878,0.09379,0.15753,0.09381,0.01827
0.01675,0.29885,0.05936,0.06329,0.03511,0.02705,0.19866,0.08740,0.19366,0.01987
0.06251,0.21848,0.08997,0.10323,0.07129,0.19223,0.08285,0.07220,0.07856,0.02867
0.03774,0.23220,0.05210,0.22744,0.06875,0.01224,0.11833,0.11950,0.11361,0.01810
0.05793,0.21631,0.12263,0.14725,0.09382,0.01050,0.13754,0.06985,0.13230,0.01187
0.01181,0.19144,0.07625,0.10265,0.02543,0.00792,0.16478,0.23052,0.16440,0.02479
0.02552,0.28585,0.07024,0.23520,0.04052,0.02192,0.08593,0.14493,0.07685,0.01306
0.03480,0.45695,0.08163,0.13656,0.04513,0.02366,0.04463,0.04088,0.04241,0.09335
0.02462,0.10664,0.07995,0.06619,0.05575,0.17188,0.11468,0.25861,0.11235,0.00933
0.01886,0.10063,0.06144,0.06283,0.02834,0.00847,0.24134,0.22673,0.23841,0.01296
0.02857,0.20829,0.06579,0.14887,0.03567,0.01043,0.08784,0.29510,0.08397,0.03548
0.03079,0.16960,0.07609,0.11104,0.03708,0.00898,0.18007,0.17788,0.17661,0.03186
0.03344,0.25726,0.12154,0.13889,0.04806,0.02430,0.09799,0.15355,0.09284,0.03213
0.10704,0.17694,0.15673,0.16017,0.14947,0.01397,0.08906,0.04902,0.08586,0.01175
0.02907,0.06263,0.06726,0.07919,0.04076,0.04157,0.24016,0.16943,0.23703,0.03290
0.03096,0.45837,0.10186,0.11821,0.04462,0.02002,0.04353,0.11984,0.04535,0.01723
0.01290,0.10224,0.05441,0.03445,0.01739,0.00985,0.25910,0.25101,0.24480,0.01386
0.02171,0.19838,0.07042,0.07949,0.03375,0.13499,0.06367,0.30524,0.05596,0.03639
0.03054,0.34001,0.06443,0.13251,0.03765,0.01506,0.10907,0.14764,0.10449,0.01860
0.04392,0.07847,0.06698,0.07562,0.05902,0.01122,0.18694,0.28389,0.17171,0.02224
0.02575,0.14733,0.08480,0.08864,0.03207,0.00775,0.24293,0.12011,0.23148,0.01915
0.02690,0.11827,0.14887,0.15360,0.06058,0.00538,0.08689,0.29907,0.08832,0.01212
0.04489,0.21929,0.13015,0.10857,0.08541,0.02951,0.09617,0.16891,0.09532,0.02178
0.03751,0.17376,0.13195,0.07232,0.05952,0.01493,0.17716,0.12796,0.17485,0.03005
0.03965,0.18761,0.03917,0.04190,0.05986,0.05224,0.14135,0.25687,0.13941,0.04195
0.01855,0.12846,0.05071,0.08964,0.03308,0.01187,0.30644,0.05706,0.28940,0.01478
0.01456,0.25916,0.09473,0.11115,0.02827,0.00824,0.05278,0.36572,0.04739,0.01800
0.04335,0.21092,0.10739,0.11778,0.06325,0.01694,0.15866,0.08260,0.14553,0.05356
0.03337,0.21316,0.08544,0.11033,0.05525,0.00572,0.18660,0.11001,0.17979,0.02034
0.07293,0.19946,0.10446,0.13599,0.07732,0.01846,0.13281,0.10461,0.13345,0.02052
0.06278,0.27644,0.07762,0.23006,0.05215,0.01355,0.08815,0.08230,0.08697,0.02998
0.06197,0.21344,0.14927,0.10747,0.08187,0.02761,0.08975,0.15062,0.08326,0.03473
0.01718,0.09955,0.05902,0.04421,0.02343,0.02299,0.06860,0.46998,0.06538,0.12965
0.02070,0.16681,0.06090,0.11828,0.03778,0.01533,0.06798,0.38680,0.06585,0.05957
0.04304,0.11810,0.06865,0.07653,0.04198,0.01477,0.21510,0.18904,0.21490,0.01787
0.02419,0.13469,0.04400,0.04973,0.03576,0.01343,0.09267,0.50652,0.08030,0.01871
0.02902,0.29072,0.09974,0.12235,0.04034,0.01631,0.05108,0.23161,0.05187,0.06696
0.02593,0.08897,0.08707,0.05180,0.04127,0.00921,0.24416,0.18690,0.24516,0.01954
0.04538,0.23732,0.14687,0.11801,0.08193,0.02700,0.11182,0.09478,0.10745,0.02943
0.03053,0.19009,0.06509,0.10879,0.04572,0.03636,0.17362,0.13190,0.15855,0.05934
0.02955,0.24288,0.19291,0.05735,0.04439,0.01275,0.18383,0.04499,0.17796,0.01340
0.01497,0.22249,0.10391,0.06900,0.02064,0.01335,0.03774,0.46204,0.03383,0.02203
0.01338,0.32847,0.04541,0.26256,0.01335,0.01644,0.04920,0.19653,0.04446,0.03021
0.02818,0.10232,0.04083,0.09242,0.03256,0.00923,0.17473,0.20323,0.16466,0.15187
0.03312,0.14116,0.05282,0.08747,0.03232,0.01862,0.12630,0.32436,0.11741,0.06641
0.03418,0.12804,0.19891,0.21510,0.05092,0.01224,0.07150,0.18188,0.07447,0.03277
0.03582,0.34111,0.13858,0.15913,0.05012,0.01459,0.09432,0.03983,0.08737,0.03912
0.03053,0.20353,0.09434,0.12290,0.05726,0.00963,0.15707,0.15699,0.15754,0.01021
0.07640,0.11419,0.06352,0.08047,0.11661,0.02301,0.16034,0.19010,0.16047,0.01489
0.03325,0.11370,0.10620,0.06606,0.04121,0.01138,0.12898,0.30677,0.11278,0.07968
0.04817,0.11125,0.13557,0.16356,0.17878,0.14900,0.05093,0.09794,0.04974,0.01506
0.01716,0.06773,0.03597,0.04626,0.02270,0.00831,0.27534,0.23495,0.27334,0.01824
0.02101,0.05883,0.04315,0.04417,0.03643,0.12551,0.22976,0.17569,0.22857,0.03689
0.01988,0.06924,0.03151,0.03592,0.02631,0.04944,0.35544,0.05510,0.34222,0.01495
0.02453,0.06934,0.04953,0.06215,0.02838,0.32669,0.06826,0.26838,0.06485,0.03789
0.04757,0.14774,0.07324,0.07100,0.04918,0.02020,0.19831,0.13263,0.19499,0.06516
0.02994,0.13294,0.09480,0.05754,0.04007,0.01738,0.16968,0.26365,0.15810,0.03589
0.01868,0.05537,0.04086,0.04084,0.03012,0.03517,0.13794,0.14108,0.13451,0.36544
0.02217,0.20944,0.03378,0.05211,0.02788,0.05993,0.21166,0.13268,0.21018,0.04017
0.02509,0.20016,0.06522,0.11108,0.03715,0.00530,0.20454,0.13216,0.19082,0.02847
0.01723,0.15295,0.04915,0.09584,0.02579,0.01474,0.28343,0.07054,0.27047,0.01986
0.03369,0.39905,0.06590,0.07114,0.03995,0.03968,0.10972,0.08045,0.09726,0.06315
0.01736,0.09920,0.05571,0.05110,0.02800,0.03531,0.21213,0.26308,0.21502,0.02309
0.08820,0.15171,0.13947,0.08736,0.07637,0.04866,0.15571,0.07890,0.15396,0.01964
0.01580,0.08506,0.05298,0.03197,0.02362,0.03554,0.31457,0.12433,0.30384,0.01229
0.02261,0.46655,0.09474,0.11058,0.04047,0.01095,0.07982,0.09596,0.07031,0.00800
0.02845,0.08443,0.03855,0.04898,0.04142,0.02479,0.21804,0.25394,0.21942,0.04197
0.05277,0.19227,0.16685,0.06595,0.06518,0.00526,0.10602,0.21630,0.10599,0.02341
0.01241,0.09752,0.07636,0.01885,0.01256,0.01231,0.24597,0.25941,0.24921,0.01538
0.01285,0.20420,0.13118,0.04541,0.01236,0.03264,0.08855,0.37950,0.08258,0.01072
0.02722,0.29020,0.05063,0.06338,0.03493,0.00917,0.06499,0.38188,0.05774,0.01986
0.02921,0.21771,0.16279,0.13842,0.04843,0.01705,0.17040,0.03475,0.16734,0.01390
0.02615,0.26468,0.03719,0.04232,0.05458,0.02325,0.11521,0.17299,0.10699,0.15666
0.01882,0.31856,0.10150,0.13379,0.02372,0.01969,0.05742,0.12099,0.05768,0.14784
0.02140,0.33246,0.10503,0.12329,0.04250,0.12146,0.08356,0.06258,0.08337,0.02436
0.01799,0.12865,0.03911,0.07327,0.03094,0.00933,0.24548,0.19388,0.24311,0.01822
0.01034,0.04098,0.17825,0.17377,0.01656,0.00660,0.12593,0.33051,0.10027,0.01679
0.02682,0.20049,0.12104,0.13415,0.04080,0.05079,0.07505,0.22211,0.06140,0.06735
0.01383,0.42503,0.02507,0.03061,0.02356,0.01166,0.05457,0.35491,0.04635,0.01442
0.03653,0.26654,0.13874,0.11527,0.05059,0.01889,0.05827,0.21618,0.05368,0.04531
0.05591,0.08633,0.24381,0.26213,0.08253,0.04575,0.04067,0.10669,0.04023,0.03595
0.02710,0.17737,0.11611,0.12501,0.05135,0.02897,0.08213,0.17789,0.07624,0.13784
0.01163,0.06464,0.09661,0.10539,0.01975,0.02267,0.22307,0.20859,0.21945,0.02820
0.02107,0.10130,0.03474,0.08491,0.02657,0.00796,0.11304,0.46452,0.11523,0.03066
0.07217,0.04834,0.08899,0.09378,0.08975,0.01004,0.03502,0.43314,0.03668,0.09210
0.02729,0.37394,0.05533,0.08850,0.03506,0.01681,0.12437,0.11011,0.11483,0.05376
0.01413,0.05863,0.03136,0.03060,0.01702,0.00999,0.18084,0.46855,0.16711,0.02178
0.02462,0.10154,0.07965,0.08996,0.02465,0.02318,0.26690,0.08566,0.25252,0.05132
0.02070,0.11320,0.11508,0.11599,0.02598,0.01231,0.10760,0.35884,0.09685,0.03343
0.02301,0.08059,0.04401,0.05680,0.03245,0.10558,0.20246,0.19369,0.20555,0.05586
0.03401,0.24198,0.14909,0.16221,0.05358,0.01382,0.07469,0.18201,0.07334,0.01527
0.06411,0.18249,0.09734,0.09969,0.06246,0.02680,0.09494,0.11594,0.09104,0.16519
0.04436,0.12046,0.07420,0.08770,0.05522,0.01171,0.07324,0.44348,0.07109,0.01854
0.03978,0.24211,0.08729,0.12047,0.06443,0.03345,0.12220,0.13768,0.11573,0.03686
0.02024,0.15812,0.02827,0.03224,0.03238,0.01490,0.27382,0.15400,0.26819,0.01784
0.01631,0.10759,0.03631,0.05621,0.01706,0.01311,0.13587,0.45832,0.13867,0.02055
0.02525,0.19350,0.07215,0.09100,0.03498,0.05451,0.20513,0.07670,0.20090,0.04588
0.02260,0.16040,0.05809,0.06539,0.02579,0.01526,0.09587,0.43263,0.08940,0.03457
0.02992,0.27450,0.08297,0.17465,0.04054,0.01142,0.10123,0.15395,0.09562,0.03520
0.01731,0.06522,0.03309,0.05153,0.02020,0.01881,0.16465,0.42230,0.15978,0.04712
0.01780,0.40640,0.06523,0.07361,0.03582,0.01056,0.14512,0.09508,0.13409,0.01630
0.01584,0.31786,0.05492,0.09464,0.02405,0.00705,0.08334,0.30345,0.07751,0.02132
0.01864,0.12347,0.14285,0.03542,0.06567,0.01164,0.14102,0.31347,0.12994,0.01788
0.01734,0.14070,0.04398,0.08044,0.02690,0.01063,0.19254,0.26054,0.18964,0.03731
0.01556,0.10188,0.04486,0.05701,0.02979,0.02691,0.19473,0.31007,0.18495,0.03424
0.01573,0.08088,0.02932,0.07647,0.04268,0.00813,0.32335,0.09433,0.30941,0.01967
0.05467,0.11174,0.13553,0.08588,0.07973,0.02673,0.17906,0.12677,0.17741,0.02247
0.03420,0.08177,0.08794,0.07327,0.06845,0.00549,0.09558,0.45139,0.09100,0.01091
0.01929,0.06568,0.02678,0.02748,0.02380,0.01060,0.14516,0.51405,0.14182,0.02534
0.02358,0.17326,0.06522,0.07473,0.03740,0.02082,0.06221,0.44307,0.06165,0.03806
0.08137,0.11567,0.06898,0.08709,0.07642,0.00872,0.23397,0.08569,0.22382,0.01828
0.03222,0.08853,0.28442,0.27848,0.04874,0.02084,0.07733,0.07892,0.07720,0.01334
0.00894,0.05524,0.02183,0.04182,0.01309,0.01250,0.19031,0.46153,0.18441,0.01032
0.04314,0.19686,0.12562,0.12188,0.07257,0.02155,0.17791,0.05662,0.16456,0.01929
0.02268,0.16882,0.18334,0.18665,0.03966,0.01025,0.07473,0.22073,0.07437,0.01875
0.02312,0.19191,0.10238,0.12121,0.03961,0.01848,0.08284,0.32877,0.07005,0.02162
0.03741,0.19395,0.09813,0.13149,0.06942,0.00467,0.16539,0.11166,0.16014,0.02774
0.05792,0.13393,0.17090,0.09263,0.09875,0.04342,0.10600,0.18815,0.09386,0.01443
0.03009,0.25871,0.07936,0.18787,0.05207,0.01184,0.12694,0.09826,0.12435,0.03052
0.02074,0.07601,0.05731,0.03891,0.03030,0.01585,0.35010,0.04327,0.33837,0.02914
0.02860,0.32945,0.03411,0.04940,0.03755,0.03447,0.16406,0.12118,0.15105,0.05013
0.02240,0.14029,0.06312,0.06140,0.03507,0.03063,0.26887,0.08116,0.27357,0.02350
0.03353,0.09832,0.20488,0.22482,0.06284,0.00960,0.05394,0.24049,0.05339,0.01819
0.09196,0.13083,0.17600,0.07919,0.11499,0.02198,0.12525,0.10504,0.12622,0.02854
0.07843,0.04583,0.22557,0.13831,0.13522,0.02389,0.14059,0.06770,0.12918,0.01527
0.02546,0.12743,0.04150,0.03953,0.02977,0.02863,0.11664,0.38713,0.10911,0.09481
0.04424,0.13624,0.08313,0.09694,0.05663,0.11194,0.17106,0.11204,0.17045,0.01734
0.05504,0.23505,0.15296,0.07851,0.04846,0.01004,0.09064,0.19435,0.09229,0.04266
0.03065,0.10909,0.06376,0.07070,0.03952,0.19398,0.10665,0.21319,0.10692,0.06555
0.02305,0.13113,0.15069,0.04507,0.08313,0.01643,0.08036,0.37535,0.07684,0.01795
0.01194,0.30917,0.09923,0.10588,0.02062,0.02559,0.08210,0.19039,0.07256,0.08253
0.04761,0.18861,0.14387,0.12985,0.06400,0.01286,0.17322,0.05291,0.17205,0.01504
0.00807,0.05296,0.02502,0.02498,0.01236,0.00846,0.32343,0.21227,0.32265,0.00981
0.02118,0.35389,0.04991,0.05866,0.02803,0.22575,0.04681,0.09469,0.04394,0.07714
0.01096,0.26318,0.07554,0.12107,0.02238,0.01468,0.17206,0.13995,0.17181,0.00837
0.02037,0.14781,0.03228,0.14064,0.01577,0.12920,0.19854,0.08991,0.19312,0.03235
0.04675,0.21988,0.17932,0.07270,0.06617,0.00775,0.13787,0.10036,0.14043,0.02877
0.02415,0.28682,0.07558,0.09139,0.03753,0.01013,0.09470,0.27022,0.09446,0.01503
0.01549,0.08800,0.04798,0.04409,0.02194,0.01776,0.32565,0.11950,0.29872,0.02087
0.03492,0.14024,0.05885,0.08461,0.05468,0.21717,0.08122,0.21715,0.08070,0.03045
0.02051,0.06773,0.11142,0.11254,0.02815,0.02796,0.24194,0.13066,0.21730,0.04178
0.04708,0.27776,0.20585,0.14528,0.07713,0.04857,0.03251,0.08494,0.02993,0.05096
0.02630,0.29492,0.13410,0.14942,0.02875,0.01367,0.11791,0.11041,0.11052,0.01401
0.02688,0.28818,0.03480,0.24263,0.03085,0.00841,0.13919,0.08583,0.12189,0.02133
0.05106,0.22567,0.08914,0.10106,0.07183,0.01088,0.15735,0.12085,0.15753,0.01462
0.01945,0.09431,0.03960,0.05086,0.02801,0.01581,0.22564,0.23310,0.21225,0.08098
0.02572,0.10540,0.22669,0.22173,0.05159,0.00901,0.13448,0.08543,0.12910,0.01086
0.01902,0.13764,0.02857,0.02994,0.02974,0.01045,0.32606,0.08685,0.32113,0.01060
0.04139,0.16859,0.07164,0.07399,0.04876,0.17066,0.13563,0.09250,0.12733,0.06952
0.02768,0.11762,0.10355,0.02979,0.02729,0.07261,0.03218,0.48011,0.02916,0.08001
0.01703,0.12123,0.12648,0.13080,0.02529,0.02047,0.21310,0.08592,0.20610,0.05357
0.02656,0.17034,0.06107,0.07217,0.03592,0.00968,0.14892,0.31351,0.14115,0.02067
0.02574,0.31225,0.20036,0.20875,0.04850,0.01162,0.06125,0.06434,0.05654,0.01065
0.01804,0.21201,0.06741,0.13325,0.04076,0.03712,0.19826,0.08162,0.19628,0.01525
0.02298,0.10644,0.07909,0.04647,0.03689,0.00975,0.08230,0.50688,0.07486,0.03435
0.04078,0.19653,0.10958,0.08817,0.04910,0.01204,0.11141,0.23820,0.11802,0.03619
0.02090,0.09949,0.05825,0.04466,0.03080,0.01527,0.25235,0.19738,0.25234,0.02855
0.03878,0.10982,0.06726,0.07850,0.06402,0.05330,0.11544,0.33966,0.11782,0.01539
0.03256,0.24485,0.04946,0.06337,0.03739,0.07606,0.06325,0.32095,0.06455,0.04757
0.06627,0.20085,0.21627,0.11696,0.10864,0.01645,0.06462,0.05889,0.06099,0.09005
0.02631,0.22905,0.11065,0.09882,0.03206,0.01141,0.15085,0.17735,0.13521,0.02829
0.02392,0.08091,0.07087,0.07300,0.03714,0.01906,0.19838,0.25951,0.19834,0.03888
0.01806,0.25109,0.14247,0.09102,0.02397,0.01187,0.06295,0.30945,0.06020,0.02891
0.02434,0.12205,0.08376,0.06284,0.04139,0.01310,0.12587,0.37936,0.12177,0.02552
0.04915,0.30448,0.09503,0.21439,0.03988,0.02556,0.03622,0.16456,0.03476,0.03598
0.01390,0.08610,0.14209,0.14634,0.01761,0.01287,0.14555,0.27918,0.13976,0.01661
0.10510,0.09057,0.10290,0.17886,0.09912,0.01654,0.03155,0.31454,0.03051,0.03031
0.04556,0.21690,0.06265,0.08059,0.05442,0.01493,0.06918,0.36702,0.06511,0.02363
0.02272,0.34806,0.05931,0.13920,0.03242,0.02909,0.09112,0.10258,0.08745,0.08805
0.04067,0.37047,0.03730,0.04072,0.04742,0.01166,0.06413,0.31092,0.06072,0.01599
0.01292,0.52775,0.03674,0.04391,0.02256,0.02099,0.03605,0.24150,0.03491,0.02268
0.04942,0.25722,0.10154,0.14393,0.08255,0.01238,0.09800,0.12678,0.09413,0.03403
0.02418,0.23052,0.08167,0.09829,0.03599,0.01531,0.13208,0.17934,0.12035,0.08227
0.04116,0.32918,0.24532,0.06007,0.05266,0.01277,0.02384,0.17404,0.02294,0.03802
0.01466,0.20236,0.02485,0.02711,0.02223,0.01095,0.23141,0.24924,0.20770,0.00950
0.03715,0.16877,0.11413,0.10079,0.05992,0.01228,0.19466,0.09288,0.19514,0.02425
0.03642,0.19520,0.04817,0.06026,0.04604,0.00766,0.23067,0.12321,0.23136,0.02101
0.01100,0.11318,0.05487,0.06064,0.01749,0.02197,0.17645,0.35674,0.17125,0.01641
0.02933,0.34742,0.06882,0.15542,0.05355,0.00911,0.08716,0.13781,0.08351,0.02786
0.02054,0.06743,0.08152,0.04546,0.03384,0.01517,0.32983,0.05805,0.32930,0.01886
0.02617,0.15011,0.10468,0.12195,0.03113,0.01862,0.11206,0.30878,0.10663,0.01988
0.01402,0.14918,0.06489,0.07215,0.02618,0.03710,0.16822,0.29541,0.15668,0.01617
0.03569,0.19941,0.09830,0.11705,0.04745,0.03877,0.12869,0.19877,0.12240,0.01348
0.04989,0.29777,0.10803,0.12325,0.07637,0.02404,0.09758,0.11339,0.09488,0.01479
0.03169,0.24003,0.13059,0.10521,0.03472,0.01399,0.13036,0.16768,0.12820,0.01754
0.05440,0.13674,0.16740,0.17546,0.08533,0.04271,0.13499,0.05835,0.12995,0.01467
0.01415,0.11326,0.04187,0.05183,0.02346,0.00939,0.05430,0.63447,0.04818,0.00909
0.01869,0.07690,0.04344,0.06905,0.04616,0.01217,0.25243,0.21970,0.24886,0.01259
0.05053,0.11555,0.23412,0.23344,0.05784,0.01705,0.09880,0.05994,0.09828,0.03445
0.02181,0.22546,0.04223,0.09116,0.03648,0.00637,0.18963,0.15916,0.18763,0.04007
0.04776,0.16843,0.08832,0.08816,0.08375,0.01377,0.06972,0.33599,0.06841,0.03569
0.03587,0.26725,0.13931,0.12857,0.06683,0.01356,0.13351,0.07723,0.12908,0.00880
0.07755,0.05256,0.15954,0.13773,0.09241,0.00843,0.06917,0.31512,0.06533,0.02217
0.01796,0.10357,0.07650,0.08501,0.02173,0.01325,0.23946,0.18406,0.23630,0.02215
0.01524,0.17438,0.05081,0.08977,0.02844,0.00493,0.04174,0.50935,0.04341,0.04193
0.02356,0.17667,0.05567,0.07931,0.02846,0.01807,0.23021,0.13619,0.22794,0.02393
0.03355,0.11656,0.04631,0.13907,0.10043,0.02781,0.17534,0.06177,0.17244,0.12672
0.03914,0.10740,0.09130,0.06219,0.05971,0.03700,0.22184,0.13207,0.21674,0.03261
0.03068,0.11472,0.05490,0.07882,0.04231,0.03177,0.09949,0.42166,0.10208,0.02357
0.05967,0.04242,0.08848,0.18615,0.23562,0.00995,0.13852,0.08847,0.12695,0.02377
0.08683,0.16153,0.07190,0.07521,0.09322,0.02690,0.13000,0.20368,0.12786,0.02289
0.01964,0.13968,0.03121,0.04566,0.02120,0.01628,0.25088,0.19217,0.24887,0.03441
0.02046,0.12452,0.04594,0.08694,0.03044,0.21922,0.10472,0.20957,0.10176,0.05643
0.11069,0.07653,0.09570,0.20141,0.08641,0.02260,0.09315,0.20017,0.08284,0.03051
0.02001,0.35300,0.08927,0.14261,0.02869,0.01568,0.13167,0.06934,0.12686,0.02287
0.04451,0.21779,0.15998,0.11096,0.07189,0.01623,0.11882,0.11617,0.11487,0.02878
0.01254,0.07354,0.03166,0.04104,0.01983,0.05250,0.21033,0.29650,0.20455,0.05751
0.05872,0.09004,0.17069,0.11550,0.10844,0.10665,0.11319,0.09450,0.10784,0.03444
0.03347,0.17634,0.09504,0.11613,0.04774,0.01649,0.16282,0.17819,0.15509,0.01870
0.02342,0.23796,0.05240,0.18606,0.02497,0.02124,0.13944,0.15229,0.13797,0.02424
0.04799,0.17162,0.19746,0.05472,0.09924,0.02566,0.10663,0.14901,0.09870,0.04898
0.02383,0.31077,0.08758,0.13170,0.04693,0.00931,0.09024,0.19869,0.08736,0.01358
0.02975,0.16972,0.12314,0.13066,0.05392,0.02516,0.09798,0.22092,0.09676,0.05200
0.01405,0.06057,0.04131,0.03849,0.01768,0.17894,0.07420,0.47032,0.07506,0.02937
0.01810,0.12683,0.13425,0.16887,0.03424,0.00740,0.19661,0.10535,0.19300,0.01537
0.03576,0.18498,0.07867,0.09605,0.06001,0.01316,0.14017,0.23600,0.13338,0.02182
0.01304,0.22331,0.05584,0.10469,0.01704,0.00615,0.11740,0.31267,0.11097,0.03890
0.01411,0.05640,0.23045,0.24170,0.02752,0.01070,0.17458,0.05378,0.17095,0.01982
0.09988,0.24735,0.07756,0.07098,0.10861,0.01052,0.09723,0.16641,0.09656,0.02491
0.02301,0.32859,0.23770,0.06187,0.02370,0.01930,0.06722,0.14189,0.06427,0.03243
0.01479,0.16031,0.07295,0.08738,0.02276,0.01536,0.03239,0.17240,0.03149,0.39018
0.09139,0.13824,0.15742,0.12099,0.11952,0.01346,0.11902,0.10956,0.11402,0.01638
0.00902,0.05862,0.03428,0.02538,0.01138,0.01029,0.30502,0.22186,0.30893,0.01521
0.03381,0.17382,0.08944,0.12459,0.05731,0.02034,0.17755,0.12938,0.18011,0.01366
0.04456,0.16346,0.06661,0.12927,0.05084,0.01305,0.03217,0.32990,0.02896,0.14118
0.02246,0.09398,0.04251,0.06615,0.02887,0.01185,0.24321,0.20874,0.24510,0.03713
0.03166,0.21578,0.05348,0.06505,0.05582,0.02142,0.07016,0.32431,0.06396,0.09836
0.01752,0.18770,0.04703,0.05074,0.02645,0.01692,0.08993,0.31783,0.08535,0.16053
0.01783,0.18289,0.07705,0.06577,0.02900,0.00661,0.05342,0.49684,0.05479,0.01580
0.02632,0.14283,0.06879,0.06620,0.03608,0.01321,0.08591,0.39879,0.08054,0.08133
0.03796,0.08223,0.05331,0.06556,0.05494,0.03361,0.20406,0.24611,0.19825,0.02399
0.04621,0.21949,0.09839,0.12175,0.07125,0.02482,0.15941,0.08658,0.15319,0.01891
0.01874,0.12528,0.02631,0.03698,0.02062,0.11369,0.20441,0.13372,0.19706,0.12321
0.05763,0.06375,0.16717,0.10425,0.10853,0.00947,0.14267,0.18367,0.13195,0.03090
0.03699,0.04574,0.04029,0.06857,0.09274,0.01707,0.09627,0.46503,0.09172,0.04558
0.03544,0.07437,0.05690,0.05639,0.06237,0.02222,0.29107,0.07714,0.28206,0.04205
0.01762,0.13401,0.09392,0.10771,0.02902,0.01131,0.09078,0.37530,0.08576,0.05457
0.06019,0.15104,0.09025,0.10189,0.06792,0.03928,0.10329,0.17877,0.10127,0.10609
0.03225,0.11119,0.06568,0.07723,0.03985,0.00930,0.28588,0.05345,0.28176,0.04341
0.01702,0.22480,0.05406,0.08633,0.02776,0.00928,0.25840,0.04912,0.24886,0.02436
0.02410,0.17101,0.10842,0.13436,0.02732,0.01280,0.13708,0.23083,0.13294,0.02115
0.02705,0.07754,0.03781,0.04550,0.03529,0.02068,0.24903,0.25642,0.23481,0.01588
0.03038,0.14396,0.04685,0.16145,0.09823,0.01340,0.19271,0.10031,0.18004,0.03270
0.05062,0.25736,0.09155,0.21116,0.07631,0.01991,0.08328,0.10197,0.07773,0.03011
0.04894,0.13112,0.06718,0.07832,0.07082,0.02892,0.13992,0.30378,0.11826,0.01275
0.02241,0.27886,0.04140,0.04473,0.03651,0.01041,0.09460,0.34631,0.09498,0.02979
0.04946,0.12539,0.15270,0.10063,0.05632,0.03177,0.12551,0.21134,0.12404,0.02285
0.06242,0.20992,0.11923,0.14413,0.07376,0.01156,0.13919,0.05944,0.12454,0.05580
0.11824,0.12383,0.09644,0.09094,0.12013,0.01230,0.10881,0.18310,0.10476,0.04144
0.01602,0.24960,0.18068,0.05788,0.02267,0.01327,0.10284,0.22280,0.09575,0.03849
0.01416,0.16619,0.19739,0.20402,0.03631,0.01197,0.06945,0.17364,0.07257,0.05428
0.01770,0.13562,0.06223,0.06515,0.02146,0.02441,0.20218,0.19281,0.19557,0.08286
0.01338,0.04406,0.07270,0.07506,0.01933,0.02142,0.16060,0.41043,0.14661,0.03640
0.02622,0.24627,0.11599,0.06515,0.04866,0.01442,0.21453,0.03610,0.21053,0.02214
0.01608,0.05935,0.03375,0.03781,0.02150,0.01410,0.30857,0.19285,0.28887,0.02713
0.01150,0.19010,0.06613,0.07752,0.01922,0.01638,0.16827,0.24001,0.16393,0.04695
0.02978,0.14114,0.10051,0.08287,0.03788,0.01916,0.08315,0.10451,0.08052,0.32048
0.06949,0.02722,0.17809,0.09399,0.16746,0.03386,0.15409,0.10509,0.15505,0.01566
0.02479,0.06953,0.11883,0.12741,0.02846,0.00655,0.21750,0.14789,0.20538,0.05366
0.04021,0.11705,0.11632,0.11698,0.12323,0.17207,0.06520,0.13300,0.05844,0.05749
0.01233,0.16875,0.14208,0.15090,0.02127,0.01616,0.20681,0.05232,0.20813,0.02125
0.01585,0.04479,0.03738,0.02787,0.02548,0.01253,0.12221,0.58205,0.11193,0.01993
0.04218,0.19473,0.06020,0.08174,0.06276,0.01057,0.21104,0.11401,0.20054,0.02224
0.03568,0.14141,0.08397,0.08801,0.06179,0.01395,0.23403,0.07448,0.22241,0.04426
0.00974,0.65808,0.02360,0.02986,0.01903,0.00856,0.06279,0.11615,0.05935,0.01284
0.04236,0.12495,0.17804,0.05973,0.10258,0.01367,0.08235,0.29048,0.07523,0.03060
0.02558,0.18312,0.04021,0.04387,0.03807,0.01142,0.08666,0.44504,0.08273,0.04330
0.01959,0.12146,0.07213,0.04516,0.01972,0.00920,0.15323,0.38253,0.14647,0.03050
0.02880,0.11701,0.15045,0.15832,0.04203,0.01036,0.18388,0.11941,0.17601,0.01372
0.02203,0.20562,0.14185,0.06753,0.05487,0.00759,0.19252,0.07870,0.18997,0.03930
0.02946,0.17548,0.06118,0.13642,0.04019,0.02343,0.17436,0.16796,0.17153,0.02000
0.02283,0.08867,0.22889,0.24128,0.03796,0.02859,0.10767,0.11595,0.10330,0.02485
0.03625,0.07324,0.08149,0.08346,0.04700,0.01205,0.24191,0.17492,0.22489,0.02479
0.02581,0.20834,0.09218,0.08861,0.02977,0.02169,0.16637,0.14733,0.16310,0.05679
