0.06848,0.04738,0.02121,0.02065,0.01428,0.02563,0.02402,0.01840,0.54464,0.01801,0.07904,0.00789,0.03089,0.00834,0.01859,0.02446,0.01606,0.00512,0.00283,0.00409
0.01717,0.04195,0.16223,0.03945,0.04304,0.01573,0.04516,0.03175,0.06665,0.02917,0.02069,0.02075,0.00942,0.05588,0.01386,0.00963,0.01309,0.31736,0.02353,0.02349
0.05137,0.05734,0.01589,0.01772,0.02832,0.24975,0.04904,0.04428,0.04610,0.03814,0.07630,0.01792,0.03780,0.08126,0.06007,0.04718,0.03520,0.02346,0.00932,0.01355
0.02070,0.03830,0.03617,0.03214,0.01962,0.01919,0.03582,0.01719,0.02553,0.40963,0.12734,0.11574,0.02607,0.01315,0.02686,0.00453,0.01261,0.01002,0.00297,0.00643
0.01478,0.11550,0.01217,0.01051,0.01446,0.02543,0.04606,0.06725,0.02325,0.02152,0.03114,0.02096,0.00410,0.07908,0.14808,0.00838,0.00854,0.00809,0.05799,0.28273
0.01453,0.08028,0.12499,0.01794,0.11223,0.08360,0.11645,0.25787,0.04946,0.02988,0.01118,0.01940,0.00532,0.03109,0.01120,0.00887,0.00939,0.00882,0.00261,0.00487
0.02372,0.22692,0.06242,0.02139,0.08463,0.03007,0.06542,0.11494,0.01816,0.01701,0.02382,0.02057,0.00663,0.08588,0.01513,0.06150,0.04740,0.01914,0.03659,0.01864
0.03734,0.06776,0.02056,0.01974,0.02592,0.01541,0.31757,0.04517,0.03666,0.05520,0.03093,0.07557,0.01017,0.01675,0.11816,0.01421,0.03409,0.01005,0.01195,0.03679
0.01868,0.03062,0.04765,0.05127,0.02357,0.04068,0.01924,0.02916,0.03119,0.45902,0.02663,0.03119,0.00884,0.02522,0.01662,0.04681,0.01084,0.01895,0.02189,0.04194
0.02628,0.34134,0.06212,0.06831,0.01530,0.01514,0.03110,0.11100,0.04176,0.11249,0.04463,0.01036,0.00506,0.03754,0.01532,0.00301,0.00619,0.04212,0.00378,0.00716
0.01615,0.06929,0.13571,0.03087,0.02581,0.05037,0.04226,0.02868,0.03438,0.07605,0.02495,0.16796,0.01561,0.04074,0.00964,0.04407,0.03620,0.11212,0.01464,0.02451
0.02412,0.05548,0.02071,0.01693,0.03551,0.23741,0.01656,0.01630,0.10528,0.05347,0.04416,0.00618,0.00543,0.26092,0.01847,0.00637,0.02987,0.02812,0.00698,0.01173
0.02545,0.06735,0.12551,0.04470,0.01347,0.07442,0.01502,0.02539,0.03269,0.21063,0.06116,0.06972,0.00601,0.12125,0.01317,0.00866,0.01101,0.05599,0.00576,0.01264
0.14171,0.05599,0.02192,0.02613,0.02900,0.21821,0.05230,0.03317,0.02307,0.02736,0.07598,0.04440,0.02788,0.05032,0.03849,0.01879,0.07387,0.02715,0.00512,0.00914
0.03505,0.04266,0.03871,0.01715,0.02633,0.03427,0.02383,0.07466,0.22951,0.02951,0.03675,0.07051,0.00311,0.13192,0.01421,0.15481,0.02295,0.00708,0.00326,0.00373
0.01909,0.03278,0.19323,0.06895,0.01302,0.05798,0.01984,0.02524,0.04283,0.09975,0.17709,0.03226,0.01048,0.08999,0.02788,0.01075,0.00915,0.02880,0.00819,0.03269
0.06400,0.02875,0.29528,0.04139,0.02655,0.03716,0.01857,0.04100,0.05599,0.03395,0.11179,0.02840,0.01841,0.06270,0.03920,0.02433,0.04114,0.01541,0.00547,0.01051
0.01275,0.04269,0.01184,0.01275,0.01155,0.10276,0.03565,0.09645,0.02708,0.02870,0.02113,0.46338,0.00750,0.05095,0.02067,0.00850,0.00632,0.02219,0.00692,0.01023
0.05057,0.11121,0.21960,0.12476,0.24211,0.03582,0.02978,0.04008,0.02944,0.02208,0.00727,0.01121,0.02247,0.00875,0.00645,0.01304,0.00561,0.01106,0.00412,0.00456
0.01214,0.05639,0.01267,0.01183,0.01651,0.25691,0.14019,0.02998,0.02375,0.02498,0.01536,0.27053,0.03418,0.02957,0.01530,0.00526,0.00840,0.02733,0.00286,0.00587
0.02252,0.04105,0.04882,0.01452,0.01045,0.04184,0.02070,0.05124,0.02019,0.02145,0.07538,0.04548,0.00929,0.02459,0.48654,0.03744,0.01148,0.00760,0.00271,0.00671
0.03534,0.03149,0.19707,0.19233,0.00930,0.03566,0.01480,0.03550,0.01709,0.03078,0.18268,0.01915,0.00517,0.08006,0.02148,0.01664,0.00619,0.02180,0.02145,0.02600
0.02098,0.05086,0.01795,0.01375,0.01487,0.14941,0.01146,0.08826,0.05821,0.01687,0.21062,0.01043,0.06818,0.04536,0.10009,0.07398,0.01315,0.01016,0.00825,0.01715
0.01560,0.05260,0.13908,0.02264,0.02575,0.02465,0.02864,0.02762,0.06924,0.04727,0.03909,0.11129,0.00799,0.22931,0.01291,0.01429,0.03580,0.07542,0.00796,0.01283
0.03768,0.03742,0.29287,0.02700,0.02343,0.03639,0.02166,0.02619,0.02601,0.03891,0.13684,0.03086,0.01316,0.03884,0.05246,0.07290,0.03213,0.01483,0.01184,0.02860
0.01871,0.02906,0.01580,0.01128,0.01540,0.74418,0.01766,0.01297,0.01017,0.02700,0.02009,0.01157,0.00221,0.02935,0.00724,0.00591,0.00790,0.00555,0.00297,0.00497
0.03891,0.15403,0.01111,0.01780,0.01689,0.01703,0.13530,0.09371,0.02820,0.04635,0.04661,0.15823,0.04841,0.00632,0.09351,0.01952,0.03565,0.00693,0.00676,0.01874
0.01625,0.05533,0.01432,0.01552,0.01052,0.48345,0.02671,0.03367,0.02448,0.02498,0.04138,0.04307,0.01508,0.06280,0.01722,0.02863,0.01416,0.05487,0.00734,0.01023
0.07586,0.05828,0.08154,0.09141,0.14222,0.01892,0.05784,0.02841,0.01818,0.02974,0.08039,0.01091,0.00688,0.18463,0.01811,0.00736,0.01395,0.04489,0.01602,0.01447
0.00957,0.03323,0.04159,0.29044,0.00595,0.02419,0.00940,0.08221,0.04091,0.02614,0.36109,0.01225,0.00627,0.01557,0.01321,0.00654,0.00326,0.01054,0.00416,0.00347
0.02669,0.04040,0.06603,0.01782,0.01385,0.06758,0.04256,0.03145,0.07521,0.03788,0.06227,0.02377,0.00451,0.24382,0.01682,0.19252,0.01321,0.01076,0.00460,0.00826
0.02483,0.06476,0.00865,0.01112,0.00773,0.07042,0.01079,0.09638,0.01232,0.01191,0.09658,0.00987,0.02382,0.01980,0.35653,0.14268,0.00750,0.00516,0.00694,0.01221
0.00616,0.22848,0.01283,0.20740,0.00556,0.00953,0.00952,0.36017,0.01062,0.05146,0.02101,0.00524,0.00193,0.03645,0.00579,0.00251,0.00266,0.01165,0.00648,0.00455
0.02937,0.07725,0.05382,0.02099,0.06402,0.04275,0.02240,0.05155,0.03433,0.03360,0.04072,0.01283,0.03137,0.24920,0.01610,0.01213,0.01775,0.16426,0.00716,0.01840
0.06060,0.05410,0.01596,0.02967,0.03800,0.04775,0.06574,0.04004,0.03603,0.05945,0.02803,0.18211,0.01385,0.01655,0.04848,0.02040,0.16453,0.01550,0.01954,0.04365
0.04645,0.05073,0.01098,0.01146,0.04321,0.58375,0.02980,0.01850,0.00869,0.03547,0.01336,0.02028,0.00640,0.02231,0.01087,0.00884,0.02394,0.01763,0.00731,0.03001
0.10289,0.05551,0.02265,0.01630,0.01626,0.24556,0.06154,0.03853,0.02600,0.05146,0.04384,0.13515,0.01046,0.05844,0.03885,0.01590,0.02602,0.02071,0.00468,0.00926
0.02007,0.07710,0.04234,0.10733,0.00747,0.02209,0.02346,0.05551,0.01603,0.03326,0.04954,0.02926,0.00656,0.10647,0.01261,0.01279,0.00666,0.35201,0.00970,0.00974
0.02037,0.05271,0.10513,0.07117,0.01775,0.11359,0.06346,0.01818,0.02608,0.21168,0.03811,0.10174,0.00819,0.04422,0.01076,0.01681,0.02282,0.04505,0.00518,0.00700
0.03751,0.13877,0.03221,0.04017,0.03269,0.01501,0.05101,0.05385,0.04554,0.09840,0.03939,0.02584,0.00773,0.01435,0.05817,0.01667,0.10606,0.01217,0.04630,0.12817
0.01321,0.07087,0.02400,0.00880,0.01860,0.04608,0.03676,0.13184,0.02355,0.02449,0.03360,0.03688,0.00584,0.19042,0.29101,0.00677,0.00951,0.00574,0.00695,0.01508
0.00887,0.27716,0.02345,0.01419,0.02654,0.04304,0.06819,0.02344,0.02029,0.02952,0.04345,0.10446,0.03964,0.15708,0.00652,0.00631,0.02318,0.06769,0.00637,0.01061
0.01522,0.04807,0.23684,0.02253,0.02039,0.02304,0.01533,0.08794,0.05192,0.08287,0.15722,0.07299,0.00815,0.03180,0.04342,0.01161,0.01495,0.01030,0.00811,0.03729
0.03915,0.03866,0.05415,0.01289,0.01599,0.01911,0.01233,0.02711,0.06326,0.21280,0.05598,0.02662,0.00334,0.02813,0.00642,0.33208,0.03020,0.00778,0.00476,0.00924
0.01085,0.22651,0.02451,0.09189,0.01926,0.07630,0.02642,0.27362,0.03299,0.03143,0.04773,0.00868,0.00498,0.03942,0.01024,0.00978,0.01499,0.02063,0.01567,0.01409
0.03632,0.01787,0.08112,0.03886,0.00973,0.14139,0.01062,0.03883,0.06739,0.04997,0.02882,0.01307,0.00377,0.37563,0.00958,0.05792,0.00339,0.00752,0.00338,0.00482
0.02001,0.05237,0.06436,0.03691,0.02799,0.01187,0.02759,0.03088,0.01748,0.04522,0.08254,0.03628,0.01898,0.05511,0.01849,0.00618,0.00826,0.35702,0.02354,0.05892
0.02766,0.10287,0.03934,0.01256,0.02456,0.08621,0.00843,0.04096,0.11533,0.03487,0.03474,0.00821,0.01413,0.04074,0.01062,0.05239,0.27898,0.01461,0.00830,0.04448
0.01332,0.13264,0.04340,0.01622,0.04886,0.01679,0.02640,0.03368,0.02650,0.07317,0.04975,0.03246,0.01276,0.36026,0.03826,0.00436,0.02381,0.02570,0.00518,0.01648
0.04205,0.07620,0.03301,0.01426,0.02485,0.12685,0.02740,0.02842,0.01873,0.02969,0.04274,0.03069,0.00573,0.16872,0.01732,0.15772,0.11981,0.01517,0.00836,0.01229
0.04494,0.05757,0.01140,0.01991,0.01780,0.06853,0.01726,0.14748,0.03412,0.06056,0.09975,0.02641,0.04118,0.03817,0.16554,0.06747,0.03046,0.01661,0.00783,0.02704
0.03123,0.05763,0.11076,0.03032,0.04216,0.05334,0.03484,0.03253,0.02448,0.03018,0.05512,0.03503,0.00404,0.13976,0.00975,0.24569,0.02510,0.02572,0.00477,0.00755
0.04324,0.05507,0.03637,0.01385,0.03496,0.08646,0.01552,0.02361,0.11287,0.06831,0.02937,0.00957,0.00512,0.03411,0.00854,0.05657,0.32204,0.00860,0.01148,0.02435
0.03329,0.04617,0.16324,0.08652,0.01574,0.07533,0.01618,0.03290,0.02822,0.10761,0.06971,0.07849,0.00626,0.14686,0.01014,0.02445,0.01450,0.02610,0.00893,0.00935
0.01566,0.02932,0.02449,0.38382,0.00939,0.03503,0.01485,0.03711,0.03276,0.10822,0.15397,0.03540,0.00265,0.05904,0.01487,0.00897,0.00493,0.01101,0.01035,0.00815
0.01050,0.02206,0.01090,0.01285,0.01895,0.00567,0.01449,0.00923,0.00741,0.01990,0.01379,0.01280,0.01990,0.00468,0.00833,0.00470,0.00269,0.00420,0.67358,0.12337
0.04477,0.04410,0.31413,0.07683,0.01723,0.02748,0.02976,0.04579,0.01805,0.03140,0.14331,0.04300,0.01514,0.02437,0.06849,0.00832,0.01213,0.01609,0.00768,0.01194
0.04146,0.12424,0.02612,0.01482,0.03046,0.01968,0.02915,0.08524,0.03562,0.01877,0.08893,0.01470,0.00554,0.16947,0.04795,0.14633,0.03839,0.01004,0.02416,0.02894
0.01640,0.11196,0.02817,0.01550,0.05351,0.06734,0.04452,0.13172,0.18520,0.13349,0.01499,0.03800,0.00416,0.02686,0.00934,0.05970,0.02749,0.01184,0.00827,0.01156
0.03244,0.08010,0.03781,0.01408,0.02696,0.12648,0.03021,0.06584,0.02990,0.02539,0.03737,0.01935,0.00512,0.17083,0.01583,0.14633,0.05609,0.01593,0.03801,0.02595
0.01090,0.04148,0.01316,0.01158,0.02096,0.01176,0.05930,0.01874,0.00661,0.02243,0.01291,0.23690,0.01237,0.00648,0.00860,0.00821,0.00548,0.00431,0.15921,0.32861
0.04646,0.05908,0.23094,0.10432,0.03183,0.03770,0.02209,0.03025,0.05263,0.06848,0.08572,0.01716,0.00667,0.05048,0.02686,0.01250,0.03766,0.01797,0.02512,0.03609
0.01329,0.06149,0.01803,0.01734,0.01974,0.15397,0.03195,0.14671,0.02172,0.04119,0.09765,0.15231,0.03339,0.04282,0.10269,0.00766,0.00852,0.00972,0.00588,0.01391
0.03709,0.09068,0.07379,0.04200,0.03229,0.01571,0.09749,0.07601,0.04822,0.04817,0.06955,0.06626,0.01101,0.02403,0.05713,0.02696,0.07349,0.01727,0.04332,0.04954
0.01527,0.04911,0.04334,0.05094,0.01252,0.02569,0.02644,0.02594,0.02692,0.30818,0.04542,0.07871,0.00824,0.15162,0.00874,0.03466,0.01339,0.04283,0.01223,0.01980
0.02904,0.04852,0.05709,0.07689,0.02250,0.04832,0.02943,0.05420,0.04654,0.17306,0.06501,0.05496,0.02807,0.07368,0.04617,0.05119,0.02318,0.03272,0.01032,0.02911
0.01856,0.03162,0.01339,0.00732,0.01130,0.69491,0.01419,0.01817,0.04330,0.04373,0.02258,0.00959,0.00214,0.03227,0.01563,0.00448,0.00731,0.00427,0.00212,0.00311
0.03300,0.08137,0.01220,0.00831,0.01710,0.02095,0.05018,0.02965,0.05671,0.03458,0.06469,0.01612,0.00379,0.29588,0.01849,0.18846,0.03455,0.00593,0.00975,0.01830
0.18135,0.09620,0.00886,0.01349,0.02571,0.24581,0.01106,0.01997,0.01840,0.01926,0.11364,0.00509,0.00911,0.01555,0.01252,0.01369,0.14856,0.01091,0.01143,0.01940
0.04799,0.04514,0.08663,0.01555,0.12167,0.19098,0.01854,0.02062,0.03593,0.12010,0.02200,0.01985,0.00495,0.05741,0.01245,0.05281,0.08178,0.01807,0.00684,0.02069
0.02099,0.07599,0.01091,0.01299,0.02105,0.21152,0.03539,0.06819,0.04238,0.03471,0.05237,0.02006,0.06454,0.16520,0.07372,0.00875,0.01721,0.04692,0.00456,0.01256
0.01196,0.05185,0.03774,0.03108,0.28527,0.03704,0.03235,0.07089,0.04449,0.21960,0.02287,0.03126,0.01765,0.02579,0.01530,0.00828,0.00474,0.01654,0.01691,0.01837
0.01559,0.03639,0.20850,0.03560,0.01620,0.02127,0.02336,0.03067,0.03069,0.04948,0.16536,0.07881,0.00624,0.19240,0.01242,0.01576,0.01101,0.01698,0.01552,0.01774
0.12450,0.04113,0.04104,0.02935,0.01739,0.05679,0.01926,0.06936,0.02968,0.03864,0.10173,0.01788,0.04195,0.06489,0.22849,0.01532,0.01649,0.02071,0.00755,0.01786
0.02420,0.04948,0.32366,0.01667,0.02083,0.03385,0.02139,0.02660,0.03614,0.01829,0.18228,0.01842,0.01586,0.13361,0.01492,0.00988,0.02265,0.01563,0.00361,0.01204
0.02143,0.03815,0.15599,0.04827,0.02486,0.02762,0.05648,0.04326,0.08482,0.04911,0.12180,0.06069,0.01712,0.06076,0.06962,0.01595,0.02185,0.04952,0.01117,0.02152
0.05952,0.03962,0.15995,0.07213,0.01154,0.04482,0.03840,0.03568,0.03237,0.07901,0.06360,0.10663,0.01486,0.04993,0.02966,0.03898,0.01838,0.09007,0.00479,0.01005
0.01409,0.07897,0.03945,0.06871,0.01338,0.03465,0.02891,0.03282,0.02574,0.17418,0.15648,0.05049,0.00713,0.10557,0.01081,0.01042,0.01020,0.06699,0.04467,0.02635
0.02462,0.05246,0.01078,0.12945,0.03450,0.02227,0.00586,0.56069,0.02622,0.04532,0.02118,0.00295,0.00442,0.00721,0.00838,0.00523,0.00705,0.00638,0.01404,0.01100
0.01757,0.12924,0.02578,0.02681,0.02417,0.03429,0.02401,0.04686,0.02199,0.01896,0.02096,0.01530,0.00627,0.02403,0.01633,0.01695,0.02316,0.02261,0.13604,0.34867
0.01629,0.09765,0.09598,0.08747,0.01286,0.01431,0.02140,0.03954,0.01642,0.18215,0.07546,0.06658,0.00680,0.02421,0.01062,0.00597,0.01075,0.02054,0.05814,0.13685
0.02758,0.04858,0.01457,0.01059,0.01821,0.25417,0.05971,0.07890,0.01772,0.02331,0.09288,0.04732,0.01208,0.15203,0.08974,0.02093,0.00997,0.00820,0.00484,0.00868
0.02718,0.05337,0.01923,0.04689,0.03682,0.17795,0.01444,0.04534,0.05403,0.02990,0.07861,0.00840,0.01961,0.02692,0.01217,0.01750,0.01416,0.01943,0.23114,0.06691
0.03749,0.04771,0.16848,0.07543,0.05087,0.04558,0.04370,0.03680,0.04255,0.05666,0.02685,0.01624,0.01179,0.06838,0.01750,0.01550,0.03587,0.17494,0.01025,0.01740
0.08181,0.03127,0.03432,0.03100,0.03126,0.13409,0.02281,0.05857,0.07319,0.15126,0.02516,0.02003,0.00421,0.13071,0.01845,0.07763,0.02899,0.01333,0.01563,0.01628
0.01900,0.06884,0.01047,0.00869,0.02597,0.08801,0.05652,0.04998,0.01106,0.03153,0.01210,0.48273,0.00441,0.04520,0.00823,0.00951,0.01399,0.01377,0.02433,0.01565
0.02045,0.10358,0.11878,0.13859,0.02545,0.02905,0.01291,0.02500,0.03674,0.16423,0.13055,0.01560,0.00676,0.01766,0.01196,0.00738,0.02675,0.01778,0.02575,0.06503
0.08060,0.05013,0.06830,0.04699,0.04056,0.01773,0.23921,0.03386,0.06876,0.03209,0.02826,0.02043,0.00896,0.12913,0.02154,0.03001,0.03221,0.02432,0.01543,0.01148
0.10741,0.04363,0.03186,0.01819,0.09733,0.01904,0.05206,0.01698,0.03827,0.08095,0.07103,0.02859,0.02910,0.05655,0.02332,0.00507,0.24937,0.01320,0.00286,0.01519
0.01558,0.10851,0.04251,0.02682,0.03584,0.02714,0.01900,0.06654,0.04602,0.06337,0.12999,0.03131,0.01098,0.05735,0.12495,0.00581,0.01374,0.01470,0.03251,0.12730
0.02336,0.05542,0.17111,0.02456,0.02069,0.02297,0.05597,0.08873,0.02475,0.04148,0.03646,0.11587,0.00950,0.14123,0.06858,0.01242,0.01764,0.03761,0.01162,0.01999
0.02529,0.08798,0.01448,0.01322,0.01753,0.20707,0.04882,0.02682,0.02374,0.05119,0.02052,0.15991,0.00561,0.09701,0.00824,0.01518,0.06533,0.10333,0.00393,0.00481
0.01087,0.02399,0.00669,0.00797,0.00779,0.05221,0.38891,0.01754,0.07010,0.01108,0.01936,0.30940,0.02136,0.01359,0.01249,0.00977,0.00551,0.00427,0.00230,0.00481
0.02521,0.03389,0.05917,0.02493,0.03309,0.05134,0.01919,0.06296,0.13427,0.10257,0.04209,0.03777,0.00543,0.17470,0.03329,0.07946,0.03867,0.01552,0.00793,0.01854
0.06074,0.04187,0.01795,0.01125,0.02025,0.02667,0.05608,0.07561,0.01606,0.03349,0.02325,0.15782,0.01542,0.02202,0.03548,0.03402,0.01411,0.01282,0.03281,0.29227
0.01196,0.04778,0.27843,0.02287,0.01094,0.01375,0.03723,0.02113,0.02392,0.02051,0.15757,0.09105,0.01690,0.13659,0.01731,0.01090,0.01250,0.04450,0.00696,0.01720
0.02441,0.07134,0.02165,0.01567,0.09097,0.02827,0.01773,0.03367,0.02102,0.02059,0.03137,0.00966,0.01277,0.01945,0.01915,0.03870,0.01775,0.01366,0.14813,0.34407
0.05888,0.06386,0.05222,0.01380,0.06255,0.13531,0.00844,0.02136,0.04494,0.02484,0.04501,0.00711,0.01241,0.02503,0.01206,0.03036,0.25730,0.00930,0.01401,0.10120
0.07385,0.03460,0.00793,0.00583,0.01712,0.54586,0.03454,0.01304,0.01443,0.05358,0.01096,0.01403,0.00317,0.08035,0.01274,0.00765,0.04857,0.01108,0.00328,0.00739
0.00983,0.08080,0.03535,0.01609,0.27027,0.01844,0.02606,0.01678,0.02077,0.24586,0.08008,0.02049,0.00893,0.07715,0.01570,0.00240,0.01061,0.01625,0.00635,0.02180
