0.02152,0.66227,0.15800,0.15821
0.01567,0.04597,0.47373,0.46463
0.01178,0.14655,0.42145,0.42022
0.03234,0.03159,0.46891,0.46716
0.00820,0.09017,0.44961,0.45202
0.00676,0.00929,0.49125,0.49271
0.00604,0.10405,0.44542,0.44449
0.02165,0.04509,0.46888,0.46439
0.03431,0.11680,0.42679,0.42210
0.00559,0.05497,0.46844,0.47100
0.02901,0.04116,0.46398,0.46586
0.00611,0.01797,0.48965,0.48627
0.00391,0.01298,0.49204,0.49108
0.01232,0.45625,0.26800,0.26343
0.00616,0.00830,0.49480,0.49074
0.03436,0.07735,0.44641,0.44188
0.00371,0.01274,0.49180,0.49175
0.01345,0.01646,0.48519,0.48490
0.03577,0.37262,0.29630,0.29531
0.01580,0.49983,0.24103,0.24333
0.01948,0.09481,0.44172,0.44399
0.00557,0.22385,0.38864,0.38193
0.01798,0.01097,0.48787,0.48318
0.00600,0.03144,0.48117,0.48139
0.01491,0.13851,0.42678,0.41979
0.00501,0.02671,0.48681,0.48148
0.00602,0.25305,0.37037,0.37057
0.19540,0.02989,0.38772,0.38699
0.04669,0.12081,0.41675,0.41576
0.02787,0.05424,0.46038,0.45751
0.00440,0.11062,0.44268,0.44230
0.00612,0.11963,0.43803,0.43623
0.08728,0.09423,0.41431,0.40418
0.04681,0.05504,0.45130,0.44685
0.01456,0.02208,0.48365,0.47971
0.06712,0.35485,0.28735,0.29069
0.03837,0.15587,0.40233,0.40343
0.00944,0.19254,0.40016,0.39786
0.00474,0.35826,0.31901,0.31799
0.01023,0.28202,0.35355,0.35420
0.00342,0.02403,0.48653,0.48603
0.01451,0.05475,0.46782,0.46292
0.30906,0.03322,0.32947,0.32825
0.00694,0.01079,0.49498,0.48728
0.01432,0.41787,0.28484,0.28296
0.01519,0.43158,0.27829,0.27494
0.00401,0.02684,0.48555,0.48360
0.00578,0.08254,0.45655,0.45513
0.01191,0.39407,0.29694,0.29708
0.01480,0.03413,0.47912,0.47195
0.00761,0.01119,0.49098,0.49022
0.01421,0.16349,0.41371,0.40859
0.00929,0.05374,0.46754,0.46942
0.01111,0.09668,0.45063,0.44159
0.00613,0.43927,0.27595,0.27865
0.00395,0.01273,0.49093,0.49239
0.00626,0.15429,0.42065,0.41880
0.00641,0.08697,0.45307,0.45355
0.01375,0.23521,0.37644,0.37460
0.00589,0.01908,0.48869,0.48633
0.00974,0.05622,0.46770,0.46634
0.00185,0.00465,0.49670,0.49680
0.02283,0.31875,0.32946,0.32896
0.01145,0.04013,0.47450,0.47392
0.01122,0.03791,0.47746,0.47341
0.03223,0.03682,0.46722,0.46372
0.12286,0.10526,0.38631,0.38557
0.00361,0.01181,0.49252,0.49206
0.03315,0.18272,0.39172,0.39241
0.00382,0.32901,0.33310,0.33407
0.05478,0.15245,0.39934,0.39344
0.00949,0.06519,0.46540,0.45991
0.01129,0.04039,0.47363,0.47469
0.13019,0.03097,0.42086,0.41798
0.01386,0.17157,0.40861,0.40595
0.00742,0.04303,0.47262,0.47693
0.03242,0.04683,0.46244,0.45830
0.00306,0.00475,0.49726,0.49493
0.01211,0.19082,0.40092,0.39615
0.02179,0.01505,0.48294,0.48022
0.01010,0.02278,0.48747,0.47965
0.01068,0.01780,0.48427,0.48724
0.00689,0.09608,0.44863,0.44839
0.06986,0.38320,0.27375,0.27320
0.02131,0.06528,0.45926,0.45415
0.00506,0.02097,0.48998,0.48399
0.00669,0.61419,0.18881,0.19031
0.03842,0.08472,0.43960,0.43727
0.00560,0.04159,0.47547,0.47734
0.01885,0.50705,0.23935,0.23475
0.05370,0.15866,0.39313,0.39451
0.01491,0.34729,0.31829,0.31951
0.01272,0.11083,0.43791,0.43854
0.00975,0.08651,0.45277,0.45096
0.09190,0.51683,0.19283,0.19844
0.00842,0.00755,0.49333,0.49070
0.00612,0.09075,0.45220,0.45093
0.00323,0.15224,0.42243,0.42210
0.09818,0.51765,0.19252,0.19165
0.03592,0.06944,0.44811,0.44653
0.00670,0.38577,0.30324,0.30429
0.00975,0.09561,0.44865,0.44599
0.00840,0.04228,0.47387,0.47545
0.00851,0.09291,0.44887,0.44970
0.00677,0.02482,0.48494,0.48347
0.02044,0.21316,0.38354,0.38286
0.01413,0.02102,0.48286,0.48199
0.00924,0.01821,0.48723,0.48532
0.00440,0.19055,0.40306,0.40198
0.02583,0.03001,0.47212,0.47204
0.03079,0.10279,0.43421,0.43220
0.00808,0.20224,0.39618,0.39350
0.01322,0.03692,0.47740,0.47246
0.03135,0.25063,0.35998,0.35804
0.01128,0.15704,0.41580,0.41588
0.00772,0.11520,0.43748,0.43960
0.00727,0.08851,0.45458,0.44964
0.00965,0.16725,0.41198,0.41113
0.02093,0.18048,0.39988,0.39871
0.01808,0.14039,0.42265,0.41888
0.01212,0.03255,0.47818,0.47715
0.01559,0.13310,0.42656,0.42475
0.61565,0.14335,0.11991,0.12109
0.02379,0.34328,0.31557,0.31737
0.05956,0.13697,0.40151,0.40196
0.01976,0.05577,0.46228,0.46219
0.01732,0.15192,0.42107,0.40968
0.00202,0.01018,0.49417,0.49363
0.00731,0.10178,0.44496,0.44594
0.07030,0.43808,0.24521,0.24641
0.01392,0.13628,0.42426,0.42554
0.02115,0.48807,0.24293,0.24784
0.00493,0.02626,0.48563,0.48318
0.00614,0.05411,0.47059,0.46915
0.02310,0.11999,0.42937,0.42754
0.00770,0.01928,0.49280,0.48022
0.03770,0.03438,0.46382,0.46410
0.00817,0.03909,0.47780,0.47493
0.01289,0.10229,0.44317,0.44165
0.00364,0.02455,0.48607,0.48574
0.09324,0.07626,0.41664,0.41386
0.00764,0.28162,0.35502,0.35572
0.00830,0.09957,0.44943,0.44270
0.00804,0.04250,0.47686,0.47260
0.02955,0.15934,0.40782,0.40328
0.02483,0.44167,0.26579,0.26771
0.01100,0.08132,0.45498,0.45270
0.04490,0.10535,0.42453,0.42522
0.02553,0.35037,0.31162,0.31248
0.00587,0.01433,0.49118,0.48863
0.00601,0.06975,0.46292,0.46132
0.01709,0.12053,0.43184,0.43053
0.00221,0.01279,0.49245,0.49255
0.01381,0.10189,0.44280,0.44150
0.02340,0.24674,0.36542,0.36443
0.00725,0.03033,0.48183,0.48059
0.01475,0.24695,0.37244,0.36587
0.02659,0.13497,0.41991,0.41853
0.02196,0.21919,0.37848,0.38038
0.00682,0.41449,0.28818,0.29050
0.03231,0.27535,0.35054,0.34180
0.00562,0.00766,0.49277,0.49395
0.00874,0.20996,0.38857,0.39273
0.01830,0.71437,0.13250,0.13483
0.00312,0.00998,0.49430,0.49260
0.03705,0.04525,0.46305,0.45465
0.00396,0.02620,0.48727,0.48258
0.01738,0.38345,0.29835,0.30083
0.00533,0.01197,0.49158,0.49112
0.00931,0.02530,0.48240,0.48298
0.00397,0.00771,0.49376,0.49457
0.00461,0.02534,0.48420,0.48586
0.01070,0.01888,0.48536,0.48506
0.00285,0.00873,0.49469,0.49372
0.00741,0.04991,0.47172,0.47096
0.02276,0.24094,0.36773,0.36856
0.00766,0.03367,0.48111,0.47757
0.01281,0.14870,0.42011,0.41839
0.00954,0.59354,0.19882,0.19810
0.01521,0.04168,0.47190,0.47120
0.02215,0.34061,0.32046,0.31679
0.00977,0.14416,0.42285,0.42321
0.01744,0.28729,0.34838,0.34689
0.14475,0.24321,0.30424,0.30780
0.00426,0.08647,0.45458,0.45468
0.02123,0.15803,0.41264,0.40810
0.01475,0.06570,0.46164,0.45791
0.00660,0.04029,0.47712,0.47599
0.01981,0.02330,0.48089,0.47600
0.00918,0.14880,0.41912,0.42291
0.00879,0.01208,0.49007,0.48906
0.01401,0.08526,0.45420,0.44654
0.02289,0.01072,0.48605,0.48034
0.01052,0.02423,0.48333,0.48191
0.02579,0.04242,0.46799,0.46379
0.01574,0.56454,0.21055,0.20917
0.01130,0.05467,0.46853,0.46550
0.00728,0.13375,0.43249,0.42649
0.04034,0.05502,0.45435,0.45030
0.00231,0.01960,0.48804,0.49005
0.00896,0.11757,0.43750,0.43598
0.00235,0.00783,0.49468,0.49514
0.01697,0.02318,0.48126,0.47860
0.01023,0.01902,0.48886,0.48189
0.01740,0.50706,0.23680,0.23874
0.00590,0.26988,0.36184,0.36239
0.00865,0.03040,0.47999,0.48096
0.03043,0.20015,0.38412,0.38530
0.02991,0.51557,0.22814,0.22638
0.00130,0.00459,0.49702,0.49709
0.08864,0.09237,0.41169,0.40729
0.00591,0.01193,0.49125,0.49091
0.01286,0.13041,0.42989,0.42684
0.00927,0.09942,0.44837,0.44294
0.00318,0.01027,0.49380,0.49276
0.01187,0.04442,0.47281,0.47090
0.03983,0.59585,0.18287,0.18145
0.01352,0.25530,0.36485,0.36633
0.02529,0.15422,0.40846,0.41203
0.00874,0.04238,0.47604,0.47285
0.34769,0.02512,0.31225,0.31495
0.03830,0.29101,0.33529,0.33540
0.00461,0.00902,0.49332,0.49304
0.01197,0.04723,0.47084,0.46996
0.00576,0.02665,0.48318,0.48442
0.01290,0.25702,0.36598,0.36410
0.00648,0.15426,0.41843,0.42083
0.02381,0.23974,0.37126,0.36519
0.00721,0.07858,0.45725,0.45696
0.00865,0.09952,0.44654,0.44530
0.02320,0.03636,0.46930,0.47114
0.03307,0.05149,0.45719,0.45825
0.01077,0.65426,0.16782,0.16715
0.00901,0.03969,0.47650,0.47480
0.05016,0.14703,0.39983,0.40298
0.00806,0.03563,0.47975,0.47656
0.00610,0.09664,0.44841,0.44884
0.00703,0.18892,0.40294,0.40110
0.00787,0.04025,0.47673,0.47515
0.00627,0.01900,0.48774,0.48700
0.02146,0.44858,0.26519,0.26477
0.01602,0.45008,0.26802,0.26588
0.08641,0.65301,0.12789,0.13269
0.01206,0.01282,0.49020,0.48493
0.08610,0.22925,0.34334,0.34131
0.00480,0.04904,0.47455,0.47161
0.00934,0.19454,0.39729,0.39883
0.00510,0.26726,0.36523,0.36241
0.00490,0.02047,0.48684,0.48779
0.00640,0.00927,0.49424,0.49010
0.01130,0.05897,0.46704,0.46268
0.01407,0.20352,0.39203,0.39037
0.00994,0.19793,0.39489,0.39724
0.00507,0.01818,0.48874,0.48801
0.11644,0.08798,0.39966,0.39593
0.01126,0.14351,0.42516,0.42007
0.01888,0.01356,0.48283,0.48473
0.01002,0.04045,0.47678,0.47275
0.00429,0.01417,0.49198,0.48956
0.00768,0.03187,0.48218,0.47827
0.00944,0.02648,0.48235,0.48173
0.01104,0.20102,0.39467,0.39328
0.01639,0.11665,0.43305,0.43391
0.02992,0.09289,0.44145,0.43575
0.01272,0.22948,0.38005,0.37776
0.03981,0.03392,0.46367,0.46261
0.05286,0.07439,0.43766,0.43508
0.01715,0.07280,0.45637,0.45369
0.01713,0.06071,0.46335,0.45880
0.07446,0.07197,0.42665,0.42692
0.01218,0.24104,0.37430,0.37247
0.00820,0.10051,0.44592,0.44537
0.00615,0.02138,0.48621,0.48626
0.01071,0.05432,0.46729,0.46768
0.00462,0.28946,0.35359,0.35233
0.01642,0.11301,0.43639,0.43417
0.01024,0.22626,0.38344,0.38006
0.02508,0.05675,0.45764,0.46053
0.02194,0.04248,0.46865,0.46693
0.02334,0.06278,0.45871,0.45517
0.03852,0.38992,0.28709,0.28447
0.02225,0.11477,0.43320,0.42979
0.00555,0.00961,0.49448,0.49035
0.00299,0.00530,0.49592,0.49578
0.02686,0.02843,0.47357,0.47114
0.11764,0.21830,0.33497,0.32908
0.01811,0.04447,0.46839,0.46903
0.03025,0.56150,0.20441,0.20383
0.00955,0.20489,0.39267,0.39288
0.00899,0.13404,0.42964,0.42732
0.02825,0.05547,0.46019,0.45608
0.02484,0.29493,0.34155,0.33868
0.01472,0.00413,0.49067,0.49048
0.00355,0.03250,0.48267,0.48129
0.07937,0.03589,0.44195,0.44279
0.00789,0.05208,0.46890,0.47113
0.00566,0.00872,0.49333,0.49229
0.00567,0.02426,0.48491,0.48516
0.00224,0.01310,0.49281,0.49185
0.00246,0.00577,0.49590,0.49587
