0.05810,0.05696,0.07870,0.10031,0.04442,0.03659,0.04861,0.03939,0.03946,0.05493,0.06172,0.13390,0.14235,0.04824,0.05634
0.14999,0.10758,0.08013,0.09183,0.02677,0.04961,0.04338,0.03723,0.03514,0.04476,0.04497,0.10496,0.10692,0.03434,0.04238
0.12437,0.09515,0.05454,0.11046,0.04969,0.05495,0.06280,0.05933,0.06302,0.09629,0.06394,0.03517,0.03920,0.03405,0.05703
0.21383,0.16925,0.15617,0.13087,0.01856,0.01446,0.02601,0.01793,0.02711,0.02199,0.01727,0.07722,0.08108,0.01167,0.01657
0.18056,0.16644,0.03559,0.04809,0.02568,0.02120,0.04733,0.03021,0.03402,0.03932,0.02535,0.14592,0.15031,0.02356,0.02639
0.09000,0.18506,0.17453,0.05979,0.03523,0.03430,0.05553,0.03652,0.03173,0.03946,0.08537,0.03213,0.04082,0.02839,0.07112
0.11431,0.09535,0.09707,0.10365,0.03342,0.04162,0.04947,0.04015,0.05158,0.04471,0.03659,0.09707,0.09485,0.05017,0.04999
0.06967,0.04896,0.08766,0.10085,0.02194,0.02103,0.03413,0.02837,0.03028,0.03526,0.17252,0.07232,0.07909,0.02383,0.17409
0.06347,0.04846,0.07584,0.07882,0.03354,0.02900,0.03921,0.03124,0.03795,0.05237,0.06313,0.16689,0.17020,0.03188,0.07800
0.05268,0.07493,0.04229,0.03627,0.03645,0.02760,0.02200,0.02860,0.03170,0.03102,0.12162,0.17213,0.17831,0.02279,0.12161
0.11182,0.08646,0.05916,0.09449,0.03298,0.03117,0.04499,0.03448,0.03196,0.03924,0.01244,0.18690,0.18144,0.03012,0.02236
0.25790,0.16042,0.09385,0.23227,0.02000,0.01679,0.03303,0.02718,0.02336,0.02994,0.02984,0.01781,0.02460,0.01153,0.02149
0.12770,0.08383,0.08348,0.11327,0.05679,0.03568,0.08360,0.03160,0.04082,0.05568,0.07335,0.04962,0.06265,0.02831,0.07361
0.13262,0.09267,0.09809,0.12548,0.05090,0.04038,0.07158,0.03984,0.05123,0.05610,0.03477,0.07285,0.06927,0.01758,0.04663
0.19684,0.18695,0.04306,0.05510,0.02139,0.02367,0.02816,0.02047,0.02077,0.02736,0.02065,0.15627,0.16038,0.01513,0.02381
0.14876,0.13398,0.08644,0.09693,0.06774,0.04301,0.05446,0.05009,0.04633,0.06620,0.05112,0.03711,0.04681,0.02241,0.04862
0.23448,0.10549,0.09090,0.16336,0.02756,0.02624,0.02988,0.02980,0.03813,0.04846,0.01466,0.07567,0.07627,0.01659,0.02253
0.13280,0.13053,0.09009,0.11179,0.06052,0.04705,0.04643,0.04196,0.04903,0.11047,0.04010,0.04525,0.05488,0.01541,0.02369
0.36185,0.33854,0.03325,0.04887,0.01229,0.01432,0.02109,0.01937,0.01752,0.02039,0.01574,0.03100,0.03156,0.01344,0.02077
0.12059,0.06817,0.05292,0.09427,0.01900,0.01625,0.03293,0.02425,0.02299,0.03035,0.21669,0.02528,0.02251,0.03302,0.22078
0.10156,0.09119,0.07042,0.09217,0.03533,0.03491,0.05279,0.05034,0.04095,0.04204,0.12779,0.03627,0.05520,0.02780,0.14124
0.09626,0.11739,0.12379,0.08166,0.08035,0.05375,0.06230,0.03696,0.07762,0.04330,0.03179,0.06769,0.07305,0.01744,0.03665
0.08342,0.07093,0.03916,0.04778,0.03230,0.03915,0.04429,0.03925,0.03217,0.04852,0.19479,0.04768,0.06926,0.06072,0.15056
0.12403,0.12352,0.13286,0.07343,0.02217,0.01473,0.03008,0.01828,0.02588,0.02085,0.11051,0.08453,0.08776,0.02887,0.10249
0.16800,0.11485,0.11881,0.11665,0.02000,0.02482,0.02908,0.02224,0.03458,0.03925,0.02110,0.12782,0.13006,0.01368,0.01906
0.18475,0.13081,0.12091,0.15046,0.03554,0.03127,0.06482,0.03755,0.05185,0.04697,0.01496,0.04461,0.04299,0.01759,0.02494
0.07359,0.06246,0.12563,0.13231,0.06384,0.02755,0.11155,0.09168,0.03460,0.05956,0.02055,0.04581,0.03551,0.08973,0.02562
0.16930,0.14449,0.08780,0.11025,0.02261,0.01646,0.03474,0.02183,0.02613,0.02911,0.01694,0.13965,0.15337,0.01278,0.01455
0.09219,0.08404,0.07591,0.09139,0.04699,0.04302,0.06676,0.04951,0.07249,0.06237,0.04146,0.09460,0.08790,0.04041,0.05097
0.06019,0.04458,0.21698,0.22938,0.04346,0.04139,0.04244,0.03114,0.03074,0.04398,0.07774,0.02157,0.04786,0.03247,0.03606
0.10171,0.05594,0.12781,0.14069,0.04246,0.05909,0.05803,0.05345,0.04894,0.06962,0.03946,0.06214,0.06492,0.03197,0.04379
0.12148,0.07284,0.05454,0.12496,0.03619,0.04159,0.06543,0.03457,0.05536,0.04004,0.10746,0.05256,0.05790,0.02854,0.10655
0.07488,0.05800,0.06236,0.08710,0.04661,0.05406,0.12186,0.03162,0.02935,0.05401,0.04343,0.13942,0.15219,0.01909,0.02601
0.16862,0.12485,0.08988,0.12411,0.03298,0.03696,0.04966,0.02772,0.04023,0.04487,0.06082,0.04183,0.04965,0.05839,0.04943
0.04499,0.07402,0.05532,0.10375,0.03878,0.04056,0.13005,0.08579,0.06992,0.03531,0.03008,0.12411,0.12623,0.01430,0.02679
0.13099,0.10791,0.08371,0.10582,0.03936,0.03042,0.05396,0.03996,0.03483,0.04685,0.11395,0.03583,0.07271,0.03952,0.06417
0.05959,0.07915,0.09916,0.04589,0.03978,0.02348,0.03668,0.02023,0.03852,0.02549,0.12540,0.11792,0.13847,0.06195,0.08828
0.07209,0.06675,0.07771,0.04873,0.01563,0.01349,0.04053,0.04390,0.03516,0.06015,0.01975,0.23243,0.24106,0.00996,0.02267
0.20404,0.16089,0.09740,0.14632,0.03001,0.02701,0.03749,0.03240,0.03057,0.04001,0.06963,0.02117,0.02314,0.02115,0.05877
0.28872,0.08582,0.06865,0.26621,0.02124,0.02070,0.03499,0.01971,0.02524,0.03026,0.02299,0.03536,0.03690,0.01997,0.02325
0.06857,0.05279,0.25452,0.26413,0.03131,0.02994,0.03646,0.03145,0.03272,0.04431,0.03593,0.03021,0.03266,0.02011,0.03490
0.17480,0.06818,0.02403,0.12743,0.00868,0.01195,0.01496,0.01474,0.01007,0.01211,0.00982,0.25003,0.25199,0.00943,0.01177
0.06226,0.15904,0.15545,0.04333,0.02647,0.02709,0.02851,0.02501,0.02317,0.02656,0.04000,0.15591,0.15916,0.02272,0.04530
0.22160,0.18866,0.05597,0.07006,0.02114,0.02399,0.04233,0.02951,0.02925,0.03618,0.04578,0.07290,0.06757,0.02885,0.06621
0.07094,0.23111,0.23450,0.05663,0.03474,0.02004,0.04653,0.02428,0.02288,0.03885,0.01570,0.07628,0.06589,0.03325,0.02837
0.14853,0.10298,0.08158,0.12579,0.03184,0.03430,0.06132,0.04529,0.04194,0.04955,0.08587,0.03314,0.03392,0.03098,0.09296
0.17053,0.11679,0.08351,0.12366,0.01794,0.02322,0.02473,0.02454,0.02312,0.02492,0.02744,0.14438,0.15037,0.01450,0.03036
0.12373,0.09383,0.09581,0.11128,0.03706,0.03088,0.05041,0.04545,0.03623,0.05879,0.04754,0.07900,0.08733,0.04974,0.05292
0.10568,0.12152,0.11390,0.09595,0.03755,0.05063,0.04655,0.03373,0.03861,0.04182,0.04238,0.09196,0.04627,0.04001,0.09344
0.17229,0.11770,0.12841,0.12006,0.02641,0.03022,0.03279,0.02694,0.04006,0.04949,0.03009,0.08409,0.08617,0.02521,0.03007
0.10143,0.08272,0.06212,0.07885,0.02155,0.02247,0.03844,0.02718,0.02279,0.03184,0.02595,0.21708,0.22098,0.01693,0.02967
0.05893,0.04089,0.05155,0.05777,0.02847,0.04567,0.03419,0.03047,0.03072,0.03482,0.17215,0.11479,0.18216,0.04774,0.06968
0.11681,0.07537,0.09991,0.08211,0.03752,0.03056,0.04717,0.04433,0.05066,0.06671,0.03117,0.08911,0.06019,0.08768,0.08070
0.14275,0.15519,0.11914,0.10842,0.03222,0.03324,0.03963,0.03688,0.03383,0.03283,0.04868,0.08164,0.08227,0.02111,0.03215
0.08524,0.08405,0.06497,0.09860,0.04828,0.05125,0.09656,0.08555,0.05575,0.04977,0.07477,0.04266,0.03760,0.02422,0.10072
0.13203,0.07452,0.05022,0.10797,0.03686,0.03667,0.04186,0.04453,0.03941,0.04874,0.13338,0.03631,0.04702,0.02814,0.14234
0.12838,0.08337,0.06032,0.08309,0.04677,0.07949,0.05929,0.06231,0.04449,0.05746,0.03618,0.09783,0.10521,0.02512,0.03070
0.16985,0.17847,0.11394,0.10065,0.04453,0.03064,0.04656,0.05411,0.04645,0.06349,0.02490,0.03184,0.02793,0.03862,0.02802
0.06913,0.13082,0.12647,0.06216,0.03338,0.03076,0.03899,0.03093,0.02944,0.02924,0.09342,0.09352,0.09744,0.04223,0.09207
0.11600,0.09752,0.06166,0.08752,0.04613,0.04420,0.05499,0.04300,0.04432,0.06190,0.03216,0.10994,0.09484,0.04966,0.05616
0.16469,0.17273,0.10534,0.10365,0.04271,0.04065,0.05337,0.06082,0.04539,0.05907,0.02769,0.03742,0.04185,0.02031,0.02429
0.26434,0.05643,0.05314,0.22810,0.03269,0.02204,0.03514,0.02763,0.04212,0.03670,0.05082,0.03985,0.04540,0.03167,0.03393
0.15526,0.11181,0.08626,0.09318,0.03343,0.03635,0.05985,0.04441,0.04075,0.04803,0.02182,0.10002,0.07872,0.03017,0.05996
0.20719,0.10205,0.06387,0.13710,0.03625,0.03434,0.04252,0.03576,0.04284,0.05911,0.03782,0.06007,0.05702,0.03684,0.04723
0.19429,0.13462,0.10132,0.15388,0.03417,0.03714,0.05643,0.04369,0.04280,0.06019,0.01415,0.04727,0.04464,0.01678,0.01865
0.15597,0.08925,0.05860,0.16799,0.02551,0.02719,0.04333,0.03282,0.03140,0.03353,0.09699,0.04055,0.03201,0.05114,0.11370
0.19142,0.14229,0.07213,0.17814,0.04208,0.04824,0.05515,0.04777,0.06180,0.05891,0.02444,0.01678,0.01840,0.02040,0.02204
0.18247,0.12111,0.10236,0.12902,0.02547,0.02299,0.03861,0.02917,0.05996,0.05050,0.01538,0.08149,0.02091,0.04521,0.07534
0.17211,0.09763,0.06720,0.14510,0.03642,0.03066,0.04125,0.03656,0.03824,0.04827,0.03512,0.09355,0.10868,0.02884,0.02037
0.05024,0.05418,0.05322,0.04474,0.03697,0.04798,0.06352,0.04529,0.04150,0.04564,0.02504,0.20477,0.17535,0.03328,0.07829
0.09446,0.07459,0.22148,0.23525,0.03842,0.03473,0.02675,0.02278,0.02527,0.03486,0.03052,0.04767,0.05585,0.02073,0.03663
0.12998,0.09678,0.08716,0.10264,0.03924,0.03500,0.05014,0.04018,0.03630,0.04946,0.11031,0.04139,0.04976,0.02977,0.10188
0.09590,0.07091,0.07401,0.09047,0.05395,0.03934,0.06661,0.03473,0.04664,0.07227,0.09889,0.04903,0.03728,0.04809,0.12189
0.21367,0.13870,0.11413,0.15907,0.02300,0.02706,0.05574,0.04068,0.02919,0.05247,0.01982,0.04097,0.04326,0.01686,0.02536
0.11598,0.08379,0.07671,0.10831,0.03500,0.03806,0.06892,0.03329,0.03853,0.05682,0.03923,0.12477,0.12392,0.01773,0.03893
0.08312,0.06575,0.10499,0.06487,0.04093,0.03821,0.06051,0.03521,0.04471,0.07319,0.11202,0.05869,0.07383,0.03171,0.11227
0.15436,0.11748,0.09569,0.11341,0.04560,0.03771,0.07388,0.03603,0.05192,0.06629,0.01953,0.07410,0.07643,0.01833,0.01923
0.16218,0.15901,0.13765,0.08144,0.04735,0.03612,0.05978,0.05263,0.06574,0.08313,0.01060,0.03756,0.03456,0.01733,0.01493
0.17693,0.11744,0.10328,0.12172,0.05066,0.04862,0.06539,0.05731,0.05311,0.07533,0.02344,0.02824,0.02774,0.03091,0.01989
0.09643,0.07328,0.09168,0.08816,0.03425,0.03804,0.06710,0.02904,0.03407,0.05230,0.14940,0.04026,0.10109,0.04603,0.05886
0.13143,0.17906,0.17708,0.08165,0.03349,0.02830,0.03523,0.02943,0.03403,0.03841,0.01452,0.09425,0.08723,0.01640,0.01948
0.16872,0.12287,0.09541,0.11696,0.03898,0.04121,0.06546,0.05750,0.08955,0.06791,0.02235,0.03516,0.04104,0.01739,0.01948
0.25256,0.17415,0.10978,0.17315,0.01976,0.02248,0.02904,0.02256,0.02925,0.02821,0.02278,0.03798,0.03931,0.01211,0.02687
0.17923,0.12881,0.09371,0.13316,0.02511,0.02274,0.03847,0.02692,0.02419,0.03413,0.07361,0.06466,0.07057,0.01115,0.07355
0.10318,0.10635,0.07344,0.07739,0.03510,0.04338,0.02461,0.04250,0.04284,0.06627,0.10403,0.06689,0.06836,0.02185,0.12381
0.16622,0.14206,0.20731,0.22924,0.01655,0.01763,0.02247,0.01705,0.01657,0.01982,0.03236,0.02880,0.03084,0.01996,0.03313
0.20182,0.14877,0.08437,0.08591,0.02755,0.03048,0.02969,0.02647,0.04079,0.03790,0.07839,0.04873,0.07154,0.03210,0.05548
0.16372,0.12123,0.07035,0.06484,0.01601,0.01578,0.01720,0.02024,0.02498,0.02685,0.02324,0.18958,0.18093,0.01946,0.04556
0.19283,0.15655,0.11560,0.13327,0.02662,0.02291,0.04858,0.03061,0.04166,0.04285,0.01900,0.06777,0.07298,0.01227,0.01651
0.18108,0.10651,0.07909,0.14166,0.03718,0.03262,0.05216,0.03763,0.04284,0.04896,0.06402,0.03703,0.04839,0.02920,0.06163
0.19020,0.15287,0.09603,0.13630,0.03464,0.04457,0.04070,0.04030,0.05009,0.04432,0.02277,0.04913,0.04660,0.02433,0.02715
0.23409,0.08765,0.07800,0.15311,0.03728,0.02916,0.03573,0.03199,0.04224,0.04802,0.02713,0.06902,0.06198,0.03121,0.03339
0.10715,0.09451,0.06264,0.10050,0.03559,0.04380,0.04996,0.03814,0.05471,0.04333,0.03842,0.10712,0.06998,0.08269,0.07146
0.08310,0.17576,0.15288,0.05777,0.02477,0.01971,0.02601,0.02058,0.02045,0.02567,0.10063,0.04660,0.02979,0.09106,0.12521
0.06553,0.07049,0.03158,0.08792,0.07601,0.03198,0.08330,0.04288,0.04643,0.09114,0.11416,0.04238,0.05401,0.05099,0.11120
0.15713,0.12353,0.22166,0.04235,0.04904,0.01708,0.05921,0.04276,0.06358,0.13300,0.01710,0.01965,0.02223,0.01252,0.01915
0.14428,0.11451,0.06505,0.08405,0.03766,0.03073,0.06809,0.03715,0.04223,0.06164,0.04932,0.06195,0.06333,0.08200,0.05801
0.09833,0.09148,0.04803,0.06426,0.03260,0.03170,0.04606,0.03599,0.03975,0.03843,0.15676,0.05803,0.10975,0.05729,0.09156
0.09970,0.07613,0.15497,0.16740,0.03141,0.02914,0.06205,0.03379,0.03663,0.06292,0.04578,0.04738,0.04476,0.05192,0.05602
0.13102,0.12393,0.08431,0.08846,0.06490,0.07532,0.06647,0.06787,0.07189,0.06734,0.04323,0.02077,0.02820,0.02819,0.03811
0.17072,0.12146,0.10639,0.09722,0.03176,0.07977,0.06783,0.05146,0.03835,0.08572,0.04448,0.01877,0.03336,0.01664,0.03607
0.10422,0.09231,0.07912,0.09471,0.04801,0.03574,0.06106,0.04327,0.03986,0.06304,0.06619,0.08630,0.07957,0.03777,0.06883
0.11804,0.08641,0.07274,0.11031,0.03439,0.05091,0.08397,0.07116,0.03751,0.08185,0.01648,0.06998,0.06878,0.06744,0.03002
0.09582,0.09238,0.07792,0.08580,0.03035,0.03280,0.04497,0.03548,0.03334,0.04625,0.07194,0.11205,0.11310,0.04366,0.08416
0.08469,0.05507,0.07258,0.10362,0.04561,0.04690,0.07165,0.06106,0.07951,0.07424,0.05815,0.05786,0.05610,0.05744,0.07553
0.18373,0.15589,0.08464,0.13191,0.03455,0.03544,0.03814,0.04337,0.03483,0.04114,0.05739,0.03956,0.04692,0.01612,0.05637
0.07640,0.04372,0.22643,0.20355,0.03698,0.03590,0.03653,0.04082,0.03518,0.08823,0.04123,0.03119,0.03483,0.01764,0.05139
0.19561,0.17849,0.04746,0.06687,0.06383,0.04684,0.05494,0.04694,0.05166,0.06185,0.01977,0.05933,0.06419,0.01926,0.02297
0.08329,0.06753,0.05541,0.06799,0.02620,0.02525,0.03386,0.03082,0.03245,0.03331,0.03846,0.21951,0.22136,0.02442,0.04015
0.09297,0.07350,0.13908,0.16404,0.04025,0.03897,0.09250,0.06221,0.04986,0.06539,0.02271,0.05889,0.06034,0.01403,0.02528
0.07489,0.03761,0.04675,0.07152,0.05117,0.04961,0.05546,0.07269,0.11448,0.07735,0.03197,0.12585,0.13270,0.01741,0.04056
0.10155,0.11749,0.11820,0.07182,0.05707,0.04307,0.05379,0.04526,0.05315,0.05669,0.04217,0.07156,0.07131,0.03721,0.05967
0.20160,0.15841,0.12313,0.12820,0.02933,0.02262,0.03126,0.02431,0.02853,0.04607,0.02798,0.06473,0.05278,0.01680,0.04426
0.12178,0.10819,0.09056,0.09728,0.05733,0.04953,0.06565,0.05955,0.04839,0.05375,0.06122,0.04282,0.04198,0.03874,0.06323
0.18219,0.05670,0.02457,0.16469,0.04558,0.03004,0.11825,0.06263,0.06307,0.07751,0.03626,0.04144,0.04991,0.01716,0.02999
0.24468,0.13731,0.07700,0.17738,0.03156,0.02807,0.03948,0.02762,0.04152,0.03218,0.01817,0.05371,0.04966,0.02033,0.02134
0.10422,0.15994,0.10500,0.07668,0.03862,0.04292,0.10814,0.05720,0.06211,0.12052,0.02182,0.03328,0.02861,0.01820,0.02275
0.07993,0.11283,0.08980,0.04926,0.03078,0.03868,0.05162,0.06025,0.05603,0.06532,0.07481,0.08666,0.08777,0.02674,0.08951
0.11426,0.05629,0.03610,0.09734,0.02541,0.02553,0.03652,0.02823,0.03300,0.02830,0.14670,0.09169,0.11795,0.04350,0.11917
0.09759,0.12592,0.09276,0.09438,0.05034,0.03931,0.14550,0.07478,0.06268,0.11030,0.01514,0.03073,0.02912,0.01664,0.01482
0.16699,0.16751,0.09068,0.10695,0.03837,0.04263,0.06056,0.06096,0.05354,0.06458,0.01257,0.05007,0.04964,0.01786,0.01708
0.13813,0.11387,0.10410,0.11408,0.03157,0.03349,0.06396,0.04455,0.03946,0.06163,0.02884,0.08454,0.08610,0.02389,0.03178
0.09523,0.08804,0.05120,0.08475,0.06266,0.05413,0.04911,0.06405,0.05574,0.07610,0.03801,0.10073,0.07013,0.03387,0.07624
0.33833,0.28925,0.02943,0.04798,0.02743,0.02157,0.02498,0.04475,0.03630,0.02834,0.02069,0.01975,0.02406,0.02210,0.02503
0.26414,0.20324,0.08290,0.08762,0.01783,0.02625,0.02683,0.02217,0.03510,0.03367,0.01976,0.07109,0.06981,0.01757,0.02202
0.11676,0.08701,0.08420,0.10445,0.03541,0.03379,0.04935,0.03785,0.03840,0.04626,0.03221,0.11113,0.11610,0.05109,0.05601
0.14250,0.08678,0.13753,0.14282,0.04368,0.05586,0.07104,0.04210,0.06206,0.06545,0.01656,0.05112,0.04796,0.01559,0.01895
0.17528,0.13749,0.11853,0.12996,0.02642,0.03205,0.06007,0.04713,0.03808,0.05854,0.02216,0.05000,0.04468,0.03132,0.02829
0.16548,0.07186,0.04273,0.13468,0.04919,0.02907,0.06614,0.05192,0.04657,0.05184,0.08971,0.03915,0.03988,0.02505,0.09675
0.06909,0.08886,0.07685,0.12868,0.05037,0.05845,0.15656,0.10111,0.08060,0.04287,0.02092,0.04720,0.03886,0.01519,0.02439
0.12221,0.11027,0.12141,0.08061,0.02466,0.03328,0.07354,0.08935,0.06547,0.11797,0.03619,0.03779,0.03144,0.01601,0.03979
0.09112,0.08790,0.07095,0.07461,0.03599,0.03237,0.06301,0.05156,0.04574,0.05776,0.04555,0.09503,0.05765,0.08174,0.10903
0.19043,0.16992,0.04320,0.05007,0.04718,0.03945,0.05395,0.03770,0.03933,0.05655,0.06553,0.04994,0.05277,0.04059,0.06340
0.11637,0.07555,0.06882,0.10897,0.03800,0.03617,0.05383,0.02900,0.03974,0.04291,0.03014,0.14297,0.14586,0.03337,0.03830
0.27556,0.04956,0.04306,0.20870,0.03394,0.02854,0.03674,0.02962,0.05656,0.04307,0.02368,0.06317,0.06858,0.01817,0.02105
0.17804,0.13440,0.10438,0.14635,0.04631,0.04395,0.05906,0.04136,0.05982,0.05949,0.02102,0.02553,0.02797,0.02919,0.02314
0.26131,0.16663,0.08780,0.14176,0.02395,0.01974,0.03745,0.02282,0.03504,0.03364,0.04038,0.02905,0.03278,0.02684,0.04079
0.08438,0.06655,0.07192,0.05984,0.03412,0.03965,0.03805,0.04501,0.04946,0.04828,0.13583,0.05463,0.06423,0.05176,0.15629
0.14921,0.12689,0.06813,0.09041,0.05163,0.04655,0.08596,0.05802,0.06585,0.08446,0.01856,0.05686,0.05688,0.02145,0.01913
0.13144,0.11088,0.08240,0.10161,0.05063,0.03988,0.06237,0.04766,0.05249,0.05117,0.05239,0.06003,0.06574,0.02835,0.06295
0.11560,0.14166,0.10719,0.09663,0.05048,0.07205,0.06082,0.05133,0.04354,0.07536,0.01890,0.06649,0.07219,0.01458,0.01317
0.12090,0.16813,0.19073,0.06161,0.02709,0.02831,0.06184,0.04798,0.03237,0.05911,0.04900,0.03400,0.02995,0.02845,0.06055
0.06938,0.06580,0.06025,0.06996,0.03556,0.04778,0.07411,0.04665,0.04099,0.05672,0.10727,0.11245,0.14299,0.03247,0.03764
0.06568,0.05969,0.04436,0.06424,0.03742,0.03382,0.04283,0.03747,0.03462,0.06689,0.02042,0.22538,0.22810,0.02137,0.01771
0.07796,0.06768,0.04743,0.05880,0.05225,0.04225,0.04341,0.05071,0.05522,0.05607,0.08667,0.12337,0.14560,0.04687,0.04569
0.08743,0.08964,0.10105,0.10324,0.04935,0.03772,0.08080,0.04822,0.05002,0.05382,0.05667,0.06703,0.06956,0.03479,0.07066
0.17130,0.13727,0.04706,0.06102,0.03668,0.03841,0.03920,0.03525,0.03758,0.03714,0.11652,0.04259,0.07389,0.06186,0.06424
0.16259,0.13354,0.11636,0.13954,0.05131,0.04753,0.05809,0.04867,0.04859,0.05696,0.03163,0.02496,0.02455,0.01866,0.03701
0.16944,0.12139,0.10400,0.13019,0.04442,0.04008,0.05644,0.03668,0.04304,0.06575,0.04226,0.03218,0.04930,0.03332,0.03151
0.21928,0.16036,0.08108,0.09376,0.03289,0.03152,0.03363,0.03652,0.03481,0.04488,0.06323,0.03627,0.03275,0.02899,0.07004
0.15373,0.04873,0.03089,0.13951,0.04742,0.02004,0.06882,0.04686,0.04352,0.03184,0.08529,0.06479,0.05680,0.06335,0.09842
0.11805,0.09752,0.07186,0.09032,0.02913,0.02966,0.04612,0.03389,0.02791,0.04165,0.15972,0.03094,0.03353,0.03861,0.15109
0.07992,0.05289,0.03982,0.08043,0.02752,0.03486,0.04909,0.04233,0.03877,0.03884,0.17538,0.05080,0.08508,0.07252,0.13173
0.16113,0.11536,0.06303,0.13287,0.05845,0.05171,0.07239,0.05095,0.05208,0.06271,0.04926,0.03218,0.03693,0.01498,0.04596
0.11020,0.10198,0.11152,0.07838,0.02330,0.03082,0.06441,0.08504,0.06418,0.11110,0.06004,0.04029,0.04059,0.01766,0.06050
0.18675,0.17770,0.04763,0.08699,0.03508,0.02759,0.07995,0.07025,0.04888,0.03812,0.06187,0.03236,0.02870,0.01717,0.06098
0.33395,0.04187,0.04133,0.32132,0.01187,0.01379,0.02018,0.01784,0.01670,0.02542,0.04057,0.02820,0.02583,0.01648,0.04466
0.10182,0.07179,0.07391,0.08875,0.02987,0.02722,0.03645,0.02829,0.03437,0.04236,0.11027,0.08616,0.09441,0.04376,0.13057
0.12743,0.10330,0.08088,0.10001,0.03211,0.02478,0.04756,0.02324,0.03989,0.03808,0.08969,0.06222,0.06718,0.05489,0.10875
0.21968,0.06793,0.05629,0.21599,0.03001,0.02635,0.03685,0.03006,0.02776,0.03704,0.05517,0.05245,0.06265,0.04221,0.03956
0.05888,0.17881,0.17454,0.04255,0.03487,0.02821,0.02861,0.02259,0.02756,0.03122,0.08849,0.05446,0.07647,0.05269,0.10004
0.12647,0.09827,0.09784,0.11476,0.04095,0.03497,0.05668,0.04318,0.04493,0.05235,0.06697,0.06083,0.06260,0.02840,0.07081
0.08648,0.06620,0.09084,0.11559,0.03567,0.04558,0.05435,0.06138,0.07319,0.06775,0.05637,0.06991,0.06795,0.03406,0.07469
0.34223,0.32931,0.04444,0.06397,0.03402,0.01962,0.02338,0.01579,0.01721,0.03118,0.01432,0.01656,0.01502,0.01386,0.01908
0.12642,0.07518,0.06097,0.10726,0.02533,0.02893,0.04482,0.03375,0.03773,0.03757,0.09721,0.09839,0.09514,0.03248,0.09882
0.13587,0.12186,0.05983,0.09266,0.04799,0.05367,0.07117,0.05933,0.06957,0.07415,0.06701,0.02758,0.05145,0.02507,0.04279
0.16307,0.12774,0.12255,0.09833,0.03867,0.03441,0.04982,0.04657,0.05521,0.06810,0.03926,0.04586,0.05563,0.02683,0.02796
0.16390,0.09425,0.08972,0.13872,0.02074,0.01730,0.02612,0.01992,0.07580,0.03810,0.01460,0.11101,0.04513,0.04431,0.10039
0.21416,0.18890,0.04715,0.07347,0.03477,0.02987,0.04729,0.04257,0.03727,0.04064,0.05905,0.03950,0.04345,0.02932,0.07257
0.08460,0.08743,0.10383,0.09320,0.06542,0.05220,0.08151,0.06813,0.05421,0.10115,0.02666,0.04867,0.03808,0.04762,0.04728
0.19519,0.10882,0.07873,0.16341,0.02606,0.03362,0.05426,0.04714,0.03732,0.04912,0.03445,0.05334,0.05189,0.02654,0.04010
0.05327,0.15148,0.14854,0.04348,0.01985,0.01947,0.02956,0.02283,0.02288,0.02817,0.03015,0.14710,0.10773,0.08477,0.09072
0.09381,0.07330,0.05959,0.07374,0.03151,0.03190,0.03957,0.03399,0.03872,0.04884,0.02293,0.19905,0.20257,0.02311,0.02735
0.12806,0.09948,0.06471,0.09690,0.03922,0.04438,0.04696,0.03574,0.04383,0.04234,0.05980,0.08558,0.10713,0.05610,0.04977
0.05004,0.08700,0.06848,0.03820,0.03879,0.04965,0.04455,0.03302,0.03876,0.05063,0.04739,0.19146,0.20059,0.02294,0.03850
0.08220,0.08396,0.08596,0.09444,0.06698,0.05527,0.05970,0.05874,0.04892,0.06977,0.05201,0.06520,0.07650,0.05373,0.04661
0.08626,0.06259,0.31255,0.31636,0.02309,0.02096,0.03570,0.02824,0.02022,0.02821,0.01084,0.01317,0.01210,0.01524,0.01448
0.17277,0.16203,0.04625,0.05835,0.05823,0.04623,0.05650,0.04279,0.04900,0.06500,0.04540,0.06345,0.07225,0.02556,0.03619
0.14687,0.12668,0.07302,0.10789,0.04652,0.04158,0.05691,0.04892,0.04076,0.05893,0.04308,0.03914,0.05292,0.06600,0.05079
0.18730,0.12679,0.08261,0.12669,0.02232,0.02910,0.03663,0.02470,0.03230,0.04259,0.08142,0.05340,0.07491,0.02210,0.05714
0.05309,0.08213,0.07509,0.04594,0.03405,0.03035,0.04697,0.02853,0.03478,0.03602,0.07031,0.10873,0.08014,0.15206,0.12181
0.06990,0.15007,0.12197,0.06191,0.03743,0.02950,0.10698,0.05340,0.04647,0.07964,0.05969,0.04888,0.04668,0.02668,0.06080
0.17784,0.12023,0.07761,0.14362,0.02646,0.03210,0.04245,0.03502,0.03655,0.04144,0.04841,0.04195,0.05217,0.06060,0.06354
0.11930,0.09000,0.08680,0.10016,0.03763,0.02856,0.04729,0.02911,0.06078,0.04980,0.06078,0.08938,0.05055,0.03940,0.11046
0.04834,0.03847,0.03747,0.04241,0.01359,0.01272,0.01914,0.01563,0.01602,0.01866,0.01984,0.33541,0.33546,0.01840,0.02845
0.10041,0.07397,0.13284,0.13625,0.03938,0.02939,0.05718,0.05052,0.03745,0.05113,0.02387,0.10627,0.10813,0.02528,0.02792
0.12483,0.09235,0.08199,0.11379,0.03952,0.02886,0.05404,0.04254,0.03799,0.06154,0.01636,0.12414,0.13192,0.02722,0.02291
0.19684,0.03815,0.02223,0.16931,0.04063,0.03208,0.05588,0.03523,0.04013,0.04054,0.03643,0.11782,0.12926,0.01729,0.02816
0.08000,0.07236,0.07602,0.05085,0.02615,0.02229,0.02663,0.02567,0.03175,0.03682,0.07607,0.17617,0.20343,0.04226,0.05351
0.17084,0.07425,0.04379,0.16475,0.02880,0.03474,0.06817,0.04871,0.04306,0.05681,0.07854,0.03017,0.05403,0.06662,0.03670
0.14560,0.11175,0.06986,0.08249,0.03351,0.03189,0.04037,0.04255,0.04779,0.04737,0.03141,0.10637,0.11093,0.04189,0.05622
0.09147,0.09484,0.08427,0.09899,0.05674,0.04685,0.08061,0.06038,0.04992,0.06914,0.04939,0.06464,0.08013,0.02172,0.05093
0.14152,0.11456,0.07565,0.10002,0.04044,0.03526,0.03961,0.04792,0.04872,0.04650,0.05496,0.08279,0.07952,0.02996,0.06255
0.19314,0.10860,0.08398,0.16358,0.03427,0.03060,0.05231,0.03281,0.05086,0.04703,0.04961,0.03678,0.04190,0.02631,0.04823
0.08973,0.09457,0.04534,0.04277,0.05846,0.03815,0.02221,0.02349,0.03521,0.13440,0.01451,0.17889,0.18270,0.01841,0.02114
0.17447,0.13905,0.07299,0.07925,0.04155,0.03075,0.03053,0.03432,0.03458,0.03788,0.02349,0.10864,0.06674,0.04995,0.07582
0.12536,0.08039,0.07039,0.12013,0.03047,0.03877,0.08345,0.06446,0.04690,0.05654,0.06397,0.05389,0.05302,0.04041,0.07182
0.16946,0.13278,0.09199,0.12943,0.05040,0.04179,0.05251,0.04511,0.04255,0.04887,0.06600,0.02253,0.02295,0.01923,0.06439
0.13648,0.08801,0.18884,0.16258,0.02196,0.01952,0.02774,0.02463,0.03205,0.06892,0.03488,0.07197,0.07212,0.01297,0.03734
0.13448,0.10798,0.10315,0.09804,0.03764,0.03813,0.03612,0.03420,0.03357,0.03224,0.06679,0.08431,0.09101,0.04696,0.05536
0.06743,0.09115,0.04827,0.09300,0.04512,0.06206,0.02688,0.05369,0.07062,0.09649,0.04509,0.08098,0.08104,0.08014,0.05805
0.21299,0.09426,0.04412,0.16276,0.03727,0.04572,0.03297,0.04345,0.05367,0.09999,0.02412,0.04714,0.03522,0.03061,0.03570
0.08532,0.06735,0.14013,0.15205,0.03904,0.03463,0.04640,0.02823,0.03318,0.04640,0.08034,0.04719,0.03910,0.05781,0.10284
0.18352,0.11267,0.10559,0.11505,0.04717,0.04121,0.06342,0.06369,0.04507,0.07118,0.02827,0.04125,0.04326,0.01509,0.02354
0.18090,0.12448,0.07831,0.16161,0.02557,0.02773,0.04951,0.03668,0.02737,0.03538,0.07536,0.03443,0.03415,0.03935,0.06915
0.15023,0.10540,0.05788,0.16672,0.03984,0.02856,0.05753,0.05713,0.04221,0.04129,0.01580,0.09424,0.08034,0.02510,0.03772
0.11722,0.06693,0.04190,0.10781,0.04371,0.02368,0.11119,0.05946,0.04742,0.05444,0.11838,0.03117,0.03276,0.02307,0.12086
0.09620,0.06965,0.10093,0.05582,0.03791,0.01816,0.04114,0.02859,0.03302,0.06197,0.02646,0.18824,0.19086,0.01700,0.03405
0.08804,0.05371,0.17639,0.17376,0.03111,0.02870,0.05137,0.03134,0.03428,0.06530,0.01910,0.09817,0.10220,0.02054,0.02599
0.07215,0.09713,0.08563,0.06270,0.04142,0.03385,0.04132,0.03320,0.03172,0.03037,0.05029,0.14944,0.14718,0.06038,0.06322
0.14328,0.13256,0.06491,0.10286,0.04490,0.03619,0.06353,0.04737,0.04297,0.05298,0.05344,0.05576,0.07153,0.04285,0.04488
0.17282,0.08164,0.03312,0.13612,0.02277,0.02145,0.03465,0.03094,0.02968,0.03526,0.05507,0.12454,0.13440,0.02535,0.06220
0.07739,0.08596,0.09059,0.05280,0.01949,0.02027,0.03235,0.02690,0.02405,0.02872,0.01120,0.25223,0.24864,0.01333,0.01608
0.09116,0.10701,0.10671,0.05948,0.03259,0.03533,0.05901,0.05851,0.05831,0.07826,0.04261,0.09479,0.07223,0.03007,0.07394
0.28584,0.26516,0.10276,0.12614,0.01671,0.01297,0.01936,0.01536,0.01725,0.02086,0.01934,0.02751,0.02454,0.01518,0.03102
0.15447,0.17915,0.15997,0.13167,0.02908,0.02019,0.07045,0.03705,0.03605,0.04754,0.01698,0.03444,0.02474,0.02341,0.03481
0.08943,0.21078,0.18921,0.06208,0.03649,0.03415,0.06382,0.03959,0.04149,0.05995,0.02734,0.04255,0.04377,0.02206,0.03730
0.16869,0.11307,0.09220,0.11666,0.03412,0.03091,0.03109,0.02559,0.03410,0.04664,0.05334,0.07271,0.03655,0.03957,0.10475
0.39336,0.04281,0.02852,0.38352,0.01281,0.01305,0.01561,0.01119,0.01437,0.01935,0.01098,0.01543,0.01477,0.01051,0.01374
0.20015,0.12486,0.07305,0.12085,0.02493,0.02799,0.04341,0.02481,0.03339,0.03234,0.02486,0.10752,0.11036,0.02411,0.02735
0.18627,0.13807,0.07737,0.15276,0.02286,0.02460,0.02765,0.03235,0.02696,0.03028,0.02510,0.09992,0.10523,0.02560,0.02498
0.21500,0.12282,0.06712,0.14358,0.03634,0.04000,0.03989,0.04348,0.04976,0.10256,0.01847,0.04095,0.03986,0.01544,0.02472
0.37499,0.33278,0.03702,0.04383,0.01550,0.01942,0.01758,0.02104,0.02463,0.02204,0.01056,0.02576,0.02368,0.01580,0.01536
0.14571,0.10036,0.06386,0.10483,0.02162,0.01357,0.02087,0.01826,0.02395,0.02253,0.02101,0.19860,0.19361,0.01856,0.03264
0.14907,0.09778,0.06852,0.11612,0.03463,0.02809,0.03388,0.03364,0.03555,0.03560,0.05798,0.10534,0.10089,0.03198,0.07094
0.10966,0.08612,0.08140,0.07743,0.04577,0.04070,0.04819,0.03522,0.04907,0.04657,0.07943,0.07758,0.07557,0.04367,0.10361
0.27684,0.08324,0.07168,0.23035,0.02901,0.01632,0.03827,0.02286,0.03120,0.03342,0.01658,0.05871,0.04315,0.01911,0.02926
0.11473,0.11015,0.08575,0.10151,0.04779,0.05173,0.06097,0.06136,0.04728,0.05830,0.02500,0.08924,0.09981,0.02615,0.02023
0.06295,0.03650,0.05977,0.06654,0.01382,0.01792,0.01980,0.01651,0.01761,0.02877,0.02781,0.27853,0.26158,0.03210,0.05980
0.10108,0.10039,0.10015,0.09006,0.04284,0.04053,0.06924,0.06577,0.04111,0.06733,0.05110,0.05663,0.04917,0.06517,0.05944
0.25397,0.22973,0.10279,0.12416,0.01815,0.02125,0.02405,0.02185,0.02642,0.02469,0.02109,0.04513,0.05087,0.01582,0.02002
0.12898,0.04642,0.02734,0.11937,0.06030,0.05131,0.10892,0.06307,0.05696,0.06867,0.06199,0.06021,0.06233,0.02113,0.06299
0.19502,0.16073,0.12799,0.11652,0.02318,0.01653,0.03135,0.01439,0.02884,0.02098,0.03284,0.09021,0.09346,0.01314,0.03482
0.14083,0.17541,0.21866,0.05581,0.01333,0.01340,0.02368,0.01667,0.01883,0.01794,0.01479,0.13258,0.13258,0.00923,0.01627
0.04649,0.10171,0.08542,0.05033,0.04270,0.02496,0.10830,0.05406,0.04522,0.05735,0.14590,0.03228,0.08234,0.04483,0.07813
0.06889,0.05601,0.09895,0.11511,0.03173,0.02729,0.05207,0.02802,0.03859,0.05088,0.03738,0.16394,0.17381,0.02248,0.03488
0.08191,0.07886,0.06531,0.11758,0.07190,0.03583,0.06591,0.04677,0.04778,0.10200,0.02636,0.06483,0.08829,0.08532,0.02135
0.14816,0.19851,0.24467,0.07223,0.02957,0.02951,0.04196,0.02610,0.05347,0.03018,0.01797,0.03092,0.03490,0.01993,0.02193
0.20497,0.12915,0.08277,0.18400,0.02193,0.02351,0.03546,0.03470,0.02533,0.03473,0.01882,0.08332,0.08615,0.01440,0.02075
0.24584,0.21822,0.02444,0.03786,0.02450,0.02633,0.02940,0.03931,0.02762,0.02294,0.02640,0.09750,0.08495,0.04855,0.04613
0.12438,0.12592,0.11995,0.10416,0.03442,0.02983,0.05639,0.03586,0.03568,0.05849,0.06729,0.05139,0.06215,0.04287,0.05124
0.19742,0.17238,0.08619,0.09878,0.02828,0.02997,0.06544,0.03846,0.03685,0.05684,0.03891,0.03930,0.03677,0.03463,0.03978
0.13577,0.10268,0.09710,0.10799,0.02654,0.02823,0.05357,0.03563,0.03735,0.03974,0.03389,0.11490,0.10869,0.03279,0.04512
0.10228,0.08562,0.05771,0.07373,0.03384,0.03818,0.04166,0.03282,0.03804,0.04037,0.08059,0.12663,0.12540,0.03947,0.08367
0.08868,0.07053,0.09054,0.10051,0.02521,0.02389,0.03812,0.02646,0.03008,0.03518,0.12910,0.08145,0.08930,0.05297,0.11798
0.14573,0.08163,0.06247,0.17336,0.03991,0.03531,0.09993,0.03792,0.02564,0.05447,0.03613,0.07935,0.08131,0.01829,0.02856
0.08220,0.18376,0.15981,0.06273,0.04440,0.03103,0.06854,0.04212,0.03636,0.04057,0.02499,0.08181,0.06763,0.02909,0.04497
0.09448,0.13589,0.07892,0.08275,0.05922,0.07923,0.07719,0.06486,0.05907,0.06187,0.04965,0.02782,0.04211,0.03380,0.05315
0.20391,0.15120,0.10527,0.15655,0.02617,0.03085,0.04549,0.03601,0.03562,0.04338,0.01734,0.05360,0.06039,0.01707,0.01714
0.13905,0.10122,0.08496,0.08335,0.06522,0.06177,0.06963,0.05772,0.05694,0.07183,0.01971,0.04843,0.03992,0.06304,0.03721
0.07259,0.05393,0.09311,0.10807,0.02820,0.02934,0.04967,0.03061,0.03532,0.04293,0.01633,0.20277,0.20660,0.01538,0.01514
0.10718,0.09734,0.09661,0.08018,0.03328,0.02926,0.04889,0.04670,0.03689,0.04524,0.11274,0.04705,0.04838,0.04701,0.12325
0.07497,0.12854,0.09149,0.05186,0.05614,0.04353,0.06797,0.05188,0.05699,0.05749,0.07871,0.03367,0.03927,0.08443,0.08308
0.12468,0.09763,0.05384,0.06809,0.05575,0.06046,0.06174,0.05622,0.05042,0.07669,0.02111,0.09725,0.07485,0.04359,0.05769
0.31198,0.09766,0.08464,0.21200,0.02928,0.03189,0.02958,0.02749,0.03593,0.03401,0.02082,0.02030,0.01766,0.02132,0.02543
0.05628,0.03726,0.26700,0.28845,0.01997,0.03216,0.03543,0.03014,0.02255,0.03856,0.04137,0.03051,0.01918,0.02224,0.05890
0.15696,0.12965,0.19405,0.21867,0.02013,0.01727,0.01779,0.02246,0.02066,0.02271,0.02162,0.06068,0.05590,0.01390,0.02755
0.10549,0.06868,0.15778,0.15707,0.02894,0.02469,0.02916,0.02936,0.02925,0.05718,0.04579,0.08631,0.09758,0.04078,0.04195
0.15060,0.07555,0.05758,0.12001,0.06677,0.05421,0.08676,0.05519,0.05846,0.08496,0.03876,0.03670,0.03319,0.04411,0.03716
0.09555,0.06806,0.04162,0.04678,0.01956,0.02043,0.02438,0.02306,0.02451,0.02371,0.05856,0.22958,0.24293,0.02056,0.06071
0.10330,0.07524,0.05809,0.06713,0.02886,0.02128,0.02561,0.02450,0.02723,0.02799,0.13207,0.12251,0.12224,0.02459,0.13935
0.13169,0.05655,0.04801,0.11755,0.02720,0.02441,0.03192,0.02453,0.02988,0.03519,0.02327,0.19497,0.19195,0.03036,0.03252
0.13259,0.14553,0.13131,0.07646,0.02714,0.02567,0.02131,0.02212,0.03764,0.04596,0.04198,0.11030,0.11323,0.01796,0.05081
0.07757,0.05819,0.03044,0.03930,0.03319,0.03535,0.07848,0.04726,0.04191,0.09037,0.16754,0.03338,0.02655,0.06163,0.17884
0.25037,0.19698,0.09294,0.16689,0.02473,0.03042,0.03078,0.04250,0.03678,0.03779,0.01058,0.02325,0.02616,0.01223,0.01760
0.12772,0.07828,0.19687,0.18302,0.03569,0.03263,0.03802,0.03838,0.04599,0.09013,0.03283,0.02141,0.02563,0.01687,0.03655
0.23063,0.15396,0.09415,0.15851,0.03266,0.02349,0.03270,0.02828,0.03342,0.05214,0.02595,0.04743,0.05020,0.01489,0.02158
0.12234,0.19487,0.22580,0.04980,0.03098,0.02346,0.04332,0.03588,0.03110,0.05829,0.03197,0.04550,0.03862,0.02764,0.04041
0.24448,0.15841,0.05646,0.15673,0.04953,0.03258,0.03035,0.02621,0.03467,0.10873,0.01674,0.02592,0.02913,0.01370,0.01637
0.10788,0.08126,0.06542,0.08510,0.02688,0.02721,0.03287,0.02880,0.03412,0.03519,0.05397,0.16035,0.16066,0.02968,0.07061
0.14706,0.10548,0.08518,0.11777,0.03151,0.03447,0.04731,0.03330,0.04009,0.04879,0.03051,0.11689,0.11791,0.01511,0.02862
0.08613,0.06722,0.06338,0.07601,0.03028,0.03132,0.04284,0.02633,0.05950,0.04896,0.05933,0.13200,0.06523,0.05642,0.15505
0.10803,0.12351,0.14059,0.05013,0.05009,0.03659,0.05104,0.05597,0.05606,0.09281,0.02720,0.07072,0.06947,0.03488,0.03291
0.11194,0.07946,0.06762,0.07509,0.03205,0.05012,0.04505,0.04386,0.04063,0.05194,0.11502,0.04655,0.09313,0.08705,0.06048
0.12580,0.09432,0.10531,0.09071,0.04372,0.02753,0.04538,0.03900,0.04385,0.06591,0.02222,0.12493,0.12521,0.01770,0.02842
0.10996,0.09540,0.10534,0.08146,0.05061,0.04454,0.06374,0.03848,0.06252,0.07639,0.04547,0.08426,0.08156,0.01695,0.04333
0.09816,0.07645,0.16452,0.18327,0.02926,0.02814,0.03499,0.02389,0.02798,0.03590,0.03211,0.09767,0.09812,0.02751,0.04203
0.09990,0.04904,0.04990,0.08306,0.05565,0.06707,0.06787,0.05537,0.04973,0.06117,0.05141,0.11433,0.11573,0.02608,0.05369
0.14285,0.09684,0.06613,0.13188,0.04186,0.04447,0.07010,0.05650,0.05777,0.06714,0.03901,0.04804,0.05297,0.03525,0.04920
0.21670,0.16146,0.12576,0.14539,0.02199,0.01945,0.03151,0.02414,0.02734,0.04016,0.02421,0.06132,0.06335,0.01456,0.02265
0.12853,0.11115,0.08184,0.10043,0.06913,0.05856,0.06657,0.04740,0.05584,0.06325,0.04963,0.04135,0.05341,0.02937,0.04354
0.15371,0.13163,0.08038,0.10155,0.02791,0.03004,0.03006,0.03618,0.03570,0.04430,0.03900,0.07698,0.06124,0.07248,0.07884
0.05100,0.05474,0.05511,0.04069,0.02177,0.02328,0.01749,0.02134,0.02380,0.02437,0.24304,0.06276,0.06368,0.04325,0.25368
0.28427,0.27718,0.04526,0.05424,0.02799,0.02221,0.02598,0.02029,0.02161,0.03163,0.04730,0.03326,0.04452,0.01990,0.04437
0.10464,0.06412,0.03969,0.10831,0.04304,0.03987,0.05736,0.04330,0.05181,0.04763,0.04909,0.12415,0.11929,0.04767,0.06003
0.15210,0.10149,0.14319,0.13494,0.02756,0.02729,0.03977,0.03081,0.03526,0.04795,0.05349,0.05114,0.04585,0.04251,0.06663
0.17025,0.09854,0.08835,0.15648,0.03386,0.03398,0.05173,0.04969,0.04070,0.06364,0.02121,0.07153,0.07478,0.02249,0.02276
0.08269,0.07219,0.06693,0.08086,0.02934,0.02965,0.05372,0.04169,0.03750,0.05416,0.05375,0.11273,0.08504,0.08917,0.11058
0.10209,0.11506,0.05744,0.07232,0.07426,0.06113,0.04312,0.04574,0.05217,0.17563,0.02813,0.04905,0.05543,0.03802,0.03041
0.06328,0.04795,0.04727,0.07199,0.02653,0.02334,0.03812,0.03031,0.02743,0.03570,0.14933,0.12937,0.13886,0.02406,0.14645
0.10266,0.07303,0.03420,0.05001,0.03077,0.03741,0.06383,0.03832,0.05079,0.06935,0.16601,0.03635,0.03861,0.03944,0.16920
0.30726,0.04133,0.02906,0.22329,0.02986,0.02989,0.02699,0.03649,0.04022,0.04314,0.04127,0.05193,0.06295,0.01493,0.02139
0.10960,0.10641,0.07510,0.09490,0.06020,0.04240,0.11245,0.06021,0.06240,0.10349,0.03634,0.04073,0.04728,0.02432,0.02417
0.07679,0.05864,0.07786,0.07838,0.04343,0.04023,0.03670,0.04188,0.04270,0.04834,0.09777,0.09186,0.10058,0.06057,0.10426
0.08511,0.08713,0.09405,0.05842,0.02271,0.02341,0.03543,0.02158,0.03182,0.03032,0.03301,0.20464,0.21721,0.02275,0.03240
0.09286,0.06561,0.06533,0.08501,0.03215,0.03002,0.05015,0.02557,0.02674,0.04433,0.06214,0.15574,0.16537,0.03898,0.06001
0.18344,0.12902,0.10049,0.14832,0.03733,0.04125,0.06434,0.03662,0.04107,0.05705,0.01335,0.05780,0.05507,0.01715,0.01770
0.22594,0.10125,0.05254,0.19674,0.02744,0.02940,0.05445,0.04241,0.03515,0.04968,0.05042,0.03197,0.03601,0.02289,0.04370
0.12566,0.06852,0.03011,0.09304,0.03750,0.03393,0.03087,0.03044,0.02823,0.06574,0.19025,0.02076,0.02867,0.02794,0.18833
0.20202,0.14284,0.08426,0.16150,0.04566,0.03615,0.04031,0.04911,0.04770,0.04838,0.01784,0.04093,0.04172,0.02330,0.01828
