0.11476,0.10183,0.38157,0.40185
0.07692,0.08818,0.41416,0.42073
0.03973,0.04406,0.44948,0.46673
0.05484,0.05720,0.43201,0.45595
0.06667,0.06841,0.43113,0.43379
0.07165,0.08709,0.40882,0.43244
0.08449,0.09253,0.40475,0.41824
0.09253,0.10399,0.39709,0.40638
0.09581,0.08862,0.39643,0.41914
0.07642,0.08473,0.41548,0.42338
0.06573,0.07845,0.41899,0.43683
0.07771,0.06647,0.42195,0.43387
0.05387,0.05919,0.43402,0.45292
0.04809,0.05534,0.44640,0.45017
0.07703,0.07336,0.40969,0.43992
0.09355,0.08374,0.40776,0.41495
0.07483,0.07106,0.42098,0.43312
0.05167,0.05657,0.44099,0.45078
0.08612,0.08206,0.41008,0.42173
0.03100,0.03185,0.45803,0.47912
0.07210,0.06242,0.40971,0.45577
0.08107,0.08074,0.41180,0.42639
0.04692,0.05828,0.44064,0.45416
0.06999,0.06290,0.42785,0.43927
0.08818,0.09535,0.39648,0.41999
0.08386,0.07913,0.40334,0.43367
0.04148,0.04214,0.44221,0.47417
0.10998,0.12450,0.37975,0.38577
0.12590,0.15774,0.34375,0.37261
0.07049,0.06001,0.42787,0.44163
0.19948,0.26248,0.26237,0.27567
0.08048,0.07985,0.42545,0.41422
0.14577,0.15286,0.34935,0.35202
0.04108,0.03922,0.45456,0.46514
0.09498,0.09922,0.39723,0.40857
0.08236,0.08578,0.41359,0.41827
0.04486,0.05356,0.44121,0.46037
0.08696,0.09140,0.40453,0.41711
0.05646,0.05408,0.43436,0.45510
0.11391,0.10900,0.37987,0.39722
0.11234,0.10704,0.38643,0.39419
0.06563,0.07647,0.41780,0.44010
0.05284,0.05112,0.44432,0.45172
0.06060,0.05924,0.43007,0.45009
0.05456,0.05473,0.43082,0.45989
0.06305,0.05833,0.42730,0.45133
0.05240,0.05840,0.43351,0.45569
0.05724,0.06524,0.42745,0.45007
0.04825,0.04911,0.44442,0.45823
0.06259,0.06554,0.42931,0.44257
0.05759,0.06287,0.42721,0.45233
0.12766,0.14294,0.35387,0.37552
0.04056,0.04702,0.44784,0.46459
0.05953,0.07840,0.42016,0.44190
0.18223,0.18597,0.30976,0.32204
0.07380,0.08293,0.41044,0.43283
0.07533,0.07630,0.41202,0.43636
0.07447,0.06762,0.41810,0.43982
0.05916,0.05696,0.43410,0.44978
0.08022,0.07761,0.42014,0.42204
0.11086,0.10933,0.38750,0.39231
0.09307,0.09783,0.39888,0.41022
0.05018,0.04686,0.44217,0.46078
0.06391,0.06347,0.42685,0.44576
0.12511,0.18260,0.33936,0.35293
0.07425,0.08766,0.41181,0.42628
0.07220,0.06354,0.41379,0.45047
0.04533,0.04582,0.44923,0.45962
0.04882,0.05870,0.43275,0.45973
0.03817,0.03309,0.45874,0.47001
0.09117,0.10023,0.39958,0.40903
0.05532,0.06160,0.43305,0.45004
0.08310,0.09060,0.40336,0.42294
0.08330,0.10234,0.39418,0.42018
0.03649,0.03957,0.45608,0.46786
0.09434,0.11005,0.37973,0.41588
0.08330,0.08920,0.40360,0.42389
0.06307,0.06462,0.42167,0.45063
0.08004,0.07319,0.41589,0.43089
0.07470,0.07066,0.41569,0.43894
0.05528,0.05682,0.43596,0.45194
0.04441,0.04933,0.43718,0.46908
0.07988,0.08126,0.41984,0.41902
0.06025,0.06388,0.43118,0.44469
0.05562,0.05991,0.43726,0.44721
0.03956,0.03992,0.45588,0.46464
0.08092,0.08831,0.41090,0.41988
0.15770,0.15620,0.33825,0.34784
0.05390,0.05221,0.44292,0.45097
0.09633,0.09839,0.39884,0.40644
0.03716,0.03399,0.45640,0.47245
0.04535,0.04426,0.44151,0.46889
0.06149,0.05550,0.43716,0.44584
0.09916,0.11205,0.38835,0.40043
0.09472,0.09589,0.39228,0.41710
0.06777,0.08441,0.41376,0.43406
0.05972,0.06448,0.43171,0.44409
0.06161,0.07836,0.41970,0.44033
0.11876,0.12620,0.36963,0.38541
0.08529,0.09216,0.39750,0.42505
0.06333,0.06318,0.42669,0.44680
0.21905,0.17442,0.30082,0.30572
0.09474,0.09614,0.39934,0.40978
0.06654,0.07153,0.42219,0.43974
0.11103,0.12547,0.37550,0.38801
0.09979,0.11330,0.38205,0.40486
0.10683,0.09718,0.38233,0.41367
0.07976,0.09056,0.40969,0.41999
0.07017,0.06995,0.42308,0.43681
0.05347,0.05784,0.43545,0.45323
0.06683,0.07149,0.41961,0.44207
0.07400,0.06968,0.41536,0.44096
0.04275,0.04957,0.45101,0.45667
0.07783,0.08993,0.40673,0.42551
0.04526,0.04228,0.44341,0.46905
0.03629,0.03616,0.45251,0.47504
0.07098,0.06963,0.41314,0.44625
0.03935,0.04027,0.45118,0.46920
0.04059,0.04892,0.44502,0.46548
0.03898,0.04430,0.44746,0.46926
0.05183,0.05481,0.42873,0.46463
0.09118,0.11322,0.39446,0.40115
0.06057,0.06377,0.42532,0.45034
0.07458,0.08548,0.41724,0.42270
0.04484,0.05068,0.44658,0.45790
0.06003,0.06586,0.43273,0.44137
0.05752,0.06422,0.43352,0.44474
0.05666,0.06552,0.42238,0.45543
0.12362,0.12308,0.37150,0.38180
0.04479,0.05114,0.44517,0.45891
0.08511,0.09694,0.39798,0.41998
0.08851,0.07698,0.41524,0.41927
0.06397,0.05204,0.43263,0.45135
0.07521,0.07402,0.41595,0.43482
0.07998,0.07985,0.41189,0.42828
0.11897,0.12707,0.37048,0.38347
0.04405,0.04814,0.43837,0.46944
0.08097,0.08461,0.40692,0.42751
0.05718,0.06131,0.43425,0.44727
0.05922,0.06045,0.44095,0.43938
0.08503,0.08335,0.41082,0.42080
0.04942,0.04858,0.44567,0.45633
0.04950,0.05042,0.43729,0.46278
0.07748,0.07675,0.41038,0.43540
0.03321,0.03594,0.45969,0.47116
0.09074,0.09261,0.40274,0.41392
0.14298,0.16511,0.33912,0.35279
0.03942,0.04111,0.44873,0.47075
0.07380,0.07441,0.41992,0.43186
0.05784,0.05899,0.43626,0.44692
0.05201,0.04056,0.44062,0.46682
0.05313,0.05018,0.44154,0.45515
0.04554,0.04492,0.44275,0.46679
0.09780,0.08531,0.40553,0.41136
0.10807,0.09619,0.38559,0.41015
0.04959,0.05502,0.43628,0.45912
0.06847,0.08046,0.41287,0.43820
0.05344,0.05284,0.44086,0.45286
0.04867,0.05258,0.43428,0.46448
0.06889,0.07672,0.41639,0.43800
0.09225,0.10238,0.39430,0.41107
0.10729,0.09902,0.38364,0.41005
0.08070,0.07553,0.41507,0.42870
0.07163,0.07864,0.41047,0.43927
0.08265,0.07865,0.40828,0.43043
0.18719,0.19593,0.30100,0.31588
0.07718,0.07751,0.41225,0.43306
0.04909,0.05782,0.43930,0.45379
0.04543,0.04185,0.44115,0.47156
0.08094,0.10724,0.40513,0.40669
0.08397,0.09223,0.40393,0.41986
0.06558,0.06711,0.42810,0.43921
0.05440,0.06611,0.44035,0.43915
0.16438,0.19018,0.31435,0.33110
0.10657,0.10410,0.38710,0.40223
0.08695,0.08642,0.40933,0.41730
0.05447,0.06628,0.43340,0.44586
0.08538,0.09715,0.40638,0.41110
0.04636,0.04982,0.44118,0.46264
0.09001,0.08194,0.40850,0.41955
0.07877,0.09985,0.40714,0.41424
0.07504,0.07437,0.42381,0.42678
0.07529,0.07224,0.41773,0.43474
0.05893,0.05723,0.43467,0.44918
0.07184,0.07443,0.41896,0.43477
0.10893,0.13245,0.37760,0.38102
0.10043,0.09419,0.39432,0.41106
0.06907,0.05698,0.43274,0.44121
0.14831,0.17651,0.32923,0.34595
0.05270,0.05016,0.43347,0.46367
0.05898,0.04991,0.43441,0.45671
0.08799,0.09542,0.40527,0.41132
0.09311,0.08330,0.40679,0.41679
0.06892,0.06602,0.43294,0.43213
0.10377,0.11478,0.39080,0.39065
0.05382,0.05504,0.43943,0.45171
0.07062,0.08083,0.41720,0.43135
0.06088,0.05411,0.43022,0.45479
0.09801,0.11043,0.38760,0.40396
0.16368,0.19903,0.31489,0.32240
0.07585,0.07391,0.41660,0.43363
0.03463,0.03643,0.45463,0.47431
0.04177,0.04186,0.45721,0.45916
0.05144,0.04989,0.44343,0.45523
0.06937,0.05660,0.43250,0.44152
0.08327,0.09151,0.40532,0.41990
0.13789,0.16619,0.33727,0.35865
0.12229,0.14452,0.36354,0.36965
0.05236,0.05486,0.43587,0.45690
0.07921,0.07274,0.41385,0.43420
0.08502,0.07855,0.41495,0.42148
0.04020,0.04283,0.45538,0.46159
0.05679,0.05546,0.42255,0.46520
0.05951,0.05709,0.43649,0.44690
0.03653,0.04038,0.44864,0.47445
0.07053,0.09511,0.41412,0.42023
0.07472,0.08179,0.41672,0.42677
0.04180,0.04444,0.44764,0.46612
0.06538,0.06000,0.42795,0.44667
0.10541,0.14025,0.37209,0.38225
0.07558,0.08069,0.41147,0.43225
0.11132,0.10981,0.39182,0.38705
0.11299,0.11270,0.37913,0.39518
0.07655,0.07465,0.40874,0.44006
0.08577,0.10008,0.40061,0.41354
0.08286,0.09243,0.40341,0.42130
0.05938,0.06177,0.43924,0.43962
0.09386,0.10037,0.39792,0.40785
0.17769,0.15595,0.32766,0.33871
0.06749,0.07208,0.42231,0.43812
0.07098,0.08363,0.40999,0.43541
0.05882,0.05293,0.43516,0.45309
0.08011,0.08815,0.40678,0.42495
0.06353,0.07644,0.42442,0.43561
0.03782,0.04019,0.45497,0.46703
0.10257,0.09630,0.39943,0.40170
0.05367,0.05033,0.43653,0.45947
0.06611,0.07835,0.42194,0.43360
0.08347,0.09137,0.39352,0.43164
0.08082,0.07399,0.41639,0.42880
0.10946,0.12280,0.37934,0.38840
0.06023,0.06071,0.42493,0.45413
0.15656,0.20216,0.31824,0.32304
0.03688,0.03821,0.45563,0.46928
0.21152,0.17297,0.30273,0.31277
0.07835,0.08539,0.40791,0.42835
0.09232,0.08917,0.40612,0.41239
0.07357,0.08543,0.41869,0.42230
0.06514,0.06267,0.42270,0.44949
0.07217,0.08681,0.41805,0.42297
0.05741,0.05008,0.43793,0.45458
0.08623,0.08188,0.40920,0.42268
0.09986,0.09076,0.39316,0.41621
0.12901,0.13630,0.36019,0.37450
0.08269,0.08409,0.41021,0.42301
0.06487,0.06796,0.42715,0.44002
0.04127,0.04264,0.45534,0.46075
0.07989,0.06779,0.41549,0.43683
0.08577,0.09131,0.40675,0.41617
0.07405,0.07061,0.42211,0.43323
0.06150,0.06144,0.42512,0.45193
0.09967,0.10963,0.38704,0.40367
0.07847,0.07189,0.41930,0.43035
0.04740,0.05025,0.44371,0.45865
0.03569,0.04186,0.44433,0.47812
0.06567,0.06546,0.42022,0.44865
0.08057,0.08165,0.41123,0.42655
0.05964,0.06312,0.42550,0.45174
0.07190,0.07281,0.41781,0.43747
0.09908,0.09153,0.40240,0.40700
0.06750,0.06155,0.43360,0.43735
0.04483,0.05490,0.44201,0.45826
0.07385,0.07775,0.41418,0.43421
0.05259,0.05543,0.43401,0.45797
0.05190,0.05099,0.44110,0.45601
0.12485,0.16685,0.34675,0.36154
0.10190,0.11621,0.38219,0.39970
0.04712,0.04713,0.44473,0.46102
0.12742,0.16723,0.34721,0.35814
0.02804,0.02428,0.46408,0.48360
0.04907,0.03786,0.44867,0.46440
0.06996,0.08106,0.41246,0.43651
0.05784,0.05312,0.44652,0.44252
0.05269,0.06049,0.43710,0.44973
0.08851,0.09501,0.39560,0.42088
0.08112,0.08288,0.41228,0.42372
0.07324,0.08187,0.42530,0.41959
0.06333,0.06035,0.43297,0.44335
0.04831,0.05070,0.43664,0.46434
0.04236,0.03788,0.45175,0.46801
0.04086,0.04564,0.45543,0.45807
0.10100,0.10159,0.38047,0.41694
0.05988,0.05627,0.44172,0.44213
0.04827,0.04727,0.44064,0.46381
0.05471,0.05589,0.43638,0.45302
0.06016,0.05714,0.43279,0.44991
0.09620,0.10499,0.38580,0.41301
0.04217,0.04831,0.44255,0.46697
0.08693,0.08135,0.41190,0.41982
0.05813,0.06957,0.43090,0.44140
