0.13750,0.01085,0.01022,0.01321,0.04241,0.01251,0.04920,0.01270,0.01098,0.01197,0.01556,0.13082,0.02548,0.02373,0.12087,0.20678,0.08714,0.02377,0.01456,0.03975
0.12844,0.01264,0.01202,0.01545,0.04765,0.01318,0.04071,0.01415,0.01169,0.01442,0.02752,0.13916,0.07473,0.06353,0.08818,0.11088,0.09085,0.02603,0.01893,0.04985
0.17586,0.01311,0.01166,0.01370,0.06019,0.01335,0.06590,0.01169,0.00958,0.01295,0.02294,0.03856,0.05264,0.12013,0.13376,0.08532,0.07884,0.02478,0.02184,0.03322
0.18708,0.01155,0.01075,0.01258,0.05641,0.01106,0.05693,0.01119,0.00890,0.01144,0.02651,0.10272,0.03844,0.03574,0.07291,0.15613,0.09459,0.02788,0.01601,0.05117
0.16830,0.01120,0.01174,0.01218,0.03781,0.01089,0.03678,0.01244,0.00884,0.01091,0.02048,0.11702,0.02445,0.01982,0.07269,0.15999,0.17152,0.03082,0.01332,0.04878
0.16660,0.02637,0.01639,0.02313,0.03747,0.02492,0.04558,0.02147,0.01701,0.01901,0.03858,0.09777,0.04587,0.03290,0.08798,0.05712,0.13470,0.03623,0.02290,0.04800
0.10944,0.01242,0.01281,0.01504,0.05718,0.01712,0.06858,0.01455,0.01462,0.01478,0.01626,0.05519,0.02231,0.02931,0.19362,0.10809,0.15125,0.03619,0.01686,0.03436
0.13052,0.00960,0.00910,0.00972,0.04208,0.01312,0.05012,0.01217,0.00978,0.00900,0.01909,0.05504,0.03487,0.04259,0.21706,0.14158,0.12877,0.01981,0.01570,0.03026
0.07044,0.01176,0.01354,0.01376,0.05217,0.01492,0.05880,0.01496,0.01088,0.01425,0.02711,0.10988,0.03770,0.02999,0.09133,0.19356,0.11753,0.04119,0.02113,0.05513
0.20143,0.01042,0.01002,0.01233,0.05275,0.01253,0.05742,0.01219,0.01003,0.01125,0.02597,0.05111,0.06437,0.08045,0.11665,0.08787,0.06541,0.05874,0.02145,0.03761
0.17307,0.01306,0.01091,0.01434,0.04197,0.01402,0.05302,0.01532,0.01292,0.01367,0.02630,0.14622,0.02957,0.03107,0.04105,0.21167,0.05266,0.02609,0.01624,0.05683
0.11021,0.01254,0.01096,0.01387,0.09589,0.01374,0.09156,0.01319,0.01075,0.01360,0.03082,0.09119,0.03962,0.03963,0.06742,0.16908,0.07969,0.02826,0.01826,0.04971
0.15919,0.01416,0.01395,0.01438,0.05177,0.01418,0.04890,0.01682,0.01182,0.01321,0.04099,0.07133,0.08191,0.06677,0.11321,0.05906,0.11281,0.02903,0.02204,0.04448
0.07320,0.00964,0.01107,0.01041,0.03579,0.01183,0.03902,0.01111,0.00935,0.00964,0.02275,0.11195,0.11237,0.10340,0.07743,0.11793,0.14021,0.02366,0.01494,0.05432
0.14131,0.01171,0.00950,0.01159,0.03019,0.01153,0.03265,0.01063,0.00958,0.01192,0.03361,0.08669,0.06454,0.05891,0.11248,0.10590,0.17087,0.02184,0.01714,0.04739
0.11660,0.02059,0.01784,0.02061,0.08294,0.02237,0.07492,0.01867,0.01608,0.02073,0.07737,0.06646,0.07770,0.05987,0.07568,0.06181,0.07377,0.02559,0.02904,0.04137
0.17231,0.01028,0.00902,0.01153,0.04699,0.01331,0.06020,0.01306,0.00810,0.00950,0.01809,0.06209,0.02826,0.02640,0.22608,0.09330,0.10350,0.03929,0.01450,0.03417
0.09776,0.01296,0.01228,0.01521,0.03404,0.01816,0.03651,0.01686,0.01182,0.01642,0.03138,0.07546,0.10953,0.08771,0.13689,0.06851,0.10245,0.04456,0.02636,0.04510
0.07956,0.01077,0.01027,0.01252,0.03726,0.01236,0.03948,0.01225,0.01031,0.01062,0.02199,0.08332,0.04286,0.05351,0.13865,0.12200,0.21103,0.02553,0.01859,0.04714
0.06150,0.01079,0.01119,0.01168,0.04156,0.01186,0.04306,0.01141,0.01054,0.01159,0.03510,0.05849,0.02258,0.01975,0.16979,0.06629,0.32679,0.02202,0.01597,0.03804
0.19266,0.01293,0.01495,0.01993,0.05650,0.01930,0.05753,0.01732,0.01417,0.01389,0.02903,0.04276,0.02851,0.03465,0.17497,0.08524,0.08100,0.03731,0.02821,0.03912
0.09325,0.00958,0.00920,0.00996,0.10668,0.01120,0.12984,0.01021,0.00819,0.00846,0.02147,0.07933,0.08871,0.10516,0.05888,0.11834,0.05733,0.02510,0.01326,0.03585
0.09739,0.00935,0.00890,0.01061,0.09590,0.01122,0.14581,0.00992,0.00809,0.00838,0.01769,0.07927,0.02595,0.02212,0.11137,0.12993,0.14590,0.01650,0.01280,0.03289
0.10510,0.01315,0.01087,0.01426,0.07679,0.01437,0.10260,0.01513,0.01075,0.01052,0.02206,0.06451,0.07027,0.05831,0.10615,0.06024,0.14762,0.03673,0.01946,0.04112
0.06807,0.01016,0.00962,0.01224,0.04671,0.01409,0.04441,0.01264,0.01123,0.01379,0.03963,0.06256,0.17254,0.16729,0.07431,0.05337,0.07269,0.05048,0.02074,0.04343
0.13227,0.01078,0.00933,0.01402,0.05257,0.01162,0.06102,0.01249,0.00854,0.01158,0.04864,0.11216,0.03568,0.02949,0.07040,0.11187,0.13939,0.04195,0.01937,0.06684
0.28206,0.01054,0.01145,0.01126,0.04020,0.01252,0.04354,0.01169,0.00905,0.00948,0.02003,0.10606,0.03867,0.03170,0.07023,0.12027,0.07820,0.03383,0.01617,0.04308
0.17992,0.00923,0.00913,0.01077,0.03524,0.01342,0.03940,0.01113,0.00913,0.00997,0.02229,0.07509,0.02696,0.02105,0.08645,0.05431,0.30195,0.02803,0.01375,0.04276
0.10284,0.01417,0.01426,0.01694,0.05260,0.01695,0.06136,0.01810,0.01472,0.01521,0.02446,0.10479,0.06187,0.06203,0.07659,0.08355,0.17086,0.02244,0.01823,0.04801
0.19358,0.01068,0.01027,0.01211,0.03644,0.01378,0.03959,0.01223,0.01017,0.01156,0.01987,0.07953,0.03365,0.03474,0.13057,0.11903,0.13978,0.03407,0.01682,0.04153
0.11154,0.01634,0.01600,0.01818,0.04697,0.01527,0.04642,0.01715,0.01184,0.01401,0.01914,0.12300,0.06474,0.05417,0.08260,0.07315,0.16006,0.03715,0.01976,0.05251
0.06901,0.01173,0.00966,0.01232,0.03765,0.01289,0.04085,0.01623,0.01110,0.01325,0.04248,0.07829,0.07195,0.12166,0.07953,0.12591,0.13217,0.03382,0.02319,0.05630
0.18167,0.01040,0.01074,0.01239,0.04646,0.01196,0.04611,0.01223,0.00998,0.01179,0.02472,0.11568,0.04346,0.03832,0.05268,0.20845,0.06112,0.02979,0.01682,0.05522
0.17146,0.01267,0.01185,0.01429,0.04090,0.01403,0.04781,0.01699,0.01222,0.01528,0.02798,0.07179,0.03507,0.03757,0.09387,0.13974,0.08890,0.07716,0.02357,0.04686
0.20007,0.00900,0.00880,0.01022,0.06471,0.01170,0.06609,0.01108,0.00855,0.01035,0.01889,0.06906,0.03611,0.03850,0.07056,0.23037,0.06879,0.01949,0.01321,0.03447
0.11149,0.00928,0.01316,0.01195,0.03738,0.01075,0.04341,0.01267,0.00944,0.01039,0.01651,0.11347,0.02790,0.02044,0.13337,0.16942,0.17350,0.02069,0.01450,0.04025
0.11609,0.01004,0.00973,0.00975,0.04693,0.01177,0.05176,0.00996,0.00909,0.00915,0.08880,0.14236,0.04280,0.03570,0.04621,0.14783,0.06432,0.03517,0.01936,0.09316
0.08875,0.01045,0.01239,0.01163,0.02864,0.01372,0.03150,0.01499,0.01161,0.01336,0.03126,0.05218,0.05371,0.06131,0.29558,0.08868,0.07363,0.04171,0.02799,0.03692
0.08908,0.01953,0.01958,0.02493,0.03992,0.02309,0.04995,0.02522,0.01782,0.01907,0.02158,0.07000,0.02791,0.02744,0.10015,0.07483,0.25994,0.02083,0.01941,0.04972
0.14581,0.00991,0.00869,0.01128,0.04291,0.01163,0.04705,0.01125,0.00898,0.00850,0.02062,0.12865,0.02813,0.02628,0.09164,0.12267,0.18801,0.02077,0.01425,0.05299
0.10882,0.00831,0.00759,0.00960,0.04420,0.00998,0.04581,0.00947,0.00849,0.00879,0.02548,0.03884,0.06051,0.25991,0.08900,0.08908,0.09562,0.02897,0.01840,0.03312
0.13653,0.01342,0.01430,0.01605,0.05999,0.01766,0.06691,0.01786,0.01639,0.01373,0.03073,0.11653,0.04852,0.03467,0.11925,0.09008,0.10251,0.02183,0.01986,0.04318
0.20092,0.01282,0.01553,0.01648,0.05703,0.01607,0.06378,0.02097,0.01231,0.01459,0.02112,0.07237,0.04729,0.04052,0.09591,0.10793,0.11134,0.01976,0.01566,0.03759
0.08013,0.01348,0.01118,0.01408,0.10464,0.01469,0.10187,0.01344,0.01179,0.01190,0.03309,0.07436,0.07062,0.09184,0.06797,0.07954,0.10335,0.03622,0.01684,0.04896
0.13136,0.00876,0.00769,0.01008,0.03371,0.01089,0.03618,0.01052,0.00768,0.00835,0.01586,0.08495,0.02967,0.02261,0.15196,0.07971,0.27450,0.02649,0.01238,0.03664
0.10819,0.01223,0.01070,0.01400,0.06247,0.01359,0.06293,0.01265,0.01087,0.01199,0.02468,0.08355,0.07742,0.09022,0.09512,0.12260,0.09411,0.02728,0.01878,0.04665
0.09210,0.00680,0.00693,0.00794,0.02671,0.00864,0.02695,0.00854,0.00621,0.00766,0.01606,0.08657,0.02151,0.02072,0.15551,0.32342,0.11132,0.01963,0.01061,0.03615
0.12010,0.01124,0.00978,0.01128,0.03421,0.01131,0.03982,0.01028,0.00881,0.00980,0.02961,0.12076,0.02540,0.02372,0.08886,0.14136,0.19155,0.02967,0.01844,0.06397
0.08511,0.01496,0.01162,0.01782,0.03962,0.01712,0.04646,0.01569,0.01189,0.01711,0.03570,0.08840,0.06672,0.07192,0.09042,0.19795,0.05509,0.03988,0.02457,0.05193
0.05081,0.01157,0.01079,0.01311,0.07306,0.01378,0.08434,0.01299,0.01138,0.01114,0.02485,0.08309,0.05067,0.06486,0.05389,0.19617,0.13898,0.02868,0.01582,0.05004
0.10852,0.01154,0.01297,0.01431,0.09090,0.01406,0.10125,0.01245,0.01168,0.01290,0.02201,0.09535,0.07938,0.08599,0.04878,0.13683,0.05802,0.02114,0.01898,0.04292
0.25188,0.01299,0.01250,0.01380,0.06798,0.01429,0.06831,0.01340,0.01347,0.01284,0.02729,0.05144,0.08299,0.08619,0.07903,0.06362,0.06505,0.01580,0.01543,0.03170
0.20338,0.01048,0.01023,0.01330,0.03011,0.01378,0.03455,0.01256,0.01051,0.01065,0.01924,0.05880,0.03062,0.04174,0.10876,0.14725,0.16271,0.02608,0.01706,0.03818
0.15315,0.00959,0.00852,0.01084,0.03728,0.01211,0.04044,0.00979,0.00754,0.00930,0.02518,0.09554,0.02671,0.02207,0.08587,0.25077,0.09016,0.03448,0.01889,0.05177
0.14419,0.01793,0.01862,0.01915,0.10516,0.01913,0.09717,0.01966,0.01628,0.01550,0.05229,0.08412,0.04976,0.03438,0.08645,0.05841,0.07708,0.02266,0.01863,0.04341
0.28289,0.01185,0.01173,0.01457,0.04951,0.01480,0.06601,0.01187,0.00994,0.01155,0.03555,0.06270,0.06393,0.05659,0.06210,0.05763,0.08801,0.02433,0.01561,0.04883
0.18750,0.01060,0.01075,0.01557,0.06610,0.01622,0.06810,0.01630,0.01225,0.01200,0.02445,0.07562,0.05344,0.04833,0.11714,0.06875,0.11160,0.02795,0.01835,0.03898
0.20331,0.01171,0.01400,0.01394,0.05066,0.01304,0.05808,0.01485,0.01129,0.01195,0.02293,0.04615,0.04915,0.05749,0.18179,0.06732,0.09984,0.02463,0.01795,0.02993
0.08051,0.01044,0.00991,0.01338,0.03859,0.01137,0.03960,0.01251,0.00869,0.01303,0.02371,0.06977,0.02222,0.01829,0.14605,0.08715,0.32149,0.01928,0.01396,0.04004
0.21383,0.00931,0.00850,0.01090,0.03337,0.01031,0.03857,0.01205,0.00901,0.00949,0.02999,0.04929,0.02483,0.02774,0.15182,0.09587,0.14686,0.06004,0.01775,0.04048
0.11535,0.01060,0.01074,0.01243,0.05026,0.01212,0.06134,0.01505,0.01058,0.01079,0.04259,0.07858,0.03358,0.02858,0.13190,0.13389,0.15940,0.02114,0.01602,0.04507
0.13260,0.00819,0.00852,0.01000,0.09146,0.01007,0.10640,0.01048,0.00761,0.00927,0.02419,0.06342,0.02426,0.02862,0.10317,0.19185,0.08628,0.03161,0.01490,0.03710
0.08806,0.01028,0.00953,0.01095,0.03239,0.01191,0.03330,0.01069,0.00933,0.01049,0.01989,0.11259,0.03750,0.03498,0.07677,0.22351,0.18716,0.02021,0.01502,0.04545
0.23806,0.00871,0.01088,0.01254,0.04877,0.01213,0.05531,0.01197,0.00899,0.00952,0.02154,0.05465,0.02318,0.02073,0.10007,0.05834,0.21723,0.03320,0.01450,0.03968
0.17817,0.01063,0.01038,0.01301,0.05744,0.01402,0.07144,0.01270,0.01076,0.01203,0.02791,0.06485,0.05604,0.09359,0.07467,0.10853,0.09738,0.01884,0.01771,0.04989
0.07629,0.01191,0.01020,0.01200,0.07352,0.01534,0.07807,0.01368,0.01051,0.01189,0.04560,0.09785,0.07545,0.05221,0.10376,0.07616,0.13864,0.02785,0.01910,0.04997
0.08572,0.01328,0.01405,0.01548,0.03569,0.01574,0.03881,0.01769,0.01323,0.01488,0.02171,0.12838,0.10485,0.06784,0.10337,0.09532,0.12171,0.02676,0.01849,0.04701
0.20529,0.01138,0.01091,0.01285,0.03413,0.01366,0.03799,0.01395,0.01062,0.01270,0.01937,0.09406,0.02509,0.02446,0.06774,0.19029,0.11902,0.02981,0.01643,0.05023
0.10412,0.01171,0.00909,0.01048,0.03740,0.01235,0.04619,0.01195,0.00933,0.01030,0.02409,0.06885,0.11312,0.14460,0.07654,0.12228,0.08929,0.03314,0.01708,0.04809
0.19047,0.00919,0.00885,0.01191,0.02800,0.01118,0.03248,0.01213,0.00776,0.00987,0.04555,0.10179,0.03265,0.02617,0.14515,0.13217,0.08229,0.04227,0.02098,0.04915
0.12600,0.00859,0.00758,0.00839,0.03906,0.00944,0.04379,0.00974,0.00762,0.00849,0.02705,0.05483,0.03398,0.02983,0.25796,0.06137,0.19129,0.02885,0.01451,0.03163
0.12476,0.01152,0.01286,0.01334,0.02310,0.01527,0.02689,0.01209,0.01093,0.01282,0.02802,0.09886,0.03209,0.03472,0.06263,0.29816,0.07123,0.03127,0.02044,0.05903
0.15718,0.02104,0.02326,0.02046,0.07037,0.01869,0.05909,0.02459,0.01887,0.01897,0.01802,0.04666,0.04170,0.04609,0.11042,0.07789,0.14025,0.02646,0.02202,0.03798
0.14974,0.00838,0.00865,0.01049,0.07739,0.01056,0.08293,0.00946,0.00718,0.00885,0.04682,0.06319,0.02204,0.02389,0.09214,0.15740,0.05638,0.10288,0.02085,0.04077
0.14553,0.00999,0.01044,0.01251,0.05395,0.01215,0.06030,0.01224,0.00968,0.01103,0.03119,0.04780,0.09422,0.16051,0.06708,0.09718,0.06894,0.03416,0.01912,0.04198
0.13844,0.01204,0.01293,0.01307,0.04514,0.01666,0.05638,0.01216,0.01088,0.01423,0.01976,0.05833,0.02314,0.02513,0.17619,0.14500,0.12541,0.02970,0.02117,0.04425
0.31563,0.01115,0.00947,0.01154,0.04201,0.01226,0.04348,0.01072,0.00834,0.01122,0.01979,0.06635,0.03919,0.02813,0.08046,0.10108,0.10614,0.02745,0.01711,0.03848
0.25929,0.01126,0.01066,0.01338,0.05858,0.01492,0.06720,0.01382,0.00991,0.01253,0.02535,0.06711,0.02651,0.02404,0.07785,0.07810,0.13631,0.02889,0.01790,0.04640
0.13654,0.00990,0.01085,0.01171,0.05312,0.01391,0.04612,0.01268,0.01038,0.01352,0.01904,0.06987,0.02748,0.02697,0.08927,0.22897,0.14431,0.02146,0.01440,0.03949
0.10546,0.01606,0.01371,0.01521,0.07729,0.01763,0.07738,0.01704,0.01450,0.01448,0.01853,0.07671,0.03907,0.04092,0.12416,0.11688,0.10457,0.04075,0.02014,0.04952
0.11036,0.00907,0.01115,0.01228,0.02419,0.01107,0.02751,0.01266,0.00985,0.01249,0.01929,0.10791,0.03125,0.03166,0.12520,0.21085,0.12487,0.04315,0.01988,0.04531
0.13184,0.01163,0.01106,0.01220,0.04777,0.01324,0.04973,0.01280,0.00948,0.01203,0.02468,0.09907,0.04307,0.04323,0.05084,0.25747,0.07303,0.02001,0.01598,0.06085
0.17059,0.01065,0.01097,0.01337,0.06386,0.01509,0.07360,0.01472,0.01299,0.01226,0.01743,0.05977,0.04344,0.04013,0.15378,0.06239,0.16159,0.01792,0.01489,0.03056
0.20079,0.00935,0.00891,0.01098,0.03834,0.01004,0.03705,0.00972,0.00820,0.00941,0.01696,0.09625,0.03946,0.03733,0.09252,0.19498,0.11081,0.01979,0.01153,0.03757
0.17901,0.01183,0.01200,0.01584,0.02473,0.01410,0.02716,0.01380,0.01276,0.01458,0.02533,0.08404,0.06253,0.05704,0.12585,0.09467,0.13774,0.02472,0.01874,0.04354
0.06668,0.01186,0.01035,0.01261,0.03493,0.01261,0.03518,0.01265,0.00901,0.01175,0.02117,0.10258,0.02945,0.02866,0.07953,0.36554,0.07487,0.02005,0.01549,0.04503
0.14980,0.01334,0.01168,0.01361,0.07817,0.01453,0.08294,0.01248,0.00996,0.01104,0.02279,0.09931,0.07178,0.06201,0.04205,0.14602,0.05184,0.03204,0.01805,0.05656
0.09570,0.01202,0.01365,0.01580,0.04952,0.01382,0.06575,0.01509,0.01344,0.01601,0.03239,0.06783,0.08289,0.08832,0.11009,0.09845,0.11406,0.03301,0.02190,0.04027
0.11929,0.01004,0.01176,0.01472,0.03138,0.01426,0.03525,0.01327,0.01134,0.01329,0.02357,0.11239,0.08067,0.07869,0.10115,0.11060,0.13242,0.01723,0.01982,0.04883
0.13136,0.00960,0.00914,0.01071,0.04018,0.01076,0.03825,0.01122,0.00791,0.00952,0.02543,0.06637,0.13130,0.08732,0.10407,0.05537,0.16361,0.03014,0.01636,0.04136
0.07125,0.01060,0.01130,0.01345,0.03977,0.01536,0.04207,0.01258,0.01105,0.01042,0.03827,0.11856,0.03885,0.03673,0.13989,0.17607,0.11217,0.02967,0.02308,0.04889
0.15283,0.01992,0.01695,0.01994,0.06539,0.02329,0.08184,0.02171,0.01775,0.01998,0.01763,0.07029,0.03508,0.03238,0.09475,0.12106,0.08558,0.04256,0.01984,0.04123
0.10989,0.01036,0.00940,0.01227,0.06193,0.01308,0.07066,0.01255,0.00927,0.01138,0.04411,0.07874,0.04799,0.03710,0.10977,0.06957,0.19634,0.03114,0.01859,0.04588
0.24261,0.01050,0.01071,0.01338,0.06672,0.01323,0.06591,0.01224,0.01029,0.01175,0.02640,0.06310,0.03058,0.03429,0.08454,0.09468,0.11436,0.03403,0.01860,0.04210
0.10931,0.01120,0.01183,0.01231,0.11069,0.01387,0.08712,0.01445,0.01116,0.01108,0.03607,0.05819,0.06581,0.06693,0.13228,0.07607,0.08764,0.02865,0.01896,0.03637
0.20799,0.01416,0.01294,0.01449,0.07020,0.01373,0.08168,0.01517,0.01270,0.01498,0.02200,0.07220,0.04620,0.04062,0.09200,0.07654,0.10438,0.03333,0.01745,0.03727
0.07595,0.01131,0.01032,0.01424,0.05406,0.01203,0.06517,0.01249,0.00982,0.01095,0.04180,0.05236,0.06546,0.05547,0.17514,0.06202,0.18509,0.02819,0.01991,0.03823
0.15904,0.00932,0.00974,0.01244,0.04055,0.01098,0.04693,0.01131,0.00829,0.01198,0.01526,0.10588,0.02796,0.02745,0.10671,0.17594,0.13515,0.02806,0.01544,0.04155
0.09638,0.00836,0.00815,0.00938,0.03050,0.01002,0.03361,0.01173,0.00830,0.00898,0.02649,0.10808,0.05950,0.06219,0.07959,0.16019,0.13457,0.06821,0.02049,0.05528
0.23719,0.01102,0.01139,0.01530,0.06888,0.01315,0.08664,0.01209,0.01119,0.01304,0.02254,0.07555,0.05358,0.05984,0.04606,0.13107,0.05322,0.01842,0.01778,0.04205
