0.14169,0.01767,0.13426,0.01852,0.01963,0.31365,0.02223,0.23214,0.06380,0.03642
0.42623,0.01594,0.44364,0.01550,0.01762,0.01431,0.01148,0.01384,0.01514,0.02630
0.38073,0.00814,0.53640,0.01095,0.00868,0.01322,0.00617,0.01603,0.01060,0.00908
0.10973,0.05380,0.29642,0.09002,0.05347,0.05184,0.19842,0.05487,0.03887,0.05257
0.21779,0.01128,0.11990,0.01256,0.08968,0.01420,0.01607,0.01496,0.14019,0.36339
0.40250,0.01295,0.29740,0.01242,0.01385,0.07172,0.02668,0.07983,0.04935,0.03329
0.34705,0.04706,0.28340,0.08157,0.04358,0.04381,0.01989,0.04155,0.03220,0.05990
0.53660,0.00830,0.38525,0.00893,0.00731,0.01004,0.00728,0.01160,0.00896,0.01574
0.29982,0.00943,0.43853,0.01084,0.01664,0.00621,0.02161,0.00649,0.05659,0.13385
0.13117,0.07314,0.11294,0.05709,0.06914,0.05417,0.03857,0.05943,0.26484,0.13951
0.20115,0.01829,0.16013,0.03107,0.02414,0.01502,0.05626,0.01543,0.04055,0.43795
0.25087,0.02642,0.27623,0.01902,0.01106,0.12232,0.07072,0.19516,0.01290,0.01530
0.07979,0.01009,0.04722,0.57066,0.04808,0.01322,0.03933,0.01202,0.09213,0.08746
0.24183,0.01777,0.18892,0.04093,0.02679,0.03026,0.04848,0.02526,0.08688,0.29288
0.36776,0.02190,0.42649,0.02602,0.02433,0.02693,0.01112,0.02931,0.03368,0.03245
0.25620,0.04859,0.21766,0.09720,0.03066,0.01209,0.01669,0.01243,0.06136,0.24712
0.18519,0.03845,0.21696,0.05918,0.03843,0.03361,0.02698,0.04064,0.17014,0.19041
0.14093,0.04736,0.15288,0.07232,0.07609,0.07628,0.04109,0.07544,0.13772,0.17990
0.28268,0.01831,0.39327,0.03359,0.02167,0.02358,0.03688,0.02376,0.08231,0.08394
0.25933,0.01754,0.21922,0.02004,0.02005,0.02360,0.02478,0.03067,0.20117,0.18360
0.18771,0.02236,0.20780,0.03891,0.02748,0.04516,0.10071,0.04437,0.21528,0.11022
0.11087,0.02463,0.10667,0.04232,0.05956,0.03575,0.07461,0.04337,0.03859,0.46363
0.14323,0.11151,0.16841,0.12225,0.06784,0.08175,0.04185,0.13022,0.04535,0.08759
0.13782,0.00604,0.22356,0.00673,0.00561,0.39893,0.00721,0.17612,0.02581,0.01216
0.22693,0.02020,0.53116,0.01988,0.02124,0.05117,0.03345,0.04138,0.02445,0.03014
0.14905,0.06155,0.11996,0.14343,0.03957,0.11142,0.04706,0.08961,0.16216,0.07619
0.12719,0.02468,0.54386,0.02420,0.01569,0.03649,0.08275,0.04536,0.04826,0.05151
0.34606,0.03887,0.22719,0.04325,0.04216,0.07536,0.01770,0.09095,0.04571,0.07273
0.13489,0.11554,0.15075,0.10916,0.07062,0.07281,0.18251,0.07788,0.04703,0.03881
0.28344,0.03303,0.26756,0.03273,0.03291,0.09651,0.01551,0.11481,0.06757,0.05595
0.52826,0.01904,0.27621,0.02085,0.01921,0.01823,0.00923,0.01812,0.05050,0.04035
0.10724,0.02427,0.09878,0.02700,0.03234,0.16707,0.04505,0.26211,0.17901,0.05711
0.11451,0.02571,0.11697,0.02361,0.02211,0.04099,0.01603,0.04347,0.16507,0.43154
0.29964,0.02674,0.23801,0.02808,0.02323,0.01366,0.02651,0.01330,0.05414,0.27668
0.29557,0.01838,0.33729,0.02682,0.02350,0.01898,0.01573,0.01667,0.17739,0.06966
0.15914,0.03142,0.17364,0.03948,0.02802,0.01065,0.06231,0.01043,0.27648,0.20843
0.15673,0.02382,0.12967,0.03147,0.03224,0.08265,0.01656,0.10577,0.12754,0.29355
0.13449,0.02729,0.63152,0.05124,0.01722,0.02956,0.04742,0.02116,0.01938,0.02071
0.43995,0.01552,0.32160,0.01404,0.01015,0.02396,0.04193,0.02271,0.04870,0.06143
0.11431,0.04060,0.10834,0.04856,0.04737,0.14108,0.06417,0.11976,0.27310,0.04272
0.21201,0.04257,0.11736,0.06999,0.14616,0.01929,0.03444,0.01707,0.25059,0.09053
0.41593,0.01124,0.46401,0.01105,0.01566,0.00505,0.01258,0.00583,0.01941,0.03923
0.13527,0.02914,0.11266,0.03438,0.04460,0.11951,0.08739,0.16300,0.17084,0.10321
0.07866,0.01029,0.07755,0.01020,0.01084,0.02540,0.01161,0.02245,0.72293,0.03007
0.05359,0.01290,0.05009,0.02283,0.01449,0.01121,0.04092,0.01189,0.04750,0.73459
0.16066,0.02481,0.33798,0.03810,0.01892,0.11093,0.02199,0.09469,0.10119,0.09073
0.11049,0.03768,0.11478,0.03801,0.03981,0.04191,0.02681,0.04486,0.47154,0.07412
0.12298,0.04577,0.12118,0.05414,0.05884,0.15151,0.05472,0.23674,0.06632,0.08780
0.29026,0.01009,0.23100,0.01297,0.01229,0.01262,0.03911,0.01233,0.09917,0.28017
0.15709,0.09362,0.14148,0.10203,0.12914,0.03944,0.15181,0.04635,0.02865,0.11038
0.37385,0.01332,0.33779,0.01335,0.02449,0.01372,0.05915,0.01568,0.06002,0.08864
0.15179,0.01214,0.54500,0.01398,0.00648,0.09078,0.01007,0.10576,0.04128,0.02272
0.39029,0.00710,0.44455,0.01302,0.00914,0.03069,0.01105,0.03268,0.03278,0.02869
0.30693,0.01591,0.36847,0.02041,0.02301,0.05977,0.02232,0.06445,0.04630,0.07242
0.22730,0.01104,0.41627,0.01257,0.00952,0.05835,0.01393,0.06045,0.11971,0.07087
0.36641,0.01191,0.45863,0.01275,0.01211,0.00738,0.01683,0.00830,0.03250,0.07317
0.43141,0.01483,0.12219,0.02684,0.05032,0.02219,0.04021,0.01911,0.05069,0.22221
0.13272,0.09607,0.15104,0.07623,0.14089,0.09792,0.01687,0.22945,0.03188,0.02692
0.23989,0.02370,0.40781,0.02461,0.01719,0.05507,0.04125,0.04110,0.09751,0.05188
0.25790,0.04125,0.28326,0.04324,0.03921,0.02795,0.04284,0.02309,0.12391,0.11735
0.58535,0.01725,0.20859,0.04117,0.05508,0.00740,0.03013,0.00851,0.02095,0.02556
0.11195,0.01650,0.12283,0.02092,0.02153,0.06996,0.01660,0.08254,0.46177,0.07539
0.15389,0.11594,0.36576,0.13473,0.03652,0.05291,0.02338,0.03965,0.04458,0.03265
0.24435,0.01193,0.50010,0.02084,0.01620,0.02299,0.03721,0.02527,0.05444,0.06665
0.41813,0.01138,0.26792,0.01152,0.01262,0.01422,0.02366,0.01366,0.08205,0.14484
0.27677,0.00882,0.54403,0.01096,0.01236,0.05747,0.01236,0.05249,0.01225,0.01248
0.28514,0.02415,0.42777,0.03412,0.02397,0.06201,0.01328,0.06001,0.04192,0.02763
0.25869,0.01830,0.22821,0.02163,0.01793,0.05649,0.02458,0.04075,0.29945,0.03399
0.15568,0.06342,0.13561,0.09308,0.02878,0.17011,0.01856,0.12434,0.15887,0.05154
0.11684,0.05694,0.11691,0.06581,0.04145,0.15306,0.16947,0.10475,0.11251,0.06228
0.10128,0.01748,0.11929,0.02163,0.01736,0.02022,0.02471,0.01619,0.59034,0.07149
0.22048,0.06166,0.21081,0.06143,0.10974,0.07374,0.08111,0.05806,0.07985,0.04312
0.41232,0.01302,0.44504,0.01276,0.01613,0.02717,0.00885,0.02584,0.01975,0.01912
0.30063,0.03554,0.26722,0.02941,0.05162,0.07323,0.01621,0.11210,0.06123,0.05281
0.20966,0.04200,0.20481,0.04029,0.04707,0.14616,0.06375,0.14490,0.07019,0.03115
0.37095,0.01543,0.40560,0.01836,0.01742,0.02312,0.01112,0.02231,0.04385,0.07183
0.11524,0.03717,0.11677,0.04679,0.04827,0.16300,0.02082,0.25950,0.07907,0.11337
0.30806,0.01083,0.48976,0.01477,0.00903,0.03330,0.04314,0.02871,0.03354,0.02883
0.39783,0.01211,0.38708,0.01385,0.01257,0.05930,0.00714,0.05946,0.03231,0.01836
0.13052,0.07648,0.14201,0.03719,0.03556,0.09547,0.01693,0.14553,0.22347,0.09684
0.27398,0.04906,0.27722,0.05906,0.06437,0.04634,0.06640,0.03441,0.08286,0.04629
0.04190,0.01041,0.03886,0.01084,0.01028,0.06661,0.70405,0.05226,0.04709,0.01771
0.36930,0.02949,0.36017,0.04456,0.03095,0.05195,0.00982,0.05226,0.02693,0.02458
0.28077,0.01401,0.17111,0.02265,0.02016,0.08464,0.01352,0.10320,0.24920,0.04074
0.20219,0.01611,0.26768,0.02506,0.02548,0.02969,0.01596,0.03131,0.19879,0.18774
0.27753,0.04537,0.18585,0.04534,0.07315,0.05703,0.03216,0.06398,0.06037,0.15922
0.24912,0.02854,0.32357,0.07512,0.00928,0.08712,0.05640,0.10285,0.03815,0.02984
0.32821,0.01474,0.43470,0.01466,0.01056,0.06555,0.04467,0.04307,0.01606,0.02779
0.12342,0.05570,0.15581,0.03591,0.03738,0.17770,0.01524,0.28933,0.06974,0.03977
0.14517,0.01916,0.29755,0.02685,0.01918,0.06925,0.03275,0.08725,0.15499,0.14787
0.26747,0.03867,0.25032,0.07459,0.05379,0.03354,0.01949,0.03836,0.06566,0.15811
0.13004,0.09679,0.14274,0.08033,0.05960,0.02543,0.03367,0.02734,0.28955,0.11452
0.09934,0.04832,0.11996,0.05104,0.05420,0.09750,0.16914,0.08639,0.16748,0.10663
0.41998,0.02068,0.16598,0.02669,0.01675,0.01392,0.03758,0.01279,0.04123,0.24440
0.25535,0.05313,0.41696,0.05407,0.03437,0.04763,0.01095,0.04793,0.04340,0.03621
0.14401,0.05752,0.18676,0.07552,0.06763,0.04213,0.04992,0.04780,0.04051,0.28820
0.36457,0.03127,0.41399,0.02392,0.01544,0.01230,0.02887,0.01144,0.04112,0.05707
0.70871,0.00600,0.23579,0.00668,0.00655,0.00967,0.00509,0.00769,0.00677,0.00706
0.10810,0.20317,0.14551,0.17673,0.15817,0.02176,0.02599,0.02486,0.06442,0.07130
0.06533,0.01717,0.05807,0.02837,0.01930,0.03776,0.07442,0.03922,0.61081,0.04954
