0.01790,0.02347,0.28231,0.03298,0.02817,0.01046,0.02757,0.01328,0.01644,0.02555,0.01162,0.01141,0.00899,0.02265,0.39819,0.01114,0.01139,0.02197,0.00772,0.01679
0.01601,0.31060,0.04360,0.17203,0.01494,0.01697,0.00779,0.00773,0.20941,0.07978,0.00984,0.00933,0.01072,0.00726,0.02758,0.01284,0.01348,0.01163,0.00948,0.00899
0.01386,0.06786,0.05498,0.55562,0.01639,0.01031,0.00970,0.00763,0.04477,0.11594,0.00843,0.00603,0.00709,0.01103,0.02796,0.00904,0.00951,0.00772,0.00640,0.00974
0.03726,0.06277,0.37836,0.03085,0.02625,0.03936,0.02184,0.02326,0.03888,0.02491,0.05884,0.01724,0.02537,0.01930,0.07030,0.03057,0.01957,0.02693,0.02322,0.02493
0.01486,0.04376,0.01915,0.05371,0.35856,0.02572,0.03422,0.03894,0.02916,0.04736,0.04297,0.04507,0.04361,0.02667,0.01696,0.03152,0.03098,0.01404,0.03114,0.05161
0.01468,0.16872,0.02820,0.02315,0.39707,0.01334,0.01717,0.01515,0.06656,0.01793,0.01468,0.01921,0.03099,0.02071,0.04153,0.01713,0.02654,0.01973,0.02054,0.02700
0.02014,0.16627,0.01580,0.06653,0.12506,0.02891,0.07088,0.02634,0.17125,0.05037,0.02516,0.01660,0.02207,0.05379,0.01025,0.02254,0.02152,0.01729,0.01773,0.05148
0.02832,0.13268,0.00994,0.07750,0.47547,0.02313,0.01031,0.00895,0.07029,0.03706,0.01057,0.01041,0.01445,0.00943,0.01098,0.01262,0.01785,0.01527,0.00951,0.01525
0.05934,0.05788,0.01059,0.10285,0.41826,0.02750,0.02023,0.01377,0.05282,0.04417,0.01796,0.01343,0.01941,0.01838,0.01010,0.01978,0.02481,0.03308,0.01608,0.01958
0.03646,0.02779,0.13303,0.02332,0.21550,0.12249,0.01332,0.03843,0.02697,0.02731,0.06492,0.02226,0.03118,0.01107,0.04726,0.02938,0.02289,0.02242,0.04593,0.03806
0.00994,0.25264,0.27342,0.07105,0.02581,0.00941,0.01474,0.00765,0.04126,0.03398,0.01025,0.00786,0.01069,0.01207,0.16792,0.01083,0.00977,0.01076,0.00864,0.01130
0.01042,0.13065,0.21041,0.07889,0.02215,0.01502,0.02751,0.02285,0.10760,0.05285,0.01846,0.02835,0.01733,0.03437,0.13264,0.02132,0.02102,0.00891,0.01235,0.02688
0.03540,0.03614,0.02307,0.02632,0.27985,0.30302,0.00714,0.02796,0.03525,0.03375,0.03315,0.01453,0.02112,0.00621,0.01150,0.02069,0.01527,0.01025,0.01894,0.04045
0.07614,0.14458,0.03055,0.23725,0.02834,0.03251,0.01208,0.01550,0.11194,0.10298,0.01626,0.01368,0.02167,0.00927,0.02776,0.02394,0.02166,0.03499,0.02087,0.01802
0.02842,0.05717,0.02848,0.48915,0.01261,0.01438,0.00958,0.00972,0.04097,0.18265,0.01174,0.00983,0.01028,0.00863,0.02131,0.01168,0.01256,0.01845,0.01020,0.01218
0.09670,0.09004,0.03562,0.03635,0.02195,0.02994,0.01278,0.01291,0.03805,0.02288,0.02046,0.01898,0.02295,0.01513,0.02181,0.02938,0.04066,0.39436,0.02004,0.01901
0.03025,0.07296,0.03465,0.04333,0.16069,0.02448,0.03265,0.04672,0.05668,0.03001,0.03574,0.06140,0.06032,0.03976,0.04330,0.02688,0.03368,0.05039,0.02863,0.08749
0.16459,0.03604,0.02144,0.09979,0.11430,0.02765,0.02508,0.02198,0.02708,0.06989,0.03766,0.02154,0.02582,0.01843,0.02049,0.02521,0.02356,0.17694,0.01984,0.02266
0.03016,0.04928,0.01698,0.03812,0.32922,0.04858,0.02357,0.04022,0.03374,0.02978,0.06988,0.03723,0.03828,0.01708,0.01162,0.03266,0.02702,0.02579,0.03417,0.06663
0.03591,0.08162,0.01945,0.03777,0.06441,0.04486,0.02210,0.03671,0.14141,0.02831,0.02333,0.07285,0.04633,0.02231,0.01642,0.04636,0.10941,0.05511,0.05234,0.04298
0.02113,0.17703,0.02705,0.20036,0.03613,0.01951,0.02132,0.02112,0.15214,0.13173,0.01693,0.01730,0.02047,0.02304,0.02047,0.02015,0.01702,0.01525,0.01644,0.02539
0.10769,0.09868,0.01847,0.02293,0.04933,0.02733,0.01919,0.01846,0.06099,0.01616,0.03642,0.02216,0.04578,0.02168,0.01798,0.02569,0.04328,0.29083,0.02788,0.02907
0.01988,0.04080,0.02955,0.07466,0.08312,0.01479,0.17677,0.02674,0.02873,0.05018,0.02659,0.02328,0.02866,0.17617,0.08792,0.01456,0.01981,0.03234,0.01656,0.02888
0.03027,0.07497,0.05391,0.04755,0.40322,0.02277,0.01193,0.02886,0.04308,0.04239,0.03016,0.01728,0.02499,0.00945,0.02568,0.02657,0.01954,0.02848,0.03118,0.02773
0.12594,0.12194,0.01613,0.04762,0.02560,0.08399,0.02780,0.01706,0.16561,0.03154,0.02864,0.02024,0.02800,0.02782,0.01363,0.03034,0.05142,0.09424,0.01921,0.02323
0.02997,0.05351,0.04403,0.04046,0.26086,0.02686,0.02668,0.02444,0.02848,0.03777,0.08582,0.02999,0.06727,0.01864,0.05603,0.03474,0.02837,0.02637,0.04842,0.03129
0.09186,0.03353,0.02734,0.04077,0.07128,0.05125,0.09587,0.04885,0.03867,0.03630,0.03976,0.03411,0.03275,0.10305,0.02512,0.03800,0.06269,0.05904,0.02305,0.04673
0.01975,0.07015,0.11447,0.21140,0.03728,0.01740,0.02237,0.01015,0.03401,0.09925,0.02050,0.01231,0.01448,0.01768,0.20590,0.02099,0.02030,0.02116,0.01649,0.01396
0.04669,0.01259,0.00893,0.04070,0.05017,0.00801,0.04747,0.01246,0.00852,0.02431,0.00788,0.00691,0.00655,0.52678,0.00783,0.00617,0.00947,0.14786,0.00502,0.01567
0.06154,0.05559,0.00809,0.03890,0.05749,0.02409,0.02811,0.01514,0.02736,0.01913,0.03963,0.03988,0.07755,0.02082,0.00860,0.02812,0.12649,0.27069,0.02919,0.02360
0.07662,0.09014,0.03681,0.14814,0.03072,0.04109,0.02924,0.02330,0.05999,0.07449,0.04218,0.03326,0.03260,0.02782,0.04651,0.03904,0.04000,0.06401,0.02900,0.03503
0.05112,0.04929,0.07953,0.03148,0.30248,0.15496,0.01213,0.02420,0.04778,0.02631,0.03738,0.02339,0.02328,0.01138,0.02329,0.03536,0.01668,0.01365,0.01602,0.02029
0.01367,0.05387,0.28969,0.06203,0.04057,0.01111,0.09050,0.01708,0.02786,0.04578,0.01642,0.01228,0.01478,0.06434,0.15521,0.01806,0.01386,0.02038,0.01267,0.01983
0.05708,0.12965,0.01922,0.05319,0.29437,0.05275,0.00712,0.02053,0.14675,0.03405,0.01670,0.01957,0.03494,0.00665,0.01659,0.01391,0.02005,0.01718,0.01418,0.02550
0.02774,0.12598,0.05059,0.22610,0.03135,0.02412,0.01867,0.01732,0.15021,0.15961,0.01870,0.01221,0.01369,0.01371,0.02570,0.01810,0.01626,0.01872,0.01207,0.01916
0.01854,0.09708,0.01240,0.54138,0.01322,0.01669,0.00878,0.01424,0.09474,0.08866,0.01030,0.00825,0.01208,0.00820,0.00960,0.01072,0.00640,0.00724,0.00758,0.01391
0.06418,0.02517,0.08103,0.03065,0.39658,0.05076,0.01237,0.03957,0.02762,0.02586,0.03043,0.01762,0.01937,0.00866,0.04535,0.02122,0.02246,0.04253,0.01466,0.02391
0.03557,0.01995,0.02073,0.03074,0.21579,0.01985,0.12983,0.02546,0.01650,0.02952,0.02004,0.01827,0.01506,0.25470,0.01448,0.02161,0.01759,0.03473,0.01801,0.04156
0.03043,0.03938,0.01170,0.30718,0.01970,0.02139,0.05637,0.01778,0.03509,0.24133,0.02418,0.01091,0.01653,0.06807,0.01198,0.01785,0.01347,0.01678,0.01065,0.02924
0.02062,0.17435,0.09260,0.14486,0.03451,0.02579,0.02242,0.01604,0.05747,0.15373,0.02924,0.01470,0.03073,0.02526,0.04149,0.02540,0.01679,0.01580,0.03401,0.02420
0.08724,0.05328,0.01581,0.04623,0.18188,0.08768,0.04124,0.03454,0.06873,0.02739,0.03456,0.04068,0.04040,0.03178,0.01781,0.03255,0.05508,0.03559,0.02113,0.04640
0.01796,0.06568,0.04831,0.20553,0.05484,0.01212,0.11595,0.01724,0.04403,0.13267,0.01923,0.01503,0.01237,0.06607,0.03357,0.04542,0.02412,0.02445,0.02087,0.02455
0.02709,0.14502,0.02264,0.27391,0.04190,0.03049,0.03068,0.01560,0.11401,0.08312,0.02711,0.01757,0.02156,0.02370,0.02117,0.02730,0.02009,0.01904,0.01910,0.01889
0.04912,0.05383,0.04764,0.12595,0.03588,0.05562,0.03444,0.02998,0.05622,0.24757,0.03765,0.02501,0.02498,0.02822,0.02256,0.02418,0.01747,0.01597,0.02324,0.04447
0.02787,0.06159,0.09220,0.24312,0.01971,0.02068,0.04184,0.02847,0.03577,0.13254,0.03244,0.01756,0.02000,0.03119,0.09788,0.01942,0.01681,0.02221,0.01225,0.02647
0.06145,0.04441,0.02140,0.02293,0.13437,0.02397,0.01480,0.12652,0.03419,0.01924,0.02345,0.05484,0.08264,0.01917,0.02100,0.02172,0.02487,0.09655,0.02914,0.12333
0.18069,0.04093,0.03083,0.02864,0.03801,0.09896,0.03555,0.03944,0.03355,0.02305,0.04610,0.03117,0.04508,0.02897,0.01824,0.03225,0.03329,0.12351,0.03232,0.05942
0.07740,0.08477,0.02183,0.08436,0.01824,0.18040,0.01482,0.03352,0.08601,0.06648,0.06167,0.02250,0.06108,0.01077,0.01559,0.03809,0.02252,0.02624,0.03940,0.03430
0.04892,0.11667,0.04681,0.10176,0.03420,0.04243,0.02550,0.04785,0.11206,0.09304,0.05500,0.02548,0.03396,0.02981,0.03768,0.03413,0.02313,0.02553,0.02530,0.04074
0.08041,0.07655,0.03057,0.06266,0.26229,0.03329,0.01807,0.03227,0.04385,0.05467,0.06165,0.01735,0.02937,0.01390,0.03369,0.02762,0.02378,0.03985,0.02048,0.03768
0.19749,0.02669,0.02625,0.03826,0.07786,0.01921,0.06068,0.01473,0.02213,0.02980,0.02403,0.01414,0.01707,0.04988,0.03142,0.02560,0.02817,0.26299,0.01759,0.01600
0.01184,0.47368,0.07813,0.12014,0.03339,0.01169,0.01610,0.00849,0.05727,0.05392,0.01265,0.00888,0.01140,0.01646,0.03329,0.01170,0.01175,0.00936,0.00869,0.01116
0.18966,0.03912,0.03471,0.04526,0.02730,0.04787,0.01620,0.02315,0.02977,0.03286,0.03951,0.02781,0.02959,0.01398,0.02577,0.02763,0.02721,0.27037,0.02242,0.02982
0.14836,0.11533,0.03586,0.02323,0.02002,0.07690,0.00798,0.01385,0.05152,0.01768,0.02582,0.01782,0.02425,0.00811,0.01966,0.02510,0.04169,0.27565,0.02513,0.02603
0.03200,0.06800,0.04103,0.06565,0.33395,0.03224,0.01781,0.02808,0.05158,0.05761,0.02719,0.02386,0.03640,0.01723,0.02926,0.02187,0.02375,0.02781,0.01971,0.04497
0.01845,0.12926,0.10725,0.09453,0.01860,0.02618,0.02495,0.05370,0.11861,0.04710,0.02406,0.02917,0.02349,0.02602,0.15097,0.02165,0.02242,0.01235,0.01438,0.03686
0.05262,0.08443,0.01498,0.02878,0.11067,0.08362,0.06727,0.01972,0.05926,0.01846,0.08856,0.01737,0.02387,0.03485,0.01082,0.05144,0.05711,0.08665,0.03038,0.05914
0.04521,0.02571,0.01540,0.02939,0.23559,0.01574,0.20645,0.02673,0.01915,0.02445,0.01524,0.01405,0.01096,0.19019,0.01195,0.01693,0.01783,0.04563,0.00922,0.02418
0.02313,0.26968,0.11394,0.03285,0.03160,0.02952,0.02348,0.02379,0.13034,0.02287,0.03661,0.02217,0.04010,0.02527,0.05280,0.02269,0.02232,0.02205,0.02051,0.03427
0.07568,0.03911,0.01165,0.03520,0.18368,0.08238,0.09616,0.01795,0.02791,0.03444,0.04544,0.02237,0.02910,0.05980,0.00975,0.05208,0.04239,0.05173,0.05133,0.03186
0.04563,0.06566,0.10194,0.12141,0.03316,0.02638,0.04472,0.06915,0.07998,0.08980,0.02219,0.02762,0.01966,0.04516,0.05346,0.03503,0.02755,0.02723,0.01891,0.04535
0.03230,0.06992,0.25044,0.06076,0.01385,0.07221,0.02794,0.04122,0.08951,0.05761,0.02208,0.02164,0.02268,0.03035,0.07517,0.02920,0.01660,0.01211,0.02052,0.03386
0.06425,0.22278,0.01763,0.06120,0.08715,0.04360,0.00874,0.02512,0.16789,0.03399,0.02437,0.02685,0.05872,0.00871,0.02008,0.01769,0.02337,0.03517,0.02094,0.03175
0.02429,0.16752,0.01507,0.04972,0.21150,0.03196,0.02013,0.03141,0.15921,0.03714,0.02428,0.02618,0.03810,0.01863,0.01582,0.02243,0.02800,0.02047,0.01887,0.03925
0.06780,0.04989,0.01936,0.15908,0.01376,0.07112,0.05488,0.02417,0.04304,0.18147,0.05093,0.02504,0.03205,0.05980,0.01640,0.03681,0.01724,0.02320,0.01812,0.03585
0.09820,0.04212,0.01488,0.03720,0.04459,0.02401,0.01712,0.01503,0.03035,0.02160,0.01479,0.01626,0.01660,0.01778,0.01027,0.01710,0.02546,0.50222,0.01264,0.02177
0.02243,0.09907,0.03024,0.03851,0.08424,0.03544,0.05934,0.03691,0.20613,0.02902,0.02437,0.02539,0.03800,0.06997,0.04348,0.01714,0.03584,0.02273,0.01571,0.06603
0.03828,0.02735,0.01348,0.03872,0.15320,0.01217,0.04059,0.01029,0.01983,0.02681,0.01076,0.01023,0.01079,0.03963,0.01340,0.01457,0.02307,0.47244,0.01032,0.01408
0.26415,0.04579,0.04207,0.04976,0.03104,0.04192,0.01392,0.03143,0.05485,0.04080,0.02140,0.02854,0.02187,0.01495,0.04145,0.02493,0.02927,0.14254,0.03107,0.02824
0.14080,0.04225,0.02700,0.05187,0.03043,0.03662,0.02080,0.01495,0.03225,0.05353,0.02329,0.02386,0.03211,0.01987,0.01730,0.03672,0.02966,0.30408,0.03659,0.02602
0.04478,0.05070,0.01855,0.05192,0.31271,0.07241,0.00961,0.03034,0.16305,0.06808,0.01604,0.02129,0.02594,0.01101,0.01118,0.01560,0.01456,0.01492,0.01438,0.03292
0.15474,0.04691,0.01085,0.10937,0.04799,0.08027,0.04378,0.03173,0.05021,0.10375,0.03648,0.02171,0.03321,0.03448,0.01001,0.02360,0.02908,0.05309,0.01785,0.06088
0.14505,0.03720,0.01708,0.06534,0.04144,0.13370,0.06592,0.02951,0.03814,0.06448,0.05474,0.02371,0.03278,0.03943,0.01065,0.05014,0.02337,0.04163,0.03228,0.05340
0.01902,0.20378,0.03850,0.03720,0.02323,0.03310,0.02101,0.06881,0.27851,0.02255,0.03596,0.02512,0.03360,0.01890,0.02429,0.02266,0.01836,0.01582,0.01313,0.04647
0.01363,0.21973,0.02307,0.07487,0.16676,0.02730,0.01210,0.03108,0.18202,0.05616,0.02233,0.02168,0.02728,0.00964,0.01817,0.01949,0.01668,0.00998,0.02206,0.02597
0.05141,0.10505,0.00814,0.05576,0.05601,0.14587,0.05058,0.01836,0.13908,0.04240,0.03741,0.02206,0.03606,0.04801,0.00592,0.03604,0.04634,0.02673,0.02227,0.04651
0.09618,0.02245,0.05463,0.03096,0.32236,0.04878,0.04957,0.03724,0.01791,0.03362,0.04136,0.01839,0.02076,0.04349,0.02189,0.04165,0.01660,0.02792,0.01773,0.03651
0.18513,0.02285,0.00499,0.01057,0.01988,0.02115,0.01090,0.00896,0.02446,0.00707,0.00727,0.01263,0.02112,0.01695,0.00412,0.01303,0.01950,0.56373,0.01332,0.01236
0.01789,0.09378,0.01552,0.13377,0.25206,0.02730,0.02282,0.03604,0.08448,0.09925,0.02750,0.02005,0.02983,0.01639,0.01401,0.01709,0.01734,0.01388,0.01605,0.04495
0.03251,0.06308,0.03813,0.20833,0.03326,0.01944,0.07127,0.03575,0.04050,0.14905,0.03110,0.02724,0.02074,0.05052,0.02783,0.04640,0.02104,0.02785,0.02685,0.02909
0.01491,0.19803,0.01301,0.36533,0.01333,0.01436,0.01117,0.00964,0.06243,0.18823,0.01444,0.00929,0.01116,0.00944,0.00756,0.01341,0.01098,0.01115,0.00968,0.01244
0.03396,0.11001,0.01719,0.07696,0.21950,0.03609,0.04199,0.01814,0.14026,0.04360,0.03274,0.02056,0.02740,0.04533,0.01316,0.02833,0.02629,0.02323,0.01890,0.02636
0.32919,0.02735,0.02090,0.01946,0.03464,0.03160,0.04164,0.01775,0.02219,0.01511,0.05499,0.02491,0.04729,0.06140,0.01578,0.03695,0.03460,0.11838,0.02712,0.01874
0.04950,0.05127,0.01981,0.02529,0.30194,0.03759,0.00927,0.05478,0.04394,0.01863,0.03122,0.04848,0.09383,0.01025,0.02087,0.02637,0.03993,0.03667,0.03195,0.04842
0.05814,0.07165,0.05667,0.11241,0.02313,0.09837,0.01445,0.04815,0.16940,0.09333,0.04461,0.02196,0.01496,0.01146,0.02329,0.03773,0.01922,0.02149,0.01648,0.04308
0.04110,0.06333,0.03112,0.04676,0.13121,0.02552,0.02883,0.04682,0.03496,0.03979,0.03495,0.02777,0.05724,0.03546,0.03218,0.02563,0.03879,0.06490,0.03377,0.15985
0.04447,0.01949,0.04704,0.10791,0.03060,0.02062,0.05806,0.02576,0.01887,0.39853,0.02279,0.01520,0.01245,0.04831,0.03954,0.02050,0.01260,0.02252,0.01238,0.02237
0.03047,0.02314,0.01591,0.06640,0.30517,0.01466,0.14537,0.01520,0.01649,0.05223,0.01713,0.01584,0.01507,0.13734,0.01531,0.02178,0.02015,0.03920,0.01368,0.01946
0.02428,0.15141,0.02709,0.02657,0.20570,0.02110,0.01440,0.02792,0.09484,0.01867,0.02450,0.05113,0.07407,0.01656,0.07853,0.02015,0.03485,0.02938,0.02033,0.03850
0.09218,0.04692,0.03765,0.02064,0.07540,0.15892,0.02094,0.03231,0.06976,0.01968,0.05219,0.03403,0.03363,0.02926,0.02348,0.04555,0.06035,0.05246,0.03484,0.05981
0.01584,0.06071,0.08358,0.03446,0.09667,0.05115,0.02909,0.06184,0.08311,0.02885,0.07343,0.04584,0.03914,0.02101,0.12386,0.03075,0.04021,0.01239,0.02483,0.04323
0.05147,0.03267,0.01540,0.16585,0.07264,0.02159,0.05040,0.02876,0.02872,0.05026,0.02644,0.03794,0.02639,0.03875,0.03161,0.02201,0.05680,0.20344,0.01366,0.02521
0.03643,0.14658,0.01567,0.04568,0.34998,0.02342,0.01181,0.01486,0.07209,0.02855,0.02629,0.01711,0.02966,0.00995,0.01205,0.02595,0.03661,0.04707,0.03240,0.01785
0.01723,0.06284,0.04115,0.03820,0.28649,0.03055,0.02236,0.02936,0.05291,0.04521,0.02407,0.03041,0.04971,0.02212,0.04662,0.03434,0.03982,0.01968,0.06203,0.04490
0.02821,0.05738,0.05768,0.37904,0.01741,0.01608,0.01386,0.01416,0.03908,0.18013,0.01529,0.01361,0.01537,0.01465,0.05526,0.01596,0.01794,0.01799,0.01518,0.01569
0.01596,0.02415,0.21444,0.02560,0.06528,0.01652,0.04840,0.05141,0.01964,0.01598,0.03959,0.02747,0.01703,0.03048,0.27185,0.02342,0.01840,0.01678,0.01298,0.04463
0.18922,0.03354,0.03618,0.03460,0.02035,0.07005,0.02332,0.03192,0.03278,0.02745,0.06365,0.02584,0.03958,0.01774,0.02943,0.04430,0.03305,0.17694,0.03929,0.03080
0.03936,0.02014,0.04984,0.05395,0.22832,0.01275,0.14716,0.03118,0.01465,0.03972,0.02547,0.01815,0.01458,0.06308,0.04460,0.01928,0.01790,0.12448,0.01049,0.02493
0.03738,0.07564,0.13718,0.03998,0.34943,0.02279,0.02280,0.01432,0.03540,0.02534,0.02904,0.01397,0.02147,0.02186,0.04269,0.02859,0.02633,0.02189,0.01471,0.01918
0.03423,0.06140,0.02287,0.12599,0.02229,0.03930,0.10121,0.02208,0.05587,0.16146,0.02132,0.01796,0.02466,0.11865,0.01870,0.03388,0.02329,0.02997,0.02672,0.03816
