0.02023,0.02857,0.02483,0.02307,0.03175,0.05103,0.24518,0.05810,0.02139,0.08402,0.02854,0.01389,0.25773,0.05846,0.05320
0.01760,0.04849,0.01684,0.17544,0.22760,0.02107,0.07193,0.02774,0.01785,0.06469,0.03734,0.02189,0.13361,0.03413,0.08379
0.03690,0.03226,0.02656,0.03162,0.04161,0.30744,0.02375,0.01599,0.02835,0.01603,0.28891,0.03853,0.03612,0.02166,0.05426
0.02114,0.02397,0.02030,0.03065,0.03300,0.01123,0.01028,0.01132,0.01203,0.01796,0.01319,0.00926,0.37334,0.01438,0.39794
0.08702,0.14518,0.09956,0.22330,0.16462,0.02045,0.02011,0.01638,0.01769,0.02443,0.01308,0.05022,0.04689,0.02826,0.04279
0.03056,0.08638,0.04625,0.03325,0.03446,0.05980,0.05027,0.03825,0.05770,0.17318,0.15006,0.07843,0.04614,0.06641,0.04884
0.02213,0.01548,0.01853,0.01624,0.01507,0.03703,0.12045,0.12670,0.15192,0.03747,0.02030,0.03910,0.04043,0.07921,0.25993
0.06097,0.03629,0.03910,0.05224,0.05210,0.03953,0.13573,0.02580,0.03645,0.04088,0.04424,0.05102,0.22111,0.04646,0.11808
0.06985,0.02920,0.04000,0.04253,0.08105,0.03160,0.17328,0.10072,0.04914,0.02934,0.02819,0.05401,0.14891,0.04751,0.07466
0.01584,0.01050,0.02568,0.03330,0.05734,0.01249,0.34514,0.07392,0.00992,0.04914,0.03523,0.01353,0.28244,0.01799,0.01754
0.02021,0.10778,0.06248,0.05772,0.02953,0.01245,0.01191,0.02349,0.29422,0.00778,0.00947,0.29088,0.01322,0.02574,0.03313
0.08946,0.08247,0.06089,0.05195,0.09546,0.07045,0.02942,0.04002,0.03517,0.09185,0.04368,0.02016,0.09594,0.07437,0.11870
0.02047,0.01628,0.03224,0.01881,0.02476,0.01212,0.02242,0.01498,0.01360,0.02244,0.01534,0.01211,0.36224,0.01337,0.39882
0.01506,0.01519,0.01483,0.01312,0.01755,0.01117,0.25417,0.38567,0.03190,0.01214,0.00755,0.01678,0.01538,0.15614,0.03335
0.02365,0.01341,0.01886,0.03355,0.02435,0.01202,0.01466,0.40474,0.00839,0.01452,0.00505,0.01074,0.01682,0.38354,0.01571
0.01282,0.02091,0.01059,0.01384,0.01878,0.04326,0.02400,0.02917,0.01158,0.03802,0.00822,0.01922,0.34985,0.03281,0.36694
0.01161,0.02043,0.01492,0.01222,0.01434,0.01353,0.39294,0.29414,0.02195,0.01742,0.01275,0.04116,0.08657,0.02793,0.01808
0.02217,0.01689,0.02671,0.02042,0.03578,0.15058,0.05041,0.14515,0.02150,0.07609,0.21309,0.02002,0.04403,0.10891,0.04826
0.07155,0.07299,0.02213,0.05856,0.07610,0.01654,0.05187,0.09735,0.03665,0.02553,0.02040,0.04292,0.15090,0.10270,0.15381
0.03870,0.04812,0.04910,0.06413,0.06560,0.05908,0.06579,0.05768,0.12636,0.03913,0.04461,0.07081,0.03425,0.07171,0.16495
0.04007,0.01859,0.03013,0.03037,0.03196,0.05778,0.02382,0.23826,0.02978,0.06934,0.05489,0.02764,0.05300,0.24459,0.04978
0.06559,0.08319,0.07731,0.08270,0.22998,0.06219,0.06683,0.03405,0.01449,0.08841,0.03931,0.03876,0.06197,0.02941,0.02582
0.08862,0.15998,0.08412,0.08185,0.22500,0.05449,0.07418,0.06696,0.01365,0.06103,0.01565,0.01594,0.02383,0.02054,0.01415
0.10487,0.09801,0.03961,0.15440,0.05239,0.04419,0.03724,0.04465,0.05893,0.05837,0.03585,0.06387,0.06462,0.05667,0.08634
0.01645,0.03460,0.01804,0.07747,0.07604,0.02974,0.01182,0.01760,0.01984,0.05309,0.05679,0.01347,0.25907,0.02802,0.28795
0.02152,0.02045,0.03885,0.04245,0.02820,0.01677,0.01133,0.01970,0.01647,0.33429,0.32705,0.00856,0.03214,0.02737,0.05484
0.05656,0.44821,0.03438,0.03624,0.02644,0.03322,0.03314,0.03697,0.02071,0.07734,0.07189,0.02115,0.03238,0.03555,0.03582
0.04313,0.60355,0.02634,0.03934,0.03219,0.01087,0.03869,0.01462,0.01106,0.06081,0.02562,0.00882,0.05036,0.01370,0.02090
0.01312,0.01502,0.01562,0.02515,0.02258,0.01376,0.01962,0.38512,0.02025,0.01961,0.01054,0.01910,0.02672,0.36937,0.02444
0.02740,0.04676,0.02500,0.05725,0.03579,0.01343,0.08093,0.23447,0.03750,0.01348,0.01138,0.02374,0.09316,0.23394,0.06578
0.01623,0.01847,0.00979,0.02405,0.01417,0.02090,0.04058,0.08792,0.05492,0.01255,0.02052,0.02702,0.27867,0.06750,0.30671
0.06417,0.06395,0.08614,0.08366,0.24953,0.02371,0.04782,0.05980,0.04296,0.02335,0.01511,0.02922,0.06840,0.08116,0.06102
0.01372,0.01650,0.02320,0.01649,0.01738,0.01999,0.01169,0.33411,0.01994,0.04899,0.02741,0.01080,0.03786,0.33106,0.07084
0.02803,0.03292,0.01921,0.04323,0.03256,0.01188,0.02252,0.02596,0.02000,0.13125,0.11278,0.01432,0.21304,0.02048,0.27184
0.08274,0.18659,0.07504,0.04787,0.06345,0.03254,0.01344,0.03468,0.01495,0.02651,0.03643,0.01444,0.16380,0.04188,0.16565
0.02821,0.01774,0.01736,0.02623,0.02267,0.02420,0.00883,0.30277,0.01315,0.04124,0.02139,0.01826,0.07673,0.30375,0.07746
0.10020,0.01740,0.07737,0.10114,0.08064,0.04317,0.05390,0.03267,0.01900,0.07885,0.11548,0.03417,0.10765,0.04126,0.09711
0.02033,0.01567,0.02187,0.02162,0.01785,0.01660,0.02962,0.02236,0.01195,0.37063,0.36950,0.00766,0.02347,0.03606,0.01483
0.01347,0.02082,0.01271,0.01758,0.01222,0.16575,0.16197,0.13257,0.05382,0.13317,0.08085,0.05490,0.05071,0.02051,0.06895
0.02284,0.02141,0.02085,0.02168,0.02891,0.02721,0.02660,0.16971,0.02722,0.02828,0.01653,0.03091,0.17946,0.16187,0.21652
0.01396,0.01702,0.01429,0.01546,0.01435,0.02636,0.03116,0.03041,0.01637,0.01464,0.03711,0.01593,0.35532,0.02000,0.37762
0.03225,0.04747,0.04461,0.07768,0.07692,0.01850,0.19069,0.02611,0.04867,0.05767,0.05692,0.05545,0.19135,0.04382,0.03190
0.04882,0.03278,0.03797,0.10085,0.04031,0.01325,0.01403,0.22972,0.03183,0.01545,0.00743,0.02217,0.07291,0.23281,0.09968
0.02265,0.01647,0.03329,0.03061,0.01916,0.05463,0.32625,0.29082,0.01838,0.01634,0.04356,0.01322,0.05205,0.04300,0.01957
0.04597,0.11755,0.02814,0.02241,0.08115,0.02005,0.02426,0.05879,0.06556,0.17558,0.16311,0.02907,0.03551,0.06049,0.07238
0.01220,0.01314,0.01554,0.01186,0.01353,0.05225,0.26738,0.28236,0.01343,0.12413,0.08152,0.01137,0.02230,0.05460,0.02438
0.03394,0.03982,0.02420,0.01619,0.02433,0.01434,0.01391,0.00785,0.01018,0.06608,0.04904,0.01356,0.32268,0.01577,0.34810
0.04114,0.02399,0.05106,0.04206,0.07303,0.02401,0.09555,0.10335,0.11047,0.05276,0.04141,0.04532,0.05306,0.07696,0.16584
0.01346,0.01407,0.01128,0.01680,0.02393,0.01264,0.01351,0.02125,0.37506,0.01842,0.01698,0.38049,0.02491,0.02529,0.03192
0.22506,0.08314,0.08596,0.12820,0.25007,0.01810,0.01190,0.02534,0.01707,0.03145,0.00544,0.02025,0.01701,0.05440,0.02662
0.00570,0.00314,0.00475,0.01247,0.00627,0.00515,0.08331,0.39635,0.00545,0.00465,0.00424,0.00308,0.07585,0.38044,0.00914
0.02223,0.04405,0.07530,0.06415,0.01821,0.05577,0.02311,0.02679,0.08203,0.07295,0.03632,0.08816,0.11081,0.04793,0.23218
0.03141,0.07997,0.04069,0.04759,0.05244,0.03223,0.01526,0.03417,0.01565,0.05378,0.03769,0.02166,0.22461,0.04125,0.27159
0.05151,0.05469,0.04089,0.05549,0.05519,0.03691,0.04365,0.23497,0.04157,0.04004,0.03031,0.03312,0.02919,0.22309,0.02937
0.03475,0.05793,0.03304,0.08862,0.03997,0.02293,0.23570,0.24548,0.05955,0.01134,0.02330,0.05692,0.01907,0.04665,0.02475
0.03145,0.01497,0.02785,0.06284,0.05160,0.04897,0.04073,0.19417,0.02004,0.07166,0.06773,0.01072,0.09203,0.20922,0.05601
0.03689,0.17470,0.06216,0.07679,0.09871,0.03817,0.00513,0.01010,0.02140,0.21163,0.19180,0.01513,0.02037,0.01546,0.02156
0.05393,0.03046,0.02904,0.03089,0.08596,0.02098,0.01135,0.05561,0.01966,0.01870,0.01729,0.02053,0.26857,0.05321,0.28381
0.02287,0.03176,0.02621,0.02582,0.03397,0.07469,0.02657,0.03489,0.03148,0.08994,0.01836,0.04194,0.23048,0.05076,0.26025
0.02610,0.04663,0.03378,0.03228,0.02325,0.02032,0.31075,0.34115,0.01578,0.02257,0.03304,0.01146,0.01193,0.04783,0.02311
0.05501,0.04762,0.09282,0.06475,0.04752,0.01737,0.02286,0.04454,0.02944,0.03275,0.02771,0.03650,0.20007,0.05215,0.22889
0.02408,0.01919,0.03904,0.03282,0.02052,0.07689,0.06593,0.05428,0.24630,0.03125,0.04926,0.23982,0.03878,0.02249,0.03934
0.01835,0.10859,0.08162,0.10806,0.05248,0.01097,0.04377,0.07338,0.12689,0.00938,0.00812,0.01641,0.01453,0.08389,0.24356
0.08360,0.06001,0.07278,0.04244,0.05804,0.08975,0.02443,0.01947,0.15322,0.03980,0.09018,0.13665,0.04972,0.03203,0.04788
0.02041,0.02433,0.02770,0.02388,0.02392,0.01560,0.32381,0.01939,0.01589,0.02573,0.02226,0.01203,0.35842,0.03419,0.05243
0.06798,0.01166,0.03589,0.04341,0.03830,0.08008,0.02189,0.02313,0.01192,0.03270,0.15088,0.01058,0.22578,0.02115,0.22466
0.02831,0.05623,0.05623,0.05574,0.03596,0.01477,0.14599,0.23407,0.06269,0.02710,0.01907,0.03237,0.03252,0.12364,0.07530
0.01532,0.02434,0.01253,0.01696,0.02632,0.00760,0.01341,0.03391,0.01183,0.03240,0.01710,0.01253,0.35354,0.03445,0.38777
0.03656,0.03975,0.03954,0.05375,0.06779,0.02105,0.24278,0.01773,0.01843,0.03049,0.02073,0.02247,0.29524,0.01993,0.07375
0.02298,0.06046,0.02203,0.15135,0.17734,0.03181,0.02401,0.07010,0.04560,0.02944,0.03467,0.02978,0.09289,0.06757,0.13996
0.05100,0.04378,0.03459,0.03372,0.03579,0.01471,0.01454,0.13038,0.02645,0.06377,0.04718,0.01861,0.16441,0.15002,0.17103
0.06401,0.06537,0.06656,0.05878,0.08252,0.01912,0.11369,0.04063,0.08584,0.04836,0.04272,0.06926,0.07753,0.05220,0.11343
0.11878,0.08360,0.15697,0.09146,0.17388,0.05158,0.03526,0.05195,0.02042,0.03392,0.04325,0.01860,0.03007,0.05561,0.03466
0.02904,0.04644,0.02634,0.03192,0.03710,0.04652,0.10074,0.10655,0.03791,0.07607,0.12721,0.03597,0.11949,0.03335,0.14535
0.02078,0.03373,0.02547,0.03409,0.02971,0.01745,0.07752,0.14971,0.05497,0.03043,0.02145,0.02891,0.16323,0.16602,0.14655
0.05909,0.10387,0.06834,0.03112,0.13940,0.02418,0.14069,0.13935,0.03881,0.05528,0.02403,0.02084,0.04510,0.03606,0.07383
0.02921,0.03103,0.03240,0.02473,0.03341,0.04685,0.01724,0.03453,0.05582,0.04710,0.00888,0.11418,0.21166,0.06591,0.24706
0.01542,0.01381,0.01401,0.02038,0.02478,0.02583,0.29983,0.28893,0.01786,0.08801,0.09941,0.02482,0.01655,0.02666,0.02367
0.03364,0.02145,0.03034,0.02164,0.01980,0.11441,0.03398,0.25632,0.02869,0.09313,0.01475,0.02200,0.03142,0.23704,0.04138
0.02598,0.04076,0.02260,0.03733,0.03306,0.01762,0.01403,0.14431,0.02283,0.03774,0.03181,0.02448,0.20211,0.12531,0.22004
0.04912,0.06995,0.08807,0.09650,0.10684,0.04868,0.04278,0.03285,0.04604,0.02551,0.04872,0.04809,0.11180,0.05202,0.13302
0.04406,0.54795,0.02451,0.02509,0.02608,0.00818,0.01023,0.04553,0.01980,0.01898,0.01121,0.02367,0.06914,0.04857,0.07700
0.04100,0.06536,0.03989,0.03393,0.07134,0.04622,0.00934,0.02742,0.01437,0.25964,0.27986,0.02810,0.02416,0.04345,0.01593
0.01698,0.01564,0.02114,0.01978,0.01651,0.01229,0.11839,0.33538,0.01861,0.00999,0.01082,0.01101,0.07674,0.28244,0.03427
0.14652,0.04682,0.36849,0.08859,0.10641,0.02913,0.01563,0.02896,0.01757,0.04021,0.03647,0.01082,0.01735,0.03092,0.01612
0.05703,0.14451,0.05034,0.07486,0.16300,0.00902,0.00925,0.02113,0.02299,0.02491,0.02488,0.02268,0.16059,0.03671,0.17809
0.02984,0.01274,0.02754,0.03826,0.04338,0.02762,0.14708,0.17303,0.03088,0.04405,0.03893,0.01052,0.14397,0.05501,0.17714
0.04151,0.08535,0.01657,0.03588,0.03423,0.14999,0.11762,0.07136,0.04948,0.05086,0.13313,0.04101,0.07794,0.03971,0.05536
0.02392,0.02580,0.03141,0.02630,0.03501,0.02611,0.02177,0.34931,0.01734,0.03427,0.02986,0.01365,0.01359,0.32894,0.02271
0.06443,0.04090,0.13869,0.06343,0.05020,0.01171,0.01754,0.21293,0.04560,0.01655,0.01033,0.01618,0.02436,0.21873,0.06842
0.03574,0.01054,0.02954,0.03378,0.02889,0.13102,0.03151,0.10101,0.01869,0.02938,0.15150,0.01898,0.13651,0.08802,0.15489
0.05769,0.03834,0.06248,0.03835,0.07940,0.05706,0.06626,0.21727,0.03872,0.03063,0.06156,0.03942,0.02970,0.14602,0.03710
0.04216,0.05600,0.05416,0.07118,0.05112,0.00975,0.03513,0.01875,0.09615,0.09430,0.08026,0.18036,0.07259,0.07129,0.06678
0.03882,0.04015,0.03702,0.05829,0.04840,0.06548,0.04974,0.21474,0.04255,0.01950,0.04595,0.03649,0.05204,0.19762,0.05321
0.03961,0.03243,0.05045,0.05515,0.05125,0.02944,0.01990,0.04370,0.03607,0.04447,0.02923,0.02667,0.23083,0.04496,0.26582
0.07456,0.07322,0.05209,0.07810,0.09262,0.01195,0.03644,0.03548,0.02752,0.10528,0.08955,0.01887,0.13005,0.05785,0.11639
0.03482,0.03850,0.03651,0.05261,0.03791,0.01031,0.01692,0.24640,0.08485,0.02732,0.01074,0.07104,0.03787,0.25502,0.03917
0.03325,0.07589,0.03857,0.04879,0.05013,0.01936,0.25190,0.08822,0.02144,0.03957,0.02654,0.02965,0.20242,0.04574,0.02854
0.14876,0.10377,0.12429,0.23351,0.11331,0.01628,0.01095,0.02889,0.02327,0.05287,0.05071,0.01532,0.01902,0.04178,0.01726
0.02688,0.04056,0.03459,0.02450,0.03699,0.11056,0.18259,0.17112,0.04098,0.02928,0.11068,0.02968,0.05281,0.02978,0.07901
0.01990,0.01757,0.01511,0.01386,0.02599,0.01866,0.03711,0.01822,0.04107,0.02947,0.01440,0.02435,0.31065,0.03210,0.38153
0.11238,0.05177,0.05116,0.04288,0.12121,0.02457,0.01886,0.09777,0.03856,0.06240,0.03373,0.04144,0.09773,0.09777,0.10775
0.02399,0.01110,0.01920,0.02714,0.03827,0.14131,0.03343,0.23013,0.01519,0.02389,0.09534,0.02680,0.03347,0.23022,0.05052
0.05795,0.05528,0.06552,0.07035,0.06890,0.04469,0.03567,0.04293,0.03967,0.02526,0.03360,0.03588,0.17417,0.05777,0.19235
0.02327,0.02594,0.04063,0.03747,0.02427,0.06698,0.07884,0.10135,0.05314,0.04354,0.07488,0.05651,0.13418,0.07161,0.16739
0.06769,0.06033,0.07647,0.09867,0.12217,0.02782,0.02500,0.01971,0.04563,0.03396,0.01038,0.07953,0.13476,0.03241,0.16546
0.02260,0.02477,0.02172,0.02625,0.04275,0.34340,0.02424,0.01868,0.01859,0.03730,0.34132,0.02059,0.01757,0.01628,0.02393
0.02329,0.04171,0.02056,0.02484,0.02692,0.01870,0.25831,0.02355,0.00944,0.01319,0.01400,0.00745,0.34976,0.03552,0.13278
0.03595,0.05822,0.03132,0.03273,0.04240,0.01685,0.03712,0.02416,0.07423,0.16502,0.13932,0.20969,0.02933,0.05855,0.04510
0.02740,0.02436,0.04955,0.01847,0.02066,0.00955,0.16959,0.32818,0.01590,0.01896,0.01589,0.02588,0.04624,0.17676,0.05260
0.01721,0.02225,0.01415,0.01735,0.01656,0.01713,0.01600,0.11990,0.01659,0.01332,0.01909,0.01353,0.27256,0.12606,0.29829
0.08594,0.11170,0.09964,0.09974,0.23885,0.02061,0.02760,0.04143,0.05605,0.01564,0.01588,0.03760,0.03303,0.03662,0.07967
0.02343,0.10922,0.04901,0.09952,0.03822,0.06028,0.10478,0.12232,0.06505,0.07178,0.03237,0.03296,0.03304,0.07614,0.08188
0.01921,0.02681,0.01731,0.02039,0.03483,0.01739,0.01884,0.04854,0.01814,0.07743,0.07017,0.01965,0.27649,0.04273,0.29205
0.05655,0.01051,0.05656,0.05577,0.06090,0.04921,0.06879,0.02808,0.03150,0.12416,0.07921,0.04965,0.14155,0.04458,0.14298
0.05800,0.53969,0.04502,0.02542,0.03858,0.03241,0.00869,0.02079,0.06701,0.01523,0.01384,0.03955,0.02683,0.02974,0.03919
0.05312,0.05055,0.06161,0.04513,0.05220,0.05116,0.12617,0.08495,0.10094,0.10552,0.05044,0.06322,0.06596,0.04558,0.04345
0.03414,0.03973,0.06181,0.04123,0.07131,0.05559,0.02204,0.19377,0.06237,0.05756,0.03679,0.04125,0.03492,0.19030,0.05718
0.01292,0.00922,0.03744,0.00982,0.01453,0.00952,0.24513,0.37377,0.02152,0.02060,0.01493,0.01885,0.01331,0.17049,0.02793
0.03905,0.06389,0.06777,0.08008,0.05555,0.01072,0.02847,0.28477,0.02035,0.00880,0.00472,0.01787,0.02761,0.26933,0.02103
0.02892,0.03629,0.04617,0.07961,0.06310,0.01382,0.04201,0.02726,0.02276,0.01359,0.03907,0.01750,0.26864,0.02350,0.27775
0.09891,0.04651,0.06777,0.23743,0.08595,0.01213,0.01752,0.14230,0.03220,0.00862,0.00758,0.02951,0.02998,0.13958,0.04399
0.03417,0.02009,0.04145,0.03717,0.06105,0.02488,0.10012,0.09404,0.03788,0.17279,0.18639,0.01736,0.02982,0.04857,0.09423
0.01987,0.01852,0.03189,0.02880,0.02285,0.01851,0.04806,0.08666,0.02309,0.02973,0.03013,0.01539,0.25450,0.10309,0.26890
0.28774,0.04401,0.05849,0.05948,0.08808,0.03140,0.02479,0.12211,0.03648,0.02224,0.00791,0.01361,0.05009,0.11758,0.03598
0.01194,0.01390,0.01439,0.01173,0.01604,0.01191,0.01604,0.24729,0.02288,0.02535,0.01814,0.02214,0.16470,0.22989,0.17365
0.01978,0.02768,0.02028,0.01812,0.01821,0.00815,0.00643,0.39263,0.01247,0.00977,0.01034,0.01151,0.03607,0.37503,0.03352
0.01480,0.01679,0.01505,0.02809,0.02095,0.01259,0.07013,0.32199,0.04350,0.01368,0.01341,0.03070,0.04594,0.27442,0.07798
0.03328,0.02031,0.02658,0.02398,0.04433,0.04216,0.14273,0.14296,0.01868,0.17025,0.13404,0.02626,0.06347,0.03493,0.07605
0.02310,0.03013,0.01330,0.03232,0.03977,0.02746,0.03103,0.05431,0.02214,0.28634,0.25333,0.02239,0.04109,0.06315,0.06014
0.00877,0.01241,0.01178,0.00919,0.01401,0.01098,0.01037,0.00904,0.01266,0.37897,0.37639,0.02000,0.05643,0.01568,0.05333
0.13113,0.10102,0.09504,0.13269,0.20934,0.03993,0.02300,0.04211,0.01782,0.02358,0.02604,0.01956,0.03667,0.05355,0.04852
0.12350,0.14383,0.12019,0.12560,0.10483,0.00978,0.03116,0.02090,0.02893,0.06794,0.06268,0.03751,0.05506,0.02367,0.04443
0.03841,0.02994,0.02499,0.02963,0.03402,0.02401,0.25645,0.28474,0.02671,0.02976,0.02711,0.01856,0.04777,0.05070,0.07719
0.08221,0.05304,0.06970,0.19087,0.08839,0.02014,0.02182,0.08324,0.02979,0.01465,0.01403,0.01782,0.09735,0.10127,0.11569
0.01935,0.02918,0.02078,0.02265,0.01818,0.03581,0.04837,0.14424,0.02954,0.02565,0.03287,0.02156,0.20282,0.09535,0.25363
0.03474,0.04760,0.04982,0.03210,0.07992,0.01805,0.25232,0.27812,0.02272,0.01403,0.01609,0.02071,0.02586,0.07297,0.03496
0.01519,0.01290,0.01984,0.01791,0.02696,0.02775,0.04966,0.30421,0.05826,0.01843,0.01301,0.01145,0.02524,0.28111,0.11809
0.02702,0.02801,0.02199,0.03117,0.04845,0.01632,0.02225,0.25660,0.03284,0.02981,0.02123,0.04472,0.06161,0.25978,0.09820
0.02989,0.02256,0.02483,0.04988,0.02276,0.03805,0.35863,0.34362,0.01210,0.01611,0.02113,0.00992,0.01767,0.01734,0.01550
0.03523,0.05129,0.04931,0.04015,0.06047,0.06915,0.07628,0.09961,0.04500,0.15589,0.08628,0.06088,0.04494,0.07160,0.05393
0.06756,0.04244,0.04489,0.04448,0.05249,0.02506,0.07876,0.27164,0.01957,0.03845,0.03631,0.01759,0.01487,0.21764,0.02826
0.00911,0.00932,0.00730,0.01174,0.01024,0.01660,0.03924,0.01299,0.01011,0.29579,0.30594,0.00570,0.12787,0.01474,0.12332
0.04351,0.04266,0.08175,0.08044,0.04471,0.02932,0.02447,0.25045,0.04088,0.02163,0.02412,0.02829,0.01715,0.23899,0.03163
0.02419,0.02503,0.03308,0.02102,0.02160,0.02244,0.03923,0.04690,0.01924,0.32257,0.31877,0.01676,0.02889,0.03558,0.02468
0.01755,0.01641,0.04363,0.04254,0.05101,0.02418,0.02739,0.01810,0.01175,0.17466,0.14294,0.01443,0.18715,0.02408,0.20418
0.09102,0.05425,0.18760,0.08626,0.07509,0.06385,0.03160,0.05882,0.04167,0.03099,0.06422,0.03089,0.05095,0.06874,0.06405
0.05220,0.12659,0.03417,0.22766,0.22725,0.03546,0.02228,0.02159,0.03365,0.02135,0.03991,0.02060,0.04019,0.03085,0.06624
0.01905,0.02359,0.01982,0.02475,0.01840,0.11292,0.02518,0.13476,0.02663,0.21716,0.18023,0.02185,0.01793,0.13494,0.02280
0.01358,0.01796,0.01958,0.01908,0.01765,0.01463,0.00986,0.32879,0.10087,0.02415,0.01204,0.06420,0.01597,0.32012,0.02152
0.04592,0.09884,0.01588,0.24121,0.28928,0.01935,0.01687,0.03153,0.05809,0.02719,0.01800,0.03399,0.03046,0.03294,0.04046
0.01288,0.01485,0.01458,0.01260,0.01756,0.00875,0.43428,0.39747,0.00863,0.01317,0.00510,0.01014,0.02495,0.01147,0.01358
0.04780,0.08359,0.06970,0.08801,0.07907,0.05122,0.15383,0.17517,0.03519,0.02250,0.04011,0.02464,0.03521,0.04095,0.05301
0.03829,0.03735,0.02405,0.02897,0.02737,0.03265,0.02466,0.24071,0.02342,0.09503,0.10223,0.03038,0.03399,0.22645,0.03446
0.05517,0.04035,0.08101,0.04400,0.20778,0.01559,0.02457,0.00865,0.00975,0.01331,0.01746,0.00957,0.22001,0.00885,0.24394
0.01179,0.01560,0.01423,0.00902,0.01774,0.01776,0.03414,0.40656,0.01230,0.01472,0.01245,0.00795,0.02418,0.37407,0.02748
0.09386,0.05229,0.06252,0.09085,0.07776,0.06214,0.09802,0.12694,0.08010,0.04643,0.01312,0.05464,0.02360,0.05384,0.06387
0.01863,0.03135,0.02235,0.01631,0.03787,0.28221,0.03449,0.10164,0.01341,0.24785,0.01516,0.01588,0.03903,0.07900,0.04481
0.05767,0.14334,0.06176,0.11012,0.10824,0.00766,0.01637,0.02608,0.03602,0.00879,0.01270,0.01629,0.16358,0.02239,0.20898
0.05481,0.05968,0.08215,0.05551,0.26391,0.02175,0.01111,0.10401,0.01315,0.00862,0.02003,0.01260,0.08406,0.09585,0.11277
0.06654,0.02945,0.03691,0.05520,0.06495,0.03020,0.06427,0.05782,0.10081,0.06039,0.03594,0.04409,0.07756,0.08916,0.18672
0.04613,0.04493,0.05395,0.04575,0.08150,0.04577,0.11511,0.03827,0.02850,0.12630,0.17693,0.04276,0.06922,0.02849,0.05640
0.17610,0.27575,0.00871,0.01293,0.33135,0.02018,0.03662,0.03968,0.00819,0.01396,0.01623,0.00819,0.02036,0.01341,0.01835
0.03778,0.04642,0.05473,0.06379,0.05094,0.02552,0.02457,0.06038,0.05456,0.01159,0.02427,0.05446,0.21568,0.03481,0.24050
0.03641,0.03888,0.04767,0.04618,0.06007,0.01605,0.01514,0.24027,0.02564,0.09543,0.06757,0.01404,0.02305,0.23854,0.03506
0.03083,0.03418,0.02396,0.02837,0.03374,0.02132,0.03942,0.18243,0.04271,0.10652,0.08205,0.03853,0.06022,0.17277,0.10294
0.01439,0.00814,0.01880,0.02277,0.03709,0.01718,0.01181,0.00861,0.01381,0.38899,0.39483,0.00911,0.01817,0.01252,0.02377
0.01096,0.01803,0.01091,0.01272,0.01267,0.00662,0.01101,0.42250,0.00905,0.02595,0.01761,0.00597,0.01438,0.40671,0.01492
0.01227,0.01442,0.01373,0.01432,0.01479,0.01386,0.01512,0.01831,0.02231,0.31688,0.31557,0.01780,0.08909,0.02024,0.10129
0.00875,0.01766,0.00865,0.00832,0.00867,0.01123,0.01378,0.42939,0.00660,0.01698,0.01572,0.00834,0.01395,0.41502,0.01694
0.06387,0.05462,0.04516,0.06251,0.06952,0.05074,0.06066,0.04399,0.12293,0.03854,0.01244,0.03908,0.07147,0.07017,0.19430
0.02142,0.02611,0.01652,0.02093,0.02999,0.18091,0.12315,0.13755,0.04459,0.03356,0.19010,0.04166,0.02689,0.06642,0.04018
0.22244,0.07267,0.12206,0.07160,0.13438,0.02514,0.01968,0.02519,0.02114,0.07257,0.05635,0.02582,0.04937,0.02825,0.05335
0.03099,0.03533,0.02956,0.04924,0.06231,0.01855,0.16951,0.16620,0.10697,0.01808,0.01245,0.03640,0.02334,0.07485,0.16622
0.10259,0.15178,0.06465,0.31951,0.16868,0.02580,0.01894,0.01355,0.03081,0.01073,0.01783,0.01944,0.01833,0.01566,0.02169
0.02434,0.03329,0.02138,0.04386,0.03433,0.05203,0.03138,0.28974,0.02206,0.02086,0.05624,0.01974,0.04223,0.27391,0.03461
0.04582,0.04309,0.12240,0.18853,0.17230,0.03520,0.04404,0.08193,0.02665,0.02682,0.04724,0.04405,0.01716,0.08092,0.02385
0.06245,0.08878,0.11916,0.10505,0.12260,0.02255,0.05962,0.05080,0.06320,0.03418,0.02591,0.07541,0.03631,0.04107,0.09291
0.06894,0.02971,0.03796,0.04176,0.04119,0.08815,0.03290,0.21382,0.03334,0.03291,0.03287,0.04563,0.03330,0.20316,0.06434
0.03584,0.02085,0.15639,0.01744,0.01347,0.04695,0.02166,0.17802,0.03354,0.11006,0.06689,0.03810,0.02836,0.20736,0.02506
0.01814,0.01639,0.01673,0.03086,0.02432,0.06907,0.03614,0.03191,0.23945,0.03213,0.05771,0.24996,0.03653,0.03504,0.10562
0.03939,0.03847,0.04416,0.06153,0.04336,0.01713,0.26913,0.26001,0.04227,0.01997,0.01775,0.01943,0.02558,0.03205,0.06977
0.01034,0.01942,0.01602,0.02211,0.01473,0.36597,0.03018,0.02251,0.01541,0.02761,0.35214,0.01891,0.02675,0.03166,0.02625
0.02775,0.04537,0.05087,0.05100,0.04357,0.03229,0.02935,0.13348,0.03020,0.16898,0.15270,0.02536,0.02560,0.14793,0.03556
0.02420,0.03383,0.02934,0.02643,0.03533,0.13251,0.16575,0.15064,0.08881,0.01899,0.14299,0.09122,0.01442,0.01494,0.03061
0.02298,0.13648,0.01313,0.02139,0.02128,0.03624,0.01299,0.24268,0.04336,0.04302,0.00614,0.05926,0.03752,0.23715,0.06638
0.01720,0.01551,0.01108,0.01357,0.01386,0.01514,0.12826,0.01370,0.01665,0.01893,0.01209,0.01220,0.39090,0.01761,0.30329
0.05723,0.06132,0.05182,0.05948,0.05797,0.02614,0.06745,0.07051,0.09540,0.01449,0.02274,0.03819,0.06986,0.08304,0.22438
0.01854,0.01630,0.01909,0.03043,0.01733,0.08434,0.02194,0.02336,0.04417,0.02829,0.07414,0.02301,0.26565,0.03201,0.30139
0.06575,0.05598,0.08361,0.06151,0.22120,0.06554,0.02542,0.08136,0.02747,0.04829,0.01845,0.03476,0.05984,0.07384,0.07700
0.01496,0.01404,0.01393,0.01340,0.01665,0.02739,0.01405,0.29738,0.02087,0.10408,0.10393,0.00898,0.01287,0.28600,0.05148
0.06606,0.03618,0.06363,0.04076,0.08574,0.05440,0.01688,0.17364,0.01334,0.10576,0.06356,0.01108,0.03124,0.21697,0.02076
0.06736,0.02779,0.02401,0.04071,0.03656,0.04580,0.02044,0.02824,0.02407,0.02623,0.04770,0.01741,0.26385,0.03665,0.29318
0.02188,0.02612,0.05026,0.04322,0.03045,0.01548,0.02290,0.03459,0.03434,0.02859,0.01750,0.04159,0.27463,0.04360,0.31486
0.14853,0.03340,0.04183,0.04406,0.07602,0.01276,0.23790,0.01563,0.02126,0.00848,0.01412,0.02198,0.26565,0.01793,0.04046
0.02816,0.06176,0.03482,0.17055,0.18836,0.08207,0.06968,0.07588,0.02524,0.02434,0.09154,0.01365,0.03813,0.05644,0.03938
0.01072,0.02002,0.01563,0.01774,0.01600,0.01665,0.19282,0.28993,0.06953,0.00832,0.00935,0.02391,0.03849,0.13001,0.14088
0.07547,0.11769,0.08526,0.09256,0.09677,0.01723,0.02017,0.09621,0.02278,0.03446,0.01218,0.03468,0.09005,0.10412,0.10035
0.01500,0.01934,0.01778,0.01224,0.01665,0.01273,0.03901,0.04143,0.01868,0.36777,0.35807,0.01472,0.01865,0.02136,0.02657
0.05689,0.08372,0.05817,0.04618,0.04671,0.02818,0.04096,0.15131,0.02309,0.13742,0.10977,0.02206,0.03071,0.13254,0.03230
0.02247,0.06190,0.02774,0.02588,0.03384,0.06196,0.18290,0.05382,0.05008,0.10976,0.09164,0.02290,0.15996,0.04339,0.05176
0.03017,0.04048,0.03715,0.02142,0.02521,0.02269,0.02996,0.24178,0.02381,0.02672,0.01618,0.02690,0.10711,0.22714,0.12331
0.05047,0.05359,0.03867,0.07918,0.11073,0.03597,0.03426,0.05976,0.03067,0.04742,0.04798,0.03347,0.14908,0.05507,0.17367
0.01116,0.01121,0.01000,0.00894,0.01360,0.01330,0.21165,0.19719,0.02119,0.20627,0.19026,0.01323,0.01395,0.02161,0.05644
0.01205,0.01640,0.29412,0.29685,0.01298,0.01508,0.03421,0.04043,0.01750,0.01169,0.01938,0.01139,0.08775,0.01626,0.11390
0.02510,0.02605,0.03567,0.03834,0.02700,0.01358,0.02770,0.11749,0.05814,0.03147,0.02359,0.04248,0.20190,0.10505,0.22644
0.05775,0.03666,0.04509,0.05623,0.04733,0.08112,0.12189,0.14047,0.02449,0.05221,0.02890,0.01977,0.12019,0.04727,0.12061
0.07202,0.03307,0.04706,0.01237,0.03854,0.02216,0.01522,0.02170,0.02111,0.02294,0.02202,0.01910,0.29844,0.02213,0.33211
0.01100,0.02028,0.01594,0.02565,0.01163,0.01419,0.10803,0.06846,0.08728,0.02340,0.01963,0.01407,0.16312,0.03574,0.38156
0.10194,0.01225,0.59152,0.01779,0.01657,0.02295,0.01690,0.01809,0.00948,0.01261,0.01570,0.00840,0.03088,0.11392,0.01101
0.07615,0.09731,0.08256,0.13843,0.09722,0.03478,0.02958,0.04336,0.06938,0.05245,0.05107,0.08119,0.04154,0.04691,0.05807
0.02384,0.06485,0.01859,0.22652,0.24918,0.02039,0.08866,0.06291,0.02777,0.03407,0.01402,0.08194,0.03120,0.02265,0.03342
0.01618,0.01633,0.01614,0.01920,0.02627,0.05327,0.19666,0.28119,0.04015,0.04800,0.02750,0.02467,0.04069,0.10413,0.08960
0.03325,0.02858,0.04539,0.03933,0.06243,0.05047,0.02173,0.04913,0.03226,0.21037,0.26636,0.04042,0.02355,0.05080,0.04593
0.03360,0.03295,0.03569,0.02792,0.03834,0.02897,0.01840,0.05257,0.04006,0.04117,0.02228,0.03741,0.24404,0.08241,0.26419
0.05745,0.05602,0.05996,0.04673,0.06242,0.03457,0.14184,0.03223,0.04942,0.11896,0.03976,0.03384,0.14438,0.03651,0.08591
0.09172,0.05091,0.06314,0.05469,0.06023,0.04160,0.09765,0.12693,0.06193,0.03771,0.02386,0.03788,0.07389,0.06371,0.11414
0.09961,0.13963,0.07628,0.31056,0.13628,0.01750,0.01984,0.02567,0.03176,0.02843,0.02483,0.02104,0.02117,0.02177,0.02561
0.03293,0.04551,0.05875,0.06230,0.04971,0.03642,0.03329,0.10928,0.03353,0.09288,0.06608,0.04036,0.12183,0.08387,0.13326
0.01008,0.01385,0.01164,0.02154,0.02190,0.35351,0.03393,0.01809,0.04503,0.01568,0.34735,0.04114,0.01186,0.01271,0.04169
0.05675,0.08354,0.06170,0.13503,0.09719,0.02086,0.03559,0.06328,0.07071,0.08139,0.05708,0.03961,0.06130,0.06916,0.06682
0.02392,0.03174,0.02874,0.05008,0.02469,0.02134,0.01836,0.06214,0.02824,0.04027,0.03420,0.04986,0.25188,0.06211,0.27244
0.02435,0.01571,0.02908,0.03744,0.03690,0.08605,0.11646,0.12419,0.07279,0.12022,0.05613,0.02482,0.06471,0.04746,0.14369
0.03026,0.02053,0.02493,0.02048,0.01594,0.01535,0.06521,0.03802,0.04094,0.28552,0.28692,0.02543,0.02437,0.02384,0.08227
0.03227,0.10443,0.10310,0.13650,0.04130,0.01182,0.01158,0.03214,0.06826,0.02790,0.01692,0.03717,0.11829,0.07235,0.18599
0.06970,0.04596,0.03974,0.05754,0.08889,0.03656,0.02823,0.15391,0.07237,0.04172,0.00627,0.01785,0.02868,0.17231,0.14028
0.02145,0.02062,0.01622,0.01372,0.01884,0.21742,0.03747,0.07029,0.01880,0.22319,0.01466,0.01618,0.12336,0.05044,0.13734
0.01505,0.03190,0.02046,0.04168,0.03730,0.08508,0.03397,0.04322,0.02999,0.06399,0.11220,0.01787,0.20627,0.02375,0.23728
0.04888,0.03741,0.08017,0.08481,0.03343,0.01925,0.22043,0.23787,0.02897,0.03514,0.02661,0.02522,0.02964,0.04197,0.05023
0.02068,0.01833,0.01519,0.02206,0.02407,0.02445,0.02126,0.02000,0.01617,0.01611,0.02489,0.01158,0.34381,0.01441,0.40698
0.07448,0.03324,0.03725,0.02790,0.03817,0.02301,0.03356,0.10135,0.03142,0.19743,0.20459,0.02130,0.02807,0.09156,0.05670
0.03749,0.02912,0.03565,0.04623,0.03507,0.03369,0.10941,0.09248,0.02344,0.04666,0.03107,0.03159,0.17461,0.04743,0.22608
0.01586,0.01460,0.01570,0.01262,0.01940,0.02181,0.01280,0.02006,0.02524,0.27514,0.28516,0.01995,0.10486,0.02626,0.13053
0.02893,0.01059,0.03525,0.03350,0.05174,0.02814,0.02561,0.28092,0.02332,0.04449,0.02773,0.01567,0.05363,0.26552,0.07496
0.00880,0.01022,0.01048,0.01064,0.01298,0.01131,0.40313,0.39871,0.01593,0.01970,0.01414,0.00707,0.02805,0.01288,0.03597
0.06284,0.05402,0.05406,0.09898,0.05389,0.10167,0.13491,0.05333,0.03797,0.03268,0.06540,0.02852,0.12617,0.05253,0.04304
0.01599,0.01118,0.01082,0.00690,0.00876,0.02093,0.01700,0.04620,0.01289,0.01729,0.00460,0.01649,0.36847,0.03965,0.40282
0.02758,0.03213,0.02495,0.02879,0.02638,0.01392,0.02234,0.18191,0.22607,0.01118,0.00816,0.20889,0.01420,0.16142,0.01207
0.02868,0.03339,0.04271,0.02656,0.03644,0.05353,0.19602,0.18918,0.05643,0.06189,0.05926,0.05803,0.05676,0.03536,0.06575
0.02925,0.02651,0.02573,0.02827,0.03271,0.01419,0.12049,0.02423,0.02195,0.01255,0.01641,0.02403,0.33018,0.02406,0.26944
0.03152,0.03169,0.02113,0.01554,0.01580,0.01251,0.10261,0.08563,0.19036,0.01263,0.00848,0.02292,0.01506,0.09130,0.34283
0.02116,0.02038,0.01787,0.01949,0.02898,0.01266,0.01737,0.02052,0.03626,0.29673,0.30208,0.02588,0.07680,0.01867,0.08517
0.01988,0.02807,0.01431,0.02049,0.01933,0.01310,0.24478,0.21080,0.01792,0.16140,0.16581,0.01400,0.01937,0.01751,0.03323
0.04833,0.19618,0.05954,0.15496,0.09499,0.01025,0.03151,0.01422,0.01832,0.02233,0.02719,0.01381,0.14150,0.01849,0.14836
0.01904,0.01879,0.01808,0.01451,0.01888,0.05142,0.02619,0.01453,0.01051,0.05473,0.00593,0.00833,0.34816,0.02125,0.36965
0.01501,0.01926,0.01929,0.01805,0.02560,0.01382,0.00778,0.11397,0.01029,0.29617,0.28402,0.01155,0.01647,0.12234,0.02638
0.02089,0.01526,0.02670,0.02876,0.04988,0.00823,0.35382,0.33976,0.01695,0.02664,0.01717,0.01756,0.02182,0.01835,0.03822
0.01533,0.02902,0.01718,0.02199,0.03239,0.16967,0.04435,0.03267,0.03233,0.04562,0.19409,0.02455,0.12164,0.04297,0.17620
0.02250,0.01860,0.34729,0.34673,0.02739,0.02006,0.01605,0.04904,0.02060,0.01425,0.00525,0.00891,0.01619,0.05152,0.03560
0.04688,0.02795,0.01536,0.01266,0.02100,0.02574,0.03863,0.26946,0.02062,0.06714,0.03882,0.03079,0.06307,0.30520,0.01669
0.02670,0.02774,0.08891,0.02682,0.01782,0.01417,0.13981,0.09957,0.13221,0.01942,0.01049,0.03629,0.03206,0.07579,0.25218
0.03928,0.03901,0.03131,0.03534,0.04536,0.03706,0.08617,0.09359,0.04925,0.21089,0.17991,0.02844,0.02912,0.03062,0.06464
0.03349,0.03606,0.02330,0.03546,0.04245,0.00647,0.34505,0.00920,0.01064,0.03485,0.02851,0.01204,0.35644,0.01078,0.01527
0.05930,0.09621,0.02015,0.07267,0.05674,0.04240,0.02740,0.04777,0.03897,0.15685,0.11813,0.01998,0.06775,0.07695,0.09872
0.01340,0.01324,0.01971,0.01966,0.01407,0.26021,0.08496,0.06857,0.02036,0.01700,0.28499,0.01521,0.05440,0.02640,0.08782
0.01574,0.02033,0.01555,0.01017,0.01418,0.01753,0.00788,0.01824,0.01859,0.22956,0.20125,0.01794,0.18433,0.03000,0.19872
0.01792,0.03945,0.02046,0.02493,0.02527,0.23205,0.01667,0.04909,0.03020,0.26700,0.02059,0.04043,0.06115,0.07067,0.08412
0.05111,0.03106,0.02540,0.04312,0.04144,0.28329,0.02274,0.04870,0.02403,0.02518,0.24134,0.01338,0.03022,0.06400,0.05499
0.02165,0.02296,0.02164,0.01980,0.02283,0.06302,0.06844,0.06458,0.04948,0.07407,0.11778,0.03094,0.16271,0.05454,0.20556
0.12060,0.06637,0.04878,0.03203,0.12670,0.01445,0.02680,0.20074,0.01492,0.03344,0.01657,0.03658,0.02563,0.21493,0.02145
0.06132,0.23945,0.05576,0.07105,0.05881,0.00794,0.00526,0.04726,0.01819,0.00931,0.01136,0.01774,0.16923,0.03160,0.19571
0.02940,0.02564,0.02101,0.04107,0.04189,0.02836,0.12784,0.04603,0.06300,0.02319,0.01309,0.03826,0.23831,0.04692,0.21600
0.32151,0.08807,0.18348,0.02100,0.14860,0.01898,0.02233,0.05468,0.01827,0.01073,0.00880,0.01348,0.01787,0.04013,0.03209
0.02308,0.04233,0.02523,0.04535,0.03955,0.03614,0.03162,0.05608,0.09961,0.03851,0.01674,0.10837,0.14807,0.08746,0.20187
0.07836,0.13889,0.10993,0.11261,0.08985,0.01412,0.04227,0.09012,0.02964,0.02835,0.02243,0.01635,0.06279,0.09806,0.06623
0.02563,0.01643,0.01925,0.01897,0.02392,0.08620,0.04500,0.27077,0.02262,0.03641,0.05609,0.01659,0.05078,0.25695,0.05438
0.03554,0.03172,0.03940,0.03329,0.02612,0.02634,0.03130,0.03414,0.22290,0.10274,0.08913,0.21278,0.03480,0.02392,0.05589
0.06621,0.58457,0.01642,0.02441,0.02289,0.02078,0.01889,0.02416,0.01072,0.06590,0.01619,0.03047,0.03520,0.04834,0.01484
0.00952,0.01280,0.00991,0.01057,0.01234,0.01258,0.40260,0.01802,0.01584,0.02002,0.01691,0.01750,0.41495,0.01398,0.01245
0.10458,0.13604,0.11855,0.21261,0.10745,0.01992,0.02257,0.05143,0.03395,0.02373,0.02400,0.01791,0.03168,0.05416,0.04142
0.01994,0.02052,0.02018,0.01530,0.01747,0.03921,0.04049,0.12036,0.08259,0.04149,0.02174,0.03532,0.15328,0.12845,0.24366
0.04496,0.08955,0.06000,0.12622,0.08394,0.01731,0.05297,0.01740,0.11175,0.02695,0.02712,0.14205,0.08547,0.03208,0.08222
0.04143,0.02788,0.01961,0.02547,0.03478,0.04904,0.02008,0.08328,0.02228,0.06722,0.04690,0.03502,0.20548,0.10298,0.21855
0.14580,0.00974,0.06149,0.12802,0.07222,0.11276,0.07564,0.07989,0.01666,0.04639,0.17886,0.01723,0.01473,0.01322,0.02736
0.01978,0.02505,0.01935,0.01695,0.01962,0.04394,0.13728,0.05693,0.01882,0.14009,0.14974,0.01214,0.17680,0.06271,0.10081
0.03932,0.10177,0.05124,0.08740,0.11025,0.09136,0.03200,0.07652,0.04378,0.07583,0.04804,0.03041,0.04359,0.08512,0.08336
0.10863,0.10685,0.08706,0.10363,0.13108,0.03780,0.02623,0.02742,0.03435,0.02708,0.03498,0.01119,0.10178,0.04547,0.11645
0.09839,0.15810,0.04430,0.21575,0.05544,0.01132,0.02974,0.01673,0.05924,0.03090,0.02064,0.05833,0.06215,0.04833,0.09064
0.00783,0.00606,0.01038,0.00818,0.00884,0.00691,0.44528,0.43547,0.00955,0.01459,0.01421,0.00548,0.00764,0.00912,0.01047
0.03815,0.01383,0.03947,0.00770,0.02859,0.40178,0.00895,0.01553,0.01184,0.36442,0.00895,0.02080,0.01062,0.01853,0.01084
0.01022,0.01609,0.01087,0.01080,0.00921,0.41588,0.01773,0.03197,0.00586,0.04146,0.35752,0.01475,0.01217,0.03687,0.00861
0.05936,0.07152,0.15353,0.05564,0.09662,0.11605,0.04774,0.03432,0.01850,0.13368,0.01507,0.02116,0.12001,0.03230,0.02451
0.01527,0.01790,0.01837,0.01781,0.01363,0.01575,0.33482,0.01340,0.02022,0.02964,0.01356,0.03066,0.38331,0.02053,0.05512
0.04937,0.05081,0.05289,0.10669,0.03874,0.02758,0.02300,0.02527,0.07744,0.20390,0.20699,0.05303,0.02614,0.01577,0.04238
0.01065,0.01337,0.01251,0.01701,0.00956,0.01237,0.01071,0.02836,0.38127,0.01486,0.01567,0.39824,0.02299,0.03021,0.02221
0.03991,0.03285,0.02125,0.06529,0.06903,0.03752,0.05108,0.03091,0.05860,0.18605,0.14687,0.01710,0.05294,0.04858,0.14201
0.00808,0.00846,0.00883,0.00833,0.00857,0.01323,0.01612,0.18094,0.05615,0.00905,0.00642,0.02852,0.17651,0.19690,0.27390
0.01903,0.02209,0.02366,0.02330,0.02839,0.21748,0.04959,0.05732,0.02373,0.02368,0.20465,0.02676,0.11728,0.03765,0.12538
0.05916,0.05401,0.11477,0.13241,0.04559,0.02272,0.02093,0.18709,0.03197,0.01549,0.02315,0.02557,0.02837,0.20131,0.03745
0.02732,0.02767,0.03246,0.02305,0.03597,0.02763,0.24754,0.19455,0.08002,0.03391,0.04678,0.08617,0.06166,0.03176,0.04351
0.04634,0.04387,0.03775,0.03806,0.03464,0.01748,0.08395,0.01271,0.03788,0.20554,0.20179,0.09350,0.07664,0.04276,0.02708
0.00743,0.01001,0.01257,0.00580,0.00591,0.00917,0.14119,0.01306,0.01124,0.00691,0.00721,0.00580,0.41798,0.01702,0.32870
0.02452,0.10243,0.05745,0.09377,0.04208,0.03355,0.04634,0.04115,0.12547,0.03363,0.02040,0.05204,0.03426,0.07172,0.22120
0.02458,0.01647,0.02124,0.02131,0.02267,0.07627,0.01986,0.15450,0.02213,0.09849,0.03029,0.04436,0.13202,0.17484,0.14098
0.01408,0.02063,0.01506,0.01786,0.03294,0.22173,0.00876,0.02084,0.02772,0.14197,0.32517,0.01602,0.03834,0.03242,0.06645
0.02030,0.02242,0.02092,0.02154,0.02906,0.02321,0.05472,0.29480,0.10489,0.01412,0.01276,0.07276,0.01822,0.25676,0.03352
0.00997,0.00804,0.01066,0.00669,0.00890,0.01576,0.42428,0.41580,0.00953,0.01240,0.02138,0.00904,0.01084,0.01484,0.02187
0.01674,0.02016,0.01571,0.01509,0.01570,0.03081,0.01349,0.02644,0.01838,0.03406,0.00861,0.00755,0.34786,0.02637,0.40303
0.02874,0.04287,0.02923,0.04191,0.03893,0.01292,0.32289,0.31429,0.03054,0.01883,0.01398,0.03254,0.01269,0.02614,0.03348
0.02672,0.02578,0.02180,0.03417,0.02632,0.01916,0.01799,0.02117,0.02296,0.34543,0.32134,0.02834,0.02481,0.02585,0.03816
