0.10235,0.05113,0.01224,0.01728,0.01669,0.02931,0.02085,0.01531,0.33789,0.03119,0.08591,0.02341,0.01325,0.05032,0.03184,0.02893,0.02704,0.04031,0.02236,0.04239
0.07860,0.35293,0.04056,0.04780,0.08286,0.03170,0.02409,0.01699,0.08541,0.02306,0.02077,0.01806,0.02065,0.01859,0.01823,0.01906,0.02266,0.03093,0.02024,0.02680
0.06839,0.03658,0.01523,0.01748,0.03379,0.28471,0.02928,0.05447,0.01895,0.09694,0.03902,0.02188,0.02524,0.06380,0.03224,0.02010,0.04090,0.05444,0.02357,0.02299
0.03188,0.03035,0.05343,0.06169,0.28142,0.02910,0.06860,0.07217,0.01680,0.03122,0.03519,0.02496,0.06658,0.02806,0.02759,0.03242,0.03345,0.01809,0.02433,0.03268
0.04499,0.05278,0.06119,0.06940,0.15536,0.02629,0.10674,0.03347,0.06083,0.01748,0.02886,0.03568,0.04514,0.02543,0.02154,0.04202,0.02513,0.02214,0.02512,0.10042
0.04265,0.04323,0.05756,0.10329,0.09533,0.03444,0.04627,0.03161,0.05742,0.12235,0.04150,0.02056,0.05067,0.03381,0.04095,0.02390,0.03928,0.04933,0.02210,0.04376
0.02088,0.02225,0.07676,0.08164,0.07876,0.01677,0.05061,0.02780,0.02727,0.02099,0.02485,0.07598,0.08066,0.02128,0.03873,0.08666,0.02432,0.01463,0.02920,0.17996
0.03382,0.02189,0.09992,0.09073,0.03108,0.05563,0.05799,0.03285,0.04211,0.10862,0.03886,0.03611,0.04472,0.03374,0.07085,0.03721,0.04788,0.04295,0.03784,0.03521
0.04302,0.03725,0.04315,0.04287,0.04085,0.02310,0.07226,0.02630,0.37325,0.01148,0.03976,0.04330,0.03450,0.02054,0.01817,0.03209,0.01901,0.02249,0.02534,0.03127
0.11040,0.20504,0.06525,0.09729,0.03193,0.02139,0.02664,0.02052,0.06627,0.02708,0.01671,0.05237,0.03791,0.03105,0.03522,0.03662,0.03129,0.01787,0.03979,0.02934
0.02021,0.01558,0.39547,0.18812,0.01553,0.02031,0.03430,0.02901,0.04158,0.02644,0.01789,0.02071,0.03973,0.01588,0.02124,0.01997,0.02010,0.02179,0.01670,0.01946
0.01325,0.01037,0.01885,0.02239,0.01103,0.02202,0.50768,0.03853,0.05813,0.01350,0.01864,0.01636,0.10257,0.01265,0.01371,0.02439,0.02197,0.02414,0.01475,0.03508
0.05190,0.04540,0.10463,0.25047,0.09809,0.02295,0.02330,0.01784,0.04494,0.02340,0.03247,0.06150,0.03195,0.02494,0.02350,0.03325,0.03325,0.02828,0.02574,0.02218
0.01180,0.01057,0.06661,0.06689,0.01932,0.02899,0.32191,0.03319,0.00856,0.01513,0.01955,0.01941,0.11349,0.01378,0.01789,0.02200,0.01816,0.02306,0.01207,0.15761
0.02136,0.02436,0.01969,0.02251,0.05300,0.02185,0.20346,0.19737,0.02367,0.02080,0.02371,0.01955,0.09858,0.02352,0.01832,0.02968,0.02030,0.03177,0.01610,0.11042
0.05053,0.20012,0.03234,0.04901,0.05314,0.02711,0.02954,0.04098,0.05652,0.03395,0.01869,0.02075,0.03567,0.04623,0.02094,0.03419,0.08675,0.01956,0.03308,0.11090
0.02324,0.02049,0.39945,0.16588,0.02368,0.03638,0.02429,0.01754,0.03562,0.01618,0.01968,0.03305,0.02806,0.02033,0.01963,0.03074,0.02401,0.02391,0.02121,0.01663
0.13618,0.39407,0.03659,0.05973,0.03652,0.01751,0.02011,0.01619,0.02813,0.01695,0.02445,0.02282,0.01505,0.02451,0.02052,0.04059,0.02039,0.01597,0.01903,0.03471
0.02708,0.01989,0.02733,0.03678,0.04851,0.07039,0.02545,0.02197,0.16893,0.04821,0.03669,0.10217,0.02444,0.06971,0.04329,0.03196,0.06562,0.03210,0.05107,0.04842
0.04639,0.03482,0.02468,0.02710,0.05307,0.25136,0.05116,0.05331,0.02614,0.03544,0.05075,0.03471,0.06533,0.03252,0.03169,0.02909,0.02130,0.06660,0.02887,0.03566
0.01657,0.01321,0.03257,0.03291,0.02820,0.12114,0.34957,0.06709,0.03069,0.02969,0.01877,0.02619,0.05285,0.02299,0.01974,0.01999,0.02444,0.04634,0.01641,0.03064
0.16722,0.17404,0.06705,0.16083,0.01882,0.02573,0.01493,0.01399,0.01352,0.02065,0.04055,0.03727,0.01798,0.03729,0.02347,0.05821,0.03697,0.02349,0.01986,0.02814
0.02002,0.01412,0.01638,0.02287,0.22153,0.07129,0.02914,0.01684,0.05036,0.03492,0.06343,0.05723,0.02206,0.05800,0.04809,0.03730,0.06467,0.03594,0.06306,0.05274
0.08526,0.31490,0.03411,0.03841,0.02554,0.01863,0.03434,0.01726,0.04073,0.01141,0.02543,0.02115,0.02063,0.01891,0.02045,0.04492,0.03233,0.02722,0.03177,0.13660
0.01400,0.01165,0.06025,0.07347,0.00931,0.10823,0.26392,0.04166,0.01962,0.03019,0.04041,0.02349,0.09778,0.03031,0.01626,0.02145,0.03337,0.05126,0.01921,0.03417
0.07834,0.07633,0.13220,0.25927,0.03188,0.02950,0.01987,0.01405,0.03788,0.02671,0.03527,0.02881,0.01639,0.03035,0.03222,0.02762,0.03478,0.02178,0.02388,0.04286
0.04079,0.03508,0.02676,0.03967,0.26029,0.01838,0.04781,0.02194,0.03584,0.01696,0.03925,0.03289,0.02848,0.03201,0.02976,0.04392,0.06396,0.03120,0.03494,0.12006
0.03837,0.03852,0.02855,0.03539,0.04547,0.04319,0.01939,0.02616,0.38347,0.03643,0.01808,0.02278,0.02373,0.03793,0.02677,0.02813,0.03494,0.02901,0.02534,0.05836
0.02923,0.02499,0.22470,0.15069,0.08907,0.05058,0.04227,0.02904,0.04569,0.03325,0.03127,0.02656,0.04356,0.02399,0.02586,0.02498,0.02817,0.02985,0.02224,0.02400
0.05293,0.03652,0.01997,0.02520,0.03964,0.03696,0.05325,0.07352,0.30635,0.02736,0.03726,0.02910,0.05891,0.02808,0.02486,0.02584,0.02583,0.04325,0.02778,0.02740
0.02796,0.02494,0.04569,0.06517,0.01331,0.13331,0.18223,0.03374,0.02076,0.02249,0.03667,0.02919,0.02385,0.03359,0.02579,0.02929,0.02247,0.06285,0.01873,0.14799
0.14668,0.07160,0.07863,0.10658,0.01324,0.06369,0.02408,0.01442,0.04814,0.04296,0.04289,0.04543,0.01612,0.05125,0.05073,0.02781,0.04005,0.05213,0.04078,0.02280
0.05274,0.06510,0.01241,0.01788,0.03099,0.02080,0.02653,0.03748,0.20727,0.02250,0.02988,0.02878,0.03077,0.04553,0.02456,0.04054,0.03899,0.02788,0.03165,0.20773
0.06706,0.03571,0.00949,0.01284,0.03074,0.10681,0.02569,0.03534,0.24042,0.06535,0.06384,0.01863,0.02174,0.08884,0.03164,0.02142,0.03312,0.02950,0.03289,0.02893
0.01845,0.01701,0.02752,0.02846,0.04180,0.05188,0.08575,0.10636,0.05262,0.02327,0.01938,0.03371,0.20548,0.02828,0.02245,0.03106,0.03614,0.06718,0.03199,0.07122
0.16878,0.12563,0.07962,0.09348,0.02535,0.02678,0.04660,0.02748,0.02750,0.02851,0.05892,0.03214,0.02553,0.03220,0.04265,0.02958,0.03541,0.03854,0.03165,0.02363
0.04617,0.02442,0.02710,0.02887,0.01240,0.06330,0.03093,0.05523,0.05714,0.10167,0.05207,0.03590,0.02978,0.13198,0.08541,0.06045,0.04684,0.02257,0.05185,0.03590
0.24340,0.20787,0.03754,0.04684,0.02334,0.02013,0.04579,0.02730,0.01967,0.01844,0.09176,0.02381,0.02471,0.02165,0.02639,0.02760,0.01647,0.03405,0.01676,0.02648
0.03064,0.03187,0.02514,0.03393,0.02906,0.09552,0.03657,0.17918,0.03322,0.03930,0.02050,0.04982,0.11635,0.03932,0.02240,0.02577,0.02259,0.09537,0.02502,0.04843
0.02007,0.01216,0.01230,0.01389,0.01071,0.07389,0.29712,0.10054,0.10068,0.03960,0.05480,0.01664,0.06629,0.04157,0.02474,0.02342,0.02720,0.02343,0.01870,0.02227
0.02470,0.01641,0.11692,0.14173,0.03701,0.05426,0.06312,0.04334,0.06861,0.03359,0.05025,0.05642,0.05730,0.03408,0.02816,0.03732,0.04358,0.03540,0.03163,0.02616
0.06847,0.05169,0.09551,0.21452,0.03185,0.02258,0.03035,0.02212,0.03085,0.03817,0.05423,0.03989,0.02502,0.04615,0.03762,0.04260,0.03598,0.02878,0.02864,0.05497
0.04432,0.02954,0.04593,0.04163,0.43936,0.03479,0.03328,0.02345,0.04466,0.02843,0.03209,0.02312,0.03038,0.01903,0.02063,0.01611,0.01484,0.04582,0.01655,0.01603
0.04025,0.02083,0.04623,0.04974,0.18353,0.10766,0.06385,0.05237,0.05396,0.08268,0.02822,0.01831,0.01786,0.03228,0.03553,0.01794,0.01893,0.08324,0.01959,0.02700
0.01953,0.01566,0.03472,0.04165,0.03254,0.02323,0.09263,0.02282,0.11284,0.02331,0.02759,0.02688,0.03984,0.02972,0.03104,0.03842,0.03212,0.02992,0.02409,0.30144
0.12363,0.19313,0.01494,0.02094,0.03051,0.03842,0.05155,0.03476,0.16609,0.02212,0.02606,0.02376,0.03396,0.03047,0.02326,0.02527,0.02779,0.02975,0.02649,0.05709
0.01771,0.01258,0.03758,0.04466,0.02442,0.11841,0.18298,0.02251,0.08347,0.03038,0.05257,0.04127,0.04002,0.03137,0.03893,0.04530,0.03289,0.04456,0.03614,0.06225
0.02977,0.02397,0.05863,0.05062,0.02639,0.08685,0.19367,0.04534,0.06809,0.03098,0.03357,0.02523,0.03882,0.02763,0.02710,0.02501,0.02242,0.10996,0.02216,0.05381
0.02934,0.02319,0.28953,0.17651,0.01240,0.02669,0.02558,0.01259,0.06491,0.01816,0.04493,0.04020,0.02550,0.02485,0.02955,0.04253,0.03681,0.02467,0.03113,0.02092
0.01687,0.01225,0.01563,0.02340,0.46780,0.04419,0.02490,0.01447,0.04156,0.01487,0.03188,0.05518,0.01973,0.03060,0.02332,0.03065,0.04900,0.01600,0.03866,0.02903
0.04078,0.02971,0.02431,0.03338,0.04889,0.04412,0.03009,0.02740,0.08762,0.03915,0.05871,0.07826,0.03951,0.05187,0.06294,0.05442,0.05933,0.02660,0.12055,0.04235
0.02782,0.02297,0.01718,0.02435,0.06608,0.02654,0.03031,0.02318,0.37088,0.02431,0.03615,0.02998,0.03531,0.03271,0.02354,0.03629,0.02756,0.02312,0.02229,0.09941
0.01913,0.01577,0.03631,0.03251,0.01353,0.02165,0.15628,0.11303,0.07573,0.02793,0.01939,0.02318,0.27680,0.01779,0.02406,0.01911,0.03020,0.02386,0.02418,0.02954
0.01858,0.01799,0.22609,0.13914,0.10858,0.03218,0.04422,0.03063,0.03058,0.04161,0.02940,0.03113,0.03405,0.02593,0.03519,0.02994,0.01927,0.01510,0.02229,0.06812
0.01451,0.01025,0.02493,0.02516,0.05415,0.02026,0.21016,0.05985,0.01939,0.01603,0.02426,0.01671,0.38400,0.01436,0.01352,0.01842,0.01325,0.02227,0.00962,0.02889
0.04429,0.05923,0.02437,0.03456,0.39182,0.01719,0.03407,0.02183,0.02760,0.02211,0.03648,0.02396,0.03081,0.02561,0.03356,0.03599,0.03949,0.02203,0.03171,0.04328
0.02479,0.02060,0.07579,0.08670,0.01318,0.06479,0.03449,0.01747,0.35597,0.02479,0.02313,0.02965,0.03104,0.02302,0.02198,0.02654,0.03513,0.03621,0.02675,0.02797
0.03042,0.02497,0.05108,0.06884,0.01381,0.22502,0.02702,0.01326,0.02669,0.03746,0.03851,0.02981,0.02381,0.03125,0.04353,0.02797,0.05660,0.14138,0.04280,0.04577
0.04592,0.05044,0.04549,0.04447,0.18944,0.03130,0.03019,0.04336,0.04779,0.03319,0.04667,0.03415,0.06242,0.04026,0.03693,0.05806,0.04748,0.01944,0.04569,0.04731
0.04177,0.05431,0.01169,0.01719,0.30981,0.04410,0.02172,0.08583,0.02132,0.02977,0.02166,0.03022,0.03447,0.06806,0.02406,0.03963,0.03869,0.02102,0.02783,0.05684
0.08047,0.13778,0.14304,0.13899,0.07442,0.01648,0.01921,0.03398,0.09886,0.03343,0.01742,0.02624,0.03894,0.02510,0.02492,0.01635,0.01835,0.01626,0.02045,0.01930
0.07449,0.05713,0.12953,0.10369,0.02822,0.05419,0.05282,0.05872,0.04944,0.04938,0.05088,0.03028,0.03126,0.05275,0.03593,0.02258,0.03676,0.03125,0.02689,0.02381
0.16884,0.14123,0.05044,0.07624,0.13381,0.02397,0.01659,0.03627,0.03619,0.04678,0.04362,0.02254,0.03752,0.02688,0.02476,0.01984,0.03077,0.02634,0.02502,0.01235
0.02880,0.01856,0.02301,0.02597,0.01846,0.08999,0.09886,0.17198,0.01050,0.03763,0.09598,0.03137,0.06689,0.07275,0.02344,0.06053,0.02963,0.03502,0.01493,0.04570
0.03867,0.04133,0.05540,0.06832,0.29379,0.03007,0.04532,0.03202,0.02084,0.01993,0.04079,0.03389,0.03744,0.03205,0.02693,0.06550,0.03519,0.01813,0.02692,0.03748
0.03930,0.03568,0.02351,0.02840,0.03712,0.10902,0.04227,0.02899,0.02385,0.02363,0.02471,0.05526,0.06350,0.03444,0.02317,0.03009,0.05036,0.23857,0.03395,0.05416
0.08231,0.09904,0.06259,0.11064,0.03239,0.01860,0.04328,0.06739,0.04822,0.04049,0.02971,0.03120,0.05653,0.03567,0.04104,0.04841,0.04307,0.02517,0.05169,0.03256
0.02403,0.02237,0.01683,0.02343,0.39511,0.09479,0.03456,0.01584,0.02816,0.02421,0.05606,0.02261,0.01854,0.02634,0.02385,0.02073,0.02394,0.04044,0.02453,0.06365
0.04695,0.03692,0.07534,0.13651,0.02201,0.02314,0.02350,0.01944,0.02430,0.06038,0.04919,0.04249,0.01939,0.09082,0.11659,0.04400,0.05072,0.01878,0.06389,0.03567
0.02552,0.01555,0.06690,0.06690,0.03590,0.04396,0.05908,0.02427,0.19309,0.02684,0.09126,0.04695,0.03476,0.02652,0.04216,0.03595,0.05187,0.02993,0.05627,0.02631
0.03854,0.02721,0.02702,0.03395,0.04349,0.21196,0.03031,0.03417,0.04469,0.03890,0.07720,0.04595,0.03252,0.06394,0.03927,0.05036,0.03782,0.03943,0.05446,0.02879
0.03270,0.01952,0.01928,0.02527,0.10700,0.06469,0.02917,0.02890,0.03926,0.08135,0.05980,0.08334,0.02402,0.04511,0.10684,0.02408,0.03190,0.09100,0.04631,0.04044
0.01554,0.01228,0.10412,0.08371,0.28182,0.02306,0.03140,0.03890,0.04253,0.03638,0.02427,0.03241,0.07916,0.01863,0.04000,0.04353,0.02721,0.01544,0.02142,0.02819
0.03568,0.03732,0.20376,0.16088,0.06110,0.02828,0.03341,0.03055,0.03241,0.04476,0.06881,0.02275,0.04129,0.02497,0.03286,0.02125,0.04256,0.02938,0.03197,0.01599
0.08289,0.06797,0.09325,0.15381,0.02447,0.07847,0.01704,0.01917,0.02108,0.09970,0.03123,0.02892,0.02060,0.05385,0.04648,0.02279,0.04589,0.03454,0.03487,0.02298
0.06514,0.04542,0.04714,0.05277,0.02927,0.03096,0.03068,0.03455,0.05045,0.03602,0.07757,0.04494,0.03118,0.06338,0.07930,0.07772,0.05507,0.02649,0.08196,0.03998
0.03569,0.02646,0.20850,0.09187,0.11621,0.03967,0.03087,0.01869,0.09744,0.02029,0.04395,0.03208,0.01820,0.02424,0.03729,0.04450,0.01689,0.03216,0.02621,0.03879
0.01686,0.01293,0.07270,0.08462,0.00953,0.04112,0.27841,0.01625,0.04535,0.03285,0.01915,0.05487,0.03894,0.02441,0.03822,0.02996,0.07611,0.03095,0.03359,0.04319
0.02450,0.02026,0.03088,0.03387,0.02836,0.03175,0.18275,0.06799,0.06436,0.03174,0.03991,0.02582,0.07256,0.03883,0.02911,0.03111,0.03155,0.02533,0.02609,0.16324
0.03530,0.02593,0.03045,0.03533,0.35809,0.06572,0.04407,0.03843,0.03578,0.03362,0.03003,0.04002,0.02977,0.03665,0.02535,0.02030,0.02570,0.03572,0.02212,0.03162
0.03237,0.01925,0.03519,0.03747,0.03577,0.24133,0.10282,0.02443,0.05276,0.02855,0.06077,0.03144,0.01818,0.04430,0.03239,0.03863,0.04924,0.03197,0.03110,0.05205
0.02481,0.02122,0.08264,0.10207,0.01894,0.02604,0.04345,0.02239,0.12654,0.02478,0.01584,0.03596,0.02967,0.03634,0.03568,0.04640,0.14098,0.01460,0.06247,0.08916
0.04155,0.02180,0.16839,0.12147,0.03587,0.02806,0.10435,0.10181,0.06004,0.02464,0.05065,0.02136,0.02999,0.02563,0.02400,0.02411,0.01539,0.05576,0.01558,0.02955
0.12398,0.07031,0.03844,0.10873,0.03703,0.03034,0.01932,0.01234,0.09308,0.03617,0.04797,0.08454,0.01766,0.05233,0.05001,0.04076,0.02961,0.03688,0.02813,0.04237
0.02881,0.03085,0.17551,0.17522,0.02084,0.02915,0.01692,0.01523,0.05451,0.03549,0.04061,0.02621,0.02564,0.03026,0.07371,0.04960,0.04317,0.02522,0.06125,0.04181
0.20475,0.20316,0.04213,0.06556,0.01440,0.02592,0.01905,0.01797,0.03924,0.06402,0.02323,0.02384,0.02967,0.03154,0.04145,0.02575,0.03482,0.04360,0.02779,0.02211
0.05324,0.03701,0.03994,0.05339,0.23645,0.06389,0.03366,0.03420,0.05745,0.09275,0.04310,0.03081,0.03028,0.04086,0.02956,0.02319,0.03106,0.02597,0.02150,0.02168
0.04289,0.03824,0.08574,0.06537,0.02613,0.07821,0.06559,0.03405,0.29809,0.02501,0.03156,0.02089,0.04048,0.02127,0.01806,0.01967,0.01883,0.03248,0.01949,0.01796
0.01702,0.01274,0.14745,0.14074,0.12008,0.07642,0.03486,0.01446,0.04027,0.02724,0.05400,0.05460,0.03685,0.02991,0.03009,0.03194,0.03427,0.02745,0.03566,0.03394
0.08959,0.08494,0.07680,0.09349,0.03232,0.02862,0.05490,0.03786,0.06754,0.06023,0.01725,0.03512,0.02635,0.03746,0.05343,0.02157,0.04273,0.04503,0.03421,0.06057
0.07997,0.45139,0.03495,0.04621,0.04336,0.01682,0.01433,0.02114,0.03694,0.02680,0.01631,0.02317,0.03645,0.02464,0.02484,0.02426,0.02114,0.01566,0.02331,0.01832
0.02933,0.03043,0.01918,0.02828,0.43135,0.04986,0.02203,0.01457,0.05075,0.03686,0.02245,0.02283,0.01757,0.03410,0.03000,0.01965,0.02560,0.02436,0.02916,0.06163
0.00915,0.00887,0.01744,0.01567,0.05653,0.08540,0.18695,0.03432,0.01695,0.01441,0.02269,0.01919,0.37110,0.01263,0.01158,0.01620,0.01906,0.03786,0.01227,0.03175
0.04040,0.04252,0.01510,0.02126,0.40403,0.08315,0.02635,0.02931,0.00753,0.03024,0.04385,0.02710,0.02807,0.02274,0.02767,0.01993,0.02368,0.05787,0.01448,0.03471
0.03047,0.02182,0.02057,0.03438,0.03309,0.12391,0.05616,0.01936,0.01928,0.08100,0.05212,0.02698,0.02576,0.04465,0.05563,0.02476,0.07526,0.14786,0.02848,0.07846
0.02825,0.03059,0.02081,0.03284,0.03944,0.05825,0.13216,0.08557,0.02706,0.06688,0.02412,0.02474,0.06078,0.04064,0.03446,0.02615,0.06706,0.03919,0.02086,0.14016
0.36993,0.14945,0.08684,0.07897,0.02994,0.02120,0.01684,0.01822,0.01715,0.02342,0.02242,0.02192,0.01546,0.02326,0.01974,0.01721,0.01622,0.02431,0.01473,0.01274
0.05100,0.04523,0.03761,0.05112,0.09075,0.14898,0.08430,0.03132,0.02376,0.02446,0.04028,0.02757,0.02547,0.02609,0.02339,0.02708,0.02869,0.10132,0.02241,0.08918
0.02580,0.03079,0.03170,0.04112,0.33876,0.03212,0.03470,0.04367,0.02260,0.03394,0.02236,0.03825,0.05719,0.03261,0.03046,0.04531,0.02951,0.01984,0.02208,0.06719
0.04333,0.03308,0.01742,0.02052,0.04395,0.04508,0.11613,0.06553,0.14845,0.02815,0.08069,0.03603,0.04626,0.04020,0.02692,0.03220,0.02050,0.06637,0.02652,0.06266
