0.04632,0.04407,0.24119,0.25997,0.00989,0.02047,0.03754,0.03173,0.02260,0.02329,0.04459,0.01807,0.03201,0.03074,0.02275,0.01979,0.02483,0.02142,0.01869,0.03004
0.06496,0.03967,0.04125,0.04745,0.03566,0.03753,0.07266,0.04126,0.23214,0.03206,0.06204,0.03171,0.02988,0.03098,0.03190,0.02748,0.02115,0.03684,0.03316,0.05021
0.04814,0.06893,0.04760,0.07130,0.01059,0.03339,0.03711,0.04712,0.03843,0.03860,0.02795,0.03479,0.04184,0.04834,0.03836,0.05558,0.10531,0.04158,0.07483,0.09020
0.15465,0.11867,0.01992,0.02589,0.02433,0.02894,0.03670,0.07184,0.04792,0.03970,0.08929,0.03591,0.03442,0.04656,0.03600,0.03451,0.04043,0.02492,0.05155,0.03785
0.12161,0.12244,0.03750,0.03865,0.03079,0.07168,0.04417,0.05713,0.01393,0.03446,0.04338,0.02732,0.06464,0.03781,0.04326,0.03571,0.03027,0.05516,0.02466,0.06540
0.03981,0.04169,0.10528,0.12367,0.03099,0.06151,0.03674,0.02970,0.09150,0.03317,0.03383,0.03929,0.03268,0.04728,0.03828,0.04218,0.04680,0.03615,0.03626,0.05320
0.09527,0.10065,0.03052,0.04887,0.03512,0.04383,0.07060,0.05254,0.02045,0.07317,0.06976,0.03202,0.04119,0.04656,0.04083,0.03886,0.03249,0.03828,0.02676,0.06223
0.02517,0.03465,0.04544,0.05943,0.39497,0.03920,0.03152,0.02249,0.02391,0.02880,0.03611,0.02731,0.02298,0.03839,0.02744,0.02289,0.03850,0.02820,0.02195,0.03067
0.03089,0.04266,0.07393,0.07525,0.03636,0.04102,0.10236,0.05919,0.04615,0.02969,0.07784,0.05095,0.04084,0.03868,0.03428,0.04099,0.03017,0.04081,0.02967,0.07827
0.02367,0.02113,0.02527,0.03881,0.45878,0.02052,0.02683,0.02391,0.08686,0.01388,0.02874,0.03591,0.02388,0.02132,0.02483,0.02554,0.02215,0.01974,0.01804,0.04019
0.02268,0.01406,0.23259,0.23900,0.02865,0.03222,0.08769,0.04374,0.04222,0.01903,0.02464,0.02306,0.02051,0.02044,0.02020,0.01774,0.01700,0.02511,0.01570,0.05370
0.04793,0.02645,0.02795,0.03180,0.09308,0.16685,0.05105,0.02794,0.01413,0.04727,0.07446,0.02078,0.03578,0.02358,0.02876,0.01897,0.02199,0.15000,0.02851,0.06274
0.03935,0.03905,0.12308,0.12364,0.02656,0.05686,0.02965,0.03587,0.02340,0.04565,0.04644,0.04467,0.03160,0.04781,0.05755,0.04035,0.06135,0.03689,0.04833,0.04191
0.05814,0.03525,0.02344,0.03704,0.37994,0.02011,0.02887,0.03541,0.05711,0.03145,0.04418,0.03677,0.03485,0.03341,0.02134,0.02194,0.02582,0.02099,0.02327,0.03066
0.04211,0.04072,0.11767,0.13471,0.05784,0.07176,0.03839,0.04472,0.02151,0.05426,0.06490,0.02945,0.02754,0.02974,0.03718,0.03175,0.02634,0.05694,0.03481,0.03766
0.02399,0.02163,0.03115,0.04194,0.08358,0.04211,0.05441,0.03770,0.33295,0.03150,0.03188,0.04197,0.02655,0.02945,0.02272,0.02208,0.02237,0.04254,0.02401,0.03546
0.03872,0.03163,0.19752,0.18617,0.03589,0.05196,0.02811,0.02763,0.04101,0.03237,0.04089,0.04192,0.03395,0.02921,0.04075,0.03200,0.03357,0.02491,0.01777,0.03400
0.03466,0.03495,0.01515,0.01830,0.07989,0.04182,0.03660,0.02381,0.43937,0.02444,0.02501,0.03212,0.02750,0.02439,0.01678,0.02549,0.01915,0.02828,0.01683,0.03549
0.11012,0.12595,0.03576,0.04134,0.03089,0.07262,0.05181,0.04297,0.05701,0.03991,0.05820,0.03492,0.03214,0.04097,0.03234,0.03632,0.02999,0.04513,0.03506,0.04657
0.05308,0.04446,0.12762,0.12329,0.05026,0.02983,0.03647,0.04420,0.03392,0.03983,0.06566,0.04060,0.03929,0.03998,0.05289,0.04017,0.02765,0.03318,0.02511,0.05253
0.05459,0.04897,0.02664,0.03693,0.35374,0.03418,0.04355,0.03519,0.01192,0.02728,0.04144,0.02923,0.04250,0.02922,0.02976,0.03327,0.03183,0.02795,0.01375,0.04808
0.17569,0.13260,0.02341,0.02315,0.11706,0.02420,0.02782,0.03429,0.14816,0.02331,0.06434,0.02853,0.02201,0.02924,0.02259,0.02322,0.01545,0.01993,0.02474,0.02026
0.03871,0.03925,0.18903,0.22001,0.04572,0.03332,0.03540,0.02391,0.04096,0.02989,0.03580,0.03567,0.02883,0.02782,0.03240,0.03176,0.02441,0.02924,0.02648,0.03139
0.07268,0.07283,0.03966,0.06725,0.02952,0.02848,0.11158,0.05570,0.13930,0.02463,0.03017,0.02237,0.03948,0.03260,0.02903,0.02806,0.02617,0.04438,0.02714,0.07896
0.10756,0.10563,0.05686,0.06168,0.03566,0.02944,0.04610,0.05613,0.02162,0.06459,0.07468,0.03427,0.04407,0.04780,0.03837,0.03602,0.02943,0.03152,0.02969,0.04888
0.03395,0.02903,0.04436,0.04824,0.02048,0.03807,0.20571,0.11231,0.02048,0.02406,0.04528,0.03060,0.07364,0.02141,0.01915,0.02463,0.01828,0.04753,0.01845,0.12434
0.02933,0.04319,0.02377,0.03934,0.02831,0.02334,0.02617,0.02329,0.24041,0.03546,0.02106,0.05637,0.03142,0.06209,0.02988,0.04894,0.07509,0.03452,0.04378,0.08424
0.15983,0.13708,0.03333,0.04078,0.04923,0.02701,0.04949,0.03656,0.09041,0.02909,0.02454,0.02992,0.03964,0.03729,0.03107,0.02614,0.03190,0.03505,0.02750,0.06416
0.09090,0.06554,0.17179,0.14763,0.03141,0.04243,0.02635,0.03788,0.00809,0.03361,0.09563,0.02932,0.02603,0.02971,0.03857,0.03346,0.01565,0.02785,0.01764,0.03047
0.17511,0.14810,0.05072,0.09486,0.08099,0.04371,0.03264,0.02355,0.02763,0.03522,0.02955,0.02938,0.02637,0.02059,0.03218,0.02788,0.01903,0.05180,0.01919,0.03151
0.03762,0.03094,0.03582,0.04048,0.26060,0.05484,0.06263,0.03820,0.03470,0.02854,0.04996,0.03196,0.03617,0.02860,0.03434,0.03647,0.04300,0.03662,0.02285,0.05564
0.05268,0.04190,0.17643,0.17875,0.01575,0.03649,0.03611,0.02921,0.11405,0.02726,0.03797,0.02677,0.02528,0.03570,0.03275,0.02375,0.02580,0.02454,0.02180,0.03702
0.05560,0.03264,0.13846,0.14931,0.01868,0.03935,0.03255,0.04273,0.04152,0.03724,0.03612,0.05341,0.03132,0.03884,0.04311,0.03023,0.04570,0.03981,0.04446,0.04892
0.08151,0.05637,0.04737,0.05999,0.02285,0.05130,0.03388,0.03533,0.05844,0.04256,0.06995,0.05858,0.05102,0.04849,0.05954,0.05036,0.03961,0.05432,0.03859,0.03993
0.05197,0.05256,0.04257,0.04460,0.10301,0.05449,0.03108,0.04919,0.05785,0.04699,0.03924,0.04285,0.04661,0.04844,0.05222,0.03902,0.05553,0.04043,0.04385,0.05751
0.05561,0.04445,0.02346,0.03193,0.18497,0.03922,0.10212,0.03449,0.05389,0.02305,0.06343,0.03669,0.03665,0.04662,0.03639,0.03111,0.02212,0.04886,0.01994,0.06499
0.02797,0.02131,0.07171,0.07659,0.10036,0.12651,0.07346,0.03578,0.02882,0.03619,0.04554,0.04265,0.03444,0.03034,0.03365,0.04003,0.02713,0.06981,0.02134,0.05638
0.14917,0.11941,0.02748,0.04143,0.05416,0.03187,0.03411,0.02742,0.11153,0.04941,0.08414,0.02968,0.03377,0.03762,0.03643,0.02577,0.02699,0.02116,0.02990,0.02855
0.04350,0.05164,0.02424,0.03217,0.04899,0.03196,0.03148,0.07502,0.14140,0.03717,0.03996,0.05538,0.10442,0.04791,0.03475,0.04121,0.04500,0.02869,0.04053,0.04458
0.04038,0.03471,0.04817,0.04209,0.04086,0.15802,0.05025,0.03365,0.02078,0.03668,0.09377,0.02999,0.03742,0.03404,0.03753,0.03564,0.02910,0.10737,0.03185,0.05770
0.17258,0.16703,0.08313,0.08369,0.08852,0.02954,0.04265,0.02600,0.02349,0.02032,0.03138,0.02105,0.03600,0.02378,0.03053,0.02829,0.02198,0.02148,0.02085,0.02772
0.05402,0.05400,0.02839,0.04191,0.03736,0.02076,0.03923,0.02833,0.42619,0.03079,0.03286,0.01653,0.02567,0.02676,0.02056,0.02252,0.02303,0.02010,0.01640,0.03457
0.04215,0.02922,0.02406,0.02707,0.02468,0.02519,0.03449,0.02967,0.51611,0.02382,0.03033,0.02432,0.01887,0.01959,0.01809,0.01539,0.01704,0.03518,0.01641,0.02833
0.02280,0.01778,0.02766,0.03763,0.05009,0.02614,0.23918,0.10744,0.03722,0.01826,0.03056,0.02701,0.02679,0.02310,0.02454,0.02820,0.02163,0.04990,0.01569,0.16841
0.03335,0.02130,0.21281,0.23729,0.06912,0.02308,0.02224,0.02630,0.03288,0.01765,0.03400,0.04935,0.02262,0.02059,0.05017,0.03540,0.01979,0.02335,0.02300,0.02570
0.02417,0.02996,0.26298,0.29916,0.01853,0.02019,0.02639,0.02583,0.01265,0.01661,0.03425,0.02251,0.02640,0.02423,0.02125,0.02439,0.03421,0.02334,0.01685,0.03608
0.04417,0.04200,0.03660,0.05151,0.23827,0.03615,0.04351,0.03578,0.06397,0.03548,0.04584,0.03084,0.04511,0.03744,0.03193,0.03762,0.03682,0.03216,0.03586,0.03892
0.03750,0.04668,0.02401,0.03337,0.01729,0.02805,0.02780,0.02821,0.39420,0.02640,0.03524,0.03070,0.02356,0.04254,0.03119,0.04186,0.03380,0.02491,0.02312,0.04957
0.07396,0.06168,0.02693,0.03652,0.01222,0.02296,0.05046,0.03679,0.34929,0.02832,0.04743,0.03010,0.04151,0.01808,0.02299,0.02314,0.02924,0.03410,0.02154,0.03275
0.05129,0.03936,0.01992,0.02098,0.25467,0.04781,0.03901,0.06356,0.01636,0.03732,0.06231,0.04026,0.05776,0.04111,0.02877,0.03568,0.03188,0.04025,0.02749,0.04418
0.12185,0.10466,0.03811,0.03467,0.06372,0.03963,0.06587,0.03784,0.07956,0.03918,0.04940,0.03572,0.02974,0.03737,0.03999,0.02765,0.03165,0.04550,0.02259,0.05528
0.07049,0.06768,0.03355,0.04761,0.26098,0.01981,0.02610,0.05143,0.05448,0.03291,0.04438,0.03422,0.06219,0.03454,0.02620,0.02728,0.02302,0.02533,0.02161,0.03622
0.04760,0.03076,0.04167,0.04525,0.01770,0.05875,0.03344,0.03280,0.29617,0.03994,0.03930,0.04746,0.02843,0.03294,0.02856,0.03718,0.02773,0.04377,0.02482,0.04573
0.02384,0.02635,0.03609,0.03399,0.06133,0.05772,0.02952,0.02005,0.16742,0.03176,0.02844,0.06940,0.03340,0.07446,0.03968,0.04881,0.05807,0.04155,0.05232,0.06580
0.04051,0.02786,0.06896,0.08456,0.03948,0.15824,0.06418,0.02571,0.02929,0.05856,0.06454,0.03197,0.02643,0.02547,0.02669,0.02229,0.02104,0.10807,0.02624,0.04991
0.10652,0.13625,0.01122,0.01452,0.03498,0.03734,0.07212,0.05918,0.03941,0.04324,0.10688,0.03033,0.03565,0.04652,0.04390,0.02400,0.02208,0.03209,0.05693,0.04686
0.06443,0.04915,0.04733,0.05835,0.08800,0.04388,0.03704,0.05538,0.02283,0.03773,0.13712,0.05120,0.02958,0.04021,0.04894,0.05056,0.02559,0.02784,0.03674,0.04812
0.05006,0.04069,0.07039,0.11399,0.06740,0.02847,0.12082,0.08583,0.03663,0.03160,0.05118,0.02328,0.03704,0.02830,0.02408,0.03475,0.02316,0.02476,0.02239,0.08516
0.03644,0.05015,0.05457,0.07294,0.08959,0.03384,0.03819,0.02715,0.23097,0.02683,0.02901,0.03158,0.03913,0.03411,0.02710,0.03539,0.03698,0.02972,0.02867,0.04764
0.08678,0.08094,0.13076,0.14284,0.01538,0.02879,0.02646,0.02204,0.04044,0.05655,0.03008,0.03250,0.03661,0.03824,0.07193,0.02627,0.05022,0.03056,0.02746,0.02516
0.03071,0.03153,0.06707,0.07135,0.04014,0.07260,0.08084,0.05212,0.02931,0.03070,0.03972,0.07274,0.04573,0.04510,0.03413,0.05008,0.04495,0.04745,0.03904,0.07470
0.03712,0.04358,0.02812,0.02835,0.01569,0.07241,0.03764,0.03478,0.02115,0.03574,0.04466,0.06070,0.04587,0.05968,0.03600,0.09885,0.10516,0.06257,0.03009,0.10182
0.11873,0.11039,0.04836,0.03904,0.04027,0.03465,0.03715,0.07316,0.07350,0.03133,0.08216,0.03700,0.03326,0.03633,0.03901,0.02509,0.02486,0.02630,0.05211,0.03731
0.04797,0.03907,0.05643,0.05814,0.02345,0.10500,0.03390,0.01993,0.06434,0.09199,0.04388,0.03993,0.03946,0.04886,0.07483,0.03238,0.06425,0.04309,0.03671,0.03639
0.03467,0.03201,0.23319,0.27948,0.02172,0.04937,0.02186,0.02257,0.02397,0.03428,0.02451,0.02450,0.01592,0.03227,0.03155,0.02207,0.02425,0.02474,0.01983,0.02723
0.04088,0.02632,0.01665,0.02085,0.43431,0.03474,0.05493,0.03064,0.03298,0.01739,0.05558,0.02920,0.02286,0.01980,0.02378,0.01818,0.01440,0.04209,0.01704,0.04737
0.03030,0.03981,0.05203,0.06781,0.01842,0.06685,0.05974,0.04785,0.03731,0.03294,0.04621,0.04512,0.04822,0.06224,0.03903,0.05898,0.07878,0.05328,0.04351,0.07159
0.02852,0.03298,0.13516,0.18806,0.05707,0.03003,0.06100,0.03227,0.04190,0.02620,0.02253,0.03890,0.03408,0.04262,0.02509,0.04141,0.03170,0.03662,0.02258,0.07130
0.04851,0.03660,0.18140,0.19434,0.08189,0.02733,0.03521,0.04203,0.03999,0.02662,0.04208,0.02398,0.03541,0.03031,0.02034,0.02564,0.02757,0.02475,0.01837,0.03762
0.02488,0.01752,0.03343,0.02830,0.16802,0.07673,0.03204,0.02484,0.28928,0.03165,0.03140,0.02882,0.02067,0.02272,0.03000,0.02555,0.03164,0.02845,0.02477,0.02929
0.04936,0.05334,0.08022,0.08613,0.11340,0.04591,0.03343,0.03256,0.02950,0.03669,0.13413,0.04718,0.03180,0.03913,0.03778,0.03508,0.02314,0.02439,0.02839,0.03845
0.02737,0.02462,0.03448,0.04313,0.46608,0.03174,0.01998,0.02096,0.03360,0.03160,0.02263,0.02360,0.02201,0.02575,0.04591,0.02049,0.02873,0.02654,0.02716,0.02363
0.05233,0.04634,0.01859,0.02265,0.01224,0.04919,0.03282,0.02497,0.37327,0.02748,0.03098,0.02719,0.02243,0.04836,0.02951,0.03833,0.03194,0.03697,0.02496,0.04946
0.07360,0.03540,0.02834,0.03361,0.05145,0.14330,0.05183,0.02295,0.02216,0.09567,0.06588,0.03631,0.03963,0.03823,0.03956,0.02712,0.03316,0.09058,0.02567,0.04556
0.07469,0.07997,0.14490,0.17545,0.04211,0.03487,0.02719,0.02814,0.04089,0.02687,0.03797,0.03957,0.03098,0.03405,0.03072,0.03003,0.02805,0.03743,0.02740,0.02873
0.05475,0.05905,0.04578,0.06051,0.04774,0.03635,0.03227,0.07005,0.04772,0.04356,0.02980,0.09598,0.04594,0.06295,0.03510,0.05561,0.04363,0.03338,0.03420,0.06564
0.02579,0.02980,0.14867,0.15930,0.02205,0.03621,0.02344,0.02758,0.16511,0.02525,0.03142,0.03200,0.02729,0.04006,0.04375,0.03511,0.03834,0.02558,0.02649,0.03676
0.05573,0.04378,0.16905,0.16579,0.02351,0.04430,0.04565,0.03451,0.02451,0.03925,0.05623,0.02578,0.02620,0.03253,0.03958,0.03837,0.03050,0.03786,0.02158,0.04529
0.04397,0.05893,0.01909,0.02612,0.04525,0.02283,0.03920,0.02659,0.38420,0.02525,0.03663,0.02773,0.02717,0.02853,0.03827,0.03320,0.02728,0.02330,0.04053,0.02594
0.10503,0.10485,0.04748,0.05064,0.05310,0.01805,0.03556,0.03710,0.26133,0.02631,0.04018,0.02467,0.02094,0.02027,0.04038,0.03084,0.01666,0.02227,0.02481,0.01955
0.05269,0.02568,0.07169,0.08543,0.02005,0.13286,0.03624,0.03131,0.03847,0.06460,0.04314,0.04399,0.02466,0.04005,0.04999,0.04407,0.05268,0.05658,0.03418,0.05163
0.05715,0.03638,0.01985,0.02334,0.01059,0.09277,0.16771,0.05800,0.02539,0.03188,0.07458,0.02561,0.03379,0.04600,0.04169,0.02768,0.02003,0.07796,0.02108,0.10850
0.18009,0.13915,0.02948,0.04573,0.06244,0.03789,0.03537,0.03163,0.01135,0.02533,0.13178,0.03761,0.02538,0.03050,0.02434,0.04835,0.01556,0.02947,0.02305,0.03551
0.06996,0.05341,0.09406,0.10094,0.03966,0.03818,0.03868,0.05642,0.04024,0.03889,0.06434,0.04648,0.04116,0.04272,0.04869,0.03674,0.03573,0.03453,0.03592,0.04325
0.07818,0.08534,0.02656,0.02890,0.04836,0.04331,0.03622,0.05039,0.04147,0.03457,0.11669,0.05190,0.04614,0.04315,0.03740,0.04116,0.05580,0.03593,0.05181,0.04673
0.03589,0.04594,0.02603,0.03499,0.02681,0.05033,0.06065,0.04676,0.09973,0.03987,0.05401,0.03186,0.06540,0.05304,0.06396,0.03952,0.04977,0.04905,0.07069,0.05570
0.03780,0.02462,0.15302,0.14324,0.01753,0.06213,0.05266,0.02798,0.04030,0.03636,0.04455,0.05357,0.03115,0.03678,0.03598,0.02676,0.04107,0.04225,0.03465,0.05761
0.05384,0.07460,0.06785,0.09165,0.06687,0.03245,0.02053,0.03688,0.06253,0.04573,0.03248,0.04451,0.03306,0.05745,0.04218,0.04661,0.05979,0.02989,0.03870,0.06239
0.04145,0.03604,0.05716,0.06389,0.01654,0.13914,0.06545,0.03743,0.04702,0.06524,0.05258,0.03428,0.04431,0.04089,0.03904,0.02609,0.02470,0.09118,0.03526,0.04231
0.06845,0.06303,0.03193,0.02948,0.00998,0.02439,0.03189,0.03004,0.42787,0.02548,0.03243,0.02643,0.02484,0.03254,0.02456,0.01870,0.02812,0.02614,0.02378,0.01992
0.11159,0.04956,0.02130,0.02994,0.02548,0.03331,0.04823,0.06320,0.05717,0.07796,0.05588,0.03741,0.04652,0.05621,0.05270,0.03844,0.04878,0.06324,0.04873,0.03435
0.06125,0.03926,0.05589,0.05628,0.02268,0.03624,0.04358,0.05556,0.03633,0.04941,0.05247,0.04907,0.08759,0.04904,0.07658,0.05343,0.03979,0.05371,0.04108,0.04078
0.05336,0.04977,0.02671,0.03929,0.06957,0.05240,0.04445,0.04919,0.10652,0.03748,0.04025,0.05162,0.04133,0.04858,0.04255,0.04572,0.05242,0.03784,0.02900,0.08194
0.02846,0.02157,0.03061,0.03974,0.42280,0.04389,0.04556,0.03050,0.03162,0.02063,0.03089,0.02867,0.02078,0.02203,0.02931,0.02499,0.02064,0.03905,0.01934,0.04893
0.08180,0.05819,0.07234,0.08949,0.03643,0.04454,0.07532,0.05133,0.04896,0.03338,0.05900,0.04013,0.02546,0.04054,0.02727,0.03589,0.03205,0.03914,0.02941,0.07934
0.04906,0.04199,0.11420,0.17328,0.01685,0.02238,0.04070,0.05424,0.05894,0.03553,0.02598,0.03385,0.04793,0.04100,0.02942,0.03336,0.05917,0.04189,0.02239,0.05784
0.04626,0.03895,0.12014,0.15624,0.07090,0.03523,0.05115,0.03144,0.02016,0.02933,0.06100,0.03831,0.03068,0.03114,0.04702,0.05190,0.02881,0.03380,0.03495,0.04257
0.03275,0.03575,0.18631,0.16090,0.04396,0.03843,0.02795,0.03177,0.02096,0.03057,0.07810,0.04202,0.02600,0.02929,0.04540,0.04341,0.02736,0.03129,0.02372,0.04407
0.05056,0.05159,0.05304,0.06940,0.04406,0.10301,0.03458,0.03895,0.05379,0.04757,0.04737,0.03953,0.04312,0.05766,0.04304,0.04329,0.03197,0.05804,0.03620,0.05324
0.03050,0.05747,0.05834,0.06768,0.02742,0.03347,0.03688,0.07015,0.05152,0.04615,0.05370,0.04166,0.09302,0.03895,0.03090,0.05754,0.07138,0.03666,0.03863,0.05799
0.03527,0.03409,0.21804,0.26744,0.02626,0.02424,0.03410,0.02827,0.03459,0.02405,0.03062,0.02223,0.02394,0.02244,0.02095,0.02994,0.03919,0.02288,0.02138,0.04009
0.04630,0.03736,0.16121,0.21652,0.03810,0.02700,0.04055,0.02643,0.02517,0.02545,0.09125,0.04436,0.02819,0.03345,0.02763,0.03704,0.01782,0.02473,0.01921,0.03224
0.22279,0.19972,0.05548,0.05105,0.02624,0.03661,0.03193,0.02789,0.02505,0.02920,0.04494,0.03293,0.02676,0.02618,0.03486,0.02907,0.02613,0.02472,0.01867,0.02978
0.04300,0.03381,0.03011,0.05170,0.04304,0.07100,0.11316,0.06082,0.07038,0.04126,0.06652,0.02815,0.03854,0.02945,0.03042,0.03194,0.02630,0.09171,0.02294,0.07575
0.04374,0.05189,0.15721,0.17686,0.01288,0.04643,0.05244,0.04340,0.01959,0.03587,0.05691,0.03413,0.03007,0.03869,0.02675,0.03526,0.02977,0.04071,0.02142,0.04599
0.03875,0.04260,0.04051,0.04716,0.03630,0.07198,0.05911,0.05660,0.04110,0.04775,0.06149,0.04157,0.07760,0.04325,0.03248,0.04261,0.03863,0.06447,0.04138,0.07465
0.04097,0.03501,0.02505,0.03564,0.02073,0.02213,0.19900,0.10572,0.03826,0.03364,0.03840,0.03733,0.03956,0.02938,0.03053,0.03171,0.02989,0.04994,0.02697,0.13013
0.22295,0.22376,0.02537,0.03198,0.02399,0.02045,0.02703,0.04969,0.03562,0.03881,0.02535,0.03684,0.02494,0.04247,0.02468,0.03624,0.03352,0.02392,0.02209,0.03030
0.09407,0.04067,0.03401,0.04677,0.01849,0.06497,0.07816,0.03830,0.04628,0.07152,0.05159,0.03020,0.04711,0.04104,0.06176,0.02411,0.03357,0.09901,0.02492,0.05344
0.10699,0.09538,0.03260,0.04699,0.00966,0.01935,0.06206,0.03811,0.24460,0.03794,0.05212,0.02375,0.03235,0.03014,0.02220,0.01799,0.03055,0.02928,0.02071,0.04723
0.04817,0.04501,0.03044,0.04298,0.23851,0.06813,0.03198,0.03894,0.01952,0.05651,0.05761,0.03202,0.03785,0.03642,0.05502,0.03057,0.04346,0.02894,0.02634,0.03158
0.15958,0.10846,0.02680,0.03375,0.04032,0.03254,0.05486,0.05603,0.05988,0.05248,0.10542,0.03515,0.03120,0.03894,0.02754,0.02716,0.02323,0.02893,0.02672,0.03100
0.07177,0.03978,0.02784,0.03824,0.02421,0.16845,0.05362,0.02027,0.02820,0.05451,0.07521,0.04668,0.02458,0.06837,0.04542,0.03001,0.02747,0.07565,0.02731,0.05240
0.08575,0.06332,0.03209,0.03100,0.16585,0.05120,0.02440,0.02644,0.10237,0.06958,0.03466,0.03395,0.03741,0.04850,0.05096,0.02332,0.04025,0.02977,0.02496,0.02420
0.13809,0.12627,0.04673,0.05254,0.02391,0.03058,0.04369,0.05058,0.06750,0.06013,0.04185,0.03512,0.04601,0.03239,0.03258,0.03509,0.04302,0.03163,0.02199,0.04031
0.04796,0.03839,0.15290,0.18300,0.03275,0.03062,0.05575,0.03773,0.06000,0.03573,0.03366,0.02680,0.02988,0.03528,0.03119,0.02986,0.03154,0.03353,0.02400,0.04941
0.04100,0.03504,0.17379,0.23513,0.03708,0.02004,0.04558,0.02817,0.01695,0.03601,0.04998,0.02959,0.04959,0.02879,0.02517,0.03459,0.02455,0.03236,0.01888,0.03772
0.13344,0.08671,0.03876,0.06199,0.04859,0.03466,0.05254,0.04428,0.03169,0.05816,0.07948,0.03413,0.04187,0.05098,0.04033,0.04343,0.02864,0.03105,0.02065,0.03863
0.10272,0.05665,0.03825,0.04575,0.08235,0.05093,0.05443,0.03734,0.07048,0.04595,0.06821,0.03915,0.02817,0.03086,0.04295,0.03468,0.03578,0.04808,0.02920,0.05804
0.11551,0.10043,0.04254,0.04535,0.04082,0.07121,0.03521,0.03451,0.04973,0.07447,0.04414,0.03552,0.03051,0.04796,0.05727,0.02884,0.03709,0.04101,0.03358,0.03430
0.19540,0.16844,0.04910,0.04718,0.05653,0.03052,0.04091,0.02066,0.02676,0.03009,0.04604,0.02259,0.03460,0.04215,0.04144,0.03599,0.02409,0.02967,0.02614,0.03169
0.04816,0.03965,0.02337,0.02864,0.06498,0.06953,0.02677,0.02197,0.37091,0.03239,0.03101,0.02647,0.02778,0.02525,0.01984,0.02588,0.01720,0.04866,0.02244,0.02906
0.04748,0.04734,0.02758,0.03183,0.08686,0.03207,0.04209,0.03508,0.26795,0.03105,0.03831,0.04852,0.02943,0.02938,0.03000,0.03933,0.02741,0.03510,0.02130,0.05191
0.02791,0.02437,0.06463,0.09728,0.02083,0.07361,0.12416,0.03455,0.01697,0.02451,0.10928,0.03864,0.03315,0.02273,0.02767,0.02547,0.01983,0.10813,0.02176,0.08450
0.14400,0.10912,0.07320,0.08266,0.02297,0.03672,0.04082,0.04557,0.02194,0.05076,0.06762,0.03003,0.03177,0.03960,0.04807,0.03646,0.03073,0.03341,0.02522,0.02935
0.11915,0.13631,0.13676,0.16410,0.01976,0.02361,0.02622,0.03583,0.01365,0.02588,0.03114,0.01816,0.02397,0.02383,0.01843,0.03895,0.06089,0.03118,0.01565,0.03655
0.13544,0.13375,0.04504,0.05380,0.07180,0.03957,0.03256,0.05041,0.02065,0.03634,0.08227,0.03930,0.03400,0.03087,0.03504,0.03195,0.02725,0.03528,0.02588,0.03878
0.09453,0.06372,0.05208,0.06889,0.04129,0.03409,0.03493,0.02829,0.05211,0.03600,0.06425,0.07060,0.04976,0.05453,0.04391,0.05473,0.04331,0.03871,0.03142,0.04288
0.08930,0.07887,0.02269,0.03224,0.06304,0.03772,0.05638,0.04200,0.02054,0.04661,0.15634,0.03728,0.03703,0.06684,0.04181,0.04516,0.02263,0.03029,0.03631,0.03693
0.03641,0.02477,0.20994,0.21964,0.02559,0.04639,0.05057,0.03551,0.01780,0.03134,0.04164,0.03347,0.02322,0.02534,0.02758,0.03414,0.02548,0.03231,0.01749,0.04138
0.05385,0.04875,0.01704,0.02477,0.04276,0.03802,0.02584,0.03894,0.30857,0.03602,0.04019,0.04203,0.03069,0.04371,0.03546,0.03447,0.03459,0.02994,0.02806,0.04629
0.06053,0.03429,0.02179,0.02442,0.01177,0.02567,0.07070,0.03656,0.29694,0.04874,0.06821,0.02799,0.04815,0.03278,0.03315,0.02598,0.02836,0.03581,0.02835,0.03981
0.06086,0.06450,0.14321,0.14405,0.04176,0.03137,0.03254,0.03073,0.02335,0.03007,0.07640,0.04497,0.02307,0.02741,0.05060,0.05702,0.02739,0.03301,0.02341,0.03427
0.04654,0.03048,0.04919,0.05656,0.04765,0.11271,0.04150,0.03075,0.03981,0.04423,0.04585,0.03814,0.04159,0.05494,0.03549,0.04653,0.04833,0.08455,0.04038,0.06476
0.03542,0.05540,0.10313,0.14087,0.04715,0.04024,0.03455,0.04009,0.02209,0.02744,0.08339,0.03881,0.03899,0.03150,0.03575,0.04107,0.06415,0.04291,0.03181,0.04524
0.05319,0.04519,0.16662,0.17358,0.06775,0.04233,0.02664,0.03166,0.02013,0.03339,0.04369,0.03043,0.02962,0.04256,0.03542,0.03327,0.02925,0.02919,0.02228,0.04381
0.02927,0.02489,0.07140,0.08519,0.05184,0.03960,0.13119,0.05330,0.05971,0.02451,0.02972,0.03511,0.03483,0.02977,0.04108,0.03493,0.03405,0.05286,0.02463,0.11213
0.18174,0.16203,0.04108,0.05039,0.07129,0.04910,0.03513,0.01864,0.05421,0.02943,0.03280,0.02778,0.03585,0.02360,0.03266,0.02836,0.02177,0.04076,0.02513,0.03822
0.02698,0.02532,0.03146,0.03385,0.03671,0.02370,0.03677,0.02584,0.52939,0.01510,0.02052,0.02299,0.02294,0.02005,0.02113,0.01989,0.01655,0.02091,0.02000,0.02989
0.05513,0.02592,0.03261,0.04412,0.01148,0.20166,0.06237,0.02224,0.02084,0.02709,0.09850,0.02267,0.02712,0.05117,0.02964,0.02312,0.02973,0.13068,0.01388,0.07005
0.07042,0.07040,0.05975,0.06702,0.02479,0.09634,0.04426,0.03131,0.05476,0.04513,0.05045,0.03327,0.02748,0.04187,0.04090,0.03793,0.04848,0.05793,0.03376,0.06374
0.04989,0.03172,0.02517,0.02978,0.28737,0.04589,0.03834,0.04762,0.01851,0.05232,0.03903,0.03275,0.04027,0.04768,0.04465,0.03948,0.04628,0.02959,0.01973,0.03392
0.06168,0.05144,0.08574,0.10405,0.04808,0.05063,0.05490,0.05262,0.02189,0.03693,0.06201,0.04262,0.05348,0.04196,0.04476,0.03684,0.03788,0.03526,0.02571,0.05152
0.04068,0.03013,0.04718,0.05364,0.01881,0.09001,0.09106,0.05913,0.07778,0.03677,0.03277,0.04373,0.04731,0.04429,0.03537,0.04576,0.04624,0.04306,0.03641,0.07988
0.09281,0.03105,0.04606,0.06091,0.02478,0.04569,0.07544,0.03618,0.02297,0.11560,0.03198,0.02915,0.04595,0.04721,0.08280,0.03088,0.04363,0.06911,0.02275,0.04506
0.08058,0.05585,0.05768,0.07155,0.03293,0.05659,0.04464,0.04517,0.05955,0.05753,0.03983,0.03729,0.04195,0.05188,0.04207,0.03303,0.04491,0.04644,0.03931,0.06122
0.03135,0.02143,0.22040,0.24178,0.03701,0.03951,0.02867,0.02092,0.04153,0.02397,0.03029,0.03138,0.02277,0.02975,0.03457,0.02389,0.02113,0.03300,0.03071,0.03593
0.04025,0.03161,0.03779,0.04492,0.28014,0.02920,0.03191,0.03470,0.01203,0.02258,0.16726,0.04824,0.01929,0.03538,0.03883,0.02803,0.01484,0.03058,0.02194,0.03046
0.04925,0.03400,0.04141,0.05571,0.06259,0.12432,0.04308,0.03842,0.02223,0.05631,0.06155,0.03748,0.03491,0.05051,0.03720,0.04215,0.05733,0.06691,0.03170,0.05294
0.06754,0.03909,0.02923,0.03972,0.22541,0.04338,0.04099,0.04499,0.03308,0.02955,0.09293,0.03170,0.03913,0.04316,0.03694,0.02703,0.02579,0.02923,0.04021,0.04090
0.03560,0.04571,0.05188,0.05963,0.31222,0.05186,0.02453,0.01748,0.05653,0.03312,0.03240,0.01831,0.02838,0.04090,0.02941,0.02582,0.03645,0.03468,0.03312,0.03198
0.04157,0.03542,0.04381,0.05327,0.02226,0.03626,0.02900,0.01848,0.44267,0.02591,0.04027,0.02304,0.02126,0.02426,0.02030,0.02424,0.02086,0.02950,0.01877,0.02887
0.04106,0.02688,0.01904,0.03105,0.03075,0.01872,0.08285,0.06610,0.35477,0.02406,0.03505,0.02227,0.05678,0.02374,0.01808,0.03024,0.01555,0.01771,0.02016,0.06515
0.03645,0.03645,0.03413,0.04775,0.02801,0.17286,0.02397,0.03382,0.03322,0.11100,0.05984,0.04330,0.03498,0.05675,0.04462,0.02393,0.03017,0.06317,0.04405,0.04153
0.04414,0.06574,0.04719,0.05225,0.01638,0.05950,0.04493,0.02403,0.09821,0.02860,0.06268,0.04614,0.03909,0.05455,0.04272,0.04795,0.08423,0.04849,0.03848,0.05473
0.05046,0.03693,0.02789,0.03866,0.27812,0.05233,0.02643,0.03246,0.02558,0.04356,0.06444,0.06373,0.02250,0.03207,0.03975,0.02605,0.01788,0.05957,0.02543,0.03616
0.05520,0.09888,0.02336,0.02128,0.06982,0.06828,0.04402,0.04944,0.08505,0.03338,0.09249,0.03653,0.03124,0.03750,0.04223,0.02997,0.03411,0.05639,0.04535,0.04550
0.05056,0.03313,0.03964,0.05647,0.10305,0.05667,0.09297,0.04859,0.06184,0.03779,0.04767,0.03028,0.04075,0.04226,0.03150,0.04058,0.03209,0.05489,0.02519,0.07407
0.03811,0.02127,0.21907,0.25172,0.01273,0.04385,0.04154,0.02891,0.02978,0.02594,0.03548,0.02680,0.02983,0.03465,0.03147,0.01939,0.02477,0.03023,0.01776,0.03670
0.03381,0.02230,0.04284,0.05326,0.46708,0.03756,0.02239,0.02806,0.02227,0.02842,0.03053,0.02109,0.02697,0.01791,0.01844,0.02271,0.02785,0.02635,0.02428,0.02587
0.03441,0.02767,0.04649,0.04282,0.21863,0.07995,0.03112,0.02632,0.06104,0.03485,0.03576,0.04213,0.02537,0.05004,0.03555,0.03661,0.04107,0.04196,0.05395,0.03426
0.05326,0.08801,0.03486,0.04194,0.02856,0.03145,0.04539,0.06528,0.03269,0.06260,0.03318,0.04451,0.04389,0.06182,0.05731,0.05463,0.04242,0.03776,0.03848,0.10197
0.03780,0.02649,0.01672,0.01850,0.42911,0.02397,0.02887,0.01823,0.15882,0.01999,0.03021,0.02430,0.02153,0.02940,0.01914,0.01754,0.01709,0.02352,0.01482,0.02395
0.06153,0.05362,0.01698,0.02016,0.30763,0.05219,0.03095,0.04237,0.04468,0.04402,0.04786,0.03239,0.02980,0.03167,0.02668,0.02452,0.03082,0.03156,0.03681,0.03376
0.07345,0.02829,0.03594,0.04181,0.01545,0.10710,0.12000,0.03788,0.02502,0.04361,0.07438,0.03082,0.03339,0.06192,0.04393,0.02814,0.01802,0.07829,0.01788,0.08468
0.04409,0.02634,0.03408,0.04311,0.02596,0.17029,0.06027,0.02434,0.04846,0.07035,0.05637,0.03836,0.04446,0.03475,0.03358,0.03340,0.02910,0.10665,0.03288,0.04317
0.02742,0.02240,0.06060,0.06580,0.03661,0.03463,0.19969,0.07284,0.06679,0.02257,0.02765,0.02730,0.02112,0.02105,0.02446,0.02096,0.02853,0.06186,0.02133,0.13639
0.06431,0.03302,0.03321,0.04490,0.02575,0.03125,0.15192,0.07511,0.06376,0.04086,0.05679,0.03307,0.05510,0.03403,0.03176,0.02965,0.03489,0.04307,0.02743,0.09012
0.17339,0.13663,0.02649,0.03077,0.10018,0.02508,0.02373,0.04464,0.06407,0.03081,0.06771,0.02753,0.03673,0.03154,0.03487,0.03372,0.02566,0.02110,0.03060,0.03475
0.02946,0.03387,0.08654,0.08726,0.03574,0.11292,0.03507,0.02694,0.08802,0.06678,0.05330,0.03303,0.02742,0.02813,0.04550,0.02769,0.05588,0.04013,0.04807,0.03828
0.04423,0.02923,0.04189,0.05326,0.02467,0.02469,0.10015,0.10059,0.07159,0.04051,0.03828,0.03465,0.13618,0.03575,0.03674,0.04168,0.02396,0.03406,0.03083,0.05705
0.05566,0.04586,0.03330,0.04541,0.06470,0.04752,0.03781,0.03110,0.26145,0.03209,0.03924,0.03774,0.03095,0.03613,0.02975,0.02820,0.04067,0.03073,0.02777,0.04392
0.04240,0.05858,0.02493,0.03033,0.03292,0.10479,0.06690,0.02866,0.17437,0.02567,0.07916,0.03626,0.02741,0.04439,0.02784,0.03595,0.02319,0.05918,0.02885,0.04821
0.20746,0.18684,0.02521,0.02904,0.07094,0.04917,0.02742,0.02297,0.02902,0.03486,0.04127,0.02993,0.03133,0.04224,0.02462,0.02950,0.02533,0.02879,0.03070,0.03337
0.03185,0.02825,0.03699,0.04692,0.48506,0.02283,0.04981,0.02582,0.02536,0.01730,0.02903,0.02039,0.01797,0.01678,0.02357,0.02313,0.01941,0.02392,0.01736,0.03826
0.08745,0.06981,0.03490,0.04682,0.04984,0.04940,0.05771,0.04913,0.10246,0.03837,0.07275,0.03690,0.02944,0.05163,0.04033,0.03309,0.03327,0.03514,0.03289,0.04868
0.04617,0.05488,0.04409,0.05083,0.28336,0.03249,0.03825,0.03614,0.04161,0.03601,0.03483,0.02537,0.02795,0.03679,0.03102,0.02883,0.02716,0.03046,0.03197,0.06178
0.07180,0.05123,0.02287,0.04129,0.36792,0.02293,0.03484,0.02997,0.02013,0.03912,0.05797,0.02884,0.03447,0.03072,0.02804,0.02240,0.01638,0.02917,0.02184,0.02808
0.04065,0.03490,0.03070,0.03686,0.02394,0.10354,0.05334,0.05736,0.03873,0.03683,0.04566,0.05830,0.05929,0.05247,0.02900,0.06828,0.07485,0.05656,0.03976,0.05898
0.03072,0.02485,0.08706,0.10279,0.07497,0.04378,0.05678,0.02888,0.20859,0.02141,0.03709,0.02859,0.03046,0.03361,0.02874,0.03496,0.02238,0.03653,0.02449,0.04331
0.03040,0.02674,0.05274,0.05405,0.01904,0.11757,0.04811,0.03834,0.05565,0.05188,0.04005,0.03092,0.06643,0.06247,0.05106,0.04715,0.03376,0.08506,0.04058,0.04798
0.04882,0.02859,0.03832,0.04927,0.02098,0.10022,0.10978,0.04831,0.05034,0.02411,0.06642,0.03350,0.06180,0.04097,0.03116,0.03598,0.03054,0.07171,0.02881,0.08037
0.18781,0.17603,0.07687,0.11301,0.01967,0.01994,0.04676,0.02974,0.03683,0.02909,0.03835,0.02746,0.03820,0.02110,0.02256,0.02019,0.02489,0.01732,0.01836,0.03582
0.15009,0.13754,0.02450,0.02654,0.03514,0.03080,0.04284,0.04942,0.02140,0.05581,0.10263,0.03974,0.04017,0.04119,0.05480,0.02947,0.03059,0.02309,0.02364,0.04059
0.04473,0.03088,0.17901,0.18054,0.07133,0.03748,0.03066,0.03485,0.03688,0.04699,0.03250,0.02902,0.03634,0.03141,0.03624,0.02072,0.03484,0.02366,0.02614,0.03577
0.04481,0.01968,0.03149,0.02591,0.02208,0.13570,0.06656,0.03566,0.08177,0.03466,0.06016,0.05882,0.04491,0.03710,0.03401,0.03309,0.02978,0.10822,0.03484,0.06076
0.06136,0.04351,0.02665,0.03722,0.05252,0.02210,0.02634,0.02526,0.38288,0.03470,0.05697,0.02448,0.02925,0.02673,0.02445,0.02420,0.02508,0.02697,0.02127,0.02804
0.05558,0.06787,0.02336,0.03056,0.01285,0.02322,0.02186,0.03394,0.44129,0.02460,0.01975,0.02640,0.03736,0.02823,0.01707,0.02799,0.03147,0.02111,0.02339,0.03208
0.04394,0.03997,0.10529,0.10850,0.03316,0.03052,0.04423,0.03368,0.02947,0.03301,0.12402,0.05079,0.02763,0.03958,0.04231,0.05789,0.02801,0.03813,0.04020,0.04965
0.02171,0.03567,0.14656,0.14382,0.09173,0.05890,0.02308,0.02334,0.03945,0.02819,0.04280,0.03541,0.02906,0.03540,0.04644,0.04447,0.04421,0.04440,0.02489,0.04047
0.03607,0.02934,0.04831,0.05917,0.01331,0.03089,0.16570,0.09655,0.05757,0.03384,0.03593,0.03037,0.04895,0.03170,0.02728,0.05263,0.03206,0.03353,0.02778,0.10900
0.03902,0.02528,0.05646,0.05890,0.45795,0.02581,0.03006,0.03151,0.03267,0.01780,0.02004,0.02480,0.02283,0.02390,0.01960,0.02709,0.01741,0.01923,0.01672,0.03292
0.06820,0.04169,0.02431,0.02476,0.03113,0.02066,0.03005,0.03065,0.44032,0.02545,0.03088,0.02954,0.04068,0.02104,0.02212,0.02563,0.02419,0.02269,0.01732,0.02869
0.02906,0.02595,0.02647,0.04076,0.05274,0.04188,0.10733,0.10756,0.04811,0.03225,0.02761,0.05110,0.11824,0.02923,0.02036,0.05928,0.03048,0.04033,0.02581,0.08544
0.21429,0.20922,0.03334,0.03646,0.02411,0.03473,0.02830,0.02929,0.05030,0.03853,0.03812,0.02541,0.02326,0.02738,0.03485,0.03622,0.02757,0.02942,0.02962,0.02958
0.02617,0.02219,0.01830,0.02500,0.35840,0.08793,0.04838,0.02411,0.04174,0.02538,0.04189,0.02274,0.02469,0.01964,0.02624,0.02167,0.01747,0.08805,0.02182,0.03820
0.04977,0.03722,0.05797,0.07353,0.05142,0.07991,0.07113,0.03171,0.06690,0.03569,0.05702,0.03734,0.04485,0.03304,0.03679,0.03614,0.02960,0.07766,0.02975,0.06255
0.06565,0.05651,0.04319,0.05466,0.04343,0.03999,0.03941,0.04785,0.05021,0.06341,0.05436,0.05130,0.03769,0.06377,0.04883,0.04853,0.04786,0.03481,0.03616,0.07237
0.02342,0.02699,0.03368,0.03462,0.48554,0.02010,0.02601,0.02064,0.02630,0.01715,0.04935,0.02824,0.02143,0.02928,0.02974,0.03220,0.02089,0.02225,0.02417,0.02798
0.03005,0.02901,0.06845,0.07812,0.06024,0.08584,0.04309,0.02635,0.16659,0.04724,0.03900,0.03890,0.02847,0.02769,0.04075,0.03359,0.03710,0.03370,0.03878,0.04705
0.05757,0.04897,0.04235,0.04909,0.06491,0.03551,0.06855,0.04241,0.09372,0.04325,0.08263,0.04459,0.04442,0.04062,0.03792,0.03316,0.03125,0.03819,0.03976,0.06113
0.04831,0.04471,0.14666,0.16730,0.04290,0.04492,0.03942,0.02974,0.02609,0.02865,0.03504,0.03143,0.03003,0.03660,0.02643,0.05366,0.04491,0.03700,0.03503,0.05115
0.22414,0.20258,0.03029,0.03753,0.02429,0.03811,0.03211,0.02640,0.03332,0.03073,0.06474,0.02590,0.02785,0.03020,0.02865,0.02821,0.02758,0.03448,0.02446,0.02844
0.02367,0.02205,0.21721,0.22690,0.03886,0.03595,0.04765,0.03307,0.07138,0.02382,0.02924,0.03200,0.02123,0.02812,0.02199,0.01763,0.02289,0.03012,0.02007,0.03614
0.04160,0.02330,0.02094,0.02382,0.03440,0.05015,0.25334,0.07230,0.01918,0.02076,0.05823,0.02607,0.02456,0.01768,0.02308,0.02020,0.01546,0.08368,0.01381,0.15746
0.02540,0.02239,0.05588,0.06997,0.02914,0.06063,0.16011,0.06060,0.08601,0.03198,0.03553,0.02571,0.05446,0.02661,0.02698,0.02551,0.02618,0.06194,0.02586,0.08913
0.04126,0.03591,0.11919,0.12666,0.01455,0.06491,0.04723,0.05013,0.09197,0.06504,0.03668,0.03249,0.03652,0.03859,0.04034,0.02651,0.03147,0.03675,0.03093,0.03287
0.06933,0.07181,0.05106,0.06621,0.02753,0.02373,0.11853,0.06505,0.04897,0.03523,0.06778,0.03333,0.04494,0.03128,0.03716,0.04038,0.02447,0.03716,0.03087,0.07519
0.03924,0.03877,0.18729,0.18799,0.05309,0.02610,0.02711,0.02526,0.03786,0.02953,0.03859,0.03544,0.03065,0.03186,0.03667,0.04681,0.03193,0.02936,0.02481,0.04164
0.02027,0.01856,0.04750,0.06191,0.42798,0.02105,0.04602,0.03082,0.02028,0.02531,0.04749,0.03206,0.03669,0.02147,0.02273,0.02663,0.01638,0.02710,0.01738,0.03235
0.14175,0.07647,0.03717,0.04665,0.01818,0.02923,0.08168,0.05008,0.03805,0.06559,0.08693,0.02997,0.03410,0.05066,0.04048,0.03688,0.03025,0.03311,0.02844,0.04434
0.03913,0.02808,0.04759,0.04492,0.03549,0.02936,0.08914,0.14147,0.02246,0.04646,0.04235,0.03673,0.12341,0.04013,0.02559,0.03305,0.03261,0.02896,0.02369,0.08936
0.16121,0.12104,0.04771,0.04249,0.08220,0.06631,0.05066,0.02409,0.02093,0.04018,0.05649,0.02222,0.04017,0.03732,0.02771,0.02574,0.01988,0.05461,0.02348,0.03555
0.07017,0.05047,0.06966,0.08157,0.03304,0.09777,0.04009,0.03615,0.03848,0.04208,0.06051,0.03784,0.03491,0.05222,0.04670,0.03015,0.03558,0.06130,0.03329,0.04801
0.05601,0.05861,0.05599,0.07643,0.04882,0.04754,0.07107,0.05179,0.03290,0.04443,0.08823,0.03217,0.03629,0.03483,0.04355,0.03272,0.03961,0.04499,0.03461,0.06941
0.02807,0.02842,0.02231,0.03507,0.40570,0.02594,0.03504,0.02393,0.15255,0.01767,0.02704,0.02128,0.02163,0.01927,0.01891,0.02103,0.02013,0.01932,0.02721,0.02948
0.08197,0.07974,0.06444,0.08383,0.01947,0.06883,0.06819,0.05217,0.03141,0.02765,0.07541,0.03197,0.02685,0.04278,0.03753,0.03667,0.02926,0.05477,0.03129,0.05576
0.02191,0.01373,0.03963,0.04855,0.01627,0.03557,0.05160,0.02015,0.48250,0.02143,0.02679,0.03217,0.02056,0.01633,0.02041,0.02597,0.02078,0.02322,0.02184,0.04059
0.04822,0.04274,0.13601,0.12350,0.02967,0.04938,0.03960,0.03622,0.05939,0.03483,0.04865,0.05179,0.03518,0.03528,0.03888,0.03988,0.03350,0.03555,0.03654,0.04521
0.04833,0.03816,0.23290,0.22085,0.02333,0.02968,0.02618,0.02378,0.05774,0.02910,0.03318,0.02828,0.02159,0.02527,0.03628,0.02566,0.02354,0.02465,0.02304,0.02845
0.08879,0.07313,0.06449,0.06896,0.02977,0.03979,0.04278,0.04308,0.05258,0.07107,0.04516,0.03185,0.02733,0.06243,0.05990,0.03160,0.04706,0.03981,0.03689,0.04352
0.06628,0.05376,0.01940,0.02994,0.03404,0.14478,0.04399,0.03304,0.07045,0.05937,0.05136,0.04740,0.03944,0.03632,0.03379,0.03491,0.02879,0.09303,0.03605,0.04385
0.09731,0.05532,0.09064,0.10327,0.03455,0.06956,0.04249,0.04561,0.03739,0.04867,0.05283,0.03105,0.03284,0.04423,0.04015,0.02833,0.03412,0.03605,0.02581,0.04977
0.01901,0.03165,0.02586,0.02710,0.04685,0.03834,0.08322,0.14058,0.04281,0.03825,0.02764,0.03838,0.20385,0.03555,0.01973,0.03191,0.02909,0.03660,0.02817,0.05540
0.04169,0.03745,0.06282,0.07612,0.02554,0.04297,0.07613,0.04037,0.13522,0.03485,0.04699,0.03795,0.03524,0.03447,0.03542,0.03518,0.04628,0.04970,0.03606,0.06956
0.12883,0.13203,0.06233,0.07147,0.02194,0.03123,0.03478,0.02917,0.07405,0.03485,0.05185,0.02735,0.03708,0.03565,0.03591,0.03254,0.03226,0.03698,0.04052,0.04920
0.07618,0.06325,0.08396,0.09615,0.02311,0.04823,0.03345,0.02891,0.08691,0.03455,0.07341,0.03849,0.02629,0.04976,0.04502,0.03781,0.03724,0.04378,0.03359,0.03989
0.02982,0.03177,0.02711,0.04427,0.44594,0.02120,0.02831,0.03441,0.03128,0.02221,0.02380,0.03395,0.02688,0.03100,0.02914,0.02182,0.02023,0.02694,0.02099,0.04894
0.06737,0.04462,0.07175,0.07903,0.02338,0.03935,0.02922,0.02594,0.17397,0.03457,0.02267,0.05294,0.04198,0.04731,0.04139,0.03690,0.04673,0.03172,0.03755,0.05161
0.05389,0.02836,0.01975,0.02302,0.39685,0.05747,0.03902,0.02277,0.02233,0.02585,0.04251,0.02206,0.02351,0.05361,0.02102,0.02635,0.01807,0.04683,0.01533,0.04141
0.02625,0.02411,0.01897,0.02327,0.43399,0.04964,0.02636,0.02198,0.05185,0.02337,0.02158,0.06669,0.02264,0.01962,0.01995,0.03543,0.01909,0.03865,0.01770,0.03885
0.03180,0.03433,0.14761,0.13625,0.09731,0.05419,0.02374,0.02485,0.03175,0.03895,0.03567,0.05453,0.03400,0.03918,0.03918,0.02595,0.03491,0.03786,0.03786,0.04009
0.07436,0.07686,0.14437,0.14417,0.01997,0.02678,0.04301,0.03341,0.08508,0.03033,0.04149,0.02611,0.03020,0.03510,0.03888,0.03655,0.02400,0.02616,0.02191,0.04126
0.11648,0.09814,0.04892,0.05718,0.02842,0.03944,0.05378,0.05491,0.08802,0.03247,0.03851,0.02828,0.05782,0.04222,0.03306,0.03009,0.03701,0.03082,0.03333,0.05110
0.09341,0.09203,0.02095,0.01871,0.02058,0.02285,0.03003,0.05358,0.28617,0.03281,0.05327,0.03601,0.03000,0.03278,0.02205,0.02976,0.03410,0.03110,0.03227,0.02754
0.06802,0.04237,0.18012,0.19281,0.05560,0.03759,0.02671,0.04279,0.02383,0.03243,0.04388,0.03091,0.02415,0.03514,0.03198,0.02824,0.02367,0.02819,0.01881,0.03275
0.02634,0.03114,0.03489,0.04586,0.03135,0.13014,0.04026,0.02946,0.09630,0.03941,0.04203,0.08341,0.03619,0.04697,0.03753,0.04783,0.05267,0.05449,0.03838,0.05536
0.03516,0.02732,0.03024,0.04652,0.05492,0.03067,0.13359,0.13257,0.03616,0.03100,0.05291,0.02714,0.11163,0.02711,0.03124,0.03906,0.01998,0.02642,0.02231,0.08403
0.06210,0.02889,0.02690,0.02766,0.01785,0.14579,0.10651,0.03154,0.01813,0.03260,0.09539,0.02526,0.03793,0.03028,0.02810,0.02384,0.01946,0.12879,0.02172,0.09127
0.05687,0.04698,0.01991,0.02271,0.04132,0.02491,0.03439,0.02853,0.40874,0.02895,0.04173,0.02530,0.02058,0.03346,0.02615,0.02602,0.02695,0.02544,0.02799,0.03308
0.05798,0.03911,0.03722,0.05335,0.01983,0.04954,0.13628,0.05074,0.05197,0.04693,0.05617,0.02401,0.03991,0.04221,0.05350,0.02903,0.03183,0.06004,0.03329,0.08706
0.18088,0.17834,0.02839,0.03182,0.01982,0.02973,0.02707,0.04661,0.02112,0.03572,0.04797,0.03462,0.03140,0.03823,0.04789,0.04657,0.04206,0.03245,0.02752,0.05180
0.03136,0.02736,0.04453,0.04394,0.01079,0.04047,0.22899,0.09371,0.08736,0.01933,0.03513,0.01872,0.03087,0.02162,0.02305,0.01831,0.02384,0.04280,0.01618,0.14163
0.04955,0.03761,0.04156,0.05274,0.43947,0.03131,0.02070,0.01659,0.04608,0.02574,0.02166,0.02014,0.02516,0.02438,0.03442,0.02262,0.01842,0.01985,0.01963,0.03237
0.07532,0.05658,0.02978,0.03708,0.28981,0.04173,0.03671,0.03588,0.01439,0.02816,0.06433,0.02652,0.02505,0.04633,0.04298,0.02322,0.02884,0.03425,0.02884,0.03422
0.10180,0.06543,0.04406,0.05500,0.03997,0.03109,0.03842,0.08525,0.02987,0.04569,0.07466,0.05340,0.03767,0.05111,0.03653,0.03520,0.03530,0.04395,0.04218,0.05342
0.02639,0.03131,0.02256,0.03754,0.04240,0.03392,0.02707,0.03861,0.17234,0.03598,0.02883,0.08775,0.04278,0.06362,0.04375,0.05016,0.05566,0.03493,0.04283,0.08157
0.03738,0.03368,0.02418,0.02082,0.03949,0.13511,0.03778,0.02336,0.03091,0.03724,0.05172,0.07864,0.03849,0.06022,0.04511,0.06210,0.03879,0.09155,0.05756,0.05585
0.21182,0.19245,0.03187,0.03707,0.02071,0.02515,0.03038,0.03325,0.02983,0.02808,0.03139,0.03144,0.03591,0.04103,0.04353,0.06328,0.02800,0.02606,0.02398,0.03478
0.05925,0.04096,0.04001,0.04210,0.02079,0.17923,0.03570,0.02576,0.07327,0.07266,0.05350,0.03973,0.02627,0.05724,0.03634,0.02684,0.03603,0.06447,0.03119,0.03865
