0.09448,0.02778,0.02481,0.13802,0.11759,0.01727,0.01378,0.14894,0.12585,0.17186,0.02636,0.01556,0.03147,0.04622
0.14642,0.04255,0.03581,0.06136,0.19090,0.02085,0.03560,0.06315,0.08569,0.07857,0.05227,0.02171,0.01778,0.14735
0.03398,0.03378,0.03536,0.27862,0.03658,0.01695,0.01825,0.03329,0.37640,0.02130,0.06596,0.01875,0.01228,0.01853
0.13848,0.10041,0.02948,0.08129,0.15758,0.03944,0.08315,0.02890,0.07104,0.05077,0.04041,0.03314,0.04312,0.10279
0.03723,0.02897,0.06721,0.02604,0.08531,0.23265,0.01754,0.10651,0.02229,0.07619,0.01214,0.23258,0.01039,0.04493
0.14205,0.02792,0.02386,0.19686,0.16117,0.03122,0.01814,0.03134,0.17050,0.03786,0.04033,0.02312,0.01681,0.07880
0.07434,0.08038,0.03347,0.09120,0.11308,0.07948,0.06933,0.03523,0.03995,0.08827,0.04718,0.08882,0.03729,0.12198
0.09190,0.03968,0.12117,0.03193,0.20259,0.04119,0.02490,0.08532,0.04241,0.21731,0.02755,0.04019,0.01208,0.02176
0.05006,0.05597,0.04819,0.27763,0.05141,0.02720,0.02133,0.02550,0.31153,0.04390,0.02842,0.02890,0.01308,0.01686
0.10248,0.02153,0.04745,0.24222,0.12553,0.02926,0.01184,0.03888,0.23120,0.03842,0.02031,0.02426,0.01604,0.05057
0.06042,0.06178,0.03343,0.09381,0.07268,0.02619,0.04229,0.03255,0.08112,0.04539,0.08314,0.02498,0.11204,0.23018
0.18686,0.05739,0.11537,0.04737,0.13547,0.04443,0.02823,0.09334,0.05549,0.11503,0.03851,0.03370,0.02509,0.02371
0.09910,0.09977,0.06096,0.15169,0.09882,0.05517,0.08854,0.04276,0.13903,0.03008,0.03765,0.04899,0.01282,0.03461
0.13235,0.06181,0.07676,0.19064,0.10067,0.04898,0.04666,0.01699,0.16529,0.02763,0.02197,0.04168,0.01559,0.05299
0.04347,0.06169,0.04504,0.05954,0.07720,0.02994,0.03887,0.07326,0.19219,0.09737,0.14537,0.02364,0.03323,0.07918
0.11760,0.06178,0.04288,0.04885,0.20338,0.09323,0.05285,0.02232,0.02321,0.15234,0.03448,0.08814,0.02031,0.03864
0.04034,0.03902,0.01717,0.20356,0.16256,0.02369,0.02612,0.04786,0.20775,0.14957,0.02243,0.02311,0.01602,0.02080
0.06289,0.07040,0.02670,0.05355,0.23851,0.02613,0.06103,0.05096,0.03518,0.18618,0.01764,0.02152,0.02310,0.12621
0.17059,0.12478,0.08623,0.02090,0.17518,0.03798,0.11653,0.06593,0.01899,0.02999,0.01276,0.03842,0.03429,0.06741
0.06584,0.05823,0.06466,0.10927,0.04833,0.02023,0.06092,0.05166,0.05532,0.03363,0.01897,0.01775,0.02317,0.37201
0.11892,0.02359,0.01938,0.26544,0.15526,0.01617,0.01472,0.02076,0.25235,0.04810,0.02188,0.01209,0.00915,0.02220
0.15892,0.05236,0.03696,0.02655,0.28187,0.08029,0.03899,0.04042,0.01984,0.11276,0.02461,0.08759,0.02000,0.01886
0.17565,0.20727,0.09988,0.03269,0.11231,0.02358,0.14693,0.01562,0.02709,0.01632,0.02350,0.02542,0.06457,0.02917
0.03142,0.02483,0.01101,0.07359,0.16640,0.02009,0.01935,0.03238,0.04798,0.13059,0.02850,0.02524,0.03829,0.35032
0.10566,0.06791,0.07433,0.05658,0.13196,0.03495,0.04726,0.06702,0.14706,0.04476,0.11643,0.03213,0.03495,0.03901
0.02133,0.02439,0.02219,0.09684,0.03121,0.02575,0.01560,0.02868,0.33978,0.03371,0.27873,0.02374,0.02952,0.02854
0.04074,0.03115,0.03934,0.18503,0.03725,0.02196,0.02321,0.05572,0.23742,0.07097,0.17315,0.01358,0.03073,0.03977
0.11775,0.03848,0.04443,0.08404,0.15726,0.09426,0.02458,0.05170,0.04695,0.09880,0.04932,0.09455,0.02910,0.06878
0.03614,0.02410,0.03166,0.09511,0.02917,0.29398,0.02570,0.02818,0.08257,0.02425,0.02043,0.27066,0.01927,0.01878
0.04823,0.03043,0.03533,0.29561,0.02207,0.03484,0.02625,0.02082,0.26740,0.02237,0.09874,0.03344,0.01972,0.04475
0.04918,0.04278,0.04278,0.16935,0.05032,0.09703,0.03085,0.03009,0.07868,0.07208,0.15563,0.10941,0.01941,0.05241
0.18720,0.08292,0.02798,0.09932,0.21394,0.03403,0.07761,0.03121,0.07612,0.05508,0.02129,0.03716,0.01265,0.04349
0.07658,0.05655,0.18248,0.05488,0.07714,0.02755,0.04107,0.19927,0.06495,0.10045,0.03198,0.03171,0.02433,0.03105
0.05612,0.23797,0.03108,0.04168,0.11572,0.01768,0.23325,0.05325,0.03080,0.05929,0.01320,0.01849,0.02902,0.06243
0.05184,0.03417,0.05781,0.04940,0.23079,0.05107,0.02166,0.03727,0.07674,0.23598,0.06503,0.05347,0.01192,0.02286
0.08525,0.03469,0.02838,0.16831,0.08929,0.15945,0.02442,0.02116,0.15747,0.02411,0.01274,0.14953,0.01696,0.02826
0.18653,0.03831,0.01529,0.13906,0.22815,0.03345,0.02876,0.03005,0.10514,0.03570,0.02845,0.03749,0.03563,0.05798
0.06284,0.17941,0.07007,0.10878,0.02390,0.07475,0.17978,0.03645,0.10588,0.02836,0.03680,0.04749,0.01776,0.02772
0.21316,0.11911,0.04361,0.05401,0.20843,0.03434,0.08946,0.02766,0.03343,0.03251,0.04038,0.03027,0.03643,0.03722
0.27673,0.02762,0.03632,0.05242,0.29590,0.02267,0.01540,0.04361,0.03219,0.06308,0.03054,0.02377,0.02048,0.05925
0.13744,0.07746,0.06693,0.07639,0.12175,0.04604,0.05942,0.09892,0.05699,0.07529,0.05677,0.04341,0.02810,0.05509
0.09856,0.03061,0.01985,0.05668,0.13549,0.02399,0.01595,0.18251,0.03818,0.19474,0.03567,0.03131,0.03481,0.10166
0.08556,0.04158,0.05241,0.04734,0.08366,0.20902,0.04453,0.03510,0.03089,0.05324,0.02390,0.20306,0.04093,0.04878
0.09427,0.03239,0.03081,0.14666,0.13010,0.03968,0.01850,0.11201,0.14871,0.10931,0.01657,0.05657,0.01859,0.04583
0.07413,0.08434,0.02573,0.05241,0.09037,0.04922,0.05023,0.17847,0.01307,0.20906,0.04007,0.05535,0.06414,0.01342
0.02509,0.08595,0.03131,0.05354,0.02789,0.18174,0.07692,0.03151,0.12035,0.02992,0.08134,0.19248,0.04297,0.01900
0.31965,0.04659,0.02785,0.02092,0.35103,0.01271,0.03428,0.03169,0.03610,0.04380,0.02601,0.01241,0.01447,0.02247
0.16188,0.06850,0.03954,0.04799,0.19679,0.05100,0.04433,0.07877,0.03853,0.08567,0.02816,0.04094,0.03914,0.07878
0.11809,0.09443,0.14161,0.05583,0.06106,0.10637,0.06672,0.04538,0.07381,0.05896,0.04449,0.09414,0.01514,0.02396
0.21413,0.16886,0.03875,0.02978,0.20662,0.03106,0.15561,0.01380,0.03202,0.01221,0.02463,0.04037,0.01565,0.01651
0.15753,0.05723,0.03206,0.03091,0.28951,0.02859,0.03271,0.05789,0.01727,0.17940,0.01853,0.02829,0.02756,0.04251
0.07552,0.12538,0.03040,0.09985,0.09429,0.07687,0.09602,0.03964,0.07300,0.04613,0.02389,0.07806,0.03189,0.10908
0.19035,0.05737,0.03995,0.04752,0.22517,0.05735,0.03356,0.05770,0.03791,0.07598,0.02581,0.05634,0.02530,0.06969
0.20393,0.05239,0.03649,0.04635,0.24082,0.04705,0.03416,0.05509,0.03906,0.04931,0.03857,0.05130,0.01566,0.08982
0.05592,0.23338,0.08424,0.03453,0.04235,0.05068,0.20622,0.04267,0.05035,0.02510,0.03070,0.06392,0.03004,0.04990
0.17818,0.04392,0.05793,0.07279,0.19902,0.03907,0.02683,0.05022,0.08854,0.08227,0.06933,0.02314,0.01532,0.05344
0.07576,0.05022,0.02208,0.08661,0.09343,0.02738,0.03470,0.02043,0.23444,0.03737,0.23268,0.02823,0.02270,0.03396
0.04555,0.22778,0.03013,0.09838,0.05834,0.03183,0.21534,0.04986,0.09363,0.04678,0.02531,0.02836,0.02646,0.02224
0.03820,0.05150,0.04887,0.05475,0.03206,0.23361,0.03221,0.05921,0.06869,0.05843,0.02374,0.25292,0.02075,0.02506
0.03960,0.13227,0.04060,0.19202,0.03570,0.07180,0.10641,0.01644,0.16931,0.02313,0.04693,0.08365,0.01674,0.02539
0.16806,0.10374,0.03985,0.04042,0.19404,0.10268,0.06643,0.02657,0.02239,0.04896,0.02597,0.08583,0.03503,0.04004
0.08852,0.06956,0.05696,0.16447,0.06134,0.07669,0.06035,0.03573,0.10505,0.05300,0.03108,0.07604,0.04844,0.07278
0.26937,0.06849,0.05480,0.04246,0.25209,0.02737,0.05688,0.02741,0.04676,0.03818,0.02651,0.02311,0.02914,0.03743
0.14254,0.01747,0.13392,0.08599,0.10293,0.01857,0.01737,0.04049,0.07819,0.04682,0.01610,0.02095,0.04494,0.23373
0.11969,0.06358,0.01489,0.15281,0.17282,0.03743,0.03933,0.03356,0.13616,0.08902,0.03284,0.03580,0.01804,0.05402
0.05349,0.03387,0.05170,0.16747,0.05332,0.02735,0.03387,0.05991,0.25722,0.05269,0.13010,0.02358,0.02599,0.02943
0.09720,0.09701,0.03166,0.13208,0.09197,0.09029,0.10271,0.02806,0.08252,0.02428,0.05599,0.08756,0.04124,0.03744
0.13496,0.09297,0.09372,0.02734,0.12491,0.07145,0.08008,0.07133,0.03977,0.06800,0.02578,0.07320,0.02319,0.07330
0.04222,0.06547,0.10913,0.03901,0.05653,0.15491,0.04201,0.13983,0.04619,0.05706,0.04201,0.13781,0.02962,0.03820
0.10169,0.07995,0.01995,0.15451,0.14213,0.02939,0.02695,0.02262,0.02075,0.04368,0.04079,0.05777,0.18199,0.07783
0.04422,0.05719,0.03671,0.15158,0.07508,0.06129,0.02899,0.05268,0.04882,0.07551,0.07987,0.08232,0.12777,0.07797
0.10715,0.16873,0.04932,0.03737,0.13727,0.04653,0.12780,0.04457,0.03014,0.07398,0.02977,0.05146,0.06490,0.03101
0.15249,0.11870,0.03516,0.05583,0.20042,0.02974,0.09228,0.03539,0.04768,0.04539,0.02519,0.03281,0.03680,0.09215
0.18569,0.04112,0.15180,0.03679,0.05655,0.01741,0.04071,0.01933,0.18837,0.03897,0.18110,0.00982,0.01184,0.02050
0.12253,0.02863,0.02043,0.16278,0.16640,0.02201,0.01407,0.03572,0.05521,0.06201,0.04863,0.01742,0.05417,0.18999
0.13663,0.04897,0.07086,0.04067,0.20207,0.03270,0.03094,0.08664,0.09363,0.09841,0.06160,0.04284,0.01927,0.03479
0.09274,0.09665,0.07554,0.06069,0.08667,0.03158,0.08126,0.04021,0.05989,0.03776,0.04014,0.03521,0.02739,0.23426
0.25135,0.02363,0.04252,0.07628,0.28935,0.02144,0.01646,0.03789,0.06499,0.05861,0.02587,0.02648,0.00901,0.05613
0.12649,0.17413,0.12203,0.01434,0.03022,0.00975,0.14675,0.01131,0.04949,0.01244,0.04921,0.00785,0.23724,0.00874
0.06029,0.16898,0.05186,0.08923,0.06579,0.10230,0.16548,0.03239,0.05756,0.04133,0.02891,0.10074,0.01425,0.02088
0.13644,0.04403,0.10895,0.20783,0.02350,0.02738,0.04005,0.01071,0.10806,0.01422,0.20725,0.04025,0.01585,0.01548
0.03664,0.02598,0.08367,0.10170,0.06669,0.01556,0.01916,0.11246,0.05033,0.05998,0.01385,0.01309,0.01004,0.39084
0.10450,0.10518,0.04670,0.07996,0.10396,0.03045,0.08611,0.03801,0.11992,0.04186,0.06234,0.03154,0.05992,0.08956
0.06583,0.05847,0.05948,0.04844,0.05241,0.02210,0.03219,0.02455,0.23796,0.04795,0.23219,0.02225,0.06938,0.02680
0.16163,0.05058,0.06389,0.06730,0.17031,0.02123,0.03237,0.09319,0.07158,0.11285,0.02449,0.02873,0.02878,0.07309
0.16635,0.14029,0.10956,0.03569,0.07400,0.07811,0.12123,0.03810,0.04487,0.03301,0.03047,0.08867,0.01923,0.02043
0.06457,0.28341,0.01259,0.05605,0.07262,0.02357,0.27260,0.02002,0.02813,0.03397,0.02904,0.02215,0.04444,0.03684
0.13170,0.09159,0.01481,0.09461,0.15893,0.01367,0.07614,0.04165,0.05184,0.07148,0.02565,0.01298,0.04706,0.16789
0.07455,0.06240,0.02831,0.10470,0.07950,0.05821,0.05033,0.13074,0.03817,0.12848,0.03531,0.06676,0.06085,0.08168
0.32054,0.03658,0.03618,0.02021,0.35101,0.01403,0.02350,0.03960,0.01757,0.04113,0.01517,0.02137,0.02091,0.04219
0.15862,0.10802,0.12399,0.05193,0.13730,0.04963,0.06721,0.05646,0.06044,0.03741,0.04935,0.05243,0.01970,0.02750
0.03860,0.08461,0.02547,0.10593,0.13328,0.03123,0.06001,0.05181,0.14723,0.13602,0.07263,0.01878,0.07530,0.01910
0.16652,0.01691,0.02561,0.04448,0.23649,0.02510,0.01373,0.08255,0.06121,0.15744,0.07676,0.04127,0.02431,0.02761
0.27630,0.03709,0.04148,0.02165,0.28872,0.07037,0.02411,0.03530,0.02938,0.05913,0.02093,0.05337,0.01953,0.02262
0.12545,0.04060,0.12529,0.03419,0.06294,0.12467,0.03358,0.10720,0.02864,0.09483,0.02215,0.11636,0.03100,0.05309
0.08032,0.02683,0.04919,0.06647,0.24310,0.04108,0.02338,0.06171,0.06881,0.15932,0.03120,0.03933,0.02594,0.08331
0.15579,0.09921,0.05543,0.05407,0.17690,0.02285,0.07772,0.03361,0.03171,0.06663,0.04690,0.02677,0.02804,0.12436
0.07830,0.06106,0.11884,0.14719,0.05496,0.02891,0.05947,0.04390,0.11634,0.05081,0.13648,0.03398,0.04658,0.02318
0.11975,0.13484,0.08726,0.07342,0.07041,0.04511,0.08995,0.02390,0.06274,0.02644,0.04011,0.08645,0.01418,0.12544
0.02693,0.05060,0.03174,0.04766,0.04626,0.25702,0.03510,0.03162,0.04529,0.03770,0.05120,0.23804,0.08442,0.01641
0.11647,0.02010,0.01953,0.12290,0.14893,0.01824,0.01720,0.03166,0.20733,0.06383,0.17941,0.01571,0.01464,0.02405
0.06354,0.08720,0.12265,0.12816,0.04280,0.05428,0.06032,0.12411,0.13513,0.05698,0.02687,0.04414,0.01674,0.03708
0.08510,0.08392,0.03449,0.06555,0.09537,0.05012,0.06480,0.12259,0.06468,0.13501,0.03793,0.06872,0.04035,0.05137
0.11277,0.20621,0.02188,0.05720,0.14263,0.02029,0.18315,0.03860,0.06833,0.03577,0.04746,0.02063,0.01176,0.03331
0.12149,0.07103,0.05881,0.04455,0.08819,0.08955,0.05340,0.06583,0.09097,0.04872,0.06597,0.08399,0.06196,0.05555
0.03090,0.04733,0.03655,0.11116,0.06821,0.19203,0.03548,0.02752,0.10853,0.06231,0.03721,0.16131,0.03990,0.04155
0.32087,0.04522,0.02424,0.03603,0.34833,0.02934,0.02716,0.01465,0.03858,0.02511,0.02879,0.03145,0.00921,0.02101
0.20395,0.08314,0.03272,0.04356,0.24567,0.02750,0.05946,0.04242,0.02791,0.07437,0.03355,0.02737,0.03021,0.06817
0.20942,0.11815,0.02061,0.05500,0.22708,0.01812,0.09523,0.01453,0.04794,0.02175,0.11451,0.01809,0.01774,0.02184
0.05426,0.03355,0.03199,0.12919,0.15094,0.03203,0.02341,0.12193,0.12567,0.17574,0.02286,0.03186,0.02086,0.04570
0.03797,0.03543,0.03798,0.12896,0.18256,0.04394,0.01941,0.06085,0.10494,0.21930,0.04441,0.03750,0.01597,0.03077
0.20093,0.20518,0.04004,0.01677,0.20203,0.01749,0.18859,0.02473,0.01480,0.02800,0.01492,0.01753,0.01399,0.01498
0.18712,0.11164,0.11475,0.05677,0.08877,0.08474,0.09469,0.02489,0.03587,0.02355,0.05720,0.06830,0.02444,0.02726
0.04800,0.02297,0.01843,0.13033,0.20918,0.02743,0.01487,0.08152,0.12436,0.24444,0.01705,0.01695,0.02767,0.01680
0.04927,0.27708,0.02201,0.03087,0.05999,0.01264,0.24446,0.10758,0.02586,0.08353,0.01957,0.01495,0.02743,0.02475
0.05086,0.27285,0.04394,0.06825,0.04478,0.02200,0.27014,0.01754,0.05175,0.04729,0.01785,0.01991,0.01770,0.05514
0.27225,0.04412,0.01977,0.09731,0.28312,0.01762,0.04403,0.02011,0.08273,0.02199,0.03156,0.01793,0.00736,0.04010
0.11214,0.04074,0.07345,0.05266,0.10603,0.19542,0.02888,0.04164,0.04856,0.05360,0.01146,0.18573,0.01500,0.03469
0.15232,0.14178,0.01217,0.09904,0.18361,0.04813,0.11952,0.01554,0.04303,0.02974,0.04755,0.03925,0.02887,0.03947
0.04388,0.02384,0.14524,0.02390,0.07266,0.01885,0.01669,0.31862,0.03766,0.21869,0.02241,0.01717,0.01580,0.02460
0.05271,0.05006,0.02102,0.12939,0.04197,0.20781,0.03312,0.01706,0.03308,0.03659,0.12098,0.19718,0.02167,0.03735
0.08016,0.05943,0.05185,0.06486,0.08478,0.17564,0.05446,0.04584,0.06352,0.06719,0.03734,0.17034,0.02595,0.01863
0.03860,0.05419,0.03416,0.07030,0.04108,0.21609,0.05594,0.02141,0.06508,0.02963,0.03518,0.22297,0.02618,0.08919
0.04756,0.05862,0.05500,0.15851,0.07344,0.09106,0.03797,0.03216,0.19431,0.04632,0.04139,0.13326,0.01165,0.01873
0.31367,0.03543,0.30233,0.04771,0.03463,0.03694,0.02912,0.02361,0.06428,0.02493,0.03190,0.02592,0.01170,0.01782
0.12075,0.02495,0.11775,0.17694,0.04102,0.01722,0.01960,0.03273,0.18020,0.03156,0.07400,0.01585,0.01115,0.13628
0.21859,0.02642,0.21783,0.10697,0.08958,0.02129,0.01654,0.02355,0.10469,0.08703,0.02202,0.01739,0.01954,0.02856
0.08605,0.03097,0.06487,0.03959,0.07060,0.23139,0.02590,0.04907,0.02800,0.04595,0.02183,0.21241,0.06001,0.03335
0.04903,0.06545,0.01446,0.06777,0.06686,0.20031,0.04955,0.05171,0.04697,0.07238,0.01658,0.21045,0.05107,0.03741
0.02138,0.08959,0.01914,0.08025,0.07184,0.02330,0.06877,0.09811,0.02047,0.09680,0.01833,0.02483,0.33867,0.02851
0.06763,0.04307,0.09606,0.04702,0.05944,0.03922,0.04071,0.05743,0.21800,0.05335,0.19640,0.03427,0.02338,0.02403
0.14145,0.10581,0.11515,0.03965,0.09627,0.03658,0.07173,0.03830,0.13137,0.03905,0.10070,0.02980,0.03348,0.02065
0.03983,0.22414,0.02689,0.03653,0.06720,0.02604,0.21006,0.06833,0.04228,0.06753,0.03808,0.01713,0.02661,0.10935
0.02026,0.03570,0.08663,0.02719,0.03742,0.10961,0.01953,0.24076,0.02462,0.13005,0.01372,0.07325,0.11752,0.06374
0.03525,0.03246,0.02396,0.01791,0.06255,0.01597,0.01744,0.23037,0.11674,0.25472,0.12921,0.01336,0.03067,0.01939
0.01708,0.05550,0.16719,0.04511,0.03017,0.11897,0.03434,0.22356,0.02844,0.07139,0.02787,0.06368,0.06670,0.05000
0.10282,0.11641,0.04395,0.02638,0.15163,0.06915,0.09091,0.05777,0.01849,0.05234,0.01923,0.07509,0.15522,0.02059
0.06245,0.15304,0.03339,0.13880,0.06190,0.04096,0.11470,0.03601,0.09749,0.04458,0.02298,0.04605,0.06590,0.08175
0.24873,0.03810,0.18808,0.02399,0.13588,0.02371,0.02124,0.07765,0.07809,0.06577,0.05669,0.01003,0.02073,0.01132
0.05574,0.07124,0.01799,0.26208,0.08223,0.07634,0.07101,0.01311,0.06025,0.05728,0.12739,0.03878,0.03801,0.02855
0.06055,0.05476,0.05820,0.08572,0.07473,0.06096,0.04701,0.17445,0.07276,0.13756,0.01535,0.05837,0.03437,0.06522
0.12810,0.02010,0.02834,0.16125,0.15478,0.09797,0.01270,0.03977,0.15122,0.03508,0.02112,0.10239,0.00961,0.03755
0.03515,0.14304,0.02129,0.11672,0.05964,0.02028,0.11945,0.02443,0.09317,0.03378,0.04577,0.02392,0.16425,0.09910
0.09662,0.08608,0.07100,0.08423,0.08561,0.11085,0.05834,0.05472,0.06834,0.05288,0.01968,0.09330,0.05350,0.06485
0.28796,0.03113,0.17306,0.02090,0.16229,0.01256,0.01629,0.06153,0.05201,0.07456,0.04455,0.01296,0.03088,0.01933
0.05122,0.06359,0.06832,0.18303,0.02803,0.07190,0.06311,0.03567,0.16493,0.03259,0.03721,0.04623,0.05043,0.10375
0.05467,0.14117,0.01538,0.03774,0.09972,0.10625,0.13302,0.06663,0.02585,0.10124,0.01642,0.10078,0.05892,0.04219
0.17126,0.03599,0.04214,0.15292,0.17119,0.02035,0.02271,0.03083,0.11817,0.03688,0.02195,0.01873,0.01208,0.14482
0.17221,0.03545,0.05844,0.04364,0.19934,0.12780,0.02358,0.02337,0.04464,0.04121,0.04557,0.14414,0.01066,0.02995
0.08968,0.07768,0.03931,0.14757,0.08789,0.11765,0.05401,0.02081,0.13304,0.02128,0.05674,0.12053,0.01210,0.02171
0.17823,0.06124,0.20433,0.06746,0.03090,0.05700,0.05243,0.02886,0.04071,0.05658,0.02588,0.03791,0.01840,0.14010
0.06598,0.05953,0.03664,0.19269,0.06543,0.04189,0.04319,0.06084,0.14917,0.08504,0.06244,0.04398,0.03037,0.06280
0.35575,0.02638,0.05794,0.03070,0.31927,0.01028,0.02654,0.03510,0.02606,0.03300,0.02105,0.00801,0.02228,0.02762
0.09285,0.18412,0.07380,0.10200,0.04112,0.04571,0.16935,0.02913,0.11801,0.03687,0.01858,0.03371,0.02887,0.02589
0.07424,0.14863,0.05187,0.19922,0.05197,0.02235,0.12687,0.01947,0.20175,0.03978,0.02099,0.01430,0.01317,0.01540
0.10824,0.05646,0.07427,0.03447,0.07214,0.02254,0.02477,0.01774,0.23011,0.02126,0.24312,0.02851,0.03208,0.03430
0.04249,0.02034,0.03067,0.05600,0.12366,0.19788,0.01273,0.04907,0.03799,0.12490,0.03016,0.17387,0.01998,0.08027
0.03481,0.20303,0.04403,0.04713,0.06370,0.07456,0.18397,0.05159,0.03195,0.06399,0.01311,0.07717,0.03428,0.07667
0.18063,0.09751,0.05572,0.07463,0.17405,0.04226,0.07060,0.04515,0.06439,0.03722,0.05120,0.04041,0.02165,0.04456
0.23287,0.06232,0.05273,0.03763,0.29414,0.03199,0.04122,0.04166,0.02656,0.07710,0.01903,0.02516,0.02536,0.03223
0.23294,0.10243,0.20943,0.03074,0.03868,0.01042,0.07102,0.01918,0.13548,0.01617,0.11006,0.00855,0.00743,0.00746
0.26692,0.08109,0.03668,0.04013,0.30114,0.02504,0.06298,0.01739,0.01954,0.02898,0.02396,0.01727,0.03919,0.03970
0.03404,0.04684,0.01809,0.04390,0.05914,0.27690,0.03781,0.01797,0.03315,0.03706,0.03477,0.30730,0.03790,0.01513
0.21783,0.03711,0.03614,0.12729,0.23336,0.01754,0.01893,0.03172,0.04344,0.02772,0.08810,0.01875,0.00997,0.09209
0.17120,0.10718,0.02195,0.07067,0.18551,0.08512,0.08764,0.02130,0.03893,0.02607,0.03814,0.09594,0.01247,0.03787
0.04317,0.06160,0.02919,0.12305,0.16178,0.05778,0.05196,0.04771,0.10195,0.15123,0.06290,0.04642,0.02080,0.04045
0.14366,0.06191,0.04514,0.09022,0.17191,0.02489,0.04149,0.03303,0.05881,0.05755,0.02624,0.02698,0.05628,0.16188
0.04747,0.07918,0.02583,0.14065,0.05047,0.15203,0.05677,0.01936,0.05903,0.03864,0.11194,0.17799,0.02235,0.01829
0.13373,0.06256,0.03900,0.11613,0.15208,0.04057,0.03706,0.03040,0.15001,0.04509,0.11179,0.03936,0.01793,0.02428
0.26604,0.08190,0.17136,0.03587,0.08361,0.01545,0.07171,0.02591,0.08740,0.03945,0.04727,0.01482,0.03711,0.02209
0.01705,0.04376,0.01130,0.02810,0.02804,0.35657,0.03678,0.01752,0.02847,0.02617,0.01897,0.35513,0.01186,0.02027
0.11669,0.07212,0.04159,0.04560,0.17589,0.03931,0.06432,0.06573,0.03843,0.08086,0.02155,0.03345,0.11649,0.08795
0.04071,0.17001,0.02779,0.13999,0.04363,0.05440,0.17519,0.03691,0.11440,0.02832,0.02614,0.04267,0.02330,0.07655
0.04324,0.02760,0.04831,0.14978,0.03305,0.03145,0.01526,0.07369,0.25768,0.07120,0.16408,0.02758,0.01858,0.03850
0.07160,0.02668,0.02248,0.03506,0.09238,0.27786,0.02134,0.01801,0.02254,0.05291,0.02897,0.27952,0.02242,0.02822
0.17592,0.08126,0.02820,0.13260,0.20700,0.03820,0.06035,0.01905,0.03836,0.03451,0.05063,0.03783,0.04227,0.05382
0.02268,0.06228,0.02342,0.07347,0.03524,0.03787,0.04405,0.03130,0.27671,0.03744,0.24318,0.02857,0.04097,0.04279
0.16671,0.07281,0.05507,0.09612,0.17825,0.03390,0.05219,0.05355,0.10002,0.05150,0.03917,0.03546,0.03197,0.03329
0.10107,0.06408,0.13752,0.08273,0.05916,0.06994,0.03992,0.07149,0.11731,0.03885,0.07609,0.06854,0.03785,0.03543
0.02468,0.11284,0.04747,0.12696,0.06591,0.05735,0.09106,0.04079,0.17856,0.07407,0.06959,0.06980,0.01857,0.02236
0.08889,0.02718,0.02645,0.17701,0.08422,0.10449,0.02158,0.05970,0.04743,0.09386,0.11465,0.07839,0.04193,0.03422
0.10048,0.04316,0.07225,0.05088,0.26097,0.02716,0.03422,0.04427,0.04311,0.19277,0.02606,0.02835,0.01412,0.06220
0.03449,0.07632,0.05524,0.26981,0.02526,0.03241,0.07416,0.04321,0.06951,0.02092,0.20056,0.03059,0.02384,0.04368
0.06890,0.03251,0.01429,0.25965,0.08481,0.06975,0.03108,0.01812,0.11374,0.03537,0.07930,0.05046,0.06365,0.07838
0.02903,0.05236,0.02670,0.25008,0.02382,0.08103,0.03421,0.01791,0.29868,0.02976,0.05140,0.06407,0.02732,0.01364
0.37689,0.01953,0.01124,0.01660,0.39881,0.00962,0.01268,0.01827,0.03973,0.02000,0.03255,0.01104,0.01671,0.01633
0.16713,0.02437,0.03845,0.06552,0.22677,0.07028,0.01378,0.06335,0.04056,0.12030,0.05597,0.06587,0.02011,0.02755
0.18685,0.04340,0.16095,0.10934,0.04017,0.04182,0.05500,0.04331,0.07034,0.07451,0.04133,0.03821,0.03375,0.06104
0.05037,0.04810,0.11626,0.04100,0.06281,0.13742,0.03426,0.14033,0.03933,0.05586,0.03291,0.12822,0.04553,0.06760
0.08488,0.19585,0.03852,0.05805,0.13387,0.04290,0.16050,0.04272,0.04497,0.07450,0.04542,0.04646,0.01355,0.01781
0.11013,0.20183,0.03331,0.08049,0.10377,0.02586,0.15890,0.03017,0.07318,0.04310,0.02932,0.02161,0.02795,0.06039
0.12130,0.05802,0.02025,0.12757,0.14878,0.05620,0.05149,0.07801,0.03560,0.09309,0.05829,0.04487,0.07146,0.03509
0.21929,0.01852,0.03778,0.13427,0.19630,0.01393,0.01182,0.03198,0.09862,0.04325,0.02750,0.01453,0.01169,0.14052
0.05935,0.03851,0.03401,0.24615,0.07052,0.05350,0.02615,0.03077,0.21313,0.03899,0.07802,0.05357,0.01602,0.04131
0.01961,0.02500,0.09342,0.06536,0.23980,0.02024,0.01732,0.09589,0.06296,0.27519,0.01286,0.01863,0.00681,0.04690
0.24461,0.04085,0.04184,0.06588,0.25743,0.02237,0.02363,0.02903,0.05759,0.04351,0.04864,0.01478,0.02610,0.08375
0.14436,0.02544,0.03096,0.02816,0.16567,0.01502,0.01807,0.22619,0.02261,0.21805,0.01853,0.01325,0.02915,0.04454
0.03495,0.04702,0.03483,0.04814,0.06042,0.02612,0.03896,0.15422,0.05154,0.20426,0.05490,0.02488,0.04740,0.17234
0.23611,0.03383,0.17707,0.04251,0.15023,0.04533,0.02654,0.05229,0.04157,0.03587,0.01906,0.06008,0.01012,0.06938
0.04644,0.04057,0.02871,0.15517,0.05890,0.03415,0.02307,0.07553,0.13586,0.11159,0.09902,0.04343,0.04376,0.10381
0.13325,0.05199,0.13452,0.04470,0.10524,0.04347,0.03508,0.03550,0.01980,0.12712,0.02370,0.03555,0.04771,0.16237
0.16173,0.19151,0.01989,0.06873,0.20257,0.03788,0.14426,0.01172,0.01881,0.01916,0.04003,0.04225,0.02358,0.01786
0.10020,0.02339,0.05122,0.10592,0.15967,0.06190,0.01411,0.02486,0.12334,0.07695,0.13356,0.09111,0.00801,0.02577
0.13761,0.18640,0.04462,0.03283,0.16234,0.02853,0.15996,0.01751,0.03122,0.05357,0.02217,0.02394,0.04296,0.05634
0.27862,0.04444,0.03083,0.03097,0.29882,0.01860,0.02663,0.06262,0.04449,0.07487,0.03136,0.01418,0.02442,0.01914
0.04379,0.13375,0.06109,0.11457,0.05177,0.01424,0.11759,0.02450,0.19055,0.02220,0.06164,0.01464,0.07938,0.07028
0.19123,0.03355,0.05313,0.04209,0.22036,0.01521,0.01912,0.11900,0.05927,0.14939,0.03577,0.01492,0.02643,0.02053
0.04970,0.06158,0.02940,0.11450,0.06887,0.12769,0.02909,0.03099,0.08145,0.05003,0.11508,0.17747,0.02172,0.04242
0.12617,0.14673,0.09081,0.03042,0.08859,0.02583,0.10660,0.03036,0.02150,0.04713,0.01309,0.03458,0.08431,0.15387
0.05731,0.03391,0.07037,0.16014,0.07936,0.03377,0.02799,0.05550,0.17954,0.09310,0.06128,0.02564,0.01625,0.10584
0.07238,0.16910,0.07560,0.03399,0.09701,0.04192,0.18001,0.07850,0.02499,0.09152,0.02305,0.04317,0.04212,0.02665
0.12868,0.02328,0.14049,0.04221,0.06765,0.01782,0.01534,0.21849,0.05667,0.20750,0.02030,0.02333,0.01787,0.02036
0.19861,0.03569,0.16592,0.09393,0.09035,0.02777,0.03377,0.04462,0.08937,0.05723,0.02829,0.02505,0.01207,0.09733
0.08208,0.06276,0.05769,0.05289,0.08342,0.04167,0.03544,0.12303,0.05594,0.08248,0.02012,0.03735,0.13602,0.12912
0.09629,0.02737,0.04267,0.24967,0.09895,0.01546,0.02790,0.02498,0.21279,0.03206,0.01164,0.01841,0.01019,0.13164
0.02637,0.09264,0.03233,0.03641,0.11870,0.04241,0.07560,0.12535,0.03337,0.20148,0.02614,0.03823,0.11116,0.03980
0.19703,0.10550,0.16694,0.03839,0.06310,0.05712,0.10696,0.01730,0.03141,0.02933,0.01996,0.05348,0.02750,0.08600
0.19700,0.04758,0.13272,0.07144,0.16973,0.02743,0.03814,0.04482,0.07233,0.08346,0.03946,0.02009,0.02069,0.03512
0.21710,0.02769,0.03800,0.16070,0.21867,0.01721,0.01922,0.01881,0.14078,0.02266,0.02865,0.01944,0.01530,0.05577
0.03542,0.11246,0.03508,0.24716,0.02448,0.04171,0.09227,0.01561,0.22464,0.01571,0.06356,0.04302,0.02835,0.02052
0.20506,0.05100,0.03436,0.09549,0.21639,0.01310,0.05324,0.02545,0.04968,0.03855,0.04692,0.01723,0.01961,0.13392
0.10287,0.01506,0.04199,0.12434,0.08971,0.19976,0.01175,0.02174,0.11515,0.02226,0.01033,0.19124,0.00763,0.04615
0.20057,0.03679,0.10819,0.08934,0.16564,0.05937,0.03380,0.02543,0.06052,0.02703,0.04360,0.06471,0.02942,0.05558
0.04758,0.04850,0.04248,0.21681,0.06247,0.01563,0.03190,0.03304,0.18787,0.05673,0.03776,0.02195,0.06721,0.13006
0.02157,0.01902,0.01676,0.15475,0.00906,0.01305,0.01198,0.18394,0.15785,0.23451,0.08935,0.00906,0.06483,0.01426
0.17648,0.05849,0.04883,0.06801,0.22855,0.07942,0.02424,0.04010,0.04786,0.05341,0.02239,0.07889,0.03277,0.04054
0.05250,0.04088,0.03169,0.13622,0.06309,0.12513,0.03231,0.04264,0.12362,0.06767,0.08176,0.14383,0.02934,0.02932
0.02673,0.02766,0.01071,0.04469,0.03232,0.36247,0.02265,0.01695,0.02776,0.02212,0.02031,0.36105,0.01325,0.01132
0.02921,0.06589,0.02365,0.04342,0.04249,0.03638,0.05840,0.02026,0.11658,0.02565,0.10660,0.04289,0.36446,0.02410
0.21336,0.13157,0.02280,0.01673,0.24403,0.01435,0.11634,0.02651,0.02812,0.04183,0.02108,0.01510,0.04435,0.06382
0.09756,0.07183,0.06846,0.09467,0.12210,0.06950,0.05618,0.05509,0.09332,0.10546,0.03978,0.05946,0.02292,0.04367
0.07304,0.05225,0.16429,0.02737,0.14841,0.05817,0.03967,0.05309,0.02944,0.15485,0.03273,0.04862,0.02398,0.09409
0.06291,0.16356,0.05483,0.10443,0.05716,0.04154,0.08860,0.03360,0.15137,0.02429,0.04806,0.09360,0.01872,0.05732
0.03223,0.04346,0.03149,0.07758,0.06395,0.19463,0.04019,0.06026,0.05707,0.08508,0.03542,0.19827,0.03923,0.04114
0.03509,0.01970,0.02451,0.38788,0.02422,0.01825,0.01202,0.01272,0.04436,0.01340,0.33232,0.01773,0.01842,0.03936
0.14360,0.04896,0.01867,0.20379,0.15725,0.02337,0.03586,0.02146,0.18940,0.02667,0.04090,0.02643,0.02067,0.04296
0.09559,0.03555,0.08622,0.25257,0.03034,0.04952,0.02636,0.01954,0.25459,0.01640,0.01351,0.06948,0.02610,0.02425
0.20603,0.04462,0.06959,0.04525,0.25905,0.05543,0.02502,0.08343,0.02551,0.04498,0.03177,0.05565,0.02084,0.03283
0.10180,0.02421,0.07320,0.13516,0.03214,0.01476,0.02010,0.02321,0.26530,0.02165,0.22310,0.01806,0.00946,0.03784
0.03269,0.05668,0.02731,0.04553,0.28567,0.03365,0.04017,0.01455,0.05118,0.27700,0.02383,0.03563,0.04817,0.02793
0.10663,0.01626,0.03326,0.03001,0.14326,0.01479,0.01090,0.24604,0.03512,0.25307,0.03084,0.01711,0.02498,0.03771
0.15044,0.16458,0.08903,0.05294,0.13652,0.04634,0.11985,0.02627,0.04595,0.04671,0.01902,0.03224,0.02872,0.04140
0.02800,0.24279,0.09978,0.03095,0.04796,0.02795,0.21832,0.09949,0.01983,0.05934,0.02794,0.01600,0.02463,0.05703
0.20319,0.18640,0.01758,0.02971,0.24482,0.00789,0.16494,0.01563,0.02542,0.01931,0.01818,0.01302,0.03070,0.02321
0.07545,0.02700,0.02878,0.03635,0.14717,0.18561,0.02333,0.03709,0.02017,0.09635,0.03115,0.19314,0.01699,0.08144
0.10285,0.02938,0.04023,0.04112,0.13302,0.02162,0.01677,0.11165,0.12188,0.15289,0.18641,0.01586,0.01348,0.01283
0.25979,0.03583,0.05691,0.06274,0.25944,0.01482,0.02691,0.02490,0.04880,0.03105,0.03249,0.01298,0.02064,0.11272
0.10955,0.08558,0.03418,0.06257,0.16203,0.06519,0.04757,0.04865,0.06277,0.08478,0.05572,0.09489,0.02822,0.05831
0.13488,0.19524,0.04617,0.04523,0.14338,0.03346,0.18541,0.03165,0.03177,0.04038,0.02454,0.03205,0.01663,0.03922
0.02467,0.28435,0.01779,0.03513,0.07072,0.01884,0.27039,0.04150,0.02799,0.07330,0.02008,0.02159,0.02406,0.06958
0.04638,0.02044,0.03505,0.02483,0.05671,0.01112,0.01369,0.04389,0.32229,0.04582,0.32693,0.00928,0.02408,0.01949
0.11457,0.03822,0.05826,0.18331,0.12778,0.03627,0.02021,0.03321,0.15552,0.05346,0.02362,0.03712,0.03348,0.08496
0.10214,0.09513,0.03983,0.04766,0.14070,0.09568,0.06873,0.05389,0.04201,0.05882,0.03478,0.11491,0.08436,0.02136
0.05027,0.30574,0.06722,0.02309,0.03125,0.03601,0.30794,0.01977,0.02927,0.02615,0.03112,0.03375,0.02285,0.01558
0.13386,0.06944,0.03100,0.11265,0.10252,0.05297,0.04740,0.05686,0.05669,0.05167,0.02408,0.04641,0.02467,0.18979
0.03563,0.07240,0.01422,0.16151,0.13398,0.07909,0.06103,0.05073,0.02733,0.13108,0.08176,0.07862,0.04611,0.02650
0.08455,0.06152,0.03248,0.20602,0.11446,0.03827,0.03414,0.03252,0.20855,0.05688,0.03099,0.03909,0.01835,0.04218
0.13784,0.04059,0.02315,0.05908,0.21137,0.04626,0.02153,0.06206,0.02915,0.10644,0.03200,0.04692,0.04485,0.13876
0.23330,0.06300,0.02773,0.06693,0.26977,0.02753,0.05244,0.02346,0.04507,0.05106,0.01463,0.04668,0.02042,0.05798
0.01798,0.03696,0.01750,0.36189,0.02334,0.02154,0.02315,0.02212,0.37893,0.03316,0.02172,0.01629,0.01078,0.01465
0.08496,0.05252,0.03837,0.03702,0.09294,0.01357,0.03380,0.04719,0.21920,0.05755,0.23651,0.01704,0.01881,0.05051
0.03340,0.04900,0.05564,0.04793,0.14154,0.04430,0.03905,0.15968,0.04551,0.22630,0.01903,0.03456,0.03399,0.07007
0.14682,0.11131,0.04436,0.08007,0.18618,0.03129,0.08986,0.02421,0.08757,0.03938,0.06694,0.04503,0.01952,0.02748
0.21500,0.03962,0.19424,0.11253,0.04439,0.02024,0.02579,0.02574,0.08286,0.03339,0.05889,0.02210,0.04297,0.08224
0.03116,0.02866,0.23850,0.02393,0.03920,0.11000,0.02152,0.25810,0.02419,0.04595,0.01353,0.10439,0.01000,0.05087
0.08219,0.18808,0.02471,0.12040,0.10832,0.04977,0.18240,0.02392,0.10248,0.03124,0.01708,0.04759,0.00927,0.01255
0.01469,0.32382,0.01273,0.01919,0.03402,0.03680,0.28146,0.01506,0.05926,0.02501,0.05114,0.03345,0.08385,0.00951
0.11582,0.02545,0.12504,0.03302,0.03932,0.03056,0.01935,0.12316,0.13983,0.13227,0.11882,0.02138,0.02694,0.04904
0.06007,0.03750,0.14888,0.01931,0.20097,0.03095,0.02917,0.14342,0.04333,0.19643,0.02927,0.03111,0.01533,0.01428
0.12271,0.06311,0.05587,0.13700,0.13646,0.05786,0.05102,0.04502,0.09117,0.07330,0.05487,0.04057,0.01943,0.05160
0.05487,0.04361,0.01958,0.05426,0.06056,0.30411,0.03511,0.01903,0.03609,0.02092,0.01595,0.29956,0.01084,0.02549
0.08853,0.09721,0.02566,0.09916,0.09766,0.07698,0.05316,0.09502,0.07319,0.09551,0.04194,0.07601,0.05453,0.02544
0.07569,0.21901,0.04834,0.06349,0.09371,0.03101,0.18145,0.03735,0.04330,0.04624,0.02998,0.03046,0.01449,0.08546
0.07102,0.07194,0.05260,0.04246,0.05666,0.22838,0.05614,0.01731,0.04934,0.05364,0.02386,0.23110,0.02102,0.02453
0.15767,0.02967,0.18553,0.05090,0.04530,0.04145,0.02284,0.15615,0.06194,0.07793,0.04761,0.04074,0.03091,0.05137
0.03283,0.01942,0.03690,0.31050,0.03092,0.05547,0.01546,0.04317,0.07151,0.06415,0.21018,0.02826,0.06237,0.01884
0.07901,0.06801,0.05970,0.06676,0.12369,0.03045,0.03940,0.12694,0.08890,0.18246,0.03933,0.03151,0.03579,0.02803
0.11951,0.06150,0.04250,0.04651,0.18268,0.07719,0.03749,0.07776,0.04170,0.06995,0.02694,0.06791,0.04434,0.10401
0.03150,0.02114,0.02031,0.36210,0.03863,0.01260,0.01455,0.02053,0.38120,0.02412,0.03807,0.01166,0.00815,0.01542
0.14195,0.17797,0.02618,0.06804,0.14654,0.03356,0.16814,0.02113,0.07644,0.02631,0.03443,0.03601,0.01992,0.02338
0.23210,0.02037,0.19714,0.12384,0.03795,0.01284,0.01752,0.01624,0.13116,0.02563,0.06195,0.01168,0.00900,0.10259
0.08157,0.08680,0.10884,0.06004,0.07108,0.10903,0.04661,0.05167,0.08802,0.05871,0.06397,0.12444,0.01982,0.02940
0.04153,0.04867,0.01575,0.11526,0.05007,0.23203,0.03055,0.02500,0.01482,0.04156,0.07680,0.22634,0.06442,0.01721
0.11948,0.06080,0.05190,0.05643,0.13802,0.01710,0.03787,0.13809,0.04370,0.16445,0.03424,0.01782,0.04758,0.07253
0.08197,0.03340,0.07224,0.04152,0.08116,0.02140,0.02035,0.05586,0.23854,0.06570,0.22592,0.01636,0.02439,0.02120
0.02605,0.33365,0.01697,0.03125,0.04826,0.04573,0.32914,0.01685,0.01428,0.03718,0.01358,0.03675,0.01808,0.03222
0.07178,0.09107,0.02520,0.21697,0.06058,0.05422,0.05395,0.03050,0.07776,0.04751,0.16855,0.03694,0.04827,0.01670
0.28630,0.03318,0.03121,0.04019,0.32235,0.02500,0.02717,0.03436,0.03301,0.05710,0.04112,0.02374,0.02028,0.02497
0.33090,0.02688,0.01486,0.03111,0.34220,0.00917,0.01317,0.01556,0.07129,0.01815,0.08756,0.00654,0.01171,0.02090
0.16797,0.03484,0.07563,0.04186,0.16190,0.01467,0.01596,0.03950,0.15881,0.05128,0.18659,0.01225,0.01580,0.02293
0.10229,0.08978,0.05437,0.06957,0.09572,0.02281,0.07361,0.04851,0.07137,0.05674,0.06298,0.02015,0.06215,0.16994
0.19930,0.08106,0.08415,0.06674,0.19340,0.03017,0.03788,0.06048,0.03374,0.03649,0.04788,0.02090,0.06857,0.03925
0.02389,0.02822,0.35375,0.01380,0.03281,0.04660,0.01942,0.34929,0.01522,0.03598,0.00631,0.05292,0.00911,0.01269
0.18466,0.09003,0.04337,0.04597,0.23021,0.02063,0.04651,0.05380,0.04041,0.06990,0.01868,0.02936,0.01101,0.11546
0.15751,0.04405,0.14520,0.03359,0.02670,0.01668,0.04634,0.02107,0.22121,0.01462,0.20235,0.01432,0.03698,0.01939
0.27062,0.03265,0.03656,0.04732,0.30333,0.03905,0.02209,0.04487,0.03355,0.05067,0.03506,0.03735,0.01608,0.03081
0.10912,0.06162,0.21022,0.05974,0.06437,0.03223,0.05848,0.11324,0.08950,0.03763,0.04804,0.02970,0.04952,0.03660
0.04965,0.05302,0.05693,0.10163,0.04211,0.05482,0.02722,0.10812,0.12996,0.09947,0.04971,0.06006,0.12629,0.04102
0.03884,0.02244,0.07287,0.02156,0.03720,0.34230,0.01312,0.02672,0.02837,0.02389,0.00927,0.32634,0.01768,0.01941
0.03198,0.35251,0.01261,0.02910,0.04295,0.01874,0.31898,0.02042,0.04854,0.02375,0.03999,0.01703,0.03007,0.01330
