0.38096,0.22380,0.19759,0.19765
0.30458,0.30604,0.19603,0.19335
0.28443,0.28830,0.21089,0.21638
0.31380,0.31562,0.18752,0.18305
0.25592,0.26121,0.23968,0.24319
0.27521,0.27586,0.22265,0.22627
0.20385,0.20968,0.29001,0.29645
0.23047,0.23554,0.26678,0.26720
0.29607,0.30175,0.19861,0.20357
0.34068,0.34346,0.15692,0.15895
0.17482,0.17837,0.32566,0.32115
0.26418,0.26742,0.23260,0.23580
0.20574,0.21308,0.29156,0.28962
0.27002,0.27483,0.22811,0.22703
0.22591,0.23305,0.27022,0.27083
0.30392,0.16005,0.26911,0.26692
0.32102,0.27705,0.20070,0.20123
0.23032,0.22898,0.26970,0.27100
0.24401,0.24478,0.25498,0.25623
0.23252,0.21421,0.27627,0.27700
0.34492,0.35034,0.15308,0.15166
0.30881,0.31314,0.18755,0.19049
0.28406,0.29326,0.21415,0.20853
0.22161,0.22053,0.28082,0.27703
0.26639,0.40429,0.16490,0.16442
0.20214,0.17762,0.30862,0.31162
0.32084,0.32266,0.17782,0.17869
0.28613,0.29691,0.20881,0.20815
0.31151,0.27888,0.20068,0.20893
0.35412,0.35597,0.14383,0.14608
0.31861,0.31725,0.18220,0.18194
0.17458,0.17555,0.32366,0.32621
0.29256,0.29341,0.20599,0.20804
0.17516,0.17505,0.32553,0.32426
0.20508,0.20821,0.29454,0.29218
0.15225,0.15622,0.34602,0.34551
0.28659,0.28941,0.21075,0.21325
0.33010,0.33238,0.16941,0.16811
0.30978,0.31078,0.18879,0.19065
0.34212,0.34337,0.15598,0.15852
0.22367,0.22622,0.27305,0.27705
0.31318,0.31577,0.18540,0.18564
0.17477,0.17678,0.32415,0.32430
0.17849,0.18041,0.32360,0.31750
0.25413,0.25648,0.24458,0.24481
0.24909,0.24862,0.25020,0.25210
0.13499,0.13668,0.36538,0.36295
0.30216,0.30442,0.19548,0.19795
0.24194,0.25151,0.25049,0.25607
0.33378,0.33885,0.16157,0.16580
0.25041,0.19557,0.27768,0.27635
0.26418,0.26372,0.23291,0.23919
0.25827,0.26334,0.23815,0.24025
0.14061,0.26900,0.29657,0.29382
0.20263,0.20267,0.29645,0.29824
0.21765,0.21653,0.28391,0.28190
0.31996,0.32583,0.17621,0.17800
0.27881,0.22066,0.24919,0.25135
0.26910,0.27552,0.22694,0.22843
0.20540,0.21465,0.28998,0.28997
0.30334,0.30567,0.19296,0.19803
0.22177,0.22393,0.27693,0.27736
0.19446,0.20412,0.30083,0.30059
0.25461,0.25345,0.24767,0.24426
0.21964,0.22062,0.28054,0.27920
0.24852,0.25195,0.24767,0.25186
0.24712,0.25504,0.24880,0.24905
0.19778,0.19981,0.30138,0.30103
0.17192,0.17354,0.32908,0.32545
0.22117,0.17343,0.30195,0.30344
0.14507,0.14808,0.35508,0.35178
0.22002,0.22041,0.27939,0.28018
0.16803,0.16941,0.33362,0.32894
0.34974,0.07034,0.28956,0.29037
0.32029,0.32124,0.17437,0.18410
0.11836,0.11731,0.38415,0.38018
0.20530,0.21197,0.29055,0.29218
0.19790,0.20131,0.29970,0.30108
0.34120,0.33639,0.16023,0.16219
0.28911,0.29653,0.20300,0.21136
0.25754,0.26301,0.24080,0.23866
0.18200,0.18467,0.31717,0.31616
0.19406,0.19554,0.30535,0.30505
0.27950,0.24156,0.23937,0.23956
0.20855,0.20892,0.29175,0.29078
0.29285,0.30785,0.19882,0.20047
0.33096,0.18995,0.24047,0.23861
0.19263,0.48920,0.16023,0.15794
0.27495,0.28143,0.22117,0.22245
0.14240,0.14625,0.35875,0.35260
0.12305,0.12488,0.37729,0.37478
0.24628,0.24975,0.25172,0.25225
0.09566,0.09494,0.40595,0.40344
0.26207,0.26863,0.23358,0.23571
0.30133,0.30543,0.19603,0.19720
0.29999,0.29761,0.20140,0.20100
0.27277,0.27294,0.22565,0.22863
0.23175,0.23299,0.26643,0.26883
0.17124,0.17348,0.32831,0.32697
0.30236,0.30486,0.19467,0.19811
0.24722,0.25380,0.24949,0.24949
0.22219,0.22401,0.27604,0.27775
0.27907,0.28731,0.21773,0.21588
0.17964,0.18325,0.31847,0.31864
0.33966,0.33915,0.16171,0.15947
0.18728,0.26699,0.27056,0.27518
0.24231,0.24396,0.25532,0.25842
0.22165,0.22455,0.27882,0.27497
0.30206,0.30461,0.19444,0.19888
0.23526,0.24268,0.25970,0.26237
0.27199,0.27451,0.22793,0.22557
0.23628,0.24123,0.26086,0.26162
0.28000,0.27722,0.22339,0.21939
0.28053,0.27852,0.21875,0.22220
0.07774,0.43148,0.24530,0.24548
0.26325,0.26465,0.23553,0.23656
0.25258,0.25538,0.24572,0.24632
0.33700,0.33451,0.16402,0.16447
0.28141,0.29030,0.21503,0.21325
0.30960,0.30981,0.18949,0.19110
0.31289,0.31926,0.18061,0.18724
0.10217,0.09732,0.40025,0.40026
0.29328,0.29084,0.20975,0.20614
0.27288,0.18453,0.27026,0.27232
0.23394,0.23719,0.26474,0.26413
0.16063,0.38568,0.22866,0.22502
0.15018,0.15280,0.34776,0.34926
0.30827,0.31222,0.18861,0.19089
0.24871,0.24831,0.25047,0.25251
0.24025,0.24107,0.25908,0.25960
0.23286,0.23464,0.26501,0.26749
0.21649,0.11734,0.33358,0.33258
0.35521,0.24379,0.19692,0.20408
0.26857,0.27472,0.22701,0.22970
0.26081,0.26139,0.23973,0.23806
0.31044,0.31611,0.18435,0.18910
0.20391,0.20432,0.29716,0.29461
0.28994,0.15004,0.27950,0.28052
0.21665,0.21894,0.28208,0.28233
0.26249,0.26653,0.23641,0.23457
0.32262,0.32940,0.17338,0.17460
0.22591,0.23118,0.27296,0.26994
0.10941,0.11461,0.38953,0.38646
0.20699,0.20998,0.29173,0.29130
0.31828,0.32060,0.18076,0.18036
0.19372,0.19139,0.30680,0.30809
0.19331,0.19349,0.30689,0.30631
0.18838,0.19206,0.30902,0.31054
0.30395,0.30796,0.19418,0.19391
0.21230,0.21747,0.28811,0.28212
0.32744,0.32871,0.17182,0.17202
0.12842,0.13224,0.37427,0.36507
0.16959,0.17085,0.33077,0.32879
0.28657,0.28371,0.21511,0.21461
0.29738,0.29796,0.20112,0.20354
0.18420,0.32322,0.24576,0.24682
0.12226,0.34677,0.26528,0.26568
0.38621,0.14307,0.23290,0.23782
0.24987,0.25478,0.24659,0.24875
0.26497,0.27292,0.23084,0.23127
0.23964,0.24430,0.25764,0.25842
0.24566,0.24769,0.25445,0.25220
0.22632,0.23200,0.26829,0.27338
0.17896,0.17851,0.32163,0.32091
0.11007,0.38856,0.25243,0.24893
0.22728,0.22690,0.27298,0.27285
0.18683,0.28510,0.26037,0.26771
0.24174,0.24592,0.25498,0.25736
0.26878,0.27246,0.23051,0.22825
0.14902,0.15744,0.34664,0.34690
0.29442,0.25858,0.22283,0.22417
0.13989,0.13102,0.36420,0.36489
0.24122,0.24747,0.25407,0.25724
0.27156,0.27374,0.22623,0.22847
0.32149,0.32147,0.17721,0.17983
0.36260,0.36500,0.13558,0.13683
0.18824,0.18837,0.31016,0.31323
0.30078,0.30459,0.19755,0.19707
0.25180,0.28975,0.22694,0.23152
0.22477,0.22427,0.27418,0.27677
0.26151,0.26465,0.23629,0.23754
0.22515,0.22370,0.27581,0.27534
0.22838,0.23335,0.26945,0.26881
0.28710,0.28740,0.21154,0.21396
0.31906,0.28544,0.19681,0.19869
0.31454,0.31712,0.18396,0.18439
0.19962,0.19721,0.30058,0.30259
0.32989,0.32679,0.17007,0.17324
0.25098,0.25153,0.24894,0.24856
0.25645,0.26444,0.23744,0.24167
0.22462,0.22120,0.27825,0.27593
0.12518,0.28543,0.29480,0.29459
0.24203,0.24006,0.25775,0.26017
0.20444,0.20941,0.29398,0.29217
0.19094,0.19474,0.30498,0.30934
0.23448,0.23621,0.26548,0.26383
0.10126,0.09916,0.40015,0.39942
0.21638,0.22179,0.28221,0.27961
0.24908,0.25216,0.24759,0.25116
0.25173,0.25284,0.24679,0.24865
0.21126,0.21489,0.28662,0.28723
0.22447,0.22663,0.27484,0.27406
0.23723,0.23724,0.26397,0.26156
0.23459,0.23378,0.26127,0.27036
0.24826,0.25164,0.25305,0.24705
0.27857,0.28360,0.21931,0.21852
0.28854,0.29236,0.20819,0.21091
0.22109,0.22188,0.27869,0.27835
0.16463,0.17079,0.33239,0.33218
0.29045,0.29350,0.20813,0.20792
0.25617,0.26383,0.24078,0.23922
0.28312,0.28850,0.21218,0.21620
0.22027,0.22090,0.27930,0.27954
0.24374,0.24497,0.25564,0.25565
0.19403,0.19453,0.30650,0.30494
0.32549,0.32947,0.17201,0.17304
0.27040,0.27008,0.22876,0.23076
0.28327,0.28050,0.21786,0.21836
0.31788,0.32093,0.17928,0.18191
0.21371,0.21525,0.28840,0.28263
0.21021,0.20978,0.28774,0.29227
0.35314,0.23857,0.20387,0.20442
0.15036,0.50930,0.16818,0.17217
0.22805,0.22963,0.27161,0.27071
0.25554,0.25356,0.24550,0.24539
0.34253,0.35051,0.15239,0.15457
0.22355,0.23068,0.27389,0.27188
0.25926,0.25654,0.24161,0.24259
0.25771,0.26076,0.23910,0.24243
0.25694,0.25703,0.24207,0.24396
0.30753,0.14435,0.27256,0.27555
0.18734,0.18936,0.31347,0.30983
0.29184,0.29498,0.20747,0.20571
0.32856,0.33477,0.16894,0.16773
0.27389,0.27383,0.22478,0.22749
0.30409,0.31078,0.19299,0.19215
0.27115,0.27201,0.22659,0.23025
0.11259,0.49046,0.19820,0.19875
0.21240,0.29239,0.24815,0.24706
0.20012,0.19959,0.29798,0.30231
0.28382,0.28761,0.21615,0.21242
0.25456,0.25678,0.24676,0.24190
0.20775,0.21068,0.29176,0.28981
0.29337,0.29889,0.20285,0.20489
0.21759,0.21626,0.28289,0.28326
0.15071,0.15249,0.35006,0.34674
0.28630,0.28553,0.21154,0.21663
0.16574,0.16609,0.33650,0.33167
0.21563,0.21849,0.28186,0.28402
0.22150,0.22676,0.27498,0.27676
0.25835,0.26198,0.23976,0.23990
0.23135,0.23268,0.26954,0.26644
0.16060,0.16313,0.33736,0.33890
0.30724,0.31238,0.19007,0.19031
0.17733,0.17547,0.32242,0.32478
0.29097,0.29244,0.20656,0.21003
0.35301,0.26751,0.18764,0.19183
0.19085,0.19897,0.30618,0.30400
0.23750,0.24065,0.25929,0.26257
0.18511,0.18460,0.31665,0.31364
0.25872,0.26101,0.23959,0.24067
0.24828,0.25197,0.25112,0.24862
0.40355,0.19706,0.19832,0.20107
0.25089,0.33793,0.20483,0.20635
0.10566,0.10337,0.39563,0.39534
0.31845,0.32239,0.17870,0.18046
0.10549,0.10547,0.39601,0.39303
0.19695,0.20149,0.30138,0.30018
0.26102,0.26870,0.23321,0.23706
0.37491,0.37738,0.12373,0.12398
0.29017,0.28920,0.20857,0.21207
0.44248,0.20446,0.17631,0.17674
0.31378,0.31682,0.18561,0.18378
0.35862,0.35802,0.14057,0.14279
0.19351,0.19946,0.30210,0.30492
0.33030,0.33761,0.16456,0.16754
0.25258,0.25266,0.24835,0.24641
0.25339,0.25402,0.24518,0.24742
0.27554,0.27530,0.22403,0.22513
0.12504,0.12543,0.37540,0.37413
0.31549,0.31583,0.18253,0.18615
0.28913,0.28891,0.20911,0.21284
0.28852,0.29255,0.20906,0.20987
0.32692,0.32718,0.17036,0.17553
0.17580,0.17608,0.32759,0.32053
0.17015,0.17071,0.33058,0.32856
0.28355,0.28855,0.21072,0.21718
0.31953,0.32349,0.17590,0.18108
0.25583,0.25967,0.24342,0.24109
0.21019,0.21325,0.28819,0.28836
0.18610,0.18532,0.31615,0.31243
0.18490,0.18617,0.31489,0.31404
0.29580,0.29800,0.20271,0.20350
0.25272,0.25622,0.24641,0.24464
0.28520,0.28403,0.21335,0.21742
0.22765,0.27426,0.24942,0.24868
0.26606,0.27662,0.22544,0.23188
0.27510,0.27727,0.22416,0.22347
0.28273,0.25015,0.23312,0.23399
0.31962,0.31598,0.18196,0.18244
