0.02855,0.01994,0.08732,0.16493,0.05633,0.05143,0.05254,0.03574,0.05534,0.01705,0.02484,0.04005,0.02122,0.02261,0.19147,0.04126,0.02962,0.00648,0.00601,0.04727
0.03222,0.01851,0.09501,0.04489,0.00989,0.04545,0.06399,0.16147,0.10355,0.05228,0.08353,0.07072,0.01882,0.03132,0.04295,0.06960,0.01131,0.00544,0.00661,0.03245
0.02459,0.01515,0.19183,0.01753,0.00803,0.02175,0.08891,0.15089,0.01449,0.07656,0.06836,0.09449,0.01110,0.00751,0.01612,0.08422,0.07619,0.01507,0.00728,0.00993
0.01423,0.03130,0.22828,0.00807,0.04393,0.04264,0.00820,0.26573,0.01256,0.02139,0.14161,0.01667,0.01188,0.01553,0.02037,0.05567,0.01276,0.00720,0.03081,0.01117
0.01217,0.02582,0.21673,0.02342,0.06168,0.04601,0.02737,0.13518,0.04759,0.01950,0.04910,0.01891,0.01542,0.06712,0.03045,0.09410,0.02431,0.00741,0.01512,0.06256
0.04899,0.01853,0.06139,0.16015,0.02098,0.01412,0.02770,0.05275,0.02035,0.05190,0.08494,0.02948,0.03411,0.03477,0.15617,0.06850,0.07475,0.01404,0.01736,0.00902
0.04446,0.10924,0.10891,0.03202,0.08658,0.08049,0.02890,0.02624,0.10688,0.02534,0.01250,0.02618,0.03557,0.02185,0.07037,0.06667,0.01554,0.07236,0.00812,0.02176
0.02726,0.02922,0.05210,0.01016,0.03345,0.01873,0.02536,0.06126,0.29452,0.02304,0.02443,0.02053,0.04693,0.17793,0.05517,0.03139,0.01711,0.02803,0.01410,0.00929
0.01047,0.02617,0.06191,0.04798,0.04702,0.06553,0.01874,0.02854,0.06776,0.19116,0.02291,0.02259,0.02615,0.08410,0.01909,0.04657,0.01130,0.02963,0.16474,0.00764
0.00853,0.01220,0.03877,0.16128,0.01694,0.01054,0.02442,0.03741,0.05894,0.02054,0.01156,0.01920,0.03483,0.13879,0.20521,0.00790,0.00954,0.01634,0.14952,0.01754
0.01728,0.03381,0.09402,0.01052,0.01626,0.06316,0.10722,0.02234,0.04087,0.07881,0.03781,0.16373,0.05106,0.04820,0.04863,0.06874,0.01924,0.02019,0.05409,0.00405
0.06209,0.11665,0.02491,0.02123,0.01525,0.02267,0.08830,0.04524,0.14835,0.03649,0.01522,0.02946,0.05443,0.15993,0.02372,0.03454,0.02145,0.02927,0.04460,0.00621
0.02784,0.01931,0.17040,0.01937,0.05025,0.06508,0.02292,0.23731,0.01041,0.09783,0.08407,0.03250,0.01184,0.01845,0.01673,0.02754,0.05402,0.00416,0.02417,0.00580
0.01002,0.02980,0.03168,0.00820,0.14851,0.11787,0.00946,0.03295,0.01354,0.03605,0.16421,0.02681,0.00743,0.12925,0.00562,0.09627,0.00673,0.01256,0.10159,0.01146
0.01929,0.01404,0.23862,0.01440,0.02691,0.03235,0.03522,0.25211,0.02879,0.04257,0.02645,0.01447,0.02715,0.05016,0.04052,0.03347,0.00612,0.01642,0.07542,0.00554
0.00897,0.04293,0.18965,0.00885,0.02143,0.03669,0.00858,0.29714,0.01946,0.04457,0.12009,0.03354,0.01334,0.04491,0.00857,0.01887,0.01464,0.02991,0.02550,0.01236
0.03632,0.11526,0.03423,0.02594,0.04033,0.03838,0.02025,0.00894,0.07530,0.02776,0.13962,0.02799,0.01429,0.02781,0.04377,0.15705,0.00748,0.10536,0.01467,0.03923
0.02417,0.01467,0.23648,0.07081,0.01318,0.01565,0.02695,0.03730,0.06306,0.02092,0.01956,0.02411,0.02944,0.04334,0.03435,0.16954,0.03784,0.04817,0.00565,0.06481
0.01488,0.03160,0.19746,0.14921,0.01245,0.03578,0.05484,0.13195,0.01177,0.01877,0.03034,0.02733,0.01810,0.01374,0.15249,0.06220,0.01123,0.00987,0.00954,0.00646
0.01466,0.02231,0.17309,0.02981,0.02820,0.02808,0.02069,0.07859,0.03874,0.01599,0.16207,0.03154,0.02316,0.02508,0.01664,0.23932,0.01073,0.01294,0.01734,0.01102
0.03318,0.06331,0.11367,0.03581,0.03292,0.03785,0.09138,0.05944,0.06322,0.06319,0.07237,0.11155,0.00834,0.04159,0.03365,0.06013,0.05200,0.01273,0.00645,0.00720
0.01044,0.00768,0.20660,0.01982,0.02970,0.04462,0.01519,0.01621,0.02912,0.02245,0.01376,0.00977,0.02146,0.18841,0.01691,0.15790,0.00803,0.01686,0.15983,0.00526
0.02364,0.01724,0.03244,0.04980,0.02054,0.02679,0.02155,0.01552,0.26562,0.04738,0.00770,0.01478,0.03239,0.26198,0.01644,0.02609,0.01699,0.02525,0.00567,0.07218
0.02732,0.03432,0.11158,0.02122,0.06067,0.05857,0.11768,0.02686,0.04358,0.07112,0.03957,0.04498,0.11320,0.02660,0.03755,0.08646,0.03521,0.01840,0.01444,0.01069
0.02363,0.03245,0.05781,0.02413,0.07210,0.07462,0.04609,0.06334,0.04109,0.04933,0.04791,0.05141,0.08799,0.06203,0.05733,0.03010,0.04960,0.06590,0.04764,0.01551
0.01736,0.01709,0.07814,0.21515,0.01335,0.01033,0.02772,0.01944,0.01683,0.02836,0.01349,0.04354,0.01745,0.10210,0.21716,0.04128,0.01330,0.00711,0.08903,0.01176
0.00467,0.04949,0.03210,0.01314,0.02412,0.04581,0.02356,0.01397,0.01982,0.04207,0.04162,0.08467,0.02215,0.03526,0.01135,0.01895,0.02083,0.03253,0.02836,0.43556
0.02053,0.03259,0.15513,0.02628,0.01262,0.06574,0.04502,0.03056,0.07171,0.06937,0.01303,0.10583,0.01029,0.04996,0.08954,0.10082,0.02171,0.01836,0.02343,0.03746
0.02711,0.02117,0.31032,0.01011,0.03155,0.02314,0.03487,0.27488,0.01701,0.02418,0.03094,0.02327,0.02375,0.02351,0.02357,0.04051,0.01572,0.00945,0.01305,0.02190
0.01554,0.05835,0.06032,0.01113,0.10488,0.03746,0.16092,0.01502,0.07080,0.01860,0.04302,0.04913,0.13010,0.01389,0.02179,0.08039,0.07883,0.00834,0.01239,0.00913
0.03193,0.01965,0.11667,0.03876,0.01320,0.01429,0.01812,0.11307,0.01940,0.01677,0.01341,0.03717,0.21580,0.04145,0.01491,0.02068,0.01125,0.19483,0.02867,0.01999
0.00836,0.01624,0.21991,0.01084,0.02515,0.01432,0.13515,0.04303,0.00815,0.01831,0.07331,0.12771,0.00937,0.06019,0.00799,0.17171,0.00922,0.00554,0.02745,0.00805
0.02388,0.04885,0.18361,0.03842,0.07642,0.03846,0.02135,0.05676,0.03638,0.03688,0.06188,0.01952,0.03624,0.02496,0.02203,0.13807,0.08428,0.01750,0.02057,0.01394
0.15912,0.06873,0.04142,0.11961,0.00968,0.02636,0.02997,0.00844,0.04630,0.02006,0.03435,0.04787,0.10298,0.06359,0.04731,0.01901,0.06192,0.03610,0.03117,0.02603
0.02002,0.02435,0.04352,0.01582,0.01851,0.02831,0.04189,0.02877,0.02375,0.07489,0.07492,0.03673,0.04674,0.01993,0.01734,0.05618,0.06152,0.00608,0.00990,0.35082
0.01801,0.02203,0.20738,0.04814,0.01527,0.01864,0.01506,0.10077,0.01499,0.01481,0.01423,0.01480,0.01462,0.16987,0.03119,0.09910,0.01178,0.00489,0.15409,0.01034
0.01161,0.01883,0.04517,0.02005,0.21271,0.22389,0.05172,0.02915,0.01462,0.01188,0.06931,0.08530,0.02072,0.02359,0.01454,0.09700,0.01001,0.00780,0.01943,0.01266
0.03169,0.01747,0.09819,0.05269,0.01810,0.03733,0.16330,0.03083,0.01891,0.01405,0.03108,0.07678,0.21214,0.02961,0.03790,0.06161,0.00676,0.02657,0.02108,0.01390
0.01470,0.03772,0.23366,0.01602,0.03624,0.04688,0.02659,0.01741,0.05094,0.06550,0.05250,0.04089,0.02947,0.02164,0.03200,0.18244,0.01878,0.03410,0.01183,0.03070
0.09832,0.05648,0.06652,0.06124,0.01170,0.01076,0.01991,0.13366,0.01993,0.01777,0.22972,0.02948,0.04440,0.00876,0.02944,0.12871,0.00568,0.01165,0.00963,0.00621
0.02184,0.01382,0.12627,0.01840,0.07128,0.03532,0.06396,0.16103,0.01867,0.04008,0.16863,0.02305,0.07310,0.02066,0.01076,0.09232,0.00914,0.01121,0.01262,0.00784
0.00666,0.02161,0.10881,0.03632,0.01545,0.02236,0.08138,0.01646,0.04405,0.02872,0.02903,0.03129,0.12012,0.11701,0.04547,0.07388,0.00852,0.10485,0.07959,0.00841
0.00927,0.01024,0.01841,0.00725,0.03985,0.02521,0.03908,0.25183,0.03874,0.06961,0.28939,0.03220,0.01942,0.02484,0.01796,0.02654,0.02879,0.00995,0.02095,0.02049
0.02572,0.05223,0.05958,0.02932,0.06448,0.03241,0.12152,0.08311,0.05900,0.02314,0.04804,0.12394,0.06805,0.01577,0.07093,0.03388,0.01882,0.01480,0.01218,0.04309
0.04993,0.06503,0.23882,0.01570,0.03246,0.01394,0.01321,0.14427,0.00620,0.05636,0.01613,0.01960,0.12019,0.01834,0.01053,0.09768,0.01151,0.03473,0.02685,0.00851
0.01914,0.03464,0.18251,0.01913,0.01883,0.03457,0.03678,0.05352,0.12133,0.03069,0.02363,0.03932,0.01074,0.06186,0.04341,0.14843,0.04883,0.01392,0.03477,0.02394
0.01301,0.01122,0.16580,0.02157,0.02796,0.01872,0.00896,0.02041,0.03075,0.05389,0.01264,0.01245,0.06570,0.16366,0.03949,0.11396,0.02264,0.04081,0.15129,0.00509
0.00904,0.01694,0.10263,0.01197,0.00621,0.01908,0.03235,0.17204,0.01630,0.10499,0.14473,0.04125,0.06645,0.01745,0.01242,0.05396,0.11299,0.01618,0.01426,0.02875
0.14525,0.14451,0.05102,0.01565,0.02093,0.03213,0.02530,0.01038,0.00922,0.00936,0.02366,0.03751,0.01306,0.19820,0.00936,0.04139,0.00446,0.00658,0.19287,0.00915
0.02853,0.03563,0.08161,0.01434,0.03819,0.06120,0.02709,0.02695,0.02475,0.04093,0.03331,0.04553,0.18150,0.07591,0.01331,0.03914,0.03492,0.14415,0.03806,0.01496
0.07804,0.05299,0.06729,0.04049,0.01697,0.01151,0.02665,0.04561,0.06147,0.03598,0.02050,0.01171,0.04188,0.02356,0.01795,0.01103,0.05261,0.01541,0.00892,0.35944
0.07562,0.03436,0.06751,0.06668,0.08498,0.09847,0.04050,0.04985,0.01973,0.03201,0.05008,0.02901,0.02192,0.09848,0.03763,0.03141,0.02136,0.03266,0.09007,0.01767
0.02519,0.05877,0.17575,0.01344,0.12839,0.08227,0.02637,0.01598,0.05045,0.01707,0.05036,0.04161,0.01882,0.05101,0.02071,0.12930,0.01904,0.02264,0.03068,0.02216
0.06558,0.01981,0.03372,0.04821,0.03096,0.02535,0.01911,0.04258,0.04720,0.05854,0.23141,0.00744,0.01503,0.04861,0.00820,0.25717,0.02308,0.00509,0.00567,0.00725
0.01261,0.00936,0.05953,0.01390,0.02094,0.01537,0.02609,0.04869,0.11159,0.02449,0.08470,0.02213,0.01891,0.11268,0.00688,0.07738,0.00886,0.01450,0.01615,0.29525
0.05113,0.01836,0.21576,0.02471,0.01815,0.01758,0.08459,0.03322,0.02575,0.01512,0.01090,0.01610,0.06567,0.10962,0.01409,0.14386,0.00688,0.01091,0.10903,0.00859
0.01468,0.11585,0.23591,0.01962,0.01342,0.00985,0.02387,0.03564,0.01126,0.04511,0.02726,0.03064,0.00616,0.04388,0.00881,0.16354,0.02734,0.08702,0.02795,0.05218
0.02486,0.02837,0.27038,0.02136,0.02065,0.01420,0.04749,0.21571,0.02439,0.03501,0.03371,0.02102,0.01440,0.06159,0.02295,0.05449,0.01430,0.01108,0.05000,0.01404
0.04624,0.05542,0.19374,0.02815,0.01889,0.10592,0.01650,0.06719,0.01474,0.07637,0.04880,0.12819,0.01999,0.00744,0.03007,0.09866,0.01780,0.00859,0.00615,0.01115
0.00430,0.00736,0.14876,0.03784,0.00891,0.01589,0.01394,0.01691,0.01233,0.25707,0.04039,0.02820,0.00710,0.00597,0.01328,0.13419,0.23126,0.00324,0.00284,0.01023
0.01005,0.00464,0.10090,0.01874,0.02038,0.02929,0.00861,0.04772,0.03838,0.03934,0.02278,0.03240,0.03142,0.24721,0.02006,0.04231,0.00610,0.01744,0.25257,0.00966
0.11222,0.03670,0.11480,0.03060,0.01139,0.02679,0.07930,0.02720,0.02789,0.06519,0.02804,0.03814,0.05250,0.10575,0.01964,0.08954,0.03214,0.00699,0.08820,0.00697
0.03288,0.05415,0.07476,0.02655,0.08723,0.11137,0.01616,0.02859,0.10491,0.02131,0.05396,0.01962,0.01179,0.06985,0.04496,0.09091,0.00664,0.06195,0.05464,0.02779
0.01523,0.03111,0.05731,0.02442,0.08599,0.04647,0.05279,0.02691,0.03354,0.01280,0.02921,0.05628,0.02237,0.17613,0.02718,0.04983,0.02082,0.02119,0.18437,0.02605
0.00936,0.03073,0.27070,0.01517,0.03346,0.05794,0.04717,0.01463,0.02204,0.06926,0.02512,0.03498,0.05929,0.01320,0.01559,0.22284,0.01957,0.01564,0.01561,0.00770
0.04913,0.01586,0.03165,0.03606,0.02183,0.03460,0.15744,0.08525,0.03536,0.16051,0.02782,0.05062,0.05676,0.03350,0.03000,0.02435,0.01661,0.02575,0.10160,0.00529
0.03625,0.01011,0.07945,0.04978,0.01059,0.02471,0.02076,0.10544,0.14098,0.02101,0.07348,0.04367,0.05055,0.04305,0.15515,0.05042,0.00826,0.02451,0.00719,0.04464
0.26693,0.07297,0.03973,0.26294,0.00873,0.02505,0.02276,0.02050,0.01826,0.02229,0.01368,0.00916,0.06541,0.01396,0.01357,0.02740,0.03085,0.03041,0.02130,0.01409
0.10507,0.03570,0.01749,0.06076,0.02120,0.02735,0.05279,0.03101,0.21496,0.01913,0.01789,0.02211,0.03141,0.21153,0.05559,0.01808,0.01515,0.01559,0.01523,0.01194
0.01101,0.01474,0.27788,0.01218,0.02142,0.03270,0.01200,0.09916,0.03929,0.05257,0.06439,0.08110,0.01000,0.01479,0.02023,0.15026,0.00904,0.01347,0.05352,0.01026
0.01174,0.03262,0.24340,0.01670,0.02197,0.04734,0.02841,0.02572,0.07409,0.05752,0.03237,0.03913,0.04211,0.02688,0.03854,0.18439,0.03307,0.02866,0.01005,0.00529
0.05078,0.12520,0.07706,0.04193,0.02801,0.03755,0.00775,0.03117,0.02635,0.07939,0.03008,0.01424,0.10504,0.07766,0.01876,0.04188,0.02704,0.05010,0.08212,0.04790
0.07155,0.04797,0.13501,0.04504,0.18307,0.11572,0.01172,0.01169,0.02463,0.04547,0.00815,0.01711,0.05304,0.04238,0.02738,0.09938,0.02304,0.00799,0.01770,0.01198
0.01937,0.05456,0.06125,0.05108,0.05465,0.04922,0.01897,0.12192,0.02059,0.08109,0.03034,0.01740,0.05082,0.10575,0.04479,0.01385,0.02518,0.05785,0.11432,0.00701
0.03722,0.01635,0.05352,0.12314,0.02255,0.03892,0.01780,0.06183,0.01429,0.02114,0.11061,0.03533,0.00967,0.11972,0.12562,0.02667,0.01544,0.00345,0.13485,0.01186
0.01563,0.04124,0.16994,0.04700,0.07649,0.02971,0.17021,0.04119,0.00581,0.01546,0.02563,0.14615,0.03077,0.01928,0.01980,0.10555,0.01103,0.01131,0.00839,0.00941
0.09746,0.02350,0.03357,0.07119,0.05214,0.02350,0.01273,0.01375,0.28126,0.01162,0.01168,0.01028,0.01069,0.17537,0.12464,0.01516,0.00924,0.00688,0.00701,0.00832
0.04257,0.01172,0.03045,0.04137,0.02525,0.03184,0.01006,0.01173,0.30676,0.01947,0.00528,0.00699,0.02943,0.31739,0.00679,0.00954,0.01027,0.01444,0.02825,0.04040
0.01741,0.06560,0.05309,0.02761,0.01796,0.05969,0.14217,0.03599,0.04626,0.07090,0.02579,0.10126,0.17961,0.03392,0.04632,0.02752,0.00795,0.02104,0.00552,0.01439
0.14971,0.02236,0.01648,0.16866,0.02397,0.02804,0.04522,0.02000,0.02764,0.04282,0.01894,0.01785,0.03902,0.13185,0.01011,0.02630,0.01470,0.01519,0.14489,0.03624
0.01882,0.00942,0.18583,0.01484,0.05054,0.04664,0.10971,0.04153,0.02331,0.06314,0.09916,0.03772,0.07407,0.01939,0.01209,0.12814,0.02737,0.01425,0.01379,0.01024
0.32440,0.01471,0.08172,0.32803,0.00862,0.00688,0.01949,0.01416,0.01279,0.00652,0.01070,0.02069,0.01633,0.03609,0.00549,0.05720,0.00538,0.00494,0.02125,0.00461
0.01545,0.00718,0.28479,0.06341,0.01191,0.00906,0.08032,0.04236,0.00865,0.04781,0.02198,0.01924,0.06919,0.02943,0.02754,0.20761,0.01462,0.00945,0.01781,0.01221
0.08102,0.02367,0.02622,0.05735,0.01167,0.01236,0.00961,0.01546,0.07279,0.02102,0.01557,0.01362,0.01594,0.12731,0.03378,0.02130,0.01917,0.01512,0.11787,0.28917
0.00819,0.01495,0.33600,0.00834,0.03724,0.02743,0.01591,0.01792,0.07154,0.01967,0.03501,0.01335,0.01427,0.01801,0.01272,0.28704,0.02387,0.01526,0.00564,0.01765
0.02018,0.03431,0.10085,0.02195,0.10321,0.23195,0.01311,0.03906,0.02864,0.04525,0.01528,0.22095,0.00437,0.01963,0.04476,0.01781,0.01034,0.00767,0.01006,0.01063
0.01641,0.03101,0.03888,0.01652,0.10122,0.06301,0.07323,0.02685,0.11471,0.02607,0.03422,0.08111,0.04587,0.08745,0.12027,0.02275,0.00954,0.02130,0.06485,0.00471
0.04041,0.04565,0.07449,0.02280,0.14917,0.13317,0.04811,0.03387,0.01662,0.02109,0.00783,0.05905,0.05851,0.07033,0.02517,0.06112,0.01486,0.03342,0.07218,0.01214
0.07387,0.03993,0.02667,0.07551,0.01068,0.03233,0.02027,0.11829,0.02202,0.04876,0.19647,0.03416,0.02137,0.01224,0.09005,0.09969,0.02633,0.00726,0.03252,0.01159
0.02438,0.02964,0.34009,0.02100,0.01893,0.02126,0.01523,0.10707,0.03552,0.04637,0.03125,0.01375,0.01993,0.02488,0.00971,0.20046,0.01291,0.00625,0.00226,0.01912
0.01241,0.08188,0.06909,0.01596,0.02339,0.01679,0.06098,0.01070,0.02359,0.02588,0.16834,0.08949,0.01595,0.04353,0.01390,0.22475,0.01752,0.04591,0.02014,0.01981
0.20431,0.22944,0.08925,0.02577,0.01105,0.00466,0.02705,0.01634,0.04271,0.07435,0.01997,0.01656,0.05881,0.01947,0.01311,0.05712,0.01872,0.01313,0.03615,0.02206
0.04804,0.04358,0.08033,0.01529,0.01438,0.10193,0.05186,0.01732,0.01080,0.14780,0.04993,0.19409,0.01536,0.00868,0.02728,0.05747,0.08584,0.00569,0.01116,0.01318
0.02471,0.01950,0.01980,0.02934,0.02295,0.02072,0.30933,0.01620,0.01579,0.04839,0.00687,0.26494,0.01983,0.06737,0.00774,0.00581,0.03051,0.02165,0.03935,0.00919
0.04487,0.01819,0.06438,0.01474,0.03358,0.06910,0.02263,0.04275,0.01240,0.03202,0.03356,0.04823,0.04837,0.04447,0.00882,0.02071,0.01701,0.01958,0.05803,0.34656
0.02636,0.02195,0.15815,0.02042,0.00995,0.01814,0.01406,0.06073,0.01816,0.06179,0.04560,0.02114,0.04890,0.01814,0.01311,0.11709,0.02987,0.02568,0.01668,0.25406
0.02891,0.09521,0.02220,0.03940,0.02508,0.02153,0.02754,0.18367,0.02506,0.01626,0.22574,0.03089,0.01834,0.01241,0.07932,0.10272,0.00788,0.01862,0.01078,0.00844
0.02689,0.03490,0.03957,0.02330,0.00667,0.00901,0.01396,0.03492,0.02277,0.01569,0.04816,0.02323,0.11495,0.20123,0.00982,0.03037,0.00369,0.11730,0.20067,0.02292
0.20245,0.21859,0.08956,0.00928,0.00510,0.01581,0.02416,0.06899,0.01466,0.03010,0.02026,0.02863,0.02113,0.10542,0.00839,0.01447,0.00943,0.00789,0.09080,0.01488
0.01034,0.03065,0.05150,0.01200,0.00870,0.00623,0.01294,0.01194,0.04507,0.08462,0.01236,0.02863,0.27321,0.01869,0.01181,0.03785,0.06571,0.25772,0.00785,0.01217
0.03863,0.09512,0.02315,0.01524,0.01156,0.01329,0.06450,0.13152,0.09484,0.12950,0.08292,0.01747,0.00966,0.04438,0.04536,0.01875,0.02362,0.01864,0.03279,0.08906
0.08473,0.03369,0.16342,0.01220,0.01911,0.04511,0.00914,0.07681,0.02339,0.04129,0.13790,0.02076,0.03009,0.04236,0.03862,0.15342,0.01077,0.02150,0.02858,0.00708
0.04841,0.04370,0.09664,0.01990,0.03919,0.05981,0.01320,0.02152,0.21148,0.02060,0.02246,0.01347,0.03399,0.01288,0.17109,0.08299,0.02325,0.01320,0.01071,0.04150
0.01595,0.02073,0.27221,0.02342,0.01516,0.01973,0.02156,0.01756,0.01785,0.01275,0.01625,0.01869,0.08413,0.08491,0.01300,0.18228,0.01072,0.05532,0.07899,0.01878
0.01043,0.01364,0.04430,0.23020,0.03052,0.08858,0.01827,0.01519,0.01929,0.01546,0.05436,0.06425,0.00781,0.02770,0.28171,0.02455,0.01130,0.00980,0.01759,0.01506
0.02413,0.03429,0.02970,0.02403,0.01389,0.02377,0.15316,0.02623,0.01226,0.10524,0.02046,0.11559,0.01341,0.11174,0.03437,0.01233,0.10028,0.02147,0.10465,0.01902
0.03963,0.04002,0.20561,0.03750,0.02949,0.04186,0.05668,0.02425,0.02061,0.02627,0.02370,0.07274,0.01625,0.07385,0.03823,0.15239,0.01827,0.01300,0.05158,0.01808
0.01051,0.01070,0.08676,0.00562,0.01039,0.01324,0.01163,0.05236,0.02902,0.31102,0.01915,0.00933,0.01836,0.03067,0.00834,0.02476,0.32110,0.00656,0.00839,0.01211
0.01875,0.01801,0.16093,0.02816,0.02572,0.03229,0.03257,0.06738,0.01619,0.09655,0.05986,0.04424,0.03432,0.01702,0.01548,0.10835,0.06542,0.03940,0.10347,0.01589
0.03498,0.05144,0.07433,0.02626,0.04189,0.02474,0.04666,0.06381,0.02006,0.03884,0.18565,0.02580,0.04111,0.02300,0.02389,0.19532,0.03708,0.01234,0.00907,0.02374
0.06245,0.00967,0.16127,0.04435,0.03018,0.08555,0.03315,0.02979,0.01413,0.06118,0.05387,0.02295,0.10235,0.05602,0.00621,0.11820,0.00954,0.02436,0.05671,0.01808
0.04003,0.01346,0.01825,0.02694,0.00881,0.02336,0.01984,0.18911,0.05110,0.07153,0.20673,0.05665,0.01468,0.10111,0.03178,0.02059,0.05467,0.01860,0.01505,0.01769
0.01821,0.29663,0.02209,0.03413,0.06757,0.04693,0.00547,0.03752,0.03588,0.01111,0.04415,0.01075,0.00949,0.01606,0.02872,0.03009,0.00500,0.26937,0.00735,0.00349
0.01962,0.01983,0.22974,0.00883,0.04327,0.06069,0.11668,0.01640,0.01916,0.04656,0.01314,0.02713,0.11048,0.00688,0.01339,0.19032,0.03151,0.00638,0.00313,0.01684
0.01129,0.02119,0.03834,0.01196,0.25897,0.25573,0.01522,0.01177,0.01095,0.01639,0.01264,0.04189,0.01844,0.13361,0.00688,0.02118,0.00491,0.00562,0.09747,0.00556
0.02412,0.03762,0.05895,0.02621,0.01020,0.03284,0.05877,0.04085,0.03448,0.02729,0.05773,0.05898,0.01396,0.18470,0.03562,0.05197,0.01989,0.00770,0.19878,0.01933
0.01350,0.04991,0.03230,0.01876,0.01885,0.02080,0.04727,0.01234,0.20045,0.07464,0.04500,0.01959,0.03177,0.07819,0.16834,0.05497,0.01682,0.00689,0.06798,0.02160
0.02036,0.03014,0.26864,0.02884,0.01492,0.02990,0.01198,0.12409,0.02552,0.02222,0.01550,0.02154,0.03071,0.10012,0.02050,0.12475,0.00846,0.01493,0.06888,0.01800
0.23210,0.02349,0.11510,0.24198,0.00511,0.02738,0.04701,0.03103,0.01268,0.01443,0.01627,0.03410,0.02176,0.01157,0.00866,0.10380,0.00541,0.02776,0.00734,0.01301
0.02152,0.02165,0.22800,0.02333,0.03171,0.03520,0.03793,0.01800,0.00764,0.01318,0.03339,0.00726,0.12020,0.10143,0.01248,0.16928,0.00256,0.01317,0.08976,0.01231
0.02494,0.10312,0.07491,0.16540,0.02189,0.04398,0.01066,0.04772,0.01471,0.02159,0.01753,0.02339,0.02196,0.07901,0.17500,0.02612,0.01025,0.03989,0.07112,0.00680
0.00504,0.01113,0.03915,0.01589,0.01323,0.05780,0.01719,0.02815,0.02025,0.29177,0.02669,0.06879,0.01375,0.04677,0.02256,0.02109,0.00789,0.00742,0.27746,0.00799
0.04752,0.03077,0.19371,0.01787,0.02203,0.02863,0.02270,0.03428,0.11324,0.04876,0.03701,0.02027,0.01359,0.07311,0.02607,0.13739,0.01497,0.00691,0.05248,0.05869
0.02917,0.04253,0.25574,0.01684,0.07359,0.10363,0.00800,0.01403,0.02604,0.01247,0.02854,0.04131,0.01484,0.02159,0.01203,0.21510,0.02572,0.03305,0.00336,0.02240
0.01488,0.01436,0.14709,0.03390,0.01285,0.01935,0.03495,0.26738,0.02557,0.08418,0.14978,0.02857,0.01938,0.02442,0.03048,0.02126,0.02654,0.01141,0.02067,0.01301
0.03658,0.04349,0.32146,0.03301,0.01138,0.01278,0.02117,0.01064,0.05026,0.01833,0.02890,0.01708,0.01103,0.04307,0.02095,0.26604,0.00419,0.00746,0.03583,0.00635
0.02686,0.01448,0.17942,0.03843,0.03384,0.12003,0.06353,0.06374,0.02214,0.06429,0.05090,0.06720,0.01164,0.01683,0.03073,0.08899,0.03690,0.00445,0.00895,0.05665
0.02346,0.02384,0.21976,0.01136,0.05704,0.06320,0.03617,0.03767,0.01327,0.03024,0.02861,0.04725,0.02553,0.02125,0.01169,0.17493,0.01398,0.01437,0.00603,0.14034
0.04482,0.08307,0.17126,0.02630,0.03669,0.04519,0.03573,0.03096,0.03656,0.01544,0.10691,0.10682,0.03024,0.03075,0.04065,0.09456,0.01471,0.01052,0.02467,0.01415
0.02417,0.02632,0.04440,0.01064,0.11473,0.10909,0.01900,0.01784,0.00873,0.23154,0.02202,0.03708,0.01195,0.01095,0.01087,0.02969,0.24423,0.00358,0.00853,0.01465
0.01749,0.02722,0.05415,0.03862,0.02471,0.03965,0.03175,0.08900,0.02968,0.03813,0.09708,0.05692,0.13718,0.00770,0.04852,0.09359,0.01332,0.13427,0.01127,0.00973
0.03660,0.03397,0.19170,0.03968,0.02208,0.05616,0.08047,0.02412,0.00660,0.02254,0.04332,0.09892,0.06241,0.03218,0.03030,0.14729,0.02359,0.03116,0.00635,0.01055
0.02124,0.02391,0.25979,0.01031,0.01305,0.01554,0.02707,0.01214,0.06405,0.05122,0.07593,0.01257,0.02240,0.03894,0.03768,0.20197,0.01730,0.02167,0.01621,0.05703
0.02239,0.02836,0.02401,0.02029,0.00840,0.02459,0.04920,0.04694,0.27817,0.03293,0.01710,0.02431,0.02719,0.05567,0.20234,0.02003,0.02583,0.02419,0.04150,0.02654
0.03259,0.06049,0.04952,0.04313,0.04269,0.03775,0.19830,0.01154,0.02188,0.02969,0.01024,0.01506,0.22940,0.03222,0.03906,0.03763,0.03885,0.03409,0.01087,0.02501
0.01145,0.01116,0.03188,0.02173,0.06136,0.02338,0.01247,0.02507,0.34192,0.01011,0.02131,0.00682,0.03210,0.01877,0.30757,0.01079,0.01498,0.01660,0.00905,0.01147
0.01285,0.02394,0.10509,0.14587,0.02973,0.03620,0.01792,0.00930,0.01119,0.01726,0.02943,0.01420,0.01171,0.14681,0.14335,0.08992,0.00645,0.00820,0.12955,0.01101
0.01729,0.01676,0.00544,0.04790,0.00745,0.02396,0.28650,0.00810,0.04585,0.02919,0.00894,0.03314,0.27639,0.09608,0.04272,0.00772,0.00821,0.01194,0.01994,0.00649
0.00804,0.03813,0.20969,0.01051,0.11705,0.16700,0.02049,0.01602,0.01894,0.01826,0.04619,0.04252,0.01942,0.01367,0.02056,0.18342,0.00627,0.02721,0.00589,0.01069
0.03722,0.01587,0.08629,0.05212,0.30454,0.27562,0.00810,0.01343,0.00807,0.00780,0.00912,0.01020,0.01862,0.04752,0.02159,0.04828,0.00409,0.00673,0.01344,0.01132
0.05028,0.01414,0.16820,0.03786,0.01372,0.01746,0.04583,0.02210,0.11128,0.02867,0.01315,0.02569,0.01946,0.06647,0.13128,0.13366,0.00848,0.01404,0.06089,0.01735
0.02335,0.20306,0.02300,0.02028,0.04429,0.04398,0.09386,0.03878,0.03495,0.03019,0.03251,0.05431,0.01952,0.07552,0.02479,0.02537,0.09428,0.07695,0.02220,0.01882
0.03590,0.09266,0.05495,0.01517,0.05561,0.05339,0.07036,0.11086,0.06461,0.03773,0.07935,0.03896,0.01545,0.03625,0.05279,0.03471,0.09132,0.01318,0.03664,0.01011
0.03886,0.02982,0.07921,0.02870,0.01478,0.02224,0.00765,0.02037,0.04131,0.05098,0.19526,0.01316,0.03923,0.01940,0.02450,0.23336,0.01355,0.02657,0.03235,0.06870
0.05010,0.01378,0.16919,0.05207,0.01842,0.02853,0.11108,0.09154,0.03189,0.01645,0.03759,0.09802,0.01852,0.02069,0.02998,0.05355,0.00988,0.02675,0.01849,0.10350
0.03109,0.02934,0.26334,0.04089,0.05166,0.09787,0.01530,0.19174,0.03103,0.01595,0.01250,0.06060,0.01728,0.01755,0.01963,0.06395,0.00510,0.01469,0.01160,0.00889
0.01764,0.27502,0.01337,0.04117,0.01124,0.02859,0.02464,0.01697,0.01573,0.04421,0.01975,0.07598,0.02273,0.00945,0.03128,0.02129,0.01878,0.24884,0.02257,0.04076
0.03068,0.04271,0.02177,0.04807,0.00864,0.00909,0.23136,0.01392,0.01837,0.04098,0.01450,0.01253,0.28601,0.03089,0.01351,0.01714,0.09556,0.01409,0.00783,0.04237
0.14914,0.11414,0.10583,0.12654,0.01341,0.01080,0.01318,0.07884,0.04207,0.02895,0.04349,0.02404,0.00793,0.04389,0.08679,0.03576,0.02730,0.02384,0.01768,0.00637
0.36022,0.35229,0.03396,0.00963,0.00896,0.01819,0.02291,0.00973,0.01683,0.00884,0.00443,0.02067,0.02040,0.02618,0.01117,0.02590,0.00674,0.00882,0.01384,0.02027
0.01682,0.02214,0.09820,0.00880,0.00819,0.01796,0.25203,0.09123,0.03988,0.02115,0.05087,0.18151,0.03709,0.06342,0.00841,0.04509,0.00921,0.01020,0.01373,0.00407
0.01660,0.02481,0.05301,0.03069,0.04216,0.11471,0.00747,0.02483,0.05593,0.03754,0.15362,0.01885,0.01919,0.02709,0.02442,0.14948,0.02853,0.01927,0.01125,0.14055
0.01554,0.01632,0.24263,0.01156,0.03002,0.05040,0.06877,0.25068,0.02740,0.03867,0.03810,0.05068,0.05426,0.02070,0.02507,0.01230,0.00692,0.00919,0.02245,0.00836
0.26221,0.02103,0.07564,0.21945,0.02743,0.03262,0.00787,0.01139,0.06980,0.01302,0.02988,0.01525,0.00383,0.06563,0.03437,0.04879,0.03399,0.00333,0.01153,0.01294
0.02620,0.11927,0.06304,0.05345,0.09122,0.05571,0.03282,0.08921,0.01930,0.08390,0.06266,0.04155,0.04435,0.03959,0.02517,0.07980,0.00508,0.02296,0.03900,0.00572
0.03708,0.06415,0.18760,0.02459,0.01190,0.01973,0.05224,0.01894,0.02986,0.02413,0.01238,0.05971,0.07172,0.10397,0.02242,0.12604,0.04094,0.01748,0.06730,0.00780
0.04711,0.01139,0.18632,0.08435,0.01550,0.02975,0.02647,0.04758,0.08710,0.02173,0.03362,0.11294,0.02181,0.04273,0.03479,0.14293,0.00548,0.01375,0.02016,0.01449
0.03342,0.08231,0.04283,0.04217,0.17598,0.10904,0.08667,0.02607,0.03469,0.04563,0.04548,0.07711,0.03582,0.02782,0.02871,0.03872,0.01784,0.01622,0.01427,0.01919
0.03049,0.02741,0.03491,0.02396,0.03485,0.05565,0.05987,0.03977,0.02401,0.04067,0.01491,0.05251,0.13101,0.15753,0.01611,0.03377,0.01154,0.07210,0.13539,0.00352
0.02171,0.05272,0.19183,0.01508,0.01266,0.01774,0.08988,0.01527,0.00666,0.11808,0.00551,0.05242,0.03104,0.04978,0.00670,0.14615,0.01841,0.01451,0.12703,0.00683
0.05289,0.04598,0.02607,0.02927,0.03571,0.05372,0.05440,0.02176,0.01101,0.01144,0.03864,0.04784,0.18668,0.07412,0.03171,0.03177,0.01185,0.16883,0.05150,0.01481
0.04666,0.02377,0.19281,0.01382,0.02897,0.06449,0.02025,0.11743,0.04056,0.01908,0.01711,0.05099,0.00763,0.05646,0.01634,0.04426,0.05224,0.01090,0.04264,0.13359
0.02043,0.07442,0.04014,0.04090,0.06006,0.06644,0.07566,0.02696,0.01799,0.01342,0.18169,0.07785,0.01152,0.01133,0.02252,0.20028,0.01624,0.01205,0.00997,0.02012
0.25574,0.01031,0.04060,0.26330,0.01116,0.01533,0.02559,0.00554,0.04530,0.02603,0.00821,0.01408,0.02504,0.10724,0.00719,0.02536,0.00720,0.00759,0.08910,0.01009
0.03617,0.03525,0.38020,0.01845,0.00880,0.00879,0.02700,0.01423,0.00693,0.03041,0.01426,0.00911,0.01562,0.01276,0.00733,0.33622,0.01484,0.00650,0.00753,0.00960
0.25423,0.24515,0.10936,0.01661,0.01274,0.02205,0.02745,0.10932,0.01225,0.01808,0.01139,0.02351,0.00824,0.04016,0.01020,0.00957,0.00796,0.00679,0.03813,0.01680
0.01264,0.02675,0.26351,0.01818,0.06457,0.05100,0.00900,0.01096,0.03682,0.01109,0.02391,0.01370,0.02185,0.01372,0.01467,0.21448,0.01853,0.02455,0.00425,0.14583
0.16094,0.15248,0.02537,0.00702,0.01633,0.02349,0.12688,0.08351,0.01160,0.08574,0.02203,0.08641,0.04211,0.03872,0.00962,0.01593,0.03083,0.00861,0.02077,0.03160
0.01414,0.00924,0.02370,0.02090,0.03687,0.20240,0.05016,0.04346,0.05268,0.03641,0.01511,0.28794,0.02834,0.02660,0.09425,0.00644,0.00951,0.01988,0.01319,0.00878
0.02211,0.08944,0.15853,0.06437,0.03257,0.04661,0.01281,0.04196,0.03505,0.02393,0.08016,0.01738,0.03474,0.04719,0.05325,0.11541,0.01650,0.03184,0.03395,0.04223
0.02116,0.03190,0.26516,0.01561,0.03252,0.03348,0.02701,0.12829,0.02004,0.03488,0.02851,0.01474,0.03237,0.09155,0.01788,0.12103,0.00646,0.01993,0.04264,0.01482
0.04357,0.05908,0.03458,0.02880,0.01927,0.02775,0.23135,0.05260,0.03585,0.03876,0.01238,0.03257,0.22619,0.04484,0.02675,0.01457,0.03479,0.01661,0.01163,0.00808
0.07142,0.13284,0.11765,0.02854,0.02570,0.03624,0.01615,0.02435,0.01886,0.01748,0.01014,0.02678,0.01710,0.04944,0.03882,0.04281,0.20524,0.03375,0.01044,0.07624
0.01316,0.03063,0.11450,0.03135,0.03769,0.06506,0.07804,0.03076,0.03028,0.06968,0.04319,0.10667,0.06565,0.05278,0.03116,0.07759,0.00845,0.01191,0.07271,0.02873
0.03269,0.03435,0.19462,0.04608,0.03242,0.04396,0.01441,0.18495,0.01614,0.02905,0.03995,0.04782,0.03811,0.04374,0.04548,0.05086,0.00865,0.01512,0.06839,0.01322
0.01567,0.01589,0.05222,0.01907,0.01899,0.02050,0.06299,0.16600,0.03928,0.02025,0.18026,0.09800,0.01277,0.09501,0.01330,0.02413,0.00966,0.01157,0.11160,0.01284
0.02558,0.02319,0.03151,0.07393,0.04302,0.04929,0.05966,0.02733,0.06765,0.10956,0.03025,0.06478,0.07178,0.06058,0.07007,0.03340,0.00959,0.08036,0.06307,0.00541
0.03910,0.00837,0.02673,0.17707,0.05506,0.08521,0.02297,0.01406,0.02532,0.03976,0.09130,0.02937,0.01100,0.05569,0.18195,0.05487,0.01430,0.00544,0.02820,0.03423
0.00527,0.01456,0.02291,0.19512,0.00737,0.01025,0.02197,0.02246,0.05457,0.12754,0.01339,0.00639,0.01570,0.08441,0.17111,0.00931,0.14165,0.02369,0.04548,0.00684
0.01880,0.02720,0.08050,0.01836,0.03132,0.02668,0.18758,0.03130,0.01422,0.02465,0.03598,0.16954,0.00973,0.12443,0.01866,0.04327,0.01209,0.00918,0.10426,0.01226
0.02589,0.09036,0.08509,0.01936,0.01821,0.01334,0.01259,0.03854,0.07561,0.01870,0.02079,0.00977,0.01493,0.07482,0.02475,0.05425,0.17834,0.00868,0.02996,0.18604
0.01260,0.01945,0.26133,0.00887,0.00801,0.02464,0.01292,0.27115,0.03848,0.01575,0.03304,0.01144,0.01757,0.08666,0.00889,0.02309,0.00997,0.03124,0.09604,0.00887
0.02452,0.06304,0.12395,0.02146,0.02557,0.11454,0.05188,0.06158,0.04385,0.08224,0.06498,0.12859,0.00688,0.03760,0.01355,0.08055,0.03113,0.00770,0.00915,0.00723
0.07433,0.05778,0.04818,0.03003,0.00976,0.00972,0.02318,0.01754,0.02968,0.28234,0.01425,0.01551,0.01834,0.04830,0.01614,0.02983,0.01037,0.00630,0.24379,0.01464
0.00564,0.01735,0.14664,0.01452,0.00956,0.01128,0.01126,0.18435,0.20243,0.01265,0.01073,0.01802,0.02657,0.02814,0.23205,0.00657,0.02051,0.01517,0.01552,0.01103
0.01701,0.03045,0.25781,0.01551,0.02210,0.02919,0.05058,0.04555,0.01321,0.02679,0.01244,0.02047,0.03605,0.09323,0.04830,0.18216,0.00307,0.00802,0.08239,0.00568
0.01131,0.06948,0.15873,0.00785,0.02235,0.01658,0.01238,0.07932,0.08821,0.02237,0.02688,0.01924,0.02280,0.17381,0.00893,0.05308,0.00532,0.06206,0.13047,0.00882
0.20160,0.24222,0.06109,0.01297,0.02225,0.03848,0.01990,0.03303,0.01010,0.06649,0.02228,0.03848,0.03706,0.01832,0.01283,0.01816,0.00971,0.04707,0.01842,0.06956
0.00774,0.02551,0.08360,0.01875,0.04334,0.01798,0.04111,0.03634,0.10348,0.06958,0.07486,0.04447,0.01252,0.09710,0.02467,0.11132,0.05738,0.00674,0.09380,0.02972
0.00494,0.20541,0.05271,0.02399,0.06079,0.06271,0.06843,0.04210,0.01810,0.01740,0.03304,0.06932,0.01510,0.03923,0.02789,0.02856,0.01150,0.17077,0.02534,0.02268
0.01036,0.03590,0.07787,0.19252,0.05529,0.09383,0.06325,0.02002,0.01030,0.01564,0.03769,0.02001,0.03203,0.01321,0.19555,0.07072,0.01332,0.02933,0.00456,0.00861
0.08581,0.02279,0.04639,0.14034,0.01512,0.02462,0.01771,0.07517,0.01787,0.03339,0.14297,0.01237,0.02986,0.03649,0.11373,0.06980,0.03855,0.01988,0.01704,0.04009
0.01846,0.02567,0.17435,0.02582,0.05127,0.02359,0.00766,0.11160,0.01872,0.12444,0.04682,0.00942,0.08315,0.07323,0.01693,0.08176,0.01269,0.02863,0.04205,0.02374
0.19248,0.16864,0.02759,0.05309,0.09313,0.04731,0.03551,0.02201,0.11799,0.02105,0.00743,0.01746,0.06940,0.01742,0.04742,0.00918,0.02537,0.00818,0.00951,0.00982
0.01952,0.03775,0.02598,0.01479,0.02791,0.04539,0.02216,0.03327,0.02925,0.06016,0.06530,0.10656,0.00641,0.20639,0.02785,0.02402,0.00978,0.00534,0.22378,0.00837
0.15108,0.01349,0.21180,0.12975,0.01206,0.01153,0.01021,0.06066,0.03574,0.02443,0.04666,0.02451,0.02693,0.01822,0.01438,0.13749,0.01563,0.00972,0.01103,0.03468
0.01954,0.01931,0.26966,0.01559,0.03502,0.02923,0.01191,0.05558,0.04338,0.02811,0.04362,0.02543,0.00907,0.09545,0.01804,0.15890,0.00981,0.00484,0.05473,0.05280
0.01644,0.03997,0.24398,0.01649,0.06805,0.07069,0.01772,0.16272,0.04551,0.04636,0.02702,0.04020,0.01489,0.05069,0.01175,0.05908,0.02453,0.00924,0.00646,0.02822
0.25683,0.07340,0.03230,0.26522,0.00867,0.00865,0.02681,0.03699,0.02310,0.02171,0.01133,0.04925,0.03801,0.01427,0.01231,0.01512,0.02410,0.02555,0.00759,0.04881
0.01902,0.01360,0.14021,0.03092,0.02612,0.02280,0.16268,0.15387,0.01859,0.02463,0.03433,0.02830,0.18298,0.01346,0.01948,0.03645,0.02267,0.00510,0.02233,0.02248
0.01232,0.00987,0.31872,0.02412,0.01914,0.04303,0.04213,0.02415,0.02126,0.03638,0.03894,0.03583,0.02045,0.01658,0.02420,0.25258,0.01530,0.01290,0.01166,0.02044
0.01928,0.02069,0.24918,0.01797,0.01539,0.01189,0.03935,0.11126,0.05726,0.04069,0.07866,0.00970,0.02605,0.05633,0.00912,0.14655,0.03844,0.01415,0.00931,0.02873
0.10572,0.08570,0.05009,0.11340,0.02603,0.02517,0.01450,0.05829,0.03386,0.02765,0.02586,0.04329,0.01214,0.11371,0.04129,0.02034,0.00946,0.05962,0.12404,0.00983
0.03003,0.24166,0.04425,0.02195,0.04674,0.06768,0.01921,0.02379,0.02174,0.02736,0.02668,0.08008,0.01972,0.03981,0.00902,0.01697,0.02470,0.21224,0.01900,0.00736
0.06212,0.07273,0.12607,0.03140,0.03968,0.01487,0.02254,0.13989,0.08378,0.04559,0.03108,0.02425,0.04763,0.04705,0.08595,0.06010,0.00792,0.01300,0.03059,0.01375
0.06553,0.11252,0.13040,0.02842,0.01490,0.01681,0.01104,0.15184,0.01567,0.02016,0.16617,0.05665,0.00924,0.01993,0.03059,0.10552,0.00837,0.02091,0.00676,0.00858
0.02336,0.02908,0.06473,0.01922,0.02653,0.06188,0.06388,0.12265,0.06686,0.21179,0.02255,0.05554,0.02023,0.04513,0.02247,0.01818,0.02772,0.00961,0.04731,0.04128
0.03244,0.01959,0.02533,0.02458,0.03895,0.03041,0.20344,0.03375,0.02310,0.06176,0.05228,0.02234,0.23314,0.01393,0.01299,0.08651,0.05672,0.01033,0.00905,0.00936
0.01054,0.01534,0.20014,0.02407,0.03077,0.02779,0.04214,0.10509,0.01290,0.04818,0.12404,0.03595,0.03081,0.02001,0.05040,0.14758,0.03551,0.01624,0.00910,0.01339
0.05585,0.03114,0.04836,0.02749,0.04070,0.05292,0.02577,0.02919,0.07688,0.10998,0.03680,0.05609,0.10372,0.01505,0.03226,0.01483,0.04396,0.07990,0.06191,0.05720
0.02442,0.02547,0.04539,0.03333,0.01043,0.02154,0.20640,0.02081,0.02054,0.03009,0.04446,0.04476,0.18643,0.09745,0.01964,0.06500,0.01705,0.01046,0.06205,0.01425
0.01315,0.01462,0.01272,0.01452,0.05802,0.03254,0.16824,0.02106,0.02334,0.17268,0.01344,0.18423,0.01414,0.01763,0.01911,0.01193,0.17984,0.01156,0.00628,0.01093
0.02785,0.02149,0.04988,0.05821,0.02436,0.02379,0.03116,0.06848,0.02770,0.18484,0.06295,0.01863,0.01434,0.04090,0.07123,0.03602,0.18440,0.01873,0.02063,0.01441
0.01857,0.01826,0.01674,0.02646,0.02173,0.02135,0.02127,0.02872,0.02821,0.03119,0.02867,0.01373,0.03011,0.02725,0.02080,0.02850,0.01746,0.01411,0.02196,0.56491
0.02588,0.01490,0.08436,0.01439,0.00750,0.01512,0.01236,0.08375,0.24873,0.03890,0.01099,0.04903,0.01998,0.01760,0.26747,0.02832,0.01581,0.01676,0.01045,0.01771
0.03358,0.03063,0.05996,0.03059,0.12235,0.09903,0.05368,0.04612,0.12015,0.02993,0.05799,0.09059,0.01687,0.03517,0.04676,0.04636,0.03568,0.02162,0.00776,0.01517
0.01844,0.01678,0.23726,0.02319,0.06326,0.12814,0.02041,0.01231,0.04392,0.02480,0.03263,0.08067,0.03198,0.02413,0.03751,0.16018,0.00856,0.01841,0.01015,0.00726
0.01236,0.02889,0.02149,0.02167,0.00559,0.02153,0.02465,0.03839,0.01995,0.01322,0.05176,0.02526,0.25044,0.09798,0.01941,0.01651,0.01283,0.25100,0.05208,0.01497
0.02019,0.03588,0.17978,0.01535,0.01659,0.02353,0.02183,0.06817,0.01158,0.09154,0.12119,0.05420,0.02271,0.01331,0.01082,0.15630,0.00969,0.00758,0.11259,0.00717
0.02178,0.04313,0.12030,0.11858,0.01638,0.01054,0.03184,0.01721,0.01432,0.07106,0.01170,0.00912,0.07171,0.11094,0.11118,0.06882,0.00647,0.04052,0.09478,0.00962
0.09831,0.01743,0.14701,0.05305,0.02891,0.05805,0.08859,0.05290,0.06210,0.01408,0.00487,0.05385,0.12824,0.07566,0.01864,0.05088,0.01129,0.00705,0.01198,0.01714
0.00777,0.03665,0.02304,0.00841,0.01504,0.11230,0.11588,0.02658,0.04893,0.08421,0.03294,0.24984,0.05502,0.01936,0.08772,0.01040,0.00892,0.00680,0.02967,0.02051
0.13844,0.20864,0.03269,0.02309,0.02008,0.01826,0.02088,0.03724,0.02546,0.06334,0.04178,0.03043,0.08099,0.03875,0.01136,0.02989,0.09099,0.05909,0.01272,0.01588
0.18720,0.02077,0.04231,0.17610,0.01574,0.02008,0.01917,0.08920,0.08912,0.05332,0.05720,0.01093,0.01487,0.10377,0.01154,0.01824,0.01340,0.01045,0.02582,0.02077
0.03601,0.02962,0.07640,0.01226,0.16889,0.19492,0.01597,0.02019,0.15760,0.01625,0.00839,0.05239,0.01088,0.01779,0.10020,0.03681,0.02509,0.00798,0.00406,0.00832
0.01800,0.01165,0.38212,0.03446,0.02901,0.05743,0.00870,0.01115,0.01005,0.00790,0.01264,0.00838,0.00431,0.02675,0.02601,0.31241,0.00593,0.00525,0.02154,0.00631
0.28578,0.02067,0.03159,0.33718,0.02356,0.04048,0.02047,0.02674,0.01503,0.02271,0.00762,0.01531,0.01481,0.02213,0.04388,0.01131,0.01097,0.00649,0.00775,0.03553
0.02785,0.34542,0.03293,0.01075,0.02162,0.00889,0.01552,0.02179,0.01202,0.01643,0.03156,0.01408,0.02708,0.03461,0.00934,0.02435,0.06082,0.27222,0.00753,0.00517
0.01802,0.02598,0.33395,0.01404,0.01983,0.03860,0.02064,0.21471,0.02944,0.02332,0.02020,0.05636,0.01961,0.02050,0.01580,0.09460,0.01266,0.00557,0.01067,0.00550
0.01725,0.00656,0.02030,0.00805,0.03667,0.01676,0.01417,0.01147,0.16223,0.01261,0.02215,0.00422,0.03275,0.05178,0.09574,0.02683,0.01572,0.01152,0.00990,0.42334
0.02789,0.01556,0.16110,0.02573,0.01255,0.03223,0.04866,0.12708,0.04769,0.05540,0.02861,0.10363,0.05168,0.02683,0.08414,0.04838,0.03330,0.03478,0.02115,0.01361
0.05012,0.17539,0.03047,0.01937,0.03904,0.01641,0.01953,0.02410,0.05375,0.11005,0.02962,0.02927,0.04512,0.08333,0.04170,0.02751,0.01137,0.05715,0.10844,0.02827
0.01258,0.01468,0.05896,0.03565,0.04978,0.09626,0.06078,0.04769,0.06080,0.04925,0.02936,0.08140,0.08864,0.04785,0.06435,0.03553,0.03254,0.08574,0.02709,0.02106
0.03039,0.01625,0.01904,0.04121,0.28267,0.23265,0.01597,0.01005,0.01009,0.00894,0.01041,0.01463,0.14845,0.01213,0.01768,0.00832,0.00464,0.10223,0.00742,0.00683
0.04452,0.16853,0.16493,0.01294,0.02751,0.03918,0.02145,0.02663,0.01614,0.03124,0.02971,0.03460,0.01769,0.03979,0.01443,0.13323,0.03814,0.10009,0.01974,0.01951
0.01531,0.02254,0.06445,0.02987,0.01546,0.01523,0.29464,0.05198,0.02460,0.05989,0.01196,0.23876,0.03000,0.01486,0.03105,0.00979,0.02145,0.01125,0.01058,0.02633
0.03003,0.02215,0.00963,0.01480,0.00859,0.01080,0.02976,0.02055,0.41553,0.01785,0.02487,0.01158,0.00899,0.28106,0.04883,0.02168,0.00437,0.00600,0.01000,0.00292
0.03818,0.08550,0.23922,0.02026,0.00882,0.01049,0.01398,0.03988,0.02170,0.05562,0.01852,0.00481,0.05732,0.06694,0.01205,0.18966,0.02834,0.03626,0.03404,0.01840
0.01813,0.02077,0.09035,0.06001,0.02055,0.04389,0.02034,0.03651,0.12272,0.02311,0.02893,0.02929,0.07874,0.09864,0.03106,0.06161,0.01475,0.09873,0.07152,0.03036
0.26888,0.26986,0.01702,0.01264,0.04400,0.03590,0.01403,0.02551,0.01344,0.01904,0.01428,0.01449,0.00899,0.07776,0.01026,0.01881,0.00799,0.01424,0.09777,0.01508
0.22344,0.22155,0.03835,0.02822,0.03252,0.04299,0.00820,0.04029,0.04528,0.14270,0.02126,0.01334,0.01935,0.02160,0.01485,0.04159,0.00945,0.00807,0.01347,0.01346
0.01378,0.00993,0.04162,0.14713,0.02866,0.09794,0.02701,0.02606,0.14350,0.01544,0.00650,0.02305,0.06319,0.01989,0.28373,0.01771,0.00757,0.01045,0.00670,0.01016
0.09893,0.05307,0.10177,0.05602,0.04338,0.06743,0.04165,0.02151,0.03052,0.18995,0.00699,0.01357,0.01891,0.05438,0.01753,0.06121,0.01109,0.00694,0.08140,0.02378
0.01893,0.01977,0.01993,0.01869,0.02643,0.12249,0.03910,0.09725,0.02279,0.01509,0.09888,0.21808,0.02495,0.04489,0.05815,0.04606,0.00568,0.02942,0.06811,0.00529
0.07391,0.12299,0.11910,0.02659,0.09860,0.06227,0.05685,0.02745,0.03126,0.02013,0.02837,0.06339,0.01365,0.02219,0.03803,0.08857,0.01742,0.01752,0.00555,0.06615
0.05369,0.03859,0.31977,0.01816,0.01458,0.05940,0.01202,0.09781,0.01600,0.01547,0.02308,0.02366,0.01237,0.00937,0.02811,0.20670,0.00913,0.01913,0.00595,0.01701
0.00573,0.01869,0.04771,0.00758,0.05500,0.05057,0.00757,0.17245,0.02335,0.20164,0.13046,0.03123,0.02471,0.03185,0.01267,0.01313,0.12321,0.01486,0.01981,0.00778
0.02679,0.02143,0.01275,0.01426,0.03817,0.01871,0.00895,0.02604,0.19562,0.03562,0.01847,0.01284,0.14698,0.04720,0.15974,0.01396,0.00772,0.13927,0.01994,0.03555
0.01737,0.04467,0.14837,0.04898,0.01528,0.03542,0.09910,0.08654,0.02853,0.02448,0.02958,0.02652,0.07089,0.08885,0.03741,0.06007,0.01866,0.01682,0.07130,0.03117
0.12320,0.10556,0.19462,0.02448,0.01413,0.01020,0.00573,0.20622,0.00988,0.02450,0.00727,0.00529,0.11122,0.01995,0.01258,0.01174,0.00693,0.06872,0.01745,0.02032
