0.22162,0.17435,0.17717,0.13964,0.09784,0.07668,0.02764,0.02640,0.02544,0.03322
0.12466,0.19595,0.17668,0.19222,0.20165,0.02766,0.02174,0.02050,0.01393,0.02500
0.14992,0.15455,0.11194,0.14957,0.14974,0.09157,0.04510,0.04634,0.04646,0.05481
0.14011,0.12361,0.15587,0.18950,0.17361,0.07999,0.02828,0.03696,0.02973,0.04234
0.13189,0.17158,0.17173,0.13816,0.13894,0.06285,0.03457,0.04237,0.04340,0.06452
0.12940,0.13966,0.14778,0.13904,0.14661,0.18630,0.02440,0.02794,0.02339,0.03547
0.14558,0.16174,0.16226,0.18615,0.16933,0.02446,0.03747,0.03473,0.03258,0.04570
0.17943,0.16093,0.12628,0.14364,0.22975,0.02585,0.03994,0.03231,0.02374,0.03813
0.21293,0.22503,0.19705,0.13837,0.12755,0.02894,0.01690,0.01753,0.01571,0.02000
0.20700,0.11004,0.15939,0.12194,0.22248,0.08423,0.02407,0.02021,0.02006,0.03058
0.18308,0.18726,0.10639,0.11347,0.23165,0.07835,0.03002,0.02285,0.02017,0.02676
0.10927,0.11530,0.09464,0.08912,0.13151,0.27911,0.04896,0.04572,0.04255,0.04383
0.15661,0.18023,0.14976,0.13269,0.17824,0.07242,0.03505,0.03140,0.02850,0.03510
0.19302,0.14275,0.19194,0.12608,0.16511,0.05387,0.03462,0.02882,0.03125,0.03254
0.19352,0.14526,0.13115,0.13449,0.14160,0.04973,0.07857,0.06004,0.02700,0.03864
0.11108,0.16223,0.13234,0.19664,0.17322,0.06512,0.03044,0.04072,0.04006,0.04815
0.20709,0.11936,0.19904,0.10379,0.15817,0.09481,0.02678,0.02737,0.02430,0.03929
0.20385,0.19434,0.17121,0.14293,0.15595,0.04305,0.02373,0.02240,0.01689,0.02566
0.13510,0.13248,0.11728,0.13993,0.17737,0.03417,0.05975,0.07693,0.05793,0.06907
0.12454,0.16274,0.15623,0.14417,0.12767,0.07554,0.05453,0.05608,0.05066,0.04784
0.17796,0.16638,0.17131,0.15514,0.16935,0.02310,0.03101,0.03368,0.03497,0.03710
0.15775,0.11075,0.22344,0.23447,0.11323,0.04783,0.02445,0.02270,0.02568,0.03971
0.17864,0.16012,0.15814,0.14003,0.16136,0.05255,0.03594,0.03161,0.03618,0.04542
0.21953,0.15006,0.20651,0.13762,0.08182,0.06856,0.03915,0.03146,0.02859,0.03670
0.31276,0.10030,0.18076,0.08899,0.19802,0.02525,0.02573,0.02317,0.01669,0.02834
0.12887,0.11826,0.11258,0.12831,0.13649,0.16453,0.03803,0.04852,0.04572,0.07870
0.15447,0.12354,0.14443,0.15429,0.21756,0.04699,0.04621,0.03678,0.03662,0.03912
0.17956,0.10441,0.11364,0.10201,0.15990,0.24054,0.02226,0.02039,0.02191,0.03536
0.14538,0.13784,0.14560,0.14357,0.14584,0.07438,0.06193,0.04574,0.04937,0.05036
0.14085,0.17269,0.11583,0.17079,0.18386,0.06909,0.02975,0.03379,0.03460,0.04876
0.13043,0.20355,0.14294,0.11223,0.15161,0.16293,0.02009,0.02257,0.01949,0.03417
0.16286,0.12039,0.16125,0.11518,0.15137,0.16379,0.02611,0.02817,0.02602,0.04486
0.17363,0.13314,0.17593,0.16966,0.12785,0.08061,0.03893,0.03140,0.03055,0.03830
0.18362,0.10148,0.16087,0.11306,0.18436,0.08558,0.03702,0.03756,0.04384,0.05262
0.15102,0.16558,0.12399,0.17370,0.16172,0.06966,0.03598,0.03273,0.03432,0.05131
0.13570,0.11604,0.15615,0.18690,0.16533,0.06863,0.05052,0.04035,0.03554,0.04485
0.18767,0.15492,0.17642,0.15276,0.14546,0.02124,0.06642,0.03974,0.02343,0.03195
0.19667,0.17063,0.13246,0.12394,0.18795,0.05247,0.03453,0.03024,0.02961,0.04151
0.21569,0.13540,0.17147,0.16070,0.11688,0.02265,0.03549,0.04105,0.04905,0.05163
0.12893,0.21651,0.15965,0.11826,0.17887,0.11037,0.02387,0.02156,0.01524,0.02675
0.12056,0.13571,0.16925,0.14819,0.14256,0.10764,0.04047,0.04085,0.04469,0.05007
0.15794,0.15607,0.16087,0.14839,0.14560,0.06514,0.03354,0.03527,0.04473,0.05245
0.09718,0.24663,0.11701,0.23728,0.13522,0.06153,0.03038,0.02492,0.02102,0.02883
0.12858,0.13682,0.09301,0.14739,0.13330,0.25677,0.03330,0.02177,0.01843,0.03063
0.13733,0.14907,0.17497,0.17572,0.14609,0.05719,0.04255,0.03804,0.03460,0.04445
0.16062,0.11187,0.15161,0.15090,0.16440,0.10590,0.02847,0.04070,0.03562,0.04990
0.10548,0.17473,0.14001,0.14211,0.16979,0.12697,0.03516,0.03641,0.02745,0.04189
0.10841,0.19587,0.13983,0.10773,0.14364,0.14015,0.04235,0.03771,0.03594,0.04838
0.10322,0.12658,0.15973,0.11529,0.22550,0.03780,0.04839,0.05976,0.06100,0.06273
0.13165,0.13378,0.13989,0.13062,0.13969,0.18455,0.03180,0.03095,0.03167,0.04540
0.10136,0.13800,0.16854,0.11407,0.10539,0.03962,0.09222,0.06240,0.10710,0.07129
0.15991,0.11708,0.16592,0.10652,0.18452,0.14389,0.02675,0.02794,0.03055,0.03691
0.18365,0.14037,0.15172,0.14412,0.15986,0.05873,0.05001,0.04056,0.03058,0.04039
0.21035,0.13615,0.16393,0.11850,0.16700,0.08020,0.02748,0.02872,0.03022,0.03745
0.18526,0.09670,0.16267,0.14147,0.11427,0.03168,0.07351,0.07112,0.06198,0.06133
0.14204,0.28132,0.17741,0.10781,0.19179,0.04066,0.01546,0.01438,0.01039,0.01875
0.13426,0.26492,0.15230,0.23919,0.11097,0.03395,0.01501,0.01561,0.01582,0.01797
0.23262,0.09450,0.24122,0.08903,0.17817,0.03952,0.03063,0.03186,0.02815,0.03429
0.14799,0.13512,0.14383,0.13204,0.14212,0.10603,0.05688,0.04587,0.04062,0.04951
0.18528,0.14088,0.15922,0.15608,0.16230,0.04002,0.02922,0.03842,0.04523,0.04335
0.12537,0.20594,0.15312,0.19174,0.14028,0.09442,0.02150,0.02424,0.01781,0.02560
0.14367,0.13902,0.13989,0.13585,0.16356,0.05549,0.05511,0.05238,0.03947,0.07558
0.13392,0.18332,0.13696,0.12253,0.21356,0.06045,0.03580,0.04082,0.03309,0.03954
0.14490,0.16757,0.18383,0.14957,0.08711,0.07636,0.04133,0.04773,0.05000,0.05161
0.15694,0.16407,0.15253,0.11425,0.10044,0.15574,0.03456,0.03341,0.03314,0.05492
0.11372,0.14914,0.17303,0.14578,0.14180,0.08473,0.04350,0.04107,0.05420,0.05304
0.19905,0.12959,0.13911,0.10730,0.17342,0.05048,0.03928,0.04575,0.05434,0.06168
0.14808,0.19090,0.14626,0.21504,0.07475,0.02339,0.09265,0.07034,0.01698,0.02161
0.17657,0.13618,0.15686,0.15496,0.13767,0.06571,0.05086,0.04016,0.03609,0.04495
0.16303,0.21394,0.17540,0.14091,0.18987,0.02987,0.02270,0.01882,0.01430,0.03115
0.14141,0.11903,0.11902,0.11845,0.13396,0.06301,0.07553,0.06953,0.08218,0.07787
0.12306,0.14757,0.23170,0.15227,0.14829,0.03229,0.03704,0.03818,0.04312,0.04648
0.17038,0.13257,0.17837,0.18770,0.16979,0.05272,0.02738,0.02402,0.02419,0.03287
0.13150,0.10382,0.17632,0.18961,0.11788,0.14418,0.02781,0.03077,0.03262,0.04549
0.14518,0.16058,0.19874,0.15997,0.16684,0.07175,0.02471,0.02258,0.02041,0.02925
0.15084,0.21354,0.12457,0.24158,0.11681,0.04340,0.03239,0.02970,0.01911,0.02806
0.16602,0.10139,0.15753,0.15909,0.14363,0.13915,0.03051,0.03068,0.02943,0.04258
0.16569,0.13514,0.17490,0.18091,0.14038,0.07105,0.03767,0.03170,0.02922,0.03335
0.09735,0.18768,0.17112,0.16664,0.17879,0.06498,0.03840,0.03386,0.02964,0.03154
0.11765,0.21989,0.12550,0.21808,0.10659,0.06403,0.03588,0.03686,0.03127,0.04425
0.19238,0.14160,0.17747,0.14429,0.17026,0.04312,0.03736,0.02990,0.02693,0.03669
0.17529,0.16851,0.12148,0.16469,0.19742,0.04239,0.03073,0.03070,0.02973,0.03907
0.12395,0.10052,0.12656,0.13367,0.15846,0.22154,0.03073,0.03446,0.03303,0.03707
0.15014,0.12104,0.09436,0.11168,0.13169,0.04304,0.11625,0.08775,0.06935,0.07470
0.15022,0.14993,0.14218,0.12161,0.13624,0.08342,0.07298,0.04737,0.04745,0.04860
0.19768,0.15495,0.18116,0.17489,0.15882,0.01814,0.02858,0.02944,0.02586,0.03047
0.13124,0.10601,0.13083,0.12847,0.12365,0.27591,0.03412,0.02482,0.01588,0.02908
0.13088,0.11490,0.13363,0.13281,0.11991,0.07043,0.07692,0.07249,0.07357,0.07445
0.16384,0.12637,0.16137,0.19225,0.17907,0.06052,0.02920,0.02776,0.02665,0.03296
0.18569,0.19654,0.16452,0.12341,0.17236,0.01973,0.04312,0.03817,0.02685,0.02961
0.14413,0.10696,0.15305,0.17629,0.19572,0.09118,0.03310,0.03185,0.02950,0.03822
0.11447,0.10028,0.15905,0.16586,0.11881,0.18120,0.03701,0.03865,0.03477,0.04990
0.09800,0.24748,0.09480,0.22971,0.09336,0.09391,0.02973,0.03157,0.02758,0.05385
0.16483,0.18693,0.11279,0.22051,0.10415,0.06996,0.03171,0.03543,0.03427,0.03943
0.16758,0.13096,0.13849,0.13823,0.15249,0.05137,0.05542,0.04672,0.06164,0.05710
0.22899,0.14362,0.14960,0.16390,0.20547,0.03640,0.01650,0.01973,0.01484,0.02095
0.16517,0.16176,0.22366,0.19001,0.10452,0.05042,0.02521,0.02484,0.02459,0.02982
0.12686,0.12534,0.10478,0.09829,0.11628,0.25705,0.04167,0.03762,0.04253,0.04958
0.16648,0.16925,0.16396,0.16075,0.16404,0.03977,0.03444,0.03679,0.03070,0.03381
0.17695,0.14202,0.15280,0.11859,0.15469,0.10271,0.04738,0.04052,0.02885,0.03548
0.24034,0.12342,0.18823,0.13441,0.16531,0.03944,0.02970,0.02624,0.02267,0.03023
0.15608,0.17005,0.19395,0.17544,0.17006,0.03864,0.02873,0.02286,0.01882,0.02536
0.24306,0.11379,0.21186,0.11528,0.11154,0.03978,0.04734,0.03962,0.04081,0.03690
0.17973,0.14267,0.14707,0.14591,0.15711,0.04362,0.05376,0.04736,0.03599,0.04677
0.17166,0.15808,0.17737,0.19001,0.18964,0.04555,0.01720,0.01639,0.01491,0.01919
0.11719,0.14615,0.17327,0.14348,0.09352,0.07720,0.05279,0.05460,0.05741,0.08438
0.15532,0.12987,0.15821,0.14861,0.16156,0.11868,0.03516,0.02996,0.02839,0.03424
0.13794,0.11524,0.13897,0.10076,0.12736,0.08408,0.07160,0.07749,0.07246,0.07408
0.16584,0.14657,0.16945,0.15566,0.17703,0.08138,0.02318,0.02247,0.02627,0.03216
0.14006,0.16018,0.18300,0.17442,0.15699,0.06360,0.03693,0.02780,0.02420,0.03282
0.15322,0.15038,0.19401,0.13732,0.14483,0.05218,0.03702,0.03926,0.04497,0.04682
0.18031,0.16401,0.19397,0.19348,0.13681,0.03649,0.02641,0.02248,0.02016,0.02588
0.22582,0.18966,0.11344,0.11842,0.22353,0.03472,0.02847,0.02084,0.01613,0.02896
0.16081,0.12216,0.16411,0.17622,0.19410,0.05290,0.03007,0.02970,0.03027,0.03966
0.19986,0.17275,0.14695,0.14360,0.20052,0.02986,0.02295,0.02799,0.02270,0.03282
0.13828,0.18146,0.15016,0.13495,0.20752,0.05781,0.03758,0.02907,0.02982,0.03334
0.18994,0.12694,0.17647,0.12195,0.15740,0.08917,0.03596,0.03582,0.03104,0.03530
0.11887,0.11319,0.20429,0.09795,0.24171,0.07658,0.03982,0.03549,0.03300,0.03911
0.12213,0.16617,0.16721,0.18171,0.16037,0.02973,0.03624,0.03789,0.05204,0.04651
0.16385,0.15495,0.14795,0.14978,0.09712,0.04234,0.06971,0.06562,0.04931,0.05937
0.18201,0.11501,0.15430,0.12217,0.15921,0.12679,0.04373,0.03117,0.02647,0.03914
0.11348,0.16009,0.15034,0.15664,0.17146,0.09014,0.04293,0.04125,0.03370,0.03998
0.19936,0.10865,0.23757,0.09335,0.17175,0.03862,0.04777,0.03626,0.03045,0.03621
0.16374,0.10266,0.17770,0.21390,0.20456,0.02833,0.02453,0.02480,0.02577,0.03402
0.15578,0.14931,0.11102,0.14629,0.15253,0.06946,0.05836,0.04802,0.04978,0.05946
0.14208,0.14067,0.15827,0.15342,0.14672,0.09365,0.03372,0.03870,0.04257,0.05020
0.13235,0.09297,0.14456,0.15251,0.14228,0.16300,0.04438,0.03909,0.03932,0.04953
0.12342,0.10679,0.14672,0.07741,0.09637,0.12710,0.06314,0.06516,0.08272,0.11117
0.17046,0.18460,0.15921,0.17009,0.16729,0.02885,0.03300,0.03097,0.02358,0.03195
0.13140,0.15700,0.10705,0.17601,0.17372,0.10249,0.03354,0.03725,0.03038,0.05116
0.14738,0.14408,0.14726,0.14034,0.14698,0.06366,0.04916,0.05021,0.05717,0.05377
0.17966,0.16566,0.13198,0.14081,0.22007,0.04773,0.03300,0.02664,0.02258,0.03186
0.12413,0.07840,0.14920,0.18027,0.15463,0.03726,0.08489,0.06476,0.06930,0.05716
0.18898,0.18234,0.11973,0.12531,0.22989,0.03345,0.03137,0.03079,0.02426,0.03389
0.16286,0.15367,0.22946,0.14038,0.14294,0.04527,0.03942,0.02866,0.02699,0.03035
0.11309,0.12919,0.11194,0.10281,0.11299,0.23507,0.03580,0.04940,0.04982,0.05989
0.16498,0.18357,0.16498,0.13920,0.17527,0.02454,0.04102,0.03654,0.02869,0.04121
0.16280,0.21571,0.14555,0.09168,0.11170,0.14376,0.02611,0.03000,0.02906,0.04363
0.09815,0.09612,0.10514,0.10202,0.10692,0.38907,0.02833,0.02640,0.01897,0.02890
0.08096,0.19916,0.09957,0.19320,0.12111,0.14988,0.04206,0.03843,0.03364,0.04199
0.13732,0.15195,0.15877,0.15655,0.14705,0.10724,0.03754,0.03175,0.02910,0.04273
0.14850,0.15078,0.17692,0.15434,0.12363,0.10615,0.04187,0.03161,0.02592,0.04028
0.16552,0.17291,0.14227,0.15359,0.19852,0.03430,0.04079,0.03739,0.02080,0.03391
0.10782,0.11954,0.17784,0.11169,0.10799,0.22416,0.04009,0.03454,0.03287,0.04345
0.13500,0.17130,0.14256,0.19922,0.18783,0.04343,0.02237,0.03087,0.02900,0.03843
0.13229,0.13554,0.15024,0.14286,0.14303,0.14923,0.03384,0.03931,0.02992,0.04375
0.12936,0.08943,0.10722,0.08286,0.10767,0.11075,0.10436,0.09609,0.08678,0.08548
0.13089,0.15646,0.20971,0.18085,0.13108,0.08656,0.02681,0.02228,0.02098,0.03438
0.19699,0.09566,0.17801,0.09624,0.26207,0.05650,0.02553,0.02555,0.02389,0.03955
0.10813,0.13741,0.16134,0.10937,0.11919,0.16081,0.04574,0.04229,0.04945,0.06627
0.15364,0.13671,0.18705,0.16225,0.16271,0.07502,0.03099,0.03102,0.02467,0.03595
0.12814,0.13506,0.18906,0.12348,0.14370,0.04481,0.09499,0.06854,0.03153,0.04069
0.21327,0.15668,0.22833,0.12731,0.14788,0.04381,0.02324,0.01972,0.01849,0.02127
0.15548,0.14367,0.16569,0.17356,0.17182,0.05112,0.03286,0.03277,0.03076,0.04226
0.14058,0.12044,0.16165,0.19630,0.21102,0.02972,0.04011,0.03588,0.02762,0.03669
0.09678,0.13015,0.22459,0.11889,0.19165,0.03749,0.08844,0.06734,0.02039,0.02429
0.13897,0.13364,0.14690,0.15389,0.17192,0.11129,0.02825,0.03743,0.02907,0.04863
0.12099,0.11190,0.13648,0.15290,0.13198,0.12217,0.06669,0.05083,0.04938,0.05667
0.13749,0.19570,0.15703,0.14266,0.15334,0.04499,0.04547,0.03788,0.03848,0.04697
0.13983,0.25539,0.16829,0.11372,0.17965,0.03480,0.02868,0.02587,0.02462,0.02915
0.19623,0.12600,0.19485,0.10462,0.13805,0.14521,0.02055,0.02364,0.02094,0.02991
0.14906,0.13369,0.15310,0.15127,0.17103,0.12235,0.02944,0.02673,0.02701,0.03632
0.19000,0.16865,0.16976,0.16482,0.17701,0.03334,0.02287,0.02107,0.02308,0.02940
0.19781,0.15225,0.16981,0.16825,0.14717,0.03776,0.03472,0.03368,0.02676,0.03179
0.17505,0.18511,0.13028,0.11704,0.22401,0.06268,0.02416,0.02269,0.02299,0.03601
0.14599,0.16143,0.15706,0.15246,0.14743,0.04201,0.05032,0.05278,0.03898,0.05154
0.17737,0.17268,0.14467,0.14773,0.23043,0.05098,0.02095,0.01771,0.01458,0.02291
0.10412,0.15229,0.16562,0.13311,0.15039,0.03517,0.08859,0.06891,0.04813,0.05369
0.10946,0.09967,0.18906,0.08383,0.24560,0.11631,0.03652,0.03751,0.03744,0.04460
0.18880,0.11112,0.15181,0.12326,0.12344,0.06760,0.04883,0.04802,0.07351,0.06363
0.14572,0.16881,0.16240,0.17619,0.15431,0.02411,0.06725,0.03891,0.02493,0.03738
0.15779,0.09768,0.17520,0.09420,0.17582,0.05960,0.05641,0.04821,0.06123,0.07387
0.20725,0.15532,0.18285,0.15093,0.16227,0.03483,0.03345,0.02289,0.02363,0.02658
0.13304,0.15230,0.13780,0.13125,0.18514,0.11930,0.03699,0.03104,0.03509,0.03804
0.15275,0.14858,0.14754,0.14677,0.16463,0.10345,0.03251,0.02990,0.03244,0.04144
0.15934,0.17047,0.15177,0.14560,0.15737,0.03189,0.06955,0.04462,0.03634,0.03306
0.13532,0.13862,0.21057,0.13821,0.13239,0.05582,0.03200,0.03962,0.04360,0.07386
0.12001,0.12512,0.16593,0.21309,0.16825,0.10667,0.02465,0.02096,0.01708,0.03825
0.16852,0.13483,0.14387,0.13237,0.12151,0.19697,0.02109,0.02276,0.02420,0.03388
0.15576,0.17823,0.16305,0.13997,0.19144,0.06633,0.02701,0.02289,0.02473,0.03060
0.12736,0.10471,0.15929,0.21187,0.18283,0.11851,0.02290,0.02028,0.02081,0.03145
0.13872,0.15677,0.22808,0.16851,0.15486,0.05327,0.02526,0.02203,0.02490,0.02759
0.15714,0.15939,0.14562,0.19152,0.18565,0.06541,0.02158,0.02249,0.02114,0.03008
0.15678,0.13004,0.16838,0.18735,0.16012,0.05253,0.03420,0.03455,0.02961,0.04643
0.15868,0.16777,0.16592,0.15404,0.16868,0.06016,0.02721,0.02517,0.03166,0.04071
0.10572,0.17730,0.10257,0.17928,0.08807,0.09514,0.07206,0.05717,0.06431,0.05840
0.16261,0.17139,0.16778,0.15336,0.17292,0.06468,0.02438,0.02663,0.02544,0.03081
0.10334,0.14708,0.15704,0.12822,0.12985,0.18857,0.03992,0.03511,0.03568,0.03519
0.14955,0.18590,0.12732,0.19203,0.15276,0.05767,0.02857,0.03302,0.03229,0.04089
0.14267,0.14258,0.11926,0.16240,0.21629,0.06698,0.03984,0.03537,0.02571,0.04889
0.15082,0.15461,0.15321,0.14700,0.17162,0.11511,0.02606,0.02540,0.02520,0.03098
0.17959,0.13161,0.16340,0.13759,0.15198,0.06447,0.07245,0.04966,0.02253,0.02673
0.19134,0.13998,0.14013,0.14373,0.16085,0.04589,0.05422,0.04066,0.04095,0.04224
0.13009,0.12203,0.10269,0.11473,0.13962,0.27403,0.02298,0.02644,0.02672,0.04066
0.11034,0.14057,0.25386,0.14331,0.12767,0.07088,0.03486,0.03282,0.03677,0.04891
0.24896,0.11765,0.15408,0.10912,0.18922,0.08041,0.02335,0.02415,0.02085,0.03221
0.17811,0.13141,0.16053,0.15192,0.21668,0.04132,0.02918,0.02973,0.02760,0.03352
0.15361,0.11981,0.09960,0.11943,0.21295,0.11014,0.04072,0.03335,0.03149,0.07890
0.15819,0.12286,0.13039,0.11203,0.08526,0.09325,0.06449,0.06993,0.08017,0.08343
0.12736,0.15298,0.18505,0.17463,0.15522,0.05150,0.04005,0.03592,0.03320,0.04407
0.16125,0.16605,0.16505,0.14994,0.17879,0.05855,0.03137,0.03063,0.02519,0.03318
0.14689,0.13774,0.14667,0.13736,0.14946,0.13631,0.03603,0.02904,0.03278,0.04771
0.15402,0.12477,0.19470,0.10276,0.14454,0.12079,0.04937,0.04133,0.02682,0.04090
0.11572,0.13736,0.09782,0.15112,0.14479,0.08075,0.04996,0.06410,0.07817,0.08021
0.16648,0.10187,0.17002,0.20403,0.16159,0.08654,0.03251,0.02673,0.02099,0.02923
0.18213,0.15842,0.17907,0.16720,0.18525,0.03668,0.02677,0.02714,0.01814,0.01922
0.13376,0.10508,0.14344,0.17698,0.19458,0.11725,0.03421,0.02963,0.03076,0.03431
0.17250,0.16927,0.17270,0.15354,0.18238,0.05143,0.02391,0.02215,0.02227,0.02986
0.27209,0.14437,0.13422,0.14136,0.11279,0.04555,0.03736,0.03628,0.04210,0.03388
0.18170,0.18274,0.15616,0.10453,0.12159,0.04102,0.06400,0.05318,0.05071,0.04436
0.09837,0.14040,0.27543,0.12024,0.11377,0.06479,0.06023,0.04628,0.04181,0.03867
0.14685,0.14412,0.13241,0.15354,0.15958,0.17289,0.02140,0.01844,0.01729,0.03349
0.14516,0.11947,0.11290,0.13597,0.17283,0.12238,0.04825,0.04900,0.03715,0.05688
0.11391,0.14239,0.13790,0.15335,0.13728,0.08477,0.06555,0.04717,0.04828,0.06941
0.14860,0.15414,0.16443,0.14573,0.15518,0.03859,0.04939,0.04119,0.05079,0.05194
0.15032,0.12269,0.12820,0.12275,0.14934,0.18489,0.03974,0.03379,0.03024,0.03805
0.18249,0.11108,0.15826,0.15321,0.22122,0.04473,0.03576,0.02941,0.03114,0.03270
0.15866,0.20822,0.08792,0.09539,0.30123,0.04593,0.02966,0.02083,0.02484,0.02733
0.13322,0.13027,0.14617,0.16512,0.14637,0.04620,0.05240,0.05290,0.06737,0.05998
0.15002,0.10258,0.14270,0.14127,0.09406,0.16424,0.05898,0.04658,0.04310,0.05646
0.13760,0.13975,0.12520,0.11063,0.12753,0.05645,0.09786,0.06790,0.06564,0.07145
0.12911,0.14165,0.14209,0.14990,0.14922,0.13432,0.03425,0.03369,0.03722,0.04854
0.14345,0.09582,0.13498,0.14169,0.15239,0.16723,0.03567,0.03679,0.03884,0.05314
0.09009,0.12555,0.11800,0.10990,0.12518,0.31700,0.02630,0.03172,0.02399,0.03228
0.12422,0.13716,0.11950,0.13653,0.15132,0.05785,0.07221,0.05924,0.06850,0.07347
0.15166,0.18961,0.09969,0.18597,0.20188,0.07444,0.01908,0.02426,0.02449,0.02893
0.14014,0.17211,0.15540,0.19249,0.16600,0.04920,0.03380,0.03106,0.02374,0.03605
0.12594,0.16274,0.19384,0.14835,0.10750,0.09164,0.03325,0.04521,0.03902,0.05250
0.14605,0.14456,0.22943,0.15153,0.15733,0.04764,0.03394,0.02886,0.02822,0.03244
0.19093,0.21166,0.17196,0.20668,0.09163,0.03314,0.02747,0.02135,0.01744,0.02774
0.16308,0.15364,0.09994,0.14536,0.13715,0.03952,0.07715,0.05529,0.06245,0.06643
0.12868,0.13233,0.19964,0.12631,0.25832,0.03466,0.02676,0.03263,0.02260,0.03806
0.13352,0.10294,0.12215,0.09872,0.09951,0.33969,0.02749,0.02826,0.02042,0.02730
0.14214,0.15089,0.11418,0.17950,0.15810,0.12075,0.03493,0.03567,0.02528,0.03856
0.14888,0.10083,0.15901,0.17871,0.14953,0.05271,0.05926,0.04967,0.04844,0.05297
0.13978,0.13005,0.14415,0.13632,0.13983,0.11840,0.04198,0.04425,0.04394,0.06129
0.14658,0.16535,0.14277,0.14071,0.18917,0.06853,0.03511,0.03836,0.03493,0.03849
0.16126,0.12758,0.18747,0.12599,0.19342,0.05118,0.04868,0.04310,0.02609,0.03523
0.17122,0.17611,0.16680,0.13994,0.17800,0.06518,0.02910,0.02386,0.02121,0.02858
0.13032,0.14902,0.15436,0.15512,0.15283,0.05821,0.04660,0.05417,0.04436,0.05500
0.16085,0.20398,0.12904,0.11367,0.25484,0.06492,0.01714,0.01656,0.01581,0.02319
0.11752,0.20244,0.10689,0.20686,0.10881,0.06178,0.04671,0.04690,0.05273,0.04935
0.17828,0.15624,0.15398,0.11990,0.11323,0.11877,0.03902,0.04022,0.03588,0.04448
0.17798,0.20074,0.12117,0.24257,0.12240,0.02448,0.02555,0.02846,0.02703,0.02961
0.13904,0.15612,0.13784,0.14132,0.18634,0.02628,0.06419,0.05555,0.04326,0.05004
0.17894,0.16894,0.09470,0.16665,0.15897,0.03359,0.07098,0.05285,0.02675,0.04763
0.16118,0.19349,0.14693,0.13097,0.22172,0.05749,0.02209,0.01962,0.02124,0.02527
0.13694,0.14596,0.18324,0.15720,0.15127,0.09341,0.03390,0.03141,0.02747,0.03920
0.14608,0.15412,0.19344,0.15675,0.14999,0.04929,0.05520,0.04008,0.02352,0.03154
0.15375,0.20313,0.14672,0.10422,0.15751,0.10794,0.03949,0.03154,0.02658,0.02913
0.22829,0.12498,0.19552,0.12066,0.14203,0.07312,0.02544,0.02824,0.02826,0.03345
0.09123,0.16370,0.15136,0.20179,0.15765,0.10412,0.03253,0.03386,0.02772,0.03605
0.13667,0.11417,0.17900,0.18490,0.12221,0.06782,0.03683,0.04583,0.05941,0.05318
0.16617,0.15190,0.16910,0.15679,0.16041,0.07372,0.03476,0.03022,0.02310,0.03385
0.13975,0.15323,0.05388,0.16982,0.15350,0.15077,0.06611,0.03070,0.02982,0.05241
0.17242,0.11915,0.15963,0.14257,0.15002,0.14310,0.02549,0.02671,0.02457,0.03634
0.11049,0.15691,0.21019,0.17618,0.15007,0.03898,0.03943,0.03600,0.04214,0.03960
0.15099,0.16382,0.15798,0.16309,0.22995,0.04183,0.02373,0.02497,0.01576,0.02788
0.12981,0.22701,0.13490,0.20901,0.10410,0.08922,0.02802,0.02704,0.02029,0.03061
0.11810,0.18157,0.10396,0.17540,0.16403,0.06078,0.03644,0.04577,0.04397,0.07000
0.12737,0.17229,0.17010,0.13977,0.16309,0.08834,0.03622,0.03645,0.02701,0.03935
0.09073,0.19417,0.10528,0.27700,0.19688,0.03005,0.02312,0.03177,0.02089,0.03012
0.24204,0.13068,0.22754,0.12339,0.12300,0.04547,0.02799,0.02487,0.02703,0.02800
0.11665,0.08773,0.19044,0.28162,0.19888,0.03555,0.02246,0.01840,0.02217,0.02610
0.18126,0.19570,0.16311,0.12276,0.14018,0.05728,0.03520,0.03309,0.03405,0.03737
0.13713,0.13749,0.13295,0.13135,0.16280,0.13885,0.03206,0.03914,0.03236,0.05586
0.10422,0.15588,0.13431,0.16831,0.13934,0.07365,0.08393,0.05418,0.04045,0.04575
0.19437,0.13433,0.15275,0.15265,0.19483,0.06003,0.02377,0.02903,0.02387,0.03437
0.16852,0.16897,0.19486,0.13547,0.18806,0.03684,0.02602,0.02533,0.02101,0.03493
0.11627,0.19837,0.17003,0.17609,0.15966,0.05232,0.03447,0.02990,0.03092,0.03200
0.10084,0.14163,0.13931,0.13999,0.11987,0.06566,0.08459,0.06774,0.07899,0.06140
0.17062,0.16066,0.16187,0.13687,0.14326,0.10352,0.03485,0.02908,0.02515,0.03411
0.16110,0.11489,0.14214,0.11293,0.20826,0.07770,0.03168,0.04490,0.04679,0.05961
0.15175,0.17171,0.10166,0.10445,0.20340,0.10728,0.03823,0.03474,0.04028,0.04650
0.15897,0.18505,0.13417,0.21558,0.12186,0.04693,0.04959,0.04265,0.02069,0.02450
0.14009,0.08906,0.17423,0.22410,0.14650,0.05651,0.03792,0.04570,0.04149,0.04441
0.14019,0.12421,0.13633,0.12204,0.10379,0.17639,0.04518,0.03910,0.05325,0.05952
0.18562,0.14365,0.12866,0.16700,0.15578,0.08175,0.03096,0.03312,0.02771,0.04576
0.14716,0.16289,0.10590,0.19346,0.17545,0.07295,0.04004,0.03538,0.02403,0.04274
0.19089,0.23798,0.17331,0.12376,0.14270,0.04776,0.01916,0.01986,0.01877,0.02581
0.13705,0.12603,0.08915,0.12000,0.13642,0.03777,0.11086,0.08066,0.08228,0.07979
0.17071,0.11713,0.15192,0.12956,0.17145,0.04084,0.05261,0.04865,0.05707,0.06005
0.18648,0.26999,0.15792,0.07902,0.11070,0.06308,0.03149,0.03005,0.03121,0.04007
0.15421,0.22480,0.16596,0.12532,0.14616,0.06957,0.03171,0.02697,0.02621,0.02907
0.16727,0.14045,0.14957,0.13081,0.17024,0.03455,0.05328,0.04595,0.05664,0.05124
0.17000,0.14591,0.18037,0.10596,0.13577,0.11750,0.04288,0.03411,0.02801,0.03950
0.13383,0.10259,0.17353,0.22090,0.17644,0.03907,0.04789,0.03596,0.03369,0.03610
0.12884,0.15863,0.14184,0.13720,0.15729,0.04641,0.05896,0.04934,0.06411,0.05739
0.11994,0.15402,0.18589,0.14961,0.20728,0.03923,0.04080,0.03660,0.02959,0.03705
0.16880,0.15082,0.17618,0.16174,0.16625,0.07752,0.02257,0.02569,0.02245,0.02796
0.13974,0.10221,0.18800,0.21611,0.14769,0.05888,0.03541,0.03781,0.03521,0.03894
0.11144,0.13925,0.18935,0.15214,0.11200,0.04217,0.08020,0.05342,0.05760,0.06244
0.14460,0.13547,0.12976,0.14256,0.15356,0.06730,0.04796,0.05929,0.05946,0.06005
0.11013,0.17961,0.18329,0.20083,0.17186,0.02839,0.03039,0.03150,0.02084,0.04316
0.11357,0.10198,0.11990,0.08752,0.13636,0.35049,0.01922,0.02018,0.01795,0.03284
0.14438,0.11053,0.15661,0.15664,0.14298,0.14352,0.04437,0.03515,0.02912,0.03670
0.16344,0.16023,0.13266,0.16677,0.17844,0.05304,0.03324,0.04021,0.03262,0.03933
0.11284,0.12232,0.17630,0.15621,0.09588,0.17667,0.04254,0.03545,0.03707,0.04472
0.18692,0.13615,0.15755,0.14833,0.08253,0.13180,0.03935,0.03942,0.03658,0.04137
0.16119,0.15486,0.14996,0.12697,0.15812,0.09870,0.03868,0.03805,0.02823,0.04523
