0.00365,0.22314,0.03292,0.03777,0.06392,0.01235,0.15498,0.25427,0.05363,0.05271,0.01879,0.05545,0.00862,0.02780
0.00297,0.15538,0.28058,0.01179,0.01157,0.00672,0.42990,0.00256,0.04581,0.01789,0.00797,0.00947,0.00263,0.01475
0.00373,0.34155,0.01990,0.03049,0.01641,0.00438,0.49891,0.00253,0.02015,0.00441,0.01025,0.02199,0.00389,0.02141
0.00223,0.51071,0.00917,0.00282,0.00753,0.00266,0.43643,0.00085,0.00428,0.00214,0.00318,0.00558,0.00213,0.01029
0.00906,0.28828,0.02405,0.02060,0.04580,0.01303,0.25997,0.00276,0.04948,0.08796,0.07128,0.04675,0.02509,0.05588
0.00971,0.10569,0.16964,0.04341,0.04287,0.00977,0.28556,0.01400,0.04284,0.24500,0.00695,0.01113,0.00651,0.00693
0.00421,0.18910,0.05041,0.03887,0.01558,0.01619,0.23797,0.20264,0.04869,0.02369,0.07382,0.05927,0.00795,0.03161
0.00242,0.23445,0.09874,0.19263,0.02884,0.00361,0.36344,0.02030,0.01221,0.00450,0.00404,0.00784,0.00323,0.02375
0.00368,0.38438,0.08195,0.00546,0.01925,0.00441,0.35986,0.00106,0.01089,0.00784,0.02041,0.01826,0.00577,0.07675
0.00351,0.40518,0.09470,0.01195,0.02104,0.02308,0.11170,0.00211,0.01020,0.04897,0.14563,0.03036,0.00661,0.08497
0.00483,0.55507,0.02505,0.03034,0.02047,0.04932,0.11064,0.00248,0.01662,0.03396,0.05749,0.03772,0.01322,0.04278
0.00176,0.31441,0.09596,0.01325,0.01296,0.00406,0.49753,0.00178,0.00617,0.00624,0.00869,0.00713,0.00313,0.02694
0.00336,0.24593,0.03679,0.01036,0.02167,0.00671,0.61205,0.00151,0.02281,0.00721,0.00639,0.01018,0.00316,0.01186
0.23414,0.24409,0.05243,0.02773,0.03227,0.01954,0.11592,0.00546,0.04442,0.05157,0.03347,0.03386,0.01025,0.09484
0.00368,0.42414,0.09023,0.02719,0.00870,0.00706,0.32203,0.01450,0.02205,0.00711,0.00708,0.02323,0.00289,0.04010
0.03972,0.14349,0.09752,0.06763,0.01615,0.01168,0.08081,0.42218,0.05102,0.01287,0.01235,0.02066,0.01023,0.01368
0.00395,0.24281,0.03191,0.03759,0.01661,0.00550,0.57849,0.00229,0.02238,0.01464,0.01711,0.01227,0.00329,0.01115
0.00377,0.14465,0.15645,0.01603,0.11839,0.01183,0.12723,0.00190,0.03243,0.12017,0.18291,0.01450,0.02345,0.04630
0.00382,0.39631,0.15819,0.00813,0.01732,0.00257,0.37357,0.00123,0.00964,0.00373,0.00498,0.00628,0.00318,0.01106
0.00782,0.07403,0.05401,0.01011,0.01286,0.01105,0.06474,0.64099,0.01130,0.02960,0.03395,0.01533,0.01621,0.01800
0.00333,0.32117,0.07315,0.00994,0.04419,0.00997,0.38135,0.00216,0.03248,0.01087,0.03325,0.02375,0.02397,0.03042
0.00350,0.27023,0.24230,0.00821,0.01264,0.00459,0.36281,0.00160,0.01909,0.01066,0.02200,0.00826,0.00319,0.03093
0.00469,0.28289,0.02325,0.03497,0.01553,0.01084,0.20700,0.08362,0.11882,0.07732,0.05305,0.04026,0.00335,0.04441
0.00297,0.35569,0.01612,0.01223,0.01256,0.01804,0.19671,0.00178,0.00941,0.07492,0.25660,0.01988,0.00524,0.01785
0.00313,0.25743,0.04412,0.00898,0.00854,0.01269,0.38521,0.00355,0.01499,0.00747,0.21435,0.01427,0.00899,0.01629
0.00491,0.16938,0.12290,0.06016,0.01206,0.00843,0.32633,0.00255,0.07598,0.04947,0.02897,0.02692,0.00385,0.10808
0.00367,0.07111,0.01382,0.00857,0.01388,0.01454,0.04499,0.00541,0.00811,0.33868,0.39729,0.01721,0.00286,0.05986
0.00132,0.56312,0.03695,0.00390,0.00848,0.00222,0.34247,0.00074,0.00618,0.00260,0.00312,0.00448,0.00171,0.02270
0.00418,0.37907,0.01809,0.01275,0.01586,0.01506,0.24889,0.00176,0.01198,0.00821,0.23693,0.02151,0.01356,0.01215
0.01501,0.29953,0.11691,0.04733,0.02956,0.07014,0.15927,0.00211,0.02583,0.05229,0.11541,0.02220,0.00839,0.03602
0.01767,0.11263,0.01227,0.02452,0.01591,0.00841,0.17853,0.00483,0.01041,0.01405,0.40573,0.00811,0.17941,0.00753
0.02680,0.08371,0.02836,0.01535,0.01301,0.01277,0.08474,0.56678,0.01593,0.06184,0.03126,0.02411,0.01006,0.02530
0.00322,0.43789,0.01860,0.03836,0.02228,0.00817,0.39399,0.00512,0.01192,0.00829,0.00522,0.02246,0.00491,0.01957
0.00200,0.29855,0.16835,0.03428,0.01843,0.00701,0.36036,0.00178,0.01557,0.01357,0.02351,0.01916,0.00702,0.03039
0.00206,0.38420,0.08245,0.01038,0.08978,0.00470,0.30596,0.00329,0.05598,0.01120,0.00543,0.01180,0.00535,0.02741
0.00235,0.47717,0.01437,0.00785,0.00978,0.00321,0.45055,0.00128,0.00558,0.00327,0.00422,0.00441,0.00240,0.01356
0.00095,0.65763,0.04639,0.01423,0.00908,0.00295,0.22683,0.00106,0.00818,0.00280,0.00271,0.00441,0.00168,0.02111
0.00284,0.37540,0.01657,0.02154,0.01774,0.01299,0.42803,0.00281,0.00862,0.02303,0.03909,0.01656,0.01750,0.01728
0.00499,0.12181,0.05968,0.02720,0.05144,0.01381,0.20497,0.00554,0.02040,0.42326,0.01013,0.01329,0.02486,0.01862
0.00272,0.31612,0.05564,0.08905,0.18430,0.01183,0.15394,0.00681,0.05183,0.04474,0.02565,0.02508,0.00592,0.02636
0.00231,0.13889,0.11604,0.05521,0.04500,0.01217,0.28888,0.00244,0.09247,0.19686,0.00769,0.01947,0.00624,0.01631
0.00248,0.36392,0.03234,0.02191,0.09555,0.00438,0.42047,0.00151,0.02102,0.00394,0.00452,0.01037,0.00380,0.01380
0.00180,0.40102,0.03989,0.00672,0.01586,0.00354,0.45477,0.00103,0.02311,0.00367,0.00694,0.01131,0.00318,0.02714
0.00498,0.32565,0.09273,0.05775,0.01561,0.01175,0.14826,0.00292,0.02308,0.18424,0.06538,0.01797,0.00354,0.04614
0.00519,0.26103,0.08673,0.02696,0.01101,0.00665,0.30896,0.00284,0.09879,0.09887,0.04807,0.02447,0.00396,0.01647
0.00249,0.40825,0.09578,0.01322,0.02763,0.01041,0.30231,0.00152,0.05286,0.00859,0.01077,0.02776,0.00594,0.03249
0.00219,0.13962,0.01137,0.00580,0.46522,0.00565,0.32360,0.00190,0.00710,0.01129,0.00694,0.00473,0.00562,0.00897
0.00308,0.40562,0.03863,0.01675,0.04503,0.00897,0.32167,0.00879,0.04413,0.02902,0.03170,0.00768,0.00873,0.03020
0.00462,0.23989,0.09502,0.04891,0.04183,0.02886,0.20227,0.00297,0.26034,0.02156,0.02139,0.00921,0.01003,0.01309
0.00291,0.30042,0.08074,0.00979,0.08068,0.00547,0.34177,0.00174,0.04781,0.01307,0.01518,0.03112,0.00674,0.06256
0.22816,0.31263,0.05237,0.02964,0.03076,0.01037,0.16546,0.00363,0.05130,0.01109,0.03510,0.02114,0.03736,0.01100
0.00368,0.29588,0.02262,0.02040,0.00869,0.01612,0.08201,0.00316,0.01949,0.22632,0.18170,0.02041,0.00386,0.09566
0.00674,0.31439,0.14745,0.03223,0.06350,0.00797,0.17007,0.00698,0.16888,0.04271,0.00792,0.01352,0.00508,0.01255
0.00213,0.41915,0.19631,0.01994,0.02883,0.00495,0.22732,0.00184,0.01471,0.03267,0.01347,0.00932,0.00275,0.02660
0.00206,0.28415,0.04124,0.08130,0.01399,0.00502,0.43505,0.00667,0.01305,0.01022,0.00923,0.03773,0.00481,0.05546
0.00996,0.15439,0.06694,0.04319,0.05612,0.00841,0.22003,0.20601,0.05052,0.05647,0.07788,0.01576,0.00955,0.02476
0.00331,0.44432,0.02813,0.01421,0.03413,0.00680,0.36020,0.00164,0.00994,0.01315,0.01677,0.01287,0.00893,0.04561
0.00172,0.35099,0.04124,0.00956,0.01077,0.00501,0.49206,0.00073,0.02164,0.00444,0.00945,0.01789,0.00301,0.03149
0.00291,0.50792,0.02863,0.02522,0.04280,0.00890,0.19541,0.00779,0.02100,0.00963,0.00829,0.07553,0.00577,0.06020
0.00309,0.24180,0.02350,0.01253,0.02035,0.00955,0.34833,0.00217,0.01231,0.01198,0.12149,0.03116,0.00986,0.15189
0.00202,0.43802,0.02339,0.00644,0.00515,0.00311,0.46262,0.00133,0.01141,0.00312,0.00334,0.01025,0.00189,0.02792
0.00206,0.12467,0.18277,0.01550,0.04802,0.00493,0.44812,0.00287,0.08210,0.02780,0.00821,0.01907,0.00269,0.03119
0.00215,0.27866,0.05367,0.00805,0.01223,0.00558,0.57131,0.00132,0.01508,0.00593,0.00898,0.00966,0.00325,0.02414
0.00202,0.35684,0.02962,0.01310,0.01688,0.00603,0.34539,0.00181,0.02291,0.00796,0.02331,0.01767,0.00412,0.15235
0.00696,0.40590,0.05878,0.02605,0.02901,0.00600,0.28325,0.00307,0.06185,0.02583,0.04253,0.02074,0.00464,0.02539
0.01800,0.15846,0.02467,0.07079,0.03402,0.00679,0.24316,0.35526,0.02271,0.01096,0.01783,0.00810,0.02042,0.00885
0.00221,0.49206,0.03838,0.00745,0.00740,0.00662,0.39109,0.00199,0.00376,0.00735,0.01206,0.00768,0.00828,0.01366
0.00261,0.39068,0.05185,0.00611,0.00673,0.00278,0.50450,0.00139,0.00431,0.00302,0.00463,0.00439,0.00329,0.01371
0.00610,0.33805,0.02688,0.15805,0.11008,0.01565,0.13569,0.00397,0.05873,0.03156,0.02922,0.03432,0.01351,0.03818
0.00531,0.13533,0.17152,0.05367,0.05088,0.00687,0.27633,0.00264,0.01496,0.02582,0.19036,0.01032,0.03842,0.01756
0.00147,0.64737,0.01313,0.00499,0.01181,0.00314,0.26446,0.00070,0.00454,0.00334,0.00538,0.00713,0.00261,0.02993
0.15341,0.05008,0.03374,0.02090,0.02319,0.01345,0.03983,0.22706,0.01868,0.11635,0.19378,0.04139,0.00755,0.06059
0.00193,0.44702,0.03144,0.00885,0.03352,0.00432,0.40922,0.00120,0.00742,0.00387,0.00462,0.01180,0.00421,0.03057
0.00284,0.41068,0.04951,0.01469,0.01080,0.00468,0.42285,0.00215,0.01271,0.00576,0.00713,0.01461,0.00279,0.03878
0.00422,0.35684,0.03722,0.00903,0.03292,0.00310,0.48831,0.00186,0.01195,0.00750,0.01017,0.00664,0.00674,0.02349
0.00572,0.27859,0.04285,0.02592,0.27603,0.00943,0.19789,0.00311,0.02111,0.04536,0.02705,0.02266,0.02956,0.01472
0.00174,0.35640,0.04648,0.01137,0.02524,0.00385,0.47097,0.00103,0.01298,0.00587,0.01019,0.01394,0.00291,0.03705
0.00277,0.38582,0.22030,0.00767,0.01701,0.00573,0.22645,0.00078,0.01567,0.00590,0.00841,0.01611,0.00316,0.08424
0.00505,0.45150,0.04864,0.00990,0.01752,0.00643,0.27751,0.00152,0.01910,0.01728,0.04125,0.01554,0.00456,0.08419
0.00226,0.13017,0.33460,0.01776,0.01570,0.00692,0.29712,0.00182,0.04141,0.10845,0.01362,0.00991,0.00539,0.01486
0.00137,0.46765,0.06578,0.01385,0.01430,0.00313,0.39745,0.00151,0.00546,0.00498,0.00413,0.00411,0.00187,0.01441
0.00389,0.48134,0.08046,0.01898,0.07182,0.00610,0.24653,0.00413,0.01056,0.01480,0.02021,0.00811,0.00862,0.02443
0.00332,0.14697,0.17126,0.00934,0.02227,0.00355,0.49650,0.00249,0.02375,0.04242,0.02214,0.00628,0.00476,0.04496
0.00504,0.22621,0.04546,0.03460,0.06731,0.01088,0.26794,0.00314,0.02451,0.08820,0.10397,0.02052,0.00761,0.09459
0.00219,0.42716,0.02030,0.01690,0.22321,0.00592,0.17602,0.00562,0.01783,0.02793,0.01123,0.02998,0.00619,0.02951
0.03038,0.30862,0.09257,0.01928,0.20029,0.00940,0.20787,0.00229,0.04146,0.02126,0.02223,0.01535,0.01303,0.01597
0.00672,0.24187,0.15143,0.07005,0.04289,0.01041,0.27970,0.00322,0.08049,0.01987,0.03794,0.02143,0.01308,0.02091
0.00972,0.38839,0.01875,0.01450,0.06013,0.01391,0.14954,0.18538,0.04775,0.00897,0.02583,0.01817,0.01438,0.04459
0.00207,0.44427,0.01887,0.00667,0.00823,0.00254,0.48099,0.00102,0.00913,0.00266,0.00250,0.00665,0.00162,0.01277
0.00155,0.59323,0.01386,0.00439,0.00470,0.00240,0.35246,0.00088,0.00362,0.00222,0.00338,0.00455,0.00149,0.01127
0.00611,0.18022,0.02589,0.01216,0.01069,0.00949,0.08670,0.00232,0.02316,0.40885,0.18586,0.01025,0.00304,0.03526
0.00633,0.34281,0.02085,0.04175,0.06631,0.01097,0.20494,0.00801,0.02785,0.13232,0.07054,0.02578,0.01263,0.02890
0.00603,0.41278,0.03750,0.03739,0.01307,0.03341,0.22017,0.00252,0.01480,0.01547,0.13629,0.03617,0.01294,0.02146
0.00179,0.56096,0.01590,0.00573,0.01211,0.00314,0.35419,0.00132,0.00728,0.00356,0.00480,0.01171,0.00308,0.01444
0.01064,0.17156,0.06389,0.01075,0.01410,0.01069,0.20911,0.00397,0.04420,0.00885,0.28084,0.02102,0.03218,0.11821
0.00445,0.27596,0.18513,0.03288,0.02864,0.00779,0.29373,0.00544,0.06226,0.02069,0.02145,0.01890,0.00820,0.03450
0.00294,0.30160,0.14167,0.04639,0.03758,0.00827,0.17285,0.00279,0.04817,0.11279,0.07271,0.02218,0.00485,0.02520
0.00275,0.42295,0.02807,0.00650,0.02564,0.00387,0.43589,0.00103,0.02658,0.00465,0.00467,0.01115,0.00282,0.02342
0.00163,0.67537,0.01843,0.01423,0.00711,0.00271,0.25012,0.00493,0.00416,0.00280,0.00334,0.00453,0.00214,0.00851
0.00187,0.34879,0.14545,0.05773,0.01658,0.00491,0.23813,0.00310,0.07733,0.01224,0.02392,0.01102,0.00415,0.05478
