0.07727,0.02449,0.07271,0.23426,0.00864,0.31302,0.00699,0.00969,0.00959,0.00660,0.00725,0.00655,0.08621,0.02652,0.01689,0.06932,0.00723,0.00542,0.00484,0.00652
0.26791,0.02580,0.05102,0.03902,0.01428,0.09734,0.01279,0.00844,0.01630,0.00699,0.01473,0.01245,0.11280,0.09732,0.06837,0.10472,0.02129,0.00773,0.01016,0.01056
0.21149,0.01662,0.03051,0.01692,0.00804,0.43219,0.00637,0.00670,0.00686,0.00529,0.00984,0.00722,0.04514,0.07270,0.05544,0.04407,0.00560,0.00572,0.00532,0.00798
0.14683,0.34014,0.16731,0.03943,0.00829,0.07151,0.00848,0.00927,0.00815,0.00457,0.00891,0.00577,0.02991,0.05223,0.04233,0.03324,0.00568,0.00473,0.00610,0.00713
0.09793,0.04249,0.06794,0.02213,0.01068,0.21751,0.00917,0.00773,0.00821,0.00760,0.00873,0.00776,0.08710,0.17289,0.12674,0.07755,0.00702,0.00678,0.00477,0.00926
0.07883,0.08261,0.06115,0.05579,0.02211,0.11862,0.02072,0.02494,0.01535,0.02017,0.02440,0.01476,0.27831,0.01265,0.01107,0.12823,0.00817,0.00720,0.00649,0.00842
0.40295,0.05889,0.03358,0.06721,0.00948,0.05429,0.01397,0.01322,0.01027,0.00708,0.00954,0.00732,0.08023,0.06094,0.07080,0.06323,0.00633,0.00704,0.01093,0.01270
0.28894,0.02093,0.04405,0.04778,0.00993,0.10239,0.00858,0.00951,0.00814,0.00837,0.00769,0.00838,0.19433,0.02068,0.01941,0.18004,0.00523,0.00430,0.00488,0.00644
0.07382,0.06514,0.05843,0.05173,0.02239,0.34116,0.01863,0.02657,0.02493,0.01864,0.01443,0.01492,0.08260,0.03199,0.02799,0.07945,0.01295,0.00861,0.00961,0.01603
0.25373,0.07465,0.06979,0.16432,0.00921,0.15850,0.00745,0.01161,0.00980,0.00769,0.00928,0.01307,0.07090,0.01258,0.01451,0.07077,0.01630,0.00684,0.00633,0.01267
0.20828,0.07166,0.09448,0.02305,0.00976,0.09217,0.00997,0.00802,0.01051,0.00662,0.00701,0.00587,0.16888,0.03819,0.04206,0.17694,0.00764,0.00551,0.00538,0.00799
0.21706,0.10610,0.05695,0.08844,0.02857,0.08026,0.01856,0.01430,0.02027,0.01058,0.02548,0.02120,0.09848,0.04020,0.03493,0.08775,0.00766,0.01241,0.01285,0.01796
0.18872,0.02160,0.05488,0.02889,0.01046,0.30536,0.01015,0.01174,0.01345,0.00833,0.01150,0.01537,0.07324,0.08646,0.06456,0.05423,0.00667,0.00913,0.01249,0.01278
0.09228,0.02410,0.10218,0.02007,0.00865,0.15922,0.00672,0.00727,0.00903,0.00691,0.01033,0.00854,0.29206,0.03863,0.02933,0.14913,0.01232,0.00802,0.00421,0.01100
0.04003,0.05707,0.06981,0.05557,0.00955,0.08862,0.00862,0.01107,0.01046,0.00816,0.01323,0.00917,0.06395,0.24068,0.21602,0.06163,0.01449,0.00609,0.00484,0.01095
0.16265,0.04446,0.08689,0.07017,0.01182,0.07421,0.01056,0.01597,0.01239,0.01289,0.01043,0.00803,0.31566,0.01328,0.01320,0.10529,0.00955,0.00739,0.00677,0.00840
0.14384,0.03542,0.08942,0.03006,0.02258,0.10209,0.02238,0.01836,0.01444,0.01823,0.00872,0.00684,0.18534,0.05656,0.06868,0.13517,0.00998,0.00905,0.01038,0.01246
0.31832,0.03268,0.04812,0.04185,0.01882,0.11437,0.01299,0.01146,0.01401,0.00995,0.00839,0.00782,0.12451,0.02278,0.02340,0.15269,0.01271,0.00713,0.00798,0.01004
0.03237,0.41579,0.02401,0.14449,0.01067,0.04993,0.00810,0.00816,0.00698,0.00590,0.01459,0.01142,0.05716,0.05976,0.05066,0.04975,0.01542,0.00819,0.00918,0.01748
0.20779,0.07437,0.14303,0.06700,0.01017,0.03688,0.00705,0.01178,0.00934,0.00809,0.00884,0.01041,0.14144,0.02742,0.03059,0.17173,0.01439,0.00542,0.00524,0.00904
0.20154,0.14497,0.06266,0.06699,0.00982,0.11014,0.01013,0.01060,0.01239,0.00710,0.01651,0.01140,0.07904,0.05885,0.04083,0.11777,0.01628,0.00562,0.00508,0.01228
0.33861,0.02956,0.05371,0.01797,0.00750,0.35480,0.00590,0.00464,0.00712,0.00583,0.00436,0.00363,0.06613,0.01031,0.00999,0.06584,0.00350,0.00292,0.00328,0.00439
0.20788,0.05855,0.04485,0.04540,0.02073,0.20286,0.02231,0.00965,0.01889,0.00875,0.00953,0.00842,0.10275,0.01139,0.01021,0.17963,0.00893,0.00689,0.00821,0.01419
0.06280,0.06233,0.09130,0.06494,0.01125,0.09935,0.01015,0.01167,0.01101,0.00893,0.00818,0.00819,0.10532,0.21010,0.11836,0.07834,0.00709,0.00690,0.00514,0.01864
0.20726,0.06635,0.04495,0.05096,0.01464,0.24974,0.01243,0.01478,0.01463,0.00832,0.00972,0.00655,0.13620,0.02135,0.01785,0.08993,0.00748,0.00858,0.00774,0.01054
0.06622,0.02335,0.04456,0.03162,0.01013,0.06426,0.00807,0.00744,0.00850,0.00751,0.00661,0.00670,0.13510,0.26810,0.12179,0.16602,0.00727,0.00571,0.00445,0.00659
0.40653,0.05184,0.05669,0.10900,0.01713,0.09824,0.01409,0.01518,0.02281,0.01401,0.01148,0.01202,0.03328,0.02749,0.02402,0.03683,0.01089,0.00842,0.01059,0.01947
0.21954,0.03834,0.12494,0.06859,0.01826,0.15548,0.01554,0.00907,0.00996,0.00848,0.00969,0.01558,0.10697,0.03806,0.04274,0.08359,0.01353,0.00807,0.00547,0.00811
0.39161,0.07180,0.05276,0.02247,0.02491,0.09954,0.02140,0.01553,0.02362,0.01499,0.01524,0.01022,0.07456,0.02463,0.02137,0.07235,0.01280,0.00783,0.00989,0.01247
0.21388,0.04567,0.12566,0.02419,0.01125,0.16046,0.00771,0.00724,0.00868,0.00516,0.01038,0.00587,0.13697,0.08151,0.05630,0.07569,0.00726,0.00514,0.00415,0.00683
0.12763,0.13469,0.07281,0.14974,0.01525,0.11707,0.01214,0.01349,0.01296,0.01023,0.01126,0.00775,0.13156,0.01892,0.02302,0.11132,0.00846,0.00687,0.00537,0.00944
0.23701,0.04449,0.10142,0.04599,0.01702,0.18662,0.01288,0.01467,0.02125,0.01358,0.00899,0.00782,0.10172,0.03673,0.02984,0.08518,0.00997,0.00813,0.00747,0.00922
0.30255,0.05228,0.05466,0.02952,0.01256,0.34927,0.01144,0.01126,0.01639,0.01090,0.00841,0.00680,0.03792,0.01428,0.01480,0.03781,0.00725,0.00704,0.00632,0.00852
0.09430,0.11969,0.23925,0.09109,0.01462,0.09582,0.01955,0.01767,0.01957,0.01828,0.00925,0.00651,0.07575,0.02008,0.02356,0.10000,0.01353,0.00666,0.00646,0.00837
0.09512,0.11482,0.12866,0.03234,0.02223,0.14903,0.01064,0.01466,0.01386,0.01075,0.01095,0.00812,0.10208,0.05493,0.05911,0.13068,0.01149,0.00954,0.00553,0.01547
0.31403,0.04172,0.05795,0.03613,0.01186,0.15416,0.00774,0.01235,0.00956,0.00835,0.00731,0.01215,0.12259,0.03653,0.04026,0.08586,0.01571,0.00827,0.00540,0.01208
0.14654,0.10375,0.08242,0.03684,0.01804,0.10639,0.00748,0.01114,0.01386,0.00870,0.00986,0.00770,0.19473,0.03529,0.04085,0.14313,0.01154,0.00584,0.00673,0.00918
0.22657,0.05939,0.07572,0.17712,0.01802,0.05812,0.01320,0.01132,0.02133,0.01827,0.00707,0.00821,0.11327,0.02026,0.03012,0.11420,0.00688,0.00548,0.00795,0.00748
0.10742,0.06398,0.13520,0.07063,0.01038,0.10369,0.00904,0.00963,0.01553,0.00762,0.01155,0.01193,0.13889,0.09254,0.04464,0.11152,0.01366,0.00758,0.00943,0.02516
0.06528,0.04354,0.07170,0.05854,0.01209,0.14769,0.00756,0.00931,0.00862,0.00799,0.01226,0.01329,0.09850,0.19641,0.10828,0.10043,0.00861,0.00970,0.00801,0.01218
0.23414,0.04506,0.08132,0.03661,0.00996,0.10179,0.01161,0.00860,0.00899,0.00680,0.00602,0.00808,0.14104,0.01058,0.01015,0.25179,0.00795,0.00505,0.00533,0.00913
0.11866,0.01975,0.21410,0.01949,0.01421,0.17123,0.01173,0.01176,0.01413,0.00985,0.01995,0.01035,0.17320,0.02421,0.02525,0.10791,0.00786,0.00780,0.00816,0.01040
0.09070,0.15008,0.06261,0.11109,0.01884,0.09860,0.01805,0.01755,0.01589,0.01106,0.01643,0.00904,0.19826,0.02773,0.03626,0.08091,0.00788,0.00812,0.00728,0.01361
0.11470,0.03371,0.21582,0.03904,0.02414,0.24419,0.01201,0.01200,0.01889,0.01131,0.01457,0.01336,0.07324,0.03663,0.03747,0.05336,0.01283,0.00930,0.00598,0.01746
0.03733,0.04253,0.03329,0.05635,0.03249,0.26506,0.01535,0.02343,0.02030,0.01635,0.01622,0.01404,0.08472,0.11391,0.10562,0.06900,0.00921,0.01001,0.01180,0.02298
0.26379,0.04312,0.04521,0.02357,0.00738,0.10140,0.00575,0.00643,0.00642,0.00396,0.00557,0.00522,0.20519,0.02896,0.02266,0.20638,0.00499,0.00327,0.00361,0.00710
0.18650,0.21101,0.08344,0.02851,0.01748,0.13793,0.00662,0.01046,0.01436,0.00728,0.00735,0.00748,0.12801,0.02044,0.02020,0.08233,0.00703,0.00726,0.00549,0.01082
0.11681,0.02233,0.14272,0.06272,0.01251,0.22845,0.00890,0.00906,0.01391,0.00713,0.01190,0.00948,0.16863,0.03429,0.02270,0.09669,0.00778,0.00578,0.00594,0.01226
0.42367,0.05198,0.06802,0.02354,0.01417,0.07258,0.01661,0.01270,0.01125,0.00681,0.01291,0.00986,0.06167,0.04724,0.03647,0.08198,0.01721,0.01083,0.00686,0.01363
0.12244,0.04588,0.07505,0.02554,0.01381,0.23415,0.01152,0.00846,0.01164,0.00795,0.00829,0.00883,0.16266,0.05410,0.04791,0.13604,0.00660,0.00628,0.00471,0.00812
0.05670,0.09428,0.04486,0.07316,0.01760,0.14383,0.00900,0.01094,0.01876,0.00976,0.01230,0.01225,0.18382,0.06872,0.03268,0.17325,0.00995,0.00728,0.00726,0.01361
0.06100,0.04557,0.11558,0.13065,0.00991,0.08962,0.01059,0.01228,0.01161,0.00633,0.01080,0.01007,0.17905,0.11545,0.07311,0.08289,0.00786,0.00656,0.00735,0.01372
0.11190,0.02687,0.07365,0.04204,0.01607,0.08861,0.00932,0.00981,0.01535,0.00737,0.01225,0.01090,0.35916,0.01709,0.01606,0.14349,0.00969,0.00744,0.00649,0.01644
0.12726,0.05960,0.08765,0.03248,0.00848,0.19478,0.00917,0.00862,0.01118,0.00550,0.00734,0.00509,0.22041,0.00812,0.00754,0.18423,0.00741,0.00450,0.00444,0.00620
0.17110,0.05660,0.10651,0.01263,0.00612,0.05194,0.00646,0.00652,0.00656,0.00737,0.00483,0.00363,0.33888,0.03448,0.02825,0.14031,0.00377,0.00428,0.00340,0.00636
0.18349,0.02109,0.13223,0.01674,0.02186,0.06507,0.02959,0.05054,0.01109,0.03908,0.01696,0.01610,0.16594,0.02007,0.02007,0.12099,0.02577,0.01309,0.01584,0.01440
0.26327,0.12984,0.07578,0.12319,0.01003,0.09387,0.00888,0.00833,0.01299,0.00665,0.01145,0.00678,0.02625,0.10183,0.06665,0.02336,0.00821,0.00571,0.00464,0.01229
0.08449,0.05277,0.10157,0.05703,0.02072,0.09466,0.01154,0.01824,0.01840,0.00947,0.01590,0.01415,0.15129,0.10550,0.10344,0.10761,0.00935,0.00682,0.00720,0.00984
0.10122,0.07058,0.03979,0.03612,0.01183,0.05501,0.01034,0.01586,0.01213,0.00894,0.01138,0.01018,0.22720,0.05291,0.15457,0.14568,0.01022,0.00930,0.00537,0.01137
0.08350,0.13359,0.05763,0.10899,0.01536,0.09231,0.01053,0.01297,0.00973,0.00866,0.01283,0.00744,0.23238,0.01287,0.01153,0.15923,0.00861,0.00794,0.00502,0.00889
0.14513,0.11567,0.05181,0.05506,0.01920,0.32147,0.01365,0.01137,0.01278,0.00742,0.00826,0.00603,0.09826,0.00930,0.00880,0.08980,0.00722,0.00520,0.00468,0.00887
0.14088,0.02773,0.17428,0.02276,0.01634,0.03785,0.00990,0.01348,0.01144,0.00986,0.01603,0.01060,0.27648,0.02143,0.02102,0.15184,0.00999,0.00833,0.00803,0.01172
0.18693,0.02737,0.07648,0.02314,0.01626,0.12551,0.01443,0.01154,0.01421,0.00858,0.01234,0.00791,0.21803,0.04455,0.03036,0.14667,0.00842,0.00743,0.00774,0.01208
0.24474,0.07715,0.11206,0.09997,0.01385,0.16380,0.01104,0.03047,0.01508,0.00980,0.01653,0.01642,0.02738,0.02916,0.03804,0.02848,0.01980,0.01202,0.01759,0.01661
0.20550,0.13366,0.32829,0.07521,0.00814,0.11618,0.00606,0.00712,0.00710,0.00488,0.00550,0.00635,0.02260,0.01228,0.01148,0.02454,0.00692,0.00424,0.00487,0.00908
0.11394,0.21611,0.28862,0.04880,0.01284,0.08858,0.01050,0.00911,0.00867,0.00622,0.00912,0.00854,0.05180,0.02348,0.01883,0.05986,0.00607,0.00672,0.00507,0.00713
0.12126,0.02690,0.07074,0.02806,0.01123,0.07891,0.00692,0.00860,0.00798,0.00691,0.00847,0.01179,0.32082,0.06778,0.03495,0.15730,0.00985,0.00617,0.00539,0.00997
0.06331,0.15936,0.18367,0.04043,0.01099,0.05598,0.01259,0.01514,0.01268,0.01096,0.00748,0.00788,0.16917,0.03144,0.03084,0.16116,0.00710,0.00551,0.00531,0.00899
0.18642,0.11104,0.08510,0.03485,0.01605,0.14865,0.00926,0.00852,0.01242,0.00864,0.01602,0.01040,0.15517,0.04630,0.03920,0.07762,0.01006,0.00634,0.00458,0.01336
0.29920,0.05511,0.08956,0.04720,0.01489,0.16634,0.01404,0.01660,0.01317,0.01537,0.00880,0.00888,0.07880,0.02009,0.02089,0.10156,0.00642,0.00790,0.00617,0.00900
0.16516,0.11212,0.03020,0.02596,0.03869,0.07599,0.02648,0.02644,0.02346,0.01407,0.01407,0.01151,0.07153,0.14089,0.07089,0.09925,0.01582,0.01363,0.00634,0.01751
0.19917,0.03269,0.16110,0.02625,0.01436,0.04435,0.01026,0.00911,0.00720,0.00775,0.00936,0.00788,0.25498,0.01041,0.00963,0.16586,0.00890,0.00621,0.00746,0.00706
0.13150,0.07294,0.08891,0.05097,0.04175,0.13826,0.01973,0.03177,0.03078,0.01809,0.01371,0.02172,0.07378,0.05087,0.03852,0.12545,0.00892,0.01344,0.01254,0.01636
0.12155,0.06482,0.07908,0.06141,0.01973,0.14958,0.02032,0.02089,0.02567,0.01864,0.01367,0.01237,0.13874,0.04186,0.03434,0.10495,0.01123,0.01592,0.01668,0.02854
0.18275,0.03569,0.05014,0.02781,0.01150,0.13581,0.00667,0.01188,0.01454,0.00725,0.00673,0.00722,0.27798,0.01940,0.01648,0.16493,0.00620,0.00432,0.00465,0.00805
0.29345,0.06624,0.07477,0.11217,0.01550,0.09421,0.01248,0.01686,0.02032,0.01611,0.01222,0.00663,0.03716,0.09242,0.04665,0.03169,0.00924,0.01045,0.01042,0.02101
0.11867,0.04102,0.05817,0.02600,0.01376,0.07728,0.01037,0.01426,0.01078,0.01143,0.01139,0.00882,0.23938,0.01035,0.00959,0.30338,0.01071,0.00831,0.00782,0.00852
0.10461,0.09309,0.04713,0.10784,0.00774,0.32736,0.00575,0.00916,0.00806,0.00610,0.00727,0.00642,0.04093,0.10645,0.04434,0.04614,0.00751,0.00465,0.00589,0.01355
0.28446,0.04146,0.18549,0.02960,0.01209,0.07722,0.01253,0.01119,0.01355,0.01649,0.01629,0.01394,0.07353,0.06222,0.06268,0.04357,0.01082,0.01317,0.00640,0.01332
0.07813,0.03126,0.05557,0.02064,0.00692,0.10569,0.00650,0.00634,0.00562,0.00509,0.00502,0.00475,0.41285,0.01596,0.01254,0.21053,0.00507,0.00337,0.00264,0.00553
0.17353,0.04758,0.13568,0.02811,0.02985,0.18834,0.01509,0.02776,0.01438,0.01344,0.02384,0.02478,0.10470,0.02201,0.01903,0.08413,0.01330,0.01113,0.00859,0.01475
0.14608,0.25880,0.11752,0.06643,0.01913,0.07762,0.00577,0.01221,0.01039,0.01742,0.00873,0.00860,0.06708,0.04301,0.05804,0.04904,0.01062,0.00675,0.00645,0.01031
0.08884,0.20754,0.12794,0.03393,0.01128,0.05730,0.01201,0.00996,0.00811,0.00589,0.00843,0.00926,0.16097,0.03072,0.02649,0.16821,0.00767,0.00609,0.00724,0.01210
0.27559,0.02453,0.05033,0.02370,0.00854,0.25454,0.00807,0.00724,0.00714,0.00629,0.00756,0.00663,0.16743,0.01253,0.01205,0.10400,0.00587,0.00491,0.00319,0.00985
0.23048,0.02961,0.12144,0.17133,0.01118,0.10301,0.01274,0.01272,0.01999,0.00901,0.01152,0.00799,0.10879,0.02601,0.02291,0.07434,0.00659,0.00695,0.00428,0.00910
0.07298,0.09873,0.03565,0.07037,0.01143,0.05763,0.00709,0.01162,0.00913,0.00650,0.00690,0.01367,0.36544,0.01356,0.01068,0.17833,0.01116,0.00542,0.00557,0.00814
0.16742,0.08777,0.05298,0.09534,0.01776,0.08578,0.01253,0.01245,0.02293,0.01287,0.01100,0.01539,0.12193,0.04787,0.03659,0.15734,0.00987,0.00739,0.00906,0.01575
0.11661,0.06029,0.08933,0.04282,0.03125,0.12635,0.02071,0.03152,0.01760,0.01448,0.02753,0.01575,0.17722,0.02462,0.02449,0.12262,0.02056,0.00851,0.00784,0.01990
0.18372,0.05980,0.11690,0.04845,0.01152,0.21533,0.00921,0.01132,0.01226,0.01201,0.00914,0.00698,0.07441,0.06140,0.04398,0.08572,0.00838,0.01003,0.00765,0.01178
0.24617,0.03221,0.23188,0.05097,0.00639,0.25285,0.00502,0.00683,0.00686,0.00680,0.00783,0.00595,0.05173,0.01506,0.01440,0.03249,0.00597,0.00601,0.00505,0.00953
0.07449,0.03841,0.06173,0.02882,0.01146,0.08994,0.00964,0.01258,0.00985,0.00739,0.01471,0.00869,0.32180,0.04176,0.04026,0.19791,0.00674,0.00691,0.00607,0.01083
0.14794,0.04962,0.11003,0.16847,0.01483,0.19597,0.01078,0.01497,0.01055,0.01138,0.00813,0.00555,0.09699,0.01673,0.01609,0.09270,0.01018,0.00606,0.00535,0.00768
0.07569,0.08537,0.06496,0.08744,0.01892,0.12733,0.02215,0.02116,0.01545,0.01707,0.02182,0.01823,0.09174,0.10962,0.05934,0.09588,0.02529,0.01012,0.01333,0.01910
0.23793,0.04688,0.07788,0.04066,0.00988,0.04382,0.01097,0.01186,0.00781,0.00685,0.01021,0.00833,0.16741,0.09413,0.06889,0.11238,0.00895,0.00944,0.00742,0.01832
0.12373,0.04406,0.19721,0.17459,0.01050,0.21748,0.00870,0.00839,0.00812,0.00545,0.00858,0.00795,0.04465,0.03957,0.02335,0.04558,0.00789,0.00580,0.00714,0.01125
0.12327,0.13376,0.07246,0.04454,0.01334,0.07572,0.01142,0.01270,0.01477,0.00697,0.01027,0.01083,0.09006,0.14976,0.08490,0.11038,0.01426,0.00689,0.00648,0.00721
0.23899,0.09378,0.11067,0.08417,0.01288,0.08646,0.00879,0.01150,0.01047,0.00693,0.00783,0.00968,0.16039,0.01481,0.01375,0.10041,0.00608,0.00762,0.00679,0.00800
0.10088,0.01798,0.05446,0.01944,0.00660,0.07770,0.00509,0.00544,0.00668,0.00484,0.00511,0.00471,0.05776,0.50352,0.06164,0.05092,0.00381,0.00349,0.00335,0.00656
0.09013,0.06225,0.06069,0.03865,0.03186,0.09159,0.02584,0.01272,0.01451,0.01221,0.01687,0.01245,0.16919,0.01713,0.01683,0.28093,0.00995,0.01189,0.01266,0.01163
0.30758,0.04494,0.10456,0.08715,0.01347,0.17599,0.01528,0.01245,0.02164,0.01282,0.00921,0.00648,0.04269,0.03244,0.03023,0.04798,0.00642,0.00976,0.00913,0.00979
