0.26692,0.02508,0.19383,0.02841,0.01826,0.20977,0.01272,0.01231,0.01656,0.00828,0.02172,0.01028,0.03554,0.03395,0.02692,0.03960,0.01070,0.00710,0.01104,0.01101
0.19131,0.04650,0.15585,0.04770,0.01424,0.23043,0.01175,0.01300,0.01046,0.01527,0.00990,0.01191,0.09586,0.01583,0.00876,0.09324,0.00623,0.00880,0.00543,0.00753
0.23513,0.12974,0.12945,0.03812,0.02206,0.14435,0.01348,0.01245,0.01391,0.01501,0.01516,0.01331,0.05686,0.03043,0.02628,0.05361,0.01460,0.01099,0.01068,0.01439
0.28825,0.04185,0.22384,0.03543,0.00786,0.08604,0.01084,0.00961,0.01231,0.00926,0.01035,0.00613,0.09829,0.01750,0.01561,0.10083,0.00582,0.00453,0.00589,0.00977
0.17246,0.05089,0.08381,0.04275,0.02987,0.10688,0.02604,0.02038,0.02714,0.01979,0.02011,0.02051,0.05610,0.11130,0.09767,0.05798,0.01519,0.00766,0.01400,0.01946
0.10441,0.02601,0.04048,0.04225,0.02237,0.07530,0.01389,0.00922,0.01634,0.01119,0.02190,0.01944,0.23891,0.02860,0.02275,0.25278,0.01770,0.01072,0.00949,0.01625
0.13891,0.09381,0.14808,0.09777,0.02020,0.12735,0.01370,0.02060,0.02348,0.01408,0.01257,0.01407,0.10381,0.01807,0.01594,0.10268,0.00860,0.00696,0.00657,0.01272
0.13078,0.02437,0.15335,0.11839,0.01784,0.22132,0.01833,0.02247,0.01662,0.01323,0.01085,0.00762,0.04291,0.05845,0.04829,0.04736,0.01145,0.01655,0.00799,0.01183
0.18379,0.05996,0.12948,0.04937,0.03183,0.24704,0.01836,0.02199,0.03186,0.01414,0.01956,0.01026,0.03916,0.02292,0.02074,0.04349,0.01483,0.01163,0.00875,0.02084
0.16625,0.05589,0.12870,0.08153,0.02147,0.14467,0.01878,0.02033,0.02355,0.01509,0.02054,0.02810,0.06329,0.04597,0.04107,0.06465,0.01495,0.01466,0.01234,0.01818
0.11863,0.10947,0.12098,0.04450,0.04464,0.10328,0.01868,0.02739,0.02498,0.02439,0.02634,0.01629,0.07537,0.04953,0.04363,0.07516,0.02307,0.01279,0.01466,0.02622
0.24759,0.05900,0.05123,0.04567,0.03020,0.10110,0.01691,0.02723,0.01807,0.01221,0.01625,0.03037,0.08089,0.07837,0.06778,0.08376,0.00969,0.00471,0.00715,0.01181
0.15287,0.06193,0.09007,0.04813,0.01481,0.11404,0.01589,0.01792,0.01425,0.01272,0.01072,0.00820,0.17565,0.02810,0.02302,0.17936,0.00856,0.00719,0.00646,0.01013
0.21160,0.04944,0.06582,0.03215,0.01260,0.19014,0.00857,0.00973,0.00913,0.00596,0.00694,0.00558,0.13949,0.04046,0.04297,0.14425,0.00688,0.00482,0.00631,0.00718
0.12516,0.08813,0.13449,0.06660,0.02262,0.12519,0.01992,0.02694,0.02838,0.01760,0.01273,0.00982,0.08341,0.03473,0.03549,0.09571,0.02272,0.01236,0.01352,0.02448
0.20303,0.11177,0.07182,0.08814,0.01786,0.19734,0.01512,0.01551,0.01978,0.01570,0.01294,0.01556,0.05714,0.03647,0.02893,0.05143,0.00879,0.00844,0.00843,0.01581
0.06292,0.13165,0.10805,0.13285,0.01477,0.11487,0.01722,0.01796,0.02689,0.01706,0.01468,0.01128,0.07956,0.05617,0.05203,0.07575,0.02128,0.01228,0.01376,0.01895
0.14028,0.15667,0.17327,0.03569,0.02481,0.17343,0.01362,0.01284,0.01899,0.00876,0.01250,0.00770,0.06302,0.03158,0.02636,0.06109,0.01102,0.00945,0.00613,0.01281
0.15429,0.04366,0.06751,0.04954,0.02346,0.12569,0.01265,0.01788,0.01283,0.01655,0.01067,0.01059,0.13471,0.07758,0.07887,0.12588,0.00790,0.01021,0.00739,0.01215
0.18406,0.03573,0.10762,0.03569,0.01343,0.08419,0.01352,0.01906,0.01870,0.01512,0.01172,0.01944,0.06444,0.12521,0.11810,0.06164,0.02917,0.00938,0.00946,0.02433
0.05650,0.06009,0.11765,0.06116,0.01851,0.13179,0.01100,0.00971,0.01182,0.00746,0.00945,0.01100,0.21238,0.01135,0.01074,0.21792,0.01507,0.00808,0.00457,0.01374
0.19118,0.10688,0.05567,0.10654,0.01369,0.19781,0.01459,0.01414,0.01290,0.00875,0.00859,0.00964,0.09951,0.01564,0.01386,0.10151,0.00719,0.00555,0.00684,0.00951
0.17719,0.03859,0.23460,0.01955,0.01413,0.14727,0.01170,0.02558,0.01896,0.01321,0.01614,0.00907,0.07927,0.04268,0.03808,0.08249,0.01074,0.00626,0.00404,0.01043
0.15928,0.03385,0.10963,0.02851,0.01219,0.06670,0.00742,0.01045,0.01024,0.00867,0.00886,0.00847,0.08678,0.16836,0.15824,0.09075,0.00685,0.00780,0.00516,0.01180
0.07557,0.07358,0.05699,0.07633,0.01682,0.15893,0.01343,0.01207,0.02097,0.01315,0.01655,0.01662,0.18153,0.02194,0.01897,0.17798,0.01495,0.00654,0.00882,0.01827
0.10895,0.09916,0.13952,0.10696,0.02287,0.16997,0.01285,0.01381,0.01990,0.01806,0.01760,0.01309,0.07206,0.03261,0.02358,0.07192,0.01094,0.01024,0.01773,0.01818
0.09898,0.03166,0.07863,0.03494,0.02443,0.24035,0.01873,0.02523,0.04352,0.01549,0.02132,0.01491,0.03567,0.12173,0.10820,0.03660,0.00995,0.01150,0.01609,0.01206
0.07330,0.01260,0.28063,0.01034,0.00755,0.25924,0.00522,0.00566,0.00752,0.00477,0.00806,0.00350,0.06114,0.09282,0.08752,0.06199,0.00414,0.00351,0.00354,0.00696
0.12620,0.03377,0.03608,0.03223,0.03166,0.12977,0.01187,0.01290,0.01902,0.01374,0.01153,0.00773,0.21815,0.03427,0.02540,0.21965,0.00745,0.01336,0.00705,0.00817
0.14763,0.06373,0.15502,0.04280,0.01188,0.13991,0.01746,0.01109,0.01621,0.00919,0.01993,0.01078,0.13411,0.02135,0.01494,0.13562,0.01285,0.01147,0.01237,0.01166
0.18053,0.03477,0.13904,0.03513,0.01558,0.22491,0.01128,0.01459,0.01615,0.01003,0.01799,0.00962,0.06519,0.06600,0.04977,0.06593,0.00955,0.00798,0.00878,0.01719
0.18318,0.08918,0.12402,0.08542,0.02805,0.17364,0.01961,0.02294,0.02011,0.01758,0.02291,0.02139,0.04985,0.01702,0.02065,0.05248,0.01217,0.01631,0.00892,0.01458
0.11955,0.08754,0.07371,0.09383,0.01539,0.40897,0.00983,0.01229,0.01377,0.00826,0.00918,0.01132,0.03014,0.02155,0.01542,0.03347,0.01278,0.00801,0.00585,0.00915
0.10132,0.02456,0.17459,0.03470,0.01672,0.11116,0.01575,0.01759,0.01737,0.01320,0.01090,0.01440,0.18544,0.01897,0.01290,0.18785,0.01235,0.00831,0.01068,0.01123
0.18114,0.03345,0.08590,0.01860,0.01347,0.17643,0.01075,0.01345,0.01857,0.01135,0.00964,0.01205,0.10456,0.07912,0.07161,0.10665,0.01793,0.01147,0.00563,0.01824
0.07745,0.04951,0.06114,0.03549,0.01557,0.07556,0.01124,0.00821,0.01323,0.00896,0.00965,0.00808,0.21413,0.09267,0.08563,0.21142,0.00696,0.00392,0.00406,0.00712
0.16668,0.08752,0.08095,0.07225,0.02031,0.11238,0.02517,0.02004,0.02737,0.01620,0.01300,0.01060,0.13745,0.01839,0.01861,0.13496,0.01140,0.00825,0.00827,0.01021
0.15885,0.05724,0.14448,0.10911,0.02618,0.19845,0.01985,0.03464,0.02837,0.02060,0.01511,0.01172,0.04507,0.02416,0.01609,0.04876,0.00916,0.00845,0.00985,0.01386
0.13317,0.04528,0.11616,0.07699,0.01521,0.13319,0.01084,0.01148,0.01405,0.00851,0.00865,0.00718,0.17110,0.01756,0.02245,0.17005,0.01313,0.00617,0.00477,0.01405
0.08766,0.05557,0.17847,0.06852,0.01230,0.18424,0.01239,0.01131,0.01679,0.01354,0.01067,0.01364,0.11783,0.03808,0.03065,0.11867,0.00882,0.00672,0.00575,0.00837
0.16760,0.03242,0.11854,0.02708,0.02265,0.11104,0.02129,0.01591,0.01944,0.02156,0.01298,0.01074,0.11263,0.06141,0.05313,0.12514,0.01887,0.01736,0.00945,0.02075
0.16438,0.03286,0.07183,0.01866,0.00976,0.18684,0.00948,0.01311,0.00708,0.00600,0.00874,0.00686,0.19751,0.01711,0.01653,0.19972,0.00814,0.00646,0.00648,0.01246
0.09054,0.04159,0.07806,0.02210,0.01746,0.07330,0.01888,0.01676,0.01683,0.01289,0.01872,0.01075,0.12175,0.15055,0.14561,0.11860,0.01038,0.01094,0.01065,0.01364
0.12370,0.04934,0.12431,0.06456,0.01936,0.12471,0.02906,0.01628,0.02803,0.01861,0.02840,0.01979,0.06665,0.06961,0.06282,0.06843,0.02136,0.01723,0.02162,0.02614
0.17411,0.03762,0.13623,0.03081,0.01168,0.23838,0.00767,0.01080,0.01054,0.00653,0.01111,0.00581,0.11838,0.02678,0.02159,0.11817,0.01030,0.00623,0.00781,0.00944
0.25621,0.09545,0.09833,0.07143,0.02156,0.22078,0.01586,0.01420,0.01661,0.01242,0.00877,0.00568,0.04264,0.01983,0.02215,0.03851,0.01394,0.00940,0.00592,0.01033
0.10470,0.03525,0.09678,0.02776,0.03920,0.17066,0.02358,0.02010,0.04507,0.01354,0.03909,0.01518,0.04825,0.11047,0.09247,0.04195,0.01544,0.01652,0.01071,0.03329
0.17642,0.08869,0.09975,0.11556,0.03345,0.07978,0.02735,0.02904,0.01574,0.01437,0.01905,0.01192,0.09778,0.01687,0.01165,0.09697,0.02601,0.01380,0.00594,0.01986
0.06106,0.07729,0.05236,0.06352,0.02452,0.05717,0.02800,0.03140,0.03046,0.01236,0.01811,0.01118,0.19286,0.05290,0.04517,0.19091,0.01017,0.00882,0.01570,0.01603
0.19231,0.03114,0.19068,0.02826,0.01357,0.23656,0.01033,0.01508,0.01259,0.01241,0.00887,0.00937,0.03538,0.06571,0.05669,0.03849,0.01041,0.00857,0.00760,0.01599
0.11498,0.03817,0.03563,0.05832,0.02428,0.13847,0.02436,0.01871,0.01948,0.01941,0.01676,0.01248,0.16636,0.05262,0.05224,0.16072,0.01462,0.01243,0.00792,0.01203
0.13552,0.07201,0.10358,0.04824,0.01991,0.10422,0.01956,0.01509,0.02160,0.01985,0.02244,0.01670,0.07333,0.08723,0.08576,0.08009,0.02159,0.01382,0.01476,0.02470
0.19783,0.08579,0.08797,0.08984,0.01850,0.16327,0.02192,0.01653,0.02047,0.01609,0.01812,0.00983,0.07301,0.03154,0.02922,0.07440,0.01194,0.00993,0.00796,0.01583
0.15753,0.04563,0.12054,0.04417,0.01584,0.17018,0.01589,0.01579,0.01789,0.01861,0.02194,0.01022,0.05217,0.09405,0.08356,0.05781,0.01616,0.01126,0.01024,0.02051
0.16809,0.08320,0.11780,0.05924,0.02119,0.18807,0.01653,0.01719,0.01471,0.01302,0.01312,0.01270,0.09540,0.02249,0.01807,0.09685,0.01041,0.00874,0.00758,0.01561
0.15543,0.03608,0.14015,0.04213,0.02286,0.11520,0.01000,0.01755,0.04130,0.01144,0.02624,0.02223,0.11952,0.02703,0.02182,0.12264,0.01351,0.01355,0.01215,0.02917
0.13907,0.05307,0.08049,0.02995,0.00975,0.11272,0.00905,0.01000,0.00942,0.00725,0.00645,0.00542,0.18553,0.06887,0.06475,0.18780,0.00559,0.00546,0.00406,0.00531
0.17260,0.07706,0.09818,0.04725,0.01869,0.17107,0.01291,0.02402,0.02993,0.01192,0.02180,0.01738,0.10426,0.02139,0.02207,0.09943,0.01097,0.00957,0.01405,0.01546
0.14428,0.05956,0.18265,0.03585,0.01662,0.10201,0.01150,0.01337,0.02093,0.01220,0.01830,0.01421,0.12554,0.03164,0.02480,0.12503,0.01724,0.01266,0.01324,0.01838
0.21898,0.06555,0.10356,0.04659,0.02286,0.12907,0.01889,0.02057,0.02205,0.01403,0.01803,0.02597,0.07471,0.04731,0.03754,0.07473,0.01441,0.01230,0.01498,0.01787
0.06612,0.06379,0.04594,0.06550,0.01926,0.16332,0.01518,0.02327,0.02253,0.01449,0.01314,0.00995,0.18141,0.03119,0.02626,0.18644,0.01877,0.01107,0.00887,0.01350
0.19427,0.04613,0.12741,0.02992,0.01714,0.15063,0.00901,0.00821,0.01068,0.00837,0.00795,0.00774,0.15661,0.02390,0.01978,0.15453,0.00553,0.00539,0.00484,0.01197
0.23078,0.03087,0.17121,0.02988,0.01894,0.11227,0.01546,0.01595,0.01975,0.01420,0.01388,0.00917,0.08164,0.05418,0.04876,0.08218,0.00928,0.01115,0.01622,0.01424
0.18086,0.06519,0.16268,0.09454,0.02138,0.19981,0.00908,0.02067,0.01437,0.00820,0.01139,0.00765,0.07041,0.01819,0.01503,0.06908,0.00852,0.00612,0.00735,0.00949
0.07660,0.09179,0.05610,0.08858,0.01834,0.08043,0.01633,0.01508,0.01713,0.01645,0.01075,0.00937,0.19827,0.03731,0.03299,0.20101,0.00774,0.00743,0.00832,0.00997
0.13774,0.05303,0.15244,0.04713,0.01979,0.18448,0.01033,0.01735,0.01738,0.00785,0.00920,0.01212,0.11464,0.04177,0.03714,0.11089,0.00586,0.00622,0.00472,0.00993
0.13665,0.03847,0.10590,0.03649,0.02828,0.15963,0.01914,0.01863,0.03525,0.01380,0.02081,0.01273,0.13241,0.02745,0.02534,0.13573,0.01272,0.01484,0.01156,0.01417
0.13380,0.03687,0.08996,0.05529,0.01389,0.12849,0.01051,0.00990,0.02257,0.00618,0.00687,0.01193,0.19177,0.02960,0.02920,0.18762,0.01273,0.00756,0.00652,0.00875
0.18862,0.04712,0.16459,0.03512,0.02158,0.26856,0.01519,0.01700,0.02281,0.01510,0.01915,0.01485,0.03555,0.02146,0.02260,0.03646,0.01193,0.01461,0.00982,0.01787
0.14845,0.04889,0.12096,0.05447,0.02093,0.12306,0.01427,0.01388,0.03305,0.00898,0.03089,0.01546,0.07961,0.06355,0.05606,0.08417,0.01330,0.02154,0.00853,0.03996
0.11392,0.02441,0.04139,0.02483,0.01579,0.10625,0.01360,0.01096,0.01229,0.00845,0.01403,0.01130,0.25916,0.02946,0.02423,0.24959,0.00848,0.01079,0.01067,0.01039
0.17562,0.05952,0.15442,0.06262,0.01205,0.20222,0.01015,0.01358,0.01148,0.00931,0.00705,0.00558,0.10817,0.01871,0.01464,0.10940,0.00868,0.00609,0.00459,0.00613
0.10961,0.03626,0.07465,0.04656,0.01409,0.10502,0.01606,0.01582,0.01784,0.01665,0.01769,0.00997,0.10474,0.14452,0.12814,0.10264,0.00935,0.00950,0.00747,0.01341
0.06808,0.04377,0.03458,0.24991,0.04748,0.24795,0.01440,0.03721,0.06336,0.02745,0.01150,0.01182,0.02789,0.02206,0.02261,0.02595,0.01251,0.00893,0.01067,0.01187
0.10967,0.04272,0.10648,0.04454,0.06060,0.24785,0.03258,0.01662,0.06684,0.02363,0.02420,0.02422,0.03482,0.03894,0.03260,0.03668,0.01827,0.01359,0.01247,0.01267
0.13755,0.05715,0.17682,0.05181,0.02013,0.19468,0.02554,0.01578,0.02211,0.01092,0.01321,0.00939,0.07649,0.03049,0.03257,0.08284,0.01664,0.00791,0.00658,0.01140
0.13673,0.05005,0.10163,0.06287,0.02643,0.10387,0.02876,0.02318,0.01946,0.01731,0.01247,0.01223,0.14434,0.03283,0.02726,0.14951,0.01692,0.00977,0.01141,0.01297
0.05203,0.06666,0.15894,0.05760,0.04376,0.16768,0.01775,0.02393,0.02014,0.02256,0.03730,0.02386,0.03989,0.06399,0.05426,0.04357,0.01299,0.03012,0.03921,0.02374
0.13114,0.07004,0.06870,0.08775,0.01383,0.15501,0.01273,0.01552,0.01314,0.00900,0.01156,0.01152,0.16298,0.02792,0.02149,0.15608,0.00941,0.00666,0.00746,0.00805
0.20323,0.02965,0.21164,0.03382,0.01029,0.27042,0.00754,0.01268,0.01035,0.00529,0.00599,0.00786,0.06634,0.01669,0.01349,0.06748,0.00830,0.00506,0.00451,0.00936
0.11226,0.04852,0.19290,0.02566,0.01080,0.07393,0.01440,0.01017,0.01609,0.00777,0.01815,0.01168,0.18063,0.02708,0.03014,0.17844,0.01275,0.00662,0.00711,0.01490
0.13696,0.04484,0.04111,0.08522,0.02868,0.17848,0.01504,0.01848,0.01692,0.01232,0.02227,0.01765,0.10718,0.06160,0.04695,0.11132,0.01730,0.01031,0.00813,0.01922
0.22390,0.07754,0.15698,0.07779,0.01485,0.16012,0.01398,0.01555,0.01308,0.01118,0.00997,0.01227,0.06406,0.02210,0.02332,0.06420,0.01272,0.00740,0.00824,0.01077
0.17160,0.04940,0.09086,0.04441,0.01958,0.13455,0.01432,0.02084,0.01490,0.01315,0.02730,0.01138,0.12260,0.04628,0.03399,0.12344,0.01924,0.01155,0.00823,0.02239
0.05647,0.04298,0.04584,0.03389,0.01779,0.04356,0.01206,0.01175,0.01233,0.01327,0.01537,0.01642,0.14694,0.17164,0.16597,0.14318,0.01461,0.01290,0.00889,0.01416
0.12126,0.07910,0.09004,0.08034,0.01527,0.25426,0.01111,0.01152,0.01486,0.01003,0.01418,0.01011,0.05692,0.07342,0.06184,0.05914,0.00950,0.00872,0.00990,0.00848
0.09012,0.06686,0.05670,0.06322,0.02125,0.09434,0.02565,0.02343,0.02576,0.02452,0.02324,0.01678,0.16013,0.04081,0.03269,0.16872,0.02052,0.01273,0.00942,0.02311
0.16877,0.10686,0.06815,0.11227,0.01754,0.11029,0.01699,0.02022,0.02055,0.01545,0.00862,0.00886,0.12066,0.01946,0.02130,0.11864,0.01234,0.01087,0.01142,0.01072
0.17278,0.01999,0.18308,0.10151,0.01180,0.26494,0.00621,0.00947,0.01233,0.00589,0.01568,0.00956,0.04825,0.02991,0.02048,0.05180,0.00929,0.00850,0.00514,0.01339
0.22462,0.13171,0.17143,0.05377,0.01974,0.13366,0.01710,0.01021,0.01288,0.01070,0.00911,0.00866,0.05383,0.03150,0.02753,0.05023,0.00976,0.00597,0.00801,0.00958
0.24089,0.04982,0.09142,0.06327,0.01058,0.21879,0.01215,0.00899,0.01015,0.00967,0.00939,0.00511,0.09531,0.02531,0.01864,0.10105,0.00836,0.00598,0.00524,0.00988
0.12387,0.10650,0.09431,0.09509,0.02384,0.11948,0.01716,0.02476,0.02381,0.02029,0.02281,0.01625,0.07159,0.05466,0.05012,0.07214,0.01168,0.01648,0.01757,0.01760
0.19283,0.05906,0.14176,0.09883,0.03447,0.13633,0.03068,0.01767,0.03354,0.01632,0.01928,0.01978,0.03349,0.03664,0.03282,0.04183,0.01351,0.01045,0.01257,0.01812
0.18669,0.12847,0.09317,0.03694,0.01794,0.09278,0.01924,0.02032,0.02685,0.01903,0.01670,0.01535,0.10165,0.03984,0.03122,0.09350,0.00950,0.01356,0.00856,0.02867
0.15199,0.05815,0.10925,0.04111,0.03791,0.16635,0.02819,0.02189,0.03450,0.01636,0.02589,0.01659,0.07138,0.03710,0.03186,0.07495,0.01587,0.01466,0.01535,0.03065
0.18651,0.17438,0.11543,0.16732,0.01870,0.06418,0.01002,0.01317,0.00843,0.00708,0.01066,0.00948,0.06004,0.02525,0.02293,0.05664,0.02275,0.00588,0.00729,0.01386
0.06420,0.09345,0.03789,0.09775,0.01423,0.29406,0.01435,0.01510,0.01421,0.00910,0.01290,0.01114,0.10802,0.03393,0.02394,0.10792,0.01191,0.01182,0.00990,0.01421
0.23262,0.05820,0.17589,0.03755,0.02007,0.08707,0.01471,0.01063,0.02642,0.01120,0.01746,0.01353,0.09117,0.02613,0.02794,0.09599,0.01732,0.00954,0.00920,0.01735
0.09420,0.05623,0.10479,0.03285,0.02833,0.10822,0.01913,0.01535,0.01765,0.01396,0.02178,0.01636,0.10188,0.11024,0.10529,0.09950,0.01354,0.01244,0.00861,0.01962
0.26435,0.02716,0.04639,0.07501,0.01167,0.19097,0.01382,0.00912,0.01242,0.00597,0.01268,0.00577,0.05438,0.08817,0.09080,0.05551,0.00840,0.00917,0.00919,0.00907
0.12123,0.15589,0.09609,0.13163,0.03117,0.10440,0.02442,0.02142,0.02613,0.01720,0.01757,0.01095,0.04754,0.03750,0.03854,0.04744,0.01875,0.01333,0.01427,0.02455
0.11059,0.09932,0.14218,0.05153,0.02067,0.14584,0.01781,0.01527,0.02072,0.01257,0.01272,0.01345,0.12799,0.01864,0.01919,0.12800,0.00933,0.01346,0.00774,0.01300
0.17833,0.05271,0.09924,0.05324,0.00887,0.15366,0.01128,0.00856,0.01073,0.00748,0.00691,0.00685,0.13598,0.05010,0.04585,0.13867,0.00785,0.00566,0.01012,0.00792
0.22384,0.03452,0.15308,0.02751,0.00886,0.07336,0.00782,0.01262,0.01385,0.01022,0.00777,0.00649,0.10856,0.08741,0.07704,0.10929,0.01204,0.00415,0.00700,0.01458
0.21395,0.05837,0.10479,0.04882,0.02507,0.20505,0.02034,0.01753,0.02434,0.01747,0.01653,0.01038,0.04516,0.04902,0.05231,0.04537,0.00914,0.00974,0.00961,0.01700
0.12511,0.05814,0.10906,0.06442,0.01605,0.15391,0.01530,0.02087,0.02097,0.01273,0.01193,0.01777,0.10882,0.05997,0.04687,0.10660,0.01532,0.01200,0.00718,0.01697
0.12962,0.05272,0.09676,0.03286,0.03763,0.10069,0.01899,0.02844,0.01953,0.02299,0.02164,0.01295,0.11921,0.07052,0.06276,0.12167,0.01415,0.00694,0.00984,0.02010
0.10109,0.03584,0.06000,0.03295,0.01384,0.28752,0.00936,0.01239,0.01017,0.00946,0.01460,0.01037,0.14439,0.04161,0.03245,0.14240,0.01299,0.00803,0.00697,0.01358
0.29969,0.02857,0.13188,0.02227,0.02300,0.17995,0.01738,0.01954,0.02088,0.01523,0.01583,0.01111,0.06131,0.02444,0.02057,0.06067,0.00882,0.01340,0.00848,0.01698
0.21807,0.10267,0.17653,0.01660,0.02154,0.12647,0.01335,0.01176,0.01439,0.00922,0.01220,0.01029,0.04350,0.06695,0.06619,0.05092,0.01034,0.00634,0.00730,0.01539
0.11934,0.04883,0.08351,0.04869,0.01604,0.10504,0.01437,0.01274,0.01107,0.00969,0.00894,0.00821,0.21986,0.02149,0.01810,0.22320,0.00961,0.00786,0.00484,0.00857
0.18589,0.17183,0.12103,0.16249,0.01592,0.09751,0.01214,0.02077,0.01401,0.01273,0.01045,0.01119,0.05442,0.01227,0.01035,0.04963,0.01124,0.00886,0.00632,0.01096
0.14229,0.04980,0.06474,0.06506,0.03381,0.08314,0.01684,0.01787,0.03082,0.01539,0.01107,0.01839,0.18280,0.02270,0.02176,0.18374,0.01220,0.00807,0.00954,0.00997
0.13591,0.04716,0.20493,0.02541,0.02623,0.12086,0.01965,0.01942,0.02197,0.02278,0.01611,0.02712,0.10003,0.03573,0.02870,0.09771,0.01289,0.01320,0.00945,0.01472
0.25965,0.04312,0.09852,0.03334,0.01727,0.16044,0.01313,0.02459,0.01701,0.01005,0.01758,0.01526,0.10047,0.02115,0.01062,0.10589,0.01299,0.00974,0.01065,0.01851
0.14663,0.05142,0.06852,0.04071,0.01547,0.12700,0.01244,0.01471,0.01261,0.00895,0.01232,0.01053,0.06725,0.15571,0.14948,0.07157,0.00730,0.00788,0.00751,0.01200
0.08395,0.08793,0.13150,0.09802,0.00999,0.14885,0.00777,0.00958,0.01119,0.01349,0.01341,0.00688,0.13817,0.03298,0.03189,0.13941,0.00927,0.00604,0.00922,0.01045
0.12157,0.05133,0.10208,0.04547,0.02954,0.20787,0.02951,0.02984,0.06242,0.01509,0.02466,0.01654,0.06632,0.03526,0.03079,0.06501,0.01433,0.01204,0.01399,0.02633
0.05899,0.02923,0.13801,0.02992,0.01309,0.15210,0.01253,0.01476,0.01142,0.01005,0.00713,0.00921,0.23059,0.01076,0.01063,0.23257,0.00993,0.00507,0.00632,0.00770
0.15828,0.07473,0.10804,0.05826,0.02604,0.16656,0.01469,0.01514,0.01543,0.01185,0.01221,0.01040,0.10848,0.03953,0.03179,0.10763,0.01142,0.01050,0.00477,0.01425
0.21829,0.02405,0.15476,0.02424,0.02201,0.18192,0.01113,0.01858,0.01671,0.01023,0.01267,0.01249,0.09854,0.02600,0.02080,0.09960,0.01372,0.01133,0.00776,0.01516
0.20694,0.03812,0.08365,0.05753,0.02340,0.22601,0.01711,0.01608,0.01913,0.01786,0.01028,0.01320,0.04429,0.07498,0.06652,0.04476,0.00943,0.01076,0.00727,0.01268
0.29343,0.02983,0.18989,0.03443,0.01634,0.15468,0.01384,0.01286,0.01471,0.01671,0.00942,0.01124,0.04526,0.03396,0.03813,0.04286,0.01326,0.00972,0.00816,0.01127
0.05762,0.13001,0.04115,0.13498,0.01978,0.07476,0.01820,0.01751,0.01739,0.01883,0.01896,0.01421,0.09058,0.09345,0.09712,0.08528,0.02054,0.01133,0.01092,0.02739
0.09345,0.05669,0.19411,0.05335,0.01378,0.22345,0.00880,0.01293,0.01080,0.01064,0.01012,0.00720,0.04614,0.08268,0.08155,0.04806,0.01652,0.01028,0.00866,0.01078
0.06931,0.03598,0.07150,0.03148,0.02479,0.10146,0.02571,0.01745,0.02866,0.02789,0.02594,0.02301,0.10348,0.12458,0.12315,0.10128,0.01827,0.00943,0.01205,0.02456
0.23700,0.01851,0.17890,0.01607,0.01217,0.17829,0.00862,0.00910,0.01547,0.00820,0.00702,0.01301,0.11230,0.01742,0.01429,0.11656,0.00693,0.00729,0.01041,0.01243
0.13331,0.05756,0.08293,0.10527,0.01393,0.18434,0.01104,0.00882,0.01229,0.00794,0.01709,0.01221,0.12435,0.03268,0.02769,0.13143,0.00785,0.00567,0.00891,0.01467
0.13964,0.02440,0.09499,0.02496,0.01518,0.18557,0.00979,0.01013,0.01475,0.01118,0.02088,0.01339,0.04959,0.15561,0.14723,0.04615,0.01011,0.00603,0.00658,0.01385
0.10764,0.03633,0.16787,0.02784,0.01622,0.19070,0.01308,0.02662,0.01212,0.00663,0.01075,0.00849,0.14923,0.01938,0.01681,0.15020,0.00960,0.00896,0.00899,0.01255
0.19537,0.05471,0.14899,0.04956,0.01400,0.12172,0.01714,0.01366,0.01409,0.01304,0.01344,0.01620,0.08798,0.05512,0.05820,0.08382,0.01268,0.00959,0.00844,0.01226
0.15390,0.08143,0.13142,0.06578,0.02804,0.07740,0.03458,0.03329,0.05651,0.01744,0.01361,0.01154,0.08772,0.03114,0.02979,0.10017,0.01314,0.01152,0.01099,0.01061
0.13319,0.04610,0.08601,0.03802,0.02756,0.26594,0.01797,0.01095,0.01505,0.01227,0.01076,0.00651,0.12697,0.02147,0.01673,0.12618,0.00708,0.00879,0.00995,0.01251
0.22460,0.07193,0.17498,0.06603,0.01395,0.04591,0.01242,0.02638,0.01263,0.00788,0.01450,0.01060,0.11454,0.02444,0.01675,0.11213,0.01259,0.01092,0.00711,0.01971
0.12246,0.01756,0.12311,0.02097,0.01719,0.14438,0.01126,0.01256,0.01441,0.01129,0.01403,0.01314,0.20527,0.02043,0.02064,0.20430,0.00815,0.00474,0.00552,0.00860
0.19464,0.07633,0.13351,0.05365,0.02269,0.17934,0.01674,0.01610,0.01642,0.01195,0.01116,0.01110,0.05220,0.05409,0.04633,0.05552,0.01418,0.00687,0.00980,0.01736
0.12514,0.08983,0.04719,0.05363,0.03700,0.10794,0.02393,0.03652,0.02469,0.01758,0.03042,0.02793,0.11752,0.03781,0.02606,0.11712,0.01030,0.01558,0.01414,0.03967
0.16485,0.03472,0.04991,0.02666,0.01051,0.08418,0.01658,0.00429,0.01239,0.00660,0.01442,0.00816,0.03280,0.23543,0.22226,0.03687,0.00662,0.00894,0.00761,0.01619
0.15827,0.04282,0.08668,0.04285,0.01755,0.14424,0.01461,0.01362,0.01800,0.01206,0.00684,0.01017,0.18605,0.01216,0.01137,0.18227,0.01332,0.00572,0.00883,0.01256
0.07841,0.05887,0.08199,0.05100,0.01202,0.08816,0.01142,0.01193,0.01045,0.00869,0.00639,0.00602,0.20611,0.07312,0.06876,0.20008,0.00832,0.00515,0.00587,0.00724
0.10886,0.10962,0.09608,0.04869,0.03404,0.10393,0.00977,0.02024,0.01690,0.01156,0.01354,0.01319,0.16033,0.02439,0.02166,0.15494,0.01387,0.01053,0.00869,0.01915
0.15987,0.05561,0.10066,0.11780,0.01642,0.15121,0.01296,0.00921,0.01526,0.01213,0.01549,0.00819,0.07031,0.07901,0.07184,0.07201,0.00883,0.00610,0.00576,0.01135
0.18110,0.07428,0.09586,0.12558,0.02388,0.09207,0.01809,0.02317,0.01716,0.01310,0.00838,0.00895,0.11745,0.02158,0.02399,0.11706,0.01461,0.00882,0.00707,0.00783
0.10047,0.03273,0.08229,0.02478,0.03299,0.17639,0.02989,0.02280,0.03808,0.02036,0.02012,0.01463,0.14180,0.04176,0.03653,0.13731,0.01023,0.01083,0.01011,0.01587
0.29671,0.07598,0.06282,0.02949,0.01174,0.26150,0.00999,0.00706,0.01522,0.01130,0.00725,0.00585,0.03533,0.05265,0.05294,0.03722,0.00513,0.00768,0.00612,0.00803
0.13917,0.08208,0.10016,0.07908,0.02148,0.12723,0.01460,0.01571,0.01794,0.01013,0.01310,0.00937,0.11369,0.05389,0.04463,0.11856,0.01176,0.00669,0.00782,0.01293
0.14106,0.02609,0.10549,0.02522,0.01353,0.12849,0.00716,0.00873,0.01124,0.01385,0.01293,0.01290,0.14636,0.09596,0.07329,0.14476,0.00748,0.00539,0.00612,0.01395
0.18196,0.10599,0.07549,0.07095,0.01110,0.16644,0.00831,0.00929,0.01343,0.00822,0.00965,0.00704,0.09237,0.06385,0.05354,0.09323,0.00600,0.00656,0.00745,0.00913
0.15426,0.02856,0.15022,0.05956,0.01349,0.19414,0.01487,0.00865,0.02046,0.01166,0.01212,0.01030,0.12003,0.02162,0.02438,0.11904,0.00731,0.00903,0.00742,0.01288
0.08715,0.02845,0.13077,0.01517,0.01729,0.06497,0.01530,0.01316,0.02086,0.01161,0.01829,0.01123,0.11697,0.14191,0.13237,0.11973,0.00965,0.00951,0.01522,0.02041
0.25772,0.03038,0.14077,0.06191,0.01429,0.27895,0.01289,0.01076,0.01365,0.00817,0.01181,0.00936,0.04573,0.01099,0.01226,0.04342,0.00861,0.00709,0.00601,0.01523
0.06876,0.02104,0.04690,0.02753,0.00809,0.06035,0.00692,0.00719,0.00726,0.00467,0.00615,0.00323,0.20414,0.15657,0.14472,0.20408,0.00437,0.00471,0.00686,0.00643
0.07336,0.03291,0.13007,0.04345,0.01447,0.08821,0.01323,0.01893,0.01780,0.01018,0.01251,0.01268,0.21603,0.03763,0.01743,0.20695,0.01295,0.01456,0.01193,0.01470
0.19357,0.04157,0.09022,0.03199,0.02025,0.12948,0.01623,0.01758,0.01812,0.01531,0.01508,0.01621,0.10309,0.07648,0.07088,0.10367,0.00882,0.00767,0.00728,0.01649
0.12074,0.09382,0.08566,0.09141,0.02026,0.10638,0.01804,0.01718,0.01858,0.01169,0.01036,0.01159,0.09547,0.08076,0.07590,0.10103,0.00820,0.01353,0.00697,0.01243
0.07589,0.09878,0.05744,0.10693,0.02048,0.22820,0.01403,0.01661,0.01652,0.01588,0.01924,0.01310,0.08357,0.04745,0.03568,0.09145,0.01786,0.01362,0.00794,0.01933
0.17302,0.08317,0.07309,0.07560,0.02233,0.12148,0.02380,0.01692,0.02078,0.02025,0.01871,0.01260,0.12485,0.01980,0.01680,0.12176,0.01504,0.01355,0.01310,0.01334
0.20186,0.06594,0.25390,0.01688,0.01794,0.13106,0.01645,0.01997,0.02022,0.01689,0.02089,0.01125,0.05647,0.02528,0.02214,0.06003,0.00958,0.00848,0.00766,0.01713
0.15159,0.04218,0.04750,0.07283,0.03032,0.17696,0.02605,0.01728,0.01884,0.01789,0.00946,0.01386,0.09892,0.06514,0.04740,0.10051,0.01396,0.02353,0.01078,0.01501
0.20570,0.05695,0.16139,0.05249,0.01764,0.14235,0.01091,0.01365,0.02575,0.00926,0.01408,0.01340,0.09522,0.02997,0.02455,0.09378,0.00678,0.00881,0.00571,0.01162
0.20364,0.03719,0.08573,0.07655,0.01865,0.16605,0.01350,0.01835,0.01735,0.01047,0.01800,0.01206,0.08070,0.05496,0.04492,0.08899,0.00952,0.01466,0.00989,0.01881
0.14681,0.06842,0.12516,0.05903,0.02279,0.11208,0.02366,0.03316,0.03023,0.02213,0.02087,0.00943,0.09975,0.04036,0.02910,0.11268,0.01098,0.01013,0.00813,0.01511
0.11626,0.05403,0.16451,0.04918,0.02115,0.18152,0.01577,0.02057,0.01951,0.01614,0.02033,0.01200,0.10135,0.02211,0.02207,0.10443,0.01526,0.01268,0.00972,0.02143
0.26450,0.15602,0.14317,0.01947,0.01529,0.12392,0.00953,0.01273,0.01198,0.01000,0.01530,0.01380,0.07080,0.02316,0.02007,0.06223,0.01007,0.00528,0.00598,0.00670
0.13256,0.05825,0.09013,0.04505,0.02443,0.11962,0.02225,0.03035,0.02190,0.01801,0.02034,0.01675,0.11092,0.05126,0.03742,0.11421,0.02519,0.02204,0.01880,0.02053
0.13143,0.05599,0.12113,0.04859,0.00790,0.11431,0.00720,0.00697,0.01010,0.00790,0.01443,0.01248,0.18973,0.02497,0.02119,0.19332,0.00704,0.00662,0.00576,0.01294
0.29870,0.07045,0.08043,0.05377,0.02499,0.17008,0.01619,0.02729,0.02360,0.01857,0.01955,0.02159,0.02819,0.02040,0.01894,0.03028,0.01783,0.01674,0.01197,0.03043
0.16158,0.03584,0.13503,0.03394,0.02329,0.18156,0.01384,0.01092,0.01060,0.00992,0.00997,0.00837,0.14756,0.01917,0.01495,0.15080,0.01039,0.00683,0.00641,0.00902
0.23936,0.05615,0.18456,0.04868,0.01770,0.09733,0.01331,0.01423,0.01230,0.01756,0.01736,0.01536,0.08545,0.02284,0.02235,0.08822,0.01298,0.00747,0.00924,0.01755
0.13936,0.16665,0.11193,0.15804,0.01998,0.04651,0.01525,0.01617,0.01395,0.00881,0.00957,0.00962,0.10613,0.01674,0.01398,0.11039,0.01040,0.00920,0.00669,0.01062
0.15056,0.14508,0.05448,0.13158,0.01232,0.09934,0.01178,0.01292,0.01668,0.00935,0.01391,0.01127,0.08725,0.05891,0.05466,0.08689,0.00928,0.00995,0.00954,0.01423
0.15435,0.03797,0.04392,0.14791,0.02078,0.25893,0.01211,0.01473,0.02274,0.01765,0.01158,0.00865,0.09665,0.01256,0.01437,0.09251,0.00716,0.00618,0.01042,0.00883
0.12171,0.04690,0.05695,0.04369,0.01653,0.10087,0.01140,0.01290,0.01368,0.01326,0.01462,0.01208,0.21737,0.03033,0.02142,0.22309,0.01364,0.00775,0.00950,0.01231
0.09489,0.02449,0.20753,0.10820,0.01317,0.18242,0.01161,0.01191,0.01704,0.00731,0.00999,0.01750,0.06787,0.05279,0.05605,0.07444,0.01703,0.00687,0.00540,0.01348
0.18200,0.06098,0.08127,0.03874,0.01698,0.16200,0.01087,0.01816,0.01331,0.01400,0.01333,0.01121,0.13562,0.03562,0.02960,0.13131,0.01539,0.00739,0.00872,0.01348
0.13203,0.15943,0.10558,0.14774,0.01385,0.09895,0.01307,0.01040,0.01472,0.00597,0.01051,0.00644,0.03477,0.09484,0.09222,0.03030,0.00755,0.00655,0.00642,0.00865
0.20152,0.05618,0.07533,0.04917,0.02390,0.18672,0.00761,0.01665,0.01245,0.00922,0.01535,0.00839,0.11850,0.02978,0.03165,0.11742,0.01040,0.00878,0.00701,0.01400
0.16563,0.06659,0.10423,0.07405,0.01624,0.11845,0.01183,0.00944,0.00871,0.01652,0.01058,0.01408,0.08622,0.07502,0.07701,0.08791,0.02697,0.00874,0.00817,0.01359
0.14689,0.07373,0.11917,0.06544,0.02464,0.08805,0.01355,0.01550,0.01691,0.01477,0.01790,0.01321,0.08210,0.09076,0.08913,0.08669,0.00869,0.00832,0.00770,0.01685
0.11938,0.08966,0.10106,0.06892,0.03298,0.08288,0.03366,0.02579,0.02759,0.01435,0.01610,0.01237,0.12783,0.03304,0.03111,0.13252,0.01425,0.01231,0.00934,0.01486
0.17085,0.08679,0.13009,0.05854,0.02477,0.21185,0.01836,0.00986,0.01659,0.01437,0.02126,0.01523,0.03708,0.04679,0.04374,0.04394,0.01752,0.00746,0.01200,0.01291
0.21819,0.13471,0.12540,0.05658,0.02264,0.14888,0.01554,0.01627,0.01150,0.01237,0.01268,0.01660,0.04404,0.03975,0.03387,0.05125,0.00994,0.00980,0.00885,0.01115
0.13368,0.06435,0.09764,0.05337,0.02957,0.10156,0.02050,0.01824,0.01695,0.01624,0.01701,0.01115,0.16495,0.01569,0.02012,0.16921,0.01481,0.01131,0.00764,0.01600
0.15070,0.03566,0.05271,0.02595,0.01405,0.14712,0.01323,0.01176,0.01316,0.01135,0.00897,0.00950,0.22191,0.01371,0.01211,0.22371,0.00980,0.00579,0.00488,0.01393
0.19487,0.05677,0.23184,0.05922,0.00774,0.30584,0.00609,0.00816,0.00858,0.00581,0.00668,0.00497,0.02324,0.01661,0.01325,0.02586,0.00694,0.00501,0.00621,0.00630
0.19135,0.05695,0.13215,0.05126,0.02295,0.16546,0.01477,0.01149,0.01661,0.01162,0.00756,0.00996,0.07637,0.06205,0.05989,0.07284,0.01177,0.00705,0.00662,0.01127
0.21051,0.11060,0.06743,0.06288,0.02675,0.16670,0.01865,0.02584,0.01909,0.01740,0.01674,0.01557,0.07176,0.01690,0.01597,0.07566,0.02020,0.01116,0.00868,0.02151
0.13742,0.08261,0.04006,0.07612,0.03131,0.15918,0.01665,0.01549,0.01730,0.00758,0.01915,0.01613,0.12682,0.02997,0.02644,0.12943,0.00917,0.01528,0.00598,0.03792
0.14256,0.05909,0.13256,0.07117,0.01293,0.14602,0.01142,0.00979,0.01056,0.00992,0.00634,0.00716,0.16829,0.01143,0.00926,0.16412,0.00756,0.00505,0.00564,0.00914
0.11506,0.05449,0.09297,0.03265,0.01463,0.10353,0.02262,0.01942,0.01611,0.02043,0.01906,0.01738,0.11392,0.08925,0.08649,0.11086,0.03219,0.00768,0.01109,0.02016
0.18208,0.12100,0.10170,0.03548,0.02106,0.09762,0.02572,0.01977,0.03236,0.01629,0.01571,0.01775,0.09253,0.04133,0.03735,0.09184,0.01493,0.00942,0.00908,0.01698
0.14227,0.03432,0.09723,0.04857,0.01186,0.16438,0.00906,0.01095,0.01152,0.00903,0.00766,0.00635,0.18802,0.02014,0.01869,0.18847,0.00695,0.00807,0.00403,0.01245
0.20229,0.02970,0.12522,0.03587,0.01479,0.08488,0.00701,0.00857,0.00853,0.00775,0.01159,0.00722,0.11292,0.10210,0.09626,0.10970,0.00756,0.00890,0.00602,0.01313
0.34785,0.08802,0.06373,0.08083,0.01079,0.14947,0.01018,0.01383,0.01086,0.00655,0.00779,0.00845,0.06194,0.02280,0.02062,0.06358,0.00827,0.00611,0.00655,0.01179
0.09053,0.11049,0.12705,0.05061,0.01947,0.13183,0.01288,0.03251,0.01748,0.02448,0.02296,0.02082,0.06111,0.08131,0.06837,0.06326,0.02013,0.01124,0.01669,0.01679
0.21618,0.06552,0.06375,0.07003,0.03077,0.20708,0.01885,0.01482,0.01299,0.01793,0.00911,0.01243,0.06716,0.03770,0.04644,0.06187,0.01319,0.01280,0.00959,0.01178
0.05347,0.03875,0.17487,0.03796,0.02404,0.18416,0.02434,0.01944,0.01894,0.01877,0.02005,0.00808,0.13054,0.03143,0.02730,0.13009,0.01810,0.00814,0.01013,0.02140
0.11508,0.17037,0.18017,0.09947,0.02614,0.09019,0.02123,0.01486,0.01672,0.01697,0.01084,0.01202,0.08502,0.01643,0.01423,0.08185,0.00787,0.00647,0.00759,0.00648
0.07848,0.09896,0.13757,0.04213,0.02774,0.11838,0.02251,0.02505,0.02223,0.02938,0.02135,0.01990,0.07856,0.05978,0.06227,0.07211,0.02172,0.01946,0.01689,0.02555
0.13459,0.06328,0.07754,0.05131,0.01361,0.12988,0.01645,0.01849,0.01820,0.01245,0.01152,0.01072,0.15294,0.04525,0.03919,0.14751,0.01750,0.01214,0.00947,0.01796
0.11694,0.06218,0.08468,0.10538,0.02393,0.15011,0.01318,0.01542,0.01511,0.01718,0.01082,0.01066,0.15516,0.01737,0.01529,0.15731,0.00778,0.00524,0.00698,0.00926
0.18957,0.04425,0.10177,0.03268,0.01266,0.15384,0.00808,0.00962,0.01189,0.01025,0.01111,0.00834,0.14104,0.04166,0.04807,0.14098,0.00791,0.00870,0.00777,0.00982
0.15467,0.03563,0.06733,0.05229,0.01712,0.13729,0.01257,0.02111,0.01579,0.01310,0.01212,0.01037,0.17221,0.03797,0.03051,0.17238,0.00848,0.00956,0.00830,0.01118
0.15308,0.07349,0.12439,0.05945,0.04692,0.06554,0.03224,0.05007,0.01918,0.01941,0.01627,0.00983,0.10767,0.02713,0.02989,0.11159,0.01376,0.00939,0.01562,0.01507
0.05653,0.05382,0.14711,0.04121,0.03713,0.14684,0.01153,0.01181,0.01549,0.02074,0.01015,0.01169,0.16746,0.02764,0.02279,0.17059,0.01211,0.00769,0.01015,0.01752
0.08003,0.03711,0.19544,0.02447,0.01646,0.20436,0.01962,0.01977,0.02411,0.01734,0.01494,0.01484,0.10833,0.04006,0.02777,0.10441,0.01372,0.01166,0.00647,0.01908
0.07381,0.11839,0.20040,0.03808,0.02833,0.13020,0.01163,0.01353,0.02211,0.01798,0.01130,0.00860,0.03040,0.12155,0.11295,0.02686,0.00880,0.00607,0.00748,0.01153
0.18178,0.06717,0.12473,0.07073,0.01516,0.25919,0.01383,0.01405,0.01148,0.01057,0.00621,0.00907,0.07129,0.01988,0.01300,0.07360,0.01035,0.00736,0.01088,0.00967
0.28675,0.04559,0.07955,0.02483,0.02516,0.12541,0.02037,0.02408,0.02366,0.01415,0.01764,0.01534,0.07917,0.04024,0.02968,0.08356,0.01747,0.01350,0.00851,0.02535
0.09167,0.05155,0.08055,0.04337,0.02395,0.09667,0.01636,0.01917,0.01551,0.01099,0.03975,0.02687,0.16764,0.04144,0.03597,0.16629,0.01604,0.01732,0.02034,0.01856
0.24470,0.03759,0.19453,0.04419,0.02550,0.11382,0.02447,0.02400,0.01634,0.01404,0.01286,0.01307,0.04706,0.05259,0.04809,0.04776,0.00915,0.01019,0.00842,0.01163
0.19409,0.09224,0.11221,0.09876,0.02967,0.12661,0.01776,0.02071,0.01938,0.01833,0.01306,0.01070,0.07354,0.02680,0.02555,0.07750,0.01126,0.01198,0.00824,0.01160
0.14293,0.05900,0.08888,0.05820,0.02585,0.13739,0.01774,0.01398,0.01532,0.01359,0.01371,0.01046,0.13432,0.05133,0.04530,0.13399,0.00941,0.00815,0.01037,0.01011
0.08190,0.01846,0.33797,0.02001,0.01177,0.09532,0.00981,0.01291,0.02021,0.01025,0.01679,0.00846,0.09614,0.07009,0.06331,0.09133,0.00979,0.00781,0.00716,0.01051
0.14271,0.09969,0.10569,0.09343,0.01647,0.15654,0.00962,0.01356,0.01249,0.00952,0.01100,0.00935,0.02694,0.12118,0.11289,0.02519,0.00817,0.00818,0.00557,0.01182
0.19872,0.03882,0.16871,0.03793,0.03130,0.09246,0.02174,0.03596,0.04669,0.01863,0.01421,0.00948,0.09342,0.02476,0.01937,0.10049,0.01060,0.00931,0.01282,0.01458
0.12617,0.05115,0.09547,0.04630,0.02136,0.17353,0.01848,0.01041,0.01914,0.02117,0.01565,0.01449,0.14175,0.02223,0.01603,0.14999,0.01208,0.01459,0.00993,0.02007
0.22324,0.05666,0.10194,0.05174,0.01378,0.22996,0.01433,0.01296,0.01530,0.00831,0.01184,0.00704,0.07498,0.03356,0.03179,0.07944,0.00900,0.00547,0.00597,0.01266
0.24263,0.03259,0.04448,0.03763,0.01638,0.21617,0.01113,0.00788,0.00939,0.00830,0.01193,0.01081,0.12674,0.02743,0.02376,0.12025,0.01357,0.01361,0.00812,0.01718
0.23134,0.04726,0.16540,0.04132,0.01870,0.09301,0.01235,0.02145,0.02343,0.01163,0.01719,0.01667,0.08974,0.04036,0.03233,0.08582,0.01270,0.00896,0.01161,0.01874
0.07583,0.06325,0.12673,0.07429,0.01668,0.15920,0.01482,0.01752,0.01354,0.01481,0.01829,0.01042,0.11374,0.05828,0.04781,0.11713,0.01894,0.00967,0.01100,0.01807
0.28334,0.02292,0.05024,0.14470,0.02342,0.07555,0.02822,0.00869,0.03067,0.01393,0.01270,0.01200,0.08288,0.02954,0.02304,0.09597,0.02743,0.01243,0.00754,0.01479
0.16473,0.01897,0.10817,0.04478,0.02377,0.16991,0.01756,0.01580,0.03296,0.01478,0.01727,0.01959,0.03416,0.11079,0.10052,0.04043,0.01595,0.01656,0.01666,0.01665
0.13646,0.04264,0.36674,0.07712,0.01100,0.18189,0.01018,0.01117,0.02053,0.00935,0.01041,0.00666,0.02195,0.02418,0.01951,0.02369,0.00604,0.00477,0.00683,0.00886
0.22910,0.06737,0.05495,0.02340,0.01494,0.21064,0.01004,0.01156,0.01175,0.00814,0.01133,0.00955,0.12714,0.01677,0.01172,0.13489,0.01427,0.00809,0.01311,0.01123
0.15328,0.03627,0.10826,0.04073,0.03034,0.13637,0.01981,0.02047,0.02327,0.01210,0.01581,0.01214,0.11995,0.06032,0.04797,0.11844,0.01328,0.00991,0.00861,0.01266
0.19853,0.07270,0.07756,0.11348,0.02569,0.09385,0.01875,0.01660,0.03197,0.02070,0.01748,0.01606,0.09319,0.02352,0.01744,0.09771,0.01976,0.01392,0.00841,0.02267
0.25022,0.05550,0.08163,0.04664,0.01636,0.17247,0.01733,0.02442,0.02113,0.01212,0.01545,0.01133,0.04916,0.06136,0.05494,0.05199,0.01639,0.01000,0.01384,0.01772
0.15880,0.06148,0.16989,0.03042,0.01831,0.23741,0.00969,0.01156,0.01238,0.01179,0.01475,0.00866,0.07576,0.03806,0.03502,0.07384,0.00781,0.00842,0.00526,0.01069
0.19796,0.03472,0.12524,0.03793,0.01894,0.22014,0.01601,0.01716,0.01348,0.01051,0.01849,0.01370,0.05139,0.06519,0.05854,0.05304,0.01134,0.00994,0.00959,0.01671
0.15653,0.07883,0.10605,0.07336,0.02220,0.08916,0.01550,0.01620,0.01259,0.01118,0.01246,0.01412,0.15300,0.01934,0.01543,0.15101,0.01458,0.00930,0.01143,0.01774
0.08280,0.06757,0.11133,0.06076,0.01594,0.09168,0.02046,0.01865,0.01421,0.01723,0.02943,0.02049,0.15625,0.04626,0.03154,0.15174,0.01027,0.01360,0.01330,0.02649
0.21060,0.06898,0.12867,0.05104,0.01431,0.22833,0.00923,0.01046,0.01311,0.00880,0.01442,0.00683,0.05571,0.04473,0.04450,0.05701,0.00811,0.00545,0.00883,0.01087
0.07470,0.15731,0.05746,0.15817,0.02758,0.08651,0.01454,0.01436,0.02544,0.01445,0.01832,0.02039,0.08015,0.05837,0.04649,0.08294,0.01655,0.00911,0.01855,0.01860
0.16365,0.05394,0.10341,0.04841,0.01696,0.11045,0.01418,0.01642,0.01360,0.01155,0.01270,0.00919,0.12113,0.07511,0.07390,0.11764,0.01104,0.01028,0.00631,0.01011
0.14961,0.06297,0.12055,0.04743,0.01569,0.13159,0.02126,0.02094,0.01465,0.01160,0.01751,0.01147,0.12499,0.03835,0.04113,0.12789,0.01439,0.00668,0.00668,0.01461
0.16835,0.08470,0.06704,0.13683,0.01615,0.22283,0.01153,0.01491,0.01547,0.01214,0.01595,0.01142,0.07021,0.02400,0.01894,0.06994,0.00903,0.00769,0.00776,0.01511
0.14908,0.06979,0.11134,0.05213,0.02653,0.10672,0.01166,0.01566,0.02156,0.01749,0.02366,0.01407,0.05491,0.10844,0.09801,0.05312,0.01927,0.01234,0.01009,0.02413
0.07757,0.08704,0.14197,0.06058,0.01788,0.12604,0.01429,0.02648,0.02666,0.01550,0.01717,0.01667,0.12755,0.02188,0.02279,0.12331,0.01190,0.01334,0.01873,0.03266
0.12713,0.01698,0.05595,0.05718,0.01346,0.16716,0.01006,0.00983,0.01178,0.01033,0.01346,0.00804,0.20800,0.02558,0.02607,0.20014,0.01133,0.01028,0.00841,0.00884
0.08141,0.02650,0.06589,0.02407,0.01660,0.23602,0.00957,0.01346,0.01400,0.00835,0.01369,0.01478,0.09744,0.12781,0.10844,0.09786,0.00868,0.01130,0.00893,0.01519
0.19367,0.02374,0.05263,0.04299,0.01691,0.17238,0.00826,0.01305,0.01111,0.00963,0.01023,0.00731,0.17103,0.03169,0.02571,0.17464,0.00969,0.00824,0.00847,0.00863
0.28401,0.03214,0.08758,0.03403,0.01371,0.27804,0.01158,0.01347,0.01507,0.01005,0.00918,0.00849,0.05265,0.04008,0.03624,0.05078,0.00584,0.00569,0.00438,0.00699
0.23756,0.04220,0.15095,0.04200,0.01234,0.20904,0.00906,0.00659,0.01018,0.00948,0.01136,0.01006,0.04182,0.06106,0.06350,0.04534,0.00738,0.00868,0.00693,0.01446
0.11025,0.06665,0.10334,0.05482,0.02835,0.11188,0.01669,0.02048,0.02299,0.01541,0.01742,0.01188,0.14275,0.04315,0.03617,0.14349,0.01489,0.01065,0.00931,0.01943
0.10010,0.02875,0.19676,0.03580,0.01872,0.20906,0.01093,0.01416,0.01662,0.01072,0.01001,0.00617,0.06546,0.09106,0.08101,0.06734,0.01239,0.00953,0.00509,0.01032
0.13896,0.05027,0.09374,0.04454,0.02631,0.12911,0.01648,0.02450,0.02239,0.01785,0.02575,0.04783,0.06632,0.07567,0.06790,0.05909,0.02112,0.02288,0.02131,0.02798
0.11472,0.06391,0.13699,0.04477,0.01712,0.14460,0.01155,0.01783,0.02066,0.01359,0.01540,0.00778,0.11796,0.06316,0.05431,0.12468,0.00826,0.00566,0.00650,0.01054
0.12378,0.05370,0.24608,0.02130,0.01733,0.07522,0.02282,0.01400,0.02139,0.00929,0.01987,0.02054,0.10761,0.03585,0.03526,0.10903,0.02146,0.01330,0.01197,0.02020
0.29402,0.03356,0.09079,0.03171,0.02235,0.17291,0.02077,0.01844,0.02306,0.01524,0.01908,0.01060,0.06598,0.03833,0.02429,0.06274,0.01296,0.01074,0.01079,0.02166
