0.45527,0.43523,0.05385,0.05564
0.41358,0.39873,0.09381,0.09388
0.38665,0.37079,0.12042,0.12214
0.34483,0.34169,0.15629,0.15719
0.37288,0.36031,0.12336,0.14346
0.31057,0.38948,0.14634,0.15362
0.39397,0.38436,0.10862,0.11305
0.41557,0.39312,0.09621,0.09509
0.52444,0.31045,0.07565,0.08946
0.42617,0.41096,0.07971,0.08316
0.41578,0.39535,0.08967,0.09920
0.39486,0.37713,0.11317,0.11484
0.40536,0.38352,0.10551,0.10561
0.44369,0.43955,0.05818,0.05858
0.40019,0.38946,0.10368,0.10667
0.42208,0.40650,0.08364,0.08778
0.45366,0.42919,0.05886,0.05829
0.30010,0.28566,0.20459,0.20964
0.42270,0.40238,0.08260,0.09231
0.38877,0.38435,0.11527,0.11162
0.33928,0.33109,0.15694,0.17269
0.40429,0.39698,0.08889,0.10984
0.42226,0.40472,0.08281,0.09021
0.38511,0.37027,0.11819,0.12644
0.38256,0.36991,0.12520,0.12232
0.45741,0.40243,0.06780,0.07236
0.42394,0.40991,0.07976,0.08639
0.43629,0.36900,0.09881,0.09590
0.42668,0.40738,0.08035,0.08558
0.35823,0.34224,0.15210,0.14742
0.47018,0.40738,0.06030,0.06213
0.40602,0.47038,0.06042,0.06318
0.45140,0.43058,0.05444,0.06358
0.45170,0.39315,0.07519,0.07996
0.31716,0.34648,0.16801,0.16836
0.40231,0.38116,0.10722,0.10930
0.39641,0.38692,0.10783,0.10884
0.24272,0.57575,0.08605,0.09548
0.38981,0.38784,0.10436,0.11800
0.25698,0.29478,0.21815,0.23009
0.37401,0.36400,0.12960,0.13239
0.42589,0.39905,0.08764,0.08741
0.45758,0.43421,0.05355,0.05466
0.42002,0.40188,0.08826,0.08984
0.39882,0.38274,0.10766,0.11078
0.40957,0.38640,0.10005,0.10398
0.39461,0.38041,0.10785,0.11712
0.39232,0.37667,0.11306,0.11796
0.43509,0.41459,0.07587,0.07445
0.39892,0.38289,0.10519,0.11300
0.39484,0.36334,0.12077,0.12105
0.42512,0.41151,0.07982,0.08354
0.40337,0.38767,0.10147,0.10748
0.33189,0.31613,0.18500,0.16698
0.38005,0.36119,0.12136,0.13741
0.36457,0.34901,0.14203,0.14439
0.41556,0.40365,0.09037,0.09042
0.38910,0.37488,0.11232,0.12370
0.46446,0.27362,0.13041,0.13151
0.43388,0.42497,0.07101,0.07015
0.39784,0.38195,0.10445,0.11576
0.52402,0.32423,0.07245,0.07930
0.37897,0.37261,0.12214,0.12628
0.42323,0.40858,0.08047,0.08771
0.39334,0.38200,0.10887,0.11579
0.39184,0.40832,0.10912,0.09073
0.43142,0.42036,0.07271,0.07550
0.35804,0.35566,0.14430,0.14200
0.38600,0.37356,0.11790,0.12255
0.36734,0.35711,0.12947,0.14609
0.43740,0.42166,0.07278,0.06816
0.44478,0.39454,0.08340,0.07728
0.31987,0.31974,0.18416,0.17623
0.33632,0.32027,0.16331,0.18010
0.39944,0.38156,0.10683,0.11217
0.41818,0.39702,0.09448,0.09033
0.44654,0.33032,0.10991,0.11323
0.41564,0.37091,0.10193,0.11152
0.42980,0.41299,0.07957,0.07764
0.24567,0.23762,0.25424,0.26247
0.42476,0.41145,0.07857,0.08522
0.39779,0.38074,0.11403,0.10743
0.38936,0.37763,0.11512,0.11789
0.38441,0.39156,0.11226,0.11177
0.35511,0.33771,0.14889,0.15830
0.41542,0.40391,0.08757,0.09310
0.39905,0.39083,0.10219,0.10792
0.41775,0.40897,0.08213,0.09116
0.41415,0.40411,0.09527,0.08648
0.34232,0.32663,0.16154,0.16951
0.36954,0.35802,0.12955,0.14289
0.39081,0.37355,0.11830,0.11734
0.42461,0.40847,0.08225,0.08467
0.44085,0.39989,0.07784,0.08142
0.38583,0.38078,0.11397,0.11942
0.34135,0.33262,0.16663,0.15939
0.40436,0.38724,0.09649,0.11192
0.32550,0.31985,0.17428,0.18037
0.33460,0.32609,0.16389,0.17542
0.39884,0.38318,0.10762,0.11036
0.38953,0.37713,0.12012,0.11322
0.41525,0.38000,0.09823,0.10653
0.34396,0.33152,0.16649,0.15803
0.40744,0.39336,0.10266,0.09654
0.42368,0.40456,0.07942,0.09233
0.41861,0.39391,0.09472,0.09276
0.42911,0.41599,0.07666,0.07824
0.37921,0.36132,0.12672,0.13275
0.38476,0.37110,0.12018,0.12396
0.39670,0.37514,0.11108,0.11707
0.36481,0.35549,0.13995,0.13975
0.40795,0.39321,0.09134,0.10750
0.34592,0.30777,0.16378,0.18253
0.24376,0.34936,0.19717,0.20970
0.39027,0.37900,0.11454,0.11619
0.40733,0.39671,0.09431,0.10165
0.42450,0.40843,0.08180,0.08527
0.41376,0.39559,0.08996,0.10069
0.37867,0.35175,0.13927,0.13031
0.36304,0.34475,0.14161,0.15060
0.40795,0.39230,0.09893,0.10082
0.40187,0.38422,0.09950,0.11441
0.41584,0.40024,0.09017,0.09375
0.37952,0.36607,0.12621,0.12820
0.36333,0.34797,0.14735,0.14135
0.43670,0.40959,0.07183,0.08187
0.29673,0.28361,0.20825,0.21141
0.41975,0.39033,0.09098,0.09894
0.37408,0.35897,0.13210,0.13485
0.37064,0.35845,0.13015,0.14075
0.39898,0.37949,0.10590,0.11563
0.38313,0.37353,0.11975,0.12359
0.40398,0.40084,0.10162,0.09356
0.37463,0.35481,0.14089,0.12967
0.37621,0.36312,0.12965,0.13102
0.42157,0.40182,0.08533,0.09128
0.39952,0.38403,0.10122,0.11524
0.35077,0.34066,0.15148,0.15709
0.41338,0.35673,0.10938,0.12051
0.42608,0.40952,0.07995,0.08445
0.37299,0.36388,0.12610,0.13703
0.36964,0.35572,0.13871,0.13593
0.32983,0.30970,0.17832,0.18214
0.39617,0.33327,0.13644,0.13412
0.36739,0.36061,0.13588,0.13612
0.43286,0.41119,0.07767,0.07829
0.37703,0.37122,0.12776,0.12400
0.35707,0.34933,0.15526,0.13834
0.33935,0.33307,0.16468,0.16290
0.41553,0.39611,0.08956,0.09880
0.39238,0.38116,0.11308,0.11338
0.42236,0.40083,0.08636,0.09045
0.41033,0.40026,0.09650,0.09291
0.39940,0.37856,0.10793,0.11410
0.29709,0.48697,0.11302,0.10292
0.37813,0.36892,0.12812,0.12484
0.40936,0.39809,0.09753,0.09501
0.29613,0.47973,0.10691,0.11723
0.41286,0.40164,0.08954,0.09595
0.34717,0.34340,0.15953,0.14990
0.37877,0.36914,0.12237,0.12972
0.36289,0.35029,0.15481,0.13200
0.41598,0.39851,0.08643,0.09908
0.36483,0.35148,0.13445,0.14924
0.34488,0.36984,0.14014,0.14514
0.35182,0.33324,0.15229,0.16265
0.36544,0.39064,0.10975,0.13417
0.38015,0.35647,0.12745,0.13593
0.43047,0.41168,0.07751,0.08033
0.42531,0.40210,0.08520,0.08739
0.36251,0.37049,0.13430,0.13271
0.35242,0.34074,0.15057,0.15626
0.41106,0.39802,0.09389,0.09703
0.31807,0.29655,0.19756,0.18782
0.42781,0.40421,0.08328,0.08471
0.36901,0.35822,0.13384,0.13893
0.36270,0.34480,0.14488,0.14762
0.33312,0.31865,0.16142,0.18681
0.41262,0.39507,0.09166,0.10066
0.40256,0.39002,0.10659,0.10083
0.42446,0.40250,0.08663,0.08640
0.39048,0.37350,0.11644,0.11958
0.36477,0.35553,0.13782,0.14188
0.36021,0.35566,0.14193,0.14220
0.36124,0.34796,0.13702,0.15378
0.36498,0.33826,0.14738,0.14937
0.34340,0.33092,0.16200,0.16368
0.36040,0.34605,0.14246,0.15109
0.44314,0.42702,0.06480,0.06504
0.38580,0.40432,0.11004,0.09984
0.39812,0.38811,0.10591,0.10787
0.39432,0.37898,0.11078,0.11592
0.40495,0.39668,0.09056,0.10781
0.38003,0.36203,0.12693,0.13100
0.35523,0.41091,0.11762,0.11624
0.41667,0.40203,0.08967,0.09162
0.40874,0.39697,0.09753,0.09676
0.40571,0.39422,0.10420,0.09586
0.34894,0.33558,0.15333,0.16216
0.35658,0.34115,0.14415,0.15812
0.42933,0.41512,0.07130,0.08426
0.35193,0.34327,0.15623,0.14857
0.39993,0.38007,0.11158,0.10843
0.36046,0.47517,0.07996,0.08441
0.43158,0.40742,0.07833,0.08267
0.42466,0.40743,0.07936,0.08855
0.32405,0.47790,0.09862,0.09943
0.39293,0.38359,0.11171,0.11177
0.38818,0.36828,0.12212,0.12142
0.34947,0.33516,0.15075,0.16462
0.43467,0.41475,0.07513,0.07545
0.38826,0.37807,0.11915,0.11452
0.39466,0.37863,0.10805,0.11866
0.43473,0.41743,0.07484,0.07299
0.41725,0.40098,0.08689,0.09489
0.42690,0.41199,0.08285,0.07826
0.34319,0.33727,0.15584,0.16369
0.39045,0.37498,0.11997,0.11460
0.40911,0.38564,0.10419,0.10107
0.44437,0.42379,0.06423,0.06761
0.42969,0.41209,0.07878,0.07943
0.55887,0.27882,0.07764,0.08467
0.43317,0.41415,0.07553,0.07715
0.37988,0.36458,0.12620,0.12934
0.36197,0.35624,0.13321,0.14858
0.32906,0.32868,0.16605,0.17621
0.41474,0.40246,0.09295,0.08985
0.37269,0.39213,0.10985,0.12532
0.39528,0.38914,0.11306,0.10252
0.42802,0.41899,0.07331,0.07968
0.38629,0.37527,0.12041,0.11803
0.38388,0.36547,0.12142,0.12923
0.43825,0.41827,0.07211,0.07137
0.40324,0.39066,0.10647,0.09963
0.39492,0.38571,0.11177,0.10760
0.39321,0.37714,0.10963,0.12001
0.42212,0.39613,0.09124,0.09051
0.38903,0.38929,0.10973,0.11195
0.38975,0.37148,0.12004,0.11873
0.37367,0.35826,0.13396,0.13411
0.41424,0.35244,0.11614,0.11718
0.39136,0.37959,0.10822,0.12083
0.42082,0.40601,0.08480,0.08837
0.33696,0.36876,0.13768,0.15660
0.40679,0.41272,0.07906,0.10143
0.40934,0.38472,0.10284,0.10310
0.39079,0.37822,0.11324,0.11776
0.43813,0.42238,0.07008,0.06941
0.41582,0.40457,0.09083,0.08877
0.39462,0.37918,0.10495,0.12126
0.41496,0.40608,0.08698,0.09198
0.42537,0.41682,0.08118,0.07663
0.35000,0.34591,0.15897,0.14512
0.38446,0.37718,0.12275,0.11562
0.40838,0.33385,0.12643,0.13134
0.41792,0.40318,0.08451,0.09439
0.44416,0.38981,0.08042,0.08562
0.43156,0.40894,0.07902,0.08048
0.38385,0.37189,0.11901,0.12525
0.36974,0.35169,0.13761,0.14095
0.42205,0.39014,0.08716,0.10065
0.38068,0.37688,0.12118,0.12126
0.36048,0.34940,0.13992,0.15020
0.29986,0.28946,0.19523,0.21546
0.44076,0.41923,0.07292,0.06709
0.32142,0.31044,0.17904,0.18910
0.32847,0.31965,0.17581,0.17607
0.37769,0.36679,0.12149,0.13402
0.39079,0.37462,0.11610,0.11849
0.34842,0.33571,0.14972,0.16615
0.42202,0.39005,0.08673,0.10120
0.38780,0.50813,0.05357,0.05050
0.41416,0.39277,0.09674,0.09634
0.41566,0.40664,0.08466,0.09304
0.34717,0.33859,0.15007,0.16417
0.49143,0.30452,0.09833,0.10572
0.37878,0.36742,0.11904,0.13477
0.30027,0.30450,0.19105,0.20417
0.40662,0.39494,0.09547,0.10298
0.42946,0.42028,0.07256,0.07770
0.37752,0.36505,0.12469,0.13274
0.42199,0.40422,0.08820,0.08558
0.37866,0.36887,0.12666,0.12581
0.40644,0.38504,0.10279,0.10573
0.39636,0.37397,0.10940,0.12027
0.30979,0.44631,0.12202,0.12189
0.37687,0.37071,0.13102,0.12140
0.44868,0.40486,0.07373,0.07274
0.37316,0.36571,0.12299,0.13814
0.27047,0.26804,0.22574,0.23575
0.38737,0.37104,0.11014,0.13145
0.41650,0.40734,0.09120,0.08497
0.47457,0.19523,0.17272,0.15748
0.31180,0.30248,0.19543,0.19030
0.44657,0.42250,0.06436,0.06657
0.37687,0.36364,0.12331,0.13619
0.42796,0.42705,0.07605,0.06893
0.43064,0.40718,0.08030,0.08188
0.42952,0.41448,0.07844,0.07756
0.34230,0.32859,0.16757,0.16154
