0.01073,0.43518,0.02208,0.01748,0.44496,0.00939,0.01488,0.01041,0.00723,0.00340,0.01336,0.00157,0.00391,0.00542
0.02454,0.02695,0.04996,0.00413,0.00260,0.01050,0.01669,0.38239,0.01341,0.06123,0.00851,0.01968,0.00455,0.37486
0.00529,0.15953,0.15678,0.00652,0.00323,0.05194,0.00968,0.25240,0.04316,0.00733,0.00423,0.00365,0.00282,0.29345
0.01506,0.01686,0.03385,0.44711,0.00350,0.01667,0.01000,0.00511,0.01729,0.01796,0.38219,0.02608,0.00429,0.00403
0.35589,0.06250,0.04894,0.01026,0.01609,0.01124,0.35018,0.04439,0.00821,0.00052,0.00492,0.01472,0.01673,0.05541
0.00398,0.04896,0.07062,0.00785,0.02402,0.03319,0.00569,0.34694,0.02567,0.00256,0.00636,0.00428,0.00475,0.41514
0.00692,0.02582,0.08193,0.00431,0.01567,0.03777,0.01656,0.31441,0.02874,0.02435,0.03836,0.00399,0.00310,0.39807
0.01928,0.01059,0.02282,0.42186,0.01601,0.00759,0.01975,0.00292,0.00252,0.45711,0.00870,0.00535,0.00339,0.00211
0.00726,0.03124,0.06734,0.05151,0.00598,0.01181,0.00992,0.33468,0.00238,0.04572,0.00357,0.02075,0.00094,0.40691
0.01119,0.03082,0.02291,0.01128,0.03950,0.01437,0.00553,0.44177,0.01143,0.39709,0.00237,0.00424,0.00482,0.00268
0.02648,0.05580,0.10776,0.03057,0.00573,0.00523,0.03331,0.37697,0.01603,0.30103,0.01651,0.01124,0.01086,0.00246
0.00390,0.09515,0.14195,0.00167,0.00620,0.00608,0.00651,0.39038,0.01624,0.30860,0.00376,0.00579,0.00454,0.00924
0.00269,0.01027,0.01764,0.03372,0.02347,0.01422,0.00108,0.40716,0.01414,0.00433,0.00177,0.00248,0.00963,0.45739
0.01462,0.01530,0.02968,0.00814,0.40650,0.44284,0.01297,0.01996,0.00546,0.01252,0.00623,0.01297,0.00552,0.00730
0.00177,0.39949,0.09025,0.00888,0.46152,0.00559,0.00145,0.00620,0.00386,0.00200,0.00666,0.00133,0.00588,0.00512
0.02491,0.24312,0.01470,0.00478,0.42336,0.23564,0.00308,0.00523,0.00674,0.00448,0.01196,0.01145,0.00739,0.00316
0.00629,0.46711,0.44618,0.02080,0.00438,0.00528,0.00272,0.00821,0.01001,0.00868,0.00114,0.00126,0.01372,0.00422
0.00345,0.06298,0.06392,0.00269,0.00570,0.00840,0.00660,0.36687,0.00191,0.01515,0.01043,0.03479,0.00695,0.41016
0.00530,0.07939,0.46386,0.00211,0.01775,0.00461,0.00271,0.00945,0.00304,0.00226,0.00491,0.39972,0.00382,0.00107
0.00169,0.09320,0.03910,0.01083,0.08120,0.00321,0.00425,0.00838,0.00614,0.00369,0.38501,0.00983,0.35087,0.00259
0.01219,0.46087,0.01462,0.01170,0.00912,0.00285,0.00802,0.06767,0.00086,0.00470,0.00556,0.37081,0.00422,0.02682
0.42663,0.01029,0.04705,0.00647,0.00255,0.00681,0.46999,0.00881,0.00429,0.00401,0.00100,0.00385,0.00477,0.00347
0.01835,0.42708,0.03513,0.01346,0.47522,0.00437,0.00500,0.00328,0.00225,0.00353,0.00771,0.00073,0.00080,0.00310
0.01503,0.39048,0.08228,0.00198,0.45230,0.01010,0.01339,0.00478,0.01383,0.00226,0.00282,0.00369,0.00294,0.00412
0.00459,0.00641,0.05379,0.01893,0.01030,0.01187,0.00864,0.39169,0.01078,0.01071,0.00636,0.00712,0.00335,0.45545
0.00498,0.02447,0.04531,0.00786,0.00704,0.00571,0.00532,0.41540,0.00302,0.00197,0.00462,0.00534,0.00144,0.46750
0.00945,0.00800,0.02245,0.02737,0.05021,0.06562,0.00235,0.41336,0.02596,0.35369,0.01361,0.00365,0.00216,0.00209
0.00628,0.11877,0.13978,0.00580,0.00350,0.00280,0.00540,0.32557,0.01208,0.00176,0.00408,0.00389,0.00150,0.36877
0.02335,0.04660,0.05600,0.02899,0.00942,0.37535,0.01174,0.00978,0.40027,0.00430,0.01650,0.00610,0.00413,0.00746
0.01677,0.05942,0.04170,0.00176,0.00241,0.00381,0.00810,0.43248,0.00867,0.41341,0.00070,0.00715,0.00304,0.00058
0.43613,0.02250,0.01891,0.00119,0.00824,0.02750,0.44528,0.01363,0.00573,0.00685,0.00387,0.00116,0.00527,0.00374
0.00201,0.02476,0.02389,0.00372,0.03381,0.01976,0.00319,0.43254,0.03602,0.38497,0.01522,0.01831,0.00085,0.00094
0.04016,0.00923,0.02344,0.42904,0.01482,0.00412,0.02034,0.01999,0.00297,0.00783,0.38818,0.02670,0.00116,0.01200
0.02263,0.02319,0.45571,0.00300,0.00719,0.01065,0.01681,0.00507,0.01067,0.00164,0.00340,0.01202,0.00341,0.42463
0.31415,0.00931,0.04841,0.01101,0.00832,0.01781,0.33721,0.09148,0.01800,0.00647,0.01786,0.00301,0.00589,0.11108
0.00308,0.05168,0.10306,0.00983,0.00671,0.00273,0.00487,0.42916,0.00802,0.35306,0.00329,0.00994,0.00367,0.01090
0.00418,0.09452,0.14628,0.01978,0.00235,0.00582,0.00313,0.38429,0.00182,0.30135,0.01484,0.00965,0.00265,0.00931
0.00161,0.45720,0.00911,0.01402,0.46273,0.00314,0.00452,0.01775,0.00469,0.00463,0.00344,0.00129,0.00644,0.00942
0.03433,0.42905,0.41281,0.02073,0.00455,0.00614,0.02292,0.00994,0.00542,0.02197,0.00300,0.00131,0.00239,0.02545
0.01338,0.42892,0.01755,0.00459,0.44372,0.01949,0.02363,0.00389,0.00890,0.00238,0.02631,0.00342,0.00295,0.00087
0.00999,0.27617,0.29124,0.05879,0.00661,0.00556,0.00716,0.10627,0.02168,0.06038,0.00637,0.00233,0.00737,0.14009
0.02949,0.04689,0.02537,0.02540,0.10998,0.14389,0.02900,0.00516,0.27667,0.00743,0.01051,0.00414,0.28181,0.00428
0.00347,0.02006,0.48211,0.00228,0.01286,0.01250,0.00536,0.00474,0.00958,0.00459,0.00156,0.00487,0.00247,0.43356
0.00734,0.22074,0.12337,0.00758,0.29435,0.00286,0.00626,0.12761,0.01198,0.00755,0.00548,0.00639,0.00349,0.17500
0.18908,0.04865,0.15063,0.04937,0.03222,0.01361,0.20210,0.05215,0.03249,0.04818,0.01152,0.00244,0.03026,0.13729
0.00132,0.03564,0.03044,0.03824,0.00316,0.00052,0.01543,0.40242,0.00774,0.01229,0.00274,0.01079,0.00224,0.43703
0.00823,0.01788,0.04734,0.03654,0.01327,0.01841,0.00264,0.36368,0.00419,0.00169,0.01006,0.03014,0.01051,0.43542
0.35895,0.02985,0.02277,0.03647,0.00212,0.00142,0.35031,0.08681,0.00494,0.01927,0.01822,0.00170,0.00862,0.05855
0.00420,0.15507,0.15923,0.00872,0.01854,0.00823,0.00407,0.28222,0.01130,0.00287,0.00193,0.01197,0.00301,0.32864
0.00768,0.02879,0.08681,0.06812,0.02413,0.00987,0.00860,0.29480,0.00668,0.06116,0.01405,0.00527,0.00473,0.37930
0.12630,0.02144,0.04449,0.04225,0.02882,0.01268,0.12262,0.29762,0.01436,0.24410,0.02111,0.01259,0.00682,0.00480
0.07387,0.33369,0.10404,0.00186,0.39006,0.00229,0.06691,0.00807,0.00157,0.00675,0.00261,0.00368,0.00206,0.00255
0.00769,0.46111,0.44835,0.00999,0.02006,0.00345,0.00498,0.01017,0.01470,0.00354,0.00239,0.00155,0.00543,0.00658
0.00423,0.07127,0.07683,0.00229,0.00419,0.01056,0.00407,0.41870,0.00583,0.37015,0.02355,0.00244,0.00188,0.00401
0.00956,0.02389,0.07149,0.01295,0.03273,0.03940,0.00365,0.43215,0.01796,0.35097,0.00172,0.00057,0.00132,0.00165
0.01469,0.01205,0.48375,0.00542,0.00342,0.00705,0.01844,0.01898,0.00758,0.00814,0.00582,0.00275,0.00218,0.40975
0.00421,0.38254,0.09516,0.01099,0.41734,0.01436,0.02746,0.01434,0.00673,0.00417,0.00279,0.00292,0.00173,0.01526
0.03551,0.42936,0.38776,0.01402,0.06486,0.01124,0.02739,0.00254,0.00367,0.00957,0.00546,0.00204,0.00420,0.00239
0.41675,0.03484,0.01336,0.03320,0.04034,0.01656,0.39403,0.00562,0.00316,0.00846,0.01029,0.00775,0.00895,0.00669
0.00072,0.49302,0.48072,0.00154,0.00161,0.01070,0.00131,0.00157,0.00378,0.00093,0.00100,0.00153,0.00038,0.00120
0.00293,0.01245,0.03262,0.01107,0.00463,0.00776,0.00372,0.45567,0.05477,0.39089,0.00281,0.00669,0.01080,0.00319
0.00388,0.03606,0.06433,0.01386,0.00561,0.01625,0.00641,0.30514,0.00501,0.00476,0.08062,0.00243,0.08809,0.36755
0.00683,0.03636,0.04472,0.01820,0.01866,0.00126,0.00425,0.00453,0.00617,0.00483,0.44624,0.00134,0.40455,0.00207
0.16412,0.02156,0.32908,0.00631,0.04649,0.00431,0.08220,0.01367,0.00429,0.01614,0.02126,0.28669,0.00251,0.00136
0.00779,0.01988,0.11704,0.01219,0.00402,0.00140,0.00447,0.45377,0.00063,0.35194,0.00201,0.00769,0.00236,0.01484
0.01750,0.03565,0.00992,0.01610,0.03228,0.02238,0.00362,0.42987,0.00551,0.40969,0.00193,0.00233,0.00412,0.00909
0.01034,0.01215,0.02357,0.00365,0.00648,0.44036,0.00775,0.01656,0.45588,0.01219,0.00295,0.00563,0.00053,0.00194
0.00131,0.03135,0.05611,0.00441,0.01625,0.00871,0.00098,0.39082,0.02510,0.02304,0.00346,0.00445,0.00229,0.43172
0.02092,0.44156,0.41996,0.01906,0.00712,0.01591,0.01008,0.02198,0.01095,0.00451,0.00150,0.00441,0.00106,0.02097
0.00515,0.38004,0.16483,0.00524,0.39765,0.01290,0.00182,0.00679,0.00450,0.00360,0.01026,0.00253,0.00380,0.00089
0.12285,0.15008,0.07777,0.00684,0.16582,0.00337,0.12090,0.19486,0.00392,0.13991,0.00528,0.00163,0.00321,0.00356
0.00307,0.05164,0.05713,0.00665,0.00139,0.00393,0.00100,0.36383,0.00985,0.00203,0.00947,0.06005,0.01020,0.41976
0.01997,0.33819,0.29683,0.03839,0.00351,0.09095,0.00748,0.00211,0.08075,0.02189,0.05011,0.00092,0.04453,0.00439
0.03842,0.42941,0.01320,0.00464,0.46206,0.00348,0.02364,0.00581,0.00223,0.00314,0.00409,0.00164,0.00416,0.00409
0.00264,0.01519,0.06934,0.00205,0.03864,0.04112,0.00631,0.36512,0.00127,0.00270,0.00314,0.00390,0.00772,0.44086
0.01996,0.03730,0.03055,0.00757,0.00273,0.42279,0.00952,0.00185,0.43203,0.00671,0.01205,0.00314,0.00492,0.00889
0.03009,0.04516,0.10028,0.05379,0.01007,0.01423,0.03087,0.37846,0.01078,0.30786,0.01189,0.00216,0.00079,0.00358
0.00164,0.40410,0.39897,0.01539,0.00618,0.03050,0.00355,0.03560,0.03288,0.03730,0.00344,0.01672,0.00371,0.01001
0.00383,0.48737,0.48184,0.00205,0.00023,0.00048,0.00280,0.00988,0.00103,0.00636,0.00049,0.00030,0.00129,0.00207
0.00332,0.06908,0.11033,0.00370,0.01267,0.00219,0.01420,0.33487,0.01709,0.00461,0.00546,0.00258,0.01632,0.40360
0.00591,0.26550,0.27620,0.00833,0.03665,0.02071,0.01167,0.15742,0.00857,0.00257,0.00796,0.00534,0.00414,0.18902
0.00922,0.04445,0.09525,0.00552,0.01291,0.01635,0.00020,0.43803,0.00235,0.34694,0.01023,0.01159,0.00310,0.00386
0.00941,0.02322,0.03027,0.00577,0.04264,0.40817,0.00793,0.00792,0.42204,0.00385,0.00832,0.01772,0.00489,0.00787
0.00406,0.49502,0.47089,0.00472,0.00379,0.00442,0.00227,0.00082,0.00190,0.00099,0.00728,0.00078,0.00040,0.00266
0.01853,0.42850,0.03008,0.00125,0.42361,0.02003,0.00690,0.02286,0.00933,0.00971,0.00294,0.00908,0.00460,0.01259
0.01322,0.46139,0.45165,0.00139,0.01626,0.01175,0.00949,0.01210,0.00827,0.00173,0.00188,0.00504,0.00404,0.00181
0.00877,0.09437,0.11818,0.03649,0.03526,0.02395,0.00259,0.34262,0.00347,0.27643,0.02680,0.00403,0.00683,0.02021
0.01394,0.01613,0.03736,0.00615,0.00510,0.00958,0.01539,0.45705,0.00647,0.40491,0.00296,0.00454,0.00182,0.01859
0.00483,0.01844,0.16271,0.00968,0.00422,0.01665,0.00676,0.30292,0.01026,0.00193,0.00204,0.01490,0.00394,0.44072
0.30542,0.03837,0.05215,0.09902,0.01023,0.01116,0.32559,0.00305,0.01958,0.11808,0.00881,0.00323,0.00275,0.00257
0.00214,0.36438,0.07212,0.05979,0.42439,0.01055,0.00825,0.00378,0.00552,0.03211,0.00663,0.00767,0.00106,0.00159
0.00946,0.03335,0.04371,0.03580,0.00423,0.00326,0.03040,0.37595,0.00293,0.03079,0.00189,0.00108,0.00126,0.42590
0.01244,0.03430,0.43916,0.00745,0.00315,0.00767,0.01007,0.08338,0.00449,0.05854,0.00273,0.00364,0.00803,0.32496
0.00393,0.48110,0.47367,0.00312,0.02052,0.00413,0.00201,0.00194,0.00123,0.00022,0.00172,0.00542,0.00015,0.00084
0.00109,0.02857,0.08002,0.00119,0.00250,0.04382,0.00184,0.34963,0.00561,0.00741,0.00184,0.03520,0.00293,0.43835
0.43687,0.01819,0.05029,0.02044,0.02393,0.02431,0.38672,0.01325,0.00330,0.00312,0.00718,0.00685,0.00340,0.00215
0.43267,0.02448,0.02528,0.00771,0.00520,0.00222,0.42029,0.02249,0.00562,0.00937,0.00775,0.02696,0.00108,0.00889
0.00556,0.01335,0.49611,0.00914,0.00358,0.01619,0.00353,0.00524,0.00313,0.00249,0.00628,0.00529,0.00277,0.42733
0.00037,0.04031,0.05141,0.00495,0.00544,0.00065,0.00279,0.43542,0.02734,0.38407,0.02038,0.00375,0.01786,0.00524
0.00325,0.01324,0.06704,0.02057,0.00997,0.00572,0.00161,0.38750,0.01184,0.00573,0.00501,0.00299,0.01032,0.45521
0.00956,0.45029,0.04280,0.00336,0.43932,0.00531,0.00266,0.01864,0.01036,0.00114,0.00274,0.00218,0.00236,0.00926
0.01959,0.42317,0.06287,0.01112,0.45582,0.00364,0.00416,0.00124,0.00541,0.00047,0.00335,0.00222,0.00147,0.00547
0.00200,0.01577,0.00916,0.05626,0.00457,0.01276,0.00173,0.40786,0.00775,0.00992,0.00186,0.00717,0.00219,0.46100
0.00984,0.02766,0.07298,0.00549,0.00510,0.00544,0.00460,0.38302,0.00650,0.01240,0.01683,0.00309,0.00095,0.44609
0.01105,0.01209,0.05061,0.02202,0.00626,0.00923,0.01077,0.43371,0.05313,0.31237,0.00687,0.00453,0.00634,0.06102
0.42462,0.01478,0.03093,0.00917,0.00765,0.00433,0.44407,0.02938,0.00460,0.00230,0.00309,0.00404,0.01077,0.01029
0.00882,0.05356,0.02231,0.00243,0.01125,0.42988,0.00487,0.01195,0.43789,0.00303,0.00404,0.00421,0.00234,0.00342
0.01957,0.42134,0.41658,0.00183,0.00875,0.01642,0.00875,0.04160,0.01612,0.02851,0.00289,0.00767,0.00351,0.00646
0.00872,0.02837,0.03523,0.01490,0.00770,0.00856,0.00411,0.44966,0.01284,0.40180,0.02450,0.00190,0.00107,0.00065
0.00615,0.02083,0.50652,0.00376,0.00286,0.00150,0.00518,0.00621,0.00481,0.00498,0.00341,0.00200,0.00496,0.42685
0.02211,0.02475,0.05048,0.23558,0.00893,0.00511,0.00619,0.18172,0.04029,0.01947,0.19250,0.00578,0.00950,0.19759
0.01828,0.02496,0.07971,0.01941,0.02401,0.01528,0.01031,0.32607,0.04224,0.05217,0.00384,0.00308,0.02215,0.35847
0.43340,0.01163,0.02027,0.01000,0.01306,0.00465,0.45066,0.01988,0.00226,0.01362,0.00784,0.00604,0.00342,0.00327
0.16280,0.21945,0.25945,0.00791,0.03686,0.02612,0.15089,0.04176,0.00371,0.00403,0.01825,0.01171,0.01867,0.03838
0.00407,0.01193,0.04219,0.01837,0.01319,0.01406,0.00990,0.37983,0.02997,0.00524,0.00322,0.00974,0.00525,0.45303
0.01964,0.01860,0.06152,0.01736,0.01077,0.01000,0.00590,0.37675,0.00397,0.01356,0.00450,0.00594,0.00249,0.44900
0.37525,0.04896,0.07037,0.00798,0.01088,0.01844,0.40978,0.00964,0.00827,0.00402,0.00856,0.01058,0.00921,0.00805
0.01312,0.00981,0.07201,0.00736,0.00377,0.02599,0.00124,0.46359,0.02396,0.37746,0.00016,0.00051,0.00025,0.00077
0.00794,0.48598,0.46194,0.00271,0.01089,0.00542,0.00134,0.00390,0.00999,0.00240,0.00044,0.00096,0.00299,0.00309
0.00348,0.02276,0.02626,0.02607,0.42198,0.46163,0.00581,0.00454,0.00734,0.00260,0.01320,0.00139,0.00159,0.00135
0.00696,0.34363,0.12278,0.00445,0.39117,0.02982,0.01963,0.02365,0.01045,0.00292,0.00278,0.00739,0.00189,0.03248
0.01501,0.49219,0.01395,0.00312,0.44721,0.00292,0.00525,0.00616,0.00319,0.00252,0.00129,0.00270,0.00107,0.00343
0.00392,0.02565,0.01417,0.00344,0.45322,0.46647,0.00555,0.00431,0.01150,0.00240,0.00105,0.00185,0.00140,0.00507
0.01229,0.43290,0.02994,0.00506,0.44492,0.01506,0.00904,0.00480,0.01141,0.00163,0.00234,0.01610,0.00906,0.00546
0.00990,0.15259,0.07139,0.04997,0.02143,0.03733,0.01323,0.28830,0.04334,0.28486,0.00188,0.00303,0.00803,0.01470
0.10613,0.03240,0.06560,0.00839,0.32017,0.36828,0.08041,0.00551,0.00155,0.00342,0.00202,0.00205,0.00222,0.00184
0.00841,0.12251,0.03388,0.02851,0.11586,0.00331,0.01748,0.30367,0.01124,0.00321,0.00561,0.00219,0.00353,0.34059
0.00822,0.01886,0.03058,0.03213,0.00729,0.00363,0.00684,0.13866,0.02239,0.00606,0.25721,0.01419,0.27084,0.18308
0.01451,0.03007,0.01552,0.01813,0.02409,0.00744,0.00606,0.42254,0.00437,0.39426,0.03390,0.02150,0.00323,0.00439
0.01076,0.01216,0.00163,0.00890,0.44472,0.46001,0.00571,0.00734,0.02031,0.00868,0.00289,0.00127,0.01400,0.00162
0.04835,0.04365,0.04886,0.29170,0.03087,0.01960,0.04165,0.07919,0.00967,0.00988,0.25744,0.02052,0.00775,0.09089
0.43994,0.02009,0.02045,0.00200,0.00641,0.00469,0.46585,0.00615,0.01386,0.00023,0.00267,0.00147,0.00651,0.00968
0.02144,0.07233,0.10353,0.14960,0.00836,0.07588,0.00935,0.17709,0.09497,0.14650,0.09168,0.02643,0.01517,0.00768
0.01144,0.25343,0.03448,0.12349,0.24710,0.00788,0.00331,0.07062,0.01074,0.12687,0.01466,0.02496,0.00399,0.06702
0.00510,0.03780,0.48664,0.00716,0.03281,0.00312,0.00225,0.01376,0.00680,0.00540,0.00687,0.00512,0.01286,0.37433
0.00157,0.03208,0.01950,0.00369,0.01079,0.02165,0.00387,0.44027,0.01294,0.42106,0.00730,0.02324,0.00134,0.00071
0.01267,0.42347,0.01094,0.01502,0.45397,0.02244,0.02340,0.00186,0.00520,0.02187,0.00255,0.00088,0.00228,0.00345
0.00476,0.44741,0.01635,0.01259,0.44932,0.00789,0.00938,0.01427,0.00688,0.00193,0.01134,0.00609,0.00301,0.00879
0.00526,0.12361,0.16400,0.00699,0.01017,0.00658,0.01301,0.28217,0.00146,0.00275,0.00787,0.00189,0.03246,0.34177
0.01427,0.41257,0.02927,0.01826,0.43048,0.01774,0.00594,0.00991,0.02414,0.01254,0.00322,0.01338,0.00254,0.00575
0.00221,0.05501,0.08665,0.02216,0.00449,0.00369,0.01033,0.31175,0.00352,0.02875,0.04546,0.01105,0.05654,0.35840
0.00917,0.14364,0.12642,0.00514,0.00166,0.00451,0.00856,0.34179,0.00507,0.22743,0.00359,0.02559,0.00096,0.09648
0.00850,0.02281,0.07534,0.01112,0.01044,0.01317,0.00484,0.37992,0.00334,0.00400,0.00774,0.00265,0.00238,0.45376
0.00342,0.44236,0.02508,0.00530,0.45702,0.02291,0.00454,0.00215,0.02175,0.00115,0.00302,0.00203,0.00547,0.00378
0.00771,0.02465,0.01545,0.39895,0.00240,0.01412,0.00745,0.04777,0.01207,0.01816,0.35649,0.03122,0.00439,0.05916
0.00718,0.02783,0.04069,0.02040,0.02017,0.00210,0.00935,0.39542,0.00733,0.00862,0.00500,0.00347,0.00355,0.44889
0.41221,0.02567,0.02875,0.00328,0.00562,0.00448,0.43248,0.04342,0.00097,0.03358,0.00129,0.00131,0.00209,0.00485
0.00895,0.22217,0.03175,0.00352,0.20229,0.23590,0.01532,0.00566,0.23552,0.00277,0.00192,0.00191,0.00166,0.03067
0.00710,0.00573,0.03981,0.00574,0.00217,0.40836,0.00420,0.03756,0.44456,0.02569,0.00620,0.00232,0.00116,0.00942
0.00442,0.48709,0.01794,0.00811,0.00355,0.01095,0.00233,0.00284,0.00369,0.00235,0.00332,0.44260,0.00616,0.00464
0.00632,0.48384,0.47611,0.00204,0.00223,0.00080,0.00448,0.01070,0.00154,0.00500,0.00295,0.00164,0.00100,0.00134
0.00766,0.09511,0.35901,0.00480,0.19523,0.00637,0.00501,0.00735,0.00861,0.00418,0.00569,0.28082,0.00884,0.01133
0.00619,0.01422,0.01779,0.44620,0.00434,0.01030,0.00595,0.00191,0.00226,0.45984,0.00765,0.01519,0.00246,0.00569
0.00336,0.04651,0.25244,0.22949,0.02597,0.00277,0.01709,0.00323,0.00329,0.23780,0.01929,0.00276,0.00349,0.15251
0.00547,0.06516,0.11958,0.01313,0.01797,0.02074,0.01103,0.31396,0.01599,0.00425,0.00302,0.00242,0.01543,0.39186
0.01751,0.03438,0.03402,0.01634,0.00567,0.31435,0.00956,0.10274,0.33233,0.00408,0.00327,0.00421,0.00153,0.12001
0.00665,0.16457,0.11772,0.00502,0.00972,0.01346,0.00269,0.32354,0.02989,0.27741,0.00610,0.00800,0.00365,0.03157
0.00505,0.03974,0.10052,0.00308,0.00765,0.00867,0.00673,0.45205,0.00388,0.36227,0.00286,0.00366,0.00251,0.00133
0.00367,0.03627,0.00644,0.22495,0.00723,0.23363,0.00598,0.01218,0.24581,0.01725,0.19962,0.00192,0.00255,0.00252
0.02833,0.34415,0.08542,0.01230,0.20620,0.00818,0.00707,0.11242,0.00754,0.08798,0.01323,0.00589,0.03996,0.04134
0.00297,0.41053,0.03196,0.04064,0.43815,0.00344,0.00411,0.00619,0.01711,0.02420,0.01056,0.00230,0.00533,0.00249
0.01738,0.43725,0.02229,0.01986,0.45905,0.00607,0.01233,0.00599,0.00521,0.00133,0.00746,0.00301,0.00057,0.00221
0.00632,0.38723,0.02014,0.00567,0.38655,0.03470,0.01292,0.03761,0.05262,0.03006,0.01590,0.00422,0.00510,0.00095
0.01694,0.44627,0.01176,0.02290,0.45762,0.00403,0.00302,0.00635,0.00099,0.00815,0.01652,0.00195,0.00150,0.00199
0.00361,0.02272,0.48266,0.00812,0.00526,0.00575,0.02577,0.02254,0.00718,0.00734,0.00270,0.00243,0.00537,0.39853
0.01488,0.05698,0.03594,0.42424,0.01103,0.00207,0.00950,0.00252,0.00278,0.42200,0.00889,0.00426,0.00173,0.00317
0.06126,0.34536,0.02982,0.02260,0.38727,0.01812,0.06037,0.00244,0.00783,0.02694,0.00257,0.03088,0.00125,0.00328
0.00345,0.02110,0.01465,0.00612,0.00776,0.00754,0.00884,0.01760,0.00881,0.00450,0.44294,0.00902,0.43566,0.01200
0.00611,0.02543,0.03155,0.04690,0.00119,0.00154,0.02029,0.02247,0.01305,0.00922,0.41335,0.01788,0.38271,0.00831
0.00572,0.01188,0.02496,0.01347,0.00119,0.03395,0.00356,0.40767,0.00208,0.01024,0.00522,0.02835,0.00141,0.45029
0.00823,0.41817,0.05435,0.02457,0.44965,0.00972,0.00556,0.00258,0.00286,0.01349,0.00313,0.00366,0.00164,0.00240
0.00333,0.42167,0.06126,0.01094,0.46642,0.00397,0.00270,0.00447,0.00264,0.00773,0.00151,0.00941,0.00176,0.00219
0.00725,0.02383,0.10710,0.02328,0.00355,0.03996,0.00287,0.31294,0.03919,0.00128,0.01157,0.00367,0.00629,0.41722
0.00531,0.01603,0.04989,0.01662,0.00617,0.03056,0.00807,0.37415,0.00802,0.01186,0.00244,0.01717,0.00481,0.44889
0.00421,0.02336,0.03703,0.00781,0.00197,0.41977,0.00750,0.00713,0.46483,0.00448,0.00715,0.00148,0.01063,0.00265
0.00615,0.04549,0.01580,0.00856,0.02850,0.02528,0.00495,0.41442,0.02668,0.34574,0.00118,0.01081,0.01820,0.04824
0.00089,0.00965,0.47214,0.00141,0.01577,0.00284,0.00243,0.00907,0.00166,0.00650,0.00082,0.47601,0.00042,0.00040
0.00558,0.03461,0.05822,0.00437,0.00914,0.00822,0.00119,0.40908,0.00338,0.01765,0.00281,0.01062,0.00041,0.43471
0.01351,0.06369,0.07995,0.00279,0.01445,0.00058,0.00198,0.43519,0.00836,0.36135,0.00736,0.00534,0.00295,0.00250
0.00246,0.01905,0.03638,0.03398,0.01661,0.00217,0.00780,0.46040,0.00258,0.40713,0.00573,0.00090,0.00045,0.00436
0.01144,0.15952,0.18910,0.17502,0.01117,0.01763,0.00198,0.11769,0.00721,0.23832,0.00490,0.01026,0.00529,0.05048
0.00435,0.04670,0.08069,0.00049,0.03655,0.03313,0.00309,0.33759,0.00525,0.00329,0.01629,0.00807,0.00498,0.41955
0.12742,0.04651,0.06239,0.02070,0.00781,0.01407,0.12816,0.27987,0.00107,0.21059,0.01041,0.00269,0.00863,0.07967
0.00778,0.04338,0.07577,0.02268,0.02015,0.09930,0.00266,0.27714,0.09982,0.00365,0.00954,0.00214,0.00268,0.33332
0.00496,0.05836,0.09753,0.01867,0.01450,0.00665,0.00320,0.42013,0.00191,0.34551,0.01061,0.00602,0.00517,0.00679
0.28458,0.04915,0.03993,0.09386,0.01302,0.00536,0.28529,0.06714,0.01689,0.02237,0.05163,0.01265,0.00700,0.05114
0.00150,0.47895,0.46911,0.00236,0.02661,0.00390,0.00032,0.00080,0.00050,0.00072,0.01075,0.00348,0.00020,0.00081
0.00189,0.21289,0.23495,0.00954,0.32067,0.00684,0.00353,0.01328,0.03703,0.01579,0.00427,0.09548,0.04063,0.00323
0.01364,0.42685,0.01147,0.00329,0.45232,0.01861,0.00984,0.01564,0.02663,0.01058,0.00296,0.00252,0.00367,0.00198
0.00171,0.03652,0.06162,0.01935,0.02394,0.05801,0.00950,0.41444,0.00988,0.35590,0.00359,0.00059,0.00159,0.00335
0.00372,0.48921,0.01162,0.00355,0.00214,0.00038,0.00262,0.00273,0.01742,0.00063,0.00273,0.46061,0.00076,0.00187
0.00571,0.43450,0.06036,0.00689,0.45261,0.00217,0.01104,0.00958,0.00135,0.00192,0.00562,0.00198,0.00145,0.00481
0.43124,0.01946,0.03800,0.00213,0.00169,0.02131,0.46031,0.00200,0.00962,0.00304,0.00293,0.00370,0.00339,0.00118
0.00075,0.04233,0.02542,0.00391,0.02317,0.01310,0.00893,0.41238,0.00473,0.01131,0.00156,0.01564,0.00597,0.43082
0.00427,0.06278,0.04329,0.03093,0.01723,0.00355,0.00082,0.41459,0.01211,0.38523,0.00983,0.00837,0.00390,0.00311
0.00364,0.10858,0.06474,0.00614,0.00392,0.00707,0.00107,0.38616,0.01277,0.37552,0.00492,0.00876,0.00220,0.01450
0.01577,0.01443,0.02219,0.02435,0.03185,0.00978,0.00660,0.45074,0.00606,0.41037,0.00385,0.00121,0.00121,0.00159
0.39158,0.00951,0.04271,0.00643,0.00736,0.00218,0.35713,0.09310,0.00221,0.07720,0.00202,0.00328,0.00345,0.00183
0.00534,0.07471,0.00700,0.00715,0.08070,0.01127,0.00434,0.40191,0.02529,0.30196,0.00965,0.00465,0.00281,0.06322
0.00266,0.04231,0.02587,0.44573,0.00768,0.00566,0.00126,0.00252,0.00439,0.02825,0.41361,0.00623,0.00789,0.00594
0.47558,0.01406,0.03831,0.00378,0.01397,0.00547,0.42891,0.00440,0.00270,0.00450,0.00292,0.00123,0.00204,0.00213
0.00942,0.02107,0.05914,0.00240,0.00543,0.01309,0.00424,0.43950,0.02510,0.37982,0.00515,0.02394,0.00969,0.00201
0.00366,0.03935,0.06311,0.00271,0.01154,0.00696,0.00231,0.45236,0.00512,0.39405,0.00254,0.00783,0.00416,0.00430
0.02945,0.41416,0.06988,0.00226,0.40656,0.00191,0.00988,0.00774,0.00644,0.00879,0.00387,0.01528,0.00949,0.01429
0.03856,0.13741,0.12029,0.00436,0.14993,0.01246,0.01683,0.28072,0.00933,0.20370,0.00925,0.00527,0.01091,0.00097
0.00427,0.35695,0.06979,0.00460,0.40636,0.00284,0.00868,0.06730,0.01754,0.05078,0.00198,0.00261,0.00111,0.00519
0.00009,0.02973,0.09270,0.00914,0.00822,0.01592,0.00155,0.02655,0.01176,0.00670,0.41843,0.01417,0.35043,0.01461
0.00552,0.01858,0.01622,0.33955,0.00658,0.00107,0.00677,0.14283,0.00718,0.44275,0.00125,0.00549,0.00402,0.00218
0.01111,0.05321,0.07196,0.01007,0.37841,0.40936,0.00573,0.01799,0.01465,0.00308,0.00378,0.00233,0.00768,0.01062
0.40259,0.03192,0.04905,0.00565,0.00386,0.02600,0.44408,0.00391,0.00860,0.00208,0.00696,0.00886,0.00299,0.00344
0.42720,0.01187,0.03971,0.00346,0.01144,0.00188,0.46777,0.00549,0.00410,0.00350,0.00474,0.00290,0.00685,0.00907
0.01196,0.02215,0.00682,0.00649,0.42338,0.45299,0.00630,0.01799,0.02892,0.00608,0.00083,0.00158,0.00321,0.01132
0.01587,0.04647,0.08343,0.01191,0.01377,0.00326,0.00701,0.36080,0.00243,0.00272,0.00237,0.02130,0.00077,0.42788
0.00299,0.01560,0.05804,0.03412,0.38399,0.44151,0.00934,0.00291,0.00254,0.00982,0.01376,0.01781,0.00136,0.00621
0.00317,0.09748,0.19625,0.00415,0.00296,0.00406,0.00606,0.28190,0.00092,0.00359,0.00056,0.00640,0.00151,0.39101
0.01877,0.46812,0.44686,0.00480,0.01072,0.00632,0.01751,0.00545,0.00911,0.00079,0.00115,0.00590,0.00285,0.00166
0.02813,0.01803,0.04015,0.37941,0.04660,0.04994,0.00426,0.00954,0.00473,0.40734,0.00359,0.00103,0.00372,0.00351
0.00320,0.06493,0.04850,0.01071,0.05154,0.03192,0.00235,0.13688,0.23252,0.00602,0.00451,0.01235,0.22072,0.17384
0.43612,0.02956,0.01346,0.00302,0.00277,0.00394,0.43545,0.03661,0.00666,0.00710,0.00493,0.00730,0.00139,0.01168
0.01733,0.02516,0.04797,0.02910,0.00998,0.00536,0.00782,0.12341,0.30515,0.10556,0.00165,0.00349,0.31582,0.00221
0.00121,0.03692,0.02266,0.42577,0.03074,0.00288,0.00597,0.00291,0.00795,0.45373,0.00407,0.00055,0.00320,0.00143
0.00727,0.44459,0.12243,0.01849,0.01717,0.00740,0.00663,0.01786,0.00660,0.04599,0.01957,0.28050,0.00287,0.00263
0.29090,0.19838,0.01580,0.07468,0.01882,0.00244,0.20255,0.00570,0.00816,0.05028,0.00564,0.11708,0.00349,0.00608
0.01007,0.03630,0.13597,0.02863,0.00097,0.00446,0.00391,0.07443,0.28621,0.04014,0.01036,0.00215,0.36067,0.00572
0.45865,0.02251,0.00818,0.01443,0.00803,0.01036,0.46608,0.00402,0.00078,0.00228,0.00247,0.00041,0.00054,0.00126
0.00440,0.07911,0.07267,0.01345,0.19519,0.20095,0.01809,0.20401,0.02818,0.16098,0.00360,0.01170,0.00307,0.00460
0.00571,0.01712,0.03139,0.03028,0.00825,0.00269,0.00292,0.40980,0.00903,0.00498,0.00243,0.00635,0.00629,0.46276
0.00370,0.03001,0.08022,0.01106,0.00784,0.00459,0.00378,0.42511,0.05904,0.33761,0.00739,0.02669,0.00159,0.00134
0.00198,0.47797,0.47128,0.00014,0.00270,0.01033,0.00569,0.00210,0.00446,0.00270,0.00263,0.00590,0.00111,0.01102
0.01961,0.01400,0.03456,0.21504,0.00326,0.04057,0.00586,0.24168,0.01351,0.20243,0.18346,0.01193,0.00531,0.00880
0.00232,0.49682,0.01542,0.00296,0.00149,0.00099,0.00104,0.00151,0.00931,0.00183,0.00143,0.46248,0.00026,0.00213
0.01892,0.01450,0.13534,0.01025,0.00576,0.08404,0.01438,0.24545,0.07513,0.00187,0.01080,0.00285,0.02500,0.35571
0.03382,0.04033,0.01016,0.00414,0.00704,0.02884,0.04893,0.37159,0.03942,0.00263,0.00194,0.00238,0.00575,0.40304
0.01650,0.05771,0.22232,0.00732,0.00134,0.00687,0.05106,0.20176,0.01163,0.02580,0.00390,0.00754,0.00249,0.38377
0.01113,0.10860,0.39915,0.00967,0.11535,0.00813,0.01342,0.00325,0.00355,0.00540,0.01022,0.30488,0.00344,0.00380
0.00367,0.01703,0.00964,0.00631,0.00995,0.00637,0.00303,0.45813,0.00727,0.35840,0.01866,0.00308,0.02603,0.07244
0.01435,0.03531,0.11142,0.03846,0.00332,0.00385,0.01709,0.29914,0.03676,0.00556,0.00622,0.00800,0.02766,0.39285
0.00482,0.40928,0.08771,0.00135,0.46305,0.00284,0.00120,0.00222,0.00463,0.00216,0.00080,0.00790,0.00139,0.01064
0.00583,0.02544,0.03783,0.45052,0.01668,0.00884,0.00864,0.00518,0.00115,0.02163,0.40271,0.00494,0.00197,0.00863
0.01351,0.05409,0.05954,0.00185,0.00350,0.00756,0.00126,0.40385,0.00762,0.01316,0.00182,0.00137,0.00078,0.43008
0.00170,0.47809,0.45901,0.00455,0.01868,0.01862,0.00129,0.00113,0.01255,0.00117,0.00047,0.00065,0.00169,0.00040
0.01230,0.12432,0.13701,0.02726,0.00704,0.00488,0.02410,0.32611,0.00366,0.28909,0.02133,0.00903,0.00152,0.01236
0.00247,0.49776,0.47751,0.00185,0.00894,0.00270,0.00091,0.00260,0.00270,0.00156,0.00038,0.00026,0.00017,0.00020
0.00463,0.47647,0.13749,0.00125,0.34526,0.00359,0.00372,0.00529,0.00187,0.00966,0.00143,0.00545,0.00107,0.00284
0.01125,0.02705,0.01369,0.01367,0.01366,0.00660,0.00457,0.44945,0.02091,0.36377,0.00728,0.00599,0.00626,0.05586
0.01389,0.01912,0.03252,0.01247,0.00510,0.00734,0.00590,0.39810,0.02928,0.00411,0.01007,0.00803,0.00345,0.45063
0.00676,0.04573,0.06976,0.00909,0.01828,0.01121,0.00397,0.41439,0.01690,0.35958,0.00903,0.00785,0.00291,0.02455
0.00441,0.46993,0.44281,0.00358,0.00197,0.02214,0.00145,0.01216,0.01894,0.00915,0.00414,0.00277,0.00459,0.00196
0.00287,0.04472,0.16289,0.00527,0.00719,0.02158,0.00247,0.30529,0.00499,0.02807,0.00646,0.00364,0.01213,0.39242
0.01571,0.02343,0.05841,0.00689,0.01169,0.00934,0.03884,0.37987,0.00171,0.00202,0.00558,0.01149,0.00151,0.43350
0.00073,0.05930,0.06179,0.32626,0.08296,0.00923,0.00225,0.02441,0.01488,0.37653,0.00196,0.00347,0.00696,0.02927
0.02573,0.46054,0.03235,0.00105,0.43719,0.01003,0.01247,0.00259,0.00305,0.00161,0.00411,0.00309,0.00109,0.00508
0.00151,0.07971,0.11343,0.00256,0.00930,0.00803,0.00176,0.30548,0.03185,0.00371,0.02302,0.00288,0.04229,0.37447
0.01433,0.35095,0.36266,0.04166,0.01430,0.01702,0.00636,0.06323,0.00170,0.02575,0.00731,0.00223,0.00255,0.08995
0.00499,0.00881,0.01222,0.02254,0.01952,0.01257,0.00813,0.40782,0.00782,0.00496,0.02561,0.01934,0.00393,0.44173
0.00546,0.03902,0.12459,0.02260,0.00842,0.00211,0.00290,0.33799,0.00263,0.00898,0.00249,0.00190,0.00247,0.43844
0.34389,0.25465,0.09058,0.00679,0.00568,0.00209,0.25098,0.00778,0.00216,0.01738,0.00539,0.00705,0.00210,0.00348
0.03844,0.05551,0.04276,0.26029,0.01528,0.00392,0.01610,0.10617,0.00874,0.27273,0.00923,0.02185,0.00227,0.14669
0.00743,0.01548,0.01824,0.01779,0.00425,0.00437,0.00884,0.00887,0.42778,0.01129,0.00728,0.00335,0.46367,0.00135
0.03181,0.02408,0.02863,0.01648,0.00299,0.01934,0.01622,0.39336,0.00491,0.03499,0.00888,0.00821,0.01001,0.40009
0.03985,0.42968,0.42711,0.02416,0.00332,0.00922,0.03320,0.00185,0.00159,0.00329,0.00995,0.00804,0.00203,0.00672
0.00390,0.01998,0.44828,0.01564,0.00221,0.00856,0.00408,0.02953,0.00810,0.02915,0.01442,0.00342,0.00228,0.41044
0.00351,0.11323,0.09213,0.00499,0.02003,0.00405,0.00824,0.36698,0.00102,0.00198,0.00258,0.00244,0.00183,0.37700
0.00729,0.01703,0.21843,0.00696,0.05281,0.00564,0.01445,0.29467,0.00932,0.17953,0.00782,0.17582,0.00457,0.00565
0.01588,0.42695,0.09917,0.00231,0.40235,0.00226,0.01000,0.00311,0.00282,0.00326,0.01018,0.00471,0.01216,0.00483
0.00618,0.02105,0.07624,0.00937,0.00378,0.40355,0.00309,0.00290,0.45412,0.01156,0.00119,0.00494,0.00094,0.00109
0.00513,0.02707,0.03507,0.04547,0.00407,0.02553,0.00345,0.42178,0.00990,0.37258,0.04156,0.00186,0.00215,0.00439
0.00712,0.34597,0.03806,0.02270,0.36351,0.01194,0.00675,0.08430,0.01175,0.00823,0.00213,0.00567,0.00186,0.09002
0.21894,0.04124,0.05228,0.03331,0.02609,0.02445,0.20214,0.15361,0.01055,0.01133,0.00963,0.01697,0.00151,0.19794
0.33305,0.01839,0.02445,0.01293,0.00969,0.01782,0.30875,0.12576,0.02693,0.09344,0.00172,0.01762,0.00415,0.00533
0.02718,0.41973,0.03703,0.00264,0.00500,0.01104,0.01467,0.04405,0.00632,0.07686,0.00147,0.33054,0.00175,0.02171
0.00730,0.01757,0.04047,0.01407,0.00318,0.00235,0.00113,0.46317,0.00161,0.41916,0.00037,0.00175,0.00050,0.02739
0.43959,0.03250,0.03575,0.01058,0.00373,0.00636,0.41391,0.00967,0.00717,0.00273,0.00486,0.01027,0.01494,0.00794
0.02302,0.03764,0.09192,0.01219,0.00499,0.00857,0.01831,0.42495,0.01057,0.33843,0.01840,0.00238,0.00326,0.00537
0.00077,0.48714,0.46648,0.00359,0.00621,0.01006,0.00080,0.00195,0.00904,0.00205,0.00116,0.00532,0.00349,0.00194
0.00472,0.03519,0.46281,0.00110,0.02078,0.00386,0.00247,0.00620,0.00116,0.00408,0.00175,0.43992,0.00171,0.01424
0.01482,0.01684,0.04720,0.00871,0.00623,0.00453,0.03088,0.43256,0.02178,0.37178,0.00547,0.02986,0.00356,0.00578
0.01412,0.31852,0.12288,0.00323,0.33242,0.00633,0.00603,0.00512,0.07681,0.00166,0.01694,0.00819,0.08315,0.00460
0.46123,0.01988,0.02569,0.00589,0.01263,0.00212,0.42722,0.01057,0.00311,0.00456,0.00289,0.00572,0.01067,0.00782
0.00598,0.02395,0.27373,0.06088,0.01634,0.00228,0.00911,0.14598,0.00224,0.01376,0.04164,0.00548,0.00228,0.39635
0.00953,0.01550,0.01809,0.00580,0.00449,0.00703,0.01197,0.01019,0.00351,0.00252,0.45798,0.01679,0.43473,0.00186
0.00307,0.03025,0.06102,0.00728,0.00824,0.03778,0.00164,0.36988,0.03161,0.00237,0.01347,0.00206,0.00200,0.42934
0.00806,0.05154,0.11696,0.01793,0.01037,0.00702,0.00402,0.32741,0.00478,0.00308,0.00795,0.01962,0.00086,0.42038
0.00227,0.04528,0.10364,0.44918,0.00318,0.00234,0.00059,0.00677,0.00335,0.00365,0.36918,0.00161,0.00699,0.00197
0.00230,0.04024,0.06489,0.00290,0.04155,0.00355,0.00752,0.43981,0.00565,0.36420,0.00783,0.01297,0.00356,0.00304
0.00673,0.39251,0.07992,0.00218,0.43784,0.00557,0.00498,0.01611,0.00682,0.01531,0.00654,0.02051,0.00212,0.00287
0.01886,0.36050,0.23690,0.00149,0.09245,0.04234,0.00532,0.07946,0.02966,0.01289,0.00554,0.00712,0.01595,0.09153
0.01173,0.08027,0.05983,0.00037,0.01144,0.00999,0.00370,0.39841,0.00239,0.01276,0.00224,0.00292,0.00147,0.40247
0.01960,0.03294,0.09966,0.00873,0.01882,0.03452,0.01665,0.36764,0.00677,0.17267,0.00286,0.00569,0.01049,0.20296
0.03249,0.05617,0.08887,0.32765,0.01064,0.00783,0.01598,0.01778,0.02779,0.33156,0.02493,0.02753,0.02064,0.01015
0.01696,0.03160,0.03047,0.38752,0.00632,0.00259,0.01398,0.05099,0.00701,0.42815,0.00316,0.00354,0.00325,0.01445
0.02415,0.02170,0.01976,0.00439,0.03361,0.02129,0.00408,0.44107,0.00722,0.38173,0.00844,0.00860,0.00161,0.02235
0.00926,0.46686,0.02670,0.00325,0.45570,0.00230,0.01183,0.00354,0.00343,0.00314,0.00446,0.00564,0.00226,0.00161
0.40148,0.04220,0.06482,0.00799,0.00409,0.00899,0.43477,0.01265,0.00373,0.00403,0.00141,0.00569,0.00595,0.00221
0.03585,0.41466,0.37392,0.01693,0.06581,0.00373,0.02951,0.00412,0.00223,0.00845,0.02007,0.00083,0.01654,0.00734
0.00389,0.01457,0.00928,0.04506,0.01135,0.00600,0.01652,0.40857,0.01427,0.01256,0.00244,0.00184,0.00188,0.45176
0.00807,0.46839,0.14052,0.05630,0.22995,0.02302,0.00240,0.00544,0.01854,0.03512,0.00263,0.00174,0.00161,0.00627
0.00859,0.07550,0.05397,0.00460,0.07986,0.00343,0.01476,0.31893,0.01775,0.00296,0.00256,0.01556,0.01487,0.38666
0.00629,0.01598,0.01026,0.00540,0.02337,0.02569,0.00527,0.01978,0.42627,0.00300,0.00284,0.00659,0.43615,0.01310
0.32638,0.05964,0.10034,0.01271,0.00497,0.03320,0.37131,0.01979,0.03875,0.01394,0.00377,0.00658,0.00271,0.00591
