0.01361,0.06376,0.01216,0.10522,0.31947,0.00636,0.01671,0.01019,0.01178,0.03836,0.00821,0.01329,0.06689,0.24413,0.00277,0.03504,0.00769,0.00497,0.00549,0.01388
0.00530,0.02084,0.01382,0.02699,0.13965,0.00631,0.07410,0.11035,0.03502,0.00671,0.01124,0.02269,0.16340,0.21606,0.00338,0.03783,0.01943,0.01463,0.00370,0.06854
0.00459,0.00483,0.00307,0.04685,0.01299,0.02883,0.00274,0.01708,0.01092,0.00344,0.44728,0.10838,0.17187,0.00899,0.01485,0.07501,0.03045,0.00229,0.00259,0.00295
0.00897,0.01564,0.01072,0.04029,0.01091,0.00883,0.00633,0.01376,0.01592,0.03202,0.01258,0.07471,0.26442,0.23886,0.00186,0.19015,0.03141,0.01022,0.00487,0.00753
0.00361,0.00346,0.00803,0.12276,0.00573,0.00567,0.00707,0.03498,0.00571,0.00194,0.35456,0.28458,0.07708,0.00787,0.02067,0.01285,0.02885,0.00368,0.00857,0.00233
0.00433,0.00374,0.00340,0.03953,0.00901,0.00503,0.00336,0.03306,0.00367,0.00242,0.31050,0.36582,0.07243,0.00848,0.01305,0.09829,0.01512,0.00262,0.00400,0.00213
0.00318,0.01545,0.00422,0.00237,0.00170,0.00196,0.00611,0.00129,0.00623,0.01696,0.00400,0.14630,0.03217,0.53563,0.00223,0.20494,0.00572,0.00181,0.00098,0.00674
0.00990,0.00674,0.00617,0.00506,0.00744,0.01252,0.00526,0.00442,0.05971,0.00365,0.46649,0.19700,0.14602,0.01047,0.00756,0.02384,0.00979,0.00532,0.00638,0.00627
0.16004,0.00274,0.01044,0.01063,0.68996,0.00298,0.00349,0.00523,0.00346,0.01635,0.00924,0.01183,0.00573,0.00931,0.01144,0.02242,0.00250,0.00260,0.00153,0.01809
0.00110,0.00820,0.00300,0.17364,0.00140,0.00204,0.01307,0.00401,0.00335,0.00147,0.37851,0.15909,0.12913,0.00078,0.01339,0.01811,0.07936,0.00247,0.00534,0.00256
0.04506,0.01692,0.00490,0.00708,0.32120,0.00534,0.00418,0.02886,0.01366,0.06228,0.21699,0.11225,0.01882,0.00582,0.00784,0.09702,0.01305,0.00543,0.00373,0.00956
0.10596,0.00286,0.01649,0.00884,0.63297,0.01233,0.01100,0.00617,0.00533,0.01699,0.00460,0.01160,0.01433,0.00676,0.00276,0.12349,0.00457,0.00323,0.00329,0.00642
0.00162,0.02158,0.00714,0.01804,0.00314,0.01818,0.00692,0.01977,0.00783,0.00312,0.37727,0.28084,0.02168,0.00285,0.00851,0.02942,0.15903,0.00611,0.00255,0.00440
0.28960,0.00305,0.00363,0.01839,0.55705,0.00182,0.00250,0.00478,0.00512,0.00322,0.00539,0.00889,0.00426,0.00414,0.00217,0.07146,0.00691,0.00388,0.00080,0.00293
0.00106,0.10319,0.01147,0.00800,0.00305,0.00186,0.01816,0.00309,0.01180,0.02859,0.00429,0.08292,0.11050,0.36410,0.00255,0.20460,0.02062,0.00278,0.00110,0.01627
0.00977,0.03001,0.00784,0.01348,0.04539,0.00661,0.00831,0.01849,0.00772,0.00376,0.29709,0.19774,0.11726,0.00931,0.00880,0.13761,0.02490,0.03186,0.01086,0.01321
0.00802,0.03580,0.01556,0.02306,0.01948,0.00145,0.01620,0.02739,0.02494,0.00465,0.10570,0.10024,0.18142,0.05683,0.00152,0.11548,0.24357,0.01119,0.00134,0.00616
0.00282,0.01561,0.00755,0.12233,0.00299,0.00665,0.08773,0.00727,0.00944,0.00262,0.32353,0.25967,0.08327,0.00539,0.02389,0.01528,0.01212,0.00523,0.00310,0.00351
0.14232,0.00290,0.00423,0.00991,0.59922,0.01256,0.00372,0.00938,0.00482,0.02699,0.00494,0.01813,0.00656,0.00704,0.00980,0.07647,0.00874,0.00264,0.00176,0.04788
0.00225,0.00698,0.00352,0.02843,0.00141,0.00416,0.01196,0.00527,0.00889,0.00232,0.40342,0.11733,0.09357,0.00089,0.00303,0.13476,0.16219,0.00195,0.00319,0.00446
0.11971,0.01035,0.01108,0.00364,0.62193,0.00488,0.00724,0.00441,0.00707,0.02950,0.05671,0.01540,0.01459,0.00783,0.00709,0.02927,0.00285,0.00211,0.00247,0.04188
0.47792,0.01134,0.00281,0.00916,0.35089,0.00289,0.00991,0.00784,0.01739,0.00491,0.01119,0.01074,0.01324,0.02028,0.00355,0.02301,0.00387,0.00422,0.00259,0.01226
0.01066,0.07905,0.01256,0.02317,0.02859,0.09895,0.00822,0.01001,0.07761,0.01291,0.02726,0.04764,0.19754,0.23838,0.00150,0.06802,0.02247,0.01471,0.00214,0.01861
0.00208,0.01764,0.00751,0.04872,0.00145,0.00310,0.00746,0.00863,0.00415,0.00242,0.33851,0.26163,0.16009,0.00132,0.01096,0.04302,0.06252,0.00208,0.01363,0.00310
0.00345,0.01319,0.00485,0.06800,0.00739,0.00647,0.00503,0.02107,0.01163,0.00395,0.38543,0.12292,0.13039,0.00740,0.00831,0.11507,0.06776,0.00508,0.00429,0.00833
0.00340,0.01001,0.00337,0.01077,0.00576,0.00489,0.00582,0.00565,0.00853,0.00218,0.37066,0.28135,0.02619,0.00494,0.02625,0.14449,0.07012,0.00990,0.00102,0.00470
0.00346,0.01126,0.00971,0.01634,0.02931,0.00908,0.02040,0.08016,0.01387,0.01084,0.18195,0.26998,0.23457,0.00719,0.00098,0.01596,0.07195,0.00554,0.00168,0.00579
0.31454,0.00638,0.01273,0.00723,0.52032,0.00161,0.00645,0.01152,0.00509,0.02902,0.00870,0.00998,0.00350,0.02236,0.00696,0.00838,0.01016,0.00322,0.00351,0.00834
0.00326,0.00764,0.00354,0.01635,0.00822,0.01591,0.00326,0.03938,0.00353,0.00344,0.41758,0.24939,0.01408,0.00231,0.00686,0.11213,0.06397,0.01153,0.01068,0.00694
0.00431,0.03615,0.00922,0.10876,0.00258,0.00453,0.02603,0.01324,0.01219,0.00157,0.34975,0.05750,0.23453,0.00286,0.02919,0.07105,0.01941,0.00419,0.00677,0.00617
0.01456,0.01704,0.00867,0.07650,0.00655,0.00484,0.00579,0.00595,0.00312,0.00216,0.40397,0.10579,0.18068,0.00232,0.00368,0.08141,0.04826,0.00656,0.01678,0.00537
0.00649,0.00999,0.04338,0.03733,0.02915,0.01457,0.01530,0.01440,0.04776,0.00902,0.09564,0.20831,0.11303,0.02188,0.00213,0.14132,0.10765,0.01703,0.00783,0.05778
0.00486,0.00741,0.00774,0.01222,0.00551,0.00519,0.01611,0.00524,0.00760,0.00272,0.37939,0.26067,0.07386,0.00429,0.00535,0.17411,0.01644,0.00569,0.00293,0.00267
0.00307,0.00434,0.00344,0.16669,0.00292,0.00340,0.02263,0.00478,0.00654,0.00191,0.38639,0.25280,0.03191,0.00129,0.02003,0.04292,0.03587,0.00364,0.00176,0.00368
0.26986,0.00521,0.07486,0.00484,0.52829,0.00200,0.02203,0.00338,0.00353,0.02848,0.00673,0.00500,0.00460,0.00762,0.00512,0.00753,0.00556,0.00700,0.00353,0.00484
0.13989,0.00481,0.00386,0.00618,0.62219,0.00703,0.00486,0.00352,0.00244,0.01373,0.01323,0.01236,0.00879,0.00346,0.00423,0.06901,0.00384,0.00247,0.00184,0.07227
0.00314,0.00216,0.76419,0.00279,0.00275,0.00196,0.00230,0.00205,0.17999,0.00113,0.00363,0.01063,0.00405,0.00246,0.00270,0.00498,0.00340,0.00189,0.00205,0.00174
0.01864,0.00553,0.04013,0.00823,0.00872,0.01268,0.00861,0.01350,0.02538,0.00283,0.35444,0.20099,0.02937,0.00938,0.00292,0.00758,0.23647,0.00368,0.00753,0.00338
0.03004,0.01337,0.00900,0.01461,0.00448,0.00708,0.00861,0.01000,0.00364,0.00523,0.42274,0.02075,0.20557,0.00358,0.00531,0.05656,0.16609,0.00501,0.00313,0.00520
0.00823,0.01239,0.00991,0.01880,0.01124,0.07283,0.01000,0.06649,0.03574,0.00668,0.26656,0.19915,0.01368,0.00177,0.00176,0.11019,0.09703,0.01240,0.00531,0.03984
0.01183,0.00764,0.00759,0.07721,0.00580,0.00221,0.02135,0.18408,0.01174,0.00299,0.37038,0.14359,0.03916,0.00296,0.05751,0.02702,0.01420,0.00698,0.00130,0.00446
0.01200,0.03397,0.04739,0.09630,0.02322,0.00771,0.01126,0.09305,0.05660,0.00566,0.22093,0.24403,0.01674,0.00898,0.00216,0.03982,0.05794,0.00748,0.00573,0.00903
0.00603,0.01018,0.00716,0.03508,0.08032,0.01376,0.00632,0.01138,0.00497,0.00721,0.27954,0.22380,0.16845,0.01210,0.00210,0.10494,0.01411,0.00461,0.00527,0.00266
0.14327,0.00339,0.00437,0.00843,0.69958,0.00287,0.00643,0.00468,0.00480,0.00751,0.01334,0.01115,0.00792,0.00554,0.00651,0.01606,0.00483,0.00305,0.00209,0.04417
0.00233,0.03397,0.00689,0.00619,0.00305,0.00378,0.00635,0.00187,0.00923,0.01797,0.00538,0.03086,0.11626,0.48454,0.00146,0.24315,0.01141,0.00351,0.00504,0.00675
0.00333,0.01157,0.01282,0.18101,0.00556,0.00509,0.00650,0.02375,0.00802,0.00224,0.40003,0.16817,0.09092,0.01035,0.00251,0.03490,0.00822,0.01517,0.00510,0.00474
0.00166,0.02971,0.00394,0.00207,0.00079,0.00106,0.00322,0.00074,0.00567,0.01142,0.00319,0.19169,0.16978,0.47397,0.00224,0.08835,0.00608,0.00234,0.00055,0.00155
0.00239,0.02431,0.00621,0.00359,0.00169,0.00249,0.01258,0.00162,0.11657,0.01541,0.00471,0.11004,0.12109,0.52000,0.00250,0.03927,0.00541,0.00446,0.00210,0.00354
0.27560,0.00257,0.00503,0.00576,0.52941,0.00392,0.00674,0.01981,0.00503,0.00295,0.00586,0.01088,0.01169,0.01648,0.01848,0.01525,0.00306,0.00118,0.00274,0.05756
0.00426,0.12300,0.00824,0.01495,0.00946,0.00447,0.01675,0.01637,0.00563,0.00216,0.30391,0.18989,0.07724,0.01083,0.00131,0.09958,0.07410,0.00223,0.03235,0.00326
0.10221,0.00528,0.00758,0.00771,0.50347,0.00655,0.01198,0.04009,0.00962,0.04367,0.00997,0.00696,0.01620,0.09771,0.00645,0.10054,0.00546,0.00377,0.00585,0.00894
0.00291,0.12168,0.01469,0.06678,0.00377,0.01647,0.00893,0.02852,0.01260,0.03393,0.03152,0.18221,0.14058,0.16727,0.00279,0.07609,0.05468,0.00632,0.00470,0.02356
0.00483,0.00546,0.53616,0.00790,0.00579,0.00286,0.00482,0.00372,0.28712,0.00199,0.02255,0.03046,0.02748,0.01952,0.00677,0.01559,0.00829,0.00294,0.00164,0.00414
0.00968,0.03123,0.00737,0.07304,0.00710,0.00803,0.00862,0.02999,0.00591,0.00384,0.35375,0.06056,0.13997,0.00602,0.00316,0.03070,0.20082,0.01002,0.00570,0.00450
0.02385,0.00992,0.00479,0.12028,0.03413,0.02575,0.00674,0.02137,0.02171,0.00328,0.29384,0.26811,0.02683,0.00484,0.00325,0.04123,0.03616,0.01576,0.01071,0.02744
0.01098,0.03111,0.00347,0.02289,0.06648,0.00657,0.00331,0.01860,0.00425,0.00211,0.34217,0.32243,0.05322,0.01120,0.01378,0.05688,0.01472,0.00624,0.00496,0.00463
0.00346,0.01213,0.00534,0.03361,0.00436,0.01758,0.00782,0.03395,0.00772,0.00240,0.37178,0.25313,0.06811,0.00168,0.03150,0.01676,0.10041,0.00830,0.01106,0.00887
0.01238,0.13042,0.00746,0.00756,0.01169,0.00762,0.23273,0.01175,0.00498,0.00566,0.17279,0.15111,0.03929,0.01492,0.00599,0.04023,0.04380,0.01058,0.00679,0.08226
0.14267,0.00649,0.03059,0.00962,0.47948,0.00286,0.02178,0.00569,0.00616,0.00432,0.01199,0.01784,0.02453,0.00950,0.01412,0.02733,0.00406,0.00539,0.00283,0.17276
0.00608,0.00323,0.49854,0.00352,0.00571,0.00358,0.00244,0.00424,0.43476,0.00158,0.00938,0.00545,0.00315,0.00218,0.00248,0.00438,0.00180,0.00237,0.00269,0.00244
0.00807,0.01264,0.01086,0.02976,0.14109,0.00614,0.01311,0.01131,0.01548,0.01344,0.19449,0.07171,0.08955,0.01084,0.00434,0.07330,0.11714,0.13177,0.00299,0.04198
0.00378,0.06623,0.00801,0.03727,0.01882,0.01097,0.04163,0.05107,0.08555,0.01102,0.02359,0.02154,0.19153,0.36810,0.00265,0.02306,0.01513,0.00453,0.00973,0.00580
0.00643,0.03133,0.00930,0.01206,0.04287,0.00839,0.06343,0.00809,0.01169,0.08251,0.00385,0.06826,0.10077,0.47989,0.00309,0.03774,0.00998,0.00954,0.00304,0.00774
0.01313,0.01597,0.00440,0.11317,0.08970,0.01282,0.00826,0.09461,0.03807,0.01537,0.19140,0.15340,0.02390,0.01016,0.00449,0.07635,0.04636,0.02605,0.00231,0.06007
0.00718,0.00388,0.71858,0.00438,0.00770,0.00880,0.00283,0.00252,0.19828,0.00157,0.00664,0.00573,0.00487,0.00427,0.00187,0.01107,0.00421,0.00205,0.00192,0.00164
0.00144,0.00973,0.01623,0.00342,0.00150,0.00330,0.00671,0.00158,0.00542,0.05271,0.00380,0.19845,0.11029,0.49197,0.00237,0.07683,0.00239,0.00406,0.00183,0.00597
0.00700,0.05211,0.00946,0.06808,0.01976,0.01694,0.01015,0.00810,0.02433,0.00850,0.02390,0.13564,0.04426,0.35914,0.00185,0.12051,0.04819,0.00488,0.01060,0.02661
0.00606,0.01162,0.00690,0.04378,0.01762,0.00333,0.01720,0.05184,0.16239,0.00378,0.10536,0.17240,0.05451,0.12767,0.00336,0.12169,0.05797,0.00529,0.00248,0.02475
0.00592,0.00819,0.01125,0.01207,0.48811,0.00530,0.02596,0.00797,0.00504,0.00462,0.00458,0.01531,0.00782,0.23641,0.00365,0.14551,0.00262,0.00270,0.00490,0.00208
0.00494,0.01527,0.01558,0.01420,0.01253,0.00503,0.00770,0.01417,0.02864,0.04791,0.00842,0.02704,0.17930,0.33608,0.00241,0.18886,0.07883,0.00400,0.00481,0.00426
0.00599,0.03565,0.01139,0.06820,0.01208,0.00870,0.00621,0.02723,0.01357,0.00205,0.36034,0.24818,0.02220,0.00913,0.00513,0.11203,0.01485,0.00727,0.00337,0.02643
0.00341,0.00943,0.00636,0.01497,0.00448,0.62732,0.00558,0.00296,0.00461,0.22596,0.01075,0.03640,0.01424,0.00333,0.00778,0.00331,0.00948,0.00237,0.00175,0.00552
0.04384,0.00606,0.00744,0.01679,0.30363,0.00507,0.00896,0.06064,0.01837,0.00585,0.13127,0.02523,0.15493,0.01368,0.02461,0.14313,0.00509,0.01401,0.00480,0.00657
0.01966,0.02509,0.00757,0.09098,0.06262,0.00419,0.00967,0.05632,0.00966,0.00319,0.20737,0.22474,0.08399,0.00915,0.00472,0.11545,0.04714,0.00223,0.00922,0.00704
0.02859,0.05858,0.01132,0.04989,0.03558,0.00780,0.01147,0.01299,0.01461,0.00582,0.22444,0.10543,0.08303,0.03122,0.00161,0.22838,0.06984,0.00467,0.00388,0.01084
0.00713,0.02535,0.00435,0.19328,0.00550,0.01068,0.00587,0.01868,0.00638,0.00450,0.31838,0.08076,0.10093,0.00569,0.00845,0.09695,0.08928,0.00434,0.00870,0.00481
0.00651,0.01722,0.00560,0.08319,0.01417,0.01172,0.00519,0.00830,0.00428,0.00607,0.34900,0.12246,0.12749,0.08903,0.00270,0.01418,0.12174,0.00316,0.00441,0.00358
0.00559,0.00673,0.01616,0.10854,0.01059,0.01843,0.01247,0.03291,0.01702,0.00443,0.29940,0.28384,0.03627,0.01290,0.00245,0.04611,0.03557,0.02695,0.00491,0.01871
0.00893,0.33016,0.00462,0.00302,0.00530,0.00550,0.30274,0.01094,0.00552,0.00487,0.01409,0.20011,0.03554,0.00562,0.00396,0.03486,0.00521,0.00598,0.00399,0.00904
0.00445,0.01413,0.01141,0.02027,0.00526,0.00537,0.02297,0.17466,0.00539,0.00285,0.45377,0.03673,0.03254,0.00538,0.00929,0.13210,0.04530,0.00756,0.00843,0.00213
0.01000,0.00445,0.51961,0.01703,0.01493,0.00577,0.00358,0.00666,0.14616,0.00326,0.06311,0.13544,0.02176,0.00782,0.00681,0.00972,0.00954,0.00361,0.00337,0.00738
0.01289,0.03597,0.00466,0.05976,0.01025,0.00893,0.05468,0.00949,0.00320,0.00593,0.24120,0.11640,0.12614,0.00642,0.00157,0.15393,0.13444,0.00685,0.00259,0.00469
0.01216,0.01083,0.00217,0.07364,0.01625,0.00636,0.00719,0.01650,0.00379,0.00674,0.43815,0.04518,0.04208,0.00653,0.00532,0.20127,0.08350,0.00516,0.00794,0.00923
0.00774,0.02178,0.03183,0.06208,0.04683,0.00802,0.02898,0.15114,0.15641,0.00370,0.07134,0.08083,0.08672,0.04877,0.00283,0.11929,0.04738,0.01188,0.00424,0.00820
0.00601,0.02714,0.00528,0.00853,0.00645,0.00700,0.00806,0.12825,0.04126,0.01501,0.01519,0.17113,0.35104,0.11231,0.00215,0.01902,0.06098,0.00072,0.01017,0.00429
0.01266,0.03255,0.00720,0.04117,0.02192,0.01028,0.00922,0.03929,0.02781,0.01002,0.01939,0.21483,0.17940,0.08628,0.00221,0.19797,0.03391,0.00745,0.00381,0.04263
0.25367,0.00187,0.00867,0.00878,0.59511,0.00622,0.00283,0.00688,0.00307,0.00790,0.00472,0.00655,0.00555,0.01277,0.01501,0.03791,0.00118,0.00195,0.00261,0.01677
0.00234,0.00456,0.00394,0.03591,0.00352,0.00346,0.00408,0.00743,0.00411,0.00220,0.37702,0.26568,0.02031,0.00152,0.01710,0.19076,0.04603,0.00371,0.00508,0.00126
0.00183,0.10148,0.00650,0.00216,0.00359,0.00275,0.03270,0.00146,0.05547,0.01147,0.00336,0.09722,0.03148,0.46168,0.00154,0.16090,0.01247,0.00310,0.00200,0.00686
0.00231,0.02335,0.00404,0.05085,0.00819,0.00978,0.00905,0.04774,0.00983,0.00371,0.35917,0.28438,0.06072,0.00558,0.01423,0.05280,0.04350,0.00409,0.00214,0.00454
0.00178,0.06359,0.01244,0.00560,0.00259,0.00345,0.00889,0.00132,0.01055,0.01962,0.00447,0.18497,0.12080,0.46692,0.00183,0.05312,0.02341,0.00591,0.00196,0.00677
0.00696,0.06208,0.03119,0.01353,0.01701,0.01643,0.01865,0.02477,0.04176,0.01363,0.03138,0.06881,0.17764,0.17434,0.00219,0.23819,0.03581,0.00708,0.00980,0.00875
0.00729,0.01862,0.00481,0.01451,0.01125,0.00596,0.00312,0.01233,0.00423,0.00168,0.38393,0.25181,0.03186,0.00297,0.03703,0.14012,0.03555,0.01271,0.00574,0.01451
0.00665,0.01125,0.00489,0.05589,0.00274,0.00497,0.01035,0.00925,0.00717,0.00208,0.40253,0.14413,0.06813,0.00225,0.02175,0.08567,0.14304,0.00529,0.00530,0.00667
0.15621,0.00266,0.00707,0.00656,0.62036,0.00322,0.00292,0.00316,0.00539,0.09998,0.00558,0.01254,0.01005,0.01197,0.00630,0.03266,0.00471,0.00233,0.00190,0.00443
0.23645,0.00547,0.00717,0.00973,0.30908,0.00304,0.00835,0.00644,0.00355,0.01255,0.01236,0.01668,0.01373,0.01757,0.00605,0.01895,0.00343,0.00329,0.00274,0.30337
0.00150,0.03863,0.00349,0.00259,0.00383,0.00115,0.00604,0.00096,0.02638,0.02854,0.00353,0.04931,0.07180,0.54982,0.00175,0.15740,0.00836,0.00218,0.00078,0.04194
0.00384,0.00400,0.00282,0.01188,0.00310,0.43789,0.00474,0.00232,0.00393,0.42416,0.02145,0.01808,0.02694,0.00316,0.00378,0.00589,0.01045,0.00365,0.00299,0.00493
0.00363,0.11814,0.01306,0.00788,0.00776,0.00203,0.01430,0.00396,0.00509,0.05379,0.00578,0.06106,0.03330,0.52394,0.00209,0.10868,0.02147,0.00496,0.00271,0.00637
0.00087,0.00084,0.00132,0.00137,0.00123,0.41389,0.00124,0.00122,0.00084,0.56150,0.00254,0.00248,0.00277,0.00159,0.00191,0.00150,0.00085,0.00053,0.00067,0.00084
